7.572189e-16 0.9711631 0.94300395 0.47815782 0.9815003 0.9713991 0.9940624 0.9829408 0.9517825 0.9740584 0.96540755 0.98796034 0.9038777 0.0791604 0.9932728 0.9898695 0.97515744 0.795103 0.9911838 0.9467459 0.56037766 0.94492805 0.95489264 0.9644471 0.9753643 0.9850946 0.9279089 0.7869477 0.89471865 0.93264496 0.9383987 0.9972667 0.70248556 0.9677142 0.9973755 0.6767957 0.99734366 0.98136467 0.59309375 0.43069312 0.97474337 0.94344896 0.97746086 0.7965012 0.98380244 0.97568965 0.7181928 0.6591544 0.999817 0.999343 0.8834881 0.27595177 0.97500503 0.9999853 0.9893293 0.62165225 0.8624879 0.67797816 0.7329275 0.012591666 0.17236213 0.021995028 0.99969584 0.6132034 0.099270605 0.03869512 0.04683062 0.99074805 0.98797786 0.92446035 0.9083912 0.02214385 0.9246682 0.99786484 0.028454186 0.99992645 0.95492893 0.53633213 0.04285656 0.8968645 0.042099513 0.18769689 0.09639075 0.99268854 0.47508532 0.14027655 0.5376456 0.009416356 0.99877936 0.9994122 0.0014407904 0.009160139 0.31977558 0.99789953 0.954609 0.9909319 0.058351796 0.12406114 0.97395545 0.7861895 0.18928508
0.9711631 1.5397875e-15 0.6846047 0.8690307 0.95529026 0.60394263 0.58928686 0.28663778 0.07024193 0.009529985 0.035164744 0.09531271 0.0052085095 0.8085879 0.5262396 0.017881693 0.0015048226 0.009270108 0.3937589 0.02959133 0.008314927 0.19451906 0.38966346 0.00024349234 0.011613295 0.05057815 0.0015005936 0.5947885 0.0043447586 0.010895137 0.00015815695 0.21251714 7.6249504e-05 0.00026719103 0.0035513411 0.0005488198 0.10955624 0.009572367 0.00052178936 0.00010672988 0.008547435 0.0041980986 0.020382036 0.08651314 0.0480629 5.6908004e-05 0.0007855926 0.06792556 0.09357825 0.053427678 0.001535794 0.01493669 1.1907312e-05 0.14510056 1.3547898e-07 0.41785693 9.248941e-06 2.6151454e-06 9.744952e-06 0.0001328261 0.11962912 0.002281792 0.040751982 0.38556996 1.0223429e-05 0.008268435 0.0007356963 0.0034057437 0.009458107 3.3843626e-06 1.6301003e-06 0.04482863 0.00015805564 0.0060745887 2.596095e-07 0.024148801 0.00019649004 4.3454605e-07 0.056512572 1.3132088e-05 6.9810776e-05 6.084899e-07 3.2681544e-07 0.00086191075 0.00032646267 1.7477702e-06 0.00022120221 4.6295054e-07 0.0033468914 0.0032799928 1.6202654e-07 5.781719e-05 1.547381e-05 0.00078053423 0.00017117927 8.0769736e-05 0.04666306 0.016999966 1.2710709e-07 1.774047e-07 1.7056493e-06
0.94300395 0.6846047 5.5113157e-13 0.948585 0.3202827 0.98055565 0.12813656 0.48726726 0.00501101 0.028555533 0.0028120305 0.012859696 0.05391882 0.037573375 0.5395241 0.046609532 0.0062125167 0.13266054 0.666756 0.088454746 0.09000867 0.003662843 0.34177914 0.0017504059 0.0013974976 0.03128712 0.0001611083 0.0444775 7.421226e-05 0.0010133751 0.00011884707 0.12700476 0.00045403678 0.0008989363 0.03045878 0.00062458613 0.098193094 0.0045254882 0.002969391 0.0004952011 0.0028502508 0.023249537 0.06355002 0.0018843411 0.10999549 0.00037885935 7.525983e-05 0.00065729517 0.08829643 0.037807245 0.00060129253 0.00016402772 4.7770877e-06 0.15717609 4.064988e-07 0.03911084 2.8390235e-05 2.2734834e-05 2.5594502e-06 7.661476e-07 0.022418382 4.302698e-05 0.049943693 0.062773556 2.7932217e-06 0.0059560183 7.837641e-06 0.013106572 0.017127506 8.2346196e-07 2.4728254e-07 0.0006966679 7.0386435e-05 0.014741043 5.611248e-08 0.032025427 5.0484912e-05 4.2723087e-07 0.028661046 0.00031039634 9.636e-07 4.0407594e-06 2.2276886e-07 0.0020867724 0.0006005037 9.172538e-06 0.000243135 1.782931e-07 0.0069039753 0.0037080098 5.2474952e-08 2.189199e-06 0.00014756167 0.0006794068 0.0009144898 1.2558566e-05 0.0009772095 0.0026641204 1.37957e-07 1.2285765e-06 8.576965e-06
0.47815782 0.8690307 0.948585 1.1204543e-17 0.32648385 0.8724712 0.018090097 0.9591886 0.0013392564 0.60642326 0.0013582188 0.0029462054 0.56029105 0.00028710967 0.16057178 0.24241123 0.36519784 0.39990848 0.39382595 0.01903717 4.2615175e-05 3.6131143e-05 0.00336507 0.15269792 0.0017221094 0.0140783 0.00059696037 0.002251963 1.6009642e-07 0.004578556 0.00010596579 0.021685733 0.0135580795 0.003330259 0.013339972 9.666949e-06 0.016795605 0.0018457273 4.1830437e-05 5.980196e-05 0.0020223232 0.029159505 0.07128165 5.8778323e-07 0.11459678 0.018541269 6.6437494e-08 4.4604178e-07 0.01038345 0.007980933 7.2454604e-06 1.7046816e-08 3.2713895e-06 0.027239576 6.927147e-05 0.00015624329 4.152827e-05 7.059065e-05 7.382923e-07 1.5906096e-07 6.5686436e-05 7.525526e-08 0.029766565 1.6320913e-06 3.1004618e-07 7.071713e-05 1.3668349e-08 0.007916209 0.009520278 0.00082276535 0.0015616894 1.4015096e-06 0.00045566342 0.0048485696 9.489779e-08 0.003904695 0.0006537531 3.9180296e-08 1.967078e-05 4.087802e-06 2.0263297e-08 7.320353e-06 3.4807886e-08 0.00029314903 3.8808903e-06 1.0963165e-06 1.2176191e-06 6.0922964e-09 0.0020276667 0.0009482864 1.8062425e-09 7.514797e-08 1.0323785e-05 0.0001150297 1.3114785e-06 0.00013599102 3.4547124e-06 2.849074e-06 1.6024827e-05 1.8555976e-06 3.2940225e-05
0.9815003 0.95529026 0.3202827 0.32648385 1.808865e-14 0.2726672 0.81214535 0.045710135 0.23697957 0.0017361763 0.1170489 0.36083934 0.0010031783 0.8899518 0.1318731 0.0021070277 0.0002194201 0.0035605263 0.29707584 0.0046033985 0.032836623 0.36006418 0.17933705 8.9360976e-05 0.06497159 0.14466242 0.022438666 0.6448172 0.07426462 0.06051704 0.0023145818 0.43994635 3.4623896e-05 9.455166e-05 0.0020926693 0.003373764 0.22723328 0.023711516 0.00016247103 8.209998e-05 0.020715466 0.00028765644 0.0025618766 0.18408959 0.017385468 2.4531095e-05 0.01822958 0.13539428 0.11866983 0.09030971 0.017363569 0.121222064 0.0005275447 0.08034873 7.525526e-08 0.46364096 1.8017765e-05 4.378371e-06 0.00086313725 0.0034558661 0.052248176 0.02191193 0.0128313415 0.28972468 0.00019033665 0.0013910129 0.005224511 0.00095617195 0.0031751378 2.754723e-06 6.7464845e-07 0.07592177 5.565084e-05 0.0012334856 4.1320593e-05 0.034760114 5.1843253e-05 7.3424155e-05 0.012055245 0.00030553076 0.0028519817 3.1770247e-07 1.184215e-05 0.0022969178 0.0026914838 5.0035794e-07 0.00024086729 1.6055223e-05 0.00405768 0.00092477683 1.6236623e-05 0.0021195565 4.333515e-06 0.0018681674 0.00045215795 1.6743805e-05 0.050422907 0.00702067 8.882742e-08 3.1918782e-07 2.1200099e-06
0.9713991 0.60394263 0.98055565 0.8724712 0.2726672 5.303763e-12 0.08635667 0.5998738 0.0017721839 0.07313395 0.0006662309 0.0069698156 0.08507477 0.013750879 0.3031457 0.039367907 0.013469264 0.3531581 0.66300756 0.07469994 0.15817556 0.00085469446 0.25006452 0.0051666433 0.0008133614 0.04526398 8.593221e-05 0.020027392 4.4996003e-05 0.00033803855 2.9330322e-05 0.16034444 0.0032297743 0.0014542552 0.1554978 0.0005403191 0.12955528 0.004210996 0.002457493 0.0009416819 0.0018801164 0.0334833 0.091878645 0.0008985269 0.1971866 0.0004917513 9.9267585e-05 0.0002129213 0.11440511 0.050060976 0.0005952254 0.000121209494 1.510744e-06 0.25803307 1.3138058e-06 0.0097897155 0.00015395966 0.00029264568 7.628321e-06 3.03617e-07 0.008213828 8.917213e-06 0.07680433 0.014205744 3.642817e-07 0.0035639117 7.260775e-06 0.018843016 0.028418045 3.959567e-06 1.6262e-06 0.00016891237 0.00019107523 0.021670429 3.8952287e-08 0.05109422 8.035937e-05 8.3748074e-07 0.011364097 3.333525e-05 2.1921478e-07 3.431326e-05 1.0641533e-06 0.0008987956 0.0007897613 5.8461465e-05 0.00024748652 6.2328775e-07 0.015007146 0.00550367 7.9721457e-07 4.1077637e-06 0.0004810808 0.0007542635 0.0033715512 4.6389985e-05 0.0004470042 0.0008326997 1.3548047e-06 3.0600286e-06 1.5307296e-05
0.9940624 0.58928686 0.12813656 0.018090097 0.81214535 0.08635667 1.0825589e-13 0.0010567233 0.7372354 0.00010543636 0.47810206 0.78832394 0.00014478268 0.84374803 0.0547626 7.6115386e-05 2.8029297e-06 0.000877862 0.10690754 0.0002789575 0.024005651 0.780513 0.21927737 5.9767726e-06 0.21606581 0.19839115 0.11858236 0.77796334 0.42589974 0.20231627 0.026694514 0.45186654 4.566431e-06 1.1492613e-05 0.0003806428 0.0054261084 0.17581531 0.0422803 2.2592183e-05 1.3946239e-05 0.031040665 4.5833654e-05 0.00019341 0.6325649 0.0007438494 6.592875e-07 0.15064995 0.56378037 0.065753005 0.07543306 0.06265037 0.3543492 0.0038235385 0.025200818 7.213617e-09 0.7326988 2.7897584e-06 9.547161e-07 0.00275367 0.027981427 0.030237889 0.13452153 0.0019455892 0.4063987 0.0029527145 0.00036062376 0.034219638 0.00015670483 0.00058064907 1.06414554e-07 6.584558e-08 0.22725646 4.7996923e-06 0.000239453 0.0030779394 0.026968984 4.0304335e-06 0.0004750622 0.011855864 0.000110049936 0.06010582 1.883747e-07 0.0002411946 0.0024056518 0.0028843398 7.292947e-08 0.0003797418 0.0001259435 0.003818783 0.00010876699 0.00028454274 0.034412436 2.611833e-06 0.0008142174 0.00074400834 6.3885216e-07 0.13705619 0.012179774 1.532927e-08 1.7094426e-07 1.9386786e-07
0.9829408 0.28663778 0.48726726 0.9591886 0.045710135 0.5998738 0.0010567233 1.1392745e-12 4.065465e-05 0.9573539 7.545505e-06 7.9937374e-05 0.82510495 0.0077552446 0.56354344 0.57861626 0.39189324 0.4700183 0.5778288 0.40185708 0.004920152 4.7047415e-05 0.13886711 0.30718827 7.87552e-05 0.004480334 1.1539048e-05 0.0018426777 1.480035e-06 2.8135448e-05 6.818209e-07 0.06285557 0.13535944 0.08000381 0.085336216 0.000116139716 0.04186251 0.00027092698 0.09000536 0.032316025 8.7133245e-05 0.5252787 0.5864508 6.301359e-05 0.6021219 0.1493953 6.374406e-06 7.0196684e-06 0.09972604 0.012275922 4.369878e-06 1.0397474e-05 8.083774e-08 0.3400315 0.00021074979 0.0024335564 0.010880657 0.0068684793 4.9583264e-08 1.9095099e-08 0.01031368 1.2576483e-07 0.23981334 0.0092871785 4.92369e-09 0.009949022 9.4498023e-07 0.24998917 0.14542726 0.00025086442 9.678633e-05 1.8093623e-06 0.0025517135 0.15135038 2.8052467e-09 0.013769657 0.001170173 3.137519e-08 0.008989234 2.2139848e-06 8.184337e-08 0.00067456136 5.7737093e-08 8.4080595e-05 2.431358e-05 0.0033093807 0.049404204 1.15891595e-07 0.007483267 0.040942926 1.681118e-07 7.502699e-07 0.008161579 4.53266e-05 0.0007207133 0.0007825191 0.0008172214 0.0001600985 7.7609744e-05 8.6399035e-05 0.00010940564
0.9517825 0.07024193 0.00501101 0.0013392564 0.23697957 0.0017721839 0.7372354 4.065465e-05 1.6387327e-15 2.19826e-06 0.9095442 0.80215144 1.1690981e-06 0.90233296 0.00014204638 7.0723866e-07 6.793445e-08 2.941402e-05 0.0074013695 1.9027439e-06 0.00486296 0.7720427 0.0020403606 1.7155932e-07 0.28492737 0.059115767 0.28848976 0.57909214 0.7245748 0.190285 0.2114856 0.16792525 3.3234593e-07 1.767102e-07 6.9489484e-05 0.010711545 0.048668355 0.05745687 1.3465787e-08 1.28437785e-08 0.035036035 1.5067188e-07 1.3727383e-06 0.35751528 1.3911475e-05 4.6377487e-08 0.28012305 0.33244902 0.028903428 0.040972378 0.14485493 0.51253617 0.014611624 0.0068120295 3.223255e-10 0.33040679 3.7681982e-08 3.1934324e-08 0.01747203 0.08165046 0.0037052808 0.1635731 0.00011626916 0.07207215 0.027094277 2.6737277e-06 0.052118063 9.756357e-07 4.3857282e-05 2.6740768e-08 1.0615622e-08 0.08224275 1.9991339e-07 6.2739705e-06 0.011830309 0.023978831 2.2332279e-07 0.00093622005 0.0001530059 0.00088948576 0.051708978 8.337783e-09 0.00027419435 0.0057483544 0.0036205426 1.5933013e-09 3.0374707e-07 0.0005819568 0.0027564536 2.4923024e-06 0.0013288623 0.029918615 6.5372305e-08 0.0019321394 7.932649e-05 4.2236522e-08 0.061331354 7.82353e-05 1.5031766e-09 1.1189942e-08 2.5499858e-09
0.9740584 0.009529985 0.028555533 0.60642326 0.0017361763 0.07313395 0.00010543636 0.9573539 2.19826e-06 1.2004659e-13 2.193478e-07 3.7575367e-06 0.96528286 0.00085438613 0.038130403 0.19069806 0.5262689 0.40295136 0.16926071 0.055758808 0.0030330694 1.1550735e-06 0.012892168 0.4280149 8.817005e-06 0.0005466916 3.7023663e-06 6.590078e-05 4.7031313e-07 2.4735887e-06 1.0658845e-07 0.009754437 0.6635194 0.08957859 0.043894403 1.6349648e-05 0.00579415 4.8509857e-05 0.0213894 0.010273491 3.6660877e-05 0.5025835 0.4268433 3.3308127e-06 0.44271532 0.36376727 1.5233771e-06 4.0139798e-07 0.022418061 0.0028768496 5.688304e-07 1.9581994e-06 2.6209353e-08 0.21291798 0.0013105129 5.933607e-05 0.026748423 0.023095516 2.5916853e-08 2.7797089e-08 0.0009539686 4.0026894e-08 0.17189169 0.0007141717 3.7067856e-08 0.0014378219 6.391081e-07 0.26261973 0.09994563 0.00059045 0.0002024466 4.4773668e-07 0.008725133 0.12778993 6.9188206e-09 0.007665949 0.0043676845 1.3674895e-08 0.0015509845 5.445986e-07 3.2354972e-08 0.0030533618 1.3980561e-08 4.6963458e-05 6.44941e-06 0.009928823 0.0068060877 2.707038e-08 0.0038199853 0.043541975 4.7690037e-08 1.7896534e-07 0.0063088546 4.4444732e-05 0.00042198342 0.001872516 0.00012175935 1.3749507e-05 0.0005269835 8.492531e-05 0.0007841801
0.96540755 0.035164744 0.0028120305 0.0013582188 0.1170489 0.0006662309 0.47810206 7.545505e-06 0.9095442 2.193478e-07 8.2469833e-16 0.9366719 4.3194864e-06 0.5969091 3.0836596e-05 1.0047436e-07 4.7731344e-08 6.815687e-05 0.0022048801 4.9998727e-07 0.019621938 0.71795875 0.0017416613 5.7996356e-08 0.5166922 0.050359074 0.49516895 0.3360611 0.71435285 0.3396997 0.5534378 0.073469676 2.133873e-07 4.0806235e-08 9.552482e-05 0.07390968 0.026023747 0.041972954 7.2923454e-09 1.2022258e-09 0.028284153 2.0545284e-07 1.0580279e-06 0.27158272 7.4462973e-06 1.1491631e-08 0.3587261 0.39803633 0.010934245 0.019070487 0.3975292 0.42242068 0.072574526 0.0009633566 5.778052e-11 0.2959702 1.31520705e-08 3.254294e-08 0.043341573 0.07799861 0.0006409839 0.08192534 4.07026e-05 0.04570896 0.06443468 5.6790134e-07 0.024318738 3.5612084e-07 1.0491273e-05 2.2611755e-09 1.6612074e-09 0.033441845 1.70242e-08 7.408716e-07 0.024377966 0.020870807 6.1535737e-09 0.0009237742 0.00012787023 0.00074631895 0.06469583 2.452991e-08 0.0011684551 0.0048249094 0.007909345 2.3142546e-09 7.555265e-07 0.0016060729 0.002478304 1.5643627e-07 0.0010397487 0.020209428 3.5169174e-07 0.0017783261 0.00037950196 6.6576487e-09 0.011469435 0.0001150126 2.9909278e-10 4.9709086e-09 1.6327693e-09
0.98796034 0.09531271 0.012859696 0.0029462054 0.36083934 0.0069698156 0.78832394 7.9937374e-05 0.80215144 3.7575367e-06 0.9366719 3.388678e-15 1.4599108e-05 0.17437951 0.0004328088 9.3790004e-07 2.2192174e-07 0.0012622606 0.025842663 5.798662e-06 0.15222901 0.48112276 0.011205205 1.4550862e-07 0.63534176 0.19413969 0.47798485 0.24889305 0.38669154 0.52240616 0.51025367 0.22968996 2.1121134e-06 1.5050328e-07 0.0013243728 0.14637893 0.10174865 0.1678818 6.982925e-08 4.5986127e-08 0.14460075 1.7614344e-06 6.7375577e-06 0.18864019 0.00019197259 7.409066e-08 0.13565585 0.23523763 0.07309496 0.08236679 0.19742875 0.17608514 0.053177103 0.01855827 2.9305952e-10 0.23879424 2.154415e-07 2.7647557e-08 0.016375007 0.021163287 0.0010169252 0.033994146 0.00080545584 0.030973721 0.015606131 3.5951805e-06 0.013903168 5.8731057e-06 0.0002028385 5.8522143e-09 1.5654252e-09 0.022975646 2.7981343e-07 7.415474e-05 0.01662984 0.080178395 3.508291e-07 0.0018409318 0.000171748 0.0003047442 0.029410046 1.02640094e-07 0.0016587097 0.009662014 0.004209109 1.1632903e-08 1.787835e-05 0.0021841975 0.010435892 5.7302783e-05 0.000830788 0.009592627 7.3319576e-08 0.004602538 0.0016406513 5.5610616e-07 0.0048931893 9.026125e-05 1.069949e-09 3.7471555e-08 1.3846097e-08
0.9038777 0.0052085095 0.05391882 0.56029105 0.0010031783 0.08507477 0.00014478268 0.82510495 1.1690981e-06 0.96528286 4.3194864e-06 1.4599108e-05 6.690082e-17 4.67122e-05 0.0028984067 0.04598914 0.8851766 0.66342425 0.082799934 0.00058080244 0.0001448469 1.1650556e-08 1.5492164e-05 0.5655523 1.9123117e-05 0.0021604479 1.751214e-06 1.6294096e-05 4.1081885e-09 1.0417933e-05 3.8064186e-08 0.0028042078 0.8820878 0.011022761 0.017829502 9.411082e-06 0.0033062447 0.00015270487 4.316548e-05 8.2649814e-05 7.939453e-05 0.6028646 0.40684208 7.924637e-08 0.35120654 0.530578 4.2465187e-09 4.471851e-08 0.00805045 0.0026790854 1.4868463e-07 9.653839e-10 2.2043594e-09 0.05880651 0.00094849255 1.472536e-05 0.0005743629 0.0033891366 2.298826e-09 1.1226777e-08 1.4865705e-06 4.6283084e-09 0.12318911 5.9767096e-08 1.3635886e-07 2.0360725e-05 3.0551541e-09 0.2450717 0.09699156 0.009505301 0.011464067 1.7764663e-07 0.0064132633 0.08335539 7.0786275e-09 0.003415459 0.009688367 3.2382244e-09 1.978604e-05 5.799024e-09 1.9284168e-09 0.00042136674 1.897466e-09 1.3278918e-05 8.470106e-08 6.45236e-05 1.2298696e-06 4.11065e-09 0.00073131936 0.020297399 1.5891493e-09 2.9677516e-08 7.346282e-05 2.2583676e-05 1.7447826e-06 0.0057229605 3.5331547e-07 5.92136e-06 0.0003280919 5.2419737e-06 0.011095829
0.0791604 0.8085879 0.037573375 0.00028710967 0.8899518 0.013750879 0.84374803 0.0077552446 0.90233296 0.00085438613 0.5969091 0.17437951 4.67122e-05 5.3705277e-17 0.025746452 0.00024551447 8.8479814e-05 6.795496e-05 0.004290336 0.00019458795 1.7891927e-05 0.9084521 0.00807595 0.00020934817 0.019657137 0.0019544144 0.020318795 0.9456094 0.24103744 0.0069921287 0.013466798 0.0032623017 3.785684e-07 2.1123792e-06 1.7605629e-06 2.452543e-05 0.00083745614 0.00052654644 1.6656558e-07 2.0808626e-07 0.00035686608 3.5334426e-06 2.1508822e-05 0.0025912644 2.5669266e-05 2.0286366e-06 0.0016768157 0.0042984444 0.00044706365 0.0005783925 0.0006874151 0.008150231 0.00017998126 9.08096e-05 1.5291775e-08 0.021639593 7.5166076e-07 9.814799e-08 2.2519907e-05 0.003586445 9.2540366e-05 0.00068298046 2.672653e-05 0.00011161189 5.765481e-05 3.5420662e-06 7.120397e-05 9.312694e-06 4.347106e-05 8.1060415e-07 4.714911e-07 0.0001707907 9.796859e-07 2.4036267e-06 1.683751e-05 0.00061065465 7.6970673e-07 5.311762e-06 8.691725e-06 4.532738e-05 1.746145e-05 2.0867958e-08 4.459178e-06 8.76717e-05 0.00012565964 1.6636847e-08 1.1586701e-06 3.861792e-06 1.8650102e-05 8.250802e-06 9.1994895e-07 9.011593e-06 7.265418e-07 3.101846e-05 1.2994186e-06 3.8347875e-06 0.00043009827 1.584948e-05 4.1910237e-08 3.3596525e-08 3.9286856e-08
0.9932728 0.5262396 0.5395241 0.16057178 0.1318731 0.3031457 0.0547626 0.56354344 0.00014204638 0.038130403 3.0836596e-05 0.0004328088 0.0028984067 0.025746452 1.1897705e-13 0.73109096 0.023056686 3.5645793e-05 0.2140988 0.7368634 1.2024657e-05 0.00011887099 0.9698455 0.032380994 0.00022748054 0.001518335 8.9406836e-05 0.079651505 1.0470353e-05 8.0230115e-05 3.5061994e-06 0.022646703 8.053007e-05 0.02965256 6.109572e-05 8.0856967e-07 0.0048844963 0.00015218352 0.32443202 0.06472187 4.46708e-05 0.011130853 0.058322918 0.00078644603 0.15484987 0.008745684 1.2614273e-05 9.9932586e-05 0.0064227018 0.000988034 5.9879752e-05 3.1088795e-05 8.0040536e-08 0.039887622 6.220819e-06 0.28724015 0.0014187965 0.0004004622 6.675047e-08 5.517009e-06 0.65527296 1.579287e-05 0.025723333 0.44196782 3.0522799e-07 0.8102488 1.0913547e-05 0.0034544263 0.008977677 0.00018283665 5.1409053e-05 0.0056846417 0.00078243023 0.0041871467 1.2552763e-08 0.0021941664 0.00057146075 1.3671766e-08 0.5926632 9.800065e-07 2.5127433e-06 1.5087061e-05 2.6546742e-08 1.9884747e-05 1.5106381e-05 0.00033203975 0.35829043 2.7972229e-08 0.00039540033 0.0042108833 1.2999242e-08 5.9744816e-06 0.005199065 7.318475e-06 1.1856417e-06 0.00067142455 0.021443637 0.41110554 5.790299e-05 9.550199e-06 6.671512e-05
0.9898695 0.017881693 0.046609532 0.24241123 0.0021070277 0.039367907 7.6115386e-05 0.57861626 7.0723866e-07 0.19069806 1.0047436e-07 9.3790004e-07 0.04598914 0.00024551447 0.73109096 7.6513865e-12 0.36737558 0.00040118292 0.020098906 0.9839823 1.2362082e-05 5.904463e-07 0.13499147 0.73575735 2.157877e-06 5.474183e-05 6.2075827e-07 0.0005018298 9.4064504e-08 9.518742e-07 6.179016e-08 0.0010072088 0.0032137958 0.76460814 0.00023690672 1.316916e-07 0.0005585744 3.824664e-06 0.7611114 0.53755236 6.7683635e-07 0.049295906 0.1375383 2.7689382e-06 0.13078542 0.056608424 8.2096804e-08 3.492315e-07 0.0013000626 0.00017440705 8.1999116e-07 2.72428e-07 2.80137e-09 0.019269457 0.0007985897 0.0013209374 0.046224296 0.017280633 5.0881592e-09 7.563473e-08 0.01854324 4.2834195e-08 0.038810834 0.02108752 1.8583656e-08 0.12233721 2.5658838e-07 0.019003496 0.021822747 0.0007833404 0.0003460879 3.8533194e-06 0.0019898273 0.016065577 1.6229423e-09 0.0003256837 0.0016309285 3.365025e-09 0.050519474 1.17541905e-08 3.2643214e-08 0.0009232237 6.142668e-09 3.509709e-06 8.775644e-07 0.012650138 0.42810962 2.1871015e-08 6.387968e-05 0.013139048 8.253009e-09 2.2439279e-07 0.052657235 3.2416204e-07 2.1612154e-06 0.0028899938 0.00025991682 0.003369083 0.00068041374 0.00021461684 0.000451461
0.97515744 0.0015048226 0.0062125167 0.36519784 0.0002194201 0.013469264 2.8029297e-06 0.39189324 6.793445e-08 0.5262689 4.7731344e-08 2.2192174e-07 0.8851766 8.8479814e-05 0.023056686 0.36737558 3.1404285e-12 0.04808744 0.020219442 0.0417968 0.00031017972 1.5279466e-07 0.005322591 0.9808594 1.6241818e-06 0.00028682232 1.0064045e-07 9.289591e-05 3.8894656e-09 5.655309e-07 6.590187e-08 0.002323919 0.8231366 0.21181232 0.0060266256 4.4763422e-07 0.0022217694 7.4800123e-06 0.05014359 0.039263595 4.0254977e-06 0.3898664 0.26923367 5.1168577e-06 0.34288538 0.41146898 4.8889458e-08 4.496151e-07 0.014367112 0.00092614884 3.8089843e-07 2.1730814e-07 6.268491e-10 0.19734064 0.0425934 6.456669e-05 0.06935205 0.09211471 2.19971e-09 1.8179385e-09 0.00044650125 2.9904744e-08 0.2912904 0.0006264605 2.1941287e-09 0.002848539 1.1333606e-07 0.39518794 0.15379985 0.003547369 0.0022382045 9.968985e-07 0.047050092 0.30574098 2.1710148e-10 0.0023058173 0.036612436 4.5373696e-09 0.0012090165 1.5738687e-08 5.732874e-09 0.018150296 1.9340858e-09 1.2531461e-06 5.720504e-07 0.010497204 0.0830845 9.85445e-09 0.0010887103 0.14222352 1.2500105e-08 1.1945914e-07 0.027386859 1.9513598e-06 2.3214454e-05 0.025513534 3.5973742e-05 5.8534933e-05 0.0049792053 0.00045904214 0.002112736
0.795103 0.009270108 0.13266054 0.39990848 0.0035605263 0.3531581 0.000877862 0.4700183 2.941402e-05 0.40295136 6.815687e-05 0.0012622606 0.66342425 6.795496e-05 3.5645793e-05 0.00040118292 0.04808744 6.2160204e-14 0.93721104 2.2860153e-05 0.036161922 3.3643417e-07 9.784861e-07 0.0045923507 0.0028005026 0.05411597 0.00026838982 0.00019031159 4.0405432e-08 0.002104645 9.757669e-05 0.1825542 0.31610474 3.9537357e-05 0.93878615 0.00020097749 0.2761339 0.024706531 3.4269533e-07 1.7803384e-07 0.010053864 0.74454665 0.73443884 4.366053e-08 0.8611602 0.106696315 1.16989504e-07 5.7189414e-08 0.31609523 0.07449589 1.4838256e-06 8.800712e-09 5.0045216e-08 0.7052282 3.5769933e-06 1.8468048e-05 3.192839e-06 9.2461145e-05 2.319457e-08 2.227967e-09 3.0913623e-07 8.477047e-10 0.6286278 3.315191e-07 8.983075e-07 1.3058537e-06 6.534597e-09 0.11236026 0.31340286 0.0012469465 0.0016089182 2.7663908e-08 0.002352322 0.10315958 1.607487e-08 0.0570631 0.0036581878 1.774558e-07 3.5544224e-07 3.2337623e-05 4.747537e-09 2.468961e-05 5.001916e-08 0.0019249261 5.137632e-05 4.3580003e-06 6.1255776e-08 2.1848544e-08 0.01780124 0.007271128 2.0477287e-09 6.460758e-09 1.7012964e-05 0.00037236974 0.00022390297 0.00094270625 1.9062446e-07 1.3807567e-06 6.094607e-06 3.2824852e-07 0.0007434377
0.9911838 0.3937589 0.666756 0.39382595 0.29707584 0.66300756 0.10690754 0.5778288 0.0074013695 0.16926071 0.0022048801 0.025842663 0.082799934 0.004290336 0.2140988 0.020098906 0.020219442 0.93721104 1.1781835e-13 0.028079428 0.5663252 0.0031314765 0.115202434 0.011912129 0.008615521 0.12937634 0.0013465455 0.011506148 0.00057398964 0.0077580437 0.0010697838 0.5403305 0.0024122004 0.0023884566 0.84688866 0.005554583 0.5408052 0.035376918 0.00330407 0.0016079823 0.03481249 0.21214776 0.3481392 0.0007435568 0.6582948 0.0039951676 0.0002073724 6.258591e-05 0.6262044 0.33777565 0.0012535407 0.00032099636 0.00050677673 0.76090366 7.288563e-05 0.0055813906 0.00053438515 0.00066562725 0.0001317168 1.8610197e-07 0.0044102147 5.9584413e-06 0.38848054 0.01739964 2.5952745e-06 0.0006314232 1.0058644e-05 0.08218158 0.10953595 7.452852e-05 2.2768747e-05 1.895401e-05 0.000299543 0.10213641 1.5462207e-06 0.2527063 0.0002139631 4.0540785e-05 0.0009839947 0.0038932592 2.5587497e-06 0.0002389051 1.3422689e-05 0.011900297 0.0024571146 9.763898e-05 0.0002774971 1.6452922e-06 0.051135823 0.008851747 2.6881476e-06 4.1774365e-06 0.0010787173 0.0061549097 0.050151527 0.00020254566 0.0018305683 0.000106985666 1.3680616e-05 4.4023644e-05 2.6962289e-05
0.9467459 0.02959133 0.088454746 0.01903717 0.0046033985 0.07469994 0.0002789575 0.40185708 1.9027439e-06 0.055758808 4.9998727e-07 5.798662e-06 0.00058080244 0.00019458795 0.7368634 0.9839823 0.0417968 2.2860153e-05 0.028079428 1.6085816e-12 1.2560477e-06 1.6630407e-06 0.26127097 0.089737415 1.5593016e-05 0.00010567846 1.6169613e-06 0.0018403936 5.8966185e-07 4.631499e-06 1.5413694e-06 0.002088835 8.750331e-05 0.23450187 3.8532515e-05 7.952346e-08 0.00035986368 2.3149103e-05 0.7162683 0.44576934 6.2697113e-06 0.01528613 0.0586327 1.0559913e-05 0.06305929 0.014972543 3.6259826e-07 6.3642403e-07 0.0004898848 0.00014585075 1.7798775e-06 5.9708384e-07 6.5862125e-09 0.007527609 0.0005089041 0.006775976 0.033397004 0.0011577999 3.356826e-09 1.3599139e-06 0.4587944 7.364316e-07 0.015327688 0.2740302 4.5758753e-07 0.8583479 1.405851e-06 0.005426794 0.005136052 0.00023824189 7.3882125e-05 0.0003850245 0.0006006924 0.005087733 2.1506532e-08 0.00021547533 0.00063893787 4.6849737e-09 0.6144557 1.2243252e-07 3.860913e-07 6.743366e-05 7.411521e-09 5.949975e-06 1.1901777e-06 0.0043322057 0.7149912 3.8633384e-08 3.694429e-05 0.0044637457 3.185761e-08 1.1576462e-06 0.044112813 4.3134305e-06 3.3134052e-07 0.00050577463 0.003367984 0.10956423 0.00014926863 0.00010976149 9.654811e-05
0.56037766 0.008314927 0.09000867 4.2615175e-05 0.032836623 0.15817556 0.024005651 0.004920152 0.00486296 0.0030330694 0.019621938 0.15222901 0.0001448469 1.7891927e-05 1.2024657e-05 1.2362082e-05 0.00031017972 0.036161922 0.5663252 1.2560477e-06 2.0314529e-16 7.103721e-06 1.322764e-07 4.0649575e-05 0.45526025 0.9301113 0.18554813 0.00020073766 4.4404058e-07 0.21646349 0.019702189 0.76538515 4.27938e-05 9.905009e-07 0.5414109 0.0011348225 0.7237162 0.5687667 1.2927063e-09 1.10980345e-08 0.44272012 0.0023763003 0.005145274 4.2255703e-08 0.01919575 0.00014115282 2.0842154e-07 8.551922e-08 0.48663256 0.59558576 0.0001301841 1.507234e-08 3.0304887e-05 0.081332944 8.980111e-09 1.6699725e-05 4.6626454e-08 3.13366e-07 2.9199302e-06 1.9628786e-07 3.5507682e-08 3.3799825e-08 0.01004001 6.007751e-08 6.655063e-06 8.888755e-09 9.361788e-09 0.0009307354 0.003975683 8.2140934e-07 1.1504693e-06 5.155094e-07 6.928732e-05 0.0007318849 5.206433e-07 0.493909 3.3218625e-05 1.2321318e-06 1.2902579e-07 0.016808273 5.047215e-09 6.1088116e-08 2.1790976e-07 0.05317939 0.0134148 7.636643e-09 4.02222e-08 2.2766303e-08 0.16767846 0.00017514694 3.5130754e-09 9.402231e-09 1.6835054e-07 0.009283206 0.0003491521 4.1521876e-06 9.416342e-08 2.532865e-07 6.979342e-08 2.7403153e-09 2.8290842e-06
0.94492805 0.19451906 0.003662843 3.6131143e-05 0.36006418 0.00085469446 0.780513 4.7047415e-05 0.7720427 1.1550735e-06 0.71795875 0.48112276 1.1650556e-08 0.9084521 0.00011887099 5.904463e-07 1.5279466e-07 3.3643417e-07 0.0031314765 1.6630407e-06 7.103721e-06 7.566591e-15 0.0012050343 7.601059e-08 0.24241467 0.025911162 0.26028356 0.86295766 0.9723053 0.11680307 0.13109493 0.06533405 2.3590576e-09 7.616516e-08 1.1702917e-06 2.604688e-05 0.024051515 0.04953006 8.91861e-09 7.28962e-09 0.028687546 3.21441e-07 3.806575e-06 0.5887457 7.8869025e-06 5.8243558e-08 0.45370573 0.5813048 0.014894657 0.018200865 0.023380147 0.68852323 0.0035064635 0.0005564463 9.691359e-11 0.28751498 2.3546747e-09 2.6285083e-09 0.0071693985 0.33447215 9.935662e-05 0.23101741 1.6176007e-05 0.015791968 0.0063065416 4.3670862e-08 0.08200887 1.9509355e-06 1.884561e-05 4.143688e-09 3.4835366e-09 0.03984983 1.5416659e-07 8.43894e-07 0.0064022182 0.013172938 1.1523332e-07 7.443482e-05 3.4003476e-06 0.0013810097 0.1050426 1.7473943e-09 0.00012877988 0.01492327 0.002829195 4.4943613e-10 4.7418467e-08 0.0007292635 0.0020558701 2.9958894e-06 0.0051595652 0.042948782 3.2735866e-08 0.0040534833 3.6419503e-06 1.7129936e-07 0.03007733 7.702616e-06 3.652684e-10 1.5486252e-09 1.6464817e-10
0.95489264 0.38966346 0.34177914 0.00336507 0.17933705 0.25006452 0.21927737 0.13886711 0.0020403606 0.012892168 0.0017416613 0.011205205 1.5492164e-05 0.00807595 0.9698455 0.13499147 0.005322591 9.784861e-07 0.115202434 0.26127097 1.322764e-07 0.0012050343 7.183269e-14 0.002912216 0.0020142563 0.0047242776 0.00068484514 0.077969976 3.2408232e-05 0.0012855643 6.5540575e-05 0.025834203 6.568205e-07 0.005153738 5.1835614e-06 2.7375375e-08 0.005836509 0.0019229187 0.035216805 0.011236366 0.00110208 0.0029477838 0.020773392 0.0022087905 0.02858913 0.0027659358 3.859872e-05 0.0006125771 0.0068503954 0.002898668 5.7444686e-06 4.2141393e-05 4.1082083e-07 0.018508172 8.209588e-06 0.5355174 0.00013245482 2.8105583e-06 6.56194e-08 3.228904e-06 0.90325415 1.9528985e-05 0.014619954 0.78918093 7.842777e-08 0.7924075 1.5857007e-05 0.0023240165 0.006524784 0.00020370191 1.8311122e-05 0.030710388 0.00056140777 0.005843557 7.2204442e-09 0.0026197264 0.00044780248 1.11609175e-07 0.72260755 5.660816e-06 4.6335226e-06 1.2230102e-07 1.6366114e-08 0.0004982238 1.0912662e-05 2.5472216e-06 0.18605717 2.8669456e-08 0.00029534707 0.0028302907 1.638151e-08 8.136772e-06 0.00040390895 0.00031050766 4.69435e-08 0.00040753058 0.09380203 0.4836928 9.529729e-06 5.8594446e-06 1.8197002e-06
0.9644471 0.00024349234 0.0017504059 0.15269792 8.9360976e-05 0.0051666433 5.9767726e-06 0.30718827 1.7155932e-07 0.4280149 5.7996356e-08 1.4550862e-07 0.5655523 0.00020934817 0.032380994 0.73575735 0.9808594 0.0045923507 0.011912129 0.089737415 4.0649575e-05 7.601059e-08 0.002912216 5.9296773e-12 2.9076311e-06 0.00014840534 2.2555695e-07 7.799364e-05 1.0385409e-08 1.2630542e-06 1.4666776e-07 0.0005547854 0.7379618 0.85639894 0.0011002816 8.046174e-07 0.00036868438 2.3906234e-06 0.23272426 0.22476333 1.3464671e-06 0.11139875 0.09985927 1.25819415e-05 0.14084052 0.2628998 5.0717677e-08 1.0295258e-06 0.0027375736 0.00024954203 2.674809e-06 4.350457e-07 4.2894186e-09 0.047480136 0.46317238 0.0002568194 0.46367306 0.6226745 2.9432228e-09 2.2573714e-08 0.0023701487 4.4843708e-07 0.086971514 0.0011977984 2.2102165e-08 0.009390037 1.1449648e-06 0.13290112 0.049545493 0.018262485 0.010240394 1.2782754e-06 0.034160692 0.08659255 5.1831506e-10 0.0003986518 0.04552493 1.4475303e-09 0.005620093 2.5787223e-08 8.9297984e-08 0.17612675 1.0740756e-08 1.4398144e-06 3.093247e-07 0.16342476 0.3122382 3.8556824e-08 0.0002865478 0.08803704 4.5594156e-08 1.5750264e-06 0.24448426 8.4729777e-07 1.2444659e-05 0.02470423 0.00011695655 8.114e-05 0.0093771415 0.0069461726 0.011224953
0.9753643 0.011613295 0.0013974976 0.0017221094 0.06497159 0.0008133614 0.21606581 7.87552e-05 0.28492737 8.817005e-06 0.5166922 0.63534176 1.9123117e-05 0.019657137 0.00022748054 2.157877e-06 1.6241818e-06 0.0028005026 0.008615521 1.5593016e-05 0.45526025 0.24241467 0.0020142563 2.9076311e-06 2.913414e-13 0.1633135 0.8695642 0.037419554 0.29326218 0.9608627 0.7324197 0.11404971 1.2837578e-05 2.944419e-07 0.0049571097 0.67872286 0.04807211 0.29984978 7.1795924e-08 7.759763e-08 0.36104664 3.555665e-06 8.515154e-06 0.07070966 0.00013391512 2.240654e-07 0.2215278 0.10812581 0.04441514 0.0652353 0.52613753 0.1902685 0.28365242 0.019383295 4.176233e-10 0.016281553 1.6833062e-07 9.731972e-09 0.11667988 0.07389897 0.00046315964 0.019680649 0.0011989167 0.01739555 0.13512142 3.1895e-06 0.010774399 1.6498368e-05 0.00044653128 1.2522297e-08 8.593351e-09 0.001678723 6.8932667e-07 0.0001255152 0.06880827 0.12012795 6.382554e-07 0.01369245 9.3821414e-05 0.0009530402 0.04558911 1.1228219e-07 0.01398323 0.03105242 0.004476821 2.8505966e-09 3.6143894e-05 0.010068074 0.023790533 4.069623e-05 0.0029248635 0.0065258886 2.1981812e-07 0.012738519 0.013181475 4.678723e-07 0.0021374833 0.00012442208 6.971955e-09 8.275538e-08 1.4058803e-08
0.9850946 0.05057815 0.03128712 0.0140783 0.14466242 0.04526398 0.19839115 0.004480334 0.059115767 0.0005466916 0.050359074 0.19413969 0.0021604479 0.0019544144 0.001518335 5.474183e-05 0.00028682232 0.05411597 0.12937634 0.00010567846 0.9301113 0.025911162 0.0047242776 0.00014840534 0.1633135 4.990444e-15 0.09303633 0.016177945 0.015153826 0.28051993 0.035466764 0.64069724 5.009629e-05 5.240034e-06 0.25597307 0.27053615 0.6843446 0.5246228 1.2820864e-05 4.5660217e-06 0.5726041 0.00071162044 0.00079772953 0.002343113 0.0025585021 8.184516e-06 0.0065475483 0.0024276418 0.49581975 0.76332 0.03684254 0.003396198 0.02811615 0.1885595 3.5565908e-08 0.0015551198 8.264709e-06 1.0568975e-06 0.006982816 0.00012330464 0.00080190995 5.721623e-05 0.0053979014 0.014397953 0.0022721537 3.1902757e-06 0.0001552055 0.0005991137 0.0019270898 2.610263e-07 6.350717e-08 3.9811725e-06 2.6139735e-06 0.0012726205 0.00051740103 0.599691 9.5186965e-07 0.0015477346 0.00015658383 0.0089339055 4.6551966e-05 4.922817e-07 0.0005552991 0.04877743 0.0080239605 1.8103824e-08 1.5424695e-06 7.003643e-05 0.15779062 0.00014983557 6.971457e-05 2.3874143e-05 1.0628044e-06 0.02126923 0.31759176 1.5743484e-07 0.0005615992 7.0570895e-06 1.4569954e-07 4.0108188e-07 1.3854469e-08
0.9279089 0.0015005936 0.0001611083 0.00059696037 0.022438666 8.593221e-05 0.11858236 1.1539048e-05 0.28848976 3.7023663e-06 0.49516895 0.47798485 1.751214e-06 0.020318795 8.9406836e-05 6.2075827e-07 1.0064045e-07 0.00026838982 0.0013465455 1.6169613e-06 0.18554813 0.26028356 0.00068484514 2.2555695e-07 0.8695642 0.09303633 4.0380964e-14 0.039539564 0.3728113 0.83886033 0.96051806 0.04237372 7.6874426e-07 2.559998e-07 0.0012913154 0.93256605 0.01678784 0.3242003 4.768312e-08 2.5340743e-08 0.3019043 2.7865e-07 6.2372e-07 0.07121939 4.359742e-06 2.634672e-09 0.35188356 0.11764866 0.016679592 0.029279362 0.7553656 0.29346624 0.55212295 0.006381502 3.0150302e-10 0.020061137 5.2876903e-09 3.8809436e-09 0.41729614 0.12602124 5.1948326e-05 0.021418568 0.000116489246 0.004760357 0.40809938 4.1375083e-07 0.012386275 5.379541e-07 9.863204e-05 1.164162e-09 1.1259497e-09 0.0011547508 5.2151464e-08 6.712033e-06 0.14959148 0.065712444 3.3334057e-08 0.045665376 1.2775985e-05 0.004096259 0.062848836 1.8003139e-08 0.058611494 0.08219757 0.02093991 1.7068921e-10 2.756247e-06 0.026899071 0.020706845 3.17667e-07 0.009264515 0.0056078304 2.8064685e-08 0.016694997 0.006781083 7.986041e-09 0.00096629956 9.857523e-07 2.480304e-10 3.6440782e-09 2.3072061e-10
0.7869477 0.5947885 0.0444775 0.002251963 0.6448172 0.020027392 0.77796334 0.0018426777 0.57909214 6.590078e-05 0.3360611 0.24889305 1.6294096e-05 0.9456094 0.079651505 0.0005018298 9.289591e-05 0.00019031159 0.011506148 0.0018403936 0.00020073766 0.86295766 0.077969976 7.799364e-05 0.037419554 0.016177945 0.039539564 7.507708e-15 0.23377757 0.014430559 0.015514956 0.031086992 3.2694745e-06 9.465957e-05 7.700339e-06 0.0007860618 0.0076419013 0.008359819 1.61359e-05 7.597603e-06 0.0046245526 0.00020143647 0.00035535955 0.8272694 0.00028575503 2.60594e-05 0.033896104 0.69043505 0.004378421 0.006978635 0.0021364256 0.25192094 0.0011635275 0.0026554393 2.247095e-07 0.9177773 3.4030643e-07 1.1725932e-06 0.00041804498 0.2778798 0.005962748 0.57356644 0.0006396173 0.1607196 0.0009044936 0.0006291946 0.14308819 0.00022930013 0.0015447726 8.536669e-06 2.3596303e-06 0.058640916 6.5110464e-05 0.00014017984 0.00061378034 0.0037964822 2.2768616e-05 2.9771873e-05 0.0004025903 0.00014024897 0.011544006 1.3339474e-07 6.385711e-06 0.00046837865 0.00017311006 2.6756327e-08 1.8026478e-05 2.2846703e-05 0.00046678848 0.000378325 0.00013347421 0.012208679 2.7675835e-06 0.00030857057 8.23793e-06 0.000299918 0.030004835 0.0070197196 1.079904e-05 5.610753e-07 8.9301714e-08
0.89471865 0.0043447586 7.421226e-05 1.6009642e-07 0.07426462 4.4996003e-05 0.42589974 1.480035e-06 0.7245748 4.7031313e-07 0.71435285 0.38669154 4.1081885e-09 0.24103744 1.0470353e-05 9.4064504e-08 3.8894656e-09 4.0405432e-08 0.00057398964 5.8966185e-07 4.4404058e-07 0.9723053 3.2408232e-05 1.0385409e-08 0.29326218 0.015153826 0.3728113 0.23377757 3.911132e-15 0.07946829 0.36381078 0.025290601 1.13612925e-10 5.3403173e-08 2.2013072e-07 8.659226e-06 0.005601996 0.056744967 7.004411e-09 6.0952257e-09 0.029977756 9.109622e-08 1.2661851e-06 0.23972248 5.0594153e-06 2.9678361e-08 0.9694688 0.32834297 0.0031002995 0.009662747 0.19871841 0.7499658 0.05873961 0.00010274955 9.984916e-10 0.017022068 3.0432143e-09 1.0050282e-09 0.089476645 0.53712946 8.2527295e-06 0.08213554 1.4833338e-05 0.0013777144 0.2073644 5.833706e-08 0.049185194 4.5571227e-07 9.694878e-06 2.1308459e-08 1.1438361e-08 0.008754363 1.4484971e-07 2.1341374e-07 0.092979036 0.011151721 7.000875e-08 0.001930188 1.8761839e-06 0.0009947399 0.10839794 2.0673034e-09 0.0036070773 0.023545006 0.0020204221 9.011278e-11 3.5895894e-08 0.011354368 0.0025542555 3.5947812e-07 0.025883345 0.027715558 3.7922856e-09 0.009000471 1.0687361e-06 8.430971e-08 0.011740155 1.8596873e-07 1.4214318e-09 2.1142231e-08 1.1242307e-09
0.93264496 0.010895137 0.0010133751 0.004578556 0.06051704 0.00033803855 0.20231627 2.8135448e-05 0.190285 2.4735887e-06 0.3396997 0.52240616 1.0417933e-05 0.0069921287 8.0230115e-05 9.518742e-07 5.655309e-07 0.002104645 0.0077580437 4.631499e-06 0.21646349 0.11680307 0.0012855643 1.2630542e-06 0.9608627 0.28051993 0.83886033 0.014430559 0.07946829 1.0602909e-13 0.68127084 0.1252395 6.3631755e-06 1.266534e-06 0.0063290093 0.9423562 0.05566253 0.5340072 3.5131393e-07 2.7983702e-08 0.66876584 1.760061e-06 3.124867e-06 0.016049307 2.0709624e-05 2.6757757e-08 0.0753128 0.028325936 0.026015107 0.07055207 0.5405018 0.03540572 0.38431776 0.0076604206 8.749341e-10 0.0012323528 3.6888866e-07 3.5343422e-08 0.19969909 0.012429028 0.00043938062 0.0016230935 0.00016349314 0.0023152872 0.09437178 6.7255365e-07 0.002090245 1.7111677e-06 0.00011507524 1.7876591e-09 1.9673103e-09 3.4854576e-05 4.92311e-08 1.092144e-05 0.02390489 0.09117505 2.275033e-08 0.055049155 0.000111808884 0.019733451 0.006512739 2.7507534e-08 0.0287799 0.20716393 0.026049603 8.071517e-10 5.6747416e-07 0.009322469 0.059703346 2.1257058e-07 0.0030050091 0.00025871838 6.1273425e-08 0.058011096 0.078084484 4.1870427e-09 0.00050008105 4.262834e-07 1.3714331e-09 5.0463996e-08 5.856008e-10
0.9383987 0.00015815695 0.00011884707 0.00010596579 0.0023145818 2.9330322e-05 0.026694514 6.818209e-07 0.2114856 1.0658845e-07 0.5534378 0.51025367 3.8064186e-08 0.013466798 3.5061994e-06 6.179016e-08 6.590187e-08 9.757669e-05 0.0010697838 1.5413694e-06 0.019702189 0.13109493 6.5540575e-05 1.4666776e-07 0.7324197 0.035466764 0.96051806 0.015514956 0.36381078 0.68127084 7.8808e-13 0.026598912 6.883626e-08 4.9587896e-08 0.000100358535 0.8385922 0.011920066 0.320675 4.741069e-08 2.126534e-08 0.27112615 7.996989e-08 2.0278831e-07 0.028840248 1.4919569e-05 9.448793e-09 0.39557785 0.07984822 0.013119572 0.029365046 0.92462707 0.29813877 0.7103898 0.0023760076 2.3821117e-10 0.008797223 3.051941e-08 6.8769164e-09 0.66111016 0.13552572 5.1546023e-05 0.011212837 5.3204945e-05 0.0020552939 0.5263869 1.140773e-06 0.013536871 1.5615262e-07 2.3306891e-05 8.310586e-09 2.157316e-09 0.0006381492 6.973581e-08 2.3817258e-06 0.14407182 0.063872516 7.609052e-08 0.06936032 2.7866912e-05 0.019903913 0.04633673 2.335532e-08 0.0701218 0.13385355 0.14190389 1.8788255e-09 1.577158e-06 0.034098826 0.022268528 1.3031855e-07 0.01026616 0.0056598578 7.791958e-09 0.03565205 0.0018438096 1.0661888e-08 0.00060637185 2.8490805e-07 2.3557887e-09 5.4654368e-08 1.8412623e-10
