1.9494377e-16 0.027649645 0.95416063 0.07774957 0.028649665 0.44555023 0.00034517076 0.94090295 0.6027215 0.0306637 1.7891945e-05 0.00021494417 0.0037455321 0.651112 0.38533497 0.21814707 0.9791507 0.9855749 0.24591583 0.9897095 0.06912266 0.5571048 4.5150814e-06 0.98675966 1.2095222e-06 0.96401703 4.3540055e-07 0.6061557 0.65871847 0.017318256 0.87000364 0.9830644 0.9942513 0.746755 0.025670664 0.96492594 0.98503226 0.94643205 0.97732306 0.9956021 0.4774225 0.71281415 0.99076194 0.82296616 0.69977224 0.82746476 0.99482703 0.90924853 0.99006796 0.006441706 0.9861428 0.9725012 0.33909515 0.95632505 0.99701124 0.61182594 0.9660013 0.9549494 0.9385699 0.99673104 0.9854117 0.97016895 0.9152594 0.8670924 0.524319 0.95741934 0.0030902615 0.99819905 0.9917812 0.9468874 0.9770985 0.0035731343 0.98673916 0.54825103 0.99752957 0.9982608 0.9933023 0.9985416 0.99781334 0.41010502 0.9988119 0.99440515 0.17950886 0.9761639 0.9999886 0.62070686 0.16617459 0.30977726 0.99984396 0.9925191 0.9597265 0.108572245 0.9999975 0.4427478 0.994997 0.9991072 0.9783051 0.999956 0.9976298 0.9994209 0.9898357
0.027649645 7.751497e-15 0.9174492 0.12344766 0.09278427 0.93633765 0.22845224 0.7187384 0.54684436 0.9880887 0.09106471 0.002499193 0.0031842121 0.3390864 0.6531621 0.013453334 0.040380154 0.017729446 0.002538783 0.061159573 0.21129099 0.0013506658 0.0010983495 0.0054621524 0.011288641 0.0012268935 0.0007434278 0.0005084508 0.00027491778 0.00012625112 0.00018389303 0.0016186162 0.00014454097 0.00020120436 6.6385786e-05 0.0033680387 0.0020508454 4.2091247e-06 0.00030718118 3.6993963e-05 2.7683466e-06 6.7323646e-07 0.0017500237 1.7475319e-06 2.0460891e-07 3.4884706e-05 0.00083298597 1.879195e-05 4.107243e-06 5.0787376e-06 9.801738e-07 4.4923323e-07 3.175472e-08 8.41099e-08 4.1426156e-06 6.500303e-08 2.886172e-07 1.03343744e-07 3.7824113e-05 1.0881942e-05 7.74719e-09 4.2162792e-08 1.4932778e-07 3.7090068e-08 1.2404626e-08 1.2899891e-06 4.242578e-08 6.533295e-07 0.00010419089 1.1589568e-07 9.968747e-09 0.00012065731 3.3037531e-07 1.2757901e-09 1.3318869e-05 6.763256e-08 6.870312e-08 1.6905981e-06 6.6204807e-06 3.0142437e-09 3.4130314e-06 3.353569e-07 1.4558703e-09 1.9396873e-08 1.7095064e-05 9.890858e-11 1.7541206e-08 2.5959498e-08 5.36249e-07 9.092606e-09 1.8529228e-07 5.094474e-08 5.634247e-06 5.3853415e-09 8.957201e-10 5.873456e-07 3.036096e-08 1.3282014e-06 1.387351e-06 6.760109e-08 1.9864926e-08
0.95416063 0.9174492 7.08853e-13 0.94576186 0.8670269 0.97578853 0.18534645 0.68911105 0.3741859 0.12492593 0.009537662 0.07791458 0.22150287 0.15853366 0.06603042 0.12303136 0.7881407 0.34838846 0.14105588 0.2362433 0.004948761 0.0008637322 0.007227707 0.04823703 0.002167487 0.12632748 0.0020516063 1.7794084e-05 1.472015e-05 0.0039059932 0.10512505 0.1333253 0.004071786 1.966251e-05 0.0036466531 0.1045636 0.11900462 2.996118e-06 0.046148777 0.00017332382 5.4304915e-06 0.0080165 0.064263135 0.0012009913 7.886038e-06 1.2818876e-06 0.045402054 1.5668068e-07 0.009771584 0.0003038005 0.0019045323 0.0013660227 3.4651305e-07 4.9354483e-05 1.992933e-06 5.698392e-09 4.5175014e-08 1.39093e-05 2.8875678e-07 0.006424533 2.7658615e-09 6.617661e-11 1.2925861e-06 3.0023722e-07 3.6739137e-05 4.865411e-08 1.468294e-07 0.00052378036 0.0056626145 8.04046e-07 2.0848991e-07 2.4990437e-05 3.4331948e-05 1.5940307e-09 0.015397551 4.60703e-07 7.9748224e-07 0.00067924283 0.0016122974 5.5953846e-09 0.00044151844 2.5116162e-05 1.06573745e-08 4.3884996e-10 0.011757936 3.1528042e-08 1.991884e-08 2.8662365e-07 3.964205e-05 7.6927854e-08 6.047173e-08 1.02030356e-10 0.0050007366 4.7086445e-08 2.2079964e-06 2.0190275e-07 1.5608354e-07 1.4300606e-05 8.993808e-07 4.9608826e-07 2.6824455e-07
0.07774957 0.12344766 0.94576186 8.8183193e-13 0.9894834 0.09273133 0.46115324 0.05905643 0.0056599984 0.020404551 0.013331965 0.22187679 0.72348046 0.0010424731 0.0019055143 0.0023570769 0.3956404 0.010574224 0.026171992 0.0078898715 4.1386098e-05 3.1855423e-06 0.05368608 0.00023206255 0.0009985619 0.09108985 0.0017394123 1.7167071e-06 7.505447e-07 0.009040086 0.056786947 0.04750886 7.4894175e-05 1.753801e-06 0.0012568618 0.0052842335 0.0050110077 2.2896477e-07 0.011731888 1.4225448e-06 5.804787e-06 0.0015549602 0.0025050764 0.00014792732 1.3057597e-05 3.651812e-07 0.00094500516 3.8192322e-08 0.00013987458 2.3445735e-05 2.8199029e-05 1.2868625e-05 9.1739065e-07 1.8204944e-05 6.675568e-08 1.3553164e-08 1.6686877e-07 2.422838e-07 4.0562358e-07 0.00011126341 1.3639591e-09 3.3302436e-10 4.667978e-07 5.592574e-07 9.8993005e-06 6.7422235e-08 2.0200654e-09 1.015504e-05 0.00012387865 1.348309e-07 2.9726914e-08 4.662641e-06 4.1458742e-07 1.9812973e-08 2.4382683e-05 3.0297763e-06 1.8836356e-07 7.723042e-06 3.0705787e-06 2.3097755e-08 1.0187029e-05 8.9305985e-08 1.50027e-08 2.0722224e-09 0.0003227839 1.08896705e-08 1.6344579e-09 4.837196e-09 2.0018365e-06 7.3097803e-09 6.951065e-10 3.001181e-09 6.0465765e-05 4.251324e-09 6.25598e-08 2.1334355e-07 9.8171355e-09 1.6881548e-07 1.105925e-06 7.427811e-07 4.4533405e-07
0.028649665 0.09278427 0.8670269 0.9894834 1.2130817e-09 0.028854156 0.76994663 0.042913824 0.0012848289 0.026021924 0.060968436 0.42492563 0.73517394 0.00012503326 0.0008715066 9.507484e-05 0.16853264 0.0053850883 0.0013481344 0.0048262067 4.7348162e-06 1.1825294e-06 0.15237473 8.953552e-05 0.004492138 0.051358126 0.008017586 5.614088e-07 3.2198312e-07 0.0033976948 0.029121453 0.007936911 5.164902e-05 4.6802316e-07 0.00059401896 0.002119796 0.002618079 1.7327085e-07 0.0034155229 8.987446e-07 4.860826e-07 0.0010890224 0.0015897825 1.4362727e-05 2.6323482e-06 1.624384e-07 0.0007188236 5.927077e-08 8.695585e-05 3.8919374e-05 2.7158367e-05 4.157386e-06 1.8522373e-07 9.274909e-06 6.277591e-08 9.73654e-09 1.7373313e-07 1.8172902e-07 4.4995488e-07 4.011925e-05 1.5753816e-09 5.8081207e-10 2.541559e-07 2.219935e-07 1.23596665e-05 1.0665332e-07 1.9981607e-10 1.25344195e-05 1.7543658e-05 1.8356651e-07 1.5568565e-08 4.216115e-06 8.9192565e-07 7.3463298e-09 8.827064e-05 1.7444613e-06 5.028559e-07 1.8775578e-05 1.20877085e-05 8.384109e-09 9.90388e-06 1.8634509e-07 9.154224e-09 1.0907506e-08 0.0005808532 1.8987885e-08 5.942545e-10 1.9948839e-08 6.419605e-06 1.6496584e-08 1.6212933e-09 6.429126e-10 0.00022613128 3.875943e-09 1.0993123e-07 4.331827e-07 8.154746e-08 2.4685737e-06 3.2608366e-06 6.380969e-06 1.3249008e-06
0.44555023 0.93633765 0.97578853 0.09273133 0.028854156 3.0178873e-15 0.015195953 0.948584 0.94814867 0.6393404 0.0041526314 0.002717325 0.0063423836 0.79053205 0.31038967 0.381028 0.28779304 0.5656915 0.116374746 0.34713498 0.16787541 0.08419005 0.0006659517 0.34596795 0.0024584765 0.01740285 0.00075523235 0.0033506332 0.0011420434 0.00066650234 0.009864677 0.12339587 0.007892836 0.004996625 0.0006630803 0.09080686 0.060528956 0.00053226616 0.019518137 0.003132743 0.00017688211 0.00051551976 0.051087614 0.0007383469 7.049573e-05 0.0003190538 0.021963356 7.271006e-05 0.0026681342 0.00013904322 0.00018976664 0.00042154337 1.0790212e-06 1.7920293e-05 0.00076001865 9.185155e-07 1.8007613e-05 1.0265597e-05 6.802343e-05 0.002158399 1.4847038e-07 3.97232e-08 2.6769985e-06 3.1475051e-06 6.624681e-06 1.2680212e-05 3.0212775e-07 0.0003009799 0.0044203727 8.831724e-06 4.3474665e-07 0.00017347562 1.7023578e-05 8.4283016e-08 0.0015740078 1.1800291e-05 2.347613e-06 0.00016901549 0.0012899184 1.0138278e-07 0.00035860395 9.857294e-06 6.575205e-09 8.8635005e-08 0.0013772133 8.241902e-09 5.4483365e-08 7.2103023e-07 3.0449013e-05 2.1296637e-06 3.9034326e-06 9.792262e-09 0.00063761603 6.548437e-08 4.1185782e-08 1.1199216e-05 1.8443045e-06 0.00013041848 1.5741458e-05 1.7549399e-05 8.547605e-07
0.00034517076 0.22845224 0.18534645 0.46115324 0.76994663 0.015195953 3.8690627e-11 0.004442791 0.00015163027 0.2710442 0.99150544 0.6607955 0.67171925 2.8391278e-06 0.0004442012 2.8518878e-06 0.005165375 6.543156e-06 2.6049413e-05 3.7856844e-05 3.8265716e-06 6.659427e-09 0.47392577 4.2418677e-07 0.31948912 0.0014394507 0.259827 4.899597e-08 1.0947551e-07 0.0006095561 0.0009553543 6.4471875e-05 1.499936e-07 7.653311e-09 0.00037425433 3.9732336e-06 1.3352538e-06 8.667277e-09 4.1849555e-05 1.34162566e-08 7.960901e-09 1.5085046e-05 1.2431107e-06 2.3919757e-08 2.6359939e-09 3.016101e-09 9.144539e-07 9.012749e-09 9.064243e-09 1.5460511e-06 4.033098e-08 3.1840386e-10 6.449022e-10 2.5471132e-07 2.1840843e-11 4.8475285e-10 6.856119e-09 9.318581e-10 1.516403e-07 1.1306454e-09 9.246112e-11 2.8987722e-11 4.825141e-10 1.2223186e-09 3.0040363e-07 2.1644224e-08 8.903084e-11 6.259438e-09 1.3380351e-08 2.278832e-09 9.592071e-11 9.260105e-08 1.018391e-09 1.5881182e-10 9.8320186e-08 9.970952e-09 1.8853205e-08 9.036623e-09 6.5535066e-09 9.3240186e-11 9.283213e-09 3.4271275e-10 3.820234e-10 3.4648961e-09 1.4865543e-05 1.13707e-10 2.0988995e-11 5.578407e-10 6.205114e-09 2.0351781e-10 8.544038e-10 2.1413076e-09 6.476505e-06 3.6691772e-10 1.0651573e-10 1.1137646e-08 7.705617e-09 1.4068702e-08 2.3481368e-08 1.14779255e-07 4.704313e-10
0.94090295 0.7187384 0.68911105 0.05905643 0.042913824 0.948584 0.004442791 7.926389e-16 0.9821518 0.66117644 0.00087815174 0.00074891426 0.0014611485 0.79959196 0.6868373 0.03775114 0.20408337 0.6789896 0.0019646878 0.63184804 0.2912587 0.036754306 0.00016515741 0.74862903 0.00064892386 0.00027335074 3.9302435e-05 0.015213608 0.019362243 2.6970749e-05 0.00024776 0.12670003 0.19648722 0.00817794 3.3631743e-05 0.33292323 0.22328824 0.0017280221 0.002639918 0.040167768 8.736169e-06 3.9842966e-05 0.038611505 3.2061715e-05 9.914823e-06 0.00016703064 0.08084669 0.000118347714 0.0015745505 5.5253577e-07 3.1986736e-05 5.021455e-06 1.7097639e-07 2.0271057e-07 0.01682362 3.9273296e-08 2.7753636e-05 2.9715733e-07 1.8442475e-05 0.0018552359 4.4236876e-06 1.5556374e-07 8.116016e-08 1.0661528e-07 9.363879e-07 2.6463179e-06 8.662948e-09 4.2092292e-06 0.022479199 2.9191058e-08 2.0355257e-08 6.437949e-06 7.8588636e-07 4.223256e-09 0.002383728 2.2048936e-05 0.00027288322 4.443827e-06 0.0060266084 3.5518233e-09 0.003960417 1.9875472e-07 3.0921283e-09 4.1361906e-07 0.0019079602 9.2195435e-10 1.886888e-09 8.765085e-06 1.0369763e-06 2.486814e-09 9.845671e-10 2.485523e-10 0.0018136891 1.9931448e-09 2.8227777e-08 6.0350314e-05 4.6290056e-09 0.0011067265 0.0006275712 4.7876758e-05 1.3602001e-05
0.6027215 0.54684436 0.3741859 0.0056599984 0.0012848289 0.94814867 0.00015163027 0.9821518 1.3218504e-17 0.14134932 3.3203323e-05 2.9144067e-05 7.071355e-05 0.936286 0.46510488 0.2585616 0.23455434 0.84986264 0.014958964 0.8623775 0.12177538 0.24908884 1.7048826e-05 0.7034582 4.4908033e-05 0.0007622536 3.4942525e-06 0.041656237 0.02236372 2.2676197e-05 0.00092765776 0.20518364 0.114999056 0.01976997 6.500595e-06 0.27320084 0.14670187 0.0054515027 0.005641444 0.06025258 9.612981e-05 1.6343663e-05 0.100457 0.00033089923 4.144708e-05 0.0003219382 0.08856816 0.00054559496 0.00839842 5.209373e-07 0.000110017085 9.405236e-05 2.5447144e-07 5.020009e-06 0.034287885 1.3252584e-06 0.00013279305 2.6898915e-06 0.00010104086 0.0074368985 3.845645e-05 2.7175838e-06 2.4181531e-06 6.459755e-07 8.778812e-06 1.3706069e-05 4.0881604e-10 8.9750174e-05 0.022598593 7.219997e-07 6.308448e-07 3.0164595e-06 7.1137547e-06 1.6168563e-08 0.0044094934 0.0003212769 0.0006224336 1.325139e-05 0.011420755 9.8633855e-08 0.014180683 3.5617945e-06 1.1156682e-07 2.5319098e-06 0.005052863 1.6386409e-09 2.1237587e-07 2.651264e-06 9.245721e-06 3.3730914e-06 7.6852764e-08 3.653557e-09 0.0034850608 6.522099e-08 6.710138e-08 0.0004158445 1.5735266e-06 0.0019751424 0.0006173631 0.00019859795 5.158886e-05
0.0306637 0.9880887 0.12492593 0.020404551 0.026021924 0.6393404 0.2710442 0.66117644 0.14134932 1.8031373e-13 0.2739353 0.0031971582 0.0014654956 0.009240835 0.9573323 7.2285206e-05 0.021856453 0.06748857 1.2412123e-05 0.11384244 0.8474016 6.4659334e-06 2.998215e-05 0.18266353 0.3047547 0.00016882298 0.0020442929 0.05524107 0.118455455 5.4084794e-06 5.263998e-05 0.0022546835 0.004555768 3.361167e-05 2.4625273e-05 0.005441885 0.0011402754 0.0002984267 0.00026535176 0.002478159 1.5543827e-07 0.0001190147 0.00023521333 6.407327e-07 2.5127852e-07 2.4669898e-06 0.0006191378 0.00039547237 5.1417436e-07 2.54557e-06 2.1814682e-05 4.4345447e-07 1.660505e-08 6.5806853e-06 1.3762298e-05 2.806246e-10 2.845628e-08 1.5891895e-06 3.5999942e-06 2.3805666e-07 2.5703157e-06 3.607091e-06 3.649375e-07 2.1922302e-08 1.7118427e-05 6.7228433e-07 1.8650288e-06 3.0983895e-07 1.0947801e-05 5.123027e-07 4.9281246e-09 7.0242554e-06 1.530414e-07 3.172599e-10 2.506524e-05 3.8653283e-08 5.397252e-06 9.3170064e-07 3.1884965e-06 2.543825e-10 2.0767916e-06 1.5583776e-08 6.749545e-08 1.2910714e-07 4.74043e-05 7.252321e-11 6.380682e-08 7.4111756e-07 2.4229843e-08 5.4890004e-10 1.7411903e-08 2.8147813e-09 6.390515e-05 1.3847944e-08 7.071414e-11 3.0152314e-06 1.8927283e-08 3.652669e-05 4.735279e-05 8.7100847e-07 5.330474e-07
1.7891945e-05 0.09106471 0.009537662 0.013331965 0.060968436 0.0041526314 0.99150544 0.00087815174 3.3203323e-05 0.2739353 1.2469581e-11 0.034282 0.011678402 5.305846e-07 0.0004660241 8.1394984e-07 0.0006362218 6.1647315e-06 8.8669367e-07 2.3385108e-05 1.0571945e-05 3.6030613e-08 0.0067510586 1.5751332e-06 0.9202277 6.672976e-05 0.0897317 1.7260963e-07 9.299296e-07 1.427962e-05 4.7302376e-05 1.0545109e-05 1.9499933e-07 2.1024528e-08 5.5902087e-06 2.905752e-06 3.423474e-07 5.6397997e-08 3.0301262e-06 1.2219323e-08 1.0216484e-08 6.51027e-07 5.8323604e-08 2.0050308e-08 4.1393355e-09 1.839246e-08 4.421715e-07 1.11130156e-07 4.8611692e-09 2.654077e-08 8.838245e-08 2.248394e-09 2.3647881e-09 4.727173e-08 4.4600748e-10 3.234505e-11 2.8918762e-10 3.1055158e-09 5.8929107e-08 9.279439e-10 5.6249694e-10 4.0790025e-09 6.724032e-10 7.074359e-10 2.1620952e-08 7.4104327e-09 4.4376454e-11 5.657488e-09 2.0376e-08 3.409402e-09 1.1877387e-10 1.7581777e-07 1.0163167e-09 8.482186e-11 1.2085174e-07 3.0571404e-10 4.091628e-08 7.65572e-09 1.5886137e-08 1.6747777e-11 1.9042071e-08 8.5041724e-10 3.2068026e-10 3.803059e-08 1.9651309e-06 8.2187285e-10 8.408972e-11 3.52059e-08 2.8047438e-09 2.6137004e-09 1.4818217e-08 6.1723577e-09 1.2084683e-06 1.2664391e-09 1.2271091e-10 1.5566152e-07 7.906142e-08 3.7167116e-08 1.943501e-07 4.2530517e-09 3.1785123e-09
0.00021494417 0.002499193 0.07791458 0.22187679 0.42492563 0.002717325 0.6607955 0.00074891426 2.9144067e-05 0.0031971582 0.034282 7.296511e-11 0.98341525 6.089648e-07 4.9878e-05 3.8010137e-06 0.008678271 2.8743829e-05 0.00039644074 9.806843e-05 9.5285195e-08 1.41515395e-08 0.7725129 4.1477247e-07 0.004845833 0.008502285 0.12395529 1.226226e-08 6.33679e-08 0.008924806 0.009361416 0.00025434274 1.5373155e-07 5.053091e-09 0.0012410148 1.6100978e-05 9.202276e-06 3.613679e-09 0.0005357517 7.875245e-08 2.3524404e-08 0.001309705 1.0927461e-05 9.164515e-07 1.2085697e-08 5.6380955e-10 2.7067542e-06 6.364756e-09 2.5106678e-07 9.837689e-05 1.0164573e-07 3.558448e-09 6.2483774e-10 3.1266227e-06 3.6972705e-10 7.002043e-10 5.0334674e-09 4.8203415e-09 1.8527698e-08 1.5845465e-08 1.9308376e-10 2.3159227e-10 5.719636e-09 2.2528284e-09 7.411147e-07 5.6534533e-09 1.8244192e-10 9.981842e-08 3.7586513e-08 5.9875345e-09 4.738488e-10 3.0655199e-06 5.3611338e-09 2.3923064e-10 1.7171182e-06 1.2330297e-08 3.0321726e-08 3.2932512e-08 2.2708104e-08 1.046276e-10 4.8718185e-08 1.604322e-09 1.4664915e-09 1.4259702e-08 4.2917967e-05 1.1708577e-10 3.7469496e-11 6.280123e-10 4.74782e-08 1.599214e-09 2.4362726e-10 6.220302e-10 1.7362665e-05 2.129373e-10 4.778504e-10 1.2694022e-08 2.123178e-08 1.32276945e-08 7.685819e-08 4.8409754e-07 3.748133e-09
0.0037455321 0.0031842121 0.22150287 0.72348046 0.73517394 0.0063423836 0.67171925 0.0014611485 7.071355e-05 0.0014654956 0.011678402 0.98341525 5.341475e-13 5.3296485e-06 1.0339117e-05 8.1137376e-05 0.03665516 2.8072784e-05 0.011156789 0.000114318966 1.06225755e-07 1.490291e-08 0.95778894 1.2232883e-06 0.001146171 0.04830237 0.09902521 7.9862886e-08 1.2196021e-07 0.10232421 0.056087583 0.003046981 4.2427746e-07 9.777072e-09 0.008272474 0.00015545421 8.827611e-05 1.1991051e-08 0.0041050897 8.7603375e-08 1.2866649e-07 0.007932101 6.591454e-05 2.9585803e-05 1.6697113e-07 9.0574686e-09 5.112943e-05 7.488994e-09 5.626874e-06 0.0012857721 3.6716665e-06 1.1739723e-07 1.1360675e-08 2.581632e-05 1.0177522e-09 2.553271e-09 1.9004913e-08 6.126092e-08 9.5482584e-08 3.8545045e-07 3.462364e-10 1.528963e-10 3.6780165e-08 2.0315424e-08 1.1797483e-06 6.5784036e-09 1.2294342e-08 7.8064176e-07 5.052995e-07 3.6647954e-08 3.2580245e-09 5.864311e-05 6.0717674e-08 1.6359987e-09 2.9871453e-06 6.290679e-08 2.266656e-08 9.814768e-07 5.1922196e-08 6.0997934e-10 1.3987983e-07 3.3637562e-08 7.284713e-09 2.2653843e-09 4.795746e-05 1.9616926e-10 8.926621e-10 7.454684e-11 5.974917e-07 7.3154984e-09 6.050446e-09 1.0324144e-08 1.1384194e-05 1.8021163e-09 3.777427e-10 2.0972502e-08 8.057296e-08 6.8683303e-09 1.2220971e-07 2.552543e-07 6.556207e-09
0.651112 0.3390864 0.15853366 0.0010424731 0.00012503326 0.79053205 2.8391278e-06 0.79959196 0.936286 0.009240835 5.305846e-07 6.089648e-07 5.3296485e-06 1.8695132e-17 0.39023766 0.7700932 0.15933688 0.90030414 0.028045328 0.9517518 0.14060776 0.85116935 3.0410836e-06 0.78925455 1.3645505e-06 0.0004322732 8.331806e-07 0.044577368 0.018092383 4.9381056e-06 0.0004137961 0.13952743 0.1350611 0.2933519 1.8102131e-06 0.2509341 0.09854922 0.017879725 0.0030707633 0.074311726 0.00048292681 1.0958978e-05 0.0968213 0.000907204 0.00013248023 0.0034310035 0.12830962 0.0055481447 0.0102378065 1.4593331e-07 0.0002615495 0.0010940162 4.8207535e-06 8.0854625e-06 0.0371575 8.2522456e-05 0.0029898689 1.4800401e-05 0.00042095763 0.008042351 0.0006207072 0.00022513412 1.2072203e-05 4.6381716e-05 1.018229e-05 3.9063914e-05 6.932849e-09 0.0011026205 0.03419279 6.6744933e-06 3.4084712e-06 5.1268245e-07 7.322696e-05 4.2719913e-07 0.00953167 0.0013602786 0.002424982 0.00028846326 0.016110662 7.373747e-07 0.014795753 7.8041776e-05 2.4053165e-08 2.290172e-05 0.0070327823 2.6924127e-07 1.07092596e-07 2.1008147e-05 5.3335384e-06 6.48334e-06 2.5267193e-06 1.7141295e-07 0.0069107166 6.0235045e-08 9.4108975e-07 0.000940712 2.916977e-06 0.0046986598 0.0022188844 0.00053876924 0.0011860465
0.38533497 0.6531621 0.06603042 0.0019055143 0.0008715066 0.31038967 0.0004442012 0.6868373 0.46510488 0.9573323 0.0004660241 4.9878e-05 1.0339117e-05 0.39023766 1.12376e-15 0.0045206742 0.028533401 0.3471894 0.00012803165 0.4937497 0.9935399 0.0101738265 8.1735686e-07 0.807072 0.001002965 3.217698e-05 1.2243721e-05 0.29530588 0.34272912 9.718287e-06 5.027179e-05 0.028892033 0.07135015 0.02084252 1.2772658e-05 0.08618233 0.056659512 0.014985251 0.0029318898 0.07359504 1.8954606e-05 1.4536216e-05 0.025289435 0.00053663115 5.570882e-05 0.0015823618 0.04801039 0.0034071049 0.0008775138 9.984284e-07 0.0013104042 1.7470345e-05 9.869902e-07 9.284188e-05 0.016213994 2.033252e-08 5.4068376e-05 9.2568785e-05 0.0005941405 0.00044444395 0.0005514419 5.4777624e-06 6.8742124e-06 1.6445201e-06 0.00024959774 0.00019444697 1.0339018e-05 1.800672e-05 0.017141806 5.6924637e-06 7.2844637e-07 1.05726995e-05 7.183254e-05 1.8043194e-07 0.0005072027 7.851919e-05 0.0007933618 0.00031294092 0.003818783 8.041529e-08 0.001384916 1.02503345e-05 4.0569094e-07 1.2163592e-05 0.0010666741 4.5364022e-08 5.4510576e-07 0.00020622836 1.43748675e-05 2.8281303e-07 1.27940775e-05 4.0419465e-08 0.00090260094 2.7385624e-07 1.7525139e-06 0.00028435668 2.7582746e-06 0.0012228137 0.0009417479 0.00029377872 0.00018618317
0.21814707 0.013453334 0.12303136 0.0023570769 9.507484e-05 0.381028 2.8518878e-06 0.03775114 0.2585616 7.2285206e-05 8.1394984e-07 3.8010137e-06 8.1137376e-05 0.7700932 0.0045206742 5.427086e-15 0.96613455 0.8845796 0.34351668 0.30699 0.00038268624 0.7758421 6.6026373e-06 0.03848305 3.301531e-06 0.037763942 3.6778272e-06 0.0011959407 0.0002734068 0.0009454694 0.007975945 0.94504166 0.08709045 0.016688112 6.4281674e-05 0.7506375 0.64239365 0.0017700032 0.07407153 0.019168291 0.06259034 0.00011942357 0.39571622 0.24246901 0.04696643 0.0030077158 0.17461945 0.0005175172 0.078467436 9.862268e-06 0.012793335 0.021895168 0.010295868 2.4532146e-05 0.0072906986 0.00017718736 0.0014299366 0.0017732362 0.00047627545 0.042003185 5.1092877e-05 2.2286578e-05 0.0011221706 0.01488065 2.9910663e-05 2.7409038e-05 1.7633254e-06 0.010644233 0.016683372 0.0008367165 0.001552568 2.9752869e-06 0.004772958 0.00059088034 0.026027936 0.008681718 0.0011248058 0.0073587433 0.0054539023 0.0002565303 0.009518512 0.0027769418 2.0787445e-07 2.1241303e-06 0.013114199 0.0017323318 3.7889276e-07 1.51757495e-05 0.00195033 0.00022776102 3.839972e-05 1.2043782e-06 0.0049466444 8.518878e-07 0.0005348407 0.0003200842 0.00020217377 0.0008048505 0.0008514777 0.00012552046 0.00048417127
0.9791507 0.040380154 0.7881407 0.3956404 0.16853264 0.28779304 0.005165375 0.20408337 0.23455434 0.021856453 0.0006362218 0.008678271 0.03665516 0.15933688 0.028533401 0.96613455 3.774033e-15 0.46809664 0.96133775 0.30423102 0.0028448224 0.019560022 0.004661952 0.023039881 0.000112584305 0.3497026 0.0005502644 0.0006680913 0.00038745688 0.023370162 0.21909396 0.86172765 0.03883314 0.0010861186 0.009203584 0.5906072 0.6759988 0.0003234501 0.5233833 0.0016933946 0.02133237 0.046285227 0.32287407 0.19722176 0.027485324 2.4921323e-05 0.2419256 2.4266717e-05 0.22991012 0.00086502393 0.029413994 0.028996663 0.0048769535 0.0030303258 0.0008683805 8.757177e-05 0.00047127128 0.0031427061 1.07758415e-05 0.096418604 1.2899834e-07 5.6086877e-09 0.0017140382 0.001242588 0.00160474 1.0279521e-06 0.00019574753 0.0247077 0.04835821 0.0009878987 0.0006714463 0.000113803144 0.0064497152 1.485293e-05 0.1363789 0.0013898042 2.4446272e-05 0.026382321 0.023043852 7.660479e-06 0.043225136 0.00905348 2.58984e-06 6.941798e-08 0.110808566 0.00036451177 2.8825878e-07 7.2561676e-07 0.0040657716 0.0028594683 5.2664714e-06 1.1506919e-08 0.07146194 4.0937454e-07 0.00042190333 8.6483036e-05 0.00092365657 0.0041781603 0.0009061746 7.601238e-05 6.145587e-05
0.9855749 0.017729446 0.34838846 0.010574224 0.0053850883 0.5656915 6.543156e-06 0.6789896 0.84986264 0.06748857 6.1647315e-06 2.8743829e-05 2.8072784e-05 0.90030414 0.3471894 0.8845796 0.46809664 1.0879704e-12 0.0814101 0.86500865 0.08257004 0.85055923 7.669217e-07 0.7527129 4.870824e-08 0.003302909 5.254175e-08 0.05923459 0.0709146 0.00025845968 0.004141342 0.5799515 0.65100944 0.122482486 0.00022467707 0.78154886 0.6239265 0.050325852 0.13896309 0.2621647 0.01645049 0.0004282105 0.4416667 0.04729801 0.014040537 0.0060577304 0.5798251 0.014423212 0.16888957 6.977969e-07 0.01416851 0.024361799 0.0012316108 0.00097471045 0.06317621 0.00035651756 0.01685745 0.0037120397 0.0011892355 0.07648781 0.000120341385 2.8415834e-05 0.0049742716 0.00029419703 9.42473e-05 0.00012123713 8.0274454e-08 0.009810954 0.33992863 0.00081198645 0.00028645355 2.6614416e-05 0.0021229256 6.267631e-06 0.17999619 0.016209317 0.0019169434 0.008409067 0.29184216 1.0644836e-05 0.3134799 0.0030327586 1.1552943e-05 6.020186e-06 0.13430804 2.258275e-05 4.5825727e-06 7.6728975e-05 0.0006417862 0.00042713986 2.0849171e-05 2.697145e-10 0.1706198 1.4954162e-06 0.00049697625 0.0017458131 5.1007282e-05 0.05489306 0.006181796 0.0009896657 0.0028673683
0.24591583 0.002538783 0.14105588 0.026171992 0.0013481344 0.116374746 2.6049413e-05 0.0019646878 0.014958964 1.2412123e-05 8.8669367e-07 0.00039644074 0.011156789 0.028045328 0.00012803165 0.34351668 0.96133775 0.0814101 6.553155e-17 0.056924995 1.206806e-05 0.004689282 0.0007222604 0.0012604082 1.489241e-06 0.97049844 2.1902484e-05 9.133662e-07 2.957745e-07 0.5002421 0.7910476 0.88564336 0.0051840586 0.00022511008 0.056435835 0.090408504 0.17342725 7.193132e-07 0.77458555 0.00061540847 0.030981569 0.19218229 0.07739706 0.71051705 0.051866207 2.6504462e-05 0.017402917 1.3359519e-06 0.04439382 0.0008605055 0.01972761 0.01661573 0.011297989 0.0038995277 0.0008032934 1.908677e-05 2.6029276e-05 0.005395799 9.684315e-06 0.05017085 5.8305474e-08 3.4751318e-07 0.0025361418 0.0035728954 0.001120458 1.15270694e-07 0.00045281666 0.009496892 0.0035338355 0.0011157097 0.00086360605 7.108408e-05 0.004535579 0.00051741506 0.021487942 0.00013972631 6.2299328e-06 0.0076134554 0.0006852446 0.00011018688 0.0020531928 0.0028521898 2.400512e-07 2.4351058e-07 0.010342254 0.00064535945 5.0497715e-07 1.2606027e-08 0.00095689076 0.00013105334 8.1283906e-05 1.1285595e-06 0.0010679867 1.4207386e-06 0.0002597954 6.482447e-05 5.4253236e-05 3.6205027e-05 0.0005706809 5.2874543e-07 2.4296648e-06
0.9897095 0.061159573 0.2362433 0.0078898715 0.0048262067 0.34713498 3.7856844e-05 0.63184804 0.8623775 0.11384244 2.3385108e-05 9.806843e-05 0.000114318966 0.9517518 0.4937497 0.30699 0.30423102 0.86500865 0.056924995 2.7319532e-14 0.29176605 0.81633055 4.9387795e-06 0.7959521 4.7729986e-06 0.0004534089 1.0369149e-06 0.060484856 0.117592804 0.00022118828 0.0006475348 0.36579442 0.49090362 0.1110682 4.6915113e-05 0.5917013 0.45926386 0.03131538 0.03427023 0.23544097 0.0035852601 0.00026269714 0.3503377 0.024924647 0.005434492 0.011211736 0.49219137 0.005860828 0.03696489 5.9681116e-07 0.0025561377 0.0033474483 0.00014071817 3.38501e-05 0.10109777 0.0001487752 0.027583688 0.00018182222 0.0034414753 0.03618266 9.943464e-05 7.348667e-06 4.4072625e-05 0.00011369423 6.4280575e-05 0.0003828662 3.8646355e-08 0.0019059523 0.27916014 5.3571457e-06 1.4390188e-05 5.682191e-06 0.00030902703 9.5315875e-07 0.037661772 0.022276515 0.0023862503 0.0013442648 0.17417872 4.5845263e-06 0.19955441 0.0001135774 4.729811e-06 7.0892997e-06 0.044782996 7.491935e-06 1.0020552e-06 0.0002806485 5.2073523e-05 2.7176578e-05 2.925393e-08 2.7434885e-10 0.06622046 1.5361096e-07 5.869324e-05 0.0010236615 1.2843742e-06 0.060169104 0.004904385 0.0014425702 0.0024101387
0.06912266 0.21129099 0.004948761 4.1386098e-05 4.7348162e-06 0.16787541 3.8265716e-06 0.2912587 0.12177538 0.8474016 1.0571945e-05 9.5285195e-08 1.06225755e-07 0.14060776 0.9935399 0.00038268624 0.0028448224 0.08257004 1.206806e-05 0.29176605 2.8340667e-17 0.0064940616 1.8264928e-06 0.56015205 1.6218888e-05 7.37566e-07 3.5976707e-06 0.7754545 0.7940164 5.6236555e-08 2.1106304e-07 0.00076277106 0.024990063 0.084014095 1.3291503e-08 0.006132376 0.0017603246 0.03827812 8.430284e-07 0.061164364 1.8244405e-06 7.2522205e-08 0.0024281177 2.086971e-08 3.8924437e-08 0.0024485355 0.0053180982 0.025846273 2.3296127e-06 8.825847e-08 3.621058e-07 1.1158911e-06 3.8765418e-09 3.1516063e-07 0.012282186 3.7596482e-08 3.5431608e-06 2.1452851e-07 0.0020501346 4.047928e-05 0.0009280166 0.00027774702 5.3980965e-08 5.2567113e-08 1.8525837e-07 0.00018434589 1.0732765e-09 1.7802035e-06 0.0030972185 2.7132373e-07 5.681768e-08 6.7477686e-08 1.3959431e-06 1.9072592e-09 2.546064e-05 4.178582e-07 0.0006317527 1.65856e-06 0.00074232044 6.190736e-10 0.0002884421 6.912826e-07 2.5087397e-08 6.7704327e-06 4.140315e-05 1.6953664e-11 8.975098e-08 1.1196332e-05 4.3237867e-07 1.0410914e-08 1.1513292e-07 7.120657e-10 3.614617e-05 1.0683954e-08 1.1504477e-09 0.00026874503 7.773136e-09 7.481458e-05 0.00035882613 1.414366e-06 2.2973766e-06
0.5571048 0.0013506658 0.0008637322 3.1855423e-06 1.1825294e-06 0.08419005 6.659427e-09 0.036754306 0.24908884 6.4659334e-06 3.6030613e-08 1.41515395e-08 1.490291e-08 0.85116935 0.0101738265 0.7758421 0.019560022 0.85055923 0.004689282 0.81633055 0.0064940616 1.6497341e-15 5.0600274e-08 0.86318755 1.1503008e-07 4.628854e-06 1.1235587e-07 0.010233233 0.0021403574 8.5472294e-07 4.2186566e-06 0.02060849 0.97113144 0.7804269 4.481126e-07 0.5508438 0.1671176 0.059647698 0.0003115372 0.5526311 0.0048198663 3.8788608e-07 0.18521842 0.0006914939 0.0026559115 0.12675057 0.5023436 0.017648254 0.021705339 1.7932138e-07 0.00047359683 0.0020304706 0.0001629698 1.4825574e-07 0.2036363 0.0023944227 0.21515185 8.415481e-05 0.010319604 0.0141848065 0.010399857 0.0055789663 7.5864125e-05 0.0006810191 3.7686388e-07 0.0007700577 1.9563282e-09 0.0011743497 0.146682 7.439409e-05 6.395503e-05 2.3264943e-07 0.00060821703 1.0339236e-05 0.01231245 0.033619665 0.0139388135 0.00078255194 0.0469768 4.5612534e-05 0.04055703 0.00039850245 1.6596147e-07 0.00032120154 0.009197604 1.0082049e-05 3.6328186e-07 0.0025536392 6.119088e-05 1.4126385e-05 1.1175813e-06 8.0263703e-07 0.009751414 3.9049306e-07 1.9962781e-05 0.0033341788 1.7973554e-05 0.015366079 0.005215371 0.005916738 0.027650807
4.5150814e-06 0.0010983495 0.007227707 0.05368608 0.15237473 0.0006659517 0.47392577 0.00016515741 1.7048826e-05 2.998215e-05 0.0067510586 0.7725129 0.95778894 3.0410836e-06 8.1735686e-07 6.6026373e-06 0.004661952 7.669217e-07 0.0007222604 4.9387795e-06 1.8264928e-06 5.0600274e-08 6.238508e-13 1.2240078e-07 0.009930055 0.016778018 0.9156098 6.0306062e-09 1.7610162e-08 0.14157613 0.05154935 0.0001524242 7.798816e-08 1.3964836e-08 0.060694695 3.6097301e-06 2.8994627e-06 1.5886523e-09 0.0013019628 6.0330567e-09 3.028576e-07 0.032025475 5.5416797e-07 1.2029565e-05 4.7451948e-08 1.2721023e-08 7.4272367e-07 6.8429107e-09 8.0847565e-07 0.008126345 4.032541e-06 2.9701113e-07 1.1206608e-07 3.203184e-06 1.7976948e-09 2.2376885e-10 4.6153562e-10 1.420669e-07 3.979214e-06 6.396974e-08 5.8941413e-10 4.0803236e-10 5.3998985e-08 9.5365875e-09 1.8783412e-06 1.2887949e-08 6.776867e-06 2.0509303e-07 2.2570399e-08 8.0616005e-08 7.622281e-09 0.0010742941 1.656577e-07 1.826478e-09 2.161684e-07 2.7019555e-09 2.739256e-08 4.6087303e-07 5.5436407e-09 1.2470538e-10 8.769629e-09 8.993829e-08 8.719492e-09 1.8393257e-09 1.6855334e-06 3.462564e-09 1.8372817e-09 3.5405254e-10 3.7953103e-07 1.5513017e-08 2.6737288e-07 5.9920245e-07 4.2955878e-07 1.27673045e-08 3.364813e-09 9.05854e-09 3.1384243e-07 3.4171819e-09 1.393159e-07 5.718371e-09 1.4187747e-09
0.98675966 0.0054621524 0.04823703 0.00023206255 8.953552e-05 0.34596795 4.2418677e-07 0.74862903 0.7034582 0.18266353 1.5751332e-06 4.1477247e-07 1.2232883e-06 0.78925455 0.807072 0.03848305 0.023039881 0.7527129 0.0012604082 0.7959521 0.56015205 0.86318755 1.2240078e-07 2.3043496e-12 4.363298e-08 5.4399256e-06 1.2882566e-08 0.71303415 0.69334465 6.598479e-07 3.4133747e-05 0.012752844 0.77160835 0.7621479 3.2034546e-05 0.3285139 0.111581944 0.61052513 0.0007239434 0.8669998 0.00013286184 4.525574e-06 0.12367898 0.00025976318 0.00019228536 0.09266615 0.40866777 0.30570748 0.002618531 6.800021e-07 0.0009029044 0.0002882059 5.38555e-06 3.1038053e-05 0.2271919 1.3200721e-05 0.034305792 5.4396125e-05 0.0922039 0.00562863 0.0038975591 0.0028614365 0.00011806871 7.319327e-06 6.262639e-05 0.0029041811 3.5886927e-08 0.0001179385 0.2869181 1.9218225e-05 4.1510984e-06 4.398168e-05 7.165943e-05 6.2367505e-08 0.023593174 0.00525686 0.024477009 0.00042123537 0.26769656 3.712632e-07 0.18488106 0.00020154237 3.8573286e-05 0.002149414 0.01910674 8.009476e-08 8.759619e-06 0.0014103334 3.681907e-05 0.00013645168 6.4226e-06 4.473442e-10 0.05459919 4.8670354e-06 4.8955226e-05 0.024175243 7.06195e-06 0.15080209 0.050456855 0.003937309 0.011917242
1.2095222e-06 0.011288641 0.002167487 0.0009985619 0.004492138 0.0024584765 0.31948912 0.00064892386 4.4908033e-05 0.3047547 0.9202277 0.004845833 0.001146171 1.3645505e-06 0.001002965 3.301531e-06 0.000112584305 4.870824e-08 1.489241e-06 4.7729986e-06 1.6218888e-05 1.1503008e-07 0.009930055 4.363298e-08 3.9716774e-15 2.5362697e-06 0.8053536 8.3299145e-09 1.6480095e-07 2.662359e-06 1.519017e-05 1.2897374e-07 3.5787997e-09 9.479034e-08 7.3984995e-07 2.5824578e-08 2.4973614e-09 7.17629e-09 4.0365997e-08 1.4795501e-09 6.5327434e-08 2.3295423e-09 1.19355805e-08 2.5369614e-08 2.9713084e-08 2.1431473e-08 4.536177e-08 5.7293896e-08 2.9578912e-11 7.973043e-09 2.1485479e-10 6.0085864e-12 1.2882224e-08 4.5122843e-11 1.0115814e-11 2.6853594e-10 1.4720914e-08 1.8181318e-10 2.4923902e-06 1.8948457e-11 1.678135e-11 3.478701e-10 2.4282177e-11 2.3943343e-09 1.7790958e-11 2.6438596e-07 1.27572805e-11 1.2940237e-09 1.5752711e-08 8.3129705e-11 2.1261688e-12 1.6461733e-07 1.8757561e-10 1.0998377e-09 2.3144322e-08 3.4529481e-09 1.9281531e-08 2.5473996e-09 3.4075708e-08 3.3812747e-10 1.7408408e-09 2.3250002e-10 2.2360959e-11 3.919904e-09 3.5874882e-06 1.2944259e-09 1.4753612e-11 1.6562973e-07 6.4353706e-10 2.2297428e-10 7.1497766e-11 8.089892e-09 3.8066815e-07 9.507065e-11 8.83741e-10 9.460158e-08 4.574457e-09 3.897451e-08 1.4864676e-07 7.0444614e-08 8.324249e-08
0.96401703 0.0012268935 0.12632748 0.09108985 0.051358126 0.01740285 0.0014394507 0.00027335074 0.0007622536 0.00016882298 6.672976e-05 0.008502285 0.04830237 0.0004322732 3.217698e-05 0.037763942 0.3497026 0.003302909 0.97049844 0.0004534089 7.37566e-07 4.628854e-06 0.016778018 5.4399256e-06 2.5362697e-06 4.0201788e-16 0.0006101749 3.614744e-07 1.5884903e-07 0.777313 0.971172 0.40009326 2.1335822e-05 1.9310864e-06 0.15151818 0.021804655 0.075346336 3.0362946e-07 0.71235126 1.5994971e-06 0.002082072 0.714711 0.010435757 0.36470732 0.006439224 4.4451176e-07 0.0014270743 5.0736542e-08 0.031563714 0.010355257 0.020954674 0.008885103 0.0018601832 0.011806083 1.1299028e-07 2.8295656e-07 5.6715555e-07 0.0015573646 5.2063336e-07 0.018072259 2.3199104e-10 1.3616218e-10 0.003584238 0.00014450694 0.0010632586 4.8059487e-08 0.0024325028 0.008957652 0.0010855331 0.00057514635 0.00020078899 0.0007796951 0.0018559173 4.3042014e-06 0.013829641 5.394178e-05 6.4940075e-08 0.006158304 6.537157e-06 3.5208825e-06 0.0005092009 0.0021166294 4.845082e-07 3.042361e-09 0.017139876 0.000256009 7.718844e-08 5.728341e-08 0.0014760173 0.00014429445 4.2289166e-06 1.1042628e-08 0.0014169582 1.085136e-07 2.3364131e-05 1.3120709e-07 3.0385978e-05 2.051469e-06 1.6030276e-06 3.414667e-07 6.0465356e-07
4.3540055e-07 0.0007434278 0.0020516063 0.0017394123 0.008017586 0.00075523235 0.259827 3.9302435e-05 3.4942525e-06 0.0020442929 0.0897317 0.12395529 0.09902521 8.331806e-07 1.2243721e-05 3.6778272e-06 0.0005502644 5.254175e-08 2.1902484e-05 1.0369149e-06 3.5976707e-06 1.1235587e-07 0.9156098 1.2882566e-08 0.8053536 0.0006101749 1.1924638e-15 1.1705755e-11 6.036138e-10 0.0017118255 0.0019497509 1.8260541e-06 7.359275e-09 1.3693486e-07 0.00020754078 3.343683e-08 7.610528e-09 9.603303e-09 3.9016963e-05 2.3743334e-09 4.4808695e-07 0.0008457144 2.7818997e-08 1.6967643e-07 5.6884694e-08 4.1266542e-08 7.637667e-08 3.0574526e-08 5.7306077e-10 0.00025612352 3.2362053e-09 3.222098e-11 1.8755354e-07 3.7948378e-10 4.8947513e-11 1.307582e-10 1.7516497e-08 1.4308162e-09 2.2776794e-06 5.076137e-10 1.9743004e-11 3.055048e-10 1.2004518e-10 1.9050415e-09 5.773849e-09 1.0507213e-07 2.9677272e-09 1.3106744e-08 1.994819e-08 3.8496825e-10 1.4353824e-11 5.4887787e-05 3.276739e-09 2.5749953e-09 9.702901e-07 5.3873244e-09 2.6913822e-08 3.3476013e-08 3.422415e-08 2.6792252e-10 7.477277e-09 2.0753522e-08 8.214011e-10 1.7596185e-09 3.6241643e-05 4.926583e-09 2.4304986e-10 1.01117635e-07 4.0326977e-08 1.0460132e-09 1.7187708e-10 1.0721067e-08 4.309011e-06 7.968614e-10 5.62542e-10 1.1934989e-08 6.190739e-09 1.4764669e-08 1.8279715e-07 5.708479e-08 2.3144588e-08
0.6061557 0.0005084508 1.7794084e-05 1.7167071e-06 5.614088e-07 0.0033506332 4.899597e-08 0.015213608 0.041656237 0.05524107 1.7260963e-07 1.226226e-08 7.9862886e-08 0.044577368 0.29530588 0.0011959407 0.0006680913 0.05923459 9.133662e-07 0.060484856 0.7754545 0.010233233 6.0306062e-09 0.71303415 8.3299145e-09 3.614744e-07 1.1705755e-11 1.416071e-13 0.9983427 3.1470126e-06 1.5645068e-06 0.0031668202 0.062183898 0.3459324 1.4199503e-06 0.026799433 0.008595488 0.34834298 0.00013432377 0.21662544 4.173206e-05 1.9274655e-06 0.002284419 0.00010369674 2.2368407e-05 0.03797851 0.016475353 0.19917959 3.7533486e-05 9.528932e-09 5.6997076e-05 5.116014e-06 3.4973764e-06 0.00023889166 0.03565154 1.8063649e-07 0.0016767454 6.18721e-05 0.06789786 1.1233167e-05 0.016883733 0.0034734742 5.1699653e-06 4.534357e-06 0.0022558256 0.010814728 1.122765e-05 1.702845e-05 0.015921464 6.78135e-07 2.0978543e-06 2.6254799e-07 2.803998e-05 1.01992974e-07 0.00014614969 0.00015421608 0.011759911 2.2154196e-05 0.0074107493 5.7687117e-08 0.00096758554 3.1130674e-06 0.0005986653 0.003644468 0.00070850545 3.422709e-08 7.778306e-05 0.002202583 7.056466e-07 1.1306682e-07 5.71621e-06 1.7595264e-07 0.0004988055 4.753552e-06 2.1357317e-07 0.013330738 4.494852e-07 0.0041620377 0.013014533 0.0006106383 0.0011049779
0.65871847 0.00027491778 1.472015e-05 7.505447e-07 3.2198312e-07 0.0011420434 1.0947551e-07 0.019362243 0.02236372 0.118455455 9.299296e-07 6.33679e-08 1.2196021e-07 0.018092383 0.34272912 0.0002734068 0.00038745688 0.0709146 2.957745e-07 0.117592804 0.7940164 0.0021403574 1.7610162e-08 0.69334465 1.6480095e-07 1.5884903e-07 6.036138e-10 0.9983427 2.82702e-14 3.5679767e-07 3.4929843e-07 0.0007514181 0.06871657 0.16425037 4.4484383e-07 0.017006597 0.0018236483 0.27353263 1.1338438e-05 0.22259623 3.8512435e-06 2.973447e-07 0.0004457218 3.2509438e-06 1.5140266e-06 0.012896803 0.012164666 0.24646711 1.00662055e-05 1.682182e-08 4.3650565e-05 4.696684e-06 5.763378e-08 5.3939057e-05 0.047357254 3.9113242e-08 0.00039969943 1.128093e-05 0.0433754 5.906842e-06 0.023727018 0.012331033 6.333706e-07 1.1768582e-06 0.00022440788 0.005815462 5.2114178e-08 1.8829927e-05 0.010219653 2.4057192e-07 5.19195e-07 1.8832924e-07 2.0714186e-05 7.4416793e-09 8.996922e-05 4.490838e-05 0.011428953 1.1483673e-05 0.00576627 7.788184e-09 0.00085498346 1.2737656e-06 6.11983e-05 0.0061070207 0.00077901495 2.4303517e-09 6.589226e-06 0.0010073674 9.0761284e-07 8.0858705e-08 8.9406495e-07 2.0574802e-10 0.0008521117 2.7665635e-07 6.9772405e-08 0.014885235 2.2669168e-07 0.0048617474 0.008022182 0.0004675258 0.0010014568
0.017318256 0.00012625112 0.0039059932 0.009040086 0.0033976948 0.00066650234 0.0006095561 2.6970749e-05 2.2676197e-05 5.4084794e-06 1.427962e-05 0.008924806 0.10232421 4.9381056e-06 9.718287e-06 0.0009454694 0.023370162 0.00025845968 0.5002421 0.00022118828 5.6236555e-08 8.5472294e-07 0.14157613 6.598479e-07 2.662359e-06 0.777313 0.0017118255 3.1470126e-06 3.5679767e-07 1.847413e-12 0.9452363 0.0064021875 1.2199548e-05 1.210611e-07 0.98834145 0.0007166384 0.0014248551 3.1708642e-09 0.11630116 3.3496583e-06 6.445977e-05 0.8591413 0.0005524773 0.011140629 0.00012555302 1.0449534e-07 0.00016237205 2.9323482e-08 0.0007291143 0.32487252 0.0014365707 0.0005002255 6.6553206e-05 0.0024424798 5.3173874e-08 8.715273e-08 9.274417e-09 0.00057005376 1.8592385e-07 0.0004950606 9.726048e-10 1.0468874e-09 0.0003321259 9.478934e-06 0.005543134 6.719228e-09 0.01705064 0.00076025573 3.1838294e-06 6.436835e-05 3.224733e-05 0.007237467 0.0003445155 2.1467988e-06 0.00016445079 4.924134e-08 2.2958345e-08 0.0007660293 3.376559e-07 2.605411e-07 4.325845e-07 5.888976e-05 1.055449e-06 9.534501e-08 0.000221183 1.6245893e-06 2.3816223e-07 4.253287e-09 6.635262e-05 1.0448877e-05 6.433512e-06 2.7443746e-05 3.4075725e-05 2.2772733e-06 1.1144829e-08 1.1447076e-07 5.963293e-05 7.111367e-08 2.806127e-07 3.115834e-07 6.7478676e-09
