3.3269783e-15 0.9586148 0.5859054 0.9725652 0.9797439 0.98246276 0.49787772 0.97257334 0.9848609 0.9633836 0.9784767 0.9892865 0.7180969 0.9631161 0.9849637 0.98878723 0.9832353 0.9671252 0.98429173 0.9281869 0.58493656 0.9937311 0.9870763 0.9803397 0.9704961 0.9740154 0.9688264 0.8841625 0.88687325 0.94987786 0.99671376 0.30643755 0.9582787 0.07749001 0.98236763 0.98949426 0.9849203 0.55774665 0.9823234 0.85315156 0.98100024 0.90601057 0.93023366 0.9777705 0.9530854 0.9990234 0.9981674 0.99875593 0.7392417 0.9874396 0.9718887 0.8782878 0.91888875 0.46532282 0.6982485 0.9643833 0.9082315 0.853864 0.43180814 0.78941405 0.786215 0.88047194 0.99731416 0.8196891 0.13630177 0.9568089 0.035432603 0.9999405 0.984959 0.058993585 0.035507232 0.9999942 0.9203106 0.9972059 0.8395015 0.9999465 0.026591105 0.9887517 0.011711433 0.33739334 0.20932643 0.8645371 0.020987112 0.3840724 0.163348 0.7018388 0.033742774 0.9995192 0.9862528 0.9987523 0.3876191 0.12728237 0.9932108 0.9829113 0.036133103 0.14823695 0.0013732512 0.16289867 0.86444575 0.021844788 0.003176849
0.9586148 3.2009888e-15 0.9566819 0.71180177 0.83785367 0.7379794 0.39011237 0.12383096 0.550747 0.12218914 0.45789975 0.6081127 0.7688555 0.09271959 0.03969018 0.11634869 0.39110202 0.002987888 0.01990872 0.22286676 0.0832956 0.24980994 0.5143581 0.0014172624 0.006328759 0.00078485464 0.00035202276 0.13588391 0.0001272583 0.0324065 0.14608526 0.32950532 0.00478101 0.00016679823 0.012579448 0.06291212 0.020225426 0.010126024 0.026108341 1.5130417e-05 0.0039934646 0.00042136572 1.9141655e-05 0.25521123 0.031467568 0.14504659 0.073411584 0.0695993 0.07393022 0.00016380246 0.00070288253 0.035761587 0.008727933 0.006379196 0.10603378 0.0018626854 0.0012993003 0.099538006 0.0022362587 6.666547e-06 0.0016002577 7.190409e-07 0.0018748854 0.0005472171 0.016254574 1.3843918e-06 0.0013438547 0.0059646843 0.01757464 0.004929905 0.00016847398 0.07921446 9.004982e-05 0.0005175686 1.3465205e-05 0.013396072 0.00019038748 1.6307527e-05 5.7800593e-05 4.917538e-07 2.7842154e-05 5.132399e-06 9.594018e-06 1.5915731e-07 1.0191105e-06 6.347641e-06 5.536131e-06 0.0052693477 2.6946762e-05 0.0038122372 0.00054788525 4.5689987e-07 0.006810438 0.008355181 1.7711049e-08 7.373413e-06 4.1684288e-07 6.872063e-06 7.4632817e-06 2.1106425e-05 1.7126076e-06
0.5859054 0.9566819 3.7545944e-20 0.89088374 0.5058712 0.40257785 0.90721923 0.150415 0.67729473 0.42115614 0.6119703 0.62745535 0.672948 0.15624714 0.0540545 0.15267536 0.16410324 0.010942208 0.0062866267 0.12090136 0.17896923 0.068121724 0.10723173 0.0067298617 0.0025479079 0.044800274 0.019617882 0.028947769 0.0008017776 0.008133269 0.02240379 0.48743162 0.002375045 0.0005193644 0.015987994 0.0063665784 0.03693315 0.009248479 0.001403421 4.895826e-05 0.00017593343 0.0018228712 4.4678723e-05 0.016312 0.0006004977 0.018134516 0.00752303 0.027236622 0.00027500378 0.00015973706 0.00031053284 2.8762444e-05 7.867041e-06 1.5614907e-05 1.8521776e-05 0.00045509258 7.327879e-05 0.00012584637 1.4512287e-06 1.3232384e-05 7.02297e-06 5.0152545e-07 0.0025416792 4.5726517e-07 3.9181887e-05 4.472941e-05 9.729378e-08 0.0002940119 0.008285015 2.4114937e-07 1.9421502e-07 0.008497478 1.8659921e-07 0.00048957916 5.323388e-07 0.013844183 1.9727385e-07 2.6960063e-06 6.965047e-08 3.1047475e-06 2.3767634e-06 3.0335888e-05 3.0978904e-07 6.905808e-07 1.15561825e-07 7.1310076e-08 8.116469e-07 0.0070547923 1.3363247e-05 0.0033908098 3.0884715e-07 5.4311495e-06 0.0042340094 0.0013033915 3.9561774e-06 2.943157e-08 3.1394944e-08 1.0130639e-06 5.2089905e-07 4.5683453e-07 9.104511e-09
0.9725652 0.71180177 0.89088374 4.480465e-12 0.5318367 0.4987547 0.77424127 0.43979907 0.8389985 0.4809239 0.8346688 0.45314252 0.2949697 0.18256429 0.12988752 0.45034233 0.13991342 0.117484465 0.0014086309 0.025650857 0.054998007 0.11299486 0.24520639 0.08598376 0.025440946 0.044499043 0.00843117 0.028148815 0.015335935 0.009398593 0.02624801 0.15729608 0.0014354996 0.00052124046 0.019119246 0.0014546665 0.081746876 0.0007803672 0.059654668 0.0005211038 6.651094e-05 0.0014266125 0.0021693516 0.123013854 0.05949398 0.018642902 0.0019691533 0.04912439 0.0749168 0.0010431204 8.760455e-06 0.007899504 0.0016089994 0.009812579 0.05712272 7.57783e-05 6.755086e-05 0.024748856 0.002656516 0.0015387678 0.008052424 0.000121071214 0.008475057 0.0002410311 0.0062933504 5.5095883e-05 0.00069874217 0.0003271468 0.0335294 0.0007439335 0.00011095655 0.010065319 7.1636805e-07 0.0024546413 2.775099e-07 0.032503366 0.000107445485 9.959583e-06 2.6818601e-05 3.3040917e-06 0.0008910382 4.690406e-05 4.9619575e-05 8.425863e-07 3.991231e-06 6.240356e-08 4.677635e-05 0.01424262 0.0010270316 0.017398976 0.00016106191 1.2983489e-05 0.015406488 0.01696779 5.5088595e-08 4.6288402e-08 1.8631125e-06 0.0027109254 9.318502e-08 6.498701e-05 2.653419e-06
0.9797439 0.83785367 0.5058712 0.5318367 1.4179158e-11 0.91257346 0.14491089 0.035808757 0.5392089 0.028199704 0.47727507 0.32730877 0.9262409 0.016923856 0.003929357 0.20619331 0.65852433 0.0009266166 0.13023227 0.4054272 0.011206589 0.46694946 0.5627181 0.0010618323 0.017123433 0.0006288479 0.00018165757 0.27977392 5.3732914e-05 0.14622736 0.37698624 0.1349672 0.046905663 5.516315e-06 0.0019133389 0.18021055 0.031585965 0.03647355 0.007919222 6.456706e-07 0.018503215 0.00011828295 6.100658e-07 0.19673559 0.011444977 0.3539534 0.13185412 0.0869496 0.040676955 1.0803295e-05 0.00096319854 0.029488321 0.012592536 0.0020070474 0.04909191 0.0037310524 0.0015058183 0.032661043 0.00026704406 3.552782e-07 7.526786e-05 7.800602e-08 0.002055678 0.0008333687 0.008537073 5.60611e-07 0.00016419441 0.011785677 0.014791598 0.001308682 0.00018791636 0.1194347 8.0364895e-05 0.00052333594 8.743211e-06 0.02836518 2.5133846e-05 2.4693778e-05 5.269649e-05 2.4196268e-08 1.3419246e-05 1.8416391e-07 1.4489572e-07 9.873658e-09 1.4947261e-08 4.6069003e-06 4.31556e-07 0.009940606 0.00018181701 0.004775348 5.3531596e-05 7.4540274e-08 0.0076021883 0.012255546 5.8936134e-10 7.8181296e-07 4.817253e-09 2.0544776e-05 5.3793287e-06 9.3073083e-07 2.1287294e-08
0.98246276 0.7379794 0.40257785 0.4987547 0.91257346 5.863736e-12 0.08788545 0.012681863 0.4790488 0.010540993 0.33880994 0.24917866 0.93964636 0.0034961407 0.00067571615 0.12491292 0.6891946 4.674473e-05 0.1614552 0.5327602 0.0065230727 0.47033113 0.5510371 0.00015559765 0.010860131 0.00016130939 3.3813965e-05 0.3031102 5.2435685e-06 0.15470885 0.37929696 0.10106078 0.08172314 1.0736129e-06 0.0008244034 0.21695897 0.007401051 0.060707144 0.003038279 6.293524e-08 0.03959943 2.1787799e-05 1.2869017e-07 0.17655642 0.005775624 0.32828897 0.20164391 0.07753178 0.024458492 8.804011e-07 0.0033722573 0.025395043 0.013685818 0.0011595385 0.03115864 0.0062376144 0.0029954638 0.023786813 6.241699e-05 1.3429238e-08 8.998069e-06 1.7332503e-09 0.0010606776 0.0015755028 0.0056097847 6.891561e-08 0.00014521494 0.015216873 0.009769738 0.0019686378 0.00018046628 0.1767471 0.0003299995 0.00028382317 5.1946347e-05 0.0154887885 2.0613761e-05 4.7928108e-05 3.313225e-05 1.8653436e-08 1.2377188e-06 3.578563e-08 2.032152e-07 4.8292312e-09 8.103622e-09 4.1179796e-05 6.77519e-07 0.0071380576 6.491838e-05 0.0026882607 0.00011478741 2.5935346e-08 0.005320079 0.0093252035 4.921791e-10 2.9812995e-06 7.697096e-09 3.1955787e-07 8.660903e-06 1.3641836e-06 2.3869578e-08
0.49787772 0.39011237 0.90721923 0.77424127 0.14491089 0.08788545 5.1624937e-20 0.948681 0.5797411 0.9171859 0.4741972 0.4796583 0.06339154 0.66550225 0.17853853 0.07859579 0.026278585 0.1536784 0.00013237163 0.009353041 0.51391566 0.023282347 0.04869246 0.07860091 0.00044446517 0.056059092 0.020925043 0.002246805 0.008186372 0.00068554824 0.007520638 0.24043101 8.381288e-05 0.0048370906 0.013682385 0.0014548745 0.013145616 0.00090432365 0.0043352 0.00060271256 8.778235e-06 0.0027864773 0.00047462975 0.002632858 0.0016243594 0.005502025 0.0013582855 0.011933557 0.00012812852 0.00026552292 3.185296e-06 1.8996852e-06 6.635768e-07 2.6032578e-05 3.6163477e-05 4.6697056e-05 4.6546816e-07 6.144913e-05 6.5628046e-06 3.7582806e-05 2.475957e-05 8.3400855e-06 0.00067782187 3.0129246e-07 1.7370416e-05 2.354464e-05 6.3552466e-07 3.483919e-05 0.005261023 4.750495e-07 2.6418329e-07 0.0016641143 5.7241472e-08 0.00017893147 1.7476685e-08 0.0027506084 9.683479e-07 2.2956496e-07 2.7341548e-07 5.4457546e-06 1.881783e-05 3.6750665e-05 1.6142466e-06 2.2358715e-06 8.6925496e-07 1.7479719e-08 4.567448e-05 0.0015186167 3.4335596e-06 0.0008029491 8.6904527e-07 5.2927368e-05 0.0012872431 0.0011809467 1.3696882e-05 2.8604674e-08 3.7800774e-07 2.1884666e-06 1.8857817e-07 5.3759136e-06 1.2576172e-07
0.97257334 0.12383096 0.150415 0.43979907 0.035808757 0.012681863 0.948681 4.098174e-15 0.45834315 0.8813207 0.27194172 0.49728748 0.016644254 0.5860669 0.31358802 0.112027936 0.03050053 0.59480745 4.409928e-07 0.0039279596 0.90935165 0.049411654 0.026430642 0.43815726 0.0005477987 0.08238156 0.01721116 0.006297698 0.11598542 3.490281e-05 0.00834623 0.2337904 8.030819e-07 0.013195399 0.044393297 0.00022164671 0.049901616 0.00039795064 0.36153096 0.040270846 1.577345e-07 0.0051327394 0.052351683 0.026619308 0.24919258 0.022959009 0.00039509125 0.02283105 0.1760216 0.0005776067 1.8084883e-07 0.00016349688 2.9636758e-06 0.04533097 0.072375916 1.1996799e-05 3.729378e-07 0.0119348075 0.04391897 0.005761955 0.14378178 0.0018258366 0.000594723 9.162264e-08 0.012328489 6.101473e-05 0.002995361 2.0659281e-05 0.0098817 0.0023313065 3.2898908e-05 0.0044119814 1.652007e-08 0.0004996685 2.253817e-09 0.01390169 0.0022628962 8.251277e-09 2.226336e-05 1.3211339e-05 0.038734328 9.135279e-06 0.0014719549 2.4097753e-06 1.5410706e-05 4.07492e-09 0.0050194236 0.0073988815 6.3215644e-05 0.008038988 4.545107e-06 0.0019868189 0.0064667077 0.007536746 1.4340115e-05 6.1408287e-09 8.8493995e-05 0.013305405 2.7206346e-09 0.0019213571 0.000113735776
0.9848609 0.550747 0.67729473 0.8389985 0.5392089 0.4790488 0.5797411 0.45834315 3.50292e-12 0.41489574 0.95800805 0.5100778 0.21056771 0.224491 0.2602276 0.79416966 0.17398348 0.16345933 0.00054033066 0.037701916 0.06618197 0.13727558 0.21240577 0.14989349 0.21883066 0.1487249 0.026536476 0.02167865 0.025505858 0.0024915694 0.025007162 0.11558163 0.00038922843 0.0038898597 0.07282594 0.0033089656 0.1682386 0.006996681 0.05038498 0.0027159404 3.6662834e-05 0.005700439 0.008707298 0.10083235 0.049753178 0.03483 0.0049712295 0.09562106 0.06373334 0.0015637402 1.2402646e-05 0.0037638082 0.00016851301 0.006165541 0.035297737 0.0012923122 9.7139105e-05 0.013715568 0.0035029561 0.0022228358 0.0130987 0.00057115237 0.032822642 3.8532515e-05 0.0022758394 7.682306e-05 0.00023418774 0.00056854385 0.07808907 0.0003483288 5.076665e-06 0.017027808 3.7221298e-07 0.006821628 2.812372e-07 0.068457715 0.00012800773 8.0182035e-06 2.5103398e-05 6.8762974e-06 0.0020308173 0.00013288247 7.0955216e-06 3.7569741e-06 8.546215e-06 2.1303798e-07 8.2347695e-05 0.023592815 0.0035324793 0.03030156 5.6553094e-05 6.3203115e-05 0.023006171 0.024944374 4.437056e-06 8.640175e-07 1.1182924e-06 0.0044515156 3.2641546e-07 4.5868463e-05 2.8069662e-06
0.9633836 0.12218914 0.42115614 0.4809239 0.028199704 0.010540993 0.9171859 0.8813207 0.41489574 7.439424e-16 0.30018204 0.54804635 0.0034426225 0.88435394 0.6036469 0.10827919 0.016487218 0.73646283 2.8146394e-07 0.0008933602 0.6156724 0.014960775 0.026965125 0.53305495 0.00025492386 0.22098197 0.10836509 0.001329671 0.22581916 2.4525314e-05 0.0015324327 0.09228288 3.7499706e-07 0.07596411 0.10777387 5.4421704e-05 0.076793656 1.4178971e-05 0.29331163 0.059789438 3.14546e-07 0.01543173 0.1152908 0.021473404 0.1242141 0.00881815 0.00011950707 0.021863338 0.106850244 0.0017183713 6.787034e-08 0.00020202517 1.0783023e-06 0.016311796 0.07053215 5.7458933e-06 1.5893298e-07 0.005060265 0.02126816 0.022411605 0.10214138 0.0035860587 0.0014569532 4.325636e-08 0.007693818 9.4060255e-05 0.00064421294 1.6262759e-06 0.00800346 3.145484e-05 6.0843045e-06 0.0016087793 4.447555e-09 0.00053090905 1.5223176e-09 0.011328674 0.00017848273 3.915906e-09 4.088063e-06 1.1568179e-05 0.013891631 3.8716247e-05 0.0004115989 4.92443e-06 7.264103e-05 9.956105e-10 0.0040966286 0.0032687844 0.00013351877 0.013121624 2.2781149e-05 0.0015162404 0.0044912193 0.015876962 7.200432e-06 2.8238047e-09 3.0905087e-06 0.029124022 7.6816925e-10 0.0006038149 5.9538684e-06
0.9784767 0.45789975 0.6119703 0.8346688 0.47727507 0.33880994 0.4741972 0.27194172 0.95800805 0.30018204 3.5929947e-11 0.31524357 0.1499017 0.17694166 0.29260087 0.9091736 0.20139125 0.070181 0.0011104415 0.04512303 0.03414222 0.17872842 0.18075135 0.059776552 0.31562456 0.10594604 0.023581563 0.016450835 0.0056049805 0.0022216393 0.031462412 0.068388626 0.00030803104 0.0031896161 0.1258747 0.0046814014 0.307574 0.011000966 0.024173353 0.000664108 8.13454e-05 0.005653956 0.0014510792 0.0636181 0.014594384 0.03870351 0.00679915 0.1494958 0.018082205 0.0021848308 3.64403e-05 0.0012791029 0.00013741832 0.0013810485 0.0070492807 0.0028440452 0.0001855964 0.0071835318 0.00074474234 0.0009541834 0.0033880782 0.00023503148 0.059586633 1.0290944e-05 0.0015399526 0.00012008698 6.359284e-05 0.0005634514 0.091170006 0.0002346597 1.704537e-06 0.014122542 1.0032342e-06 0.013846772 7.603289e-07 0.071864136 3.6579782e-05 9.210721e-06 1.1527641e-05 2.1613852e-05 0.0012648749 0.00013479241 1.4296795e-06 5.2966775e-06 8.943085e-06 3.3035798e-07 3.2807988e-05 0.028666696 0.005752698 0.042404238 3.4214638e-05 2.1378188e-05 0.030207371 0.0461806 3.3786932e-06 5.333851e-07 3.0146634e-07 0.0019830347 5.305978e-07 1.32673495e-05 4.5783023e-07
0.9892865 0.6081127 0.62745535 0.45314252 0.32730877 0.24917866 0.4796583 0.49728748 0.5100778 0.54804635 0.31524357 1.1061736e-14 0.16606651 0.22945005 0.07866134 0.086053014 0.17105989 0.12668377 0.0011016403 0.018939631 0.82711023 0.15759143 0.41027138 0.15527064 2.7436761e-05 0.015561843 0.0024377594 0.064319484 0.029528532 0.011480981 0.11929252 0.95353526 0.0009080467 5.5224707e-05 0.019901251 0.020361407 0.039630402 0.00044386278 0.2027558 0.0022172376 0.00044675978 0.0014841164 0.0028655245 0.36232528 0.3273962 0.14112458 0.009174843 0.030364979 0.43968678 5.5827742e-05 0.00014498524 0.011826649 0.0013998866 0.08482261 0.24989101 1.07987e-05 5.790647e-05 0.12298367 0.041606646 0.0006248879 0.03598159 0.000108010136 2.5310737e-05 4.52688e-05 0.07404655 7.1106624e-06 0.0108408425 0.002532002 0.016499307 0.025887487 0.002366818 0.03177775 1.333335e-06 8.094385e-05 5.464903e-07 0.024836356 0.0046946714 7.774178e-06 0.0024720347 6.201689e-07 0.0067849774 1.1743232e-06 0.0004436662 1.7209861e-07 9.259929e-06 1.11389696e-07 0.0013172353 0.014677944 3.9108063e-06 0.010210827 6.21631e-05 5.525316e-05 0.015770346 0.010772026 9.336186e-08 1.6294716e-07 4.5681318e-05 0.0017765784 3.1334628e-07 0.00038289154 0.0001715465
0.7180969 0.7688555 0.672948 0.2949697 0.9262409 0.93964636 0.06339154 0.016644254 0.21056771 0.0034426225 0.1499017 0.16606651 1.1884839e-18 0.00424183 0.002701925 0.11627948 0.80869997 0.00014703855 0.53979284 0.00021028603 3.5454607e-07 0.30036494 0.55193186 0.00017036531 2.5125853e-06 0.0009005361 0.0003684856 0.22400302 8.747882e-06 0.39113003 0.5352339 4.2750053e-06 0.326231 5.315648e-10 0.0049805823 0.3140458 0.014739552 5.6898455e-07 1.3411596e-05 1.63288e-07 0.16919054 2.6448015e-06 1.1689152e-08 0.04821695 4.602404e-06 0.41361588 0.17320082 0.02045952 9.041477e-07 3.112769e-07 0.03496667 0.001933391 0.015390916 1.1413911e-06 2.3708142e-06 0.0039441944 0.09196849 0.00034295203 1.204744e-07 1.1067172e-08 3.7352934e-09 1.5105285e-09 0.0015978984 0.0019145967 3.770301e-06 2.4583799e-06 3.4036407e-08 0.016280226 0.0048891963 1.158132e-06 1.4032148e-06 0.09983348 0.0013327294 0.0014364446 0.001280603 0.011048446 3.0725587e-08 0.0008443219 1.6248768e-07 1.5973849e-09 6.876992e-10 5.787491e-08 3.711087e-08 8.2170976e-10 9.441563e-10 2.3457767e-05 7.0572774e-08 0.0012999851 2.0468993e-05 0.00043028124 3.7914347e-06 1.353086e-10 0.0013133285 0.000664108 4.543817e-11 4.6329615e-06 2.4503207e-08 1.7234157e-10 7.747545e-05 5.633135e-08 9.4334505e-09
0.9631161 0.09271959 0.15624714 0.18256429 0.016923856 0.0034961407 0.66550225 0.5860669 0.224491 0.88435394 0.17694166 0.22945005 0.00424183 7.735878e-13 0.9712921 0.13480847 0.005880844 0.5111785 4.044522e-06 0.00065841165 0.109191366 0.009497217 0.03255836 0.6121624 0.0012676526 0.5423606 0.3845698 0.0009906937 0.14409818 9.565772e-05 0.0007872302 0.014603776 1.0006509e-05 0.45133084 0.15927814 0.00011573548 0.07458087 4.459869e-05 0.056289975 0.02453581 1.4702944e-06 0.09565171 0.082384266 0.016553642 0.022668846 0.0017159878 0.00028170607 0.011907891 0.01014165 0.017789098 1.1743837e-06 0.00030677454 3.1844927e-05 0.0030164858 0.0060066637 6.074237e-05 3.2106677e-06 0.0040483857 0.0033964491 0.06784785 0.028969463 0.026379269 0.0051996256 5.2678824e-06 0.0025806266 0.00068438286 0.00016184936 6.468197e-06 0.015950013 4.4453038e-05 3.0816755e-05 0.00058981765 2.947876e-08 0.0030433238 5.3257313e-08 0.008270943 0.00013431339 1.237399e-06 0.00021356657 0.000114698996 0.0059437794 0.0003120201 0.0001824331 9.773418e-05 0.00042770707 3.4062907e-08 0.0017409357 0.0068459245 0.0015009178 0.01703693 0.00030952698 0.0019002362 0.0061967955 0.018588133 0.00018932756 9.558518e-08 1.6327158e-06 0.032416284 1.451927e-07 0.0006887787 2.7588717e-06
0.9849637 0.03969018 0.0540545 0.12988752 0.003929357 0.00067571615 0.17853853 0.31358802 0.2602276 0.6036469 0.29260087 0.07866134 0.002701925 0.9712921 9.382404e-12 0.45376885 0.003939437 0.17804885 1.6604592e-06 0.00054504705 0.012067359 0.0061590993 0.012900064 0.38162073 0.0021469055 0.6995106 0.792996 0.00083359395 0.041056868 1.8234134e-05 0.00025834114 0.0019003712 6.9952757e-06 0.33143342 0.8287602 5.5469514e-05 0.38615853 5.6608234e-05 0.01517981 0.0024128377 4.4878487e-07 0.30215546 0.022968883 0.00299466 0.0016405613 0.00060210936 4.8770973e-05 0.016090058 0.00059019605 0.11616117 2.4393566e-07 8.996107e-05 5.4444597e-05 0.00028760955 0.00014509549 2.0076934e-05 8.754053e-07 0.0011061635 0.00038744434 0.041503422 0.0033098601 0.028661095 0.01682322 1.28283e-05 0.0006067704 0.0038104467 2.0752823e-05 1.1573459e-06 0.042821128 2.8587403e-05 3.5365123e-05 0.00033944045 3.649624e-08 0.016131664 2.7678634e-08 0.01649827 3.5323428e-05 3.431126e-07 9.1522175e-05 0.0003617793 0.00062995055 0.001156994 1.8414408e-05 0.0004891297 0.0004301188 8.048553e-09 0.000471763 0.015805827 0.007687525 0.073081054 0.00025929738 0.00042681064 0.03480419 0.096203916 0.00024300312 3.4962105e-07 2.2297249e-07 0.0071880994 6.437378e-08 0.00018704901 9.0581597e-07
0.98878723 0.11634869 0.15267536 0.45034233 0.20619331 0.12491292 0.07859579 0.112027936 0.79416966 0.10827919 0.9091736 0.086053014 0.11627948 0.13480847 0.45376885 1.0195858e-10 0.20875931 0.026692737 0.0060281637 0.05463355 0.024648178 0.2673509 0.065555304 0.02000845 0.6920845 0.073736764 0.059715573 0.010550603 0.0019218115 0.0019828165 0.045400973 0.020554837 0.00023661002 0.011354827 0.6023572 0.011370003 0.78762215 0.036438175 0.014265003 0.0011774566 0.00046724387 0.018145293 0.0020286106 0.01476049 0.005718252 0.047141697 0.01247496 0.3711634 0.0041334527 0.013131388 0.0007668128 0.00038278403 4.1687035e-05 0.00022919319 0.00054222357 0.014542006 0.0009684367 0.0027861649 0.00014258547 0.0042905053 0.0009783593 0.0039370675 0.34770688 6.878501e-06 0.00060287555 0.0024282115 5.1077013e-06 0.0013957242 0.38167578 1.4140539e-05 1.4312442e-06 0.04227398 4.088496e-06 0.07954853 8.9193545e-06 0.27857286 2.818646e-06 3.086328e-05 5.01597e-06 0.0004735819 0.0008877286 0.0011961854 9.2794704e-07 0.00023986347 0.0005113994 8.528023e-07 4.412097e-06 0.21707034 0.027320871 0.15803432 3.694866e-05 3.011724e-05 0.16211937 0.18903492 1.6805714e-05 1.8946156e-06 2.1293498e-07 0.004655284 1.8030717e-06 4.1861067e-06 2.0093273e-07
0.9832353 0.39110202 0.16410324 0.13991342 0.65852433 0.6891946 0.026278585 0.03050053 0.17398348 0.016487218 0.20139125 0.17105989 0.80869997 0.005880844 0.003939437 0.20875931 5.618739e-10 0.0014973606 0.40268692 0.6370514 0.005339908 0.915427 0.3182581 0.00055355165 0.39950955 0.0007344005 0.00018511065 0.1439581 0.00010835771 0.13287531 0.74288833 0.051787134 0.06731443 4.4395718e-05 0.0036688508 0.38283905 0.049571157 0.6111368 0.0030863958 3.8684248e-05 0.16235101 0.0003007337 2.713566e-05 0.09982853 0.002999492 0.5476138 0.34428933 0.17996164 0.008320868 0.00019200482 0.05073059 0.018129034 0.01774643 0.00039482344 0.0046754233 0.040728077 0.051363397 0.0155397225 9.537562e-05 7.8080564e-05 0.0005495889 4.3749237e-06 0.03508899 0.007432046 0.0027024357 3.1199732e-05 7.642612e-05 0.051579505 0.08430171 0.00058574305 0.00027592323 0.40409586 0.0016241852 0.012561167 0.00045408247 0.17460929 3.3767366e-05 0.002228469 7.067775e-05 1.3073565e-06 0.00019661395 2.9653655e-05 3.1942977e-06 5.0516314e-07 9.960404e-07 0.00026657636 3.0362296e-06 0.042462014 0.0034837166 0.018167794 0.00091775035 8.4002204e-07 0.018152034 0.016580414 3.2515203e-08 0.00010790151 1.1366333e-06 0.0002561543 0.0004564241 4.145914e-05 9.102033e-06
0.9671252 0.002987888 0.010942208 0.117484465 0.0009266166 4.674473e-05 0.1536784 0.59480745 0.16345933 0.73646283 0.070181 0.12668377 0.00014703855 0.5111785 0.17804885 0.026692737 0.0014973606 4.964483e-17 2.4149964e-09 2.8839573e-05 0.92643785 0.00294214 0.00085722265 0.89004976 1.7202019e-05 0.29326794 0.047284402 1.1730411e-05 0.900682 6.575949e-08 0.00012266003 0.06605713 2.7033578e-09 0.14372277 0.031583097 1.5500995e-06 0.017154306 2.0411115e-07 0.61615807 0.6442929 8.16394e-09 0.009000631 0.5979542 0.00045445218 0.22329246 0.00039015195 9.858697e-07 0.0058907513 0.037982054 0.00013612714 3.7223782e-09 4.5864613e-07 6.926281e-09 0.024947446 0.015209132 2.2203449e-06 4.1663874e-08 0.0002831719 0.0646821 0.010656407 0.5041918 0.0014557483 3.360705e-05 1.0635864e-09 0.0008219803 5.870614e-06 0.00084089785 2.3367807e-07 0.0033066878 2.775737e-05 8.5731165e-07 0.00019924695 9.921473e-10 3.7300684e-05 1.3624485e-09 0.0028351503 0.0016729 1.6167043e-09 2.808841e-06 1.7594836e-06 0.12911579 7.002581e-07 0.008232948 1.1846245e-06 1.7258184e-05 1.7364832e-09 0.04124427 0.002083845 6.302137e-06 0.0019613612 7.899017e-07 0.028174492 0.0024038174 0.0037825918 5.7243196e-05 2.003554e-09 0.00042518583 0.037017196 6.4478783e-10 0.012743429 0.00066057424
0.98429173 0.01990872 0.0062866267 0.0014086309 0.13023227 0.1614552 0.00013237163 4.409928e-07 0.00054033066 2.8146394e-07 0.0011104415 0.0011016403 0.53979284 4.044522e-06 1.6604592e-06 0.0060281637 0.40268692 2.4149964e-09 2.7400197e-15 0.9627953 1.9748017e-05 0.3154899 0.31529105 2.8567271e-08 0.00085181475 5.947901e-07 6.216965e-08 0.55843556 6.718997e-09 0.3794108 0.5342921 0.004384771 0.54322267 2.7358291e-09 1.3847754e-05 0.6210562 0.00063310284 0.37258744 5.0181205e-07 4.712548e-10 0.86382455 2.9995576e-08 8.9959595e-11 0.075197995 9.3728397e-07 0.41455308 0.54320455 0.03388326 6.7480425e-05 6.5873274e-10 0.29942885 0.034455832 0.116446465 2.2191647e-07 4.8656922e-05 0.10414243 0.24077694 0.014269173 3.6199793e-08 1.5662906e-10 1.4246788e-08 1.0099273e-11 3.3930417e-05 0.092410594 0.0013598623 1.5037328e-09 2.0143253e-07 0.11834146 0.0018740363 0.00011358543 0.0007808961 0.43404305 0.043702077 1.7568906e-05 0.010881923 0.00810394 1.07208265e-07 0.013687417 7.285891e-06 7.4290396e-10 4.3176307e-09 8.6331364e-10 1.3708636e-08 3.572263e-11 5.075401e-10 0.0041368813 2.1490045e-08 0.000703874 5.5524633e-06 0.00053855113 0.0022279716 6.494373e-10 0.0008470793 0.0017037708 1.2748823e-10 0.0011919173 4.8353943e-10 7.5619355e-10 0.0027312168 1.779023e-07 1.2428777e-09
0.9281869 0.22286676 0.12090136 0.025650857 0.4054272 0.5327602 0.009353041 0.0039279596 0.037701916 0.0008933602 0.04512303 0.018939631 0.00021028603 0.00065841165 0.00054504705 0.05463355 0.6370514 2.8839573e-05 0.9627953 1.1757863e-16 1.2843449e-06 0.25001585 0.43726203 4.719311e-05 3.2132823e-05 0.0001502137 7.957775e-05 0.64072144 7.81864e-06 0.58074814 0.68159616 3.3459277e-05 0.6182084 5.2744547e-09 0.0020981438 0.7324143 0.007256985 0.00029923604 1.6574612e-06 2.1901377e-07 0.89613813 2.5901907e-06 1.890239e-08 0.04307547 1.9894408e-06 0.3673191 0.4914425 0.029592887 6.974296e-07 9.0103515e-07 0.3902438 0.0071701272 0.14983931 1.6128231e-06 8.4986605e-06 0.34425202 0.7046357 0.0015017976 2.6751442e-07 1.3719773e-07 1.9832747e-08 3.2814004e-08 0.0020290168 0.08520393 9.558983e-06 1.8196662e-05 2.0733889e-07 0.08609813 0.00862393 2.1331844e-06 1.8099328e-05 0.19320594 0.06872907 0.0003252023 0.025017159 0.019726826 1.669377e-07 0.015067872 1.043692e-06 1.8134235e-08 1.3956175e-09 5.8251874e-07 9.034439e-08 6.513443e-09 3.1853648e-07 0.0054671066 2.4471076e-08 0.0038933912 1.1154755e-05 0.0011054937 0.0007258667 5.5133714e-11 0.002608504 0.0009274517 1.9193522e-10 0.00047526133 2.001607e-08 8.362991e-10 0.0077519948 8.747798e-08 1.108198e-08
0.58493656 0.0832956 0.17896923 0.054998007 0.011206589 0.0065230727 0.51391566 0.90935165 0.06618197 0.6156724 0.03414222 0.82711023 3.5454607e-07 0.109191366 0.012067359 0.024648178 0.005339908 0.92643785 1.9748017e-05 1.2843449e-06 1.0222766e-18 0.005332765 0.006797402 0.4576942 4.723768e-07 0.051423367 0.0078123733 0.0002523887 0.49585477 5.3183336e-05 0.0010411909 0.0041417214 2.458054e-06 6.245087e-07 0.006820617 0.00013758932 0.0051188734 4.1284725e-08 0.93863404 0.36473984 4.4182838e-07 0.00088045996 0.087748624 0.0012840369 0.52144593 0.00036916888 9.75512e-05 0.0016021542 0.006426341 0.00010136119 1.7262082e-07 3.4582e-06 5.575059e-07 0.025000775 0.00079167035 6.9975937e-07 6.386938e-07 4.5891386e-05 0.02480003 0.001038758 0.014567497 7.905936e-05 9.867682e-05 1.1260108e-07 2.1316155e-05 3.7075624e-05 5.503853e-05 1.0045602e-06 0.0019026252 2.0913594e-05 1.4428265e-07 9.275728e-05 5.1310405e-09 2.3288583e-05 1.8008588e-09 0.0027984772 2.0440257e-05 1.2221258e-08 6.173598e-08 6.5028297e-07 0.0010451698 9.294984e-06 0.00015265812 2.2171414e-06 1.362977e-06 5.082538e-11 0.0009729649 0.0013609754 1.6205445e-06 0.000102557075 4.98715e-08 6.9230515e-07 0.0007138061 0.00034329726 1.4547634e-08 2.994988e-09 6.0836006e-05 1.7628495e-06 2.9006378e-10 6.6546476e-05 4.3945456e-05
0.9937311 0.24980994 0.068121724 0.11299486 0.46694946 0.47033113 0.023282347 0.049411654 0.13727558 0.014960775 0.17872842 0.15759143 0.30036494 0.009497217 0.0061590993 0.2673509 0.915427 0.00294214 0.3154899 0.25001585 0.005332765 8.4080895e-11 0.23859812 0.0013505677 0.6200906 0.003713548 0.0011367168 0.074291654 0.0001547978 0.074806124 0.774451 0.0129719 0.038054794 0.00026489364 0.0074000596 0.44608152 0.078371674 0.40366817 0.0046315943 0.00017209067 0.14177957 0.0007452567 7.668991e-05 0.0633028 0.00185105 0.7426955 0.47822034 0.3796326 0.005735442 0.00033713906 0.044337727 0.009845814 0.011551749 0.00016358907 0.0016989901 0.088077016 0.05502396 0.008671454 6.1950224e-05 5.5134722e-05 0.00048900355 1.7821749e-05 0.09624491 0.0037748134 0.0020206652 4.7001493e-05 6.244586e-05 0.04916989 0.24601406 0.0003273178 0.00013463812 0.77172714 0.0031678819 0.02275284 0.0015513492 0.39239812 1.0966935e-05 0.0026808209 0.00010955567 2.8203076e-06 0.00012906389 4.532954e-05 1.5727719e-06 2.0864754e-06 8.309033e-07 0.00085109164 4.0517725e-06 0.13500562 0.0060916413 0.026411192 0.0014448467 3.349754e-06 0.053815152 0.014064372 1.320776e-07 0.000700799 1.9373158e-06 0.00024093458 0.0006135453 4.230246e-05 2.4343872e-06
0.9870763 0.5143581 0.10723173 0.24520639 0.5627181 0.5510371 0.04869246 0.026430642 0.21240577 0.026965125 0.18075135 0.41027138 0.55193186 0.03255836 0.012900064 0.065555304 0.3182581 0.00085722265 0.31529105 0.43726203 0.006797402 0.23859812 1.1125596e-14 0.0016930886 0.00039329784 0.001778583 0.0006987212 0.9538744 0.00024235762 0.5994142 0.29337195 0.72372705 0.52444565 1.0696975e-06 0.012758433 0.16697264 0.027364125 0.005765102 0.0011812791 8.722628e-07 0.15968788 0.00048067333 2.6698456e-07 0.8975068 0.0062154206 0.21259862 0.112677865 0.028205393 0.05161236 8.7662e-05 0.020147929 0.52607656 0.62471145 0.0014411676 0.13590556 0.00044217217 0.0024252227 0.44141763 0.00020738646 4.3839387e-05 0.00012008848 5.830558e-06 0.00047573636 0.020334268 0.1082787 3.4425143e-06 0.0021891564 0.038467713 0.012241533 0.04723644 0.029245632 0.124588266 0.00014220904 0.00041237252 6.20395e-05 0.028849913 0.00016988037 0.0006628985 0.0057369494 1.3680583e-06 5.339704e-05 1.5511308e-05 1.3571473e-05 2.7395868e-07 0.00013181205 4.818983e-06 1.7691181e-06 0.015355846 1.690425e-05 0.033533566 0.0051378547 3.541502e-08 0.015891619 0.016144477 6.360209e-08 0.000509016 2.147631e-07 6.4289525e-05 0.00014002979 1.1170746e-05 1.9277948e-06
0.9803397 0.0014172624 0.0067298617 0.08598376 0.0010618323 0.00015559765 0.07860091 0.43815726 0.14989349 0.53305495 0.059776552 0.15527064 0.00017036531 0.6121624 0.38162073 0.02000845 0.00055355165 0.89004976 2.8567271e-08 4.719311e-05 0.4576942 0.0013505677 0.0016930886 1.7035175e-16 4.5228535e-05 0.62401515 0.26836908 1.6704202e-05 0.8963014 1.7908572e-07 6.7443754e-05 0.021481754 2.3966109e-08 0.8138936 0.05311427 1.8365696e-06 0.017665716 4.2940604e-07 0.24963894 0.62211347 6.4851704e-08 0.100407496 0.85779047 0.002910246 0.06514497 0.00037545047 4.2066645e-06 0.0035985596 0.0077072014 0.0057529174 2.88177e-08 2.4089335e-05 2.9821373e-07 0.003970071 0.0069763353 2.21589e-06 1.3666403e-07 0.0027235802 0.016235603 0.31183204 0.36635864 0.1391248 0.00024097641 5.764826e-09 0.0003998205 7.371631e-05 0.00027113222 1.7998632e-07 0.0043575955 1.9010246e-06 1.9423689e-05 0.0001522339 3.6980836e-09 0.000156312 2.776597e-09 0.0032173302 0.00011778058 1.287394e-09 7.098774e-05 2.0321053e-05 0.16989131 2.0533102e-05 0.0040450688 2.3428636e-05 0.0002910056 1.3840517e-09 0.05631199 0.0031136775 4.1351104e-05 0.0029092 7.484587e-06 0.119427174 0.0023018077 0.004286066 0.0066542136 8.122935e-09 4.95271e-05 0.19122036 1.4127907e-09 0.0068328823 5.7167414e-05
0.9704961 0.006328759 0.0025479079 0.025440946 0.017123433 0.010860131 0.00044446517 0.0005477987 0.21883066 0.00025492386 0.31562456 2.7436761e-05 2.5125853e-06 0.0012676526 0.0021469055 0.6920845 0.39950955 1.7202019e-05 0.00085181475 3.2132823e-05 4.723768e-07 0.6200906 0.00039329784 4.5228535e-05 6.5266636e-16 0.0010882545 0.0014431247 6.436829e-05 9.631342e-07 1.8597884e-05 0.41663185 4.957998e-07 1.619354e-05 6.081062e-08 0.059116133 0.1816779 0.5814509 1.5731972e-05 5.5149258e-08 5.7948142e-08 0.0005300627 4.2962434e-05 1.1169669e-07 1.1041893e-06 1.2936523e-07 0.43449795 0.21532817 0.96940035 4.5747974e-09 5.2048003e-05 0.0036648575 8.398919e-08 1.4869639e-07 2.8984287e-08 4.1682693e-09 0.054183155 0.0008053196 8.200592e-07 2.3648974e-08 1.02744295e-07 1.4016206e-08 2.8673721e-08 0.86618733 1.4106441e-06 5.364366e-09 4.20315e-05 1.7337561e-09 0.0006316659 0.74611753 2.8500369e-09 1.03441895e-08 0.18375851 0.00011166226 0.3081895 0.00049258437 0.7543843 2.693568e-09 0.001025321 1.891327e-09 6.5621253e-07 2.3470788e-09 3.0350906e-05 1.7426648e-09 3.6157408e-07 7.01416e-08 1.0780364e-05 4.983746e-08 0.36313543 0.019281942 0.05064617 8.9205535e-08 1.1731561e-09 0.20263453 0.07596836 1.5134816e-09 1.9623721e-08 4.0632528e-10 7.4280476e-10 1.9910476e-05 1.3343855e-08 6.69807e-11
0.9740154 0.00078485464 0.044800274 0.044499043 0.0006288479 0.00016130939 0.056059092 0.08238156 0.1487249 0.22098197 0.10594604 0.015561843 0.0009005361 0.5423606 0.6995106 0.073736764 0.0007344005 0.29326794 5.947901e-07 0.0001502137 0.051423367 0.003713548 0.001778583 0.62401515 0.0010882545 8.2801824e-15 0.90171945 6.010488e-05 0.19504528 6.5487875e-06 0.00016103657 0.0043617967 5.191484e-07 0.9525515 0.6242024 1.5873107e-05 0.15170391 5.7860843e-06 0.030404607 0.036128283 9.779105e-07 0.3929452 0.3250767 0.0044105467 0.0064649996 0.00040809953 4.737542e-05 0.016111385 0.00045682644 0.42661723 1.04364666e-07 6.37683e-05 8.949978e-06 0.0005285998 0.0010470409 4.9531045e-06 3.807488e-07 0.0008225421 0.0011431172 0.4785107 0.051838737 0.46832514 0.008275069 2.5885646e-07 0.0004124811 0.0339192 2.5534344e-05 6.071779e-06 0.031359505 5.346642e-06 2.0674084e-05 0.0004528096 7.271696e-08 0.007396271 6.523356e-08 0.0065910365 1.9335954e-05 4.8608378e-08 0.00011866948 0.0004613487 0.028153399 0.0023047996 2.572779e-05 0.00035898396 0.0050999923 4.5802736e-08 0.008528141 0.01520534 0.00080038037 0.039027352 1.8347988e-05 0.024915015 0.015436618 0.048151296 0.023533855 8.812402e-09 5.42055e-07 0.26571348 5.3761486e-08 0.00041065202 7.991214e-07
0.9688264 0.00035202276 0.019617882 0.00843117 0.00018165757 3.3813965e-05 0.020925043 0.01721116 0.026536476 0.10836509 0.023581563 0.0024377594 0.0003684856 0.3845698 0.792996 0.059715573 0.00018511065 0.047284402 6.216965e-08 7.957775e-05 0.0078123733 0.0011367168 0.0006987212 0.26836908 0.0014431247 0.90171945 3.586902e-14 2.2821006e-05 0.031233592 9.380964e-06 4.095398e-05 0.00063966645 2.8596398e-07 0.9050641 0.7460421 2.5802672e-06 0.15438004 2.089291e-06 0.004642128 0.0013511508 4.0036457e-07 0.9113105 0.08998798 0.0012468692 0.00016005132 3.8682625e-05 4.809374e-06 0.00930415 3.4120387e-06 0.6084824 1.6787325e-07 5.9767244e-05 8.049448e-06 7.450815e-06 6.0132803e-05 9.232576e-06 3.2901258e-07 8.828327e-05 1.2258279e-05 0.40919852 0.000817546 0.35655144 0.018503834 6.2036594e-07 4.282295e-05 0.06352269 2.90234e-06 1.2985718e-07 0.02165209 3.6326403e-06 7.5850494e-06 4.5578792e-05 1.11104306e-07 0.0130636515 3.9838003e-08 0.0046593235 6.2559053e-07 3.4485666e-08 0.00020714136 0.0017492403 0.0007933887 0.006673212 7.045163e-07 0.0012550347 0.0029513277 7.2254075e-08 0.0007562543 0.0067633223 0.006762503 0.049587797 3.3286964e-05 0.0020228787 0.011591754 0.151969 0.0122322505 2.716607e-08 1.8230612e-08 0.08310873 2.0188234e-07 3.826351e-05 2.70518e-08
0.8841625 0.13588391 0.028947769 0.028148815 0.27977392 0.3031102 0.002246805 0.006297698 0.02167865 0.001329671 0.016450835 0.064319484 0.22400302 0.0009906937 0.00083359395 0.010550603 0.1439581 1.1730411e-05 0.55843556 0.64072144 0.0002523887 0.074291654 0.9538744 1.6704202e-05 6.436829e-05 6.010488e-05 2.2821006e-05 2.4320503e-19 5.03662e-06 0.96221155 0.19292766 0.34385553 0.9370375 1.6970458e-07 0.0013308864 0.12508985 0.0028762324 0.010114601 3.1426087e-05 4.441348e-06 0.28998476 1.324374e-06 3.76792e-07 0.5653099 5.876336e-05 0.10627847 0.0701705 0.004386068 6.7665635e-05 4.4250755e-06 0.026596103 0.39975044 0.6958322 1.3017671e-05 0.00021233606 0.0027176724 0.008634838 0.027178798 2.3737869e-06 1.2081635e-07 3.3648485e-07 1.0318927e-08 1.6384987e-05 0.118980676 0.0010627892 3.0988788e-06 8.91174e-07 0.028037028 0.0020630585 0.00027112963 0.0021976018 0.046474867 0.00082417385 8.584052e-06 0.00046328845 0.0041413326 4.7656414e-07 0.0008556724 0.0004891845 3.647117e-07 7.764309e-08 9.800145e-06 4.1756695e-07 2.1067852e-07 1.0639813e-05 0.000111377216 2.3683642e-08 0.001851677 8.1398746e-08 0.0012134662 0.0033083674 6.9355734e-09 0.0021719392 0.00069340994 1.8663009e-08 0.00075351034 9.021232e-08 3.656245e-07 0.0005782874 7.448893e-07 1.103977e-07
0.88687325 0.0001272583 0.0008017776 0.015335935 5.3732914e-05 5.2435685e-06 0.008186372 0.11598542 0.025505858 0.22581916 0.0056049805 0.029528532 8.747882e-06 0.14409818 0.041056868 0.0019218115 0.00010835771 0.900682 6.718997e-09 7.81864e-06 0.49585477 0.0001547978 0.00024235762 0.8963014 9.631342e-07 0.19504528 0.031233592 5.03662e-06 1.2359468e-16 2.4333723e-08 1.3983876e-05 0.011963702 1.7772593e-09 0.28570175 0.011469255 3.0897763e-07 0.0042431145 5.140633e-08 0.26299152 0.9569973 1.8420747e-09 0.012981535 0.91067576 0.00011100957 0.04879761 3.7365055e-05 2.633233e-07 0.0009620006 0.0024849805 0.00042014048 3.0972638e-09 1.1466169e-06 6.756539e-08 0.0031661754 0.0006033121 1.9460064e-07 2.6341962e-08 3.7591588e-05 0.014811917 0.05047102 0.41960093 0.0065450384 6.674716e-06 2.019141e-09 8.935911e-05 5.23323e-05 3.7573704e-05 4.6815373e-08 0.001389086 7.434887e-06 4.6012033e-07 6.567284e-05 9.45508e-10 6.791865e-06 1.430347e-09 0.0010022923 0.00019194458 2.3706002e-09 2.1995036e-06 5.871196e-06 0.21398574 2.2487661e-06 0.0074358387 3.560327e-06 0.00020571057 2.229276e-09 0.051911447 0.0010512832 6.850982e-07 0.0007627667 3.248621e-07 0.10454265 0.001037522 0.0015534152 0.00067039503 3.3503784e-09 0.00022333823 0.16530035 6.007072e-09 0.013936521 0.00020103174
0.94987786 0.0324065 0.008133269 0.009398593 0.14622736 0.15470885 0.00068554824 3.490281e-05 0.0024915694 2.4525314e-05 0.0022216393 0.011480981 0.39113003 9.565772e-05 1.8234134e-05 0.0019828165 0.13287531 6.575949e-08 0.3794108 0.58074814 5.3183336e-05 0.074806124 0.5994142 1.7908572e-07 1.8597884e-05 6.5487875e-06 9.380964e-06 0.96221155 2.4333723e-08 9.75789e-15 0.17530328 0.076386005 0.97500104 1.3441044e-09 5.5402215e-05 0.16805889 0.0001548396 0.009198504 1.0393345e-06 6.2882535e-09 0.51600236 5.043597e-07 1.0201349e-09 0.40242404 1.6103378e-06 0.12283356 0.12606885 0.004821813 8.836164e-06 7.612057e-08 0.060755547 0.31497896 0.73375535 8.9876005e-07 0.00021442167 0.0015292012 0.010254834 0.09664761 2.7333442e-07 2.449483e-09 1.4002318e-07 4.7039445e-10 1.3955585e-06 0.14935276 0.0038623114 9.458114e-09 1.3746313e-06 0.031796586 0.0004617739 0.0014772214 0.004403518 0.044805087 0.0025172562 2.3585349e-06 0.0011230318 0.0014330089 7.982477e-07 0.0048346855 0.0005241106 3.460412e-09 3.2287917e-07 5.107287e-08 4.1495053e-07 5.833578e-10 2.6522398e-08 0.00045201072 1.3678703e-08 0.00075495103 2.245499e-07 0.0011776369 0.0047807414 1.2880072e-10 0.0011732449 0.001444591 2.9459957e-10 0.0011711662 1.4304512e-08 1.3337413e-07 0.0007507867 3.9296992e-07 1.3737933e-07
0.99671376 0.14608526 0.02240379 0.02624801 0.37698624 0.37929696 0.007520638 0.00834623 0.025007162 0.0015324327 0.031462412 0.11929252 0.5352339 0.0007872302 0.00025834114 0.045400973 0.74288833 0.00012266003 0.5342921 0.68159616 0.0010411909 0.774451 0.29337195 6.7443754e-05 0.41663185 0.00016103657 4.095398e-05 0.19292766 1.3983876e-05 0.17530328 1.2698095e-11 0.012921999 0.14370151 4.396906e-05 0.00042041764 0.8023271 0.005566716 0.75563604 0.00045553592 2.4648286e-06 0.36674926 6.644824e-05 5.2540327e-07 0.0798076 0.00022994218 0.72643524 0.5759011 0.08698497 0.0014810779 1.651208e-05 0.14373632 0.019699167 0.034522362 0.00013147546 0.001896156 0.21374172 0.13171238 0.009735159 3.877415e-05 1.1701327e-05 0.0004106293 9.495568e-07 0.028557602 0.008945602 0.0020243751 3.6141046e-06 4.8766324e-05 0.038001012 0.043902535 8.256544e-05 5.764986e-05 0.66731167 0.0017492144 0.0051564146 0.0005164067 0.16790146 2.9014887e-05 0.0009359848 3.3060824e-05 2.0794462e-07 0.0001398139 3.1615073e-07 6.044976e-06 1.0447601e-07 1.356781e-07 0.00027443815 2.2018203e-06 0.022114072 0.0041382886 0.0032656419 0.0007005521 1.0694232e-06 0.013680793 0.0047864253 4.511405e-08 0.00037276166 2.531606e-06 0.0002162741 0.00033296095 7.682738e-05 6.9755038e-06
