5.8096214e-12 0.98519623 0.9904261 0.94717985 0.94700664 0.9799318 0.9638004 0.9919143 0.8452835 0.8722864 0.8854825 0.9440909 0.8955034 0.98624676 0.99256545 0.87625796 0.97121054 0.96055126 0.99142927 0.83948934 0.9796377 0.926703 0.9291641 0.996719 0.9348635 0.9793396 0.9850207 0.7099631 0.99959314 0.93365705 0.92642194 0.8629891 0.9956799 0.9491895 0.8696604 0.49242407 0.9928723 0.76174635 0.9993482 0.9596354 0.70154595 0.69722515 0.9594299 0.90917116 0.6834156 0.9722373 0.9593974 0.11016322 0.37593254 0.8237571 0.8654784 0.9830529 0.05943957 0.9987064 0.37321478 0.9914048 0.8562527 0.45709208 0.72604656 0.74616206 0.86179745 0.016339356 0.921093 0.66397834 0.48819458 0.99980056 0.997028 0.969997 0.00839384 0.9978911 0.20169775 0.91654396 0.9720204 0.9961104 0.33094501 0.9991349 0.3404739 0.14733349 0.96578294 0.008782712 0.008098026 0.6270268 0.99998146 0.9358824 0.6501001 0.80923915 0.9120823 0.9855783 0.788342 0.919849 0.93753237 0.37288043 0.36446765 0.9911737 0.66789156 0.99987483 0.53192484 0.81862056 0.89379287 0.1611007 0.7916408
0.98519623 8.698983e-11 0.81666243 0.47364044 0.1793671 0.9531998 0.7203102 0.09608312 0.28529626 0.5435137 0.76576036 0.8331077 0.30356148 0.7508824 0.030800214 0.025505343 0.015129609 0.047132947 0.57836217 0.018921303 0.0111397095 0.0039347066 0.016974127 0.10597779 0.00497668 0.08234613 0.0023645202 0.2318882 0.40615523 0.0121467905 0.0036385122 0.051831394 0.016750513 0.0019772062 0.0020980155 0.04380231 0.04272969 0.6858298 0.12054131 0.001579363 0.35584843 0.001062238 0.0013633788 0.012581955 0.0064105764 0.0005675739 0.00034530574 0.0036729767 0.00045284478 0.005495061 0.0019462574 0.0019723962 0.00029024147 0.0018576331 0.20859154 0.0005066844 2.451643e-05 0.012146993 6.239122e-05 8.694311e-06 0.20304468 3.2085634e-05 0.003430999 0.00061679434 0.0033121526 0.16900331 0.0043064356 0.00011392759 5.879615e-07 0.006313838 0.00038802094 3.0128127e-05 0.00038430528 0.0044839056 1.9897605e-05 0.03908673 4.7792315e-07 1.839474e-06 2.205901e-07 3.9180617e-05 2.414755e-05 3.086705e-05 0.023604196 2.2619479e-05 6.5935346e-05 3.3281282e-07 1.4931213e-05 0.00021398533 9.697107e-06 0.0003524793 3.0412127e-07 7.300571e-05 6.218061e-06 0.0014084207 2.4510467e-05 0.0001858853 3.1595548e-05 1.0212023e-06 3.9595443e-06 4.919009e-06 6.488195e-06
0.9904261 0.81666243 5.9817784e-10 0.8571754 0.8796921 0.37365088 0.6519158 0.42243883 0.45868558 0.27104434 0.04177694 0.041189305 0.019808682 0.015840415 0.3182181 0.7106222 0.6169999 0.633463 0.34099442 0.533751 0.0003327032 0.30298224 0.2779685 0.42317885 0.29463848 0.08935121 0.09430857 0.016104717 0.6366 0.18649617 0.20013908 0.0036588768 0.029385732 0.00011439618 0.045508638 0.0044219606 0.054008715 0.24358487 0.20010751 0.0009464609 0.058348414 0.0004219287 0.0018028595 0.12691066 0.000182218 0.00020011913 0.00034352782 0.00022610559 1.938089e-05 0.16016437 0.024004787 0.00082165434 3.4667606e-05 0.0016780883 0.0036430783 0.00014244522 0.0014127153 0.11190561 0.0003003336 6.5155027e-06 0.54421145 1.5465525e-06 0.00027906874 0.060128726 0.11441097 0.4550869 0.015012822 0.0019830167 1.5194719e-07 0.008078838 0.06360671 4.613126e-06 0.00010765257 0.005625657 0.0013243558 0.09085671 4.975884e-07 1.2201066e-06 9.139775e-06 0.0004294761 0.00017453934 3.9290328e-05 0.021042783 1.9341267e-05 0.0002100455 5.1522386e-07 1.4857974e-05 4.2104235e-05 3.5724388e-06 0.000108177446 3.1112046e-07 0.00011427962 0.0001554471 0.0016674948 4.4145377e-06 0.00064085587 1.0216841e-05 4.6856915e-08 2.9443672e-06 3.3034252e-05 3.1463974e-06
0.94717985 0.47364044 0.8571754 1.1003903e-15 0.98021656 0.04163104 0.9208984 0.049221814 0.08318509 0.009719731 0.023977874 0.012281625 0.0006255152 0.0020414896 0.017200617 0.061599895 0.60348064 0.032774877 0.13848017 0.14044149 7.5055264e-05 0.104249075 0.54697907 0.05600737 0.03393631 0.0052318503 0.0003225882 0.021455174 0.24147254 0.22909096 0.12123939 0.0006532246 0.0015445387 5.703555e-06 0.0013615948 0.0034477813 0.0025577396 0.6047235 0.031612027 3.9006285e-05 0.27220628 2.475957e-05 4.564241e-06 0.14724414 1.5468122e-06 4.0253976e-06 4.7950874e-07 4.170644e-05 2.3223843e-07 0.13294032 0.00030080084 1.11230565e-05 7.597936e-06 1.493416e-05 0.009348252 1.3232353e-06 2.3962808e-05 0.11843773 9.208043e-06 3.1482207e-07 0.40833777 1.326803e-07 2.4704743e-06 0.0101126535 0.087128185 0.046264622 0.00051110546 1.8504366e-05 1.0755926e-08 0.00039071945 0.00948732 9.5757935e-09 7.074974e-08 0.00029774214 0.00013136053 0.003546528 2.8288236e-09 8.5019586e-08 2.3429784e-08 0.0005342134 0.00011757364 3.620891e-08 0.0025688184 2.4014705e-08 1.3955105e-06 8.356672e-11 2.1307605e-08 1.5745542e-07 4.333337e-10 1.3457091e-07 4.980472e-10 2.2029515e-07 9.989128e-06 0.00015348627 3.851241e-09 1.1717765e-05 1.5441276e-07 4.848922e-11 4.508375e-09 6.2812383e-06 5.6901808e-09
0.94700664 0.1793671 0.8796921 0.98021656 9.80583e-13 0.016760156 0.79171157 0.095673434 0.2439687 0.002517322 0.0055529675 0.004383734 0.00022957934 0.0007069285 0.034911808 0.23975128 0.89096594 0.29724237 0.06782985 0.58458805 7.482142e-05 0.47540325 0.7283802 0.06478608 0.2245362 0.003215485 0.0040121065 0.008788832 0.118053794 0.18141285 0.16878979 5.3619584e-05 0.005970634 5.1170728e-06 0.016288688 0.0007180288 0.0021295033 0.34304246 0.009145374 6.502303e-07 0.06545023 3.1521881e-06 0.00022366691 0.11464474 6.125586e-07 4.3977022e-07 6.6043525e-05 3.2260602e-06 2.493926e-08 0.089917466 0.0064340984 0.00019157626 3.3996637e-06 0.00018176743 0.0015699744 1.8881898e-05 0.00033649532 0.102936566 1.9175568e-05 1.655357e-08 0.23743396 3.7799822e-08 6.269805e-05 0.028939808 0.06856104 0.048367217 0.00026625878 4.673385e-07 2.377959e-09 0.00049943617 0.019703377 2.8114522e-07 9.338414e-06 0.0003153779 0.0010946038 0.0052813697 2.8992064e-09 4.0514013e-08 1.5656812e-10 0.0016446703 0.00038220218 1.8751403e-05 0.0033227103 1.1185829e-07 2.9845729e-05 1.8816563e-08 1.5846562e-07 5.1220622e-06 2.985885e-07 9.473652e-07 4.487913e-09 2.2059208e-08 1.5485022e-06 0.00010661371 1.3121947e-07 2.991082e-06 1.6369844e-06 5.192264e-10 6.74424e-09 1.3708891e-05 3.869836e-08
0.9799318 0.9531998 0.37365088 0.04163104 0.016760156 2.3221937e-11 0.14497922 0.027778458 0.28262562 0.9123266 0.42091078 0.5512134 0.7898342 0.8671352 0.012643028 0.013920149 0.0025945827 0.010794408 0.6579066 0.005932875 0.14199725 0.0007318423 0.0029698694 0.10257475 0.001285397 0.55546016 0.0015279336 0.09044184 0.5891942 0.0011626782 0.0003126414 0.25211814 0.013502754 0.06340081 0.00064579654 0.06290016 0.379037 0.25608498 0.45505732 0.028383195 0.08016305 0.0171683 0.00026988078 0.00066448183 0.063651554 0.034036104 0.00022234004 0.011670658 0.0050992044 0.00028161472 0.00042165274 0.001170793 0.0020215325 0.0033956377 0.11382221 0.00040098076 5.9690374e-06 0.0007571448 7.912125e-06 0.00025816876 0.017492512 0.00020925536 0.003622188 7.833019e-05 0.0001804785 0.3383856 0.10450398 0.004289332 3.6930635e-06 0.0070094108 3.912916e-05 1.6015112e-05 4.4409146e-05 0.0067748483 3.5222827e-06 0.055812206 1.8420047e-05 5.403077e-06 9.586975e-06 2.0400441e-06 1.3175134e-06 5.393162e-06 0.042024028 8.416118e-06 3.0835197e-06 1.1494597e-07 8.354287e-06 7.824351e-05 8.217577e-06 0.00060498965 2.8752476e-08 0.0036662747 1.0700368e-05 0.0034660585 3.6635763e-06 0.007747209 7.822537e-07 2.4343788e-07 3.1372408e-06 1.6682453e-07 1.5774069e-05
0.9638004 0.7203102 0.6519158 0.9208984 0.79171157 0.14497922 3.335348e-10 0.060723748 0.00068108924 0.0003132894 0.28782952 0.1561572 0.00011121186 0.018100124 0.028770193 0.0005073531 0.45992953 0.012542144 0.25911707 0.0042316886 0.0020453695 0.04426154 0.5426398 0.05375459 0.021257022 0.009337465 0.0005917516 0.3798185 0.3211713 0.51089364 0.1348266 0.004523557 0.004237229 3.878987e-05 6.673841e-05 0.033056587 0.004088514 0.9563435 0.06862959 0.0013214673 0.89568865 0.00038642826 2.6999236e-05 0.47393677 4.979248e-06 7.187605e-05 5.860355e-06 0.000505314 1.0959992e-05 0.25080526 8.6358836e-05 0.00010195403 0.00014760405 3.8394224e-05 0.14907835 3.082138e-06 1.1170501e-05 0.33061332 6.302813e-07 2.5233887e-06 0.60825944 6.0510897e-06 2.5572106e-06 0.0007390958 0.11573276 0.039919917 0.00028629077 0.00019783709 1.2285044e-07 0.00016925244 0.0019485343 1.8306887e-08 2.3461628e-06 4.2863234e-05 6.425471e-05 0.0031727133 2.857952e-07 1.9853696e-06 1.1015875e-07 0.0043862076 0.00047290805 3.427757e-07 0.0045736963 1.3525325e-08 1.8617359e-06 3.7106958e-09 4.2326363e-08 3.3248477e-07 3.478446e-08 1.4574874e-07 2.6392607e-08 5.1615107e-08 0.00015553503 0.00018988465 8.0581266e-08 1.9271467e-05 8.731933e-07 2.240423e-09 4.5619624e-09 9.3886965e-06 9.225653e-09
0.9919143 0.09608312 0.42243883 0.049221814 0.095673434 0.027778458 0.060723748 1.9279569e-13 0.9124668 0.07561541 0.0012377709 0.0005083628 0.007549685 0.0006320929 0.47846007 0.92409277 0.070819214 0.80429685 0.060039982 0.6616263 1.1651386e-05 0.13009167 0.027090162 0.8540929 0.34794387 0.0057692407 0.5874714 0.0013097851 0.35249707 0.021843726 0.064764455 6.129537e-05 0.18471614 5.054024e-06 0.49711525 0.0005354378 0.0026472292 0.012144994 0.016562257 5.83915e-06 0.0064453348 7.1221107e-06 0.13458411 0.012856256 1.7901912e-05 6.1025166e-06 0.024312593 1.45156855e-05 2.1765513e-07 0.033565953 0.26024896 0.019347057 4.0129826e-06 0.016079288 0.00019820838 0.00059314806 0.0670633 0.012971319 0.028596532 1.3022338e-07 0.1064215 6.244539e-07 0.0123046255 0.3139647 0.031504646 0.52641386 0.0055910973 6.22892e-05 2.9496869e-08 0.01779574 0.1376137 0.00017348869 0.0020889805 0.015880588 0.04666115 0.1959168 1.5173788e-08 8.882692e-08 1.8775621e-08 0.0006257652 0.0013777872 0.0039966707 0.06516043 0.0002842436 0.016253846 0.0006438236 0.0005178665 0.00015473184 0.00019903328 0.00015672951 1.5992224e-06 2.1725842e-05 8.238682e-05 0.005442723 4.476765e-05 0.0001258214 0.0005806413 1.2553602e-06 2.6832775e-05 0.001330439 2.7487988e-05
0.8452835 0.28529626 0.45868558 0.08318509 0.2439687 0.28262562 0.00068108924 0.9124668 6.773138e-14 0.28384933 0.0015611743 0.00050975534 0.010670293 0.00048889004 0.9536357 0.958392 0.004606837 0.29007164 0.0843122 0.68801445 0.0005680886 0.004057123 0.0010761373 0.7799318 0.013056022 0.025690103 0.59162015 1.4694049e-05 0.094215155 9.578284e-06 0.00040290694 6.3989435e-05 0.74749726 0.00074133003 0.54123104 7.360858e-06 0.0072671724 0.00048857747 0.023699518 8.496931e-05 0.0012515004 6.616315e-06 0.5683175 6.9818753e-07 5.5357064e-05 0.0009853633 0.36360642 1.210155e-05 3.8338808e-08 3.232173e-06 0.020234253 0.5532077 3.009355e-07 0.1570879 0.00045213208 0.084172636 0.0007984991 0.00019804058 0.29502594 7.16855e-08 0.0007281692 1.2845958e-08 0.5494424 0.004566072 3.6725015e-07 0.10155237 0.004130192 0.00038417813 7.084314e-09 0.04324197 8.179246e-05 0.057921845 0.114409536 0.042739674 3.2459175e-05 0.069622174 4.3946685e-08 9.937732e-08 1.45537955e-08 5.8354675e-07 9.348371e-07 0.001571001 0.015701832 0.004223011 9.757883e-05 0.00115778 0.010027216 0.014489367 0.004302583 0.016957438 0.00028737893 7.254227e-06 7.745239e-09 0.01104566 0.00011972542 4.902199e-05 6.324846e-05 0.00041081326 0.00023863048 1.6286085e-08 0.004724497
0.8722864 0.5435137 0.27104434 0.009719731 0.002517322 0.9123266 0.0003132894 0.07561541 0.28384933 8.371393e-12 0.0007504635 0.0041560684 0.83664215 0.07938708 0.026896192 0.0039155874 5.7112324e-05 0.0011363121 0.9594854 0.00023225253 0.5354755 4.309492e-06 2.7031633e-06 0.17523775 1.1276809e-05 0.79263693 0.00017175963 2.72036e-05 0.8671849 1.6439363e-07 1.5447357e-07 0.0023156726 0.029118363 0.217867 6.5939153e-06 4.484153e-05 0.56769663 3.1558804e-05 0.58661175 0.0066939974 0.0004951907 0.0039514005 9.183124e-05 2.9635997e-08 0.03570805 0.26982278 0.0001699823 0.0016458933 6.422202e-06 7.556624e-08 1.7105313e-06 0.004641694 1.139823e-05 0.015717503 0.001289646 0.002924413 1.1454736e-08 4.6390537e-06 5.820184e-05 9.549794e-05 1.3849273e-05 4.1835206e-06 0.010339014 1.1869545e-05 1.6600016e-08 0.26207986 0.21642964 0.0804975 4.606494e-07 0.020797987 4.0883123e-08 0.00018921222 2.0119774e-05 0.018339856 6.4037713e-09 0.06709843 1.7504625e-06 9.1999186e-07 5.825237e-05 4.3961943e-08 5.6223004e-09 6.820359e-08 0.026293457 4.8702695e-05 2.2805331e-08 1.4480689e-09 5.8026486e-05 0.00060556224 6.8797505e-07 0.004386574 1.4566885e-07 0.005314828 2.9284288e-07 0.010423513 7.5926266e-08 0.008718046 2.1953058e-08 1.302611e-06 5.952234e-06 3.5071618e-10 0.00019498289
0.8854825 0.76576036 0.04177694 0.023977874 0.0055529675 0.42091078 0.28782952 0.0012377709 0.0015611743 0.0007504635 1.0611048e-12 0.98949873 0.0007735588 0.41498882 0.0004854432 7.1751e-05 0.0005148255 0.0005020668 0.15797463 0.00013372941 0.024742952 8.539295e-05 0.0006999117 0.005260611 7.493296e-05 0.012913456 1.2489667e-06 0.92025936 0.10290977 0.0009660448 0.00010798531 0.3470902 0.00023841347 0.00023680665 5.655018e-07 0.7105835 0.009826476 0.89367247 0.036586434 0.0010280728 0.4803998 0.001768919 3.8401495e-06 0.001445886 6.792043e-05 0.00016522831 7.410628e-06 0.06464899 0.0014820881 0.00042285502 1.8097005e-06 2.034933e-05 0.0020873237 3.6102276e-05 0.7441652 5.254243e-07 1.3242672e-07 0.0017723123 3.7890072e-07 1.5513681e-06 0.028616462 0.00013086226 1.137253e-05 8.059199e-07 0.00024948016 0.016609956 0.00025101402 8.191787e-06 7.923946e-07 9.7138e-05 1.3086593e-07 2.4538426e-08 7.811251e-07 1.9341358e-05 4.0211233e-08 0.0012084466 1.1386902e-08 2.592411e-07 1.090397e-08 5.163776e-06 2.193816e-06 3.5648236e-07 0.0033577809 1.2140291e-08 3.819511e-07 3.8588277e-10 1.3943517e-08 2.4677286e-06 9.423667e-09 2.2052322e-07 5.415731e-08 2.6691148e-07 1.893567e-05 7.111337e-05 1.1102402e-07 6.7432275e-06 3.778499e-07 1.7011825e-09 2.3137527e-08 1.043501e-06 2.9199189e-08
0.9440909 0.8331077 0.041189305 0.012281625 0.004383734 0.5512134 0.1561572 0.0005083628 0.00050975534 0.0041560684 0.98949873 9.077966e-12 0.003673837 0.81700844 0.0002582584 1.6961803e-05 0.00053037645 9.674563e-05 0.3084522 3.7128484e-05 0.07686933 6.7103465e-05 0.000494315 0.005031316 3.055079e-05 0.043808162 1.1387279e-07 0.71575814 0.24250057 0.0010199824 0.00010598549 0.61323786 4.2418884e-05 0.0013191687 1.1551621e-07 0.8630406 0.028328046 0.64171857 0.12498102 0.014290301 0.22209522 0.014046403 5.4970517e-08 0.0017487867 0.0003876803 0.00089677074 8.47011e-07 0.115679555 0.008939278 0.00071345415 5.442437e-08 2.11827e-06 0.0076214466 9.915121e-07 0.58984065 2.6275472e-08 1.1221147e-08 0.0004542875 1.04791134e-07 2.7517812e-05 0.006466492 0.0003298504 5.6288627e-07 4.2662182e-07 0.00032801618 0.032382667 0.0031079103 0.0005387276 7.97504e-06 8.130724e-05 9.395996e-08 8.68563e-09 1.6262752e-07 2.3802555e-05 3.714784e-08 0.0035037727 2.5153074e-07 5.2650503e-06 1.1455185e-06 4.168832e-06 9.0794356e-07 1.6448034e-07 0.0050339936 9.472124e-09 8.582691e-08 1.1938329e-09 1.3715722e-08 8.319856e-07 1.6864795e-09 5.5475175e-07 4.851129e-09 3.0432857e-06 0.00010045228 0.00044924012 9.184008e-09 0.00013798023 2.8202686e-07 3.6063166e-10 2.264474e-08 1.6149902e-06 2.1444515e-08
0.8955034 0.30356148 0.019808682 0.0006255152 0.00022957934 0.7898342 0.00011121186 0.007549685 0.010670293 0.83664215 0.0007735588 0.003673837 8.541512e-14 0.18925157 0.0056311884 3.8830916e-05 6.162804e-06 2.708212e-05 0.7597595 1.5023283e-05 0.9472144 4.257597e-07 1.6277211e-07 0.019295178 7.008788e-07 0.91189325 1.696855e-05 4.1268806e-05 0.607358 3.579771e-08 3.389589e-08 0.0014794905 0.0022704166 0.43330792 1.3044671e-06 3.0238345e-05 0.83779275 6.563784e-07 0.83599716 0.022812074 5.090137e-06 0.007818418 9.365557e-07 6.317394e-09 0.0008925695 0.23615602 3.50315e-05 0.00060473575 5.889004e-05 9.563894e-09 1.35947955e-08 0.0006521064 3.3928798e-05 0.0013168352 7.657024e-06 0.00020941025 1.9109332e-09 2.5955205e-07 1.58689e-05 0.0006048555 1.5091277e-07 3.4892676e-06 0.00016847832 4.662592e-08 3.5948906e-09 0.22488432 0.18829748 0.05675296 2.1544501e-07 0.004455181 9.3356704e-08 1.0458986e-05 2.2850334e-06 0.0043198103 3.2291887e-09 0.022550518 1.38211435e-05 2.1282729e-06 0.00013237906 4.973071e-09 2.0242774e-09 5.3224274e-09 0.01366862 2.0616844e-07 2.718736e-09 2.1398703e-09 5.654473e-07 8.0838014e-05 1.3354245e-08 0.00031014308 7.631911e-09 0.00057049724 5.676285e-07 0.002676002 8.190548e-09 0.004934538 3.0726919e-09 2.9671217e-09 1.1368718e-06 1.4038264e-10 2.291602e-06
0.98624676 0.7508824 0.015840415 0.0020414896 0.0007069285 0.8671352 0.018100124 0.0006320929 0.00048889004 0.07938708 0.41498882 0.81700844 0.18925157 2.5596693e-12 0.00026443147 1.3912524e-05 0.00026197312 0.0001493931 0.4863058 1.955752e-05 0.71307534 6.2791034e-05 0.00018033845 0.010686484 8.441959e-05 0.27237746 1.0445643e-06 0.15512899 0.42814037 0.00029958956 5.317289e-05 0.9552478 0.0001767091 0.13849065 1.08751884e-07 0.33947495 0.26860845 0.13295364 0.51070225 0.5693359 0.010456664 0.36379638 1.0583585e-07 0.0001950865 0.10038997 0.045879774 2.4354947e-06 0.21205078 0.13830268 0.00017420409 4.1084786e-07 4.324521e-05 0.031167759 1.0451917e-05 0.099390864 2.746325e-07 3.608343e-08 0.000102755235 1.05678915e-07 0.0011898997 0.0027295232 0.0019881458 2.1504502e-06 5.322484e-07 4.663457e-05 0.35218155 0.03125845 0.0012015115 0.00026384706 0.00038771727 1.6623868e-05 1.0768243e-08 3.3031497e-06 3.929962e-05 4.2910102e-07 0.02315446 3.299367e-05 0.00042972848 2.2030776e-05 8.9519887e-07 5.1835246e-07 1.3129997e-07 0.019441588 6.8378747e-09 1.133505e-06 2.77349e-09 7.0977584e-09 1.5620446e-05 8.027198e-09 1.8954648e-06 6.9763715e-09 3.3247768e-06 0.00053087313 0.00082391885 2.3188685e-08 0.00076430896 7.957418e-07 1.4836817e-09 6.14493e-09 4.3354805e-05 3.7034926e-08
0.99256545 0.030800214 0.3182181 0.017200617 0.034911808 0.012643028 0.028770193 0.47846007 0.9536357 0.026896192 0.0004854432 0.0002582584 0.0056311884 0.00026443147 5.850654e-12 0.8595282 0.03706207 0.7351934 0.032244343 0.49398133 4.9747337e-06 0.04709145 0.011147265 0.8485475 0.19465873 0.002479738 0.7424529 0.00038564682 0.26387742 0.005906781 0.018690638 6.4760166e-06 0.5183337 7.448012e-07 0.5463554 7.776474e-05 0.0009762538 0.0019468076 0.008030751 1.3927051e-06 0.0010440137 1.4026301e-06 0.32178062 0.0015668862 2.0201276e-05 5.859022e-07 0.09661177 4.172511e-06 3.5303604e-08 0.00947775 0.29055256 0.07319202 5.0737344e-07 0.05569022 1.9645622e-05 0.0044548684 0.0912811 0.0019532088 0.024105119 9.0612566e-08 0.013013471 7.190625e-08 0.032416403 0.24199623 0.001986978 0.48348334 0.0024701848 1.4336125e-05 8.901785e-09 0.04092838 0.043601554 0.0014470681 0.01365841 0.040822502 0.03159034 0.25716913 1.42954315e-08 1.8413861e-07 6.2313967e-09 4.086775e-05 0.0003258903 0.008117182 0.09049666 0.0010198355 0.021477088 0.0034610457 0.001567082 0.0013215271 0.001046957 0.00093069766 4.8349368e-05 4.5435274e-05 6.198177e-05 0.016152807 0.00020162346 0.0002169931 0.0011095555 4.8315207e-05 0.00039098802 0.0009704193 0.00040194637
0.87625796 0.025505343 0.7106222 0.061599895 0.23975128 0.013920149 0.0005073531 0.92409277 0.958392 0.0039155874 7.1751e-05 1.6961803e-05 3.8830916e-05 1.3912524e-05 0.8595282 8.623155e-12 0.007525735 0.789825 0.019562315 0.64594823 4.667693e-05 0.010774573 0.0010308728 0.6083753 0.07892752 0.0012622258 0.9189749 5.9501617e-06 0.03871879 2.9061774e-05 0.0002574781 1.2909908e-06 0.5430434 8.096713e-06 0.31411877 1.6301889e-06 0.000977602 1.9036368e-06 0.0029242986 5.488736e-07 2.4700115e-05 2.5781554e-07 0.23437221 4.6151767e-06 1.9211618e-06 8.366112e-06 0.19495943 1.4122392e-06 8.745729e-08 1.3304054e-05 0.022951951 0.108333476 7.763031e-07 0.05489344 1.0663125e-05 0.02469628 0.003475936 8.995374e-06 0.07485739 2.400953e-06 1.5245146e-05 1.4223147e-07 0.031369388 0.00024107801 1.4172555e-06 0.066385694 0.0001706214 2.4557087e-06 3.8201998e-07 0.01820418 5.9905396e-05 0.0016922597 0.0033528015 0.019324254 2.3951361e-05 0.024430245 9.417473e-08 3.544626e-07 4.3877446e-07 4.5001e-06 5.284896e-06 0.0005847942 0.010535938 6.938023e-05 8.1414706e-05 0.000115214156 0.00045214483 0.0016552907 0.00035602 0.0019877388 3.7455102e-05 3.6672568e-06 1.3537081e-06 0.002303892 2.2917824e-05 2.6330623e-05 2.5288635e-05 3.7677837e-05 4.150881e-06 3.5400853e-07 5.0115166e-05
0.97121054 0.015129609 0.6169999 0.60348064 0.89096594 0.0025945827 0.45992953 0.070819214 0.004606837 5.7112324e-05 0.0005148255 0.00053037645 6.162804e-06 0.00026197312 0.03706207 0.007525735 4.2616466e-11 0.1311419 0.027504638 0.39964905 2.6555035e-05 0.8678449 0.96161705 0.04512007 0.4122064 0.0003636441 0.0043112887 0.002088588 0.05624371 0.75524956 0.8269985 8.424983e-06 0.002165005 7.5688234e-07 0.01317126 0.00014046449 0.00024503656 0.060483754 0.0018758872 1.0086467e-06 0.013554608 9.442235e-07 0.00010469419 0.5091427 6.179807e-08 1.2824563e-06 1.6038068e-05 9.967977e-07 6.4069234e-09 0.54627687 0.006065 0.00017540168 4.4060562e-07 5.5393553e-05 0.00027515725 8.80315e-06 0.00028208861 0.36467248 1.7826238e-05 5.4865563e-08 0.55158603 6.9571605e-08 2.5211589e-06 0.2069334 0.49616292 0.012173068 1.597909e-05 1.0882902e-06 3.0179386e-08 0.00018263973 0.22188002 7.903731e-08 2.2330478e-06 4.015416e-05 0.0018762376 0.002148541 4.2722643e-09 7.02723e-08 4.4230815e-09 0.0079787485 0.0023759955 6.296001e-07 0.002085472 9.111169e-08 1.0730964e-05 1.7628838e-09 1.6743883e-07 1.9644551e-07 2.8155223e-09 5.4383797e-08 3.8753813e-09 5.948945e-09 2.625172e-05 2.4242268e-05 6.189397e-08 1.3432825e-06 2.7684496e-06 1.024962e-09 4.060435e-09 8.6567285e-05 6.282403e-09
0.96055126 0.047132947 0.633463 0.032774877 0.29724237 0.010794408 0.012542144 0.80429685 0.29007164 0.0011363121 0.0005020668 9.674563e-05 2.708212e-05 0.0001493931 0.7351934 0.789825 0.1311419 6.5437446e-15 0.06760004 0.9732516 1.4973636e-05 0.48763046 0.046023734 0.5234714 0.6724792 0.0044204635 0.6034382 0.00087224325 0.24211574 0.02032884 0.21861781 3.1360923e-06 0.13428472 4.153756e-06 0.83845544 8.1816186e-05 0.0059470055 0.0014578907 0.009282986 5.594764e-06 0.0033468837 8.271786e-07 0.08244805 0.0076117455 1.215541e-06 1.9541636e-05 0.029625691 3.697583e-07 9.838172e-08 0.034878865 0.5058423 0.037005004 1.760825e-06 0.030294929 0.00010968457 0.00582766 0.1780373 0.007828778 0.026561195 4.502974e-07 0.025476608 3.1794434e-07 0.0034923472 0.42809692 0.031377424 0.21092315 0.0008839195 2.4475501e-05 9.988732e-09 0.009879358 0.2384955 1.3506102e-05 0.00019954245 0.017079951 0.15648167 0.038393073 1.7363517e-08 1.180267e-08 2.0272641e-09 0.0007325976 0.0029577154 0.00017426674 0.018509928 8.572876e-06 0.009991202 2.6453905e-05 8.8773784e-05 4.83614e-05 3.8116043e-05 3.235314e-05 4.5311882e-08 2.4276611e-08 2.8838542e-06 0.0030146292 1.7647957e-06 2.6657648e-05 4.1493036e-05 1.5929261e-07 1.924021e-07 0.00085899606 1.4033144e-07
0.99142927 0.57836217 0.34099442 0.13848017 0.06782985 0.6579066 0.25911707 0.060039982 0.0843122 0.9594854 0.15797463 0.3084522 0.7597595 0.4863058 0.032244343 0.019562315 0.027504638 0.06760004 2.8308295e-14 0.017449575 0.21796253 0.005930202 0.01665976 0.1773869 0.010687433 0.09707172 0.008500563 0.03450852 0.8727494 0.009208161 0.0033577983 0.067698285 0.034664005 0.049944073 0.0018119994 0.009948131 0.09142897 0.0631225 0.41114086 0.09689757 0.023360062 0.011945005 0.0015979632 0.0054266565 0.01101738 0.018745448 0.001193421 0.0026410425 0.003994447 0.0028116375 0.0007139404 0.0034270745 0.000859132 0.009488409 0.015068878 0.0015117535 1.3808219e-05 0.00044455886 2.2173643e-05 0.0008305207 0.027496552 0.0002738841 0.008056387 4.0082417e-05 0.00061057747 0.7917142 0.025207726 0.0035255998 8.70289e-06 0.029925503 0.00011211757 0.00091476546 0.00056821323 0.019242698 1.9754136e-05 0.36103594 2.6656684e-05 2.431363e-05 0.00019984753 4.49078e-06 9.423102e-07 5.0970426e-05 0.05958745 0.00014848009 1.8160656e-05 2.5919774e-06 3.7108024e-05 0.0038571712 8.476883e-05 0.0015738193 6.786791e-05 7.637774e-05 7.331975e-05 0.0096469885 2.5277745e-06 0.002912184 3.1682246e-06 1.0431248e-06 0.00022845562 8.084853e-06 0.00053397624
0.83948934 0.018921303 0.533751 0.14044149 0.58458805 0.005932875 0.0042316886 0.6616263 0.68801445 0.00023225253 0.00013372941 3.7128484e-05 1.5023283e-05 1.955752e-05 0.49398133 0.64594823 0.39964905 0.9732516 0.017449575 1.3020182e-16 9.098198e-06 0.6612037 0.044532966 0.38799396 0.94593024 0.00026514663 0.50935227 3.8284354e-05 0.040649354 0.0025904689 0.064730965 6.4931385e-07 0.060364258 1.021479e-06 0.8713423 4.835425e-07 0.00039522542 0.00022417687 0.002540367 1.373065e-07 0.0011277575 2.2321407e-08 0.15502419 0.00012735117 7.258362e-07 1.1729772e-07 0.020390365 3.5454067e-07 1.2725282e-10 0.0008889231 0.2688303 0.01000787 1.4414972e-08 0.006188323 8.416147e-05 0.001614905 0.072095536 0.0010342993 0.023110153 5.8372875e-09 0.0016457167 2.2137892e-09 0.002642932 0.0644152 0.00013400773 0.037828915 1.5515072e-06 1.0932688e-08 9.618972e-10 0.0026312277 0.0044136583 2.4930141e-05 0.0005885529 0.004593724 0.0045563 0.007766357 4.7664e-09 1.0269174e-08 3.8895124e-08 0.00017864145 0.0005352351 0.00013869729 0.0035223085 1.4929354e-06 0.00017935396 5.1416046e-06 6.219518e-05 6.326179e-05 2.5930516e-05 2.2578572e-05 4.6988024e-08 7.984684e-09 1.4050259e-07 0.00016427883 7.107648e-07 3.5108383e-07 1.1762287e-06 7.22495e-07 3.0351626e-09 2.9788414e-06 1.7028423e-08
0.9796377 0.0111397095 0.0003327032 7.5055264e-05 7.482142e-05 0.14199725 0.0020453695 1.1651386e-05 0.0005680886 0.5354755 0.024742952 0.07686933 0.9472144 0.71307534 4.9747337e-06 4.667693e-05 2.6555035e-05 1.4973636e-05 0.21796253 9.098198e-06 9.285979e-12 3.7120253e-06 8.378392e-06 0.00017733157 7.922227e-06 0.67863417 5.411026e-07 0.015151607 0.22579171 8.030594e-06 8.944271e-06 0.49916428 4.3767595e-06 0.8055055 2.2484413e-07 0.032594107 0.61687136 0.001388071 0.53935796 0.8263029 0.0015895035 0.48833355 1.3423048e-07 2.0261346e-06 0.72005546 0.6238539 5.519114e-08 0.027908264 0.088919334 1.1201469e-05 1.275502e-07 2.4749204e-07 0.009297356 6.279456e-07 0.006434341 2.361071e-08 6.804623e-08 6.3731964e-06 8.351347e-08 0.031313993 0.00016924857 0.0029968258 1.6875447e-07 1.2581269e-07 1.3034603e-05 0.11017617 0.08889372 0.26426956 0.0007517827 0.00018121995 1.197403e-07 2.9490217e-09 1.7182737e-07 0.00015237261 2.0200694e-07 0.008815649 0.0027855486 0.001653728 0.010471597 2.6466745e-07 9.2547685e-07 5.648509e-08 0.008425423 1.5554672e-08 3.31787e-07 1.8708264e-09 4.7667115e-08 1.5148433e-07 7.6265705e-09 3.0406225e-06 1.2721503e-09 0.027133612 0.00013115049 0.0004478298 1.0934362e-07 0.008042045 7.42113e-08 1.6134415e-10 7.1727864e-09 9.4126295e-07 1.7605728e-08
0.926703 0.0039347066 0.30298224 0.104249075 0.47540325 0.0007318423 0.04426154 0.13009167 0.004057123 4.309492e-06 8.539295e-05 6.7103465e-05 4.257597e-07 6.2791034e-05 0.04709145 0.010774573 0.8678449 0.48763046 0.005930202 0.6612037 3.7120253e-06 3.7699665e-12 0.7181215 0.031890374 0.9716028 1.346455e-05 0.021135429 0.00038465878 0.01394108 0.46852094 0.9105655 5.187199e-07 0.0034098662 9.868806e-08 0.1856273 1.9169514e-05 1.9705989e-05 0.0021546988 0.00023962317 1.4452505e-07 0.00089898123 9.5577704e-08 0.00084985275 0.2432895 9.674267e-09 2.3738625e-07 0.0001321171 2.5913158e-07 1.5589653e-09 0.38045767 0.085358664 0.00036459332 1.0082702e-07 0.00020062627 1.0046622e-05 2.651379e-05 0.0043748673 0.16006632 3.2269327e-05 1.7119346e-08 0.18547069 7.572822e-09 6.507623e-06 0.70970535 0.41969126 0.005611658 5.2559267e-07 1.0326611e-07 7.634125e-09 5.3574295e-05 0.5301825 1.03884844e-07 9.540741e-06 8.630585e-06 0.050208427 0.0010545391 4.4712776e-09 2.3375327e-08 5.598083e-10 0.01659865 0.010059614 7.830393e-06 0.0011364492 3.134301e-08 5.6108656e-05 6.9422312e-09 1.968694e-07 1.5645642e-07 6.7561004e-08 2.4879064e-08 3.8834465e-09 5.400995e-10 2.770853e-06 7.751318e-06 2.5326767e-07 8.1809965e-08 3.5120727e-06 4.437015e-09 1.8297521e-09 0.00032080326 6.2332512e-09
0.9291641 0.016974127 0.2779685 0.54697907 0.7283802 0.0029698694 0.5426398 0.027090162 0.0010761373 2.7031633e-06 0.0006999117 0.000494315 1.6277211e-07 0.00018033845 0.011147265 0.0010308728 0.96161705 0.046023734 0.01665976 0.044532966 8.378392e-06 0.7181215 4.763094e-12 0.011783194 0.17068614 0.00018701317 0.0009295348 0.003277623 0.023980962 0.95773757 0.92708117 7.943085e-06 0.00085816655 2.048311e-07 0.0008065686 0.00018290397 7.245706e-05 0.2159131 0.0010962419 1.6816279e-07 0.05329521 3.0546505e-07 1.895542e-05 0.43878043 6.0548095e-09 3.9043653e-07 4.260252e-06 2.625377e-07 1.88601e-09 0.39124674 0.0008039107 2.2756092e-05 2.4484584e-07 1.806874e-06 0.00037775715 1.01090436e-07 1.7912176e-05 0.36209714 5.0267374e-07 5.5646905e-09 0.5199649 1.0608681e-08 3.3435032e-07 0.08045937 0.23323292 0.0033362287 1.7946431e-06 1.2647314e-07 2.862065e-09 2.6092104e-05 0.029680433 8.761436e-09 1.0002058e-06 3.26e-06 0.00014771108 0.00055141456 1.1146056e-09 9.079417e-09 2.6686742e-09 0.0048069395 0.0017755064 1.1966449e-07 0.00062593643 9.763407e-10 8.5123247e-07 6.4321645e-11 4.868351e-09 4.6720015e-08 2.055762e-10 7.333469e-08 2.421403e-09 3.6905423e-10 3.9590723e-06 7.959555e-06 3.3516883e-09 9.650295e-08 7.251667e-08 3.281222e-10 3.2197833e-10 7.200761e-06 1.260999e-09
0.996719 0.10597779 0.42317885 0.05600737 0.06478608 0.10257475 0.05375459 0.8540929 0.7799318 0.17523775 0.005260611 0.005031316 0.019295178 0.010686484 0.8485475 0.6083753 0.04512007 0.5234714 0.1773869 0.38799396 0.00017733157 0.031890374 0.011783194 1.590211e-12 0.11629833 0.038341638 0.4505279 0.0012377809 0.5696817 0.006556921 0.013862786 0.0010193065 0.57978827 0.00015011833 0.31531715 0.00039341397 0.015455581 0.015053238 0.08958551 0.0006123368 0.0015826252 5.965791e-05 0.15468206 0.0015518145 0.0005233198 8.602405e-05 0.07728852 0.00012070436 2.8281183e-06 0.005585357 0.16593921 0.12740776 2.132507e-06 0.08979346 0.00019803189 0.01739764 0.029988026 0.00079168996 0.012582363 3.351625e-07 0.0239111 4.3556713e-07 0.053255018 0.040078215 0.0017655037 0.77997714 0.016269337 0.0016620215 2.8369676e-08 0.042941518 0.011178783 0.0039528646 0.034356754 0.023797859 0.0075093964 0.4809004 5.7965167e-08 1.0706947e-06 1.3026049e-06 3.1844018e-05 0.00010313596 0.0072090756 0.0768828 0.0012709717 0.006777291 0.0040383846 0.0017902084 0.0023230647 0.0026264102 0.00074455776 0.00044606114 0.00011150848 0.00023971025 0.008168895 0.0012058885 0.00034024665 0.0011988755 0.0004595172 0.0015142636 0.00025699678 0.00039613727
0.9348635 0.00497668 0.29463848 0.03393631 0.2245362 0.001285397 0.021257022 0.34794387 0.013056022 1.1276809e-05 7.493296e-05 3.055079e-05 7.008788e-07 8.441959e-05 0.19465873 0.07892752 0.4122064 0.6724792 0.010687433 0.94593024 7.922227e-06 0.9716028 0.17068614 0.11629833 3.094841e-10 8.616231e-05 0.18866138 0.00045194587 0.031557165 0.13179685 0.5458412 8.1981364e-07 0.016740907 2.530699e-07 0.76811075 2.4119747e-05 0.00013577616 0.0010684757 0.0010412227 6.104761e-07 0.000544794 3.1584153e-07 0.011438446 0.0719012 4.0875328e-08 8.943566e-07 0.0027673845 1.2046413e-06 6.5406827e-09 0.1732125 0.47318515 0.003486711 3.1477467e-07 0.0019021445 1.2293776e-05 0.000701855 0.100378916 0.055986065 0.0016318464 2.4606102e-08 0.079623036 1.1544781e-07 7.6961e-05 0.8059776 0.24783835 0.018323313 5.829986e-06 4.6522854e-07 5.0681702e-08 0.00043697763 0.5889416 1.2804605e-06 0.00013512486 0.00023407767 0.23948184 0.0028316458 2.8890895e-08 7.930655e-08 8.293369e-10 0.01146919 0.018361557 2.6499481e-05 0.003158345 1.9566399e-07 0.0017389171 1.825094e-07 2.2669265e-06 5.9043587e-06 1.0112251e-06 4.605905e-07 2.3827138e-08 2.7746858e-09 1.7637736e-05 0.00017690033 1.3054329e-06 1.004564e-06 2.0227993e-05 7.880594e-08 1.5216566e-08 0.0019490183 9.524268e-08
0.9793396 0.08234613 0.08935121 0.0052318503 0.003215485 0.55546016 0.009337465 0.0057692407 0.025690103 0.79263693 0.012913456 0.043808162 0.91189325 0.27237746 0.002479738 0.0012622258 0.0003636441 0.0044204635 0.09707172 0.00026514663 0.67863417 1.346455e-05 0.00018701317 0.038341638 8.616231e-05 9.479244e-13 0.0001066786 0.0049751373 0.3091803 0.00023401226 3.9068906e-05 0.043160483 0.0035539994 0.41123235 6.4126425e-06 0.0035302953 0.92852706 0.014435068 0.7629077 0.2607863 0.0012864533 0.033601508 3.863013e-05 7.724298e-05 0.11320548 0.6125903 8.573309e-06 0.0051548784 0.003414163 7.337992e-05 2.2787668e-05 0.00010221279 0.0008614962 0.00072964956 0.002779256 3.523215e-05 6.711738e-08 3.2072174e-05 5.375146e-07 0.007931852 0.0005023275 0.0002731803 0.0005643023 3.8324224e-06 0.0003179515 0.6536239 0.24307808 0.557953 1.609278e-05 0.003290456 1.487137e-05 1.24919125e-05 2.2668195e-05 0.0012805486 1.9250554e-06 0.094439484 0.00030915352 0.00030569834 0.008032666 5.870883e-06 1.0213249e-06 1.5508358e-06 0.03930669 8.651633e-06 7.2615367e-06 1.1706288e-08 3.7924633e-07 0.00032532826 3.8690368e-07 0.00032372447 1.8492211e-07 0.027924126 6.654121e-05 0.0019522348 3.7329237e-08 0.03053794 9.465334e-07 1.2350603e-09 7.958629e-06 9.35693e-06 1.4110983e-05
0.9850207 0.0023645202 0.09430857 0.0003225882 0.0040121065 0.0015279336 0.0005917516 0.5874714 0.59162015 0.00017175963 1.2489667e-06 1.1387279e-07 1.696855e-05 1.0445643e-06 0.7424529 0.9189749 0.0043112887 0.6034382 0.008500563 0.50935227 5.411026e-07 0.021135429 0.0009295348 0.4505279 0.18866138 0.0001066786 1.692047e-13 8.1863045e-06 0.06559436 0.00088858407 0.0052910666 1.2869379e-08 0.70349675 5.2334315e-08 0.9240484 3.921946e-07 0.00016531642 1.6054992e-05 0.0010506217 1.3581727e-07 9.731268e-05 5.4512963e-09 0.9272852 0.00015684628 8.598438e-08 8.005474e-08 0.589841 1.9714623e-08 4.962557e-11 0.0017433896 0.64944595 0.2978586 3.5296985e-09 0.20496687 3.3208248e-06 0.05129317 0.47504443 0.0009517078 0.4781305 2.4223685e-09 0.002212137 1.1630878e-09 0.043555927 0.28592166 0.0009819885 0.2852357 0.00024042091 3.1008506e-06 4.7690074e-10 0.052584298 0.07472871 0.00089130335 0.01893026 0.06704256 0.1435936 0.1151218 2.9615919e-09 8.896218e-09 8.168297e-10 0.0002328742 0.0015189172 0.06507282 0.047685653 0.00022808247 0.17424683 0.008539296 0.000850905 0.0013625976 0.0018532253 0.0023682902 5.0789535e-05 4.7164644e-08 8.128123e-06 0.010883496 0.0004410702 1.6939655e-05 0.002602986 0.0002073738 7.5887833e-06 0.0050322707 0.00022191386
0.7099631 0.2318882 0.016104717 0.021455174 0.008788832 0.09044184 0.3798185 0.0013097851 1.4694049e-05 2.72036e-05 0.92025936 0.71575814 4.1268806e-05 0.15512899 0.00038564682 5.9501617e-06 0.002088588 0.00087224325 0.03450852 3.8284354e-05 0.015151607 0.00038465878 0.003277623 0.0012377809 0.00045194587 0.0049751373 8.1863045e-06 1.1738473e-10 0.015892481 0.006004648 0.00085161417 0.113677524 4.7830577e-05 0.00091392704 1.4704408e-07 0.9093062 0.0015047259 0.8077323 0.008367062 0.016252419 0.59304327 0.01524085 1.093184e-05 0.0071390583 5.0502727e-05 0.0008554072 0.000106128915 0.069389865 0.027808199 0.002225578 1.9532059e-05 2.3829378e-05 0.031689137 8.850577e-06 0.9864063 1.4650217e-06 2.9479352e-06 0.003255441 1.4252374e-06 0.00016258449 0.0149222035 0.0022631132 8.125186e-06 1.6118098e-06 0.0009773843 0.003180678 0.0001129772 0.00018843879 0.00016140865 1.7463633e-05 6.9523526e-06 2.9550156e-07 3.897784e-05 3.207034e-05 7.813039e-07 0.00039204973 1.69018e-05 3.2415493e-05 3.5208523e-06 5.4881133e-05 8.4392495e-06 1.142675e-06 0.00056385424 1.2292117e-08 2.9086226e-07 2.403317e-08 2.207554e-08 5.1674856e-06 5.0780716e-07 2.9096384e-07 1.03207235e-07 7.8119925e-08 0.0007753462 1.9859084e-05 6.3436595e-08 1.4286281e-05 8.0892335e-08 1.2072888e-08 5.650686e-08 3.6872534e-06 4.806194e-07
0.99959314 0.40615523 0.6366 0.24147254 0.118053794 0.5891942 0.3211713 0.35249707 0.094215155 0.8671849 0.10290977 0.24250057 0.607358 0.42814037 0.26387742 0.03871879 0.05624371 0.24211574 0.8727494 0.040649354 0.22579171 0.01394108 0.023980962 0.5696817 0.031557165 0.3091803 0.06559436 0.015892481 2.6998857e-12 0.014325902 0.007351003 0.044147655 0.11279013 0.06898081 0.0065954407 0.0027200957 0.11427198 0.048412576 0.36768448 0.07644588 0.0130157005 0.0077323955 0.015942935 0.009601944 0.0074075367 0.03171047 0.016416367 0.0010204611 0.0028852846 0.00467037 0.0099442275 0.023166517 0.00037989972 0.051934995 0.0034756442 0.0160784 0.00019529331 0.00039869195 0.0003905356 0.0003637964 0.047616135 5.273188e-05 0.036164068 0.00034474718 0.0028629184 0.8644527 0.019664021 0.011652614 2.5099985e-06 0.029788343 0.00047100688 0.013797426 0.007827736 0.019504962 1.7826218e-05 0.36422077 3.3452387e-05 1.5690783e-05 0.00016979469 9.560032e-06 2.4493165e-06 0.00032364944 0.048434213 0.0018071329 0.00024486278 0.0003167974 0.0006764689 0.017614111 0.0005621179 0.0034692993 0.0014008596 0.000115289775 0.00012385276 0.010935751 0.00011543984 0.00043045304 4.6252822e-05 0.0001626304 0.0025834069 7.488582e-05 0.003820353
0.93365705 0.0121467905 0.18649617 0.22909096 0.18141285 0.0011626782 0.51089364 0.021843726 9.578284e-06 1.6439363e-07 0.0009660448 0.0010199824 3.579771e-08 0.00029958956 0.005906781 2.9061774e-05 0.75524956 0.02032884 0.009208161 0.0025904689 8.030594e-06 0.46852094 0.95773757 0.006556921 0.13179685 0.00023401226 0.00088858407 0.006004648 0.014325902 2.5973587e-10 0.9349067 1.6456743e-05 0.00087129016 5.4359714e-07 6.1371466e-05 0.00053108303 0.00013017021 0.1575359 0.0013320043 1.5529816e-06 0.04472784 1.1020578e-06 5.7409008e-05 0.8900732 7.004411e-09 1.9072513e-06 1.4116743e-05 1.2392567e-06 8.423176e-08 0.8882313 0.0003921415 9.370775e-05 3.2219832e-06 8.62847e-06 0.00017946603 2.0677562e-06 4.5943234e-05 0.7816533 7.025766e-07 3.3091435e-08 0.7998438 5.201527e-08 7.873866e-07 0.09451569 0.58888364 0.00246868 2.7957667e-06 8.7021635e-07 2.1424073e-08 3.4570807e-05 0.08565996 5.0917734e-08 2.1230246e-06 4.3405794e-06 0.0002069145 0.0010491469 1.1650689e-08 6.974353e-08 3.1093936e-08 0.03221171 0.0086603705 3.296533e-07 0.0007857016 1.9948028e-09 6.3005353e-07 1.3284426e-09 1.710081e-08 2.2952598e-07 3.4830911e-09 2.9240556e-07 6.223845e-08 1.0473787e-09 1.0134413e-05 2.6328891e-05 8.849074e-08 5.2428555e-07 2.6654547e-07 1.1555217e-08 2.7699583e-09 2.0676369e-05 2.8974057e-08
0.92642194 0.0036385122 0.20013908 0.12123939 0.16878979 0.0003126414 0.1348266 0.064764455 0.00040290694 1.5447357e-07 0.00010798531 0.00010598549 3.389589e-08 5.317289e-05 0.018690638 0.0002574781 0.8269985 0.21861781 0.0033577983 0.064730965 8.944271e-06 0.9105655 0.92708117 0.013862786 0.5458412 3.9068906e-05 0.0052910666 0.00085161417 0.007351003 0.9349067 3.7822124e-11 3.0827878e-06 0.0018333908 7.9329396e-08 0.010760178 8.362693e-05 4.9428905e-05 0.016952392 0.00030127916 5.3926703e-07 0.004182873 7.04472e-07 0.00057599717 0.513169 2.133298e-08 3.3843253e-07 0.00021367434 1.5585485e-06 7.977651e-09 0.91738313 0.014514697 0.00044707133 6.145721e-07 0.0001261114 4.6143647e-05 3.8603244e-05 0.0018384886 0.6499658 4.597298e-06 8.104488e-09 0.57996064 9.529533e-09 6.6270313e-06 0.8998855 0.63894147 0.0032854371 3.312069e-07 4.1901043e-08 9.65703e-09 0.000106163134 0.83211 1.3174122e-07 2.9976058e-05 2.05024e-05 0.027018446 0.0013794005 5.705983e-09 2.4509191e-08 2.2038171e-09 0.09656801 0.042352676 9.13082e-06 0.00095416023 8.097117e-09 2.6020438e-05 2.8948188e-09 5.3219125e-08 8.248704e-07 7.456957e-08 2.3594123e-06 1.5452957e-07 3.6946485e-10 3.6635447e-06 2.4479514e-05 5.611069e-07 1.627102e-07 1.6832188e-06 7.968091e-08 4.075363e-09 0.00028389465 9.966718e-08
