1.694251e-15 0.88534427 0.56218314 0.9667834 0.8798739 0.9859887 0.994047 0.9873279 0.9813877 0.965692 0.9887598 0.93706936 0.9274165 0.9830054 0.9739631 0.9762849 0.9947445 0.95019066 0.9711261 0.9731902 0.8865016 0.96419597 0.912664 0.8789961 0.95002866 0.9759572 0.9149468 0.8931409 0.8459287 0.99725175 0.23258618 0.54025215 0.9958818 0.06851872 0.98888737 0.19762336 0.9492001 0.9968632 0.605217 0.96695304 0.9512572 0.88291734 0.76159984 0.99881715 0.9250836 0.9996376 0.9953223 0.07838617 0.97195214 0.8872104 0.95762485 0.3574608 0.9476603 0.9955224 0.9144389 0.3608853 0.026843641 0.31552252 0.8724936 0.2521463 0.14945546 0.995827 0.56131876 0.80663437 0.24308279 0.99311185 0.99034274 0.5752898 0.9967872 0.8301188 0.59022623 0.99750024 0.98962337 0.43896788 0.18233769 0.9751731 0.01480874 0.2292624 0.053762678 0.02532828 0.0052586095 0.9996719 0.048080057 0.90178347 0.030224085 0.99829227 0.014406723 0.94865197 0.019044656 0.0056705717 0.008176771 0.99921304 0.9998334 0.0065279366 0.9830834 0.003196216 0.08905474 0.88337153 0.02041193 0.9999865 0.0031793874
0.88534427 5.9161795e-15 0.015247211 0.9443565 0.02859984 0.9099973 0.91300434 0.5599831 0.64515233 0.3520103 0.62901473 0.39271748 0.28485104 0.13115613 0.09615017 0.75824434 0.36604145 0.015207768 0.046024688 0.34656745 0.010112489 0.020920038 0.0012547917 0.0068853274 0.014913326 0.07846371 0.01392629 0.0077599683 0.0037044862 0.7195075 0.005427073 0.017230377 0.018409165 0.00041129734 0.04788833 0.0030792162 0.0061479113 0.48413265 0.00031370376 0.000175694 0.0048937867 0.015947929 0.018858327 0.0037155282 0.0043905936 0.5310719 0.044067755 1.6515323e-05 5.769232e-05 0.00015505888 0.00012043898 4.6761027e-08 6.715628e-05 0.06816822 0.0015718403 6.3729925e-07 3.7471575e-05 2.9352932e-05 0.002584077 1.4086503e-08 7.704768e-08 0.037379127 0.004708661 0.0001810828 0.0002846467 0.0023639633 0.03473031 1.526028e-06 0.0027528876 0.014989667 0.001505007 0.0784651 0.03908307 2.812065e-06 7.714252e-08 0.0015269191 2.0937248e-08 0.00012181789 8.825271e-07 1.4967852e-05 7.1575656e-08 0.0059475107 2.0315667e-07 0.0004599813 2.1800704e-05 0.017775953 4.070805e-08 4.069373e-06 5.1987197e-08 3.2199956e-08 1.0911944e-07 0.0009182791 0.03225443 3.6927993e-08 0.00027308342 1.4714683e-08 1.8149886e-07 7.31769e-05 8.840441e-07 0.0062937653 5.654589e-08
0.56218314 0.015247211 2.7422338e-17 0.90770954 0.000519353 0.8815348 0.90408313 0.80393773 0.52522504 0.80792606 0.82192075 0.74172544 0.6258672 0.7574703 0.204747 0.42146593 0.12507118 0.07557909 0.015389733 0.12314356 0.018323144 0.16513883 0.0028162207 0.007884351 0.005929054 0.020549074 0.062463656 0.026689218 0.011246947 0.30313146 0.043590266 0.024991935 0.000351448 8.478556e-05 0.014268567 0.007442688 0.0075368327 0.15773569 0.0005205989 0.00049321994 0.002217849 0.00898025 0.060728714 0.00010051399 0.0032188997 0.124362014 0.0076962425 0.00019343065 3.653087e-05 0.00067173224 6.030791e-05 9.671984e-08 2.8770264e-05 0.008472692 0.00065472955 3.3409245e-07 8.5203086e-05 0.0001266313 0.0010816827 1.4151404e-08 1.9134033e-08 0.005860247 0.0045848 1.1765972e-05 0.00042386414 0.00081253913 0.0077242767 3.0911087e-07 0.0008444007 0.0013157168 0.00024245589 0.0075750346 0.0050810245 5.392686e-07 8.1129826e-08 0.000113929986 4.1585434e-08 0.0005768198 3.0292983e-07 2.4216088e-05 2.3916927e-08 0.00044968314 3.9849652e-07 7.367408e-05 1.1347374e-05 0.0036524602 7.2175844e-08 1.1052617e-06 2.8192316e-08 2.3624988e-08 6.494082e-08 4.755649e-05 0.004275762 6.9703894e-08 3.5805344e-05 9.355078e-09 1.1632953e-07 1.8733814e-05 4.064641e-06 0.0009583136 2.0176648e-07
0.9667834 0.9443565 0.90770954 1.4545873e-10 0.7020375 0.88916105 0.3843969 0.6735309 0.848505 0.5805965 0.09004742 0.4690272 0.3508203 0.4512424 0.00020460864 0.13326868 0.45826393 0.011614997 0.055168666 0.013109978 1.7011696e-05 0.17471243 3.67555e-05 1.0518918e-06 0.005670821 0.052851547 0.102542296 0.0036215093 0.00017545088 0.23402475 0.00613154 0.08745399 0.07368009 4.3023654e-05 0.0005221893 0.008447198 0.0021267473 0.13133125 0.0016526566 0.15099162 3.1235668e-05 0.001134994 0.25235376 0.02094327 0.00049679755 0.35297477 0.013084653 6.8424124e-06 0.0026190267 0.041445397 0.048416067 7.178884e-07 0.10090353 0.095012605 1.2852485e-05 3.9596477e-09 0.00014965633 0.007385593 1.8955743e-05 2.8329001e-09 6.214678e-11 0.034553107 4.8137357e-05 7.404022e-08 0.107423365 9.122015e-05 0.0046840613 4.909911e-10 2.4837496e-05 0.0006232507 1.0731231e-05 0.027638277 0.0058577885 0.012637182 2.9262013e-05 0.0026890452 1.0003245e-07 0.046079844 0.0028013855 0.0016198662 8.3831225e-08 0.0006426252 3.2901119e-06 9.386258e-05 0.010421362 0.008638368 1.08915565e-05 5.6940524e-05 8.096345e-09 2.421043e-09 1.1487923e-09 8.710612e-06 0.013248276 3.9431205e-05 0.0003048282 5.8376913e-06 1.4252463e-07 3.0374952e-06 0.00013385984 0.00693629 1.077113e-06
0.8798739 0.02859984 0.000519353 0.7020375 5.6756336e-17 0.66676885 0.9226291 0.35871145 0.5373891 0.14842583 0.5724129 0.16959855 0.11753688 0.07946851 0.1871079 0.9072798 0.3335845 0.007863816 0.03367016 0.55886847 0.037861362 0.011322966 0.0025410443 0.019952249 0.011902021 0.0794904 0.0084438585 0.0044036712 0.002545035 0.9081309 0.0021847484 0.0042541563 0.003004551 5.357756e-05 0.1446347 0.00093821104 0.003354753 0.68245924 0.00026020253 3.8342998e-05 0.017949387 0.02592509 0.0084777 0.00062553247 0.0031123878 0.7308523 0.042024553 1.4552181e-05 3.077317e-05 9.804449e-05 4.293651e-05 5.9937655e-08 1.3200533e-05 0.20926607 0.0009310589 1.7306235e-06 4.994766e-06 2.6241744e-06 0.007953773 3.1292238e-08 1.409116e-07 0.0951967 0.0127608245 0.0009744209 2.484889e-05 0.008117089 0.09913672 1.6162305e-06 0.008188136 0.003663269 0.0028439597 0.16380826 0.09386022 1.8970553e-07 5.8173843e-08 0.0015661631 2.41697e-08 4.487875e-05 7.273332e-08 4.6893483e-06 4.104541e-08 0.013934255 1.3386025e-07 0.00011853239 2.804831e-06 0.030729754 2.481092e-08 1.2691239e-06 1.2238e-07 8.9870554e-08 1.7094278e-07 0.0030067433 0.15061225 3.5184083e-08 0.00030302853 1.2193201e-08 6.91186e-08 0.0007995503 8.184942e-07 0.008655372 4.453457e-08
0.9859887 0.9099973 0.8815348 0.88916105 0.66676885 4.1234134e-11 0.17744528 0.72234863 0.8549792 0.6464872 0.02250713 0.62975395 0.45785835 0.53013253 4.4288012e-05 0.049318835 0.4579981 0.0030566044 0.059716 0.0022023676 1.0616343e-06 0.13417809 1.0291543e-05 1.2264651e-07 0.0056370744 0.03133162 0.055602994 0.0010227516 4.072648e-05 0.11561029 0.0019092588 0.1254396 0.061855957 2.375448e-05 7.873131e-05 0.0029271499 0.0027317614 0.042243835 0.00047880755 0.19331768 3.4752265e-06 0.00272067 0.41307488 0.016929207 0.00040332964 0.14379176 0.007807916 1.813935e-05 0.0035817865 0.02933248 0.0902153 4.041185e-07 0.25356174 0.02900992 6.243914e-05 1.0444821e-09 0.0004946348 0.009895224 8.4288206e-07 1.6663578e-09 6.1869204e-11 0.022849508 2.2306194e-06 1.3687838e-08 0.2666643 2.5495678e-05 0.0024232273 1.9527493e-09 4.876564e-06 0.0012467635 3.7527095e-06 0.013145591 0.0025380435 0.029916657 9.589101e-05 0.0024695524 1.4834174e-07 0.09806884 0.008552209 0.0041300347 4.002966e-07 0.00019983058 6.050046e-06 0.00019450948 0.048719704 0.0033532204 7.0286846e-06 6.129116e-05 1.5249105e-08 3.6162162e-09 3.002257e-09 2.257661e-07 0.007520574 4.1345345e-05 0.0007380931 2.1761198e-05 5.5793197e-07 8.546969e-07 0.00033331613 0.010050385 4.0362265e-06
0.994047 0.91300434 0.90408313 0.3843969 0.9226291 0.17744528 1.1762344e-17 0.0984444 0.16176867 0.12237134 0.4978197 0.026739413 0.009054107 0.42965025 0.014331608 0.76293397 0.06601582 0.116134465 0.00022758034 0.2753274 0.000693795 0.2960874 0.00054061034 3.9264407e-05 2.113797e-05 0.0018515453 0.24960832 0.030984921 0.0014628466 0.6132317 0.04498883 0.008811264 0.010895366 0.00070331304 0.028411435 0.026899064 1.1836391e-05 0.5406738 0.0054260483 0.168307 0.0025491123 2.6771238e-06 0.048898414 0.010966152 2.0476987e-06 0.3961128 0.0037696548 0.0003048593 0.00021599689 0.082846716 0.005756183 5.8336623e-06 0.02645235 0.46931165 2.4622397e-08 6.89714e-07 0.0013000403 0.028813494 0.0004443649 2.6530503e-07 4.3031116e-09 0.035284705 0.0014419828 2.2751774e-05 0.08841642 0.0011052145 0.039656494 1.5357872e-07 0.0012132839 1.6654558e-05 0.00012786937 0.013136011 0.028209295 0.0008975698 7.5739244e-08 0.00063752086 1.9193303e-06 0.052416906 0.00054215145 1.0023262e-05 1.6929214e-06 0.0213113 2.6344313e-05 2.0179033e-07 0.0005279023 0.14833476 4.2448424e-05 4.9215026e-07 4.7786534e-07 5.03662e-08 5.7190835e-08 0.0009152812 0.111514285 0.00084066455 7.907086e-06 7.840022e-05 9.498711e-07 5.8642046e-05 5.840069e-06 0.0067111277 5.7381335e-06
0.9873279 0.5599831 0.80393773 0.6735309 0.35871145 0.72234863 0.0984444 1.6554428e-11 0.8099248 0.79398334 0.004984106 0.8010398 0.7909755 0.67504287 2.5340685e-05 0.018448329 0.4683178 0.0014597739 0.13344142 0.0013185506 5.1773986e-07 0.15631482 5.1382763e-06 1.0809715e-07 0.036016524 0.048310928 0.07326516 0.0010854467 1.977506e-05 0.044914465 0.002130189 0.4860169 0.019477127 2.3631628e-05 6.0287497e-05 0.0040254905 0.016707644 0.015836261 0.000693369 0.30871356 8.43408e-07 0.003333605 0.697051 0.006141146 0.0013291823 0.07036799 0.013769775 9.547541e-06 0.036171794 0.06923063 0.3575473 6.0228706e-07 0.5888851 0.0065419776 0.00010624668 1.0755266e-09 0.0007414654 0.016185492 9.3001836e-07 1.630939e-09 4.9377353e-11 0.006175459 3.881549e-06 3.6837928e-09 0.42443246 1.914999e-06 0.000376498 1.3152969e-09 1.7264923e-06 0.0009717182 1.3157844e-06 0.0035443422 0.00049146434 0.13299844 0.0005825407 0.0037715496 3.2232384e-07 0.27620405 0.0446298 0.013229545 6.821019e-07 4.773001e-05 7.5711873e-06 0.00031332884 0.12308107 0.0015320965 8.699869e-06 0.00039846156 2.7309092e-08 6.4274372e-09 4.199191e-09 1.1217045e-07 0.0014505875 2.3844315e-05 0.00063732004 1.4213819e-05 1.1497661e-06 2.8760581e-07 0.0010795335 0.009138862 5.676163e-06
0.9813877 0.64515233 0.52522504 0.848505 0.5373891 0.8549792 0.16176867 0.8099248 5.4231686e-10 0.6201832 0.007776396 0.69666016 0.6869895 0.23217674 4.9903505e-05 0.027132502 0.9094001 0.0021585224 0.33083823 0.002324219 1.8824621e-06 0.047927037 7.948146e-06 1.9681043e-07 0.12308702 0.2662724 0.016351974 0.00076680834 9.964404e-05 0.09279354 0.0003437295 0.15999894 0.1588938 9.631884e-07 0.0001226474 0.00069777336 0.026799222 0.035782628 0.00039519186 0.035654023 2.0603393e-06 0.013190335 0.3089959 0.0306805 0.004679063 0.19095595 0.04211667 4.8999527e-06 0.03026412 0.0066699567 0.14901423 4.4151607e-06 0.23853208 0.029949494 0.00042639955 2.1722422e-09 8.227422e-05 0.0020279577 2.2314534e-06 3.7227988e-08 3.2194195e-11 0.065593235 5.5040783e-07 8.90131e-09 0.028673671 2.7951099e-05 0.002887937 5.5036478e-09 6.168383e-06 0.0018390998 2.142099e-06 0.024012659 0.0036478303 0.041236166 0.0008159256 0.011842585 9.51185e-08 0.014515404 0.01144502 0.00980122 3.0727244e-07 0.000534744 3.5010037e-06 0.00080794963 0.010349876 0.004396797 2.6870582e-06 0.0005000557 5.58902e-08 9.733419e-09 3.3050855e-09 2.2497252e-06 0.0077287056 1.949302e-05 0.0016196129 8.67154e-06 1.4690988e-06 7.1691204e-07 0.0009512092 0.039457753 1.7594533e-06
0.965692 0.3520103 0.80792606 0.5805965 0.14842583 0.6464872 0.12237134 0.79398334 0.6201832 3.4957229e-13 0.0021572215 0.84259754 0.5560593 0.8576126 1.0998315e-05 0.009364148 0.19685087 0.0017757739 0.08793695 0.0016804249 3.5213205e-07 0.18207836 1.4245036e-06 4.1871324e-08 0.021253971 0.018177612 0.06149136 0.0011824733 3.12047e-05 0.025141995 0.0009986928 0.7920367 0.003479027 6.7839087e-06 4.7238944e-05 0.0053997138 0.0013757522 0.012829305 0.00023823733 0.41663083 3.538887e-07 0.00058420416 0.8632452 0.0011649353 0.00020287064 0.051605474 0.01611508 6.8233057e-06 0.01532706 0.14186141 0.31375778 7.554693e-08 0.556448 0.0035650637 1.5035366e-05 4.717467e-10 0.0022588924 0.05337101 1.4218956e-07 2.5678137e-10 1.9365683e-11 0.00088549044 2.673279e-06 1.7117825e-10 0.5716162 1.4414155e-07 3.671861e-05 3.5036316e-10 3.8898443e-07 0.00016756784 5.9413645e-07 0.0009453292 8.161014e-05 0.116713636 0.00013736749 0.0031872306 3.0531126e-07 0.43472427 0.050669715 0.012654307 5.0322697e-08 9.045156e-06 6.3264715e-06 6.503624e-05 0.13618174 0.0018274533 2.20048e-05 0.00014252159 3.197435e-09 1.433887e-09 3.984237e-10 8.286072e-08 0.0006999994 0.000120794066 0.00023307352 1.7160908e-05 9.269258e-08 2.8773815e-08 0.0006294458 0.012264675 3.0348458e-06
0.9887598 0.62901473 0.82192075 0.09004742 0.5724129 0.02250713 0.4978197 0.004984106 0.007776396 0.0021572215 2.8224097e-13 0.0008670337 0.00014427133 0.0906615 0.9256266 0.6131876 0.0036187114 0.8601728 8.805602e-06 0.54023296 0.16817404 0.42396948 0.2921016 0.0141486265 1.6330521e-06 0.00015933524 0.6782892 0.56513846 0.4054287 0.27725622 0.44557673 0.0015782367 0.0016426044 0.04444281 0.109050386 0.3269059 4.1398096e-07 0.23961693 0.14994867 0.07811236 0.024349902 4.294875e-07 0.011682056 0.0024791954 1.04771544e-07 0.07082636 0.00035092872 0.037739325 3.6087183e-06 0.5771859 0.00023820529 0.007090074 0.0021001375 0.2016102 1.0897337e-08 0.00049049576 0.109957576 0.13337874 0.00065119535 0.0006403702 2.5089983e-06 0.0032536627 0.000444594 2.4861716e-05 0.21474434 0.0046012127 0.0030531364 2.487018e-05 0.0038600927 6.703787e-06 0.00031031048 0.00039663434 0.0023280503 3.9871626e-05 7.8721364e-08 4.0135626e-05 0.00092110434 0.16361247 2.5011635e-05 1.7758186e-06 0.00046110127 0.017861702 0.004091761 1.2524112e-08 0.000141633 0.092596754 0.0011080184 2.6866596e-07 2.6530179e-05 3.9748156e-07 3.2069389e-07 0.0009726068 0.006998466 0.0017867663 1.6931232e-06 0.00089526555 0.00015728726 6.540939e-05 7.7444014e-08 0.0009443286 0.0005351618
0.93706936 0.39271748 0.74172544 0.4690272 0.16959855 0.62975395 0.026739413 0.8010398 0.69666016 0.84259754 0.0008670337 2.3794321e-14 0.90956587 0.47826102 2.2993315e-06 0.007770921 0.38645002 0.00038089446 0.23730056 0.00049786735 1.2711341e-07 0.12543362 8.63639e-08 7.859111e-09 0.088959455 0.05994572 0.031002643 0.0003990286 1.22364145e-05 0.020818833 0.00065777707 0.9084228 0.010920536 8.885921e-06 1.6820835e-05 0.0024072847 0.036204908 0.008994848 0.0001648515 0.21994011 4.188043e-08 0.0017141877 0.78113 0.0016227692 0.0019781473 0.039507393 0.019050516 1.5425975e-06 0.08955143 0.05771574 0.48372987 5.1428398e-08 0.54265815 0.0045154304 7.932225e-05 9.84452e-11 0.0001633454 0.014250732 1.1219119e-07 4.7517903e-11 1.01291935e-11 0.0022061549 3.7080517e-06 1.225112e-10 0.17899384 2.672513e-07 2.3087217e-05 4.5607393e-11 2.6623755e-07 0.00024032187 9.551683e-08 0.001903127 4.8772323e-05 0.20391928 0.0008484837 0.003934314 6.4468885e-08 0.16408491 0.044450503 0.029787965 1.818758e-08 6.6493158e-06 6.177476e-07 0.00040826827 0.06683842 0.0008579873 1.5606278e-06 0.00043388212 5.442463e-10 2.4846367e-10 1.4137307e-10 1.9163325e-08 0.0009203824 1.2732622e-05 0.00044583296 1.0800086e-06 1.465533e-08 4.724016e-09 0.0022716024 0.008845996 4.2062294e-07
0.9274165 0.28485104 0.6258672 0.3508203 0.11753688 0.45785835 0.009054107 0.7909755 0.6869895 0.5560593 0.00014427133 0.90956587 9.278499e-14 0.19620675 4.8038345e-07 0.0023728139 0.4092465 0.000106511376 0.29864082 0.0001137465 1.6064112e-08 0.034246854 1.6829746e-08 4.2047694e-09 0.11661917 0.08238513 0.009571253 0.000102528335 8.441129e-07 0.00979515 0.00025878724 0.9342429 0.011983829 1.7173104e-05 2.7243825e-06 0.0008963146 0.09410591 0.005042126 7.2128336e-05 0.12889403 1.2094506e-08 0.0028325613 0.75075173 0.0017260464 0.0039422163 0.027706213 0.021060066 9.303652e-07 0.14356919 0.022571998 0.59788316 2.6009658e-08 0.545194 0.0033928915 0.00015287753 5.9457966e-11 0.00021523873 0.008313774 2.0836616e-08 9.303819e-11 7.865156e-12 0.001750911 9.2409925e-07 1.10270425e-10 0.11076842 4.9593197e-08 2.5946101e-05 2.5595157e-10 2.1124736e-08 0.0003062008 1.6163716e-07 0.0019139292 2.7744614e-05 0.25052696 0.0025582057 0.004383544 1.5247312e-07 0.12123171 0.05145778 0.064477876 2.3653804e-08 3.0959454e-06 6.1876e-07 0.00037174916 0.045813262 0.00040286835 7.751298e-07 0.0010658423 5.562045e-10 5.404777e-10 2.337789e-10 2.3132396e-09 0.0005228257 5.96729e-06 0.0007446809 5.1101887e-07 2.8582479e-08 1.8516431e-08 0.0045263083 0.013154595 1.0763547e-07
0.9830054 0.13115613 0.7574703 0.4512424 0.07946851 0.53013253 0.42965025 0.67504287 0.23217674 0.8576126 0.0906615 0.47826102 0.19620675 3.3018012e-14 0.0008367165 0.054275066 0.08674376 0.04818547 0.004067577 0.00724694 2.078679e-05 0.9317711 6.277094e-06 2.2338966e-07 0.001246203 0.005621568 0.3356485 0.01779585 0.00039908075 0.21943954 0.012520161 0.31480235 0.00014145159 1.8883571e-05 0.00046363033 0.04436833 4.223796e-05 0.11146208 0.0018617352 0.8731211 5.9568906e-06 3.5677218e-05 0.6714601 6.9280446e-05 6.9482426e-06 0.1909102 0.0057599936 0.000105847714 0.0002950163 0.48714834 0.025401514 5.0803937e-08 0.23713374 0.01854321 4.2010137e-07 1.0578331e-08 0.010042653 0.18400806 1.5581777e-07 3.248698e-09 1.507888e-10 0.00027806478 2.3138665e-07 1.0890823e-10 0.6531649 1.35000755e-05 4.7724934e-06 5.579069e-09 5.3749158e-05 4.468318e-06 4.748472e-08 3.4504043e-05 1.239931e-05 0.011560649 1.9487488e-06 0.0004938603 1.4876468e-06 0.64199054 0.00939547 0.00037063393 2.3136965e-07 0.00016855384 6.8569636e-05 5.554791e-07 0.052606814 0.008222398 0.00015998266 3.1014747e-06 7.586383e-09 1.2366844e-09 1.3850552e-09 3.219346e-07 6.4844746e-05 0.003027492 2.8543078e-05 0.00056193565 7.754659e-08 8.359566e-09 9.137065e-06 0.007296566 3.4231383e-05
0.9739631 0.09615017 0.204747 0.00020460864 0.1871079 4.4288012e-05 0.014331608 2.5340685e-05 4.9903505e-05 1.0998315e-05 0.9256266 2.2993315e-06 4.8038345e-07 0.0008367165 2.2263385e-14 0.2548899 0.00014846027 0.699425 1.306021e-07 0.68413013 0.8628143 0.038731385 0.8873341 0.3365815 7.186237e-08 7.5509115e-06 0.26165438 0.6350946 0.84078866 0.065223224 0.44224864 0.00039184786 0.00044338964 0.59821486 0.31227553 0.18206659 2.8743207e-08 0.080358885 0.35502166 0.008455644 0.23243491 7.213689e-08 0.0018803128 0.00082115293 1.3284609e-08 0.0064595058 1.7890341e-05 0.25486866 1.8325062e-07 0.26957655 7.375411e-06 0.16992658 5.773019e-05 0.10441683 1.92165e-09 0.07630308 0.039991476 0.012752649 0.0013139255 0.07158446 0.005938179 0.00089126633 0.00462914 8.595065e-05 0.005988238 0.011210945 0.001956447 0.00092805905 0.0056745238 3.5615394e-06 0.0008543958 0.00025666022 0.0012609828 3.6862477e-06 9.994335e-09 1.3772946e-05 0.012316003 0.0025374058 2.2121083e-06 9.2623003e-07 0.0069679883 0.040861644 0.052203875 5.829277e-09 2.223093e-06 0.08409137 0.0014628544 5.2141914e-08 0.00091845175 0.00012335391 6.7653695e-05 0.0007638073 0.004326091 0.00038783264 1.2635397e-06 0.00058018573 0.01263356 0.000682466 1.3155126e-07 0.0002494502 0.0015192903
0.9762849 0.75824434 0.42146593 0.13326868 0.9072798 0.049318835 0.76293397 0.018448329 0.027132502 0.009364148 0.6131876 0.007770921 0.0023728139 0.054275066 0.2548899 2.733414e-13 0.05172714 0.13967288 0.0003515333 0.9488881 0.05931241 0.049199004 0.04291302 0.013969414 0.00021648813 0.0023126765 0.101353854 0.062344342 0.057765976 0.66894513 0.030376345 0.0012775541 0.08224936 0.0019382297 0.3136908 0.01442218 8.5620624e-05 0.7497044 0.017874056 0.014303711 0.057407986 0.0011086764 0.003995689 0.11094672 3.5039982e-05 0.26346025 0.0011784463 0.001318675 3.5414905e-05 0.09081409 0.0018025758 0.00027703698 0.0019910801 0.6449091 6.371522e-07 0.00051602983 0.0007700288 0.0044933697 0.0050383164 0.00011015441 2.1942311e-05 0.0689095 0.002540201 0.00048676023 0.007796609 0.0185539 0.11792224 1.941804e-05 0.011526103 0.0012425086 0.003539578 0.023233373 0.06781347 0.000228279 1.461715e-07 0.0007129757 1.0273744e-05 0.014494074 1.9443352e-05 3.943899e-05 1.2460571e-05 0.12189838 5.9485938e-05 2.9972612e-06 1.8259889e-05 0.18947713 0.000108883745 8.8244195e-07 4.807136e-06 4.2169174e-07 2.9530355e-07 0.0019681365 0.120532975 0.001381063 5.4679273e-05 0.00041289534 9.250679e-06 0.0026093475 1.1585088e-06 0.007977041 4.0923915e-05
0.9947445 0.36604145 0.12507118 0.45826393 0.3335845 0.4579981 0.06601582 0.4683178 0.9094001 0.19685087 0.0036187114 0.38645002 0.4092465 0.08674376 0.00014846027 0.05172714 1.4108295e-10 0.0032139276 0.75690925 0.0033561366 9.167816e-06 0.042943403 7.433753e-06 2.9256904e-07 0.4778136 0.82574517 0.021081232 0.00061511836 4.010754e-05 0.11528863 0.00015011188 0.10912654 0.87908775 2.4280503e-06 0.00053949165 0.0003483849 0.09090061 0.074900895 6.429111e-05 0.04957619 0.0001325883 0.23720556 0.0706689 0.36927602 0.026480135 0.29207358 0.37618044 2.141995e-06 0.11209914 0.021031477 0.17471799 7.3059886e-07 0.08956994 0.10577335 0.0023148214 1.2844954e-08 1.256688e-05 0.0030849408 5.3425465e-05 2.4790566e-07 6.292677e-10 0.30751356 2.2169224e-05 1.9666298e-07 0.00718433 0.0008737452 0.01272043 4.634952e-09 0.00033341374 0.037394475 2.4257739e-05 0.2285658 0.021427084 0.03900143 0.0014168285 0.06048823 4.455456e-07 0.00413202 0.007637188 0.0075446498 1.1013192e-06 0.0021706512 1.7554377e-06 0.0012393259 0.0015818373 0.015381875 4.2843517e-06 0.002867382 2.6479784e-08 1.2920414e-08 4.9517177e-09 0.00010257528 0.039991837 1.9394667e-05 0.0043252744 2.6041528e-06 1.1961528e-06 1.197636e-05 0.0010349985 0.11179751 1.5892124e-06
0.95019066 0.015207768 0.07557909 0.011614997 0.007863816 0.0030566044 0.116134465 0.0014597739 0.0021585224 0.0017757739 0.8601728 0.00038089446 0.000106511376 0.04818547 0.699425 0.13967288 0.0032139276 1.2520062e-14 2.6497863e-05 0.17463034 0.13478343 0.3437077 0.46763453 0.026489565 4.8514603e-06 0.00012563867 0.84285724 0.94781435 0.60303974 0.10142845 0.8416238 0.0017425644 2.5324378e-05 0.3980337 0.055136908 0.6479715 1.4810461e-06 0.078413665 0.58981913 0.06755735 0.017913826 4.3804835e-08 0.0074132797 9.170618e-05 2.1239265e-07 0.017332219 3.300667e-05 0.23067555 4.603275e-07 0.54138887 5.4337845e-05 0.08518276 0.00046589365 0.030459682 2.1160425e-08 7.897466e-05 0.047651365 0.10183764 0.00042439744 0.0009792782 9.417046e-07 0.00017527326 0.00043109842 2.5778087e-05 0.03707859 0.0037990448 0.00017415076 1.4626178e-06 0.002625678 2.7190268e-07 3.989561e-06 1.8234516e-05 5.1151477e-05 4.6251407e-05 3.2740968e-09 1.3509373e-05 0.007581423 0.03571561 2.9803801e-05 6.628596e-07 0.0036108203 0.0050729853 0.032733183 3.3856924e-08 3.4579116e-05 0.013419223 0.009227437 2.5256155e-08 1.5688807e-05 1.4767916e-07 7.0402834e-08 0.0001451867 0.0012722887 0.0049204025 4.3645096e-06 0.005030018 0.0006494003 3.0619258e-06 4.4949914e-08 0.0011410674 0.0075550247
0.9711261 0.046024688 0.015389733 0.055168666 0.03367016 0.059716 0.00022758034 0.13344142 0.33083823 0.08793695 8.805602e-06 0.23730056 0.29864082 0.004067577 1.306021e-07 0.0003515333 0.75690925 2.6497863e-05 1.5552623e-12 8.7374265e-06 1.1488475e-08 0.002293805 1.8321698e-08 1.2480588e-09 0.94048417 0.92142844 0.0014311391 1.0710996e-05 6.3469423e-07 0.00195469 3.4291484e-06 0.18758556 0.41780886 8.666305e-08 5.5044648e-06 3.0895706e-05 0.59337354 0.0014564218 3.0435033e-06 0.008747386 1.8078298e-07 0.6004984 0.05449383 0.041958384 0.32999656 0.021987062 0.40192366 3.9546438e-07 0.50298387 0.0026253422 0.46997276 1.0064717e-07 0.16511188 0.0020399687 0.015238075 1.2965602e-10 1.896966e-06 0.0004402602 1.1912358e-08 2.333282e-09 9.984678e-12 0.047801543 4.6560405e-07 6.614292e-11 0.0027193304 1.6051877e-06 0.00088510424 4.5198673e-10 3.5276327e-07 0.04736185 4.678404e-08 0.050315104 0.0015719467 0.08158818 0.023008265 0.08263179 3.9600046e-08 0.00054546015 0.0074032466 0.037230223 1.4758552e-07 2.178998e-05 2.1682054e-06 0.006765338 0.001908587 0.0016244035 2.7537562e-06 0.05879204 5.3273634e-09 4.486321e-09 7.698737e-10 2.1026413e-08 0.0024331524 2.433426e-06 0.009764498 1.5339698e-06 3.2980095e-06 2.0451447e-09 0.0077854567 0.09977965 5.273794e-06
0.9731902 0.34656745 0.12314356 0.013109978 0.55886847 0.0022023676 0.2753274 0.0013185506 0.002324219 0.0016804249 0.54023296 0.00049786735 0.0001137465 0.00724694 0.68413013 0.9488881 0.0033561366 0.17463034 8.7374265e-06 3.77837e-14 0.3025052 0.025099292 0.16448301 0.11170391 5.0500344e-06 0.00033901256 0.056958143 0.1194187 0.1541958 0.28936845 0.033067986 0.00037188636 0.013767169 0.009858192 0.9082344 0.008904343 1.5878398e-06 0.51686996 0.03468383 0.002418015 0.37506086 0.00011736594 0.0007289193 0.028740412 1.1113489e-06 0.054768674 0.0003667572 0.0034020087 3.887095e-06 0.043573942 5.7548845e-05 0.0021382277 0.00019509395 0.64449966 9.705242e-09 0.006931026 0.0004964812 0.0017407166 0.03859067 0.001687957 0.0013761347 0.024768405 0.029963564 0.006442965 0.0012480214 0.0761634 0.15791018 0.00063585566 0.049378213 6.9389556e-05 0.01726682 0.0067738243 0.06776302 5.4871503e-05 8.889285e-08 0.00019793634 4.2971944e-05 0.0009166775 1.4194165e-05 6.4346227e-06 3.848745e-05 0.2446113 0.00023638067 5.7439312e-08 3.0976173e-06 0.22394547 0.00011261318 1.5192387e-07 4.8276655e-05 1.5710428e-05 5.1912093e-06 0.008899483 0.11109582 6.5411754e-05 7.2697476e-06 0.00010356846 0.000106084895 0.006368913 4.389019e-06 0.0019040512 9.5876196e-05
0.8865016 0.010112489 0.018323144 1.7011696e-05 0.037861362 1.0616343e-06 0.000693795 5.1773986e-07 1.8824621e-06 3.5213205e-07 0.16817404 1.2711341e-07 1.6064112e-08 2.078679e-05 0.8628143 0.05931241 9.167816e-06 0.13478343 1.1488475e-08 0.3025052 1.82213e-15 0.0006349543 0.91177964 0.9891161 1.8771145e-08 1.3760858e-06 0.019202342 0.12748559 0.452625 0.010699053 0.09076004 1.864171e-05 0.0002718134 0.6457226 0.32529882 0.012987343 7.614638e-09 0.016394641 0.09036778 0.00017506594 0.6526174 3.4625394e-08 0.00011727553 0.00038795342 3.4737235e-09 0.0008727442 6.618514e-07 0.051967867 1.3654722e-08 0.023328265 7.392667e-07 0.120582014 7.3169645e-07 0.03794307 2.396797e-09 0.40710586 0.0011669251 0.00053592643 0.011516324 0.16540878 0.13376372 0.00040936717 0.038581047 0.0038776482 6.458104e-05 0.021637 0.0009997406 0.07477912 0.012561225 1.7047306e-06 0.00093822484 0.0001595011 0.0006689099 2.1592489e-07 3.8442086e-10 3.313135e-06 0.0064481776 1.1237484e-05 2.449621e-07 1.4491728e-07 0.0043105506 0.03693377 0.008851165 5.5923652e-09 1.4872957e-07 0.045503464 0.00010167274 1.8235715e-09 0.0068270634 0.0015273152 0.001513245 0.0017592657 0.0026583872 1.5267085e-05 2.7804873e-07 3.5283734e-05 0.024888856 0.0020802063 3.9197264e-08 3.9884937e-05 8.2781706e-05
0.96419597 0.020920038 0.16513883 0.17471243 0.011322966 0.13417809 0.2960874 0.15631482 0.047927037 0.18207836 0.42396948 0.12543362 0.034246854 0.9317711 0.038731385 0.049199004 0.042943403 0.3437077 0.002293805 0.025099292 0.0006349543 4.0124018e-13 0.00048589084 5.8692454e-05 0.0015037574 0.0058197207 0.9136883 0.18440497 0.004374217 0.119750805 0.14645027 0.04565586 1.7743347e-05 0.0012199538 0.005686317 0.66387963 0.00039041825 0.050229978 0.040021233 0.94710106 5.6442314e-05 1.1882469e-05 0.18457064 1.1931489e-05 0.00038342964 0.029785536 0.0025439127 0.010723934 7.472815e-05 0.92747855 0.0022620137 1.2222779e-05 0.045108292 0.009671935 6.201772e-05 1.0057516e-08 0.15535751 0.62434614 1.9687718e-06 7.3349757e-09 2.0990609e-10 0.00020966085 8.446041e-07 9.5263395e-08 0.5957248 0.00022598253 8.754525e-06 9.6913695e-09 0.0003006867 4.458064e-06 2.5538117e-07 3.3364766e-05 1.3860451e-05 0.00129105 8.45728e-06 0.0006612887 2.8176719e-05 0.5615559 0.0017779461 8.1991144e-05 1.1152948e-05 0.0026030308 0.0008530521 3.8544713e-05 0.008990679 0.0083398 0.0010471952 4.851955e-06 1.3359467e-08 5.629555e-09 3.6576915e-09 2.6693519e-05 7.4886244e-05 0.0094174845 0.0002830377 0.0024918332 4.4204882e-07 9.1075765e-07 9.846385e-06 0.002368674 0.00039047972
0.912664 0.0012547917 0.0028162207 3.67555e-05 0.0025410443 1.0291543e-05 0.00054061034 5.1382763e-06 7.948146e-06 1.4245036e-06 0.2921016 8.63639e-08 1.6829746e-08 6.277094e-06 0.8873341 0.04291302 7.433753e-06 0.46763453 1.8321698e-08 0.16448301 0.91177964 0.00048589084 1.5904058e-15 0.82366264 2.8265436e-08 2.2707995e-06 0.058004443 0.49562967 0.8192401 0.015998267 0.29246253 4.412303e-06 2.3942305e-06 0.9647906 0.22768357 0.02963804 1.0787855e-08 0.018826397 0.32921326 7.5340686e-05 0.48255992 3.2902105e-09 1.3993614e-05 1.9039264e-05 3.223779e-09 0.0007856121 1.3749197e-06 0.1682965 7.5704584e-08 0.1425261 6.876527e-06 0.530569 5.2821697e-06 0.033160876 1.8091215e-09 0.55952346 0.0040083737 0.004855934 0.008305492 0.44048858 0.21039088 5.5828355e-06 0.11501499 0.00065326726 0.00017507513 0.043267656 0.00015008613 0.024296902 0.01780387 6.8289463e-09 0.00015743282 2.2471123e-07 5.0573915e-05 1.0637351e-06 4.086042e-09 3.272427e-07 0.014486203 4.630755e-05 1.3765217e-06 3.5579322e-09 0.0073558865 0.023016097 0.021570818 1.4700264e-08 6.655621e-08 0.028283898 0.0010124058 2.1000602e-08 0.0039245784 0.0015789624 0.0005225014 0.0074227275 0.0014314941 0.00025648306 2.4167085e-07 0.00034279295 0.027749276 0.00027204317 1.328385e-08 3.716224e-05 0.0008853473
0.8789961 0.0068853274 0.007884351 1.0518918e-06 0.019952249 1.2264651e-07 3.9264407e-05 1.0809715e-07 1.9681043e-07 4.1871324e-08 0.0141486265 7.859111e-09 4.2047694e-09 2.2338966e-07 0.3365815 0.013969414 2.9256904e-07 0.026489565 1.2480588e-09 0.11170391 0.9891161 5.8692454e-05 0.82366264 2.0212512e-14 2.3354327e-09 1.8354147e-07 0.0035413757 0.057644382 0.33147272 0.002095838 0.033263855 1.6299978e-06 6.944841e-05 0.5896208 0.4200794 0.0018902436 2.555428e-10 0.0049184486 0.044718806 8.448269e-06 0.91227543 4.9794107e-09 2.2228237e-06 0.00029474517 5.756517e-10 0.000113253576 1.4409393e-08 0.007970091 1.5772846e-09 0.0027255435 1.584354e-07 0.07996255 1.5163336e-07 0.023180865 1.515211e-10 0.6721329 4.042932e-05 8.8443114e-05 0.15251489 0.22166425 0.3518708 0.0001677866 0.62161744 0.039082687 2.6428685e-07 0.034641717 0.0014733804 0.16731003 0.026218958 6.3653665e-08 0.006826317 0.00012712184 0.0010016593 1.5830874e-08 1.6119379e-09 8.53758e-08 0.0028642402 1.9527672e-06 1.06561004e-07 6.5737127e-09 0.001713834 0.051709443 0.0018052622 4.659502e-10 2.0259124e-08 0.04551262 1.0783027e-05 1.7181981e-09 0.013291778 0.0045787003 0.0072991126 0.007992496 0.0057520503 1.044398e-06 1.0197716e-08 6.5720957e-07 0.017426476 0.011712767 1.1022974e-08 2.8861614e-05 7.1874238e-06
0.95002866 0.014913326 0.005929054 0.005670821 0.011902021 0.0056370744 2.113797e-05 0.036016524 0.12308702 0.021253971 1.6330521e-06 0.088959455 0.11661917 0.001246203 7.186237e-08 0.00021648813 0.4778136 4.8514603e-06 0.94048417 5.0500344e-06 1.8771145e-08 0.0015037574 2.8265436e-08 2.3354327e-09 8.460288e-12 0.90913254 0.00064305775 3.958899e-06 1.8895837e-07 0.00075831293 2.029601e-07 0.060934633 0.26350492 1.7840394e-08 2.169678e-06 3.99916e-06 0.7527076 0.00064661005 8.167803e-07 0.0021159481 3.9574903e-08 0.87291145 0.01052728 0.022400815 0.65489054 0.015161943 0.5873764 8.091764e-08 0.5372164 0.0003470216 0.35427788 1.905079e-08 0.08201506 0.001171165 0.1045859 4.2120855e-11 3.747747e-07 0.000104106475 2.842458e-09 2.4511645e-10 2.5639792e-12 0.041475885 3.381364e-07 5.8980744e-11 8.729817e-05 3.3416097e-07 0.0006669118 2.1523378e-10 5.2282136e-08 0.2195669 4.6912536e-08 0.06770761 0.0010160552 0.055771034 0.031951435 0.1355028 1.774161e-08 2.7992446e-05 0.00420611 0.022487303 5.3209487e-08 5.148115e-06 8.185036e-07 0.03615093 4.810858e-05 0.00080412003 3.6667116e-06 0.15641005 8.2116763e-10 1.1465551e-09 1.7562045e-10 2.2256395e-09 0.0024692898 7.3001524e-07 0.030401863 7.9283757e-07 1.2829603e-06 8.039021e-10 0.00970394 0.11206079 3.030652e-06
0.9759572 0.07846371 0.020549074 0.052851547 0.0794904 0.03133162 0.0018515453 0.048310928 0.2662724 0.018177612 0.00015933524 0.05994572 0.08238513 0.005621568 7.5509115e-06 0.0023126765 0.82574517 0.00012563867 0.92142844 0.00033901256 1.3760858e-06 0.0058197207 2.2707995e-06 1.8354147e-07 0.90913254 6.455339e-09 0.0022405975 2.8912162e-05 1.4608649e-05 0.007070486 1.0147422e-05 0.023989368 0.7476753 5.093204e-07 7.495083e-05 4.8708775e-05 0.3523337 0.00402688 6.843349e-05 0.004735275 6.243488e-06 0.8210856 0.008622388 0.18711986 0.3276227 0.048708577 0.7836931 1.8747976e-06 0.1586709 0.002385976 0.09501174 5.6014613e-07 0.025797028 0.013655407 0.02849183 1.5792444e-09 3.093868e-06 0.0004692574 2.1951198e-06 8.120455e-09 5.915089e-10 0.27898353 3.979242e-05 1.188594e-08 0.00052098033 7.606343e-05 0.0079057785 8.609346e-09 7.588052e-06 0.32454243 5.007768e-06 0.40146887 0.014595644 0.019061329 0.0063556316 0.13946547 4.2315366e-07 0.00021400575 0.0018569272 0.00410961 5.119686e-07 0.00013576166 1.5399495e-05 0.01137188 6.581818e-05 0.002139485 2.0909465e-05 0.027189318 5.070839e-08 2.9726234e-08 4.577477e-09 1.0802912e-07 0.0229745 6.6859097e-06 0.017396538 2.5899437e-06 2.900541e-06 7.919934e-07 0.0023709296 0.12971699 8.233203e-06
0.9149468 0.01392629 0.062463656 0.102542296 0.0084438585 0.055602994 0.24960832 0.07326516 0.016351974 0.06149136 0.6782892 0.031002643 0.009571253 0.3356485 0.26165438 0.101353854 0.021081232 0.84285724 0.0014311391 0.056958143 0.019202342 0.9136883 0.058004443 0.0035413757 0.00064305775 0.0022405975 1.610756e-15 0.5533116 0.10828035 0.099669576 0.6881664 0.007878627 3.0980562e-05 0.040807027 0.013366517 0.9724929 0.00023707509 0.05762927 0.25692534 0.3514527 0.0020924679 3.4573603e-07 0.035245784 4.3184707e-05 4.6845904e-05 0.01523652 0.00019361041 0.19982153 1.8953791e-05 0.7262566 0.0011554855 0.012311629 0.010761121 0.015666233 3.4237341e-06 5.2771047e-06 0.1163751 0.31753632 0.00011702137 4.7476282e-05 1.2221777e-07 0.00021744178 9.288111e-05 8.901205e-06 0.13513112 0.0015974529 6.3003856e-05 1.311444e-07 0.0016784252 1.3078389e-06 1.021173e-06 1.9071958e-05 3.0103227e-05 0.0014761636 3.080504e-08 0.00023683284 0.002305746 0.1940179 0.00080117496 8.91104e-06 0.001000579 0.00203656 0.021749586 3.7977784e-06 0.0017746133 0.0037743347 0.0047920113 2.2674831e-07 1.558504e-06 1.987661e-07 9.672039e-08 7.297202e-05 0.0003342711 0.00530375 2.7056485e-05 0.0039006104 0.0001347387 5.965847e-07 1.2950997e-06 0.0009416042 0.003840774
0.8931409 0.0077599683 0.026689218 0.0036215093 0.0044036712 0.0010227516 0.030984921 0.0010854467 0.00076680834 0.0011824733 0.56513846 0.0003990286 0.000102528335 0.01779585 0.6350946 0.062344342 0.00061511836 0.94781435 1.0710996e-05 0.1194187 0.12748559 0.18440497 0.49562967 0.057644382 3.958899e-06 2.8912162e-05 0.5533116 5.728279e-14 0.5299999 0.041048113 0.9539762 0.00092661614 1.44203295e-05 0.4044475 0.040060982 0.71978885 9.784114e-07 0.023580983 0.71466386 0.06937484 0.0363822 8.3894086e-08 0.0031676143 3.4351826e-05 2.6952594e-07 0.0036810562 6.2225167e-06 0.48377088 1.611365e-07 0.4589988 2.1162114e-05 0.30167228 0.00015299115 0.011477811 9.908352e-09 0.0005137715 0.039063126 0.05954946 0.0012071963 0.014482777 0.00012101326 7.374135e-05 0.00633865 0.00043951639 0.036522586 0.0039987657 7.411268e-05 1.2531742e-05 0.0034853248 5.144461e-07 5.872238e-06 2.4036117e-05 1.2686477e-05 2.0340949e-05 2.754343e-09 8.184822e-06 0.013606931 0.032496907 1.5444883e-05 1.3659215e-06 0.006829013 0.0026202982 0.08872999 2.6146342e-08 9.2072216e-05 0.0056088865 0.014766601 2.339357e-08 0.00011049414 1.5724743e-05 1.9167696e-06 0.00016108372 0.00089918665 0.005078794 7.0479655e-07 0.0050725713 0.0061267703 9.024743e-06 1.2462972e-07 0.0002861483 0.009776047
0.8459287 0.0037044862 0.011246947 0.00017545088 0.002545035 4.072648e-05 0.0014628466 1.977506e-05 9.964404e-05 3.12047e-05 0.4054287 1.22364145e-05 8.441129e-07 0.00039908075 0.84078866 0.057765976 4.010754e-05 0.60303974 6.3469423e-07 0.1541958 0.452625 0.004374217 0.8192401 0.33147272 1.8895837e-07 1.4608649e-05 0.10828035 0.5299999 4.8852255e-16 0.01882086 0.7090533 4.2159645e-05 3.2753978e-06 0.97753394 0.08349428 0.3329522 2.3482677e-07 0.015069525 0.6753915 0.0027232245 0.1697948 3.5939445e-09 0.00016469343 1.576679e-05 4.5433122e-08 0.0009401192 2.1070957e-06 0.55579114 2.2067624e-08 0.27227458 5.2064036e-07 0.7061306 1.8589764e-05 0.0105913915 4.510259e-09 0.05378778 0.016220752 0.0092237545 0.0015209494 0.25037545 0.0038062339 4.4106724e-05 0.017998626 0.00058981066 0.006441239 0.0072845304 5.8480146e-05 0.00010769899 0.0060381494 8.547861e-08 9.0092135e-06 8.2084825e-06 2.1854139e-05 6.3892776e-07 2.0264357e-10 7.0273713e-06 0.025317375 0.0032234464 8.987249e-07 1.9449034e-08 0.009758014 0.008507192 0.061044436 1.1879028e-08 3.4282361e-06 0.0063504665 0.0025078 1.2195103e-09 0.0002922853 2.6342354e-05 7.5982407e-06 0.0010510741 0.0013052848 0.000725814 9.379501e-07 0.0006553839 0.014338464 2.1356667e-05 2.071511e-09 3.0890224e-05 0.0019070588
0.99725175 0.7195075 0.30313146 0.23402475 0.9081309 0.11561029 0.6132317 0.044914465 0.09279354 0.025141995 0.27725622 0.020818833 0.00979515 0.21943954 0.065223224 0.66894513 0.11528863 0.10142845 0.00195469 0.28936845 0.010699053 0.119750805 0.015998267 0.002095838 0.00075831293 0.007070486 0.099669576 0.041048113 0.01882086 2.3456467e-13 0.019543922 0.0041500977 0.13493854 0.0005586812 0.09241423 0.011338012 0.00045870847 0.8834116 0.009620497 0.07134059 0.008108474 0.0019992713 0.014139885 0.35566407 0.00018482347 0.6061458 0.0029871585 0.0008390034 0.0005671961 0.0676917 0.0068418807 0.0001227389 0.009149984 0.66447216 8.691492e-06 0.00011578407 0.002309116 0.010701146 0.0015520572 1.9712472e-05 5.389229e-06 0.16582057 0.0008838082 0.00020112109 0.029065302 0.004783514 0.1918485 1.0847377e-05 0.0031354688 0.0013263711 0.0051279888 0.07063421 0.18890934 0.0081973635 2.8848212e-05 0.00064129056 0.000100405254 0.21471077 0.0016033747 0.00091742707 4.5200984e-05 0.08823452 0.00035443067 1.8660421e-05 0.0060531884 0.19986515 0.0007811345 2.7871698e-05 5.7624106e-06 7.3408825e-07 1.102816e-06 0.0007053534 0.3439403 0.0030749864 0.00014355681 0.0008603533 1.1169052e-05 0.0012666695 7.653545e-05 0.01272688 0.000113868926
0.23258618 0.005427073 0.043590266 0.00613154 0.0021847484 0.0019092588 0.04498883 0.002130189 0.0003437295 0.0009986928 0.44557673 0.00065777707 0.00025878724 0.012520161 0.44224864 0.030376345 0.00015011188 0.8416238 3.4291484e-06 0.033067986 0.09076004 0.14645027 0.29246253 0.033263855 2.029601e-07 1.0147422e-05 0.6881664 0.9539762 0.7090533 0.019543922 2.6599723e-18 3.2597218e-05 1.3961494e-06 0.56841856 0.011618968 0.9330104 1.5721465e-08 0.011996108 0.93166184 0.0028590562 0.005367384 1.9618948e-10 0.00021568936 8.531264e-06 2.2101694e-09 0.0016230317 3.0648985e-07 0.65848076 5.9410525e-09 0.08752951 4.1830995e-07 0.13473874 2.7701237e-06 0.0051865536 5.091817e-10 8.61845e-05 0.0312721 0.00750279 0.00014924115 0.0007955947 2.2833383e-06 3.1062375e-06 0.00023457893 5.1601037e-06 0.0016722532 0.0010233696 3.2492437e-05 8.4956696e-08 0.0013430226 3.4668414e-08 9.3372726e-08 3.0853084e-06 3.6360057e-06 9.589763e-08 5.0718953e-11 1.9901468e-06 0.00043259564 0.0008922635 7.5791846e-08 2.1676614e-08 0.00011528823 0.0012287154 0.006124895 9.950069e-10 1.4904175e-06 0.00054244726 8.2889856e-05 1.0498073e-08 2.0156877e-07 5.5721063e-08 2.0923595e-08 0.000114331284 0.0005223435 2.1258094e-05 3.0320567e-08 1.2935364e-05 8.961594e-06 5.460839e-09 8.6791013e-10 9.981438e-05 4.163856e-05
