7.0837855e-17 0.9876412 0.9767356 0.9954074 0.9509533 0.9786148 0.83360535 0.9644629 0.9041273 0.9536517 0.96331894 0.93934876 0.4489533 0.9813909 0.9587296 0.88116735 0.96457744 0.96747977 0.98403484 0.9907994 0.97030824 0.97261435 0.13562593 0.98753875 0.9398775 0.89141995 0.99574727 0.9907384 0.84354186 0.98758894 0.9834211 0.50843257 0.9831385 0.99282867 0.87434876 0.9875888 0.24713807 0.96779084 0.27875677 0.904634 0.909307 0.94001573 0.915183 0.27834028 0.09577065 0.9988725 0.9989333 0.97684306 0.33822897 0.94797283 0.9535242 0.9517949 0.9642308 0.1425516 0.98800874 0.40460524 0.9875186 0.9998158 0.048477016 0.92076963 0.95816565 0.994563 0.9561426 0.89802575 0.6260582 0.57282794 0.996661 0.88019055 0.9918155 0.2823878 0.95963895 0.5484509 0.93380684 0.32144526 0.011897574 0.30319113 0.9997044 0.08121072 0.4682785 0.38663623 0.99994123 0.9968979 0.99948317 0.022721166 0.022172218 0.93778586 0.99718845 0.2058638 0.9996497 0.2082044 0.060032852 0.99957806 0.5361112 0.037511516 0.065374844 0.96271294 0.026698943 0.0133501785 0.023104357 0.0014870625 0.006591885
0.9876412 3.2941203e-14 0.9468998 0.3433984 0.47113627 0.65034574 0.046544895 0.13944224 0.3852637 0.43175244 0.8159616 0.5413212 0.17476161 0.17304233 0.23919523 0.009436818 0.13452172 0.8820389 0.024764443 0.051715672 0.095846124 0.10301557 0.00046299715 0.07515977 0.285344 0.121473 0.12412028 8.5244785e-05 0.37731758 6.2304375e-06 0.003627266 0.044286516 0.0037865478 0.14611198 0.0006060894 0.042821437 0.09237121 0.011175797 0.08288394 0.000577123 0.15451363 8.864778e-06 0.0043877973 0.038380254 0.0651344 0.2003563 0.097260505 0.005138678 0.0009851101 1.6421944e-06 8.185273e-08 0.0021621452 2.428217e-06 0.0034815497 0.0077698757 0.03461995 0.00018725106 0.07352709 0.0038884054 8.9020915e-09 8.960542e-08 2.8167395e-05 0.0033904733 1.8453295e-07 0.017822081 0.00634651 0.006859619 0.000325462 0.10881501 6.21478e-05 0.0010933983 0.0015693111 3.2361935e-05 0.0052241674 1.0554486e-05 0.0018471053 0.009974217 0.00068112364 0.001248341 0.0012467402 0.033965405 0.0001555196 0.00031790117 0.003066093 0.0055959728 8.515894e-06 0.010814124 4.3069667e-07 0.0023982713 8.077224e-06 0.00080471917 0.0005605788 0.00014700729 0.0009919846 0.00084161916 1.6334282e-07 0.0020443115 0.00020091693 7.146049e-05 2.8832257e-05 0.00024426708
0.9767356 0.9468998 1.5578862e-13 0.34728017 0.2169944 0.18912823 0.019033857 0.052353807 0.05462788 0.052441504 0.83529717 0.9031201 0.5322959 0.0404653 0.7510944 0.007204495 0.031278808 0.16817613 0.043046556 0.06344602 0.4144586 0.039340474 3.4016404e-05 0.011680033 0.06854952 0.31714803 0.108243085 0.00058912794 0.023003925 0.00018147282 0.01357849 0.14869022 0.01616391 0.031989135 0.0007105564 0.0071045114 0.0102980295 0.0015662267 0.034434784 0.001162343 0.03799634 0.00011306891 0.026665825 0.045333125 0.038512845 0.07596395 0.033626948 0.00035461105 0.013402424 1.905087e-05 2.8740521e-06 0.00021709077 1.6008835e-05 1.5848786e-05 0.0010496163 0.009504553 0.00028829055 0.026998898 0.005491048 3.6809485e-07 2.0668456e-06 8.349943e-05 0.0002135843 6.687051e-06 0.086320646 0.00032905734 0.015348108 1.6460855e-05 0.02483375 5.0395993e-06 9.690168e-05 4.270692e-05 0.0005676515 0.031186594 8.84607e-08 0.010709701 0.012574475 0.0030156716 0.00016014813 0.00011222144 0.008449019 0.0002121616 0.00019846806 0.00064156245 0.00092213036 1.80476e-05 0.0032468822 3.8184603e-06 0.0044589546 0.00012535657 0.0001385372 0.00068236643 2.1955562e-05 0.0004762173 9.2811344e-05 1.4117946e-06 0.00051168265 5.976616e-05 0.00052957406 0.00015655428 0.000943101
0.9954074 0.3433984 0.34728017 4.931701e-15 0.6989008 0.40404814 0.61216396 0.3919366 0.041017976 0.002381976 0.041657418 0.12926345 0.9432154 0.059080757 0.23067065 0.5673187 0.0024042022 0.008656701 0.5257669 0.6265666 0.2693427 0.16464423 0.00030042528 0.009170518 0.0069788247 0.06565551 0.59471965 0.12115104 0.008443988 0.07374838 0.3130797 0.007656853 0.3030597 0.13313061 0.13526502 0.035135694 0.0007297014 0.009573212 0.0031106535 0.08134613 0.0009827478 0.005281475 0.07972184 0.0040123803 0.0009862396 0.6395386 0.5662456 3.0034375e-05 0.01359087 0.0027390972 0.00019986584 6.1750674e-05 0.0010349284 1.4629158e-05 0.0019061142 3.9722396e-05 0.012464378 0.3579343 1.5349864e-05 1.6710193e-05 2.7778317e-05 0.015649883 0.00018219124 0.00030629948 0.009560729 2.8559009e-05 0.34189922 9.962437e-07 0.09114011 2.5864906e-06 8.811126e-05 1.3187641e-06 0.004192755 0.009346732 7.802149e-08 0.0054703006 0.34558654 0.0006827277 1.5687716e-05 2.2318109e-06 0.15791641 0.010668237 0.0073930304 3.9887314e-06 4.7019903e-06 0.0027139673 0.0024103974 1.0525497e-05 0.17451268 0.0004230627 2.4554287e-05 0.029715186 2.7722062e-06 1.2099041e-06 8.605092e-06 9.951e-06 1.3599554e-06 3.6636374e-07 2.8861446e-05 1.151863e-05 5.1980064e-06
0.9509533 0.47113627 0.2169944 0.6989008 8.69469e-14 0.8027322 0.971059 0.939078 0.27073836 0.122992724 0.0578225 0.057894893 0.15897875 0.32603478 0.086703695 0.21165355 0.056561876 0.054195862 0.15366992 0.29820794 0.05623834 0.61575884 0.019345295 0.13019235 0.022592654 0.017740913 0.41154242 0.0014212166 0.030105017 0.00076234236 0.061920453 0.0055022924 0.036732867 0.39805928 0.017890913 0.13315623 0.019264432 0.03823387 0.0049556512 0.004354496 0.01879081 0.00014992733 0.022574048 0.0033770653 0.0043127504 0.43634182 0.37780443 0.004340555 0.001451431 1.9454426e-05 7.713705e-07 0.002617788 1.1890788e-05 0.0012430064 0.008927531 0.0019674432 0.0067330906 0.23249248 2.0711814e-05 1.1398948e-07 5.2662176e-07 0.0003445012 0.005268411 3.6748859e-06 0.0019529358 0.002469835 0.056306086 0.00038732385 0.1589716 0.00019175008 0.0020528599 8.734239e-05 0.000941141 0.0018283735 2.475374e-05 0.0014000603 0.053920068 0.00011055043 0.0007180901 0.00035825034 0.08878359 0.0005290569 0.0148301935 0.00011410962 1.23070195e-05 0.0017693678 0.016505957 9.2005155e-07 0.030237632 1.9430663e-06 0.00028558532 0.009012153 3.8812217e-05 7.006365e-06 7.008761e-05 2.9198756e-07 3.889969e-06 2.4447284e-06 6.5199033e-06 1.6073225e-05 1.4685575e-05
0.9786148 0.65034574 0.18912823 0.40404814 0.8027322 8.022431e-14 0.6045353 0.6697179 0.9210854 0.61861223 0.06512381 0.0500601 0.060386833 0.86910343 0.05847332 0.08384971 0.5301588 0.3249297 0.004322103 0.057136014 0.02450912 0.41097337 0.23083083 0.30165666 0.036047924 0.021870155 0.13607097 0.00024901808 0.3425811 4.021582e-05 0.0026446893 0.0038346692 0.0010568799 0.2655419 0.004585237 0.15552557 0.050745174 0.061071314 0.008133427 0.0004466588 0.06107824 1.3520678e-05 0.005483102 0.0024565205 0.003916493 0.18108188 0.1317208 0.00784598 3.3413547e-05 1.6141912e-06 2.007209e-07 0.0048756837 1.6058981e-06 0.04441333 0.008054962 0.010198535 0.0016316504 0.10433859 0.00028876026 1.9272807e-07 8.5958966e-08 6.337368e-05 0.017175112 1.3976828e-06 0.0021677425 0.008667688 0.0135173015 0.002086252 0.10102847 7.7671866e-05 0.00056178827 0.0038345794 0.00023109876 0.00060575135 0.00023997307 0.0006992531 0.014278326 0.00021969921 0.0002983123 0.000348271 0.054889806 0.00020328314 0.0064853597 0.001555526 0.00010899033 0.0008399777 0.002522228 2.0548646e-06 0.006676107 1.1303086e-06 0.0008261443 0.0019928447 0.00033106905 0.00035028573 0.0029487833 4.2546668e-07 0.0004475107 0.0003560969 0.00021549322 5.5063367e-05 0.000386312
0.83360535 0.046544895 0.019033857 0.61216396 0.971059 0.6045353 1.8645532e-20 0.8515976 0.19196679 0.011247667 7.637264e-05 0.0008152337 0.12395788 0.25593314 0.005975636 0.9439442 0.010932159 6.8514004e-05 0.53981054 0.7696954 0.0016675688 0.3898525 0.002602229 0.066351 4.189461e-06 1.4648647e-05 0.8198948 0.021023752 9.8742246e-05 0.0030603295 0.23369722 9.070387e-08 0.10663709 0.1376156 0.15162493 0.06369058 7.115706e-07 0.012395297 3.4079897e-06 0.00946784 2.6018936e-06 7.645856e-05 0.00035291188 6.086333e-07 2.8594079e-07 0.57347006 0.51799697 6.363622e-05 7.980513e-07 0.004818327 8.3452374e-05 3.686295e-05 0.00085294794 1.7739001e-05 0.0019440564 4.426327e-07 0.06400032 0.31507105 1.243767e-07 0.00020967005 6.564218e-08 0.0061504804 1.9321549e-06 4.1401847e-07 0.00015005464 1.1629072e-07 0.13492407 1.6848881e-07 0.024755346 2.5705313e-06 0.0002918288 3.068898e-08 2.1314121e-05 1.6165898e-06 1.7154387e-06 2.5865818e-06 0.11389751 1.7156422e-07 1.538872e-05 3.6109698e-06 0.03816148 0.0022037092 0.13994688 2.0345796e-07 4.533081e-06 0.0059634247 0.00028919044 2.0743954e-07 0.06598431 2.1616377e-06 6.187057e-07 0.024772694 1.1224814e-07 8.513628e-06 2.0121181e-08 4.2227102e-06 1.45175545e-05 1.2257753e-07 4.3831665e-08 1.8766357e-07 1.1259987e-06
0.9644629 0.13944224 0.052353807 0.3919366 0.939078 0.6697179 0.8515976 7.179568e-11 0.19920266 0.07150601 0.010183578 0.012034708 0.030120768 0.5502966 0.033579305 0.11769487 0.080211625 0.014405636 0.07258434 0.24823876 0.017627379 0.8793616 0.034359243 0.32141566 0.0017438786 0.00088491937 0.44234124 0.0013162871 0.042043712 0.00037613086 0.024164198 0.000103650265 0.008508158 0.72182 0.0067652026 0.31124577 0.0013159025 0.12101861 0.0010050538 0.0027909095 0.0033812497 7.711271e-05 0.012865019 0.00054292835 1.4844037e-05 0.42251047 0.40135956 0.052704185 7.1551054e-05 2.3024026e-05 5.24992e-07 0.013009395 6.3957614e-06 0.00018085774 0.020662682 0.00013083556 0.0023004923 0.3267858 3.5515745e-06 1.1083803e-07 2.4042626e-07 9.082632e-05 0.0066953446 2.0305024e-06 0.00022028877 0.001752274 0.027148405 0.0005174385 0.32870248 0.00069267995 0.0062845494 0.00015537847 0.00025669206 0.0001529831 4.5010078e-05 0.0001807598 0.02834698 7.943811e-06 0.0021289268 0.002608239 0.14156188 0.00037725476 0.014672772 1.0621198e-05 1.3247471e-07 0.0012912999 0.032268673 5.5995866e-07 0.014201708 1.5054017e-07 0.00010424019 0.0039143404 6.95526e-05 6.677874e-06 2.4520497e-05 2.2723627e-07 3.5286644e-06 3.4197528e-06 8.175311e-06 3.2693963e-06 1.28533675e-05
0.9041273 0.3852637 0.05462788 0.041017976 0.27073836 0.9210854 0.19196679 0.19920266 9.957409e-15 0.85990775 0.031584304 0.018190984 0.02494436 0.8995458 0.015338611 0.02023416 0.9173018 0.31853196 0.00016988003 0.0019758698 0.0042251074 0.1449213 0.462753 0.22744828 0.03338913 0.007454761 0.022110904 4.009756e-05 0.37888688 3.0299354e-06 0.00013740352 0.000889905 9.177407e-05 0.108350754 0.0034817471 0.15414533 0.085417844 0.07832282 0.004131663 7.5057775e-05 0.059355024 5.7444468e-06 0.0012047017 0.00092007313 0.0018793868 0.031292804 0.021580068 0.06354174 2.329838e-05 2.2753899e-07 7.343854e-08 0.020172851 1.4817051e-07 0.14716199 0.011954993 0.010957062 0.00072378013 0.03338354 0.000117129115 6.666916e-08 2.859698e-08 4.461305e-06 0.06551595 4.9912546e-07 0.0007906341 0.03113974 0.0022173095 0.0073331934 0.06318653 0.00023632744 0.0012072262 0.019639859 0.0002217651 0.00013944237 0.0036982766 0.0004967542 0.0034408323 0.0005937587 0.00038466504 0.0004747563 0.01936686 1.7168373e-05 0.0046290974 0.0017974938 0.00010530241 0.00027424112 0.0023433263 2.0846417e-06 0.0013937171 1.5409317e-06 0.0023506265 0.00032772977 0.000840911 0.0015435291 0.0068363794 6.604608e-08 0.000590283 0.00085042306 0.0004739795 1.8819586e-05 9.903006e-05
0.9536517 0.43175244 0.052441504 0.002381976 0.122992724 0.61861223 0.011247667 0.07150601 0.85990775 4.5801828e-17 0.061721858 0.03446462 0.0038550305 0.51678157 0.0037113866 0.0009795355 0.94321203 0.7492376 1.8329049e-05 0.0008906244 0.00017297095 0.06061618 0.09875163 0.12822743 0.25181726 0.0084471535 0.015310143 5.4507035e-07 0.8029431 2.063625e-08 2.1779188e-06 0.0042155944 1.8064105e-06 0.04977945 0.00032774822 0.052147444 0.59037703 0.02362611 0.046258375 8.045311e-06 0.37418044 3.3534103e-08 2.6427708e-05 0.006826382 0.025564114 0.017941693 0.011017585 0.032422926 1.0399032e-05 1.8814756e-09 2.0039896e-09 0.0051502176 4.4997392e-10 0.74378455 0.008167808 0.102772884 3.446642e-05 0.020521441 0.0013617908 9.447436e-10 9.375972e-10 1.0406051e-08 0.25795543 1.2062207e-08 0.0006466249 0.10484051 0.00025626304 0.006865443 0.042845782 1.9457135e-05 0.0004626652 0.15081507 8.780663e-06 0.00027330488 0.001530488 8.256686e-05 0.0021147581 0.00014813952 4.2001928e-05 4.5459976e-05 0.019734219 4.981458e-07 0.0009428726 0.020575924 0.0118781645 8.284825e-06 0.000784748 5.238015e-08 0.00020715401 7.7813276e-08 0.043738745 5.1772946e-05 0.0007242013 0.023369031 0.11499454 3.5797965e-09 0.01747113 0.0059556183 8.881849e-05 5.393918e-06 0.00021064025
0.96331894 0.8159616 0.83529717 0.041657418 0.0578225 0.06512381 7.637264e-05 0.010183578 0.031584304 0.061721858 4.716913e-16 0.9002673 0.024869028 0.007035083 0.2255144 1.2844802e-05 0.029382145 0.33217585 0.0034012594 0.006652776 0.07496881 0.0061707464 7.249963e-07 0.00075041235 0.7396167 0.35091758 0.022191063 1.5163481e-05 0.040588856 1.3581902e-06 0.00025568908 0.8030197 0.00047181614 0.004409685 4.5852435e-06 0.00037280077 0.11263918 7.461364e-05 0.8346227 2.1043406e-06 0.36105445 8.5959005e-07 0.00043106842 0.7416895 0.77195746 0.012328277 0.0038666935 1.003316e-05 0.00025305705 4.4682128e-07 1.2665878e-07 7.652454e-06 1.9164022e-06 1.6595988e-05 9.950578e-05 0.18609332 2.227624e-06 0.0040176734 0.22214063 2.5146369e-08 3.0257425e-08 1.0331969e-07 1.8152916e-05 4.1079087e-08 0.091939494 0.000110564455 0.00024857555 2.2826898e-06 0.009999842 5.2497974e-08 7.064995e-06 3.4104105e-05 3.0466833e-06 0.018294394 5.5639258e-09 0.0057040476 0.0011248278 0.0029831228 2.1258124e-06 2.986191e-06 0.0047765444 3.5406679e-06 5.926252e-06 0.033157155 0.11311915 1.8389505e-07 0.0001164998 9.646186e-09 0.00023316286 9.869851e-06 0.00065813103 2.959012e-05 5.838499e-06 0.0019320354 0.0005807551 6.513359e-08 0.0057522813 0.00035329454 5.3214637e-05 0.00025000676 0.013068467
0.93934876 0.5413212 0.9031201 0.12926345 0.057894893 0.0500601 0.0008152337 0.012034708 0.018190984 0.03446462 0.9002673 9.383033e-15 0.40209815 0.011466308 0.86934376 0.00040399024 0.0109187495 0.045947567 0.019284885 0.022820367 0.62558174 0.0061001405 1.897516e-06 0.0010525889 0.0673329 0.8014804 0.04352425 0.00047679833 0.007758018 0.0003014815 0.003597069 0.77830666 0.0057236757 0.0040697674 0.00021319948 0.00077632733 0.0051352168 0.00024430297 0.113386616 0.0001727606 0.023296589 0.0002878562 0.050483786 0.28379175 0.12069976 0.019137263 0.006215554 2.2119428e-05 0.026175875 1.2359855e-05 3.8722615e-06 2.411961e-05 2.9015582e-05 8.866666e-07 0.00017838097 0.0065416065 3.596585e-05 0.007282693 0.024715438 3.2488813e-07 2.698586e-06 3.1412932e-05 7.599182e-06 1.6665537e-05 0.22611086 2.8119031e-05 0.0043463814 1.1027876e-06 0.009621038 1.9738542e-07 5.787994e-06 7.0886363e-06 0.00045581578 0.056325085 9.118136e-09 0.021913774 0.00588803 0.0068511167 5.6801105e-06 8.813332e-06 0.0055846255 0.00011450729 3.7302572e-05 0.0014390004 0.0021878467 4.786989e-06 0.0009861713 4.399794e-06 0.0020632937 0.00020561938 5.6889232e-05 0.0004014177 1.4660175e-05 0.00043559523 2.0629375e-05 9.92992e-07 0.00029486214 5.2280324e-05 0.00078567315 0.0003096114 0.0039921203
0.4489533 0.17476161 0.5322959 0.9432154 0.15897875 0.060386833 0.12395788 0.030120768 0.02494436 0.0038550305 0.024869028 0.40209815 2.1170532e-18 0.012760941 0.8129362 0.32475844 0.0014899052 1.7379414e-05 0.68393385 0.45655006 0.79727995 0.008544782 1.0928101e-08 0.0018301095 3.838494e-06 0.056798305 0.24267632 0.8005242 4.6823394e-07 0.75891733 0.46569133 0.0008312794 0.36822805 0.005653473 3.4023878e-06 0.0018184999 2.1295439e-06 0.0018561721 5.887353e-07 0.6556998 1.1750301e-06 0.37168998 0.12399224 1.3300875e-06 3.4029736e-07 0.067873456 0.050977834 3.4859013e-06 0.059669174 0.22392601 0.2500862 7.421569e-06 0.060718212 1.3169712e-09 0.00023673891 2.2912029e-07 9.7587304e-05 0.034995794 5.9011523e-07 0.06622123 0.0050379657 0.02644448 2.5956579e-08 0.010058517 0.00089940487 1.7883762e-08 0.10681235 5.874156e-09 0.0015967044 8.092228e-08 8.3138e-06 5.109321e-09 0.00058045355 3.778896e-05 3.2325703e-10 3.1701184e-05 0.040888887 2.8022348e-06 3.2498664e-07 4.0338537e-07 0.0021429833 0.019005973 3.4780864e-05 2.4488259e-08 2.9258937e-09 3.540406e-07 3.4195196e-05 3.1480304e-06 0.061916918 5.9450116e-08 3.811444e-09 0.017462026 4.567186e-09 2.3346232e-08 2.2257327e-09 0.0011606964 7.0914155e-08 1.4878758e-09 5.14879e-07 8.56983e-09 7.770527e-09
0.9813909 0.17304233 0.0404653 0.059080757 0.32603478 0.86910343 0.25593314 0.5502966 0.8995458 0.51678157 0.007035083 0.011466308 0.012760941 5.719661e-12 0.012422748 0.023708515 0.8167914 0.07619105 0.0011420335 0.008041975 0.0046056225 0.6126036 0.6719478 0.6877117 0.0024329645 0.0058559533 0.059670873 6.0655835e-05 0.14707156 2.0845691e-05 0.00065027876 0.00043476996 0.00044773697 0.44521168 0.004031384 0.5267527 0.017857801 0.37017438 0.0005724164 8.486305e-05 0.009071154 1.2192092e-05 0.0034328299 0.00023402656 0.0002574987 0.06726227 0.045185074 0.14104691 1.7250744e-05 9.829783e-07 2.2206846e-07 0.07272659 7.5767025e-07 0.036194302 0.1049829 0.001110496 0.0011925843 0.0677573 7.2049894e-05 9.928089e-08 4.7076995e-07 1.4416109e-05 0.02582946 4.972135e-06 0.00076998473 0.015628802 0.006168193 0.006703906 0.1995821 0.0016462237 0.004343874 0.01096599 0.00080577546 0.0007891496 0.0028589936 0.0012325286 0.007608128 0.0004667001 0.001785304 0.0020179432 0.05448183 7.7187535e-05 0.0130148 0.00024825198 6.6735574e-06 0.00077902316 0.008515009 2.3083132e-06 0.0048008347 8.288776e-06 0.0009934573 0.0017706964 0.0012121112 0.00031553404 0.005072252 2.667489e-07 0.00017843882 0.0004418685 0.00082159595 0.0001283953 0.00027279888
0.9587296 0.23919523 0.7510944 0.23067065 0.086703695 0.05847332 0.005975636 0.033579305 0.015338611 0.0037113866 0.2255144 0.86934376 0.8129362 0.012422748 3.8246844e-16 0.0062854905 0.00320641 0.003964464 0.11260281 0.11614488 0.96713024 0.021235656 1.2723535e-06 0.0018181115 0.0019545057 0.58769447 0.119272225 0.016918426 0.002650872 0.043655053 0.060862906 0.2544945 0.04482753 0.008004273 0.0010715288 0.0019156567 0.00045402636 0.0007893536 0.0025448503 0.0089611 0.0009230341 0.034316756 0.397563 0.018791858 0.002407722 0.056042377 0.026465144 1.1224834e-05 0.26330748 0.0008342648 0.0012661254 8.322448e-06 0.0007296179 9.5607234e-08 0.00044727584 0.00014200075 0.00051092514 0.017907958 0.0017259206 0.00010891012 0.0005725278 0.001304441 1.0160692e-06 0.004544507 0.28191954 7.9152073e-07 0.03422529 1.7477177e-07 0.013553198 6.2499726e-07 8.123519e-06 2.6648038e-07 0.018054187 0.0896305 1.352746e-09 0.02787223 0.021932023 0.0090200845 5.0510025e-06 8.145373e-06 0.007945994 0.0007958344 0.00010032198 5.0400147e-05 4.16292e-06 2.6683718e-05 0.0017639006 0.00031019247 0.017177816 0.001727737 4.2813003e-06 0.0030232607 7.300522e-07 1.2378493e-05 1.2415503e-06 2.0111274e-05 3.3474291e-06 3.462619e-06 0.0010167893 0.00014934366 0.00081110105
0.88116735 0.009436818 0.007204495 0.5673187 0.21165355 0.08384971 0.9439442 0.11769487 0.02023416 0.0009795355 1.2844802e-05 0.00040399024 0.32475844 0.023708515 0.0062854905 1.7408361e-18 0.0006500645 2.993439e-06 0.9455842 0.94220966 0.00254932 0.09154412 0.0010736223 0.013784623 9.1628027e-07 8.192123e-06 0.76355153 0.053548746 5.026505e-06 0.0035212538 0.3166931 5.126484e-08 0.20493548 0.061536103 0.7554173 0.017403588 3.4544732e-07 0.0050010155 8.8905693e-07 0.1346368 9.4882995e-07 0.00010920372 0.00096681394 2.1032322e-07 4.53269e-07 0.48220852 0.43177485 9.832038e-06 2.868413e-05 0.006735201 0.0001045577 4.239808e-06 0.0016598513 4.198825e-06 0.001353154 2.8768724e-07 0.22290993 0.3055942 2.8722178e-07 0.0003484896 6.513884e-07 0.009625603 2.572779e-07 1.2875076e-06 0.00011774667 7.072288e-08 0.23422714 2.8765418e-08 0.02963124 8.825321e-07 0.000120854456 1.0801032e-08 5.387204e-06 1.928923e-05 1.6535439e-06 1.9352954e-06 0.18237813 2.9724717e-07 1.4954312e-05 3.9520596e-06 0.044268563 0.0023179713 0.17826165 1.0857949e-06 3.6282918e-06 0.031328745 0.00012275038 4.794113e-07 0.102371335 2.782462e-06 3.0912754e-06 0.016439632 1.0044217e-07 1.1706708e-05 2.7954405e-07 2.3374962e-05 6.762457e-06 2.556173e-07 2.1865208e-07 3.304547e-07 3.1076345e-07
0.96457744 0.13452172 0.031278808 0.0024042022 0.056561876 0.5301588 0.010932159 0.080211625 0.9173018 0.94321203 0.029382145 0.0109187495 0.0014899052 0.8167914 0.00320641 0.0006500645 1.7532947e-15 0.33663628 1.5395413e-05 0.00043320048 0.00043141283 0.09730777 0.37775606 0.4507765 0.03525529 0.0032728533 0.008013935 2.383913e-07 0.59488696 9.558605e-09 1.9207898e-06 0.00031821785 3.1931281e-06 0.09689457 0.00022955502 0.27216652 0.16390568 0.17993103 0.0025313224 1.0125978e-05 0.10111638 7.9271615e-08 0.00011409732 0.0008636119 0.00083748164 0.011152895 0.00686046 0.4849143 6.3304783e-06 1.2801656e-09 3.0871548e-09 0.17309085 7.1996603e-10 0.53483427 0.06359127 0.014869153 1.9586114e-05 0.023229096 0.00018409922 6.5158134e-10 1.54247e-09 1.1518864e-08 0.42366844 3.428668e-08 0.00011341938 0.17576674 0.00018576515 0.052151687 0.097210795 0.0023672378 0.005748201 0.18230468 6.1277366e-05 0.000273363 0.013148619 0.0004569509 0.0017597758 0.0002563075 0.0014510385 0.0017024722 0.027698485 2.0461965e-07 0.0010042768 0.0016498127 0.00022483611 4.068818e-06 0.011366399 3.429971e-07 0.00020606774 2.1943525e-07 0.012104523 2.0635141e-05 0.0074677933 0.0075192177 0.049719952 2.1153999e-09 0.0023428625 0.0022706527 0.0015348444 1.2617918e-05 6.9080415e-05
0.96747977 0.8820389 0.16817613 0.008656701 0.054195862 0.3249297 6.8514004e-05 0.014405636 0.31853196 0.7492376 0.33217585 0.045947567 1.7379414e-05 0.07619105 0.003964464 2.993439e-06 0.33663628 3.4839276e-17 0.00048513865 0.0015667861 0.00081729155 0.0115314955 2.0690946e-07 0.007544365 0.84228754 0.001079831 0.0076835193 1.1312835e-06 0.7728768 7.10654e-08 5.891512e-06 0.006677203 4.9670875e-06 0.017256968 2.0222727e-07 0.0014678964 0.8202954 0.0008240512 0.2824463 3.5365795e-07 0.6614127 1.8681956e-08 7.826578e-06 0.024283886 0.13518411 0.011836872 0.0035321324 0.00027822316 1.8586834e-07 9.475598e-08 4.447725e-09 0.00014946036 4.838001e-08 0.009964438 0.00019135076 0.34415004 1.759043e-07 0.009642242 0.0140154725 6.0254095e-09 1.3046337e-08 1.0509974e-08 0.00039490534 2.0362014e-08 0.00045631724 0.00053221063 0.00013637364 2.9242206e-05 0.025643827 2.1973912e-07 9.774849e-06 0.0011619838 8.1654355e-07 0.0009049686 2.975e-08 2.0121575e-05 0.0005809847 1.416813e-05 1.138805e-05 3.5074016e-05 0.010319181 6.05111e-07 2.903627e-06 0.042151365 0.10535006 3.262068e-08 0.00015678871 7.021706e-09 4.1578798e-05 7.4744285e-08 0.017555952 8.758199e-06 4.8561236e-05 0.026433641 0.013586334 3.2846756e-08 0.067976505 0.0077103483 5.9564354e-06 4.2084688e-05 0.0020622157
0.98403484 0.024764443 0.043046556 0.5257669 0.15366992 0.004322103 0.53981054 0.07258434 0.00016988003 1.8329049e-05 0.0034012594 0.019284885 0.68393385 0.0011420335 0.11260281 0.9455842 1.5395413e-05 0.00048513865 2.6011844e-15 0.6911501 0.11162146 0.013991027 0.00046765243 0.00041880656 0.00012343464 0.009936951 0.54551196 0.286247 0.0003898637 0.12894367 0.7053821 0.00063344825 0.63549715 0.010610439 0.730576 0.0009536149 5.895485e-06 0.0005181029 8.998887e-05 0.19866663 4.0766154e-05 0.014854454 0.07734917 0.00018573875 3.5578053e-06 0.5141904 0.4176657 4.8098054e-06 0.012572612 0.03693285 0.0056471764 8.5884443e-07 0.0069280462 2.9928495e-07 0.0001399884 1.0433407e-06 0.29086143 0.16856611 4.1347494e-06 0.0016388247 0.0004897241 0.039491337 1.6068035e-06 0.001235424 0.0018723313 8.150769e-07 0.3712064 1.3551569e-07 0.01961767 1.4978876e-07 4.1581927e-05 4.6345895e-07 0.0129402885 0.0009549508 3.1562156e-08 0.0017418226 0.25202605 4.076899e-05 2.112351e-06 2.1280648e-07 0.020836422 0.014812037 0.11630795 1.5704602e-07 1.5016593e-07 0.10514109 0.00025561012 1.867411e-05 0.16077854 1.39884105e-05 1.7478462e-05 0.0472311 1.0198596e-07 9.689309e-07 5.927979e-07 0.0006940037 2.1290564e-06 1.089125e-06 5.3174185e-06 1.4849397e-06 6.098797e-05
0.9907994 0.051715672 0.06344602 0.6265666 0.29820794 0.057136014 0.7696954 0.24823876 0.0019758698 0.0008906244 0.006652776 0.022820367 0.45655006 0.008041975 0.11614488 0.94220966 0.00043320048 0.0015667861 0.6911501 8.7691905e-17 0.092158355 0.09193016 0.0006029216 0.0044619073 0.00030529252 0.0060962033 0.8067076 0.10516616 0.0007435845 0.057680734 0.45266497 0.00025822685 0.33400032 0.09415789 0.36118653 0.0060804826 1.7399371e-06 0.0015813546 5.2810145e-05 0.049679264 7.172507e-05 0.0043983636 0.042446177 0.00012317499 1.5701509e-06 0.6795635 0.6275911 9.48687e-05 0.0053323307 0.005303904 0.0011311482 1.0643314e-05 0.0010322727 4.3208559e-07 0.00058831973 1.9734225e-06 0.044672824 0.36018133 3.6378715e-06 0.00022884179 7.288036e-05 0.009841218 1.4124634e-05 0.00027423826 0.0004424504 3.5406006e-06 0.2547966 4.2274831e-07 0.061727703 1.099486e-06 0.00025117825 3.3870006e-06 0.0027920487 0.0003720141 2.9147051e-08 0.00052401243 0.20634902 4.3471287e-06 2.8926062e-05 4.4141507e-06 0.057818335 0.00427927 0.16776623 2.3622457e-07 8.394258e-08 0.0324729 0.0022659595 1.2845616e-06 0.106082104 1.4244791e-06 1.9642774e-05 0.015534529 2.7031467e-07 1.2357384e-06 9.509796e-07 6.925515e-05 4.3495174e-06 1.889821e-06 1.3914732e-06 8.366698e-07 4.127294e-05
0.97030824 0.095846124 0.4144586 0.2693427 0.05623834 0.02450912 0.0016675688 0.017627379 0.0042251074 0.00017297095 0.07496881 0.62558174 0.79727995 0.0046056225 0.96713024 0.00254932 0.00043141283 0.00081729155 0.11162146 0.092158355 8.2675207e-16 0.0041258065 3.3176514e-07 0.00049962004 0.00025129016 0.7073075 0.09627955 0.071101375 0.0003158384 0.183029 0.07326657 0.19203228 0.050094783 0.0011728096 0.0008356484 0.00040944252 8.224982e-05 0.00043280426 0.0006419802 0.014565164 2.6098027e-05 0.23393866 0.7243323 0.0095125865 0.0002013295 0.039678726 0.016918872 2.916496e-06 0.66346824 0.0076964376 0.021135772 3.2910878e-06 0.0024367496 6.939468e-08 0.00031836747 1.6819198e-05 0.0005229593 0.009767353 0.0003176987 0.0018860742 0.013488945 0.0026794763 4.1218377e-07 0.08446702 0.51063436 1.049311e-06 0.039696343 1.2478255e-07 0.00716039 2.5221234e-06 3.6795605e-06 4.2432475e-07 0.13592392 0.17600943 2.1421287e-09 0.09786035 0.025137711 0.024944212 2.1866535e-06 4.069528e-06 0.0063522626 0.0013586761 9.392526e-05 3.392867e-05 5.9103223e-07 4.3258202e-05 0.0008905387 0.004540056 0.022928974 0.014533777 7.61685e-06 0.0041424064 6.7512025e-07 1.8312101e-05 2.1158996e-06 0.0002876704 2.6726618e-06 2.1749195e-06 0.002976855 0.00022278365 0.00094317156
0.97261435 0.10301557 0.039340474 0.16464423 0.61575884 0.41097337 0.3898525 0.8793616 0.1449213 0.06061618 0.0061707464 0.0061001405 0.008544782 0.6126036 0.021235656 0.09154412 0.09730777 0.0115314955 0.013991027 0.09193016 0.0041258065 1.332582e-12 0.4502604 0.5138232 0.0011165974 0.0011771731 0.15837015 0.0014919206 0.02627932 0.00027329498 0.004916634 5.9483387e-05 0.0015680455 0.9414601 0.0029636365 0.4498077 0.001017278 0.14837664 0.00027555326 0.00043469344 0.0029803917 0.000102995305 0.0034280631 8.7290515e-05 3.1484565e-06 0.1587827 0.16256641 0.106742196 2.9200957e-05 1.4027259e-05 8.847481e-06 0.02473968 1.3326097e-05 0.00066932046 0.02840814 8.9265064e-05 0.0013864497 0.27647966 3.5969194e-06 8.993019e-07 1.0111808e-06 0.000219413 0.018105397 2.126867e-06 0.00022034044 0.0056147953 0.007112891 0.005070675 0.49016955 0.0006403903 0.0026827632 0.0031656139 7.183193e-05 0.00018052258 0.0001484832 0.0004128182 0.011583813 8.002754e-05 0.0010321384 0.001257688 0.14581726 0.00015061392 0.07963769 6.905469e-06 1.1032698e-07 0.0017070157 0.0078045726 3.507756e-07 0.006996381 2.4424318e-07 3.1624182e-05 0.0023303817 0.0015702476 3.951025e-05 3.1742507e-05 2.2556264e-06 5.819612e-05 2.6603477e-05 8.435994e-05 8.537173e-06 3.927467e-05
0.13562593 0.00046299715 3.4016404e-05 0.00030042528 0.019345295 0.23083083 0.002602229 0.034359243 0.462753 0.09875163 7.249963e-07 1.897516e-06 1.0928101e-08 0.6719478 1.2723535e-06 0.0010736223 0.37775606 2.0690946e-07 0.00046765243 0.0006029216 3.3176514e-07 0.4502604 6.952591e-21 0.853948 4.709525e-08 6.42843e-09 0.0017233285 1.3237661e-05 5.726036e-06 9.254437e-08 0.00060962554 1.8433251e-10 0.0004052086 0.36563155 2.1009083e-09 0.86478466 2.621453e-06 0.8862529 4.6027435e-09 1.1637932e-06 7.364459e-08 1.623807e-08 5.7076296e-08 1.9288574e-10 1.4214616e-09 0.0049374914 0.007706904 0.26049402 7.2356094e-09 1.3856849e-06 1.8714401e-09 0.078094736 4.2073165e-07 4.8061644e-10 0.13043204 7.790294e-09 4.4488043e-08 0.018050564 4.2692174e-09 2.7331968e-08 3.261959e-10 3.9134443e-06 2.5704712e-05 8.3249707e-10 8.365169e-08 4.4982357e-07 0.0021621091 1.2837644e-06 0.1102913 0.0001901523 0.0049587623 1.2354615e-08 1.1465621e-08 3.3138175e-08 3.266001e-09 3.9299506e-09 0.0041350317 4.5728318e-10 0.00063156296 0.0005924722 0.012865903 7.1911873e-06 1.3135106e-05 3.990856e-09 3.8308415e-11 1.7095648e-09 0.00029360142 5.5501026e-10 0.0022749638 5.2159145e-11 3.3892267e-08 0.00023399062 3.980062e-07 8.237695e-08 5.6915297e-08 2.8995715e-09 8.917118e-08 1.09463745e-08 7.143715e-10 7.1752285e-11 2.467314e-10
0.98753875 0.07515977 0.011680033 0.009170518 0.13019235 0.30165666 0.066351 0.32141566 0.22744828 0.12822743 0.00075041235 0.0010525889 0.0018301095 0.6877117 0.0018181115 0.013784623 0.4507765 0.007544365 0.00041880656 0.0044619073 0.00049962004 0.5138232 0.853948 1.05608664e-13 0.00040109837 0.00011850956 0.026880698 1.5021837e-05 0.0472126 1.4053905e-05 0.00085759425 3.3721876e-06 0.0003996817 0.66536427 0.0027248599 0.90315515 0.0022026955 0.5250925 2.9467843e-05 1.6682583e-05 0.004019715 1.0855946e-05 0.0010434046 1.1378475e-05 1.5621362e-06 0.06996411 0.0494955 0.47409964 9.350444e-06 1.4096248e-06 8.7006947e-07 0.30597764 7.7201366e-07 0.0028560983 0.28347006 0.0001985383 0.0003857167 0.15234567 1.2288331e-06 2.4296682e-07 1.1258413e-07 2.8708406e-05 0.104085855 4.66446e-06 0.00010739314 0.047953922 0.005623822 0.052094407 0.6765988 0.0026873467 0.010072358 0.016314877 0.0007674222 0.00028321912 0.0028969669 0.00019289147 0.010937503 1.4384617e-05 0.00093941967 0.0013963913 0.15145788 4.4878023e-05 0.074070536 3.9999824e-05 5.276936e-07 0.0011158423 0.006579289 2.549704e-07 0.0039527914 1.6731018e-07 4.1979823e-05 0.00051872485 0.0068589523 1.822539e-05 0.00073314377 4.19728e-06 2.833557e-05 2.9444922e-05 1.44777505e-05 1.02224e-06 8.374772e-06
0.9398775 0.285344 0.06854952 0.0069788247 0.022592654 0.036047924 4.189461e-06 0.0017438786 0.03338913 0.25181726 0.7396167 0.0673329 3.838494e-06 0.0024329645 0.0019545057 9.1628027e-07 0.03525529 0.84228754 0.00012343464 0.00030529252 0.00025129016 0.0011165974 4.709525e-08 0.00040109837 3.4956459e-15 0.0015158423 0.0014966867 6.5065497e-06 0.21648026 2.7125878e-07 8.005124e-06 0.040117815 2.3185305e-06 0.0007827535 4.1447176e-08 3.5774076e-05 0.48867595 3.405026e-05 0.86650425 1.7240546e-07 0.9308908 2.4460775e-07 1.3953614e-06 0.14800733 0.76126504 0.0017873537 0.0006294137 1.537172e-05 9.7795e-08 4.8075716e-08 1.0991209e-08 7.844094e-06 1.3381756e-08 3.695056e-05 4.100914e-06 0.787911 1.02002886e-07 0.0032069867 0.19130635 6.9915704e-09 3.079821e-09 1.5970748e-08 1.0386083e-06 1.0291095e-08 0.0012212446 1.147288e-05 0.0001820641 1.5989228e-07 0.008099138 3.6227578e-07 9.157596e-07 6.6438995e-05 1.4015183e-07 0.00033220448 5.7122773e-09 1.2961647e-06 0.00054918835 3.950541e-06 3.265157e-07 1.2484712e-06 0.00439406 3.3609584e-07 2.4364774e-06 0.23655054 0.4156385 6.4662196e-09 3.906624e-06 7.664555e-10 3.0455605e-05 6.4418494e-08 0.002846896 4.429268e-06 1.4997122e-06 0.011616769 0.0018644271 3.216981e-08 0.08411305 0.0025036216 5.004304e-07 1.9560674e-05 0.0042695766
0.89141995 0.121473 0.31714803 0.06565551 0.017740913 0.021870155 1.4648647e-05 0.00088491937 0.007454761 0.0084471535 0.35091758 0.8014804 0.056798305 0.0058559533 0.58769447 8.192123e-06 0.0032728533 0.001079831 0.009936951 0.0060962033 0.7073075 0.0011771731 6.42843e-09 0.00011850956 0.0015158423 7.043993e-15 0.010123652 0.0012211769 0.00053688535 0.0024044018 0.0014899329 0.9630514 0.0029738501 0.000424642 6.3935045e-06 2.1993537e-05 0.00022238394 6.554439e-05 0.0054936567 5.5056276e-05 0.00087113766 0.003888697 0.0656199 0.087953225 0.013819339 0.0030273593 0.00094779226 3.7570783e-06 0.12075913 5.8410078e-05 6.308093e-05 5.4667457e-06 0.00012120418 1.7656104e-08 4.5724837e-06 0.0005639739 6.813936e-06 0.0021158939 0.011601092 2.1595445e-06 9.293764e-05 3.6312806e-05 7.60816e-06 0.0009431167 0.9253186 1.61664e-05 0.003914673 3.7099937e-06 0.008148252 5.179734e-07 9.963671e-07 9.547968e-06 0.006207385 0.28020632 8.86508e-10 0.05952379 0.0059375954 0.04438573 4.084809e-06 9.934349e-06 0.00797128 0.00019922433 1.4142514e-06 0.0004317557 0.00034870452 4.40976e-07 0.00041939548 0.0003060017 0.0029765456 0.008626884 5.5216075e-05 0.0005351315 1.6934584e-05 0.00019381379 9.418125e-05 3.6579381e-06 0.00015338355 1.5190751e-05 0.0037040038 0.0017094567 0.015782135
0.99574727 0.12412028 0.108243085 0.59471965 0.41154242 0.13607097 0.8198948 0.44234124 0.022110904 0.015310143 0.022191063 0.04352425 0.24267632 0.059670873 0.119272225 0.76355153 0.008013935 0.0076835193 0.54551196 0.8067076 0.09627955 0.15837015 0.0017233285 0.026880698 0.0014966867 0.010123652 2.0481678e-15 0.08711435 0.012436255 0.07545841 0.30709812 0.0004887089 0.18219252 0.075994946 0.2207152 0.027513003 0.00017850111 0.007160124 0.00030722015 0.044658277 0.001585385 0.010067994 0.025752885 0.0003724809 1.08991935e-05 0.7278237 0.71025807 0.0026222072 0.0042089205 0.0058297836 0.005182422 0.0006900608 0.0024151201 8.648358e-06 0.0030400904 8.946168e-05 0.018605012 0.5265738 2.178414e-05 0.0007720785 0.00034326367 0.006833433 0.00069085846 0.00056509156 0.00089322386 0.00046147412 0.115936294 6.95292e-05 0.1398849 0.00014344938 0.0008799361 0.00045815893 0.0049590035 0.00087650144 4.9227e-07 0.00033566213 0.11862444 2.8439094e-05 0.00016629299 5.669836e-05 0.129227 0.0030469375 0.511728 3.6783906e-05 2.4126316e-06 0.018596964 0.0065442026 3.903239e-06 0.049843162 2.123778e-06 0.00018374508 0.011858018 7.1000436e-06 0.00012880923 1.9588711e-05 0.00016478267 0.0005819374 5.2248368e-05 2.4601142e-05 6.961734e-06 0.00012972642
0.9907384 8.5244785e-05 0.00058912794 0.12115104 0.0014212166 0.00024901808 0.021023752 0.0013162871 4.009756e-05 5.4507035e-07 1.5163481e-05 0.00047679833 0.8005242 6.0655835e-05 0.016918426 0.053548746 2.383913e-07 1.1312835e-06 0.286247 0.10516616 0.071101375 0.0014919206 1.3237661e-05 1.5021837e-05 6.5065497e-06 0.0012211769 0.08711435 5.3664175e-15 6.0567536e-06 0.9292749 0.523129 5.803855e-05 0.55758405 0.0018014543 0.33049053 5.677471e-05 1.1429449e-07 3.946051e-05 1.2299511e-05 0.92417765 1.4187208e-05 0.3748837 0.23247358 7.906622e-05 1.7628797e-06 0.0627005 0.047432605 5.2075126e-08 0.09881403 0.71945244 0.35287592 1.3043282e-07 0.52732337 1.5496758e-07 2.0119602e-05 1.0085755e-06 0.16091323 0.031213608 4.082356e-06 0.1121994 0.10308639 0.4703528 8.242819e-08 0.081935674 0.003461536 3.8124728e-07 0.31117517 6.0073276e-08 0.008390911 1.00948e-06 4.790711e-06 4.2601087e-08 0.124636516 0.0070548127 4.332151e-08 0.009345996 0.15744168 0.00071032945 6.36792e-07 7.2926824e-08 0.0077538984 0.12472076 0.0090712225 1.64928e-05 1.5614048e-06 0.012979022 0.00010338924 0.00840003 0.2429631 0.008783775 1.0331932e-05 0.11950111 6.1208354e-08 1.28652755e-05 4.3520382e-07 0.011119626 3.1006835e-05 1.1176952e-06 7.177084e-05 1.3110347e-06 4.019586e-06
0.84354186 0.37731758 0.023003925 0.008443988 0.030105017 0.3425811 9.8742246e-05 0.042043712 0.37888688 0.8029431 0.040588856 0.007758018 4.6823394e-07 0.14707156 0.002650872 5.026505e-06 0.59488696 0.7728768 0.0003898637 0.0007435845 0.0003158384 0.02627932 5.726036e-06 0.0472126 0.21648026 0.00053688535 0.012436255 6.0567536e-06 1.3809965e-19 1.387392e-06 1.7165967e-05 0.0009338984 9.60612e-06 0.051301327 6.777435e-08 0.020411883 0.9875161 0.012306751 0.007299972 3.9883375e-07 0.38964465 6.437891e-07 5.1705224e-06 0.00027320973 0.004687451 0.0105225025 0.004326545 0.015744438 1.744562e-07 2.370327e-07 9.218691e-08 0.009495737 2.4122585e-08 0.3091119 0.004620735 0.16086483 1.4288432e-07 0.017450407 0.0005389324 2.839565e-07 3.450843e-08 6.236402e-09 0.0039812108 3.5689496e-07 3.3358247e-05 0.012541009 0.0015258876 0.0010248567 0.05377656 3.6411257e-05 0.0020753455 0.061842967 1.5135213e-06 3.6843274e-05 5.752763e-06 5.6247013e-06 0.003182377 1.5195604e-05 0.0011185821 0.002557973 0.02239005 6.089416e-07 1.34470965e-05 0.042240564 0.033809934 9.029335e-09 0.0032627934 1.0451083e-08 0.00040289006 3.8695035e-08 0.09866975 2.6650354e-05 0.000841638 0.05459196 0.12256396 2.122004e-08 0.06634882 0.020982804 1.9806098e-06 4.934215e-05 0.00070232205
0.98758894 6.2304375e-06 0.00018147282 0.07374838 0.00076234236 4.021582e-05 0.0030603295 0.00037613086 3.0299354e-06 2.063625e-08 1.3581902e-06 0.0003014815 0.75891733 2.0845691e-05 0.043655053 0.0035212538 9.558605e-09 7.10654e-08 0.12894367 0.057680734 0.183029 0.00027329498 9.254437e-08 1.4053905e-05 2.7125878e-07 0.0024044018 0.07545841 0.9292749 1.387392e-06 2.2574582e-15 0.1846081 2.3915914e-05 0.21391864 0.00024051609 0.046796847 9.693194e-06 4.661738e-08 1.3638371e-05 2.96423e-06 0.5407672 1.596191e-07 0.9245813 0.5011212 0.00011805238 6.375597e-08 0.036281537 0.028671334 5.15072e-09 0.4477083 0.57862246 0.8710422 9.347372e-09 0.33757612 1.628003e-08 3.8125077e-06 2.444655e-07 0.03870231 0.017395608 2.199789e-06 0.3033161 0.2550171 0.20521253 2.7129618e-08 0.22334607 0.021347314 7.804382e-08 0.1783378 6.847376e-09 0.001876557 1.5660563e-06 3.0976184e-07 9.272985e-09 0.21343698 0.040778294 1.0159736e-09 0.035831343 0.09047674 0.0031399697 1.8324434e-07 1.1988301e-07 0.0020360802 0.08540855 0.00061725883 6.145229e-07 8.776923e-09 0.0029100657 0.00019011858 0.020128964 0.14983532 0.027319165 1.0868424e-06 0.061259933 4.285618e-08 3.2616763e-06 4.0317306e-07 0.019221626 2.2516697e-06 1.4478826e-07 0.00021386494 3.9926363e-06 1.777584e-06
0.9834211 0.003627266 0.01357849 0.3130797 0.061920453 0.0026446893 0.23369722 0.024164198 0.00013740352 2.1779188e-06 0.00025568908 0.003597069 0.46569133 0.00065027876 0.060862906 0.3166931 1.9207898e-06 5.891512e-06 0.7053821 0.45266497 0.07326657 0.004916634 0.00060962554 0.00085759425 8.005124e-06 0.0014899329 0.30709812 0.523129 1.7165967e-05 0.1846081 7.171376e-13 1.8249757e-05 0.962897 0.0027805697 0.8816615 0.0015227215 9.290161e-08 0.0004925454 6.559651e-06 0.3539525 4.661903e-06 0.024262277 0.039766453 3.9561117e-05 2.0591301e-07 0.25961608 0.23779926 4.2440515e-06 0.009537521 0.13769269 0.016241364 3.7729862e-07 0.041479897 1.6530105e-07 0.00023261471 1.953408e-06 0.4908952 0.19385858 5.4915554e-06 0.005959033 0.0009974402 0.1451055 3.1957006e-07 0.0021956875 0.0006978734 7.548398e-08 0.545784 1.3725642e-08 0.016202433 5.20614e-07 0.0001356774 9.9931e-08 0.0064362064 0.00028929635 1.8374681e-08 0.00021513713 0.3586739 2.0292317e-05 7.0429705e-06 5.4547075e-07 0.013695355 0.031455234 0.3518416 3.2715704e-06 8.507377e-08 0.1998161 0.00053747295 9.685507e-06 0.26858845 1.4972607e-05 3.6858347e-07 0.09932782 3.6489e-08 4.0088935e-06 1.3546736e-07 0.0014258466 2.6662225e-05 2.716466e-07 1.3846981e-06 3.6789237e-07 2.5647878e-05
