4.3440193e-14 0.98160744 0.9062006 0.059482053 0.96450514 0.96234214 0.018656122 0.98620254 0.68757373 0.4627673 0.019517919 0.035056002 0.9740656 0.98292893 0.9861262 0.14948347 0.823883 0.5462235 0.051732145 0.023497097 0.037407856 0.87076503 0.90777236 0.001399808 0.43094364 0.18930595 0.8893801 0.005772221 0.9048797 0.8373256 0.89616656 0.9509947 0.72422105 0.120247066 0.97354823 0.7642561 0.98729706 0.12527113 0.9611565 0.77466595 0.6130157 0.12587741 0.99750465 0.9927023 0.97108835 0.9224767 0.98879325 0.9677259 0.99806476 0.498352 0.9997447 0.80103743 0.9677718 0.2438878 0.90961516 0.99382156 0.46271014 0.97664833 0.964991 0.99123853 0.9932474 0.99493986 0.030190516 0.70146286 0.9681624 0.2579621 0.99351645 0.99496686 0.9164239 0.4225501 0.94072396 0.90839076 0.981075 0.9999147 0.9997493 0.75276834 0.99965054 0.9780231 0.99054587 0.99467736 0.17792533 0.6861931 0.5508312 0.9847603 0.9911886 0.99527246 0.99512935 0.9873227 0.01107549 0.9822659 0.9340287 0.93716085 0.99999315 0.9999982 0.9744336 0.83235276 0.009728231 0.9993555 0.8865884 0.0020251805 0.9981676
0.98160744 2.2841012e-13 0.9566541 0.66101295 0.88088983 0.73801434 0.4286514 0.8461005 0.76107925 0.67533296 0.64117754 0.39320564 0.48044744 0.067511715 0.4760138 0.29819688 0.055100325 0.03668184 0.23360601 0.024901422 0.023964034 0.031414583 0.027879734 4.4820754e-05 0.14361773 0.081846684 0.00075669686 0.0015624701 0.0028994903 0.023643954 0.01891525 0.4271539 0.08856794 0.00020288532 0.008069614 0.00024168182 0.021443136 0.000116506024 0.007121609 0.006695086 0.056713197 3.5121244e-05 0.5468334 0.273733 2.3954046e-06 0.0011107492 0.02310834 3.493601e-05 0.2201319 9.963197e-07 0.28869855 2.6475787e-05 0.00044332832 6.865106e-06 0.001199295 0.0624893 0.00085339503 1.9291122e-07 0.00012723329 0.0106346 0.020939589 2.4542418e-05 0.001124053 2.9571218e-05 6.6173644e-09 1.7004753e-07 0.00633496 0.015232241 9.653338e-05 3.4925797e-06 0.00046851934 0.00015202077 0.00033013328 0.013856039 0.0009880032 2.9545512e-05 0.15839663 0.00054750993 0.00013533288 0.0047267363 5.3097284e-07 1.3138032e-06 5.2451637e-06 0.0028665795 4.104441e-07 0.019425642 0.00015209473 9.858233e-06 7.646438e-09 0.0066090445 6.8658787e-06 3.3559935e-09 0.00010606366 0.19159882 4.7626747e-07 8.8389356e-08 1.507625e-08 0.055272188 7.685888e-09 3.3472614e-07 2.7352098e-06
0.9062006 0.9566541 1.1290053e-13 0.0025001976 0.90428096 0.10291652 0.00030212334 0.7209841 0.8243474 0.0066183573 0.0010408587 9.38812e-05 0.23903659 0.004679851 0.24721803 0.0010631754 0.000852834 0.00083559094 5.334279e-05 0.00046969482 1.1352483e-05 0.20310204 0.017829569 9.505108e-07 0.00037213598 3.634139e-05 0.000111234025 3.1805232e-07 0.0014656927 0.18632536 0.014789531 0.8520353 0.023935381 5.8942373e-06 0.017027711 0.00010593769 0.03129302 1.4244683e-06 0.05518523 0.5721547 1.3858496e-05 7.3312556e-05 0.94353205 0.5783855 8.9570705e-05 0.017456764 0.00015248293 0.003001267 0.23539445 5.061336e-06 0.8442546 3.9020608e-07 0.0038982413 3.2233995e-08 0.0022391898 0.12175971 2.8817414e-05 0.00014217134 0.000103422084 0.013202321 0.02959324 0.00045041597 4.8464613e-06 3.7503396e-05 5.4775583e-06 9.6297885e-09 0.0341715 0.032519985 1.5141892e-05 2.1906787e-07 0.03955823 0.0001790448 0.0014650044 0.013887431 0.09038851 7.145361e-07 0.112619735 0.014991732 4.7485653e-05 0.0055727237 1.2133579e-06 1.7329812e-05 1.3395898e-07 0.008522012 0.00017500822 0.009183861 0.0025998822 0.00012740475 2.0362675e-08 0.029112143 0.00016320121 2.4779968e-06 0.0021424342 0.1034679 2.7137707e-05 1.48322e-06 3.60196e-09 0.011921937 9.347261e-06 1.7695246e-08 0.00016108372
0.059482053 0.66101295 0.0025001976 9.827334e-15 0.020195907 0.02464028 0.99374443 0.024389459 0.00014657108 0.4882206 0.99859583 0.7031597 0.006953225 0.002857838 0.007985479 0.009306347 0.0047507808 0.0046509593 0.021243146 1.057616e-05 0.00059560814 2.1960337e-05 0.0038380628 5.0105604e-07 0.0070245806 0.02770203 7.316856e-06 2.4059464e-05 0.00016277484 5.2722782e-05 0.0010085319 0.0003700245 0.001327943 1.5053722e-06 0.0006382004 5.8955816e-06 0.0006253947 6.350484e-07 0.00010820664 2.1829082e-07 0.0035397534 6.385281e-09 0.0046820333 0.0010303073 2.2462798e-06 1.5840216e-05 0.0005831007 1.7438635e-05 0.0009641704 3.3948876e-08 0.0011226903 2.916607e-08 1.5113234e-06 7.3902947e-06 2.04602e-06 0.00020469939 1.3789203e-05 7.4514624e-06 3.90716e-06 2.6170328e-05 0.00013936765 4.142825e-06 8.676011e-05 2.8357195e-07 9.349752e-07 2.0691755e-07 5.494772e-06 2.468709e-05 6.559157e-06 1.0443921e-06 2.0699649e-07 9.4497345e-08 2.9495874e-07 4.6126614e-05 7.4711903e-07 5.690526e-06 0.00013683623 7.2134076e-06 8.421072e-06 1.0448906e-05 6.519487e-08 2.5768932e-06 5.4648456e-07 2.6899004e-05 8.2705714e-07 2.267226e-05 6.367285e-06 2.4452309e-05 3.5529987e-07 2.6308962e-07 3.2758228e-06 2.4368435e-07 7.6849943e-07 0.00072112103 1.211621e-08 2.328596e-09 3.6580944e-10 4.808727e-06 1.4293972e-06 1.4228222e-07 2.8739136e-09
0.96450514 0.88088983 0.90428096 0.020195907 2.2828472e-09 0.7256615 0.005342473 0.9577265 0.9320029 0.018196266 0.054537088 0.0029095442 0.67476255 0.1801887 0.062568136 0.051746603 0.06102118 0.03285308 0.01373126 0.009775348 0.011452504 0.56303674 0.0026428325 0.00013246847 0.0063689593 0.0022791245 0.010998845 0.0007037187 0.03663872 0.06531617 0.0011407356 0.09774331 0.0050590276 0.0019375837 0.06385831 0.007724303 0.16239823 0.002195858 0.0005994646 0.13702376 0.0039463034 0.000924488 0.56443584 0.10971726 0.00018286855 0.00063654676 0.0019045295 0.0012409515 0.4608913 0.00052259164 0.2331839 0.00025323255 0.00017010198 2.8643291e-05 0.0004019138 0.24014498 3.808164e-05 2.6683058e-05 1.5265898e-06 0.1262784 0.002780168 0.000113521644 1.8144245e-05 0.0017922217 1.6573505e-06 2.8277825e-07 0.000925116 0.12986872 1.4854849e-06 0.00033872575 0.00060012325 0.00010923195 3.3967906e-05 0.05333792 0.011679299 1.638283e-07 0.04341251 0.010474474 5.6601056e-07 0.0001454109 3.7454085e-06 2.8785222e-05 3.6953818e-06 0.0075281765 1.8723937e-05 0.0033714965 0.00021514576 2.4246037e-05 2.0271996e-08 0.00576337 5.634981e-05 1.718449e-07 0.0012911024 0.09844286 4.7649508e-05 4.9670092e-05 1.2765918e-08 0.0071941344 2.4909107e-07 4.067939e-07 0.00020250607
0.96234214 0.73801434 0.10291652 0.02464028 0.7256615 9.556012e-10 0.005421577 0.8423931 0.8184944 0.003336515 0.124519736 0.002987731 0.94201064 0.96883744 0.001665999 0.5703051 0.8466909 0.5355742 0.28068963 0.6372308 0.15783441 0.44047514 0.0003033813 0.015788097 0.0005754989 0.00023977611 0.18952608 0.050890952 0.18992618 0.050801676 0.0001474223 0.00279394 0.00025512304 0.028158374 0.31005785 0.029580783 0.19397502 0.011286084 7.3723066e-05 0.00054221635 0.00045113004 0.0032860544 0.13957097 0.007936971 0.0010328982 6.264521e-05 0.00021348776 0.0071550924 0.23026657 0.00024031659 0.028161978 0.0008726793 3.980381e-05 0.00017782843 5.309088e-06 0.07271338 1.1205743e-05 0.00013754457 4.473688e-07 0.078377426 0.0011761071 0.00084107835 1.1448551e-05 0.0020364057 1.2353396e-05 8.287251e-06 0.00018364436 0.042799547 2.1257374e-06 0.00023797847 2.4345136e-05 2.3512865e-05 2.1012393e-05 0.017193297 0.0001527911 7.3174596e-07 0.002881366 0.0007956367 2.4891028e-06 6.789006e-05 2.703201e-05 5.8628462e-05 0.0004121597 0.002472748 6.945921e-05 0.00017371765 0.0005389777 0.00011149806 1.8470548e-07 0.00013787908 0.00013790657 8.231471e-07 7.586623e-05 0.0059704776 8.3990235e-06 3.9935177e-05 2.4812803e-07 0.00063398975 7.284574e-07 7.0562824e-06 3.6338738e-06
0.018656122 0.4286514 0.00030212334 0.99374443 0.005342473 0.005421577 5.3787194e-13 0.0055784457 2.9909136e-06 0.32627374 0.95035297 0.9907833 0.0019215505 0.0003279824 0.010495592 0.00090360123 0.00048479292 0.0006887882 0.0023171536 5.794933e-07 2.6174323e-05 1.8470506e-06 0.0026747517 7.9220747e-10 0.0023330413 0.02496952 2.0422448e-07 8.278897e-07 4.7541685e-06 3.1425066e-07 0.000668401 9.183194e-05 0.0006017919 5.81714e-08 4.270867e-05 2.1086628e-07 2.3417422e-05 3.2421507e-08 2.616192e-05 9.158731e-09 0.0015675169 5.303171e-10 0.00096547516 0.00047289635 1.4944389e-07 4.4631215e-06 0.00028632436 1.7786151e-06 8.3280174e-05 6.187855e-10 0.00032213348 2.6860267e-09 4.6698037e-07 7.899602e-08 2.3235873e-07 6.167004e-05 2.5477619e-05 4.0985387e-07 1.6464426e-06 6.4485744e-06 0.00019191805 4.1656506e-07 0.00018382537 1.18942864e-08 4.670859e-09 1.3958464e-09 6.995996e-06 3.5532244e-06 6.6346574e-06 9.555378e-09 6.6573605e-08 1.16616555e-07 3.2182965e-07 6.9142734e-06 6.75231e-07 1.6408194e-05 9.938922e-05 1.9257924e-07 1.6230584e-05 9.752399e-06 2.75007e-09 6.0414345e-07 2.3341413e-09 8.2870724e-07 4.599244e-08 1.9880232e-05 7.5220825e-08 8.898903e-08 2.1074593e-08 8.461803e-09 1.6483993e-09 7.587426e-09 1.7547002e-07 0.0006214922 1.9626556e-09 2.3972473e-11 2.6260053e-11 3.7539285e-05 6.531498e-08 2.5634697e-09 6.1316846e-10
0.98620254 0.8461005 0.7209841 0.024389459 0.9577265 0.8423931 0.0055784457 2.5886804e-09 0.9226659 0.012401943 0.065988414 0.0037625288 0.8777557 0.34965935 0.01593578 0.07002325 0.13530654 0.038831152 0.017048901 0.007920691 0.006793206 0.6470569 0.00041904385 0.00018578925 0.0041989475 0.0027005572 0.019877054 0.0005087272 0.04869178 0.09645772 0.0001545839 0.031270973 0.001909753 0.0013634171 0.15772948 0.007702767 0.273147 0.0017861779 0.00011130756 0.16226016 0.0018394786 0.00093927723 0.39496955 0.019337088 0.00014504207 0.00079081045 0.00024597076 0.00094065187 0.4825353 0.0008398287 0.11295711 0.00080445484 0.00017163537 0.00018744885 0.0003000553 0.18801205 4.316342e-05 3.177176e-05 6.7184396e-07 0.060699325 0.0005220126 0.00016439073 5.8200812e-06 0.004669978 6.2117256e-06 1.8759754e-05 0.00015207543 0.060218364 1.743308e-07 0.00067910133 0.0003343368 6.963842e-05 9.360848e-06 0.038709562 0.008216966 3.0433915e-07 0.008746431 0.0077507524 4.004056e-08 1.8145127e-05 2.7278837e-05 4.7693786e-05 2.7628277e-05 0.0039504264 3.835876e-05 0.0008195222 0.000295641 6.9362766e-05 5.944694e-08 0.0018529347 7.491204e-05 2.7080102e-07 0.0011368676 0.04446623 5.752448e-05 0.00011107343 1.0410423e-07 0.0013767562 7.471967e-07 2.1798887e-06 0.00018750409
0.68757373 0.76107925 0.8243474 0.00014657108 0.9320029 0.8184944 2.9909136e-06 0.9226659 5.8269467e-15 1.0807591e-05 0.00044378618 7.1694353e-07 0.9616575 0.6252361 0.0017186967 0.0035021913 0.032429017 0.02596798 0.0002444526 0.0047642333 3.0424195e-05 0.8842185 6.59965e-05 2.9622108e-05 5.9086677e-08 3.7879932e-08 0.0031443653 2.3047323e-06 0.033363998 0.76694274 1.0849524e-06 0.012983596 7.86161e-06 4.6966277e-05 0.14584064 0.005317875 0.21797818 2.3694318e-05 0.00018052291 0.293879 9.390366e-09 0.0038054953 0.108433455 0.006873331 0.0031047112 6.3048516e-05 3.7555503e-07 0.013678882 0.288578 0.00025754908 0.013424085 0.00015060056 2.182545e-06 6.218942e-07 3.2872285e-05 0.12918888 3.5325293e-08 0.00035275504 2.3465429e-08 0.047064558 0.001080276 0.0021813144 4.139715e-09 0.00012961932 2.7255252e-05 4.303918e-08 0.00015457018 0.03707848 4.7640554e-09 7.6233177e-06 7.122054e-05 1.5000104e-07 3.518537e-07 0.017305067 0.003733594 5.339632e-09 0.0047101947 0.010290598 1.7527059e-08 1.8606692e-06 1.6691549e-06 0.00015052446 2.8941128e-07 0.0023349712 0.0002616016 0.00010584135 0.0012123407 0.0008451532 7.315823e-08 4.4345532e-05 0.0008640996 5.349677e-06 0.00038252343 0.004463624 4.7200036e-05 3.501339e-05 1.47847325e-08 0.000114076975 2.882273e-06 1.4032703e-07 6.1195315e-05
0.4627673 0.67533296 0.0066183573 0.4882206 0.018196266 0.003336515 0.32627374 0.012401943 1.0807591e-05 1.7592037e-15 0.09976472 0.99594283 0.002829369 5.478774e-05 0.4252685 0.001258867 4.0464187e-05 6.470736e-05 0.001473683 1.4502635e-09 5.5386474e-05 4.7282933e-07 0.21789953 1.0999888e-09 0.783362 0.98644483 1.806488e-08 3.4777412e-07 1.8313723e-07 5.2155025e-07 0.11891914 0.006670647 0.17397146 2.2887656e-07 0.00025636202 2.8915482e-08 0.00078846584 6.648846e-08 0.0070106876 2.9398228e-07 0.5639118 1.3703498e-10 0.03925983 0.025835708 1.7287685e-07 0.00014217758 0.03396145 4.3256696e-06 0.0016363478 1.7728513e-09 0.019210996 4.1878736e-09 0.00017296287 1.5153549e-07 0.00018460292 0.00022783963 0.0029587215 1.3376238e-07 0.00016319593 1.0529844e-05 0.0063906373 6.676514e-07 0.020904433 5.473749e-07 3.9919392e-08 1.12602105e-08 0.0010381247 1.8353378e-05 0.0005575597 6.945771e-08 8.379487e-06 1.17304335e-05 8.993508e-05 6.615372e-05 2.6469299e-05 0.0004345699 0.004125191 0.00035609197 0.00064176717 0.0007753632 8.659184e-08 2.8425195e-06 6.765691e-09 0.0003036583 3.1550884e-09 0.001107493 2.0290034e-05 5.9468516e-07 1.2810413e-07 0.00010823172 8.776375e-08 3.129749e-08 1.7494236e-05 0.008509854 6.759903e-08 1.4302869e-09 1.4638946e-10 0.0011419563 9.7180276e-08 6.97559e-08 1.430366e-07
0.019517919 0.64117754 0.0010408587 0.99859583 0.054537088 0.124519736 0.95035297 0.065988414 0.00044378618 0.09976472 5.013377e-16 0.44906464 0.03192393 0.027682455 0.0002679323 0.199912 0.030109769 0.028474092 0.4887813 0.0014379461 0.09796378 6.122252e-05 3.966387e-05 4.031835e-05 0.00010223766 0.010352442 0.0008056867 0.009817583 0.0010548274 0.00039218154 1.953992e-07 4.9772393e-06 2.0844756e-05 0.00010529518 0.0019218071 0.00017388293 0.0025251366 2.0915011e-05 2.2693373e-05 2.7968562e-07 2.3755681e-05 1.8009425e-06 0.0025527112 5.0923056e-05 5.0942363e-06 1.0810154e-06 2.1444731e-07 2.3494507e-05 0.0010482102 7.8066853e-07 0.00018201863 1.8165919e-07 2.2280625e-07 3.6434114e-05 6.239741e-07 0.00016219546 1.1596296e-06 4.9430623e-06 2.30587e-09 4.637486e-05 1.4934887e-05 3.1827062e-06 1.780413e-07 3.0803295e-07 5.67786e-07 3.70695e-07 2.8016214e-07 0.00012147508 8.5635027e-10 3.9992095e-08 1.6836715e-08 1.9966682e-09 1.05895355e-08 3.755708e-05 2.0331493e-06 3.2516738e-09 1.5365174e-06 1.5165398e-06 8.13798e-08 1.9561949e-06 8.7014905e-07 1.7250145e-06 3.362741e-07 2.5089992e-05 7.5486937e-06 4.575203e-07 1.9012728e-06 1.8794772e-06 3.221917e-07 3.0265777e-09 1.0053892e-06 3.7434208e-07 1.2104707e-06 8.954867e-05 4.5382457e-08 3.9443457e-09 2.1449775e-06 1.3940793e-06 2.3891694e-06 1.7668627e-07 1.5022716e-08
0.035056002 0.39320564 9.38812e-05 0.7031597 0.0029095442 0.002987731 0.9907833 0.0037625288 7.1694353e-07 0.99594283 0.44906464 5.6861148e-12 0.0011852629 3.2627886e-05 0.014971817 0.00029658247 7.410031e-05 6.710353e-05 0.00041603018 6.2406986e-09 3.8291346e-06 5.244386e-07 0.006723142 1.0628919e-11 0.029632134 0.486914 1.7867944e-08 1.9138953e-07 3.9011078e-07 2.3633957e-08 0.001497268 9.307948e-05 0.0023865746 9.460424e-09 2.3732742e-05 2.5138071e-08 2.4087358e-05 2.5089635e-09 4.0879837e-05 1.0055733e-08 0.050376646 2.947367e-10 0.0013587986 0.0010693744 3.7021294e-08 4.6917457e-06 0.0017234607 3.9461636e-07 7.772944e-05 6.111007e-10 0.00031006974 6.9737727e-10 1.0459449e-06 3.1641827e-09 6.104208e-07 1.40666025e-05 0.00016070489 6.146246e-08 3.4084871e-06 1.3442245e-06 0.00023806153 4.8087824e-08 0.0019313215 1.4889641e-08 2.0270667e-09 6.5484146e-11 9.766686e-06 9.607775e-07 1.0196584e-05 1.41380765e-08 1.5494365e-07 2.0287051e-07 1.2196807e-06 3.7648576e-06 5.616899e-07 6.223962e-05 0.00014751033 2.761147e-07 1.8241823e-05 9.098119e-06 2.541377e-09 1.2367972e-06 4.228307e-10 1.0906701e-07 6.6571415e-09 2.4616093e-05 1.6787236e-08 9.2429655e-09 1.1658736e-08 3.2939294e-08 2.2420377e-10 2.8836376e-09 8.3765215e-08 0.0010228998 4.0313735e-09 4.8085085e-11 4.2913594e-12 6.123565e-05 1.09499245e-08 3.755931e-10 2.4348987e-09
0.9740656 0.48044744 0.23903659 0.006953225 0.67476255 0.94201064 0.0019215505 0.8777557 0.9616575 0.002829369 0.03192393 0.0011852629 3.6855796e-12 0.62092113 0.0026368557 0.084271304 0.29831278 0.112062745 0.025613295 0.013552333 0.007007365 0.94123596 7.498222e-05 0.00040447776 0.0007469755 0.0009585672 0.032374777 0.0009474036 0.09688083 0.15224205 5.213128e-06 0.017304718 0.00020161981 0.0017115636 0.39918184 0.01752799 0.58075273 0.0019950613 4.2641864e-06 0.108794875 0.00043382397 0.0031171804 0.28557518 0.0066780183 0.0012390021 9.162469e-05 5.0711365e-05 0.0059671937 0.6602205 0.001911701 0.04535153 0.0015008684 6.5596632e-06 0.00012076355 2.0687516e-05 0.3636349 3.1500754e-06 7.934957e-05 2.0243286e-08 0.24448927 0.00035063684 0.0009456308 2.7611893e-07 0.0053210813 1.2512969e-05 4.382139e-06 4.6311965e-05 0.1720698 1.28981785e-08 0.0005183485 8.510953e-05 2.0095524e-06 5.8639915e-07 0.084280886 0.0038650015 1.690013e-08 0.004227552 0.0112821665 9.725268e-10 1.4380071e-06 3.937022e-05 4.9673312e-05 2.3010944e-05 0.0058641015 9.4280105e-05 0.0002943261 0.0007659639 0.00019623313 2.0247882e-08 0.00038528876 0.0002199617 5.4459656e-07 0.00069410563 0.0122711 2.6157255e-05 9.347944e-05 1.031421e-07 0.00025126452 1.3195051e-06 1.5061205e-06 5.5437897e-05
0.98292893 0.067511715 0.004679851 0.002857838 0.1801887 0.96883744 0.0003279824 0.34965935 0.6252361 5.478774e-05 0.027682455 3.2627886e-05 0.62092113 2.7538466e-11 5.620629e-05 0.27432883 0.96401584 0.60772204 0.05226102 0.31802952 0.05924746 0.91611254 1.3067898e-05 0.048767067 3.8840562e-06 2.056312e-05 0.67255175 0.05491352 0.6167687 0.35269326 4.529246e-07 0.00038321957 7.3585e-06 0.10226468 0.6938289 0.3174833 0.32628796 0.07281094 2.3880214e-06 0.00054824667 2.8718114e-06 0.05166087 0.0841798 0.0006152548 0.04371391 2.9062328e-05 6.1881667e-07 0.03555962 0.28331116 0.016498394 0.005965029 0.011260417 3.5615838e-06 0.0038477858 1.3662172e-06 0.12620705 2.73036e-06 0.00077805127 1.3724063e-09 0.1917186 0.00013268444 0.0046255537 1.405322e-07 0.014234996 7.323541e-05 0.0007621279 5.6747613e-06 0.08114996 2.6133715e-09 0.0010738946 4.42281e-06 2.1521962e-06 1.03391265e-07 0.035012033 0.0002973412 5.2671063e-09 0.00069850497 0.0007317097 1.9513122e-09 8.031814e-07 0.0004477137 0.00021419296 0.0007721934 0.0057711364 0.0002945513 3.4904006e-05 0.002318303 0.00037279437 1.4839833e-07 2.9663042e-05 0.00024934078 4.200235e-06 0.00014309236 0.00522416 1.4776566e-05 6.1784776e-05 2.5690854e-06 0.00010534349 1.6334011e-06 1.243218e-05 8.602621e-06
0.9861262 0.4760138 0.24721803 0.007985479 0.062568136 0.001665999 0.010495592 0.01593578 0.0017186967 0.4252685 0.0002679323 0.014971817 0.0026368557 5.620629e-05 9.070986e-13 0.0011053388 3.204062e-05 4.6577992e-05 0.0009254725 5.237713e-09 3.0151423e-06 1.2498014e-05 0.9953205 1.3259903e-08 0.3290152 0.035989597 3.0412272e-07 2.574831e-07 1.6933736e-06 0.00025926746 0.7042932 0.678842 0.7691489 2.5999947e-07 1.4161456e-05 3.562431e-07 0.00033944414 6.4121465e-08 0.5850631 0.0004326002 0.31255525 1.2020172e-09 0.61726487 0.6628491 6.757647e-08 0.113040715 0.21184863 1.2115679e-06 0.03285246 1.9971729e-07 0.50987744 4.4519987e-07 0.021800231 2.1352777e-07 0.062656164 0.0038505534 0.08737516 1.06098994e-07 0.002986859 8.8847046e-05 0.15754713 1.4334476e-06 0.015293864 4.777844e-06 2.0775305e-08 1.5731244e-08 0.083832845 0.0017738984 0.0015181475 8.411825e-08 0.0015493672 0.00054724247 0.0010033974 0.013904884 0.0029885531 0.0015275598 0.25716516 0.0010023062 0.009144833 0.034154348 1.5880215e-06 2.7461483e-06 2.8375996e-07 0.0017243074 7.784917e-07 0.022319296 0.0003531817 0.00011391531 6.2224956e-07 0.006830104 0.00013435658 1.3696084e-07 0.00059838704 0.4468407 6.700249e-07 3.223071e-06 3.346422e-07 0.050704543 8.633968e-08 2.9580483e-06 4.836696e-06
0.14948347 0.29819688 0.0010631754 0.009306347 0.051746603 0.5703051 0.00090360123 0.07002325 0.0035021913 0.001258867 0.199912 0.00029658247 0.084271304 0.27432883 0.0011053388 8.383245e-13 0.50397086 0.69546366 0.9870388 0.98024845 0.95618516 0.001257919 0.00025273432 0.073641844 0.00017426573 5.5136985e-05 0.06491709 0.30353522 0.052096393 0.0047631455 7.5611e-06 2.287437e-05 1.7795234e-07 0.010534249 0.025936471 0.004670991 0.015682109 0.0021447414 4.419327e-06 5.694839e-07 0.0001271513 9.6884316e-05 0.0072884946 0.00029343236 0.0006404096 6.4435085e-06 4.4219727e-05 0.0031457515 0.005555452 1.1785372e-06 0.0004486014 7.0518754e-06 9.142848e-07 0.00039739747 3.5952644e-07 0.001733611 1.9709876e-07 8.8744324e-05 3.275015e-07 0.0008442466 0.00010961932 0.00010721733 5.2869905e-07 3.3871933e-05 4.177154e-06 2.9020395e-05 9.953525e-06 0.00042420079 6.1040623e-07 3.5174355e-06 3.4146964e-07 2.2693568e-07 6.1244094e-08 0.00023616097 1.5514903e-05 6.117991e-07 0.00021039574 1.484534e-05 2.7147862e-06 1.8979179e-06 1.3148624e-06 1.8116614e-05 1.16364945e-05 2.1786615e-05 1.04832125e-05 6.411407e-06 1.7372604e-05 4.2479045e-05 1.3151357e-06 6.5630076e-07 1.4530285e-05 1.860011e-06 1.6627996e-06 0.0005587358 1.848916e-07 1.12116105e-07 1.3374815e-08 8.335689e-06 3.6487818e-06 2.046987e-05 8.412514e-08
0.823883 0.055100325 0.000852834 0.0047507808 0.06102118 0.8466909 0.00048479292 0.13530654 0.032429017 4.0464187e-05 0.030109769 7.410031e-05 0.29831278 0.96401584 3.204062e-05 0.50397086 9.225286e-12 0.99245244 0.19169824 0.85435903 0.19222026 0.029630084 1.5750527e-05 0.5175804 9.027868e-06 4.8820348e-05 0.4530305 0.3931853 0.31149703 0.037764408 1.1360634e-06 2.8803648e-05 2.614734e-06 0.30820173 0.28790775 0.18727124 0.08868881 0.17193948 3.1397913e-06 3.0370102e-05 9.315305e-06 0.054125242 0.022803811 5.9826325e-05 0.014277346 9.541847e-07 3.0254828e-06 0.0100737745 0.04095101 0.0049124947 0.0009753065 0.007613931 8.863496e-07 0.0069757975 3.6664403e-07 0.013885981 6.859258e-07 0.000283028 7.792717e-09 0.023902044 6.05073e-05 0.0014956866 2.3963744e-07 0.0048720306 5.8716247e-05 0.00095182256 1.0969032e-06 0.0083007645 2.1288715e-08 0.00047058056 1.5103383e-07 3.244834e-07 7.119524e-08 0.0036783894 2.1893044e-05 5.2114055e-09 0.00015143488 0.00028706476 9.976527e-09 1.3433407e-07 0.00056666794 0.00012137155 0.0008556834 0.001005396 0.0001935185 1.0928685e-06 0.0002502904 0.00019393749 5.6368566e-07 3.0023882e-06 0.00016716513 1.5433694e-05 1.9977733e-05 0.00045197303 1.2922166e-06 1.4592901e-05 9.571754e-06 1.0456035e-05 4.9558635e-06 4.3946337e-05 4.4724675e-07
0.5462235 0.03668184 0.00083559094 0.0046509593 0.03285308 0.5355742 0.0006887882 0.038831152 0.02596798 6.470736e-05 0.028474092 6.710353e-05 0.112062745 0.60772204 4.6577992e-05 0.69546366 0.99245244 4.945688e-12 0.3705363 0.9678092 0.40459862 0.019773172 2.290399e-05 0.7538305 4.664282e-06 8.273534e-06 0.73819995 0.5848107 0.49106163 0.02564942 2.7396427e-06 2.1616883e-05 7.290854e-06 0.59186983 0.13154449 0.35784164 0.04245911 0.45820183 4.6176992e-06 1.00173565e-05 3.4258994e-06 0.09412833 0.009204949 0.0002037472 0.0076609724 8.5191294e-07 2.6841592e-06 0.006303983 0.011217543 0.0065541207 0.0011059177 0.024575034 2.5236366e-06 0.015515933 5.5455286e-07 0.0034667393 1.0111711e-06 0.00015709297 7.851734e-10 0.0062710247 4.25317e-05 0.0009011374 4.3487648e-07 0.0030009826 2.945905e-05 0.0021615548 4.6678288e-06 0.0024342677 9.3298445e-09 0.00039602528 1.6832999e-07 1.1840766e-06 2.513147e-07 0.001035818 2.348221e-05 2.1392705e-09 0.00014631425 0.00026341237 2.3562707e-08 3.5610213e-07 0.0005518554 7.4620686e-05 0.001032195 0.00034901308 7.137127e-05 7.692969e-06 0.00010467143 9.940439e-05 3.4566253e-07 3.483997e-06 0.00014159964 4.379691e-06 2.025531e-05 0.0009999354 1.9768506e-06 4.495065e-06 3.3823103e-06 3.681254e-05 1.0888945e-06 1.2691355e-05 7.239206e-07
0.051732145 0.23360601 5.334279e-05 0.021243146 0.01373126 0.28068963 0.0023171536 0.017048901 0.0002444526 0.001473683 0.4887813 0.00041603018 0.025613295 0.05226102 0.0009254725 0.9870388 0.19169824 0.3705363 2.5522663e-14 0.8261463 0.9930136 2.953024e-05 0.00012548706 0.0062050233 2.9740173e-05 4.0780113e-05 0.0029229922 0.5404965 0.0053299386 8.4772706e-05 6.3304183e-06 3.7908308e-06 8.05195e-08 0.00065993227 0.002848426 0.00028375335 0.001849993 5.4615324e-05 9.91845e-07 2.9110439e-08 1.0202187e-05 5.6825513e-07 0.0011391118 0.00020202594 6.7128776e-06 9.144792e-07 1.0537761e-05 0.00017623082 0.00017911484 5.6927645e-09 9.0094836e-05 6.0587956e-07 6.700814e-08 1.6811508e-06 2.7049166e-08 0.000100838035 1.4402559e-07 6.4928067e-06 1.0339717e-07 1.2223421e-05 5.0739716e-05 2.5979166e-06 5.7385523e-07 8.2704605e-07 7.351702e-08 9.255037e-08 2.8472596e-06 1.0975703e-05 1.7684559e-07 1.3343582e-07 1.8818463e-08 1.1851193e-08 4.098822e-08 5.3467054e-05 1.4229668e-06 8.617976e-08 9.000191e-05 1.891366e-06 3.8125708e-07 8.924387e-07 2.7754496e-08 3.6076463e-07 1.2946975e-07 5.163375e-07 7.238733e-08 7.159924e-07 5.1974805e-08 1.260187e-06 9.346784e-09 5.50427e-08 3.376548e-08 1.2824048e-08 6.910541e-08 0.00048463087 5.413508e-09 2.7784006e-11 1.2748652e-10 1.2043869e-05 1.7022806e-08 1.3702866e-07 2.6255822e-09
0.023497097 0.024901422 0.00046969482 1.057616e-05 0.009775348 0.6372308 5.794933e-07 0.007920691 0.0047642333 1.4502635e-09 0.0014379461 6.2406986e-09 0.013552333 0.31802952 5.237713e-09 0.98024845 0.85435903 0.9678092 0.8261463 4.294831e-16 0.937875 0.0003858065 5.077253e-09 0.8239726 5.7029746e-11 2.366121e-11 0.29748896 0.8470037 0.0658893 0.006274324 1.2047233e-09 1.5373178e-06 2.9372067e-08 0.44277236 0.0032795442 0.0122663025 0.0019120156 0.042358387 2.7634588e-08 1.9511988e-07 4.0804476e-10 0.00027434027 0.00086058595 5.9479835e-06 0.00010826795 4.1126302e-07 9.010789e-09 0.00013197608 0.00029322534 0.000102743856 0.00013711723 4.4121283e-05 2.5089372e-07 1.3468402e-05 7.146598e-08 5.8653957e-05 1.721453e-08 1.1700563e-06 2.0039542e-10 2.0433281e-05 2.2476213e-06 4.397394e-06 4.1086743e-09 6.4391343e-06 2.2612231e-07 4.6002008e-08 3.2685372e-09 8.657089e-06 4.1195932e-11 3.4561376e-07 2.0199971e-08 7.798005e-10 2.6659766e-10 1.7248574e-05 2.6874966e-06 3.576021e-10 2.2382183e-06 3.5951396e-06 3.4520115e-10 2.1810736e-08 7.730529e-06 3.9663795e-05 8.31208e-08 5.56863e-07 8.312218e-07 2.0282322e-08 3.0799416e-07 3.6703238e-07 4.665196e-07 8.0401295e-09 2.0172031e-07 3.7503782e-09 8.024756e-07 1.877597e-05 3.3139376e-08 5.4900706e-09 5.211047e-09 2.649397e-07 7.4247545e-08 7.347045e-09 2.8438754e-08
0.037407856 0.023964034 1.1352483e-05 0.00059560814 0.011452504 0.15783441 2.6174323e-05 0.006793206 3.0424195e-05 5.5386474e-05 0.09796378 3.8291346e-06 0.007007365 0.05924746 3.0151423e-06 0.95618516 0.19222026 0.40459862 0.9930136 0.937875 2.3882144e-12 3.1814274e-05 3.571686e-06 0.114376225 9.505308e-07 1.8485157e-07 0.03739546 0.90806335 0.01579735 0.00013833889 5.1095554e-07 4.3187634e-07 7.1148363e-09 0.012941059 0.0036174327 0.0025510103 0.0012881119 0.0017284414 1.3431026e-07 1.5556246e-08 4.044825e-07 3.1996835e-05 0.0006291652 7.3388555e-06 0.00012576225 2.9773987e-06 1.031968e-07 0.00038242992 0.00022039341 1.3118438e-06 3.6090023e-05 6.782305e-06 1.2179959e-07 0.00020518019 2.5229387e-08 2.5798256e-05 4.1701819e-07 1.7370716e-05 2.6360611e-08 5.5931046e-06 1.05132185e-05 6.2712124e-06 1.5993497e-07 4.439646e-06 3.8628173e-07 2.2795646e-05 1.179705e-07 4.943916e-06 2.0343954e-07 5.7157706e-07 2.6091191e-08 3.2108147e-08 1.738151e-08 4.757105e-05 2.7424107e-06 4.2840977e-08 2.7147438e-05 5.8231154e-07 1.55251e-07 2.8749116e-07 1.8499969e-07 1.4346086e-06 1.1821156e-06 4.088073e-07 1.558382e-06 3.273098e-07 1.2136339e-07 8.469044e-07 3.8743632e-08 3.9222915e-08 1.9984094e-07 7.245788e-07 4.5602312e-07 0.00026022657 2.4334142e-08 8.7137675e-10 3.6925528e-08 1.060809e-05 2.9169244e-06 2.279305e-06 3.2052754e-09
0.87076503 0.031414583 0.20310204 2.1960337e-05 0.56303674 0.44047514 1.8470506e-06 0.6470569 0.8842185 4.7282933e-07 6.122252e-05 5.244386e-07 0.94123596 0.91611254 1.2498014e-05 0.001257919 0.029630084 0.019773172 2.953024e-05 0.0003858065 3.1814274e-05 5.144001e-14 4.2260262e-06 7.942762e-05 5.847911e-08 5.1454026e-07 0.011466887 2.7180313e-05 0.14425002 0.97775185 1.4404262e-07 0.0012844563 3.3823428e-06 0.00043712475 0.9461405 0.0181618 0.9168965 0.0002458256 5.698898e-05 0.012417955 6.259274e-08 0.00066319824 0.131728 0.0026680909 0.09496969 9.8565084e-05 2.5782242e-07 0.19701377 0.42570326 0.0028980987 0.01827502 0.00063684885 6.0362026e-06 2.8523977e-05 6.2396607e-06 0.4078432 2.3600705e-07 0.005827574 1.790356e-08 0.28958395 0.000769723 0.0355595 4.4504596e-08 0.00046480814 0.0005387477 4.9407154e-06 1.5022581e-05 0.22396305 1.2062776e-09 0.00016625335 0.00013434017 1.0305632e-06 1.11971644e-07 0.11620301 0.0058149807 2.7148856e-09 0.002597165 0.01329763 1.5160364e-08 7.2440234e-06 9.799102e-05 0.0011759597 2.5836962e-05 0.018610997 0.003434698 0.0001258039 0.014844598 0.00651675 2.114027e-05 2.4436667e-05 0.005629553 0.00022285696 0.0005252468 0.007653451 5.7033616e-05 0.0013269145 1.8158058e-05 0.0003381295 0.00012451243 4.980815e-06 2.6442329e-05
0.90777236 0.027879734 0.017829569 0.0038380628 0.0026428325 0.0003033813 0.0026747517 0.00041904385 6.59965e-05 0.21789953 3.966387e-05 0.006723142 7.498222e-05 1.3067898e-05 0.9953205 0.00025273432 1.5750527e-05 2.290399e-05 0.00012548706 5.077253e-09 3.571686e-06 4.2260262e-06 4.9701332e-12 4.1732653e-09 0.26536402 0.03649602 2.1793367e-07 7.468134e-07 1.2987242e-07 1.7353892e-05 0.7917172 0.35472012 0.90985584 1.1800105e-06 7.337676e-07 1.8444514e-07 1.4565336e-06 6.994632e-07 0.48880443 5.949025e-05 0.3785296 3.9645673e-09 0.063218415 0.26498285 3.5491095e-08 0.15387315 0.5438639 3.5698008e-07 0.00040994617 8.543994e-09 0.05963334 8.4191925e-08 0.08692533 3.9182257e-07 0.13700604 1.5642496e-05 0.37221643 4.7661118e-08 0.011224868 1.4919617e-06 0.17695503 1.214295e-07 0.054797802 8.193486e-07 1.5978365e-08 1.764375e-08 0.094606526 1.2039986e-05 0.010297037 3.1768428e-07 0.0034363314 0.0032656249 0.005293883 0.00019244553 0.0011993158 0.015376054 0.11482213 3.6973648e-05 0.0070526702 0.019727716 2.7043868e-07 6.143477e-07 1.4476912e-08 3.9317427e-05 1.4817348e-07 0.015093753 2.1742414e-06 2.4530357e-06 1.1754084e-07 0.004569171 5.256869e-07 2.5035053e-08 0.00020492246 0.055470593 3.1456938e-07 3.423533e-07 3.3465372e-07 0.022316493 2.9221251e-08 3.2956152e-07 7.226231e-07
0.001399808 4.4820754e-05 9.505108e-07 5.0105604e-07 0.00013246847 0.015788097 7.9220747e-10 0.00018578925 2.9622108e-05 1.0999888e-09 4.031835e-05 1.0628919e-11 0.00040447776 0.048767067 1.3259903e-08 0.073641844 0.5175804 0.7538305 0.0062050233 0.8239726 0.114376225 7.942762e-05 4.1732653e-09 1.385489e-16 2.5544082e-11 1.0449129e-12 0.51014596 0.997726 0.10217141 0.0014185483 3.5752293e-10 4.9894786e-09 1.7934779e-10 0.9608351 0.0010325371 0.089641936 0.00014295965 0.535782 1.2782917e-09 9.039243e-09 6.47437e-11 0.002417776 8.152255e-05 6.11879e-09 0.00073899137 2.8851083e-08 9.0205693e-10 0.000308071 5.0019047e-05 0.00028634048 1.5207513e-06 0.00015593693 8.0524953e-10 0.0038153487 1.2005645e-09 1.1567307e-05 1.2565164e-09 2.682804e-05 3.0060723e-10 5.437669e-06 7.636794e-08 1.35768205e-05 6.811313e-11 3.5264624e-05 3.8537787e-06 0.00015438428 1.5406882e-09 4.5914176e-06 1.2852931e-10 1.5753569e-06 3.4037473e-10 2.7125692e-11 4.7636138e-11 3.5923667e-06 5.0088784e-07 1.2151978e-10 5.594926e-09 3.6823877e-07 9.640498e-10 3.2737595e-09 3.2744451e-06 3.9006413e-06 3.9838997e-06 6.783588e-07 1.9157314e-06 1.8561046e-09 1.0790613e-06 5.3583467e-06 4.2878935e-07 3.7984167e-09 5.0501453e-06 6.5927986e-07 3.3983102e-07 8.903067e-07 2.2197677e-09 1.4609894e-08 2.2341119e-07 1.1163034e-09 2.135021e-07 2.2078478e-07 3.2016076e-10
0.43094364 0.14361773 0.00037213598 0.0070245806 0.0063689593 0.0005754989 0.0023330413 0.0041989475 5.9086677e-08 0.783362 0.00010223766 0.029632134 0.0007469755 3.8840562e-06 0.3290152 0.00017426573 9.027868e-06 4.664282e-06 2.9740173e-05 5.7029746e-11 9.505308e-07 5.847911e-08 0.26536402 2.5544082e-11 9.777387e-13 0.9919138 1.0701795e-09 7.55476e-09 1.0566218e-07 1.2979763e-07 0.17901807 0.0021542695 0.34679848 2.895268e-08 2.6135772e-06 1.43997765e-08 8.321063e-05 9.477202e-09 0.01535871 1.580936e-08 0.9947142 4.3429822e-11 0.009583219 0.022424964 3.6543884e-08 0.0005322982 0.26249263 6.651703e-07 0.00048177614 4.433944e-09 0.009377357 5.0681774e-09 0.0001492292 7.885014e-08 0.0004930765 4.630799e-05 0.013541939 1.3147789e-07 0.001090418 4.373655e-06 0.009348666 5.662141e-07 0.01698117 3.484515e-08 7.5694e-09 1.1561566e-08 0.0014316797 7.392212e-06 0.0034466782 5.35759e-08 1.167201e-06 2.3887604e-05 0.00027027202 0.00012686364 1.9389745e-05 0.01945006 0.006920795 7.2199975e-05 0.0028484466 0.004635094 1.11503144e-08 6.4306874e-07 1.753842e-09 1.1111046e-05 4.004707e-07 0.0037212109 2.2729448e-06 1.5266627e-06 3.6259774e-08 0.00010234359 1.8176888e-07 7.514153e-08 2.3978993e-05 0.015292873 2.712782e-07 1.4754422e-08 4.9213306e-10 0.006092722 4.8698578e-08 8.4088896e-08 6.022448e-08
0.18930595 0.081846684 3.634139e-05 0.02770203 0.0022791245 0.00023977611 0.02496952 0.0027005572 3.7879932e-08 0.98644483 0.010352442 0.486914 0.0009585672 2.056312e-05 0.035989597 5.5136985e-05 4.8820348e-05 8.273534e-06 4.0780113e-05 2.366121e-11 1.8485157e-07 5.1454026e-07 0.03649602 1.0449129e-12 0.9919138 9.394449e-13 4.6614694e-09 5.3403655e-09 1.3632454e-07 9.96227e-08 0.014004403 0.00020132912 0.07098355 9.451131e-10 4.825824e-05 1.1076401e-08 0.00012451907 1.064778e-09 0.0012982594 9.63034e-09 0.9891357 1.11019194e-10 0.0014317009 0.0037537138 2.1105639e-07 1.5195794e-05 0.084246054 3.6842268e-06 0.0005730054 3.839609e-09 0.00265441 1.0572664e-08 4.4108933e-06 4.88121e-09 2.6461448e-05 7.900457e-05 0.0075192465 5.6353883e-07 0.00027165606 1.3766143e-05 0.0024532545 4.518437e-06 0.022539752 1.7550248e-07 1.75482e-08 5.8421856e-10 0.00028665113 9.9265315e-05 0.00021062762 1.2359796e-07 8.68923e-08 2.1607084e-06 2.394725e-05 0.0006640558 4.0350487e-06 0.004298898 0.0016109771 1.682353e-05 0.00028941504 0.0005596082 1.6820398e-09 4.0179452e-06 8.798524e-10 7.5778194e-06 9.9921095e-08 0.00028272206 1.8879708e-06 2.8424125e-07 1.8742666e-08 8.1189154e-07 2.8250128e-08 4.866571e-08 6.6226403e-06 0.005650342 2.5561266e-07 4.996993e-09 9.217587e-11 0.001271946 3.754825e-08 1.6961582e-08 8.835177e-08
0.8893801 0.00075669686 0.000111234025 7.316856e-06 0.010998845 0.18952608 2.0422448e-07 0.019877054 0.0031443653 1.806488e-08 0.0008056867 1.7867944e-08 0.032374777 0.67255175 3.0412272e-07 0.06491709 0.4530305 0.73819995 0.0029229922 0.29748896 0.03739546 0.011466887 2.1793367e-07 0.51014596 1.0701795e-09 4.6614694e-09 1.0055016e-13 0.29046226 0.9882237 0.082890674 1.4647758e-08 4.5383454e-06 5.2189378e-08 0.7850493 0.39771718 0.93803537 0.09677378 0.80513436 1.5156874e-07 1.4608906e-06 2.176954e-09 0.9114335 0.008518245 2.6185358e-05 0.26583567 8.513579e-08 6.568753e-08 0.080515295 0.013123801 0.19673158 0.0004572255 0.23868287 7.348871e-08 0.19997823 5.8133793e-08 0.0060693244 8.046205e-09 0.0049576084 5.415519e-10 0.016646078 2.7781813e-05 0.003274748 1.6371327e-08 0.006775562 0.00037881633 0.12110498 1.1545161e-06 0.0052782753 5.08297e-09 0.00058487896 1.1718871e-07 6.9682756e-08 9.344734e-09 0.0026531913 8.173347e-06 2.2165512e-10 0.0001950067 0.000111360445 7.4138544e-09 2.8625948e-07 0.0049207145 0.00018591386 0.007457275 0.0020444081 0.00056920166 3.2706223e-06 0.00063210976 0.00051675376 2.0325417e-05 6.171246e-07 0.0002069453 9.927227e-06 2.9454316e-06 0.0010994535 2.4515913e-07 3.7574723e-06 0.0006079471 2.84535e-05 3.7478953e-06 0.00013584869 1.7366257e-07
0.005772221 0.0015624701 3.1805232e-07 2.4059464e-05 0.0007037187 0.050890952 8.278897e-07 0.0005087272 2.3047323e-06 3.4777412e-07 0.009817583 1.9138953e-07 0.0009474036 0.05491352 2.574831e-07 0.30353522 0.3931853 0.5848107 0.5404965 0.8470037 0.90806335 2.7180313e-05 7.468134e-07 0.997726 7.55476e-09 5.3403655e-09 0.29046226 3.6107846e-13 0.037837394 1.3789809e-05 2.3250038e-07 8.346872e-08 1.1689331e-08 0.8751825 0.00045336134 0.021696884 0.00011168706 0.5355562 6.478284e-08 1.1933372e-08 5.622526e-09 0.0021863526 4.4127548e-05 5.242993e-08 0.00024097388 2.9576606e-07 9.7809746e-08 0.00020497014 1.7592512e-05 6.0730443e-05 1.4240785e-06 5.4290453e-05 7.026775e-08 0.04874925 1.3334207e-07 2.5314778e-06 3.1577027e-08 7.55116e-05 5.4534205e-08 1.2032933e-06 5.221542e-06 3.620359e-06 1.9299844e-09 1.8981613e-05 5.8725686e-06 0.0015894664 1.9354854e-08 3.6721934e-07 2.326848e-08 2.5316347e-06 1.8091766e-09 1.0014676e-08 2.3829932e-10 1.5475085e-06 1.17870414e-07 2.4438784e-09 2.2616456e-07 2.8106147e-08 1.2682478e-08 7.575123e-08 1.4916538e-05 3.323962e-06 9.513584e-06 1.2526603e-07 4.509932e-07 1.3013234e-08 7.3463625e-08 1.9491706e-06 1.6773467e-07 3.2959055e-10 2.2762885e-07 1.0405242e-07 1.2620349e-07 9.865862e-06 6.571419e-09 3.0924647e-09 3.3016742e-05 2.5142004e-08 2.5496672e-07 2.1574672e-06 4.2347398e-10
0.9048797 0.0028994903 0.0014656927 0.00016277484 0.03663872 0.18992618 4.7541685e-06 0.04869178 0.033363998 1.8313723e-07 0.0010548274 3.9011078e-07 0.09688083 0.6167687 1.6933736e-06 0.052096393 0.31149703 0.49106163 0.0053299386 0.0658893 0.01579735 0.14425002 1.2987242e-07 0.10217141 1.0566218e-07 1.3632454e-07 0.9882237 0.037837394 1.3108367e-12 0.5175889 2.8737123e-08 1.8351295e-05 1.7350052e-07 0.34310815 0.6094461 0.9728862 0.2821379 0.3892196 9.9649874e-08 0.00029220866 1.5598852e-08 0.8726992 0.03578223 9.168904e-05 0.41380557 3.7817003e-07 3.0579603e-08 0.2263433 0.08726968 0.5055042 0.0018275707 0.4374623 6.203958e-08 0.0932906 5.1087977e-08 0.046154127 4.0265952e-08 0.016046276 1.2164089e-09 0.06574043 1.5342239e-05 0.024048852 1.0727529e-08 0.036236912 0.0052053337 0.10330022 7.329399e-08 0.032196857 1.9062338e-09 0.0075457003 3.1283778e-07 5.2986373e-08 4.0964596e-09 0.0187822 0.00010113641 5.030048e-10 0.00013240494 0.0028692135 7.890426e-09 1.7236091e-07 0.01066242 0.0008676872 0.029265912 0.005502935 0.005542127 7.8883346e-07 0.00807359 0.006042625 9.174371e-05 1.113271e-06 0.0038071545 0.0017014563 8.012239e-05 0.0006556546 6.628195e-06 0.00026353146 0.0002530715 4.9546206e-06 0.000298485 0.00067149726 1.876495e-06
0.8373256 0.023643954 0.18632536 5.2722782e-05 0.06531617 0.050801676 3.1425066e-07 0.09645772 0.76694274 5.2155025e-07 0.00039218154 2.3633957e-08 0.15224205 0.35269326 0.00025926746 0.0047631455 0.037764408 0.02564942 8.4772706e-05 0.006274324 0.00013833889 0.97775185 1.7353892e-05 0.0014185483 1.2979763e-07 9.96227e-08 0.082890674 1.3789809e-05 0.5175889 7.1054013e-19 3.674628e-07 0.0031002741 8.7165824e-07 0.0028312395 0.97883624 0.35033095 0.9022058 0.0038146519 2.028862e-05 0.70415163 1.3359646e-08 0.18129696 0.05595577 0.0016401147 0.5220671 0.00012127599 9.397789e-08 0.76102066 0.23555799 0.17643969 0.0052949074 0.19642918 9.343995e-07 0.00019105719 1.8042775e-06 0.26325366 3.1377645e-08 0.08932642 9.2909715e-09 0.3481158 0.00019365159 0.32991245 1.9541393e-09 0.04773261 0.051046282 2.7991699e-05 6.5259883e-06 0.19021867 4.0599315e-09 0.04485309 2.4380499e-05 6.037815e-08 6.6666495e-08 0.08078311 0.025041537 4.152225e-09 0.002276127 0.13464144 8.485143e-08 6.900232e-07 0.00125598 0.01655666 0.0020635633 0.0419982 0.04418429 3.695024e-05 0.061949294 0.037660334 8.2097395e-05 7.7401375e-05 0.020597098 0.008864867 0.008708095 0.017406935 0.0047623436 0.012743361 1.17358155e-07 8.967036e-05 0.0049442346 8.847577e-05 0.0014754332
