1.6024996e-16 0.97762233 0.96016437 0.6292733 0.9594961 0.95822376 0.9858737 0.9680965 0.95865005 0.9753438 0.15611973 0.9719387 0.9855376 0.9713862 0.90024877 0.9829902 0.9899181 0.9764767 0.98637027 0.98438525 0.80259633 0.81170446 0.13322999 0.970508 0.93266207 0.9690516 0.22190292 0.99683636 0.9204579 0.9835703 0.9889202 0.88088435 0.9340418 0.9909166 0.81512314 0.8251727 0.96941113 0.98290545 0.91724193 0.84415746 0.9743584 0.95614344 0.9961462 0.99476814 0.994949 0.879447 0.8551048 0.964593 0.9569097 0.9964117 0.6516209 0.86520326 0.99258906 0.8983378 0.9793506 0.703399 0.26922706 0.95748407 0.33521917 0.99972737 0.49178776 0.19792388 0.9989608 0.14561142 0.023100214 0.99920845 0.12579688 0.9241569 0.812052 0.9212173 0.96932906 0.30484226 0.97045237 0.29089978 0.5641635 0.047728557 0.07524219 0.12485357 0.038605735 0.9164635 0.969694 0.99947125 0.06310877 0.5734323 0.0030731452 0.9467128 0.036294114 0.9981917 0.03925299 0.012514151 0.009405035 0.9986865 0.1055328 0.024728853 0.0034052937 0.97723764 0.9521403 0.99993396 0.9995781 0.9999319 0.9999986
0.97762233 2.4913653e-14 0.94632864 0.5573277 0.47968748 0.48596197 0.70951706 0.5336865 0.60749704 0.40772122 0.9191527 0.32259303 0.25590435 0.08957269 0.1372322 0.03481627 0.36799127 0.107712455 0.24462831 0.5129269 0.024128215 0.008725316 0.008731842 0.036796696 0.02986032 0.2788219 0.20882222 0.120833926 0.0053048446 0.018716631 0.019821983 0.0012163825 0.00048178324 0.06376255 0.05215752 0.17074975 0.007471109 6.833654e-08 3.267213e-05 0.03556261 0.00028046838 1.9278903e-06 0.036742307 0.00064127345 0.07074084 0.25558454 0.048826426 0.0022028498 0.0004988079 0.0057513844 2.1542642e-06 2.5675434e-05 0.00058954244 0.0028367706 2.7438276e-07 1.0869962e-07 0.020231146 4.751712e-06 0.0120172165 0.013211314 0.0069933655 0.02596039 0.025093956 0.0027007337 0.00091180415 0.001311231 0.0020081606 2.3418372e-06 6.386543e-05 4.0878427e-07 9.709261e-07 0.0023322315 5.7560857e-07 8.728503e-07 0.0015051413 0.00066585455 0.0054203174 3.62527e-07 1.3730983e-06 5.2860596e-08 8.472547e-06 0.0019956299 0.0008158649 5.2087078e-05 0.00081207784 8.746042e-09 5.6614557e-05 0.0008060829 0.00046107793 7.385289e-05 3.8491544e-06 0.007249739 6.122865e-05 2.4765143e-07 1.5748508e-06 0.00028522196 1.5366251e-07 0.008578528 0.00017228576 0.00014261472 0.001292971
0.96016437 0.94632864 3.325602e-11 0.5323227 0.3595596 0.32565686 0.555708 0.9234777 0.78746647 0.33912346 0.7821285 0.6220882 0.42265242 0.03495895 0.27695528 0.008504369 0.24403507 0.27610818 0.1533227 0.3002665 0.034856085 0.004811618 0.13903385 0.1102825 0.063548006 0.15090176 0.05542784 0.071632914 0.03943716 0.0077048647 0.0050204573 0.00073058123 0.0007305515 0.054288164 0.02426083 0.0926964 0.0062792297 1.8381563e-07 6.851184e-05 0.020865096 0.0049580242 7.1577438e-06 0.010513936 0.0017395938 0.045888375 0.1845569 0.035801668 0.015050402 0.006210612 0.0013623936 1.7700318e-05 6.3265594e-05 0.00026300095 0.0052190484 8.023172e-07 4.1467598e-07 0.011273687 0.00039633547 0.0033860288 0.0034726905 0.003831529 0.010308788 0.016946437 0.000692941 0.00071218394 0.000680773 0.0008763702 0.00027635827 0.0017703265 0.00014037745 0.0001568322 0.0089422455 2.2758034e-06 2.6613296e-05 0.004529642 0.0007542012 0.0015496241 7.661567e-06 1.0537106e-05 4.171023e-08 6.500524e-05 0.003708602 0.00040528862 0.00027410832 0.00016169738 1.3997564e-07 0.0008163198 0.0035357838 0.00051173335 0.000346917 2.159633e-06 0.0054297885 0.0010198895 5.4162947e-06 2.451333e-06 0.0014184165 5.9414776e-07 0.0062151654 0.0012175959 6.989985e-05 0.0007044213
0.6292733 0.5573277 0.5323227 3.0818206e-19 0.92518866 0.9532829 0.6956303 0.24446851 0.069238946 0.86906356 0.16584532 0.04081055 0.08158688 0.48712453 0.00503676 0.18566479 0.60025305 0.041644193 0.49830684 0.0055170995 0.0002383362 0.69830567 0.0011836935 0.03374621 0.00043802024 0.0026597707 0.45320636 0.16086 0.009490703 0.105870314 0.11581169 0.06613622 0.1903383 0.027223548 9.1282986e-05 0.0011555065 0.02444362 0.007918972 0.005654695 1.6697949e-06 0.0016784075 0.003483672 0.06389911 0.04501718 0.06356805 0.00068877905 1.7781368e-06 0.0009937459 2.81008e-05 0.02248983 2.8825603e-05 0.0300822 0.021207858 0.0011430753 0.0006626485 2.487488e-05 2.0678744e-06 0.000673715 1.3028513e-07 0.030282192 1.1717966e-05 0.0011366078 0.043418884 1.5342318e-08 2.350652e-07 0.025219558 5.3616306e-05 8.8510795e-05 5.16049e-07 1.6107081e-06 0.00086425 0.000104143604 0.0015077057 1.4116035e-06 1.4740752e-06 1.810429e-06 2.8930601e-06 2.420287e-06 4.4655377e-07 0.00013900608 0.0028822238 0.00637437 2.1466852e-07 9.0927315e-08 1.727652e-06 2.4455587e-06 4.909019e-07 0.002380493 8.6574886e-07 7.307369e-07 1.1130935e-08 0.0075978246 7.819476e-06 6.9880144e-08 2.9681983e-08 9.429368e-05 2.6091257e-05 0.009392289 0.00026057652 0.0013627943 0.008284426
0.9594961 0.47968748 0.3595596 0.92518866 9.090142e-13 0.7959019 0.6172302 0.19494838 0.03365017 0.90405804 0.03962852 0.009318487 0.06002069 0.554944 0.0018852741 0.37813404 0.6370868 0.00091881404 0.6739898 0.042764064 8.282451e-05 0.31091556 0.0002669175 0.0014952901 0.00012103785 0.032712456 0.17468148 0.3488825 0.0002534413 0.17379211 0.14124253 0.025265964 0.022141976 0.02598872 0.011946229 0.04199002 0.091634564 0.0012552566 0.0024773555 0.0043721856 0.00023777611 0.0004727845 0.1207524 0.022523275 0.054451205 0.08449661 0.00068006536 2.4137833e-05 2.2959923e-06 0.03674699 0.00022233646 0.0018792407 0.011029569 0.025205154 0.00018725106 2.185041e-05 0.00025884176 9.562212e-06 0.0018442494 0.04508929 0.0003031907 0.007946742 0.06521694 0.00022142043 4.238534e-06 0.014437181 0.0031673454 5.235409e-06 2.1762256e-05 3.2779084e-07 1.2862613e-05 5.198029e-07 9.765005e-05 0.00011068641 7.149765e-05 6.068832e-06 3.9671966e-05 1.19318475e-08 1.243365e-05 5.642891e-05 0.001625245 0.010580721 7.1574636e-06 1.225102e-07 7.2731416e-07 2.5654667e-06 2.1564174e-05 0.0063115447 4.9674277e-06 1.574817e-05 6.1705485e-08 0.013302545 9.495161e-05 4.014812e-06 4.870471e-08 0.0005793216 1.212521e-05 0.01733936 0.0024104493 0.0038575684 0.014633505
0.95822376 0.48596197 0.32565686 0.9532829 0.7959019 4.5233335e-14 0.7447255 0.09268096 0.006111857 0.59614986 0.095304325 0.0011966993 0.014110081 0.8470122 0.00020339446 0.72041357 0.4838998 0.00026238017 0.38403755 0.03802374 2.6568905e-06 0.81974614 0.0005211794 0.00019389848 5.180962e-06 0.07897352 0.43829748 0.13631497 0.00017580093 0.5219011 0.39144006 0.14306782 0.2399336 0.006545254 0.025502868 0.13106959 0.21033533 0.02176652 0.034236863 0.008658001 5.3416035e-05 0.0044948123 0.26215103 0.041735448 0.013847023 0.21694192 0.00096447766 8.1805765e-06 9.6512515e-08 0.11735502 0.006768284 0.012605309 0.052829765 0.12057471 0.0058621247 0.0009737841 0.00013804829 1.3083013e-05 0.0082846 0.18502417 0.0002253573 0.024753405 0.05011782 0.0007301817 7.2491857e-06 0.08050056 0.00848748 3.7460763e-06 8.750719e-06 3.003771e-08 4.821562e-06 1.166308e-07 0.001856419 0.0011873962 6.048759e-06 1.930605e-05 1.7221602e-05 9.89576e-08 0.00015826181 0.0023872019 0.0060160942 0.003194033 8.663712e-06 2.4805665e-08 1.1462486e-06 0.00033224947 3.0129263e-06 0.0011457214 9.594658e-06 9.53743e-06 1.582191e-06 0.009169959 1.8192419e-06 2.3074495e-05 5.4284493e-07 0.00011954594 0.00054736226 0.01400298 0.0010702176 0.011728649 0.08555758
0.9858737 0.70951706 0.555708 0.6956303 0.6172302 0.7447255 3.9283142e-14 0.28993994 0.15491195 0.46509406 0.75865746 0.07227154 0.063178256 0.3817577 0.025174148 0.2201413 0.44908753 0.011427389 0.34006605 0.1737706 0.0006432405 0.19778599 2.1530555e-05 0.006626991 0.0009946726 0.2606239 0.94275653 0.1392724 0.0030777014 0.46074292 0.14795329 0.055845007 0.015257888 0.048892792 0.050425462 0.33423263 0.16849928 0.0007361915 0.0084828315 0.025177551 0.00051786186 0.0016989837 0.14867054 0.00024734024 0.09204018 0.36927125 0.0063283932 0.0007704185 0.00013049511 0.09773676 0.001028319 0.00023452591 0.022304881 0.049058836 0.00046574752 0.00013844261 0.003715918 2.0858857e-05 0.022807542 0.09610068 0.003068 0.08091048 0.037152592 0.003059327 4.34767e-05 0.020925358 0.014563344 5.2698374e-06 0.00047940272 3.9931368e-07 4.469251e-06 8.345432e-06 0.000102887025 0.0008963535 0.0022551944 0.00010489067 0.001621585 1.557477e-08 0.0013113442 1.1511574e-06 1.8267952e-05 0.0004701641 0.0015144022 2.1271133e-05 4.431002e-05 7.1123777e-06 1.4590006e-05 0.00034962405 0.000105066785 1.15466755e-05 3.1714153e-05 0.014851579 4.7957533e-06 0.0001050254 3.2368707e-06 0.00022100547 0.00018531182 0.022315685 1.3615719e-05 0.009688155 0.033836097
0.9680965 0.5336865 0.9234777 0.24446851 0.19494838 0.09268096 0.28993994 8.1237206e-10 0.396658 0.23799828 0.05268513 0.5189072 0.9676029 0.004915506 0.13297407 0.0007553148 0.18380482 0.51516426 0.16206779 0.043578997 0.015006273 0.0033474916 0.44948897 0.47910088 0.042670924 0.023976633 0.007901867 0.13706018 0.13663824 0.003788328 0.0023589614 0.00043436215 0.00073950575 0.23749666 0.0019392465 0.0062024854 0.003484077 7.558414e-07 5.6694356e-05 0.0018796845 0.029401395 5.755886e-06 0.005681414 0.0043039825 0.11047392 0.0066088773 0.0051030037 0.048645973 0.021671623 0.0008120647 3.6841127e-05 0.00012369649 0.0002942147 0.0036304411 6.971649e-07 2.5436043e-06 0.0048453687 0.003913728 0.0005886685 0.0017624765 0.00070817926 0.003271947 0.025278918 4.161938e-05 0.0004045113 0.00040034152 0.0005641724 0.0009453485 0.0052333525 0.0011003172 0.000931802 0.003646514 5.955669e-06 3.072991e-05 0.0042022443 0.00023088773 0.00033422522 0.00023421635 6.536848e-05 6.8000656e-07 0.000367035 0.010049762 7.933141e-05 0.000879692 5.3242534e-06 2.1968567e-07 0.0013074344 0.013839576 0.00010442915 0.00084247754 2.9317443e-06 0.0139491325 0.0031590953 6.6001594e-05 1.8304688e-06 0.0037241878 4.9608525e-06 0.012617895 0.008693786 0.00012336274 0.00074449414
0.95865005 0.60749704 0.78746647 0.069238946 0.03365017 0.006111857 0.15491195 0.396658 6.021826e-16 0.1041047 0.9239487 0.9150145 0.1159515 0.000436802 0.9014483 4.1216375e-05 0.103806674 0.076015614 0.052208055 0.6357336 0.5456798 0.00030894275 0.23135747 0.015067492 0.52760875 0.18504426 0.041557793 0.022033205 0.0068150284 0.0001776957 0.00022898128 2.4046618e-05 9.329188e-05 0.0379982 0.029403092 0.04391869 4.5357127e-05 1.1066048e-09 1.9918545e-07 0.050907705 0.00014087955 1.4264027e-08 0.0011690252 0.00037957545 0.014487854 0.097887054 0.28249118 0.009033936 0.0013635757 7.734699e-05 1.0155484e-07 4.954068e-06 4.7892127e-06 0.00025861897 3.6314916e-09 1.4439823e-08 0.19413312 8.830381e-07 0.006846574 0.0003044113 0.029478312 0.0052074715 0.00735582 0.0026049975 0.011266141 8.282092e-06 0.00025034318 1.4452112e-06 3.103145e-05 1.8974552e-07 2.5200086e-07 0.20421246 3.498347e-08 1.181689e-07 0.007960478 0.00889423 0.01810513 2.7126269e-05 4.6548328e-07 5.7388583e-09 6.6754737e-06 0.00050192024 0.0027274857 0.0008721285 0.0056656254 8.987784e-10 0.005659847 0.0003874007 0.0069605494 0.0014348482 1.151703e-06 0.003397661 3.2703025e-05 6.068456e-06 0.0002931697 1.5805464e-05 1.3752266e-08 0.005462116 0.00015075791 5.5922405e-06 0.0003909147
0.9753438 0.40772122 0.33912346 0.86906356 0.90405804 0.59614986 0.46509406 0.23799828 0.1041047 9.430112e-11 0.022661792 0.041153606 0.1400928 0.4220335 0.01611515 0.31099558 0.80273265 0.017239384 0.8106893 0.067841366 0.0008845367 0.15093327 0.0004663553 0.017222237 0.0025657066 0.047891755 0.053563695 0.53065634 0.0014971001 0.12363484 0.11759656 0.014819194 0.011987874 0.056087654 0.016546864 0.03643867 0.051020704 0.0014470248 0.002597326 0.0065863524 0.00089930877 0.0012468549 0.11934205 0.049682613 0.19058086 0.042526472 0.0035152058 0.0013997698 0.0003508375 0.02987779 0.0002171875 0.00091487716 0.0055458914 0.010968715 0.00017918831 1.5956522e-05 0.0014610417 7.491389e-05 0.002244354 0.024479315 0.0006844041 0.0064653605 0.099412784 0.00031185828 4.1996962e-05 0.0072568674 0.0015403711 8.025078e-05 0.00036173445 8.396253e-06 0.00030021422 3.0340745e-05 0.00011317605 9.54831e-05 0.0013081535 5.849347e-05 9.956055e-05 6.254358e-08 1.0022698e-05 2.2667784e-05 0.00076249614 0.03727566 7.482771e-05 9.948629e-06 5.188915e-07 1.6810932e-06 0.00016475296 0.022709256 1.0260409e-05 0.00013898699 2.6055054e-07 0.04583846 0.00043068544 6.5462955e-06 2.0161107e-07 0.0041262372 5.7596417e-06 0.0497453 0.012658031 0.002743243 0.021434534
0.15611973 0.9191527 0.7821285 0.16584532 0.03962852 0.095304325 0.75865746 0.05268513 0.9239487 0.022661792 9.046649e-19 0.30794123 0.0047977413 0.0065055005 0.49371234 0.003517218 0.013057261 0.0066851387 0.007682295 0.9611926 0.26396552 1.8999523e-07 1.0658493e-06 0.0026286782 0.029565182 0.5210087 0.00087454217 0.0046141623 0.000835909 0.002905281 0.0009750098 7.569632e-05 1.183168e-06 0.0017060953 0.012838013 0.0047050565 0.00026965077 1.1611246e-06 2.3472248e-05 0.006654308 2.9629622e-05 3.932952e-06 0.0011565682 1.6632406e-06 0.0013715236 0.00070591393 0.0028105422 0.0001073007 9.485319e-06 0.00017831668 2.3998036e-08 4.602816e-08 0.00015275583 3.5404687e-06 2.4240846e-08 8.262333e-09 5.5279776e-05 6.26565e-05 5.997668e-07 0.00013531598 0.000110037654 7.3472515e-06 0.00077564974 1.0929857e-07 6.3120046e-05 7.764039e-05 4.155182e-06 9.720448e-06 2.6630774e-08 4.1809216e-07 4.953468e-06 3.4152308e-07 1.3851854e-08 1.9168517e-08 1.7721362e-07 3.0404312e-06 2.0652278e-06 9.841245e-09 2.3498528e-08 1.1307192e-08 2.1186747e-07 0.00019411273 5.083949e-07 1.7764298e-08 4.1511303e-06 6.649913e-11 1.3047774e-07 7.479503e-05 1.5409521e-06 1.3035406e-06 5.6557322e-08 0.00033105863 2.1091546e-06 5.8963174e-08 2.2055215e-06 2.2532603e-07 1.995919e-08 0.00058854814 9.575078e-06 6.8892376e-07 2.8171047e-05
0.9719387 0.32259303 0.6220882 0.04081055 0.009318487 0.0011966993 0.07227154 0.5189072 0.9150145 0.041153606 0.30794123 2.378209e-16 0.22500752 0.00013855542 0.92412186 1.1196055e-05 0.046962928 0.30240238 0.022033432 0.3230785 0.50127363 0.0003597597 0.883176 0.12202386 0.79858947 0.11231055 0.009851511 0.010818415 0.093637906 0.0002384874 4.3368327e-05 2.514998e-05 0.00012326677 0.08021678 0.008621903 0.01865916 0.00030021506 6.7230865e-09 1.7378136e-07 0.020274097 0.009141972 1.3444614e-08 0.00036302386 0.0005589298 0.019452848 0.08244086 0.16378793 0.2501073 0.07414828 1.6991478e-05 6.29952e-07 7.0184838e-06 3.5665498e-06 0.0019062976 1.2499819e-08 4.4183448e-08 0.20536265 0.00010806669 0.0015408759 9.067598e-05 0.018458309 0.006442188 0.0054179356 0.0003705123 0.007987664 7.820199e-06 0.00041410932 5.1246738e-05 0.002116792 1.6971882e-05 1.6595624e-05 0.38722855 4.304624e-08 2.0386187e-06 0.055857085 0.004581076 0.0056230524 0.0027367875 3.5958168e-05 5.523787e-09 8.756638e-06 0.0011637133 0.00069881347 0.014085646 0.0017825447 4.836882e-09 0.0134658795 0.0014465576 0.0032652277 0.003702026 3.3131664e-06 0.0044852844 0.0003869493 0.00033420738 1.7485314e-05 0.00020370758 3.0855127e-09 0.005968739 0.0006303727 9.86643e-07 0.00024726664
0.9855376 0.25590435 0.42265242 0.08158688 0.06002069 0.014110081 0.063178256 0.9676029 0.1159515 0.1400928 0.0047977413 0.22500752 1.4198831e-11 0.001401374 0.03883515 0.00025375863 0.13566494 0.66111296 0.17970225 0.020509906 0.0066699 0.0014165624 0.32736742 0.7401897 0.01703073 0.005210827 0.001362584 0.3014363 0.30068818 0.0024118312 0.0014193008 0.0003048843 0.00032643933 0.8371993 0.00045785384 0.0008399088 0.0009224541 6.9388824e-07 3.4029315e-05 0.00044760352 0.12653404 5.6559047e-06 0.004577449 0.005521297 0.40239248 0.0006059028 0.001585425 0.06318862 0.03641469 0.0003155825 1.1928111e-05 6.709457e-05 9.454526e-05 0.0012059668 2.5858898e-07 2.4769406e-06 0.0019333136 0.026363537 7.169258e-05 0.0006117058 0.0001532128 0.0011841083 0.0316277 8.180318e-06 0.00022107462 0.00010133992 0.00023466283 0.006052092 0.005812427 0.0062462133 0.007102232 0.002208918 3.9829915e-06 1.313031e-05 0.0022835531 7.8461555e-05 2.5709789e-05 0.00038508658 6.817764e-06 1.6669915e-06 0.0001679084 0.03612015 1.0930901e-05 0.0014636156 1.304013e-06 2.3033161e-07 0.0008379307 0.07314577 0.00016540047 0.0003029095 7.6237285e-07 0.044385232 0.0055207917 2.0768977e-05 1.409439e-06 0.009812391 3.6433019e-06 0.025739543 0.050717518 2.0925663e-05 0.0003181459
0.9713862 0.08957269 0.03495895 0.48712453 0.554944 0.8470122 0.3817577 0.004915506 0.000436802 0.4220335 0.0065055005 0.00013855542 0.001401374 6.1996038e-12 2.0496496e-05 0.9579714 0.36055103 4.719644e-05 0.3057067 0.003585033 2.7448274e-07 0.9267055 8.053141e-06 5.816999e-05 4.923564e-07 0.013178573 0.18448484 0.14407775 1.49316265e-05 0.5253132 0.5637069 0.20187195 0.4726481 0.0019118735 0.0027192072 0.03104432 0.15903059 0.16192153 0.118198246 0.00039916218 1.178449e-05 0.040516872 0.36453632 0.09757496 0.021611692 0.059517153 4.914367e-06 6.0930176e-07 2.5114637e-08 0.29405546 0.006443905 0.06220986 0.17436905 0.043899585 0.020382721 0.0013260151 1.842602e-05 5.634889e-07 0.00094741175 0.2429261 1.7104017e-05 0.007719924 0.06821252 9.30758e-06 2.980164e-07 0.12217086 0.0033741037 1.6438234e-07 1.5205324e-06 8.412157e-09 1.0860176e-06 3.8900833e-08 0.0030614736 0.001011886 2.0329022e-05 1.9832662e-07 1.1519107e-06 3.0495477e-09 5.645114e-05 0.0053454367 0.018346202 0.005742774 1.3236946e-06 1.8661336e-08 2.0788306e-08 0.0005113597 1.0725312e-06 0.0024720773 8.4335164e-07 4.113195e-07 1.7809225e-07 0.010859458 1.4320478e-05 8.7730916e-07 1.067341e-07 0.00031612648 0.0008007468 0.017390907 0.000970572 0.01978096 0.08530983
0.90024877 0.1372322 0.27695528 0.00503676 0.0018852741 0.00020339446 0.025174148 0.13297407 0.9014483 0.01611515 0.49371234 0.92412186 0.03883515 2.0496496e-05 2.8321675e-15 4.5891954e-07 0.024765447 0.09091767 0.008822019 0.30151984 0.95096266 4.7193604e-05 0.48534602 0.0125335 0.9416123 0.042800274 0.0024627415 0.0028136922 0.0083007645 1.410248e-05 2.9817904e-05 3.450909e-06 3.9342598e-05 0.01779114 0.0050607356 0.0050868285 8.428496e-06 1.5823924e-09 4.8792668e-08 0.018417522 0.0005556893 3.705639e-09 0.00014750443 4.752384e-05 0.0072057587 0.008945969 0.27540654 0.04561603 0.00800153 1.0353592e-05 3.388199e-08 5.072757e-07 1.5240951e-06 0.000116156436 3.856385e-10 5.282741e-09 0.27919835 9.878251e-06 0.0007548823 5.1527597e-05 0.02360001 0.0012215811 0.0026287683 0.00018881312 0.02226757 1.4211481e-06 8.005005e-05 1.4228697e-05 0.00014535821 1.8080254e-06 1.1762994e-06 0.44710323 4.7925632e-09 4.5821086e-08 0.023808844 0.012155296 0.01333896 0.00034761018 1.7241887e-06 1.3707662e-09 2.0092659e-07 0.00019357385 0.0015843663 0.0039472724 0.0016379044 1.8484874e-09 0.019791896 0.0001717146 0.0071148276 0.0052010887 8.435507e-08 0.0018087025 5.6358298e-05 1.0426142e-05 9.399802e-05 1.0028913e-05 1.0642059e-08 0.0024888702 4.256282e-05 5.2997217e-07 8.765841e-05
0.9829902 0.03481627 0.008504369 0.18566479 0.37813404 0.72041357 0.2201413 0.0007553148 4.1216375e-05 0.31099558 0.003517218 1.1196055e-05 0.00025375863 0.9579714 4.5891954e-07 5.448728e-13 0.26957068 1.4111953e-05 0.18020666 0.0018548459 1.4334394e-08 0.9379748 2.321761e-06 5.781131e-06 5.8462373e-08 0.0049425517 0.10390872 0.0587933 1.1389966e-06 0.5252747 0.62058765 0.2729472 0.59871966 0.00022632198 0.0010254344 0.01807999 0.14016521 0.22151113 0.1346217 9.695909e-05 2.3691042e-07 0.059080582 0.4070302 0.051738042 0.0032696181 0.029273313 6.302026e-07 1.1134375e-08 4.109942e-10 0.3484585 0.00705922 0.102538 0.1935739 0.033445816 0.059113603 0.0013267905 3.4779052e-06 7.360388e-08 0.0002861876 0.2941259 1.8543061e-06 0.004598142 0.04759117 3.3900383e-06 8.464372e-08 0.14520094 0.002827227 1.3336808e-08 5.6494574e-08 3.098893e-10 8.270268e-08 1.3281671e-08 0.008964027 0.00082376646 1.1908838e-06 1.099692e-07 1.6354716e-07 1.4065662e-09 6.104901e-05 0.012688306 0.025984442 0.0016490695 2.2136223e-07 6.951436e-10 9.879819e-09 0.0004771768 1.941339e-07 0.00053487456 7.266999e-07 2.037393e-07 8.252005e-08 0.0045263665 3.4533882e-06 5.1875895e-07 8.4273054e-08 2.1971293e-05 0.0008710155 0.009424271 0.00051638973 0.01952434 0.1567347
0.9899181 0.36799127 0.24403507 0.60025305 0.6370868 0.4838998 0.44908753 0.18380482 0.103806674 0.80273265 0.013057261 0.046962928 0.13566494 0.36055103 0.024765447 0.26957068 1.3396387e-12 0.03328713 0.9541594 0.07216698 0.0047974526 0.13568252 0.0018789719 0.025262073 0.0062187263 0.05197948 0.022791173 0.720518 0.0031068136 0.12356415 0.14875159 0.0123412935 0.02068535 0.10522558 0.009385964 0.022015147 0.03344743 0.00088969193 0.0023173934 0.0063741757 0.002315466 0.0008314344 0.14809164 0.27029854 0.27023304 0.018343423 0.004052053 0.0024740868 0.0014067034 0.03218478 0.00016292535 0.004614565 0.008603788 0.00847789 0.00016519963 1.7602935e-05 0.0022537776 0.0001354549 0.0006968134 0.04545088 0.00077145547 0.002273153 0.18544097 0.00020581418 0.00039050204 0.008980708 0.0011215628 6.216298e-05 0.000599641 7.004993e-05 0.00035468073 0.00030833113 0.00023658092 2.1434736e-05 0.001174683 5.6671062e-05 8.8928005e-05 7.0063725e-06 6.936636e-06 0.00036961414 0.0037209361 0.08426367 3.825625e-05 0.00022881017 8.430891e-06 4.019103e-06 0.00047476942 0.031472683 0.00026651382 0.00028044463 2.1233586e-06 0.09149025 0.00077307725 1.5040629e-05 6.414783e-06 0.0062168636 1.1050356e-05 0.099481784 0.020175112 0.002274348 0.041475397
0.9764767 0.107712455 0.27610818 0.041644193 0.00091881404 0.00026238017 0.011427389 0.51516426 0.076015614 0.017239384 0.0066851387 0.30240238 0.66111296 4.719644e-05 0.09091767 1.4111953e-05 0.03328713 5.7078304e-14 0.029091412 0.00966602 0.010352764 0.000173537 0.9261728 0.907516 0.13586889 0.0018861723 0.00017829731 0.037389923 0.5771719 7.9503865e-05 0.00018121408 2.5837158e-05 6.78309e-05 0.51911765 0.00022375182 0.00024412408 0.00029749548 1.852006e-07 1.1103196e-05 0.00013028807 0.4019695 1.1802841e-06 0.001381833 0.002425971 0.08545322 0.0008798716 0.0022198244 0.38787395 0.35527107 0.00013326181 4.9650366e-06 7.682442e-06 3.948283e-05 0.0003277607 2.7081836e-07 2.210863e-07 0.003359762 0.03922428 4.2863234e-05 0.00036313757 8.287847e-05 0.0011629022 0.018420022 6.0133516e-06 0.00060694374 0.00015302544 6.311986e-05 0.007870651 0.034294035 0.0031761494 0.0030834244 0.018120589 6.1159903e-07 2.7774088e-06 0.020498049 5.8974172e-05 6.8298095e-06 0.0041627185 6.8966106e-06 9.568003e-08 1.160565e-05 0.007909915 1.5030864e-07 0.007844468 2.9843193e-07 1.4995285e-07 0.0023825588 0.008212935 6.756434e-05 0.00072388817 7.6890416e-07 0.01851671 0.0012120933 3.5331122e-06 3.7135672e-07 0.0028040006 2.4728247e-06 0.0127966665 0.005578642 4.085754e-05 0.0004919143
0.98637027 0.24462831 0.1533227 0.49830684 0.6739898 0.38403755 0.34006605 0.16206779 0.052208055 0.8106893 0.007682295 0.022033432 0.17970225 0.3057067 0.008822019 0.18020666 0.9541594 0.029091412 2.0518632e-11 0.028456291 0.0016275088 0.12716837 0.0022166977 0.024906231 0.0016837583 0.021716338 0.017348474 0.84814155 0.004014394 0.09748809 0.17426401 0.009109298 0.024283621 0.145697 0.0028631508 0.008246248 0.017821154 0.0014468487 0.001904783 0.0019333393 0.0027726588 0.0007121969 0.17926218 0.4453213 0.3834472 0.0055717328 0.0010146864 0.0017462326 0.0007242165 0.03723579 6.240741e-05 0.0069176075 0.011653098 0.0045716558 0.00025392734 1.3112766e-05 0.000888025 0.0003778496 0.00017598679 0.052448545 0.00028954534 0.0014630867 0.24443312 5.0899896e-05 4.5925848e-05 0.011537134 0.00029551386 0.00010786654 0.0004282538 0.00014851463 0.00042556916 5.0523056e-05 0.00034922134 8.398735e-06 0.00044948483 4.326891e-06 4.4777855e-05 4.0462546e-06 2.3243044e-06 0.0006395063 0.0054247677 0.11579727 1.1988713e-05 6.7173896e-05 3.0310161e-06 2.468715e-06 0.0002147538 0.043137453 4.684666e-05 0.00012703336 7.072096e-07 0.10501267 0.0016039453 2.5371164e-06 2.48184e-06 0.007000796 1.3518511e-05 0.10829779 0.032302383 0.002633271 0.03092537
0.98438525 0.5129269 0.3002665 0.0055170995 0.042764064 0.03802374 0.1737706 0.043578997 0.6357336 0.067841366 0.9611926 0.3230785 0.020509906 0.003585033 0.30151984 0.0018548459 0.07216698 0.00966602 0.028456291 3.3919485e-16 0.4750868 1.7343551e-05 7.090868e-06 0.0028962737 0.1787218 0.9528413 0.0757511 0.013100874 0.0011071952 0.00015203962 0.0033738816 7.5674634e-06 4.9118084e-06 0.02467849 0.39259136 0.103791334 7.706205e-05 5.1051348e-08 4.5089772e-07 0.81448126 0.00041009064 9.120749e-08 0.0046598148 1.9127779e-06 0.036732584 0.036755864 0.62034833 0.0016162969 0.00076673087 0.0005219578 5.4648012e-08 2.1935597e-07 0.00013023875 7.540977e-05 6.0622867e-09 8.2870315e-09 0.05124408 9.0458234e-05 0.0081815915 0.0027443187 0.13736148 0.0009776732 0.013676795 0.0152957095 0.00885808 8.271999e-05 0.00056263217 2.0497026e-05 5.3342146e-06 4.3147147e-06 8.378615e-06 0.0033898253 1.7779902e-07 2.1978585e-07 0.0007866204 0.020836206 0.087156564 2.0125107e-07 3.9514848e-07 3.7396353e-09 8.154482e-08 9.9512705e-05 0.013345157 4.867437e-05 0.03836268 6.594757e-10 0.00049526274 0.00015222533 0.015000979 0.000687051 0.00022578197 0.011702924 3.968154e-05 6.4956866e-06 0.003264723 0.0001182824 1.1833181e-06 0.01772063 5.912957e-06 0.00015634688 0.0014652894
0.80259633 0.024128215 0.034856085 0.0002383362 8.282451e-05 2.6568905e-06 0.0006432405 0.015006273 0.5456798 0.0008845367 0.26396552 0.50127363 0.0066699 2.7448274e-07 0.95096266 1.4334394e-08 0.0047974526 0.010352764 0.0016275088 0.4750868 3.0868764e-14 2.6494743e-06 0.033837136 0.0011724484 0.9776301 0.042313993 0.00013122818 0.0013125165 0.0004313055 1.7133466e-07 3.03145e-06 1.9428792e-06 1.4072968e-06 0.0049684634 0.0068861907 0.0009026254 1.7650439e-07 5.066626e-11 1.3770456e-08 0.039266966 9.47414e-05 3.911845e-09 3.202865e-05 3.0595295e-06 0.0040686573 0.0011733981 0.7814618 0.03037671 0.0017872028 1.6179547e-06 1.9394099e-08 1.0010002e-07 8.429491e-08 5.002828e-06 2.364019e-11 2.145682e-09 0.8133776 9.4167735e-06 0.0005932677 2.0766205e-05 0.099117845 0.00041323705 0.0018469159 0.0005385766 0.31012094 2.409512e-07 1.6334905e-05 4.4342596e-06 2.0961836e-05 1.9937e-07 9.689123e-07 0.86361396 9.364748e-10 9.177078e-08 0.084595144 0.037183326 0.054871384 0.00018866247 7.808778e-07 1.0416271e-09 6.9936284e-08 4.3677715e-05 0.0037013022 0.01305751 0.019362928 2.9213882e-09 0.0723189 4.1464595e-05 0.055939212 0.04072094 2.3314561e-07 0.0015057996 4.107895e-05 1.2017405e-06 0.00081229355 1.6076741e-06 8.92397e-09 0.001574356 2.1710308e-05 1.4107981e-07 8.333531e-05
0.81170446 0.008725316 0.004811618 0.69830567 0.31091556 0.81974614 0.19778599 0.0033474916 0.00030894275 0.15093327 1.8999523e-07 0.0003597597 0.0014165624 0.9267055 4.7193604e-05 0.9379748 0.13568252 0.000173537 0.12716837 1.7343551e-05 2.6494743e-06 4.4961302e-20 1.5299703e-09 0.00016890882 1.2195075e-06 2.2949796e-05 3.8797803e-06 0.07157932 1.9799216e-05 0.420821 0.834649 0.30066323 0.00035059702 0.0040115286 5.7051107e-06 2.824248e-06 0.12956552 0.6394231 0.35800025 1.1357085e-07 1.8719677e-06 0.27476427 0.3621224 1.3863664e-05 0.013143535 1.0599767e-05 4.1764343e-09 6.184617e-08 8.749629e-09 0.5820513 0.0013903411 3.503308e-06 0.45234102 0.0009953165 0.16326545 0.0056022415 8.6082586e-10 2.4874142e-05 7.073796e-09 0.48571432 4.9779584e-07 4.3816017e-05 0.048143156 2.1057949e-09 2.0084334e-08 0.30345356 1.66179e-06 4.320199e-06 2.1364894e-09 2.044202e-08 7.902066e-06 5.5328395e-11 0.025339207 1.6356128e-06 2.1898556e-09 1.4129154e-08 2.040478e-08 2.6936016e-11 1.7020216e-07 0.06326288 0.006506146 0.0035386295 4.785238e-09 1.3444786e-09 2.0543989e-09 0.00072079164 1.0107087e-09 0.00081276667 3.2915928e-08 8.5951823e-10 4.9660537e-10 0.0034789955 4.831101e-07 3.6481207e-08 1.6819149e-09 7.46199e-07 0.01129241 0.007550426 9.5582445e-06 0.010751869 0.08220439
0.13322999 0.008731842 0.13903385 0.0011836935 0.0002669175 0.0005211794 2.1530555e-05 0.44948897 0.23135747 0.0004663553 1.0658493e-06 0.883176 0.32736742 8.053141e-06 0.48534602 2.321761e-06 0.0018789719 0.9261728 0.0022166977 7.090868e-06 0.033837136 1.5299703e-09 5.2899867e-18 0.8756673 0.43201506 1.5562783e-07 3.2885183e-08 0.006925632 0.9063247 5.7707507e-07 6.5036555e-05 2.662589e-07 2.7136707e-08 0.2868395 2.5456815e-08 1.161875e-09 4.5905352e-07 1.0128359e-08 6.6581194e-09 2.616783e-09 0.28576827 5.362617e-09 0.0005377649 2.2877152e-06 0.026490772 2.4183349e-08 2.5401523e-08 0.110565916 0.05157803 9.9992365e-05 7.3678836e-09 8.958215e-09 1.5099858e-05 1.2318403e-06 2.3660154e-09 1.9158857e-09 8.368489e-08 0.037789665 1.3719817e-10 0.00012383789 4.9681125e-07 5.3213956e-08 0.0015565552 1.3730027e-10 3.47459e-06 4.473304e-05 3.8978595e-08 0.0028703997 3.5235998e-06 0.00032767758 0.0041753496 2.8791273e-08 1.714817e-08 3.1013087e-08 2.614446e-07 1.2612492e-07 3.9547814e-08 7.720111e-08 2.202919e-08 1.3943119e-08 5.169238e-07 0.01383224 5.296977e-09 9.7141e-08 1.9096408e-08 5.917986e-11 1.8787128e-07 0.005657613 1.561206e-07 7.663083e-07 1.9320755e-10 0.0008489159 0.00014154766 1.9115067e-08 1.4036637e-09 0.00043713162 5.364346e-09 0.0009816317 0.0006537892 6.9951983e-07 2.7783271e-05
0.970508 0.036796696 0.1102825 0.03374621 0.0014952901 0.00019389848 0.006626991 0.47910088 0.015067492 0.017222237 0.0026286782 0.12202386 0.7401897 5.816999e-05 0.0125335 5.781131e-06 0.025262073 0.907516 0.024906231 0.0028962737 0.0011724484 0.00016890882 0.8756673 1.0851514e-13 0.020230794 0.00016586535 4.4497363e-05 0.05014769 0.9110794 0.00011104632 0.00015930727 1.556556e-05 2.6192876e-05 0.7579894 1.4855283e-05 1.2449941e-05 9.930102e-05 1.8463952e-08 4.02237e-06 5.0823132e-06 0.56966573 1.2324097e-07 0.0011855859 0.004640948 0.14671047 7.6660726e-05 7.47216e-05 0.19146004 0.14617969 9.623061e-05 1.2864361e-06 7.215774e-06 2.7314523e-05 6.0362916e-05 4.8376407e-08 5.4733654e-08 0.00031410134 0.12121226 4.0576984e-07 0.00011398073 2.4194862e-06 0.00050206826 0.02048081 1.733801e-07 0.00010603777 3.8108737e-05 1.6823804e-05 0.024463024 0.017577622 0.021896837 0.008399489 0.0006268215 5.866901e-07 3.18197e-07 0.0021801714 1.5870602e-06 1.3464947e-07 0.0015368519 4.2014423e-07 1.03861865e-07 1.3138151e-05 0.013481247 2.8389003e-08 0.0012730133 5.8641816e-09 7.1420054e-08 0.00024121092 0.038873687 8.906767e-06 0.00015239223 9.354618e-08 0.018640725 0.008040265 2.5061223e-07 3.1326934e-08 0.009136064 1.0407817e-06 0.0147165805 0.046528336 1.8460097e-06 9.508418e-05
0.93266207 0.02986032 0.063548006 0.00043802024 0.00012103785 5.180962e-06 0.0009946726 0.042670924 0.52760875 0.0025657066 0.029565182 0.79858947 0.01703073 4.923564e-07 0.9416123 5.8462373e-08 0.0062187263 0.13586889 0.0016837583 0.1787218 0.9776301 1.2195075e-06 0.43201506 0.020230794 1.8413382e-15 0.017949808 3.3518267e-05 0.0016676092 0.02195179 1.2937659e-07 6.0398766e-06 8.8316693e-07 7.0912836e-07 0.015254912 0.00237572 0.0007207195 8.845628e-07 3.6005893e-11 4.7188284e-09 0.0093871 0.0028359361 1.2264357e-09 3.4969144e-05 7.039761e-06 0.009978188 0.0005232007 0.35202804 0.5423908 0.19051424 7.79184e-07 2.5809463e-08 1.4901424e-07 4.2924405e-08 3.634673e-05 1.0031981e-11 2.5075901e-09 0.54704803 0.00063708116 3.6415637e-05 1.8686726e-05 0.03253866 0.0007735802 0.0021367793 7.0892656e-06 0.04960309 8.3357676e-08 2.5683441e-05 0.00022114863 0.0026006436 4.3960794e-05 6.457975e-05 0.8372502 3.8863565e-10 2.1363999e-07 0.26391098 0.015333888 0.0088446 0.009210275 6.343215e-07 2.894536e-10 5.38593e-08 0.00041573148 0.00046809262 0.16836952 0.0027774028 1.6590384e-09 0.08758737 0.00037245447 0.008419792 0.02432322 1.1723902e-07 0.003005736 0.00036748438 9.962965e-06 1.2218701e-05 7.472986e-05 1.5122206e-09 0.0027599365 0.00015810809 1.3379076e-08 4.0579616e-05
0.9690516 0.2788219 0.15090176 0.0026597707 0.032712456 0.07897352 0.2606239 0.023976633 0.18504426 0.047891755 0.5210087 0.11231055 0.005210827 0.013178573 0.042800274 0.0049425517 0.05197948 0.0018861723 0.021716338 0.9528413 0.042313993 2.2949796e-05 1.5562783e-07 0.00016586535 0.017949808 2.9308097e-16 0.33859304 0.0083752 2.3678553e-05 0.00074642076 0.002336627 2.406293e-05 5.0113513e-06 0.004326844 0.9395141 0.6520469 0.00034278736 8.41582e-08 4.135921e-06 0.9403922 1.7418896e-06 2.792901e-07 0.0026793624 8.5060105e-07 0.007474134 0.3274352 0.13139437 3.4683413e-05 2.3691236e-06 0.00025653103 7.0859767e-07 2.2435084e-07 5.5548924e-05 0.0002299902 3.0551735e-08 9.0360764e-08 0.0018987469 1.0646003e-07 0.1124978 0.0016946872 0.062264603 0.0040982463 0.0059965127 0.15182918 0.0015045336 7.954102e-05 0.0022529284 2.1625254e-07 1.14598556e-07 3.4238646e-08 3.4980463e-08 8.97745e-05 1.1285136e-07 1.1812253e-06 0.00012306908 0.008676439 0.09593314 1.8644994e-09 6.2103213e-06 2.8931189e-09 3.0149656e-07 8.482919e-06 0.03723745 1.965339e-06 0.045199946 1.5491098e-09 0.0001097997 2.2150078e-05 0.006511342 6.328164e-05 0.0055456087 0.004554714 4.660365e-06 1.7378386e-05 0.0053677936 2.4398582e-06 3.4609596e-07 0.008142978 1.2994409e-06 7.8364035e-05 0.0016152267
0.22190292 0.20882222 0.05542784 0.45320636 0.17468148 0.43829748 0.94275653 0.007901867 0.041557793 0.053563695 0.00087454217 0.009851511 0.001362584 0.18448484 0.0024627415 0.10390872 0.022791173 0.00017829731 0.017348474 0.0757511 0.00013122818 3.8797803e-06 3.2885183e-08 4.4497363e-05 3.3518267e-05 0.33859304 1.0950496e-18 0.0049719377 9.21609e-06 0.70461124 0.03331509 0.25699693 4.7163096e-05 0.0002503346 0.28893018 0.6590469 0.90599394 0.0017967685 0.10056638 0.0075505157 1.2874123e-07 0.020677172 0.005507264 3.0287163e-06 0.00079831516 0.73987335 2.8848938e-06 2.377567e-07 2.3661247e-08 0.00469338 0.2920704 8.4147337e-07 0.004519974 0.40941867 0.00040532745 0.01688871 5.8731843e-08 1.2647495e-05 0.01002944 0.0017627287 1.3839991e-05 0.099901244 0.00059199403 2.482781e-05 1.2305417e-06 0.0007966576 0.017688693 4.386521e-06 1.2202758e-09 7.36137e-08 3.5557566e-06 1.42720005e-08 7.928694e-05 0.0003123127 6.9352035e-09 2.5709787e-07 3.1069158e-06 9.2419217e-10 0.0011847081 1.9331937e-05 5.581321e-05 6.896114e-05 7.406294e-07 7.2923545e-10 1.7389866e-06 6.2135327e-06 2.3697275e-09 8.442478e-06 1.5319445e-07 4.357017e-09 6.007929e-06 0.00018088242 1.4035794e-07 4.425516e-05 3.4114774e-07 3.133052e-08 5.2248466e-05 0.00056396663 5.3441745e-06 1.4958791e-05 0.00012132734
0.99683636 0.120833926 0.071632914 0.16086 0.3488825 0.13631497 0.1392724 0.13706018 0.022033205 0.53065634 0.0046141623 0.010818415 0.3014363 0.14407775 0.0028136922 0.0587933 0.720518 0.037389923 0.84814155 0.013100874 0.0013125165 0.07157932 0.006925632 0.05014769 0.0016676092 0.0083752 0.0049719377 4.0537917e-11 0.015659206 0.04197328 0.112928815 0.0052292044 0.025116857 0.5106619 0.0006979281 0.0018369489 0.0043414226 0.0015353641 0.0014090724 0.0005778012 0.012575681 0.00054090604 0.13142505 0.7877324 0.6906492 0.0010583121 0.000590902 0.004296564 0.0026939195 0.025490165 1.6744907e-05 0.015182244 0.0079297265 0.0022666545 0.0006623437 6.6499115e-06 0.0006374735 0.004941729 3.5997728e-05 0.036298905 0.00047744464 0.00053360115 0.39234513 1.1677059e-05 1.4342811e-05 0.006628249 2.1553915e-05 0.0016431699 0.00094064156 0.0012732008 0.00424801 0.00020930544 0.00090109574 2.727562e-06 0.000630053 2.380209e-06 4.7193374e-05 2.3559574e-05 6.8142896e-07 0.0014292311 0.005166673 0.31277594 8.502276e-06 7.017523e-05 8.586601e-07 8.9162717e-07 5.7163983e-05 0.14525183 1.13976985e-05 0.00010139242 4.8534105e-07 0.31878433 0.0032741257 1.0412533e-06 9.734972e-07 0.00953905 7.00337e-05 0.2946404 0.10377275 0.003084217 0.06402626
0.9204579 0.0053048446 0.03943716 0.009490703 0.0002534413 0.00017580093 0.0030777014 0.13663824 0.0068150284 0.0014971001 0.000835909 0.093637906 0.30068818 1.49316265e-05 0.0083007645 1.1389966e-06 0.0031068136 0.5771719 0.004014394 0.0011071952 0.0004313055 1.9799216e-05 0.9063247 0.9110794 0.02195179 2.3678553e-05 9.21609e-06 0.015659206 6.736766e-14 0.00025817414 2.9919938e-05 1.7547296e-06 7.329267e-06 0.40296558 5.7890647e-06 6.4154256e-06 0.00010549742 9.644415e-10 4.4353484e-07 8.64776e-07 0.93490225 1.1986889e-08 0.0003901298 0.00067211746 0.07506268 0.00010316902 2.0788417e-05 0.48385432 0.4491301 2.0670062e-05 5.8191847e-07 1.3806209e-06 1.3517034e-06 0.0001794094 1.4950162e-09 2.3874266e-08 0.00026422855 0.5742143 8.6268443e-07 4.45538e-05 1.017648e-06 0.0010604899 0.008500157 1.9158357e-08 4.1560525e-05 5.326864e-06 1.0970115e-05 0.13419339 0.21425582 0.13021027 0.117655165 0.0011956892 1.7106975e-08 1.6566804e-06 0.006742671 4.6181327e-07 3.3520823e-07 0.008032942 1.1519355e-05 1.1134943e-09 1.1407262e-06 0.009597614 5.175944e-08 0.0034478847 5.5719575e-08 3.5238872e-09 0.0007641657 0.029618828 9.432174e-07 6.183847e-05 2.3637115e-08 0.012904636 0.025608806 1.660742e-05 1.83432e-08 0.02202254 1.2304601e-07 0.007819 0.016397644 2.2317545e-07 1.0290787e-05
0.9835703 0.018716631 0.0077048647 0.105870314 0.17379211 0.5219011 0.46074292 0.003788328 0.0001776957 0.12363484 0.002905281 0.0002384874 0.0024118312 0.5253132 1.410248e-05 0.5252747 0.12356415 7.9503865e-05 0.09748809 0.00015203962 1.7133466e-07 0.420821 5.7707507e-07 0.00011104632 1.2937659e-07 0.00074642076 0.70461124 0.04197328 0.00025817414 1.8902972e-15 0.34360716 0.9512641 0.2562732 0.0059444653 0.000671648 0.019846968 0.92985475 0.37156522 0.6479551 1.8797704e-05 6.237308e-05 0.57146376 0.19134955 0.0018733377 0.01394515 0.21630651 6.3505777e-06 3.2456342e-06 2.0010204e-07 0.27955645 0.53586864 0.0038105599 0.24511303 0.49919635 0.1874947 0.3566344 1.7484947e-05 1.269003e-06 0.0015247784 0.23898499 1.4346436e-05 0.07788346 0.03935211 0.00010644253 5.604689e-07 0.21006995 0.045948405 6.64858e-06 1.6174896e-05 4.345552e-07 6.4590495e-06 7.934347e-08 0.019224934 0.114782035 1.354551e-05 1.1082874e-05 6.157839e-06 3.8747862e-07 0.01009707 0.0009601779 0.0015661924 0.0010325696 4.1606323e-05 1.9049143e-07 1.322074e-07 0.039837983 1.4004963e-05 0.0002367764 2.3732573e-06 3.2855028e-06 1.1350534e-05 0.008396089 3.0957597e-06 0.002225034 3.7289763e-07 0.00017925992 0.0060634436 0.011252434 9.387224e-05 0.055094376 0.08317361
0.9889202 0.019821983 0.0050204573 0.11581169 0.14124253 0.39144006 0.14795329 0.0023589614 0.00022898128 0.11759656 0.0009750098 4.3368327e-05 0.0014193008 0.5637069 2.9817904e-05 0.62058765 0.14875159 0.00018121408 0.17426401 0.0033738816 3.03145e-06 0.834649 6.5036555e-05 0.00015930727 6.0398766e-06 0.002336627 0.03331509 0.112928815 2.9919938e-05 0.34360716 3.4030235e-12 0.20849258 0.6383229 0.0022185766 0.0005776632 0.00587827 0.10406526 0.37714815 0.12962972 0.00019966427 2.7072847e-05 0.07653984 0.8920188 0.4445541 0.024307167 0.008128806 6.200725e-05 2.6999674e-05 7.8441195e-07 0.7161617 0.008534626 0.4117729 0.3116719 0.02649232 0.13881658 0.0036984936 0.00023150617 7.1733994e-06 0.00014182927 0.52323765 0.00019930245 0.004517175 0.12594621 2.264145e-05 3.6988652e-06 0.26865116 0.00096038455 5.3643853e-06 0.00010178567 2.728081e-07 7.116781e-06 7.0829026e-07 0.01320474 0.0007339976 0.00016257844 8.172279e-06 3.8473467e-05 4.89785e-08 0.0002192003 0.030149212 0.037464757 0.035736557 9.069674e-05 2.8773431e-06 1.4655192e-06 0.0022091202 7.6952e-06 0.0084604435 9.4161136e-05 9.067041e-06 1.4470068e-06 0.04297074 1.6927139e-05 8.0669124e-05 1.5767828e-05 0.0005804074 0.0015788382 0.08820726 0.006160583 0.025701879 0.33499587
