4.290831e-18 0.9837728 0.97750294 0.1455877 0.9930283 0.9541592 0.95702654 0.15439577 0.98350775 0.9699541 0.3045463 0.41083926 0.995423 0.9964333 0.9905743 0.30041948 0.25255862 0.98051196 0.9681035 0.9624514 0.9593406 0.9984251 0.9703492 0.9953249 0.35859638 0.96561104 0.950663 0.9704086 0.2836713 0.9885911 0.98042524 0.9939472 0.9558529 0.9869974 0.9952042 0.98311716 0.3060798 0.37788555 0.09444855 0.9939628 0.9825911 0.12230869 0.97752756 0.9594058 0.9343413 0.50387615 0.037782457 0.9666468 0.9995014 0.8772839 0.9964887 0.9704341 0.9913125 0.0015336556 0.998541 0.8946951 0.9799384 0.031063007 0.78026855 0.5133953 0.97793776 0.9805721 0.8115992 0.15996109 0.05879081 0.10699017 0.034517244 0.004331786 0.002315551 0.9988231 0.99999475 0.88246286 0.9978068 0.9999741 0.9996001 0.9801611 0.97202533 0.0002802617 0.069611736 0.5689914 0.98507905 0.00021711251 0.1566491 0.7841616 0.24797179 0.14746164 0.09429385 0.92989016 0.99998075 0.8053355 0.9823672 0.99755037 0.003506907 0.019371232 0.4921124 0.013461116 0.016159173 0.018445913 0.9964882 8.605e-06 1.7180771e-05
0.9837728 1.26031515e-14 0.6232842 0.39159536 0.8282206 0.31186688 0.35258463 0.9584997 0.6645048 0.26212984 0.33774334 0.17931949 0.40530726 0.56455195 0.47605923 0.07761058 0.010872707 0.00895354 0.17870323 0.0013136956 0.09482866 0.3659499 0.079972446 0.035667267 0.07581703 0.00087683875 0.00444288 0.001029597 0.00073912996 0.00019214256 0.007713551 0.031784464 2.1075068e-05 0.06644486 0.05443458 4.9563128e-06 0.0030231685 0.0017281019 0.003238951 0.017295424 0.0006854816 0.0009686358 0.20945007 0.00016487918 0.0060742004 0.009372319 0.00026518357 0.00010936891 0.11703555 0.00090752513 0.0023336976 0.015913025 0.04924745 9.600905e-05 0.00021684082 0.0027643351 0.0006528705 0.002023445 5.5384946e-05 0.020142205 4.636504e-05 0.108435646 0.0004088974 0.00016534874 6.363415e-05 0.006871562 0.00015935925 0.00021872418 0.00010508392 0.051146448 0.010749018 5.339009e-06 0.050470114 0.050725408 0.002763319 2.7389908e-07 7.3234645e-05 8.0501695e-06 1.2467537e-07 4.1363208e-07 0.010309541 1.6343476e-05 8.385998e-05 0.000610802 1.1135932e-05 7.6622215e-05 6.985109e-08 0.00019442657 0.0017759567 5.8488695e-08 3.69956e-08 0.02904813 3.0684707e-06 0.00012943934 1.8862637e-07 4.8564083e-08 6.788785e-07 1.6338635e-08 0.0004452468 2.5014517e-09 7.90477e-08
0.97750294 0.6232842 3.3661558e-16 0.9135602 0.6751979 0.76593626 0.7138893 0.13602991 0.5385985 0.7363873 0.018379085 0.9023196 0.5602162 0.40253374 0.23888998 0.81739914 0.2772152 0.34286553 0.0045231865 0.13372421 0.38608152 0.25491774 0.0053900336 0.2765666 0.04146918 0.06701396 7.150017e-05 0.37374482 0.0010098513 0.021469226 0.00022144579 0.106601804 0.012194012 0.022453157 0.17594968 0.0011720811 0.033281203 0.06563961 0.014226405 0.0050076493 7.202949e-05 0.023289125 0.08971748 8.491053e-06 0.00063647697 0.0015396553 0.046835072 1.8491073e-06 0.12819307 0.033127893 0.020012558 0.0050360565 0.014309946 5.051034e-05 9.2199094e-05 0.0008528637 0.0033985 0.00091705483 0.00030469915 0.029406998 0.0008198845 0.0379353 3.5947778e-05 1.5120867e-05 0.007522668 0.008238651 0.00069942785 0.001730089 0.0004774665 0.015002009 0.023880102 0.0020157485 0.024719134 0.011367424 0.0008896207 3.8638456e-05 0.0008874412 2.7108272e-05 1.3673938e-05 0.00047408234 0.004412375 2.4017627e-05 6.3104244e-06 4.171897e-05 0.0014233915 0.00014602486 1.7476328e-05 2.301957e-05 0.001888659 3.006206e-05 3.341731e-05 0.010400828 0.00045401513 0.0010985119 2.967542e-06 9.82662e-06 1.9111796e-05 2.9647317e-05 0.0010395434 5.774725e-07 9.635104e-06
0.1455877 0.39159536 0.9135602 4.1713912e-22 0.24252565 0.93652153 0.8891647 0.295743 0.6892028 0.15617709 0.004890488 0.7235381 0.06185257 0.041899987 0.058119114 0.91803014 0.04030733 0.03967578 0.0053044907 0.20340644 0.3314675 0.031126883 0.0027825115 0.018273557 0.014683258 0.009605406 0.00034594338 0.0030541322 1.342429e-05 0.0019159573 0.0002038224 0.0039782617 0.00073453994 0.0018593762 0.006544177 0.0002172625 0.00049472624 0.00019578503 0.0019922063 0.00036320687 7.321013e-05 8.6040534e-05 0.007898386 3.271469e-05 3.206982e-05 1.7077896e-06 0.0015195315 1.3705708e-06 0.0056339763 3.5541595e-06 0.00012386234 0.0005345189 0.0012758616 8.739452e-06 1.6175669e-05 6.5344227e-07 0.0001392724 8.747306e-06 5.513051e-07 1.3589526e-07 3.426153e-05 0.00644657 1.5251223e-05 2.6361088e-06 1.7396693e-05 1.7534207e-07 4.24857e-08 3.9572587e-05 6.1628857e-06 0.0020521434 0.0005648389 1.0854202e-06 0.0022134993 0.0027769497 0.00014483847 3.745021e-07 6.6723996e-06 8.695029e-07 1.9105798e-07 6.900518e-08 0.00026841438 1.6394594e-06 3.5459628e-08 2.9712548e-06 1.12756474e-07 2.4470762e-07 4.235186e-09 5.32661e-06 5.80515e-05 2.1047759e-08 9.645787e-08 0.0007360669 8.3881766e-08 7.785875e-07 1.4041893e-08 5.931674e-10 2.4704563e-09 3.1038653e-08 1.1995336e-05 3.8875e-09 8.618173e-08
0.9930283 0.8282206 0.6751979 0.24252565 6.6338974e-12 0.31847626 0.2563834 0.8110466 0.48989493 0.50134426 0.83901936 0.26267865 0.75082153 0.8921899 0.6082629 0.048231483 0.04010561 0.11481074 0.1322063 0.014580381 0.051395398 0.40319696 0.092811175 0.15182002 0.036090955 0.007876865 0.0052384953 0.026088398 0.017468346 0.0014356783 0.0052398746 0.11657594 0.00021770487 0.020696485 0.15352012 3.8682847e-05 0.00182803 0.0040512593 0.0012501883 0.11788797 0.000745832 0.002163427 0.19665591 0.00024616622 0.0105820075 0.008690947 0.0019136502 0.0001518828 0.2433186 0.004423901 0.012206915 0.0061550625 0.014341944 4.170256e-06 0.0032796506 0.0028149616 0.0038625859 0.0016419049 0.0021410456 0.008624622 0.0004862526 0.07097821 0.0010979305 0.00058864325 0.00057989615 0.0012368239 4.0733783e-05 0.00018256763 6.925271e-05 0.02572691 0.027727066 0.00015849186 0.051624104 0.041637145 0.0012907755 6.447147e-06 0.0005035845 4.4157147e-07 6.1051774e-06 5.2871666e-05 0.008383687 3.8854155e-06 6.48126e-05 0.0009699294 2.341796e-05 4.3350832e-05 1.7689629e-06 0.00037770928 0.005438632 5.0986176e-07 3.023833e-06 0.023127614 5.1498832e-06 0.00038943544 1.8054813e-07 2.3428852e-06 2.9501223e-05 2.5958596e-07 0.0012354129 1.02805995e-08 1.14521974e-07
0.9541592 0.31186688 0.76593626 0.93652153 0.31847626 1.4504175e-14 0.9503547 0.33090684 0.7690247 0.065058954 0.013665322 0.3304481 0.08737874 0.12230096 0.09106684 0.72430354 0.019519273 0.02013639 0.0052377684 0.13099971 0.7606135 0.12019997 0.003355444 0.02575948 0.08132486 0.0054243384 0.00013093492 0.08144454 0.00021375505 0.0006828137 0.00041952613 0.007460287 0.00036527106 0.061806634 0.018886063 1.236936e-05 0.061361436 0.009039965 0.06299675 0.000440294 9.859216e-05 0.014418763 0.02228352 8.779574e-06 0.00068640854 0.0012846182 0.021494208 3.5292494e-06 0.015567349 0.006783599 0.0007337897 0.0017236588 0.003817862 0.0016096617 5.3695006e-05 0.0042273668 8.251309e-05 0.020025732 2.9919938e-05 0.06239515 3.1369495e-05 0.010119155 0.00032476688 4.844962e-05 0.0013497109 0.013827452 0.0026215469 0.00283025 0.0006960765 0.0032957462 0.0010830949 0.0007414841 0.0050425706 0.0046294923 0.00044697282 1.511672e-06 8.009667e-06 8.770281e-05 7.2189273e-06 8.828381e-06 0.001327298 8.813663e-05 0.00022047202 0.00023223924 3.915645e-05 0.0003105814 4.6421474e-06 8.3376966e-05 5.6755653e-05 4.112324e-07 2.1464946e-07 0.007202396 0.00013573436 0.0012019693 2.8903946e-07 3.7257862e-06 2.1598336e-05 4.4008493e-07 2.2291233e-05 2.5278263e-07 6.8149043e-06
0.95702654 0.35258463 0.7138893 0.8891647 0.2563834 0.9503547 1.4204554e-14 0.45786154 0.9333537 0.034794405 0.024907466 0.15847936 0.038947362 0.086765 0.0957929 0.54603934 0.01619948 0.012724665 0.015837295 0.09639907 0.70369935 0.13410446 0.0048679854 0.00913113 0.13402303 0.0021541761 0.0025790583 0.044251557 0.00015534188 0.00041209083 0.0024633473 0.00395899 9.60107e-05 0.21298759 0.008684592 2.0723244e-06 0.03952019 0.008814761 0.055133097 0.00047882588 0.00088470505 0.009294695 0.023453357 0.0004038044 0.0083008325 0.0042208447 0.005206436 8.167102e-05 0.013102623 0.0020289598 0.00017655516 0.0025105374 0.007242629 0.0012238323 7.1988965e-05 0.016850106 2.644432e-05 0.023272747 1.7121969e-05 0.09925801 1.4186261e-05 0.011864256 0.0012453843 0.00020349378 0.00043575227 0.01908942 0.0034270992 0.00090647716 0.00052140903 0.007636125 0.0006563002 0.00023978368 0.006647579 0.006505138 0.001554142 1.1367806e-06 7.836482e-06 5.1958283e-05 2.4043673e-06 1.4796152e-05 0.0031470442 0.00013016649 0.0008419727 0.0009869969 2.5001998e-05 0.0011251571 8.866506e-07 0.00028547857 2.7063608e-05 1.4701239e-07 4.6226287e-08 0.016437028 5.2960135e-05 0.0014074118 1.11831426e-07 6.4456134e-07 2.7986428e-06 2.0926593e-06 3.387387e-05 8.891421e-08 1.8267317e-06
0.15439577 0.9584997 0.13602991 0.295743 0.8110466 0.33090684 0.45786154 4.0994947e-19 0.88699245 0.08833659 0.44224036 0.029643774 0.14486031 0.3491893 0.6249384 0.002693022 0.0011115217 0.007995831 0.7621 0.0010011764 0.0004303381 0.41368112 0.44237083 0.011499615 0.71982235 0.001408926 0.19338618 1.818235e-05 2.4928681e-06 0.0015814957 0.10070927 0.010902303 0.00028162627 0.033403777 0.0112575125 0.00014589095 9.74682e-08 4.084947e-07 1.1798896e-05 0.023674082 0.07512352 2.4152985e-07 0.110638484 0.0039016162 0.004133622 0.009775138 1.8891451e-06 0.001004067 0.012612025 2.0840274e-08 0.002961163 0.03687548 0.06004382 2.3583267e-07 0.00010211605 1.7582768e-05 0.001467548 1.4615873e-06 3.4477496e-05 1.8292612e-06 0.00019129638 0.06555667 0.0073297983 0.00013357558 2.2933585e-07 1.5449008e-07 3.4632595e-08 9.2396704e-07 1.2547617e-06 0.030053267 0.0011488056 2.2325612e-07 0.019728107 0.022625184 0.010506138 7.265509e-07 0.00012759941 1.1755361e-07 2.53749e-07 8.144052e-08 0.0083765 2.469173e-07 2.3316763e-05 0.0008683875 3.723216e-09 4.657268e-06 3.259058e-08 0.00054120016 0.00016206047 9.357285e-10 8.291226e-08 0.017359521 1.1272587e-08 7.351465e-06 5.314629e-08 3.2541597e-10 5.2660987e-10 1.2494384e-08 4.4671604e-05 9.317606e-10 1.9874062e-08
0.98350775 0.6645048 0.5385985 0.6892028 0.48989493 0.7690247 0.9333537 0.88699245 8.529184e-15 0.022148175 0.12843068 0.11112916 0.039992027 0.16536137 0.30418915 0.20511813 0.0073021865 0.0021429423 0.21754079 0.006520433 0.63062835 0.31509873 0.021115035 0.0053799087 0.6747514 0.0002517769 0.056717873 0.0030021602 0.00044259537 6.2956584e-05 0.01982407 0.0038853756 1.5017153e-05 0.58212507 0.00917764 4.0716728e-07 0.027332313 0.0054036085 0.07595416 0.0019517024 0.011572009 0.002543624 0.13783504 0.0030750039 0.055633992 0.043971337 0.00091295916 0.0012230232 0.03606691 0.00027402022 0.00041975183 0.051861707 0.08489844 0.0013831039 0.00039671076 0.059406243 7.773204e-05 0.08808371 1.4917208e-05 0.20485856 1.2837834e-05 0.06822621 0.004345544 0.001571261 0.00024538732 0.053956207 0.006201637 0.00017924931 0.0004918596 0.063727096 0.001514837 1.812211e-05 0.041580983 0.042056095 0.021940554 4.7797516e-07 2.952848e-06 6.904696e-05 2.261552e-06 2.4307587e-06 0.035157785 0.00016520373 0.0063396236 0.006302567 1.9768656e-06 0.0033620954 4.795032e-07 0.0036172208 0.00014193982 1.2789148e-07 2.2968857e-08 0.07884263 5.949132e-05 0.002353629 1.4026428e-07 9.299682e-08 1.3616309e-06 3.4255905e-07 0.00039107527 6.0969036e-08 7.5797885e-07
0.9699541 0.26212984 0.7363873 0.15617709 0.50134426 0.065058954 0.034794405 0.08833659 0.022148175 3.4513723e-14 0.06828315 0.87261766 0.9417387 0.37998882 0.11022042 0.047343306 0.89317113 0.7861396 0.00074183854 0.015559357 0.0009538772 0.03258183 0.015419225 0.6332465 0.016569681 0.07219112 6.6307206e-05 0.17494562 0.18473239 0.055653684 7.6104785e-05 0.24023122 0.014130066 0.005638378 0.1662813 0.007381487 0.00017058886 0.007628675 3.7238697e-05 0.025890458 2.2054677e-05 0.0010950423 0.028443484 6.160688e-06 0.0005670039 0.00032740866 0.009306107 9.978563e-07 0.12100707 0.022914173 0.033094533 0.0003978271 0.0007835926 3.0406065e-07 0.00065808836 2.3354307e-05 0.0074606217 1.1090856e-05 0.0058310204 0.0005407565 0.003183107 0.011341847 0.00011762613 6.493646e-05 0.022270927 3.0005831e-05 3.240253e-06 6.420956e-05 3.0327037e-05 0.0014622986 0.053601168 0.007821897 0.007276819 0.009872258 0.00011456201 0.00012095523 0.003347316 1.6331089e-07 0.00095609034 0.001984639 0.0016893904 3.4894748e-07 3.030194e-07 8.801824e-06 0.00015493043 5.1533666e-06 0.000101108824 2.3651311e-05 0.00811233 6.077607e-06 2.4882946e-05 0.0039459816 9.299452e-06 0.00018247137 4.284274e-06 8.926776e-06 3.152346e-05 8.5211854e-05 0.00328642 9.546911e-08 6.3314536e-07
0.3045463 0.33774334 0.018379085 0.004890488 0.83901936 0.013665322 0.024907466 0.44224036 0.12843068 0.06828315 5.0733576e-18 0.0041680336 0.31469846 0.75837433 0.9611598 0.00014371242 0.00038844117 0.0035588015 0.20042405 6.6371096e-05 2.8298652e-07 0.85390675 0.75785255 0.018346526 0.05256471 0.001314724 0.017810162 1.3518955e-06 1.2090978e-06 0.0016283401 0.050655343 0.032983065 0.00022839442 0.00056116394 0.046403397 0.00041352367 1.79153e-07 3.1285123e-07 1.6534194e-06 0.11411871 0.027370354 3.700716e-07 0.32533255 0.00073974096 0.00025044655 0.000671453 9.471497e-08 7.675159e-05 0.05148194 7.8783655e-09 0.019173741 0.04128804 0.08229408 9.993515e-09 0.00017395639 3.9474266e-06 0.009737047 3.560249e-08 0.00054240745 2.4964137e-07 0.0013900773 0.13340525 0.0013818474 4.2862826e-05 3.6397317e-08 8.5799414e-08 3.5702588e-08 2.430818e-07 3.8869777e-07 0.034113355 0.004537258 1.2104401e-07 0.03143213 0.066117615 0.009264201 1.4614892e-05 0.0009110874 8.446954e-08 2.5464962e-07 2.7678158e-08 0.006426129 3.116816e-08 2.1548888e-06 0.00014488696 6.6590333e-09 4.7333688e-07 1.6951104e-08 9.8193654e-05 0.001069283 6.561061e-09 6.429252e-07 0.011205701 3.4157093e-09 3.812931e-07 1.3402236e-07 1.7147638e-09 1.3112389e-09 8.352411e-09 0.00056642265 4.0354636e-10 6.5030403e-09
0.41083926 0.17931949 0.9023196 0.7235381 0.26267865 0.3304481 0.15847936 0.029643774 0.11112916 0.87261766 0.0041680336 6.865702e-19 0.6887196 0.09180177 0.06915154 0.82318264 0.97621375 0.72960407 0.0022177019 0.42722747 0.0067155804 0.03553194 0.0061446116 0.10084594 0.005827654 0.27197576 0.00047287083 0.30756786 0.008677845 0.047707796 0.0008542655 0.071857795 0.033494383 0.0019606897 0.04191524 0.011838786 0.0004332666 0.0036989416 0.0009307881 0.008512622 0.0004099753 0.001306638 0.02394285 3.074935e-05 0.000102513564 1.926554e-06 0.032751866 2.988066e-06 0.025333915 0.00760532 0.01326988 0.0012201752 0.0027718896 1.0709164e-06 9.134586e-05 8.642277e-07 0.007377712 5.255669e-06 0.0003062592 6.601787e-06 0.0016548086 0.013210553 2.481796e-05 3.7224797e-06 0.008728407 1.3144776e-06 1.7089813e-07 0.00011222357 8.174641e-06 0.0035946288 0.009830689 0.0023523858 0.0055865003 0.008751655 0.0002385297 0.00023035108 0.000689241 1.5493559e-06 0.00019878516 0.0002639077 0.0009454049 2.2962856e-06 3.2371656e-07 1.8155198e-07 3.0773583e-05 3.5691864e-06 5.3766976e-06 5.6385206e-06 0.0011116113 3.8307194e-06 0.00010130446 0.0019819695 3.635184e-06 2.9076715e-05 3.8711687e-06 9.5096243e-07 3.2347475e-06 6.240309e-06 0.00044538954 2.8223107e-07 4.2481615e-06
0.995423 0.40530726 0.5602162 0.06185257 0.75082153 0.08737874 0.038947362 0.14486031 0.039992027 0.9417387 0.31469846 0.6887196 6.131839e-13 0.8345863 0.2755185 0.012671044 0.42781872 0.44960016 0.0026564235 0.014959812 0.0013421717 0.084964156 0.050860256 0.7275636 0.014892022 0.05178573 0.00057809585 0.084309556 0.42424873 0.03809341 0.0002737632 0.41964388 0.01235715 0.0034244708 0.32441837 0.004539859 0.00010509393 0.0028862206 3.4461227e-05 0.24266633 0.00021969796 0.00044843197 0.06675776 7.70187e-05 0.0014555297 0.00077539904 0.0054664887 1.2451509e-05 0.29054177 0.015760424 0.096645355 0.0018481581 0.002024125 2.4974452e-07 0.004555531 0.00017454883 0.02409059 0.000112397734 0.03191713 0.0001889302 0.005651705 0.028382309 0.00058776 0.0004578246 0.018510476 0.00016160813 4.959703e-06 4.578355e-05 0.00010447855 0.0028392742 0.10480684 0.0035309587 0.017556455 0.021472901 0.00027257082 0.0001747447 0.0040425793 2.567591e-08 0.00079955294 0.0014996043 0.0027491595 4.8363427e-07 1.4484972e-05 0.00021210739 0.0001613991 1.4486837e-05 0.00033005583 0.00017587756 0.0142176105 1.3424342e-05 8.617406e-05 0.009546462 1.5071888e-05 0.0005440147 1.6521585e-06 7.327691e-05 0.00017083256 8.757051e-05 0.0065489192 1.3196932e-07 1.5384816e-07
0.9964333 0.56455195 0.40253374 0.041899987 0.8921899 0.12230096 0.086765 0.3491893 0.16536137 0.37998882 0.75837433 0.09180177 0.8345863 4.149912e-13 0.8131011 0.014606526 0.037111618 0.10165894 0.03396787 0.00900315 0.005605438 0.5286598 0.24617794 0.33523986 0.021835135 0.018186757 0.0032791533 0.030733917 0.10046444 0.0045517613 0.0047790776 0.22978443 0.00081880344 0.014147392 0.2500865 0.00043030916 0.0003112925 0.0010109653 4.7558802e-05 0.38448536 0.0014191417 0.00030418235 0.20166187 0.00037012508 0.004721778 0.0023483064 0.0006987225 9.5808544e-05 0.44583368 0.003999077 0.06589728 0.0063596303 0.006710123 2.784335e-07 0.018007012 0.001142867 0.018355543 0.00016444952 0.012278977 0.0028356076 0.0020032467 0.08861532 0.0008996403 0.0017308143 0.0012363881 0.00012702464 3.586756e-06 8.1597955e-06 5.6511417e-05 0.008356958 0.17237113 0.00044540543 0.058306526 0.0708966 0.0010485642 3.999963e-05 0.0016724502 9.243429e-08 2.4142553e-05 0.00013901987 0.0062644705 2.3298971e-06 2.8874963e-05 0.0010458868 3.8537215e-05 3.7042333e-05 1.1654374e-05 0.00052310765 0.019356173 8.728257e-06 7.8799596e-05 0.019927675 1.449784e-05 0.0005998309 5.1550643e-07 5.2717023e-06 5.005579e-05 1.4568914e-05 0.0062646316 3.182882e-08 1.9710723e-07
0.9905743 0.47605923 0.23888998 0.058119114 0.6082629 0.09106684 0.0957929 0.6249384 0.30418915 0.11022042 0.9611598 0.06915154 0.2755185 0.8131011 1.2799713e-15 0.04536678 0.011662759 0.0049408455 0.34619248 0.0028605564 0.022571377 0.3316249 0.85419846 0.031540047 0.06594995 0.00032656384 0.085063346 0.0024082088 0.025877608 9.906067e-05 0.06947248 0.03410589 6.514198e-06 0.041261587 0.038057942 5.3520034e-06 0.00017492694 4.9142378e-05 4.557992e-05 0.13930938 0.009962609 1.9165731e-05 0.3835392 0.0025157551 0.025141716 0.020841278 0.00022264029 0.0027176894 0.21830828 5.5583212e-05 0.00354491 0.02029092 0.04137731 8.3531916e-07 0.042088713 0.00411615 0.0006190513 0.0012621952 0.003616555 0.0023365894 4.7181402e-05 0.16973197 0.0035960774 0.010409204 3.152761e-05 0.00013805 2.047322e-06 8.7979215e-06 3.8981425e-06 0.04323093 0.021285253 2.8927566e-06 0.08363369 0.12700748 0.001701375 5.910536e-07 0.00032511147 8.349676e-08 1.2876738e-07 1.5829494e-07 0.021319907 3.845648e-07 0.00012915167 0.009178297 1.0691524e-07 2.64667e-05 1.8361239e-07 0.0003812839 0.007411229 3.3164604e-08 2.9807921e-07 0.045119986 1.0044562e-07 3.4484317e-06 3.6239978e-09 3.1698807e-08 1.2997934e-07 1.6683868e-09 0.0028542767 5.9833644e-10 5.8557315e-09
0.30041948 0.07761058 0.81739914 0.91803014 0.048231483 0.72430354 0.54603934 0.002693022 0.20511813 0.047343306 0.00014371242 0.82318264 0.012671044 0.014606526 0.04536678 1.1779266e-18 0.19189489 0.06640286 0.0004196029 0.9742987 0.6385004 0.017186837 0.00023507698 0.010377673 0.002680624 0.038718633 9.560092e-05 0.08894294 3.040827e-05 0.0036584109 7.945945e-05 0.0049805823 0.0021221605 0.002841555 0.007878439 8.4518346e-05 0.24748155 0.110444926 0.043844067 0.00019302763 0.00023493981 0.07673599 0.010872811 1.1353111e-05 7.862604e-05 1.1036238e-06 0.42911848 1.2612691e-06 0.023590649 0.018680776 0.00038516073 0.00025746776 0.0002712349 0.001193709 2.6466535e-06 2.1092019e-05 4.8975257e-05 7.293828e-05 1.8674075e-07 4.395002e-05 6.5784356e-05 0.009248691 1.6619056e-06 4.6005363e-07 0.013046022 0.00034921753 5.0169292e-05 0.007960865 0.002659682 0.0014498848 0.0037326128 0.00010148974 0.0026067693 0.0065283165 0.00013337586 1.3946111e-06 2.5656675e-06 0.0006999393 1.8958004e-05 2.404999e-05 0.000611854 0.00036012425 3.657945e-06 7.46625e-08 0.0007655231 6.121149e-05 5.0207103e-07 4.3667405e-06 6.2129075e-05 1.7308668e-07 1.8189262e-06 0.0015887003 0.00085590786 9.118693e-05 4.838594e-07 2.3500456e-06 4.5493285e-05 6.6785014e-07 2.4614379e-05 7.5236176e-06 0.00013823141
0.25255862 0.010872707 0.2772152 0.04030733 0.04010561 0.019519273 0.01619948 0.0011115217 0.0073021865 0.89317113 0.00038844117 0.97621375 0.42781872 0.037111618 0.011662759 0.19189489 1.7014457e-16 0.91722685 4.794937e-05 0.044981442 3.4466484e-05 0.004393232 0.0003846984 0.30434105 0.00039012762 0.74511296 3.6932415e-05 0.35843322 0.00147809 0.25315037 7.508029e-06 0.047409896 0.106530026 5.1713432e-05 0.034183472 0.041621607 2.0487241e-06 5.9685335e-05 3.3370795e-06 0.004884163 5.7871434e-06 9.694008e-06 0.0042967317 1.8272962e-06 4.931729e-06 1.9069921e-07 0.002599622 9.293618e-08 0.008375752 0.0008818268 0.014117828 3.3703436e-05 0.00019477103 4.4093788e-08 3.796553e-05 3.402104e-07 0.011425777 6.702221e-08 0.0010536928 4.3064907e-07 0.0053386306 0.0027077885 6.57767e-07 1.9587516e-07 0.0008466683 1.14108246e-07 3.060218e-08 9.246382e-06 7.4119926e-06 0.0004793197 0.003799088 0.00080350833 0.0015020176 0.0012373265 3.5568504e-05 0.0008502917 0.0016883772 1.3759549e-06 0.00016324573 4.2600994e-05 6.812868e-05 7.1132595e-06 1.9387443e-08 1.1247166e-07 3.3033011e-06 9.496438e-07 4.8475013e-06 1.8974353e-07 0.0014521037 4.510317e-06 6.0282146e-05 0.00029236 1.2563806e-06 0.000102892125 4.572052e-06 3.0421148e-07 7.1864565e-06 2.549946e-06 0.0017700109 1.5744656e-07 2.2022132e-06
0.98051196 0.00895354 0.34286553 0.03967578 0.11481074 0.02013639 0.012724665 0.007995831 0.0021429423 0.7861396 0.0035588015 0.72960407 0.44960016 0.10165894 0.0049408455 0.06640286 0.91722685 1.2225364e-15 5.0767067e-05 0.003846731 0.00094392017 0.0014421368 0.002137512 0.8573753 0.0022338373 0.60490245 3.193984e-06 0.642153 0.2287408 0.49835885 2.4514852e-06 0.3529364 0.26573414 0.00065812725 0.32423937 0.17382644 0.00015308002 0.01032361 0.00014072059 0.023549981 4.465476e-06 0.0018441677 0.013822746 6.2262643e-07 3.0511103e-05 3.2848686e-05 0.02634127 1.2902829e-08 0.13137774 0.09114221 0.090681374 0.00014897568 0.00011772634 4.912267e-08 0.000299007 1.5174273e-05 0.031800523 4.53546e-06 0.005595679 0.0001347324 0.029036378 0.0031615694 1.7589326e-05 1.0983346e-05 0.074645385 7.2439125e-06 2.586483e-06 0.00021671058 3.2124306e-05 0.0006954176 0.10489563 0.076242596 0.0035885016 0.0028129958 2.9720724e-05 0.0019498894 0.009503592 2.5988294e-07 0.0059777396 0.033541106 0.0009299036 1.0037571e-07 1.5408514e-07 2.8035472e-06 0.0058911275 2.8345314e-06 0.00621631 3.1171105e-06 0.023626188 0.00014876867 0.00021115315 0.0022753554 0.00041084128 0.000282974 0.000120349774 0.0020719205 0.0024120472 0.0019522787 0.0070915315 1.5252671e-06 3.6898002e-06
0.9681035 0.17870323 0.0045231865 0.0053044907 0.1322063 0.0052377684 0.015837295 0.7621 0.21754079 0.00074183854 0.20042405 0.0022177019 0.0026564235 0.03396787 0.34619248 0.0004196029 4.794937e-05 5.0767067e-05 1.2013365e-09 4.314591e-06 0.00022493348 0.34853408 0.53144974 0.00078967924 0.8365372 2.5773995e-06 0.88937974 6.602804e-07 4.1560757e-05 1.6605463e-06 0.95202965 0.0007900303 5.9680264e-07 0.18911552 0.002296205 2.7598549e-07 7.533907e-06 1.3609351e-06 0.00011663987 0.004816112 0.4596509 6.309278e-07 0.2205986 0.12561403 0.14374034 0.19948518 2.2053185e-07 0.055232815 0.020195698 1.1687029e-07 0.00030425488 0.37634218 0.36235565 1.300587e-07 0.00036120514 0.065140195 0.00012739064 0.010092835 3.469355e-06 0.0179817 2.527777e-06 0.15020299 0.07488423 0.04316876 2.0394441e-07 0.0015679662 3.274194e-05 3.1659715e-06 1.0659689e-05 0.20676418 0.00027569733 2.7526602e-07 0.10397487 0.060140338 0.12839617 7.6300665e-08 4.3184273e-06 2.770293e-08 6.7710005e-08 1.2159549e-08 0.15148519 6.4133854e-07 0.008828509 0.04843754 1.6061968e-08 0.0010117827 1.3569233e-07 0.020109566 0.00010410916 8.275096e-08 4.2765294e-08 0.22317371 1.1490087e-06 0.00011679637 1.8738601e-07 8.7679215e-09 2.0954919e-07 4.5778412e-10 0.00019424534 1.6318197e-09 3.6769978e-09
0.9624514 0.0013136956 0.13372421 0.20340644 0.014580381 0.13099971 0.09639907 0.0010011764 0.006520433 0.015559357 6.6371096e-05 0.42722747 0.014959812 0.00900315 0.0028605564 0.9742987 0.044981442 0.003846731 4.314591e-06 6.880995e-17 0.6564023 0.0013876476 0.0002686966 0.0039921645 0.0003897459 0.021826895 2.3016254e-07 0.38362673 0.00010830028 0.0014353135 1.950834e-07 0.0030052399 0.003026978 1.36872195e-05 0.006281466 6.178466e-05 0.8249112 0.8409809 0.038805947 0.00022096121 2.596157e-07 0.7063525 0.0013923633 4.816392e-08 1.0085708e-06 7.1876016e-06 0.87506783 5.4990097e-09 0.010865041 0.18275584 0.00019410478 4.7648577e-06 1.7172302e-05 0.0024870692 7.688972e-06 3.607564e-07 7.206886e-05 0.00016252822 5.943311e-06 4.1937947e-06 1.4888015e-05 0.00093314436 3.6268855e-05 4.6606513e-07 0.08207848 0.0001402768 0.00015917167 0.27355492 0.060717177 0.00020689201 0.0010873452 0.00034987606 0.0010697508 0.0005598412 2.3804405e-06 2.761167e-06 1.840463e-05 0.01742552 0.00018031147 0.0002417429 0.00015444214 0.0012113196 6.073728e-07 7.810183e-06 0.052808996 2.3935903e-05 4.370551e-05 1.137324e-06 8.816387e-05 1.8394111e-06 2.1492723e-07 0.00018968429 0.014522208 5.3209566e-05 1.2528008e-06 2.6446942e-05 0.00058201177 1.9944038e-05 0.00018751428 0.00035994174 0.0042868
0.9593406 0.09482866 0.38608152 0.3314675 0.051395398 0.7606135 0.70369935 0.0004303381 0.63062835 0.0009538772 2.8298652e-07 0.0067155804 0.0013421717 0.005605438 0.022571377 0.6385004 3.4466484e-05 0.00094392017 0.00022493348 0.6564023 2.7989995e-16 0.05996569 1.727629e-06 0.0007584453 0.008526243 0.0015919224 5.613692e-05 0.026700243 9.422877e-09 2.649175e-05 0.0001237281 0.00014528239 7.933542e-05 0.03690707 0.0011255225 5.0673485e-08 0.9550459 0.1359939 0.9068778 1.4458577e-06 8.95198e-05 0.19291434 0.014511596 7.2425587e-06 0.0002525021 9.922584e-05 0.0041001774 5.035532e-07 0.008005807 0.026311742 1.6426808e-05 0.00055378315 0.0038798233 0.23004152 9.998401e-08 0.00021222715 8.060083e-07 0.014796768 5.2968763e-09 0.021577347 4.712492e-07 0.0124917235 6.091388e-06 3.3484444e-08 0.0001863205 0.07953664 0.13087481 0.027817236 0.026158473 0.009784526 0.001073049 4.554071e-06 0.007064214 0.0052195634 0.0009605453 5.6617307e-07 2.0407242e-07 0.025424225 4.1293546e-08 1.3919324e-06 0.0015981812 0.012600154 0.00029553162 7.4672116e-06 0.00025214886 0.0003004886 1.3768125e-07 4.3148568e-05 5.0719158e-05 2.2426429e-08 8.3313125e-09 0.0037603048 0.00075899664 0.0061882646 1.4828402e-07 1.07903716e-07 6.2116305e-06 1.0691814e-06 3.0073155e-05 7.4735667e-06 0.00022654982
0.9984251 0.3659499 0.25491774 0.031126883 0.40319696 0.12019997 0.13410446 0.41368112 0.31509873 0.03258183 0.85390675 0.03553194 0.084964156 0.5286598 0.3316249 0.017186837 0.004393232 0.0014421368 0.34853408 0.0013876476 0.05996569 9.733604e-17 0.9575169 0.010058784 0.051319126 8.285627e-05 0.036938343 0.0039377753 0.0183186 1.4335084e-05 0.04700724 0.018791243 2.6570299e-06 0.037654433 0.0254331 1.0652569e-06 0.00029362045 4.6714027e-05 8.142554e-06 0.19307469 0.0068952832 3.992893e-05 0.48335746 0.0027923177 0.024832984 0.017345661 1.1977182e-05 0.0034555728 0.25728732 0.00032705316 0.0027093734 0.034537952 0.036118943 3.550814e-07 0.0957082 0.0031895537 0.0008159602 0.0010482589 0.0030727012 0.004095236 2.5950627e-05 0.28390908 0.0029008568 0.009843287 8.27336e-06 0.00085131574 1.9910003e-05 1.45104395e-05 3.639425e-05 0.03721095 0.019938065 3.4226548e-07 0.20190081 0.2571573 0.0011911208 9.370471e-07 4.596112e-05 3.8085807e-07 9.3502294e-08 1.9761805e-07 0.018009769 6.473881e-06 0.00017365388 0.0034112923 9.896582e-06 5.4675624e-05 1.0644724e-07 0.00099761 0.004240542 9.961657e-09 2.9116504e-07 0.04116767 5.262522e-07 0.00013339748 3.25026e-09 1.2467603e-08 5.2968767e-07 2.3032952e-08 0.00063825573 6.5535946e-09 2.1572544e-07
0.9703492 0.079972446 0.0053900336 0.0027825115 0.092811175 0.003355444 0.0048679854 0.44237083 0.021115035 0.015419225 0.75785255 0.0061446116 0.050860256 0.24617794 0.85419846 0.00023507698 0.0003846984 0.002137512 0.53144974 0.0002686966 1.727629e-06 0.9575169 1.5652854e-12 0.030916363 0.15566882 0.00039507519 0.16279854 1.4523718e-05 0.005583174 0.0010041407 0.4929566 0.051002864 9.118928e-05 0.0038345961 0.087923616 0.00013782374 1.9737207e-07 1.1931234e-06 5.0715767e-07 0.16232535 0.2618507 8.9931564e-07 0.6840417 0.01103038 0.017085776 0.028413113 6.940616e-07 0.0043066186 0.26849222 4.7280503e-07 0.025909653 0.31656206 0.4549737 1.8796598e-10 0.20737647 0.00023839004 0.014222295 0.00015385073 0.0032384659 3.7015387e-05 0.0007489256 0.48130542 0.018628618 0.05570458 7.062923e-07 3.9196184e-06 2.1535892e-07 9.230546e-09 3.4586483e-06 0.3600683 0.013627262 3.812024e-06 0.355926 0.36164662 0.08376659 7.1509207e-06 0.00034060504 4.7804574e-09 2.1235986e-07 3.349292e-07 0.121321715 2.1178028e-08 0.00066429493 0.01128384 5.265188e-09 1.421828e-05 7.201193e-08 0.0004462432 0.0019908985 6.231007e-08 6.8312306e-06 0.21556602 1.2013892e-07 4.262552e-06 5.979275e-08 2.2441405e-08 2.2424592e-08 3.22879e-08 0.0005075385 6.1123044e-09 1.7192342e-07
0.9953249 0.035667267 0.2765666 0.018273557 0.15182002 0.02575948 0.00913113 0.011499615 0.0053799087 0.6332465 0.018346526 0.10084594 0.7275636 0.33523986 0.031540047 0.010377673 0.30434105 0.8573753 0.00078967924 0.0039921645 0.0007584453 0.010058784 0.030916363 2.7252005e-12 0.0075508114 0.31638885 0.0002449597 0.27248275 0.87212354 0.44603127 0.00019554452 0.74686265 0.19053268 0.0047953785 0.67097765 0.2268922 2.33693e-05 0.0019057296 3.07597e-05 0.43989858 6.834694e-05 7.02436e-05 0.071056105 3.184976e-05 0.0012996392 0.0005444953 0.003403148 2.2031647e-06 0.38038903 0.02729174 0.40315557 0.0008870406 0.0011232975 7.428721e-08 0.011809269 0.00044839198 0.12278129 2.4622418e-06 0.16429223 2.5290708e-05 0.08101451 0.027724607 0.0006123753 0.0008329836 0.02891622 3.687906e-05 4.3890905e-06 6.412181e-05 1.2944706e-05 0.0015325896 0.25245056 0.023225924 0.0117521575 0.013709633 0.00015302295 0.01117528 0.022696072 1.3439101e-08 0.007332427 0.009029126 0.0027397908 6.2194107e-07 1.8690931e-05 0.00032134555 0.0007972246 2.4162937e-05 0.0055591613 0.00020420688 0.030346088 0.00022109252 0.0004829043 0.00643993 5.762947e-05 0.0007031042 5.9783204e-05 0.0023363177 0.001527388 0.0002824232 0.020447036 1.9199226e-07 2.3967448e-07
0.35859638 0.07581703 0.04146918 0.014683258 0.036090955 0.08132486 0.13402303 0.71982235 0.6747514 0.016569681 0.05256471 0.005827654 0.014892022 0.021835135 0.06594995 0.002680624 0.00039012762 0.0022338373 0.8365372 0.0003897459 0.008526243 0.051319126 0.15566882 0.0075508114 1.0220661e-18 0.00077135477 0.9886521 7.59539e-05 1.3781026e-05 0.00095953577 0.47097674 0.0036347166 0.0003493261 0.7492388 0.005088238 0.00019923573 2.0955229e-06 1.289492e-06 0.004296443 0.021820076 0.24079366 6.5271917e-07 0.09126128 0.25005233 0.27525705 0.46893618 8.081684e-06 0.04422466 0.01306372 5.9106622e-08 0.0023631158 0.10559282 0.13573201 1.3803031e-05 0.001083071 0.037216067 0.0005746905 0.00081707287 7.665499e-06 0.0035016767 0.00012013521 0.078843296 0.22282405 0.017156826 8.359368e-07 0.00011499012 9.728706e-07 1.2056079e-06 1.9613694e-06 0.07730974 0.0009135341 3.2595462e-06 0.025581256 0.025249748 0.038669083 1.4322151e-06 0.0001790349 5.7051517e-07 1.3416827e-07 1.9008205e-07 0.020648282 2.0978423e-06 0.004013276 0.014242812 4.4727724e-08 0.00033414873 4.2484807e-08 0.010903073 0.00030544394 5.3149414e-09 1.1247423e-07 0.046698764 2.5108926e-07 2.0101035e-05 3.9319073e-07 8.230575e-09 9.174886e-09 3.5130707e-08 0.00035274262 2.1946516e-09 9.815118e-08
0.96561104 0.00087683875 0.06701396 0.009605406 0.007876865 0.0054243384 0.0021541761 0.001408926 0.0002517769 0.07219112 0.001314724 0.27197576 0.05178573 0.018186757 0.00032656384 0.038718633 0.74511296 0.60490245 2.5773995e-06 0.021826895 0.0015919224 8.285627e-05 0.00039507519 0.31638885 0.00077135477 5.42152e-15 1.0731057e-07 0.8244559 0.14587301 0.7912327 2.3764427e-07 0.1720444 0.92773265 0.00035855558 0.14700134 0.3166399 0.0005300483 0.014310336 0.0011866044 0.004806261 4.7238632e-07 0.005877399 0.0045993524 7.2942406e-08 5.671953e-06 9.938718e-06 0.18636031 2.9287415e-09 0.056465108 0.45317268 0.060645137 1.3106615e-05 1.563972e-05 2.1143333e-07 0.00038526766 9.4219395e-06 0.032039672 1.3786329e-06 0.003714166 0.001141126 0.051384415 0.0013544987 1.154987e-05 1.4158343e-06 0.6726679 0.00019379662 1.4370426e-05 0.00031169265 0.00021393168 0.00015538247 0.061172206 0.662048 0.00095717097 0.0014006172 5.8722717e-06 0.05237573 0.010123542 8.342023e-07 0.07156976 0.2795573 0.0002730425 4.7338053e-06 3.7905197e-06 1.1035576e-06 0.045009032 0.00017222414 0.14537048 1.8636385e-06 0.009389612 0.00030611467 0.00029429776 0.00010105918 0.0021331257 0.0033719018 0.001124476 0.084047556 0.020592278 0.047411695 0.005153411 2.6025777e-05 6.3263295e-05
0.950663 0.00444288 7.150017e-05 0.00034594338 0.0052384953 0.00013093492 0.0025790583 0.19338618 0.056717873 6.6307206e-05 0.017810162 0.00047287083 0.00057809585 0.0032791533 0.085063346 9.560092e-05 3.6932415e-05 3.193984e-06 0.88937974 2.3016254e-07 5.613692e-05 0.036938343 0.16279854 0.0002449597 0.9886521 1.0731057e-07 4.3560443e-13 2.7110207e-07 1.4418665e-05 2.9901565e-07 0.83906883 0.0007370644 2.549666e-08 0.41444224 0.0013916491 5.505131e-08 4.148392e-06 3.8199812e-07 2.8180077e-05 0.003531285 0.39676094 1.3668323e-06 0.13609204 0.33478415 0.32116792 0.5515947 3.0020274e-06 0.121228784 0.010214298 2.6035082e-07 0.000111972244 0.4325943 0.28056827 2.7620794e-07 0.0002824442 0.12089834 5.091956e-05 0.02201657 7.8053387e-07 0.028527278 1.1520525e-06 0.10257743 0.21542235 0.036894426 1.6624018e-06 0.0008634797 8.820293e-06 6.393999e-06 4.95386e-06 0.20817186 0.00027383474 1.8181017e-07 0.077321924 0.034245025 0.17382886 9.161617e-08 1.3846539e-05 9.042972e-08 3.112585e-07 8.628696e-09 0.11146421 8.34628e-07 0.01367581 0.077731855 8.049198e-09 0.00074041577 1.3494397e-07 0.06115488 0.00021919799 1.7465962e-07 4.0649414e-07 0.27305385 2.5970373e-06 5.8448193e-05 9.442726e-08 3.8343927e-08 5.9151173e-08 2.2427444e-09 0.000661237 1.9619109e-09 8.152363e-09
0.9704086 0.001029597 0.37374482 0.0030541322 0.026088398 0.08144454 0.044251557 1.818235e-05 0.0030021602 0.17494562 1.3518955e-06 0.30756786 0.084309556 0.030733917 0.0024082088 0.08894294 0.35843322 0.642153 6.602804e-07 0.38362673 0.026700243 0.0039377753 1.4523718e-05 0.27248275 7.59539e-05 0.8244559 2.7110207e-07 8.472624e-16 0.0026819997 0.21482229 2.125716e-07 0.17965445 0.35938907 0.0009058748 0.2380665 0.06593574 0.09043278 0.33109552 0.0068325303 0.0037941837 1.0635617e-06 0.12257584 0.009299669 1.6143227e-07 5.9008744e-06 1.5443152e-06 0.9385215 6.4504153e-09 0.14251092 0.8273885 0.06074849 5.1878737e-06 4.1892876e-05 5.0622508e-05 2.0176465e-06 3.6540663e-05 0.011938827 6.9939745e-08 0.00036620637 0.0013195877 0.012931893 0.002581994 3.4493e-06 1.0264508e-09 0.86193335 0.00066114275 0.00010423403 0.021948297 0.004455582 0.00013653279 0.09998832 0.32168546 0.0019362925 0.0027442873 1.8233908e-05 0.008721942 0.002613104 0.00087569846 0.014843975 0.13389607 4.9848943e-05 0.00016223337 7.6338483e-07 2.5950191e-08 0.2654096 7.518457e-05 0.035350982 7.282477e-07 0.0026831494 6.45385e-05 2.4194043e-05 9.994088e-05 0.032418404 0.0028949147 0.0019451969 0.030025078 0.03519316 0.033708233 0.00127922 0.002314742 0.003839223
0.2836713 0.00073912996 0.0010098513 1.342429e-05 0.017468346 0.00021375505 0.00015534188 2.4928681e-06 0.00044259537 0.18473239 1.2090978e-06 0.008677845 0.42424873 0.10046444 0.025877608 3.040827e-05 0.00147809 0.2287408 4.1560757e-05 0.00010830028 9.422877e-09 0.0183186 0.005583174 0.87212354 1.3781026e-05 0.14587301 1.4418665e-05 0.0026819997 5.875479e-20 0.5262354 1.4441606e-05 0.92921245 0.1264586 7.084656e-06 0.8662565 0.48515183 4.0843355e-09 8.679308e-08 1.5191798e-08 0.5901965 0.00023700386 4.83837e-08 0.022590071 1.8025102e-07 2.0650535e-07 6.404874e-08 1.1404226e-08 4.4937463e-09 0.12395605 8.4738264e-07 0.8667102 0.00040461274 0.00089389115 1.4758255e-11 1.3163806e-06 3.9261092e-08 0.8619857 1.4264549e-11 0.5367976 2.138381e-09 0.71631896 0.006840495 1.3801847e-05 5.922927e-09 1.0943292e-07 1.1613986e-09 8.595215e-10 6.142249e-08 1.16250796e-07 0.0006215862 0.30704865 4.170568e-05 0.0025357828 0.0068400544 0.00014609018 0.018098043 0.5359936 1.9684075e-08 2.1194652e-05 5.6904064e-06 0.00015284983 7.4973516e-10 4.5303303e-09 2.0706668e-08 2.1231052e-08 4.0927657e-09 3.1618588e-06 1.2040508e-06 0.21050642 4.273536e-05 0.0002391066 0.00017359808 1.6553086e-09 6.7275376e-09 1.0298033e-05 7.87553e-08 6.69287e-08 4.5548262e-08 0.01991074 1.9657492e-10 3.3665015e-09
0.9885911 0.00019214256 0.021469226 0.0019159573 0.0014356783 0.0006828137 0.00041209083 0.0015814957 6.2956584e-05 0.055653684 0.0016283401 0.047707796 0.03809341 0.0045517613 9.906067e-05 0.0036584109 0.25315037 0.49835885 1.6605463e-06 0.0014353135 2.649175e-05 1.4335084e-05 0.0010041407 0.44603127 0.00095953577 0.7912327 2.9901565e-07 0.21482229 0.5262354 1.01741234e-13 3.3385152e-08 0.24648073 0.9275589 0.00014411854 0.21881583 0.9144841 8.825561e-06 0.0010338532 5.2319923e-05 0.02033312 4.866759e-07 0.00016487588 0.0033523093 4.3360444e-08 6.8200598e-06 8.411255e-06 0.01228126 3.6809131e-09 0.040305823 0.041002955 0.09627271 5.175969e-06 3.8008218e-06 5.255007e-08 0.0014605207 0.00024178624 0.08387304 5.3567345e-07 0.035288423 0.0006031844 0.17695618 0.00050753803 9.471416e-06 1.294136e-05 0.24155608 0.00011832063 2.92757e-06 2.6676365e-05 2.5488918e-05 1.6978262e-05 0.04264313 0.43124077 0.00037112058 0.0005069754 4.359781e-07 0.15680549 0.026323715 5.1828298e-08 0.08034662 0.12832408 3.2818876e-05 1.0139444e-06 3.0345407e-05 5.2718156e-07 0.011178766 0.00038914583 0.10941097 1.7797335e-06 0.023932766 0.00016416951 0.00046110016 9.297386e-06 0.0003954916 0.0036625846 0.0014927156 0.031065542 0.008730263 0.012247412 0.0036210706 1.5903645e-06 1.9655356e-06
0.98042524 0.007713551 0.00022144579 0.0002038224 0.0052398746 0.00041952613 0.0024633473 0.10070927 0.01982407 7.6104785e-05 0.050655343 0.0008542655 0.0002737632 0.0047790776 0.06947248 7.945945e-05 7.508029e-06 2.4514852e-06 0.95202965 1.950834e-07 0.0001237281 0.04700724 0.4929566 0.00019554452 0.47097674 2.3764427e-07 0.83906883 2.125716e-07 1.4441606e-05 3.3385152e-08 8.852505e-11 0.0005304986 3.835885e-08 0.06070525 0.0023218158 6.955804e-09 5.6335836e-07 3.252941e-08 1.2682407e-06 0.008059092 0.9581016 3.932194e-08 0.19362527 0.39441922 0.13563964 0.24189034 1.0993537e-08 0.2646787 0.011834981 8.514731e-08 0.00011664833 0.7270387 0.64435905 1.6831095e-08 0.001618962 0.029932126 9.9890654e-05 0.0030336294 7.2577914e-06 0.0047759223 3.527421e-07 0.14816168 0.23319834 0.36173663 2.0347379e-08 0.0004905756 5.411859e-06 3.106157e-08 6.1101133e-07 0.33095774 7.532848e-05 2.2424377e-08 0.12298133 0.05057403 0.35076055 5.4582596e-08 7.2064523e-07 5.029703e-10 8.7620045e-09 7.649275e-11 0.113413714 3.5924042e-08 0.00621478 0.11981609 5.888851e-09 0.00061184325 1.041815e-07 0.032755606 9.3611736e-05 1.0613436e-08 1.2239967e-08 0.16687718 1.8783822e-08 3.5717523e-05 2.0625537e-09 1.9222556e-08 6.603862e-07 1.1493879e-10 9.210726e-07 1.557457e-11 1.3827792e-10
