7.0959433e-13 0.96475965 0.9871452 0.997563 0.9825086 0.9201628 0.9985286 0.9791482 0.99494106 0.933306 0.99492323 0.9953213 0.9987867 0.99466723 0.991765 0.97416925 0.95515925 0.99996036 0.9877958 0.99714774 0.9579023 0.97589517 0.98124516 0.9436112 0.9951044 0.9919596 0.9977598 0.7789771 0.97908705 0.99388474 0.9536439 0.8981267 0.97847307 0.99083334 0.9682547 0.9967796 0.8419234 0.99637437 0.9558908 0.9858768 0.9226676 0.9234846 0.9188618 0.8008491 0.999592 0.97983223 0.92419744 0.99917287 0.98862714 0.8742406 0.98778385 0.9731834 0.96788657 0.9485843 0.9799608 0.7478192 0.6209332 0.97368455 0.95440847 0.91190183 0.8831709 0.8897101 0.9409814 0.88101137 0.63410634 0.10369999 0.9703244 0.18915202 0.9825133 0.985069 0.923823 0.71039164 0.09512691 0.95599896 0.1896963 0.9769421 0.052726705 0.9716134 0.93629473 0.0055415006 0.9496759 0.02064933 0.51781327 0.30439785 0.7345448 0.9197845 0.9635634 0.0013868213 0.5078602 0.6657936 0.0010803182 0.45611644 0.7292941 0.753386 0.761288 0.0059821275 0.8824105 0.37870783 0.13849615 0.03518309 0.9473015
0.96475965 6.513631e-12 0.9015695 0.6707768 0.52887994 0.98843205 0.93476063 0.885525 0.9680943 0.29946086 0.09504779 0.2156436 0.016850315 0.08228341 0.08346908 0.20038667 0.33393487 0.8264737 0.038896974 0.012948442 0.16530748 0.07414987 0.053201273 0.17764112 0.018141858 0.058598112 0.013030367 0.08727868 0.0011842682 0.038511455 0.02021816 0.018639676 0.039648682 0.00041395138 0.0021347995 0.003801857 0.004597118 0.0002312566 0.006438291 0.037809134 0.0057670265 0.0022696797 0.0035866143 0.0016520555 0.0010935845 0.0050826943 0.0005788828 0.0072781593 0.00078219606 0.0018172532 0.0014494549 0.00067622575 0.00025852254 0.0032455355 3.9607625e-05 0.0059242495 7.983361e-05 0.00083976466 0.0009813487 0.00030809097 0.0010985422 3.493986e-06 0.0017880092 0.00076081057 0.0021907196 2.0656405e-05 0.001341409 0.00011860262 0.00023884904 0.0008300523 4.1154433e-07 1.7006904e-06 4.6930727e-05 3.61309e-05 7.308617e-05 0.00060389464 3.2812488e-05 6.185063e-05 0.00031674874 4.4577516e-07 6.275469e-07 6.13974e-07 0.00013417334 9.790802e-06 7.3192523e-09 0.0006094811 3.243751e-05 9.171159e-09 1.4643113e-07 3.6896682e-07 2.7976205e-10 8.5088184e-05 6.7905137e-07 0.0002443682 3.6843992e-06 3.2418088e-09 4.024459e-07 3.2450643e-08 6.619042e-06 4.194938e-10 2.8495087e-06
0.9871452 0.9015695 3.8303267e-09 0.12177977 0.85461557 0.7711746 0.8676367 0.9705261 0.80778795 0.8498838 0.21472628 0.021629328 0.09532845 0.012875343 0.048049543 0.03062509 0.90442693 0.41421923 0.005940354 0.5680892 0.5744972 0.0535361 0.19151537 0.40272215 0.005760947 0.7262173 0.005642867 0.42948332 0.015766565 0.01004181 0.008711688 0.03273015 0.41213036 0.00065480167 0.000836383 0.0022732147 0.08659054 0.002613621 0.021676084 0.0027419694 0.009713527 0.0022571804 0.052370246 0.015798496 0.0011936527 0.0016946968 0.24648714 0.0028932795 0.0038452013 0.00107737 0.00073464675 0.00030611583 0.00013350222 0.0014261702 0.00036063977 0.043034337 0.0025764573 0.002988405 0.0075990087 0.0005291152 0.0058602076 4.594983e-06 0.024738135 0.019988272 0.0062558525 0.0012979789 0.0015157228 0.009568598 0.00082204613 0.0077927625 6.484487e-07 3.1519025e-06 0.0002819302 2.2806018e-05 0.0017172516 0.0035359624 0.0018812328 0.0005099097 0.0018471809 0.00013147044 4.2933272e-07 0.0004708735 0.00091673475 4.1615134e-05 1.7033175e-07 0.0031622301 0.00011385862 4.248532e-05 2.4091962e-06 7.557549e-07 1.9812474e-05 0.00018059782 5.1819407e-06 0.00012796318 2.8097262e-05 1.9494568e-08 9.860993e-07 4.1046485e-07 2.4226967e-05 9.762034e-09 7.23931e-05
0.997563 0.6707768 0.12177977 1.2976543e-09 0.009601281 0.85042 0.6083679 0.29874316 0.42284566 0.0024285077 0.0031487166 0.17423134 0.0028260804 0.10391529 0.56813663 0.088697694 0.66097116 0.09223753 0.007409353 0.013741327 0.76005745 0.6118579 0.0010113481 0.9370847 0.0040385104 0.028441302 0.00620997 0.5161212 0.0003754236 0.00013671181 0.04236686 0.83673334 0.0012145186 0.00051411707 0.0008163225 8.576356e-05 0.0066955327 3.0108396e-05 0.000106469124 0.0064715296 0.04391242 0.01990345 0.89972794 0.0004414656 2.36223e-05 0.007959852 0.685463 0.0009122116 1.0366446e-05 0.00054384454 3.922365e-05 0.0006926859 5.7733825e-05 2.1006763e-05 0.0005222133 0.6358459 4.4440243e-05 0.001656611 0.43253863 0.0032898549 0.031050967 1.5313835e-05 0.00015490428 0.8201922 0.09588784 0.044888273 1.8987099e-05 0.0028229582 1.4179929e-05 0.00011058544 1.225607e-05 1.2649286e-06 0.0078062955 2.4618992e-06 6.8153044e-05 0.00029835157 0.0034854512 2.4596638e-05 7.336467e-05 9.080293e-05 6.2146256e-07 0.004434061 0.0007494723 0.0023260596 1.3751774e-07 0.00068629393 3.5577677e-06 1.856326e-05 3.3743397e-06 0.00014800111 1.8650207e-05 0.00029969786 1.5627627e-07 3.9210972e-05 8.607628e-06 5.67737e-08 2.6096595e-06 4.065213e-05 5.977288e-07 9.450005e-08 1.5669266e-05
0.9825086 0.52887994 0.85461557 0.009601281 4.4623337e-12 0.17501253 0.7290777 0.66489255 0.83698905 0.9918443 0.9207566 0.005931178 0.23583026 0.002212501 0.0036629564 0.022718739 0.4201221 0.79862267 0.0029824758 0.15727039 0.03557368 0.0045039286 0.41573766 0.021818502 0.005665996 0.4359964 0.007838172 0.07382945 0.064207144 0.09232055 0.0019466983 0.0042942637 0.49429584 0.0003043547 0.000791702 0.009450755 0.027751673 0.0021236984 0.06823909 0.019411687 0.0015535254 0.00055730715 0.0021794525 0.03471917 0.0012660685 0.0009643865 0.0051433602 0.011540837 0.013550504 0.0003793811 0.0021601997 0.0005474408 0.00047656533 0.0044949707 7.5251e-05 0.0007815384 0.007372922 0.0012776593 0.0006356398 0.00019589096 0.00017322104 8.161633e-06 0.022854643 0.0009030482 1.6182488e-05 1.2226359e-05 0.0026893849 0.0031391717 0.0010027942 0.010586458 5.1078985e-07 2.0547154e-06 1.1612842e-06 0.00016914819 0.0015507397 0.0060468246 6.427248e-05 0.00092381734 0.003997883 2.252459e-05 2.4329481e-06 1.2791644e-06 4.8354665e-05 2.0112012e-08 3.867187e-08 0.0071052397 0.00014022063 6.373786e-08 3.687985e-08 2.3739767e-08 3.5666037e-08 3.3563654e-05 4.1405974e-06 0.00083549926 4.802314e-05 1.1206768e-09 2.2377571e-06 5.133605e-09 2.3623717e-05 3.8743367e-10 7.781755e-05
0.9201628 0.98843205 0.7711746 0.85042 0.17501253 3.538915e-12 0.84172416 0.9346761 0.94454795 0.16592872 0.0124694295 0.82279617 0.0031011272 0.60967463 0.30400836 0.8209001 0.44976974 0.79827666 0.040094636 0.0019115888 0.19845198 0.21146989 0.0153314825 0.36316004 0.019524528 0.010326722 0.013404507 0.14907318 4.3045486e-05 0.0044650696 0.106471546 0.04912806 0.0034183317 0.0011358337 0.006657784 0.001150765 0.0005697681 2.5161426e-05 0.0010689644 0.037989557 0.011780104 0.04627963 0.0014173569 0.00040375377 8.252057e-05 0.0062630605 0.0002220271 0.0019476035 6.498893e-05 0.002451358 0.00019085851 0.0008998596 0.00024532885 0.00067691196 1.4733072e-05 0.0012407273 3.1397997e-06 0.00085287105 0.00089165237 0.00029789069 0.00085687404 1.3485335e-06 0.00016156342 0.00034555673 0.00063358695 1.2495409e-06 0.00010744109 6.641166e-06 4.3358734e-05 3.7479258e-05 1.5383729e-07 3.3100998e-06 6.036381e-06 7.865277e-06 1.3209154e-06 0.000117202646 1.5548756e-06 3.957985e-06 1.938257e-05 3.0338663e-07 1.7222346e-08 4.5928735e-07 5.316163e-05 1.8644278e-06 4.874821e-08 8.434072e-05 5.843897e-06 5.9328964e-10 1.9267605e-07 1.6334609e-07 4.0219533e-11 3.4165896e-05 2.3590587e-08 1.8580997e-06 1.7574082e-07 1.389898e-09 1.2866312e-08 1.9144256e-08 2.180446e-06 3.2975324e-11 4.3315723e-08
0.9985286 0.93476063 0.8676367 0.6083679 0.7290777 0.84172416 5.0604982e-09 0.8865539 0.5891335 0.4173968 0.27877474 0.22753234 0.10175901 0.22634894 0.25976154 0.2296346 0.8266799 0.4389003 0.13918051 0.5420499 0.5476556 0.1908023 0.23694593 0.49398413 0.014382218 0.5289252 0.0068574282 0.3577777 0.0815398 0.0660134 0.06372463 0.1626895 0.2819643 0.0068887663 0.010050442 0.01940618 0.098812364 0.03053801 0.05022707 0.007331959 0.057246596 0.03557548 0.26835674 0.0287045 0.004190121 0.04090994 0.4018873 0.008363795 0.035099063 0.00588111 0.015536877 0.019318337 0.0024135762 0.013469206 0.020659423 0.21644205 0.005030944 0.04187882 0.18983573 0.02141699 0.025399733 0.00040623333 0.08785713 0.20065641 0.01562193 0.0072530312 0.003975457 0.004927204 0.009344482 0.049150046 0.0017543192 0.0009824138 0.00085189805 0.0017794654 0.0011650524 0.017733911 0.0041271327 0.0038955915 0.0041025905 0.00032329868 0.00027844374 0.00082886376 0.0018906358 0.0007511019 8.0969985e-06 0.012970979 0.002133632 5.023747e-05 0.00012639495 0.0004542869 2.3551665e-05 0.0044128755 0.00019469173 0.0019427665 0.0008818995 8.2868115e-07 3.208398e-05 0.0004231854 5.565068e-05 1.7210248e-06 0.0010957005
0.9791482 0.885525 0.9705261 0.29874316 0.66489255 0.9346761 0.8865539 1.4020074e-09 0.5884034 0.83251715 0.09292184 0.027394745 0.06453876 0.019368943 0.048385706 0.06046381 0.9663615 0.20605938 0.006109543 0.32578254 0.6613444 0.050472595 0.117543556 0.44624072 0.0032522264 0.52063686 0.0022139363 0.71512944 0.002780306 0.007082019 0.0062838867 0.029771123 0.2744747 0.00013765362 0.00028253204 0.0013254816 0.062871516 0.0001525305 0.0072812145 0.000919816 0.00483898 0.0024586206 0.009013918 0.010420884 0.0002465252 0.0009431514 0.02750176 0.00057180854 0.00060376595 0.00024772054 0.0002273153 0.00016626793 1.4321324e-05 0.0009682215 2.6607752e-06 0.013722483 0.0012573618 0.00035017013 0.002349106 1.7963994e-05 0.0007169043 3.949518e-07 0.004790819 0.0017973745 0.0008767676 0.000164498 7.843769e-05 0.0027564948 3.3845066e-05 0.00029603965 3.1073408e-09 3.730641e-07 6.443935e-05 6.860132e-06 0.0011697769 0.00043205125 0.0005968966 4.7783433e-05 0.0007312179 2.8369803e-05 2.3938698e-08 0.00014399902 2.8484968e-05 3.0897722e-06 1.7963794e-08 0.00042330727 6.5111612e-06 2.011562e-06 2.9595718e-08 2.2403256e-08 2.0990292e-06 6.2607733e-06 9.908806e-07 2.9414143e-06 1.989308e-06 2.1790436e-09 1.5400866e-08 1.7873738e-08 2.35409e-06 2.1529423e-09 2.0844352e-06
0.99494106 0.9680943 0.80778795 0.42284566 0.83698905 0.94454795 0.5891335 0.5884034 3.5845928e-09 0.3618929 0.38567305 0.40072218 0.07990002 0.2075939 0.15034154 0.6999004 0.36876875 0.7935576 0.5401193 0.09129795 0.14194901 0.110679746 0.16014856 0.19381627 0.15829113 0.15034376 0.09004519 0.08101858 0.02275904 0.043175675 0.052133724 0.03617157 0.14579535 0.012275993 0.028917704 0.023047188 0.010227877 0.009848175 0.043169297 0.099732585 0.021801354 0.011999003 0.022447221 0.00492568 0.0021901256 0.18854107 0.017566184 0.037343815 0.013574477 0.013510463 0.010401136 0.022687916 0.011407012 0.005086086 0.017336648 0.014316123 0.00025725106 0.03339635 0.027171003 0.011514704 0.015050351 0.00090105535 0.032859173 0.014695032 0.004749827 0.0001949286 0.0082215285 0.00040189404 0.0065089203 0.028619824 0.0034562862 0.0011892708 0.00017981605 0.0032788967 7.785452e-05 0.016702157 0.00010868424 0.005941215 0.001512746 2.3004844e-05 0.00034044622 5.8983343e-05 0.004092717 0.000120803525 0.00014529542 0.0064110626 0.0024447823 2.3469626e-07 0.00037934037 0.00023961495 1.07886834e-07 0.017930644 0.00013670306 0.0068897284 0.001272822 4.152065e-06 1.5805117e-05 0.00013268444 0.00023005492 2.5847446e-06 0.00013224303
0.933306 0.29946086 0.8498838 0.0024285077 0.9918443 0.16592872 0.4173968 0.83251715 0.3618929 4.8091596e-15 0.98117626 0.0020389757 0.4995162 0.00096513407 0.0007648766 0.0084234625 0.24896348 0.46652627 0.0009710169 0.026358776 0.0065424675 0.00069772603 0.82375115 0.0031996379 0.0030508994 0.25522298 0.0026227648 0.030797642 0.08347482 0.522533 5.8726444e-05 0.00056597334 0.2994129 0.00015611817 0.0002828747 0.029277347 0.005394142 0.005025123 0.10149548 0.004194373 0.00010047643 6.4122054e-05 8.13378e-05 0.026917052 0.0023259532 5.1772506e-05 5.4081833e-05 0.004907234 0.010310922 2.2031258e-05 0.0026607804 0.00027475294 2.2566473e-05 0.0074370904 5.421098e-07 2.6675234e-06 0.004162784 4.4395292e-05 1.4946314e-05 6.4548277e-07 5.1006094e-08 1.6418234e-08 0.004928067 2.571522e-06 2.9350286e-08 9.824647e-09 0.0008408192 3.8279242e-05 0.00083411764 0.0034082488 2.7561928e-09 6.9672396e-08 2.6499225e-09 0.000197986 0.00033697093 0.0036630104 2.8129247e-07 0.00067526364 0.0009061807 1.3759448e-07 3.238946e-06 3.447379e-10 4.175901e-09 2.5164446e-09 7.46939e-10 0.0032555016 0.0001290453 7.029458e-11 2.26389e-09 3.2800471e-09 2.1978372e-11 1.983108e-08 1.7825938e-06 0.00019428683 2.2952667e-05 8.474387e-12 2.0226912e-07 1.04287114e-10 1.2023887e-05 5.4113804e-13 6.757651e-05
0.99492323 0.09504779 0.21472628 0.0031487166 0.9207566 0.0124694295 0.27877474 0.09292184 0.38567305 0.98117626 5.2085127e-13 0.0034091896 0.9055266 0.0013287483 0.0017636205 0.010739838 0.057590246 0.68790036 0.0011945944 0.017675018 0.0045864685 0.0013746787 0.87678754 0.003860262 0.008670751 0.27460018 0.006161755 0.011540705 0.2103056 0.8176036 0.00041180287 0.0013614486 0.54642606 0.0006213601 0.0007132752 0.10799557 0.007222388 0.041294143 0.3701512 0.018834366 0.00022881101 1.4485568e-05 0.00033731145 0.04988048 0.018441813 9.3983406e-05 0.0002669399 0.03876183 0.0996284 0.00015121826 0.028519198 0.0009338405 0.00042986046 0.023333484 5.1378793e-06 1.0097281e-05 0.008020851 0.00021292352 0.00018254603 4.7233025e-06 3.5075304e-06 2.5657848e-06 0.081719086 1.586722e-05 2.633675e-07 2.690285e-07 0.018126423 0.00014141477 0.0109741865 0.11407566 7.256579e-08 3.870849e-07 3.5570046e-08 0.003498676 0.00053722365 0.030931858 2.8748624e-07 0.008183221 0.015908008 2.7173624e-07 0.00028708202 2.8642619e-08 3.957451e-07 2.8655665e-09 1.7176486e-08 0.018534794 0.0039166724 9.396703e-10 7.745967e-08 3.947251e-09 1.7410423e-10 3.845096e-06 0.00020046906 0.0068510906 0.00095697935 1.153394e-09 2.2759348e-05 9.723617e-10 0.0006486083 2.6349558e-11 0.00061166496
0.9953213 0.2156436 0.021629328 0.17423134 0.005931178 0.82279617 0.22753234 0.027394745 0.40072218 0.0020389757 0.0034091896 5.851444e-09 0.0009476038 0.8939149 0.9338955 0.9279012 0.049814317 0.24264322 0.39101177 0.0011379159 0.097327754 0.89736223 0.001156523 0.38853064 0.034830704 0.0036270774 0.02064085 0.026142644 5.6384804e-05 0.0005418212 0.88538563 0.4716388 0.00046701825 0.0072243824 0.008948255 0.0001380932 0.0010092688 1.9873087e-05 6.945722e-05 0.014090603 0.6737914 0.6450537 0.25122163 0.00016965403 9.7233744e-05 0.0661389 0.055297155 0.0031387345 5.5262035e-06 0.0053182174 3.8161983e-05 0.0027794575 0.0001698546 0.00016799521 0.007099723 0.0616301 3.953945e-06 0.050054085 0.785554 0.052915398 0.61586267 6.095075e-05 0.00023724856 0.5301867 0.31076357 0.0029738713 0.00026679915 3.4010434e-05 1.6153115e-05 5.2941446e-05 0.00010106013 4.8425318e-05 0.01607288 2.928867e-07 1.5974505e-05 0.00022579725 0.00011053462 6.2167687e-06 5.8528317e-06 3.1939749e-06 9.745736e-07 0.00017697323 0.039884873 0.031256028 7.89927e-08 0.00013188775 6.5571244e-06 9.931636e-07 2.0382466e-05 0.0006263276 2.5206313e-07 0.004547303 1.1646074e-07 0.00022353983 1.1212975e-06 1.9280574e-06 4.7213075e-06 0.0013610041 7.5637117e-06 2.1249123e-06 2.5448976e-06
0.9987867 0.016850315 0.09532845 0.0028260804 0.23583026 0.0031011272 0.10175901 0.06453876 0.07990002 0.4995162 0.9055266 0.0009476038 1.5328086e-10 0.0005824057 0.0014550773 0.0028018008 0.10374872 0.17344359 0.0004197386 0.14409792 0.01032751 0.00089194573 0.9550167 0.0035193183 0.0013147095 0.5623524 0.001640663 0.012513466 0.915192 0.5360955 0.00014206658 0.0035804203 0.8008835 0.000153005 0.00024580918 0.06502768 0.024273043 0.17851387 0.6725109 0.0015898659 0.0003438069 7.232402e-05 0.004407141 0.25694218 0.011913379 0.00036135776 0.042081952 0.013064648 0.45790404 5.3472562e-05 0.023968045 0.0009301186 6.941881e-05 0.02238887 7.0883296e-05 0.00023930368 0.12925771 0.00019609413 0.0022690205 4.3054315e-05 5.576937e-05 3.5951534e-06 0.6983303 0.0025620377 2.9492247e-05 1.5953314e-05 0.0056942534 0.0009858644 0.025849361 0.4517185 1.52299e-07 1.5698042e-07 1.5460909e-06 0.0013056097 0.003334015 0.12225519 1.1055227e-05 0.025081467 0.51463234 1.0000833e-05 0.00040107235 7.3673614e-06 1.1569409e-06 1.14961104e-07 1.74316e-07 0.13885725 0.0029354861 1.7577803e-07 2.631594e-07 1.9254337e-06 8.4280896e-07 6.757974e-05 0.00016759723 0.0022008403 0.001633282 3.9881223e-10 8.693951e-05 1.4012096e-07 4.0974952e-05 5.096094e-09 0.014125613
0.99466723 0.08228341 0.012875343 0.10391529 0.002212501 0.60967463 0.22634894 0.019368943 0.2075939 0.00096513407 0.0013287483 0.8939149 0.0005824057 2.950479e-09 0.9187313 0.8877349 0.03535055 0.1634622 0.27024266 0.0010190106 0.07396042 0.9278013 0.0004092128 0.32082197 0.029073233 0.0012388561 0.011857107 0.026932979 1.4429258e-05 0.00010323545 0.9313872 0.47007814 0.000115744646 0.004145667 0.0048303558 2.2948201e-05 0.0007247731 5.6681624e-06 1.615843e-05 0.0038445177 0.77018386 0.7191474 0.28244048 9.46482e-05 1.1714023e-05 0.039031405 0.05025675 0.0005445436 1.1933122e-06 0.0046137753 4.8697e-06 0.0012713948 5.4075026e-05 3.295197e-05 0.008404128 0.06362351 6.284947e-06 0.030829968 0.8766591 0.040452655 0.7211256 3.3781893e-05 4.8148235e-05 0.6400131 0.39135194 0.002084787 1.3143615e-05 1.489094e-05 6.6909394e-07 6.261251e-06 7.176749e-05 5.264169e-05 0.023532227 1.2064302e-08 8.48933e-06 6.618647e-05 8.568679e-05 5.6339485e-07 2.4428384e-06 4.237734e-06 9.139696e-08 0.00013666188 0.03598958 0.04025402 4.2824965e-08 9.122015e-05 3.3451744e-07 5.7320597e-07 1.2929814e-05 0.00039342148 4.593899e-07 0.003446989 5.1736837e-08 0.00010221748 1.0444348e-06 4.502382e-07 9.674812e-07 0.0011463399 1.7911672e-06 1.8547908e-06 2.5057557e-06
0.991765 0.08346908 0.048049543 0.56813663 0.0036629564 0.30400836 0.25976154 0.048385706 0.15034154 0.0007648766 0.0017636205 0.9338955 0.0014550773 0.9187313 8.012099e-09 0.45517364 0.047256365 0.08899985 0.10943178 0.0005049534 0.15236773 0.93519145 0.00030009996 0.6895316 0.017475447 0.0010399966 0.008839246 0.059865404 5.086852e-06 7.5161486e-05 0.8184753 0.8696615 0.000112545866 0.0013739853 0.00052706647 1.3138979e-05 0.00091958843 6.120048e-06 3.1855197e-05 0.00047380486 0.80869794 0.3765178 0.62334245 0.0002464869 5.764252e-06 0.0042647887 0.10526043 0.00024295585 1.6471807e-06 0.0007139374 9.498593e-07 0.00011488183 2.7574697e-06 1.4058731e-05 0.0014027031 0.26408666 1.9035962e-05 0.00736115 0.87353146 0.014692376 0.50454605 3.6503097e-06 3.7946484e-05 0.7866032 0.6754679 0.006133072 4.415733e-06 0.00010666344 1.8930172e-06 6.658929e-06 1.7017027e-06 4.283673e-06 0.057996217 8.980282e-09 2.6268548e-05 1.4902022e-05 0.0012819538 1.3765893e-07 1.1590387e-05 1.0148359e-05 2.024572e-08 0.0013367147 0.025693558 0.021002699 9.67853e-09 4.3351705e-05 1.5920422e-07 2.2989634e-06 2.1302833e-06 0.00012531006 2.5788504e-06 0.0026436453 2.0313292e-08 4.4747628e-07 6.066407e-06 2.813228e-07 2.5231662e-07 0.00014618329 6.4711554e-07 7.066029e-07 4.4941257e-06
0.97416925 0.20038667 0.03062509 0.088697694 0.022718739 0.8209001 0.2296346 0.06046381 0.6999004 0.0084234625 0.010739838 0.9279012 0.0028018008 0.8877349 0.45517364 1.1327071e-12 0.018828027 0.85905564 0.98881173 8.879698e-05 0.007985715 0.31610662 0.0024805802 0.05030908 0.61223006 0.0010295843 0.2926843 0.008680506 1.06701955e-05 0.0029663777 0.89972353 0.054701142 6.661905e-05 0.10334443 0.30539352 0.000962828 2.1972695e-05 4.1085143e-05 0.00014964493 0.35342646 0.1445107 0.8406015 0.0010683519 3.302575e-05 0.00045612862 0.2660529 5.522884e-06 0.011889451 1.392366e-05 0.052360747 9.4093986e-05 0.013840805 0.005462348 0.0001721895 0.0030095663 0.0009805502 8.818324e-08 0.020683113 0.0043246206 0.01909731 0.058685243 0.00024956034 6.65473e-05 0.0002312683 0.0037849317 3.4138787e-07 8.0807484e-05 4.3537955e-08 1.7844368e-05 3.8093674e-06 0.00033782248 0.00035541732 7.577866e-05 2.7292638e-06 1.0633583e-07 1.5477055e-05 9.9202325e-08 7.599483e-07 6.8714926e-06 2.1603341e-09 4.6583455e-07 1.8558921e-09 0.025520695 0.0006526775 3.5963516e-05 9.668544e-06 1.8551075e-06 1.5199486e-11 7.054166e-05 0.0020907263 2.7468837e-12 0.008904606 1.2105463e-07 5.7384976e-05 3.0072866e-07 7.078483e-06 2.7477909e-06 0.00018388778 6.1930336e-06 2.3571386e-06 4.2667608e-08
0.95515925 0.33393487 0.90442693 0.66097116 0.4201221 0.44976974 0.8266799 0.9663615 0.36876875 0.24896348 0.057590246 0.049814317 0.10374872 0.03535055 0.047256365 0.018828027 3.4414925e-14 0.09928266 0.0018306349 0.23341596 0.92035353 0.029703738 0.07419086 0.5946761 0.00538787 0.44001192 0.0041853967 0.9914067 0.002265574 0.016556207 0.0027556717 0.08082572 0.13880603 0.00014454318 0.00010676928 0.000582648 0.13139418 0.00013665875 0.0036275084 0.00010371098 0.001145221 0.00062158325 0.0099508725 0.016847027 0.0007567391 2.4483603e-05 0.08248808 7.820293e-05 0.00014200981 2.9617928e-05 6.17836e-05 1.5662647e-05 2.5151598e-06 0.00015653246 6.163647e-07 0.016438948 0.0030225776 4.432985e-05 0.00066302775 3.1032678e-06 5.5296965e-05 1.4830092e-08 0.0012190343 0.00044843604 0.00027538987 0.00027581092 4.83781e-07 0.003256295 9.271213e-06 8.181228e-05 9.697571e-11 1.0809687e-08 1.6858816e-05 3.732114e-07 0.029158764 0.0001259573 0.0010884299 2.677887e-06 0.0002691716 1.000711e-05 1.3627558e-08 6.0036768e-05 2.3595528e-07 9.291093e-06 8.6904595e-11 0.0002523911 4.8216766e-08 1.1180445e-05 4.1386702e-10 1.4467527e-08 1.2256274e-06 3.406685e-07 3.8723296e-09 4.85992e-08 5.809159e-07 7.638388e-10 6.719116e-08 4.129305e-09 2.4968926e-07 8.262524e-12 2.316051e-06
0.99996036 0.8264737 0.41421923 0.09223753 0.79862267 0.79827666 0.4389003 0.20605938 0.7935576 0.46652627 0.68790036 0.24264322 0.17344359 0.1634622 0.08899985 0.85905564 0.09928266 2.1280118e-11 0.8114852 0.03979169 0.037407454 0.071547724 0.28769824 0.047823932 0.61730564 0.12667513 0.68147445 0.016480735 0.061812703 0.5263867 0.08571604 0.017554143 0.20832253 0.16461296 0.15102953 0.20979162 0.004478909 0.12626909 0.14372188 0.5301843 0.025296204 0.051870745 0.012438787 0.010379149 0.03928366 0.4273388 0.015000865 0.36135015 0.13172717 0.069284536 0.1246104 0.14411162 0.090240985 0.036489535 0.063318364 0.0041876202 0.00071136974 0.15427212 0.039830834 0.023012532 0.040796876 0.0152168 0.11176859 0.0029240055 0.004235137 0.00020619274 0.06528144 0.00044502056 0.04598619 0.19302954 0.015214101 0.005496209 0.00011013319 0.014975393 5.6180623e-05 0.08088865 3.1721444e-05 0.016762242 0.024201743 4.5628196e-05 0.0054683005 0.0001118285 0.017895734 0.00021008977 0.0015871753 0.040242985 0.01939562 4.9802165e-06 0.004281009 0.0007643235 1.7698359e-07 0.011169224 0.00069133996 0.010081886 0.0036401835 2.8307724e-05 0.00095893705 0.00084632396 0.00033282634 5.341247e-05 0.0021451272
0.9877958 0.038896974 0.005940354 0.007409353 0.0029824758 0.040094636 0.13918051 0.006109543 0.5401193 0.0009710169 0.0011945944 0.39101177 0.0004197386 0.27024266 0.10943178 0.98881173 0.0018306349 0.8114852 4.732355e-10 1.6793603e-05 0.0014168913 0.107754245 0.00022482581 0.017164363 0.8684677 7.8873425e-05 0.54971284 0.0021792748 1.4924942e-06 0.000849382 0.73624074 0.021842528 1.4397644e-05 0.4518844 0.8044103 0.0005130425 8.259781e-05 3.1755058e-06 3.8846138e-05 0.6109795 0.11834866 0.8071127 0.00234356 3.732744e-05 0.0001594929 0.8746007 0.00025318254 0.03732069 7.232647e-06 0.2679749 3.8957325e-05 0.09208702 0.015726043 3.1716725e-05 0.08433867 0.00038276322 6.727759e-08 0.5406565 0.05629567 0.20271313 0.31093913 0.0036496676 0.00011025258 0.00030470642 0.022616174 5.335197e-06 0.00027188106 7.914683e-08 9.58038e-07 1.6027738e-06 0.025930196 0.028533747 0.00032766975 4.972986e-07 3.7718225e-06 1.4709822e-05 2.4872625e-07 5.3590134e-07 1.0604408e-05 1.017353e-08 6.464975e-07 4.582633e-08 0.2777465 0.005102663 0.00034030553 4.3041196e-06 2.9028492e-06 3.333396e-10 0.015962582 0.06222216 4.0185334e-11 0.2736582 8.9626454e-08 0.00028718388 1.0844454e-06 0.00062616507 3.4621055e-05 0.0106143495 9.590394e-06 0.00043420724 2.3351278e-07
0.99714774 0.012948442 0.5680892 0.013741327 0.15727039 0.0019115888 0.5420499 0.32578254 0.09129795 0.026358776 0.017675018 0.0011379159 0.14409792 0.0010190106 0.0005049534 8.879698e-05 0.23341596 0.03979169 1.6793603e-05 3.612719e-10 0.030120023 0.00028976717 0.0154060265 0.003341645 0.0010822145 0.7785014 0.0010601442 0.13437039 0.0018256964 0.0004974082 3.0220413e-05 0.0022169757 0.12085449 0.000106433894 6.279525e-06 8.6957836e-05 0.9847083 7.928112e-05 0.0014195417 9.411099e-08 0.00011666191 2.4197807e-05 0.015069914 0.09387821 0.00013329307 5.4705843e-06 0.9317711 1.6758278e-05 0.00010787034 2.4494622e-07 1.7731794e-05 1.5396132e-05 2.9336363e-07 8.792822e-06 3.2943804e-05 0.11320756 0.05778908 1.8005809e-05 0.00039909763 8.044211e-05 1.6628228e-05 2.7116153e-07 0.0020858364 0.0022928745 0.00015387787 0.015575615 2.077586e-08 0.67038906 6.8732884e-06 0.00021643899 1.8266427e-08 1.7836753e-08 8.2619714e-05 3.0780038e-07 0.39108318 0.00019149992 0.11427127 2.1117741e-05 0.00018617556 0.020527078 1.15588605e-07 0.0044381795 7.6896055e-07 7.47417e-05 2.8917037e-11 0.0005583925 2.749323e-07 0.0032354852 2.3800146e-09 2.7605324e-06 0.0052286754 7.7124537e-07 3.029421e-08 1.3450932e-05 1.713024e-06 1.5471441e-08 1.5159685e-06 5.703174e-06 7.4354546e-08 2.7466573e-09 5.574709e-05
0.9579023 0.16530748 0.5744972 0.76005745 0.03557368 0.19845198 0.5476556 0.6613444 0.14194901 0.0065424675 0.0045864685 0.097327754 0.01032751 0.07396042 0.15236773 0.007985715 0.92035353 0.037407454 0.0014168913 0.030120023 1.0049338e-10 0.10751692 0.001422416 0.9631405 0.0010396247 0.08002884 0.0012665094 0.9897597 6.910381e-05 0.000102792175 0.0052736183 0.45989037 0.0017058633 0.00011367385 5.502226e-05 2.0272604e-05 0.039104123 9.267676e-06 0.0001119257 0.00012553687 0.009716871 0.0047106375 0.6970001 0.0012994318 1.326717e-05 5.2153584e-05 0.87504005 4.901348e-05 9.456379e-06 2.8721712e-05 2.4680464e-06 2.5951715e-05 9.605968e-07 1.1833739e-05 4.9431026e-05 0.58367896 0.000119412056 0.00045874002 0.04433041 0.00035993953 0.0062149228 1.6881563e-07 0.000256114 0.28229475 0.043629214 0.022665253 1.2851939e-06 0.020586254 8.959877e-06 1.7961542e-05 5.914302e-09 2.6717788e-07 0.0034997351 4.1380904e-08 0.0027399554 8.169759e-05 0.018904231 1.276652e-05 0.00015980852 0.00064449717 2.0704258e-08 0.0072325165 0.0005634057 0.00037682094 1.9054713e-08 8.0371254e-05 3.0540417e-07 0.00015036979 1.2820522e-07 2.7736503e-06 6.2971114e-05 1.1637903e-05 1.33393785e-08 5.7086204e-08 1.6211481e-05 1.9597232e-07 3.11042e-08 4.5151828e-07 3.772727e-07 6.523389e-09 2.0603647e-06
0.97589517 0.07414987 0.0535361 0.6118579 0.0045039286 0.21146989 0.1908023 0.050472595 0.110679746 0.00069772603 0.0013746787 0.89736223 0.00089194573 0.9278013 0.93519145 0.31610662 0.029703738 0.071547724 0.107754245 0.00028976717 0.10751692 2.1943395e-11 0.0002676603 0.8270564 0.012681483 0.00030104764 0.0044188933 0.070218526 1.7619014e-06 4.820084e-05 0.8194359 0.9673455 2.5817822e-05 0.00082844775 0.0003250048 9.9707595e-06 0.000573329 3.538052e-06 2.1794323e-05 0.00024398095 0.90611225 0.40260175 0.62013364 0.00013615689 4.411466e-06 0.001532182 0.08936199 0.00014784536 1.88417e-06 0.00054603507 1.4896784e-06 7.9121215e-05 2.9436146e-06 6.9221246e-06 0.00039300896 0.26111645 1.9159124e-06 0.004512912 0.849218 0.004340948 0.4873468 8.3024815e-07 2.5523972e-05 0.7263441 0.8123217 0.004493477 3.5552919e-06 7.099689e-05 1.1737153e-06 8.1450963e-07 1.746698e-07 2.6409652e-06 0.11611112 6.192995e-09 3.917501e-05 2.6531889e-06 0.0021558355 4.4355193e-08 1.05177405e-05 7.131062e-06 5.1306976e-09 0.0031635358 0.039538812 0.039609224 5.334023e-09 1.8667638e-06 1.6354162e-08 1.8449326e-06 2.9130852e-06 9.792446e-06 1.532613e-06 0.0013217028 4.3769495e-09 1.1224444e-08 1.5428395e-05 4.7804576e-07 9.508349e-08 6.783116e-05 1.1346568e-06 3.0549768e-07 1.352659e-06
0.98124516 0.053201273 0.19151537 0.0010113481 0.41573766 0.0153314825 0.23694593 0.117543556 0.16014856 0.82375115 0.87678754 0.001156523 0.9550167 0.0004092128 0.00030009996 0.0024805802 0.07419086 0.28769824 0.00022482581 0.0154060265 0.001422416 0.0002676603 7.2626606e-11 0.00063764496 0.007400748 0.31088656 0.012496191 0.021911751 0.9505635 0.8894454 5.0173076e-05 0.00086978084 0.90529627 0.0002814864 0.00047638788 0.17895284 0.006682624 0.35243204 0.959955 0.004311745 9.1197624e-05 4.362252e-05 7.984001e-05 0.24042985 0.029407054 5.720314e-05 5.5826305e-05 0.008153978 0.33811364 1.5964195e-05 0.02296648 5.084905e-05 2.2995784e-05 0.02588355 8.840943e-08 5.816383e-07 0.25148365 3.8656774e-05 1.8062065e-05 4.4013254e-06 5.8826777e-07 6.9828343e-07 0.4990914 1.2332849e-06 3.0912298e-07 4.1214957e-07 0.002213358 7.29083e-05 0.008197642 0.42779306 7.379807e-10 7.7930174e-08 6.223561e-08 0.00088636624 0.0049432116 0.05211486 3.0169903e-07 0.02345367 0.19527504 1.3650158e-07 5.7165344e-05 1.4180422e-08 5.218107e-06 5.227446e-08 6.556886e-08 0.11024023 0.00082642847 3.230552e-08 1.1265532e-09 2.9577365e-09 4.267597e-09 1.7167535e-07 0.00027982667 0.00084540236 0.0018465451 1.7932429e-09 9.367777e-06 1.17152055e-07 0.00058886304 8.830648e-11 0.001088784
0.9436112 0.17764112 0.40272215 0.9370847 0.021818502 0.36316004 0.49398413 0.44624072 0.19381627 0.0031996379 0.003860262 0.38853064 0.0035193183 0.32082197 0.6895316 0.05030908 0.5946761 0.047823932 0.017164363 0.003341645 0.9631405 0.8270564 0.00063764496 2.7174282e-10 0.0036294942 0.01298499 0.0022988627 0.9374399 4.1655694e-06 0.00017405064 0.089335494 0.98080516 0.0003066795 0.00030419047 0.000300025 2.038375e-05 0.008191784 4.227606e-06 7.882839e-05 0.0002766059 0.1623796 0.059514906 0.86684287 0.00028229234 3.7746797e-06 0.00024706396 0.6716849 6.524604e-05 1.7389601e-06 0.00012012743 1.9599502e-06 1.973397e-05 1.352979e-06 3.223867e-06 4.63147e-05 0.6397386 1.0155776e-05 0.00057451735 0.20533487 0.0004933124 0.05376006 6.476295e-08 3.3816283e-05 0.571535 0.403917 0.02332786 9.1856026e-07 0.002177463 3.0723565e-06 2.4727394e-06 2.1668367e-10 7.8646025e-08 0.013529083 2.136625e-08 0.0013863341 5.367742e-06 0.01109675 8.4528176e-07 5.3163335e-06 0.000101768 9.0422265e-09 0.008666539 0.0021401187 0.0038702758 2.4560656e-09 8.94033e-06 8.564181e-08 5.066926e-05 2.7130135e-08 1.8749122e-06 1.1198948e-05 1.4240277e-05 3.8307849e-10 3.371284e-08 6.783857e-06 3.0546545e-08 2.4030786e-08 2.4127382e-07 4.0945065e-07 7.8370416e-10 4.452105e-07
0.9951044 0.018141858 0.005760947 0.0040385104 0.005665996 0.019524528 0.014382218 0.0032522264 0.15829113 0.0030508994 0.008670751 0.034830704 0.0013147095 0.029073233 0.017475447 0.61223006 0.00538787 0.61730564 0.8684677 0.0010822145 0.0010396247 0.012681483 0.007400748 0.0036294942 2.373508e-10 0.002682235 0.82427925 0.00096449786 0.00059614965 0.0037339586 0.07162556 0.0054587396 0.000968742 0.9250822 0.8614503 0.0029503894 7.737688e-05 0.000438061 0.0005746247 0.88499045 0.011572777 0.10623109 0.0020779509 0.00022420894 0.0005304693 0.9139643 0.0011122922 0.097988084 0.00026780277 0.70303905 0.00239881 0.81868035 0.60700494 0.002850153 0.67421 0.0008570121 9.925187e-07 0.54136485 0.019500965 0.14655365 0.050337084 0.14506935 0.00092828606 9.0746136e-05 0.00053952506 5.702119e-06 0.007936827 4.31401e-08 0.0003673614 0.00073856 0.4608675 0.118263505 1.2223969e-05 0.00037179206 7.197084e-07 0.0008845063 1.2549178e-07 0.00024435305 8.2125276e-05 1.3583204e-07 7.677831e-05 3.3853116e-08 0.03406723 0.00024040027 0.03383183 0.00027861664 0.0005871068 1.265507e-09 0.12367965 0.023821458 2.8744548e-10 0.07576933 0.00010219827 0.00097430067 4.3407304e-05 0.00017608903 0.00021756478 0.008040944 7.979426e-05 0.0036759377 9.420528e-06
0.9919596 0.058598112 0.7262173 0.028441302 0.4359964 0.010326722 0.5289252 0.52063686 0.15034376 0.25522298 0.27460018 0.0036270774 0.5623524 0.0012388561 0.0010399966 0.0010295843 0.44001192 0.12667513 7.8873425e-05 0.7785014 0.08002884 0.00030104764 0.31088656 0.01298499 0.002682235 1.4252353e-09 0.0026622068 0.2947303 0.12505613 0.007758825 3.5248657e-05 0.003171827 0.92558956 0.00020098955 2.8590153e-05 0.0010922648 0.97686327 0.0015535248 0.0472027 4.6689216e-05 0.0002563527 0.00026961762 0.030140731 0.88764155 0.00042484372 1.1632699e-05 0.7121989 0.00019045503 0.0021073883 2.81924e-06 5.284233e-05 6.0344696e-06 2.352601e-07 0.00012881291 9.851623e-07 0.04293895 0.66576934 9.657882e-06 0.0012630253 8.523717e-06 0.00033864906 1.713426e-06 0.14080817 0.00848002 0.00024192716 0.0052763326 4.078449e-06 0.39583462 3.255829e-05 0.0014109603 4.657992e-10 1.6978609e-08 0.00019125699 2.4585745e-08 0.7542762 0.0006657526 0.04207188 5.413834e-05 0.016945448 0.0072797313 4.3949515e-09 0.0016585563 5.51368e-06 3.4291963e-05 3.696469e-09 0.0025963949 5.695768e-07 0.0011123101 1.2900591e-08 2.0549221e-07 0.0014749267 2.9638823e-06 3.519892e-08 2.1973491e-07 4.997378e-06 2.3928154e-08 2.1793728e-08 2.3725202e-07 4.3323104e-07 1.2158946e-08 0.0001059761
0.9977598 0.013030367 0.005642867 0.00620997 0.007838172 0.013404507 0.0068574282 0.0022139363 0.09004519 0.0026227648 0.006161755 0.02064085 0.001640663 0.011857107 0.008839246 0.2926843 0.0041853967 0.68147445 0.54971284 0.0010601442 0.0012665094 0.0044188933 0.012496191 0.0022988627 0.82427925 0.0026622068 6.063e-10 0.00054289005 0.0021750275 0.0059862393 0.035110936 0.0035005233 0.0043884316 0.792286 0.7021641 0.0066992054 0.0001459689 0.0032102622 0.0033734518 0.95087934 0.006207498 0.056657936 0.001689963 0.0010074999 0.0021247424 0.14221469 0.0014562552 0.21362537 0.0016837552 0.46966848 0.006937933 0.89687556 0.9119931 0.004158186 0.36407438 0.0004665317 2.1192843e-06 0.29340643 0.01589427 0.039484728 0.026752856 0.55647445 0.0029091665 5.2893156e-05 0.00012713482 1.6303422e-05 0.028760359 5.4844924e-07 0.0018119041 0.0029126673 0.35982803 0.09359023 1.7293153e-06 0.0022352342 1.0847507e-06 0.0053806147 2.0947805e-07 0.0011810717 0.00022391706 8.277215e-07 0.0009563995 1.3383237e-08 0.008279853 6.5147855e-05 0.4992437 0.0016948301 0.0015941868 1.5883644e-09 0.0682774 0.06623757 4.6903606e-11 0.018919347 0.00020230512 0.00289903 0.0002089054 5.6341105e-05 0.0023392236 0.001720618 8.210727e-05 0.0025146087 0.0001320103
0.7789771 0.08727868 0.42948332 0.5161212 0.07382945 0.14907318 0.3577777 0.71512944 0.08101858 0.030797642 0.011540705 0.026142644 0.012513466 0.026932979 0.059865404 0.008680506 0.9914067 0.016480735 0.0021792748 0.13437039 0.9897597 0.070218526 0.021911751 0.9374399 0.00096449786 0.2947303 0.00054289005 2.749519e-13 0.00033787676 0.003209985 0.0016794333 0.5689347 0.02357255 0.00013793708 0.00013892935 0.00021034258 0.08582849 0.0002650991 0.0007941029 2.6496324e-05 0.0027922166 0.0017627731 0.5179634 0.025127364 4.0067745e-05 2.9285073e-05 0.7481446 9.63481e-06 1.370901e-05 6.017402e-06 1.9782436e-05 1.890543e-05 3.4800337e-07 2.0871135e-05 2.4541598e-07 0.062938936 0.010264907 2.8543214e-05 0.0018297847 2.420654e-06 1.5384272e-05 2.013773e-08 0.00030362094 0.0038718116 0.0001781761 0.0024376977 5.85464e-08 0.0067119435 1.627861e-05 7.475071e-06 1.7869527e-10 7.607529e-08 3.536003e-05 1.1948295e-07 0.13784698 1.6374755e-05 0.006082194 4.1700787e-07 4.8822716e-05 0.00022123175 4.606274e-09 0.0023304927 2.3081186e-07 2.2982123e-05 5.18589e-10 1.3405484e-05 2.8716302e-08 2.2837534e-05 1.6634212e-08 7.783986e-08 1.6112413e-06 1.2697243e-08 2.809718e-09 7.2624644e-08 1.2302836e-06 2.3847175e-09 4.864353e-08 7.2518165e-09 2.557582e-07 1.5256058e-12 1.8249527e-07
0.97908705 0.0011842682 0.015766565 0.0003754236 0.064207144 4.3045486e-05 0.0815398 0.002780306 0.02275904 0.08347482 0.2103056 5.6384804e-05 0.915192 1.4429258e-05 5.086852e-06 1.06701955e-05 0.002265574 0.061812703 1.4924942e-06 0.0018256964 6.910381e-05 1.7619014e-06 0.9505635 4.1655694e-06 0.00059614965 0.12505613 0.0021750275 0.00033787676 1.4523333e-10 0.1878416 1.9244296e-06 1.4524313e-05 0.76352715 1.43820125e-05 1.0536654e-05 0.012934088 0.01990229 0.19290477 0.967761 6.9872617e-06 5.119811e-06 3.8409897e-07 5.504121e-05 0.27320555 0.004206563 1.8767009e-06 0.00013605886 0.0004882377 0.3613926 6.6398263e-07 0.001964329 4.2911065e-06 3.417534e-07 0.0011191396 8.921321e-06 1.3028353e-05 0.26811254 2.2855725e-07 5.8846504e-06 6.488845e-06 7.590585e-08 1.4758201e-07 0.96407986 4.1730605e-06 1.2334098e-06 8.1709504e-07 2.7790478e-05 0.00039534018 0.0014421133 0.2933581 1.0155397e-09 3.3548435e-08 3.9082576e-07 2.0582644e-05 0.021313982 0.032689214 3.2298494e-06 0.0053128717 0.8694077 1.4045376e-06 9.7168895e-06 6.8952124e-09 3.6411134e-08 3.15953e-07 3.8199863e-10 0.10337829 3.0016707e-05 8.1922975e-09 3.9745863e-08 8.039965e-08 1.2564615e-07 1.224852e-07 3.0496917e-06 0.00023235487 0.00057587714 1.3199316e-08 9.558217e-06 1.0314795e-06 1.4947332e-06 1.5607773e-09 0.0054330854
0.99388474 0.038511455 0.01004181 0.00013671181 0.09232055 0.0044650696 0.0660134 0.007082019 0.043175675 0.522533 0.8176036 0.0005418212 0.5360955 0.00010323545 7.5161486e-05 0.0029663777 0.016556207 0.5263867 0.000849382 0.0004974082 0.000102792175 4.820084e-05 0.8894454 0.00017405064 0.0037339586 0.007758825 0.0059862393 0.003209985 0.1878416 1.6290765e-13 1.938442e-05 0.00023093639 0.16391072 0.00024453347 0.0013373536 0.9784072 3.2997368e-06 0.88224745 0.7174024 0.075734966 3.9352202e-05 1.6955526e-05 5.078125e-05 0.028752116 0.1216099 0.00013353635 6.194044e-06 0.11083177 0.74593437 0.00014050803 0.59896725 0.001200835 0.0010503096 0.72724193 5.7243213e-08 6.483003e-07 0.07088232 0.00015786658 6.318451e-06 1.3716194e-06 9.856372e-08 1.6768461e-05 0.039260972 4.8918982e-06 4.238289e-09 1.21266135e-08 0.14284202 6.842641e-06 0.35475728 0.3744789 1.9070902e-07 9.843292e-07 9.520208e-10 0.056622338 2.2602326e-06 0.44996843 1.2764918e-08 0.5088261 0.22370559 7.9904474e-08 0.0048740287 2.683112e-10 8.284555e-08 1.6353716e-09 1.5585307e-06 0.31763655 0.056920156 1.2297731e-10 1.0636363e-07 1.4273762e-09 9.736195e-11 3.9916176e-07 0.0091572255 0.09732462 0.045541126 2.3918808e-11 7.4626456e-05 1.4692976e-08 0.0054308837 7.3057865e-11 0.042907696
0.9536439 0.02021816 0.008711688 0.04236686 0.0019466983 0.106471546 0.06372463 0.0062838867 0.052133724 5.8726444e-05 0.00041180287 0.88538563 0.00014206658 0.9313872 0.8184753 0.89972353 0.0027556717 0.08571604 0.73624074 3.0220413e-05 0.0052736183 0.8194359 5.0173076e-05 0.089335494 0.07162556 3.5248657e-05 0.035110936 0.0016794333 1.9244296e-06 1.938442e-05 9.564084e-11 0.46963093 2.2124018e-06 0.0144912815 0.0236267 1.1846476e-05 5.1880103e-05 2.0684367e-06 6.7529772e-06 0.0019567343 0.9131331 0.9880512 0.06715241 1.9540088e-05 1.29786e-05 0.08802316 0.0008568879 0.001013901 8.2627975e-07 0.008714742 3.6596458e-07 0.0010011412 0.00010473054 3.37806e-07 0.0029804143 0.05608797 4.454541e-06 0.10279173 0.30665073 0.065307595 0.64216816 1.7583925e-05 6.0258726e-06 0.0052531487 0.2630554 0.00062478514 8.6621793e-07 2.0711745e-06 2.3706355e-06 2.1812663e-07 2.7641167e-05 0.00017994539 0.009818682 2.2538319e-07 1.0515553e-05 2.399171e-07 2.7157823e-05 5.29419e-07 6.7994694e-07 3.4000735e-07 1.0057138e-07 0.00011930915 0.22376077 0.060520027 1.5729624e-06 7.721539e-08 2.3043013e-08 3.1089726e-08 5.5400527e-05 0.0004035353 3.795723e-09 0.03535633 9.917982e-08 1.3380966e-06 5.02616e-06 0.00015004691 3.449397e-07 0.0071972264 2.3079215e-06 2.7393437e-05 3.238231e-07
