5.6599326e-11 0.0005317804 0.012834525 0.028377233 0.038969997 0.2430883 0.7682538 0.14929599 0.89096254 0.6769424 0.8684836 0.976748 0.9896985 0.6433862 0.9509943 0.92598426 0.79534614 0.9716036 0.87958634 0.99122953 0.97921 0.942103 0.8951853 0.9815613 0.96961766 0.37493372 0.8359467 0.8830724 0.9807359 0.9887688 0.63137496 0.823883 0.9550128 0.9844229 0.92183673 0.9903754 0.9790981 0.9763279 0.990593 0.9957296 0.98951966 0.98202455 0.835585 0.99696964 0.98745906 0.93561584 0.70981836 0.6663775 0.99435014 0.99777627 0.24957974 0.010417019 0.98931426 0.019187871 0.81575024 0.95604986 0.9947773 0.9896849 0.22455546 0.9578109 0.9854143 0.94373035 0.92789847 0.8459503 0.95541066 0.9970867 0.9570406 0.99871993 0.84484106 0.98330647 0.9562805 0.95002043 0.39115724 0.9908075 0.9569416 0.98951644 0.31954375 0.47763798 0.94558406 0.9144625 0.99979067 0.07271506 0.9976748 0.95222646 0.9835194 0.9440449 0.89823824 0.91869164 0.903773 0.9938905 0.99905115 0.9415627 0.84342015 0.9358318 0.0116179325 0.9997263 0.6531771 0.8028469 0.9996438 0.9459297 0.99710196
0.0005317804 6.863181e-21 0.9999805 0.9932781 0.91120654 0.01470694 0.2520182 0.007714092 0.008042558 0.00036746322 0.03380473 0.002980993 0.000980135 1.8867335e-05 0.000152771 0.00016064513 0.005520434 1.2501542e-05 0.0003306781 0.00012744425 0.0005209431 1.9753987e-05 0.00011206893 4.989817e-05 4.1100975e-05 4.0095897e-06 5.136152e-07 1.2220711e-06 1.7283508e-06 5.846767e-06 5.287371e-06 4.1430744e-06 4.5776605e-07 6.0149237e-06 1.9068472e-10 3.61304e-08 3.3148244e-05 4.2606533e-08 1.037561e-06 4.599453e-05 1.5986916e-10 1.8516431e-08 1.6598259e-06 4.6678156e-06 1.1121986e-07 2.2939063e-10 4.461206e-10 1.0225845e-11 5.4884266e-09 3.246883e-09 1.5056729e-13 1.1204982e-15 5.319312e-09 7.6452406e-17 1.6668952e-09 4.3121097e-12 2.125379e-11 2.1505258e-08 3.4348887e-14 5.8811764e-08 1.1000017e-12 1.5326837e-07 1.8136792e-12 7.771393e-11 4.687045e-10 1.13848445e-11 2.3391494e-10 2.6418495e-06 9.446827e-13 4.6025605e-12 4.1756196e-10 4.2118087e-09 8.4933026e-16 2.6618316e-09 4.363743e-10 8.0174e-10 2.2452932e-11 8.222168e-16 2.28748e-13 1.367475e-10 7.4437088e-09 7.132792e-15 1.7701415e-09 1.2547049e-07 2.0790219e-11 2.2699061e-11 1.6758299e-10 1.3198635e-12 1.0842338e-11 1.160763e-09 1.7804496e-08 5.0708626e-10 9.492999e-12 1.3522306e-12 3.2866366e-12 1.3559552e-08 1.9738907e-14 1.836953e-12 1.8405477e-12 3.40433e-11 1.543422e-11
0.012834525 0.9999805 8.5261496e-17 0.00047359455 4.840343e-05 0.99992967 0.09494185 2.7423785e-05 0.0037422134 9.854548e-08 0.019981455 0.023829171 0.0017378933 3.886664e-08 0.00010314265 6.6012046e-07 0.07219472 1.1119632e-05 0.0013139324 5.6397977e-05 0.0043783253 0.00014410027 4.3509466e-05 4.2229138e-05 1.9735287e-05 1.0336662e-07 1.2969963e-05 1.4943677e-07 4.640162e-07 5.895131e-06 3.9793502e-08 0.00028077455 9.1953176e-08 7.0069736e-06 3.871717e-07 1.02322254e-07 3.2744358e-06 2.8653877e-08 8.604194e-05 0.002993181 1.5586257e-10 1.7636776e-07 2.3693483e-05 5.3015187e-06 3.8132239e-06 6.277968e-10 1.0611524e-06 7.085431e-10 2.478525e-07 2.6840292e-09 1.518344e-10 7.029351e-11 4.310712e-08 2.2961746e-13 8.027905e-08 6.274613e-11 4.5044102e-10 1.1875999e-07 3.1172526e-10 6.9353526e-08 8.991071e-11 2.7725396e-06 7.082487e-10 3.9355386e-09 9.023568e-09 2.5415673e-08 2.9538053e-10 9.025255e-05 1.8315145e-10 9.261778e-09 5.0436665e-08 5.614061e-07 2.2738213e-13 2.173212e-07 9.3000097e-10 1.896225e-09 8.5147674e-11 1.7637563e-11 1.8231795e-08 8.5314666e-10 5.174125e-09 1.32527765e-11 2.7568081e-09 1.8502459e-07 3.5328124e-08 6.264684e-08 7.697714e-09 1.5139667e-09 5.8622486e-12 1.4235144e-07 1.261819e-06 3.1797736e-09 2.7635272e-08 2.1639085e-10 1.7125598e-10 9.29325e-07 2.4887926e-13 1.4073344e-08 6.963177e-11 1.3761363e-09 5.9242513e-08
0.028377233 0.9932781 0.00047359455 6.769175e-17 0.99993604 0.0021968049 0.5586218 0.6581829 0.5385854 0.16156039 0.79666996 0.024500083 0.06822748 0.007293417 0.028345916 0.0025567522 0.0026614137 0.0012212382 1.2931552e-05 0.006804793 0.003162346 1.8845936e-05 0.0016379247 0.00054835336 0.00011045442 1.3522444e-05 1.8909141e-07 1.7318798e-06 8.41534e-06 5.614763e-05 5.4586085e-06 1.412526e-06 1.0811493e-06 4.357354e-05 3.6082377e-09 5.1150664e-08 6.728386e-05 1.106224e-07 1.7496582e-06 0.0005923493 3.4936085e-10 2.3757514e-07 9.061498e-08 0.00023982735 1.1352553e-08 1.291658e-10 8.824878e-10 2.1357692e-12 7.640286e-09 1.2687626e-07 1.6650907e-12 2.7161983e-15 4.784825e-10 4.1874566e-17 2.1012508e-11 3.4920799e-12 1.2291236e-10 2.6570574e-10 1.3150464e-12 8.512623e-11 2.7457368e-12 1.4993002e-08 1.483966e-11 1.006969e-11 2.8191737e-11 3.103982e-09 9.961595e-10 9.118119e-05 3.2725726e-13 1.137679e-11 5.278556e-11 1.9597846e-11 1.00069125e-14 8.552745e-10 4.6836736e-11 2.3221317e-11 4.13398e-12 3.9063156e-15 5.8340954e-12 2.030509e-11 1.8161596e-10 2.7461187e-16 1.572124e-10 6.122753e-11 9.2138956e-11 1.8170907e-11 6.4816486e-11 6.8676087e-13 2.2418471e-12 3.808528e-10 6.788264e-08 3.0667474e-10 3.5493798e-12 1.4954638e-13 1.0437615e-12 4.4556405e-08 8.631727e-16 3.4988934e-12 3.9818778e-12 4.916447e-12 1.0015865e-11
0.038969997 0.91120654 4.840343e-05 0.99993604 1.8582322e-14 0.00015259538 0.09682959 0.98899704 0.27019975 0.590621 0.737267 0.011538235 0.072436765 0.0341103 0.12515868 0.052005935 0.0017535479 0.007431836 1.0281772e-05 0.0186318 0.006954455 3.4906116e-06 0.0056432383 0.0012114878 0.00049757824 0.00030150937 4.9213475e-07 1.3830675e-05 0.00047587615 0.00089310296 0.00011628457 8.0270667e-07 6.410771e-06 0.00026704124 1.7385984e-08 1.667909e-06 0.0009505358 1.155281e-05 1.9615995e-06 0.0005806449 3.952587e-08 5.6163874e-08 1.6796845e-08 0.0005929029 4.1146443e-08 1.5359994e-09 2.599893e-09 9.995716e-11 5.8958055e-10 1.0581017e-06 3.7070963e-12 7.138117e-14 6.723834e-08 1.7067447e-15 6.1698835e-10 6.2306804e-10 2.572125e-08 3.2041584e-08 4.2751267e-12 3.2411225e-09 1.3094344e-09 5.3926703e-09 1.9089461e-11 6.501285e-11 1.1023327e-09 2.7091387e-09 5.3745977e-09 3.6380367e-05 9.2787965e-11 1.7335867e-10 3.0766784e-10 1.8077373e-10 1.9439233e-13 3.0950123e-10 9.440245e-11 1.7008784e-08 1.9101415e-10 2.7389042e-13 2.493185e-11 1.8930944e-10 1.6891565e-07 1.39229855e-14 1.8418579e-08 1.4002469e-08 6.0653943e-10 1.2139215e-10 1.0776683e-09 4.8967193e-12 8.048418e-12 6.942661e-11 4.5086093e-08 1.3175975e-08 4.2247657e-11 6.646242e-13 2.566565e-10 2.5988331e-08 7.2379407e-13 4.4206206e-12 7.811257e-09 4.4614383e-09 1.32972895e-11
0.2430883 0.01470694 0.99992967 0.0021968049 0.00015259538 5.35799e-15 0.998023 0.00014088172 0.07847363 4.040812e-05 0.11318273 0.37231198 0.03267565 8.395147e-06 0.0008826222 0.00014088023 0.510626 0.00014313357 0.10789839 0.0012403633 0.09113048 0.019012965 0.00041424937 0.00055523455 0.0002187759 5.155274e-06 0.0007590846 3.3574761e-07 4.1247358e-07 0.000107117376 2.3774162e-06 0.008939594 3.730225e-07 0.00015617223 0.00010124072 1.1560029e-07 3.7663444e-06 1.0584958e-07 0.0023177161 0.061354592 8.535292e-10 2.0331116e-05 0.0005275807 2.6104748e-05 0.00014532314 3.266462e-09 0.00081361923 2.2526381e-10 2.9717125e-05 2.3490596e-08 5.4357537e-07 2.2273202e-06 8.754954e-09 7.940667e-10 1.6248006e-09 2.3209537e-11 1.6139283e-09 2.7507221e-08 2.9810153e-06 1.6299728e-08 4.5950983e-11 3.621007e-05 2.4619435e-08 1.4707443e-08 6.957041e-08 3.1149114e-06 6.456517e-10 0.0048774187 8.662686e-12 3.4617088e-07 8.1101206e-08 3.6578317e-07 1.3962266e-10 1.7447359e-06 2.0780277e-10 9.640793e-10 1.373438e-09 1.1658398e-09 7.997808e-07 2.2395887e-10 2.684553e-08 3.6452233e-10 2.6591591e-08 6.088652e-08 3.772587e-07 6.266704e-08 7.9942963e-10 5.4410223e-09 4.6632316e-12 1.1910401e-05 8.9278015e-05 2.5713734e-07 3.5057192e-07 4.3919413e-10 7.868135e-10 1.0588603e-05 1.8458484e-13 1.3570683e-07 1.5382093e-10 5.8337593e-09 1.4258466e-06
0.7682538 0.2520182 0.09494185 0.5586218 0.09682959 0.998023 1.0952849e-12 0.11780519 0.9367468 0.02545035 0.90792096 0.97784287 0.70112336 0.00642696 0.101562075 0.01017096 0.5563977 0.02298437 0.21761455 0.03657451 0.24546614 0.021764023 0.013270404 0.01202491 0.0062711355 0.00037997964 0.004536401 0.00016602153 0.00093097414 0.0067887963 8.007728e-06 0.09795189 0.00021346945 0.0060414462 0.0010047394 5.4355314e-05 0.00035798378 2.2069826e-05 0.022941446 0.4172305 1.7041842e-06 0.00047492975 0.0015893573 0.010617215 0.0048911874 3.7066923e-07 0.0001705965 1.2034567e-07 6.6574976e-05 6.331122e-05 6.630846e-07 1.2114131e-06 1.9089483e-05 1.7805048e-07 2.951954e-07 5.7719472e-08 1.9708514e-06 6.419413e-05 1.96418e-05 5.034212e-07 4.8219874e-07 0.0027284534 1.7213457e-05 1.4121186e-07 7.965884e-07 0.0009418085 1.0855273e-07 0.08657226 1.3377961e-07 0.0004582212 3.117577e-06 0.00020505245 3.873582e-07 0.00055040297 2.5774044e-08 1.22874335e-05 2.8802847e-07 2.4181932e-07 2.3613031e-06 1.5750722e-09 3.9086193e-05 5.729398e-09 1.9355937e-05 1.6238148e-06 9.051623e-05 3.7863447e-05 2.5643265e-08 4.910757e-07 1.4776204e-10 2.7552787e-05 0.005224763 6.036168e-06 2.2456372e-06 7.035582e-09 2.792094e-07 0.0015562652 1.8617659e-10 9.72494e-07 6.770911e-08 2.7435856e-06 0.00030960166
0.14929599 0.007714092 2.7423785e-05 0.6581829 0.98899704 0.00014088172 0.11780519 4.0616933e-11 0.8093131 0.9985655 0.958791 0.059844278 0.2874344 0.5917158 0.54597694 0.05956732 0.007976813 0.03895423 6.410212e-05 0.022849126 0.0036623732 1.6485206e-05 0.016396346 0.0012048499 0.00022459438 0.00029226075 9.010429e-07 7.8971425e-05 0.00015908183 0.0002600279 4.829849e-05 2.1139372e-06 3.1378917e-05 7.830025e-05 3.7522334e-08 5.0688086e-06 0.0010545944 1.3376558e-05 7.356851e-06 0.0008490863 6.745156e-08 8.795031e-07 4.3320765e-06 0.0024426905 5.0782628e-08 8.6882315e-09 1.0896547e-08 8.7681185e-10 3.0504566e-08 2.8948373e-06 2.2254217e-10 8.319549e-12 9.1165234e-08 1.9823885e-13 1.07387494e-08 1.9397457e-09 2.5732733e-08 3.3518486e-07 5.1158516e-10 4.593657e-09 1.4041939e-09 2.602221e-08 8.788177e-10 4.7236193e-09 1.4016626e-09 1.6980024e-07 1.2196666e-08 9.601262e-05 7.2707555e-11 3.345525e-09 8.42794e-10 3.315978e-09 4.727641e-12 9.7964524e-08 1.4622542e-09 1.2013595e-09 3.6030848e-10 4.969147e-12 1.3131712e-09 8.6207175e-09 5.025985e-07 3.9364336e-12 2.4090447e-08 3.7584416e-09 2.83695e-09 1.3548032e-10 3.8408884e-10 2.1159802e-10 1.8476932e-10 6.801405e-08 1.0707463e-05 3.1996755e-08 4.634342e-09 1.3190073e-09 1.4587415e-09 1.1141392e-05 5.45055e-12 1.0827822e-09 2.6558478e-09 3.5612338e-08 1.8707093e-08
0.89096254 0.008042558 0.0037422134 0.5385854 0.27019975 0.07847363 0.9367468 0.8093131 1.0109289e-12 0.53538245 0.96775687 0.9745461 0.9874322 0.5587319 0.35916367 0.025571877 0.780419 0.31929803 0.05000269 0.505185 0.24358219 0.03745604 0.02025165 0.074758574 0.037875816 0.00077478035 0.014913019 0.0015398791 0.003790278 0.008617259 2.1255277e-05 0.0022430422 0.00053699646 0.011029539 0.00040304783 0.00031550272 0.00083072943 0.000353898 0.021937178 0.22154312 2.5458055e-06 0.0013544199 4.3695505e-05 0.04764908 0.0013770385 1.647865e-07 3.9717045e-07 2.8144032e-07 1.9616398e-05 0.00046380013 1.1315931e-08 1.4103224e-08 0.00014674394 6.6660606e-09 4.548526e-07 1.5469817e-06 2.104675e-05 7.121768e-05 1.4165035e-07 4.5771035e-08 7.042601e-06 1.7712291e-05 1.0108312e-05 2.596984e-07 3.1859113e-07 0.000548174 4.7935237e-07 0.09419478 1.2067927e-06 4.398067e-05 7.0761544e-06 4.6558785e-06 2.020344e-08 7.2912466e-05 5.8335363e-09 3.8478574e-05 3.03315e-08 2.7516563e-08 2.6481048e-08 3.0301607e-08 0.00070603105 5.548525e-10 2.0218245e-06 7.1631584e-06 2.1374313e-05 5.3603577e-07 5.7469453e-08 1.02931025e-07 1.2628155e-10 3.646926e-05 0.0040692277 2.9431007e-08 1.4111279e-05 7.820519e-08 3.746255e-08 0.00072977593 2.4090996e-08 5.209467e-09 9.4734435e-07 4.3229397e-06 2.2611057e-06
0.6769424 0.00036746322 9.854548e-08 0.16156039 0.590621 4.040812e-05 0.02545035 0.9985655 0.53538245 1.1628981e-11 0.95868224 0.035418812 0.3954557 0.9694917 0.8696384 0.74211663 0.00048111842 0.22390771 1.01090845e-05 0.040110085 0.0048931986 6.665976e-06 0.13331361 0.00080100686 0.00016170432 0.0011007744 3.197135e-06 0.00013562449 0.0014047573 0.0015041884 0.0013925367 7.337204e-06 0.00031186658 0.00036387792 6.202944e-07 0.00043495136 0.10637518 0.004395275 7.9704136e-05 0.0021445185 0.00013453068 3.5137643e-06 3.8126384e-06 0.031853292 4.3516416e-06 9.70763e-07 2.7048136e-08 1.8712054e-08 1.7560211e-07 1.4354907e-05 2.8636868e-09 3.141384e-10 6.0674578e-05 2.3119097e-11 1.263424e-06 9.6356914e-08 8.709806e-06 6.7920046e-05 7.2997025e-10 1.4462769e-06 1.8001328e-05 1.764116e-06 2.0061936e-08 4.1443284e-09 1.0485505e-08 7.786462e-07 5.3926806e-07 0.00076380913 2.878654e-07 1.5365461e-07 1.5744511e-08 1.14163035e-08 5.8467974e-11 1.827209e-06 5.2625927e-07 2.1485163e-05 1.4210496e-09 7.3581763e-10 4.2100197e-08 2.0332092e-08 0.0003711418 1.0022361e-11 1.8125895e-05 5.4642123e-06 1.9909602e-07 2.6086367e-08 1.05570734e-07 1.1699988e-09 2.402541e-09 3.6613324e-07 7.58049e-05 6.2043664e-06 8.374009e-09 2.9683428e-10 8.3098286e-08 1.2509235e-05 5.5200586e-09 7.178695e-10 1.8732651e-05 2.4940296e-05 2.1018234e-08
0.8684836 0.03380473 0.019981455 0.79666996 0.737267 0.11318273 0.90792096 0.958791 0.96775687 0.95868224 3.6834047e-10 0.57400215 0.973156 0.74241394 0.8966007 0.09888778 0.090572625 0.29133177 0.0006424874 0.22055243 0.023022931 0.0006012507 0.045859348 0.027284576 0.0054223626 0.00045208275 0.0006321695 0.0006101918 0.0041412 0.016185429 0.00055544847 0.0007984275 0.0004718062 0.007488711 0.00014052089 0.0006001805 0.005044899 0.00048817435 0.002611405 0.026379876 8.974342e-05 0.0006633624 0.00060182635 0.054729056 9.4547344e-05 8.558924e-06 2.5034794e-06 2.5784886e-06 8.594992e-05 0.0003468538 1.3547718e-07 2.2969932e-06 0.00010093762 5.346983e-08 1.949534e-05 8.570113e-06 6.412799e-05 0.00016313663 6.768906e-07 8.2997906e-07 3.8709088e-05 5.119755e-07 1.6661119e-05 2.4696783e-06 5.672497e-07 0.00017267214 8.531094e-06 0.02119937 1.6949482e-05 3.1041247e-05 1.9160301e-07 2.8432098e-05 4.415487e-09 6.6983965e-05 1.554459e-08 1.0019974e-05 1.2677498e-06 5.5276024e-09 4.245605e-08 2.7064817e-07 0.0002721124 7.971404e-08 4.35612e-05 2.2378372e-05 1.1827026e-05 7.1420404e-06 9.376768e-08 7.632712e-07 9.388647e-09 7.200222e-05 0.00085342635 1.3070754e-05 9.96037e-08 1.0054164e-07 2.1706353e-07 0.00040923347 4.7207732e-07 1.1506585e-07 1.4587828e-06 0.00025805284 1.1983473e-06
0.976748 0.002980993 0.023829171 0.024500083 0.011538235 0.37231198 0.97784287 0.059844278 0.9745461 0.035418812 0.57400215 7.838651e-15 0.9104382 0.005625901 0.08726319 0.002361541 0.9387243 0.10114847 0.39372483 0.27519035 0.7470587 0.16886042 0.02039446 0.13127927 0.10402834 1.6322634e-05 0.063901715 0.0002891044 0.0027534887 0.054777585 1.2367023e-05 0.083354674 0.00029009895 0.09476408 0.01566572 4.9148144e-05 7.175544e-05 3.1781674e-05 0.3545956 0.8970342 1.1598769e-07 0.0051131654 0.0022772073 0.052940167 0.046581574 9.919022e-08 0.00020763976 9.209535e-08 0.000371749 0.00011451123 4.208059e-07 5.795951e-05 2.5606574e-05 3.705312e-06 1.6106736e-07 4.7323175e-07 2.1816344e-05 1.3733846e-05 1.43323505e-05 2.2243292e-08 7.208017e-06 4.9128485e-06 8.8189685e-05 4.2186975e-06 2.600765e-06 0.006590213 6.3864206e-07 0.4199858 7.90023e-07 0.0021118117 2.0978816e-05 0.00023419668 2.2668463e-08 0.0066755 1.6504221e-09 7.8480025e-07 5.992687e-09 2.7726136e-08 4.1532584e-07 7.863939e-09 6.47431e-05 2.7729081e-09 5.4728748e-08 1.18309394e-07 0.0003189686 4.0965067e-05 9.872038e-09 1.3587571e-05 9.980823e-10 0.00038734713 0.054176062 6.979542e-08 5.2217615e-06 3.56404e-06 1.6544708e-07 0.012220834 1.578423e-08 1.0688589e-05 1.133298e-07 3.9510915e-06 0.0006531835
0.9896985 0.000980135 0.0017378933 0.06822748 0.072436765 0.03267565 0.70112336 0.2874344 0.9874322 0.3954557 0.973156 0.9104382 4.450773e-12 0.474058 0.7630347 0.051693972 0.2202934 0.6407631 0.006974506 0.6937644 0.26429313 0.0024357783 0.056966912 0.23776057 0.08215601 0.00092241494 0.0043855757 0.003943743 0.028658232 0.10933021 0.00011525889 0.0021084398 0.0024430659 0.07472034 0.0004003281 0.000957432 0.00151906 0.00088777597 0.10215083 0.50655407 1.0128538e-05 0.0029886416 9.035435e-05 0.38927755 0.0018108246 1.0473144e-06 6.7824853e-06 5.970525e-07 7.4851796e-06 0.0012600879 2.3103615e-08 7.351324e-08 0.0006426268 8.018891e-08 1.1775834e-06 4.383025e-06 0.0004797729 0.00012394445 3.4262504e-07 4.2333546e-08 0.00010767444 6.2657723e-06 2.814959e-05 3.395874e-07 4.3145315e-07 0.0030205993 7.5346397e-06 0.36284396 3.5071607e-05 0.00033794896 2.5975203e-06 2.2307586e-05 3.7524175e-09 0.001404835 4.8053163e-08 5.528863e-05 1.278676e-07 6.560786e-09 6.9678205e-09 6.586216e-08 0.0014447392 5.2685906e-10 1.0038333e-06 2.995821e-06 7.354336e-05 1.5160813e-06 4.131661e-07 3.6122337e-06 2.4297922e-08 7.467903e-06 0.01949819 5.761628e-07 1.8239838e-05 5.307997e-07 2.4700395e-07 0.004893735 1.818614e-06 1.0978273e-06 1.5895338e-06 3.584366e-06 9.620349e-06
0.6433862 1.8867335e-05 3.886664e-08 0.007293417 0.0341103 8.395147e-06 0.00642696 0.5917158 0.5587319 0.9694917 0.74241394 0.005625901 0.474058 3.1127874e-12 0.98785406 0.99136627 0.00418299 0.8553331 7.150215e-05 0.23830372 0.0067405757 0.00021576753 0.22131144 0.008593107 0.0019489367 0.0065545584 5.6973113e-05 0.002069899 0.0061751977 0.0045281127 0.00068609766 1.43823545e-05 0.0010375521 0.0013084835 3.2090636e-06 0.00093537895 0.03352135 0.003815116 0.00056706613 0.0014833984 0.00024094379 0.00010094002 2.8491597e-05 0.058060076 1.4919796e-05 5.8622754e-07 6.101138e-08 5.7483042e-08 5.0909847e-07 0.00012033302 1.4401463e-10 4.8407697e-12 0.00027485748 5.1153146e-14 5.9327385e-06 1.558131e-06 7.760026e-05 0.00016783892 1.9132673e-09 8.041338e-06 3.589273e-05 2.1904614e-07 8.9388976e-08 6.01882e-08 3.1829003e-08 2.9836647e-05 5.818824e-07 0.0020752852 1.2549047e-07 1.1740925e-06 1.9138623e-07 8.7714554e-08 1.4100534e-12 3.741899e-06 1.9040225e-07 1.7621494e-05 1.1777838e-09 7.897344e-11 1.2687075e-08 1.0808106e-07 0.00047714313 1.294495e-13 4.2287434e-06 1.6681826e-06 2.5012241e-06 2.606586e-09 1.4959696e-08 2.751324e-09 3.4633962e-09 3.015522e-06 8.0514255e-05 3.9310675e-07 6.3849555e-08 7.312984e-10 1.5250619e-08 3.0716023e-05 5.564093e-10 4.6509805e-09 1.5459782e-05 9.642678e-06 9.037796e-07
0.9509943 0.000152771 0.00010314265 0.028345916 0.12515868 0.0008826222 0.101562075 0.54597694 0.35916367 0.8696384 0.8966007 0.08726319 0.7630347 0.98785406 5.6163867e-12 0.9435182 0.008874975 0.9667684 8.996013e-05 0.6197761 0.0054220418 0.00030020502 0.52416396 0.04511024 0.0040659113 0.002216071 0.00039448243 0.002298751 0.013594067 0.03700352 0.0010296422 0.00022589677 0.0015965801 0.0044114534 2.379949e-05 0.0011686073 0.05911057 0.010592417 0.0018846116 0.011252977 0.00028500415 0.00027330435 0.0002109593 0.4870704 1.75259e-05 3.828156e-06 1.7610952e-06 1.5838243e-06 3.6630242e-06 0.00041563952 2.6010449e-08 1.534316e-07 0.0002732264 2.9695432e-10 8.284595e-06 3.4809716e-06 0.00011475207 0.0003884349 1.8082883e-07 5.3885475e-07 1.9510593e-05 7.4050968e-06 4.0239584e-06 2.8191712e-07 6.6839556e-07 0.00013758511 3.4479979e-06 0.029181281 1.3605626e-06 1.9066612e-05 5.234348e-07 2.3151676e-06 1.6553969e-09 0.00012844783 3.1859493e-08 5.0657786e-06 1.8303108e-07 3.564344e-09 3.2646636e-08 1.3287315e-07 0.00069736515 2.9238098e-11 1.3060935e-05 5.1776233e-06 1.1690591e-06 7.011415e-07 2.5759314e-07 3.5662993e-07 2.7635956e-08 6.278142e-06 0.0012679409 1.025013e-05 3.4314857e-07 9.159219e-09 1.8968925e-07 0.0003407987 4.8169063e-08 1.152003e-06 3.7383035e-08 4.812951e-05 1.3168828e-06
0.92598426 0.00016064513 6.6012046e-07 0.0025567522 0.052005935 0.00014088023 0.01017096 0.05956732 0.025571877 0.74211663 0.09888778 0.002361541 0.051693972 0.99136627 0.9435182 6.455359e-14 0.0028123162 0.9309764 0.00020814258 0.36286604 0.0063987114 0.00018114394 0.94363475 0.012012073 0.0011952315 0.54211646 0.00011044705 0.028166002 0.102036595 0.02326377 0.17686988 9.457331e-05 0.030962437 0.0039125923 1.1949932e-06 0.035189155 0.78252673 0.35652325 0.00028305498 0.00094765704 0.059595015 0.00011394758 4.7866693e-06 0.5534503 2.8014892e-06 0.0005152386 5.2515026e-07 3.2262586e-05 1.4850168e-07 0.0005353418 6.5266748e-09 1.2344362e-09 0.010127936 2.0833268e-09 0.0013894172 4.358318e-05 0.001597273 0.00832676 1.4793457e-07 0.00015021027 0.002536489 1.5376763e-07 4.7679208e-08 2.996035e-08 2.0299852e-08 2.7358168e-05 1.808506e-05 0.0029203636 8.4400104e-05 1.8774367e-06 5.3800058e-08 5.7840484e-08 3.6000145e-10 1.1005648e-05 1.4001077e-05 0.001954898 1.3875435e-05 3.6457952e-09 6.4860077e-09 5.8250595e-07 0.013817513 1.1063795e-12 0.0002634845 0.00024807375 2.0714017e-06 1.2256227e-08 7.706749e-07 3.5025378e-09 1.7255252e-07 4.294142e-07 9.735704e-05 0.0032217146 1.9303535e-08 2.3747715e-10 1.085488e-05 9.0459704e-05 4.0051486e-06 1.4116641e-10 0.0008626002 0.00079916714 8.752788e-08
0.79534614 0.005520434 0.07219472 0.0026614137 0.0017535479 0.510626 0.5563977 0.007976813 0.780419 0.00048111842 0.090572625 0.9387243 0.2202934 0.00418299 0.008874975 0.0028123162 9.892824e-14 0.17076652 0.9989256 0.4621515 0.97138363 0.86624545 0.018315757 0.15098791 0.19504921 0.0012451546 0.2773578 0.0021242865 0.014005338 0.03876542 2.383156e-05 0.3391736 0.001426235 0.050831735 0.04219297 0.00033482083 0.0029143037 0.00014525621 0.37296796 0.71796125 5.3547123e-05 0.010829776 0.024235995 0.034285627 0.14302027 3.0573538e-06 0.003179198 8.3887365e-08 0.006019205 0.0013583173 0.00028374634 2.4512197e-05 0.00027485983 8.350484e-07 4.3955052e-07 1.6856195e-05 0.00017767926 0.00015365248 0.00012864251 3.2689522e-07 4.4449393e-05 0.00089622196 0.00020136713 0.00015312777 0.0002178407 0.0047677653 1.4683843e-06 0.33142638 2.5902327e-06 0.0015835762 0.0004881972 0.0007939836 4.0339154e-07 0.0064154994 5.9627805e-09 5.530764e-06 2.8871685e-07 5.989525e-08 1.780972e-05 3.906359e-08 0.0004022284 3.3874496e-08 2.1260475e-06 1.4214571e-06 0.00036273315 6.3830776e-05 1.2493103e-07 1.29192495e-05 7.709086e-09 0.0012164538 0.0114699155 1.7257005e-06 8.603209e-05 6.0211382e-06 1.0495791e-08 0.0019908892 9.615964e-10 7.766865e-06 2.8798497e-06 2.360254e-06 0.00030964304
0.9716036 1.2501542e-05 1.1119632e-05 0.0012212382 0.007431836 0.00014313357 0.02298437 0.03895423 0.31929803 0.22390771 0.29133177 0.10114847 0.6407631 0.8553331 0.9667684 0.9309764 0.17076652 9.659118e-15 0.008956525 0.9845356 0.14608775 0.022589315 0.9044972 0.5785831 0.23408377 0.29797497 0.008847135 0.06338608 0.1847579 0.26968879 0.007232023 0.00017380333 0.021084066 0.0973614 0.001117673 0.033956945 0.048884757 0.023532739 0.059029225 0.08476431 0.0035013997 0.015148552 2.631167e-05 0.64871144 0.000966878 5.55508e-06 3.4004756e-07 2.7832848e-06 7.1972527e-06 0.017693393 4.185725e-09 4.9789117e-11 0.004797805 3.1771652e-10 1.1367618e-05 0.00011367559 0.0031025 0.00085281866 4.0390255e-08 1.8181527e-06 0.0016744229 7.534927e-06 3.2842796e-05 1.6638093e-07 4.1287976e-07 0.0038403766 1.5078747e-05 0.123116784 0.00010968059 0.0005347547 1.3628572e-06 4.9916446e-07 1.4622014e-09 0.00039002884 5.448544e-08 0.00042100082 2.9881838e-07 6.5614086e-10 2.231067e-09 8.518423e-07 0.010472281 6.8996224e-12 3.711372e-05 2.8259252e-05 1.9638823e-05 9.743916e-07 1.1493518e-06 2.2946953e-07 5.84003e-08 2.303067e-06 0.007033339 1.3139761e-08 1.7211348e-06 2.4616912e-07 1.4281784e-07 0.0037652694 2.5223193e-07 6.155984e-08 1.508063e-05 1.1548933e-05 2.2043699e-07
0.87958634 0.0003306781 0.0013139324 1.2931552e-05 1.0281772e-05 0.10789839 0.21761455 6.410212e-05 0.05000269 1.01090845e-05 0.0006424874 0.39372483 0.006974506 7.150215e-05 8.996013e-05 0.00020814258 0.9989256 0.008956525 4.8349096e-16 0.01903265 0.89280206 0.96474075 0.0014885631 0.035456937 0.062565364 7.187084e-05 0.54283416 0.00032373806 0.001501817 0.013558382 2.6500086e-07 0.87115073 0.0002249768 0.050481427 0.30744305 4.76267e-05 3.520948e-05 3.6542665e-06 0.7286244 0.88091904 5.7380925e-07 0.052026764 0.09512743 0.0022384468 0.39805314 5.3149364e-07 0.009311122 6.964525e-09 0.018365033 0.00027636884 0.00033035313 0.0005970148 5.25256e-05 0.0002452493 1.9774992e-08 2.8606982e-07 3.137718e-05 6.3562793e-06 0.003553289 8.310225e-08 5.63594e-06 0.0044157216 0.0006458723 0.00019963286 0.00025221377 0.014648647 1.604535e-07 0.5257519 4.7678782e-07 0.00795715 0.0003442352 0.0011245183 1.5155039e-05 0.016805595 6.2594734e-09 1.0193245e-06 5.5230496e-09 1.4160854e-06 0.00013795104 1.3808725e-08 3.368763e-05 8.075852e-08 2.6713902e-08 4.7415374e-09 0.0011451353 0.0001438925 2.903091e-09 5.589748e-05 1.9748059e-10 0.0006948746 0.028486151 2.4325e-08 2.3556227e-05 3.5140995e-06 5.8619674e-09 0.0052922396 8.93334e-12 3.8360773e-05 3.4291713e-08 3.899081e-07 0.0015374712
0.99122953 0.00012744425 5.6397977e-05 0.006804793 0.0186318 0.0012403633 0.03657451 0.022849126 0.505185 0.040110085 0.22055243 0.27519035 0.6937644 0.23830372 0.6197761 0.36286604 0.4621515 0.9845356 0.01903265 7.390469e-14 0.57314986 0.11898965 0.93564713 0.9084499 0.6483967 0.3402343 0.025197819 0.13378273 0.31982294 0.57830447 0.0011148085 0.0005255404 0.03955199 0.29338387 0.0075869057 0.021442017 0.012948756 0.012691773 0.22569728 0.20592263 0.0010145219 0.025968807 0.00014572006 0.72129387 0.009262518 9.158918e-06 2.9818472e-07 1.365753e-05 5.7180772e-05 0.020965 5.7077654e-10 3.4827308e-10 0.008342274 7.966172e-09 2.7834829e-05 0.0004449259 0.0055157365 0.0027408008 9.905366e-09 3.6141878e-06 0.0027144707 3.0633907e-07 0.00041696435 2.293946e-06 4.2006513e-06 0.008611594 5.985828e-05 0.3261519 9.2649854e-05 0.0014155757 3.357604e-05 4.232205e-06 1.6097006e-10 0.002166669 1.6290956e-07 0.0014234296 3.0344708e-07 1.7523105e-09 6.1386505e-09 2.577965e-06 0.017477646 6.797514e-12 5.7393183e-05 2.3855073e-05 0.000120158125 1.0027e-05 1.0006008e-06 2.608031e-05 1.4937073e-06 0.000120860444 0.03502941 2.043326e-07 5.548848e-06 3.7361365e-06 7.916762e-09 0.012982377 5.0715744e-06 3.721828e-07 2.0897385e-05 1.841743e-05 2.7599546e-05
0.97921 0.0005209431 0.0043783253 0.003162346 0.006954455 0.09113048 0.24546614 0.0036623732 0.24358219 0.0048931986 0.023022931 0.7470587 0.26429313 0.0067405757 0.0054220418 0.0063987114 0.97138363 0.14608775 0.89280206 0.57314986 7.882919e-13 0.9301272 0.03895862 0.5265679 0.56151325 0.0025702752 0.5035933 0.006675102 0.028640453 0.14591348 5.987918e-05 0.11705819 0.0034994301 0.2881069 0.15073156 0.0018365075 0.001804854 0.0007844666 0.7250501 0.95781404 0.00014846947 0.07125111 0.00941523 0.28318167 0.27012733 3.4168709e-06 0.0013995616 4.6610117e-07 0.006077228 0.006107181 8.149414e-06 6.1397254e-06 0.0010480013 1.2110459e-06 2.2219832e-05 6.8126334e-05 0.00232182 0.00038750048 4.408841e-06 5.7629927e-06 0.0012473902 0.0002459161 0.00052669115 5.665312e-05 0.00032869133 0.02557804 2.7351305e-05 0.9042468 3.36001e-05 0.009116776 0.0009079371 0.0029831515 2.103603e-07 0.065782905 2.0127007e-07 0.00046907843 6.9170426e-08 1.9505346e-07 5.0104984e-07 2.5159144e-07 0.008737806 4.0027865e-09 2.3759825e-05 5.019882e-05 0.0012069171 0.0002572371 4.0031338e-07 0.00012357444 3.6604382e-07 0.0010499036 0.07952101 3.1644635e-07 2.0522119e-05 3.257149e-05 4.6616205e-07 0.03941713 9.281754e-07 4.222585e-06 6.879404e-05 8.5756685e-05 0.0009416514
0.942103 1.9753987e-05 0.00014410027 1.8845936e-05 3.4906116e-06 0.019012965 0.021764023 1.6485206e-05 0.03745604 6.665976e-06 0.0006012507 0.16886042 0.0024357783 0.00021576753 0.00030020502 0.00018114394 0.86624545 0.022589315 0.96474075 0.11898965 0.9301272 5.4945713e-14 0.0056477394 0.12295324 0.38451657 0.0006584757 0.97784555 0.0036608104 0.0071786554 0.046891887 2.0885967e-07 0.96215534 0.001309659 0.11512338 0.7248617 0.00032712962 7.430008e-05 2.8996753e-06 0.8238702 0.8101248 9.405737e-07 0.21294264 0.17290963 0.008845456 0.6424358 2.8821398e-07 0.09856903 4.4564228e-08 0.046925463 0.005953915 0.008095652 0.0066364147 3.0035924e-05 0.0015632339 5.141862e-07 1.4225577e-05 0.00029735765 1.6462425e-05 0.015085889 3.8691147e-07 3.854354e-05 0.15233196 0.009135594 0.005992403 0.012501191 0.035766866 1.1068889e-07 0.79190665 1.4082515e-06 0.015711239 0.005447831 0.012016874 0.00029593153 0.048647903 2.6306664e-08 1.3327882e-06 2.0104234e-07 0.00033223268 0.00079708884 2.5621011e-07 0.0001558843 0.00025546196 2.4712495e-08 3.032874e-07 0.004190235 0.004636562 8.541192e-09 0.00054766843 2.678869e-09 0.0053695114 0.090140544 1.0978738e-09 0.008396462 0.000308039 3.1316716e-08 0.014765771 2.723251e-09 0.001579488 4.335148e-06 1.1888776e-06 0.0030168553
0.8951853 0.00011206893 4.3509466e-05 0.0016379247 0.0056432383 0.00041424937 0.013270404 0.016396346 0.02025165 0.13331361 0.045859348 0.02039446 0.056966912 0.22131144 0.52416396 0.94363475 0.018315757 0.9044972 0.0014885631 0.93564713 0.03895862 0.0056477394 3.851346e-12 0.28855422 0.075259596 0.991919 0.0022211561 0.50981605 0.4482657 0.18893799 0.058517274 0.00034210057 0.3207827 0.042895813 0.0001754768 0.27473894 0.8478895 0.6301076 0.0033796974 0.0027613305 0.06777091 0.008720305 6.720145e-05 0.4582187 0.00013800735 0.003565448 1.4704002e-05 0.0026002196 1.3833195e-05 0.010338453 2.6189227e-07 1.2868489e-07 0.014461419 1.2650819e-06 0.0029611147 0.0007532571 0.009615786 0.008571458 4.2073107e-06 0.00055868836 0.0052574966 5.7822365e-07 0.00010178528 9.194275e-06 2.2977589e-05 0.0013629056 0.0012844821 0.008888414 0.0006375017 0.00042013868 2.3456112e-05 3.6483295e-06 3.8230715e-07 0.00049348833 0.0007571773 0.0014939888 0.0006587357 1.5613625e-07 6.331716e-08 0.00025245297 0.0209847 9.647727e-10 0.0003796949 0.00086306926 0.00024208112 3.390234e-05 0.0004506667 6.919099e-05 0.00014140113 2.3675662e-05 0.005048636 0.0018873805 1.8419923e-05 7.5377516e-06 2.5970212e-05 0.0030165995 0.0001128539 0.00016326769 0.0014871442 0.0008272185 0.000137978
0.9815613 4.989817e-05 4.2229138e-05 0.00054835336 0.0012114878 0.00055523455 0.01202491 0.0012048499 0.074758574 0.00080100686 0.027284576 0.13127927 0.23776057 0.008593107 0.04511024 0.012012073 0.15098791 0.5785831 0.035456937 0.9084499 0.5265679 0.12295324 0.28855422 1.5018797e-11 0.99524575 0.06598405 0.099646926 0.2481754 0.5602571 0.9488541 0.00045124925 0.0006095555 0.10020728 0.792111 0.06238644 0.02303358 0.009004503 0.0016237771 0.26158258 0.3412766 0.0005833568 0.34402806 0.0004917567 0.62645376 0.021617025 0.0001396272 3.0554198e-05 0.00023466976 0.0002756623 0.30833313 2.0615843e-07 2.1181212e-09 0.013933086 7.1764537e-09 0.00033895212 0.00804066 0.06550935 0.0017966316 1.3607352e-06 7.2837276e-05 0.03177894 9.504342e-06 0.007577972 0.0005618033 0.0007896322 0.049772423 0.0017106872 0.36713588 0.001493171 0.012543389 0.0013450895 6.8549685e-05 1.1972534e-07 0.007841499 2.7096728e-06 0.0008386882 1.69984e-05 1.9536361e-07 3.2918146e-07 0.00013567443 0.030052625 6.2749866e-10 6.019833e-05 5.8898517e-05 0.001259623 2.4578469e-05 4.715644e-05 0.00017754563 4.4304277e-05 0.00016768709 0.024914399 9.298742e-06 4.898016e-05 3.2757805e-05 2.2168929e-07 0.02168208 4.9941377e-06 1.7361126e-05 7.0028625e-05 9.912565e-06 1.1737371e-05
0.96961766 4.1100975e-05 1.9735287e-05 0.00011045442 0.00049757824 0.0002187759 0.0062711355 0.00022459438 0.037875816 0.00016170432 0.0054223626 0.10402834 0.08215601 0.0019489367 0.0040659113 0.0011952315 0.19504921 0.23408377 0.062565364 0.6483967 0.56151325 0.38451657 0.075259596 0.99524575 3.307423e-14 0.011898368 0.3862763 0.1041537 0.28163886 0.8831447 8.4380306e-05 0.0061726538 0.033123862 0.95539904 0.35316962 0.007848521 0.0006574112 0.00025263673 0.57721364 0.78902394 2.4453195e-05 0.6858636 0.0014760018 0.3735001 0.056659684 1.3876838e-05 0.000142159 2.1617356e-05 0.0021907135 0.251058 3.671101e-07 2.1635886e-08 0.0036318142 2.777764e-08 4.565401e-05 0.0029479722 0.018981475 0.00023530849 3.3886238e-07 2.6827463e-06 0.0041433037 4.3152726e-05 0.022263026 0.0013267843 0.0013697818 0.12653233 0.00014624227 0.59054756 0.00028251237 0.03431776 0.005263356 0.00032299577 1.4406486e-07 0.037197705 2.4026193e-07 0.00023505658 5.285478e-07 1.1489994e-07 2.76462e-07 5.6438894e-06 0.004799038 6.5940525e-10 1.8093451e-06 2.3989276e-06 0.007369966 0.000108076696 1.061326e-05 0.0014681129 6.8754844e-06 0.00049725454 0.093114205 8.188881e-08 0.00010387768 0.00032056932 1.5782554e-07 0.07024161 1.0346539e-06 8.305777e-05 1.0430508e-05 4.4078345e-07 0.00011511356
0.37493372 4.0095897e-06 1.0336662e-07 1.3522444e-05 0.00030150937 5.155274e-06 0.00037997964 0.00029226075 0.00077478035 0.0011007744 0.00045208275 1.6322634e-05 0.00092241494 0.0065545584 0.002216071 0.54211646 0.0012451546 0.29797497 7.187084e-05 0.3402343 0.0025702752 0.0006584757 0.991919 0.06598405 0.011898368 6.3689627e-15 8.32465e-05 0.52622676 0.09653348 0.04419754 0.9983735 5.190769e-06 0.1483431 0.004471112 2.2365111e-06 0.32128885 0.8441685 0.6230754 3.9802748e-05 8.146294e-05 0.20688888 0.0012319261 1.139665e-06 0.047934555 9.256098e-06 0.11905023 5.852664e-06 0.18025562 1.928575e-07 0.008825562 1.4858284e-07 2.6546978e-09 0.017228857 2.7869183e-08 0.0107042845 0.0016502753 0.008214102 0.0069894716 1.1365963e-08 0.0007388833 0.0065373722 7.074313e-08 4.404059e-06 1.6986513e-06 9.549503e-07 5.954042e-05 0.0011786779 0.0003487574 0.001060628 6.5330305e-06 1.8542789e-05 1.0030495e-06 4.6878164e-09 8.614016e-06 0.0006613256 0.0004679154 0.114081286 5.968283e-07 1.8684763e-07 0.0022836989 0.0032511703 3.8922393e-10 7.159174e-05 0.0001617239 2.1264845e-05 3.70163e-07 0.00017020552 2.3219549e-07 5.797018e-05 7.0445924e-07 0.00093821913 0.0010915978 4.267872e-06 7.147658e-07 2.6478463e-05 0.0008202032 3.1760097e-05 3.4200202e-08 0.0001059374 8.20882e-06 8.448316e-06
0.8359467 5.136152e-07 1.2969963e-05 1.8909141e-07 4.9213475e-07 0.0007590846 0.004536401 9.010429e-07 0.014913019 3.197135e-06 0.0006321695 0.063901715 0.0043855757 5.6973113e-05 0.00039448243 0.00011044705 0.2773578 0.008847135 0.54283416 0.025197819 0.5035933 0.97784555 0.0022211561 0.099646926 0.3862763 8.32465e-05 7.22355e-11 0.0047066654 0.008477105 0.061806872 3.922819e-06 0.95516586 0.0016095812 0.22869286 0.99487567 0.00079474907 3.5419904e-05 3.220493e-06 0.75162864 0.13587148 1.3656702e-06 0.39545617 0.21235159 0.0056343973 0.61845976 9.142617e-06 0.14312972 2.6886536e-07 0.09164016 0.030972349 0.015547898 0.0020515397 0.00022360697 0.0007522 1.7894666e-06 0.00022175623 0.00073689746 5.039957e-05 0.021028697 1.1753574e-06 0.00036295134 0.31773603 0.01505565 0.043488078 0.03523335 0.020675708 1.9351488e-05 0.3674454 2.0388432e-05 0.015080315 0.020092048 0.011052429 0.0042606243 0.027508242 2.605822e-08 3.022913e-06 5.155428e-07 5.2341984e-05 0.00048619465 6.22794e-07 5.6786455e-05 0.002338752 5.4835844e-08 1.5336775e-06 0.0031093555 0.009530866 4.4978556e-08 0.0012573487 2.291818e-08 0.0007920067 0.021883462 9.305515e-09 0.15802985 0.0013381165 1.4732487e-06 0.0056249406 1.14508644e-07 0.011090408 7.1163126e-06 3.0118172e-06 0.0010587225
0.8830724 1.2220711e-06 1.4943677e-07 1.7318798e-06 1.3830675e-05 3.3574761e-07 0.00016602153 7.8971425e-05 0.0015398791 0.00013562449 0.0006101918 0.0002891044 0.003943743 0.002069899 0.002298751 0.028166002 0.0021242865 0.06338608 0.00032373806 0.13378273 0.006675102 0.0036608104 0.50981605 0.2481754 0.1041537 0.52622676 0.0047066654 6.379407e-11 0.9887809 0.69920594 0.037232105 9.135627e-06 0.9900224 0.1293388 0.0016148926 0.9351677 0.26122066 0.30702665 0.0033048217 0.0055621527 0.030795168 0.104496576 3.437283e-05 0.7580394 0.0005798926 0.01477456 6.2616923e-06 0.012701689 6.375746e-05 0.558815 6.400819e-08 4.1019166e-09 0.07853966 2.55024e-08 0.0076781684 0.041536476 0.19415137 0.01699648 1.3057334e-07 0.0020132104 0.09548549 1.3971038e-07 0.005462551 7.997176e-05 0.00010183111 0.0133995665 0.018791553 0.03849733 0.02120312 0.0048735826 0.0003056934 2.8285851e-06 6.297255e-09 0.0028539936 0.00028677308 0.005576889 0.0013615725 1.9691736e-08 3.936126e-08 0.0039145807 0.033156205 1.851694e-10 0.00030499307 0.0006535726 0.00085763563 4.60821e-06 0.0016833746 0.00015095848 0.0016966438 3.1024556e-05 0.010839716 8.776188e-05 3.1912026e-05 3.5289453e-05 3.0502301e-06 0.012192971 0.00041163992 1.2463757e-05 0.00068404456 8.9134075e-05 2.4147757e-05
0.9807359 1.7283508e-06 4.640162e-07 8.41534e-06 0.00047587615 4.1247358e-07 0.00093097414 0.00015908183 0.003790278 0.0014047573 0.0041412 0.0027534887 0.028658232 0.0061751977 0.013594067 0.102036595 0.014005338 0.1847579 0.001501817 0.31982294 0.028640453 0.0071786554 0.4482657 0.5602571 0.28163886 0.09653348 0.008477105 0.9887809 4.665e-13 0.9349477 0.0026948627 4.0830605e-06 0.8732572 0.48477477 0.0016304938 0.52792346 0.04548184 0.026977342 0.008020228 0.013556806 0.0024554173 0.32621387 3.349976e-05 0.94245046 0.0005480925 0.0006836608 1.3461609e-05 0.0009316128 6.770475e-05 0.67152447 1.4169068e-08 1.5306884e-09 0.017901983 2.9346519e-09 0.00091025286 0.007047039 0.10987091 0.001663267 7.49401e-09 5.49048e-05 0.021732254 1.0156743e-07 0.0066109574 0.00011324892 3.9399067e-05 0.09119416 0.00072791823 0.15807472 0.0008388169 0.012603343 0.00029986165 4.2909633e-06 1.1431273e-08 0.0072204424 7.6132114e-06 0.0005064352 4.9977083e-05 2.8882633e-08 1.4034556e-08 0.000111910114 0.02627003 1.4152949e-11 2.128814e-05 8.787833e-06 0.0012867927 2.528831e-06 5.6415247e-05 0.00043991182 1.3272562e-05 3.479128e-05 0.051927824 1.2033116e-06 1.5618361e-05 3.3801356e-05 1.375449e-07 0.06724599 9.242566e-06 2.359931e-05 2.1235239e-05 6.4524124e-06 1.2579207e-05
0.9887688 5.846767e-06 5.895131e-06 5.614763e-05 0.00089310296 0.000107117376 0.0067887963 0.0002600279 0.008617259 0.0015041884 0.016185429 0.054777585 0.10933021 0.0045281127 0.03700352 0.02326377 0.03876542 0.26968879 0.013558382 0.57830447 0.14591348 0.046891887 0.18893799 0.9488541 0.8831447 0.04419754 0.061806872 0.69920594 0.9349477 5.96786e-11 0.0010735464 0.000114321694 0.38982168 0.9755777 0.03104099 0.14784755 0.009002713 0.0055325264 0.13914081 0.16334994 0.0012318194 0.72429574 0.00025210148 0.8166328 0.0047548083 0.0006708997 4.6614605e-05 0.0007030442 0.000112265545 0.8433668 5.4774492e-08 3.7638845e-10 0.009574385 2.6444985e-10 0.00046823657 0.024031788 0.20884357 0.0011960781 5.200664e-08 7.0847345e-05 0.046821855 3.4094758e-06 0.024292434 0.00063849415 0.00060902676 0.17215393 0.0023724313 0.36206 0.0016850176 0.023296224 0.0015958098 1.18652215e-05 4.8313775e-09 0.009605228 8.614666e-06 0.00060022686 1.0288178e-05 2.0910033e-08 5.237586e-08 0.00030759955 0.035492104 4.643167e-11 1.7345057e-05 2.125917e-05 0.0039723534 9.331933e-06 0.00012569007 0.0007330664 0.00013768107 2.757958e-05 0.061855663 3.1974614e-06 1.8364848e-05 0.00039480784 5.5020763e-08 0.093562566 6.346719e-05 1.2317951e-05 3.5826724e-05 1.7831651e-06 7.136328e-06
0.63137496 5.287371e-06 3.9793502e-08 5.4586085e-06 0.00011628457 2.3774162e-06 8.007728e-06 4.829849e-05 2.1255277e-05 0.0013925367 0.00055544847 1.2367023e-05 0.00011525889 0.00068609766 0.0010296422 0.17686988 2.383156e-05 0.007232023 2.6500086e-07 0.0011148085 5.987918e-05 2.0885967e-07 0.058517274 0.00045124925 8.4380306e-05 0.9983735 3.922819e-06 0.037232105 0.0026948627 0.0010735464 2.7347922e-12 6.2640693e-06 0.020577151 0.00011211212 1.3978908e-08 0.079572976 0.9395521 0.9500477 8.083083e-07 0.00014510642 0.77726346 1.3184524e-06 2.4196814e-05 0.007144861 2.8273066e-06 0.8208719 1.889555e-07 0.6939983 5.935444e-06 0.00028617994 2.1361106e-09 3.831167e-09 0.06338534 1.0428364e-08 0.12555814 0.0035075527 0.007884463 0.08036613 5.014466e-07 0.038058758 0.011776222 1.989674e-08 5.129759e-07 6.280097e-07 7.440491e-08 2.2100123e-06 0.01126871 0.00013857748 0.003768727 3.4070638e-06 2.34384e-09 2.2590332e-07 1.7500835e-08 2.0382997e-06 0.023393938 0.002887093 0.94345355 7.9336127e-10 7.2718027e-09 0.02645004 0.009821875 1.6632738e-10 0.0010632916 0.0052538733 8.40278e-08 2.1232793e-08 0.0018246382 1.0391314e-08 0.0008528389 9.334669e-07 0.0001401225 0.010988707 5.6237628e-08 1.294081e-08 0.00025201374 5.2212803e-05 0.00073035684 6.2279035e-09 0.0013522141 0.0009347088 1.0164049e-07
