1.5221396e-14 0.9986453 0.9882069 0.9748601 0.93724716 0.9932187 0.88302994 0.8937175 0.997463 0.9346406 0.99531525 0.9407722 0.9775447 0.99535763 0.8970588 0.835463 0.9950487 0.90632993 0.95592296 0.8698221 0.84657186 0.9997083 0.5737162 0.9925994 0.9641375 0.9875435 0.9878862 0.9501568 0.94340247 0.12865867 0.99586713 0.98674494 0.6937088 0.9992527 0.62787116 0.98881525 0.91411924 0.99521387 0.99594694 0.109489754 0.8755338 0.8646666 0.88576984 0.9934155 0.89028686 0.9999543 0.041358773 0.22167537 0.014694877 0.99772334 0.24686638 0.97414327 0.8514738 0.9891529 0.9875442 0.9072302 0.9964168 0.9981646 0.99453914 0.09232113 0.96609336 0.13234127 0.9865924 0.97956425 0.9854932 0.84045774 0.9786863 0.9801997 0.39169848 0.9532018 0.007191706 0.9824823 0.98230165 0.0070864777 0.9361433 0.021959271 0.97086984 0.9719921 0.81048083 0.87536585 0.18709427 0.98238575 0.66936225 0.9509852 0.12246459 0.8531802 0.082965665 0.96909064 0.89564574 0.984284 0.647464 0.7780591 0.71189696 0.65682447 0.95115757 0.71504587 0.019951692 0.82943636 0.5884033 0.5468636 0.15700802
0.9986453 1.04015095e-11 0.7412151 0.9635934 0.42894384 0.013611539 0.72440624 0.46267462 0.041946154 0.15331388 0.37837932 0.9508425 0.042790174 0.020316573 0.9257319 0.5518238 0.022555554 0.0051008337 0.004808838 0.23765078 0.08084562 0.10235156 0.47150093 0.0026427973 0.0018616935 0.0022870358 0.0007853627 0.010317021 0.20026888 0.251181 0.0012806988 0.0027015377 0.002070451 0.03520243 0.0009361174 0.00010524217 0.00029413277 0.00040574162 6.0254415e-06 0.10184183 0.63021654 0.00082328613 4.5761808e-05 6.86693e-05 8.3511215e-05 0.009694888 0.012917822 0.010893735 0.00015294373 0.00013936181 0.40757447 0.0004188251 0.000116352465 0.00012963342 2.4821975e-06 0.00031690224 0.0014652951 0.00046321837 0.00017940479 0.019337764 0.0001803376 3.4532793e-08 4.5537013e-06 1.8983024e-05 1.4076271e-06 1.9088882e-05 1.0461076e-06 0.00026143278 0.00035148652 2.485465e-07 3.1509066e-05 1.5974658e-05 2.9962066e-06 0.003946678 3.2519176e-06 1.1541529e-06 7.5858486e-07 3.4637138e-05 3.559575e-07 5.585258e-08 2.0113182e-06 2.230245e-06 5.331367e-06 5.6778546e-09 6.5096333e-06 0.00010528654 2.596663e-08 1.1016884e-05 2.8721013e-08 1.9251381e-06 3.0459191e-06 3.2080325e-06 3.997921e-08 6.949478e-09 4.670541e-06 1.6379497e-06 1.00552576e-07 7.100195e-09 1.1702448e-08 7.423385e-07 5.635045e-07
0.9882069 0.7412151 1.4475198e-12 0.9500366 0.66424316 0.022744644 0.9827535 0.65708333 0.4113057 0.84465045 0.7174718 0.8560716 0.40604937 0.47324428 0.32373804 0.75839835 0.010662542 0.09281516 0.04282068 0.051542267 0.47360107 0.6152745 0.08877403 0.013337091 0.0138143785 0.02471453 0.00866475 0.021189487 0.1333605 0.009559067 0.008148831 0.0011628901 0.013210943 0.10783762 0.0031308793 3.535551e-05 0.00022495062 0.0034810416 0.00012517486 0.0037041325 0.15008931 2.69573e-05 2.8453771e-05 0.00022057594 3.550205e-05 0.030137664 0.006387207 0.005703071 9.192359e-05 0.00012540571 0.07341919 0.00043586284 4.5394947e-05 0.00048678642 5.0244776e-06 0.00014322248 0.0024327429 0.0016609489 0.0009725089 0.00024167952 0.00030623845 4.3933987e-10 1.832447e-05 3.8571376e-05 1.2481041e-05 5.2269104e-05 7.7765543e-07 0.0004220096 0.00151026 3.7617965e-06 5.484477e-05 5.9322665e-05 1.1724271e-05 0.00071217783 1.2396923e-05 2.0316772e-07 1.731339e-07 7.109221e-05 3.7188815e-06 2.8542314e-07 2.8461871e-08 2.056531e-06 1.4038707e-06 1.9061655e-08 4.3523592e-08 3.5851456e-06 1.7450018e-10 5.3406584e-06 4.4129865e-07 8.517939e-10 6.176789e-08 4.5941044e-07 1.6360517e-09 4.944601e-09 9.605345e-07 1.2971423e-05 8.26353e-09 1.77223e-08 5.9413243e-09 8.104425e-09 1.3304871e-08
0.9748601 0.9635934 0.9500366 5.919344e-10 0.48355854 0.045326237 0.9507625 0.3950894 0.16669199 0.47812843 0.24038042 0.9612171 0.12188916 0.042352494 0.76758903 0.7221339 0.009536593 0.0063453056 0.0034269257 0.09994835 0.30117196 0.101076156 0.2024678 0.0026709766 0.0009528707 0.0011800207 0.0006524759 0.027687319 0.42153636 0.040358286 0.0005029862 0.0010026852 0.005337951 0.014052439 0.0014518739 0.00011480089 0.00033894484 0.000177174 8.261738e-06 0.042537272 0.8435727 0.0005409659 2.4647547e-05 6.519304e-05 7.251886e-05 0.0027099985 0.008678154 0.02732932 8.51295e-05 8.894467e-06 0.32414392 0.00022822739 5.4286673e-05 5.8958453e-06 5.376708e-06 9.07496e-05 0.00026546264 0.00027031067 6.9024536e-06 0.00910919 7.43248e-05 1.9336468e-09 1.7625149e-06 5.1394886e-07 2.3894793e-06 6.0297416e-06 2.5038912e-07 1.229279e-05 0.00033731945 3.3896163e-07 1.3330597e-05 1.2696688e-06 1.9703337e-07 0.004473978 3.2547948e-07 1.4112401e-06 3.4453187e-08 1.2201805e-05 3.5396465e-07 4.2336858e-08 6.0174536e-08 2.2269009e-07 1.2333392e-06 3.4538722e-08 1.9942584e-06 4.4976678e-06 2.056006e-09 1.1274927e-05 8.628433e-09 6.115421e-08 4.496466e-08 1.918956e-07 5.2397443e-08 1.0092451e-08 5.1037017e-07 4.290939e-06 1.888747e-08 4.495418e-09 1.3296213e-09 2.3486666e-07 5.2047426e-08
0.93724716 0.42894384 0.66424316 0.48355854 2.8715887e-14 0.8703532 0.46857953 0.9904192 0.011146548 0.09642225 0.9823887 0.33872563 0.0029628184 0.011161748 0.5740937 0.027729737 0.7406933 0.014866367 0.005237541 0.63081086 0.01584636 0.10309644 0.20567344 0.0001880501 0.0152043905 0.0124876555 0.0011680919 0.00020310795 0.0005565036 0.03599601 0.0108537115 0.2556034 0.00020927632 0.49879673 5.764134e-05 4.1413335e-07 4.1401945e-06 0.014707223 0.0001253507 0.0071773143 0.00060371356 0.00089376076 1.3441271e-06 0.00015938387 1.1995592e-06 0.026731517 1.3075765e-05 7.182579e-08 7.215049e-05 0.000118389034 0.0017593446 0.00010687432 0.0043059713 0.00016455118 4.292664e-07 6.419033e-05 0.004796435 0.0021863962 0.0024315252 5.0886792e-05 0.006198816 1.7314563e-09 1.4826381e-05 2.8235898e-05 6.965244e-05 9.573695e-05 6.404822e-07 0.00085352163 3.214448e-06 2.0473608e-06 0.0011453013 0.00059559196 4.2094616e-06 1.49727075e-05 2.122717e-06 2.343344e-09 2.712703e-08 0.0002459527 1.6834323e-06 2.9225754e-07 1.7861026e-06 3.6061016e-07 2.8784973e-07 3.2137074e-11 8.07953e-09 2.1746652e-07 2.8416372e-11 3.1226e-06 8.086622e-07 1.077654e-09 6.249858e-09 2.9034122e-09 1.535659e-10 2.1201614e-10 2.9469486e-08 9.952736e-08 3.2687042e-10 3.1786804e-10 1.19445565e-11 2.7609601e-09 6.901867e-10
0.9932187 0.013611539 0.022744644 0.045326237 0.8703532 4.0560885e-11 0.0091308635 0.95991296 0.0016927142 0.0018983162 0.7220197 0.28344747 0.00032109342 0.0008567572 0.9331207 0.0022654086 0.6928457 0.00020970164 0.00017044005 0.9632214 0.0016242664 0.016148165 0.8366167 6.375243e-05 0.00023703145 0.0003078422 6.469162e-05 0.0003759668 0.001357033 0.48834074 0.000358781 0.022233328 0.00010327021 0.11414789 0.0001955809 1.14173245e-05 3.5409128e-05 8.830574e-05 1.8609798e-06 0.51787144 0.005596776 0.4361325 9.388151e-06 2.0065028e-05 3.3839093e-05 0.007066899 6.576409e-05 2.1500804e-05 0.03664239 3.3883753e-05 0.005393736 0.00039132556 0.00086891477 2.9025738e-05 6.5543577e-07 0.0001405615 0.0023636387 0.00035563787 0.00010659816 0.1520287 0.0020203348 3.7064694e-07 1.9834658e-06 1.8005585e-05 4.034777e-07 2.1040527e-05 9.478432e-07 0.00026958238 7.839379e-05 1.0004505e-07 0.00014615792 2.1417387e-05 9.4803215e-07 0.0035037964 2.9813593e-06 1.1342933e-06 2.8084846e-06 5.9791528e-05 1.5393438e-06 4.9741352e-08 4.7776095e-05 3.6887059e-06 2.7930755e-06 9.897472e-09 1.5692578e-05 7.3358366e-05 2.859798e-07 3.0839008e-05 3.1065188e-08 1.9223742e-05 6.0001585e-06 3.8816493e-06 1.00710544e-07 8.085512e-09 1.7846614e-05 9.530175e-06 7.745129e-07 1.8807977e-09 5.973883e-08 7.57434e-07 2.7973661e-05
0.88302994 0.72440624 0.9827535 0.9507625 0.46857953 0.0091308635 2.2547109e-13 0.49331886 0.4438537 0.9725934 0.24947822 0.9266637 0.5958859 0.34705925 0.12325959 0.9126645 0.0047217873 0.13817306 0.049276356 0.015377916 0.71280557 0.17768998 0.03605664 0.016615016 0.015009479 0.015597508 0.011730165 0.015118454 0.090270355 0.013895016 0.0046524215 0.0016010072 0.009637522 0.022722898 0.0019482239 4.6833084e-05 0.00018155467 0.0019655293 0.00024644763 0.0018563402 0.055864166 1.8727945e-06 2.884711e-05 0.0005357208 6.857735e-05 0.0047519975 0.0027193397 0.0026673086 1.1257506e-06 3.992958e-05 0.028592529 0.00031383723 6.658244e-06 9.118898e-06 6.8749473e-06 0.00022073668 0.00041655797 0.00049383816 0.0002517135 1.10698165e-05 5.450585e-05 1.2298733e-11 1.607287e-05 2.2358522e-06 2.085609e-05 1.34238035e-05 3.5977885e-07 3.1657284e-05 0.00034854593 1.7492744e-06 9.207666e-06 4.1362582e-05 1.732217e-06 0.00011266571 2.717334e-07 2.6611426e-08 3.456548e-08 1.216024e-05 2.654774e-07 3.894211e-08 2.1991813e-09 3.8068542e-08 4.790288e-07 1.2062115e-08 4.6061683e-09 6.9651634e-07 3.8019267e-12 2.3769502e-07 1.4600451e-08 6.279318e-11 1.9668829e-09 1.5593875e-09 1.0486001e-09 3.6270822e-09 2.3257252e-08 6.458716e-08 6.4434025e-10 2.5085264e-10 1.8316917e-11 7.635507e-09 4.8328863e-10
0.8937175 0.46267462 0.65708333 0.3950894 0.9904192 0.95991296 0.49331886 3.5797657e-07 0.0070424164 0.05796327 0.87330055 0.7732579 0.0029900086 0.008478197 0.9182161 0.065824375 0.7227585 0.0035024516 0.0017636643 0.901539 0.04168693 0.030185845 0.8677455 0.00029326952 0.002571017 0.0018413647 0.00096396124 0.002868483 0.012434968 0.31865013 0.0017406843 0.24446446 0.00162809 0.12218565 0.00032095966 1.6505861e-05 0.00018132161 0.0017238659 5.426457e-05 0.2324377 0.044919882 0.05294859 3.684338e-05 0.0005471331 2.307049e-05 0.0061255754 0.0012761432 0.000101395315 0.004814737 5.9603963e-06 0.083115205 0.00090091926 0.0031284527 8.9957815e-05 5.459767e-05 0.0010326465 0.0009849499 0.00048581208 0.0010535882 0.026656436 0.0020154668 1.053368e-07 3.284671e-05 2.7044618e-05 8.226559e-05 0.0001851885 1.3979148e-06 0.00025091824 9.6895215e-05 6.3059842e-06 0.0012996121 0.00015988841 1.1621444e-05 0.0037233212 7.115051e-06 2.57938e-07 1.7459934e-07 0.00016252388 1.4350897e-05 4.4333947e-07 1.0760057e-05 8.306616e-07 6.1457973e-07 8.957074e-08 5.1446013e-06 6.4874466e-06 3.7289176e-08 7.910711e-05 1.0329632e-06 1.1461266e-07 5.537366e-08 5.6921053e-06 7.802729e-08 1.38112e-08 5.2252853e-05 1.6970378e-05 1.03689274e-07 3.8392812e-08 9.579799e-08 2.1335433e-07 8.943728e-07
0.997463 0.041946154 0.4113057 0.16669199 0.011146548 0.0016927142 0.4438537 0.0070424164 2.602516e-10 0.9265883 0.07499739 0.3203319 0.92700166 0.6387013 0.031343907 0.8881576 0.00087731046 0.6199721 0.4242131 0.0036582137 0.86424 0.6466034 0.009056882 0.33124408 0.042247016 0.03800398 0.040586762 0.6081178 0.8794051 0.00075574924 0.007298462 0.0002694472 0.20942643 0.016207712 0.051849898 0.027586201 0.013528664 0.0011987085 0.00018968321 0.00047725457 0.8720077 4.5280954e-06 0.00091420906 0.0012989689 0.00072548114 0.010064249 0.031515233 0.24405172 1.1056096e-06 0.0003279574 0.12129772 0.0011375775 5.3657845e-05 0.0005570532 6.264826e-05 0.0011360417 0.0018788876 0.0013106604 0.00038500174 6.349146e-05 0.00020270837 4.918863e-10 3.654655e-05 5.480289e-05 1.7146496e-05 7.779017e-05 7.046087e-06 0.00023917136 0.0050126375 5.8871874e-06 3.9575584e-06 6.234846e-05 1.5082931e-05 0.00016978399 1.6963808e-05 8.982865e-06 2.1752949e-06 5.276986e-05 5.306962e-06 4.6610606e-07 4.308446e-07 7.244734e-06 5.9588023e-05 2.569476e-07 5.82422e-07 0.00034711853 1.4645989e-09 1.6312692e-05 1.0893004e-06 4.3480762e-07 5.6560964e-07 5.4843904e-06 8.8035154e-07 1.4747803e-07 7.264383e-06 2.4336675e-06 3.08795e-09 5.221367e-08 2.032802e-08 5.193177e-07 3.7854946e-08
0.9346406 0.15331388 0.84465045 0.47812843 0.09642225 0.0018983162 0.9725934 0.05796327 0.9265883 6.790503e-12 0.08186997 0.64263886 0.9592188 0.8935516 0.009989528 0.9476702 0.0007068345 0.91286045 0.41141006 0.00112906 0.8565674 0.5266399 0.005205361 0.15811712 0.04837053 0.06782584 0.05139955 0.05732182 0.12369627 0.007046474 0.013730737 0.00040402357 0.023507668 0.020891264 0.006613679 0.00020787021 0.00039527612 0.007325745 0.0003715732 0.0012036131 0.020938283 3.6510878e-07 6.79735e-05 0.0013450452 6.051474e-05 0.00882342 0.0006796106 0.0011391396 6.411092e-07 7.2667426e-05 0.006999447 0.0010460648 9.88097e-07 9.4595234e-05 3.356042e-05 0.00092334923 0.00096410513 0.0010217158 0.00036373705 2.3375341e-07 0.00019831424 1.1524744e-10 3.4027435e-05 2.2949513e-05 7.510761e-05 0.00012284136 1.2359023e-06 5.2762567e-05 0.0017494931 8.548433e-06 3.1817337e-05 0.00013427844 8.552184e-06 6.627041e-05 1.0866972e-06 6.929934e-07 2.5753369e-07 8.333059e-06 6.022408e-06 5.34799e-07 1.6006908e-09 8.03696e-08 4.1618034e-05 5.024087e-07 2.8344083e-09 1.4511837e-05 7.57179e-11 9.743172e-07 6.354961e-07 1.1151251e-08 2.3247454e-08 6.473603e-08 6.9805908e-09 1.1799655e-08 9.297695e-08 4.1355753e-07 3.6031145e-09 3.6231704e-08 1.7003089e-10 2.8845909e-08 3.976275e-09
0.99531525 0.37837932 0.7174718 0.24038042 0.9823887 0.7220197 0.24947822 0.87330055 0.07499739 0.08186997 2.0765755e-12 0.07162543 0.005463591 0.10959791 0.12724118 0.017800169 0.6891777 0.049309168 0.027056566 0.27436647 0.00970805 0.28749833 0.043927424 0.002099028 0.099895984 0.0793481 0.010805279 0.0005833162 0.00091913034 0.0025083069 0.07971718 0.59474987 0.0005658692 0.9487478 0.0004402224 0.00025366957 2.2421651e-05 0.056439772 0.0006582757 0.0029348007 0.0016843695 0.007133865 0.00044938282 0.0013731694 5.5244676e-05 0.15949933 2.1525422e-05 2.427471e-08 0.00022749422 0.00559617 0.00053273974 0.000972713 0.07835004 0.009017178 4.0733237e-05 0.00045504223 0.06165456 0.008561484 0.010129776 4.4158198e-05 0.19533537 2.771941e-05 0.0005597598 0.0010657393 0.0009057254 0.0021715756 3.5557987e-05 0.011713761 0.00014946322 0.00023101634 0.0044606226 0.0017504268 0.00018336768 3.1256463e-05 0.00047562094 2.5038254e-08 4.1665175e-05 0.0015106837 0.00014908396 3.0837775e-05 0.00049360364 6.360212e-05 1.3251813e-06 3.5927194e-08 3.105993e-05 4.920377e-05 4.1633652e-06 0.00025444635 3.9070022e-05 0.0003018566 3.0702788e-05 8.368848e-06 6.8367434e-08 1.4000128e-07 0.00062762894 1.18541275e-05 4.7490317e-07 2.7196907e-07 3.4301625e-06 1.2280352e-08 1.2321183e-05
0.9407722 0.9508425 0.8560716 0.9612171 0.33872563 0.28344747 0.9266637 0.7732579 0.3203319 0.64263886 0.07162543 9.364412e-13 0.2271228 0.13533485 0.746644 0.9386719 0.038222294 0.011978149 0.005632883 0.15358938 0.83129627 0.13815844 0.702752 0.01004419 0.0006932807 0.002549184 0.003264507 0.053772572 0.778851 0.83347917 0.0005470446 0.007586211 0.027749207 0.0065483823 0.0038126535 1.8038518e-05 0.00048533274 0.0001466137 7.274141e-05 0.14811835 0.8395358 0.00044834003 1.4708897e-05 0.00014358817 7.910134e-06 0.0036302835 0.13191439 0.055202823 0.0019954673 8.3360865e-06 0.84534067 7.0803435e-05 1.5306417e-05 7.983221e-06 3.5137007e-06 0.00031790085 6.14391e-05 7.3889176e-05 5.2706314e-06 0.026932362 9.275975e-07 2.2930982e-09 1.3435746e-06 5.6857334e-07 1.7683658e-06 9.454333e-06 2.7266972e-07 2.2377146e-06 0.0007922553 2.6510055e-08 0.00013420034 1.1919099e-06 2.6814453e-07 0.055188455 7.171983e-08 1.7713691e-07 2.7272238e-08 2.4598878e-06 1.0716289e-07 5.3518465e-09 3.9596175e-09 1.1254349e-08 5.136845e-06 1.7494662e-08 7.261062e-07 7.928837e-07 1.189069e-10 1.0280864e-06 2.3214697e-09 2.4757604e-11 1.6370672e-08 3.4289293e-08 1.667951e-09 4.211616e-09 1.5524174e-08 8.903436e-08 1.6593777e-08 1.6664088e-09 5.3869004e-10 6.774579e-08 1.1492793e-08
0.9775447 0.042790174 0.40604937 0.12188916 0.0029628184 0.00032109342 0.5958859 0.0029900086 0.92700166 0.9592188 0.005463591 0.2271228 1.069374e-12 0.83985007 0.0042800475 0.896149 1.5451984e-05 0.8178988 0.35613802 5.806595e-05 0.95227444 0.43928298 0.0028395816 0.2453211 0.013246045 0.020230949 0.03413466 0.43729034 0.89010245 0.0009815999 0.0028530683 2.1805114e-05 0.13692935 0.0010777743 0.025259955 0.0031228445 0.0063415063 0.0007092917 0.00030598126 0.00027536252 0.75776154 7.042785e-07 0.00017414497 0.00066694355 0.00020877912 0.0030531713 0.018640801 0.16162539 1.02015925e-07 5.604288e-05 0.07408633 0.00081976724 1.2673078e-07 2.5303229e-05 2.8028351e-05 0.0008600965 1.36664285e-05 0.00044369313 1.4674624e-05 1.3608436e-05 1.3609583e-06 4.3981926e-11 3.673178e-05 4.4126186e-06 5.970153e-06 3.8674214e-05 4.4199805e-06 1.246538e-06 0.005786264 2.7924416e-06 5.3525805e-06 6.0286197e-06 1.0848515e-05 0.00036110095 8.05863e-07 1.3134738e-06 1.692491e-07 3.7811976e-06 8.906023e-07 2.6822767e-07 5.773065e-10 1.4666006e-07 6.092181e-05 1.7118863e-07 8.703943e-08 4.712371e-05 4.2976688e-11 2.70083e-07 1.2729245e-07 9.921902e-11 1.4982919e-07 1.16764234e-07 2.3583313e-07 2.86294e-08 1.7910526e-08 2.1460218e-07 1.8885224e-09 1.3643657e-08 1.645452e-10 2.9979603e-07 1.9925366e-09
0.99535763 0.020316573 0.47324428 0.042352494 0.011161748 0.0008567572 0.34705925 0.008478197 0.6387013 0.8935516 0.10959791 0.13533485 0.83985007 8.057358e-12 0.009268014 0.7013851 0.00027327516 0.95105326 0.953538 0.00092171185 0.801335 0.9014944 0.0019011605 0.6559274 0.29217866 0.34779346 0.43825063 0.581481 0.47699335 0.00015320227 0.06192593 0.00031610692 0.22676218 0.031898443 0.078772895 0.06652527 0.03947089 0.014085015 0.0010190951 7.168602e-05 0.31176618 1.0185363e-06 0.0038402998 0.012985683 0.0017361674 0.017421681 0.0054305135 0.042870622 1.1831031e-07 0.0006609949 0.016268646 0.013219066 9.184556e-06 0.0014971715 0.0011153959 0.012421368 0.001867479 0.0035705385 0.0008713524 5.7381146e-07 0.0002724609 1.4014186e-10 0.0010853074 7.867983e-05 0.00026453313 0.0004465689 3.8128295e-05 0.00021537485 0.014465571 0.0002071866 1.576736e-05 0.00015468668 5.0631872e-05 4.6634304e-05 7.541675e-05 2.6093335e-06 1.4661244e-06 2.0069334e-05 6.224246e-05 9.108234e-06 3.608384e-08 4.936053e-06 0.0002006856 1.8369174e-05 6.765821e-09 0.003989823 2.2881395e-09 2.4092666e-05 1.0240242e-05 1.9382044e-08 2.2270282e-07 8.170534e-06 3.9248755e-07 4.89045e-07 9.014301e-06 8.810903e-06 3.4673886e-09 5.621786e-07 1.09052436e-07 3.0025568e-08 2.0006222e-08
0.8970588 0.9257319 0.32373804 0.76758903 0.5740937 0.9331207 0.12325959 0.9182161 0.031343907 0.009989528 0.12724118 0.746644 0.0042800475 0.009268014 4.0914737e-11 0.011712326 0.28504127 0.0005699077 0.00033233818 0.61561 0.006060091 0.024249386 0.9857094 5.2450767e-05 0.00012957263 0.0006055963 0.00011439411 0.0011317325 0.05311332 0.92274845 0.000110268666 0.01893065 0.00083460973 0.010565736 0.000144627 5.8380533e-06 9.177249e-05 1.8825456e-05 9.2043416e-07 0.86456436 0.64605623 0.01977988 4.195971e-06 2.323224e-05 1.6771004e-05 0.001037329 0.012006266 0.0028247181 0.015869604 7.5640895e-07 0.80121243 2.2342163e-05 0.0003818929 5.5593597e-07 4.911122e-07 3.9201175e-05 3.7508475e-05 1.8694229e-05 5.3382325e-07 0.46538416 1.8490535e-07 9.0918306e-08 1.7403195e-07 9.104516e-08 1.2756686e-07 1.1754661e-06 2.2205197e-07 1.5224904e-07 0.00068738393 1.8135506e-09 0.00019448444 4.937802e-07 4.5955698e-08 0.30130908 3.6594106e-08 1.6383221e-07 4.1184194e-07 1.0757651e-06 2.1742112e-07 1.2824262e-09 8.53984e-07 9.7040065e-08 2.237345e-08 4.410499e-11 1.2160564e-05 9.626524e-08 6.3373756e-10 1.4698358e-06 2.711217e-09 7.557945e-09 4.574422e-07 7.477209e-08 3.7124536e-08 1.6089071e-08 2.141427e-08 3.5362822e-07 4.6011568e-08 3.7785436e-10 1.9330384e-09 4.341896e-06 3.1539608e-07
0.835463 0.5518238 0.75839835 0.7221339 0.027729737 0.0022654086 0.9126645 0.065824375 0.8881576 0.9476702 0.017800169 0.9386719 0.896149 0.7013851 0.011712326 2.1527715e-11 0.0010895837 0.331939 0.06732006 0.0011363646 0.9908508 0.28598756 0.015719857 0.100326516 0.0062861014 0.009472176 0.014242424 0.10258734 0.50198835 0.023481105 0.0019076861 0.0013195059 0.029175352 0.0060418416 0.0033404615 0.00011472603 0.0001207692 0.0023343833 0.00034983119 0.00057334657 0.03658288 5.125871e-07 0.00012452833 0.0005574635 6.4643646e-05 0.0035808317 0.00068888644 0.0008267472 1.9237577e-06 4.6769925e-05 0.00743302 0.0007016493 5.0237566e-07 1.4500313e-05 9.13068e-06 0.0005197987 0.00048081472 0.0007091987 0.00015438323 1.273683e-06 1.2018752e-05 3.771036e-09 2.3351746e-05 1.4812078e-05 2.9721261e-05 8.582079e-06 4.355366e-06 1.2982326e-05 0.0004021607 5.7834477e-06 1.29341925e-05 5.0272745e-05 5.907569e-06 9.073489e-05 8.606872e-08 7.453654e-07 3.4705147e-07 8.989353e-06 4.1435462e-07 4.7014362e-07 1.5083096e-08 3.623421e-07 0.00017667458 3.395147e-08 1.19149334e-07 1.4835744e-05 2.2423627e-10 5.352302e-07 1.0306098e-05 2.366268e-09 5.6493177e-06 3.0238787e-08 3.9304038e-07 2.4485377e-07 1.3555878e-08 1.2186024e-07 6.8104406e-08 1.4900578e-08 1.7563943e-11 1.009485e-06 6.039766e-10
0.9950487 0.022555554 0.010662542 0.009536593 0.7406933 0.6928457 0.0047217873 0.7227585 0.00087731046 0.0007068345 0.6891777 0.038222294 1.5451984e-05 0.00027327516 0.28504127 0.0010895837 9.40219e-10 7.2378534e-05 2.8880775e-05 0.9335743 0.00032407936 0.015417197 0.45621353 3.175074e-05 5.6636323e-05 0.0001528965 5.9956146e-05 0.00024472876 0.0019338252 0.047499735 0.00016352464 0.93329936 0.000106716056 0.2880411 3.4044315e-05 1.374495e-06 1.1362101e-05 4.2014544e-05 5.7335933e-06 0.2511702 0.008698464 0.96286255 1.6029444e-05 5.043972e-05 3.096204e-05 0.009299914 6.0513587e-05 7.1957156e-06 0.10202229 8.989131e-06 0.0039896294 0.00010639281 0.062404856 1.5711268e-05 3.444052e-07 8.935851e-05 0.0032617978 0.0007371498 0.00010752166 0.12290093 0.0006024922 1.0954485e-05 2.8126644e-07 2.0911687e-06 2.8774582e-06 6.0585935e-05 2.9627532e-07 0.0003058255 7.036254e-05 9.1121066e-08 0.01303051 1.9873087e-05 1.4462645e-06 0.0058155013 4.295353e-06 6.2889256e-07 4.100329e-07 0.00023732801 5.5686005e-06 7.0819944e-08 0.00056812295 1.5206643e-06 1.8632893e-07 2.3480249e-08 0.000111805675 1.1116796e-06 4.3252494e-06 2.7704607e-05 2.3970038e-08 9.127158e-05 1.228716e-06 8.038126e-06 1.9431312e-08 4.651939e-09 0.00010486328 2.07728e-05 1.1198259e-06 2.8539661e-08 2.4136935e-07 1.4679531e-06 2.9408633e-05
0.90632993 0.0051008337 0.09281516 0.0063453056 0.014866367 0.00020970164 0.13817306 0.0035024516 0.6199721 0.91286045 0.049309168 0.011978149 0.8178988 0.95105326 0.0005699077 0.331939 7.2378534e-05 9.130925e-13 0.99348205 2.1743772e-05 0.5964209 0.7006135 0.00020526083 0.8550842 0.651905 0.37550583 0.7071411 0.29272386 0.09836876 0.00031088843 0.07713711 4.6582965e-05 0.09758329 0.009613865 0.046466544 0.018245416 0.012431333 0.034876533 0.0014623292 0.00022074912 0.010895896 6.721154e-08 0.0015585382 0.0068259593 0.0005850212 0.0060300548 0.0005685753 0.0020372274 2.4604048e-11 0.00020148471 0.0013687154 0.0062649334 1.0354341e-07 0.00022967416 0.00035925795 0.0059803193 0.00022812794 0.000891936 0.00035946097 4.2574083e-10 0.0001584009 1.846262e-11 0.0003490632 7.175216e-05 0.00025361223 0.00024109571 1.5021178e-05 2.4644045e-05 0.002236908 0.00014062788 1.1656658e-06 0.00037541022 1.1098432e-05 6.358268e-06 1.6453072e-05 1.1743748e-06 1.4114629e-07 1.3460377e-05 7.259044e-06 9.935732e-06 1.0675049e-09 3.1665496e-07 0.00038852287 9.736559e-07 4.459924e-09 0.00027658662 1.0602999e-11 1.5244323e-06 7.5785497e-06 1.5552412e-09 3.710089e-08 1.9468743e-08 4.78139e-08 3.1279583e-08 1.6765318e-08 1.4705397e-06 1.1978724e-09 1.452925e-08 6.7450524e-12 5.8527313e-08 3.235969e-10
0.95592296 0.004808838 0.04282068 0.0034269257 0.005237541 0.00017044005 0.049276356 0.0017636643 0.4242131 0.41141006 0.027056566 0.005632883 0.35613802 0.953538 0.00033233818 0.06732006 2.8880775e-05 0.99348205 4.8465086e-15 1.5453621e-05 0.23651235 0.89514095 0.0001532122 0.8143557 0.8195063 0.6536461 0.8597335 0.14979114 0.027439877 0.00018556243 0.21134035 3.1403706e-05 0.06289904 0.013984444 0.035036318 0.032029245 0.014131507 0.103786685 0.013043764 3.569284e-05 0.0054614055 4.8547502e-08 0.0063333204 0.019043181 0.0014212552 0.021733655 0.00030709623 0.0007269599 8.4136406e-11 0.0023892755 0.00038918763 0.009263772 1.6383832e-07 0.0026183387 0.0004314065 0.010472151 0.0017244521 0.0067701237 0.0023293586 2.371363e-10 0.0004114941 1.37360436e-11 0.0014829577 0.00023363007 0.00043876423 0.0009559317 2.794662e-05 0.00039739007 0.0069914656 0.00046177456 3.475503e-07 0.0008242933 0.000105403284 2.0227367e-06 5.8950107e-05 4.3842874e-06 1.2541636e-06 3.970039e-05 3.3545413e-05 1.8967245e-05 2.167032e-09 2.913199e-06 0.000667571 1.1195452e-06 1.0057031e-09 0.0008034769 3.645136e-12 4.507157e-06 1.5778221e-05 4.623535e-09 2.0757452e-07 4.12863e-08 1.8223824e-07 3.2240514e-08 2.3386479e-08 2.6322302e-06 2.203611e-09 3.137112e-08 6.4010255e-12 6.310184e-08 2.7532493e-10
0.8698221 0.23765078 0.051542267 0.09994835 0.63081086 0.9632214 0.015377916 0.901539 0.0036582137 0.00112906 0.27436647 0.15358938 5.806595e-05 0.00092171185 0.61561 0.0011363646 0.9335743 2.1743772e-05 1.5453621e-05 1.12204517e-10 0.0003019819 0.007821505 0.9755997 3.3325286e-06 6.443502e-06 9.152585e-05 3.0601334e-06 0.00018131746 0.0031211192 0.81760746 1.10099945e-05 0.49723783 0.00017531306 0.036527112 6.7923443e-06 4.1958367e-07 3.2014036e-06 1.5903192e-06 8.655321e-08 0.9548265 0.09788616 0.9206401 7.521928e-07 2.3062253e-06 7.5872194e-06 0.0007706081 0.000464014 8.6658314e-05 0.317022 6.1808315e-08 0.088194855 6.9985555e-07 0.0058972714 7.742052e-08 2.7750792e-08 8.167429e-07 5.8192625e-05 1.0207851e-05 3.477144e-07 0.62778336 4.6416847e-07 1.9321437e-06 7.555035e-09 5.5685336e-09 2.6799896e-08 1.9028211e-07 5.7461122e-08 1.9198072e-07 0.00020100873 3.7351705e-10 0.0068892287 2.7003458e-07 6.0687184e-09 0.29044902 4.504378e-09 6.0051846e-08 8.274401e-08 2.9991195e-06 7.113836e-08 1.1714339e-10 1.2003163e-05 4.1219966e-08 8.420553e-09 3.430499e-12 0.00015882822 3.2574035e-09 5.4578506e-09 9.820956e-07 2.3684388e-10 1.426164e-07 3.6558035e-08 5.900615e-08 3.260138e-09 8.634091e-10 7.1962226e-08 1.7816157e-07 1.8116111e-07 7.922177e-11 3.025705e-10 8.3071706e-07 2.7922656e-06
0.84657186 0.08084562 0.47360107 0.30117196 0.01584636 0.0016242664 0.71280557 0.04168693 0.86424 0.8565674 0.00970805 0.83129627 0.95227444 0.801335 0.006060091 0.9908508 0.00032407936 0.5964209 0.23651235 0.0003019819 2.5634432e-14 0.45810136 0.006023727 0.7153093 0.012799449 0.045644797 0.108808674 0.67827404 0.9470208 0.012327982 0.008029426 9.237372e-05 0.14750037 0.0025317399 0.022047143 0.0012802591 0.0018404956 0.002350203 0.0017021962 0.00031068714 0.043777905 6.403762e-08 0.00048152855 0.00087331864 0.00037033253 0.0038880608 0.0020647396 0.0045739976 5.856765e-07 0.00011085384 0.008788254 0.0015779216 1.8862483e-08 2.0108955e-05 3.8253696e-05 0.0010855161 7.2946415e-05 0.0011743722 0.0002840856 4.718487e-07 1.6402717e-05 9.564435e-10 5.138455e-05 3.4956673e-05 3.5758832e-05 6.4973165e-06 3.5184555e-06 6.852894e-06 0.0019268867 6.4109304e-06 2.8365122e-05 8.950845e-05 5.4581446e-06 5.1748317e-05 5.0187384e-07 1.8183644e-06 3.9010598e-07 8.789225e-06 1.2018402e-06 3.1790325e-06 2.5040583e-09 7.470905e-07 0.00010316606 2.091455e-07 1.5557647e-07 2.5549496e-05 1.4649698e-10 1.2112409e-06 7.708385e-06 2.1304029e-08 2.9727316e-06 2.9098171e-08 1.7286054e-07 3.8841168e-07 3.526935e-08 5.518854e-07 1.06398524e-07 5.9290443e-08 4.6468707e-11 2.6648206e-06 1.5341841e-09
0.9997083 0.10235156 0.6152745 0.101076156 0.10309644 0.016148165 0.17768998 0.030185845 0.6466034 0.5266399 0.28749833 0.13815844 0.43928298 0.9014944 0.024249386 0.28598756 0.015417197 0.7006135 0.89514095 0.007821505 0.45810136 6.654595e-11 0.0030045763 0.7282509 0.8990524 0.8418572 0.6914457 0.5088323 0.39453998 0.0006172006 0.6667715 0.022653686 0.13091888 0.07310949 0.12805894 0.49394932 0.27485037 0.10622611 0.051240526 0.0003606666 0.24277641 5.9987546e-05 0.06408994 0.24272141 0.04309063 0.031307705 0.0012614093 0.012377803 1.5110748e-05 0.0077765104 0.0039293193 0.15837206 0.0015222766 0.008675135 0.02390195 0.098235026 0.0031621498 0.0044004093 0.0020217735 5.2370565e-06 0.0020277498 2.5618851e-06 0.035695758 0.00096374576 0.008588937 0.0017105616 0.0031511274 0.0008978027 0.024018994 0.0019515862 5.0997947e-05 0.0018008841 0.0009187469 0.00012987509 0.0011594102 7.091129e-05 5.7125668e-05 0.000673829 0.00030095177 0.00027605196 0.00010230154 0.0006156251 0.001078382 6.516668e-05 9.225195e-07 0.029771755 9.0729526e-07 0.00022562462 0.00017623251 9.963112e-05 2.9333345e-05 0.000609709 7.348304e-06 6.5374743e-06 0.0010754205 0.00020086445 2.2973228e-07 3.0782223e-06 1.3187687e-05 1.0288652e-06 7.397618e-07
0.5737162 0.47150093 0.08877403 0.2024678 0.20567344 0.8366167 0.03605664 0.8677455 0.009056882 0.005205361 0.043927424 0.702752 0.0028395816 0.0019011605 0.9857094 0.015719857 0.45621353 0.00020526083 0.0001532122 0.9755997 0.006023727 0.0030045763 2.1751391e-10 0.00010789997 5.583206e-05 0.00015261941 7.968232e-05 0.0020562576 0.052667655 0.98611623 6.164553e-05 0.19381182 0.0033348307 0.003747183 0.00021688797 2.421647e-06 3.188763e-05 7.2296236e-05 4.78467e-06 0.89950347 0.15216629 0.27078044 2.8975774e-06 2.3379913e-05 8.8347105e-07 0.00037626346 0.006030855 0.0020424107 0.048073784 1.5114767e-07 0.6678994 2.8999493e-06 0.0009020265 1.7911492e-07 3.7671867e-07 2.7386736e-06 1.2908844e-05 6.5463205e-06 3.5674611e-06 0.1895578 1.911194e-07 3.3703323e-08 3.2675217e-07 8.046546e-08 1.1980856e-06 5.5758915e-06 1.410665e-07 8.835009e-08 0.0019177716 2.7167466e-08 0.0020241523 1.5562479e-06 9.572567e-08 0.19021878 8.455127e-08 7.8904645e-07 1.3535784e-07 1.4067266e-06 7.852203e-07 2.6937252e-07 9.630579e-07 1.8309339e-07 1.00129036e-07 1.3610642e-09 2.1674653e-06 1.4467527e-08 2.591307e-10 2.2776817e-06 1.549353e-08 1.0880089e-10 2.397819e-07 3.0372778e-08 1.0209237e-08 1.2319924e-07 4.62612e-07 8.77736e-07 4.3915517e-08 1.407713e-08 5.4631594e-10 4.7508297e-07 1.2505596e-07
0.9925994 0.0026427973 0.013337091 0.0026709766 0.0001880501 6.375243e-05 0.016615016 0.00029326952 0.33124408 0.15811712 0.002099028 0.01004419 0.2453211 0.6559274 5.2450767e-05 0.100326516 3.175074e-05 0.8550842 0.8143557 3.3325286e-06 0.7153093 0.7282509 0.00010789997 1.1411845e-11 0.46069002 0.31681255 0.8944417 0.97229123 0.64154434 0.00018215927 0.054240838 1.944185e-05 0.8016411 0.00049738 0.6993677 0.64765644 0.8628093 0.0063837143 0.03466608 0.00022979309 0.27956817 9.226325e-08 0.062978856 0.06577503 0.034165766 0.01121465 0.0031169474 0.15671319 1.6186137e-06 0.0018133572 0.0074268943 0.035080034 2.3229957e-07 0.00016253022 0.0036441623 0.025568107 2.2268307e-05 0.0028501449 0.00025059734 7.077089e-07 4.2445654e-06 1.1769304e-09 0.0012628585 1.946658e-05 0.000120294455 0.00020532777 0.0003274608 3.7698017e-06 0.1571684 0.00014008577 3.8458556e-06 1.9607625e-05 6.028399e-05 6.779773e-05 1.3487169e-05 0.00022619835 1.2151156e-06 6.564808e-06 3.5100584e-05 1.27673e-05 1.530919e-09 7.615146e-07 0.0020068819 5.5671277e-05 4.3577007e-08 0.0017371536 3.006462e-10 1.7254868e-06 4.5601814e-06 3.4231426e-10 6.0573166e-07 2.1817564e-06 5.1956795e-07 4.646428e-07 2.53205e-08 4.1123417e-06 1.6685945e-08 1.4384041e-07 1.8136198e-09 9.1480985e-07 8.580052e-09
0.9641375 0.0018616935 0.0138143785 0.0009528707 0.0152043905 0.00023703145 0.015009479 0.002571017 0.042247016 0.04837053 0.099895984 0.0006932807 0.013246045 0.29217866 0.00012957263 0.0062861014 5.6636323e-05 0.651905 0.8195063 6.443502e-06 0.012799449 0.8990524 5.583206e-05 0.46069002 1.2013685e-13 0.9903817 0.9613597 0.011830011 0.0008855373 5.151782e-05 0.9116807 0.00010752821 0.008930059 0.04961423 0.011206529 0.17520729 0.03535501 0.6968463 0.28688526 1.6556041e-05 0.00035727455 4.912368e-09 0.051657815 0.20873989 0.014241045 0.112813964 1.806445e-06 8.162356e-06 9.400182e-10 0.014356572 1.47440915e-05 0.070318066 5.137311e-06 0.024703892 0.003107131 0.034625135 0.0050168415 0.022198241 0.009488187 6.234981e-11 0.0032745674 1.4292963e-10 0.030784415 0.0029691444 0.009801398 0.01024372 0.00032930533 0.0020882327 0.0021527004 0.005345406 1.702852e-06 0.0041511687 0.0004916305 5.054257e-07 0.0010487369 1.0298838e-05 1.2043363e-05 0.00014132982 0.0007037069 0.00039351863 2.1503774e-09 0.0001596964 0.00096125866 2.7450737e-05 2.4193627e-09 0.0024356795 7.5233625e-11 4.405199e-05 0.00025591403 8.873915e-09 6.3910297e-06 2.2769214e-06 1.0177274e-06 1.1499823e-06 1.8421275e-07 2.3700444e-05 9.864228e-09 1.1747646e-06 3.0993173e-11 6.1329865e-07 5.178459e-09
0.9875435 0.0022870358 0.02471453 0.0011800207 0.0124876555 0.0003078422 0.015597508 0.0018413647 0.03800398 0.06782584 0.0793481 0.002549184 0.020230949 0.34779346 0.0006055963 0.009472176 0.0001528965 0.37550583 0.6536461 9.152585e-05 0.045644797 0.8418572 0.00015261941 0.31681255 0.9903817 5.8682677e-12 0.8008369 0.03289546 0.004067705 4.6706587e-05 0.95272285 0.00037904404 0.015494544 0.063430764 0.02876865 0.3734059 0.11587305 0.6311145 0.17339697 9.792969e-06 0.0039511817 1.253913e-07 0.13570632 0.3439977 0.05207531 0.1131391 1.9874375e-05 0.00051332876 7.972042e-12 0.013427107 0.00016091036 0.13165602 1.0495987e-05 0.02798254 0.01030045 0.078721486 0.008030379 0.014060951 0.0076875794 4.2340974e-12 0.001674109 2.294125e-10 0.078787975 0.0019190927 0.01856393 0.0065099197 0.0016891463 0.0018095394 0.02326549 0.015701294 2.2445454e-06 0.0023282203 0.00041606146 8.670576e-07 0.00083538657 3.8306338e-05 2.5718566e-05 0.00016864599 0.00033048264 0.00019977645 1.9406598e-07 7.759354e-05 0.0049938145 0.00012813525 4.1263978e-10 0.03257905 2.1912167e-10 9.086807e-05 0.00048780767 1.3821497e-07 3.0528767e-07 6.0639525e-07 8.640439e-07 1.0471067e-06 3.914101e-06 1.7168864e-05 1.7247257e-09 1.7158102e-06 3.2278402e-09 4.307474e-08 1.3132061e-09
0.9878862 0.0007853627 0.00866475 0.0006524759 0.0011680919 6.469162e-05 0.011730165 0.00096396124 0.040586762 0.05139955 0.010805279 0.003264507 0.03413466 0.43825063 0.00011439411 0.014242424 5.9956146e-05 0.7071411 0.8597335 3.0601334e-06 0.108808674 0.6914457 7.968232e-05 0.8944417 0.9613597 0.8008369 2.2443138e-10 0.5509407 0.058038376 2.6684764e-05 0.5589447 0.000226574 0.27061373 0.004572849 0.3796443 0.9503933 0.83339334 0.18221758 0.28019074 3.2133405e-05 0.032593593 1.2551852e-08 0.43027657 0.68907267 0.16934645 0.022490526 0.0010598889 0.037344947 8.874276e-08 0.009242558 0.0013088785 0.3735445 1.3368599e-07 0.004476695 0.036506966 0.23173918 0.00074653287 0.008808971 0.0025582411 8.258599e-09 0.00023661657 3.1926983e-10 0.031492423 0.00030597806 0.002078464 0.0016824054 0.0018530794 0.00013218366 0.25588888 0.002268669 3.7684179e-06 0.00022335145 0.00039362654 1.5659585e-05 0.00020342646 0.00072275335 5.2656173e-06 5.003121e-05 7.1128496e-05 2.8079827e-05 5.7046337e-09 4.489529e-06 0.020237872 0.00049387704 1.08932696e-07 0.039270736 2.1917641e-10 2.2241651e-05 0.00036952127 1.3652551e-09 9.086782e-07 4.5278966e-06 5.9002723e-06 2.7862698e-06 8.769763e-07 3.449208e-06 1.4798219e-08 2.7119736e-06 1.6353061e-09 6.2564186e-07 3.7461887e-09
0.9501568 0.010317021 0.021189487 0.027687319 0.00020310795 0.0003759668 0.015118454 0.002868483 0.6081178 0.05732182 0.0005833162 0.053772572 0.43729034 0.581481 0.0011317325 0.10258734 0.00024472876 0.29272386 0.14979114 0.00018131746 0.67827404 0.5088323 0.0020562576 0.97229123 0.011830011 0.03289546 0.5509407 5.82675e-10 0.90036935 0.00455001 0.0053872583 0.0002711806 0.99091274 0.00080757646 0.7785134 0.14269549 0.23483671 0.0012980346 0.031892575 3.2047992e-05 0.25586507 9.0105834e-07 0.024055785 0.008085165 0.0063586845 0.006069319 0.012225469 0.58445954 1.7275144e-05 0.0009480096 0.048035316 0.005236353 4.2269147e-07 0.00012696967 0.00012539137 0.006836748 0.00015051643 0.0027602797 0.00022201883 1.859947e-06 1.621182e-05 1.454545e-07 0.00010748905 6.691195e-05 2.3223754e-05 8.174864e-05 3.7757833e-05 2.588767e-05 0.3263077 4.2531233e-06 4.9694303e-05 9.80934e-05 5.3106145e-05 0.0023504482 4.655563e-06 0.00012959608 7.0699152e-06 9.062848e-06 7.2574103e-06 8.962308e-07 5.2434633e-08 7.0047986e-07 0.001412217 1.3702238e-07 1.3317821e-06 5.9402715e-05 4.64869e-10 1.1438309e-06 3.1415163e-06 1.8568436e-10 8.6557793e-07 6.214675e-08 1.7887149e-07 2.7158313e-07 2.0913463e-08 2.446459e-06 9.920882e-07 1.683453e-08 8.012191e-09 4.16855e-06 5.627776e-08
0.94340247 0.20026888 0.1333605 0.42153636 0.0005565036 0.001357033 0.090270355 0.012434968 0.8794051 0.12369627 0.00091913034 0.778851 0.89010245 0.47699335 0.05311332 0.50198835 0.0019338252 0.09836876 0.027439877 0.0031211192 0.9470208 0.39453998 0.052667655 0.64154434 0.0008855373 0.004067705 0.058038376 0.90036935 5.229385e-10 0.18917432 0.0006645154 0.0014401412 0.9098986 0.00054485456 0.3490005 0.032565366 0.01574375 0.00021345112 0.004723726 0.003536907 0.95720696 9.504728e-05 0.0044247573 0.0022537077 0.00073576305 0.0023130127 0.1300757 0.8622918 0.0002446044 0.00016700005 0.884503 0.0012454514 6.064424e-06 2.1150896e-05 6.5539134e-05 0.0006462765 1.8641069e-05 0.0010178736 5.1039355e-05 2.5729214e-05 1.6837839e-06 6.857407e-07 2.4152456e-05 2.203379e-06 1.51682825e-05 3.724367e-05 1.0047792e-05 2.491467e-07 0.31295222 1.4095278e-06 0.0008575795 2.046429e-05 1.5613581e-05 0.06456561 1.1560212e-06 3.001465e-05 2.786965e-05 8.731363e-06 6.909191e-06 2.7243282e-06 1.1904467e-06 8.3044534e-07 0.0026538468 2.5615464e-07 4.066134e-06 7.3979177e-06 1.9108358e-08 1.41496575e-05 1.3162117e-05 1.9199693e-08 4.280562e-06 8.9531625e-08 1.4761039e-06 1.7861164e-06 3.2814805e-07 1.0885055e-05 7.2551643e-07 4.5278816e-07 1.3719151e-08 5.978294e-06 1.3731428e-08
0.12865867 0.251181 0.009559067 0.040358286 0.03599601 0.48834074 0.013895016 0.31865013 0.00075574924 0.007046474 0.0025083069 0.83347917 0.0009815999 0.00015320227 0.92274845 0.023481105 0.047499735 0.00031088843 0.00018556243 0.81760746 0.012327982 0.0006172006 0.98611623 0.00018215927 5.151782e-05 4.6706587e-05 2.6684764e-05 0.00455001 0.18917432 3.6471583e-13 1.4239217e-05 0.064590454 0.0013680775 0.0003477476 0.00013014775 4.728934e-05 0.0002128553 2.6245487e-05 3.819142e-06 0.98133224 0.093841955 0.012389318 3.183843e-05 0.00010597994 1.5441157e-05 6.757838e-05 0.009488883 0.003681902 0.070473514 2.2885607e-07 0.94551015 2.8841894e-06 0.0013809747 2.2415878e-07 2.141223e-06 1.0065447e-05 2.7837414e-06 4.2687434e-06 4.963453e-07 0.10445921 5.509882e-07 7.2276922e-09 3.1292745e-06 1.0744507e-08 1.1816531e-05 4.528916e-06 1.1951026e-06 8.6581274e-08 0.0013233501 9.705488e-08 0.010225633 2.4502206e-06 1.2226359e-07 0.6834127 2.6856284e-08 3.1691718e-07 1.2416172e-07 4.7283024e-07 2.7247152e-06 2.6344912e-07 1.8805216e-07 5.2086158e-08 3.8335795e-05 2.4989637e-08 8.11277e-07 8.7449496e-07 5.6479e-10 1.588429e-06 1.2844441e-06 1.310619e-09 4.2296016e-08 2.1694028e-08 4.2325334e-07 1.4813287e-06 1.1457703e-07 2.471788e-07 7.567163e-09 1.5952368e-07 1.8748916e-09 1.0015766e-06 6.9581425e-08
0.99586713 0.0012806988 0.008148831 0.0005029862 0.0108537115 0.000358781 0.0046524215 0.0017406843 0.007298462 0.013730737 0.07971718 0.0005470446 0.0028530683 0.06192593 0.000110268666 0.0019076861 0.00016352464 0.07713711 0.21134035 1.10099945e-05 0.008029426 0.6667715 6.164553e-05 0.054240838 0.9116807 0.95272285 0.5589447 0.0053872583 0.0006645154 1.4239217e-05 2.1393212e-11 0.00081522163 0.0033466057 0.111855194 0.00798621 0.19735603 0.056703027 0.97710466 0.7042909 9.278487e-07 0.00095615414 1.834964e-08 0.15126507 0.6632535 0.086432405 0.32770035 1.888549e-06 3.1868323e-05 5.168136e-10 0.08732846 7.7269615e-06 0.40789232 8.40107e-05 0.14582068 0.09620456 0.18972504 0.019442761 0.04327948 0.0402168 8.397993e-11 0.0057695014 5.6011937e-09 0.31893212 0.018277993 0.10773799 0.04493692 0.006384292 0.010583208 0.007366674 0.065576755 1.1519766e-06 0.011379029 0.002249955 8.903232e-08 0.003705304 2.091152e-05 0.00021178136 0.0010053874 0.0014315482 0.000461541 5.811598e-07 0.0008783632 0.014437772 0.00039321254 1.0095219e-09 0.07951434 1.4977303e-09 0.0005472244 0.0071461494 4.4122248e-07 1.8151184e-05 6.920457e-05 1.2094167e-05 1.9659004e-05 1.11486515e-05 5.8268095e-05 2.4671756e-08 1.7562374e-05 1.3937091e-07 3.5155827e-07 4.4888996e-08
