1.2324357e-14 0.99930036 0.9160069 0.9925743 0.8165801 0.9920187 0.95872283 0.9448695 0.8847576 0.97590953 0.9875692 0.9766526 0.615327 0.99506503 0.9349013 0.9726216 0.61938024 0.89337724 0.363637 0.5093471 0.9948559 0.7980774 0.98130804 0.98922884 0.9831692 0.95700943 0.998642 0.9986944 0.06022952 0.99531066 0.96294844 0.80958176 0.9978609 0.990402 0.9179196 0.526565 0.582968 0.96759504 0.9088285 0.84136784 0.8365174 0.6079408 0.90095776 0.0024136559 0.1934238 0.80584985 0.31777012 0.99343073 0.52896637 0.9999739 0.9871116 0.986096 0.9927424 0.089858525 0.9529057 0.9953513 0.9975842 0.9980773 0.8985552 0.99007773 0.9825071 0.82364625 0.89000857 0.13696878 0.7536662 0.9795605 0.9517716 0.9412393 0.91210455 0.97773206 0.97329706 0.94995064 0.4171168 0.99987745 0.9990475 0.93766445 0.9715023 0.99273217 0.9812019 0.9924595 0.95469093 0.8165998 0.7449152 0.43252668 0.4274401 0.8304126 0.9021834 0.016757537 0.9171267 0.9648965 0.7582157 0.32218224 0.99820644 0.59776664 0.9321056 0.98793685 0.8645078 0.10313963 0.06791482 0.786426 0.08826943
0.99930036 2.3392388e-10 0.98975796 0.72365093 0.86629504 0.1472784 0.1324019 0.008898965 0.23134515 0.007475064 0.0017220847 0.017106317 0.17937209 0.44434085 0.020693732 0.003571882 0.7362432 0.5167796 0.27389628 0.49260202 0.03508205 0.0018857593 0.0009151922 2.378152e-05 2.9076187e-05 0.00016568274 0.4855014 0.16784382 0.00036494064 0.09177837 0.00014735595 0.00010449878 6.5263544e-06 0.0010405522 1.2134428e-05 0.00029861316 0.005412755 1.5294614e-05 1.5763888e-05 1.1186491e-05 1.5868036e-05 7.0619844e-06 2.1184547e-07 0.02767846 5.8265893e-08 4.4562296e-07 1.0688614e-06 5.231608e-07 6.8545273e-06 0.07928712 2.9544299e-05 0.00027785564 2.2587455e-08 3.991951e-06 4.7184512e-05 0.0017764074 0.00064188626 0.002168577 2.1689375e-06 6.7899546e-06 8.7783224e-07 2.9490827e-06 3.508905e-08 7.8270597e-07 6.230232e-05 6.555311e-06 3.42831e-05 9.444222e-06 1.4292597e-06 3.91264e-05 5.5729785e-08 1.3305353e-08 2.4802903e-06 0.0033728455 0.00014588523 8.932873e-06 6.753688e-07 1.7754011e-05 5.958512e-07 5.254266e-06 1.870977e-08 1.9971407e-05 3.905361e-08 4.231652e-06 9.053906e-10 4.2871843e-06 5.390698e-08 6.831618e-07 1.5682038e-10 3.0531068e-05 1.04014326e-07 7.5009746e-07 9.185988e-05 1.615276e-07 2.5422853e-06 5.4951364e-05 8.5658954e-08 1.430047e-07 1.9920018e-08 1.8158929e-10 5.1434675e-08
0.9160069 0.98975796 4.1476982e-12 0.89972645 0.9970007 0.19273025 0.44168875 0.015668258 0.15946858 0.015692228 0.0030501618 0.050459847 0.08848428 0.22781226 0.09465841 0.009570162 0.47423825 0.17167886 0.073593415 0.2971107 0.019160004 0.006196573 0.00056547456 1.263427e-05 9.4808194e-05 0.0002673019 0.20019573 0.15948012 0.00877999 0.045441777 6.1659404e-05 3.1724776e-05 2.9971957e-06 0.0021256038 8.299617e-05 8.55373e-05 0.006745379 2.5684863e-05 1.9652443e-05 2.1407075e-05 1.1088233e-05 3.810336e-05 4.2822944e-07 0.029915117 2.2856718e-06 9.080981e-06 1.0727159e-05 1.937301e-06 3.8861976e-06 0.025238035 4.3198546e-05 0.0010465092 1.5073971e-09 6.906012e-05 5.4096436e-05 0.0025497891 0.0003099278 0.0013826502 1.0426818e-05 9.456438e-07 7.8357755e-07 1.2884361e-08 5.294172e-08 6.6791705e-07 0.00017149335 4.1239396e-06 6.5421176e-05 1.0040148e-05 9.289941e-06 2.0286181e-05 4.81061e-07 2.7598398e-08 7.961764e-06 0.0006778975 0.0002106252 6.712923e-06 7.930036e-08 2.5230533e-05 1.1901703e-05 2.314788e-06 5.2524317e-08 3.7663645e-05 3.2426564e-07 2.191037e-06 6.8312915e-09 8.757623e-06 1.9586628e-06 1.9033e-07 5.8846967e-09 1.847788e-05 1.0115019e-06 4.7177622e-07 0.00029243054 4.2902598e-06 1.5705185e-05 5.0862633e-05 4.4854165e-08 8.032439e-08 4.2573046e-07 4.2570205e-09 1.1900868e-06
0.9925743 0.72365093 0.89972645 1.7147294e-11 0.6424517 0.9646548 0.02429274 0.009101539 0.94966644 0.0042191804 0.00027617914 0.014919128 0.75257045 0.5296311 0.92167574 0.0017839349 0.29946905 0.0014906556 0.0038520044 0.6882472 0.0282776 0.096730165 0.0021146059 2.0701409e-05 5.194709e-05 0.00035875052 0.45241278 0.7189035 0.13277552 0.12104859 2.0488073e-05 1.3563374e-05 4.5684064e-07 0.020310681 4.10101e-05 2.6993059e-05 0.0015387803 0.00010364147 5.0658846e-06 3.2124196e-06 3.797146e-07 6.123192e-07 1.061492e-07 0.031563308 1.868152e-07 4.6244926e-07 4.0589967e-08 1.0941941e-06 4.091345e-09 0.1549369 4.9710703e-05 0.0075261155 5.695857e-10 0.0018547052 0.00023650263 0.0054007694 0.014103054 0.0065064253 6.583403e-06 2.353835e-05 2.112718e-06 2.136519e-08 2.484363e-09 6.8837444e-08 0.0025473796 1.5084298e-05 0.0005392393 4.513138e-05 6.444937e-05 0.00012040648 5.2983825e-07 2.4287125e-08 0.00033764567 0.011758026 0.0017476939 0.00023603083 3.889173e-07 5.733777e-05 2.8534494e-06 1.798568e-05 1.8800167e-08 0.00097264483 8.124116e-08 0.00012926146 2.4285445e-09 6.23245e-05 3.3806145e-06 6.942735e-05 9.0831204e-10 7.775517e-05 8.0695963e-07 7.2708017e-06 0.00023411452 5.7540087e-06 1.4094842e-05 0.00036920956 2.358275e-09 6.841831e-08 6.296391e-07 3.871517e-09 4.5688783e-08
0.8165801 0.86629504 0.9970007 0.6424517 2.2597382e-14 0.08711452 0.9683877 0.5549314 0.24055754 0.10528876 0.066156045 0.11628053 0.47068787 0.6724418 0.026846321 0.10152252 0.5873288 0.8486899 0.5593769 0.23498091 0.04077711 0.00033278126 0.015724093 0.0009859955 0.0019924277 0.004296662 0.2863387 0.08419911 0.008495384 0.07322721 0.000882499 0.0012507619 9.443272e-05 0.00012547403 0.0023880273 0.00067495485 0.37692207 0.0007509142 0.00015461 6.4872394e-05 9.733323e-06 1.1203906e-05 1.861696e-05 0.13982193 7.7690606e-07 2.7428938e-05 1.0252529e-06 6.5964094e-05 3.3697074e-07 0.028706867 0.00019874952 1.8016184e-05 3.933777e-08 4.9295537e-05 6.4673004e-05 0.0005375678 5.8262875e-05 0.0010225642 0.00058687985 3.3889733e-05 2.6528928e-06 2.217832e-05 1.1856816e-07 1.2619086e-07 1.0131238e-06 1.2405378e-05 6.3647235e-06 7.8130313e-07 4.0501287e-05 2.8839051e-05 4.297762e-06 7.459361e-08 5.1743723e-07 6.357901e-05 0.0004854617 1.56558e-06 1.0796136e-05 1.0377706e-06 2.7772767e-06 5.222503e-08 8.125072e-09 4.969283e-07 8.803133e-08 4.3394846e-07 5.381312e-07 7.715092e-06 1.8249355e-05 5.844551e-09 1.7790441e-08 2.8295696e-08 6.9289894e-09 1.9837731e-09 9.964123e-06 2.2639352e-07 8.112143e-07 2.0746263e-06 5.961146e-08 1.5772337e-09 4.684498e-10 1.5192198e-09 1.2709086e-07
0.9920187 0.1472784 0.19273025 0.9646548 0.08711452 2.8401832e-12 0.00043051544 0.00041849332 0.9833296 0.0001553567 1.8379917e-05 0.00059867784 0.89604366 0.0828258 0.87469554 6.3542706e-05 0.14666578 0.00019067747 0.0011187517 0.8079783 0.0010989687 0.073296085 3.2460382e-05 1.2595987e-07 9.805088e-08 5.2181713e-06 0.08176748 0.3510144 0.07360801 0.0062438333 5.712807e-07 1.9768497e-07 8.2617424e-07 0.017879963 6.884821e-08 2.1666148e-07 1.8239707e-06 3.6941185e-07 1.08851495e-07 2.7614107e-07 4.720134e-07 4.6333984e-08 1.4725962e-09 0.012169858 3.4362535e-09 2.259645e-09 3.9972856e-09 3.2100167e-09 1.5518292e-07 0.014849093 9.3995055e-07 0.0075544734 2.8043304e-10 0.0004489029 4.751245e-06 0.00052573014 0.0018070104 0.00034026642 1.7790171e-08 3.9055248e-08 6.4704015e-09 1.0636722e-08 4.7301647e-09 5.3854956e-09 0.0012691313 3.4608624e-06 0.00016149333 1.0193049e-06 8.46799e-08 4.0986856e-06 6.3984724e-09 9.857766e-11 2.9236768e-05 0.0035196538 0.00014066797 6.003839e-06 1.4624783e-08 1.3784905e-05 5.5833198e-08 2.4766468e-05 4.977006e-10 5.8966078e-05 8.3083307e-10 3.860814e-05 2.640008e-10 3.0478136e-06 1.1081134e-08 0.00025875145 7.189184e-12 6.0926406e-05 1.7223646e-06 2.20912e-05 5.8094596e-05 1.5093522e-05 1.6181779e-05 0.00026946465 7.1203483e-09 3.3669753e-06 7.532976e-07 7.523836e-11 1.667458e-09
0.95872283 0.1324019 0.44168875 0.02429274 0.9683877 0.00043051544 3.3067076e-12 0.98317176 0.0009839562 0.8867744 0.95640826 0.77198166 0.0005332354 0.46887538 0.00042650427 0.6521627 0.008062525 0.8848519 0.02180341 0.0004013645 0.27174354 9.144958e-05 0.05530537 0.0196371 0.05180742 0.04086834 0.5857511 0.013113529 4.783696e-07 0.20107004 0.044896223 0.23123148 0.0004370941 1.8959839e-06 0.043137934 0.49432924 0.87565404 0.0061125155 0.0029233503 0.0029954899 0.0004712151 0.0011138042 4.0564606e-05 0.00026672363 0.00010645948 4.9580267e-05 0.00076673087 0.00014424602 6.8822585e-05 0.01023563 0.002155303 7.850081e-06 5.023426e-07 3.292654e-08 0.00020557172 0.0010681313 1.2103016e-05 0.0021680703 0.0005671607 4.0480474e-05 1.1973219e-05 0.0014246347 4.4641115e-07 7.319896e-05 1.41096225e-05 6.62579e-05 1.6179092e-05 1.0811344e-05 7.0223527e-06 3.3171804e-05 6.1465034e-06 7.186077e-07 5.616471e-07 5.8299724e-05 5.60206e-05 7.258057e-07 9.118567e-06 8.605117e-06 4.578479e-06 1.1753401e-07 1.7283571e-06 1.9561232e-07 3.615958e-07 5.8851153e-08 3.1974383e-07 1.2877428e-05 1.5561069e-06 3.6401723e-10 1.0169707e-08 1.3611981e-05 4.7453006e-09 1.425181e-09 2.2622691e-05 4.9881943e-09 9.599376e-07 2.1891217e-06 2.0005996e-06 6.841338e-11 3.204942e-11 1.0008661e-08 2.609078e-09
0.9448695 0.008898965 0.015668258 0.009101539 0.5549314 0.00041849332 0.98317176 5.9039145e-15 0.0004492727 0.97900784 0.89750534 0.93682027 0.0001978584 0.783378 0.00019636695 0.83765036 0.00018834643 0.05368136 0.00070894544 3.142294e-05 0.32144472 2.6919612e-05 0.069318675 0.004468821 0.0071414113 0.049005516 0.7392656 0.046746854 1.5378713e-07 0.24561623 0.0072855446 0.0042301067 7.793661e-05 2.9343022e-05 0.010063453 0.0042339107 0.01242984 0.011326459 0.00058867584 0.0004374888 7.105656e-05 6.813199e-05 1.4150967e-05 3.5125147e-06 7.4389013e-06 5.21113e-06 4.265594e-06 9.428792e-05 5.581558e-06 0.020901404 0.004780543 5.658411e-05 9.855225e-08 2.905724e-08 0.0023774768 0.001698308 0.00031808615 0.003385194 0.0002588556 0.00013317174 0.0001392518 0.00043747982 1.8361307e-07 3.776176e-05 9.75982e-05 0.00014119889 0.000103961225 5.9911046e-05 0.00018613508 0.00018799002 1.764901e-05 1.2167566e-06 3.5141395e-06 0.0006629687 4.209183e-05 3.3014996e-06 3.3019955e-05 2.338504e-05 1.7164739e-05 7.116649e-07 2.9241187e-06 3.211228e-06 1.4927687e-06 9.977555e-07 8.247143e-08 1.9193132e-05 3.1911262e-05 1.4101658e-09 7.911875e-08 1.8290466e-06 3.5969844e-08 4.3289212e-08 6.275499e-05 1.65707e-07 4.308717e-05 3.233195e-05 1.3504936e-06 2.1792512e-09 1.8053908e-10 1.8678525e-09 5.4069375e-08
0.8847576 0.23134515 0.15946858 0.94966644 0.24055754 0.9833296 0.0009839562 0.0004492727 2.3588947e-10 0.00035638094 6.535801e-05 0.0009493663 0.98509157 0.010716077 0.9485766 0.00013909015 0.021355376 1.6890648e-05 0.0007125749 0.5966665 0.001331619 0.29084438 4.077292e-05 6.096968e-06 1.4024557e-05 9.8720075e-06 0.022626838 0.07269994 0.8824884 0.0035528317 5.870958e-07 1.863554e-07 1.1586899e-06 0.04116092 4.3334964e-07 4.474547e-08 5.6459992e-08 7.1931385e-07 1.06448e-06 1.3469847e-06 8.536966e-07 3.7748973e-07 4.552959e-08 0.011687505 1.4874206e-07 6.6568754e-07 1.577075e-08 7.8875524e-07 9.678421e-07 0.009067759 9.709701e-06 0.016500473 1.0669496e-08 0.0065524583 7.3335877e-06 0.00067217887 0.0023552019 0.00041579411 1.8246249e-06 4.009622e-07 1.9786906e-07 1.0777279e-09 1.12265056e-07 2.4070304e-10 0.00214942 3.6754675e-06 0.00037130291 6.5818244e-07 1.0086815e-06 1.1010321e-05 9.606217e-07 2.8911056e-09 0.0003567725 0.0034391906 0.0002256797 6.374443e-06 8.2758845e-08 2.2955128e-06 5.705276e-07 0.000258369 9.492345e-09 0.0011562257 4.685289e-08 0.000329475 1.9799089e-10 9.224703e-07 2.7051374e-07 0.00018119058 4.7466475e-10 6.06403e-06 9.612036e-07 1.098977e-05 0.00010047883 9.760899e-05 9.317686e-06 3.921075e-05 5.8886187e-08 0.00010912929 2.0783887e-06 8.202096e-10 1.3815213e-07
0.97590953 0.007475064 0.015692228 0.0042191804 0.10528876 0.0001553567 0.8867744 0.97900784 0.00035638094 6.4098686e-09 0.9388495 0.9436059 0.0002805979 0.29019743 0.00012174808 0.9143323 0.00329103 0.46902466 0.006632349 8.3877894e-05 0.53007823 2.8337086e-05 0.07202016 0.11712144 0.10939386 0.044895675 0.6781271 0.005508861 5.910212e-08 0.3022228 0.30986345 0.17281114 0.0015196365 9.399986e-06 0.04515185 0.15399803 0.2699571 0.0056447247 0.031324945 0.0073050144 0.004738254 0.0076436033 0.0026512374 5.813821e-05 0.00030096495 0.0017529946 0.006199552 0.0028097467 0.0034585001 0.022692299 0.0016419082 4.5496017e-05 0.00019316538 1.6449823e-07 0.0005963695 0.0014146569 0.00019860837 0.008242917 0.003873791 0.00019930281 7.096784e-05 0.0148846675 7.030471e-05 0.0051312274 3.5132398e-05 0.00032303578 7.063903e-06 7.2185314e-05 0.00011103076 0.00015028851 7.917647e-05 3.083499e-06 3.0017122e-06 0.0007597991 0.00032821335 2.0155534e-05 0.0006754301 6.651342e-05 1.7344379e-05 4.7269407e-07 0.00039937694 4.3516875e-06 1.5298151e-06 9.628504e-07 3.3392047e-05 4.7017587e-05 5.727099e-05 2.9964449e-09 3.2551784e-06 2.8382901e-05 1.782377e-07 7.297706e-08 0.0002541747 2.2585182e-07 5.786118e-06 9.3875744e-05 6.501008e-05 4.5440532e-10 4.9129296e-09 1.3121528e-08 4.6851662e-07
0.9875692 0.0017220847 0.0030501618 0.00027617914 0.066156045 1.8379917e-05 0.95640826 0.89750534 6.535801e-05 0.9388495 4.6173334e-08 0.79876703 6.0818136e-05 0.011248095 3.14636e-05 0.6683566 0.0006717102 0.92306906 0.056125473 6.1725004e-05 0.28178856 4.1616688e-05 0.030048903 0.051881876 0.12584434 0.022463614 0.3007337 0.00028234188 2.0575706e-06 0.09159688 0.7979581 0.8889711 0.0010879157 1.9739695e-05 0.11822103 0.8695694 0.8920976 0.005438907 0.16756949 0.017434172 0.05094233 0.121082045 0.0016650596 6.5637055e-06 0.0023733275 0.0010458623 0.32616317 0.000988309 0.14474533 0.0082521755 0.0011718454 3.3908154e-07 0.00026593698 8.724653e-08 0.00025025842 0.00065190275 1.1495332e-05 0.005356868 0.0038634574 0.00013403188 0.00015715681 0.005005319 0.00046763706 0.00950958 4.6427425e-07 0.00020316182 1.7073819e-05 9.684399e-06 9.116662e-06 8.1839235e-06 3.170239e-05 6.3698726e-06 2.6498924e-07 3.8045444e-05 0.0004672742 6.0146313e-06 0.0001323874 1.716217e-05 2.608367e-05 3.8213952e-07 0.0002386858 3.914058e-07 8.824778e-06 4.5181585e-07 0.00015283773 3.833338e-05 9.109762e-06 1.6049105e-08 2.1073579e-07 7.3459073e-06 4.0099028e-08 6.250479e-07 1.8719436e-05 6.5399e-08 1.3957847e-06 4.5950073e-05 0.00012492372 1.11635565e-07 1.8118332e-08 1.1331596e-07 4.8159927e-06
0.9766526 0.017106317 0.050459847 0.014919128 0.11628053 0.00059867784 0.77198166 0.93682027 0.0009493663 0.9436059 0.79876703 9.378244e-10 0.00034253774 0.87988865 0.0005935362 0.98502666 0.0019084803 0.17265305 0.0032792673 0.0002432519 0.74047136 0.00019647487 0.36425516 0.11676693 0.16448705 0.19501425 0.8373884 0.03191856 5.5386653e-08 0.646489 0.13459173 0.049496755 0.0048149712 0.00069105154 0.06966872 0.021659624 0.045010846 0.02549032 0.02005035 0.010368147 0.0025386026 0.003491323 0.0032399057 6.4077335e-06 0.0004204082 0.0024210608 0.0012243675 0.0103578735 0.0013005922 0.046521105 0.0069859 0.0012220461 0.00026778487 1.6894191e-07 0.0034162505 0.005089031 0.0004296004 0.0066994354 0.0041438923 0.00016288743 6.0663297e-05 0.012184305 0.00010681267 0.0021784196 0.0002511131 0.00024921144 5.1649065e-05 0.00023573771 0.00037245057 0.0001922243 9.6092044e-05 1.2667479e-06 9.843212e-06 0.0009117285 0.00010868372 0.00012612499 0.0006812179 0.00013715215 4.6920075e-05 8.68547e-06 0.0008074051 1.5926771e-05 3.0270817e-06 1.4099488e-06 3.3048782e-05 0.00013922006 0.00014732209 4.0672483e-09 7.946319e-06 0.0001887384 3.9596766e-06 3.9919467e-08 0.0008565865 1.1864493e-06 0.00010610048 0.00029076566 5.3175932e-05 6.9422905e-11 8.528851e-09 5.1975673e-09 2.4478956e-07
0.615327 0.17937209 0.08848428 0.75257045 0.47068787 0.89604366 0.0005332354 0.0001978584 0.98509157 0.0002805979 6.0818136e-05 0.00034253774 4.3672628e-11 0.003501119 0.77267003 2.8987146e-05 0.009089382 8.900572e-05 0.00091102184 0.992237 0.0003622497 0.13158843 5.7067973e-06 2.0182124e-06 1.6080174e-06 6.1135296e-07 0.00625977 0.012618854 0.9627038 0.00032067386 2.090143e-07 9.2743556e-07 1.08699005e-07 0.009923201 6.866706e-07 2.7723507e-07 4.1215642e-08 1.277903e-07 6.785128e-07 3.831039e-07 1.2157491e-07 8.831256e-07 1.94454e-08 0.028040998 6.1679214e-07 6.3330326e-08 1.2022976e-08 2.8751654e-06 5.16908e-07 0.001299114 2.826681e-06 0.0049512866 8.325431e-10 0.02164772 9.513938e-06 0.00020486482 0.0004552458 0.00010719044 3.9131548e-05 3.312157e-07 2.861619e-08 8.722161e-07 1.3724386e-08 3.275885e-08 0.0006051036 1.2727528e-06 0.00012474372 4.8786137e-07 1.698695e-06 2.4956726e-06 3.471778e-06 3.2386924e-10 2.5780793e-05 0.0015044768 0.00013918184 6.542841e-07 2.653576e-06 3.0670185e-07 1.2815985e-07 4.3852764e-05 5.6061236e-08 0.00031366549 3.314797e-08 9.821879e-06 7.729821e-08 3.3624974e-07 1.5414931e-06 3.638446e-05 8.6425025e-08 4.5864437e-07 1.0418746e-07 9.768944e-07 1.5452044e-05 7.780839e-06 1.40032125e-05 2.6008702e-05 3.4987622e-07 1.0544022e-05 6.319738e-07 2.2265301e-10 4.2220964e-07
0.99506503 0.44434085 0.22781226 0.5296311 0.6724418 0.0828258 0.46887538 0.783378 0.010716077 0.29019743 0.011248095 0.87988865 0.003501119 2.2856518e-10 0.094762325 0.79776835 0.00019190594 0.0006755541 5.2469524e-05 0.00029690965 0.7629575 0.02727408 0.69120425 0.005304903 0.012118454 0.22545633 0.9487088 0.95718247 0.00038469344 0.8680392 0.0038267947 0.0010100334 0.00035412726 0.068766475 0.03743463 2.1545866e-06 5.279302e-05 0.12476871 0.00068647304 0.0024170387 1.8946328e-05 1.2647061e-05 0.00015394263 2.1608732e-06 1.38666655e-05 0.00011472175 5.371331e-08 0.0027108437 5.6196775e-08 0.40267754 0.5208118 0.06768584 5.8852874e-07 0.0005457477 0.49759713 0.05109607 0.19296044 0.00597587 0.0013507397 0.022225965 0.005210442 0.00027505233 4.2678374e-07 1.076916e-06 0.011831845 0.012740209 0.011934416 0.02685159 0.027863933 0.023749223 0.0014295658 0.00045624393 0.047339533 0.029437864 0.0004397451 0.007272012 0.0012080639 0.008606922 0.0015260843 0.0031052248 3.6477452e-06 0.010458285 0.00043384673 0.0033692305 3.045823e-08 0.005237137 0.0031194913 1.4224456e-06 9.35245e-06 0.011497275 0.0010410047 7.021894e-05 0.013917575 0.002321582 0.0027517248 0.02009034 8.629334e-06 2.8432206e-07 3.4545776e-06 6.486568e-08 2.1089936e-06
0.9349013 0.020693732 0.09465841 0.92167574 0.026846321 0.87469554 0.00042650427 0.00019636695 0.9485766 0.00012174808 3.14636e-05 0.0005935362 0.77267003 0.094762325 4.6536025e-11 2.1924949e-05 0.00602804 5.8626054e-05 0.0011606815 0.56463635 0.00036907804 0.96783376 4.199568e-05 1.2750895e-07 5.4854155e-08 4.1297367e-06 0.017048445 0.4943136 0.9951758 0.0010258472 1.632377e-07 2.4052154e-08 3.1303625e-07 0.27389964 8.4462776e-08 3.7213933e-08 1.1827906e-05 1.619073e-07 2.1770724e-07 1.4287205e-07 3.1962676e-07 1.7792274e-08 2.236606e-09 0.0027452833 3.618707e-09 3.623293e-09 1.0380284e-07 1.27513395e-08 4.007221e-07 0.015009716 1.8142625e-06 0.17956924 8.357681e-10 0.24473612 2.9840955e-06 0.00049832126 0.015320331 0.00025210198 2.8520355e-07 4.4145315e-07 7.597287e-09 1.1405634e-09 6.0098566e-09 3.1831777e-09 0.011770754 5.9939994e-06 0.003382419 1.1270164e-07 5.310688e-08 1.2436989e-06 2.9167404e-08 1.1987941e-08 0.0018358071 0.008839144 0.00043051972 2.1181579e-05 5.426102e-08 4.519999e-07 8.6065395e-09 0.00071137486 3.800149e-09 0.0008491212 1.9761078e-08 0.0014113459 1.1226337e-10 2.9805549e-06 7.194164e-08 0.0051599396 8.028776e-12 3.0282356e-05 3.5028454e-05 0.00026683428 0.00030721052 0.0010321591 0.0016357378 0.0006820399 4.2139057e-09 0.0013658005 0.00010472965 2.5286884e-10 3.539618e-08
0.9726216 0.003571882 0.009570162 0.0017839349 0.10152252 6.3542706e-05 0.6521627 0.83765036 0.00013909015 0.9143323 0.6683566 0.98502666 2.8987146e-05 0.79776835 2.1924949e-05 1.9695773e-10 0.00019242828 0.026759867 0.00017340317 5.72144e-06 0.8753058 7.408837e-05 0.92130524 0.37004247 0.4943119 0.8237434 0.7941325 0.018233648 7.339765e-08 0.7463316 0.23657054 0.097225 0.013034966 1.1065142e-05 0.33643407 0.009253278 0.02779871 0.23601785 0.03249709 0.022781368 0.0042172014 0.0037016643 0.004994922 4.2471647e-06 0.0006110071 0.002381826 0.000382163 0.026726164 0.00068448245 0.097460315 0.07174544 5.2794378e-05 0.00047470513 1.2982986e-08 0.011941394 0.0079358015 0.00021974782 0.013227106 0.007454014 0.0007053009 0.0005829517 0.011313073 0.0001570338 0.0028314283 5.725826e-05 0.0007663752 1.1053646e-05 0.00029272216 0.0014075453 0.0005162927 0.0007417183 3.2089152e-05 3.493959e-06 0.00076157314 0.0006038532 0.00030634072 0.0040679006 0.00015388669 6.698212e-05 3.035536e-07 0.0005295291 4.6467226e-06 3.2942233e-05 7.214532e-07 4.6304944e-05 0.0006604117 0.00012909972 1.3722957e-10 3.2941545e-05 7.634591e-05 3.115216e-07 1.2137049e-08 0.00047081066 2.9442137e-07 7.11192e-05 9.75179e-05 6.135047e-05 2.7709493e-11 1.3705674e-09 8.075636e-08 2.2597885e-06
0.61938024 0.7362432 0.47423825 0.29946905 0.5873288 0.14666578 0.008062525 0.00018834643 0.021355376 0.00329103 0.0006717102 0.0019084803 0.009089382 0.00019190594 0.00602804 0.00019242828 1.4786714e-11 0.017619848 0.99893516 0.030929772 0.0015785845 0.0009613224 5.035294e-06 8.88334e-05 2.7301008e-05 8.123802e-07 0.013258488 0.00040092817 0.005564513 0.0011678129 9.482533e-06 3.320621e-07 4.308789e-06 0.00016241634 5.9470757e-08 4.0552964e-05 0.0009801042 6.879032e-08 0.0002066607 1.1897311e-05 0.00017910135 5.2480333e-05 1.1174064e-06 0.9997521 4.6152686e-06 6.62987e-06 3.2997086e-06 1.1617588e-07 5.8869828e-05 0.0012393967 8.1361225e-07 0.0001456988 5.761693e-09 5.309181e-07 6.243949e-07 0.0001924257 9.4966543e-07 0.0013165658 6.1507967e-06 3.5316673e-06 1.9101128e-06 4.0872308e-07 1.7654277e-07 1.2879257e-05 0.0003043756 2.6417852e-05 1.2694023e-06 1.8793668e-07 1.1619415e-07 1.73835e-06 4.0309237e-07 1.0463111e-06 3.5812185e-08 0.00032349702 2.8288048e-05 3.4583614e-08 1.1092121e-06 4.6382416e-07 2.4922617e-06 1.2581893e-05 6.459761e-07 2.003494e-08 4.3233313e-06 7.7906325e-06 1.2081077e-06 2.558952e-08 6.1316706e-07 3.9052156e-06 3.012939e-07 3.7712667e-07 4.4656485e-07 1.643959e-06 2.901035e-07 4.3940508e-07 5.786685e-06 1.6566253e-06 2.474445e-06 6.422229e-07 2.569547e-07 1.1655436e-06 5.748239e-08
0.89337724 0.5167796 0.17167886 0.0014906556 0.8486899 0.00019067747 0.8848519 0.05368136 1.6890648e-05 0.46902466 0.92306906 0.17265305 8.900572e-05 0.0006755541 5.8626054e-05 0.026759867 0.017619848 1.9867785e-14 0.99919134 0.00044571777 0.13855521 4.3870878e-05 0.0007707521 0.04103065 0.026840081 0.0001844588 0.19185138 3.8487615e-06 1.0724687e-08 0.032580253 0.014491018 0.0026854626 0.00015229604 3.6620706e-06 7.0984424e-05 0.021156022 0.97354 1.4901311e-05 0.0208331 0.0022216106 0.009943663 0.00094964204 0.0006487135 0.00021541184 0.00019979608 0.0003017196 0.0006979293 4.4276567e-05 0.0071088322 0.0010903488 8.700952e-05 8.614542e-08 9.844724e-06 6.197183e-11 2.5337794e-08 0.00017713009 1.6992733e-08 0.0002293189 0.00036089387 1.6801363e-06 4.0727642e-07 0.000140532 4.026901e-05 0.002058985 8.9927966e-07 3.7902628e-06 2.4151129e-08 1.20042545e-08 6.7997936e-09 3.9069238e-07 1.3240638e-07 4.1804392e-07 3.937547e-11 9.593437e-07 1.2535281e-05 2.6396265e-09 6.3840027e-09 7.74e-08 1.4729868e-07 2.79179e-09 2.6978697e-07 1.0677914e-10 2.3370971e-07 2.3254583e-09 1.6578793e-05 8.764211e-09 5.3268586e-08 1.5230088e-09 4.3849706e-09 1.7763986e-09 8.0389526e-08 1.2919052e-09 5.5674427e-08 2.9876792e-09 3.523383e-09 1.1980763e-08 2.1250794e-07 1.2766707e-10 2.0821458e-10 3.6517335e-08 1.8104469e-09
0.363637 0.27389628 0.073593415 0.0038520044 0.5593769 0.0011187517 0.02180341 0.00070894544 0.0007125749 0.006632349 0.056125473 0.0032792673 0.00091102184 5.2469524e-05 0.0011606815 0.00017340317 0.99893516 0.99919134 1.5710657e-14 0.0070585436 0.0015468433 0.00045592358 1.3269387e-05 0.00017705999 0.0001200737 2.8920063e-06 0.0081116995 2.9501573e-06 1.0708014e-05 0.00025743144 0.00015945942 1.0951509e-05 1.4994142e-05 4.324055e-05 2.1787423e-07 0.0003325871 0.014101028 6.6971637e-07 0.0001186326 1.8097999e-05 0.0002440582 1.0471102e-05 1.2047222e-05 0.3924569 2.9272157e-06 3.1251246e-05 1.1803297e-05 1.6805898e-06 0.001247577 6.7924775e-05 3.6655493e-07 1.1570921e-06 5.0917884e-06 1.2998821e-08 1.1280546e-08 3.380779e-06 3.370043e-08 9.6710155e-06 0.00016324339 1.9859822e-07 2.7845365e-07 1.8804894e-05 3.2759897e-05 0.00010062957 4.207505e-07 4.0214954e-06 1.586706e-06 5.634357e-09 1.2478237e-08 5.765434e-08 3.0843935e-06 2.1463352e-07 8.996329e-09 5.07245e-06 1.2949286e-05 1.3297861e-09 5.795072e-07 4.9339275e-09 1.4787131e-06 1.9609794e-07 1.3487881e-06 1.9536284e-09 1.222313e-07 5.2122825e-08 5.700088e-07 4.4728573e-08 5.98367e-07 5.837666e-09 1.2373347e-07 1.4657175e-08 1.7882561e-09 4.0704693e-09 3.0859145e-08 5.9876255e-09 3.274347e-07 8.146507e-08 6.768658e-06 5.6653167e-09 1.6468082e-10 2.454966e-08 3.6525256e-09
0.5093471 0.49260202 0.2971107 0.6882472 0.23498091 0.8079783 0.0004013645 3.142294e-05 0.5966665 8.3877894e-05 6.1725004e-05 0.0002432519 0.992237 0.00029690965 0.56463635 5.72144e-06 0.030929772 0.00044571777 0.0070585436 5.0878793e-12 2.3281413e-05 0.12162054 8.6107605e-07 1.0292711e-05 2.1245658e-06 6.29158e-08 0.00058061385 0.0017359065 0.7901604 8.185126e-06 3.077823e-06 3.7829233e-07 1.3787894e-06 0.0038951568 1.41654e-07 1.8270765e-06 1.6999574e-06 1.8511981e-08 2.0211478e-06 9.5270246e-07 9.557726e-06 2.9897728e-06 3.0606735e-08 0.99966985 3.8225068e-07 3.287659e-08 2.741063e-07 7.454966e-08 3.7936028e-05 5.3927222e-05 1.4804714e-06 0.0028403034 1.0993097e-08 0.00032844974 1.0654144e-06 1.6520396e-05 0.000121169396 7.981605e-06 4.166777e-06 2.0688006e-07 7.623808e-09 6.71322e-07 1.2121526e-08 1.0782868e-06 0.00012021785 2.0820964e-06 2.8047012e-05 2.9569551e-07 4.490398e-08 7.773492e-07 1.5923665e-06 4.2056854e-08 1.1906407e-08 0.00024202457 2.3082112e-05 3.7915644e-08 2.3155496e-06 5.973829e-07 2.393613e-07 0.00011897612 6.166313e-08 1.2596487e-06 9.438423e-08 7.3003716e-06 6.027183e-08 2.6465966e-07 6.948113e-07 4.742087e-06 5.5467215e-08 1.2184454e-07 1.1840913e-06 3.7868068e-07 3.1649754e-06 7.7071815e-07 2.2711387e-07 1.0568189e-06 4.778908e-07 3.7395127e-06 1.7032768e-07 3.3603445e-08 1.589338e-08
0.9948559 0.03508205 0.019160004 0.0282776 0.04077711 0.0010989687 0.27174354 0.32144472 0.001331619 0.53007823 0.28178856 0.74047136 0.0003622497 0.7629575 0.00036907804 0.8753058 0.0015785845 0.13855521 0.0015468433 2.3281413e-05 6.6629813e-10 0.00024399866 0.9206399 0.7742708 0.76134294 0.9391721 0.733346 0.014854744 8.2606704e-07 0.9109513 0.5751389 0.19302721 0.47487274 0.0013828982 0.45556208 0.022656128 0.01555151 0.8086883 0.23545834 0.14151846 0.12686783 0.036798216 0.14577088 1.1411869e-05 0.0053126058 0.050096985 0.0036877303 0.3746771 0.028803842 0.1240279 0.42001635 0.0014199362 0.17567283 2.3752589e-06 0.073712185 0.016663931 0.0017776903 0.009943966 0.09209776 0.011704733 0.007648752 0.108158164 0.012894978 0.003990796 0.00010485997 0.0028880802 5.603214e-05 0.0014617528 0.0051867366 0.0008307322 0.008995774 0.0014944668 6.4032006e-06 0.0004948317 0.00039701033 0.00083056896 0.108400516 0.0012354482 0.00021228769 2.8014507e-05 0.008023322 2.2595503e-05 0.0001365212 2.8817344e-06 0.0017448035 0.00035752455 0.0009893171 2.4157485e-08 0.0005136275 0.0007268361 2.093955e-06 2.2581261e-07 0.0050352234 1.0189226e-05 7.6916825e-05 0.0017215403 0.004829688 2.8749387e-09 2.999616e-07 1.0820999e-07 4.8539177e-06
0.7980774 0.0018857593 0.006196573 0.096730165 0.00033278126 0.073296085 9.144958e-05 2.6919612e-05 0.29084438 2.8337086e-05 4.1616688e-05 0.00019647487 0.13158843 0.02727408 0.96783376 7.408837e-05 0.0009613224 4.3870878e-05 0.00045592358 0.12162054 0.00024399866 3.9367376e-10 0.00017901733 3.811217e-06 6.09563e-06 3.826652e-06 0.011997248 0.35705703 0.5457786 0.0047529424 2.3522632e-06 3.0848153e-07 1.2110469e-06 0.99683166 1.5952786e-06 3.913252e-05 5.1594714e-07 9.010729e-07 1.5024679e-06 1.2326888e-06 9.766714e-06 1.2464488e-06 6.739611e-07 0.00018735287 2.0712466e-07 3.0257945e-06 1.4562174e-07 3.3735453e-06 8.595553e-06 0.0066816555 6.989561e-06 0.24910076 1.8418895e-08 0.9842274 2.0266518e-05 0.001982618 0.003801536 0.0010988681 0.00030628167 2.281447e-06 6.277941e-07 6.870994e-08 7.4265995e-07 6.125987e-08 0.006107758 5.1673356e-07 0.00087580876 2.8859313e-06 2.841533e-06 0.00010476891 1.5559712e-05 1.8942787e-07 1.1933129e-05 0.010149173 0.0015098338 6.3635496e-05 1.9056041e-06 2.219786e-06 7.7180823e-07 0.00042614609 1.4457377e-06 0.0015724542 8.662055e-07 0.0005159927 5.2028863e-08 1.2129084e-05 1.1433182e-06 5.6318593e-05 1.764872e-09 2.3274595e-05 6.431264e-07 1.4858257e-05 8.9844296e-05 3.689232e-05 0.00020318643 0.0002827682 1.1001933e-07 0.000109380286 8.309508e-09 4.7578283e-08 2.822374e-08
0.98130804 0.0009151922 0.00056547456 0.0021146059 0.015724093 3.2460382e-05 0.05530537 0.069318675 4.077292e-05 0.07202016 0.030048903 0.36425516 5.7067973e-06 0.69120425 4.199568e-05 0.92130524 5.035294e-06 0.0007707521 1.3269387e-05 8.6107605e-07 0.9206399 0.00017901733 3.0636973e-09 0.32291266 0.41189465 0.96310997 0.6666245 0.021992845 6.388028e-07 0.9201331 0.031166224 0.0054665403 0.11544997 0.00011711816 0.30995032 0.00026771135 0.0004936432 0.9747129 0.01595619 0.047741886 0.004457029 0.0010381236 0.026033808 9.676131e-07 0.0014128251 0.0076328334 6.360152e-05 0.3412019 0.0004054353 0.27659658 0.790504 0.000117465825 0.013400314 1.8961094e-07 0.3693256 0.052868262 0.00054333365 0.030594863 0.03163188 0.017492138 0.016102742 0.01649583 0.0012540154 0.0021235899 5.1805546e-05 0.008898511 2.1111055e-05 0.003165155 0.018555535 0.0028796592 0.028433753 0.0019009758 4.4895613e-05 0.0018358824 0.0012609769 0.001137695 0.07954144 0.0009887855 0.00043889607 1.3087398e-06 0.0016946743 5.5638582e-05 0.0009947001 3.731061e-07 0.00011223632 0.0018085921 0.0022355316 1.2932809e-09 0.00032100067 0.00080634584 3.5569706e-06 7.536745e-08 0.0028568734 9.89409e-06 8.9940484e-05 0.00050430896 0.00073998125 1.0374297e-09 3.599249e-08 1.5070515e-06 0.00014634662
0.98922884 2.378152e-05 1.263427e-05 2.0701409e-05 0.0009859955 1.2595987e-07 0.0196371 0.004468821 6.096968e-06 0.11712144 0.051881876 0.11676693 2.0182124e-06 0.005304903 1.2750895e-07 0.37004247 8.88334e-05 0.04103065 0.00017705999 1.0292711e-05 0.7742708 3.811217e-06 0.32291266 3.646169e-10 0.97573286 0.75862277 0.22158763 0.00036423953 4.2896804e-07 0.37224337 0.89489615 0.43405652 0.097041525 2.1464834e-06 0.973191 0.047087148 0.016108366 0.13867483 0.7938132 0.6840237 0.7077976 0.26663154 0.53042704 1.6923896e-05 0.068482526 0.33294198 0.04607203 0.13773325 0.29357296 0.020344669 0.014036078 1.4318352e-06 0.009296731 4.6926385e-07 0.001059814 0.002450021 2.2907059e-06 0.00969793 0.07642715 0.00062622246 0.000613545 0.16842903 0.01010601 0.08235467 8.666629e-06 0.0002929042 2.6717803e-06 3.393896e-05 4.4485994e-05 3.0439316e-05 1.7232938e-05 2.1243299e-05 4.1824872e-08 0.00014544613 7.384339e-05 1.0088551e-05 0.00090461184 3.7765505e-05 1.1170501e-05 4.865984e-07 0.0014371886 1.429128e-07 3.1988493e-06 2.8788952e-07 0.0024539484 2.2797907e-05 5.680146e-05 5.6568002e-08 3.9061433e-06 2.3434168e-06 6.2675774e-08 1.941976e-07 9.045858e-05 8.511143e-08 2.0237787e-06 4.1427404e-05 0.00027831786 4.0350345e-09 2.1639806e-08 7.326478e-08 6.169425e-06
0.9831692 2.9076187e-05 9.4808194e-05 5.194709e-05 0.0019924277 9.805088e-08 0.05180742 0.0071414113 1.4024557e-05 0.10939386 0.12584434 0.16448705 1.6080174e-06 0.012118454 5.4854155e-08 0.4943119 2.7301008e-05 0.026840081 0.0001200737 2.1245658e-06 0.76134294 6.09563e-06 0.41189465 0.97573286 3.9813465e-12 0.7866929 0.30799797 0.0006358117 7.6111746e-07 0.4654968 0.91932344 0.3185093 0.10765607 4.852577e-07 0.97334343 0.017350279 0.008608794 0.13518426 0.69508636 0.6872908 0.38067296 0.09403272 0.433539 8.538134e-06 0.042294264 0.20685096 0.0053870245 0.29113603 0.05021428 0.02823231 0.014032618 1.5094278e-06 0.0030121463 8.305249e-08 0.0014420323 0.002543431 3.992244e-06 0.0075742 0.056487907 0.0005596267 0.00030154648 0.12688875 0.0025363595 0.06488679 2.0930124e-06 0.00017024073 1.4418575e-06 5.1206433e-05 2.962338e-05 3.0953834e-05 3.8408874e-05 6.669867e-06 1.4497893e-07 0.000118620264 3.8821436e-05 1.9141366e-05 0.00058523857 2.946877e-05 1.2249993e-05 3.915766e-08 0.00081413705 3.915286e-07 3.094151e-06 2.83054e-07 0.00035993435 3.015066e-05 4.066074e-05 1.13621486e-08 2.7447609e-06 1.7429281e-06 4.6657945e-08 2.8206301e-08 9.029302e-05 8.82381e-08 1.3297882e-06 2.1060923e-05 0.0002744947 1.5120591e-09 1.1430772e-08 4.0343906e-08 8.232041e-06
0.95700943 0.00016568274 0.0002673019 0.00035875052 0.004296662 5.2181713e-06 0.04086834 0.049005516 9.8720075e-06 0.044895675 0.022463614 0.19501425 6.1135296e-07 0.22545633 4.1297367e-06 0.8237434 8.123802e-07 0.0001844588 2.8920063e-06 6.29158e-08 0.9391721 3.826652e-06 0.96310997 0.75862277 0.7866929 5.1960623e-12 0.63662446 0.008711128 7.0241214e-08 0.8006066 0.08720013 0.032742012 0.19464746 1.3411328e-05 0.7144118 0.00014167177 0.00054979464 0.99107754 0.042798612 0.09154982 0.0071879653 0.0017583064 0.2078757 1.3853439e-08 0.0038718833 0.03282147 7.274939e-05 0.5377892 0.001147894 0.19629633 0.3558333 2.9913517e-05 0.010218167 7.678972e-09 0.07677065 0.01705442 0.00012241556 0.01899055 0.057890017 0.0065618167 0.006312384 0.020901509 0.0006450511 0.001953233 2.888455e-05 0.0026678669 5.9525206e-05 0.0008101096 0.0022478155 0.0016533969 0.0026413233 0.00027577803 7.564447e-06 0.0008159894 0.0006008308 0.00026442442 0.010231355 0.00042862995 0.0001463155 3.191962e-06 0.0012614478 1.3178608e-05 0.00023840848 9.972227e-07 0.0001688977 0.0002706006 0.00051685877 5.6689373e-09 0.00017343377 5.6872195e-05 1.8286462e-07 1.2188046e-07 0.00053743424 4.796688e-07 0.00012533028 0.00012049803 0.00063410704 4.1198625e-10 6.987771e-09 2.1469513e-07 1.1973561e-05
0.998642 0.4855014 0.20019573 0.45241278 0.2863387 0.08176748 0.5857511 0.7392656 0.022626838 0.6781271 0.3007337 0.8373884 0.00625977 0.9487088 0.017048445 0.7941325 0.013258488 0.19185138 0.0081116995 0.00058061385 0.733346 0.011997248 0.6666245 0.22158763 0.30799797 0.63662446 8.8641e-10 0.38856623 1.945272e-05 0.90887016 0.26571766 0.07084833 0.07824653 0.053460855 0.13580231 0.01061723 0.008829351 0.18498892 0.06087167 0.031821564 0.01169826 0.0054067657 0.019847363 3.1934767e-05 0.0010050667 0.007585542 0.00031152592 0.13723096 0.0011217785 0.7067057 0.5184762 0.08397245 0.020800188 3.359536e-05 0.10547313 0.1048043 0.066396624 0.00913812 0.025761502 0.03372217 0.014547319 0.022361705 0.001472869 0.0008321238 0.0077843205 0.012453357 0.0045385603 0.013148612 0.014383152 0.007944861 0.011231662 0.0038982208 0.001338876 0.0035639503 0.00081048324 0.0036482394 0.08004565 0.0110309115 0.0017298894 0.0040687625 0.002228673 0.0051370296 0.0008421956 0.0010864496 8.2656516e-05 0.0015152127 0.0046005896 2.5417228e-06 0.00038455165 0.016219137 0.0015896431 5.4391297e-05 0.021214334 0.0013488795 0.0018180195 0.0124275815 0.00091558625 4.5120245e-08 1.3084203e-06 1.2503992e-06 2.375184e-06
0.9986944 0.16784382 0.15948012 0.7189035 0.08419911 0.3510144 0.013113529 0.046746854 0.07269994 0.005508861 0.00028234188 0.03191856 0.012618854 0.95718247 0.4943136 0.018233648 0.00040092817 3.8487615e-06 2.9501573e-06 0.0017359065 0.014854744 0.35705703 0.021992845 0.00036423953 0.0006358117 0.008711128 0.38856623 2.7048197e-11 0.009817735 0.080942355 0.00035756463 7.370429e-05 7.023154e-05 0.8999985 0.0015882443 2.1173502e-05 8.4434873e-07 0.006295965 6.0177263e-05 0.00020314107 4.6992604e-06 1.4419043e-06 7.966218e-05 9.156884e-06 2.3140583e-07 6.2572035e-06 2.0454531e-09 0.0002631239 1.3808297e-09 0.38187408 0.02198667 0.92728364 1.8523345e-07 0.11231996 0.01931699 0.021109184 0.88109905 0.0087775625 0.00038701887 0.0031356781 0.0007226073 0.00016661827 7.695603e-08 1.3027612e-08 0.4274893 0.0018755408 0.20523322 0.008931872 0.0042326213 0.012810904 0.00034379162 5.08914e-05 0.38435176 0.2321462 0.011061824 0.017834961 0.00026005937 0.007860795 0.0009869189 0.051122576 2.5104248e-06 0.14173514 2.5861786e-05 0.06414599 1.6766971e-09 0.010813908 0.0007261907 0.0038494263 3.8677217e-06 0.06273515 0.012115445 0.009703116 0.018478103 0.013785838 0.0029133104 0.06766054 2.1978806e-06 0.00044835397 0.00022883304 3.663735e-07 7.652147e-08
0.06022952 0.00036494064 0.00877999 0.13277552 0.008495384 0.07360801 4.783696e-07 1.5378713e-07 0.8824884 5.910212e-08 2.0575706e-06 5.5386653e-08 0.9627038 0.00038469344 0.9951758 7.339765e-08 0.005564513 1.0724687e-08 1.0708014e-05 0.7901604 8.2606704e-07 0.5457786 6.388028e-07 4.2896804e-07 7.6111746e-07 7.0241214e-08 1.945272e-05 0.009817735 1.5008908e-16 1.841417e-06 3.2388485e-07 1.9384882e-07 1.071142e-06 0.034609184 9.567091e-08 5.095834e-12 8.811212e-12 2.0796714e-08 9.329739e-07 3.6207805e-08 4.326654e-07 1.4953933e-08 6.7774124e-07 0.07175894 2.301274e-09 3.2726874e-08 1.5755196e-13 4.0426733e-07 3.3229504e-08 5.3980373e-05 2.3354774e-07 0.018455425 3.9709413e-08 0.98795795 7.481157e-09 1.0899771e-06 0.00032453463 2.3420661e-07 2.3019611e-07 1.5637697e-08 7.129531e-10 2.1860706e-07 4.5068898e-08 3.3853015e-10 0.00096332864 4.1048995e-07 0.00028951248 4.3280277e-09 3.7031253e-08 6.559003e-07 2.1118012e-06 3.327655e-09 4.304175e-05 0.00026813496 2.292731e-05 4.3652292e-08 2.613136e-06 3.4655703e-09 1.1815576e-08 0.00015728502 7.3603132e-09 0.00013971486 6.071008e-10 0.00012092213 1.2484086e-09 1.3297843e-08 4.110032e-08 0.00042973604 9.615487e-10 2.7491538e-08 8.267219e-09 1.5551965e-09 2.9026883e-06 5.9533147e-09 1.4156844e-06 5.045117e-07 3.4042167e-09 9.66883e-08 1.3584575e-09 1.9138396e-10 3.0776315e-12
0.99531066 0.09177837 0.045441777 0.12104859 0.07322721 0.0062438333 0.20107004 0.24561623 0.0035528317 0.3022228 0.09159688 0.646489 0.00032067386 0.8680392 0.0010258472 0.7463316 0.0011678129 0.032580253 0.00025743144 8.185126e-06 0.9109513 0.0047529424 0.9201331 0.37224337 0.4654968 0.8006066 0.90887016 0.080942355 1.841417e-06 2.1036552e-09 0.25971583 0.04668565 0.15370068 0.00815616 0.28511068 0.005146994 0.0027719184 0.78817415 0.093699835 0.07232259 0.024184294 0.0046391473 0.09725702 8.740619e-06 0.0017596801 0.025892401 0.00030216135 0.3614206 0.001727825 0.7803384 0.90778404 0.009489155 0.101040326 1.271835e-05 0.45000598 0.21307078 0.01376541 0.026037054 0.09207392 0.08082652 0.060432795 0.07226687 0.0035750053 0.001549475 0.0019068986 0.032141447 0.000694068 0.019009741 0.086864896 0.010613403 0.053119764 0.020026408 0.00019046066 0.0011026866 0.002279365 0.0042594313 0.25275508 0.018756352 0.006152216 0.0010745907 0.009067175 0.0008434181 0.0015219579 0.00010442019 0.0006741517 0.0027900462 0.019119227 1.0085548e-07 0.0014463727 0.012913764 0.0008410266 2.5400943e-06 0.03446207 0.00025242745 0.0011520388 0.00879037 0.00430874 3.756277e-09 2.6713344e-06 3.9039573e-06 4.1560877e-05
0.96294844 0.00014735595 6.1659404e-05 2.0488073e-05 0.000882499 5.712807e-07 0.044896223 0.0072855446 5.870958e-07 0.30986345 0.7979581 0.13459173 2.090143e-07 0.0038267947 1.632377e-07 0.23657054 9.482533e-06 0.014491018 0.00015945942 3.077823e-06 0.5751389 2.3522632e-06 0.031166224 0.89489615 0.91932344 0.08720013 0.26571766 0.00035756463 3.2388485e-07 0.25971583 4.22036e-11 0.9945733 0.15975615 1.6593457e-07 0.8443191 0.027727291 0.006430621 0.010806418 0.92963856 0.4462085 0.16385573 0.14576703 0.008574516 4.0894906e-06 0.06198388 0.024288015 0.008458713 0.009511058 0.019141288 0.006040853 0.0022678857 4.81905e-07 2.0608886e-05 1.3196347e-08 0.00016077017 0.0009661512 9.660732e-07 0.0030452267 0.0042683207 9.91115e-05 5.4930617e-05 0.013119572 3.9570755e-06 0.021274203 8.4664e-06 1.4477377e-05 2.4477472e-06 1.5649305e-06 7.942388e-06 1.1274691e-05 5.289258e-06 2.8720494e-06 5.1012506e-08 3.3048058e-05 6.7857463e-06 1.0902639e-06 7.399957e-06 4.4200647e-06 4.7058256e-06 1.7020069e-07 5.748754e-06 2.8682706e-07 5.100658e-06 4.1595175e-07 3.0701907e-05 9.374073e-07 1.8748011e-06 6.127377e-08 4.5475238e-07 9.378825e-08 4.367919e-08 8.184899e-08 2.0492274e-05 9.514349e-09 1.5453393e-06 1.3404596e-06 1.6450183e-05 5.3218487e-09 1.9462534e-09 1.8677218e-08 2.0927837e-07
