5.336318e-11 0.052012414 0.0041432604 0.12673867 0.8300979 0.0003473484 0.70061886 0.23325467 0.013618065 0.8773855 0.9012703 0.98952454 0.9783136 0.6669086 0.94695616 0.92408085 0.9710902 0.7822196 0.9917102 0.88117087 0.9811058 0.8924276 0.9476657 0.9822663 0.97022486 0.3503991 0.88422877 0.8361656 0.980944 0.98861575 0.64501864 0.9579605 0.98506635 0.97978044 0.9905731 0.92311203 0.8359944 0.978092 0.99090207 0.9958552 0.9909283 0.99715865 0.98275995 0.9366702 0.84314376 0.98925686 0.6325853 0.9888936 0.9980265 0.9945111 0.70281184 0.8039108 0.9528906 0.9905048 0.9958316 0.9541959 0.98507535 0.25797194 0.012760338 0.92724705 0.020495571 0.9595693 0.84332216 0.23795055 0.9522733 0.9974184 0.9545732 0.99888647 0.8487291 0.9859481 0.9420551 0.98864347 0.2001693 0.9547962 0.9901146 0.8836227 0.9621994 0.9555204 0.9998293 0.9976373 0.8986936 0.4625838 0.8769216 0.9854803 0.5189995 0.9559448 0.9203537 0.953154 0.9271033 0.06574225 0.008908666 0.9989849 0.99493885 0.79469275 0.93035996 0.9994799 0.99977136 0.87175393 0.9902008 0.89767325 0.9497729
0.052012414 3.3758144e-15 0.99969274 0.9932244 0.69535196 0.040055808 0.69993025 0.00042119354 3.274122e-05 0.84155434 0.6004383 0.111169636 0.034408335 0.028926127 0.1441353 0.012104119 0.004554419 0.0009089066 0.011046545 9.342298e-06 0.0020992635 0.0040983087 1.9052351e-06 0.00046325417 0.00019608441 6.258675e-05 1.07335545e-05 2.0439213e-06 0.00012877176 0.00025885043 4.689932e-05 4.9923137e-06 9.7992895e-05 0.0007925107 3.6370325e-06 3.872433e-07 7.014726e-07 1.0298965e-05 3.7140046e-06 0.0005398478 2.5532808e-07 0.0013052811 6.183134e-07 3.0780313e-08 1.0955258e-07 1.721292e-08 1.5164396e-10 1.0262912e-07 7.189641e-07 1.2301561e-09 1.2082816e-08 1.6481351e-09 2.4656266e-09 3.2768614e-07 3.053507e-08 4.6099768e-08 2.4972865e-08 8.8900054e-10 4.8305755e-13 7.087351e-10 1.9916008e-14 1.7479818e-08 5.092749e-10 5.1812773e-12 5.417475e-07 9.41614e-09 6.9357625e-08 6.120045e-05 1.26047e-09 1.0704103e-09 9.267044e-09 3.0456082e-08 7.5696993e-10 5.694488e-10 8.0496537e-10 1.9037336e-09 1.184041e-09 4.580964e-08 2.4892415e-07 1.2158615e-07 2.6851663e-09 4.8039025e-13 2.1617468e-10 5.0781823e-09 3.8917897e-12 2.4148664e-10 2.9373133e-08 4.238853e-10 1.147672e-11 1.9058653e-14 6.998185e-10 5.6481323e-08 5.780502e-10 4.1553874e-12 2.0416728e-12 1.048792e-09 3.0424324e-08 8.351287e-11 2.3216302e-08 2.234135e-11 7.397127e-10
0.0041432604 0.99969274 3.44054e-18 0.002998928 0.12881695 0.9999956 0.00017866514 0.00037376728 0.0019256457 0.048295 0.0031963838 0.002040819 0.0016077225 8.764864e-05 0.0009157068 0.00042362313 3.5051846e-05 0.0011864483 0.00023331256 1.499324e-05 0.0003139989 0.00072255393 1.7175553e-06 6.231017e-05 1.9747224e-05 1.6394226e-05 2.0729174e-06 1.3319764e-06 1.9343877e-06 7.1411887e-06 1.938287e-05 2.067619e-07 5.984501e-06 2.9114648e-05 7.610267e-09 1.0008088e-08 1.6795516e-06 1.3975648e-07 8.693835e-07 0.00023333414 8.273856e-10 4.4049848e-05 1.1331568e-08 7.051511e-10 7.9010067e-07 2.4279899e-08 5.3826964e-11 4.856869e-09 3.4532466e-08 1.2661813e-08 3.15789e-08 2.9033957e-09 2.816766e-11 7.282879e-09 6.4571454e-10 7.3539845e-09 7.689473e-11 2.5127621e-12 2.5628212e-15 8.318852e-12 2.7984018e-16 3.6829828e-10 3.9515765e-12 5.278863e-13 6.530576e-08 1.9408881e-10 3.355601e-10 1.5104998e-05 5.7945624e-11 8.463129e-12 1.722201e-09 5.34449e-10 2.6950933e-10 5.5648997e-10 2.5520732e-09 2.11859e-09 5.3040417e-10 3.6207453e-08 1.6440575e-08 2.27308e-09 8.4310264e-10 1.6683213e-15 3.736523e-11 3.1910666e-10 1.5715661e-14 1.0177143e-11 9.352223e-09 9.476682e-12 7.285564e-12 4.6929347e-16 5.0922704e-11 2.1363112e-08 2.6415303e-09 1.1756335e-13 2.713638e-13 2.0924443e-11 2.309326e-08 1.3156467e-11 7.5699597e-10 8.3283614e-12 1.8745006e-10
0.12673867 0.9932244 0.002998928 5.92511e-12 0.13455954 0.0002514896 0.99886274 0.00012220164 1.1083835e-05 0.9415271 0.7981936 0.29100838 0.05290464 0.55139273 0.44700232 0.052140128 0.0378741 0.01128419 0.02617633 0.0001606799 0.006098067 0.017007668 2.9448123e-05 0.0014692284 0.00024860422 0.000294612 0.00010123435 1.2706256e-06 0.00019885875 0.00030908777 2.8178141e-05 4.796894e-05 0.00010696456 0.00084420113 4.6229466e-06 7.205384e-08 2.5130043e-06 1.1654164e-05 7.864025e-06 0.0006142467 3.894129e-08 0.0021679928 1.4341695e-06 1.20262555e-08 3.9922325e-06 4.205188e-08 1.2302734e-09 5.2917997e-08 2.705118e-06 2.6254835e-08 2.7571197e-08 1.1518008e-08 1.2537801e-09 8.648967e-08 4.2706688e-08 1.9005557e-09 1.0747555e-09 3.8616843e-10 1.1794056e-11 1.6708038e-09 5.81382e-13 3.8554893e-09 2.8408132e-11 4.678292e-10 3.1441086e-08 1.2346176e-07 1.8412949e-09 8.297345e-05 3.8322048e-09 5.1687987e-09 1.8457851e-09 3.3305803e-10 1.8455412e-10 7.3475737e-10 6.600099e-08 3.7162986e-09 2.8502327e-09 2.620719e-09 2.3573821e-07 6.1261582e-09 4.127933e-10 2.9130264e-12 4.4864726e-10 5.302345e-09 1.1322822e-11 4.7941334e-10 2.5767013e-08 2.8158592e-10 3.434103e-10 1.4736447e-12 7.771916e-10 6.831667e-06 4.2613845e-08 3.3924083e-12 9.749469e-10 8.298364e-11 7.4678815e-06 3.8371614e-10 4.0687302e-09 4.595311e-10 3.9960737e-09
0.8300979 0.69535196 0.12881695 0.13455954 1.4970156e-10 0.032826785 0.028616501 0.9989056 0.09334542 0.9320576 0.9362093 0.78693175 0.97396475 0.014652707 0.15738526 0.013987465 0.036882315 0.5897416 0.054703686 0.29202998 0.34613276 0.021905135 0.039014705 0.013946732 0.007591241 0.0010786926 0.00026312165 0.0074060676 0.0014449948 0.008324599 0.0001032257 0.00052114384 0.0074443636 0.00094700704 0.00018266603 0.0020656257 0.18798286 0.00016295035 0.04033594 0.5053773 1.4310402e-05 0.019167218 0.00046327713 5.368213e-06 0.0035534636 0.008395714 2.8098572e-07 9.8945195e-05 9.283258e-05 0.00013091356 0.0002709929 2.7555716e-06 1.520159e-07 0.00029871712 1.124929e-05 4.986865e-06 4.620382e-06 3.91184e-06 3.3812364e-06 3.1734424e-05 3.563554e-06 2.634047e-07 3.7864856e-07 8.724991e-05 0.012838447 0.0011349648 2.367301e-06 0.11569177 1.9677198e-07 0.0011337159 2.421043e-07 8.025843e-05 5.512578e-07 6.4969254e-06 0.0015932779 1.6569196e-09 0.000886553 4.448137e-05 0.00033325795 9.024868e-05 3.1565875e-07 1.9651832e-06 1.2002166e-09 0.0002828488 1.8033417e-06 2.3835707e-06 3.9389993e-06 6.400158e-05 1.0627496e-06 1.700992e-08 9.89989e-07 0.010581931 3.8493214e-05 8.424782e-08 3.3702165e-08 1.9110992e-07 0.003084051 6.525216e-06 1.4802171e-06 1.6073952e-06 1.2519187e-07
0.0003473484 0.040055808 0.9999956 0.0002514896 0.032826785 4.7846247e-21 9.289373e-06 0.00076580973 0.9999813 0.00878776 0.0007010426 0.00024252618 0.00079912116 5.2782747e-07 5.811531e-05 9.625745e-06 2.4736667e-06 0.0011184498 1.4608887e-05 0.00013274049 0.00025608248 4.3961973e-05 4.348589e-06 1.802426e-05 8.153581e-06 5.275819e-07 7.098615e-08 7.8291794e-07 7.452453e-07 1.5748417e-06 5.3442227e-07 4.1031942e-08 1.1889615e-06 2.0275293e-05 4.3101593e-09 1.8375364e-10 2.2960207e-06 1.5803119e-08 5.2473825e-07 5.206716e-05 7.022891e-11 4.0294076e-06 5.206825e-09 6.3785435e-11 5.829819e-06 3.809142e-08 6.7436085e-13 1.0630166e-09 1.0861537e-09 6.014272e-09 9.0776636e-10 2.4935903e-10 2.2343798e-13 9.243684e-10 1.5829636e-12 2.8331322e-09 4.876684e-14 2.1592081e-14 3.5766597e-15 1.8379542e-13 5.575887e-17 8.640111e-12 1.8456609e-14 9.7958945e-15 6.626235e-08 3.960858e-12 1.8081545e-10 1.508524e-06 3.9972648e-12 1.1194958e-12 1.8929609e-10 2.0154607e-11 1.3479919e-12 7.289932e-11 3.5009595e-10 5.5129486e-12 1.383698e-09 2.2408342e-08 1.2715407e-10 2.8058927e-10 3.1149317e-12 1.9445572e-17 3.043835e-13 9.1668435e-12 5.3370547e-17 4.7697164e-14 3.207584e-11 5.9775405e-12 1.9011209e-13 3.8405324e-16 2.4773074e-13 1.8771027e-09 6.855605e-10 6.7522857e-16 5.3280924e-14 8.588265e-14 6.1049144e-10 9.45137e-13 1.9245703e-12 9.385781e-13 5.1583047e-11
0.70061886 0.69993025 0.00017866514 0.99886274 0.028616501 9.289373e-06 5.771121e-12 2.5139932e-05 2.0263364e-07 0.95689416 0.54670584 0.4769354 0.03788015 0.9704234 0.87331784 0.7704594 0.26984587 0.0005145588 0.062278796 1.6560272e-05 0.007169033 0.17688186 1.2030334e-05 0.0011314519 0.00025114688 0.0018675233 0.0002868524 5.3499825e-06 0.0026160362 0.002834868 0.0015464516 0.00068497873 0.0007695725 0.13631074 0.0009502527 1.2803031e-06 1.2039355e-05 0.0056897234 0.000121172634 0.002147183 0.00024606037 0.043767646 7.2597363e-06 2.806701e-06 5.5033834e-06 4.466741e-06 1.6596088e-08 0.00011351937 2.9410934e-05 3.3520467e-07 4.0508297e-08 5.0047436e-07 2.4527583e-07 0.0001334807 2.869636e-05 8.628647e-07 5.6312845e-05 3.6178787e-09 3.4482997e-10 4.557129e-08 2.873445e-11 1.6335646e-06 2.8963657e-07 8.737134e-10 3.095553e-06 2.2331246e-06 2.0473081e-08 0.0012177632 3.318306e-09 5.1035556e-07 3.6612133e-07 2.6558559e-05 2.7305587e-09 9.19898e-09 2.8015106e-06 2.478155e-08 2.7891625e-08 1.8591818e-05 0.0003780958 9.5149e-06 1.7819181e-07 8.0133296e-11 9.523554e-09 5.388378e-07 1.2676546e-09 2.0900861e-08 7.2296057e-06 2.6245921e-08 3.9821346e-09 5.196776e-12 1.1122325e-07 7.852189e-05 9.604953e-07 5.8855083e-08 4.325904e-10 1.3621226e-05 1.684122e-05 1.4507007e-09 3.7775517e-05 2.9427148e-11 3.5032276e-06
0.23325467 0.00042119354 0.00037376728 0.00012220164 0.9989056 0.00076580973 2.5139932e-05 3.92029e-14 0.9999266 0.13708666 0.07620504 0.030235847 0.33875692 2.3143386e-05 0.001176861 0.0002045864 0.00019441453 0.47079518 0.001143885 0.13048384 0.10778836 0.00046072234 0.01868011 0.00051845185 0.00027389586 1.3278778e-05 4.797946e-07 0.0010384286 9.895614e-07 8.942014e-05 2.685301e-06 6.6511006e-07 0.0001846952 1.0083856e-05 1.3454203e-07 0.00017002024 0.008546004 5.22949e-08 0.0026294165 0.05694972 1.7689498e-09 2.863332e-05 2.2226342e-05 2.1958334e-08 0.00067097106 0.00013808963 1.0893508e-09 1.1432734e-08 3.4332682e-08 2.2953653e-05 0.0013499947 3.1720926e-09 1.2155223e-10 2.2285715e-08 3.186768e-09 1.6175566e-08 1.5493187e-10 2.2734953e-06 6.6769385e-06 5.5022028e-08 7.3812747e-09 7.33002e-10 2.4193508e-11 8.750402e-06 0.0001231844 5.840097e-06 4.037179e-07 0.0047471896 2.4184917e-08 9.985056e-07 1.6236915e-09 9.952384e-10 2.910165e-09 1.3481161e-07 1.5469332e-06 1.1232812e-09 6.690633e-07 1.2269776e-07 1.4407167e-08 2.9128099e-08 1.2489136e-09 4.1349618e-10 4.460387e-11 1.1002473e-06 3.179598e-09 9.367354e-07 1.7847412e-07 1.8957424e-07 1.6121296e-08 4.3088833e-10 1.5632411e-09 6.957078e-05 1.0619477e-05 3.5378963e-12 3.3622019e-09 2.3145005e-10 1.9464298e-05 2.360784e-07 1.2389918e-08 2.7445657e-07 4.3766044e-10
0.013618065 3.274122e-05 0.0019256457 1.1083835e-05 0.09334542 0.9999813 2.0263364e-07 0.9999266 8.0626406e-17 0.015762905 0.004997273 0.0015846095 0.018923067 1.0036748e-07 6.8275345e-05 3.1046352e-06 9.807484e-06 0.05174896 7.928459e-05 0.0040214323 0.0035327857 5.9891117e-05 0.00022942218 7.958193e-05 2.3881908e-05 5.339566e-07 4.1129124e-07 2.1392116e-05 1.3016127e-06 9.333553e-06 7.394384e-08 1.7209369e-07 1.7131964e-05 5.7349057e-06 1.0620287e-07 1.1336206e-06 0.00024361057 1.0370128e-08 0.00017975003 0.0029627122 1.7848714e-10 7.5852226e-06 5.660456e-07 1.3824739e-09 2.844159e-05 1.7143756e-06 4.6349494e-10 9.7532675e-09 2.2278405e-08 3.0701935e-07 2.5125612e-06 1.0594203e-08 8.040443e-11 2.2973369e-08 9.847455e-10 1.7564272e-08 1.8375014e-10 1.016766e-10 2.8717244e-11 9.700518e-10 5.2825762e-14 2.95491e-10 2.1657695e-11 1.757062e-10 2.1659196e-06 5.138339e-08 9.198453e-09 0.00016823185 4.0926325e-09 2.0339384e-08 3.793622e-10 1.76638e-10 9.378524e-11 2.0767699e-08 1.7535159e-07 2.7885905e-10 1.2045821e-07 1.2279936e-07 3.0680594e-09 7.888481e-10 1.9615955e-10 1.467437e-13 1.971136e-11 5.947949e-08 2.6145338e-12 3.0518752e-09 6.3075895e-10 1.9490924e-08 4.191787e-10 1.1801183e-12 8.293507e-11 8.1555515e-07 1.532523e-07 1.7825552e-13 2.2342213e-10 1.45309745e-11 9.036865e-07 8.143613e-09 2.9385488e-10 1.5511329e-08 1.5954109e-10
0.8773855 0.84155434 0.048295 0.9415271 0.9320576 0.00878776 0.95689416 0.13708666 0.015762905 1.1972054e-09 0.97087944 0.97412497 0.5560945 0.77456856 0.89669067 0.095390365 0.298213 0.09843764 0.2310943 0.0011163686 0.028441645 0.060731553 0.000722475 0.03289542 0.0053546405 0.00059727416 0.0006972092 0.0008577428 0.004767999 0.01871685 0.0008041967 0.0007086248 0.008265664 0.0073766108 0.00080814154 0.000256167 0.0012130114 0.0006616599 0.0027212813 0.024221497 0.00011914065 0.07507 0.00076219044 1.4405842e-05 0.0010015131 0.00010888852 4.137061e-06 0.00010361103 0.00056703825 0.0001069663 5.1083007e-06 2.4958e-05 9.243033e-06 0.0001539805 9.218767e-05 8.6804295e-07 5.065443e-05 2.3680357e-07 4.000358e-06 2.5510248e-05 1.0079106e-07 9.386844e-06 1.1880564e-05 1.2783266e-06 1.6862217e-06 0.00021463321 1.4372023e-06 0.020959364 5.8822598e-06 3.747011e-05 2.2906292e-08 1.0904693e-05 1.0243821e-06 1.1708985e-07 7.718216e-05 3.0245783e-07 2.5313584e-05 2.8334653e-05 0.00024533423 6.169064e-05 1.2550423e-07 1.0094473e-08 5.009e-08 1.6145523e-05 1.6828174e-08 7.612667e-08 1.678134e-05 3.2210519e-06 1.5263976e-06 8.834402e-08 6.146788e-07 0.00078870653 0.000114611525 7.9826754e-07 1.4087719e-07 6.9396697e-07 0.00048056996 1.0811941e-07 1.7226661e-05 1.2580615e-08 8.734827e-06
0.9012703 0.6004383 0.0031963838 0.7981936 0.9362093 0.0007010426 0.54670584 0.07620504 0.004997273 0.97087944 5.034187e-13 0.98653203 0.9726306 0.56294477 0.39323413 0.027048772 0.33748397 0.7791195 0.5413919 0.061133947 0.2530441 0.029721811 0.042460952 0.0937132 0.04998405 0.0013423125 0.0023442472 0.018602286 0.00597591 0.010327553 3.2885986e-05 0.0008949983 0.012875175 0.0013328234 0.00046045924 0.00069184945 0.0035069857 0.00056723534 0.028296234 0.23332801 3.3397698e-06 0.061009698 0.0019006883 3.2664184e-07 5.58654e-05 0.0018118714 1.499058e-07 0.00019085468 0.0006918372 1.9808753e-05 1.0613498e-06 3.0440708e-07 7.1497647e-07 7.237135e-05 3.9546707e-05 4.7744823e-08 8.835903e-06 1.4470012e-08 2.237951e-08 9.144972e-06 9.461724e-09 4.941217e-07 1.1350085e-06 1.069644e-07 2.4186385e-05 0.0006840479 8.5386915e-07 0.09839227 1.7961884e-07 6.896167e-05 6.8084365e-09 4.9438335e-05 3.171665e-08 3.3695358e-06 8.881333e-05 1.1830031e-08 8.864312e-06 1.0193483e-05 0.0010340489 2.4408334e-06 7.318336e-08 1.6170382e-08 7.762938e-10 2.7592916e-05 2.6128843e-08 1.0291723e-08 8.896235e-09 5.451161e-07 1.1129731e-07 1.6572001e-10 1.0091898e-07 0.0044670845 5.5706805e-05 3.07035e-08 1.2733549e-08 5.229992e-07 0.0010141588 8.848256e-06 5.4710983e-07 1.31293e-10 8.4886534e-07
0.98952454 0.111169636 0.002040819 0.29100838 0.78693175 0.00024252618 0.4769354 0.030235847 0.0015846095 0.97412497 0.98653203 3.3636594e-12 0.90716624 0.5399004 0.78070545 0.06640443 0.6921436 0.27358958 0.7434156 0.010109968 0.30796203 0.07147994 0.0033976024 0.27602258 0.091227084 0.0011939026 0.0056505306 0.0065057245 0.032234717 0.11504288 0.00016124126 0.003643238 0.08039888 0.0018609968 0.0013833011 0.00067799323 0.002353482 0.0010236504 0.11435076 0.5206473 8.730238e-06 0.41722548 0.0035489118 2.8020825e-06 8.600559e-05 0.0017704447 6.312299e-07 0.00083085545 0.0019230776 5.387723e-06 8.385322e-06 1.4968545e-06 4.704726e-06 0.00013049164 0.0005940139 4.1247024e-08 0.00015585693 2.2408642e-08 4.722703e-08 4.7812333e-05 9.338431e-08 4.3899654e-06 4.2079108e-05 3.3482544e-07 2.7799704e-05 0.0037145505 1.199557e-06 0.33703735 5.5224234e-07 0.00053462543 5.822113e-08 6.216843e-05 1.4570512e-07 3.8696994e-06 0.0018855518 8.827075e-08 3.2935106e-05 5.128035e-06 0.0015292012 1.0444369e-06 6.4762116e-07 2.9997274e-09 3.1284063e-08 0.000115857176 5.2004827e-09 2.9232887e-09 1.5648358e-07 1.7333571e-06 6.242482e-06 1.8945141e-10 2.8769605e-07 0.020477546 8.060249e-06 4.456491e-06 7.1083804e-07 3.6059743e-07 0.0048176716 9.296997e-06 7.612024e-07 5.9224554e-08 8.146329e-06
0.9783136 0.034408335 0.0016077225 0.05290464 0.97396475 0.00079912116 0.03788015 0.33875692 0.018923067 0.5560945 0.9726306 0.90716624 1.5402054e-14 0.012450773 0.0979565 0.003020356 0.13271445 0.9449918 0.31581065 0.38976616 0.73319757 0.025224386 0.16442634 0.13822336 0.11577071 9.69046e-06 0.00039260776 0.063262425 0.0035225754 0.051499967 1.5316216e-05 0.00040157337 0.08857728 7.8537836e-05 3.878872e-05 0.013897016 0.07896225 3.3384913e-05 0.31608275 0.8880432 5.698297e-08 0.07779285 0.0052899895 1.1234259e-07 0.0023176675 0.0389578 5.3350032e-08 2.5310228e-05 0.0001488426 0.00024162787 0.00018294147 1.0668973e-07 3.2188152e-07 1.2432026e-05 2.6165539e-05 1.9886574e-08 9.910683e-06 2.2597938e-07 5.4604385e-05 8.429569e-05 5.7021894e-06 7.492038e-07 6.1182715e-07 1.4696586e-05 8.535106e-06 0.00630646 3.1077543e-06 0.4103274 2.8102822e-06 0.0025478692 1.7740452e-09 1.0042537e-06 7.656858e-09 1.7881044e-05 0.0062240306 2.2245061e-09 0.00031138066 2.9665784e-07 0.00011728268 5.75064e-08 1.6651514e-08 3.2921832e-08 2.673749e-09 0.00036224155 5.377892e-08 5.793049e-07 2.2362613e-08 3.4526358e-05 2.3551891e-05 2.8697231e-09 1.8630332e-07 0.052223593 0.0003674723 3.7526558e-08 3.7144864e-06 3.5311214e-08 0.012127096 1.4310006e-05 1.5012835e-06 1.291428e-06 3.293328e-07
0.6669086 0.028926127 8.764864e-05 0.55139273 0.014652707 5.2782747e-07 0.9704234 2.3143386e-05 1.0036748e-07 0.77456856 0.56294477 0.5399004 0.012450773 2.992842e-12 0.9883147 0.9906424 0.85443926 0.005455944 0.25284347 0.00012729604 0.008597673 0.26760763 0.00018118955 0.01111359 0.0024955194 0.008916115 0.0031547206 6.980259e-05 0.008843053 0.006262601 0.000981958 0.001472758 0.0018407297 0.049343977 0.0012305254 5.051152e-06 2.4165036e-05 0.0054855524 0.0008440554 0.0021941927 0.00026952918 0.08046195 0.00013009574 8.144142e-07 2.555878e-05 1.4767072e-05 3.3437217e-08 0.00029222397 0.00022620201 8.4543973e-07 7.774311e-08 4.234764e-06 1.3455596e-06 0.00017420259 0.00011006851 3.5816493e-06 5.3621734e-05 1.3931462e-10 3.817273e-12 1.0949806e-07 5.6087486e-14 3.7391573e-07 4.8739835e-08 1.0713376e-09 4.0657633e-07 4.671879e-05 4.9371963e-08 0.00298717 5.7041582e-08 3.6254862e-06 3.3202343e-07 2.0661744e-05 2.0843445e-09 1.1093194e-07 7.5901357e-06 4.9892336e-08 1.00659655e-07 2.7887047e-06 0.00055755756 3.968182e-06 1.2258424e-08 1.0355757e-12 1.100176e-08 5.4213583e-06 1.3570015e-10 5.7683676e-09 1.9754137e-07 5.8121903e-09 2.8472713e-09 4.4878757e-14 1.868306e-08 9.039046e-05 6.358741e-06 1.0939842e-08 5.131087e-10 4.343209e-06 6.2168845e-05 1.0887635e-08 2.289077e-06 3.6144424e-10 1.0453297e-06
0.94695616 0.1441353 0.0009157068 0.44700232 0.15738526 5.811531e-05 0.87331784 0.001176861 6.8275345e-05 0.89669067 0.39323413 0.78070545 0.0979565 0.9883147 1.0535427e-11 0.95815 0.96837157 0.008906015 0.6201742 0.0001461214 0.007807167 0.54644406 0.0003000622 0.055038095 0.004652026 0.0025221943 0.0030455303 0.0005565484 0.019102592 0.040566158 0.0011919031 0.0021941415 0.0053065144 0.0703566 0.00143992 4.6747227e-05 0.00027319722 0.012731657 0.0019276579 0.011806235 0.0002819571 0.5047643 0.0003190465 5.82108e-06 0.00018422322 2.7017602e-05 1.2176876e-06 0.00030834816 0.0008682389 6.356528e-06 2.1424996e-06 9.899262e-06 4.4786934e-06 0.0004572305 0.00016901323 4.6860822e-07 3.1857504e-05 2.1107056e-08 9.280669e-08 6.7957e-06 2.9050837e-10 1.7097191e-06 9.648055e-07 8.046561e-08 7.917771e-06 0.00021190419 1.1012069e-06 0.02979227 5.3054566e-07 3.2815184e-05 3.80406e-08 5.031872e-06 1.2550028e-07 5.411114e-07 0.00014083752 1.010517e-07 1.8784611e-06 5.716989e-06 0.0007815223 1.9860543e-05 3.1540358e-07 8.96079e-10 1.0292097e-08 3.6177255e-06 3.1748226e-09 1.5013464e-08 4.188978e-06 4.3012122e-07 7.983087e-07 1.2191182e-11 1.5708227e-07 0.001435464 8.783645e-06 5.381851e-07 1.7022643e-08 2.9687873e-08 0.00043985565 1.2819433e-07 2.5608274e-06 1.7098421e-07 5.275592e-07
0.92408085 0.012104119 0.00042362313 0.052140128 0.013987465 9.625745e-06 0.7704594 0.0002045864 3.1046352e-06 0.095390365 0.027048772 0.06640443 0.003020356 0.9906424 0.95815 1.5863599e-13 0.94072986 0.002817391 0.38042647 0.00023753519 0.007276337 0.9554085 0.00016878273 0.013275 0.0016078214 0.5449274 0.033669107 0.00015308075 0.107609466 0.025926888 0.20134728 0.036985934 0.0043559917 0.80961174 0.03978188 2.1621615e-06 8.011857e-05 0.3882337 0.00043653112 0.0011243135 0.060445588 0.5670142 0.00015574224 0.0006139132 5.039989e-06 2.8474715e-06 2.8335218e-05 0.011239292 0.0009805249 1.7657628e-07 5.329483e-07 0.0018792112 5.014055e-05 0.008837826 0.0018925318 0.00011763432 0.0029467156 3.1361294e-09 6.0858596e-10 1.0762603e-07 1.2792307e-09 1.714478e-05 5.1592306e-05 6.985189e-08 3.039963e-07 8.044648e-05 4.414605e-08 0.0035263232 1.6302184e-08 4.7343874e-06 1.802158e-05 0.0022176998 2.2035272e-05 4.995014e-08 2.4296476e-05 1.4441771e-07 2.509783e-08 0.0002804716 0.013108485 0.00027279995 9.46361e-07 1.9284158e-10 7.8031306e-08 4.899051e-06 5.28992e-09 3.147263e-09 0.0010490073 5.6129683e-09 5.2417604e-09 4.1024017e-13 6.226274e-06 0.00011926933 4.9389035e-07 3.386395e-05 2.9329436e-10 0.0005402243 0.00014858661 5.846971e-09 0.0006756846 3.5732712e-11 8.4918676e-05
0.9710902 0.004554419 3.5051846e-05 0.0378741 0.036882315 2.4736667e-06 0.26984587 0.00019441453 9.807484e-06 0.298213 0.33748397 0.6921436 0.13271445 0.85443926 0.96837157 0.94072986 1.8734173e-14 0.17402273 0.9843877 0.011258715 0.15011777 0.91507155 0.020764539 0.5884067 0.2280597 0.30928594 0.07634439 0.0103336815 0.22949292 0.2800217 0.0077905855 0.02568205 0.09593938 0.058908977 0.043008614 0.0017249736 0.00025957203 0.026022166 0.06681437 0.08562676 0.002888007 0.6560432 0.017868925 9.275741e-06 3.0501122e-05 0.0010130776 2.6738473e-06 0.00550022 0.021747591 6.7342103e-06 7.9239993e-07 1.583925e-05 0.00013248136 0.0011559761 0.0036647085 2.3370314e-06 0.0019643076 4.8550532e-09 5.8058246e-11 5.4765278e-05 4.4478926e-10 1.6114187e-05 0.00010726069 1.8384533e-08 1.5282381e-05 0.0047469335 1.2688263e-06 0.117947325 2.0462922e-07 0.00061978056 1.1504029e-07 0.00054573576 4.768496e-07 9.524373e-07 0.00045926112 9.543921e-07 6.9681266e-07 2.480748e-05 0.009461694 3.7189613e-05 3.647957e-06 1.0756969e-09 1.05043675e-07 4.326472e-05 1.0372476e-09 2.1613358e-09 1.294244e-08 5.2810543e-07 5.682172e-07 6.267696e-12 1.6289837e-07 0.0058242264 2.3432378e-06 3.9896104e-06 2.2144755e-07 1.9564217e-05 0.0041296994 1.4970271e-06 9.334549e-06 2.8404003e-08 1.3599231e-06
0.7822196 0.0009089066 0.0011864483 0.01128419 0.5897416 0.0011184498 0.0005145588 0.47079518 0.05174896 0.09843764 0.7791195 0.27358958 0.9449918 0.005455944 0.008906015 0.002817391 0.17402273 2.641893e-13 0.47143808 0.9988209 0.9701211 0.022883138 0.8028591 0.15233108 0.2110291 0.0014351651 0.003027703 0.29223552 0.01457596 0.035371874 2.8276076e-05 0.001724939 0.04693004 0.002947674 0.00037489558 0.04480632 0.31532288 0.00012199356 0.36284354 0.70407397 4.4439395e-05 0.034420844 0.012611442 4.407244e-06 0.022530582 0.12698877 1.2805172e-07 0.0002708345 0.0018091537 0.0054513235 0.0033300351 3.741187e-07 2.0983176e-05 0.00011737041 0.00023951923 3.556545e-07 7.197922e-05 0.0002197141 2.4578349e-05 0.00026905123 9.0096887e-07 1.0220217e-06 4.934712e-06 0.00012248458 0.0013980942 0.00434658 0.00039912527 0.30531648 0.00018517314 0.0016838763 1.1026948e-08 4.257429e-06 5.678001e-07 0.00043221295 0.007807796 3.201208e-08 0.0007782654 3.1237646e-06 0.00033983428 1.5987375e-06 1.4422653e-07 3.3172844e-07 3.220227e-09 0.0005225069 9.2164235e-08 1.9323641e-05 1.5901599e-06 6.496811e-05 1.3373242e-05 1.9488136e-08 1.1740723e-08 0.010500203 0.0010014768 9.174011e-09 2.9330613e-06 8.248587e-07 0.0023209555 9.510768e-05 2.0813522e-06 9.83639e-06 2.639111e-07
0.9917102 0.011046545 0.00023331256 0.02617633 0.054703686 1.4608887e-05 0.062278796 0.001143885 7.928459e-05 0.2310943 0.5413919 0.7434156 0.31581065 0.25284347 0.6201742 0.38042647 0.9843877 0.47143808 2.1514477e-13 0.024114275 0.5488511 0.9304571 0.112493284 0.9009378 0.63410246 0.31419924 0.14411959 0.027496334 0.3280203 0.55570304 0.001243479 0.04169084 0.2742955 0.01352017 0.024535371 0.008275133 0.0005883708 0.013303883 0.24518216 0.1991027 0.0009038887 0.7340351 0.02670789 9.70897e-06 0.00016216809 0.009201724 1.2850364e-05 0.008385291 0.024212629 6.8937276e-05 4.86244e-07 3.6056103e-05 0.00042161817 0.0023934296 0.005425363 3.171701e-06 0.002639494 5.347753e-10 3.7768505e-10 0.00049791124 6.594308e-09 4.1922653e-05 0.00010622196 1.624287e-08 1.2960721e-06 0.0095728915 1.2601336e-05 0.3186646 3.9223632e-06 0.0016935159 2.8243895e-07 0.0015372952 3.881436e-07 2.3801716e-05 0.002249089 1.688539e-06 6.643636e-06 1.6020045e-05 0.017148983 4.325197e-05 1.197905e-06 3.8439812e-10 6.486683e-07 0.00019345594 1.5903743e-09 4.9575015e-09 2.7213875e-07 4.237653e-06 3.6372945e-05 5.5999138e-12 3.0497006e-08 0.036494266 0.00014945537 8.3641735e-06 3.1176753e-06 4.2769403e-05 0.01414518 1.2750277e-05 1.703605e-05 2.3716913e-08 3.9763327e-05
0.88117087 9.342298e-06 1.499324e-05 0.0001606799 0.29202998 0.00013274049 1.6560272e-05 0.13048384 0.0040214323 0.0011163686 0.061133947 0.010109968 0.38976616 0.00012729604 0.0001461214 0.00023753519 0.011258715 0.9988209 0.024114275 1.0119576e-15 0.8819549 0.0022749421 0.9684518 0.033564135 0.06752657 9.427364e-05 0.0003242952 0.58164304 0.0016204721 0.012812523 4.1288996e-07 0.00029615965 0.047449593 3.2692296e-05 6.7796114e-05 0.34449533 0.87317455 3.7892364e-06 0.7358403 0.8779812 7.562171e-07 0.0023515704 0.061126072 6.992077e-07 0.11139936 0.3980493 5.296169e-09 5.482103e-05 0.00034119966 0.019457296 0.012447135 2.1290136e-08 1.7468078e-07 4.7828544e-06 3.4250876e-05 6.049018e-08 5.8795e-06 0.000511268 0.0009479812 0.00073729706 0.00032713148 6.643471e-08 2.7276258e-07 0.00510721 0.010358921 0.018072441 0.0004102821 0.53357375 0.00021187529 0.012735876 6.4027574e-09 1.4660936e-06 1.1571207e-08 0.00041333324 0.0206622 2.0196764e-09 0.0013533765 2.6640478e-08 3.8905826e-05 3.245925e-08 2.958526e-09 2.53145e-05 3.023991e-10 0.001737417 4.71232e-06 0.00033421756 3.024923e-08 0.0005107744 4.6123405e-05 1.8166232e-07 6.707e-09 0.031589504 0.00091448636 3.8255565e-10 2.1680255e-06 4.7186237e-08 0.006444074 3.947989e-05 1.7177263e-07 2.5111203e-05 1.5459907e-08
0.9811058 0.0020992635 0.0003139989 0.006098067 0.34613276 0.00025608248 0.007169033 0.10778836 0.0035327857 0.028441645 0.2530441 0.30796203 0.73319757 0.008597673 0.007807167 0.007276337 0.15011777 0.9701211 0.5488511 0.8819549 1.6324118e-12 0.050018463 0.9196777 0.5360188 0.56570995 0.0023355302 0.0069451067 0.52332383 0.02732073 0.14115958 5.9092687e-05 0.0039886064 0.27984837 0.0018915005 0.0019437578 0.17236525 0.16748573 0.0007535161 0.748756 0.9628902 0.00013318176 0.31651688 0.07408395 3.377221e-06 0.011807818 0.30665907 3.3469837e-07 0.00094293733 0.00596834 0.006224621 0.0015047918 3.2294018e-05 4.6926787e-05 0.00042983895 0.0019514371 8.2068245e-06 0.0011832471 6.1352184e-06 4.439985e-06 0.0005111137 1.6836426e-06 1.9861112e-05 2.6881722e-05 4.202422e-06 0.0004960678 0.02828077 0.000472285 0.9155769 5.1311636e-05 0.012232057 3.4116917e-07 0.00046854146 4.9424447e-08 0.0009340373 0.083357856 1.091261e-07 0.003480298 3.0153682e-05 0.008666201 3.1908345e-05 6.385677e-07 1.9420762e-07 2.7472342e-07 0.0013038509 2.6078993e-07 4.530374e-07 1.8521241e-07 0.000316106 0.00020500805 4.7662816e-09 6.1923873e-07 0.085652664 0.0012501924 1.8995908e-06 2.3283965e-05 7.8878315e-05 0.04885895 3.389041e-05 5.4910975e-05 8.079754e-07 2.479206e-05
0.8924276 0.0040983087 0.00072255393 0.017007668 0.021905135 4.3961973e-05 0.17688186 0.00046072234 5.9891117e-05 0.060731553 0.029721811 0.07147994 0.025224386 0.26760763 0.54644406 0.9554085 0.91507155 0.022883138 0.9304571 0.0022749421 0.050018463 5.572467e-12 0.0068685478 0.3320539 0.08785832 0.9926613 0.5758153 0.0027541912 0.48626444 0.20309792 0.065940134 0.34990573 0.047339607 0.8673947 0.32470143 0.00028748557 0.0004972104 0.65443605 0.0041217753 0.0030839965 0.08155734 0.48335046 0.010039192 0.0039711734 9.380638e-05 0.0001292346 0.0018180248 0.014895346 0.011143752 1.6819151e-05 2.065934e-05 0.0032130969 0.0007804647 0.008977185 0.010203721 0.0007419227 0.005666404 4.3049877e-07 8.819738e-08 0.00013233261 1.4084301e-06 0.0013149729 0.0007373719 5.0819986e-06 3.0234755e-06 0.0015132048 4.8611557e-05 0.008510637 1.5705904e-05 0.0005161396 0.0008077112 0.0020572403 0.0008890303 2.4158007e-05 0.0006005444 0.00026408117 4.790464e-06 0.001019956 0.020591937 0.00042969157 0.00046141425 4.39899e-07 7.318465e-05 0.00034771924 2.320405e-07 7.187978e-08 0.0020407373 4.7887806e-05 0.00013615233 1.012955e-09 3.1027987e-05 0.0045381906 2.5982868e-05 0.00012827083 6.3162047e-06 0.00068074215 0.0030972983 2.603476e-05 0.0008911096 2.3582279e-05 0.0012120096
0.9476657 1.9052351e-06 1.7175553e-06 2.9448123e-05 0.039014705 4.348589e-06 1.2030334e-05 0.01868011 0.00022942218 0.000722475 0.042460952 0.0033976024 0.16442634 0.00018118955 0.0003000622 0.00016878273 0.020764539 0.8028591 0.112493284 0.9684518 0.9196777 0.0068685478 7.421787e-14 0.12647916 0.40331045 0.0005153956 0.0044252956 0.9776345 0.007630315 0.042992104 1.9073212e-07 0.0012609228 0.10568215 7.653166e-05 0.00036498922 0.72687393 0.9603635 2.5954748e-06 0.8301913 0.8007604 7.8117574e-07 0.010133988 0.2230071 2.3868975e-07 0.18013206 0.65427333 3.898291e-08 4.3225296e-05 0.007101162 0.04726093 0.10186808 4.763651e-07 1.3265956e-05 1.6683267e-05 0.00029823888 3.7327155e-07 5.629523e-05 0.008043506 0.006590816 0.009977356 0.0022471962 1.2997427e-07 1.6658772e-06 0.014917073 0.16020215 0.039444774 0.015178147 0.8073674 0.0061662165 0.020036118 2.1710502e-08 1.980827e-06 2.2452078e-07 0.0054536997 0.04809737 7.0321505e-08 0.017459804 8.2531066e-08 0.00020754534 3.8677328e-08 1.5710075e-08 0.00039671987 1.3314721e-08 0.00443211 0.0004052625 0.00093851925 8.260217e-10 0.0056302673 0.0007486918 0.00018462492 2.443987e-08 0.101584256 0.0066175777 1.3199846e-08 0.00027016894 1.9052752e-06 0.018098587 0.00823618 1.94964e-07 0.0027786095 3.9160554e-07
0.9822663 0.00046325417 6.231017e-05 0.0014692284 0.013946732 1.802426e-05 0.0011314519 0.00051845185 7.958193e-05 0.03289542 0.0937132 0.27602258 0.13822336 0.01111359 0.055038095 0.013275 0.5884067 0.15233108 0.9009378 0.033564135 0.5360188 0.3320539 0.12647916 1.4194636e-11 0.9954225 0.066550255 0.2707198 0.104315914 0.57930255 0.9447132 0.0005456111 0.10402002 0.76941234 0.010595676 0.024143837 0.0668588 0.00077832513 0.0017700952 0.24826299 0.32052803 0.0006194413 0.6500706 0.3524143 0.0001436964 0.00055560796 0.022083005 0.00026386796 0.014468828 0.34120646 0.0002552995 3.8404807e-05 0.0003625666 0.009693021 0.001805877 0.06676192 6.826161e-05 0.033528533 1.5122856e-07 1.921027e-09 0.008827334 5.8125225e-09 0.0016917571 0.0016676564 8.348811e-07 1.8854042e-05 0.054448836 0.0015271375 0.3163755 0.00071681984 0.015442897 1.8163851e-06 0.0010015031 2.3753482e-05 0.00097362534 0.006645063 0.00010327473 8.474102e-05 3.356215e-05 0.02887905 6.588934e-05 3.5286022e-05 1.7267959e-07 1.2351205e-05 0.0017908751 2.1064035e-07 2.2665945e-07 5.2395944e-06 2.023774e-05 0.00015190047 5.718827e-10 4.6413794e-07 0.021278339 0.00015836554 1.8229952e-06 4.0641433e-05 6.774958e-05 0.020948138 6.706565e-05 3.4288119e-06 4.212261e-06 2.6261132e-05
0.97022486 0.00019608441 1.9747224e-05 0.00024860422 0.007591241 8.153581e-06 0.00025114688 0.00027389586 2.3881908e-05 0.0053546405 0.04998405 0.091227084 0.11577071 0.0024955194 0.004652026 0.0016078214 0.2280597 0.2110291 0.63410246 0.06752657 0.56570995 0.08785832 0.40331045 0.9954225 5.108197e-14 0.011744863 0.12482089 0.42904708 0.30820403 0.8616711 9.317806e-05 0.03672069 0.95149356 0.0007317443 0.009649552 0.3956747 0.0070697307 0.00029809447 0.60537696 0.8001229 2.393837e-05 0.39499992 0.69892067 1.59079e-05 0.0017175579 0.058790553 1.8298048e-05 0.0038748165 0.27519315 0.0020646215 0.00018672446 4.9847044e-05 0.0033968429 0.00022303514 0.019086685 3.0690385e-06 0.004609465 3.14594e-07 2.1430203e-08 0.02747222 2.2075833e-08 0.000142159 0.00036587424 3.372012e-07 0.00012596343 0.14478585 0.0022378822 0.5609089 0.0015811141 0.04786156 3.1788156e-07 0.00030402892 9.3268386e-07 0.0054180617 0.038995635 6.4432256e-06 0.00040159462 1.8196273e-06 0.005051485 1.798001e-06 1.4098205e-05 2.0534412e-07 3.4740035e-06 0.009520356 1.5394899e-07 3.3719186e-07 8.450661e-08 0.00014396071 0.0019472888 5.049215e-10 2.7517177e-07 0.09525643 0.0004587756 2.7463489e-07 0.0002887616 8.689222e-06 0.07865691 0.00026583506 3.206416e-07 1.5174055e-05 2.7653675e-06
0.3503991 6.258675e-05 1.6394226e-05 0.000294612 0.0010786926 5.275819e-07 0.0018675233 1.3278778e-05 5.339566e-07 0.00059727416 0.0013423125 0.0011939026 9.69046e-06 0.008916115 0.0025221943 0.5449274 0.30928594 0.0014351651 0.31419924 9.427364e-05 0.0023355302 0.9926613 0.0005153956 0.066550255 0.011744863 5.0594112e-15 0.5440459 9.5899144e-05 0.08887663 0.041299667 0.9985735 0.14204195 0.0040716385 0.8473669 0.31515092 2.7677502e-06 4.8088973e-06 0.60610133 4.1206e-05 6.215865e-05 0.19750994 0.042756595 0.0012839088 0.12146617 1.3974696e-06 5.9951426e-06 0.15216759 0.014106483 0.008622244 1.3882568e-07 6.0618504e-06 0.010426884 0.0014621947 0.0060301907 0.0073171044 0.0007047176 0.0058379844 1.1375339e-07 1.0891575e-09 5.2129394e-06 1.7545288e-08 0.00094036845 0.0008781656 5.216139e-09 1.401382e-07 4.8398957e-05 2.9005855e-06 0.0002465198 9.959673e-07 9.163095e-06 0.0005686363 0.000471172 0.093226045 1.17506215e-05 9.838106e-06 0.0019873152 5.1675863e-07 0.00012762923 0.0027858252 3.4703662e-05 0.000113762566 4.6223185e-09 3.483839e-05 2.1312027e-05 6.362208e-07 8.48105e-08 0.0014117188 6.253198e-07 2.932786e-07 9.1003e-11 2.2362565e-05 0.0006503932 1.0835461e-06 2.0157993e-05 1.8542167e-07 4.2330223e-05 0.0006918894 2.2029567e-06 3.3475505e-06 6.200323e-09 0.00014846254
0.88422877 1.07335545e-05 2.0729174e-06 0.00010123435 0.00026312165 7.098615e-08 0.0002868524 4.797946e-07 4.1129124e-07 0.0006972092 0.0023442472 0.0056505306 0.00039260776 0.0031547206 0.0030455303 0.033669107 0.07634439 0.003027703 0.14411959 0.0003242952 0.0069451067 0.5758153 0.0044252956 0.2707198 0.12482089 0.5440459 1.6085128e-10 0.005501694 0.9878952 0.7060614 0.039158132 0.99017197 0.13354139 0.27674195 0.93278927 0.0017455849 1.1935416e-05 0.30571127 0.0035858739 0.0054621217 0.033011142 0.7627725 0.11829152 0.014845398 3.9402148e-05 0.0005256454 0.0116191795 0.07529036 0.59650576 3.910551e-05 8.676097e-06 0.007724177 0.04445862 0.015925389 0.20061007 0.0019628208 0.0944463 4.159789e-08 3.2313017e-09 0.006793031 1.3403546e-08 0.017327467 0.022358716 1.05732944e-07 4.0859058e-07 0.013698007 0.00015529197 0.03502145 0.00010754308 0.0058799917 0.00031413548 0.0055830274 0.0010271443 0.00023127468 0.002625763 0.0035982833 2.0823807e-06 0.00035600743 0.03286604 0.00030661136 0.0016230495 4.4714907e-09 0.0010595776 0.0010015971 2.644032e-08 4.4729518e-08 7.1522474e-05 4.5401034e-06 0.00018615373 1.4789908e-10 3.4131583e-06 0.008734695 4.0405535e-05 0.0002186049 3.8228787e-05 0.00069772603 0.012436308 4.618349e-05 8.070806e-05 2.5942697e-06 0.0003044566
0.8361656 2.0439213e-06 1.3319764e-06 1.2706256e-06 0.0074060676 7.8291794e-07 5.3499825e-06 0.0010384286 2.1392116e-05 0.0008577428 0.018602286 0.0065057245 0.063262425 6.980259e-05 0.0005565484 0.00015308075 0.0103336815 0.29223552 0.027496334 0.58164304 0.52332383 0.0027541912 0.9776345 0.104315914 0.42904708 9.5899144e-05 0.005501694 1.8338356e-10 0.00945413 0.064369775 6.2157965e-06 0.0017086328 0.23046647 3.0667085e-05 0.001088389 0.9948582 0.95396006 3.2806092e-06 0.74114263 0.13107772 1.8230317e-06 0.005568768 0.4413491 1.11843365e-05 0.22005711 0.6399283 4.0567775e-07 0.00026494972 0.03412254 0.093034536 0.17039664 1.2163262e-06 0.00021516648 5.102081e-05 0.0008129834 8.117483e-07 0.00041895398 0.018136486 0.0031314348 0.016993968 0.0009414111 2.3000148e-05 2.6977435e-05 0.021591723 0.31359348 0.023182278 0.042361777 0.3690892 0.04083989 0.01677134 5.171109e-08 3.59309e-06 6.6323327e-07 0.018609937 0.025430426 3.1739976e-06 0.013982836 8.5163276e-07 6.115477e-05 6.50622e-08 2.1235357e-07 0.005430065 1.1485623e-07 0.0040462646 8.410049e-05 0.0005427839 1.2915215e-08 0.013128051 0.0017473288 0.0027182181 2.5532797e-06 0.022755519 0.00068719446 6.285762e-08 0.0017063312 1.0862729e-05 0.006018496 0.17385003 7.254625e-07 0.007255463 1.5313426e-05
0.980944 0.00012877176 1.9343877e-06 0.00019885875 0.0014449948 7.452453e-07 0.0026160362 9.895614e-07 1.3016127e-06 0.004767999 0.00597591 0.032234717 0.0035225754 0.008843053 0.019102592 0.107609466 0.22949292 0.01457596 0.3280203 0.0016204721 0.02732073 0.48626444 0.007630315 0.57930255 0.30820403 0.08887663 0.9878952 0.00945413 4.8379795e-13 0.9328362 0.0028656514 0.8682487 0.48247832 0.042148694 0.52244514 0.0015853932 6.3921448e-06 0.024130926 0.008072877 0.01428913 0.002496362 0.94372237 0.34407052 0.0007299652 3.5060908e-05 0.0004970966 0.0008728183 0.016779043 0.6870627 4.8979273e-05 1.4681511e-05 0.0007912997 0.007818183 0.0015331159 0.11110274 5.0973293e-05 0.019882286 9.657434e-09 1.1627773e-09 0.0068402602 3.330582e-09 0.0005165722 0.000855734 3.657796e-09 2.1966181e-07 0.08798158 7.7747085e-05 0.14501134 0.0001552197 0.014575072 5.754618e-06 0.0005196339 6.555277e-05 0.00024694263 0.0061453995 0.00012772591 4.406592e-06 6.307753e-06 0.027287891 1.9823303e-05 2.6898902e-05 1.0467482e-08 1.4851231e-05 0.0014296748 2.794839e-08 1.0084889e-08 1.0438793e-06 3.4124225e-06 0.0004783133 1.1367009e-11 4.0429583e-07 0.0465907 4.1208317e-05 6.291409e-07 3.9551614e-05 2.9435936e-05 0.07110236 2.0133035e-05 7.1962194e-07 6.1504916e-06 1.6314128e-06
0.98861575 0.00025885043 7.1411887e-06 0.00030908777 0.008324599 1.5748417e-06 0.002834868 8.942014e-05 9.333553e-06 0.01871685 0.010327553 0.11504288 0.051499967 0.006262601 0.040566158 0.025926888 0.2800217 0.035371874 0.55570304 0.012812523 0.14115958 0.20309792 0.042992104 0.9447132 0.8616711 0.041299667 0.7060614 0.064369775 0.9328362 7.887003e-11 0.0010497038 0.39862165 0.9753213 0.009943918 0.1616449 0.033198502 0.0001551071 0.0057571796 0.1448133 0.16411951 0.0011623091 0.8165355 0.70567983 0.00073578826 0.00032246392 0.0046667233 0.0006400671 0.010479359 0.84189653 0.00010483707 6.111425e-05 0.0004477453 0.024895173 0.0011848663 0.20430353 6.0928494e-05 0.045896474 5.5322776e-08 4.6204474e-10 0.0267403 2.6564495e-10 0.0022007616 0.0018584207 5.2462642e-08 8.567988e-06 0.19227028 0.0008967836 0.34865692 0.0007879088 0.027631076 7.413449e-06 0.0007621864 1.764975e-05 0.0013464589 0.009754628 0.00025647818 1.0474368e-05 1.971234e-05 0.03493771 2.255236e-05 0.00013247314 5.7324696e-09 7.8826204e-05 0.004466616 2.8057135e-08 4.1075012e-08 1.9588701e-06 1.3416956e-05 0.00091633096 4.414e-11 1.1970651e-07 0.059741586 3.38041e-05 9.394858e-06 0.00048768695 5.274566e-05 0.101288274 4.758126e-05 1.1060336e-06 1.4850756e-06 3.3208155e-06
0.64501864 4.689932e-05 1.938287e-05 2.8178141e-05 0.0001032257 5.3442227e-07 0.0015464516 2.685301e-06 7.394384e-08 0.0008041967 3.2885986e-05 0.00016124126 1.5316216e-05 0.000981958 0.0011919031 0.20134728 0.0077905855 2.8276076e-05 0.001243479 4.1288996e-07 5.9092687e-05 0.065940134 1.9073212e-07 0.0005456111 9.317806e-05 0.9985735 0.039158132 6.2157965e-06 0.0028656514 0.0010497038 3.846009e-12 0.022117732 0.00011587707 0.93437606 0.08126264 2.1711623e-08 6.2535287e-06 0.95425576 1.0800064e-06 0.00016563598 0.79464716 0.007484605 1.1792793e-06 0.8342265 2.382029e-05 2.9046323e-06 0.7172631 0.0596537 0.0002946505 5.894277e-06 2.1307496e-07 0.12749463 0.0036194238 0.07642672 0.0069981595 0.041160326 0.010519903 1.9608632e-09 1.7193849e-09 6.449235e-07 6.076734e-09 0.009729882 0.0031993543 3.4389453e-07 2.8680287e-08 2.12145e-06 4.9947374e-08 0.00013904281 4.4465418e-07 3.562338e-06 0.018204927 0.0024008271 0.9319612 1.3835344e-09 1.5807341e-06 0.0262713 1.6646743e-07 0.0039749905 0.009200767 0.0007629209 0.0013308211 2.0127437e-08 0.00064700725 1.8171221e-07 8.4656876e-10 3.1931382e-09 0.0114123225 1.868766e-08 1.2962698e-08 1.2817702e-10 0.00027913897 0.00013175637 7.841935e-07 0.00048381495 3.2438205e-08 0.00037143787 4.3948552e-05 2.422624e-08 0.0005079777 8.193122e-10 0.00091551733
