4.347054e-10 0.015788186 0.068341166 0.071805105 0.31144443 0.20458081 0.19875358 0.6141594 0.9418706 0.9573803 0.73478544 0.8414889 0.7823655 0.95223767 0.8335978 0.8856459 0.9451998 0.3950393 0.88258904 0.9513991 0.71507746 0.95127153 0.96416587 0.99448967 0.9703991 0.9945691 0.91443145 0.99422455 0.9157555 0.9744038 0.9364396 0.96906406 0.99242973 0.25987607 0.9784692 0.89338136 0.9860541 0.9475305 0.9248343 0.9018477 0.98690796 0.9955712 0.91369015 0.9970379 0.99118394 0.98102695 0.97576636 0.99401325 0.97481364 0.95266 0.981409 0.9507989 0.96263534 0.6937503 0.99297744 0.97843796 0.9832243 0.9991867 0.9867096 0.9991531 0.9602534 0.99463046 0.9880128 0.99163574 0.9498438 0.95409477 0.99343085 0.99994516 0.6626529 0.98218817 0.9746823 0.7984738 0.9852932 0.9838988 0.9882858 0.7375825 0.8516496 0.3919622 0.97402245 0.90540975 0.9523005 0.07266774 0.99974036 0.93526256 0.84888136 0.99938095 0.98054683 0.7714412 0.8977839 6.268872e-05 0.98016226 0.91130066 0.6461566 0.59639263 0.20004156 0.22566761 0.0061914786 0.98614717 0.88039255 0.111921646 0.0324642
0.015788186 1.051535e-15 0.9999488 0.99971956 0.10680564 0.4343865 0.3391104 0.023370067 0.0007128533 0.07432573 0.043423895 0.13241611 0.0012737013 7.589641e-05 5.4482356e-05 1.3647126e-07 1.8185084e-08 9.677552e-09 1.5833593e-06 0.0007600893 5.688073e-10 2.596475e-06 0.00016886114 0.0062792776 5.683193e-06 0.021140086 1.2382069e-09 1.437861e-05 4.3867865e-05 7.8767625e-06 7.741122e-08 3.674318e-06 1.7010678e-05 1.0833346e-11 2.3760741e-08 2.731017e-09 3.477214e-05 1.6233231e-09 3.057426e-10 6.1490625e-11 3.1158633e-09 2.904437e-07 7.069328e-10 0.00012278807 2.2194113e-06 2.9030316e-08 4.4743147e-09 3.7903897e-06 1.7557263e-09 3.1600364e-05 6.3731385e-09 1.5145623e-08 1.2692115e-11 3.7577054e-06 1.6486877e-10 7.0171635e-10 7.660357e-11 1.5101247e-06 8.9633534e-10 7.9198515e-05 4.2695042e-08 7.586455e-07 8.7058605e-10 4.0958814e-09 4.6881226e-08 1.1193368e-06 6.00325e-08 3.9809256e-06 1.1217851e-08 5.6565463e-10 2.0050182e-09 1.4199416e-07 2.4852384e-10 2.7215896e-09 3.8149082e-08 3.514911e-13 6.709245e-11 3.033105e-11 6.238895e-11 2.9157624e-11 8.5416424e-10 3.5388073e-12 2.6833227e-09 2.5853446e-09 7.726005e-11 1.2576349e-11 2.0376011e-07 1.1330504e-09 1.6123594e-09 1.7132679e-15 1.4180956e-09 6.896228e-12 1.7080419e-10 9.969903e-10 1.8462546e-15 3.171664e-12 1.2661337e-18 1.9144622e-08 7.477379e-12 9.081313e-15 2.6663272e-14
0.068341166 0.9999488 9.347585e-13 0.35593286 0.9995918 0.020962048 0.0004792532 0.00046314948 0.00012851205 0.12297902 0.09775323 0.33390045 5.6097288e-06 4.7233043e-05 0.00011760201 1.1201474e-08 1.0972951e-05 1.7328745e-08 0.00016393859 0.0025008274 3.8820245e-09 2.9510547e-06 0.00040795185 0.039645948 1.4020225e-05 0.1535469 7.081649e-10 0.00022911128 0.00023450243 2.0828165e-05 1.3946052e-07 4.7128386e-05 3.5486548e-05 3.116331e-10 1.8917646e-08 2.9716638e-09 0.0005513943 1.4275296e-08 2.415494e-09 6.1131207e-09 1.145797e-08 3.9527117e-06 1.1747607e-07 0.00022723728 1.2417842e-05 1.2720254e-07 3.4559565e-07 1.0089705e-05 2.813189e-06 0.00027451638 1.2629233e-07 1.6166967e-07 7.2001655e-11 1.4371193e-05 6.365788e-09 5.567082e-08 1.4320912e-09 1.2423339e-05 1.9473163e-08 0.0007029265 2.161113e-09 2.1397625e-05 1.0401511e-07 2.0280694e-08 4.162716e-09 1.0292917e-05 1.7507722e-05 1.6337834e-05 6.636518e-08 1.9084565e-09 7.9035867e-10 6.6696764e-08 4.3167677e-08 4.0932438e-08 6.0275966e-08 1.0472078e-11 1.1852469e-10 4.939945e-09 1.6315115e-09 2.9522057e-10 1.2583921e-09 1.6124094e-08 6.4624004e-08 2.0419196e-07 5.3669374e-12 1.2427023e-09 7.3095464e-08 8.188037e-08 7.988874e-09 1.8075138e-13 6.6907218e-09 5.4082236e-09 1.2116597e-09 7.824485e-09 4.3551577e-12 6.3097284e-11 2.3954427e-14 1.1162045e-07 4.3042583e-10 1.8452492e-10 8.518457e-14
0.071805105 0.99971956 0.35593286 2.6507765e-13 0.03378176 0.9677344 0.95474046 0.54277456 0.26045817 0.87131333 0.041199315 0.46460763 0.09974284 0.03864251 0.005881638 0.0019773175 8.502208e-05 1.6411512e-05 0.00018432339 0.006604319 1.4441248e-05 0.0043907985 0.006477151 0.012087844 0.00058872014 0.01675406 0.00010918551 0.00013691731 0.0022943332 0.0004604586 6.523371e-05 0.000883111 0.00023636915 4.23426e-06 7.3869624e-06 3.010136e-07 0.0006277885 1.4970402e-06 8.038382e-07 2.1123581e-07 8.0404405e-08 1.2545733e-05 9.541788e-06 0.00017774571 5.9111844e-05 3.8432084e-08 1.3156583e-05 7.097482e-05 2.545905e-06 0.00019385133 8.715909e-07 1.3840888e-07 1.3662545e-07 0.00048857194 2.2406795e-07 1.9368103e-07 2.460743e-07 7.839943e-06 2.4012182e-08 0.00036404436 2.361285e-06 2.883355e-05 5.1982834e-08 2.6604184e-07 7.86928e-07 4.159936e-06 3.5476644e-06 1.8512063e-05 1.7187957e-06 4.5270326e-08 4.7475485e-08 5.727953e-06 4.250167e-08 6.2326e-08 5.115699e-07 1.3278649e-09 4.6033315e-09 3.1317688e-07 8.7902094e-09 6.301604e-09 5.161331e-07 8.537267e-09 5.664412e-08 1.9244387e-06 4.6732048e-08 2.280545e-09 2.7838898e-06 6.402236e-06 2.3766556e-07 5.393657e-13 2.5910862e-07 4.329714e-08 2.673749e-07 3.0135496e-08 1.2429919e-12 4.989907e-09 4.702668e-15 5.7059538e-08 5.304199e-08 2.1284068e-10 1.2173483e-10
0.31144443 0.10680564 0.9995918 0.03378176 2.2475158e-12 0.027876478 0.004470304 0.0025157551 0.0007524576 0.9212853 0.9386084 0.95302904 0.0003048843 0.0010714533 0.019047735 1.0970753e-05 0.026534282 3.777044e-05 0.034944054 0.019054182 2.9137018e-06 0.00021226481 0.0027496694 0.34999058 0.0020273884 0.67400044 4.7976144e-08 0.018343067 0.021572934 0.00016453408 4.3857492e-07 0.0010127466 0.00011657893 1.3802254e-07 1.8454068e-07 2.5536618e-08 0.0061509963 3.2473183e-06 1.4466148e-08 1.5864376e-05 9.816715e-05 7.353151e-05 3.3635588e-05 0.0016052551 1.4412644e-05 4.708297e-05 0.0001910448 1.8564588e-05 0.0005957055 0.007001153 3.630221e-05 4.054233e-05 4.5524462e-08 0.0021987772 7.018303e-06 6.2306995e-06 8.2664506e-08 0.00023172841 6.4557025e-07 0.0028954423 1.4022569e-08 0.00051414064 2.0177205e-05 6.775351e-07 8.427109e-09 0.00069542386 6.92372e-05 0.00014683382 4.6576056e-06 1.0666566e-08 7.8887865e-09 5.4989155e-09 3.1222618e-07 1.3960849e-07 5.5282567e-07 4.7145465e-09 3.5515502e-10 3.8213966e-06 9.274206e-09 9.499503e-08 4.3375854e-07 6.1819905e-05 1.0533345e-06 2.9352161e-06 4.738226e-10 3.0392716e-08 3.4241193e-08 1.6177673e-05 3.125153e-10 1.3527073e-09 1.3814619e-07 3.7004688e-07 1.4375134e-08 1.0422199e-08 3.121181e-09 1.4104543e-08 5.6611495e-12 3.9961582e-05 2.1725869e-08 4.909457e-08 2.2004419e-11
0.20458081 0.4343865 0.020962048 0.9677344 0.027876478 4.304558e-12 0.98460007 0.9896358 0.6433341 0.9105332 0.055061482 0.36230585 0.26964125 0.119855404 0.005880176 0.0023957589 1.7857748e-05 8.325786e-05 7.09694e-05 0.039807636 7.5348266e-06 0.011638753 0.023939049 0.009495962 0.00057338615 0.04227168 3.5177727e-05 0.00016501415 8.7292516e-05 0.0062942305 0.00016190662 0.00043302393 0.0042651994 7.1427246e-07 5.8020618e-05 1.6372638e-06 0.0016007202 1.7625092e-05 1.8104705e-06 9.981875e-07 4.513598e-07 3.684009e-06 7.8742356e-05 0.034644708 0.00074559974 5.473216e-09 0.00019288025 0.00094435026 0.00013498114 5.7341017e-06 1.13253506e-07 3.2769114e-07 6.9910845e-07 1.4874398e-06 1.0654322e-05 3.8436923e-08 9.173474e-06 0.00013411474 9.483893e-09 0.0036711642 1.0152114e-07 0.0010736391 6.496272e-07 6.0673095e-08 3.2818388e-08 2.517527e-07 6.3366815e-06 0.00086148997 2.3448117e-06 1.197656e-08 6.4776295e-08 3.0183587e-06 4.6244995e-06 1.2829675e-08 3.4374796e-07 1.3391196e-09 3.7476344e-08 3.3151764e-08 2.5907278e-07 1.4211472e-09 3.4099504e-08 4.4838235e-09 7.993504e-06 9.500482e-08 1.2547652e-10 2.8998755e-09 9.2849355e-08 6.3478474e-08 1.3255875e-07 1.383657e-11 9.6670725e-09 2.8999252e-09 9.8612185e-09 9.62731e-09 1.5049852e-11 8.142355e-09 3.526278e-14 8.905594e-08 2.803396e-09 2.3437372e-09 3.711428e-11
0.19875358 0.3391104 0.0004792532 0.95474046 0.004470304 0.98460007 1.3425184e-09 0.914646 0.7144362 0.6353978 0.03938627 0.23984843 0.99469835 0.07886881 0.0020324653 0.004909636 8.029897e-06 0.00024100077 5.1974937e-05 0.037070703 1.0394145e-05 0.009956226 0.029535962 0.0063768323 0.0001912641 0.026499359 0.00010819849 4.6227422e-05 9.136154e-05 0.008797817 0.00013755074 0.00031390606 0.009727821 0.00024610496 2.595793e-05 1.6728711e-06 0.0015774987 1.3847318e-05 8.849387e-06 9.1894753e-07 7.686687e-07 1.0182513e-05 4.637786e-05 0.07259568 0.005767313 1.8238923e-08 0.00015446056 0.0041989894 5.0637766e-05 1.2814832e-06 1.9230212e-07 4.030255e-07 2.8935526e-07 6.298436e-06 1.0675126e-06 1.2372473e-07 6.3320304e-06 9.9552286e-05 4.7803596e-08 0.005724145 6.952813e-07 0.0010564728 4.7990034e-07 2.1375868e-08 1.6458421e-07 1.0715333e-06 7.0192174e-05 0.0005131408 3.979673e-06 2.854788e-08 2.9868534e-07 6.811636e-06 9.152501e-06 2.0963903e-08 1.7867567e-08 2.0445209e-07 2.4803526e-07 5.8327356e-07 4.1765543e-07 6.9798545e-10 7.4700785e-07 4.7864088e-08 7.597284e-06 5.196004e-06 2.497053e-08 4.9044475e-09 2.6935083e-06 4.9221364e-07 3.8716652e-07 1.514324e-10 8.505264e-09 4.0112775e-09 3.2478587e-07 8.794787e-09 4.3955947e-10 2.6850475e-06 1.544265e-10 4.218641e-06 4.2903533e-08 3.153326e-09 3.522843e-10
0.6141594 0.023370067 0.00046314948 0.54277456 0.0025157551 0.9896358 0.914646 8.256641e-10 0.99267644 0.8874698 0.0126961125 0.23080538 0.87686974 0.48381796 0.010554397 0.020423796 3.1254872e-06 0.0019170402 9.083485e-06 0.17616478 0.0014454365 0.058126338 0.11792566 0.013048578 0.001034108 0.03634441 5.1750434e-05 3.4665292e-05 4.1404e-06 0.03519261 0.00041145255 0.0008982601 0.024254043 0.000100480065 0.00016858728 3.3357146e-06 0.0057543525 8.7072025e-05 6.89965e-06 1.453772e-06 1.2167485e-06 6.794582e-07 9.1582246e-05 0.16176893 0.00516343 1.7721591e-08 0.0006066003 0.006694195 0.00015618504 9.724374e-07 1.2855513e-07 2.2657389e-07 4.454443e-06 1.3958646e-06 2.1487007e-05 4.5082893e-09 3.2753433e-05 0.00037282176 3.285252e-08 0.017683323 7.330427e-06 0.0025065723 1.4573186e-06 6.2178415e-08 2.0062855e-06 3.991178e-06 1.1708768e-06 0.004689807 4.2769443e-05 2.610868e-07 1.3274156e-07 5.4235097e-06 1.4702095e-05 2.4388797e-07 1.6660337e-07 4.201875e-09 7.050345e-07 8.9166754e-08 1.4156683e-06 1.975926e-09 2.3253795e-08 8.246372e-08 6.481321e-05 5.6965476e-08 5.265529e-09 4.3089035e-08 5.542103e-07 5.02802e-08 2.1887429e-07 8.340347e-12 7.665366e-08 1.2661765e-08 9.986026e-09 1.40592e-07 2.0395333e-11 1.2780437e-08 4.3344932e-14 3.6277086e-07 3.6764735e-08 1.3212887e-09 7.8232976e-11
0.9418706 0.0007128533 0.00012851205 0.26045817 0.0007524576 0.6433341 0.7144362 0.99267644 6.318406e-09 0.9704241 0.004027189 0.10633994 0.9292638 0.9562362 0.03638624 0.023898259 4.3791397e-06 0.0014605125 2.776085e-06 0.7149785 0.0012847265 0.2745323 0.6057625 0.01807749 0.005625721 0.020796586 0.0001772046 5.9313043e-05 4.7407716e-06 0.20787428 0.0016841133 0.0058961995 0.25355992 0.0001969063 0.00042654842 4.8683632e-06 0.019179601 0.00044740998 7.2962e-05 1.1294116e-05 1.0660516e-06 5.416623e-05 0.0012683611 0.39438987 0.05808306 5.023421e-07 0.0010931699 0.06185518 0.00015532662 9.902936e-06 1.8862288e-06 5.7667506e-07 3.5564808e-05 7.5823045e-05 1.6099611e-05 7.583349e-08 4.58132e-05 0.0008018503 1.5461654e-07 0.123323105 1.6555694e-05 0.0081234975 1.685974e-06 4.20718e-07 3.2868615e-05 1.690903e-06 3.3688335e-05 0.004678144 5.255872e-05 7.2767875e-06 1.531266e-06 7.292078e-06 0.00026732383 3.4225732e-07 1.5998104e-07 5.3831258e-08 9.80847e-07 9.487589e-08 2.6786905e-05 6.8443945e-10 1.4087525e-06 6.2192976e-07 0.00020414456 3.413982e-06 3.4845334e-07 4.1237662e-08 2.8718565e-05 2.3001016e-06 3.179525e-07 3.4372485e-10 1.0055641e-07 1.1880871e-07 9.461453e-07 1.0047378e-07 4.910651e-10 1.4162381e-06 8.1257626e-11 9.436537e-07 2.033571e-07 3.502304e-07 4.467331e-09
0.9573803 0.07432573 0.12297902 0.87131333 0.9212853 0.9105332 0.6353978 0.8874698 0.9704241 1.0159485e-09 0.12590598 0.88662016 0.42596537 0.5105533 0.80869883 0.024189461 0.002146416 0.00016818213 0.004217459 0.8366213 0.0002563508 0.19177689 0.63185775 0.52645195 0.13053371 0.9319953 5.952611e-05 0.014013253 0.0006912045 0.08402101 6.327458e-05 0.04122854 0.07551099 3.9543293e-06 3.731214e-05 4.984923e-05 0.28755674 0.002330825 8.13114e-06 0.00065124995 0.0003193716 6.376014e-05 0.004521668 0.62068206 0.042466767 7.4259938e-06 0.007296068 0.066666774 0.015885027 0.0012655815 1.424302e-05 2.2275824e-05 8.0937905e-05 0.00033712297 0.0009878495 3.5899661e-06 0.00022057295 0.023752268 2.8957045e-06 0.33818743 1.0663355e-06 0.037408218 9.0127665e-05 1.8305071e-06 6.249909e-08 6.226339e-06 0.000398833 0.033049982 5.348437e-06 4.0682244e-06 2.6070737e-07 1.2682135e-07 0.00074742443 5.200322e-06 3.3579627e-07 8.746413e-08 6.173522e-06 3.5756614e-07 5.194159e-05 3.729885e-08 1.8724944e-06 4.995938e-08 0.00057863304 2.899056e-06 1.4037689e-06 3.9479537e-06 1.0376168e-07 3.6564327e-07 7.3699404e-08 4.9264026e-10 3.7844516e-06 8.972651e-08 1.522524e-07 2.9289902e-07 2.8470106e-09 1.22225865e-08 1.3733234e-12 5.685297e-06 2.8033973e-08 8.447418e-09 2.9005162e-10
0.73478544 0.043423895 0.09775323 0.041199315 0.9386084 0.055061482 0.03938627 0.0126961125 0.004027189 0.12590598 1.1341741e-10 0.9862291 0.0036219324 0.0020628877 0.027833078 0.0005069655 0.7733369 0.00012167822 0.926116 0.013420975 0.0001777579 0.0013369244 0.0033591613 0.9069186 0.016121797 0.9053094 1.920092e-06 0.3806582 0.9652959 0.0005027035 1.1465694e-05 0.005306026 0.0006098861 7.3018555e-06 1.3952904e-05 1.7342656e-07 0.021563902 2.1063175e-05 2.061837e-06 0.00021659261 0.0025466883 0.0028335166 0.00013173086 0.0018231727 0.00019803738 0.08717985 0.0007237132 0.0003027587 0.0024571742 0.9189101 0.0015987399 0.0028401488 2.3345099e-06 0.6409506 0.00015677973 0.00033990838 4.895616e-05 0.011551093 3.741323e-05 0.020691872 2.9486367e-07 0.005163966 1.352812e-05 0.00042750727 2.8974573e-05 0.012417174 0.00032227178 0.002977339 0.00012046207 7.2698717e-06 5.309708e-07 1.1747876e-05 8.7669534e-05 2.2924904e-05 8.960667e-05 3.2422515e-05 2.1380936e-07 0.008627751 2.674555e-05 2.3608493e-07 8.594868e-05 0.0032532145 0.00014242457 1.1279659e-05 1.0647933e-07 3.236942e-06 0.00010756309 0.0013451029 3.9835875e-08 3.3393382e-05 4.6191394e-06 1.4479398e-06 3.5681942e-09 1.4482741e-06 1.3897736e-09 5.1017645e-07 9.136468e-09 0.00015354704 1.5221342e-06 4.5686606e-06 4.1535633e-09
0.8414889 0.13241611 0.33390045 0.46460763 0.95302904 0.36230585 0.23984843 0.23080538 0.10633994 0.88662016 0.9862291 6.4151345e-07 0.0027334448 0.008388746 0.047217116 0.0012846272 0.14034435 0.00040612702 0.13518262 0.02591286 0.00015981523 0.0026602626 0.006332607 0.8037818 0.07317863 0.99012065 0.00016589825 0.051253963 0.23530787 0.002171322 0.0002730571 0.034026407 0.001308612 0.00044506238 3.189754e-05 1.1619759e-05 0.05513214 0.0006714642 6.5077686e-05 0.0019845483 0.0030357142 0.0016694902 0.0025676857 0.004611125 0.0009123956 0.0015643659 0.009726704 0.0009075904 0.0072979853 0.0982541 0.0008436558 0.000655123 0.00021985579 0.018623324 0.0019651058 0.00024925807 0.00024684303 0.0079985345 6.292129e-05 0.039209668 9.201766e-06 0.011140942 0.0002826676 0.00029957038 0.00024545356 0.0014291881 0.00038508433 0.0025142524 0.00024175213 0.000107674125 2.8081818e-06 0.00018543807 0.00021888611 9.788604e-05 0.00011436847 5.310554e-05 2.3693403e-06 9.279373e-05 8.2123406e-05 2.5633452e-05 0.0003048593 0.0001224047 0.00023117548 3.6380192e-05 4.885318e-07 3.7859602e-06 8.161216e-05 0.0006855423 2.6188454e-07 2.2315407e-06 1.2751675e-05 0.00012521523 5.4037133e-07 6.1218367e-07 3.9824957e-07 3.7086016e-07 7.809515e-07 3.2755994e-05 3.5205514e-07 9.137993e-05 3.6841527e-08
0.7823655 0.0012737013 5.6097288e-06 0.09974284 0.0003048843 0.26964125 0.99469835 0.87686974 0.9292638 0.42596537 0.0036219324 0.0027334448 1.0830623e-14 0.9661325 0.0012856041 0.8773518 1.2274335e-06 0.87754047 8.734089e-07 0.20775932 0.25756943 0.6284921 0.44340143 0.00114866 0.0003032835 0.00036356295 0.13336362 1.4342934e-05 3.0873507e-06 0.5818353 0.107242495 0.00027172317 0.50840896 0.5244814 0.009592394 0.00136023 0.0020193348 6.8589055e-05 0.0024389385 3.5528225e-07 1.4306246e-06 2.9692814e-07 0.00021807308 0.7594557 0.21054333 5.3075255e-09 0.00050696963 0.12641823 5.4061104e-05 9.7142845e-08 9.535738e-08 1.01731075e-07 5.4446205e-05 2.085259e-07 4.9581394e-07 4.840484e-08 0.00021764985 1.3634404e-05 2.0225224e-08 0.016500873 0.00038041596 0.0048175897 9.9031425e-08 2.6517122e-09 5.5346765e-05 1.6900644e-08 3.0277818e-07 0.0030368378 0.00311906 2.683811e-06 0.00016422353 0.00038344626 5.1796207e-05 2.409543e-10 1.4848169e-09 2.2019125e-10 8.8935036e-07 1.06263045e-07 8.60592e-06 7.774551e-11 2.0397094e-10 4.1818526e-10 6.652364e-05 1.4732986e-09 2.6364983e-08 2.5896927e-09 8.5913325e-06 7.0381684e-10 9.387846e-08 7.241093e-12 1.6566375e-10 2.1887145e-10 7.675399e-07 8.689445e-08 7.3667033e-13 1.855332e-06 2.7613125e-13 9.833738e-09 2.287438e-08 6.734477e-11 3.475433e-09
0.95223767 7.589641e-05 4.7233043e-05 0.03864251 0.0010714533 0.119855404 0.07886881 0.48381796 0.9562362 0.5105533 0.0020628877 0.008388746 0.9661325 7.027351e-08 0.32426143 0.9547359 6.87823e-05 0.12669961 0.00010919289 0.6031413 0.12545851 0.93904763 0.88904923 0.0044739805 0.012188245 0.004969116 0.29312313 2.9439167e-05 1.4847931e-05 0.69772315 0.122204706 0.008822881 0.59515584 0.012655651 0.016531358 0.0018383485 0.058739863 0.0035138433 0.008509671 0.00046771936 3.92937e-05 5.4905604e-06 0.004415589 0.9460707 0.29539013 9.201287e-07 0.0031072006 0.29289892 0.0026589693 1.419675e-05 7.691275e-06 8.672855e-06 0.0036543661 1.2400954e-05 0.00035879092 1.1111231e-06 0.002622651 0.003004237 7.3692195e-07 0.22808653 0.00014168961 0.03671436 5.4168035e-05 1.5526574e-06 6.2472513e-06 7.2659623e-06 2.9430492e-05 0.045629162 0.00032100984 0.00019085905 6.459801e-06 3.361202e-05 0.0015553904 3.3618576e-06 3.8751097e-08 8.5789316e-07 0.00016886662 4.4605923e-07 0.00015425755 1.1792302e-07 5.190749e-06 2.8350948e-07 0.0016510593 9.239948e-06 0.00010037846 6.65314e-06 5.910632e-05 1.3094027e-06 7.1545082e-06 2.2969764e-09 6.283377e-06 1.200252e-07 1.5802932e-05 1.1097369e-06 2.6025637e-08 1.696532e-06 1.02942065e-10 1.3593343e-06 1.3089907e-06 4.1135675e-07 2.8534367e-07
0.8335978 5.4482356e-05 0.00011760201 0.005881638 0.019047735 0.005880176 0.0020324653 0.010554397 0.03638624 0.80869883 0.027833078 0.047217116 0.0012856041 0.32426143 1.2003831e-10 0.003656911 0.047805272 4.2285516e-05 0.021521138 0.99161726 1.0977891e-05 0.63267285 0.94492817 0.37305805 0.9868903 0.27877593 0.000743621 0.039270736 0.0046035675 0.08591002 0.0038179639 0.5416604 0.0397265 8.419691e-06 0.0018360626 2.1268253e-05 0.32237148 0.2032591 0.0031813348 0.05934615 0.0791455 0.00062694156 0.0775072 0.25013286 0.014736993 1.2251944e-05 0.07732096 0.017049015 0.094825186 2.6339489e-05 0.0029399649 0.0017565406 0.0334905 6.0223945e-05 0.012185107 0.00019987175 0.0015151043 0.010755366 0.00012236934 0.26245463 4.7326e-06 0.057281606 0.01596457 4.4422045e-06 1.7010116e-06 1.0420127e-05 0.00049630174 0.034471206 2.9358418e-07 0.00032603144 2.863519e-06 2.4510107e-06 0.0011711158 0.00018076462 5.7601824e-07 1.5909875e-07 0.00023859112 4.0347965e-09 3.3767478e-06 1.08085594e-07 0.00014044078 2.2179056e-09 0.0003107888 7.799899e-05 7.802221e-05 0.00035733468 9.1733114e-07 2.679306e-07 9.5348605e-07 3.6302742e-12 0.00014112497 1.8065629e-09 8.75119e-07 1.132978e-07 3.3254768e-10 8.3209034e-07 8.750057e-14 4.6416534e-07 1.2656332e-08 1.165957e-10 2.6023836e-09
0.8856459 1.3647126e-07 1.1201474e-08 0.0019773175 1.0970753e-05 0.0023957589 0.004909636 0.020423796 0.023898259 0.024189461 0.0005069655 0.0012846272 0.8773518 0.9547359 0.003656911 6.954114e-14 1.0126466e-06 0.9925945 1.6259285e-06 0.13011731 0.8998647 0.88458776 0.49412388 0.0010878239 0.00045117526 0.00035653287 0.6368993 3.3890927e-05 2.772607e-07 0.77103996 0.23549724 0.0017155755 0.74377155 0.13930501 0.018124988 0.0011430677 0.006650134 0.000929857 0.003386473 7.790535e-06 6.472671e-06 2.690719e-05 0.0014535328 0.81687254 0.6529271 8.379953e-09 0.0011686207 0.48927101 0.0010985889 5.7082506e-08 4.788379e-07 4.553491e-07 0.00073057454 3.0122726e-07 4.711401e-05 2.2926588e-07 0.005160579 0.00048727228 2.744351e-07 0.09778283 2.8837896e-05 0.01001751 3.4081997e-05 1.0386048e-07 6.7945075e-06 3.5963342e-07 6.7403955e-05 0.019053295 0.00021484128 1.0610538e-05 3.127242e-05 8.044866e-06 0.00083164935 2.668751e-07 2.1841668e-08 4.0981963e-08 1.15145995e-05 6.5831394e-08 0.00015038873 2.6796099e-09 1.9921853e-07 8.342364e-09 0.0006275703 4.608383e-07 5.4754432e-06 4.7648416e-07 4.642519e-06 6.435705e-09 9.676169e-07 1.4134442e-11 6.978744e-08 5.873797e-09 3.4525813e-06 3.534445e-07 6.555288e-11 5.9694808e-06 3.1402624e-11 4.6326695e-06 2.0987619e-07 7.386204e-09 5.4149227e-09
0.9451998 1.8185084e-08 1.0972951e-05 8.502208e-05 0.026534282 1.7857748e-05 8.029897e-06 3.1254872e-06 4.3791397e-06 0.002146416 0.7733369 0.14034435 1.2274335e-06 6.87823e-05 0.047805272 1.0126466e-06 3.858152e-13 1.5504357e-07 0.9925645 0.0010405724 2.983966e-09 0.00028311167 0.00044551314 0.91725534 0.020195575 0.136726 1.01501e-07 0.9772857 0.67635816 9.240701e-05 2.7043184e-06 0.026679821 7.973401e-05 6.0367206e-08 1.09910474e-07 3.7131846e-07 0.08364561 0.0007063833 8.278834e-07 0.035769433 0.46329078 0.10112988 0.0032221891 0.000733264 0.00010556223 0.116005555 0.010466007 0.00022302131 0.09928125 0.33455017 0.29550585 0.3875988 4.1399795e-05 0.069055356 0.03272702 0.08901076 3.5009787e-05 0.13727294 0.023147387 0.17147438 1.4426546e-07 0.032382023 0.027308239 0.017104907 8.210366e-09 0.03363743 0.0051836185 0.069423385 1.4187681e-07 2.6052508e-06 6.407131e-09 4.068593e-08 0.0013729638 0.0073109986 0.001325448 0.000111693036 5.0702206e-06 0.00016104162 6.695989e-07 0.0013884292 0.0030314357 0.000374538 0.000530557 0.0020253882 1.0527941e-06 0.000903335 2.0538435e-08 5.6769833e-05 1.6567428e-07 9.5930915e-08 0.00014928573 6.069573e-06 1.4269408e-07 1.1980599e-07 4.9081514e-06 4.25522e-08 1.9760303e-10 5.5379773e-05 1.481412e-08 6.332609e-08 2.1083992e-09
0.3950393 9.677552e-09 1.7328745e-08 1.6411512e-05 3.777044e-05 8.325786e-05 0.00024100077 0.0019170402 0.0014605125 0.00016818213 0.00012167822 0.00040612702 0.87754047 0.12669961 4.2285516e-05 0.9925945 1.5504357e-07 3.197737e-11 1.0455216e-07 0.0056818146 0.99861306 0.17288958 0.04621485 0.00041393697 8.4106345e-05 4.529618e-05 0.7847223 7.645429e-06 6.350596e-08 0.24323942 0.15390623 0.00016654264 0.15328996 0.6002186 0.013292533 0.003887655 0.0011180579 8.929964e-05 0.003035923 6.370771e-08 1.2460382e-07 8.622757e-07 6.180752e-05 0.04367003 0.11023718 1.936463e-09 1.3919491e-05 0.05538092 3.983284e-06 2.3836684e-08 1.5983211e-08 2.752034e-08 0.00020932758 4.154619e-08 1.6779802e-07 5.6183134e-09 0.00084558746 1.720453e-05 6.8360624e-09 0.004446411 0.0051298994 0.00089415413 3.153081e-08 2.0323563e-08 7.916288e-05 4.9534043e-07 1.15797356e-07 0.0012598134 0.0046952893 5.1180878e-06 2.5934298e-05 0.00018868351 3.73398e-05 4.3761997e-08 8.0217056e-08 3.4038238e-11 1.5857546e-06 3.2125388e-10 9.699899e-06 1.621911e-10 2.2164803e-09 6.1805604e-12 0.00011305675 2.7745712e-08 5.2024325e-07 7.668751e-10 4.202008e-05 7.289894e-10 3.9664057e-05 2.5927702e-14 8.006706e-09 1.6886522e-09 6.3613464e-07 1.3804386e-05 3.9282035e-13 1.7082255e-05 2.288131e-16 1.2597135e-08 6.567312e-06 5.058888e-12 7.13367e-09
0.88258904 1.5833593e-06 0.00016393859 0.00018432339 0.034944054 7.09694e-05 5.1974937e-05 9.083485e-06 2.776085e-06 0.004217459 0.926116 0.13518262 8.734089e-07 0.00010919289 0.021521138 1.6259285e-06 0.9925645 1.0455216e-07 6.9386294e-13 0.0022403111 7.12509e-09 0.0005938762 0.0007649007 0.8033029 0.013212506 0.117471434 8.262195e-08 0.781536 0.985996 0.00014232994 1.0494756e-05 0.008065755 8.0065554e-05 4.8245656e-08 4.0263076e-06 2.3188477e-07 0.031771768 0.00021082879 2.6681732e-07 0.010773578 0.34365502 0.08453673 0.0006548195 0.0006178375 5.6471767e-05 0.45368323 0.0026079915 8.11592e-05 0.02615505 0.69981766 0.25347206 0.38098446 1.2816402e-05 0.2515458 0.01812746 0.09699255 7.10403e-05 0.06407161 0.03967561 0.073426686 2.2347391e-08 0.013923621 0.017864872 0.063103415 7.495501e-08 0.16138029 0.006403085 0.02384982 2.5994842e-07 4.3066345e-07 1.2087104e-08 3.0714745e-08 0.00033262643 0.024354242 0.015408672 0.0034492926 2.5502803e-07 0.0072791097 1.2280236e-06 0.0059092487 0.01104626 0.009885711 0.00018227832 0.0017200141 7.896302e-08 0.0018126803 3.9489475e-08 0.00093251356 2.1292384e-07 5.1290837e-05 0.0008903909 9.9121055e-05 1.9966198e-08 6.723568e-07 5.6750778e-05 1.7387512e-08 2.0319998e-08 0.0031194661 2.6274637e-07 3.1135187e-06 1.9783433e-09
0.9513991 0.0007600893 0.0025008274 0.006604319 0.019054182 0.039807636 0.037070703 0.17616478 0.7149785 0.8366213 0.013420975 0.02591286 0.20775932 0.6031413 0.99161726 0.13011731 0.0010405724 0.0056818146 0.0022403111 2.977922e-09 0.017361086 0.5232445 0.9691085 0.075791985 0.91868246 0.05963951 0.014792451 0.0004762823 0.0017026145 0.121795565 0.004238735 0.5192604 0.08535152 0.00011956772 0.002307607 0.0014335099 0.3852989 0.2141018 0.001898032 0.0037847096 0.0007559219 1.1468264e-05 0.034465272 0.37774864 0.044688422 0.00044006645 0.027518837 0.05757152 0.020928025 0.0014231494 4.402478e-05 0.00026206055 0.008022105 0.0023227634 0.0028001394 6.213364e-05 0.00022364857 0.0059020366 8.22599e-06 0.40255928 0.0022529028 0.096629694 0.000638587 0.00010799499 1.442502e-05 0.000673786 1.2342693e-05 0.091693684 0.00031654764 0.00045163502 1.3349439e-05 3.9540635e-05 0.00081204844 1.6787646e-05 1.8428498e-05 7.347701e-06 0.00065187697 1.6031208e-06 0.00011092534 5.190997e-06 2.8331357e-05 2.9466339e-08 0.0024091473 1.8980545e-05 6.372799e-05 1.32506575e-05 4.79466e-06 6.5616655e-06 0.00015023649 1.8031375e-09 5.661031e-06 7.0423525e-08 1.8721168e-05 2.0903046e-05 9.108483e-10 6.0250884e-05 7.654437e-12 1.6089732e-06 2.9407792e-07 3.839711e-09 6.542807e-08
0.71507746 5.688073e-10 3.8820245e-09 1.4441248e-05 2.9137018e-06 7.5348266e-06 1.0394145e-05 0.0014454365 0.0012847265 0.0002563508 0.0001777579 0.00015981523 0.25756943 0.12545851 1.0977891e-05 0.8998647 2.983966e-09 0.99861306 7.12509e-09 0.017361086 2.5169867e-13 0.54999346 0.25564602 0.0001707039 1.3768048e-05 2.2421416e-05 0.96851474 4.3176018e-07 2.7760991e-09 0.7466437 0.5063816 0.00020689736 0.6561202 0.5966007 0.09782089 0.011925086 0.0007202832 0.00016723353 0.021698741 1.7028357e-08 1.4620459e-08 2.1602737e-06 0.00012012228 0.19361144 0.49808052 5.369113e-10 1.3484391e-05 0.30524132 1.3794431e-06 3.040002e-08 3.790131e-09 4.8733217e-09 0.0008813525 1.9681671e-08 2.2897515e-08 8.685245e-10 0.0040768543 6.648542e-06 7.830691e-10 0.007913624 0.012164052 0.0025952882 6.223952e-08 2.2691781e-08 0.00021571938 5.7294223e-08 6.737454e-08 0.005157005 0.0057602245 2.274547e-06 0.00011172883 0.0003617733 0.00045802328 2.1508725e-10 1.6786563e-08 2.2640936e-12 1.0538458e-06 6.835351e-11 0.00010966576 1.8259616e-10 2.2035332e-11 5.61171e-11 0.00035600897 4.1387177e-10 2.391719e-07 5.9830335e-10 9.214108e-05 1.9900488e-09 1.2843601e-05 1.5583065e-15 2.347033e-10 6.5691846e-10 1.2635384e-06 1.4592864e-06 1.850137e-14 2.2433265e-05 5.4122336e-18 8.922796e-09 3.1622163e-05 2.9071038e-12 7.2237405e-08
0.95127153 2.596475e-06 2.9510547e-06 0.0043907985 0.00021226481 0.011638753 0.009956226 0.058126338 0.2745323 0.19177689 0.0013369244 0.0026602626 0.6284921 0.93904763 0.63267285 0.88458776 0.00028311167 0.17288958 0.0005938762 0.5232445 0.54999346 1.4691575e-08 0.97394705 0.0030366352 0.05137041 0.0013283358 0.616204 5.8985257e-05 0.00023265512 0.9654665 0.8353372 0.034549773 0.8635332 0.042703077 0.33512816 0.055080142 0.055763047 0.076932736 0.28884548 0.0014571568 0.00016435907 2.950278e-06 0.01554016 0.91317177 0.43451834 2.6627374e-06 0.011472324 0.52433234 0.0071050096 0.00011717961 1.3936945e-05 5.8285605e-05 0.046756595 4.323453e-05 0.0016987997 5.472056e-06 0.020303667 0.0027890573 3.6095544e-06 0.224986 0.0078673875 0.061537877 0.00061376736 2.2838522e-06 7.697758e-05 2.6181911e-05 4.259978e-05 0.062023632 0.0017188541 0.0021069946 0.000112305264 0.00039157268 0.011672935 2.0218185e-06 1.00517106e-07 2.572585e-07 0.004559242 2.0390961e-07 0.0027299644 9.737152e-09 5.410383e-06 2.7380128e-08 0.0071569937 2.6836355e-05 0.0022953677 1.767178e-05 0.0001367684 2.7061284e-07 0.0003334678 2.756891e-10 9.974849e-06 7.907842e-09 0.00019655413 4.678445e-06 5.389141e-10 0.00014541451 2.5374258e-12 2.915185e-07 9.292998e-06 8.222745e-09 1.6794171e-06
0.96416587 0.00016886114 0.00040795185 0.006477151 0.0027496694 0.023939049 0.029535962 0.11792566 0.6057625 0.63185775 0.0033591613 0.006332607 0.44340143 0.88904923 0.94492817 0.49412388 0.00044551314 0.04621485 0.0007649007 0.9691085 0.25564602 0.97394705 5.794336e-09 0.015574989 0.46815285 0.0024529644 0.11519628 0.00011570029 0.0004051943 0.84905016 0.059545223 0.28679627 0.5574123 0.0021546886 0.033654515 0.012892937 0.28070444 0.33211118 0.017978845 0.004096173 0.00045320007 1.3865639e-06 0.06095904 0.86548865 0.172429 4.3196203e-05 0.034758147 0.22770223 0.017757924 0.0006929109 3.7106856e-05 8.815193e-05 0.036796145 0.0005825865 0.0023981065 1.5988497e-05 0.0033545082 0.0032117611 4.1451367e-06 0.45065546 0.008837706 0.16680235 0.00064519263 2.0985297e-05 4.2841006e-05 5.0105842e-05 7.2850717e-06 0.13282871 0.0006214416 0.0016706313 4.2382173e-05 7.208584e-05 0.0038028688 1.5341697e-05 1.2200936e-06 5.418322e-07 0.0028253242 1.7563009e-07 0.00052283163 6.836956e-07 8.052427e-06 1.1119688e-08 0.0068933666 8.317211e-06 0.0007892923 3.1197855e-05 2.7699432e-05 4.4065692e-07 0.0001305759 5.2575183e-10 5.698857e-06 4.320357e-09 5.398326e-05 1.4878917e-05 3.2380992e-10 7.128523e-05 1.8580747e-12 5.7627875e-07 9.719461e-07 1.0204598e-09 1.3255611e-07
0.99448967 0.0062792776 0.039645948 0.012087844 0.34999058 0.009495962 0.0063768323 0.013048578 0.01807749 0.52645195 0.9069186 0.8037818 0.00114866 0.0044739805 0.37305805 0.0010878239 0.91725534 0.00041393697 0.8033029 0.075791985 0.0001707039 0.0030366352 0.015574989 8.4745025e-06 0.5079117 0.8684729 0.00043983196 0.86840636 0.635262 0.0011521762 0.00015925564 0.30020177 0.0017466957 4.34271e-05 7.7108074e-05 0.00010699353 0.59513456 0.005589034 0.00016468274 0.15926458 0.33027968 0.011308797 0.011872513 0.0123260785 0.0012530345 0.15435515 0.0437572 0.002875596 0.26156503 0.8265518 0.03179376 0.07086426 0.0011296675 0.18064994 0.0759776 0.010011388 0.0003419722 0.25168112 0.0023273535 0.5704756 8.495525e-06 0.17263477 0.009883929 0.011233806 9.2953155e-07 0.06770627 0.0020951126 0.14634286 0.0002605241 0.00030334832 5.438388e-07 1.2905034e-06 0.004028449 0.0019790805 0.0046855756 0.0006896496 0.00024647536 0.0035717883 0.00065625453 0.0013396385 0.0029139507 0.0002580491 0.0051839547 0.0010585574 2.5101242e-05 0.0016975657 4.033056e-06 0.00017830273 6.2475256e-06 3.0929739e-06 0.000111324975 3.8605016e-05 2.3517048e-06 2.637067e-06 1.7746842e-06 4.062914e-07 5.4538964e-09 0.00094732776 8.399496e-08 3.9272213e-06 1.3618101e-08
0.9703991 5.683193e-06 1.4020225e-05 0.00058872014 0.0020273884 0.00057338615 0.0001912641 0.001034108 0.005625721 0.13053371 0.016121797 0.07317863 0.0003032835 0.012188245 0.9868903 0.00045117526 0.020195575 8.4106345e-05 0.013212506 0.91868246 1.3768048e-05 0.05137041 0.46815285 0.5079117 9.167765e-13 0.5197778 4.540101e-05 0.081086814 0.002846277 0.039818324 0.00024145511 0.958644 0.037581928 1.9217573e-06 0.00013674024 1.3958053e-05 0.86831653 0.2887771 0.00010093203 0.16520293 0.12901652 0.00096223457 0.19339041 0.14877991 0.016024332 0.00012730819 0.30148354 0.020023655 0.4130667 0.0003810863 0.0026557166 0.0019809925 0.02281184 0.00025236103 0.047121674 0.0004908788 0.0005716017 0.064796954 0.00027331032 0.78267086 5.7245506e-06 0.30710164 0.022030085 4.089204e-05 3.5251068e-07 0.00010112753 0.0009759936 0.23196697 6.482663e-07 0.00034126636 2.7110427e-06 7.3728785e-08 0.0032291217 0.00032769883 5.477914e-06 5.1959148e-08 0.00038809015 2.3450621e-08 8.089037e-05 9.504994e-08 0.00019747969 8.475726e-09 0.0026375663 0.00027214098 0.00011584922 0.00063406175 1.5231468e-07 8.529441e-08 1.937784e-07 8.973745e-12 3.948991e-05 1.5528084e-08 6.8282304e-07 4.356211e-07 5.143188e-10 3.6816242e-08 7.2399396e-14 1.0207193e-06 2.8106935e-09 2.4851388e-10 8.7606575e-11
0.9945691 0.021140086 0.1535469 0.01675406 0.67400044 0.04227168 0.026499359 0.03634441 0.020796586 0.9319953 0.9053094 0.99012065 0.00036356295 0.004969116 0.27877593 0.00035653287 0.136726 4.529618e-05 0.117471434 0.05963951 2.2421416e-05 0.0013283358 0.0024529644 0.8684729 0.5197778 1.4578732e-06 6.763344e-05 0.067179285 0.049308013 0.00077227625 0.00016952302 0.15544409 0.0007201651 1.9921663e-05 9.637181e-06 7.4227864e-06 0.26492923 0.0010075042 3.5554298e-05 0.008785472 0.009286244 0.0013753121 0.005008227 0.0034609982 0.00077276584 0.0008827623 0.013676547 0.00058881904 0.023205224 0.03295458 0.0013506559 0.002070113 0.00010868465 0.0051870905 0.0050259684 0.00024315796 1.7746328e-05 0.021225637 7.023355e-05 0.1745628 1.1703973e-05 0.038728133 0.0014699915 0.0005228134 2.772922e-05 0.0006373704 0.00037931578 0.016900172 4.119787e-05 0.00012943799 2.0459788e-06 3.604352e-05 0.00036425237 0.00027674835 0.000105676656 4.1008807e-05 5.084771e-06 3.7895785e-05 3.652972e-05 2.894287e-05 0.00047886168 3.8725186e-05 0.00042907632 0.00029866298 4.6937038e-07 1.22727715e-05 5.909088e-05 0.00010268568 2.491972e-06 5.844373e-07 6.853795e-06 3.3477885e-05 1.299364e-06 1.6073575e-07 1.0660201e-08 2.1630659e-07 1.5785504e-07 1.6455331e-05 1.5256867e-07 5.2468e-06 2.2669446e-09
0.91443145 1.2382069e-09 7.081649e-10 0.00010918551 4.7976144e-08 3.5177727e-05 0.00010819849 5.1750434e-05 0.0001772046 5.952611e-05 1.920092e-06 0.00016589825 0.13336362 0.29312313 0.000743621 0.6368993 1.01501e-07 0.7847223 8.262195e-08 0.014792451 0.96851474 0.616204 0.11519628 0.00043983196 4.540101e-05 6.763344e-05 1.3702902e-13 1.9335262e-06 7.1023493e-07 0.83101684 0.9590865 0.0011572639 0.81302446 0.9810623 0.40063086 0.437304 0.0075326324 0.0012634561 0.4958805 1.940844e-06 1.2970378e-06 1.1903785e-06 0.0014845999 0.30117884 0.88542056 3.6811942e-09 0.0009328579 0.8164041 0.00034817317 2.315089e-09 4.7805603e-08 1.1084142e-07 0.0072367326 2.0835952e-07 3.2902124e-06 1.2469243e-08 0.07362444 0.00012178479 3.844015e-08 0.117787115 0.07073723 0.025792321 1.4206257e-05 4.9281454e-08 0.0011069275 4.0057518e-08 1.0329625e-05 0.04763265 0.00798832 0.0005222469 0.0009947182 0.00036565692 0.017546706 2.746088e-08 1.7350308e-08 6.6864474e-09 0.00015787636 2.0469841e-08 0.009940396 2.9251168e-10 2.3372076e-08 9.616863e-10 0.011517719 3.2601896e-08 0.00026940377 2.4516078e-07 0.00023713455 1.2984219e-09 0.0007606963 1.0255867e-11 7.0812916e-08 6.240103e-09 0.00025371625 1.963195e-05 4.8820708e-11 0.0008166982 1.0001427e-12 3.6631343e-07 0.00039932397 5.5725606e-09 4.5956607e-05
0.99422455 1.437861e-05 0.00022911128 0.00013691731 0.018343067 0.00016501415 4.6227422e-05 3.4665292e-05 5.9313043e-05 0.014013253 0.3806582 0.051253963 1.4342934e-05 2.9439167e-05 0.039270736 3.3890927e-05 0.9772857 7.645429e-06 0.781536 0.0004762823 4.3176018e-07 5.8985257e-05 0.00011570029 0.86840636 0.081086814 0.067179285 1.9335262e-06 5.894835e-11 0.65377563 5.130518e-05 2.0466855e-06 0.06639686 4.6608206e-05 1.6904725e-06 9.813954e-07 5.855819e-06 0.33841118 0.0004552345 1.2471836e-06 0.18249059 0.85503834 0.22810216 0.005707587 0.0010994504 4.962658e-05 0.5475054 0.026497016 0.00013767622 0.2798971 0.8332848 0.5786124 0.6480566 0.0002594191 0.20202605 0.14798924 0.19908 1.1416571e-05 0.41724125 0.100126274 0.47570392 1.39363e-06 0.1566748 0.056521915 0.1667894 1.26801325e-08 0.42214847 0.011071871 0.25109494 2.332585e-06 6.562905e-06 1.9609653e-08 1.3504234e-07 0.0015727518 0.020703247 0.13040991 0.012417582 2.2866607e-05 0.0147680165 2.4436318e-05 0.0066659823 0.013240969 0.001672077 0.0024583193 0.0051843356 5.446913e-06 0.0070464443 1.6484324e-07 0.005333274 1.1885663e-07 4.170884e-06 0.0012029767 0.00050470495 4.6598473e-07 2.6372416e-07 0.000479269 4.3545096e-08 3.969043e-07 0.0057423795 2.5291683e-08 3.1742326e-05 2.640066e-08
0.9157555 4.3867865e-05 0.00023450243 0.0022943332 0.021572934 8.7292516e-05 9.136154e-05 4.1404e-06 4.7407716e-06 0.0006912045 0.9652959 0.23530787 3.0873507e-06 1.4847931e-05 0.0046035675 2.772607e-07 0.67635816 6.350596e-08 0.985996 0.0017026145 2.7760991e-09 0.00023265512 0.0004051943 0.635262 0.002846277 0.049308013 7.1023493e-07 0.65377563 1.0067375e-13 0.00019392974 8.7587296e-07 0.002977339 0.0002479101 4.0606737e-06 1.5641673e-07 3.5186417e-07 0.015189094 7.474005e-05 8.800108e-07 0.0040509035 0.17487602 0.14623316 9.744278e-05 0.0010337658 0.00021116142 0.9595998 0.0016064704 0.0004961759 0.010190751 0.9288635 0.4010678 0.57323873 2.9895693e-05 0.72278273 0.0093739545 0.36445 0.0001513894 0.08207015 0.20072466 0.09018621 1.6799929e-07 0.006785608 0.0076995688 0.33664656 5.9349848e-08 0.4333763 0.015738336 0.019947229 1.9039926e-06 2.6693224e-08 1.27326025e-08 6.0105793e-07 0.00020332696 0.04984812 0.11794751 0.05173967 1.7823685e-07 0.03816112 1.7123723e-06 0.07188811 0.01036153 0.047280718 0.0013467016 0.008322075 4.135116e-08 0.002666913 7.556475e-07 0.0062367693 1.5259246e-06 0.0014409489 0.0024133325 0.0010267678 5.873865e-07 1.0703665e-07 0.01756776 5.5049924e-07 3.0101564e-05 0.04415972 6.5968235e-09 4.4049262e-05 4.1068096e-09
0.9744038 7.8767625e-06 2.0828165e-05 0.0004604586 0.00016453408 0.0062942305 0.008797817 0.03519261 0.20787428 0.08402101 0.0005027035 0.002171322 0.5818353 0.69772315 0.08591002 0.77103996 9.240701e-05 0.24323942 0.00014232994 0.121795565 0.7466437 0.9654665 0.84905016 0.0011521762 0.039818324 0.00077227625 0.83101684 5.130518e-05 0.00019392974 1.00789865e-08 0.8985117 0.04524431 0.9744953 0.04067006 0.78884804 0.37241846 0.048142493 0.1579924 0.35592583 0.00095126097 0.00016294228 1.5548401e-06 0.01841474 0.37502328 0.8118562 7.1709335e-05 0.012384521 0.70974284 0.002973266 0.00066328706 9.735237e-06 9.826803e-05 0.21827084 0.00047811377 0.00081011234 2.1360465e-06 0.04996774 0.0005127798 7.3233656e-07 0.19540523 0.13382222 0.09623265 0.00023403458 2.3322991e-05 0.0011400058 0.00012973681 3.927686e-06 0.07903879 0.03697829 0.0039296644 0.00064526155 0.0007162203 0.017275987 5.293542e-06 1.5578204e-06 3.5516591e-06 0.0019318381 1.9500361e-07 0.002118341 8.039892e-07 2.6055984e-06 1.0337603e-08 0.019009233 3.0209246e-06 0.000640595 1.4580519e-05 0.00065893796 7.1441616e-07 0.0009685845 2.2104518e-09 4.9170435e-06 6.0881264e-09 0.0007999198 9.902175e-05 5.4272553e-10 0.00039071363 2.8349228e-12 3.7556936e-07 5.6997324e-06 7.691946e-09 1.6026048e-07
0.9364396 7.741122e-08 1.3946052e-07 6.523371e-05 4.3857492e-07 0.00016190662 0.00013755074 0.00041145255 0.0016841133 6.327458e-05 1.1465694e-05 0.0002730571 0.107242495 0.122204706 0.0038179639 0.23549724 2.7043184e-06 0.15390623 1.0494756e-05 0.004238735 0.5063816 0.8353372 0.059545223 0.00015925564 0.00024145511 0.00016952302 0.9590865 2.0466855e-06 8.7587296e-07 0.8985117 8.9229055e-11 0.0014731674 0.8247984 0.6457621 0.8940414 0.9380955 0.0055528106 0.016078254 0.957924 3.996478e-05 2.7970644e-05 1.1251882e-06 0.0022734609 0.065447755 0.84010124 4.4914415e-07 0.0023243036 0.7466915 0.0007073976 1.1671252e-06 3.2674793e-06 1.7863309e-06 0.24576761 1.066462e-05 5.790553e-05 1.08492074e-07 0.10683634 4.032904e-05 2.8819912e-07 0.070320114 0.6791957 0.033261955 6.10383e-05 6.5259223e-07 0.0020094865 1.072853e-05 8.1936305e-06 0.04170452 0.018709539 0.0024905538 0.0012419176 0.0020652378 0.008122502 8.163776e-07 2.3443686e-08 1.0750682e-07 0.0011681532 1.6922006e-07 0.0021084107 3.4689298e-09 6.2615277e-07 1.8651656e-08 0.010238963 2.3279367e-07 0.00036966562 1.2108408e-05 0.0005731921 2.0857405e-07 0.0018077472 1.016084e-09 6.727002e-06 1.0689397e-08 0.001569692 4.14227e-05 2.0085033e-11 0.0029458038 1.4421379e-12 2.2523753e-07 1.3550135e-05 1.4128831e-08 3.3522754e-06
