2.1842968e-26 0.7387882 0.92069876 0.96083033 0.87652814 0.38295215 0.9893538 0.9708045 0.9462301 0.29415175 0.44319227 0.23538685 0.27191943 0.50398874 0.11959735 0.5570409 0.056037582 0.046129514 0.09434199 0.7880915 0.9536662 0.20333254 0.23478249 0.9523457 0.44678494 0.49453336 0.33853728 0.1941136 0.0025510383 0.8137322 0.21808644 0.83268684 0.016631417 0.9939144 0.0016712735 0.9989656 0.014518145 0.60210454 0.4400598 0.9972093 0.00069362624 0.00034775454 0.949578 0.65683377 0.99982715 0.97906506 0.5082728 0.048125036 0.32422403 0.8218015 0.6164321 0.9979121 0.98344445 0.0001499106 0.0038548117 0.009413501 0.0015494633 0.99553114 3.2471435e-05 4.3192763e-06 0.46482238 0.4057028 0.00033548244 0.060604583 0.44388503 0.08880305 0.019700442 0.00038948504 0.00030869537 0.99682677 0.00068120135 0.99416447 0.0067684287 3.8030354e-05 0.66608435 0.011027651 6.808476e-07 0.00019486726 0.11230827 0.9981403 0.0015571706 0.9655538 0.0014086236 8.8568595e-06 0.0018746896 0.004388831 0.004199604 3.279891e-05 4.3107702e-06 0.9985327 6.2485865e-06 0.9260096 7.8617525e-08 2.5314019e-05 0.004731485 7.8437006e-07 1.4337353e-07 6.3850564e-07 2.6307516e-08 3.2560447e-08 3.6617212e-08
0.7387882 1.1474157e-15 0.9141894 0.53082144 0.57166296 0.73893964 0.65652037 0.12024656 0.43727022 0.1731102 0.077844 0.4285239 0.1676702 0.37149596 0.105141416 0.08075732 0.33873537 0.22915114 0.118278585 0.015898803 0.13341226 0.4085594 0.111505516 0.043651648 0.013764281 0.070595875 0.113135405 0.049323443 0.21463032 0.04642473 0.049677305 0.023870725 0.081520826 0.3986442 0.060553886 0.47683248 0.029590797 0.0068415385 0.039981864 0.04713385 0.05447644 0.06987601 0.003781829 0.006906138 0.63815886 0.03642743 0.0019895264 0.007971057 0.0006527837 0.00037599797 0.0023378788 0.17643167 0.0017184337 0.005851348 0.0017471163 0.0018795176 0.0026920359 0.06857567 0.004238407 0.00086713285 0.0006900387 0.0001607087 0.0029185896 0.00029482192 0.0003147241 0.00032696335 0.0004197136 0.00033222316 0.0011911646 9.344128e-05 8.197973e-05 0.038853653 0.0014006452 0.0009476363 0.012569656 0.0004045871 0.0007493132 6.166557e-05 0.00020940906 0.0034484898 0.00019718987 6.858069e-05 0.001008056 8.768215e-05 0.0004094585 0.00090261037 0.0013586755 0.00044299613 0.00010231705 0.01782232 5.562611e-05 4.9696127e-06 2.5763342e-05 2.40652e-05 0.002888732 3.1569067e-05 0.00031587636 1.2695725e-05 0.001603445 0.00019819457 0.00023226227
0.92069876 0.9141894 7.118704e-17 0.54762536 0.4097247 0.6171483 0.6168701 0.14938816 0.40591592 0.2274293 0.113709144 0.3400935 0.09886751 0.24577998 0.049543258 0.13365744 0.14805233 0.18153778 0.12325444 0.013140683 0.18341115 0.33927983 0.14046386 0.06330023 0.01581473 0.075052895 0.10546118 0.04221662 0.05902682 0.065084726 0.055313267 0.04153225 0.06308398 0.39513034 0.016916694 0.57438207 0.01999022 0.014779505 0.047537472 0.057857648 0.029807884 0.028296381 0.0028515423 0.0043990514 0.80072576 0.032635607 0.000901707 0.004516835 0.0009102298 0.0002965316 0.0014563357 0.16652 0.002559824 0.0055109416 0.00033219717 0.0028674775 0.0005687589 0.05728115 0.0013239877 0.00061399717 0.00028536833 0.00018462034 0.0013356125 9.516129e-05 0.00012448392 0.00022547707 8.979007e-05 4.335815e-05 0.00047413932 0.00013621167 1.4080708e-05 0.033795092 0.0002445148 0.000281579 0.010490074 5.5322074e-05 0.00023265398 2.145897e-05 5.115177e-05 0.0027812738 9.74467e-05 0.00013545582 0.00010397748 5.9799363e-06 9.301629e-05 8.656663e-05 0.00073785096 9.281648e-05 6.630913e-06 0.044694707 6.0253956e-06 6.791473e-05 2.8767327e-05 5.482158e-06 0.0009789225 4.150968e-06 0.00052516884 3.4980433e-06 0.00067895564 9.838966e-05 0.0001697793
0.96083033 0.53082144 0.54762536 1.369934e-14 0.5634857 0.8071968 0.3558073 0.11914373 0.67168987 0.09822885 0.034393217 0.6117859 0.050993696 0.32667622 0.032069135 0.022259641 0.2156466 0.089323476 0.21004842 0.012546117 0.21515383 0.6043048 0.03447086 0.02844632 0.021655267 0.017296264 0.018681781 0.036486875 0.17501295 0.0074794604 0.157677 0.020004153 0.053695817 0.18170594 0.077300325 0.3327464 0.07268239 0.010915781 0.008353146 0.02773666 0.088568345 0.090368316 0.00040541735 0.0003669295 0.6504079 0.043885928 0.00077792705 0.00868164 0.00030234872 1.3436521e-05 3.8300823e-05 0.06236318 0.00051698694 0.017254218 0.0007099763 0.0032535635 0.013052654 0.030224847 0.012203522 0.0015330837 6.304223e-06 6.569471e-05 0.020294607 6.9263544e-05 7.5931587e-07 4.7571866e-05 3.1762553e-05 0.00082098186 0.0029978745 1.9709485e-05 3.829644e-05 0.06999219 0.00012346242 0.00043933289 0.022075724 5.5442197e-06 0.0020482263 7.594227e-06 2.37116e-06 0.00029163263 3.4536108e-05 1.4818139e-05 0.00011813414 3.9411203e-05 0.00019533129 5.882204e-06 0.0014945074 0.00013748596 0.00012134331 0.009451463 1.1315128e-05 3.3138003e-05 3.2878065e-06 3.248779e-05 0.0039060095 8.624817e-06 0.00015548283 1.07608275e-05 0.0008972405 0.00031143503 0.00010860798
0.87652814 0.57166296 0.4097247 0.5634857 3.7013304e-16 0.82606816 0.38410956 0.4557786 0.1771771 0.25352636 0.12800866 0.63369274 0.0056172023 0.059212457 0.004354594 0.12241207 0.071862236 0.2726119 0.5164704 0.003280672 0.044673946 0.39075556 0.14553297 0.08723076 0.0022641623 0.0852366 0.055832684 0.004813628 0.26632825 0.05710123 0.015627466 0.057580907 0.08811226 0.09522437 0.13389556 0.52555656 0.023651917 0.0018183524 0.029728439 0.096775465 0.07160004 0.07722106 0.0027951782 0.0020245211 0.3639432 0.013116301 0.00437007 0.019236669 0.001539278 0.0003162598 0.0004638302 0.14063889 0.0039722905 0.00980733 0.0030790565 0.0007313975 0.018606544 0.07528518 0.017048957 0.0006068786 8.986478e-05 0.0002827377 0.08359758 0.00032575917 3.429121e-05 0.0005789943 0.00013970913 0.0015819573 0.0056937593 0.00027846682 0.00037651218 0.02964844 0.0002480806 0.00013176857 0.009261299 4.194665e-05 0.006805767 6.662617e-05 3.030824e-05 0.0021336372 0.00017011705 4.4818567e-05 9.656431e-05 4.691431e-05 0.00015323471 7.4927106e-05 0.00023999618 5.9672413e-05 4.8396185e-05 0.0135910325 5.0005e-06 0.00015120313 7.8660205e-06 1.575472e-05 0.00095243915 1.4400759e-05 0.0007125749 7.79814e-06 0.0013875092 0.0003627069 0.00065006537
0.38295215 0.73893964 0.6171483 0.8071968 0.82606816 3.1495802e-17 0.568874 0.10460576 0.36922678 0.20698114 0.058400154 0.8478502 0.03307245 0.23946698 0.02267908 0.07102399 0.38627252 0.24792914 0.3463198 0.0070130182 0.07219551 0.6610888 0.09834048 0.043868855 0.003209228 0.05989828 0.08658617 0.01229128 0.48768118 0.041897498 0.031583928 0.041830253 0.15251291 0.19401664 0.20713773 0.32272008 0.080415785 0.0017757907 0.033079024 0.043702435 0.1479966 0.18961658 0.0009833759 0.0011942898 0.22082478 0.015435911 0.0004425086 0.01724485 0.00037598022 0.00017277773 0.00055263593 0.03882742 0.0014344036 0.010346793 0.004078093 0.0012497025 0.030694865 0.02076949 0.00953593 0.0013427024 0.00016114795 0.00027744495 0.0456262 0.00016569856 6.0412618e-05 0.00040350683 0.0001199533 0.0005188567 0.0034103312 2.6935893e-05 7.6170356e-05 0.02665859 0.0003959103 0.0004183126 0.01009217 5.7260393e-05 0.0034939114 4.158225e-05 3.983814e-05 0.0017343708 5.3602456e-05 5.4351527e-05 0.00019497138 5.507576e-05 0.00039878013 0.00016802757 0.00039560304 7.892557e-05 0.0001270542 0.019655421 1.9658855e-05 4.0861556e-05 1.3714828e-05 1.8699417e-05 0.0017354753 4.645546e-05 0.0003664763 2.7644435e-05 0.00089458824 0.0002384744 0.00020353222
0.9893538 0.65652037 0.6168701 0.3558073 0.38410956 0.568874 4.1482515e-16 0.18210521 0.19134425 0.20159943 0.13010518 0.2193524 0.029091148 0.061371583 0.014778605 0.11840297 0.051417466 0.13567086 0.061442897 0.008923397 0.17455304 0.11545463 0.17314439 0.08817528 0.0035903086 0.120467946 0.09317771 0.008509895 0.03383306 0.051794022 0.01135007 0.069366954 0.018046184 0.4082522 0.006687125 0.73541564 0.0046033855 0.0025410575 0.051445868 0.12813385 0.008571994 0.005900644 0.005534049 0.006470311 0.75794935 0.03757442 0.0036862572 0.002934578 0.000666651 0.00031169236 0.0015118727 0.31881094 0.0036520774 0.00088228524 0.001836095 0.0010934545 0.0035009289 0.11890658 0.00012349233 0.00014619528 0.00023815487 0.00024053422 0.00262455 0.0001462484 0.00016097684 0.00012729884 0.00014876782 5.3063268e-05 0.0012718653 0.00023332368 5.803302e-05 0.044112656 0.0011312001 0.0002210318 0.005463335 6.265375e-05 8.1968705e-05 0.00013247164 0.000103297 0.0074118124 0.00023467538 9.013256e-05 0.00093202863 3.9438688e-05 0.0004769045 0.00089992746 8.533433e-05 4.8563186e-05 3.6423276e-05 0.18153656 8.627894e-06 4.3239645e-05 1.49579355e-05 5.427544e-05 0.0008614021 1.2458504e-05 0.00025002108 1.1929521e-05 0.00047244513 7.492461e-05 6.91224e-05
0.9708045 0.12024656 0.14938816 0.11914373 0.4557786 0.10460576 0.18210521 1.4255461e-19 0.010361653 0.6439493 0.792852 0.09422528 0.00039398184 0.0030291511 0.0004397464 0.44499332 0.004087832 0.15172979 0.6011044 0.0002715149 0.00706052 0.021242464 0.27691114 0.9000789 2.7943131e-05 0.18838903 0.09778789 0.00030933396 0.021369409 0.055273544 0.0006976259 0.12419013 0.026589135 0.03059036 0.016370129 0.67415357 0.0006129248 2.7049675e-05 0.019634012 0.2781752 0.0039862846 0.003639699 0.008738048 0.0035205602 0.13767236 0.0041930294 0.0023295386 0.0027635223 0.001321369 0.0009055324 0.00080029253 0.28037354 0.00958661 5.129402e-05 0.0012080456 3.6984584e-05 0.0036453458 0.14367071 0.000188451 9.092793e-06 0.00027500562 0.0003121103 0.016251544 0.00062079536 6.907633e-05 0.00017902057 8.1963306e-05 0.00031096197 0.00036905677 0.00022990974 0.00018556417 0.0053707534 0.00010465027 2.6164067e-05 0.0010619113 2.6129854e-05 0.00020781234 3.8300055e-05 9.224321e-06 0.005210432 4.8857746e-05 4.239806e-05 4.2532833e-05 2.4738612e-05 5.193604e-05 1.28006195e-05 1.0232018e-06 4.5798415e-06 6.591256e-06 0.060756054 7.703831e-07 5.6068755e-05 1.0442097e-06 4.3982204e-06 6.4095584e-05 9.1451153e-07 1.2175185e-05 1.7554544e-06 1.9683166e-05 2.2027805e-06 1.2426087e-05
0.9462301 0.43727022 0.40591592 0.67168987 0.1771771 0.36922678 0.19134425 0.010361653 4.647503e-17 0.007821964 0.0017396793 0.4184499 0.5396994 0.80913156 0.41605276 0.0009296575 0.6656229 0.007679794 0.040867805 0.20771664 0.58036464 0.68647265 0.0030655377 0.0023537625 0.44112435 0.002201179 0.0012909103 0.3129939 0.06865402 0.00059060566 0.5146865 0.0050088125 0.013996666 0.30998382 0.060519088 0.06293548 0.31252342 0.13779022 0.0006961833 0.0011946462 0.10478536 0.08291258 8.280172e-06 1.5100994e-05 0.4967117 0.116392456 7.903253e-05 0.0021674635 5.962312e-06 1.9685098e-07 6.8065543e-07 0.0052831075 6.962076e-05 0.03471554 6.8409994e-05 0.01177538 0.0025793337 0.0067253644 0.0137732355 0.0077613667 1.966521e-07 2.0060695e-06 0.0025017266 2.8028146e-06 1.3112466e-07 1.066637e-05 1.3312068e-06 0.0005459299 0.000370468 3.8905255e-06 3.3194145e-05 0.11208535 1.3768665e-05 0.000283801 0.052361507 1.8076203e-06 0.0008592091 5.9341364e-06 2.6317068e-07 0.000110980785 7.5846656e-06 8.99681e-07 1.5464575e-05 1.3010152e-05 3.635574e-05 3.9569322e-06 0.0013518061 0.00036634103 0.00010027913 0.0012690763 9.504252e-06 3.9325205e-06 3.4761194e-07 2.4488913e-06 0.0028450002 2.8557864e-05 9.721528e-05 9.782944e-06 0.0016395829 0.0015166975 0.00013414506
0.29415175 0.1731102 0.2274293 0.09822885 0.25352636 0.20698114 0.20159943 0.6439493 0.007821964 1.2102845e-18 0.7709179 0.14428459 0.00044567016 0.004354401 0.0005097653 0.58414596 0.008540884 0.32956025 0.46593505 0.00028811602 0.0054442757 0.036722954 0.3232872 0.23942192 3.5112636e-05 0.1668211 0.15835074 0.00028655108 0.06228714 0.08901757 0.0009656722 0.057900537 0.042232405 0.023934523 0.025797607 0.19080058 0.0010483848 3.2727083e-05 0.03637122 0.072162464 0.013284156 0.013166129 0.0086027915 0.010482288 0.0344812 0.0030673651 0.002945388 0.006468953 0.0025984955 0.0009172901 0.002493408 0.07116745 0.0044674785 0.00012638146 0.0033504572 0.00010699016 0.011190771 0.057040818 0.0003279083 1.5890117e-05 0.00083463726 0.000719957 0.04421601 0.0006227905 0.00031666874 0.00027233514 0.0002385288 0.00034124232 0.0044740597 0.00016323623 0.00018197697 0.0031023403 0.00022819694 8.526758e-06 0.0017769452 2.3518292e-05 0.0012778592 3.3845386e-05 4.3066797e-05 0.0053904704 9.0476526e-05 0.00010544661 9.7732685e-05 1.1677237e-05 8.434386e-05 2.319496e-05 2.3883813e-06 6.3478715e-06 1.4856132e-05 0.006558447 2.8282343e-06 9.1541915e-05 5.9377307e-06 2.2469183e-06 0.00030525468 1.8890876e-06 9.021607e-05 9.784197e-07 0.000104563085 2.4681534e-05 9.343255e-05
0.44319227 0.077844 0.113709144 0.034393217 0.12800866 0.058400154 0.13010518 0.792852 0.0017396793 0.7709179 2.5054176e-18 0.045264382 6.318202e-05 0.0005604799 7.944361e-05 0.66694427 0.0014610501 0.1446504 0.3405442 7.4456475e-05 0.0030030825 0.0094919205 0.19705422 0.4322161 6.5047007e-06 0.11620376 0.10980835 4.0980427e-05 0.01589154 0.11681972 0.00015687874 0.08240132 0.023595791 0.018605324 0.01204468 0.2172765 0.00042907428 6.5092054e-06 0.0216138 0.106159985 0.0042485446 0.003906891 0.007705096 0.004202695 0.03436128 0.0012697809 0.0013720952 0.0045795734 0.0009648023 0.00033386427 0.0005157642 0.074681684 0.009644078 5.9494498e-05 0.0017904987 1.9745492e-05 0.006863814 0.053252988 8.5808875e-05 6.28638e-06 0.00019772183 0.0005991422 0.031343225 0.0005559591 0.000111144 0.0002681726 0.00024248246 0.00065440306 0.0025181877 0.0004284942 0.00042104238 0.002708566 0.0002629651 1.0607311e-05 0.0015030535 2.744045e-05 0.00042219213 9.333405e-05 5.031865e-05 0.0058155125 8.797448e-05 0.00019738781 8.022254e-05 2.7327033e-05 7.0328926e-05 3.3204622e-05 3.726445e-07 2.3618866e-06 1.6723441e-05 0.008310088 3.1415134e-06 0.00034600045 1.3958507e-05 6.769768e-06 8.1789505e-05 2.2244058e-06 7.447707e-05 2.0835387e-06 5.351618e-05 1.0327666e-05 8.824336e-05
0.23538685 0.4285239 0.3400935 0.6117859 0.63369274 0.8478502 0.2193524 0.09422528 0.4184499 0.14428459 0.045264382 1.1114968e-18 0.01781893 0.14578429 0.012403167 0.05831219 0.20546095 0.08867594 0.34055343 0.004387115 0.054962076 0.8286102 0.03744035 0.034213874 0.0023846852 0.026657652 0.030000435 0.007245813 0.71850765 0.026001241 0.020592194 0.040960893 0.10544974 0.046730965 0.47519514 0.13813598 0.06990357 0.0014584413 0.010750392 0.017169219 0.21223257 0.24149115 0.00044390664 0.000254998 0.05592331 0.00556721 4.988699e-05 0.010224512 4.6237692e-05 6.159416e-05 0.000116054136 0.004530856 0.00079747965 0.01769525 0.001925141 0.0008156839 0.011489508 0.006940038 0.014637274 0.001132052 3.3838547e-05 0.00010202163 0.035254557 1.0671702e-05 6.706491e-06 4.641016e-05 8.144007e-06 0.00011987085 0.0012447207 7.7597715e-06 2.8033135e-05 0.01682257 1.7325467e-05 0.00019698105 0.0038419466 5.188799e-06 0.0061787283 2.6522348e-06 1.1864696e-06 0.0009131565 4.0834307e-06 2.189315e-05 3.2425447e-05 2.704388e-06 3.9271556e-05 5.2436035e-06 0.00012539327 3.4786237e-05 2.2880871e-05 0.0019742246 1.8607083e-06 1.7105811e-05 1.1962657e-06 2.5116772e-06 0.00041806372 9.97227e-06 0.000605836 7.922983e-06 0.0016173138 0.00029515586 0.00037952221
0.27191943 0.1676702 0.09886751 0.050993696 0.0056172023 0.03307245 0.029091148 0.00039398184 0.5396994 0.00044567016 6.318202e-05 0.01781893 2.126718e-18 0.5790908 0.80952567 6.752085e-05 0.3747574 0.0007075794 0.00057440007 0.5200993 0.65072423 0.07062128 7.9898346e-05 0.000110545065 0.52234054 0.00011571242 7.376118e-05 0.5815231 0.0023759601 5.0030827e-05 0.25627944 0.00016839622 0.0016442187 0.37940797 0.0017889556 0.0033244328 0.05488394 0.19147913 3.753334e-05 0.00016503445 0.004406517 0.0065221624 2.5982646e-07 3.9923693e-06 0.06838358 0.15772322 2.3095047e-06 2.6907162e-05 1.5863807e-06 1.17250416e-07 1.4670181e-06 0.00046486533 4.3320957e-05 0.0017132146 3.6617428e-06 0.015846474 1.9688949e-05 0.0027645687 0.00027575935 0.0010441625 1.4546366e-07 5.0528837e-07 7.81016e-06 6.153621e-07 6.188747e-08 7.0027346e-07 6.138616e-07 3.107784e-06 3.088629e-06 8.5975984e-07 2.872022e-06 0.021689942 4.8241154e-06 0.0003197126 0.007007983 2.4212255e-07 8.174806e-06 9.3414377e-07 2.5195195e-08 2.2300417e-05 4.532818e-06 5.1563056e-08 1.1107957e-06 3.6675243e-07 2.6459745e-06 2.6928715e-06 0.0002244663 3.9385803e-05 3.078874e-06 0.0014852535 1.2748326e-06 6.80064e-08 3.7699238e-08 1.4612647e-07 0.00016058308 5.561881e-08 3.2007285e-06 4.306151e-08 0.00038957773 7.5277625e-05 6.7381357e-06
0.50398874 0.37149596 0.24577998 0.32667622 0.059212457 0.23946698 0.061371583 0.0030291511 0.80913156 0.004354401 0.0005604799 0.14578429 0.5790908 1.624794e-17 0.49006537 0.0002825776 0.82458967 0.0047440054 0.006136603 0.1411253 0.3719483 0.45088026 0.00066995114 0.00086885307 0.3420372 0.00071881467 0.0009826124 0.5199537 0.052891217 0.00025795685 0.47991458 0.0008407038 0.0048897862 0.08491304 0.026111115 0.008336616 0.2543491 0.14749359 0.0005967068 0.00010993549 0.07393104 0.055982176 4.8871193e-06 2.2486856e-05 0.11136504 0.03590427 1.2509987e-05 0.00033860077 9.418175e-06 8.388429e-07 7.0931274e-06 0.00033199004 7.837282e-06 0.016427321 9.391107e-06 0.016952943 0.00039129538 0.0034711545 0.0053142095 0.008592898 6.024295e-07 2.6597297e-06 0.00038494647 7.720391e-06 2.0577322e-07 1.264088e-06 3.472109e-06 8.605153e-05 5.702372e-05 3.0229404e-07 1.4997401e-05 0.04423862 2.6246862e-05 0.00034598226 0.016088553 1.6021977e-06 0.00016714713 1.2503945e-06 9.278421e-08 2.380789e-05 1.6916044e-06 1.3956297e-07 3.482378e-05 5.0199183e-06 3.637752e-05 5.1351212e-06 0.0013898949 0.00025239566 4.9998154e-05 0.0010150755 1.8025396e-05 2.976809e-07 5.536561e-07 7.226342e-07 0.0006229351 3.6402907e-06 0.0001232884 3.1633847e-06 0.00074199 0.0003560833 0.000112172005
0.11959735 0.105141416 0.049543258 0.032069135 0.004354594 0.02267908 0.014778605 0.0004397464 0.41605276 0.0005097653 7.944361e-05 0.012403167 0.80952567 0.49006537 8.3005035e-18 6.384783e-05 0.31001937 0.00035196438 0.00037556887 0.47936568 0.4988379 0.041349243 5.465675e-05 0.00019858412 0.52132934 5.5580404e-05 3.5019504e-05 0.6619289 0.0012256129 3.3584438e-05 0.17946593 0.00014407634 0.0012794085 0.14380273 0.0008713636 0.0016507602 0.03645225 0.16803491 1.8269293e-05 0.00017854437 0.0026255338 0.0030407852 2.0809116e-06 9.357501e-06 0.030105406 0.08996071 3.1464456e-06 4.283937e-05 1.7020864e-07 1.2768079e-07 3.3415904e-07 1.6978942e-05 1.9459055e-06 0.00149588 1.7903166e-06 0.012099301 1.6914328e-05 0.00034200924 0.0001444671 0.0006813075 6.3458614e-08 2.0509478e-07 1.0597371e-05 1.8558993e-07 1.7277424e-08 1.2793126e-07 1.0530084e-07 3.6201104e-06 7.751103e-06 2.8319627e-07 3.177214e-06 0.018886661 7.967799e-07 0.00034324665 0.00446724 3.1956628e-08 1.0757308e-05 4.7740383e-07 1.8398074e-08 4.5934717e-06 1.0844361e-06 4.5964118e-08 6.750958e-07 3.8035571e-07 1.477012e-06 1.0302643e-06 0.0002783423 3.5361212e-05 2.7308988e-06 0.00023613597 7.155447e-07 1.17000605e-08 8.127587e-08 3.5722834e-07 0.00012980761 3.417319e-07 7.717395e-06 1.4179713e-07 0.00031942705 8.260112e-05 1.0613514e-05
0.5570409 0.08075732 0.13365744 0.022259641 0.12241207 0.07102399 0.11840297 0.44499332 0.0009296575 0.58414596 0.66694427 0.05831219 6.752085e-05 0.0002825776 6.384783e-05 3.511733e-18 0.00043036087 0.5821635 0.3472359 1.749427e-05 0.0012831414 0.011137154 0.7712966 0.67751276 4.3218556e-06 0.82219046 0.90860695 2.8092601e-05 0.027681397 0.6336961 5.3509346e-05 0.39541158 0.07065697 0.007544617 0.018700836 0.21096171 0.00032540207 7.576201e-06 0.17074129 0.31296974 0.005619753 0.0050586774 0.041993458 0.024337836 0.0078115426 0.0005470029 0.0064447504 0.033088386 0.005512195 0.0016234603 0.0021855123 0.03931299 0.01437918 4.3080763e-05 0.015910277 1.0218166e-05 0.024531206 0.041988168 7.3438234e-05 1.6963015e-05 0.0013169915 0.0020289328 0.083021685 0.0025306237 0.0008782665 0.002628643 0.0012355837 0.0017443959 0.011262194 0.0006000054 0.0021382277 0.0013110241 0.0013383786 8.525221e-06 0.0008410017 0.00025926993 0.0026419465 0.00049251394 0.0005245785 0.008293351 0.00068342383 0.0015698808 0.0006965842 0.00011607904 0.00064897334 0.0003920295 1.2346307e-07 1.8749531e-06 0.0001134936 0.005342998 3.5358615e-05 0.003232858 4.490859e-05 3.1140607e-05 7.2054565e-05 2.5067488e-05 0.0006763045 1.7243821e-05 0.0002804141 7.036535e-05 0.00046399632
0.056037582 0.33873537 0.14805233 0.2156466 0.071862236 0.38627252 0.051417466 0.004087832 0.6656229 0.008540884 0.0014610501 0.20546095 0.3747574 0.82458967 0.31001937 0.00043036087 9.8731515e-20 0.012308194 0.013428178 0.07381676 0.21713084 0.55235386 0.000936689 0.00123542 0.19414799 0.00048850523 0.00011995409 0.4205397 0.11067685 0.00015447557 0.5245152 0.00053797476 0.008034103 0.050807647 0.045212034 0.0059573594 0.36275423 0.11901921 2.8215842e-05 0.00014187445 0.10145122 0.09432166 5.3819354e-06 1.5013744e-05 0.022871235 0.019075444 8.7632625e-06 0.00011782664 4.5725052e-08 3.0172808e-07 1.6773579e-07 3.555636e-05 2.0814424e-07 0.01674122 3.6339013e-06 0.0046502585 2.5831343e-05 0.00032962364 0.00061783893 0.008755399 5.8978582e-08 1.9359202e-07 8.1384045e-05 1.4823073e-07 3.205711e-08 6.376668e-08 6.838439e-08 3.1378245e-06 7.2674666e-06 5.3512274e-08 3.4947655e-06 0.028406257 3.4368173e-07 0.00039120918 0.012804224 4.59564e-08 1.7033093e-05 2.939436e-07 5.5576077e-08 1.7251001e-06 6.7388464e-07 2.9537578e-08 3.2675715e-07 1.8239436e-07 4.7141913e-07 1.0689347e-06 0.00023311218 0.00014254672 1.8396759e-06 6.1270184e-05 1.6207994e-06 1.1537356e-08 5.4069478e-08 6.4208486e-08 0.00012846022 7.774711e-08 8.838136e-06 1.0769462e-07 0.00027558082 0.00017488973 4.934712e-06
0.046129514 0.22915114 0.18153778 0.089323476 0.2726119 0.24792914 0.13567086 0.15172979 0.007679794 0.32956025 0.1446504 0.08867594 0.0007075794 0.0047440054 0.00035196438 0.5821635 0.012308194 7.3185067e-22 0.5000621 0.0006544314 0.004698268 0.046520565 0.86462384 0.16296367 7.9217934e-05 0.58972144 0.3148483 0.00036620535 0.13084626 0.19153696 0.00046309803 0.3133669 0.24332997 0.013153962 0.07274381 0.15426749 0.00029273776 7.534572e-05 0.11521098 0.15244704 0.011882016 0.012532121 0.034594513 0.03517488 0.017804625 0.0006491715 0.0031212515 0.086818516 0.01419625 0.002263504 0.0064059803 0.009092018 0.008962621 7.712351e-05 0.06770143 9.672547e-06 0.072249144 0.008450723 0.00020033127 4.561717e-06 0.003573676 0.0021123774 0.037809286 0.0025929739 0.0005366038 0.0029648466 0.0010279955 0.002585381 0.029839005 0.00043835142 0.0058365623 0.0090738535 0.0011536996 8.313182e-06 0.003967309 6.2468265e-05 0.0006357986 0.0030138905 1.3850845e-05 0.0044417623 0.0040166876 0.00035333468 0.0019084314 0.0004076207 0.001156608 0.00010274455 1.1703587e-06 9.746309e-06 0.00018007672 0.0042554094 2.6684074e-05 8.3335e-05 4.940671e-05 6.939379e-05 0.00013549405 0.00014134763 0.00017373555 7.809765e-06 5.937043e-05 1.6334096e-05 5.0997216e-05
0.09434199 0.118278585 0.12325444 0.21004842 0.5164704 0.3463198 0.061442897 0.6011044 0.040867805 0.46593505 0.3405442 0.34055343 0.00057440007 0.006136603 0.00037556887 0.3472359 0.013428178 0.5000621 8.2807965e-19 0.00018667213 0.0031196193 0.22677314 0.22730921 0.1755 4.2517586e-05 0.14758256 0.05775212 0.00012539698 0.30055544 0.043713644 0.0011919384 0.17730503 0.818613 0.012626604 0.22141427 0.20560835 0.004535752 2.1026144e-05 0.036539037 0.1419496 0.045427024 0.05055732 0.008008331 0.004677437 0.025122177 0.00057800073 0.00049824803 0.0560599 0.0005592041 6.531059e-05 0.0004619961 0.0032317152 0.0014802385 0.0019700099 0.027100904 0.00034996282 0.07391628 0.0055998564 0.0061829723 2.5322854e-05 4.137197e-05 0.0001323672 0.19174346 5.9814683e-05 3.3005615e-06 6.7051464e-05 1.0782184e-05 0.000977719 0.015489712 6.434178e-05 0.0010778212 0.012120165 3.818142e-05 1.0522687e-05 0.0024774324 2.1293204e-06 0.004121093 6.713605e-05 9.83539e-07 0.00050172047 5.7810346e-05 3.7222806e-06 4.5213917e-05 1.7025543e-05 6.664867e-05 4.326482e-06 1.0139479e-05 7.575059e-06 2.0016845e-05 0.00084569264 1.7980145e-06 1.887943e-05 9.299115e-06 9.350881e-06 0.00022153767 1.8199962e-05 0.00041016887 1.2523708e-06 9.5537194e-05 1.3506772e-05 0.00041403153
0.7880915 0.015898803 0.013140683 0.012546117 0.003280672 0.0070130182 0.008923397 0.0002715149 0.20771664 0.00028811602 7.4456475e-05 0.004387115 0.5200993 0.1411253 0.47936568 1.749427e-05 0.07381676 0.0006544314 0.00018667213 9.212396e-16 0.79484874 0.010156871 8.433485e-05 6.252613e-05 0.7422275 4.120278e-05 4.5953533e-05 0.5376795 0.0006676181 4.2364714e-05 0.13945165 0.0001141696 0.00027034522 0.4201846 0.00072105636 0.002010228 0.019899411 0.55676115 2.100951e-05 0.00013711723 0.0021856413 0.001887016 1.5668196e-06 6.921583e-06 0.1237938 0.7668284 2.2286654e-06 3.7689206e-06 4.2427018e-07 3.09736e-08 6.143137e-07 0.00016361776 7.834031e-06 0.0006808837 7.5229974e-07 0.04263444 1.5753712e-05 0.00067781436 3.17137e-05 0.00039978197 3.743976e-08 9.315638e-07 1.5342825e-05 4.315515e-07 6.010834e-08 1.8192202e-07 1.9686921e-07 4.0863442e-06 9.090288e-06 1.1322754e-06 6.052686e-07 0.1070399 1.6572399e-06 0.0006819329 0.026296292 2.2430035e-07 2.5012312e-06 5.8963997e-07 1.08962006e-07 1.140792e-05 7.8414644e-07 1.2343693e-07 2.226698e-06 9.0342627e-07 2.2516504e-06 8.3516625e-07 0.0010452825 0.0003973092 1.0572005e-05 0.00041752984 2.9921207e-06 5.3065868e-08 4.5651873e-07 1.0125655e-06 0.00044227575 1.0744334e-06 5.550791e-06 9.795915e-07 2.6953981e-05 2.2191096e-05 5.0933954e-06
0.9536662 0.13341226 0.18341115 0.21515383 0.044673946 0.07219551 0.17455304 0.00706052 0.58036464 0.0054442757 0.0030030825 0.054962076 0.65072423 0.3719483 0.4988379 0.0012831414 0.21713084 0.004698268 0.0031196193 0.79484874 1.717025e-13 0.119974904 0.003551192 0.0012673872 0.46285725 0.0036786397 0.002654976 0.26391974 0.004884757 0.0012123841 0.2338083 0.009643415 0.0011044664 0.81686574 0.0014778743 0.024510108 0.03653211 0.1310508 0.0013950561 0.0014435204 0.012745069 0.007603374 0.00015903375 8.4102976e-05 0.30675 0.12915097 0.00045625743 0.00034110644 3.2868775e-05 1.7856752e-06 6.6487446e-06 0.0071880105 9.741519e-05 0.0019067433 0.00010169969 0.010679104 1.4182324e-05 0.006850895 9.492825e-05 0.00041259028 1.8173762e-06 2.371704e-05 0.00010576154 2.5627792e-06 1.0931052e-06 7.800126e-06 8.296893e-07 1.8812965e-05 4.109733e-05 1.645037e-05 1.4355743e-05 0.018831676 7.549334e-06 0.00023630471 0.009948505 2.602318e-06 0.00010452889 3.628963e-06 9.794898e-07 0.00015042559 3.8802314e-06 4.297434e-06 1.1985342e-05 2.6334468e-05 2.1860978e-05 4.10745e-06 0.0016867236 4.2264717e-05 5.284178e-05 0.0032854187 1.7524211e-05 4.0951027e-06 1.5996022e-06 4.702282e-06 0.0008796705 2.1191136e-05 5.4767734e-05 7.021021e-06 0.00016014875 3.5773362e-05 2.0440066e-05
0.20333254 0.4085594 0.33927983 0.6043048 0.39075556 0.6610888 0.11545463 0.021242464 0.68647265 0.036722954 0.0094919205 0.8286102 0.07062128 0.45088026 0.041349243 0.011137154 0.55235386 0.046520565 0.22677314 0.010156871 0.119974904 3.884144e-16 0.01804614 0.0035358919 0.038350757 0.008402029 0.00897525 0.06573012 0.63935983 0.0035115222 0.42018592 0.020664154 0.043725703 0.036374748 0.51154137 0.024687141 0.5929991 0.012865296 0.002849172 0.002035566 0.5209016 0.5586454 0.00015225974 0.00017810748 0.045686055 0.009514651 0.00022120855 0.008808442 6.305471e-05 9.675167e-06 6.948319e-05 0.003851185 6.8419395e-05 0.12172926 0.00017221956 0.00695885 0.014679658 0.005840944 0.06952469 0.027062986 6.9253865e-06 1.8509925e-05 0.021974595 5.2922922e-05 8.454317e-07 8.260179e-06 6.711393e-06 0.00014493104 0.00062506227 2.0674822e-06 1.5597938e-05 0.030986695 8.5748674e-05 0.0005364938 0.010583097 3.92551e-06 0.013233636 8.210421e-07 9.7745e-07 5.0641826e-05 1.1965948e-05 3.1998711e-06 0.00014170245 2.3871105e-06 5.169869e-05 3.4921304e-06 0.0020254625 0.00078295317 7.823571e-06 0.0005268317 1.2578098e-06 1.3329721e-05 5.3198556e-07 9.008384e-07 0.002130635 1.506721e-06 0.0005323089 1.6998927e-06 0.007742419 0.004905122 0.0010132298
0.23478249 0.111505516 0.14046386 0.03447086 0.14553297 0.09834048 0.17314439 0.27691114 0.0030655377 0.3232872 0.19705422 0.03744035 7.9898346e-05 0.00066995114 5.465675e-05 0.7712966 0.000936689 0.86462384 0.22730921 8.433485e-05 0.003551192 0.01804614 1.750329e-21 0.3713734 1.4385592e-05 0.8512808 0.62412775 4.1438427e-05 0.03666616 0.42597103 6.0279446e-05 0.5520247 0.14149518 0.012698875 0.027775036 0.29238394 9.464639e-05 1.3439866e-05 0.17263272 0.328065 0.0032544478 0.0031784887 0.05702692 0.022852274 0.024477744 0.00047809238 0.004033164 0.098205715 0.0037098702 0.0006782273 0.0010538189 0.026138503 0.008549004 2.9294597e-05 0.04034045 8.244729e-06 0.05874902 0.039644577 6.7592366e-05 3.4620346e-06 0.00039054343 0.001145942 0.058987703 0.0006370067 5.7387937e-05 0.0013861542 0.00019968941 0.0029028328 0.02311634 0.0005871132 0.0051683583 0.006645205 0.00041710795 3.2470086e-06 0.002008678 2.0790758e-05 0.0014702291 0.0022436886 1.9921814e-05 0.0129112145 0.002451717 0.00054244336 0.000981599 0.00022329522 0.0004777072 0.00012144658 4.999531e-08 9.777995e-07 0.00015049992 0.0054432373 2.2683009e-05 0.00024187482 4.812386e-05 5.2339034e-05 4.0864747e-05 0.00029517728 0.00095156895 4.803832e-06 5.8145863e-05 2.4362185e-05 0.00017154569
0.9523457 0.043651648 0.06330023 0.02844632 0.08723076 0.043868855 0.08817528 0.9000789 0.0023537625 0.23942192 0.4322161 0.034213874 0.000110545065 0.00086885307 0.00019858412 0.67751276 0.00123542 0.16296367 0.1755 6.252613e-05 0.0012673872 0.0035358919 0.3713734 1.2369521e-15 4.4522135e-06 0.30810654 0.2543913 7.0843285e-05 0.00811476 0.732936 9.902506e-05 0.19924885 0.0282467 0.006810805 0.005785423 0.46936494 0.00019979417 3.2000482e-06 0.09987005 0.8015673 0.00209204 0.0012891953 0.115800306 0.062925324 0.013882524 0.0013895974 0.018312931 0.01509595 0.012603356 0.02065687 0.012621151 0.27679625 0.041683808 1.6477157e-05 0.0071465173 3.7429967e-05 0.008931835 0.22511028 2.2360922e-05 5.782896e-06 0.0070379083 0.006650832 0.010584995 0.0029784609 0.00446424 0.003580475 0.0012328618 0.0012561278 0.0014280193 0.0032273342 0.0015211381 0.0016777762 0.0014148962 1.7776561e-05 0.0002576859 0.0003342303 0.0001896418 0.0005905235 0.00043844822 0.021652939 0.0009180082 0.0035645438 0.0008062974 0.00013156088 0.0005682831 0.00019751152 5.6062174e-07 3.7517827e-06 5.4224114e-05 0.14795545 2.1331143e-05 0.005182549 3.6836456e-05 6.4300184e-05 3.0355857e-05 9.708535e-06 8.5616455e-05 7.995449e-06 4.395648e-05 6.911149e-06 0.00015295934
0.44678494 0.013764281 0.01581473 0.021655267 0.0022641623 0.003209228 0.0035903086 2.7943131e-05 0.44112435 3.5112636e-05 6.5047007e-06 0.0023846852 0.52234054 0.3420372 0.52132934 4.3218556e-06 0.19414799 7.9217934e-05 4.2517586e-05 0.7422275 0.46285725 0.038350757 1.4385592e-05 4.4522135e-06 8.999163e-16 4.715145e-05 6.3469364e-05 0.8272389 0.00043661788 9.4760335e-06 0.58304113 0.00013285207 0.000109562985 0.0721501 0.0004650815 0.00080348994 0.10652619 0.83693683 3.156284e-05 1.4224287e-05 0.0058426047 0.004554849 8.971453e-08 4.2335387e-07 0.07950323 0.23494425 7.301687e-08 5.488236e-06 3.186291e-07 8.663641e-09 9.308307e-08 0.00012452762 1.413706e-05 0.0043529994 8.6784263e-07 0.07920293 9.0933745e-06 0.0008662308 0.00015889261 0.0025689348 1.202981e-08 2.0343855e-07 1.8614244e-05 1.5072952e-07 3.9320347e-09 1.5750406e-07 4.975796e-08 1.3151196e-06 3.4841266e-06 4.2468588e-07 2.867959e-07 0.12629192 4.6269187e-07 0.0008729344 0.057449363 4.8519734e-08 4.7208478e-06 1.8714597e-07 2.420281e-09 9.98031e-06 2.8688152e-07 9.286932e-09 1.3370123e-06 6.471859e-07 1.5516138e-06 1.5812792e-07 0.0042196773 0.0006161717 1.28505e-05 0.0003381282 6.4327116e-07 5.421557e-09 1.1765265e-07 8.1822884e-07 0.0016442357 6.7245236e-07 4.4274734e-06 1.6764814e-07 6.8485e-05 9.722363e-05 2.0912217e-05
0.49453336 0.070595875 0.075052895 0.017296264 0.0852366 0.05989828 0.120467946 0.18838903 0.002201179 0.1668211 0.11620376 0.026657652 0.00011571242 0.00071881467 5.5580404e-05 0.82219046 0.00048850523 0.58972144 0.14758256 4.120278e-05 0.0036786397 0.008402029 0.8512808 0.30810654 4.715145e-05 5.1465694e-19 0.9236353 9.158556e-05 0.025822412 0.6058231 6.8991074e-05 0.69527555 0.13079627 0.009518852 0.019308433 0.22366287 0.00012062785 4.3708842e-05 0.36070666 0.34840843 0.003998678 0.0040415884 0.09072236 0.07845763 0.01934312 0.0002710169 0.02466685 0.14765961 0.012194313 0.0033635255 0.0034852284 0.025287865 0.0143189775 8.3047315e-05 0.07487029 7.643789e-06 0.10848899 0.043966413 0.00011540087 9.141379e-06 0.0018646129 0.0024381627 0.07610527 0.0040019453 0.0008834614 0.004538645 0.0017341881 0.009968929 0.04178968 0.0015200163 0.01640117 0.004002335 0.00199688 5.3373547e-06 0.0008944049 0.00037140615 0.0027303277 0.005071406 0.0004838163 0.015425785 0.005152878 0.0023360369 0.0027605721 0.0005663554 0.002078043 0.0011104303 1.0030567e-07 1.8791366e-06 0.00041542412 0.0044150837 0.00019325642 0.0027558955 7.105168e-05 0.00016734825 9.0800895e-06 0.0012030674 0.0022395602 1.6823546e-05 0.00016411692 8.734539e-05 0.0004063626
0.33853728 0.113135405 0.10546118 0.018681781 0.055832684 0.08658617 0.09317771 0.09778789 0.0012909103 0.15835074 0.10980835 0.030000435 7.376118e-05 0.0009826124 3.5019504e-05 0.90860695 0.00011995409 0.3148483 0.05775212 4.5953533e-05 0.002654976 0.00897525 0.62412775 0.2543913 6.3469364e-05 0.9236353 6.10576e-19 0.000108681335 0.012037078 0.81323516 0.00016258247 0.60034996 0.050038077 0.014787409 0.005210718 0.18010458 0.0001764518 9.2069065e-05 0.45419955 0.2949482 0.0009317544 0.0014512289 0.2511398 0.18522303 0.009806213 0.00028997142 0.06630807 0.09269916 0.043856807 0.0073210793 0.018047595 0.04954834 0.06169648 3.5111363e-05 0.031314872 3.6880763e-06 0.03462218 0.061788402 7.38865e-05 1.7682307e-06 0.0078035123 0.0051562646 0.014161829 0.013555157 0.0031776053 0.005853784 0.0065576877 0.0056708558 0.010887113 0.0034407913 0.004066912 0.0021731625 0.006173045 1.3742676e-05 0.00071433786 0.0009595907 0.00031188235 0.0014710377 0.0011529737 0.016716395 0.0032855782 0.0040558632 0.0045617106 0.00031594385 0.002809173 0.0011428158 3.113238e-07 4.860806e-06 0.00019290931 0.00820367 0.00012310102 0.009132152 1.6285334e-05 0.000115526185 1.2489781e-05 0.00016065706 0.00012569404 1.2527381e-05 0.00032613717 0.00017909537 7.164659e-05
0.1941136 0.049323443 0.04221662 0.036486875 0.004813628 0.01229128 0.008509895 0.00030933396 0.3129939 0.00028655108 4.0980427e-05 0.007245813 0.5815231 0.5199537 0.6619289 2.8092601e-05 0.4205397 0.00036620535 0.00012539698 0.5376795 0.26391974 0.06573012 4.1438427e-05 7.0843285e-05 0.8272389 9.158556e-05 0.000108681335 3.091868e-17 0.002469935 0.00015714753 0.579679 8.42576e-05 0.00036716598 0.06135885 0.0010543546 0.0005379919 0.14663063 0.5558049 3.8949933e-05 2.1805821e-05 0.013069303 0.008782838 1.5910367e-06 7.651308e-06 0.013967956 0.10982272 1.6837727e-06 6.0219692e-05 3.1474883e-07 1.1911775e-07 6.515537e-07 5.0787596e-05 1.038529e-06 0.005722128 2.5757483e-06 0.057885908 5.958166e-05 0.00075727556 0.00018147385 0.006121993 3.38495e-08 2.1654022e-07 7.7316385e-05 5.6923847e-07 1.02805995e-08 1.411984e-07 4.1450085e-07 2.779228e-05 2.3611037e-05 9.018462e-08 3.7524912e-06 0.046615027 3.2160488e-06 0.001399697 0.020048318 1.2165796e-07 5.605568e-06 3.479217e-07 3.071098e-09 3.064339e-06 5.209055e-07 3.030172e-08 1.93697e-06 2.0796874e-06 6.356376e-06 1.3904545e-06 0.0026422807 0.0006236921 4.9609727e-05 0.00018706523 5.320289e-06 1.7757278e-09 5.5603726e-07 2.3313181e-07 0.00091564876 4.384363e-06 3.5011926e-05 1.597305e-06 0.00018295944 0.00016130971 2.5407619e-05
0.0025510383 0.21463032 0.05902682 0.17501295 0.26632825 0.48768118 0.03383306 0.021369409 0.06865402 0.06228714 0.01589154 0.71850765 0.0023759601 0.052891217 0.0012256129 0.027681397 0.11067685 0.13084626 0.30055544 0.0006676181 0.004884757 0.63935983 0.03666616 0.00811476 0.00043661788 0.025822412 0.012037078 0.002469935 1.2403691e-21 0.011860822 0.0089864535 0.03177991 0.3096202 0.003429558 0.7765526 0.0047564115 0.054631036 0.0003802437 0.0051265075 0.0013454821 0.29344574 0.31469056 0.00080819096 0.00028973678 0.0016561996 0.00015416754 9.20831e-05 0.014812532 3.007195e-05 1.33805e-05 1.458657e-05 0.00065896317 9.862931e-05 0.0072899894 0.0014664833 6.3517045e-06 0.010422192 0.00062813197 0.01806094 0.00010753611 6.2252225e-06 1.8986644e-05 0.06387284 1.902098e-06 4.87716e-06 5.3090016e-06 1.6587497e-06 7.6013066e-06 0.0019938876 4.088313e-06 2.0615598e-06 0.0020735324 2.0964983e-06 8.005826e-06 0.0003230121 6.3554825e-07 0.007177499 8.6457806e-07 1.441771e-06 3.345605e-05 1.2621474e-06 3.7624743e-06 1.4556377e-06 4.1711087e-07 3.974325e-06 5.20724e-06 2.1987382e-06 3.7786992e-06 2.0359957e-06 5.0323924e-05 4.7616072e-07 3.1344507e-06 1.0109773e-06 3.2230818e-07 2.2228163e-05 1.0243753e-06 1.8843706e-05 2.2355248e-07 0.00027664626 2.2538621e-05 0.00023600202
0.8137322 0.04642473 0.065084726 0.0074794604 0.05710123 0.041897498 0.051794022 0.055273544 0.00059060566 0.08901757 0.11681972 0.026001241 5.0030827e-05 0.00025795685 3.3584438e-05 0.6336961 0.00015447557 0.19153696 0.043713644 4.2364714e-05 0.0012123841 0.0035115222 0.42597103 0.732936 9.4760335e-06 0.6058231 0.81323516 0.00015714753 0.011860822 8.0284244e-16 0.00010659003 0.4737728 0.045097027 0.007844254 0.005754923 0.15015362 0.0011596137 3.5362187e-05 0.6545133 0.78816426 0.0026789743 0.0015716415 0.7748695 0.49171063 0.0045465506 0.00030263574 0.12955672 0.06564989 0.15835755 0.16780087 0.13931845 0.26993373 0.20480251 0.00012330487 0.05221042 3.050051e-05 0.017652865 0.30643934 0.000119011536 4.3767636e-06 0.048054237 0.027112601 0.008592586 0.038723405 0.019413276 0.030105915 0.014446167 0.0058502965 0.005084493 0.021238983 0.009236906 0.0015634904 0.012991305 1.8562143e-05 0.0012192244 0.008468609 0.00038412208 0.0047837626 0.008953544 0.12501802 0.009897894 0.014229566 0.009768922 0.00061853434 0.005273166 0.005065052 4.6715275e-05 4.766428e-05 0.0003945443 0.11840709 0.00019398781 0.02101973 0.00013967503 0.00063728594 6.625253e-05 9.011838e-05 0.0003652845 5.8036945e-05 0.00019721939 0.000205855 0.0005360389
0.21808644 0.049677305 0.055313267 0.157677 0.015627466 0.031583928 0.01135007 0.0006976259 0.5146865 0.0009656722 0.00015687874 0.020592194 0.25627944 0.47991458 0.17946593 5.3509346e-05 0.5245152 0.00046309803 0.0011919384 0.13945165 0.2338083 0.42018592 6.0279446e-05 9.902506e-05 0.58304113 6.8991074e-05 0.00016258247 0.579679 0.0089864535 0.00010659003 2.4712867e-16 0.00017282057 0.00055861485 0.023326457 0.004642236 0.0017078762 0.83197814 0.6155837 8.7917026e-05 6.123344e-05 0.064100385 0.04940133 2.977055e-06 3.0842666e-06 0.031976067 0.041896638 8.2783356e-07 7.848565e-05 3.1353536e-06 1.4733956e-07 2.2632005e-06 0.0006173236 4.2858577e-05 0.070258155 1.4871987e-06 0.10907241 5.285581e-06 0.0030034562 0.0041452325 0.07387148 1.4328278e-07 8.053698e-07 9.341362e-06 4.948737e-06 1.7948931e-08 1.3560502e-07 6.325925e-07 2.4960343e-06 1.2837864e-06 7.0031724e-08 9.31221e-07 0.09700067 9.577896e-07 0.005234406 0.1241661 1.4597869e-07 7.236321e-05 6.85985e-08 3.5387067e-08 7.4529544e-06 1.9139046e-07 5.118473e-08 1.7861657e-06 4.4068042e-07 1.9078152e-06 1.1118529e-07 0.0146797495 0.007827326 5.7802986e-06 0.00012245432 1.2395053e-07 2.7190795e-08 7.1779496e-08 1.0315429e-07 0.0088619925 1.8676069e-07 1.1705848e-05 1.7107358e-07 0.0012162514 0.002010611 5.9165113e-06
