1.2285088e-26 0.6641693 0.9846393 0.8362147 0.8119304 0.96902806 0.6761606 0.62280977 0.98595816 0.48491958 0.5113948 0.8964115 0.9088919 0.70365435 0.24280554 0.9976043 0.27319157 0.99759674 0.252193 0.9919127 0.89982444 0.99811137 0.5837479 0.03300339 0.05026425 0.9977463 0.017023182 0.7878457 0.40257278 0.999389 0.0027359345 0.99959075 0.99319 0.83509237 0.9850476 0.9530429 0.22027665 0.9506071 0.8866822 0.069254845 0.5920964 0.120791145 0.77014786 0.6734636 0.9962987 0.15061632 0.24590093 0.46803752 0.8753949 0.96967965 0.17765555 0.77796066 0.8618305 0.99902415 0.004751714 0.089623235 0.8663253 0.77303463 0.89829737 0.94595045 0.94866145 0.00017130029 0.21253334 0.07892658 0.14781342 0.1851845 0.0040298733 0.011426468 0.98694324 0.26981333 0.0007202629 0.11669822 0.0060115606 0.0020603857 0.0007370176 0.013122639 0.99983 0.0023325728 0.0021487612 0.58207816 0.0035314977 0.9996251 0.0040936386 0.6056399 0.00020205793 6.419462e-05 0.8710876 1.7521103e-05 3.2990683e-05 0.020825582 0.00019430442 0.6927937 0.1857808 0.000507048 0.005669163 0.57223487 0.9980119 0.55522484 0.00053961045 0.006128018 8.3816394e-07
0.6641693 4.101327e-14 0.5044472 0.8371397 0.21959877 0.09529423 0.21808259 0.43859708 0.8041705 0.26330245 0.07392941 0.7262389 0.13046421 0.16840683 0.45633212 0.7871505 0.34344378 0.17213267 0.0682314 0.10495863 0.011923006 0.008838474 0.026927408 0.04742385 0.058254655 0.182082 0.043801308 0.010006529 0.007135158 0.27927044 0.007689376 0.00051164604 0.00016726209 5.518907e-05 3.172356e-05 0.00022964172 0.007707132 2.7541948e-06 1.2156668e-05 0.00048079278 2.7649972e-05 0.00014616083 1.0521301e-05 7.3502447e-06 0.03753885 6.682611e-05 1.2474484e-05 0.0036625303 3.850884e-06 2.602276e-06 2.4345856e-05 3.6370982e-06 1.9839995e-06 2.0082622e-05 0.00018886318 1.0620565e-06 2.2044247e-07 5.753921e-06 3.667112e-07 3.9560186e-06 3.1019836e-06 0.0015756733 3.3283598e-07 1.1159764e-06 2.4027613e-05 5.507885e-07 0.00019112807 2.9978016e-06 1.5041935e-05 3.9345295e-07 2.5550517e-05 4.838437e-07 1.1261731e-05 4.881513e-05 2.7988977e-05 2.8309626e-06 0.0033580768 9.4516145e-05 1.7391667e-05 2.806649e-07 7.5600015e-05 0.070903346 8.482514e-06 7.4718736e-07 6.639823e-06 5.1484985e-06 1.4195611e-07 1.560049e-06 1.3572289e-05 1.0381735e-06 9.944496e-05 5.768082e-07 7.547415e-07 5.393627e-07 2.8529826e-07 1.4198616e-07 1.8160412e-07 1.13386974e-07 1.19023944e-07 3.3637047e-08 4.4970843e-06
0.9846393 0.5044472 9.957101e-16 0.7421575 0.0014578254 0.7517798 0.000654277 0.61787117 0.7367392 0.5383137 0.2559408 0.1746154 0.6656862 0.4205346 0.55692106 0.42066076 0.4015178 0.78942627 0.3858015 0.6507298 0.08720883 0.11780149 0.029070776 0.19313367 0.0116813425 0.54557294 0.18855686 0.24017808 0.111040406 0.4414319 0.00019652603 0.008741848 0.00092889095 0.0009126628 0.0003976109 0.0009492445 0.47207195 1.0945828e-05 9.480448e-05 0.0013534004 0.00011226297 0.00025885412 1.9817368e-05 3.836125e-05 0.013301309 7.104071e-05 3.09156e-05 0.06661138 8.266971e-06 1.8902238e-05 0.00057464064 1.0724264e-05 3.6334248e-07 0.00019846011 0.0029777866 6.5645695e-06 1.9122215e-08 4.9508326e-06 9.349463e-08 7.056104e-05 4.106428e-06 0.00024073913 7.812186e-08 1.4499767e-06 3.368641e-05 1.9667546e-06 0.017457148 4.1968215e-05 4.1689975e-05 7.1343504e-07 0.00028435528 4.0230125e-07 0.0001798517 0.00021047342 0.002012418 1.2597916e-06 0.04472387 0.0006485474 2.6471596e-05 3.0457013e-08 3.7941278e-05 0.05278536 9.029435e-06 8.585475e-08 2.9933066e-05 0.000224962 9.041714e-08 1.9905749e-05 0.0002929218 1.1430392e-06 0.0011204116 1.8032177e-08 9.186359e-08 4.132776e-07 2.6508502e-07 3.258281e-08 5.070847e-05 4.695297e-09 2.5098416e-07 6.60772e-08 2.6531041e-05
0.8362147 0.8371397 0.7421575 1.5880286e-16 0.0040342202 0.038099714 0.004316697 0.90039134 0.7467244 0.56910235 0.030513119 0.1596042 0.40529665 0.10627236 0.53712213 0.80717963 0.3478395 0.1563423 0.14911324 0.03882776 0.0005736881 0.0047472552 0.0014400079 0.08029333 0.009733951 0.050781924 0.04574059 0.0027858582 0.0034747678 0.079615444 0.0014456764 0.00012929623 9.6861995e-06 1.2355088e-06 3.4634627e-07 4.710473e-06 0.008134207 1.2717246e-07 1.1192003e-06 1.6576976e-05 5.5058587e-07 4.933709e-06 1.0933231e-06 9.4728335e-08 0.007782951 4.375927e-07 2.514283e-07 0.00049230334 3.871159e-07 1.1936747e-07 6.3411824e-07 4.7516703e-08 2.1460342e-07 2.9995347e-06 0.00016053194 2.3380188e-08 1.5506448e-08 1.58221e-07 3.7172363e-08 1.5090218e-06 3.45019e-07 0.00017258241 3.004201e-08 1.1100384e-08 1.1991422e-07 1.020007e-08 0.00013844657 2.1065563e-07 1.0022836e-06 1.5191683e-08 1.102308e-06 8.306925e-09 3.4055415e-07 1.3308996e-06 1.0075235e-05 5.026994e-08 0.0039421865 2.1277046e-06 1.0682326e-06 7.119524e-08 7.6850966e-07 0.0059061865 1.568257e-07 6.366763e-08 8.136813e-07 3.7834536e-07 3.6248984e-08 4.781844e-07 3.1350216e-06 4.8953844e-08 8.005261e-06 2.6022706e-08 2.0866675e-07 8.142794e-08 1.1971906e-07 5.1025943e-08 2.3924413e-06 3.0566888e-08 5.7736436e-08 7.771491e-09 3.8025348e-07
0.8119304 0.21959877 0.0014578254 0.0040342202 1.3414502e-14 0.00097060023 0.98073155 0.005504087 0.014675992 0.004000675 0.0019522236 0.75680965 0.0034427063 0.007390768 0.02246372 0.008538701 0.019953277 0.0058410554 0.0025647269 0.0030256074 0.0020246261 0.00038982317 0.008023157 0.002858875 0.12065943 0.023119478 0.0022466958 0.0065689697 0.0038948562 0.08782488 0.00719455 6.753212e-05 1.4506766e-06 1.3307048e-05 1.735529e-06 4.1694864e-05 0.0028993299 4.48563e-08 2.914344e-06 0.00024064319 3.4727782e-06 2.2661516e-05 3.1487794e-05 4.0855457e-06 0.62512213 2.0443631e-05 3.7916407e-06 0.020520967 2.9540013e-07 2.7103513e-07 3.220096e-05 1.7525639e-06 2.3182484e-07 1.5119027e-06 0.0018552871 5.088997e-06 2.3954945e-09 1.2864012e-05 4.675193e-08 1.4724777e-06 4.1877236e-08 0.0025972095 5.822924e-06 1.7981089e-06 7.623063e-06 4.7255253e-07 0.00088482565 1.5621146e-05 2.5731126e-07 4.1025544e-07 6.1163984e-05 9.041357e-07 2.325354e-05 4.8475173e-05 0.0004764265 1.195167e-05 0.0020154726 6.3783256e-05 7.3226706e-06 2.1808484e-07 1.3594453e-05 0.23636039 9.012015e-06 4.185152e-08 6.712359e-06 3.6935323e-06 1.4253202e-08 2.516158e-06 8.395781e-06 6.017264e-06 0.00032108885 1.5924445e-09 2.7827168e-08 9.4519336e-08 1.4266674e-07 1.3493238e-09 8.687337e-09 1.3233588e-10 1.0455869e-08 2.6479988e-08 9.3105584e-05
0.96902806 0.09529423 0.7517798 0.038099714 0.00097060023 1.7801078e-18 0.0005126072 0.028443187 0.29800987 0.037864152 0.88070077 0.00046119207 0.093840994 0.65817034 0.0138401715 0.19835626 0.012597803 0.75697017 0.01917343 0.7227176 0.16682054 0.6809 0.039042987 0.007795104 0.0004272892 0.54186153 0.009159182 0.05400565 0.09424482 0.31353652 6.459287e-05 0.13378222 0.033586573 0.006420276 0.015616456 0.0520272 0.0052192598 0.0032435162 0.003993897 0.01641952 0.0010904939 0.0041216356 0.009542384 0.0006913581 0.010034291 0.001137317 0.0005813802 0.04381217 9.0794354e-05 0.0012076654 0.0027160516 7.0041846e-05 0.00031973727 0.0028054505 8.8178e-05 9.525517e-05 3.1350125e-06 1.26505465e-05 4.464311e-05 0.0010037109 0.00081582635 1.6501503e-05 1.5569984e-05 6.267613e-06 7.267734e-05 4.460671e-06 0.0020319223 9.995984e-05 0.0017166876 1.2614374e-06 0.00017326119 3.2032572e-06 0.00011581576 0.0001089577 0.00019240532 6.074611e-06 0.020888545 4.3127133e-05 9.463503e-05 7.03356e-06 0.00013144675 0.015846647 1.9301098e-05 7.768993e-07 4.13685e-05 0.00017729419 8.044099e-06 2.7272046e-05 0.000120860335 1.7807852e-05 5.2251162e-05 2.3759928e-06 6.8604786e-06 1.3819897e-06 9.35734e-06 2.6416908e-06 0.00022881452 8.5278276e-07 4.1474405e-07 1.9053533e-06 2.7431474e-07
0.6761606 0.21808259 0.000654277 0.004316697 0.98073155 0.0005126072 1.51233e-13 0.004777612 0.011864334 0.001803451 0.0017876459 0.8652116 0.00082208886 0.0035701504 0.0069665364 0.0063479682 0.004594857 0.003954252 0.00045982073 0.0034498284 0.00084795634 0.000640562 0.0019775946 0.0007773526 0.11960334 0.03874737 0.00058149 0.000379903 0.0009056648 0.11571911 0.010779322 7.939817e-05 9.663456e-06 5.0232657e-06 2.8862314e-06 1.8917368e-05 0.000109484135 7.459091e-08 5.4180146e-06 2.3117447e-05 9.1184313e-07 1.3204922e-06 8.1936305e-06 3.4887817e-06 0.89502186 4.2459234e-07 7.5408616e-07 0.0027703673 5.0851713e-07 2.3107395e-07 1.2193557e-05 5.470459e-06 2.5867234e-07 1.974648e-06 4.9698192e-05 1.0708662e-06 2.6111653e-08 4.7602657e-06 6.7552506e-08 9.5252443e-07 3.659431e-08 0.0005358375 3.3110834e-07 1.3663092e-07 9.616979e-07 2.0323147e-07 0.00021540238 3.146546e-07 3.4463852e-07 4.3425082e-08 4.651662e-06 5.2288417e-08 5.385881e-07 1.8973277e-06 8.522104e-05 4.7101557e-07 0.0013430513 1.7751643e-05 4.3995732e-07 2.523107e-08 4.8293873e-07 0.3225679 2.8180236e-07 8.820963e-09 1.3806309e-07 6.295154e-07 3.261861e-09 9.657786e-07 2.557413e-06 1.5876681e-07 0.00014108662 1.5305941e-10 3.687019e-09 1.8595e-08 2.039368e-09 3.057646e-11 2.9331843e-10 1.1423866e-11 2.483965e-09 1.5469868e-09 0.00012846205
0.62280977 0.43859708 0.61787117 0.90039134 0.005504087 0.028443187 0.004777612 3.829717e-18 0.46926335 0.9240419 0.03243932 0.052407764 0.8273061 0.19804649 0.73000157 0.47252822 0.5969743 0.112817675 0.496245 0.015957931 0.0011549303 0.0039212746 0.0055480916 0.2696769 0.0029792946 0.011486489 0.17538697 0.0019181493 0.0022007492 0.012558429 0.0011110787 0.00016062857 1.3055578e-05 1.8623131e-06 9.918052e-07 3.3453627e-05 0.018683763 7.6693414e-07 1.4954883e-05 1.5456038e-05 1.4178794e-07 2.1200362e-06 4.724717e-06 2.5755824e-07 0.0035040334 5.3777774e-07 8.371666e-08 0.0018868162 2.6061502e-06 1.3305969e-07 2.7683334e-06 3.4539988e-07 3.6176684e-07 8.485205e-07 5.7305682e-05 6.3552484e-08 1.7859696e-08 5.169509e-07 4.666017e-08 4.2926968e-07 6.4018906e-07 5.019145e-05 1.0447216e-08 1.9700979e-08 4.412806e-07 2.6253483e-08 8.201116e-05 2.1023527e-06 8.377612e-07 9.71063e-09 1.1232813e-05 8.057707e-09 2.7736053e-06 1.1266533e-05 3.0591287e-05 2.644785e-07 0.0017353784 1.3735509e-05 6.040608e-06 1.825563e-08 1.1887524e-05 0.0015176256 4.69286e-06 1.3717398e-08 8.7718245e-06 1.999354e-06 1.3160955e-08 4.2082256e-06 1.9973751e-05 3.7941308e-07 2.9517753e-06 7.3493718e-09 1.3692834e-07 6.785302e-07 1.7314265e-07 4.2833928e-09 8.5802816e-07 4.42088e-09 2.510531e-07 3.758838e-08 1.5091635e-07
0.98595816 0.8041705 0.7367392 0.7467244 0.014675992 0.29800987 0.011864334 0.46926335 1.3220845e-14 0.27086785 0.09872323 0.28565204 0.34906626 0.14186625 0.52926666 0.812766 0.3140355 0.5070875 0.12965123 0.18722765 0.012530894 0.009545994 0.010717241 0.05805462 0.012916751 0.34828407 0.02015171 0.03053025 0.024864344 0.45360222 0.00029464543 0.0012264209 0.0003156222 0.0002026641 0.00037502142 0.00026093982 0.033757146 1.2401747e-05 5.8334932e-05 8.909761e-05 3.129384e-05 9.979802e-05 1.7285494e-05 1.3443224e-05 0.01853194 1.0389715e-05 7.2362964e-06 0.0013296215 8.056429e-06 8.5222955e-06 2.2847422e-05 1.757716e-06 6.1255633e-07 0.0001724745 0.0021891294 5.3924856e-07 1.0756918e-07 2.9367643e-06 1.0605632e-07 2.9485835e-05 3.7858163e-06 0.0007635593 5.4695462e-08 1.224393e-07 1.7585273e-06 2.6431206e-07 0.0033865857 1.3651571e-06 2.1095238e-05 3.4046277e-08 2.2203078e-05 1.4075922e-08 1.7900153e-05 2.2547738e-05 0.0007221647 2.2278161e-07 0.027958026 0.00013321759 3.0940214e-06 3.024894e-08 2.0110285e-06 0.08475174 1.1720676e-06 1.8287448e-08 1.5551456e-06 9.482465e-05 9.164519e-08 2.131842e-06 9.484745e-05 8.4222606e-08 0.0020736037 1.2261978e-08 2.649267e-08 1.9117474e-08 2.0674703e-08 9.187424e-09 2.6475068e-06 1.2445862e-08 1.8042567e-08 1.19296395e-08 5.0718434e-05
0.48491958 0.26330245 0.5383137 0.56910235 0.004000675 0.037864152 0.001803451 0.9240419 0.27086785 6.902708e-18 0.0588731 0.02108338 0.9199118 0.3469663 0.65925074 0.27830398 0.56790036 0.11374346 0.63080615 0.019073524 0.003093576 0.00929975 0.010589997 0.3398857 0.0018155451 0.007395615 0.24940625 0.009931716 0.008766071 0.00784491 0.0011123403 0.00025160573 4.042639e-05 1.8959234e-05 9.559266e-06 0.000117642725 0.035639565 2.3761763e-06 6.6602035e-05 0.000107671876 9.3014165e-07 7.7717095e-06 4.4577897e-05 1.8214834e-06 0.0019396278 3.668093e-06 1.0262977e-06 0.0047218865 9.521073e-06 9.2161645e-07 1.5773e-05 1.7550593e-06 9.867747e-07 8.158279e-06 0.00017042932 2.9432007e-07 3.7193566e-08 1.165796e-06 2.6889822e-07 1.7945936e-06 4.3782416e-06 2.8232422e-05 1.5879708e-07 1.3720256e-07 1.1912939e-06 1.2291747e-07 0.0006681257 5.7583343e-06 6.0823845e-06 2.8178235e-08 2.344728e-05 2.287957e-08 7.911634e-06 2.4533387e-05 7.5232565e-05 3.5123688e-07 0.0013616908 1.3271511e-05 1.1665527e-05 6.224867e-08 5.2719563e-05 0.0014005697 9.6730355e-06 1.0108312e-07 1.7957416e-05 1.4681428e-05 6.981953e-08 1.0743529e-05 3.992821e-05 8.524542e-07 1.22087185e-05 2.9584884e-08 5.40644e-07 5.558318e-06 3.778445e-07 1.1446153e-08 2.0707005e-06 2.05297e-08 2.340712e-06 1.4618836e-07 1.3272093e-07
0.5113948 0.07392941 0.2559408 0.030513119 0.0019522236 0.88070077 0.0017876459 0.03243932 0.09872323 0.0588731 5.1811372e-20 0.00015227629 0.085978724 0.95375514 0.018823449 0.04919592 0.010463187 0.30848193 0.02824234 0.31410724 0.180963 0.41441333 0.15291405 0.020899076 0.00013014452 0.24273269 0.03749191 0.0663634 0.19263357 0.09490894 1.4138705e-05 0.08456681 0.03845526 0.021516897 0.06562115 0.07598002 0.0036543922 0.008991155 0.029261239 0.063838616 0.004712371 0.026825847 0.068345346 0.013883943 0.0035404675 0.004180582 0.005906567 0.106422536 0.0012280595 0.0029896065 0.0117623275 0.0028628954 0.0015748667 0.004200273 9.4883544e-05 0.0021117188 1.6547485e-05 0.00024188058 7.522309e-05 0.0017435435 0.0011879597 5.15865e-05 0.00013208298 8.162742e-05 0.00085904397 4.4609496e-05 0.0064463546 7.2687595e-05 0.0021594807 4.57084e-06 0.00037892294 6.854286e-06 3.462224e-05 9.0372094e-05 0.00082386105 2.0822545e-05 0.010671748 0.0006421143 9.8803284e-05 2.2016264e-05 6.7101995e-05 0.0072659324 1.9880858e-05 8.552461e-06 2.7873213e-05 0.0006755419 5.4896705e-06 8.734039e-05 0.000105286344 1.1443453e-05 4.1256095e-05 1.4957994e-05 7.551869e-06 2.5268325e-06 6.918956e-06 2.086376e-06 0.00028579374 1.5272028e-06 6.975141e-07 2.693042e-07 6.0795105e-07
0.8964115 0.7262389 0.1746154 0.1596042 0.75680965 0.00046119207 0.8652116 0.052407764 0.28565204 0.02108338 0.00015227629 6.589664e-14 0.027740126 0.0010003166 0.3095515 0.46441132 0.2966723 0.055941567 0.011666135 0.0032647809 0.00013811821 0.000327393 0.00013442629 0.022429403 0.6431077 0.003042382 0.0030224582 0.00044210788 7.9812824e-05 0.10583029 0.14145029 6.100062e-06 2.2558675e-06 4.890189e-07 1.6405643e-07 3.101327e-06 0.00018535196 1.8790622e-07 1.665829e-07 6.967342e-07 8.848078e-08 7.404026e-07 2.4544548e-07 9.138145e-08 0.35123718 5.744172e-08 1.7433162e-07 0.00024186884 6.267995e-08 2.4094994e-08 2.0891804e-07 1.9451625e-07 3.8776825e-08 3.6062274e-06 3.4546254e-05 5.717665e-08 1.6042923e-08 6.7316006e-07 1.15921e-07 1.0915962e-07 1.7827203e-07 0.0010754344 2.3041595e-09 2.5254325e-08 1.9491233e-07 2.203776e-08 4.1105366e-05 5.765179e-07 1.4028328e-07 7.2554687e-09 2.566394e-06 6.528119e-09 2.612128e-07 1.811168e-06 1.9534127e-05 4.3143913e-07 0.0075414265 3.1012971e-06 4.619115e-07 3.4048984e-09 3.865668e-06 0.077109344 3.8569774e-06 8.845374e-09 1.12784974e-07 3.3209818e-07 1.967896e-09 4.7754554e-07 4.5336997e-06 2.017918e-06 0.00021047381 6.314439e-10 2.0759887e-07 5.3521664e-08 1.2386303e-08 1.8695945e-10 6.324531e-09 3.5817818e-10 8.876963e-09 2.2777117e-08 9.799093e-05
0.9088919 0.13046421 0.6656862 0.40529665 0.0034427063 0.093840994 0.00082208886 0.8273061 0.34906626 0.9199118 0.085978724 0.027740126 3.1582801e-16 0.62398165 0.75671804 0.30299574 0.7140204 0.15798953 0.83299714 0.037451643 0.007072617 0.042284787 0.008069618 0.55771613 0.0033018887 0.014531526 0.59093213 0.13684694 0.07773454 0.019751577 0.0014029103 0.0013562909 0.0002647787 0.00014609478 0.00010009549 0.00017360503 0.6522086 1.2254912e-05 0.00024238168 0.00029021103 2.010744e-05 0.00015080508 0.00031333987 6.4848855e-06 0.005372505 3.9964096e-05 1.6649601e-05 0.08382161 4.7345344e-05 1.298809e-06 0.0007942676 2.8201883e-05 8.8627525e-07 0.000121229736 0.052008126 2.2951679e-05 1.9103503e-07 5.283958e-06 3.5006877e-07 7.082866e-06 2.1244323e-06 5.948679e-05 1.6976504e-06 9.747048e-07 3.4266035e-05 2.0246878e-06 0.103162654 6.0410315e-05 3.883782e-06 4.1309323e-07 0.00013035555 8.536119e-07 7.3282645e-05 0.00023463083 0.026445411 8.6173195e-06 0.0039433013 0.0022483557 7.600223e-05 3.1809236e-07 0.00022644355 0.004417206 8.319412e-05 4.056499e-07 7.2446615e-05 0.00078799075 2.2915722e-07 0.00019098668 0.0009413119 7.583733e-06 0.00069696584 5.416785e-08 4.4578683e-06 1.2005716e-05 3.6474214e-06 1.254712e-07 7.167611e-05 6.103395e-08 6.3797033e-06 1.016899e-06 1.6064619e-06
0.70365435 0.16840683 0.4205346 0.10627236 0.007390768 0.65817034 0.0035701504 0.19804649 0.14186625 0.3469663 0.95375514 0.0010003166 0.62398165 2.2130318e-18 0.10796635 0.08652624 0.08854998 0.3081608 0.32835656 0.12390617 0.1147076 0.27767193 0.2116869 0.1387672 0.00033579775 0.053313702 0.26543978 0.5841244 0.5362528 0.034892693 0.00025349326 0.027448915 0.015246564 0.014749825 0.018931236 0.022585398 0.3036717 0.0017868645 0.007422876 0.04550241 0.0031366905 0.017292751 0.007698989 0.003489765 0.004441525 0.0035597975 0.0024287396 0.25152528 0.0001730678 0.00044254027 0.020734236 0.00091099716 0.0003804153 0.0012370533 0.004772685 0.0009070198 8.959833e-06 0.00011273836 5.6638535e-05 0.0005770611 0.0005734275 8.49173e-05 7.8652745e-05 4.7754234e-05 0.0005804622 8.549897e-05 0.07534804 0.00033684738 0.0005068817 8.02085e-06 0.0025982156 8.2844535e-06 0.00071726466 0.0012609011 0.024201926 3.081055e-05 0.010519848 0.006902243 0.00030750068 1.5730999e-05 0.00027482706 0.0027687983 8.336115e-05 8.395436e-06 0.0002254018 0.005705538 1.0846612e-05 0.0019138774 0.0017716085 5.7507696e-05 0.0004449344 1.1214338e-05 5.2379433e-05 1.1849887e-05 6.5832774e-06 7.884059e-06 0.0003540339 3.6843992e-06 2.8198504e-06 2.790775e-06 5.611425e-06
0.24280554 0.45633212 0.55692106 0.53712213 0.02246372 0.0138401715 0.0069665364 0.73000157 0.52926666 0.65925074 0.018823449 0.3095515 0.75671804 0.10796635 2.0677841e-17 0.49266824 0.9676256 0.09843924 0.55881 0.008017024 0.001094775 0.0030424504 0.0028720112 0.38414568 0.018352183 0.005412203 0.15824403 0.00070750416 0.00061669457 0.009560575 0.012120015 0.00011370127 2.1681073e-05 1.0777902e-06 2.8711509e-06 3.292471e-05 0.0056507406 4.322991e-07 1.1189704e-05 4.5370434e-06 8.066646e-08 1.3041224e-06 1.40861e-06 4.7167185e-07 0.0041460865 1.598447e-07 2.718267e-07 0.00088476454 6.5939935e-07 4.4277832e-07 3.2563087e-06 3.3916598e-07 2.4974688e-07 1.0444294e-05 3.146219e-05 3.5349554e-08 1.6039465e-08 1.9320322e-07 2.8333733e-07 1.0311452e-06 6.820551e-07 0.00018246964 7.2820456e-09 2.6224654e-08 1.2493766e-06 4.893228e-08 2.7876988e-05 5.975436e-07 3.0431984e-06 1.0099828e-08 1.3291987e-06 1.3460574e-08 6.2583047e-07 2.1752742e-06 2.1896753e-06 8.69228e-08 0.00092994876 4.1601265e-06 8.393106e-06 2.8750117e-08 1.0519025e-05 0.0028159982 1.756074e-06 1.7081707e-08 3.284002e-06 2.4433507e-06 2.2265871e-08 1.4512743e-06 1.0084395e-05 7.361651e-08 1.6876656e-05 5.114118e-09 5.7465176e-08 9.48715e-07 2.0549594e-07 2.7766711e-09 1.906052e-07 2.6474825e-09 1.6263077e-07 1.503037e-08 4.2506758e-07
0.9976043 0.7871505 0.42066076 0.80717963 0.008538701 0.19835626 0.0063479682 0.47252822 0.812766 0.27830398 0.04919592 0.46441132 0.30299574 0.08652624 0.49266824 8.2025925e-15 0.29985958 0.07326969 0.09510745 0.019413479 0.006141427 0.002614936 0.0041124267 0.029255262 0.017556211 0.11384905 0.007928282 0.011726189 0.013419076 0.30890867 0.00021971745 0.00020039985 6.509451e-05 0.00019622396 0.0002771353 6.565625e-05 0.028338121 5.8945407e-06 7.0822345e-05 0.000114394985 3.636105e-05 9.55505e-05 3.7204284e-06 1.5214035e-05 0.021153716 2.765543e-05 6.9645425e-06 0.0012888106 2.178407e-06 1.3360346e-06 7.5490934e-05 2.7988879e-06 1.1174805e-07 1.3526843e-05 0.006666291 7.646431e-07 2.74165e-08 1.5309315e-06 5.3426604e-08 1.4398239e-06 4.93366e-07 0.0021546178 2.9170131e-08 1.842333e-07 3.7438479e-06 3.5142452e-07 0.0035977329 2.3850375e-06 1.4357665e-06 7.529762e-08 7.398542e-05 5.209033e-08 4.2451546e-05 8.437387e-05 0.00085226697 1.0305145e-07 0.01798538 0.0005674756 3.3257152e-06 5.431659e-09 2.2366712e-06 0.0641774 1.2754795e-06 3.3755803e-09 3.391901e-06 0.00025053424 8.939797e-09 8.225551e-06 0.0002885934 1.3603051e-07 0.0019247738 6.0594746e-10 1.055912e-08 1.6825342e-07 5.000867e-08 1.2379376e-09 1.604977e-07 1.3023109e-09 7.6439925e-08 9.043624e-09 0.00021479478
0.27319157 0.34344378 0.4015178 0.3478395 0.019953277 0.012597803 0.004594857 0.5969743 0.3140355 0.56790036 0.010463187 0.2966723 0.7140204 0.08854998 0.9676256 0.29985958 1.1026589e-16 0.061465222 0.6993123 0.00513651 0.0011064319 0.0008887154 0.0024226797 0.5996304 0.023307273 0.004748858 0.4362399 0.0011352057 0.00091113395 0.006249908 0.03260099 2.9491039e-05 1.6624415e-06 2.4409275e-07 2.9929095e-07 1.5740003e-05 0.13262834 1.27744e-07 1.2557175e-05 2.8490792e-06 3.364e-08 1.5602707e-06 2.1903028e-05 3.700183e-07 0.0049080485 9.9834416e-08 4.1233355e-07 0.0019729175 1.2744266e-06 5.4308124e-08 1.3514624e-06 2.7571633e-07 9.094692e-08 1.3345385e-06 0.0024131357 8.7962846e-08 2.9433687e-09 2.624954e-07 2.7159231e-08 4.269393e-07 6.653946e-08 0.00058122934 1.02906675e-07 3.8911814e-08 1.0248218e-06 6.018211e-08 0.0009961188 4.129439e-07 3.1325695e-07 4.1822457e-09 2.993151e-06 8.97881e-09 2.5640173e-07 1.9859076e-06 8.0723614e-05 1.5377746e-07 0.0019043407 3.0202475e-06 2.6578764e-06 3.165796e-08 1.3256131e-05 0.0026410033 4.8497163e-06 7.795154e-09 5.261567e-06 3.5292935e-06 9.935282e-09 3.9745905e-06 2.163782e-05 5.9062568e-08 0.00012600368 1.1639534e-09 3.7629693e-08 5.277016e-07 6.862324e-08 9.7117e-10 2.2644535e-07 7.7997303e-10 1.2706164e-07 3.3188083e-08 1.7323854e-06
0.99759674 0.17213267 0.78942627 0.1563423 0.0058410554 0.75697017 0.003954252 0.112817675 0.5070875 0.11374346 0.30848193 0.055941567 0.15798953 0.3081608 0.09843924 0.07326969 0.061465222 8.042064e-16 0.04383605 0.75111073 0.34587544 0.42848372 0.20831707 0.006397363 0.0009503147 0.65455633 0.00540568 0.17064133 0.10521389 0.6109853 4.8518927e-05 0.028518075 0.0074724127 0.011159518 0.009119433 0.007926418 0.03053419 0.001539636 0.0037655656 0.0022102266 0.0033901548 0.0023162677 0.0011612355 0.0019145911 0.012954302 0.0013354202 0.00093797524 0.009183037 0.00068581174 0.00043375255 0.00064891396 8.863901e-05 0.00010923279 0.0012851892 0.0017945827 2.3561955e-05 3.4934277e-05 9.5668314e-05 5.3128846e-05 0.0009263034 0.00026294377 0.00018177228 1.6390191e-05 1.4193392e-05 0.0001571715 6.7435525e-05 0.00746434 7.150065e-05 0.0005946886 2.9671277e-05 0.00031108118 1.3533191e-05 0.0010927604 0.0007207645 0.0024777015 1.38482565e-05 0.14747795 0.0018646199 0.00012803776 4.7184985e-06 0.00017244996 0.23485571 2.6939284e-05 1.5254132e-05 4.3101147e-05 0.0005628238 5.8475257e-06 0.00011126659 0.00078300806 2.4640709e-05 0.002169792 1.9121906e-06 1.7165171e-06 1.0021455e-05 1.2856971e-05 8.203017e-07 0.00018189731 2.5795597e-07 7.805104e-06 6.952719e-07 2.0863015e-05
0.252193 0.0682314 0.3858015 0.14911324 0.0025647269 0.01917343 0.00045982073 0.496245 0.12965123 0.63080615 0.02824234 0.011666135 0.83299714 0.32835656 0.55881 0.09510745 0.6993123 0.04383605 7.001754e-20 0.009531466 0.00395872 0.0117742065 0.01266129 0.88167757 0.0018375377 0.0060570748 0.8139435 0.084261596 0.045029704 0.00407611 0.0030713447 0.0005092342 6.804277e-05 7.061853e-05 5.52264e-05 7.998999e-05 0.6148379 1.6784147e-06 4.2923904e-05 0.00014701359 4.5274305e-06 6.878715e-05 7.616817e-05 4.1608764e-06 0.0028211174 5.0434455e-06 2.6155942e-06 0.039411396 2.51653e-06 9.3057724e-07 0.0001312859 3.2177732e-06 4.838668e-07 9.0381145e-05 0.051029623 2.0111572e-06 9.906065e-09 7.8538733e-07 9.711969e-08 5.46441e-06 3.4683214e-07 0.00014790968 5.872919e-07 2.3470052e-07 7.1133545e-06 5.4059706e-07 0.10514653 4.338291e-06 1.1215927e-06 1.3039491e-07 2.1200818e-05 2.2375662e-07 1.465863e-06 7.790752e-06 0.02522907 7.9493174e-07 0.0010576937 0.00033428613 6.7281894e-06 1.5547e-07 4.347247e-05 0.0007871541 7.4531604e-06 1.17879736e-07 2.1196249e-05 0.0007626067 8.0790876e-08 0.00013627144 0.0012079696 7.2474256e-07 0.0020240971 1.0449748e-08 4.0691145e-07 1.1564049e-06 2.6622206e-07 1.1815351e-08 7.393072e-06 6.8907555e-09 1.871765e-07 3.56245e-08 6.648821e-06
0.9919127 0.10495863 0.6507298 0.03882776 0.0030256074 0.7227176 0.0034498284 0.015957931 0.18722765 0.019073524 0.31410724 0.0032647809 0.037451643 0.12390617 0.008017024 0.019413479 0.00513651 0.75111073 0.009531466 1.1129993e-17 0.48662522 0.7615373 0.29217848 0.0019207343 0.00018600147 0.78773826 0.0019575332 0.05769064 0.08726132 0.3107219 2.1668815e-05 0.3675749 0.25144404 0.030178405 0.13868381 0.11669237 0.0025264109 0.012976224 0.04507509 0.007840452 0.003926804 0.004414791 0.021455517 0.011218474 0.005792207 0.0009242162 0.0021536255 0.016381366 0.0039436887 0.0030392613 0.00073376205 0.00080402155 0.00088478095 0.0060686795 0.00019661976 0.00032112253 0.00016666371 0.00030178207 0.0002608065 0.0047880444 0.0014692683 0.00015045142 0.00012485297 7.9677695e-05 0.00051107374 0.000186539 0.001679242 0.00031393062 0.0028397767 5.113821e-05 0.00097233185 4.7299938e-05 0.0005511104 0.0006309697 0.0010883037 3.389662e-05 0.27186972 0.0011144709 0.00039240113 3.876254e-05 0.00039931427 0.18570356 0.00020089126 3.5634574e-05 0.000235535 0.0010983231 0.00034437687 0.00050106255 0.0015691114 0.00027661116 0.0007733755 0.0002361175 1.0845928e-05 6.4658874e-05 3.00432e-05 0.00011545558 0.00388991 4.924919e-06 2.5275423e-05 4.273228e-06 8.3811165e-06
0.89982444 0.011923006 0.08720883 0.0005736881 0.0020246261 0.16682054 0.00084795634 0.0011549303 0.012530894 0.003093576 0.180963 0.00013811821 0.007072617 0.1147076 0.001094775 0.006141427 0.0011064319 0.34587544 0.00395872 0.48662522 5.5629426e-19 0.7746236 0.9690738 0.0011201838 6.829351e-05 0.30390677 0.0037725857 0.04893291 0.11233827 0.10772295 1.7265114e-05 0.29504558 0.07765625 0.10582219 0.13776605 0.1256622 0.0009863336 0.008700023 0.047302235 0.11687388 0.012375673 0.05577963 0.07513584 0.017290276 0.0036392184 0.009299462 0.010821733 0.079804905 0.003174649 0.0041893176 0.02839548 0.0064182165 0.0012284623 0.009669034 5.4792413e-06 0.013397892 0.00010941179 0.0016697744 0.00028083884 0.0032072924 0.001590414 7.5418075e-06 0.00045671212 0.0017794704 0.0029038156 0.0011242465 0.0041857697 0.0017758493 0.0033236737 2.5629857e-05 0.0016370736 7.546257e-05 0.0012111538 0.0006427916 0.00028754838 0.00021951091 0.012169046 0.0012259403 0.00016679791 0.00011020516 0.0001308741 0.0052023344 0.00010162485 2.0712062e-06 0.00022830404 0.00043483253 4.702791e-05 6.7784735e-05 6.6470486e-05 2.5689542e-05 1.2315427e-05 1.4703497e-05 1.2628242e-06 2.0523175e-05 2.7581049e-05 7.134953e-06 0.0015136513 7.587809e-07 5.0550793e-06 9.762872e-07 5.1994965e-07
0.99811137 0.008838474 0.11780149 0.0047472552 0.00038982317 0.6809 0.000640562 0.0039212746 0.009545994 0.00929975 0.41441333 0.000327393 0.042284787 0.27767193 0.0030424504 0.002614936 0.0008887154 0.42848372 0.0117742065 0.7615373 0.7746236 8.732367e-18 0.5465582 0.002198973 0.00025325644 0.5002825 0.003002659 0.23349136 0.2771493 0.18451531 1.7144566e-05 0.651174 0.39356697 0.48171484 0.5691244 0.29193547 0.019221159 0.05948248 0.14905548 0.10910757 0.13635175 0.07982365 0.05245711 0.120886475 0.003520869 0.04894812 0.047241066 0.23557068 0.026640287 0.011756266 0.12948976 0.019473264 0.001202522 0.015696734 0.00020493886 0.017487517 0.0006410475 0.0033133298 0.0003047131 0.009627849 0.0016216546 5.8345995e-05 0.00036701068 0.0057434556 0.012056378 0.0047900877 0.008015931 0.01168092 0.003386544 0.0012048552 0.0062570754 0.0017112878 0.011838617 0.007072344 0.00195983 0.0021558232 0.43566397 0.010714768 0.0017062653 0.00029126633 0.0022436918 0.18667226 0.0011622227 0.00011073719 0.0021402636 0.0010210096 0.00010711073 0.0005665353 0.0003644308 0.00049840583 0.000611397 2.2278164e-05 1.11968975e-05 0.000120055614 0.00012461541 1.9802237e-05 0.00288214 8.605731e-06 6.180782e-05 4.8138503e-05 7.373694e-06
0.5837479 0.026927408 0.029070776 0.0014400079 0.008023157 0.039042987 0.0019775946 0.0055480916 0.010717241 0.010589997 0.15291405 0.00013442629 0.008069618 0.2116869 0.0028720112 0.0041124267 0.0024226797 0.20831707 0.01266129 0.29217848 0.9690738 0.5465582 3.482886e-20 0.0016890503 4.336994e-05 0.31867093 0.005633385 0.10538668 0.14884241 0.12617818 3.3276207e-05 0.25566423 0.13664523 0.5515884 0.4911365 0.20936939 0.0016221751 0.026756039 0.29119062 0.3745959 0.052256055 0.30364007 0.3937366 0.062207285 0.0014150346 0.029814187 0.039549775 0.07600939 0.040531877 0.017425912 0.060830858 0.082570076 0.0044228463 0.02792776 3.8990347e-06 0.045810547 0.0015880413 0.031223994 0.0027031095 0.016694162 0.004402316 6.0551396e-05 0.010346383 0.017586928 0.012996282 0.01146959 0.0031503297 0.007205646 0.0077891955 0.00062056654 0.0118647935 0.0016375671 0.0062924866 0.006113856 0.0002840734 0.0023938243 0.014589179 0.0044426094 0.001326425 0.0015816172 0.0012936444 0.007773315 0.00033223964 0.00012850948 0.0048462744 0.0010851765 0.00057288306 0.00016111216 3.85805e-05 7.7517645e-05 7.14762e-06 0.0003743125 1.7927317e-05 5.36294e-05 0.00013952192 0.00020355999 0.0053285486 4.1166877e-05 8.676438e-06 4.388894e-06 1.3405374e-06
0.03300339 0.04742385 0.19313367 0.08029333 0.002858875 0.007795104 0.0007773526 0.2696769 0.05805462 0.3398857 0.020899076 0.022429403 0.55771613 0.1387672 0.38414568 0.029255262 0.5996304 0.006397363 0.88167757 0.0019207343 0.0011201838 0.002198973 0.0016890503 2.3324305e-18 0.009390444 0.000598144 0.80737925 0.02618985 0.019879177 0.0010431309 0.04581243 3.93828e-05 1.560572e-05 1.0660512e-05 6.1747405e-06 2.9899882e-05 0.32382536 9.962238e-07 4.182258e-05 4.5385386e-05 2.1447217e-06 1.4778102e-05 2.2944852e-05 5.085557e-06 0.0015136305 4.4058274e-06 2.9822725e-06 0.01303381 5.4538573e-06 1.5626666e-06 7.150161e-05 9.487753e-06 1.6628981e-06 1.6009995e-05 0.035826217 1.125808e-05 5.683329e-08 1.7025842e-06 6.981823e-07 1.1683848e-06 1.2463443e-06 0.0014873866 1.2014897e-06 1.2880665e-06 1.2392526e-05 1.1112948e-06 0.009214425 2.4267621e-05 3.1425564e-06 2.604586e-07 1.6831249e-05 3.003297e-07 8.0292e-06 2.6290076e-05 0.0024683718 6.5496056e-06 0.00028975858 6.0936745e-05 3.1369673e-05 5.8044275e-08 0.00022909377 0.00011583939 4.7310405e-05 3.4967772e-07 1.7970557e-05 0.0002809211 5.8033095e-08 5.9670823e-05 0.00032814697 2.5324389e-06 0.005732271 2.0596534e-08 6.4509635e-07 1.3698489e-05 1.0277913e-06 6.3545302e-09 1.2548185e-07 1.5578218e-08 1.0681216e-06 2.73818e-08 5.5522127e-05
0.05026425 0.058254655 0.0116813425 0.009733951 0.12065943 0.0004272892 0.11960334 0.0029792946 0.012916751 0.0018155451 0.00013014452 0.6431077 0.0033018887 0.00033579775 0.018352183 0.017556211 0.023307273 0.0009503147 0.0018375377 0.00018600147 6.829351e-05 0.00025325644 4.336994e-05 0.009390444 9.810853e-15 0.0011219314 0.0028271978 0.0001693175 0.00018659256 0.0038681356 0.8294425 2.9132587e-05 2.3039786e-06 1.7930873e-07 8.246054e-07 2.5875588e-06 0.0011383354 2.7132929e-08 4.0232732e-07 1.1896454e-06 7.009052e-08 7.661512e-07 1.1820148e-05 6.23342e-08 0.11572446 4.248359e-08 6.2439874e-08 0.00012141647 8.297792e-08 2.0342362e-07 2.043445e-07 9.587422e-08 4.168162e-07 6.289102e-06 0.00012081377 2.434375e-08 7.1230915e-09 3.7365552e-07 3.432777e-08 1.1428855e-06 7.6475106e-07 0.0026829476 2.6326455e-07 9.3454865e-08 2.4504297e-07 9.3934524e-08 2.0625086e-05 1.3082925e-07 7.727959e-07 1.3186006e-08 4.4769317e-07 2.1340062e-08 4.8987193e-08 1.4039168e-07 1.1933561e-05 1.1435184e-07 0.0005794799 5.00928e-07 1.3235689e-07 6.201118e-08 3.938445e-07 0.0022765636 1.7124025e-07 1.3167131e-08 3.276885e-08 4.3520836e-07 1.1463128e-08 5.4354376e-07 2.108338e-06 4.2991754e-08 0.00028635495 1.963764e-09 1.4444946e-08 1.2738481e-08 2.6080333e-09 2.3641793e-09 2.5380794e-08 1.8922426e-10 1.2563656e-09 4.0657047e-09 0.0011993661
0.9977463 0.182082 0.54557294 0.050781924 0.023119478 0.54186153 0.03874737 0.011486489 0.34828407 0.007395615 0.24273269 0.003042382 0.014531526 0.053313702 0.005412203 0.11384905 0.004748858 0.65455633 0.0060570748 0.78773826 0.30390677 0.5002825 0.31867093 0.000598144 0.0011219314 3.1338516e-20 0.00093418884 0.034496132 0.02088167 0.67378414 0.00013389622 0.29109368 0.29020876 0.0065799956 0.019260008 0.15067779 0.0019107005 0.007531929 0.0071917097 0.0007408021 0.0012917422 0.00030434688 0.008475902 0.0035417879 0.0277647 0.00017817185 4.1901665e-05 0.0064372867 0.0014895983 0.007131573 0.00035413366 0.00022234218 0.00092219375 0.01297714 1.5870639e-05 1.9050153e-06 2.7092789e-05 4.9843144e-05 3.2317246e-05 0.007696456 0.0024740912 0.00017808116 4.1190538e-06 2.1986092e-05 0.00055558677 0.0001321868 0.00064432813 0.00028704584 0.0052550104 4.3426597e-05 0.00028968454 5.865139e-05 0.00044966856 0.00026932362 0.0008891495 3.5668593e-06 0.42777607 0.0003287073 0.00034468953 4.7337553e-06 0.0002907282 0.5355403 5.8618672e-05 2.6544844e-06 4.018687e-05 0.00074245146 4.044301e-05 0.00022004836 0.0020875048 0.00036141582 0.00020623996 3.1066315e-06 8.232743e-07 2.2916991e-05 7.651081e-06 1.0346904e-06 0.000949236 9.011035e-08 1.1073081e-05 1.8011252e-07 6.6348034e-06
0.017023182 0.043801308 0.18855686 0.04574059 0.0022466958 0.009159182 0.00058149 0.17538697 0.02015171 0.24940625 0.03749191 0.0030224582 0.59093213 0.26543978 0.15824403 0.007928282 0.4362399 0.00540568 0.8139435 0.0019575332 0.0037725857 0.003002659 0.005633385 0.80737925 0.0028271978 0.00093418884 6.474353e-20 0.22197017 0.07963333 0.0018159462 0.03600957 8.530976e-05 0.00010686352 0.00011289147 3.4324225e-05 0.00015882413 0.8505742 4.6603185e-05 6.299971e-05 0.00045128967 2.6698915e-05 0.0001011801 9.91168e-05 1.9324489e-05 0.0034957258 7.4580064e-05 1.8720044e-05 0.07884238 4.4388227e-05 3.052254e-05 0.0006474366 0.0001137873 2.2571445e-05 0.00025946434 0.27736884 2.8326707e-05 9.201389e-06 1.4863246e-05 2.1893213e-05 1.0452664e-05 3.6107995e-05 0.006746158 2.6494985e-05 9.3951285e-06 5.3278927e-05 2.4820058e-06 0.088007405 2.8759374e-05 0.00011249993 6.532604e-07 3.4217544e-05 1.5253485e-06 9.165866e-06 3.4084078e-05 0.0620977 2.9252638e-05 0.000664607 0.0017953325 5.026594e-05 7.186241e-07 0.00025938023 0.00048896763 0.00011269128 1.7073866e-05 2.6175898e-05 0.006743646 9.300689e-07 0.0010963078 0.011161945 3.6602534e-05 0.07684727 3.927405e-06 4.469933e-06 2.4283361e-05 7.794512e-06 6.768066e-07 1.9329086e-06 1.4286246e-06 2.9015093e-06 9.51911e-08 0.0002967347
0.7878457 0.010006529 0.24017808 0.0027858582 0.0065689697 0.05400565 0.000379903 0.0019181493 0.03053025 0.009931716 0.0663634 0.00044210788 0.13684694 0.5841244 0.00070750416 0.011726189 0.0011352057 0.17064133 0.084261596 0.05769064 0.04893291 0.23349136 0.10538668 0.02618985 0.0001693175 0.034496132 0.22197017 3.8005935e-19 0.973007 0.010994306 0.00011307766 0.0058244905 0.0033496823 0.004323573 0.0028621145 0.0046226475 0.5763966 0.00089306675 0.0018812788 0.014520084 0.0009884387 0.0020082414 0.0022010806 0.00070861395 0.008998 0.00070180756 0.00034978898 0.64533776 2.42105e-05 1.4147215e-05 0.027939577 0.000110697394 2.603089e-05 0.00076971453 0.059107725 0.00067409256 7.173005e-07 1.4221874e-05 2.6152577e-06 5.3217787e-05 2.6061913e-05 2.4481942e-05 1.1917229e-05 8.09692e-06 0.00021525123 1.0504348e-05 0.40311015 0.00088319345 0.00038288994 4.5600834e-07 0.0026293988 6.0793894e-07 0.0007725278 0.0013613247 0.1773584 5.556066e-06 0.013406347 0.07314908 7.765854e-05 2.9700734e-06 0.00025360181 0.0031454496 4.140114e-05 3.783836e-07 0.0009705678 0.013763048 8.1224385e-07 0.0046677426 0.007474551 1.2548695e-06 0.001113115 1.08178206e-07 7.294324e-08 6.367206e-06 4.5007528e-06 2.8748514e-07 0.0009022059 6.2657726e-08 9.4774384e-07 9.4626444e-07 5.213951e-07
0.40257278 0.007135158 0.111040406 0.0034747678 0.0038948562 0.09424482 0.0009056648 0.0022007492 0.024864344 0.008766071 0.19263357 7.9812824e-05 0.07773454 0.5362528 0.00061669457 0.013419076 0.00091113395 0.10521389 0.045029704 0.08726132 0.11233827 0.2771493 0.14884241 0.019879177 0.00018659256 0.02088167 0.07963333 0.973007 1.878626e-19 0.018542096 3.907915e-05 0.029109305 0.0287763 0.04624912 0.028923335 0.042519893 0.08427836 0.009327471 0.0097865565 0.11399377 0.009325532 0.025794746 0.009014401 0.0076888558 0.0042847036 0.015048127 0.008012334 0.6697956 0.0011477926 0.00084829726 0.100327194 0.0009767269 0.00024206705 0.0042526973 0.007544016 0.0076627987 0.00013529959 9.005258e-05 0.0002262348 0.00023304015 0.00077662384 1.493265e-05 0.00015040852 0.000105709005 0.0017673904 6.34085e-05 0.050816733 0.0026624089 0.0025504339 2.9437942e-06 0.007770751 7.822012e-06 0.0031852447 0.003705203 0.010726178 0.00024014935 0.011676843 0.051178537 0.0007088705 4.95408e-05 0.0009964623 0.008915109 0.0010007855 3.600882e-05 0.004262461 0.003845508 2.3511317e-05 0.0012226662 0.0011852868 2.2044793e-05 0.0008738885 3.9523406e-05 2.7146284e-06 4.1575742e-05 1.2950621e-05 8.026856e-06 0.006337087 9.280944e-06 9.628389e-06 6.240508e-07 2.6705968e-07
0.999389 0.27927044 0.4414319 0.079615444 0.08782488 0.31353652 0.11571911 0.012558429 0.45360222 0.00784491 0.09490894 0.10583029 0.019751577 0.034892693 0.009560575 0.30890867 0.006249908 0.6109853 0.00407611 0.3107219 0.10772295 0.18451531 0.12617818 0.0010431309 0.0038681356 0.67378414 0.0018159462 0.010994306 0.018542096 3.1229385e-16 0.00034243072 0.02405995 0.015193346 0.00028026037 0.0019732052 0.008783633 0.010393154 0.000578832 0.00023678473 0.0002455484 6.997114e-05 0.00011281678 0.00078356493 0.00014664546 0.2975591 4.7648053e-05 1.7854598e-05 0.0027832477 0.00013954933 0.00086326274 1.8444076e-05 1.3863333e-05 0.00015135389 0.0021386752 0.00095263135 8.028606e-07 1.0133132e-06 1.25419165e-05 1.0889552e-05 0.00051265757 0.00063450454 0.0010451514 8.620558e-06 2.0725567e-05 2.416999e-05 2.6470032e-05 0.0013315681 1.7044324e-05 0.0013674479 3.0735773e-05 5.434749e-05 2.4261188e-05 0.000109060726 0.000100545054 0.0010704441 2.421707e-06 0.2559021 5.0222283e-05 1.2445276e-05 5.403293e-06 1.2995196e-05 0.73184216 1.8093365e-06 1.3904345e-06 1.1586192e-06 0.00050649047 6.628182e-06 8.316073e-05 0.00095939956 3.786921e-06 0.001145695 2.820793e-07 3.7598505e-07 5.281315e-07 2.4776564e-06 1.779594e-08 1.5621772e-05 5.234108e-09 2.84257e-07 4.5625303e-08 1.2280241e-05
0.0027359345 0.007689376 0.00019652603 0.0014456764 0.00719455 6.459287e-05 0.010779322 0.0011110787 0.00029464543 0.0011123403 1.4138705e-05 0.14145029 0.0014029103 0.00025349326 0.012120015 0.00021971745 0.03260099 4.8518927e-05 0.0030713447 2.1668815e-05 1.7265114e-05 1.7144566e-05 3.3276207e-05 0.04581243 0.8294425 0.00013389622 0.03600957 0.00011307766 3.907915e-05 0.00034243072 5.0737324e-15 6.550423e-08 8.283485e-07 3.0076478e-07 1.215392e-07 1.5623664e-05 0.0020788389 4.370476e-07 2.6211756e-06 3.0900783e-06 2.5100928e-07 1.1459173e-06 6.1439723e-06 3.012218e-07 0.01901374 5.392264e-07 4.309876e-07 0.0004803521 4.4128478e-07 3.831198e-08 4.655787e-07 4.2579828e-07 2.3870066e-07 1.2058896e-06 0.00050641416 7.849201e-07 1.9966349e-08 4.0825134e-07 4.3405457e-08 6.8707936e-07 2.0976614e-07 0.013788791 9.96457e-08 1.0623432e-06 2.2210713e-06 3.90378e-07 1.5216676e-05 1.951518e-06 4.0657532e-08 3.2172146e-08 1.8073894e-06 1.2345835e-07 7.080168e-07 4.412635e-06 1.2193964e-05 9.677603e-06 0.00014284354 1.6056622e-06 6.2777294e-06 1.0640921e-08 3.9863527e-05 8.7197084e-05 1.41805385e-05 2.1679789e-07 8.465661e-07 2.0589368e-06 1.4789077e-08 4.724591e-06 3.6900874e-05 5.225298e-06 0.004573814 6.3017724e-09 5.9500255e-08 8.7166904e-07 1.03758715e-07 3.8657104e-09 2.2978486e-09 5.733136e-09 2.7792942e-07 2.5625138e-07 0.006639576
