9.183653e-25 0.011099899 0.01970911 0.120849214 0.36176777 0.0045712767 0.038721845 0.033740416 0.4448949 9.592275e-05 2.8916795e-05 0.17687075 0.66014993 0.9784466 0.0159807 0.28624606 0.7999442 0.009251579 8.960663e-06 0.0002768801 0.8383221 0.41389638 0.00043589482 0.0976316 9.692567e-06 0.8808816 0.5567368 0.91639763 0.31441575 0.63529813 4.3815453e-06 0.00028786913 0.012563118 0.30094936 0.29257083 0.26363227 0.057009544 0.993508 0.09842394 0.10248472 0.91537446 0.054653652 0.34143928 0.9252658 0.9934244 0.3710919 0.8416128 0.060117885 0.81289583 0.9947397 0.43704236 0.08937608 0.9925325 2.3575332e-05 0.028402772 0.10182186 0.91594213 0.79701245 0.9741213 0.98880863 0.98754007 0.0057474584 2.98452e-08 0.5187734 0.8765692 0.98647225 0.93808895 0.00013229866 0.8918924 0.9761859 0.7696762 0.75566375 0.9963172 0.9979241 0.56149554 0.9996532 0.9944652 0.13332051 0.46725968 0.9893565 5.7906223e-06 0.022920864 0.02480019 2.1428285e-08 0.96839625 0.42126256 0.012840621 0.001671398 0.053986713 0.99999875 0.31895167 0.028527863 0.61211884 2.051384e-09 0.0004681743 0.9976449 0.0007478369 0.7372963 0.0240748 0.972007 0.9979594
0.011099899 4.3500846e-16 0.9787427 0.9628869 0.87857825 0.7892617 0.55586225 0.20689099 0.4940908 0.030844614 0.0019753538 0.03732365 0.048372623 0.00657694 0.013797458 0.001663919 0.00072193093 0.0003862543 0.0017443984 0.19859223 0.2589871 0.038565155 0.010386392 5.247498e-05 0.0045999424 0.015791146 0.0012078688 0.0066091046 8.227124e-05 0.0003521047 0.0011958368 0.0001647891 2.8468512e-05 2.1558664e-05 0.011241585 0.00015924867 0.0001501968 0.020566884 1.32961895e-05 8.2238175e-06 0.0008307952 0.0002112861 1.431352e-06 0.006137683 2.5144273e-05 7.692151e-05 6.105253e-06 3.9489572e-05 0.00022253414 0.003318514 0.00013443526 5.7064955e-07 0.0048408033 4.3052427e-05 1.0949028e-06 1.9343555e-05 0.00114816 0.00032913266 0.0001483868 0.00053421437 0.0015841728 2.2591937e-06 0.0004276078 6.42013e-05 0.00074900175 0.00027322982 0.00074850867 2.5235765e-06 2.519868e-06 0.00038411753 4.188331e-06 2.8878432e-07 0.0005856392 0.00017412867 2.4799627e-05 0.00020210302 2.6012673e-05 6.7447155e-07 4.932639e-07 3.4397526e-05 6.5186105e-06 5.6271023e-05 5.155666e-08 2.21397e-06 8.06954e-06 1.1692988e-08 4.114927e-08 3.1718298e-07 1.4182426e-06 0.0028455372 9.801606e-07 2.8159872e-07 2.4322624e-05 4.7704118e-05 1.9176224e-07 9.439896e-05 2.8995552e-07 2.4955096e-05 8.428596e-07 7.730429e-05 3.2876043e-05
0.01970911 0.9787427 4.0399978e-15 0.9187585 0.8630138 0.9321223 0.8164079 0.13155876 0.44290414 0.07625209 0.002315603 0.04613439 0.056508567 0.015673736 0.036919206 0.0015040286 0.002507696 0.00015068059 0.0047071413 0.51975995 0.25146288 0.02111081 0.047079314 0.00013808186 0.02416443 0.017476514 0.000560544 0.0057943207 0.000103530634 0.0005153202 0.004985159 0.0007899346 0.00033280381 8.216202e-05 0.0042099277 7.797542e-05 0.0009667467 0.021093676 3.7591676e-06 1.2551112e-06 0.00024170095 0.00029203927 1.3278704e-05 0.0070000114 8.583327e-05 7.950076e-05 5.105162e-05 2.1519882e-05 0.00021126232 0.0018949925 6.231528e-05 3.3456674e-06 0.0044323043 0.000181541 3.7116783e-06 2.07666e-05 0.0012405278 0.0003121103 0.00015734082 0.000463373 0.0018746387 3.3913059e-06 0.0013157506 9.838533e-05 0.0010688462 0.0004891759 0.0011738363 4.490026e-06 2.8085851e-05 0.00024943973 8.748219e-05 9.915452e-07 0.00034256335 0.00027204756 6.3474086e-05 0.00049477676 0.00013961071 7.280265e-06 3.1753693e-06 2.9975085e-05 6.572109e-05 0.00035866158 1.2956347e-06 8.990751e-06 1.3163034e-05 2.1020809e-07 2.7612526e-07 1.0810523e-06 1.1511009e-05 0.0067113163 7.9347565e-06 1.763354e-06 2.7338398e-05 0.00021871709 1.254447e-06 0.00013125573 8.786137e-07 7.629904e-05 5.385303e-06 0.00015005378 0.00014126327
0.120849214 0.9628869 0.9187585 1.5209306e-16 0.7666581 0.9658414 0.47724485 0.80284196 0.90724474 0.16945796 0.029533984 0.2656284 0.017696152 0.00577977 0.009193119 0.00046006864 0.00012451159 0.0053988285 0.01697755 0.46123204 0.43131003 0.17447487 0.008447624 1.43405005e-05 0.0048237294 0.14393085 0.0046001268 0.0115800295 2.5759535e-05 0.00019470269 0.0010912393 0.00017521177 1.2889136e-05 1.9563919e-05 0.03649146 0.0016809466 0.0001280114 0.05384595 0.00020933239 0.00017843099 0.00054694165 0.0013825224 2.907863e-07 0.022803178 4.4247317e-05 3.968983e-05 2.7942876e-06 0.00010629786 0.00057769817 0.005636053 0.0010561792 1.8846284e-06 0.026769368 1.4749295e-05 5.132585e-06 5.0010032e-05 0.0025569205 0.003527608 0.00013453557 0.001297052 0.00982092 5.4516033e-05 0.00017134687 0.00017505143 0.0011796156 0.006836731 0.0015434254 1.5005327e-05 2.0401026e-06 0.0005727017 7.280494e-06 1.0512762e-06 0.00064414134 0.000684534 7.5721524e-05 0.0007501687 3.369788e-05 1.8088402e-07 4.148099e-06 0.00018829829 3.227811e-06 7.1451774e-05 4.770962e-07 6.939881e-07 3.2771117e-05 8.852535e-08 5.5761706e-07 2.7639173e-06 2.1150745e-06 0.01819146 5.6305407e-06 1.2485212e-06 4.263969e-05 4.4721735e-05 1.5749245e-06 0.00025991115 5.7029724e-06 4.4886623e-05 6.650647e-06 8.753586e-05 0.00018119975
0.36176777 0.87857825 0.8630138 0.7666581 3.098256e-17 0.35050634 0.9687007 0.09159466 0.71816087 0.006770056 0.000325091 0.01119383 0.9137478 0.4888017 0.08899138 0.20015931 0.15690175 0.000627371 0.00075475813 0.049775925 0.89144087 0.096190825 0.02214396 0.0074598105 0.0074699474 0.0031283933 0.00012307226 0.23160371 0.008150366 0.028151995 0.0029909667 0.000806971 0.0014238335 0.0007771503 0.060956765 3.4865017e-05 0.0021389434 0.5996538 3.8333343e-05 5.308782e-05 0.030612674 0.00037959352 0.00022919846 0.033610925 0.0009526817 0.0019051128 0.00020580398 0.00010319411 1.8018625e-05 0.13759375 0.0024048993 0.00026707764 0.087830715 0.00034855373 0.00024142544 3.639095e-05 0.014254252 0.003905367 0.0019705265 0.023103354 0.0077144816 2.2153342e-06 0.00084441644 2.265458e-05 0.0057222643 0.00019550427 0.0032685425 2.3332801e-07 1.5322747e-05 0.004040155 5.958771e-06 2.3038191e-07 0.007815849 0.0025824609 5.792033e-05 0.003753773 0.0016577379 3.3866063e-06 2.0620207e-07 2.1183821e-05 5.407582e-06 0.0003049721 4.550059e-08 6.903158e-06 1.0758247e-06 1.7502705e-08 8.464905e-08 1.9202083e-07 3.2248376e-05 0.15642515 3.7878436e-07 1.822671e-07 9.850983e-05 0.00017608533 1.365499e-07 6.6016706e-05 4.8744414e-07 0.0001115706 1.3430981e-06 9.940429e-05 0.00017643362
0.0045712767 0.7892617 0.9321223 0.9658414 0.35050634 2.559753e-15 0.53471607 0.7402227 0.5225819 0.94383997 0.54035056 0.2399642 0.0021122494 0.0007508183 0.0022716653 8.621722e-05 2.8192066e-05 0.005339356 0.25963986 0.54545236 0.026295437 0.023853967 0.0020095203 4.405042e-06 0.002349208 0.052208453 0.0025478255 0.00044208093 5.128245e-06 1.3151602e-05 6.106019e-05 5.323637e-05 2.3627606e-06 1.1856626e-05 0.0044664284 0.0004300093 2.9234676e-05 0.007904339 1.2353727e-05 3.227731e-06 1.6546395e-05 0.001294596 1.3271624e-07 0.0054714195 2.0733889e-05 1.4365481e-05 1.2355453e-06 2.016832e-05 0.00017268941 0.00022109022 7.641241e-05 1.2509515e-06 0.0014192952 5.871188e-05 1.1033146e-06 1.5285295e-05 0.00037935594 0.00012180024 3.350376e-05 0.00026532117 0.00075838773 0.0005310949 4.055196e-05 4.0220726e-05 0.00046952578 0.0012618153 0.00054367137 3.318481e-05 7.5923185e-07 5.3551714e-05 3.725884e-05 4.5229788e-07 0.00011676007 0.00010248659 3.0182135e-05 0.00011855355 3.6320842e-05 9.57762e-07 2.182075e-06 9.073039e-05 6.981234e-06 0.00018553993 2.1682479e-07 1.65666e-06 1.6268368e-05 4.3258424e-08 2.1001254e-07 1.2825358e-06 3.4208962e-05 0.0055451063 2.6618156e-06 1.2902719e-06 2.436511e-05 0.00011690793 6.43496e-06 4.86727e-05 3.3643337e-06 1.5988802e-05 4.0169916e-06 5.38731e-05 0.00011843499
0.038721845 0.55586225 0.8164079 0.47724485 0.9687007 0.53471607 4.1317916e-18 0.008480425 0.10521431 0.013027559 0.00013862111 0.0032054407 0.2534496 0.34984863 0.97124046 0.14975776 0.6135633 6.301438e-05 0.0035935235 0.75653076 0.3069165 0.003319179 0.691377 0.12827733 0.20837191 0.0029744115 3.72919e-05 0.011687767 0.0010416011 0.001963783 0.0756058 0.2336914 0.11910731 0.004320888 0.0014131021 1.5562457e-05 0.0785997 0.14381883 2.2844774e-06 1.7688699e-06 0.0012869553 5.4189422e-05 0.00017782811 0.0015148247 0.001076538 0.000112671296 0.00024009969 4.836495e-05 6.197778e-06 0.0011096465 2.5320465e-05 0.00019141904 0.003436135 0.017348548 9.889312e-05 4.432416e-06 0.0006532928 0.0001809497 0.00031555086 0.0010042739 0.00068225194 2.5525665e-06 0.0118384985 2.0675748e-06 0.00023759206 0.000103310296 0.0002748428 4.0249924e-07 9.927e-06 0.00045502963 5.983032e-05 1.294515e-07 0.00065420405 6.420656e-05 1.4313644e-06 0.0059608915 0.00094451907 2.5643058e-07 8.5514486e-08 8.757006e-06 1.5568738e-05 0.00086562673 1.1612758e-07 6.0721875e-05 2.0675e-06 6.554982e-09 4.0547565e-08 4.2919353e-07 9.08397e-06 0.023167018 3.3716265e-07 2.4802085e-07 1.0547856e-05 0.0037584654 4.7445614e-08 0.00010552891 1.7297826e-07 1.723409e-05 4.826464e-07 3.0084327e-06 1.4527706e-05
0.033740416 0.20689099 0.13155876 0.80284196 0.09159466 0.7402227 0.008480425 8.196222e-20 0.84382796 0.72488064 0.6845718 0.9775956 0.0050349566 0.00031297194 0.0001244856 0.00010661087 1.0833275e-05 0.9506601 0.19121638 0.12680243 0.009154763 0.34735668 5.270232e-05 1.059767e-06 0.00027344798 0.26305535 0.36962315 0.005126749 2.8023924e-06 1.42231065e-05 1.2995833e-06 2.8666162e-07 6.5865146e-07 3.4295997e-06 0.08990115 0.14479344 5.088982e-06 0.0012027817 0.07303495 0.047474146 6.3182495e-05 0.14536335 1.3271061e-08 0.012685608 1.3316442e-05 3.1963896e-07 9.806697e-08 0.0033750143 0.0041108327 0.0007042584 0.0058434545 4.136059e-06 0.0025752427 1.4458756e-06 3.71652e-08 0.00069561787 0.0009393175 0.0070875622 1.6234633e-06 0.00017709917 0.0021095772 0.04729883 2.215914e-07 0.00028510066 0.001369403 0.007977825 0.0009262345 0.0023322548 1.781687e-07 1.8900273e-05 0.0011886442 0.0010820391 9.639511e-05 0.00035433655 8.971133e-05 0.0001222816 3.076083e-06 1.9342712e-08 7.2838666e-05 0.00057389773 1.2659954e-08 3.055653e-05 1.0014128e-05 1.1336653e-07 8.880308e-05 2.0413938e-07 2.243146e-06 1.2602213e-05 4.0171005e-07 0.0014414114 0.00011775981 3.716499e-06 3.8766975e-05 9.63605e-06 4.6265612e-07 0.0002408418 1.1259374e-06 0.00016322316 2.7603955e-06 0.0002796135 0.00016256262
0.4448949 0.4940908 0.44290414 0.90724474 0.71816087 0.5225819 0.10521431 0.84382796 1.07553094e-16 0.080887586 0.015199882 0.9639149 0.095453925 0.0028641543 0.0043837675 0.0021129074 0.0014744555 0.09260731 0.00365999 0.12207521 0.61770034 0.9707304 0.004127188 0.00015842567 0.002445377 0.48323655 0.025406452 0.111322574 0.0001750688 0.0009668809 0.00074848795 9.499734e-05 6.142189e-05 0.00015674489 0.40370283 0.004097302 5.475196e-05 0.08921064 0.010788337 0.0058072098 0.004117358 0.011402166 3.5865337e-06 0.40515444 0.00014501857 7.021647e-05 3.7410675e-06 0.0017146872 0.003134485 0.08953057 0.02719822 2.6654623e-05 0.24049218 1.1365309e-05 2.6376454e-06 0.0002921259 0.062657274 0.06636833 0.00034380276 0.010637667 0.11379839 0.00012315891 2.8336786e-05 0.00018762804 0.023184352 0.041628428 0.022153554 2.3683713e-06 2.5943564e-06 0.0007956242 0.00019084741 2.598473e-05 0.0027796603 0.012080387 0.0003362953 0.00038225323 0.00013649256 2.1650987e-07 1.4302844e-05 0.00058807683 1.2122237e-07 7.29732e-05 3.3860802e-06 5.42657e-07 1.6822903e-05 6.7606607e-07 1.277208e-06 3.042218e-06 1.1512962e-05 0.024111442 2.2648272e-05 6.4601218e-06 9.743038e-06 0.000102372294 3.2790405e-07 0.00021491772 5.1832814e-07 1.743162e-05 5.0275694e-06 0.00034400003 0.00036724022
9.592275e-05 0.030844614 0.07625209 0.16945796 0.006770056 0.94383997 0.013027559 0.72488064 0.080887586 2.0505119e-16 0.9780257 0.09520551 0.00042436834 0.00020457059 3.754806e-05 1.3470303e-05 5.186274e-05 0.102071054 0.72091824 0.05467153 0.0016607387 0.005474238 4.2027273e-06 3.0963088e-06 3.8761726e-05 0.011559998 0.0061243516 0.00010999075 3.2196365e-06 1.4780582e-05 2.7322483e-06 1.6259146e-06 1.1027706e-06 5.0280632e-06 0.0017710214 0.0002935034 1.4382726e-05 0.00039725023 0.00011571826 6.565275e-05 2.3123916e-06 0.0015426888 3.204536e-07 0.0008197883 5.929678e-06 3.418217e-06 4.0698e-06 4.2471635e-05 0.00015295365 5.1289768e-05 8.5559164e-05 1.5535446e-06 0.00015992088 3.2545236e-06 4.0435198e-06 4.123918e-05 0.00020586523 0.00016072878 5.007787e-06 5.4507043e-05 0.0001071794 0.00031073368 2.2741783e-06 7.819085e-05 0.0004794171 0.00013723773 0.00075856934 0.00026711152 1.3829653e-06 4.9551763e-05 6.1667306e-06 4.3904092e-06 0.00019619214 3.1636882e-05 6.152741e-05 6.359927e-05 1.7524611e-05 2.7501727e-07 5.700167e-06 6.305651e-05 1.81868e-06 5.3367794e-06 6.168416e-09 5.451271e-07 2.2842096e-06 1.212876e-07 6.0013e-09 8.2606505e-08 2.3766027e-06 0.00024924736 3.9639576e-06 2.9476527e-07 1.0343584e-05 2.1878936e-05 1.0876315e-06 0.0002083223 2.5609796e-07 2.7864628e-05 4.343277e-07 1.8837598e-05 4.2581538e-05
2.8916795e-05 0.0019753538 0.002315603 0.029533984 0.000325091 0.54035056 0.00013862111 0.6845718 0.015199882 0.9780257 7.892438e-18 0.066351935 7.698129e-06 1.1889859e-05 3.3383765e-07 1.070997e-06 1.3316195e-06 0.37978593 0.98305535 0.003335136 5.314146e-05 0.0016900098 2.4548552e-07 6.3376336e-07 1.3338475e-06 0.010194402 0.017156214 1.4514281e-06 8.060582e-07 1.4403431e-06 1.4713497e-07 8.470509e-08 3.0168468e-07 4.558829e-06 0.0005246875 0.002746044 9.472049e-06 0.0001356593 0.0005676231 0.0005839744 4.081567e-07 0.011056361 1.1369656e-07 0.0002207851 1.1027338e-06 4.4883714e-07 9.3418106e-07 9.240984e-05 0.0003196422 2.3538387e-06 8.350596e-05 2.0766017e-06 4.9578655e-05 5.268686e-08 2.494038e-06 3.5182256e-05 6.234935e-05 6.133993e-05 1.4025952e-06 2.4364099e-06 2.302532e-05 0.0013013744 1.18578455e-07 3.7175112e-05 0.00015718155 3.1305626e-05 0.00016902517 0.0007819749 9.543894e-07 2.5460082e-05 2.4052628e-05 3.314257e-06 2.4578398e-05 3.5221888e-06 2.205594e-05 1.8358282e-05 4.2572783e-06 9.741969e-08 4.0443415e-06 7.833609e-05 4.1476065e-07 7.1423017e-07 3.4287137e-08 5.711692e-08 4.2544293e-06 9.890326e-08 1.335699e-07 6.6700295e-07 3.908845e-06 0.00023818757 7.711399e-06 5.9606094e-07 1.805385e-05 5.0315094e-07 3.7998796e-06 7.58229e-05 2.1888557e-07 5.0709674e-05 4.6702172e-07 7.3791048e-06 1.3659614e-05
0.17687075 0.03732365 0.04613439 0.2656284 0.01119383 0.2399642 0.0032054407 0.9775956 0.9639149 0.09520551 0.066351935 7.186972e-17 0.003958042 0.00021929291 0.00025302253 5.2070143e-05 2.2356591e-05 0.7646855 0.043107852 0.05226841 0.06016687 0.8149947 6.0835537e-05 1.463067e-06 0.0003056558 0.8032175 0.51222914 0.016190926 4.3310134e-05 0.00015699952 6.087567e-06 1.2094477e-05 1.8592697e-06 2.5160093e-06 0.6168633 0.14982975 4.5697725e-06 0.012220083 0.05642729 0.03474988 0.0004913601 0.10061346 2.577278e-07 0.17780352 4.768524e-05 8.14901e-06 2.99706e-07 0.01011066 0.042421196 0.011526812 0.09900121 1.9359416e-06 0.05087694 1.9048153e-06 3.873131e-07 0.003844642 0.038801115 0.11770325 4.919185e-05 0.0031662087 0.056807075 0.018471226 1.3211987e-06 0.0027185953 0.031725362 0.10528621 0.019557426 0.001149371 9.357603e-07 0.00024087992 0.0017795204 0.0010013704 0.0008145416 0.005262488 0.004189729 0.0005936771 3.4655543e-05 2.312235e-08 0.0011042742 0.0042667394 5.1541623e-08 6.367668e-06 0.00012988673 9.2232824e-08 0.00067913276 8.33257e-05 1.3864298e-05 5.790719e-05 6.489077e-07 0.006967048 0.0007591081 7.157509e-05 0.00085925084 2.4642399e-05 2.4241863e-06 0.002141891 4.193983e-06 0.00051093096 2.5043593e-05 0.0059697866 0.0022812653
0.66014993 0.048372623 0.056508567 0.017696152 0.9137478 0.0021122494 0.2534496 0.0050349566 0.095453925 0.00042436834 7.698129e-06 0.003958042 6.871807e-19 0.9677895 0.055208802 0.94649017 0.22493799 0.00031844398 2.9900923e-06 0.00030768433 0.74237674 0.16246015 0.012131788 0.06258287 0.00073610793 0.0017146602 7.27988e-05 0.6587092 0.15108442 0.35164878 0.00063578866 0.001342299 0.0026686979 0.005000408 0.082649745 9.74347e-05 0.0039188243 0.7848295 1.8167257e-05 7.5554135e-06 0.46283868 0.00074119255 0.0038601002 0.02657333 0.014283503 0.007599473 0.001273008 6.623617e-05 1.6423819e-05 0.717789 0.0055050375 0.00029839537 0.26002085 0.0006888099 0.00073508057 2.6006024e-05 0.03386133 0.003178969 0.018253656 0.46770433 0.023529474 5.1748117e-07 0.00031599932 8.20536e-06 0.0065592574 9.8732926e-05 0.0029492262 1.8932644e-06 0.00020256809 0.017443595 3.1465866e-06 1.1217986e-07 0.057501227 0.01674074 3.4136352e-05 0.030449707 0.010486423 4.9003476e-05 7.912524e-08 9.088354e-06 8.160392e-05 0.00024887777 5.5193453e-08 2.7667827e-05 1.0980074e-06 5.9764784e-09 1.2210213e-08 2.7778793e-07 3.536772e-05 0.16132101 1.0154337e-06 7.322954e-07 1.3301592e-05 0.00012892278 2.1928324e-08 3.6566478e-06 2.3244317e-07 4.3245436e-06 6.568856e-07 8.211635e-05 0.0005165793
0.9784466 0.00657694 0.015673736 0.00577977 0.4888017 0.0007508183 0.34984863 0.00031297194 0.0028641543 0.00020457059 1.1889859e-05 0.00021929291 0.9677895 6.6473224e-16 0.32872546 0.9556253 0.77110404 3.6840003e-05 0.00010476672 0.0093890205 0.13006057 0.0028053166 0.0631674 0.35943422 0.001902051 3.8852548e-05 1.2520543e-06 0.11989958 0.25817943 0.43055302 0.0053911437 0.052143443 0.42116132 0.30006817 0.0012584697 1.5166924e-05 0.44494563 0.4696663 1.3566465e-05 7.197836e-06 0.3894351 6.4440464e-05 0.031703718 0.0016701104 0.21200022 0.030105304 0.013153278 5.050839e-06 5.0456924e-06 0.11740041 0.0004703006 0.016707867 0.035444114 0.031032754 0.009400493 3.8608746e-06 0.004542841 0.0002608933 0.07127519 0.18897511 0.0013790262 1.537672e-05 0.0011466286 1.01061e-06 0.0019510725 3.00121e-05 0.0007743231 1.9013236e-06 0.003713913 0.10152731 5.674517e-06 2.7778064e-08 0.07519922 0.0017944004 5.7597567e-06 0.21257156 0.06373369 0.0006281688 2.667266e-08 3.7363577e-06 0.00294881 0.013839056 1.4630035e-07 0.00090345176 1.7271518e-07 7.345742e-09 1.4295901e-07 2.1201039e-07 0.0024086097 0.33406556 4.1892716e-07 3.7062787e-07 4.9169853e-07 0.0004975816 2.3030084e-07 7.116553e-07 6.519322e-07 4.593364e-07 2.00298e-06 2.2281454e-05 0.00010836381
0.0159807 0.013797458 0.036919206 0.009193119 0.08899138 0.0022716653 0.97124046 0.0001244856 0.0043837675 3.754806e-05 3.3383765e-07 0.00025302253 0.055208802 0.32872546 1.199031e-17 0.15864299 0.8842951 5.8275514e-06 6.994859e-05 0.26405963 0.016124457 0.00013137545 0.7548116 0.45423853 0.13049972 1.5653448e-05 1.3183807e-06 0.0011495338 0.007806523 0.004649751 0.125657 0.77595466 0.58342016 0.24174252 8.672177e-06 6.481386e-06 0.69333065 0.038190693 3.656391e-07 1.8146734e-07 0.0012964362 4.337085e-05 0.0043542515 0.00020886197 0.008639896 0.0005639145 0.0012525136 1.2509556e-05 8.281795e-07 0.00027281218 6.423494e-06 0.0081082275 0.00073026534 0.25782678 0.0038620553 7.8718585e-06 9.655731e-05 2.8421444e-05 0.0004894237 0.00068352907 6.0021197e-05 1.125589e-05 0.045985267 2.11945e-06 4.7460937e-05 2.5826282e-06 4.0739844e-05 4.390817e-07 0.00018468974 0.0004983428 9.282112e-06 1.9527093e-08 0.00084166316 1.6266862e-05 4.1491808e-07 0.0069198445 0.0010024519 2.4572675e-05 7.078672e-08 4.6706182e-07 0.0034832035 0.010455293 4.6778244e-08 0.017379846 5.9429e-07 6.9029893e-09 2.0835623e-08 1.0559247e-07 7.484597e-05 0.008818352 5.4727366e-07 3.5159414e-07 1.3039615e-05 0.021228593 2.3769264e-08 1.0487452e-05 4.843682e-07 2.9502347e-05 1.2490227e-06 2.2074173e-06 5.3102276e-06
0.28624606 0.001663919 0.0015040286 0.00046006864 0.20015931 8.621722e-05 0.14975776 0.00010661087 0.0021129074 1.3470303e-05 1.070997e-06 5.2070143e-05 0.94649017 0.9556253 0.15864299 2.0603975e-18 0.78967226 2.4694332e-06 8.2842635e-06 5.5510286e-06 0.06225699 0.002319474 0.0042454163 0.7654508 0.0001775944 1.2488148e-05 5.4409275e-06 0.06564786 0.8961523 0.66121507 0.0001498903 0.0047491114 0.04379706 0.3173455 0.0008916065 1.353962e-05 0.074810915 0.11839679 3.4815162e-06 1.857159e-06 0.16593215 1.0726831e-05 0.31191227 0.0010750289 0.14373846 0.2083461 0.041885242 1.0438698e-05 3.4995949e-06 0.03489966 0.00021117128 0.021654304 0.014329994 0.0015023248 0.022012591 4.3856635e-06 0.003141154 0.00031103787 0.1037433 0.06592115 0.0012796776 1.1819093e-06 0.00041038697 8.554435e-06 0.00083012553 9.055331e-06 0.0010949363 9.057525e-08 0.0028366733 0.044794295 7.746499e-06 1.0331472e-08 0.03330618 0.0016432976 9.573955e-06 0.09692487 0.06937085 0.0014352656 3.096923e-08 4.6749005e-07 0.0015767602 0.0023068988 4.8304123e-08 0.0005002804 8.9943825e-07 2.411811e-09 1.1543145e-08 4.2451763e-08 0.0014557872 0.044052217 4.501935e-07 1.7369221e-07 9.38859e-06 0.00023785661 2.2123665e-09 9.346026e-07 7.109862e-08 9.940528e-06 5.566113e-07 7.631352e-05 9.0574526e-05
0.7999442 0.00072193093 0.002507696 0.00012451159 0.15690175 2.8192066e-05 0.6135633 1.0833275e-05 0.0014744555 5.186274e-05 1.3316195e-06 2.2356591e-05 0.22493799 0.77110404 0.8842951 0.78967226 6.4750445e-20 1.0769955e-05 0.00010260942 0.0010095269 0.077257924 0.0007221179 0.12575226 0.9741004 0.0015975656 1.19332535e-05 6.449278e-07 0.04365226 0.29303518 0.1733339 0.004337892 0.17374983 0.6385606 0.6093984 0.00025494135 6.9560597e-06 0.61865866 0.29787406 1.8650279e-07 1.5769992e-07 0.038200464 1.71318e-05 0.13084005 0.0009875181 0.3658661 0.021463191 0.10121905 6.5354293e-06 5.5924295e-07 0.0038067226 3.775906e-05 0.022848645 0.005839145 0.09414581 0.017695965 7.78941e-07 0.00071992946 8.750894e-06 0.01695473 0.013324573 0.00022382887 3.9355973e-06 0.0053702416 1.1462424e-07 0.0005040722 3.4272213e-07 0.00021120328 1.9499496e-06 0.015337551 0.010405482 1.0706993e-07 2.4793605e-08 0.007854451 0.00026577723 1.6416777e-06 0.2833606 0.018476948 0.00026481054 3.7272803e-09 1.100143e-07 0.006975078 0.068028465 4.339153e-09 0.0036016603 5.1777313e-08 2.81767e-10 1.0582368e-08 1.6266581e-07 0.00022452605 0.15161592 1.542215e-08 5.3868e-09 1.7089938e-06 0.0016542958 5.6629835e-07 4.0819177e-07 4.398646e-07 5.188846e-07 1.2420115e-07 1.6065414e-06 4.1492724e-05
0.009251579 0.0003862543 0.00015068059 0.0053988285 0.000627371 0.005339356 6.301438e-05 0.9506601 0.09260731 0.102071054 0.37978593 0.7646855 0.00031844398 3.6840003e-05 5.8275514e-06 2.4694332e-06 1.0769955e-05 3.4421043e-17 0.320774 0.000111461384 0.0011297251 0.2000619 1.6031567e-05 6.058507e-07 8.4421913e-07 0.22692549 0.97646403 0.00038505608 2.5188733e-06 2.4481953e-06 3.6994984e-07 4.060941e-06 2.9319342e-06 0.000108916036 0.033060804 0.928711 1.3890583e-05 5.315124e-05 0.11557887 0.05211251 2.321534e-07 0.8540991 3.5654628e-07 0.0011777924 1.7704175e-06 8.488799e-07 2.0324437e-06 0.039234765 0.030498305 9.116197e-05 0.00851043 7.739219e-06 0.00026248753 1.1105876e-05 3.6012116e-07 0.012351589 0.00029403376 0.0019792805 1.2552573e-06 1.6176176e-05 0.00028937942 0.5577833 3.4919901e-06 0.0032262926 0.0012009295 0.00561941 0.0005451256 0.36623117 3.7148834e-06 1.0357286e-05 0.12164162 0.034311887 8.09925e-05 0.00010991777 0.0010731425 2.9932551e-05 1.1413758e-06 4.6344041e-07 0.021911863 0.0046256287 2.4920002e-06 3.1677594e-06 0.0018240996 3.0411475e-06 0.00045696698 0.00070185674 0.0012379633 0.0027204624 3.6193442e-06 0.0006365652 0.0006976728 0.0007925833 0.0012414361 3.8483635e-05 0.00075624493 0.0013518737 0.0001710396 0.00392534 3.4449098e-05 0.0003004118 0.00027230973
8.960663e-06 0.0017443984 0.0047071413 0.01697755 0.00075475813 0.25963986 0.0035935235 0.19121638 0.00365999 0.72091824 0.98305535 0.043107852 2.9900923e-06 0.00010476672 6.994859e-05 8.2842635e-06 0.00010260942 0.320774 6.2527066e-17 0.11105061 8.2937375e-05 0.0005542288 4.774321e-05 6.15491e-06 1.8687437e-05 0.0100985 0.045257255 1.2351112e-05 3.5201756e-05 3.045947e-05 1.6673772e-05 2.3666653e-05 0.00013119204 0.00025281362 0.00014520927 0.0032624668 0.00013621544 0.000101869766 0.0015173145 0.00014259567 4.2962947e-06 0.02168104 8.6694433e-07 0.00019827018 1.9608748e-05 2.3277425e-06 1.7253698e-06 0.0002917086 0.0006905479 7.6016763e-06 0.00029627577 6.551639e-05 0.00023712868 1.5846788e-05 1.0111273e-05 0.00017203423 0.00029587257 0.00045104919 1.394175e-06 1.1681504e-05 0.00014811168 0.0492341 1.4850579e-05 0.00020925136 0.0005602442 0.00025175 0.0006633573 0.10504995 8.294706e-06 1.140767e-05 0.0015227215 0.0001055424 3.0203153e-05 4.5422705e-05 0.00015763819 7.0836395e-05 2.366943e-05 6.269428e-07 3.157455e-05 5.521992e-05 1.9726182e-05 1.0282704e-05 9.52188e-06 3.2547657e-06 3.687635e-05 2.1506962e-06 3.7448142e-05 0.00013521715 0.00011952633 0.012433811 3.162231e-05 4.0987656e-05 7.44469e-05 0.00059295463 0.0011000765 0.0002503446 9.940212e-05 0.0004490842 7.16318e-06 9.5678624e-05 4.308319e-05
0.0002768801 0.19859223 0.51975995 0.46123204 0.049775925 0.54545236 0.75653076 0.12680243 0.12207521 0.05467153 0.003335136 0.05226841 0.00030768433 0.0093890205 0.26405963 5.5510286e-06 0.0010095269 0.000111461384 0.11105061 5.2110734e-14 0.020638842 0.002103191 0.6622063 7.985877e-06 0.8222677 0.0033986915 0.00019971358 0.000100298064 1.7789916e-06 1.6935286e-06 0.122819826 0.010846671 8.158415e-05 5.6357517e-06 0.00028813112 3.4901943e-05 7.083329e-05 0.0011076212 5.4889557e-07 1.4027765e-07 1.7765841e-06 3.4020555e-05 2.07286e-08 0.0013140377 7.837274e-06 1.5872706e-06 4.783719e-07 9.040671e-06 2.7256678e-05 1.4085356e-05 2.5037625e-05 4.3149e-06 0.0006991741 0.0017037822 4.3336263e-06 1.885736e-06 8.987652e-05 9.013394e-05 1.0161835e-06 2.5514993e-05 0.0001806018 6.7519527e-06 0.004915302 3.8627863e-06 0.00018476584 0.000100551006 0.00013110609 3.739755e-06 4.0425093e-06 1.1461114e-05 2.459235e-05 3.9714132e-07 7.356777e-05 4.5567624e-05 8.280654e-06 0.00014206862 4.8164793e-06 3.5907757e-07 9.111216e-07 2.0029393e-05 2.6396863e-06 1.4850268e-05 7.831416e-08 3.0932013e-06 1.4391657e-05 6.807129e-08 1.2271566e-07 4.905973e-07 4.3674286e-06 0.044442043 2.0159368e-06 4.7454324e-07 9.967603e-06 0.0008059477 1.3560676e-06 0.00016501902 6.872793e-07 2.1242691e-05 5.4612065e-06 1.4744429e-05 4.9807935e-05
0.8383221 0.2589871 0.25146288 0.43131003 0.89144087 0.026295437 0.3069165 0.009154763 0.61770034 0.0016607387 5.314146e-05 0.06016687 0.74237674 0.13006057 0.016124457 0.06225699 0.077257924 0.0011297251 8.2937375e-05 0.020638842 3.9247026e-15 0.43804646 0.005841242 0.013199609 0.0030373214 0.07435361 0.0013502948 0.9913448 0.0049627027 0.02837218 0.0012958355 0.00071045815 0.0041253166 0.008943368 0.14814548 0.0011204964 0.0055450983 0.555358 0.003721587 0.0016073853 0.026131488 0.0020644008 0.0008293398 0.092648275 0.0020148393 0.0017945108 0.0009917071 0.0006281433 0.00021086456 0.1819339 0.006489978 0.0012714269 0.24205717 0.00014490617 0.00043870712 0.00023389579 0.02007006 0.0033801538 0.0035817998 0.041933242 0.033514343 0.00022031734 0.000111234986 8.415929e-05 0.00882011 0.00093256123 0.0029232486 5.224817e-05 0.0003183362 0.0074298233 0.00037624172 9.747261e-05 0.017728154 0.011556448 7.770328e-05 0.0056948834 0.0040325564 1.4033428e-05 1.700683e-05 0.00013362603 3.624904e-05 0.00021288598 1.5443411e-05 0.0001169918 3.7311693e-06 1.4110498e-05 2.8256314e-05 8.564222e-06 7.5693504e-05 0.09783336 7.89956e-05 1.9671494e-05 3.8060884e-06 0.00031433057 1.6449241e-05 3.2825665e-05 2.1543801e-05 1.582029e-05 0.00010205189 0.000115781295 0.0005023261
0.41389638 0.038565155 0.02111081 0.17447487 0.096190825 0.023853967 0.003319179 0.34735668 0.9707304 0.005474238 0.0016900098 0.8149947 0.16246015 0.0028053166 0.00013137545 0.002319474 0.0007221179 0.2000619 0.0005542288 0.002103191 0.43804646 7.283191e-15 1.777668e-05 7.2047624e-05 0.00015784278 0.9672336 0.47774765 0.40659347 0.0006356095 0.004173284 3.921585e-06 7.854154e-06 4.396503e-05 0.00037020858 0.91755575 0.0613845 6.488137e-05 0.075183325 0.5124383 0.27860904 0.023933383 0.05267455 1.0731262e-05 0.6800786 8.5156054e-05 0.0002529101 2.3342951e-05 0.08957244 0.038479455 0.43264097 0.47131163 3.8165294e-05 0.33330107 2.0092496e-06 1.9803924e-06 0.019632699 0.20344937 0.112635 0.00095699844 0.052616186 0.18706878 0.0015439899 4.1977637e-06 0.005147612 0.11833216 0.088344425 0.082537405 0.00024860213 2.0668544e-05 0.004886157 0.0007167423 0.003903107 0.00987005 0.07122934 0.00802938 0.00047369482 0.0002826792 2.178143e-06 0.0007780661 0.0015751461 3.0320916e-06 6.5213153e-06 1.3172954e-05 7.2763606e-07 7.8716075e-05 7.680032e-06 3.1179193e-06 1.4992038e-05 5.153956e-06 0.007974877 0.00017411223 3.362437e-05 6.3262385e-05 0.00037446638 1.7057664e-06 0.0010802286 3.6190092e-06 0.00031919256 2.2306354e-05 0.0073454664 0.008823475
0.00043589482 0.010386392 0.047079314 0.008447624 0.02214396 0.0020095203 0.691377 5.270232e-05 0.004127188 4.2027273e-06 2.4548552e-07 6.0835537e-05 0.012131788 0.0631674 0.7548116 0.0042454163 0.12575226 1.6031567e-05 4.774321e-05 0.6622063 0.005841242 1.777668e-05 5.628753e-19 0.007952708 0.55364585 7.73516e-06 2.878614e-06 0.00024357362 1.972477e-05 8.8284185e-05 0.8716656 0.7491796 0.18269993 0.0004236142 2.3857461e-05 1.4377679e-05 0.06941791 0.0036932665 3.469393e-07 1.5106842e-07 1.345124e-05 2.4199557e-05 9.956681e-07 0.00012618913 8.696224e-05 4.4648373e-06 4.7957983e-06 1.3522857e-05 2.1684516e-06 0.00020233174 4.203835e-05 2.8515435e-05 0.00013684225 0.27569956 4.9935993e-06 1.4066649e-06 6.305856e-05 7.753875e-06 2.178601e-05 6.135684e-05 2.814825e-05 1.4060285e-07 0.1770915 1.891027e-06 1.9720464e-05 1.1684562e-06 7.202928e-05 3.4813812e-07 1.7075616e-06 3.292317e-05 2.1874503e-06 3.375492e-08 0.00015528368 1.4596393e-05 5.1787288e-06 0.00033820642 2.1566722e-05 2.195797e-07 2.3942636e-07 3.8938656e-06 0.00018320685 0.0001489923 1.15403065e-08 0.00030888178 1.1839886e-06 4.5011834e-09 1.15236105e-08 2.3018679e-08 3.0768838e-06 0.007580646 6.292753e-07 8.084113e-08 1.0296887e-06 0.01210767 3.760078e-08 1.4575277e-05 4.7050268e-08 4.2844126e-06 2.4063593e-07 2.5908961e-05 0.00010205101
0.0976316 5.247498e-05 0.00013808186 1.43405005e-05 0.0074598105 4.405042e-06 0.12827733 1.059767e-06 0.00015842567 3.0963088e-06 6.3376336e-07 1.463067e-06 0.06258287 0.35943422 0.45423853 0.7654508 0.9741004 6.058507e-07 6.15491e-06 7.985877e-06 0.013199609 7.2047624e-05 0.007952708 7.876132e-19 5.8678186e-05 4.9001305e-06 3.474588e-07 0.0071004233 0.53787184 0.18587394 0.00019749663 0.012512457 0.22497049 0.9244689 1.0228013e-05 6.2809175e-07 0.4343378 0.03864984 1.5157048e-07 1.0702336e-07 0.036052946 3.4257536e-07 0.42487925 0.00015743673 0.2868248 0.09560744 0.10605757 2.3706703e-07 7.786321e-07 0.0035676844 8.319695e-06 0.103271514 0.0014641251 0.0066994093 0.08724523 3.218557e-07 0.0010923207 3.4312998e-05 0.033494156 0.012659401 0.00021507293 1.6058689e-08 0.00049123284 1.538657e-06 0.00020303902 8.5519673e-07 0.00058106036 3.2535983e-08 0.010080959 0.018305432 6.556148e-08 3.3161298e-09 0.009570939 0.0001999951 6.73291e-07 0.124037035 0.037002694 0.0023195327 1.3202609e-09 6.630088e-07 0.0044196015 0.031905167 2.0229844e-09 0.0018037872 1.3813229e-06 1.1517579e-10 1.2750799e-09 1.2353697e-08 0.0016782142 0.018451475 3.3717594e-08 1.805317e-08 3.6085257e-06 0.0005878719 2.257293e-09 7.057792e-07 2.397955e-08 3.163228e-06 8.205751e-08 2.2469365e-05 2.3240927e-05
9.692567e-06 0.0045999424 0.02416443 0.0048237294 0.0074699474 0.002349208 0.20837191 0.00027344798 0.002445377 3.8761726e-05 1.3338475e-06 0.0003056558 0.00073610793 0.001902051 0.13049972 0.0001775944 0.0015975656 8.4421913e-07 1.8687437e-05 0.8222677 0.0030373214 0.00015784278 0.55364585 5.8678186e-05 2.4611167e-16 1.3967828e-05 1.9163108e-06 3.7008893e-05 1.3508786e-06 6.091766e-06 0.24326743 0.05781657 0.0011282387 4.551123e-06 2.6324224e-05 4.0652435e-07 0.00035012473 0.00060490967 3.0782957e-08 1.0478808e-08 9.689336e-07 5.541479e-07 3.5511544e-08 6.810639e-05 5.783988e-06 1.2853128e-06 1.6370939e-06 3.544271e-07 1.5919398e-06 1.387668e-05 2.8585532e-06 5.4244384e-07 0.00011860262 0.010239174 4.4675994e-07 2.3263254e-07 1.6369713e-05 5.093226e-06 2.0226576e-06 1.968465e-05 2.6797177e-05 5.095261e-08 0.004021576 7.061212e-07 1.4657338e-05 2.7618148e-06 1.8332703e-05 3.5949746e-08 7.536745e-06 4.5664e-06 4.1260005e-08 4.18527e-09 2.2147291e-05 1.9194027e-05 9.049336e-07 8.792474e-05 1.7863531e-06 2.7993153e-06 1.8402075e-08 6.4514343e-06 8.203353e-07 1.1756382e-05 3.7672767e-09 8.557667e-06 2.0909097e-06 1.0932203e-09 6.454144e-09 2.5067976e-08 5.805485e-06 0.0012642147 2.8988723e-07 1.4515761e-08 6.502746e-06 0.0014855778 6.4088908e-09 6.827394e-06 3.4137503e-08 1.2075232e-05 2.6781947e-07 1.2769722e-05 2.7461865e-05
0.8808816 0.015791146 0.017476514 0.14393085 0.0031283933 0.052208453 0.0029744115 0.26305535 0.48323655 0.011559998 0.010194402 0.8032175 0.0017146602 3.8852548e-05 1.5653448e-05 1.2488148e-05 1.19332535e-05 0.22692549 0.0100985 0.0033986915 0.07435361 0.9672336 7.73516e-06 4.9001305e-06 1.3967828e-05 2.9263216e-14 0.95360565 0.02852673 4.8061233e-06 2.650115e-05 2.1752764e-06 1.2346229e-06 1.0363584e-06 3.4601296e-06 0.85129327 0.40290344 5.661288e-07 0.00873949 0.5603477 0.3681402 0.00087596365 0.16270249 6.1404546e-07 0.47564358 2.6813099e-05 2.008717e-06 9.979848e-07 0.054242674 0.36786366 0.029662594 0.19306874 3.4173959e-06 0.36692718 9.496818e-07 1.0852292e-07 0.019359566 0.16403891 0.46151745 4.0322277e-05 0.009864555 0.38276732 0.02711747 1.0971564e-06 0.015530464 0.10815104 0.5425387 0.13487726 0.0012539166 6.119718e-07 0.0008946272 0.010916141 0.006915919 0.0018544205 0.06000087 0.012027863 0.0015040135 0.00014362433 1.2429849e-08 0.001526967 0.042174034 1.3101977e-07 2.3878345e-06 0.0002158122 2.5013208e-07 0.00186876 0.00011436356 0.00012510529 0.00010106081 4.8881025e-06 0.09320178 0.00073538383 9.500088e-05 0.00031182167 0.00019059695 4.3845384e-06 0.013508938 5.977194e-06 0.0007702976 2.4044186e-05 0.041830365 0.016739614
0.5567368 0.0012078688 0.000560544 0.0046001268 0.00012307226 0.0025478255 3.72919e-05 0.36962315 0.025406452 0.0061243516 0.017156214 0.51222914 7.27988e-05 1.2520543e-06 1.3183807e-06 5.4409275e-06 6.449278e-07 0.97646403 0.045257255 0.00019971358 0.0013502948 0.47774765 2.878614e-06 3.474588e-07 1.9163108e-06 0.95360565 6.8733055e-18 0.001536128 2.6946182e-06 4.0986893e-06 2.0890948e-07 8.727362e-07 4.3957775e-07 1.8021965e-06 0.58809304 0.8501244 4.6262944e-06 0.0016896755 0.7580608 0.6035544 5.1774085e-05 0.3078445 4.4004057e-08 0.051666312 5.9653494e-06 4.5301013e-07 4.7632764e-08 0.4573283 0.71675426 0.002025899 0.22121307 2.1603323e-07 0.01632747 3.2044459e-06 8.2505136e-07 0.097485244 0.012661669 0.22790192 1.2354787e-05 0.0014779174 0.020586701 0.19582485 9.077739e-07 0.07534621 0.029230686 0.22216703 0.018557783 0.082394585 4.6170776e-08 0.0003499298 0.060096536 0.07534563 0.0010267125 0.00610314 0.066887595 0.00046176114 6.9460757e-06 1.3701997e-08 0.01294175 0.10651069 4.395568e-07 7.035233e-07 0.008269492 1.4694888e-07 0.007632088 0.0023594294 0.0037213583 0.004738996 7.2590194e-07 0.016664026 0.0022941113 0.0023260873 0.0011611541 4.3363943e-05 0.003214404 0.067853235 0.00046680763 0.0015356989 0.0001702495 0.031010892 0.00898656
0.91639763 0.0066091046 0.0057943207 0.0115800295 0.23160371 0.00044208093 0.011687767 0.005126749 0.111322574 0.00010999075 1.4514281e-06 0.016190926 0.6587092 0.11989958 0.0011495338 0.06564786 0.04365226 0.00038505608 1.2351112e-05 0.000100298064 0.9913448 0.40659347 0.00024357362 0.0071004233 3.7008893e-05 0.02852673 0.001536128 3.3063915e-16 0.013801012 0.10893509 1.9105091e-05 5.4304328e-05 0.0009613875 0.0047626 0.3530389 0.00084049936 0.0013517011 0.8899532 0.0028478818 0.0007369625 0.36774537 0.0007698158 0.0010635968 0.16612582 0.0026077316 0.0036151446 0.001060846 0.0005509003 0.0003705162 0.8131524 0.04341402 0.00048258933 0.6135632 0.0003678094 0.0002549472 0.0006506152 0.10182197 0.009640363 0.007022112 0.43263477 0.051580638 0.0004222348 5.350327e-05 0.00012352344 0.027395347 0.0007420557 0.008220999 4.8252998e-05 0.00014326333 0.024107516 0.0002728619 5.438056e-05 0.09486087 0.047911752 0.00045215475 0.012394908 0.004413747 2.2906284e-05 2.4675463e-05 0.00013536477 3.4915593e-05 7.215957e-05 4.27817e-06 2.8034017e-05 5.310957e-06 6.3148077e-06 3.6035287e-06 4.565194e-06 4.7790036e-05 0.17064054 2.6293863e-05 3.116495e-06 1.2587223e-05 0.00019862578 2.1553492e-06 1.9333023e-05 2.2984984e-06 2.2108125e-05 5.915163e-06 0.0006395087 0.00127225
0.31441575 8.227124e-05 0.000103530634 2.5759535e-05 0.008150366 5.128245e-06 0.0010416011 2.8023924e-06 0.0001750688 3.2196365e-06 8.060582e-07 4.3310134e-05 0.15108442 0.25817943 0.007806523 0.8961523 0.29303518 2.5188733e-06 3.5201756e-05 1.7789916e-06 0.0049627027 0.0006356095 1.972477e-05 0.53787184 1.3508786e-06 4.8061233e-06 2.6946182e-06 0.013801012 6.5073194e-17 0.95588386 1.3223056e-06 0.00047732535 0.023922246 0.4801824 0.000443917 1.6483084e-05 0.13776086 0.022842914 1.2297763e-05 1.2150885e-05 0.38957313 2.6817077e-06 0.7862927 0.00029605546 0.7366126 0.948153 0.44606632 5.083952e-06 8.5594496e-07 0.0156924 6.712907e-05 0.08891323 0.0034989812 0.00063513475 0.110812716 4.679703e-06 0.0012147208 0.00017310528 0.45717 0.06054644 0.00025357134 1.4266661e-07 6.3672123e-06 6.81061e-06 0.0011582455 8.220407e-06 0.00043391582 3.6594503e-07 0.020358937 0.25618574 3.1700713e-06 3.347378e-08 0.0815947 0.00041399538 8.309005e-06 0.32572296 0.2857263 0.008572554 9.917011e-09 1.0621487e-06 0.005083514 0.014064894 1.6005544e-08 0.0005614779 3.131576e-08 6.378866e-09 7.50398e-09 4.096313e-08 0.00096681394 0.014871598 2.024764e-07 3.2225438e-07 1.0981131e-06 4.3506232e-05 6.1471134e-08 1.8627091e-08 3.6039668e-07 1.200319e-06 6.385976e-07 4.451498e-05 8.87671e-05
0.63529813 0.0003521047 0.0005153202 0.00019470269 0.028151995 1.3151602e-05 0.001963783 1.42231065e-05 0.0009668809 1.4780582e-05 1.4403431e-06 0.00015699952 0.35164878 0.43055302 0.004649751 0.66121507 0.1733339 2.4481953e-06 3.045947e-05 1.6935286e-06 0.02837218 0.004173284 8.8284185e-05 0.18587394 6.091766e-06 2.650115e-05 4.0986893e-06 0.10893509 0.95588386 1.0699415e-15 4.1984363e-06 0.00042922734 0.01187014 0.104617506 0.0034762062 3.1852036e-05 0.037429523 0.1836527 1.5976302e-05 1.0654404e-05 0.9478625 2.350345e-05 0.10784594 0.0018754023 0.9562358 0.46450952 0.046628278 1.5086183e-05 2.2241682e-06 0.16364373 0.000704929 0.0108387135 0.023598153 0.00040173827 0.008283454 1.7190801e-05 0.006014907 0.00038582247 0.5726915 0.45534799 0.0017718222 1.8366379e-06 1.0330177e-05 5.1594543e-06 0.0024008434 8.880694e-06 0.0009168389 2.7337676e-06 0.0051180487 0.6716647 5.406726e-06 4.679136e-08 0.33979768 0.002908265 5.4543357e-06 0.293942 0.10900137 0.0015001063 1.1197715e-08 4.2023744e-06 0.0018553959 0.002910249 7.067677e-08 0.00018287206 6.5949024e-08 2.2453136e-08 8.181216e-08 4.7916404e-07 0.000622455 0.07457936 4.7502863e-07 8.077319e-07 2.2714885e-06 7.151251e-05 5.638109e-07 1.8512307e-07 7.596693e-07 3.25113e-06 2.7608035e-06 0.00016111876 0.00037424115
4.3815453e-06 0.0011958368 0.004985159 0.0010912393 0.0029909667 6.106019e-05 0.0756058 1.2995833e-06 0.00074848795 2.7322483e-06 1.4713497e-07 6.087567e-06 0.00063578866 0.0053911437 0.125657 0.0001498903 0.004337892 3.6994984e-07 1.6673772e-05 0.122819826 0.0012958355 3.921585e-06 0.8716656 0.00019749663 0.24326743 2.1752764e-06 2.0890948e-07 1.9105091e-05 1.3223056e-06 4.1984363e-06 2.455996e-16 0.72423327 0.10860701 0.00017204587 1.7167291e-05 3.210513e-07 0.0077520357 0.000603061 1.1481356e-08 3.6474646e-09 2.2221816e-06 2.1347687e-07 2.1394419e-07 4.6957546e-05 1.5869096e-05 2.8641432e-07 4.1357316e-06 5.26688e-07 1.4608836e-06 6.9563146e-05 4.0429068e-06 1.0132383e-05 0.00011046581 0.2564633 2.8575557e-06 3.158015e-07 8.790809e-06 1.1604394e-06 1.0333572e-06 2.2034177e-05 4.2777232e-05 2.7061397e-08 0.23970643 1.2324866e-06 8.768822e-06 2.9925202e-06 9.997114e-06 2.4846238e-07 4.1375915e-05 2.2388479e-06 8.660098e-07 1.7421439e-08 2.0920776e-05 3.132029e-05 1.1112036e-06 0.0002067636 5.16162e-06 2.6879452e-06 3.118701e-08 4.3569922e-05 0.0002832364 0.0002893452 5.7886806e-09 0.00082532107 1.9129309e-06 3.3032959e-09 3.8687066e-08 5.241313e-08 1.0170615e-05 0.009960116 7.556072e-07 3.2014032e-08 2.0368113e-06 0.038795855 2.1723645e-07 3.5589285e-06 7.486885e-08 4.7731896e-06 2.0066501e-07 9.407797e-06 1.1017767e-05
