1.6543283e-30 0.18200529 0.039894015 0.8597613 0.07531221 0.49825823 0.114790015 0.30312458 0.45291585 0.02025495 0.09203037 0.0453116 0.019969815 0.8423255 0.003475535 0.0127430875 0.0013792551 0.5896936 0.94574887 0.24973184 0.33356506 0.010616446 0.85182476 0.00018338708 0.0005159253 0.89106464 0.4344608 0.55242085 0.14376616 0.18577288 7.399008e-05 0.2536989 0.55533546 0.00029370646 0.0017699131 6.3334974e-06 5.1518036e-06 0.15324041 0.9482734 0.6659633 0.29060307 0.062096696 0.015905742 0.35253745 0.65722626 0.98059505 0.00019490092 5.5478536e-06 0.9961657 0.5653145 0.044665188 0.16623852 4.2108754e-06 2.6359103e-06 0.0018605666 2.8829614e-09 0.95497197 0.34889096 0.94939286 3.578583e-08 0.033522826 0.99692595 0.8456147 6.657116e-09 0.22163764 0.00019701544 0.7764184 3.0251869e-07 0.11550223 9.797363e-07 0.023196537 0.9883927 0.91006905 9.886168e-06 0.91394985 0.14834477 7.9798895e-07 0.9973263 5.574679e-08 0.9844676 0.013494065 1.007449e-06 0.042388845 4.568421e-10 0.9997827 2.8995375e-06 3.3288663e-06 0.0066233673 8.792515e-05 0.9995238 0.9988675 0.01208661 0.96574813 2.6595925e-10 1.2323092e-06 0.9949327 0.0017278094 1.4790396e-09 0.0014372688 0.00026797905 0.64501053
0.18200529 1.0007908e-21 0.657137 0.917538 0.31386316 0.39482245 0.20240936 0.5056634 0.91159517 0.17820142 0.503057 0.081008345 0.06590599 0.8013679 0.14862674 0.09898232 0.23144723 0.17400067 0.5746349 0.16489887 0.48355293 0.17628118 0.2722778 0.0055750622 0.019427145 0.5687946 0.354798 0.48416752 0.14958501 0.26764312 0.018447205 0.15550625 0.09301819 0.036381725 0.080728166 0.0033177075 0.0013982522 0.018299978 0.400113 0.0084136715 0.030301282 0.0056404085 0.005758975 0.021613708 0.04945561 0.2513121 0.0091395285 0.0072192336 0.27146903 0.1249067 0.049806267 0.055587284 0.004438533 0.015807925 0.006468589 0.00014561281 0.21697901 0.0073773107 0.0057050134 0.0012289468 0.0035586844 0.031402078 0.095659755 0.00060411263 0.002545115 0.01721139 0.08313227 0.00043994098 0.0031644108 0.0006497784 0.0046637845 0.004428614 0.095803194 0.0003267268 0.06591153 0.00025711468 0.0018262424 0.34136721 0.00024543205 0.003036686 0.0002877747 0.00011567987 0.0003311764 6.315618e-05 0.16754234 0.00017043046 0.00025994456 0.00025336613 9.689614e-05 0.16304258 0.03003178 0.00017318025 0.051403325 0.00027159444 1.2524203e-05 0.0012925905 0.0003095804 4.8661622e-08 0.00044090263 9.237336e-05 0.00044625095
0.039894015 0.657137 7.1503444e-20 0.23591469 0.7531434 0.2497595 0.27356613 0.8015626 0.44334352 0.657685 0.45223948 0.1431952 0.09187496 0.3960164 0.62214714 0.21231872 0.75438184 0.2647622 0.15860282 0.10170457 0.16270451 0.25344136 0.101538345 0.1031617 0.076648355 0.07838929 0.17574506 0.13451771 0.045274317 0.09078586 0.13578323 0.016028313 0.06996364 0.21977797 0.16400075 0.018820755 0.004488909 0.008220113 0.055049524 0.00066352246 0.005436449 0.005941739 0.001244935 0.017942088 0.0178719 0.011413325 0.016294725 0.01634944 0.024494885 0.0052642752 0.024213143 0.0029091309 0.0133716045 0.041685704 0.0021228322 0.002781018 0.011017874 0.0004874094 0.0049003013 0.0050517856 0.00055516144 0.0022010575 0.002913838 0.0040730694 0.0013305324 0.0022702324 0.011327107 0.0010988964 0.00039766304 0.00017220591 0.001424457 0.0015803499 0.007961803 0.0006784708 0.0027278785 4.1111714e-05 0.0012579063 0.01740734 0.0003934314 0.0012752133 6.543696e-05 2.3170884e-05 3.9253714e-06 0.00092056155 0.014013662 0.0006097488 3.5333065e-05 0.00010457065 5.902735e-05 0.007048178 0.0074625425 4.71713e-06 0.0041864663 0.00077269657 3.0973086e-05 9.153929e-05 2.5664025e-05 1.7546701e-07 3.8757695e-05 1.674042e-05 6.67275e-06
0.8597613 0.917538 0.23591469 3.7296007e-19 0.62616956 0.50631356 0.5574935 0.12551665 0.34455794 0.28419057 0.044502884 0.017296493 0.007497235 0.80752283 0.25360906 0.009736523 0.11767604 0.030479573 0.54063123 0.008642339 0.27889654 0.1422006 0.19277385 0.004981556 0.0030981048 0.40508327 0.02266904 0.05922938 0.0033740408 0.2444247 0.014795675 0.051194496 0.06947066 0.113182664 0.13115235 0.00086063845 0.00046504024 0.000744317 0.363294 0.0038840752 0.0004215062 0.0002768001 0.00010430682 0.032257214 0.0012556051 0.09052983 0.018888135 0.035126075 0.16015159 0.028969085 0.047115393 0.0005020639 0.012546374 0.013480952 0.00034243808 0.0002402128 0.036689006 0.001000575 0.0006210985 0.0057353056 0.0029626403 0.08657956 0.016411433 0.0021877217 0.0002479673 0.015911074 0.0043441043 0.0073577007 0.0005020148 0.0008258088 0.0046738735 0.0024156685 0.0015561894 0.0001432431 0.013841022 0.00013545413 0.0026964734 0.2750951 0.0029534285 0.0004914716 1.743092e-05 0.0007708561 0.00015046749 6.355595e-06 0.0667196 0.00018443892 0.00056033983 1.7891365e-05 2.4092666e-05 0.10321329 0.0095817335 0.0006080474 0.019269457 0.00034129276 0.00014915096 0.0008699662 0.0002385026 2.2812957e-05 0.00034421516 9.257479e-05 6.120074e-05
0.07531221 0.31386316 0.7531434 0.62616956 6.68966e-21 0.27485463 0.9361837 0.11025458 0.1411393 0.760374 0.025229424 0.008375261 0.004227334 0.3299268 0.44868717 0.010048071 0.26414546 0.01622292 0.1815307 0.0059605474 0.07104548 0.20541148 0.062619396 0.00494581 0.005097118 0.08081971 0.009144951 0.029190598 0.003517149 0.08875716 0.035943445 0.021239113 0.03614882 0.20997581 0.19559819 0.0015974238 0.0006034793 0.00025162924 0.037644364 0.0018371593 9.624758e-05 0.00016461052 0.00010812165 0.007832448 0.0017947769 0.006577934 0.032819387 0.04401237 0.012428749 0.0056990585 0.023306472 0.00059936655 0.036404844 0.031754855 9.9981386e-05 0.0004354845 0.0040563936 0.00031481477 0.00043271328 0.008805418 0.0013517011 0.0053529227 0.0043269964 0.0029235191 6.941498e-05 0.0043557505 0.0044722212 0.021304965 0.00038343528 0.0002874694 0.0010683228 0.0005305074 0.001377495 4.7708032e-05 0.004690407 1.5350039e-05 0.012546876 0.013734155 0.0039812415 0.0003085856 1.0431045e-05 0.00057151687 8.834908e-06 1.4272321e-05 0.0042762375 0.00025335597 0.00013985443 5.3728277e-06 3.5802016e-06 0.002771534 0.0021401676 6.447018e-06 0.0036709073 0.0004076419 5.3116328e-05 0.00022689426 1.4829676e-05 2.1298526e-06 1.2794322e-05 1.2890452e-05 4.5368743e-06
0.49825823 0.39482245 0.2497595 0.50631356 0.27485463 1.1806323e-22 0.81615597 0.12213734 0.36640468 0.28185412 0.058599174 0.0023446777 0.001300173 0.6872164 0.07143114 0.001668645 0.073436365 0.04248936 0.71672213 0.008723615 0.34853244 0.21112174 0.17656635 0.0011468309 0.0006902859 0.5660118 0.018924015 0.05793354 0.0060318727 0.5715121 0.004954725 0.30682465 0.28693962 0.0142049035 0.08132868 0.00016553192 5.6250803e-05 0.00046734637 0.25465432 0.059208386 0.00037301573 0.00023657325 5.8855738e-05 0.19094793 0.0029289862 0.061522033 0.009421522 0.0053794114 0.19154194 0.12783271 0.3071945 0.001441566 0.0047785714 0.001902578 5.7138364e-05 1.4103394e-05 0.01611315 0.016470546 0.0014540466 0.0005489888 0.01930509 0.14569211 0.07497581 0.00021948414 8.202728e-05 0.06302044 0.0031268527 0.0011385134 0.0036952728 0.009201701 0.009994298 0.001627186 0.003756663 7.6057986e-05 0.067493685 0.0003732846 0.003600532 0.0648666 0.0008204884 0.00047935813 3.2410488e-05 0.0020641312 0.00067725 2.7578999e-05 0.03545198 0.00014279777 0.006301239 2.8400445e-05 7.605715e-06 0.01758411 0.004676259 0.00050799805 0.14895275 0.00015936137 0.00048694407 0.009659095 0.0005398568 8.995129e-07 0.00065866095 0.0004458096 0.00030957922
0.114790015 0.20240936 0.27356613 0.5574935 0.9361837 0.81615597 5.566434e-23 0.022666646 0.09567288 0.60893077 0.008818398 0.0020306546 0.0006805779 0.3375317 0.2582788 0.002913398 0.09288781 0.00542213 0.35147387 0.0014023955 0.06787385 0.23839925 0.040765457 0.0014460342 0.0011129866 0.14995663 0.0016379302 0.01309434 0.0008491938 0.39089558 0.010081386 0.08400016 0.15941992 0.0900457 0.22335252 0.000180944 8.604078e-05 0.000105351726 0.0500814 0.013832511 3.4352975e-05 2.7013892e-05 1.924302e-05 0.035664283 0.000526615 0.010533938 0.03277111 0.03363177 0.022221623 0.020033853 0.07159868 0.00030305109 0.03370898 0.016589193 3.8304075e-05 2.520194e-05 0.0034795066 0.003508807 0.00023547593 0.005973505 0.0066967267 0.028862158 0.01668136 0.00106946 1.742203e-05 0.02894445 0.0023462605 0.01695789 0.0019563837 0.0036207582 0.003956286 0.00040865765 0.0011343496 5.433168e-05 0.016370557 0.00028118104 0.014109174 0.012764452 0.008767626 0.00017281348 4.270421e-06 0.0018339943 0.00023535649 6.4076908e-06 0.005711848 0.00014179222 0.0013466541 2.222934e-06 3.1432753e-06 0.0021594488 0.001682459 0.00023315531 0.013726102 0.000104556006 0.0002133203 0.0022659865 0.0002555221 1.3802122e-05 0.00027767816 0.00015131058 0.00012406781
0.30312458 0.5056634 0.8015626 0.12551665 0.11025458 0.12213734 0.022666646 6.4197804e-20 0.52553666 0.10134117 0.8508083 0.82324046 0.5978786 0.21224447 0.07040558 0.7795491 0.38335997 0.53694284 0.22425072 0.26934806 0.18854806 0.03955687 0.0537585 0.1924286 0.39249605 0.034111954 0.38993257 0.25764254 0.114798784 0.048696928 0.04867368 0.004658359 0.02482258 0.036893852 0.022474092 0.090800874 0.056122474 0.04643887 0.07516044 0.0006758699 0.02261011 0.030208552 0.0037452339 0.012827982 0.02054616 0.010349437 0.002197449 0.0018567449 0.03565789 0.0018561588 0.008568647 0.008429614 0.0009594828 0.0064236326 0.0050822026 0.0008399213 0.0062811067 7.60421e-05 0.035765547 0.0005256714 0.0001404476 0.010561767 0.0012380064 0.0003355436 0.012192098 0.0004877984 0.012560609 0.00033349005 1.9895178e-05 3.0472747e-05 0.0015084671 0.053660635 0.0364693 0.0007979677 0.00060794683 2.5057057e-06 0.00016683848 0.039234452 0.00015703276 0.024439443 0.0003870327 1.795555e-05 4.4173152e-07 0.001113632 0.0014839091 0.012106336 0.0001219333 0.00015245953 7.870954e-05 0.02667264 0.06983699 8.964458e-06 0.00089335337 0.00021451453 1.0629144e-05 0.000527247 1.0885149e-05 4.5183742e-07 1.3205696e-05 5.131112e-06 3.9280976e-06
0.45291585 0.91159517 0.44334352 0.34455794 0.1411393 0.36640468 0.09567288 0.52553666 8.719605e-21 0.08514904 0.710756 0.1197699 0.11183131 0.6879784 0.06747065 0.079238966 0.15046936 0.33424342 0.41351116 0.31006223 0.6165058 0.075866215 0.35249156 0.0054699485 0.026366748 0.49154413 0.52868605 0.58491987 0.2486428 0.088008076 0.00445894 0.11307866 0.034708228 0.012213955 0.022991987 0.003129618 0.0021533389 0.043644205 0.41987818 0.008090195 0.053178675 0.024714932 0.02284699 0.00540366 0.086196125 0.30771816 0.001257438 0.0010554865 0.36034885 0.13846321 0.012804998 0.08539404 0.0017753658 0.009009626 0.01882807 4.035432e-05 0.31704345 0.001012443 0.034214206 8.418683e-05 0.0005241034 0.055760164 0.10014269 0.000100229125 0.0076334774 0.002261204 0.15437014 4.3971366e-05 0.00031302808 1.2063732e-05 0.0017866002 0.042327795 0.14022446 0.0003728052 0.061381225 6.8408895e-05 0.00075786223 0.49205798 8.451158e-05 0.011924945 0.0017309184 2.8068633e-05 0.00012258485 5.880916e-05 0.19323866 0.00031127705 7.83467e-05 0.0004324441 5.7139998e-05 0.42019126 0.17202182 0.00017644861 0.0208281 0.00015622957 3.6531724e-06 0.0011508738 6.058837e-05 2.231183e-08 8.635941e-05 2.7484031e-05 0.00036285442
0.02025495 0.17820142 0.657685 0.28419057 0.760374 0.28185412 0.60893077 0.10134117 0.08514904 5.641403e-23 0.01780432 0.0029559827 0.0011985884 0.3270463 0.89515656 0.002058759 0.3764925 0.013914242 0.21729593 0.004469034 0.05143289 0.5372437 0.028318636 0.0035769767 0.0017520727 0.042741373 0.005360154 0.013583951 0.0017469357 0.4252774 0.08420695 0.030807367 0.08821452 0.44422352 0.42103916 0.000500325 0.000254466 0.00026378618 0.01313117 0.003197506 0.00031423673 0.000102327096 3.4249897e-05 0.024997592 0.0013908882 0.002886285 0.055366214 0.08349584 0.0045385044 0.0063752336 0.08969156 0.00058774574 0.07928908 0.09729232 2.0539721e-05 0.0017154103 0.0008422675 0.00090872933 0.0005009696 0.020872544 0.0031185008 0.0051646926 0.00279711 0.0064917733 4.1241263e-05 0.020230519 0.002785363 0.029882548 0.0010368582 0.0017295842 0.0028542806 0.00041492662 0.0020198454 0.00016807727 0.004897772 9.1967355e-05 0.018125914 0.0011649692 0.0049931454 0.00040536726 9.9285535e-06 0.0011563235 1.93279e-05 3.851011e-05 0.00046672748 0.00031639342 0.00049512746 7.141495e-06 4.694521e-06 0.0003424015 0.0015783549 1.0830125e-05 0.0036503603 0.0011247237 0.0001410597 0.0002234045 6.684352e-05 2.07312e-05 6.217863e-05 5.9355658e-05 3.937711e-06
0.09203037 0.503057 0.45223948 0.044502884 0.025229424 0.058599174 0.008818398 0.8508083 0.710756 0.01780432 9.907522e-20 0.552986 0.7130395 0.21420078 0.009149378 0.518129 0.117323026 0.8490135 0.08359236 0.8351668 0.33926046 0.005216344 0.085802674 0.034424014 0.1263036 0.042277426 0.68063366 0.53158617 0.64285594 0.0046630753 0.005022231 0.0021045092 0.0033392732 0.0024927207 0.0025142406 0.03650197 0.03719299 0.16746119 0.07928131 0.00011133773 0.121949315 0.28651968 0.043241337 0.0010085041 0.10128795 0.024979493 0.0001852044 0.00013124947 0.03570324 0.0028956768 0.0028276036 0.047287293 7.637024e-05 0.00014602026 0.20677121 2.628624e-05 0.047117967 1.3585951e-05 0.062005237 8.644857e-05 2.1507325e-05 0.00077298 0.0009887178 4.090413e-05 0.03075364 3.3485165e-05 0.054224275 5.0372666e-05 1.5872146e-06 1.1663153e-06 0.0008927491 0.16531223 0.046090916 0.01083569 0.0005107315 5.561348e-07 0.00032297915 0.06653033 1.8517889e-05 0.03511254 0.0049938047 3.7155653e-05 1.18609e-07 0.00010543938 0.007015757 0.0033327003 1.0027938e-05 0.004093153 0.0007211461 0.023896992 0.12342982 3.1116082e-07 8.366929e-05 0.0011271778 2.0852144e-06 2.0860569e-05 4.8892775e-06 1.4252245e-07 4.5716683e-06 1.9572083e-06 5.1077376e-07
0.0453116 0.081008345 0.1431952 0.017296493 0.008375261 0.0023446777 0.0020306546 0.82324046 0.1197699 0.0029559827 0.552986 3.0239282e-21 0.8103875 0.022535797 0.0054277256 0.7901459 0.08566049 0.33893782 0.008119966 0.22287257 0.053742506 0.0006637348 0.02381236 0.20848677 0.41030675 0.0028610572 0.16833824 0.048661742 0.16335157 0.000909835 0.020138618 0.00089468557 0.00051248504 0.0021795905 0.00046825915 0.12686285 0.15470906 0.08639066 0.011951209 2.2860153e-05 0.05205916 0.15474987 0.009242646 0.00015797532 0.03442137 0.0057653273 4.781949e-05 6.474983e-05 0.004446583 0.0001277654 0.00018935987 0.0062953527 9.6181895e-05 0.00021373019 0.038113125 6.844347e-05 0.003738532 1.5846751e-06 0.07326057 5.0601127e-05 2.0082965e-05 0.0003131263 9.054222e-05 2.7324895e-05 0.011284518 3.0523574e-06 0.006845807 3.0129222e-05 4.0821746e-07 1.5201714e-06 2.2301248e-05 0.05417498 0.0054024695 0.002470027 7.593753e-05 2.9201695e-08 0.00010631693 0.00961068 1.3408884e-05 0.022620866 0.0015074944 4.1056255e-06 2.0071505e-08 0.0021756904 0.00069233263 0.030709311 1.1516949e-05 0.0012090766 0.0002871981 0.0025475677 0.035820607 6.802456e-08 5.7375346e-05 0.00021746356 2.6176417e-07 6.235077e-05 1.7846664e-07 5.5397646e-08 2.1670466e-07 7.756878e-08 7.669096e-08
0.019969815 0.06590599 0.09187496 0.007497235 0.004227334 0.001300173 0.0006805779 0.5978786 0.11183131 0.0011985884 0.7130395 0.8103875 1.16115075e-20 0.015753107 0.0013230656 0.7486693 0.048953176 0.32008788 0.0029677106 0.23163396 0.044424694 0.00011417461 0.02312628 0.1575542 0.38778082 0.0016618582 0.2032739 0.08519355 0.21820594 6.5124936e-05 0.0053753294 0.00021820603 7.907912e-05 8.579276e-05 0.00011427777 0.14490375 0.24165541 0.10162258 0.01016586 1.2068905e-06 0.08649536 0.17402433 0.019484377 1.2558541e-05 0.062194802 0.005295438 9.58894e-06 4.9623004e-06 0.0046743266 0.0001190667 3.0771847e-05 0.016383106 8.8547995e-06 2.1027226e-05 0.13431482 3.9095685e-06 0.007211627 7.000985e-07 0.10811724 6.1476408e-06 1.4705726e-05 6.6951297e-06 9.711456e-05 2.9796854e-06 0.030180812 1.208602e-06 0.01484796 2.8728382e-06 1.8304242e-07 6.970293e-07 1.1899853e-05 0.13111705 0.010783327 0.023460692 1.00263405e-05 1.0514786e-08 1.5636782e-05 0.0047043767 1.4471683e-06 0.03918434 0.003987832 4.9225497e-07 3.6916563e-09 0.0023552289 0.00064959284 0.03998194 2.4030605e-06 0.0052426965 0.001304369 0.0017946297 0.03476715 7.638421e-09 3.503101e-06 0.00018846913 1.7964781e-07 3.112147e-06 2.654831e-08 7.727768e-09 1.9311562e-08 1.44239385e-08 5.0897415e-09
0.8423255 0.8013679 0.3960164 0.80752283 0.3299268 0.6872164 0.3375317 0.21224447 0.6879784 0.3270463 0.21420078 0.022535797 0.015753107 3.225376e-18 0.16502711 0.018673673 0.10987473 0.07905692 0.7563189 0.024645759 0.43920982 0.2688646 0.5974254 0.0038337752 0.0036410203 0.79097635 0.115048945 0.15121655 0.013110892 0.35666972 0.00846416 0.19045451 0.15767206 0.032801222 0.13616802 0.0021749362 0.00056315423 0.005700493 0.4882325 0.04667078 0.0040033655 0.00058961945 0.0011737681 0.093009494 0.014196691 0.24396805 0.017638974 0.018730737 0.4284395 0.15227798 0.075761385 0.005797322 0.01742528 0.010328351 0.00040757505 6.441582e-05 0.10643005 0.006631786 0.0027362017 0.002976181 0.009350646 0.259526 0.12999122 0.001105342 0.0011017654 0.017903706 0.02079541 0.002274798 0.0059289495 0.002518779 0.012504977 0.0044605266 0.007690791 0.0003193448 0.07197855 0.0021005801 0.005622345 0.39296117 0.0015931085 0.0018160605 1.6442373e-05 0.00039170065 0.0020662276 0.00028320213 0.28442666 0.00022664144 0.0009547946 2.0181229e-05 1.134903e-05 0.4011932 0.036792643 0.0032175616 0.077920824 0.0008123455 0.00023987172 0.0064810314 0.0022815657 2.5618103e-05 0.003266824 0.0014484316 0.0008847113
0.003475535 0.14862674 0.62214714 0.25360906 0.44868717 0.07143114 0.2582788 0.07040558 0.06747065 0.89515656 0.009149378 0.0054277256 0.0013230656 0.16502711 4.1507128e-20 0.0029404878 0.64153445 0.008866984 0.06864827 0.0033318235 0.013769192 0.31559846 0.024520744 0.0034727785 0.0010211288 0.01645724 0.0044734282 0.0057838145 0.0027038984 0.09466687 0.29421982 0.008746306 0.04591568 0.58664095 0.3873966 0.0008283849 0.0002021491 0.00019249876 0.0076363944 0.0010153045 0.00020422286 6.34595e-05 6.1482424e-05 0.008756977 0.0024923524 0.0037691027 0.07715203 0.113740556 0.002682818 0.0017083868 0.016746487 0.00071029353 0.09379603 0.1865039 9.963378e-05 0.014993193 0.0028877386 0.00037048917 0.00042040017 0.046052415 0.0015230926 0.0007088856 0.0015349607 0.019803891 3.4945475e-05 0.0021491558 0.0064529357 0.031885 0.00048361722 0.0011723606 0.00092524133 0.00031082853 0.0008678494 5.765893e-05 0.0015607806 5.8026817e-05 0.010549391 0.001411368 0.0048018857 0.00029126494 3.893688e-06 0.00013364732 8.6332275e-06 4.489647e-05 0.001322776 0.00012204744 8.120821e-05 1.1364105e-05 7.5254115e-06 0.0012709905 0.0012994268 1.3615538e-05 0.0020451355 0.004162173 4.0021456e-05 0.00016098037 1.3105416e-05 1.5836244e-05 1.4230801e-05 7.1223762e-06 3.0967192e-06
0.0127430875 0.09898232 0.21231872 0.009736523 0.010048071 0.001668645 0.002913398 0.7795491 0.079238966 0.002058759 0.518129 0.7901459 0.7486693 0.018673673 0.0029404878 9.02978e-21 0.105857715 0.18681645 0.004335268 0.0980387 0.023780974 0.000114776034 0.00938953 0.47222793 0.7255131 0.00078286766 0.09789349 0.02151308 0.103294395 0.00011912089 0.011655714 0.0008217726 7.497879e-05 0.00036623902 0.0001546594 0.49561757 0.5828992 0.034995276 0.0031192696 3.0418365e-05 0.029036343 0.088593796 0.0021021555 2.4653635e-05 0.019721063 0.001194062 2.3646824e-05 1.3985156e-05 0.0010648614 0.0004692858 0.00011220142 0.0036836439 2.6063453e-05 0.00013101286 0.027068855 2.6873082e-05 0.0010141322 1.4291861e-06 0.021172563 3.3048232e-06 1.9157982e-05 0.00022520543 0.00024400724 1.542668e-06 0.006242786 4.401237e-06 0.0044237473 2.5320755e-05 1.2846315e-06 6.4879134e-07 5.1805695e-05 0.017179333 0.0022088662 0.007349345 0.000101682046 4.8092314e-08 4.047345e-05 0.001814171 7.3155725e-06 0.018107306 0.0007483188 2.014943e-06 2.9102887e-08 0.013420932 6.173813e-05 0.1315341 5.0097094e-07 0.0007754952 7.824306e-05 0.00064147345 0.0066890097 4.9710913e-08 2.4738222e-06 3.408801e-05 1.1979444e-07 9.386338e-05 3.0466208e-07 5.5116e-09 1.0118633e-07 2.957986e-08 6.3832712e-09
0.0013792551 0.23144723 0.75438184 0.11767604 0.26414546 0.073436365 0.09288781 0.38335997 0.15046936 0.3764925 0.117323026 0.08566049 0.048953176 0.10987473 0.64153445 0.105857715 1.0965666e-19 0.08926157 0.05416051 0.03261971 0.030403597 0.097019024 0.034538977 0.15590739 0.050496 0.011966475 0.026284251 0.016215395 0.014689055 0.010978976 0.7308019 0.003240669 0.005645338 0.42271614 0.107048325 0.019399028 0.007073197 0.002130127 0.0063453848 0.0006534019 0.0014991919 0.000602881 0.00030239223 0.0051696305 0.0052422713 0.0013127807 0.018003346 0.0070766816 0.0058602183 0.0016022589 0.005602193 0.00072122767 0.008260471 0.09557179 0.0001949987 0.07957903 0.0019213231 0.00020859542 0.0010163551 0.008193174 0.0005991705 0.0006625433 0.0015160278 0.0072682304 0.00015415889 0.0011756036 0.0024550695 0.0013541584 0.00019293083 5.7555542e-05 0.0011246443 0.00043462915 0.0012802788 0.00036729607 0.00057299045 3.0655563e-05 0.0010352625 0.0015798971 0.000596797 0.00034908496 2.0346768e-05 5.3248197e-05 1.3720925e-05 0.0035316523 0.004718798 0.0004657295 9.897861e-05 3.6354075e-05 8.071849e-06 0.0022389751 0.0016921345 6.0574007e-06 0.0003323515 0.0034125631 9.307393e-06 0.00039112844 3.8083417e-05 1.1375768e-06 2.550981e-05 1.5800808e-05 3.0724505e-06
0.5896936 0.17400067 0.2647622 0.030479573 0.01622292 0.04248936 0.00542213 0.53694284 0.33424342 0.013914242 0.8490135 0.33893782 0.32008788 0.07905692 0.008866984 0.18681645 0.08926157 3.0846804e-18 0.053001914 0.91049945 0.18619138 0.0043793675 0.07099217 0.03718995 0.088353924 0.04645891 0.48768944 0.47548252 0.51800203 0.0012995079 0.0027100155 0.0018875994 0.001619918 0.002804177 0.005294557 0.0225166 0.03190211 0.31862757 0.13415016 0.00025517587 0.16323142 0.2790932 0.068038754 0.001325436 0.17565267 0.049932797 0.0010157175 0.00021192906 0.07000649 0.0012798491 0.0010956863 0.06297905 0.0004970973 0.0017535996 0.064599544 7.444583e-05 0.091378376 1.3848838e-05 0.23687331 0.00015792424 0.00018335001 0.005766356 0.0015953435 0.0001836701 0.11914657 0.00032836923 0.10347656 9.568903e-05 1.8847122e-05 2.6554022e-05 0.0010406781 0.30836168 0.14269543 0.0031211143 0.0006031036 4.3038895e-06 0.0010004678 0.2170544 0.00021434153 0.105836466 0.00482698 4.0631123e-05 1.333302e-06 0.00020351881 0.011402836 0.008541739 5.7622925e-05 0.0022945763 0.00095841323 0.338045 0.34384784 7.011379e-06 0.00030386398 0.00055140565 1.1629527e-05 0.00030465613 1.9790464e-06 5.4899715e-07 2.1339208e-06 1.4627167e-06 3.5568942e-07
0.94574887 0.5746349 0.15860282 0.54063123 0.1815307 0.71672213 0.35147387 0.22425072 0.41351116 0.21729593 0.08359236 0.008119966 0.0029677106 0.7563189 0.06864827 0.004335268 0.05416051 0.053001914 5.9356115e-18 0.007324973 0.18145864 0.2556108 0.2900745 0.005104308 0.0023106781 0.8007999 0.016591765 0.038681366 0.0028561554 0.6087162 0.008368706 0.59893143 0.5099999 0.016145684 0.106133536 0.00097609736 0.00013980202 0.00034496016 0.20549302 0.21098001 0.00023134793 6.167152e-05 0.00012543156 0.41939107 0.0010398488 0.09312126 0.032197267 0.016244896 0.32281452 0.25217256 0.23073868 0.0003889984 0.018232109 0.0031947426 3.872116e-05 3.7645725e-05 0.023195326 0.042716496 0.00041263335 0.0006526277 0.06897971 0.5853791 0.17953978 0.0001835323 2.562245e-05 0.040848196 0.0016691193 0.0035901496 0.03287313 0.008030357 0.036443613 0.00061024766 0.00061673956 0.00014498648 0.23664421 0.009404219 0.009416478 0.08421037 0.0047839293 9.078337e-05 3.5771059e-06 0.0024612716 0.006922442 7.825874e-05 0.18641628 0.00028885115 0.0025938803 1.8893012e-05 1.7931301e-05 0.051382497 0.0031270166 0.012148777 0.18603928 0.00023680573 0.0006463533 0.03098503 0.0066601275 5.4635326e-05 0.008058788 0.0054039974 0.010104034
0.24973184 0.16489887 0.10170457 0.008642339 0.0059605474 0.008723615 0.0014023955 0.26934806 0.31006223 0.004469034 0.8351668 0.22287257 0.23163396 0.024645759 0.0033318235 0.0980387 0.03261971 0.91049945 0.007324973 6.5429325e-19 0.16983053 0.0005869039 0.051732875 0.016518263 0.05482336 0.00794313 0.6540437 0.43602562 0.9152914 0.00021403044 0.00044821287 0.00061265164 0.00027905434 0.00042363096 0.00094562856 0.009835471 0.017605295 0.27532616 0.056055825 8.082379e-06 0.15585203 0.33575416 0.13659017 9.992077e-05 0.118025206 0.03833227 0.00013478432 4.6007914e-05 0.026365234 0.0008932775 0.00023571633 0.08569434 8.117027e-05 7.6369215e-05 0.13827424 3.066463e-05 0.10587953 2.0744155e-05 0.18966824 0.00015115713 5.0414183e-05 0.00014614787 0.0010673886 9.0211244e-05 0.06568024 2.3985374e-05 0.09273586 4.1874984e-05 5.341943e-06 1.8530848e-06 0.00013504268 0.1559295 0.08231377 0.0055432767 0.00019938532 4.6292448e-07 0.0004741131 0.11873725 6.506975e-05 0.061837338 0.021420935 9.957626e-06 2.9522693e-07 7.9198595e-05 0.006225052 0.0065192143 6.846583e-06 0.004442696 0.0015479899 0.07723246 0.18693236 3.4821517e-07 1.8988692e-05 0.0001817227 2.893347e-06 9.851496e-06 5.874873e-07 3.423915e-07 4.85404e-07 4.1354096e-07 5.74208e-08
0.33356506 0.48355293 0.16270451 0.27889654 0.07104548 0.34853244 0.06787385 0.18854806 0.6165058 0.05143289 0.33926046 0.053742506 0.044424694 0.43920982 0.013769192 0.023780974 0.030403597 0.18619138 0.18145864 0.16983053 3.2060905e-19 0.02733675 0.9374548 0.002295049 0.0052390527 0.3500208 0.4039221 0.69500947 0.17284282 0.022586312 0.000554357 0.054729305 0.0067154807 0.00028257247 0.0049000354 0.0014250276 0.00036514484 0.028664904 0.39014453 0.0016632122 0.03948836 0.008375364 0.0151796155 0.0013244214 0.060220774 0.33052298 0.00095563126 6.860371e-05 0.24202672 0.066709526 0.0019719778 0.05521001 0.0003971785 0.0013245465 0.0022683921 3.4589142e-05 0.36067483 0.00022445753 0.02399723 4.1847477e-05 0.0002636066 0.01565286 0.04737398 0.00010146497 0.00842543 0.00051218667 0.119060725 1.7826558e-05 0.00018495113 1.5451675e-05 0.0012092945 0.044266246 0.10654516 0.00014754268 0.01706537 2.8464656e-05 0.0004853846 0.3415088 1.1049641e-05 0.0076755467 0.0011625895 1.1926062e-05 4.0240717e-05 3.904071e-05 0.1620222 0.00023820486 2.5638388e-05 0.0001931208 2.4062196e-05 0.2341919 0.10422245 0.000100932324 0.0031898108 5.996901e-05 8.787826e-06 0.00042600484 3.3679982e-05 7.3316926e-08 2.7995544e-05 1.9956253e-05 0.00019021235
0.010616446 0.17628118 0.25344136 0.1422006 0.20541148 0.21112174 0.23839925 0.03955687 0.075866215 0.5372437 0.005216344 0.0006637348 0.00011417461 0.2688646 0.31559846 0.000114776034 0.097019024 0.0043793675 0.2556108 0.0005869039 0.02733675 5.020483e-21 0.009655015 0.0005622758 3.881292e-05 0.0728402 0.000324276 0.0014470606 7.029801e-05 0.7841678 0.011987681 0.0614634 0.3857166 0.1543585 0.5705558 3.7633377e-05 9.716296e-06 5.227204e-05 0.009401865 0.0063499273 5.1548137e-05 2.8661952e-05 4.0174514e-06 0.2880828 0.0003529785 0.0010450233 0.19308017 0.106052615 0.004029579 0.017393708 0.5099285 2.9996307e-05 0.118615694 0.026300667 1.0368058e-05 9.9125595e-05 0.0005010183 0.003704357 9.3603434e-05 0.0073659043 0.038289133 0.008992026 0.009365126 0.0013625892 1.9761957e-05 0.327812 0.00035271552 0.032537032 0.005854655 0.05770948 0.0169162 0.00042172492 6.488322e-05 0.00011123584 0.0066873864 0.000869714 0.039505463 0.001689442 0.03437638 0.00019029256 1.1531479e-05 0.016181486 0.0009214148 2.224426e-05 0.0009033523 3.0679457e-05 0.0052303267 3.2174616e-05 2.105996e-05 0.0005659183 0.000557682 0.00045216444 0.01596434 0.00048154555 0.0014771282 0.0011931434 0.0006021539 0.0004288317 0.0005924442 0.00076853397 0.00012936222
0.85182476 0.2722778 0.101538345 0.19277385 0.062619396 0.17656635 0.040765457 0.0537585 0.35249156 0.028318636 0.085802674 0.02381236 0.02312628 0.5974254 0.024520744 0.00938953 0.034538977 0.07099217 0.2900745 0.051732875 0.9374548 0.009655015 2.5871738e-21 0.0027869705 0.002413803 0.5704463 0.2518868 0.71652406 0.057366475 0.010585782 0.0009441687 0.06787456 0.0030187722 0.0010534424 0.0038855108 0.0011048288 0.00032629364 0.0131724775 0.77798647 0.005922151 0.012419034 0.0032832245 0.005079637 0.0012063952 0.038532842 0.54551214 0.000463373 0.00019358993 0.5209883 0.05706239 0.0013001303 0.02580706 0.0005784123 0.00057548244 0.0011292652 1.0986846e-05 0.54557884 0.0004435351 0.024408115 8.5818945e-05 0.00033999005 0.07376491 0.03947302 5.4505017e-05 0.006196765 0.00014367132 0.076251596 2.5885127e-05 0.00019416255 3.3178717e-06 0.0006846721 0.071411505 0.030397546 0.00012484298 0.013639451 7.0017006e-05 0.00012960004 0.71230155 1.0976969e-05 0.0049726353 0.00032649256 3.7782777e-06 0.00015683865 1.2203073e-05 0.35315534 0.00013923708 2.984795e-05 0.00012347255 7.884159e-06 0.68421 0.17577338 0.00030950218 0.002891786 4.4857312e-05 4.7614776e-06 0.0007357588 3.134913e-05 4.8786137e-07 3.987037e-05 7.80529e-06 3.0160412e-05
0.00018338708 0.0055750622 0.1031617 0.004981556 0.00494581 0.0011468309 0.0014460342 0.1924286 0.0054699485 0.0035769767 0.034424014 0.20848677 0.1575542 0.0038337752 0.0034727785 0.47222793 0.15590739 0.03718995 0.005104308 0.016518263 0.002295049 0.0005622758 0.0027869705 1.3843674e-18 0.6231486 0.0014220389 0.009349772 0.0018194062 0.01130077 0.0015006716 0.02109551 0.00072827726 0.0011748745 0.000831371 0.00024881226 0.48593932 0.3336677 0.0032395488 0.00096819515 5.51097e-05 0.0017989282 0.0063734706 9.455086e-05 0.0005580662 0.002217906 0.0007289391 3.4383815e-05 4.023072e-06 0.00053575705 0.0002209532 0.00022226945 0.0006005048 3.506012e-06 7.0055474e-05 0.000557283 0.0018512593 0.0003061751 6.0958573e-06 0.0018457574 3.1895336e-06 7.9345555e-05 0.00044110176 0.00028811657 2.0310108e-05 0.0011929943 1.2414325e-05 0.0017158593 2.0338398e-06 1.61359e-05 9.2853924e-07 9.532124e-05 0.0015237972 0.0006948378 0.0005826063 0.00024483615 4.3339384e-07 2.2803658e-06 0.0013997726 8.344521e-07 0.0020783693 2.0714442e-05 8.0126347e-07 5.8241756e-07 0.04473041 0.00025981545 0.03964757 4.4668838e-07 5.2325013e-05 4.8844468e-05 0.0008101239 0.0015009586 4.1613703e-07 9.755223e-05 0.00014207824 1.3354207e-06 0.0004933773 1.2308169e-07 1.177023e-08 1.16752545e-07 4.667103e-08 1.3444655e-06
0.0005159253 0.019427145 0.076648355 0.0030981048 0.005097118 0.0006902859 0.0011129866 0.39249605 0.026366748 0.0017520727 0.1263036 0.41030675 0.38778082 0.0036410203 0.0010211288 0.7255131 0.050496 0.088353924 0.0023106781 0.05482336 0.0052390527 3.881292e-05 0.002413803 0.6231486 3.8075864e-20 0.0003267782 0.033270836 0.00391005 0.029612176 0.00023007927 0.0042010886 0.00033080805 0.00027687533 2.3713015e-05 4.9434704e-05 0.43969503 0.39047444 0.010977431 0.00060692086 6.0048933e-06 0.0053621707 0.035748795 0.00026217106 0.00012891111 0.0040598083 0.00021662915 7.029392e-05 5.3235935e-06 0.000108115455 0.00015459658 6.119112e-05 0.0009973003 9.787162e-06 1.33858985e-05 0.0030458933 3.7028305e-05 0.00015116335 9.148744e-07 0.0029900696 3.575467e-07 1.0909093e-05 1.6401264e-05 6.377912e-05 6.726223e-07 0.0028174794 2.0252855e-05 0.0007383166 6.0987177e-06 2.2788515e-07 3.1094817e-07 7.757123e-06 0.0012078291 0.00073640037 0.0013404129 3.0153195e-05 6.572058e-09 1.6275008e-05 0.00014123767 6.288362e-07 0.001592374 4.9647264e-05 1.2476928e-06 3.075377e-09 0.026390843 1.9459456e-05 0.07268799 1.7675116e-07 6.757626e-05 1.4850862e-05 2.9845018e-05 0.00029893027 5.1746083e-09 3.1857094e-06 1.2375942e-05 3.4393258e-07 1.3978396e-05 7.0469706e-09 9.439168e-10 3.2149552e-09 1.7847225e-09 3.015789e-10
0.89106464 0.5687946 0.07838929 0.40508327 0.08081971 0.5660118 0.14995663 0.034111954 0.49154413 0.042741373 0.042277426 0.0028610572 0.0016618582 0.79097635 0.01645724 0.00078286766 0.011966475 0.04645891 0.8007999 0.00794313 0.3500208 0.0728402 0.5704463 0.0014220389 0.0003267782 6.2448513e-21 0.025741547 0.06827875 0.0034140036 0.29958338 0.001646654 0.45156565 0.18405211 0.0009776131 0.020100728 0.00012930979 2.9375671e-05 0.0006300263 0.44504398 0.13504778 0.00090413523 8.0897466e-05 4.6779696e-05 0.111448765 0.002531291 0.26962173 0.006454918 0.000649308 0.6423268 0.6174106 0.047259223 0.0009593634 0.0009058584 0.00013446205 3.6997437e-06 7.454568e-06 0.05731477 0.028451493 0.0020839286 1.7729055e-05 0.024017341 0.56387144 0.45885116 5.1983014e-05 9.107082e-05 0.004272193 0.0035860878 4.4108154e-05 0.022244537 0.0006130739 0.0070032133 0.0034372984 0.001618688 8.552514e-05 0.32009545 0.0054420745 0.0007882831 0.1879174 0.0002010862 0.00038160107 1.298019e-06 0.0001107258 0.0040734657 4.761378e-06 0.3579106 0.00051835267 0.0004908145 6.470449e-06 1.7231582e-06 0.095673814 0.007353425 0.0048493096 0.08959795 2.8464412e-05 0.00015216508 0.017247094 0.0028848376 1.9081936e-06 0.0041379924 0.002237355 0.0057210745
0.4344608 0.354798 0.17574506 0.02266904 0.009144951 0.018924015 0.0016379302 0.38993257 0.52868605 0.005360154 0.68063366 0.16833824 0.2032739 0.115048945 0.0044734282 0.09789349 0.026284251 0.48768944 0.016591765 0.6540437 0.4039221 0.000324276 0.2518868 0.009349772 0.033270836 0.025741547 3.3252876e-17 0.8532215 0.7227122 0.0001355225 0.00088924274 0.00086824846 6.9283626e-05 0.00073133723 0.0021366528 0.006588215 0.014916569 0.37700447 0.23063466 1.1461998e-05 0.35569212 0.23266825 0.16021776 9.195928e-05 0.31856993 0.22573131 0.00067823404 8.246636e-05 0.106700994 0.0027508407 0.00042406388 0.26773757 0.00015506317 0.00015656352 0.051674232 8.3063635e-05 0.3897691 2.2949425e-05 0.5490821 0.0002161741 8.302855e-05 0.00044067187 0.004166579 0.00021988724 0.108875595 4.8836453e-05 0.25791422 6.6761015e-05 9.599948e-06 3.6635554e-06 0.0012991659 0.30985582 0.23856018 0.0046331254 0.00083824556 4.1670914e-06 0.00048382784 0.3568997 9.232281e-05 0.0705897 0.031506166 1.36893605e-05 6.3673524e-06 0.00033275713 0.03901893 0.00288725 1.0684889e-05 0.0053168936 0.002542842 0.31681994 0.25966212 4.032777e-05 7.108008e-05 0.00019960964 6.393834e-06 3.3365163e-06 1.6703438e-05 5.4006505e-06 1.4023673e-05 6.417818e-06 5.888689e-07
0.55242085 0.48416752 0.13451771 0.05922938 0.029190598 0.05793354 0.01309434 0.25764254 0.58491987 0.013583951 0.53158617 0.048661742 0.08519355 0.15121655 0.0057838145 0.02151308 0.016215395 0.47548252 0.038681366 0.43602562 0.69500947 0.0014470606 0.71652406 0.0018194062 0.00391005 0.06827875 0.8532215 3.7299013e-18 0.4562482 0.00031859343 0.0010157975 0.0060474644 0.00017994833 0.00034314027 0.0019595132 0.0013254676 0.00053368736 0.27346125 0.40950474 5.367253e-05 0.22633943 0.059092972 0.07424262 0.00013491305 0.28053173 0.528181 0.0016716307 0.00016987194 0.14841898 0.0068918085 0.0003196638 0.1413471 0.00036581213 0.00016679727 0.0070339562 9.692636e-05 0.8307901 9.290547e-05 0.22755173 4.080988e-05 0.00019163328 0.0009737321 0.007631342 0.000204741 0.043497134 0.0002136505 0.3890207 3.0307692e-05 8.0340134e-05 4.922336e-06 0.0016168767 0.45641142 0.22989942 0.00054521835 0.002485085 3.5589335e-05 0.00023662897 0.5854475 1.4038579e-05 0.028890448 0.0071228556 7.307359e-06 2.5703195e-05 0.00042710238 0.12858829 0.0010688823 1.1410118e-05 0.0017251965 0.00016154184 0.5300319 0.29660064 8.4111074e-05 0.0003065894 0.0003373793 6.8664613e-06 3.58324e-05 4.2025807e-05 5.5101077e-07 4.1989915e-05 1.629453e-05 1.6874692e-05
0.14376616 0.14958501 0.045274317 0.0033740408 0.003517149 0.0060318727 0.0008491938 0.114798784 0.2486428 0.0017469357 0.64285594 0.16335157 0.21820594 0.013110892 0.0027038984 0.103294395 0.014689055 0.51800203 0.0028561554 0.9152914 0.17284282 7.029801e-05 0.057366475 0.01130077 0.029612176 0.0034140036 0.7227122 0.4562482 1.045422e-18 0.00016725525 0.0002221222 0.00020694114 0.00024110907 0.0002621248 0.00039709004 0.008835057 0.017188344 0.8258022 0.02238913 1.8845531e-06 0.62072426 0.7176176 0.48208073 8.5827705e-05 0.2560886 0.032369938 0.000804453 0.000112073736 0.012314993 0.0015742704 0.00018803737 0.27596724 0.00027436434 3.9262908e-05 0.28561518 1.4129485e-05 0.103665605 4.6536634e-06 0.43123826 3.700268e-05 8.209447e-06 1.0547182e-05 0.002863432 5.835746e-05 0.16671766 0.00010591102 0.1513574 0.00017968046 1.2744326e-06 1.3136554e-06 0.00035687647 0.3242397 0.16282374 0.005784405 0.00010044749 7.516909e-07 0.0023697293 0.046852596 7.754848e-05 0.07459263 0.05208378 9.749205e-05 4.1581413e-07 1.1800145e-05 0.0027896361 0.0074440828 5.7206594e-06 0.011502198 0.0031865179 0.027527181 0.1449332 3.3994087e-07 1.5293113e-05 5.5494704e-05 6.8981954e-06 2.1709532e-06 8.231086e-07 3.0652112e-07 8.0073477e-07 1.3961069e-06 1.8254132e-08
0.18577288 0.26764312 0.09078586 0.2444247 0.08875716 0.5715121 0.39089558 0.048696928 0.088008076 0.4252774 0.0046630753 0.000909835 6.5124936e-05 0.35666972 0.09466687 0.00011912089 0.010978976 0.0012995079 0.6087162 0.00021403044 0.022586312 0.7841678 0.010585782 0.0015006716 0.00023007927 0.29958338 0.0001355225 0.00031859343 0.00016725525 1.6158986e-18 0.0017381562 0.38073304 0.8751989 0.026983246 0.5443472 0.0007820628 1.9249315e-05 5.7364512e-05 0.021411262 0.054911844 4.180707e-05 2.7916014e-05 2.9047876e-06 0.6619066 0.00013579377 0.0046320735 0.3793664 0.06719185 0.048289727 0.0910183 0.6939463 5.2015548e-05 0.1725827 0.008927657 0.000101592675 1.2464483e-05 0.0014440519 0.019431358 7.111093e-05 0.0037667041 0.13912934 0.08212638 0.040595986 0.00029756018 4.07925e-06 0.4498162 0.00053180114 0.059919603 0.012210495 0.33475485 0.07097249 0.0001088089 7.660935e-05 0.000119224875 0.03809999 0.0079183 0.23740679 0.0061277375 0.111563616 2.5958821e-05 6.8980644e-06 0.16700059 0.0051231864 7.260702e-05 0.008195628 2.4777122e-05 0.04083567 6.9174453e-06 1.9094761e-05 0.004794199 0.00088253425 0.0015600268 0.07414174 0.0005491784 0.01926397 0.011696966 0.0013142776 0.008198028 0.0016027197 0.0012150301 0.0005459564
7.399008e-05 0.018447205 0.13578323 0.014795675 0.035943445 0.004954725 0.010081386 0.04867368 0.00445894 0.08420695 0.005022231 0.020138618 0.0053753294 0.00846416 0.29421982 0.011655714 0.7308019 0.0027100155 0.008368706 0.00044821287 0.000554357 0.011987681 0.0009441687 0.02109551 0.0042010886 0.001646654 0.00088924274 0.0010157975 0.0002221222 0.0017381562 1.8928488e-18 0.00063568074 0.0030870624 0.36775222 0.024184888 0.0019709251 0.00033564502 4.0723993e-05 0.0004174896 4.480562e-05 2.295941e-05 6.660584e-05 1.8051544e-05 0.0018469952 0.0001163741 0.00017573572 0.004199366 0.0023511995 0.0013484424 0.00021025813 0.001823457 4.10737e-05 0.0014128042 0.10933806 2.7279328e-05 0.4512333 0.00025405208 1.6812288e-05 6.17644e-05 0.014984708 0.00013195016 0.00024300611 0.0005707231 0.029358942 2.8164923e-05 0.00013949956 0.0003821758 0.0010078411 2.1745596e-05 1.416617e-05 0.00031382975 0.0002643987 8.9635905e-05 2.7784992e-05 0.00016168073 3.8063606e-06 9.6838776e-05 0.0014466487 7.103773e-05 6.4344546e-05 1.3237338e-06 1.4336916e-05 1.5485937e-06 0.001659121 0.0021918337 7.1586e-05 7.041157e-06 7.869561e-06 2.8550005e-06 0.0011239522 0.00081676437 3.0177457e-06 0.00020196161 0.014347149 1.7329978e-05 0.00033716782 1.1512891e-06 1.0992998e-05 1.7265912e-06 6.4451154e-07 4.9775645e-07
0.2536989 0.15550625 0.016028313 0.051194496 0.021239113 0.30682465 0.08400016 0.004658359 0.11307866 0.030807367 0.0021045092 0.00089468557 0.00021820603 0.19045451 0.008746306 0.0008217726 0.003240669 0.0018875994 0.59893143 0.00061265164 0.054729305 0.0614634 0.06787456 0.00072827726 0.00033080805 0.45156565 0.00086824846 0.0060474644 0.00020694114 0.38073304 0.00063568074 3.5040717e-22 0.46008977 0.00061279157 0.018761706 0.00023341984 1.3711546e-05 1.717951e-05 0.032856375 0.93337756 8.030517e-06 8.93571e-06 2.1657563e-06 0.4533933 3.4691915e-05 0.014394561 0.010423891 0.0005146736 0.07058553 0.4345105 0.19583374 1.5099929e-05 0.00214982 0.00021970151 4.9009137e-05 4.9668265e-06 0.0031065799 0.21710783 1.28962065e-05 8.985209e-05 0.22486576 0.28369766 0.25714576 3.6280962e-05 4.328236e-06 0.026594141 0.00014670099 3.0026014e-05 0.18927485 0.0074069262 0.03946376 1.4528455e-05 5.2538122e-05 2.262172e-05 0.62447995 0.05092063 0.00229036 0.0034903893 0.0006462969 8.329208e-07 1.6399378e-06 0.0023635959 0.03741631 1.630108e-06 0.04210507 3.1014853e-05 0.005604911 6.5659906e-06 6.9194707e-06 0.0024510073 4.754638e-05 0.029328624 0.24133144 8.191709e-06 0.0045286054 0.049044203 0.012905786 6.5276276e-07 0.012343783 0.012448316 0.01582663
