5.6454085e-30 0.20317777 0.041821778 0.21423124 0.22220197 0.43500715 0.3559659 0.26902848 0.2770891 0.035235163 0.4250512 0.1711162 0.76431406 0.064338826 0.9122352 0.006630092 0.53304136 0.40486804 0.4217791 0.023512801 0.13214163 0.4648918 0.892867 0.07406181 0.5343175 0.89521384 0.86444294 0.8875352 0.65672404 0.032579344 0.71512944 0.7774908 0.03001007 0.0058609284 0.94812375 0.18558185 0.012954414 0.86698514 0.33196715 0.021790128 0.489348 0.9611732 0.010742516 0.983763 0.15118702 0.43461788 0.0011857118 0.8165763 0.4518041 0.24788304 0.9901678 0.8525592 0.9640939 0.9774841 0.029776828 0.0004197314 0.04012883 0.3618354 0.84178984 0.00084565114 0.85125273 0.8265483 0.103328705 0.2952886 0.99683166 2.1085603e-05 0.9959095 0.85942894 0.9979237 0.9990443 0.0006213201 0.0027909973 0.6991419 0.99826646 0.9985543 0.99526745 0.006429814 0.00014208513 1.6842529e-06 0.2461481 1.5076307e-06 0.9944638 0.0018596651 0.8928928 1.030803e-06 2.1451053e-05 0.9974481 0.00019571916 0.9995051 0.99802613 0.9995946 1.3831052e-06 0.0005414699 0.30514663 6.9341227e-06 3.4241586e-06 4.1862945e-06 1.4683053e-07 1.5069488e-05 2.5785944e-06 0.99934524
0.20317777 1.6973526e-19 0.8574206 0.9159573 0.46282125 0.6962155 0.37938333 0.3196071 0.27064493 0.35021755 0.11318444 0.11867657 0.051829938 0.40324387 0.17993885 0.11499979 0.0074244053 0.14634432 0.0477298 0.37927377 0.0012791755 0.0061668106 0.17298226 0.00061411905 0.026079865 0.010768678 0.002912424 0.027375061 0.0058326535 0.00019361723 0.045759 0.010227077 0.002195772 0.1148367 0.18356122 0.004472206 0.009755869 0.22047362 0.00026155123 0.08762604 0.019406823 0.023144662 0.000593663 0.0550396 0.0015459814 0.00015188905 0.021318795 0.009961996 0.0029974058 0.0013574879 0.011584344 0.00027322874 0.0012966563 0.006725409 0.0003053641 0.03588141 2.0274952e-06 0.0006049789 9.00066e-06 0.0020751222 6.403449e-05 0.0011495734 3.153463e-06 8.813041e-05 0.0024186282 0.0042225057 0.002532909 0.0005214342 0.0069106915 0.0019487444 1.5844114e-05 1.85071e-05 2.4361057e-06 0.0078041516 0.0066780527 0.0009920087 4.948194e-06 1.9078652e-05 5.568678e-05 0.0012049861 2.961375e-05 1.523465e-07 9.748391e-06 1.9977657e-05 5.0229803e-05 1.9972074e-05 0.0014898484 7.0687697e-06 0.0020459774 0.0012016913 8.3161125e-05 2.4250849e-05 7.490581e-07 5.1422245e-07 1.3191661e-05 7.478554e-07 6.846185e-06 4.8673905e-07 9.331817e-06 6.9598414e-06 0.00010627274
0.041821778 0.8574206 1.9208815e-19 0.1645015 0.045239452 0.4576104 0.88422954 0.6093089 0.45921642 0.052864928 0.09107817 0.1860067 0.023088261 0.044861775 0.19896567 0.025592815 0.0097140595 0.27006117 0.10877719 0.036425874 0.002072383 0.01776964 0.08057172 0.0010408578 0.06717643 0.04963335 0.015514394 0.07240173 0.04633947 0.00039232723 0.08203423 0.07390798 0.0017211308 0.0101064015 0.08639522 0.010019244 0.01953628 0.14098549 0.0005018293 0.0032412822 0.018143717 0.032609455 0.0016813475 0.04358902 0.007788011 0.0012650222 0.004472848 0.016602099 0.010837214 0.005237374 0.043466303 0.0002689663 0.0064803795 0.011693714 0.00033853165 0.004642367 3.9541465e-05 0.0009854948 0.00021487489 0.0018742724 4.954359e-05 0.004496274 0.00010238753 0.0006551674 0.005120783 0.00039005055 0.00844396 0.0023315274 0.0072645466 0.0012834975 3.798475e-05 5.2616397e-05 0.0001606874 0.00923495 0.0072942767 0.0023790563 8.748809e-06 5.661944e-06 1.4524228e-05 0.0012252646 3.4588218e-05 1.3682835e-05 4.3452907e-05 1.3764569e-05 3.4240181e-06 8.0202044e-05 0.0030018196 3.3772132e-05 0.0028082037 0.0026368254 0.00016803302 5.3462645e-06 1.5155262e-06 9.221779e-06 6.9171256e-05 8.011546e-06 3.549355e-05 1.3397489e-06 1.586383e-05 1.23488735e-05 0.00030280955
0.21423124 0.9159573 0.1645015 6.200983e-21 0.9299005 0.56661814 0.06371467 0.09553334 0.0841981 0.59936637 0.06380714 0.041192193 0.14219907 0.8676925 0.092303135 0.35105523 0.009490089 0.032191277 0.017768444 0.6684313 0.0021394005 0.002394289 0.1564993 0.0016091438 0.016727088 0.0039544594 0.0013650408 0.009852656 0.0016785485 0.0005689575 0.01820379 0.0020952162 0.005516347 0.3655238 0.100668505 0.0029905902 0.012559752 0.08963794 0.00030852554 0.3049425 0.009322753 0.005113753 0.0024864764 0.015188304 0.000640346 8.346623e-05 0.097317286 0.003655724 0.0010433518 0.0006206764 0.0020855716 0.00046999485 0.0006960966 0.0020452673 0.00030189782 0.10782692 1.0575326e-06 0.0002401299 4.495789e-06 0.004981666 0.000114332055 0.00021445521 1.664064e-06 3.9376864e-05 0.00073599035 0.023233717 0.00087468815 0.00013605939 0.0030847364 0.0013156026 4.8378373e-05 1.8383353e-05 9.099459e-07 0.0015980136 0.0011928384 0.00013964772 1.7806601e-06 0.00062751136 0.0008657634 0.00041002338 0.00019555273 5.6438786e-08 6.3800135e-06 1.1624027e-05 0.000977772 5.260104e-05 0.00031372084 1.5774565e-05 0.00063494185 0.00016662429 4.3094078e-05 0.00060640194 2.208827e-07 1.1919485e-06 2.0546851e-05 2.31368e-06 1.7036149e-05 1.5871745e-05 9.810841e-06 1.3455975e-05 1.4785828e-05
0.22220197 0.46282125 0.045239452 0.9299005 8.803474e-18 0.065847114 0.021075886 0.019137962 0.031033553 0.07783348 0.17256334 0.062234383 0.33531168 0.82353914 0.009397697 0.046421777 0.06908242 0.026940154 0.03247666 0.24806261 0.02027685 0.00086905115 0.2312155 0.012449284 0.1409477 0.00085642847 0.0001481686 0.006946147 0.0004256122 0.003308412 0.025207119 0.0007150348 0.037197396 0.103288315 0.0868699 0.001303846 0.0028658744 0.0441401 0.0036219324 0.5492744 0.029611964 0.01223176 0.00032948598 0.007447381 5.3299056e-05 1.0877418e-05 0.101389214 0.009797533 0.0030454125 0.0015615852 0.0016329681 0.0028332504 7.0455135e-05 0.0044949874 0.0027223597 0.04657804 6.985326e-07 0.0024877207 4.5497276e-07 0.0006899808 0.00051777664 4.5971814e-05 2.6345178e-06 6.6764605e-06 0.00024339947 0.0045364858 0.0005028152 4.844643e-05 0.008684725 0.0033634098 6.9193525e-06 1.9767601e-06 2.4415561e-07 0.004648055 0.0015052439 5.836181e-05 1.4831832e-06 0.0021586807 0.00012954407 0.0013529534 1.45712065e-05 2.147292e-08 2.964572e-06 0.00019767169 0.00017229462 1.1916809e-05 0.0001728021 3.3268798e-06 0.00040033428 7.862627e-05 0.00010282885 0.00025164773 8.1017606e-07 8.9301597e-07 2.1439335e-05 1.02067515e-05 4.8504306e-05 1.1378572e-05 1.100271e-05 8.784876e-06 8.7050885e-06
0.43500715 0.6962155 0.4576104 0.56661814 0.065847114 2.8197336e-18 0.87885934 0.18299498 0.09647833 0.747062 0.031082632 0.040274307 0.017192705 0.31896666 0.6065859 0.37551206 0.00073735963 0.24603756 0.017331995 0.2952248 4.960713e-05 0.36112285 0.037283175 7.368946e-05 0.0012825561 0.1651379 0.11142409 0.1708394 0.030398887 1.6565802e-05 0.008342171 0.015957035 0.00024772953 0.07852006 0.028070515 0.347215 0.3841221 0.1318705 6.2872978e-06 0.019274391 0.0024805116 0.0030975183 0.05562913 0.07534233 0.003154767 0.0015946369 0.016628563 0.002105493 0.00023620826 8.462723e-05 0.0072592413 9.306576e-06 0.026777942 0.00033925127 2.8687207e-06 0.020941038 2.7942971e-05 3.3163499e-06 0.00090050645 0.032131508 2.5071015e-06 0.0022017711 6.460962e-05 0.0004033839 0.008191877 0.0026158916 0.004239135 0.0012171188 0.0011127001 2.5648074e-05 0.0002706331 0.00014953736 8.347076e-05 0.0034221495 0.006619503 0.0021156375 1.0164341e-05 2.3195944e-06 0.0001497617 0.00027862834 0.0010460344 3.5077395e-05 4.4687586e-05 3.0358603e-07 6.757145e-06 0.0004871006 0.0034394872 0.0002561355 0.000760872 0.004008437 6.7604774e-06 1.0621275e-06 2.3673344e-08 4.86018e-06 4.635421e-07 2.2009333e-07 2.290636e-06 4.662105e-07 3.5100334e-06 4.002596e-07 0.000949493
0.3559659 0.37938333 0.88422954 0.06371467 0.021075886 0.87885934 3.5402053e-19 0.61355263 0.3052274 0.07071631 0.05930775 0.1569202 0.014005858 0.04016683 0.8530471 0.033264287 0.001369881 0.65967757 0.11716953 0.032891553 0.00058338494 0.1970191 0.08984145 0.00045228974 0.019927185 0.3727773 0.4388486 0.38892487 0.31284264 0.0001058663 0.10027596 0.33334705 0.00051402906 0.0060527176 0.075827464 0.07980214 0.114388846 0.20180924 9.707256e-06 0.0034429857 0.01178711 0.027497789 0.010904618 0.15045662 0.016845914 0.0035901908 0.0034397154 0.014635612 0.0066367597 0.0014976669 0.12384614 0.00014275541 0.10136823 0.004248818 3.0381805e-05 0.004332699 0.0001516709 2.4028028e-05 0.004125763 0.007461286 2.6100466e-05 0.018538175 0.00013376068 0.0024889475 0.044211432 0.0003228621 0.046995025 0.009151281 0.007975143 0.0003954541 0.00017384428 0.00032038073 0.0003716832 0.037599955 0.043757062 0.01129396 3.2829485e-05 1.8345354e-06 1.4064041e-05 0.00036436095 7.580989e-05 0.00038933926 6.593158e-05 9.944156e-07 1.4158235e-06 0.0001539369 0.013106661 9.617547e-05 0.0022795158 0.008101576 8.904529e-05 1.9746535e-06 1.2736726e-07 1.6519562e-05 1.1330575e-06 5.0129165e-07 9.863943e-06 5.104499e-07 4.812948e-06 6.12015e-07 0.0020895205
0.26902848 0.3196071 0.6093089 0.09553334 0.019137962 0.18299498 0.61355263 7.6861965e-20 0.95523834 0.022200244 0.1170789 0.43328992 0.022299506 0.02956898 0.39329243 0.013097583 0.0051612463 0.7100362 0.3653086 0.034450278 0.0006100946 0.009772389 0.32707044 0.00045431504 0.096301764 0.08503224 0.017511632 0.18496697 0.046264328 0.00019178301 0.2835966 0.11469159 0.0010578576 0.0068124486 0.2619785 0.005716987 0.01270232 0.45452145 7.645943e-05 0.005250109 0.015393719 0.14117348 0.00046975265 0.17575365 0.0065461434 0.00018478608 0.0023263593 0.03892734 0.009424245 0.003639548 0.18992002 0.0007103393 0.014098723 0.025667556 7.586913e-05 0.0028333706 5.651284e-06 0.00025237765 0.0003362533 0.000835367 0.00033241618 0.005921948 5.374565e-06 0.0005926069 0.011425799 0.00013508402 0.02370542 0.002903028 0.03611578 0.0033265625 1.3068623e-05 2.3099883e-05 2.2338094e-05 0.057039514 0.035454877 0.004318148 4.330338e-06 6.197755e-06 6.755032e-06 0.0010819653 4.9152553e-05 3.0832656e-05 2.6075113e-05 4.25751e-06 4.8699603e-06 5.5301178e-05 0.0054624393 5.4823595e-05 0.010002022 0.006402453 0.00038305024 4.6856335e-06 9.916293e-07 1.6775346e-06 8.067938e-06 1.8202971e-06 3.2975615e-05 1.1905057e-06 1.3127118e-05 3.398202e-06 0.0012681108
0.2770891 0.27064493 0.45921642 0.0841981 0.031033553 0.09647833 0.3052274 0.95523834 4.829962e-19 0.01620754 0.2144941 0.66401887 0.06912039 0.032954194 0.24067068 0.009020226 0.017181493 0.5975036 0.49009815 0.028688526 0.0026524134 0.0062667527 0.35695654 0.0012786937 0.28230837 0.022039052 0.0044769617 0.12085673 0.027682222 0.00052611355 0.31675068 0.07625224 0.0021649413 0.006051881 0.29304123 0.0028289494 0.006335761 0.39276302 0.0005612386 0.020267088 0.034761243 0.17369038 9.092173e-05 0.13300167 0.0031946437 3.0071722e-05 0.0042475704 0.070520766 0.015741564 0.005983574 0.20025375 0.0011382427 0.0035964996 0.0438294 0.00066290447 0.004524651 1.9405422e-06 0.0016269608 2.9640589e-05 0.00038798302 0.0003973249 0.0037620212 3.4859809e-06 0.00016375606 0.006651295 0.00026913875 0.019394025 0.0017541618 0.05263502 0.005559554 7.47465e-06 1.1634363e-05 5.3074073e-06 0.05439217 0.027261483 0.0030496323 1.6211055e-06 1.28958e-05 9.35477e-06 0.0016779748 3.3103635e-05 2.6550238e-06 1.2307312e-05 2.5897843e-05 7.09607e-06 6.562339e-05 0.0053260564 4.3765027e-05 0.007506 0.005981936 0.000808229 1.27033545e-05 4.854464e-06 6.559704e-07 2.0231775e-05 6.9898074e-06 7.99158e-05 2.293082e-06 1.5254612e-05 9.897129e-06 0.0008854875
0.035235163 0.35021755 0.052864928 0.59936637 0.07783348 0.747062 0.07071631 0.022200244 0.01620754 8.2154916e-23 0.009373046 0.0076647284 0.018411173 0.4975937 0.24040484 0.769112 0.0012835675 0.021861305 0.004240461 0.5422287 0.00010795936 0.012272744 0.031035395 0.00014435114 0.001018111 0.013260815 0.005374745 0.012898877 0.0026119405 3.8646638e-05 0.0036604542 0.0013779983 0.00064043404 0.23819387 0.021362731 0.023096763 0.09827669 0.036394197 6.711278e-06 0.008727097 0.0015124538 0.0005099554 0.01461329 0.012668869 0.0007334948 0.00027686823 0.021109577 0.00025193638 6.3368905e-05 2.4443078e-05 0.00038204042 3.5870091e-06 0.0021574986 4.317491e-05 1.5770405e-06 0.04998647 4.4649737e-06 2.4027788e-06 1.1289636e-05 0.0177983 3.2579114e-06 0.00017493378 7.839375e-06 3.128133e-05 0.001300757 0.014417394 0.0002050503 4.2845866e-05 0.00020034712 5.2668656e-05 7.939513e-05 2.324159e-05 1.4399942e-06 0.00041808264 0.0009031615 0.00011839559 1.2176678e-06 9.249585e-06 0.000454442 4.4751087e-05 0.0002948678 6.476159e-08 7.0816636e-06 6.2258046e-08 0.00018382799 0.00012471754 0.000283673 2.6523578e-05 4.9203718e-05 5.0928735e-05 1.8524414e-06 2.828994e-05 4.9105693e-09 9.3177e-07 6.4109884e-07 2.0273707e-07 9.691212e-07 1.8822378e-06 5.3291427e-07 1.2789545e-06 3.1137142e-06
0.4250512 0.11318444 0.09107817 0.06380714 0.17256334 0.031082632 0.05930775 0.1170789 0.2144941 0.009373046 3.570901e-18 0.91573817 0.92139816 0.10039567 0.034298457 0.0059605534 0.7414042 0.23182276 0.4977453 0.017810648 0.19076763 0.0045757364 0.5750486 0.06511764 0.78525543 0.0046986374 0.0007734006 0.031962674 0.0066472236 0.023275586 0.3095645 0.023391664 0.03777608 0.0075226934 0.2019837 0.0020510391 0.002431146 0.1354111 0.038736243 0.37516055 0.33455163 0.239364 2.6821286e-05 0.06274469 0.000716196 1.1929612e-05 0.014862062 0.19520883 0.08743145 0.046500605 0.09521899 0.041769292 0.0016968752 0.17383619 0.006243533 0.004829775 3.681094e-06 0.009498744 2.115243e-05 0.0007938749 0.013878659 0.0023523397 1.53872e-06 0.00010540258 0.0019079519 0.0005416631 0.008819517 0.0021039045 0.16516429 0.0583621 4.1046314e-06 8.402953e-07 6.778573e-06 0.06722335 0.013794301 0.00204765 7.0059343e-07 0.0010534435 3.0818162e-05 0.004169783 7.956273e-05 5.3194367e-06 2.2552092e-06 0.00058116205 2.4512876e-05 0.00014261078 0.0024414726 3.661231e-05 0.006259436 0.0016660857 0.012448559 0.00019174881 1.9827274e-05 2.2766544e-06 0.00010396817 2.5815754e-05 0.00017941247 2.6783586e-05 0.00015771293 0.000111632544 0.0007728432
0.1711162 0.11867657 0.1860067 0.041192193 0.062234383 0.040274307 0.1569202 0.43328992 0.66401887 0.0076647284 0.91573817 3.153728e-17 0.46008998 0.037203383 0.10936265 0.003245478 0.32880002 0.56049085 0.884807 0.0052460795 0.05132928 0.010717216 0.58816314 0.023904959 0.7546702 0.014134419 0.0029818842 0.110767014 0.023066593 0.008080275 0.5215108 0.05155044 0.015469791 0.0019710416 0.3497047 0.0073047914 0.004427043 0.2666202 0.007754224 0.03914136 0.17384157 0.25846237 9.274869e-05 0.105636135 0.0044950247 0.0001587537 0.009405287 0.20708658 0.055712935 0.025205003 0.24093997 0.015626468 0.004606725 0.15067162 0.0030501473 0.0022011194 2.7520777e-05 0.0040528704 0.00026609632 0.00083345565 0.0039215423 0.0032226117 6.480395e-05 0.0001484556 0.0051513915 0.00033171123 0.025886519 0.0018216068 0.11610479 0.026838604 3.44489e-05 6.8266454e-06 7.902619e-05 0.058320068 0.01888045 0.00285221 4.3543773e-06 0.00043902354 3.5447207e-05 0.0022183196 9.188354e-05 3.1398617e-05 3.6770685e-05 0.00036853287 2.1619851e-05 0.00035520468 0.0025261228 0.00014042457 0.008948418 0.0031380402 0.0051167044 8.920304e-05 8.891863e-06 3.199018e-05 0.00010251552 9.595961e-05 0.0003643896 2.4655046e-05 7.174354e-05 4.7287223e-05 0.0010216403
0.76431406 0.051829938 0.023088261 0.14219907 0.33531168 0.017192705 0.014005858 0.022299506 0.06912039 0.018411173 0.92139816 0.46008998 9.904929e-17 0.27830485 0.005410776 0.014362652 0.87742054 0.03890647 0.16774859 0.113964245 0.3749541 0.001761569 0.56430584 0.17047873 0.57718384 0.001645821 0.000109044915 0.012657119 0.0010419189 0.077446684 0.14979888 0.0022279355 0.18519163 0.04330959 0.25800437 0.0014313482 0.001848434 0.08105927 0.25602502 0.6151462 0.38406625 0.19004796 5.325744e-05 0.032082368 2.4188483e-05 4.121305e-06 0.036073487 0.17897056 0.10049019 0.050866526 0.031205395 0.16448618 0.00067463634 0.20263493 0.022563286 0.0114704305 2.15156e-06 0.03204927 2.7284023e-06 0.00061549543 0.08410414 0.00015632602 4.6533148e-07 4.7087347e-06 0.0012248721 0.0010156861 0.0037952045 0.00021138666 0.2737702 0.20418975 1.5982071e-06 3.5224407e-06 1.9445902e-06 0.08984919 0.025001656 0.0032112913 5.128717e-07 0.0038272927 6.0061273e-05 0.0046111164 8.086546e-05 7.128352e-07 6.2613044e-06 0.002082898 7.844038e-05 2.5655781e-05 0.0034383247 2.442234e-05 0.00849512 0.0026103542 0.016635904 0.00041451614 0.0004778266 2.5004706e-06 0.000806699 0.00015969288 0.00062433985 5.7373923e-05 0.0008035344 0.0009055716 0.0014787958
0.064338826 0.40324387 0.044861775 0.8676925 0.82353914 0.31896666 0.04016683 0.02956898 0.032954194 0.4975937 0.10039567 0.037203383 0.27830485 1.2092817e-20 0.04050755 0.45716226 0.035317145 0.028234191 0.01825223 0.81431836 0.012203772 0.0017915909 0.13872127 0.00818236 0.04439088 0.0015603846 0.0007919523 0.0040785563 0.00050056964 0.0025413267 0.011519284 0.00031339726 0.035565335 0.62622416 0.039227918 0.00275494 0.007944551 0.024106352 0.00096401834 0.6363281 0.015579185 0.002675582 0.0006171482 0.0051883818 8.51961e-05 1.999563e-05 0.47054306 0.0011143773 0.00016943009 0.00036814102 0.00054135115 0.0010795108 4.092403e-05 0.0004954699 0.0005607972 0.17154416 1.9757339e-07 0.00031748757 4.0747457e-07 0.0045641777 0.00020638239 6.126057e-06 7.9332995e-07 6.0784996e-06 5.263973e-05 0.038682047 1.7620168e-05 5.1633774e-06 0.00047595394 0.0002228948 5.8256093e-05 6.8888636e-07 1.2169775e-07 0.00021602058 0.00010398978 6.133212e-06 8.063877e-08 0.008173559 0.0018966343 0.00020842283 0.00038798637 9.59872e-10 1.1034292e-06 1.5543354e-05 0.002362628 0.00013484925 1.6778107e-05 1.7950088e-05 1.5350186e-05 4.2617507e-06 4.550394e-06 0.0041200207 8.982425e-09 1.4598551e-07 5.598756e-06 7.0914903e-06 1.8159513e-05 0.00016945336 2.191478e-06 7.1224163e-06 6.578404e-07
0.9122352 0.17993885 0.19896567 0.092303135 0.009397697 0.6065859 0.8530471 0.39329243 0.24067068 0.24040484 0.034298457 0.10936265 0.005410776 0.04050755 1.6900794e-17 0.107741036 0.00016165158 0.6053773 0.060678277 0.09789898 0.00021304702 0.1918984 0.07274372 0.00027678267 0.001734744 0.7264544 0.44333395 0.63616717 0.3972452 7.5247845e-05 0.03248202 0.2503115 0.000274562 0.017419258 0.11949249 0.11575316 0.15463611 0.32942098 7.246217e-07 0.0032443951 0.00023276296 0.03168291 0.027442755 0.3007096 0.008814778 0.0013939252 0.0027337589 0.014307641 0.00037955804 7.183024e-06 0.08448572 9.926778e-05 0.35820547 0.0025296886 2.8643603e-06 0.005347208 0.00091140636 1.3664845e-06 0.0036499565 0.010027326 7.525132e-06 0.011736035 0.00056571705 0.0015902913 0.16963416 0.00023269083 0.078532174 0.0048404248 0.032934055 0.0015959963 7.3291936e-05 0.00056285254 0.00025115453 0.23083495 0.39803308 0.056080677 9.30151e-06 2.8955499e-06 3.1846146e-05 4.0713974e-05 0.00015965132 0.0004695038 5.728715e-05 1.5373449e-07 5.9051526e-06 0.00026691036 0.10799078 6.671206e-05 0.00841884 0.050474383 2.6841066e-05 2.6807922e-06 2.8903242e-08 2.4531046e-05 5.977277e-07 9.345986e-08 6.174799e-06 7.5129384e-07 3.1684874e-06 9.3850576e-07 0.016931783
0.006630092 0.11499979 0.025592815 0.35105523 0.046421777 0.37551206 0.033264287 0.013097583 0.009020226 0.769112 0.0059605534 0.003245478 0.014362652 0.45716226 0.107741036 4.2413e-23 0.00093612226 0.010408097 0.002052859 0.6042259 0.000100911246 0.006530337 0.0098218145 0.00016725858 0.00034600575 0.0068690097 0.0025115479 0.006160345 0.00068106817 2.006084e-05 0.0016875272 0.00021871833 0.00033513646 0.3816027 0.0081152 0.035059776 0.107552245 0.016194114 1.9088171e-05 0.006430455 0.0004502584 0.0001990667 0.013383246 0.006078512 0.00042614707 0.0003020582 0.03464194 0.000104990155 2.0376574e-05 1.9061412e-05 0.00021025132 3.4065342e-06 0.0009139588 3.2618897e-05 2.3822186e-06 0.05314568 3.1364511e-06 6.4007154e-06 9.306976e-06 0.029482836 2.5808035e-06 1.4489379e-05 3.0106701e-05 1.2331691e-05 0.00039834608 0.016262503 3.8743394e-05 6.455447e-06 8.650522e-05 1.6047768e-05 0.00042939416 2.5600202e-05 2.0510115e-06 5.5131415e-05 0.00016326862 3.3573677e-05 7.5948316e-07 2.0074618e-05 0.0012798473 2.375088e-05 0.002737619 2.577193e-08 9.440062e-06 9.428472e-08 0.0005038924 0.0020807511 6.146302e-05 0.00019148986 1.2648376e-05 3.0215084e-05 5.4669835e-07 0.000118234464 8.769156e-10 2.8624818e-06 3.5280598e-07 4.254484e-07 2.9814132e-06 2.115639e-06 2.6755143e-07 3.2385518e-07 6.73076e-07
0.53304136 0.0074244053 0.0097140595 0.009490089 0.06908242 0.00073735963 0.001369881 0.0051612463 0.017181493 0.0012835675 0.7414042 0.32880002 0.87742054 0.035317145 0.00016165158 0.00093612226 1.4767313e-16 0.0028577957 0.09847873 0.004513211 0.7487057 0.00039979475 0.33945656 0.538869 0.7082464 8.169135e-05 5.868672e-06 0.00050372904 0.00011407915 0.30446866 0.08086545 0.0005847256 0.29862717 0.0018140785 0.07005917 0.00035410732 0.0008844405 0.013276183 0.57887363 0.46596426 0.5082914 0.115898155 3.8556813e-05 0.0053127245 1.0888327e-05 7.7290133e-07 0.008443259 0.17651142 0.18196559 0.19077949 0.011034904 0.23629004 0.00012542772 0.22479084 0.05740114 0.0022526504 4.2021514e-07 0.10071573 2.0984795e-07 0.00058370904 0.19931348 0.00013287234 1.0064506e-07 3.4611264e-06 0.00012442612 6.467911e-05 0.001877735 7.187304e-05 0.19037844 0.15916137 1.4562155e-06 3.2778803e-07 1.00427606e-07 0.053704165 0.0041121556 0.0005694609 2.190779e-07 0.0011739393 3.081227e-06 0.013440893 1.4642794e-05 4.8130007e-09 1.2448072e-06 0.0044621495 3.9946435e-06 2.0098985e-05 0.0007013275 1.2620686e-05 0.0028632202 0.000145213 0.05280836 0.00011202362 0.0021351557 2.7885017e-07 0.001581261 0.0003624897 0.00037029738 3.386789e-05 0.0012891461 0.0025209137 0.00013869753
0.40486804 0.14634432 0.27006117 0.032191277 0.026940154 0.24603756 0.65967757 0.7100362 0.5975036 0.021861305 0.23182276 0.56049085 0.03890647 0.028234191 0.6053773 0.010408097 0.0028577957 2.2103004e-16 0.7191559 0.0051972135 0.0029995563 0.05930465 0.2576752 0.0040914845 0.10545103 0.3406425 0.028171958 0.75143427 0.28676665 0.0015024329 0.54700476 0.518937 0.005492758 0.0016523746 0.30639637 0.035132587 0.06028079 0.69663435 6.161179e-05 0.0023259642 0.018661743 0.41152242 0.0031925451 0.2625235 0.010777476 0.00046886373 0.00563769 0.12330009 0.013584416 0.0026537543 0.6160556 0.0007318982 0.043191954 0.03157115 6.478782e-05 0.0050425082 0.000109410656 8.559654e-05 0.0012572702 0.0011983542 0.00016405902 0.022767957 0.00019406294 0.0016120767 0.03231324 0.00079610996 0.20704716 0.009912744 0.05819381 0.0021374885 6.714694e-05 0.00010161031 0.00011343355 0.20259924 0.16488156 0.011290719 1.3416303e-05 8.180919e-06 7.1634975e-05 0.00085884123 0.00032821458 4.8648755e-05 4.0424577e-05 1.8792685e-05 6.559335e-05 0.00062042597 0.032513656 4.297875e-05 0.008292924 0.031968497 0.00078730984 4.7085527e-05 1.3488292e-06 4.3579734e-05 8.903998e-06 6.599678e-06 7.9155325e-05 1.43438365e-05 5.940631e-06 1.1302078e-05 0.0036486601
0.4217791 0.0477298 0.10877719 0.017768444 0.03247666 0.017331995 0.11716953 0.3653086 0.49009815 0.004240461 0.4977453 0.884807 0.16774859 0.01825223 0.060678277 0.002052859 0.09847873 0.7191559 1.03521166e-17 0.0012644186 0.025957474 0.028854549 0.73590785 0.019759491 0.7729846 0.01974324 0.0028092708 0.17687531 0.029870097 0.0074854367 0.8139086 0.122067034 0.014468469 0.000544874 0.6579184 0.01102428 0.00865233 0.54799753 0.0022141675 0.006047701 0.19030061 0.6286826 0.00034021272 0.16419454 0.0062055797 0.000118794036 0.0068827416 0.5193128 0.050050247 0.020687526 0.6133913 0.006332671 0.011127685 0.1870645 0.00063361897 0.0021054468 4.229689e-05 0.0010673616 0.0003948432 0.00027711072 0.0031088663 0.0073027443 0.0001660567 0.0006784851 0.012028017 0.00042933048 0.08870283 0.0065518953 0.18700735 0.04101602 2.0804324e-05 2.275683e-05 8.7460096e-05 0.21658868 0.076695584 0.0040156418 5.7135608e-06 1.9709501e-05 2.130646e-05 0.0017010943 4.7235164e-05 4.084149e-05 4.091287e-05 0.00017840292 5.2605057e-05 0.00011131128 0.005945361 5.1050498e-05 0.02387443 0.010542551 0.015018966 7.051025e-05 3.2596723e-05 3.2842076e-05 0.00015400884 3.2251974e-05 5.749574e-05 1.5168369e-05 5.4087093e-05 5.2699004e-05 0.0018867408
0.023512801 0.37927377 0.036425874 0.6684313 0.24806261 0.2952248 0.032891553 0.034450278 0.028688526 0.5422287 0.017810648 0.0052460795 0.113964245 0.81431836 0.09789898 0.6042259 0.004513211 0.0051972135 0.0012644186 2.344881e-21 0.0009974345 0.0020447092 0.05379138 0.0006309691 0.0012919867 0.0036646754 0.000767112 0.0029234453 0.0013220502 0.00014380208 0.0037922123 0.00074429717 0.0014015791 0.7941693 0.029328968 0.00069423544 0.0081888 0.020952052 5.017566e-05 0.17613798 0.0029426422 0.00045145996 0.00030206481 0.004531969 8.7998385e-05 4.300589e-05 0.26673168 0.00025720397 0.00013918105 6.9151996e-05 0.00017902296 1.4576001e-05 5.9984002e-05 7.141989e-05 6.0977586e-06 0.24361642 1.765308e-07 6.2937224e-06 1.7573036e-06 0.0041808425 8.96074e-06 1.0099544e-05 5.799157e-07 1.4447598e-05 3.1517327e-05 0.07903389 2.1178952e-05 2.9032726e-06 0.00018244804 3.9093506e-05 6.8749205e-06 5.294473e-07 1.5839584e-07 0.0002487776 0.00031754572 1.9007572e-05 3.9383698e-07 0.00028650215 0.0052046613 3.5349512e-05 0.0004313392 1.8085462e-08 1.4844227e-06 5.052359e-07 0.0045645894 7.200847e-05 0.00010501969 3.063556e-06 1.8963556e-05 5.51062e-06 1.8901885e-06 0.0024259663 2.287162e-09 4.1099446e-07 9.787418e-07 3.700483e-07 2.8946442e-06 2.8172095e-05 2.41002e-07 1.6527558e-06 2.7476298e-07
0.13214163 0.0012791755 0.002072383 0.0021394005 0.02027685 4.960713e-05 0.00058338494 0.0006100946 0.0026524134 0.00010795936 0.19076763 0.05132928 0.3749541 0.012203772 0.00021304702 0.000100911246 0.7487057 0.0029995563 0.025957474 0.0009974345 1.1220742e-19 4.3776927e-05 0.07322984 0.9431394 0.4576416 0.00010366036 2.2596063e-05 0.00042147486 0.00026714132 0.8101151 0.01655549 0.00038913306 0.72183365 0.0013322121 0.012752339 6.944433e-06 3.1902015e-05 0.003723451 0.8198753 0.29556003 0.434741 0.01920011 4.606608e-07 0.0022523743 0.00014048995 2.8329232e-06 0.02366303 0.06597632 0.16080412 0.2844235 0.0045154695 0.14721122 3.351472e-05 0.08125363 0.38268298 0.005903937 4.5719293e-08 0.29479516 4.0968777e-07 0.000177889 0.17243358 5.249991e-05 2.2400137e-08 8.3762425e-06 8.0885286e-05 0.000109583256 0.0005946458 8.598188e-05 0.049121194 0.06685103 9.3684963e-07 1.7265236e-08 6.6759037e-07 0.0029020784 0.00055672845 3.0693096e-05 5.6803707e-08 0.002945308 3.0261524e-06 0.015043557 1.2219598e-05 4.950105e-08 7.382194e-08 0.009537286 5.1665447e-06 2.839224e-05 8.696081e-05 8.495897e-06 0.0020649317 5.6760524e-05 0.020531697 0.00017515097 0.0049382215 1.2859283e-06 0.0024243381 0.0006523975 0.0006332547 1.8071645e-05 0.003233576 0.0037200772 1.1437932e-05
0.4648918 0.0061668106 0.01776964 0.002394289 0.00086905115 0.36112285 0.1970191 0.009772389 0.0062667527 0.012272744 0.0045757364 0.010717216 0.001761569 0.0017915909 0.1918984 0.006530337 0.00039979475 0.05930465 0.028854549 0.0020447092 4.3776927e-05 1.9962297e-17 0.0008327688 5.2923886e-05 0.0023515897 0.18317816 0.85391223 0.08082808 0.36607355 4.1211777e-05 0.0077964864 0.2840407 0.00027786545 0.0008582644 0.0028357413 0.8016495 0.45880783 0.008079751 3.3594924e-06 0.0006745952 0.0010254764 0.006386385 0.38726535 0.018813161 0.45737243 0.64152366 0.0015394856 0.0014923469 3.9679988e-05 2.049933e-05 0.0232623 2.480936e-06 0.2814967 0.00036401485 9.621252e-07 0.000715031 0.27344897 1.9859244e-06 0.21366397 0.025227357 7.9972364e-07 0.075415835 0.20876929 0.07217389 0.091685355 1.24523995e-05 0.029277558 0.05123014 0.0003237433 2.3089783e-06 0.028756525 0.15416834 0.031801518 0.0036685695 0.007513164 0.1368299 0.015094057 7.721024e-06 2.6265404e-06 0.00038012877 0.00017672514 0.064505905 0.011207427 2.7959588e-06 2.745194e-07 0.0008620168 0.08513265 0.0045677642 0.00041181745 0.0126752565 1.03549655e-05 2.0554976e-06 4.0102412e-07 0.010559955 6.396292e-06 6.8604986e-06 9.142962e-05 1.4655668e-06 2.2821757e-06 1.20167815e-05 0.020589517
0.892867 0.17298226 0.08057172 0.1564993 0.2312155 0.037283175 0.08984145 0.32707044 0.35695654 0.031035395 0.5750486 0.58816314 0.56430584 0.13872127 0.07274372 0.0098218145 0.33945656 0.2576752 0.73590785 0.05379138 0.07322984 0.0008327688 4.837215e-16 0.04569591 0.674093 0.004564603 0.0010377079 0.044328455 0.0021126505 0.015222164 0.5704054 0.004383161 0.04323597 0.009554674 0.6922019 0.0016847302 0.0010913981 0.30268744 0.020908585 0.25691476 0.16583848 0.453271 8.459963e-05 0.14071937 2.451844e-05 9.205101e-06 0.013032629 0.32138234 0.07025426 0.017181968 0.14657888 0.09047902 0.0030858866 0.25871563 0.0020252124 0.005600348 1.1685743e-06 0.003601526 2.0239591e-05 6.52293e-05 0.019407818 0.00035543428 2.1930273e-06 8.783226e-06 0.006416203 0.00047108455 0.02710214 0.00031953945 0.34434843 0.18219684 7.529672e-07 4.151067e-06 9.808685e-07 0.29675665 0.11059444 0.005940246 4.5159362e-07 0.00018124814 0.00011001636 0.0034895707 8.063689e-05 5.815861e-07 5.2452137e-06 0.0011972575 0.000516114 9.8624325e-05 0.010245587 1.4700973e-05 0.042508144 0.00797725 0.011674165 0.0011373658 1.9231022e-05 1.5150565e-06 5.2069397e-05 2.3056052e-06 0.00012822582 5.8757698e-05 1.8002153e-05 9.056122e-05 0.0007608792
0.07406181 0.00061411905 0.0010408578 0.0016091438 0.012449284 7.368946e-05 0.00045228974 0.00045431504 0.0012786937 0.00014435114 0.06511764 0.023904959 0.17047873 0.00818236 0.00027678267 0.00016725858 0.538869 0.0040914845 0.019759491 0.0006309691 0.9431394 5.2923886e-05 0.04569591 7.156515e-19 0.3139178 0.00016279813 9.4252944e-05 0.00087150745 0.0004905884 0.89993805 0.013061017 0.00042139384 0.7943661 0.00075530756 0.010588614 5.7898706e-06 1.4178889e-05 0.0038904052 0.7578122 0.20290966 0.36053622 0.012775778 5.3449264e-07 0.0023775832 0.00017165024 7.922529e-06 0.013145014 0.0490429 0.13740572 0.24322519 0.0047054826 0.16037428 0.000118818054 0.06585983 0.45585242 0.0022227222 6.391279e-08 0.336156 1.2912901e-06 0.00018892209 0.18041494 2.931016e-05 5.289257e-08 1.8185377e-06 0.00014049328 4.722737e-05 0.0002668409 2.1339361e-05 0.035869993 0.0572301 2.2143752e-06 1.3503261e-08 8.266495e-07 0.0021354551 0.0004499976 6.9892645e-05 7.7865096e-08 0.0016653963 1.6061417e-06 0.0150636835 7.5693324e-06 1.526803e-07 5.8102426e-08 0.011846985 1.584205e-06 2.550672e-05 9.685263e-05 1.29335995e-05 0.0012886722 3.422319e-05 0.021459214 3.7053458e-05 0.005178616 3.2028752e-06 0.0031329433 0.000748403 0.00042408434 1.1588253e-05 0.0030803354 0.0047199233 9.098016e-06
0.5343175 0.026079865 0.06717643 0.016727088 0.1409477 0.0012825561 0.019927185 0.096301764 0.28230837 0.001018111 0.78525543 0.7546702 0.57718384 0.04439088 0.001734744 0.00034600575 0.7082464 0.10545103 0.7729846 0.0012919867 0.4576416 0.0023515897 0.674093 0.3139178 3.877125e-17 0.0010624076 7.277805e-05 0.009103423 0.0035740782 0.1885858 0.49887618 0.0067578866 0.1709871 0.0003726314 0.25364918 0.0040890267 0.00046166248 0.050469078 0.32120603 0.091740906 0.6269179 0.5533788 5.3692038e-05 0.027619353 0.00021048063 3.187179e-05 0.0104500195 0.62279326 0.47464997 0.33837727 0.14592686 0.28646162 0.000395173 0.52645713 0.014503081 0.0025635788 3.1276486e-06 0.018505929 9.320645e-06 0.00058304396 0.20917575 0.0012538892 1.5306463e-05 5.6736117e-05 0.001203531 0.00022383335 0.01176764 0.0005665037 0.45082435 0.3649105 5.80677e-06 2.083181e-06 3.875816e-06 0.26759294 0.032874253 0.0008848266 7.9927156e-07 0.0020960837 2.1175076e-05 0.014616538 9.101014e-05 3.787515e-07 3.459396e-05 0.0019606878 5.7571295e-05 0.00023364922 0.0012710742 3.2694854e-05 0.022098836 0.00021430351 0.102168776 0.00045414479 0.001083643 3.9465417e-06 0.00053777697 4.859237e-05 0.0009053393 8.0664126e-05 0.0003209217 0.000320279 4.768656e-05
0.89521384 0.010768678 0.04963335 0.0039544594 0.00085642847 0.1651379 0.3727773 0.08503224 0.022039052 0.013260815 0.0046986374 0.014134419 0.001645821 0.0015603846 0.7264544 0.0068690097 8.169135e-05 0.3406425 0.01974324 0.0036646754 0.00010366036 0.18317816 0.004564603 0.00016279813 0.0010624076 7.4614674e-19 0.6730596 0.71314067 0.85443926 8.8823836e-05 0.011590416 0.7621499 0.00026740748 0.0006674312 0.009538349 0.09750864 0.09490025 0.07652491 6.87794e-07 0.0007771262 0.0004899717 0.009877804 0.02347006 0.15584698 0.039986316 0.0028066693 0.001903608 0.004923308 0.00010768059 1.6817996e-05 0.0630606 3.2624475e-06 0.46646622 0.00086421164 1.2762175e-05 0.0011802819 0.0023093245 3.1069394e-06 0.016250225 0.004443109 8.679793e-07 0.06251633 0.0029202104 0.0051106135 0.18734545 6.0041693e-05 0.0940861 0.024264447 0.009982896 0.00015393748 0.00037448978 0.0011745984 0.0014957642 0.09312255 0.10355647 0.10967372 0.00027061556 7.3294345e-06 2.365129e-05 6.962036e-05 0.00015050035 0.0024810426 0.00013532733 8.2474266e-08 3.7397335e-06 0.0002887093 0.12683053 0.00024126431 0.0054591633 0.05851552 1.6433014e-05 1.07618025e-05 4.8024578e-08 0.00014304036 1.5580908e-06 5.5798944e-07 2.0065374e-05 3.5651385e-06 7.4610074e-07 4.831371e-06 0.024539191
0.86444294 0.002912424 0.015514394 0.0013650408 0.0001481686 0.11142409 0.4388486 0.017511632 0.0044769617 0.005374745 0.0007734006 0.0029818842 0.000109044915 0.0007919523 0.44333395 0.0025115479 5.868672e-06 0.028171958 0.0028092708 0.000767112 2.2596063e-05 0.85391223 0.0010377079 9.4252944e-05 7.277805e-05 0.6730596 2.872914e-18 0.28866386 0.74975216 4.1654403e-05 0.0021416123 0.51026726 0.00020617881 0.000110062734 0.0025485093 0.6186448 0.3327467 0.010064407 1.2710989e-07 1.996655e-05 6.057259e-05 0.001997577 0.24792494 0.033371 0.607401 0.21926577 0.00028198317 0.0017340932 2.0566671e-05 2.27195e-06 0.008281354 1.2642158e-06 0.64305884 0.00024043673 9.232589e-07 3.8003887e-05 0.07206691 1.7029177e-07 0.3468236 0.006492024 9.929982e-08 0.14860676 0.069493465 0.09270968 0.24795747 1.1933942e-06 0.056584522 0.09404464 0.0033105484 7.481679e-05 0.0044969087 0.015595522 0.031524103 0.012320842 0.061525952 0.360482 0.0042786766 1.7521344e-06 1.369472e-06 4.2205425e-05 6.9287715e-05 0.06492358 0.001176001 1.4247141e-08 2.171217e-07 0.00013622195 0.3589483 0.0004297746 0.0014785674 0.08084048 1.1385931e-05 3.6162285e-06 7.4597025e-08 0.004173286 2.4206058e-06 1.2337338e-07 1.4271492e-05 2.3685316e-06 1.8550297e-06 7.737476e-06 0.087999515
0.8875352 0.027375061 0.07240173 0.009852656 0.006946147 0.1708394 0.38892487 0.18496697 0.12085673 0.012898877 0.031962674 0.110767014 0.012657119 0.0040785563 0.63616717 0.006160345 0.00050372904 0.75143427 0.17687531 0.0029234453 0.00042147486 0.08082808 0.044328455 0.00087150745 0.009103423 0.71314067 0.28866386 1.0356975e-17 0.6659929 0.0002678074 0.12162733 0.8303231 0.00071184343 0.0007311137 0.06411524 0.060799558 0.041682635 0.29566836 6.1580563e-06 0.0018064392 0.0020772892 0.10247103 0.0058542555 0.39194775 0.016017143 0.0018531635 0.0029509016 0.029615149 0.002057611 0.00014902199 0.44844458 0.00014725451 0.4523065 0.01122101 2.1271419e-05 0.0009590143 0.00040717123 1.30053995e-05 0.011713136 0.001410441 4.2585234e-05 0.04925774 0.0010779912 0.0032283685 0.19677195 0.0003623371 0.29690757 0.018245712 0.04244079 0.0008561185 6.735525e-05 0.0002671034 0.0007449338 0.22507624 0.22385398 0.08680846 9.1384114e-05 4.752276e-05 7.496027e-05 0.00024168113 0.00020159887 0.0022317707 0.0001524146 3.434516e-06 2.4830533e-05 0.00071637664 0.10932774 5.1167575e-05 0.011151609 0.091552 0.0002496706 6.114982e-05 1.5141212e-07 7.016111e-05 1.675862e-06 4.098818e-06 0.00017569619 2.4429444e-05 9.82757e-07 4.7520152e-06 0.022206854
0.65672404 0.0058326535 0.04633947 0.0016785485 0.0004256122 0.030398887 0.31284264 0.046264328 0.027682222 0.0026119405 0.0066472236 0.023066593 0.0010419189 0.00050056964 0.3972452 0.00068106817 0.00011407915 0.28676665 0.029870097 0.0013220502 0.00026714132 0.36607355 0.0021126505 0.0004905884 0.0035740782 0.85443926 0.74975216 0.6659929 7.890383e-20 0.00018788842 0.013243178 0.8966449 0.00048883964 0.00029659353 0.0055673826 0.17804377 0.09086128 0.03230901 1.1686088e-06 0.00013985431 0.0010431582 0.007907897 0.0285655 0.12452105 0.3302785 0.017366823 0.0016112789 0.0053987247 0.00019744203 3.1569492e-05 0.08087208 3.7914306e-06 0.6082251 0.0008577665 2.9444333e-05 0.0005425316 0.007134899 4.1992857e-06 0.067501865 0.002078488 1.9737856e-06 0.27274644 0.0117947 0.039561186 0.21452282 1.2677189e-05 0.21450044 0.12895544 0.002987815 0.00011265046 0.0011978286 0.0021106768 0.0077645057 0.053399492 0.097845815 0.14902046 0.0009386648 2.8120048e-05 2.396467e-06 0.0001321311 0.00015885473 0.021940505 0.00029668887 2.259296e-07 8.028453e-07 0.00010062852 0.1370241 0.00014869463 0.0085673435 0.11555035 3.7268965e-05 1.9588899e-05 8.967215e-07 0.00061202527 4.738647e-06 4.191675e-06 7.151027e-05 4.222195e-06 9.648211e-07 1.5123089e-05 0.08005964
0.032579344 0.00019361723 0.00039232723 0.0005689575 0.003308412 1.6565802e-05 0.0001058663 0.00019178301 0.00052611355 3.8646638e-05 0.023275586 0.008080275 0.077446684 0.0025413267 7.5247845e-05 2.006084e-05 0.30446866 0.0015024329 0.0074854367 0.00014380208 0.8101151 4.1211777e-05 0.015222164 0.89993805 0.1885858 8.8823836e-05 4.1654403e-05 0.0002678074 0.00018788842 6.108998e-19 0.0060192826 0.000108773624 0.88721687 0.00010868196 0.0038566797 4.3753826e-06 2.1942324e-06 0.0019009132 0.7885504 0.13701564 0.326922 0.006819052 2.1200312e-07 0.0012996901 3.0885807e-05 1.0611783e-05 0.003295377 0.025132852 0.10023495 0.20349453 0.0025845428 0.1146464 9.272765e-05 0.041063845 0.6529861 0.00047904596 1.9808741e-08 0.46572992 4.3648444e-07 9.857364e-05 0.20834763 8.581104e-06 2.119484e-08 4.737971e-07 5.0805473e-05 1.2724769e-05 3.7098154e-05 1.8874578e-06 0.015388472 0.040861733 5.004701e-07 1.0719063e-08 1.5778747e-07 0.0005994677 0.0002628876 1.731463e-05 2.3593287e-08 0.0013174481 9.868449e-08 0.017448144 8.7537944e-07 3.632692e-08 1.66066e-08 0.013495032 7.364165e-08 1.681171e-05 4.923575e-06 4.4038575e-06 0.00030036995 5.343252e-06 0.018719023 1.1554651e-05 0.0060489187 1.4842769e-06 0.0029268556 0.00043967363 0.00036765737 7.2940875e-06 0.0028367327 0.0064491276 2.8524369e-06
0.71512944 0.045759 0.08203423 0.01820379 0.025207119 0.008342171 0.10027596 0.2835966 0.31675068 0.0036604542 0.3095645 0.5215108 0.14979888 0.011519284 0.03248202 0.0016875272 0.08086545 0.54700476 0.8139086 0.0037922123 0.01655549 0.0077964864 0.5704054 0.013061017 0.49887618 0.011590416 0.0021416123 0.12162733 0.013243178 0.0060192826 1.2904924e-15 0.043935508 0.008988857 0.0009180134 0.8742038 0.0030500297 0.0017259354 0.42152694 0.0021840713 0.005820237 0.074379764 0.7175361 0.00021666037 0.173526 0.0014245956 3.261258e-05 0.004684562 0.43068656 0.06665518 0.012413367 0.530189 0.006608461 0.0028410526 0.24028051 0.0009191361 0.0010796498 1.9072995e-05 0.0020584068 0.00013246141 0.0005036503 0.0020330914 0.00215395 0.00023431599 0.00021018978 0.005048453 0.00079769496 0.069796786 0.0024249346 0.17445892 0.021820866 1.0048558e-05 2.9525172e-05 3.7326485e-05 0.21112376 0.050644606 0.0017421946 4.8436705e-06 6.5027314e-05 0.00014687836 0.0018357389 0.0004556504 1.055958e-05 1.8875127e-05 0.00018723373 0.00043135503 0.00059196976 0.003989728 0.00018496314 0.047328938 0.0077888393 0.0055098697 0.00065140123 5.346456e-05 6.5224136e-05 6.97723e-05 4.8165828e-05 0.0007819111 0.00013109222 3.3970693e-05 0.00011621528 0.0011835693
