2.3553754e-24 0.0004907895 1.9999521e-05 0.004787681 1.3331373e-05 5.396931e-07 0.008579706 7.929513e-06 0.00076934654 0.19618836 0.00263488 3.391429e-06 0.19845408 1.096889e-05 0.12750152 0.0028894302 0.0301213 0.08452772 0.58733773 0.09726905 0.034264695 0.2990825 0.002948554 0.39155266 2.2885737e-07 0.005081417 0.527691 0.09822489 0.43596542 1.4245648e-08 0.04409734 0.1558685 0.18946005 0.79196745 0.027032366 0.5312373 0.42700383 0.000658459 3.9074153e-09 0.19048466 0.12770559 0.00034299045 9.035358e-05 0.0007500106 5.6234725e-08 0.8484199 0.05392926 5.1767984e-06 0.9493234 0.46587792 0.95579356 0.9495608 0.9466647 0.925518 0.0077260076 0.9494504 0.6100401 0.7486972 0.95172304 0.98721135 0.9830265 0.98523766 1.4882486e-06 1.9425261e-09 0.98645896 0.99354154 0.06213844 0.014801164 6.519683e-05 0.07784176 0.0819795 0.9764673 1.3446847e-06 2.730154e-08 0.00085677556 6.35774e-10 0.99464935 0.42270938 0.6402486 0.21785292 0.6457351 0.000138438 1.5914273e-07 0.627436 0.031810384 0.0009176226 0.0009757283 0.4204824 0.9969981 0.9964272 0.9831564 0.9800756 0.63852894 0.99211675 0.9794079 0.99851954 4.508579e-10 0.96651214 0.00014651797 0.5217091 0.9974656
0.0004907895 1.4089742e-21 0.3686131 0.3768626 0.59655064 0.3544954 0.22838293 0.21202034 0.25570798 0.32058612 0.19463077 0.024779126 0.22560571 0.1310278 0.08611884 0.061742008 0.0726432 0.101594135 0.10615281 0.07073991 0.032084186 0.017212745 0.015569911 0.012786882 0.018577041 0.014892299 0.061432406 0.029475 0.034794502 0.0007228882 0.009516216 0.01216886 0.015052914 0.00968839 0.0017155844 0.00529256 0.023121543 0.002269806 0.0021868038 0.005533386 0.0030795778 0.0027244636 0.00010537916 1.8704284e-05 4.0936444e-05 0.04403459 0.006467504 7.130627e-06 0.04097199 0.0024970965 0.035743434 0.012994268 0.0111912135 0.013172988 2.5040965e-05 0.0075419443 0.0019334527 0.0016925803 0.0010792117 0.0036339536 0.0043868683 0.016234023 1.6720458e-05 0.00044357846 0.003119804 0.0017950464 0.0009703175 8.3716905e-06 2.6081354e-05 0.00017282419 0.0008520346 0.00025673292 1.8001603e-05 7.5130595e-07 1.26888135e-05 1.3048198e-05 0.00066292856 0.00013049238 0.0026434627 0.0012680473 8.2349114e-05 5.831571e-06 6.305284e-07 0.0004059793 4.544665e-06 1.3313002e-05 4.731564e-05 4.641419e-05 0.0006961873 5.7050864e-05 0.0003681463 0.0007754128 3.148733e-06 5.3290307e-05 1.39616495e-05 0.00042389508 2.775275e-06 0.0009995337 2.1864083e-05 4.084482e-06 0.00024230331
1.9999521e-05 0.3686131 1.3108815e-20 0.09948526 0.21803117 0.42035967 0.040787138 0.41672015 0.2974694 0.0429516 0.0150787765 0.0722216 0.010751443 0.010266424 0.009512858 0.06387284 0.044905756 0.04517024 0.019253839 0.010473111 0.0033411942 0.0038554221 0.0016225912 0.0037824707 0.0011289708 0.030340295 0.012079246 0.019847997 0.022444664 0.0034089135 0.011491052 0.0029503754 0.01704838 0.002866138 0.0026144139 0.0025781174 0.0069264667 0.00028206548 0.00037939101 0.0014395372 0.0006086673 0.0008411188 0.00022056226 4.305103e-05 9.661332e-05 0.032124706 0.0032575126 1.675318e-05 0.017408215 0.0006216585 0.0137951765 0.011314351 0.0054982114 0.006753322 4.9906645e-05 0.004324253 0.0017523643 0.0011137091 0.0008137986 0.0014707971 0.0017793286 0.0048423037 6.7150804e-06 0.00015155364 0.0024134947 0.0013020585 0.00026448973 1.0753801e-05 1.4899861e-05 3.5101522e-05 0.00044385856 0.00016766757 5.0662475e-06 1.4209311e-06 7.6349515e-06 1.1235679e-06 0.0011828826 9.63003e-05 0.0017172698 0.001072543 6.00141e-05 1.2774497e-05 5.116996e-07 0.0006920701 1.6146507e-05 9.11024e-06 1.8483308e-05 3.1489115e-05 0.0019573066 3.988041e-05 0.00021271693 0.00077282736 7.0458723e-06 3.5610046e-05 2.3661101e-05 0.00038657477 1.216097e-07 0.0005396952 1.0527234e-05 3.6525051e-07 0.00022246415
0.004787681 0.3768626 0.09948526 4.2998572e-19 0.10055756 0.035899058 0.81068754 0.060796715 0.60403323 0.5640113 0.15767877 0.027910715 0.18132128 0.0358444 0.12145274 0.29656032 0.28161034 0.35560364 0.29134867 0.17495658 0.04499214 0.084419675 0.03241239 0.0764106 0.0039470107 0.053318698 0.08103993 0.19712678 0.15570094 0.00019721243 0.03787612 0.015299881 0.06863656 0.026474684 0.0056683305 0.0434026 0.18535286 0.004392734 0.00032814135 0.010260414 0.005370889 0.0038252731 0.0011641557 0.0006389388 1.988687e-05 0.15685952 0.02186241 0.00020469939 0.11938197 0.0063410862 0.097960055 0.039643724 0.07495345 0.048740193 0.00025991682 0.021233726 0.0060185795 0.0031839742 0.0031048188 0.024720052 0.031485613 0.07997471 7.063028e-06 0.0001867412 0.010608557 0.0081327455 0.00053526065 8.169592e-06 5.0338425e-05 0.0003320293 0.0015679714 0.0001423431 2.7996826e-05 1.5545953e-06 1.0031352e-05 8.899795e-06 0.0038583719 0.00012403326 0.0023014413 0.0017004886 0.0001644911 3.1168624e-05 8.21313e-07 0.0021122324 1.8954912e-05 1.4364275e-05 2.4089173e-05 3.3846805e-05 0.0065671527 7.243136e-05 0.0005705108 0.0017914021 0.00023421476 0.00013691679 0.00034887833 0.0018655796 1.5635813e-07 0.0002871606 8.699579e-06 5.8236183e-06 0.00046203006
1.3331373e-05 0.59655064 0.21803117 0.10055756 2.679532e-21 0.41615385 0.07088827 0.10672589 0.098452106 0.117902845 0.20611128 0.006359506 0.05723313 0.22758605 0.04438934 0.014848159 0.016243594 0.019309716 0.03404249 0.02270106 0.031821042 0.011118556 0.030701905 0.00985689 0.030397333 0.0024286062 0.022164173 0.009274039 0.010555614 0.00018215789 0.0037212658 0.0076425066 0.0050829584 0.004123706 0.0006316488 0.0051477645 0.008415328 0.0038143098 0.0029669194 0.002793275 0.004219929 0.0029468408 3.509918e-05 1.4871498e-05 8.592225e-06 0.014629437 0.0018931907 6.449595e-06 0.016777698 0.0015833202 0.023909122 0.0071174335 0.0035348062 0.006719085 9.9288794e-05 0.0045600752 0.0009481982 0.0005474431 0.00038055552 0.0017686719 0.002309289 0.007988548 5.8643186e-06 0.0021799647 0.0026781657 0.0015273755 0.0002924841 5.3340904e-05 1.0083645e-05 0.0002178004 0.00019562156 0.00016972216 2.4008512e-05 9.673765e-06 8.1702765e-06 5.507182e-05 0.00075445627 0.00018249748 0.001917246 0.00077234843 0.0001321146 8.374762e-05 1.0950616e-06 0.00043865503 3.3602198e-06 6.142833e-05 0.00011301912 1.2256771e-05 0.0020972744 8.915446e-05 0.00021915179 0.0005297057 1.2409401e-05 7.493704e-05 1.7671291e-05 0.00052544486 8.081866e-07 0.0001174619 1.1859601e-05 5.036505e-06 9.684958e-05
5.396931e-07 0.3544954 0.42035967 0.035899058 0.41615385 2.931381e-23 0.022838492 0.34088388 0.07740644 0.036234714 0.020539146 0.023199225 0.008830799 0.016903985 0.0064505124 0.0129321385 0.011613036 0.012854123 0.0133975735 0.0047024097 0.0016945401 0.0012304656 0.0006448531 0.0010172862 0.0016893259 0.003688323 0.0030720609 0.0026863131 0.0068917363 0.00091383327 0.002233572 0.001690774 0.0031861197 0.0007425552 0.00024939878 0.00029638852 0.0022798136 8.7506145e-05 0.000277176 0.0010148103 0.00019642898 0.00026933287 1.3601546e-05 6.589546e-06 1.0554033e-05 0.010054474 0.00030200492 2.1506123e-06 0.0077532516 6.679464e-05 0.0063106 0.002268382 0.0006853708 0.0015299406 1.5990601e-05 0.00095296564 0.0002356725 0.00014062693 0.0001834973 0.00017367477 0.00029829607 0.00085961557 1.9175777e-06 0.00015293469 0.00040200175 0.00030220055 8.793799e-05 1.43413345e-05 3.7567233e-06 3.789784e-05 5.9899052e-05 5.5329616e-05 1.547814e-06 3.7255266e-08 2.1192743e-06 1.505839e-06 0.0003060601 2.8598308e-05 0.00018583426 0.00013545154 4.6549612e-05 2.984053e-06 1.512712e-08 4.574776e-05 1.8646367e-07 7.839031e-06 1.7459402e-05 1.8659005e-06 0.0010208212 2.513466e-05 0.000115240524 8.796826e-05 3.8716317e-07 1.9957204e-05 2.5499726e-06 0.00020866746 3.9999017e-09 1.1358872e-05 2.386199e-07 6.063328e-07 5.274883e-05
0.008579706 0.22838293 0.040787138 0.81068754 0.07088827 0.022838492 2.918455e-19 0.023308279 0.29321375 0.7100531 0.14691962 0.009839716 0.28180376 0.025732461 0.16088535 0.14244482 0.12743632 0.2357601 0.35862872 0.23748328 0.060797904 0.10310413 0.031245044 0.08643259 0.0035934653 0.023070883 0.11624167 0.20619202 0.11258736 0.00017472437 0.018394474 0.018292537 0.027924359 0.0751599 0.002721185 0.098217845 0.249981 0.0065616504 0.0005075854 0.01356518 0.005143439 0.005419568 0.001061968 0.0003190894 1.8524901e-05 0.16675034 0.014210763 0.00014790108 0.15793712 0.016676802 0.17646258 0.053969402 0.10032133 0.07064984 0.00015117688 0.039109457 0.0054985913 0.0037307234 0.0040607788 0.039963696 0.044459037 0.09810806 8.066524e-06 0.0004700372 0.015686551 0.012199048 0.00037995153 4.1928968e-05 5.881388e-05 0.001562479 0.0012160839 0.0003317435 2.3648086e-05 5.190046e-06 6.418051e-06 3.247744e-05 0.0045907507 0.00036161995 0.002552406 0.0017970265 0.00030197957 5.980955e-05 9.885946e-07 0.0016716458 3.5337715e-05 2.7580785e-05 2.9674728e-05 4.4483273e-05 0.0023028234 0.00020100088 0.00097432843 0.0014211503 0.00031801214 0.00022925048 0.00036164164 0.0015411853 1.00846634e-07 0.00059298205 1.9888103e-05 2.9568822e-05 0.0006671764
7.929513e-06 0.21202034 0.41672015 0.060796715 0.10672589 0.34088388 0.023308279 1.05144466e-19 0.3874423 0.01606701 0.006467568 0.36903784 0.002971667 0.004011156 0.003306956 0.08301853 0.044296168 0.03355834 0.009590235 0.002291849 0.0011591222 0.001267076 0.0009560196 0.0012452377 0.00074732 0.049699362 0.0056461752 0.0085650105 0.015899258 0.021361783 0.014210425 0.00092574215 0.012502897 0.0022828432 0.004356906 0.0021962172 0.003415275 9.605648e-05 0.00025750927 0.00032834918 0.00046087726 0.000499269 0.0014342928 0.00032590024 0.002132626 0.021712316 0.0033263946 0.00013540738 0.009547678 0.0002670871 0.010047989 0.008669432 0.0035979012 0.004880157 7.380523e-05 0.0025213454 0.0017093085 0.0011005063 0.000826023 0.0020774547 0.0025415896 0.0033265275 2.3021435e-05 8.225868e-05 0.0022861243 0.0017930917 0.00023760812 3.8619132e-06 1.2681083e-05 4.0263018e-05 0.00036862004 0.0001647033 2.8191432e-06 6.3194665e-07 1.3925493e-05 8.4515995e-07 0.0013692371 7.780427e-05 0.0010650762 0.00062142324 3.400953e-05 5.871305e-07 6.630609e-08 0.0005092362 1.41914825e-05 7.648309e-06 7.179162e-06 2.795611e-05 0.0035363014 1.8189445e-05 0.00024540842 0.00040560565 6.460072e-06 2.1310363e-05 6.738187e-06 0.0004163614 3.6005606e-08 0.00020233098 1.5719459e-06 2.281942e-07 0.00012511031
0.00076934654 0.25570798 0.2974694 0.60403323 0.098452106 0.07740644 0.29321375 0.3874423 1.3209928e-18 0.16263072 0.030559907 0.30789715 0.05228011 0.022846416 0.04978631 0.6331725 0.5096807 0.3996367 0.1850077 0.090085976 0.010203988 0.039492477 0.0044227154 0.034072496 0.0029255021 0.38711464 0.045315336 0.19886467 0.21668458 0.016023103 0.17268443 0.0074545187 0.1704817 0.016707022 0.06319302 0.022239663 0.05908071 0.00093864906 0.00024464034 0.006101793 0.0024790547 0.0017866574 0.014852238 0.016364144 0.0026072515 0.16290729 0.075692326 0.0063770306 0.090033576 0.0030581602 0.03613183 0.06735361 0.056385543 0.024908291 0.0044222954 0.015129819 0.014111131 0.015053022 0.007713698 0.017011782 0.022290051 0.04280702 0.00028161958 0.00034701827 0.0064778337 0.0065754447 0.006613638 2.0451918e-05 0.00045179526 0.0006450497 0.0071224784 0.00078110356 3.1665557e-05 8.397121e-07 0.00016656931 8.560996e-06 0.0020206622 0.00039871893 0.0063262787 0.00678508 0.0003064523 6.6825094e-05 4.536543e-07 0.0022494465 0.00043084193 0.0001197696 0.00031802247 0.00030304329 0.002440944 3.779534e-05 0.001356155 0.0020388416 5.6624922e-05 4.9734314e-05 4.431497e-05 0.0025148245 3.4685713e-06 0.0007532872 6.1634826e-05 3.1052292e-05 0.0015241264
0.19618836 0.32058612 0.0429516 0.5640113 0.117902845 0.036234714 0.7100531 0.01606701 0.16263072 1.777102e-18 0.41191912 0.0072767846 0.5517885 0.08217213 0.30355772 0.11176505 0.18940566 0.31446797 0.65229833 0.44901538 0.20265347 0.2478747 0.10508335 0.25240427 0.019211061 0.025811577 0.19203876 0.14750531 0.13758199 0.00029983764 0.02165265 0.0744413 0.030048454 0.14288838 0.003014175 0.07539347 0.29897696 0.044651583 0.004534645 0.04494365 0.0086998325 0.020364631 0.0012451314 0.00017193123 3.526304e-05 0.34831554 0.0054084696 0.00015768738 0.46714106 0.012691991 0.5772014 0.17771037 0.17585267 0.29579827 5.057517e-05 0.0961581 0.0031803427 0.004604305 0.0053133024 0.118742235 0.09677519 0.3169719 3.0444496e-06 0.0014000261 0.01505496 0.020764632 0.00010443642 2.311641e-05 2.3870913e-05 0.0005802051 0.00030322972 0.00074179994 4.9306636e-05 8.797444e-06 6.8694158e-06 9.916739e-05 0.013367294 0.0004858343 0.0014179329 0.0016064434 0.00036600477 9.025414e-06 1.0326135e-06 0.0009494564 1.3037749e-05 1.9003059e-05 9.211425e-06 2.4500863e-05 0.004584809 0.0019529779 0.0010973678 0.003925217 0.0008748796 0.0014485304 0.000587544 0.003419031 1.2484903e-06 0.0004197064 2.4219598e-05 2.3397311e-05 0.0010206957
0.00263488 0.19463077 0.0150787765 0.15767877 0.20611128 0.020539146 0.14691962 0.006467568 0.030559907 0.41191912 9.0185964e-20 0.0013958521 0.48453334 0.49851897 0.18861423 0.01039031 0.031578403 0.06451678 0.15275316 0.071117565 0.29422656 0.04016834 0.30493554 0.034021832 0.105905235 0.0015073492 0.18558827 0.008719064 0.015102912 2.0296786e-05 0.0024660362 0.22129071 0.00702951 0.06864556 0.0002749482 0.011228931 0.022865212 0.2011422 0.0147279175 0.06265863 0.014946352 0.06538058 3.2788812e-05 3.5834466e-06 4.4582166e-06 0.013097419 0.0011037209 9.964296e-06 0.06984862 0.006039692 0.2081978 0.0054773875 0.007874266 0.050166007 1.1677559e-05 0.0131520545 0.0015549633 0.000373968 0.0004973949 0.005789645 0.004006421 0.03438346 5.8464633e-07 0.0045051915 0.001361944 0.0011005235 0.00022448773 8.6505555e-05 1.4461568e-06 0.0001067133 0.00032305584 0.0002136556 6.3616462e-06 1.4442241e-05 1.131701e-06 0.00042662228 0.0012095039 0.00010903951 0.0017304652 0.00074244617 0.0001921805 3.8930473e-05 6.71697e-06 0.00029646853 5.5867366e-07 0.00012689776 0.00019442788 3.1064715e-06 0.0012806568 0.00051712524 0.00014649925 0.000572412 0.00014859003 0.00048174398 8.804263e-05 0.002092197 8.342815e-06 6.933809e-05 2.0780686e-05 2.1728016e-05 0.000325931
3.391429e-06 0.024779126 0.0722216 0.027910715 0.006359506 0.023199225 0.009839716 0.36903784 0.30789715 0.0072767846 0.0013958521 5.22873e-20 0.0007145695 0.00029941986 0.001431327 0.1242066 0.057473354 0.027360927 0.0029482984 0.0006180588 0.0003644308 0.00028985945 0.00034215619 0.00023345121 7.759701e-05 0.11967907 0.0010037629 0.0033380573 0.014760652 0.15802743 0.026727961 0.0003318514 0.02080086 0.0003615853 0.011925757 0.0005118098 0.00043239808 4.9021757e-05 2.852365e-05 0.0001815346 0.0007545973 0.00043113236 0.005094837 0.0053230533 0.023836313 0.018001243 0.0019352522 0.004292366 0.0062608602 3.9082246e-05 0.003300458 0.0074834884 0.0029722664 0.0015989268 0.00046260518 0.00070201134 0.0014012271 0.0008568536 0.00076081563 0.0006271207 0.0011544138 0.0015199287 0.0002675702 4.0310162e-05 0.0005338872 0.0005756452 0.00073128555 2.2565399e-07 2.1476211e-05 1.32388595e-05 0.00057365774 1.9464616e-05 5.36548e-06 4.2873086e-07 7.4515974e-06 3.159973e-07 0.0001908261 2.5030462e-05 0.00050546863 0.0006809863 1.1147631e-05 2.0373697e-07 2.6365774e-09 0.0002132857 2.0466287e-06 1.0962443e-06 2.66347e-07 7.706223e-06 0.0003852818 1.9144119e-07 0.00016977494 0.00016910836 6.212531e-06 2.2801689e-07 1.931264e-07 2.8796343e-05 4.478601e-09 2.136661e-05 5.981519e-07 5.570364e-08 5.356862e-05
0.19845408 0.22560571 0.010751443 0.18132128 0.05723313 0.008830799 0.28180376 0.002971667 0.05228011 0.5517885 0.48453334 0.0007145695 3.96363e-20 0.04837456 0.8907461 0.017878447 0.053132873 0.050022222 0.2524152 0.17391668 0.5348011 0.14056 0.27112785 0.15136501 0.0072217504 0.0018242005 0.583559 0.04172683 0.019928169 3.762455e-05 0.0023608003 0.35462967 0.0041811117 0.24962714 0.00020573058 0.12517199 0.09529462 0.0939318 0.0018344753 0.18725239 0.07210092 0.06859204 4.8803402e-05 1.0868407e-05 1.4723317e-06 0.026827356 0.001153166 2.28048e-05 0.059486847 0.1419493 0.46525314 0.005810102 0.027018933 0.22202641 9.45353e-06 0.100790076 0.00059436343 0.00019029528 0.00046885034 0.053400837 0.026381135 0.07993263 8.4799143e-07 0.0016435515 0.042280603 0.012786968 3.3950902e-05 0.0013061184 2.756531e-06 0.007087228 6.410414e-05 0.0076122824 7.049748e-05 2.4869754e-05 1.4630643e-06 0.00051446777 0.02455984 0.0022318803 0.0006759636 0.00052770495 0.0016864694 0.00036143739 1.3864126e-05 0.0005858752 2.6503385e-06 0.0008584064 0.00044926885 3.3555702e-06 0.011662731 0.0077239485 0.00010943632 0.00076807855 0.004494872 0.0062087025 0.0029426506 0.00070997566 7.898543e-07 0.0003008539 0.0001625755 0.00029719493 0.00025119528
1.096889e-05 0.1310278 0.010266424 0.0358444 0.22758605 0.016903985 0.025732461 0.004011156 0.022846416 0.08217213 0.49851897 0.00029941986 0.04837456 2.325728e-21 0.02236564 0.006153724 0.007964723 0.007936372 0.016710712 0.011732219 0.050902613 0.007265735 0.16759114 0.005467573 0.47018456 0.00074963126 0.014501069 0.005809025 0.005653026 1.9792455e-05 0.0018976014 0.019839007 0.0043608323 0.004449544 6.946802e-05 0.0015315997 0.0055220895 0.064810954 0.055493016 0.0075182496 0.0060877474 0.010800138 2.9495384e-06 5.234842e-07 7.5775193e-07 0.007829151 0.0014208338 3.3637e-07 0.00836218 0.0003074822 0.021121252 0.003005789 0.0018075396 0.0049263774 1.8123561e-05 0.0014749295 0.0008779516 0.0002179812 0.00014556006 0.00075801177 0.0008573175 0.0037390152 1.1206672e-07 0.00845423 0.0004014552 0.00070376653 8.721196e-05 1.1311156e-05 1.4383355e-07 2.0819489e-05 2.6102034e-05 3.441666e-05 1.3263799e-06 5.511561e-06 1.5242184e-08 0.00049287383 0.000104556304 5.508732e-05 0.0004468806 0.0001046367 4.3525568e-05 2.738616e-06 1.7258044e-06 0.00012155156 7.147921e-08 1.5292644e-05 1.5342912e-05 1.476962e-07 0.0016520271 5.1310115e-05 4.043188e-06 0.0013980101 9.829938e-06 6.845947e-05 3.6148288e-06 0.0036023608 5.113009e-06 3.0428837e-05 2.245494e-06 1.993646e-06 3.9098017e-05
0.12750152 0.08611884 0.009512858 0.12145274 0.04438934 0.0064505124 0.16088535 0.003306956 0.04978631 0.30355772 0.18861423 0.001431327 0.8907461 0.02236564 4.4345705e-20 0.037530035 0.037652586 0.05386646 0.15732954 0.18155336 0.31774464 0.11958503 0.1551192 0.119267225 0.0044409675 0.003999704 0.60408914 0.07534082 0.027409052 0.00012823561 0.00408852 0.108876504 0.0035170403 0.4626881 0.00035312312 0.353567 0.2106067 0.04761989 0.0012046673 0.09526229 0.05796519 0.03203292 0.00017821944 1.9638692e-05 1.5572448e-05 0.031577725 0.0014986501 2.1474349e-05 0.06400131 0.32484862 0.38922003 0.008410972 0.04828258 0.16751999 4.6109904e-05 0.12909177 0.0009782068 0.0004674081 0.0006242753 0.07665831 0.035651755 0.07190962 4.1806325e-06 0.0014433579 0.05050183 0.013412058 3.6426958e-05 0.0010658973 1.0994088e-05 0.009245723 0.00010226281 0.009541056 0.00011531198 5.2339587e-05 3.7513105e-06 0.0005267745 0.030382792 0.0024558378 0.00062328036 0.00037001478 0.00159017 0.00026737072 3.7584887e-05 0.00043809903 8.672441e-06 0.00029705014 0.0003356513 5.9714625e-06 0.009879755 0.008282242 0.0004046334 0.0021173432 0.0036087134 0.007012048 0.0038957086 0.0008129457 9.900957e-07 0.00029054444 0.0001974712 0.00016245754 0.0005227496
0.0028894302 0.061742008 0.06387284 0.29656032 0.014848159 0.0129321385 0.14244482 0.08301853 0.6331725 0.11176505 0.01039031 0.1242066 0.017878447 0.006153724 0.037530035 2.5735238e-19 0.7611562 0.43671456 0.18989532 0.08075286 0.0047536176 0.038990036 0.0014928351 0.03786147 0.0004908098 0.51078916 0.041977208 0.34900156 0.423321 0.0035428978 0.426235 0.0029324323 0.42597738 0.01806006 0.24709953 0.069223195 0.13922486 0.0006847145 5.298292e-05 0.00510591 0.0009445632 0.001562105 0.023551794 0.040181108 0.0005128627 0.25411493 0.3517749 0.005723689 0.086660475 0.0027588825 0.03579282 0.1129924 0.12347362 0.026869277 0.024770461 0.018867936 0.07748993 0.05402132 0.029695405 0.021265801 0.063288555 0.043770928 0.0001646799 0.00022087505 0.014820783 0.033837773 0.016237622 9.633519e-05 0.0005116802 0.00034915775 0.016774978 0.00044776103 4.7934092e-05 2.1880783e-06 0.00013412512 1.423357e-05 0.0049337447 0.000671274 0.007868944 0.011244298 0.00064320065 5.567186e-05 4.7691124e-08 0.0018851795 0.00014183874 0.00010567998 0.00017203405 0.00044772474 0.0039592898 5.0647235e-05 0.0021284446 0.0046384525 1.42936115e-05 0.00010030103 8.51688e-05 0.008341292 6.1710075e-08 0.00081032404 5.740706e-06 1.473459e-05 0.0033830479
0.0301213 0.0726432 0.044905756 0.28161034 0.016243594 0.011613036 0.12743632 0.044296168 0.5096807 0.18940566 0.031578403 0.057473354 0.053132873 0.007964723 0.037652586 0.7611562 1.518055e-17 0.58389616 0.27645174 0.06933851 0.0150245605 0.034128536 0.0044822334 0.03274034 0.001696745 0.47572812 0.03392947 0.3949653 0.54905504 0.0035871738 0.46381608 0.013236607 0.42459 0.021412177 0.26208368 0.030121503 0.15077801 0.0027062087 0.0006632501 0.013156138 0.002201365 0.0034215979 0.027582167 0.021652643 0.0018922882 0.43286872 0.33820274 0.006083534 0.14255942 0.007035143 0.06021321 0.18725349 0.14147063 0.02345559 0.016148642 0.013399029 0.08030874 0.0671349 0.0354929 0.02235435 0.0635903 0.06743204 0.0003594046 0.00032113568 0.010014013 0.021046173 0.015668496 1.7520802e-05 0.0008854571 0.0009965773 0.014176964 0.000293728 0.00013630523 9.023178e-06 0.00041381895 1.188784e-05 0.0037793322 0.0003942094 0.019093355 0.0186081 0.0002876707 2.7682767e-05 6.400621e-07 0.005814073 0.0013477275 2.9716417e-05 4.0979605e-05 0.0021603706 0.0024319924 0.00015994636 0.003940226 0.011840841 0.000106945896 0.00014837208 0.00025628138 0.0153005095 2.8616503e-07 0.0031236694 2.2047232e-05 3.6978832e-05 0.0047630044
0.08452772 0.101594135 0.04517024 0.35560364 0.019309716 0.012854123 0.2357601 0.03355834 0.3996367 0.31446797 0.06451678 0.027360927 0.050022222 0.007936372 0.05386646 0.43671456 0.58389616 4.6341024e-17 0.3398593 0.1075072 0.029806418 0.06396592 0.008040729 0.06005583 0.0013621674 0.17730135 0.026793031 0.4296407 0.4878108 0.0011193653 0.17216164 0.0076278057 0.22774146 0.026651265 0.058175445 0.042689636 0.19186483 0.0016619193 0.00045189736 0.007192121 0.0027558506 0.001666382 0.010089529 0.0064612804 0.00058416266 0.3424352 0.08343568 0.0026091223 0.16552313 0.005834611 0.11123262 0.15823421 0.14350897 0.057807554 0.003941854 0.027404329 0.018706549 0.017842999 0.014443716 0.049910158 0.085876696 0.116609745 6.6269844e-05 0.0002765381 0.0155264735 0.028079418 0.0030054492 5.1016214e-06 0.00026233314 0.00022337168 0.0045868685 0.0007708609 2.285189e-05 5.3279714e-06 0.00011968591 2.524042e-05 0.010427819 0.0004589345 0.0070646424 0.009634705 0.00029998578 7.634086e-06 4.163117e-07 0.0031058083 0.0005059652 1.3450393e-05 1.3970173e-05 0.00094065774 0.004985734 0.00079149974 0.0028202324 0.014206929 0.00035189354 0.0005846487 0.000470781 0.015301669 2.6824787e-07 0.002552171 7.0786796e-06 3.923697e-05 0.0037286018
0.58733773 0.10615281 0.019253839 0.29134867 0.03404249 0.0133975735 0.35862872 0.009590235 0.1850077 0.65229833 0.15275316 0.0029482984 0.2524152 0.016710712 0.15732954 0.18989532 0.27645174 0.3398593 1.4898909e-18 0.79007554 0.037144046 0.42473972 0.025298333 0.44447473 0.0028045222 0.0752389 0.11962108 0.41683075 0.3415843 8.500319e-05 0.054499213 0.014031387 0.09531078 0.113479525 0.006247512 0.12405375 0.72366506 0.006984504 0.00088639744 0.025199855 0.005626491 0.005873252 0.0016651454 0.0006511404 1.4619603e-05 0.52902925 0.01949307 9.283737e-05 0.5630549 0.015009723 0.51600546 0.2766677 0.4795009 0.31947586 0.00030875482 0.223196 0.016179617 0.02328722 0.021259364 0.32913658 0.26045966 0.42200783 2.741961e-06 0.0004156342 0.12081995 0.12840609 0.00039184414 1.0151615e-06 3.814117e-05 7.183199e-05 0.0014624554 0.0016622362 6.120235e-06 9.870694e-07 2.5981259e-05 1.4279414e-05 0.057550397 0.00010493789 0.006127664 0.0024089634 0.00020662778 7.8553563e-07 2.1684588e-07 0.00528419 3.2474934e-05 1.9402241e-06 3.7918412e-07 0.0001520547 0.019481475 0.003570009 0.0018799283 0.028312031 0.0002709125 0.0020814715 0.0015529618 0.027831027 1.3385994e-08 0.0013403732 8.5207466e-07 2.0857594e-06 0.0025625445
0.09726905 0.07073991 0.010473111 0.17495658 0.02270106 0.0047024097 0.23748328 0.002291849 0.090085976 0.44901538 0.071117565 0.0006180588 0.17391668 0.011732219 0.18155336 0.08075286 0.06933851 0.1075072 0.79007554 6.244538e-22 0.06811155 0.74410367 0.03172847 0.68174124 0.0011126485 0.009562823 0.18044122 0.20100252 0.08078308 5.153858e-06 0.01207613 0.019134128 0.01784855 0.25755438 0.0011624184 0.27664548 0.53583884 0.0048217815 4.2153413e-05 0.021058466 0.009875718 0.00334114 3.7207566e-05 1.8347253e-05 4.5454103e-06 0.13501641 0.0119955195 5.6539848e-06 0.1645641 0.05294255 0.3703041 0.036246374 0.15221703 0.20789818 7.172014e-05 0.19073321 0.0054872297 0.005526639 0.0066712294 0.14291604 0.11565965 0.13841654 1.2572508e-06 0.00013543396 0.16419347 0.053168695 0.00010626381 0.0001622702 5.3174435e-06 0.0038463753 0.00039430155 0.012373401 2.384264e-06 2.873889e-07 1.3290111e-06 5.7785574e-06 0.060123906 0.0013805757 0.0016583562 0.0019578002 0.001372601 1.6965427e-05 3.7366565e-08 0.0009164787 3.837279e-06 4.330526e-05 1.7610742e-05 3.624071e-05 0.019019559 0.0058970214 0.00049928046 0.0038406644 0.00091618294 0.00353715 0.00219666 0.006452973 1.1909718e-09 0.0002819668 2.6741943e-06 5.7734815e-05 0.0012248984
0.034264695 0.032084186 0.0033411942 0.04499214 0.031821042 0.0016945401 0.060797904 0.0011591222 0.010203988 0.20265347 0.29422656 0.0003644308 0.5348011 0.050902613 0.31774464 0.0047536176 0.0150245605 0.029806418 0.037144046 0.06811155 2.2189805e-20 0.044594705 0.5136963 0.040992867 0.009851256 0.0013871137 0.52886176 0.009816285 0.005852079 3.2686406e-05 0.002257291 0.59558445 0.0018844347 0.30590168 0.0002325464 0.173544 0.037306666 0.19811773 0.0013866818 0.5784508 0.26452163 0.22973125 4.137797e-05 7.4565733e-06 1.8118999e-05 0.007290118 0.0005774803 1.3654717e-05 0.023462474 0.22584584 0.20769185 0.004087869 0.013435095 0.08094247 1.817715e-05 0.050373644 0.00034809945 0.00022114714 0.00021209828 0.016622474 0.008651906 0.023581471 1.5460587e-06 0.0021000635 0.015967613 0.0039344886 7.601717e-05 0.0039444915 3.594745e-06 0.011631802 6.4337175e-05 0.010150495 0.0002531389 0.00017979255 2.959115e-06 0.0012120997 0.009940202 0.003386838 0.0011010526 0.000644649 0.0032916612 0.0009289144 7.423973e-05 0.0001249777 2.9369774e-06 0.001145929 0.00084787305 4.3863997e-06 0.0039882087 0.0061640474 0.00015124524 0.000544715 0.004383532 0.00600093 0.004057594 0.00032825905 1.5487361e-05 3.42712e-05 0.0009864107 0.0008662105 0.0001479575
0.2990825 0.017212745 0.0038554221 0.084419675 0.011118556 0.0012304656 0.10310413 0.001267076 0.039492477 0.2478747 0.04016834 0.00028985945 0.14056 0.007265735 0.11958503 0.038990036 0.034128536 0.06396592 0.42473972 0.74410367 0.044594705 1.2672287e-21 0.023581035 0.88653994 0.0011599372 0.006931538 0.18108892 0.16200796 0.050881777 5.4001453e-06 0.007632379 0.017263075 0.0073104403 0.41413474 0.000809988 0.45858133 0.5696277 0.0075236293 9.574973e-05 0.022244647 0.010408013 0.007217048 6.193309e-05 1.8377952e-05 9.7161665e-06 0.13122647 0.0065067858 1.1753468e-05 0.15441252 0.15500718 0.49822226 0.044779312 0.22833692 0.31510708 5.181513e-05 0.32908255 0.0044250465 0.005694381 0.006879535 0.23131247 0.14739309 0.18705921 2.4042915e-06 0.00011485049 0.3022534 0.119032934 0.00013701606 0.00013125848 9.95192e-06 0.0073318086 0.00034187667 0.027419223 3.89257e-06 3.66041e-07 3.8460244e-06 8.131279e-06 0.12169726 0.0013779181 0.0011202374 0.0018152666 0.0015562866 1.4988651e-05 1.765766e-07 0.0006024367 7.6814595e-06 4.19773e-05 1.7086215e-05 2.6611013e-05 0.03888843 0.010942459 0.0004333472 0.0054846057 0.0006310482 0.0053670746 0.0023857076 0.006811023 4.244664e-09 0.0002805995 1.6204247e-05 3.9571383e-05 0.0013930965
0.002948554 0.015569911 0.0016225912 0.03241239 0.030701905 0.0006448531 0.031245044 0.0009560196 0.0044227154 0.10508335 0.30493554 0.00034215619 0.27112785 0.16759114 0.1551192 0.0014928351 0.0044822334 0.008040729 0.025298333 0.03172847 0.5136963 0.023581035 2.1976993e-22 0.021588193 0.042526472 0.00030064167 0.22224373 0.0014484123 0.0053567626 2.0200023e-05 0.0011050975 0.45913127 0.0014520455 0.11499578 0.00018248791 0.031620227 0.009797594 0.4082818 0.0037026491 0.46470347 0.1731608 0.37414113 3.392624e-05 6.5951353e-06 6.1096325e-06 0.0057045124 0.00018406728 2.0941296e-05 0.017857453 0.038481217 0.10451496 0.0029078987 0.0052948776 0.044223852 8.989885e-06 0.026308356 0.00022514423 0.00039952455 0.00043910416 0.006102468 0.0051759672 0.01484101 2.982568e-06 0.0020651454 0.008154931 0.0012974294 3.6551923e-05 0.0031178182 5.316166e-06 0.005088886 1.0663217e-05 0.003233183 0.0008697763 0.00019279766 7.6565743e-07 0.00072322885 0.0040782355 0.0010481083 0.0009884998 0.0010366382 0.001086259 0.0011934233 5.4466615e-05 2.6997872e-05 4.4482107e-08 0.0019902457 0.0014456944 1.7052996e-06 0.0021930642 0.0018645666 0.0003950965 0.00031476852 0.00056112866 0.0022370447 0.00081709627 0.00014088547 1.5262502e-05 1.7762444e-05 0.00023220778 0.00056492235 4.6563066e-05
0.39155266 0.012786882 0.0037824707 0.0764106 0.00985689 0.0010172862 0.08643259 0.0012452377 0.034072496 0.25240427 0.034021832 0.00023345121 0.15136501 0.005467573 0.119267225 0.03786147 0.03274034 0.06005583 0.44447473 0.68174124 0.040992867 0.88653994 0.021588193 1.1149008e-21 0.0010638265 0.0074674194 0.21030617 0.17165726 0.054112222 4.36642e-06 0.00778199 0.01681572 0.0067152344 0.4799374 0.00086342334 0.5445403 0.6129196 0.007238216 8.5851614e-05 0.021638606 0.010305883 0.006445359 5.274692e-05 1.8477209e-05 9.828138e-06 0.16531798 0.005446545 1.0481832e-05 0.18617643 0.1881211 0.59318066 0.050405107 0.2642086 0.40135926 5.922905e-05 0.40635037 0.004128152 0.006627986 0.0067199753 0.30261332 0.17134154 0.22311021 1.3821241e-06 7.800792e-05 0.37775025 0.14965163 0.00014598323 0.00014743411 1.0757401e-05 0.008435621 0.00031645136 0.030961394 4.287691e-06 2.4912293e-07 5.291437e-06 9.423305e-06 0.17594786 0.0016929958 0.0012284811 0.0018014465 0.0016701296 1.1021141e-05 3.590868e-07 0.0007409268 1.2142718e-05 5.3110958e-05 1.9467121e-05 4.0394094e-05 0.046992682 0.013784347 0.00045751405 0.0072844466 0.0009750237 0.006740007 0.0029778376 0.008008186 4.3255843e-09 0.00033799696 4.5715005e-05 4.99434e-05 0.0015912037
2.2885737e-07 0.018577041 0.0011289708 0.0039470107 0.030397333 0.0016893259 0.0035934653 0.00074732 0.0029255021 0.019211061 0.105905235 7.759701e-05 0.0072217504 0.47018456 0.0044409675 0.0004908098 0.001696745 0.0013621674 0.0028045222 0.0011126485 0.009851256 0.0011599372 0.042526472 0.0010638265 4.854397e-20 0.00017328432 0.0020853826 0.00046524787 0.0007233744 1.0013144e-05 0.0010277831 0.005438863 0.0014670602 0.0005478251 2.4143083e-05 0.00017961416 0.0008209913 0.04504888 0.29605982 0.0009834506 0.0011978497 0.0026552277 1.4126056e-06 9.9838026e-08 3.3011895e-07 0.0011354493 0.00062180916 1.1350901e-07 0.0020927412 7.7371784e-05 0.0036194567 0.00039577042 0.0005718967 0.00075696287 4.3517625e-06 0.00037823175 0.00016527165 6.503512e-05 4.585722e-05 0.00033088189 0.0005566963 0.00080078683 3.3653427e-07 0.049159 0.00037645292 0.00039185162 8.885391e-05 4.307031e-06 7.6746275e-08 3.3127606e-05 2.763853e-05 2.5937294e-05 1.2668988e-06 5.5572553e-05 3.0909273e-08 0.0005172824 8.804984e-05 2.6735019e-05 0.0004968383 9.234703e-05 2.0824074e-05 2.6353498e-06 3.9911015e-06 0.00013670816 6.557599e-08 1.6487973e-05 2.85097e-05 1.9083109e-07 0.0010129611 1.3434599e-05 1.2572777e-05 0.0019253999 2.3528712e-06 1.9762165e-05 2.1383823e-06 0.0019008007 6.606063e-06 4.3136984e-06 8.034347e-06 6.055613e-07 1.2502352e-05
0.005081417 0.014892299 0.030340295 0.053318698 0.0024286062 0.003688323 0.023070883 0.049699362 0.38711464 0.025811577 0.0015073492 0.11967907 0.0018242005 0.00074963126 0.003999704 0.51078916 0.47572812 0.17730135 0.0752389 0.009562823 0.0013871137 0.006931538 0.00030064167 0.0074674194 0.00017328432 4.724632e-19 0.013202442 0.09682583 0.3209518 0.014735988 0.61728656 0.0053392537 0.4646488 0.0028629964 0.6594733 0.008442402 0.020900507 0.00035372138 6.903089e-05 0.0038710192 0.0012474669 0.0013874696 0.17918366 0.3264634 0.025243271 0.23206985 0.33734858 0.057918184 0.038316417 0.0012870902 0.00689261 0.10459488 0.049544275 0.0063610557 0.10463534 0.0022887508 0.059699826 0.11260745 0.040709678 0.005520397 0.021653747 0.02242801 0.0049991966 0.000109076114 0.003802856 0.015824191 0.03177775 1.3221762e-05 0.0032503116 0.00010615645 0.026142469 0.00013251613 2.7774131e-05 1.2986307e-06 0.0022697845 6.5677636e-06 0.0023641863 0.00012473967 0.019393424 0.03339264 4.3793792e-05 1.6988497e-05 1.6673658e-07 0.0037412464 0.001676361 3.308145e-05 6.710769e-05 0.001918036 0.0013735897 1.542138e-05 0.0092920195 0.0076553635 9.075319e-06 1.780797e-05 1.8315157e-05 0.0132414615 4.5654463e-08 0.0021258714 2.0332744e-05 1.4163771e-06 0.010801885
0.527691 0.061432406 0.012079246 0.08103993 0.022164173 0.0030720609 0.11624167 0.0056461752 0.045315336 0.19203876 0.18558827 0.0010037629 0.583559 0.014501069 0.60408914 0.041977208 0.03392947 0.026793031 0.11962108 0.18044122 0.52886176 0.18108892 0.22224373 0.21030617 0.0020853826 0.013202442 2.6797217e-17 0.04445825 0.01737214 0.00027220717 0.010417307 0.4516548 0.007756809 0.5378732 0.0024080505 0.43627274 0.04861271 0.10698298 0.00055820344 0.46531832 0.44738907 0.11124332 0.00048535637 5.741213e-05 7.547157e-05 0.0059905024 0.0031549912 7.71177e-05 0.017694758 0.67969525 0.28541735 0.0028383199 0.017808005 0.14829761 0.0001882412 0.12203953 0.0005139987 0.00036250183 0.0005497459 0.037808526 0.021502752 0.03444489 3.7165148e-05 0.00084136147 0.06399793 0.01327881 0.00020908938 0.021842722 6.332329e-05 0.06217118 0.0003638897 0.096209235 0.0027753413 0.00040006748 3.620979e-05 0.0015066816 0.04713874 0.018270299 0.0008156365 0.0011256261 0.009081892 0.005324795 0.0014763299 0.00044595907 2.9832408e-05 0.009147437 0.01625045 3.1912878e-05 0.04347676 0.07743889 0.00025536257 0.0016054657 0.01840822 0.052177608 0.019434854 0.0008583573 5.7879082e-05 0.0005048867 0.007279593 0.0032599708 0.00014974471
0.09822489 0.029475 0.019847997 0.19712678 0.009274039 0.0026863131 0.20619202 0.0085650105 0.19886467 0.14750531 0.008719064 0.0033380573 0.04172683 0.005809025 0.07534082 0.34900156 0.3949653 0.4296407 0.41683075 0.20100252 0.009816285 0.16200796 0.0014484123 0.17165726 0.00046524787 0.09682583 0.04445825 1.0671589e-20 0.8411168 2.5412175e-05 0.19373879 0.0020456056 0.2406838 0.0575991 0.059787396 0.18088685 0.6410903 0.00042923348 6.549015e-05 0.0036183295 0.0012123106 0.00024500853 0.0020809623 0.003967114 5.2768406e-05 0.63191557 0.26652935 0.0002567263 0.30875242 0.009893695 0.11227015 0.25406083 0.43747684 0.089937545 0.0068281502 0.08492956 0.08783639 0.08079257 0.076438576 0.18795072 0.30451435 0.15542176 1.0556157e-05 0.00010703466 0.10758636 0.21969046 0.0069120126 5.013983e-05 0.00022901951 0.0002085324 0.008915495 0.0026460013 4.875937e-06 1.2521814e-07 0.0002437019 3.8571247e-06 0.041600537 0.00091578235 0.015449503 0.008965754 0.0007928289 9.797368e-06 8.8954245e-08 0.011158151 0.0007444533 3.6548296e-05 2.6738842e-05 0.0015124739 0.008781087 0.0029592123 0.0036829486 0.054962862 9.5359974e-05 0.0024255535 0.0012063406 0.050829876 1.33009115e-08 0.0030168295 2.403723e-06 2.7144279e-05 0.0106497565
0.43596542 0.034794502 0.022444664 0.15570094 0.010555614 0.0068917363 0.11258736 0.015899258 0.21668458 0.13758199 0.015102912 0.014760652 0.019928169 0.005653026 0.027409052 0.423321 0.54905504 0.4878108 0.3415843 0.08078308 0.005852079 0.050881777 0.0053567626 0.054112222 0.0007233744 0.3209518 0.01737214 0.8411168 3.3535546e-17 0.00051784824 0.39560518 0.0033723924 0.5243571 0.018693842 0.17677152 0.037327535 0.23031513 0.0006153041 0.0006476033 0.0052694785 0.0017687554 0.0011318312 0.018703053 0.023978801 0.0010353952 0.7449521 0.3351021 0.0039243056 0.37036994 0.003822983 0.13965484 0.5236299 0.4048684 0.08995104 0.027391225 0.060443327 0.19249478 0.2148707 0.21566942 0.13205405 0.19971327 0.17574547 9.191054e-05 0.00028394503 0.064654134 0.1593089 0.025184143 1.0530501e-06 0.0015223296 4.1337462e-05 0.018103817 0.0008958455 7.458721e-06 1.4194006e-06 0.0013142539 6.927963e-06 0.028886493 0.00019334009 0.047954127 0.025530443 9.896521e-05 1.6076357e-06 1.6812895e-07 0.03442385 0.0054911375 2.4231604e-06 1.2122024e-06 0.00714754 0.005762442 0.0004708834 0.010678426 0.085597716 3.453594e-05 0.00020692812 0.00037034313 0.07271946 3.280731e-08 0.010722593 1.6426987e-06 1.6066655e-06 0.015453784
1.4245648e-08 0.0007228882 0.0034089135 0.00019721243 0.00018215789 0.00091383327 0.00017472437 0.021361783 0.016023103 0.00029983764 2.0296786e-05 0.15802743 3.762455e-05 1.9792455e-05 0.00012823561 0.0035428978 0.0035871738 0.0011193653 8.500319e-05 5.153858e-06 3.2686406e-05 5.4001453e-06 2.0200023e-05 4.36642e-06 1.0013144e-05 0.014735988 0.00027220717 2.5412175e-05 0.00051784824 5.8483737e-21 0.0043195076 2.4100984e-05 0.0014652517 5.2439562e-05 0.0019995566 2.4009472e-05 8.192131e-06 2.0909683e-05 1.1281101e-05 3.0656178e-05 8.578965e-05 0.00018434782 0.0040153237 0.0030482123 0.29922438 0.001262398 0.00038362478 0.003551363 0.0002918043 8.400946e-06 0.00015010932 0.00045754915 0.00022839004 9.426357e-05 0.0008340027 4.1372878e-05 6.260215e-05 0.00016304471 5.0794766e-05 7.536145e-05 0.000102551305 0.00017729994 0.00086682616 6.220159e-05 9.688302e-05 4.926466e-05 0.00027904665 5.82931e-07 2.5855645e-05 9.268208e-06 5.5163862e-05 1.4246218e-06 2.7445475e-07 9.4506e-08 3.2926794e-06 8.454422e-07 5.1619325e-05 2.0840296e-06 3.3248576e-05 9.345296e-05 3.7181157e-06 3.9400472e-08 1.4046493e-09 4.7278854e-06 2.7987932e-07 8.88642e-08 6.6693325e-08 9.441947e-07 5.132348e-05 4.01995e-08 1.690715e-05 3.2967516e-06 5.6655896e-08 4.9949755e-08 1.7106421e-08 2.814917e-06 2.0123359e-09 4.5866403e-07 1.9260405e-07 6.417527e-09 1.6240263e-05
0.04409734 0.009516216 0.011491052 0.03787612 0.0037212658 0.002233572 0.018394474 0.014210425 0.17268443 0.02165265 0.0024660362 0.026727961 0.0023608003 0.0018976014 0.00408852 0.426235 0.46381608 0.17216164 0.054499213 0.01207613 0.002257291 0.007632379 0.0011050975 0.00778199 0.0010277831 0.61728656 0.010417307 0.19373879 0.39560518 0.0043195076 2.0360597e-17 0.00434229 0.73702973 0.003958954 0.80007935 0.0076930616 0.04778893 0.000640701 0.00055370084 0.003929355 0.0015537611 0.0019036334 0.112484366 0.19145077 0.006050127 0.37346542 0.6364165 0.021900557 0.06991827 0.0029412142 0.012990211 0.19254364 0.09930593 0.0070461053 0.2046295 0.0035004613 0.2959588 0.25416505 0.122897364 0.011015347 0.043960612 0.030245919 0.0020356155 0.00042089605 0.0062166303 0.030788334 0.088953346 3.1480813e-06 0.004113133 6.153194e-05 0.047645345 0.00018065347 2.2537824e-05 1.0742065e-05 0.0055910195 1.1453039e-05 0.0035718463 9.197218e-05 0.07560863 0.09356813 6.471878e-05 9.485436e-06 3.4551488e-07 0.024967952 0.006358899 7.24385e-06 1.1878401e-05 0.009829512 0.0022557676 4.3959997e-05 0.031657975 0.025081467 1.928384e-05 4.0184575e-05 5.978144e-05 0.036881275 5.4593627e-08 0.005095281 6.451114e-06 1.3131055e-06 0.022437884
