2.7906907e-26 0.4811582 0.05384868 0.3320399 0.017369524 0.017988715 0.17006305 0.88149685 0.45592016 0.014743862 0.980648 0.68542194 0.9720165 0.4397048 0.815455 0.43820462 0.94134945 0.0045486153 0.78153884 0.15129784 0.7734527 0.00188105 0.0026506358 0.8797806 0.980959 0.7736263 0.10895333 0.9754062 0.140539 0.59858596 0.48621777 0.49786222 4.3333723e-05 0.593084 0.7276987 0.53543836 0.005365644 0.9911107 0.9964578 0.9550459 5.673043e-07 0.006935343 0.01006616 0.017860364 0.001995436 0.13932149 1.065134e-06 0.9975035 0.41022167 0.026992816 2.2350545e-08 0.80420977 0.9645733 6.898942e-07 0.99551266 0.017671082 0.00736829 1.0144884e-09 0.00032712088 0.5802664 0.012844828 0.9889683 0.6133865 0.9984611 0.00047677464 0.0010163484 0.97729635 0.24679261 0.008699334 3.6397094e-05 0.00024215155 0.6325218 0.99742794 0.80732685 0.9539787 0.9995107 0.17240487 0.032988954 0.005703237 0.09657144 4.4221625e-07 0.17501168 4.7565783e-07 0.9999073 0.029909847 0.003263895 0.00025208152 0.5596701 1.4661286e-08 0.009079718 6.320067e-06 0.0031789436 0.4142633 0.995384 1.8996852e-06 8.888653e-09 0.024499848 0.9934608 0.0006680639 0.17713694 2.8229875e-08
0.4811582 1.4141248e-17 0.8180909 0.33451602 0.34554902 0.29973078 0.073980875 0.141465 0.90299267 0.43826818 0.3772261 0.03217766 0.50223947 0.011454793 0.013640205 0.0059830463 0.5796243 0.032074936 0.0031623745 0.44910398 0.33245176 0.120310694 0.011626905 0.1738127 0.0045860307 0.0025454962 0.1301264 0.15009364 0.18682823 0.06764031 0.048556242 0.029715495 0.03204574 0.021107657 0.020251056 0.025944507 0.12763953 0.08543809 0.1445353 0.013945188 0.00066191744 0.018405883 0.00054770114 0.015647197 0.0015238423 0.0006100696 0.000385458 0.08884879 0.017789308 0.012645614 0.0012147498 0.0036242956 0.0111084655 0.0005295074 0.016937558 0.002701258 0.0008395805 0.00010155481 0.008983552 0.0006779466 0.0003138531 0.00013851619 4.149094e-05 0.017410563 0.0006993221 4.7471258e-05 0.0069435667 0.00023122905 0.00046559784 8.272525e-06 8.874598e-06 0.00023190062 0.059525553 0.0001973688 0.005723498 0.0073899045 3.0947576e-05 0.0008011176 0.00057771057 2.156108e-06 2.1592983e-05 7.344727e-05 3.8128094e-06 0.02967974 1.1715922e-05 0.00013580854 3.7646892e-06 4.9426926e-05 4.7152305e-05 0.00017404021 1.7836559e-05 4.1860767e-05 3.917223e-06 0.008821994 8.9512463e-07 0.00040649032 1.0077964e-05 2.095494e-05 4.7513742e-05 3.9619767e-06 1.0603184e-05
0.05384868 0.8180909 1.404553e-20 0.31916714 0.35229257 0.27016467 0.11484523 0.11665121 0.47995716 0.85052013 0.23469786 0.017211316 0.3359214 0.009936335 0.013351998 0.006292282 0.4029082 0.018997809 0.0012755478 0.6169418 0.22086124 0.1058009 0.0030607148 0.18283138 0.0024562979 0.0009880366 0.35268378 0.06471332 0.1994237 0.050885294 0.09943984 0.023703663 0.022911951 0.0499197 0.0320535 0.028040553 0.08863458 0.053439762 0.0789603 0.039474167 0.00013695048 0.013859125 0.00029063202 0.026450709 0.00087723945 0.00015522947 8.957539e-05 0.03170203 0.04023207 0.010823013 0.0011723127 0.007930611 0.012368351 0.00053991395 0.010709956 0.0007936724 0.0016244771 2.3026134e-05 0.0044155633 0.0013040324 0.00022254349 0.00093933096 0.00022623567 0.0028999953 0.0012774597 6.683325e-05 0.002530007 0.00012502396 0.00030836702 1.0365655e-05 5.8086025e-06 0.00014143217 0.0055090813 0.00019394269 0.0016776293 0.001850517 1.1572913e-05 6.756014e-05 6.705427e-05 1.9249928e-06 1.555213e-05 2.7745304e-05 3.7595407e-06 0.0029786043 9.098605e-06 6.0233535e-05 1.3770679e-06 5.164276e-05 1.8057863e-05 6.9035073e-06 7.650308e-06 1.1819494e-05 5.221109e-06 0.0022762658 3.6843727e-07 0.00019152566 4.2637353e-06 7.726659e-06 5.916432e-06 4.9939567e-06 4.519902e-06
0.3320399 0.33451602 0.31916714 2.056479e-18 0.32764924 0.29197302 0.6208351 0.87151873 0.57054293 0.13692395 0.6900458 0.7210416 0.31502298 0.43575042 0.51222956 0.5062196 0.08733348 0.09075815 0.22157627 0.05106734 0.2356213 0.030830462 0.103032164 0.25983492 0.07883837 0.10374247 0.009800903 0.100370616 0.053123694 0.00467764 0.0016609415 0.0013327814 0.0067191683 0.00090816146 0.0007348349 0.0005574988 0.0058234595 0.0022347642 0.04387652 0.0002940262 0.0009201412 0.0006647477 0.0026291232 0.0007715191 0.009811844 0.007748746 0.0011140713 0.1860693 0.0007599933 0.00012325996 3.4602966e-05 0.00013958181 0.0005530142 4.399819e-06 0.0011332709 0.006447649 4.1031577e-05 3.737746e-05 0.00021561018 3.2221906e-05 2.158592e-05 8.009476e-06 5.221039e-06 0.016617006 2.938702e-05 1.2389924e-05 0.021892883 6.010677e-07 2.614183e-06 1.2279182e-06 1.0109773e-06 2.143634e-06 0.0033813708 2.766816e-06 0.010022015 0.00022534184 1.1121047e-06 0.0018589231 9.010761e-06 1.2105451e-07 1.0971747e-05 5.0021256e-08 4.9453564e-07 0.0037717905 6.7481255e-07 4.492189e-06 2.3592254e-06 3.5800255e-07 3.452468e-05 0.00026980278 3.211963e-06 8.649756e-07 4.6210776e-08 0.02695214 1.1146429e-07 0.0005059852 1.6251936e-06 1.2508148e-07 1.3695876e-07 3.7422485e-08 1.2662309e-06
0.017369524 0.34554902 0.35229257 0.32764924 1.0332645e-21 0.7783896 0.57250255 0.2818653 0.21325779 0.5343071 0.41699228 0.12256941 0.33661634 0.019281792 0.031627346 0.038050592 0.16620745 0.21004015 0.010749347 0.29977545 0.12368747 0.44457117 0.054018166 0.06413625 0.0024525516 0.004084416 0.049496073 0.048725378 0.03594693 0.02091657 0.015582553 0.0114480825 0.029764751 0.010229419 0.00939151 0.0033141826 0.0073637622 0.011345394 0.018539282 0.0029156185 0.0032101294 0.0006036554 0.00036361287 0.00073266216 0.0004657153 0.0001942818 0.00033339878 0.03707559 0.00032882992 8.967874e-05 0.0031520696 0.00016131738 0.0025963415 0.00025223495 0.0019297593 0.0005170868 1.532472e-05 0.0004985449 0.00030005764 7.60841e-05 8.438485e-06 5.562993e-05 3.436377e-06 0.0007862803 9.185599e-06 1.4789204e-06 0.002659134 1.2229309e-05 1.034028e-05 3.3791522e-07 8.1607175e-07 4.7090894e-06 0.001454061 6.0770617e-06 0.0013508112 0.00030616633 2.5143123e-07 4.5591838e-05 1.7095283e-06 1.2745213e-08 5.6647036e-08 1.3465801e-06 1.2213027e-07 0.0020915421 8.1692555e-08 9.0942274e-07 2.6892266e-08 1.4457198e-06 1.697188e-07 1.0338131e-05 5.725744e-07 1.4061493e-07 2.1752463e-07 0.0027336027 2.2477646e-08 0.001162272 1.2726369e-07 1.7939372e-07 4.0971747e-07 3.4692013e-07 2.708093e-07
0.017988715 0.29973078 0.27016467 0.29197302 0.7783896 8.2514e-21 0.57250696 0.28704298 0.20545022 0.4795955 0.4219531 0.13245687 0.34086975 0.022404596 0.032680698 0.022283172 0.17984287 0.2731629 0.011136995 0.25151694 0.12839626 0.53417957 0.059191007 0.067422606 0.0022853157 0.003946525 0.028603576 0.05497134 0.017391784 0.022787029 0.007813964 0.01188052 0.04237367 0.013478778 0.00624281 0.004007304 0.013376941 0.0118343495 0.013367435 0.0029317208 0.009654269 0.00038470534 0.00059627334 0.0003958693 0.0004292877 0.00012842909 0.0012509009 0.027601806 0.00042326975 7.2299816e-05 0.0062518744 0.00020626414 0.0018276762 0.0004150008 0.0017460686 0.00039043595 4.4116464e-06 0.000601738 0.0005078663 8.4676154e-05 3.6339984e-06 2.7916307e-05 1.4519984e-06 0.0002597067 3.2750352e-06 1.4930443e-07 0.0011862542 1.3882761e-06 2.8890952e-06 1.1253603e-07 3.796985e-08 2.1824117e-06 0.0013173188 3.629143e-06 0.0012677964 0.0001351255 4.6061622e-08 4.741212e-05 6.2984446e-07 1.9473487e-09 1.360019e-08 7.6782584e-08 3.0605797e-08 0.0014232559 1.6921998e-08 1.9748882e-07 9.220112e-09 4.3652645e-07 7.383377e-08 8.617039e-06 8.867389e-08 2.5465361e-08 3.7883478e-08 0.003379414 4.0883026e-09 0.0012046684 1.9438799e-08 5.6899776e-08 8.3042984e-08 1.2690657e-08 1.7645608e-07
0.17006305 0.073980875 0.11484523 0.6208351 0.57250255 0.57250696 1.5151391e-17 0.3330305 0.07775983 0.08462276 0.27546912 0.936979 0.093521304 0.049331073 0.06679502 0.15459509 0.018624395 0.5746091 0.08651337 0.008465186 0.018386675 0.4025385 0.7202829 0.015576623 0.018339094 0.16056083 0.0014739959 0.013948161 0.0035446077 0.0007481504 0.00013057268 0.00021126916 0.011532987 0.00020554154 0.00016973043 0.00026349127 0.0030625917 0.00039296172 0.003061948 0.00012836543 0.01932285 0.00011367537 0.0680037 8.311236e-05 0.049607784 0.018583303 0.037385855 0.032788444 6.081785e-05 1.2144803e-05 0.00060419674 0.00015833625 0.00080701255 9.171037e-05 8.430132e-05 0.038637422 1.0225135e-05 0.0015996931 1.9385272e-05 3.7480688e-05 4.9220075e-06 8.350611e-07 6.4078586e-07 0.0013657999 1.0484447e-06 1.4127402e-06 0.006197971 2.0890798e-06 1.049574e-06 2.0057549e-05 7.826194e-07 2.217577e-06 9.807301e-05 8.5939257e-07 0.012435151 9.451241e-06 3.249958e-06 0.004410654 3.5990843e-06 6.160024e-08 1.5285259e-06 1.0979628e-07 1.17176874e-07 0.0006186574 8.5583304e-07 1.0990399e-05 1.9709623e-06 1.7897864e-07 2.3146113e-06 0.002748732 3.3406523e-06 3.1227876e-06 1.5575722e-08 0.014160714 1.3331595e-06 0.0041453885 5.186506e-07 8.816878e-08 6.7906495e-07 1.3600345e-08 6.5308e-06
0.88149685 0.141465 0.11665121 0.87151873 0.2818653 0.28704298 0.3330305 9.012115e-16 0.28788728 0.05751808 0.826048 0.5402597 0.42946306 0.3843042 0.45753643 0.435648 0.071998276 0.08456616 0.28254798 0.023032023 0.18336715 0.07040552 0.10786934 0.25072873 0.1353148 0.14797318 0.010266856 0.16034731 0.028460653 0.004129597 0.002986395 0.0010053999 0.0063762153 0.0018253857 0.0008586762 0.0020148144 0.006927068 0.0019081858 0.07161414 0.00093795784 0.00084142893 0.0012214618 0.0074063363 0.0020892585 0.007087242 0.018705701 0.0023234447 0.50890887 0.0021911792 0.00055573566 0.00037882954 0.00041383613 0.0015233054 9.420712e-05 0.00071450137 0.021101788 0.0006243816 0.00022077018 0.0020086847 8.335796e-05 0.00011028275 5.5354813e-06 9.5247805e-07 0.05796481 0.00011560135 2.856034e-05 0.05127049 1.2192208e-05 8.176734e-05 8.726155e-05 3.7115635e-05 1.4879626e-05 0.00705118 4.971599e-06 0.016615056 0.0005611359 1.5399186e-05 0.0025243843 0.00072026806 1.013488e-06 1.8614654e-05 5.657715e-07 3.067792e-06 0.013399637 2.5241241e-05 0.0002553 1.4590716e-05 1.9190686e-06 6.9241214e-05 0.0016632489 2.2273915e-05 2.899522e-05 1.1519597e-07 0.072867885 2.5036966e-06 0.001381196 2.616782e-06 1.2652001e-06 1.2069003e-05 1.257761e-07 4.063597e-05
0.45592016 0.90299267 0.47995716 0.57054293 0.21325779 0.20545022 0.07775983 0.28788728 8.218742e-18 0.17195503 0.49696308 0.035612956 0.7678793 0.02513104 0.034809742 0.014232675 0.8566733 0.024576038 0.0030869273 0.4323178 0.7735946 0.052539106 0.006418538 0.5576286 0.0068169134 0.002306164 0.18265885 0.34221694 0.399207 0.07599517 0.108395964 0.026661325 0.015333572 0.05548409 0.04475348 0.0843044 0.118656516 0.08818537 0.4586281 0.02667895 0.00056908606 0.012568223 0.00047815527 0.016760284 0.0024707904 0.001171094 6.146009e-05 0.1707922 0.023089841 0.017825695 0.00020360346 0.008974963 0.01917549 0.00016381966 0.025963483 0.0026620268 0.0011400427 2.3694296e-05 0.0027683494 0.0016982231 0.00018073461 0.00033291202 0.000100586294 0.115449354 0.0006892942 6.399235e-05 0.018054834 0.00045839383 0.000115672156 1.4335849e-05 2.015957e-05 0.0004960832 0.2500735 0.00045008256 0.0060513155 0.015347413 0.00024293382 0.00074802875 0.0007687799 9.740428e-06 1.7965534e-05 3.0696814e-05 1.3414718e-05 0.10669204 4.478033e-05 0.000417718 1.1877337e-05 8.55825e-05 3.996253e-05 8.518749e-05 1.5759784e-05 5.639185e-05 8.909791e-06 0.013785123 1.178933e-06 0.00014713142 4.2765896e-05 7.484348e-05 3.874151e-05 7.733272e-06 6.6832386e-06
0.014743862 0.43826818 0.85052013 0.13692395 0.5343071 0.4795955 0.08462276 0.05751808 0.17195503 6.973845e-20 0.11124306 0.00813195 0.19415659 0.004490913 0.0057897 0.002411669 0.2945679 0.036315236 0.0005500466 0.49525064 0.078736015 0.33513927 0.0023328064 0.041853625 0.0013820011 0.00029191954 0.22394215 0.03160921 0.09705744 0.031754408 0.057220392 0.020320302 0.11012196 0.030701924 0.02618694 0.015162911 0.14719743 0.038633183 0.020678818 0.020135846 0.00029218663 0.022801422 9.830599e-05 0.027396882 0.00034025195 6.0306935e-05 0.00018485908 0.0040573548 0.021947997 0.010221012 0.0033723263 0.0041444437 0.005703137 0.0025887056 0.005135638 0.00011438985 0.0010653972 3.9356855e-05 0.024210393 0.0015724504 9.427965e-05 0.000973337 0.00016176492 0.0005156014 0.00093787815 0.0001375522 0.000347123 0.00017490424 0.00017910903 7.6203733e-06 6.0982466e-06 0.00013919949 0.0036417353 0.00015268534 0.00059769093 0.0006982192 4.449136e-06 8.915307e-06 5.9688067e-05 6.926129e-07 1.8149298e-05 1.7427048e-05 3.4532434e-06 0.0010519241 5.138795e-06 1.939189e-05 9.884316e-07 5.9761995e-05 2.3511317e-05 1.4073869e-06 1.0352456e-05 5.335594e-06 5.0012727e-06 0.00048273525 3.510527e-07 0.00019931042 3.925922e-06 4.370945e-06 4.3641803e-06 1.3999561e-06 4.8173933e-06
0.980648 0.3772261 0.23469786 0.6900458 0.41699228 0.4219531 0.27546912 0.826048 0.49696308 0.11124306 1.2209052e-15 0.5480859 0.6914498 0.32614583 0.45731685 0.22799344 0.26424766 0.1975495 0.25404593 0.039622486 0.34854954 0.13212122 0.20901011 0.39797488 0.18052141 0.1636063 0.028631961 0.348805 0.048465636 0.014759386 0.0060440456 0.0051973327 0.0075859004 0.0050182934 0.0025842423 0.0018734323 0.013523336 0.01294346 0.20469451 0.0023800717 0.00043751678 0.0027681012 0.003413087 0.0053966665 0.004128099 0.01851449 0.0039928304 0.6035893 0.0045337216 0.0013003721 0.0004969146 0.0013977255 0.0026709945 0.00028405606 0.0028664523 0.011615745 0.0021629857 0.00027873175 0.005066731 0.00011952725 0.00019981476 7.735403e-06 4.344998e-06 0.15552694 0.000270574 0.00034999388 0.0954501 2.466824e-05 0.00017535586 0.00026527056 9.888982e-05 6.5087897e-06 0.04826518 2.9601367e-06 0.038501468 0.0021104503 1.1483213e-05 0.0040474473 0.00019070858 1.0892767e-06 2.3253322e-05 4.670683e-06 2.837125e-06 0.25725082 2.0471884e-05 0.0001320496 1.5004554e-05 1.9751321e-06 9.228474e-06 0.001374094 3.1231077e-05 2.8806917e-05 3.7850268e-07 0.089028664 1.3861813e-05 0.0013502921 8.461766e-06 1.4581638e-06 9.936775e-06 2.4794068e-07 6.906098e-05
0.68542194 0.03217766 0.017211316 0.7210416 0.12256941 0.13245687 0.936979 0.5402597 0.035612956 0.00813195 0.5480859 4.7706917e-17 0.14683698 0.2266756 0.31957448 0.58202034 0.011850415 0.23598409 0.5796544 0.00124535 0.02589689 0.054074764 0.52959067 0.03813361 0.17725661 0.613818 0.00033603996 0.022235904 0.0010562744 0.00067639706 0.0001292515 0.0001334662 0.0010372988 0.00011770277 2.8571729e-05 4.2191903e-05 0.0006946225 0.00021858445 0.005094159 5.0581104e-05 0.0011022267 5.0217113e-05 0.045318857 3.098827e-05 0.033368677 0.13557164 0.009224488 0.16398323 1.9909281e-05 7.999033e-06 9.9702025e-05 1.1891334e-05 7.786544e-05 1.6355638e-05 0.00018908126 0.037012063 3.0777526e-06 0.00039919565 4.6422933e-06 1.849058e-06 9.2021924e-07 1.8851631e-07 4.981275e-08 0.0122135645 3.3047834e-07 3.5088e-07 0.041224174 3.9262417e-07 6.508836e-07 1.7824883e-06 1.189697e-07 2.6389648e-07 0.0006838179 6.367309e-08 0.11093257 3.426718e-05 2.422408e-07 0.010883075 3.663749e-07 4.3334136e-09 1.2719052e-07 1.1039702e-08 1.6118282e-08 0.0032292262 9.09752e-08 1.3518002e-06 4.946377e-08 1.8411415e-08 2.5601298e-07 0.004406013 4.22088e-07 4.9958925e-07 9.395682e-10 0.07956419 7.286509e-08 0.00044566442 4.6293437e-08 1.4461459e-08 2.0011308e-07 2.1930784e-09 1.5661861e-06
0.9720165 0.50223947 0.3359214 0.31502298 0.33661634 0.34086975 0.093521304 0.42946306 0.7678793 0.19415659 0.6914498 0.14683698 6.750737e-17 0.058420755 0.10700071 0.032996118 0.5770342 0.088901095 0.04094245 0.11809142 0.6107774 0.0915022 0.019459136 0.3924213 0.014170388 0.01884536 0.06404246 0.35838374 0.16001229 0.0792081 0.06309824 0.036294445 0.00936179 0.028867835 0.03605454 0.013485305 0.03253259 0.08119629 0.19672956 0.019948391 0.0005868636 0.004448642 0.001442769 0.00796167 0.0039603114 0.004544642 0.0007694991 0.37366068 0.0054961955 0.0014383954 0.00042304577 0.0017926345 0.002705984 0.00012364719 0.011520723 0.007566973 0.001236943 0.0001638848 0.0016821469 0.00018188241 0.00025277387 6.793954e-05 4.13756e-05 0.09110503 0.00013580464 2.322409e-05 0.022477528 9.643584e-05 0.00043119874 4.9267717e-05 8.650622e-05 9.929287e-05 0.15531 3.268516e-05 0.00851161 0.0069502913 4.6012035e-05 0.0028905107 0.0007728152 1.5263408e-06 9.183378e-07 8.277614e-06 2.3326272e-06 0.37008116 1.1881766e-05 0.00014292092 3.0644587e-06 1.4690393e-05 6.780798e-06 0.00077218935 4.128506e-05 4.9889608e-05 1.9844742e-06 0.03290262 1.5097508e-05 0.0010725394 1.6090431e-05 2.3494226e-06 9.620189e-05 1.1517141e-06 5.7625366e-06
0.4397048 0.011454793 0.009936335 0.43575042 0.019281792 0.022404596 0.049331073 0.3843042 0.02513104 0.004490913 0.32614583 0.2266756 0.058420755 4.1715496e-15 0.8861876 0.6773535 0.008924538 0.0052382504 0.6045144 0.0033601606 0.027522566 0.0017396968 0.0064952727 0.05245196 0.57767236 0.26845366 0.0024922371 0.03103434 0.0030024657 0.00092296663 0.00043710662 0.00013945834 0.0002452949 0.00029787762 0.00013972886 0.0001413681 0.00032155862 0.00040182142 0.011464492 0.00011259621 0.000118840835 0.00048454286 0.0009558888 0.0006319045 0.0017927942 0.016976822 0.000104921186 0.41402996 8.095945e-05 6.7813315e-05 9.1968e-06 4.5880803e-05 0.00023313863 2.7176555e-05 0.00021185166 0.005032511 0.00014925767 0.00028353615 0.0002735158 2.23788e-05 7.089276e-05 2.0588975e-06 2.672769e-06 0.06832799 7.650414e-05 0.00011852731 0.11939329 2.3649156e-06 3.478544e-05 2.715443e-05 3.5185712e-05 5.176443e-06 0.00025043366 6.608656e-07 0.005882515 0.0003794936 2.9912962e-06 0.0012970811 1.7300485e-05 2.891354e-07 0.00024018898 3.8623975e-07 1.2268646e-06 0.0016519933 2.5786437e-06 2.2245553e-05 4.716611e-05 2.3304113e-07 6.550721e-05 0.00040653197 9.228725e-05 2.2175072e-06 2.1299762e-08 0.022252616 2.4547019e-06 0.0018856606 4.9410264e-06 7.6126376e-08 4.629821e-06 1.11504065e-07 0.00017233686
0.815455 0.013640205 0.013351998 0.51222956 0.031627346 0.032680698 0.06679502 0.45753643 0.034809742 0.0057897 0.45731685 0.31957448 0.10700071 0.8861876 2.7949428e-14 0.6387566 0.011378795 0.00957496 0.6415494 0.0032433956 0.039079744 0.0027576094 0.011950844 0.09485088 0.6793567 0.2922156 0.0027112796 0.057477437 0.005795296 0.0007658821 0.00045415803 0.00020362735 0.00042615805 0.00033979994 0.00012740765 0.00022889636 0.0005805945 0.000346544 0.030780869 0.0002675661 0.0002021489 0.00047155187 0.0009727362 0.00090584025 0.0020186629 0.01276956 0.000260497 0.69893897 0.00027711972 0.00015455308 3.057151e-05 0.00014873405 0.00045749286 3.0239122e-05 0.00023394644 0.0049181557 0.00041704488 0.00078949245 0.00022398861 4.5890163e-05 0.0001585112 4.5951892e-06 1.9938625e-06 0.17702536 5.8501115e-05 0.00013080986 0.20299357 1.8211054e-05 9.837491e-05 0.0001641368 0.00012018162 3.976659e-05 0.0019558764 2.447689e-06 0.006643618 0.00044947476 1.7062734e-05 0.0013848534 0.00013740416 1.9914796e-06 0.000108951885 1.1129089e-06 2.208308e-06 0.0061620106 1.930246e-05 0.00012350365 0.00013589651 1.070756e-06 4.0525516e-05 0.00038755848 0.00018000513 2.7330107e-05 9.840385e-08 0.031467408 6.751625e-06 0.006358942 1.7914637e-05 3.5344215e-07 5.796716e-06 3.3802223e-07 4.7949503e-05
0.43820462 0.0059830463 0.006292282 0.5062196 0.038050592 0.022283172 0.15459509 0.435648 0.014232675 0.002411669 0.22799344 0.58202034 0.032996118 0.6773535 0.6387566 1.5533502e-16 0.003490554 0.02957416 0.8742158 0.0005036791 0.007725809 0.0033932345 0.07446268 0.01577134 0.58888435 0.60928977 0.00029660767 0.009631844 0.0009388188 0.00018090845 4.6499394e-05 2.2907008e-05 7.4491356e-05 5.819085e-05 2.117655e-05 7.933898e-05 0.0003394932 3.5281108e-05 0.003337589 4.4595414e-05 0.0003636845 9.961421e-05 0.0036462238 0.0001344104 0.010677887 0.09038319 0.0011697429 0.15626957 6.432988e-05 3.2539232e-05 7.1909953e-06 1.4329316e-05 0.00010680932 1.29425325e-05 2.8112621e-05 0.013951334 3.2494176e-05 7.350999e-05 3.0672527e-05 4.345488e-06 1.6680451e-05 3.6241084e-07 2.0283065e-07 0.0139193665 2.8922655e-06 1.9785719e-05 0.06284335 5.545074e-07 6.0352872e-06 3.0046265e-05 1.9158101e-06 7.846529e-07 0.00012697269 2.741492e-07 0.0120670255 1.5666485e-05 1.3221371e-07 0.0024155981 1.3517484e-06 1.3961722e-08 2.2508335e-05 1.36924605e-08 9.508464e-07 0.0006499548 2.7540625e-07 1.1967877e-05 7.3457527e-06 3.6455052e-08 1.6790593e-05 0.0011271205 6.4636893e-06 9.110165e-07 2.2276099e-09 0.029548781 7.5294133e-07 0.0011330841 3.1232537e-07 1.3877426e-08 1.183229e-06 3.1597376e-09 1.1495003e-05
0.94134945 0.5796243 0.4029082 0.08733348 0.16620745 0.17984287 0.018624395 0.071998276 0.8566733 0.2945679 0.26424766 0.011850415 0.5770342 0.008924538 0.011378795 0.003490554 4.0211145e-16 0.02722343 0.0026237592 0.56608254 0.8065332 0.073087044 0.003182867 0.42253295 0.004169407 0.0023483455 0.14824648 0.39546195 0.4122514 0.25737855 0.21888553 0.13613449 0.01738617 0.09328195 0.1292227 0.068071686 0.11082704 0.5458351 0.44638717 0.07734988 0.00036562973 0.014622603 0.0006002463 0.021555796 0.0016076153 0.0014446924 0.0002516758 0.0851384 0.039349783 0.009970579 0.00085276534 0.01866935 0.06592162 0.00078323355 0.070543334 0.0011671988 0.0074727656 0.00026079305 0.016464012 0.0031816275 0.0017372365 0.0019634385 0.0016964966 0.073768176 0.00066585105 0.00022969343 0.007021034 0.001887818 0.0017372 0.0005050613 0.00066999206 0.0010569439 0.34460342 0.00090201915 0.0054048477 0.030236444 0.0009326644 0.00045540713 0.001162031 5.435236e-05 9.4220095e-06 0.00033377417 1.1130591e-05 0.28316388 0.00039978448 0.0009016571 3.8250706e-05 0.00031538933 3.4169574e-05 0.00014751624 0.00010393663 0.0005245007 8.0060665e-05 0.011377343 2.2923725e-05 0.0018540022 0.0002802791 0.00055939157 0.00029498478 4.675213e-05 5.9564558e-05
0.0045486153 0.032074936 0.018997809 0.09075815 0.21004015 0.2731629 0.5746091 0.08456616 0.024576038 0.036315236 0.1975495 0.23598409 0.088901095 0.0052382504 0.00957496 0.02957416 0.02722343 3.9142282e-19 0.039185416 0.011030428 0.011156676 0.6077898 0.5100959 0.003991114 0.0035366188 0.053404994 0.0019696883 0.004149678 0.0010503316 0.00055371 0.00160176 0.0006025778 0.014022351 0.00055815105 0.00079102506 0.0016360147 0.0036362698 0.00029973473 0.00053793855 0.00053186563 0.060019944 0.0007720609 0.030904723 0.00037503502 0.00061905396 0.0006617123 0.03918237 0.0037937479 0.00013244776 3.183418e-05 0.007625376 8.2522456e-05 0.0004551431 0.0001167082 0.00010372632 0.0020195046 1.5202824e-05 0.006666879 1.7037546e-05 4.4557937e-06 6.0081816e-06 3.9061956e-06 4.7143806e-07 0.000117745876 1.05130675e-05 5.8068026e-06 0.0003544486 9.0892337e-07 1.3242174e-06 3.3206065e-06 3.0329724e-07 6.8239405e-07 0.0005586644 1.3736819e-07 0.009327271 4.7344754e-05 3.7242566e-07 0.0001683251 2.9794847e-07 1.8778556e-08 1.446297e-07 5.246604e-08 1.4165609e-08 0.0012439066 9.932634e-08 8.0385047e-07 7.5902045e-07 4.403596e-08 6.8848635e-07 5.291344e-05 2.9743805e-07 7.9890306e-08 8.54582e-09 0.011028981 2.6781206e-07 0.011386128 4.4502727e-08 1.4786877e-08 7.486499e-08 3.2179432e-09 1.0242009e-05
0.78153884 0.0031623745 0.0012755478 0.22157627 0.010749347 0.011136995 0.08651337 0.28254798 0.0030869273 0.0005500466 0.25404593 0.5796544 0.04094245 0.6045144 0.6415494 0.8742158 0.0026237592 0.039185416 2.0640427e-15 0.00014270913 0.0048997807 0.0022909946 0.12715702 0.0070461757 0.78583705 0.8354212 0.00018283841 0.0046582506 0.00050156686 5.464367e-05 5.229852e-05 5.0847616e-06 3.8043814e-05 0.00010594032 7.257673e-06 3.9135808e-05 0.00010633123 1.8128123e-05 0.0024625498 9.790358e-05 7.04925e-05 3.098709e-05 0.007853694 2.649526e-05 0.009562422 0.17659998 0.0006596532 0.2716538 2.3592267e-05 9.113837e-06 1.0433701e-05 9.166189e-06 3.2054282e-05 1.2291079e-05 1.1732157e-05 0.018866198 8.981521e-06 0.00010510897 6.59835e-06 1.1402051e-06 6.029626e-06 4.7027836e-08 2.9716539e-08 0.024381336 1.4545583e-06 1.004713e-05 0.16065815 4.0202357e-07 6.429237e-06 1.2560914e-05 1.028774e-06 3.0176867e-07 0.001320049 1.6633642e-08 0.027607597 5.229633e-05 7.9162376e-08 0.0031572578 1.594976e-06 2.6714089e-09 3.475356e-06 9.904913e-09 1.6008345e-07 0.0029240462 6.7716336e-08 2.9377925e-06 9.954896e-07 7.584083e-09 2.128693e-06 0.0027339822 1.5517827e-06 3.2112325e-07 2.524669e-10 0.09905985 4.657199e-07 0.0009807348 1.0450092e-07 7.39803e-10 1.8500299e-06 9.212653e-10 1.2919608e-05
0.15129784 0.44910398 0.6169418 0.05106734 0.29977545 0.25151694 0.008465186 0.023032023 0.4323178 0.49525064 0.039622486 0.00124535 0.11809142 0.0033601606 0.0032433956 0.0005036791 0.56608254 0.011030428 0.00014270913 3.0982288e-19 0.22056189 0.08688539 0.0007724799 0.11000331 0.0017064711 0.0001333667 0.9309368 0.09616392 0.80243886 0.36517203 0.4359161 0.45499495 0.12570553 0.14742614 0.1481764 0.08257358 0.5284143 0.6233088 0.06291042 0.082763344 0.00018042396 0.18969212 0.00019207111 0.11030667 0.00037975595 0.00023546896 4.3247313e-05 0.008157568 0.06648809 0.08154639 0.0008252117 0.014186378 0.022556828 0.0025083788 0.033207346 4.433572e-05 0.009151978 0.00011529583 0.094564214 0.0029249582 0.0032577224 0.000957432 0.00025896178 0.0035967722 0.0107782325 0.00089608127 0.0010623059 0.002076276 0.0021811458 0.00038575608 0.0002645329 0.0008802706 0.02111296 0.0007621254 0.002834937 0.009133668 0.0006096128 9.3916664e-05 0.00048206176 2.8867944e-05 4.128038e-05 0.000120146666 1.5176849e-05 0.003383516 0.000115175375 0.00042120283 1.1779344e-05 0.0002641409 4.6647605e-05 1.1592697e-05 1.0333724e-05 0.00013877799 2.2314714e-05 0.0013125743 3.272975e-06 0.00032677382 5.146935e-05 0.000119702345 0.000112372116 8.351173e-06 1.1824308e-05
0.7734527 0.33245176 0.22086124 0.2356213 0.12368747 0.12839626 0.018386675 0.18336715 0.7735946 0.078736015 0.34854954 0.02589689 0.6107774 0.027522566 0.039079744 0.007725809 0.8065332 0.011156676 0.0048997807 0.22056189 1.8788357e-17 0.012569596 0.002484791 0.8732627 0.0063976375 0.0039666863 0.065776736 0.65701854 0.32647234 0.072510086 0.08120814 0.026557123 0.0038739906 0.041301638 0.038201913 0.067789674 0.03787918 0.121202 0.56474537 0.03520937 0.00046518244 0.0022187787 0.00053791906 0.0044870796 0.0018650735 0.0011862208 0.00016110184 0.21989116 0.012752151 0.007713412 0.0002453073 0.013719108 0.025817407 7.481636e-05 0.035836518 0.0027769366 0.00017297854 8.154097e-05 0.0021844455 0.0024464242 0.00031804916 0.0012645861 0.0004887816 0.11207324 0.00048801638 5.728109e-05 0.017141838 0.0010468597 0.0001324648 1.5517551e-05 3.968328e-05 0.00090818055 0.19231398 0.0011949693 0.0036915056 0.017498419 0.00031080985 0.0005782284 0.0005685316 4.416275e-05 4.8772043e-05 9.2364025e-05 3.924737e-05 0.17183541 0.00022476086 0.00034883822 7.553129e-06 0.0002828704 0.00013016189 0.000103284 5.022679e-05 0.00017542277 2.0565025e-05 0.017638436 2.8607133e-06 0.0003620197 0.00012431073 0.00034095344 3.9871324e-05 1.9302921e-05 3.6934918e-05
0.00188105 0.120310694 0.1058009 0.030830462 0.44457117 0.53417957 0.4025385 0.07040552 0.052539106 0.33513927 0.13212122 0.054074764 0.0915022 0.0017396968 0.0027576094 0.0033932345 0.073087044 0.6077898 0.0022909946 0.08688539 0.012569596 3.282371e-19 0.12830584 0.002575623 0.00065329904 0.0012144775 0.012092593 0.0030502595 0.0019686902 0.00308745 0.0039445614 0.0052741743 0.48166487 0.0015147965 0.0029327986 0.002365155 0.037750185 0.003099884 0.0008036835 0.0011788375 0.105608374 0.0026341877 0.0009435193 0.0027146623 0.00029160787 1.1603581e-05 0.01575712 0.0003798552 0.0002763562 4.8581805e-05 0.2278717 0.00044020795 0.0022334228 0.040582422 0.00079343596 0.00023494408 3.4039185e-05 0.008602905 0.0026550759 6.388943e-05 9.998974e-06 2.2094171e-05 5.5802857e-06 3.9546594e-05 0.00015176611 1.6570873e-05 0.00018951615 6.573365e-06 6.270172e-06 1.106473e-05 1.6102949e-06 1.817183e-05 0.0009259471 1.0560551e-06 0.0017969726 9.7539945e-05 6.1995786e-07 2.7987722e-05 1.076192e-06 2.168869e-08 5.793005e-07 3.8102396e-08 2.709635e-07 0.010852988 1.0087838e-07 5.7432253e-06 1.232944e-06 6.646459e-07 5.224486e-06 2.4607503e-05 4.853084e-06 7.3630093e-07 3.122397e-08 0.0013127543 3.3071026e-06 0.008623955 1.3848506e-07 2.7327525e-07 2.763066e-06 8.2905265e-09 1.1138406e-05
0.0026506358 0.011626905 0.0030607148 0.103032164 0.054018166 0.059191007 0.7202829 0.10786934 0.006418538 0.0023328064 0.20901011 0.52959067 0.019459136 0.0064952727 0.011950844 0.07446268 0.003182867 0.5100959 0.12715702 0.0007724799 0.002484791 0.12830584 5.174989e-22 0.0006276337 0.0030295036 0.31817165 5.947119e-05 0.00046831364 7.103257e-05 6.6299996e-05 8.4528096e-05 1.21931025e-05 0.0001303629 7.560383e-05 7.968749e-05 6.659175e-05 2.302195e-06 5.8422474e-06 6.3999287e-06 2.595538e-05 0.064702995 1.6086219e-06 0.3064451 1.8967418e-06 0.015376216 0.005095077 0.14754745 0.0012392242 5.275899e-07 4.521579e-08 0.0007833374 4.367291e-06 5.406193e-05 3.8039113e-06 1.8049503e-06 0.006679808 3.3200536e-07 0.0018536866 5.236714e-07 3.9794128e-07 1.0255711e-07 4.4211205e-07 4.5795048e-08 2.0560612e-05 2.4572958e-07 4.7858613e-08 0.0009146804 2.498157e-09 6.401894e-08 1.7544292e-07 1.3357683e-08 1.0281286e-08 9.593555e-07 2.4046822e-09 0.019068645 2.8885623e-07 3.289313e-09 8.8930115e-05 6.896541e-09 8.731731e-11 2.4843404e-08 3.0370182e-11 3.2625391e-09 8.063674e-05 4.9065685e-10 9.018991e-09 1.6479884e-08 2.3415733e-10 3.822512e-08 1.7779223e-05 3.1573944e-07 7.144206e-10 1.0876478e-10 0.017155886 3.4309377e-08 0.011209844 9.302742e-10 8.51285e-11 1.4479922e-08 1.2379395e-10 1.8954307e-06
0.8797806 0.1738127 0.18283138 0.25983492 0.06413625 0.067422606 0.015576623 0.25072873 0.5576286 0.041853625 0.39797488 0.03813361 0.3924213 0.05245196 0.09485088 0.01577134 0.42253295 0.003991114 0.0070461757 0.11000331 0.8732627 0.002575623 0.0006276337 8.435239e-18 0.01029281 0.0059293453 0.055677436 0.74186033 0.3855188 0.058828287 0.0794755 0.027955033 0.0005446337 0.05115331 0.03872704 0.065981336 0.008209165 0.102272965 0.6078404 0.02338105 0.00020668514 0.0013786404 0.00023217766 0.0021750566 0.0019844347 0.0006535716 1.3085496e-05 0.43069345 0.0052044853 0.0046181795 1.6427452e-05 0.014060751 0.021810992 4.507269e-06 0.028901173 0.0016789881 3.5115114e-05 2.5593708e-05 0.0004981996 0.0030529876 6.724774e-05 0.0008286464 0.0002956469 0.306099 0.0002469245 4.462358e-05 0.03063813 0.00034937542 2.8999975e-05 2.1558508e-06 8.419868e-06 0.00036494096 0.16063035 0.0004593976 0.0036301694 0.019208955 7.2198665e-05 0.0006051498 0.00031154137 2.0476979e-05 3.1684198e-05 1.2767776e-05 1.6680942e-05 0.17852889 9.060796e-05 6.115104e-05 6.642932e-06 0.00011030685 6.073149e-05 4.849362e-05 1.7224082e-05 1.5289612e-05 1.0889562e-05 0.019584274 4.186336e-07 4.7984682e-05 2.6714375e-05 5.2227646e-05 3.0121475e-06 1.2132734e-06 4.8730594e-06
0.980959 0.0045860307 0.0024562979 0.07883837 0.0024525516 0.0022853157 0.018339094 0.1353148 0.0068169134 0.0013820011 0.18052141 0.17725661 0.014170388 0.57767236 0.6793567 0.58888435 0.004169407 0.0035366188 0.78583705 0.0017064711 0.0063976375 0.00065329904 0.0030295036 0.01029281 4.102127e-17 0.4952448 0.00091912824 0.009245953 0.00223126 0.00025074458 0.00023133405 3.9020386e-05 1.1807011e-05 7.7644756e-05 1.5594802e-05 1.2666639e-05 8.043897e-05 3.95069e-05 0.004113949 5.7855632e-05 1.20272825e-05 5.6426925e-05 0.0013653155 2.4467987e-05 0.0028786731 0.105238646 2.2214917e-05 0.61647505 5.625404e-06 2.361447e-06 1.3718254e-07 1.3990119e-05 1.7748866e-05 4.1563374e-07 1.25451825e-05 0.00835495 1.0031409e-05 4.9171185e-06 3.7468446e-06 5.2295904e-06 1.3103671e-06 4.5179004e-07 4.947309e-07 0.35274902 2.78958e-06 3.730248e-06 0.78091985 4.9776116e-07 1.747677e-06 9.600607e-06 1.9533113e-06 7.074633e-07 0.00069252175 2.8484408e-08 0.02277022 2.9744939e-05 3.8249973e-07 0.0024893472 2.1563937e-06 4.094001e-08 3.6443757e-06 2.2415481e-08 1.8308099e-07 0.0069969185 4.9007724e-07 8.7731305e-06 2.0523516e-06 2.2202515e-08 6.0754945e-07 0.0008073416 4.895007e-06 1.2186646e-06 1.2396536e-08 0.104654424 6.6231485e-07 0.00022987068 1.2066441e-06 1.0966166e-08 1.91434e-06 2.1101863e-08 1.1098014e-06
0.7736263 0.0025454962 0.0009880366 0.10374247 0.004084416 0.003946525 0.16056083 0.14797318 0.002306164 0.00029191954 0.1636063 0.613818 0.01884536 0.26845366 0.2922156 0.60928977 0.0023483455 0.053404994 0.8354212 0.0001333667 0.0039666863 0.0012144775 0.31817165 0.0059293453 0.4952448 1.17507915e-14 0.00019180405 0.005261053 0.00036074143 5.9782862e-05 4.798555e-05 1.0165369e-05 4.8969745e-05 4.953947e-05 3.839212e-06 2.9234314e-05 7.975987e-05 2.0467567e-05 0.001826069 3.990217e-05 0.000132974 1.6007538e-05 0.14178826 2.0395239e-05 0.20067938 0.89110166 0.0038620185 0.1139861 3.944527e-05 7.612681e-06 7.4335258e-06 1.4179632e-05 4.3983695e-05 8.21869e-06 7.1073805e-06 0.30752793 8.890532e-06 2.0395335e-05 1.3495035e-06 1.0508561e-06 2.951066e-06 8.9036405e-08 4.073399e-08 0.02382983 1.1079808e-07 8.978708e-07 0.34150055 3.306243e-07 2.031961e-06 6.9201046e-06 5.182155e-07 1.3737422e-07 0.0029996163 1.9543114e-08 0.37201858 7.0347264e-06 7.89472e-08 0.06872663 9.051683e-07 1.6777081e-09 1.4403189e-07 6.4362204e-09 1.1894786e-08 0.0020877915 3.6574214e-08 1.8496683e-06 4.208994e-07 6.086768e-09 2.9145372e-07 0.030004647 8.6689477e-07 1.981629e-07 4.300418e-10 0.32910767 1.3718687e-07 0.0012380825 3.951012e-08 1.3318014e-09 2.9645904e-07 1.0261336e-09 1.7092478e-06
0.10895333 0.1301264 0.35268378 0.009800903 0.049496073 0.028603576 0.0014739959 0.010266856 0.18265885 0.22394215 0.028631961 0.00033603996 0.06404246 0.0024922371 0.0027112796 0.00029660767 0.14824648 0.0019696883 0.00018283841 0.9309368 0.065776736 0.012092593 5.947119e-05 0.055677436 0.00091912824 0.00019180405 1.5532715e-18 0.04076733 0.5736565 0.06408013 0.4854816 0.08837703 0.06945002 0.21479309 0.1409977 0.107718006 0.5415114 0.09152238 0.030796988 0.42846364 0.000292833 0.49501428 7.26429e-05 0.59091556 1.3472552e-05 3.5004125e-06 1.8982157e-05 0.0026315914 0.6323189 0.5628026 0.00026569742 0.12552631 0.06609249 0.0028730782 0.06981574 2.2176487e-06 0.29899442 4.36963e-05 0.24345692 0.04827732 0.19302355 0.01107822 0.0102422 0.00026992583 0.15985109 0.06414648 0.00012569368 0.020829793 0.060330223 0.014206116 0.011642679 0.006821882 0.016838515 0.006540353 0.0023864722 0.024672907 0.012501978 6.60173e-06 0.03274327 0.0016033272 0.0048323115 0.0024401667 0.0018822746 0.00071105163 0.0026167198 0.004917126 0.00036432812 0.003118077 0.0026504286 2.5315744e-06 0.00045058978 0.0016699926 0.0005855029 0.0017871404 0.000109910754 0.00043612393 0.0004946257 0.002966996 0.00202072 0.0003357673 0.00042487067
0.9754062 0.15009364 0.06471332 0.100370616 0.048725378 0.05497134 0.013948161 0.16034731 0.34221694 0.03160921 0.348805 0.022235904 0.35838374 0.03103434 0.057477437 0.009631844 0.39546195 0.004149678 0.0046582506 0.09616392 0.65701854 0.0030502595 0.00046831364 0.74186033 0.009245953 0.005261053 0.04076733 3.0383202e-16 0.21089341 0.10258971 0.098957285 0.037351966 0.00014297341 0.05882179 0.054573055 0.04065094 0.005120744 0.16768844 0.70932966 0.029373685 0.00010301829 0.000653871 0.00014996265 0.002970133 0.0012914435 0.0006618616 1.5371748e-05 0.59735453 0.0040786997 0.0009045256 3.30847e-05 0.012093026 0.024677407 3.6872767e-05 0.053397454 0.0014819751 0.0001457288 4.8888556e-05 0.00045590557 0.0016202022 7.231706e-05 0.00091297005 0.0003537698 0.37561864 0.000103912855 1.0739412e-05 0.050870955 0.0003455373 0.0001561283 2.1421534e-05 3.159042e-05 0.00045418247 0.36607718 0.00017536775 0.0031005447 0.03330998 9.3602364e-05 0.0007056406 0.0006630158 1.8578758e-05 8.060187e-06 3.5822934e-05 9.966423e-06 0.3809112 9.770687e-05 0.0004335307 1.0519667e-05 0.00022882978 7.384141e-05 9.988285e-05 5.070387e-05 0.00013902795 3.1414882e-05 0.025585797 6.60224e-06 0.00020592177 7.7813995e-05 0.00011732945 5.0313898e-05 9.531229e-06 2.5145137e-05
0.140539 0.18682823 0.1994237 0.053123694 0.03594693 0.017391784 0.0035446077 0.028460653 0.399207 0.09705744 0.048465636 0.0010562744 0.16001229 0.0030024657 0.005795296 0.0009388188 0.4122514 0.0010503316 0.00050156686 0.80243886 0.32647234 0.0019686902 7.103257e-05 0.3855188 0.00223126 0.00036074143 0.5736565 0.21089341 2.9818672e-20 0.21527845 0.8908662 0.29202634 0.0076813027 0.64121264 0.40939206 0.38979116 0.15884607 0.33998924 0.27231827 0.4347254 0.00018279132 0.1122818 0.00024648994 0.09055545 3.1629366e-05 1.0335627e-05 3.074205e-05 0.02313767 0.34606165 0.29145578 6.490507e-05 0.16690725 0.13426642 0.00013996479 0.21861729 1.3805519e-05 0.052738022 2.0028227e-05 0.020639028 0.044431206 0.093670934 0.011656671 0.006089428 0.009233515 0.045533497 0.021723863 0.0033494907 0.031406675 0.044589844 0.0015250038 0.0056876047 0.009469384 0.12701884 0.008163614 0.004434991 0.0773368 0.0140852425 4.287497e-05 0.066741824 0.0023842007 0.00038538154 0.005006427 0.0003856588 0.010249734 0.0042875726 0.008952233 0.0004577301 0.0062460615 0.00021695664 3.6808062e-06 0.00016967668 0.0023415908 0.0008278652 0.008403712 1.9901478e-05 0.00014746757 0.000757438 0.006024006 0.0014536189 0.0010408325 3.1546915e-05
0.59858596 0.06764031 0.050885294 0.00467764 0.02091657 0.022787029 0.0007481504 0.004129597 0.07599517 0.031754408 0.014759386 0.00067639706 0.0792081 0.00092296663 0.0007658821 0.00018090845 0.25737855 0.00055371 5.464367e-05 0.36517203 0.072510086 0.00308745 6.6299996e-05 0.058828287 0.00025074458 5.9782862e-05 0.06408013 0.10258971 0.21527845 4.1451675e-16 0.21295677 0.9156027 0.0025665804 0.17278159 0.5210156 0.10054317 0.046391282 0.8565681 0.1478 0.13458517 4.9655977e-05 0.012833827 2.6304444e-05 0.013555514 0.0001574411 4.0125866e-05 1.27796275e-05 0.009796898 0.02447291 0.013071715 0.00012352531 0.017223509 0.05016362 0.00012658325 0.12675762 1.9418745e-05 0.0035332222 4.3062155e-05 0.0064784884 0.0053632446 0.0020723306 0.0026116862 0.0012898507 0.009020781 0.0004002192 8.124957e-05 0.0033774935 0.0025396282 0.0018047551 7.51349e-05 0.0002781953 0.0013130818 0.08459545 0.0009879146 0.00061287807 0.044882454 0.0019513125 0.00011451177 0.00071811513 0.00023757777 2.213917e-06 0.002121151 8.063047e-06 0.01985859 0.00090659 0.0009612842 2.4383336e-05 0.001182122 4.423017e-06 7.461991e-05 2.5000116e-05 0.00025472726 0.00028565695 0.0018252056 7.168598e-06 8.09271e-05 0.00029887498 0.0005463171 0.00012176737 0.0003225282 2.0670798e-06
0.48621777 0.048556242 0.09943984 0.0016609415 0.015582553 0.007813964 0.00013057268 0.002986395 0.108395964 0.057220392 0.0060440456 0.0001292515 0.06309824 0.00043710662 0.00045415803 4.6499394e-05 0.21888553 0.00160176 5.229852e-05 0.4359161 0.08120814 0.0039445614 8.4528096e-05 0.0794755 0.00023133405 4.798555e-05 0.4854816 0.098957285 0.8908662 0.21295677 6.7072696e-20 0.38121325 0.011356572 0.88580847 0.6109815 0.53628266 0.14339183 0.28916156 0.19395605 0.5726996 0.00011117411 0.103231676 3.6333626e-05 0.10253481 4.291522e-05 8.886344e-06 2.1123038e-05 0.013223813 0.34980592 0.16556358 0.00011973569 0.13788077 0.24399711 0.00064087694 0.29771528 7.106787e-07 0.038703892 6.436308e-05 0.05061357 0.027279688 0.043504577 0.023536503 0.0045370325 0.0068281274 0.015250228 0.01757546 0.0007634107 0.0076709264 0.026587462 0.0009969742 0.002384019 0.002737392 0.11028319 0.0045920443 0.0012932379 0.14584422 0.0060135014 3.9326032e-06 0.017017858 0.00067800283 0.0002244113 0.0032322274 8.924422e-05 0.0065511744 0.0023039943 0.003884634 0.00034643363 0.0018226572 0.00017575853 1.1120729e-06 7.045822e-05 0.0014404462 0.0008931251 0.0015289007 9.9049375e-06 7.562857e-05 0.0013513975 0.0050725834 0.0005492088 0.0021400114 2.3573219e-05
