9.8487626e-30 0.9969716 0.9506468 0.6846193 0.91410506 0.97920334 0.39697716 0.81622154 0.99234736 0.9905009 0.6799828 0.9479677 0.5196795 0.98490995 0.8992471 0.96620846 0.9929689 0.3152816 0.9609735 0.9919724 0.581372 0.99633586 0.8007633 0.113950446 0.423396 0.1057213 0.4968755 0.74044293 0.4285901 0.99055177 0.045523953 0.6639086 0.37457767 0.028653177 0.99083436 0.97942704 0.5978896 0.07475897 0.9588379 0.99456084 0.07119908 0.19830564 0.87123966 0.31841087 0.8669214 0.18588911 0.0038226368 0.092439994 0.011543863 0.94506454 0.054242816 0.0064989123 0.9940065 0.016349042 0.0023560722 0.018596034 0.010368795 0.025312066 0.013647903 0.92151594 0.97988105 0.0846087 0.031011565 0.0016676516 0.994999 0.0025153882 0.0019633148 0.00024367099 0.00046102848 0.004037565 0.0045167725 0.9984898 9.705697e-05 0.55675423 2.726071e-05 0.36172557 0.000134212 0.20800236 0.9991497 0.6985956 0.0025368445 0.00045447386 4.8768503e-05 0.00051377964 0.99797285 0.00018083824 0.0012267185 3.1473057e-05 0.0051468196 0.05177862 0.011276219 0.94998944 3.940072e-05 0.9993196 4.5433884e-05 0.04832204 0.1258987 6.0438553e-05 0.9098706 0.00016570662 0.9995499
0.9969716 5.0202605e-18 0.86959016 0.79047537 0.4192614 0.06812332 0.43765792 0.7850541 0.3312783 0.20995866 0.28993425 0.7611567 0.013393958 0.4911738 0.0018650646 0.0020011875 0.24735369 0.11915413 0.6747359 0.00041062618 0.00011245328 0.0033557417 0.0006312953 0.0026513247 0.031759627 0.00037104433 0.054849494 0.00028690163 0.0020374837 0.06553489 0.0008329737 3.9220185e-06 0.013834654 0.00075411604 0.03090566 1.4058596e-05 0.0001868301 7.635159e-05 0.009348675 2.0012667e-05 0.09291636 0.027055029 0.00845262 1.1928274e-08 3.809333e-05 0.17132312 0.00025964627 0.00036473898 2.322493e-05 0.00012925925 0.08627248 0.0029960526 0.027774293 0.0004042953 0.00058516854 0.005215289 0.0076100724 0.006788346 0.0014243149 3.6669546e-05 0.007444651 8.54333e-06 0.0010711723 0.005407712 0.0052712476 0.0047361422 0.003089488 0.0009024236 0.0027877626 0.00067122444 0.00036977473 0.028846549 0.0011952108 3.879978e-07 0.0006204346 1.3680929e-07 0.002640069 2.9677684e-08 0.014801087 1.0207496e-06 3.6119392e-05 0.00051160064 0.00093046954 0.0005303906 0.0013018356 0.0011258182 7.894318e-05 0.00057740795 1.624477e-07 4.366412e-06 6.050322e-08 5.384898e-06 3.934042e-05 1.2429039e-05 0.00017180534 2.6889347e-06 1.162192e-05 1.11646e-05 2.870397e-05 9.583378e-05 0.010905351
0.9506468 0.86959016 4.8838928e-20 0.9265716 0.2838702 0.03891363 0.6023148 0.16594227 0.22139825 0.8811756 0.61180174 0.14058739 0.005555269 0.5561935 0.001986274 0.00080135296 0.20069909 0.05464 0.32428545 9.17563e-05 0.0001085086 0.08570658 0.0012706257 0.005119511 0.006280526 7.333165e-05 0.040529866 0.03090463 0.025082244 0.1644243 0.0011279107 0.0015038113 0.047666702 0.0014988708 0.046791166 0.0030283136 0.0035348653 5.8869177e-06 0.010771148 0.0031199346 0.014163985 0.0032492254 0.0055515775 0.0005548828 0.004167968 0.052646343 0.000526771 0.008141324 1.011187e-05 0.004947763 0.007671069 0.0045651686 0.060685873 0.005597585 0.0009137719 0.00031420108 0.004618772 0.0010002807 6.1646875e-05 0.003883897 0.0061236857 0.00068313314 0.005657273 0.0016405918 0.009095739 0.0014602988 0.00015888442 0.0009778589 0.0012461245 8.6541695e-05 0.0028874483 0.051668186 0.00042169375 0.00027455724 0.00047003452 0.00016764281 0.00040268395 3.1087846e-05 0.066820204 0.00017397432 0.00028670498 5.90849e-05 0.00030939918 7.4291434e-05 0.018387048 0.000117004296 8.79003e-06 4.4310236e-05 4.1254916e-05 4.302363e-06 9.750591e-05 0.00080081436 0.000113405746 0.0010316538 3.3220716e-05 0.00059234165 2.2457657e-06 1.44452015e-05 0.0005440852 0.0005115938 0.019498594
0.6846193 0.79047537 0.9265716 7.4790865e-17 0.30572796 0.046531465 0.8958997 0.54303265 0.11537187 0.46000075 0.8259203 0.23625474 0.0064766356 0.18540597 0.0022970417 0.0010929562 0.12239905 0.21515748 0.3550907 0.0008694147 0.00021677032 0.015764955 0.0018837311 0.0048679346 0.009517568 0.00035703732 0.034569204 0.006941845 0.015289947 0.050019193 0.0032122666 0.00059775426 0.017354092 0.0016360022 0.011137973 0.0012191779 0.00091489195 0.00011063375 0.008156988 0.00050977065 0.0140947765 0.0056301137 0.0020894965 0.00017411605 0.001413969 0.04408457 0.0007602311 0.0051359124 7.452034e-05 0.0016171912 0.01773315 0.004893892 0.013693044 0.0037994084 0.001206512 0.0014849545 0.0059617525 0.0035575868 0.00031844885 0.0009288789 0.0034372918 0.0003270251 0.0039711357 0.0033893888 0.0031592774 0.0041960357 0.00039413234 0.0022401924 0.0016049062 5.7011373e-05 0.00237031 0.010952899 0.00080669124 4.610111e-05 0.001166149 8.7778455e-05 0.00054343574 3.376511e-05 0.008595578 0.00010704212 0.00010415384 8.291895e-05 0.0005618462 5.3123316e-05 0.0016830135 0.00015942658 7.707903e-05 6.941391e-05 3.720588e-06 3.1896143e-05 4.916551e-06 0.00046696546 0.0001000786 0.0003459343 8.508876e-05 0.0006576376 2.3332868e-05 8.378016e-06 0.0004906254 0.00011861223 0.005498699
0.91410506 0.4192614 0.2838702 0.30572796 4.3229482e-19 0.9492928 0.09895722 0.63565195 0.7628263 0.13822997 0.02961651 0.14585845 0.45484743 0.4349273 0.51250434 0.2459285 0.0004247805 0.14632115 0.0066714585 0.045878757 0.06698551 1.3114842e-05 0.4459831 0.31664976 0.24160747 0.034388494 0.001726383 1.9106337e-06 5.4724833e-06 0.018187566 0.036657296 6.106444e-07 0.0004912975 0.020269351 0.16706644 2.5643953e-06 2.4826354e-06 0.0013847767 0.12142844 1.673685e-06 0.0018182986 0.062014807 0.0633596 1.05278154e-07 5.8992478e-06 0.0077542756 0.008237146 2.1622305e-05 0.010754228 3.2240565e-05 0.04159688 3.4373654e-05 0.0152790155 6.0926773e-06 1.1793507e-05 0.022009244 0.00062698976 0.00788737 0.012038571 7.663664e-06 0.07484677 3.2563133e-07 2.0538231e-05 0.00010923123 0.055317882 0.00271204 0.0012562154 0.00020872199 0.0008391746 0.004119885 1.8730284e-06 0.07035194 0.0006239134 2.0846467e-07 0.00015724181 1.08111585e-07 0.001947363 1.2511554e-08 0.015069439 2.2275358e-07 4.9735877e-07 0.00133059 8.455176e-06 0.0011797316 9.998149e-05 0.0011593621 0.00047760404 0.00071816717 1.0743604e-08 1.1722425e-07 1.2655005e-08 9.453877e-07 3.1153078e-07 2.3838355e-07 0.00042475032 1.5489017e-07 0.00011811421 1.00888585e-07 9.839172e-07 1.7045663e-06 0.029178714
0.97920334 0.06812332 0.03891363 0.046531465 0.9492928 1.9031368e-18 0.009426617 0.40783817 0.458365 0.044990998 0.0012271942 0.47067314 0.08306893 0.0326858 0.50518477 0.03879223 6.8384164e-05 0.07317679 0.012849679 0.024836475 0.024318337 2.3303526e-06 0.28739205 0.38663653 0.6487011 0.004524187 0.0011620127 1.4156095e-07 6.0453513e-06 0.0031873994 0.01700719 6.164702e-08 0.00024852034 0.13460928 0.037914257 1.1899262e-07 1.302039e-07 0.0011977082 0.018303696 1.829979e-07 0.0015517671 0.6224866 0.0035297433 2.8650307e-09 1.6683019e-06 0.037512213 0.020887312 1.6789302e-06 0.026332574 1.3169487e-05 0.2927938 2.835052e-05 0.0016575505 1.93294e-06 3.2158098e-06 0.3177326 0.00015531048 0.0744904 0.16551766 6.9741566e-07 0.010798223 1.4515594e-08 2.2009303e-06 0.00013216877 0.010471238 0.0036412405 0.013161221 8.4756866e-05 0.0008854689 0.07638796 2.447627e-07 0.019752381 0.00013996958 1.902526e-08 3.869683e-05 5.8398713e-09 0.0010253518 1.7606985e-10 0.0018878261 4.909242e-08 1.087328e-07 0.008472987 1.2397868e-05 0.008230978 0.000106433195 0.009437245 0.0016126203 0.004244157 5.66173e-09 3.7936623e-08 1.0972039e-09 5.3158993e-07 3.3510622e-07 1.0668073e-06 0.00075958826 1.1020493e-08 7.15323e-05 1.5686624e-07 2.4372605e-06 5.4092044e-07 0.0044610584
0.39697716 0.43765792 0.6023148 0.8958997 0.09895722 0.009426617 5.121593e-21 0.6238179 0.035897862 0.2748725 0.9373384 0.3198553 0.0010600081 0.09121933 0.000118257914 0.00046786928 0.30596614 0.63844794 0.6983626 0.0003080751 7.272268e-05 0.015555944 0.0002835448 0.0010057753 0.0045114704 0.000104486826 0.10414931 0.004733212 0.020906717 0.033501927 0.00021544531 0.00030105913 0.035049517 0.00085114694 0.004804236 0.00044803976 0.00078458147 3.9229317e-06 0.0030974327 0.0007289634 0.031401224 0.006376957 0.0006875613 9.418448e-05 0.00065899454 0.07780727 5.5184642e-05 0.008057275 1.7244784e-06 0.0008780731 0.022627031 0.012829188 0.0058883694 0.008197247 0.003804519 0.0013003993 0.010918327 0.0030178442 0.00044379276 0.00054869545 0.0006255402 8.7945366e-05 0.008033747 0.0063386187 0.0017032137 0.0075807218 0.0006240836 0.0035421576 0.005056707 0.000102017446 0.0050737397 0.005772494 0.0016120581 1.9176812e-05 0.0018140067 1.8909215e-05 0.00077161443 1.1367038e-06 0.003302139 2.6132991e-05 0.00040525306 0.00017122843 0.0014993713 7.0911825e-05 0.0003167859 0.00025486236 4.696498e-05 8.075618e-05 2.6793418e-07 8.7795444e-05 6.0826426e-07 0.0003240729 0.00037263706 0.00015857849 1.2308569e-05 4.287039e-05 3.9668786e-05 1.8098672e-05 0.0002809704 0.00014982613 0.0020474822
0.81622154 0.7850541 0.16594227 0.54303265 0.63565195 0.40783817 0.6238179 2.969837e-18 0.3611496 0.10003901 0.13657632 0.8993313 0.01759243 0.1054093 0.041272353 0.0074055665 0.017341666 0.8458529 0.16149782 0.0058738654 0.00062126917 9.2076e-05 0.014003901 0.0843677 0.4739548 0.0008950239 0.013701253 5.010355e-05 0.0010162776 0.018019099 0.00089205767 8.9943105e-06 0.0049973014 0.01957883 0.031506535 6.3799653e-06 1.7311064e-05 0.00028749436 0.009258385 2.7932033e-06 0.035432696 0.23868595 0.0012820218 6.7196896e-07 5.0598377e-05 0.1633318 0.0011917809 0.0005019999 0.00010697823 0.0002457243 0.41636097 0.0041963696 0.0030607993 0.0002070132 0.00032766288 0.105284624 0.02211769 0.087413326 0.05225208 0.000116896335 0.00616612 8.2853256e-07 0.00031416214 0.012282117 0.003980516 0.041525047 0.0130000375 0.0045227488 0.011482887 0.011712046 7.437749e-05 0.01170202 0.0037308214 1.3231015e-06 0.0004330611 5.219946e-07 0.0049044276 7.406339e-08 0.0015974139 2.7728092e-06 3.1661584e-06 0.0045182784 0.0002740362 0.0011752774 2.0127394e-05 0.003134847 0.00010426426 0.0009900287 8.3281594e-07 5.1527394e-07 8.477197e-07 1.646434e-05 8.504467e-06 1.0535399e-05 8.494646e-05 1.6659958e-05 2.5352021e-05 5.1199646e-07 1.5248227e-05 5.1907596e-06 0.004128487
0.99234736 0.3312783 0.22139825 0.11537187 0.7628263 0.458365 0.035897862 0.3611496 6.060239e-17 0.10913768 0.02953725 0.2699925 0.48085326 0.8379775 0.32463396 0.5224138 0.0063808355 0.106372364 0.11036506 0.020089108 0.0648922 0.0008856082 0.30009612 0.11414784 0.18588728 0.0052205767 0.003096572 6.0203038e-05 3.4124605e-05 0.13138586 0.010681014 2.672342e-05 0.0004470594 0.011607726 0.58918 2.767184e-05 8.907676e-06 0.00097292365 0.11752889 7.5861164e-05 0.0035206676 0.07153356 0.14349553 3.4935573e-07 1.5745902e-05 0.035681438 0.002785286 5.207357e-05 0.0023100942 0.00013637246 0.020810388 2.9592997e-05 0.06718483 3.345561e-05 8.90912e-06 0.007988879 0.00030270012 0.0035910432 0.0034733545 3.8368767e-06 0.038935427 2.0229334e-06 0.00013584818 0.00014103159 0.08830588 0.00091841666 0.00055637147 0.00012448725 0.00034927265 0.0015494573 2.1740203e-05 0.25962743 0.00035744082 5.8736856e-07 0.00013162602 2.6774467e-07 0.00071484933 1.4244451e-08 0.08205439 3.5078563e-07 6.2816816e-06 0.0005481957 6.893155e-05 0.00034462113 0.0025807302 0.0003722769 0.00020744285 0.00012875997 5.3049575e-08 9.792245e-07 2.9672603e-07 1.5420164e-06 1.7648883e-06 2.3139273e-06 0.00040581034 8.2503016e-07 0.00030667157 4.945361e-07 1.3043476e-06 2.6269374e-05 0.094380416
0.9905009 0.20995866 0.8811756 0.46000075 0.13822997 0.044990998 0.2748725 0.10003901 0.10913768 4.926281e-17 0.49796015 0.13670643 0.0023911505 0.84099156 0.0013455693 0.00092845346 0.48098454 0.058255576 0.45552704 9.409911e-05 4.990698e-05 0.3958492 0.0011270753 0.0017772139 0.0028155218 3.745575e-05 0.028192833 0.16563192 0.028068582 0.762708 8.168434e-05 0.032816224 0.033362493 0.00038847473 0.27206278 0.0717412 0.053082597 5.606953e-06 0.0056785457 0.03725836 0.005698597 0.0009130489 0.005006685 0.004856011 0.03148681 0.023599152 2.5486828e-05 0.011110443 2.3897574e-06 0.028334573 0.0021309226 0.002260319 0.29501948 0.004990053 0.00039117152 2.883498e-05 0.0023401887 0.00026154026 7.887264e-06 0.009159505 0.0014936354 0.017487833 0.005341495 0.00030781492 0.010572405 7.605654e-05 2.018377e-05 5.179171e-05 3.0540796e-05 5.23908e-06 0.00089888996 0.13644592 1.6228325e-05 0.0026434222 1.5989212e-05 0.003190655 3.3907094e-05 0.0026754418 0.25584298 0.0024658705 0.0002118767 7.938783e-06 3.9109814e-06 5.7989555e-06 0.11649798 4.72583e-06 6.1034716e-06 2.021759e-06 8.2998704e-05 0.00018543312 0.0005115709 0.0038077026 8.782912e-05 0.0037539806 6.6889456e-06 0.0017959814 1.4128987e-05 1.2429406e-05 0.0027701294 0.0002927079 0.026009288
0.6799828 0.28993425 0.61180174 0.8259203 0.02961651 0.0012271942 0.9373384 0.13657632 0.02953725 0.49796015 3.8658654e-20 0.078012936 0.00014810702 0.120060466 2.581994e-05 0.0002264267 0.7970954 0.1683656 0.8124473 8.793552e-06 8.821126e-06 0.09121838 0.00013391639 0.0004565029 0.0010502827 2.564761e-05 0.15495504 0.032077115 0.09399149 0.092880964 8.1929786e-05 0.0034467375 0.115414746 0.0005526251 0.0068957005 0.002722348 0.0072991755 9.924529e-08 0.0018905962 0.005799946 0.022987278 0.001026992 0.00072658656 0.0011047634 0.006327431 0.029907757 9.353112e-06 0.036465254 4.466215e-07 0.004456797 0.009667038 0.020603994 0.014647789 0.025624936 0.006215948 0.0010116323 0.014515785 0.002121255 0.0002931071 0.003079983 0.00014329639 0.0013340581 0.036603767 0.008811437 0.0013773256 0.0042701466 0.00032317755 0.005078719 0.0032194064 5.256865e-05 0.015101514 0.005603887 0.001415605 0.0014656087 0.0020861803 0.0004231652 0.00037051603 4.3070413e-05 0.010086402 0.00049010845 0.0028034858 9.652445e-05 0.0019941565 3.246735e-05 0.0011899365 8.766192e-05 1.3259316e-05 3.8661197e-05 4.4871944e-05 9.266038e-05 0.00015737713 0.0012965878 0.0011442014 0.00088757713 2.5260686e-06 0.0010003628 1.1224552e-06 4.028376e-05 0.0027157434 0.00072132837 0.0024485216
0.9479677 0.7611567 0.14058739 0.23625474 0.14585845 0.47067314 0.3198553 0.8993313 0.2699925 0.13670643 0.078012936 3.1759662e-17 0.000999233 0.05025838 0.014235023 0.0048597376 0.10190065 0.86843055 0.5079772 0.0033166776 0.00021642618 0.0016888378 0.0029783119 0.025586076 0.3044191 0.00023326605 0.09681923 9.129388e-05 0.0030998264 0.009385422 0.0009036538 1.7369523e-05 0.04951492 0.019117722 0.008743446 2.3992443e-05 0.00018116 0.00019966753 0.006221665 3.5548393e-05 0.20436892 0.45589456 0.00091100147 2.1258386e-06 6.8969166e-05 0.56126845 0.0021539233 0.0022413156 0.00018902156 0.00013215693 0.5717463 0.030489856 0.0007215555 0.001039936 0.0069144247 0.2804399 0.12637152 0.36358133 0.105685435 7.513404e-05 0.0030110537 1.9698857e-06 0.0019440842 0.0828691 0.0030590834 0.2967278 0.12596883 0.03127368 0.09310807 0.03876669 0.001899333 0.005629261 0.042579573 5.5873625e-06 0.005709419 4.555713e-06 0.037029933 3.206598e-08 0.00040758264 5.2791052e-05 5.6161873e-05 0.031469733 0.00693374 0.0061725 3.5743727e-05 0.042527415 0.00042956087 0.0087276045 8.9445473e-07 6.487391e-06 7.7030455e-07 0.00023463152 5.0604554e-05 0.00028794602 0.0007072529 8.805241e-06 0.000121109675 2.5434977e-06 0.000494794 2.6758307e-05 0.002591504
0.5196795 0.013393958 0.005555269 0.0064766356 0.45484743 0.08306893 0.0010600081 0.01759243 0.48085326 0.0023911505 0.00014810702 0.000999233 4.832995e-22 0.06678536 0.25931787 0.9525054 1.3629665e-06 0.005441366 3.2711167e-05 0.7533812 0.81663513 1.4105466e-07 0.4382803 0.099681295 0.006768416 0.08069908 1.0247081e-05 4.117997e-08 6.381547e-08 0.004824582 0.035675026 5.538124e-07 1.1287414e-06 0.0003077794 0.26239333 4.42685e-07 2.3556947e-07 0.010310003 0.6187786 3.852046e-07 2.2162008e-06 0.0012702756 0.38730362 3.1952525e-09 1.8260879e-07 7.170291e-05 0.0012129542 1.6533722e-06 0.0029224767 2.8809375e-06 0.00013419126 2.8313782e-08 0.006770653 1.5433743e-08 4.9652606e-09 6.0586637e-05 7.2849254e-08 2.1238053e-05 6.735576e-05 2.7563192e-09 0.23834488 6.1300978e-09 1.397437e-07 1.3496958e-07 0.16335586 2.4911972e-06 7.0632666e-07 1.6280566e-07 1.4184142e-06 0.00018069483 2.7001485e-08 0.053718958 1.5639763e-07 3.4058276e-09 1.477641e-07 3.9759168e-10 2.5485333e-06 1.9324486e-09 0.016962815 1.005882e-08 1.0992615e-08 1.4293395e-05 2.8678972e-08 1.822153e-05 3.3354747e-05 1.3977982e-05 0.00032365407 1.0431602e-05 2.926763e-10 4.5547717e-09 9.471703e-10 1.2967694e-08 6.3641736e-09 9.2632275e-09 4.265494e-05 1.604274e-08 0.0025164809 3.6468386e-09 1.0413789e-09 1.0937589e-08 0.04989296
0.98490995 0.4911738 0.5561935 0.18540597 0.4349273 0.0326858 0.09121933 0.1054093 0.8379775 0.84099156 0.120060466 0.05025838 0.06678536 2.5579241e-18 0.007907117 0.08980905 0.049556717 0.018034803 0.030729 0.0014924599 0.00047305986 0.016579144 0.0032132796 0.0037159924 0.0021090833 7.596563e-05 0.00088002085 0.0010750653 5.9534515e-05 0.71627015 0.00033250556 0.00092369225 0.00018845189 0.00032332397 0.7496364 0.0043888455 0.00012394978 8.659268e-06 0.022539413 0.008121143 7.927174e-05 0.0005731765 0.109373264 0.00027871097 0.0030739573 0.0019050646 0.00015151246 3.5169174e-05 7.5859325e-06 0.009173146 0.0003726401 2.6114481e-05 0.35635114 9.015246e-06 1.0373814e-05 0.00015942263 0.00012893163 0.000106722364 0.0001398167 0.0012862842 0.01827571 8.750477e-06 0.00012752083 2.1186872e-05 0.037850052 0.00016052352 7.5404656e-05 9.201885e-05 0.00018785383 0.00022955041 3.7321395e-05 0.4108681 0.00051292434 4.90457e-05 0.00013130967 5.1971067e-05 0.00069436757 1.1366545e-05 0.3832147 7.746363e-05 1.3534507e-05 8.369946e-05 4.299002e-05 0.00030390918 0.076879926 0.00011648268 9.366906e-05 0.00015282024 1.6648998e-07 7.1546884e-07 1.599815e-05 0.00023311994 1.4435341e-05 0.00020821663 7.820882e-05 4.314865e-05 1.25975375e-05 3.1918478e-07 0.00012279216 0.00019069677 0.1512252
0.8992471 0.0018650646 0.001986274 0.0022970417 0.51250434 0.50518477 0.000118257914 0.041272353 0.32463396 0.0013455693 2.581994e-05 0.014235023 0.25931787 0.007907117 1.2594182e-19 0.36991352 3.0654567e-07 0.046933778 6.305417e-05 0.21516548 0.12928617 1.616148e-07 0.8961167 0.9319454 0.6639364 0.09734975 0.00024909765 6.9339996e-09 5.8638268e-08 0.0003625803 0.16969636 3.565012e-08 5.518651e-06 0.3934889 0.016673049 3.1412313e-08 4.250718e-08 0.017733388 0.040359553 1.1654846e-08 0.00045913365 0.4496016 0.003284071 4.9611617e-09 1.4024435e-07 0.0026297462 0.28462696 1.5606048e-07 0.3861489 9.647355e-07 0.09242773 1.2470553e-06 0.00016315002 1.0619415e-07 6.9701905e-08 0.34144542 4.7270605e-06 0.02786766 0.28408444 4.5668858e-07 0.015480963 4.593458e-08 4.99065e-07 6.9548983e-06 0.008422706 0.0006734994 0.0061198156 1.593265e-05 0.00010658749 0.36232787 1.7300022e-07 0.015815463 3.1237036e-05 1.3707643e-08 1.9315405e-05 1.2919674e-08 0.00040957803 2.2501216e-10 0.0003749937 2.7097968e-08 3.4270855e-08 0.032568067 9.632448e-06 0.03966155 1.8868404e-06 0.00732586 0.090307795 0.004336283 3.658545e-08 1.1886877e-07 1.0308344e-08 5.425212e-08 9.9983424e-08 2.3345287e-07 0.0069838115 1.9751424e-07 0.032685217 9.4309364e-08 2.1045182e-07 1.1725859e-07 0.012128623
0.96620846 0.0020011875 0.00080135296 0.0010929562 0.2459285 0.03879223 0.00046786928 0.0074055665 0.5224138 0.00092845346 0.0002264267 0.0048597376 0.9525054 0.08980905 0.36991352 8.842979e-20 5.1212273e-06 0.003959156 7.429434e-05 0.2239099 0.35997596 4.6120107e-07 0.44584528 0.08353253 0.032312233 0.025126614 4.0380633e-06 3.354453e-08 1.1747309e-08 0.0041025826 0.037335217 5.2718327e-08 2.27521e-07 0.0023371207 0.52847743 2.6479634e-08 1.3224246e-07 0.01029064 0.5290929 6.4090045e-08 3.742099e-06 0.0022275732 0.45474073 6.2061645e-10 7.640523e-08 5.418333e-05 0.0017593488 3.074823e-07 0.0051175584 3.281709e-07 0.00015299174 5.3614745e-08 0.008671578 1.5958028e-07 1.5772887e-08 0.00019658827 1.3054222e-07 6.431098e-05 8.440437e-05 3.0681064e-09 0.24623998 6.739447e-08 3.2233953e-07 2.883308e-07 0.31254348 1.7896116e-06 2.580971e-06 3.8118694e-07 1.0640711e-06 0.00035159988 8.168566e-09 0.16633916 4.6495836e-07 3.9995736e-09 2.96882e-07 2.6690447e-10 1.3320906e-06 1.5555466e-09 0.024574682 3.5479295e-09 4.765555e-09 1.2324942e-05 3.1641054e-08 1.3660253e-05 6.444335e-05 1.6052885e-06 0.0008690872 1.1706132e-06 5.055626e-09 4.401613e-09 4.439944e-09 4.2281565e-09 3.3098866e-09 9.217715e-10 8.709553e-05 4.3662283e-08 0.0056749047 6.129829e-09 2.1532245e-10 1.3531957e-08 0.095294416
0.9929689 0.24735369 0.20069909 0.12239905 0.0004247805 6.8384164e-05 0.30596614 0.017341666 0.0063808355 0.48098454 0.7970954 0.10190065 1.3629665e-06 0.049556717 3.0654567e-07 5.1212273e-06 3.0161334e-18 0.047658224 0.8546601 1.2702028e-06 4.247653e-09 0.8205243 2.8160463e-07 7.956299e-06 3.2858083e-05 4.7444257e-08 0.3721808 0.44079944 0.88686097 0.16032572 2.289246e-07 0.006988342 0.67527837 8.119849e-06 0.001683357 0.011393651 0.3214014 3.7471914e-08 0.00019869798 0.05211943 0.06998464 0.00031137175 7.096852e-05 0.002554427 0.01590038 0.10926171 3.8021756e-07 0.6099366 6.268984e-09 0.01247862 0.009905628 0.20277609 0.011399177 0.519423 0.14099824 0.0009300615 0.22489105 0.0053055375 5.025822e-05 0.009129035 1.7478096e-05 0.003300717 0.5094077 0.043513916 0.00032551878 0.009655263 0.0014464025 0.025875676 0.009886107 6.691909e-05 0.26231056 0.0057694744 0.00701033 0.005117197 0.008151984 0.0005220544 0.0026307483 0.00022727821 0.0047532395 0.009657648 0.0466477 2.1809585e-05 0.023045 9.617486e-06 0.00081135484 0.00016009744 8.20662e-06 2.2795124e-05 4.639985e-05 0.0049350155 0.00031260803 0.004410837 0.01593578 0.005838279 1.1383809e-06 0.0007272261 2.5018708e-06 0.0004684392 0.017943304 0.0049857055 0.0009836841
0.3152816 0.11915413 0.05464 0.21515748 0.14632115 0.07317679 0.63844794 0.8458529 0.106372364 0.058255576 0.1683656 0.86843055 0.005441366 0.018034803 0.046933778 0.003959156 0.047658224 1.832234e-18 0.47300315 0.0079168845 0.0019134039 0.003427877 0.027452335 0.14888461 0.77542156 0.00084660173 0.48646784 0.005338717 0.11831752 0.006273447 0.0082100695 0.00026680986 0.1328945 0.27543947 0.006109179 0.0002944081 0.00053373195 0.0010337122 0.009688394 0.00017722808 0.65018684 0.75822973 0.0008920274 0.0003411403 0.0007339006 0.7306882 0.015992027 0.053310104 0.0022687586 0.00029448755 0.8604861 0.07037323 0.0010147 0.008891138 0.008507135 0.47418442 0.25953415 0.5665851 0.29294512 0.00018078394 0.0033491745 4.7634403e-06 0.008947693 0.21508408 0.003619581 0.4423413 0.29553705 0.0649274 0.2107788 0.07020622 0.0036036232 0.0050979597 0.058182158 0.0006182704 0.018362446 1.3297039e-05 0.09362034 5.3821664e-06 0.0006358851 0.00022299663 0.00012091359 0.10664252 0.006701918 0.032324277 6.0523307e-06 0.070227735 0.0010149245 0.020382982 5.7979546e-06 9.543754e-06 2.6226144e-05 0.00036183468 2.69672e-05 0.0003887402 0.0024616187 0.00080213824 0.0006745646 2.4798999e-06 0.0007274783 2.6095164e-05 0.0017961613
0.9609735 0.6747359 0.32428545 0.3550907 0.0066714585 0.012849679 0.6983626 0.16149782 0.11036506 0.45552704 0.8124473 0.5079772 3.2711167e-05 0.030729 6.305417e-05 7.429434e-05 0.8546601 0.47300315 5.1060562e-17 3.509724e-05 3.806573e-07 0.16784285 7.055673e-05 0.00015055705 0.0014553721 3.9387587e-06 0.90205944 0.0077448306 0.18190157 0.043889172 3.8441856e-05 0.0003041893 0.5879852 0.00032966543 0.00086848903 0.00033667573 0.004290348 2.0504071e-06 0.00067221036 0.0032815842 0.36515906 0.0110574905 9.323051e-05 0.00025520285 0.00085341575 0.49469557 2.394273e-05 0.08345757 1.3600702e-07 0.0014468144 0.11696905 0.23514998 0.00094680616 0.047054365 0.1153294 0.013990839 0.41266316 0.030835506 0.0022655814 0.00067282957 0.00051512907 7.4926036e-05 0.1012597 0.1543601 0.00067393703 0.104032785 0.012711451 0.07315439 0.0404971 0.00048369865 0.087040715 0.0020827414 0.028399888 0.00075032434 0.028591473 0.000105981555 0.01060797 1.2284084e-05 0.00067950075 0.0017110828 0.006165699 0.00062855746 0.057107076 0.00040934104 3.1098018e-05 0.004135519 3.352287e-05 0.00054719753 1.4008288e-05 5.984378e-05 2.6547843e-05 0.0018309675 0.006177945 0.0013818125 2.5619962e-05 0.00058149965 2.3835948e-05 2.1907415e-05 0.0048785955 0.00015107701 0.0010823234
0.9919724 0.00041062618 9.17563e-05 0.0008694147 0.045878757 0.024836475 0.0003080751 0.0058738654 0.020089108 9.409911e-05 8.793552e-06 0.0033166776 0.7533812 0.0014924599 0.21516548 0.2239099 1.2702028e-06 0.0079168845 3.509724e-05 3.0235667e-16 0.9555931 5.890144e-07 0.3935891 0.04697457 0.021614198 0.7184181 1.7134988e-05 3.6009038e-08 1.8367017e-07 0.0002003347 0.33862934 4.7114384e-08 7.683592e-06 0.011949802 0.03156041 8.080732e-09 1.11315785e-07 0.50505996 0.3732573 4.8632254e-10 3.502214e-05 0.019323362 0.06601231 1.8739715e-10 1.1285942e-09 0.0013236329 0.027548864 1.6459325e-06 0.11098619 5.6271716e-09 0.00048234162 1.3676076e-07 0.0005705712 4.129683e-07 3.2257e-08 0.0030594554 2.166681e-07 0.00035968836 0.0048537124 5.4519143e-11 0.61165917 4.8798533e-08 2.6748074e-07 8.804875e-07 0.18035448 1.561224e-05 0.00025565986 3.7942375e-06 3.8654158e-05 0.013777506 3.1484132e-07 0.023922881 6.895256e-06 3.878901e-09 7.559904e-06 1.2190514e-10 3.3199496e-05 2.1039792e-10 0.0011124141 4.399078e-09 3.0901198e-08 0.00034929463 2.6980972e-06 0.00078834547 1.9780605e-07 5.3721797e-05 0.04117553 2.7318147e-05 1.8687791e-09 1.3557592e-07 6.635419e-11 8.2430146e-10 4.9065363e-08 8.132274e-11 0.0016537232 2.9496408e-09 0.4423453 3.7208395e-08 1.2951223e-09 2.6853725e-08 0.04366975
0.581372 0.00011245328 0.0001085086 0.00021677032 0.06698551 0.024318337 7.272268e-05 0.00062126917 0.0648922 4.990698e-05 8.821126e-06 0.00021642618 0.81663513 0.00047305986 0.12928617 0.35997596 4.247653e-09 0.0019134039 3.806573e-07 0.9555931 1.1821233e-16 5.0568603e-09 0.62419176 0.09833785 0.012950319 0.966369 1.7322648e-06 1.2630914e-08 9.351259e-09 1.4400196e-05 0.27082455 1.5345858e-08 5.2504483e-08 0.0064101513 0.007588476 4.2781938e-08 1.8245013e-08 0.18552302 0.10802349 1.1567473e-09 1.0413223e-05 0.0072945408 0.014632765 3.8546584e-09 1.2847992e-08 4.8381007e-05 0.032571137 1.3137694e-06 0.05541352 3.9278376e-07 0.00060302735 4.671342e-08 2.1185982e-05 1.4388445e-07 6.7676407e-09 0.0009855649 6.55371e-08 0.00013729898 0.0012009421 3.762546e-08 0.084705375 4.189801e-08 8.1073665e-08 2.6101063e-07 0.022396782 3.090693e-07 1.9176618e-06 3.6646364e-07 7.9006213e-07 0.0028140652 2.2785025e-08 0.002743395 9.559635e-07 1.8200765e-08 4.3895022e-07 1.5714112e-09 7.4480236e-06 4.4837716e-09 0.00016060068 6.0874214e-08 1.3731847e-08 1.5235784e-05 6.798617e-08 8.842279e-05 1.00604574e-07 4.1969392e-06 0.00279887 2.4586213e-06 3.0225586e-08 3.720061e-07 2.7791522e-08 1.302642e-08 6.007771e-09 1.307259e-08 0.00013587889 2.9928609e-07 0.08239988 4.405445e-08 7.2317876e-09 3.870478e-08 0.009109407
0.99633586 0.0033557417 0.08570658 0.015764955 1.3114842e-05 2.3303526e-06 0.015555944 9.2076e-05 0.0008856082 0.3958492 0.09121838 0.0016888378 1.4105466e-07 0.016579144 1.616148e-07 4.6120107e-07 0.8205243 0.003427877 0.16784285 5.890144e-07 5.0568603e-09 7.352083e-15 7.50573e-08 4.1619458e-07 4.4078533e-06 1.4101404e-07 0.02183854 0.91289866 0.5623914 0.2379297 9.394594e-07 0.051982623 0.15746391 9.837639e-06 0.0005300892 0.055812366 0.7343015 1.5965746e-07 5.6714474e-05 0.3298074 0.0056047505 7.329906e-05 1.7136508e-05 0.016846746 0.1169233 0.008395813 2.8179227e-06 0.40111232 9.250462e-09 0.04988282 0.0005314486 0.01736949 0.044002548 0.25220972 0.012356522 7.7720695e-05 0.017476464 0.0005793572 6.1029414e-06 0.032120463 4.7134006e-05 0.19474533 0.23190977 0.0033073442 4.6431236e-05 0.0017426452 0.00020570193 0.0019700774 0.0005627382 3.1550888e-05 0.04519965 0.0037290088 0.000632789 0.017851468 0.0005975867 0.0032872143 0.00022838853 0.015000343 0.016109388 0.018815175 0.027249588 2.9209426e-05 0.0004940466 5.470266e-06 0.011262199 5.217353e-05 7.2295916e-06 8.311818e-06 0.0010698405 0.29189056 0.001266179 0.009348002 0.003993419 0.014812256 2.4708256e-06 0.004819602 1.9961192e-06 0.0041058804 0.04007801 0.008142267 0.0005532592
0.8007633 0.0006312953 0.0012706257 0.0018837311 0.4459831 0.28739205 0.0002835448 0.014003901 0.30009612 0.0011270753 0.00013391639 0.0029783119 0.4382803 0.0032132796 0.8961167 0.44584528 2.8160463e-07 0.027452335 7.055673e-05 0.3935891 0.62419176 7.50573e-08 1.816174e-17 0.891898 0.39022273 0.8234869 0.000428864 2.8999382e-08 2.758268e-07 8.510994e-05 0.7896062 6.303291e-08 7.1967647e-06 0.31677905 0.009254945 5.4730528e-08 1.556639e-07 0.26091963 0.056498867 1.4217817e-09 0.00077428063 0.19385432 0.005372459 3.326075e-09 1.7343963e-07 0.0029476446 0.3915126 1.4410451e-06 0.47107968 2.7988376e-06 0.024104234 2.8177237e-06 0.00011902038 2.861184e-07 2.791846e-07 0.10311959 4.064319e-06 0.009335075 0.08316877 4.3020205e-07 0.021125624 1.405275e-07 3.5362996e-07 2.5448855e-06 0.011728159 0.00026576282 0.0013097307 2.5783082e-05 0.00012395355 0.19645803 2.8817382e-07 0.0062948186 8.927785e-05 2.7918485e-09 3.8226673e-05 8.735472e-09 0.0004905042 1.7139562e-09 0.00017594096 3.413894e-08 1.15858555e-07 0.0052889017 2.3452243e-05 0.0070394254 3.6575386e-07 0.0016234874 0.060823537 0.0006614306 4.8412502e-08 1.867053e-07 7.74165e-09 3.2239655e-08 2.2323718e-07 3.3089034e-08 0.004472336 2.621634e-07 0.24921964 2.614957e-07 2.081604e-08 1.7560161e-07 0.0098554995
0.113950446 0.0026513247 0.005119511 0.0048679346 0.31664976 0.38663653 0.0010057753 0.0843677 0.11414784 0.0017772139 0.0004565029 0.025586076 0.099681295 0.0037159924 0.9319454 0.08353253 7.956299e-06 0.14888461 0.00015055705 0.04697457 0.09833785 4.1619458e-07 0.891898 1.0949834e-17 0.72898674 0.15771057 0.0010974412 9.084347e-07 8.19687e-07 0.00021011321 0.44396287 3.1855939e-06 3.3004653e-05 0.51502293 0.003812372 4.152259e-06 3.7281586e-07 0.037057914 0.011715124 7.614627e-08 0.0017251332 0.1642259 0.0014299953 5.7924416e-07 1.0904043e-06 0.0033216535 0.34181935 2.8871202e-06 0.24939606 2.836305e-06 0.06169764 5.2247997e-06 0.00023261183 3.6836317e-07 1.6332552e-07 0.14349599 1.112118e-05 0.037707422 0.1449723 8.7841096e-07 0.008252432 5.015934e-07 8.310935e-07 7.5571425e-06 0.0035509905 0.0007588559 0.008377593 1.3810443e-05 6.577257e-05 0.13223533 1.6183166e-07 0.0062439977 4.144803e-05 8.662105e-07 7.1761497e-06 2.2940979e-07 0.0005635051 2.8005008e-08 0.0004408032 1.0253341e-06 4.9815984e-08 0.016365664 1.2841476e-06 0.025156507 1.7086318e-06 0.0037908799 0.021001678 0.00428568 5.5570354e-08 2.9144732e-07 6.7395874e-08 3.573766e-07 1.0799617e-07 8.0659885e-07 0.01131283 2.8501909e-06 0.018015953 9.4758335e-08 3.057789e-07 1.6902086e-07 0.003455891
0.423396 0.031759627 0.006280526 0.009517568 0.24160747 0.6487011 0.0045114704 0.4739548 0.18588728 0.0028155218 0.0010502827 0.3044191 0.006768416 0.0021090833 0.6639364 0.032312233 3.2858083e-05 0.77542156 0.0014553721 0.021614198 0.012950319 4.4078533e-06 0.39022273 0.72898674 6.996554e-18 0.003914704 0.005270428 4.8083925e-06 2.1361577e-05 0.000100497135 0.07301451 2.5565581e-05 0.00026431578 0.96524364 0.002464635 1.1987942e-06 2.4160218e-07 0.0019185089 0.008402165 8.9912895e-08 0.028958 0.8057046 0.00041498226 2.0791667e-07 2.0583007e-06 0.100571655 0.2306207 2.7056847e-05 0.1736728 4.598411e-06 0.44667044 4.035501e-05 7.017784e-05 5.863178e-06 1.2827217e-06 0.43720004 0.00039343123 0.15149036 0.37092644 1.6135787e-06 0.0058238795 7.026885e-07 1.1782142e-05 0.00079342985 0.0041909465 0.021880891 0.04619535 0.00016342595 0.0039369883 0.21625254 3.6002998e-06 0.017070578 0.00069642806 1.7422685e-06 4.1808024e-05 8.2557996e-08 0.0050851135 5.6382754e-07 0.00012650662 2.4827398e-06 5.4403483e-07 0.054448303 1.5782933e-05 0.05169915 4.2612206e-07 0.024175445 0.010468457 0.018783467 3.5450518e-07 2.0771555e-05 7.914891e-07 5.012921e-07 4.931082e-07 2.0600848e-05 0.005915609 3.1326592e-05 0.002219605 4.15924e-07 1.4493705e-05 7.6222307e-07 0.002411967
0.1057213 0.00037104433 7.333165e-05 0.00035703732 0.034388494 0.004524187 0.000104486826 0.0008950239 0.0052205767 3.745575e-05 2.564761e-05 0.00023326605 0.08069908 7.596563e-05 0.09734975 0.025126614 4.7444257e-08 0.00084660173 3.9387587e-06 0.7184181 0.966369 1.4101404e-07 0.8234869 0.15771057 0.003914704 1.2981795e-16 5.2090454e-05 1.2147802e-07 4.970681e-07 2.1903058e-06 0.8755249 2.3925494e-07 2.2514334e-06 0.00518201 0.0010800947 1.0403272e-06 3.005429e-07 0.90781575 0.021953646 6.95878e-08 0.0001005795 0.0046397997 0.0011224392 1.3330196e-08 5.008131e-08 0.00042643762 0.047025725 6.4516524e-07 0.042267803 2.0829555e-07 0.00011711325 5.66516e-07 7.295563e-06 2.9619548e-08 5.8388824e-08 0.00019436615 3.0553932e-07 2.0587158e-05 0.0003377128 1.7258914e-08 0.027962927 7.402028e-09 6.04369e-08 1.0533359e-07 0.0066623027 3.3405422e-07 4.46518e-07 4.6301767e-07 6.0235766e-07 0.0012759516 1.0344531e-07 0.0027004788 1.1162871e-06 2.6385507e-08 4.0749708e-07 3.2669851e-09 2.775542e-06 1.2221396e-08 4.3746208e-05 9.055491e-07 5.5767213e-08 4.7358953e-06 9.216933e-08 4.258804e-05 2.1595605e-08 3.6232777e-06 0.0021825952 8.149572e-07 1.1311264e-09 9.7306035e-08 3.5967993e-08 3.043013e-08 4.6485173e-08 1.5905808e-07 0.00018090449 1.8431345e-07 0.21047142 1.4662301e-07 7.827772e-08 7.0418686e-08 0.0039003554
0.4968755 0.054849494 0.040529866 0.034569204 0.001726383 0.0011620127 0.10414931 0.013701253 0.003096572 0.028192833 0.15495504 0.09681923 1.0247081e-05 0.00088002085 0.00024909765 4.0380633e-06 0.3721808 0.48646784 0.90205944 1.7134988e-05 1.7322648e-06 0.02183854 0.000428864 0.0010974412 0.005270428 5.2090454e-05 2.3923103e-18 0.004450594 0.1924212 0.0021112144 1.8545707e-05 0.00037651887 0.9477222 0.0019363341 0.00020124196 0.0002070586 0.0032387145 1.7084192e-05 0.00020650662 0.00036152804 0.8355772 0.02160893 0.000119728844 0.00028365053 0.00047317808 0.6694985 1.5383877e-05 0.093068875 4.6156845e-07 0.00053269434 0.06726131 0.39964023 0.00026952405 0.04535581 0.14089763 0.009215845 0.49180326 0.0357833 0.0016532533 9.964632e-05 0.000104251434 0.00017842368 0.10021581 0.17738031 7.641133e-05 0.107536405 0.011145777 0.052477136 0.03331103 7.103874e-05 0.123842545 0.00065276405 0.020211447 0.00023864642 0.016780278 5.8818277e-06 0.005876558 0.000119902405 6.7219524e-05 0.00018961953 0.0026486926 0.000119386656 0.013238211 1.7879374e-05 6.837177e-07 0.0010298524 3.0226797e-06 4.546856e-05 8.286761e-06 5.7900288e-05 0.000121139245 6.834596e-05 0.0034755783 0.00026891657 1.7312443e-06 0.0008310837 8.721812e-05 1.6470432e-05 0.0011883246 0.00012481523 0.0001450519
0.74044293 0.00028690163 0.03090463 0.006941845 1.9106337e-06 1.4156095e-07 0.004733212 5.010355e-05 6.0203038e-05 0.16563192 0.032077115 9.129388e-05 4.117997e-08 0.0010750653 6.9339996e-09 3.354453e-08 0.44079944 0.005338717 0.0077448306 3.6009038e-08 1.2630914e-08 0.91289866 2.8999382e-08 9.084347e-07 4.8083925e-06 1.2147802e-07 0.004450594 2.9426477e-18 0.42621893 0.055462502 4.486136e-06 0.30742183 0.015452031 1.7657081e-06 7.550951e-05 0.120583825 0.95751417 1.4941275e-08 7.1204877e-06 0.6619326 0.002366713 6.590778e-06 1.2896631e-06 0.086957805 0.10085719 0.0019064569 1.8186113e-07 0.24294293 1.9873681e-08 0.019637728 2.146415e-05 0.0012012554 0.008330619 0.1389458 0.0005673674 1.0724964e-06 0.0006698809 1.5042365e-05 1.6330014e-07 0.028515866 5.309156e-07 0.74461275 0.09546697 0.00012588597 5.065223e-06 1.1445756e-05 6.142229e-07 6.1278835e-05 2.076583e-05 6.09122e-06 0.0045110597 0.0011756625 2.7577185e-05 0.048253655 3.143199e-05 0.003166876 1.1180445e-05 0.17618906 0.0056797774 0.03553265 0.0075410097 2.805366e-06 2.3640196e-05 3.111245e-06 0.0040085306 1.1479973e-05 3.8029282e-06 3.8147955e-06 0.008986479 0.33103713 0.012745033 0.012422285 0.00032269003 0.013428491 8.117112e-07 0.018665833 6.087291e-07 0.0054617957 0.028174037 0.005500868 0.00034964873
0.4285901 0.0020374837 0.025082244 0.015289947 5.4724833e-06 6.0453513e-06 0.020906717 0.0010162776 3.4124605e-05 0.028068582 0.09399149 0.0030998264 6.381547e-08 5.9534515e-05 5.8638268e-08 1.1747309e-08 0.88686097 0.11831752 0.18190157 1.8367017e-07 9.351259e-09 0.5623914 2.758268e-07 8.19687e-07 2.1361577e-05 4.970681e-07 0.1924212 0.42621893 7.934912e-18 0.004203984 4.482028e-07 0.0037959462 0.7414678 1.0377396e-05 9.751609e-06 0.0018094608 0.50967366 9.115862e-08 9.986766e-06 0.0044976915 0.07661313 0.000102471444 8.105539e-07 0.0020591402 0.0013472906 0.047257707 1.8520696e-07 0.91607744 7.467798e-09 0.0007682409 0.00048773907 0.11204534 0.00068457116 0.7475858 0.06718598 0.00016616125 0.059202656 0.0018663491 1.5613923e-05 0.00048659448 1.0506191e-05 0.040279552 0.64641625 0.017587665 1.1061449e-05 0.0036079565 0.00010698271 0.012423481 0.007923448 7.830987e-07 0.27922195 0.0002897641 0.0021641278 0.0015684456 0.0057112323 3.8504448e-05 0.00011771467 0.0015505608 0.00037585277 0.00039061697 0.1494836 1.744929e-06 0.003961057 1.5967125e-06 7.106713e-05 5.91716e-06 6.488829e-07 6.7636853e-07 3.724905e-06 0.14534724 0.0005484098 0.00019194164 0.03155494 0.00086905976 5.4986435e-07 0.0015314918 1.8101908e-06 0.00463813 0.0012662068 0.033654302 6.193817e-05
0.99055177 0.06553489 0.1644243 0.050019193 0.018187566 0.0031873994 0.033501927 0.018019099 0.13138586 0.762708 0.092880964 0.009385422 0.004824582 0.71627015 0.0003625803 0.0041025826 0.16032572 0.006273447 0.043889172 0.0002003347 1.4400196e-05 0.2379297 8.510994e-05 0.00021011321 0.000100497135 2.1903058e-06 0.0021112144 0.055462502 0.004203984 7.871252e-15 0.00011340986 0.028820949 0.0036327946 0.0001381273 0.3527152 0.13706474 0.0105122365 8.126592e-07 0.010482958 0.21443701 0.0004904846 0.0003602151 0.03366618 0.017140467 0.33179638 0.003994969 0.000101404024 0.0051798457 1.5579899e-06 0.19817558 0.00046956967 0.0009777022 0.863341 0.0021440636 0.00041748758 8.745233e-05 0.0011694713 0.00014313849 1.245335e-05 0.055933375 0.002625281 0.0032158329 0.004911153 0.00039385204 0.021146612 0.0002834721 4.627616e-05 0.0003386447 0.00017317296 2.9991956e-05 0.00700942 0.2592663 8.47436e-05 0.007637264 0.00014336748 0.012768275 3.4095297e-05 0.002237642 0.62863696 0.0168376 0.007571239 7.850201e-06 0.00013683767 3.1245777e-06 0.70606416 1.9942212e-05 4.0301245e-05 6.3973657e-06 0.000263016 0.012876913 0.0006145438 0.012572725 0.004154596 0.011614892 1.817365e-05 0.0019012722 0.00019049936 0.00027540902 0.0091637205 0.011137563 0.13632637
0.045523953 0.0008329737 0.0011279107 0.0032122666 0.036657296 0.01700719 0.00021544531 0.00089205767 0.010681014 8.168434e-05 8.1929786e-05 0.0009036538 0.035675026 0.00033250556 0.16969636 0.037335217 2.289246e-07 0.0082100695 3.8441856e-05 0.33862934 0.27082455 9.394594e-07 0.7896062 0.44396287 0.07301451 0.8755249 1.8545707e-05 4.486136e-06 4.482028e-07 0.00011340986 2.9444013e-17 1.0168181e-05 2.773152e-07 0.28502646 0.0008511485 1.669728e-06 8.0153023e-07 0.96997344 0.008975922 1.63579e-07 2.8578786e-05 0.029155271 0.0002204161 9.914179e-08 4.7941207e-06 0.00010908455 0.27610034 6.1663866e-07 0.21366696 5.5878238e-05 0.0005795838 7.510641e-08 0.0001804954 1.04992594e-07 1.5004904e-08 0.0005391285 5.147148e-08 0.00026133007 0.0009915949 9.315331e-06 0.0050702286 1.0855993e-06 3.7997577e-07 1.1124234e-07 0.0051654857 2.5017227e-06 9.659144e-06 4.6793082e-07 3.5057813e-06 0.0050497847 7.867813e-08 0.004245946 1.4422852e-06 2.6208854e-08 8.699798e-07 7.447235e-08 1.0924751e-05 2.514896e-08 0.000272859 7.803191e-08 2.9301901e-08 9.117484e-05 2.9790047e-07 0.00023371454 5.5671085e-06 2.737064e-05 0.012639846 2.0363424e-05 1.1750273e-07 1.204612e-07 7.477951e-08 1.1927325e-07 8.096828e-08 8.779742e-08 0.0005518525 2.3138236e-06 0.6239457 4.3913005e-08 6.112622e-08 5.286765e-08 0.005137338
