1.5431903e-25 0.39795512 0.45834193 0.30450016 0.059365753 0.439853 0.96663475 0.43952066 0.544279 0.08739793 0.919012 0.93420094 0.08920034 0.4402894 0.17326479 0.9625752 0.9245337 0.01189716 0.9804771 0.8651484 0.04613355 0.06306641 0.0028451262 0.9746066 0.92579514 0.031833 0.36215076 0.01667382 0.9655195 0.84074986 0.051622905 0.097448625 0.9307052 0.076251574 0.9899442 0.00089371094 0.98234165 0.011833423 0.3832886 0.00093905465 0.0019826037 0.046431653 0.0014280294 0.00019632633 0.64690685 6.4683736e-05 0.85873634 3.4932991e-06 0.6226517 6.41326e-06 0.16061693 5.8088553e-05 6.0998555e-05 3.5968576e-06 3.436729e-07 0.026811384 2.528609e-06 0.0034839308 0.9881023 0.037235174 0.99406594 0.0109336395 0.26015314 0.94365406 1.08784874e-07 0.95875996 7.0739384e-07 0.18117745 1.5603375e-08 2.9468376e-05 0.00044392946 1.4672119e-07 0.2916171 3.216256e-05 5.803082e-10 0.0038560787 0.9529562 5.7013385e-05 1.6101934e-08 3.0952638e-06 0.03323845 0.030943366 0.998419 3.7680166e-09 0.039297074 0.6708758 0.9876674 0.99888885 0.9988863 0.6137777 0.40757915 3.7822325e-08 3.0363713e-06 1.51045e-10 1.9031751e-05 1.0727532e-06 7.888004e-09 0.9976596 0.0002506989 0.06689149 0.9717851
0.39795512 5.8182e-21 0.57846594 0.55382144 0.37307847 0.65728176 0.5948064 0.78212166 0.20489505 0.5413565 0.49347404 0.60362965 0.23120417 0.28314468 0.153366 0.5240869 0.06287496 0.087049186 0.17623927 0.595131 0.13640071 0.35437942 0.0873128 0.052799948 0.076724425 0.066831134 0.06776333 0.1954009 0.096648 0.028411191 0.2568684 0.21919602 0.012452305 0.11389933 0.26902625 0.04055621 0.03695355 0.031449486 0.0543528 0.040640265 0.016894065 0.030397438 0.0584596 0.03268747 0.021122774 0.010562683 0.003580591 0.0022383828 0.004104015 0.0025829202 0.0042010588 0.009239843 0.013431284 0.00022351553 0.00017632598 0.004610522 0.0014247124 0.006359509 0.18179266 0.0025501433 0.28354713 0.00047720637 0.00093785324 0.14750521 2.1728598e-05 0.099264584 0.0001725426 0.02100954 0.00014167151 0.0058887405 2.1900856e-05 6.8031804e-05 0.011196494 4.9727273e-06 1.0444164e-05 6.529592e-06 0.024164524 0.00507502 8.8001125e-06 8.21601e-06 0.00010620394 0.0002385288 0.0413205 8.761215e-06 0.00611274 0.00057134195 0.0048697265 0.06147835 0.0032580935 0.00017555465 0.0003383808 1.4032985e-05 0.000628516 1.757095e-05 1.0994916e-05 6.481522e-06 1.1323818e-05 0.000576997 6.9058647e-06 2.123318e-06 1.6208822e-05
0.45834193 0.57846594 3.3568483e-22 0.91645795 0.8100186 0.2137928 0.5792491 0.16439967 0.46313548 0.11236972 0.3540751 0.3472064 0.12211518 0.6172267 0.3564392 0.3907845 0.32299596 0.09054313 0.3340237 0.081004076 0.09220929 0.011604622 0.0813491 0.22842433 0.29867256 0.050838314 0.07106504 0.04999985 0.15140325 0.1118428 0.026225202 0.015648494 0.031624395 0.0046397685 0.14981323 0.033784956 0.11508725 0.02783767 0.0018428693 0.023814375 0.05608373 0.001255255 0.035473943 0.027810637 0.0012455797 0.018125007 0.006117764 0.009868074 0.00864091 0.0038209 0.004451592 0.0051517673 0.007486943 0.0048221606 0.0016867953 0.004433279 0.0017811011 0.0064316844 0.013613701 0.003269344 0.040104922 0.00048308348 0.005686187 0.0073546 0.0006543088 0.0048654485 0.0001804854 6.84852e-05 3.3816268e-06 1.5133866e-05 2.9711173e-05 5.0919148e-06 0.0001250323 1.9967294e-05 6.9366535e-05 3.612856e-05 0.00055351894 1.5098964e-05 5.0501553e-06 1.6838248e-05 0.00014557004 0.00015433009 0.008638615 2.5056826e-07 4.542678e-05 0.0006488264 0.0063100546 0.0075038886 0.008960419 0.0005085014 0.0007331127 2.2646762e-05 4.883702e-07 3.950818e-05 1.6189002e-05 1.6353664e-06 5.457216e-07 0.0019624175 4.5842594e-06 2.4457e-05 8.962265e-05
0.30450016 0.55382144 0.91645795 2.1223375e-22 0.8612299 0.22107755 0.52743065 0.17055668 0.48961157 0.11464687 0.2992631 0.31351757 0.112980984 0.6050565 0.3484889 0.3612479 0.26436314 0.11142039 0.27468544 0.06771094 0.1040193 0.012348786 0.09363478 0.18746026 0.28425583 0.055278473 0.07054537 0.055260554 0.1296973 0.10429059 0.030601565 0.017204547 0.03325098 0.0049657137 0.122113146 0.040432896 0.106260605 0.032917842 0.0016996657 0.025586117 0.06031263 0.0011782935 0.04175807 0.032314796 0.0013202516 0.023603104 0.0058772615 0.010708327 0.0078134015 0.00430325 0.0050833942 0.006513311 0.0077483696 0.005886553 0.0022076848 0.0052201063 0.0020038667 0.0059143486 0.009900708 0.0036290602 0.03347236 0.00046464303 0.0065619885 0.005816849 0.00087597454 0.004207644 0.00020440893 3.467194e-05 3.4048485e-06 1.1331487e-05 3.1852524e-05 6.6555517e-06 9.60107e-05 2.2736027e-05 9.473056e-05 4.0439114e-05 0.00045179826 1.1138184e-05 5.1061284e-06 1.7093955e-05 0.00016043446 0.00014157157 0.0063055577 1.4657253e-07 2.588562e-05 0.00060073624 0.0054815365 0.006014129 0.007788208 0.00054075883 0.00071923743 2.7815882e-05 2.2203712e-07 6.346876e-05 1.5131686e-05 2.4421513e-06 5.06911e-07 0.0017170765 3.3456836e-06 9.933781e-06 7.139735e-05
0.059365753 0.37307847 0.8100186 0.8612299 4.937027e-23 0.16106975 0.3451893 0.061763074 0.8440231 0.19611065 0.15042463 0.13967657 0.13617517 0.46533054 0.51783574 0.1324461 0.17152897 0.23938574 0.12418567 0.014234901 0.12202936 0.016032135 0.18738677 0.10929427 0.10135163 0.07379381 0.074681535 0.09031163 0.059087068 0.06447022 0.044717334 0.013451722 0.021511305 0.0016555458 0.030705292 0.09791696 0.031815425 0.06522682 0.0013116369 0.037575398 0.09936272 0.0007116144 0.07315764 0.08852488 0.0006715289 0.100895576 0.0042970493 0.022476394 0.005522282 0.011233783 0.011054817 0.004435639 0.00923392 0.012720515 0.006870382 0.0066202288 0.0035826797 0.006323197 0.0073570902 0.005046133 0.010911681 0.00035656994 0.00399304 0.0051206634 0.0011874964 0.00321729 0.00036508005 2.670039e-05 6.877196e-06 2.0645928e-05 2.6247188e-05 5.429917e-06 0.0001258052 1.8118239e-05 0.0001390371 2.5576532e-05 0.0004619717 1.5869475e-05 2.0340335e-06 9.696061e-06 0.00028446811 0.00010491359 0.0014372099 4.142615e-08 1.5507892e-05 0.00089719205 0.0030564775 0.0013493384 0.0063994015 0.0009870676 0.0007684244 1.0747803e-05 8.6882025e-08 8.188964e-05 8.062947e-06 2.409038e-06 6.0656583e-07 0.0012267483 1.5673187e-06 1.509861e-06 4.046021e-05
0.439853 0.65728176 0.2137928 0.22107755 0.16106975 5.932439e-19 0.3285476 0.787029 0.15446693 0.6380986 0.16182864 0.15881968 0.56693053 0.06701929 0.30616277 0.061732706 0.032116886 0.14041263 0.042514086 0.19865471 0.018889554 0.5348615 0.16009519 0.026645502 0.018958116 0.044782378 0.019559937 0.5844922 0.019976728 0.006664492 0.66359377 0.5403052 0.0021885324 0.050553475 0.04871604 0.13572063 0.011488966 0.04235687 0.023065494 0.25409558 0.26606828 0.043755144 0.06011952 0.07287044 0.009134762 0.08056282 0.0006146484 0.034493055 0.00051791023 0.01784945 0.0032361534 0.15406345 0.11536212 0.013899317 0.0068362257 0.005053542 0.006511969 0.0175587 0.07526308 0.0008199283 0.038847115 0.0006629766 0.00018099681 0.0764035 0.0016841142 0.030943627 0.0011857288 0.013689785 0.005913144 0.005689045 0.00015566502 0.0013815088 0.009356021 0.00019804928 0.00034338073 5.393777e-05 0.02075619 0.00917519 0.0001960799 0.00010624476 0.00016847526 0.0001362786 0.035126183 0.00039189513 0.0055292905 0.0006337788 0.0013521363 0.018004514 0.0013695805 0.00035788325 0.0002403581 4.7755915e-05 0.0009741622 0.0006504388 6.871194e-05 4.8377176e-05 0.0013631115 0.00044447914 8.250113e-05 2.8257744e-05 9.691776e-05
0.96663475 0.5948064 0.5792491 0.52743065 0.3451893 0.3285476 6.2840244e-19 0.20057777 0.48955485 0.39686114 0.7435574 0.64190644 0.3925668 0.48758093 0.61061126 0.41124037 0.30027905 0.1761051 0.331942 0.17701407 0.08870503 0.09151701 0.10838946 0.29246655 0.09664444 0.07443061 0.07027213 0.21682362 0.096342735 0.0673868 0.24053158 0.06635982 0.036090646 0.0052084746 0.25315517 0.08052713 0.063321084 0.04989981 0.0056021456 0.105849415 0.2749068 0.004160379 0.030965729 0.036221337 0.0032157595 0.06208213 0.005830759 0.029961765 0.0034767198 0.014121814 0.0057470887 0.046641283 0.044318922 0.026320929 0.008667121 0.008602323 0.009664384 0.0048368694 0.054897297 0.0031990705 0.16607894 0.0012316126 0.00076603296 0.048265148 0.005251393 0.027614221 0.0031503944 0.0061369427 0.00016788903 0.00016262605 0.0009959165 1.7074013e-05 0.0025129113 0.00097262394 0.0008612164 0.000108289954 0.0067099337 0.00016121267 6.1224564e-05 0.00032354114 0.00017271594 0.00020719648 0.09359273 7.678519e-05 0.0017041552 0.00036121978 0.0042176275 0.16344608 0.00603248 0.00032467613 0.00018391496 0.00014698344 3.8790386e-05 0.0002692738 1.5345751e-05 4.489296e-05 0.00039035853 0.0014600396 1.8050287e-05 0.00015284182 5.2048494e-05
0.43952066 0.78212166 0.16439967 0.17055668 0.061763074 0.787029 0.20057777 7.649229e-19 0.023572046 0.35657972 0.1510657 0.2949998 0.1309663 0.028814195 0.013081398 0.21109757 0.0156199485 0.013113118 0.051081993 0.7708927 0.0072319233 0.7026325 0.012668917 0.021315094 0.014545425 0.008597316 0.004261492 0.20788941 0.023797791 0.0014991239 0.4893362 0.5527653 0.0014975278 0.5848414 0.15729593 0.01187151 0.010330016 0.0048909266 0.17142121 0.041599505 0.0061084824 0.22824085 0.0031077387 0.0069266316 0.08638092 0.0053992425 0.00026598366 0.002232569 0.00041224 0.00082526164 0.0010814212 0.055678662 0.012166133 6.275063e-05 0.000118854325 0.0007278641 0.00044016598 0.001665096 0.26798987 0.001095772 0.21336174 7.251803e-05 0.00023896708 0.24063244 1.779473e-05 0.19974974 5.2977866e-05 0.05717042 0.0031769418 0.03225308 1.5306814e-05 0.00560381 0.026916957 3.1737343e-06 8.259431e-06 5.28898e-06 0.084221564 0.031463508 1.9010724e-05 1.2963669e-05 7.241091e-05 8.891392e-05 0.009895785 0.0010532691 0.02002383 0.00048915047 0.0010337027 0.06350751 0.000668864 0.00017096361 0.000106837935 1.1734517e-05 0.006479845 4.3999218e-05 2.4733798e-05 1.8904564e-05 0.00038863107 0.00016162245 1.4919484e-05 2.6373561e-06 7.96607e-06
0.544279 0.20489505 0.46313548 0.48961157 0.8440231 0.15446693 0.48955485 0.023572046 2.437242e-19 0.16144215 0.27586937 0.17263618 0.17671119 0.7487517 0.693559 0.17694817 0.64830065 0.40977255 0.34300697 0.0041800514 0.33919337 0.007489018 0.29865122 0.4379265 0.50014585 0.28032133 0.39509577 0.0489725 0.21098985 0.46518874 0.01991486 0.010812779 0.1743786 0.00012748996 0.03598365 0.18410715 0.08694129 0.23171595 7.9476806e-05 0.027263416 0.21961212 5.62575e-05 0.16794291 0.1455425 7.4641684e-05 0.11126261 0.019061936 0.035850815 0.02397301 0.027311403 0.055555277 0.007015567 0.0053484323 0.018816482 0.021828055 0.034622665 0.015633943 0.059999254 0.0029716205 0.013275285 0.01358443 0.004429919 0.013666058 0.0026991954 0.0036331033 0.0033586568 0.0030544698 2.1926813e-05 5.0771687e-06 1.5564231e-06 0.0014336471 4.3889625e-07 9.906742e-06 0.0013307207 0.0006490306 0.00023473668 0.000105175146 4.139616e-07 8.8294626e-05 9.697629e-05 0.0010982918 0.000614319 0.011673169 5.1699548e-08 7.5006034e-07 0.0050052525 0.025307402 0.010198073 0.03342276 0.0054411893 0.0018557206 5.0413415e-05 7.891118e-09 2.7464564e-05 6.27462e-05 3.5032979e-06 5.614942e-06 0.0035646951 3.798747e-05 0.00014164989 0.0005506373
0.08739793 0.5413565 0.11236972 0.11464687 0.19611065 0.6380986 0.39686114 0.35657972 0.16144215 5.9209446e-22 0.19710366 0.12991124 0.9210039 0.21695538 0.40104803 0.05771705 0.13170877 0.21745428 0.10512542 0.02220435 0.037196923 0.060553808 0.18045986 0.06312263 0.05265316 0.043785803 0.03167977 0.31741634 0.0290355 0.023124268 0.22439338 0.06961733 0.01011586 0.0041638264 0.030362556 0.11857894 0.012747731 0.02609951 0.0019268574 0.14400285 0.2635119 0.003591494 0.03577082 0.050686337 0.00068201224 0.0810727 0.0017792345 0.04650518 0.0015145699 0.010408558 0.0012151065 0.02852372 0.037703846 0.030851344 0.011690102 0.0022737654 0.00576629 0.002815512 0.012668288 0.0005024787 0.011609465 0.00012658471 0.0006487908 0.008416268 0.0064155366 0.005338956 0.0011639182 0.00039626047 0.00015014768 0.00016398908 2.5156889e-05 6.168352e-05 0.0006116664 5.5971203e-05 0.0015979549 2.1125134e-05 0.0012037818 0.0002158379 9.666907e-05 3.7161182e-05 2.8184484e-05 2.5414234e-05 0.006652789 5.1128577e-06 0.00020994895 0.00037447712 0.0012940818 0.0040351455 0.0018086603 0.0003901304 0.00012896556 2.5088342e-05 8.614098e-06 0.0004619415 7.185107e-06 4.074674e-06 0.0002686323 0.0006051875 6.3843654e-06 4.082601e-06 7.2363764e-05
0.919012 0.49347404 0.3540751 0.2992631 0.15042463 0.16182864 0.7435574 0.1510657 0.27586937 0.19710366 1.2956197e-19 0.7840642 0.1463285 0.31542724 0.35563082 0.64992917 0.19619256 0.06288223 0.36953172 0.34746462 0.062581636 0.052117616 0.059141964 0.22189839 0.103884496 0.052088697 0.04842082 0.069163844 0.11233473 0.06502403 0.0821814 0.03319775 0.035289623 0.0019717324 0.44807854 0.032006208 0.08124515 0.0250181 0.0032272388 0.0385612 0.068443984 0.0009291088 0.027254507 0.029785125 0.0023925474 0.017577404 0.003980508 0.008750411 0.0017315159 0.0071129384 0.0021023469 0.013451337 0.01911204 0.005301223 0.0031205118 0.004364647 0.004780625 0.0054438943 0.038676977 0.002095638 0.18154573 0.0007031071 0.0004190231 0.027334807 0.00046700513 0.016849326 0.0022943083 0.004049861 4.6607496e-05 0.00010159345 0.00033815205 3.1385518e-06 0.0021909121 0.0002931711 0.00023762806 1.6391677e-05 0.003479168 8.002586e-05 8.463232e-05 7.885079e-05 6.657186e-05 0.00012033703 0.10983341 2.1273303e-05 0.00090671587 0.00020130973 0.008076896 0.13605642 0.0032241459 0.00019642053 8.7152526e-05 0.00014435954 1.756358e-05 0.00015691241 1.4677298e-05 2.2240823e-05 0.000111093876 0.0010170577 1.28772435e-05 6.8552436e-05 0.00012051929
0.93420094 0.60362965 0.3472064 0.31351757 0.13967657 0.15881968 0.64190644 0.2949998 0.17263618 0.12991124 0.7840642 2.4559546e-19 0.07088969 0.25360632 0.10833003 0.6582152 0.12607317 0.026239494 0.35276774 0.5025579 0.061191674 0.056404676 0.027225541 0.13054685 0.093626 0.02350742 0.03437513 0.037636656 0.11137022 0.0458607 0.05738851 0.042819444 0.027162429 0.0069772503 0.52995026 0.022679111 0.064643525 0.011420336 0.007964445 0.017291471 0.019305665 0.0019306843 0.016541917 0.018909726 0.004027783 0.008552792 0.0040136543 0.0055245627 0.002649717 0.002814908 0.0010937138 0.005247043 0.009160274 0.0005447212 0.00074047013 0.002136823 0.0014543912 0.0019832882 0.075068265 0.0021599473 0.29448894 0.00023273344 0.00032513938 0.05588142 6.619253e-05 0.024086563 0.00073695893 0.006015776 3.6816295e-05 0.000112206886 0.0001228047 3.5353637e-06 0.004043362 4.8879556e-05 4.26897e-05 8.68991e-06 0.005285962 0.00013799235 2.6986674e-05 2.9631603e-05 2.968608e-05 0.000100582845 0.08532667 1.1574944e-05 0.001934792 0.00013725316 0.004948846 0.14080739 0.0014739762 0.00013990205 0.00010233969 2.807522e-05 2.5011803e-05 3.899591e-05 8.609418e-06 1.1568091e-05 4.362002e-05 0.00057757256 1.8475042e-05 3.057215e-05 4.716386e-05
0.08920034 0.23120417 0.12211518 0.112980984 0.13617517 0.56693053 0.3925668 0.1309663 0.17671119 0.9210039 0.1463285 0.07088969 3.6711708e-22 0.065804124 0.5425976 0.030230045 0.07801116 0.2621253 0.044923864 0.009268023 0.019946916 0.065889314 0.16707194 0.052550077 0.016226478 0.029773267 0.012710809 0.48468503 0.012528881 0.010505145 0.4100534 0.1097533 0.0033107395 0.0017945048 0.014191606 0.14191042 0.0057501066 0.02128184 0.00084338477 0.22274268 0.4997904 0.0027069931 0.011569395 0.031576682 0.0003770377 0.16425985 0.00061748375 0.056558207 0.00028237634 0.008199057 0.00049423723 0.06255067 0.0467192 0.052624106 0.01268481 0.00038865182 0.0024608783 0.0003610135 0.0056647803 0.00022804442 0.0048985938 3.717926e-05 0.00011440643 0.0047539375 0.010062684 0.002506859 0.00029172638 0.0004809425 7.967108e-05 0.00012271643 7.822975e-06 1.5759815e-05 0.00092501234 5.60929e-06 0.002346851 3.5065068e-06 0.0011940289 0.00015039204 8.475512e-06 1.3774576e-05 1.993896e-05 1.0009955e-05 0.0031707203 1.3976348e-06 0.00022564484 0.00016572035 0.0001821101 0.0027241325 0.0004873931 0.00033394678 6.995205e-05 1.294797e-06 8.667199e-06 0.0007569026 1.5344308e-06 5.1560227e-07 0.00085601356 0.00013138271 1.153057e-06 3.3912313e-06 1.2309355e-05
0.4402894 0.28314468 0.6172267 0.6050565 0.46533054 0.06701929 0.48758093 0.028814195 0.7487517 0.21695538 0.31542724 0.25360632 0.065804124 4.365638e-19 0.3988036 0.3496015 0.7722204 0.2055041 0.5988713 0.014197204 0.62133723 0.0046253 0.1615056 0.5464778 0.60938036 0.20929292 0.29142678 0.022049287 0.48337382 0.36129037 0.012593551 0.00782124 0.08955789 0.00034248165 0.08204307 0.06323447 0.1877509 0.20203918 0.00085381547 0.0052781976 0.022889549 0.0003183614 0.13036893 0.04869759 0.00031801063 0.030619476 0.014547576 0.0064827437 0.013045175 0.006523428 0.033750877 0.0007124832 0.0034961225 0.0025207684 0.0024483195 0.03893016 0.0033449994 0.016605655 0.010544944 0.013369009 0.02106941 0.006699652 0.007037364 0.006206991 0.00039036857 0.0043323794 0.0003819031 7.333829e-05 4.971167e-06 4.5250323e-05 0.00039352523 1.0749795e-06 0.00012978594 7.230023e-05 0.00012644775 0.00018671413 0.0005336271 3.8393857e-05 1.066815e-05 7.21284e-05 0.0013922345 0.0015116599 0.021019295 1.5862877e-07 1.610391e-05 0.0016191829 0.024055911 0.010648005 0.03788379 0.002589955 0.0016406049 8.2120656e-05 1.15346126e-07 0.00013494547 4.9652852e-05 1.1200486e-05 3.7082725e-07 0.0043330607 6.511743e-05 7.31287e-05 0.00052725396
0.17326479 0.153366 0.3564392 0.3484889 0.51783574 0.30616277 0.61061126 0.013081398 0.693559 0.40104803 0.35563082 0.10833003 0.5425976 0.3988036 3.925201e-20 0.019024525 0.61302954 0.74070597 0.15579681 0.0013222715 0.12465842 0.0110694915 0.5814551 0.4007713 0.21549077 0.31462324 0.22085764 0.24296223 0.086809345 0.29288518 0.12744614 0.025599495 0.13756277 0.0005140482 0.007542646 0.3877653 0.015230332 0.17420179 0.0002965689 0.102506064 0.46871072 0.0007539146 0.14021592 0.12583128 0.00015067872 0.2876194 0.004251461 0.12773809 0.0072933 0.07205985 0.01451867 0.020254806 0.029829836 0.091705374 0.07474202 0.014367393 0.03135199 0.03956608 0.0020481462 0.0027059338 0.003192061 0.0012833165 0.0017863525 0.0018679705 0.02323581 0.0018272275 0.0062590274 9.4659845e-05 1.5102017e-05 2.5963166e-06 0.00018302315 5.3875224e-06 0.00015340153 0.00020042814 0.005246945 1.24282915e-05 0.0004894547 2.9862024e-06 0.00016905258 0.00015841026 9.101186e-05 3.937668e-05 0.0035835663 4.2236147e-07 1.8586306e-05 0.0014696341 0.0024309398 0.0031450342 0.00395767 0.0010688788 0.00091286475 2.6713917e-05 3.5900257e-07 0.00031397823 1.7954932e-05 2.2270315e-06 2.0860489e-05 0.0008547337 2.5682598e-06 1.159367e-05 0.000104626924
0.9625752 0.5240869 0.3907845 0.3612479 0.1324461 0.061732706 0.41124037 0.21109757 0.17694817 0.05771705 0.64992917 0.6582152 0.030230045 0.3496015 0.019024525 6.100815e-22 0.10945575 0.013762076 0.63617814 0.44384697 0.07337357 0.040685013 0.021946348 0.18429676 0.1639003 0.016835947 0.07373806 0.009105607 0.21884452 0.050924543 0.018195206 0.028384717 0.06410769 0.010731427 0.74807656 0.012508127 0.09583207 0.013818785 0.009277126 0.0047331485 0.002290609 0.0016858786 0.026920764 0.013349058 0.0038817974 0.005687654 0.02364138 0.0053480165 0.011271305 0.0041953907 0.0066099963 0.0031990262 0.0025389306 0.00014882431 0.0007863478 0.007925459 0.00406105 0.005181212 0.071571335 0.00840178 0.3684474 0.0030687451 0.0024734144 0.03443411 0.0001359909 0.014585179 0.00047109087 0.0036240988 4.484157e-05 0.00069392263 0.0001430135 7.662364e-06 0.00264086 5.1724583e-05 9.102732e-05 4.667889e-05 0.003111487 0.00075835054 3.8529244e-05 8.539206e-05 0.00029719065 0.0008330126 0.1649274 1.0856567e-05 0.001618082 0.00023453016 0.003728895 0.15375839 0.003315324 0.00027639914 0.0001883493 0.00024852317 0.00010067651 5.3403506e-05 4.0693634e-05 7.409338e-05 1.02024105e-05 0.0007859021 7.403794e-05 4.7552952e-05 8.4996704e-05
0.9245337 0.06287496 0.32299596 0.26436314 0.17152897 0.032116886 0.30027905 0.0156199485 0.64830065 0.13170877 0.19619256 0.12607317 0.07801116 0.7722204 0.61302954 0.10945575 3.3150414e-17 0.21572487 0.2532166 0.00462652 0.3366775 0.0037427116 0.16222124 0.5802751 0.637008 0.23517969 0.43779105 0.03190996 0.36535004 0.585716 0.029091114 0.008428995 0.50431484 1.6036018e-05 0.035186533 0.091170184 0.18078811 0.18238768 7.014887e-05 0.014084559 0.1039659 6.4662694e-05 0.11249048 0.105794996 8.438956e-05 0.05185901 0.10788691 0.021145856 0.056254677 0.029655049 0.10765818 0.0017239571 0.0058948933 0.007784469 0.013153773 0.09889683 0.021680301 0.03746253 0.0028357955 0.030298743 0.008015639 0.037444346 0.013152481 0.003499118 0.0013173816 0.002837647 0.0071026147 0.00032985382 9.894467e-06 5.7709904e-06 0.009202851 6.902608e-07 0.00023099917 0.0032829333 0.00027671485 0.0032821111 0.0007501433 5.0658896e-06 0.00017596314 0.0017867971 0.0043114494 0.0032016097 0.0548677 1.4773402e-06 5.74291e-05 0.0036821745 0.024192141 0.011200017 0.07197461 0.0072851274 0.003371683 0.0013751796 1.0555065e-06 9.0026035e-05 0.000355616 0.0004060281 9.5199e-06 0.014984552 0.00021507274 0.0012350495 0.002872377
0.01189716 0.087049186 0.09054313 0.11142039 0.23938574 0.14041263 0.1761051 0.013113118 0.40977255 0.21745428 0.06288223 0.026239494 0.2621253 0.2055041 0.74070597 0.013762076 0.21572487 9.0886366e-20 0.041072465 0.00067136687 0.15788738 0.0045652078 0.79904664 0.08701105 0.07883995 0.2523311 0.14578478 0.07055504 0.030296987 0.098372824 0.036120906 0.0066573806 0.034488034 0.00026080874 0.0033531806 0.42544568 0.0047847806 0.1984123 0.00026449023 0.027164565 0.29504186 0.00047032302 0.20829037 0.32609352 5.5957113e-05 0.2716342 0.0029281972 0.116761476 0.0046661915 0.09340625 0.0200235 0.0028696652 0.009421005 0.034348547 0.0476989 0.020832222 0.053487882 0.046346582 0.00060957816 0.008633372 0.0011051934 0.0030261497 0.0026800144 0.0005396985 0.006372219 0.00025618804 0.017093942 5.22016e-05 2.3508248e-05 2.479731e-05 0.00053755444 1.4108857e-05 0.0002023356 0.0004989163 0.0010759131 4.8873917e-05 7.943482e-05 2.0743088e-05 0.00065397227 0.0002311499 0.0004232076 0.00026183052 0.0010203482 1.1448523e-06 9.145077e-06 0.0017207984 0.001313574 0.002288754 0.0024329077 0.0017129376 0.000630711 6.2392886e-05 1.1051205e-06 0.00024095137 4.6767473e-05 2.4057263e-05 1.0320418e-05 0.0007708304 7.2108287e-06 1.8242865e-05 0.00017469388
0.9804771 0.17623927 0.3340237 0.27468544 0.12418567 0.042514086 0.331942 0.051081993 0.34300697 0.10512542 0.36953172 0.35276774 0.044923864 0.5988713 0.15579681 0.63617814 0.2532166 0.041072465 7.271488e-19 0.06338079 0.15053302 0.021591991 0.036353428 0.80828595 0.30294934 0.04432856 0.13639073 0.013996071 0.46924338 0.12963535 0.01749403 0.011267221 0.07229346 0.000981037 0.37148198 0.017165737 0.2796138 0.031864855 0.0010120539 0.0050164154 0.0107009765 0.00046305123 0.03105145 0.01902711 0.00058717316 0.008744851 0.017462926 0.004770621 0.0107314885 0.0033515391 0.010481314 0.005942402 0.0070809177 0.0008226791 0.00062681636 0.015065969 0.002915056 0.007396197 0.008962527 0.009208347 0.06281697 0.0066743474 0.0040189903 0.0071357703 0.00017618328 0.0055383416 0.00079973944 0.00075571035 6.683593e-05 0.00014720131 0.0013805962 4.21002e-06 0.0008936091 0.00026780073 0.00033614074 0.0003119106 0.0010709895 0.00016672284 0.00013807607 0.00034702654 0.0013805685 0.0017993193 0.13718541 7.3102165e-06 0.00044682965 0.00071131886 0.011626794 0.09911124 0.016300445 0.0015484232 0.0009790211 0.00034617752 4.1493986e-05 0.00017422833 7.850339e-05 0.00022445925 1.507994e-05 0.002474575 0.0001747892 0.00048288357 0.0002903832
0.8651484 0.595131 0.081004076 0.06771094 0.014234901 0.19865471 0.17701407 0.7708927 0.0041800514 0.02220435 0.34746462 0.5025579 0.009268023 0.014197204 0.0013222715 0.44384697 0.00462652 0.00067136687 0.06338079 1.9652181e-20 0.0013513061 0.29904217 0.00036311251 0.010261359 0.0034943412 0.0006240536 0.0020661727 0.009296052 0.008252908 0.00071252673 0.059063837 0.15499222 0.00054402405 0.2059887 0.56461066 0.0011694819 0.0053163846 0.00043148507 0.22540587 0.002226971 0.0005946296 0.03808517 0.00032187832 0.0010765812 0.069874294 0.00045079848 9.813243e-05 0.0001298471 6.3085565e-05 0.0001003572 0.0001825671 0.002832417 0.0015354351 1.0344748e-05 3.942229e-05 0.00044056473 0.000108311644 0.00028525377 0.73484266 0.00051460735 0.6401511 7.922163e-05 2.9780533e-05 0.3214993 6.7604387e-06 0.2787168 4.670231e-05 0.05336916 0.00014045041 0.0062545496 9.006911e-06 0.00022887782 0.0258821 1.5453672e-06 3.930031e-06 3.5046683e-06 0.051773407 0.007237726 5.5013893e-06 1.0041651e-05 2.44916e-06 1.0961665e-05 0.032834332 0.00011016912 0.017562415 5.667536e-06 2.996534e-05 0.2874223 7.6322474e-05 5.506528e-06 4.6386644e-06 5.971548e-06 0.0013282591 6.7892743e-06 5.898067e-06 1.1327285e-05 8.594614e-05 6.407452e-06 1.406111e-06 1.8679026e-07 1.2144616e-07
0.04613355 0.13640071 0.09220929 0.1040193 0.12202936 0.018889554 0.08870503 0.0072319233 0.33919337 0.037196923 0.062581636 0.061191674 0.019946916 0.62133723 0.12465842 0.07337357 0.3366775 0.15788738 0.15053302 0.0013513061 1.2634493e-21 0.00029392415 0.18355887 0.09647166 0.4141736 0.327707 0.75405 0.0036339848 0.1741993 0.5477305 0.0011827269 0.00070723327 0.23128405 2.4674006e-05 0.018170098 0.09171141 0.113389105 0.33227122 0.00037253601 0.00067015534 0.00800188 0.0001568714 0.27954382 0.19126555 0.0001834268 0.036068626 0.060223788 0.0068918904 0.06243008 0.016495666 0.14682601 0.00010006286 0.00031909332 0.0010383563 0.0032491202 0.11555369 0.0093064 0.07380043 0.0062256334 0.11020702 0.006442922 0.05572574 0.045091383 0.004820354 0.00013454928 0.0023379736 0.003487729 1.4005329e-06 3.0595909e-06 1.3512801e-05 0.0057205264 1.0608247e-06 3.2688276e-05 0.0017998334 7.880493e-05 0.0027227388 0.0002841948 8.77682e-06 2.2618635e-05 0.00023345814 0.0056369347 0.0042342604 0.006095081 2.4796488e-08 3.6385413e-06 0.0057257395 0.030435132 0.00289068 0.04840598 0.00685819 0.0021084377 0.00017763385 1.2067869e-08 6.457144e-05 0.00011283131 1.1452951e-05 1.421901e-07 0.012627875 0.00010345109 0.00020320833 0.0013000626
0.06306641 0.35437942 0.011604622 0.012348786 0.016032135 0.5348615 0.09151701 0.7026325 0.007489018 0.060553808 0.052117616 0.056404676 0.065889314 0.0046253 0.0110694915 0.040685013 0.0037427116 0.0045652078 0.021591991 0.29904217 0.00029392415 3.3113565e-21 0.0077728005 0.006634184 0.0054763635 0.0015329706 0.0012162689 0.28793332 0.005748146 0.0005527577 0.56011987 0.84439594 0.0004699173 0.42575356 0.05118173 0.006633795 0.0014513955 0.0008112214 0.13094832 0.16622505 0.014621277 0.5086398 0.00053734763 0.003426264 0.060558174 0.0035838366 0.0003952529 0.002612222 0.0005485356 0.0005448558 0.00014817949 0.11035086 0.058973923 0.0014374683 0.00013860856 0.00042387584 0.0004696413 0.00047863636 0.09934877 9.564843e-05 0.028686855 0.000113169575 0.000106239495 0.09447396 0.00060729665 0.03828908 0.00028871206 0.0132783605 0.042683847 0.03046664 2.0132615e-05 0.008998108 0.015996663 1.2117974e-05 0.00025181528 1.0023453e-05 0.040922515 0.039440986 0.000112510344 5.0195235e-05 8.661961e-06 1.8122455e-05 0.0013315004 0.0028906881 0.015138436 0.00017489758 0.0005513076 0.006835079 0.0009152314 7.694742e-05 0.00022637207 5.301456e-05 0.00564659 0.00041992037 1.1221088e-05 1.6589232e-05 0.0024056633 0.00023735153 6.7509295e-06 3.2160917e-06 7.608733e-06
0.0028451262 0.0873128 0.0813491 0.09363478 0.18738677 0.16009519 0.10838946 0.012668917 0.29865122 0.18045986 0.059141964 0.027225541 0.16707194 0.1615056 0.5814551 0.021946348 0.16222124 0.79904664 0.036353428 0.00036311251 0.18355887 0.0077728005 3.2638792e-19 0.07222678 0.066951886 0.34430933 0.23152989 0.040804576 0.02619027 0.10997687 0.018160364 0.004736928 0.029952923 0.00034529454 0.0021263377 0.56446576 0.0035667352 0.34353945 0.00022008359 0.026470058 0.2541909 0.00057445647 0.35130778 0.6226071 9.930262e-05 0.40533426 0.0038147394 0.1335276 0.004749465 0.16476391 0.073023975 0.0019666448 0.003838753 0.03336477 0.06529825 0.036838323 0.11078418 0.082994096 0.00031581524 0.015228109 0.00082317076 0.0057432964 0.004689984 0.00043103265 0.0041321185 0.00023979692 0.030892063 7.2844916e-05 1.9571027e-05 8.399373e-05 0.0006668592 1.3831137e-05 0.000112661415 0.0009184482 0.00016810419 0.00020721348 3.4340363e-05 5.2728115e-05 0.00072331366 0.00019611002 0.0006827479 0.000624378 0.0023924129 2.6725075e-07 2.542142e-06 0.0023379077 0.0011859364 0.009250645 0.0021569473 0.0022905928 0.0008785769 3.357201e-05 6.2545695e-07 5.6539884e-05 4.835439e-05 3.0126977e-05 3.46146e-06 0.00051766034 2.7134834e-05 3.3123626e-05 0.00011335806
0.9746066 0.052799948 0.22842433 0.18746026 0.10929427 0.026645502 0.29246655 0.021315094 0.4379265 0.06312263 0.22189839 0.13054685 0.052550077 0.5464778 0.4007713 0.18429676 0.5802751 0.08701105 0.80828595 0.010261359 0.09647166 0.006634184 0.07222678 4.3638436e-17 0.5622788 0.07633698 0.11202396 0.01807026 0.85663444 0.18440305 0.010584732 0.003950692 0.20596963 6.705862e-05 0.064721346 0.036518656 0.49326876 0.046692576 9.5771924e-05 0.007769098 0.03278377 3.945238e-05 0.04179857 0.034548275 6.517663e-05 0.016174404 0.048566453 0.005768379 0.018700797 0.003404737 0.022504855 0.0019858973 0.0024669208 0.0024535481 0.001070118 0.02430158 0.0020392062 0.020041982 0.0014113062 0.0110652335 0.009216702 0.013329556 0.006504087 0.0017594025 0.00011200066 0.0022878735 0.0007747567 0.00033537048 6.9954963e-06 9.189103e-06 0.0027021263 4.984462e-07 0.00010462742 0.000928979 0.0001604317 0.000621116 0.0002101539 1.1664449e-05 0.0001485383 0.00017640486 0.002051345 0.001970967 0.08714303 2.8722e-06 9.667512e-06 0.0014850261 0.013894982 0.021175357 0.030768199 0.0020913235 0.0012206385 0.00029305453 5.6255763e-06 0.00012830277 6.827111e-05 0.00014448268 7.703446e-06 0.002504154 0.00011767639 0.00054589135 0.0006231764
0.92579514 0.076724425 0.29867256 0.28425583 0.10135163 0.018958116 0.09664444 0.014545425 0.50014585 0.05265316 0.103884496 0.093626 0.016226478 0.60938036 0.21549077 0.1639003 0.637008 0.07883995 0.30294934 0.0034943412 0.4141736 0.0054763635 0.066951886 0.5622788 3.5411006e-17 0.14209966 0.47804528 0.006760794 0.76423925 0.58283424 0.0077195265 0.011111502 0.7666667 6.973405e-05 0.04785711 0.036800954 0.68710774 0.14213477 0.000120877165 0.003547037 0.008613405 0.000108085456 0.11920971 0.056908038 4.569177e-05 0.010680158 0.18410605 0.005548997 0.0874037 0.0058822995 0.1833015 0.0031939158 0.0030009614 0.0006366639 0.0010795601 0.101524524 0.0041914163 0.045603286 0.0009879307 0.0772806 0.005496358 0.054661706 0.049752027 0.0016912256 0.0001305042 0.0026412173 0.0015434702 5.355238e-05 2.472215e-05 6.516594e-05 0.0069160145 2.704527e-06 6.790851e-05 0.0015795723 0.0005661982 0.004276257 0.00018336819 6.1111976e-05 0.00032228528 0.00071880576 0.009770599 0.008699513 0.07301846 6.9292014e-07 7.028397e-06 0.010285397 0.08231065 0.009941416 0.1023166 0.010133448 0.0042450293 0.0007324833 3.8231356e-06 0.0004141299 0.00022736147 0.00028204208 1.0518383e-05 0.010417605 0.00061084446 0.0025636596 0.0025556493
0.031833 0.066831134 0.050838314 0.055278473 0.07379381 0.044782378 0.07443061 0.008597316 0.28032133 0.043785803 0.052088697 0.02350742 0.029773267 0.20929292 0.31462324 0.016835947 0.23517969 0.2523311 0.04432856 0.0006240536 0.327707 0.0015329706 0.34430933 0.07633698 0.14209966 2.372617e-17 0.5574777 0.010975165 0.05404237 0.32277656 0.005688281 0.0026556381 0.08694429 0.00017463241 0.0041259676 0.19641732 0.015793638 0.561408 0.00053223904 0.004274908 0.058511544 0.00022008592 0.40280437 0.36153203 0.00023035501 0.08512912 0.016088339 0.015891867 0.025094545 0.0508671 0.20030473 0.00068708934 0.0009964159 0.0035139825 0.017039593 0.13315378 0.039642837 0.14882651 0.0010627157 0.059877556 0.002247241 0.053562716 0.015190613 0.001393147 0.00096498546 0.00096950255 0.018614871 5.2741838e-05 1.9066101e-05 2.9487132e-05 0.0074478113 1.3439354e-05 0.00022172029 0.00819392 0.00020458599 0.0025447207 0.00015128216 2.0672427e-05 0.00062902516 0.0020718218 0.002897626 0.0025857792 0.005954423 2.2726292e-07 1.059733e-05 0.003909313 0.008923721 0.005049214 0.013501171 0.003323908 0.0019345105 0.00083076913 6.259946e-07 7.6647135e-05 0.00017418066 0.00012013648 3.9242673e-06 0.0040921397 8.319683e-05 0.00047212263 0.00045065788
0.36215076 0.06776333 0.07106504 0.07054537 0.074681535 0.019559937 0.07027213 0.004261492 0.39509577 0.03167977 0.04842082 0.03437513 0.012710809 0.29142678 0.22085764 0.07373806 0.43779105 0.14578478 0.13639073 0.0020661727 0.75405 0.0012162689 0.23152989 0.11202396 0.47804528 0.5574777 8.9450095e-18 0.0016395266 0.15247901 0.71732384 0.0027685394 0.0015932575 0.52332044 3.547203e-05 0.01774494 0.150942 0.15491344 0.5659976 8.2399e-05 0.0037290675 0.022897989 3.951334e-05 0.45504636 0.25651053 5.492721e-05 0.039522804 0.19693562 0.009577019 0.23318462 0.02600338 0.59421855 0.0007180203 0.00082185486 0.0011291371 0.009004468 0.4286931 0.025692943 0.34210563 0.0006801627 0.26324242 0.001958407 0.2145732 0.1518784 0.0010753667 0.00011899588 0.0021028663 0.01331624 2.4557999e-06 1.8297812e-06 8.490835e-06 0.031634774 1.7809964e-06 5.5309115e-06 0.026309278 0.00019702107 0.0209073 2.6563344e-05 2.139396e-06 0.0005400656 0.0039768736 0.018920198 0.023504725 0.016324714 6.746829e-08 6.21507e-07 0.029211158 0.09491815 0.008620735 0.10809907 0.03723093 0.013998014 0.00094421644 1.3365081e-07 3.5592187e-05 0.0011088124 0.00018884841 3.4541918e-06 0.029751651 0.0014619869 0.0039102286 0.00733816
0.01667382 0.1954009 0.04999985 0.055260554 0.09031163 0.5844922 0.21682362 0.20788941 0.0489725 0.31741634 0.069163844 0.037636656 0.48468503 0.022049287 0.24296223 0.009105607 0.03190996 0.07055504 0.013996071 0.009296052 0.0036339848 0.28793332 0.040804576 0.01807026 0.006760794 0.010975165 0.0016395266 3.752326e-23 0.0063714655 0.0034713477 0.6885569 0.51268166 0.0013026682 0.0031534918 0.006293453 0.057503972 0.0009409956 0.002279579 0.0017129394 0.48398894 0.30908313 0.0064507206 0.001954078 0.0063019902 0.0010008595 0.030269617 0.00017411639 0.023418408 0.00014831252 0.0018721939 0.00012254452 0.1739601 0.1467306 0.03818645 0.0013524482 0.00018922376 0.0006833231 0.00028159082 0.008743771 3.9541505e-05 0.0020903745 1.4080682e-05 4.0426155e-05 0.008450005 0.0089086825 0.003571066 8.8771245e-05 0.0002855578 8.395176e-05 7.349695e-05 1.2032519e-06 1.6147185e-05 0.0014361207 2.6132932e-06 0.0009940377 3.0951337e-06 0.0025369897 0.00026295983 3.036396e-05 5.5451665e-06 1.1210308e-05 1.233795e-05 9.151266e-05 3.5332976e-06 0.00051359006 0.00024989355 0.00021543342 0.00090376247 0.0009172127 6.5443084e-05 7.231692e-05 6.471905e-06 8.439298e-06 0.00047786988 8.379665e-07 6.5312827e-07 0.00070379645 0.00024215224 9.798541e-07 1.3593343e-06 6.851469e-06
0.9655195 0.096648 0.15140325 0.1296973 0.059087068 0.019976728 0.096342735 0.023797791 0.21098985 0.0290355 0.11233473 0.11137022 0.012528881 0.48337382 0.086809345 0.21884452 0.36535004 0.030296987 0.46924338 0.008252908 0.1741993 0.005748146 0.02619027 0.85663444 0.76423925 0.05404237 0.15247901 0.0063714655 3.6430536e-18 0.18236682 0.004707907 0.008007029 0.24156195 0.00012685734 0.080107756 0.016021749 0.80471295 0.056439962 0.00043630446 0.0023865998 0.004151592 0.000119423894 0.06032228 0.02064855 4.9768478e-05 0.004627491 0.07673751 0.003186082 0.04330935 0.0021084778 0.05144651 0.0036059236 0.0054671946 0.00019395545 0.0003446522 0.04467483 0.0018656659 0.020786535 0.0019548554 0.030188933 0.010826368 0.016147379 0.024363 0.0029866642 0.000113618466 0.0039860792 0.00033739573 0.000103087186 2.4524987e-05 5.6395773e-05 0.003920495 3.3369874e-06 4.228794e-05 0.0013684205 0.00026155397 0.001711783 7.481829e-05 9.38512e-05 7.044008e-05 0.0003839776 0.005863439 0.005262044 0.174792 9.1400415e-07 6.8655454e-06 0.0035523807 0.050098952 0.045479406 0.05536277 0.005844382 0.0023699088 0.00040484394 8.914755e-06 0.00021323832 0.00012415943 0.00018913028 2.1072678e-05 0.0035746389 0.00026750437 0.0015811956 0.0009298557
0.84074986 0.028411191 0.1118428 0.10429059 0.06447022 0.006664492 0.0673868 0.0014991239 0.46518874 0.023124268 0.06502403 0.0458607 0.010505145 0.36129037 0.29288518 0.050924543 0.585716 0.098372824 0.12963535 0.00071252673 0.5477305 0.0005527577 0.10997687 0.18440305 0.58283424 0.32277656 0.71732384 0.0034713477 0.18236682 8.917922e-18 0.0057819975 0.0023236885 0.8151567 2.1257779e-06 0.013209779 0.10968053 0.1815028 0.3979828 6.824484e-06 0.0043102815 0.015378781 1.5738531e-05 0.21743347 0.16794005 1.020566e-05 0.043386213 0.29277742 0.010570192 0.24143392 0.03265967 0.4906147 0.00084284885 0.0015507204 0.0014695073 0.010608491 0.37476176 0.02916308 0.20218617 0.0014604791 0.18261217 0.0026639123 0.2647241 0.095188536 0.001925836 0.0003972838 0.001462422 0.014171996 5.8448327e-06 1.6939969e-06 9.4150175e-07 0.04324864 5.5962175e-07 7.342503e-06 0.030224465 0.00013210325 0.024263984 0.00011719704 2.054585e-07 0.00064148044 0.0037059276 0.023666922 0.03001237 0.055563916 1.22488e-07 1.2419731e-06 0.021547318 0.10322089 0.004896214 0.18409956 0.029619286 0.011194256 0.0033601657 3.7611613e-08 5.252039e-05 0.00083070254 0.00076800643 1.3636087e-06 0.033676244 0.0010268206 0.0024930441 0.0060352823
0.051622905 0.2568684 0.026225202 0.030601565 0.044717334 0.66359377 0.24053158 0.4893362 0.01991486 0.22439338 0.0821814 0.05738851 0.4100534 0.012593551 0.12744614 0.018195206 0.029091114 0.036120906 0.01749403 0.059063837 0.0011827269 0.56011987 0.018160364 0.010584732 0.0077195265 0.005688281 0.0027685394 0.6885569 0.004707907 0.0057819975 1.4092961e-22 0.82435256 0.0006654657 0.01808795 0.01170009 0.015282484 0.0015108599 0.004846196 0.006166329 0.5413112 0.32698166 0.035328753 0.0013512346 0.006108375 0.0020814268 0.01141212 6.9280184e-05 0.006743074 8.9828354e-05 0.0020951084 0.00053832575 0.34925675 0.20007542 0.021096451 0.0008412118 0.0009486182 0.00054056133 0.0020274434 0.018578768 4.562624e-05 0.0042075 2.0938322e-05 2.016907e-05 0.017100804 0.0058870083 0.006093498 0.00011421033 0.003911635 0.00072230486 0.0015512935 1.2327677e-06 0.000111024085 0.0041003493 3.3047913e-06 0.0014747396 1.8778951e-06 0.010656432 0.0018795786 6.9354196e-06 3.687591e-06 1.0569655e-05 6.9351477e-06 0.0018696795 3.9947063e-05 0.0036258865 8.0456455e-05 8.191221e-05 0.00571723 0.00022334397 3.178898e-05 1.7711023e-05 1.9057585e-06 0.000373691 0.0009398391 3.4868805e-07 2.0661014e-07 0.006207261 0.00010424158 4.787973e-07 1.6658805e-06 9.375057e-07
0.097448625 0.21919602 0.015648494 0.017204547 0.013451722 0.5403052 0.06635982 0.5527653 0.010812779 0.06961733 0.03319775 0.042819444 0.1097533 0.00782124 0.025599495 0.028384717 0.008428995 0.0066573806 0.011267221 0.15499222 0.00070723327 0.84439594 0.004736928 0.003950692 0.011111502 0.0026556381 0.0015932575 0.51268166 0.008007029 0.0023236885 0.82435256 8.797778e-23 0.00019732513 0.19286811 0.018391976 0.0050096796 0.004723512 0.0059958785 0.058113065 0.37883204 0.04238726 0.26957992 0.0027039514 0.003915539 0.021787474 0.0031728328 7.214512e-05 0.0012890152 6.7634406e-05 0.00067378086 0.00040006594 0.37612242 0.15433775 0.0028275535 0.0003302104 0.0005700717 0.00019417903 0.0016030582 0.038609214 6.981803e-05 0.008142772 3.366065e-05 3.4968543e-05 0.035851344 0.00046243714 0.016522722 0.00015869195 0.0063970094 0.014339632 0.01741542 5.560031e-06 0.0036663343 0.009182214 9.54867e-06 0.00035539767 1.2040969e-06 0.022804813 0.019639097 1.949525e-05 1.7028351e-05 1.3169563e-05 7.837685e-06 0.0025931397 0.00047555836 0.010800592 6.0653867e-05 0.00014708274 0.009423876 0.0002875755 1.3554658e-05 9.251923e-06 5.4458797e-06 0.0044681947 0.0005345992 2.8639383e-07 7.966522e-07 0.011715973 0.00011992402 7.588743e-07 6.194502e-07 5.268433e-07
