1.9253318e-22 0.0058227987 0.0058101625 0.016170163 0.13038072 0.0072914534 0.50305134 0.37399164 0.8274856 0.046541873 0.042091515 0.91322476 0.021156881 0.7706688 0.915802 0.02297214 0.022038009 0.41983816 0.028236782 0.17552078 0.03305677 0.94291824 0.36210537 0.74972934 0.0011944725 0.5671825 0.7265645 0.0030339446 0.50037473 0.0011687934 0.8993496 0.0001232783 0.96079457 0.86376286 0.00090044073 0.00041819547 0.22141123 0.060129985 0.85371196 0.9470516 0.06031535 0.16493428 0.71690094 0.92091334 0.38032892 0.9962531 0.751816 0.9157386 0.017671108 0.9545039 0.00054513855 0.8835793 0.6537972 0.99054855 0.9507826 0.5434066 0.9355409 0.9638058 0.92192113 0.2572965 0.08225067 0.9879695 0.0773847 0.0010124106 0.43141064 0.007029507 0.64914614 0.091424175 0.096646175 0.99975455 0.00090480375 0.2933974 0.21462767 0.9419468 0.9940998 0.00026164306 0.99578077 0.0006619698 0.9895121 1.9201889e-06 0.00053518044 1.2400304e-07 0.0003034432 0.27632755 0.99745524 0.99794275 0.55528253 0.96928596 0.6046822 0.8757669 0.9951199 0.9349487 0.2969038 5.9853653e-07 0.9978886 0.9333399 0.99567163 0.8564256 0.98210216 0.99999624 0.9887464
0.0058227987 2.5077428e-17 0.9928187 0.14796293 0.43081895 0.99750835 0.52907073 0.0004149927 3.8767233e-05 0.005136302 0.08224377 0.0035606178 0.016318565 0.00037575228 0.00013373453 0.0041799857 0.0076248306 0.0074953665 2.9413319e-05 9.5307105e-06 0.018909726 0.0076217186 0.0041997163 1.6835023e-05 0.00055553776 1.7345991e-06 0.0007575684 0.002001871 1.7969776e-06 3.211132e-05 0.006937953 0.00079680694 0.0024463974 8.879623e-05 0.0006678056 1.5639826e-05 1.9202735e-06 0.00049219606 7.779849e-05 2.1895821e-05 3.912847e-06 1.2363008e-06 5.6340477e-06 0.0024113676 0.00014437524 6.9660084e-05 2.4852212e-05 2.5909652e-05 0.00010948643 0.008882854 0.00012871822 7.3373127e-07 0.00019948937 0.0001139 0.0008589006 0.00015121668 4.7987563e-05 6.5686625e-05 4.184249e-05 3.9650975e-05 2.7504336e-06 0.002671262 4.2312058e-07 3.3623724e-07 9.322565e-06 2.4353192e-05 3.953645e-05 4.4282797e-06 6.5451036e-06 0.000112550915 1.2135846e-08 3.832804e-07 2.5106032e-05 0.000106539825 3.5617926e-05 5.759309e-07 0.00022310004 2.9568412e-06 0.00011152284 2.3910622e-09 5.944085e-07 1.7213712e-06 7.8373296e-07 6.6442253e-06 0.00014441229 1.1647663e-05 3.6025438e-07 1.4836508e-05 1.4320395e-05 7.201131e-06 0.000118503696 1.6927512e-05 2.805901e-06 8.935177e-09 7.301003e-05 2.56881e-05 4.41326e-05 4.5883687e-07 1.5582566e-05 0.00022655394 3.8080762e-07
0.0058101625 0.9928187 1.736737e-18 0.9119062 0.695697 0.7256027 0.5059309 0.09909653 0.00912263 0.5283053 0.9331756 0.08036899 0.0036212227 0.006744813 0.001223529 0.0015943914 0.0014732559 0.00654776 0.020538587 0.0015404373 0.08262414 0.009502211 0.0010362888 0.0006014029 0.000126489 0.00011188557 0.0026185622 0.0360344 6.233092e-05 5.908431e-06 0.010238041 0.00019070093 0.033089854 0.00020311262 0.009231639 0.00079513766 0.00014045218 2.6699754e-05 0.000149741 0.00011239945 0.0009864685 3.0171354e-06 1.0917513e-05 0.0009840396 1.5767015e-05 0.00036839652 0.0001156994 3.7159833e-05 6.261229e-05 0.0060037086 0.0021981816 1.9575584e-05 4.196899e-06 0.0012093344 0.0001526491 1.5411748e-05 0.00010428594 8.6207685e-05 9.546876e-06 2.173637e-05 1.3878215e-05 0.010205593 1.0283057e-05 2.499089e-07 3.291069e-06 2.5101888e-05 2.0362104e-05 1.8127966e-07 1.1341104e-06 0.00019834186 3.7436962e-07 2.7888168e-06 7.284971e-05 5.9005903e-05 2.7684879e-05 2.3630636e-07 0.00018921871 1.5956843e-07 5.4322765e-05 1.9107231e-08 1.0030451e-07 9.8230785e-06 3.4451756e-07 2.9937048e-06 0.0005238088 1.2411721e-05 1.2566838e-06 7.382254e-05 1.5191741e-06 6.4545725e-06 0.0002295399 1.2424985e-05 1.0209958e-06 2.624476e-07 0.000119743 1.8234272e-05 8.859617e-05 1.5589736e-06 4.7469057e-06 0.00012788938 1.7374334e-06
0.016170163 0.14796293 0.9119062 1.1140868e-17 0.87660486 0.0078055444 0.16769846 0.9534247 0.7256787 0.97352636 0.71873367 0.44458225 3.8102524e-05 0.11577137 0.11280175 1.1258509e-05 1.5087678e-05 0.00023894063 0.23781842 0.08239994 0.25418735 0.0031335081 3.841054e-06 0.00868779 9.352576e-06 0.0073824944 0.02483359 0.09290243 0.00093741016 1.3537779e-06 0.00907493 3.8541207e-06 0.21291326 0.0030022091 0.062028617 0.041036397 0.0013811209 7.624925e-06 0.0060435063 0.0012513209 0.0054594055 3.4782253e-05 3.7875587e-05 5.8897676e-05 9.1199274e-07 0.00034472335 0.00096284127 0.00037139482 1.7390523e-05 0.001095885 0.009411446 1.43142115e-05 9.489539e-07 0.007338755 0.00013134662 3.3683018e-06 0.0002644799 0.00013807541 0.00011290471 2.6414616e-06 7.6177216e-06 0.0027644287 2.2414245e-06 2.5417333e-07 1.9627157e-07 6.1826768e-06 5.7743814e-06 1.1257564e-07 3.4131105e-07 0.00065824395 8.4713946e-07 4.7489047e-07 1.8396057e-06 1.14688655e-05 7.575432e-05 1.7247152e-06 4.2823805e-05 6.779035e-07 9.1638416e-05 7.8771185e-09 1.406467e-07 1.5945021e-05 2.0994625e-07 4.320343e-06 0.00017419196 2.1968337e-05 1.6120627e-07 8.287536e-06 2.3131514e-07 4.5894913e-06 9.084824e-05 1.9288925e-06 2.4104708e-07 4.1816037e-07 5.3079923e-05 3.648232e-06 1.4499153e-05 1.6858036e-06 4.627596e-06 0.00021518845 4.27683e-07
0.13038072 0.43081895 0.695697 0.87660486 2.1917866e-16 0.13656852 0.9874152 0.66083765 0.57745034 0.22034766 0.23649488 0.9115132 0.010013207 0.7162877 0.24768715 0.0026968447 7.291052e-05 0.011068224 0.010596327 0.020979092 0.054752473 0.04399767 5.6812725e-05 0.008407451 9.497837e-06 0.00069547124 0.30665332 0.019464444 0.0019705086 7.1024914e-07 0.16445509 2.090124e-06 0.61140597 0.006292196 0.008990331 0.0037106683 0.00023361135 4.528443e-05 0.033905383 0.002999675 0.0011755112 9.530297e-05 0.0002449992 0.00094151165 1.7195245e-05 0.00015944088 0.0132930335 0.0021382868 1.4457371e-05 0.009037823 0.0014399312 4.5847646e-05 0.00013750378 0.019662423 0.0013222614 4.788329e-05 0.0010959607 0.0004477393 0.0013156978 8.9648e-06 7.909078e-06 0.019885585 1.3871388e-05 1.3766647e-06 2.094385e-07 2.2219017e-06 3.2020158e-05 1.0245927e-05 1.6153223e-05 0.0056635537 1.6264868e-06 3.1793904e-06 5.7068087e-06 5.3329357e-05 0.00076822226 1.8683917e-06 0.00034279554 8.746898e-06 0.00070466485 4.749412e-09 8.591093e-08 4.8876786e-06 3.9478948e-07 6.443913e-06 0.00044761933 0.00026368734 1.0947253e-06 3.3188793e-05 5.3698154e-06 1.667948e-05 0.00035789775 4.7259044e-05 1.3163517e-06 2.384306e-07 0.00029394322 1.0209623e-05 4.4437398e-05 2.7679293e-06 4.8645757e-06 0.0008602089 7.5133175e-07
0.0072914534 0.99750835 0.7256027 0.0078055444 0.13656852 1.0849438e-14 0.6787694 3.927422e-05 2.6373975e-05 0.0003595714 0.049736384 0.0004558829 0.4700144 9.9938825e-06 2.1190135e-06 0.15444134 0.3690707 0.097862504 5.1778432e-05 2.1122162e-06 0.0031716272 0.01416156 0.20243035 1.0955864e-05 0.029610291 5.465302e-06 0.00017980079 0.0006448132 3.7520583e-06 0.0027583735 0.005117139 0.41629118 0.00041024844 2.0859256e-05 0.00012430431 1.5416805e-05 1.598944e-05 0.004798654 4.1216183e-05 7.3365186e-06 1.774978e-05 5.9364343e-06 5.0053236e-06 0.010545276 0.00064800796 3.787537e-05 6.91191e-05 4.677854e-05 0.0014059957 0.02973892 0.0001547125 9.175959e-06 0.0005224506 0.00018032109 0.0008810189 0.00084471575 7.6359676e-05 0.000117560856 2.85522e-05 0.00061677105 1.43790085e-05 0.004612715 1.8791707e-06 2.1076764e-06 4.0162315e-05 0.00028723452 0.00021595774 1.8332405e-05 3.031466e-05 5.577729e-05 4.2240816e-07 8.8136375e-07 2.8705364e-05 0.00033108104 5.865273e-05 8.7496045e-07 0.00076729374 0.00015757553 0.0001549415 2.3632063e-08 2.3985143e-07 3.0168841e-05 0.00026256163 4.8823837e-05 0.0005308562 2.3629667e-05 1.3668246e-06 0.00022455666 0.00011153422 1.0851867e-05 0.00019117493 9.279735e-05 1.3990319e-05 1.7086726e-06 0.00018553855 0.0001536298 8.363236e-05 1.48173485e-05 5.4228407e-05 0.0009292134 1.6996105e-06
0.50305134 0.52907073 0.5059309 0.16769846 0.9874152 0.6787694 3.372593e-17 0.016873721 0.010557009 0.034629 0.16110177 0.34041002 0.87209016 0.15342698 0.00570067 0.55010456 0.36564064 0.78304046 0.0016076595 0.00015910716 0.052182246 0.75849223 0.16558196 0.00078025664 0.024015056 0.00010289487 0.29897165 0.007031773 0.00052746676 0.00029973645 0.53177917 0.00079129403 0.51602685 0.00216391 0.0016216745 0.00053488096 4.4227865e-05 0.009209814 0.02157688 0.0028655694 0.00095240056 1.0707555e-05 7.187976e-05 0.01809089 0.0003741721 0.000358373 0.009166702 0.0011610279 0.0022311194 0.20010282 0.0020953512 1.4980248e-05 0.0042176195 0.016212009 0.04263107 0.0018503176 0.00132027 0.00020758591 0.0028947783 0.0005290145 1.2591305e-05 0.101751044 1.3987083e-06 7.7058587e-07 3.5383677e-05 9.690659e-05 0.0018514155 0.00044117728 0.0002811419 0.01711326 1.3010406e-06 7.0660194e-06 2.0448213e-05 0.0010347759 0.0006610147 3.3112176e-06 0.0036141328 3.323924e-06 0.0016289006 1.4170538e-10 6.3483407e-07 2.5928673e-06 2.1191862e-07 0.00012349822 0.007890973 0.0010504238 1.7451495e-05 0.0007122135 0.00045068027 0.0002685237 0.0011565682 0.00233644 5.095791e-06 1.3829343e-07 0.00074445293 0.0005055104 0.001707566 0.00014123767 0.0001604239 0.0052404692 3.589403e-05
0.37399164 0.0004149927 0.09909653 0.9534247 0.66083765 3.927422e-05 0.016873721 2.9230245e-18 0.98345083 0.8744108 0.63924533 0.66167974 8.941737e-06 0.3662323 0.5657505 3.243561e-06 5.3536036e-07 9.134712e-06 0.37503773 0.21667786 0.53418523 0.00047167978 2.177712e-07 0.059246413 1.4745715e-06 0.052264825 0.047075827 0.25838163 0.006045605 3.6272934e-07 0.0074831317 4.07032e-06 0.42635715 0.024858879 0.1815562 0.11424045 0.0051981234 2.7294342e-07 0.030271832 0.015046246 0.07613804 0.00022325093 0.00042362494 1.2013447e-05 4.3108273e-08 0.003825616 0.004592756 0.0020736917 1.6159516e-06 0.0007150208 0.078034714 4.5818444e-05 1.2111138e-06 0.12790821 0.00023652226 9.60782e-07 0.0007917885 0.00046566894 0.0004996756 2.9439275e-07 7.1648396e-06 0.004456017 3.0836786e-06 4.7142362e-07 8.964367e-09 3.3213016e-07 4.9496284e-06 2.765493e-07 1.4309487e-07 0.008601786 4.5939953e-05 1.8513217e-06 1.0445723e-06 2.6098262e-06 0.00020246029 1.409247e-06 0.00016377357 7.3945245e-08 0.00020836918 1.4851683e-07 7.789569e-08 0.0002962074 1.0630698e-08 1.3036016e-06 6.536785e-05 4.8100097e-05 6.6816426e-07 4.6452186e-07 1.5470549e-07 5.090572e-05 0.0008150316 4.7209783e-06 3.7033178e-07 9.4927884e-07 0.00053882063 2.2938156e-07 2.9038624e-06 6.7890404e-08 4.2618626e-07 0.003036337 1.8173328e-08
0.8274856 3.8767233e-05 0.00912263 0.7256787 0.57745034 2.6373975e-05 0.010557009 0.98345083 1.4663112e-18 0.71884686 0.44797814 0.7079143 9.492666e-06 0.6028379 0.8962248 1.2523864e-06 3.3544802e-07 2.7118106e-06 0.42087746 0.41925508 0.4962885 0.00012569955 8.942939e-08 0.3822885 6.823212e-07 0.2871561 0.07431236 0.23562372 0.054760057 4.3855482e-07 0.004854316 4.288546e-06 0.31433156 0.12103682 0.17483005 0.123135805 0.029683076 1.051612e-06 0.0896488 0.095987216 0.21146874 0.007794457 0.0051787347 2.2743454e-06 2.008556e-08 0.020603586 0.00942864 0.008709944 5.959084e-06 0.0002750801 0.124642715 0.0003799624 5.397023e-07 0.1948102 0.0002940551 4.5725295e-07 0.0018057114 0.0016456225 0.0010442662 6.7633886e-07 0.00014386106 0.005876687 1.759872e-05 8.451097e-06 2.0095715e-08 1.0934962e-06 5.4284988e-06 3.9628782e-07 2.2670056e-07 0.038527463 0.000115056806 1.1389114e-05 1.1947259e-05 8.7232434e-07 0.0003724447 5.668822e-06 0.00017556822 1.4268265e-07 0.00047063577 3.6296842e-07 3.2409127e-07 0.0004193299 1.1053438e-08 4.4890717e-06 5.811847e-05 6.1635415e-05 5.0293584e-06 1.4157945e-07 5.962514e-07 0.0001511531 0.003351296 1.0143251e-05 3.9035012e-07 2.3352336e-06 0.0013272271 5.335929e-08 6.145985e-07 1.3567501e-07 9.865865e-07 0.008445019 4.5925974e-09
0.046541873 0.005136302 0.5283053 0.97352636 0.22034766 0.0003595714 0.034629 0.8744108 0.71884686 3.9036896e-17 0.939833 0.4635334 1.8027407e-05 0.07168878 0.13945593 5.4208367e-06 1.3153847e-05 5.5278982e-05 0.91415805 0.5279477 0.6965268 0.0011171801 5.407881e-06 0.038205814 7.006502e-07 0.21726052 0.008203674 0.44603485 0.0032962004 4.234399e-07 0.0017552562 9.959992e-06 0.28988487 0.005249991 0.19754605 0.2590849 0.019618155 3.174125e-06 0.005619445 0.0018494417 0.09842913 0.00013674152 0.00010381142 3.310061e-05 1.401124e-07 0.0013525811 0.00055516436 0.00032774822 2.0124111e-05 0.0008008995 0.097994745 5.5594817e-05 8.9011746e-07 0.015335131 4.352038e-05 5.564115e-06 0.0001663431 0.00016750697 5.7177283e-05 1.04872215e-05 3.9685096e-05 0.0024959226 6.3410826e-06 3.4284976e-06 8.0125005e-08 7.530028e-06 1.2149332e-05 2.2149781e-07 2.8003126e-07 0.0004980148 1.3311757e-05 4.0616574e-06 2.067718e-05 9.508931e-06 4.5554152e-05 1.1560344e-06 3.9276463e-05 1.0700438e-07 7.170277e-05 2.1792566e-08 1.370578e-07 8.974462e-05 1.0460297e-08 7.998523e-06 0.0003314507 1.2939942e-05 2.5494087e-06 5.462389e-06 3.0996222e-07 1.7339482e-05 0.00021928998 3.0854849e-06 4.1998123e-07 1.8477781e-06 0.00011282817 4.8365644e-07 2.9941175e-05 1.4508398e-06 1.2608073e-06 0.0002977805 9.682098e-08
0.042091515 0.08224377 0.9331756 0.71873367 0.23649488 0.049736384 0.16110177 0.63924533 0.44797814 0.939833 2.8867398e-14 0.49440548 0.0009210393 0.0157395 0.010623454 0.00017925307 0.00028833371 0.008204347 0.7214125 0.08410304 0.9786764 0.0031215611 8.764546e-05 0.0032976028 1.4853936e-05 0.0033763666 0.0017434687 0.5623563 0.00020209262 1.1879233e-06 0.0020043254 3.3542376e-05 0.30220303 6.353089e-05 0.13480377 0.04849741 0.002501487 1.0542002e-05 0.00013071831 8.400999e-05 0.020402716 2.32711e-06 1.4728189e-06 0.00016368722 3.8987746e-06 0.0007977722 5.80566e-05 6.8458326e-06 9.7166616e-05 0.0044099116 0.008936249 8.2663255e-06 1.4808779e-06 0.00076357235 0.00031551957 5.5219784e-06 2.091514e-06 2.6966181e-06 9.843917e-06 1.7581485e-06 8.078733e-06 0.020032054 1.5239032e-06 7.967722e-07 2.3557327e-07 0.00026070428 4.280027e-06 3.131357e-07 4.294535e-07 0.00019794126 6.897755e-06 2.326591e-06 0.00012244802 8.286484e-06 1.8451783e-05 8.486394e-07 8.89487e-05 1.263012e-06 5.658924e-05 1.7444606e-09 6.28581e-08 1.1668699e-05 1.5726287e-07 3.9667557e-06 0.0009884494 6.232197e-06 5.6447934e-06 1.6226515e-05 1.7232484e-06 7.1257655e-06 0.0005531925 2.8209008e-05 4.257337e-07 6.527475e-08 0.000401159 9.212518e-07 0.00010250887 3.699846e-06 1.8910955e-06 0.00087095203 1.4626853e-07
0.91322476 0.0035606178 0.08036899 0.44458225 0.9115132 0.0004558829 0.34041002 0.66167974 0.7079143 0.4635334 0.49440548 2.1307895e-15 0.0006245629 0.97168607 0.55805284 0.00013816103 1.7605771e-05 0.0008840863 0.15852182 0.1420825 0.5160151 0.028933866 4.6646915e-06 0.009543122 1.9046201e-05 0.0043180743 0.7342632 0.24182664 0.0037422257 3.1028505e-06 0.20588093 3.986446e-06 0.8272592 0.08635715 0.17191489 0.084443584 0.002849865 0.00014623905 0.28155017 0.032562155 0.04175769 9.971524e-05 0.00042485184 0.00026056633 1.5938766e-06 0.00025316447 0.07286403 0.017337754 0.00011585741 0.017433641 0.050414946 0.00010237816 0.00013607198 0.40872467 0.008229255 2.2094931e-05 0.012369967 0.0065444396 0.008642423 1.0167686e-05 2.8752216e-05 0.034570634 2.253671e-05 1.7877277e-05 9.9601806e-08 4.920388e-06 8.10159e-05 2.4370616e-05 1.2649015e-05 0.10365068 1.2135436e-05 3.175448e-06 4.7430326e-06 5.2276933e-05 0.004064713 1.2822038e-05 0.0023447035 2.950174e-06 0.0026287271 2.4451492e-07 3.525588e-07 0.00034741097 4.2233407e-07 5.5396406e-05 0.00088283693 0.0020686716 8.659231e-07 1.4648073e-05 3.3043707e-05 3.8927723e-05 0.0012216896 0.00011904241 1.5385183e-05 2.9675393e-06 0.0008090997 6.2745867e-06 9.132792e-05 2.4435467e-06 3.0744894e-05 0.009354616 4.4943334e-07
0.021156881 0.016318565 0.0036212227 3.8102524e-05 0.010013207 0.4700144 0.87209016 8.941737e-06 9.492666e-06 1.8027407e-05 0.0009210393 0.0006245629 1.2457604e-14 0.0002909598 3.4238405e-05 0.98497885 0.95729905 0.92460227 5.5420027e-05 2.2291904e-06 0.00015289517 0.6084646 0.71746796 3.3527454e-06 0.31252822 2.493115e-06 0.0028925277 3.0506622e-05 9.853881e-06 0.015448915 0.22705829 0.027102062 0.0027010054 1.4379474e-05 7.694767e-06 1.8763092e-06 7.45791e-06 0.07921237 0.00023461493 6.731029e-05 2.0805774e-05 2.8513248e-06 1.2217559e-05 0.09164673 0.0023726034 5.0937386e-05 0.001210438 0.00022932197 0.015411249 0.111180216 7.6873e-06 1.7961562e-05 0.022380428 0.00025421908 0.017914962 0.004789811 0.00010161129 4.7073136e-05 0.0005081432 0.0021518178 4.7814638e-06 0.009461058 7.985017e-06 4.2850442e-07 0.00010939354 0.00017830783 0.0048185014 0.00022818889 0.00032816827 0.00026582595 3.648646e-06 3.538182e-07 3.0188369e-06 0.0013193757 0.00018408535 6.3228066e-07 0.0033826851 1.0023443e-05 0.0010410515 2.1353172e-08 7.3575656e-08 1.6977151e-06 2.8284232e-06 8.957907e-05 0.0030171042 0.00038146903 2.5742138e-06 0.0013827814 0.00040098117 4.2964118e-07 2.2732796e-05 0.0015217938 4.489761e-06 1.7774059e-06 3.6664653e-05 0.0011691629 0.0012533566 5.9981853e-06 0.0008496583 0.00021362423 4.4642773e-05
0.7706688 0.00037575228 0.006744813 0.11577137 0.7162877 9.9938825e-06 0.15342698 0.3662323 0.6028379 0.07168878 0.0157395 0.97168607 0.0002909598 4.9575726e-18 0.9437238 4.7069723e-05 7.076799e-07 0.00035638636 0.028394457 0.103807576 0.018731207 0.011971549 2.0725774e-06 0.124014474 2.3158477e-06 0.007730283 0.917789 0.010849784 0.10772904 4.2867622e-08 0.31493634 4.9604164e-08 0.6548582 0.6328525 0.00636841 0.0068395226 0.0017238775 1.5490139e-05 0.74412566 0.29856277 0.0047613876 0.0021731541 0.006563913 0.00020055991 5.718165e-07 0.007121073 0.24811462 0.17711025 3.3792187e-06 0.011766097 0.0067734914 0.0014633498 5.1929946e-05 0.6550592 0.010399117 6.6101024e-06 0.086969 0.053496454 0.037015706 3.1731172e-06 4.81877e-05 0.036238194 0.00011934227 7.1174463e-06 3.5574455e-08 1.7810406e-06 5.782965e-05 4.323488e-06 1.6648148e-06 0.23725036 7.130661e-06 6.4369706e-05 9.542161e-06 8.281922e-05 0.016810125 5.2915734e-06 0.0036001094 3.612668e-08 0.010092381 6.6686965e-08 1.054353e-07 0.00016176987 1.1452049e-08 5.9331687e-06 0.0009210217 0.006815984 1.4838596e-06 3.4414868e-06 6.0459447e-06 0.00040189 0.0076355455 5.6882716e-05 1.5967619e-07 2.2286788e-07 0.0043973257 4.0787017e-06 6.7950365e-05 5.04643e-07 5.2940013e-06 0.018328283 8.23625e-08
0.915802 0.00013373453 0.001223529 0.11280175 0.24768715 2.1190135e-06 0.00570067 0.5657505 0.8962248 0.13945593 0.010623454 0.55805284 3.4238405e-05 0.9437238 2.4222662e-17 2.9428593e-06 1.3138377e-07 1.0578923e-05 0.18377475 0.4501814 0.03498866 0.00065870304 1.8251652e-07 0.9314896 1.6610516e-06 0.18489951 0.4009278 0.023363655 0.82101285 7.643759e-08 0.014792127 1.9537423e-07 0.1489335 0.8890329 0.020995755 0.030579308 0.01295395 2.635996e-06 0.47295025 0.7354357 0.032520164 0.062331975 0.06966042 1.2906235e-05 1.873248e-08 0.21068355 0.058648597 0.22051401 1.0380543e-05 0.001389086 0.043549202 0.0049772183 3.316448e-06 0.30218711 0.0010434802 3.2217772e-06 0.056925163 0.14604178 0.008205748 2.228525e-06 0.00020086174 0.006222443 0.00030694253 4.7449168e-05 1.5722605e-08 1.1191325e-05 1.9810868e-05 3.150301e-06 1.146512e-06 0.30853912 0.00080447015 0.00011517153 2.5202324e-05 1.5852367e-05 0.00844305 3.1074953e-05 0.0005716788 1.3024434e-06 0.0040696645 6.469082e-07 8.841707e-07 0.00027819927 1.6063284e-08 8.143377e-06 0.00015545258 0.0037306221 4.0822933e-06 7.4654423e-07 5.2052116e-07 0.00059542584 0.011333217 4.727245e-06 5.974076e-08 3.665696e-07 0.00794087 2.1351289e-07 7.330329e-06 7.502026e-07 5.6982947e-07 0.034806874 1.24658905e-08
0.02297214 0.0041799857 0.0015943914 1.1258509e-05 0.0026968447 0.15444134 0.55010456 3.243561e-06 1.2523864e-06 5.4208367e-06 0.00017925307 0.00013816103 0.98497885 4.7069723e-05 2.9428593e-06 1.0134249e-16 0.8732573 0.970643 1.0041076e-05 2.505372e-07 3.3305383e-05 0.6836115 0.95961046 1.632616e-06 0.14373259 6.64863e-08 0.002073329 1.01957285e-05 2.647999e-06 0.022898927 0.2151623 0.013324492 0.0021618186 4.8337356e-06 4.8521683e-06 1.2690853e-06 3.9063275e-07 0.26821125 0.0001682519 2.213445e-05 2.9179623e-06 1.9606036e-07 1.8790721e-06 0.33572745 0.01766793 3.295482e-06 0.0011552173 0.0002196881 0.11676067 0.21656232 5.0394983e-06 4.201274e-07 0.10970692 0.00013102635 0.043207787 0.018589318 9.248373e-05 1.6865972e-05 0.0013754911 0.014789813 5.2675836e-07 0.0145510025 5.118827e-07 3.810225e-08 0.00019732775 0.00021794584 0.019437008 0.0010778401 0.0007266566 0.00013366771 6.960163e-07 1.0503761e-08 6.0492175e-07 0.0031369464 0.000331872 2.7622033e-07 0.006431565 1.5564845e-05 0.0011854004 2.5531441e-09 3.8494953e-08 4.9357396e-07 1.1517202e-05 0.00054801925 0.0075350427 0.00042073772 1.1363585e-07 0.0014302877 0.0019220681 6.426472e-08 8.252927e-06 0.004558921 0.00011709717 1.9508637e-07 3.7816121e-06 0.001365587 0.0017527989 4.067947e-05 0.0013516191 9.424801e-05 0.00022352087
0.022038009 0.0076248306 0.0014732559 1.5087678e-05 7.291052e-05 0.3690707 0.36564064 5.3536036e-07 3.3544802e-07 1.3153847e-05 0.00028833371 1.7605771e-05 0.95729905 7.076799e-07 1.3138377e-07 0.8732573 1.092315e-14 0.43350253 1.4027766e-05 4.0769045e-08 3.111294e-05 0.04686327 0.9597236 9.328995e-08 0.9584774 3.5805465e-06 3.0649073e-05 2.1669806e-05 3.11393e-07 0.61518025 0.0073872586 0.43625656 0.0001538748 1.5459501e-07 1.0102135e-05 3.91715e-07 1.1071866e-05 0.32296056 6.904629e-07 2.796995e-07 9.153392e-06 1.0124767e-06 2.292532e-07 0.20583555 0.014459054 1.5425238e-06 2.7334236e-06 2.114072e-06 0.18339911 0.0643733 4.9467762e-05 3.4186376e-06 0.005173852 4.1452436e-06 0.0043175756 0.013354087 2.506296e-06 3.4008633e-06 2.6184096e-06 0.021428432 5.3849544e-06 0.0038466924 4.2374046e-07 2.2364033e-07 0.00012819098 0.00020395695 0.008028634 0.0014917997 0.0012917576 2.4284194e-05 1.859675e-05 7.506316e-08 6.13585e-06 0.0067327474 8.457346e-06 9.0845117e-07 0.0015020855 1.8251705e-05 8.3118706e-05 4.308195e-09 2.6681667e-08 1.4370762e-06 1.1596368e-05 0.0002845783 0.0048316224 1.4000756e-05 1.2062081e-06 0.006791535 0.00034770946 3.0654599e-07 2.8460213e-06 0.0015865397 5.538442e-05 1.92442e-06 1.0025757e-05 0.00040239698 0.0011855428 2.0688974e-05 0.00018292664 0.00018264983 0.00011094819
0.41983816 0.0074953665 0.00654776 0.00023894063 0.011068224 0.097862504 0.78304046 9.134712e-06 2.7118106e-06 5.5278982e-05 0.008204347 0.0008840863 0.92460227 0.00035638636 1.0578923e-05 0.970643 0.43350253 1.4046791e-16 3.6376863e-05 3.3822025e-07 0.0013396116 0.9628377 0.9415348 3.7612474e-06 0.036515452 9.524037e-07 0.01655951 6.446776e-05 3.3376427e-06 0.0050112633 0.73478776 0.0020449532 0.029051814 8.898102e-05 3.6074813e-05 8.418189e-06 4.5739753e-06 0.14582275 0.0013440476 3.7277645e-05 4.8241538e-05 1.8483157e-06 3.3631566e-06 0.4788359 0.012212551 1.7021279e-06 0.004934145 0.0008748771 0.05110933 0.70255023 7.11894e-06 2.9202377e-07 0.08956632 0.0011195597 0.28303802 0.013420642 0.00032965475 9.761583e-06 0.010616057 0.007702602 5.459121e-07 0.1863658 2.1041829e-07 3.3699916e-08 0.00044310323 9.782706e-05 0.022577658 0.0011463967 0.00061380287 0.0014644582 2.49078e-07 9.170791e-09 2.8799224e-07 0.008014853 0.0014613994 5.2185675e-07 0.06432867 8.650833e-06 0.00397021 1.4939158e-09 6.148086e-08 3.6234417e-07 4.84758e-06 0.00064657 0.046137337 0.0012769005 1.5140706e-07 0.001507171 0.003926018 1.8628825e-07 1.2103883e-05 0.012066133 7.256992e-05 4.4526487e-07 3.2318524e-06 0.006947336 0.008190182 3.222132e-05 0.00286406 0.00033679375 0.00030957625
0.028236782 2.9413319e-05 0.020538587 0.23781842 0.010596327 5.1778432e-05 0.0016076595 0.37503773 0.42087746 0.91415805 0.7214125 0.15852182 5.5420027e-05 0.028394457 0.18377475 1.0041076e-05 1.4027766e-05 3.6376863e-05 2.3123843e-16 0.9601385 0.7928956 0.00020558131 3.9354845e-06 0.17793371 4.13997e-06 0.6106253 0.0022559213 0.72249794 0.014543476 7.233485e-07 0.000299679 3.0354264e-05 0.021250004 0.010001926 0.4358585 0.75000286 0.8276194 4.6768073e-06 0.0034988676 0.0078895595 0.89685875 0.004794999 0.0005436252 1.7804863e-05 2.67861e-06 0.016217483 0.00034950924 0.0006226188 0.00066167134 0.00015231376 0.4147641 0.00013937683 7.230461e-06 0.0061713876 5.0711467e-05 7.26403e-06 0.00016791273 0.00021050713 8.24276e-05 4.4234303e-06 0.006931334 0.0012817106 0.00026766257 0.0002751764 1.8923945e-06 5.3930644e-06 7.514812e-06 1.1610033e-07 1.312325e-07 0.0013303179 0.01030699 4.4885983e-05 0.00030323348 2.8537417e-05 0.00014814192 7.059153e-05 3.4680106e-05 3.3728932e-07 0.00013873643 9.735589e-06 1.260826e-05 0.004467272 1.2046854e-07 1.4907587e-06 0.00017442435 3.1727133e-05 6.7249086e-05 1.9641136e-06 3.245967e-07 0.00023595024 0.00059587596 3.556452e-06 2.2922828e-07 0.00020898113 0.0005098066 6.1356076e-07 1.8662344e-05 3.95935e-07 9.308662e-08 0.0015204055 4.177446e-09
0.17552078 9.5307105e-06 0.0015404373 0.08239994 0.020979092 2.1122162e-06 0.00015910716 0.21667786 0.41925508 0.5279477 0.08410304 0.1420825 2.2291904e-06 0.103807576 0.4501814 2.505372e-07 4.0769045e-08 3.3822025e-07 0.9601385 2.1311369e-17 0.11117635 4.0186147e-05 5.521578e-08 0.6175668 3.035818e-08 0.97173643 0.01993427 0.06264632 0.15818161 2.7487712e-08 0.00029239542 5.6807954e-07 0.016169647 0.15847558 0.053758714 0.20003764 0.8592661 1.3788518e-07 0.039752997 0.12417758 0.68779075 0.5000378 0.12211835 1.9446588e-06 1.647055e-08 0.20445998 0.0011783958 0.009753525 1.7376163e-07 8.641015e-05 0.24990296 0.011665033 2.0133505e-06 0.021263728 4.385243e-05 2.0037003e-08 0.004293555 0.011964118 0.00045402377 1.8995954e-07 0.023763353 0.0014758983 0.0011130688 0.00069620996 1.765155e-07 2.3583684e-06 2.8798098e-07 5.9239995e-09 9.394899e-09 0.018737756 0.005794177 0.000507142 0.0008849063 6.67563e-07 0.0004102696 0.000102693215 2.6658232e-05 5.761413e-07 0.00043321247 9.058774e-05 3.1895063e-06 0.001829771 2.8031124e-09 1.5760669e-07 0.00011596872 0.00022525032 0.0002708221 3.697523e-07 5.135851e-08 0.0016698962 0.017909223 6.5734747e-07 1.5719877e-08 0.0003315847 0.006131666 2.5912098e-07 6.9658977e-06 1.0189084e-08 7.827813e-07 0.011103944 6.60235e-09
0.03305677 0.018909726 0.08262414 0.25418735 0.054752473 0.0031716272 0.052182246 0.53418523 0.4962885 0.6965268 0.9786764 0.5160151 0.00015289517 0.018731207 0.03498866 3.3305383e-05 3.111294e-05 0.0013396116 0.7928956 0.11117635 1.6002821e-16 0.0018620414 3.2667427e-05 0.04288159 5.2461596e-06 0.0037910913 0.0037838314 0.98574495 0.0011754204 6.2147205e-07 0.0016858181 1.0425436e-05 0.42103302 0.0008054067 0.09759871 0.05648456 0.005296067 5.81241e-06 0.0016799946 0.00021925296 0.29804212 1.31581e-05 8.6499e-06 6.655968e-05 6.8680424e-07 0.0021889238 0.00035115084 6.191065e-05 4.631232e-05 0.003214165 0.021006545 2.7060098e-05 1.0831516e-06 0.0070285383 0.0016496977 1.5567153e-06 3.1948355e-05 2.2997758e-05 9.635899e-05 9.4163823e-07 8.008988e-06 0.049339876 1.8212418e-06 1.2465547e-06 6.2004534e-07 1.7825249e-05 4.148178e-06 1.008918e-06 7.8313155e-07 0.0011444922 1.4986765e-05 1.8889865e-06 4.4782682e-05 7.5302937e-06 7.641861e-05 2.7193364e-06 0.00019262069 1.2557397e-06 0.00026804217 7.501461e-09 2.1226651e-07 8.771812e-05 1.563295e-07 1.8046215e-06 0.0022803822 2.1518794e-05 5.669817e-06 1.0215019e-05 3.8891826e-06 2.9357536e-06 0.00042035268 6.2673294e-05 3.7210825e-07 1.5141646e-07 0.00037266 4.032608e-07 0.00033019533 6.818873e-07 8.6926246e-07 0.0038817402 6.828182e-08
0.94291824 0.0076217186 0.009502211 0.0031335081 0.04399767 0.01416156 0.75849223 0.00047167978 0.00012569955 0.0011171801 0.0031215611 0.028933866 0.6084646 0.011971549 0.00065870304 0.6836115 0.04686327 0.9628377 0.00020558131 4.0186147e-05 0.0018620414 3.885333e-14 0.61167 0.00012697522 0.009355828 4.17012e-06 0.22987477 0.0005692296 4.6491452e-05 0.00089009036 0.93735003 0.00038588303 0.3216912 0.0006870061 3.8161837e-05 3.7266175e-06 5.245397e-05 0.061765525 0.019281233 0.00014925952 0.0009349696 2.43803e-06 2.4486858e-06 0.18274994 0.01259626 2.2068555e-06 0.055223953 0.0045515983 0.031376373 0.82005864 3.0360516e-05 5.0920603e-06 0.079839215 0.020072361 0.29756615 0.012536943 0.0026748348 0.0001149445 0.045872435 0.005817895 1.11882955e-05 0.5370701 7.6694e-07 1.5228942e-07 8.523405e-05 0.00064241746 0.023121208 0.002690601 0.0011173794 0.018581765 5.0702325e-05 4.6957857e-07 3.846316e-05 0.012315809 0.0074425284 6.2462213e-06 0.15741749 4.7207646e-05 0.029949907 1.8584478e-07 1.3220489e-07 3.5179437e-05 5.7833035e-06 0.002092326 0.10435894 0.015163352 5.8676e-07 0.0006422355 0.0044850255 1.7291859e-05 0.00071095704 0.028028458 0.0002590028 1.2643058e-05 0.00025614502 0.0031340967 0.015691891 0.00010616171 0.0042708656 0.000833543 0.0006287942
0.36210537 0.0041997163 0.0010362888 3.841054e-06 5.6812725e-05 0.20243035 0.16558196 2.177712e-07 8.942939e-08 5.407881e-06 8.764546e-05 4.6646915e-06 0.71746796 2.0725774e-06 1.8251652e-07 0.95961046 0.9597236 0.9415348 3.9354845e-06 5.521578e-08 3.2667427e-05 0.61167 6.316018e-17 3.6901803e-08 0.62589663 6.375424e-07 0.00022283934 5.7170605e-06 8.0265885e-08 0.40930566 0.07221486 0.08730885 0.00030534493 8.7860904e-08 8.239376e-06 7.48424e-07 3.5873923e-06 0.8221451 1.292942e-05 4.3199415e-07 4.654418e-06 1.2804635e-07 7.1276624e-08 0.8503619 0.20249796 3.2316075e-07 2.8404454e-05 1.189155e-05 0.6354746 0.5580599 3.864474e-06 9.99359e-09 0.30337703 0.00010049377 0.08580183 0.10124141 4.3089985e-06 6.011313e-07 0.00035018768 0.11296974 7.764694e-08 0.038320467 1.4788604e-07 2.805771e-09 0.0021444592 0.00045868574 0.12517491 0.005920197 0.0046939882 0.00030161664 7.4998167e-07 1.0675196e-08 1.6239039e-07 0.049667113 4.1739462e-05 9.474893e-08 0.0075637116 0.00014202851 0.00076122023 1.5792738e-10 4.642605e-09 2.0769096e-07 0.00022406572 0.0052327984 0.16547745 7.566153e-05 1.2327857e-07 0.021786705 0.017241955 8.263739e-08 2.4982467e-06 0.044332534 0.0009029573 6.300995e-08 3.6171186e-06 0.010605339 0.058242682 0.00013449055 0.0029110871 0.00030728756 0.001224993
0.74972934 1.6835023e-05 0.0006014029 0.00868779 0.008407451 1.0955864e-05 0.00078025664 0.059246413 0.3822885 0.038205814 0.0032976028 0.009543122 3.3527454e-06 0.124014474 0.9314896 1.632616e-06 9.328995e-08 3.7612474e-06 0.17793371 0.6175668 0.04288159 0.00012697522 3.6901803e-08 2.2289184e-17 6.014834e-07 0.6077632 0.011222128 0.01342536 0.98444206 1.0247793e-07 0.0003377819 1.587173e-07 0.001170524 0.5588223 0.021646315 0.04197965 0.3406913 1.3222286e-06 0.034482475 0.5496901 0.43065956 0.612302 0.3660208 2.5565032e-06 1.2272015e-08 0.39791292 0.003932512 0.032399174 5.8043724e-06 0.00018692331 0.11707222 0.06015144 1.1973568e-06 0.020053057 5.9662914e-05 1.0936673e-06 0.01949837 0.10845543 0.0009825797 8.3002604e-08 0.004241057 0.00082708325 0.0015096396 0.00033833817 1.9351745e-09 9.951564e-07 2.1947933e-06 6.977679e-08 3.3463053e-08 0.103691354 0.012863006 0.00045050084 0.0001010478 1.614436e-06 0.0013513723 0.00014162651 0.0004794537 9.385626e-08 0.0008061433 0.00029305482 3.0595573e-05 0.0008765319 3.2558873e-09 1.6877297e-07 6.8601024e-05 0.001427695 0.00011626861 4.406058e-08 3.4819706e-08 0.0009322935 0.024017394 2.3093132e-06 7.762442e-08 6.361274e-05 0.020864634 7.94937e-09 4.410035e-06 7.7445925e-08 5.639507e-07 0.03545429 5.0381836e-09
0.0011944725 0.00055553776 0.000126489 9.352576e-06 9.497837e-06 0.029610291 0.024015056 1.4745715e-06 6.823212e-07 7.006502e-07 1.4853936e-05 1.9046201e-05 0.31252822 2.3158477e-06 1.6610516e-06 0.14373259 0.9584774 0.036515452 4.13997e-06 3.035818e-08 5.2461596e-06 0.009355828 0.62589663 6.014834e-07 4.9366093e-17 2.4800206e-06 7.292269e-05 3.7317282e-06 4.2450997e-06 0.93174183 0.0013415127 0.98500574 3.9365113e-05 4.089186e-06 3.1578268e-06 2.727868e-07 3.5168387e-06 0.5290124 3.1502439e-06 7.243443e-06 1.8277021e-06 1.4156932e-07 1.7363351e-06 0.10017758 0.0111136325 6.75508e-07 4.8424417e-06 5.9239073e-06 0.4560035 0.0033135253 1.1156959e-05 8.560094e-07 0.003825742 1.8619136e-06 0.00040472447 0.010204456 7.0935666e-06 5.607819e-06 9.962794e-06 0.016817998 5.97675e-06 0.00014704262 1.3893887e-06 1.1982227e-06 0.00022188378 0.00045769732 0.003313966 0.0010895912 0.0008627714 1.680811e-06 2.6881937e-06 2.989569e-07 9.368291e-07 0.0010232311 1.8291295e-05 4.514399e-07 0.00051706436 2.3306805e-07 0.00012873382 1.4483844e-08 9.576018e-08 1.4163157e-07 4.2112188e-05 0.00039889867 0.0005778411 4.7762933e-05 6.073018e-08 0.0004211048 8.238603e-05 1.586134e-08 8.2527254e-07 0.0003353385 2.1040265e-05 5.148687e-07 7.374914e-07 0.00013904758 0.00024496132 6.6867515e-06 0.00019053115 9.409986e-06 1.0778647e-05
0.5671825 1.7345991e-06 0.00011188557 0.0073824944 0.00069547124 5.465302e-06 0.00010289487 0.052264825 0.2871561 0.21726052 0.0033763666 0.0043180743 2.493115e-06 0.007730283 0.18489951 6.64863e-08 3.5805465e-06 9.524037e-07 0.6106253 0.97173643 0.0037910913 4.17012e-06 6.375424e-07 0.6077632 2.4800206e-06 5.608914e-16 0.0007953227 0.0012014393 0.43851626 8.006674e-06 1.0953357e-05 7.383086e-05 0.00048376582 0.05653057 0.00049405865 0.021760676 0.84895617 1.3734311e-06 0.003511147 0.11369555 0.30501506 0.73349327 0.18456323 1.4241357e-06 3.8230148e-08 0.77998716 0.0003098108 0.0043187123 1.6484042e-05 1.313443e-05 0.06950732 0.06776734 6.513674e-07 0.010009909 9.049444e-06 3.3881878e-07 0.0017943286 0.015430083 9.91845e-05 3.3337952e-07 0.30035383 8.583966e-05 0.033272408 0.018507434 1.110757e-07 9.27763e-07 3.621773e-07 9.572525e-09 2.869648e-08 0.046456512 0.016563637 0.003578993 0.027488546 7.116373e-08 0.00020495684 0.00822165 1.75439e-06 1.0255267e-06 0.00019260506 0.00047228 0.00082344323 0.0005782091 6.6379485e-08 1.17600266e-07 3.769363e-06 0.000111599016 0.0011820995 2.3602753e-07 3.5623206e-08 0.009275344 0.070875645 1.6042442e-07 5.330599e-06 0.00016096854 0.03692455 1.1931569e-07 2.6477352e-07 1.0360945e-06 4.3039037e-07 0.10975218 5.7023275e-09
0.7265645 0.0007575684 0.0026185622 0.02483359 0.30665332 0.00017980079 0.29897165 0.047075827 0.07431236 0.008203674 0.0017434687 0.7342632 0.0028925277 0.917789 0.4009278 0.002073329 3.0649073e-05 0.01655951 0.0022559213 0.01993427 0.0037838314 0.22987477 0.00022283934 0.011222128 7.292269e-05 0.0007953227 4.6842044e-17 0.0013594339 0.022348197 9.526621e-06 0.9135328 5.7002836e-07 0.96127665 0.12830669 0.00092163985 0.000628454 0.0005464023 0.00037312054 0.9362561 0.08823496 0.0009151672 0.0002896865 0.0031245677 0.003177069 9.902752e-05 0.0006915675 0.7841945 0.364337 5.936743e-05 0.043028016 0.003780758 0.0011112731 0.002645784 0.5613469 0.04490832 0.00029188223 0.11889988 0.048266523 0.10421076 3.7442784e-05 6.3630636e-05 0.067565 0.00018636047 1.4142251e-05 1.3094965e-06 5.0299746e-05 0.0012935007 0.00019517097 4.2464704e-05 0.16191123 5.0975243e-05 0.00022359035 7.426688e-06 0.00050794234 0.05075267 7.982314e-06 0.016208515 0.00024715584 0.036039338 1.4252436e-07 6.0143407e-07 0.000153839 2.0470317e-07 2.5523559e-05 0.004713086 0.032941397 3.0332428e-06 7.16906e-05 0.00023138676 0.0002835678 0.005928825 0.0012256327 1.051035e-05 2.7408512e-07 0.0031178049 0.00018800258 0.0009032385 2.8810775e-06 0.00039431168 0.009996544 4.5523298e-06
0.0030339446 0.002001871 0.0360344 0.09290243 0.019464444 0.0006448132 0.007031773 0.25838163 0.23562372 0.44603485 0.5623563 0.24182664 3.0506622e-05 0.010849784 0.023363655 1.01957285e-05 2.1669806e-05 6.446776e-05 0.72249794 0.06264632 0.98574495 0.0005692296 5.7170605e-06 0.01342536 3.7317282e-06 0.0012014393 0.0013594339 1.3422678e-16 0.00033607872 1.6253742e-07 0.0003175936 1.9218664e-05 0.06902989 0.0004654733 0.77158725 0.40847003 0.003273696 2.3421655e-06 0.0001939277 2.1749122e-05 0.47274312 9.861186e-06 5.5191085e-06 1.1142125e-05 4.043194e-07 0.0002726327 5.707339e-05 1.9863499e-05 1.3689518e-05 0.00026134876 0.03120898 1.813103e-05 1.2827915e-06 0.0010056688 0.000106618296 3.6319526e-07 6.1173932e-06 2.3416173e-05 2.2602442e-05 6.3843316e-07 5.4519237e-06 0.016281888 3.4800087e-06 6.486262e-07 1.5945159e-07 2.0962264e-06 2.3103287e-06 2.6729563e-07 2.95439e-07 0.00022331439 9.875095e-06 9.726349e-07 1.921256e-05 2.0834711e-06 2.303294e-05 1.3465493e-06 0.00017045013 1.09062846e-07 0.000110745226 7.3630657e-09 7.6156766e-07 0.00048183196 1.862645e-08 9.30005e-07 0.0002093306 1.6853126e-05 1.6392919e-06 3.3123642e-06 1.996696e-06 3.2658406e-06 0.00020858689 1.8200188e-05 1.1905017e-07 8.585103e-07 7.708116e-05 6.976601e-08 1.7400393e-05 2.37705e-07 1.1973408e-06 0.00037127986 2.5084718e-08
0.50037473 1.7969776e-06 6.233092e-05 0.00093741016 0.0019705086 3.7520583e-06 0.00052746676 0.006045605 0.054760057 0.0032962004 0.00020209262 0.0037422257 9.853881e-06 0.10772904 0.82101285 2.647999e-06 3.11393e-07 3.3376427e-06 0.014543476 0.15818161 0.0011754204 4.6491452e-05 8.0265885e-08 0.98444206 4.2450997e-06 0.43851626 0.022348197 0.00033607872 2.7037052e-19 6.418274e-07 0.0004419945 3.6084447e-07 0.0007380223 0.8421695 0.0002094552 0.002415028 0.07435702 9.92478e-07 0.077415965 0.6663323 0.044638235 0.90523076 0.77867496 1.5575397e-06 3.5429142e-08 0.44370517 0.004693644 0.1453473 2.3754515e-06 0.00013038862 0.018505955 0.15847291 2.238058e-06 0.023584805 7.42124e-05 1.2718683e-06 0.049529064 0.30633736 0.0020075748 1.4278795e-06 0.0035505912 0.0010425347 0.002487182 0.00052366 5.263373e-08 7.510108e-07 7.544196e-06 7.2406245e-08 9.1341015e-08 0.12808476 0.004073464 0.00054951187 0.00019559656 3.2073108e-06 0.0047549712 9.756804e-05 0.000104718565 3.783408e-08 0.0015751807 7.491646e-05 2.1400012e-05 8.876879e-05 5.277927e-09 2.5568679e-07 0.00010151442 0.0014048752 7.3682226e-05 3.4137034e-07 1.3936241e-07 0.0019364642 0.024549788 3.4214427e-06 5.917713e-08 2.309693e-05 0.013549438 2.0293764e-07 8.902844e-06 2.3609687e-07 1.0024871e-06 0.041833647 1.7052768e-08
0.0011687934 3.211132e-05 5.908431e-06 1.3537779e-06 7.1024914e-07 0.0027583735 0.00029973645 3.6272934e-07 4.3855482e-07 4.234399e-07 1.1879233e-06 3.1028505e-06 0.015448915 4.2867622e-08 7.643759e-08 0.022898927 0.61518025 0.0050112633 7.233485e-07 2.7487712e-08 6.2147205e-07 0.00089009036 0.40930566 1.0247793e-07 0.93174183 8.006674e-06 9.526621e-06 1.6253742e-07 6.418274e-07 3.5467803e-16 0.00027230606 0.99489665 3.472788e-06 1.2704984e-06 9.006275e-08 2.385524e-08 5.022231e-06 0.5965119 8.349791e-07 5.7223923e-07 4.889709e-07 1.3031435e-07 8.461338e-08 0.105643384 0.031920306 4.3284243e-07 1.2482856e-06 5.2996184e-06 0.8992316 0.0008853621 3.9211736e-06 2.5489453e-07 0.009614563 5.5843236e-07 0.00010839824 0.036233127 2.0176387e-06 2.126147e-06 6.855057e-06 0.06853875 2.5282857e-06 0.00021819437 2.939516e-06 1.522161e-07 0.0016562825 0.019739179 0.01647196 0.0049182074 0.0029135325 5.5493217e-07 9.4650636e-07 6.4914445e-08 1.291784e-06 0.0028867996 1.40398915e-05 1.08096316e-07 0.00020816739 3.648771e-06 4.17767e-05 5.192432e-10 2.2927974e-08 4.249332e-08 0.0001290672 0.0033228653 0.0015761866 7.3656056e-06 3.312383e-08 0.0033677092 0.0006019521 1.3237924e-07 1.6283243e-06 0.0013798446 0.00014759504 3.7142026e-08 1.019904e-06 0.0002956968 0.0007562287 0.00024619204 0.00034186282 4.173769e-06 9.0288886e-05
