5.789175e-21 0.8956058 0.92729753 0.9622863 0.9879402 0.9927782 0.9924266 0.9466169 0.8069022 0.99817693 0.9600872 0.9631238 0.9117922 0.96574533 0.97992307 0.990987 0.72278297 0.9624693 0.7427554 0.8795234 0.94475514 0.9378827 0.9821775 0.8767499 0.57754254 0.9725682 0.62530047 0.9745585 0.98100686 0.9660631 0.9497413 0.90310866 0.93213886 0.90578526 0.7109181 0.99891955 0.3482301 0.9083865 0.83829767 0.5558644 0.8517957 0.8457619 0.48635817 0.89839166 0.033307686 0.12615773 0.9673432 0.8943837 0.9026121 0.35619134 0.79679406 0.06672238 0.71840376 0.9773472 0.93934256 0.9978658 0.99996436 0.55485606 0.06519194 0.9205447 0.8087161 0.066122726 0.99298286 0.02681348 0.015700523 0.14550878 0.051280234 0.80572826 0.33479437 0.9916505 0.042879526 0.062900804 0.9991979 0.0022346086 0.28347144 0.022859238 0.023382343 0.12589766 0.9975137 0.0018781757 0.008448216 0.9339297 0.043886285 0.022178048 0.004834344 0.0018165229 0.002360914 0.012188436 0.0068013933 0.004085018 0.008815001 0.7852538 0.08724205 0.8951864 0.0011193653 0.0017707462 0.33003446 0.009282972 0.0007211251 0.0003411855 0.01026665
0.8956058 1.0929041e-19 0.8631417 0.9922399 0.23327093 0.72153956 0.026745504 0.85987824 0.45047373 0.12692885 0.10371161 0.0071337665 0.00082675513 0.02178657 0.0033719596 0.07685967 0.10495896 0.41184685 0.0023920808 0.29608634 0.55945694 0.07370746 0.56034106 1.9911806e-05 0.00041777635 0.03920648 0.0077502904 0.16842878 0.08304143 0.09418703 0.124959104 0.049330097 0.00055922166 0.018371208 0.03980295 0.10929055 0.0029588512 0.0047581783 0.007948822 0.078063935 0.00033411558 0.0013093366 0.043717835 0.0014487335 0.0015710767 0.016378755 6.7467164e-07 0.015548729 0.011479432 0.008726846 0.0018201525 0.009159954 0.00033517258 0.0017109596 0.002567152 0.05112836 0.09532243 0.00038803354 0.00462577 0.0030456085 0.00012790547 0.0012266717 0.02404813 4.8239697e-05 2.7433762e-06 0.00059010886 0.00015168016 6.16846e-06 0.0011814334 0.00018766224 1.6517802e-08 2.6852215e-06 0.0030606897 8.271057e-06 7.939279e-05 0.00043577593 0.0009639475 1.5110897e-06 0.008888261 0.00020867663 7.5407464e-05 0.010395708 0.00469027 1.0531772e-05 1.14021e-07 0.00085502147 0.00021065213 1.8173728e-06 0.0013102654 0.00041318996 2.94935e-06 6.687931e-08 5.882851e-07 2.6479572e-07 0.00016464129 5.216893e-06 1.637271e-07 1.05760975e-07 1.4770832e-05 5.4421285e-05 8.688431e-07
0.92729753 0.8631417 6.8052736e-15 0.32719585 0.88030696 0.9451755 0.273176 0.88164866 0.81029624 0.004259592 0.39010462 0.21159948 0.023623483 0.19460359 0.051780246 0.23758973 0.36792544 0.0014657073 0.014928865 0.00228371 0.1015629 0.0149826715 0.27657703 0.00041113168 0.006929582 0.0018262415 0.17530577 0.211697 0.0036776052 0.052492987 0.044462234 0.0020979748 0.004230212 0.00014882672 0.042515848 0.05728194 0.011717336 0.00010449848 7.354252e-05 0.18440129 6.9552067e-07 8.906609e-05 0.32749456 1.725073e-05 0.0052048797 0.042813223 0.0002016906 0.0019002452 0.010453099 0.028437773 0.005202892 0.01488192 3.0095504e-07 0.005994795 0.0038584901 0.019116167 0.08711852 2.8485074e-05 0.013758133 5.119252e-05 0.0011610999 9.026013e-05 0.001926036 0.0017695815 7.750139e-05 0.0005963066 9.6930935e-06 3.7982636e-06 0.0007703773 2.9779183e-06 5.1204606e-06 5.6914734e-05 0.008845634 5.273671e-05 8.273171e-06 0.000106147745 0.00022114799 4.843506e-07 0.0030392443 0.00013202881 2.7721127e-05 0.0018139393 0.039061364 2.0968623e-06 1.9571906e-05 0.0019416042 8.149309e-05 0.00017132921 0.0006757036 0.0011503766 6.868993e-05 5.1612506e-06 8.2486895e-07 7.6921545e-08 0.00023607809 3.5794485e-05 7.986806e-08 1.6799193e-05 5.6105448e-05 0.00022669786 2.9240446e-05
0.9622863 0.9922399 0.32719585 6.2995264e-20 0.08336538 0.6043044 0.00064013083 0.40911674 0.28724197 0.34278044 0.16269854 0.0012007147 0.00010195286 0.009764582 0.0006223677 0.09756945 0.012795794 0.4772324 0.00034534492 0.2254411 0.58187777 0.115014195 0.7767086 5.031925e-06 0.0001329995 0.05102287 0.003100582 0.13824074 0.19015528 0.287457 0.3625836 0.07891444 0.00012648587 0.02985178 0.034541193 0.26172963 0.000113536255 0.003267011 0.008549265 0.03454138 0.0009765974 0.0022317686 0.014547263 0.0013306269 0.00019794315 0.004585049 5.2013957e-07 0.021183789 0.014276557 0.007832149 0.0010269141 0.007903687 0.0010490378 0.0007481294 0.001609968 0.14911135 0.11815475 0.000492852 0.0034687947 0.015427388 9.09605e-05 0.0022585497 0.03785597 3.5393838e-05 1.4084812e-06 3.437808e-05 0.0005384323 1.1738423e-05 0.0014584567 0.0011906563 9.451353e-09 6.6654513e-07 0.0028496054 4.584631e-06 8.419085e-05 0.0010599565 0.00096029846 1.22118745e-05 0.04078924 0.00014254116 0.000101503094 0.043116372 0.004335301 2.9751209e-05 3.520105e-07 0.00031029247 0.00014298201 1.6632406e-06 0.0006979103 0.00033160212 8.5107496e-07 5.630385e-08 4.942238e-06 1.3153395e-05 0.0002854089 3.5208554e-06 2.8081163e-07 1.0966527e-07 1.318106e-05 5.8170285e-06 2.9936948e-05
0.9879402 0.23327093 0.88030696 0.08336538 2.046723e-15 0.49000016 0.7287375 0.41640332 0.25226367 0.0034972383 0.27539587 0.09458917 0.054873556 0.13803028 0.15499409 0.108766995 0.97778255 0.0005273412 0.058519088 0.0010829527 0.015483103 0.0012719188 0.25470063 0.0009549813 0.00095258903 0.00015678945 0.71411586 0.014116328 0.00046783173 0.032110583 0.022390103 0.00015587077 0.015996832 1.7610391e-05 0.00864642 0.083686724 0.19061784 2.9915357e-06 1.4722882e-06 0.023128128 1.5307221e-07 1.1822414e-05 0.34467953 5.688673e-07 0.23012234 0.5195386 2.9208508e-05 9.83285e-05 0.0032096654 0.005167215 0.0040933164 0.005361611 3.1190698e-08 0.0033385267 0.006343197 0.009182525 0.31847072 8.3718857e-07 0.01038766 9.875203e-07 0.00016734314 6.458012e-05 0.0015296722 0.23543377 0.025240153 0.025337279 1.9073422e-06 1.5566701e-07 0.00023133447 2.2785242e-08 3.3996023e-06 0.00019750661 0.011261754 0.015122729 2.3883274e-07 3.8053935e-05 0.00014408199 5.2186566e-09 0.00018935013 0.00021796621 1.1332223e-05 0.0011622193 0.25141126 8.072861e-07 0.0014162671 0.0022631874 0.00010224117 0.00063217187 0.00037974794 0.07291976 6.221279e-05 2.0945358e-06 7.91186e-08 7.609944e-10 1.1268747e-05 0.016797448 3.746875e-09 0.0003741234 5.9726585e-06 0.007528337 9.336454e-06
0.9927782 0.72153956 0.9451755 0.6043044 0.49000016 2.1188754e-14 0.04046049 0.8646225 0.8021204 0.0058494536 0.520541 0.0024504813 0.0008356316 0.023875523 0.0017940095 0.24919678 0.17043167 0.0017249513 0.0024273847 0.0034809716 0.16841432 0.030747078 0.7175682 8.2049455e-06 5.386596e-05 0.0062769568 0.12124714 0.3638577 0.0016811206 0.14873208 0.09772957 0.0015164748 0.00024645866 0.00014710265 0.10072911 0.18582197 0.002138403 0.00041460246 0.00011636667 0.28178507 3.3561858e-07 0.00067277986 0.2913986 8.0958605e-05 0.0009210665 0.0057097375 2.0341102e-05 0.005317842 0.053262904 0.095627554 0.0007065969 0.03582468 4.06372e-07 0.0015865245 0.0015836607 0.05007887 0.1704428 9.615327e-05 0.039874636 8.503019e-05 0.00012501942 0.00016251039 0.002471204 0.0014530056 0.00011509017 0.00026659798 2.2978335e-05 9.12169e-06 0.002243377 6.294941e-06 2.3735073e-07 2.82959e-05 0.003448562 0.00016397423 1.7114809e-06 7.983566e-05 0.0004815816 9.6273695e-08 0.006812221 0.00042050006 2.7115018e-05 0.008967747 0.088155605 1.1066254e-06 1.1237516e-05 0.0039093876 0.00020124082 5.6470553e-06 0.011227973 0.0016660618 2.0611942e-06 1.8534645e-06 5.2513474e-07 3.4088448e-08 9.076172e-05 2.2844677e-05 8.065738e-08 7.9299225e-06 2.5909008e-05 0.000593673 6.5153663e-06
0.9924266 0.026745504 0.273176 0.00064013083 0.7287375 0.04046049 6.232644e-13 0.060799614 0.14808278 0.00019119243 0.13932057 0.40784866 0.58071655 0.2697925 0.49628726 0.08693465 0.60999507 3.66281e-05 0.8582249 2.8782806e-05 0.00025469178 6.748886e-05 0.059066586 0.0024837924 0.019410418 1.7805405e-05 0.38321546 0.00021659963 0.0002104174 0.0116585335 0.008827662 6.4955784e-05 0.026428534 4.509535e-06 0.00026656696 0.027514063 0.9581325 5.992287e-07 1.9022421e-07 0.00057575497 3.710521e-08 1.6759979e-06 0.027158052 1.044772e-07 0.6999461 0.60772455 0.00110547 2.4672936e-06 6.776062e-05 7.601006e-05 0.0060063 0.00023420919 5.8600477e-08 0.009135462 0.009519942 0.0037037951 0.40019202 1.1013964e-07 0.000546165 5.8231933e-07 0.0012165663 5.619881e-06 0.0006998242 0.5140694 0.24100861 0.43560112 2.3850898e-06 3.3270683e-07 7.3256533e-06 9.44946e-09 2.076797e-05 0.0006196056 0.015766528 0.058894295 5.5399966e-08 1.8157704e-06 3.482944e-06 4.2830354e-08 0.00030921068 2.1616448e-05 5.8376027e-06 0.0008875419 0.01348726 2.7719489e-07 0.028634958 0.00023296283 7.3578856e-05 0.0023858612 4.288114e-05 0.0164143 0.00019976197 8.974851e-06 2.8345136e-07 5.230096e-09 7.361996e-06 0.022801949 1.1188e-08 0.004730163 1.1423064e-05 0.0003089581 6.871211e-06
0.9466169 0.85987824 0.88164866 0.40911674 0.41640332 0.8646225 0.060799614 3.5300412e-17 0.06491054 0.017519793 0.06889918 0.0071819224 0.0033888458 0.006015326 0.00558315 0.019043086 0.7159349 0.024137432 0.008674878 0.15044014 0.8313299 0.12084596 0.20398164 0.00017979048 0.00047712895 0.016875852 0.33577463 0.7745647 0.0029015276 0.015314538 0.011100693 0.0018032946 0.0010346278 0.0008477113 0.21075559 0.016461726 0.0074968496 0.0022221862 0.00040256977 0.92247874 1.9482257e-05 0.0012881979 0.9123922 0.00019896762 0.015196453 0.13860348 1.6737786e-05 0.023886986 0.037095387 0.21908146 0.0015098121 0.6010866 1.3425275e-05 0.0015514793 0.0023878904 0.004535311 0.021359786 0.00062631984 0.4687309 0.00010349016 0.00011528031 0.0057655415 0.001510011 0.004555566 0.00028052324 0.0009507784 0.0002853109 3.3120687e-05 0.009677347 3.4462242e-05 6.239892e-06 6.15104e-05 0.0041773273 0.00029200417 2.5692873e-07 0.004193617 0.019366896 1.0350833e-06 0.00043109042 0.011067433 0.00026155147 0.00065123726 0.2866122 1.8019895e-05 9.081276e-06 0.10917078 0.0056748125 1.1238514e-05 0.048536126 0.0062654233 3.5169023e-06 1.6821435e-06 3.0300335e-08 1.1821918e-07 0.0006471125 0.00025659023 1.439653e-07 1.3299475e-05 0.000128815 0.0016612434 8.021305e-05
0.8069022 0.45047373 0.81029624 0.28724197 0.25226367 0.8021204 0.14808278 0.06491054 2.2287313e-17 0.024150403 0.9777303 0.5917831 0.030613257 0.90812635 0.49494678 0.8412855 0.04430467 0.0043206094 0.0082097165 0.0007584992 0.0031997887 0.0004756132 0.4226972 0.00552865 0.051715583 0.00017631975 0.0007429132 0.0004195839 0.024460254 0.15743054 0.12852621 0.0077668545 0.037357666 0.00090461446 0.00024945496 0.15328161 0.0012972364 2.5832835e-06 0.00019312596 0.00012999789 2.2753859e-05 2.1759215e-06 0.0007546351 6.1261626e-06 0.00044229598 0.001538153 0.00017561979 1.2865423e-05 4.167157e-05 1.0649029e-05 0.021255583 1.1102942e-05 6.2941367e-06 0.029064506 0.012330446 0.052098967 0.1655195 2.0564848e-07 1.5670475e-05 0.0006266861 0.0016435845 9.44382e-07 0.0060755764 6.826235e-06 3.2612284e-06 0.00044719627 1.0390407e-07 7.664431e-08 3.5566754e-06 4.7229576e-05 1.4980355e-06 2.81497e-05 0.009957732 2.995958e-06 8.938173e-06 1.2768329e-06 1.3643215e-06 4.1232393e-08 0.0067817816 7.105645e-06 3.1984328e-07 0.0054693073 0.005082052 3.772837e-08 2.938287e-07 0.00038976833 2.2442243e-06 5.31026e-05 3.0465075e-05 0.0014641494 2.3961116e-05 7.5689936e-06 1.4495619e-08 4.4721602e-07 3.3043723e-06 1.22829e-05 1.2125325e-07 1.1886077e-06 4.6945766e-07 0.00010810988 9.847427e-08
0.99817693 0.12692885 0.004259592 0.34278044 0.0034972383 0.0058494536 0.00019119243 0.017519793 0.024150403 8.523821e-14 0.020472595 4.318405e-05 1.006975e-05 0.0007853432 0.0001172241 0.018781872 0.0027561202 0.9540571 2.3123708e-05 0.83954656 0.26817307 0.40803272 0.3907267 4.439616e-08 1.4736788e-08 0.6933262 0.00094788667 0.15228431 0.26994815 0.32117006 0.78889775 0.06449158 1.456651e-05 0.051423624 0.046416495 0.13655491 3.5286757e-05 0.42075986 0.08828863 0.0048786816 0.0026927842 0.5600779 0.0013819088 0.22303061 5.3231033e-05 0.0004543246 7.2993167e-09 0.3541538 0.21626359 0.012279587 9.596566e-05 0.00084155804 0.0016368575 0.00040137503 0.00042051473 0.29429314 0.03364479 0.17596227 0.0009900529 0.0032206054 6.54467e-07 0.081774086 0.11229002 5.2695585e-05 1.9122924e-06 1.0074312e-05 0.054845832 0.017710308 0.056838773 0.00057918235 1.2963389e-08 1.42713e-07 0.00015528958 1.1549429e-05 0.00256004 0.015398198 0.0062354705 0.03442866 0.029647715 1.8011957e-05 0.0068317037 0.06969595 0.00030200637 0.016018152 1.907737e-06 7.529257e-05 0.000192883 2.352657e-07 0.00041613827 1.1548835e-05 1.0284483e-08 2.4776954e-09 0.00043784696 1.7447352e-05 0.0009948837 3.5605376e-06 4.678686e-06 2.0428847e-06 0.0015037094 4.7890026e-06 0.017974466
0.9600872 0.10371161 0.39010462 0.16269854 0.27539587 0.520541 0.13932057 0.06889918 0.9777303 0.020472595 1.5859106e-15 0.06740905 0.020998543 0.5228129 0.06889561 0.9603354 0.024874417 0.004178949 0.007266591 0.0013526785 0.018695604 0.0020287614 0.81614006 0.0007335428 0.002941789 0.00075987156 0.002566934 0.005986337 0.011787908 0.3026868 0.18661734 0.0055323313 0.008460568 0.00068947236 0.0014983729 0.43914363 0.0020283426 9.3360315e-05 0.0009022619 0.0013985543 4.6737285e-05 2.9207311e-05 0.0023376537 0.000100321035 0.0003287478 0.0017635777 0.00029656582 0.00023270614 0.00067179854 0.00015483162 0.007522141 0.000107214364 4.3727272e-05 0.017182708 0.009092559 0.1641567 0.501906 5.0591066e-06 0.00014080622 0.0011093952 0.00068195665 2.9404147e-05 0.004117827 0.00014009565 4.0553776e-05 0.0007452692 1.9594681e-06 1.6666067e-06 7.0558075e-05 7.10609e-05 1.4012223e-06 5.5095097e-05 0.012883005 7.047418e-06 8.306723e-06 4.3699947e-06 1.28459915e-05 2.5173433e-08 0.018491251 1.1508099e-05 1.1661973e-06 0.021679906 0.0058556213 1.4401542e-07 3.6170702e-06 0.00018507852 1.4539002e-05 2.512464e-05 8.941298e-05 0.00075959513 1.029817e-05 4.76359e-06 8.767354e-07 1.464014e-07 1.19583e-06 8.865444e-06 1.7180015e-07 1.3824465e-05 1.2023413e-06 0.0002423775 1.7194425e-07
0.9631238 0.0071337665 0.21159948 0.0012007147 0.09458917 0.0024504813 0.40784866 0.0071819224 0.5917831 4.318405e-05 0.06740905 1.8890473e-14 0.96015054 0.7151511 0.957586 0.13099489 0.021011198 2.1990913e-05 0.59556955 1.7516708e-05 0.00011719112 3.6375177e-06 0.040260315 0.19753896 0.71800417 2.0179623e-06 0.0008803651 4.9856648e-05 0.0008219976 0.013401299 0.006792225 0.0003688416 0.56411755 6.4081187e-06 6.065318e-05 0.04293768 0.0756812 1.3330964e-07 6.853242e-07 5.5143984e-05 2.6475442e-08 2.1758872e-07 0.00048377685 2.0896805e-07 0.005635623 0.0028715688 0.019688835 9.946782e-07 2.8372588e-05 4.236259e-06 0.13280815 4.351023e-06 1.3458772e-07 0.07765778 0.07678566 0.012233965 0.48221996 2.500672e-07 1.0815303e-05 1.29396085e-05 0.009456453 3.086565e-06 0.00065173896 0.00094219577 0.002109527 0.03871939 5.811509e-07 1.0935739e-07 1.8016209e-06 7.9648544e-08 0.00033460665 0.0076160408 0.08296573 0.00018927502 9.7383456e-08 7.3098914e-07 1.0349736e-06 1.394804e-08 0.000621561 1.7773628e-07 4.4741827e-07 0.0007644427 2.6911102e-06 7.764839e-07 0.0007556545 1.8208302e-06 7.850645e-07 0.007446455 5.453889e-06 0.000727811 0.0009203452 0.0002595366 1.5550425e-07 9.006733e-09 9.871155e-07 0.00023671227 2.0986596e-07 0.0026510453 3.0355997e-07 1.4562357e-05 7.863365e-06
0.9117922 0.00082675513 0.023623483 0.00010195286 0.054873556 0.0008356316 0.58071655 0.0033888458 0.030613257 1.006975e-05 0.020998543 0.96015054 3.6775512e-13 0.14010228 0.6957033 0.020871775 0.012664237 6.238423e-06 0.98290503 6.4295677e-06 5.992945e-05 8.211607e-06 0.015888436 0.07325871 0.32442322 2.1238852e-06 0.0016587398 2.478662e-05 9.998931e-05 0.0036361516 0.0018366326 4.566677e-05 0.27067295 1.2328005e-06 0.00011275654 0.009582086 0.22104259 3.814364e-07 3.9961844e-07 9.2081e-05 6.7609824e-09 2.7083072e-07 0.000520999 2.983211e-08 0.015572443 0.00898306 0.03118289 9.942344e-07 4.3060434e-05 2.2939734e-05 0.041498195 1.3740096e-05 3.345093e-08 0.04806242 0.03172651 0.0024896786 0.30774274 4.5208054e-07 8.3313775e-05 1.7901323e-06 0.007082106 9.899678e-06 0.00036051514 0.002575729 0.009875799 0.2978359 2.2172874e-06 6.8176695e-07 1.942453e-06 3.4616676e-08 0.0013400933 0.040985014 0.07457694 0.0003548634 7.108519e-08 4.308436e-06 2.3702603e-06 1.1701086e-08 0.00010142249 6.688604e-07 1.9296615e-06 8.882087e-05 9.456163e-06 3.3949398e-06 0.0049885763 8.788094e-06 2.1456915e-06 0.031926688 1.0322053e-05 0.00021841444 0.012449895 0.00029177757 2.3969184e-07 1.0232417e-08 7.755517e-06 0.00033242218 3.064419e-07 0.012399856 3.2618598e-06 1.7049182e-05 2.8733002e-05
0.96574533 0.02178657 0.19460359 0.009764582 0.13803028 0.023875523 0.2697925 0.006015326 0.90812635 0.0007853432 0.5228129 0.7151511 0.14010228 5.3166127e-17 0.96804357 0.6810551 0.023829576 3.7334707e-05 0.039524116 2.114634e-05 3.851242e-05 9.743921e-06 0.28027815 0.15414064 0.51317066 2.5222723e-06 0.0014684706 8.759532e-05 0.0014840753 0.09958337 0.05344815 0.0005518007 0.47494173 2.1919912e-05 1.49185735e-05 0.22602503 0.009991162 5.745616e-07 8.561723e-06 3.8780363e-05 3.6946363e-07 3.8963304e-07 0.0002523271 6.644371e-06 0.0011048635 0.0023810912 0.0037853688 2.5838833e-07 3.076859e-05 6.4901633e-06 0.2560555 8.834445e-06 3.4333976e-07 0.17805862 0.13077363 0.0611749 0.8746804 1.7936809e-07 1.7673028e-05 0.00012443562 0.004416958 2.6518e-06 0.0012798375 0.00021004851 0.00036084722 0.0036021322 5.482772e-07 3.6523693e-07 2.9455719e-06 1.6390746e-06 7.449498e-05 0.00082632987 0.017165378 6.4356194e-05 1.2320159e-07 1.2612378e-06 2.705608e-06 2.8495002e-08 0.003428369 2.1360049e-07 3.999044e-07 0.0054316088 5.11188e-05 1.733868e-06 0.00013791342 6.12566e-06 9.21279e-07 0.00092428125 1.333089e-05 0.0017490144 8.376789e-05 8.64418e-05 3.7071624e-07 1.1699429e-07 4.9794915e-07 0.00072887936 8.637988e-08 0.00022106196 4.3694797e-07 0.00010638214 8.091482e-07
0.97992307 0.0033719596 0.051780246 0.0006223677 0.15499409 0.0017940095 0.49628726 0.00558315 0.49494678 0.0001172241 0.06889561 0.957586 0.6957033 0.96804357 8.6070994e-16 0.15663101 0.011199259 8.867508e-06 0.33751118 2.9306864e-05 5.3249412e-05 7.3637925e-06 0.05244918 0.20456444 0.5508133 4.1628173e-06 0.0018484181 9.236182e-05 0.0004746431 0.023525584 0.018012183 0.00015133455 0.57320815 4.29143e-06 1.6159447e-05 0.045927495 0.032506797 1.1202329e-06 2.8489515e-06 0.00010208703 2.085594e-08 3.3343932e-07 0.0004975631 7.176139e-07 0.0019707924 0.0027384611 0.009879278 1.9985573e-06 8.14321e-05 1.0380365e-05 0.19367935 1.6861773e-05 2.2492957e-08 0.14408962 0.0887476 0.015483908 0.56985694 9.747791e-07 3.7860416e-05 1.2391367e-05 0.012374687 1.7065726e-05 0.0007192902 0.000872487 0.0011222096 0.03448069 2.0888208e-06 1.2786558e-06 6.159478e-06 2.8724864e-07 0.00015420813 0.0034915297 0.04080276 0.00024152215 3.5424898e-07 1.8674742e-06 1.7837128e-06 4.3005205e-08 0.0013359545 3.2622594e-07 9.606171e-07 0.0015744364 7.5941156e-05 1.0832744e-06 0.00032166595 2.7248786e-06 2.8372738e-06 0.0035976744 1.5832227e-05 0.002027865 0.00040943822 0.00022959332 2.2733033e-07 3.84389e-08 4.3863115e-06 0.00041883768 3.862793e-08 0.001947154 2.0509976e-06 5.621165e-05 8.6590535e-06
0.990987 0.07685967 0.23758973 0.09756945 0.108766995 0.24919678 0.08693465 0.019043086 0.8412855 0.018781872 0.9603354 0.13099489 0.020871775 0.6810551 0.15663101 6.558935e-16 0.015095416 0.0008305326 0.008900606 0.00037127707 0.0025831738 0.0003209872 0.8336481 0.004834937 0.0103342235 6.34713e-05 0.0011109399 0.00086444826 0.006415867 0.40458503 0.17519549 0.004231832 0.033355895 0.00027051338 0.00034850254 0.7106777 0.00082209514 5.5863134e-06 0.00013700142 0.00027885908 6.5370377e-06 2.4482024e-06 0.00083320856 2.7867312e-05 0.000438502 0.0014732118 0.0002527141 7.916948e-06 0.00010247818 5.9885628e-05 0.035021313 6.5091655e-05 9.698938e-06 0.06335687 0.022496812 0.2018566 0.8822736 7.440218e-07 0.00018804456 0.00037077797 0.00072666456 1.3727902e-05 0.0042772484 0.0001216419 6.469859e-05 0.002333503 2.0529683e-06 3.0909996e-07 1.7844555e-05 1.5196329e-05 1.3070654e-05 0.00017658733 0.012809995 7.973554e-05 7.828863e-06 3.917753e-06 9.284264e-06 5.1770794e-08 0.017261691 2.1166657e-05 1.7035131e-06 0.0329667 0.0061104116 1.1983758e-06 2.7551185e-05 0.0006073418 6.953708e-05 0.00041192997 0.00025436023 0.0038859684 6.001748e-05 1.3535591e-05 2.5390457e-06 1.30829e-07 5.487886e-06 0.00015738735 4.2367176e-07 7.524792e-05 5.815432e-06 0.0007860246 4.84875e-06
0.72278297 0.10495896 0.36792544 0.012795794 0.97778255 0.17043167 0.60999507 0.7159349 0.04430467 0.0027561202 0.024874417 0.021011198 0.012664237 0.023829576 0.011199259 0.015095416 6.41005e-17 0.0003270903 0.02365154 0.0011745025 0.0069622225 0.001226694 0.03965773 0.00022860208 0.0010747567 7.978079e-05 0.99159753 0.0022896044 0.00075169484 0.006306286 0.004946319 9.03921e-05 0.0029797591 2.1058211e-05 0.0036364205 0.010247175 0.15433562 2.640449e-06 5.8518134e-07 0.012492867 9.3519425e-08 2.5525374e-06 0.5900799 1.2248894e-07 0.1847013 0.37620884 0.00011597613 2.9235875e-05 0.00015976584 0.0010331842 0.001384283 0.0027387666 4.768847e-07 0.0015145337 0.0016167833 0.0020114114 0.024058083 1.5146598e-07 0.004629934 7.9260246e-07 6.506031e-05 0.00010861068 0.00062550115 0.0785494 0.016479075 0.005984484 2.0565583e-06 3.417314e-08 6.393453e-05 3.117054e-06 3.1187933e-06 2.04903e-05 0.0033437747 0.0070972857 5.573828e-08 6.219325e-06 9.186996e-05 2.611224e-09 0.00011963502 0.00041729593 4.0745124e-07 0.0005029123 0.062875904 5.1873787e-08 0.00083707407 0.0067660892 7.533946e-05 5.0310442e-05 0.00024639664 0.018680988 1.1014979e-06 3.3839046e-06 3.6555317e-08 2.4323237e-08 4.983428e-06 0.0060312604 1.26069e-07 0.00013445309 8.0986774e-07 0.003979734 1.2926392e-06
0.9624693 0.41184685 0.0014657073 0.4772324 0.0005273412 0.0017249513 3.66281e-05 0.024137432 0.0043206094 0.9540571 0.004178949 2.1990913e-05 6.238423e-06 3.7334707e-05 8.867508e-06 0.0008305326 0.0003270903 3.9457746e-17 5.918424e-06 0.9486646 0.018953802 0.045730595 0.08003974 1.547209e-08 5.8211683e-08 0.18077888 0.00052716123 0.00080589234 0.2287207 0.08175034 0.47393274 0.20990089 8.23773e-07 0.75549936 0.00184402 0.022898713 3.8162327e-08 0.3819397 0.8968512 6.7335015e-05 0.06822572 0.10973801 8.453946e-07 0.6177389 6.4002427e-07 5.8751566e-06 2.6674494e-08 0.019697398 0.004413791 0.00018832019 2.1830842e-06 1.2649365e-05 0.0231782 4.145582e-05 4.057722e-05 0.10344548 0.0013097138 0.060098626 3.3999522e-06 0.005661402 9.4440594e-08 0.008528801 0.16512884 1.6421076e-07 1.5866272e-08 2.2537138e-07 0.009114038 0.3501594 0.0013925539 0.0008664588 8.941967e-08 3.7829682e-08 3.7635207e-05 2.944871e-07 0.018526351 0.0011491185 0.0003755366 0.046104588 0.011126883 2.0778161e-06 0.001591779 0.017154593 1.3920858e-05 0.0066004656 8.1791603e-07 6.0339835e-07 2.7920514e-05 8.031765e-08 7.800854e-06 4.973761e-06 9.269842e-08 2.0710894e-08 0.01712607 2.4316594e-05 0.00023171536 1.7903968e-06 1.2079828e-05 3.4944186e-08 0.00012564394 4.1865437e-07 0.0024750496
0.7427554 0.0023920808 0.014928865 0.00034534492 0.058519088 0.0024273847 0.8582249 0.008674878 0.0082097165 2.3123708e-05 0.007266591 0.59556955 0.98290503 0.039524116 0.33751118 0.008900606 0.02365154 5.918424e-06 2.1254e-14 2.7154067e-05 5.573029e-05 3.8911226e-06 0.00579155 0.03943766 0.09943272 2.7262436e-06 0.0081700515 1.6565107e-05 0.00014025098 0.000533635 0.00032113507 3.604476e-05 0.075137004 2.3544583e-06 6.506316e-05 0.0030200363 0.9200496 8.046424e-08 3.0486146e-07 0.00016968802 9.6699315e-09 1.7556677e-07 0.0012862448 1.2570715e-07 0.23607999 0.059954625 0.06338162 4.1164085e-07 5.457e-06 2.8300879e-06 0.012053941 1.1042909e-05 3.1372304e-07 0.011450975 0.0074559804 0.0011038872 0.04071236 1.9732784e-07 6.7892033e-06 2.1042763e-06 0.0033901404 2.366759e-06 3.490324e-05 0.04624539 0.179156 0.8994301 7.3746753e-07 1.7724111e-06 1.1664698e-06 7.092511e-08 0.026544904 0.16580646 0.02018624 0.008915666 1.7300665e-07 5.947493e-07 5.763925e-07 7.622499e-09 3.1925512e-05 4.1513576e-07 2.2452271e-07 2.83076e-06 8.001326e-05 5.293647e-08 0.0843817 4.450231e-06 4.0835292e-07 0.109610796 2.2656945e-06 0.0007610069 0.055001624 0.00036561943 1.1857349e-07 1.09191e-08 1.4679866e-06 0.0047610607 8.099743e-07 0.14731357 1.2159376e-06 9.018755e-06 7.36003e-06
0.8795234 0.29608634 0.00228371 0.2254411 0.0010829527 0.0034809716 2.8782806e-05 0.15044014 0.0007584992 0.83954656 0.0013526785 1.7516708e-05 6.4295677e-06 2.114634e-05 2.9306864e-05 0.00037127707 0.0011745025 0.9486646 2.7154067e-05 7.054473e-17 0.5854231 0.6539225 0.035008386 4.973028e-07 6.625986e-07 0.8753443 0.0014737546 0.0071767424 0.02087473 0.010709206 0.069303505 0.013741643 9.642581e-07 0.26118094 0.011977811 0.0041154553 2.3955357e-07 0.7788123 0.8031708 0.0007579677 0.01712157 0.3272596 0.00022412257 0.6011819 4.609722e-06 4.5652836e-05 2.7260046e-06 0.33445537 0.012159527 0.0011247119 1.5618069e-06 0.00036618838 0.027952189 5.2262523e-05 2.2435812e-05 0.013234208 0.0007672857 0.30810258 6.132344e-05 0.0113096265 3.3615884e-06 0.12736288 0.04725981 2.5511938e-06 3.1057826e-07 5.016599e-07 0.11016755 0.1581624 0.0046585547 0.0024921922 1.1394463e-06 5.8556118e-08 0.00033853573 6.3882876e-06 0.0019479519 0.004007 0.0018263303 0.014904958 0.003158491 8.3497915e-05 0.0049134325 0.0036496592 0.0010492635 0.005160498 5.0457406e-06 2.2930096e-06 0.00059422373 5.9677674e-08 0.0004997187 0.0003026903 9.8531004e-08 4.7821453e-07 0.0031245735 0.0001898041 0.0017912245 7.6764685e-05 4.799059e-05 6.8404836e-07 0.00053346297 4.859638e-06 0.0059667607
0.94475514 0.55945694 0.1015629 0.58187777 0.015483103 0.16841432 0.00025469178 0.8313299 0.0031997887 0.26817307 0.018695604 0.00011719112 5.992945e-05 3.851242e-05 5.3249412e-05 0.0025831738 0.0069622225 0.018953802 5.573029e-05 0.5854231 3.862696e-20 0.98040175 0.18788695 2.6888358e-07 1.1336108e-06 0.69667983 0.008888541 0.8482779 0.0017612532 0.012310253 0.028237676 0.00024813172 1.9714794e-06 0.00037238572 0.5956563 0.00827499 1.3688556e-06 0.13443767 0.0012493695 0.26977608 9.621946e-06 0.039770056 0.005319478 0.0004944864 1.77719e-05 0.00011878962 7.654442e-07 0.7172501 0.6741513 0.2138116 3.5155679e-06 0.027361684 4.9535815e-06 7.600223e-05 0.0001742516 0.0023769066 0.002114747 0.09773198 0.0061964705 4.4591866e-06 2.2791254e-07 0.17017439 0.0055272663 4.4859576e-07 6.026883e-08 2.2588414e-07 0.029528184 0.0002936829 0.19330014 1.4648219e-06 2.744217e-09 1.6211024e-08 0.00090217585 2.1567605e-07 2.2060271e-07 0.02699282 0.059635114 0.000101942744 0.00026159963 0.00046891184 0.0049647624 0.0014768699 0.008540476 0.0004889548 5.0744944e-07 0.00061490136 0.0051811994 8.004263e-09 0.012121505 4.0811592e-05 4.0107825e-08 1.585995e-08 1.033373e-06 1.6288112e-07 0.0018696057 1.249037e-06 3.7423966e-09 2.0097017e-08 0.0013006944 8.550186e-06 0.00069755834
0.9378827 0.07370746 0.0149826715 0.115014195 0.0012719188 0.030747078 6.748886e-05 0.12084596 0.0004756132 0.40803272 0.0020287614 3.6375177e-06 8.211607e-06 9.743921e-06 7.3637925e-06 0.0003209872 0.001226694 0.045730595 3.8911226e-06 0.6539225 0.98040175 3.122484e-17 0.02674026 6.099066e-08 3.6531497e-07 0.87247425 0.0012837902 0.47405577 0.0028942442 0.002850615 0.0155723225 0.0007647205 4.5990365e-07 0.0009953188 0.27851295 0.0026362624 2.798991e-07 0.53232694 0.0030346147 0.02595451 7.8999066e-05 0.13507244 0.001568809 0.0022426916 4.0648656e-06 3.669862e-05 1.0250897e-06 0.8689092 0.78721434 0.09987868 2.9823335e-07 0.004551553 0.00033503294 1.1781794e-05 1.3605009e-05 0.0018360323 0.0011717101 0.36727867 0.0023605367 0.00019256356 4.3223275e-07 0.40742218 0.0070209443 3.5201217e-07 6.908618e-08 1.9078831e-07 0.10191508 0.0051184758 0.29878888 3.8872007e-05 1.370576e-08 3.7840437e-08 0.00036246603 1.0745531e-06 6.2302774e-06 0.051764533 0.06221445 0.005951283 0.0013884888 0.0001806509 0.021843767 0.0008992852 0.0008220395 0.009761612 7.6459435e-07 0.0004068601 0.004347747 3.078319e-08 0.013172559 2.2577215e-05 8.469298e-08 6.550311e-08 1.5709498e-05 2.2234854e-06 0.0069487207 3.6442536e-06 2.0751138e-07 1.4218115e-07 0.004835845 4.956417e-06 0.0056199944
0.9821775 0.56034106 0.27657703 0.7767086 0.25470063 0.7175682 0.059066586 0.20398164 0.4226972 0.3907267 0.81614006 0.040260315 0.015888436 0.28027815 0.05244918 0.8336481 0.03965773 0.08003974 0.00579155 0.035008386 0.18788695 0.02674026 2.877583e-13 0.0011644909 0.0023130616 0.0111543955 0.006077071 0.14743556 0.05303707 0.9365515 0.5722178 0.051169716 0.0042921365 0.009988581 0.014709409 0.902448 0.0023885283 0.0024179097 0.005762579 0.027088573 0.001141389 0.0029150029 0.024477841 0.0038825641 0.0007414071 0.0007710649 0.00050247635 0.0032808047 0.012587739 0.010792041 0.004373806 0.005144327 0.00095416023 0.018262904 0.004856745 0.27295375 0.12337681 0.00044614833 0.0058001596 0.004922214 0.00045877675 0.0006396753 0.0041991957 0.00021781246 5.0389768e-05 0.0013421788 0.00034729054 0.00015597769 0.004523801 0.0021306379 8.425036e-07 0.0004674184 0.0029179514 4.3897955e-05 0.0012083054 0.000822583 0.0030762374 3.1482272e-05 0.04234886 0.0006164194 0.00037343826 0.09349414 0.044403903 2.0924166e-05 5.7922596e-05 0.0033020175 0.0011107752 0.00029534986 0.010693958 0.003481893 2.9006287e-05 8.135522e-06 8.670245e-05 2.1968506e-05 0.001232113 0.00013587513 4.9487794e-06 0.00027543108 0.0005051222 0.0012096821 0.00017339425
0.8767499 1.9911806e-05 0.00041113168 5.031925e-06 0.0009549813 8.2049455e-06 0.0024837924 0.00017979048 0.00552865 4.439616e-08 0.0007335428 0.19753896 0.07325871 0.15414064 0.20456444 0.004834937 0.00022860208 1.547209e-08 0.03943766 4.973028e-07 2.6888358e-07 6.099066e-08 0.0011644909 1.6978611e-15 0.9891285 1.1766981e-07 0.00010295739 2.4787425e-07 2.106939e-06 0.00057983364 0.00034892975 1.0292764e-06 0.9320864 1.0984341e-07 3.3433565e-07 0.0024138275 0.0012524903 3.8605023e-08 3.660054e-07 2.4297458e-06 6.3083627e-09 1.12389245e-08 7.169391e-06 5.6931476e-08 0.00021808723 0.0001757929 0.6160168 4.1564896e-08 9.339072e-08 2.5809624e-07 0.7610802 2.4526625e-07 7.774485e-09 0.18707103 0.26919302 0.0006074411 0.15194665 1.0598871e-08 9.1635013e-07 3.8952118e-07 0.7927689 2.4300286e-06 3.824432e-05 2.4098365e-05 6.706604e-05 0.0077228146 1.7574536e-07 1.0620995e-07 1.3956402e-07 2.580395e-08 0.005353941 0.05155847 0.17906106 2.0639942e-05 7.251917e-08 9.944202e-07 7.3665007e-07 5.9087206e-09 0.00017449839 7.887086e-09 3.266811e-07 0.00013248896 9.728993e-07 1.3448974e-08 8.193385e-05 2.779899e-07 1.1445597e-06 0.012147486 4.692303e-07 3.7912734e-05 0.0051294784 0.017093582 1.0424709e-07 1.2601797e-08 1.5684932e-07 4.4263757e-06 1.6717364e-07 0.0028394556 2.4386694e-08 1.1160529e-06 2.732083e-07
0.57754254 0.00041777635 0.006929582 0.0001329995 0.00095258903 5.386596e-05 0.019410418 0.00047712895 0.051715583 1.4736788e-08 0.002941789 0.71800417 0.32442322 0.51317066 0.5508133 0.0103342235 0.0010747567 5.8211683e-08 0.09943272 6.625986e-07 1.1336108e-06 3.6531497e-07 0.0023130616 0.9891285 2.3377838e-18 6.879672e-07 0.0004998467 4.132179e-06 1.4023259e-05 0.0009806451 0.0007786359 8.358658e-07 0.71078235 1.0893505e-06 3.0719787e-06 0.0028450978 0.00953864 4.3375334e-08 6.8534774e-07 4.663842e-06 2.742696e-08 1.2614368e-07 1.4611574e-05 3.3801837e-07 0.00023044557 0.00016883698 0.75727844 3.4441442e-07 1.664061e-06 3.4529435e-06 0.2583916 2.1674312e-07 2.0283984e-08 0.05912971 0.11726335 0.0013648527 0.05420628 1.0405024e-07 4.408114e-06 4.845243e-07 0.89948726 1.7572952e-06 1.0264646e-05 8.173986e-06 8.607935e-05 0.010688747 3.374655e-08 3.8762903e-07 4.6586806e-06 1.087496e-07 0.0027929808 0.04918015 0.08784385 1.3428311e-05 1.27011e-07 1.4423031e-06 1.4591209e-06 2.8062862e-08 5.831418e-05 5.1475993e-08 1.17210966e-07 3.6708738e-05 1.2195853e-06 5.977097e-08 4.4532517e-05 1.3191057e-07 2.447508e-07 0.018714923 6.2512386e-06 0.0006465947 0.020460714 0.0055236723 1.1330817e-07 1.9071729e-08 1.7021977e-06 4.5813944e-05 2.05157e-07 0.0012279135 3.190778e-08 1.4408432e-06 9.3569916e-08
0.9725682 0.03920648 0.0018262415 0.05102287 0.00015678945 0.0062769568 1.7805405e-05 0.016875852 0.00017631975 0.6933262 0.00075987156 2.0179623e-06 2.1238852e-06 2.5222723e-06 4.1628173e-06 6.34713e-05 7.978079e-05 0.18077888 2.7262436e-06 0.8753443 0.69667983 0.87247425 0.0111543955 1.1766981e-07 6.879672e-07 1.167358e-15 0.0003368551 0.038405355 0.0017028936 0.0016565423 0.019078696 0.0011395367 9.977936e-07 0.0033070934 0.052866872 0.0014065193 2.980292e-07 0.8935976 0.012982285 0.000532663 0.0004290485 0.7334358 0.00019629826 0.04377839 9.883042e-07 2.5221136e-06 1.0780852e-06 0.88806206 0.63506955 0.009817343 2.0511101e-07 0.00024988997 0.0006132824 6.944758e-06 1.2671799e-05 0.0010069342 0.0008523649 0.80036485 0.0003150797 0.0008057386 3.0831138e-06 0.52251124 0.010369145 2.8706813e-07 2.4611936e-07 8.5994014e-07 0.41593462 0.44574165 0.2647697 7.191397e-05 7.3985596e-08 9.599444e-08 0.00024978395 8.303503e-07 2.2999227e-05 0.057542592 0.026449058 0.26095784 0.0009658132 4.6404763e-05 0.032479383 0.0022738066 2.5516987e-05 0.1521463 3.024782e-06 6.850499e-05 0.0013462143 5.099403e-08 0.0017285437 1.0474439e-05 2.7297233e-07 9.363615e-08 3.0928193e-05 1.6715676e-05 0.0029808437 7.238153e-06 1.0373244e-06 6.025266e-07 0.002596915 1.3469411e-06 0.06798046
0.62530047 0.0077502904 0.17530577 0.003100582 0.71411586 0.12124714 0.38321546 0.33577463 0.0007429132 0.00094788667 0.002566934 0.0008803651 0.0016587398 0.0014684706 0.0018484181 0.0011109399 0.99159753 0.00052716123 0.0081700515 0.0014737546 0.008888541 0.0012837902 0.006077071 0.00010295739 0.0004998467 0.0003368551 3.5978517e-14 0.0031078144 0.00042994673 0.0002608948 0.00011417547 6.9222995e-05 0.00016760796 4.365806e-05 0.004104428 0.0010652591 0.18790402 6.1303344e-06 2.5719878e-06 0.0177379 4.8947896e-07 2.1614698e-05 0.65221095 1.064477e-06 0.47197682 0.9347833 1.7825352e-05 0.00010198106 0.00028998553 0.0015611527 3.126374e-05 0.0047236155 4.013507e-06 0.00012249849 9.7910495e-05 0.00034408734 0.005522887 3.4503198e-06 0.0069838185 1.09204075e-05 9.3710205e-06 0.000107450105 0.00018522082 0.2608865 0.025591385 0.0042998493 1.5670745e-05 7.1644636e-06 0.00013678498 3.2087868e-05 1.8365082e-06 4.506783e-06 0.0009717673 0.0158479 7.5759765e-08 7.2631745e-05 0.00018079342 4.894015e-07 6.0191152e-05 0.0017836296 6.2200897e-06 2.2200982e-05 0.34512535 7.91194e-07 0.0008245194 0.02425444 0.00024477986 2.0360978e-05 0.0014102823 0.1319596 1.4477557e-05 3.2524322e-06 7.967863e-08 2.4941198e-07 4.429933e-05 0.019239603 1.3628066e-06 0.00015365952 2.3968409e-05 0.027183821 6.714783e-05
0.9745585 0.16842878 0.211697 0.13824074 0.014116328 0.3638577 0.00021659963 0.7745647 0.0004195839 0.15228431 0.005986337 4.9856648e-05 2.478662e-05 8.759532e-05 9.236182e-05 0.00086444826 0.0022896044 0.00080589234 1.6565107e-05 0.0071767424 0.8482779 0.47405577 0.14743556 2.4787425e-07 4.132179e-06 0.038405355 0.0031078144 1.3847847e-18 0.0002107345 0.0012862486 0.0026467722 3.9178078e-05 3.125618e-06 4.8003676e-05 0.98933786 0.003042685 1.0890544e-06 0.00039571308 1.8894236e-05 0.5932783 5.3514754e-07 0.0009804132 0.095090196 3.686958e-06 5.0799486e-06 2.5481046e-05 5.408828e-07 0.08733879 0.71357584 0.71816003 3.246659e-06 0.17085724 2.6738485e-07 7.2362796e-05 0.00021461767 0.0002809047 0.0040406985 0.00043532276 0.16571932 8.0318805e-06 7.966177e-06 0.009808846 0.0028211405 7.0771966e-07 8.820277e-08 2.0391309e-07 0.0006219696 4.455849e-06 0.25499022 1.4629595e-06 3.1282494e-09 1.4268844e-08 0.0022435654 1.6001096e-07 5.2159923e-08 0.013680004 0.07149897 1.6491692e-06 7.290649e-05 0.0020921086 0.0014736565 0.00079794455 0.009613742 1.0248878e-05 3.2792875e-07 0.0074766544 0.010837534 4.1204483e-08 0.108682156 1.3990251e-05 5.8645844e-09 1.3058237e-08 1.1621505e-08 4.2167297e-08 0.0018712637 1.3629872e-06 8.8154734e-10 1.1194367e-07 0.0011935742 6.2117965e-06 0.00018150396
0.98100686 0.08304143 0.0036776052 0.19015528 0.00046783173 0.0016811206 0.0002104174 0.0029015276 0.024460254 0.26994815 0.011787908 0.0008219976 9.998931e-05 0.0014840753 0.0004746431 0.006415867 0.00075169484 0.2287207 0.00014025098 0.02087473 0.0017612532 0.0028942442 0.05303707 2.106939e-06 1.4023259e-05 0.0017028936 0.00042994673 0.0002107345 9.657976e-15 0.18310751 0.87770706 0.9737615 2.327271e-05 0.63060033 0.0006612058 0.039616674 6.381127e-06 0.0039442717 0.10444265 3.1305033e-05 0.20504706 0.002088123 6.341439e-06 0.038394414 2.9699117e-06 2.9517685e-05 2.8717234e-06 0.00047320672 0.00034514195 7.488639e-05 0.00021439673 4.7622754e-05 0.15598398 0.0007636507 0.0004970701 0.39951906 0.0030448465 0.0007197459 2.6081354e-05 0.260124 8.348668e-07 0.00061426574 0.8687268 2.7172937e-06 1.9791257e-06 3.808759e-05 0.00041667974 0.0049762144 4.3931792e-05 0.015262493 9.037667e-07 2.763422e-06 1.3732982e-05 4.2651054e-06 0.023777934 8.050082e-05 5.771907e-05 0.001144029 0.12324742 2.1532576e-06 0.00017476051 0.5755997 1.6300917e-05 0.0001871559 8.098636e-06 2.635953e-06 2.567328e-05 4.5073034e-06 6.161508e-05 0.00014745267 2.6452656e-06 1.8881462e-07 0.0043841 0.0039248816 5.184731e-05 1.0617878e-05 0.00041494245 5.468529e-06 1.613955e-05 1.8653054e-05 8.92392e-05
0.9660631 0.09418703 0.052492987 0.287457 0.032110583 0.14873208 0.0116585335 0.015314538 0.15743054 0.32117006 0.3026868 0.013401299 0.0036361516 0.09958337 0.023525584 0.40458503 0.006306286 0.08175034 0.000533635 0.010709206 0.012310253 0.002850615 0.9365515 0.00057983364 0.0009806451 0.0016565423 0.0002608948 0.0012862486 0.18310751 2.7177738e-15 0.95209503 0.080146536 0.002508136 0.016702045 0.00045056787 0.92494524 0.00034170816 0.00043082863 0.004356141 0.0002622611 0.0036764496 0.0002208131 0.00020068791 0.002454653 6.090671e-05 0.00022260653 0.00019345223 0.00022672812 0.00027681937 7.628572e-05 0.0036652102 5.941988e-05 0.0019899684 0.013618857 0.003661088 0.8637104 0.10582583 4.8162474e-05 5.769298e-05 0.01510047 0.00013587928 0.000118410724 0.01933174 6.148233e-06 9.765466e-06 0.0008641395 8.6059e-05 4.1314404e-05 5.568583e-05 0.003989104 2.3984217e-08 1.7150469e-05 0.00058187667 3.2159692e-06 0.00030236747 1.8752386e-05 4.3901764e-05 9.132247e-06 0.24381983 9.7090715e-06 1.7359851e-05 0.46313116 0.00078395917 1.961884e-06 3.5744458e-06 0.00010318515 3.7773534e-05 4.326761e-05 0.00012445296 0.00040371565 1.6092703e-05 5.372671e-07 7.90985e-05 6.4054766e-05 3.2291642e-05 5.265171e-06 5.3055705e-06 3.0878706e-05 1.5798323e-05 3.6476842e-05 4.927629e-06
0.9497413 0.124959104 0.044462234 0.3625836 0.022390103 0.09772957 0.008827662 0.011100693 0.12852621 0.78889775 0.18661734 0.006792225 0.0018366326 0.05344815 0.018012183 0.17519549 0.004946319 0.47393274 0.00032113507 0.069303505 0.028237676 0.0155723225 0.5722178 0.00034892975 0.0007786359 0.019078696 0.00011417547 0.0026467722 0.87770706 0.95209503 1.4010468e-14 0.63360083 0.0014566608 0.27886364 0.000768891 0.2918923 0.00044261583 0.00875458 0.06788662 0.00045059386 0.08521797 0.0030252044 4.0397754e-05 0.03965821 0.00010997156 8.7835484e-05 7.373494e-05 0.001764906 0.0008566102 8.0590995e-05 0.0040615844 2.3172848e-05 0.037475627 0.017614147 0.004712601 0.9493697 0.03104333 0.0007630887 2.1001035e-05 0.16154741 0.00014234635 0.00040175894 0.4476066 1.9455028e-06 1.0012385e-06 0.0008899265 0.00045487366 0.00045726646 0.00035797217 0.021895805 4.2653124e-08 2.8792578e-05 0.00036774276 3.758745e-06 0.0058782166 8.3070445e-05 4.3941138e-05 0.00023352404 0.4087086 1.5873766e-06 0.000120444376 0.7629353 0.0004885356 1.1517102e-05 1.5573095e-06 1.5700229e-05 5.8443034e-06 2.0371466e-05 7.1624554e-06 0.00011769413 5.41028e-06 1.4632806e-06 0.00024969058 0.00026934163 8.433807e-05 2.8207112e-06 8.232233e-05 2.3037579e-05 2.7541939e-05 2.548559e-05 3.5545716e-05
