2.657691e-25 0.04327685 0.010200967 0.060244627 0.5456886 0.07752817 0.2024277 0.1706134 0.31505626 0.044965122 0.0034203418 0.0005353451 0.3848637 0.05629626 0.016945893 0.7045513 0.0001709354 0.44397327 0.3428031 0.0021786087 0.37543285 8.807281e-06 6.877865e-06 0.001094715 0.017616205 3.4246693e-07 2.1066355e-06 0.9550975 0.92316276 0.83195704 0.1346946 0.062148876 0.35269177 0.001660001 0.02532971 0.003370561 1.942503e-06 0.9185525 6.2247034e-07 0.074406035 0.9389246 0.93820846 0.93878657 0.09940876 0.010709461 0.9838978 0.9789238 0.9733714 0.034460664 0.97334003 0.89665574 0.66353005 6.940712e-08 0.00013773203 0.00010941179 7.3707382e-09 0.3780072 0.00013146042 3.43236e-05 0.987472 0.8787642 1.8002142e-06 0.0036482064 4.731425e-10 0.067327194 2.6446322e-08 0.039543394 0.9938316 0.03126832 0.46798372 0.04828816 5.936035e-07 0.62251896 1.6786831e-05 3.95408e-08 0.7334628 0.37720317 2.1266454e-10 0.6398128 0.00016895699 1.6298252e-06 0.9983091 0.99321127 2.6424576e-09 0.008533572 1.2770879e-09 0.00018163385 0.969538 0.9882623 0.97665066 7.683125e-11 0.00020706216 0.24391492 0.9991078 0.6808377 0.98203605 0.3700468 0.99884516 0.9982715 0.9745565 0.1000777
0.04327685 2.1156557e-19 0.82199347 0.322684 0.50995505 0.23775153 0.14116053 0.43396506 0.1415303 0.36914352 0.44332317 0.32626486 0.15681556 0.16312665 0.2033595 0.105263636 0.32127747 0.086056404 0.26494646 0.19874375 0.27037257 0.0671728 0.12740391 0.21938252 0.083689615 0.054788 0.03897313 0.35559544 0.37616637 0.23557802 0.03494501 0.058050238 0.013193039 0.03644919 0.019854508 0.036091305 0.039222103 0.12244826 0.016318955 0.005308106 0.04385914 0.11292171 0.15468787 0.014008144 0.003977033 0.075723946 0.19062468 0.06994702 0.010368597 0.019541591 0.004758941 0.008546445 0.012228237 0.012310418 0.0052503166 0.00045096033 0.005889007 0.00070641865 0.0014463515 0.015243838 0.0009156649 0.0005979447 0.0002004098 0.001802024 0.0009393722 7.273024e-05 0.00032955827 0.007630654 0.00067429896 0.00072009466 0.0008927776 1.2922232e-05 0.0002656536 5.3932054e-05 0.00011421283 0.0029997278 0.0039789276 0.00062314933 0.0019015905 5.4017264e-06 3.8281978e-05 0.002654267 0.0019857448 1.3556138e-06 8.04168e-05 1.407172e-06 2.2457176e-05 0.0010955547 0.0039285235 0.00086354726 0.00014850445 1.1882944e-05 0.00019655339 0.004134781 0.00015680035 0.0004174028 0.0012979003 0.0032157581 0.0017992215 0.00023286686 5.4866745e-05
0.010200967 0.82199347 3.5981788e-19 0.22745004 0.37748638 0.16637371 0.09693106 0.24884234 0.09060889 0.40484557 0.55619705 0.6502521 0.11388586 0.19514343 0.3438825 0.03713015 0.42161092 0.056478005 0.23640105 0.35813403 0.19953534 0.15330322 0.14939249 0.19571881 0.050350696 0.06356326 0.09458611 0.1488969 0.21878275 0.16009876 0.082454346 0.026082663 0.007996266 0.028810231 0.038834177 0.06079909 0.040796027 0.07319031 0.03169056 0.005823424 0.028530302 0.05302838 0.09195318 0.0069365017 0.0053455867 0.049113415 0.10898798 0.037951708 0.014170258 0.014791005 0.004716315 0.005208343 0.008943555 0.005887533 0.0029542497 0.00076891336 0.005513954 0.0008435926 0.0015639229 0.006251594 0.0002509465 0.00044873313 0.00037781554 0.0008878844 0.00029005136 2.7429278e-05 0.00016376543 0.0037638603 0.00070505403 0.00012908038 0.0006451237 1.613287e-05 7.291018e-05 7.254459e-05 7.320433e-05 0.002804284 0.0021847235 0.00031173247 0.0020691038 1.3850014e-05 2.8135042e-05 0.004430261 0.0004830998 8.6155484e-07 0.00012228417 7.250274e-07 1.6867516e-05 0.0005474551 0.0020205004 0.0003766632 0.00014958515 5.0476606e-06 5.610042e-05 0.003230238 0.00018605309 0.0002350539 0.000681955 0.0032867377 0.0010084348 8.3091756e-05 7.2684165e-06
0.060244627 0.322684 0.22745004 1.8885811e-23 0.8326678 0.17275012 0.773541 0.16276698 0.7413821 0.09832184 0.12386057 0.12291321 0.18650757 0.16880515 0.073632054 0.22064866 0.13624457 0.24234308 0.092706986 0.07511163 0.55872256 0.0115117235 0.029814623 0.075948544 0.08590745 0.006902935 0.0029034223 0.39542297 0.18559654 0.121868305 0.01791814 0.035970513 0.05196908 0.033412706 0.0076047764 0.0059357127 0.006099478 0.21731295 0.00055003614 0.011349117 0.18572216 0.042507164 0.13455646 0.01815083 0.00044755466 0.170456 0.13925284 0.09382348 0.008785087 0.14427556 0.0073140566 0.0075423117 0.0010357553 0.0036764774 0.001838089 2.5082493e-06 0.0049849735 2.047069e-05 3.7301503e-05 0.054870494 0.0133235 9.453602e-06 4.676756e-05 2.8902874e-05 0.002358047 4.0523796e-06 0.00026831226 0.05681796 0.00013826977 0.001450968 0.0001470478 1.014312e-06 0.0009714087 2.1974467e-06 4.65223e-06 0.0012018203 0.0015208537 6.580406e-05 0.0010454031 5.4107625e-07 2.383579e-05 0.017704751 0.0136724515 2.4982251e-08 4.2203756e-06 1.2590512e-07 1.1537792e-05 0.008253615 0.0043815877 0.0035501493 1.2803012e-05 2.1858218e-06 6.417987e-05 0.0084676 6.988798e-05 9.115997e-05 0.00078443787 0.0017759575 0.001726733 0.00084498565 0.000110273395
0.5456886 0.50995505 0.37748638 0.8326678 2.2691697e-19 0.1257031 0.3943732 0.20096816 0.41828543 0.30832222 0.27395526 0.2027136 0.12045031 0.3846164 0.24157648 0.10388859 0.15962337 0.1491173 0.40611917 0.18028532 0.7322427 0.023547629 0.04853919 0.14481995 0.03139568 0.018376555 0.009364349 0.5121789 0.6084646 0.50333816 0.08606053 0.01525719 0.010934905 0.021318069 0.03617241 0.05514003 0.010128428 0.35286283 0.0021676878 0.0060032336 0.20098852 0.2633152 0.49531865 0.013811341 0.00304062 0.36931798 0.44145286 0.23449713 0.014375946 0.1250727 0.016255707 0.019086959 0.0027359172 0.0033812562 0.0041022035 0.00012028104 0.011441806 0.0005964261 0.0013288998 0.097195014 0.0025971304 7.420264e-05 0.00018464516 0.00048438256 6.092088e-05 1.1787638e-05 2.2884462e-06 0.054604135 0.0003699303 6.1976636e-05 0.00049175735 1.5427725e-06 9.574836e-05 1.3746059e-05 2.4916153e-06 0.0051792185 0.002717535 0.00023079175 0.0049287174 1.0123768e-05 1.6260308e-06 0.015675431 0.004481274 6.7237274e-09 6.642759e-05 1.3889058e-07 2.2353458e-07 0.0030545401 0.032661878 0.0025204942 6.340451e-05 1.1941052e-07 2.0353677e-05 0.040724833 0.0001350826 0.00049458473 8.419924e-06 0.007286344 0.00413514 0.00012733515 2.588266e-07
0.07752817 0.23775153 0.16637371 0.17275012 0.1257031 1.996203e-21 0.08396434 0.89776 0.08934221 0.046298083 0.17227161 0.06472584 0.58904123 0.045278884 0.02674101 0.455105 0.12821375 0.335782 0.027648946 0.036412343 0.19554143 0.008885384 0.053456824 0.18392256 0.282765 0.0095205 0.00357273 0.34237388 0.0690588 0.021345261 0.0020383426 0.13016771 0.28925115 0.13440798 0.0028254143 0.0029299653 0.015945937 0.15997219 0.0012916486 0.051973872 0.123901986 0.008547163 0.04701663 0.061739605 0.00019530876 0.09404394 0.06403142 0.029702045 0.0010671453 0.05347015 0.0010465692 0.0007984427 0.006026741 0.029159341 0.02463341 0.00013810095 0.0006603245 3.352389e-05 0.00011868159 0.011497581 0.01365117 6.736726e-05 5.0443716e-05 0.0014775462 0.0038060907 2.0910902e-05 0.0016388997 0.03223217 3.7461465e-05 0.0013367989 2.6815098e-05 3.1224274e-06 0.0005926363 7.715599e-06 0.00035623717 0.00043114013 0.0004301272 0.001517688 0.0005112819 4.5105367e-06 0.00024908624 0.010972104 0.012299851 1.6665948e-05 2.6030317e-05 6.2727086e-06 0.0001842928 0.01076242 0.0012443663 0.003721603 0.00054520357 0.0002567371 0.0006661493 0.0015163556 2.075015e-05 0.00012272205 0.0013070842 0.0030271644 0.001099401 0.0010374596 0.00032902314
0.2024277 0.14116053 0.09693106 0.773541 0.3943732 0.08396434 5.211915e-23 0.10056765 0.83397907 0.059279077 0.056339417 0.037342545 0.18702386 0.11768557 0.028646369 0.37175924 0.033521634 0.38799387 0.06489578 0.035856534 0.56837267 0.004190217 0.01269888 0.039277617 0.046152737 0.0015409875 0.0013999594 0.48064175 0.19027933 0.105185844 0.0052952715 0.022573944 0.10598363 0.025256015 0.004201912 0.0045886664 0.0027906566 0.3067396 0.00032165553 0.009262385 0.28943664 0.04571502 0.22876541 0.016562296 0.00025118713 0.24120256 0.1900831 0.13653709 0.004621112 0.27399793 0.0059926114 0.0061154887 0.0006097756 0.0035323363 0.0031473567 5.456011e-06 0.0042117913 1.3056762e-05 3.7452675e-05 0.11764513 0.03170127 1.6641094e-05 2.9227707e-05 3.336238e-05 0.003152029 1.0538192e-05 0.0002998963 0.119415626 6.635686e-05 0.0010870503 9.903347e-05 9.600034e-07 0.0009221537 3.0150675e-06 3.6075448e-06 0.00059156766 0.0010263071 9.3663984e-05 0.00043436443 9.717395e-07 1.0936574e-05 0.025954777 0.009659376 4.7235584e-08 5.809838e-06 7.5399804e-08 8.2280685e-06 0.005584146 0.0047014435 0.0027248312 3.0160902e-05 3.3165143e-06 5.018384e-05 0.0071803364 5.0083054e-05 9.9579825e-05 0.0002855145 0.0026870852 0.0016725484 0.00053123524 5.4194643e-05
0.1706134 0.43396506 0.24884234 0.16276698 0.20096816 0.89776 0.10056765 1.4346661e-21 0.112005465 0.04047585 0.2682954 0.05557361 0.5677486 0.029696219 0.027227039 0.26866326 0.26214328 0.11287471 0.014720041 0.0141223 0.08685501 0.006597866 0.07034644 0.3981559 0.49282402 0.011833047 0.0023813525 0.4701905 0.07491122 0.01731696 0.001183707 0.32795691 0.11354547 0.21131691 0.00064125203 0.00052910944 0.029302465 0.22673415 0.000571913 0.059028912 0.09107567 0.004962987 0.024458364 0.10542898 4.2467094e-05 0.062482014 0.071442686 0.019217776 0.00043407496 0.041212883 0.0004962693 0.0001990128 0.009785492 0.03933337 0.05147516 1.5172537e-05 0.00015108378 9.053967e-06 1.6654572e-05 0.010451359 0.008447689 1.93881e-05 9.297883e-06 0.0010693127 0.002121074 9.990371e-07 0.0016023887 0.024156407 1.3862157e-05 0.0008638755 1.6259635e-05 2.3478044e-07 0.000713233 1.0496551e-06 8.325921e-05 0.00019452674 0.0002864183 0.0012681066 0.00035730502 9.709927e-07 0.00013159713 0.0076531623 0.007439466 3.006322e-06 1.2326729e-05 3.1094414e-06 0.0002901576 0.0068194233 0.00021683254 0.001993843 0.00067772943 0.0002785582 0.0007258438 0.00059079437 1.2264628e-05 1.0693666e-05 0.0032385972 0.0029041218 0.000281191 0.0019394805 0.0007652283
0.31505626 0.1415303 0.09060889 0.7413821 0.41828543 0.08934221 0.83397907 0.112005465 1.5692833e-22 0.05693062 0.05189959 0.032226533 0.19109046 0.11555207 0.024933279 0.42009264 0.02524321 0.48835433 0.07341303 0.034000218 0.6233122 0.003379335 0.011959659 0.03844161 0.044220213 0.0012506283 0.0010909744 0.57882506 0.23911746 0.12640107 0.0048175016 0.019854594 0.12736203 0.025376605 0.0039787227 0.0051601385 0.0022808881 0.39975932 0.0002465045 0.008552616 0.363211 0.049277097 0.28631747 0.01451458 0.00029987283 0.31589 0.24881068 0.16799827 0.0043368703 0.36496118 0.0065782354 0.0070185913 0.00055020297 0.0036605503 0.0030801299 4.585418e-06 0.00390974 1.8060515e-05 3.8656515e-05 0.14214598 0.041136585 1.4736177e-05 3.8359198e-05 2.6862806e-05 0.0041175126 7.5205835e-06 0.00031488264 0.16772214 9.1297785e-05 0.0013800367 9.941045e-05 6.251892e-07 0.0012519541 4.168554e-06 2.676368e-06 0.0005830717 0.0010395092 5.3367567e-05 0.0005401998 1.9880924e-06 7.699046e-06 0.035711363 0.014733565 6.892349e-08 1.5539617e-05 6.336343e-08 1.3883642e-05 0.0078022513 0.005831855 0.003715592 2.3250768e-05 5.8997316e-06 9.115007e-05 0.008652293 6.476886e-05 0.00016346725 0.00038932048 0.0041516176 0.002150263 0.0008241196 9.923436e-05
0.044965122 0.36914352 0.40484557 0.09832184 0.30832222 0.046298083 0.059279077 0.04047585 0.05693062 4.6108764e-18 0.24001727 0.4642123 0.026422685 0.38907346 0.5912822 0.026639212 0.12902613 0.04616042 0.59339523 0.45409578 0.23429659 0.047666855 0.018019244 0.038365524 0.0136276325 0.013408412 0.035414707 0.094974466 0.177221 0.34124306 0.2537959 0.0062766313 0.00368058 0.0042387587 0.1677944 0.1550531 0.0037378422 0.052545156 0.019275691 0.0016062475 0.02338893 0.13855547 0.1311744 0.0030932352 0.044228397 0.0499202 0.08978452 0.061097052 0.06431567 0.013103398 0.013941978 0.019356815 0.00081197795 0.0010186589 0.0005182833 0.00065750675 0.015566837 0.00604647 0.00906224 0.018965026 0.0004442391 0.002358778 0.0025768222 0.00013193605 0.00012334426 0.00047194978 4.0244824e-05 0.0067002536 0.0024100263 0.00030391788 0.0015505068 3.573003e-05 0.00021713447 8.922949e-05 1.5010021e-05 0.0039248927 0.0037664059 0.00016404275 0.0035184727 6.147809e-05 1.9249223e-05 0.0034717685 0.0012103012 5.6683458e-08 0.00035049656 1.0014656e-06 4.557825e-06 0.0015472084 0.0115346415 0.0007777479 7.795787e-05 1.167054e-06 5.0984134e-05 0.013623949 0.00066059944 0.00040131953 0.00066987006 0.004954106 0.004770173 0.00034757567 1.3669101e-05
0.0034203418 0.44332317 0.55619705 0.12386057 0.27395526 0.17227161 0.056339417 0.2682954 0.05189959 0.24001727 5.7854946e-19 0.49483964 0.10970169 0.100002475 0.22213526 0.039054498 0.5772261 0.026596058 0.1531285 0.22048934 0.07693491 0.35129553 0.29412505 0.14947154 0.08115483 0.23449086 0.29254854 0.108262874 0.12605427 0.12818216 0.04746956 0.038015347 0.007795903 0.036334448 0.023817463 0.06513595 0.06946107 0.043469865 0.052214354 0.007828871 0.026958672 0.055603538 0.049293876 0.013595161 0.008217496 0.021204608 0.05995281 0.022132806 0.014139056 0.013369972 0.0061584944 0.009059927 0.014858754 0.008508494 0.0066847214 0.004041124 0.007038825 0.0014465357 0.0020804168 0.006640384 0.0011963667 0.0012609432 0.0010715141 0.0027356956 0.0005661877 0.00078920193 0.00026592254 0.00518219 0.005305126 0.0010478304 0.0027980693 0.00023117218 0.0003940574 0.00028408153 0.00025761168 0.003853663 0.00644032 0.00035785543 0.0022634899 0.00012885517 7.200889e-05 0.0024782948 0.001454783 4.063831e-06 0.00023297682 4.3217237e-06 0.00016661698 0.0010789066 0.0022248027 0.0007415715 0.0001758593 8.695144e-05 2.1324004e-05 0.0023701848 0.00050289294 0.0006328692 0.00126352 0.0008342178 0.0012987937 0.0002074189 0.00017731346
0.0005353451 0.32626486 0.6502521 0.12291321 0.2027136 0.06472584 0.037342545 0.05557361 0.032226533 0.4642123 0.49483964 1.9846106e-19 0.06314225 0.24076802 0.55431473 0.022942742 0.29096234 0.025304945 0.30290452 0.6923883 0.06463641 0.3262729 0.07015018 0.023736576 0.008850789 0.07855693 0.42204106 0.04353477 0.12588641 0.21094812 0.22522354 0.015467497 0.0039224178 0.004557384 0.1832769 0.4823741 0.014457069 0.03447998 0.3660402 0.003002341 0.022499546 0.11378182 0.06962045 0.0068135564 0.07200842 0.021716516 0.043741543 0.02834892 0.0809571 0.012700291 0.012590652 0.026615737 0.0017913867 0.0014440718 0.0021072256 0.01521009 0.016360763 0.02551683 0.017579392 0.0076724626 0.0012694073 0.00734932 0.005864641 0.00037045896 0.0007343592 0.0027852736 0.00020588053 0.0025852995 0.009605136 0.00034093633 0.0044380906 0.00079103035 0.00024095894 0.0012525799 9.672312e-05 0.005252425 0.00439867 0.00040800887 0.0031279367 0.00046611432 6.3898995e-05 0.0016711253 0.00051141507 3.3697395e-07 0.00067883846 7.494454e-07 0.00025601705 0.0006925013 0.0016211295 0.00021573977 5.058781e-05 5.1431027e-05 2.9487832e-05 0.00629197 0.0008247994 0.0009822624 0.0012857984 0.00059732655 0.0025464345 0.00015742592 0.00010868859
0.3848637 0.15681556 0.11388586 0.18650757 0.12045031 0.58904123 0.18702386 0.5677486 0.19109046 0.026422685 0.10970169 0.06314225 8.4494044e-19 0.01781113 0.02667537 0.56980246 0.090850234 0.45100978 0.010490434 0.05017223 0.054737296 0.008527386 0.021794913 0.17289843 0.57422173 0.0027374872 0.00435835 0.2922367 0.019768156 0.0037499638 0.0030646108 0.5514054 0.7181302 0.22800365 0.0045679556 0.008311803 0.012622613 0.14947996 0.0007941877 0.45914644 0.12291922 0.0019196582 0.016007943 0.47020382 0.0007037619 0.041361302 0.028748278 0.016921766 0.0007730964 0.058943886 0.00037544366 0.0002367301 0.0013948713 0.08096137 0.101683415 7.3214396e-05 0.00015466986 5.459231e-05 0.00014232544 0.011196174 0.093244314 5.6760953e-05 5.5353208e-05 0.00032798335 0.03628479 3.4233733e-05 0.02133179 0.05726217 0.00010318574 0.012793195 8.5074884e-05 1.0450671e-05 0.0068246284 2.3679682e-05 0.004104381 0.000540468 0.00058933697 0.00060974155 0.00045902512 2.6670567e-05 0.0023693608 0.039108805 0.061797496 0.00022687002 2.1262738e-05 7.5548334e-05 0.004455064 0.056807075 0.00096646737 0.020131825 0.0018290485 0.0053297123 0.014261847 0.0009384652 6.142241e-05 2.7964457e-05 0.013106823 0.031119542 0.0003741464 0.021778498 0.007936884
0.05629626 0.16312665 0.19514343 0.16880515 0.3846164 0.045278884 0.11768557 0.029696219 0.11555207 0.38907346 0.100002475 0.24076802 0.01781113 1.236019e-21 0.35327226 0.037534785 0.04672353 0.14310186 0.7911447 0.31727913 0.63232106 0.017981555 0.0071535367 0.008645402 0.0046190033 0.0026877248 0.009139488 0.10579025 0.30800098 0.59588104 0.20857257 0.0019121022 0.0046465634 0.00094139227 0.1405515 0.070130095 0.0017587458 0.08065074 0.004326454 0.00035142386 0.07302335 0.2616808 0.36641997 0.0010492159 0.05339347 0.17859508 0.12785499 0.20438127 0.13217437 0.07298055 0.067148715 0.07067452 0.00013990127 0.0001949262 8.548315e-05 3.2028434e-05 0.060490377 0.0054387646 0.0019823436 0.13929407 0.0016499606 0.00029207463 0.004163386 3.2958513e-05 4.510053e-05 9.384771e-05 7.9537844e-05 0.03323735 0.005459494 0.00042616375 0.004712848 5.6455474e-06 0.00023170718 8.430148e-05 2.0467207e-06 0.008936226 0.004530904 5.0164323e-05 0.009712967 0.00014411716 5.8545907e-06 0.006665064 0.0070801075 5.098943e-09 0.00088117225 5.7930134e-08 5.883039e-06 0.005507973 0.041258194 0.0024088197 2.1239917e-05 1.4303819e-06 1.5489202e-06 0.057656646 0.0011215596 0.002014072 0.00017146504 0.0043787244 0.014101675 0.00048588528 1.6439817e-05
0.016945893 0.2033595 0.3438825 0.073632054 0.24157648 0.02674101 0.028646369 0.027227039 0.024933279 0.5912822 0.22213526 0.55431473 0.02667537 0.35327226 2.5916226e-18 0.018278413 0.08347975 0.028445465 0.5695163 0.770959 0.1784825 0.04869751 0.017259896 0.019801175 0.005303211 0.013191586 0.05324425 0.045312513 0.14382917 0.4057259 0.44615126 0.010075456 0.0024784554 0.0036333522 0.44522613 0.48508275 0.0037450802 0.021684626 0.05251797 0.0010760992 0.010182713 0.16676715 0.12023611 0.0070942407 0.221594 0.025745895 0.05054875 0.054394856 0.26700863 0.009382299 0.034506634 0.06687596 0.0006076724 0.003517255 0.0020667105 0.00411137 0.05691463 0.024187833 0.025022479 0.018057115 0.00021153246 0.0056927875 0.013429733 0.00034950787 0.0003856678 0.0023615928 0.000159607 0.0026880465 0.015338048 0.00048025453 0.0066797347 0.00036860633 0.000235975 0.00055621343 9.836263e-05 0.01180708 0.009142588 0.00030906094 0.0070161456 0.00019972159 4.4774995e-05 0.0013845734 0.0004317652 2.6751442e-07 0.0011821574 3.7744492e-06 3.791585e-05 0.0006115862 0.010911312 0.00049670495 9.617428e-05 7.6210563e-06 2.4819004e-05 0.016044088 0.0019096767 0.0017749391 0.0007630089 0.0023352427 0.007157123 0.00019712726 1.4042209e-05
0.7045513 0.105263636 0.03713015 0.22064866 0.10388859 0.455105 0.37175924 0.26866326 0.42009264 0.026639212 0.039054498 0.022942742 0.56980246 0.037534785 0.018278413 4.2159e-20 0.020289231 0.8646602 0.015019215 0.015139989 0.10162553 0.0030187045 0.0056764474 0.07239681 0.3461798 0.0006168478 0.0016446168 0.41251674 0.033397753 0.010614046 0.002405965 0.2973929 0.65416974 0.11500158 0.0028793637 0.002118851 0.0033491282 0.36809278 0.00016686649 0.27665317 0.37385795 0.0053736633 0.0316763 0.19429965 0.00020638751 0.110071935 0.05045227 0.04291083 0.0011096773 0.24578568 0.0010652591 0.0006204509 0.00041289613 0.038414728 0.050510056 1.1678562e-05 0.00017121977 8.048899e-05 5.4451295e-05 0.030562745 0.32489723 1.7798275e-05 5.3716107e-05 7.577686e-05 0.022232171 7.462236e-06 0.010506834 0.26591662 7.807192e-05 0.016188147 3.9334645e-05 1.3787788e-06 0.0066405297 8.822381e-06 0.000479133 0.00030205993 0.00031746307 0.00022086386 0.00023997719 8.197531e-06 0.0005936491 0.20630392 0.16320236 3.8157617e-05 0.0001130508 1.1614796e-05 0.0031697962 0.111769065 0.0008802077 0.051743288 0.001082423 0.0027990139 0.015817486 0.0010354911 2.2544857e-05 1.2497751e-05 0.012609842 0.056850698 0.00031814378 0.03194876 0.008737124
0.0001709354 0.32127747 0.42161092 0.13624457 0.15962337 0.12821375 0.033521634 0.26214328 0.02524321 0.12902613 0.5772261 0.29096234 0.090850234 0.04672353 0.08347975 0.020289231 1.4725534e-21 0.010629489 0.05675016 0.059857 0.047358226 0.43950027 0.6094933 0.22898251 0.039109692 0.36455527 0.264986 0.07106443 0.06393726 0.05520384 0.018778434 0.02657772 0.005830885 0.027656008 0.00764644 0.009067469 0.09705544 0.02627485 0.032428432 0.0044725644 0.015151998 0.023607185 0.01607819 0.007985848 0.0011913384 0.010383059 0.024844643 0.0070899897 0.00806193 0.00902467 0.0030756244 0.0037892424 0.020894477 0.0042511323 0.004311276 0.0005292467 0.0029359818 3.897557e-05 0.00024458012 0.0024930476 0.00059387734 6.776638e-05 0.00018816185 0.002952226 0.00079465203 4.4626646e-05 0.00045416667 0.0019165411 0.002205261 0.0008216507 0.0012897523 3.3487053e-05 0.00028112394 8.166495e-05 5.208877e-05 0.0035076863 0.0033273986 0.0007900005 0.00075194286 4.6057823e-05 2.7368867e-05 0.0015658704 0.0008056495 1.1371906e-06 5.5910492e-05 1.8587875e-06 0.00018219923 0.00063370116 0.0009231749 0.00017015162 9.2452065e-05 7.75686e-05 7.921615e-06 0.0012656183 0.00010487067 0.00019220174 0.0008647484 0.00033748228 0.000637689 0.00027919517 0.00019783275
0.44397327 0.086056404 0.056478005 0.24234308 0.1491173 0.335782 0.38799387 0.11287471 0.48835433 0.04616042 0.026596058 0.025304945 0.45100978 0.14310186 0.028445465 0.8646602 0.010629489 6.0479363e-22 0.03368355 0.06330239 0.29222077 0.0035988155 0.0029020784 0.009790462 0.19433308 0.00012294321 0.0017890631 0.5761759 0.056016624 0.029699683 0.005003102 0.12756187 0.6667203 0.03092932 0.0056950604 0.0045362455 0.00031904798 0.47795156 0.00025225562 0.20884155 0.5457619 0.013152463 0.08020998 0.15157901 0.0007103403 0.2598044 0.06684638 0.12619577 0.0023320625 0.59029144 0.0045224703 0.0030617043 7.459564e-05 0.008995747 0.0072806617 1.0850501e-05 0.00089688966 1.0785074e-05 8.617952e-06 0.0647598 0.381686 1.1128745e-05 1.6238884e-05 2.0089306e-05 0.030076893 1.6620555e-05 0.0054138936 0.4281736 0.00023101174 0.018865028 5.029711e-05 2.591117e-06 0.0055308407 1.3803216e-05 4.458312e-05 0.000977012 0.0009018979 4.7691927e-05 0.00041813846 3.0895305e-06 0.00014507984 0.32897887 0.14837195 4.8706943e-06 5.692499e-05 2.0297318e-06 0.0007552756 0.109511554 0.00869144 0.06466172 0.00020715896 0.0006874138 0.009165067 0.0053156945 4.1142193e-05 0.00015488848 0.00520125 0.02345507 0.0012669461 0.014058403 0.003662031
0.3428031 0.26494646 0.23640105 0.092706986 0.40611917 0.027648946 0.06489578 0.014720041 0.07341303 0.59339523 0.1531285 0.30290452 0.010490434 0.7911447 0.5695163 0.015019215 0.05675016 0.03368355 5.331497e-18 0.47818515 0.2712003 0.024436217 0.010047457 0.013529069 0.0021166354 0.009620232 0.018651536 0.08347703 0.33987528 0.71774364 0.63678485 0.0041425233 0.0018213349 0.0047009657 0.4382536 0.34495017 0.0021978924 0.050328538 0.01230373 0.0010313066 0.036423095 0.5406815 0.393911 0.0019025345 0.19203018 0.13310292 0.12551738 0.14854296 0.28721333 0.05003168 0.1741594 0.20238864 0.00021327756 0.00067083986 0.0004727552 0.0007443994 0.15812603 0.034915995 0.028012624 0.13127929 0.00071833667 0.004434807 0.02302169 0.00012283774 1.6893837e-05 0.000980094 7.0521646e-06 0.022179717 0.021413151 7.3596544e-05 0.0129826125 7.68183e-05 6.552164e-05 0.0008791854 2.2311174e-06 0.031724144 0.015413633 7.8818906e-05 0.034246374 0.00070593884 4.6844452e-06 0.0031096386 0.0006833993 1.2457073e-08 0.0063058776 2.0380517e-07 1.2447667e-06 0.0011777784 0.094445944 0.0015605827 1.3912537e-05 2.7686144e-07 1.4396688e-06 0.09271393 0.0044242973 0.004397382 1.7252227e-05 0.012415972 0.02550977 5.6712746e-05 3.3083404e-07
0.0021786087 0.19874375 0.35813403 0.07511163 0.18028532 0.036412343 0.035856534 0.0141223 0.034000218 0.45409578 0.22048934 0.6923883 0.05017223 0.31727913 0.770959 0.015139989 0.059857 0.06330239 0.47818515 1.2263781e-19 0.14252985 0.05508187 0.010526517 0.008679802 0.0025877305 0.011001054 0.07779974 0.032188054 0.11163221 0.25106677 0.44875285 0.0045481557 0.0020806338 0.001512174 0.39327246 0.49630234 0.0021973986 0.026967827 0.109160386 0.00060000486 0.015007955 0.1320888 0.1227087 0.0041672466 0.22315666 0.027354471 0.044993944 0.0592843 0.2862081 0.017555358 0.029907636 0.054801133 0.00012536363 0.0006015876 0.001085984 0.004454152 0.060234416 0.03621877 0.02002499 0.023515739 0.0003274667 0.0041003707 0.015725225 0.000106393 0.0004665615 0.0009661047 0.0005111171 0.00406074 0.017149808 0.00096761645 0.010012587 0.00028353345 0.0004093383 0.00029700706 9.607234e-05 0.008082437 0.0058019403 0.00013953535 0.0033435288 0.00015413095 3.739689e-05 0.002894505 0.00043920803 7.7733475e-08 0.0005633189 1.1409318e-06 0.00017734677 0.00043607675 0.004227534 0.00027123463 6.0099206e-05 2.918019e-05 7.647099e-06 0.012112191 0.00095013477 0.0011388762 0.0007822355 0.0016593243 0.0038008604 9.973779e-05 4.050403e-05
0.37543285 0.27037257 0.19953534 0.55872256 0.7322427 0.19554143 0.56837267 0.08685501 0.6233122 0.23429659 0.07693491 0.06463641 0.054737296 0.63232106 0.1784825 0.10162553 0.047358226 0.29222077 0.2712003 0.14252985 7.456456e-20 0.007147515 0.008908679 0.02266213 0.033455644 0.0018703138 0.003989407 0.5122991 0.7803371 0.40368843 0.045746583 0.011968026 0.016654067 0.0074725407 0.048817776 0.015508522 0.002302436 0.38346127 0.0005080281 0.005672197 0.28503335 0.10780579 0.6352202 0.008113939 0.007083937 0.6391584 0.57568866 0.5219043 0.01609978 0.30436668 0.015377351 0.014030096 0.00047409095 0.0023770162 0.000900066 4.3685027e-06 0.0071048737 0.00017503541 5.8523827e-05 0.24235205 0.008462458 4.5599794e-05 0.0002624044 4.4199613e-05 0.00038930067 3.2822878e-05 0.00019115907 0.1296247 0.0013992 0.0010148719 0.0010602396 6.1572578e-06 0.0003786439 2.6201096e-05 1.148783e-06 0.001975251 0.0025594188 0.00016095933 0.0031513888 3.1114185e-05 4.9512955e-06 0.029913072 0.013907378 2.8796107e-08 0.00020778061 1.0522255e-07 1.576109e-05 0.008000815 0.028463423 0.005731374 7.118971e-05 5.1139987e-06 4.7647012e-05 0.04367436 0.00021781764 0.0009917902 0.00026549606 0.021254178 0.004754613 0.000587889 1.8794226e-05
8.807281e-06 0.0671728 0.15330322 0.0115117235 0.023547629 0.008885384 0.004190217 0.006597866 0.003379335 0.047666855 0.35129553 0.3262729 0.008527386 0.017981555 0.04869751 0.0030187045 0.43950027 0.0035988155 0.024436217 0.05508187 0.007147515 9.511334e-21 0.1821451 0.012663307 0.0018004633 0.45001176 0.4555209 0.01614935 0.025325444 0.030197255 0.010298825 0.0026478076 0.00031914384 0.0014169056 0.0059253685 0.022586856 0.005440427 0.006138248 0.08824807 0.00059827755 0.0035453008 0.013385308 0.005528086 0.0008112879 0.0010303683 0.0025965597 0.0035199341 0.0019764814 0.0022589203 0.002837033 0.00055305904 0.00097610534 0.0008917923 0.00010648314 0.0004494255 0.003591824 0.00056447514 4.4870278e-05 0.00016142297 0.00090821856 8.52708e-05 2.9441075e-05 6.6486784e-05 0.0001552345 5.8823636e-05 7.653742e-05 4.7343263e-05 0.00060538267 0.00041890223 8.1370774e-05 0.00016285699 6.9022494e-06 9.89168e-05 9.857491e-06 8.717459e-06 0.0010443648 0.00055306277 6.1047554e-05 0.00043300862 1.6017066e-05 3.2225087e-06 0.0018051004 8.8331435e-05 1.1284393e-07 5.042924e-05 5.5608183e-07 7.97682e-06 0.00017447758 0.0006919263 9.046454e-05 4.973709e-06 3.0920744e-06 4.2648126e-06 0.00054371025 1.7108227e-05 1.7128648e-05 8.542953e-05 0.0005140859 0.00034609385 4.4300472e-05 4.1819408e-06
6.877865e-06 0.12740391 0.14939249 0.029814623 0.04853919 0.053456824 0.01269888 0.07034644 0.011959659 0.018019244 0.29412505 0.07015018 0.021794913 0.0071535367 0.017259896 0.0056764474 0.6094933 0.0029020784 0.010047457 0.010526517 0.008908679 0.1821451 6.709565e-22 0.1844941 0.026109492 0.33951613 0.08210978 0.035031565 0.028473523 0.014162639 0.0025418827 0.008368163 0.0010997534 0.015950447 0.0017692929 0.0013993828 0.10741379 0.0096755 0.0065200035 0.002005514 0.0068415254 0.0073110913 0.005510117 0.0016250892 0.00029722185 0.004193905 0.009248941 0.003183136 0.0013919452 0.004892321 0.0002528626 0.0005076106 0.028432345 0.0018134895 0.0008986127 0.00014309291 0.00042921447 1.1746665e-05 7.268628e-05 0.0011687606 0.00013393389 1.7182965e-05 0.00020124177 0.0032758885 0.00014868585 9.6605445e-06 0.00025064682 0.0005589308 0.00046090782 0.00013361507 8.388117e-05 6.9258085e-06 0.00010839844 7.2487637e-06 5.176065e-05 0.0007154355 0.00058082875 0.001486124 0.00028597502 8.043432e-06 2.526472e-05 0.0011985135 0.00015628696 6.521586e-07 8.984451e-06 5.205954e-06 8.144267e-05 0.00017311038 0.00063425885 4.5532695e-05 5.6909084e-05 2.7904784e-05 6.499405e-06 0.0009643516 7.982824e-06 1.26218065e-05 0.0003136278 0.0002899911 0.0002401583 0.00020529097 2.019663e-05
0.001094715 0.21938252 0.19571881 0.075948544 0.14481995 0.18392256 0.039277617 0.3981559 0.03844161 0.038365524 0.14947154 0.023736576 0.17289843 0.008645402 0.019801175 0.07239681 0.22898251 0.009790462 0.013529069 0.008679802 0.02266213 0.012663307 0.1844941 1.2652393e-20 0.25577655 0.02223961 0.005958325 0.20943668 0.0626843 0.009929037 0.0050855675 0.23350547 0.005679025 0.28813064 0.001243396 0.0011377456 0.3896488 0.05251946 0.001629008 0.013456142 0.018557027 0.004981347 0.007357403 0.047872838 0.00014443639 0.009227226 0.02930688 0.0045522563 0.0006935092 0.002112877 0.0002583079 0.00036409692 0.15093698 0.11813154 0.04768022 3.13514e-05 0.00048190757 3.1767959e-06 3.502418e-05 0.0006445282 0.00037716265 1.9030806e-05 7.371093e-06 0.013793776 9.18746e-05 4.846105e-06 0.00026176134 0.00080481323 0.00020257308 8.380162e-05 0.00011700775 6.3249536e-07 9.3713476e-05 1.1913121e-06 3.5870657e-05 0.0005370302 0.00083298003 0.004301502 0.00018289787 4.0005426e-07 3.288771e-05 0.00096604205 0.00066733576 1.02209915e-05 5.240609e-06 2.0531954e-06 3.1147258e-05 0.0006042132 0.00020058842 8.430872e-05 0.00078762596 2.760526e-05 6.880532e-05 0.003674227 9.007959e-06 8.756311e-06 0.00058417936 0.0010504414 0.00065827224 0.00019229563 0.00015132906
0.017616205 0.083689615 0.050350696 0.08590745 0.03139568 0.282765 0.046152737 0.49282402 0.044220213 0.0136276325 0.08115483 0.008850789 0.57422173 0.0046190033 0.005303211 0.3461798 0.039109692 0.19433308 0.0021166354 0.0025877305 0.033455644 0.0018004633 0.026109492 0.25577655 6.0522033e-23 0.0012429651 0.0006277382 0.23026611 0.02789961 0.0031088295 0.00037501656 0.6671155 0.20865454 0.43093848 0.00032378433 0.00036099128 0.026161168 0.08307759 0.00018969733 0.25604224 0.045865737 0.0015944521 0.008237888 0.5546455 2.6243108e-05 0.01567343 0.020832244 0.0072880466 9.574873e-05 0.015364262 0.00011478489 9.348308e-05 0.0072611463 0.1380831 0.1654692 1.8863448e-05 0.000100666235 1.0412841e-06 1.142509e-05 0.0016972773 0.010777133 9.628894e-06 7.108852e-06 0.00079945533 0.005863394 5.9543686e-06 0.0052739074 0.010865073 2.6309164e-05 0.0025409353 1.1794857e-05 4.8812245e-07 0.0012754687 1.2617359e-06 0.0004930394 0.00041856355 0.00023085007 0.0008916345 9.092727e-05 4.889443e-07 0.0002313923 0.0045008413 0.010241601 1.608747e-05 9.710348e-06 5.3054387e-06 0.0005107819 0.010683824 0.00019909974 0.0031980225 0.0012929525 0.0007498108 0.0010621827 0.0007998199 1.04939745e-05 2.2238382e-05 0.0034884522 0.00084526296 0.000650807 0.003147544 0.0017073249
3.4246693e-07 0.054788 0.06356326 0.006902935 0.018376555 0.0095205 0.0015409875 0.011833047 0.0012506283 0.013408412 0.23449086 0.07855693 0.0027374872 0.0026877248 0.013191586 0.0006168478 0.36455527 0.00012294321 0.009620232 0.011001054 0.0018703138 0.45001176 0.33951613 0.02223961 0.0012429651 1.4314058e-24 0.38190252 0.007751573 0.011331419 0.009926494 0.0022816842 0.0014345812 2.7209308e-05 0.00048593438 0.0012248984 0.002481981 0.011638782 0.001852378 0.020425033 9.68011e-05 0.000712821 0.0027801415 0.0009775059 0.00049498084 0.00012825713 0.0002629957 0.0010793802 0.00033882348 0.00019999054 0.00039371292 7.445464e-05 0.00014990475 0.0019289848 5.936103e-05 0.000102263395 0.00060003885 5.748982e-05 5.7720745e-06 4.8199577e-06 0.00019141611 2.0785306e-05 2.663855e-06 2.3225019e-05 0.00016748268 2.3691267e-05 4.951286e-06 7.196076e-05 8.087225e-05 6.4367865e-05 2.4299903e-05 6.313272e-06 1.4250581e-06 1.7546787e-05 2.4484875e-06 1.0295022e-06 8.8376844e-05 5.7008223e-05 7.725963e-05 2.280306e-05 4.1057996e-07 7.0279907e-07 0.00013379294 3.3664764e-05 2.4174482e-09 3.6757112e-07 7.2961754e-08 6.713441e-06 4.5267418e-05 5.328045e-05 9.004626e-06 3.194267e-06 1.714369e-06 1.045737e-07 0.00036126748 4.8181514e-06 4.4453063e-06 1.7337134e-05 4.6747315e-05 5.6087472e-05 2.513605e-05 3.9556417e-06
2.1066355e-06 0.03897313 0.09458611 0.0029034223 0.009364349 0.00357273 0.0013999594 0.0023813525 0.0010909744 0.035414707 0.29254854 0.42204106 0.00435835 0.009139488 0.05324425 0.0016446168 0.264986 0.0017890631 0.018651536 0.07779974 0.003989407 0.4555209 0.08210978 0.005958325 0.0006277382 0.38190252 1.6847661e-20 0.011873481 0.017008753 0.023772357 0.0119230505 0.00080319535 0.00015021987 0.0009142317 0.011870628 0.04331299 0.0017305486 0.004453904 0.40238565 0.0005247205 0.0022545536 0.012014089 0.004251736 0.000288392 0.002814767 0.0025563973 0.0022449973 0.0019094391 0.0024914732 0.003287592 0.0007518655 0.0011601701 0.00026513854 3.333611e-05 0.00024480064 0.0254464 0.0007994893 0.00039804456 0.0009325074 0.0008493723 6.712817e-05 0.00012314117 0.00015398138 9.297425e-05 3.054505e-05 0.0018634388 5.060769e-05 0.0006324529 0.00035055622 3.2606546e-05 0.00012602303 2.0539623e-05 5.4371903e-05 1.0186631e-05 3.5659987e-06 0.00048972975 0.00032766914 3.028247e-05 0.0003100978 2.0410727e-05 6.272621e-07 0.0010776095 3.9208728e-05 1.2235019e-08 2.2750732e-05 2.990382e-07 1.9952377e-06 5.5470256e-05 0.00027079345 3.621891e-05 3.19626e-06 3.7171102e-07 3.4000268e-06 0.00055318826 1.0444373e-05 6.8293934e-06 5.4908618e-05 0.00040492564 0.00023064167 2.1578162e-05 1.0565931e-06
0.9550975 0.35559544 0.1488969 0.39542297 0.5121789 0.34237388 0.48064175 0.4701905 0.57882506 0.094974466 0.108262874 0.04353477 0.2922367 0.10579025 0.045312513 0.41251674 0.07106443 0.5761759 0.08347703 0.032188054 0.5122991 0.01614935 0.035031565 0.20943668 0.23026611 0.007751573 0.011873481 5.2527825e-19 0.24744514 0.08114373 0.008503721 0.23036027 0.19005355 0.12144171 0.010231789 0.005090174 0.016029552 0.7427674 0.0037593583 0.09302849 0.6651532 0.05528143 0.097362936 0.07398879 0.0017887177 0.34513098 0.27795407 0.11354841 0.0038183336 0.46421957 0.0067954734 0.0038748088 0.0034743864 0.05092053 0.045343917 6.976938e-05 0.0007642197 0.0005424915 0.001017304 0.071436636 0.13506207 0.00019310994 0.00013338373 0.00061342446 0.00597144 0.00013494227 0.0020929757 0.2917093 0.00016464209 0.0064512994 6.4461725e-05 1.7204184e-05 0.0041410676 1.553406e-05 7.849464e-05 0.00019278204 0.00012115587 0.00080806913 0.0002480004 1.3452794e-05 4.8939306e-05 0.18285584 0.059338056 8.975792e-06 0.00028340178 1.6673484e-05 0.00018963907 0.048906863 0.00316054 0.025124583 0.0009805665 0.0001802095 0.008415794 0.0054703243 2.500777e-05 4.3152064e-05 0.004462335 0.108536884 0.0017306319 0.0073797987 0.0018964136
0.92316276 0.37616637 0.21878275 0.18559654 0.6084646 0.0690588 0.19027933 0.07491122 0.23911746 0.177221 0.12605427 0.12588641 0.019768156 0.30800098 0.14382917 0.033397753 0.06393726 0.056016624 0.33987528 0.11163221 0.7803371 0.025325444 0.028473523 0.0626843 0.02789961 0.011331419 0.017008753 0.24744514 2.1101526e-17 0.5190224 0.08533762 0.017445209 0.007943245 0.019688979 0.07779656 0.037329797 0.0072191586 0.16575934 0.0066945045 0.0034968145 0.11443504 0.49921718 0.7185602 0.006091894 0.030723287 0.24808499 0.5606116 0.40313318 0.022879839 0.11785533 0.07990196 0.047165442 0.0021251233 0.008672976 0.0039781723 0.00026865024 0.011327729 0.008235924 0.004443031 0.22693056 0.0024225896 0.001734772 0.0039108573 0.0004275774 2.1534785e-05 0.0007520462 2.2437693e-05 0.045883473 0.0024653133 8.950803e-05 0.002359731 0.00011764531 0.00013714391 0.00023848398 3.3581243e-06 0.0020135178 0.002537516 0.00046827097 0.0042969612 0.00014094367 1.9158906e-06 0.011253916 0.0037768872 2.504579e-07 0.0011669439 1.0598255e-06 3.2799676e-06 0.0042908494 0.022302255 0.0035191472 6.782243e-05 1.1921884e-06 0.00033535514 0.06460776 0.0007698779 0.0017265247 0.00023558958 0.06931645 0.013725126 0.00078870193 1.446886e-05
0.83195704 0.23557802 0.16009876 0.121868305 0.50333816 0.021345261 0.105185844 0.01731696 0.12640107 0.34124306 0.12818216 0.21094812 0.0037499638 0.59588104 0.4057259 0.010614046 0.05520384 0.029699683 0.71774364 0.25106677 0.40368843 0.030197255 0.014162639 0.009929037 0.0031088295 0.009926494 0.023772357 0.08114373 0.5190224 1.2209313e-18 0.4977329 0.00570897 0.00049291993 0.004805285 0.40245968 0.22423932 0.0026151408 0.059826046 0.0140782 0.0006969519 0.046066515 0.8280709 0.5580402 0.0025706259 0.25627312 0.16256718 0.18224669 0.21357939 0.21645346 0.035051685 0.29480916 0.24998748 0.0006329923 0.0012818028 0.00091892615 0.0007157324 0.14270625 0.041763026 0.028003993 0.18284622 0.00016457551 0.0033248563 0.027674822 0.00011124792 1.4097093e-06 0.002722409 4.396283e-06 0.010604374 0.025012925 7.4198356e-06 0.0192607 0.00031725212 2.1868796e-05 0.00041572674 1.5377005e-06 0.020005211 0.012512386 0.00014398941 0.030454613 0.00051166996 9.289786e-07 0.0028312625 0.0013468538 9.663938e-09 0.0020525125 1.9801912e-07 7.684998e-08 0.0017311535 0.10667482 0.0012908924 2.442332e-05 2.015183e-08 1.9071457e-06 0.1550989 0.0024811907 0.0054546543 2.1615317e-05 0.05629418 0.03269424 0.00012027713 2.3211001e-07
0.1346946 0.03494501 0.082454346 0.01791814 0.08606053 0.0020383426 0.0052952715 0.001183707 0.0048175016 0.2537959 0.04746956 0.22522354 0.0030646108 0.20857257 0.44615126 0.002405965 0.018778434 0.005003102 0.63678485 0.44875285 0.045746583 0.010298825 0.0025418827 0.0050855675 0.00037501656 0.0022816842 0.0119230505 0.008503721 0.08533762 0.4977329 2.678034e-18 0.0017441032 0.00036312445 0.0009344793 0.79907954 0.53388023 0.0016072105 0.0016520856 0.01700013 0.00024891814 0.00088517554 0.3829103 0.16831224 0.0011470781 0.6999359 0.009388026 0.023821827 0.049567897 0.7018941 0.004691319 0.22588557 0.4282446 0.00044917886 0.00036279112 0.000448792 0.0018802204 0.39609545 0.15055102 0.10408238 0.043973573 7.652699e-05 0.014556436 0.21910712 0.00041471975 7.886068e-06 0.003212199 1.0576805e-05 0.00222224 0.16824625 2.8091183e-05 0.0559654 0.0011092095 2.0898144e-05 0.0058741877 1.106434e-05 0.0773217 0.0611114 0.00057105324 0.05481556 0.0077940514 1.7326904e-05 0.00053926633 0.0001207518 9.35965e-08 0.011789787 2.8296856e-06 1.3596268e-05 8.27129e-05 0.06379666 0.00012998996 0.00010021881 5.937844e-06 4.533103e-06 0.14666909 0.015271142 0.012800578 3.8884053e-05 0.0022175019 0.044571087 1.5616836e-06 7.78341e-07
0.062148876 0.058050238 0.026082663 0.035970513 0.01525719 0.13016771 0.022573944 0.32795691 0.019854594 0.0062766313 0.038015347 0.015467497 0.5514054 0.0019121022 0.010075456 0.2973929 0.02657772 0.12756187 0.0041425233 0.0045481557 0.011968026 0.0026478076 0.008368163 0.23350547 0.6671155 0.0014345812 0.00080319535 0.23036027 0.017445209 0.00570897 0.0017441032 4.225492e-22 0.40624824 0.51466304 0.0023522882 0.005048169 0.013263206 0.07982433 0.00017680874 0.4846623 0.06044278 0.0013528146 0.01282517 0.80086493 0.00010782056 0.020061702 0.012368911 0.00465692 0.00021442864 0.02210272 6.227388e-05 6.499985e-05 0.004539312 0.1836521 0.30608165 9.040067e-06 4.4468477e-05 2.5630945e-06 1.0545099e-05 0.0024374432 0.043038808 1.5044531e-05 5.2527625e-06 0.0008308875 0.0300592 3.9944107e-06 0.020747753 0.011958614 1.1386898e-05 0.009093544 6.588805e-06 2.9266334e-07 0.0030981372 5.311374e-07 0.0017676331 8.4542284e-05 7.7724995e-05 0.0012311781 3.2016647e-05 3.5107144e-07 0.0010223873 0.007644161 0.015880354 9.949487e-05 1.0049248e-05 0.00026218733 0.0036904747 0.018975403 6.8622685e-05 0.004963818 0.0026906226 0.0040489766 0.0044577713 0.00022430132 9.847554e-07 2.0025848e-06 0.008889465 0.0041182274 0.00031657028 0.008628939 0.0065907347
