1.8134205e-30 0.8756849 0.6945147 0.97074205 0.41158044 0.9825989 0.9817935 0.9850079 0.97238433 0.9544822 0.99477893 0.98072857 0.8474153 0.95615 0.9637515 0.84957397 0.6204587 0.778676 0.94242346 0.69743496 0.9976188 0.6957439 0.4169496 0.9822315 0.82442456 0.67861146 0.8445002 0.15049668 0.9169705 0.9619023 0.87782025 0.72565764 0.555268 0.4953633 0.94452834 0.2665584 0.20486581 0.014544191 0.6820593 0.98466486 0.057675358 0.06186591 0.53811836 0.25858766 0.054452963 0.02602569 0.15308492 0.21821268 0.79674333 0.03772977 0.01678483 0.01852304 0.0066573746 0.9911219 0.0060575483 0.028226633 0.012863749 0.15370755 0.56895804 0.99807435 0.043240823 0.00651042 0.0054254616 0.002120914 0.004218744 0.01754878 0.0031225956 0.00806986 0.9675147 0.6431953 0.0010409739 0.072312385 0.0005133185 0.0641357 0.0018003054 0.025771117 0.99718606 0.005257627 5.778257e-05 0.99162906 0.00043949208 0.6082808 0.97843915 0.00015715696 3.3261467e-06 4.543798e-06 0.99843127 4.2338783e-05 0.988281 0.914711 7.638301e-06 0.000101818 0.9934153 3.2787935e-05 0.00024794438 3.2618598e-06 0.40559673 0.25996354 0.99939495 3.193891e-05 0.339358
0.8756849 3.189864e-20 0.5658816 0.858142 0.8139837 0.06306471 0.6287475 0.610766 0.22812131 0.06265618 0.07966588 0.0040432233 0.01185756 0.20457157 0.28183702 0.098300494 0.1770495 0.116544336 0.0003687445 0.031732406 0.3342458 0.03996302 0.17129013 4.3305958e-05 0.014759337 0.1537334 0.0134309875 0.062094387 4.5525274e-05 0.010896674 0.083794095 2.072706e-06 0.001159935 0.033675954 4.1067688e-06 0.049549606 0.0071774847 0.00011840699 0.0024716412 0.0068356814 0.015406923 2.2045897e-06 0.006082545 0.011399574 0.019413747 0.0016502651 1.6407974e-05 8.142058e-06 0.00017074902 0.026468953 0.0014768853 0.000236871 0.0043328665 8.23755e-05 0.0017547341 0.013856985 0.0037979234 0.003942124 1.586063e-06 0.030852338 0.00023747042 0.0052112443 0.002295593 0.0037356187 0.0010321641 0.00012910955 1.9012086e-05 0.0010591254 1.900846e-05 8.25741e-07 5.9549956e-07 1.4916111e-07 9.831598e-06 1.9388025e-07 3.251392e-05 2.6864944e-08 0.006769623 1.1342948e-07 6.139635e-05 2.1327887e-05 5.190071e-06 4.0952218e-05 0.0067600072 3.6347555e-07 1.5383614e-05 4.4650693e-05 0.0063134492 2.8746705e-05 1.372925e-05 0.0037657362 5.799102e-05 2.3583437e-08 0.005815587 5.756106e-06 2.5461625e-06 2.8331759e-05 2.11481e-06 1.6641054e-06 0.0050562248 1.0763506e-05 1.2368308e-07
0.6945147 0.5658816 2.9925088e-21 0.5806806 0.9067403 0.3748876 0.2632499 0.5649796 0.5726517 0.09642471 0.15112433 0.003817294 0.040556885 0.043309614 0.07196212 0.20133144 0.12919222 0.24913667 0.004757257 0.15721448 0.2702146 0.04963741 0.13292415 0.0006360118 0.0070654373 0.032180756 0.04372318 0.12997352 0.0010114696 0.0049760677 0.012948226 0.00035629972 0.015708167 0.0575149 0.00051376637 0.03753024 0.040494394 0.0039660996 0.0012749238 0.047640264 0.017691823 0.0006225945 0.0038171194 0.007464749 0.019567277 0.019508483 7.924483e-05 2.1622944e-05 9.434072e-05 0.024225665 0.02386376 0.006146563 0.027849393 3.869554e-05 0.016429795 0.014529046 0.015437993 0.008775778 1.1167753e-05 0.02185672 0.00085483806 0.004249912 0.0057586837 0.0036435972 0.011326648 0.000507031 0.001062165 0.000562703 0.00040051222 0.00021732485 9.151327e-05 3.9511174e-06 3.3537708e-05 1.3449329e-05 0.0001981666 6.511276e-07 0.0071044536 3.2553382e-07 0.00035270528 7.960044e-05 9.650434e-06 0.00019058422 0.0032672398 5.0806225e-06 0.00072506693 0.00063321454 0.0056668576 1.8839699e-05 0.00037045087 0.0022116024 0.00021161357 2.6142502e-06 0.002798963 7.6049314e-06 8.262385e-06 6.144643e-05 1.7646013e-05 1.29158125e-05 0.0048067104 0.00019441212 7.0378906e-07
0.97074205 0.858142 0.5806806 2.530614e-17 0.5815939 0.052535757 0.7797818 0.78509784 0.15386803 0.054205675 0.071495295 0.0038261728 0.0063800355 0.22883362 0.43990424 0.122633174 0.05824314 0.23964156 0.00066300156 0.02007405 0.29154354 0.057040736 0.29345235 0.0002251236 0.013160706 0.32391396 0.017801283 0.04587014 9.4194e-05 0.009535266 0.13308294 1.3580757e-05 0.0027832915 0.07457246 7.74387e-06 0.118231535 0.005537058 0.00016014936 0.00094011077 0.00442113 0.030309929 5.2299347e-06 0.0055849715 0.015881028 0.018182615 0.0018137663 4.2761512e-06 2.9805947e-06 0.00014586466 0.032386553 0.0021710973 0.0007125321 0.0032200941 0.00010268391 0.0018992804 0.027349567 0.0073882337 0.00279069 4.058188e-06 0.024548573 0.00042187356 0.006634671 0.0057494952 0.008908675 0.0021474706 0.0003915783 4.6758196e-05 0.01002645 2.9979861e-05 1.062634e-06 3.3548563e-06 3.3931142e-06 7.6495395e-05 2.1365364e-07 0.00015204339 3.8425483e-08 0.00979142 6.982987e-07 0.001711832 0.00026525007 0.00013704832 2.1125094e-05 0.008156879 8.043615e-08 7.872013e-05 0.0002364907 0.010350276 0.00020364366 5.1225925e-05 0.0030378446 0.00035237847 2.3220123e-07 0.004796577 4.6820714e-05 1.2177066e-05 0.00014483902 2.9906541e-06 1.553343e-06 0.008224747 5.835713e-05 1.13862136e-07
0.41158044 0.8139837 0.9067403 0.5815939 7.1980074e-23 0.027745416 0.32247093 0.40176117 0.16006991 0.037875652 0.052314624 0.0008394739 0.012601732 0.2482341 0.20866483 0.051171936 0.32751578 0.08438557 0.00092666876 0.03164138 0.29370624 0.02459555 0.16998588 0.00014582655 0.016534694 0.03451017 0.009669767 0.07823223 0.00027362353 0.012558603 0.023651872 1.7476144e-05 0.0041870694 0.03455666 5.3734813e-05 0.057882916 0.012604214 0.0019140296 0.0043909177 0.01045775 0.021241495 1.646216e-05 0.003952358 0.008177492 0.026599787 0.011582847 0.00043385042 0.00010902484 0.0013444008 0.029987477 0.018508665 0.002978901 0.02073108 0.00012274827 0.011411501 0.015064395 0.009083026 0.016163772 2.266889e-05 0.027833518 0.0024706111 0.0063775475 0.0033334666 0.0039983806 0.006185577 0.0015732258 0.0004699146 0.0010655014 2.5869434e-05 3.5910482e-06 2.0957417e-05 8.41855e-06 3.5363944e-05 1.2760221e-06 0.00012927281 2.1944354e-06 0.0029833831 2.0181508e-06 0.00019071823 9.324358e-05 1.2075739e-05 0.00044105656 0.0044461396 4.041573e-06 0.00022154464 0.00023301481 0.0025690831 7.117613e-05 1.223177e-05 0.0028834045 0.00020276656 9.770697e-07 0.0026438246 7.004729e-06 5.8984488e-06 6.037386e-05 4.5136193e-07 2.1293827e-05 0.0022891918 0.0001086716 4.3910118e-06
0.9825989 0.06306471 0.3748876 0.052535757 0.027745416 3.043051e-17 0.030352797 0.16569887 0.7848847 0.8752962 0.52659255 0.32678515 0.5028332 0.0033026855 0.016226353 0.45617926 0.0011513309 0.19114013 0.1557092 0.593683 0.14221027 0.13093002 0.014022866 0.013220831 0.0015476887 0.01109962 0.24724968 0.09541083 0.019923536 0.0005390306 0.0014940571 0.009630953 0.070674606 0.02821257 0.0008439214 0.005236165 0.12259821 0.0031723229 2.3199086e-06 0.15955825 0.0044329534 0.0013871625 0.00014234622 0.00022750616 0.0016311143 0.06643344 1.4987857e-06 8.098712e-08 4.2333454e-07 0.0021983932 0.046024524 0.02130636 0.016495736 1.5969333e-06 0.014240563 0.0019941013 0.006631413 0.0001128765 1.3162067e-07 0.01930463 2.2370265e-05 0.0015743846 0.0024500748 0.0009030672 0.02029871 1.7259104e-05 0.003700856 0.00019664827 0.00018101872 4.726639e-05 0.0015144484 1.8838485e-06 1.265966e-05 5.791544e-06 2.0149153e-05 1.9396873e-08 0.026267907 3.8343998e-08 0.00048376207 5.913003e-06 5.5924856e-06 9.21482e-07 0.0014595697 5.2879514e-06 0.0008857932 0.0004159506 0.02687797 3.421608e-05 0.0018698393 7.0496666e-05 0.000112912894 2.633841e-05 0.00035117057 1.3178168e-05 0.0011058096 3.1247197e-05 2.0884316e-05 5.4219633e-08 0.014210649 0.0036858597 8.416218e-09
0.9817935 0.6287475 0.2632499 0.7797818 0.32247093 0.030352797 3.743886e-18 0.75394523 0.37173116 0.02340108 0.12886545 0.0018284495 0.012376292 0.2119961 0.111717194 0.037980106 0.39908692 0.021248976 0.00022659736 0.012432501 0.7117942 0.006577683 0.059805337 4.5652618e-05 0.054739952 0.032981783 0.0020031636 0.015518366 8.3749364e-05 0.038126208 0.02420872 1.0653174e-05 0.00022759665 0.0032425146 1.865277e-05 0.010261623 0.00051570736 0.0002460897 0.0013088967 0.010062585 0.00075664854 1.257737e-05 0.001271798 0.0012503337 0.0020667803 0.00046158853 4.048565e-05 5.2042138e-05 0.00030864737 0.0016483759 0.0006496493 9.304513e-05 0.00031518665 0.00012503409 0.00025414248 0.000653778 0.00027022898 0.002899149 8.678895e-06 0.17100498 0.00034935542 0.0001733496 0.00017406575 0.00024635246 0.00023865096 0.00028366136 5.066926e-05 0.0003494982 8.97729e-06 6.171873e-06 2.5126378e-06 1.3210268e-05 0.00016454209 3.8168223e-06 0.00022819976 5.372369e-07 0.02083236 1.2078553e-06 8.4536165e-05 0.00012104582 0.00026295483 0.00013405835 0.030879835 3.480498e-07 1.2488125e-05 3.622457e-05 0.03452214 0.00025154118 3.2442276e-05 0.012874685 0.00011287027 5.026862e-07 0.015110317 0.00010072722 1.09840485e-05 0.00015165196 8.23389e-07 1.544257e-05 0.029586433 3.7239868e-05 3.0927642e-06
0.9850079 0.610766 0.5649796 0.78509784 0.40176117 0.16569887 0.75394523 2.807896e-17 0.80023724 0.091569856 0.32009834 0.010496769 0.015446816 0.06688001 0.18446043 0.15437624 0.02978662 0.15399942 0.004537881 0.0665912 0.57484 0.06867062 0.14486411 0.0013377924 0.00849965 0.14943855 0.04152109 0.04903036 0.0013360666 0.0064453157 0.03365946 0.00058350625 0.00877362 0.031608462 0.00033732943 0.025535965 0.01102611 0.0006142473 0.0008635518 0.017627832 0.0061495327 0.00025457112 0.002908799 0.0025386245 0.0030817708 0.0032155644 6.8329114e-06 1.747033e-05 6.498627e-05 0.003822877 0.0031092074 0.0016861075 0.0028402193 0.0001473724 0.0015777047 0.0022612307 0.0027387603 0.0009503016 5.2342607e-06 0.048254337 0.00014595927 0.00084066286 0.00088202016 0.0006030139 0.0022607576 0.00010970643 0.0002604607 0.0008391851 0.00015630781 4.5872006e-05 7.167381e-06 1.2449009e-06 3.5791756e-05 5.374606e-06 7.4972566e-05 7.1025252e-09 0.02502211 1.7850442e-07 0.00021575663 0.00032162084 9.917429e-05 9.757139e-05 0.01675565 8.704993e-07 5.7452275e-05 5.2158855e-05 0.048701003 0.00015362495 7.453577e-05 0.0035478575 0.00035952358 1.8615228e-06 0.005560196 5.0511255e-05 2.689613e-05 0.00015567409 1.4958113e-06 1.4188134e-06 0.0714293 0.00013879956 1.04308555e-07
0.97238433 0.22812131 0.5726517 0.15386803 0.16006991 0.7848847 0.37173116 0.80023724 2.4033152e-17 0.1864148 0.80891 0.1396379 0.12179374 0.022973498 0.053163018 0.23989546 0.034764957 0.12794678 0.028609794 0.22680141 0.48462644 0.08739809 0.05200397 0.010976579 0.010265862 0.03178553 0.08890577 0.060346216 0.009106657 0.0083077215 0.0034037922 0.003380123 0.02978368 0.014286608 0.0027395636 0.0063109905 0.023425138 0.0037822314 0.00031091718 0.15303977 0.0016281559 0.0017757816 0.00040739804 0.00025567692 0.0007356525 0.007147706 1.2804734e-05 5.903942e-06 1.6654447e-05 0.0010278955 0.005728014 0.004683043 0.0029899785 6.929274e-05 0.0020431986 0.00064666895 0.0019765727 0.00033822318 1.0257459e-06 0.10955665 7.590813e-05 0.00020967565 0.0004265234 0.00022578736 0.004805977 0.00011781731 0.0010820732 0.00033287046 0.0019957263 0.0006822601 0.00019848435 1.9103598e-05 6.423467e-05 2.2310629e-05 0.00018778343 2.1003206e-08 0.06344953 5.1034436e-07 0.0004141978 0.00013155134 8.689749e-05 4.560475e-05 0.029115831 6.132218e-06 0.00033015406 0.00031667628 0.12186139 0.00017552602 0.0016043085 0.002440538 0.0002086392 2.1924217e-05 0.006401336 9.9516124e-05 0.00024373745 0.00023247524 2.1036234e-05 4.229693e-07 0.16860668 0.00059710245 1.8460123e-07
0.9544822 0.06265618 0.09642471 0.054205675 0.037875652 0.8752962 0.02340108 0.091569856 0.1864148 3.0366733e-17 0.1312045 0.08831799 0.13641854 0.0051478874 0.029638465 0.767377 0.00084060844 0.48175505 0.07983554 0.8364886 0.03627792 0.51489633 0.053408947 0.009210275 0.0014230821 0.034477707 0.49262908 0.3604132 0.009763818 0.000980364 0.004275831 0.0026789333 0.19880009 0.15040576 0.001544599 0.02803346 0.27168277 0.0056240126 8.1311276e-07 0.06613562 0.045212585 0.0032896432 0.00035035753 0.0024354544 0.009116473 0.12922364 9.525466e-08 3.2440806e-08 4.5590357e-07 0.012535365 0.15533844 0.051386733 0.10311716 2.3241448e-06 0.059141226 0.029609904 0.07629673 0.00014326673 4.1736495e-08 0.0032894928 7.620883e-06 0.0152422255 0.03507115 0.007873522 0.106089205 6.831803e-06 0.014282638 0.0019281099 0.00087848055 0.0001287698 0.0017211308 1.0601591e-06 3.7431895e-05 5.891343e-06 2.6382026e-05 5.6777245e-09 0.008573997 1.8565329e-09 0.008337084 9.318019e-05 3.9852734e-05 2.7643814e-06 0.00093683676 2.1469996e-06 0.0026110525 0.0030616445 0.006814616 0.00015859542 0.0018297874 0.00013925685 0.0014550085 4.1596422e-06 0.00055265357 1.3841799e-05 0.0018425775 0.00014735539 5.7008445e-05 1.5350024e-07 0.0036543435 0.0056069586 6.49599e-08
0.99477893 0.07966588 0.15112433 0.071495295 0.052314624 0.52659255 0.12886545 0.32009834 0.80891 0.1312045 1.6500528e-18 0.46140236 0.24341407 0.009932546 0.010920129 0.08673841 0.005451422 0.02439395 0.12662418 0.22707078 0.1783318 0.023472099 0.008355508 0.06680173 0.006324683 0.0037652352 0.06830809 0.035433695 0.035142682 0.002574948 0.0007191983 0.014788431 0.069264986 0.003499929 0.005465368 0.0007299203 0.024443172 0.010360216 4.642238e-05 0.39549223 0.0002474811 0.006455103 0.0002889225 4.4888722e-05 0.00011010442 0.00923687 3.1110073e-06 4.120146e-06 9.8015935e-06 0.000104454055 0.0060400204 0.0073177433 0.0016776532 3.2506398e-06 0.0020377412 0.00020366716 0.0012348916 7.021935e-05 7.295698e-07 0.10143944 4.408074e-05 0.00024526005 0.0002586296 3.977463e-05 0.0055297487 3.5657966e-05 0.0019099398 6.5828855e-05 0.0055486797 0.0026374366 0.0012432311 3.6531062e-06 6.958189e-06 8.1404076e-05 9.054817e-05 1.3960343e-07 0.101044215 3.0918502e-06 6.838684e-05 4.9641935e-06 8.092108e-05 5.2295104e-06 0.015620739 8.049348e-06 0.00011832289 6.936819e-05 0.20268646 0.00020564663 0.004894265 0.00020648476 0.00012142423 1.1989833e-05 0.0016501683 5.0327864e-05 0.00029618057 0.0001262227 0.00018003825 7.6221795e-07 0.19532105 0.00042896403 2.2178901e-06
0.98072857 0.0040432233 0.003817294 0.0038261728 0.0008394739 0.32678515 0.0018284495 0.010496769 0.1396379 0.08831799 0.46140236 6.1894765e-20 0.8526812 0.00090211164 0.002058659 0.023549126 0.00018263799 0.011288755 0.6016569 0.079062484 0.010716453 0.020727735 0.0030963665 0.2253979 0.00026952632 0.0012753714 0.18028599 0.016303277 0.19034192 9.983466e-05 0.0002747715 0.06353849 0.21435148 0.0037303676 0.018711548 0.00081072486 0.062633224 0.014181643 4.3231066e-07 0.49187657 0.00034072623 0.026551753 3.5715873e-06 2.5227585e-06 5.7487905e-05 0.021124486 5.8393727e-08 4.5813198e-09 1.610046e-08 7.475531e-05 0.00969904 0.02650811 0.0025051215 2.9085575e-08 0.0019019068 0.00011308478 0.0006576551 2.4302442e-06 1.5114141e-08 0.015406982 1.8541824e-06 5.828005e-05 9.151999e-05 1.0273029e-05 0.0077636987 5.654991e-07 0.0053185723 4.688038e-06 0.0005280438 0.00014934651 0.0021483905 5.5897794e-07 3.0990313e-07 0.00010662408 9.684227e-07 7.86734e-10 0.07277342 6.0238117e-09 1.0521718e-06 1.032547e-07 3.5541646e-07 2.1033513e-08 0.0004102937 2.449771e-05 6.9805146e-06 5.6705983e-07 0.110622056 1.1895195e-06 0.0025295005 2.1754277e-06 1.2309102e-06 7.613012e-05 3.842283e-05 1.2402687e-06 0.001705486 8.22535e-07 0.0001487491 1.7369393e-10 0.07390465 0.00038219476 6.5479275e-11
0.8474153 0.01185756 0.040556885 0.0063800355 0.012601732 0.5028332 0.012376292 0.015446816 0.12179374 0.13641854 0.24341407 0.8526812 7.877376e-16 0.010043233 0.0024582502 0.073843375 0.0028496692 0.007595883 0.7459998 0.28124243 0.03958079 0.020244598 0.0127082085 0.30715567 0.0016082372 0.0023091878 0.1294819 0.047259826 0.24780425 0.0015720959 0.0009045687 0.06779453 0.24816026 0.0059624435 0.030646365 0.0023695664 0.091629386 0.047200054 2.6081852e-05 0.2355384 0.0011306807 0.027249742 0.00050713716 0.00022286313 0.00067677704 0.03477241 4.932286e-05 1.2686846e-06 3.012886e-06 0.0009517513 0.014472056 0.039286107 0.005834436 6.677425e-07 0.0043897396 0.0004992307 0.0016938146 0.00014488172 9.4821655e-07 0.007980979 9.4534e-05 0.00030536734 0.00063546345 0.0002572844 0.011247756 0.00011709873 0.006901549 0.00040648988 0.0034559006 0.0014731064 0.0027277824 1.3973332e-05 2.5804111e-05 0.00039472533 0.0001963722 6.416242e-07 0.032565374 4.5127827e-06 0.0001212998 1.1727781e-05 3.2194443e-05 2.7843562e-05 0.0022445777 0.00024115159 0.0006675989 0.00038568416 0.028702747 0.00010655852 0.004318383 0.0001307879 0.00011449408 0.00044375658 0.0005473379 8.7614615e-05 0.0015642294 0.000115124865 0.0011062104 3.0956533e-06 0.026844023 0.0023244098 1.3070821e-06
0.95615 0.20457157 0.043309614 0.22883362 0.2482341 0.0033026855 0.2119961 0.06688001 0.022973498 0.0051478874 0.009932546 0.00090211164 0.010043233 2.0135523e-17 0.8959648 0.022632213 0.8691562 0.013571869 0.0002515261 0.009360054 0.27974167 0.009333544 0.18242797 0.00013381553 0.3491961 0.19497187 0.0007741381 0.058435716 0.0003700755 0.2071848 0.548176 7.7466475e-06 2.7816783e-05 0.005156909 5.989702e-06 0.13361487 0.0008379008 0.00021547411 0.40743718 0.0015748809 0.00728862 5.5988735e-06 0.16491687 0.11195498 0.08946012 0.0012320301 0.04238356 0.014104807 0.034482807 0.07927318 0.0015403976 0.00027207792 0.0018510809 0.006729563 0.000779216 0.018930765 0.0011103648 0.3604901 0.0058465283 0.11846101 0.085166864 0.004660566 0.00024424656 0.004258359 0.0013241165 0.07749439 8.63683e-05 0.013229969 2.992854e-06 1.5066671e-07 4.198439e-05 0.0011485646 0.0035948965 1.4519506e-05 0.0070437803 2.2650433e-05 0.002114761 0.00011886214 9.038494e-05 0.0014703526 0.0008505699 0.0041754832 0.056559194 1.1667742e-05 0.00027249285 0.00020383834 0.0016329533 0.0007927288 3.7735153e-05 0.02835572 0.00039461546 2.337961e-06 0.026072884 0.0005624305 1.557135e-05 0.00024867943 1.4803281e-05 0.0005944034 0.0011040476 0.00025985413 0.00035656925
0.9637515 0.28183702 0.07196212 0.43990424 0.20866483 0.016226353 0.111717194 0.18446043 0.053163018 0.029638465 0.010920129 0.002058659 0.0024582502 0.8959648 7.823285e-18 0.056948345 0.120767154 0.18741886 0.0003689568 0.005509612 0.1543663 0.051665574 0.5527492 7.971493e-05 0.078818 0.6066075 0.0044013215 0.0535999 8.115207e-05 0.029853906 0.6260684 1.8418466e-05 0.00016260851 0.11696971 1.8520468e-05 0.32442692 0.004233965 4.6773584e-05 0.014131265 0.0015790792 0.063058265 2.6400812e-06 0.16005586 0.20439596 0.19232151 0.00485349 0.0003751654 0.00021587929 0.0005449746 0.2375968 0.010623039 0.00092913455 0.021043006 0.0008468145 0.007688625 0.19479692 0.031479277 0.06692447 3.59106e-05 0.046632487 0.0060285632 0.0552753 0.029180301 0.06319093 0.0027037372 0.007671972 0.00013023229 0.100509405 6.334198e-06 2.3845337e-07 1.9864598e-05 0.00021765797 0.0045388914 9.695169e-07 0.0015238684 3.3235876e-06 0.0022460637 2.9860998e-06 0.009145383 0.00064716587 0.008475202 0.00020825177 0.010014072 1.042743e-06 0.0003285901 0.00084365625 0.0018597603 0.01099528 6.592014e-05 0.007360855 0.005170202 1.1861664e-06 0.0060540256 0.001823017 1.9878544e-05 0.0022273385 2.6017647e-06 1.4759948e-05 0.0018961603 0.00015034585 7.2006305e-06
0.84957397 0.098300494 0.20133144 0.122633174 0.051171936 0.45617926 0.037980106 0.15437624 0.23989546 0.767377 0.08673841 0.023549126 0.073843375 0.022632213 0.056948345 8.918964e-21 0.009051266 0.87299573 0.015022361 0.6095614 0.036686916 0.6694594 0.09724269 0.0006502849 0.002112846 0.042140104 0.29861847 0.62146175 0.0009827676 0.0011696084 0.01649484 0.000107371125 0.076725446 0.19807327 0.00019421292 0.03642761 0.12902926 0.00069024705 1.1043936e-06 0.027090233 0.049593937 0.00026112705 0.0011710796 0.0021065243 0.008301457 0.068231985 7.767897e-07 3.7135372e-08 3.929203e-06 0.018112332 0.091827504 0.017586006 0.08063344 1.8855184e-06 0.054471247 0.040413536 0.05067068 0.00034069552 2.0457037e-08 0.0018001518 1.333679e-05 0.014395036 0.029268462 0.008091217 0.045436803 2.2389559e-05 0.004205129 0.0022697498 5.509777e-05 1.8463876e-05 0.00014923676 3.4576834e-07 3.675061e-06 4.897869e-06 4.328748e-06 3.3470313e-09 0.0032010633 9.578515e-09 0.008217213 3.5285932e-06 6.551261e-06 2.1258224e-06 0.0008757156 3.114424e-06 0.0013415735 0.002523295 0.0025263543 3.4696317e-05 0.00014486734 0.00012933902 0.0004052043 2.1364785e-06 0.0003675808 3.0183733e-06 3.5027355e-05 3.1087075e-05 6.143169e-06 7.773688e-08 0.0014911155 0.0015878688 5.7127565e-09
0.6204587 0.1770495 0.12919222 0.05824314 0.32751578 0.0011513309 0.39908692 0.02978662 0.034764957 0.00084060844 0.005451422 0.00018263799 0.0028496692 0.8691562 0.120767154 0.009051266 1.6539678e-16 0.0030316946 3.7651793e-05 0.00234734 0.52585745 0.0034260682 0.05476465 5.099576e-05 0.8428411 0.021260478 0.00016449626 0.01369034 6.535813e-05 0.6274631 0.03762473 9.276028e-07 6.39035e-05 0.0006889456 1.6585e-06 0.025772618 0.000254582 0.00070750015 0.5414543 0.00069971115 0.00107154 5.2844647e-05 0.018590478 0.006079854 0.0054625776 0.0006627155 0.12137217 0.060689602 0.34124452 0.00533433 0.0017759498 0.0004372083 0.00060579495 0.031324368 0.00033467525 0.0006683813 0.00025014844 0.108377665 0.048127055 0.2560152 0.022300478 0.0002509958 5.4824166e-05 0.0003890019 0.0009139754 0.015968101 9.059913e-05 0.0009190975 8.781542e-06 2.3017351e-07 8.379311e-06 0.0022377637 0.0010986893 0.00021707131 0.009465119 0.0007649167 0.002705771 0.0009894336 4.987657e-05 0.007957559 4.0476192e-05 0.038820013 0.17616716 3.450029e-05 0.0001938711 7.028662e-05 0.007539133 0.00011528845 1.0394031e-06 0.06893265 6.814706e-05 1.4976271e-06 0.04056703 0.00037461214 7.430596e-05 0.00019417364 1.5101584e-05 0.0054571778 0.0086172875 0.0006393886 0.0063914354
0.778676 0.116544336 0.24913667 0.23964156 0.08438557 0.19114013 0.021248976 0.15399942 0.12794678 0.48175505 0.02439395 0.011288755 0.007595883 0.013571869 0.18741886 0.87299573 0.0030316946 5.3067165e-20 0.0046889936 0.24503537 0.011361046 0.7716899 0.36655998 0.00020588249 0.0028519488 0.24331541 0.2170401 0.78244513 0.0002713412 0.000833015 0.059915148 2.7807471e-05 0.014080053 0.5934327 7.2666524e-05 0.11602509 0.073709056 0.0002040482 3.390989e-06 0.004715228 0.15250838 2.3882434e-05 0.0032400833 0.010061678 0.022729373 0.032146543 1.3894271e-06 7.2828826e-08 4.988578e-06 0.047377933 0.070919126 0.005521371 0.1016592 9.061914e-06 0.070348635 0.12695299 0.16272716 0.0011943085 7.663058e-08 0.00048507593 0.00016007133 0.05045814 0.13192396 0.027039604 0.059133686 0.00010304974 0.0021813507 0.024946805 2.0266498e-05 1.7678599e-06 4.2843374e-05 1.049509e-06 6.7035726e-05 4.2155742e-07 1.2296473e-05 1.6684282e-09 0.0013097101 8.0700735e-09 0.031692374 1.3076339e-05 0.0003905702 1.0850838e-06 0.0007690215 6.876379e-07 0.0032793847 0.006306039 0.0011009292 0.0006395719 6.723517e-05 9.000689e-05 0.0043475255 7.9907795e-07 0.00023132566 1.8249495e-05 3.160769e-05 0.00063908234 8.7634083e-07 7.649535e-08 0.0006578668 0.0026790458 1.2200972e-08
0.94242346 0.0003687445 0.004757257 0.00066300156 0.00092666876 0.1557092 0.00022659736 0.004537881 0.028609794 0.07983554 0.12662418 0.6016569 0.7459998 0.0002515261 0.0003689568 0.015022361 3.7651793e-05 0.0046889936 1.3643681e-16 0.20799506 0.0019933868 0.017095195 0.00069560064 0.71387833 9.486355e-05 0.0001598198 0.25183928 0.018040212 0.81717926 0.000286106 8.4110274e-05 0.69517326 0.66852415 0.003088887 0.18747456 0.000507684 0.11837017 0.27099216 2.8460283e-07 0.14304467 0.00034673986 0.22323376 1.819531e-05 8.920989e-06 0.0001911135 0.06803854 2.1864585e-07 5.8253753e-09 5.7531086e-08 0.00024016883 0.037195526 0.15906084 0.010224712 3.859192e-08 0.0076345485 0.00042704947 0.0045356853 1.1672594e-05 2.3282153e-08 0.0011247227 8.354232e-06 0.0005733394 0.00080615754 0.00018946445 0.0510406 5.033389e-06 0.051586747 0.00024137707 0.003711001 0.0010482618 0.021843143 1.7986268e-06 2.4497289e-05 0.0017451763 0.00034893837 1.9472791e-08 0.027080134 5.1783438e-08 4.5627243e-05 3.0913432e-06 1.0750458e-05 2.5015711e-07 0.0001605145 0.00047524416 0.00025975352 0.0001488869 0.01599601 3.0990755e-05 0.0093159415 1.4013813e-06 0.00018986891 0.00077987136 2.8251978e-05 2.9086395e-05 0.008924001 5.6507433e-05 0.00096897344 1.6160725e-09 0.0063974275 0.0017067494 2.7049452e-10
0.69743496 0.031732406 0.15721448 0.02007405 0.03164138 0.593683 0.012432501 0.0665912 0.22680141 0.8364886 0.22707078 0.079062484 0.28124243 0.009360054 0.005509612 0.6095614 0.00234734 0.24503537 0.20799506 2.0574175e-21 0.007138738 0.6344784 0.0275048 0.011299617 0.0020468212 0.004844343 0.8922894 0.58381605 0.032562446 0.0013093355 0.0016209125 0.020738801 0.7371421 0.05300124 0.0017272494 0.020934619 0.56292415 0.05935825 1.8344269e-06 0.06062116 0.020523569 0.009072187 0.0002635604 0.00041580567 0.0024496845 0.4025285 1.7244784e-06 2.359742e-07 1.77951e-07 0.0026186146 0.34112307 0.22376615 0.12837513 3.9850528e-07 0.060623184 0.003038279 0.016649436 0.00011481544 1.791144e-07 0.0012550167 9.701037e-06 0.0025565778 0.0019648802 0.00077235914 0.11453829 5.313236e-06 0.029751694 7.3665506e-05 0.00030280754 7.898114e-05 0.0020306476 1.99326e-06 1.3197052e-06 1.8952202e-05 6.6244656e-06 2.7394353e-07 0.012130624 2.228594e-07 0.00010346539 2.0688047e-05 9.464549e-07 3.09087e-05 0.0006766244 2.0149537e-05 0.0008951576 0.00031635872 0.0052105463 6.397939e-06 0.0018454387 6.538875e-05 1.9423429e-05 2.6471596e-05 0.00055121136 6.966007e-07 0.0001076034 7.0481233e-06 9.3988965e-05 3.4824072e-07 0.003857342 0.0014957536 2.529237e-07
0.9976188 0.3342458 0.2702146 0.29154354 0.29370624 0.14221027 0.7117942 0.57484 0.48462644 0.03627792 0.1783318 0.010716453 0.03958079 0.27974167 0.1543663 0.036686916 0.52585745 0.011361046 0.0019933868 0.007138738 2.620872e-18 0.0056110476 0.022053802 0.0003583831 0.36049533 0.015531679 0.004465988 0.008719481 0.0008658554 0.33270878 0.020228103 0.00029740558 0.0010667952 0.0015914335 0.0004681549 0.0021521891 0.00128928 0.00089144014 0.010750068 0.086025655 0.00039488423 0.00027157966 0.004774388 0.0009874512 0.0005055043 0.00056492456 0.0010964704 0.0011315523 0.011234897 0.00055169256 0.00197361 0.0005092862 0.00068475923 0.0043016966 0.00075588265 0.0004609597 0.0017228782 0.007256664 0.000323164 0.5527472 0.0015756239 0.00020513363 0.0004020725 0.00017192088 0.0063480837 0.002446941 0.0010031922 0.0006656758 0.0010576478 0.0001829296 2.8148917e-05 0.0006311752 0.003202549 0.00046871134 0.01612103 1.9990863e-05 0.041027695 1.043212e-05 0.003148804 0.0017969958 0.0010160838 0.0012120067 0.22981669 1.2930604e-05 0.0046779965 0.00074483076 0.21092816 0.0007613197 0.0008374269 0.040585518 0.0005504326 1.7533355e-05 0.04419648 0.00055111805 0.00046233178 0.000120824836 1.4425185e-05 0.00019273131 0.31850454 0.013763145 0.0002310289
0.6957439 0.03996302 0.04963741 0.057040736 0.02459555 0.13093002 0.006577683 0.06867062 0.08739809 0.51489633 0.023472099 0.020727735 0.020244598 0.009333544 0.051665574 0.6694594 0.0034260682 0.7716899 0.017095195 0.6344784 0.0056110476 1.4733683e-21 0.10399162 0.0008256903 0.0010227213 0.07963297 0.57394683 0.9403206 0.0007945767 0.00047361918 0.008441355 0.00015269437 0.1359443 0.4911084 0.0002760725 0.0972861 0.432727 0.00086049316 4.2886785e-07 0.0061926567 0.16919842 0.0001616667 0.0019591392 0.0034080162 0.015455671 0.20848462 1.9925558e-07 1.3637283e-08 2.095569e-06 0.04531623 0.32587793 0.04041419 0.28673074 4.823896e-07 0.20421205 0.14885622 0.25153816 0.0004997426 2.7469733e-08 8.9034416e-05 7.2182214e-05 0.07277458 0.21944614 0.04627547 0.2791016 6.1658815e-05 0.0141879935 0.015279279 2.7266535e-05 7.90999e-06 0.00040567087 4.906455e-07 0.0002281384 6.0669513e-06 4.1970296e-05 4.5583266e-09 0.0017072703 7.02009e-08 0.07894632 8.290989e-06 0.0007887621 3.6350173e-06 0.00022691026 4.5259453e-06 0.01082337 0.017434165 0.0007849898 0.0021569286 0.00016221496 1.7571703e-05 0.009013957 1.7022425e-05 0.00014634941 6.26519e-05 0.0003588075 0.0011978395 2.2141861e-05 5.20342e-07 0.0003719009 0.010495323 2.860697e-08
0.4169496 0.17129013 0.13292415 0.29345235 0.16998588 0.014022866 0.059805337 0.14486411 0.05200397 0.053408947 0.008355508 0.0030963665 0.0127082085 0.18242797 0.5527492 0.09724269 0.05476465 0.36655998 0.00069560064 0.0275048 0.022053802 0.10399162 3.088146e-23 4.554946e-05 0.013633015 0.8552275 0.007868118 0.16949101 0.00013327973 0.0100602 0.5671865 1.2202526e-05 0.0007808373 0.2837166 2.6310567e-05 0.57984316 0.009872418 0.0003384192 0.00021168523 0.0015300405 0.15256119 8.684823e-06 0.027027274 0.044762544 0.08394184 0.0142166475 0.00011938359 1.9897112e-05 0.00019532087 0.11955265 0.03025986 0.002436639 0.032572716 8.4325446e-05 0.01638221 0.06245006 0.021190856 0.008988261 3.3666574e-06 0.0023860252 0.0009986198 0.022580318 0.007593468 0.025053946 0.00509385 0.0005586471 0.00016072205 0.019663602 2.1039514e-06 9.718719e-07 6.988135e-06 7.0094866e-06 0.00059366843 3.9527795e-06 0.00016176015 4.7616527e-07 0.0014166622 4.2407234e-07 0.0014739719 7.254383e-05 0.0003409053 0.00038955244 0.002675784 1.5140699e-06 0.0003254387 0.00055087375 0.00070903637 0.00042268788 3.2676155e-05 0.0016800684 0.0006070694 3.1612964e-07 0.002599592 2.6133643e-05 1.6735063e-06 7.225866e-05 3.205002e-06 8.7574645e-06 0.00045250048 4.6810175e-05 5.302687e-06
0.9822315 4.3305958e-05 0.0006360118 0.0002251236 0.00014582655 0.013220831 4.5652618e-05 0.0013377924 0.010976579 0.009210275 0.06680173 0.2253979 0.30715567 0.00013381553 7.971493e-05 0.0006502849 5.099576e-05 0.00020588249 0.71387833 0.011299617 0.0003583831 0.0008256903 4.554946e-05 4.3601976e-18 3.5584653e-05 4.7886465e-06 0.02488115 0.0012794965 0.86695206 1.44589285e-05 3.3531292e-06 0.7463109 0.21566069 0.000100252655 0.63900626 1.1567397e-05 0.015529131 0.18782374 2.977725e-08 0.7301533 3.91037e-06 0.15547842 5.1577567e-06 1.2341274e-06 1.0150586e-05 0.008930561 6.240737e-08 6.27584e-09 5.6231084e-08 2.2106395e-05 0.0034221169 0.023645783 0.00038141554 2.7908265e-09 0.00022013148 7.6254987e-06 2.903335e-05 4.5633315e-06 1.0208211e-07 0.00043150355 2.329455e-06 1.3055006e-05 6.3735915e-06 5.9321387e-06 0.0052535543 1.6357578e-06 0.007818091 8.766164e-06 0.003167684 0.001090118 0.0072737252 2.9715648e-07 1.0365442e-06 0.0049315696 1.4266035e-05 8.660832e-09 0.08476334 1.2283117e-08 2.9998264e-06 1.7915694e-07 2.6725015e-06 3.9105134e-07 1.0782935e-05 0.00035157637 2.339102e-05 8.450299e-06 0.072202586 5.5649903e-06 0.012611164 1.4647989e-07 2.053499e-06 0.00038805464 4.1220283e-06 1.3486486e-05 0.003915117 5.75086e-06 0.0018666304 1.1933048e-09 0.021701954 0.00010150358 4.336421e-10
0.82442456 0.014759337 0.0070654373 0.013160706 0.016534694 0.0015476887 0.054739952 0.00849965 0.010265862 0.0014230821 0.006324683 0.00026952632 0.0016082372 0.3491961 0.078818 0.002112846 0.8428411 0.0028519488 9.486355e-05 0.0020468212 0.36049533 0.0010227213 0.013633015 3.5584653e-05 4.734026e-21 0.014828073 0.00044811715 0.0026970287 1.028339e-05 0.9220171 0.05326478 6.6136556e-07 5.710023e-05 0.0010074201 8.2816524e-07 0.008199467 0.00013947616 0.00017150675 0.19609015 0.0029168022 0.000106801264 8.501942e-08 0.03416426 0.006419793 0.0013844472 4.030966e-05 0.03555263 0.015074528 0.06305335 0.0016564239 2.3027427e-05 1.8961277e-05 3.064931e-05 0.019787021 6.8394497e-06 0.0001280848 2.0066924e-05 0.019148322 0.007669251 0.35471427 0.0062504318 4.514694e-06 1.2768925e-06 4.1497806e-06 6.6152866e-06 0.0102157695 1.1133787e-07 0.00029615063 4.00911e-05 1.2638716e-07 1.5494689e-07 0.0027375263 0.0004638101 3.2677782e-08 0.0024763055 6.2267754e-05 0.0077024293 0.0002545099 1.5690821e-06 0.007367383 8.890172e-05 0.0023826745 0.18621679 1.414428e-08 1.9935781e-07 2.714508e-07 0.020369206 2.7932447e-05 1.2647128e-06 0.043022536 2.9234184e-06 2.402628e-09 0.0649178 0.0003747756 5.5578835e-06 9.576722e-06 5.63079e-07 0.00044233585 0.034938548 2.5970944e-06 0.00031100467
0.67861146 0.1537334 0.032180756 0.32391396 0.03451017 0.01109962 0.032981783 0.14943855 0.03178553 0.034477707 0.0037652352 0.0012753714 0.0023091878 0.19497187 0.6066075 0.042140104 0.021260478 0.24331541 0.0001598198 0.004844343 0.015531679 0.07963297 0.8552275 4.7886465e-06 0.014828073 1.4451615e-23 0.0021353378 0.06707919 1.3716582e-05 0.0055402988 0.6499269 1.0356322e-06 4.5699617e-05 0.26368862 1.3071544e-06 0.58859825 0.0014309946 1.7891398e-05 0.00015560788 0.0008813886 0.16111015 3.484138e-07 0.09731835 0.19150269 0.15643984 0.0044767614 2.7818745e-05 6.380269e-06 9.768488e-05 0.22691028 0.011849935 0.0008089925 0.017676132 9.803739e-05 0.011567596 0.24701129 0.030237302 0.009229658 8.712202e-07 0.002030741 0.0012899436 0.052521836 0.042800967 0.066760786 0.0055492036 0.0009866699 0.00010247037 0.12572399 3.4192357e-07 3.0295004e-07 4.93378e-06 1.6768669e-05 0.0024738647 2.0560003e-07 0.0005997825 1.2969616e-07 0.0011277752 2.1143613e-07 0.015525429 3.764982e-05 0.0064883386 3.9357044e-05 0.0023921598 2.2501916e-07 0.0003189184 0.0010343797 0.0006481613 0.003154588 8.463041e-06 0.0007310004 0.0029115817 2.0419196e-07 0.0011756798 0.0002800346 2.267493e-06 0.0005342009 7.14596e-07 1.222864e-06 0.00042160208 0.00012215352 2.812584e-07
0.8445002 0.0134309875 0.04372318 0.017801283 0.009669767 0.24724968 0.0020031636 0.04152109 0.08890577 0.49262908 0.06830809 0.18028599 0.1294819 0.0007741381 0.0044013215 0.29861847 0.00016449626 0.2170401 0.25183928 0.8922894 0.004465988 0.57394683 0.007868118 0.02488115 0.00044811715 0.0021353378 2.234681e-18 0.48689806 0.045685254 0.00023018791 0.00060367613 0.019901713 0.8715574 0.045780312 0.0027000397 0.0036936577 0.78651834 0.043476604 6.227835e-08 0.034525234 0.009280892 0.014621056 0.00038063285 0.00039117073 0.00114312 0.44351774 6.937602e-08 3.6171064e-09 1.6636476e-07 0.0020935128 0.35219562 0.333859 0.15467428 2.4317439e-08 0.11599492 0.004186702 0.06333439 2.1034308e-05 9.273392e-09 0.0002408395 7.3253327e-06 0.0033045476 0.015252424 0.0014068381 0.29297024 3.4456637e-06 0.053849585 0.000703137 0.00057367823 0.00023196319 0.0030572896 6.741809e-07 1.0427772e-05 6.5201624e-05 2.4076679e-05 2.950552e-09 0.008228541 1.8256152e-08 0.0063804523 1.3055218e-05 2.5060413e-05 8.6383216e-07 0.00018647782 3.0307952e-05 0.0048197308 0.0031289898 0.0018816538 7.765987e-05 0.0034827513 6.8395084e-06 0.00024333263 5.15132e-05 0.00015022531 4.9661066e-06 0.004747352 3.7966394e-05 0.00014168218 4.211931e-08 0.00149463 0.012962464 1.7007898e-09
0.15049668 0.062094387 0.12997352 0.04587014 0.07823223 0.09541083 0.015518366 0.04903036 0.060346216 0.3604132 0.035433695 0.016303277 0.047259826 0.058435716 0.0535999 0.62146175 0.01369034 0.78244513 0.018040212 0.58381605 0.008719481 0.9403206 0.16949101 0.0012794965 0.0026970287 0.06707919 0.48689806 9.242112e-22 0.0023919463 0.0017022662 0.024960663 0.0009366786 0.15475018 0.49967128 0.00070142344 0.34394732 0.5253896 0.004387839 3.8961334e-05 0.009912328 0.2909444 0.0008760636 0.0035268627 0.008659219 0.062677726 0.42044666 1.2762589e-05 1.6450896e-06 1.34238935e-05 0.12855174 0.5282344 0.11345771 0.4309906 3.968943e-06 0.28629664 0.1318672 0.23239377 0.0011273526 1.8529962e-06 0.00023315352 9.9506244e-05 0.093673095 0.10649081 0.051991 0.22239922 0.00013527558 0.018760495 0.0067860866 0.00014064451 0.00012804888 0.0010790816 3.7610362e-06 0.00010177421 2.5569629e-05 8.4254374e-05 2.6828317e-07 0.0030452092 4.5230178e-07 0.017766513 4.5280718e-05 7.1268434e-05 8.847172e-05 0.0005527459 5.6251174e-05 0.0077100983 0.010808386 0.00042742392 0.0006513006 8.6618486e-05 6.963915e-05 0.007663833 7.5832777e-06 0.0003877744 1.6152959e-05 7.7977056e-05 0.0005148074 2.1890726e-05 4.646018e-06 0.0004232673 0.0064412444 7.807609e-07
0.9169705 4.5525274e-05 0.0010114696 9.4194e-05 0.00027362353 0.019923536 8.3749364e-05 0.0013360666 0.009106657 0.009763818 0.035142682 0.19034192 0.24780425 0.0003700755 8.115207e-05 0.0009827676 6.535813e-05 0.0002713412 0.81717926 0.032562446 0.0008658554 0.0007945767 0.00013327973 0.86695206 1.028339e-05 1.3716582e-05 0.045685254 0.0023919463 8.645954e-18 1.6945376e-05 1.0563116e-05 0.86294395 0.47983658 0.00029650785 0.5691617 0.00011663364 0.046070997 0.38492462 1.2928969e-08 0.3576666 1.6489057e-05 0.3961048 1.9728326e-05 5.129796e-06 4.3383425e-05 0.035472643 3.2775286e-08 3.4065548e-09 2.5576735e-08 9.246829e-05 0.012595611 0.08639056 0.0011636084 2.7522529e-09 0.0007384043 4.305863e-05 0.00012717252 6.5102363e-06 5.9556914e-08 0.00021290344 4.5223987e-06 3.693365e-05 2.1753041e-05 1.9418745e-05 0.019510645 4.449352e-06 0.03568132 0.00010075113 0.0036097928 0.0020278844 0.034170296 4.294056e-07 4.7038087e-05 0.00765179 9.045669e-05 2.443324e-09 0.04695748 1.0389827e-08 3.835079e-05 2.6340666e-07 2.9783941e-05 5.051352e-07 1.946428e-05 0.0012431713 7.809456e-05 6.034583e-05 0.018607652 2.81075e-05 0.016078454 8.8397286e-08 1.8157712e-05 0.0021453907 5.361424e-06 2.8321925e-05 0.008774725 3.853531e-05 0.0031688502 3.4477143e-10 0.0077495296 0.00067191257 5.369909e-11
0.9619023 0.010896674 0.0049760677 0.009535266 0.012558603 0.0005390306 0.038126208 0.0064453157 0.0083077215 0.000980364 0.002574948 9.983466e-05 0.0015720959 0.2071848 0.029853906 0.0011696084 0.6274631 0.000833015 0.000286106 0.0013093355 0.33270878 0.00047361918 0.0100602 1.44589285e-05 0.9220171 0.0055402988 0.00023018791 0.0017022662 1.6945376e-05 8.247938e-21 0.028104743 1.2176353e-06 2.45821e-05 0.0001515493 1.341462e-06 0.003199339 2.6811747e-05 5.9654547e-05 0.12759651 0.0013739835 2.0724321e-05 4.2901922e-07 0.018315718 0.001535794 0.0003493931 1.3945746e-05 0.020976467 0.0114896335 0.11766204 0.00040628607 2.2549928e-05 2.1833832e-05 7.376684e-06 0.03915169 6.2902004e-06 2.4474824e-05 1.0976676e-05 0.011835749 0.0028548918 0.6303146 0.003332559 3.2707533e-06 1.7170033e-06 5.615697e-06 1.5782509e-05 0.004908957 9.08316e-07 0.00010408563 1.1225964e-06 1.5721115e-07 5.3124535e-07 0.0007037649 0.00061874464 5.1102086e-07 0.0015274062 2.473868e-05 0.0037828046 0.00017655078 1.4269389e-06 0.01048005 7.605182e-05 0.0042577805 0.3985597 6.377518e-08 2.9036173e-07 3.289737e-07 0.033209275 1.6845475e-05 5.8609864e-08 0.098168276 1.0421663e-06 6.164017e-09 0.08565882 0.0010554779 1.03294e-05 5.758906e-06 3.6057546e-07 0.00032528388 0.07921645 1.5293213e-05 0.00058228907
0.87782025 0.083794095 0.012948226 0.13308294 0.023651872 0.0014940571 0.02420872 0.03365946 0.0034037922 0.004275831 0.0007191983 0.0002747715 0.0009045687 0.548176 0.6260684 0.01649484 0.03762473 0.059915148 8.4110274e-05 0.0016209125 0.020228103 0.008441355 0.5671865 3.3531292e-06 0.05326478 0.6499269 0.00060367613 0.024960663 1.0563116e-05 0.028104743 5.1087957e-20 6.6371166e-07 9.206559e-06 0.11060446 1.6171648e-06 0.8598407 0.00019873076 1.6977549e-05 0.018459 0.00030230172 0.23951173 2.9207976e-07 0.7254712 0.7582797 0.6748434 0.0010151253 0.00150676 0.00044058234 0.00047126436 0.6479868 0.0031178077 9.9204655e-05 0.0071607414 0.0011519219 0.002074009 0.35042566 0.007926339 0.40760565 4.369417e-05 0.0044199517 0.042245075 0.081222504 0.007832108 0.09552217 0.0006092324 0.030525062 1.1639779e-05 0.24044889 7.7684894e-07 1.7211518e-07 1.3872437e-06 0.00032976575 0.017221292 7.125226e-07 0.009380898 2.1969e-06 0.00065395917 1.300708e-06 0.00074735674 0.0005268473 0.011818058 0.0006637398 0.006350966 2.0285367e-07 1.770339e-05 2.621274e-05 0.000108771965 0.004718722 6.352268e-06 0.0057110474 0.0016525667 6.92931e-08 0.004904479 0.0015222011 7.830621e-07 0.0006178646 4.2698102e-06 3.6967303e-05 0.00013484346 7.645268e-06 1.6319489e-05
