2.9210783e-30 0.9213829 0.95052737 0.92639023 0.18123187 0.51495117 0.9938761 0.913642 0.13426843 0.9388936 0.95012265 0.18483976 0.9861108 0.8090798 0.9158785 0.97667354 0.66489625 0.96577615 0.77890164 0.05104755 0.35357624 0.984665 0.47921574 0.48848483 0.27874655 0.4926913 0.99722207 0.5865706 0.9850767 0.4160747 0.6275665 0.8173307 0.26321462 0.21310754 0.021692446 0.99935424 0.13135812 0.86070853 0.035648573 0.044331446 0.9901133 0.97941446 0.15327287 0.006465225 0.022478756 0.0021681187 0.0036938651 0.009359545 0.99880195 0.6690317 0.030206412 0.107104234 0.121430755 0.013105386 0.00024414458 0.9937741 0.005815288 0.053759713 0.01362803 0.00012180337 0.00013137907 0.15379395 0.08736803 0.9994003 0.736762 0.0009100966 0.0013676919 0.9898276 0.016893541 7.446621e-05 2.2469987e-05 0.0037351467 0.3180806 0.9985979 8.049088e-06 9.749897e-06 0.00042086656 0.00012793462 0.0838319 5.929424e-06 0.0662725 0.99109787 0.072054364 0.0017770495 0.004828843 0.0009253243 4.4844268e-07 0.0042860457 8.429099e-06 1.3797378e-06 0.00014024509 0.8614205 0.99672985 0.9852483 0.21539778 3.7433978e-08 0.007302117 2.3543626e-07 0.04037074 0.9273199 0.0005218426
0.9213829 1.5521629e-19 0.19013181 0.14392513 0.353979 0.9071051 0.08305123 0.85080975 0.20836554 0.7851886 0.024087934 0.07389936 0.38357946 0.015518899 0.027958026 0.5688323 0.094263144 0.010353653 0.48227185 0.08754535 0.003819479 0.0008843186 0.010811716 0.14877975 0.06267442 0.03289854 0.36094707 0.09655095 0.25924686 0.20763376 5.517628e-05 0.055007055 4.8378286e-05 0.00021582763 0.000892138 0.5010617 0.0025684168 0.0010733146 0.009919321 0.06581598 0.00083978387 0.11610833 0.0019978066 0.010533753 0.066360414 0.0042860974 0.0063222074 0.008701919 0.05264152 0.00016641864 0.0002822342 0.011846087 0.008392635 6.125262e-06 0.00051010615 0.04096703 1.605193e-05 7.2522585e-07 0.00031982452 0.0030083482 0.0028888434 5.0545225e-07 0.007450865 0.018765992 1.8509378e-05 0.00043705758 7.916031e-05 0.11389214 0.0033004514 0.00012837436 6.0385777e-05 7.2185826e-06 0.006890688 0.0004695106 0.00027839595 2.2691383e-05 6.5829736e-05 0.00020922621 0.0072052716 7.5353446e-06 0.00823261 0.048607416 0.0045824875 2.0149191e-05 1.7108854e-06 3.9425768e-06 1.3747265e-05 6.9945054e-07 3.1498503e-06 8.309956e-06 1.0204902e-05 5.7899256e-06 0.044714693 0.039271213 2.076785e-05 8.558649e-07 0.0018750599 3.3824717e-06 0.013022765 0.01300426 3.6528795e-06
0.95052737 0.19013181 6.155147e-20 0.9122942 0.9338601 0.38940385 0.8123637 0.0159349 0.16422457 0.071840204 0.15563573 0.13662432 0.032953322 0.04699531 0.13471277 0.488247 0.53066665 0.08523764 0.031271614 0.16147982 0.0049522878 0.008003036 0.014919186 0.001034536 0.03980339 0.07157913 0.4871382 0.088032804 0.099919125 0.0036610323 0.00030103215 0.00072024955 6.145686e-05 7.4838266e-05 0.0004817536 0.28963947 0.0027662038 0.0038393878 0.39934704 0.002819935 0.0024720645 0.08008353 0.0068312534 0.1509419 0.07933974 0.20674928 0.11107162 0.00015028751 0.026433486 0.0006377359 0.0030169503 0.003412265 5.82826e-05 3.181831e-05 0.054518685 0.0019160159 0.001816025 1.2316148e-06 0.0040837987 0.007622903 0.009489586 2.0986947e-06 6.8717545e-06 0.054748006 7.212628e-05 0.011807502 0.002195749 0.015707195 1.2048573e-06 0.0076821637 0.016053317 6.3214204e-05 3.0165042e-05 0.002566326 0.0069210487 0.0012216109 0.0013117865 0.0025162492 3.3521617e-05 0.0028417257 4.2188927e-05 0.0028738484 1.9272063e-06 0.00021626812 1.2144294e-05 8.791019e-06 0.008625189 7.954008e-06 0.00020503387 0.00020653637 0.0002473473 6.401589e-06 0.0034042303 0.00045100637 1.15964685e-05 0.00016773475 1.5873351e-05 0.00024657953 4.687468e-05 9.276967e-05 3.5989935e-05
0.92639023 0.14392513 0.9122942 7.467928e-20 0.7188949 0.19711198 0.94137275 0.009030978 0.31280372 0.050007597 0.25925648 0.17627273 0.014619814 0.05314856 0.16470703 0.51387584 0.380979 0.09626375 0.015059375 0.09494564 0.011586885 0.01873607 0.028056467 0.000674877 0.03325103 0.04724707 0.36812302 0.043826956 0.11745656 0.0013970047 0.0003821685 0.00036066954 0.00023740744 0.00068121235 0.0010185811 0.15756734 0.004517472 0.008528569 0.20847882 0.0011516956 0.005848684 0.103931695 0.0065327534 0.043676298 0.028921593 0.065460704 0.02550155 7.2388815e-05 0.032307528 0.0012387587 0.0029982792 0.00086624897 4.5190594e-05 0.0003647799 0.020483138 0.00084365904 0.0011044136 2.7892436e-05 0.003019522 0.0030777853 0.003495836 1.1305754e-05 1.0398487e-05 0.052849706 0.0002633993 0.0067342496 0.0016702833 0.014659528 2.4160438e-06 0.0034713214 0.006724511 7.47469e-05 3.5046196e-05 0.0047175945 0.002292927 0.0007261699 0.00045039065 0.0012163714 3.9109018e-05 0.0013868015 5.148884e-05 0.0022482271 8.616054e-06 0.00020378898 0.000116548246 2.7913062e-05 0.0013798629 2.6716947e-05 0.0001118381 0.00012651071 0.00017985018 3.45259e-05 0.002794028 0.00020391145 6.264921e-05 2.196065e-05 1.7413258e-05 0.00023409352 1.9329373e-05 6.623667e-05 2.0135842e-05
0.18123187 0.353979 0.9338601 0.7188949 8.6538977e-20 0.83402467 0.41410542 0.104484245 0.79935867 0.06241283 0.09420412 0.57724094 0.016899986 0.08155063 0.07305797 0.24749479 0.61275136 0.061927482 0.11522845 0.23806883 0.03413421 0.006649195 0.027581604 0.0028623766 0.08258569 0.060605105 0.1777479 0.043016795 0.02942444 0.006115393 0.0012737566 0.00383749 0.001462634 0.0036966563 0.006228338 0.02979425 0.0076864916 0.011947004 0.17930898 0.0033603176 0.005799642 0.018841034 0.025731057 0.03259476 0.04680097 0.051270053 0.027663393 0.00024239947 0.0060067927 0.005583041 0.015210576 0.0013861005 0.00011587011 0.00047173066 0.013333968 0.001750144 0.0068357014 6.163795e-05 0.0073999576 0.0042759413 0.0047281994 0.0001751685 0.00023908039 0.025336161 0.0014456895 0.0065439898 0.011140675 0.008168793 2.1517088e-05 0.003008823 0.004255432 0.0007428194 0.00075679645 0.0017963558 0.0018013644 0.00038925366 0.013906178 0.010794831 0.0010564019 0.0005597465 6.727564e-05 0.002309983 7.1075534e-05 0.0011636134 1.866779e-05 4.27936e-05 0.00070127496 1.1587269e-05 0.0001296129 0.0001309755 0.00013406962 0.00030953286 0.00360373 0.0024938693 0.00016863551 1.0891639e-05 8.1057486e-05 2.2272767e-05 2.9231946e-05 0.0010834123 2.0683667e-05
0.51495117 0.9071051 0.38940385 0.19711198 0.83402467 2.2620718e-21 0.13215452 0.76829237 0.31476817 0.2819461 0.06531962 0.13214065 0.11537026 0.04438495 0.040362097 0.32066247 0.4237845 0.036159825 0.75941575 0.30793315 0.027353844 0.001987502 0.030236488 0.10549998 0.19564047 0.25819165 0.32785788 0.45408 0.04456384 0.17567359 0.000103342616 0.023145448 0.00018537015 0.00044693003 0.0016733987 0.26691654 0.006013275 0.0016782451 0.63556224 0.050570242 0.0016701813 0.017548954 0.041695315 0.15095285 0.53144264 0.203019 0.18846689 0.004484947 0.003778006 0.0006157152 0.0018215807 0.09410685 0.0018046492 2.4714205e-05 0.04162674 0.015754227 0.00016255534 2.1420603e-06 0.01204198 0.08325064 0.062231433 6.380324e-06 0.0020641095 0.010254261 0.0001445582 0.03481866 0.0072541484 0.0126620205 0.0007247889 0.0071465718 0.007103356 3.4244116e-05 0.0031986586 0.0008982147 0.0089047495 0.0013194783 0.00601097 0.025211448 0.0031477981 0.00068387756 0.001126148 0.0043153814 0.0020884755 0.00054632203 2.7263968e-06 9.1249643e-07 0.0011475628 9.9087536e-08 0.00020405289 0.00030169 2.942238e-05 0.00035149814 0.00945473 0.008055857 1.4316381e-05 0.00049538485 0.0019550212 6.1806524e-05 0.00093878026 0.009508333 2.8527036e-06
0.9938761 0.08305123 0.8123637 0.94137275 0.41410542 0.13215452 3.6216712e-19 0.024251148 0.22396447 0.016375516 0.23551954 0.15577814 0.010505662 0.11675345 0.5068068 0.6398904 0.3977908 0.12537144 0.0427455 0.09508379 0.012213907 0.029366655 0.017862272 0.0017587458 0.038069684 0.06355736 0.58482885 0.05877379 0.13871288 0.006920472 0.0020343917 0.00065144565 0.00063499884 0.0010717568 0.0022987586 0.10739873 0.0064421296 0.004709577 0.068290874 0.003216043 0.003070409 0.123997256 0.01245224 0.011306041 0.014743235 0.007472317 0.0061066486 0.00021707857 0.048445083 0.0008698571 0.0077374736 0.0005111103 0.00018023873 0.00050075917 0.003501211 0.00058526814 0.0017311265 6.499284e-05 0.0034338727 0.00083914096 0.0008161337 4.421336e-05 5.5226712e-05 0.1312596 0.00021441576 0.004475658 0.0024961547 0.01907108 1.9636369e-05 0.0013744645 0.0009447609 0.00019823124 8.53009e-05 0.0031121606 0.0004446273 0.00020939509 0.0011575536 0.0012074449 4.869531e-05 0.0003205635 6.12335e-05 0.0014810222 1.3871036e-06 0.00015971695 0.00024208135 9.145621e-05 8.4495696e-05 5.4917313e-05 0.000111166264 6.16085e-05 0.0001355526 4.6395297e-07 0.0065730936 0.0003136565 6.634509e-05 3.1061634e-06 6.0240884e-05 6.204511e-05 5.7342684e-05 7.2735864e-05 1.633559e-05
0.913642 0.85080975 0.0159349 0.009030978 0.104484245 0.76829237 0.024251148 2.4159056e-19 0.014079945 0.47802672 0.00042151447 0.002861825 0.3320135 0.0015322973 0.0036966035 0.11232852 0.019600272 0.0011849748 0.8603496 0.027859177 0.00010664005 3.242007e-05 7.451238e-05 0.2615315 0.0013603072 0.0014522907 0.1463395 0.2843182 0.06321946 0.6942304 4.098521e-06 0.11215776 9.597682e-07 2.9583248e-06 3.6055326e-06 0.2031338 1.9532656e-05 3.5603865e-05 0.0034244396 0.4048619 0.00011037356 0.008184861 1.7662394e-05 0.0045422497 0.11522631 0.0014464121 0.0055732923 0.13120307 0.0056950543 1.5196142e-05 4.8954084e-06 0.17908661 0.02499727 5.080348e-07 0.00017120688 0.10607056 3.7413508e-07 1.3962599e-08 8.177572e-06 0.007660147 0.0049350956 4.3491312e-08 0.043958582 0.00081191404 2.8727673e-06 8.6215245e-05 4.1227378e-07 0.03953566 0.03719193 7.221196e-05 7.004926e-05 2.6186221e-06 0.032428183 0.00015421475 0.0008254049 9.97364e-06 4.043007e-06 2.4060704e-05 0.027329544 1.1167401e-05 0.014425454 0.04338792 0.01952916 1.1554403e-06 9.2393265e-07 2.8432802e-07 2.6631375e-05 2.3374927e-08 1.4425204e-06 7.541541e-06 8.692363e-06 2.2053668e-05 0.03499981 0.053743094 2.1650078e-05 2.1063937e-05 0.018232152 8.555006e-06 0.022927219 0.02399677 2.1612916e-06
0.13426843 0.20836554 0.16422457 0.31280372 0.79935867 0.31476817 0.22396447 0.014079945 7.0520096e-21 0.01968361 0.9361116 0.960034 0.0084806755 0.39668533 0.50633645 0.32398745 0.16645192 0.21511507 0.009613127 0.13364334 0.1974456 0.050289836 0.11846415 0.00015793194 0.29432893 0.11754994 0.24061652 0.011427684 0.022917299 0.0003617098 0.00998312 0.00027873175 0.008725866 0.01864674 0.016330592 0.024260692 0.020298976 0.032863233 0.030659556 0.00018096091 0.022959674 0.011147207 0.05604392 0.0019459429 0.0041383714 0.0033410653 0.001339535 1.4347866e-06 0.00529564 0.007740422 0.04082482 3.0129879e-05 6.435764e-06 0.0026369614 0.0018751045 0.00050744193 0.016338164 0.00021988222 0.01642129 0.00016960372 9.917325e-05 0.0007235803 6.3442436e-05 0.025757479 0.0054688267 0.012968412 0.00970716 0.002150829 1.3844234e-06 0.0018552862 0.00028157953 0.006137054 6.962082e-05 0.006071634 0.00022156132 0.00075263815 0.014777447 0.005530696 1.9076979e-05 4.038947e-05 2.6265154e-06 0.00021151348 6.2779355e-07 0.005673598 0.00013319052 0.0005795376 2.6270076e-05 0.00018392445 0.000495731 0.0003419324 0.0007946002 0.0041674 0.0010955129 0.0001661332 0.00036954877 1.4013065e-06 1.6065254e-05 5.221624e-05 3.0560344e-07 6.9270536e-05 0.00023751546
0.9388936 0.7851886 0.071840204 0.050007597 0.06241283 0.2819461 0.016375516 0.47802672 0.01968361 2.7736982e-19 0.00095967995 0.007422284 0.9639681 0.0037123037 0.010625622 0.5270565 0.0072796275 0.001563738 0.27929172 0.0038758824 0.0009377204 0.00022383785 0.00090541533 0.4430976 0.001158946 0.0016315522 0.11161372 0.033594694 0.47158477 0.111199334 3.2635744e-06 0.31478435 2.215121e-06 2.2295379e-05 5.7931382e-05 0.17438434 0.00020754631 0.00010306909 0.00042617472 0.05191475 0.0002267742 0.19641918 0.00019259662 0.00043751218 0.0039450726 0.00012337274 0.00030262998 0.014862311 0.12927236 5.101772e-06 0.00052794535 0.004295742 0.051323798 3.3360168e-06 8.800909e-06 0.09952182 0.00014312101 7.0218036e-08 7.492289e-05 0.00010871555 4.3882173e-05 2.3513818e-08 0.027781777 0.039296653 4.901105e-07 1.5625608e-06 5.455959e-06 0.45533934 0.014085477 1.5681665e-06 9.592732e-07 9.654902e-07 0.019526938 7.579406e-05 4.8374154e-06 2.0482591e-06 4.180009e-05 8.232382e-05 0.011597945 1.2374355e-06 0.030129766 0.18435965 0.008549982 4.7057063e-05 3.3933873e-07 1.8424561e-07 3.988275e-06 1.2390154e-08 2.7193535e-05 8.190678e-06 1.8845396e-05 1.7266766e-10 0.3374938 0.076884285 2.3203534e-06 3.4244426e-06 0.0074747154 5.7109573e-06 0.025853947 0.031349327 5.485641e-06
0.95012265 0.024087934 0.15563573 0.25925648 0.09420412 0.06531962 0.23551954 0.00042151447 0.9361116 0.00095967995 3.6120274e-19 0.8572307 0.000868506 0.70235646 0.54000956 0.24930117 0.29542896 0.65248716 0.0006422052 0.12939715 0.64995635 0.3149872 0.6799343 2.7273127e-06 0.7922202 0.5986852 0.64391875 0.015587925 0.023855206 3.63624e-05 0.17046703 2.1154717e-06 0.06261459 0.108599216 0.04838788 0.1677325 0.20599476 0.3027506 0.1189026 2.7678889e-05 0.22567454 0.013082415 0.29475313 0.0058755046 0.0059574246 0.010215049 0.0015326906 1.0562596e-06 0.0022705065 0.03643312 0.21769956 0.0002171846 7.397276e-08 0.013858438 0.0053470423 5.084842e-05 0.10827493 0.0013311055 0.1976781 0.0001696919 8.293667e-05 0.0021546516 1.1999798e-07 0.05975702 0.022971062 0.03468741 0.13291009 0.00038428127 6.9803243e-09 0.005162979 0.00058505917 0.018971292 2.3618966e-07 0.083659835 7.459074e-05 0.0029643755 0.03833768 0.020457901 3.5597463e-08 0.00048269457 1.963016e-08 4.86018e-06 1.4393124e-09 0.033792317 0.0010671087 0.0008010794 5.0608553e-05 0.00032374423 0.0045250915 0.0012960574 0.002528261 0.032701135 0.0002647699 4.672483e-06 0.002273206 4.2556185e-06 3.1014702e-07 0.0006576767 3.8174118e-08 1.997538e-06 0.0010576549
0.18483976 0.07389936 0.13662432 0.17627273 0.57724094 0.13214065 0.15577814 0.002861825 0.960034 0.007422284 0.8572307 7.438209e-22 0.0027042069 0.23441944 0.2895707 0.11611456 0.16239685 0.16048671 0.0041461433 0.20460783 0.1260799 0.04469699 0.1310218 5.5192384e-05 0.51731944 0.26597023 0.19404484 0.00851341 0.006675872 0.00014400219 0.009334711 0.00013188134 0.0071505355 0.007890782 0.01374905 0.041138243 0.02060309 0.018775024 0.030891294 6.416554e-05 0.02023227 0.0024532732 0.089877166 0.0025403586 0.0030786672 0.0031989743 0.0018614148 4.5736894e-07 0.00052974175 0.0055971444 0.04242152 2.4946552e-05 1.8232021e-06 0.00086428877 0.0022109835 0.0004734437 0.008731471 0.00016446553 0.034934398 0.00027449598 0.00017600827 0.00063142297 2.851386e-05 0.011810734 0.003973435 0.023475293 0.020802168 0.0008721942 1.0114947e-07 0.003071238 0.00039564513 0.0038631826 3.0024354e-05 0.008189175 0.00020253175 0.0013426532 0.015476719 0.011955006 6.1929513e-06 0.000113768205 7.971295e-07 4.5372442e-05 9.969341e-08 0.0036549272 2.938744e-05 0.00024666678 2.2651298e-05 7.4013864e-05 0.00033479434 0.000331317 0.00033867717 0.0011590067 0.0011857107 0.00029073568 5.1255e-05 3.2236844e-07 2.7667288e-06 9.890585e-05 2.4460542e-07 8.7431734e-05 5.953122e-05
0.9861108 0.38357946 0.032953322 0.014619814 0.016899986 0.11537026 0.010505662 0.3320135 0.0084806755 0.9639681 0.000868506 0.0027042069 3.5151218e-19 0.00031464398 0.0016218061 0.28751937 0.023796422 0.00046632419 0.24353126 0.0039874464 0.00018784917 9.244805e-06 0.00076656166 0.03062485 0.0014058108 0.0035289356 0.06322064 0.20738155 0.285299 0.17462902 3.9589798e-07 0.020322757 1.373065e-07 5.409746e-07 5.750158e-06 0.2216404 2.739119e-05 6.4095857e-06 0.00092360325 0.042246755 4.069903e-05 0.10981806 0.00014800267 0.0025303701 0.018970106 0.00036336537 0.0020822457 0.014589707 0.0810102 2.4385067e-06 2.6941056e-05 0.046930574 0.00589099 4.1113907e-07 4.941858e-05 0.02280287 4.7781587e-06 1.9212221e-08 2.055279e-05 0.00019943096 0.000112253125 4.5640163e-09 0.0035955121 0.013484057 1.9406116e-07 6.6215857e-06 6.9055486e-06 0.2933921 0.0015719256 5.6150515e-07 1.375695e-06 1.0843994e-07 0.0021140007 3.2652664e-05 1.6479986e-05 3.698874e-07 1.1386002e-06 9.696995e-06 0.000974783 5.391025e-07 0.0010634194 0.042313617 0.00016991909 5.350049e-06 1.2896673e-07 8.699611e-08 1.7695684e-06 1.1504335e-07 6.150019e-07 3.9068826e-07 2.5079457e-06 1.3336706e-08 0.09869589 0.012457984 1.2814886e-07 1.056177e-06 0.0007243871 5.6944265e-07 0.0014026429 0.0029823221 1.7347237e-07
0.8090798 0.015518899 0.04699531 0.05314856 0.08155063 0.04438495 0.11675345 0.0015322973 0.39668533 0.0037123037 0.70235646 0.23441944 0.00031464398 1.756535e-15 0.9466735 0.13094859 0.083799645 0.69205886 0.002115465 0.047579333 0.8097891 0.48252594 0.31972402 4.9171587e-05 0.25610343 0.24751307 0.09031645 0.006529446 0.031949904 0.000529306 0.0892124 6.7588626e-05 0.04498514 0.07908035 0.044586197 0.0075058057 0.072610736 0.10646713 0.041939832 0.00043999177 0.06251844 0.046345077 0.10260657 0.00967724 0.0029271026 0.0071923435 0.003920957 3.988935e-05 0.019558402 0.027221909 0.11106436 0.00014932659 2.6719763e-06 0.028718648 0.0043289885 0.00016245538 0.05350653 0.01473717 0.049047958 0.0008982627 0.0009958077 0.021931421 2.8836961e-05 0.091214724 0.019598117 0.015034644 0.022445137 0.004394483 1.4646886e-05 0.005176609 0.0019033756 0.018699009 2.5273877e-05 0.031251818 0.0007158266 0.0020114144 0.012972172 0.0066162837 2.7382703e-05 0.0014738988 7.084126e-05 0.0004435173 3.2748108e-06 0.019185461 0.0078045805 0.0030975896 0.00026399354 0.0014348221 0.005140242 0.0009804243 0.0028263025 0.0018374308 0.0019428368 0.00025477633 0.0013837629 1.6453683e-05 6.69011e-05 0.00071632036 2.1465994e-05 8.341681e-05 0.0028189297
0.9158785 0.027958026 0.13471277 0.16470703 0.07305797 0.040362097 0.5068068 0.0036966035 0.50633645 0.010625622 0.54000956 0.2895707 0.0016218061 0.9466735 1.4981157e-17 0.13825901 0.12686615 0.96480775 0.004776924 0.04068194 0.46785343 0.2710978 0.12497013 5.6962625e-05 0.07490118 0.1261148 0.14303151 0.009162074 0.026042255 0.0013201643 0.053827006 0.00015010702 0.019872813 0.030861259 0.011513924 0.015912713 0.021799019 0.05110053 0.02050059 0.00061972643 0.04840946 0.04799508 0.043420136 0.0028772363 0.0013093973 0.0017832791 0.0011754561 6.4319196e-05 0.024368169 0.010052435 0.03203599 3.157461e-05 5.2030305e-06 0.007977094 0.00061022706 0.000690046 0.016372103 0.0026123577 0.017228946 0.0001484195 0.00020306748 0.0046997494 2.2955359e-05 0.14378396 0.0077868905 0.0044329003 0.0065814108 0.014242445 1.4924508e-05 0.0007059143 0.00025321372 0.0045898133 7.825855e-06 0.036402237 0.00010073 0.00026971585 0.0046812366 0.0028702768 9.132648e-06 0.000263147 1.4036438e-05 0.0010769437 7.2908364e-07 0.007549774 0.0029954084 0.0011794308 9.2099006e-05 0.00073236105 0.0010056386 0.00032931977 0.0018560669 0.0009498028 0.0070847278 0.0003444202 0.00068959536 2.038231e-05 1.5419939e-05 0.00031240867 1.6827413e-05 4.6667006e-05 0.002451173
0.97667354 0.5688323 0.488247 0.51387584 0.24749479 0.32066247 0.6398904 0.11232852 0.32398745 0.5270565 0.24930117 0.11611456 0.28751937 0.13094859 0.13825901 7.9405704e-19 0.060992654 0.109270096 0.055257376 0.015989993 0.120963804 0.010690363 0.058328245 0.0072179367 0.04718158 0.01506635 0.7658945 0.008683598 0.8260616 0.0055954657 0.0009826063 0.003797972 0.00056939904 0.0013476871 0.001564856 0.59928715 0.0017193098 0.0017679138 0.0004139725 0.0020824007 0.0034525474 0.52158046 0.0021085592 0.00041486433 0.006112673 0.00013634177 0.00014078258 0.00015126413 0.26375774 0.00019207351 0.0015414475 0.00036745286 0.00023291883 0.00012187832 1.5757514e-05 0.003785574 0.0004002012 1.4547164e-06 0.00033985943 9.150345e-06 2.5705229e-05 1.3033616e-06 0.0001556668 0.2153425 2.9466524e-05 0.00025024364 8.163478e-06 0.11614745 3.1036332e-05 4.9678592e-06 8.436899e-06 6.9136695e-05 0.00011366779 0.0027193706 1.9185994e-05 0.000106015315 0.00027855477 0.000119597025 0.00011536897 2.733592e-05 0.00038039585 0.002491162 4.6339268e-05 0.00026333702 5.005104e-06 1.9941135e-06 5.9316044e-05 2.7052818e-07 0.00019509747 7.766068e-05 0.00020744323 6.7149364e-07 0.06692413 0.0028957776 1.4353244e-06 5.363147e-06 0.0009913482 8.267579e-06 0.00011793085 0.0009880117 3.9989867e-05
0.66489625 0.094263144 0.53066665 0.380979 0.61275136 0.4237845 0.3977908 0.019600272 0.16645192 0.0072796275 0.29542896 0.16239685 0.023796422 0.083799645 0.12686615 0.060992654 1.3909201e-19 0.06557757 0.03148666 0.972041 0.023629552 0.011504962 0.030601777 0.0011949391 0.20613906 0.32422748 0.19906045 0.063594215 0.0063309893 0.003927982 0.0017488493 0.0011097819 0.0009659025 0.0041803904 0.0018321446 0.045787457 0.00828234 0.0021767872 0.33074275 0.0007202602 0.0014242966 0.0038093661 0.049112257 0.08230436 0.031245708 0.06855576 0.035787962 1.872992e-05 0.0009881748 0.00078536116 0.0034933847 0.0009553898 0.0001194066 0.00010055629 0.029147696 0.0033586868 0.00039738935 1.0429583e-05 0.021947794 0.0025519119 0.002740666 0.00010890119 6.904116e-05 0.006580036 0.0011181042 0.04847815 0.022806183 0.0011280484 8.4198865e-07 0.014781247 0.008964959 3.3430155e-05 0.00021586838 0.0010160716 0.0014145793 0.005186922 0.0043033506 0.008357954 0.00013114899 0.0025243973 6.670393e-05 0.00057751086 7.646982e-06 0.0023132137 8.424646e-06 1.8011064e-05 0.0021871114 1.4670623e-05 0.00020607225 0.0003281523 0.0001821049 0.00022850509 0.0014385661 0.0017287522 0.00018917957 3.0791663e-05 5.2958618e-05 0.00064868067 7.0517715e-05 0.0021005885 1.4929931e-05
0.96577615 0.010353653 0.08523764 0.09626375 0.061927482 0.036159825 0.12537144 0.0011849748 0.21511507 0.001563738 0.65248716 0.16048671 0.00046632419 0.69205886 0.96480775 0.109270096 0.06557757 3.6071719e-16 0.0012881064 0.027238553 0.57155883 0.5784607 0.20618734 5.271408e-05 0.115395546 0.14439283 0.20144823 0.00067004666 0.013578181 0.00033523748 0.11369457 5.019265e-05 0.053523052 0.042229798 0.027167214 0.009632753 0.047534343 0.13609754 0.007289597 3.1412783e-05 0.14544646 0.034713976 0.06547814 0.0003589451 8.5070256e-05 0.0002384792 4.177614e-05 2.752365e-06 0.021525605 0.01603661 0.05428155 1.3252798e-06 1.6273867e-06 0.015200911 3.8054517e-05 3.1600604e-05 0.028599566 0.0024667974 0.014157124 3.761836e-06 6.4129545e-06 0.005886289 4.3393646e-07 0.24660859 0.010618896 0.00051500037 0.0017954635 0.0065389522 3.5539443e-07 6.495913e-05 4.3330867e-05 0.0044980473 2.5177878e-06 0.07274078 2.4351242e-05 2.0037016e-05 0.0013986463 0.0009986171 1.4429897e-06 2.9090055e-05 1.5920764e-06 0.00019911511 8.928265e-08 0.0025951087 0.0025733854 0.0005540214 4.4412616e-05 0.00023885407 0.00019674019 4.978457e-05 0.0007355564 0.00045907786 0.007882293 2.690755e-05 0.0005030829 1.6191998e-05 1.0917477e-06 4.4247867e-05 9.0758516e-07 2.5854695e-06 0.000464731
0.77890164 0.48227185 0.031271614 0.015059375 0.11522845 0.75941575 0.0427455 0.8603496 0.009613127 0.27929172 0.0006422052 0.0041461433 0.24353126 0.002115465 0.004776924 0.055257376 0.03148666 0.0012881064 5.4636947e-20 0.061988298 0.00021801902 5.7785823e-05 0.00023297993 0.12164133 0.0028088863 0.005967916 0.039266992 0.8103908 0.011735134 0.8682267 2.765195e-05 0.044698484 9.406357e-07 2.2071026e-05 2.7956698e-05 0.103563264 8.383783e-05 0.00012084188 0.04730319 0.4610294 0.00016605179 0.004211914 0.00017186893 0.046540897 0.59616035 0.033915132 0.075307705 0.14981079 0.0016772834 3.1409458e-05 1.983308e-05 0.60924315 0.004194331 3.4826583e-06 0.0053287316 0.04271845 6.1414466e-06 2.4184632e-07 7.709719e-05 0.059670698 0.041619107 6.475063e-07 0.00674102 0.00056877895 3.79836e-05 0.0009101122 1.6485472e-05 0.0076590367 0.0053285155 0.00070598157 0.0013660904 4.9063497e-06 0.008406698 0.00010219262 0.008283276 0.00011138211 0.00013864491 0.00085209263 0.007650685 0.00017301252 0.003599754 0.0069748326 0.005071865 4.137055e-05 3.9044567e-06 1.2145664e-06 0.00023395159 1.9061883e-07 3.998945e-05 0.00017116655 4.7556765e-05 7.581806e-05 0.009809047 0.01292046 3.395045e-05 0.0004431199 0.011508019 0.0001455445 0.003968332 0.015447013 5.832377e-06
0.05104755 0.08754535 0.16147982 0.09494564 0.23806883 0.30793315 0.09508379 0.027859177 0.13364334 0.0038758824 0.12939715 0.20460783 0.0039874464 0.047579333 0.04068194 0.015989993 0.972041 0.027238553 0.061988298 5.673936e-20 0.032832894 0.008750039 0.06493167 0.0016937169 0.51462966 0.73679215 0.02603405 0.08953504 0.0031037624 0.0023092914 0.0018951443 0.002647969 0.0027000925 0.010786475 0.011101566 0.004331425 0.028614651 0.00503373 0.32306358 0.00048584866 0.005163621 0.002503459 0.31604627 0.033279493 0.048423927 0.062514335 0.028306086 8.535977e-06 0.00038046317 0.0016548458 0.053073246 0.001937194 9.886653e-05 0.0012737468 0.041301616 0.0011917315 0.011070188 0.0002253066 0.19876285 0.006576853 0.0060893185 0.000926201 7.8347446e-05 0.006690949 0.001884635 0.1824538 0.1667464 0.00093766453 3.6285178e-07 0.03433494 0.005176594 0.002309318 0.0005994472 0.0013408227 0.0023612503 0.016674774 0.064213894 0.13282655 0.00012176679 0.002852652 0.00012286937 0.0004776815 1.9001029e-05 0.023500705 5.5896733e-05 8.1301034e-05 0.0009799617 7.7063814e-05 0.008390966 0.0074838633 0.00060408766 0.00092238234 0.00030637925 0.0012395864 0.00033054408 2.0494816e-05 5.3133455e-05 0.0049976613 2.3522936e-05 0.0011555208 5.8573572e-05
0.35357624 0.003819479 0.0049522878 0.011586885 0.03413421 0.027353844 0.012213907 0.00010664005 0.1974456 0.0009377204 0.64995635 0.1260799 0.00018784917 0.8097891 0.46785343 0.120963804 0.023629552 0.57155883 0.00021801902 0.032832894 1.7773411e-16 0.65707564 0.9152008 3.245416e-05 0.14420566 0.044962537 0.066925995 0.0024444058 0.0071538854 0.00022045773 0.43905857 2.6436779e-05 0.6495204 0.5531102 0.35605758 0.0046217726 0.12194073 0.35341936 0.006440044 0.00016685454 0.21330915 0.014674354 0.040536165 0.00075440697 0.00071963604 0.0005485544 0.0005648403 1.0339738e-05 0.0037311502 0.086571574 0.41534185 0.00017295494 2.6548187e-06 0.09580569 0.00047159998 5.036534e-06 0.22007725 0.02308824 0.016025791 9.683498e-05 8.130507e-05 0.04932274 4.182354e-05 0.10514039 0.06280203 0.0046742507 0.004549659 0.000997463 7.0118267e-06 0.00088814006 0.00018848783 0.09179119 4.7040692e-05 0.04035183 6.166557e-05 0.00019895454 0.02440833 0.0013483228 0.00032607839 0.00018989896 1.4999046e-05 4.7964964e-05 1.773061e-05 0.011102472 0.007996422 0.011196691 9.401093e-05 0.002708872 0.00030375362 0.00019841318 0.0027135378 0.001322136 0.00021958674 4.179515e-05 0.0005864009 4.1912317e-06 0.00027899715 8.548266e-05 8.356383e-06 2.1521502e-05 0.0025716594
0.984665 0.0008843186 0.008003036 0.01873607 0.006649195 0.001987502 0.029366655 3.242007e-05 0.050289836 0.00022383785 0.3149872 0.04469699 9.244805e-06 0.48252594 0.2710978 0.010690363 0.011504962 0.5784607 5.7785823e-05 0.008750039 0.65707564 4.850313e-17 0.25638872 4.8151264e-07 0.08727609 0.05254538 0.026873352 7.679625e-05 0.0013379838 1.883625e-05 0.9550471 5.001895e-07 0.4068171 0.23235875 0.06323456 0.0009135872 0.079850085 0.731501 0.0033957076 1.225939e-05 0.6642046 0.008498062 0.058754824 0.000114598304 2.2404294e-05 0.000100460325 2.1706457e-05 1.8003894e-06 0.0037989358 0.09531909 0.12756212 1.9520448e-06 4.681591e-08 0.044239484 3.7628823e-05 3.75101e-06 0.10478271 0.03203981 0.014209246 7.0895094e-06 8.135816e-06 0.03777188 3.5437385e-08 0.08799186 0.047727875 0.000190335 0.0027242855 0.00051858637 5.1591588e-08 1.010757e-05 2.3841152e-05 0.056761898 1.1481822e-07 0.18966867 3.6154648e-05 1.9226894e-05 0.007984039 0.0008195741 2.4089115e-08 1.2076325e-05 3.9136754e-08 2.5264083e-06 1.1286437e-09 0.044747185 0.022268206 0.005612343 3.815729e-05 0.0025959134 0.0010373092 5.9235375e-05 0.013084036 0.00091977965 0.0008081196 5.8723884e-08 0.0019867308 3.7004745e-06 7.29501e-07 9.3283825e-06 1.6200978e-08 6.691286e-08 0.018625136
0.47921574 0.010811716 0.014919186 0.028056467 0.027581604 0.030236488 0.017862272 7.451238e-05 0.11846415 0.00090541533 0.6799343 0.1310218 0.00076656166 0.31972402 0.12497013 0.058328245 0.030601777 0.20618734 0.00023297993 0.06493167 0.9152008 0.25638872 3.935941e-18 0.00019475208 0.7392494 0.33394384 0.18061285 0.0026389023 0.0038604208 8.3135674e-05 0.261644 2.546399e-05 0.20944127 0.31870276 0.5927554 0.009526322 0.7602047 0.18213297 0.008161217 0.000284915 0.12691519 0.0056941644 0.19107589 0.00068089506 0.0008110639 0.0007838961 0.00014402333 9.660563e-06 0.0010160281 0.04592441 0.5371863 5.0218932e-05 3.1387522e-06 0.060909603 0.0008196077 2.915474e-05 0.32030007 0.04103704 0.058891475 5.1519684e-05 4.538309e-05 0.040062904 2.7063192e-05 0.030327607 0.079145536 0.011907022 0.017820502 0.00017424613 1.0943955e-06 0.0011156236 0.00011190606 0.13080774 1.2631657e-05 0.050809495 7.1756265e-05 0.0004668067 0.03986202 0.0068323673 1.9248855e-05 8.723193e-05 2.6608843e-06 2.9103405e-05 6.9718425e-07 0.04437312 0.0065577035 0.008371144 3.3133292e-05 0.0015373435 0.0023613956 0.0007083677 0.0052340208 0.0059517547 0.000108594104 3.141692e-05 0.0013529643 4.9165e-06 7.2920964e-05 0.00015168564 9.487349e-07 1.5287627e-05 0.0025394866
0.48848483 0.14877975 0.001034536 0.000674877 0.0028623766 0.10549998 0.0017587458 0.2615315 0.00015793194 0.4430976 2.7273127e-06 5.5192384e-05 0.03062485 4.9171587e-05 5.6962625e-05 0.0072179367 0.0011949391 5.271408e-05 0.12164133 0.0016937169 3.245416e-05 4.8151264e-07 0.00019475208 8.804961e-16 0.00038258568 0.0016085698 0.0016169507 0.03954209 0.0056170155 0.1072948 2.4290566e-07 0.904832 6.951234e-07 3.3402987e-06 1.21133e-06 0.007010765 0.000154965 2.6615974e-06 5.5340697e-05 0.16073623 2.0544696e-05 0.0026752262 7.5599724e-05 8.109618e-06 0.011010999 1.0093401e-05 4.1386767e-05 0.14227332 0.0041418513 3.2002617e-06 3.4428654e-06 0.014592149 0.78561 2.684155e-07 3.6592533e-06 0.83348966 1.6198428e-06 6.134522e-08 4.172629e-05 0.00015723298 2.4381778e-05 1.4121373e-07 0.35770455 0.0002050632 7.3960797e-07 5.1142062e-05 5.7421323e-07 0.06730749 0.20313945 1.9283793e-06 5.9659756e-06 4.6214486e-06 0.3557216 7.351345e-06 5.322403e-05 1.0833203e-05 7.155191e-06 2.732729e-05 0.13804983 8.036163e-06 0.1685986 0.5217429 0.07784369 1.2347661e-05 1.0827801e-05 2.0795179e-07 7.35903e-05 1.0845498e-08 8.121017e-06 9.1851425e-06 2.134498e-05 1.3274847e-06 0.0800487 0.10269428 5.704311e-06 0.00021231482 0.04411386 2.564915e-05 0.035792902 0.013154946 5.309103e-06
0.27874655 0.06267442 0.03980339 0.03325103 0.08258569 0.19564047 0.038069684 0.0013603072 0.29432893 0.001158946 0.7922202 0.51731944 0.0014058108 0.25610343 0.07490118 0.04718158 0.20613906 0.115395546 0.0028088863 0.51462966 0.14420566 0.08727609 0.7392494 0.00038258568 3.732734e-18 0.9338962 0.0929697 0.013101735 0.008238125 0.00023239366 0.11788531 0.00044197933 0.0505427 0.08792312 0.15786041 0.010490364 0.693756 0.08909326 0.05188326 0.0003150286 0.040873643 0.0033645555 0.9305214 0.0021637345 0.004087516 0.004082206 0.00065026723 5.9773706e-06 0.00050606776 0.0094620725 0.8140032 0.0001317555 1.2041113e-05 0.04701902 0.0070602605 0.00027953245 0.45205942 0.012707287 0.68104523 4.0135783e-05 3.4435896e-05 0.012144347 8.567054e-05 0.010043189 0.02169988 0.14481607 0.25433242 0.0002174507 9.584675e-07 0.015905522 0.00046657238 0.2073425 8.79457e-05 0.02197608 2.967569e-05 0.01688321 0.29396924 0.1420579 0.00015636894 0.0007358455 5.7331043e-05 0.0001146897 3.766027e-05 0.25775966 0.0032351182 0.0047947494 2.6993985e-05 0.0012944267 0.035703473 0.009516675 0.010121457 0.007107811 9.2363574e-05 0.0004571771 0.0016293569 1.4394064e-06 0.0005498521 0.0032963778 1.0375773e-05 0.0010168749 0.0011839976
0.4926913 0.03289854 0.07157913 0.04724707 0.060605105 0.25819165 0.06355736 0.0014522907 0.11754994 0.0016315522 0.5986852 0.26597023 0.0035289356 0.24751307 0.1261148 0.01506635 0.32422748 0.14439283 0.005967916 0.73679215 0.044962537 0.05254538 0.33394384 0.0016085698 0.9338962 1.5827671e-16 0.11339216 0.08190726 0.0037507063 0.0017204079 0.029012976 0.0028766121 0.01010494 0.034745418 0.027472897 0.02304027 0.2504651 0.035614643 0.2949603 0.0005541802 0.025053019 0.002875936 0.83593017 0.03368343 0.024280941 0.04269427 0.008174287 3.5850037e-05 0.0011716833 0.007238299 0.42632717 0.004659621 5.7905418e-05 0.007478469 0.07181486 0.0010857118 0.19156215 0.0012834505 0.8896003 0.00038793514 0.00029986256 0.0019298347 0.0001022357 0.013928178 0.0078099594 0.43672323 0.61656165 0.00049034454 7.671433e-07 0.1301106 0.010061361 0.013422454 0.0004842054 0.013087924 0.00077691977 0.10582345 0.41792214 0.34846014 0.0006337559 0.010975898 0.00033749806 0.0008729045 4.9100265e-05 0.35156327 0.0009881394 0.00019736258 0.0007128992 0.00013455776 0.09611549 0.06546217 0.009353719 0.0020148566 0.0007748421 0.002964988 0.0015739485 2.4234569e-05 0.0007692786 0.0287127 8.899757e-05 0.0028370586 0.0008250885
0.99722207 0.36094707 0.4871382 0.36812302 0.1777479 0.32785788 0.58482885 0.1463395 0.24061652 0.11161372 0.64391875 0.19404484 0.06322064 0.09031645 0.14303151 0.7658945 0.19906045 0.20144823 0.039266992 0.02603405 0.066925995 0.026873352 0.18061285 0.0016169507 0.0929697 0.11339216 3.0276556e-14 0.015212296 0.5031685 0.0102492515 0.0065945447 0.0026602843 0.0070244977 0.0035258608 0.0050275675 0.44991013 0.009899763 0.009120068 0.0042575696 0.0032620437 0.012183351 0.4705943 0.011154183 0.0012559051 0.004097566 0.00033994336 0.00052601495 0.0010254803 0.24033378 0.0023827462 0.004333243 0.0036003122 0.00020090677 0.0010543717 0.00021259443 0.0022364517 0.000955031 0.00012917323 0.0047544134 0.00040704446 0.0006130809 0.00028225032 0.000114332805 0.6459189 0.0017413858 0.0023068534 0.0006387794 0.031623237 7.296005e-05 0.0001712209 0.00032998566 0.0004060002 0.0002962687 0.005450858 0.0011508721 0.00010139378 0.00072936364 0.0012561034 5.5109387e-05 0.00025980777 0.00022770389 0.00161462 6.6083885e-06 0.0012724568 0.00020161501 0.00012826423 0.00033588632 2.8659877e-05 0.00055969204 0.00024377905 0.00050617324 0.00011081031 0.11471191 0.0010397709 2.8606246e-05 0.00014696173 0.0017971902 8.8948014e-05 2.23001e-05 9.845132e-05 0.00022760792
0.5865706 0.09655095 0.088032804 0.043826956 0.043016795 0.45408 0.05877379 0.2843182 0.011427684 0.033594694 0.015587925 0.00851341 0.20738155 0.006529446 0.009162074 0.008683598 0.063594215 0.00067004666 0.8103908 0.08953504 0.0024444058 7.679625e-05 0.0026389023 0.03954209 0.013101735 0.08190726 0.015212296 2.2719623e-16 0.0040405076 0.58746445 0.000115441595 0.017932558 5.2582483e-05 0.00016131601 2.3436814e-05 0.03313815 0.00047995115 0.00015120328 0.5246988 0.15680137 1.65574e-05 0.0017283673 0.0061221854 0.2143116 0.9089546 0.11922586 0.2431028 0.025821993 0.0002589845 0.00010621609 0.0002094578 0.7849902 0.00344539 5.7236066e-06 0.028182175 0.02110778 4.4743916e-05 1.252268e-06 0.0064519206 0.21869372 0.16318154 1.9479032e-06 0.00777706 0.00018523356 0.00028583896 0.018518085 0.0003268789 0.0033840726 0.0012430011 0.0050616916 0.008805137 0.0006046115 0.015361677 2.873089e-05 0.0380664 0.0012132359 0.00026417716 0.00223201 0.01208887 0.00096091727 0.0053322697 0.0066328803 0.004819232 0.0013396097 8.854937e-05 1.0152009e-05 0.0036060303 8.775711e-07 0.00014779688 0.0002963843 0.0015267407 0.0008610222 0.0032692922 0.009249913 0.00052390655 0.0035883558 0.012032825 0.0006152557 0.0013071614 0.009809959 0.00027026713
0.9850767 0.25924686 0.099919125 0.11745656 0.02942444 0.04456384 0.13871288 0.06321946 0.022917299 0.47158477 0.023855206 0.006675872 0.285299 0.031949904 0.026042255 0.8260616 0.0063309893 0.013578181 0.011735134 0.0031037624 0.0071538854 0.0013379838 0.0038604208 0.0056170155 0.008238125 0.0037507063 0.5031685 0.0040405076 5.74873e-20 0.0042994185 0.00037836144 0.005681059 0.00018663953 0.00031242534 0.00074856007 0.7849553 0.0004227919 0.00029317054 0.00022534744 0.0039598886 0.0013809102 0.6944655 0.0017750254 0.00013202151 0.0021997544 4.4990164e-05 2.2490502e-05 0.0008688697 0.46321586 0.00011791005 0.001750673 0.00080687786 0.0004635315 5.775794e-05 1.0083933e-05 0.004542035 0.0005466598 2.7771575e-06 0.00134918 2.8440885e-05 3.7050915e-05 2.3537893e-06 0.0012397491 0.19586802 7.350417e-05 0.0018238709 4.6306268e-05 0.2716112 0.0006860646 6.3427e-05 1.5495089e-05 0.00034908048 0.000771631 0.0013972684 0.00012020604 0.00014607821 0.00061291404 0.000331915 0.00069665356 3.2654658e-05 0.0010469984 0.0023549323 0.00050118845 0.00089485454 1.361137e-05 1.3472705e-05 0.00011586636 1.1679292e-06 0.0009955552 0.0002555833 0.000274771 7.7447515e-07 0.12998296 0.0042556617 2.2459542e-06 6.4640285e-06 0.0018069104 8.824476e-06 0.0005524309 0.0047687655 0.00020138557
0.4160747 0.20763376 0.0036610323 0.0013970047 0.006115393 0.17567359 0.006920472 0.6942304 0.0003617098 0.111199334 3.63624e-05 0.00014400219 0.17462902 0.000529306 0.0013201643 0.0055954657 0.003927982 0.00033523748 0.8682267 0.0023092914 0.00022045773 1.883625e-05 8.3135674e-05 0.1072948 0.00023239366 0.0017204079 0.0102492515 0.58746445 0.0042994185 3.766747e-19 1.2750655e-05 0.05574744 2.4163571e-06 1.4301997e-05 0.00010627303 0.02257859 6.685677e-05 3.482836e-05 0.0006402462 0.93547755 9.886493e-05 0.0052573434 0.00011954754 0.0033162932 0.2137538 0.0009707919 0.0043901624 0.56807446 0.0018919706 3.454484e-05 2.798452e-05 0.8488214 0.012968863 4.3770688e-06 0.00038370528 0.0653613 8.947017e-06 2.2728591e-07 4.5593224e-05 0.0098612625 0.0053718467 3.7348025e-07 0.02964361 0.000778451 1.15228595e-05 0.000544828 4.778163e-06 0.011566741 0.017905524 3.8974493e-05 9.804665e-05 8.209849e-05 0.040411472 3.647027e-05 0.0010196273 3.4511773e-05 0.000293375 0.00041474664 0.02306959 5.204502e-05 0.0055314843 0.014800671 0.012369684 0.00023744753 4.1070095e-07 2.5636285e-07 0.000108021355 6.106982e-08 3.394906e-05 2.4399176e-05 5.085545e-05 2.435138e-05 0.0057351496 0.03435677 1.02319245e-05 0.00024601718 0.09399465 5.9889055e-05 0.009981868 0.028578294 7.4299255e-06
0.6275665 5.517628e-05 0.00030103215 0.0003821685 0.0012737566 0.000103342616 0.0020343917 4.098521e-06 0.00998312 3.2635744e-06 0.17046703 0.009334711 3.9589798e-07 0.0892124 0.053827006 0.0009826063 0.0017488493 0.11369457 2.765195e-05 0.0018951443 0.43905857 0.9550471 0.261644 2.4290566e-07 0.11788531 0.029012976 0.0065945447 0.000115441595 0.00037836144 1.2750655e-05 4.981013e-14 5.803918e-08 0.9068261 0.67577595 0.21888264 0.00020171732 0.13165747 0.8882482 0.00055738166 5.8062765e-06 0.71952176 0.0035406498 0.10036731 9.928472e-05 8.2534105e-05 3.716189e-05 1.893975e-05 3.23035e-07 0.001635322 0.6126559 0.32513642 4.117569e-06 3.6479257e-08 0.39790344 2.447004e-05 4.7967728e-08 0.23830435 0.37430444 0.020630194 5.019396e-06 9.71435e-06 0.315158 5.8900564e-08 0.050517175 0.35114905 3.2691394e-05 0.0030759014 8.152667e-05 7.6311295e-08 1.0952041e-05 3.441075e-05 0.2742156 1.2576724e-07 0.33321986 1.0705738e-05 5.036937e-06 0.025285086 0.00036841887 1.3616958e-08 1.2575668e-05 6.014814e-08 1.1148285e-06 6.17239e-10 0.11967912 0.105420716 0.025889803 1.8676774e-06 0.010656224 0.0018377138 2.2201764e-05 0.021160403 0.003672171 6.541606e-05 1.8516431e-08 0.00400265 1.10141954e-07 2.9180748e-07 1.6311187e-06 3.1849692e-09 8.765164e-09 0.03888533
