5.896095e-26 0.00021144656 6.159316e-07 0.0039124833 0.0022454693 0.0028252313 8.450775e-06 0.001145388 4.537759e-09 0.0001351745 5.163611e-07 0.03907244 1.4051077e-05 0.2830835 0.0013816406 9.970687e-07 0.39216042 0.13258606 0.1199403 1.3427886e-07 0.21303129 2.3201252e-08 0.0065328907 0.017279388 0.25956863 0.6515389 0.0013749704 7.3262294e-07 0.007161335 0.14816621 0.7061583 0.31191108 1.3634189e-08 0.31561005 1.4645965e-05 0.0060734386 0.88236195 0.17432076 0.9347385 0.06549913 0.80240095 0.004091738 0.9257741 0.009895719 0.21966773 0.4513352 0.6536296 2.5427056e-09 0.33641022 0.056145146 4.912923e-08 0.15778719 0.017986486 0.9405505 0.00014954149 0.045997076 0.0022550814 0.018413417 2.1656935e-05 1.2582102e-08 0.96367383 0.96476096 0.9874518 0.6150862 0.7456327 0.13040522 6.227661e-05 0.91654825 0.94503105 0.80863994 0.9886013 0.9958611 0.9963206 0.98732996 0.055867773 0.9775295 9.108615e-06 0.8531455 0.5269204 0.9436336 0.00399681 0.9936804 3.6649093e-05 0.3300499 8.029957e-08 0.0042448407 0.9998695 0.5120767 0.78797925 3.2491194e-09 0.65366906 0.97227836 0.12639403 0.04122394 3.7619993e-05 0.96548724 0.9973413 0.98936146 0.9961463 0.9923866 0.9424649
0.00021144656 8.2971116e-19 0.32293686 0.7753487 0.20686993 0.1426212 0.25461188 0.105544746 0.021371195 0.27761152 0.042332377 0.16822146 0.026082553 0.17434452 0.12667307 0.009670828 0.051969294 0.09510693 0.03855223 0.0016299327 0.015390408 0.0034657528 0.05946439 0.084790125 0.16241091 0.052660465 0.029687328 0.0055908044 0.0018648094 0.015222345 0.03502929 0.0054503484 4.545976e-05 0.004028117 6.7853674e-05 0.0061925766 0.01852081 0.019555276 0.0024272436 0.01779927 0.0031899386 0.0016512475 0.0015981676 0.002698538 0.0013464544 0.0030604447 0.0027549504 1.9144049e-05 0.00022850985 0.0011521175 3.780671e-06 0.0020199483 0.0001628489 0.10814127 6.5293214e-05 1.36474655e-05 2.6523578e-05 4.6323585e-05 6.92508e-05 6.440246e-06 0.017443404 0.030875051 0.0076449127 0.0021992142 3.835428e-06 0.0012513424 3.508185e-05 0.00021125948 0.0012435442 8.007018e-06 0.0041163424 0.002478594 0.002736028 0.013308015 0.00017274114 0.001824225 1.2696524e-05 6.342713e-05 0.00010326272 5.8337486e-05 2.6651267e-05 0.0003351627 7.7862984e-07 7.937962e-05 3.7445336e-06 1.2807367e-06 0.006390223 4.195413e-05 2.5967858e-05 1.965413e-05 2.7778502e-05 1.0895348e-05 7.11442e-06 1.5464021e-06 2.838218e-06 0.0001614245 0.0011080196 4.976553e-05 9.3905466e-05 3.6957447e-06 2.4633e-05
6.159316e-07 0.32293686 4.5733992e-21 0.049295336 0.02685389 0.05771504 0.02840482 0.017331151 0.48285377 0.009568451 0.0030168295 0.0127991745 0.0021350447 0.027685905 0.0024866331 0.00053516746 0.0067152763 0.003564428 0.0016924939 0.00029347095 0.0016758151 0.005314017 0.0020895614 0.004938257 0.008595522 0.008569374 0.0005578812 9.038692e-05 0.00043925032 0.0004593108 0.004527962 0.0002688163 1.3045592e-06 0.00017310344 2.4866766e-05 0.00023433699 0.0018985932 0.0014192993 2.3761775e-05 0.0014847768 0.00025927834 0.00032548 0.0002219822 2.4814128e-05 0.00016348972 0.0001702094 0.00027352493 7.2231137e-06 9.0028825e-06 0.00035128745 1.7850614e-07 0.00047686812 1.0815994e-05 0.004310236 1.8755059e-06 1.7330876e-06 1.8265487e-06 1.0211191e-05 2.1839505e-06 1.2596366e-06 0.0011827598 0.004625904 0.0010765201 6.727621e-05 8.418924e-07 8.522934e-05 7.562672e-06 1.7385417e-05 0.00049515057 4.383727e-06 0.00052412134 0.0005739634 8.8158326e-05 0.00032363986 6.2434638e-06 0.00055787107 1.8757355e-07 1.336628e-05 2.394208e-06 8.427523e-06 1.8776078e-07 6.556834e-05 9.259747e-09 6.6712923e-06 5.1355178e-06 8.171468e-08 0.0005670037 2.53515e-06 5.2797573e-06 1.419981e-05 1.7355555e-06 2.8505226e-06 3.1967218e-07 2.3409774e-08 5.86565e-06 8.267634e-06 0.00039559856 9.141545e-06 1.8980725e-05 1.4746017e-07 2.728344e-05
0.0039124833 0.7753487 0.049295336 3.132707e-18 0.46584535 0.2922443 0.2558404 0.19622469 0.011199313 0.3488645 0.037747856 0.45432484 0.032924008 0.42790392 0.15828088 0.007885027 0.21947423 0.38377994 0.19765992 0.0011051707 0.046377104 0.0045994227 0.21803413 0.28408575 0.3983059 0.22726037 0.051819608 0.007513072 0.01261164 0.12044364 0.17820671 0.04307426 5.71497e-05 0.032151625 0.00021287033 0.0152905965 0.09578075 0.05950126 0.01641584 0.030777583 0.01866282 0.0065049278 0.022356642 0.005267893 0.0114542525 0.020899376 0.034088794 5.736046e-05 0.00090277655 0.0012409841 7.0851493e-06 0.0012031293 0.0008022384 0.23002127 0.0002591031 3.8105794e-05 7.717583e-05 0.00012462623 0.00018955914 1.3899555e-05 0.08014662 0.052729398 0.029677434 0.0066800816 0.00011276686 0.0023336455 0.00021272706 0.001403793 0.005945137 0.00015643128 0.011942551 0.006426044 0.004172259 0.03425449 0.00038214735 0.004770032 5.6389752e-05 0.00021438856 0.00035364195 0.00020813286 0.00013816183 0.0011989869 1.065327e-06 0.00027522573 1.2389605e-05 7.699165e-06 0.0030971714 0.000310932 0.00021870121 7.937182e-05 0.00020116674 9.9267585e-05 0.00010676501 9.654733e-06 2.4820709e-05 0.0002501687 0.002384918 0.00033240128 0.00030626386 2.3418315e-05 0.00028097007
0.0022454693 0.20686993 0.02685389 0.46584535 3.29545e-23 0.5533604 0.03924577 0.41401008 0.0061993306 0.02956193 0.0015235785 0.8571608 0.0015633107 0.65067863 0.018342748 0.00010570033 0.45435822 0.21751696 0.13357021 0.0034002264 0.35908538 0.0043723583 0.036719497 0.05698775 0.15819165 0.35657626 0.0019588564 5.1409745e-05 0.040688373 0.046634477 0.041585457 0.014274733 1.0461016e-06 0.010750229 0.00015163432 0.0004009043 0.10741661 0.005822888 0.063647866 0.001636305 0.06630884 0.006047921 0.036708616 6.231059e-05 0.00037118074 0.002693213 0.01358465 1.0735131e-05 0.008416047 3.3101678e-05 1.2451776e-06 5.0556268e-05 1.4539349e-05 0.069432035 2.4134415e-06 0.0001442881 1.2992055e-06 0.00019612984 9.299781e-06 7.388336e-06 0.019033208 0.0107861245 0.019698784 0.0015416137 0.0006275697 0.00020857793 0.0001247562 0.00063835894 0.00297116 0.0005394556 0.0073088263 0.0052917507 0.005277661 0.006115944 4.053624e-06 0.0037995519 2.4393023e-06 0.00024481936 1.4238538e-05 0.00029496732 0.00011093423 0.0017319842 1.332264e-07 0.0009889073 2.4076588e-05 3.7764136e-07 0.0038554813 2.7166539e-06 0.00045151354 1.2317069e-05 5.120931e-07 0.00037345462 3.9329203e-05 1.2850352e-07 1.1136771e-05 0.0006157232 0.00075988134 8.347502e-06 0.00022890707 9.887813e-05 1.4662399e-05
0.0028252313 0.1426212 0.05771504 0.2922443 0.5533604 7.166879e-24 0.0061488706 0.66533023 0.043211468 0.011273777 5.0784492e-05 0.3163656 0.00022105966 0.4955167 0.005055984 4.214668e-06 0.45241198 0.10766926 0.030193495 0.018992778 0.08429464 0.03910181 0.00868586 0.016067607 0.12516169 0.19891715 0.000492907 8.635994e-06 0.11770528 0.0052444837 0.012809053 0.0017170862 2.7177123e-07 0.0009591173 0.00034967242 0.00011612222 0.06031624 0.001398729 0.022677355 0.0005868714 0.0103766145 0.013933412 0.055290706 2.6468568e-05 0.00020247922 0.00041735327 0.0021975057 1.9453571e-05 0.0019138618 2.1567239e-05 3.3793748e-07 2.838244e-05 1.3503487e-05 0.09892366 4.465335e-06 0.00020479273 1.5319509e-06 0.00012350046 3.832751e-06 1.9361069e-05 0.02347212 0.013335482 0.016527481 0.0003708397 0.00033999345 0.000107580316 0.00012374073 0.000109059794 0.0016966593 0.0004864379 0.00415125 0.0047107693 0.004137211 0.0026643341 4.9580667e-06 0.00249575 3.079328e-07 1.0063834e-05 2.0080286e-05 9.573882e-06 9.656183e-05 0.0014264594 8.288068e-07 0.00031150482 8.953599e-06 7.628626e-08 0.0023467762 2.667821e-06 0.0003003866 6.594195e-05 7.083267e-07 0.00013150368 5.2417986e-06 1.4995148e-08 1.3053526e-05 0.00011535686 0.0004936338 7.2272303e-07 5.9825295e-05 8.0098085e-05 1.3226687e-06
8.450775e-06 0.25461188 0.02840482 0.2558404 0.03924577 0.0061488706 2.4032277e-21 0.006180815 0.0014417449 0.732194 0.47246036 0.06876181 0.22212602 0.025787981 0.41726544 0.078456566 0.014638669 0.03371921 0.03323894 6.258027e-06 0.020544581 0.00024755922 0.14894 0.16470331 0.18425567 0.049165133 0.11656096 0.0145259835 0.00076523446 0.020152282 0.043127116 0.005785569 0.0001833593 0.003712555 0.00010171415 0.012597462 0.008359257 0.026843596 0.0023712134 0.013636798 0.009401112 0.0013243835 0.00074826926 0.0017356516 0.002979164 0.0030195408 0.008589113 7.3668066e-06 0.00031235738 0.00084250123 3.280758e-05 0.0009555261 0.00015232844 0.01371672 2.5005027e-05 2.302576e-05 3.851815e-05 3.7225596e-05 8.512488e-05 3.5011637e-06 0.002998997 0.009918882 0.002550513 0.0018596963 6.514562e-05 0.0006513845 3.696716e-05 0.00033712666 0.0018040126 2.1438744e-05 0.0022332896 0.0028489681 0.0013359336 0.0022739205 7.417002e-05 0.002589461 2.2200897e-05 0.0001383769 0.00012729823 0.00010745594 5.837589e-05 0.0010418444 1.8561595e-07 0.00014296414 2.4037643e-06 4.2459337e-06 0.0055042524 4.5101e-05 2.6743463e-05 3.108165e-07 3.0149886e-05 1.6824846e-05 1.38801215e-05 3.1406923e-06 9.190216e-06 0.00010919383 0.00031938287 6.2351726e-05 3.9171093e-05 4.405025e-06 2.8333274e-05
0.001145388 0.105544746 0.017331151 0.19622469 0.41401008 0.66533023 0.006180815 8.639683e-27 0.008245984 0.0027236477 7.145722e-05 0.35329217 0.00022218828 0.4374591 0.0013541732 1.5337893e-05 0.49308938 0.047838736 0.02750929 0.05031564 0.2929364 0.039579064 0.0049536885 0.0062134177 0.025628375 0.17066835 0.0006135714 5.165207e-05 0.3546871 0.006921613 0.012787894 0.0029390468 6.96418e-07 0.0018395717 0.002793266 0.00013228593 0.039636374 0.00057172135 0.062037237 0.00035323174 0.007748133 0.023302734 0.13959491 4.5662764e-05 0.00010501198 0.00042197597 0.0009550501 0.00026782704 0.006983988 4.6071396e-05 2.1532474e-06 3.8013673e-05 1.3054186e-05 0.011610478 6.8343735e-07 0.0003247461 2.0740645e-06 0.000287564 5.372023e-06 2.1877413e-05 0.0054717953 0.0048236325 0.0054721627 0.0005225024 0.00080747163 1.7821698e-05 0.00027041178 0.00010489727 0.001076745 0.0003917634 0.002284237 0.0017551968 0.001650206 0.0011288102 5.1972723e-08 0.0008671251 6.6080577e-07 4.071281e-05 1.6443996e-06 2.189342e-05 0.000105951134 0.00036609708 6.323458e-07 0.0012474289 5.0427607e-05 9.969797e-08 0.0011501901 6.1161774e-07 0.00062795944 0.00033286758 5.156965e-08 0.00065699156 8.978502e-05 5.2728687e-08 0.00019197991 0.00034188645 0.00071328983 3.192137e-07 0.00017116034 0.00012801189 8.5110577e-07
4.537759e-09 0.021371195 0.48285377 0.011199313 0.0061993306 0.043211468 0.0014417449 0.008245984 3.4603688e-22 0.00086158246 4.3952914e-05 0.0052863783 0.00018365521 0.010313725 0.00030838288 2.2002074e-05 0.0017697805 0.0012828497 0.0008225359 0.0119908415 0.00018801406 0.32584965 0.00024959084 0.0012888886 0.0030299053 0.0031509907 0.00013926138 1.7755874e-05 0.0005094875 0.00015791069 0.0011749585 0.00011574663 1.8016655e-06 6.740312e-05 4.87686e-05 0.00011216933 0.0012120118 0.0005396606 5.519425e-06 0.000716446 0.00026367075 0.00024160805 6.380132e-05 1.5831292e-05 0.00023649023 0.0001153924 0.00034766202 0.000113111746 2.3431587e-05 0.00013147772 2.98919e-07 0.00019002706 4.6188356e-06 0.0017585435 9.795103e-07 4.422405e-06 1.3491676e-06 1.1222095e-05 3.6957447e-06 1.6216552e-05 0.00093355164 0.0032432675 0.00069084857 0.00016424358 3.1240415e-06 0.00011010253 8.675436e-06 3.850614e-05 0.0012653685 2.6526548e-06 0.00094464025 0.00086868036 0.00020524046 0.00044126064 2.295386e-06 0.0009098649 2.8625183e-07 2.0423598e-05 3.948123e-06 1.3905679e-05 3.6710273e-07 0.00010385411 5.6827652e-08 3.1085044e-06 8.48954e-06 1.1186656e-08 0.0006496613 1.6260416e-06 2.3835412e-06 0.0006749964 2.1331365e-07 3.4858217e-06 5.5680135e-07 3.8849355e-09 5.1393054e-06 2.5529887e-05 0.00027622917 8.165824e-07 2.1215037e-05 5.519335e-08 1.5849819e-06
0.0001351745 0.27761152 0.009568451 0.3488645 0.02956193 0.011273777 0.732194 0.0027236477 0.00086158246 9.8562496e-21 0.472024 0.078506 0.6529051 0.03720987 0.7802483 0.23192148 0.019820876 0.09221154 0.06348611 4.2342235e-06 0.027998451 0.00025919947 0.57101524 0.47881645 0.43892568 0.06836001 0.41004068 0.07067322 0.0060368646 0.168788 0.1981589 0.028587403 0.00090403826 0.018313132 0.00022999174 0.08700685 0.014083269 0.16776614 0.0070551923 0.10383906 0.013255828 0.0019102914 0.0022265187 0.017367966 0.04527417 0.030939603 0.03847986 9.432296e-06 0.0007307206 0.0030100455 0.00020445182 0.0038933055 0.00075531076 0.03274007 0.0002129136 1.9041116e-05 8.833397e-05 8.006204e-05 0.00024806216 2.5485285e-06 0.012421232 0.02742909 0.007920596 0.011260808 0.0003278498 0.0027880282 1.3665555e-05 0.002338471 0.0053846515 9.418412e-05 0.007855054 0.0051173535 0.0027406127 0.008193484 0.00016269492 0.00590617 0.000115632545 0.0009838393 0.0009063116 0.00064669206 3.253014e-05 0.0025809528 2.2385822e-07 0.00025007996 1.9826507e-06 2.283945e-05 0.004569518 0.00041290125 0.000105831874 1.4092067e-06 0.000112313726 4.3327233e-05 4.4461645e-05 2.093856e-05 5.4726795e-05 0.00025918116 0.00065105 0.0001465135 0.0001617938 6.1746873e-06 0.0004333063
5.163611e-07 0.042332377 0.0030168295 0.037747856 0.0015235785 5.0784492e-05 0.47246036 7.145722e-05 4.3952914e-05 0.472024 5.8307e-24 0.0049992343 0.57921904 0.00216664 0.2809036 0.36844206 0.0017150576 0.0044279043 0.004055113 1.9776047e-08 0.0011614137 5.2771147e-06 0.06790978 0.061869986 0.061203234 0.0051136552 0.09703548 0.056135733 0.00016129816 0.004789439 0.020119084 0.00069001503 0.00075196376 0.00036913334 3.070709e-05 0.016377585 0.00041624106 0.020885745 0.00032068673 0.010195958 0.00052088796 0.00015659294 3.066954e-05 0.0019849364 0.00093167316 0.0011018714 0.0021693609 3.0774225e-07 1.4730921e-05 0.0007499745 2.8554487e-05 0.00086170447 6.3646046e-05 0.003598759 5.3413214e-06 4.367649e-06 2.1340686e-05 1.218011e-05 2.7118536e-05 5.7155063e-08 0.00032392892 0.0055639353 0.0003359714 0.000857517 6.753009e-06 0.00010643198 1.5017231e-06 0.00011161541 0.00027831417 1.163656e-05 0.00033008386 0.0004336589 0.0010813279 0.00035682236 3.259946e-05 0.00031267275 4.2532447e-06 4.5418725e-05 2.1141397e-05 4.398764e-05 1.4410383e-06 0.00018645701 3.80334e-09 3.2211965e-06 8.025884e-08 3.6150184e-06 0.0033427032 1.8660172e-05 6.1992087e-06 4.203887e-09 5.5584237e-06 2.6790494e-06 3.5043354e-07 1.0551039e-06 1.0244568e-07 1.535061e-05 0.00017661731 5.0448383e-05 1.3127481e-05 3.0746503e-07 3.5421388e-05
0.03907244 0.16822146 0.0127991745 0.45432484 0.8571608 0.3163656 0.06876181 0.35329217 0.0052863783 0.078506 0.0049992343 3.318324e-21 0.005940023 0.8887605 0.07992107 0.00057705474 0.64385486 0.44690776 0.31493646 0.0062468145 0.5328065 0.006187022 0.11527731 0.22009285 0.46231386 0.69977546 0.01492631 0.00033914484 0.057996597 0.13982543 0.13494436 0.0331841 1.8457396e-05 0.025443502 0.00030077327 0.0053887535 0.35399002 0.03878759 0.42799708 0.0130507825 0.35564286 0.007840385 0.14901228 0.001487169 0.010242118 0.004903625 0.08593189 2.8157108e-05 0.045333933 0.0003198953 1.7464467e-05 0.00054264156 1.6889424e-05 0.123898506 2.7256707e-05 0.00026972152 1.3462701e-05 0.00039421636 3.7575497e-05 2.8850576e-05 0.05328236 0.020568175 0.048377674 0.0028717152 0.0023316343 0.0015032749 6.329298e-05 0.00053145416 0.010108613 0.0012696349 0.014730032 0.018060276 0.015981134 0.014752369 1.602434e-05 0.010210637 9.795631e-06 0.0001683866 0.0001545646 0.00020257095 0.00037961418 0.0065708742 1.4108849e-06 0.00233285 2.5041587e-05 3.5433027e-06 0.008338564 3.293639e-05 0.00041912778 0.0002628001 1.4732692e-05 0.00044983457 8.9333626e-05 4.9010555e-06 4.3936194e-05 0.0017802418 0.0043444727 2.7493363e-05 0.0013963606 0.00015010775 2.5522366e-05
1.4051077e-05 0.026082553 0.0021350447 0.032924008 0.0015633107 0.00022105966 0.22212602 0.00022218828 0.00018365521 0.6529051 0.57921904 0.005940023 1.8597217e-21 0.0028603629 0.5618931 0.6564224 0.0051955837 0.0057128146 0.0066485647 4.38577e-07 0.005688185 5.576166e-05 0.31863284 0.20320535 0.15097226 0.014174645 0.48790872 0.28384495 0.0032048877 0.022200517 0.045303755 0.0043638605 0.0038385168 0.0029815333 0.0001421239 0.09394377 0.0028648577 0.09456813 0.0024674688 0.05629051 0.005712935 0.0010182271 0.00015493472 0.024727775 0.017863745 0.01202772 0.00809398 5.851096e-06 8.26573e-05 0.0059981286 0.000459151 0.005226679 0.0011010973 0.0064024255 0.00013331113 4.3482733e-06 0.00019302175 2.2457945e-05 0.00012937715 7.4080873e-07 0.0029394054 0.0073687113 0.0025111649 0.006616196 2.6735248e-05 0.0022359057 2.383655e-06 0.00085840025 0.0013706742 7.9730664e-05 0.0022773866 0.0063909846 0.005021836 0.0020942234 0.00026322203 0.0019202158 4.8122027e-05 0.0007102675 0.0004103864 0.00036510112 7.985435e-06 0.0017114427 7.306926e-08 1.8309342e-05 1.5130546e-07 4.784604e-05 0.013052617 0.0001120405 4.9729124e-06 5.5027584e-08 0.00013692619 1.386203e-06 1.082121e-06 1.0487933e-05 4.579717e-07 0.000115159775 0.0006421042 0.00022078448 5.098812e-05 1.0344546e-06 0.00014119442
0.2830835 0.17434452 0.027685905 0.42790392 0.65067863 0.4955167 0.025787981 0.4374591 0.010313725 0.03720987 0.00216664 0.8887605 0.0028603629 2.600791e-20 0.023689333 0.00024186097 0.8503094 0.26465034 0.12817797 0.024656834 0.6133067 0.018947316 0.04279407 0.06017771 0.18085767 0.582516 0.007834458 0.00010223755 0.10535988 0.041809175 0.051799193 0.015460875 5.6203153e-06 0.012239904 0.00060627353 0.0023814137 0.2965021 0.0094067035 0.44135484 0.003863562 0.1266915 0.014442757 0.25447595 0.0016406481 0.0011250413 0.0010859555 0.011280048 0.00029154005 0.02846913 0.00014859285 3.3341305e-06 0.00013607263 1.1028101e-05 0.1063046 1.2463627e-05 0.0006409436 5.2277655e-06 0.0008200726 1.8635666e-05 4.563224e-05 0.053286713 0.00870952 0.04188751 0.00075077603 0.0030626915 4.7584843e-05 0.00016415652 0.00016643769 0.002436731 0.0014769388 0.00969633 0.011249667 0.032645613 0.007394096 4.226941e-06 0.0038232019 4.1069843e-06 2.9814319e-05 1.2548311e-06 3.684352e-05 0.0011971171 0.0017489241 6.269547e-05 0.0037266572 5.1077383e-05 1.7491926e-06 0.010708792 3.1420348e-06 0.0015377653 0.0006092464 6.520504e-07 0.00093916483 0.00026798007 2.6859414e-06 0.00026219056 0.0029771517 0.010996371 3.0797285e-06 0.003678275 0.0013230429 8.949194e-06
0.0013816406 0.12667307 0.0024866331 0.15828088 0.018342748 0.005055984 0.41726544 0.0013541732 0.00030838288 0.7802483 0.2809036 0.07992107 0.5618931 0.023689333 1.3760952e-19 0.27928358 0.015836343 0.08606369 0.07618517 1.8704884e-06 0.02376936 0.0004727712 0.77525866 0.6600581 0.5523427 0.052576058 0.65956265 0.13022016 0.0044950177 0.23528689 0.31127858 0.036038317 0.0022814558 0.025775045 4.8696336e-05 0.36430505 0.025175229 0.40723372 0.012706373 0.32591075 0.03698114 0.0006506214 0.002966194 0.10383754 0.18851392 0.08467709 0.1220292 1.9051035e-05 0.00083288713 0.0095685255 0.00039094192 0.008932602 0.0041177324 0.045831967 0.0013574951 4.509272e-06 0.0010446048 2.1636828e-05 0.00088657625 3.733494e-06 0.018803738 0.06669538 0.010497674 0.030200817 0.00040710132 0.011207491 7.717005e-06 0.005092498 0.012750029 0.0002520289 0.010779297 0.007996933 0.0037479314 0.01840708 0.00093356764 0.012577906 0.00022799875 0.0031394872 0.0042054136 0.0020598394 7.799926e-06 0.0049867183 6.756178e-08 0.00025787618 4.992909e-06 0.00012819978 0.004986112 0.00185341 0.0001051232 1.9662632e-06 0.0008309224 3.5635356e-05 0.00014895764 6.270223e-05 7.458441e-05 0.0002209178 0.00045520064 0.00052333274 0.00012800541 4.857872e-06 0.0010884223
9.970687e-07 0.009670828 0.00053516746 0.007885027 0.00010570033 4.214668e-06 0.078456566 1.5337893e-05 2.2002074e-05 0.23192148 0.36844206 0.00057705474 0.6564224 0.00024186097 0.27928358 2.3871833e-21 0.00052731304 0.00031506494 0.0005422349 2.2042018e-07 0.00058784155 9.634672e-06 0.09164582 0.045065556 0.027368158 0.0019366887 0.3603709 0.5006925 0.00028264092 0.001614734 0.009778896 0.00012829347 0.012747926 6.5488966e-05 3.1016538e-05 0.06183564 0.00063481106 0.028470157 0.00025038805 0.024765808 0.0006163909 0.00026902172 3.274416e-05 0.016532801 0.0022938522 0.0026090227 0.0013207208 1.0135558e-06 1.794817e-05 0.002430702 0.0013766644 0.002183812 0.00048265015 0.0016178266 0.00019006783 1.152414e-06 0.00021344218 4.697221e-06 0.00019698763 1.0248164e-07 0.00040738677 0.0032276097 0.00053296844 0.0025003098 3.4359741e-06 0.00054474693 4.7389875e-07 0.00020467656 0.00041455126 1.3423828e-05 0.00071317627 0.0017291446 0.0026659952 0.00044577327 0.000162531 0.0007302482 3.0356665e-05 0.00016020803 0.00013376768 8.724325e-05 1.2416841e-06 0.00043087502 1.3521404e-08 4.318939e-06 2.8258698e-08 2.1113592e-05 0.0066465517 3.151387e-05 1.4971314e-06 9.231866e-09 3.4337583e-05 4.287153e-07 3.143283e-07 6.817394e-06 5.9499914e-08 4.3001746e-05 0.000498402 0.000121671954 2.8234603e-05 2.656823e-07 5.7690337e-05
0.39216042 0.051969294 0.0067152763 0.21947423 0.45435822 0.45241198 0.014638669 0.49308938 0.0017697805 0.019820876 0.0017150576 0.64385486 0.0051955837 0.8503094 0.015836343 0.00052731304 3.7871036e-20 0.109018154 0.09009589 0.023094196 0.88278925 0.017690955 0.025613165 0.021972427 0.049161736 0.36893827 0.017992705 0.00015349213 0.3765181 0.024632886 0.012840957 0.01663447 3.0413607e-05 0.013607906 0.006998276 0.0060201488 0.11125616 0.0044109947 0.5038069 0.006003268 0.0523341 0.07124276 0.5096724 0.0027609789 0.0018075414 0.0007389763 0.0057880576 0.0008706655 0.19659612 0.0007748908 1.0845701e-05 0.0005875392 0.00018726855 0.034759305 0.00011829379 0.005886562 6.67591e-05 0.0044191424 7.246417e-05 0.00014933171 0.018915309 0.006514916 0.016812 0.00041471026 0.025655227 0.00031159158 0.0014180222 0.00010907747 0.0017192753 0.008759946 0.008735453 0.010018565 0.043309312 0.006433344 2.3224731e-05 0.005596141 1.6414828e-05 6.0569302e-05 2.7422582e-05 7.1512455e-05 0.005129674 0.0027648113 0.0012858053 0.012524372 0.000472679 7.073975e-06 0.011616221 2.960923e-05 0.0056710886 0.0023465075 2.0958446e-06 0.0041847695 0.0016405119 2.8089453e-06 0.0014216286 0.008109885 0.019656837 5.9082904e-06 0.012418282 0.009460015 9.495962e-06
0.13258606 0.09510693 0.003564428 0.38377994 0.21751696 0.10766926 0.03371921 0.047838736 0.0012828497 0.09221154 0.0044279043 0.44690776 0.0057128146 0.26465034 0.08606369 0.00031506494 0.109018154 5.5113746e-22 0.9651293 0.00066218706 0.07530406 0.0011377229 0.0996164 0.14818491 0.40317506 0.61764824 0.02890229 0.00012421982 0.0037703412 0.11375563 0.19508836 0.059119407 5.605967e-07 0.04782748 1.6005995e-05 0.0065610153 0.29192236 0.020631632 0.19741164 0.0082070865 0.21051218 0.002291281 0.023266338 0.00050683593 0.01247984 0.0034160912 0.123369895 3.4113978e-06 0.008506653 0.00018389602 3.2595615e-08 0.00023718727 2.2590762e-05 0.5102551 2.631157e-05 6.359345e-05 4.509014e-06 3.7512837e-05 1.43242205e-05 4.3086308e-07 0.15319175 0.043559514 0.10637228 0.0011209988 0.00063878676 0.0005168213 9.502703e-06 0.00021697093 0.0071894196 0.00046530247 0.0460424 0.029363379 0.03942024 0.057755664 3.6705023e-05 0.01593629 1.3144398e-06 5.5884582e-05 8.244482e-05 8.063758e-05 0.0001788518 0.0047069597 1.5200568e-06 0.0021998552 8.367735e-07 4.770038e-07 0.028385907 7.7375e-06 0.00023027266 8.919398e-06 1.1203553e-05 0.00019057804 6.583752e-05 5.355958e-07 5.8559694e-06 0.0029796257 0.015931845 4.381911e-05 0.005107429 0.0003948809 1.5827427e-05
0.1199403 0.03855223 0.0016924939 0.19765992 0.13357021 0.030193495 0.03323894 0.02750929 0.0008225359 0.06348611 0.004055113 0.31493646 0.0066485647 0.12817797 0.07618517 0.0005422349 0.09009589 0.9651293 5.8178226e-21 0.00013957768 0.082837395 0.00042298465 0.1484849 0.18737546 0.43670174 0.6572903 0.03389649 0.00058413786 0.0054175993 0.25064638 0.25931454 0.06686892 5.6979334e-06 0.055773895 1.9756455e-05 0.019930981 0.4739301 0.04684668 0.35367873 0.018388338 0.4372774 0.0036912826 0.02714568 0.0025805393 0.04861043 0.010247883 0.26178122 9.377958e-06 0.0106121125 0.0004978557 2.0170116e-06 0.00047494692 7.826187e-05 0.29750717 0.000111421636 8.4648134e-05 2.1369951e-05 7.451822e-05 2.073844e-05 2.9515897e-06 0.13199255 0.080404356 0.12778611 0.0074927937 0.0010177009 0.002158861 1.3233722e-05 0.0008765044 0.01681135 0.00032343162 0.057045832 0.06537919 0.047415245 0.051070582 6.418054e-05 0.026639791 7.979224e-06 0.0002950118 0.00069254026 0.00044435138 0.00026533028 0.006797457 2.6350656e-06 0.002401456 6.5728823e-06 1.800004e-05 0.04306793 5.049151e-05 0.00022317006 8.547846e-06 5.2708805e-05 0.00032339428 8.775685e-05 1.2299392e-05 1.5203388e-05 0.0037353302 0.013085784 0.0001201555 0.004898407 0.000120629564 6.8679255e-05
1.3427886e-07 0.0016299327 0.00029347095 0.0011051707 0.0034002264 0.018992778 6.258027e-06 0.05031564 0.0119908415 4.2342235e-06 1.9776047e-08 0.0062468145 4.38577e-07 0.024656834 1.8704884e-06 2.2042018e-07 0.023094196 0.00066218706 0.00013957768 4.2772417e-22 0.0025731141 0.41782588 2.9870129e-05 1.6910264e-05 0.00024170808 0.0027472358 3.6139274e-05 5.827026e-07 0.20753351 7.964179e-06 3.9974617e-05 4.546286e-06 5.2739345e-08 2.6325665e-06 0.035388514 4.2188927e-05 0.0016155019 7.304359e-05 0.0001589261 3.905527e-05 0.00031033004 0.013973152 0.011847917 8.138285e-06 7.470441e-07 2.0139987e-05 5.207533e-06 0.015575607 8.3917905e-05 3.4489747e-06 8.841044e-08 3.4742557e-06 7.5427675e-07 0.00046940154 9.044957e-08 0.00027717126 2.7159012e-07 0.00048498044 3.342853e-07 0.00367503 0.0004038454 5.54112e-05 0.00045405037 2.3031505e-06 4.2929387e-05 1.3684967e-06 0.0045436104 2.6785538e-06 8.267551e-05 2.329256e-05 5.1875697e-05 0.0001625059 8.39071e-05 5.23672e-05 3.3202387e-08 0.00012440441 1.5998303e-07 2.871195e-06 1.1768418e-07 3.0456838e-06 0.00022439184 6.3680504e-06 1.9368752e-05 0.00072088453 0.00081163965 3.461252e-08 0.00027736477 3.300481e-07 0.00021711418 0.008643185 2.6963264e-07 0.00011343538 9.476517e-05 1.0307852e-08 0.00038726957 0.0008212019 0.0017375951 3.7478667e-06 0.00036884143 0.000106564104 7.944532e-06
0.21303129 0.015390408 0.0016758151 0.046377104 0.35908538 0.08429464 0.020544581 0.2929364 0.00018801406 0.027998451 0.0011614137 0.5328065 0.005688185 0.6133067 0.02376936 0.00058784155 0.88278925 0.07530406 0.082837395 0.0025731141 2.9023457e-19 0.0066159405 0.023933137 0.020992208 0.028592933 0.5737283 0.017910767 0.0005877087 0.26686516 0.056946784 0.016967507 0.019733744 0.00011344156 0.01625734 0.007789679 0.003841025 0.28167292 0.004159841 0.8283858 0.0034817604 0.28125036 0.087548375 0.6400061 0.0025363076 0.0013528405 0.00073605427 0.010143575 0.0013882668 0.52577907 0.00023764279 4.5993744e-05 0.00019589806 0.000118705146 0.02542534 2.9319472e-05 0.00890534 7.778966e-05 0.009390234 6.376756e-05 0.00047312665 0.020162182 0.0052233203 0.0189994 0.00051154674 0.09508014 0.00021777903 0.0024097906 0.0003487481 0.0020457879 0.024367467 0.014603831 0.010978133 0.08492227 0.008208387 6.5571307e-06 0.007328065 1.9400824e-05 0.0005909271 3.4885205e-05 0.000230281 0.0079396125 0.0021772203 0.0015730556 0.042406097 0.0013932174 5.3624284e-05 0.008904457 4.583173e-05 0.009769131 0.0013850587 4.0644354e-06 0.00941111 0.00430896 2.6690794e-05 0.001962189 0.02241485 0.034433603 2.0972913e-05 0.0329779 0.014687424 3.5216864e-05
2.3201252e-08 0.0034657528 0.005314017 0.0045994227 0.0043723583 0.03910181 0.00024755922 0.039579064 0.32584965 0.00025919947 5.2771147e-06 0.006187022 5.576166e-05 0.018947316 0.0004727712 9.634672e-06 0.017690955 0.0011377229 0.00042298465 0.41782588 0.0066159405 1.2750168e-20 0.00034258413 0.000455383 0.0011357405 0.009260711 0.0006450007 1.6515813e-05 0.058464855 0.00026583608 0.0005208976 0.00013044447 2.5131028e-06 7.8102086e-05 0.01611575 0.00020661637 0.0043309126 0.00051281136 0.0005590207 0.0013840236 0.002292587 0.0048713917 0.0018812256 7.3067284e-05 0.00034568761 0.00013815233 0.00035180227 0.0762885 0.0004102383 0.00016473175 2.7859166e-06 0.00014920687 2.543392e-05 0.0030685824 6.4956807e-06 0.00013562398 2.2424358e-06 0.00025534356 6.7633664e-06 0.013091282 0.0020315882 0.002487418 0.0025438108 7.47335e-05 4.248982e-05 9.9019395e-05 0.00057271286 7.4241856e-05 0.00069959095 9.458458e-05 0.0011675289 0.0025920577 0.00065183686 0.00095269945 5.3335943e-06 0.0014944233 1.1359115e-06 5.361288e-05 2.5856016e-05 3.7183017e-05 0.00016520689 0.00049142033 7.990471e-06 5.420095e-05 0.0003084417 1.9634316e-08 0.0016174457 6.4780743e-06 7.017791e-05 0.060639806 2.6658804e-06 5.3820306e-05 1.345468e-05 1.4659042e-09 0.00010898265 0.00021848295 0.0007499917 3.0594114e-05 5.551281e-05 8.565374e-06 7.6496616e-07
0.0065328907 0.05946439 0.0020895614 0.21803413 0.036719497 0.00868586 0.14894 0.0049536885 0.00024959084 0.57101524 0.06790978 0.11527731 0.31863284 0.04279407 0.77525866 0.09164582 0.025613165 0.0996164 0.1484849 2.9870129e-05 0.023933137 0.00034258413 2.5738087e-19 0.9322098 0.7020074 0.1081544 0.73512477 0.065703884 0.0031176726 0.36835676 0.44913968 0.07647428 0.00084676524 0.062298268 5.3013297e-05 0.45991847 0.03662888 0.55116224 0.015593099 0.4909798 0.093753934 0.0037532288 0.0028717578 0.15674739 0.32547432 0.11069319 0.23026048 1.29817445e-05 0.0009408013 0.025768967 8.972502e-05 0.042414736 0.007262146 0.0606723 0.0016229681 2.8592227e-05 0.0014377246 5.075956e-05 0.000720356 2.8144232e-06 0.04102 0.09684667 0.0304399 0.03835807 9.177775e-05 0.03080956 4.3966586e-05 0.007981942 0.026194783 0.00023389292 0.028576666 0.017749207 0.0049942355 0.034217823 0.0021259384 0.024382824 0.00012464097 0.006516038 0.008487456 0.00450323 4.235316e-05 0.0068210075 3.4047397e-07 0.00018870726 2.819423e-06 0.00025814955 0.015637558 0.0023665065 1.714102e-05 2.6783863e-07 0.0019669281 1.0194863e-05 1.3219518e-05 8.6903776e-05 1.7290093e-05 0.00023241827 0.00078032183 0.0014733473 7.613549e-05 9.001913e-06 0.0019093417
0.017279388 0.084790125 0.004938257 0.28408575 0.05698775 0.016067607 0.16470331 0.0062134177 0.0012888886 0.47881645 0.061869986 0.22009285 0.20320535 0.06017771 0.6600581 0.045065556 0.021972427 0.14818491 0.18737546 1.6910264e-05 0.020992208 0.000455383 0.9322098 2.5861996e-19 0.8176798 0.17300422 0.6043822 0.031603444 0.0031557258 0.4457697 0.55246985 0.08772014 0.0009898918 0.07161293 3.1888965e-05 0.34403655 0.09651838 0.4975193 0.035363644 0.3907878 0.18058378 0.0013863102 0.0050380593 0.12135264 0.31017852 0.08735871 0.32523194 1.5060465e-05 0.0017564333 0.024475975 0.00023631168 0.030042732 0.004230014 0.120665625 0.0013417827 2.7602495e-05 0.0012258508 6.200223e-05 0.00071796315 6.595708e-06 0.05876164 0.11529456 0.042671647 0.039731245 0.00036094172 0.016285522 1.1722348e-05 0.0064415243 0.026142916 0.00019592869 0.03783959 0.017384082 0.0038171357 0.052317057 0.0014284864 0.031006426 0.00011414041 0.004135917 0.004268872 0.0033544505 3.293727e-05 0.006188568 3.5398793e-07 0.0002553947 6.3469756e-06 0.000101503094 0.0124291405 0.0013548256 5.956888e-05 6.1551095e-06 0.00095110084 4.1499767e-05 4.5849305e-05 5.802704e-05 8.0896236e-05 0.0002288276 0.0009268937 0.0009961292 0.00019958147 4.3934538e-06 0.0013958167
0.25956863 0.16241091 0.008595522 0.3983059 0.15819165 0.12516169 0.18425567 0.025628375 0.0030299053 0.43892568 0.061203234 0.46231386 0.15097226 0.18085767 0.5523427 0.027368158 0.049161736 0.40317506 0.43670174 0.00024170808 0.028592933 0.0011357405 0.7020074 0.8176798 8.3272034e-19 0.28435418 0.43925887 0.027236862 0.0036997423 0.5804764 0.6872337 0.21401428 0.00048449528 0.1922487 2.4668547e-05 0.2741157 0.20384222 0.51526284 0.03138442 0.36506796 0.14994295 0.0026127936 0.015960893 0.12001916 0.3012393 0.10416341 0.3262482 2.5629004e-05 0.00030560975 0.02881598 4.7965787e-05 0.024751745 0.0029615855 0.34274036 0.00096926413 1.3071164e-05 0.0011131665 3.867134e-05 0.0008062436 7.671649e-06 0.13946609 0.22618875 0.08186381 0.060451336 0.00019741378 0.0039380156 9.601065e-06 0.0067530456 0.030286623 0.00012166023 0.08465805 0.028110694 0.011818733 0.13161984 0.00042191963 0.042308394 3.7514947e-05 0.0026439026 0.0013404436 0.002292882 4.0802093e-05 0.0049160123 3.828088e-07 0.0001594824 4.541303e-06 5.9684193e-05 0.02866342 0.00058066344 0.0001257559 1.1297422e-05 0.00036952904 8.331449e-05 7.083349e-05 4.360443e-05 5.3750908e-05 0.0006628666 0.004073427 0.00062301324 0.00067297876 1.8923178e-05 0.0007654476
0.6515389 0.052660465 0.008569374 0.22726037 0.35657626 0.19891715 0.049165133 0.17066835 0.0031509907 0.06836001 0.0051136552 0.69977546 0.014174645 0.582516 0.052576058 0.0019366887 0.36893827 0.61764824 0.6572903 0.0027472358 0.5737283 0.009260711 0.1081544 0.17300422 0.28435418 1.1846003e-18 0.04249708 0.00027983228 0.105390236 0.27656275 0.11105644 0.10551592 2.1478894e-05 0.11154245 0.0007060442 0.019014336 0.6357952 0.022556052 0.7840999 0.018701961 0.45597243 0.008303465 0.21783918 0.0046534394 0.01090494 0.0038166372 0.033518154 0.00086507376 0.07613153 0.0006224042 7.0265605e-06 0.0005510245 5.551826e-05 0.19843684 4.874656e-05 0.0017222753 5.743661e-05 0.0018535142 9.769141e-05 0.00012644427 0.112636305 0.01807057 0.12098356 0.00202539 0.020146335 0.00063961186 0.0005871183 0.00046372777 0.006964673 0.005249751 0.03730092 0.044056118 0.189613 0.020534309 1.787893e-05 0.010514131 4.3452244e-05 0.00045455256 3.9701907e-05 0.0002495406 0.0028957655 0.0032784028 0.00021393779 0.012229358 0.0002252499 3.2600798e-05 0.05087568 4.9785613e-05 0.0026216744 0.0008478241 1.4161754e-05 0.002704858 0.0012319367 1.712463e-05 0.0010142245 0.015880823 0.1646062 2.9788658e-05 0.04520227 0.0050839423 4.128841e-05
0.0013749704 0.029687328 0.0005578812 0.051819608 0.0019588564 0.000492907 0.11656096 0.0006135714 0.00013926138 0.41004068 0.09703548 0.01492631 0.48790872 0.007834458 0.65956265 0.3603709 0.017992705 0.02890229 0.03389649 3.6139274e-05 0.017910767 0.0006450007 0.73512477 0.6043822 0.43925887 0.04249708 3.0975567e-18 0.42453343 0.01484411 0.1835047 0.33019614 0.037726082 0.012610262 0.028217034 0.00018136053 0.6936005 0.018950634 0.5562202 0.009267682 0.6730733 0.031042174 0.003663524 0.004276871 0.53029764 0.25074118 0.23241518 0.14068094 7.9472404e-05 0.0005740011 0.1252042 0.0020451646 0.15160921 0.08345534 0.030664872 0.013838535 1.113828e-05 0.019473914 3.0217272e-05 0.008029328 1.5259167e-05 0.02917436 0.119476 0.020318814 0.10203336 6.673351e-05 0.08744234 2.5488165e-05 0.029347615 0.033080563 0.00023123369 0.017655805 0.019559043 0.0052487897 0.03575853 0.0136460215 0.018619955 0.00214052 0.02566166 0.02206954 0.013807601 2.311348e-05 0.009862781 1.2873529e-06 6.67698e-05 5.869013e-06 0.0015622079 0.016730078 0.012503456 0.00014142298 2.971423e-07 0.0067582224 4.3204895e-05 0.00012466034 0.0009528071 3.1266663e-05 0.00010968479 0.00072985585 0.0023338057 0.00014418962 2.6422815e-05 0.0066465233
7.3262294e-07 0.0055908044 9.038692e-05 0.007513072 5.1409745e-05 8.635994e-06 0.0145259835 5.165207e-05 1.7755874e-05 0.07067322 0.056135733 0.00033914484 0.28384495 0.00010223755 0.13022016 0.5006925 0.00015349213 0.00012421982 0.00058413786 5.827026e-07 0.0005877087 1.6515813e-05 0.065703884 0.031603444 0.027236862 0.00027983228 0.42453343 1.3317033e-19 0.0010213471 0.0019442566 0.008191615 0.00033094877 0.2778405 0.0001754328 2.530528e-05 0.18049173 0.0004324744 0.02782208 6.397393e-05 0.047938466 0.0009595331 0.00042946954 4.7530735e-05 0.113112256 0.005473682 0.0090581 0.0008317457 1.2503336e-06 1.9643505e-05 0.012246372 0.01779075 0.008113974 0.0064453157 0.0025502248 0.0034041672 1.4111636e-06 0.0074022906 2.2000447e-06 0.005618885 3.3268935e-07 0.0006897206 0.0107077295 0.0004805562 0.006976606 2.381744e-06 0.0016321087 5.286249e-07 0.0016546729 0.0012141457 2.1757057e-06 0.0013706972 0.0010736892 0.0005052448 0.00067421404 0.002190305 0.00071451295 0.00052123005 0.0007426791 0.0005106711 0.00045556045 1.2727515e-06 0.0004806635 1.9729453e-07 2.406558e-06 3.2845563e-08 0.0001198545 0.002301404 0.0014188426 7.5249125e-07 3.3621763e-09 0.00039264612 8.2579405e-08 3.1390634e-08 3.85823e-05 1.4795602e-07 2.6523007e-06 0.00012910808 0.00013600543 2.515323e-06 9.730227e-09 0.00037238732
0.007161335 0.0018648094 0.00043925032 0.01261164 0.040688373 0.11770528 0.00076523446 0.3546871 0.0005094875 0.0060368646 0.00016129816 0.057996597 0.0032048877 0.10535988 0.0044950177 0.00028264092 0.3765181 0.0037703412 0.0054175993 0.20753351 0.26686516 0.058464855 0.0031176726 0.0031557258 0.0036997423 0.105390236 0.01484411 0.0010213471 3.0288115e-21 0.0010657504 0.0018965093 0.00042180295 0.00014247443 0.00028212034 0.7660281 0.009043829 0.011976476 0.0012688691 0.11415387 0.009760835 0.0011626795 0.7946489 0.67868084 0.0116424225 0.00015838715 0.0006139679 0.00057061046 0.04512476 0.25873944 0.0007476237 0.00024669548 0.0010440501 6.139383e-05 0.0010979588 4.2784657e-05 0.16314547 9.3677245e-06 0.1672441 5.1611252e-05 0.008988651 0.00040693232 0.00039826139 0.0011803939 6.231802e-05 0.025445303 4.4979995e-05 0.096327685 8.6220905e-07 0.00042345448 0.025582753 0.0016777036 0.0051436475 0.003967259 0.00024465477 1.7064368e-06 0.0011875032 1.996732e-06 4.6376827e-06 3.5583992e-06 1.702753e-06 0.029394127 0.0001493696 0.006426519 0.016564302 0.0036674552 1.0398353e-06 0.0011626418 5.4638576e-06 0.027096828 0.008216497 6.853805e-07 0.02126281 0.0111850165 1.01456294e-07 0.001026409 0.0009775875 0.0020561086 6.804529e-07 0.0010635714 0.002388886 6.050989e-07
0.14816621 0.015222345 0.0004593108 0.12044364 0.046634477 0.0052444837 0.020152282 0.006921613 0.00015791069 0.168788 0.004789439 0.13982543 0.022200517 0.041809175 0.23528689 0.001614734 0.024632886 0.11375563 0.25064638 7.964179e-06 0.056946784 0.00026583608 0.36835676 0.4457697 0.5804764 0.27656275 0.1835047 0.0019442566 0.0010657504 3.8675007e-21 0.8171424 0.828251 5.1254533e-06 0.75203574 3.6873307e-06 0.12259426 0.26123238 0.17956327 0.2595596 0.12258267 0.6186599 0.0013679998 0.006886716 0.01295547 0.30218557 0.10131803 0.7209718 2.4851913e-06 0.017785475 0.008652223 7.962903e-06 0.011731693 0.0025157924 0.66444427 0.00017906823 1.9961846e-05 0.00017489523 2.2813912e-05 8.2067105e-05 1.857942e-06 0.21342462 0.18250881 0.21022625 0.041234817 0.0029864376 0.01564372 2.4639755e-06 0.007079801 0.097272836 0.0030221408 0.16870247 0.24174176 0.09805869 0.16721965 0.0027334737 0.112794414 1.282485e-05 0.0056479685 0.0070047094 0.0057363426 2.357967e-05 0.037759386 1.2291178e-08 0.0023427971 1.6757565e-06 5.0614108e-05 0.14021377 0.00094417506 4.002138e-05 3.2139687e-07 0.00088402483 0.00012158727 1.5105099e-05 2.1839349e-05 1.4376861e-06 0.00723697 0.023929926 0.000787347 0.008768375 0.00016710456 0.0005213549
0.7061583 0.03502929 0.004527962 0.17820671 0.041585457 0.012809053 0.043127116 0.012787894 0.0011749585 0.1981589 0.020119084 0.13494436 0.045303755 0.051799193 0.31127858 0.009778896 0.012840957 0.19508836 0.25931454 3.9974617e-05 0.016967507 0.0005208976 0.44913968 0.55246985 0.6872337 0.11105644 0.33019614 0.008191615 0.0018965093 0.8171424 5.984561e-18 0.50489193 0.00032052805 0.5094192 1.8794988e-06 0.2998055 0.14117298 0.4840704 0.024014898 0.4145952 0.1621832 0.00034613922 0.0011979212 0.10873052 0.5655964 0.27004686 0.6705673 1.9656829e-05 0.00017804328 0.06564699 6.648913e-05 0.086885296 0.010783981 0.34983796 0.0031390414 1.4770318e-06 0.0015253902 1.0211896e-06 0.00061006116 4.4508522e-07 0.258167 0.43464398 0.18018484 0.15427414 5.470608e-05 0.025788983 5.1527303e-07 0.04779765 0.16516453 0.00020898372 0.22387548 0.08823761 0.0494531 0.2263406 0.003010288 0.13018492 9.8765886e-05 0.029394934 0.017204653 0.039786965 5.512749e-06 0.042658515 1.8600925e-08 3.6703448e-05 1.3897419e-07 0.00016817811 0.11613076 0.0038720167 1.5042743e-06 5.054079e-07 0.0026420173 5.704572e-06 1.2609449e-07 0.00018450982 4.671269e-07 0.0010067037 0.007655046 0.004256735 0.0019090066 1.24196185e-05 0.0036313727
