2.9010008e-30 0.043589965 0.43444505 0.14889622 0.22607197 0.486279 0.057344336 0.8871127 0.2933972 0.0746809 0.27977827 0.63927084 0.18088064 0.5140874 0.21683042 0.018100338 0.013981103 0.7883187 0.00959567 0.0044270596 0.0024127096 0.09439896 0.46487287 0.59384865 0.9461509 0.62081265 0.00956192 0.7824147 0.4709421 0.00041970875 0.8735859 0.3819225 0.82321846 0.8044558 0.0025883624 0.9225662 0.90746933 0.66015947 0.7243488 0.0007438146 0.87959206 1.4275439e-05 0.97632414 0.70681196 0.001340689 0.0058935215 0.2071506 0.98180234 0.9548541 0.4912697 0.034658313 0.00010373859 0.81384695 0.97396684 0.950729 0.28615105 0.69349337 0.11749788 0.78810096 0.25420764 0.8307028 0.23037772 0.00083524437 7.4627445e-05 0.9863231 0.010485899 0.0028754505 0.23300539 0.8018129 8.174486e-06 0.98724663 0.0009760699 3.789056e-06 0.9973732 0.964427 0.7468486 0.99838823 0.9956305 0.13224214 4.0202508e-07 2.2804212e-05 0.9905086 0.9437811 0.46272442 9.0385885e-07 6.7333117e-06 0.97713584 0.9970781 0.020469775 0.29690534 0.999472 3.6686052e-07 3.0860923e-07 0.9993711 0.99997777 0.077534325 0.9914011 0.9995233 0.99897915 0.07473371 0.9967358
0.043589965 3.0131947e-22 0.5420159 0.9301488 0.42187718 0.46863443 0.7643339 0.18343544 0.01379119 0.48355693 0.5525047 0.42234102 0.25109518 0.0016341208 0.00016352448 0.0005031644 0.3259285 0.18141311 0.19159889 0.04961584 0.04323361 0.0008245237 0.0008283806 0.048935134 0.006018677 0.0860652 0.15241048 0.08746667 0.052466955 0.057658873 0.00042466488 0.026959775 0.011594771 0.001770947 0.023644932 0.013717936 0.021130104 0.0035809272 0.016569294 0.008261763 0.010504589 0.003462667 0.016126819 0.0021266663 9.099086e-05 0.00037950574 0.0024771523 0.02727145 0.0073143807 0.0006148961 3.0839125e-05 7.1453615e-05 0.0018392996 0.0044021234 0.007993303 0.002584273 0.000613962 6.4666274e-05 0.001812312 1.3377093e-05 0.0014439981 9.565354e-05 0.0020661105 0.00042866264 0.008102819 0.00017876501 0.00023200501 0.00149588 0.00031850446 3.4000996e-07 0.008072027 1.7233464e-05 0.00027867168 0.008127818 0.0006108419 0.00024241331 0.011125138 0.0018890823 8.926481e-05 3.2616701e-06 5.963535e-06 0.00012220432 0.0018588594 0.00019648985 1.6811422e-05 9.8649165e-05 0.00025949551 0.0051320004 0.000101234924 0.00040881804 0.0017914013 3.703198e-05 2.6145816e-10 0.0012413167 0.0006850692 3.6048266e-05 0.00032917253 0.0005017011 0.00059937057 2.6430578e-05 1.1046626e-05
0.43444505 0.5420159 1.5960472e-21 0.76107 0.45747605 0.9276487 0.047488578 0.8667065 0.09183024 0.055905852 0.13299455 0.28724334 0.025398908 0.007039543 0.0010931558 0.001352972 0.05134161 0.5959508 0.020708721 0.03892553 0.030983413 0.004746653 0.0016930015 0.002142694 0.15803246 0.010405531 0.18610072 0.055810742 0.003747708 0.006549975 0.00094557944 0.0119230505 0.004553813 0.00013212656 0.0032922009 0.0051006414 0.003531238 0.00014586256 0.012280905 0.011627648 0.007327045 0.00018811719 0.027906029 0.015259088 0.00060503406 0.0003124477 5.0117644e-05 0.112893626 0.0017585737 0.0007436937 8.392734e-05 0.00026653544 0.01665066 0.034495838 0.004275032 0.00016244205 1.52876e-05 0.00037989937 0.0004185564 4.1085772e-05 0.0003115381 0.00052715116 0.0004099241 2.67616e-05 0.008565562 3.1217798e-05 2.0314543e-05 0.00030112403 0.0001723709 2.7241047e-06 0.005386863 7.982359e-06 0.00016916967 0.017558632 0.0037658869 0.00021065032 0.020622956 0.0050629247 3.4443594e-06 1.5307192e-05 5.455785e-07 0.00010309121 0.0013793736 2.5774769e-05 1.933437e-05 1.3557399e-05 8.2543e-05 0.006869884 6.9836383e-06 9.7387136e-05 0.0018073069 2.227863e-05 2.01041e-09 0.0013737037 0.0028888145 1.4489932e-07 0.007456599 0.0018657362 0.008936926 1.4606e-07 0.0007899553
0.14889622 0.9301488 0.76107 9.744613e-22 0.2813871 0.83478034 0.31844917 0.4401476 0.0131443245 0.38971588 0.65669495 0.6649227 0.18673928 0.0010342436 7.980956e-05 0.000256647 0.17000313 0.47182146 0.052605234 0.024121808 0.016349675 0.000676044 0.0003515589 0.020772804 0.021770697 0.052723326 0.21060668 0.1494491 0.020587482 0.021694012 0.00027486036 0.026597872 0.015894005 0.0011751531 0.019973038 0.018249324 0.040178206 0.0015414557 0.029986419 0.007224554 0.017180199 0.00293763 0.04073024 0.006924746 0.00038030988 0.00025204738 0.00085728726 0.09228424 0.012711044 0.0004645498 4.6362744e-05 0.00016233025 0.004322748 0.009332913 0.018065952 0.0010131428 0.00016511646 9.2365524e-05 0.0024740973 5.7674083e-06 0.0018336857 0.0002363563 0.0029950198 0.00034439002 0.021629456 0.00018789845 0.00040843905 0.0023138337 0.0007075723 2.022262e-06 0.012930438 2.5338124e-05 0.000205963 0.02488905 0.0011944902 0.00062829646 0.024781963 0.0053852834 3.714825e-05 6.415487e-06 1.6424789e-05 0.00022035495 0.002357259 7.603079e-05 3.9450348e-05 0.00021947597 0.00017696276 0.007698001 0.00018077601 0.00025499339 0.00250907 0.00021543773 1.1580055e-09 0.0008937893 0.0012481584 1.869469e-05 0.0010580635 0.001705891 0.0023237395 1.6125487e-05 9.196051e-05
0.22607197 0.42187718 0.45747605 0.2813871 1.1385629e-18 0.36111668 0.08381765 0.6307399 0.85914326 0.024676649 0.03469665 0.066391736 0.032319475 0.40877223 0.6118218 0.613684 0.23278862 0.3302044 0.048293687 0.72790825 0.7098683 0.8423726 0.1006107 0.032432564 0.23374684 0.04993231 0.64678097 0.0447298 0.023623845 0.016504109 0.05521478 0.0052508423 0.00177185 0.0015142767 0.012109425 0.001099269 0.001356571 0.002603804 0.0019760272 0.2063377 0.0010897049 0.00064746407 0.0020237672 0.005958748 0.09838912 0.03361267 0.00016728314 0.014263016 0.00042434 0.0027703422 0.00988887 0.11602011 0.0050980635 0.007382329 0.00020235992 0.005218364 0.00037777264 0.0015354557 0.00012358117 0.0010173772 8.3264764e-05 0.0008685876 0.0047956323 0.00047640313 0.00057797617 2.2859542e-05 3.154078e-05 0.00013091844 4.0620118e-05 0.0069673765 0.00015291326 0.00019174478 0.004638899 0.00070886844 0.0007564367 4.807276e-05 0.0009588063 0.00019298935 5.3310036e-05 0.001685864 5.3628096e-06 6.759826e-06 2.4091114e-06 1.5276377e-05 0.0003845579 6.534355e-05 8.2908e-06 0.00019326212 1.4430937e-05 3.841133e-05 8.364401e-05 6.240098e-05 3.2271769e-06 6.8765636e-05 0.0009258503 3.2848715e-07 0.014349099 1.1963336e-05 0.01040012 3.9385577e-07 0.0017961442
0.486279 0.46863443 0.9276487 0.83478034 0.36111668 2.377559e-21 0.034988053 0.8107376 0.042069092 0.055929918 0.24453188 0.5850736 0.03030244 0.005165496 0.0005288506 0.00036748615 0.02788992 0.8135174 0.016776891 0.025388164 0.018669168 0.0022088273 0.0014873958 0.0012806482 0.16826412 0.011113484 0.10223421 0.15675989 0.003473098 0.004135996 0.0012726631 0.027032295 0.006272807 6.941669e-05 0.0030290138 0.009982024 0.0053212233 8.6445514e-05 0.034499872 0.0044771666 0.023157498 5.461184e-05 0.060230605 0.021268662 0.00048561193 0.00014527589 3.2283144e-05 0.22180891 0.0023318657 0.00037364592 5.5613542e-05 5.372415e-05 0.023356764 0.072547 0.008800499 0.00014798758 6.842229e-06 0.00032126432 0.0004633706 2.1045425e-05 0.00033127214 0.00044835077 0.0005535255 4.8158595e-06 0.033569444 1.1037308e-05 1.5784197e-05 0.00037269946 0.00011165959 3.359215e-07 0.00981219 8.530183e-06 7.069029e-05 0.057479765 0.0041395063 0.00015434937 0.049823225 0.008256304 1.0257743e-06 4.025801e-06 2.303704e-06 3.076492e-05 0.0014211094 9.646247e-06 7.373378e-06 2.7051738e-05 1.1847515e-05 0.0042132335 4.6391956e-06 4.6955665e-05 0.0023034143 5.011115e-05 5.635364e-10 0.0002587586 0.0026542633 1.7446386e-07 0.008552082 0.0005118127 0.012880094 1.0636241e-07 0.0007689196
0.057344336 0.7643339 0.047488578 0.31844917 0.08381765 0.034988053 8.8517883e-20 0.00824142 0.0009946878 0.48401308 0.42714736 0.16827704 0.44235086 6.363525e-05 1.1962599e-06 1.0521804e-05 0.85182035 0.009576915 0.8548832 0.016718324 0.011414901 3.0235029e-05 5.596279e-06 0.6134396 0.00019936344 0.18943195 0.26983044 0.07346323 0.07879305 0.20704612 9.1113816e-07 0.0427201 0.058739107 0.012882501 0.21386921 0.040018726 0.088936746 0.012809542 0.015999144 0.010858774 0.013381369 0.040866032 0.009026995 7.8562785e-05 6.2631654e-05 3.642831e-05 0.012571742 0.0030576047 0.023569748 6.699549e-06 1.5271942e-06 1.8236637e-05 0.00022422754 0.0008070352 0.013824744 0.0019204173 0.0007737326 2.2294453e-06 0.0021877603 9.053397e-08 0.003944898 2.8722163e-06 0.010566704 0.020238569 0.007626681 0.00048074254 0.0019310837 0.00086326234 0.0003634113 1.7466647e-07 0.020510959 2.513153e-06 0.0014542969 0.0029106096 6.4257065e-06 0.00035813678 0.013954296 0.0026152132 0.00017065264 2.3896023e-06 2.2436818e-05 0.00020458699 0.00094176497 0.00015196511 0.00016061617 0.00030875986 0.00015831782 0.0072795586 0.00028880543 0.00055738876 0.0029718599 4.8265563e-05 9.663874e-11 0.0031266229 0.0012550263 3.3868346e-05 2.2954351e-05 0.0006546655 0.000104323044 3.0136403e-05 5.1991074e-06
0.8871127 0.18343544 0.8667065 0.4401476 0.6307399 0.8107376 0.00824142 2.4256492e-18 0.51952493 0.010782442 0.04270441 0.1872925 0.0014088339 0.37402663 0.10738708 0.02602247 0.0075176335 0.77526087 0.002868048 0.0792031 0.069753595 0.09265323 0.17043313 0.0005767007 0.77481025 0.00089578907 0.07097218 0.01994867 0.00037278334 0.0011615434 0.067473255 0.0030498363 0.0009112829 2.1447353e-05 0.00011826514 0.001108731 0.0003069668 6.358908e-05 0.0039783795 0.01073287 0.0030207 1.2253406e-05 0.027064402 0.10989182 0.0025755768 0.001366067 1.9006067e-05 0.22973408 0.00046033502 0.010917265 0.000971136 0.0010286967 0.09752161 0.21176194 0.00074745296 5.2871113e-05 2.2487704e-06 0.00254524 0.00013707722 0.00033106934 6.51404e-05 0.0026124076 6.45944e-05 8.145001e-06 0.0057525723 9.865222e-06 8.6704895e-06 5.3976055e-05 4.611619e-05 3.686169e-05 0.0019284162 5.2137722e-05 5.2587395e-05 0.031574853 0.0437511 6.367684e-05 0.03727748 0.0058183884 5.9308235e-07 7.485255e-05 2.1883475e-06 5.704939e-05 0.0007244597 2.9495144e-05 7.86551e-06 1.2888989e-05 2.8743414e-05 0.0033951977 9.194135e-06 4.4008408e-05 0.001959627 3.868093e-05 3.1749813e-08 0.00058403815 0.008728632 1.9650923e-07 0.11284038 0.00085736776 0.103359446 1.5762399e-07 0.0074223517
0.2933972 0.01379119 0.09183024 0.0131443245 0.85914326 0.042069092 0.0009946878 0.51952493 4.289141e-20 0.00084569823 0.0008594303 0.0023357528 0.00027591456 0.8769563 0.63569856 0.48615792 0.00396686 0.12508342 0.00061301485 0.22878526 0.18994401 0.47892275 0.3606647 3.4206416e-05 0.2965379 0.0001848767 0.036947064 0.0022186441 0.00012713323 0.0013552979 0.15381357 0.00071532093 9.763935e-05 3.6629403e-06 0.0001359013 0.00013047956 3.6515998e-05 7.2484595e-06 0.0009076714 0.015690943 0.0005234565 1.7690818e-05 0.0009535816 0.014207429 0.019758912 0.016367724 5.672091e-07 0.011681804 1.9833233e-05 0.039595656 0.016480334 0.015613642 0.010779543 0.017041828 0.00014008256 6.199366e-05 1.5422842e-06 0.011770109 1.3871757e-05 0.004437782 4.967713e-06 0.00477013 2.0088983e-05 8.185305e-06 0.00082521944 2.4012072e-06 2.4060807e-06 1.1072436e-05 5.337115e-06 0.0016455998 1.77544e-05 0.00086985755 4.5507128e-05 0.0008588519 0.008755524 9.968039e-06 0.0008336389 0.000298665 1.0641887e-06 0.00044204362 8.7928095e-07 6.59936e-07 9.904739e-06 1.1897895e-06 1.665168e-05 1.7681708e-05 1.1524514e-06 2.7870035e-06 1.3694902e-06 1.1046868e-05 1.0296629e-05 1.8782634e-05 9.267133e-07 9.074164e-07 3.7586426e-05 4.4118774e-08 0.011924557 1.0747966e-05 0.010879075 4.977267e-08 0.0018450719
0.0746809 0.48355693 0.055905852 0.38971588 0.024676649 0.055929918 0.48401308 0.010782442 0.00084569823 1.3879617e-20 0.827393 0.41099623 0.96824807 6.334419e-05 4.2880674e-06 2.5969519e-05 0.119358234 0.08517143 0.06781865 0.0032168238 0.0035466806 4.653994e-05 1.645475e-05 0.12819248 0.0011239067 0.19703218 0.06598568 0.14155103 0.081048176 0.019614141 6.852332e-06 0.041931164 0.042638633 0.003169393 0.02160668 0.037219025 0.08805089 0.0027960096 0.031975012 0.0002932013 0.02412186 0.002686249 0.031497266 0.00210376 9.716472e-06 9.2735965e-05 0.002950246 0.028734185 0.027041564 3.4514345e-05 3.8182384e-06 5.7185e-06 0.0013727051 0.0035410228 0.04364846 0.0024210261 0.00065213966 3.6755866e-06 0.004072578 2.2802385e-07 0.005992168 4.2194133e-06 0.0017825796 0.0010239657 0.031215718 0.00030042444 0.0006939183 0.0032988214 0.0014906387 3.7054495e-08 0.028649721 5.8226624e-06 6.051705e-05 0.015691346 6.7541274e-05 0.0010276244 0.026048334 0.006848971 0.0001161364 2.6117272e-07 8.288997e-06 0.00079241965 0.0046024546 0.00031245063 5.774243e-06 7.653991e-05 0.00036419174 0.006818669 0.0002499877 0.00030642486 0.00424802 8.5237625e-05 1.8252014e-11 0.0016926561 0.0010109412 4.1079027e-05 3.6746e-05 0.0018972013 0.00028055132 3.561942e-05 5.4133666e-06
0.27977827 0.5525047 0.13299455 0.65669495 0.03469665 0.24453188 0.42714736 0.04270441 0.0008594303 0.827393 1.4384207e-20 0.9112265 0.59589 4.712663e-05 2.1281267e-06 1.0764707e-05 0.119768076 0.20216894 0.038731247 0.0036302835 0.0029159163 2.8682762e-05 1.1409878e-05 0.04987226 0.002088605 0.104983784 0.07296012 0.36664847 0.022608459 0.016977226 8.784936e-06 0.04432979 0.06329697 0.0010634548 0.016426621 0.06355348 0.094350494 0.0007894827 0.042078532 0.0008243967 0.03386955 0.0024288183 0.055464733 0.0019665484 2.6798045e-05 6.305579e-05 0.0009352157 0.0621107 0.023701577 1.2086419e-05 3.2305613e-06 1.0885586e-05 0.0013355407 0.004753967 0.06758962 0.00091245136 0.00016788198 2.911094e-06 0.0018916061 1.7680411e-07 0.0031474915 1.3328869e-05 0.0009876663 0.0007306788 0.051151868 8.120287e-05 0.00019842511 0.0016027838 0.0009085721 6.459677e-08 0.038276244 4.9753603e-06 0.00014163638 0.036328193 0.00027668345 0.0006026074 0.049306333 0.011347976 1.5902624e-05 7.136569e-07 2.842769e-06 0.0005391383 0.0041104583 0.000146008 1.1208426e-05 8.037709e-05 0.00022675798 0.009572051 9.433838e-05 0.00011065253 0.008177021 0.00011130746 8.260999e-11 0.0019491859 0.002308369 3.7335649e-06 0.00038720475 0.001759905 0.0013913871 2.3123478e-06 2.2393422e-05
0.63927084 0.42234102 0.28724334 0.6649227 0.066391736 0.5850736 0.16827704 0.1872925 0.0023357528 0.41099623 0.9112265 6.725742e-20 0.2851318 0.0002501525 1.5783127e-05 2.4418194e-05 0.04590273 0.56605554 0.02042325 0.0053197797 0.0037791338 8.036359e-05 5.7336896e-05 0.016386349 0.009488445 0.07368517 0.044505198 0.61222255 0.01119091 0.0070735677 5.2469877e-05 0.07531105 0.09272129 0.0006108064 0.0055472613 0.09765311 0.10932214 0.00038814865 0.08001135 0.0006187999 0.06267479 0.00069882744 0.12784243 0.0056081945 6.6108376e-05 4.648649e-05 0.00024369793 0.18618101 0.018173011 4.8383816e-05 7.9706e-06 1.1062905e-05 0.0068670157 0.017067991 0.07106485 0.00039906893 4.200265e-05 3.3380744e-05 0.0021930253 1.0508211e-06 0.0030004843 5.8553305e-05 0.0007889905 2.920121e-05 0.08809555 7.471475e-05 6.606306e-05 0.001743383 0.00072171335 5.83542e-08 0.06188707 9.789691e-06 0.00011845522 0.08866851 0.0011673832 0.000456857 0.13224047 0.02346845 6.2620866e-06 1.6658028e-06 7.069781e-06 0.00031122362 0.0043801633 7.94696e-05 1.8016923e-05 7.815849e-05 3.889481e-05 0.017894506 4.2780743e-05 7.6830314e-05 0.020803671 9.298817e-05 1.15941264e-10 0.0017431686 0.0072015827 2.303135e-06 0.0032614435 0.0024111837 0.0074287816 1.416919e-06 7.97614e-05
0.18088064 0.25109518 0.025398908 0.18673928 0.032319475 0.03030244 0.44235086 0.0014088339 0.00027591456 0.96824807 0.59589 0.2851318 5.002823e-19 8.725602e-06 2.6722935e-07 1.6927389e-06 0.104940444 0.026331097 0.08294558 0.0012026831 0.0019207121 5.6689196e-06 6.1536974e-07 0.45604387 8.951912e-05 0.54840046 0.024502365 0.19543877 0.2881537 0.0150819775 2.8724423e-07 0.07291228 0.10125403 0.036116537 0.03033345 0.098623075 0.25760868 0.010604424 0.04552861 9.062749e-05 0.039770406 0.0018140301 0.05540017 0.001011004 3.7846207e-06 3.7205544e-05 0.0071966904 0.014067932 0.13088913 4.7912913e-06 1.4175068e-06 1.1208228e-06 0.00087516 0.0035113425 0.14993913 0.0041694664 0.0013010586 1.3930879e-06 0.022288563 4.222798e-08 0.03544119 1.0890969e-06 0.003580555 0.0016136448 0.057098396 0.00035767205 0.0006927927 0.007408947 0.0035937994 6.411789e-09 0.10763305 3.709212e-06 8.53325e-06 0.021630384 1.2999498e-05 0.0029103986 0.08724493 0.012920034 0.00024410988 7.946948e-08 1.0614081e-05 0.0020068043 0.011546176 0.0014601976 7.100636e-07 0.00012020008 0.0011191103 0.026358774 0.00035892508 0.001831074 0.021433296 7.730731e-05 5.8244663e-12 0.0045904065 0.00311134 3.5815454e-05 1.4552998e-05 0.004810374 0.00059458485 2.3648447e-05 1.691135e-06
0.5140874 0.0016341208 0.007039543 0.0010342436 0.40877223 0.005165496 6.363525e-05 0.37402663 0.8769563 6.334419e-05 4.712663e-05 0.0002501525 8.725602e-06 9.0007195e-21 0.67456985 0.32363257 0.0002648045 0.08353562 8.7032175e-05 0.07481349 0.052451365 0.47322968 0.8187481 2.4158549e-06 0.5114846 9.471777e-06 0.0017071433 0.00058114127 8.059903e-06 0.00020607284 0.567578 0.00018593814 8.17401e-06 1.954389e-07 3.2136835e-05 2.4832405e-05 2.239209e-06 5.737217e-07 0.00036540223 0.0018638581 0.00017189154 1.1353132e-05 0.00034868805 0.028178299 0.025960997 0.022704756 1.1196374e-07 0.0071501136 1.8036856e-06 0.1289702 0.03122711 0.0067442087 0.023427276 0.025229286 3.241812e-05 2.4306937e-06 8.664917e-08 0.033364642 3.8029973e-06 0.02921079 1.5784414e-06 0.023450322 4.6824352e-06 1.3703454e-05 0.0004005397 1.07323466e-07 2.8504095e-07 1.196391e-06 1.0737111e-06 0.0009967793 2.4428966e-06 0.002173721 3.066087e-06 0.00047522056 0.049679864 1.0746004e-06 0.0004909488 0.00020418972 9.8288126e-08 0.00014276603 8.3717106e-07 2.8478105e-08 3.7486889e-06 5.489089e-08 1.3075746e-06 8.494552e-06 8.287352e-08 5.51312e-07 1.7598956e-07 1.4696509e-06 4.406874e-06 5.7161005e-06 3.9100046e-06 2.1457252e-07 5.512542e-05 1.4976456e-08 0.025115168 3.2638231e-06 0.023859147 1.7040184e-08 0.0071415915
0.21683042 0.00016352448 0.0010931558 7.980956e-05 0.6118218 0.0005288506 1.1962599e-06 0.10738708 0.63569856 4.2880674e-06 2.1281267e-06 1.5783127e-05 2.6722935e-07 0.67456985 1.2137132e-21 0.8455687 3.117662e-05 0.00981965 6.675206e-06 0.16651277 0.08602574 0.811766 0.44620958 8.4811103e-07 0.1223952 8.616813e-07 0.0024427557 3.175677e-05 1.6448859e-06 6.296424e-06 0.4582644 9.40081e-06 4.973583e-07 6.5193504e-08 7.573791e-07 3.518608e-07 9.642076e-07 1.0153548e-07 1.29684295e-05 0.0012836831 9.7595075e-06 3.1067823e-06 2.5266843e-05 0.006744218 0.08436712 0.11725069 2.8889395e-09 0.00023938245 8.256331e-07 0.14055209 0.3374991 0.010204411 0.0065399003 0.0030248803 3.0193896e-06 3.8430966e-07 1.5365542e-08 0.04807663 2.7484723e-06 0.11060233 5.168592e-07 0.02772282 9.692266e-07 1.2214394e-06 2.0025227e-05 8.909804e-09 3.1383152e-08 4.7001677e-07 3.279394e-07 0.0032071962 3.163555e-07 0.021491498 1.2796183e-06 5.0046197e-05 0.03896558 3.5739566e-07 1.9944837e-05 1.1177342e-05 1.1824346e-08 0.00013165514 3.0206982e-07 5.768258e-09 1.5778882e-07 1.2318573e-07 8.722045e-07 3.0265912e-06 5.370758e-08 6.0028975e-07 2.0610642e-08 6.7827403e-07 1.8067467e-06 2.8144716e-06 3.2564127e-05 2.8979684e-07 4.1101015e-05 9.540245e-09 0.013235907 1.2379596e-06 0.010846034 7.318513e-09 0.0058863848
0.018100338 0.0005031644 0.001352972 0.000256647 0.613684 0.00036748615 1.0521804e-05 0.02602247 0.48615792 2.5969519e-05 1.0764707e-05 2.4418194e-05 1.6927389e-06 0.32363257 0.8455687 4.5590594e-23 7.91588e-05 0.0032822553 5.826523e-06 0.15130436 0.103506066 0.87913007 0.1877825 1.8298003e-06 0.024260908 1.2065326e-06 0.0054219123 2.9444585e-05 1.9036769e-06 4.632391e-06 0.17652765 8.906477e-06 6.0716314e-07 2.7115948e-07 2.758135e-06 1.6544811e-06 1.9309723e-06 5.804995e-07 7.723042e-06 0.0021001005 7.215815e-06 1.0645232e-07 2.898397e-05 0.0052239606 0.023119831 0.10383938 3.344704e-08 0.0001611962 1.7768858e-06 0.055269804 0.33435175 0.009994679 0.0037572596 0.002503643 2.9961493e-06 1.7727278e-07 9.3546895e-08 0.02683598 6.171617e-07 0.029322919 1.2775533e-07 0.011427139 7.0118535e-06 1.3930465e-06 5.3330145e-06 4.067002e-08 2.5772174e-08 8.6757666e-08 2.0835336e-07 0.0034018399 5.354671e-07 0.0082816575 2.326544e-06 3.709914e-05 0.009210195 1.3191384e-07 1.3987797e-05 1.4532479e-06 1.5599768e-07 0.00041640384 8.861319e-08 7.193876e-08 3.0834723e-08 1.8621238e-07 1.6531388e-06 5.4558495e-06 2.746046e-08 5.7893214e-07 8.581378e-09 3.8674284e-07 1.58394e-07 2.994487e-06 0.00019861672 5.139966e-08 1.7596683e-06 4.508205e-08 0.0047528655 1.6657606e-07 0.0029049432 2.8204203e-08 0.00117404
0.013981103 0.3259285 0.05134161 0.17000313 0.23278862 0.02788992 0.85182035 0.0075176335 0.00396686 0.119358234 0.119768076 0.04590273 0.104940444 0.0002648045 3.117662e-05 7.91588e-05 7.31731e-21 0.0020596606 0.8328857 0.023225214 0.024537584 0.00038289063 4.335811e-05 0.3033576 0.0007303771 0.049381983 0.4706686 0.00966025 0.029140143 0.80085707 3.794833e-05 0.0036640288 0.0074364305 0.008810777 0.79263824 0.006038846 0.02130181 0.013750734 0.002546175 0.012954884 0.0014964757 0.46039587 0.0017117129 0.00010950398 0.00044905255 8.632565e-05 0.028013881 0.0005226202 0.003091849 5.0738627e-06 1.771534e-06 4.7279238e-05 0.00011735944 0.00010350724 0.002293733 0.0021610898 0.0019384653 5.1616985e-06 0.0006610132 6.5334602e-06 0.0003496464 5.7686134e-06 0.09754205 0.14386936 0.0005412667 0.0016863046 0.0050782342 0.00028603396 0.00034082777 3.1113218e-06 0.0010907955 1.0401593e-05 0.012382378 0.00025217506 6.711169e-06 0.00010164724 0.00075735425 0.00012183788 0.00026453263 4.566239e-06 7.734744e-05 7.598679e-05 0.00014739235 8.767396e-05 0.0011083545 0.0020119124 3.9153274e-05 0.0009318811 0.00015933812 0.00023396719 0.0012600705 0.00022967393 8.468611e-10 0.00014642521 0.0012575326 2.6323894e-05 1.9191957e-07 0.00014712945 2.8096229e-06 2.2482996e-05 6.514726e-06
0.7883187 0.18141311 0.5959508 0.47182146 0.3302044 0.8135174 0.009576915 0.77526087 0.12508342 0.08517143 0.20216894 0.56605554 0.026331097 0.08353562 0.00981965 0.0032822553 0.0020596606 3.869478e-21 0.0046780235 0.03500358 0.02742136 0.0013216885 0.106501184 0.00077266776 0.8585762 0.021478102 0.0033856751 0.5968187 0.011176486 2.6660979e-05 0.06599397 0.14774016 0.033230692 0.00014542365 2.4841405e-05 0.021221347 0.0039394167 0.0002991025 0.14917699 0.00048537395 0.11121288 2.3780365e-07 0.22452179 0.26188186 0.00043362952 0.00032964564 2.1494896e-05 0.7748445 0.0018518897 0.0183106 7.944074e-05 0.00011115439 0.24254254 0.5953377 0.0056880335 0.00031531145 4.1376075e-05 0.0030025458 0.0025097055 0.00027026274 0.0007533605 0.0024589265 1.37262e-05 2.7229996e-07 0.11215996 4.773233e-05 1.6454035e-06 0.00048869656 0.00029597696 7.6199817e-06 0.0070889518 1.7321929e-05 5.949104e-05 0.24597397 0.044680163 0.00013258058 0.17625244 0.05054286 6.846038e-05 3.3481667e-06 1.2028206e-06 4.3508513e-05 0.00091019424 3.185061e-05 8.103506e-07 1.7638393e-05 7.947276e-06 0.010594791 3.6128952e-06 8.990198e-05 0.00817193 4.6422465e-05 3.3858473e-08 0.0010204298 0.030998753 1.9945398e-06 0.26386535 0.0011565142 0.24591005 1.7011916e-06 0.0075219227
0.00959567 0.19159889 0.020708721 0.052605234 0.048293687 0.016776891 0.8548832 0.002868048 0.00061301485 0.06781865 0.038731247 0.02042325 0.08294558 8.7032175e-05 6.675206e-06 5.826523e-06 0.8328857 0.0046780235 9.2293275e-21 0.0076745623 0.012563238 6.262657e-05 1.1735133e-05 0.48958376 0.00014377205 0.10274503 0.12021052 0.033196177 0.11112001 0.22702959 5.5784603e-06 0.025553927 0.01747347 0.048313636 0.5700943 0.013429637 0.045150667 0.09957439 0.009463904 0.0015675528 0.0045441967 0.049944583 0.0036606463 4.0645577e-05 5.3777312e-05 3.2121392e-05 0.21904889 0.000571826 0.018991234 7.0473106e-06 5.9760345e-07 1.48607805e-05 2.9427069e-05 6.420754e-05 0.012002979 0.027136104 0.010933734 1.6786564e-06 0.0091620255 1.7176618e-06 0.005240397 5.1622027e-07 0.08915833 0.05386495 0.0028210757 0.010348425 0.029629817 0.005029848 0.0018326254 6.202494e-07 0.0065099634 2.0361065e-06 0.001550393 0.00058906217 2.1209908e-06 0.0009964738 0.001896315 0.00050860253 0.0009599903 1.9044758e-06 0.00016767926 0.0005724743 0.00046816605 0.0008762336 8.285698e-05 0.0039868625 0.00039130956 0.0034740022 0.00069133996 0.0018275839 0.00044344924 0.00086256076 3.3786635e-10 0.0017767615 7.1287126e-05 8.908461e-05 1.026331e-06 8.3678555e-05 3.0047768e-06 6.77302e-05 5.609426e-07
0.0044270596 0.04961584 0.03892553 0.024121808 0.72790825 0.025388164 0.016718324 0.0792031 0.22878526 0.0032168238 0.0036302835 0.0053197797 0.0012026831 0.07481349 0.16651277 0.15130436 0.023225214 0.03500358 0.0076745623 1.3374766e-19 0.8621015 0.54796356 0.01795188 0.0014278701 0.027824802 0.0016598892 0.5132489 0.003929947 0.0019658003 0.0010177062 0.017784126 0.0007134446 0.00020800206 7.911488e-05 0.001517486 0.00045259067 0.000104950814 0.00024970557 0.00043766532 0.38209382 0.0002502577 0.00038481122 0.000632212 0.0016543645 0.2560335 0.04355273 0.00029427782 0.0034084374 4.512462e-05 0.0032079779 0.0059426087 0.3097597 0.0011173165 0.0015511523 0.00043660935 0.00047404575 0.00012236023 0.0013429841 6.831482e-05 0.0020772573 4.1360963e-05 0.0013228745 0.0028645038 0.0010080535 0.00015002144 1.8071421e-05 0.00022828659 5.8179754e-05 2.9496776e-05 0.035999786 4.1840256e-05 0.0048867185 0.007348595 0.00016835141 0.0023235697 2.2932625e-05 0.0003482092 1.1284964e-05 3.0752486e-05 0.01518747 1.4485843e-05 7.669213e-06 8.212422e-06 4.7829276e-06 0.0021765206 0.0002315457 3.2873959e-06 1.0182085e-05 7.2691415e-05 1.6010194e-05 2.0092295e-05 3.100462e-05 0.0002293419 5.364375e-06 0.00011503608 2.9417258e-06 0.017378472 3.8416183e-06 0.012008991 2.3417301e-06 0.0027743264
0.0024127096 0.04323361 0.030983413 0.016349675 0.7098683 0.018669168 0.011414901 0.069753595 0.18994401 0.0035466806 0.0029159163 0.0037791338 0.0019207121 0.052451365 0.08602574 0.103506066 0.024537584 0.02742136 0.012563238 0.8621015 4.030828e-20 0.4187574 0.013613902 0.0016936063 0.018463397 0.0025859517 0.6091473 0.0031305493 0.0024972595 0.0020307524 0.01024928 0.0012092756 0.00024290208 9.060243e-05 0.0051815878 0.00030341776 0.00012606967 0.00022270592 0.0009838586 0.5172821 0.00028059227 0.00064329297 0.0005582607 0.0034352911 0.36291137 0.041028794 0.00030513707 0.0030442902 0.00011302117 0.0018791512 0.0032085972 0.4966422 0.002323285 0.0031904497 0.00065170974 0.00051197794 0.0001350683 0.0007443723 0.0005465331 0.0004872272 0.0001550018 0.00065666245 0.0043565193 0.0013795925 0.0002424649 7.086396e-05 0.0005186469 0.00022910403 9.262309e-05 0.15317254 5.0507304e-05 0.0032651713 0.04794241 0.00012184787 0.0012010928 4.5628807e-05 0.00027347775 1.9768177e-05 8.498073e-05 0.06598068 1.3355296e-05 5.7160896e-06 3.2646778e-05 7.96266e-06 0.0075304313 0.00027627425 2.3625669e-06 5.657958e-05 5.3981817e-05 1.8820825e-05 2.6947968e-05 3.834684e-05 0.001209272 1.1712906e-05 7.643895e-05 1.6017806e-06 0.02679659 3.2588096e-06 0.024556514 1.3124558e-06 0.0009178112
0.09439896 0.0008245237 0.004746653 0.000676044 0.8423726 0.0022088273 3.0235029e-05 0.09265323 0.47892275 4.653994e-05 2.8682762e-05 8.036359e-05 5.6689196e-06 0.47322968 0.811766 0.87913007 0.00038289063 0.0013216885 6.262657e-05 0.54796356 0.4187574 1.00704506e-20 0.24275854 7.3268416e-06 0.07035011 1.1181981e-05 0.03789961 4.8971986e-05 1.8370507e-05 1.4608649e-05 0.26175943 4.091985e-05 2.3939567e-06 1.3240432e-06 6.282383e-06 2.0026919e-06 4.1594362e-06 1.7822147e-06 3.605122e-05 0.035208836 2.8432043e-05 5.532969e-06 2.8514429e-05 0.002982574 0.3452771 0.41740733 2.0659044e-07 0.00011595213 2.9481123e-06 0.03856077 0.5567668 0.23184672 0.0018967924 0.001356058 1.4196952e-05 8.90923e-06 1.8868538e-07 0.029522093 1.4051854e-05 0.122051954 3.117821e-06 0.009598745 3.1144539e-06 7.68771e-06 3.7374215e-05 2.3221806e-07 5.8590723e-07 7.507985e-06 2.3688299e-06 0.06690613 4.9955092e-06 0.04658034 9.852491e-06 4.2491036e-05 0.021073673 5.4044526e-06 3.7339516e-05 2.9251101e-05 3.9572285e-07 0.006762303 2.6002007e-07 2.4177643e-07 6.412923e-06 3.2762895e-07 1.1737796e-05 5.248326e-06 3.2843138e-07 5.822924e-06 7.2197565e-07 2.6376906e-06 3.4750972e-06 5.807307e-06 0.005723094 8.6718745e-07 4.0222993e-05 6.402163e-08 0.08737704 2.243651e-06 0.095944956 5.0471886e-08 0.007401327
0.46487287 0.0008283806 0.0016930015 0.0003515589 0.1006107 0.0014873958 5.596279e-06 0.17043313 0.3606647 1.645475e-05 1.1409878e-05 5.7336896e-05 6.1536974e-07 0.8187481 0.44620958 0.1877825 4.335811e-05 0.106501184 1.1735133e-05 0.01795188 0.013613902 0.24275854 5.4684664e-21 3.0336724e-07 0.4808181 6.7527867e-07 6.1154715e-05 0.0001758368 9.393484e-07 1.704863e-05 0.9128118 5.71817e-05 1.7621032e-06 9.838804e-09 1.0775404e-06 4.267168e-06 5.5455973e-07 5.2106323e-08 0.00017934115 5.1807765e-05 7.159891e-05 2.0029133e-06 0.00028294674 0.10776165 0.007258778 0.014187825 6.9993624e-09 0.007473774 3.9371906e-07 0.4435891 0.06540244 0.0009805736 0.08607196 0.06570689 1.0432099e-05 5.158222e-07 8.536599e-09 0.16858177 2.1602366e-06 0.10433419 1.0379172e-06 0.08670611 5.159093e-07 1.9431461e-06 0.00015880186 2.9722207e-08 4.4270507e-08 1.9631088e-07 7.266236e-07 0.0004422382 6.311842e-07 0.0020953533 2.9007913e-07 0.00046326677 0.35182926 3.0169414e-07 0.0005373107 0.00012756875 2.3935181e-08 5.1845233e-05 8.671117e-08 6.696313e-09 1.2044276e-06 2.31695e-08 2.2752792e-07 2.0714374e-06 2.075665e-08 6.5217046e-07 3.776523e-08 2.6471164e-07 3.5693229e-06 6.7513054e-07 5.309194e-06 4.487744e-08 2.8035727e-05 3.2444252e-09 0.10616679 2.9154587e-06 0.07068943 2.865856e-09 0.018784085
0.59384865 0.048935134 0.002142694 0.020772804 0.032432564 0.0012806482 0.6134396 0.0005767007 3.4206416e-05 0.12819248 0.04987226 0.016386349 0.45604387 2.4158549e-06 8.4811103e-07 1.8298003e-06 0.3033576 0.00077266776 0.48958376 0.0014278701 0.0016936063 7.3268416e-06 3.0336724e-07 4.0585777e-16 3.544677e-05 0.77718556 0.022695886 0.016432365 0.7775359 0.026157038 1.07225254e-07 0.021860845 0.0945627 0.71527886 0.18406333 0.064817674 0.37459257 0.8790901 0.009044786 6.8114576e-05 0.0076791677 0.0049561714 0.006943848 2.6240832e-05 1.0001253e-05 1.2054026e-05 0.74578 0.0018067149 0.2719834 4.471536e-06 8.401002e-06 2.8451112e-07 3.3175664e-05 0.000263876 0.050742492 0.19683957 0.22924596 2.2739896e-06 0.0879078 4.767903e-08 0.04397036 1.8252078e-06 0.05201718 0.010939777 0.014646657 0.08067128 0.1268518 0.030315615 0.040758695 8.573132e-09 0.13944076 1.6983855e-06 9.413954e-06 0.0081711 8.179539e-06 0.012227229 0.040549245 0.005472612 0.040369615 4.3191093e-07 0.001950906 0.031105252 0.018126423 0.006092908 5.11881e-06 0.0014252057 0.0016808816 0.093122244 0.0042365645 0.0076352763 0.053662878 0.00088806986 4.313198e-11 0.0847954 0.005882117 0.00025332725 1.3992593e-06 0.015266476 0.00021331785 0.00025498972 3.6169612e-07
0.9461509 0.006018677 0.15803246 0.021770697 0.23374684 0.16826412 0.00019936344 0.77481025 0.2965379 0.0011239067 0.002088605 0.009488445 8.951912e-05 0.5114846 0.1223952 0.024260908 0.0007303771 0.8585762 0.00014377205 0.027824802 0.018463397 0.07035011 0.4808181 3.544677e-05 2.8081835e-18 0.0001773287 0.0010572787 0.015835091 0.00019435077 4.038951e-05 0.51321375 0.005608314 0.0005141585 5.6109857e-06 1.9964038e-05 0.00085778156 0.00013031616 3.095351e-05 0.0059670517 0.00073503325 0.00525254 5.8229097e-07 0.020143036 0.6442922 0.002222561 0.0024681527 6.240226e-06 0.4333702 0.0002108531 0.12694794 0.0031415645 0.0011317887 0.4370425 0.49747545 0.00087125815 0.00014689937 3.5392704e-06 0.03561354 0.0001006194 0.003204075 7.8824705e-05 0.005922239 7.4078725e-06 1.8587643e-06 0.0064422004 7.457433e-06 2.6888679e-06 1.8296756e-05 5.613092e-05 0.0002803518 0.0006426626 0.00034886482 2.2554834e-05 0.07362537 0.28955567 7.1779745e-05 0.04457571 0.010000548 1.0857214e-06 0.00032639262 3.2800679e-06 1.665921e-05 0.00041388485 5.7339766e-06 2.386662e-06 5.4594286e-05 4.465408e-06 0.0005792929 6.8476734e-06 4.8759488e-05 0.0011603831 2.6641026e-05 4.489872e-06 0.00014210667 0.019805273 1.5884221e-07 0.32697165 0.00049581355 0.37583742 1.0011453e-07 0.021307666
0.62081265 0.0860652 0.010405531 0.052723326 0.04993231 0.011113484 0.18943195 0.00089578907 0.0001848767 0.19703218 0.104983784 0.07368517 0.54840046 9.471777e-06 8.616813e-07 1.2065326e-06 0.049381983 0.021478102 0.10274503 0.0016598892 0.0025859517 1.1181981e-05 6.7527867e-07 0.77718556 0.0001773287 3.2638688e-18 0.012154919 0.1684962 0.92349935 0.005852447 2.1589831e-07 0.22524676 0.21497293 0.5011524 0.03596287 0.14345607 0.6869792 0.1719491 0.106334165 0.0002138731 0.06736611 0.0007259733 0.052152917 0.0011139507 5.8355763e-06 2.531682e-05 0.08079272 0.019009354 0.4458611 1.0206586e-05 2.9377336e-06 8.883824e-07 0.0013324027 0.00578356 0.35213768 0.042331703 0.026352784 3.4078728e-06 0.21343055 2.5681456e-07 0.18569304 8.290511e-07 0.00926341 0.0014241242 0.15041447 0.003680266 0.0043139663 0.056388073 0.04268921 7.9086156e-08 0.27508584 2.4006988e-06 5.1492076e-05 0.035902787 2.5146022e-05 0.014331928 0.17565876 0.044037662 0.0020344898 1.1350627e-06 0.00011421926 0.028656092 0.075392574 0.0052749766 3.8382673e-06 0.00034151576 0.0031411676 0.19703472 0.0014244068 0.0082276855 0.13510168 0.00021627701 2.401436e-10 0.08044264 0.011054864 0.00025964878 0.00026937036 0.04240443 0.0013701887 0.00018362455 2.367495e-06
0.00956192 0.15241048 0.18610072 0.21060668 0.64678097 0.10223421 0.26983044 0.07097218 0.036947064 0.06598568 0.07296012 0.044505198 0.024502365 0.0017071433 0.0024427557 0.0054219123 0.4706686 0.0033856751 0.12021052 0.5132489 0.6091473 0.03789961 6.1154715e-05 0.022695886 0.0010572787 0.012154919 1.1806161e-19 0.010978976 0.012542504 0.4891127 1.2177752e-05 0.003665481 0.0038761878 0.0013769065 0.09068211 0.0021931112 0.0015331833 0.003028725 0.002994313 0.8368523 0.0024931596 0.28137287 0.0013333295 0.00061855325 0.03155148 0.000527398 0.0024802336 0.0022926459 0.001552075 3.602455e-05 2.3976238e-06 0.08537421 0.00034529011 0.0005132235 0.00041944926 0.0013595998 0.0006927328 2.862988e-05 0.0020214564 2.3670548e-06 0.00063273194 3.3320983e-05 0.025845194 0.021475025 0.00083931594 0.00062771305 0.0039788764 0.00077930524 0.0005378323 0.0048724646 0.00090357155 1.0389051e-05 0.44907036 0.0011135169 3.0695905e-05 0.00033320487 0.0054311296 0.0003967588 0.00040387505 0.0063088094 1.1677449e-05 0.000115523435 0.00021761416 0.00014417614 0.124915384 0.0014086867 0.00017858848 0.004496641 0.00039186297 0.00077806914 0.004682514 0.00013664298 1.74006e-06 0.0010294562 0.019695636 2.5676964e-06 0.0037620317 0.00037839208 0.0018577342 2.9790117e-06 5.5392917e-05
0.7824147 0.08746667 0.055810742 0.1494491 0.0447298 0.15675989 0.07346323 0.01994867 0.0022186441 0.14155103 0.36664847 0.61222255 0.19543877 0.00058114127 3.175677e-05 2.9444585e-05 0.00966025 0.5968187 0.033196177 0.003929947 0.0031305493 4.8971986e-05 0.0001758368 0.016432365 0.015835091 0.1684962 0.010978976 1.6897367e-18 0.070354074 0.0049713836 0.00020871703 0.89338183 0.51997805 0.0022396138 0.001622029 0.56219566 0.27082637 0.0018536195 0.7259849 0.00041167135 0.4777503 0.00034322374 0.63207066 0.044050254 0.00010980745 0.00020351242 0.001286394 0.48211178 0.054725483 0.00057997025 0.00019719158 1.6269081e-05 0.05581292 0.07067095 0.34350193 0.004664005 0.00072908786 0.00014540883 0.0141802505 6.2665436e-06 0.012934237 0.00014858761 0.0016403751 2.5184472e-05 0.45275405 0.00078817713 0.00012142504 0.011078013 0.0030079153 1.5549557e-06 0.17976075 9.525431e-06 0.00085725123 0.3376267 0.0015328791 0.0025195521 0.38886362 0.19313116 0.0012227776 2.8114296e-06 1.0504939e-05 0.0029580977 0.016455457 0.0009655074 8.0471036e-05 0.00025367728 0.0007688294 0.06425643 0.0005521971 0.0039271805 0.10189817 0.0003787777 6.495438e-10 0.010057086 0.04929098 0.00010152604 0.005802101 0.023902036 0.011720616 5.8081518e-05 0.00010476712
0.4709421 0.052466955 0.003747708 0.020587482 0.023623845 0.003473098 0.07879305 0.00037278334 0.00012713323 0.081048176 0.022608459 0.01119091 0.2881537 8.059903e-06 1.6448859e-06 1.9036769e-06 0.029140143 0.011176486 0.11112001 0.0019658003 0.0024972595 1.8370507e-05 9.393484e-07 0.7775359 0.00019435077 0.92349935 0.012542504 0.070354074 1.468757e-19 0.003850313 2.1952883e-07 0.15100643 0.09262409 0.92737234 0.032497864 0.06583979 0.5105952 0.43434086 0.07644196 0.0004066068 0.031518698 0.00013470915 0.01791883 0.0009091688 7.528161e-06 3.5235917e-05 0.24703096 0.0060256748 0.3617419 9.042051e-06 1.4389344e-06 1.4090884e-06 0.0008365881 0.002663921 0.24914414 0.19343677 0.18831013 6.136193e-07 0.32746494 1.360767e-07 0.2625171 9.2435876e-08 0.014649437 0.0017581185 0.08574391 0.018633073 0.023171615 0.24791048 0.13241985 1.5948778e-07 0.1593828 2.0681034e-06 3.8750604e-05 0.014239951 7.3117184e-07 0.056465577 0.07498699 0.027864981 0.007550772 2.4746244e-06 0.0002939261 0.0733742 0.07558163 0.01643546 3.0985948e-06 0.00035406966 0.023828512 0.16308066 0.003522604 0.01844403 0.05744998 0.0002807593 3.584413e-10 0.104204655 0.0035287202 0.0010837028 2.618591e-05 0.024771558 0.00024309909 0.0007815227 6.650558e-08
0.00041970875 0.057658873 0.006549975 0.021694012 0.016504109 0.004135996 0.20704612 0.0011615434 0.0013552979 0.019614141 0.016977226 0.0070735677 0.0150819775 0.00020607284 6.296424e-06 4.632391e-06 0.80085707 2.6660979e-05 0.22702959 0.0010177062 0.0020307524 1.4608649e-05 1.704863e-05 0.026157038 4.038951e-05 0.005852447 0.4891127 0.0049713836 0.003850313 1.0900634e-21 2.2065049e-05 0.001035933 0.001795187 0.0013428547 0.4513859 0.003217804 0.003681333 0.002662146 0.0008968196 0.022054406 0.000746916 0.77396214 0.0009880672 6.5237296e-06 4.0161125e-05 7.9237043e-07 0.0007890371 0.00013311498 0.0010022607 1.19637e-07 7.031011e-08 1.3271112e-06 7.9734955e-06 2.104151e-05 0.0010005092 0.0001618623 0.00020873174 5.1228387e-08 0.000100791214 7.7398816e-08 4.99778e-05 4.2416712e-08 0.017853884 0.10714406 0.00031890563 1.5791664e-05 0.00021962778 2.5828167e-05 1.6753818e-05 3.5254328e-07 0.00067942654 3.4896215e-07 0.004177766 0.0008484902 5.595735e-06 2.3487808e-05 0.003435003 0.0003596741 6.078146e-06 4.5862707e-06 3.474774e-05 9.697217e-06 5.747304e-05 5.6152072e-05 0.002446521 0.00025633367 1.37510415e-05 0.00038507095 5.846767e-06 5.8150134e-05 0.013273873 1.707193e-05 1.2378165e-10 0.00012809114 0.004890619 3.186764e-06 1.849519e-07 0.0015036076 3.8953626e-06 3.572742e-06 2.1236929e-06
0.8735859 0.00042466488 0.00094557944 0.00027486036 0.05521478 0.0012726631 9.1113816e-07 0.067473255 0.15381357 6.852332e-06 8.784936e-06 5.2469877e-05 2.8724423e-07 0.567578 0.4582644 0.17652765 3.794833e-05 0.06599397 5.5784603e-06 0.017784126 0.01024928 0.26175943 0.9128118 1.07225254e-07 0.51321375 2.1589831e-07 1.2177752e-05 0.00020871703 2.1952883e-07 2.2065049e-05 1.6279246e-20 1.8537112e-05 5.20408e-07 1.1172242e-08 1.3690593e-06 2.8178074e-06 9.541742e-08 2.9384733e-08 0.00013060293 1.8728972e-05 8.8628796e-05 9.361825e-07 0.0007526377 0.16214322 0.007514784 0.0306127 7.148325e-09 0.0119876005 1.5558524e-07 0.5840064 0.1529314 0.00068048836 0.12703022 0.08979493 1.5989472e-05 8.242771e-08 4.484268e-09 0.24786809 3.7284144e-07 0.22464195 2.24162e-07 0.14625548 2.3546546e-07 1.1418374e-06 0.0002361168 2.2202093e-08 3.0067287e-08 4.524814e-08 1.1208682e-07 0.00039101517 4.1440853e-06 0.00824238 6.649547e-07 0.0016497239 0.71724737 9.476864e-08 0.0010816688 0.0002930956 1.2209749e-08 7.033496e-05 3.9349025e-08 8.6761425e-09 2.4206495e-06 6.5450503e-09 1.9162478e-07 5.383796e-07 1.2192574e-08 1.7818137e-06 5.4988032e-08 3.6201538e-07 1.215537e-05 2.7959416e-07 0.000118150594 1.2516811e-07 0.00021077912 7.486024e-09 0.2231091 3.2272292e-06 0.13559516 7.448651e-09 0.072756104
