4.5574848e-27 0.94565505 0.96642363 0.9746737 0.92647177 0.8509057 0.7877013 0.94118744 0.85655224 0.9187386 0.9248879 0.4930005 0.21283609 0.6173075 0.02102321 0.90309733 0.36603114 0.83646 0.7122042 0.2695328 0.86299586 0.84685385 0.9317311 0.5778575 0.97497815 0.94260335 0.029032633 0.49165967 0.012610852 0.57756853 0.79456973 0.834644 0.03288729 0.91645837 0.40786597 0.20958522 0.0020343773 0.66345906 0.06488139 0.00033891544 0.68390906 0.8363847 0.31026512 0.8703468 0.7821715 0.77537256 0.6249102 0.47028884 0.75091034 0.07369698 0.9537387 0.32375398 0.1117712 0.008190206 0.033744514 0.77508783 0.99536264 0.0003124596 0.017781066 0.00015113782 0.6782385 0.001579454 0.8920112 0.0070446096 0.0007481198 0.9938057 0.94711566 0.9949934 2.924725e-05 0.9987096 0.0080351215 0.0003009902 0.89416015 0.003855336 0.99722713 0.012352644 0.0003299142 0.0009602668 0.9844336 0.39302054 0.0005940003 0.00012517963 0.0037937965 0.9298918 2.654654e-06 0.04209492 0.9372399 1.3938487e-07 0.00026147842 0.99970675 0.9963778 0.48059052 9.166569e-07 4.8656176e-07 1.3018827e-05 0.006645433 4.9670893e-05 0.99973583 8.355554e-06 0.99959797 0.9991032
0.94565505 1.0150732e-16 0.4845992 0.94265085 0.9039628 0.7115964 0.50354606 0.13553798 0.47605807 0.511343 0.6867272 0.016400617 0.72683215 0.0038717377 0.07006913 0.29985422 0.7356984 0.0038859905 0.011425924 0.10266904 0.13639419 0.38296795 0.0028870243 0.005963262 0.041623894 0.022897214 0.00035987774 0.00043823858 0.00013423695 0.012920859 0.00045526362 4.3789536e-05 0.31164983 0.00057543087 0.0010423786 0.00067135185 0.00045253176 2.1250878e-05 0.32605627 0.0033263864 1.0132079e-06 0.0016086857 4.393967e-05 0.01033341 0.010044573 0.004167563 8.459975e-06 0.0021140059 0.00051103474 0.06620384 0.007547895 4.0821593e-05 0.001707798 0.016339395 0.00029994833 0.0030018082 0.017694918 0.2224363 0.16758524 0.2172395 0.00010450387 0.08559522 0.0055507696 0.3360859 4.30761e-06 0.002286942 0.0011149588 0.027186848 0.033028282 0.0013090282 3.393972e-06 0.01098702 2.3948633e-06 2.1245376e-06 0.0067452407 1.0804432e-08 0.0020233253 0.00044436872 0.0059603173 6.212694e-05 2.3709056e-07 0.00031894638 2.7564745e-05 0.00058405235 0.0007013696 1.5614943e-06 0.0005902718 0.00012325138 0.00051153137 0.004771859 0.00041042437 2.1979065e-09 0.0023106297 0.0016172135 4.933549e-06 3.1707364e-06 6.533414e-07 0.007201012 0.0035803742 4.481453e-06 0.0014974435
0.96642363 0.4845992 1.5157512e-18 0.11969429 0.1721905 0.0031623081 0.8022235 0.00039898674 0.65086967 0.002914248 0.014469061 0.9458457 0.2045185 0.92275053 0.7486807 0.0003399095 0.0024192696 0.660311 0.7719017 0.00051285705 0.662557 0.0016316348 0.21251631 1.3046343e-07 0.018341329 0.001052037 0.32304534 0.49770615 0.22161834 2.1909702e-06 3.7796093e-07 7.6661564e-08 0.0077982303 8.15948e-07 0.13659489 1.6873838e-07 0.06324304 7.750548e-08 0.2750086 0.042784378 1.2979812e-09 9.723777e-06 2.0475813e-08 0.03179447 0.0040895026 0.03963077 1.0138274e-08 0.09415019 0.04186717 2.4896333e-05 0.00020162483 5.5920164e-08 2.594956e-07 1.13324395e-05 9.660124e-07 8.885531e-06 0.0007771495 0.0005519044 0.00050411234 0.0028607624 5.070007e-08 0.02444262 0.00014215683 0.00035530463 6.410159e-10 0.012739503 2.8419356e-07 0.13311793 0.001126473 0.1313776 0.00024001175 1.6518876e-06 4.0264954e-08 0.0001885317 0.0029337148 4.070194e-05 0.086737655 3.4377144e-06 1.0240662e-05 2.1153338e-07 3.4605968e-05 4.5521017e-07 0.0008597144 0.06384646 0.00019474352 7.3018374e-09 1.4846976e-06 0.00032593816 4.2099455e-07 0.00041686776 0.056586724 3.8597863e-09 2.2273437e-06 4.02946e-05 4.41229e-08 5.049028e-06 3.979238e-07 0.00020132508 3.5480302e-06 4.9302987e-08 4.6718218e-05
0.9746737 0.94265085 0.11969429 6.315082e-16 0.8903317 0.15250462 0.6099297 0.03450584 0.58618194 0.37347534 0.93173194 0.012579789 0.68000597 0.001055868 0.027262686 0.1675639 0.6074237 0.002576467 0.003933821 0.032620165 0.29791984 0.28450444 0.0075183935 0.0011253868 0.16316375 0.06989539 0.00012749554 0.00048867817 0.00011682233 0.0015202374 3.9854483e-05 4.80495e-06 0.39252678 8.6529566e-05 0.0004541496 0.00015566369 0.00044574306 1.091856e-06 0.24128273 0.0017431313 2.6138164e-08 0.00025338255 4.504424e-06 0.013486166 0.014068504 0.0044243396 1.2614869e-06 0.0021669655 0.0002057196 0.01725648 0.0073810015 3.416555e-06 0.00025106425 0.0018124607 4.1777617e-05 0.0005903782 0.025324369 0.1850231 0.068038456 0.12780187 1.5412586e-05 0.048492927 0.002701987 0.2124018 1.2908431e-06 0.0027179054 0.00022396531 0.050073355 0.018546956 0.0023032571 3.7284415e-06 0.005324378 3.1251932e-07 1.468334e-06 0.009179403 2.0520893e-08 0.005896397 0.00018787767 0.003112373 4.3403684e-06 1.8711634e-07 8.65606e-05 1.4172617e-05 0.00015871572 0.0006939134 1.3411218e-06 0.00011616907 0.0003921209 0.00017410194 0.0061020544 0.0012667178 2.7187048e-09 0.0010480589 0.001306025 1.0047562e-05 4.1666462e-06 2.0030031e-06 0.0064572208 0.00064138905 1.2228977e-06 0.0010861689
0.92647177 0.9039628 0.1721905 0.8903317 1.5275693e-18 0.10930874 0.17792326 0.020166855 0.36495283 0.17705286 0.1814342 0.004270918 0.9374682 0.00090970355 0.14200674 0.02554899 0.6542972 0.0007534528 0.0023805972 0.029988842 0.10651887 0.07021027 0.001218348 0.000670505 0.009413837 0.002762716 0.00014131324 0.00036373705 0.00029929428 0.00046675044 0.000121177014 5.0143848e-05 0.634797 0.00041796124 0.00051175896 5.6191122e-05 0.0013596406 7.1224713e-06 0.75788265 0.013381089 2.0807475e-07 0.00038739498 2.1506123e-06 0.0033177894 0.0026732867 0.0012718309 1.6956633e-06 0.0013336962 0.0002591325 0.038422946 0.00049888063 8.6709315e-07 0.00014740275 0.0012591713 1.9994046e-05 0.0006145376 0.0025042784 0.4116087 0.15243131 0.4608232 2.0900194e-05 0.4397383 0.0013890006 0.21921848 3.6709747e-07 0.00031102364 0.0003598304 0.014305246 0.14846759 0.0014302162 2.464657e-06 0.0075084944 1.699395e-06 9.407559e-07 0.0010740262 3.3602994e-08 0.09086702 4.2726355e-05 0.0011502526 9.380177e-06 1.7618923e-07 0.0001205923 4.9558046e-05 0.0006107504 0.010410072 4.414706e-06 0.00014081965 0.0014392433 0.0003206519 0.00023369692 0.0016066259 2.621245e-08 0.01114092 0.017540932 1.5407568e-06 1.2612431e-05 8.822645e-07 0.0011776515 0.0025376359 3.349334e-05 0.0007250396
0.8509057 0.7115964 0.0031623081 0.15250462 0.10930874 1.3788389e-18 0.029108915 0.9784744 0.03345499 0.69361717 0.22739261 9.065402e-05 0.2093923 2.028647e-05 0.0024032225 0.80761445 0.7804971 5.0584575e-05 0.00029338087 0.87567115 0.0069399127 0.71155363 3.467409e-05 0.37792328 0.01373532 0.018263504 1.8089311e-06 1.5365666e-05 7.5170584e-07 0.14143582 0.044642527 0.017921414 0.07172701 0.03139801 5.6372653e-05 0.011249811 1.4588969e-06 0.0055478485 0.017801799 1.8479428e-05 0.0019345048 0.021589005 0.008028229 0.0012997825 0.0071744155 0.0003786697 0.0015886223 0.00032436725 4.3407596e-05 0.27070287 0.00695667 0.0037543406 0.092273876 0.05910136 0.004111968 0.056551117 0.008490184 0.058934495 0.3705361 0.021747835 0.0071901456 0.00345206 0.029078174 0.30352604 0.0004692113 0.00020428927 0.01975466 0.0044856314 0.008666865 8.702702e-05 7.406294e-07 0.05884354 0.0028016497 4.6715522e-06 0.0022357386 3.1899198e-08 8.530224e-06 0.0040936973 0.04054268 0.010115373 2.8043803e-07 0.0015582752 1.973304e-06 3.3693155e-05 2.5701258e-05 3.1300075e-05 0.012323927 4.8249203e-06 0.004301553 0.0026043952 0.00018390638 2.8056388e-06 0.005282014 0.00050464773 0.0001282032 0.000107879285 3.718802e-05 0.012693976 0.018063504 0.0036054594 0.015932355
0.7877013 0.50354606 0.8022235 0.6099297 0.17792326 0.029108915 1.9014952e-20 0.0031476042 0.98092735 0.098808765 0.6395122 0.08659792 0.08861539 0.07149229 0.058469508 0.032256305 0.011460994 0.73843855 0.37206727 0.005285519 0.8962723 0.017619977 0.5253691 0.0002446072 0.4345878 0.099984884 0.00083033025 0.019847954 0.000121289166 0.0022954748 3.172096e-05 2.0152524e-06 0.0071248524 1.6622298e-05 0.021003457 0.00022765851 0.00059065776 1.5042243e-06 0.043280885 0.0011497082 8.857294e-09 0.0004479197 2.7704607e-07 0.09838821 0.05275262 0.11633308 1.695589e-06 0.15970977 0.01794356 7.523952e-05 0.017991418 6.243693e-07 2.2045604e-06 2.9978315e-05 8.446472e-06 0.0005833151 0.015792102 0.00022187385 5.5957807e-05 0.0007121547 8.499804e-06 0.0037278906 0.0026373314 0.0005859651 2.768184e-09 0.036343083 1.3023484e-05 0.12710312 3.5068933e-05 0.023887895 0.00026441633 5.941481e-06 7.240863e-07 5.409731e-05 0.0472374 2.9153989e-05 0.0023273367 5.200724e-06 0.0005622691 4.1953444e-07 1.3439481e-05 8.8873486e-07 2.1603548e-05 0.004950864 8.724657e-05 5.396912e-08 0.00011356777 3.5561316e-05 1.1764692e-05 0.011649536 0.007177554 2.5865632e-09 4.34277e-06 6.0379875e-06 1.387019e-06 9.746672e-08 2.0724844e-06 0.0045182696 4.341722e-06 3.7806727e-09 0.0003675496
0.94118744 0.13553798 0.00039898674 0.03450584 0.020166855 0.9784744 0.0031476042 2.4523248e-17 0.0091369 0.34936747 0.03688702 9.711798e-05 0.06684008 1.3870965e-05 0.0015139257 0.26841244 0.60088813 3.7532376e-05 4.41638e-05 0.9477961 0.0027202643 0.83905596 2.3155553e-05 0.63666284 0.0031158074 0.005079518 1.2215153e-06 1.3418817e-06 3.394134e-06 0.05248114 0.04119449 0.018748323 0.04886608 0.06840037 6.124544e-06 0.007259318 1.2741623e-05 0.007381875 0.027274325 2.7608181e-05 0.0020187274 0.008604042 0.005471271 0.00021474664 0.0019565478 6.718863e-05 0.0010153429 7.084281e-05 1.5999172e-05 0.5997257 0.0022510397 0.009229447 0.42232513 0.13878544 0.013008559 0.02236937 0.0028627536 0.027737835 0.51166284 0.011454558 0.001457334 0.0028310316 0.011814925 0.31711242 0.0011289583 0.00015935743 0.021754425 0.001233074 0.006014938 6.522271e-05 8.177642e-08 0.12686431 0.0010632352 1.0007731e-07 0.00096777244 1.8322632e-09 6.3316493e-06 0.008028734 0.03368363 0.004257413 3.9865045e-09 0.010231467 9.2687685e-07 3.1609181e-06 4.8686583e-05 0.0001097952 0.0034860063 4.5278366e-06 0.047582213 0.0015495584 0.0001216796 3.932003e-06 0.0043169335 0.00034113327 0.00033678795 0.0002773804 0.00016761993 0.010635482 0.042654775 0.001796258 0.011482345
0.85655224 0.47605807 0.65086967 0.58618194 0.36495283 0.03345499 0.98092735 0.0091369 7.884008e-19 0.05567002 0.70405644 0.09426852 0.15866342 0.012889963 0.05331122 0.038157336 0.033468492 0.25915846 0.029385937 0.006762748 0.90441513 0.054212976 0.586804 0.00039121028 0.60632914 0.117736295 0.00039605473 0.0049534896 7.379594e-05 0.00133149 2.658585e-05 2.5329653e-06 0.030055266 1.40894945e-05 0.0016952788 0.0002196282 0.00063665723 1.1300725e-06 0.14510979 0.0023589726 4.6481542e-08 0.00045027406 4.9540536e-06 0.11669724 0.04252778 0.10702543 7.2019446e-07 0.040526588 0.0015521994 0.00013176679 0.009462303 3.2761585e-07 7.856664e-06 0.00026267712 4.759326e-06 0.00050730165 0.017473863 0.0011749596 0.00016917127 0.002217569 1.950946e-05 0.010776923 0.0017787663 0.0012576755 1.7390894e-08 0.024340339 4.9076834e-06 0.16748431 0.00057398254 0.008687707 1.6102897e-05 4.0601066e-05 1.2240038e-06 1.9187843e-05 0.031348422 1.1407697e-06 0.006196724 5.3142623e-05 0.0005612951 2.2148758e-06 4.2024185e-06 1.6806122e-06 2.138985e-05 0.0010010595 0.00067823246 2.6772474e-07 5.1292747e-05 0.00016601267 5.3024696e-06 0.007908795 0.0037808532 1.60649e-09 1.3490938e-05 0.0002954603 1.4608906e-06 1.7716175e-07 6.999343e-07 0.0028090766 9.039438e-06 5.4269815e-08 0.00032773791
0.9187386 0.511343 0.002914248 0.37347534 0.17705286 0.69361717 0.098808765 0.34936747 0.05567002 4.3765306e-17 0.9361864 0.0003678624 0.066606104 0.00034461243 0.0014612585 0.98751813 0.6279207 0.0006563246 0.00036036063 0.1343612 0.013548908 0.6058154 0.0012974957 0.03275475 0.11627679 0.5344373 1.4753473e-05 0.00017336647 5.959052e-07 0.16621652 0.0061343913 0.0020643715 0.11597003 0.010410892 1.9537667e-05 0.009603456 3.9405415e-05 0.00036327165 0.0029784283 0.00013614557 7.703604e-05 0.021263143 0.0006693818 0.0063303155 0.022414401 0.003951161 0.00089861656 0.0015807447 5.095696e-05 0.033568624 0.01954406 0.0007071173 0.0014407326 0.0036589361 0.0010073462 0.020587668 0.06699803 0.031798527 0.19863568 0.010328756 0.0047390135 0.0020450098 0.026489997 0.25537154 2.374406e-05 0.0030407228 0.0043934463 0.015718501 0.0048221997 0.00058458146 6.455087e-07 0.007341579 0.00012440763 1.7863695e-05 0.011615501 9.24216e-08 1.8087474e-05 0.0003423303 0.032816555 0.00027054976 1.3688367e-07 0.0001779745 8.833447e-07 9.318197e-05 0.0006082988 8.214189e-05 0.0033032114 0.00012372999 0.00041070514 0.02264935 0.000417619 1.583885e-06 0.0016824839 0.0010460921 0.0002638242 1.1561132e-05 5.883228e-05 0.028320316 0.0021374344 0.00025099984 0.011548356
0.9248879 0.6867272 0.014469061 0.93173194 0.1814342 0.22739261 0.6395122 0.03688702 0.70405644 0.9361864 2.9574026e-17 0.0004649469 0.034465417 0.00062936207 0.0012185276 0.6999779 0.06661756 0.016488926 0.0040614447 0.011511674 0.260097 0.04193933 0.029328402 0.0008625998 0.8687276 0.9144943 2.4198705e-05 0.0010774697 4.6079612e-07 0.108731315 0.0019491272 0.0002881457 0.02218586 0.005180461 0.00032919704 0.0074325167 3.494684e-05 9.807712e-05 0.007442685 7.982646e-05 5.3915574e-06 0.015446079 7.4161675e-05 0.07429539 0.11365172 0.031030986 0.0002560051 0.0093128765 0.0005373448 0.0012698516 0.05479033 1.2876299e-05 4.310152e-05 0.0011093474 6.6107306e-05 0.02585776 0.15978421 0.0032362724 0.004866249 0.0029629045 0.0015175707 0.0015046375 0.046232108 0.010429972 3.2794722e-07 0.01376829 0.0037477156 0.1138949 0.0012837357 0.0055230274 7.2088756e-06 0.0015441115 0.00018167455 5.2036485e-05 0.031568334 2.7610497e-07 0.0002837374 5.3799475e-05 0.03962157 0.0001692941 4.7498156e-07 7.08423e-06 1.8143975e-06 0.001003196 0.00047360585 2.6123998e-05 0.0026139712 0.00014948331 4.4845765e-05 0.041649543 0.0014771177 1.00591706e-07 0.0008080256 0.0005198542 6.3655184e-06 6.0547467e-07 1.1636194e-05 0.03429028 0.00063753274 6.7697714e-05 0.0049042096
0.4930005 0.016400617 0.9458457 0.012579789 0.004270918 9.065402e-05 0.08659792 9.711798e-05 0.09426852 0.0003678624 0.0004649469 5.70903e-17 0.025416896 0.83861274 0.9764632 3.7326485e-05 0.0003749211 0.060460333 0.38170096 9.3675946e-05 0.08123782 0.00044790222 0.0115324855 9.3268386e-07 0.00016709676 9.016205e-05 0.747335 0.4711489 0.9418486 4.3705822e-06 8.055265e-07 3.1136386e-07 0.0020799465 7.854495e-07 0.029734235 3.486533e-06 0.288374 2.7583663e-08 0.26027894 0.20353287 2.4688174e-09 7.803958e-06 1.1029941e-07 0.0013164001 0.00026194815 0.0010756206 2.2564085e-07 0.0073842444 0.030567478 4.9197265e-06 1.750355e-05 6.024528e-08 8.308605e-07 1.1854235e-06 6.040979e-07 8.055799e-06 8.984879e-06 7.760871e-05 2.0480025e-05 0.00017339589 4.0314504e-07 0.016702587 3.2178144e-05 4.43066e-05 1.2140123e-09 0.0009865857 1.2532836e-06 0.0090333335 4.51019e-05 0.068207346 0.0024243705 8.747169e-07 1.2279357e-06 0.00079585 0.0001995082 0.00038016355 0.20044763 2.4148942e-06 4.4646586e-06 1.0150208e-05 0.000491361 1.3162776e-06 0.062121037 0.13544184 8.341474e-05 5.0210406e-07 1.0894865e-06 0.000225992 3.4035338e-06 1.5231005e-05 0.106810674 4.475313e-09 1.2264711e-05 2.321149e-05 3.627774e-07 1.8071274e-06 1.6715555e-06 2.0177284e-05 8.658806e-06 7.929373e-07 1.4233285e-05
0.21283609 0.72683215 0.2045185 0.68000597 0.9374682 0.2093923 0.08861539 0.06684008 0.15866342 0.066606104 0.034465417 0.025416896 1.07245246e-19 0.0023463138 0.48151252 0.0067506246 0.955886 0.0006368306 0.0032402948 0.074751094 0.017311925 0.12810293 0.00028119178 0.0024583954 0.0015245422 0.000272384 0.0005022301 0.00064566446 0.0020440854 0.00034421237 0.0005028325 0.00032436106 0.91919386 0.000104204504 0.0002545461 7.445414e-05 0.006732613 4.2757372e-05 0.7965199 0.11216178 2.4580704e-06 8.733182e-05 2.7720995e-05 0.0010324181 0.00042959818 0.0001002778 8.563871e-06 0.00033953998 0.00013535302 0.068501584 0.00013568542 1.0143928e-05 0.00095075794 0.0150485365 9.8200675e-05 0.00037398317 0.00014170028 0.40204477 0.21769123 0.49173778 7.4319237e-06 0.5498943 0.00042629545 0.30733928 8.19501e-07 4.5574405e-05 7.3514195e-05 0.0022849399 0.3379694 0.00055059354 1.1989766e-05 0.055465084 2.6585406e-06 3.073935e-05 0.0004797709 6.161978e-07 0.05194667 0.001245616 8.499516e-05 5.1183146e-05 4.537093e-05 0.001606014 0.00027504077 0.00051993306 0.03796047 8.643146e-06 2.7701677e-05 0.0023262016 0.0016753963 5.9367092e-05 0.0015021722 2.7533151e-06 0.018992173 0.02236722 2.2774437e-05 1.9191375e-05 8.172116e-06 0.00014474899 0.009249629 1.2398045e-05 0.00011192815
0.6173075 0.0038717377 0.92275053 0.001055868 0.00090970355 2.028647e-05 0.07149229 1.3870965e-05 0.012889963 0.00034461243 0.00062936207 0.83861274 0.0023463138 6.2662214e-17 0.36929032 9.735919e-05 3.2697943e-05 0.46872666 0.878261 7.346244e-06 0.034940135 7.24601e-05 0.023358814 3.8917588e-07 0.00054559676 0.00019553074 0.96137804 0.9617405 0.57649964 8.451693e-06 1.943361e-06 5.5993354e-07 0.00035214212 2.2973043e-06 0.29391658 2.5129252e-06 0.12971526 3.319104e-07 0.029008146 0.060154747 2.039688e-08 7.451381e-05 3.3893496e-08 0.0017158045 0.0005225625 0.005689951 3.492125e-07 0.05753469 0.20085914 7.2211715e-06 0.00018645327 2.8305953e-06 4.47292e-07 6.855374e-07 3.821062e-06 4.0873285e-05 1.616717e-05 3.2901182e-06 6.772247e-06 8.940808e-06 7.373712e-07 0.00017417966 7.016072e-05 2.6602664e-05 1.4344422e-09 0.0019330102 3.524176e-07 0.0043432694 2.8393063e-06 0.07538409 0.009164101 7.3882375e-06 1.7945011e-06 0.037522126 0.00080310006 0.004002875 0.027786538 4.4232906e-06 1.5811546e-06 6.4919836e-06 0.00497021 1.1015304e-06 0.10652352 0.21729758 4.4928406e-06 4.3780972e-07 4.5166707e-06 3.214919e-05 1.924689e-05 5.0957886e-05 0.11951008 2.4003349e-08 3.4557472e-06 1.383181e-05 2.1478338e-07 1.8394531e-06 1.4531038e-06 3.333633e-05 5.1043753e-06 3.698114e-08 6.3651787e-06
0.02102321 0.07006913 0.7486807 0.027262686 0.14200674 0.0024032225 0.058469508 0.0015139257 0.05331122 0.0014612585 0.0012185276 0.9764632 0.48151252 0.36929032 8.3842267e-19 7.525711e-05 0.008400146 0.005484645 0.019895697 0.001545007 0.020272292 0.0042793374 0.0017436608 1.3012137e-05 0.00045576296 7.035341e-05 0.27091053 0.034525868 0.8581106 2.9339344e-06 1.5832219e-06 1.927789e-06 0.07999872 8.932933e-06 0.0008984687 4.3020242e-07 0.6773023 6.507353e-07 0.72176546 0.7631432 9.583413e-09 3.6556817e-06 1.4542289e-07 0.00030029952 0.00012500034 0.00027996761 1.543858e-07 0.00076599413 0.0011249817 5.303003e-05 2.7269325e-06 2.4533794e-08 2.726323e-07 3.3590984e-06 6.0538684e-07 1.7807332e-06 3.142567e-05 0.0015057714 0.00020186993 0.004495515 1.6653142e-07 0.18688333 4.4354015e-06 0.0005638661 2.8264976e-10 0.00032394187 5.2232303e-06 0.0036365732 0.0009456263 0.002934613 3.687744e-05 4.938374e-06 1.7792385e-07 6.117793e-05 0.0003684043 2.4539645e-06 0.31173256 9.915755e-07 5.7026027e-06 1.6895295e-06 1.794006e-05 9.422886e-07 0.009236228 0.002816162 0.004786569 1.5541062e-08 6.996973e-07 0.0037340282 2.193e-06 8.869081e-06 0.00307063 1.5096276e-08 3.1515767e-05 0.00056871196 2.2047317e-07 9.614052e-07 4.3300508e-07 3.3555093e-06 1.0321792e-06 1.076523e-07 4.68832e-06
0.90309733 0.29985422 0.0003399095 0.1675639 0.02554899 0.80761445 0.032256305 0.26841244 0.038157336 0.98751813 0.6999779 3.7326485e-05 0.0067506246 9.735919e-05 7.525711e-05 4.600528e-18 0.046668116 0.00016929927 0.0001681159 0.104785375 0.012806908 0.12832478 0.0006119255 0.08015294 0.12100743 0.71896833 4.42696e-07 3.895201e-05 2.9538592e-08 0.8447046 0.0942555 0.026417801 0.0016897223 0.3416361 3.650141e-05 0.2817656 2.2316449e-06 0.0063145035 0.0009940467 3.2966227e-06 0.0048998315 0.42849505 0.007462108 0.01725718 0.12538095 0.0054139015 0.02924232 0.00097213296 9.028157e-05 0.012264525 0.12729536 0.0023465657 0.0041515506 0.0058871377 0.0026728292 0.43042845 0.13655905 0.001824043 0.013629523 0.0008240933 0.12259108 4.065709e-05 0.4853862 0.009024184 1.4232864e-05 0.0062624277 0.057334892 0.040045843 0.0003647832 0.0005264993 2.3320987e-07 0.0068080258 0.009200999 9.682113e-07 0.031348873 3.0938219e-09 2.4325489e-06 0.0002537961 0.2987037 0.016202819 3.4374206e-09 0.00011650213 3.797528e-08 4.530378e-05 9.789449e-06 0.0011772837 0.0931556 2.1543094e-06 0.00011856259 0.10541433 0.00038505698 1.2870613e-05 7.772722e-05 4.0694736e-06 4.215301e-05 7.6818e-07 6.279879e-06 0.20873256 0.00058275845 0.0029514264 0.082221724
0.36603114 0.7356984 0.0024192696 0.6074237 0.6542972 0.7804971 0.011460994 0.60088813 0.033468492 0.6279207 0.06661756 0.0003749211 0.955886 3.2697943e-05 0.008400146 0.046668116 7.934571e-20 1.2896846e-05 3.0319776e-05 0.34854302 0.0027175208 0.7410763 5.1830475e-06 0.010992334 0.0005713831 0.0008906741 3.916431e-06 1.126749e-05 3.3643082e-06 0.0028044072 0.0030669968 0.0013257838 0.91614044 0.00093828037 3.777831e-06 0.00024233913 3.7107387e-05 0.00027354946 0.23250037 0.0003436061 4.2090785e-05 0.0004184141 0.00017495696 3.510882e-05 0.000718398 1.0776931e-05 4.5620192e-05 1.5611273e-05 8.408352e-06 0.39354095 0.00012313765 8.374066e-05 0.0030527012 0.040363003 0.00021162328 0.0008212214 0.00028089347 0.53403014 0.69528544 0.38457838 5.4382584e-05 0.1219459 0.0007644978 0.69825745 1.3504544e-05 7.1662676e-06 0.00034960406 0.0007411215 0.34841046 2.1271338e-05 3.7791403e-07 0.16162992 1.045768e-05 5.103821e-06 8.734839e-05 3.170074e-08 0.00023304638 0.0027355456 0.0005325033 8.074147e-05 1.1348081e-06 0.006273618 2.738295e-06 5.501693e-06 0.0008732541 2.4999876e-05 2.4092962e-05 2.4207615e-05 0.009560343 0.00012249789 0.00023587598 1.0443721e-06 0.085621186 0.02356018 5.070605e-05 2.363474e-05 1.8568324e-05 0.00038302355 0.13415036 1.5102737e-05 0.00015721153
0.83646 0.0038859905 0.660311 0.002576467 0.0007534528 5.0584575e-05 0.73843855 3.7532376e-05 0.25915846 0.0006563246 0.016488926 0.060460333 0.0006368306 0.46872666 0.005484645 0.00016929927 1.2896846e-05 4.3453296e-21 0.9801127 7.189857e-06 0.3283179 3.3281347e-05 0.84648764 3.0522745e-07 0.021396302 0.0038038734 0.020370422 0.34925082 0.002062493 1.7680057e-05 6.455742e-06 8.5318464e-07 3.1323845e-05 7.167931e-07 0.63176143 5.4777624e-06 0.00039892847 1.2127459e-06 0.0010150635 0.0001447661 1.1868769e-08 3.4711007e-05 5.784222e-07 0.1531524 0.02211497 0.55251706 4.555385e-07 0.9355221 0.30713347 8.4389876e-07 0.0015375393 6.906789e-07 7.2841054e-08 5.9902336e-06 2.3163734e-06 2.6912809e-05 0.0017533689 2.1652639e-07 5.6525755e-07 1.2780864e-06 4.3159181e-07 3.5828845e-05 0.00042819747 1.820469e-06 1.8768798e-10 0.25551292 8.9469023e-07 0.17186892 5.276991e-07 0.4453186 0.003398082 5.7404134e-07 2.0583888e-08 0.001240855 0.032055072 0.0003934498 0.00027265117 1.5132963e-06 1.7997156e-05 4.5451478e-07 0.00079855276 5.828282e-07 0.002547167 0.15656376 2.8783945e-06 1.2494962e-07 4.217792e-06 1.8714251e-06 5.285032e-06 0.0034570629 0.06328975 2.1260634e-08 3.6600645e-07 8.117638e-07 3.1685613e-07 6.485155e-07 3.4899244e-07 0.00033575422 1.9584406e-06 4.87208e-11 4.7040463e-05
0.7122042 0.011425924 0.7719017 0.003933821 0.0023805972 0.00029338087 0.37206727 4.41638e-05 0.029385937 0.00036036063 0.0040614447 0.38170096 0.0032402948 0.878261 0.019895697 0.0001681159 3.0319776e-05 0.9801127 1.1573677e-16 4.8212933e-05 0.061564274 0.00012305548 0.2469088 6.722792e-07 0.0042236187 0.001198028 0.26582474 0.8915452 0.053058226 2.8500266e-05 2.9855448e-06 4.068362e-07 4.5953624e-05 5.053862e-07 0.9067709 1.118823e-05 0.008588183 4.2076934e-07 0.0052139712 0.0021914742 4.0013e-08 8.979821e-05 5.95845e-07 0.01622948 0.0055555254 0.045481488 6.3646536e-07 0.33051652 0.33997065 8.218098e-07 0.001509931 1.2587067e-07 1.14716876e-07 1.8332203e-06 4.8819413e-07 6.0840586e-05 0.0016687731 2.2129482e-06 5.4824764e-06 8.033918e-06 2.4166395e-05 0.00011747781 0.00037150536 2.9043556e-06 2.2145368e-09 0.018368544 8.352284e-07 0.027873535 8.8762516e-07 0.30805245 0.018169414 8.042936e-07 1.7020167e-05 0.023566622 0.006708991 0.029824156 0.0012713257 5.596882e-06 0.00013775265 2.2549308e-05 0.0043870527 1.181897e-06 0.020948704 0.30808255 2.505267e-05 1.5348297e-07 1.4117632e-05 2.4575937e-05 2.8991016e-07 0.0039898595 0.13744411 9.810939e-09 8.7328567e-07 8.243298e-06 2.3277238e-07 2.0899616e-07 1.2071414e-06 0.00040958272 8.115076e-07 6.123515e-10 2.5282412e-05
0.2695328 0.10266904 0.00051285705 0.032620165 0.029988842 0.87567115 0.005285519 0.9477961 0.006762748 0.1343612 0.011511674 9.3675946e-05 0.074751094 7.346244e-06 0.001545007 0.104785375 0.34854302 7.189857e-06 4.8212933e-05 1.6061939e-19 0.0013851895 0.96601146 8.503468e-06 0.97201663 0.00042521802 0.0012829659 8.893792e-07 4.724406e-06 9.835851e-07 0.033591747 0.11801805 0.10783575 0.035050202 0.06252518 1.2195847e-05 0.01071788 2.600832e-06 0.03731382 0.006118948 4.1787434e-06 0.024402699 0.009600965 0.04308341 0.00011522657 0.0003668642 1.1108852e-05 0.004091059 2.3167835e-05 1.0379325e-05 0.57107264 0.000741054 0.09591644 0.5806322 0.4887044 0.17527744 0.014492711 0.0015517205 0.007534019 0.1637409 0.0024249265 0.002851571 0.0011945153 0.0060980525 0.09978672 0.042117875 1.0717781e-05 0.022849588 0.00094233546 0.0020754416 1.640494e-05 1.00067574e-07 0.15015875 0.0024681797 5.2136375e-07 0.000613674 3.105642e-08 2.67385e-06 0.1645595 0.017623806 0.005831988 5.58255e-09 0.04766066 6.767683e-08 3.418796e-05 1.4481672e-05 0.00051549956 0.0048862086 6.543521e-07 0.0398719 0.0007187177 0.00030549668 6.380576e-05 0.002039885 3.6712132e-05 0.011415496 0.0010091298 0.0049853204 0.003875112 0.042821232 0.003713394 0.009251844
0.86299586 0.13639419 0.662557 0.29791984 0.10651887 0.0069399127 0.8962723 0.0027202643 0.90441513 0.013548908 0.260097 0.08123782 0.017311925 0.034940135 0.020272292 0.012806908 0.0027175208 0.3283179 0.061564274 0.0013851895 2.2081841e-17 0.009816757 0.98331064 5.9846294e-05 0.5571204 0.07925264 0.00030201385 0.013218045 0.00010486556 0.00072761736 2.373557e-05 2.2334568e-06 0.0019041427 3.1152875e-05 0.0050244783 0.00018288461 0.00023216217 8.9505886e-07 0.019006578 0.0014323415 6.2181265e-08 0.00056201953 1.7794923e-06 0.29069847 0.096735604 0.25162134 3.2429766e-06 0.21635641 0.0036870132 1.2734492e-05 0.01653094 7.2094355e-07 1.7448674e-06 1.0118575e-05 1.1926342e-06 0.00059110863 0.018530102 6.8575515e-05 8.23055e-06 0.00021114026 1.6580707e-05 0.0025526504 0.0021450534 1.601925e-05 4.351884e-09 0.070163846 1.6443219e-05 0.28449333 0.000173515 0.044149827 0.000101315665 1.0270228e-05 4.960242e-06 7.799721e-05 0.08604682 3.1700165e-06 0.0034771115 1.823382e-05 0.00046507592 3.952546e-06 3.529433e-05 4.748685e-06 6.3130035e-05 0.0029481717 0.0006223754 7.1752845e-07 5.7498535e-05 0.00016142898 3.8858143e-05 0.01186635 0.008603685 1.8151711e-08 9.857454e-06 0.0003780004 1.8029529e-06 9.744286e-07 5.3867825e-06 0.0018538387 3.04045e-05 3.0330114e-08 0.00031101002
0.84685385 0.38296795 0.0016316348 0.28450444 0.07021027 0.71155363 0.017619977 0.83905596 0.054212976 0.6058154 0.04193933 0.00044790222 0.12810293 7.24601e-05 0.0042793374 0.12832478 0.7410763 3.3281347e-05 0.00012305548 0.96601146 0.009816757 8.309379e-17 4.6562982e-05 0.4490378 0.0011858956 0.0013736637 1.3570153e-05 3.264488e-05 5.0761544e-05 0.02035267 0.18495756 0.14320792 0.09922428 0.089735255 0.0001777108 0.0016089749 8.931634e-05 0.016494855 0.019894613 2.7174505e-05 0.0031443145 0.0053408477 0.0027249064 0.00072766806 0.0010336057 0.00010733888 0.00042413405 0.00024267609 0.00012920945 0.9294911 0.0024060982 0.00519356 0.34676582 0.5809317 0.014872662 0.011930939 0.0031425415 0.06536521 0.7593724 0.03624212 0.00044187522 0.014590034 0.009197205 0.52136123 0.0032956328 7.1809736e-05 0.03962908 0.0038115995 0.051633507 0.00029908027 9.3419993e-07 0.44544455 0.00010947318 9.411198e-06 0.000907313 8.810137e-08 0.0002537005 0.08661429 0.030866638 0.00044763385 1.5308709e-07 0.07310226 1.0348301e-05 0.0003590831 0.00020762256 6.633674e-05 0.0054172995 3.7539e-05 0.31156588 0.0023336976 0.0017977096 3.0564001e-06 0.0327814 0.0049248557 0.0032556008 0.0005734277 0.0043862183 0.0137059195 0.3202641 0.0055689914 0.022067804
0.9317311 0.0028870243 0.21251631 0.0075183935 0.001218348 3.467409e-05 0.5253691 2.3155553e-05 0.586804 0.0012974957 0.029328402 0.0115324855 0.00028119178 0.023358814 0.0017436608 0.0006119255 5.1830475e-06 0.84648764 0.2469088 8.503468e-06 0.98331064 4.6562982e-05 1.26887406e-20 4.1956608e-07 0.40069726 0.012504036 0.0004736009 0.015399415 6.1554354e-05 3.1184856e-05 1.2137386e-06 2.2408355e-07 2.9549481e-05 4.531443e-06 0.042963356 9.438585e-06 0.00012702016 3.5103798e-07 0.00082929037 0.0001250609 2.0964972e-09 0.00011652725 7.4190645e-08 0.59003407 0.082990915 0.81090254 1.7132552e-07 0.82125235 0.041741952 4.9279697e-07 0.007983403 1.9048508e-07 1.578366e-08 5.010548e-06 1.175798e-06 0.00014128508 0.004805239 9.050604e-07 1.0685688e-06 2.9978416e-06 2.3159032e-06 4.9637624e-06 0.001005162 5.886502e-06 3.565709e-10 0.40735734 5.1259763e-06 0.48041782 5.2384826e-07 0.10161939 0.0005713679 8.2838716e-07 3.690189e-07 0.00030037944 0.17077449 0.00012428524 0.00043812534 8.4368634e-07 0.00010307253 1.8704723e-06 0.00015205542 1.9592933e-07 0.000105651765 0.012148753 2.5665862e-05 3.7645864e-07 2.90508e-05 4.3095e-06 4.016777e-06 0.009963536 0.018712753 3.5887815e-08 6.938769e-07 8.984892e-07 2.9184434e-06 1.0434636e-07 1.580493e-06 0.0010725292 1.7028132e-06 3.0470783e-08 0.00027587693
0.5778575 0.005963262 1.3046343e-07 0.0011253868 0.000670505 0.37792328 0.0002446072 0.63666284 0.00039121028 0.03275475 0.0008625998 9.3268386e-07 0.0024583954 3.8917588e-07 1.3012137e-05 0.08015294 0.010992334 3.0522745e-07 6.722792e-07 0.97201663 5.9846294e-05 0.4490378 4.1956608e-07 1.8693355e-16 1.3023644e-05 0.0008741486 1.2621769e-07 2.2493657e-07 4.6103304e-07 0.14128199 0.64547336 0.6529193 0.004818704 0.37009224 5.0647907e-07 0.06561754 2.592395e-06 0.44752556 0.00034716504 4.846228e-07 0.21043696 0.057994027 0.47055277 4.381078e-06 0.0004029237 8.100134e-06 0.03933624 5.3684075e-06 4.1558956e-06 0.62208337 0.000841187 0.58650887 0.90376073 0.43967673 0.6061019 0.05487971 0.00019293894 0.00060738006 0.116330676 0.00011120263 0.009027598 8.581253e-06 0.01111792 0.015495505 0.1434997 1.1452001e-05 0.059471175 0.0001531624 7.3719835e-05 9.4204603e-07 2.2627123e-08 0.06033219 0.006777475 1.6091589e-06 0.00011017669 3.1347973e-08 3.6877987e-06 0.15018961 0.020991215 0.018268887 3.7670844e-08 0.10166972 1.0112665e-06 1.5099236e-07 2.030667e-06 0.0056415414 0.010578485 6.613788e-07 0.07151609 0.00046417667 0.00024121876 0.00010876958 0.00039198282 8.678108e-06 0.009503764 0.0046087354 0.028690733 0.0038661037 0.021389626 0.01945415 0.017407332
0.97497815 0.041623894 0.018341329 0.16316375 0.009413837 0.01373532 0.4345878 0.0031158074 0.60632914 0.11627679 0.8687276 0.00016709676 0.0015245422 0.00054559676 0.00045576296 0.12100743 0.0005713831 0.021396302 0.0042236187 0.00042521802 0.5571204 0.0011858956 0.40069726 1.3023644e-05 5.095507e-18 0.94097185 7.847154e-06 0.0012869933 3.1825832e-07 0.015801268 0.00022638135 6.429111e-05 8.982382e-05 0.0015498444 0.0009235386 0.0012937795 5.087148e-06 3.89072e-05 0.0009874051 2.2471828e-05 2.3707834e-07 0.0054644737 6.5136264e-06 0.68704164 0.7859917 0.4138755 4.9106402e-05 0.06796681 0.0020934718 2.2172439e-05 0.16082582 5.262357e-07 1.772743e-07 1.5500988e-05 1.0453117e-06 0.022226108 0.37851354 3.810136e-05 2.9416433e-05 7.901964e-05 0.00016130663 0.0004651585 0.07089342 0.000114917864 1.8585595e-09 0.19108728 0.0027995291 0.55422646 0.00014860602 0.017496342 1.1035729e-05 1.2265986e-05 2.1019026e-05 0.00016407327 0.49623507 1.15872254e-07 9.378114e-05 2.814657e-06 0.05164975 2.2444307e-05 2.0158875e-07 5.2672624e-07 9.901199e-06 0.0047307317 0.00030367888 1.2042852e-06 0.0028157362 6.436701e-05 2.8384454e-06 0.30495888 0.006640615 6.6042304e-08 3.694041e-05 1.4080091e-05 3.267319e-07 3.5395097e-08 7.501275e-07 0.09535298 6.3320156e-05 2.854836e-05 0.00765159
0.94260335 0.022897214 0.001052037 0.06989539 0.002762716 0.018263504 0.099984884 0.005079518 0.117736295 0.5344373 0.9144943 9.016205e-05 0.000272384 0.00019553074 7.035341e-05 0.71896833 0.0008906741 0.0038038734 0.001198028 0.0012829659 0.07925264 0.0013736637 0.012504036 0.0008741486 0.94097185 1.8003218e-18 8.586352e-06 0.0007089235 2.5758476e-07 0.22918476 0.005355399 0.0014244393 0.00010543465 0.03367024 0.00019449984 0.03804599 2.205021e-06 0.0015455993 0.00014673066 1.7809117e-06 0.00023495306 0.1560502 0.00019104024 0.25865132 0.9212463 0.07294312 0.004393507 0.012104998 0.00079464185 0.0001562789 0.7425721 4.021321e-05 2.3694454e-05 5.1568248e-05 2.5430523e-05 0.27401692 0.40572637 6.905506e-05 0.00026681673 3.0605905e-05 0.043375958 2.8632587e-05 0.61467403 0.0003450123 5.6246957e-08 0.04643775 0.02757854 0.14415468 0.000108304725 0.0033833594 5.147089e-06 0.00013164534 0.0007438543 7.206281e-05 0.26293632 1.9008893e-07 1.1182321e-05 5.7540226e-05 0.16827868 0.0013941791 3.6931885e-07 4.7613416e-06 4.5093666e-06 0.0006254627 6.278738e-05 5.62659e-06 0.032187365 4.4973845e-06 7.2530993e-06 0.38090658 0.00055563496 5.454123e-06 3.1885775e-05 3.6909792e-06 1.1869098e-06 1.0714306e-07 3.5141763e-06 0.25939664 0.00017647873 0.0003276876 0.05528347
0.029032633 0.00035987774 0.32304534 0.00012749554 0.00014131324 1.8089311e-06 0.00083033025 1.2215153e-06 0.00039605473 1.4753473e-05 2.4198705e-05 0.747335 0.0005022301 0.96137804 0.27091053 4.42696e-07 3.916431e-06 0.020370422 0.26582474 8.893792e-07 0.00030201385 1.3570153e-05 0.0004736009 1.2621769e-07 7.847154e-06 8.586352e-06 2.7883623e-17 0.96189773 0.85694474 4.2979136e-06 1.1192548e-06 7.28065e-07 0.0002552065 6.5936666e-07 0.08689646 1.7676913e-06 0.27620682 2.219406e-07 0.007246259 0.13447446 1.936852e-08 3.7430877e-06 2.0800206e-08 2.9126755e-05 3.934665e-05 0.00012809933 4.1903385e-07 0.0029203636 0.0627196 1.6306437e-07 7.5780076e-06 3.0072465e-07 6.0341614e-07 1.4614793e-07 6.897488e-07 1.400816e-06 6.9825154e-07 4.318372e-07 6.4790875e-08 4.2567876e-06 1.367648e-07 0.000142878 2.7068936e-06 2.0732298e-06 2.5680438e-10 0.00021111549 9.65812e-08 0.0003551664 5.3398617e-07 0.036366623 0.06832221 4.7240025e-07 2.8864265e-06 0.2530797 0.00018782678 0.042969603 0.06776677 8.394091e-06 2.3137693e-07 1.6816575e-06 0.1451427 5.612937e-07 0.9129632 0.09802482 4.7274525e-06 2.4485377e-07 2.072112e-07 1.2186954e-05 1.4552311e-06 7.723131e-06 0.08954636 4.619057e-09 2.4124543e-06 1.1635706e-05 2.2967028e-07 5.9487974e-07 1.14767424e-07 5.351728e-06 2.4818695e-07 1.3219121e-08 1.1705848e-07
0.49165967 0.00043823858 0.49770615 0.00048867817 0.00036373705 1.5365666e-05 0.019847954 1.3418817e-06 0.0049534896 0.00017336647 0.0010774697 0.4711489 0.00064566446 0.9617405 0.034525868 3.895201e-05 1.126749e-05 0.34925082 0.8915452 4.724406e-06 0.013218045 3.264488e-05 0.015399415 2.2493657e-07 0.0012869933 0.0007089235 0.96189773 3.1937666e-16 0.52326214 4.2479125e-05 2.0648692e-06 6.468681e-07 0.00010316655 4.446231e-06 0.8831203 9.04701e-06 0.08887178 3.5835367e-07 0.001861524 0.013834794 2.5751392e-08 0.00014156036 2.9703731e-08 0.0045188637 0.0036627227 0.010172109 1.2225012e-06 0.101191476 0.68539643 9.114294e-07 0.0010281022 2.3492278e-06 2.754018e-07 2.6586707e-07 1.8084135e-06 2.1907164e-05 5.0980245e-05 4.7500303e-06 4.7209064e-06 9.396473e-06 1.5144094e-06 4.602362e-05 0.00012166278 8.699537e-06 4.1637955e-09 0.0055593792 1.5586555e-06 0.0055606067 1.3493589e-05 0.14388081 0.35649326 1.0649319e-06 1.6577313e-06 0.4449001 0.0018049919 0.4178311 0.030875131 2.009746e-06 3.2834887e-06 3.1964462e-06 0.17745349 9.1529506e-07 0.39434636 0.62507904 2.5591242e-05 1.9564719e-07 2.8872773e-06 1.8205654e-05 7.000805e-07 0.00015042989 0.47551826 9.494082e-09 1.6820569e-06 6.5693326e-05 4.778199e-08 6.565888e-07 9.867526e-08 8.105377e-05 1.9268543e-07 1.7655498e-08 7.826706e-06
0.012610852 0.00013423695 0.22161834 0.00011682233 0.00029929428 7.5170584e-07 0.000121289166 3.394134e-06 7.379594e-05 5.959052e-07 4.6079612e-07 0.9418486 0.0020440854 0.57649964 0.8581106 2.9538592e-08 3.3643082e-06 0.002062493 0.053058226 9.835851e-07 0.00010486556 5.0761544e-05 6.1554354e-05 4.6103304e-07 3.1825832e-07 2.5758476e-07 0.85694474 0.52326214 7.431819e-17 6.428863e-08 1.4956366e-07 1.0386643e-07 8.5935484e-05 1.1038339e-07 0.007335788 1.0894101e-07 0.95492554 1.7312392e-08 0.13178422 0.7336307 1.0377621e-09 1.1309717e-06 2.8079352e-08 8.453539e-06 1.0373926e-06 1.8127173e-05 7.30563e-08 0.00056279026 0.009470085 3.7227082e-07 1.8812192e-07 1.2546425e-07 2.5926954e-07 2.0369725e-06 8.739547e-07 6.087314e-07 8.410637e-08 2.2707357e-07 4.1836437e-08 7.56704e-07 2.0474477e-07 0.007281269 4.0306145e-06 4.5913234e-07 2.2306883e-09 7.37031e-05 5.926577e-07 0.0006268639 5.7454546e-08 0.0725615 0.006597775 2.1467157e-07 1.4377801e-07 0.005542907 5.7413603e-05 0.0032691844 0.33298713 0.00013451453 1.7749355e-07 1.4741441e-06 0.009332899 7.539516e-07 0.8331898 0.06560429 1.5079465e-05 8.0629384e-08 2.1087821e-08 7.426402e-05 3.7047099e-07 2.6277317e-05 0.09889893 1.7551313e-08 3.0000194e-07 1.565603e-07 2.5021162e-08 2.4533529e-05 1.3286259e-06 4.6650075e-06 4.0805453e-08 6.880516e-08 1.5026392e-07
0.57756853 0.012920859 2.1909702e-06 0.0015202374 0.00046675044 0.14143582 0.0022954748 0.05248114 0.00133149 0.16621652 0.108731315 4.3705822e-06 0.00034421237 8.451693e-06 2.9339344e-06 0.8447046 0.0028044072 1.7680057e-05 2.8500266e-05 0.033591747 0.00072761736 0.02035267 3.1184856e-05 0.14128199 0.015801268 0.22918476 4.2979136e-06 4.2479125e-05 6.428863e-08 9.553748e-18 0.6433943 0.38956374 0.00012786034 0.9740596 1.903458e-05 0.9401963 2.755066e-07 0.47883117 0.00015662864 2.1117455e-07 0.21294308 0.79094213 0.085260116 0.002597046 0.032312445 0.00038792126 0.6090662 0.00039348882 5.3623822e-05 0.0025504131 0.09363358 0.040754575 0.014296586 0.0063128537 0.013746781 0.48851883 0.026843306 1.3897008e-05 0.00041131597 6.2180497e-06 0.33058277 5.4615452e-06 0.36568502 0.0002470352 0.0009502322 0.00185796 0.1867133 0.003498706 1.574898e-05 7.399537e-05 1.135421e-06 0.00038670935 0.0075552342 1.2364842e-05 0.008082884 3.4010984e-07 3.9701257e-07 0.0003401621 0.17430417 0.058236003 9.7343346e-08 1.5322981e-05 1.0081139e-06 4.715478e-05 5.679699e-06 0.0014005323 0.21816462 5.0109276e-07 5.4014312e-05 0.016930047 0.00017716369 0.0007817739 4.700914e-06 2.5325983e-06 2.2959366e-05 8.1369384e-05 4.960855e-05 0.100150384 3.7063815e-05 0.015618854 0.16595843
0.79456973 0.00045526362 3.7796093e-07 3.9854483e-05 0.000121177014 0.044642527 3.172096e-05 0.04119449 2.658585e-05 0.0061343913 0.0019491272 8.055265e-07 0.0005028325 1.943361e-06 1.5832219e-06 0.0942555 0.0030669968 6.455742e-06 2.9855448e-06 0.11801805 2.373557e-05 0.18495756 1.2137386e-06 0.64547336 0.00022638135 0.005355399 1.1192548e-06 2.0648692e-06 1.4956366e-07 0.6433943 3.9837953e-18 0.941774 0.0001266771 0.70291024 3.7359817e-07 0.87551117 5.29313e-07 0.94989914 2.7624696e-05 1.972622e-07 0.862258 0.42361945 0.7481991 4.1206276e-05 0.0011976099 1.7518329e-05 0.78747886 2.6001635e-05 4.402627e-06 0.04141836 0.0035992651 0.65453714 0.42312708 0.04361403 0.3372353 0.29279888 0.0005037985 9.2329583e-07 0.0007388153 2.4358617e-06 0.3137137 1.3404236e-06 0.07113136 0.00014562724 0.021360861 0.00018400952 0.242228 0.00018368692 1.998927e-06 1.4300055e-06 8.959757e-08 0.001303195 0.0133167105 3.9574793e-06 0.0009873466 9.280098e-07 1.0755375e-06 0.008240327 0.06969766 0.055772208 3.1899198e-08 0.0017147289 4.4239718e-07 4.862507e-06 6.3068087e-06 0.10444537 0.20367019 1.1532121e-06 0.00069895416 0.002226558 1.5484526e-05 0.047438525 1.0114022e-05 3.2482228e-06 0.00028508162 0.0057355957 0.0010139557 0.02722435 5.7578272e-05 0.054933842 0.14438151
