1.11012135e-30 0.055191796 0.05633918 0.7774841 0.054696575 0.7802774 0.06814908 0.59202313 0.006323009 0.01195996 0.77495956 0.018713051 0.480071 0.005486562 0.6315592 0.59841645 0.925507 0.0017381712 0.43524677 0.03259033 0.18944049 0.104980536 0.487453 0.007709697 0.88595665 0.0006275102 0.7117237 0.00024145258 0.9394029 0.84362155 0.0015374881 0.32622844 0.0007655359 0.65322405 0.116978504 0.932604 0.0015841277 0.009821215 0.9277048 0.36747298 0.94026774 0.95037025 0.06718157 0.9700988 0.9655433 0.98013073 0.9498535 0.052787952 0.9776707 0.49789122 0.82479435 0.005032657 0.20753026 0.00375235 0.55981225 0.07133915 0.31765226 0.87671906 0.9847588 0.95456326 0.000101312966 0.05100285 0.20469397 0.057389073 0.920906 0.39484367 0.99524224 0.00068530545 0.3887145 1.9992749e-05 0.14621265 0.1489003 0.7559593 0.30876413 0.99649084 0.99876124 0.8047978 0.00034621116 0.9872254 0.12720473 7.326697e-07 0.999407 0.9939459 0.999724 0.9966897 4.897734e-06 0.9977294 0.6956756 0.99918914 9.5556425e-05 0.05634246 0.9999696 0.9952431 3.0408847e-07 0.93817306 1.36662975e-05 1.4235931e-07 2.379933e-07 0.018253796 0.9973486 0.9914777
0.055191796 4.902898e-19 0.8831865 0.68032455 0.061917707 0.27319047 0.06953583 0.08661472 0.37869617 0.6800764 0.12742187 0.034545448 0.019961702 0.1954468 0.0091343345 0.007988065 0.07188564 0.070513345 0.023291936 0.11527115 0.0019042362 0.003148427 0.0028054009 0.01906019 0.027135346 0.06036593 0.00654458 0.035347413 0.0008141006 0.001477317 0.0068130987 0.0010402267 0.0070583457 0.009711725 0.00036935922 0.008871975 0.0072321994 0.00017615034 0.0030077961 7.174887e-05 0.0016008843 0.0033034415 0.0018924488 0.0029552204 0.0014229437 0.003001097 0.011128135 7.4841766e-05 0.0039669643 3.8672206e-06 0.00034105213 4.5652094e-05 0.00014518655 0.0043238676 0.00048410296 0.0017680015 6.131882e-05 0.00057288277 0.00024440244 0.000121657686 0.010737308 4.7615554e-06 5.0952904e-06 0.0001877478 0.00041686458 0.00020450642 0.0053097466 5.3173804e-05 0.00021373754 1.2327977e-05 5.244726e-07 9.9079e-07 0.0002787461 7.090648e-05 0.00053332257 0.0017977568 5.40191e-05 7.650731e-08 0.00040710557 5.728344e-05 0.0049810647 0.0034821455 0.0004330518 0.0012366888 0.0006421847 0.00064374006 0.0008473948 0.000101635036 0.00090526766 4.515165e-05 1.8799601e-07 0.0009851223 1.0882529e-06 0.0014199655 7.323426e-06 0.0011694072 3.1037887e-06 4.1624126e-06 2.5460982e-05 0.0042702258 6.4799184e-05
0.05633918 0.8831865 2.754044e-20 0.33861086 0.26611897 0.74186367 0.030582353 0.23790886 0.18955141 0.296138 0.40050527 0.05100643 0.0013481254 0.11965001 0.0006771993 0.0006508827 0.18962005 0.052129496 0.03502671 0.026655504 0.0008819575 6.410664e-05 0.0006195637 0.008933607 0.017821573 0.03993301 0.009259449 0.019733097 0.00011045506 0.0004707462 0.0025388692 0.00070124824 0.0019150814 0.020069098 6.650124e-05 0.005610053 0.0011941133 1.6130101e-05 0.008299523 7.780386e-06 0.005438031 0.01131083 0.00037236427 0.009976071 0.0036054698 0.010250937 0.0071464283 2.661851e-06 0.009179557 9.562182e-08 0.00023264668 3.3577594e-06 2.3101138e-05 0.0006928422 2.7982707e-05 0.0001418271 6.1549913e-06 0.00024077012 1.7888566e-05 3.619184e-05 0.0019410822 1.678318e-07 1.6609177e-07 1.27659105e-05 0.00023578873 7.102062e-06 0.018568436 3.9659008e-06 6.495449e-05 8.0236305e-07 5.1811988e-08 6.495122e-08 3.239201e-05 2.0728837e-06 0.0010723369 0.0005107373 3.7391342e-06 1.9223144e-08 0.00010367341 5.2159896e-07 0.0001549415 0.007902503 3.500725e-05 0.0013887729 0.0015459385 1.7765446e-05 0.0012905705 1.0273068e-05 0.0042595756 2.4609014e-06 2.7067799e-08 0.0046343207 3.9197883e-07 7.7859724e-05 8.86097e-07 5.722149e-06 2.745225e-07 1.1481346e-06 2.0939228e-06 0.0034831516 1.2716882e-05
0.7774841 0.68032455 0.33861086 2.9700734e-19 0.11369107 0.3666972 0.9053257 0.30455142 0.17719899 0.598568 0.16545501 0.016632875 0.62938327 0.045029864 0.35828158 0.32616678 0.18072267 0.010968417 0.030332657 0.638689 0.00027418073 0.11317364 0.1437955 0.0004934352 0.28073084 0.058658876 0.006248846 0.06692291 0.021406587 0.013011263 0.00015287346 0.00016867493 9.4423536e-05 0.10481618 1.3670588e-05 0.2674758 0.076570265 1.371343e-05 0.028320504 2.6631008e-06 0.002617762 0.043970123 0.02750166 0.0130035095 0.005235876 0.06752086 0.06989442 3.0264757e-06 0.12505466 8.758031e-08 0.00031416514 6.256216e-07 2.977491e-05 0.012876355 0.001871302 0.0029323106 5.6067715e-06 0.008302594 0.006387999 7.329326e-05 0.00936949 6.378857e-08 5.925947e-08 0.00013331966 0.00029144692 0.0003710049 0.07900239 0.00024076532 0.00016913336 6.3854645e-07 4.7808154e-08 2.1883797e-07 5.0308863e-05 0.00017526692 0.0010706014 0.008828247 4.7887424e-06 1.753342e-07 0.0002998399 0.00020097615 0.0004084071 0.07869618 0.0024151017 0.05542347 0.003503377 1.2957909e-07 0.016085107 0.0007795817 0.019170655 0.00033044923 5.541994e-08 0.0058519947 6.224508e-07 2.2850004e-06 2.3637173e-07 0.0006419113 2.9978644e-08 2.4762969e-07 5.173958e-05 0.008612082 0.0005173445
0.054696575 0.061917707 0.26611897 0.11369107 3.3189063e-21 0.79657406 0.038756732 0.9259901 0.0133260675 0.013827592 0.11782298 0.02619414 0.005490344 0.017506773 0.00269205 0.0022351253 0.16170585 0.0022974545 0.12247525 0.019387912 0.00719445 0.009119468 0.015546764 0.005719894 0.2097304 0.00064077915 0.037033644 0.0003529031 0.0015445283 0.020651286 0.00019047993 0.005003279 3.949413e-05 0.21875705 0.0018779035 0.096806295 0.00042208462 0.0024821006 0.056770094 0.0003911241 0.024145136 0.04045546 0.0008015747 0.025838664 0.04366109 0.0382832 0.14207548 7.223345e-05 0.057741918 2.0365853e-05 0.0037768548 4.3615946e-05 0.008606861 0.00018067812 0.003251766 0.00027848277 0.0016913118 0.009289463 0.000542883 0.0016788663 0.00010399226 3.4396985e-06 9.885819e-06 2.7196622e-05 0.0063893753 0.0006112661 0.0736215 2.0917491e-06 0.002366414 7.1127847e-06 8.0652194e-07 5.555917e-06 0.0023596624 0.00035281663 0.0031414041 0.008296578 0.00074160687 2.9331816e-06 0.006420059 0.00010644923 3.9137576e-06 0.04399719 0.0027425839 0.0054813116 0.020468676 2.1882419e-05 0.017598229 0.00035738447 0.02345725 1.1332147e-05 1.6606849e-07 0.022586979 1.6496137e-05 6.4159085e-06 1.873225e-06 1.2012483e-05 3.5611083e-06 5.0206318e-06 2.8981053e-06 0.015907425 0.000471651
0.7802774 0.27319047 0.74186367 0.3666972 0.79657406 1.5446495e-19 0.027647953 0.79756665 0.18674754 0.2359507 0.87423646 0.12067808 0.0016883338 0.15129228 0.00038092263 0.0002769379 0.7191367 0.036840357 0.29155558 0.020781938 0.010221889 0.000508817 0.0014381832 0.028631045 0.062334098 0.0309536 0.1089346 0.008360325 9.450181e-05 0.0013985921 0.0046621705 0.005144462 0.0019162506 0.12549728 0.00044219117 0.028251939 0.0011093332 0.00046083794 0.10153495 0.00011045211 0.033656564 0.08867657 0.00063566136 0.056458417 0.04688725 0.07230417 0.019365959 4.4793615e-05 0.051953424 5.0429026e-06 0.004889222 3.693379e-05 0.0016075853 0.00056098367 5.6428322e-05 5.516681e-05 0.00021203054 0.0005406606 3.2202857e-05 0.002611582 0.0008423381 2.2864892e-06 2.5556988e-06 6.5867625e-06 0.0040355166 4.390882e-06 0.21955407 3.101241e-06 0.0011876035 1.0628718e-05 1.0696813e-06 3.4064337e-06 0.0010778195 2.3941507e-06 0.009635032 0.0011913873 0.00022442991 7.407395e-07 0.002479387 1.7001698e-06 4.777933e-05 0.052048635 0.00013080149 0.0045220107 0.017426085 1.1032676e-05 0.0072546047 1.289451e-05 0.09604627 1.1761681e-06 2.74937e-07 0.10608462 4.517657e-06 9.734201e-05 9.1036253e-07 7.524192e-06 1.0025933e-06 3.6169563e-06 6.9891744e-06 0.01020737 4.9245355e-05
0.06814908 0.06953583 0.030582353 0.9053257 0.038756732 0.027647953 1.7509768e-21 0.04199407 0.023580026 0.059378915 0.029522128 0.008872656 0.7774352 0.0048253946 0.65265834 0.5890891 0.02790939 0.00058987475 0.04499429 0.1418154 0.00044711502 0.41935307 0.44522592 5.33348e-05 0.4142781 0.0007450066 0.0062541673 0.0016270905 0.07353641 0.081000865 3.261961e-05 0.0008159885 6.7670053e-06 0.077040106 5.9493766e-05 0.14667813 0.0066065965 1.3175719e-05 0.008827759 1.9906927e-05 0.0011221251 0.015122511 0.011224729 0.0038810016 0.003773183 0.022217602 0.07283681 1.4371469e-05 0.04198059 3.5093808e-06 0.00016281412 1.0702486e-06 3.977937e-05 0.005220176 0.006129131 0.0023148048 1.85172e-05 0.0123089105 0.009906658 4.090226e-05 0.00021039193 3.0258004e-06 2.5036536e-06 0.00012180013 7.097129e-05 0.0013808114 0.016693613 0.00014866485 1.8134799e-05 2.0416871e-06 1.314312e-06 3.784352e-07 3.8684062e-05 0.0006431896 4.210849e-05 0.009270404 8.793518e-06 2.2965946e-06 2.1676336e-05 0.0006427113 9.514337e-06 0.022880819 0.0027027964 0.041924335 0.0010888297 1.5409654e-06 0.016632313 0.0011260171 0.0023993875 0.00011083377 3.7950932e-07 0.00088713365 9.8807845e-08 9.603784e-08 2.9180064e-06 2.9060526e-05 3.5095832e-07 1.0862539e-06 2.6103078e-05 0.0020449376 0.00102055
0.59202313 0.08661472 0.23790886 0.30455142 0.9259901 0.79756665 0.04199407 4.925353e-20 0.03510136 0.045970555 0.37664515 0.036420118 0.00913589 0.027120788 0.0053652674 0.0037863185 0.47840464 0.0027261362 0.15573612 0.030004743 0.0049181767 0.005330894 0.0074939076 0.008784441 0.24842691 0.0034207054 0.04474637 0.0019002605 0.0010179747 0.006950848 0.0011027976 0.0017440316 0.00019885588 0.3977039 0.00025442376 0.23499939 0.0016566615 0.00047663623 0.109551504 2.2064121e-05 0.049442206 0.107189246 0.0013511056 0.053270627 0.050754655 0.07705863 0.19456075 1.0420208e-05 0.08898836 1.0665266e-06 0.0014412788 2.1915876e-05 0.0033739104 0.0014769403 0.0009530039 0.0003693041 0.00030473806 0.003914295 0.00087305094 0.0014353504 0.0008691522 3.12094e-07 5.4107056e-07 4.0874536e-05 0.0052768183 0.00018855219 0.26000944 1.4968367e-05 0.0015295839 1.0729839e-05 1.8580528e-07 2.30047e-06 0.00078833493 0.00010356116 0.007375963 0.0037863848 0.00031116753 7.097711e-07 0.004913285 1.9079416e-05 0.00022686114 0.17314902 0.0010467774 0.0154476175 0.030849783 4.500956e-05 0.02121813 0.00013686731 0.13915874 6.134666e-05 2.177363e-07 0.09118792 1.3758925e-05 2.8514538e-05 2.2130198e-06 0.00010091173 2.6408318e-06 8.2604865e-06 6.0010807e-06 0.016372627 4.9984807e-05
0.006323009 0.37869617 0.18955141 0.17719899 0.0133260675 0.18674754 0.023580026 0.03510136 2.1817053e-20 0.78946453 0.30194092 0.22927189 0.0060790307 0.8203186 0.0017069171 0.0013996424 0.09951289 0.8940994 0.019706918 0.03768424 0.023813667 0.00030596173 0.0005010241 0.1729224 0.0037413177 0.42896137 0.015372257 0.17600124 0.00022987598 5.8487727e-05 0.058022946 0.0022421365 0.11817644 0.0019870976 0.0006438287 0.0011936749 0.0074484115 0.00046282317 0.00137331 9.23693e-05 0.0014880806 0.0013206389 6.944941e-05 0.002451464 0.00052253157 0.0004927028 0.0004966576 3.0271814e-05 0.00022888786 5.271099e-06 0.00049301493 7.055276e-05 0.0001309539 0.00025210605 0.00021602635 5.4499298e-05 2.3798537e-05 3.4705186e-05 7.118404e-06 0.00018710665 0.06047507 9.463453e-06 7.200644e-06 1.714043e-05 3.813197e-05 3.746893e-05 0.00046245524 1.1103122e-05 6.036401e-05 0.0003624095 4.542821e-07 2.9040787e-06 7.3741205e-05 8.506568e-06 0.0001696343 4.252229e-05 5.6582576e-06 5.1571025e-08 1.6476028e-05 8.892062e-07 0.0068663904 0.0001735615 1.8942046e-05 3.10623e-05 8.8686626e-05 0.011071586 1.000631e-05 1.4437607e-06 0.00025854402 4.1715084e-06 6.149892e-08 0.0001952579 1.4410898e-07 0.009445799 1.1446363e-06 6.169393e-05 7.8980946e-08 1.2851038e-07 2.4521688e-07 0.00016110983 8.444494e-07
0.01195996 0.6800764 0.296138 0.598568 0.013827592 0.2359507 0.059378915 0.045970555 0.78946453 3.9416765e-20 0.32522106 0.043708716 0.046122413 0.58949095 0.016991489 0.013380406 0.036669515 0.6277596 0.0034721673 0.4401204 0.0005639812 0.0020586061 0.00097012514 0.0074715186 0.006324185 0.7394861 0.0009808887 0.8379116 0.00036742428 9.1609756e-05 0.00492248 0.0001039748 0.020587698 0.0006863827 8.1787e-05 0.0012842751 0.15200192 4.3330954e-05 0.00036200418 6.2941667e-06 4.7736612e-05 0.00048564273 0.0012403268 0.00018411274 6.599354e-05 0.0002400287 0.000671051 1.657944e-05 0.00020593454 2.1296079e-07 1.6112497e-05 1.4665833e-06 2.848024e-05 0.0025515298 0.00013315382 0.0003544592 1.7999225e-06 2.0758642e-05 2.3867977e-05 2.0174598e-06 0.43348467 1.3325647e-06 4.88108e-07 1.3889722e-05 6.041293e-06 4.2869535e-05 0.00030075005 1.2312279e-05 3.9242223e-06 3.1703992e-05 2.7786381e-08 2.4908408e-08 4.6201e-06 3.6209272e-05 4.0833467e-05 7.788601e-05 3.7694508e-07 2.3201505e-09 2.7399144e-06 4.281415e-06 0.077152304 0.0005205994 1.0325431e-05 7.734117e-05 4.495562e-06 0.0026249832 4.2737374e-06 1.8566614e-06 0.001140847 0.00042453044 1.0094243e-08 0.00010905209 5.592152e-09 0.008531827 8.877644e-08 0.0044322964 1.2214685e-08 7.3146516e-08 2.5087159e-06 0.00010050546 7.124784e-07
0.77495956 0.12742187 0.40050527 0.16545501 0.11782298 0.87423646 0.029522128 0.37664515 0.30194092 0.32522106 4.827148e-17 0.64014167 0.0019470139 0.5216603 0.0010532194 0.00053829345 0.8604232 0.13316679 0.8288975 0.042564247 0.81562316 0.00022586487 0.00034342724 0.5997873 0.02600478 0.021203488 0.79003423 0.0060588624 0.00018694362 0.00043304102 0.06924537 0.5529144 0.030972868 0.04957566 0.16652352 0.008128504 0.0010714369 0.012390482 0.12972866 0.014673438 0.2612531 0.08277461 0.0010143421 0.24989668 0.0853473 0.039616782 0.0061791115 0.0055316743 0.016777372 0.0021758003 0.054048844 0.0021712442 0.010655502 0.00089077227 0.00011725474 0.0003223406 0.0018002779 0.00042006938 5.3295953e-05 0.029044274 0.00046706657 0.00032575266 0.00050241064 5.4250827e-06 0.025500935 3.8135244e-05 0.09414204 8.320051e-06 0.0028101779 0.0010003367 7.333969e-05 1.7900906e-05 0.002378656 8.997064e-06 0.08008408 0.0008260628 0.0020035782 3.0083425e-05 0.011897318 6.176881e-07 3.4835637e-05 0.046170533 0.00016004569 0.0012294737 0.037027527 0.000121853336 0.0036401434 1.2008784e-05 0.14115088 7.455436e-06 1.0443328e-05 0.33032146 0.0006072393 0.0003780579 6.641872e-05 2.5472904e-05 9.755556e-07 4.155832e-06 6.30449e-05 0.013675752 3.053241e-05
0.018713051 0.034545448 0.05100643 0.016632875 0.02619414 0.12067808 0.008872656 0.036420118 0.22927189 0.043708716 0.64014167 1.1382329e-18 0.00095148676 0.7065172 0.00028541105 0.00022226734 0.10506653 0.18976662 0.27581772 0.00093043275 0.902149 1.2436521e-05 0.00030324474 0.9136314 0.0042876997 0.004739481 0.2747881 0.0008743725 5.2928728e-05 0.0003393626 0.18451795 0.12727278 0.103503995 0.035295255 0.120341204 0.0070135826 0.0011709924 0.26139864 0.027187763 0.065349706 0.076238096 0.009275972 8.083794e-05 0.053583138 0.02650198 0.005727539 0.0006966147 0.031210806 0.0014733894 0.014424327 0.037733197 0.08598321 0.030194627 0.00041126893 0.00019483158 5.4601318e-05 0.0122258365 7.23726e-05 5.160547e-06 0.017077498 0.0009681879 0.0052057486 0.0028669403 1.2906628e-05 0.014581654 4.7451094e-06 0.005777582 1.0535721e-05 0.0050585084 0.04243951 0.0020807302 0.0012571902 0.004369795 2.8087057e-05 0.012203382 0.00036799573 0.0023383023 0.00040744894 0.00417055 5.4142906e-06 3.3998826e-05 0.0010196342 2.6487352e-05 7.6915065e-05 0.008173944 0.0024149914 1.0376613e-05 2.5936897e-05 0.0010418629 5.853918e-05 4.123446e-05 0.004229155 0.002384733 0.000399705 0.0015226736 5.7254847e-06 4.5960325e-05 9.752283e-05 2.4721453e-06 0.0015525946 1.1735972e-05
0.480071 0.019961702 0.0013481254 0.62938327 0.005490344 0.0016883338 0.7774352 0.00913589 0.0060790307 0.046122413 0.0019470139 0.00095148676 1.6873084e-18 0.0015091106 0.7518494 0.7649485 0.002743115 0.0011967685 0.0025008237 0.5991951 1.426417e-05 0.94048935 0.6138396 9.831284e-05 0.14259881 0.0012915949 0.0005370538 0.0018400322 0.38368836 0.14142366 0.00012290124 2.310206e-05 5.8421498e-05 0.0074161356 7.851031e-06 0.055703267 0.12999322 4.7227663e-06 0.0012934095 2.9304892e-06 2.8672126e-05 0.0015113103 0.51074994 0.00016389246 0.00046832123 0.0024882425 0.06797593 2.6428022e-06 0.012587362 1.097944e-07 5.239844e-06 1.0714281e-06 2.7348122e-05 0.29711384 0.034447026 0.24815737 1.0547402e-05 0.060194403 0.09446285 3.7338532e-06 0.0007252723 3.0335886e-07 1.778799e-07 0.019892039 2.5591196e-05 0.0063010016 0.0047316477 0.014905313 4.7887308e-05 3.1331028e-06 7.743426e-08 5.508629e-08 1.6650443e-05 0.0037842856 1.2090234e-05 0.02708111 5.8697157e-07 3.9758396e-07 4.644439e-05 0.0016193087 4.1521424e-05 0.014325274 0.0176459 0.10446499 0.0005399778 8.515515e-07 0.015408642 0.0033543818 0.0012925802 0.05602022 3.3558757e-07 0.00038712853 1.6590457e-08 2.930974e-07 4.3734463e-08 0.0028708542 6.09545e-08 4.808807e-07 0.00015642816 0.00269508 0.0014904132
0.005486562 0.1954468 0.11965001 0.045029864 0.017506773 0.15129228 0.0048253946 0.027120788 0.8203186 0.58949095 0.5216603 0.7065172 0.0015091106 1.6196437e-19 0.0007773126 0.000695541 0.11217081 0.8770531 0.15315509 0.007384265 0.39674437 9.153166e-06 0.00079299946 0.890866 0.002370066 0.09942099 0.1870051 0.022827316 0.00029589882 0.00047218593 0.5570757 0.058855303 0.61910856 0.0026932426 0.03856899 0.000835579 0.0070605334 0.018224625 0.0031899293 0.018146513 0.02359309 0.00081313064 3.0277848e-05 0.017612105 0.0012037107 0.00055364956 0.00031207246 0.00259812 0.00015869181 0.001590703 0.010353948 0.005951985 0.0014748409 0.00038612745 0.00062874623 1.1838638e-05 0.00091858394 0.00016475658 1.2074149e-05 0.0031117543 0.0026785706 0.00070997217 0.00035319015 7.118818e-06 0.001352022 6.092068e-06 0.0003623157 2.8317131e-06 0.00043944453 0.05936587 0.00010383737 2.2825034e-05 0.00058084755 6.792927e-06 0.0014063866 7.709785e-05 9.826803e-05 1.1715955e-05 0.00031228532 1.474874e-06 7.478933e-05 0.00019462655 7.933417e-06 2.3095345e-05 0.00035528975 0.02496826 4.5876445e-06 5.3061117e-06 0.00014372777 7.367681e-05 3.3133877e-06 0.0006954799 8.224751e-06 0.0024217488 8.3153915e-05 6.188252e-06 5.4577285e-06 1.50737715e-05 1.5579563e-07 0.00014554978 4.147241e-06
0.6315592 0.0091343345 0.0006771993 0.35828158 0.00269205 0.00038092263 0.65265834 0.0053652674 0.0017069171 0.016991489 0.0010532194 0.00028541105 0.7518494 0.0007773126 7.1889936e-19 0.95095867 0.0016510403 0.00043753325 0.002310191 0.22344527 9.46394e-06 0.6310233 0.7745559 2.0335634e-05 0.35120332 0.00041115304 0.000256899 0.0005982752 0.37925926 0.26216263 1.5920394e-05 1.1250159e-05 1.7256374e-05 0.011239908 3.52928e-06 0.10338209 0.021850778 6.4748374e-06 0.001118404 9.090022e-07 2.808529e-05 0.0018542382 0.16565368 0.00011170539 0.00015585724 0.0043258783 0.14750096 5.817082e-07 0.02272398 2.6890167e-08 2.1513613e-06 9.963939e-07 4.853427e-06 0.06281652 0.028199416 0.036520276 3.203306e-06 0.09397201 0.10099317 3.1507334e-06 0.00016661237 7.217557e-08 2.6993916e-08 0.00205398 1.0084597e-05 0.0048002903 0.009229557 0.004039945 1.0181115e-05 1.8385359e-06 1.9189368e-08 1.1563861e-08 4.638439e-06 0.0008212641 2.6311245e-05 0.035692737 2.7882967e-07 5.319054e-07 1.32224695e-05 0.0007717281 1.5306432e-05 0.027175765 0.01758266 0.20941801 0.0007102675 8.2680003e-07 0.03561433 0.0022941725 0.003022272 0.016997267 2.0326169e-07 0.0008764576 1.1005958e-08 1.4984005e-07 2.753336e-08 0.0006259075 3.4544847e-08 1.6160557e-07 1.8526685e-05 0.0023839632 0.0011560956
0.59841645 0.007988065 0.0006508827 0.32616678 0.0022351253 0.0002769379 0.5890891 0.0037863185 0.0013996424 0.013380406 0.00053829345 0.00022226734 0.7649485 0.000695541 0.95095867 2.8868992e-18 0.0010823688 0.00028077132 0.0015891406 0.23439217 5.124393e-06 0.6753186 0.79906964 1.8064648e-05 0.27949962 0.00027229465 0.00020730856 0.00039691041 0.42357722 0.2816809 1.7606762e-05 7.4340296e-06 1.7393673e-05 0.0076254746 2.259256e-06 0.07319853 0.02247846 2.8303416e-06 0.00074071315 5.7259456e-07 1.9462092e-05 0.0012478607 0.2303693 6.465e-05 0.00014069979 0.003080569 0.13879019 4.5249158e-07 0.01558415 1.4347987e-08 1.4818472e-06 5.2614286e-07 3.1679524e-06 0.08608815 0.032323953 0.05938162 1.8979774e-06 0.0926593 0.116065234 2.0650348e-06 0.00010989828 4.7194344e-08 2.0936051e-08 0.00407682 6.274264e-06 0.006513463 0.0066729444 0.0063252705 6.3151147e-06 1.993973e-06 1.4195902e-08 5.7869802e-09 2.9553244e-06 0.0011000445 1.27939065e-05 0.035967544 9.957749e-08 4.4478782e-07 8.628742e-06 0.00077405176 1.1246771e-05 0.019291697 0.017322933 0.17745402 0.00036250698 7.949991e-07 0.030022817 0.0026823028 0.0021357208 0.023224486 1.4453455e-07 0.0005263178 7.200832e-09 1.6168758e-07 2.378872e-08 0.0006469459 3.0152744e-08 1.5258948e-07 1.5693851e-05 0.0011867894 0.0013361662
0.925507 0.07188564 0.18962005 0.18072267 0.16170585 0.7191367 0.02790939 0.47840464 0.09951289 0.036669515 0.8604232 0.10506653 0.002743115 0.11217081 0.0016510403 0.0010823688 1.8617486e-17 0.015329728 0.9515809 0.007765061 0.03773239 0.00029924576 0.001600443 0.027316136 0.107240476 0.006742356 0.5497164 0.0015389447 0.0002141946 0.0017717927 0.0055110836 0.0327433 0.001837471 0.38154215 0.0013771174 0.15687278 0.0004296201 0.0007869851 0.33546793 0.00041220424 0.26401547 0.26418483 0.001313276 0.3088169 0.21650553 0.16611439 0.051934186 0.00017814331 0.1059426 9.147549e-05 0.012874758 0.000112433976 0.0018962128 0.00041938748 0.00014709718 0.00015676986 0.0004529845 0.0008436578 0.00012286362 0.018876813 0.0012227993 1.2254271e-05 3.0801708e-05 3.810732e-05 0.015429184 8.548612e-06 0.37918115 1.0575826e-05 0.0017998249 1.741892e-05 7.753646e-06 1.3478765e-06 0.0025709334 2.2974633e-05 0.07010268 0.0015453261 0.002395583 1.3341325e-06 0.013951048 3.5244302e-06 0.00084164314 0.13248514 0.0002224024 0.011377081 0.10255866 2.0040377e-05 0.014944421 1.0818874e-05 0.19714794 1.5357784e-05 8.460963e-07 0.37395266 0.0002774833 6.8584544e-05 9.197695e-06 4.022441e-05 2.6673479e-06 3.6922713e-06 3.244452e-06 0.02260812 1.600914e-05
0.0017381712 0.070513345 0.052129496 0.010968417 0.0022974545 0.036840357 0.00058987475 0.0027261362 0.8940994 0.6277596 0.13316679 0.18976662 0.0011967685 0.8770531 0.00043753325 0.00028077132 0.015329728 7.997177e-18 0.011865116 0.010484178 0.028266635 4.78627e-05 0.000113499016 0.3692028 0.00013760994 0.5612682 0.007675554 0.19756992 0.00018746458 0.00012833225 0.31755614 0.0022954254 0.7452872 0.00014969188 0.00076851016 4.0536608e-05 0.0019449816 0.0002112317 0.000710087 0.00047391062 0.0015301289 0.00023791811 7.3464995e-05 0.0016102383 0.00017386998 4.8649214e-05 3.1094012e-05 0.00011403086 1.4389488e-05 4.2717715e-05 0.0008050608 0.00015660415 1.9028683e-05 0.00015756486 0.0009772799 9.083447e-05 1.2832692e-05 0.0003288619 4.056225e-05 0.00038570107 0.024556896 3.6077843e-05 2.165229e-05 8.889472e-06 8.997017e-05 3.050613e-05 5.397662e-05 2.0324584e-05 8.378367e-06 0.010773531 2.9478988e-06 1.4395135e-06 2.6032578e-05 3.710502e-05 0.00019551636 6.534991e-05 3.6366541e-06 2.8109764e-06 2.4245355e-06 1.727431e-06 0.0064818417 4.424617e-05 2.3682143e-05 1.7906726e-05 3.8146227e-05 0.03498771 7.36248e-06 3.3182816e-05 0.00016021429 7.372264e-05 7.652483e-08 0.00035697705 2.1444548e-07 0.0197425 2.5344345e-06 9.2260496e-05 7.793479e-06 1.6197357e-05 3.2013347e-07 0.00015408391 9.090192e-06
0.43524677 0.023291936 0.03502671 0.030332657 0.12247525 0.29155558 0.04499429 0.15573612 0.019706918 0.0034721673 0.8288975 0.27581772 0.0025008237 0.15315509 0.002310191 0.0015891406 0.9515809 0.011865116 5.920463e-17 0.003510916 0.23499016 0.00037441213 0.0026670326 0.116769716 0.1093029 0.0009800392 0.92517716 0.00026299292 0.00030484126 0.0023719927 0.0075930045 0.43539122 0.0028344612 0.36897123 0.095156655 0.06430461 0.00022334293 0.019634278 0.38713536 0.010537686 0.48879534 0.20791599 0.00039004965 0.42262775 0.3740148 0.16503465 0.042421613 0.0050335475 0.10311844 0.0018196596 0.09894717 0.0022405193 0.11314822 0.000626666 0.0010102344 0.0004689181 0.023057604 0.0017725625 3.638557e-05 0.036066912 0.0015578049 0.0015554378 0.0012189116 4.4896e-05 0.12681432 6.511872e-05 0.21737783 1.638935e-05 0.04536608 0.000369482 0.00037717415 0.0009943738 0.037822872 0.00014064558 0.07354065 0.0016792802 0.012415759 3.813986e-05 0.119726025 3.098229e-06 0.0008739661 0.06713765 0.0004208603 0.0021139889 0.1868339 0.00061702076 0.006967287 1.3512339e-05 0.087431654 4.0671443e-05 5.442925e-06 0.17138538 0.008998742 0.00141205 0.0005571308 4.8188707e-05 3.5895875e-05 8.322381e-05 4.6637908e-07 0.056396276 2.0243837e-05
0.03259033 0.11527115 0.026655504 0.638689 0.019387912 0.020781938 0.1418154 0.030004743 0.03768424 0.4401204 0.042564247 0.00093043275 0.5991951 0.007384265 0.22344527 0.23439217 0.007765061 0.010484178 0.003510916 6.0563004e-20 3.1821524e-05 0.3301093 0.050154448 8.000628e-06 0.037318695 0.038489584 0.0013534379 0.13069902 0.09372224 0.012603403 4.658374e-06 0.00021426265 5.2473424e-05 0.0028704354 3.322116e-05 0.011762018 0.94645137 6.246558e-05 0.0009850927 4.962357e-06 4.8704926e-05 0.0016519933 0.41854665 0.00031011438 0.00041518395 0.0019180927 0.008145265 2.9995475e-05 0.0027072567 6.4828856e-07 0.00023929228 3.1028887e-06 0.00015116202 0.542899 0.005425189 0.05892282 2.1227625e-05 0.004429847 0.0235424 5.976297e-05 0.11040417 1.0255332e-05 4.080293e-06 0.0011045734 5.3845823e-05 0.00072890706 0.0017682974 0.032439984 4.6733585e-05 1.3082114e-05 4.792285e-07 2.5523425e-06 2.2412672e-05 0.0005976129 0.0009921729 0.002556728 1.7800337e-06 1.6601028e-08 5.9569327e-05 0.00043029647 0.039329983 0.0063361716 0.0028690174 0.012274728 9.0754795e-05 1.1664482e-05 0.00083767896 0.00085724384 0.0022800986 0.22851369 1.7847056e-07 0.00055424677 1.4115047e-07 0.000107068445 9.86087e-07 0.13559783 2.8247218e-08 2.4579052e-07 9.847112e-05 0.00011661673 0.00017896954
0.18944049 0.0019042362 0.0008819575 0.00027418073 0.00719445 0.010221889 0.00044711502 0.0049181767 0.023813667 0.0005639812 0.81562316 0.902149 1.426417e-05 0.39674437 9.46394e-06 5.124393e-06 0.03773239 0.028266635 0.23499016 3.1821524e-05 5.2607066e-18 1.921705e-05 2.8249418e-05 0.8306004 0.0005882361 0.00056512555 0.4548371 5.7995563e-05 3.0828699e-06 0.00015964734 0.19957094 0.54036534 0.06848414 0.0064479313 0.57068837 0.00019703066 0.0004311679 0.6892906 0.010622118 0.5205206 0.10260451 0.0038460633 7.327984e-05 0.05361841 0.008634332 0.0026856877 0.0006967878 0.39089945 0.0005055402 0.21214104 0.094352834 0.47041425 0.033857305 0.0002622266 5.226088e-05 1.5429358e-06 0.050610036 9.466097e-06 1.4443478e-07 0.056514226 1.3510818e-05 0.15367275 0.07711692 7.998561e-06 0.020525975 8.183901e-06 0.0035762533 2.1243613e-06 0.015595188 0.03545968 0.04131788 0.0056774495 0.01119376 8.376174e-07 0.029519666 0.00016347537 0.015438825 0.0065011196 0.011417515 1.0590472e-05 1.5147315e-06 0.0016294788 7.1783705e-07 0.0001189261 0.010679873 0.00045410672 0.00015998831 2.183586e-06 0.0017471072 9.568862e-06 0.0016702052 0.015409495 0.0073345746 0.00019191694 0.0054838085 7.9943686e-07 0.00020353628 0.00024802453 7.5133935e-06 0.028970977 1.5652166e-05
0.104980536 0.003148427 6.410664e-05 0.11317364 0.009119468 0.000508817 0.41935307 0.005330894 0.00030596173 0.0020586061 0.00022586487 1.2436521e-05 0.94048935 9.153166e-06 0.6310233 0.6753186 0.00029924576 4.78627e-05 0.00037441213 0.3301093 1.921705e-05 3.9949136e-21 0.77908236 7.785018e-06 0.13296777 0.00015946034 1.7620705e-05 0.000488866 0.6439086 0.47239658 2.1498425e-05 9.085451e-06 2.7215588e-05 0.0038525884 2.9415125e-06 0.016273923 0.045943156 3.809827e-07 8.164393e-05 3.0384237e-07 8.541636e-06 0.00029254187 0.68731385 1.9603644e-05 3.896009e-06 0.0006675146 0.10365357 7.2908574e-07 0.0034675826 1.0077217e-08 3.382346e-06 2.738974e-08 1.1512418e-06 0.41937095 0.29542652 0.6234576 5.055279e-07 0.18273778 0.18926942 6.543297e-07 3.2750715e-05 5.4848925e-08 1.722041e-08 0.20908001 8.7395887e-07 0.085409775 0.0006170005 0.07373544 2.1150332e-07 3.1077914e-07 1.7981723e-08 3.5187736e-10 3.2081167e-07 0.1418288 8.173678e-07 0.067635186 8.6237804e-08 1.13603555e-07 1.6480017e-07 0.014666631 1.9100627e-05 0.0025265866 0.031173442 0.04216566 1.045391e-05 1.5454695e-07 0.007561952 0.013576692 0.000111450114 0.043314278 6.504904e-08 1.328164e-05 7.6263923e-10 3.0737295e-09 4.1549043e-08 0.0023662131 9.129347e-08 3.354221e-07 0.0012571029 2.0206806e-05 0.0039384044
0.487453 0.0028054009 0.0006195637 0.1437955 0.015546764 0.0014381832 0.44522592 0.0074939076 0.0005010241 0.00097012514 0.00034342724 0.00030324474 0.6138396 0.00079299946 0.7745559 0.79906964 0.001600443 0.000113499016 0.0026670326 0.050154448 2.8249418e-05 0.77908236 5.989814e-18 0.00036952517 0.6689392 0.0001440776 0.00024195535 0.0002721908 0.8809477 0.8918924 0.0002503902 4.5022527e-05 5.2642896e-05 0.017801663 1.0961456e-05 0.15723753 0.0034721163 1.1938591e-05 0.0009791037 1.4827463e-06 2.3343797e-05 0.0013231995 0.09911513 0.00011213404 9.174099e-05 0.003235058 0.45356685 4.195307e-06 0.030611066 9.346806e-08 8.07024e-06 1.2024697e-06 8.0281125e-06 0.04363194 0.15359429 0.051188286 4.1299413e-06 0.2900687 0.14977701 5.787083e-06 1.393773e-05 2.6209193e-07 1.5682181e-07 0.0044374983 1.4968225e-05 0.022958996 0.00645308 0.004778113 7.815905e-06 4.441556e-06 1.4034349e-07 1.2117064e-08 9.443438e-06 0.00627139 2.5658814e-05 0.14107606 1.3236101e-06 8.783296e-07 7.146455e-06 0.0031363256 7.370566e-06 0.021162843 0.04058211 0.22076935 0.00031186035 6.8368545e-06 0.0898997 0.0043209223 0.0011550332 0.0044663455 7.666036e-07 0.00030807717 7.64548e-08 3.1809762e-08 2.0196129e-07 9.4962474e-05 4.732475e-07 2.026096e-06 0.000110320834 0.00052401546 0.0029698652
0.007709697 0.01906019 0.008933607 0.0004934352 0.005719894 0.028631045 5.33348e-05 0.008784441 0.1729224 0.0074715186 0.5997873 0.9136314 9.831284e-05 0.890866 2.0335634e-05 1.8064648e-05 0.027316136 0.3692028 0.116769716 8.000628e-06 0.8306004 7.785018e-06 0.00036952517 3.269261e-20 0.00046327713 0.0025917168 0.28158718 0.0003583889 9.360802e-06 0.000114205315 0.7886211 0.18142752 0.5168154 0.00012849722 0.23771536 7.9199845e-06 0.00069683697 0.36228648 0.0013047216 0.21914428 0.030228544 0.00043029402 2.9883378e-05 0.015614312 0.0012581445 0.00022552501 1.9772984e-05 0.17857464 1.1170192e-05 0.08612533 0.03688994 0.37985918 0.008242997 6.0852075e-05 0.00017366151 9.881525e-07 0.012755702 2.2876848e-06 4.1871826e-07 0.017549258 1.7225084e-05 0.08648183 0.04143528 3.8549365e-06 0.0039709895 1.5189511e-06 0.0001357034 3.1293777e-07 0.002257851 0.5538118 0.023685183 0.0053147567 0.0025682 1.3300405e-06 0.0069227885 6.3183106e-05 0.0021220199 0.01010909 0.0017699264 5.266507e-06 1.5261837e-06 6.921257e-05 5.4488225e-07 1.0492673e-05 0.0015073384 0.002970691 1.3440539e-06 1.0369832e-06 0.00014977084 1.5439073e-06 0.0033537196 0.0004177303 0.0016192554 0.00034560089 0.0056156437 8.683643e-07 0.00039962665 0.0015645351 6.949305e-07 0.00055671245 7.5205835e-06
0.88595665 0.027135346 0.017821573 0.28073084 0.2097304 0.062334098 0.4142781 0.24842691 0.0037413177 0.006324185 0.02600478 0.0042876997 0.14259881 0.002370066 0.35120332 0.27949962 0.107240476 0.00013760994 0.1093029 0.037318695 0.0005882361 0.13296777 0.6689392 0.00046327713 6.2184093e-16 0.00044103427 0.010010834 0.0008677422 0.09879933 0.5573433 0.00011014747 0.00049252494 2.8833465e-05 0.5654118 8.22889e-05 0.89773434 0.0036972524 0.00010985145 0.054144632 8.509119e-05 0.0061085643 0.09126487 0.027787719 0.016306883 0.020837318 0.19290921 0.8337142 0.00022179917 0.53345585 6.8189224e-06 0.0007290225 2.1583757e-05 0.0003096359 0.0073976573 0.03722641 0.0104957875 6.38661e-05 0.052384224 0.041340105 0.00030903972 0.00052236265 1.9210234e-05 2.017253e-05 0.0016085416 0.0014102263 0.0073077637 0.17123239 0.0017822201 0.00043933032 3.879727e-05 1.2714905e-05 8.132411e-06 0.00035740217 0.0034891246 0.003669143 0.05422462 4.8171845e-05 4.20633e-05 0.00086674886 0.0017729994 0.00015985272 0.417086 0.010561299 0.5298434 0.02696004 3.6946083e-05 0.38412 0.0019547276 0.12347854 0.00025713502 5.298835e-06 0.023698792 3.0032832e-05 2.1980945e-06 1.1667465e-05 0.00029332266 3.2567576e-05 0.00019356316 0.00010555508 0.04868161 0.0033366727
0.0006275102 0.06036593 0.03993301 0.058658876 0.00064077915 0.0309536 0.0007450066 0.0034207054 0.42896137 0.7394861 0.021203488 0.004739481 0.0012915949 0.09942099 0.00041115304 0.00027229465 0.006742356 0.5612682 0.0009800392 0.038489584 0.00056512555 0.00015946034 0.0001440776 0.0025917168 0.00044103427 1.0398656e-18 0.0004028036 0.8193748 4.910851e-05 6.0713824e-05 0.0052660797 0.00021953606 0.030654624 0.0002449611 7.5465454e-05 5.115801e-05 0.009957845 0.00020158502 0.00025580204 3.8918188e-05 1.6664597e-05 0.00074911927 2.3084334e-05 0.00015286164 0.00011755671 0.0002780006 3.960215e-05 5.8613474e-05 2.0597136e-05 4.940513e-06 3.30467e-05 2.5142836e-05 3.3477245e-05 7.092468e-05 0.0002609662 6.836122e-05 9.786257e-06 1.0531291e-05 5.497141e-06 1.7494605e-05 0.3544495 1.7266497e-05 1.4420521e-05 8.8371835e-06 2.833949e-05 4.3839464e-05 0.0005899333 2.5469868e-05 1.5491218e-05 3.6194568e-05 1.1791578e-06 3.455968e-06 9.806211e-06 2.0863692e-05 2.4756146e-05 0.000102573315 1.2703094e-06 2.2477937e-07 5.3539793e-06 1.1877065e-05 0.03659267 0.0022097176 2.8812909e-05 2.319142e-05 0.00020129974 0.021402167 2.2883009e-05 5.457591e-05 0.016321298 2.1812997e-05 6.729787e-08 0.005877157 8.5219284e-08 0.04259873 1.3445641e-06 0.0017097617 2.7978433e-07 1.445462e-06 4.100249e-06 0.0001534488 1.0567489e-05
0.7117237 0.00654458 0.009259449 0.006248846 0.037033644 0.1089346 0.0062541673 0.04474637 0.015372257 0.0009808887 0.79003423 0.2747881 0.0005370538 0.1870051 0.000256899 0.00020730856 0.5497164 0.007675554 0.92517716 0.0013534379 0.4548371 1.7620705e-05 0.00024195535 0.28158718 0.010010834 0.0004028036 5.630843e-17 0.00013545749 5.9263624e-05 0.00021622545 0.015575368 0.7147772 0.00233682 0.09855468 0.39327177 0.011195629 0.00016400676 0.093830615 0.25135675 0.20836262 0.63374704 0.08009641 0.00045152364 0.47556704 0.24346666 0.04424755 0.008721702 0.0796553 0.021305146 0.06887213 0.3164674 0.007470696 0.27401832 0.0006701461 0.00019823671 5.6558976e-05 0.18734652 0.00049447385 8.926623e-06 0.22469288 4.7572143e-05 0.003518647 0.0039745453 7.921192e-06 0.24439162 6.6340504e-06 0.11818367 6.4895753e-06 0.08073342 0.00074502116 0.0011199537 0.003041081 0.06875053 1.079102e-05 0.2603146 0.00072053535 0.0754426 3.927377e-05 0.11364379 5.8110163e-07 9.321401e-06 0.031141974 0.000115944174 0.00156889 0.22484595 7.777482e-05 0.0029349783 2.7665965e-06 0.08788579 0.00012221166 5.1151477e-05 0.43303594 0.030863278 8.0775055e-05 0.0011305626 1.3888371e-05 1.3406609e-05 3.7767415e-05 1.4700013e-06 0.03273839 3.230413e-06
0.00024145258 0.035347413 0.019733097 0.06692291 0.0003529031 0.008360325 0.0016270905 0.0019002605 0.17600124 0.8379116 0.0060588624 0.0008743725 0.0018400322 0.022827316 0.0005982752 0.00039691041 0.0015389447 0.19756992 0.00026299292 0.13069902 5.7995563e-05 0.000488866 0.0002721908 0.0003583889 0.0008677422 0.8193748 0.00013545749 1.2543461e-18 3.5884204e-05 0.000105398765 0.00039215962 5.4188185e-05 0.00381896 6.75459e-05 3.3863147e-05 8.923511e-05 0.066853575 8.016441e-05 0.00010191554 1.8017334e-05 4.53402e-06 0.00019207495 0.00039296885 1.7952501e-05 5.619466e-05 9.3682196e-05 0.00016270454 1.9242249e-05 3.249895e-05 8.3301927e-07 6.4300584e-06 8.476918e-06 9.8369055e-06 0.0008324571 0.00013358895 0.0002599302 3.6815857e-06 1.2293072e-05 1.07996175e-05 5.860836e-06 0.6013226 2.4371932e-06 2.741391e-06 3.446428e-05 1.1821489e-05 3.9343795e-05 0.0008111413 3.0981475e-05 7.1536488e-06 2.5140473e-06 2.196706e-07 2.032307e-07 6.066078e-06 8.208449e-05 1.8897985e-05 0.00011421304 5.3243525e-07 1.6366981e-07 1.7553975e-06 3.4623004e-05 0.09502402 0.0045683063 4.1160754e-05 0.00014868243 9.202745e-05 0.0032481456 6.3000734e-05 6.901411e-05 0.013483606 0.00081040594 1.1778928e-07 0.0009488409 1.4660866e-08 0.011667325 5.4141174e-07 0.016530547 2.2907793e-07 5.2928124e-07 5.4559437e-06 0.000109184555 1.703415e-05
0.9394029 0.0008141006 0.00011045506 0.021406587 0.0015445283 9.450181e-05 0.07353641 0.0010179747 0.00022987598 0.00036742428 0.00018694362 5.2928728e-05 0.38368836 0.00029589882 0.37925926 0.42357722 0.0002141946 0.00018746458 0.00030484126 0.09372224 3.0828699e-06 0.6439086 0.8809477 9.360802e-06 0.09879933 4.910851e-05 5.9263624e-05 3.5884204e-05 4.4538723e-16 0.9417749 1.7926292e-05 1.8836635e-06 1.9709802e-05 0.004816549 4.494441e-07 0.04482845 0.007703741 7.6266992e-06 0.00034287744 1.858689e-07 5.8796795e-06 0.0005308954 0.37055227 4.0455274e-05 7.168602e-05 0.0023514582 0.29778215 1.9886318e-07 0.013612078 3.009309e-09 5.6057925e-06 8.3910214e-07 3.6071767e-06 0.22050801 0.244938 0.26617658 1.7528998e-06 0.3404353 0.51890796 1.277791e-05 2.910149e-05 1.1603408e-08 4.504825e-09 0.06295906 3.5281748e-05 0.063260175 0.0052624755 0.036235046 4.0309333e-06 4.6452074e-06 1.059002e-08 1.9509894e-08 2.799745e-06 0.027122153 7.4315314e-05 0.25953662 1.6494546e-07 2.8931993e-07 1.6199921e-05 0.010819762 1.4849531e-05 0.030974107 0.13709597 0.27881238 0.00046196065 1.1339524e-06 0.05597058 0.020388134 0.0014443934 0.02488284 1.4150953e-07 0.00050878007 5.8730496e-08 4.138998e-08 3.2609961e-09 0.00041904926 1.4130077e-07 1.4571907e-06 0.00084658107 0.0010116891 0.011188643
0.84362155 0.001477317 0.0004707462 0.013011263 0.020651286 0.0013985921 0.081000865 0.006950848 5.8487727e-05 9.1609756e-05 0.00043304102 0.0003393626 0.14142366 0.00047218593 0.26216263 0.2816809 0.0017717927 0.00012833225 0.0023719927 0.012603403 0.00015964734 0.47239658 0.8918924 0.000114205315 0.5573433 6.0713824e-05 0.00021622545 0.000105398765 0.9417749 5.950801e-18 0.00026427693 4.166549e-05 6.477503e-05 0.03972644 2.016509e-05 0.30803153 0.0014116643 5.3892672e-05 0.0024660632 5.211751e-06 2.4673724e-05 0.0028789216 0.034535453 0.00016729049 0.0006371945 0.011532007 0.71082604 2.7140446e-05 0.12178709 6.8654685e-07 1.520958e-05 4.1799112e-06 1.8973597e-05 0.017619194 0.22332765 0.023722438 6.376145e-06 0.37787005 0.33493322 7.6581055e-06 7.633081e-06 1.3536114e-06 1.0835141e-06 0.0030630068 2.817164e-05 0.025309928 0.014742223 0.003433087 2.066202e-05 3.752436e-05 5.6582815e-07 1.6679671e-07 9.084134e-06 0.008502752 0.00016586819 0.36246327 1.1450991e-06 5.5483033e-06 8.792009e-06 0.0047800164 8.7161625e-06 0.06446021 0.07776391 0.40570801 0.0006075513 7.419741e-05 0.27690008 0.009257992 0.0044410694 0.0024743262 1.2315126e-06 0.0008537027 3.1699489e-07 7.9068184e-07 1.2852136e-06 0.0001394659 6.3144453e-06 2.8473669e-05 0.00043197296 0.0022299124 0.007328142
0.0015374881 0.0068130987 0.0025388692 0.00015287346 0.00019047993 0.0046621705 3.261961e-05 0.0011027976 0.058022946 0.00492248 0.06924537 0.18451795 0.00012290124 0.5570757 1.5920394e-05 1.7606762e-05 0.0055110836 0.31755614 0.0075930045 4.658374e-06 0.19957094 2.1498425e-05 0.0002503902 0.7886211 0.00011014747 0.0052660797 0.015575368 0.00039215962 1.7926292e-05 0.00026427693 1.9489133e-20 0.017978039 0.8198308 5.760562e-05 0.022112885 1.4412218e-05 0.0008230565 0.028785476 0.00044435626 0.0386297 0.009705008 0.00014850176 1.5843004e-06 0.0060645742 0.0002837582 6.025278e-05 0.00010138431 0.019794071 1.4223974e-05 0.00877831 0.007503033 0.03071438 0.0010616141 4.2421575e-06 0.00019197204 1.1323423e-06 0.0011597984 5.8015696e-05 2.4122266e-06 0.0038135643 3.9238126e-05 0.012626021 0.005180325 1.5168333e-06 0.0011735088 8.172194e-06 2.7662236e-05 5.429754e-07 0.00043262684 0.58884853 0.0040951734 0.00050618814 0.0003862153 4.643299e-06 0.0008278752 3.541602e-05 0.00015920278 0.0013747849 0.00053784595 2.9321639e-06 2.1404627e-05 3.050857e-05 8.197871e-07 1.1178487e-06 0.00023285666 0.005190329 1.8631231e-06 4.6832187e-07 4.747773e-05 4.2967636e-07 0.00067221286 0.00025683848 0.00025346281 0.000859125 0.0012847871 2.233212e-06 0.00019289514 0.0005678895 6.992281e-08 0.00050258846 6.4768014e-06
