4.6173105e-29 0.9644353 0.79497963 0.05534031 0.9227438 0.07729503 0.32164046 0.27489677 0.039398666 0.5449845 0.6298727 0.31593648 0.09979921 0.32541916 0.29252788 0.76664037 0.9269223 0.9240434 0.011497065 0.9777187 0.42213663 0.018085198 0.7249761 0.00400798 0.23103203 0.14023153 0.9652479 0.93480927 0.9620502 0.38013119 0.34878996 0.94228566 0.003848371 0.6951116 0.02477334 0.32572442 0.955188 0.9429308 0.8145642 0.99329776 0.91283655 0.99817014 0.2751956 0.15572624 0.969355 0.027728196 0.030504989 0.08264728 0.012203244 0.0039857277 0.39056098 0.9957318 0.64888674 0.98648757 0.8810385 0.00013670111 0.00017935944 0.04617658 0.0031833863 0.8688374 0.8131691 0.852188 0.6098641 0.43160495 1.8670959e-05 0.2230502 0.48064262 0.010480929 0.068615235 0.16570294 0.96120644 0.98801094 0.00045978086 0.004831344 0.04828116 0.9908075 0.0011936453 0.6824956 5.14007e-06 1.7894562e-06 0.996609 0.9990352 2.4295456e-05 0.046341866 0.30459538 0.9997526 0.0015587352 0.99051386 0.99880904 0.07749621 0.82690185 0.005871869 0.99993443 4.6446118e-07 6.94393e-08 8.908566e-08 2.0252816e-07 0.0033347672 0.9999432 0.92865777 0.99892986
0.9644353 1.6800332e-16 0.31675643 0.79831445 0.048370514 0.6642872 0.8080616 0.78758025 0.6481993 0.7561375 0.753437 0.5053126 0.14921902 0.189869 0.16029833 0.2838106 0.011485712 0.47907165 0.03493444 0.60978293 0.041311435 0.040548645 0.010059633 0.02188853 0.0073837196 0.0010567656 0.013602526 0.007189389 0.050790496 0.0015698919 0.0011194401 0.29377064 0.0014277999 0.00094269094 0.02421721 0.0007385874 0.052642036 0.00022694729 0.0005063089 0.25987434 0.0005305171 0.13205804 0.00011996828 0.00018285828 0.0011400178 0.00045156115 0.0003370524 0.0002878189 0.0011935058 0.2789447 3.3781023e-05 0.02131264 8.169152e-05 0.024281688 0.0009977961 0.00026962944 0.007473247 1.9091183e-06 0.0047506224 0.0004192107 0.00027820352 2.191548e-05 7.991908e-05 0.00014380374 0.005874028 5.303382e-07 3.369974e-07 1.3816294e-05 1.836426e-06 1.406946e-07 0.0005746592 0.0015341361 0.0001818243 0.00013168853 1.02179115e-07 0.0010601607 6.439924e-05 9.5173906e-05 6.341394e-05 0.0005445371 0.00022839221 0.016976336 5.034798e-05 3.780427e-09 4.4220847e-06 0.013264617 2.6345506e-06 1.0400838e-05 0.001924603 7.851436e-06 3.4036927e-06 0.0001193985 0.012158473 0.00012613136 7.924815e-07 8.000578e-07 4.1454373e-06 2.6760475e-07 0.010791589 5.5105806e-07 0.0011872558
0.79497963 0.31675643 7.428714e-21 0.08569975 0.9715901 0.03736761 0.40262616 0.02953209 0.06583443 0.58625793 0.12050554 0.040305037 0.21587889 0.21806715 0.011488002 0.19052857 0.096454285 0.040982377 0.09323094 0.14080451 0.03263465 0.03818972 0.05661915 0.016317382 0.024146004 0.014972886 0.08825489 0.010803641 0.35706833 0.008322809 0.061509095 0.58646333 0.007064383 0.0049118884 0.0050269226 0.0016728514 0.5326875 0.00016313461 0.015543829 0.5615288 0.002412464 0.12752292 0.0002805417 0.017736424 0.027986962 0.00013033058 9.940638e-05 0.0002856616 0.00013878236 0.002599177 6.940611e-05 0.16903654 0.00069516787 0.052270625 0.015503783 0.0016124697 0.0020349263 5.27637e-06 0.0002984924 0.008515017 0.0037235396 0.00013667127 0.006905552 0.005364539 0.00019385687 1.0670704e-05 1.929782e-05 4.8481024e-06 3.6964252e-06 1.1389613e-05 0.01588989 0.011459907 3.6758902e-05 9.098648e-06 1.377734e-06 0.02829405 1.0484721e-05 0.0021178178 5.814905e-06 4.6484132e-05 0.0019070368 0.1494738 0.0010310322 2.142998e-06 0.00055080466 0.019102173 0.00040349626 0.0006561043 0.07307475 0.00016564752 0.0002512125 0.00065635564 0.100063525 1.3734906e-07 0.00023831528 0.00017326069 8.714487e-07 7.398697e-07 0.022646964 2.5194873e-05 0.022731895
0.05534031 0.79831445 0.08569975 5.8065147e-21 0.016861849 0.7583684 0.57913774 0.7128669 0.9217564 0.27232617 0.3673204 0.26969463 0.012134708 0.15790811 0.15440807 0.2221402 0.0011154783 0.20613024 0.0032435504 0.20710714 0.14574446 0.004178999 0.05527872 0.0015238358 0.013997746 0.0007979978 0.024185123 0.014753918 0.0036527512 0.010756309 7.043216e-05 0.042694595 0.0006862194 0.017052282 0.030940097 0.0023231634 0.0027574752 0.002227756 0.00013705174 0.015306158 0.004504901 0.04528399 0.0006170261 0.00016146916 0.001022342 0.0013026036 0.0013073846 0.00076354615 0.004163171 0.06416951 0.0005549058 0.0018402534 0.0006715353 0.011624189 0.00077631837 2.4150659e-05 0.00027674835 3.121232e-05 0.0125043215 0.00064098823 0.002115711 8.0511185e-05 0.0001670268 0.00015395127 0.00015998966 4.808666e-05 8.7212306e-05 0.00014920629 3.0754953e-05 4.0947023e-05 0.0002929324 0.0010019564 0.0008542932 0.00023880419 6.0310813e-06 0.0005587305 0.00024594378 0.0003412586 0.00013055002 0.00059886347 0.00019022867 0.0017639395 2.7351045e-05 6.632377e-07 2.968203e-05 0.00178914 2.673776e-06 0.00022134866 0.0011791259 1.1498895e-05 4.0741647e-06 3.4233442e-05 0.0008538261 9.1045375e-05 2.2722122e-06 9.0290166e-07 1.2825426e-05 4.9982657e-07 0.0006330509 8.872905e-06 0.00026167126
0.9227438 0.048370514 0.9715901 0.016861849 1.5313444e-18 0.010133906 0.42480227 0.0037495438 0.011768577 0.048336666 0.008030185 0.0026937448 0.5649662 0.010650681 0.0013610254 0.0033417884 0.5561492 0.002871784 0.3745784 0.03551884 0.00067716313 0.31659734 0.0013610872 0.13876799 0.000538779 0.15608476 0.0017303143 2.8526207e-05 0.31687388 8.25013e-05 0.16789708 0.073926896 0.044515695 3.0357969e-05 0.00017021818 2.7939508e-05 0.12635125 3.5569485e-07 0.073188394 0.13357082 3.6972415e-05 0.009513375 8.227254e-06 0.05939499 0.047969572 9.903569e-06 1.17583895e-05 1.52018665e-05 1.0166484e-05 0.0043278984 2.5979537e-06 0.11516933 1.3729414e-06 0.004294257 0.014158068 0.011943638 0.022752086 5.4490357e-07 0.00020937852 0.0065144724 0.0001433069 6.1693925e-07 0.008737173 0.005996556 0.0023269893 3.1820264e-08 3.9821366e-08 6.226728e-07 1.0590511e-07 6.5713216e-08 0.009726278 0.00026976757 9.411935e-06 1.8776927e-06 8.780763e-08 0.0013893816 6.343133e-06 0.00015416651 4.0132163e-06 7.928921e-05 9.326025e-06 0.010863275 0.0013488822 7.17581e-09 6.5277245e-06 0.001427902 0.0023704765 3.4905022e-06 0.03584256 0.0016649404 0.00090725033 0.0044398415 0.21444666 2.3842415e-06 0.00012928304 9.937377e-05 2.7197254e-06 8.7553474e-07 0.0029075856 3.863954e-06 0.016257271
0.07729503 0.6642872 0.03736761 0.7583684 0.010133906 1.5173513e-21 0.31187093 0.9507629 0.63994104 0.1504401 0.4109553 0.41099378 0.0069015296 0.15021758 0.2882055 0.30716503 0.00029356865 0.29732084 0.0017947882 0.222391 0.18947071 0.0035245933 0.055540662 0.0014130746 0.025375867 0.00048248123 0.027158204 0.03894702 0.004078101 0.019448796 5.8094556e-06 0.027850788 0.00032428437 0.021191113 0.054403413 0.0021881931 0.0015130901 0.005532962 2.3204184e-05 0.0064957584 0.008558108 0.07843589 0.00090164423 3.309177e-05 0.00035578953 0.001440646 0.0013769978 0.00088146393 0.006930659 0.08176262 0.0023332038 0.0010375704 0.0025727202 0.016398301 0.0003538361 1.0301558e-05 0.00020963064 5.7078232e-05 0.020265872 0.00036996894 0.0032878807 0.00036919405 1.8849672e-05 2.8504752e-05 0.0001404006 8.509971e-05 7.716096e-05 0.00016261362 7.197023e-05 2.3002365e-05 0.00013308185 0.001379259 0.0017668977 0.00017155304 8.089365e-06 0.0012943256 0.00020466973 0.00040126248 0.00045163135 0.0012022508 0.00019107359 0.0024733164 2.0895333e-05 1.7679946e-06 4.4419223e-05 0.003078036 1.6342331e-06 0.0002450571 0.00071318814 1.9522886e-06 1.0726272e-06 2.1678301e-05 0.0006642679 0.00015287346 2.418981e-06 7.766438e-07 3.214067e-05 1.3045083e-06 0.0009099521 2.8635508e-05 0.000242922
0.32164046 0.8080616 0.40262616 0.57913774 0.42480227 0.31187093 3.3937442e-18 0.3280909 0.8581897 0.21774451 0.26610702 0.11422225 0.6331306 0.045973003 0.08054589 0.08318967 0.15528125 0.1846962 0.3151654 0.26438418 0.037021056 0.3740102 0.008838331 0.3273912 0.008299392 0.07529943 0.004371402 0.02934381 0.043278664 0.006289361 0.012906943 0.03465444 0.11272357 0.0032770603 0.09180062 0.0016391805 0.008418531 0.00037217024 0.004667295 0.02486278 0.0010052992 0.023309026 0.00028792347 0.00065644603 0.0065301126 0.0004167531 0.0003614353 0.0004682529 0.0038414886 0.5817253 0.00042845253 0.004304469 7.797073e-05 0.0042400854 0.0028012064 0.023559483 0.12639776 4.4348533e-05 0.04996921 0.0012388378 0.00084818073 2.3941724e-05 0.0016703287 0.00038468442 0.04483726 4.4989563e-05 8.449038e-05 4.1336913e-05 3.3101554e-05 1.95065e-05 0.00030926173 0.00017804193 0.006236749 0.00011424377 3.907187e-06 8.02406e-05 0.0005553783 3.936162e-05 0.0026351765 0.002862165 0.00011966982 0.0018301704 0.006961459 0.00011682434 2.9487579e-05 0.00090035325 8.73666e-06 0.00011668237 0.00039623817 4.3730775e-05 1.3872961e-05 0.0011163708 0.005952081 0.0019746502 0.0002067019 9.4429204e-05 0.00013239688 0.0006615653 0.006707605 1.4160146e-05 0.00053413195
0.27489677 0.78758025 0.02953209 0.7128669 0.0037495438 0.9507629 0.3280909 8.190271e-23 0.60974044 0.18265136 0.6050914 0.65878284 0.0029281566 0.20801584 0.44634414 0.45485723 1.7477078e-05 0.5122258 0.0005350616 0.36056158 0.34583354 0.0013670771 0.08867472 0.0009504053 0.039237253 1.8908007e-05 0.044838283 0.08298686 0.0025788653 0.024328921 2.3392043e-07 0.03414242 7.1272516e-05 0.015436506 0.09242029 0.0014484053 0.0016319125 0.0072066975 1.2332556e-06 0.00713311 0.0074013867 0.2599536 0.00028758787 2.9218716e-06 2.9542438e-05 0.0014649527 0.0009865062 0.00056477694 0.0114930635 0.17443211 0.0015255618 0.00044817038 0.0018471872 0.036938567 6.729239e-05 3.0119465e-06 0.00013656924 2.1546413e-05 0.031605892 5.4551194e-05 0.0024215549 0.00021021985 1.212244e-06 6.3295242e-06 0.00013255706 3.3450087e-05 2.6221494e-05 6.7748995e-05 3.9861818e-05 7.2419375e-06 4.8547714e-05 0.0023485785 0.0031727208 0.0001334051 3.3656045e-06 0.0013229306 0.00017579035 0.00052512 0.0009453179 0.0015017668 0.0003040031 0.0053437445 2.5761638e-06 5.7718677e-07 3.1696523e-05 0.0064875684 3.4797483e-07 8.384654e-05 0.00025022932 6.1830343e-07 1.0927752e-07 2.6347466e-06 0.00046094143 0.00020247343 2.0958737e-07 6.281471e-08 6.595365e-05 9.3369385e-07 0.0012298533 5.9757615e-05 0.000119636046
0.039398666 0.6481993 0.06583443 0.9217564 0.011768577 0.63994104 0.8581897 0.60974044 3.0818898e-20 0.12708178 0.3187318 0.26275343 0.015758801 0.08907746 0.1955411 0.14122859 0.0014448088 0.26430508 0.0035937293 0.21640213 0.12875833 0.0055893115 0.023193995 0.0028336772 0.011479152 0.0023449864 0.010090679 0.0138885435 0.0030700576 0.007580527 1.971202e-05 0.017796757 0.0008401399 0.01079725 0.08483602 0.0014628113 0.001456551 0.0012188976 0.0003571204 0.007185529 0.0019896354 0.029276676 0.000533566 0.00018411379 0.0015350399 0.0011889763 0.001010177 0.0007173256 0.010222739 0.435194 0.0007618965 0.0012554268 0.0002775045 0.0058320635 0.0010957522 0.00010817455 0.0014018359 3.0561514e-05 0.041376363 0.0015333835 0.0010580881 5.3901927e-05 0.00019314309 0.00015023978 0.0013663282 8.0384285e-05 7.840769e-05 0.0001835533 2.5306465e-05 4.2382613e-05 0.0003928186 0.0003862538 0.0036794767 0.00024163318 7.198152e-06 0.00033662035 0.0006486733 0.00033935157 0.0008988621 0.002084589 9.3517505e-05 0.002595058 3.8645347e-05 1.0829542e-06 4.431002e-05 0.00095674343 5.7930356e-06 0.0001783694 0.00032102055 9.295746e-06 5.898893e-06 8.4111234e-05 0.00053785776 0.0022148867 4.792333e-06 4.407252e-06 9.060138e-05 7.241018e-06 0.00065545895 3.346218e-05 0.0003236658
0.5449845 0.7561375 0.58625793 0.27232617 0.048336666 0.1504401 0.21774451 0.18265136 0.12708178 2.3201463e-20 0.92368877 0.11862451 0.0349573 0.81660277 0.03191924 0.541491 0.014169746 0.2807869 0.0076828483 0.7637692 0.09203086 0.0034022408 0.16525778 0.0015072335 0.061423365 0.0015148962 0.057088424 0.0282246 0.103793986 0.05356969 0.00394072 0.65612626 9.702689e-05 0.03262581 0.0125240255 0.008607547 0.268036 0.0010999364 0.0020849463 0.40326223 0.0069879293 0.15535386 0.0038066425 0.0017648364 0.0028610572 0.004412903 0.003573202 0.00496099 0.0011776616 0.0056310166 0.000572723 0.08813585 0.0010198199 0.029863367 0.002723827 1.0347995e-05 0.00037106342 0.000121712685 0.0011052856 0.0017314524 0.0067870673 0.00023962362 0.0008265068 0.00069020165 0.00011738363 1.5552916e-05 3.3946726e-05 6.742697e-05 1.9620364e-05 2.7093849e-05 0.0040302896 0.0048450036 5.379316e-05 3.671304e-05 5.8577402e-06 0.012710045 2.282031e-05 0.0016654145 9.509566e-06 8.781053e-05 0.0006115929 0.088329345 0.00011576617 1.0592875e-07 9.3503324e-05 0.023353018 2.0330843e-05 0.00022460916 0.011914583 3.8318136e-05 5.4915792e-05 6.412175e-05 0.021965455 6.882224e-07 3.156586e-06 3.0537346e-06 2.04915e-06 2.2409797e-06 0.018171407 3.8783446e-06 0.0039403294
0.6298727 0.753437 0.12050554 0.3673204 0.008030185 0.4109553 0.26610702 0.6050914 0.3187318 0.92368877 7.2764556e-19 0.49007747 0.017750423 0.82002074 0.09016681 0.6299917 0.0009124087 0.74425286 0.0035146663 0.6795116 0.15553834 0.0024137283 0.10151819 0.0012009336 0.046424277 0.00033005836 0.03599552 0.049482834 0.01344388 0.029397 0.0002330206 0.14593887 6.530069e-05 0.020280503 0.035173588 0.006422414 0.022802131 0.0036436392 0.000101213685 0.06609894 0.0073927874 0.2066943 0.0020168202 0.00013417359 0.0003056176 0.00500046 0.0046717753 0.0036176413 0.0039145923 0.050847296 0.00063708815 0.0074301073 0.0009511239 0.047087073 0.0006168013 7.776262e-06 0.0005978489 0.00015332621 0.005265397 0.00038028124 0.005581305 0.00023389314 4.1923173e-05 0.00015442137 0.00031159993 1.1159907e-05 3.3965964e-05 0.00012198599 2.8854565e-05 6.0645852e-06 0.00038708237 0.004405109 0.00034171334 7.279811e-05 4.290824e-06 0.012928927 4.9720136e-05 0.0027664849 6.4859465e-05 0.0005189755 0.0005364355 0.054345038 9.957522e-06 9.299203e-08 0.00011471551 0.02919925 2.855175e-06 0.00014906634 0.0017586467 1.5356094e-06 7.4031715e-07 1.0189051e-05 0.0037596931 9.468372e-06 8.9011667e-07 5.7879913e-07 1.6929545e-05 2.1486781e-05 0.014829804 6.0616687e-05 0.0011836715
0.31593648 0.5053126 0.040305037 0.26969463 0.0026937448 0.41099378 0.11422225 0.65878284 0.26275343 0.11862451 0.49007747 3.8093296e-20 0.004498955 0.10785482 0.9643738 0.6950968 2.8093218e-05 0.33394995 0.00064791343 0.22127016 0.58476734 0.0012094624 0.12857519 0.0007028142 0.101899065 4.6942882e-06 0.05889259 0.083853275 0.00531944 0.08399668 6.5490626e-06 0.05574493 8.482305e-06 0.016780958 0.07967627 0.0068457057 0.0040841317 0.0015797026 4.5085326e-06 0.021512913 0.0047033406 0.24247229 0.0010689935 7.6226347e-06 5.121889e-05 0.0041087163 0.0037040636 0.0024458994 0.007947693 0.10654235 0.0008660602 0.0017755384 0.00048204817 0.04703151 0.00021460865 1.4172284e-06 0.00017446511 8.612805e-05 0.012526616 0.0001249771 0.0031580152 4.592922e-05 1.5068114e-06 6.3880557e-06 0.00012282227 1.6592918e-05 2.6658512e-05 0.00015335869 2.2527767e-05 5.9402855e-06 0.00013304452 0.001485811 0.0012863092 0.0003207075 2.5074935e-06 0.0028714223 0.00017547932 0.0009971925 0.00045634186 0.00045319923 0.000113977585 0.0126257865 3.787708e-06 6.265207e-09 2.7002972e-05 0.0079324795 4.3686296e-07 2.182904e-05 0.00036749436 5.4050327e-07 1.8568092e-07 2.9377393e-06 0.00037039752 1.3778634e-05 3.7366405e-07 2.9240695e-07 4.0000432e-05 1.0417012e-06 0.0031457678 1.09069915e-05 0.00014712762
0.09979921 0.14921902 0.21587889 0.012134708 0.5649662 0.0069015296 0.6331306 0.0029281566 0.015758801 0.0349573 0.017750423 0.004498955 2.3799052e-17 0.0046063517 0.0035932562 0.001225638 0.61527634 0.007080553 0.8429439 0.031483978 0.0011060822 0.7254615 0.0006399975 0.54687124 0.0004208204 0.7128176 0.00043493393 0.00059097196 0.111236714 0.00031954495 0.16003266 0.0121220425 0.4720909 0.0006256539 0.0014522782 0.00015195961 0.013530476 3.913043e-05 0.13298246 0.012788492 6.64561e-05 0.0037259145 8.12402e-05 0.022060739 0.115969166 6.211308e-05 4.2153817e-05 0.00019168097 0.00026234012 0.010259353 0.000111224064 0.016358385 6.081048e-05 0.00029885815 0.012685377 0.10576531 0.023630025 3.541082e-05 0.0006640957 0.006812039 0.00010970455 3.6128178e-05 0.019983875 0.0045136614 0.0027576606 4.6721067e-05 1.8891209e-05 2.4998662e-05 6.579737e-06 3.4069908e-05 0.0063527473 0.00010209608 0.00010659622 2.7049855e-05 8.316901e-06 0.00012863381 3.4990397e-05 4.658217e-05 1.5276551e-05 1.7650793e-05 2.7601993e-05 0.00027767022 0.022877535 3.9066072e-07 1.4018217e-05 0.00033590072 0.0006363364 7.245775e-05 0.009908123 0.002736533 0.0006687565 0.021375034 0.06140312 4.817311e-06 0.0023242459 0.0026281418 1.2634011e-06 1.064172e-07 0.00062996766 6.7931495e-07 0.0046715476
0.32541916 0.189869 0.21806715 0.15790811 0.010650681 0.15021758 0.045973003 0.20801584 0.08907746 0.81660277 0.82002074 0.10785482 0.0046063517 4.8493043e-21 0.02905047 0.53643054 0.00083542685 0.8847537 0.0008752835 0.8521678 0.14720654 0.0007927956 0.5000417 0.00024648383 0.08182719 0.0005481745 0.19901341 0.06826387 0.022568623 0.08504151 0.00028050534 0.53860945 1.8312521e-05 0.072285675 0.016545113 0.01947094 0.06679618 0.009797691 0.00028003677 0.18661611 0.029722957 0.5162382 0.008344598 0.00038993885 0.0004948246 0.006849696 0.006744022 0.006648307 0.0021633033 0.0010582505 0.0030659293 0.018057106 0.00417771 0.07471296 0.0007189734 1.8021947e-06 4.834558e-05 0.00047765503 0.0010424675 0.0005464781 0.013426666 0.00060881156 0.00015321001 0.000110353656 8.699014e-06 0.00022256342 0.00021984572 0.00013159652 7.772181e-05 0.00015433671 0.0012993586 0.0052583115 4.2133197e-05 3.319674e-05 3.2940916e-05 0.036541745 4.153564e-05 0.003700134 6.586958e-06 6.16011e-05 0.00085117196 0.10122089 1.3515367e-05 6.562351e-07 0.0002796898 0.02289765 7.35104e-07 0.0006329595 0.004312399 3.9819734e-06 4.6377622e-06 6.8671816e-06 0.0025879627 1.273997e-07 1.0547628e-06 1.8557269e-06 3.829916e-06 1.1657298e-05 0.018915746 7.7659344e-05 0.0016234821
0.29252788 0.16029833 0.011488002 0.15440807 0.0013610254 0.2882055 0.08054589 0.44634414 0.1955411 0.03191924 0.09016681 0.9643738 0.0035932562 0.02905047 1.3079457e-18 0.51395404 6.830172e-05 0.2065689 0.00077799306 0.124891706 0.82990557 0.0008692339 0.046589766 0.00058996794 0.16194543 2.0235366e-05 0.032161538 0.097382545 0.0016724318 0.075132586 1.3007025e-05 0.01535843 3.143325e-05 0.022911241 0.3003255 0.025740119 0.0006056584 0.006682363 5.4872417e-06 0.007996155 0.011863125 0.15443477 0.0049608815 8.498669e-06 6.653023e-05 0.01721831 0.013680572 0.011968569 0.02281309 0.22123605 0.0033683502 0.00031644985 0.0033051118 0.043836787 9.806702e-05 3.9107617e-06 0.00024131447 0.0004925917 0.040528163 9.4445786e-05 0.0038003235 0.00039122332 4.1707926e-06 5.4261745e-06 0.00019823445 0.0001418405 0.00027808786 0.0011875882 0.00018205281 8.0538135e-05 0.00012641895 0.0054815966 0.004954182 0.0025140198 5.7280602e-05 0.004083275 0.0008303896 0.0013444438 0.0010938426 0.00082260335 0.001183839 0.010017132 5.0360245e-06 4.306959e-07 0.00021569368 0.012970689 7.6589333e-07 0.00046041026 9.373225e-05 4.6694603e-07 1.829904e-07 1.8332971e-06 0.0004630961 9.487105e-05 5.6616875e-07 1.7993413e-07 0.00010129403 1.1209334e-05 0.0024009545 6.29276e-05 0.00010625065
0.76664037 0.2838106 0.19052857 0.2221402 0.0033417884 0.30716503 0.08318967 0.45485723 0.14122859 0.541491 0.6299917 0.6950968 0.001225638 0.53643054 0.51395404 1.0401116e-18 5.831515e-06 0.5326395 0.00022643211 0.25008616 0.83338803 0.0002471872 0.6752658 0.00012350247 0.7057413 9.374498e-06 0.41420066 0.8203953 0.0014344295 0.7059342 4.77574e-06 0.19829506 1.1957359e-05 0.6003664 0.15671103 0.25475895 0.00974145 0.13737746 1.0038788e-05 0.05562797 0.1729982 0.47403592 0.064765304 1.26734185e-05 6.940451e-05 0.07527238 0.0843426 0.043226384 0.026975228 0.028462084 0.016730238 0.002036594 0.020842753 0.32856584 4.7012887e-05 5.699539e-07 2.5552663e-05 0.00093620934 0.022017032 7.2094976e-05 0.025388472 0.0029915245 1.6239139e-06 1.3260207e-06 2.9540788e-06 0.00023768317 0.00059532473 0.0005605689 0.00089271466 0.00018627215 2.292167e-05 0.045949377 0.0019908075 0.00040382615 0.0001628264 0.04746928 0.00024455634 0.006901776 0.00028431625 0.00040042438 0.015987499 0.120964676 1.4678167e-05 2.2744734e-06 0.00206396 0.13180184 1.517881e-06 0.003889368 0.00015283453 7.168684e-07 3.503236e-07 1.5637752e-05 0.00093933597 2.9330627e-07 9.6530475e-06 8.193795e-06 3.071875e-05 0.00012122395 0.051645145 0.00072288373 0.00010219252
0.9269223 0.011485712 0.096454285 0.0011154783 0.5561492 0.00029356865 0.15528125 1.7477078e-05 0.0014448088 0.014169746 0.0009124087 2.8093218e-05 0.61527634 0.00083542685 6.830172e-05 5.831515e-06 2.1239128e-18 0.00031397404 0.4453121 0.009194487 6.660701e-06 0.33060417 3.887617e-06 0.09890491 2.3885486e-05 0.9483043 1.4213806e-05 4.129288e-06 0.37484217 1.6493028e-06 0.727082 0.009021965 0.29068303 1.4025766e-06 1.669662e-05 1.5995626e-06 0.12243753 2.7539994e-07 0.61357546 0.08017458 7.3251533e-07 0.0014718404 6.510339e-07 0.30928808 0.6172731 1.0560028e-06 6.631662e-07 5.344521e-06 3.002371e-06 0.0005347009 1.686552e-07 0.14725763 2.3176165e-07 0.00027419068 0.1350408 0.027350206 0.013456777 5.116313e-07 9.220477e-06 0.09338312 1.1279293e-05 1.4780173e-07 0.15602337 0.039827026 0.0014289306 2.1761882e-07 2.689468e-08 9.938268e-07 2.0765917e-08 2.5014959e-08 0.06866878 2.1532218e-05 3.4581735e-06 3.1573961e-06 1.3269542e-08 3.7480724e-05 1.877581e-05 6.9985726e-06 9.470242e-06 1.590728e-05 1.9859056e-06 0.00023789972 0.020627793 1.3591159e-07 6.0087683e-07 0.00037341687 0.011505165 1.3525475e-07 0.12570223 0.011285283 0.005457227 0.43520382 0.6057278 6.5412537e-06 0.0023831334 0.004948914 6.950423e-06 1.750002e-06 0.0007987755 1.1474817e-07 0.05123958
0.9240434 0.47907165 0.040982377 0.20613024 0.002871784 0.29732084 0.1846962 0.5122258 0.26430508 0.2807869 0.74425286 0.33394995 0.007080553 0.8847537 0.2065689 0.5326395 0.00031397404 7.2915154e-19 0.00064962974 0.90949476 0.15436868 0.0005964921 0.40085366 0.00025430805 0.028177528 6.818399e-05 0.24236909 0.15626644 0.0042895256 0.013934222 5.7932877e-05 0.2537871 7.797359e-06 0.022619037 0.057265528 0.008544636 0.010029803 0.0068737483 2.9675082e-06 0.08572141 0.028138105 0.79644054 0.002475072 1.4852944e-05 9.263471e-06 0.0062452834 0.0056490353 0.0033994091 0.0044983523 0.07342875 0.00053360465 0.0016266832 0.00073875155 0.14352688 3.078905e-05 2.1181527e-06 0.0001447548 0.0001072024 0.0050299508 1.30917615e-05 0.0028039725 0.00015206746 1.1346492e-06 4.0105956e-06 8.367543e-05 3.9409024e-05 7.4720706e-06 5.456092e-05 1.4502762e-05 4.6399605e-06 2.6858068e-05 0.0050606946 0.00069401105 0.0003089737 2.1670583e-06 0.019701986 0.00015601472 0.001887016 3.8935003e-05 0.0001279473 0.0006825702 0.070994504 6.334869e-06 5.06359e-08 3.596201e-05 0.04567309 1.3239149e-07 0.000119583565 0.00066513644 2.6478892e-07 1.3137975e-07 1.0822712e-05 0.0022387851 2.5786227e-05 8.999132e-08 3.202975e-07 1.184347e-05 1.6194706e-06 0.059904076 0.000102912934 0.00020657478
0.011497065 0.03493444 0.09323094 0.0032435504 0.3745784 0.0017947882 0.3151654 0.0005350616 0.0035937293 0.0076828483 0.0035146663 0.00064791343 0.8429439 0.0008752835 0.00077799306 0.00022643211 0.4453121 0.00064962974 7.414376e-17 0.002330694 0.00013140765 0.6703276 0.00033908614 0.5721305 5.648679e-05 0.62443584 0.0005722098 0.0002557218 0.043646462 3.0425994e-05 0.06635323 0.0024664633 0.5486052 0.00049408525 0.0011756938 8.341283e-05 0.0038936862 2.1043597e-05 0.044315286 0.0023667908 1.8058776e-05 0.0003824565 1.3351182e-05 0.0041191466 0.018145734 4.1032712e-05 5.8774684e-05 4.3948723e-05 0.00011718955 0.001687109 7.869787e-06 0.0031591568 3.2480726e-05 1.5627584e-05 0.0016570749 0.1346009 0.014229242 2.5711468e-06 0.000400781 0.0009616539 1.3096045e-05 1.15762805e-05 0.0025667038 0.00069038826 0.0011362216 5.0541344e-06 1.6724533e-06 5.117839e-06 2.084731e-08 5.8306887e-07 0.0011340753 6.0961593e-06 6.791602e-05 6.36429e-05 3.8745405e-08 1.5444743e-06 5.657915e-05 4.5642906e-07 1.2989868e-05 5.972983e-06 3.6098713e-06 6.5268745e-05 0.032880384 6.085216e-08 4.5500443e-07 2.8315175e-05 4.044648e-05 2.2389186e-06 0.003007994 0.00036914687 0.00014089742 0.028526705 0.025167838 7.202461e-07 0.0018213862 0.001189502 4.136199e-07 6.2266835e-08 0.00013922006 2.6976315e-08 0.0006128892
0.9777187 0.60978293 0.14080451 0.20710714 0.03551884 0.222391 0.26438418 0.36056158 0.21640213 0.7637692 0.6795116 0.22127016 0.031483978 0.8521678 0.124891706 0.25008616 0.009194487 0.90949476 0.002330694 7.9275563e-19 0.07106924 0.0031013403 0.08360044 0.00068714505 0.0128043275 0.0004610413 0.08661449 0.07069722 0.030667394 0.004227379 0.00043183292 0.7018169 6.607207e-05 0.0060603744 0.022100084 0.004527541 0.045387473 0.0037212605 6.656653e-05 0.22745605 0.008886311 0.5052091 0.001387345 6.7586305e-05 0.00017640823 0.0021856383 0.0021280446 0.0008978717 0.0019791098 0.048527922 9.298853e-05 0.011639637 0.00051588693 0.060015306 0.00019027185 1.3358416e-05 0.00023538612 1.5109393e-05 0.0020379822 9.0138754e-05 0.0005135058 0.00012780147 4.1863264e-06 4.1547963e-05 0.00016493848 6.341186e-06 4.7345833e-07 2.5520563e-05 1.113889e-06 6.737002e-07 0.00013821335 0.0030762828 0.000109429646 9.3496106e-05 2.306994e-07 0.0070812525 4.1448227e-05 0.00039339857 2.9095365e-06 8.4439795e-05 0.00033401587 0.112042114 6.370495e-05 2.2462292e-09 1.9169504e-06 0.033021636 5.198544e-07 3.0023522e-05 0.0029139621 3.687964e-06 3.8020255e-06 7.831518e-05 0.011415572 9.796972e-05 3.5193295e-07 2.1082417e-06 3.0226654e-06 8.350244e-07 0.116914175 4.0234957e-07 0.00073082023
0.42213663 0.041311435 0.03263465 0.14574446 0.00067716313 0.18947071 0.037021056 0.34583354 0.12875833 0.09203086 0.15553834 0.58476734 0.0011060822 0.14720654 0.82990557 0.83338803 6.660701e-06 0.15436868 0.00013140765 0.07106924 1.7740929e-20 0.00021562334 0.3321242 0.0001307506 0.9026306 2.707938e-05 0.1786811 0.52696675 0.00055225793 0.7096167 1.9405931e-07 0.027998097 1.7555907e-05 0.35352933 0.39185727 0.5607818 0.00066253985 0.0968198 2.2983431e-06 0.005855685 0.11169853 0.1563413 0.24615811 2.6691876e-06 7.90057e-05 0.2614895 0.22471063 0.3165619 0.07947427 0.11085309 0.10338951 0.00089580234 0.024187291 0.16539095 4.2123753e-05 9.233271e-06 2.3282766e-05 0.01070703 0.06331601 0.00010419547 0.047786742 0.003300892 1.1357405e-06 3.5127757e-06 4.5570596e-06 0.0026953358 0.0031250103 0.0061129006 0.0034008457 0.0011124432 0.00010005198 0.033152506 0.012264454 0.008253018 0.0007601723 0.018496368 0.0038239362 0.015163107 0.0023905118 0.0008839527 0.0102625135 0.029035443 1.6973421e-05 4.3621727e-05 0.0039236653 0.028569125 5.8517406e-07 0.0055125766 0.00022211012 9.887567e-07 4.7216514e-07 2.651471e-06 0.00019970941 1.629651e-06 1.5315229e-06 6.9306543e-07 0.0001115105 0.00016429544 0.005969342 0.004234482 0.0001838306
0.018085198 0.040548645 0.03818972 0.004178999 0.31659734 0.0035245933 0.3740102 0.0013670771 0.0055893115 0.0034022408 0.0024137283 0.0012094624 0.7254615 0.0007927956 0.0008692339 0.0002471872 0.33060417 0.0005964921 0.6703276 0.0031013403 0.00021562334 8.035374e-17 0.0004278031 0.89075667 0.00015983946 0.29213008 0.00041989496 0.00029831714 0.015688466 0.000116063326 0.014915786 0.0015888533 0.63713986 0.00018149878 0.00074768957 5.699246e-05 0.002521414 4.810679e-05 0.008356456 0.0020083254 8.379107e-05 0.00037148956 4.655974e-05 0.0007689636 0.004638539 2.7377975e-05 1.8907538e-05 3.5136454e-05 3.6923364e-05 0.0065510334 1.1985078e-05 0.0017007724 3.324477e-05 4.6796697e-05 0.00091248355 0.3143054 0.0761141 4.2421493e-06 0.00026500406 0.0005381423 0.00017125047 1.4245384e-05 0.00058961636 0.00016336955 0.016041197 1.1010899e-05 5.231935e-06 1.0053389e-05 2.2104973e-06 4.4590884e-06 0.0006984058 2.9539311e-05 2.2453578e-05 2.972486e-05 9.2947835e-07 8.152783e-05 6.207051e-05 7.694756e-05 1.076249e-05 2.3461593e-05 1.1080654e-05 0.00030765115 0.066869214 7.065186e-07 5.56791e-06 6.188893e-05 1.7819233e-05 3.717873e-05 0.0023370727 8.591246e-05 2.7638109e-05 0.005923117 0.021546656 8.373994e-05 0.003366579 0.0025764513 1.16729725e-05 5.8853175e-06 7.7260884e-05 7.690101e-06 0.0006340236
0.7249761 0.010059633 0.05661915 0.05527872 0.0013610872 0.055540662 0.008838331 0.08867472 0.023193995 0.16525778 0.10151819 0.12857519 0.0006399975 0.5000417 0.046589766 0.6752658 3.887617e-06 0.40085366 0.00033908614 0.08360044 0.3321242 0.0004278031 4.0110145e-18 0.00043323645 0.34719214 0.00016667372 0.93208224 0.5387698 0.00048083448 0.4604496 2.5394186e-06 0.19088928 4.5166642e-05 0.61681575 0.027571097 0.16962978 0.0103702 0.34098443 1.0167075e-05 0.03722907 0.6284392 0.65172523 0.056897126 1.6623106e-05 4.8084912e-05 0.039776918 0.0418317 0.034241255 0.007197257 0.0014965135 0.020256784 0.0014741871 0.069551684 0.5662813 9.4606876e-05 1.24365315e-05 0.00027030346 0.0029563762 0.002915021 8.7265966e-05 0.10795023 0.007880749 3.1579473e-06 5.7961693e-06 6.2170206e-05 0.0011760992 0.002230878 0.00071358547 0.002454228 0.0013291481 2.1547685e-05 0.06909839 0.00046810822 8.812991e-05 0.001506308 0.1720154 0.00017732615 0.021487292 0.00014561658 0.00021108148 0.012145846 0.16993856 6.252148e-05 0.0002084453 0.0032653068 0.15008484 2.8468874e-06 0.0062838094 0.00038008834 4.024133e-07 4.9536686e-07 6.82702e-05 0.0006361608 6.079082e-07 1.2328729e-05 2.7686383e-05 3.3409662e-05 0.00039837667 0.124217615 0.008116582 6.423345e-05
0.00400798 0.02188853 0.016317382 0.0015238358 0.13876799 0.0014130746 0.3273912 0.0009504053 0.0028336772 0.0015072335 0.0012009336 0.0007028142 0.54687124 0.00024648383 0.00058996794 0.00012350247 0.09890491 0.00025430805 0.5721305 0.00068714505 0.0001307506 0.89075667 0.00043323645 3.881065e-15 0.00016144052 0.21874823 0.00027477831 0.00026179105 0.0042904504 8.919139e-05 0.0019005515 0.00083961326 0.71892726 0.0005452891 0.001450732 0.0001334634 0.000399443 7.188716e-05 0.0012670378 0.00040811222 0.00011007775 0.00021040336 7.701745e-05 0.0006035351 0.0011177786 0.00013332194 0.00012647574 0.0003120918 0.00028797236 0.0038751971 1.2515308e-05 0.00023596062 0.00012514657 3.1561543e-05 0.00034712895 0.44361448 0.07628432 4.211287e-05 0.0011322064 0.00019165264 7.274183e-05 2.9117286e-05 0.00024733646 4.7701295e-05 0.018917762 1.2764378e-05 2.3833254e-06 0.00031851084 1.2943193e-06 2.4318647e-06 0.00029674688 1.5140606e-05 9.389955e-05 0.0001533578 4.9853077e-07 3.439769e-05 0.00020372601 1.5584514e-05 3.178313e-05 5.692141e-05 3.053813e-06 7.18261e-05 0.081965044 3.2942765e-07 3.728434e-06 1.1336621e-05 6.5027275e-06 2.1179285e-06 0.00024117711 0.00010396796 8.617977e-06 0.004564985 0.003429795 7.556397e-05 0.004911713 0.0032941778 1.1420895e-05 2.5132922e-06 7.436756e-05 1.8220426e-06 6.8587484e-05
0.23103203 0.0073837196 0.024146004 0.013997746 0.000538779 0.025375867 0.008299392 0.039237253 0.011479152 0.061423365 0.046424277 0.101899065 0.0004208204 0.08182719 0.16194543 0.7057413 2.3885486e-05 0.028177528 5.648679e-05 0.0128043275 0.9026306 0.00015983946 0.34719214 0.00016144052 1.5173066e-19 7.8380326e-05 0.13881946 0.5396689 6.977051e-05 0.88415146 2.1316173e-07 0.022092057 1.8384771e-05 0.55361104 0.13023832 0.77670205 5.6579367e-05 0.2504786 1.4310102e-05 0.0047977 0.23467216 0.07208095 0.53863746 4.4375297e-06 6.072274e-05 0.2273871 0.19620498 0.41932312 0.04981154 0.0014317002 0.40608543 0.00013749462 0.09666001 0.18812756 1.9495901e-05 1.8014913e-05 1.0220251e-05 0.13535373 0.025159316 6.148788e-05 0.0982769 0.012890817 8.907217e-06 2.6832938e-06 1.1489332e-06 0.041284163 0.02232965 0.036053594 0.014712196 0.0051630377 2.734476e-05 0.085448675 0.0067544105 0.019458497 0.004092975 0.048059855 0.0057424535 0.02231509 0.0009644105 5.5091732e-05 0.03059861 0.031826846 8.8915964e-05 0.0008958305 0.004485227 0.040615156 8.5765186e-07 0.011298518 0.00021170743 2.1164162e-06 5.2620385e-06 1.9766632e-05 0.00016308189 3.7354166e-08 5.1937945e-06 1.7910696e-06 9.935875e-06 0.0013430399 0.0031882809 0.009243854 0.00024229083
0.14023153 0.0010567656 0.014972886 0.0007979978 0.15608476 0.00048248123 0.07529943 1.8908007e-05 0.0023449864 0.0015148962 0.00033005836 4.6942882e-06 0.7128176 0.0005481745 2.0235366e-05 9.374498e-06 0.9483043 6.818399e-05 0.62443584 0.0004610413 2.707938e-05 0.29213008 0.00016667372 0.21874823 7.8380326e-05 4.6799894e-17 0.00019137541 3.8314465e-06 0.034825437 1.9258165e-05 0.55250585 0.0008718229 0.70207155 2.3322322e-05 4.8305046e-06 8.261597e-06 0.006087506 7.444973e-07 0.30769977 0.002027662 6.7810433e-06 0.0002027242 3.1931525e-06 0.18788305 0.12262774 1.937824e-06 1.4264804e-06 5.146579e-06 1.6820042e-06 1.7358378e-05 1.5146159e-06 0.0059143626 4.824644e-06 2.4810366e-05 0.010281606 0.15615757 0.013517004 1.0754543e-06 6.877065e-06 0.006137735 5.4235337e-05 2.9432917e-06 0.038525794 0.0041273846 0.0015459401 4.843095e-07 5.183366e-07 1.6712853e-07 2.6831668e-07 4.7987334e-07 0.007989954 2.4603372e-05 1.0328735e-06 3.6861368e-07 1.5450834e-07 1.0599303e-05 1.9028565e-06 3.05321e-06 9.653457e-07 1.662527e-06 5.511241e-06 2.0420015e-05 0.0887338 3.9291653e-08 4.838954e-07 2.3202725e-05 0.035319433 1.0495991e-06 0.008596239 0.0076067895 0.0017684274 0.7040188 0.04149663 1.15967325e-07 0.015535559 0.01724467 3.0734162e-07 1.3144002e-07 4.764242e-05 2.8316753e-08 0.0045039686
0.9652479 0.013602526 0.08825489 0.024185123 0.0017303143 0.027158204 0.004371402 0.044838283 0.010090679 0.057088424 0.03599552 0.05889259 0.00043493393 0.19901341 0.032161538 0.41420066 1.4213806e-05 0.24236909 0.0005722098 0.08661449 0.1786811 0.00041989496 0.93208224 0.00027477831 0.13881946 0.00019137541 1.05371734e-19 0.33750573 0.0021629825 0.22742613 9.6408485e-06 0.25924093 4.8073405e-05 0.43446562 0.01622893 0.058472846 0.012243225 0.2014399 2.7282556e-05 0.06270805 0.50519705 0.8266738 0.020152671 5.965887e-05 5.207009e-05 0.014942069 0.013341479 0.008960813 0.003540714 0.00028930107 0.0078400895 0.003134925 0.034809668 0.8296275 0.0001503245 1.1059519e-05 0.00024025474 0.0013971665 0.0015060976 4.215201e-05 0.03497695 0.0031601212 8.830756e-06 7.458714e-06 6.721754e-05 0.0011896756 0.001012653 0.00019659296 0.0008063332 0.0004302798 1.4415338e-05 0.086109765 0.00041761264 0.00017249143 0.000316207 0.33935472 0.00012683243 0.015621558 4.442579e-05 9.510821e-05 0.01077034 0.42207623 6.929499e-05 2.4303565e-05 0.0015795829 0.2832486 1.0780442e-06 0.0030903057 0.00091176544 9.4601717e-07 1.1894435e-06 1.4069447e-05 0.0012304932 8.511066e-07 1.4832185e-06 9.550555e-06 2.2480726e-05 5.2658812e-05 0.18542676 0.0027604208 0.00030171417
0.93480927 0.007189389 0.010803641 0.014753918 2.8526207e-05 0.03894702 0.02934381 0.08298686 0.0138885435 0.0282246 0.049482834 0.083853275 0.00059097196 0.06826387 0.097382545 0.8203953 4.129288e-06 0.15626644 0.0002557218 0.07069722 0.52696675 0.00029831714 0.5387698 0.00026179105 0.5396689 3.8314465e-06 0.33750573 1.6961708e-16 0.00021073573 0.84583753 6.376209e-07 0.07711782 1.4044674e-05 0.8414059 0.106951974 0.37443286 0.000315411 0.7091433 4.7412888e-07 0.018275727 0.57329756 0.31061742 0.19077401 2.0441807e-06 9.942585e-06 0.10326258 0.08881624 0.16696362 0.056679577 0.032270312 0.31503683 0.00016293855 0.28176767 0.53149104 9.759778e-06 1.0141722e-05 6.3310916e-05 0.011801845 0.031901546 4.504149e-06 0.085540324 0.075543985 1.6797621e-07 4.5666067e-07 4.7344165e-05 0.0034064306 0.009256085 0.007832362 0.0020384693 0.0016707348 4.4802823e-06 0.26186734 0.014134264 0.020171002 0.000999182 0.11324414 0.0057745 0.038674828 0.0015469423 0.0003279624 0.08953817 0.19227743 7.762133e-06 0.00023090931 0.01737316 0.3673487 3.2089946e-07 0.040419802 2.9395902e-05 9.950041e-08 1.0689689e-07 3.6931692e-06 0.0027128377 7.9256233e-07 1.5367519e-06 2.0105128e-06 0.0001056701 0.00014730383 0.1705177 0.012746066 5.4644603e-05
0.9620502 0.050790496 0.35706833 0.0036527512 0.31687388 0.004078101 0.043278664 0.0025788653 0.0030700576 0.103793986 0.01344388 0.00531944 0.111236714 0.022568623 0.0016724318 0.0014344295 0.37484217 0.0042895256 0.043646462 0.030667394 0.00055225793 0.015688466 0.00048083448 0.0042904504 6.977051e-05 0.034825437 0.0021629825 0.00021073573 3.8071728e-16 1.265885e-05 0.34239683 0.24485366 0.0016847639 4.291899e-05 0.00042632638 0.000188932 0.90298784 3.8390435e-06 0.4519342 0.44332683 3.4829092e-05 0.0073234756 2.987922e-05 0.31502306 0.51573116 9.36275e-06 1.1276218e-05 5.060682e-05 1.3375308e-05 0.0002312394 6.0151474e-06 0.7037462 9.127911e-06 0.0024824438 0.35367772 0.00013917613 0.00060308375 7.0956303e-06 0.0002176947 0.17996967 1.3424034e-05 3.381985e-06 0.12511612 0.072968185 7.835178e-05 2.9821529e-06 1.6769131e-07 1.1561766e-06 2.3977736e-07 1.2718816e-06 0.06587409 0.0006678413 3.8234914e-05 1.3455058e-06 3.1829958e-07 0.0022793484 1.7479402e-06 2.5791538e-05 2.9013092e-05 0.00020794496 4.048646e-05 0.016751295 0.00070639775 8.025345e-07 3.0460933e-06 0.002257878 0.00039155254 1.4860016e-05 0.16697939 0.0008442309 0.0017517236 0.00039971393 0.5990571 9.757897e-06 2.450696e-05 0.00011277869 5.780803e-05 1.7010066e-06 0.014284238 1.6394264e-06 0.042837925
0.38013119 0.0015698919 0.008322809 0.010756309 8.25013e-05 0.019448796 0.006289361 0.024328921 0.007580527 0.05356969 0.029397 0.08399668 0.00031954495 0.08504151 0.075132586 0.7059342 1.6493028e-06 0.013934222 3.0425994e-05 0.004227379 0.7096167 0.000116063326 0.4604496 8.919139e-05 0.88415146 1.9258165e-05 0.22742613 0.84583753 1.265885e-05 9.613805e-20 1.2471486e-07 0.024534717 2.501291e-06 0.79116404 0.04663291 0.7233943 0.00010063014 0.5353705 5.2642567e-06 0.004365644 0.5096175 0.06396247 0.54985976 5.2867053e-06 2.1332524e-05 0.16392453 0.13161464 0.36830768 0.019433599 0.00010251728 0.63440233 3.62956e-05 0.28684488 0.23391585 7.5868943e-06 1.6134969e-06 2.268329e-05 0.120704286 0.00588556 1.7144697e-05 0.27108005 0.040519062 8.3863813e-07 1.4567064e-07 1.8286664e-06 0.050286632 0.062580235 0.024672402 0.04012899 0.009776373 6.694881e-06 0.12819377 0.0027334343 0.012312167 0.010555106 0.12794305 0.0023019167 0.07431371 0.00015928813 3.26757e-06 0.041683182 0.058363676 1.79253e-05 0.0007122757 0.00764149 0.060819983 3.978415e-07 0.01934071 1.5208912e-05 4.197233e-07 1.3231822e-06 1.6946813e-05 0.00011119076 9.597168e-09 2.043105e-06 1.8802982e-06 2.1867786e-06 0.0014857437 0.01011163 0.022393838 2.9368754e-05
0.34878996 0.0011194401 0.061509095 7.043216e-05 0.16789708 5.8094556e-06 0.012906943 2.3392043e-07 1.971202e-05 0.00394072 0.0002330206 6.5490626e-06 0.16003266 0.00028050534 1.3007025e-05 4.77574e-06 0.727082 5.7932877e-05 0.06635323 0.00043183292 1.9405931e-07 0.014915786 2.5394186e-06 0.0019005515 2.1316173e-07 0.55250585 9.6408485e-06 6.376209e-07 0.34239683 1.2471486e-07 7.106974e-19 0.0040039686 0.011312442 1.2011676e-06 5.4398097e-05 1.2187394e-07 0.14210041 9.350854e-08 0.72388446 0.013673073 2.8110742e-07 0.00025573032 8.810003e-08 0.92682415 0.5207096 5.1025452e-08 9.7036e-08 4.6217235e-07 1.0573528e-05 0.0005766243 3.903933e-07 0.09664222 2.1437013e-06 9.860989e-06 0.24837852 6.890178e-05 2.4083247e-05 4.9013728e-08 0.00022380048 0.14762795 1.1632521e-07 5.7153943e-07 0.5106544 0.1428724 3.923371e-07 1.0990754e-07 7.911151e-08 2.0303658e-07 1.9751347e-09 8.9746536e-08 0.09437253 4.4570115e-07 0.00013403138 1.8561524e-05 8.147855e-09 4.7883515e-07 1.39008125e-05 3.878326e-08 6.7072695e-05 3.6278761e-06 3.922748e-08 7.433778e-05 0.0002767064 6.029042e-09 1.1595555e-06 3.271706e-05 0.09742503 1.0544983e-06 0.11538146 0.008167115 0.011047629 0.11286486 0.23679057 1.033433e-08 0.00013723367 0.00028622718 8.443085e-07 1.9228644e-08 0.00024214669 4.8115384e-10 0.03188454
