2.828911e-27 0.06864325 0.0122077 0.06985584 0.0026680643 0.05007647 0.0060120104 0.8576435 0.3777306 0.0032024556 0.05883087 0.105832785 0.027278293 4.8016038e-05 0.02337905 0.5688521 0.95219433 0.006090993 0.03652795 0.026172472 0.20519033 3.8644458e-07 1.1794953e-06 0.0021076335 0.00788937 7.3620513e-06 0.72837865 0.58559895 0.76495063 0.030941093 0.7810288 1.842863e-06 1.3921474e-06 0.00029585618 0.008208723 4.8931536e-08 4.2267697e-05 1.6827445e-07 0.08011234 0.10571133 0.010447917 0.04068218 0.007597864 3.9409606e-06 0.1001741 9.353552e-07 0.9843571 0.97676075 0.0003456268 0.9682273 0.89570796 0.83035296 3.9883732e-10 0.3078892 3.6011654e-06 0.0077998587 0.020443434 8.561057e-09 0.00033728697 0.63032395 1.5267425e-10 3.1730142e-08 0.13326038 0.73922986 0.98449033 0.70250875 0.0013778241 0.0006437937 3.7729144e-05 0.96865386 0.41213736 0.0027904038 0.15495797 0.85025734 0.08379575 0.87421864 2.6168209e-05 0.86560535 5.3256187e-08 0.9872439 0.016037188 0.0019740863 0.90831596 0.34411094 0.9142987 2.9206112e-05 0.0055452017 0.009096442 0.7465242 0.0017829511 5.5242504e-09 0.36466724 0.99954504 0.008522036 2.7377228e-10 5.861252e-07 0.98846245 2.7737295e-08 0.9984476 1.2711516e-08 0.5166449
0.06864325 1.2756268e-17 0.32191268 0.06176464 0.3086505 0.16201484 0.13772006 0.10522625 0.39731288 0.13954495 0.036991727 0.029229153 0.049377684 0.4016388 0.03569724 0.0069272895 0.9291353 0.010987785 0.0064982558 0.005269368 0.0011362383 0.16755833 0.03674224 0.0288903 0.005228885 0.030689271 0.002595448 0.0002998711 0.0005631328 0.0017652133 0.00024027673 0.0024058744 0.00093981123 0.0018777397 0.0010145312 0.021299032 0.0015662558 6.1022176e-05 0.00017230284 0.00023058186 0.0001071044 0.00012966112 0.00025399396 0.000101032194 7.109092e-05 0.000104352686 0.0053346404 0.0033082035 0.00027380392 8.510779e-06 1.4178328e-06 2.7936736e-05 0.0005431443 2.9797877e-06 4.3753138e-05 0.00010375362 0.00010895895 2.2629165e-05 8.1036305e-05 2.1418255e-06 6.0242064e-06 8.119631e-06 3.0730162e-06 6.7064984e-06 8.135327e-06 8.243778e-06 4.7875157e-05 1.32176265e-05 1.1660289e-05 1.4646026e-06 4.1744534e-06 0.00013329105 5.538211e-08 1.2016236e-06 3.2798614e-06 0.14212891 4.468667e-06 0.13720201 9.1604954e-07 1.6131145e-07 6.17874e-06 3.6384736e-05 9.0774273e-07 3.919164e-07 2.8783904e-07 1.4089446e-06 6.547213e-08 2.0419857e-07 3.110889e-08 2.5785008e-08 4.2031512e-08 2.715514e-08 4.2104334e-06 1.3006384e-08 7.0565235e-08 3.7447174e-09 3.753937e-08 5.5728795e-09 7.914306e-06 7.857416e-09 9.0805563e-10
0.0122077 0.32191268 6.533644e-22 0.11173368 0.5593331 0.39103866 0.3341678 0.16831428 0.2690631 0.3957274 0.06250714 0.040110163 0.13724628 0.3723408 0.1490944 0.011801929 0.59463644 0.060946036 0.02360676 0.00582165 0.0025596907 0.2317985 0.14433493 0.16106306 0.015396148 0.20200737 0.00534793 0.00035880593 0.0017229693 0.0027749152 0.00026834605 0.04012365 0.020199547 0.01141402 0.0015825368 0.03673915 0.01959147 0.0015794202 0.00010421346 4.738916e-05 0.0001826352 3.9621453e-05 0.00011236816 0.0020225334 2.9755181e-05 0.0011977303 0.0034908117 0.008252588 0.0034304885 8.682388e-06 1.3683089e-06 3.2857613e-05 0.0014913445 5.568442e-06 0.00047286524 2.3100014e-05 4.367522e-05 0.00013901708 0.00046417754 3.0331069e-06 3.152755e-05 3.324889e-05 3.7907944e-06 4.8004613e-06 4.9614723e-06 4.2726206e-06 1.6243765e-05 1.7315688e-05 0.00014028414 1.1206305e-06 1.651404e-06 8.891851e-05 9.554836e-08 3.3667602e-06 1.5816389e-06 0.11161794 1.3995455e-05 0.044096638 4.0387063e-06 4.2349646e-07 4.284527e-06 3.5423043e-05 6.74442e-07 3.058965e-07 2.9974314e-07 1.9110948e-06 9.666524e-08 7.27508e-08 5.1801216e-08 7.187307e-08 1.765064e-07 1.029273e-07 5.416514e-07 5.2735324e-08 7.2062056e-07 2.0893168e-08 7.506514e-07 1.11926735e-08 8.469609e-07 1.955859e-08 3.5073125e-08
0.06985584 0.06176464 0.11173368 8.136572e-26 0.26272398 0.79977316 0.25159183 0.5581349 0.23115125 0.14977558 0.1414708 0.14121364 0.1611433 0.025145354 0.16747016 0.037285805 0.18814588 0.054103967 0.058323625 0.018126285 0.0071813874 0.014010675 0.013404871 0.07856678 0.029052736 0.054758463 0.02421041 0.001625851 0.0064212317 0.0084844045 0.0012275769 0.014646567 0.006413985 0.012747762 0.0037995249 0.0011161392 0.0071484293 0.00050308957 0.0010622208 0.0005612809 0.002613388 0.00037370867 0.0004996141 0.0014318367 0.00021899217 0.00019088892 0.4746773 0.08153111 0.0034226996 0.00011456388 2.7400347e-06 5.5403645e-05 2.0796826e-05 1.1058527e-05 0.00056494906 0.00014416693 4.3392818e-05 4.9253016e-05 0.0008152609 1.045743e-05 2.613039e-06 4.694434e-05 5.781302e-06 7.0983037e-06 0.0014387438 2.4015233e-06 0.00018654077 0.0002655176 0.00016524707 6.8270365e-06 2.2158795e-06 0.00012557424 4.2590958e-07 6.924323e-06 3.761904e-06 0.040458985 6.798465e-05 0.038960896 1.1118413e-05 7.198935e-06 6.388111e-06 4.3466625e-05 1.9535644e-06 1.3070478e-07 1.1328922e-06 5.481567e-06 5.615008e-07 6.8864104e-08 3.600334e-08 2.6318523e-07 1.6607712e-06 3.9904016e-08 1.7522154e-05 9.694715e-09 7.815312e-05 4.2490873e-07 2.1701915e-06 2.6827627e-07 0.00015579454 8.019706e-07 7.5468e-08
0.0026680643 0.3086505 0.5593331 0.26272398 1.5386464e-25 0.2392207 0.55409634 0.21258202 0.14310649 0.55515015 0.08284697 0.025190676 0.16179435 0.11569326 0.10185462 0.014856601 0.16648999 0.034825 0.0259897 0.0116237225 0.008442954 0.06452816 0.03381029 0.03731009 0.01001591 0.044863425 0.0040956927 0.001352449 0.0015683634 0.0016670298 0.0015219491 0.007300603 0.0014826516 0.007387998 0.0023636285 0.0014578525 0.0018204328 4.3169188e-05 3.3828313e-05 4.5224224e-05 0.00012722264 3.2938842e-05 0.0002107516 0.00016794587 4.1784268e-05 0.00012357846 0.0009525077 0.0048191748 0.0018228076 5.0441886e-05 7.018597e-06 0.00016543297 2.4684878e-05 2.4116148e-06 6.614615e-05 1.2656231e-05 1.36023e-05 8.957801e-06 0.00016299526 9.63346e-06 2.2052596e-07 8.739568e-06 2.005679e-06 3.332044e-05 9.6176576e-05 5.660748e-05 3.9943636e-05 1.1041267e-05 9.684066e-06 4.005584e-06 1.1827365e-05 2.4113859e-05 7.613077e-07 6.365215e-06 1.0159205e-05 0.07578429 5.1246175e-06 0.011800956 1.1275831e-05 6.196635e-07 1.807509e-05 7.37883e-06 8.574168e-06 4.5656753e-07 5.132179e-06 3.9510082e-06 1.1508544e-06 7.7453575e-07 4.85818e-07 7.987096e-08 1.0696358e-07 9.241662e-07 4.417471e-05 1.2036566e-07 1.4126384e-07 1.1719922e-07 1.5122179e-05 3.0086017e-10 2.4015817e-05 1.1054931e-09 1.01010656e-07
0.05007647 0.16201484 0.39103866 0.79977316 0.2392207 3.7372876e-21 0.06555271 0.34917694 0.6306009 0.018747438 0.025187384 0.08703705 0.026224729 0.021199843 0.017965682 0.0052191704 0.051661793 0.003664861 0.0061802724 0.0034510018 0.0007385081 0.0021036456 0.0004497228 0.008172444 0.001370124 0.0012191279 0.004060254 0.00023366838 0.0009553694 0.0008094551 0.00017770281 0.000109600616 7.468248e-05 0.00041053633 0.00028699276 0.0006764993 0.00026667045 3.6293677e-06 0.00013695257 5.280601e-05 2.296569e-05 2.3606694e-05 2.5832083e-05 9.068943e-06 1.2890219e-05 2.9340154e-06 0.013703194 0.02404587 5.646563e-05 2.771e-05 4.3613866e-07 2.0644233e-05 3.7073038e-05 9.535429e-08 4.0601662e-06 5.7625366e-06 1.9673491e-06 1.289492e-06 2.1394075e-05 1.4147795e-07 4.128626e-06 7.433841e-07 6.0347055e-08 1.7481995e-07 0.00023607224 1.6600276e-07 1.7521972e-05 8.964406e-06 3.9605907e-06 9.3551307e-07 1.5846003e-07 1.4017056e-05 3.4974594e-08 1.5935149e-06 5.7299797e-08 0.0028612672 3.6494116e-06 0.014941071 7.812875e-07 1.9487675e-06 5.6523754e-07 3.6075e-06 2.1602787e-07 5.4700156e-08 2.3104487e-07 7.2052495e-07 1.6310892e-08 9.658797e-09 3.715606e-08 1.4598196e-08 7.428621e-08 1.8878177e-08 3.5150933e-05 8.596253e-09 1.4106641e-06 1.3400447e-07 1.40219e-08 1.1497704e-08 0.000114765855 6.179653e-08 9.358646e-09
0.0060120104 0.13772006 0.3341678 0.25159183 0.55409634 0.06555271 2.6156504e-24 0.3336159 0.067956805 0.60098547 0.12431562 0.044335548 0.30119053 0.02290714 0.19118287 0.03362344 0.027846107 0.05729488 0.044538464 0.018234935 0.020087795 0.013199647 0.009211236 0.06304638 0.01557017 0.024648383 0.011625757 0.007134287 0.008546913 0.0070001422 0.0064327824 0.010033602 0.0027959193 0.00642099 0.0055961357 0.00046079158 0.0037823883 0.000107124724 9.555233e-05 7.200394e-05 0.0005713409 0.00014689322 0.00067111757 0.00026447565 6.3334286e-05 0.00023183206 0.0014505896 0.004555905 0.0018671388 0.0006391783 3.3857978e-05 0.0008029744 4.1208477e-05 3.650672e-06 0.00010565579 7.686117e-05 3.129688e-05 3.417414e-05 0.000363671 5.3876334e-05 1.6849846e-07 1.9668569e-05 4.6368245e-06 0.000106527834 0.00060772337 4.5914465e-05 7.9886086e-05 2.3528972e-05 8.3964325e-05 4.2985266e-05 4.6117777e-05 4.833309e-05 1.4642884e-06 3.0199324e-05 2.7718457e-05 0.034300454 1.8047876e-05 0.015450705 7.342356e-06 1.3617476e-06 8.678435e-05 3.5380537e-05 4.9655122e-05 4.7357917e-06 6.4464894e-06 1.4382273e-05 1.464257e-05 4.569807e-06 2.4299707e-06 4.7952403e-06 1.451502e-07 9.563825e-06 9.7441756e-05 1.214328e-06 3.2530402e-06 6.5013177e-07 0.00011518009 9.0536165e-09 1.4533166e-05 4.748744e-08 3.0134117e-06
0.8576435 0.10522625 0.16831428 0.5581349 0.21258202 0.34917694 0.3336159 1.0138594e-21 0.37004298 0.22180818 0.7075117 0.5405589 0.25372723 0.0059872386 0.3067523 0.55028325 0.27959704 0.1661482 0.37195525 0.4574326 0.18467632 0.0034588585 0.006156081 0.118561715 0.23551223 0.01814141 0.1978754 0.107938394 0.16292843 0.27284816 0.10658748 0.010700064 0.007774761 0.07059019 0.2261551 0.00048613065 0.033977192 0.0014817695 0.11995912 0.16634488 0.21491855 0.1075794 0.07625454 0.014170253 0.06639906 0.005082937 0.6169842 0.47510248 0.114654444 0.0074566198 0.0038561611 0.0062451763 0.00014522075 0.0054220366 0.019556034 0.02590979 0.010049627 0.0015158516 0.0626855 0.0024401702 3.6738154e-05 0.0025367076 0.004161619 0.0016675774 0.07900454 0.0012483665 0.012362985 0.018658789 0.0179837 0.0010489423 0.0010995007 0.019758869 0.0012851364 0.0012986598 0.0008001594 0.30743775 0.005247548 0.2160124 0.0040853843 0.0012976386 0.0064979955 0.009281198 0.00060791493 0.00038335522 0.00020919868 0.0013027671 0.0005466736 8.4130974e-05 3.391437e-05 0.00039905656 0.000606301 5.8066344e-05 0.0015634964 0.000113484086 0.0018396699 0.0001874542 0.00016345011 9.585251e-05 0.0037730625 0.00026006956 8.34149e-05
0.3777306 0.39731288 0.2690631 0.23115125 0.14310649 0.6306009 0.067956805 0.37004298 6.611038e-22 0.019659845 0.08028657 0.20901375 0.016324045 0.00666222 0.010900407 0.033249076 0.46453455 0.0032409115 0.007905651 0.01724819 0.005660665 0.00063163217 0.00022083965 0.0024897915 0.0025876653 0.0005399783 0.020740477 0.0019163266 0.0047042263 0.0025799682 0.0022140935 0.00015231507 4.91759e-05 0.0006307868 0.0035991773 0.0009429993 0.00015140875 5.1551906e-06 0.0013912709 0.00042230566 0.0009458865 0.00022433985 0.0008267607 0.00011892586 0.00018423743 5.529907e-05 0.009752992 0.15101628 0.0005730505 0.00013247403 3.805642e-06 0.0001292786 0.00012909158 1.7318899e-06 3.893259e-05 0.00013506909 4.038658e-05 6.5968525e-06 0.00012652254 3.3407543e-06 8.8749694e-08 1.3720585e-05 1.1044251e-06 3.4720858e-06 0.0011913816 2.6326995e-06 0.0005297044 0.00045890713 9.350026e-06 2.9720084e-06 5.244326e-07 0.00022798005 5.558665e-07 1.7030342e-06 1.0627562e-05 0.07307361 7.779711e-06 0.060641147 6.264157e-05 1.3379913e-07 7.508046e-05 4.562219e-05 4.0893676e-07 8.788517e-09 5.086738e-07 8.538704e-06 2.243268e-06 1.0180464e-05 1.5075926e-07 3.0141632e-07 1.6089501e-06 9.083592e-09 7.004632e-05 2.8386742e-07 1.6626777e-06 5.1248645e-07 7.081278e-08 1.5800707e-08 0.00026012014 1.6635452e-08 8.320415e-10
0.0032024556 0.13954495 0.3957274 0.14977558 0.55515015 0.018747438 0.60098547 0.22180818 0.019659845 8.69952e-25 0.07464839 0.011847975 0.49223998 0.060585875 0.40224394 0.012148726 0.012720025 0.15165024 0.060544837 0.012364972 0.005443601 0.05405976 0.048070222 0.24623828 0.048430577 0.14040002 0.005451339 0.0033445498 0.0026839275 0.006156387 0.002021521 0.0350551 0.016666714 0.013974433 0.0018112228 0.0021183153 0.012353457 0.0014526148 5.6117755e-05 4.67167e-05 0.00016806523 7.934518e-05 0.00019467965 0.0015739852 8.643909e-05 0.0011450239 0.00027777962 0.0017188467 0.0020554508 0.0002448875 8.34921e-05 0.0008208534 0.0005040952 6.515453e-06 0.00025245876 3.2025288e-05 3.5454643e-05 0.00023518664 0.00032225638 0.00010529558 2.5863326e-06 4.540807e-05 3.9991755e-06 0.0003524311 0.0002600311 0.0001315314 2.2513124e-05 8.897242e-06 6.501454e-05 4.0692466e-05 9.0940295e-05 2.4852567e-05 1.2123954e-06 4.7387213e-05 1.7790791e-05 0.0037781936 1.39455215e-05 0.0076797903 9.299275e-06 1.368519e-06 2.8560153e-05 9.8318405e-06 5.6221143e-05 1.4895649e-06 1.0212953e-05 1.6728769e-05 2.4403098e-06 1.7310509e-06 1.6709785e-06 8.0188875e-07 3.3678506e-07 3.3907722e-06 7.5856675e-05 4.9087106e-07 1.4314448e-06 1.0113475e-06 0.00011839164 1.5163632e-08 3.4585892e-06 6.746675e-08 7.034657e-07
0.05883087 0.036991727 0.06250714 0.1414708 0.08284697 0.025187384 0.12431562 0.7075117 0.08028657 0.07464839 1.6284542e-18 0.17887259 0.10116446 0.0017400194 0.17968889 0.3506573 0.037726082 0.108525395 0.36643666 0.50002956 0.25898588 0.00075281045 0.0019815743 0.041708987 0.18347651 0.0052980445 0.09200854 0.12093508 0.084354185 0.24923722 0.11548229 0.009115842 0.0052092127 0.09126316 0.26098022 0.00012942601 0.026305998 0.00077145774 0.08151879 0.08225552 0.12164191 0.12207428 0.1448922 0.02420993 0.057371046 0.009337657 0.041900583 0.098048426 0.16319746 0.02591479 0.008501536 0.02142693 5.5529486e-05 0.008416264 0.02919178 0.058229942 0.022306323 0.0021991713 0.14409743 0.006015282 1.1265588e-05 0.0034029759 0.005657904 0.009836415 0.02294304 0.005170409 0.02361008 0.017705165 0.030561935 0.0052320054 0.0058741034 0.023590816 0.0014670435 0.0065023755 0.0037991551 0.033458043 0.007829095 0.042309485 0.0021633992 0.0013506619 0.0063593904 0.00925684 0.0036829538 0.0033396238 0.0014324638 0.002495999 0.0017803496 0.000721144 0.00070016866 0.0006448279 0.0002072805 0.0010208796 0.00075407577 0.0013989584 0.0010028397 0.00011296825 0.004300745 5.262156e-05 0.00041183786 6.0727198e-05 0.00058120966
0.105832785 0.029229153 0.040110163 0.14121364 0.025190676 0.08703705 0.044335548 0.5405589 0.20901375 0.011847975 0.17887259 2.315882e-22 0.015836805 0.00054626475 0.013485181 0.3996729 0.06564217 0.005463627 0.032625902 0.09218656 0.20030135 0.00015713823 0.00039005527 0.0027829942 0.0068728435 0.00022771256 0.64937544 0.09645379 0.2837304 0.026175717 0.11646765 0.0004992367 0.00020891735 0.0020647396 0.026659787 2.5753418e-05 0.00034855804 4.0021994e-05 0.04950453 0.031565685 0.024847442 0.031418446 0.017673334 0.00018392637 0.02889272 0.00016805563 0.9052029 0.73383576 0.0053362455 0.0063483347 0.0011029507 0.002053136 2.8660927e-06 0.0069505195 0.0005168245 0.018504636 0.016744573 3.6996502e-05 0.003630149 0.0016817091 2.006099e-07 9.3972645e-05 0.005585946 0.0013237079 0.06262022 0.0005588645 0.0062693176 0.007374669 0.00064087514 0.00029824005 0.00038866853 0.008098806 0.0010770822 0.0006731155 0.0031143294 0.08179764 0.0011370037 0.2980935 0.00046097796 0.0005941895 0.005986337 0.005822249 0.0001702167 3.7667705e-05 0.00014382198 0.0010244282 0.0009170347 0.00024516793 2.2391693e-07 0.00056718476 0.00010655852 1.209336e-05 0.0012740846 0.00014049288 0.00032680813 0.00011580184 0.00013691338 6.8351175e-05 0.0037989903 0.00013319473 7.2702977e-07
0.027278293 0.049377684 0.13724628 0.1611433 0.16179435 0.026224729 0.30119053 0.25372723 0.016324045 0.49223998 0.10116446 0.015836805 1.0304742e-20 0.017450133 0.5166995 0.014016088 0.016063118 0.29583898 0.19169815 0.020857332 0.016959807 0.010390826 0.015368261 0.33933026 0.17684701 0.08105575 0.0053738817 0.0061381487 0.0034587756 0.034937605 0.0033659209 0.035864737 0.028143907 0.04271617 0.007228369 0.0024215789 0.053268783 0.010812691 0.00041484908 0.0007078558 0.00842742 0.00038661773 0.0011789454 0.014000771 0.0003719229 0.011672791 0.00051808683 0.002095904 0.015807351 0.000334697 0.00011678769 0.00062231906 0.0015493752 0.00031069753 0.003322951 0.00033337236 0.0002148378 0.0052016913 0.0049329028 0.0005840585 0.0001831983 0.0020776794 0.00017240377 0.0013007261 0.00045521714 0.00048224776 0.00051530055 0.00046608856 0.0018439073 4.450475e-05 0.0006216496 0.0005888687 4.0317584e-05 0.00010743217 0.00018322835 0.00787763 0.000579094 0.010114567 0.0018398277 1.3559118e-05 0.00032031137 0.00027157913 0.000106174775 9.192106e-05 1.476848e-05 0.00019654514 3.6694142e-05 6.990241e-06 1.1827771e-05 3.3874967e-05 0.00018594648 1.9859293e-05 9.503405e-05 7.857203e-06 0.0021783407 9.105038e-06 0.0003822168 1.3183273e-05 9.572448e-06 2.313414e-05 1.3190202e-05
4.8016038e-05 0.4016388 0.3723408 0.025145354 0.11569326 0.021199843 0.02290714 0.0059872386 0.00666222 0.060585875 0.0017400194 0.00054626475 0.017450133 2.4072279e-21 0.015149506 0.00019543173 0.029824859 0.004840879 0.00089274015 0.0001441672 0.000110569934 0.45696807 0.16612317 0.025954287 0.00093725236 0.1007908 0.00012780743 3.85787e-05 3.0472369e-05 6.939644e-05 3.7301717e-05 0.009522244 0.0047577065 0.00027772263 7.790971e-05 0.18050271 0.00035647646 0.00084216305 2.2327382e-05 6.8932577e-06 1.01284995e-05 5.589191e-06 1.308355e-05 1.0973987e-05 1.2945976e-05 1.6194004e-05 0.00028579595 0.0007521118 0.0002113778 2.0059882e-05 8.256233e-06 5.0810366e-05 0.0075694704 3.3034994e-06 5.8089823e-05 2.509502e-05 3.961231e-05 1.02235945e-05 6.1489816e-05 2.6476002e-06 0.00013428868 2.4094927e-06 2.9275059e-06 8.065462e-06 3.946143e-06 2.2911856e-05 1.8597564e-05 2.2215214e-05 2.6317217e-05 1.4550474e-05 5.929288e-06 2.4450095e-05 2.6055625e-07 2.4995228e-05 1.49613315e-05 0.0008973418 1.0869734e-05 0.0021743183 5.1712e-07 2.1614565e-06 8.54858e-06 8.6104765e-06 1.7810517e-05 6.412538e-06 1.4039651e-05 8.383547e-06 8.2369404e-08 2.0706224e-07 4.2525613e-07 2.2119456e-08 5.6695786e-08 1.9252002e-06 7.0406595e-06 5.3903175e-08 8.906137e-08 9.6020436e-08 6.334715e-07 4.484379e-09 5.8726215e-07 5.9510437e-09 1.0216853e-08
0.02337905 0.03569724 0.1490944 0.16747016 0.10185462 0.017965682 0.19118287 0.3067523 0.010900407 0.40224394 0.17968889 0.013485181 0.5166995 0.015149506 1.20718456e-20 0.026323922 0.010503849 0.49919116 0.4096442 0.08038111 0.027773153 0.01098338 0.018775208 0.43355265 0.42572445 0.12574014 0.0054614153 0.010815393 0.0048550614 0.12650292 0.0046785073 0.081332594 0.0620796 0.13696049 0.03101154 0.0017354944 0.17227677 0.031436395 0.0008580569 0.0024171455 0.028177649 0.0007904146 0.0034172395 0.06104252 0.00029588383 0.0456067 0.0003190337 0.0023397089 0.057519976 0.0003916347 4.9833212e-05 0.0005195224 0.0029083036 0.00018286612 0.0198603 0.0005625498 0.0002024607 0.020889806 0.018114386 0.00043828727 0.00080773904 0.010415505 0.00019405203 0.0008297089 0.00039926934 0.00032012205 0.0008040775 0.0007957552 0.008543192 5.1647443e-05 0.0009726031 0.00066909625 3.9416693e-05 0.00019478478 0.0001220145 0.0057756454 0.0017027198 0.009474633 0.0053005894 8.383986e-06 0.00019730105 0.000316934 0.00010014791 0.00013783663 1.7096369e-05 0.00023517612 5.8028643e-05 8.333034e-06 1.716965e-05 5.4588145e-05 0.0007234786 1.7384471e-05 6.972674e-05 1.9738038e-05 0.0023236044 1.2262114e-05 0.00054997 2.313412e-05 1.4064966e-05 2.359076e-05 3.5702404e-05
0.5688521 0.0069272895 0.011801929 0.037285805 0.014856601 0.0052191704 0.03362344 0.55028325 0.033249076 0.012148726 0.3506573 0.3996729 0.014016088 0.00019543173 0.026323922 4.3817837e-21 0.012255708 0.024062822 0.12418661 0.38225058 0.85959303 9.511575e-05 0.00021702184 0.0059463247 0.054162037 0.00025610495 0.31126675 0.40808976 0.34913865 0.11991508 0.33506075 0.001606432 0.00037718986 0.029498369 0.14961593 5.3588446e-05 0.0047430648 3.8707647e-05 0.30431286 0.19334878 0.12684299 0.23937164 0.16640754 0.003078764 0.187437 0.0013958081 0.19926558 0.2929583 0.0751417 0.050677944 0.037490543 0.028418215 2.0479652e-05 0.030518722 0.006602493 0.088481955 0.050470825 0.0005755272 0.12603219 0.016827215 1.3282622e-06 0.0007319624 0.02462551 0.01143078 0.1197914 0.007366484 0.052559428 0.04408542 0.010408648 0.005241154 0.010400526 0.051323984 0.008160571 0.006330301 0.01415782 0.08421175 0.013976898 0.17318337 0.0010086122 0.00768194 0.016641714 0.030067187 0.0042681172 0.0039166203 0.0035121865 0.010906386 0.007945495 0.004231753 0.00036179624 0.004800814 0.000106417356 0.0013912962 0.0064599407 0.0030217476 0.0006648263 0.0004123175 0.0071961065 9.653338e-05 0.0049516875 8.725506e-05 0.0015260135
0.95219433 0.9291353 0.59463644 0.18814588 0.16648999 0.051661793 0.027846107 0.27959704 0.46453455 0.012720025 0.037726082 0.06564217 0.016063118 0.029824859 0.010503849 0.012255708 2.7981533e-18 0.0023340327 0.007430097 0.012150225 0.0015405292 0.0013815846 0.00025054617 0.0040442375 0.0016558095 0.0005398447 0.006618256 0.00034434913 0.0010260674 0.0036112596 0.00016428322 0.00034664117 0.00010138285 0.0013069371 0.0028283666 0.015886951 0.00068892847 2.9404879e-05 0.0022733947 0.00093245314 0.0008452246 0.00048261587 0.0010582405 0.00013242819 0.00053459516 0.0001383468 0.0007860592 0.017860748 0.0026966196 7.721724e-06 8.913441e-07 1.5712032e-05 0.0007981534 4.0121083e-07 0.00045937567 0.00035802065 0.00037729973 2.670821e-05 0.0013375276 1.593958e-07 7.827747e-05 4.2604734e-05 6.054031e-07 9.831268e-08 0.00034058848 5.627894e-08 0.00066378893 0.00014944427 0.0006030659 1.4043066e-07 9.219605e-08 0.00021106939 4.34131e-07 1.2527022e-07 4.054258e-06 0.2215203 5.859028e-05 0.029754192 0.00016838804 3.601462e-07 2.1096545e-05 5.447971e-05 7.974644e-08 8.1226865e-09 5.859131e-08 8.019397e-06 3.7138642e-07 1.0059574e-07 8.1555704e-08 1.3811524e-07 8.816249e-06 4.5964006e-09 0.0010757314 6.804581e-09 1.9624218e-05 2.1980625e-08 4.308869e-07 3.200364e-07 0.002054025 2.9603976e-07 3.4601788e-10
0.006090993 0.010987785 0.060946036 0.054103967 0.034825 0.003664861 0.05729488 0.1661482 0.0032409115 0.15165024 0.108525395 0.005463627 0.29583898 0.004840879 0.49919116 0.024062822 0.0023340327 1.9079671e-22 0.42131943 0.07199958 0.019866787 0.0069139344 0.011525768 0.4075602 0.6054248 0.12925014 0.004445309 0.007617515 0.0022637865 0.105179675 0.002631377 0.118586965 0.09084259 0.25935787 0.031524327 0.0010925931 0.33994114 0.059477005 0.0006923996 0.0022764169 0.03289216 0.0007107347 0.0032767851 0.13820499 0.00014312811 0.0755364 6.3796826e-05 0.0020515036 0.075971946 0.00022093656 1.0706187e-05 0.00021925317 0.005385843 9.829764e-05 0.04300163 0.00082594587 0.00012056895 0.029930165 0.023497524 9.701773e-05 0.003702681 0.020617723 9.381317e-05 0.00040189904 0.0003959936 0.00011932713 0.00057721627 0.00058419217 0.018725388 4.8359143e-05 0.0004904911 0.00058389 9.597733e-06 0.0002060249 6.664581e-05 0.002402623 0.0029580737 0.003684969 0.011236971 2.2354356e-05 7.6098615e-05 0.00027162966 0.000101191785 9.049897e-05 2.5343124e-05 0.00018154795 4.2852935e-05 6.864595e-06 2.4098112e-05 3.7189937e-05 0.0013266728 2.169284e-05 5.389699e-05 1.0487051e-05 0.0008928257 1.3784352e-05 0.0006419248 1.6231454e-05 9.63493e-06 1.7947246e-05 2.1873177e-05
0.03652795 0.0064982558 0.02360676 0.058323625 0.0259897 0.0061802724 0.044538464 0.37195525 0.007905651 0.060544837 0.36643666 0.032625902 0.19169815 0.00089274015 0.4096442 0.12418661 0.007430097 0.42131943 5.650328e-20 0.4021928 0.14408672 0.0008298596 0.002148088 0.15642299 0.461629 0.008463333 0.020870272 0.067768216 0.038886152 0.4735193 0.04212866 0.042387187 0.0219844 0.28546 0.2881917 0.00021603418 0.11461643 0.0116387475 0.012372375 0.05268476 0.24462694 0.019411433 0.054651905 0.08098159 0.0070155496 0.06999693 0.00093956577 0.008250614 0.31728154 0.0032423504 0.001236693 0.003444378 0.00021811783 0.006893691 0.12018754 0.022214457 0.0028329962 0.029466266 0.29216954 0.002315793 9.729412e-05 0.034075655 0.004313456 0.0030337928 0.008239503 0.0008159781 0.015499126 0.0155272065 0.112230174 0.0008718445 0.0016043207 0.015697453 0.001189159 0.0022347833 0.00062408776 0.008295934 0.036892544 0.012613402 0.0274722 6.2637795e-05 0.0015005313 0.0058548176 0.0012679881 0.002029887 0.00019454083 0.0030388313 0.0001821089 3.7749876e-05 0.0008359173 0.000249697 0.0051514455 0.00056341 0.0003975586 0.00018909117 0.0070904666 0.00017773519 0.0037783717 0.00022207007 2.2792492e-05 0.0004261205 0.00028889824
0.026172472 0.005269368 0.00582165 0.018126285 0.0116237225 0.0034510018 0.018234935 0.4574326 0.01724819 0.012364972 0.50002956 0.09218656 0.020857332 0.0001441672 0.08038111 0.38225058 0.012150225 0.07199958 0.4021928 1.6648587e-20 0.47587308 8.698098e-05 0.00012959486 0.0102565065 0.16251118 0.00039921488 0.07508672 0.19886222 0.12032763 0.3000629 0.18292627 0.002269674 0.0011568689 0.09848929 0.39503005 2.8615223e-05 0.018862579 0.00030469307 0.18811612 0.26298156 0.31845325 0.2581565 0.32349077 0.02812113 0.15223913 0.0069702873 0.012222508 0.03638187 0.22312766 0.043110803 0.030506006 0.030489383 1.5379857e-05 0.038621347 0.04766327 0.19258796 0.047139067 0.0023132013 0.30165392 0.017148696 7.805465e-07 0.005411705 0.023657454 0.015324019 0.020965137 0.01105059 0.115543716 0.08233655 0.10802735 0.009664425 0.009470098 0.08098376 0.0067654345 0.008188289 0.012849661 0.0039819526 0.055128776 0.01463594 0.005474669 0.0028042574 0.011567172 0.035681225 0.0059650145 0.0060959915 0.0035874783 0.00929803 0.0037112574 0.0013686881 0.0028060137 0.0018857443 0.0011214677 0.003809246 0.0014885204 0.0029661192 0.0012018346 0.00043303857 0.011375399 0.00025567447 0.00026864486 0.00022969343 0.002017839
0.20519033 0.0011362383 0.0025596907 0.0071813874 0.008442954 0.0007385081 0.020087795 0.18467632 0.005660665 0.005443601 0.25898588 0.20030135 0.016959807 0.000110569934 0.027773153 0.85959303 0.0015405292 0.019866787 0.14408672 0.47587308 4.872148e-21 6.861464e-05 0.00011130799 0.0021589517 0.036811203 3.4933844e-05 0.19571649 0.80928695 0.5333878 0.13490489 0.46701682 0.0008842849 0.00021743056 0.025911761 0.28447416 1.9951362e-05 0.0017931379 2.1197766e-05 0.5751978 0.3417551 0.21516235 0.44174403 0.33033878 0.0022185303 0.39821118 0.0016916167 0.029954715 0.16145194 0.096756786 0.06451225 0.058551017 0.062975824 1.1247134e-05 0.09788504 0.008424807 0.25841397 0.18135628 0.0006359057 0.19973765 0.02481038 5.609496e-07 0.0011107079 0.06114004 0.0133375805 0.09754503 0.011063291 0.18826641 0.16835548 0.031271227 0.0069158897 0.011902556 0.1679452 0.01594218 0.008130791 0.030233035 0.010928391 0.057941537 0.02754445 0.0022386871 0.00706538 0.043510854 0.087963335 0.0058791195 0.008582984 0.0036673695 0.043270256 0.019646551 0.009829119 0.0029079737 0.013971719 0.0004175513 0.0033085097 0.002739238 0.009132009 0.00015565791 0.0016082723 0.0051131262 0.00234145 0.002485821 0.0009776155 0.00317105
3.8644458e-07 0.16755833 0.2317985 0.014010675 0.06452816 0.0021036456 0.013199647 0.0034588585 0.00063163217 0.05405976 0.00075281045 0.00015713823 0.010390826 0.45696807 0.01098338 9.511575e-05 0.0013815846 0.0069139344 0.0008298596 8.698098e-05 6.861464e-05 2.9616917e-25 0.44702905 0.03755284 0.0007955571 0.3034138 0.0001705516 4.008418e-05 0.000116673145 2.426556e-05 5.364326e-05 0.06789926 0.05326815 0.00021415968 1.5340072e-05 0.4860223 0.000495237 0.004006108 1.444598e-06 8.205282e-06 1.3313071e-06 8.5085385e-06 6.393218e-06 8.969547e-06 7.944683e-06 3.087229e-05 6.968074e-05 6.455315e-05 1.3159794e-05 1.8442423e-05 1.16232295e-05 6.3069805e-05 0.02893976 2.3989228e-06 1.2467009e-06 6.0419156e-06 7.1330346e-06 2.9580935e-06 2.3907764e-06 7.164723e-06 0.0001304145 3.50365e-07 9.049414e-07 1.5928776e-05 1.2274046e-07 5.694771e-06 3.62115e-06 3.7589953e-06 4.4505683e-07 6.3919624e-06 1.7971249e-06 3.4291845e-06 3.201191e-07 3.5430294e-06 3.3408785e-06 1.4718004e-05 1.6340739e-06 0.00012430313 6.538428e-08 5.8595447e-08 1.3852145e-06 6.7680986e-07 2.6738091e-06 4.8079563e-08 2.2448494e-06 1.6080193e-06 9.732957e-09 1.770301e-08 3.0742644e-08 3.3029746e-09 5.9997323e-09 6.172291e-08 2.0550035e-06 4.1145167e-09 9.650358e-10 2.2735058e-08 3.948008e-07 1.1586921e-10 2.147117e-07 3.5379738e-10 4.026284e-10
1.1794953e-06 0.03674224 0.14433493 0.013404871 0.03381029 0.0004497228 0.009211236 0.006156081 0.00022083965 0.048070222 0.0019815743 0.00039005527 0.015368261 0.16612317 0.018775208 0.00021702184 0.00025054617 0.011525768 0.002148088 0.00012959486 0.00011130799 0.44702905 2.376737e-26 0.078831874 0.004199164 0.4238858 0.00029976846 5.0296436e-05 7.538935e-05 6.0116174e-05 5.9673268e-05 0.100529104 0.0777182 0.0008050132 1.32165305e-05 0.11176819 0.0017102965 0.010223069 2.3848918e-06 3.0446906e-06 9.412827e-07 1.0296461e-05 3.6244148e-06 1.7276725e-05 1.4220679e-05 7.879892e-05 4.6444256e-05 0.00020791045 1.716094e-05 6.794537e-05 7.1250934e-06 0.00010756195 0.0059741777 2.9712774e-06 1.3118852e-06 7.051646e-06 1.1017074e-05 2.7635062e-06 1.9721901e-06 5.366043e-06 6.781713e-05 5.433007e-07 1.057091e-06 1.4869683e-05 3.4481097e-06 2.2408845e-05 3.0295625e-06 2.1954045e-06 3.3948146e-07 7.140872e-05 5.221925e-06 2.1646806e-06 1.0961509e-07 2.7399055e-05 3.84517e-06 1.0073495e-05 3.346521e-07 5.5788412e-05 1.0332659e-07 9.456997e-07 1.6510686e-06 7.195019e-07 2.4513858e-05 1.0646389e-07 7.586807e-06 1.7553428e-07 4.619295e-09 7.557701e-09 5.65282e-08 1.2363732e-09 6.8195742e-09 2.2339892e-08 4.5770622e-07 7.219435e-10 7.811466e-09 4.206815e-09 1.2644003e-06 1.4113462e-10 7.34709e-08 4.457642e-10 9.571643e-10
0.0021076335 0.0288903 0.16106306 0.07856678 0.03731009 0.008172444 0.06304638 0.118561715 0.0024897915 0.24623828 0.041708987 0.0027829942 0.33933026 0.025954287 0.43355265 0.0059463247 0.0040442375 0.4075602 0.15642299 0.0102565065 0.0021589517 0.03755284 0.078831874 3.5184418e-23 0.31390816 0.31687117 0.0017239128 0.001265074 0.0012181452 0.03029233 0.0006793864 0.23666303 0.20266506 0.09105728 0.0023353654 0.006476265 0.22958657 0.15419856 1.7057444e-05 8.527283e-05 0.0013691763 3.6889716e-05 9.0697264e-05 0.058281537 3.0951236e-05 0.05720751 0.00019075151 0.00045212219 0.0054882523 0.00013471582 5.658209e-06 0.00043386492 0.011434149 5.0089697e-05 0.0011251861 6.898048e-05 7.919436e-05 0.010357889 0.00047965764 5.7133842e-05 0.0054120664 0.00093366916 2.9230216e-05 0.00036380818 9.492264e-05 0.00010646415 3.1169217e-05 2.2790668e-05 0.00014548011 4.5527053e-05 0.0002024688 2.972727e-05 1.7096131e-06 5.2713476e-05 1.6859587e-05 0.00090466614 5.117792e-05 0.0026812833 8.696164e-05 2.3928988e-05 1.4688122e-05 2.4570498e-05 2.5644822e-05 7.641362e-06 2.7466904e-06 7.636844e-06 1.7309932e-06 5.3114144e-07 1.9278866e-06 7.953563e-07 2.0068196e-06 1.444423e-06 3.9088304e-06 1.7754282e-07 1.4250793e-05 6.957784e-08 0.00010608004 7.035867e-08 2.1453015e-07 1.8814777e-07 1.7190554e-07
0.00788937 0.005228885 0.015396148 0.029052736 0.01001591 0.001370124 0.01557017 0.23551223 0.0025876653 0.048430577 0.18347651 0.0068728435 0.17684701 0.00093725236 0.42572445 0.054162037 0.0016558095 0.6054248 0.461629 0.16251118 0.036811203 0.0007955571 0.004199164 0.31390816 3.035598e-23 0.040681366 0.0072301654 0.030129882 0.0073739276 0.27459264 0.0119493455 0.07690572 0.0541791 0.41272792 0.118736915 0.000303252 0.3780903 0.05772729 0.0038642124 0.02015609 0.073120944 0.006650565 0.016986199 0.20655018 0.00093630044 0.12547821 0.00014152013 0.0031455099 0.21263859 0.0021759092 0.00065743126 0.0015706528 0.0043810154 0.0007438246 0.12257123 0.004831837 0.0004581181 0.06914388 0.10004437 0.0003786484 0.005595479 0.038756583 0.0005070257 0.00094723294 0.0016316908 0.0002125847 0.005107799 0.004908269 0.10921915 0.00048941013 0.0004850607 0.0028217349 0.00013220774 0.0004706506 0.00016479116 0.0007549166 0.012082369 0.012098915 0.025488988 8.3357096e-05 0.00036393327 0.0006428232 0.00024197057 0.0002090876 4.5313074e-05 0.0002767262 8.876523e-05 1.48076715e-05 0.00026570683 4.494578e-05 0.0037643933 0.0001458125 0.00017808336 1.5364714e-05 0.0043499805 1.8153381e-05 0.0025501894 3.577725e-05 2.625675e-05 9.600227e-05 0.00012603145
7.3620513e-06 0.030689271 0.20200737 0.054758463 0.044863425 0.0012191279 0.024648383 0.01814141 0.0005399783 0.14040002 0.0052980445 0.00022771256 0.08105575 0.1007908 0.12574014 0.00025610495 0.0005398447 0.12925014 0.008463333 0.00039921488 3.4933844e-05 0.3034138 0.4238858 0.31687117 0.040681366 4.306523e-26 0.00011059609 1.7263188e-05 1.0601192e-05 0.00181795 1.1256641e-05 0.34079856 0.29560587 0.01653742 5.7703437e-05 0.112734236 0.0499223 0.16733249 1.3150706e-06 3.4738082e-06 1.25028055e-05 8.7077007e-07 1.5530084e-06 0.0015155097 1.78911e-06 0.003204431 5.3396074e-05 0.0003238804 5.6354806e-05 1.29015325e-05 1.8767745e-06 1.1748122e-05 0.036502354 3.2852785e-07 2.969797e-05 1.6785972e-06 2.6019186e-06 0.00022217348 2.414673e-06 1.617454e-07 0.008358138 3.536551e-06 1.5347229e-07 1.3780191e-06 1.581412e-05 1.4864089e-06 1.3130756e-06 3.1324932e-06 2.5528245e-06 1.4213196e-05 8.5065386e-07 5.179349e-07 6.068154e-08 7.3946735e-06 3.170638e-07 1.278365e-05 4.8690845e-07 0.00014050213 2.844463e-07 4.4210765e-06 5.0393515e-07 1.3617445e-07 3.6240347e-06 2.1153942e-07 8.856044e-07 1.1555591e-08 9.2947783e-10 4.5713147e-10 4.1402533e-08 2.3210435e-10 1.6705403e-08 2.2787068e-08 2.04432e-07 3.1489125e-10 7.475556e-06 8.4410195e-10 3.31362e-07 5.805019e-10 2.0232092e-08 2.3839763e-09 1.8910086e-10
0.72837865 0.002595448 0.00534793 0.02421041 0.0040956927 0.004060254 0.011625757 0.1978754 0.020740477 0.005451339 0.09200854 0.64937544 0.0053738817 0.00012780743 0.0054614153 0.31126675 0.006618256 0.004445309 0.020870272 0.07508672 0.19571649 0.0001705516 0.00029976846 0.0017239128 0.0072301654 0.00011059609 1.2057006e-16 0.18897748 0.85332173 0.03485863 0.2465877 0.0011781907 0.0001518934 0.0019006821 0.039324444 5.3885688e-05 0.00034709755 3.53962e-05 0.10462317 0.05544554 0.026128948 0.06538147 0.036118772 0.00058929366 0.08101972 0.00059316104 0.6107089 0.7473772 0.0066081365 0.028146988 0.013946919 0.019570153 2.06516e-05 0.02950176 0.00095269765 0.04281828 0.04466745 0.00035884566 0.008919314 0.008491937 2.4891443e-07 0.0009022347 0.024349144 0.005520242 0.321585 0.0049296953 0.013768751 0.009245485 0.0012643535 0.0022332964 0.005632727 0.020803412 0.0049189837 0.003979182 0.011472728 0.047956184 0.0026951954 0.17021637 0.0011554427 0.0020171772 0.013234241 0.015209073 0.0026684918 0.0013170594 0.001614152 0.0042348076 0.004903906 0.0018657069 0.0002745554 0.003285434 0.0002602038 0.000937961 0.0075387084 0.0012775515 0.0003375418 0.0012353575 0.0008269421 0.0004949606 0.015427132 0.00062916015 0.00026774633
0.58559895 0.0002998711 0.00035880593 0.001625851 0.001352449 0.00023366838 0.007134287 0.107938394 0.0019163266 0.0033445498 0.12093508 0.09645379 0.0061381487 3.85787e-05 0.010815393 0.40808976 0.00034434913 0.007617515 0.067768216 0.19886222 0.80928695 4.008418e-05 5.0296436e-05 0.001265074 0.030129882 1.7263188e-05 0.18897748 1.5027832e-21 0.81903833 0.09954568 0.8569717 0.00016110891 5.4489632e-05 0.0073732706 0.1291106 9.56243e-06 0.0009987771 8.492536e-06 0.4096314 0.38811815 0.18164179 0.3058187 0.1876802 0.0006668678 0.3482012 0.00012486761 0.056273658 0.10332043 0.051873226 0.08838849 0.08765161 0.08071453 1.7711673e-06 0.10053496 0.00483499 0.1349897 0.101080336 0.00022186284 0.08905158 0.04038701 1.0613078e-07 0.000457672 0.06779193 0.013879971 0.08016329 0.010337989 0.11589339 0.107263975 0.023673264 0.0056139706 0.00953293 0.08694074 0.04442623 0.0047525684 0.041809317 0.0049624974 0.03530307 0.01158837 0.00043468495 0.003807062 0.04912191 0.040051337 0.0027341957 0.0029760886 0.0015510363 0.025920894 0.015297308 0.007784418 0.0017481322 0.0071121952 7.9356076e-05 0.0025966782 0.0019202826 0.005668193 0.00017624446 0.002080752 0.005514977 0.0007946161 0.00189572 0.0005070891 0.003097492
0.76495063 0.0005631328 0.0017229693 0.0064212317 0.0015683634 0.0009553694 0.008546913 0.16292843 0.0047042263 0.0026839275 0.084354185 0.2837304 0.0034587756 3.0472369e-05 0.0048550614 0.34913865 0.0010260674 0.0022637865 0.038886152 0.12032763 0.5333878 0.000116673145 7.538935e-05 0.0012181452 0.0073739276 1.0601192e-05 0.85332173 0.81903833 5.854212e-17 0.059799973 0.8374325 0.000331991 3.4235367e-05 0.0019800584 0.07029722 1.7521235e-05 4.686552e-05 1.2550938e-05 0.2152463 0.15415242 0.07610749 0.15096062 0.09179537 8.393343e-05 0.16699483 0.00011438964 0.09794324 0.28227916 0.013337892 0.09455605 0.06015154 0.06484288 8.4117055e-06 0.055712506 0.0013112354 0.070256814 0.0628346 0.00013530914 0.028760623 0.021109272 1.7241551e-07 0.00028095616 0.03671483 0.008117527 0.27585116 0.0066441116 0.032847952 0.028746953 0.0032716535 0.004323678 0.0049163993 0.03601188 0.008259077 0.003689491 0.016043674 0.015146199 0.0034756246 0.05948601 0.00034532137 0.0031299419 0.012286251 0.013595861 0.0025735411 0.0018578811 0.0016188392 0.0036479644 0.0031734228 0.0011438096 0.0008386962 0.0014299769 0.00010119719 0.0009148698 0.007022991 0.0010479928 0.00019242754 0.00045513012 0.0019011941 0.00046216513 0.009976082 0.0002530633 0.0009976666
0.030941093 0.0017652133 0.0027749152 0.0084844045 0.0016670298 0.0008094551 0.0070001422 0.27284816 0.0025799682 0.006156387 0.24923722 0.026175717 0.034937605 6.939644e-05 0.12650292 0.11991508 0.0036112596 0.105179675 0.4735193 0.3000629 0.13490489 2.426556e-05 6.0116174e-05 0.03029233 0.27459264 0.00181795 0.03485863 0.09954568 0.059799973 5.2674857e-21 0.083239846 0.004647339 0.0025571852 0.16995074 0.32625982 2.2208096e-05 0.054623608 0.0038217285 0.038473394 0.14203922 0.33419174 0.08708301 0.18541688 0.07132979 0.035815608 0.029315421 0.0005322033 0.006918568 0.38242358 0.015280618 0.0074327006 0.009496344 4.093371e-05 0.009374191 0.16405597 0.07770912 0.010684396 0.013582227 0.39028007 0.0056511853 1.7889486e-05 0.023990652 0.006251001 0.0049147164 0.007990171 0.0028588655 0.105153084 0.08802011 0.22078829 0.002468134 0.002668386 0.05025114 0.0043025236 0.0034365724 0.0025872504 0.002578939 0.0909039 0.009262111 0.028681858 0.0004720148 0.0066709337 0.014690331 0.0022279387 0.001745243 0.00057047576 0.012379449 0.000714985 0.00027212748 0.0023651032 0.00038330475 0.007204852 0.001359398 0.0006211761 0.00031287584 0.006614808 0.0011824043 0.012519266 0.0013133368 8.256402e-05 0.0013765534 0.0011518542
0.7810288 0.00024027673 0.00026834605 0.0012275769 0.0015219491 0.00017770281 0.0064327824 0.10658748 0.0022140935 0.002021521 0.11548229 0.11646765 0.0033659209 3.7301717e-05 0.0046785073 0.33506075 0.00016428322 0.002631377 0.04212866 0.18292627 0.46701682 5.364326e-05 5.9673268e-05 0.0006793864 0.0119493455 1.1256641e-05 0.2465877 0.8569717 0.8374325 0.083239846 1.40075e-18 0.00045201805 4.0560546e-05 0.0018226833 0.12569726 1.3698515e-05 0.00031743763 1.3493434e-05 0.3779938 0.2828472 0.12766577 0.3049389 0.15734807 0.00030939357 0.32391664 0.0001540529 0.025063165 0.17176259 0.019073956 0.17093405 0.1466634 0.14499412 3.5797027e-06 0.12600295 0.0016713039 0.14602548 0.13320458 0.00015068619 0.05389874 0.058049303 5.335428e-07 0.0003119802 0.082080714 0.022280645 0.32477146 0.020016067 0.07378554 0.06919856 0.007887035 0.013912147 0.014852847 0.088954136 0.028962303 0.010648934 0.041776404 0.011279999 0.012543282 0.017585242 0.00016329323 0.0068637384 0.03440064 0.040599 0.0044794045 0.005725927 0.0023810195 0.011163265 0.012872438 0.00636656 0.003091532 0.006705386 6.244432e-05 0.003234452 0.0045891306 0.003715142 0.00033560535 0.00080245046 0.0050801556 0.00062806817 0.004270735 0.00036106064 0.0032347725
