4.7959577e-27 0.0038286396 0.0027411852 0.038028426 0.032479096 0.09018212 0.009063458 0.8592691 0.03690271 0.066359684 0.028796194 0.105560474 7.862334e-05 0.0056998148 0.023280261 0.48158383 0.002728036 0.021191074 7.1395407e-06 0.0089544235 1.729584e-06 0.14467968 0.34953627 3.5947472e-05 0.18067914 0.02662205 2.112178e-06 1.7609475e-06 0.60633016 0.00016244485 7.561097e-05 0.0063988334 1.880848e-07 0.803157 0.80970377 0.79059845 6.331764e-08 0.07199426 0.96249413 6.141875e-06 0.083557695 0.0110667525 7.6105e-07 0.0075701233 0.022011867 0.09489922 0.00039639516 4.909977e-06 7.7300044e-10 1.2950243e-08 0.0004990396 0.0050857128 0.8320306 3.6013915e-08 1.6229383e-10 0.32672703 0.021048782 0.84491634 0.9642515 0.9880878 0.9831974 0.00090499356 3.9215756e-05 0.11921775 0.0005378534 0.65885043 0.002123448 0.22697724 0.692586 3.3751185e-08 1.10224555e-05 0.7340964 0.12668844 0.49498832 0.01926347 0.0012574373 0.9701122 0.8446817 0.9817107 0.00019067076 0.9876064 0.0052861283 4.984038e-09 0.00931309 0.51939285 0.9007625 0.0017991374 0.9262286 0.7376339 1.7164972e-10 0.79523605 0.84749174 1.9467184e-06 8.597142e-08 0.0064366297 0.73801774 1.27014825e-08 0.018422425 3.5630272e-08 0.9996719 0.9906861
0.0038286396 7.2247744e-23 0.39620495 0.58103174 0.22024444 0.07987589 0.17536253 0.15139891 0.047138065 0.054616004 0.027005496 0.37565112 0.2648965 0.0084468955 0.011660596 0.020911528 0.02200765 0.010704462 0.03816961 0.004736754 0.12270585 0.095794305 0.3795023 0.039243706 0.0046282453 0.00485521 0.0017188278 0.0012283224 0.0027490035 0.0014124553 0.0017501622 0.0039348113 2.5945112e-05 0.016435774 0.0045782523 0.001824847 0.009418661 0.00018599276 0.79458076 0.0001389324 0.0002550598 0.00038505148 3.5253495e-05 0.0005879762 0.00013640603 9.29912e-05 0.00044149044 7.87297e-06 0.00019858374 3.7472844e-06 3.8796712e-05 3.272914e-05 7.14893e-06 1.8267457e-06 3.6091055e-07 4.1017433e-06 1.5336196e-05 2.4218698e-05 7.636105e-05 0.0021648244 0.012630368 3.5498797e-05 2.8913582e-06 1.3697579e-06 2.0179403e-05 4.1083927e-05 2.7121278e-05 9.482953e-07 2.5041156e-05 5.164886e-07 1.047733e-06 2.004619e-05 7.2892967e-06 6.3178186e-06 6.886716e-05 4.2183674e-06 9.45748e-06 8.654413e-06 5.10812e-06 2.3785014e-07 8.886839e-07 6.0730906e-07 5.1396114e-09 2.384752e-07 4.1961425e-08 2.917887e-06 9.1142795e-08 9.791236e-07 6.9366195e-07 6.270276e-09 0.012457817 0.03529321 4.0579593e-08 2.6821548e-10 1.078905e-06 1.4212267e-08 1.8186148e-09 9.1355963e-07 2.262034e-09 3.0836978e-07 3.0083978e-08
0.0027411852 0.39620495 7.853221e-24 0.32351166 0.5462508 0.17163801 0.49375394 0.17305796 0.115753606 0.075242 0.059115153 0.2410483 0.074457236 0.025284547 0.013007819 0.016767846 0.029255234 0.007473874 0.041356687 0.0048830826 0.08389635 0.035978016 0.15708059 0.060178675 0.0060949423 0.0018240039 0.0100772055 0.002553896 0.002582392 0.0038840733 0.0017266227 0.0009473043 0.00035257175 0.0058986554 0.002725993 0.0018133493 0.0026427354 2.060686e-05 0.36616287 0.00028426852 4.1626292e-05 0.00018925968 0.0002119147 0.000116069954 1.3318068e-05 2.9625924e-05 0.00063143676 5.2137475e-05 0.00014381758 3.5145436e-05 8.7424894e-05 1.2881284e-05 1.0984112e-05 1.2947261e-05 1.4350328e-06 5.275751e-06 1.0817284e-05 0.00013419676 0.00010276925 0.0010251098 0.0052659796 1.5530906e-05 1.8288873e-05 2.5218826e-06 8.012082e-06 3.139781e-05 2.0135167e-05 5.620093e-07 1.9474846e-05 2.1590491e-05 1.8067103e-06 4.26715e-05 1.3531952e-05 1.3349132e-05 2.2577775e-05 7.498125e-06 1.0424471e-05 1.6682106e-05 6.281631e-05 1.8673602e-06 1.1765518e-06 4.929629e-07 9.259377e-07 4.69203e-07 4.5487516e-07 9.146498e-06 3.6046423e-08 5.179105e-06 2.4980238e-07 1.0770257e-06 0.02568148 0.014131299 2.024152e-07 2.6837275e-09 7.9507504e-07 7.0301894e-07 4.15898e-08 1.0208897e-06 1.7514694e-08 5.451231e-06 4.198833e-06
0.038028426 0.58103174 0.32351166 3.5615957e-18 0.18990308 0.06874572 0.20262927 0.08947138 0.07631842 0.028236719 0.066663235 0.13749968 0.47148195 0.025259743 0.014547749 0.010352557 0.06633654 0.008961249 0.096513346 0.009436025 0.21807197 0.045400746 0.2801058 0.076679416 0.00464761 0.0064250077 0.0037408827 0.0031120584 0.0023409566 0.004084422 0.005206451 0.002518949 0.00037822415 0.004310477 0.0015451146 0.0009953349 0.028263593 0.00036762722 0.80738777 0.0003069563 0.00051762286 0.0005223363 0.00026608616 0.0005275525 0.00028387218 0.00043596214 0.0011410837 0.0001557978 0.0014216057 7.034778e-05 0.00032829752 0.00017888285 5.7876628e-06 1.1797602e-05 3.5406058e-05 7.922873e-05 0.00045144162 7.433225e-05 1.6989487e-05 0.0034787133 0.006025229 0.000123028 8.349282e-05 2.4670124e-05 9.477746e-05 4.3056e-05 0.00012653595 7.850795e-07 2.0355055e-05 7.696191e-06 1.1600716e-05 6.4766755e-05 2.142456e-05 3.14085e-05 4.2580807e-05 2.8374863e-05 3.5276041e-06 8.475569e-06 5.9539176e-05 1.6022542e-06 1.1054622e-06 1.5880572e-07 1.955625e-07 1.1696908e-07 8.702578e-07 1.4564293e-06 2.5184145e-08 8.0729376e-07 1.1438696e-07 7.368215e-07 0.041722175 0.13338639 1.0090089e-07 5.4863783e-08 2.726081e-07 2.6025983e-08 1.6021845e-07 8.8349246e-08 5.730283e-09 7.5830317e-06 5.163911e-09
0.032479096 0.22024444 0.5462508 0.18990308 2.0228541e-23 0.32062677 0.68304545 0.42013168 0.33314416 0.17503998 0.22721079 0.13198508 0.021832969 0.054901697 0.058378078 0.061238877 0.07876243 0.028722744 0.021071771 0.016674774 0.025073407 0.057099517 0.0841314 0.053923856 0.021593995 0.01271393 0.015632788 0.0038436763 0.008759646 0.0077629476 0.003863798 0.009420987 0.00031316542 0.010672247 0.008134921 0.0063517476 0.0011382698 0.00022187129 0.09380855 0.00049465336 0.00018058957 0.0015409745 0.0004030205 0.0010456359 0.00010742398 0.00010063129 0.0021705413 0.00018775389 0.00021585953 6.1439285e-05 0.00057439046 0.00014554783 3.120137e-05 2.2105427e-05 1.1798159e-06 9.699724e-06 5.0831644e-05 0.0005616279 0.00053429493 0.0017471887 0.0040751463 7.090141e-05 0.00018639104 1.4011976e-05 4.5679837e-05 0.00011680073 0.00010134051 4.0461737e-06 7.1661685e-05 2.0411528e-05 4.535609e-05 6.2462605e-05 4.767942e-05 6.2012994e-05 0.0001444379 9.294633e-05 5.3960302e-05 5.671875e-05 0.00042522108 3.693795e-05 2.1195551e-06 1.9047258e-05 5.61863e-07 2.8052293e-06 5.028557e-06 2.9508872e-05 4.7713143e-06 4.684736e-06 3.7844227e-06 7.3659816e-05 0.036688473 0.05070307 2.2461643e-06 6.205165e-08 1.5551218e-06 6.418822e-06 6.4439905e-07 5.1333977e-06 3.5966087e-07 1.8244884e-05 5.7018773e-05
0.09018212 0.07987589 0.17163801 0.06874572 0.32062677 3.7338905e-24 0.18641366 0.46920845 0.14254257 0.14181495 0.14812502 0.8407239 0.035402473 0.04311266 0.060028233 0.05653538 0.08468916 0.021795362 0.026669716 0.032568384 0.031879056 0.21050937 0.27460802 0.099243134 0.00938863 0.011527922 0.017571295 0.008551418 0.0025827414 0.0071145524 0.008874074 0.0055286633 0.0010672318 0.038036805 0.0077489046 0.0014878002 0.0020148067 0.0012725781 0.31885377 0.0013936453 0.00079283764 0.0039597508 0.00024253635 0.00085077726 0.00032919546 0.00026424366 0.0029981106 0.0006027928 5.104291e-05 5.380614e-05 0.0007842202 0.00012968054 2.4013766e-06 3.164011e-05 1.4588007e-06 1.8073455e-05 4.6642846e-05 4.9428767e-05 0.00022023708 0.4159714 0.07239929 0.00018751391 0.0002519681 9.245995e-06 0.00026661908 1.6122134e-05 8.391094e-05 5.900494e-07 6.1529313e-06 1.002503e-05 0.00014697322 8.980108e-06 4.999737e-06 4.829726e-06 1.1424642e-05 2.5567362e-05 9.706683e-06 1.9485806e-05 0.00043706514 7.8928015e-06 4.630629e-06 5.7046185e-07 1.1402008e-06 1.8276987e-08 3.849857e-07 6.545503e-06 1.7581442e-07 3.845269e-06 1.8781627e-07 0.00011369087 0.031077623 0.076094486 4.134219e-07 1.6177203e-06 1.9979149e-08 8.075328e-08 2.9150303e-06 8.572695e-08 9.900631e-08 4.5705265e-06 1.1871974e-06
0.009063458 0.17536253 0.49375394 0.20262927 0.68304545 0.18641366 5.3045196e-24 0.260211 0.52825916 0.08822955 0.43503928 0.038714916 0.07044718 0.17105909 0.06892065 0.021206537 0.2973435 0.01515228 0.07967591 0.05883823 0.089972034 0.015143223 0.026500747 0.1940443 0.0059570894 0.007535169 0.040500857 0.017859813 0.0040222574 0.011564326 0.013059889 0.0021312893 0.0028420049 0.0051729786 0.003452967 0.0023685882 0.0035724456 3.6086032e-05 0.03909004 0.0018338341 0.00014410232 0.00036537545 0.0011784019 0.00023572893 6.041769e-05 8.001174e-05 0.0013219306 0.00015724947 0.0010155325 0.00019744523 0.00025018302 2.7483766e-05 4.0599323e-05 2.1502812e-05 5.4951283e-06 2.4687233e-05 4.306417e-05 0.00048106612 0.00025459367 0.00037539788 0.0013413433 1.3699247e-05 6.386208e-05 1.2852877e-05 1.1802148e-05 0.0003921888 2.7275088e-05 2.3710109e-06 0.00017492543 5.1011057e-06 1.2894313e-05 0.00014798419 2.2210765e-05 9.595064e-05 5.000359e-05 2.2225195e-05 3.9068906e-05 6.7655696e-05 0.00017017758 1.8019724e-05 2.786129e-06 2.6209855e-06 2.1881188e-07 6.5701465e-07 1.164528e-06 2.7505164e-05 5.43308e-07 5.939781e-06 9.995222e-07 9.286468e-06 0.0031371783 0.021003049 6.4212986e-07 1.9199254e-08 1.0633507e-06 1.6035291e-06 8.442654e-08 8.501177e-07 1.8996371e-07 1.2905225e-05 4.9376653e-05
0.8592691 0.15139891 0.17305796 0.08947138 0.42013168 0.46920845 0.260211 2.4185034e-21 0.28450933 0.6510057 0.33800426 0.25675896 0.009551808 0.18171637 0.30090487 0.53528696 0.1187199 0.40178022 0.012286493 0.21634018 0.0069718496 0.5815093 0.36027947 0.03553923 0.18971951 0.20699623 0.015005686 0.011077491 0.15430199 0.055409793 0.033756115 0.20473562 0.0022209678 0.25209296 0.22707841 0.13268435 0.0009747788 0.06738102 0.33350575 0.016110756 0.10564974 0.1657747 0.005088221 0.06527419 0.04876114 0.038834523 0.089932345 0.016590498 0.00019890406 0.0015588237 0.046455435 0.02136035 0.0018847904 0.002446435 1.6626642e-05 0.004278097 0.0076437127 0.00423754 0.008228152 0.385714 0.48296303 0.0098454235 0.018519918 0.005672703 0.012010085 0.0022233943 0.015367493 0.0013191605 0.00089691574 0.0026323544 0.005020129 0.0015046399 0.0013598189 0.00085328845 0.00635258 0.009438851 0.0008478645 0.0012940066 0.04998934 0.0012805004 0.0009835856 0.000188329 0.0006019242 2.2146212e-05 0.0001731817 0.0007914529 0.00017046997 0.00040436492 2.655078e-05 0.0027507513 0.2562785 0.4692317 0.00022595104 0.00065555016 0.0002648343 1.934315e-05 0.0019297649 0.00053318474 0.00015593381 0.0015305266 0.00026631617
0.03690271 0.047138065 0.115753606 0.07631842 0.33314416 0.14254257 0.52825916 0.28450933 6.772777e-21 0.10129709 0.48988384 0.032480642 0.015797043 0.25538498 0.15135705 0.025049282 0.30760294 0.024838315 0.02309727 0.13522846 0.016400147 0.019037263 0.023272602 0.105336115 0.017462146 0.031089852 0.0389389 0.022344438 0.009171813 0.03130298 0.042224873 0.009047853 0.0110853845 0.005807795 0.004256002 0.0039893007 0.002289623 0.0005040467 0.025427999 0.01021976 0.0012343246 0.010884144 0.0066656685 0.0015547319 0.00049073773 0.00043579756 0.011796534 0.003146764 0.0015515815 0.002569535 0.0033853957 0.00042272152 9.586705e-05 0.0005846916 0.00021586963 0.00024027466 0.00027618255 0.00052368373 0.00041331296 0.0007159406 0.0031946832 0.00028183666 0.0021720147 0.0003100626 0.00023751208 0.0013888039 0.00048935786 4.1454357e-05 0.00031048633 0.0008459899 0.0006283024 0.00046844876 0.00019272874 0.0003111966 0.00029967385 0.00062652415 8.0848105e-05 0.00014138671 0.00049340975 0.00026110263 2.3311606e-05 4.4943554e-05 0.0001572913 6.81625e-06 5.233634e-05 5.8596368e-05 2.6983998e-05 1.2688621e-05 1.5879708e-05 0.0039168047 0.009419105 0.04157886 1.9923355e-05 6.288446e-05 1.1440224e-05 7.147218e-06 9.706687e-05 2.1291855e-05 1.371054e-05 5.0324026e-05 0.0004254768
0.066359684 0.054616004 0.075242 0.028236719 0.17503998 0.14181495 0.08822955 0.6510057 0.10129709 1.647587e-18 0.15634006 0.027501946 0.0013457779 0.101375915 0.3259604 0.43391043 0.046888705 0.46396244 0.0034196062 0.1633709 0.0015546393 0.20598881 0.07466105 0.007013279 0.2598506 0.25564748 0.0084727295 0.005062459 0.1598568 0.09167241 0.02087036 0.26211926 0.000994814 0.10888782 0.10254518 0.1317322 0.0002494269 0.07925117 0.0671826 0.019730685 0.096246675 0.1363258 0.008830988 0.1388591 0.1016646 0.054310586 0.14745781 0.029288622 6.2603816e-05 0.00196377 0.10998871 0.04408399 0.004446816 0.0022390725 3.582534e-06 0.0064014303 0.017477687 0.015245081 0.028684216 0.033393044 0.08802961 0.025457546 0.034962196 0.0058334596 0.014570534 0.007274932 0.017076295 0.0019287363 0.004549663 0.0012567001 0.008003873 0.0050011063 0.004352329 0.0041760607 0.005503623 0.0056582736 0.0044968277 0.006343448 0.020392442 0.0020105636 0.0008194596 0.00074416195 0.00012198576 0.0001397863 0.0015570667 0.0026507913 0.00021140823 0.0009890251 0.00050960295 0.00072225527 0.030175189 0.10993637 0.00011290794 4.8783204e-05 0.00073674455 0.00062286353 0.00011894062 0.0018289211 3.175404e-05 0.00020121528 0.0025750154
0.028796194 0.027005496 0.059115153 0.066663235 0.22721079 0.14812502 0.43503928 0.33800426 0.48988384 0.15634006 1.4528025e-20 0.02433359 0.01355969 0.49595287 0.33035067 0.04016792 0.42960975 0.060335584 0.026884748 0.42664054 0.015591612 0.015825368 0.012644041 0.15617983 0.027359605 0.111116745 0.0833961 0.049565163 0.012875914 0.10625184 0.17285502 0.030874139 0.030173045 0.006142534 0.005467583 0.0045118425 0.0017286987 0.0010983526 0.014897049 0.047089048 0.0029060373 0.03386768 0.024943218 0.0039172308 0.0008631586 0.00035637716 0.041922785 0.01838664 0.0025776443 0.011880062 0.0134757655 0.0007582909 2.397506e-05 0.0049993987 0.00055054 0.00021218021 0.00020408051 0.00031311376 0.0006097861 0.00035214482 0.002781413 0.00042360937 0.008857456 0.00026550516 0.00047307654 0.0006828414 0.00044625517 4.601655e-05 0.00035837333 0.0021859729 0.002224041 0.00034830935 0.00012237833 0.00046142522 0.00018232038 0.000413891 7.7708166e-05 0.00030202107 0.00032741146 0.0002560151 1.690046e-05 6.581348e-05 0.0003480782 4.921491e-06 8.1138e-05 5.7962323e-05 4.205664e-05 1.539534e-05 2.8308154e-05 0.0034134842 0.0033705963 0.024196012 4.112548e-05 2.454696e-05 1.3285808e-05 2.1996702e-05 4.8511432e-05 5.6118344e-05 1.007953e-05 5.196611e-05 0.0008780421
0.105560474 0.37565112 0.2410483 0.13749968 0.13198508 0.8407239 0.038714916 0.25675896 0.032480642 0.027501946 0.02433359 1.6944785e-21 0.04364796 0.0029573294 0.009787699 0.008810903 0.014433092 0.0051706336 0.0021853924 0.0027420176 0.0065692263 0.06667462 0.66398835 0.0057973717 0.0011516166 0.00252574 0.00031799756 0.00020474645 0.0006182922 0.0005977782 0.0003434123 0.00083315885 2.3854618e-05 0.0034218852 0.0010229422 0.00024494217 0.0015558288 0.00029477695 0.15184626 1.8433735e-05 0.00017660164 0.0001248188 8.226452e-06 0.0001356778 6.514643e-05 6.155388e-05 0.00022567884 2.2485592e-05 0.0002408753 3.1240743e-06 0.0001446055 2.36498e-05 7.5838517e-07 1.5973886e-06 2.0161222e-05 5.008773e-07 5.9748236e-06 9.614644e-06 4.696444e-05 0.008319944 0.014062814 4.8754653e-05 2.7148033e-05 5.178677e-07 3.2106633e-05 3.840202e-07 2.712314e-05 1.1040993e-07 1.2723748e-07 2.4097158e-06 1.6173168e-05 2.3385955e-07 2.0846387e-07 2.0448718e-07 1.2013761e-06 4.423354e-06 1.8421706e-06 2.1856779e-06 8.6838336e-05 1.57906e-06 9.419795e-07 2.0420977e-08 1.525889e-07 8.041816e-09 7.578245e-08 2.0577659e-07 1.2226877e-08 2.4821347e-07 2.3823821e-08 4.267681e-06 0.001081937 0.0047719 6.42634e-07 1.9823811e-07 2.022854e-08 4.653645e-08 7.3248816e-07 8.9447475e-08 5.663029e-08 2.732935e-05 7.116872e-09
7.862334e-05 0.2648965 0.074457236 0.47148195 0.021832969 0.035402473 0.07044718 0.009551808 0.015797043 0.0013457779 0.01355969 0.04364796 6.6295244e-22 0.0033537436 0.0006720514 9.668484e-05 0.021523489 0.000118981676 0.15787087 0.00044891404 0.4794575 0.00059201947 0.0097263325 0.109619334 8.571597e-05 7.8014025e-05 0.006219109 0.0026336012 6.0209986e-05 0.00011996496 0.00011460475 3.809304e-05 0.0006051209 7.162117e-05 1.8296163e-05 2.6213866e-05 0.21508268 7.3837573e-06 0.12280615 6.0719294e-06 1.5583732e-06 4.2473716e-06 6.1170663e-06 4.7035373e-06 9.437977e-07 3.3935676e-06 4.647217e-05 1.957829e-05 0.004863368 3.2266537e-06 2.0462201e-05 4.215882e-06 1.1462955e-06 9.584264e-07 8.3411964e-05 8.274224e-07 9.101556e-06 1.1802059e-05 8.788194e-06 0.00057367387 0.0013024758 5.2856826e-06 8.6436e-06 8.457897e-07 5.6098247e-06 6.689236e-07 5.085057e-06 4.770823e-08 8.9263114e-07 2.3753005e-07 1.9094443e-06 7.4897275e-06 2.5039856e-06 2.2736558e-06 2.9631417e-06 1.2486558e-06 3.6384301e-06 1.0509519e-05 3.5569062e-06 9.73008e-07 5.3067924e-07 1.0405494e-08 2.1211989e-08 2.987863e-08 1.3146581e-06 4.8977895e-06 1.6984559e-09 3.3740373e-06 2.7738672e-08 1.3204284e-07 0.00016504154 0.00090627745 4.7477386e-08 1.34997e-09 1.17361616e-07 5.1572396e-08 2.547526e-09 5.8599916e-08 1.1577211e-08 4.2922667e-07 1.642807e-08
0.0056998148 0.0084468955 0.025284547 0.025259743 0.054901697 0.04311266 0.17105909 0.18171637 0.25538498 0.101375915 0.49595287 0.0029573294 0.0033537436 2.6583237e-22 0.39003143 0.033500265 0.38755783 0.060061958 0.013001246 0.61743295 0.008536544 0.005375765 0.0036662747 0.15691899 0.021232026 0.10812305 0.11151543 0.059063263 0.007829968 0.24496979 0.32315648 0.032147784 0.05881935 0.0044921255 0.0020417213 0.0021526571 0.0012220392 0.0007623925 0.0028147926 0.09892455 0.0030470088 0.036687277 0.040736478 0.0038722192 0.0005314123 0.00014171921 0.06731526 0.040342625 0.0045563197 0.0194587 0.020866245 0.0007419135 9.486422e-06 0.011347499 0.0027140332 0.000110968394 0.000119460004 0.0001781185 0.00041973518 5.7102196e-05 0.0019936878 0.00038278112 0.021039326 0.00011356495 0.00054662273 0.00020114488 0.00041220034 1.5146312e-05 0.00024548284 0.0072587607 0.003304839 0.00017970342 8.3792664e-05 0.00027485695 9.731176e-05 0.00035129048 0.00010390601 0.0004278366 0.0004506938 0.00018687375 3.3717806e-05 3.8269387e-05 0.00086429744 2.6424138e-06 4.549641e-05 9.760889e-05 2.1988963e-05 3.8392616e-05 1.4658974e-05 0.0012304567 0.0010177044 0.005845151 2.937018e-05 1.1599631e-05 1.1522749e-05 2.0493077e-05 1.2482612e-05 4.679879e-05 5.5935793e-06 1.4867499e-05 0.0007360806
0.023280261 0.011660596 0.013007819 0.014547749 0.058378078 0.060028233 0.06892065 0.30090487 0.15135705 0.3259604 0.33035067 0.009787699 0.0006720514 0.39003143 2.5542845e-20 0.15711652 0.14063856 0.33720967 0.0033852798 0.4194754 0.0013303154 0.028979702 0.00849461 0.013966277 0.13398194 0.41490883 0.039375857 0.020066153 0.06289218 0.23471504 0.0908401 0.2623648 0.012743247 0.018634468 0.029420609 0.03156295 0.00039189775 0.009496689 0.011718157 0.053003337 0.043211505 0.26292124 0.048411284 0.04404993 0.015329449 0.006337973 0.24463148 0.09419527 0.00018417316 0.02992942 0.23259917 0.015580857 0.00097185525 0.02591915 2.326044e-05 0.0055487114 0.0021565582 0.0017597832 0.0036383576 0.0008587466 0.008307437 0.016251078 0.11742058 0.004167521 0.013906403 0.0034090953 0.011872054 0.0017291678 0.001256058 0.016380263 0.04115535 0.001221109 0.0007000502 0.001238112 0.0017610762 0.0059670317 0.0009014027 0.0020920436 0.0058824564 0.0031960807 6.578348e-05 0.0003312996 0.003226939 3.1027866e-05 0.0013242395 0.0008823007 0.00017841789 0.00023930232 0.0005377132 0.0055815345 0.0034103098 0.024040435 0.00015485924 0.0002847702 0.00017845634 0.00021234255 0.00053803786 0.0004872209 5.8930378e-05 5.207476e-05 0.0025789868
0.48158383 0.020911528 0.016767846 0.010352557 0.061238877 0.05653538 0.021206537 0.53528696 0.025049282 0.43391043 0.04016792 0.008810903 9.668484e-05 0.033500265 0.15711652 2.8291154e-20 0.010838077 0.45753834 0.00045865864 0.0670207 0.00021760027 0.4660807 0.046742294 0.0007225811 0.7930714 0.16255793 0.0022640943 0.0008541702 0.49138284 0.043971084 0.005791658 0.24008507 7.336914e-05 0.36689788 0.41239074 0.40078193 0.00014631468 0.36428472 0.029291647 0.005161086 0.2809378 0.19023639 0.0027448486 0.22885028 0.28824976 0.26141024 0.098883964 0.010482948 4.418086e-05 0.000943145 0.12276303 0.12201765 0.034403574 0.00097427546 5.6593444e-07 0.047488056 0.06970144 0.024823165 0.06454547 0.12183487 0.28511015 0.067389406 0.019388445 0.070154265 0.048461314 0.02994281 0.06074848 0.012284695 0.011246186 0.00054162816 0.01619813 0.009394157 0.021358594 0.010587947 0.02134313 0.0340103 0.005223829 0.00667066 0.102170825 0.010558766 0.0050249933 0.007280471 0.00014977928 0.002073651 0.002859325 0.0053052492 0.0059043 0.0032981844 0.0010364642 0.0007450094 0.16857412 0.40733063 0.0006468509 0.00035614835 0.004279203 0.0011009134 0.0007269692 0.002648503 0.0004924815 0.0024656893 0.0042861686
0.002728036 0.02200765 0.029255234 0.06633654 0.07876243 0.08468916 0.2973435 0.1187199 0.30760294 0.046888705 0.42960975 0.014433092 0.021523489 0.38755783 0.14063856 0.010838077 3.1713938e-22 0.013782492 0.10477976 0.33612338 0.059123766 0.004348444 0.0037186195 0.39356914 0.0029165335 0.040826805 0.2634217 0.18757448 0.0024098896 0.08497651 0.22049429 0.0043138904 0.16637594 0.0023504326 0.001762274 0.0010418895 0.0078565525 4.4018354e-05 0.009642693 0.05453122 0.00022542094 0.0032603205 0.047309116 0.0003843676 7.295371e-05 8.3087e-05 0.006727327 0.0019514195 0.011738043 0.01286897 0.0008892813 0.00013525547 1.1780918e-05 0.001310276 0.004568034 0.00018135482 0.00016479446 0.00041666505 0.00022809597 0.00031877824 0.0005487279 3.8059814e-05 0.00038104053 8.595057e-05 4.164122e-05 0.00030799376 5.63042e-05 5.002403e-06 0.00034499256 9.6600976e-05 0.000106964246 0.00024250097 4.098535e-05 0.0001849014 6.147685e-05 7.407198e-05 0.00010346154 0.00023442149 7.9230245e-05 2.5968628e-05 4.18644e-05 5.7537286e-06 2.8081656e-06 7.491467e-07 9.1212805e-06 4.145685e-05 2.1435849e-06 8.80012e-06 5.171435e-06 7.3838244e-05 0.00016431033 0.0036666768 4.877195e-07 1.2001068e-07 9.908276e-07 1.5970049e-06 3.3208235e-07 1.1034019e-06 5.6582707e-07 2.05345e-06 0.00022002506
0.021191074 0.010704462 0.007473874 0.008961249 0.028722744 0.021795362 0.01515228 0.40178022 0.024838315 0.46396244 0.060335584 0.0051706336 0.000118981676 0.060061958 0.33720967 0.45753834 0.013782492 1.3066977e-20 0.0003527749 0.124763206 0.00020270237 0.099439636 0.018658113 0.0009572677 0.4615854 0.299222 0.0025994077 0.0014733395 0.22121592 0.08480852 0.015109992 0.3956349 0.00040676523 0.084355354 0.12674746 0.19564477 6.119684e-05 0.2001142 0.017033322 0.023077536 0.2514638 0.3373344 0.007093807 0.27694348 0.19870314 0.15696712 0.20492834 0.05040745 1.50810765e-05 0.0018328263 0.2548258 0.16238612 0.026679968 0.004142257 5.395798e-07 0.039073605 0.046366338 0.028861579 0.05006083 0.010269769 0.030198522 0.10635786 0.11450816 0.02540933 0.065572105 0.018638965 0.07376344 0.0076572183 0.012780274 0.003730574 0.0694104 0.012458714 0.013542468 0.010344793 0.012120308 0.03177029 0.00994244 0.007970938 0.017345661 0.010049814 0.0030196388 0.0031918862 0.00053314253 0.0009536735 0.0054865177 0.005739617 0.001267473 0.003730857 0.0041687433 0.0013015704 0.0049018534 0.030038625 0.0003511411 0.0003322187 0.0024780242 0.003287915 0.00056654017 0.003068003 7.2282026e-05 0.000377228 0.008553461
7.1395407e-06 0.03816961 0.041356687 0.096513346 0.021071771 0.026669716 0.07967591 0.012286493 0.02309727 0.0034196062 0.026884748 0.0021853924 0.15787087 0.013001246 0.0033852798 0.00045865864 0.10477976 0.0003527749 1.316516e-25 0.0067735463 0.46216366 0.00091728574 0.00074567157 0.50149614 0.00017849618 0.000395196 0.11764087 0.09308303 0.00018569783 0.0012294727 0.0039903717 3.7551705e-05 0.021485155 0.0005335655 0.00016542777 0.00010802342 0.1530528 2.6271414e-06 0.0019975961 8.0027e-05 4.3932782e-06 2.0915e-06 0.00026184396 1.1729829e-05 4.693093e-06 2.4179582e-05 1.2644769e-05 2.0862806e-06 0.007937274 9.604664e-06 2.2442819e-06 7.505007e-06 4.15925e-06 1.0747171e-06 0.00010694038 7.2133803e-06 2.0512216e-05 6.688464e-05 8.810722e-05 0.00014042416 0.0003747815 3.7281568e-06 5.354625e-07 2.738556e-06 1.9845177e-06 1.9049308e-05 3.909878e-06 1.3171523e-07 1.6307558e-05 1.4503162e-07 3.4120788e-07 2.016705e-05 4.1677667e-06 7.835661e-06 7.4006066e-06 1.1699614e-06 0.00011776206 0.0001056823 2.9710193e-06 1.3248989e-07 2.245755e-06 1.0386024e-08 9.6734185e-09 1.0021459e-08 9.9112306e-08 2.1631937e-05 1.4361999e-09 1.17265745e-05 3.3062413e-08 6.192337e-08 3.1923364e-06 0.00021603005 5.3787406e-09 1.5731919e-10 1.1941477e-08 1.6118344e-08 3.2491365e-10 3.113968e-09 1.0580405e-09 2.7903985e-07 1.9937266e-07
0.0089544235 0.004736754 0.0048830826 0.009436025 0.016674774 0.032568384 0.05883823 0.21634018 0.13522846 0.1633709 0.42664054 0.0027420176 0.00044891404 0.61743295 0.4194754 0.0670207 0.33612338 0.124763206 0.0067735463 3.2754118e-22 0.0023090797 0.0066431263 0.0021007515 0.056493383 0.035908926 0.28223893 0.073275745 0.045294296 0.032079794 0.39600706 0.38305843 0.12084469 0.06364648 0.0062922314 0.0071756197 0.010105316 0.00034902542 0.00472613 0.0029472199 0.18823327 0.024699686 0.10185113 0.101515844 0.017506557 0.005687306 0.001650701 0.1903205 0.12044183 0.0034472074 0.05444816 0.11323549 0.0047493083 0.00052095077 0.026547277 0.0043812017 0.00093498256 0.00051262847 0.0013301751 0.0035457169 0.00013635347 0.0021096687 0.00755174 0.12064602 0.0006314874 0.007763695 0.0007849138 0.003183001 0.0003212622 0.0005942734 0.018801175 0.014245786 0.00036015446 0.00023036293 0.0004250885 0.00052371767 0.0009991624 0.00094278046 0.001126033 0.0017176348 0.000885387 0.00010430722 8.725489e-05 0.0028751914 1.30539365e-05 0.00021244728 0.00018046526 4.20647e-05 6.532112e-05 0.00036081078 0.0041710082 0.0003091942 0.01378885 2.6097303e-05 8.122548e-05 2.7620164e-05 0.00013216512 0.00015259262 0.00012437487 6.45525e-06 8.734389e-05 0.003445886
1.729584e-06 0.12270585 0.08389635 0.21807197 0.025073407 0.031879056 0.089972034 0.0069718496 0.016400147 0.0015546393 0.015591612 0.0065692263 0.4794575 0.008536544 0.0013303154 0.00021760027 0.059123766 0.00020270237 0.46216366 0.0023090797 4.636895e-25 0.00046143495 0.0021514432 0.38792616 9.641552e-05 9.653283e-05 0.07315228 0.049418777 0.00011578241 0.00034827497 0.0012654137 2.76326e-05 0.006571723 0.0003857351 0.00018869305 0.000105307234 0.56666607 1.6760122e-06 0.013418928 2.8079772e-05 1.0167424e-05 2.0334965e-06 5.9293532e-05 1.4730768e-05 5.6942235e-06 7.913845e-06 6.7014926e-06 8.4073696e-07 0.020173447 4.1523494e-06 1.7328135e-06 7.115078e-06 7.842291e-06 4.5260379e-07 0.000120250996 3.0939798e-06 7.1025083e-06 5.7310706e-05 1.8530998e-05 0.00017674739 0.00019229985 3.135931e-06 4.983682e-07 7.479146e-07 3.91375e-06 1.2900524e-05 2.1133303e-06 1.02493765e-07 9.6414005e-06 5.389064e-08 7.9588597e-07 6.7952333e-06 1.687721e-06 2.510906e-06 1.6561513e-06 4.8537805e-07 1.2936708e-05 1.3256813e-05 6.6115996e-07 2.2244109e-07 1.7074355e-07 5.4175464e-09 2.6228493e-09 2.8267684e-09 4.9228664e-08 3.7810678e-06 1.1695457e-09 3.423907e-06 1.456435e-08 8.322545e-09 7.0141805e-06 0.00013467188 5.393853e-09 7.7703705e-11 8.254426e-09 2.1018234e-08 1.49046e-10 4.556866e-09 8.6273094e-10 6.9086667e-07 2.6317956e-08
0.14467968 0.095794305 0.035978016 0.045400746 0.057099517 0.21050937 0.015143223 0.5815093 0.019037263 0.20598881 0.015825368 0.06667462 0.00059201947 0.005375765 0.028979702 0.4660807 0.004348444 0.099439636 0.00091728574 0.0066431263 0.00046143495 7.2702845e-22 0.18381672 0.0005284622 0.22000301 0.027905766 0.00075519993 0.0005244219 0.12748028 0.0017624991 0.00039265963 0.030335665 3.7198624e-05 0.681967 0.33022016 0.13452025 0.00018637025 0.049902402 0.0648464 0.00029738742 0.032005932 0.026565647 0.000238737 0.018263591 0.023453906 0.027930746 0.0045600687 0.00042503257 1.19099e-05 7.3913696e-05 0.003525074 0.013236607 0.00059742626 0.000104034225 1.1423019e-07 0.005658992 0.009976071 0.0008198142 0.0048236134 0.9065805 0.6783377 0.004501341 0.00073649135 0.0055645746 0.0039923545 0.0010708796 0.005427834 0.00088358735 0.00046605876 0.0004200996 0.0007094602 0.00039130973 0.0020086216 0.00012020398 0.0067706467 0.004399922 0.0002683445 0.00092722836 0.053786635 0.0004874268 0.0006932169 0.00032037278 0.00015146969 8.5955566e-05 1.0792327e-05 0.00016636914 0.00024358364 0.00019931176 6.464185e-07 0.00090125913 0.08322874 0.23654303 0.0002482394 0.00024912567 0.00021080444 2.8014038e-06 0.0010744104 0.0002550014 6.949876e-05 0.0012200142 3.2376323e-05
0.34953627 0.3795023 0.15708059 0.2801058 0.0841314 0.27460802 0.026500747 0.36027947 0.023272602 0.07466105 0.012644041 0.66398835 0.0097263325 0.0036662747 0.00849461 0.046742294 0.0037186195 0.018658113 0.00074567157 0.0021007515 0.0021514432 0.18381672 2.9649536e-21 0.00084465207 0.006321653 0.0043199025 0.0002334577 6.864966e-05 0.0024331454 0.00062483543 0.00011640584 0.0046816743 5.104225e-06 0.019270908 0.0048429337 0.0028036118 0.0011004994 0.0019063911 0.47526306 0.0001107089 0.000717356 0.0014411139 7.560729e-05 0.0012202939 0.0002572113 0.00036521556 0.00063625845 5.734187e-05 0.00010120808 1.3252893e-05 0.00021932513 0.00017110372 5.6250233e-06 9.679606e-06 5.96515e-08 6.6396647e-06 3.5359895e-05 0.00022352682 0.00024883458 0.0059166956 0.121909745 0.0005797977 4.6972324e-05 3.3941046e-06 0.00044235968 1.0391855e-05 0.00014151823 2.6312864e-06 2.7179415e-06 4.8543876e-05 6.949349e-06 3.336615e-06 1.677233e-05 6.923791e-07 0.00012251589 3.843478e-05 6.580654e-06 5.7249167e-06 0.0003473172 1.221679e-05 8.642977e-07 1.907455e-06 2.8964444e-06 4.0801488e-06 1.5241516e-08 2.1113904e-06 1.9651692e-07 3.2932542e-06 2.691884e-07 1.9975625e-06 0.016170148 0.018916303 2.2947795e-06 1.8417954e-07 1.3454659e-06 8.380385e-09 1.3044638e-07 1.5567555e-06 8.3795936e-07 5.7945717e-06 2.5143203e-08
3.5947472e-05 0.039243706 0.060178675 0.076679416 0.053923856 0.099243134 0.1940443 0.03553923 0.105336115 0.007013279 0.15617983 0.0057973717 0.109619334 0.15691899 0.013966277 0.0007225811 0.39356914 0.0009572677 0.50149614 0.056493383 0.38792616 0.0005284622 0.00084465207 1.2532422e-24 7.060021e-05 0.0051168534 0.43024516 0.3568959 0.00010066471 0.018161202 0.069402404 0.00029208467 0.24804427 0.00042489253 3.4896388e-05 3.0598727e-05 0.1591637 2.6877913e-06 0.003908197 0.0036487558 9.13433e-06 4.7156038e-05 0.007123209 3.122737e-06 6.56456e-07 4.3177233e-06 6.0596976e-05 4.550856e-05 0.044730578 0.0005790796 4.06418e-06 1.6101045e-06 9.815301e-07 6.3535463e-06 0.009561752 4.7544603e-07 2.332783e-06 8.567758e-06 4.6632304e-05 0.00013769408 0.00039268637 1.1786619e-06 3.4672912e-06 2.3436635e-07 3.0940182e-06 4.502184e-07 5.67082e-07 5.9946224e-08 2.2107038e-06 3.5756338e-07 2.75276e-07 2.7501924e-06 1.8576716e-07 1.3379944e-06 9.084545e-07 2.1767943e-07 6.155359e-05 9.182756e-05 3.270552e-05 5.5008353e-09 1.5998867e-05 2.7859708e-09 3.754782e-08 5.0986004e-10 1.8569916e-07 9.223036e-06 3.2175548e-10 4.0028917e-06 1.2264949e-08 2.1772987e-05 3.0433782e-06 0.00026315526 2.326119e-09 1.1812484e-09 3.7003467e-10 1.1499086e-08 5.572146e-09 7.991781e-10 2.1585414e-10 1.2221683e-07 1.1242614e-06
0.18067914 0.0046282453 0.0060949423 0.00464761 0.021593995 0.00938863 0.0059570894 0.18971951 0.017462146 0.2598506 0.027359605 0.0011516166 8.571597e-05 0.021232026 0.13398194 0.7930714 0.0029165335 0.4615854 0.00017849618 0.035908926 9.641552e-05 0.22000301 0.006321653 7.060021e-05 5.872473e-21 0.14224128 0.0014576516 0.0003646307 0.7897386 0.028150855 0.0029080168 0.30441782 4.3202508e-05 0.20294505 0.5253239 0.48181704 6.518353e-05 0.5387782 0.003210103 0.0031004192 0.3641502 0.24468346 0.0021588774 0.32611632 0.42867088 0.4506326 0.09978003 0.00899492 4.7092668e-05 0.0009533961 0.1383547 0.23942655 0.05925582 0.001447 6.4145166e-07 0.106428936 0.18256317 0.05176087 0.07605125 0.017326012 0.13304184 0.17197232 0.040073615 0.10658991 0.13915624 0.028450303 0.15433593 0.02477278 0.012557991 0.0023046117 0.05984664 0.011284105 0.040250864 0.012661078 0.055722922 0.0874893 0.006768039 0.006897121 0.04843896 0.04719567 0.0054107476 0.023307333 0.00047694382 0.011951152 0.0053975666 0.0043910183 0.015261627 0.0033669225 0.004052689 0.00060611486 0.016773619 0.053577263 0.003577717 0.00439269 0.011493738 0.0017285874 0.002598146 0.010081564 0.0031929745 0.0011193953 0.0031834366
0.02662205 0.00485521 0.0018240039 0.0064250077 0.01271393 0.011527922 0.007535169 0.20699623 0.031089852 0.25564748 0.111116745 0.00252574 7.8014025e-05 0.10812305 0.41490883 0.16255793 0.040826805 0.299222 0.000395196 0.28223893 9.653283e-05 0.027905766 0.0043199025 0.0051168534 0.14224128 7.836564e-21 0.00947775 0.0070361393 0.10605221 0.14223985 0.056770094 0.33320105 0.0065178773 0.030579444 0.059782457 0.07853547 6.392929e-05 0.037691243 0.007558553 0.062113456 0.14913946 0.39019322 0.029135905 0.17672934 0.07510647 0.040579904 0.356326 0.16736534 9.7374505e-05 0.019481502 0.35120714 0.07352879 0.005331654 0.022333346 2.1283919e-05 0.0093027875 0.010638825 0.0068964004 0.017393194 0.00046428118 0.006103137 0.12007658 0.24728672 0.008088845 0.08237168 0.0069978023 0.054104745 0.0072849886 0.003499053 0.030173674 0.114637196 0.0040476597 0.004194721 0.0032085653 0.007015931 0.017824741 0.0025236332 0.0037491792 0.006674946 0.016488556 0.0005439187 0.0010170286 0.0077400384 0.00031433327 0.0029696003 0.0019255072 0.000319251 0.00080129906 0.0040697325 0.006964547 0.0010948105 0.025535198 0.0007917877 0.0028728563 0.0006134014 0.0016411276 0.004346829 0.0010729932 0.00024992452 0.00016018465 0.010198914
2.112178e-06 0.0017188278 0.0100772055 0.0037408827 0.015632788 0.017571295 0.040500857 0.015005686 0.0389389 0.0084727295 0.0833961 0.00031799756 0.006219109 0.11151543 0.039375857 0.0022640943 0.2634217 0.0025994077 0.11764087 0.073275745 0.07315228 0.00075519993 0.0002334577 0.43024516 0.0014576516 0.00947775 9.198254e-29 0.52437294 0.00049512624 0.079150975 0.2384753 0.001474237 0.4710067 0.0012069863 0.0007209106 0.00059806905 0.009833489 5.197937e-06 0.0007234403 0.024751173 6.3183645e-05 0.00034401446 0.038146194 0.00012218089 1.4439789e-05 2.7155544e-05 0.0010182485 4.4012773e-05 0.019719675 0.002039386 5.3920645e-05 1.7070399e-05 2.7495382e-05 4.9328504e-05 0.009398489 6.856541e-06 1.9816594e-05 0.00034675427 0.00023949226 6.127813e-05 0.0003147418 1.2014466e-05 4.180238e-06 2.6505256e-06 7.805119e-06 2.6388469e-05 7.784944e-06 2.5252762e-06 8.556013e-05 1.156042e-06 8.3713746e-07 2.8262943e-05 9.187902e-06 8.165182e-06 2.606047e-05 7.790547e-07 0.0004270018 0.00026415172 3.045093e-05 2.2809192e-07 0.00021197394 3.9372903e-08 2.636091e-08 6.850136e-08 4.811534e-08 0.00012128025 3.0481986e-09 8.3937906e-05 5.785853e-06 2.3618714e-09 7.330329e-06 0.0001401241 3.622215e-09 5.955387e-11 1.0735007e-07 1.2770399e-06 1.1189206e-10 2.847778e-08 1.8341934e-09 5.764249e-07 9.412836e-05
1.7609475e-06 0.0012283224 0.002553896 0.0031120584 0.0038436763 0.008551418 0.017859813 0.011077491 0.022344438 0.005062459 0.049565163 0.00020474645 0.0026336012 0.059063263 0.020066153 0.0008541702 0.18757448 0.0014733395 0.09308303 0.045294296 0.049418777 0.0005244219 6.864966e-05 0.3568959 0.0003646307 0.0070361393 0.52437294 1.828448e-27 0.00025388593 0.032550603 0.14213867 0.00050738145 0.48479322 0.00043614826 9.563429e-05 0.00013921344 0.006618831 7.607231e-06 0.0005101344 0.010062066 1.718554e-05 0.00012662816 0.018400896 4.174046e-05 7.0323595e-06 4.3731525e-05 0.0003233866 0.00013903074 0.019881714 0.0011713152 2.4438137e-05 9.169529e-06 5.731456e-06 6.140795e-05 0.009364737 4.96813e-06 1.7898446e-05 0.00010381073 0.00014337963 7.099113e-05 0.0001491329 2.1463732e-06 5.599461e-06 1.3119152e-06 2.6143598e-06 8.438919e-06 4.9502332e-06 1.4898995e-07 2.2457005e-05 1.4885395e-06 4.7087275e-07 3.473704e-05 1.0800384e-06 1.1640878e-05 3.993695e-06 7.834491e-07 0.0003586298 0.00032738553 2.9674813e-05 7.3523616e-08 5.4016014e-05 4.6298183e-09 1.8859678e-08 2.6470177e-09 6.4952684e-07 0.00011496764 4.763389e-10 6.5816486e-05 5.614511e-07 3.0872081e-07 1.8769211e-06 4.449762e-05 2.2168483e-09 1.5330572e-10 2.526925e-09 9.21746e-08 1.8527821e-10 8.9769386e-10 3.8357273e-10 1.6640539e-07 1.096864e-05
0.60633016 0.0027490035 0.002582392 0.0023409566 0.008759646 0.0025827414 0.0040222574 0.15430199 0.009171813 0.1598568 0.012875914 0.0006182922 6.0209986e-05 0.007829968 0.06289218 0.49138284 0.0024098896 0.22121592 0.00018569783 0.032079794 0.00011578241 0.12748028 0.0024331454 0.00010066471 0.7897386 0.10605221 0.00049512624 0.00025388593 1.10782135e-20 0.008135988 0.0026952198 0.14660755 2.287723e-05 0.2261312 0.8210015 0.84168726 4.110815e-05 0.44324583 0.0006490349 0.0017699264 0.39118996 0.20908302 0.0004145256 0.20101325 0.29477018 0.41161844 0.059543252 0.0070781196 9.8434e-06 0.0006506174 0.09465137 0.14006828 0.10647108 0.0009211623 1.1970114e-07 0.13168281 0.11755389 0.07450164 0.09675035 0.038492147 0.083356544 0.1316872 0.037871815 0.11223105 0.11046645 0.047086686 0.09451775 0.058021236 0.014164307 0.0003530268 0.047363117 0.011881007 0.0563799 0.009894341 0.060669884 0.050057374 0.0050015566 0.0043489393 0.060985807 0.04277785 0.0032129223 0.016257534 7.4932104e-05 0.00801762 0.0027913898 0.0027136877 0.007819727 0.0017622093 0.0026690364 0.00048653764 0.0042513073 0.01380797 0.004369962 0.0014129331 0.010174943 0.0012186926 0.0015413042 0.010701425 0.0017124502 0.00087612285 0.0038918373
0.00016244485 0.0014124553 0.0038840733 0.004084422 0.0077629476 0.0071145524 0.011564326 0.055409793 0.03130298 0.09167241 0.10625184 0.0005977782 0.00011996496 0.24496979 0.23471504 0.043971084 0.08497651 0.08480852 0.0012294727 0.39600706 0.00034827497 0.0017624991 0.00062483543 0.018161202 0.028150855 0.14223985 0.079150975 0.032550603 0.008135988 1.6752077e-24 0.28698373 0.08393326 0.028411318 0.002091596 0.0022768686 0.002123915 0.00013211549 0.0010500964 0.0014552285 0.20421422 0.018951863 0.11001894 0.1294935 0.017829843 0.0043965187 0.00060916325 0.13071266 0.11597462 0.00023053744 0.052924152 0.045282256 0.0033563129 0.00019762946 0.03591529 0.00010593223 0.0007435118 0.00048620693 0.00095759326 0.00064967776 8.494735e-05 0.00040809994 0.0031968337 0.06103472 0.0005465454 0.0029978734 0.00119482 0.0012263617 2.6374504e-05 0.0008488483 0.014616397 0.01008231 0.0005518646 0.0001747852 0.0006849539 0.0001728982 0.00024338996 0.00042177422 0.0002471997 2.537851e-05 0.00010229412 1.5995114e-05 1.7055232e-05 0.00047840137 3.5595294e-06 1.1117161e-05 0.00017130535 5.2572577e-06 7.2415125e-05 9.446514e-05 0.0012886385 4.5113775e-05 0.00028423028 3.5363855e-06 1.5940758e-06 1.2367861e-05 4.3099917e-05 4.6894825e-06 3.1144882e-05 7.48886e-07 4.2039474e-07 0.00067547004
7.561097e-05 0.0017501622 0.0017266227 0.005206451 0.003863798 0.008874074 0.013059889 0.033756115 0.042224873 0.02087036 0.17285502 0.0003434123 0.00011460475 0.32315648 0.0908401 0.005791658 0.22049429 0.015109992 0.0039903717 0.38305843 0.0012654137 0.00039265963 0.00011640584 0.069402404 0.0029080168 0.056770094 0.2384753 0.14213867 0.0026952198 0.28698373 2.9688637e-25 0.010401677 0.41878223 0.00046645963 0.00014475174 0.0006386421 0.00046240518 5.3319138e-05 0.0026043789 0.31961453 0.0020747846 0.0073115695 0.44660926 0.0012681549 0.00021886772 0.00019625727 0.015100924 0.02849017 0.008791996 0.09736832 0.0023309386 0.00022723315 0.00017099132 0.015153089 0.013386525 0.00016395235 0.00012978558 0.00063106354 0.0002689171 0.00013575362 0.0002690543 0.00014974701 0.0028034952 9.343852e-05 0.00011938416 0.0003388408 5.897063e-05 5.5094065e-06 0.00040596302 0.00066709175 0.00011771411 0.0002428956 4.4654524e-05 0.00032036085 3.840646e-05 3.0025814e-05 0.000117540454 0.00024442576 0.0001565065 1.2392595e-05 0.0001336147 2.2394865e-06 7.009867e-06 9.59199e-07 1.1424142e-05 0.00013518093 8.038788e-07 9.269865e-05 4.522962e-05 0.00082347664 4.395256e-06 0.000811858 6.113593e-07 8.5326306e-08 1.024386e-06 8.4669e-06 2.3752644e-07 1.1347055e-06 1.793963e-07 1.121059e-06 0.013918232
