7.797238e-27 0.72521555 0.29027617 0.8985406 0.76713043 0.77459663 0.9805982 0.3297374 0.026560837 0.76885843 0.83499634 0.108352326 0.9839791 0.60241306 0.090151526 0.65333885 0.7807285 0.44727835 0.931325 0.33220252 0.7951671 0.0031855365 0.0025233408 0.08790771 0.8857725 0.37094933 0.09231684 0.9366414 0.85890836 0.0076866266 0.33108103 0.93189204 0.7281708 0.91350216 0.12443654 0.11645947 0.92915803 0.83606297 0.026945975 0.68307877 0.53044504 0.001045943 0.013099175 0.7739188 0.5387197 0.92603344 0.004495809 0.323307 0.7200581 6.6490145e-05 0.0002049897 0.016387295 0.7631055 0.8744719 0.9091231 0.43420652 0.36975774 0.002101983 3.1613657e-05 0.93099844 0.00047235817 0.9734599 0.9731716 2.8092922e-05 0.00030527764 0.96696377 3.5581357e-07 0.4315063 0.023494335 0.24289502 2.4053268e-05 0.96771914 7.922703e-06 0.19323452 1.780864e-06 0.93810177 0.91657627 0.9949246 0.98253655 0.07273301 0.00016454273 0.8007589 0.017547844 0.02423956 0.04484499 0.90946424 0.98411125 5.3852677e-06 0.93321127 0.893692 0.9986483 0.9963975 0.9967008 0.99531 0.9997223 0.99925125 0.8981632 0.73498183 0.9992651 2.6812781e-08 0.9994519
0.72521555 2.5500395e-20 0.93940705 0.9551975 0.87457937 0.96399766 0.14862783 0.9072486 0.54513896 0.04301735 0.02336088 0.46665123 0.0024707385 0.0045782155 0.14084938 0.00554978 0.33817923 0.0021119665 0.2466678 0.05789883 0.037133705 0.096135795 0.07606253 1.6951824e-05 0.16409218 0.002692562 0.0029854411 0.12760098 0.051061425 0.027813045 0.000561773 0.0031642586 0.0011658928 0.006152956 3.267199e-06 6.971085e-05 0.024620749 8.500145e-06 0.00041730193 1.0004234e-06 3.028277e-06 1.2157827e-05 0.021890711 7.042665e-05 2.173212e-05 0.0028654041 0.461051 3.6427145e-06 0.0049687317 0.026269328 0.00015895505 1.0163812e-06 4.8103902e-05 0.00051037944 1.017695e-05 0.0006292312 2.6898915e-06 3.7931994e-08 0.009127373 0.0074195317 0.005110708 0.04722742 0.023470793 2.6842219e-05 2.3077762e-08 2.6022599e-05 0.00253055 0.00059201324 6.8384065e-06 9.468075e-06 4.7199996e-05 0.0040484476 0.02335496 3.2624165e-08 1.3290256e-07 0.00065071794 6.4148503e-06 0.054052178 0.020362504 9.017362e-06 2.0695802e-07 0.0004194895 3.2712884e-05 1.3652249e-06 5.3408195e-07 0.0013650492 2.2765112e-06 8.759139e-07 0.00052114704 6.072587e-05 0.0099776 7.046656e-05 0.0020101112 0.0032300607 0.007754346 0.0035893298 3.6560305e-06 4.7211447e-08 0.00058158033 0.00031659988 1.2534234e-06
0.29027617 0.93940705 1.9323109e-18 0.8556862 0.9855684 0.35673332 0.045724373 0.5957666 0.2000497 0.0048092757 0.0118400445 0.024162762 0.0012697136 0.12658393 0.00797671 0.028687848 0.4439506 0.00020676735 0.4103074 0.4299429 0.13922468 0.012506612 0.011884119 6.130923e-05 0.07688628 0.00011647325 0.0069659483 0.1996134 0.098659 0.0012819526 0.000627664 0.008709695 0.001720668 0.050759424 7.978578e-06 4.3899818e-06 0.057704337 1.0258022e-05 1.3325603e-05 3.2641813e-06 1.8105076e-05 4.1307983e-05 0.00016543313 0.0005531231 4.8643185e-05 0.014919101 0.0077094953 3.435432e-05 0.03923178 0.00060921005 0.00020555545 9.963102e-07 0.00013426435 0.0009357862 5.854353e-05 0.0024565463 1.31711695e-05 7.8042476e-08 0.00012289631 0.015732672 0.00031407198 0.026221696 0.037535403 2.4959343e-06 1.2178066e-07 0.00012549796 9.591278e-05 0.0014284148 6.9379594e-06 0.0001685069 7.019176e-07 0.007467953 0.00017633406 1.2129037e-07 5.3276914e-08 0.0015222729 2.2597182e-05 0.043234702 0.028021997 9.6120355e-05 5.098968e-07 0.00068264507 8.426796e-05 1.4074243e-06 2.2498227e-05 0.0043066777 1.532228e-05 2.4641965e-06 0.0034558645 2.8888515e-05 0.009217273 0.0014245956 0.0044258568 0.0061073066 0.008152178 0.011310976 0.00014823335 7.1227014e-08 0.0012704887 3.493113e-06 4.9890778e-06
0.8985406 0.9551975 0.8556862 1.7258851e-19 0.91421896 0.9091432 0.903028 0.3961412 0.04877035 0.39172673 0.6853212 0.3312209 0.21421812 0.00047948703 0.3051487 0.0011769632 0.76864165 0.025557715 0.04495632 0.1714701 0.009448628 0.004237258 0.0027060085 0.0007450034 0.46239206 0.018131834 0.0001532483 0.07786771 0.12584928 0.034208957 5.361948e-05 0.11766201 0.02164413 0.0011958716 0.00017549591 0.0007998046 0.22443186 0.0012945187 0.0016245639 6.342839e-05 0.0019019439 3.938984e-06 0.012099845 4.519596e-06 0.0011757426 0.017774919 0.12603538 0.00059417845 0.0054805377 0.014829238 4.264156e-05 7.965599e-06 0.0025133148 4.4216227e-05 0.0012117708 4.7283433e-05 0.00054584997 4.8672604e-07 0.0033301364 0.0057962164 6.0350314e-05 0.167409 0.023976572 0.00033356957 8.2561496e-07 0.006166934 0.00022141008 0.016683603 3.1859025e-07 1.0131392e-06 8.19845e-05 0.0023822724 0.0021661057 5.694372e-05 1.4027478e-06 0.021286925 0.0014927924 0.11422567 0.036620896 2.326085e-06 1.4095077e-06 4.7612444e-05 9.792665e-07 1.6504451e-06 2.3558269e-07 0.002758885 0.00026079183 3.9740348e-07 0.0002974904 0.0013515927 0.098930605 1.2101919e-05 0.03710228 0.0024876364 0.06169858 0.006726114 1.0559554e-06 2.7674692e-05 0.015680127 7.9098354e-05 0.00046377425
0.76713043 0.87457937 0.9855684 0.91421896 3.639607e-19 0.7041772 0.049284842 0.6275812 0.33628452 0.015829451 0.015047188 0.16281895 0.0010762024 0.07250777 0.03355747 0.018508013 0.63020396 0.0011959054 0.51842684 0.4980628 0.13077994 0.045217916 0.04620283 4.625163e-05 0.25169146 0.003110484 0.0067810314 0.38210797 0.163831 0.009380786 0.002341958 0.008120438 0.0017046086 0.028227465 1.4792471e-05 5.512547e-05 0.08891298 2.1928747e-06 0.00014836756 9.0087184e-07 1.3201439e-05 2.0909365e-05 0.0042158724 0.00013463876 3.1591026e-05 0.03399098 0.18526177 1.6500117e-05 0.08201665 0.005444899 0.0002877972 6.9366064e-07 3.684064e-05 0.0004505844 1.6433109e-05 0.00068029534 4.361726e-06 2.3892525e-07 0.0014375052 0.031097798 0.004343779 0.07438876 0.11873963 5.250967e-07 9.4303573e-07 4.496932e-05 0.0007345767 0.003098437 2.320785e-06 1.1195735e-05 6.334271e-06 0.009155323 0.0019413134 9.511465e-07 1.7240836e-06 0.003298337 1.6401264e-05 0.10068557 0.06433145 1.3055175e-06 1.9224885e-06 0.000112840564 6.745491e-06 1.5040127e-05 2.271914e-07 0.007527767 1.4872406e-05 1.25882425e-05 0.0029100294 0.00010223453 0.018437825 0.00010275259 0.0036129367 0.0061811213 0.012993505 0.017706838 2.3179336e-06 8.041564e-07 0.0015063569 0.0001558944 2.3550838e-05
0.77459663 0.96399766 0.35673332 0.9091432 0.7041772 1.5492122e-18 0.5529436 0.58643293 0.30629364 0.18011956 0.047456823 0.97214574 0.029135872 3.958965e-05 0.45470852 0.00022014447 0.2682805 0.0012829609 0.073778234 0.007513079 0.007303207 0.03909498 0.07310179 6.119987e-05 0.16496533 0.015622272 7.519548e-05 0.026508449 0.008675292 0.24152477 3.1141673e-05 0.0022448078 0.0016884853 0.00094475236 2.5182344e-06 0.00021575807 0.00611887 2.632825e-06 0.0023498286 4.1812848e-07 2.5230638e-06 7.8856505e-07 0.08247412 3.6661325e-07 8.89397e-05 0.0003089958 0.8307045 9.737627e-07 0.00059903285 0.2306962 2.4066072e-05 8.534389e-08 4.1888965e-05 1.5426542e-05 7.098632e-05 2.1413823e-06 5.12079e-07 1.9375278e-08 0.050452393 0.0030096094 0.00062843604 0.028515194 0.0058223656 1.4447695e-05 1.4202429e-08 0.00015189454 0.0081667015 6.8120746e-05 8.8115485e-08 7.390421e-08 0.0011020302 0.0013747594 0.09769078 1.3774738e-08 6.356291e-08 7.286243e-05 1.430122e-05 0.020987626 0.0036555757 2.778918e-07 5.256433e-07 1.7161603e-06 6.215776e-07 3.6719342e-07 1.1193535e-07 0.0001056952 9.691831e-07 1.487854e-06 2.3922097e-05 6.0278785e-06 0.0036404228 5.3200483e-07 0.00088606315 0.00096455304 0.0025812949 0.0014571602 2.597551e-07 1.041012e-08 0.0011272003 0.0051587042 3.1588734e-05
0.9805982 0.14862783 0.045724373 0.903028 0.049284842 0.5529436 8.538029e-17 0.017526312 0.0032750624 0.9423607 0.7503691 0.45663247 0.59847826 2.7637792e-05 0.828289 4.6471727e-05 0.12081627 0.51128167 0.0014991839 0.007587463 0.0006914593 0.001876056 0.0007045214 0.03892744 0.09032336 0.78739154 3.8164675e-05 0.0045501036 0.0065711383 0.34261286 2.2579132e-05 0.054374877 0.036400862 0.00019533299 0.0053055934 0.08848909 0.011459436 0.0023623193 0.10308221 0.001005126 0.002581513 4.941382e-07 0.39917618 3.391262e-07 0.0038072977 0.0013693064 0.53268886 0.0010698726 0.0002665967 0.12380788 3.4250454e-05 0.000195936 0.0063724555 5.6669246e-06 0.0081268065 4.245407e-06 0.00045764603 9.580459e-06 0.02986259 0.0009410759 0.00016570726 0.053808995 0.0030441538 0.0028794543 7.255037e-06 0.021080442 4.113564e-05 0.0047757034 3.242446e-07 5.1980834e-07 0.007970498 0.00064414233 0.004673542 4.966384e-05 7.340708e-05 0.0037397319 0.0028239305 0.015059146 0.0031283288 7.589155e-07 2.8651295e-05 5.679753e-06 6.685122e-07 3.392129e-05 9.66118e-08 0.00035650807 0.00030338016 1.478152e-06 5.578123e-05 0.00072741683 0.027363962 1.8840913e-06 0.022909876 0.00034501543 0.0068325438 0.00109812 1.0522912e-06 2.9376037e-05 0.022267224 0.0012790425 0.0020169117
0.3297374 0.9072486 0.5957666 0.3961412 0.6275812 0.58643293 0.017526312 1.8082319e-16 0.99401706 0.0012402072 0.0018468887 0.24371476 0.0002692376 0.1402246 0.013046476 0.26699442 0.13853829 5.1586594e-05 0.5887578 0.049767952 0.28724116 0.6460522 0.554303 2.645977e-06 0.012787054 0.00011518394 0.56042916 0.19058613 0.008460412 0.014041673 0.044287484 0.00010343866 0.00014251207 0.08436221 1.5628618e-06 4.6485798e-06 0.0015977857 1.9263869e-06 8.0386584e-05 4.1023316e-07 2.015927e-06 0.0050850576 0.007180724 0.0006031001 6.3646926e-06 0.0011523608 0.49704123 6.855502e-06 0.006028721 0.01647123 0.03272213 2.9403307e-07 8.300736e-06 0.005113658 3.5760452e-06 0.0010146309 2.3775613e-06 4.5259387e-07 0.006904683 0.018850906 0.29401213 0.0023460095 0.026772892 4.2543502e-07 6.644678e-07 6.879098e-06 0.013936985 0.0001991286 0.00014921014 5.906738e-05 0.00012353274 0.00993872 0.023340505 1.6421398e-06 2.7944393e-06 0.000114418 9.035681e-06 0.005164412 0.0065817907 6.737221e-05 1.0819295e-05 0.00065314764 9.455311e-05 8.083766e-06 5.2309097e-05 0.0010047968 1.2524442e-05 0.00074707816 0.00068519264 1.2666645e-06 0.0010242761 0.0007411138 0.00045561325 0.006397741 0.0009828073 0.0028154058 6.0504924e-05 2.195168e-06 0.0003400805 0.00053735735 2.2336902e-05
0.026560837 0.54513896 0.2000497 0.04877035 0.33628452 0.30629364 0.0032750624 0.99401706 1.1587852e-17 0.00046028494 6.4958076e-05 0.11084255 1.069126e-05 0.009530502 0.0019043351 0.03311893 0.010201317 2.7729294e-07 0.21136461 0.003034859 0.049450893 0.8292494 0.8105235 1.839817e-09 0.0006939535 1.0723707e-06 0.7965201 0.033755977 0.0011240026 0.0037809834 0.011458765 8.410473e-07 5.083111e-07 0.008255466 2.127332e-09 1.9063263e-07 0.0001253696 1.4054781e-08 3.6091792e-06 4.7577715e-09 3.8225973e-09 0.012513215 0.00075198594 3.130145e-05 7.3518564e-08 5.255995e-06 0.40960205 3.9324997e-09 0.00023366281 0.0089000985 0.12323094 4.927335e-09 4.965841e-08 0.00034081851 1.6966275e-08 2.49324e-05 1.497694e-08 5.893175e-10 0.0021600153 0.0010108699 0.21669115 5.164537e-05 0.002523738 1.1099473e-08 6.950857e-09 3.9867647e-08 0.022469949 8.714724e-08 2.5307863e-05 2.9403739e-06 2.3663708e-06 0.00069615286 0.016764801 8.971123e-09 3.24673e-08 4.3616112e-07 1.2702627e-07 0.0001832724 0.0002876482 4.058997e-06 4.9205944e-08 1.9620291e-05 5.222219e-06 9.625822e-07 4.4228773e-06 5.147256e-06 4.289832e-07 0.00091419986 1.0209419e-05 1.923834e-07 1.24653025e-05 4.5048342e-05 1.6355441e-06 0.00065841916 2.1589585e-05 0.00046218646 7.1018653e-06 2.6105715e-09 5.7603967e-07 3.9176506e-05 8.602014e-08
0.76885843 0.04301735 0.0048092757 0.39172673 0.015829451 0.18011956 0.9423607 0.0012402072 0.00046028494 2.1508738e-20 0.6636505 0.14007534 0.49158224 2.191428e-06 0.96252674 3.4431705e-06 0.030853359 0.82032466 0.00030144956 0.00088920625 7.231899e-05 5.9983147e-05 3.9115283e-05 0.116231546 0.023415154 0.8731175 1.0762228e-06 0.00013043277 0.00084014237 0.41427764 7.553255e-07 0.020599127 0.021230552 9.344757e-06 0.015976625 0.3802716 0.002462518 0.0067502027 0.38678017 0.0014337839 0.0035998984 2.0945796e-08 0.4639303 3.5366686e-08 0.005925117 0.00010567898 0.090267286 0.00045129893 5.391403e-06 0.05455545 9.903932e-07 0.0008604682 0.0068231765 2.3064001e-07 0.00530593 1.2104644e-07 0.0005999419 3.3501212e-06 0.02713465 1.3016779e-05 5.399026e-05 0.008104925 0.00011960445 0.011142461 2.6648638e-06 0.009157772 1.7593501e-07 0.0015790609 2.428929e-09 1.11804495e-08 0.016395416 7.153578e-05 0.0006550593 3.0656032e-05 0.0006295112 0.0006918657 0.0018080266 0.000960384 0.00015878612 1.854651e-08 2.5614781e-05 3.1976944e-07 2.6275524e-08 3.860102e-06 9.774703e-09 8.904252e-06 0.000111646805 1.8844514e-07 4.1171236e-07 0.00020435006 0.0030799904 2.4859511e-07 0.0040937113 0.00011507392 0.0006907751 6.563847e-05 1.1817566e-07 1.4810708e-05 0.0077528516 0.00069961767 0.0012624846
0.83499634 0.02336088 0.0118400445 0.6853212 0.015047188 0.047456823 0.7503691 0.0018468887 6.4958076e-05 0.6636505 8.443062e-18 0.0041257 0.9771157 3.7398782e-05 0.3268462 9.6611664e-05 0.06254041 0.9091263 8.890324e-05 0.01399164 2.1350395e-05 1.505587e-05 1.0773961e-05 0.7669208 0.037436165 0.32130608 2.412183e-06 0.000317876 0.005167708 0.03533571 7.118465e-06 0.50616425 0.6963906 2.1129526e-05 0.21277186 0.12414324 0.027352657 0.5492093 0.05655806 0.12710884 0.19298635 3.0266733e-07 0.0604026 1.577248e-06 0.06702586 0.008931047 0.0007569672 0.027526041 5.009132e-05 0.0063939043 1.149264e-06 0.011428442 0.06443643 2.8829302e-06 0.07348935 1.6343118e-05 0.038376942 0.00058913435 0.0025401248 3.1545143e-05 8.036167e-07 0.037936885 0.00024486182 0.0066622356 8.317215e-05 0.08816256 5.679068e-07 0.07945536 8.129464e-08 4.5534043e-07 0.0014489014 7.013088e-05 1.5742404e-05 0.0007690337 9.458431e-05 0.014089247 0.027966894 0.0054779304 0.0018197029 6.512512e-07 0.00014384242 1.29078335e-05 3.5936584e-06 9.464902e-05 4.5015117e-08 0.0004126611 0.0013987718 2.3577152e-07 8.885086e-05 0.01756035 0.051378626 3.908681e-06 0.058186207 0.00023327763 0.016070498 0.00082965224 2.8768892e-07 0.000337536 0.070762575 6.1524684e-06 0.03010946
0.108352326 0.46665123 0.024162762 0.3312209 0.16281895 0.97214574 0.45663247 0.24371476 0.11084255 0.14007534 0.0041257 3.6473503e-18 0.011781682 9.159535e-05 0.83727753 0.00024744804 0.01687562 0.0012095997 0.0091523845 0.00035599642 0.0006141328 0.03653442 0.093771026 8.4928515e-06 0.011313026 0.045791585 0.00013778641 0.0021417786 0.00067229336 0.90827894 1.0330464e-05 0.00036808875 9.3627e-05 0.00017827807 1.2189104e-05 0.00048754626 0.0012270041 8.955579e-06 0.12565242 1.0076219e-06 6.134177e-06 3.0563115e-07 0.61227953 2.8245336e-06 1.3785036e-05 2.9748768e-05 0.8998263 6.635025e-06 2.7740434e-05 0.70178354 6.0996113e-05 4.196433e-07 2.723984e-05 6.136061e-06 1.9441612e-05 1.2454269e-06 2.2458846e-07 1.2166805e-07 0.6002057 0.00015877324 0.001296218 0.0017683213 0.0010465197 0.00033974682 4.282527e-09 3.496621e-05 0.023205178 8.499658e-06 1.6175173e-07 2.7214637e-06 0.0092291385 0.00022985865 0.08689457 2.0935456e-06 2.9349922e-06 3.4106906e-05 4.144141e-06 0.005594431 0.0015716215 4.382285e-06 1.8784817e-07 4.6300765e-06 1.4853318e-06 1.0886883e-05 1.0298075e-06 2.0650674e-05 5.5100686e-06 1.2867687e-06 1.4414885e-05 1.0994738e-05 0.0024892858 2.442326e-06 0.00087101845 0.00022309215 0.0021960528 0.00054347666 1.0189793e-06 1.3051739e-06 0.00017085782 0.03569259 3.8352155e-06
0.9839791 0.0024707385 0.0012697136 0.21421812 0.0010762024 0.029135872 0.59847826 0.0002692376 1.069126e-05 0.49158224 0.9771157 0.011781682 9.186419e-18 1.2692377e-06 0.16834791 9.352196e-07 0.035336673 0.6756927 2.8697468e-06 0.0033612007 2.4326025e-06 3.607968e-06 5.485944e-06 0.322353 0.02920207 0.66575384 1.3063389e-05 0.00011546924 0.0024226876 0.04264852 2.615758e-07 0.66563356 0.80134106 7.0813935e-06 0.09798937 0.32369298 0.021820297 0.21506914 0.111080274 0.122209944 0.09962426 4.988104e-07 0.18145528 1.1192937e-07 0.102898635 0.008640354 0.0007657316 0.02008117 9.146616e-05 0.0031384216 2.6835587e-05 0.011289992 0.19254552 1.494198e-07 0.30421442 1.1220367e-06 0.0025346149 0.00013432173 0.0021331336 2.5014999e-05 1.61179e-06 0.10589819 0.00060183124 0.0014616856 0.00020190384 0.3321056 1.2655404e-06 0.16404311 5.0980894e-08 3.104921e-07 0.00328852 5.9590693e-05 2.0655105e-05 0.000348049 6.767209e-05 0.07668476 0.119775474 0.012012004 0.0031967878 2.2132721e-07 0.00016082937 1.4929296e-06 4.1475036e-07 0.00012531929 6.058622e-09 0.0009273438 0.0051958733 1.9631734e-06 2.6238327e-05 0.020657314 0.1964627 9.4602353e-07 0.21675351 0.00018029891 0.041956235 0.0009194315 3.904795e-08 0.00093285344 0.4106896 4.5961555e-05 0.07738795
0.60241306 0.0045782155 0.12658393 0.00047948703 0.07250777 3.958965e-05 2.7637792e-05 0.1402246 0.009530502 2.191428e-06 3.7398782e-05 9.159535e-05 1.2692377e-06 2.694419e-18 1.5858188e-05 0.9821924 0.009172797 1.0456293e-07 0.7687937 0.21998197 0.94963 0.0041018175 0.00037187786 5.8571647e-08 0.00016320494 1.866527e-06 0.19913013 0.21856038 0.008497344 1.771856e-05 0.40760607 6.0758775e-05 9.944434e-06 0.68807775 9.992999e-09 2.1246356e-07 0.0010540666 1.5694704e-07 4.3271488e-05 4.878076e-08 4.0326825e-08 0.010033391 5.0517567e-05 0.630882 2.958346e-07 0.0056400937 0.000188025 2.9305424e-08 0.23369037 1.2479189e-06 0.0010242767 2.35994e-07 1.3086861e-06 0.12608282 2.3862717e-07 0.47799414 5.2560404e-06 1.7260487e-07 2.531689e-07 0.17067835 0.00019252024 0.0025951224 0.114246964 4.198022e-07 1.179786e-07 7.166428e-07 7.3795472e-06 0.00021447527 0.0023564813 0.004996101 1.5815348e-06 0.18082824 4.417132e-06 2.0010451e-07 9.9306256e-08 0.00033787303 1.4014422e-07 0.014459923 0.041169155 0.0022974052 1.4193859e-06 0.022270933 0.0036716284 1.3437462e-06 0.00050137535 0.019822866 8.981148e-07 0.00019010535 0.06458 6.4606974e-07 0.0024849628 0.012015138 0.00040458594 0.054717373 0.0029809074 0.023262057 0.0032645394 5.5581664e-09 3.6741098e-05 1.0612653e-07 3.460209e-08
0.090151526 0.14084938 0.00797671 0.3051487 0.03355747 0.45470852 0.828289 0.013046476 0.0019043351 0.96252674 0.3268462 0.83727753 0.16834791 1.5858188e-05 3.4134758e-20 7.4863536e-05 0.01831894 0.5559422 0.000391457 0.00040664853 6.9071255e-05 0.00025235934 0.00046322722 0.014170185 0.009508482 0.84542567 2.4172872e-05 0.0005302687 0.00039432937 0.90316147 4.0059426e-06 0.0054417346 0.004836551 2.230229e-05 0.005308486 0.6572115 0.0016844362 0.0047815843 0.7428294 0.0005513383 0.00084971177 8.4758916e-08 0.7587502 6.229457e-06 0.0011643721 7.482121e-05 0.10623052 0.00016463689 5.0437775e-06 0.13567497 4.240471e-06 0.0033111516 0.0012369743 2.449146e-06 0.0004395405 1.0386173e-06 0.00061245065 9.122082e-06 0.100789495 4.0869036e-05 4.277067e-05 0.0023540005 0.000191133 0.046720833 8.660648e-06 0.0006764076 4.542284e-05 0.0001933718 2.8534597e-08 7.1259524e-07 0.029244587 0.00019018768 0.002351437 6.140221e-05 0.00046955084 0.0001585419 0.00027825258 0.0005082285 0.00017888336 2.5215232e-07 5.8663412e-05 1.1465514e-06 3.5229277e-08 1.7374499e-06 7.503955e-08 9.3972785e-06 0.00022836085 5.049526e-07 2.2513057e-05 0.00044422294 0.002676598 2.625158e-06 0.0019569434 0.00032809752 0.0005010019 4.5900757e-05 8.816962e-08 1.7946664e-05 0.0015322602 0.004345496 0.00027068835
0.65333885 0.00554978 0.028687848 0.0011769632 0.018508013 0.00022014447 4.6471727e-05 0.26699442 0.03311893 3.4431705e-06 9.6611664e-05 0.00024744804 9.352196e-07 0.9821924 7.4863536e-05 3.3417443e-16 0.0032055036 2.0808757e-06 0.4118213 0.023815108 0.59648824 0.014185315 0.0032645941 8.4597886e-08 0.00032972268 5.293246e-07 0.557964 0.13272235 0.003587232 2.5300553e-05 0.9647172 7.311538e-05 2.829099e-05 0.39566532 5.110357e-08 6.760429e-07 0.0008236317 5.99454e-07 4.0471346e-06 9.437559e-08 4.119071e-07 0.12959057 2.1170188e-05 0.71884906 7.6110075e-07 0.002149287 0.00046880922 1.1877733e-07 0.07765452 1.9330173e-06 0.012259741 7.295573e-07 2.4372466e-06 0.21228567 2.795611e-07 0.18464632 5.3956774e-06 2.5702482e-07 1.1342201e-05 0.15146136 0.004837213 0.0018357283 0.06462154 5.745939e-07 3.464655e-07 1.5581666e-06 1.5624171e-05 1.6877011e-05 0.04699172 0.012060036 2.369955e-06 0.20748903 4.238132e-05 7.7832276e-08 2.4471905e-07 8.241974e-05 2.063685e-07 0.0047400775 0.0135052595 0.0135562625 7.9326486e-07 0.025495633 0.010931044 3.7276875e-06 0.0017290878 0.0024921373 6.8375134e-06 0.0014388076 0.014758625 3.455144e-06 0.00075747236 0.019441951 0.00032154634 0.109260194 0.0011504606 0.020332355 0.009714421 2.6782624e-08 0.00010843743 7.618226e-07 2.3791536e-08
0.7807285 0.33817923 0.4439506 0.76864165 0.63020396 0.2682805 0.12081627 0.13853829 0.010201317 0.030853359 0.06254041 0.01687562 0.035336673 0.009172797 0.01831894 0.0032055036 3.7370777e-19 0.00807001 0.040540975 0.81784105 0.011504101 0.00014497942 0.0002996084 0.0009976213 0.99135274 0.00058394764 0.0005722712 0.14074253 0.7802101 0.0021393984 0.00016853087 0.37620178 0.009358983 0.003908681 7.530794e-05 5.2497107e-05 0.65235835 5.141989e-05 1.3572496e-05 4.0258046e-06 9.677562e-05 1.5815409e-06 0.0011261189 5.0327046e-05 4.292169e-05 0.12239392 0.013593676 0.00017362971 0.026185647 0.0005463713 2.2897046e-05 3.2184252e-07 0.00097133644 0.00014855913 0.00017024219 0.00019579811 1.2223742e-06 3.359888e-07 0.00015139359 0.0057092584 3.424678e-06 0.16335036 0.0366965 1.2457203e-06 1.6939726e-08 0.0022766308 5.32708e-05 0.05206868 3.1977038e-07 1.6480191e-05 1.0669203e-06 0.004493235 0.000743442 1.2250122e-07 2.7427797e-08 0.014982007 7.9164085e-05 0.16219246 0.06328348 8.2601736e-07 2.5529069e-08 0.00013249893 5.422222e-06 3.5352525e-06 1.5316829e-07 0.010947819 7.614795e-06 3.7691527e-07 0.008105223 0.0011551247 0.09417239 0.0002593033 0.023352455 0.006564758 0.14258261 0.027822874 5.102312e-06 1.8221338e-07 0.00900643 7.05088e-06 0.0003333209
0.44727835 0.0021119665 0.00020676735 0.025557715 0.0011959054 0.0012829609 0.51128167 5.1586594e-05 2.7729294e-07 0.82032466 0.9091263 0.0012095997 0.6756927 1.0456293e-07 0.5559422 2.0808757e-06 0.00807001 1.1004768e-18 3.4895886e-05 0.0006261257 1.2363875e-05 2.7123692e-06 1.5175018e-06 0.9824386 0.005684915 0.6773794 3.7722184e-06 3.290173e-05 0.0001746404 0.02384816 9.1407725e-07 0.08750386 0.47361436 8.052373e-06 0.6089502 0.8847414 0.0027722372 0.55784243 0.26013604 0.36623225 0.28870618 2.0381647e-07 0.036000967 6.8336834e-07 0.30125767 0.000250294 4.1102227e-05 0.04967562 6.2386694e-05 0.00067174924 3.290451e-06 0.2323144 0.15149717 5.882184e-07 0.15084223 2.987748e-07 0.021063313 0.004340439 0.00087982416 6.261786e-05 1.7542193e-06 0.0051211934 0.00013369053 0.010776413 0.0015204266 0.071842656 5.067878e-07 0.009780076 4.1320234e-07 2.6360624e-07 0.0013043546 0.00013713136 1.6664002e-06 0.0012924378 0.0007046058 0.0015599376 0.037173066 0.0009897841 0.0004138302 6.116926e-08 0.00062506704 5.703715e-07 1.4053971e-07 0.00016168166 4.0155956e-07 8.1619946e-05 0.0015519463 1.8601547e-06 5.296026e-06 0.0029930524 0.0038042944 6.7160954e-07 0.008644359 0.000261818 0.0005844354 0.00035808468 8.7115e-08 0.0003147553 0.018906621 7.579315e-06 0.020073242
0.931325 0.2466678 0.4103074 0.04495632 0.51842684 0.073778234 0.0014991839 0.5887578 0.21136461 0.00030144956 8.890324e-05 0.0091523845 2.8697468e-06 0.7687937 0.000391457 0.4118213 0.040540975 3.4895886e-05 1.0543466e-15 0.67326146 0.9808876 0.03971337 0.033852927 6.9137354e-07 0.0043861237 4.3382083e-06 0.19707067 0.788613 0.13075736 0.00026005987 0.102392495 0.00015503449 4.091677e-05 0.8361083 5.4065896e-07 2.4068402e-06 0.0062892083 1.0288471e-07 1.3228895e-06 5.286544e-08 5.4166406e-08 0.0021493218 6.435442e-05 0.012284893 2.646392e-07 0.016151192 0.008437612 1.4112744e-07 0.20538695 3.8302176e-05 0.0010969734 4.080392e-07 1.2082297e-06 0.015424497 8.983388e-08 0.019042268 1.2869017e-07 3.4990157e-07 3.8753413e-05 0.19212982 0.0021530741 0.017391412 0.21149476 9.31184e-08 8.074712e-08 6.6562307e-06 0.00015510591 0.00046838936 0.0014626674 0.0005944527 5.5648584e-06 0.08485432 0.00046923014 9.569463e-08 2.6883294e-08 0.0008613984 5.314987e-07 0.063574545 0.13244297 0.00012273702 2.409271e-07 0.0017595392 0.00019779785 1.5633488e-05 7.4539676e-05 0.023166355 8.625726e-07 8.425478e-05 0.024588786 8.229999e-06 0.010185933 0.0037194742 0.0014326912 0.05511445 0.015431155 0.055252098 0.00092427956 9.115701e-09 0.00026978762 8.215728e-06 1.3368368e-07
0.33220252 0.05789883 0.4299429 0.1714701 0.4980628 0.007513079 0.007587463 0.049767952 0.003034859 0.00088920625 0.01399164 0.00035599642 0.0033612007 0.21998197 0.00040664853 0.023815108 0.81784105 0.0006261257 0.67326146 1.9404214e-18 0.29288146 0.00017978638 6.798731e-05 4.540417e-05 0.3769726 4.164326e-06 0.00081962807 0.9563319 0.9824356 3.608827e-05 0.0006591621 0.10143014 0.0032780934 0.22552799 3.4029008e-06 1.1564799e-06 0.20283002 3.7801285e-05 9.434575e-07 8.781479e-07 3.0041421e-05 6.898413e-06 8.459648e-05 0.0015086707 4.1379983e-05 0.1717743 0.00047250438 2.11796e-05 0.36801127 8.118974e-06 2.4171464e-05 1.7156209e-07 0.0007959214 0.001950561 7.008454e-05 0.013462323 4.274373e-06 1.018903e-07 3.625331e-06 0.050859325 9.985042e-06 0.06904332 0.14542471 6.575331e-07 6.1623275e-08 0.0006393905 2.1918595e-05 0.0330081 1.07744345e-05 0.00030211062 9.2031435e-08 0.02130378 0.00010383954 9.4455675e-07 1.31075195e-08 0.009499922 3.095268e-05 0.18596318 0.11416181 3.2516025e-05 9.535246e-08 0.0022698396 4.960363e-05 8.7782723e-07 1.9311667e-05 0.0792797 2.7872838e-05 6.935882e-08 0.042946037 0.00016061387 0.030519908 0.004237516 0.0067294766 0.010017625 0.051541366 0.040744167 9.2507624e-05 1.7173284e-07 0.0021799044 1.8679604e-08 2.085508e-05
0.7951671 0.037133705 0.13922468 0.009448628 0.13077994 0.007303207 0.0006914593 0.28724116 0.049450893 7.231899e-05 2.1350395e-05 0.0006141328 2.4326025e-06 0.94963 6.9071255e-05 0.59648824 0.011504101 1.2363875e-05 0.9808876 0.29288146 6.163951e-15 0.0095000435 0.0053080455 4.1779123e-07 0.0010483683 1.5616938e-06 0.22027254 0.47138473 0.023450634 1.7547907e-05 0.3661098 6.77541e-05 8.929109e-06 0.9596121 3.547121e-07 1.3816259e-06 0.00295044 6.990281e-08 5.2718e-07 2.8861226e-07 1.2520715e-07 0.007826079 5.4612305e-05 0.15477537 3.578991e-07 0.006516849 0.00047338184 4.3010644e-07 0.14733085 4.576851e-06 0.0015274412 2.0684948e-07 2.0241396e-06 0.16063195 4.317396e-07 0.23341908 8.176566e-08 6.0662686e-08 2.7081871e-06 0.057074953 0.0006036968 0.0022664112 0.045320164 6.773093e-08 2.8562207e-08 3.003084e-06 4.035014e-06 0.00021165132 0.0055397046 0.0057945475 8.179975e-06 0.05040848 0.000121316945 9.582418e-07 7.272541e-08 0.0003360933 6.395349e-07 0.009991721 0.02119711 0.00036527056 2.4940843e-07 0.011673602 0.00084881356 4.1903146e-05 0.00043668412 0.010930564 7.2913997e-07 0.00014314995 0.049121477 1.2651342e-05 0.0014579047 0.011803556 0.00022185374 0.034827467 0.0026061605 0.013556004 0.0067365523 1.5410857e-08 0.00016919014 5.4098547e-07 1.366687e-07
0.0031855365 0.096135795 0.012506612 0.004237258 0.045217916 0.03909498 0.001876056 0.6460522 0.8292494 5.9983147e-05 1.505587e-05 0.03653442 3.607968e-06 0.0041018175 0.00025235934 0.014185315 0.00014497942 2.7123692e-06 0.03971337 0.00017978638 0.0095000435 6.564342e-16 0.9953028 1.3211736e-06 2.6232246e-05 1.5892647e-05 0.5383245 0.0023987389 0.000121457124 0.00085978565 0.008341653 2.0097364e-06 5.1378056e-06 0.0008643138 4.7235113e-07 3.3568695e-06 2.3231554e-05 8.2321066e-07 0.00015893822 7.7220955e-07 2.1654809e-07 0.022311892 0.00129872 0.00023959005 1.0105696e-06 1.3107477e-05 0.23020339 3.6809132e-07 1.559306e-05 0.0018692457 0.16801646 4.8929365e-07 1.4547829e-06 0.0001927734 5.029744e-07 1.7043152e-05 3.7761683e-07 9.3969454e-08 0.0014427586 6.744047e-05 0.59917074 3.588794e-05 0.00024780654 5.3128254e-08 2.7482193e-07 8.367559e-07 0.03231996 1.8525652e-06 0.00010114363 2.5474508e-05 1.8092787e-05 0.0001553084 0.011658578 1.9802508e-06 3.4835919e-06 1.1083523e-06 3.470603e-06 0.001727008 0.00051838066 4.3661264e-05 1.5391736e-06 3.5219422e-05 1.3226781e-05 1.8346343e-05 1.419017e-05 7.801238e-05 1.2541642e-05 0.0032928823 5.411575e-06 3.8802837e-06 0.00026867306 2.0733e-05 3.145496e-05 0.0006983708 0.0002603229 0.00018962786 3.0468343e-06 7.839865e-07 3.3200301e-06 0.00080750487 5.2534638e-06
0.0025233408 0.07606253 0.011884119 0.0027060085 0.04620283 0.07310179 0.0007045214 0.554303 0.8105235 3.9115283e-05 1.0773961e-05 0.093771026 5.485944e-06 0.00037187786 0.00046322722 0.0032645941 0.0002996084 1.5175018e-06 0.033852927 6.798731e-05 0.0053080455 0.9953028 6.3109884e-16 4.0609504e-07 3.9284372e-05 3.6895715e-06 0.33881178 0.0033251084 0.00019680211 0.0014378241 0.0010193458 3.116299e-06 2.427513e-06 0.0005142639 5.5675706e-08 4.846158e-07 2.5211264e-05 1.9170994e-07 6.752739e-06 1.2137484e-07 8.313887e-08 0.010698166 0.0003039095 3.1404725e-05 1.6655994e-06 8.152048e-06 0.54032177 1.16209556e-07 4.069734e-06 0.010705065 0.1784049 5.8642627e-08 6.1828393e-07 4.95893e-05 3.860983e-07 3.0117742e-06 1.1291918e-07 1.6153676e-08 0.00369709 6.263786e-05 0.76055807 7.335564e-05 0.00038169735 1.3498136e-08 2.3583256e-08 8.76768e-07 0.18785882 3.1182563e-07 8.726031e-05 4.1087474e-06 1.2744685e-05 0.0001329588 0.042448677 4.07749e-07 4.1347275e-07 3.6308094e-07 2.3909952e-06 0.0025268602 0.0011651013 1.9572335e-05 1.0766149e-06 2.1904907e-05 3.1720008e-06 1.0501232e-05 1.1237656e-05 5.3173804e-05 1.6419168e-05 0.0030457145 3.1175653e-06 1.7605529e-06 0.00022745515 3.0140112e-05 3.009714e-05 0.0009179381 0.00042408876 0.0006857618 4.231454e-06 3.254665e-07 2.2702952e-06 0.0021542562 1.3907747e-05
0.08790771 1.6951824e-05 6.130923e-05 0.0007450034 4.625163e-05 6.119987e-05 0.03892744 2.645977e-06 1.839817e-09 0.116231546 0.7669208 8.4928515e-06 0.322353 5.8571647e-08 0.014170185 8.4597886e-08 0.0009976213 0.9824386 6.9137354e-07 4.540417e-05 4.1779123e-07 1.3211736e-06 4.0609504e-07 2.0969584e-19 0.0008873633 0.08856702 1.7382777e-07 1.3832146e-06 4.745306e-05 0.00015587657 2.4559169e-08 0.020053266 0.3990439 7.040918e-07 0.9844878 0.5922883 0.00030282082 0.71305 0.008951897 0.72112405 0.45491737 4.9321233e-08 0.0010425874 1.4258288e-06 0.38047984 6.243199e-05 1.8694068e-07 0.09593725 7.851293e-06 1.3098836e-06 1.2767525e-06 0.365267 0.16189362 5.568622e-08 0.16937938 6.7669044e-09 0.10083023 0.09340185 2.1806673e-05 6.5276745e-06 2.8982032e-07 0.0008386278 9.287221e-06 0.0007103163 0.003748537 0.03502046 2.764455e-08 0.0033004433 3.139231e-08 2.200753e-07 2.6244361e-05 1.8630228e-05 1.3888157e-07 0.018196084 0.00012391314 0.0003018322 0.036930323 0.00013718526 1.6921265e-05 4.858632e-08 0.002225332 1.7808988e-07 2.9503399e-08 0.0006675436 1.095645e-07 1.9610402e-06 0.007417501 3.0721503e-07 3.743878e-07 0.006852385 0.0010681233 1.3230567e-07 0.0019686893 6.7311514e-05 0.00012734438 1.7557048e-05 1.836825e-10 0.004013574 0.0029201156 7.8520014e-07 0.011354275
0.8857725 0.16409218 0.07688628 0.46239206 0.25169146 0.16496533 0.09032336 0.012787054 0.0006939535 0.023415154 0.037436165 0.011313026 0.02920207 0.00016320494 0.009508482 0.00032972268 0.99135274 0.005684915 0.0043861237 0.3769726 0.0010483683 2.6232246e-05 3.9284372e-05 0.0008873633 9.35917e-19 0.00048357548 9.6680145e-05 0.08146895 0.48049563 0.0011012312 1.04566925e-05 0.47810248 0.017770123 0.0008633323 4.1464995e-05 2.6319376e-05 0.9442813 7.6834345e-05 7.0509136e-06 3.856393e-06 0.00017505528 1.8819183e-06 0.00047311647 8.152383e-06 0.0001766584 0.27527168 0.012559178 0.00025596848 0.0058544483 0.00034189818 0.0001351986 7.840275e-07 0.0043384777 2.8541555e-05 0.0003727755 8.792583e-05 3.2259264e-05 1.1007396e-06 0.0002778331 0.0036065697 6.8052204e-06 0.4559716 0.031500284 1.3089084e-06 2.6796022e-07 0.013225863 0.00015769956 0.2058073 2.8277097e-07 3.6676631e-06 5.8725846e-06 0.0019226226 0.0021411201 4.8497764e-06 4.400221e-08 0.10764214 0.0006456044 0.32963562 0.1413619 3.4931142e-07 9.628586e-07 6.0102764e-05 5.924676e-06 8.623901e-07 1.8307968e-08 0.01566938 0.00028226947 1.5855429e-06 0.002301857 0.0073746587 0.31076583 4.2593558e-05 0.07292658 0.004942985 0.28777125 0.015451265 1.1009591e-06 7.5000203e-06 0.028745769 6.27005e-05 0.0010680722
0.37094933 0.002692562 0.00011647325 0.018131834 0.003110484 0.015622272 0.78739154 0.00011518394 1.0723707e-06 0.8731175 0.32130608 0.045791585 0.66575384 1.866527e-06 0.84542567 5.293246e-07 0.00058394764 0.6773794 4.3382083e-06 4.164326e-06 1.5616938e-06 1.5892647e-05 3.6895715e-06 0.08856702 0.00048357548 1.1028607e-16 2.9858623e-07 1.5412366e-05 5.8261263e-05 0.55225766 4.3084842e-08 0.008464766 0.051701 2.1527237e-06 0.121115945 0.87259156 0.00012668483 0.15338923 0.9795522 0.14089258 0.036320467 3.1103603e-08 0.68003464 4.660047e-07 0.08791157 3.754718e-06 0.00050513283 0.0043635983 5.8750584e-07 0.034917545 9.628816e-07 0.14774762 0.026816456 7.185072e-08 0.030436091 4.9628582e-08 0.021794315 0.00022050293 0.048370674 8.990812e-06 1.2935086e-06 0.00021327837 6.20415e-05 0.15988699 0.00076917844 0.018676722 1.2730806e-08 0.00044798554 4.2651006e-08 7.776076e-08 0.088376865 0.00013667894 3.6714073e-06 0.0002766199 0.020241432 0.00013128476 0.011679894 0.00026867868 6.193988e-05 6.009207e-08 0.0021686915 2.5308962e-06 1.7964412e-08 6.751229e-05 8.827189e-09 3.7188993e-06 0.0025589976 7.178744e-08 3.6460423e-07 0.0017401373 0.00149095 8.433476e-07 0.006983282 0.00013260385 0.00050792634 3.425947e-05 1.8660518e-08 4.950429e-05 0.09971816 0.00017853313 0.0034714572
0.09231684 0.0029854411 0.0069659483 0.0001532483 0.0067810314 7.519548e-05 3.8164675e-05 0.56042916 0.7965201 1.0762228e-06 2.412183e-06 0.00013778641 1.3063389e-05 0.19913013 2.4172872e-05 0.557964 0.0005722712 3.7722184e-06 0.19707067 0.00081962807 0.22027254 0.5383245 0.33881178 1.7382777e-07 9.6680145e-05 2.9858623e-07 8.577048e-15 0.020407792 0.00065471296 7.9847094e-05 0.91916376 2.5288538e-05 8.64543e-06 0.09075189 3.7299864e-07 7.722824e-07 0.00012543047 3.2612982e-07 7.3229576e-06 6.983155e-07 3.327084e-07 0.9892009 8.487674e-05 0.22169255 4.1231447e-06 8.153561e-05 0.004094025 1.3046032e-05 0.0013213361 4.0190494e-06 0.9483637 5.315332e-07 1.1154069e-06 0.065188944 1.5025926e-06 0.005686672 3.683368e-07 2.8474537e-07 8.310919e-05 0.01374518 0.61846656 0.00013300458 0.005003327 4.947302e-08 1.7336636e-07 7.574253e-07 0.020405173 4.591763e-06 0.71744543 0.0007644277 4.844816e-06 0.015136515 0.0019863376 8.5416644e-07 5.234797e-07 1.3871552e-06 1.3833532e-06 0.00048504682 0.00080376316 0.0017608191 4.815893e-07 0.0013987516 0.0047534523 9.7330034e-05 0.0010735673 0.00047175516 6.9827784e-06 0.075076565 0.0008097122 9.793775e-07 1.5384185e-05 0.0016268577 6.005821e-06 0.00603808 7.0879236e-05 0.0025951855 0.0018787874 5.817226e-07 1.07674805e-05 0.00017684011 1.7798063e-06
0.9366414 0.12760098 0.1996134 0.07786771 0.38210797 0.026508449 0.0045501036 0.19058613 0.033755977 0.00013043277 0.000317876 0.0021417786 0.00011546924 0.21856038 0.0005302687 0.13272235 0.14074253 3.290173e-05 0.788613 0.9563319 0.47138473 0.0023987389 0.0033251084 1.3832146e-06 0.08146895 1.5412366e-05 0.020407792 6.0847274e-16 0.52529997 0.00010279826 0.025669739 0.004069913 0.00011251978 0.7366202 1.399996e-06 1.1176207e-06 0.077964164 1.8201018e-07 9.607998e-06 1.7503731e-07 9.553319e-07 0.0002379249 3.6000576e-05 0.0072293407 2.321646e-06 0.11656749 0.0031557346 1.298539e-06 0.9167974 8.4841095e-06 0.00054846844 1.2510426e-07 7.745834e-06 0.02013563 1.0820869e-06 0.022223962 9.115571e-07 3.6946435e-07 5.0398976e-06 0.36470744 0.00016012264 0.12423281 0.6924095 1.1275153e-07 2.3152019e-07 5.4807544e-05 0.00019352032 0.0028859712 6.989812e-05 0.0007999442 2.8661364e-06 0.3217651 0.00051259325 4.0273923e-07 1.2517408e-07 0.013396469 3.3211354e-06 0.37613136 0.5442301 6.07122e-05 6.629512e-07 0.0047853873 0.00020382337 2.232373e-06 1.15962575e-05 0.4910504 9.561801e-06 2.1869317e-05 0.2155758 9.14498e-06 0.071871534 0.0064391773 0.004951671 0.061412413 0.13002612 0.28344294 0.0016966996 4.073401e-07 0.0013864994 1.8408763e-06 2.6383498e-06
0.85890836 0.051061425 0.098659 0.12584928 0.163831 0.008675292 0.0065711383 0.008460412 0.0011240026 0.00084014237 0.005167708 0.00067229336 0.0024226876 0.008497344 0.00039432937 0.003587232 0.7802101 0.0001746404 0.13075736 0.9824356 0.023450634 0.000121457124 0.00019680211 4.745306e-05 0.48049563 5.8261263e-05 0.00065471296 0.52529997 6.666081e-18 4.5646655e-05 0.00031306662 0.07892936 0.0035877586 0.03543995 2.9203773e-05 1.0233799e-05 0.6987833 0.00010601167 6.4293963e-06 5.895851e-06 0.00013050556 5.148906e-06 0.00012701422 0.0006290569 0.00025985684 0.91261405 0.0036935501 9.009647e-05 0.31485608 5.9733393e-05 0.00044463473 3.3062163e-06 0.0006890984 0.00087981025 0.0001199445 0.0037169638 3.4722798e-05 1.0942014e-06 5.1735856e-06 0.046331152 2.8301649e-05 0.25533095 0.2900279 3.8479777e-07 6.657694e-07 0.0006151278 0.00020795724 0.07279384 1.034499e-06 0.00020973264 3.4243232e-07 0.012387493 0.0006198231 3.4170278e-06 1.0256808e-07 0.032448508 0.0001585738 0.6220198 0.44490334 8.189053e-06 1.4554894e-06 0.0010388219 0.00011815882 1.3768665e-05 1.730224e-06 0.31955665 8.553232e-05 5.766419e-06 0.017793661 0.00053986325 0.10684921 0.00050466286 0.012105956 0.0073155453 0.19081943 0.10304051 3.0469258e-05 3.4930663e-06 0.0048688347 2.181647e-07 0.000121148136
0.0076866266 0.027813045 0.0012819526 0.034208957 0.009380786 0.24152477 0.34261286 0.014041673 0.0037809834 0.41427764 0.03533571 0.90827894 0.04264852 1.771856e-05 0.90316147 2.5300553e-05 0.0021393984 0.02384816 0.00026005987 3.608827e-05 1.7547907e-05 0.00085978565 0.0014378241 0.00015587657 0.0011012312 0.55225766 7.9847094e-05 0.00010279826 4.5646655e-05 2.2176385e-17 1.1897289e-05 0.000817548 0.00031898715 1.7773833e-05 0.00044512795 0.12153283 0.0002526929 0.0002904796 0.74410146 0.00011209832 2.6791682e-05 6.1820435e-07 0.9223537 8.012035e-06 4.209677e-05 1.8222981e-06 0.45851022 3.3301333e-06 3.5617093e-06 0.5734868 3.422637e-06 0.00028616659 5.4040025e-05 3.212236e-06 1.9070394e-05 5.3377157e-06 9.356957e-06 5.30985e-07 0.6252208 4.462192e-05 3.975912e-05 0.00028144423 0.000102171856 0.078823105 5.9275607e-07 6.632523e-05 0.00090209534 6.8986765e-06 5.863771e-08 1.0790613e-06 0.37136763 0.00013380226 0.012779142 1.9714212e-06 0.0020828454 3.918131e-06 1.2685679e-05 0.00047701914 0.0001168015 3.986364e-07 5.2847066e-05 7.084616e-06 4.987778e-08 4.9238006e-06 2.9965324e-08 1.1838575e-06 3.52295e-05 4.074922e-08 2.4592969e-06 8.169112e-05 0.0006823482 3.5420999e-06 0.0010381414 0.00011562152 0.00038306395 2.4608582e-05 4.4159943e-08 4.222801e-07 0.004018316 0.03224218 4.277589e-05
0.33108103 0.000561773 0.000627664 5.361948e-05 0.002341958 3.1141673e-05 2.2579132e-05 0.044287484 0.011458765 7.553255e-07 7.118465e-06 1.0330464e-05 2.615758e-07 0.40760607 4.0059426e-06 0.9647172 0.00016853087 9.1407725e-07 0.102392495 0.0006591621 0.3661098 0.008341653 0.0010193458 2.4559169e-08 1.04566925e-05 4.3084842e-08 0.91916376 0.025669739 0.00031306662 1.1897289e-05 6.4882676e-14 5.4283946e-06 2.4250707e-05 0.15831268 7.589296e-08 6.788364e-07 6.248024e-05 1.0576194e-06 4.698191e-07 2.9712137e-07 2.3525672e-07 0.8425195 2.4884832e-06 0.95692396 3.5051607e-07 5.6336907e-05 9.357375e-06 5.8473972e-08 0.0119353095 3.8315216e-07 0.21648172 1.1139358e-06 8.9038485e-07 0.38899797 4.6698568e-07 0.14554408 2.3478794e-06 5.4303183e-07 1.6042794e-05 0.050049197 0.013535728 0.0001337483 0.007871394 1.2385784e-08 1.6734559e-07 1.6625492e-06 1.3106403e-05 1.352486e-06 0.91583574 0.15471469 8.716179e-06 0.21107857 1.5932384e-06 1.5681971e-07 1.0834237e-07 1.1941609e-05 4.251004e-07 0.00052657886 0.0013938793 0.19443096 1.2932113e-06 0.072215736 0.5543386 1.595891e-05 0.030660857 0.00025689165 3.5453716e-06 0.04253574 0.0046106367 2.5962943e-06 7.998084e-05 0.016554803 2.2412587e-05 0.10724198 0.00021621927 0.0023876436 0.040236164 2.2130134e-08 1.6551921e-05 1.1842901e-06 1.2401746e-07
