5.2334886e-24 0.07608235 0.007847114 0.01836611 0.4351982 0.5169638 0.0013845589 0.80865383 0.05795771 0.9410607 0.9218918 0.79978305 0.12664329 0.8775477 0.12810712 0.80584633 0.93330926 0.1250413 0.92881954 0.80401206 0.9158749 0.95237064 0.040253762 0.8074964 0.96658325 0.92067754 0.13498761 0.91997886 0.94002765 0.2783543 0.003668354 0.87174755 0.21916014 0.038140062 0.8371188 0.0022635642 0.73986596 0.028292922 0.028937884 0.49831164 0.84617454 0.936261 0.79097855 0.93712664 0.97323245 0.82288134 0.8877011 0.9236911 0.00039138025 0.2752747 0.886337 0.365149 0.8982766 0.012801096 0.95847815 0.3680045 0.9440193 0.0024793823 0.31448457 0.99244505 0.60414153 0.02834775 0.9762464 0.056789722 0.40732372 0.9813055 0.48387158 0.63787884 0.02419873 0.74456584 0.18487641 0.00030175215 0.9639049 0.05820694 0.91418254 0.00018478805 0.0062684985 0.0008077844 0.035987906 0.015514388 0.86735094 0.1961153 0.8417128 0.62984806 0.031191375 0.009013928 0.95365417 6.57729e-08 0.9988261 0.17192404 0.9512382 0.99822587 0.99903554 0.99898285 0.9992974 5.6360444e-05 0.82229245 0.003552027 0.99753135 0.9000009 0.99999094
0.07608235 5.6325667e-15 0.7133474 0.30760616 0.967287 0.81174624 0.35816088 0.38852543 0.9684072 0.12979385 0.017845297 0.20864402 0.00051981007 0.07535014 0.056452632 0.22349407 0.010753136 9.924539e-06 0.008020308 0.0065797037 0.18916924 0.002915171 0.0068021878 0.002187826 0.21391793 0.0075160274 1.1295294e-06 3.458731e-06 0.018701661 1.6797262e-06 0.006132932 0.000605294 0.003221742 6.37584e-08 0.0001709442 0.0008214647 0.007814442 0.0003425065 0.00014344542 0.00014033179 1.0560482e-06 0.000110974004 7.6637116e-07 0.00022520349 0.010606341 0.00013180877 0.00013028509 0.00035704 8.628615e-05 6.352841e-05 1.1529742e-05 8.00101e-06 1.31014785e-05 2.7316487e-08 4.2936306e-05 1.7171623e-06 3.3708982e-06 0.00016078245 1.049467e-06 3.6561054e-05 2.3552036e-06 7.222953e-05 0.0002520635 4.5637403e-06 2.0615932e-06 0.0023138502 1.9827763e-07 2.4373976e-06 1.652659e-05 1.9013236e-06 4.8809267e-07 3.2341522e-06 3.797905e-06 1.5377678e-06 0.00017121782 4.744851e-06 4.823712e-07 1.2703173e-05 7.451426e-08 5.131205e-06 5.5227524e-06 2.0934225e-07 0.0002518818 5.941118e-06 1.5124666e-06 1.2192318e-06 4.6851976e-05 5.195494e-06 2.7763275e-05 6.4103773e-07 0.00010854585 0.0003304779 0.00036709945 1.791602e-05 0.00018082549 3.9381275e-06 1.7016077e-07 1.3033398e-05 0.00011927276 6.4801693e-06 0.0005842354
0.007847114 0.7133474 5.2344286e-16 0.97063303 0.57067984 0.68079233 0.9472823 0.45299017 0.4681503 0.15647991 0.41111612 0.0010716572 0.024375863 0.15832604 0.0012480296 0.02234486 0.027757134 0.0005294052 0.00031752876 0.00044840676 0.0031928252 7.66785e-05 0.00016510214 0.00013095065 0.003993996 0.0007644027 6.5824395e-05 4.3142394e-05 0.013852775 8.714891e-06 0.00011750482 1.7189901e-05 6.5268125e-07 1.4562127e-06 0.005776467 9.294487e-06 0.0018386921 3.1271447e-06 1.7041258e-06 2.862951e-06 8.756992e-05 0.0018582363 5.2118183e-05 0.0013883967 0.0015378451 0.0012540236 0.00010598044 2.6210917e-05 1.8016115e-05 1.30085255e-05 5.194008e-06 4.731169e-06 6.2635416e-05 1.9223886e-07 4.5550027e-05 5.7256733e-07 7.3600086e-06 3.329334e-07 2.7690198e-06 9.810286e-05 2.0014031e-06 3.6751607e-07 3.8290156e-05 9.174624e-07 1.6934655e-06 0.0034749035 2.5446607e-07 2.4354088e-06 5.3072074e-07 1.1692365e-06 8.045826e-06 1.7373471e-06 1.3222727e-06 4.4847687e-07 0.0017637494 1.2883655e-07 1.9260845e-07 4.8420634e-06 2.0481439e-06 6.4897824e-07 4.1594267e-05 1.0299855e-06 0.00043677492 3.5298963e-06 1.8839637e-06 4.210801e-07 6.613802e-05 4.154225e-07 6.750131e-06 1.1242261e-06 0.00045032584 0.00013621141 0.00054214965 7.2641474e-06 0.00018667603 1.8131574e-06 1.0924017e-06 8.960373e-06 0.00072941364 6.012191e-07 0.00033588134
0.01836611 0.30760616 0.97063303 4.849798e-16 0.23129109 0.55986154 0.969071 0.50552464 0.1050825 0.21662296 0.6930003 0.00015055074 0.25839737 0.24763276 7.452432e-05 0.012422812 0.088027 0.004687379 1.5066212e-05 3.34715e-05 0.0011409493 4.8927386e-06 9.466838e-06 2.35428e-05 0.0023141657 2.6161495e-05 0.0011388218 0.0031102204 0.00922653 0.0003229557 7.1442814e-06 3.1252588e-07 1.6241422e-07 1.804041e-05 0.026414491 2.7918609e-06 0.0009012668 2.1315818e-06 8.310277e-07 4.5415732e-07 0.0007483099 0.011195197 0.00023347394 0.013179113 0.0003843205 0.004540277 1.3373368e-05 9.550531e-07 1.1942383e-05 9.1521474e-07 7.7622315e-07 1.838428e-07 6.4562075e-05 3.1516292e-06 5.5055775e-06 3.6373945e-07 7.985812e-07 1.915062e-07 2.4628937e-07 0.00032510245 1.8683e-07 3.6902557e-07 3.618226e-06 3.9516394e-07 1.0904786e-07 0.0070439815 6.794987e-08 2.5085401e-07 2.3994752e-07 5.327329e-07 5.5513498e-05 1.884881e-05 2.4155517e-07 4.141879e-07 0.0033548058 5.986601e-08 9.322739e-07 6.096517e-05 4.143588e-06 1.8304502e-07 0.00011605402 1.076328e-07 0.0005217582 4.216113e-07 3.6197633e-07 3.8192707e-07 0.0005426379 2.2038928e-07 2.660392e-08 4.6755584e-08 0.00043524144 2.325822e-05 0.0012469275 5.699012e-07 0.0017117496 1.3915675e-06 8.756321e-06 4.221402e-06 0.0007309903 9.421479e-08 0.0016400302
0.4351982 0.967287 0.57067984 0.23129109 2.0673062e-14 0.95161736 0.11708192 0.80129206 0.63524693 0.51130366 0.02611059 0.22030354 0.0008703832 0.40578392 0.106316335 0.59186405 0.08853264 4.2951866e-05 0.01252301 0.009262045 0.5108176 0.0071293693 0.01510199 0.005196111 0.56691104 0.039589956 1.3048086e-05 2.2610162e-05 0.085326575 7.3678602e-06 0.015808316 0.0010100922 0.018240355 1.8136095e-07 0.0015124545 0.0014076116 0.04706601 0.001269368 0.00054092746 0.00022505963 3.669601e-06 0.0032543533 3.3824494e-06 0.003610774 0.101419754 0.0008494882 0.0014628167 0.0043901536 0.00011189293 0.00020016437 0.00028435668 1.3985916e-05 0.0010815562 9.72424e-08 0.00029731652 3.0767872e-06 0.00013273416 5.848583e-05 9.864261e-06 1.7679753e-05 5.1008014e-05 9.21402e-05 0.0048825634 1.9516428e-06 1.2400535e-06 0.027180886 8.042891e-07 2.9745008e-06 3.855731e-06 1.2883711e-06 4.137763e-06 7.159355e-06 9.369064e-06 9.262e-07 0.0017998086 5.1692505e-06 1.0299639e-06 4.229173e-05 4.7053967e-07 2.4350045e-06 3.5794452e-05 1.95671e-06 0.0019493297 1.04186365e-05 1.1979872e-06 2.1666541e-07 0.00018000031 2.1022604e-06 4.1105952e-05 3.8776884e-07 0.0002320256 0.0031267274 0.0018897156 4.665655e-05 0.0010405704 2.1721708e-06 2.077147e-07 2.4737963e-06 0.00026674828 1.4612e-06 0.0015476296
0.5169638 0.81174624 0.68079233 0.55986154 0.95161736 8.563154e-15 0.115675084 0.94441926 0.32450712 0.80388856 0.13449238 0.04813855 0.0027654523 0.66241974 0.064207375 0.707615 0.1730783 0.00015936972 0.002197708 0.0018722954 0.49879754 0.001146212 0.008597944 0.0013748307 0.560579 0.016362557 1.7623328e-05 2.8623548e-05 0.21192898 9.402443e-06 0.0049554976 0.00015521808 0.002563069 1.4285688e-06 0.0061422447 0.00047746513 0.075881064 0.00013293725 0.000102100756 2.9991443e-05 4.5833305e-05 0.016474243 4.940344e-06 0.020556536 0.08462494 0.0038860408 0.0012613798 0.0067602396 3.9931634e-05 2.3771476e-05 0.00018387251 4.1569183e-06 0.002470073 4.1251663e-08 0.00020857356 2.338096e-07 0.00016433398 6.233011e-06 2.6040734e-06 0.00020026001 2.1594837e-05 3.4830966e-06 0.007744225 1.5593595e-07 4.9824325e-07 0.048783544 2.1467718e-08 4.2119254e-07 1.6717412e-07 5.730865e-08 5.4684037e-06 9.1980246e-07 5.426992e-06 1.8414546e-07 0.0047143586 1.0217001e-06 1.0673328e-07 9.446889e-06 1.0901771e-07 8.14088e-07 1.5065997e-05 3.2632627e-08 0.0037021388 8.009235e-07 1.7654631e-07 3.3938843e-08 0.000112541995 4.7411348e-07 2.2741275e-05 7.1138224e-08 0.00012653522 0.0067723803 0.004665715 3.476508e-05 0.00093362376 4.271486e-07 1.03116726e-07 1.6375326e-06 0.00028887126 3.9846665e-08 0.0021235736
0.0013845589 0.35816088 0.9472823 0.969071 0.11708192 0.115675084 2.1302147e-13 0.049794484 0.87805676 0.025983537 0.20532964 0.00028832522 0.5994969 0.024474736 0.0013268343 0.0013769716 0.004999687 0.0074754176 2.0401367e-05 2.5758945e-05 0.00012685516 2.2900324e-05 8.613109e-05 9.006944e-06 0.00037112643 4.9859023e-05 0.00043089702 0.00013126135 0.0016271394 8.469545e-05 0.000338184 9.989118e-06 6.1957926e-06 3.9931615e-06 0.002406128 0.00011750829 4.2439802e-05 6.0553648e-05 2.6065443e-05 4.882861e-06 3.1585274e-05 0.0010121828 3.5525754e-05 0.00094568945 6.3530104e-05 0.00054960675 1.0283135e-05 1.9423846e-06 0.00034540633 0.000115128256 3.169095e-06 2.7688166e-06 8.144188e-07 2.8672246e-06 1.4182269e-05 1.5892905e-05 7.2412263e-06 2.2453683e-05 1.269179e-05 6.263081e-05 9.4938935e-07 7.0613074e-05 3.748832e-06 1.0241561e-05 9.7957145e-06 0.00078983704 4.8204356e-06 3.7136844e-05 8.8714376e-05 1.3826246e-05 7.0975043e-06 0.00010263898 3.1151876e-06 1.5181183e-06 0.0004069975 0.00037754842 1.7521511e-06 0.00039954815 1.3592177e-06 1.5463764e-05 2.5708903e-05 9.473028e-07 0.00012915993 9.921615e-06 9.519378e-07 8.5469e-06 0.00013871647 8.3184364e-05 8.144161e-06 1.2230848e-07 6.3728476e-05 6.714815e-05 8.098284e-05 1.2998029e-06 0.0003043759 0.00023068655 2.145583e-06 0.0006104893 5.7856956e-05 4.5357686e-07 0.0063781524
0.80865383 0.38852543 0.45299017 0.50552464 0.80129206 0.94441926 0.049794484 1.4788741e-15 0.104715854 0.95061505 0.40403166 0.012022118 0.009637421 0.8659601 0.0105115445 0.7984042 0.4246216 0.00039773135 0.0006746511 0.0005726263 0.55120134 0.00037200912 0.0016892154 0.00016469359 0.62730145 0.012554782 5.817398e-05 8.16672e-05 0.41366845 1.2796568e-05 0.00057703274 2.0249747e-05 6.071475e-05 1.6208397e-06 0.014146434 0.00020567565 0.14471813 1.2625297e-05 6.5843515e-06 1.1957501e-06 0.00016585365 0.03215387 2.0386604e-05 0.037827216 0.17241126 0.008509124 0.0005583813 0.0059952154 1.6741536e-05 5.4921765e-07 2.6603984e-05 7.6094693e-07 0.007068348 3.547343e-08 3.9791208e-05 2.8795831e-08 1.4804905e-05 1.3533777e-06 2.2606733e-07 0.00048084572 2.1194562e-06 6.5704353e-07 0.013913773 9.360132e-08 8.471398e-08 0.13984357 7.012111e-09 1.4432587e-07 9.954008e-08 5.2683543e-08 2.600946e-06 1.4474966e-06 1.8631923e-06 7.1970874e-08 0.014335201 1.2574564e-07 4.4468052e-07 9.278572e-06 3.4108493e-07 4.2684562e-07 3.8922604e-05 8.5668725e-09 0.0049899295 1.4023847e-07 1.5239969e-07 9.862897e-08 0.00015718603 2.088561e-07 6.833944e-07 2.1309353e-08 0.00022283955 0.007886516 0.011031343 3.1172847e-05 0.0024013137 3.1165382e-07 1.2038706e-06 2.8063157e-06 0.00044966277 3.840753e-08 0.003952554
0.05795771 0.9684072 0.4681503 0.1050825 0.63524693 0.32450712 0.87805676 0.104715854 8.464088e-14 0.07300638 0.0033650158 0.8165012 0.00071880576 0.02071084 0.9169626 0.054121513 0.0038778551 2.1732949e-05 0.007515239 0.010090447 0.08182816 0.0015805699 0.14629413 0.0021820706 0.10404956 0.0005999299 1.0588199e-05 7.4564095e-06 0.005220833 6.793445e-06 0.12329425 0.0001670867 0.0024579617 3.8419276e-07 9.469533e-05 0.0031965775 0.0026880198 0.00026850577 5.1761937e-05 0.00016993708 3.7733516e-06 5.610095e-05 1.9269723e-05 0.00013075411 0.009165963 0.000111356094 5.7788246e-05 4.468929e-05 0.0013000354 0.00013807317 6.879059e-06 3.6526462e-06 2.894981e-06 8.4933333e-07 1.076899e-05 2.1123108e-06 2.7945566e-06 8.088721e-05 2.6621913e-06 1.3964539e-05 3.6112936e-06 0.00014651517 5.2061056e-05 9.1348775e-06 8.646634e-06 0.0023996965 1.1398768e-06 5.0339117e-06 3.6929705e-05 7.892388e-06 2.3115804e-06 6.6389715e-05 7.964475e-06 2.161343e-06 0.00013424961 0.00030222273 2.0900263e-06 8.8292436e-05 4.607186e-06 2.4232697e-05 1.9049381e-05 4.3571086e-07 0.00021097744 7.4998125e-06 5.536989e-07 4.86997e-06 0.00012789766 0.00012480083 3.3159956e-06 1.9059295e-06 0.00018979378 0.000323877 2.9133642e-05 3.7531052e-05 0.0003384655 1.0371974e-05 1.277722e-06 0.00012637072 0.00012386954 4.975559e-06 0.0017446188
0.9410607 0.12979385 0.15647991 0.21662296 0.51130366 0.80388856 0.025983537 0.95061505 0.07300638 9.168499e-13 0.73987055 0.01388788 0.034319855 0.919543 0.026091447 0.5736206 0.52908283 0.003249492 0.0007535276 0.0006442602 0.3332148 0.00047890667 0.0044118995 0.000852165 0.67500234 0.0047811177 0.00036579955 0.0009947413 0.5543582 0.00026375524 0.0020043629 6.592196e-05 0.00045013218 2.3710163e-05 0.027056202 0.00054006046 0.13779664 3.10493e-05 1.357199e-05 2.8204973e-05 0.00025843998 0.104424976 7.816826e-05 0.098351225 0.2176716 0.013349948 0.00062300696 0.004000322 4.021394e-05 7.2415914e-06 0.00015860284 8.084807e-06 0.0040572695 2.1089372e-06 0.00016353026 5.5437044e-07 0.00010799025 4.368086e-06 3.3300823e-06 0.0010804855 1.9914542e-05 3.1199193e-05 0.013452941 3.4488903e-07 2.381344e-06 0.29353797 7.5971315e-08 1.2845702e-06 7.9187186e-07 5.822432e-07 2.9492108e-05 7.890055e-06 8.875868e-06 3.3789572e-08 0.027245702 8.1267785e-07 3.67439e-07 1.0251283e-05 2.4550413e-06 4.2567368e-07 0.00018820421 4.898273e-07 0.012259699 1.5131952e-06 7.571429e-07 1.6063125e-07 0.000966944 2.0970833e-07 2.1208432e-06 4.2502723e-08 0.0002387591 0.018712848 0.01992443 1.4853355e-05 0.005201548 4.9924205e-07 5.785138e-07 1.2198524e-05 0.00070106867 8.3249944e-08 0.013703266
0.9218918 0.017845297 0.41111612 0.6930003 0.02611059 0.13449238 0.20532964 0.40403166 0.0033650158 0.73987055 2.0609193e-15 8.652164e-05 0.9685952 0.8835507 0.00017419163 0.015658183 0.75819916 0.81930447 7.5721628e-06 8.12979e-06 0.0021223677 4.0700097e-06 2.844791e-05 3.572652e-05 0.017534737 2.2561158e-05 0.29544204 0.548096 0.24736562 0.07344877 8.521815e-06 5.812524e-07 3.3928102e-06 0.00594497 0.5413765 1.2571244e-05 0.005298752 4.551685e-07 1.0460976e-06 3.0799813e-06 0.074853905 0.49293715 0.014191621 0.46149766 0.03135922 0.17018265 1.543499e-05 1.8831886e-05 4.4135695e-06 2.5695974e-06 5.1642737e-06 6.159951e-07 0.0001444014 0.000317028 1.8089613e-05 1.9126246e-06 2.0335196e-06 7.06761e-06 1.10730475e-07 0.016495217 6.2144244e-07 8.035455e-05 0.00017559015 5.9417044e-07 4.680968e-07 0.18710518 2.9368638e-07 1.2355163e-07 1.190089e-06 4.1504848e-08 0.0010321906 0.00014767643 5.783086e-07 7.6547884e-08 0.04068508 1.943476e-06 4.703089e-06 0.00012370462 2.8441724e-05 1.4603995e-07 0.0017495573 5.4383282e-08 0.0013982168 4.413858e-07 8.504424e-08 5.912465e-07 0.026392143 8.682073e-08 9.3322164e-08 2.3314182e-07 0.0014373072 0.0012748399 0.03284242 7.771221e-06 0.06714782 8.220039e-06 4.310908e-05 1.824243e-05 0.0044733705 3.716315e-06 0.004325278
0.79978305 0.20864402 0.0010716572 0.00015055074 0.22030354 0.04813855 0.00028832522 0.012022118 0.8165012 0.01388788 8.652164e-05 2.3467032e-16 9.0892514e-05 0.009951077 0.9565545 0.32158187 0.00157865 9.17791e-06 0.78575265 0.7443804 0.7909792 0.4887356 0.8122884 0.7578761 0.7334702 0.2911209 4.7140296e-05 2.5767005e-05 0.005060719 1.6433234e-05 0.4743859 0.015024925 0.6648604 3.8590028e-07 0.00013979603 0.28793484 0.06104343 0.09000436 0.051024485 0.05504624 1.0507043e-05 0.00037082093 9.186861e-06 0.0006501141 0.10395682 0.00013920083 0.011958369 0.011686006 0.048381425 0.009189569 0.0052063516 0.00044896323 0.009069191 1.0307342e-06 0.00044024384 0.00022016147 0.0009824703 0.022758456 0.0003067175 1.0708964e-05 0.0005086729 0.021070052 0.010504129 0.00015136876 9.4861374e-05 0.010765017 1.3851848e-05 0.00023191697 0.00012671768 0.0002015633 2.1481106e-05 0.00017305872 8.311648e-05 4.2095744e-06 0.0012995667 0.005872059 3.7406306e-05 4.9592323e-05 1.0115336e-06 1.9914045e-05 4.454611e-05 1.5411557e-05 0.0047235955 4.8469537e-05 5.861534e-06 9.477832e-06 0.00010642071 2.9854124e-05 5.6337635e-06 3.1345494e-06 0.00017504574 0.008957558 0.00012073085 0.00012703336 0.0006382083 6.687778e-06 6.850476e-06 0.0002612289 0.00025614063 7.767472e-06 0.00318593
0.12664329 0.00051981007 0.024375863 0.25839737 0.0008703832 0.0027654523 0.5994969 0.009637421 0.00071880576 0.034319855 0.9685952 9.0892514e-05 2.2360584e-14 0.08836902 1.790093e-06 0.00018695396 0.053608034 0.9897354 1.2719665e-06 1.8618532e-06 2.4293022e-05 2.0106181e-06 1.074063e-05 1.0442771e-05 0.0003266782 2.2846835e-07 0.5313902 0.19322993 0.0021996496 0.048273947 1.0510856e-06 7.136679e-07 1.6687173e-06 0.09885157 0.07530027 2.8641828e-06 0.0001174544 2.9816808e-06 1.3213877e-06 1.2358039e-05 0.010614958 0.028890647 0.009165902 0.05560778 0.0010855197 0.035414528 2.5023337e-06 1.0518257e-06 5.725053e-06 5.646037e-06 4.5305768e-07 9.277713e-08 4.1464614e-06 0.0024321026 8.755953e-06 8.7370057e-07 8.5095485e-07 1.3717602e-05 2.6500706e-08 0.0037026156 9.4851096e-08 4.736074e-05 1.2897091e-05 1.3806658e-06 2.405536e-07 0.005522034 1.4127706e-07 1.8575893e-08 5.3640474e-06 3.0266023e-08 0.0023043875 0.0008569917 6.7073205e-07 9.72283e-08 0.0036224385 2.685854e-06 3.43747e-05 0.0029724396 0.00019633307 6.994602e-08 0.0017911682 2.6295942e-07 6.1169354e-05 3.11367e-06 1.5798517e-07 3.777775e-07 0.010878199 3.8593357e-06 6.9321e-08 1.977849e-09 0.0020352376 6.680235e-05 0.0053996956 1.9244708e-05 0.044382695 2.6632506e-06 0.00022980843 4.5275947e-06 0.001775762 1.0945505e-07 0.0069685266
0.8775477 0.07535014 0.15832604 0.24763276 0.40578392 0.66241974 0.024474736 0.8659601 0.02071084 0.919543 0.8835507 0.009951077 0.08836902 6.5084923e-15 0.007240246 0.42681205 0.96636575 0.024912814 0.0007617991 0.00045386318 0.06146327 0.0002848498 0.0021458953 0.000501306 0.17183825 0.0056948536 0.0025770017 0.008627771 0.7506815 0.0016997363 0.00049255433 6.1007686e-05 4.648099e-05 0.00021816856 0.20821087 7.494447e-05 0.10566019 3.9550496e-06 1.2863907e-06 4.800109e-06 0.0034588552 0.08135912 0.00080307975 0.054189287 0.09974954 0.020843757 0.0009337942 0.0034287742 7.0102956e-06 5.0006118e-05 5.581641e-05 5.8544224e-06 0.0063220933 4.4089e-06 0.00022653039 1.7641838e-07 5.1409548e-05 4.3939567e-06 3.5426572e-06 0.0028925498 8.883896e-06 7.314093e-06 0.0150512485 2.2396733e-07 1.1594195e-06 0.1618447 1.07142036e-07 7.710122e-07 3.787564e-06 1.4526626e-07 0.00012215387 1.3880266e-05 1.6610524e-05 7.3247314e-08 0.027385356 2.065275e-06 7.769846e-07 1.3457411e-05 8.12889e-06 7.021777e-08 0.00021183347 7.9716784e-08 0.008825928 1.1514164e-06 1.8973991e-07 2.097415e-07 0.00094005105 1.14603594e-07 1.4809203e-06 9.884706e-08 0.0004430145 0.015965763 0.01967044 4.98053e-06 0.009987443 7.178809e-07 3.3019119e-06 5.729013e-06 0.0012149896 6.939414e-08 0.01202991
0.12810712 0.056452632 0.0012480296 7.452432e-05 0.106316335 0.064207375 0.0013268343 0.0105115445 0.9169626 0.026091447 0.00017419163 0.9565545 1.790093e-06 0.007240246 2.0928482e-14 0.09047483 0.000755062 8.4171575e-07 0.14863384 0.11677136 0.33194155 0.050471496 0.98802817 0.2006056 0.26889625 0.011813275 3.585323e-06 2.065464e-06 0.0031869726 4.8522747e-06 0.36508438 0.0003790142 0.12847918 1.7848213e-07 7.635902e-05 0.04885497 0.006777362 0.0112172915 0.004902003 0.00053155655 1.5260339e-06 0.0002956926 9.199686e-06 7.1095674e-05 0.015385787 4.3018976e-05 0.00045130993 0.0005757923 0.014933344 0.00013128326 0.000102022794 1.7689417e-05 0.0001901962 1.7510693e-07 8.6418644e-05 9.907994e-07 3.51444e-05 0.00060502597 1.9399188e-06 2.2783845e-05 3.989492e-06 0.0005792724 0.00040769868 2.0870425e-06 4.5420215e-06 0.002214287 8.9202814e-08 1.6039161e-06 4.9566765e-06 3.9107184e-07 3.6043298e-06 3.2223288e-05 5.9887766e-06 9.014162e-08 0.00043392178 6.9588365e-05 5.744548e-07 4.330412e-06 6.4262517e-06 3.1791157e-07 2.3297758e-05 3.9471626e-08 0.000842102 1.0631916e-06 1.0202332e-07 3.3163357e-07 9.376693e-05 2.9532579e-05 1.5625355e-06 1.1798906e-07 0.00012878429 0.00019764906 2.9786468e-05 2.5133102e-05 0.00043252247 1.0946043e-06 1.364423e-06 2.4094596e-05 0.00018887615 6.8555045e-07 0.0015978384
0.80584633 0.22349407 0.02234486 0.012422812 0.59186405 0.707615 0.0013769716 0.7984042 0.054121513 0.5736206 0.015658183 0.32158187 0.00018695396 0.42681205 0.09047483 5.4608065e-17 0.26488644 0.00018136034 0.03692734 0.013354125 0.95006466 0.028522123 0.02576477 0.012752493 0.8869948 0.5376921 3.8302795e-05 0.00014909975 0.65727985 6.7715984e-05 0.0060747853 0.00058473455 0.012756767 9.822736e-07 0.0024232334 0.0012577593 0.5947013 0.0012511675 0.00068646413 0.001277621 6.843564e-05 0.00543027 1.091208e-05 0.0018355962 0.254182 0.0009211298 0.0060155177 0.027252575 0.00019378036 0.0015189918 0.00039627217 8.6152366e-05 0.056208186 8.547812e-08 0.0013133435 4.1454077e-05 0.00021647922 6.76197e-05 7.509049e-05 8.9732115e-05 0.00010120684 2.5697409e-05 0.042356905 4.2930633e-06 1.2870369e-05 0.05529994 2.2905706e-06 4.963938e-06 1.1846499e-05 1.3910765e-06 2.2810846e-05 5.766061e-06 2.4266024e-05 5.592339e-07 0.009465268 2.4327276e-06 1.05259275e-07 1.6869503e-06 2.7212937e-07 8.7337224e-07 8.462041e-06 1.6393593e-06 0.014842333 1.7853969e-05 4.429798e-07 1.4623926e-07 2.8856686e-05 5.4673006e-07 3.302433e-05 8.9612776e-08 3.608259e-05 0.021709183 0.0080161635 8.222962e-06 0.0003315313 4.4127777e-08 3.0446845e-08 6.3026147e-07 0.00035128076 8.026156e-09 0.023571325
0.93330926 0.010753136 0.027757134 0.088027 0.08853264 0.1730783 0.004999687 0.4246216 0.0038778551 0.52908283 0.75819916 0.00157865 0.053608034 0.96636575 0.000755062 0.26488644 1.0627938e-16 0.029168775 4.626134e-05 3.4574892e-05 0.016919976 1.4728113e-05 0.00022065883 4.5737594e-05 0.08132012 0.00032635248 0.004461969 0.03053408 0.9310614 0.002802856 6.9051403e-06 7.4158135e-07 3.2854527e-06 0.00024431577 0.7541774 8.892024e-06 0.15877931 4.3686296e-07 1.3568068e-07 5.4318724e-07 0.020811643 0.47281894 0.0045600054 0.20801434 0.14322974 0.08358018 9.3061106e-05 0.00046871082 7.882113e-06 2.6548946e-06 9.593216e-07 7.107841e-08 0.0049045817 2.3086095e-05 9.73324e-06 3.7129634e-08 1.1010304e-06 4.6701575e-06 5.8316036e-08 0.0074409 1.4872448e-07 2.9966925e-06 0.015378364 8.918938e-08 5.6400907e-08 0.28165638 3.761814e-08 1.9938264e-08 1.275724e-06 1.5310686e-08 0.00026743067 5.3171116e-05 1.9603978e-07 4.207483e-08 0.10343889 8.9347685e-07 2.5329437e-06 3.2891945e-05 1.7317338e-05 6.879478e-08 0.00018626772 2.5286186e-08 0.0068716574 5.3035112e-08 6.032772e-08 1.4362753e-07 0.0017953411 6.9612383e-07 3.5048185e-08 1.2429731e-08 0.00056111475 0.0060754316 0.031803347 1.4754387e-07 0.018340202 5.5040236e-06 2.6597222e-06 1.9087753e-05 0.0018697921 2.7820306e-09 0.014531116
0.1250413 9.924539e-06 0.0005294052 0.004687379 4.2951866e-05 0.00015936972 0.0074754176 0.00039773135 2.1732949e-05 0.003249492 0.81930447 9.17791e-06 0.9897354 0.024912814 8.4171575e-07 0.00018136034 0.029168775 4.2294856e-17 4.7507942e-07 2.1946487e-06 1.5991454e-05 2.0573646e-06 1.1828407e-06 2.7202857e-06 0.00011054474 5.7660964e-07 0.9201871 0.54859835 0.0028060952 0.29734892 4.2605583e-07 1.347784e-06 7.5713933e-07 0.5087599 0.1331713 8.1005004e-07 0.00030617978 9.196278e-07 4.9848416e-07 6.0013923e-07 0.048508815 0.03793765 0.076567404 0.08626273 0.0015186339 0.08680072 1.5384816e-05 8.471512e-06 3.2895878e-06 4.8600106e-07 1.0062189e-06 1.7819623e-07 1.0609506e-05 0.00684995 0.00011033472 3.323044e-07 8.976892e-07 7.289815e-07 1.8680683e-07 0.011535709 6.476727e-08 1.2262622e-06 0.00010236683 1.5438034e-07 3.6473185e-07 0.0068597267 1.6061823e-07 2.4477936e-08 2.0475474e-07 5.984386e-08 0.005825143 0.00080565026 1.1460463e-06 1.0929899e-07 0.005354429 3.542706e-07 0.00011866597 0.0013057204 0.0004185512 9.8693704e-08 0.004141404 3.2538157e-08 0.00047696297 1.971096e-06 7.546437e-07 3.45802e-07 0.0250835 7.334073e-07 2.859573e-06 3.425757e-09 0.0040740855 0.00022699598 0.008309291 3.8913848e-05 0.043271393 7.5320355e-07 0.00071651913 2.1945523e-06 0.0034634578 8.2432393e-07 0.0078031775
0.92881954 0.008020308 0.00031752876 1.5066212e-05 0.01252301 0.002197708 2.0401367e-05 0.0006746511 0.007515239 0.0007535276 7.5721628e-06 0.78575265 1.2719665e-06 0.0007617991 0.14863384 0.03692734 4.626134e-05 4.7507942e-07 1.4689762e-18 0.9522699 0.14746572 0.9350011 0.23936358 0.74084324 0.029771982 0.85117126 2.1327105e-06 5.04863e-07 0.0014983977 1.0471286e-06 0.092458725 0.5910803 0.67709625 1.1376511e-07 2.853483e-05 0.045696553 0.017145198 0.265409 0.24847959 0.16039594 4.656622e-07 0.000109041786 2.390743e-07 5.903461e-05 0.021792036 1.9608804e-05 0.27190965 0.10441542 0.020891627 0.07612343 0.069522105 0.0032063797 0.045816932 3.0962983e-07 0.021388527 0.0072060204 0.031614807 0.0391077 0.00062137464 6.449112e-07 0.004424829 0.1335522 0.030447477 0.0017550779 0.0003147439 0.008124625 0.0007179189 0.00016478439 0.0011787566 0.00015674802 1.8668494e-06 1.0167059e-06 0.00043398738 0.0003119219 0.0031421697 0.0016753037 3.3200442e-07 3.483771e-06 2.4873216e-07 0.0009190677 5.7410483e-07 0.00010165063 0.026265308 6.963437e-05 2.9746385e-05 1.4522248e-05 3.271753e-07 4.27408e-06 0.0001669698 1.1443165e-06 1.5356914e-06 0.04927141 0.0006981577 9.811783e-05 5.52033e-06 1.588114e-06 1.622064e-08 1.1037887e-05 2.9672221e-06 2.2189319e-07 0.008574655
0.80401206 0.0065797037 0.00044840676 3.34715e-05 0.009262045 0.0018722954 2.5758945e-05 0.0005726263 0.010090447 0.0006442602 8.12979e-06 0.7443804 1.8618532e-06 0.00045386318 0.11677136 0.013354125 3.4574892e-05 2.1946487e-06 0.9522699 6.332103e-19 0.063069746 0.7774656 0.21036239 0.91314626 0.020475658 0.39694574 5.3265694e-06 3.3498816e-06 0.00030222995 6.666573e-06 0.041125935 0.8624002 0.5751738 1.0662504e-07 4.3274e-05 0.050679415 0.0033435752 0.27814704 0.2706618 0.4960908 1.1667581e-06 4.1480063e-05 9.5152666e-07 6.094767e-05 0.008564292 1.9999674e-05 0.12811075 0.046683814 0.01883723 0.3039386 0.10653867 0.023880273 0.006327063 3.7046038e-07 0.00995661 0.044920385 0.06666598 0.027207617 0.0056635453 2.8126965e-07 0.010334175 0.16249572 0.006087799 0.013622436 0.0037755477 0.0030650508 0.0033420227 0.00091448333 0.01112892 0.0015048299 1.6260245e-06 3.678887e-06 0.001232231 0.0029863806 0.0009256962 0.00746602 5.531798e-06 9.629794e-06 4.9900405e-07 0.006382503 9.831101e-06 0.0006453527 0.008487747 0.0009440967 0.00085389125 0.00017812122 2.5978002e-06 1.0935655e-05 0.0010439664 3.1104842e-05 3.8466314e-05 0.05895807 0.00023531543 0.00062018796 4.8686e-06 3.459869e-06 3.792933e-07 0.00017514179 1.7667955e-05 1.9363359e-05 0.0017437497
0.9158749 0.18916924 0.0031928252 0.0011409493 0.5108176 0.49879754 0.00012685516 0.55120134 0.08182816 0.3332148 0.0021223677 0.7909792 2.4293022e-05 0.06146327 0.33194155 0.95006466 0.016919976 1.5991454e-05 0.14746572 0.063069746 2.9377384e-16 0.11851009 0.16243501 0.1292058 0.92831755 0.7730682 2.0063575e-05 3.791165e-05 0.26625594 9.021353e-06 0.025230058 0.0015916302 0.18223268 1.0088728e-06 0.0004219273 0.0039778957 0.6101398 0.010104421 0.0055517443 0.008037153 4.655661e-06 0.0018580884 1.3620906e-06 0.00032049348 0.34980798 0.00013143523 0.034897655 0.09071267 0.0010361153 0.0032934758 0.001737307 0.00019996402 0.17390019 1.9750048e-07 0.0036416107 0.0002564493 0.0006611591 0.00017388341 0.00013335425 1.1049504e-05 0.00027408503 0.00040715782 0.06901951 2.9508255e-05 2.5083222e-05 0.050478525 3.433542e-05 1.6913458e-05 2.9743745e-05 1.0994718e-05 2.0268757e-05 2.2182983e-06 9.171073e-05 1.0720424e-06 0.008831995 1.32378245e-05 9.306992e-08 3.8210105e-06 1.120109e-06 1.0275695e-05 3.124289e-06 1.1057641e-05 0.021006199 4.297735e-05 5.5522996e-06 3.5917827e-07 8.81181e-06 1.2281084e-05 0.00012456218 5.1066667e-07 2.8266838e-06 0.03479476 0.006052193 3.115555e-05 7.474291e-05 7.843884e-08 1.5990805e-08 1.0310714e-06 1.7505703e-05 1.280377e-07 0.037847612
0.95237064 0.002915171 7.66785e-05 4.8927386e-06 0.0071293693 0.001146212 2.2900324e-05 0.00037200912 0.0015805699 0.00047890667 4.0700097e-06 0.4887356 2.0106181e-06 0.0002848498 0.050471496 0.028522123 1.4728113e-05 2.0573646e-06 0.9350011 0.7774656 0.11851009 6.4038396e-18 0.1328431 0.69608504 0.013616207 0.88083637 3.3126892e-06 7.4391886e-07 0.000565846 1.1012185e-06 0.026971256 0.8202382 0.62408644 4.275235e-07 2.6569423e-05 0.019846814 0.015439208 0.23142721 0.22641046 0.245693 1.4386654e-06 7.38141e-05 4.6753377e-07 3.0410212e-05 0.021862883 1.8696208e-05 0.5280031 0.18521833 0.011262988 0.078126736 0.15204099 0.011826885 0.07117313 1.1652736e-06 0.040909383 0.011875961 0.043679442 0.041846834 0.0017999252 2.584815e-07 0.010998861 0.1772228 0.033791706 0.0014872896 0.00094119663 0.0058893072 0.0010659139 0.00019705339 0.0013453248 0.00026419957 2.781971e-06 7.926081e-06 0.0003723145 0.000112996604 0.0023673235 0.0011939282 9.985151e-07 5.6896337e-05 3.788996e-07 0.0013441796 2.28315e-07 0.00011573383 0.03440515 6.553877e-05 7.458867e-05 2.000406e-05 6.792237e-07 2.5753895e-06 0.00015802006 1.2000483e-05 1.3141379e-06 0.078001864 0.00029876214 0.00021995814 2.1730493e-06 1.5832023e-06 6.050807e-08 2.4122899e-05 3.9043925e-06 1.3769247e-06 0.0041288887
0.040253762 0.0068021878 0.00016510214 9.466838e-06 0.01510199 0.008597944 8.613109e-05 0.0016892154 0.14629413 0.0044118995 2.844791e-05 0.8122884 1.074063e-05 0.0021458953 0.98802817 0.02576477 0.00022065883 1.1828407e-06 0.23936358 0.21036239 0.16243501 0.1328431 2.6921178e-18 0.49390432 0.100872934 0.04329494 6.5510117e-06 1.3156746e-05 0.0020485094 2.024801e-05 0.9461908 0.00843057 0.71941227 1.1815526e-07 1.8243421e-05 0.33868733 0.0045920378 0.17763636 0.1742089 0.032995384 6.2011245e-06 8.2779654e-05 7.922257e-06 2.2407927e-05 0.0052017136 4.2714822e-05 0.0017399249 0.002469696 0.04979338 0.0057900534 0.00044206405 0.00010133934 7.5432494e-05 2.5484262e-08 0.000180231 1.71327e-05 0.00012411976 0.012817521 2.8890445e-05 1.8395154e-05 2.8545912e-05 0.0059360494 0.00033682396 1.12115795e-05 4.412919e-05 0.000604493 1.1302008e-06 1.780352e-05 0.00020015672 3.4621353e-05 1.9414088e-06 4.3825025e-06 5.6575853e-05 2.2279414e-07 0.00038380607 0.0005320216 2.0436232e-06 7.401153e-07 3.630519e-07 9.591987e-06 2.6130205e-05 2.8837457e-07 0.0013860591 5.2459095e-06 2.486328e-07 3.1807963e-07 5.0335733e-05 4.193709e-05 5.7905554e-06 8.5214623e-07 7.503301e-05 0.0007088417 2.6346625e-05 2.7962938e-05 7.549532e-05 2.209321e-06 4.5545463e-07 8.536587e-06 0.00024160922 1.9773758e-07 0.00086866954
0.8074964 0.002187826 0.00013095065 2.35428e-05 0.005196111 0.0013748307 9.006944e-06 0.00016469359 0.0021820706 0.000852165 3.572652e-05 0.7578761 1.0442771e-05 0.000501306 0.2006056 0.012752493 4.5737594e-05 2.7202857e-06 0.74084324 0.91314626 0.1292058 0.69608504 0.49390432 4.3052308e-16 0.03037586 0.16355258 1.756621e-05 9.909124e-06 0.00065864937 1.1971165e-05 0.23967525 0.47016793 0.93663967 1.2247417e-06 7.957806e-05 0.21098334 0.004686021 0.52281 0.5156443 0.77678925 8.560809e-06 8.202321e-05 6.35731e-06 6.5326974e-05 0.011789528 9.1175454e-05 0.1484275 0.06658397 0.09450408 0.32590637 0.13533701 0.009390426 0.0052661407 4.2991105e-06 0.003461635 0.030953594 0.06659545 0.0721141 0.0033481608 9.528866e-06 0.0056572948 0.32502908 0.005855275 0.014494358 0.003824436 0.0008619688 0.0022000754 0.0017241938 0.011792074 0.0039278977 7.4372206e-06 0.00016700802 0.0011831793 0.00040186624 0.00049516244 0.0065028863 0.00023189996 0.00010381627 2.0355474e-06 0.0015663999 4.070902e-06 0.000334179 0.008567628 0.0003928175 7.1925424e-05 0.00018321647 2.488164e-05 2.0649235e-05 0.00033639843 1.557524e-05 2.8485429e-05 0.07094466 6.7173896e-05 0.0011586178 0.00016279657 4.728012e-06 8.8088564e-07 0.0004563512 0.00010479828 3.682402e-05 0.0010981574
0.96658325 0.21391793 0.003993996 0.0023141657 0.56691104 0.560579 0.00037112643 0.62730145 0.10404956 0.67500234 0.017534737 0.7334702 0.0003266782 0.17183825 0.26889625 0.8869948 0.08132012 0.00011054474 0.029771982 0.020475658 0.92831755 0.013616207 0.100872934 0.03037586 1.5700442e-14 0.29576185 0.00011151869 0.00019528065 0.67850125 8.994752e-05 0.011950589 0.00035968027 0.047108572 5.3377667e-06 0.0035921324 0.0020380851 0.80998147 0.0023656106 0.0011691691 0.00076712295 0.00020035743 0.011489826 6.409148e-05 0.0017779802 0.41443667 0.0008093374 0.008066609 0.047858812 0.000455849 0.0008234597 0.00026766947 4.9668906e-05 0.15635091 1.4471985e-06 0.0020265707 0.00018140169 0.00016778387 7.057961e-05 7.976535e-05 0.00018535247 8.8699475e-05 0.0001527267 0.06702023 3.0443409e-05 8.979072e-06 0.08989603 1.364714e-05 4.357493e-06 2.9215695e-05 2.1890257e-06 0.0002481069 3.891288e-05 2.2292212e-05 3.060653e-06 0.014432755 1.1603127e-05 1.3510603e-06 4.628574e-05 3.219105e-06 2.2319715e-05 8.519878e-05 3.0504395e-06 0.016302738 1.6686432e-05 6.735823e-06 8.1980113e-07 8.988346e-05 1.0868677e-05 1.5995725e-05 6.19537e-07 0.00017511337 0.021930637 0.0052075433 4.579409e-06 0.0003838271 3.0744656e-07 3.5404233e-07 1.842009e-06 0.0005864725 1.2658697e-08 0.044932757
0.92067754 0.0075160274 0.0007644027 2.6161495e-05 0.039589956 0.016362557 4.9859023e-05 0.012554782 0.0005999299 0.0047811177 2.2561158e-05 0.2911209 2.2846835e-07 0.0056948536 0.011813275 0.5376921 0.00032635248 5.7660964e-07 0.85117126 0.39694574 0.7730682 0.88083637 0.04329494 0.16355258 0.29576185 4.703204e-16 1.0860802e-05 1.180683e-05 0.0049316916 3.978428e-06 0.011127201 0.6868251 0.22611018 1.6983392e-07 0.0003339149 0.009254028 0.085138015 0.041110758 0.037930693 0.029514931 5.219498e-07 0.0010041407 7.2220396e-06 0.00023474767 0.051751785 6.428805e-05 0.8720174 0.77530146 0.004571442 0.019487951 0.28441474 0.016635207 0.38393325 2.1857808e-07 0.15829298 0.005137331 0.04218772 0.005065156 0.0055484492 4.8379206e-07 0.018654404 0.01354533 0.09418829 0.000353108 0.0008023452 0.025838995 0.00023060033 0.0010544702 0.00058750476 0.0011351478 1.074397e-05 0.0010524786 0.0005856423 6.944371e-05 0.0074348487 0.013064915 5.2639907e-06 0.00013756963 6.082347e-07 0.0001252863 1.6324206e-05 0.00047501465 0.07276584 0.0003189686 2.9800593e-05 3.9997094e-06 2.7726508e-06 1.4085591e-06 0.00050309225 1.2936492e-06 1.6641332e-05 0.09803478 0.0012927497 0.00017540988 1.8361818e-05 1.1882717e-05 3.9843776e-08 0.0001405686 1.1929146e-05 4.7349403e-07 0.068603404
0.13498761 1.1295294e-06 6.5824395e-05 0.0011388218 1.3048086e-05 1.7623328e-05 0.00043089702 5.817398e-05 1.0588199e-05 0.00036579955 0.29544204 4.7140296e-05 0.5313902 0.0025770017 3.585323e-06 3.8302795e-05 0.004461969 0.9201871 2.1327105e-06 5.3265694e-06 2.0063575e-05 3.3126892e-06 6.5510117e-06 1.756621e-05 0.00011151869 1.0860802e-05 5.0697307e-14 0.76458293 0.0013126918 0.9749126 4.233856e-06 7.63097e-06 3.8610122e-07 0.96623576 0.10385249 2.8290247e-06 0.00017389137 1.0611465e-06 6.2903825e-07 1.955404e-06 0.049144223 0.008874349 0.28509593 0.04552645 0.00068746816 0.097775094 1.7741335e-05 1.3474119e-05 1.5399717e-05 2.5709382e-06 8.290258e-07 1.0964013e-06 8.353499e-06 0.24368586 3.6855887e-05 8.791484e-07 1.2997272e-06 8.519134e-06 8.9790836e-07 0.024451455 3.0129347e-06 1.0367148e-05 4.025734e-05 1.0102361e-06 5.867538e-07 0.0062598544 8.948498e-07 6.6817694e-07 2.4008992e-05 3.5703047e-07 0.017958924 0.0018212168 1.2750733e-06 4.5003299e-07 0.0034782393 6.848418e-06 0.0003634981 0.0034000708 0.0016811127 3.0383007e-06 0.008528109 8.7078416e-07 0.0004222252 3.872365e-06 8.610599e-06 8.3187415e-06 0.02689979 1.8572636e-06 1.0638447e-06 7.2448137e-07 0.0049238577 0.00019719308 0.0066233673 4.60981e-06 0.032801434 3.2336266e-05 0.0005646302 2.8998846e-05 0.0044480227 1.8011194e-06 0.0012357734
0.91997886 3.458731e-06 4.3142394e-05 0.0031102204 2.2610162e-05 2.8623548e-05 0.00013126135 8.16672e-05 7.4564095e-06 0.0009947413 0.548096 2.5767005e-05 0.19322993 0.008627771 2.065464e-06 0.00014909975 0.03053408 0.54859835 5.04863e-07 3.3498816e-06 3.791165e-05 7.4391886e-07 1.3156746e-05 9.909124e-06 0.00019528065 1.180683e-05 0.76458293 1.2242265e-14 0.010088047 0.96791935 7.1790896e-07 3.402818e-07 1.8173555e-06 0.25071573 0.7115038 6.86417e-06 0.0015001079 1.3465686e-06 2.1101362e-06 6.0654647e-06 0.7592405 0.17222662 0.9081776 0.53048295 0.006722924 0.63431895 3.1080274e-06 1.2837198e-05 5.7760444e-06 1.2126545e-06 7.018698e-08 3.2631337e-07 6.4240245e-05 0.02241827 6.204343e-06 2.3372031e-06 7.106757e-08 1.393551e-05 1.4778537e-07 0.39181125 2.1144261e-07 1.9541225e-05 0.00010454673 2.3025839e-06 1.0891671e-07 0.063743554 3.8890468e-07 1.4490456e-07 2.6903251e-06 6.425553e-08 0.021257808 0.0006611462 3.0765804e-07 2.0463283e-06 0.027668826 2.41656e-06 7.555417e-05 0.00038068875 0.0012659931 2.0421953e-06 0.035694007 2.5281507e-08 0.0012847761 8.458083e-07 1.0129818e-06 3.1068773e-06 0.2082668 3.426587e-07 3.6285664e-07 2.5252072e-07 0.017621817 0.0005093547 0.053305157 4.6395407e-06 0.26178405 1.981924e-05 0.000963623 8.2394436e-05 0.013281331 5.042984e-06 0.0028519216
0.94002765 0.018701661 0.013852775 0.00922653 0.085326575 0.21192898 0.0016271394 0.41366845 0.005220833 0.5543582 0.24736562 0.005060719 0.0021996496 0.7506815 0.0031869726 0.65727985 0.9310614 0.0028060952 0.0014983977 0.00030222995 0.26625594 0.000565846 0.0020485094 0.00065864937 0.67850125 0.0049316916 0.0013126918 0.010088047 5.106782e-15 0.00069012033 0.0006409103 1.3284225e-05 0.000105590516 4.195553e-05 0.46526456 0.0014597967 0.82364994 4.6064347e-06 5.0525537e-06 3.236243e-05 0.008545365 0.64751315 0.00050784496 0.15621093 0.543433 0.028271506 0.0027857092 0.010727677 7.594007e-05 7.149642e-05 6.570285e-05 4.1956305e-06 0.055840652 1.1025966e-05 0.00018189246 1.0983729e-06 5.4078275e-05 4.970378e-05 6.564019e-06 0.0040750513 3.608333e-06 1.2405343e-05 0.10958028 1.9814504e-06 1.490797e-06 0.6544371 1.1498846e-06 1.5213793e-06 1.4996858e-05 6.249561e-07 0.0006917291 7.190142e-05 2.3526807e-06 1.6770722e-06 0.26154646 2.9774299e-06 2.3600446e-06 3.2248252e-05 5.27029e-06 1.5885032e-06 0.0002176999 1.7844248e-07 0.020776812 1.8743597e-06 4.5300192e-07 1.7901903e-06 0.0015835158 3.5833557e-07 2.4161668e-07 2.640566e-07 0.0008472042 0.028265974 0.06366802 1.1308531e-06 0.0065879035 2.0676982e-05 2.0166349e-06 5.1959567e-05 0.0041714115 7.816061e-08 0.24186622
0.2783543 1.6797262e-06 8.714891e-06 0.0003229557 7.3678602e-06 9.402443e-06 8.469545e-05 1.2796568e-05 6.793445e-06 0.00026375524 0.07344877 1.6433234e-05 0.048273947 0.0016997363 4.8522747e-06 6.7715984e-05 0.002802856 0.29734892 1.0471286e-06 6.666573e-06 9.021353e-06 1.1012185e-06 2.024801e-05 1.1971165e-05 8.994752e-05 3.978428e-06 0.9749126 0.96791935 0.00069012033 3.341249e-15 6.881119e-06 5.219269e-07 4.7842434e-07 0.9165576 0.15532939 1.4326071e-06 0.0003159143 4.7883833e-07 3.5543613e-07 3.4788077e-06 0.27306518 0.011833707 0.79141474 0.08839766 0.000312068 0.18428452 7.782316e-06 4.0820173e-06 6.0770913e-06 1.0231421e-06 1.9232542e-07 1.7649614e-07 5.2244686e-05 0.4646618 5.7971747e-06 1.7969434e-06 1.8689734e-07 3.907317e-06 7.551077e-08 0.074312985 2.7358791e-07 1.6579173e-05 7.273367e-06 6.961258e-07 1.5450202e-07 0.005407704 6.5022346e-07 4.109891e-08 2.8487345e-06 8.72091e-08 0.16490927 0.003262694 1.726475e-07 5.4398997e-06 0.0063002086 3.0238966e-06 0.0011750438 0.0043186997 0.032354545 2.108133e-06 0.043263834 9.9415416e-08 0.0005581923 8.674489e-07 7.527716e-06 2.9483429e-06 0.09370244 6.787853e-07 1.284114e-07 8.615853e-07 0.042749457 0.00014664617 0.009532497 6.7614515e-06 0.08887017 7.2315124e-05 0.0017697139 0.000102945916 0.023527887 8.526892e-07 0.00069356075
