1.2202323e-19 0.9925038 0.9567702 0.8977773 0.8488214 0.9181405 0.83550614 0.86817175 0.866674 0.831746 0.9466324 0.9944456 0.93069637 0.5962491 0.8449385 0.8387976 0.7887272 0.85990494 0.5572996 0.7588292 0.99407387 0.9618597 0.9810745 0.94375384 0.83985424 0.8797926 0.97004825 0.94358563 0.9277955 0.7716212 0.98130476 0.9499438 0.42485172 0.67473555 0.89084417 0.84775746 0.89590895 0.84558845 0.964165 0.6576808 0.95899606 0.74656755 0.8879611 0.88671803 0.115967184 0.04325136 0.33115482 0.04158384 0.98187363 0.6344425 0.8040644 0.999304 0.0363976 0.48258767 0.62520456 0.9313879 0.006118946 0.0039273174 0.005064289 0.7962198 0.5772013 0.99215144 0.9555123 0.4949104 0.48631668 0.92591804 0.9340484 0.121594906 0.2546961 0.8576144 0.98839253 0.40756243 0.041077103 0.18062341 0.50321877 0.8820164 0.004372953 0.19228466 0.0030249567 0.0035435243 0.16687058 0.0037198912 0.9709622 0.8930723 0.28046197 0.9864675 0.007282582 0.9746559 0.77792454 0.14563447 0.00040200618 0.014646097 0.047255713 0.83404607 0.000737347 0.9999445 0.9999939 0.03188751 0.0005973995 0.9948884 0.028120395
0.9925038 4.7132462e-15 0.88247406 0.8741099 0.7955444 0.6998786 0.09848516 0.6527818 0.62555265 0.004356386 0.16076873 0.86729616 0.19130206 0.02158843 0.36851615 0.43935403 0.2731082 0.23679668 0.09774834 0.021318903 0.8260492 0.09444466 0.5122292 0.1702518 0.079194084 0.054127697 0.04018314 0.029080005 0.028567592 0.016974183 6.008351e-05 0.051143955 0.04111228 0.0028758633 0.009523543 8.578123e-05 2.2068743e-06 1.231929e-05 0.0075899926 0.0005413785 0.010658785 0.0294532 1.282515e-06 0.00014618077 0.011218565 0.0031306108 0.0015461273 0.0011470623 6.221718e-07 1.7050525e-06 3.2294924e-08 0.076391004 0.00018875713 4.6208218e-08 5.1334414e-08 0.0008495056 0.00019044921 0.00013145503 6.009376e-05 1.0105536e-07 5.7753834e-08 0.03787119 1.7288055e-06 3.251969e-05 0.0028191367 2.84857e-07 2.2904493e-07 1.5014016e-05 4.9562373e-06 0.0021974617 5.083172e-06 1.6755608e-05 0.00086390023 2.3748929e-07 1.0688868e-08 0.0017965921 1.7022083e-05 4.7700585e-08 2.0878799e-05 1.92843e-05 6.443856e-07 1.0008867e-05 0.0066067223 0.02454735 2.124427e-07 0.0013311079 9.4625904e-07 0.013216828 1.5710817e-05 6.4747514e-06 1.5860448e-06 5.244374e-06 3.5300694e-05 1.5277011e-06 4.267376e-06 0.011709835 0.007194845 1.4770182e-09 2.4336478e-05 6.8317845e-06 1.7456554e-09
0.9567702 0.88247406 4.826817e-17 0.9005171 0.15626615 0.044307765 0.73819166 0.006227234 0.8007516 0.12378087 0.0017126991 0.8397117 0.8837262 0.2632125 0.0143180825 0.80466515 0.5343844 0.06003879 0.005468736 0.18393116 0.32799917 0.0014908432 0.03249262 0.1620083 0.4306786 0.0013426627 0.0005227571 0.00034935313 0.00015314632 0.0013109909 3.411318e-07 0.12752327 0.1562537 0.01240555 0.00020864797 1.7158052e-06 1.02974624e-07 2.8609082e-07 7.752741e-05 0.008177875 5.3569645e-05 0.08400344 2.6297772e-07 3.9541064e-06 0.05606518 0.009598626 0.00020718283 0.05913285 3.237423e-08 5.7311162e-08 1.3970717e-09 0.0034579777 0.018496688 2.0721156e-09 2.9420046e-09 4.4200397e-06 0.0008383188 0.0004903922 0.000312224 1.4510362e-08 2.368432e-08 0.01989979 1.0712385e-07 1.1001498e-06 0.0006731319 1.0169823e-08 8.870041e-09 2.613728e-05 1.6129555e-06 0.00034477413 1.7696806e-07 1.4750483e-06 0.0003616791 9.7453324e-08 7.0292466e-10 0.00030461256 3.7312834e-06 2.234444e-09 5.2790824e-06 1.8005765e-06 1.2778602e-07 5.9208658e-05 0.0046334877 0.010405516 1.1486477e-07 0.00015295963 1.4708054e-07 0.015293893 2.10395e-07 1.3699945e-06 4.0553113e-07 3.071646e-07 1.6562832e-05 1.8319147e-08 1.0877186e-06 0.0072986986 0.00046632954 4.900172e-10 1.426477e-05 2.1834809e-07 5.2287963e-10
0.8977773 0.8741099 0.9005171 1.5499338e-17 0.85007113 0.5236176 0.056794826 0.17080289 0.9830781 0.0028392673 0.011353398 0.22703446 0.17585054 0.008236627 0.26325607 0.5690332 0.5480707 0.58498114 0.12430751 0.0032019347 0.22678746 0.005995869 0.07504214 0.2964205 0.25797296 0.0016446514 0.0014575049 0.00050271384 0.0007985672 0.0055378135 7.2774225e-07 0.003571402 0.007761204 0.00085569726 0.00044142248 3.6905953e-06 9.9908895e-08 3.1478788e-07 0.00011255702 0.00031296536 0.0002201428 0.15334074 7.016877e-08 4.4965736e-06 0.018602703 0.008707909 0.0015635911 0.007606713 3.0948737e-08 3.627914e-08 4.470587e-09 0.0018654035 0.0006275401 7.334845e-10 4.607794e-09 2.1249925e-05 0.0010193216 0.000486864 0.00015977607 1.9167091e-08 7.494854e-09 0.0017494031 4.0450757e-07 2.606779e-06 0.0039492566 9.061292e-08 1.4013292e-08 0.00045768401 4.047586e-06 0.00014883082 1.7020118e-07 1.9229892e-06 0.002224719 1.3036064e-08 1.1161502e-09 7.656356e-05 3.4401302e-05 9.559364e-10 8.729065e-06 3.839578e-06 7.1236226e-09 1.3921581e-06 0.00035531892 0.0017487425 2.8308003e-08 8.02331e-05 2.2268064e-06 0.0006857238 5.265823e-08 3.5307512e-06 4.5109127e-07 2.650498e-06 2.647609e-05 3.3433118e-09 8.6727846e-07 0.0014428913 0.00015378282 3.2759878e-10 6.039191e-06 4.595789e-08 3.781794e-11
0.8488214 0.7955444 0.15626615 0.85007113 4.5618045e-17 0.98430705 0.004750695 0.92675424 0.42858315 0.00025951234 0.2740726 0.13472262 0.01090209 0.0008740702 0.80640924 0.11681379 0.3077521 0.7022457 0.50119007 0.00022466677 0.32331637 0.19413973 0.27017558 0.29837587 0.057412654 0.012768305 0.029262748 0.005178159 0.035010833 0.054350764 9.0253845e-05 0.0033389663 0.007253329 0.0011680992 0.003468798 8.076658e-05 5.7817647e-06 8.884684e-06 0.0015800446 0.0002888013 0.013858285 0.18077186 1.2712632e-06 0.00011168984 0.011767903 0.00734389 0.008441093 0.0020033529 5.6075646e-07 9.705242e-07 9.438315e-08 0.0081814155 6.3896464e-06 8.314644e-09 6.350523e-08 0.000310238 0.0012431137 0.00046953856 6.194721e-05 2.674027e-07 3.8560284e-08 0.002946814 7.1050426e-06 0.00024815844 0.042661007 7.3617736e-07 1.6908987e-07 0.00096255896 0.00027151286 0.0004240459 1.7998984e-06 2.1996975e-05 0.0066367625 1.4151276e-07 2.6327032e-09 0.00036533398 0.0004587693 1.597553e-08 0.00020094088 0.00015220906 1.5775202e-08 7.224405e-07 0.0003993004 0.0017102173 1.8815951e-08 0.0002156873 0.00013394015 0.0007237253 1.6352284e-07 4.3426684e-05 5.930699e-07 0.00018504252 0.0006366111 2.9054359e-08 5.1719676e-06 0.001799025 0.00048194636 1.6677346e-09 1.6527174e-05 2.2269314e-06 3.4212755e-10
0.9181405 0.6998786 0.044307765 0.5236176 0.98430705 4.0571248e-15 0.00054259266 0.9331883 0.3156548 2.9170897e-05 0.3062555 0.100896895 0.0026988557 9.152986e-05 0.8290998 0.116077386 0.32987946 0.68525416 0.5697995 3.7402562e-05 0.3225306 0.43837568 0.29532698 0.4873413 0.067015775 0.011804671 0.042773806 0.0039263195 0.15753959 0.17578027 0.00032064144 0.000673769 0.0058517945 0.0004583486 0.0037212074 0.00031933325 8.252455e-06 3.421363e-05 0.0011027514 3.9205363e-05 0.08146322 0.38865525 3.6667498e-06 0.0005207369 0.04764018 0.025743758 0.03707028 0.0014752455 4.3247354e-07 6.221768e-06 2.01305e-07 0.007165503 2.1961698e-05 3.9044075e-08 2.7349506e-07 0.00037007005 0.0017129784 0.00074179005 0.00024067992 1.0105416e-06 1.9638915e-07 0.0020209157 9.769238e-06 0.0004975823 0.25836506 1.2695755e-06 8.165357e-07 0.0058286637 0.0006630863 0.00034226896 5.1026236e-06 5.093403e-05 0.04562714 1.1496751e-06 3.030432e-08 0.00026975083 0.0013706428 5.2399237e-08 0.00062061835 0.0006860673 6.316984e-07 2.3632542e-06 0.00021528409 0.00064549356 1.5938501e-07 0.00028702753 0.0005952268 0.00020016894 1.1855602e-06 9.686454e-05 1.6362369e-06 0.00085521105 0.0011157837 2.8029763e-07 4.1622556e-05 0.0012910105 0.0004653557 5.5691496e-09 6.2770676e-05 5.14652e-06 2.712303e-09
0.83550614 0.09848516 0.73819166 0.056794826 0.004750695 0.00054259266 4.4295394e-13 0.0003559606 0.033483785 0.9981483 0.00011636599 0.37752554 0.58771646 0.5045685 0.00042326812 0.06678833 0.007550645 0.0011113436 0.00015616015 0.74320984 0.13413346 8.2106955e-05 0.026311731 0.0009072538 0.026667153 0.0014114609 0.0005805851 0.0018451889 5.458088e-06 8.169292e-05 1.1473012e-05 0.23245609 0.16406791 0.05623034 0.0007684215 2.0484322e-05 4.26441e-06 5.7613997e-06 0.00091704173 0.070693865 3.5153043e-05 0.0012914262 3.7560785e-06 8.1188846e-05 0.0017497335 0.00019766792 2.9388168e-05 0.005769769 1.9333197e-06 2.288824e-06 2.7647147e-07 0.007642007 0.0046332 6.174104e-08 4.376507e-07 0.00016005423 2.4171351e-05 7.6115784e-06 4.1651263e-05 1.3613945e-06 8.03637e-06 0.051359188 1.641364e-05 2.1894151e-05 3.5974117e-05 3.1814207e-07 1.8316266e-06 3.6957028e-06 0.00025328738 0.0010974752 8.539185e-06 4.334112e-07 2.4987434e-05 2.621944e-05 2.695123e-07 0.00094227254 1.8094571e-06 3.3544933e-07 4.1301973e-06 2.8521758e-06 4.1586986e-06 0.00013861754 0.01817607 0.057915613 7.987656e-07 0.0004646787 3.6169185e-06 0.114029616 3.25883e-05 6.50066e-07 1.0583666e-07 1.9145096e-08 2.0413831e-06 6.4246706e-06 1.1629664e-06 0.0071160016 0.0016751998 8.825947e-08 1.3242502e-06 4.1413656e-05 2.2384967e-09
0.86817175 0.6527818 0.006227234 0.17080289 0.92675424 0.9331883 0.0003559606 1.226473e-17 0.03656546 9.371218e-06 0.9808726 0.07771487 0.00041298647 2.9559405e-05 0.85683763 0.0038938108 0.032562044 0.380206 0.4621667 9.897364e-06 0.31794143 0.5346416 0.44577616 0.036850374 0.0036844942 0.05671343 0.1268285 0.026340503 0.25899673 0.101495005 0.0023348797 0.0006919564 0.0053664576 0.00027510637 0.009313645 0.006955413 3.550503e-05 9.896143e-05 0.004118084 2.0094136e-05 0.04126569 0.020945488 1.1925381e-05 0.0030296668 0.0025658915 0.0015762482 0.017346524 2.9363908e-05 3.340993e-06 2.8621009e-05 6.7356916e-07 0.017712275 1.1641466e-07 2.3004381e-07 4.988066e-07 0.0017135765 0.00036331615 0.00018745761 3.7476163e-06 3.4410075e-06 4.2772214e-07 0.00192018 6.648108e-05 0.0026325316 0.0546183 1.595068e-05 2.0576677e-05 0.00018278905 0.0037304496 0.00071477465 0.00012215562 8.574033e-05 0.009051076 2.8206598e-06 4.2539384e-08 0.0010523188 0.00043882077 8.4671335e-08 0.00027998417 0.00026479186 2.4707972e-06 5.22857e-07 0.0001133144 0.00030048488 2.550481e-06 0.001285411 0.00032212122 0.00015713178 7.712362e-06 0.0001250019 1.2501755e-07 0.00055212254 0.0020173658 1.5497912e-05 1.3200507e-05 0.00092258083 0.0006225022 1.54431e-09 1.2692711e-05 3.5929e-05 2.8837355e-10
0.866674 0.62555265 0.8007516 0.9830781 0.42858315 0.3156548 0.033483785 0.03656546 8.39913e-15 0.0016053164 0.0026337532 0.088778645 0.31582505 0.015483739 0.104818836 0.8652522 0.91274846 0.63810134 0.08943359 0.002792191 0.12519598 0.0013705887 0.032495264 0.53349304 0.5224395 0.00035912037 0.00016485938 0.000115342234 0.00023374261 0.0029725528 7.5922463e-07 0.0016339916 0.004054007 0.000611323 7.911616e-05 7.8654614e-07 7.835032e-08 3.2651977e-07 3.1527306e-05 0.00018758887 5.3866057e-05 0.2903551 1.0310866e-07 3.4880695e-06 0.039605666 0.02478757 0.0012797727 0.015624367 1.2058848e-08 3.901318e-08 8.662054e-09 0.0004101006 0.0008999896 1.6541504e-09 1.4641612e-08 2.0341597e-06 0.0028744456 0.001972259 0.00035684038 3.280862e-08 3.030016e-08 0.00087178464 3.2294875e-07 4.676509e-06 0.012608044 3.1092632e-08 1.0028152e-08 0.0031006336 1.093927e-06 3.3629498e-05 6.971161e-08 4.0859077e-06 0.0045672087 5.6887405e-08 4.9490334e-10 2.7059787e-05 0.00018099233 5.256488e-09 7.0834576e-05 5.0357485e-05 1.263421e-07 1.3773564e-05 0.00022800527 0.0007206583 2.1452914e-07 2.9261146e-05 2.0353823e-06 0.0005080705 2.8665917e-07 1.0606421e-05 2.3548107e-06 3.971847e-06 2.2224622e-05 1.5023396e-09 2.0297455e-06 0.0007311967 4.6649075e-05 2.9741078e-09 6.701368e-05 1.3643782e-07 1.8919576e-10
0.831746 0.004356386 0.12378087 0.0028392673 0.00025951234 2.9170897e-05 0.9981483 9.371218e-06 0.0016053164 3.4584544e-15 7.0605633e-06 0.124940775 0.12426198 0.39945528 9.838388e-06 0.0059445472 0.000600997 2.0641104e-05 3.2075034e-06 0.33708945 0.0080601685 3.155549e-07 0.0014545874 5.7698984e-05 0.006678958 8.808848e-05 9.058381e-06 1.5420275e-05 1.6918964e-08 1.3464992e-06 4.738255e-09 0.40466353 0.84254324 0.16810799 1.1870293e-05 1.1395137e-08 7.870466e-09 5.8989578e-09 3.455035e-06 0.23982157 5.3822845e-08 4.846653e-05 5.410197e-08 7.9987393e-07 0.00025264834 0.00013131081 9.1861284e-07 0.0010214844 9.22289e-09 1.4210503e-08 1.5178959e-09 0.00024865736 0.000704565 6.918051e-10 7.87455e-09 1.1135406e-06 8.491086e-06 2.6966181e-06 1.0581466e-05 7.2400304e-08 2.1383264e-07 0.066663936 1.3987835e-07 3.1136238e-07 8.0715364e-07 3.6811099e-09 6.785093e-08 7.306327e-08 1.3296234e-06 3.689278e-05 4.918199e-09 2.6125966e-07 4.859814e-06 1.1147912e-06 8.171464e-09 8.526425e-06 8.0260486e-07 2.0697735e-09 2.880212e-06 8.9724244e-07 2.7622306e-08 1.0784889e-05 0.021624135 0.060509928 2.2433477e-09 9.593947e-07 6.1500305e-07 0.18583843 6.8270975e-07 8.33704e-08 2.1778105e-08 3.110709e-09 8.747343e-07 5.161043e-10 1.3930367e-07 0.007343169 3.683565e-05 1.4924562e-11 3.0148706e-07 2.2104928e-10 1.7750352e-11
0.9466324 0.16076873 0.0017126991 0.011353398 0.2740726 0.3062555 0.00011636599 0.9808726 0.0026337532 7.0605633e-06 2.9318914e-18 0.044562165 0.00015455914 4.5647346e-05 0.4750276 0.0005266648 0.0015050997 0.012548875 0.11025566 1.4625836e-05 0.30687428 0.6077685 0.93846846 0.0012399654 0.00023577728 0.72430575 0.92043144 0.36580604 0.56165826 0.08102497 0.06950987 0.00064787234 0.00270411 0.00015270835 0.08310308 0.1913174 0.0063624694 0.028489485 0.036825284 2.1153923e-05 0.259046 0.0010806248 0.00011864742 0.027582597 0.00026322578 0.0003050297 0.01961751 3.4293023e-06 0.000114279064 0.00060779287 8.655701e-06 0.13730182 1.8318178e-07 7.5971644e-07 7.4233453e-06 0.009189621 0.00037849965 7.5474236e-05 1.35843575e-05 0.00027794362 7.4368236e-06 0.0041478383 0.0002836208 0.025675774 0.022795333 6.7572124e-05 0.00018246772 3.360577e-05 0.034369484 0.005278736 0.00028223635 0.003209381 0.0048191543 1.8524512e-05 4.887748e-06 0.003535789 0.0002979208 3.655272e-07 0.00024331477 0.0003239243 4.5339613e-05 2.4062146e-07 0.0002749865 0.00063416513 3.7406148e-06 0.002529702 0.00069288537 0.00049727014 0.00014416529 0.0027363137 1.771555e-07 0.00040166086 0.003722826 7.5386546e-05 4.2550684e-05 0.0022016885 0.0039666896 1.5547405e-08 9.473837e-06 0.00038730187 4.121759e-09
0.9944456 0.86729616 0.8397117 0.22703446 0.13472262 0.100896895 0.37752554 0.07771487 0.088778645 0.124940775 0.044562165 2.3613744e-14 0.10584722 0.049471103 0.023822095 0.04950197 0.023895837 0.0076471916 0.0049552214 0.017579205 0.9092528 0.0099227745 0.5826017 0.0057070483 0.0018594045 0.047482513 0.07872198 0.06243895 0.00097423274 0.0008613015 2.3376657e-05 0.79255617 0.27388707 0.21588399 0.017019555 1.8274714e-05 9.483459e-07 2.8113195e-06 0.014565053 0.01510639 0.0004613346 0.0016664234 1.9625826e-07 2.9851419e-05 0.00023048093 0.0004364716 0.0004829153 0.00022572342 1.5576896e-06 7.8830186e-07 1.4639764e-07 0.1436863 6.118251e-06 4.6493778e-08 3.4849005e-08 0.001460725 0.00012502765 2.6543541e-05 7.38053e-05 2.6435582e-06 2.296773e-07 0.3441869 3.7320772e-06 1.0437583e-05 0.00047665898 3.5746012e-07 2.4385076e-07 0.00025466265 2.0801825e-05 0.0047135646 2.5265792e-06 4.74541e-05 0.0014986478 5.0191693e-07 5.1051053e-08 0.0032638004 9.6682175e-05 8.150719e-08 7.7868186e-05 4.4916727e-05 2.6827333e-06 1.2475424e-05 0.042036038 0.08030109 9.8101395e-08 0.0019588077 9.259316e-05 0.027671803 0.00014125544 7.1148606e-06 4.1445837e-06 7.4324416e-06 1.2302091e-05 8.469427e-08 3.9894447e-05 0.073436245 0.01576207 9.875598e-09 4.05433e-05 4.308364e-07 5.799455e-09
0.93069637 0.19130206 0.8837262 0.17585054 0.01090209 0.0026988557 0.58771646 0.00041298647 0.31582505 0.12426198 0.00015455914 0.10584722 1.6214707e-15 0.96840596 0.00078813534 0.8581397 0.3793904 0.0076834867 0.00031123727 0.85567826 0.043443788 0.00013679554 0.0015089593 0.04684125 0.89307004 0.000109789755 2.277044e-05 9.4441995e-05 7.0775015e-05 0.0012566809 1.1032714e-06 0.019030364 0.035610992 0.0036107188 7.900091e-06 7.4435857e-06 1.4957899e-06 1.4383417e-06 1.0665841e-05 0.005408901 0.00023494678 0.56645244 1.832259e-06 3.464487e-05 0.57905823 0.105425104 0.0014258778 0.5776595 7.822996e-08 3.5283864e-07 5.54197e-09 0.0003998676 0.4894878 5.2392043e-08 1.0822979e-07 1.266183e-07 0.0055870195 0.005318527 0.013136594 5.630481e-08 7.827474e-08 0.0035160743 6.4965514e-07 1.4809351e-05 0.005475269 2.3025791e-08 2.6625646e-08 0.0050944136 8.639871e-05 2.8856396e-06 9.176518e-08 3.690972e-06 0.0045454497 7.370105e-07 6.5325814e-08 1.1676312e-05 0.00013806962 1.532507e-07 2.7303637e-05 2.2994185e-05 3.2378017e-07 0.005583217 0.0010731217 0.00287177 4.934422e-07 9.443595e-07 3.6274405e-06 0.007663559 6.169611e-05 5.208919e-06 2.3502327e-05 1.5704638e-06 3.2898344e-05 1.9549118e-08 1.5536905e-07 0.0015290488 3.17921e-05 5.168801e-08 0.00012582357 9.642297e-07 2.0344846e-09
0.5962491 0.02158843 0.2632125 0.008236627 0.0008740702 9.152986e-05 0.5045685 2.9559405e-05 0.015483739 0.39945528 4.5647346e-05 0.049471103 0.96840596 4.828215e-14 3.8752485e-05 0.09924973 0.0070400727 0.0003335031 1.5353582e-05 0.9985872 0.0058241324 7.7746745e-06 0.00025758 0.0004643137 0.18492904 1.3531655e-05 2.3218918e-06 1.0154808e-05 1.5981673e-06 3.8686354e-05 1.4586097e-07 0.03368038 0.04582563 0.014271364 5.922097e-07 3.414589e-07 2.2993811e-07 2.2266778e-07 2.4926517e-06 0.0130737275 5.9858104e-07 0.0069372784 4.3647628e-08 5.042183e-07 0.008289662 0.0015729987 2.3318764e-05 0.018240718 6.7866196e-08 1.17774395e-08 2.4544686e-09 0.000104686216 0.020066002 2.9596718e-09 1.0998402e-08 5.212966e-09 0.00022029527 0.00028578777 0.0005343719 3.772513e-08 1.0448692e-06 0.004773582 3.4168235e-07 2.8086988e-06 1.3603492e-05 7.381204e-09 2.2230907e-08 2.0246483e-05 4.9000162e-05 2.3053182e-07 7.362592e-08 8.242205e-08 3.030093e-05 6.9125684e-07 2.4703633e-08 3.3228633e-07 1.2557565e-06 3.608988e-09 1.6140079e-06 1.0261715e-06 2.1687079e-08 0.0005440365 0.0014835574 0.006776991 1.2679745e-08 1.1716267e-07 6.7073047e-06 0.017716592 3.387456e-06 4.4972808e-08 4.0054442e-07 4.6013326e-08 7.3990745e-06 6.265566e-09 6.4798377e-07 0.0021101788 1.0082655e-05 1.1689124e-09 7.154232e-07 4.8230174e-07 1.908361e-10
0.8449385 0.36851615 0.0143180825 0.26325607 0.80640924 0.8290998 0.00042326812 0.85683763 0.104818836 9.838388e-06 0.4750276 0.023822095 0.00078813534 3.8752485e-05 1.1331306e-16 0.0052068303 0.078900285 0.89432085 0.9782696 1.1635128e-05 0.17703621 0.857523 0.3064417 0.1164403 0.011732303 0.010629545 0.031322565 0.0067113675 0.3573743 0.26936617 0.00044763318 0.0009265265 0.0031796345 0.00032605504 0.0024814948 0.00084761996 3.0580257e-05 9.5723066e-05 0.00091554003 2.2328446e-05 0.059446838 0.12957639 1.0040416e-05 0.00043390234 0.008023245 0.009266441 0.059338387 0.0002363687 4.796581e-06 7.3671713e-06 1.5310877e-06 0.0039678644 8.098098e-07 3.1541276e-08 2.2199202e-07 0.00030290717 0.002303169 0.0010026891 4.9705868e-05 1.5404745e-06 1.1172775e-06 0.0010506222 3.930573e-05 0.0028045569 0.27509278 1.034616e-05 6.459998e-06 0.0032100617 0.0028691245 0.00022353086 1.7267304e-05 0.00017327737 0.05436804 2.4341941e-06 1.0265277e-08 0.000104979736 0.0036669464 1.01144835e-07 0.0013097277 0.0009775423 3.7792628e-07 8.2030715e-07 9.211008e-05 0.0005888333 1.6546538e-07 0.0001770345 0.0014469413 8.493228e-05 1.1398655e-05 0.00046372515 5.3582215e-07 0.0033362734 0.0025077579 7.580721e-07 6.8463654e-05 0.0005571013 6.8992915e-05 7.499401e-09 9.164297e-05 1.0009707e-05 8.8565616e-10
0.8387976 0.43935403 0.80466515 0.5690332 0.11681379 0.116077386 0.06678833 0.0038938108 0.8652522 0.0059445472 0.0005266648 0.04950197 0.8581397 0.09924973 0.0052068303 9.288826e-17 0.9737181 0.1185613 0.0039290665 0.030391466 0.045232587 0.00019700077 0.0032734603 0.29536805 0.9519294 0.00012067721 4.282166e-06 2.4076748e-05 2.0196556e-05 0.0007569232 2.3024738e-08 0.0041145235 0.0044136564 0.00085698476 1.6977815e-06 4.0218595e-08 1.6883826e-08 1.1220376e-08 4.3637892e-06 0.00031840848 1.5859315e-06 0.44430235 2.908513e-08 2.0431312e-07 0.18606587 0.06692893 0.00083208125 0.12886374 4.2026285e-09 1.8512369e-08 3.6109485e-10 5.2200263e-05 0.015027009 9.884507e-10 3.309047e-09 6.318578e-08 0.0061691757 0.0041650496 0.002252992 1.0800187e-08 2.209222e-08 0.00048583382 7.945039e-08 2.5457498e-06 0.016467145 2.3040894e-09 2.333794e-09 0.009617639 2.1078195e-06 2.0316877e-06 3.9402934e-09 1.796184e-06 0.009768675 9.876319e-08 1.1232105e-09 1.4548052e-06 0.0007421951 5.2541225e-09 0.00013837412 6.62243e-05 5.174582e-08 0.00026521567 0.00013477674 0.000988953 4.9371963e-08 7.3222833e-07 1.0593734e-05 0.0010602103 4.2600706e-07 2.3910293e-06 2.1723003e-05 3.5865849e-06 2.5718715e-05 6.504876e-09 2.3613459e-06 0.00016558325 3.5288995e-06 1.9157835e-09 8.840214e-05 6.0468956e-08 4.4759658e-11
0.7887272 0.2731082 0.5343844 0.5480707 0.3077521 0.32987946 0.007550645 0.032562044 0.91274846 0.000600997 0.0015050997 0.023895837 0.3793904 0.0070400727 0.078900285 0.9737181 4.2662045e-17 0.7539981 0.07148242 0.002198387 0.042635597 0.0049927975 0.01531925 0.92539454 0.9498537 0.00032440314 9.7343676e-05 7.846701e-05 0.00070691906 0.0054566436 9.0865643e-07 0.0008208398 0.0022528493 0.0002589324 1.8170877e-05 4.975659e-06 2.794721e-07 4.2381967e-07 1.5729333e-05 6.2384264e-05 0.0003461526 0.51725 1.4353019e-07 9.283308e-06 0.08706911 0.057455134 0.00247574 0.023460014 9.445644e-08 7.483772e-08 9.4848875e-09 0.00017318189 0.000837203 3.5199705e-09 2.6415975e-08 2.8513869e-06 0.007922662 0.005215192 0.0018484419 9.372174e-08 8.758983e-08 0.00019100873 1.1523063e-06 5.640825e-05 0.029029721 1.4704828e-07 1.1524122e-07 0.008846068 4.214891e-05 1.1993116e-05 3.88791e-08 5.788358e-06 0.011676965 2.4738446e-07 5.240001e-09 7.3208207e-06 0.0007921903 6.5418455e-08 0.0002030181 0.000103928316 1.1991102e-07 5.1681436e-05 4.4949724e-05 0.00029454206 2.1382222e-07 8.19378e-06 6.306445e-05 0.000121548306 2.8056402e-07 1.0674002e-05 3.965114e-06 1.2585865e-05 0.000108294604 5.0510216e-08 6.125251e-06 0.00015460467 6.5423765e-06 5.827487e-09 4.546063e-05 9.3589864e-07 4.0445564e-10
0.85990494 0.23679668 0.06003879 0.58498114 0.7022457 0.68525416 0.0011113436 0.380206 0.63810134 2.0641104e-05 0.012548875 0.0076471916 0.0076834867 0.0003335031 0.89432085 0.1185613 0.7539981 3.556305e-16 0.98192936 4.8223006e-05 0.06168121 0.3047878 0.05345712 0.90667754 0.19883575 0.0012300579 0.0011194615 0.0006569092 0.030898277 0.08211477 6.9035464e-06 0.0004515831 0.0021244516 0.00040525652 4.8833008e-05 4.064306e-05 1.297587e-06 3.8059977e-06 8.334254e-05 1.4971308e-05 0.0022621239 0.63233215 3.930299e-07 6.996294e-05 0.06630735 0.07028928 0.01845607 0.0033685688 3.474628e-07 3.678678e-07 1.2605757e-07 0.00042502122 3.2633816e-06 1.16067955e-08 3.3420193e-08 4.532576e-06 0.010488939 0.0036797908 0.0005296973 1.7256092e-07 4.953437e-07 0.00020312073 3.3171439e-06 0.0004914475 0.22075513 4.6768494e-07 4.2632774e-07 0.016165877 0.0002375567 8.905969e-06 1.1977068e-07 7.655472e-05 0.0936342 9.593901e-07 2.6749118e-09 7.866477e-06 0.008497507 1.4872717e-07 0.0025592025 0.0019329558 4.0506075e-07 4.1708404e-06 5.345309e-05 0.0002202186 2.1875513e-07 3.440174e-06 0.001173814 5.471234e-05 2.1364765e-06 4.8657013e-05 3.0223916e-06 0.001232542 0.0006754224 6.32199e-08 7.419627e-05 0.00016061356 3.0559133e-06 7.359598e-09 0.00019818645 8.9165945e-07 5.988537e-10
0.5572996 0.09774834 0.005468736 0.12430751 0.50119007 0.5697995 0.00015616015 0.4621667 0.08943359 3.2075034e-06 0.11025566 0.0049552214 0.00031123727 1.5353582e-05 0.9782696 0.0039290665 0.07148242 0.98192936 3.1614336e-19 3.0046622e-06 0.035955798 0.8386525 0.07121841 0.13929772 0.008180862 0.0025459125 0.0047168112 0.0008780157 0.27625564 0.30478135 2.4512268e-05 0.00014101264 0.00024416298 2.9419689e-05 0.00022273372 0.00022703796 5.0789654e-06 1.4616021e-05 0.000119170756 1.0750903e-06 0.011938155 0.13415198 1.7180467e-06 9.4787574e-05 0.002907325 0.009288931 0.0496112 6.6801644e-05 5.7825895e-07 2.4015816e-07 2.4968043e-07 0.0006909049 1.662084e-07 9.360735e-09 2.8388353e-08 8.889981e-06 0.0017545265 0.00042522815 9.560898e-06 1.4666706e-07 2.4661958e-07 0.00010919706 6.60801e-06 0.00055332365 0.15695006 6.7898725e-07 9.4659026e-07 0.0023563767 0.0010460502 1.1569912e-05 2.6634675e-07 8.050067e-05 0.035176735 4.0920125e-07 1.1962262e-09 1.6885124e-05 0.0025366256 3.8450047e-08 0.0007114409 0.0006242798 2.462136e-08 5.850887e-07 2.3150076e-05 6.510773e-05 1.1285065e-08 5.6033496e-06 0.00079671724 1.36580375e-05 1.3038887e-06 6.8259986e-05 2.2574719e-07 0.0019186344 0.0011567889 4.3060034e-08 4.1148116e-05 0.0001373143 5.1509537e-06 3.2821548e-10 1.7085058e-05 6.567021e-07 1.8704675e-11
0.7588292 0.021318903 0.18393116 0.0032019347 0.00022466677 3.7402562e-05 0.74320984 9.897364e-06 0.002792191 0.33708945 1.4625836e-05 0.017579205 0.85567826 0.9985872 1.1635128e-05 0.030391466 0.002198387 4.8223006e-05 3.0046622e-06 3.7082857e-15 0.001020787 5.3870474e-07 1.0540443e-05 9.563383e-05 0.09408016 5.3725043e-06 2.9173958e-07 5.378785e-06 1.05329164e-07 9.6711265e-06 9.844699e-09 0.05466973 0.067963764 0.02206489 5.042012e-08 3.6464858e-08 2.0282322e-08 1.1809943e-08 1.2453847e-07 0.022197232 4.7853952e-08 0.029597888 2.980134e-08 5.6539557e-07 0.04896207 0.008157984 1.9001192e-05 0.17518912 5.0731583e-09 4.013568e-08 1.0891972e-09 3.6845922e-06 0.3169078 3.1252734e-09 1.5921596e-08 2.604439e-09 0.00040651995 0.0007682925 0.0028601594 2.7076215e-08 1.5721415e-07 0.0042499797 7.401072e-08 1.0566844e-05 0.00010491108 4.4341023e-10 4.3443955e-09 0.0001565792 1.3534482e-05 3.432206e-07 5.457704e-09 4.3558476e-08 0.00014536305 1.006408e-06 1.1393916e-07 6.044093e-08 1.2105222e-05 4.0043385e-08 2.5203357e-05 1.8284389e-05 3.4011098e-08 0.004435905 0.0018793135 0.010251583 1.2548933e-08 1.1192253e-07 1.4085451e-05 0.02147607 1.6052535e-06 3.3612372e-07 3.7935162e-05 4.2127854e-07 2.7212561e-06 6.5763337e-09 3.4851832e-06 0.0004522828 3.0958262e-07 1.9931248e-10 3.4741082e-05 6.8835173e-09 6.046122e-12
0.99407387 0.8260492 0.32799917 0.22678746 0.32331637 0.3225306 0.13413346 0.31794143 0.12519598 0.0080601685 0.30687428 0.9092528 0.043443788 0.0058241324 0.17703621 0.045232587 0.042635597 0.06168121 0.035955798 0.001020787 4.1148752e-14 0.18643151 0.8923362 0.055260688 0.002144772 0.1600394 0.15603098 0.30332184 0.11571395 0.027531274 0.008621271 0.72074944 0.1712613 0.0830797 0.15454419 0.005234573 6.1236125e-05 0.00018832002 0.16738158 0.004314482 0.21878938 0.0022743056 2.022593e-05 0.0015606524 9.923957e-05 6.9327776e-05 0.0014995221 1.1103726e-05 2.4564662e-05 1.9472374e-05 1.3061002e-06 0.70200086 7.398069e-07 1.6295204e-06 3.3480069e-06 0.01917681 6.5071916e-05 3.1260145e-06 3.2656135e-06 3.5874695e-05 5.8675664e-07 0.64212334 8.806934e-05 0.00017902433 0.0037959823 3.8894977e-06 1.9445922e-06 1.1083297e-05 3.1405325e-05 0.022945818 0.00012532156 6.309922e-05 0.0004185185 2.2550048e-06 8.1525066e-08 0.023006672 2.121712e-05 2.0484926e-07 2.746147e-05 2.5658837e-05 1.9875845e-06 4.571141e-06 0.095107816 0.18092066 6.632557e-08 0.012900525 7.664845e-05 0.056069825 5.4916105e-05 7.2667426e-05 4.701479e-06 4.0662017e-05 2.0983638e-05 7.995346e-07 6.5930006e-05 0.14589891 0.06968922 6.4944786e-08 3.553223e-05 1.2554997e-05 2.0216739e-08
0.9618597 0.09444466 0.0014908432 0.005995869 0.19413973 0.43837568 8.2106955e-05 0.5346416 0.0013705887 3.155549e-07 0.6077685 0.0099227745 0.00013679554 7.7746745e-06 0.857523 0.00019700077 0.0049927975 0.3047878 0.8386525 5.3870474e-07 0.18643151 1.2967004e-15 0.408535 0.040157568 0.00044958087 0.022346033 0.090013444 0.007990956 0.9800159 0.7479389 0.004322903 0.0010713444 0.003928435 0.00040646875 0.0048415214 0.011043979 0.00012354298 0.0014904261 0.0042454703 1.3200427e-06 0.5092657 0.123935394 0.00011748028 0.0053152186 0.0056504384 0.011150583 0.3643985 5.02277e-05 2.9868477e-05 0.00019633831 6.0294365e-06 0.008819117 6.946072e-07 3.1328818e-06 4.357265e-06 0.0009769403 0.0016516946 0.0014524229 4.1830237e-05 5.5852397e-05 5.088206e-06 0.00052812207 0.00021026416 0.030838707 0.638258 7.444207e-05 5.0052735e-05 0.013171021 0.07026874 0.0003494054 0.00015310003 0.0034739443 0.21319994 2.2677732e-05 1.9349743e-06 0.0007260463 0.008398196 3.1343566e-07 0.002750577 0.0035075676 2.668032e-06 2.1513795e-06 0.00014500087 0.00053930935 2.9628027e-06 0.0005440398 0.009240143 0.00014367596 0.0010151617 0.0043086293 1.4813526e-06 0.012412877 0.049222425 2.0613701e-05 0.00046297198 0.0004909855 0.00032771728 1.3932879e-07 0.0002266648 0.00012072002 7.3772353e-09
0.9810745 0.5122292 0.03249262 0.07504214 0.27017558 0.29532698 0.026311731 0.44577616 0.032495264 0.0014545874 0.93846846 0.5826017 0.0015089593 0.00025758 0.3064417 0.0032734603 0.01531925 0.05345712 0.07121841 1.0540443e-05 0.8923362 0.408535 1.8902169e-16 0.025762694 0.00052031426 0.86697286 0.75872767 0.49587208 0.45809576 0.11133908 0.071108334 0.3955865 0.073157474 0.035332933 0.3328804 0.11828571 0.004887546 0.008541739 0.14642587 0.002827439 0.6929178 0.0053135003 0.00013340461 0.074778914 0.0004255434 0.0016134232 0.04345707 8.861693e-06 0.00019871259 0.00079857936 3.374449e-06 0.35390624 3.0206897e-07 8.5978434e-07 2.8125853e-06 0.023130476 0.00014683185 4.197354e-05 1.1264126e-05 0.00026961582 8.0081245e-06 0.13495521 0.00017525021 0.006994273 0.051956296 6.451397e-06 5.395286e-06 7.511083e-05 0.004816209 0.011430801 9.0443915e-05 0.0031089834 0.005935396 5.9041167e-06 6.78683e-07 0.0149539085 0.0014462211 3.0664802e-07 0.00053818355 0.0008977279 3.0894216e-06 1.3971971e-05 0.012031248 0.013035674 1.8109962e-07 0.009178287 0.0012370627 0.008717835 0.00037701218 0.0031752107 1.0582728e-05 0.0037037015 0.001765344 1.6255377e-06 0.0003405068 0.021223184 0.015675118 1.337458e-07 0.00041806072 3.5323224e-05 7.1574795e-09
0.94375384 0.1702518 0.1620083 0.2964205 0.29837587 0.4873413 0.0009072538 0.036850374 0.53349304 5.7698984e-05 0.0012399654 0.0057070483 0.04684125 0.0004643137 0.1164403 0.29536805 0.92539454 0.90667754 0.13929772 9.563383e-05 0.055260688 0.040157568 0.025762694 2.6243463e-16 0.9438967 0.0002640167 0.00017389866 0.00011777845 0.0018643407 0.019223902 3.8983967e-07 0.0003113786 0.0021274372 0.00019838216 1.9839701e-05 7.3976635e-06 1.4129685e-07 1.0567927e-06 1.03243765e-05 3.0188712e-06 0.0038482223 0.9588177 1.9802066e-07 1.0019582e-05 0.3792243 0.34850153 0.012282117 0.033780545 3.9726007e-08 3.1960404e-08 1.905028e-08 0.0002028149 0.0002364618 2.0136415e-09 9.96428e-09 1.0476001e-06 0.031910725 0.019748531 0.0100249555 8.551415e-08 3.9802026e-07 5.7816742e-05 1.7350787e-06 0.00011072505 0.2981446 3.6096114e-07 2.2723366e-07 0.10523781 0.00035692088 3.2515175e-06 1.6263867e-07 6.89192e-05 0.1420938 2.001505e-07 1.45164245e-08 3.866937e-06 0.0149260955 2.2982483e-08 0.005123152 0.003902026 1.8622687e-06 6.3108186e-05 3.040627e-05 0.00017724212 1.6158322e-07 1.1362539e-06 0.0022764027 5.7961664e-05 2.5796817e-06 8.076341e-05 7.528194e-05 0.00017621671 0.0005023142 3.137766e-07 0.00013003396 3.6826306e-05 6.3758256e-07 7.9184685e-09 0.0018637133 2.688513e-07 1.6623253e-10
0.83985424 0.079194084 0.4306786 0.25797296 0.057412654 0.067015775 0.026667153 0.0036844942 0.5224395 0.006678958 0.00023577728 0.0018594045 0.89307004 0.18492904 0.011732303 0.9519294 0.9498537 0.19883575 0.008180862 0.09408016 0.002144772 0.00044958087 0.00052031426 0.9438967 5.179268e-17 2.1637684e-06 2.8296628e-07 1.0120394e-06 2.4922581e-05 0.0012088534 5.3938325e-09 0.00040376067 0.0015772482 0.0002786722 4.835946e-07 5.824189e-08 6.257361e-09 3.3200426e-08 2.2412802e-07 1.6401247e-05 4.3069404e-06 0.8889726 2.6409072e-08 8.874568e-07 0.77851886 0.69288796 0.0022799051 0.7232961 5.9802985e-09 6.9025683e-09 9.578072e-10 1.0623717e-06 0.06620117 1.0219537e-09 5.341384e-09 7.398475e-08 0.18835105 0.14343455 0.14801216 3.673915e-08 4.097845e-08 5.0613675e-05 8.436714e-08 7.674137e-06 0.026995571 8.149674e-09 9.484147e-09 0.071601614 3.0588583e-06 8.708539e-07 3.3729992e-09 1.7507939e-05 0.04436359 1.4259084e-07 1.8782056e-09 1.0780082e-06 0.007780651 4.1870766e-08 0.0019396923 0.0013684571 1.9484346e-06 0.0022085104 8.3279934e-05 0.00040654725 4.9416127e-07 3.4015136e-07 0.00010786612 0.00031173337 6.0762715e-05 6.7506458e-06 8.191674e-05 9.054135e-07 7.156253e-05 1.468628e-08 3.4023346e-05 1.8417182e-05 3.932712e-08 2.930043e-09 0.0006081611 6.001486e-08 1.9181627e-10
0.8797926 0.054127697 0.0013426627 0.0016446514 0.012768305 0.011804671 0.0014114609 0.05671343 0.00035912037 8.808848e-05 0.72430575 0.047482513 0.000109789755 1.3531655e-05 0.010629545 0.00012067721 0.00032440314 0.0012300579 0.0025459125 5.3725043e-06 0.1600394 0.022346033 0.86697286 0.0002640167 2.1637684e-06 1.3571734e-16 0.9584143 0.9828887 0.02780579 0.0038666863 0.29003793 0.033869755 0.0040552714 0.0013703187 0.6809714 0.1551454 0.12497175 0.054044824 0.27755272 0.00013936435 0.09415021 0.00046807787 0.0022225939 0.016530791 2.9058057e-05 0.0007352839 0.0006934754 3.241738e-07 0.011384652 0.004403833 0.00038492575 0.31889167 1.0413714e-08 8.717654e-05 0.00010166363 0.099293135 2.75638e-05 3.0327426e-06 6.116218e-07 0.0009612165 0.00019893631 0.049522568 0.009939454 0.008169666 0.002956152 0.0009386039 0.001020263 1.2639639e-06 0.0052774246 0.05125394 0.0019577255 0.0014673414 0.0007183056 0.00019572457 8.882553e-05 0.024497144 7.641434e-06 1.5106193e-05 9.266651e-06 1.1263632e-05 1.7828072e-05 3.208574e-08 0.005019375 0.0041380613 7.2089174e-06 0.034360114 0.00013563408 0.0010120752 0.00034967074 0.0013832392 8.481778e-08 0.0010618349 0.00079141255 0.00020960765 3.2526e-06 0.01929345 0.024741255 7.578564e-06 3.3201536e-06 0.0024425287 1.1881987e-06
0.97004825 0.04018314 0.0005227571 0.0014575049 0.029262748 0.042773806 0.0005805851 0.1268285 0.00016485938 9.058381e-06 0.92043144 0.07872198 2.277044e-05 2.3218918e-06 0.031322565 4.282166e-06 9.7343676e-05 0.0011194615 0.0047168112 2.9173958e-07 0.15603098 0.090013444 0.75872767 0.00017389866 2.8296628e-07 0.9584143 5.817435e-17 0.68023825 0.113307975 0.013523812 0.9267213 0.015268674 0.003697388 0.0009341719 0.5139496 0.6176545 0.5856029 0.41280147 0.28548717 5.48914e-05 0.46363178 0.00019505393 0.03596925 0.13863035 2.7530148e-05 0.00024670793 0.008342656 5.7896915e-07 0.18000937 0.021092242 0.0022209 0.420608 1.06314324e-07 0.00045133443 0.0006094538 0.09474529 4.4371165e-05 4.8262364e-06 1.7142693e-06 0.01622199 0.0012183137 0.018800914 0.06772976 0.061985504 0.008733279 0.00199357 0.0028351627 3.4367327e-05 0.023888214 0.031647652 0.005847928 0.013398825 0.0030130069 0.0002180026 9.073247e-05 0.027283397 7.733917e-05 4.8614734e-06 5.020529e-05 7.7358134e-05 3.7915335e-05 3.145424e-07 0.0019163 0.0022792234 3.8288385e-06 0.028253516 0.0005430078 0.00053837686 0.0035726044 0.005089769 2.7397905e-07 0.0012664411 0.0020284734 0.0002723606 6.1389173e-06 0.008642636 0.021725917 6.061677e-06 9.480842e-06 0.003545282 2.8910753e-07
0.94358563 0.029080005 0.00034935313 0.00050271384 0.005178159 0.0039263195 0.0018451889 0.026340503 0.000115342234 1.5420275e-05 0.36580604 0.06243895 9.4441995e-05 1.0154808e-05 0.0067113675 2.4076748e-05 7.846701e-05 0.0006569092 0.0008780157 5.378785e-06 0.30332184 0.007990956 0.49587208 0.00011777845 1.0120394e-06 0.9828887 0.68023825 3.429993e-17 0.0070998915 0.0015027332 0.28322184 0.12815768 0.010602866 0.003294822 0.890969 0.076139025 0.046151124 0.029814169 0.5843764 0.00013887094 0.022943826 4.2364467e-05 0.0012360617 0.008527235 7.621932e-07 9.100804e-05 0.00034397887 3.265604e-08 0.007004519 0.0018460002 0.00017610096 0.49456292 2.4140203e-09 2.3488572e-05 0.00013526798 0.2074998 4.2953116e-06 1.5734621e-06 1.487449e-07 0.000951555 6.9744696e-05 0.12581617 0.014132876 0.002687707 0.0003203071 0.00055122346 0.0006464781 2.477126e-07 0.0011152221 0.074816406 0.0012847449 0.00059672556 0.00019902682 0.00013826991 0.00016342953 0.033448245 1.3437385e-06 5.7717275e-06 3.565832e-06 2.9300058e-06 7.090865e-05 1.5411404e-06 0.016836187 0.0124272965 2.6801674e-05 0.064237185 2.396347e-05 0.0046250885 0.000898183 0.00029910592 1.3998973e-06 7.418318e-05 0.00013300395 0.00035540175 1.13982405e-05 0.039417915 0.046240453 1.5122084e-06 1.0687253e-05 0.0017249349 1.4506088e-06
0.9277955 0.028567592 0.00015314632 0.0007985672 0.035010833 0.15753959 5.458088e-06 0.25899673 0.00023374261 1.6918964e-08 0.56165826 0.00097423274 7.0775015e-05 1.5981673e-06 0.3573743 2.0196556e-05 0.00070691906 0.030898277 0.27625564 1.05329164e-07 0.11571395 0.9800159 0.45809576 0.0018643407 2.4922581e-05 0.02780579 0.113307975 0.0070998915 6.7062854e-16 0.95701885 0.017976256 0.00014541589 0.0009631466 6.707263e-05 0.0047926973 0.06952668 0.0016712146 0.009244916 0.0039614667 3.203002e-07 0.8870473 0.008937671 0.0005300066 0.05664088 0.0009671459 0.0032678535 0.5205564 2.1327896e-06 0.00011438221 0.0018916061 4.078494e-05 0.008751921 1.2032203e-07 6.0545012e-06 2.682817e-05 0.0008280958 0.0004949679 0.00021667007 2.0972182e-06 0.00048478923 1.8808894e-05 0.00018844416 0.00046815557 0.2649478 0.4103009 0.00017651005 0.00020976804 0.0005228504 0.44358584 0.0003285337 0.00042990907 0.047660604 0.05048451 5.5767243e-05 6.851606e-06 0.0008289121 0.0017915687 1.1871605e-07 0.00079892454 0.0009036861 4.8093466e-06 8.625792e-07 6.752684e-05 0.00074107025 2.6068387e-06 0.0007681892 0.0073844064 6.318756e-05 0.00062629447 0.08251334 4.731532e-07 0.018714396 0.24286771 3.3508742e-05 0.000320547 0.00015143747 0.00019345796 8.7517535e-08 2.8724753e-05 6.9230984e-05 2.144476e-08
0.7716212 0.016974183 0.0013109909 0.0055378135 0.054350764 0.17578027 8.169292e-05 0.101495005 0.0029725528 1.3464992e-06 0.08102497 0.0008613015 0.0012566809 3.8686354e-05 0.26936617 0.0007569232 0.0054566436 0.08211477 0.30478135 9.6711265e-06 0.027531274 0.7479389 0.11133908 0.019223902 0.0012088534 0.0038666863 0.013523812 0.0015027332 0.95701885 1.031235e-13 0.0009425881 0.00039312796 0.00080147904 0.00026063615 0.00071478897 0.006913905 0.0002581818 0.0021647327 0.00060949073 2.3349963e-05 0.5299524 0.14949979 0.00036578736 0.010937395 0.006468025 0.02917362 0.9871036 0.00025540762 1.591303e-05 0.00038269826 3.8064807e-06 0.0017357212 1.7823778e-06 7.840168e-06 1.4652795e-05 4.7347687e-05 0.012686363 0.004807611 0.00058152183 0.00021237822 4.346462e-06 9.0082125e-05 0.000143894 0.064802356 0.8382466 3.3206397e-05 1.7490116e-05 0.029675042 0.21877667 3.8684324e-05 7.21734e-05 0.009080051 0.37346357 8.497964e-06 1.0143091e-06 0.00020199879 0.06296998 8.524867e-07 0.034502015 0.036296792 5.8979936e-06 3.83468e-05 4.6580746e-05 0.00022718546 5.529984e-06 3.457173e-05 0.070687294 0.000238524 0.00044852565 0.029550826 2.2681148e-05 0.08767781 0.38920408 1.9937324e-05 0.0070261857 1.6462584e-05 1.4781457e-05 4.189487e-09 0.001196976 8.228661e-05 4.057671e-09
0.98130476 6.008351e-05 3.411318e-07 7.2774225e-07 9.0253845e-05 0.00032064144 1.1473012e-05 0.0023348797 7.5922463e-07 4.738255e-09 0.06950987 2.3376657e-05 1.1032714e-06 1.4586097e-07 0.00044763318 2.3024738e-08 9.0865643e-07 6.9035464e-06 2.4512268e-05 9.844699e-09 0.008621271 0.004322903 0.071108334 3.8983967e-07 5.3938325e-09 0.29003793 0.9267213 0.28322184 0.017976256 0.0009425881 2.944908e-16 0.0003325373 0.00022917005 6.3078885e-05 0.696082 0.30737504 0.9814588 0.667198 0.45870495 6.104441e-07 0.2066014 1.7612733e-06 0.6391868 0.09229252 3.1556033e-07 6.3405623e-06 0.0003772249 7.820994e-09 0.45816442 0.111131534 0.04021822 0.3683246 6.399302e-09 0.0733244 0.073616035 0.36690566 1.7116507e-06 2.5199222e-07 3.0768268e-07 0.07631822 0.015662171 0.0044476455 0.14478996 0.016541263 2.2714397e-05 0.0036221158 0.007548316 4.347757e-07 0.0007662978 0.062791385 0.022214921 0.008027428 1.7349143e-05 0.0027811558 0.0021156345 0.041449524 5.4374204e-06 6.200968e-05 2.828936e-06 2.2407446e-06 0.000113327034 2.5155666e-07 0.001124662 0.0014136878 1.136067e-05 0.028192673 3.4216134e-07 2.9120005e-05 0.028911734 0.00014294805 3.213573e-07 5.20999e-07 2.0958858e-05 0.0004309258 1.3487953e-07 0.0063932827 0.033975005 5.780977e-06 5.9649705e-07 0.005724584 1.2286519e-05
