1.7452608e-22 6.8245856e-05 3.0343957e-05 0.012912927 0.0019571143 0.11261635 0.0006494319 0.1580245 0.89951736 0.6961717 0.86824083 0.005513714 0.7781862 0.67139584 0.110225536 0.8652025 0.98129475 0.64603823 0.7474565 0.4728929 0.41055903 0.92005837 0.85181046 0.7159569 0.9146948 0.8252018 0.8580157 0.70010126 0.8666781 0.95227826 0.98928607 0.95627105 0.985892 0.94608504 0.117966495 0.11805668 0.48545176 0.056870714 0.97533643 0.92401034 0.70602745 0.91108334 0.50191617 0.93916845 0.9588647 0.0061339056 0.948091 0.9937198 0.33699507 0.9551286 0.012343948 0.97835445 0.0017508767 0.9893125 0.99741745 0.8641527 0.63961405 0.9759744 0.7038544 0.9997699 0.996826 0.9431852 0.99996006 0.27847818 0.015507539 0.9115288 0.6986565 0.6385866 0.9113553 0.0063980096 0.99984145 0.53057307 0.9373228 0.60692704 0.99824053 0.84759235 0.865676 0.08543277 0.9920127 0.94182396 0.99446803 0.019459777 0.95049113 0.9510024 0.7709642 0.9193729 0.3226482 0.8155172 0.27614868 0.81521857 0.00021555526 0.00048088242 0.8388802 0.8154472 0.795197 0.32565215 0.9221735 0.21505134 0.07623379 0.90060365 0.0026895413
6.8245856e-05 4.574665e-17 0.99909675 0.9035429 0.21201745 0.33817342 0.66137105 0.095013484 0.10563852 0.082091756 0.00569421 7.04012e-05 0.0002593179 0.00041385271 1.8972058e-05 0.0014849228 0.00037035902 0.0002121195 7.344986e-05 6.4417877e-06 3.165256e-06 0.00019257108 7.30482e-05 7.518927e-08 2.5913348e-06 5.3475137e-06 1.0027732e-06 1.2267291e-06 3.3264434e-05 4.6943956e-06 1.1433418e-05 5.090137e-06 2.240188e-05 6.5848315e-07 2.2200888e-06 4.4809276e-06 1.5657837e-07 2.7641534e-07 1.0237405e-06 1.0553761e-05 8.183139e-07 3.4030805e-07 7.2498176e-07 1.2976719e-07 1.7292773e-06 4.1818726e-08 7.2070094e-07 7.778287e-06 9.581096e-08 5.298979e-07 1.526276e-07 2.5715244e-06 3.2632553e-07 1.2301053e-06 3.260972e-05 6.0992326e-05 2.0292944e-06 3.1617412e-06 4.0768505e-08 2.439701e-07 5.7437427e-07 5.0717364e-07 4.881397e-05 1.12421894e-07 1.8238959e-06 4.073582e-06 1.1081733e-05 2.4087242e-07 1.3329898e-05 7.680064e-05 2.2598833e-06 5.514968e-08 1.6425328e-06 1.0763774e-05 2.1102439e-07 1.3564827e-06 6.9824387e-06 6.50658e-06 3.1922403e-07 2.2216095e-06 4.338421e-07 3.5993319e-06 6.2044694e-07 2.3103702e-08 3.2968666e-05 8.3712024e-08 3.8967222e-08 7.728184e-08 1.2024772e-05 1.3798523e-06 6.278708e-07 2.1423157e-06 8.459272e-08 4.0827096e-08 1.5744867e-05 0.00018738379 1.4699208e-05 8.2784105e-08 4.808339e-09 1.2787882e-05 3.117121e-05
3.0343957e-05 0.99909675 2.3383585e-15 0.79419184 4.5663324e-05 0.98181635 0.00011071206 0.16408835 0.036742914 0.081681564 0.00038052778 1.1774132e-07 0.0010182154 0.00075381686 7.367737e-07 0.0019617334 0.0002542603 2.0742216e-05 1.544207e-05 3.008685e-06 5.348197e-06 1.9805315e-05 0.00053442747 7.747208e-08 2.1407413e-06 9.767501e-05 4.116931e-07 9.038227e-05 0.0002541786 3.7855018e-06 4.193805e-05 6.5465647e-06 8.227905e-06 2.2739583e-05 1.2320695e-06 0.00016059671 1.1166507e-05 5.40388e-06 9.8934194e-08 1.573297e-06 7.1185254e-06 3.3657665e-07 7.188441e-07 5.7089284e-07 2.1276194e-06 2.463676e-07 2.549293e-07 3.184068e-05 4.6894556e-08 2.0025618e-06 1.1751847e-06 1.4132774e-05 6.072054e-07 4.543343e-06 1.4280531e-05 3.0471932e-05 1.4873177e-06 1.090079e-06 1.1481067e-07 1.3852119e-06 1.0187029e-07 1.4760545e-06 1.0294713e-05 2.1793554e-07 5.3201725e-06 2.0451168e-06 1.6066027e-06 2.2197742e-07 6.1931554e-05 7.129257e-05 4.027348e-06 1.91129e-06 3.9112238e-06 2.3298671e-05 1.3332892e-06 3.5362575e-06 3.0204349e-06 6.8047275e-06 1.6490951e-06 7.536588e-06 1.2432339e-06 1.5842605e-05 1.6970256e-06 1.06068e-06 3.6395013e-05 2.9484795e-07 6.6427365e-06 1.0527464e-05 1.5620722e-06 1.4795114e-06 7.428965e-07 1.8442203e-06 6.152001e-07 5.172601e-07 1.7379232e-05 2.3745557e-05 1.920952e-05 2.903263e-07 1.0330196e-07 2.7294787e-05 5.507605e-06
0.012912927 0.9035429 0.79419184 6.333804e-16 0.79407376 0.8718282 0.71155363 0.97772557 0.7921929 0.2614062 0.14750063 0.15071806 0.004691836 0.006124603 0.008772009 0.040167604 0.0034756574 0.0087653035 0.0030138602 0.00020097672 0.00013788184 0.011104924 0.00082889386 5.8864352e-06 0.00012053976 0.00014955462 3.342627e-05 9.428626e-06 0.00016970937 0.00013295285 0.00022929245 3.9604525e-05 0.0016184858 5.4146158e-06 0.0002638521 1.0703971e-05 3.362512e-06 4.0131835e-07 7.27847e-07 1.0155524e-05 3.9666384e-06 6.997394e-07 1.1043567e-06 6.486141e-06 0.00015339408 7.773674e-06 1.106378e-07 0.0002082329 1.3593667e-06 3.4951456e-06 2.4320723e-05 0.00025324826 6.1436476e-05 4.943848e-05 0.00035813265 7.949235e-05 3.87919e-07 3.5816237e-07 2.703907e-07 4.3921278e-05 1.5196446e-05 9.0409253e-07 0.00027860203 1.2108362e-05 0.00029595158 1.3896749e-06 3.2599628e-06 4.474106e-07 8.313657e-06 0.0008442297 0.00014607291 4.619529e-07 2.715386e-07 2.3764653e-05 2.5956756e-06 3.7604495e-05 1.680936e-06 4.3107596e-07 1.6044592e-06 6.662112e-06 1.4282241e-06 4.939644e-05 2.258165e-07 5.1463553e-07 0.000109398236 3.4203217e-07 2.0606998e-07 3.9338204e-07 9.636183e-05 8.341975e-07 1.4304118e-06 3.8816383e-06 6.8959235e-07 1.3886377e-06 0.00016386637 0.0032301857 4.5868816e-05 2.9361177e-06 6.174328e-08 0.0012237851 1.905705e-05
0.0019571143 0.21201745 4.5663324e-05 0.79407376 9.44793e-16 0.00016012049 0.99875754 0.73188204 0.14043067 0.016128417 0.2523159 0.0031163795 6.374051e-05 0.00013193581 0.0062115807 0.0048096683 0.00062391104 0.007815078 0.0044518146 0.00030241476 0.0011069175 0.011384673 0.00011995215 6.228314e-05 0.0009911851 9.716704e-06 0.00033150442 4.7743733e-06 0.000138566 0.00027115498 2.61395e-05 0.00016192763 0.0012322759 1.5221407e-05 0.00034813615 9.930144e-06 3.8957787e-06 8.601896e-07 3.1236974e-05 8.8949884e-05 8.4725747e-07 1.893645e-05 6.6271577e-06 7.698467e-06 7.005628e-05 1.8543114e-06 1.8088568e-06 7.006229e-05 9.1928763e-07 1.6182819e-06 1.7298694e-06 3.835664e-05 4.8099497e-07 3.4091165e-05 0.0002873995 8.3441555e-05 3.6308945e-06 3.646771e-06 3.6389488e-07 7.971599e-07 4.8823304e-06 7.0509136e-06 0.00017568897 3.773508e-07 6.5679324e-06 8.031796e-06 8.989302e-06 2.0619e-06 0.000106892265 4.3451124e-05 5.2601546e-05 2.6176783e-06 6.094404e-06 2.665836e-05 1.5230431e-06 0.00012488631 0.00014734724 2.1749133e-06 8.908758e-07 2.4647217e-05 3.4228756e-06 3.015414e-05 1.8458082e-05 1.5918259e-06 0.0017157866 4.863251e-07 6.524348e-07 1.9976684e-05 3.2307028e-06 1.2877059e-05 1.3824127e-06 2.4258607e-06 3.5984857e-07 1.8584914e-06 0.00025426297 0.00092753215 0.0013916957 3.1775958e-06 2.017154e-06 4.9872626e-05 1.1533018e-05
0.11261635 0.33817342 0.98181635 0.8718282 0.00016012049 1.0070826e-14 5.1006165e-05 0.20914727 0.79225343 0.9376172 0.0016130133 5.8966883e-08 0.8569692 0.41006318 3.8760987e-07 0.5429754 0.2331138 0.00011399845 9.4317424e-05 9.885777e-07 4.5273285e-07 0.0006422708 0.33727297 2.130597e-07 4.1904703e-05 0.036113918 6.5031927e-06 0.0116900075 0.07345679 7.85026e-06 0.060975786 6.0774037e-06 0.001395745 0.015755983 1.7951619e-06 0.0022958817 0.0040184977 0.00045959064 4.1562792e-10 3.9485917e-09 0.00082581386 5.8206967e-10 2.0253385e-06 1.8764818e-07 1.0521151e-05 4.0513786e-08 1.0719794e-09 0.004163252 6.105931e-09 0.0010482789 5.5372286e-08 0.0021916276 1.7243195e-07 3.315314e-07 0.0042607114 0.0029893555 2.782853e-09 1.5347257e-07 8.69822e-11 0.0011699359 2.0058225e-08 2.5081368e-08 0.0062870434 4.1648045e-09 4.1180226e-07 8.3955065e-08 9.933728e-09 6.96504e-10 0.00019720866 2.3003693e-06 0.000153493 2.1446511e-09 3.0801985e-08 5.6958575e-06 1.8349642e-06 2.4426613e-06 1.012077e-08 2.8736811e-05 2.4744661e-08 1.3403928e-08 9.682907e-07 2.5763823e-06 5.73121e-06 1.00462856e-07 2.1720496e-07 1.0904219e-08 1.0156454e-05 6.148456e-06 6.0137418e-06 1.09813145e-05 4.0334363e-08 1.4890074e-07 4.851055e-07 1.6455746e-06 8.377429e-05 0.00036003598 0.00010442167 2.6615579e-09 7.59411e-10 0.0020366854 3.6139582e-07
0.0006494319 0.66137105 0.00011071206 0.71155363 0.99875754 5.1006165e-05 8.921981e-16 0.75456953 0.065798156 0.0021069555 0.3764922 0.67053765 1.5390144e-05 8.560899e-06 0.40212905 0.0014358509 0.00017094926 0.015245007 0.010097788 0.0017650854 0.0031238808 0.012090415 3.5638517e-05 0.0007043904 0.0024656812 2.1831654e-06 0.0012877588 5.427414e-07 8.482147e-05 0.00075309834 1.5858355e-05 0.0003226457 0.0011486681 7.6089577e-06 0.00435541 1.5540965e-05 1.1785361e-06 3.143349e-07 0.00027312458 0.00047235205 6.3726037e-07 5.9250295e-05 5.967947e-05 4.4497276e-05 0.00024776263 1.680791e-05 1.3422242e-05 4.2237072e-05 3.1522663e-06 6.663179e-06 5.8416176e-06 2.5072653e-05 2.1949984e-06 3.2916167e-05 0.00035800427 2.7722897e-05 4.641045e-06 2.4003133e-05 4.7603677e-07 2.5034063e-07 4.3468635e-06 1.39177255e-05 8.752676e-05 8.932996e-07 7.0431183e-06 5.2255e-05 2.270398e-05 2.0174464e-06 1.7425402e-05 2.0445874e-05 8.019909e-06 1.2672639e-06 1.5832002e-05 6.0656093e-06 8.4044274e-07 5.934343e-05 0.00026035792 6.3101293e-06 1.7861862e-06 3.930944e-05 4.840632e-06 5.6059667e-05 3.0716594e-06 3.2948205e-07 0.0004515734 3.560081e-07 1.7415698e-07 2.1721255e-06 3.919652e-06 2.454311e-06 2.8563704e-06 3.205806e-06 8.505982e-08 5.463877e-07 0.00026839878 0.0004609571 0.00032792235 4.7815934e-07 4.2510933e-07 2.4784551e-06 2.1072878e-05
0.1580245 0.095013484 0.16408835 0.97772557 0.73188204 0.20914727 0.75456953 3.187243e-16 0.8286663 0.06793751 0.9414333 0.49399558 0.0015224325 0.0019547546 0.1577422 0.10779152 0.013535981 0.25085172 0.15959258 0.010988681 0.01060271 0.3212367 0.0026036762 0.0014810844 0.019306613 1.8456587e-05 0.0052317735 1.4437042e-06 0.00064830994 0.0053330883 0.00086062285 0.0027485355 0.08836611 1.7400742e-05 0.0047563636 2.2773178e-05 2.8264735e-06 3.3776043e-06 0.00033004922 0.00024628057 1.3793319e-05 1.8330587e-05 1.7322905e-05 0.000110755675 0.00067759136 4.8146496e-05 1.5888185e-06 0.0002958748 3.7679035e-06 5.982287e-06 6.557509e-05 7.068895e-05 8.694739e-05 3.236712e-05 0.005742191 1.5464797e-05 9.2923904e-07 2.309749e-06 4.7239396e-07 7.660986e-05 3.112876e-05 7.0276524e-06 0.0015680896 6.6294465e-06 0.00010897911 1.571006e-06 1.4857725e-06 1.6903537e-07 6.065661e-06 0.0005001473 0.00017736571 5.078188e-07 5.995603e-07 8.188362e-07 3.6052477e-06 6.448918e-06 8.5481184e-07 2.0499056e-07 3.8951563e-07 4.7933436e-06 2.4978299e-06 3.9311617e-05 3.2456387e-07 2.3750471e-07 0.00075726537 2.5762307e-07 1.0615102e-07 4.820654e-07 3.278376e-06 1.8965083e-06 7.702928e-07 2.2191807e-06 1.0208304e-06 3.7571788e-06 8.959317e-05 0.0023048392 4.722913e-05 5.17155e-07 1.1452989e-06 0.0004188361 1.0332119e-05
0.89951736 0.10563852 0.036742914 0.7921929 0.14043067 0.79225343 0.065798156 0.8286663 6.3766657e-16 0.97215486 0.8258539 0.26046032 0.036803417 0.13579488 0.0002934743 0.9292275 0.3422486 0.5010432 0.15438327 0.0016969747 0.0046838447 0.6487353 0.10514352 8.2569764e-05 0.05256601 0.0013004551 0.004791993 0.00015220456 0.027122999 0.031508565 0.06505666 0.009082607 0.30590585 0.00017718517 0.00018560754 0.000112369344 3.2360702e-05 2.2640986e-06 0.00010646029 8.442377e-05 5.9289036e-06 1.3795084e-05 1.6329757e-06 0.00015448323 0.017885225 1.2273035e-06 9.0969263e-07 0.010976385 1.199024e-06 0.00031814014 1.2302748e-05 0.0036981832 7.712679e-06 0.00049986265 0.090889834 2.1636437e-05 3.399153e-07 8.563674e-08 3.122905e-07 0.005004768 0.00044024634 1.1634219e-05 0.057984132 2.5423287e-06 9.041102e-06 5.603302e-08 4.0906858e-07 1.1362198e-07 9.302592e-06 4.56534e-05 0.00046008633 7.537345e-09 1.5703694e-06 1.7407346e-07 2.491518e-06 1.7566819e-06 2.2700263e-08 4.7182997e-08 9.0422355e-07 3.8620695e-07 5.4702555e-06 2.205373e-05 1.8677324e-06 2.3557116e-06 2.9628776e-05 6.3828406e-07 2.084104e-07 2.4290102e-07 1.4329645e-07 3.2121684e-06 3.8219287e-08 6.5774536e-08 5.2899935e-08 1.0946396e-06 1.807515e-06 8.513989e-05 6.20468e-08 5.978363e-08 4.6420848e-08 4.943301e-05 3.0238346e-07
0.6961717 0.082091756 0.081681564 0.2614062 0.016128417 0.9376172 0.0021069555 0.06793751 0.97215486 5.6392527e-15 0.024964886 0.0011127684 0.7487222 0.9001321 1.149708e-06 0.9462004 0.3267737 0.009392634 0.0022161014 2.1150372e-05 0.0002859235 0.050585557 0.36817643 1.1607904e-06 0.0005777897 0.018809052 4.75686e-05 0.0031257838 0.054268237 0.0017603523 0.044561133 0.0003037817 0.028312236 0.0009470708 2.8425158e-05 0.00062292855 0.0001557302 1.34641e-05 1.8386672e-06 1.1692811e-06 3.0741492e-05 1.1260946e-07 1.5709408e-07 2.7596943e-05 0.0030180195 3.866114e-06 2.919596e-08 0.00768471 3.6594577e-07 0.00097595225 1.6879216e-05 0.0030332748 2.1694663e-05 0.0001131468 0.021058867 2.2660155e-05 8.1518573e-07 9.242688e-08 5.8465165e-08 0.00267485 4.139861e-05 9.748666e-07 0.020677729 2.161681e-06 1.4799384e-05 9.3464855e-08 2.8712154e-07 8.643191e-09 1.6988886e-05 0.00021263336 0.00021155023 1.1079634e-08 6.1822556e-07 3.4657918e-07 1.9107969e-05 4.693397e-06 9.06219e-08 4.170427e-08 3.0763866e-07 1.7675924e-07 9.26431e-06 0.00046273472 1.4928628e-06 2.742228e-06 3.5446732e-07 7.697787e-07 4.143554e-07 5.14325e-07 1.1604444e-07 8.763784e-07 7.183438e-07 3.0671777e-06 5.2933715e-09 2.4038934e-07 2.8148343e-06 0.00024482235 1.562201e-07 3.6220026e-08 4.7730415e-09 5.840687e-06 1.7515455e-05
0.86824083 0.00569421 0.00038052778 0.14750063 0.2523159 0.0016130133 0.3764922 0.9414333 0.8258539 0.024964886 3.1869806e-13 0.9242181 0.00018191726 0.0008389842 0.5440121 0.105144076 0.020610504 0.86763155 0.7788564 0.074169464 0.09415398 0.84672916 0.0033746457 0.029994885 0.42361346 2.2277014e-05 0.12207967 4.014324e-05 0.0026674818 0.12318344 0.0041780625 0.03216801 0.41955513 0.00010564581 0.007066124 2.5738025e-05 2.1224972e-05 1.6993965e-06 0.0021497512 0.0017050168 1.3567812e-05 0.00022358971 9.094401e-05 0.00085085304 0.015037741 3.2059972e-05 7.773563e-06 0.0011095692 1.1998093e-05 4.8480906e-05 1.0573194e-05 0.00050036464 1.0004764e-05 0.00025264663 0.057269108 4.0404302e-05 3.2647602e-06 1.2048534e-05 4.7251724e-06 0.00067892874 0.000822623 9.936307e-05 0.009425049 8.5164737e-07 2.4936694e-06 1.688511e-05 6.3683e-06 8.766602e-07 9.202178e-06 1.807511e-05 0.00055360835 1.3097569e-07 1.3113742e-05 8.729376e-07 1.9761881e-05 2.855303e-06 2.634137e-07 4.0969976e-06 5.666487e-06 3.054279e-06 2.2541157e-05 6.7522556e-06 3.6936026e-06 2.4703284e-06 0.00018862757 6.452966e-06 3.1237646e-06 5.6711847e-06 5.981611e-07 4.169693e-05 2.0723175e-07 1.4600626e-07 1.0888778e-06 3.5600078e-06 3.6259878e-06 1.863364e-05 2.037194e-06 6.425881e-07 2.3228762e-07 0.00022430111 1.3193214e-06
0.005513714 7.04012e-05 1.1774132e-07 0.15071806 0.0031163795 5.8966883e-08 0.67053765 0.49399558 0.26046032 0.0011127684 0.9242181 5.1423864e-20 6.457007e-07 6.565118e-05 0.99936545 0.004226958 0.00024217901 0.48988003 0.38652954 0.2667859 0.11833565 0.108772755 2.646834e-05 0.29132587 0.11696018 1.3932984e-07 0.15686801 2.4473422e-07 2.7764254e-05 0.005205686 1.8246537e-05 0.006389997 0.0040751253 4.3770535e-07 0.04644083 5.067371e-07 1.2066982e-06 3.777667e-07 0.0032128366 0.0090122 4.232152e-08 0.00030971388 3.5795612e-05 0.00010094917 0.00027462273 2.5331635e-06 9.753301e-06 9.52747e-05 1.6481094e-06 7.731705e-07 5.671434e-06 3.6383903e-05 7.7580285e-07 6.7222954e-06 0.0002635463 2.0559366e-06 3.958721e-06 5.4188363e-06 4.8317463e-07 3.4529617e-07 2.2470253e-06 2.230462e-06 7.752046e-05 3.1806564e-07 3.554424e-06 3.0457102e-06 1.0644404e-06 1.5460857e-07 8.206534e-06 1.291529e-06 6.105439e-06 3.612013e-08 6.2618625e-07 1.2275418e-05 7.747086e-07 3.80099e-07 3.1226741e-06 3.3796216e-08 8.8413856e-07 9.130131e-08 2.2839056e-07 1.1825972e-06 1.14151995e-07 6.511757e-08 1.5845684e-05 3.4796273e-08 1.9043668e-08 4.9252446e-07 4.016662e-08 3.5003404e-07 7.1156444e-07 6.8795475e-07 2.2154534e-09 7.0783712e-09 1.9385234e-07 1.5725254e-05 3.0434421e-06 2.2511884e-08 5.1661747e-10 2.6950087e-08 7.4855893e-07
0.7781862 0.0002593179 0.0010182154 0.004691836 6.374051e-05 0.8569692 1.5390144e-05 0.0015224325 0.036803417 0.7487222 0.00018191726 6.457007e-07 7.6221525e-16 0.9937396 1.1886661e-07 0.21955326 0.22342557 6.388108e-05 6.7975256e-05 6.519273e-07 2.1979624e-06 7.8018864e-05 0.86852795 2.9021955e-08 2.2754377e-05 0.2894591 1.1575479e-06 0.12875652 0.37608442 1.6134009e-05 0.26364204 1.9818257e-05 0.0004275835 0.22074723 1.5751878e-07 0.037407942 0.0343744 0.008085386 8.7152084e-11 1.4557453e-09 0.0057653217 7.237203e-11 2.7459363e-08 1.1421696e-06 7.903637e-05 4.6458786e-07 1.8549852e-10 0.067548685 3.5843946e-09 0.010232487 7.4424173e-07 0.03510732 1.1717402e-06 1.2948612e-06 0.0044552144 0.002045386 1.3909226e-08 8.050626e-09 1.5943219e-10 0.02252863 1.00332464e-07 9.9624735e-09 0.07332966 5.855106e-09 2.6398587e-07 2.5275226e-09 7.339453e-09 1.0235378e-09 0.00018329635 1.1464092e-06 0.00011955279 8.493753e-09 2.5340405e-08 6.547351e-06 7.792498e-06 5.654837e-08 1.3979327e-09 1.8783536e-06 8.669691e-09 5.8482835e-10 2.796672e-07 7.4215234e-07 2.2172999e-06 5.1876414e-06 4.846049e-10 7.4669195e-08 1.7814245e-06 5.656992e-07 2.4612197e-07 8.583883e-07 3.217601e-08 5.0854258e-08 5.801148e-09 4.5670555e-07 1.4141528e-08 2.9033487e-07 1.5673141e-08 7.171196e-10 2.4959174e-10 1.17515e-06 2.7498514e-08
0.67139584 0.00041385271 0.00075381686 0.006124603 0.00013193581 0.41006318 8.560899e-06 0.0019547546 0.13579488 0.9001321 0.0008389842 6.565118e-05 0.9937396 8.703111e-16 8.2620375e-08 0.7186685 0.657345 0.0036084189 0.0011657265 7.9065285e-06 7.661798e-05 0.009624219 0.86765563 5.3549547e-06 0.000277572 0.12723465 3.618183e-05 0.022915717 0.38844195 0.0016909764 0.13043298 0.0012992285 0.015304237 0.049625654 2.3766183e-06 0.019569373 0.0047334894 0.0011320105 1.1276283e-07 1.51135e-07 0.00017533061 2.5899658e-08 6.9432315e-07 5.006739e-05 0.011469266 6.637066e-07 6.277084e-09 0.10612793 1.5620058e-07 0.012383842 2.1825679e-06 0.039806206 1.9339818e-06 0.00075776497 0.020508217 0.00090777356 1.5687303e-06 2.1927042e-07 4.6736773e-08 0.013982404 0.00030673362 6.9078137e-06 0.07222753 4.050144e-07 9.311761e-06 2.9936888e-07 1.6904136e-07 1.0088237e-08 6.2181236e-05 1.5140007e-06 0.001403237 3.1594322e-08 4.1320295e-06 1.3628866e-05 0.0001148896 6.60179e-07 4.6735078e-08 7.2340504e-07 1.1118512e-06 7.7683643e-07 3.2413143e-05 1.8886669e-05 1.7558974e-05 2.252446e-05 4.4713076e-07 3.330902e-06 9.579677e-07 4.280276e-06 7.7883215e-08 3.9808497e-06 2.4281044e-07 2.4113697e-07 2.1182029e-08 1.3509443e-06 1.2693665e-07 4.7855303e-07 6.6923815e-07 3.3761665e-09 2.4623778e-10 2.5109526e-07 1.3651974e-06
0.110225536 1.8972058e-05 7.367737e-07 0.008772009 0.0062115807 3.8760987e-07 0.40212905 0.1577422 0.0002934743 1.149708e-06 0.5440121 0.99936545 1.1886661e-07 8.2620375e-08 3.323945e-16 8.727342e-06 3.8051776e-06 0.21006845 0.17339486 0.79282546 0.22258087 0.10029335 6.210182e-07 0.29801282 0.21613571 3.278579e-08 0.2642489 3.1212462e-09 5.768239e-06 0.053328205 4.334759e-06 0.013993336 0.017721746 6.685263e-07 0.4281747 4.7097157e-07 9.1817874e-08 1.5051648e-09 0.021273104 0.08231445 8.009089e-09 0.0007687561 0.0004729191 0.00024087715 0.0027707529 0.00016900178 0.00014603557 5.5848297e-05 4.6013178e-05 3.929334e-06 3.7005364e-05 1.557729e-05 7.3106694e-06 5.8457612e-05 0.008501755 3.894033e-06 3.5499115e-06 0.00010565901 9.064615e-07 8.1108203e-07 6.551577e-05 1.4645474e-05 0.00048669707 1.4679699e-06 1.355416e-06 4.952313e-05 2.6624657e-06 1.0241306e-07 2.65843e-07 1.8149443e-06 4.4497876e-05 7.522441e-08 3.9470315e-06 1.0906201e-07 9.542174e-07 1.1323078e-06 4.2480136e-07 1.0783561e-07 2.15288e-06 2.3423017e-06 8.490713e-06 6.186275e-06 3.6665804e-07 2.9143717e-08 3.0262432e-05 1.5522902e-08 6.4719576e-09 1.068443e-07 1.0727346e-08 2.3315108e-06 1.1083957e-06 4.8315894e-07 1.1925538e-09 2.2268463e-08 3.359856e-07 2.2730477e-05 1.2844961e-05 6.305945e-09 1.5966759e-08 3.3194462e-07 9.69308e-07
0.8652025 0.0014849228 0.0019617334 0.040167604 0.0048096683 0.5429754 0.0014358509 0.10779152 0.9292275 0.9462004 0.105144076 0.004226958 0.21955326 0.7186685 8.727342e-06 6.7676323e-15 0.9867744 0.05788275 0.015671559 0.00043833914 0.0012607719 0.2506649 0.48229748 1.7164723e-05 0.0049017924 0.01497061 0.0002086617 0.0036939816 0.21284862 0.017224774 0.21339801 0.0054120505 0.1817239 0.0017383618 5.2936706e-05 0.0007828755 0.00019955747 2.3868886e-05 7.492639e-05 2.5036741e-05 5.9600865e-05 1.056021e-06 4.1391186e-07 0.00016176431 0.036462422 1.6254084e-05 3.3013595e-07 0.04940088 2.3943937e-07 0.0031032325 4.081048e-06 0.013543502 1.6779499e-05 0.0012162022 0.06365052 5.271574e-05 1.1665567e-06 6.352895e-07 2.6642473e-07 0.013023211 0.0008523324 3.8291877e-05 0.081673406 2.2248987e-07 2.8193476e-06 1.1777607e-06 8.4227867e-07 3.899955e-07 1.4677607e-05 5.0779217e-05 0.00066776393 3.8224684e-08 2.6085324e-06 3.408121e-07 7.311189e-05 7.509679e-07 1.826722e-07 6.129455e-07 4.9265486e-06 1.0356698e-06 5.3938125e-05 7.9557566e-07 8.792168e-06 1.13590995e-05 1.8743972e-06 3.3232104e-06 4.10568e-06 6.706482e-07 2.7136602e-08 5.799785e-06 4.4070415e-08 2.8021958e-07 2.4133874e-07 1.8212106e-06 3.1785942e-07 1.0773848e-05 1.46267904e-08 1.0640704e-07 1.180701e-07 2.9204175e-06 4.30578e-07
0.98129475 0.00037035902 0.0002542603 0.0034756574 0.00062391104 0.2331138 0.00017094926 0.013535981 0.3422486 0.3267737 0.020610504 0.00024217901 0.22342557 0.657345 3.8051776e-06 0.9867744 5.2746426e-14 0.012600303 0.0032127171 0.000105434854 0.00025119167 0.0520753 0.87075007 5.0660105e-06 0.0008897594 0.083146766 8.51118e-05 0.007860783 0.6951122 0.023135766 0.6793004 0.002523484 0.38845804 0.011666435 2.6312098e-05 0.0025336433 0.00058049517 5.743075e-05 1.852453e-05 7.792409e-06 8.667501e-05 3.2982626e-07 3.1248356e-07 0.00019676494 0.21547176 7.1423055e-06 7.534891e-08 0.643656 1.1907004e-07 0.032033265 8.2057784e-07 0.2465346 4.503689e-06 0.0049080164 0.32094142 9.16782e-05 2.8613135e-08 3.4015815e-07 4.014908e-08 0.08900488 0.0034196586 0.00018605041 0.4977154 4.932735e-08 3.3617917e-07 1.18356354e-07 1.8769363e-07 8.2115754e-08 3.332257e-05 1.1426637e-05 0.0026758146 6.3502537e-09 1.2153e-06 8.899439e-06 0.00022863912 1.700811e-07 8.3801925e-09 1.1178013e-05 1.0107928e-05 7.487567e-07 4.666291e-05 7.4172594e-06 4.419557e-05 0.00013817316 1.2368909e-07 1.6205004e-05 8.098713e-06 2.4711812e-06 5.7624657e-08 6.4791307e-06 1.5886994e-07 4.870125e-07 2.84148e-07 1.0487543e-05 4.8743397e-07 2.3714752e-05 3.9071494e-08 3.8069487e-08 4.433616e-08 4.6068653e-06 1.8134841e-06
0.64603823 0.0002121195 2.0742216e-05 0.0087653035 0.007815078 0.00011399845 0.015245007 0.25085172 0.5010432 0.009392634 0.86763155 0.48988003 6.388108e-05 0.0036084189 0.21006845 0.05788275 0.012600303 3.867869e-14 0.98447806 0.13202855 0.2722458 0.9291755 0.0026848903 0.059621505 0.640302 3.687164e-05 0.16114385 5.9948426e-05 0.0025138713 0.49299487 0.0017340219 0.1328772 0.56453973 8.382528e-05 0.009653063 4.3891425e-05 4.450776e-05 1.3950873e-06 0.00061236246 0.0018687554 1.0802655e-05 0.00037049642 0.0001465047 0.0008016641 0.027260367 1.5803822e-05 2.532108e-06 0.004133338 2.9667171e-05 1.2342668e-05 3.4242028e-05 0.00036106823 2.1894279e-05 0.0007398624 0.02489934 8.416849e-06 1.0335996e-06 2.557675e-07 2.2249553e-06 0.00038916199 0.00042564122 7.5149306e-05 0.009882497 3.728548e-06 1.250528e-06 1.102614e-06 2.315901e-06 9.212662e-08 1.4856548e-06 1.6323569e-05 0.00011544182 2.503953e-09 7.8784115e-07 9.734149e-08 3.4431741e-06 7.2040064e-07 4.6777235e-09 7.586633e-08 1.2789155e-06 2.6006296e-07 6.715919e-06 3.7624998e-06 3.6870685e-07 6.8927243e-06 1.4034289e-06 1.166382e-06 2.8919565e-08 4.8584837e-08 1.622386e-08 9.300529e-07 2.229491e-07 4.6301938e-07 2.7810826e-08 1.160014e-07 3.5625803e-07 8.265332e-06 1.035844e-09 4.537906e-09 3.7720436e-09 1.1716396e-06 2.2093527e-06
0.7474565 7.344986e-05 1.544207e-05 0.0030138602 0.0044518146 9.4317424e-05 0.010097788 0.15959258 0.15438327 0.0022161014 0.7788564 0.38652954 6.7975256e-05 0.0011657265 0.17339486 0.015671559 0.0032127171 0.98447806 5.1093536e-15 0.26690555 0.5000067 0.87771744 0.00076135824 0.20299922 0.8876435 1.5666186e-05 0.44876814 9.22257e-06 0.0016497159 0.69350845 0.0013180741 0.39779732 0.59848845 7.651516e-05 0.043331478 1.8275463e-05 1.7770986e-05 3.3838833e-07 0.011694054 0.019661166 2.4615188e-06 0.001366654 0.00038742658 0.005307747 0.059797235 0.00012173985 7.148654e-05 0.005423901 0.00016863778 2.0397709e-05 2.9100045e-05 0.0007141386 1.9781512e-05 0.0024038628 0.051178772 4.5086745e-06 3.8020455e-05 8.219583e-06 6.1394305e-05 0.0008517019 0.001813538 0.00046084318 0.014698458 2.5686259e-05 2.347978e-06 1.4030884e-05 3.303498e-05 6.1545456e-06 1.8102479e-06 2.2489989e-05 0.00031858767 2.0310978e-07 1.45094855e-05 6.336669e-08 1.1439743e-05 9.524332e-06 1.4563578e-07 2.2217861e-07 4.5595552e-06 5.557014e-06 2.7401353e-05 3.1363812e-05 6.3067034e-07 4.8024535e-06 7.74842e-06 6.937986e-06 4.017374e-08 7.2291016e-08 4.2339522e-08 1.5454291e-06 8.240771e-07 9.904214e-07 1.9730686e-08 4.878355e-08 1.1946012e-06 2.8006785e-05 7.2433286e-09 1.2985044e-08 4.5910733e-09 9.2265196e-08 7.2953817e-06
0.4728929 6.4417877e-06 3.008685e-06 0.00020097672 0.00030241476 9.885777e-07 0.0017650854 0.010988681 0.0016969747 2.1150372e-05 0.074169464 0.2667859 6.519273e-07 7.9065285e-06 0.79282546 0.00043833914 0.000105434854 0.13202855 0.26690555 1.1781673e-14 0.99363405 0.094561435 0.00017094078 0.9011427 0.49526137 2.3028068e-07 0.53502893 1.6540472e-06 0.000110286746 0.24835435 4.519232e-05 0.080136016 0.025316477 5.147472e-06 0.598089 2.3545312e-05 6.8458746e-07 2.223059e-06 0.5888126 0.53808326 1.1122521e-06 0.1514257 0.0146518955 0.0052711195 0.017912783 0.00084567245 0.021316543 0.00045431443 0.00066787185 2.528832e-05 0.00031501657 0.0001164697 7.411098e-05 0.00038171193 0.035831735 3.536551e-06 0.00040639145 0.00023078162 0.00029732814 2.0148727e-05 0.0010536077 0.00014642299 0.002418286 0.00074410584 8.197832e-05 0.00041809262 0.00023571792 1.4093686e-05 4.7729094e-07 7.1544775e-05 8.079678e-05 5.143637e-07 2.6921742e-05 4.999124e-07 6.30468e-06 7.523019e-05 2.3413727e-06 5.176317e-07 2.4033183e-05 1.5799647e-05 1.5579133e-05 0.0001347189 1.064482e-06 1.7440805e-06 5.53757e-05 2.4568353e-06 7.9842025e-08 4.1375165e-07 2.8043173e-06 1.024515e-06 3.778148e-06 2.6990983e-06 5.300942e-08 6.0477174e-07 1.03454595e-05 0.0008140283 1.3040827e-06 1.7859384e-07 1.07640545e-08 1.5669136e-06 1.9154146e-05
0.41055903 3.165256e-06 5.348197e-06 0.00013788184 0.0011069175 4.5273285e-07 0.0031238808 0.01060271 0.0046838447 0.0002859235 0.09415398 0.11833565 2.1979624e-06 7.661798e-05 0.22258087 0.0012607719 0.00025119167 0.2722458 0.5000067 0.99363405 1.933796e-15 0.09977863 0.00029008902 0.93361074 0.68891716 3.2371597e-07 0.78619456 3.2766068e-06 0.00029558036 0.30494738 0.00023226715 0.14795764 0.025287064 5.5916837e-05 0.20884618 2.4249935e-06 3.4569473e-06 4.9205823e-07 0.20594536 0.16574828 1.5037409e-06 0.018406631 0.0018969796 0.007398299 0.026610576 0.00029861115 0.0013913924 0.0014602207 0.0002184636 9.682173e-06 3.465703e-05 0.00041629226 2.8221088e-05 0.0015522267 0.018426102 1.7935363e-06 0.00033707666 0.00015418445 0.0002394224 0.0002174988 0.0010866589 0.00051973155 0.004779344 5.448418e-05 5.1157845e-06 0.00021241588 0.00016589634 4.818039e-05 5.038326e-06 1.473643e-05 0.00023153223 1.0566223e-06 4.2763815e-05 4.8692755e-07 4.3911336e-06 4.602415e-05 1.4750806e-06 2.3963871e-06 1.2797422e-05 2.3978766e-05 1.30885655e-05 6.428897e-05 3.977095e-07 2.4173692e-06 3.402199e-05 3.3569752e-06 4.6868112e-07 3.5694998e-06 2.445547e-06 6.996827e-07 4.3047476e-06 3.3145034e-06 3.2587412e-08 7.24517e-08 1.1146212e-06 1.063544e-05 3.5794517e-07 2.9863378e-07 4.4153183e-09 2.3666675e-07 3.922344e-06
0.92005837 0.00019257108 1.9805315e-05 0.011104924 0.011384673 0.0006422708 0.012090415 0.3212367 0.6487353 0.050585557 0.84672916 0.108772755 7.8018864e-05 0.009624219 0.10029335 0.2506649 0.0520753 0.9291755 0.87771744 0.094561435 0.09977863 6.896293e-16 0.012630319 0.06776876 0.59799653 9.4973984e-05 0.100249186 0.00016520343 0.0358133 0.66805303 0.01533089 0.28787637 0.94172525 0.00024237426 0.0025222425 9.815245e-05 0.00023091721 4.384463e-06 0.00017110044 0.0005133334 7.5186904e-06 0.000115148134 0.00010037022 0.0013947629 0.13191201 2.4184342e-06 1.2835231e-06 0.073806554 1.08323575e-05 0.00021842298 2.4804249e-06 0.00553379 2.192195e-06 0.0057754912 0.104266725 6.7711308e-06 6.106787e-07 1.324933e-07 1.3924581e-06 0.0017127679 0.0017297433 0.00029027497 0.043738354 2.567318e-07 1.0175805e-07 4.3732945e-07 1.5626681e-06 2.6581156e-07 5.1944485e-06 4.1900407e-06 0.000497361 5.5746017e-09 1.876429e-06 1.420663e-06 4.204008e-05 3.8728174e-07 7.6085793e-10 8.4899675e-08 4.709103e-06 1.1998841e-06 8.978926e-06 2.998569e-07 1.4055365e-05 4.7989484e-05 1.8190859e-06 1.8968874e-05 9.114697e-08 1.2916873e-07 4.0467057e-08 6.213633e-06 4.274108e-08 4.590165e-08 2.9049662e-07 2.761462e-06 1.9629346e-07 2.7507906e-06 1.4503264e-10 1.3405744e-08 4.513942e-09 1.771947e-07 1.5226183e-07
0.85181046 7.30482e-05 0.00053442747 0.00082889386 0.00011995215 0.33727297 3.5638517e-05 0.0026036762 0.10514352 0.36817643 0.0033746457 2.646834e-05 0.86852795 0.86765563 6.210182e-07 0.48229748 0.87075007 0.0026848903 0.00076135824 0.00017094078 0.00029008902 0.012630319 7.531003e-14 1.9512248e-05 0.00040394577 0.58248276 0.00011176356 0.47325346 0.95653564 0.0020849213 0.709671 0.0010202274 0.022507537 0.19944288 2.5232552e-05 0.023498623 0.030767273 0.004619964 6.4429432e-06 2.5250487e-05 0.003347455 1.0416009e-06 1.7870107e-06 0.0001402415 0.0228213 1.0835436e-05 2.0913834e-07 0.2785713 6.46857e-07 0.018357586 7.3747574e-06 0.041921485 5.0399453e-06 0.00093590136 0.07627868 0.0016031439 3.2947165e-07 1.3060617e-06 3.9890164e-08 0.039436877 0.0003992421 0.00011017837 0.13465 1.7722217e-06 2.3658124e-05 5.3425897e-06 5.131611e-06 9.442426e-07 0.00032234954 0.00022996323 0.0014004115 4.400062e-08 9.915996e-06 0.0002198063 0.00048308782 1.8441041e-06 1.3988942e-07 0.00012653269 1.9672509e-05 2.270789e-06 5.0636125e-05 2.1295857e-05 0.0002643377 0.00024051839 4.0571183e-07 4.6618075e-05 0.00033828043 6.997675e-05 3.7005364e-05 2.6158228e-05 4.59756e-08 2.2267201e-07 2.8260854e-06 3.0696785e-05 3.4835284e-06 0.00018172427 6.162483e-07 2.7703578e-07 1.4775411e-07 0.0005469054 3.308173e-07
0.7159569 7.518927e-08 7.747208e-08 5.8864352e-06 6.228314e-05 2.130597e-07 0.0007043904 0.0014810844 8.2569764e-05 1.1607904e-06 0.029994885 0.29132587 2.9021955e-08 5.3549547e-06 0.29801282 1.7164723e-05 5.0660105e-06 0.059621505 0.20299922 0.9011427 0.93361074 0.06776876 1.9512248e-05 5.8514015e-16 0.75400794 9.089623e-09 0.9777035 1.0863723e-07 4.3408545e-05 0.49789777 1.3932958e-05 0.3161733 0.057095084 3.0370838e-06 0.352682 2.0563327e-06 5.5135143e-07 7.2748584e-08 0.50959677 0.30496773 3.295317e-07 0.08218316 0.016826509 0.017285256 0.04822293 0.0013684949 0.0058491495 0.00064734987 0.0011050875 8.053417e-06 0.0003961605 9.3559516e-05 0.00016990208 0.0034002736 0.03372775 2.5280724e-07 0.00038014833 0.00019431498 0.00032475384 0.0001557568 0.0020558096 0.0005492423 0.0074485284 0.00052155106 5.3296815e-05 0.00024440477 0.00018446619 7.273087e-05 1.3061556e-07 7.810745e-05 0.0002187294 1.3325925e-06 2.155346e-05 3.335899e-08 5.643184e-06 8.736123e-05 2.539204e-07 1.7160235e-07 1.3258987e-05 2.3138873e-06 1.2811954e-05 4.7944653e-05 3.4256163e-07 6.150043e-07 7.7870145e-06 2.7903386e-06 7.171148e-08 5.906234e-08 1.7502079e-07 3.4577613e-06 4.5086333e-07 3.8325447e-07 2.5270913e-07 5.6567814e-07 6.685941e-06 0.00022011614 7.040095e-08 1.2993956e-07 4.057062e-08 9.788299e-06 1.971453e-06
0.9146948 2.5913348e-06 2.1407413e-06 0.00012053976 0.0009911851 4.1904703e-05 0.0024656812 0.019306613 0.05256601 0.0005777897 0.42361346 0.11696018 2.2754377e-05 0.000277572 0.21613571 0.0049017924 0.0008897594 0.640302 0.8876435 0.49526137 0.68891716 0.59799653 0.00040394577 0.75400794 9.573062e-15 3.8032292e-06 0.95877 6.630104e-06 0.000962213 0.9083824 0.0005673235 0.84294283 0.66913474 4.8038757e-05 0.08581383 2.821092e-05 5.047928e-05 1.0032198e-06 0.06873514 0.050834525 8.368617e-06 0.008551915 0.003132213 0.053043526 0.2589724 0.00034471613 0.0015896029 0.0073627373 0.00071409944 0.00013524154 7.0147864e-05 0.00073819695 4.6229008e-05 0.008970988 0.10599875 2.654611e-06 0.0002551189 5.0985545e-05 0.00030160946 0.0013347862 0.009445677 0.0014536694 0.027441047 0.00025673833 7.0388746e-06 6.772283e-05 0.00019714625 0.00013864294 1.6366754e-06 5.471265e-05 0.0007429994 2.5319498e-05 9.02591e-05 1.5169209e-07 5.4122436e-05 9.57774e-05 4.345985e-06 1.5271847e-07 4.0944135e-05 5.2440508e-05 3.93277e-05 7.1307666e-05 5.0517733e-06 5.026119e-05 3.2979922e-05 5.0795054e-05 5.019393e-07 9.123028e-08 2.6508996e-08 3.0931555e-05 1.4996428e-07 1.2182538e-07 9.699303e-07 8.9017004e-07 9.4311445e-06 4.4388267e-05 2.549593e-08 4.665681e-07 2.4779686e-06 2.3070897e-06 4.4954783e-07
0.8252018 5.3475137e-06 9.767501e-05 0.00014955462 9.716704e-06 0.036113918 2.1831654e-06 1.8456587e-05 0.0013004551 0.018809052 2.2277014e-05 1.3932984e-07 0.2894591 0.12723465 3.278579e-08 0.01497061 0.083146766 3.687164e-05 1.5666186e-05 2.3028068e-07 3.2371597e-07 9.4973984e-05 0.58248276 9.089623e-09 3.8032292e-06 1.62178e-15 1.979404e-07 0.99787474 0.53713095 3.6929563e-05 0.47837102 3.4091558e-05 0.0015373752 0.6484552 1.4395005e-07 0.22720836 0.2550453 0.07653131 2.9858904e-09 1.4473048e-08 0.06136447 6.647875e-10 7.9952915e-09 6.3337484e-07 0.003051576 2.8603517e-07 4.928451e-10 0.54831755 5.6440044e-09 0.086077295 1.3398414e-07 0.28294343 5.0789436e-07 5.825748e-05 0.0437477 0.0018079126 8.036833e-09 2.1788491e-08 1.0170031e-09 0.120657966 1.8074885e-05 1.7832119e-07 0.2713941 3.9126884e-09 5.7492475e-08 4.5122035e-09 7.838944e-09 1.6740566e-10 4.9215687e-05 3.9859074e-07 0.00091118005 7.264881e-10 2.7797022e-09 8.766631e-06 0.00017100583 3.548581e-08 1.6520023e-10 2.1314956e-05 4.5634766e-07 1.27961695e-08 1.1861444e-05 1.0355428e-07 3.501414e-06 4.7717996e-05 1.0465301e-09 1.4697959e-07 1.1920025e-05 1.6781611e-07 1.5768381e-07 3.2671196e-07 1.5049789e-08 5.0513465e-09 2.6540348e-09 5.854989e-07 2.8400645e-08 8.61911e-08 1.7296046e-09 6.201917e-10 1.5056829e-11 1.5609754e-07 2.7941873e-09
0.8580157 1.0027732e-06 4.116931e-07 3.342627e-05 0.00033150442 6.5031927e-06 0.0012877588 0.0052317735 0.004791993 4.75686e-05 0.12207967 0.15686801 1.1575479e-06 3.618183e-05 0.2642489 0.0002086617 8.51118e-05 0.16114385 0.44876814 0.53502893 0.78619456 0.100249186 0.00011176356 0.9777035 0.95877 1.979404e-07 1.2579576e-13 6.896883e-07 0.00018446548 0.7622483 0.000111584326 0.6743234 0.24254109 6.2386785e-06 0.29048663 6.598394e-06 4.3683153e-06 1.5978222e-07 0.4059981 0.15657444 5.2878073e-07 0.031104764 0.01902839 0.064027786 0.18111764 0.0022858945 0.0062403157 0.0019433751 0.0033153174 3.7387046e-05 0.00032223552 0.00022567711 0.00013873406 0.008054056 0.07327312 6.9644653e-07 0.0005272268 0.00014216713 0.0004975915 0.00082588516 0.0077922866 0.0012319392 0.016722979 0.0014581216 8.279142e-05 0.00020363841 0.00018141398 0.00012465131 5.5560787e-07 7.785215e-05 0.00056844467 2.7622744e-05 4.9881564e-05 6.713479e-08 2.5670342e-05 0.00020465744 5.5718097e-06 4.259421e-07 6.028876e-05 3.2969954e-05 6.2934676e-05 0.00015104328 1.0472455e-06 1.21836765e-05 3.34973e-05 1.2733642e-05 1.4649916e-07 6.64863e-08 1.5174598e-08 1.3515741e-05 3.6166267e-07 2.1054797e-07 4.1157966e-07 9.0216923e-07 1.9595438e-05 0.00011058861 2.9888992e-07 3.7361133e-07 6.3476085e-07 1.02037e-06 9.242711e-07
0.70010126 1.2267291e-06 9.038227e-05 9.428626e-06 4.7743733e-06 0.0116900075 5.427414e-07 1.4437042e-06 0.00015220456 0.0031257838 4.014324e-05 2.4473422e-07 0.12875652 0.022915717 3.1212462e-09 0.0036939816 0.007860783 5.9948426e-05 9.22257e-06 1.6540472e-06 3.2766068e-06 0.00016520343 0.47325346 1.0863723e-07 6.630104e-06 0.99787474 6.896883e-07 7.023249e-16 0.4665728 0.000114655144 0.21257617 3.112128e-05 0.0026657803 0.8339174 4.6926407e-06 0.49128336 0.29018825 0.0244792 4.941794e-08 7.7191686e-08 0.02129851 1.7876012e-09 3.8509203e-08 9.8558085e-06 0.0088868495 2.6990883e-06 3.231234e-09 0.46416703 3.7894242e-08 0.18220618 4.124673e-07 0.29050148 3.6062345e-06 0.000598148 0.025269574 0.016762922 6.1672694e-07 2.5516206e-07 5.074922e-08 0.11479178 0.00022522196 2.4460054e-05 0.15136054 3.1077914e-07 1.7411439e-06 1.111872e-07 5.4821e-08 5.1143595e-10 0.0005291187 1.1322527e-06 0.0027563856 6.53941e-09 6.9348104e-08 0.00027347435 0.0012666483 7.191983e-08 8.55554e-09 0.00010008709 1.7653342e-06 3.898226e-07 9.514297e-05 2.148639e-07 0.000102578015 0.00027065404 4.0913626e-08 1.603169e-05 0.00034863848 2.2032562e-05 7.059618e-05 1.3327757e-06 8.257263e-08 1.0137525e-07 8.300451e-08 3.3992226e-06 1.9745792e-07 5.556656e-07 2.4419508e-08 5.8237678e-08 6.700855e-11 1.5938882e-05 2.47887e-07
0.8666781 3.3264434e-05 0.0002541786 0.00016970937 0.000138566 0.07345679 8.482147e-05 0.00064830994 0.027122999 0.054268237 0.0026674818 2.7764254e-05 0.37608442 0.38844195 5.768239e-06 0.21284862 0.6951122 0.0025138713 0.0016497159 0.000110286746 0.00029558036 0.0358133 0.95653564 4.3408545e-05 0.000962213 0.53713095 0.00018446548 0.4665728 1.3134804e-11 0.005393541 0.98177254 0.0051985322 0.034372576 0.51573527 0.00012385927 0.007653925 0.07072801 0.0009541661 0.00033586117 0.00015865911 0.005417062 8.839856e-06 7.2939833e-06 0.00079472864 0.038539417 2.6682039e-05 1.7493528e-06 0.5056186 8.8453163e-07 0.012040499 8.586827e-06 0.077080965 6.0221782e-06 0.006102177 0.080077335 0.005883388 3.0228296e-06 2.2835738e-06 2.1349355e-07 0.053140707 0.0013752013 0.00048139034 0.13233711 4.4519415e-06 2.0525309e-05 3.3116535e-06 1.1374297e-05 2.2713627e-06 0.00030578818 0.000181305 0.0016320652 2.8610348e-08 1.9969617e-05 0.00021526069 0.0016447024 4.3007303e-06 5.055031e-08 0.00019387905 8.06622e-05 3.666752e-05 0.0001580077 1.946272e-05 0.0009173899 0.000358202 1.1224605e-06 0.00018729838 0.0010635395 0.0001317761 2.593858e-05 9.0684116e-05 1.5816692e-06 5.1571815e-06 1.4285135e-05 9.039339e-05 5.4466273e-06 0.00046348906 9.555014e-07 1.1171613e-06 2.8193193e-07 0.0010982186 1.2628898e-05
0.95227826 4.6943956e-06 3.7855018e-06 0.00013295285 0.00027115498 7.85026e-06 0.00075309834 0.0053330883 0.031508565 0.0017603523 0.12318344 0.005205686 1.6134009e-05 0.0016909764 0.053328205 0.017224774 0.023135766 0.49299487 0.69350845 0.24835435 0.30494738 0.66805303 0.0020849213 0.49789777 0.9083824 3.6929563e-05 0.7622483 0.000114655144 0.005393541 2.8709792e-15 0.0019984897 0.96189225 0.81332314 0.00021713902 0.06491102 2.5411884e-05 7.109242e-05 2.03287e-06 0.05201318 0.08120831 2.1634125e-05 0.011286042 0.0040450934 0.14626637 0.7654678 8.496526e-05 0.0008775067 0.04589752 0.0009984185 6.795717e-05 3.3450247e-05 0.0015608832 1.0833234e-05 0.027197616 0.2460074 9.680575e-06 0.000117007534 3.3749948e-05 0.0001529691 0.0028970279 0.0138291735 0.0022874156 0.09312681 0.00022321325 1.1257199e-05 4.420859e-05 0.0001501842 5.4878677e-05 3.506099e-06 9.8159e-05 0.0006278965 1.686524e-06 4.0994266e-05 1.258232e-06 3.136575e-05 1.2087433e-05 2.5792363e-06 4.5339095e-07 2.4830983e-05 1.1371151e-05 5.6254685e-06 4.5863304e-05 1.3208158e-06 2.7513297e-05 2.6240106e-05 1.682398e-05 7.5643094e-08 9.298973e-08 5.346613e-09 8.380422e-06 8.3471156e-07 4.2851747e-07 2.0604952e-07 5.358017e-07 8.146026e-06 3.923023e-05 7.96768e-08 8.2953235e-08 4.081145e-08 7.231957e-06 1.5559659e-06
