5.6538525e-24 0.0013222407 0.010820805 0.0038372339 0.005105009 0.009212501 0.048561472 0.0003900772 0.034655727 0.18194173 0.5151283 0.007787071 0.10318469 0.46320063 0.30032706 0.30066606 0.20723428 0.015729139 0.0027403357 4.912617e-07 0.77658165 0.7652324 0.64566076 0.9313246 0.9508745 0.010892452 0.82130265 0.83876806 0.46229 0.89693576 0.42595842 0.9180787 0.4659408 0.3467582 0.7334421 0.7726305 0.8903336 0.00016097163 2.4849023e-06 0.038797356 0.19040519 0.9812851 1.7808718e-05 0.43632957 0.37451056 0.041806486 0.904815 0.9499706 0.9538911 0.8039503 0.6798095 0.96486074 0.0005659118 0.37969568 0.91690177 0.67398506 0.896625 0.017639529 0.964066 0.74036425 0.07089956 0.93456286 0.013546039 0.9041517 0.93557656 0.00444843 0.5057197 0.8644633 0.70002973 0.15805545 0.98609537 0.0062005813 0.11854906 0.012871033 0.012675008 0.9402127 0.67990524 0.9923415 0.93203 0.9180732 0.03695525 0.022587398 0.04792921 0.95401245 0.7934121 0.031602584 0.92627025 0.9506216 0.9318242 0.9966943 0.9983649 0.997108 2.2358383e-05 0.999907 0.010272364 0.0075579467 0.9999636 0.88721085 0.9994513 0.99927104 0.9992671
0.0013222407 3.0510031e-16 0.9377946 0.5123977 0.9907395 0.21244869 0.040427253 0.0037754956 0.61627835 0.007012486 0.41572222 0.3244995 0.0006111516 0.15249577 0.0037461699 0.0040503666 0.004870804 0.0012818292 0.00035683493 0.0068964898 0.017993864 0.00062835397 0.0016206434 0.014476288 0.0019188767 0.00092668604 5.819082e-06 0.002441554 8.607151e-06 0.0038969512 1.2946904e-05 0.0035190214 1.8208963e-06 0.00017983747 2.9798258e-07 1.9755353e-06 0.00051113614 5.52585e-06 1.1277896e-05 1.2708711e-05 1.1591977e-05 2.0371543e-07 3.5766382e-06 1.9624855e-07 1.576766e-07 4.1759168e-07 0.00026358452 1.9735128e-06 1.5065593e-05 5.0347688e-05 0.000285266 7.850744e-05 1.1245315e-06 3.0864912e-06 0.00017946347 5.775945e-08 0.00068317517 6.6092824e-08 1.1658687e-05 2.1600046e-05 1.9169586e-07 1.7332208e-05 4.3941054e-05 6.0574384e-05 1.7380042e-07 2.1948558e-06 2.9745493e-06 2.9598823e-06 5.0107874e-06 8.124437e-09 1.2847173e-06 5.077314e-08 8.3224586e-07 1.5362399e-05 8.01615e-09 6.85938e-06 5.2961394e-07 1.04656905e-07 0.0004206912 1.9519842e-07 7.875129e-07 3.8830467e-07 8.120115e-09 4.7202266e-06 7.900113e-08 1.1967014e-08 2.4450794e-05 0.00035132567 2.1095225e-06 4.813357e-06 0.000540232 1.3809692e-07 4.52528e-12 9.205975e-05 2.0954336e-09 9.04324e-10 3.7995566e-08 1.7590144e-09 3.3938377e-05 1.008126e-05 9.9763085e-05
0.010820805 0.9377946 1.0658927e-14 0.577516 0.90541756 0.94430083 0.83123773 0.013585136 0.024368525 0.44168836 0.45789838 0.00030412752 0.03155256 0.63976276 0.28645763 0.00072552444 7.822769e-05 3.3311353e-05 0.0070813266 0.00093990494 0.3163139 1.1790515e-05 0.07971206 0.054401975 0.2998946 8.195804e-06 0.0005439752 0.002151778 0.00030433264 0.049977474 0.00017880404 0.16770835 3.7347778e-05 5.925323e-05 0.00013293458 8.013006e-06 0.00026875248 0.000103204635 9.525286e-06 2.862617e-05 2.4242363e-05 2.100382e-05 1.1703704e-05 1.6135986e-06 1.7183547e-06 4.0565283e-06 0.010393977 0.002403746 0.0012043043 9.332818e-05 0.00030853497 0.012550574 4.034495e-06 1.9091192e-05 0.0064152796 2.430578e-06 0.0022304344 1.4521632e-06 0.0023645111 6.4655855e-05 4.994947e-06 0.0023497783 0.00010358249 0.00012663579 5.2003124e-06 2.7791697e-05 0.0001235728 0.0002851118 1.211454e-05 7.9001325e-07 8.090897e-05 9.810556e-07 4.8913824e-07 4.6728197e-05 2.069899e-06 1.4035582e-05 4.5860043e-06 6.331689e-07 0.0017439935 1.3749717e-05 5.5544686e-05 1.0921152e-06 1.137375e-06 8.632512e-06 2.0437626e-07 9.98939e-07 0.0002222046 0.0008971929 4.491144e-06 3.828771e-05 0.0015344287 1.5834901e-05 1.3770948e-09 0.00047484366 3.1703053e-07 6.0037394e-07 4.1470116e-06 1.2485654e-06 3.9203118e-05 8.188432e-05 0.00036989714
0.0038372339 0.5123977 0.577516 5.442286e-14 0.025625663 0.8945371 0.49131596 0.982111 0.002425759 0.33938745 0.11257709 0.0003099349 0.79073083 0.32572302 0.21085317 6.5481356e-05 1.0398278e-05 1.9131508e-05 0.16030402 0.46069622 0.065924056 4.0904893e-06 0.05858499 0.009803945 0.23484223 5.017884e-06 0.0073613366 0.00052943546 0.003092964 0.009484162 0.00046527758 0.05966554 7.223538e-05 1.0854745e-05 0.00017355688 1.2092818e-05 3.90717e-05 9.275568e-05 0.00019567716 3.740802e-05 9.77332e-06 1.486577e-05 2.1746135e-05 2.6995477e-07 3.162985e-07 1.1276245e-06 0.0056299986 0.0019735354 0.003575597 0.00018889847 1.6295353e-05 0.011838928 2.9543717e-06 7.3294696e-06 0.00062733184 1.0250105e-06 0.00047753143 4.085964e-07 0.0011184049 7.201235e-06 8.071675e-07 0.00022090999 6.2481544e-05 2.0663706e-06 1.112198e-06 3.9170904e-05 6.785737e-05 0.00017946879 1.8095254e-05 1.8492642e-08 2.2692875e-05 1.4593651e-07 7.905298e-08 6.826463e-06 9.0684324e-08 1.289494e-05 5.9053164e-06 3.514017e-07 0.00086182565 1.1954235e-05 1.4697608e-05 6.038998e-07 7.053146e-08 4.1936223e-06 4.039879e-07 1.122886e-07 0.00016412411 0.00029765698 1.8596964e-05 7.8258585e-05 0.0023621614 3.042708e-06 5.150177e-10 0.0011083699 2.3815475e-07 3.014228e-08 1.3602389e-05 1.123141e-07 3.582208e-05 0.00029304196 0.0002365904
0.005105009 0.9907395 0.90541756 0.025625663 3.5727544e-18 0.05091314 0.10985531 0.00019433556 0.786722 0.074081406 0.80958104 0.048282992 0.0009998573 0.71774375 0.055630438 0.011608585 0.0065391953 0.00040565088 0.00020120916 0.0002894752 0.11059618 0.0020525192 0.011764189 0.10476172 0.014576412 0.00020775545 2.5851898e-05 0.019769462 0.000102272956 0.03616062 7.923591e-05 0.024614615 1.0584373e-05 0.00031846465 7.1537744e-07 2.4706324e-06 0.0055347374 8.4483245e-06 2.2956454e-05 1.1537094e-06 6.0538176e-05 6.088574e-07 3.7316322e-06 2.3913566e-07 2.0959095e-07 2.8169086e-07 0.0010582516 0.0002532439 3.9233826e-05 0.0005366573 0.001990296 0.0002822404 1.163245e-06 3.4055076e-06 0.0018801021 7.9070816e-07 0.009148771 1.9152876e-06 0.00020370251 0.00033432533 2.7923322e-06 0.00043292812 5.445176e-07 9.2752416e-05 2.5554442e-07 4.2403353e-05 1.091209e-05 7.799677e-05 1.5915095e-05 2.1515598e-08 4.0010405e-06 2.1641005e-08 7.686666e-07 9.805534e-07 2.8270774e-08 1.6812577e-05 1.6630265e-06 4.4918718e-08 0.00082246924 7.847341e-06 6.9509105e-07 6.5748543e-07 1.9695905e-08 5.3445824e-06 1.7216001e-07 3.4848193e-07 0.0005994214 0.0014052618 1.643614e-06 9.712821e-06 0.0017611305 1.7578316e-06 9.891254e-11 0.00016903838 1.4905218e-07 1.2016528e-07 2.059573e-06 2.2573855e-07 8.783582e-05 0.00015755284 0.0002127088
0.009212501 0.21244869 0.94430083 0.8945371 0.05091314 5.8703407e-15 0.97554916 0.42198005 0.00060292525 0.68934405 0.054764207 2.0072626e-05 0.34009403 0.33557865 0.29344407 3.889427e-06 1.8535619e-06 8.993436e-06 0.07277891 0.008258588 0.11357774 1.0927696e-06 0.09531009 0.003073626 0.32767394 2.6477137e-06 0.018657112 0.00012866767 0.003645139 0.01066959 0.0025433244 0.09159405 7.275972e-05 2.0919e-05 0.0032560963 5.8177116e-06 6.3811116e-05 0.0012388077 0.00028521082 0.00045659518 7.1374848e-06 0.000118312855 3.8015816e-05 9.965454e-06 4.511238e-06 9.180992e-06 0.008310675 0.006866682 0.0055027097 1.22209385e-05 1.2583693e-05 0.029667586 5.495579e-06 1.624199e-06 0.0016999699 8.495291e-06 8.3814164e-05 1.0414053e-06 0.0030594843 3.440246e-06 6.9403575e-07 0.0007945517 0.00013316628 2.9542366e-06 1.5697533e-05 2.7871749e-05 6.5418746e-05 0.00038588193 4.5390816e-06 8.2281005e-08 9.992687e-05 3.9382084e-07 9.6691615e-08 1.8011235e-05 1.8530748e-07 5.134191e-06 6.2503145e-06 3.5046749e-06 0.00069550815 2.3473409e-05 1.6461569e-06 2.2043152e-07 4.5164012e-07 2.574081e-06 3.2657675e-07 5.2099267e-08 4.692688e-05 0.00018787498 2.564613e-06 0.00012617587 0.00085279375 1.5663663e-05 8.20257e-09 0.00055426505 1.0864552e-07 2.0299379e-07 3.225657e-06 5.192609e-07 1.5462805e-05 3.7438036e-05 0.00023003978
0.048561472 0.040427253 0.83123773 0.49131596 0.10985531 0.97554916 5.4635806e-16 0.11846887 0.0012937554 0.97140044 0.06899059 2.7439692e-05 0.25739685 0.44491485 0.5898018 3.2829328e-05 1.2926817e-05 2.4794306e-05 0.054757502 0.0018397374 0.099881314 7.4865075e-06 0.15411536 0.0041628038 0.3100489 5.6871086e-06 0.01486555 0.00023432313 0.008879141 0.010308002 0.0038232894 0.07055267 0.0002581173 7.191603e-05 0.0054809535 2.5040703e-05 0.0001247674 0.0012504333 0.00011923328 0.00072534557 5.3754284e-05 6.216298e-05 2.995574e-05 4.7867677e-05 8.90056e-06 0.00012930621 0.006561563 0.007818507 0.005681831 0.00010785675 0.00024927707 0.032618314 5.7821894e-06 7.609321e-06 0.0016789 7.929548e-05 8.316264e-05 5.9388235e-06 0.0036638703 6.9093265e-05 5.1782054e-06 0.0006271338 3.7844533e-05 6.3019324e-06 4.3341617e-05 3.3199907e-05 0.0004013591 0.0002703001 1.1900058e-05 1.4108781e-06 6.7638925e-05 1.0935703e-06 3.5772712e-07 1.2708043e-05 3.485895e-06 1.2514066e-05 4.0801857e-05 2.062721e-05 0.00019542578 3.9572627e-05 2.1026326e-05 7.804066e-07 4.734875e-06 2.6963405e-06 1.4475063e-06 1.5464464e-06 6.78661e-05 0.0001871459 3.0305769e-06 7.6549324e-05 0.0004485355 3.7698444e-06 2.0727809e-08 0.00042700607 1.4182783e-07 1.9654588e-06 4.786085e-06 1.5330559e-06 8.454201e-06 3.290173e-05 6.9997106e-05
0.0003900772 0.0037754956 0.013585136 0.982111 0.00019433556 0.42198005 0.11846887 1.2544095e-16 4.5826968e-05 0.048148643 0.0037733824 1.505333e-05 0.918731 0.010337531 0.016117616 3.4783964e-06 4.14036e-06 4.433444e-06 0.8354486 0.60362613 0.002365816 3.0459742e-06 0.00483007 0.0003733636 0.01304856 1.146102e-06 0.112124346 1.9098023e-05 0.004437302 0.0007477153 0.0009913065 0.0026770919 0.0004489097 1.3214023e-05 0.001393793 2.3202814e-05 3.0720712e-05 0.0014779984 0.0004955422 0.007849269 2.5676733e-05 5.3546e-05 3.9666593e-05 6.813825e-06 1.941664e-06 0.00010421535 0.0002871521 0.00063958135 0.0005322317 3.7556867e-05 4.478033e-05 0.00076829287 0.00021079219 1.2267174e-06 5.18662e-05 5.001661e-07 0.000103854 9.146599e-07 0.00012827218 3.770393e-05 2.5227135e-07 5.271966e-05 9.1263755e-05 9.978844e-06 2.4716196e-06 9.3719194e-05 2.390978e-05 0.0001292998 1.956584e-05 6.151945e-08 3.923334e-05 1.0740475e-07 6.0686645e-08 1.883156e-05 6.891548e-08 5.957765e-06 2.2173867e-06 5.0926303e-07 0.00017516667 9.2239556e-05 1.7959137e-06 2.6234522e-07 3.0997594e-08 7.125474e-06 2.9695394e-07 1.2716276e-07 6.8768386e-05 8.533067e-05 1.0061168e-05 0.0008236514 0.00034125545 1.6736492e-05 1.2443602e-09 0.000120689525 7.2181797e-07 8.357435e-08 3.701959e-05 4.6390025e-07 3.792474e-05 0.00012449532 4.738514e-05
0.034655727 0.61627835 0.024368525 0.002425759 0.786722 0.00060292525 0.0012937554 4.5826968e-05 9.19628e-16 0.0006502802 0.95698583 0.9659785 0.00014166448 0.3219377 0.0014400705 0.36065787 0.2228368 0.071470946 0.0013404436 5.3335258e-05 0.061200738 0.0414082 0.0022051597 0.24799441 0.0042718756 0.008243649 6.265537e-05 0.11973969 5.407869e-05 0.03672925 9.37002e-06 0.014587683 3.5180162e-06 0.0035783467 7.721105e-06 1.154187e-06 0.025724057 9.644394e-05 5.3878666e-06 3.3645324e-06 0.00020333084 6.545955e-07 1.7106691e-05 1.7812207e-06 1.685658e-07 2.2207662e-06 0.0013998533 0.00014353273 4.4897886e-05 0.0015033524 0.0053787697 0.00024673052 7.431269e-05 9.913079e-05 0.0027644897 8.4498186e-07 0.03970777 5.0591956e-07 0.00018175114 0.0023420227 4.3096415e-07 0.00076734467 4.022752e-05 0.0065786964 7.8786445e-07 0.0002927104 3.2411397e-06 3.5854653e-05 5.4672022e-05 8.1264675e-09 3.367658e-05 2.5838733e-07 2.2485924e-06 8.398567e-06 1.0879213e-07 0.00019154686 8.779758e-08 1.9331907e-08 0.00085441535 4.433329e-06 3.4167472e-06 4.180176e-07 9.5756896e-08 2.9951056e-05 2.623351e-08 1.5885963e-07 0.00077355996 0.004408089 7.540729e-06 5.748226e-05 0.0044759735 2.6210255e-06 3.9347933e-10 0.00017170429 5.0063807e-07 2.3678131e-08 1.3211169e-06 8.149537e-08 0.00026817337 0.0002901958 0.00039536075
0.18194173 0.007012486 0.44168836 0.33938745 0.074081406 0.68934405 0.97140044 0.048148643 0.0006502802 6.4397374e-15 0.043769605 3.734142e-06 0.13269314 0.4930308 0.9869409 8.793597e-07 5.8849275e-07 2.686241e-06 0.035068125 0.0013860239 0.16179265 2.4420427e-07 0.48878536 0.004578517 0.60926765 4.5268064e-07 0.041877214 7.447622e-05 0.04197941 0.0128386365 0.017050544 0.19804336 0.0016912256 4.066463e-06 0.016335055 0.00013920853 3.3174427e-05 0.0013506819 0.00049202214 0.0011266308 2.0110324e-06 0.0003528792 1.616973e-05 2.5972911e-05 6.5097206e-06 1.232144e-05 0.02972433 0.03110342 0.051265437 9.789449e-06 0.00010084054 0.16022652 1.4201278e-06 1.5885305e-06 0.006146278 8.2794264e-05 0.00015839409 1.4777445e-06 0.014155847 7.252256e-06 1.0882248e-06 0.002770691 2.9357352e-05 2.5851639e-06 7.445172e-05 2.3117943e-06 0.00012652905 0.0017467823 3.8296872e-07 2.048725e-07 0.00095079566 5.7362485e-07 2.6685436e-08 4.3386385e-06 1.199899e-06 1.4102069e-06 1.222784e-05 4.37484e-06 0.0010471492 0.000618271 2.892885e-05 1.03750395e-07 3.8219054e-07 1.1268203e-06 1.4960645e-07 3.490487e-07 1.5785037e-05 0.0011211447 1.1461337e-06 0.00010216036 0.001360258 5.7429377e-05 1.7656903e-09 0.002386355 2.1736108e-08 7.2753295e-08 2.3444609e-06 1.3088514e-07 1.1239789e-05 5.1485717e-06 2.1396034e-05
0.5151283 0.41572222 0.45789838 0.11257709 0.80958104 0.054764207 0.06899059 0.0037733824 0.95698583 0.043769605 4.987932e-15 0.64203614 0.0016934222 0.87344176 0.04929268 0.7749677 0.5785435 0.13295437 0.0040351455 0.00013143384 0.7128031 0.5322295 0.058126237 0.9117807 0.12144277 0.040875237 0.0017566261 0.59965247 0.00040191202 0.4612916 0.00014927404 0.30151662 3.8621733e-05 0.0039739544 3.905687e-05 6.563399e-06 0.046019956 0.00019322397 5.2303712e-05 2.3077137e-05 0.00026245325 1.0837192e-05 6.847129e-05 4.47337e-06 5.741957e-07 1.5369125e-05 0.03000673 0.0009810628 0.0009480576 0.00046078413 0.01512389 0.018364152 1.2941138e-05 4.6213314e-05 0.05132309 3.7409964e-06 0.14665335 2.6689494e-07 0.0039635096 0.010282592 1.583857e-07 0.007909991 2.9372673e-05 0.0077567715 1.22118045e-05 0.00046192762 3.0289602e-05 0.0003485097 1.2267167e-05 7.838096e-08 0.0001942985 7.7608917e-07 3.4199259e-06 6.436302e-05 1.2511889e-06 0.00020274491 8.2679685e-07 1.0099135e-06 0.006183132 6.0970808e-05 2.176732e-05 2.1280275e-06 7.2975763e-07 8.732716e-05 4.0071352e-08 6.5106923e-07 0.0010916125 0.058564134 7.895376e-06 0.00013112085 0.06362858 1.7026225e-05 1.0325183e-09 0.002564881 3.721244e-08 2.0341608e-07 1.0977157e-05 3.4526886e-07 0.0010643684 0.0005052511 0.001828147
0.007787071 0.3244995 0.00030412752 0.0003099349 0.048282992 2.0072626e-05 2.7439692e-05 1.505333e-05 0.9659785 3.734142e-06 0.64203614 3.308955e-15 2.807752e-05 0.011151274 2.2479202e-05 0.679624 0.66801566 0.9544238 2.4088024e-05 0.00019761854 0.005243121 0.43894216 5.3891592e-05 0.09899817 0.00013873406 0.83453304 8.3444815e-05 0.119731925 1.3623504e-06 0.009672775 3.534211e-06 0.0013883193 2.206426e-06 0.025395665 5.2879914e-06 4.3233313e-06 0.103506215 2.1701842e-05 4.269393e-05 1.3015425e-05 0.0016884739 1.1074437e-06 3.5596055e-05 2.849268e-07 3.4782218e-07 9.829239e-07 0.0002561895 2.955327e-06 1.5224469e-05 0.01040442 0.06882979 5.38695e-05 4.858952e-06 0.0002982975 0.00037588793 3.9462688e-07 0.07331251 2.5841197e-07 5.362334e-06 0.035211768 8.372033e-08 9.916361e-05 0.00025863203 0.03199517 2.5662766e-06 4.685229e-05 9.842451e-06 7.283904e-06 6.576761e-05 4.9395488e-09 1.203249e-05 2.5671173e-07 2.9206376e-06 0.00012209202 2.0082956e-08 0.00033968184 4.974679e-07 4.33112e-07 0.0006058496 2.553107e-06 5.323269e-06 4.516796e-06 2.4660512e-08 8.4317246e-05 6.941732e-08 3.397633e-07 0.0034704872 0.0033466634 1.4466046e-05 0.00010000619 0.0025411763 8.777866e-06 1.7952712e-10 0.00012185855 1.09345294e-07 1.3669621e-09 7.449987e-07 1.5398076e-08 0.0007245232 0.00014838723 0.0014531164
0.10318469 0.0006111516 0.03155256 0.79073083 0.0009998573 0.34009403 0.25739685 0.918731 0.00014166448 0.13269314 0.0016934222 2.807752e-05 1.732465e-15 0.026744157 0.05897045 7.7943446e-07 9.003952e-07 1.1727458e-05 0.96464235 0.026882574 0.010729207 2.3976065e-07 0.04349316 0.0006821156 0.13726754 1.2636163e-05 0.943598 2.057923e-05 0.3893352 0.0030657 0.14506982 0.015784295 0.08548015 8.171302e-05 0.07963983 0.019103529 8.517059e-05 0.5213904 0.042600267 0.61867243 5.9574613e-05 0.012699414 0.12683366 0.012978737 0.0074036773 0.022292456 0.003951453 0.029228704 0.15608001 2.128822e-05 5.6293946e-05 0.044369586 0.0030281632 3.7282207e-06 0.00047783207 0.0010967015 7.421432e-05 5.1506177e-05 0.003372127 1.817937e-05 1.0445021e-05 0.00021609373 0.0005509809 9.149438e-06 0.0007359472 0.00069642765 0.00088023033 0.0011126603 5.4320712e-06 5.3691906e-06 0.0010831422 2.5652928e-06 2.8656376e-07 8.986097e-06 6.424922e-06 7.3653064e-07 0.000103521656 0.00045929904 0.00036145686 0.0016751367 1.3487636e-06 1.5944839e-07 2.3433383e-06 5.5156283e-07 3.7473126e-06 6.948408e-08 4.1478415e-06 0.00065948843 1.7467221e-06 0.004806887 0.0018634804 0.00012736185 4.2673793e-08 0.0014265865 9.076911e-08 4.7840746e-07 0.00041458133 6.67435e-07 2.1170088e-05 0.00012608446 3.847582e-05
0.46320063 0.15249577 0.63976276 0.32572302 0.71774375 0.33557865 0.44491485 0.010337531 0.3219377 0.4930308 0.87344176 0.011151274 0.026744157 3.3121736e-16 0.71165633 0.0723038 0.01142794 0.00032381155 0.004311807 0.00010174616 0.955739 0.00019654664 0.6213259 0.39389187 0.5275796 3.2446394e-05 0.005484951 0.108099274 0.0030769897 0.52716386 0.00081115443 0.59487224 7.272233e-05 9.62285e-05 0.0002767534 2.6890373e-06 0.0016997363 1.6675489e-05 1.8136547e-05 2.204162e-05 5.9627648e-05 4.7799793e-05 1.5684844e-05 7.929034e-07 8.5613345e-07 1.0771274e-06 0.0687917 0.012764209 0.012213169 2.6508807e-05 0.000547517 0.10264758 2.6258492e-06 1.6769428e-06 0.042059142 5.014934e-07 0.0066225175 1.9382155e-06 0.015221851 0.00010663324 1.3043675e-06 0.017463235 2.8393784e-05 0.00012268765 2.093719e-06 4.0119397e-05 3.3420224e-06 0.0011743245 5.397836e-07 4.8010108e-08 0.0007614603 2.0541502e-07 1.9677198e-07 1.9551162e-05 6.081268e-07 1.5224405e-06 7.91426e-08 1.9577915e-07 0.0030366774 0.00021657175 2.146766e-06 1.5510628e-07 2.0712565e-07 1.3673579e-06 4.795233e-09 2.639111e-07 4.9603153e-05 0.0076714233 3.4255777e-07 2.541352e-06 0.013215045 7.780183e-05 9.873715e-09 0.0036252341 1.6526239e-09 2.0428584e-07 1.697151e-07 3.9208555e-08 0.0002595866 2.6053465e-05 0.000113461356
0.30032706 0.0037461699 0.28645763 0.21085317 0.055630438 0.29344407 0.5898018 0.016117616 0.0014400705 0.9869409 0.04929268 2.2479202e-05 0.05897045 0.71165633 2.868866e-15 1.09674065e-05 3.5179687e-06 4.891344e-06 0.015827186 0.00029104666 0.45966834 3.688166e-07 0.91798687 0.007546186 0.83861107 3.8162196e-07 0.021803198 0.0004578687 0.024384761 0.07514556 0.016467562 0.45752335 0.00057121663 7.047196e-06 0.008663866 4.5700577e-05 4.9553604e-05 0.0004841357 0.00030569485 0.00036789099 2.874543e-06 0.00038380222 2.8016082e-05 2.6482125e-05 1.0213694e-05 6.219117e-06 0.10059291 0.09068201 0.104454465 7.6257465e-06 0.00010400188 0.30974805 2.5405595e-06 1.0591981e-06 0.018544495 3.5236455e-05 0.00056351745 4.0237205e-06 0.027973108 1.6479169e-05 1.0699026e-06 0.010944296 2.5985917e-05 3.699818e-06 3.1373263e-05 4.7609833e-06 5.3930824e-05 0.0031509758 7.1377394e-07 7.6132324e-08 0.002256909 2.4372733e-07 4.0761734e-08 3.1588295e-06 2.7202637e-07 6.664294e-07 2.5380361e-06 5.66179e-07 0.0017003387 0.0010050288 2.2483719e-06 2.9066263e-07 1.5912103e-07 7.117226e-07 2.3421878e-08 4.0840396e-07 2.5229037e-05 0.0017285427 6.747952e-07 5.1525432e-05 0.0025403295 0.00014648137 4.651673e-09 0.0026300421 2.9317722e-08 1.184608e-07 1.4315527e-06 1.2630319e-07 7.9802936e-05 1.0027182e-05 4.1407653e-05
0.30066606 0.0040503666 0.00072552444 6.5481356e-05 0.011608585 3.889427e-06 3.2829328e-05 3.4783964e-06 0.36065787 8.793597e-07 0.7749677 0.679624 7.7943446e-07 0.0723038 1.09674065e-05 1.2810501e-16 0.99001706 0.5014376 6.838192e-06 2.5849875e-05 0.023076884 0.7389191 6.9321424e-05 0.44373575 0.00012012181 0.13918872 1.2169579e-05 0.730302 2.6134328e-06 0.05209101 7.26634e-07 0.003423248 4.4441485e-08 0.06441824 6.6881604e-08 4.1116007e-08 0.49813867 5.953108e-06 1.084806e-05 3.7563487e-07 0.0027972981 2.359284e-06 2.791105e-06 3.6943686e-07 4.3996927e-08 1.9928837e-06 0.0019518449 0.00037121386 8.9021676e-05 0.099565305 0.32092738 0.00015190628 7.1727595e-07 0.0024896904 0.03037537 2.193869e-09 0.555616 2.6756684e-08 0.00041982482 0.2152149 1.8616686e-06 0.0103046205 1.1622103e-06 0.21307185 7.992479e-07 5.0711224e-05 1.5424422e-07 0.00040588446 0.0009311011 1.6923916e-10 0.00014307135 3.811373e-08 4.3784794e-06 7.582554e-06 9.1109605e-08 0.0034086795 5.1418887e-08 1.8290308e-08 0.003691182 5.7534304e-05 3.8751853e-07 1.6228434e-07 1.7925561e-08 0.00027718156 7.6410585e-09 7.687696e-08 0.018950839 0.05746593 7.0119175e-05 1.0243075e-05 0.038921718 0.0001637336 1.4370383e-09 0.0010731529 4.6635327e-09 1.5664893e-08 2.0851567e-06 1.2341449e-08 0.017662978 0.0009835139 0.01822866
0.20723428 0.004870804 7.822769e-05 1.0398278e-05 0.0065391953 1.8535619e-06 1.2926817e-05 4.14036e-06 0.2228368 5.8849275e-07 0.5785435 0.66801566 9.003952e-07 0.01142794 3.5179687e-06 0.99001706 3.1954726e-16 0.6020581 1.4271139e-05 1.9133224e-05 0.0064571006 0.90093434 2.479109e-05 0.2034849 7.86097e-05 0.3326695 2.0551859e-06 0.5801128 1.4845289e-06 0.022901554 3.9049405e-06 0.0010210329 5.04232e-08 0.14893982 4.1697885e-07 6.533628e-08 0.48572394 5.874002e-06 9.321481e-06 1.3243701e-06 0.009698656 1.318709e-06 2.8816655e-06 5.760869e-07 3.063173e-08 1.2305758e-06 0.0005014373 0.00025574473 5.0621395e-05 0.10948701 0.27251214 8.488799e-05 3.1256045e-07 0.0057073203 0.014150468 2.025379e-08 0.36203414 7.305477e-08 0.00014121302 0.229434 3.6346304e-07 0.0032045194 2.0864438e-06 0.20847392 2.913892e-07 5.3321117e-05 5.642703e-07 0.0003092688 0.0025775179 7.119489e-10 0.00010355868 3.4682238e-08 1.5598951e-05 1.3795495e-06 5.7464955e-08 0.0057288334 1.4512418e-07 2.6672714e-08 0.0027694188 3.6847243e-05 2.784198e-06 6.198485e-07 1.996254e-08 0.0007749004 3.0600877e-09 1.5154055e-07 0.021018814 0.032487307 0.00027292434 8.991668e-06 0.021223523 0.00024080114 1.3837957e-09 0.0012014232 2.6279533e-08 8.92772e-08 1.2301176e-05 4.9287003e-08 0.012222722 0.0013617538 0.016620588
0.015729139 0.0012818292 3.3311353e-05 1.9131508e-05 0.00040565088 8.993436e-06 2.4794306e-05 4.433444e-06 0.071470946 2.686241e-06 0.13295437 0.9544238 1.1727458e-05 0.00032381155 4.891344e-06 0.5014376 0.6020581 4.962569e-14 2.7955446e-05 0.00024390696 0.00029954241 0.8299561 2.0381396e-05 0.014610427 7.912189e-05 0.98239005 1.835182e-05 0.07480975 6.213414e-06 0.0015307594 8.936836e-06 0.00013742724 7.464428e-06 0.20115979 3.2620214e-06 7.3056235e-06 0.18213108 3.3450022e-05 7.085944e-05 6.277663e-06 0.010854426 9.301683e-07 7.4185016e-05 2.0348173e-06 6.446935e-07 1.641299e-06 9.007671e-05 6.77816e-06 1.7062814e-05 0.08089929 0.10109529 3.4240886e-05 1.7393897e-06 0.0031822785 0.00025747833 2.2324016e-07 0.049616538 2.034903e-06 7.897515e-06 0.060853694 6.1768276e-07 3.7513193e-05 0.0002121361 0.06665066 9.1063697e-07 6.1302504e-05 0.00010336302 1.1028227e-05 0.00094340055 7.671565e-09 7.86176e-06 1.4647688e-06 3.4849425e-05 7.055033e-05 3.4277048e-07 0.0019171108 1.7280145e-06 1.5744685e-07 0.0003574165 1.4027071e-05 8.378715e-05 3.0753014e-05 1.9786076e-07 0.00054023665 1.2139395e-07 5.5859246e-06 0.0059824525 0.0029873038 8.355216e-05 2.2563827e-05 0.0023628464 3.562707e-05 1.0998565e-09 0.00014224432 2.5600166e-06 2.6597894e-07 1.3414813e-06 1.5587514e-07 0.0010698028 0.00075987517 0.005435011
0.0027403357 0.00035683493 0.0070813266 0.16030402 0.00020120916 0.07277891 0.054757502 0.8354486 0.0013404436 0.035068125 0.0040351455 2.4088024e-05 0.96464235 0.004311807 0.015827186 6.838192e-06 1.4271139e-05 2.7955446e-05 4.8134675e-17 0.8559648 0.0014122056 4.7281196e-06 0.010327819 9.69015e-05 0.05379438 4.8282805e-06 0.4955311 1.9441073e-05 0.06552425 0.00027154028 0.023299612 0.0023932515 0.028524883 2.3808276e-05 0.030756038 0.0050246147 0.000112716116 0.7560657 0.3204083 0.5726943 4.2407883e-05 0.0059999707 0.20091495 0.0024418137 0.0025742701 0.03748397 0.00071956264 0.0032934006 0.02100119 5.392136e-05 4.04245e-05 0.0015597626 0.016877165 8.071086e-06 8.1296e-05 0.000115327275 0.00019294096 0.00017024511 0.0006809684 1.2151441e-05 2.2755723e-05 6.700799e-05 0.0026180767 1.9378265e-05 5.0740346e-05 0.002466502 9.1684764e-05 0.00061561016 0.00011890365 4.0859058e-07 0.00025763726 1.1566927e-06 1.1567948e-07 0.00046370877 3.2013472e-07 5.8077418e-05 6.0858424e-06 7.619836e-06 0.0005843025 0.000426923 9.563364e-07 2.5909603e-07 2.1687794e-07 5.019327e-05 1.4439617e-06 4.2344695e-08 0.00022612135 0.00076274155 2.5686775e-05 0.0017137816 0.001937714 0.00012224523 2.2627814e-08 0.0013917042 5.965938e-07 8.1304603e-07 9.034271e-05 7.7993263e-07 3.9466493e-05 5.1371957e-05 0.00012836285
4.912617e-07 0.0068964898 0.00093990494 0.46069622 0.0002894752 0.008258588 0.0018397374 0.60362613 5.3335258e-05 0.0013860239 0.00013143384 0.00019761854 0.026882574 0.00010174616 0.00029104666 2.5849875e-05 1.9133224e-05 0.00024390696 0.8559648 5.7929186e-14 6.917482e-05 2.8731194e-05 0.00025896818 1.1957586e-05 0.0002649765 8.071753e-05 0.00316128 3.3434187e-06 0.00032529226 9.184358e-05 0.00017849907 9.197796e-05 4.4947883e-05 1.3090788e-05 0.00018940015 9.720068e-06 2.0914391e-05 0.026650082 0.28863108 0.0071161445 1.9281853e-05 3.0489638e-05 0.070797026 1.8219429e-05 3.0042513e-05 0.0011891397 3.9443843e-05 8.162069e-06 9.295356e-06 2.7780357e-05 3.0063104e-06 2.18011e-05 0.0046354784 4.300458e-05 8.386209e-06 1.5956011e-06 1.3400256e-05 6.941394e-06 2.2634236e-05 2.3193365e-05 2.3303992e-06 1.6393333e-05 0.0007750612 1.8894272e-05 2.1654518e-05 0.0020189048 4.6943213e-05 2.7253716e-05 8.403438e-06 1.6919691e-06 1.148869e-05 6.0342718e-05 8.518756e-07 0.0024373133 3.9202594e-05 3.9345464e-06 1.8469633e-05 1.974376e-05 5.7110796e-05 1.7419536e-05 0.00022617396 4.460739e-06 1.6471346e-05 4.285757e-06 4.698767e-06 1.7926112e-06 1.2684627e-05 3.3008997e-05 2.442716e-05 0.0010121857 0.00068439235 6.610708e-06 4.876625e-06 0.000144462 2.2399678e-07 1.4437757e-06 4.6957906e-05 3.8446618e-07 1.3127543e-05 0.00018824298 5.0420535e-05
0.77658165 0.017993864 0.3163139 0.065924056 0.11059618 0.11357774 0.099881314 0.002365816 0.061200738 0.16179265 0.7128031 0.005243121 0.010729207 0.955739 0.45966834 0.023076884 0.0064571006 0.00029954241 0.0014122056 6.917482e-05 6.4376253e-15 0.00036829064 0.61157775 0.56251746 0.44701555 2.5385552e-05 0.0068282806 0.23164235 0.0020969417 0.90765446 0.0012005877 0.87117434 0.00015921205 0.00027358465 0.00064718194 1.4930386e-05 0.004801547 1.4692158e-05 5.6159035e-05 2.8965482e-05 6.859292e-05 7.195273e-05 1.2992755e-05 2.2334782e-06 1.2216976e-05 4.5894476e-06 0.31591654 0.060216133 0.03482971 0.00013632748 0.0041637192 0.2969617 9.5323285e-06 5.256441e-06 0.19804856 6.4073547e-06 0.025354205 1.2173107e-05 0.07248024 0.001135256 3.190623e-06 0.07743942 2.8712211e-05 0.00062938425 1.4753613e-05 7.364355e-06 1.36644085e-05 0.0083841905 8.9603045e-06 2.971423e-07 0.006003316 3.7354295e-07 2.8929883e-06 2.1826074e-06 8.366553e-07 2.7503143e-05 2.389854e-07 5.945604e-07 0.016963478 0.0019459828 3.2270111e-06 4.7559703e-07 7.8264173e-07 2.0300426e-05 2.7371132e-09 2.8592362e-07 0.0012464715 0.039809745 2.8344743e-06 1.5115374e-05 0.048833515 0.0006577912 1.8528194e-08 0.01774423 7.804005e-09 1.670401e-07 2.2382724e-07 5.5058138e-08 0.002183176 8.271344e-05 0.00020737539
0.7652324 0.00062835397 1.1790515e-05 4.0904893e-06 0.0020525192 1.0927696e-06 7.4865075e-06 3.0459742e-06 0.0414082 2.4420427e-07 0.5322295 0.43894216 2.3976065e-07 0.00019654664 3.688166e-07 0.7389191 0.90093434 0.8299561 4.7281196e-06 2.8731194e-05 0.00036829064 2.7649344e-16 1.9550182e-06 0.13761747 5.664007e-06 0.8423077 3.6742097e-06 0.6419757 3.5889133e-07 0.00456008 3.8476512e-07 0.000106615844 3.5324078e-08 0.79922575 8.6981345e-08 3.060965e-08 0.9361578 8.379238e-06 7.861858e-06 7.5312705e-08 0.087202504 1.0085582e-06 5.701553e-06 1.6039611e-07 7.620755e-09 2.8571972e-07 1.3788927e-05 1.676125e-05 7.629391e-06 0.5490227 0.5171038 6.5770523e-06 1.6666013e-07 0.04694131 0.002515375 2.0504136e-09 0.576843 2.2110472e-08 5.4709076e-06 0.5743594 6.370994e-07 0.00019142944 4.544448e-06 0.4827702 3.9853507e-08 2.9862527e-05 6.720911e-08 4.2747382e-05 0.015397059 1.3905451e-09 5.248777e-06 6.232089e-08 0.0009608994 7.690963e-07 1.9119251e-07 0.049280535 1.7170295e-08 8.74244e-09 0.0032143109 1.4060956e-05 0.00012121852 3.7867787e-05 2.58334e-08 0.014760575 1.5893675e-09 2.7169283e-06 0.07750269 0.11333524 0.0008388533 2.9036698e-07 0.0502364 6.994406e-05 1.4234286e-09 0.00096225843 1.7574986e-09 8.498988e-09 1.5351158e-06 4.4901924e-08 0.038046464 0.0062922495 0.08359035
0.64566076 0.0016206434 0.07971206 0.05858499 0.011764189 0.09531009 0.15411536 0.00483007 0.0022051597 0.48878536 0.058126237 5.3891592e-05 0.04349316 0.6213259 0.91798687 6.9321424e-05 2.479109e-05 2.0381396e-05 0.010327819 0.00025896818 0.61157775 1.9550182e-06 4.1986714e-16 0.017649557 0.95843637 7.3288356e-07 0.057714902 0.0023427107 0.09098329 0.30889925 0.045107577 0.7214372 0.0036413884 1.5164581e-05 0.04189586 0.000552529 0.0006414974 0.0017385988 0.0008519866 0.0007522474 2.1932783e-06 0.004836809 0.0001372067 0.0005825796 0.00013392814 4.7065143e-05 0.45970994 0.67368436 0.48176473 4.9206486e-05 0.0009431208 0.6812855 9.862361e-06 8.2743577e-07 0.081785664 0.00034261006 0.002899601 4.649881e-05 0.15294778 0.00022901122 1.2096704e-05 0.05247686 0.000115926814 2.6576037e-05 0.0001614222 6.4269257e-06 0.0001757302 0.03225566 3.4152617e-06 1.11921e-06 0.025064534 1.2999528e-06 3.467491e-07 1.2065586e-05 3.4545972e-06 5.798773e-06 1.34549855e-05 8.1925755e-06 0.01071972 0.0100190295 2.796054e-07 1.7840725e-07 6.74931e-07 2.9936305e-06 1.230256e-07 8.4030525e-08 0.0006217217 0.010594366 6.8500407e-07 0.00033709742 0.01323645 0.0027197518 3.004161e-08 0.013177754 2.0465146e-07 3.3222395e-07 2.1062913e-05 2.4657277e-07 0.0008795024 2.2088652e-05 0.00011224423
0.9313246 0.014476288 0.054401975 0.009803945 0.10476172 0.003073626 0.0041628038 0.0003733636 0.24799441 0.004578517 0.9117807 0.09899817 0.0006821156 0.39389187 0.007546186 0.44373575 0.2034849 0.014610427 9.69015e-05 1.1957586e-05 0.56251746 0.13761747 0.017649557 5.7370737e-13 0.02100264 0.0030901732 0.0004117373 0.9803318 0.0003764375 0.7797426 0.00036372943 0.14731558 1.7086084e-05 0.0030188428 0.00017266998 1.9539912e-06 0.3046308 4.2369097e-06 1.2001102e-05 3.4549266e-06 0.0012322111 2.2434913e-05 8.51062e-07 3.05157e-07 1.1437234e-07 2.0527675e-07 0.11097911 0.009800547 0.004545556 0.001567786 0.20090137 0.067108035 3.8615906e-07 8.820062e-05 0.2629035 6.390353e-06 0.32069954 2.0899435e-07 0.0326581 0.10051494 2.2966721e-07 0.08149796 1.6068968e-06 0.054237474 8.809247e-06 8.893857e-06 1.2405319e-05 0.00579466 8.7455504e-05 2.3135497e-08 0.0069313464 1.3609863e-07 8.43422e-06 1.8681743e-06 1.814004e-07 0.00019675726 1.8030688e-07 1.917383e-07 0.052457012 0.0018914979 8.80698e-06 3.2419994e-06 9.776069e-08 0.000164392 4.674174e-09 1.1357611e-06 0.013085503 0.27947748 9.3756826e-05 4.4085027e-05 0.3128525 0.00049431215 1.1177841e-09 0.026262483 2.3478044e-07 1.4565967e-07 1.4002204e-06 5.603836e-08 0.01731573 0.001405014 0.0047011096
0.9508745 0.0019188767 0.2998946 0.23484223 0.014576412 0.32767394 0.3100489 0.01304856 0.0042718756 0.60926765 0.12144277 0.00013873406 0.13726754 0.5275796 0.83861107 0.00012012181 7.86097e-05 7.912189e-05 0.05379438 0.0002649765 0.44701555 5.664007e-06 0.95843637 0.02100264 5.543e-15 4.2071865e-06 0.15395944 0.0039922516 0.039044213 0.24010111 0.011739775 0.64973867 0.00048612792 5.110813e-05 0.011798226 4.2353968e-05 0.00038290344 0.00013268316 0.00014825484 0.0004527305 1.7008113e-05 0.0005518336 4.918608e-05 7.095857e-05 0.0001191502 8.289413e-05 0.58132005 0.5764144 0.29370913 6.8755864e-05 0.0014485331 0.766066 1.5482046e-05 2.4287497e-06 0.13689312 4.6801873e-05 0.0039613424 0.000109466695 0.24414937 0.00033112336 1.2907823e-05 0.06367401 8.7182365e-05 8.152512e-05 2.9169873e-05 2.2217522e-05 2.2936758e-05 0.02870393 1.5613372e-05 1.9610027e-06 0.01689259 3.788626e-06 3.6975782e-06 1.1198638e-05 6.677568e-06 1.3645578e-05 1.6403475e-06 2.8464588e-06 0.01622952 0.005303704 1.0736043e-05 1.3700951e-06 4.2143665e-06 7.33929e-06 1.5025954e-08 2.6207718e-07 0.0008869458 0.019662607 1.0793907e-06 5.954218e-05 0.021999722 0.0008749681 7.504309e-07 0.04112456 9.836313e-08 6.9283817e-07 4.1715607e-06 1.5514163e-07 0.00067579735 3.538516e-05 8.403378e-05
0.010892452 0.00092668604 8.195804e-06 5.017884e-06 0.00020775545 2.6477137e-06 5.6871086e-06 1.146102e-06 0.008243649 4.5268064e-07 0.040875237 0.83453304 1.2636163e-05 3.2446394e-05 3.8162196e-07 0.13918872 0.3326695 0.98239005 4.8282805e-06 8.071753e-05 2.5385552e-05 0.8423077 7.3288356e-07 0.0030901732 4.2071865e-06 2.6398703e-15 3.3298613e-05 0.033588152 4.782026e-07 5.8433707e-05 2.4687267e-06 8.7787785e-06 8.029655e-07 0.95601463 9.717395e-07 1.0585114e-06 0.31112865 1.3808857e-06 8.400473e-06 3.8833133e-07 0.35999987 1.6199472e-07 4.2272995e-06 1.1423009e-07 4.9747428e-08 4.597727e-08 1.0629883e-05 1.0313757e-07 1.456167e-06 0.38742617 0.19383134 1.7024998e-06 1.290851e-07 0.19047076 6.703452e-05 1.2289824e-07 0.05259219 1.8503958e-07 9.859602e-07 0.1057467 3.3301074e-08 3.4846682e-06 1.5742584e-05 0.06961735 2.210298e-07 5.2001487e-06 3.1142863e-05 6.0927127e-06 0.009504847 6.019138e-09 1.1237779e-06 1.04937534e-07 0.0007929587 2.1121416e-06 1.3248122e-08 0.010426754 4.4895316e-07 2.982966e-08 0.00024640298 6.5600266e-06 0.00052586227 0.00022562052 2.5194472e-08 0.002421064 1.17624435e-08 2.770004e-05 0.015845394 0.0040235864 0.00038089207 4.0431496e-06 0.0013297972 1.8289351e-06 2.2617167e-11 0.00013670293 4.1804213e-08 8.030383e-09 2.6786773e-07 1.6977595e-09 0.0018064858 0.0014761481 0.013521117
0.82130265 5.819082e-06 0.0005439752 0.0073613366 2.5851898e-05 0.018657112 0.01486555 0.112124346 6.265537e-05 0.041877214 0.0017566261 8.3444815e-05 0.943598 0.005484951 0.021803198 1.2169579e-05 2.0551859e-06 1.835182e-05 0.4955311 0.00316128 0.0068282806 3.6742097e-06 0.057714902 0.0004117373 0.15395944 3.3298613e-05 1.1426247e-14 2.3297825e-05 0.8029884 0.0006001696 0.486259 0.006037058 0.87980324 2.1303007e-05 0.3870799 0.5098954 0.00013884563 0.20996845 0.04423164 0.87293255 2.3124128e-05 0.1247572 0.16283959 0.4075369 0.39919946 0.47234976 0.002602024 0.05629618 0.4110413 1.3184995e-05 0.00019771034 0.029188668 0.011600208 0.000105554376 0.00029138997 0.07611372 4.2903026e-05 0.0036290896 0.0030279742 4.7927926e-05 0.0018144895 0.0005861331 0.0051821135 7.739114e-06 0.050117075 0.0030843038 0.07603392 0.0036467975 1.3356226e-05 0.0006500831 0.0037557476 0.00047870437 1.4196871e-07 0.0006430132 0.00045879203 1.8410019e-05 0.0044834544 0.0059568053 0.0005232007 0.058011774 4.0469877e-06 7.630955e-08 0.00015003934 5.193101e-06 0.0002881938 1.7757735e-07 5.705309e-05 0.002013299 6.314362e-06 0.037345428 0.001797996 0.0024719203 1.3169317e-08 0.0007959149 3.3332725e-08 5.741235e-07 0.0014270252 2.6070936e-07 0.0002278994 0.00040527002 0.0005599202
0.83876806 0.002441554 0.002151778 0.00052943546 0.019769462 0.00012866767 0.00023432313 1.9098023e-05 0.11973969 7.447622e-05 0.59965247 0.119731925 2.057923e-05 0.108099274 0.0004578687 0.730302 0.5801128 0.07480975 1.9441073e-05 3.3434187e-06 0.23164235 0.6419757 0.0023427107 0.9803318 0.0039922516 0.033588152 2.3297825e-05 2.8696312e-16 2.819255e-05 0.6012918 1.6567461e-05 0.040579334 1.5416165e-06 0.07843403 4.1573066e-06 1.1967569e-07 0.80380017 1.8521606e-06 5.4307616e-06 8.585861e-06 0.064034075 2.3350153e-06 1.2495291e-06 9.4145086e-08 9.478816e-08 9.79173e-07 0.025182635 0.0011188303 0.00026797035 0.10503879 0.57314974 0.0064689904 1.1303534e-05 0.0020580124 0.13384496 4.5681054e-07 0.65364355 2.4485936e-07 0.006690764 0.18349586 8.612701e-08 0.034741655 6.0227007e-06 0.07605506 2.3575353e-07 3.075316e-05 2.77642e-07 0.002023277 0.00034184082 4.536729e-09 0.0015352514 1.09492426e-07 0.00016496444 4.6011883e-06 6.957761e-07 0.0007489867 5.1138835e-09 1.9153644e-08 0.04394005 0.0009207222 1.9948393e-05 2.0178246e-05 1.305878e-07 0.00032339923 4.095256e-09 2.8865477e-06 0.037724417 0.3202434 7.0724345e-05 4.3824944e-06 0.26296574 0.0003647632 9.619044e-10 0.011827919 4.2361332e-08 6.4534824e-08 6.358781e-07 3.4239036e-08 0.027725458 0.0023432984 0.016151708
0.46229 8.607151e-06 0.00030433264 0.003092964 0.000102272956 0.003645139 0.008879141 0.004437302 5.407869e-05 0.04197941 0.00040191202 1.3623504e-06 0.3893352 0.0030769897 0.024384761 2.6134328e-06 1.4845289e-06 6.213414e-06 0.06552425 0.00032529226 0.0020969417 3.5889133e-07 0.09098329 0.0003764375 0.039044213 4.782026e-07 0.8029884 2.819255e-05 9.895974e-18 0.0015382096 0.98855156 0.007065033 0.6174729 1.4019848e-05 0.8485672 0.2117977 1.8859295e-05 0.018429356 0.0038451445 0.07808372 4.4953094e-06 0.2901283 0.007534489 0.04881359 0.016103497 0.011207065 0.025929974 0.6054575 0.57347906 6.652864e-05 0.0005235549 0.05371218 0.00025974336 8.5129744e-07 0.014610196 0.04885188 0.00014555186 0.0029026305 0.02767448 0.00017981518 0.0017890316 0.016915377 0.00095144374 1.0318737e-05 0.007225044 8.5818945e-05 0.014846389 0.054386493 6.2069585e-06 0.00022222412 0.056203388 4.2484597e-05 4.0903952e-08 1.0233819e-05 0.00019523688 3.3918398e-06 0.002781092 0.00038766034 0.0076543563 0.12608606 3.3052515e-08 1.4693704e-08 4.0457555e-05 1.0462971e-06 5.890897e-05 3.536561e-08 0.00044818746 0.0030592263 4.410542e-07 0.03267219 0.0026080476 0.014394274 7.270998e-09 0.004650536 4.777689e-08 7.6371174e-07 0.000488196 2.546433e-07 0.0006892949 0.00024796237 0.00018078808
0.89693576 0.0038969512 0.049977474 0.009484162 0.03616062 0.01066959 0.010308002 0.0007477153 0.03672925 0.0128386365 0.4612916 0.009672775 0.0030657 0.52716386 0.07514556 0.05209101 0.022901554 0.0015307594 0.00027154028 9.184358e-05 0.90765446 0.00456008 0.30889925 0.7797426 0.24010111 5.8433707e-05 0.0006001696 0.6012918 0.0015382096 5.3753685e-16 0.0007314844 0.9496131 5.461699e-05 0.0010238764 0.00031757145 3.4782734e-06 0.091309816 7.711215e-06 6.658088e-05 3.5685316e-05 0.0005558982 9.384369e-05 3.6097783e-06 7.3945637e-07 7.4855683e-07 1.084033e-06 0.7602544 0.1386524 0.024019416 0.0012804406 0.07767889 0.28970462 1.6418884e-05 2.0237121e-05 0.64490384 2.708456e-06 0.32606673 2.329195e-06 0.1677309 0.01097334 5.8400605e-07 0.2599133 1.3650536e-05 0.00397559 3.7276589e-06 7.5681633e-06 8.173215e-06 0.029387362 1.2961147e-05 6.184606e-08 0.019223982 1.6024858e-07 1.7791657e-05 1.8433357e-06 3.3903015e-07 6.461153e-05 5.991739e-07 4.3497144e-07 0.116169505 0.004227945 1.2324332e-05 2.5145628e-06 1.5650149e-07 5.8300662e-05 2.3540336e-08 7.8615466e-07 0.0060640257 0.19114204 1.763343e-05 1.0603034e-05 0.2123939 0.0018594136 2.090704e-08 0.07352357 1.01843675e-07 4.270612e-08 8.549031e-07 1.2059418e-07 0.010240907 0.00045462212 0.00124667
