8.190883e-26 0.9782272 0.9513511 0.8898933 0.9804856 0.9520577 0.6644629 0.93844646 0.94462 0.7372036 0.9369915 0.8577133 0.8213388 0.8592502 0.8855734 0.90011895 0.90200603 0.35369095 0.4893537 0.48183483 0.9583957 0.9385378 0.34836072 0.14060324 0.9154824 0.51472926 0.073999256 0.068207026 0.92802256 0.9507203 0.1671366 0.9529546 0.92830914 0.96908504 0.79661536 0.35215452 0.9011913 0.05240888 0.017210554 0.08443251 0.62716264 0.9858413 0.8473051 0.010699069 0.9987491 0.014231385 0.08403261 0.9350637 0.70087576 0.6630483 0.1781029 0.9929038 0.7422718 0.8940024 0.004608905 0.85486555 0.0038064555 0.88735807 0.014231223 0.8160859 0.0017762353 0.000959998 0.9900583 0.0003816777 0.019069027 4.2637046e-05 0.8915599 0.7415652 0.0026325353 0.0020457471 0.8962108 0.9997465 0.01848811 0.013998487 0.0013719302 0.018424494 4.491084e-06 0.03605029 0.99973583 0.43154073 8.8117806e-05 0.84761095 0.7942393 0.99221927 0.0022423887 0.00017445696 0.006488391 0.62179875 0.9780387 0.18343893 0.07703832 0.99029326 0.00031298568 0.9801767 0.99939686 2.2077975e-05 0.9995024 6.967881e-07 1.0926216e-06 0.0030196058 1.9492638e-06
0.9782272 2.0221582e-17 0.6661416 0.17147894 0.8544521 0.05437139 0.9668884 0.7413898 0.009245507 0.22952664 0.12540829 0.4490002 0.009325061 0.059296086 0.10338551 0.0014735215 0.017064426 0.21716426 0.033461623 0.012824796 0.04537061 0.006360191 0.00085900177 0.4838021 0.0005712725 5.658865e-05 0.34602576 0.0013391563 0.0007065019 0.031763542 0.018385466 0.03651704 0.07840174 0.050462157 3.3427954e-05 0.00030818617 2.3287907e-06 0.33044994 0.023060033 0.6441854 6.6604065e-05 0.0030912876 3.0153022e-05 0.0023763669 0.23493245 9.073489e-05 6.903122e-05 7.666095e-05 1.8552146e-05 2.1217252e-06 0.0005562177 0.026850272 0.00089105306 0.0018263729 0.27849594 6.0187995e-07 0.052962374 5.0314547e-06 0.000833427 0.004476947 0.2129241 0.014423185 0.021970976 0.00024727138 2.9283952e-05 0.00045605362 9.0341164e-05 0.0019987316 0.25959498 0.0005534252 0.0014789897 0.058579534 3.948543e-05 3.9015325e-05 4.495738e-06 4.959665e-06 3.7662066e-05 3.2618382e-06 0.0013007831 5.624326e-06 5.3195157e-07 5.4674685e-05 1.0683742e-06 0.001919574 2.829945e-06 1.0902271e-05 5.0325775e-06 3.5491656e-05 0.008998836 1.8377383e-06 7.8108116e-07 0.0007194418 6.991237e-07 0.0032047287 0.0015105879 0.00013891915 0.0040928307 7.695248e-05 7.9567886e-05 8.5602903e-07 0.0019829639
0.9513511 0.6661416 3.948965e-18 0.9289233 0.19496125 0.558972 0.92765373 0.097104914 0.47023195 0.5222446 0.8602796 0.301646 0.28649104 0.42272705 0.03482584 0.042272992 0.004553956 0.007905141 0.00032475445 0.3640351 0.46538973 0.00025291854 0.0447621 0.14711136 0.010974715 0.0015630901 0.027241513 1.961722e-05 1.1842748e-05 0.18482275 0.09065243 0.15351887 0.04646312 0.007208821 0.00040249852 7.819588e-06 1.4253484e-05 0.027263649 0.00026144824 0.41429895 0.0013194059 0.023192873 3.6859616e-05 0.014368124 0.15718272 9.180817e-06 2.0894843e-06 0.000744102 6.146097e-05 3.7199225e-05 0.0055175577 0.05293174 0.00072448666 0.0003722297 0.20833236 1.173619e-06 0.001439962 3.7295258e-06 5.0910503e-06 0.004758167 0.062695555 0.048213385 0.002281296 3.758268e-06 0.00013728144 0.0021636272 0.0002532758 0.0013871513 0.1910935 0.00082677836 0.00011815769 0.049349673 7.453982e-05 1.3797872e-05 1.5224136e-05 4.949563e-06 1.1824634e-05 8.1123756e-07 0.009563772 5.598553e-06 7.6816093e-07 6.1053584e-06 1.360224e-06 0.002258806 3.3616285e-05 1.7712257e-05 4.75865e-06 4.103924e-07 0.0009982043 5.3850567e-08 4.697165e-07 6.264695e-05 1.9349809e-05 0.0011344205 0.0016679259 0.00044106733 0.0036423034 7.903365e-07 5.647497e-06 5.648962e-06 0.00059866277
0.8898933 0.17147894 0.9289233 1.0685781e-17 0.026726915 0.8949715 0.3211731 0.006229823 0.8956435 0.26498345 0.7607322 0.053486336 0.563383 0.19800662 0.00531462 0.30064693 0.0012779599 0.0009996418 0.00013558025 0.50990134 0.75076014 0.00013141429 0.13719113 0.022320295 0.23973781 0.044087954 0.0032646002 5.1167553e-06 9.050988e-06 0.15256993 0.08548495 0.14986652 0.016010722 0.0020316958 0.029194448 1.6577957e-05 0.0059331977 0.001495889 2.7171864e-05 0.05697973 0.015005901 0.035118613 0.00237793 0.013834872 0.051668454 5.1543448e-06 2.4921715e-06 0.005648898 0.002615778 0.0011481649 0.023672096 0.06863711 0.0002971592 4.605506e-05 0.029822484 0.00040573874 7.572065e-05 0.00018136694 1.8146596e-07 0.0012004451 0.006665684 0.022145053 0.00036912767 1.7859416e-07 0.0005296683 0.003280403 0.0015063524 0.00036272415 0.056604035 0.0044888193 7.6296565e-05 0.037477087 0.00090389216 3.9105526e-06 3.090133e-05 0.0004080011 7.1260484e-07 4.03019e-05 0.023800265 0.000114828814 1.8167746e-08 2.7065528e-06 3.4552213e-05 0.00570368 1.923057e-06 0.00010267942 2.3088913e-05 4.090598e-08 0.00040974075 7.647062e-06 2.5622597e-07 1.0551597e-05 5.8976417e-07 0.00048559668 0.013931817 0.0007386695 0.0021085804 2.7824103e-07 5.0862213e-06 5.001868e-08 0.000106718595
0.9804856 0.8544521 0.19496125 0.026726915 2.9131202e-16 0.0043803887 0.06880472 0.9005132 0.0036277538 0.12922752 0.049857207 0.6108545 0.0008718278 0.096251905 0.70959175 0.00052875705 0.88513285 0.4017201 0.34201857 0.0006743652 0.014718615 0.3632092 0.00020202884 0.083409026 0.00031983337 2.4823667e-05 0.17919415 0.046185255 0.07113006 0.02219397 0.0006651044 0.029807827 0.27410623 0.3982451 8.067546e-06 0.030485917 6.9649303e-07 0.23357701 0.060971938 0.1808686 1.8394489e-05 0.0024598343 1.42418385e-05 0.00015122388 0.28967395 0.0009230226 0.0082121715 0.00014200169 6.5093113e-06 1.3991445e-06 2.9232251e-05 0.03106634 0.054933332 0.03215309 0.015222534 5.9002525e-07 0.021327876 2.8978566e-06 0.0088811265 0.04764836 0.020151071 0.00090810296 0.23543634 0.0009291417 8.392658e-06 1.07026035e-05 0.00010667332 0.0048435023 0.013417195 8.404902e-05 0.008575993 0.12380171 6.265205e-06 0.0013908802 3.4472482e-06 1.413557e-06 0.00021697364 1.6775442e-06 0.0055568423 5.6970475e-06 9.115959e-06 0.0003730917 4.812625e-07 0.0014406386 0.00014156698 2.0276539e-06 1.860742e-06 0.00013511327 0.053561322 2.5947717e-08 3.547367e-06 0.013944233 3.0471412e-05 0.012270532 0.002724383 2.197236e-05 0.030709868 3.1590178e-05 2.9968427e-05 2.6737303e-06 0.00022543602
0.9520577 0.05437139 0.558972 0.8949715 0.0043803887 5.650663e-16 0.33987242 0.0012509229 0.8980832 0.04147618 0.41936424 0.011136342 0.87861794 0.038833074 0.0006523605 0.63098145 0.00015939283 0.001046977 7.595267e-05 0.9077639 0.5406401 1.0766854e-05 0.46755084 0.046534244 0.04436122 0.078695156 0.0062457453 1.8863719e-05 1.6201241e-06 0.08485186 0.46290588 0.053439397 0.0023958161 0.00017022157 0.005558637 6.1249298e-06 0.004838786 0.009727103 0.00020681151 0.1966168 0.10179774 0.030404177 0.0006760023 0.08164819 0.029128695 2.7812088e-05 1.0154909e-06 0.0027329095 0.0005425412 0.0019073142 0.18071562 0.022666305 9.918899e-06 4.657322e-06 0.15274821 0.0001850762 0.0010542445 0.0004163582 7.763554e-06 4.5885175e-05 0.017850038 0.11348198 2.8036397e-05 4.0826394e-06 0.0013084067 0.017406236 0.00062810234 1.796074e-05 0.19760223 0.020743303 1.6877693e-06 0.014710681 0.0036935376 5.0636295e-06 7.999923e-05 7.6894816e-05 1.6806364e-06 3.1139356e-05 0.008908874 7.534292e-05 1.1144618e-06 1.2398009e-07 6.4933556e-05 0.0071648057 2.1325884e-06 0.001010046 0.00017133394 2.4716549e-08 3.5141315e-05 7.774972e-06 2.067006e-07 1.1296415e-06 1.0835956e-06 2.5307163e-05 0.0112662 0.0038597062 0.0013110404 2.7620358e-06 3.0999133e-06 5.282676e-07 0.0006297307
0.6644629 0.9668884 0.92765373 0.3211731 0.06880472 0.33987242 2.2074597e-17 0.39214775 0.033931695 0.05951776 0.09068161 0.0730546 0.066722944 0.014387651 0.002781328 0.011468456 0.00093736895 0.06296547 0.0041289474 0.19551143 0.034796257 0.00066396873 0.019073052 0.9416816 0.0028710528 0.0012474835 0.43805283 0.00017111171 0.00017892294 0.013032343 0.31885052 0.008623277 0.0055120112 0.0011371392 0.0012242526 0.00014551134 0.00024039246 0.15739359 0.015361537 0.7088066 0.0014300054 0.0016845543 0.00010462882 0.028859613 0.051645488 3.6763882e-05 3.2296328e-05 0.0002002818 0.00015064639 0.00013404927 0.008814501 0.0036424648 0.00011118821 6.904353e-05 0.4742861 0.00010277669 0.028996574 4.2685173e-05 7.7586206e-05 0.00029134605 0.19995876 0.06671457 0.0003840045 0.00015116751 0.00059272896 0.004195463 0.00017566819 7.362062e-05 0.2829247 0.0037948422 7.0444716e-05 0.0034345966 0.0002653553 1.4716713e-05 3.0816987e-05 4.096437e-05 7.1901036e-06 1.3929584e-05 0.00050754676 4.5509598e-05 9.445284e-08 1.722975e-05 3.254272e-06 0.0016734673 1.3370111e-06 4.4434008e-05 8.791312e-06 1.07588585e-05 0.00035516336 1.9052708e-05 6.6592975e-06 0.00014707938 5.4030386e-07 0.00017697559 0.0025878625 0.002337598 0.0005071125 2.7527129e-05 9.6451295e-05 4.8507704e-06 0.006523111
0.93844646 0.7413898 0.097104914 0.006229823 0.9005132 0.0012509229 0.39214775 5.6543225e-18 0.00019333954 0.029027576 0.009696978 0.1448284 0.0001088932 0.008297903 0.16869627 4.800981e-05 0.38755056 0.9469533 0.85086703 0.00014815478 0.0014180979 0.20122775 2.7575525e-05 0.32241872 5.9953574e-05 6.978088e-07 0.60032904 0.32900652 0.08210717 0.0043464783 0.00039505676 0.004144078 0.048403494 0.250099 2.7545861e-06 0.04149164 1.7224902e-07 0.50957364 0.33175442 0.39269134 7.891736e-07 0.00010849059 8.3930536e-07 0.00017193976 0.048795715 0.0065619918 0.010900499 3.0243348e-06 5.7422585e-07 3.7857347e-07 3.5833132e-06 0.0018115655 0.025967019 0.026757494 0.012944984 8.4965606e-08 0.05354285 2.7797567e-08 0.13085277 0.029623412 0.031957474 0.0005777897 0.11766457 0.003817627 3.6891845e-06 2.3904477e-06 2.609045e-06 0.0047568628 0.023751635 1.5020448e-05 0.0076197498 0.0026735736 4.74135e-06 0.00014234854 1.7414627e-06 9.50345e-07 0.000110433895 7.6028243e-07 0.00012774943 9.564687e-07 0.00016610185 0.00031243844 4.161646e-08 0.00032440005 4.645469e-06 4.0430973e-07 6.315141e-07 0.00018405971 0.012123141 3.606301e-07 1.3599353e-07 0.00362613 1.4327451e-06 0.0061280294 0.0008083057 2.151633e-05 0.0025213405 4.0260828e-05 1.5405167e-05 2.303302e-06 0.00012608747
0.94462 0.009245507 0.47023195 0.8956435 0.0036277538 0.8980832 0.033931695 0.00019333954 2.590401e-15 0.043223314 0.29479155 0.0050502154 0.8010947 0.051769987 0.00026247202 0.8607461 2.065747e-05 9.6999225e-05 5.363495e-06 0.50404483 0.77925706 1.3724411e-06 0.475788 0.005789038 0.5451194 0.6008408 0.00084094156 1.2911423e-06 9.5470384e-08 0.136776 0.11485567 0.09743003 0.00095996965 0.00015751466 0.38802356 1.8115817e-07 0.28627706 0.0004056565 5.2822606e-06 0.01989997 0.24953659 0.15849768 0.019851768 0.01866647 0.028599469 1.5004719e-06 8.1789366e-08 0.06208448 0.03401849 0.029059552 0.17371823 0.045416147 2.739021e-06 2.1472809e-07 0.008068648 0.0076159025 1.63506e-05 0.0011085941 1.6767046e-06 9.0220106e-05 0.0007545394 0.009547096 1.760804e-05 4.5637576e-06 0.010536836 0.0014735896 0.002995274 4.2552897e-06 0.0029012025 0.011117258 8.1187915e-07 0.052240837 0.022918694 2.958899e-07 0.00086055434 0.0019715219 3.5629475e-07 0.00022134148 0.049285963 0.00038692605 1.2756321e-07 4.0563634e-07 0.00016151427 0.03412716 7.147416e-08 0.0012568241 0.0009777683 1.2316107e-07 8.8847715e-05 0.00034803906 1.3668323e-06 9.778913e-06 2.2235922e-07 0.00021853589 0.050428655 0.0005917714 0.0020982816 2.8471223e-07 1.1829886e-06 1.1164558e-07 7.234776e-05
0.7372036 0.22952664 0.5222446 0.26498345 0.12922752 0.04147618 0.05951776 0.029027576 0.043223314 1.5461067e-18 0.874496 0.9041767 0.0062143207 0.9806228 0.1603649 0.0015160178 0.03141546 0.0017798421 0.00058885774 0.005004498 0.3220896 0.0009630608 0.0010390964 0.008177887 0.027057182 0.0006091848 0.0029721204 1.1414754e-05 0.0001275998 0.23746444 0.0013823629 0.3944149 0.46932638 0.032410093 0.00088322634 9.87526e-05 8.819986e-05 0.000567194 3.814619e-05 0.013300052 0.00012060368 0.015251312 0.00022069838 0.00019732025 0.28303936 2.924272e-06 1.5006558e-05 0.0014579268 8.259663e-05 1.7232282e-05 0.0001335296 0.3496816 0.0012450009 0.001320671 0.002720465 1.3407875e-05 2.2929233e-05 1.6050644e-05 7.7001806e-07 0.010732354 0.0014896026 0.0003503968 0.003341811 1.7190858e-06 0.00018078652 2.773107e-05 0.00060392375 0.0016615342 0.0035036742 0.00018649151 0.0005817984 0.13383664 5.08457e-05 6.0972732e-05 1.133726e-05 3.6091556e-06 1.8973766e-06 6.7361443e-06 0.045415316 4.9026407e-06 1.0721856e-06 5.1943767e-05 9.332431e-06 0.0028137632 5.052159e-06 3.391367e-06 6.063689e-06 6.4638834e-07 0.0034570326 2.3249595e-07 1.3531526e-07 0.0012864154 1.7789297e-07 0.004173616 0.00887956 0.00015320505 0.022047536 2.8236607e-06 1.0012352e-05 1.7565955e-07 0.0007976193
0.9369915 0.12540829 0.8602796 0.7607322 0.049857207 0.41936424 0.09068161 0.009696978 0.29479155 0.874496 5.046359e-16 0.17376593 0.051803447 0.8813146 0.023567729 0.033444256 0.0027233183 0.00020120092 2.4685964e-05 0.033889316 0.9211773 2.1126261e-05 0.013775422 0.010404857 0.2913086 0.0049575632 0.0011166598 3.0131819e-06 2.9749433e-06 0.6972643 0.009476228 0.5521338 0.0952285 0.005437494 0.015495962 5.8326773e-06 0.0016713087 0.00018013599 6.8593204e-06 0.018723875 0.0010803763 0.088740826 0.0023931067 0.0009715606 0.19386627 8.092239e-07 6.4769034e-07 0.010421948 0.0015436404 0.00015922298 0.0019910706 0.28510746 2.5030797e-05 1.14613e-05 0.00857486 9.569121e-05 1.0473569e-05 0.0001959855 1.4274076e-07 0.0009550538 0.0016620279 0.002094745 0.00069641543 5.2499007e-07 0.00023573072 0.0001966042 0.0016910796 9.057995e-05 0.01283792 0.000927238 5.2724513e-06 0.13704196 0.00020568311 6.492658e-06 4.4943852e-05 0.0002023993 6.255095e-07 6.84081e-05 0.06338077 0.00016054037 7.659299e-07 1.4806986e-06 0.000111948655 0.01025498 8.5681595e-06 3.318041e-05 6.177708e-06 1.9144329e-08 0.00065513863 2.3881444e-06 3.085907e-07 4.606268e-06 2.944399e-07 0.0008773854 0.025366208 0.00024315123 0.016470334 9.263157e-07 2.0589134e-06 5.111714e-07 0.0005216339
0.8577133 0.4490002 0.301646 0.053486336 0.6108545 0.011136342 0.0730546 0.1448284 0.0050502154 0.9041767 0.17376593 3.9470655e-19 0.0024464896 0.52691776 0.9693974 0.0007919429 0.34435326 0.012061911 0.0040904447 0.0017201701 0.043091215 0.0076829772 0.00031746973 0.020083832 0.0025421944 0.00014561866 0.014853152 0.0001949312 0.0008119749 0.09306255 0.00075553416 0.16521086 0.80368567 0.22657461 0.00015933358 0.0005498358 2.8332868e-05 0.0036334374 0.00050857686 0.033675715 4.601326e-05 0.0026328166 8.010977e-05 0.0001980778 0.42881495 1.9388137e-05 0.00025495328 0.00017115056 2.5191077e-05 1.0310611e-05 9.545788e-05 0.1556231 0.009987409 0.0040415423 0.0037448963 1.9970474e-05 0.000107733096 2.3219382e-06 5.4448356e-06 0.051979985 0.0039946875 0.00030127884 0.015606681 6.801376e-07 4.9643993e-05 7.321665e-06 0.0002088321 0.0038540217 0.005085759 0.00017861537 0.0017528967 0.14948645 2.2279459e-05 0.00042660127 7.642047e-06 2.3527793e-06 2.1461806e-06 1.6006826e-06 0.013980237 1.7519757e-06 9.5924715e-06 0.00014586256 1.3938533e-06 0.0011176304 3.4049477e-05 9.4674834e-07 2.6607904e-06 5.003937e-05 0.010719132 6.912967e-08 5.4457314e-07 0.005535648 2.83594e-06 0.01261863 0.0042627696 0.00011937471 0.04915295 2.1149242e-05 0.000109857094 1.2834792e-06 0.0020906297
0.8213388 0.009325061 0.28649104 0.563383 0.0008718278 0.87861794 0.066722944 0.0001088932 0.8010947 0.0062143207 0.051803447 0.0024464896 1.0087036e-17 0.004032045 7.7252116e-05 0.921164 2.4317522e-05 7.329466e-05 2.344284e-06 0.94572264 0.2402802 7.955824e-07 0.9229294 0.0127378395 0.019031575 0.44269678 0.00094543875 9.250119e-07 1.5281476e-07 0.017880142 0.3823334 0.009414947 0.00049517443 2.0839154e-05 0.0063889218 1.9564719e-07 0.012120992 0.0027049428 1.711384e-05 0.09779157 0.18713169 0.017156867 0.00072301755 0.08486709 0.0025727535 1.992285e-06 1.3419334e-07 0.0027812684 0.0007363839 0.010354743 0.37287596 0.007315316 8.323916e-06 1.8508839e-06 0.039703846 0.0010241463 0.0006717028 0.00060683 4.1439393e-06 2.1448232e-05 0.009024739 0.049930878 2.9953437e-06 5.151509e-06 0.0038985943 0.008549077 0.0013877382 9.853412e-06 0.07462829 0.04215191 6.240645e-07 0.0033505692 0.033524726 1.8060438e-06 0.0003831096 8.506295e-05 3.084311e-06 5.4766737e-05 0.003862584 0.00017951106 6.9156836e-06 6.0547524e-07 2.539483e-05 0.008845372 1.12226735e-05 0.004846492 0.00020830223 2.3760787e-08 3.0038445e-05 2.081786e-05 5.341013e-07 3.3343406e-06 2.785162e-06 2.2357275e-05 0.006414001 0.0065221493 0.0007900958 1.7995312e-06 4.151697e-06 5.2413066e-07 0.00053786876
0.8592502 0.059296086 0.42272705 0.19800662 0.096251905 0.038833074 0.014387651 0.008297903 0.051769987 0.9806228 0.8813146 0.52691776 0.004032045 1.3866659e-19 0.104215205 0.0014791398 0.009922307 0.00057931436 0.00017474202 0.004384376 0.541608 0.00020865155 0.0010631015 0.0027401855 0.03482098 0.00061388535 0.00061665487 2.1845242e-05 3.244788e-05 0.5335401 0.00087037287 0.61553156 0.49265438 0.012277063 0.0015258703 3.9267405e-05 0.00023368801 0.00024954038 1.7481445e-05 0.00426908 0.00028342666 0.014840755 0.00033777754 0.00010486507 0.28098166 1.5596348e-05 1.6202563e-05 0.0010000286 0.00019847507 4.0784587e-05 0.0002190895 0.48899472 0.0010222743 0.0002750956 0.0014014181 6.7484674e-05 2.5891892e-05 1.6914957e-05 2.2975792e-07 0.0050409045 0.00053888414 0.00020355666 0.0011981141 5.206145e-07 0.00030021393 4.1975498e-05 0.00037830175 0.0009956914 0.00063188013 0.00051108375 0.0005481991 0.24917047 9.1645146e-05 3.617817e-05 3.4845867e-05 6.0086142e-05 2.4551068e-06 2.1683634e-05 0.0488552 1.621332e-05 3.8394096e-06 1.8961115e-05 4.8798074e-06 0.0016219848 1.823756e-05 1.1814771e-05 6.309965e-05 6.4008833e-07 0.001979728 1.0613103e-06 6.9214474e-07 0.0005476959 1.2258718e-06 0.004191488 0.010332903 0.00020625471 0.028517893 5.4684665e-06 4.391879e-06 1.4190027e-06 0.00044991326
0.8855734 0.10338551 0.03482584 0.00531462 0.70959175 0.0006523605 0.002781328 0.16869627 0.00026247202 0.1603649 0.023567729 0.9693974 7.7252116e-05 0.104215205 9.334141e-19 9.0210044e-05 0.895562 0.0149156 0.009442241 1.0173127e-05 0.0046861595 0.07055837 1.1762943e-05 0.0050506466 0.00015255973 8.883506e-06 0.008858076 0.0020492647 0.005580286 0.015501919 3.9178336e-05 0.038904943 0.857937 0.7926914 4.5447778e-06 0.0021498632 1.4378919e-06 0.0026156246 0.001077906 0.009436691 6.12788e-06 0.0004145817 3.9764445e-06 3.568045e-05 0.32403722 0.00016809875 0.00075226283 1.5241569e-05 5.355166e-07 6.5161834e-07 1.2464471e-05 0.040484466 0.13503212 0.075674534 0.00063374283 7.3857825e-07 9.090769e-05 1.3049355e-07 5.0239963e-05 0.49733987 0.0006145511 7.799605e-06 0.13466443 2.6312664e-06 2.4499928e-05 7.757791e-07 1.2415652e-05 0.026932336 0.00013000025 7.933239e-05 0.012180116 0.10699673 5.825901e-06 0.0015842672 5.993645e-06 4.2276318e-07 7.696822e-06 6.014249e-07 0.0018726063 1.2623033e-07 2.7386071e-05 0.0009877747 1.9185497e-07 0.0005793862 0.00016698937 5.8617775e-07 1.8860705e-06 0.0005107675 0.0571866 4.9851128e-09 3.1046945e-06 0.017967876 2.0738458e-05 0.029663691 0.0016164604 2.1835465e-06 0.07045507 3.9809995e-05 2.5445568e-05 7.103952e-06 0.00015690133
0.90011895 0.0014735215 0.042272992 0.30064693 0.00052875705 0.63098145 0.011468456 4.800981e-05 0.8607461 0.0015160178 0.033444256 0.0007919429 0.921164 0.0014791398 9.0210044e-05 3.8641775e-16 2.2297994e-05 5.1819574e-05 1.9965094e-06 0.73806155 0.29631278 5.7954804e-07 0.90155405 0.0037428862 0.06639637 0.89217734 0.0011884038 8.98036e-07 9.504088e-08 0.016326271 0.28707027 0.00948969 0.00019344984 3.140556e-05 0.06003171 1.10143844e-07 0.1349183 0.0025228402 9.735896e-06 0.059095755 0.68268657 0.052510425 0.0044940407 0.06637697 0.0024009303 2.1629123e-06 9.518946e-08 0.021753559 0.011692577 0.1330741 0.5525109 0.0068589784 3.1531501e-06 5.9000837e-07 0.010142748 0.009171222 0.000498547 0.0020761148 1.1423749e-05 3.3031138e-05 0.011992432 0.014955112 5.0961753e-06 2.4628984e-05 0.0402622 0.004626915 0.002372782 2.8861814e-06 0.009301117 0.051471535 5.569034e-07 0.003953189 0.19828266 1.4898561e-06 0.0026674015 0.0006420938 6.1518112e-06 0.00010187006 0.00392328 0.00042189527 5.6945e-06 4.3623308e-07 0.00012837767 0.024480976 1.0615443e-06 0.010642539 0.002263834 2.5298052e-08 1.1698102e-05 8.414702e-05 2.1335243e-06 3.0066744e-06 1.7434834e-06 4.7028443e-05 0.017913073 0.0030001944 0.00045382505 7.8964933e-07 9.690617e-06 2.4409158e-07 0.00031991725
0.90200603 0.017064426 0.004553956 0.0012779599 0.88513285 0.00015939283 0.00093736895 0.38755056 2.065747e-05 0.03141546 0.0027233183 0.34435326 2.4317522e-05 0.009922307 0.895562 2.2297994e-05 2.2443615e-17 0.09911202 0.27639198 2.573831e-06 0.00034852582 0.7580229 6.6675775e-06 0.0019410332 1.26879895e-05 8.491681e-07 0.018458886 0.12628737 0.40690616 0.0027008895 5.774387e-06 0.0065113045 0.32818657 0.91183645 7.733688e-07 0.13215071 2.238168e-07 0.005219551 0.013735281 0.0030210847 9.3240635e-07 8.90064e-05 1.3093603e-06 6.0257776e-07 0.09555551 0.004947029 0.028387282 5.7991933e-06 1.8851811e-07 2.2300566e-07 5.29147e-07 0.009905322 0.7575169 0.6677066 0.00023109569 5.604958e-08 0.0005294716 7.633721e-08 0.010250332 0.4129222 0.0005625075 3.150313e-06 0.27968335 0.00011701233 2.783938e-06 1.2822966e-07 1.3085158e-05 0.21212223 0.00015522192 6.1505325e-06 0.115884244 0.048477408 3.5816063e-07 0.023072544 3.2667643e-07 7.587139e-08 0.000100018005 1.0693767e-07 0.0017224386 1.9452494e-07 0.00011979451 0.015252701 1.0598614e-07 0.00064395316 0.0014927305 2.5255662e-07 7.7161326e-07 0.004188533 0.09941215 7.197921e-09 4.8695823e-05 0.08688241 0.00017163994 0.053767793 0.0014532757 1.5498835e-06 0.043831665 2.0333597e-05 2.49945e-06 8.550083e-05 3.2696724e-05
0.35369095 0.21716426 0.007905141 0.0009996418 0.4017201 0.001046977 0.06296547 0.9469533 9.6999225e-05 0.0017798421 0.00020120092 0.012061911 7.329466e-05 0.00057931436 0.0149156 5.1819574e-05 0.09911202 4.063593e-18 0.9591526 1.2829438e-05 0.00012368256 0.14390299 4.597223e-06 0.32439438 1.1083898e-05 3.9802973e-07 0.89012265 0.39564025 0.041425545 6.2910854e-05 3.419706e-05 3.811728e-05 0.0016090209 0.05212235 9.694245e-07 0.04081931 6.624983e-08 0.67069733 0.8766064 0.20295976 2.6926207e-07 4.0030577e-07 7.801e-07 3.5338962e-05 0.0015072284 0.01286313 0.005492593 9.3502294e-08 3.1769824e-07 3.9890983e-07 6.05201e-07 1.6934922e-05 0.008971549 0.0055323658 0.0049033915 5.6646925e-08 0.18543357 1.1774653e-08 0.6005611 0.002959132 0.017892176 4.353333e-05 0.014929336 0.10401148 7.4005385e-07 1.0229325e-06 2.1761838e-07 0.0008022813 0.0061229826 9.240411e-07 0.0022613378 0.00024088497 1.1182204e-07 0.00010866703 2.5416837e-08 5.988177e-08 0.007978518 7.924517e-08 1.1832769e-05 1.10475014e-07 0.002013443 0.00037772636 6.26179e-09 2.2155402e-05 3.7475559e-06 4.2214936e-08 1.1812935e-07 9.763496e-05 0.0017883211 3.05427e-08 4.6247457e-08 0.001481879 7.0046315e-07 0.0014045383 0.00034860856 2.4955486e-06 0.00037955336 0.00011799318 8.561405e-06 8.992984e-07 5.9500802e-05
0.4893537 0.033461623 0.00032475445 0.00013558025 0.34201857 7.595267e-05 0.0041289474 0.85086703 5.363495e-06 0.00058885774 2.4685964e-05 0.0040904447 2.344284e-06 0.00017474202 0.009442241 1.9965094e-06 0.27639198 0.9591526 7.1857857e-19 6.790999e-07 3.3277283e-05 0.75757974 6.274015e-07 0.016154833 4.729333e-06 3.3675357e-07 0.33934146 0.96248007 0.32021803 6.773414e-05 5.1059774e-06 4.741872e-05 0.0025039334 0.11751185 1.353441e-06 0.3875123 2.6592758e-08 0.48101056 0.57835287 0.08160699 3.2551088e-07 8.9613593e-07 6.2166055e-07 3.4147975e-05 0.0012008642 0.26577684 0.15388608 5.394779e-07 6.789843e-08 1.7242012e-07 2.1577893e-07 3.1700183e-05 0.065166056 0.034664173 0.0010906728 9.828099e-08 0.048762966 2.9305014e-09 0.672516 0.013181602 0.008434817 9.448357e-06 0.09279659 0.025218371 2.1839505e-06 6.248214e-07 7.878036e-07 0.0020972076 0.002098366 2.3830958e-06 0.0047082324 0.00014638767 4.9361444e-07 0.0020516692 1.1007072e-06 4.3774753e-07 0.0042225113 1.0784178e-07 1.7816055e-05 1.499078e-07 0.010386174 0.0019591767 2.5734694e-08 3.6173584e-05 0.00020961666 4.2621107e-07 7.330206e-07 0.0010242665 0.003270524 5.866075e-08 7.4147138e-06 0.0035335475 0.00010392821 0.0023989724 0.00020592018 8.253974e-06 0.0006097936 6.970773e-05 1.695218e-05 2.5048204e-05 3.628733e-05
0.48183483 0.012824796 0.3640351 0.50990134 0.0006743652 0.9077639 0.19551143 0.00014815478 0.50404483 0.005004498 0.033889316 0.0017201701 0.94572264 0.004384376 1.0173127e-05 0.73806155 2.573831e-06 1.2829438e-05 6.790999e-07 6.5622037e-19 0.17428266 3.036732e-07 0.83562124 0.007448493 0.007459938 0.09658083 0.00038496283 8.8022425e-08 8.6375266e-08 0.005856738 0.968185 0.0025071532 0.00023643632 6.81846e-06 0.0012375719 5.7904284e-08 0.0004640098 0.00095493125 2.6609475e-06 0.0732975 0.06903399 0.005214039 0.00022281682 0.30720603 0.001854278 1.4335193e-07 1.842877e-08 0.000339338 0.00018120166 0.0010837452 0.6184107 0.0014226945 1.9280483e-06 2.0404283e-07 0.06432503 0.00026159137 8.561589e-05 0.00053328264 7.621693e-07 4.6841117e-07 0.016301783 0.091490574 1.046863e-06 1.1422426e-06 0.00072695775 0.017539492 0.00030855584 1.23881e-06 0.13856241 0.04536203 1.3916797e-07 0.00044934938 0.012296802 4.00781e-07 3.5428347e-05 9.578503e-06 1.6880969e-07 3.7106486e-06 0.0006408128 1.1768541e-05 5.471309e-08 2.9415926e-07 8.31961e-07 0.0044251117 2.530206e-06 0.0027633812 2.0656227e-05 2.661464e-07 7.081251e-06 4.1874898e-07 9.5756526e-08 2.838248e-06 1.8488947e-07 1.4246104e-05 0.0017340955 0.0077342936 0.00010181197 8.896748e-08 2.3247212e-06 1.560139e-07 0.0018070138
0.9583957 0.04537061 0.46538973 0.75076014 0.014718615 0.5406401 0.034796257 0.0014180979 0.77925706 0.3220896 0.9211773 0.043091215 0.2402802 0.541608 0.0046861595 0.29631278 0.00034852582 0.00012368256 3.3277283e-05 0.17428266 3.4725865e-15 7.6969845e-06 0.11483753 0.005692961 0.90072924 0.10524871 0.0007488768 8.95143e-06 5.9695293e-07 0.7592566 0.039807066 0.47610417 0.014720924 0.0015664791 0.364761 2.5763159e-06 0.06898131 0.00029536875 4.0637246e-05 0.0056993626 0.07038536 0.4493612 0.07897223 0.0033172467 0.10490751 1.5991256e-05 3.6643848e-07 0.18692839 0.052115344 0.011879427 0.03644306 0.2966403 3.7604227e-06 5.2732025e-07 0.0045670406 0.0061675697 8.062743e-05 0.0049504647 3.9126417e-06 0.00052318326 0.00024234004 0.0013960263 0.0004141891 1.6840337e-05 0.0022031092 7.7135206e-05 0.0114400005 9.900122e-06 0.0011071677 0.001322399 4.3379846e-06 0.20029388 0.0015176785 6.4934846e-07 0.00028388816 0.0033734874 3.924638e-06 0.00051091146 0.13810816 0.0008911185 5.337996e-06 8.4237104e-07 0.0014554929 0.029398687 3.2665448e-06 0.0001285172 0.00039943273 2.6230056e-08 0.000687502 0.00028993413 5.101981e-06 8.871966e-06 5.1751323e-07 0.00043361817 0.0578702 0.00050521136 0.032776713 3.0842991e-06 1.9959268e-06 1.7070781e-06 0.00030800403
0.9385378 0.006360191 0.00025291854 0.00013141429 0.3632092 1.0766854e-05 0.00066396873 0.20122775 1.3724411e-06 0.0009630608 2.1126261e-05 0.0076829772 7.955824e-07 0.00020865155 0.07055837 5.7954804e-07 0.7580229 0.14390299 0.75757974 3.036732e-07 7.6969845e-06 3.1955912e-18 2.5883028e-07 0.0012818462 1.0286313e-05 4.8874078e-08 0.025639797 0.8266414 0.9710894 8.42053e-05 8.060268e-07 0.00029991657 0.02153218 0.3188632 1.1984025e-07 0.8590359 4.760797e-08 0.03148573 0.12444405 0.0026194965 1.6979133e-07 4.303787e-06 4.714641e-07 9.0651946e-07 0.0055124 0.42018622 0.5260001 3.6534001e-07 7.618593e-08 6.202136e-08 8.965859e-08 0.000387303 0.34713036 0.19867037 3.5991823e-05 4.367942e-09 0.0020491562 2.4376543e-09 0.39012903 0.18428475 0.0001907908 4.264939e-06 0.32528928 0.001966478 9.468719e-07 3.3941967e-07 1.2977175e-07 0.032779824 3.3492415e-05 5.816313e-06 0.07136167 0.0007406435 1.6337374e-06 0.0702388 4.3112573e-07 1.379716e-07 0.0005173581 2.4108465e-08 7.0466755e-05 1.6891741e-07 0.004180773 0.0023210275 1.1682555e-08 2.2181312e-06 0.004334888 1.5136253e-06 1.8093967e-06 0.0010767048 0.030908704 4.4720473e-08 0.00012539556 0.03844008 0.0013327643 0.013285157 0.00012160756 5.4925827e-06 0.0017626017 5.3480753e-06 6.1397634e-07 0.00020335488 1.1382588e-05
0.34836072 0.00085900177 0.0447621 0.13719113 0.00020202884 0.46755084 0.019073052 2.7575525e-05 0.475788 0.0010390964 0.013775422 0.00031746973 0.9229294 0.0010631015 1.1762943e-05 0.90155405 6.6675775e-06 4.597223e-06 6.274015e-07 0.83562124 0.11483753 2.5883028e-07 2.6969607e-17 0.0025532204 0.023119537 0.9121687 0.00025849004 2.0200945e-07 5.7790636e-08 0.0033837305 0.4681383 0.0029524935 1.925745e-05 2.5922222e-06 0.02492173 2.3901286e-08 0.051304393 0.00023221753 7.172503e-06 0.012568626 0.8683562 0.02162398 0.0046095597 0.20251518 0.001015615 1.115273e-06 1.448998e-08 0.0088731125 0.010737466 0.124293126 0.84098256 0.0028256502 2.8352747e-06 1.5798517e-07 0.019209046 0.018512059 5.2414412e-05 0.009091853 7.973941e-07 3.196743e-07 0.00258748 0.018944614 1.6786707e-06 3.5889427e-06 0.22193307 0.009881092 0.0031121029 6.297835e-08 0.019551173 0.19857337 1.0956136e-07 0.0016267498 0.34992826 1.3864258e-07 0.024170967 0.0006469539 5.803456e-07 0.00030396483 0.0021586192 0.0006856506 1.10865734e-07 5.2511997e-08 0.00016949877 0.015272789 3.1624361e-07 0.031843785 0.0044568568 3.625242e-09 4.4958365e-06 0.000117683136 1.6990829e-07 9.797625e-07 6.611174e-08 2.699648e-07 0.009166894 0.0066887704 0.00028167944 5.3236107e-07 1.0048753e-06 1.6346685e-07 0.00022821367
0.14060324 0.4838021 0.14711136 0.022320295 0.083409026 0.046534244 0.9416816 0.32241872 0.005789038 0.008177887 0.010404857 0.020083832 0.0127378395 0.0027401855 0.0050506466 0.0037428862 0.0019410332 0.32439438 0.016154833 0.007448493 0.005692961 0.0012818462 0.0025532204 7.959537e-16 0.00059113454 0.0001347572 0.9657975 0.00056278676 0.00035918754 0.000904532 0.023154426 0.00057517627 0.0007374106 0.0024762428 0.0003148664 0.00032441955 8.444873e-05 0.87641287 0.39140388 0.918977 0.00013801051 0.000101678364 5.415987e-05 0.007272757 0.002200831 3.1231586e-05 0.00011443316 1.8578048e-05 6.5363805e-05 0.00011196061 0.0004920773 0.00028915322 0.0005574988 0.0003318685 0.34767652 5.8120302e-05 0.4837446 1.8143812e-05 0.0009565326 0.00023624003 0.2598086 0.006802694 0.00067904143 0.03991478 3.2676122e-05 0.00026499623 3.1262785e-05 0.00018228423 0.14370997 0.00012395474 0.0005789996 0.0003176054 7.3963593e-06 9.76623e-06 6.592349e-06 7.027472e-06 6.030595e-05 8.375085e-06 9.5320516e-05 2.2963854e-05 1.6822118e-05 8.0820515e-05 1.275993e-06 0.0012680909 3.0076583e-06 3.456789e-06 8.744429e-06 1.1426953e-05 0.00027595085 3.432849e-06 2.8980749e-06 0.00029905917 5.841843e-07 0.00046731567 0.0009061781 0.00028215558 0.0007828691 0.00013691548 0.00010523333 4.5578686e-06 0.0020880422
0.9154824 0.0005712725 0.010974715 0.23973781 0.00031983337 0.04436122 0.0028710528 5.9953574e-05 0.5451194 0.027057182 0.2913086 0.0025421944 0.019031575 0.03482098 0.00015255973 0.06639637 1.26879895e-05 1.1083898e-05 4.729333e-06 0.007459938 0.90072924 1.0286313e-05 0.023119537 0.00059113454 4.826193e-16 0.10475049 7.0532947e-06 1.253843e-06 1.4703575e-06 0.32111996 0.0025899564 0.2591409 0.0040788227 0.0003473285 0.8873296 6.2070003e-06 0.37306637 1.2200374e-05 9.873825e-06 0.00014850375 0.027637584 0.7087709 0.56556344 0.00062556105 0.027412033 5.966425e-06 8.417197e-07 0.55420095 0.56269366 0.013570148 0.0062852926 0.37073612 1.1660444e-05 1.7389833e-06 0.00041382527 0.035569347 3.4534227e-05 0.07882837 1.531463e-06 0.0005191752 6.55836e-05 0.0001158679 0.00014875433 1.172454e-05 0.0037830283 5.6207253e-05 0.06899507 4.830249e-05 0.00018683595 0.0012710051 1.08375425e-05 0.15520413 0.0030660345 1.2152773e-07 0.00064781884 0.0056898184 2.6896016e-06 0.00069942983 0.21687388 0.001624289 5.898227e-07 8.0998205e-07 0.0023955922 0.03512336 2.6607752e-06 0.00021232312 0.0014520283 1.7423131e-08 0.00041544274 0.00088091975 3.2119508e-06 7.191334e-07 3.234481e-07 0.00015381436 0.054225888 3.1525207e-05 0.023433823 1.5358904e-06 5.3011654e-06 1.5364581e-07 5.7652556e-05
0.51472926 5.658865e-05 0.0015630901 0.044087954 2.4823667e-05 0.078695156 0.0012474835 6.978088e-07 0.6008408 0.0006091848 0.0049575632 0.00014561866 0.44269678 0.00061388535 8.883506e-06 0.89217734 8.491681e-07 3.9802973e-07 3.3675357e-07 0.09658083 0.10524871 4.8874078e-08 0.9121687 0.0001347572 0.10475049 5.4903415e-17 1.4960147e-05 2.1181194e-07 2.897721e-08 0.0058527905 0.020739105 0.0050717806 9.130096e-06 2.635405e-06 0.35060817 3.685854e-08 0.80902517 3.6747876e-06 1.5381771e-06 0.00030610064 0.77320874 0.06830068 0.052060675 0.0063810637 0.001198261 8.1671874e-07 4.099432e-08 0.07432793 0.20614925 0.89886254 0.21304004 0.0058023636 1.0382498e-06 1.6733027e-07 0.00017193433 0.32733318 1.7273652e-06 0.09950685 5.502457e-07 1.6029022e-06 1.055955e-05 0.0013713246 3.1431077e-06 1.704724e-06 0.24028105 0.00025993914 0.028454142 2.759041e-07 6.95942e-05 0.011759568 1.8705283e-07 0.0038393312 0.09624973 4.350799e-08 0.046917353 0.026704837 1.9129118e-07 0.00610461 0.008022756 0.0049981046 5.40635e-08 1.0201164e-07 0.0014732223 0.06320193 1.5085924e-07 0.0036422862 0.024646534 6.318707e-09 6.8359686e-06 0.0038238561 1.5709243e-07 9.1734603e-07 5.3771124e-08 8.876608e-07 0.037594933 0.00050797727 0.0006617597 2.4445896e-07 3.1112407e-07 5.5809664e-08 4.9043283e-06
0.073999256 0.34602576 0.027241513 0.0032646002 0.17919415 0.0062457453 0.43805283 0.60032904 0.00084094156 0.0029721204 0.0011166598 0.014853152 0.00094543875 0.00061665487 0.008858076 0.0011884038 0.018458886 0.89012265 0.33934146 0.00038496283 0.0007488768 0.025639797 0.00025849004 0.9657975 7.0532947e-06 1.4960147e-05 9.087849e-18 0.04004368 0.004881174 0.00020788924 0.0011133184 0.00010270037 0.000453228 0.01983208 1.8048091e-06 0.005360867 7.964114e-07 0.94419557 0.90459204 0.6119152 4.2688556e-05 2.3733182e-06 2.4401747e-06 0.0013524754 0.0008916999 0.00030140785 0.0005401699 3.841268e-07 3.892479e-07 1.9070676e-06 0.00020452827 6.138224e-05 0.0023138493 0.00093919487 0.036217995 1.643393e-06 0.5154142 2.1430114e-07 0.14970173 0.00061005075 0.05727604 0.00066578214 0.0027028078 0.27792954 5.969891e-06 3.951434e-06 1.4691772e-06 0.00020708152 0.01920678 5.3985805e-06 0.0005292467 0.00038493748 1.0166129e-06 9.3151226e-05 2.436678e-07 2.585885e-07 0.0028119339 4.7049662e-07 9.692774e-05 1.132345e-07 0.00023599525 8.466792e-05 1.8057852e-08 0.000492112 1.6153406e-05 2.9758303e-07 7.211375e-07 1.5725747e-05 0.0013483877 1.3329758e-07 3.1252532e-07 0.00054877315 3.34229e-06 0.0017435519 0.0008593706 1.077542e-05 0.0012564779 0.00010592476 5.9121656e-05 2.1270575e-06 0.0003356447
0.068207026 0.0013391563 1.961722e-05 5.1167553e-06 0.046185255 1.8863719e-05 0.00017111171 0.32900652 1.2911423e-06 1.1414754e-05 3.0131819e-06 0.0001949312 9.250119e-07 2.1845242e-05 0.0020492647 8.98036e-07 0.12628737 0.39564025 0.96248007 8.8022425e-08 8.95143e-06 0.8266414 2.0200945e-07 0.00056278676 1.253843e-06 2.1181194e-07 0.04004368 3.5724677e-18 0.5192772 5.518909e-06 4.87064e-07 4.570644e-06 0.00050431455 0.041674137 1.503845e-07 0.7326759 8.53631e-08 0.018861381 0.28692055 0.000529119 5.1387633e-07 9.284493e-08 2.2554747e-07 8.230777e-06 8.818431e-05 0.9651086 0.44156367 8.14817e-08 1.5625027e-08 3.2296234e-07 6.248363e-07 5.6885942e-06 0.23838972 0.0781267 7.4714717e-06 1.5596422e-07 0.00023326628 1.2571548e-08 0.8867675 0.007746293 2.3898996e-05 5.6614175e-07 0.031028714 0.008072418 5.162772e-06 2.4219642e-07 2.2334535e-07 0.0033199259 6.47331e-05 6.8084405e-06 0.005303714 8.83707e-05 3.7437087e-06 0.0882011 6.728706e-07 4.779769e-07 0.008363217 1.4089817e-07 4.7968874e-06 2.1003117e-07 0.023399366 0.0056102937 2.2744253e-08 7.440534e-06 0.003709745 2.34199e-07 1.5583004e-06 0.003085854 0.0019544105 2.0086517e-08 9.061638e-06 0.003770719 0.0038926036 0.0016419685 0.00010220772 1.992423e-05 0.00019038166 4.9131622e-06 4.4707622e-07 9.582482e-05 6.925677e-06
0.92802256 0.0007065019 1.1842748e-05 9.050988e-06 0.07113006 1.6201241e-06 0.00017892294 0.08210717 9.5470384e-08 0.0001275998 2.9749433e-06 0.0008119749 1.5281476e-07 3.244788e-05 0.005580286 9.504088e-08 0.40690616 0.041425545 0.32021803 8.6375266e-08 5.9695293e-07 0.9710894 5.7790636e-08 0.00035918754 1.4703575e-06 2.897721e-08 0.004881174 0.5192772 5.6879283e-15 4.5708992e-05 2.5150362e-07 5.7307047e-05 0.0047104126 0.2313553 4.441572e-08 0.8941937 2.7254077e-07 0.0067800703 0.023626944 0.00073564437 2.3575802e-07 3.1243917e-07 2.9851062e-08 8.583981e-07 0.0006351078 0.40959454 0.70681876 1.4678187e-08 9.3207735e-09 4.4083467e-07 8.896137e-08 6.6665576e-05 0.8219661 0.43495962 0.0001481296 4.500387e-08 0.00026933747 6.7226213e-10 0.15810896 0.13395804 0.00011612509 1.3969507e-05 0.47145417 0.00024786114 5.0990747e-07 8.885535e-07 1.7046068e-08 0.06448963 0.00013265458 3.1760358e-06 0.21501556 0.00025267096 5.952628e-07 0.32735544 8.3069483e-07 2.8006877e-08 6.959089e-05 5.145074e-09 1.5586073e-05 2.0417238e-08 0.001148052 0.019535406 8.021687e-09 6.3601937e-07 0.016954267 1.1875869e-06 1.5476178e-06 0.007685542 0.05365666 4.423267e-09 0.007494762 0.14180236 0.0073593496 0.0239874 9.744204e-05 3.0280173e-06 0.0012522024 4.3558393e-06 1.2258776e-06 0.0020208657 3.5005028e-06
0.9507203 0.031763542 0.18482275 0.15256993 0.02219397 0.08485186 0.013032343 0.0043464783 0.136776 0.23746444 0.6972643 0.09306255 0.017880142 0.5335401 0.015501919 0.016326271 0.0027008895 6.2910854e-05 6.773414e-05 0.005856738 0.7592566 8.42053e-05 0.0033837305 0.000904532 0.32111996 0.0058527905 0.00020788924 5.518909e-06 4.5708992e-05 2.8479945e-16 0.0003505768 0.9773949 0.06058207 0.0050910823 0.039114494 1.921181e-05 0.01355899 3.56375e-05 3.742556e-06 0.0008326389 0.001169995 0.30088952 0.014412804 1.1593261e-05 0.21872103 5.2880064e-06 1.6297272e-06 0.026431836 0.005615679 0.00023337331 0.00024710022 0.78063905 5.0201168e-05 4.7558035e-05 0.0001752967 0.0011786952 2.5933668e-06 0.0014656968 1.2558996e-07 0.0036519745 0.0001430558 3.474022e-05 0.0012383624 7.5242673e-07 9.771349e-05 3.9895303e-06 0.0014914036 0.00067196257 0.0014201442 5.643505e-05 7.137053e-05 0.5440605 8.225257e-05 5.3407302e-06 2.1585694e-05 0.0013019225 1.1699191e-06 0.00027112835 0.500553 0.0006105513 8.9866313e-07 1.8657165e-05 0.0012981999 0.00790938 5.7938973e-06 1.8556872e-05 1.1366858e-05 8.4968526e-08 0.0022103952 0.00022588513 6.5838265e-07 1.0701154e-05 9.1073593e-07 0.0024610073 0.0389931 9.05234e-05 0.27912703 3.28049e-06 8.646634e-06 4.6957857e-07 0.00013488591
0.1671366 0.018385466 0.09065243 0.08548495 0.0006651044 0.46290588 0.31885052 0.00039505676 0.11485567 0.0013823629 0.009476228 0.00075553416 0.3823334 0.00087037287 3.9178336e-05 0.28707027 5.774387e-06 3.419706e-05 5.1059774e-06 0.968185 0.039807066 8.060268e-07 0.4681383 0.023154426 0.0025899564 0.020739105 0.0011133184 4.87064e-07 2.5150362e-07 0.0003505768 4.951069e-19 0.0002752368 2.1159854e-05 1.3132558e-06 0.0006352235 1.470006e-07 0.0006199898 0.0027322085 6.449225e-06 0.18748407 0.08387367 0.00069240195 7.166039e-05 0.9793179 0.00032431592 4.4914242e-07 1.0208211e-07 9.042624e-05 0.00015433422 0.0012277344 0.67531896 0.0003246699 9.908074e-06 1.4745505e-06 0.37875253 0.00027428922 0.00048089225 0.000107292 3.5316788e-07 8.3954717e-07 0.06003146 0.47904786 1.7209575e-06 7.651491e-06 0.0011857158 0.19888479 6.2921536e-05 7.603506e-07 0.48084694 0.17993338 2.2562933e-06 0.0001655665 0.026310205 6.25598e-08 9.9767174e-05 1.7874292e-05 3.7253063e-08 1.0116182e-05 0.0001421155 1.206859e-05 1.2785168e-08 7.289397e-07 8.663352e-07 0.0012398578 2.5305857e-07 0.013126781 0.00013348236 2.0264815e-07 5.0060253e-06 5.838621e-06 1.133406e-07 5.243998e-06 2.2979899e-08 6.060128e-06 0.00058281433 0.075254396 1.9134593e-05 2.4767695e-07 4.8118422e-06 3.3991057e-08 0.011785637
