9.587641e-23 0.9763259 0.9993272 0.9485661 0.9995575 0.9536968 0.9999829 0.9934897 0.970876 0.97733426 0.9938658 0.9706644 0.9998914 0.97941756 0.99993825 0.9989785 0.9308479 0.98920214 0.9424561 0.95959955 0.928746 0.9407334 0.98070997 0.68787366 0.71956253 0.97694856 0.9348279 0.9878477 0.99940103 0.9091035 0.74107754 0.95005524 0.89338124 0.90506375 0.9181496 0.8976673 0.79862666 0.95559865 0.87960726 0.92716324 0.7895143 0.98142976 0.96507347 0.9754692 0.55922663 0.34382585 0.93406725 0.80476624 0.7722662 0.96267617 0.73488235 0.6777328 0.77744335 0.26198876 0.7021701 0.6725804 0.7505749 0.33847868 0.121164836 0.55194265 0.5819947 0.089412756 0.49879494 0.52753985 0.14751048 0.057360936 0.05012751 0.922478 0.06757774 0.69754684 0.1439953 0.839139 0.5351551 0.92246014 0.14408904 0.5051065 0.0511903 0.17081337 0.03963882 0.86060077 0.014188407 0.007792922 0.6612471 0.056724146 0.10672807 0.45720315 0.00013505852 0.002958593 0.0028370952 0.0024601382 0.031007046 0.22762287 0.09328034 0.016405035 0.0388044 0.025720183 0.0011451358 0.014559226 0.0006377405 0.0045760963 0.00030960314
0.9763259 2.242788e-16 0.97558033 0.07073376 0.17737739 0.78111285 0.15712999 0.54274297 0.27903742 0.91331077 0.03157632 0.9068537 0.039075237 0.0040154275 0.0010867051 0.018751305 0.20082529 0.0007194182 0.61084694 0.0067307437 0.003089513 0.067092545 0.012409437 0.32345042 0.16208789 0.0034210125 0.033733726 0.001340753 0.0005877048 0.3861261 0.26550755 4.5253e-05 0.021635164 0.041397054 0.002336467 0.0012655169 0.0118715055 0.0002762895 0.00047822914 0.007344657 0.0043292213 0.00037893053 0.0028521596 0.10159129 0.00031923884 9.855794e-05 0.00028325236 4.73462e-05 0.0010398721 0.00055917265 0.02159762 9.01051e-06 0.0006443512 4.9233426e-05 2.1927146e-05 0.0105385855 6.676502e-05 0.00016448059 0.0037064115 1.3385293e-06 0.026031448 2.854012e-06 0.00015514897 0.00033267052 9.590418e-05 0.00073014444 7.2773287e-06 1.0049434e-06 0.00014268492 0.00066870486 6.2106587e-06 0.001392757 4.830908e-05 2.4335317e-05 0.0027196198 8.211518e-05 1.7911825e-08 3.2688964e-05 2.3337152e-06 1.6033096e-05 5.200726e-05 0.00058667443 1.0335341e-05 0.0011434035 0.00064936926 2.7165981e-05 8.634186e-05 0.0002547418 8.938348e-05 1.6712464e-06 4.921263e-05 1.2298138e-05 6.374929e-06 2.947834e-06 3.9292368e-06 5.78625e-06 0.00014360776 0.00079270574 4.6790672e-07 0.00023759906 2.5670708e-05
0.9993272 0.97558033 2.9957573e-14 0.128436 0.43689153 0.71235245 0.43932715 0.21985053 0.17519799 0.70757675 0.039193917 0.7600781 0.0918876 0.025170175 0.0030864342 0.025873985 0.10529058 0.0031528664 0.31469873 0.009530029 0.016498104 0.19804043 0.028398065 0.10403388 0.095213294 0.0046314513 0.014623286 0.0053551155 0.0006850666 0.36502525 0.1763666 0.0005348429 0.018413393 0.19985324 0.01075754 0.0015566591 0.085074805 0.0021097453 0.0046111667 0.045611836 0.009029501 0.0010184704 0.005634132 0.45744437 0.0020790729 0.00056582765 0.00024048124 0.00010132736 0.010145158 0.004567653 0.15523735 1.7086948e-05 0.001514575 7.594745e-05 0.00012974931 0.011890438 0.0009849293 0.0014277973 0.0062397295 2.8092843e-05 0.065455616 7.6014076e-06 0.00012274299 0.008774059 0.0013896612 0.0045917616 1.2806126e-05 3.0345205e-05 6.5011685e-05 0.00058744376 9.76805e-05 0.0028488282 8.7539614e-05 0.00017472003 0.0024983266 0.00022605623 8.670572e-08 0.00027282935 1.24363305e-05 7.726059e-05 0.00042756883 0.00090392533 2.2226816e-06 0.00052183785 0.0031245155 6.0697035e-05 2.0258343e-05 0.00012532489 6.9695896e-05 0.00018079807 0.00013926496 1.4767753e-06 1.47192795e-05 1.5207346e-05 1.20590175e-05 1.6418588e-05 6.148712e-05 0.00019996478 3.7837187e-06 0.000118096075 2.2616265e-05
0.9485661 0.07073376 0.128436 4.6159166e-15 0.9614045 0.9231398 0.24266475 0.0019938312 0.0027275844 0.005475246 0.20504329 0.059411984 0.0027394185 0.85310596 0.0048774374 0.0008427222 0.9449717 0.003077166 0.007580845 0.00014553314 0.68781364 0.0006115419 6.5048334e-05 0.0045635337 0.0036222588 5.909375e-05 0.00018283683 0.032927617 5.3045962e-05 0.00034657572 0.0012556908 0.0006299686 9.316206e-05 0.008250641 0.23679085 0.033957433 0.0041493042 2.9863847e-06 0.23447292 0.24861713 1.7874005e-05 4.572455e-05 0.00012856905 0.36624563 0.028994575 0.011907211 0.0020914692 0.0040701767 0.057189275 0.07176459 0.034140397 5.895674e-05 2.8836603e-05 0.0006360582 0.0010997487 0.00013951301 0.0139109455 0.019189458 0.0076960484 0.00037699795 0.00011877183 8.866858e-06 2.2461716e-05 0.015463375 0.01569196 5.1167162e-06 2.064203e-05 9.491562e-06 2.5220343e-06 6.439832e-05 0.0017037271 6.522777e-06 5.902827e-06 7.339146e-05 1.25187935e-05 0.0039059853 2.286147e-06 0.006090906 0.00025006305 3.4412928e-06 9.987571e-07 7.849946e-06 9.249333e-07 8.1743765e-06 0.010364248 2.2283113e-05 8.258033e-05 0.00014776236 0.00047968005 0.0001422865 1.361659e-05 2.6326945e-06 3.7026628e-06 6.75632e-06 9.028651e-06 2.186908e-06 2.3342816e-05 9.653609e-06 2.827835e-06 1.5708847e-06 5.0714027e-07
0.9995575 0.17737739 0.43689153 0.9614045 2.029172e-12 0.6499789 0.7512373 0.051930737 0.05192443 0.1303153 0.46458325 0.13413149 0.016630694 0.702652 0.0111434655 0.020018594 0.58037406 0.025378332 0.05275504 0.0058430363 0.3356583 0.045775462 0.016058134 0.020318411 0.014692559 0.0015564898 0.014053779 0.3033978 0.0012587705 0.029669434 0.025644647 0.021114051 0.015264962 0.0794784 0.23690212 0.114675105 0.041051112 0.0015267704 0.17454913 0.37517786 0.008680936 0.0038046425 0.0049667796 0.65189326 0.06122057 0.031725977 0.0305195 0.029619776 0.14066605 0.2782943 0.12572527 0.0025029462 0.0015985556 0.003944518 0.018833395 0.0039802273 0.04258598 0.042689346 0.0075983535 0.012539161 0.0074706385 0.000222385 0.00046249802 0.063119695 0.06493303 0.0003749272 0.00021613967 0.0057270993 9.079721e-05 0.0009992206 0.00510425 0.0020789301 0.00070345023 0.005854219 0.0007335413 0.036558487 0.00054956507 0.029249908 0.0016119315 0.00025029376 0.0003698728 0.00019303463 8.020709e-05 0.00028964726 0.012034535 0.0002366775 5.8931782e-05 0.00025843998 0.0004929368 0.0021012565 0.00019089326 2.7688788e-05 4.954533e-05 3.828063e-05 5.4997345e-05 4.7602316e-05 6.9761525e-05 0.00015230097 6.698384e-05 4.28361e-05 1.2444446e-05
0.9536968 0.78111285 0.71235245 0.9231398 0.6499789 9.378296e-14 0.09804942 0.02297063 0.017837793 0.106967546 0.05812613 0.90876424 0.011551175 0.028808476 0.0030155596 0.007871893 0.8572119 0.003355642 0.4885882 0.006600824 0.17424798 0.0026772385 0.0009363147 0.068981655 0.15490904 0.0016209958 0.0012981591 0.00020980326 0.00045690144 0.0018068958 0.01504642 0.00013831712 0.0006724174 0.25733918 0.035452936 0.0006254418 0.1781997 6.0781724e-05 0.0011225655 0.16939628 0.00012576238 0.000248224 0.00027309696 0.90227526 0.007988034 0.00036072131 6.9111644e-05 5.633525e-05 0.05774883 0.00024770587 0.40739602 1.2801095e-05 8.967429e-05 8.065651e-05 6.4887527e-06 0.00032618662 0.00011477022 0.00834161 0.29522175 1.3257805e-06 0.0018472956 1.5961195e-05 2.6967764e-05 0.1925017 0.015863456 0.0010947828 2.9566143e-05 1.1494724e-06 4.2994983e-05 6.463483e-05 8.999818e-06 3.724044e-05 2.0836162e-06 3.1562657e-05 0.00014349016 0.0002141601 1.0832577e-08 0.00027682385 1.7604798e-05 9.57212e-06 4.2739557e-05 9.091038e-05 1.8736018e-06 1.3913545e-05 0.30241716 6.1496644e-06 9.7272234e-05 0.011076419 0.0007686858 9.988461e-06 1.4253606e-05 7.65523e-07 2.1143596e-05 5.4288244e-06 4.6945188e-05 2.7269614e-06 0.0018883159 2.1502914e-05 0.0006413927 3.6800397e-05 1.4602596e-06
0.9999829 0.15712999 0.43932715 0.24266475 0.7512373 0.09804942 8.4925244e-16 0.10235669 0.103513494 0.066454016 0.94574887 0.042100728 0.32186344 0.4272054 0.2179592 0.2733097 0.14965484 0.31353965 0.020912144 0.073429555 0.07305702 0.014719121 0.023358576 0.007652415 0.00843674 0.0967247 0.026735295 0.777377 0.14433219 0.010672923 0.010849779 0.11314307 0.013572224 0.014169199 0.027561622 0.32238296 0.007827856 0.018034846 0.16258118 0.027246546 0.004813295 0.045767773 0.015805917 0.12259656 0.01664761 0.013196998 0.17180082 0.1471754 0.0103688445 0.73856413 0.022213157 0.010005179 0.00914244 0.008991982 0.09242908 0.0031005403 0.12741542 0.0064185993 0.002806596 0.11665191 0.004765792 0.0022012822 0.012749756 0.005754462 0.002765559 0.0005088306 0.003074907 0.078385755 0.00065934565 0.014978243 0.039892666 0.015442101 0.038930785 0.1339885 0.0019811145 0.03275653 0.012710154 0.007342136 0.008454019 0.012359184 0.0012089481 0.0006026913 0.0016649436 0.0011679615 0.004911069 0.0114745 6.047684e-05 0.00024887943 0.00017226735 0.0028939294 0.0006898972 0.0030819443 0.0014314272 0.0008509265 0.0015368783 0.00071139284 0.00018281347 0.00047087867 0.00036489576 0.0003552633 6.654127e-05
0.9934897 0.54274297 0.21985053 0.0019938312 0.051930737 0.02297063 0.10235669 1.8851169e-14 0.9882597 0.48282087 0.010512072 0.0012406816 0.19373278 3.645281e-05 0.0013851724 0.15444759 0.002393822 0.0011869699 0.0013570724 0.09758389 2.103842e-05 0.7188207 0.5904746 0.0057515237 0.000662032 0.009899717 0.17090118 6.218841e-05 0.0013830226 0.125437 0.013514273 5.4136635e-05 0.4660048 0.0015225154 6.211788e-05 2.5006315e-05 0.00022872112 0.0069169644 3.587519e-06 0.00053260184 0.5234384 0.0011059862 0.052146673 0.0030380937 1.0443178e-05 9.910074e-07 1.5210191e-05 2.737984e-06 0.00013720251 5.5985265e-06 0.003422987 2.0044126e-05 0.0019460765 2.0488073e-05 7.0196177e-07 0.34283906 1.9791653e-06 3.0563144e-05 4.9458562e-05 6.267804e-08 0.036136497 3.79469e-06 0.00013321987 1.1867112e-05 2.264216e-05 7.5652875e-05 3.6541653e-06 1.2536493e-06 0.00053321454 0.00040270953 3.0738235e-07 0.023839623 5.939008e-05 2.471524e-05 0.0989805 4.3031837e-06 1.3659801e-08 2.0511015e-06 2.2181775e-06 0.00046821046 0.00030643828 0.00023296905 3.1094518e-05 0.017791351 8.201355e-06 1.675663e-05 1.3644785e-05 1.6704456e-05 7.667247e-06 2.2581286e-05 0.010696319 7.5279274e-07 7.2155584e-05 0.00013732557 1.4827299e-05 0.00065193477 1.45230515e-05 0.003031343 2.9455746e-06 0.00011543467 0.00010627507
0.970876 0.27903742 0.17519799 0.0027275844 0.05192443 0.017837793 0.103513494 0.9882597 7.903623e-16 0.8077659 0.004549043 0.002556045 0.21574815 3.5539346e-05 0.0014166771 0.24414448 0.004104467 0.00044342704 0.0028476873 0.22651246 1.6590086e-05 0.6058439 0.8885236 0.010796766 0.0018064858 0.020945406 0.44862264 2.6604872e-05 0.00329352 0.19056216 0.030081233 1.2257274e-05 0.7735296 0.001273045 5.678012e-05 4.7610874e-06 0.0002608117 0.003742642 3.8017657e-07 0.00027511106 0.61887085 0.0011543131 0.059069235 0.0009587944 8.032167e-07 8.585557e-08 5.223196e-06 3.825012e-07 0.00012399093 4.357177e-06 0.00088542333 2.7615881e-06 0.00664242 4.7238696e-06 9.5349556e-08 0.51707035 5.918867e-07 2.4458934e-05 2.6504158e-05 2.834835e-09 0.045472167 7.627607e-08 0.0001726741 3.2078121e-06 6.6282637e-06 2.5366846e-05 1.11511504e-07 2.1990179e-07 0.00074613 0.0004483956 5.2779697e-08 0.09232818 0.000106468004 1.8662433e-05 0.122245565 3.5002404e-07 1.6418789e-09 3.7858032e-07 1.9528537e-07 0.00044103342 0.00017720173 7.3138326e-05 3.1042637e-05 0.066148 2.9449471e-05 1.0295931e-05 1.6869277e-06 5.372733e-05 1.1509175e-05 2.582297e-07 0.018325707 7.5787335e-07 1.9189432e-05 7.898679e-05 2.1121726e-07 0.0028683145 2.7941958e-05 0.0067843525 2.4265826e-06 0.00019600512 0.0001354522
0.97733426 0.91331077 0.70757675 0.005475246 0.1303153 0.106967546 0.066454016 0.48282087 0.8077659 2.4694466e-14 0.0029482446 0.09840185 0.08393964 2.1090369e-05 0.00052441837 0.01486923 0.01340367 0.00017996768 0.13582632 0.014736425 7.347992e-05 0.9847974 0.14851062 0.25967714 0.022880131 0.0020353708 0.037422564 2.119821e-05 0.0003098232 0.82688636 0.40881616 2.8466104e-06 0.14111346 0.008707515 0.000105396655 8.77369e-06 0.0016494493 0.00024089507 3.2437853e-07 0.00031418132 0.029706728 0.00019217958 0.0008513839 0.00027138417 5.824712e-06 2.1346403e-07 3.2924597e-06 3.1164059e-06 7.581235e-05 4.1000905e-07 0.0014746046 2.227882e-07 4.2564647e-05 1.4551299e-06 1.304059e-08 0.11982117 5.734813e-08 1.469248e-05 0.0001536862 8.586465e-10 0.20783155 2.4034443e-07 5.896722e-06 1.1224792e-05 5.692146e-05 0.00078779535 5.512483e-07 1.25239685e-08 0.0002218804 1.6826692e-05 3.3084365e-08 0.0010126085 4.058426e-07 2.940587e-08 0.03555257 1.834483e-06 5.451418e-10 7.565034e-07 1.2733884e-07 4.13637e-06 0.0014618983 0.00092624023 3.9260323e-07 0.0031246587 2.2575836e-05 5.3688524e-08 5.649805e-07 0.00021283705 3.9541783e-06 2.737433e-06 0.00066566723 3.3265717e-08 5.201731e-06 2.5926658e-05 8.82055e-07 3.905065e-05 0.00016507601 0.007899342 1.4895847e-06 0.00091577537 0.00014099771
0.9938658 0.03157632 0.039193917 0.20504329 0.46458325 0.05812613 0.94574887 0.010512072 0.004549043 0.0029482446 1.6470665e-13 0.0057442607 0.008089702 0.5375457 0.15267582 0.0041793096 0.09743929 0.7506778 0.0018004153 0.0006553255 0.058162652 0.00032575667 0.00021307792 0.00043086393 0.0008993435 0.0015570957 0.0017235446 0.89482814 0.009882709 4.227544e-05 7.9687794e-05 0.14828493 0.00068723643 0.00030277894 0.010113613 0.6651354 0.00078905525 0.0002847572 0.48239413 0.0041228365 3.759833e-05 0.0067904503 0.00037177242 0.012711894 0.0043005096 0.004981088 0.8444536 0.18818012 0.0011626073 0.48131904 0.00039430172 0.06055436 0.00035785188 0.027248494 0.1756245 5.378059e-05 0.054544758 0.00059041084 0.0003602146 0.2212344 4.865395e-05 0.0035012711 0.00032460925 0.001694132 0.00015552419 2.0782867e-05 0.0046687843 0.23373884 5.047639e-05 0.0018555879 0.043606095 4.5607838e-05 0.004733627 0.033584822 2.21966e-05 0.0065358826 0.01903331 0.0008070375 0.0036440438 0.00027934057 7.643789e-06 5.3281647e-06 0.00013439437 3.026607e-05 0.0006949064 0.00020704677 0.0001865518 8.478596e-05 7.3790376e-05 0.0004643374 5.7264653e-05 0.000293483 1.3539943e-05 2.4487104e-05 0.0007016061 1.2199513e-05 9.444744e-06 3.789625e-05 6.2408835e-05 1.64154e-06 2.401773e-06
0.9706644 0.9068537 0.7600781 0.059411984 0.13413149 0.90876424 0.042100728 0.0012406816 0.002556045 0.09840185 0.0057442607 4.6624242e-15 0.0058342223 7.253747e-05 0.00033345318 9.719128e-05 0.021500979 0.00020303708 0.9621358 0.00013569022 0.00012040177 0.0066890516 3.4377787e-05 0.58979934 0.83030486 6.924148e-05 4.8893777e-05 1.04014025e-05 2.7094235e-05 0.15816249 0.26370105 6.255593e-06 1.1169456e-05 0.8073245 0.00025639017 1.679844e-05 0.7126899 2.422652e-06 6.707947e-07 0.0037671567 1.7049606e-05 7.187704e-06 5.13143e-06 0.06297575 3.204909e-05 3.3002638e-07 2.8272634e-06 1.6771586e-06 0.0017909895 1.4399448e-06 0.5430664 9.1448453e-07 8.678916e-07 1.6111751e-06 2.1531129e-07 0.000120296405 7.7551516e-07 5.0973682e-05 0.016012898 1.3749224e-08 0.018647516 1.9636286e-06 3.0313157e-07 0.003292411 0.00037291955 0.08219875 3.0593426e-06 7.04391e-08 5.5971973e-06 9.974325e-08 7.586069e-08 1.0476715e-05 3.064739e-08 5.128343e-08 0.0003596849 3.326048e-06 1.1437309e-09 8.767292e-06 6.337389e-06 2.3217022e-07 0.0005450057 0.003818002 7.1706387e-07 1.5635156e-05 0.008701608 8.2398595e-09 1.3180199e-06 0.0006104104 5.9944257e-05 2.7910223e-06 9.745733e-06 2.7796082e-08 3.2513918e-07 2.0682157e-06 1.7528013e-06 1.0108981e-06 0.0014003493 0.0001372923 1.8614352e-05 0.0001593 1.1774695e-05
0.9998914 0.039075237 0.0918876 0.0027394185 0.016630694 0.011551175 0.32186344 0.19373278 0.21574815 0.08393964 0.008089702 0.0058342223 1.7564127e-13 0.0025323762 0.03565484 0.829701 0.01413897 0.017942233 0.008973218 0.49885136 0.0009559823 0.047118843 0.28438008 0.004000818 0.0018671147 0.9702936 0.25016102 0.014571368 0.642687 0.016501684 0.0064890217 0.020531125 0.07560186 0.0035294418 0.0014014455 0.0041701426 0.00055875716 0.6851006 0.00035202445 0.0014655375 0.031719033 0.25306237 0.7327812 0.0036634859 0.00011109631 5.0756367e-05 0.006307591 0.0012035769 0.0005060555 0.006741067 0.0038387766 0.004368914 0.5910439 0.0013532876 0.0037385072 0.007916714 0.00084188965 0.00038458285 0.0001949537 0.00046158987 0.005000818 0.000263677 0.33384457 0.00016457269 6.991198e-05 0.00022845605 0.00020562622 0.026715163 0.017311644 0.09509571 0.0003614007 0.3356595 0.05789048 0.05600272 0.0029894484 0.00064928626 5.885989e-05 0.0007914385 0.00017993167 0.30789447 0.00081463216 0.0002682355 0.041909624 0.003387497 0.00037524395 0.011523388 1.8007011e-05 0.00012213942 2.279321e-05 0.0011805459 0.0013123157 0.0045318804 0.02586758 0.004071914 0.0002982972 0.0021134706 2.6385522e-05 0.0005615866 1.4456805e-05 0.00017534081 6.155042e-05
0.97941756 0.0040154275 0.025170175 0.85310596 0.702652 0.028808476 0.4272054 3.645281e-05 3.5539346e-05 2.1090369e-05 0.5375457 7.253747e-05 0.0025323762 5.413394e-13 0.010575676 9.6181895e-05 0.6913484 0.022164624 1.3777254e-05 5.7693913e-05 0.7723948 1.322971e-05 2.136621e-06 6.06504e-05 5.492826e-05 4.878707e-05 7.79006e-06 0.022926124 0.00010835027 3.3022172e-06 7.063068e-06 0.00088477373 1.9888776e-06 7.356636e-05 0.72688276 0.03877954 0.00016383824 1.6903175e-06 0.9764911 0.5797718 6.3887446e-06 6.3910265e-05 7.799226e-06 0.02636364 0.59126544 0.47443885 0.0006328728 0.016659237 0.14704083 0.24724126 0.0046313535 9.709381e-05 1.1008167e-05 0.0006479155 0.0018460619 9.1194015e-06 0.16521186 0.056686267 0.0003766438 0.0007809017 0.00010861441 7.672429e-05 9.339865e-06 0.010472871 0.05700172 5.5133382e-06 4.9346712e-05 1.3973344e-05 4.098809e-05 1.8059876e-05 0.009817923 5.763007e-05 1.7103299e-05 0.000111802474 6.699926e-06 0.24401647 9.0429596e-05 0.31702688 0.0059943204 1.963913e-06 1.3750412e-05 9.626838e-06 9.600868e-07 2.7959388e-07 0.002898715 1.4392907e-05 0.0010682372 6.096782e-06 0.009427202 0.012681458 2.4121311e-05 3.308921e-07 1.5175945e-06 3.2521704e-05 2.8137097e-06 2.732162e-06 8.2515135e-07 6.8477874e-07 1.7279435e-06 4.988737e-07 2.3493656e-07
0.99993825 0.0010867051 0.0030864342 0.0048774374 0.0111434655 0.0030155596 0.2179592 0.0013851724 0.0014166771 0.00052441837 0.15267582 0.00033345318 0.03565484 0.010575676 5.2268633e-17 0.005952141 0.0033619911 0.93708295 0.00010306359 0.0019691393 0.0032601357 0.00049144065 0.00042357564 0.00010321851 0.00012716113 0.020434974 0.00090923 0.18270105 0.1900675 2.3744626e-05 2.2505994e-05 0.9517363 0.0004650888 4.711441e-05 0.0013582403 0.09873822 6.868993e-05 0.016461926 0.0035766545 0.00090771634 7.0081536e-05 0.1309152 0.0020246168 0.00071780157 0.00052294036 0.00030864062 0.43022475 0.036043447 0.00029379915 0.0977522 0.00028916588 0.23652838 0.0031556129 0.036413345 0.11847879 7.492347e-05 0.0080046775 0.00012881045 1.4367563e-05 0.09905756 7.4649693e-06 0.016088223 0.004485126 0.00011740165 3.0522307e-05 2.3633195e-06 0.0094511835 0.65264463 0.00031845283 0.027866568 0.005629553 0.0012069586 0.06029184 0.66386425 1.9230838e-05 0.0009753474 0.003155038 0.000267267 0.00031434104 0.018312635 7.207865e-06 7.778822e-06 0.0024246515 1.4805553e-05 8.312782e-05 0.07101695 2.2221487e-07 9.851677e-07 5.6115556e-07 0.00011996382 1.0344966e-05 0.0050687706 0.00020558074 2.248557e-05 0.0066962545 9.899395e-06 9.9197976e-08 7.7661825e-06 1.897316e-07 7.3663676e-07 1.1668754e-07
0.9989785 0.018751305 0.025873985 0.0008427222 0.020018594 0.007871893 0.2733097 0.15444759 0.24414448 0.01486923 0.0041793096 9.719128e-05 0.829701 9.6181895e-05 0.005952141 5.0240044e-15 0.0021399383 0.0025488364 0.00010220646 0.98301643 2.9937892e-05 0.012107387 0.327305 0.00038204552 0.00014695375 0.32201558 0.5582441 0.00016941005 0.025109949 0.00085770956 0.00037744426 0.00052024674 0.10227014 5.449535e-05 6.661391e-05 9.669102e-05 6.371233e-06 0.039862934 3.5598453e-06 5.4986755e-05 0.040426016 0.006240155 0.6870063 5.1489675e-05 3.3763226e-06 8.769587e-07 8.3877494e-05 7.315175e-06 1.5565915e-05 4.904696e-05 0.0002171908 0.00038905942 0.15673813 0.00011990115 1.9249701e-05 0.011601071 3.561706e-06 1.449025e-05 8.443134e-07 2.618512e-06 0.0011572358 2.071146e-05 0.009832485 1.0128784e-06 1.0419243e-05 7.566727e-06 1.2800376e-05 0.00016463107 0.0028022618 0.0038850121 1.0383806e-06 0.37118885 0.0054690535 0.0008870054 0.004312502 2.971055e-05 2.0264274e-07 3.3596993e-05 1.7552058e-05 0.014697533 2.2141376e-05 2.032813e-05 0.00077135954 0.003796417 1.4814113e-05 0.00058872293 2.167484e-06 2.2728806e-05 1.8872104e-05 5.1289768e-05 0.001764656 0.00019307992 0.00065022195 0.004473219 2.6063104e-05 0.0011389273 1.6804288e-05 0.00030659232 1.8991128e-06 6.495851e-05 2.028446e-05
0.9308479 0.20082529 0.10529058 0.9449717 0.58037406 0.8572119 0.14965484 0.002393822 0.004104467 0.01340367 0.09743929 0.021500979 0.01413897 0.6913484 0.0033619911 0.0021399383 2.6410214e-13 0.0043813307 0.0035309857 0.0029333583 0.9734152 0.0010891786 0.00020996259 0.0013374977 0.0042577623 0.0017524111 0.0010336057 0.00046238687 0.00022536636 9.6827695e-05 0.00045618648 0.00019288743 0.0003103839 0.0028741101 0.66715187 0.0030567637 0.02274858 6.6094435e-05 0.22663991 0.63942456 1.4031982e-05 0.00027874927 4.572407e-05 0.5095082 0.16469447 0.029348016 0.00017883729 0.0014772417 0.23904535 0.0035804354 0.010604662 1.0267172e-05 3.2156656e-06 6.45148e-05 7.328648e-05 1.7991992e-05 0.003822651 0.07437776 0.006969111 0.00025688898 0.0002489708 1.0974426e-05 5.995669e-06 0.12364667 0.06958971 0.00014835864 0.00011202661 3.8052608e-06 8.863394e-05 4.5543925e-06 0.00030553545 2.0345293e-05 3.0298918e-06 3.3305048e-06 7.917673e-06 0.0039061646 2.3463832e-05 0.013212203 0.00067364756 5.6174003e-06 1.3223693e-05 3.3393797e-05 2.411288e-06 9.67837e-06 0.03145852 5.0820613e-06 0.0003813733 0.0005288216 0.0038409682 0.00073188974 1.42323215e-05 3.841704e-07 1.1589016e-05 2.5881474e-05 2.6828422e-05 1.2316095e-05 3.2688276e-05 1.5729769e-05 3.1378917e-05 4.5632376e-05 5.4638685e-06
0.98920214 0.0007194182 0.0031528664 0.003077166 0.025378332 0.003355642 0.31353965 0.0011869699 0.00044342704 0.00017996768 0.7506778 0.00020303708 0.017942233 0.022164624 0.93708295 0.0025488364 0.0043813307 1.2118148e-16 2.471991e-05 0.0005285325 0.0010257523 4.771549e-05 7.95801e-05 2.3175215e-05 3.8480517e-05 0.008207963 0.0007027284 0.19172737 0.05607757 2.3944956e-06 6.0493153e-07 0.91898644 0.00016060023 5.2137793e-06 0.00052708207 0.12922548 2.409186e-05 0.0007806355 0.019426415 0.00022393947 4.196455e-06 0.03414001 0.0006373777 5.1739626e-05 0.0003245597 0.0001670558 0.9136133 0.026016537 0.0001338066 0.11333751 2.3219349e-05 0.5859523 0.0008480886 0.18073328 0.21213022 6.654213e-06 0.006661525 0.00023873587 5.4233237e-06 0.15079704 4.9918804e-06 0.029286608 0.0014547746 1.0914526e-05 4.215687e-05 2.1614718e-05 0.020377435 0.48103088 5.22717e-05 0.009204835 0.010441766 5.8452602e-05 0.042762995 0.3085421 1.1677465e-06 0.00059987407 0.0039367145 0.00015000127 0.00026146768 0.0035145236 2.9878547e-06 2.8494107e-06 0.00022938979 9.407645e-06 9.5441224e-05 0.004460699 2.7483691e-05 1.677318e-05 1.419962e-05 3.0077917e-05 1.4084055e-05 0.00084695214 3.137835e-05 1.7598839e-05 0.0011843145 1.5476326e-06 3.7621264e-06 5.6858826e-06 6.1644614e-06 7.1069775e-07 1.0001876e-06
0.9424561 0.61084694 0.31469873 0.007580845 0.05275504 0.4885882 0.020912144 0.0013570724 0.0028476873 0.13582632 0.0018004153 0.9621358 0.008973218 1.3777254e-05 0.00010306359 0.00010220646 0.0035309857 2.471991e-05 2.1416859e-14 0.00015492128 5.355529e-05 0.017184492 3.3433727e-05 0.89502764 0.9559334 5.819679e-05 0.000117245 1.1705296e-06 2.3153056e-05 0.34989312 0.4064586 4.4547508e-07 5.2637777e-05 0.7681387 0.000106473395 1.4997223e-06 0.71608675 7.744328e-06 5.477635e-07 0.0007906374 6.7793975e-05 1.3300856e-05 1.7455224e-05 0.027393075 1.1787278e-05 8.788785e-07 2.5645174e-06 2.833334e-06 0.00058674044 1.7775086e-07 0.4421761 2.7720043e-07 1.0730151e-06 8.487422e-07 5.325751e-08 0.00023667706 1.9429858e-07 3.2528063e-05 0.0052548726 7.316168e-09 0.086057186 2.9204688e-07 2.499351e-07 0.0021049841 0.00051783194 0.2026727 1.5360678e-06 2.0722947e-08 1.9777387e-06 1.002963e-07 2.9245172e-08 6.7760916e-06 2.0198469e-08 4.828202e-08 0.0003435904 1.1555869e-06 3.0836533e-09 1.29176615e-05 5.8395067e-06 1.4452655e-07 0.0019729475 0.011347267 3.1921277e-07 6.2111656e-05 0.0036322353 9.282062e-09 1.078403e-06 0.00035234538 2.1657184e-05 2.485957e-06 4.0047114e-05 4.4580375e-08 1.1994145e-07 6.776363e-06 1.9949202e-06 2.1543997e-06 0.0013298346 0.00031048455 7.904153e-06 0.00016043858 1.3096182e-05
0.95959955 0.0067307437 0.009530029 0.00014553314 0.0058430363 0.006600824 0.073429555 0.09758389 0.22651246 0.014736425 0.0006553255 0.00013569022 0.49885136 5.7693913e-05 0.0019691393 0.98301643 0.0029333583 0.0005285325 0.00015492128 3.801089e-14 1.0218955e-05 0.010099121 0.52203923 0.00037873382 0.00016413305 0.3478634 0.9607671 0.00012437819 0.010702288 0.0008203334 0.00021658867 0.00017197977 0.1540699 8.302355e-05 5.5149136e-05 0.000110642824 5.3297604e-06 0.039880607 5.172974e-06 4.253819e-05 0.06366366 0.0040764115 0.80031157 3.035053e-05 1.2294684e-06 4.045867e-07 0.00022062073 2.029406e-05 1.0628778e-05 2.3617346e-05 1.4201923e-05 0.00021078154 0.5330674 8.704479e-05 3.8185663e-06 0.017052837 1.4680959e-06 7.463958e-06 9.216384e-07 3.770098e-07 0.00085641287 6.366508e-06 0.008537516 5.548369e-07 2.4403516e-06 9.4222395e-07 2.9022458e-06 4.4887907e-05 0.0025584109 0.0031607978 1.3189282e-07 0.6098249 0.0012967478 0.00020218304 0.0043801465 1.043415e-05 1.1041408e-08 2.4243946e-06 1.1375572e-06 0.0072826613 4.0842483e-06 1.4480171e-06 0.00074706133 0.0061840727 3.2015193e-06 0.00016362089 1.4222876e-07 2.9592586e-06 1.1542553e-06 6.324348e-06 0.00238842 4.6340814e-05 0.0006035256 0.0069623683 1.1090482e-06 0.0051824376 9.4599375e-07 0.00028024675 1.7566961e-07 2.5678495e-05 8.422518e-06
0.928746 0.003089513 0.016498104 0.68781364 0.3356583 0.17424798 0.07305702 2.103842e-05 1.6590086e-05 7.347992e-05 0.058162652 0.00012040177 0.0009559823 0.7723948 0.0032601357 2.9937892e-05 0.9734152 0.0010257523 5.355529e-05 1.0218955e-05 3.4054614e-14 8.693557e-06 8.526185e-07 0.00017782843 0.00017479969 1.4309256e-05 4.8666407e-06 0.0022219506 4.186424e-05 1.07933765e-05 1.5547934e-05 9.506161e-05 1.2393558e-06 0.0002903774 0.9595358 0.009105537 0.0007306589 2.666937e-07 0.7489096 0.8339604 4.0978193e-07 4.353095e-06 8.7538535e-07 0.17443098 0.51444834 0.19932963 0.00014057128 0.0020659007 0.44691822 0.019143352 0.011462301 2.8738043e-05 1.7522153e-07 0.00014186038 0.00017609005 4.444124e-06 0.013314323 0.20395929 0.002466917 9.488535e-05 7.7982564e-05 2.0674812e-05 6.062119e-07 0.02001919 0.14847516 7.858295e-05 2.9912178e-05 4.4925164e-07 9.383608e-07 1.5613685e-07 0.0006040703 2.660699e-06 4.232362e-08 4.535045e-06 6.901723e-06 0.011717615 3.934006e-06 0.055080123 0.0010058251 7.406675e-07 4.9455707e-06 1.5122712e-05 5.1299105e-07 2.4017845e-06 0.011562953 1.7440007e-06 0.000563103 0.00015722126 0.010940068 0.0009908647 1.4033815e-05 1.100334e-07 9.073134e-07 2.494471e-06 4.1831413e-06 9.932903e-07 6.983318e-06 8.812542e-06 3.927461e-06 6.0931247e-06 3.0270471e-06
0.9407334 0.067092545 0.19804043 0.0006115419 0.045775462 0.0026772385 0.014719121 0.7188207 0.6058439 0.9847974 0.00032575667 0.0066890516 0.047118843 1.322971e-05 0.00049144065 0.012107387 0.0010891786 4.771549e-05 0.017184492 0.010099121 8.693557e-06 1.4865403e-12 0.12921889 0.06071758 0.0072795968 0.0013065669 0.015648806 3.4134284e-06 0.00037161607 0.86961925 0.3298643 7.413636e-07 0.2867832 0.0035873943 0.00010419895 3.285791e-06 0.000528007 0.00013548773 3.7598576e-07 0.00035697228 0.26315755 7.3488816e-05 0.00068909564 0.00012171941 3.1478336e-05 6.8980273e-07 1.6725953e-06 3.1867332e-06 4.273336e-05 2.3471976e-07 0.00034471662 4.4475001e-07 0.00021541369 3.4526668e-06 1.601452e-08 0.9429343 3.621754e-06 3.503731e-05 2.9743407e-05 7.2022566e-10 0.6698578 3.7752236e-06 7.408979e-05 1.131557e-05 7.8444114e-05 0.0007903392 6.8911017e-06 2.8487706e-09 0.00030343802 2.8275319e-05 1.0086914e-07 0.0032680812 5.541923e-07 1.046397e-06 0.56956196 1.8401435e-05 6.0168195e-09 2.3418183e-05 1.4783825e-05 5.424845e-06 0.016500125 0.0019511989 4.975915e-06 0.08018854 8.10156e-05 3.1208792e-06 4.8872726e-06 1.9850942e-05 9.733639e-06 1.7137421e-05 0.010293423 1.1919633e-06 2.8931168e-05 3.7869155e-05 7.339744e-06 0.00017939092 2.4100547e-05 0.09264737 7.682661e-06 0.008344705 0.0014722032
0.98070997 0.012409437 0.028398065 6.5048334e-05 0.016058134 0.0009363147 0.023358576 0.5904746 0.8885236 0.14851062 0.00021307792 3.4377787e-05 0.28438008 2.136621e-06 0.00042357564 0.327305 0.00020996259 7.95801e-05 3.3433727e-05 0.52203923 8.526185e-07 0.12921889 8.395866e-14 0.00031169117 0.00011780125 0.023589686 0.8311689 3.998771e-06 0.0014295317 0.0036174636 0.00072334544 2.448901e-06 0.9811188 0.00012249568 4.0526693e-06 2.548689e-06 7.140944e-06 0.0051835496 7.4423504e-08 1.6816359e-05 0.74501395 0.00079148007 0.11230948 2.9622732e-05 7.477847e-07 4.673267e-08 9.3944965e-07 5.8584914e-07 1.166906e-06 9.5321184e-08 2.484022e-05 5.7618524e-07 0.009132336 1.7965457e-06 1.7655193e-08 0.16484794 1.9766367e-07 6.238935e-06 1.2396703e-06 5.380513e-10 0.0064164414 2.5629882e-07 0.00034910583 7.2533007e-06 3.6100664e-05 5.5810604e-05 4.3691048e-07 9.844286e-09 0.0014289005 0.00012685807 4.2105736e-08 0.37027678 8.8100205e-06 1.2636029e-07 0.06135536 6.0630123e-06 5.907425e-09 2.3977553e-05 1.7303942e-06 0.00035330214 0.000100767764 0.00013943028 6.906698e-05 0.024835534 1.5056221e-06 8.079245e-07 5.3531494e-07 3.5496241e-06 2.195755e-07 2.836128e-05 0.014875485 2.9729918e-08 0.00018568368 0.000776935 6.0989595e-07 0.0032540024 6.280852e-07 0.0013235982 1.6031765e-07 5.1816216e-05 3.64766e-05
0.68787366 0.32345042 0.10403388 0.0045635337 0.020318411 0.068981655 0.007652415 0.0057515237 0.010796766 0.25967714 0.00043086393 0.58979934 0.004000818 6.06504e-05 0.00010321851 0.00038204552 0.0013374977 2.3175215e-05 0.89502764 0.00037873382 0.00017782843 0.06071758 0.00031169117 3.7026018e-16 0.9732644 0.00030813625 0.00081557 3.66517e-06 4.982822e-05 0.6420667 0.9793279 1.0793352e-06 0.0007627351 0.6137932 0.00041933628 2.640152e-06 0.28401807 2.9270077e-05 2.5205866e-06 0.0003621673 0.00046781125 1.1271928e-05 0.00010204722 0.002371625 1.1769115e-05 5.7411575e-07 4.377398e-06 3.2636178e-06 0.00020119015 5.1429305e-07 0.075422004 7.347935e-07 1.4080083e-06 1.6389419e-06 2.6007212e-09 0.00102342 2.2137765e-07 1.7946732e-05 0.001829059 1.0522886e-09 0.18385339 8.93254e-08 7.1189504e-07 0.00028520398 2.0969934e-05 0.25429198 4.6076998e-08 2.073631e-08 1.3940088e-06 3.1158785e-07 8.56496e-09 2.6896081e-05 9.03826e-09 1.0977074e-07 0.00062754395 2.571801e-08 5.6753935e-10 4.3438263e-06 2.3991757e-07 3.5689226e-07 0.0029065944 0.018347457 1.7582574e-06 0.00020982866 0.00042739883 1.5698184e-08 3.7480507e-07 0.00034169806 3.9969677e-06 1.0992726e-07 3.2841388e-05 6.419636e-08 9.5863065e-08 2.3471362e-06 6.2122526e-06 4.6545887e-07 0.00050039997 0.000616199 4.39682e-06 0.00090471527 4.5809662e-05
0.71956253 0.16208789 0.095213294 0.0036222588 0.014692559 0.15490904 0.00843674 0.000662032 0.0018064858 0.022880131 0.0008993435 0.83030486 0.0018671147 5.492826e-05 0.00012716113 0.00014695375 0.0042577623 3.8480517e-05 0.9559334 0.00016413305 0.00017479969 0.0072795968 0.00011780125 0.9732644 9.5226764e-14 7.4348485e-05 8.787562e-05 1.1474215e-05 1.6127302e-05 0.16531676 0.39566654 3.5257076e-06 0.00013324757 0.9478716 0.00047635793 7.4154777e-06 0.8247186 3.3947424e-06 5.366411e-06 0.0011840955 0.00012941282 2.0736331e-06 2.4159574e-05 0.019149205 7.992251e-05 3.601361e-06 1.01250325e-05 6.552442e-06 0.0005833379 3.3972472e-07 0.363449 1.917627e-06 6.4956276e-07 2.7367312e-06 1.905356e-07 0.0001420911 7.4942534e-07 9.755362e-05 0.010573568 4.1826624e-08 0.031967763 2.0962264e-06 1.8527143e-07 0.002427636 0.0007106896 0.34308296 3.8882513e-06 4.540817e-08 8.210522e-07 4.914153e-07 4.1327503e-08 1.1977857e-05 6.210505e-08 5.5617676e-07 0.0002225263 6.784908e-07 3.921759e-09 7.0163555e-06 8.213957e-06 4.1541696e-07 0.001105643 0.019838626 1.8899291e-06 0.0002530286 0.009266455 3.2858225e-08 1.4602631e-05 0.0018456597 0.00014624171 4.7492786e-06 3.203537e-05 2.4805917e-07 1.94508e-06 1.0296855e-05 1.1437878e-05 3.5522824e-06 0.0034878768 0.00054858247 6.290324e-05 0.00059510226 2.9057643e-05
0.97694856 0.0034210125 0.0046314513 5.909375e-05 0.0015564898 0.0016209958 0.0967247 0.009899717 0.020945406 0.0020353708 0.0015570957 6.924148e-05 0.9702936 4.878707e-05 0.020434974 0.32201558 0.0017524111 0.008207963 5.819679e-05 0.3478634 1.4309256e-05 0.0013065669 0.023589686 0.00030813625 7.4348485e-05 4.652761e-14 0.2657781 0.0003951325 0.54717255 0.00017962682 4.8714817e-05 0.005085286 0.012002987 2.9365476e-05 3.6485086e-05 0.00029814622 7.006259e-06 0.96238273 3.6734107e-06 1.727058e-05 0.003130954 0.24162251 0.6244976 4.819121e-06 9.0517005e-07 1.0841674e-06 0.0004617805 4.423997e-05 6.8087397e-06 0.00015869195 2.1264479e-05 0.002021147 0.8684795 0.00035455 0.00019463622 0.0014883381 5.4349525e-06 2.6533542e-05 1.4358089e-06 3.7750829e-06 5.7575853e-05 0.00019402408 0.6527406 1.464699e-06 6.908124e-06 3.5037774e-05 8.698371e-05 0.003230429 0.038032424 0.08057468 4.6247415e-06 0.24684824 0.08857743 0.0054892236 0.0006192704 8.6493594e-05 3.5113203e-07 7.0604287e-06 2.7728744e-05 0.37743273 3.45716e-05 3.8319217e-06 0.11138501 0.0008697791 6.741993e-06 0.0024555554 3.6465465e-07 1.4198428e-05 1.7280523e-06 4.2415586e-06 0.00031242624 0.0010410504 0.029678686 0.002668274 5.5523342e-05 0.00029009648 8.0799055e-06 9.8951714e-05 1.0347408e-06 1.1192906e-05 2.5665862e-05
0.9348279 0.033733726 0.014623286 0.00018283683 0.014053779 0.0012981591 0.026735295 0.17090118 0.44862264 0.037422564 0.0017235446 4.8893777e-05 0.25016102 7.79006e-06 0.00090923 0.5582441 0.0010336057 0.0007027284 0.000117245 0.9607671 4.8666407e-06 0.015648806 0.8311689 0.00081557 8.787562e-05 0.2657781 7.607462e-14 1.8144367e-05 0.016592389 0.0005185725 9.310886e-05 6.959945e-05 0.61290973 3.7055932e-05 9.436641e-06 1.7320559e-05 7.012275e-06 0.06985886 1.16908524e-07 1.8056657e-05 0.29187837 0.0042971494 0.94520795 8.695067e-06 2.0534158e-07 9.971414e-08 4.8743957e-05 5.070617e-06 2.1332921e-06 1.0190552e-06 1.7455715e-06 1.5449496e-05 0.5282384 3.709796e-06 2.2795929e-07 0.029350137 1.0437641e-07 1.8501912e-07 1.9265272e-07 2.2113076e-09 0.0005215575 2.11847e-06 0.006171473 2.0976192e-07 2.5612471e-06 8.1467283e-07 2.7016092e-06 1.14511e-06 0.015036106 0.0023412902 6.535498e-08 0.9057464 0.0006595356 2.9647486e-05 0.008826546 5.314184e-06 2.2287628e-08 1.2307901e-05 1.3035567e-06 0.002123533 5.4891207e-06 5.244601e-07 0.0016224775 0.063513026 8.991085e-06 7.475068e-05 6.75459e-07 3.612537e-06 3.6790798e-06 9.992815e-06 0.003966614 3.3754037e-05 0.00094660476 0.015438067 3.9176433e-05 0.01771764 2.0811e-06 0.0006512357 2.4553808e-06 3.838983e-05 1.1512611e-05
0.9878477 0.001340753 0.0053551155 0.032927617 0.3033978 0.00020980326 0.777377 6.218841e-05 2.6604872e-05 2.119821e-05 0.89482814 1.04014025e-05 0.014571368 0.022926124 0.18270105 0.00016941005 0.00046238687 0.19172737 1.1705296e-06 0.00012437819 0.0022219506 3.4134284e-06 3.998771e-06 3.66517e-06 1.1474215e-05 0.0003951325 1.8144367e-05 1.0676437e-12 0.0026859145 3.0381702e-08 2.2671006e-07 0.016828539 3.8567605e-06 2.1363421e-06 0.0003640157 0.97657555 3.7895834e-06 6.885179e-05 0.060870085 0.00015143113 9.393404e-07 0.0012611892 2.046261e-05 6.79746e-05 0.0014300239 0.0056732865 0.32680094 0.7469134 5.602006e-05 0.72106045 2.379241e-05 0.0022014931 3.2025607e-06 0.004630044 0.21135329 3.9645925e-06 0.13957341 0.00015257792 3.893606e-06 0.5111375 4.8226293e-06 0.0004726139 1.723824e-06 0.0003031904 9.21845e-05 2.9718328e-06 0.0015226925 0.002454097 1.2957774e-05 3.103651e-05 0.086904764 3.3687178e-07 0.00035264084 8.2630664e-05 1.2335137e-05 0.035694063 0.10927018 0.0042353305 0.013148556 1.4862991e-05 1.9436613e-06 4.5595643e-06 3.0708043e-06 4.4843983e-08 3.3162156e-05 5.979874e-06 5.764816e-05 3.881305e-06 6.9678176e-06 0.0014444699 1.9865686e-06 5.6980634e-06 4.3325563e-06 7.848321e-06 8.36815e-05 5.14388e-06 4.5698613e-07 6.063131e-07 3.079144e-06 5.671761e-07 1.7330471e-07
0.99940103 0.0005877048 0.0006850666 5.3045962e-05 0.0012587705 0.00045690144 0.14433219 0.0013830226 0.00329352 0.0003098232 0.009882709 2.7094235e-05 0.642687 0.00010835027 0.1900675 0.025109949 0.00022536636 0.05607757 2.3153056e-05 0.010702288 4.186424e-05 0.00037161607 0.0014295317 4.982822e-05 1.6127302e-05 0.54717255 0.016592389 0.0026859145 2.872295e-14 9.373069e-06 5.607862e-06 0.09596805 0.0009575051 4.764076e-06 2.233245e-05 0.0011421387 1.9028655e-06 0.49759418 5.4729326e-06 1.2675014e-05 0.00020821462 0.9696949 0.03875858 4.2505885e-06 5.0119223e-07 3.2245512e-07 0.001288271 0.00014773643 1.011637e-06 0.00017615203 2.0232257e-05 0.08595611 0.07397656 0.0019883306 0.001458086 9.463241e-05 9.191794e-06 6.2074323e-06 3.5299078e-07 0.00014102353 9.464121e-06 0.0006484895 0.49002725 7.744132e-07 2.8512717e-05 6.6564467e-06 0.00013552351 0.09923943 0.02388391 0.6047723 6.081987e-05 0.007301093 0.18316059 0.29429987 0.00011409994 4.3539727e-05 1.4769513e-06 1.4939217e-05 6.9884813e-06 0.853262 5.261627e-06 6.9780185e-06 0.13792416 0.00013243867 1.2144572e-05 0.068352796 1.452515e-06 6.0942584e-06 1.0445156e-06 3.1592048e-05 3.5918893e-05 0.02234009 0.0018541993 0.0006597398 0.0013789341 8.924779e-05 1.5348765e-05 2.958919e-05 2.5724933e-06 1.6734409e-06 1.1703564e-06
0.9091035 0.3861261 0.36502525 0.00034657572 0.029669434 0.0018068958 0.010672923 0.125437 0.19056216 0.82688636 4.227544e-05 0.15816249 0.016501684 3.3022172e-06 2.3744626e-05 0.00085770956 9.6827695e-05 2.3944956e-06 0.34989312 0.0008203334 1.07933765e-05 0.86961925 0.0036174636 0.6420667 0.16531676 0.00017962682 0.0005185725 3.0381702e-08 9.373069e-06 9.639075e-19 0.99626046 8.196162e-08 0.007006974 0.05183106 4.722158e-06 1.5687617e-08 0.0064670476 7.533454e-06 3.4007186e-09 5.0259205e-06 0.0032492424 2.153802e-06 2.7946782e-05 2.3774403e-05 3.850408e-07 9.888887e-09 1.263639e-07 3.486556e-08 5.807675e-07 1.19209735e-08 0.012999003 2.366391e-08 4.363421e-07 8.513481e-08 9.416296e-10 0.031270914 5.551431e-08 2.5450686e-07 5.861806e-05 1.10730314e-10 0.86565715 2.1799549e-08 5.9896195e-07 6.2217628e-06 7.6368855e-07 0.08718805 3.3752535e-08 1.6618665e-09 3.2060627e-06 6.1883576e-08 1.7512346e-09 1.0776551e-05 1.1894848e-09 7.1645414e-09 0.031244688 7.551357e-10 5.0392163e-11 6.6633184e-08 6.8776025e-08 6.634518e-08 0.027674226 0.061037112 5.987412e-08 0.00029310456 1.9154e-05 7.938732e-09 2.9335732e-08 2.220814e-05 4.4225084e-07 2.6609564e-07 5.2403164e-05 4.5168207e-08 2.6136132e-07 2.6389674e-07 5.176376e-07 3.7093498e-06 1.5178484e-05 0.003817159 6.156515e-07 0.0041681053 0.00036575823
0.74107754 0.26550755 0.1763666 0.0012556908 0.025644647 0.01504642 0.010849779 0.013514273 0.030081233 0.40881616 7.9687794e-05 0.26370105 0.0064890217 7.063068e-06 2.2505994e-05 0.00037744426 0.00045618648 6.0493153e-07 0.4064586 0.00021658867 1.5547934e-05 0.3298643 0.00072334544 0.9793279 0.39566654 4.8714817e-05 9.310886e-05 2.2671006e-07 5.607862e-06 0.99626046 3.924771e-18 1.17684795e-08 0.00054144766 0.1197625 4.4736793e-05 1.0581277e-08 0.012991777 1.3107395e-06 2.8830838e-08 4.0434406e-05 0.00021598453 1.1515444e-07 8.61635e-06 3.9137074e-05 1.0700153e-07 3.6678567e-09 1.17699564e-07 3.6096026e-08 5.3879494e-06 5.7658047e-09 0.007821371 2.2472587e-08 7.728641e-08 1.2179052e-07 2.5199847e-09 0.001501295 2.37898e-09 1.1524904e-07 0.00029944873 9.488787e-11 0.5713939 4.4071424e-08 5.5895846e-08 1.8763538e-06 7.655786e-07 0.38546252 1.4994828e-07 7.0804196e-10 1.019918e-07 2.6747054e-07 1.3412873e-09 2.9059122e-06 4.8936716e-10 2.4729799e-08 0.0016941362 1.639488e-09 1.5790381e-11 5.54889e-08 3.6810274e-08 2.1955193e-08 0.0146979755 0.032213505 4.302375e-08 0.00013801735 4.4898225e-05 6.028881e-09 2.0961066e-08 8.866794e-05 6.3479166e-07 1.7215319e-08 3.3817237e-06 4.91326e-08 2.435634e-08 5.14544e-08 1.953189e-07 3.7555213e-07 0.00014336992 0.0013911118 2.9299594e-07 0.0020743683 9.7483775e-05
