9.79635e-21 0.03683646 0.0014633107 7.281769e-05 2.2723898e-06 0.00044996323 3.1018757e-05 0.003106263 0.00061367115 0.5019672 0.3313482 0.910393 0.38006496 0.46781886 0.39976007 0.8413702 0.4236572 0.34829772 0.29556647 0.26855245 0.024217233 0.75057155 0.49454227 0.94579124 0.76109254 0.6550442 0.6558074 0.35579953 0.9664342 0.25266117 0.63799804 0.74362934 0.86976767 0.026914285 0.07656189 0.00026410358 0.0019236195 0.38704523 0.89806813 0.79716027 0.92287797 0.97111356 0.9533018 0.025006192 0.8645261 0.9207632 0.90762115 0.94683087 0.9541012 0.8865592 0.9766314 0.9890122 0.95428026 0.9472099 0.97335184 0.80356497 0.010171945 0.5861995 0.9665293 0.78283495 0.9701924 0.981258 0.99407077 0.9230502 0.85755706 0.013673697 0.9697433 0.0030377025 0.98583645 0.4098403 0.93616354 0.9446217 0.5577464 0.0020251689 0.37103918 0.38275132 0.99996996 0.99015963 0.95797044 0.30158073 0.9326236 0.8977393 9.004467e-05 0.99986905 0.95525485 0.85540277 0.97657835 0.052575823 0.9780549 0.97188824 0.85490537 0.13866882 0.96893215 0.008038468 0.05502026 0.9999448 0.024624525 0.9994707 0.5819418 0.088181436 0.9965195
0.03683646 1.2598634e-14 0.92022425 0.8827818 0.2385146 0.31851622 0.105124146 0.8391968 0.41550878 0.97923267 0.61941814 0.54278743 0.112857975 0.11410859 0.06324309 0.016050112 0.090740696 0.058149304 0.010428291 0.03177122 0.10557334 0.04421523 0.0049098725 0.008367465 0.002746353 0.00096908154 0.00013760847 2.3746981e-05 0.01811469 0.0011846675 0.00038621787 1.9376677e-05 0.0012190477 0.0010045128 6.1792466e-06 0.0036255782 1.2069964e-06 1.00062415e-07 0.0003323645 9.3086834e-07 5.889745e-07 0.00069826725 0.00033865907 2.3020666e-05 5.7428282e-05 7.429476e-05 1.7209355e-05 2.917567e-06 1.6295796e-06 2.2169372e-05 3.7997906e-05 8.515914e-05 5.842236e-06 5.355693e-05 0.0005174716 8.1523714e-05 2.0785633e-06 3.1030325e-07 1.9768206e-06 2.6290478e-05 2.3168872e-05 7.034374e-07 1.7787432e-05 1.4207288e-05 1.8020108e-06 4.5556778e-08 1.46818065e-05 6.516892e-07 0.00015851544 1.1987335e-06 4.0440304e-07 6.8108864e-05 1.149315e-07 4.4606813e-07 3.0768194e-06 4.6367956e-07 0.00023158878 0.000309809 0.0003577321 6.388156e-09 2.6619605e-06 7.5395025e-07 4.7089569e-07 0.0025399006 0.00011527207 3.8555856e-07 0.00012038455 0.00022116085 3.9776846e-06 4.307359e-06 3.093499e-06 1.5237115e-06 0.00047466325 1.2601678e-06 1.2900358e-06 0.00039681693 4.4686885e-06 0.0001121165 6.8581005e-07 2.4739472e-06 2.1614646e-06
0.0014633107 0.92022425 9.330006e-20 0.5933952 0.29465476 0.97714955 0.8890383 0.01720408 0.005653648 0.32466146 0.9444009 0.5081049 0.0011970617 0.0016441081 0.0021215763 0.0010457755 0.1032198 0.11339924 0.13716567 5.184019e-05 0.00040160707 0.24335203 2.159327e-05 0.00050623546 1.2622517e-05 0.0067289765 0.0044537024 0.00047088292 0.017267922 2.235847e-05 0.0005616089 3.915185e-07 0.00019142304 1.6814236e-06 1.6885703e-07 1.6776763e-05 9.734738e-09 1.680338e-08 0.0009543176 3.6962751e-07 6.8720914e-07 0.00055877364 4.5646604e-05 2.689873e-08 0.00031433208 0.0002777923 0.00035054938 1.1179235e-06 1.2493003e-06 7.130209e-05 1.5600035e-05 2.1427866e-05 8.699239e-06 7.7497316e-05 0.00012389009 0.00011886487 5.6458056e-08 4.2184514e-08 1.9676513e-06 1.2239262e-05 3.134234e-05 1.1199621e-07 1.3912887e-06 1.9741876e-05 5.6445515e-06 8.199614e-09 1.1951191e-05 2.847512e-08 7.197664e-06 4.319403e-08 2.5085447e-07 1.537244e-05 1.7608255e-07 4.412043e-09 2.8705256e-07 1.1091412e-06 1.7345096e-06 6.2799234e-05 3.1508494e-05 4.908069e-09 5.2970713e-06 1.1648058e-06 2.309141e-08 0.00016135695 5.939512e-05 7.0044507e-07 2.6210091e-05 2.9241227e-07 3.0068895e-06 3.3702427e-06 5.0809007e-07 3.634986e-08 5.83534e-05 4.714702e-08 1.9802355e-08 4.4152428e-05 1.6146837e-08 1.1310175e-05 2.2883445e-07 1.9196554e-07 5.555077e-07
7.281769e-05 0.8827818 0.5933952 8.748067e-19 0.99932766 0.00069725676 0.029451013 0.006426868 0.55867475 0.04349375 0.08399601 0.0062887967 0.00058142265 0.00060295954 0.0008417656 0.0001826904 0.0005696497 0.0006184898 0.00021209726 0.0004696346 0.017704668 0.0009729264 0.00013347944 0.00018914147 4.7111313e-05 1.9058414e-05 4.0736245e-06 1.4607332e-06 5.825398e-05 0.00051972066 1.7082816e-06 3.642527e-06 1.4114145e-05 5.96682e-05 3.3892962e-07 0.0012480024 1.471789e-07 7.417875e-08 1.3304929e-05 1.4603085e-06 3.1700924e-06 1.0060841e-05 4.796425e-06 3.303334e-07 7.226245e-05 1.5117826e-05 4.5682036e-06 4.791307e-07 3.4141153e-06 9.3469935e-06 1.0805582e-05 5.223853e-06 1.9769016e-06 3.675005e-06 5.176877e-06 9.0544637e-07 3.045764e-07 6.376823e-07 6.0301176e-07 4.6349275e-08 1.0237296e-06 5.0135094e-07 6.3003074e-07 7.2781413e-06 2.338637e-06 4.4364924e-08 7.696135e-07 9.9705964e-08 4.4051176e-06 2.9702825e-08 9.759502e-07 1.0361963e-06 2.8333596e-07 4.4927543e-08 9.014864e-07 5.183633e-07 4.009576e-07 6.975799e-07 1.7711031e-06 3.2536356e-08 7.0727106e-07 1.140111e-07 1.5959672e-07 1.539129e-05 2.5777743e-07 1.1687905e-06 9.084238e-06 6.6540065e-07 4.340155e-07 1.497707e-06 1.4470744e-06 1.7836217e-07 1.1444555e-05 1.8296973e-08 1.1764558e-07 4.8643024e-06 3.364385e-08 9.1233727e-07 7.8381404e-08 1.4012349e-07 4.282438e-07
2.2723898e-06 0.2385146 0.29465476 0.99932766 3.5394358e-19 0.008925631 0.647501 0.00016911788 0.04641617 0.0016115058 0.019645076 0.00021440061 1.9722702e-05 3.1204792e-05 2.9058834e-05 1.6683496e-06 3.4991328e-05 5.6296627e-05 0.0006528653 6.221964e-06 0.0005985743 9.303998e-05 3.3704225e-06 1.3771927e-06 1.2872364e-06 4.7665485e-06 4.116907e-07 1.17970266e-07 2.8156528e-06 1.2919822e-06 4.0058532e-07 1.0031194e-08 2.062185e-08 4.803862e-07 1.2130101e-07 0.00013060542 8.661294e-09 8.300574e-09 3.838368e-07 1.1860685e-07 5.434574e-08 1.8804533e-07 8.0221355e-08 1.8788577e-09 1.0642791e-06 1.6626548e-07 5.4759585e-07 1.5588569e-07 9.744161e-08 1.14309735e-07 1.8751616e-07 7.045577e-08 4.020755e-08 3.649838e-07 2.3024707e-07 3.9674498e-07 4.4513083e-08 3.564035e-07 1.3119476e-08 2.6297032e-08 3.2567604e-07 4.3522846e-08 1.0796624e-08 1.5914554e-06 3.0608675e-07 1.6957475e-08 2.4699995e-07 1.7837364e-08 1.7666824e-07 3.0840255e-08 2.8546995e-07 1.3346384e-07 4.1170725e-07 7.8336235e-09 3.4319978e-08 1.1201458e-07 6.974974e-09 1.5960342e-07 2.2952116e-07 3.3328635e-09 2.2974202e-08 1.8585888e-08 1.720196e-08 4.681966e-06 1.7737248e-08 6.9747124e-08 2.7333428e-08 4.6846722e-08 2.7938944e-09 4.7968456e-08 1.0912631e-07 3.7823042e-08 1.3038968e-07 5.6703544e-09 2.504714e-08 3.395942e-07 1.5133784e-08 1.169727e-08 2.9759561e-10 5.77004e-09 5.365407e-10
0.00044996323 0.31851622 0.97714955 0.00069725676 0.008925631 4.7213284e-14 0.9965189 4.757665e-06 3.6450794e-05 0.0019188602 0.62290055 0.01447762 0.00014019107 0.0002054169 0.00050451537 6.372531e-05 0.007408134 0.007987428 0.5359706 8.834782e-06 2.8064778e-05 0.04626908 1.7627042e-05 1.9907115e-05 7.9440615e-06 0.0005164882 0.0020606765 0.00097451935 0.00072929444 1.5328555e-06 0.00040159922 3.901819e-07 1.3087836e-06 7.4911563e-06 1.248398e-07 5.0616645e-06 2.6254048e-07 4.7140833e-07 0.00060476724 1.099271e-06 1.9963045e-07 0.00017423664 2.8234076e-06 1.2000025e-07 0.0007514439 9.261453e-05 7.26971e-05 8.6596515e-07 8.833004e-08 1.9209612e-05 3.5024395e-06 4.684476e-06 9.1781163e-07 7.582124e-05 0.00011654869 0.0005891417 6.658399e-07 4.2231147e-07 9.136785e-08 8.87395e-05 3.3777494e-06 2.6217717e-07 7.3297905e-08 7.648988e-06 3.4397544e-06 3.3409913e-07 1.8291618e-06 2.1063936e-07 3.007681e-06 2.627589e-07 7.7955e-06 4.0248506e-05 3.0516005e-06 4.826022e-07 2.3203643e-06 2.8676293e-06 2.429302e-07 7.1726604e-06 0.00023802045 2.5291695e-07 7.769853e-07 8.972086e-08 1.6559957e-07 3.762326e-05 3.4243367e-05 8.4663384e-07 3.9265225e-07 1.4492537e-06 5.8961376e-08 9.05348e-07 4.9672294e-06 1.1749036e-06 7.654719e-07 5.710197e-07 9.973444e-07 6.4287127e-07 5.2572926e-08 6.5966987e-07 3.481969e-07 1.092794e-07 3.367248e-08
3.1018757e-05 0.105124146 0.8890383 0.029451013 0.647501 0.9965189 1.344826e-15 1.7411001e-05 0.00022082451 0.007561945 0.47422913 0.022301707 8.0871556e-05 0.00015870814 0.00013853295 1.543761e-05 0.0020770326 0.0037809073 0.3705615 3.609269e-06 0.0002534802 0.012551754 3.14873e-06 1.8861543e-05 2.1352134e-06 0.0002435539 0.00030270417 0.00019571859 0.00020151584 1.8880806e-06 0.00012899289 5.9293953e-08 1.3696039e-06 1.622742e-06 3.2323132e-07 0.0001822924 5.6222827e-08 1.785653e-08 9.354756e-05 1.1137403e-06 1.3295372e-06 1.6649776e-05 3.5688054e-06 1.6267116e-08 6.590568e-05 2.5806376e-05 2.4381801e-05 1.7063163e-06 2.5847028e-06 9.133946e-06 7.4787285e-06 6.211986e-06 1.378934e-06 7.222453e-06 8.794223e-06 1.6774235e-05 7.756223e-07 3.3453484e-06 4.2607592e-08 3.5976788e-07 1.0692984e-05 9.858096e-09 3.634253e-07 5.0916133e-06 1.2339585e-05 1.2752136e-07 3.9397955e-06 2.5328046e-07 7.231219e-06 3.7952668e-07 5.6472436e-06 3.7268203e-06 1.086057e-06 1.3132716e-07 4.3470772e-07 6.9544376e-07 8.093644e-07 2.9831626e-06 6.916832e-06 1.874921e-08 1.067736e-07 2.0868366e-07 2.1710287e-07 6.147451e-05 9.3544617e-07 5.420203e-07 7.6140566e-07 3.9982353e-07 1.8670086e-07 1.5646508e-07 6.1420354e-07 2.9813975e-07 2.3081461e-06 7.418087e-08 7.5896004e-08 4.52962e-06 5.6799692e-08 4.2390292e-07 1.430817e-08 1.5198552e-08 3.55646e-09
0.003106263 0.8391968 0.01720408 0.006426868 0.00016911788 4.757665e-06 1.7411001e-05 3.4165667e-18 0.98413575 0.8480314 0.07283879 0.38466007 0.13698208 0.09777931 0.07555104 0.06416675 0.0081455875 0.004699364 7.35407e-05 0.10413587 0.13611466 0.002223792 0.031082775 0.021524312 0.019437144 0.00041028837 1.0598353e-05 8.737993e-06 0.0064147688 0.011588443 5.895044e-05 0.0005965506 0.008792768 0.00080060476 7.804658e-06 0.0003618697 1.3903352e-06 1.3391178e-06 0.00038468261 2.048311e-05 9.47959e-05 0.00034942722 0.0019821876 6.829246e-07 0.0001417261 0.00010589194 6.0509723e-05 3.7044483e-05 4.095339e-05 0.00017899019 0.00029309004 0.00020108522 1.6638047e-05 9.146368e-06 0.00011930585 1.07290925e-05 7.207377e-08 7.722512e-08 1.9712059e-05 6.621409e-06 2.5924123e-06 7.379533e-06 1.0080463e-05 1.8637575e-06 1.4728386e-06 2.621289e-09 6.8413615e-06 3.3312555e-09 7.720296e-06 3.4233272e-09 1.3177551e-07 1.6284114e-06 4.876197e-08 2.9865355e-08 4.6778688e-08 6.960625e-08 3.853238e-06 5.7313628e-06 6.9955963e-06 2.8281169e-09 3.1808977e-06 1.4145988e-07 1.0573772e-08 8.2095285e-05 4.6665625e-07 5.159702e-07 2.4683231e-05 1.5888995e-07 4.1496974e-06 1.6390833e-05 2.0384496e-06 8.8343635e-09 0.00015663072 3.433417e-09 5.699514e-08 6.56175e-05 1.814607e-08 2.3652392e-05 3.6591105e-06 6.6626995e-07 1.7033777e-05
0.00061367115 0.41550878 0.005653648 0.55867475 0.04641617 3.6450794e-05 0.00022082451 0.98413575 1.48024e-15 0.56716704 0.002869349 0.027345994 0.030168835 0.02778028 0.012971226 0.0028657007 0.00054868 8.191908e-05 7.3537294e-06 0.052971654 0.94622123 1.695661e-05 0.013220919 0.0019142295 0.008050247 1.5507594e-05 5.247703e-07 3.8996166e-07 0.0008548702 0.0142767 1.4860575e-06 0.0002681736 0.0001650686 0.0011038545 3.6868912e-06 0.010243955 3.4440625e-05 6.0880865e-07 1.925709e-06 1.2848924e-06 1.4983491e-05 9.540781e-07 1.9147754e-05 1.5749364e-06 1.2086585e-06 3.2671212e-06 2.613722e-06 3.6116035e-06 1.8536051e-05 2.2410482e-06 1.0492385e-05 1.3359589e-05 1.7489323e-06 3.476025e-06 2.4134602e-06 1.7541045e-07 3.9435378e-07 4.399301e-07 4.497522e-06 6.461412e-07 4.5930683e-06 2.591734e-07 1.9962713e-06 1.8740772e-06 1.580196e-06 5.302509e-08 4.9564405e-06 8.300388e-08 2.2988493e-06 1.5370297e-07 2.6799692e-06 2.0728087e-06 4.8490665e-07 4.318784e-07 5.115489e-07 1.4958655e-06 2.7053156e-07 1.0952448e-05 1.0148011e-05 1.3566168e-07 4.874856e-07 4.2873353e-06 1.7077512e-07 0.0001305093 2.135195e-08 1.722772e-06 2.5774439e-06 3.0298096e-07 1.6527763e-06 4.6876585e-06 9.545337e-06 1.2194046e-07 6.26929e-05 1.3597084e-07 1.8289323e-07 5.6758898e-05 1.5506116e-07 5.8639835e-06 1.2769095e-06 5.2540423e-07 1.2865527e-06
0.5019672 0.97923267 0.32466146 0.04349375 0.0016115058 0.0019188602 0.007561945 0.8480314 0.56716704 4.6475722e-14 0.43073824 0.9503495 0.78383857 0.80402255 0.6180445 0.50902057 0.10310196 0.063180484 0.00043488355 0.68264365 0.5844675 0.07722241 0.37882945 0.29846734 0.2678463 0.028619004 0.004979215 0.00016657902 0.24200754 0.067441575 0.0001181683 0.0018531828 0.010285922 0.0007468947 1.884633e-05 0.001484546 3.8085464e-06 1.9573743e-06 0.00033252875 2.3299648e-05 2.5532201e-05 0.03411956 0.028685154 1.0536548e-06 0.00088991167 0.0020759692 0.00022814034 4.5182882e-05 3.5620458e-06 0.001500542 0.0013930076 0.015746301 0.0002612643 6.8852125e-05 0.0005400283 0.00012563016 4.016959e-07 3.0149224e-07 4.436349e-06 8.503314e-06 5.5690894e-06 3.7908538e-07 9.0418136e-05 1.2744295e-05 1.628322e-07 1.4601699e-07 0.00016611436 2.75331e-08 2.482845e-05 1.3295144e-06 2.3350677e-07 2.5729914e-06 1.4030006e-08 5.508989e-07 1.1583375e-08 1.2907876e-08 4.262355e-05 1.5005985e-05 7.61878e-05 1.436273e-10 5.1267904e-07 4.386454e-08 1.4229741e-07 0.00050184346 9.819622e-06 9.587124e-09 8.313027e-07 7.3178826e-06 5.9568617e-08 8.014201e-07 5.6941985e-07 5.4123524e-07 8.706035e-06 1.3540858e-07 8.9127646e-08 3.5516372e-05 1.1261708e-07 5.5177752e-05 1.1273708e-06 7.357861e-08 1.6252348e-07
0.3313482 0.61941814 0.9444009 0.08399601 0.019645076 0.62290055 0.47422913 0.07283879 0.002869349 0.43073824 5.8109455e-14 0.91513777 0.009530475 0.023147102 0.01692547 0.016673375 0.68484503 0.57291055 0.94039994 0.0009805838 0.00071548874 0.91019315 0.0010861544 0.008190397 0.0011276386 0.4583606 0.3785845 0.10014021 0.7483373 4.4885386e-05 0.07012913 4.3755386e-05 0.00023725895 0.0001476708 6.8683306e-07 0.0002962142 2.5511015e-06 1.6146438e-06 0.03209488 1.5822453e-06 4.128628e-07 0.16701527 0.0011356106 4.675835e-06 0.026150355 0.0041894917 0.03631851 2.6882194e-06 6.9841667e-07 0.00041517956 3.4158402e-05 0.002040927 0.0001399864 0.0039780266 0.119750515 0.015522652 1.3532318e-06 1.1066297e-06 1.964415e-06 0.0021558735 0.00016969674 1.4240874e-07 8.807429e-05 6.410499e-05 1.0163449e-05 1.1594306e-06 0.0005580012 1.0836949e-06 1.1235685e-05 7.451334e-06 7.8693965e-06 0.0007707793 9.497923e-07 1.8905897e-05 2.1933286e-06 6.139494e-07 3.4529025e-05 0.00018304671 0.00041375344 3.3245717e-09 1.8994823e-06 1.4441337e-06 2.9337048e-06 0.0009506397 0.00027439522 6.111081e-07 1.0473509e-05 0.00015615331 9.664013e-07 1.5780018e-06 1.3526087e-06 2.4224346e-06 2.0114729e-05 4.610988e-06 8.1403607e-07 1.2715718e-05 2.5036418e-06 9.029065e-06 8.2289444e-07 2.1877578e-07 2.708324e-08
0.910393 0.54278743 0.5081049 0.0062887967 0.00021440061 0.01447762 0.022301707 0.38466007 0.027345994 0.9503495 0.91513777 1.7217645e-16 0.5707661 0.64227474 0.7549022 0.7272066 0.8978779 0.73886466 0.09704735 0.10870944 0.012895801 0.39313233 0.09512599 0.31976038 0.037390094 0.44229472 0.20333879 0.01691341 0.8446369 0.0022739174 0.00668468 0.00064793264 0.059682284 8.09109e-05 0.000124194 0.0002918775 5.4832066e-07 2.4433346e-06 0.041974105 7.672231e-05 5.0177954e-05 0.44540024 0.08872876 1.3813001e-05 0.11345073 0.047437962 0.082805805 2.8795985e-05 5.7357156e-06 0.03441018 0.003250394 0.11194769 0.00775888 0.012065459 0.1585503 0.008723485 4.22709e-06 1.1765854e-06 1.0950276e-05 0.0024322118 0.0018198992 5.2758844e-07 0.0002104979 0.0028503747 1.3044428e-07 2.8159109e-06 0.0115863215 9.805234e-07 0.0005824452 1.7763844e-06 2.136947e-08 0.0021693173 1.5382483e-07 1.7516883e-06 5.902427e-08 9.981685e-09 0.00029127326 0.0013347721 0.0012436243 2.4989183e-10 1.4139451e-06 6.940077e-08 5.908389e-07 0.004669831 0.0005016903 1.773072e-08 3.1694788e-06 0.00053551415 5.33495e-07 2.4328644e-06 6.879619e-07 4.2589008e-07 9.814501e-06 8.733195e-06 1.7468429e-07 1.5167849e-05 5.3966886e-07 8.6778884e-05 2.056932e-07 2.6091354e-07 4.39253e-07
0.38006496 0.112857975 0.0011970617 0.00058142265 1.9722702e-05 0.00014019107 8.0871556e-05 0.13698208 0.030168835 0.78383857 0.009530475 0.5707661 1.5777282e-15 0.9854636 0.9768346 0.8248661 0.005991911 0.002246819 3.9941613e-05 0.64298564 0.11205438 0.0012874604 0.5043256 0.48477635 0.2539898 0.0010314968 0.00018610863 0.00022043711 0.07729785 0.04403205 0.00014282772 0.013978611 0.19367127 0.0018303083 0.0010518413 0.00040653566 2.2611237e-05 0.0003752817 0.0052188495 0.002256397 0.0034395559 0.054256372 0.10581651 4.1461826e-05 0.008489488 0.035381068 0.0044388864 0.003056985 0.0036513633 0.05330581 0.032310568 0.07122825 0.008872538 0.0026558521 0.0018662417 0.0005266208 5.037062e-06 4.6847912e-05 0.0010857206 3.4022374e-05 0.0013931483 9.7063355e-05 0.004304303 0.0013412646 3.848534e-06 8.736327e-06 0.0029492236 5.062311e-06 0.0013482533 1.29970795e-05 7.01162e-06 0.0005217003 9.6658705e-06 1.6758278e-05 1.9268205e-06 3.542002e-06 0.0010117987 0.0005765674 1.1114957e-05 1.8407438e-07 0.0001572952 2.596802e-06 1.0079972e-05 0.0014882629 6.917911e-05 4.5412985e-06 0.0006376142 0.0001988906 0.0001139389 0.00038502706 1.521928e-06 2.9798387e-06 0.00049296767 3.6576937e-06 1.5485155e-06 0.00032775226 1.4982169e-06 0.00012493729 1.0968133e-06 3.9197803e-07 0.000161669
0.46781886 0.11410859 0.0016441081 0.00060295954 3.1204792e-05 0.0002054169 0.00015870814 0.09777931 0.02778028 0.80402255 0.023147102 0.64227474 0.9854636 3.384854e-15 0.9787733 0.81322944 0.009841857 0.0037836882 9.071741e-05 0.512092 0.106696874 0.0027415352 0.36535794 0.44047388 0.1413661 0.00132746 0.00030550658 0.00032570295 0.13616194 0.03829686 0.00022049095 0.012021149 0.15818352 0.002976073 0.001260481 0.00038958556 2.8484179e-05 0.0005157118 0.0076846294 0.002356769 0.002839216 0.09710512 0.11510392 5.2174033e-05 0.013115643 0.042385034 0.0043012355 0.0024595517 0.0026203445 0.04803174 0.030080035 0.07300389 0.009140043 0.0026243024 0.0026070715 0.0009688884 4.6890354e-06 6.133145e-05 0.00062904134 0.00017158854 0.0013369748 9.603808e-05 0.0035609826 0.001745179 4.9838413e-06 1.3382658e-05 0.0042938744 7.0338415e-06 0.0017672413 1.3111902e-05 1.0627957e-05 0.0005660948 1.337268e-05 1.2978291e-05 1.3299632e-06 4.583722e-06 0.00087650184 0.0009160977 2.9579962e-05 2.9486426e-07 8.854533e-05 1.1226307e-06 5.77789e-06 0.0018418536 0.00013643764 2.3386456e-06 0.00036887205 6.0709946e-05 7.1863855e-05 0.0002569022 7.5543073e-07 2.9226994e-06 0.00024933557 2.2453441e-06 1.3330019e-06 0.0002768479 4.2450208e-07 0.000100439735 5.355963e-07 1.6306188e-07 9.021297e-05
0.39976007 0.06324309 0.0021215763 0.0008417656 2.9058834e-05 0.00050451537 0.00013853295 0.07555104 0.012971226 0.6180445 0.01692547 0.7549022 0.9768346 0.9787733 3.32137e-17 0.96727353 0.0154868765 0.007447325 0.00010959747 0.35867205 0.01693725 0.0044324757 0.4136138 0.6513568 0.108886056 0.0028868618 0.0007421124 0.0009669739 0.21683525 0.012953826 0.0006236002 0.0051065697 0.1755784 0.0010628332 0.0006422904 0.00038946068 3.6085963e-05 0.00014117491 0.022659972 0.0012615207 0.0023970616 0.091263875 0.10251962 4.2142645e-05 0.029903922 0.05960694 0.004091931 0.00070374244 0.0012932299 0.12735088 0.024541881 0.074156396 0.016725397 0.0030591507 0.0024515954 0.0011483029 2.1646829e-06 1.1089662e-05 0.00016431378 0.0007822139 0.0014426608 1.6411152e-05 0.001550203 0.0019580636 4.927888e-06 7.755599e-06 0.0034285097 8.061564e-06 0.0022417475 1.4603829e-05 6.6289463e-06 0.0015574715 2.790695e-06 1.6203769e-05 1.067025e-06 1.9808836e-06 0.00066951336 0.00090517785 8.4610765e-05 5.5377782e-08 5.0216113e-05 2.2602173e-06 1.6893644e-05 0.0024574131 0.00034401842 1.3040889e-06 0.00017091715 0.00020774375 2.8702385e-05 7.344643e-05 8.1848947e-07 2.7404215e-06 0.00010971345 7.6751434e-07 1.6602306e-07 0.00011030947 1.656058e-06 0.00011639707 1.1081705e-06 1.4296134e-07 5.3665262e-05
0.8413702 0.016050112 0.0010457755 0.0001826904 1.6683496e-06 6.372531e-05 1.543761e-05 0.06416675 0.0028657007 0.50902057 0.016673375 0.7272066 0.8248661 0.81322944 0.96727353 2.889269e-17 0.01884032 0.008898752 0.00015364385 0.23282687 0.0063307867 0.0034093491 0.45400542 0.98034436 0.2255961 0.002926511 0.0006100237 0.00075166975 0.3897312 0.021219378 0.0004800123 0.00765086 0.5433591 0.00097236474 0.00027917122 0.00017281216 2.952233e-05 4.837427e-05 0.04443945 0.00059297105 0.0022001981 0.14707717 0.25337642 3.825506e-06 0.057329364 0.12230914 0.009551371 0.00021909243 0.0006867205 0.26745135 0.06479868 0.2596662 0.04590039 0.0066268486 0.0028258525 0.0044202846 6.0825582e-06 4.0652824e-07 9.6970085e-05 0.0012500078 0.0015857873 6.3880075e-06 0.0031510147 0.0069767153 3.072118e-07 4.5655833e-07 0.024388231 3.8679914e-06 0.0018375894 1.5589939e-07 3.707127e-07 0.0019077216 4.482951e-07 4.8859633e-06 6.318819e-08 2.1243015e-07 0.0005436814 0.0016885987 0.00047022238 8.199082e-09 2.8649902e-05 1.1839173e-06 4.504849e-06 0.0033495212 0.0005852615 6.441038e-08 0.00025493163 1.8756535e-05 1.3359718e-05 1.0465471e-05 2.849366e-07 1.2223846e-06 0.00015248235 8.121521e-06 2.1972926e-07 9.274578e-05 1.4767345e-06 0.0001414037 9.713984e-07 7.2753335e-07 2.7087233e-05
0.4236572 0.090740696 0.1032198 0.0005696497 3.4991328e-05 0.007408134 0.0020770326 0.0081455875 0.00054868 0.10310196 0.68484503 0.8978779 0.005991911 0.009841857 0.0154868765 0.01884032 7.68794e-17 0.9958508 0.08743781 0.00081000186 0.0010363753 0.7464865 0.00075981824 0.008425671 0.001120319 0.5344301 0.41134685 0.038593937 0.6269614 0.00046827347 0.004153247 0.00016811158 0.013782151 2.196662e-05 1.4454173e-05 0.000109902576 3.812635e-06 2.2519532e-06 0.11766204 4.230512e-05 1.8761706e-05 0.17668848 0.01618107 6.879256e-06 0.065571435 0.04500171 0.052728593 1.9667086e-05 1.9077415e-05 0.014400739 0.00047334618 0.002857718 0.0031627065 0.010568749 0.03702712 0.0022115624 1.2350988e-06 1.3046114e-06 1.14213635e-05 0.00077780645 0.0020174196 3.0955957e-07 8.09772e-05 0.0022283008 2.4984837e-07 4.559914e-07 0.0020033615 2.4596347e-06 0.00025430927 4.3573605e-06 2.2907639e-07 0.004481242 2.678601e-07 1.2899429e-05 5.03989e-07 6.0247004e-08 0.00046957235 0.0018032094 0.00064412446 1.3575155e-08 5.1291354e-06 8.927703e-08 4.9868086e-06 0.0028517474 0.0007030991 6.990174e-08 4.932747e-05 0.00013708376 8.545673e-07 9.532405e-07 4.2904745e-07 1.7714074e-06 4.7975853e-05 6.03401e-06 2.8679997e-07 1.3544979e-05 2.0390892e-06 2.5846878e-06 2.3497418e-07 3.593098e-07 1.7185679e-06
0.34829772 0.058149304 0.11339924 0.0006184898 5.6296627e-05 0.007987428 0.0037809073 0.004699364 8.191908e-05 0.063180484 0.57291055 0.73886466 0.002246819 0.0037836882 0.007447325 0.008898752 0.9958508 3.0112278e-16 0.11933772 0.000127569 0.00022171668 0.894757 0.00027575882 0.0074515804 0.00066534546 0.59382826 0.41366175 0.07916209 0.69619554 2.2200156e-05 0.016186086 8.817136e-05 0.0063993884 3.2057556e-05 2.152096e-06 6.8012276e-05 3.8252874e-06 1.0106303e-06 0.13185517 1.21516605e-05 9.535702e-06 0.19905236 0.0064343037 1.568726e-06 0.061960507 0.03809318 0.06287512 6.530931e-06 1.1647541e-05 0.010921253 0.000310582 0.0023577672 0.00195534 0.011763634 0.064582795 0.003331455 2.826731e-07 6.4946187e-07 1.8393986e-06 0.0012062469 0.0018110551 2.4013513e-08 1.1417682e-05 0.0019169105 6.720449e-08 1.9643522e-07 0.0019538365 1.0155353e-06 0.00044992482 1.3870164e-06 1.99735e-07 0.004892853 1.5531489e-08 1.5782676e-05 7.52135e-08 1.507927e-08 0.0004592357 0.0019108006 0.0013457875 9.447869e-10 5.136353e-07 2.1076039e-08 3.4589784e-06 0.0043729404 0.00086946524 6.575719e-09 5.445957e-06 2.9182835e-05 1.15872034e-07 1.2191835e-07 3.1872318e-08 6.431313e-07 6.2554195e-06 5.799766e-07 5.1465392e-08 8.87189e-06 7.030579e-07 7.8279334e-07 2.860461e-07 2.614588e-07 3.143424e-07
0.29556647 0.010428291 0.13716567 0.00021209726 0.0006528653 0.5359706 0.3705615 7.35407e-05 7.3537294e-06 0.00043488355 0.94039994 0.09704735 3.9941613e-05 9.071741e-05 0.00010959747 0.00015364385 0.08743781 0.11933772 1.1628266e-12 5.505777e-06 5.7543963e-05 0.8610205 2.573417e-05 5.48408e-05 1.1818931e-05 0.121305756 0.13266061 0.35931718 0.48305222 2.1986102e-06 0.9847432 2.3449054e-06 1.5451307e-05 2.1141366e-06 2.6529735e-06 0.00021260437 7.635457e-07 1.1091993e-06 0.029071895 1.0114475e-05 6.7886526e-06 0.012443319 4.3827154e-06 1.8259251e-06 0.005473667 8.464329e-05 0.012880764 5.425342e-06 3.1209981e-06 1.2865902e-05 1.6236553e-06 3.974348e-06 3.1293014e-06 0.001380103 0.59986717 0.29028597 1.8718534e-06 1.0668365e-05 4.3982016e-07 0.04873449 0.00027671826 1.6128809e-07 4.3502206e-07 1.0019621e-05 2.0274287e-05 1.2355606e-06 1.7097476e-05 2.7155696e-05 1.8816778e-06 2.5683321e-05 5.3602016e-06 0.0025981052 2.5404336e-06 4.615128e-06 1.4171131e-05 1.8228005e-06 1.4615422e-05 0.00036902612 0.013125128 9.413001e-08 1.0841798e-06 5.2385353e-06 9.995193e-07 0.0020060812 0.001438276 8.9489754e-07 1.4451456e-07 2.967391e-05 5.6261012e-08 6.2029847e-07 1.7214639e-07 8.903951e-07 8.4082035e-07 4.3955936e-07 4.1963528e-07 2.4549759e-06 7.2318606e-08 7.132014e-06 1.475884e-08 1.6684035e-08 4.4701925e-10
0.26855245 0.03177122 5.184019e-05 0.0004696346 6.221964e-06 8.834782e-06 3.609269e-06 0.10413587 0.052971654 0.68264365 0.0009805838 0.10870944 0.64298564 0.512092 0.35867205 0.23282687 0.00081000186 0.000127569 5.505777e-06 4.159695e-15 0.5865227 0.00030875427 0.98213834 0.38558194 0.9693433 0.00013734691 1.2268922e-05 1.3913551e-06 0.009963873 0.68844306 3.6413603e-06 0.33506155 0.12917866 0.065964624 0.013096189 0.008147576 0.00076228165 0.0012585777 9.2117014e-05 0.004934331 0.005204396 0.0051613026 0.06422308 0.0009796412 0.00029672423 0.004889236 0.00015469287 0.0034416039 0.002928316 0.0076976637 0.013759629 0.027291346 0.0019115006 0.00020850456 0.0004111554 9.071287e-06 4.705146e-05 1.2686272e-05 0.00040691966 4.2622105e-06 0.00012878221 8.4679465e-05 0.0059003965 0.0006285598 3.411946e-07 9.295578e-06 0.00096045545 2.2876848e-06 0.00029606506 1.8691062e-06 2.3270102e-06 5.5115117e-05 1.2129736e-06 3.333128e-05 1.464924e-06 5.665787e-07 0.00029709798 0.00022372196 3.8278074e-05 8.151947e-08 8.8985225e-06 7.588193e-07 1.2766654e-05 0.0022077374 1.655241e-05 1.0672785e-06 6.109321e-05 6.332335e-05 1.482679e-05 5.638663e-05 3.698287e-06 4.3308316e-07 0.00012231381 3.5614612e-06 3.906406e-07 0.00030482266 8.1014116e-07 0.00014433228 9.627554e-06 2.677453e-06 6.384314e-05
0.024217233 0.10557334 0.00040160707 0.017704668 0.0005985743 2.8064778e-05 0.0002534802 0.13611466 0.94622123 0.5844675 0.00071548874 0.012895801 0.11205438 0.106696874 0.01693725 0.0063307867 0.0010363753 0.00022171668 5.7543963e-05 0.5865227 8.042348e-14 0.0020356192 0.22789611 0.006818126 0.3094485 2.4033207e-05 1.3556177e-06 1.0258192e-06 0.00024464756 0.92288834 8.520772e-05 0.38834414 0.0017881412 0.83339673 0.18298292 0.8873197 0.14143237 0.0018427129 4.456551e-06 0.003171942 0.0040273196 5.6477825e-06 0.0011268163 0.02091557 9.6647425e-05 0.0001232422 3.6695573e-07 0.00039348242 0.00058666663 1.254699e-05 2.0017267e-05 3.1097512e-05 1.5273253e-06 2.9449695e-05 0.00014752553 9.809429e-06 0.0034438837 0.00071050395 8.252069e-06 1.4575381e-06 8.363902e-06 1.6363446e-06 9.884419e-05 3.6261397e-06 0.00016593655 4.1513187e-05 1.7687855e-06 1.0068876e-05 4.199682e-06 0.000121563615 4.6544912e-05 1.2135113e-05 4.677677e-06 0.00017411474 8.4348605e-05 3.0738207e-05 2.1943546e-05 1.1049514e-05 0.00070994574 4.786215e-07 9.981086e-07 2.9302992e-06 0.00018031025 0.000702074 4.3537526e-07 8.1369376e-07 4.732311e-06 8.990155e-05 2.3347748e-06 7.924615e-06 9.441935e-06 7.7271716e-07 0.00010536529 1.3275061e-06 1.6308351e-05 0.0005141232 1.1845752e-05 3.422293e-05 1.5811254e-05 2.527571e-05 8.206206e-06
0.75057155 0.04421523 0.24335203 0.0009729264 9.303998e-05 0.04626908 0.012551754 0.002223792 1.695661e-05 0.07722241 0.91019315 0.39313233 0.0012874604 0.0027415352 0.0044324757 0.0034093491 0.7464865 0.894757 0.8610205 0.00030875427 0.0020356192 2.084031e-12 0.00035478556 0.00326357 0.00025372012 0.8615447 0.920075 0.95853156 0.7319011 0.00019301087 0.81377596 5.1947285e-05 0.0024577847 0.0004231172 1.4033894e-05 0.0008905845 7.695439e-05 2.0448526e-05 0.12543602 5.7204612e-05 1.4335687e-05 0.23140715 0.0018860382 0.0005065979 0.09078086 0.015792342 0.12729181 1.715029e-05 2.1799166e-05 0.002782299 0.00013941553 0.0020636728 0.0013615142 0.014922316 0.46257326 0.034618285 1.5583768e-05 1.4933192e-05 7.863688e-06 0.009688543 0.002001594 5.095203e-08 8.424996e-05 0.0010721738 7.4894565e-06 1.5411615e-05 0.0024296455 6.6455905e-05 0.0005047225 1.4733774e-05 1.2960646e-06 0.004415898 6.7648074e-07 5.24955e-05 3.195227e-06 1.2644601e-07 0.00039327552 0.0019242149 0.00463021 2.063864e-09 2.4640073e-07 5.897068e-07 8.63187e-06 0.0056005884 0.0011532282 6.234384e-08 1.6569508e-06 0.0058688233 1.7810951e-06 2.228904e-07 1.627178e-07 2.5354766e-06 3.4757797e-06 4.2088923e-06 1.9482804e-06 1.1537187e-05 5.240104e-06 1.9990566e-06 6.48607e-07 1.0873431e-06 9.164432e-08
0.49454227 0.0049098725 2.159327e-05 0.00013347944 3.3704225e-06 1.7627042e-05 3.14873e-06 0.031082775 0.013220919 0.37882945 0.0010861544 0.09512599 0.5043256 0.36535794 0.4136138 0.45400542 0.00075981824 0.00027575882 2.573417e-05 0.98213834 0.22789611 0.00035478556 3.1569794e-16 0.6478415 0.98038137 6.5556706e-05 8.91603e-06 2.1714843e-05 0.010652287 0.4023351 9.678512e-05 0.19973218 0.5543456 0.03196795 0.005792901 0.0015890533 0.00037770995 0.0007418435 0.0011260418 0.003813446 0.0048938612 0.02549281 0.19480434 0.00048492657 0.0020179134 0.014615478 0.00051445427 0.0022772779 0.004752249 0.03898066 0.045523517 0.09744475 0.007085917 0.0010897615 0.00097559486 0.00048809522 2.3328399e-05 1.2243954e-05 0.00094554824 0.0001597564 0.00026436994 0.00011757633 0.015014018 0.0011357091 1.6191124e-06 1.7293398e-06 0.0018392612 2.7274933e-07 0.00050833775 9.646675e-07 8.6988194e-07 0.00040836507 2.6543755e-06 3.398142e-05 1.6186777e-07 2.3261592e-07 0.0005425727 0.00048773253 4.1487263e-05 7.1659767e-09 3.6439327e-05 2.8141765e-06 2.2915723e-05 0.0014742953 0.00012337309 1.2040739e-06 0.0005534651 3.2207958e-05 0.00012167995 7.616113e-05 1.915118e-06 1.07243e-06 0.0005380168 1.3883622e-06 9.538538e-08 0.00033237084 2.825393e-06 9.760144e-05 1.1223899e-06 1.3015245e-06 7.325448e-05
0.94579124 0.008367465 0.00050623546 0.00018914147 1.3771927e-06 1.9907115e-05 1.8861543e-05 0.021524312 0.0019142295 0.29846734 0.008190397 0.31976038 0.48477635 0.44047388 0.6513568 0.98034436 0.008425671 0.0074515804 5.48408e-05 0.38558194 0.006818126 0.00326357 0.6478415 5.780143e-16 0.5294444 0.002452044 0.0008193006 0.00010694253 0.16633032 0.051276784 8.504364e-05 0.04236665 0.9354647 0.007334424 0.0022320081 0.00039395515 0.00014810589 0.00043661584 0.008488204 0.0029855748 0.008255922 0.18423119 0.5457838 0.00045344114 0.0294118 0.15507865 0.009776654 0.0012509612 0.0037315579 0.38267186 0.26600468 0.62338483 0.14036198 0.00893255 0.0031470414 0.0033906675 5.8488735e-05 7.5128055e-06 0.00051506516 0.00029745122 0.0013253925 7.647577e-05 0.028790921 0.013888975 1.488541e-06 2.1834028e-06 0.060826942 6.641292e-06 0.0047340426 1.5184168e-06 2.8236286e-06 0.0022172083 1.9944903e-06 6.480774e-06 1.4647229e-06 4.2574675e-07 0.0030975465 0.0019397635 0.00028163785 5.297253e-08 0.00029788874 2.9608818e-06 4.936844e-06 0.006817525 0.00036501425 1.3236391e-06 0.0034908669 1.7000862e-05 9.690982e-05 0.0002812277 7.855668e-06 6.2386607e-06 0.0006875252 1.8184433e-05 4.383721e-07 0.0003474502 2.0689922e-05 0.00055491424 2.2219338e-06 1.306899e-06 0.00012596477
0.76109254 0.002746353 1.2622517e-05 4.7111313e-05 1.2872364e-06 7.9440615e-06 2.1352134e-06 0.019437144 0.008050247 0.2678463 0.0011276386 0.037390094 0.2539898 0.1413661 0.108886056 0.2255961 0.001120319 0.00066534546 1.1818931e-05 0.9693433 0.3094485 0.00025372012 0.98038137 0.5294444 3.1778205e-17 0.00017980147 5.0109145e-05 4.0678324e-06 0.010134729 0.7671455 1.1806291e-05 0.75954795 0.74781597 0.1311001 0.0718788 0.01012414 0.0042719794 0.0230071 2.056881e-05 0.04524088 0.1003787 0.009092694 0.21051423 0.025542105 0.0011368871 0.008503124 0.0002058878 0.017402196 0.05912115 0.032632817 0.095291935 0.14336012 0.0076112235 0.0003035917 0.0015421248 3.7855978e-05 0.0013904155 0.00045288642 0.007486843 2.81333e-05 0.00032100035 0.0008368761 0.044795424 0.0028173614 2.8891767e-05 0.00010908642 0.0034511713 1.4069728e-05 0.00059823785 1.5621505e-05 1.0041028e-05 0.00028479006 3.3184206e-05 0.00016434699 1.4972486e-06 5.6567087e-06 0.0006485174 0.00022910273 2.7577737e-05 2.6570717e-07 0.00022186265 1.3843873e-05 0.00012840828 0.0010897953 5.4019533e-06 1.8104316e-05 0.0019438098 0.00020513088 0.00071154244 0.00033499778 4.2557465e-05 4.9560954e-06 0.0012725042 3.4959287e-06 2.2487297e-06 0.00089515117 1.7378627e-06 0.0004013603 7.205797e-06 2.3966156e-06 0.0002470729
0.6550442 0.00096908154 0.0067289765 1.9058414e-05 4.7665485e-06 0.0005164882 0.0002435539 0.00041028837 1.5507594e-05 0.028619004 0.4583606 0.44229472 0.0010314968 0.00132746 0.0028868618 0.002926511 0.5344301 0.59382826 0.121305756 0.00013734691 2.4033207e-05 0.8615447 6.5556706e-05 0.002452044 0.00017980147 7.5064695e-17 0.97372687 0.4816994 0.95393413 0.00011938256 0.036903445 3.7183123e-05 0.0073812907 7.837225e-07 1.7232651e-06 6.122929e-05 3.291612e-06 1.4314654e-06 0.56037575 4.554931e-06 2.8727125e-06 0.32111558 0.024552705 6.864231e-07 0.15725735 0.082049444 0.14513347 3.133539e-06 2.0448124e-06 0.054388307 0.0009303254 0.004456708 0.0056396206 0.026942914 0.14153095 0.008169268 2.8210204e-06 1.8505054e-07 1.523534e-06 0.0019702886 0.0037302626 1.421493e-07 3.4010045e-05 0.0049002687 4.883198e-07 2.1179162e-06 0.009301324 8.429903e-06 0.0007963974 8.3638736e-07 5.605143e-07 0.0067536053 2.5177181e-08 1.2610557e-05 3.7666766e-07 3.3273903e-08 0.0009392925 0.0022650165 0.0011297106 3.410054e-08 2.0638515e-06 2.6465852e-08 5.16032e-06 0.006241961 0.00038129516 1.3588082e-08 5.056982e-05 8.795564e-06 2.1929716e-07 2.9227843e-07 5.99596e-08 1.1752151e-06 0.000101462356 3.1358559e-06 2.5876216e-07 5.4117692e-05 3.419412e-07 1.0347472e-05 1.6017003e-07 2.7794056e-07 4.6255775e-07
0.6558074 0.00013760847 0.0044537024 4.0736245e-06 4.116907e-07 0.0020606765 0.00030270417 1.0598353e-05 5.247703e-07 0.004979215 0.3785845 0.20333879 0.00018610863 0.00030550658 0.0007421124 0.0006100237 0.41134685 0.41366175 0.13266061 1.2268922e-05 1.3556177e-06 0.920075 8.91603e-06 0.0008193006 5.0109145e-05 0.97372687 1.7163405e-17 0.9148523 0.8838868 2.6212518e-07 0.22139184 4.9636446e-06 0.00086961035 4.3751135e-07 4.301152e-08 4.5250672e-05 9.635816e-07 1.5611064e-07 0.56623584 3.364563e-07 2.568337e-07 0.38673267 0.0039390465 3.244526e-08 0.23361216 0.053061683 0.18723586 1.2726042e-07 1.6976026e-07 0.01650365 0.00016723816 0.0009795328 0.0027509506 0.028210893 0.2712591 0.021260668 2.0592931e-07 1.1583992e-08 1.712053e-07 0.008450566 0.0034469776 3.1053087e-09 2.12694e-06 0.0026202982 5.3660063e-08 1.0326335e-07 0.0054468075 4.3665472e-07 0.00048904226 1.5379668e-07 5.1856283e-08 0.009270409 1.0315085e-09 1.520048e-06 3.2734537e-09 4.862208e-09 0.000275109 0.0017545809 0.0049633225 1.3557779e-10 2.5945196e-08 2.3978899e-09 7.6855224e-07 0.0045706793 0.0008580749 2.6533858e-10 1.0233081e-06 2.2685529e-06 1.1447747e-08 5.76443e-09 3.6516393e-10 2.9885487e-07 1.8593017e-06 7.803236e-08 4.842624e-09 3.814013e-06 4.405789e-08 7.335791e-08 1.6465462e-08 5.541579e-09 1.9183721e-09
0.35579953 2.3746981e-05 0.00047088292 1.4607332e-06 1.17970266e-07 0.00097451935 0.00019571859 8.737993e-06 3.8996166e-07 0.00016657902 0.10014021 0.01691341 0.00022043711 0.00032570295 0.0009669739 0.00075166975 0.038593937 0.07916209 0.35931718 1.3913551e-06 1.0258192e-06 0.95853156 2.1714843e-05 0.00010694253 4.0678324e-06 0.4816994 0.9148523 7.276907e-17 0.50342757 2.9935805e-07 0.9788334 2.6169369e-06 0.00029406292 1.4124285e-05 1.7939423e-07 3.207141e-05 5.276244e-06 5.6344106e-07 0.8237425 2.8241968e-06 1.691085e-06 0.17628586 0.00021070677 4.2960139e-07 0.30390677 0.018123483 0.26068586 4.4520198e-07 1.1915336e-06 0.0024905705 7.2791686e-06 0.00010400109 0.0005707764 0.059404008 0.7295381 0.24088754 4.200357e-07 5.0120656e-07 1.5383026e-07 0.05801555 0.008749301 1.0502434e-09 2.3670356e-07 0.0039007105 6.5450695e-07 3.7098312e-06 0.0018094789 1.2980388e-06 0.00017399405 1.9063912e-06 6.481154e-07 0.05059486 1.9963684e-08 4.6817364e-05 1.6467794e-07 8.686761e-08 7.9367506e-05 0.010044238 0.03741732 2.6953155e-09 4.3032777e-08 1.38771625e-08 6.9434864e-06 0.011588929 0.0067368774 1.287119e-09 4.8090277e-07 1.6954817e-05 3.186016e-08 4.3356803e-08 3.0186925e-08 2.7229983e-06 2.878356e-06 4.230663e-06 3.773972e-09 2.489264e-06 1.9795616e-06 1.8612585e-06 3.5576508e-07 2.0706075e-08 6.3294308e-09
0.9664342 0.01811469 0.017267922 5.825398e-05 2.8156528e-06 0.00072929444 0.00020151584 0.0064147688 0.0008548702 0.24200754 0.7483373 0.8446369 0.07729785 0.13616194 0.21683525 0.3897312 0.6269614 0.69619554 0.48305222 0.009963873 0.00024464756 0.7319011 0.010652287 0.16633032 0.010134729 0.95393413 0.8838868 0.50342757 4.8494114e-15 0.00059526 0.23623493 0.0011385297 0.016763864 4.8876525e-05 0.00013375124 0.00010192166 7.007524e-07 6.686806e-05 0.68325114 0.00015326233 7.6196215e-05 0.75591516 0.06592528 7.675118e-06 0.44113037 0.47112516 0.40694147 1.6251806e-05 1.8488896e-05 0.22337194 0.00385393 0.05139921 0.06128866 0.13927175 0.33241233 0.020006265 4.8089456e-05 5.846059e-06 5.6139784e-06 0.0042617046 0.022088781 1.6166993e-06 7.94302e-05 0.05096181 8.37516e-07 1.554897e-05 0.115281574 6.4580395e-06 0.0037783538 3.215753e-05 1.8883173e-07 0.036603663 4.3587292e-07 4.222191e-06 2.7576957e-06 7.85811e-08 0.002050464 0.013342764 0.01054774 2.0587315e-07 2.5375484e-05 2.2267776e-07 2.022679e-06 0.040716086 0.0022939767 7.0585294e-08 0.0004639583 0.0007775936 6.2904696e-06 1.4897432e-05 8.3735944e-07 1.1656164e-05 0.00020132607 1.2229915e-05 4.837505e-07 0.00016032846 7.907833e-06 0.00016095197 8.9781935e-07 9.644071e-07 8.731355e-06
0.25266117 0.0011846675 2.235847e-05 0.00051972066 1.2919822e-06 1.5328555e-06 1.8880806e-06 0.011588443 0.0142767 0.067441575 4.4885386e-05 0.0022739174 0.04403205 0.03829686 0.012953826 0.021219378 0.00046827347 2.2200156e-05 2.1986102e-06 0.68844306 0.92288834 0.00019301087 0.4023351 0.051276784 0.7671455 0.00011938256 2.6212518e-07 2.9935805e-07 0.00059526 4.149075e-16 4.4336925e-06 0.9745696 0.13659073 0.7742986 0.49562725 0.18461798 0.21500325 0.10527054 1.9399188e-06 0.06840738 0.07434663 0.0003851707 0.054543134 0.070093304 1.0031983e-05 0.00018633116 2.623819e-06 0.019490302 0.011088324 0.00075600116 0.008709329 0.011206187 0.0002416636 4.972834e-05 2.635894e-05 1.668186e-06 0.0016126687 0.00018909296 0.00063361024 3.8829097e-07 5.721145e-06 0.00020547803 0.0062568965 2.5072199e-05 2.3256049e-05 5.327781e-05 5.5185646e-05 2.4564956e-06 1.7156408e-05 1.2164798e-05 1.9603951e-06 9.951778e-06 2.776902e-07 8.0237915e-05 1.9510192e-06 1.6329173e-07 7.1967033e-06 2.8049797e-05 1.6383285e-05 4.1484032e-08 1.6451095e-05 4.7549893e-06 4.8674327e-05 0.00020602725 8.897496e-06 4.6639843e-06 4.1130344e-05 2.0402272e-06 5.09897e-06 0.0001246877 8.197989e-05 1.0946298e-07 9.1733906e-05 2.331098e-07 2.505813e-08 5.7714387e-05 6.131063e-07 8.49284e-05 2.259894e-06 4.4451727e-07 0.000108853426
