4.136086e-23 0.9610794 0.90613043 0.7974639 0.9284089 0.93185157 0.82257533 0.93689966 0.7201789 0.9823943 0.8791887 0.90363294 0.5531313 0.54483765 0.5123303 0.92659587 0.95568216 0.16589211 0.98428833 0.79181165 0.46262753 0.904901 0.01133657 0.8367155 0.43805677 0.6181464 0.011823238 0.8211132 0.833197 0.982108 0.6275275 0.0069102296 0.41482043 0.030167138 0.36274025 0.7703049 0.699101 0.091795176 0.8934577 0.057284072 0.8274867 0.012549923 0.0062525487 0.9195215 0.90845793 0.37346134 0.06094903 0.9393974 0.9851748 0.7925152 0.99661803 0.15024717 0.002427062 0.96421534 0.00016474449 0.000813266 0.0007895682 0.0064547174 0.94094384 0.004001539 0.94577444 0.38371688 0.19824514 0.009663826 0.8979519 0.10806022 8.688319e-06 0.89398056 0.0028745213 3.098434e-05 0.9850553 0.48916793 0.9742611 0.7080646 0.70326227 0.9263185 0.2490448 0.9769853 0.99855673 0.99527097 0.04634913 0.18556245 0.9993499 0.12756862 0.9988678 5.0916233e-06 0.99265355 0.30468547 0.005519741 0.11412228 0.9992608 0.9995518 0.6724167 0.006194857 0.011399106 0.1525261 0.009006907 0.9850574 0.008988857 0.9998997 0.024788255
0.9610794 2.8840714e-17 0.85432243 0.9546228 0.71433043 0.40079305 0.34376073 0.6193053 0.6128478 0.013645612 0.016336115 0.6982845 0.06250985 0.36608943 0.4604221 0.0089067845 0.5259775 0.0051624742 0.1268723 0.47151008 0.00068107434 0.0044100066 0.00926835 0.00022132037 0.0022443882 0.7610263 0.012955903 0.0007543091 0.0018657654 0.011983748 0.0004586665 0.0015686199 0.00010660477 0.049272817 0.17708491 4.9943087e-06 0.00018124779 0.085867465 0.002308351 0.00015160583 0.00017062611 0.00034691236 0.016984643 1.2220916e-05 0.004688964 5.008487e-05 0.038197488 0.0046913414 0.2924096 4.9246746e-06 0.0033693493 2.6345558e-06 0.102339685 0.041985694 0.01136854 0.011762552 4.9651785e-06 0.00017204406 0.015377865 0.0074538686 0.017386818 1.0511367e-06 5.680376e-06 8.036577e-06 0.0002454697 1.2662878e-06 0.00053656107 7.665631e-06 1.8638615e-05 7.929824e-06 0.00032119357 4.8478664e-06 0.00600437 3.5884244e-05 3.9727583e-05 0.00022335848 2.2699714e-07 0.03956675 0.00014725115 0.01041463 4.8320226e-07 9.714531e-07 0.00025665265 1.00245325e-05 0.022073265 0.000108985136 0.0021669518 3.316378e-08 9.421014e-06 4.722117e-08 0.0028193125 0.02385442 1.9677871e-07 2.5486828e-05 4.2865913e-06 1.4833579e-07 2.6196122e-07 9.8895896e-08 4.2224826e-07 0.00024134625 4.0315658e-07
0.90613043 0.85432243 2.2886547e-16 0.93706465 0.95349354 0.03728138 0.7656853 0.19522403 0.09337215 0.0019750916 0.002967234 0.29855496 0.29710215 0.03130763 0.6295441 0.0010590018 0.34332463 0.0011883354 0.5264786 0.076088406 0.00015277958 0.059718605 0.05932913 6.028083e-05 0.0005691308 0.48802197 0.06604067 0.0074462458 0.016643152 0.045314223 0.006230584 0.01094784 0.0036780047 0.07676589 0.02813114 3.0752851e-06 5.1837764e-05 0.009312898 0.00074643997 0.0005940631 4.5922035e-05 0.006712706 0.019541988 5.384071e-06 0.0031499811 1.6854043e-05 0.0028570965 0.0018153021 0.22919051 0.00028599388 0.024497932 1.7926761e-06 0.032361012 0.05936902 0.0031041813 0.0027420127 8.1450584e-05 0.0004997737 0.010903754 0.00069093134 0.023656474 3.8772518e-07 1.522561e-06 9.334705e-07 4.088436e-05 4.491129e-05 0.00055121194 0.00027213787 2.1598821e-06 2.2131391e-05 4.427492e-05 0.00015351978 0.0077144043 9.720875e-06 5.324558e-06 1.7937902e-05 1.1133691e-05 0.030713903 0.0007864749 0.011096746 3.4138955e-07 2.9020975e-07 0.00391242 0.000114305345 0.029064033 1.63455e-05 0.0024134407 1.0878003e-08 8.044269e-06 2.006293e-08 0.0049037985 0.036155332 9.391133e-06 1.3388593e-05 3.3806527e-06 9.85039e-07 1.7079184e-06 9.620669e-08 1.4072903e-06 0.00013262674 2.4800631e-06
0.7974639 0.9546228 0.93706465 1.115822e-17 0.6097723 0.23092976 0.7362371 0.1873689 0.6688423 0.011500294 0.014703281 0.20116848 0.2972361 0.27640033 0.7652855 0.004618662 0.14902186 0.0032144792 0.09943421 0.2737558 0.00038149374 0.010261212 0.13878171 6.5762404e-05 0.0005052802 0.7773977 0.08933848 0.00061494537 0.006127311 0.0068248003 0.000548414 0.004787181 0.00015907075 0.06032739 0.09076943 4.2320394e-06 0.00010052818 0.04888624 0.0004050332 4.685354e-05 7.3654475e-05 0.0010749396 0.039295867 1.5376925e-05 0.0018777048 3.0035091e-05 0.012761495 0.0014221325 0.15786633 2.578297e-06 0.0020121406 1.670048e-06 0.10308191 0.013369284 0.015511598 0.015978469 1.3668515e-05 5.143284e-05 0.004384399 0.0037548793 0.0069422293 5.462626e-07 3.43429e-06 5.5322647e-07 0.0001911753 1.3464408e-07 0.0019723473 8.794743e-06 6.579662e-06 3.0217486e-06 0.00028054116 1.13622955e-05 0.0012320937 7.096954e-05 2.9961911e-05 1.4576668e-05 4.2738085e-07 0.019281697 5.8602294e-05 0.0039521204 2.3733443e-07 5.584033e-08 0.00045939122 1.5252496e-06 0.016713167 0.0001724952 0.0009863854 3.0414848e-09 2.250416e-06 4.7890913e-09 0.001857796 0.012723209 4.0370713e-07 2.4370176e-05 3.3115762e-07 4.0519577e-08 9.846e-08 9.488571e-07 1.4154827e-07 0.00015941382 2.8222675e-07
0.9284089 0.71433043 0.95349354 0.6097723 3.2974973e-17 0.009913743 0.8534568 0.17630808 0.021073774 0.00019809365 0.00035473195 0.45664415 0.4621091 0.007899135 0.40083954 0.00020158292 0.669248 0.00034541672 0.8705998 0.0066922097 2.2628108e-05 0.44945624 0.05973675 6.881756e-06 0.00019335834 0.12710553 0.025723653 0.07852485 0.18362121 0.19518888 0.04703135 0.011782626 0.02140346 0.018850885 0.0019641716 9.665677e-08 3.2554237e-06 0.0007382448 0.00028396887 0.003632651 9.434305e-07 0.0078162 0.0043195076 5.8048954e-07 0.0022267897 1.7520358e-06 0.00018699178 0.0013804085 0.36157015 0.00028857606 0.08804592 2.6739608e-07 0.0026394231 0.40615398 0.00027330304 0.00052225136 0.0001312342 0.00077643944 0.015762288 2.7092325e-05 0.11868248 1.7463965e-07 9.1956036e-07 2.6874233e-07 5.7738307e-06 3.0237363e-05 2.6201269e-05 0.001296273 4.392626e-07 7.132154e-05 2.1983406e-05 0.00027757144 0.052093066 8.322237e-07 6.2405263e-07 8.996892e-06 8.945413e-06 0.041938704 0.004599072 0.009919497 4.3222488e-07 7.3787135e-07 0.006977005 8.3203486e-05 0.029233925 1.1912417e-06 0.0017723967 1.8627304e-08 4.6899704e-06 1.0919975e-08 0.018933328 0.054241333 1.7507657e-05 2.9902462e-06 3.9408555e-06 2.225475e-06 4.249357e-06 3.0269531e-09 2.0824164e-06 0.00010490518 1.8171995e-06
0.93185157 0.40079305 0.03728138 0.23092976 0.009913743 1.04362996e-16 0.0012504583 0.8691699 0.9478617 0.69681925 0.8958916 0.33723727 5.4880773e-05 0.6867618 0.005838939 0.82414925 0.07797398 0.65058804 0.0044928985 0.71464837 0.41326222 0.0002874461 0.00027728386 0.018870931 0.08723816 0.26323843 0.00059570954 1.66005e-05 0.00023622921 0.00017327456 1.6535607e-05 6.412841e-05 1.5551981e-07 0.00019975 0.48478466 0.00020275517 0.00089557725 0.32491088 0.005424486 1.561032e-07 0.009338797 2.2931814e-05 0.00051433087 0.00031459148 0.015882019 0.0003502675 0.18788502 0.011832087 0.08756278 7.956514e-09 3.2831333e-05 1.4554679e-05 0.013637669 0.0030481627 0.009159597 0.024878979 1.371282e-06 3.0948137e-05 0.024058703 0.037310783 0.006141922 1.45057775e-05 5.575549e-05 0.00037154308 0.0005038382 7.228509e-08 0.00020855646 8.57019e-07 0.0006188465 2.8065515e-06 0.0007774701 6.1100786e-07 0.00039980412 2.1413589e-05 1.4630482e-05 0.00018746262 7.4431266e-09 0.039305482 4.657539e-06 0.03029092 7.5474404e-06 1.0386485e-05 5.3727792e-05 1.6685041e-06 0.02874043 0.0014255468 0.0034300126 5.7242122e-08 0.00016047974 4.920726e-08 0.00056686794 0.009485921 2.1816116e-07 0.0031481055 2.1888818e-06 1.7686244e-07 2.2919482e-07 6.234051e-08 1.8955508e-07 0.00021466558 3.1507952e-07
0.82257533 0.34376073 0.7656853 0.7362371 0.8534568 0.0012504583 3.386142e-17 0.0120158475 0.0037912014 0.000114666625 0.00017206524 0.034597542 0.9827622 0.0018778014 0.7940258 8.373839e-06 0.101968184 8.983967e-05 0.80280596 0.00034551608 1.067862e-06 0.3458862 0.30087775 5.4876574e-07 1.8439274e-05 0.21884617 0.17036279 0.031301364 0.12289589 0.113041356 0.041350786 0.0876555 0.028804043 0.0282566 0.00033452595 1.8792065e-08 3.260869e-07 9.529362e-05 6.348062e-05 0.010382649 9.457182e-08 0.091999836 0.0085127065 9.951844e-08 0.00032712088 1.5520408e-07 1.0797207e-05 0.000110121124 0.096905455 0.0002900472 0.08399203 1.9731852e-08 0.004514457 0.060805775 0.00022950096 0.00020636627 0.0008863653 0.0013557374 0.0015907015 1.3694909e-05 0.017517034 2.5915718e-08 1.5293155e-07 8.1580446e-08 3.7975901e-06 3.206942e-05 0.00010940126 0.0006197546 1.000088e-07 0.00024968083 3.0675171e-06 7.301734e-05 0.004353294 1.2525703e-06 6.124716e-07 3.2559142e-06 3.456937e-06 0.01140096 0.003860932 0.0009492957 3.7798364e-07 6.258149e-07 0.0055737067 4.134117e-05 0.004766765 7.51789e-07 0.00022878569 2.228852e-08 1.0102965e-05 1.9110837e-08 0.0019952648 0.009719175 1.8361825e-06 6.954434e-06 1.7361672e-05 6.279672e-07 1.5709417e-06 3.718855e-07 2.2834909e-06 0.00027431568 7.0458927e-06
0.93689966 0.6193053 0.19522403 0.1873689 0.17630808 0.8691699 0.0120158475 6.0412885e-17 0.48036438 0.84069127 0.5905577 0.97541505 0.001744039 0.2586742 0.014597133 0.24128078 0.22717415 0.028390482 0.06411879 0.44002494 0.036085468 0.0042521725 0.00042279108 0.40922177 0.5517461 0.12950006 0.0007167826 0.00073755835 0.0020259253 0.0021943946 0.0001917179 3.4871267e-05 1.4652279e-05 9.8770215e-05 0.27457517 0.0024186894 0.1251514 0.15472947 0.2993043 2.5414356e-05 0.005918786 1.5343745e-05 0.00013643203 0.0030465033 0.1027221 0.0025311736 0.082140185 0.08481145 0.22810926 1.0300414e-06 0.000486044 0.0001788762 0.007070449 0.05484148 0.0030662583 0.009537208 1.5060523e-05 4.7795278e-05 0.07903173 0.014157583 0.026468385 0.00024544934 0.00028982214 0.00051619083 0.004257586 1.2628819e-06 8.7159715e-06 6.176345e-05 0.0007887561 5.457937e-06 0.0072110626 3.0253199e-05 0.0046491325 0.00030241648 0.00019327429 0.0028036956 7.300508e-07 0.12085901 7.208343e-05 0.10353514 6.629323e-05 1.092245e-05 0.00027141886 8.377832e-06 0.08676364 6.3799074e-05 0.021430772 9.467708e-07 9.361245e-05 9.586878e-07 0.0042366595 0.08058523 1.1192313e-06 0.00029603738 3.290256e-06 5.1097132e-08 8.2080015e-07 2.0977022e-06 8.086622e-07 0.004923036 7.131357e-07
0.7201789 0.6128478 0.09337215 0.6688423 0.021073774 0.9478617 0.0037912014 0.48036438 1.8772149e-19 0.23784459 0.29534513 0.19268394 5.7737183e-05 0.9819821 0.011042663 0.19349347 0.053999327 0.4228766 0.005890069 0.7252529 0.04299714 0.00059031567 0.00023318689 0.000546302 0.00363254 0.51569813 0.0004762012 5.169608e-05 0.00013662604 0.00016710043 9.728196e-05 1.3376329e-05 4.637786e-07 0.00033475156 0.2852342 8.0999325e-06 7.894108e-05 0.14995986 0.0006831325 9.3796125e-08 0.0002539271 3.3423412e-06 0.00091775734 5.3871886e-06 0.0015267602 1.766024e-05 0.09110516 0.0004729764 0.075001 1.2094719e-07 5.959075e-05 1.5880246e-06 0.027713744 0.0015939756 0.008194123 0.012137434 1.7176374e-06 1.35565715e-05 0.003001734 0.01615256 0.0020633703 5.673762e-07 2.5069628e-06 6.401027e-06 1.7786619e-05 1.5447652e-07 0.00023408615 7.942831e-07 5.200471e-06 2.9483965e-06 4.0743456e-05 2.5932292e-07 5.4637676e-05 9.3460443e-07 5.0594997e-07 1.8381563e-05 4.8727355e-09 0.013840988 2.0204675e-06 0.0019526184 1.481145e-06 2.2223255e-06 3.205725e-05 4.2465066e-07 0.004796302 0.00041408226 0.00024421047 2.0625784e-08 3.707481e-05 3.8430546e-08 4.1665375e-05 0.001311929 1.2176243e-07 0.00090522796 4.462428e-06 4.107893e-08 3.3229585e-07 1.5191537e-08 2.7931407e-07 6.301299e-05 5.745797e-07
0.9823943 0.013645612 0.0019750916 0.011500294 0.00019809365 0.69681925 0.000114666625 0.84069127 0.23784459 5.0515038e-15 0.96041954 0.33227518 3.6022193e-06 0.27211377 0.0013301035 0.7245113 0.03785969 0.36924088 0.00035826385 0.5109419 0.44495195 2.5425505e-05 3.4844903e-05 0.2196892 0.41746005 0.0608385 6.584405e-05 5.3031677e-06 1.8747058e-05 2.9914772e-05 9.2114715e-07 1.0245233e-05 4.087562e-07 9.40034e-05 0.40029895 0.016185606 0.057490125 0.35420498 0.16269232 4.7691833e-07 0.2511102 5.509446e-07 7.48083e-05 0.010429077 0.17542636 0.002397433 0.3920034 0.15237005 0.10043641 3.8852193e-08 4.245369e-05 0.00021410047 0.00051797915 0.0029829096 0.0009515195 0.008664544 2.1748717e-06 3.893502e-06 0.12597585 0.07586183 0.01053326 0.00025716028 0.0006146543 0.0016011333 0.0060747825 4.5691223e-08 8.158092e-06 3.8079997e-07 0.0020704272 2.8744964e-06 0.009392625 2.7550814e-07 0.0006678655 0.00015710258 0.0001651716 0.0028912218 7.459574e-08 0.072917506 1.2785096e-06 0.18029104 2.1789772e-05 0.00010084477 3.0727304e-05 1.1477679e-06 0.071127616 0.0011507557 0.0432373 2.1019967e-07 0.0011908965 9.722441e-08 0.0014443019 0.028221939 2.5572942e-07 0.04608629 1.066667e-06 1.7692639e-07 2.3869225e-07 2.1365663e-06 2.6311116e-07 0.0048736706 3.1196547e-07
0.8791887 0.016336115 0.002967234 0.014703281 0.00035473195 0.8958916 0.00017206524 0.5905577 0.29534513 0.96041954 1.0506443e-16 0.0844362 8.361843e-06 0.14550944 0.0014073869 0.9174417 0.010322597 0.5864554 0.00029347377 0.41810694 0.70129436 5.1089075e-05 4.432376e-05 0.32555005 0.5673163 0.033896945 0.00016313429 3.9139964e-06 3.5135385e-05 3.542007e-05 2.3060538e-06 8.1886155e-06 9.236309e-08 7.8856765e-06 0.30394593 0.09069394 0.081771865 0.24251369 0.050426744 1.3376147e-07 0.26373821 8.184536e-07 1.3600924e-05 0.009450899 0.059089508 0.013350854 0.22611044 0.04935572 0.01771101 5.2165863e-09 5.873952e-06 0.00062407233 0.0013230927 0.00064361456 0.0027470498 0.01078197 3.3924945e-07 2.9442015e-06 0.029320817 0.05379569 0.0029896023 0.0007163623 0.0008332204 0.006174084 0.0060650427 2.0009773e-08 1.2651826e-05 1.4212219e-07 0.0061349645 7.017074e-07 0.0102220895 1.0511278e-06 5.9655456e-05 0.0012704561 0.0012585933 0.0025148292 5.7826774e-09 0.015736192 1.6729692e-07 0.036395345 8.415609e-05 9.126244e-05 4.113538e-06 1.0616111e-06 0.015079834 0.00065624237 0.009976866 8.689115e-06 0.0015269954 1.8556808e-06 0.00055192783 0.007476594 4.686424e-08 0.022787964 2.2005863e-06 4.040181e-08 3.1916482e-08 4.9402115e-06 2.6062246e-08 0.002819884 4.5072163e-08
0.90363294 0.6982845 0.29855496 0.20116848 0.45664415 0.33723727 0.034597542 0.97541505 0.19268394 0.33227518 0.0844362 2.5277677e-17 0.005203257 0.04139283 0.013196028 0.029690642 0.9651945 0.0038256838 0.42052722 0.07961624 0.003423018 0.087428145 0.0003132915 0.10789854 0.18941444 0.057474174 0.0004983697 0.0072709094 0.018662252 0.011715598 0.0031034292 2.9715142e-05 0.00019473924 9.100163e-05 0.02442892 0.00050896476 0.05869228 0.0071762702 0.37577552 4.5763467e-05 0.00020176562 1.4324042e-05 3.9975646e-05 0.0014295119 0.30878735 0.0006460907 0.0012011626 0.13063484 0.6055473 3.9550946e-06 0.0014741569 0.000103538536 0.001711477 0.23871152 0.00048616336 0.00031806307 3.599493e-06 3.424941e-05 0.2659239 0.00018886462 0.18545981 1.0391002e-05 1.9375531e-05 0.0001584713 0.0051139235 1.2036961e-06 1.5547037e-06 7.953633e-05 0.00012247522 3.6918627e-06 0.0082248105 2.2372184e-05 0.03254665 0.00047293626 0.00026131465 0.0033613003 1.7524335e-06 0.21748221 0.00072503055 0.09969884 1.0378549e-06 4.211839e-06 0.0008810622 5.7337406e-06 0.1354745 2.1091384e-06 0.036521487 1.9980511e-07 3.59265e-05 2.7183694e-08 0.021987278 0.16833824 6.132554e-07 1.9865336e-05 4.5979877e-07 1.1729113e-07 1.3145125e-06 2.1535995e-07 8.9661125e-07 0.0046583456 4.5969097e-07
0.5531313 0.06250985 0.29710215 0.2972361 0.4621091 5.4880773e-05 0.9827622 0.001744039 5.7737183e-05 3.6022193e-06 8.361843e-06 0.005203257 3.4106062e-16 0.0002285831 0.93440247 6.7187415e-07 0.009998773 5.734452e-06 0.71580034 1.8673578e-05 2.402177e-07 0.50986373 0.80930185 2.1905711e-08 1.115156e-06 0.07591415 0.5186752 0.026247734 0.4492472 0.08156175 0.14011593 0.53353375 0.47032127 0.08962234 1.0540364e-05 2.6824239e-08 2.1859712e-08 4.5791385e-06 1.3729988e-06 0.14009972 4.52465e-08 0.6233769 0.018096948 1.3402778e-08 4.1646144e-05 9.609666e-08 1.765262e-06 4.4399385e-06 0.018437602 0.0022863697 0.03752657 4.41686e-09 0.0004187744 0.010884559 4.2976963e-06 1.6208372e-05 0.01702737 0.01839398 6.107708e-05 1.5672261e-06 0.002124956 6.5041443e-09 1.2331849e-08 3.621678e-08 4.22658e-07 4.413622e-05 2.7740141e-05 0.0011208934 2.8120622e-08 0.002361427 2.0059899e-07 0.0002412979 0.0012587553 1.997953e-08 8.8722905e-09 1.8100242e-07 4.1138014e-06 0.0018005569 0.0013469759 5.6649715e-05 2.800011e-07 9.7975736e-08 0.0033602775 2.9409755e-05 0.0015452286 2.3693075e-07 5.4407068e-05 2.5570053e-08 5.510421e-06 7.452261e-09 0.000515974 0.00092030526 6.4696715e-06 3.0899607e-06 4.8447077e-05 1.4560071e-06 1.5955633e-06 1.1542381e-07 2.4342385e-06 3.3976557e-05 3.4474126e-06
0.54483765 0.36608943 0.03130763 0.27640033 0.007899135 0.6867618 0.0018778014 0.2586742 0.9819821 0.27211377 0.14550944 0.04139283 0.0002285831 2.8015727e-17 0.006947852 0.18535416 0.0137836095 0.43489176 0.0031627624 0.9757078 0.04656857 0.0008501961 0.0005951746 0.0015495438 0.006821814 0.7588301 0.0012941614 2.8061299e-05 0.0004884315 0.00017846913 0.0001174022 6.894306e-05 6.3973073e-07 0.0005310005 0.7184429 0.00016752916 0.0004184261 0.31355932 0.00054449844 2.8957444e-07 0.0025277159 6.2962563e-06 0.0028962763 4.3078424e-05 0.0013337077 0.00011699603 0.15077946 0.00047823894 0.021195276 5.061659e-08 1.9730433e-05 8.553938e-06 0.10054859 0.00049452623 0.036875863 0.047863755 8.9114354e-07 5.3994794e-05 0.0022677213 0.03074433 0.00044945526 3.4736522e-06 1.179353e-05 0.00015151736 6.98249e-05 4.5272083e-07 0.0008493629 1.2126847e-06 0.00020369416 1.9191875e-06 0.00011846392 1.0224711e-06 6.8800955e-06 1.9883e-05 5.5150895e-06 1.6945085e-05 4.219785e-09 0.007820532 4.13787e-06 0.0012153563 1.3617329e-05 1.0467293e-06 4.5900233e-05 7.119907e-07 0.0035322758 0.00094674435 0.000271915 8.737226e-08 0.0001393904 1.4673098e-07 3.388485e-05 0.0015958304 2.7413245e-07 0.0021348554 1.3647777e-05 1.5796138e-07 3.4466908e-07 4.0721469e-07 3.2089335e-07 9.689078e-05 5.611877e-07
0.5123303 0.4604221 0.6295441 0.7652855 0.40083954 0.005838939 0.7940258 0.014597133 0.011042663 0.0013301035 0.0014073869 0.013196028 0.93440247 0.006947852 7.849539e-16 0.00018725052 0.03496852 0.00023520346 0.47340742 0.0031849 4.0947492e-05 0.06579647 0.95200187 8.466485e-07 1.5669564e-05 0.79326177 0.8436111 0.0030209525 0.009845714 0.026152248 0.0034259781 0.40955475 0.0047935196 0.47450703 0.0014311249 7.750005e-07 3.9292518e-06 0.00039756196 2.0334819e-05 0.003332432 1.1530445e-05 0.04348589 0.20483197 6.8898817e-07 0.00015064926 2.4036037e-06 9.20874e-05 1.1091492e-05 0.036591988 1.3750071e-05 0.0080256825 1.3703375e-07 0.048385464 0.0058371937 0.0014322997 0.0028367462 0.0003656398 0.0025837726 0.00015846208 0.00015816238 0.0010300976 3.169761e-07 3.4733657e-07 3.3511773e-07 1.3163171e-05 4.930511e-06 0.0031388062 1.679032e-05 1.4797945e-07 0.0003522439 2.247288e-05 3.9786846e-05 0.00047803443 2.0468942e-06 1.9369777e-06 1.98272e-05 2.716966e-07 0.002434471 0.00026176957 0.00043847036 3.0564482e-07 3.958395e-05 0.00054030237 6.9288744e-06 0.0014830313 1.18517755e-05 7.9751204e-05 3.807624e-08 2.8501202e-06 2.4595357e-08 0.00034951058 0.0014028463 2.6176593e-07 0.00011861348 8.090799e-06 3.760652e-08 1.1382137e-06 2.0372445e-06 1.3717203e-06 8.8285786e-05 1.8644882e-06
0.92659587 0.0089067845 0.0010590018 0.004618662 0.00020158292 0.82414925 8.373839e-06 0.24128078 0.19349347 0.7245113 0.9174417 0.029690642 6.7187415e-07 0.18535416 0.00018725052 5.370587e-18 0.004018245 0.94204026 0.00029151115 0.69916743 0.9049975 2.9340701e-05 4.9783666e-05 0.091506734 0.26596257 0.07335366 8.116547e-05 1.4570601e-06 2.0152195e-06 1.0831674e-05 1.1790678e-06 8.92968e-06 1.3955224e-08 8.023156e-05 0.52737594 0.033472277 0.021135252 0.50981206 0.019730147 2.6205618e-07 0.40799874 1.8898876e-06 3.0958676e-05 0.0036974582 0.025345748 0.0029083346 0.51858777 0.015204499 0.012952474 3.269803e-09 4.1249505e-06 0.00017191384 0.003293374 0.00052066246 0.0037533417 0.02547097 1.6052443e-06 1.2742437e-05 0.012609205 0.15252 0.0008531896 4.190091e-05 0.0002303792 0.009049319 0.004811492 2.0207755e-08 0.000117865755 2.4626338e-08 0.014116988 5.1276043e-06 0.0048788423 1.5297225e-07 9.292076e-06 0.0006118876 0.00045156913 0.001144711 9.645851e-10 0.013776107 1.3538005e-07 0.020529838 6.702892e-06 0.00020943582 4.0211503e-06 2.6940825e-07 0.009459402 0.0034626094 0.0027406688 5.932413e-07 0.0038301393 1.4250519e-07 7.1990136e-05 0.0013424502 2.4268926e-08 0.13338467 4.864752e-06 4.1957104e-08 7.453942e-08 7.931722e-06 4.91581e-08 0.0010010896 4.1411442e-07
0.95568216 0.5259775 0.34332463 0.14902186 0.669248 0.07797398 0.101968184 0.22717415 0.053999327 0.03785969 0.010322597 0.9651945 0.009998773 0.0137836095 0.03496852 0.004018245 3.1580273e-16 0.0010132592 0.60181123 0.008009962 0.00017141174 0.1680249 0.0006107499 0.005759436 0.009286279 0.05031593 0.0013374664 0.034631647 0.024727078 0.1200278 0.0052190754 0.00010989083 0.002414656 0.00045402723 0.002750093 1.5341406e-05 0.0009895917 0.00097109383 0.024921248 0.0002261414 1.0793603e-05 7.469616e-05 4.628128e-05 8.662865e-05 0.03987428 1.6763679e-05 0.00010553707 0.038446 0.9308136 4.712515e-05 0.0061534517 2.624212e-06 0.0010522245 0.44444007 0.00019790766 6.7631314e-05 2.716922e-05 7.1436305e-05 0.2601348 9.731496e-06 0.35789055 2.9157202e-06 6.243327e-06 9.264496e-06 0.00039187307 2.0931551e-05 3.1572156e-06 0.0010167958 1.0183261e-05 1.8270948e-05 0.0019341618 0.00018467211 0.10650661 2.5076313e-05 1.9213223e-05 0.0010126594 2.8992263e-05 0.28511044 0.0049247094 0.087556034 1.4735804e-06 2.3917294e-06 0.0037485054 9.291584e-05 0.20093162 8.018089e-06 0.028195463 1.5036763e-08 8.931583e-05 2.352068e-08 0.07699844 0.3524126 1.7357665e-05 1.3212497e-05 6.8743e-07 3.7311056e-06 4.6720754e-05 7.8478045e-08 3.09304e-05 0.0022220693 2.0802834e-05
0.16589211 0.0051624742 0.0011883354 0.0032144792 0.00034541672 0.65058804 8.983967e-05 0.028390482 0.4228766 0.36924088 0.5864554 0.0038256838 5.734452e-06 0.43489176 0.00023520346 0.94204026 0.0010132592 4.857805e-20 0.00042302517 0.6492819 0.9892182 8.161589e-05 6.449396e-05 0.0064091976 0.034018476 0.05267058 6.983288e-05 1.3395535e-06 6.9496506e-05 7.251785e-06 1.0369614e-06 2.0577922e-06 8.229277e-08 1.1972752e-05 0.71162754 0.0032875328 0.0029825554 0.48405638 0.00055228925 4.179552e-08 0.24274917 2.989187e-07 3.4058245e-05 0.0003567783 0.0008255229 0.0013466579 0.2648733 0.0011341901 0.0015336643 2.4897184e-09 7.112894e-06 0.00033665984 0.004095048 3.5256955e-05 0.009480689 0.035739608 5.927436e-07 2.9061439e-05 0.001432381 0.08204551 0.000109841385 0.0001264977 0.00016512025 0.027875422 0.0008285244 4.0133077e-08 9.570654e-05 1.7892849e-07 0.03972989 2.9378134e-07 0.0010556987 1.3570003e-06 2.836269e-07 0.00046894737 0.00033327925 6.8311485e-05 2.9579617e-09 0.0021197647 4.559399e-06 0.00067308854 1.07693395e-05 5.544255e-05 5.3955123e-06 6.5328527e-07 0.0017789885 0.003760513 0.0001510567 5.403832e-07 0.0020855218 6.816285e-07 1.464887e-05 0.00074191636 6.584154e-07 0.016090004 5.0089143e-06 2.2253319e-07 1.2234977e-07 4.2579e-06 9.280191e-08 0.00015477937 1.3956003e-07
0.98428833 0.1268723 0.5264786 0.09943421 0.8705998 0.0044928985 0.80280596 0.06411879 0.005890069 0.00035826385 0.00029347377 0.42052722 0.71580034 0.0031627624 0.47340742 0.00029151115 0.60181123 0.00042302517 8.744105e-17 0.0013002455 4.5494155e-05 0.69877476 0.056988835 8.490685e-05 0.00016428353 0.046976045 0.029378572 0.61123866 0.34158367 0.8398135 0.21920241 0.038981855 0.2643018 0.039248668 0.0009579458 2.1504811e-06 1.5970027e-05 0.0002423634 0.00556712 0.021947851 3.7594993e-05 0.08739707 0.0013885946 5.5851256e-06 0.019299338 1.2461475e-05 0.000112405345 0.02006252 0.29824233 0.08015508 0.36947334 2.8315592e-06 0.00059886347 0.77336097 4.1341482e-05 0.00019286644 0.001624774 0.028120881 0.04676845 1.6876398e-05 0.23651291 8.4107216e-07 7.988665e-06 1.8917874e-05 0.00011407763 0.006223063 1.2455356e-05 0.0035178165 2.9791083e-06 0.00020783412 0.00034277068 0.008066874 0.21321626 4.349878e-06 2.7601031e-06 0.0001543304 0.003650848 0.066687874 0.012011059 0.020660628 1.3882669e-06 2.8228977e-05 0.010663742 0.0010597393 0.053134114 7.2188304e-06 0.008519322 2.610549e-07 3.1537504e-05 3.6333432e-08 0.11072596 0.18536998 0.00015335955 8.894005e-05 0.000115585695 2.5935016e-05 0.00010953572 7.1388456e-08 0.000103863225 0.0005894044 7.223448e-05
0.79181165 0.47151008 0.076088406 0.2737558 0.0066922097 0.71464837 0.00034551608 0.44002494 0.7252529 0.5109419 0.41810694 0.07961624 1.8673578e-05 0.9757078 0.0031849 0.69916743 0.008009962 0.6492819 0.0013002455 1.9528326e-15 0.3225682 8.31004e-05 0.00020689714 0.00097575254 0.00067565334 0.7520487 0.00022463486 3.623423e-06 1.26871055e-05 1.0874649e-05 2.7194183e-05 1.7530294e-05 9.096236e-08 0.00021737997 0.97728664 0.00015160785 0.0005041087 0.73173255 0.00034692377 6.0055285e-08 0.0050030407 2.4141207e-06 0.0008800117 0.00012038053 0.0008153079 0.00014659848 0.5159968 0.0003552286 0.0346967 3.4581749e-09 8.191083e-06 7.4633954e-06 0.1610874 0.00017124493 0.080147244 0.14028205 9.156643e-07 5.000822e-05 0.0010510982 0.13871343 0.00024445142 4.440764e-06 2.0752961e-05 5.701426e-05 9.085776e-05 3.137302e-07 0.0011471289 3.1389677e-06 9.964937e-05 2.1964431e-06 0.00015003934 4.079326e-07 2.765779e-06 4.0709278e-05 1.8933488e-05 4.200377e-05 4.1683488e-09 0.008682555 5.7280627e-06 0.0010384623 3.3662225e-05 3.1204152e-06 7.831084e-05 2.5653005e-06 0.0052921562 0.0033955812 0.00025522523 8.8378904e-08 5.8905825e-05 4.4000095e-07 1.2185129e-05 0.0018628257 4.620274e-07 0.004841364 4.4221117e-05 1.7617832e-07 1.4025645e-06 1.3272158e-05 6.45654e-07 0.00015865201 1.531501e-06
0.46262753 0.00068107434 0.00015277958 0.00038149374 2.2628108e-05 0.41326222 1.067862e-06 0.036085468 0.04299714 0.44495195 0.70129436 0.003423018 2.402177e-07 0.04656857 4.0947492e-05 0.9049975 0.00017141174 0.9892182 4.5494155e-05 0.3225682 9.138768e-20 6.0165985e-06 2.0998512e-05 0.05808526 0.22094828 0.008021559 2.8677181e-05 3.6730412e-07 1.0801048e-05 6.3429485e-07 4.4252886e-07 6.6094162e-06 2.548781e-08 1.457646e-05 0.32621023 0.08671192 0.026581641 0.23109691 0.0057631917 4.7742365e-08 0.7465215 3.206598e-06 1.6101974e-05 0.0053896247 0.00393335 0.026165588 0.24692653 0.0036041066 0.0015648926 1.4031898e-09 4.3694317e-06 0.0009805 0.00019825222 4.9572885e-05 0.0014265653 0.008611253 8.961035e-07 1.900614e-05 0.0022193692 0.07034567 2.826947e-05 0.00059304055 0.0019470493 0.11659805 0.0029899427 8.3869764e-08 1.5029073e-05 3.7757022e-08 0.13594784 1.2188935e-06 0.0031293705 1.5509828e-07 6.3811297e-07 0.0023300652 0.001587578 0.00035947078 2.5472002e-09 0.0017529643 1.7763623e-06 0.0029080724 5.7271263e-05 0.0036274234 1.5618085e-06 3.8084065e-07 0.0010013359 0.0015289219 0.00035979916 4.2501433e-06 0.011831377 4.2048196e-06 1.3859447e-05 0.00030159968 3.3706023e-08 0.08157365 3.4127613e-06 7.762561e-08 2.1100769e-07 4.544832e-05 2.6533795e-07 0.00071943365 3.630003e-07
0.904901 0.0044100066 0.059718605 0.010261212 0.44945624 0.0002874461 0.3458862 0.0042521725 0.00059031567 2.5425505e-05 5.1089075e-05 0.087428145 0.50986373 0.0008501961 0.06579647 2.9340701e-05 0.1680249 8.161589e-05 0.69877476 8.31004e-05 6.0165985e-06 5.4500023e-18 0.05763445 2.5398873e-05 0.00012215048 0.0083016595 0.013794789 0.9481363 0.8799056 0.55139095 0.9681574 0.0581597 0.7315105 0.0016827694 7.100561e-05 1.5467222e-06 8.8553725e-06 4.3258202e-05 0.00088699575 0.21596393 2.8524748e-06 0.18998238 0.0004055782 3.6091535e-07 0.0030017984 1.4131062e-05 1.2635091e-05 0.003284535 0.034095414 0.5416744 0.5818779 5.5326973e-07 9.6221156e-05 0.44554585 1.6729997e-05 0.00010675055 0.026192524 0.22240423 0.0039457483 1.7076163e-05 0.07171977 1.6760913e-07 2.3323557e-06 4.2925902e-07 1.3835214e-05 0.018709524 2.7441209e-05 0.17125289 1.1775284e-06 0.0005713376 2.0205514e-05 0.042372312 0.117598705 6.045244e-07 3.0984725e-07 2.7121182e-06 0.013190335 0.0075421818 0.045524623 0.001013049 9.3395755e-07 2.7438105e-06 0.036345005 0.0038015563 0.005963937 9.714795e-06 0.0005127172 2.0033421e-07 8.8468936e-05 1.3228156e-07 0.03760012 0.02380136 5.4909357e-05 0.00094696233 0.0003225202 1.7096107e-05 7.4320626e-05 4.713542e-08 8.758571e-05 3.0750904e-05 8.9204055e-05
0.01133657 0.00926835 0.05932913 0.13878171 0.05973675 0.00027728386 0.30087775 0.00042279108 0.00023318689 3.4844903e-05 4.432376e-05 0.0003132915 0.80930185 0.0005951746 0.95200187 4.9783666e-05 0.0006107499 6.449396e-05 0.056988835 0.00020689714 2.0998512e-05 0.05763445 1.0134514e-17 7.224798e-07 1.1849165e-05 0.21975118 0.9622515 0.0014923404 0.014567526 0.001756983 0.011031131 0.9230762 0.051121756 0.5155127 8.094401e-05 1.36394765e-05 4.386362e-06 2.0478677e-05 2.0309476e-06 0.01434459 3.6535207e-06 0.34841397 0.10896543 1.5770464e-06 7.3095116e-06 4.9297823e-06 1.4240874e-05 2.9971814e-06 0.00045769755 0.000105547624 0.00042466488 5.2286504e-07 0.00081998255 0.00082958734 1.0667875e-05 0.00011321988 0.009923319 0.008010401 6.2046092e-06 2.3300314e-05 4.100302e-05 5.5467297e-07 1.3357417e-06 2.0237775e-07 1.4111957e-06 2.74621e-05 0.0013095815 3.248965e-05 2.2877293e-07 0.0050037084 2.6274374e-06 0.0001557308 8.420257e-05 3.1046605e-07 2.8387336e-07 8.020016e-06 2.9530327e-07 0.00018806427 6.583934e-05 3.7836016e-05 8.570848e-06 4.233626e-06 0.00026696484 1.6163147e-05 0.0001718409 2.9565786e-06 1.1518003e-05 4.623026e-06 3.074253e-06 1.5175141e-07 0.00011158198 0.00013926828 4.2037814e-06 9.623519e-05 8.655176e-05 6.609727e-07 1.8876593e-06 2.7836113e-06 6.3714215e-06 9.157067e-06 7.856858e-06
0.8367155 0.00022132037 6.028083e-05 6.5762404e-05 6.881756e-06 0.018870931 5.4876574e-07 0.40922177 0.000546302 0.2196892 0.32555005 0.10789854 2.1905711e-08 0.0015495438 8.466485e-07 0.091506734 0.005759436 0.0064091976 8.490685e-05 0.00097575254 0.05808526 2.5398873e-05 7.224798e-07 7.831577e-20 0.9864429 0.000106108775 3.860271e-06 7.097826e-07 1.6949902e-05 5.5956493e-06 1.3113647e-06 1.5663117e-06 5.1806154e-08 4.897993e-07 0.001828712 0.47889182 0.90795153 0.0010970263 0.79053533 8.784197e-08 0.16084872 2.4507274e-08 4.0665077e-07 0.34033626 0.32925412 0.11178319 0.0011969152 0.21503335 0.02418685 2.4183984e-09 2.5856025e-06 0.07600981 5.277887e-07 0.0015063059 2.6305563e-06 0.0003371596 3.318006e-07 2.655452e-06 0.17283723 0.00047823938 0.007982342 0.021110198 0.014651658 0.016420882 0.36205715 7.072123e-09 7.3339055e-07 1.2796188e-07 0.008278922 4.657837e-06 0.27117062 6.741051e-07 0.00028039003 0.010180626 0.0058853915 0.122447565 1.7515018e-09 0.024472935 9.2668853e-07 0.15704337 0.0002684356 0.0069759064 9.724955e-06 5.0261e-07 0.022329645 9.991704e-07 0.11415989 2.4269702e-05 0.0027440896 2.7963686e-05 0.00059155247 0.00975608 1.2235165e-07 0.0016906813 8.461463e-07 9.150145e-08 4.4074133e-07 0.0003539061 3.3480788e-07 0.03554948 5.5157653e-07
0.43805677 0.0022443882 0.0005691308 0.0005052802 0.00019335834 0.08723816 1.8439274e-05 0.5517461 0.00363254 0.41746005 0.5673163 0.18941444 1.115156e-06 0.006821814 1.5669564e-05 0.26596257 0.009286279 0.034018476 0.00016428353 0.00067565334 0.22094828 0.00012215048 1.1849165e-05 0.9864429 1.3043683e-18 8.661981e-05 6.359263e-06 4.853325e-06 0.00020670169 2.0811964e-05 4.3304335e-06 4.2084804e-07 1.9463704e-07 5.231189e-07 0.0012281332 0.9337248 0.6915525 0.00046895564 0.12122786 4.628523e-08 0.38521227 4.597852e-07 1.1435597e-07 0.2145153 0.023882344 0.4911466 0.00036293836 0.017700922 0.0044846563 2.9485214e-09 1.1478139e-06 0.42518625 2.1121255e-06 0.00036383508 9.736944e-06 0.00044204088 7.094057e-07 1.3631934e-05 0.011599495 0.00021105511 0.003294387 0.09132843 0.082619436 0.093700305 0.09197459 6.4438034e-08 3.2753525e-07 1.4598669e-06 0.043957 2.2475365e-07 0.07161526 6.4860237e-06 1.794425e-05 0.06367465 0.028097942 0.11340803 1.892757e-08 0.0035360486 5.8983954e-07 0.018473925 0.0015010918 0.013460994 7.065891e-06 8.251277e-07 0.0031498321 7.303321e-07 0.0071079778 0.00071497273 0.005001891 0.000257767 0.00040245018 0.0018958015 4.7719993e-07 0.0020967536 3.5819923e-07 1.8442474e-07 1.5920513e-07 0.0017073045 1.04821915e-07 0.014960741 8.455433e-08
0.6181464 0.7610263 0.48802197 0.7773977 0.12710553 0.26323843 0.21884617 0.12950006 0.51569813 0.0608385 0.033896945 0.057474174 0.07591415 0.7588301 0.79326177 0.07335366 0.05031593 0.05267058 0.046976045 0.7520487 0.008021559 0.0083016595 0.21975118 0.000106108775 8.661981e-05 3.3690604e-15 0.4809975 0.00018991926 0.0021522301 0.0020696367 0.00027002394 0.017672993 0.0004809897 0.8635474 0.55444175 3.7251593e-05 1.782163e-05 0.42747456 3.084321e-05 1.1778378e-05 0.0020957708 0.0016161844 0.94616663 4.0483334e-05 0.00042725416 4.7121917e-05 0.20761341 2.7952405e-05 0.11284783 1.2760453e-06 0.0009444763 2.0053989e-07 0.84741044 0.0012798839 0.38090384 0.31763074 5.683592e-05 0.0009812625 0.00024177264 0.134571 0.0010245654 2.9722746e-06 4.408126e-06 1.679437e-05 4.317557e-05 1.9716343e-07 0.2109686 3.604493e-05 1.2732354e-05 3.3752236e-05 3.622758e-05 1.0686469e-05 0.00016318518 1.3088197e-06 4.9379855e-07 3.035694e-06 1.7839067e-08 0.028801879 0.00012188633 0.003194997 1.4127322e-06 0.0002400104 0.00033017516 1.6575481e-06 0.0062175607 0.010694479 3.5390225e-05 3.154699e-08 0.00035888518 3.8249773e-08 0.00013489505 0.008807223 1.60552e-06 0.005735029 6.0582242e-05 2.7513532e-05 2.9462475e-07 1.5308215e-05 2.1556686e-07 9.4276955e-05 2.6780378e-06
0.011823238 0.012955903 0.06604067 0.08933848 0.025723653 0.00059570954 0.17036279 0.0007167826 0.0004762012 6.584405e-05 0.00016313429 0.0004983697 0.5186752 0.0012941614 0.8436111 8.116547e-05 0.0013374664 6.983288e-05 0.029378572 0.00022463486 2.8677181e-05 0.013794789 0.9622515 3.860271e-06 6.359263e-06 0.4809975 1.6477413e-14 0.00070143986 0.0076164333 0.001553261 0.0012443835 0.9631531 0.0033234358 0.9045182 0.000100326775 6.977253e-06 4.9837085e-06 6.9384594e-05 2.9650896e-06 0.0018361283 6.870955e-06 0.064488575 0.61289644 5.715668e-07 1.533339e-05 1.1433264e-05 4.4056655e-05 1.075622e-05 0.00096710766 1.2243931e-05 0.00031793816 4.8971174e-06 0.0021637336 0.000346114 7.5325675e-05 0.00021413456 0.0006514152 0.00041919915 1.1737741e-05 0.00012462551 8.534451e-05 2.5742138e-06 8.966202e-06 2.6722094e-07 4.5961756e-06 5.1380703e-06 0.0019864824 2.7165386e-05 9.996899e-07 0.0026364774 9.050298e-06 4.2375137e-05 7.482107e-05 6.2638094e-07 7.9274076e-07 1.2177334e-05 1.3502593e-06 0.000377895 4.66259e-05 0.00014549703 8.028816e-06 5.083249e-06 0.00013674793 1.2605134e-05 0.0004399215 1.2826024e-05 2.3599896e-05 2.8531715e-06 1.2748648e-05 7.294272e-07 0.00023280247 0.0009965892 5.5303526e-06 6.499074e-05 3.7978924e-05 2.4123528e-06 2.2471693e-06 2.8081648e-05 4.0985487e-06 0.00010045228 1.8802562e-05
0.8211132 0.0007543091 0.0074462458 0.00061494537 0.07852485 1.66005e-05 0.031301364 0.00073755835 5.169608e-05 5.3031677e-06 3.9139964e-06 0.0072709094 0.026247734 2.8061299e-05 0.0030209525 1.4570601e-06 0.034631647 1.3395535e-06 0.61123866 3.623423e-06 3.6730412e-07 0.9481363 0.0014923404 7.097826e-07 4.853325e-06 0.00018991926 0.00070143986 3.0725053e-16 0.18992552 0.9655517 0.8699774 0.0012239881 0.16224977 3.0365698e-05 1.0974634e-05 1.10108765e-07 2.8837894e-07 8.730039e-06 4.504886e-05 0.050188463 9.379434e-08 0.010473115 2.7468343e-06 2.62635e-08 0.00028982354 1.1030714e-06 5.0509257e-06 0.00026020527 0.044001374 0.34447592 0.9154941 1.00643334e-07 1.4503232e-05 0.3566202 1.0991819e-06 7.962986e-06 0.0021013818 0.024880491 0.0010820788 7.969733e-06 0.03267385 9.283537e-08 1.8169038e-07 6.985522e-08 1.7886602e-07 0.005488836 4.1107264e-06 0.31404445 2.6104582e-08 6.4585045e-05 4.226201e-07 0.05381863 0.116771325 4.1991772e-08 1.6164833e-08 1.4555789e-07 0.014934718 0.007853863 0.10635906 0.00042966497 7.187803e-07 9.839429e-08 0.15037191 0.006011248 0.005840334 6.0758885e-07 0.0005789284 1.96113e-08 4.5023346e-05 2.6605642e-08 0.03165193 0.019774327 0.00027143594 2.434892e-05 0.00015427535 0.00011894164 0.0005130437 1.0545711e-09 0.00032978432 1.1298183e-06 0.00037321413
0.833197 0.0018657654 0.016643152 0.006127311 0.18362121 0.00023622921 0.12289589 0.0020259253 0.00013662604 1.8747058e-05 3.5135385e-05 0.018662252 0.4492472 0.0004884315 0.009845714 2.0152195e-06 0.024727078 6.9496506e-05 0.34158367 1.26871055e-05 1.0801048e-05 0.8799056 0.014567526 1.6949902e-05 0.00020670169 0.0021522301 0.0076164333 0.18992552 7.8255616e-16 0.09395646 0.9802961 0.02921588 0.9159251 0.00018923098 2.651594e-05 3.8420358e-06 4.519868e-06 4.989979e-05 3.9619714e-05 0.6777436 1.5403336e-06 0.2126216 8.35995e-05 1.8299285e-07 0.00021069612 4.1632225e-06 1.0762501e-05 0.0001271638 0.003357835 0.69872785 0.36515126 2.7649682e-07 7.993098e-05 0.006682105 1.0825685e-05 0.00018568916 0.05746871 0.18287492 0.000110775014 7.3949726e-05 0.0033545273 1.0194396e-07 1.3653498e-06 3.4226548e-07 1.1365173e-06 0.052127607 7.889897e-06 0.5293032 1.8746832e-06 0.003951523 5.288029e-07 0.09157339 0.0020431771 1.2068974e-06 8.4632234e-07 4.2034142e-07 0.010990852 0.0013924058 0.07336915 0.00018102891 1.1760447e-06 1.1276793e-06 0.041229654 0.011688324 0.0011986726 7.191613e-06 2.9317598e-05 1.0055417e-06 0.00062169204 1.3779973e-07 0.0018332021 0.0028534627 8.914385e-05 0.0001446095 0.005283465 5.77151e-05 0.00017185156 2.556669e-06 0.00019725552 1.232278e-05 0.0001149125
0.982108 0.011983748 0.045314223 0.0068248003 0.19518888 0.00017327456 0.113041356 0.0021943946 0.00016710043 2.9914772e-05 3.542007e-05 0.011715598 0.08156175 0.00017846913 0.026152248 1.0831674e-05 0.1200278 7.251785e-06 0.8398135 1.0874649e-05 6.3429485e-07 0.55139095 0.001756983 5.5956493e-06 2.0811964e-05 0.0020696367 0.001553261 0.9655517 0.09395646 3.424571e-15 0.20044832 0.0029272449 0.096988164 0.000104656865 4.0954794e-05 1.9938615e-07 1.5678361e-06 1.7562925e-05 0.00031644138 0.011817589 2.0650289e-06 0.008137676 7.0655346e-06 2.656461e-07 0.0014364795 2.962057e-06 2.8282693e-06 0.0029018167 0.20481595 0.15146218 0.9164045 3.5859676e-07 3.143322e-05 0.79739255 2.0994414e-06 8.578126e-06 0.0008463252 0.012390381 0.010046058 3.659435e-06 0.18389 2.9209176e-07 1.9392585e-06 9.938357e-08 1.5382242e-06 0.003240757 2.64932e-06 0.048969105 1.788633e-07 5.7797948e-05 1.9265422e-05 0.04233207 0.55256927 2.3612232e-07 1.503191e-07 1.6963437e-05 0.01412531 0.058960404 0.06389028 0.0053668595 4.7786574e-07 1.064273e-06 0.10044157 0.0048160297 0.040259782 2.169281e-06 0.0036379308 1.3875309e-08 7.812123e-05 5.3951837e-08 0.21300152 0.21580404 0.00014856196 0.00010114016 0.00010121534 7.819711e-05 0.00024071525 3.9330326e-09 0.00024875483 5.632633e-05 0.00016021443
0.6275275 0.0004586665 0.006230584 0.000548414 0.04703135 1.6535607e-05 0.041350786 0.0001917179 9.728196e-05 9.2114715e-07 2.3060538e-06 0.0031034292 0.14011593 0.0001174022 0.0034259781 1.1790678e-06 0.0052190754 1.0369614e-06 0.21920241 2.7194183e-05 4.4252886e-07 0.9681574 0.011031131 1.3113647e-06 4.3304335e-06 0.00027002394 0.0012443835 0.8699774 0.9802961 0.20044832 3.5567506e-17 0.0037746532 0.41867426 9.659259e-05 3.680794e-05 5.742516e-07 4.6403766e-08 1.8914157e-05 3.5140056e-06 0.305974 3.198396e-07 0.041459598 6.0957555e-05 1.5787815e-08 1.6195781e-05 8.9530306e-07 1.2759765e-05 3.1825013e-05 0.0042684996 0.63155264 0.4911932 4.7474213e-08 8.502098e-06 0.053896856 2.1467968e-06 8.563438e-06 0.019602342 0.08921719 3.291708e-05 2.5936502e-05 0.007322853 3.2003836e-08 4.3459121e-07 7.231832e-08 1.405708e-07 0.05448966 3.898492e-06 0.60838807 1.3605775e-07 0.0012099019 1.1499685e-07 0.2569922 0.020174872 4.8816034e-08 2.1136183e-08 2.0897112e-08 0.026263554 0.0020917554 0.13454138 3.8665068e-05 1.3682501e-06 9.4079445e-07 0.16526264 0.028241899 0.0016127756 1.4810432e-06 3.9766775e-05 5.7540007e-07 3.564596e-05 3.1749587e-07 0.007168332 0.0039257463 0.00037269696 5.1229243e-05 0.002870496 0.00013999749 0.0012423238 2.1396794e-08 0.00094846415 5.257095e-07 0.00049930665
