1.878746e-21 0.98748505 0.9048843 0.89240104 0.94219255 0.90766823 0.9742069 0.9545258 0.96111673 0.9742583 0.9130064 0.984775 0.96053076 0.9714599 0.9968524 0.9905851 0.9688659 0.9620969 0.99422735 0.85976624 0.9059873 0.93999666 0.9603456 0.9512089 0.99946576 0.8265693 0.9776675 0.92671245 0.92098284 0.9211186 0.66335124 0.8880166 0.99998575 0.9989465 0.7514162 0.95113915 0.81882715 0.87385565 0.820906 0.9938815 0.8396779 0.65234303 0.66304517 0.99981797 0.30662945 0.20439135 0.4721923 0.9997543 0.0378518 0.96580684 0.46241787 0.98088473 0.968573 0.058132157 0.65557647 0.8884352 0.0021838227 0.8230562 0.17497751 0.9848232 0.09140511 0.006266792 0.0009896262 0.10350485 0.093753755 0.8358731 0.9002746 0.926328 0.10513866 0.40154606 0.17035666 0.9058271 0.0003763966 0.5355779 0.6150242 0.0045564803 0.0033111754 0.016096918 0.010639911 0.004610879 0.06808423 0.67280555 0.08231705 0.0012878565 0.51417804 0.17146184 0.90553325 0.84377414 0.3829041 0.015155986 0.44523695 0.13440563 0.2774849 0.52159554 0.300851 0.008624045 0.014901731 0.03790357 0.061582964 0.20518151 0.021851478
0.98748505 1.9338612e-16 0.9573795 0.9132012 0.7410059 0.63350666 0.28901443 0.7133152 0.81682384 0.17393893 0.60671407 0.40893367 0.02717296 0.007628507 0.3978157 0.011861711 0.0038773157 0.0023888722 0.0013221593 0.18873665 8.090828e-05 0.8644628 2.6740858e-05 0.266885 0.08226328 0.027557705 6.487029e-05 0.00039471933 2.4439069e-05 4.5681318e-05 0.00036031715 7.4671305e-05 0.054421905 0.00013790722 0.3956809 0.00031083295 0.0001943945 0.00017164042 2.9429646e-07 0.0007525904 7.830278e-05 1.6825952e-05 0.030284077 0.004922259 1.0973014e-07 0.0015118496 0.00016414227 0.00023732935 0.0025009813 9.344494e-05 0.0005608801 7.52651e-06 7.900962e-05 0.012605538 0.0002907745 4.095845e-06 9.566841e-05 4.7822137e-05 0.004013592 1.3329236e-05 0.0024568848 0.0005609334 1.3400882e-05 0.06985126 0.22482374 5.29463e-05 5.7430334e-06 3.011217e-08 0.00017595793 1.2854079e-05 0.00018503774 8.7556266e-08 1.5633294e-05 3.31061e-07 9.62603e-06 0.007110174 0.00021942281 0.0021615596 0.0003835567 3.8563194e-06 9.8823264e-05 1.7683042e-05 9.104008e-05 0.0001986383 2.9051394e-06 5.8768006e-07 8.135091e-07 5.939031e-05 1.4176123e-06 0.009984985 2.153814e-08 4.1932703e-06 8.0479424e-08 2.1790476e-09 3.566121e-08 0.0009103123 0.00031527295 4.5380924e-07 4.2636375e-06 6.48538e-08 7.755743e-05
0.9048843 0.9573795 3.787848e-16 0.9721433 0.9477073 0.6582274 0.094606526 0.8261665 0.685401 0.115637094 0.4713454 0.3729751 0.01172752 0.008561177 0.30893308 0.010414983 0.004658335 0.0025852367 0.00076623017 0.19370681 7.382811e-05 0.7212584 7.2580784e-05 0.060263745 0.051575765 0.017198404 2.9569754e-05 0.00033926402 5.2980693e-05 5.1289033e-05 0.00023754333 2.3465107e-05 0.04792639 0.00013355023 0.1656864 0.00023297971 0.00025433983 7.725035e-05 9.267107e-07 0.00075084367 1.14101285e-05 2.6280251e-05 0.007148316 0.0012774706 1.2798252e-07 0.0007297988 9.359602e-05 0.00013874107 0.0027566222 0.00035946112 0.00012845152 6.371057e-06 8.9731184e-05 0.01603797 0.00019828796 4.337844e-06 0.00011866791 1.5640884e-05 0.001068273 4.5745337e-06 0.0006068917 0.00050027017 2.2123202e-05 0.03141508 0.091785915 1.4624066e-05 1.251902e-05 3.3542673e-08 9.326172e-05 9.59917e-06 2.4287463e-05 1.7529759e-07 6.2587974e-06 2.2542166e-07 2.2154863e-06 0.0024772645 0.00025129112 0.0014749056 0.00020442491 1.6482053e-06 2.6188856e-05 2.142093e-06 3.723234e-05 0.00014133737 1.1108904e-05 8.0703893e-07 1.6018744e-07 1.2797465e-06 4.275056e-07 0.0043064025 4.694921e-09 3.7236066e-07 3.7470194e-08 2.0243354e-09 1.2201925e-08 0.00050655665 0.0001734189 1.06112566e-07 8.3484133e-07 6.10619e-08 1.9364892e-05
0.89240104 0.9132012 0.9721433 3.5747328e-17 0.5185462 0.9656155 0.38663536 0.34698716 0.29379758 0.50980085 0.47813717 0.2167793 0.13714968 0.0052791364 0.28364813 0.0016200624 0.0007887122 0.015061911 0.0075311456 0.05755491 5.031932e-05 0.5572708 2.3800443e-05 0.2089735 0.0332044 0.0047781887 0.0005228037 0.00017408037 5.7227528e-05 0.001711988 0.00010512861 0.0011388116 0.031983577 0.0005355484 0.28955135 0.0011711069 0.000101032674 0.0007720884 3.63109e-07 0.00039675922 0.0007173116 8.73506e-06 0.030997932 0.009805137 6.474541e-08 0.00026582237 4.4961045e-05 0.00018654451 0.0010438017 0.0001584376 1.1790357e-05 1.8415576e-06 0.00048213993 0.0038444644 0.00072895753 1.1253759e-06 5.8409354e-05 0.00022536742 0.0051820595 4.458793e-05 0.0019205171 0.00013214118 8.1645285e-06 0.04475079 0.0549465 9.640485e-05 1.9492784e-06 1.3563016e-08 0.0006854907 9.1696296e-05 7.477316e-06 9.447698e-08 5.3567396e-07 3.3154862e-08 6.202003e-07 0.0008001281 7.3404975e-05 0.004988214 1.0620399e-05 7.2670645e-08 0.00016463421 4.5823185e-06 9.540828e-05 0.0004168733 1.1619311e-06 1.3926096e-06 1.3303914e-05 8.8065086e-08 1.7941393e-05 0.003947201 2.0039354e-10 8.048813e-09 7.620159e-09 2.3751429e-10 7.5125433e-07 0.00019081155 0.0002662669 3.9824157e-09 4.425913e-07 1.8117017e-08 4.4173445e-05
0.94219255 0.7410059 0.9477073 0.5185462 3.571489e-17 0.2207518 0.04600486 0.9856237 0.3819402 0.019791456 0.09114807 0.07512069 0.004013544 0.008185934 0.24993807 0.010174802 0.0010313793 0.003110766 0.001124899 0.71275634 3.9873907e-05 0.8839519 3.8589515e-05 0.010815698 0.048975743 0.08897187 3.0125711e-05 8.111873e-05 1.607106e-05 6.777329e-05 0.0014254117 1.8592706e-05 0.032613914 7.3686795e-05 0.10052352 0.00011975899 9.754245e-05 4.685068e-05 2.0274285e-07 0.00022604245 8.3405475e-06 5.18731e-06 0.0031192638 0.0016318682 5.619806e-08 0.004487856 4.894631e-05 0.00010092184 0.01511443 2.242948e-05 0.00015807689 8.1491766e-07 1.5735364e-05 0.10402684 0.0002277571 5.464966e-07 0.000561419 8.786979e-06 0.00048436824 2.38378e-06 0.00015577135 0.003062395 5.0196e-05 0.024387902 0.18511009 6.0446127e-06 9.072866e-07 2.1649458e-09 4.9220896e-05 1.7195574e-05 0.0001191694 2.2354042e-08 3.535902e-05 3.1467064e-08 2.4829706e-07 0.017067472 0.0009854417 0.0011335267 3.897349e-05 2.1913495e-07 1.5003525e-05 4.36529e-07 2.8426217e-05 9.559918e-05 7.566622e-07 4.2136247e-07 1.3085513e-08 2.1123277e-07 4.1827244e-07 0.0035724032 6.809771e-10 2.0536714e-08 5.209487e-09 3.4943538e-11 1.9261314e-08 0.003886624 8.01317e-05 5.594513e-08 6.6101904e-08 1.2058917e-08 6.8047275e-06
0.90766823 0.63350666 0.6582274 0.9656155 0.2207518 9.405026e-17 0.9691688 0.053369265 0.07626755 0.639495 0.3353879 0.088513926 0.39723456 0.002481154 0.24395329 0.00028835764 0.00085633935 0.03282517 0.020456448 0.014051494 1.0614425e-05 0.5402812 3.565128e-06 0.78504896 0.030367905 0.0012376946 0.001015232 8.9407265e-05 2.3797018e-05 0.0021498087 9.92862e-06 0.0018155685 0.03177227 0.00037030567 0.49813282 0.0011238778 3.8181603e-05 0.0006487769 5.8939452e-08 8.444825e-05 0.007683204 1.0521799e-06 0.15850645 0.004035734 5.557223e-09 0.00014048886 1.5970201e-06 0.000118182485 0.00071605766 3.0076024e-05 5.849372e-06 1.4863791e-06 0.00020508982 0.0017734461 0.010579071 3.45895e-07 1.6619602e-05 0.00017275679 0.047375567 1.2375683e-05 0.015169275 1.3815648e-05 7.2364384e-07 0.13238014 0.07358544 4.9365262e-05 7.566456e-07 1.4985905e-09 0.009950023 0.000105312654 2.4881626e-06 2.5745889e-08 1.226512e-07 1.4074444e-08 3.2762648e-07 0.00023620803 5.23898e-06 0.04581845 1.5663954e-06 1.0279697e-08 0.00035666634 5.181409e-07 0.00014742989 0.0017025885 5.4557694e-07 1.4183615e-06 4.958478e-06 1.0727946e-07 4.6527935e-06 0.01357932 3.5831757e-10 1.3583797e-09 4.494158e-09 7.5864665e-10 3.6630817e-07 4.9073813e-05 0.0012996058 3.4678314e-09 1.4669406e-07 8.8651015e-09 7.7831806e-05
0.9742069 0.28901443 0.094606526 0.38663536 0.04600486 0.9691688 9.4048106e-17 0.025767827 0.004324577 0.58900565 0.1462056 0.03616574 0.67718256 0.0005202068 0.24830179 0.0001796354 0.00015277638 0.03530345 0.02875529 0.004937699 1.6228178e-06 0.50471246 1.1722196e-06 0.9644563 0.0142244175 0.0008645546 0.0036572772 1.480009e-05 1.3128263e-06 0.058181066 9.853036e-06 0.012227455 0.018069517 0.00046726706 0.5527482 0.0013423914 2.0444165e-06 0.002052433 3.2772707e-09 3.2786713e-05 0.08217533 3.6840845e-07 0.44254902 0.0057112323 2.2650571e-08 0.00013382664 2.1470034e-06 5.6694196e-05 0.00012297863 7.3761003e-06 2.946259e-05 8.8770186e-08 0.00024367239 0.00044738522 0.029492032 5.7347144e-08 2.7100594e-05 0.00036984528 0.10592556 5.9360296e-05 0.059451956 4.358792e-05 1.3361118e-05 0.1257236 0.03679231 0.00012038018 2.5856812e-08 4.761682e-10 0.023264911 0.00040270225 1.740309e-06 2.3380844e-09 5.4924123e-05 1.0937275e-08 5.5587503e-07 0.00012510648 8.285769e-05 0.019635139 2.1266753e-05 1.2744946e-06 0.0015164413 1.6835134e-05 0.0006766522 0.001130015 2.9758855e-08 8.7180415e-06 1.0103186e-05 8.9280434e-08 2.2421824e-05 0.009705319 5.273728e-10 7.6723e-08 1.1050614e-08 3.3984115e-12 2.9008868e-06 4.6131987e-05 0.0021894122 3.8248946e-09 7.7288e-07 5.2400184e-10 0.00039594577
0.9545258 0.7133152 0.8261665 0.34698716 0.9856237 0.053369265 0.025767827 6.163615e-17 0.37176636 0.0045292336 0.043981407 0.0832112 0.00058417604 0.00708979 0.23677768 0.065567434 0.004319707 0.0007076837 0.00031473133 0.8980471 5.293978e-05 0.8310379 0.00010686749 0.005844883 0.082503326 0.20020218 1.0654693e-06 0.00025758738 1.9556717e-05 2.2135898e-06 0.004872288 1.3075734e-06 0.037405204 1.3390024e-05 0.055598382 2.8353385e-05 0.00039515377 3.1452453e-06 6.472266e-07 0.00033553655 1.6699343e-07 1.5065723e-05 0.0005900447 0.0003556674 6.579976e-08 0.01088864 0.00024216053 0.00016867156 0.056951415 3.2641237e-05 0.0001285378 2.758177e-06 5.012532e-06 0.22626914 2.2260918e-05 1.5831675e-06 0.0013096015 2.6821222e-06 6.633997e-05 8.770147e-07 5.457341e-05 0.0043567126 9.307904e-05 0.0066257245 0.17776427 1.1650035e-06 2.1643648e-06 5.6510494e-09 3.3649821e-06 3.2850735e-06 6.0368617e-05 4.2671676e-08 5.6742556e-05 1.0720848e-07 1.2553362e-06 0.013507867 0.0015953161 0.00015658636 0.00020243751 3.019424e-06 8.76043e-06 1.6705069e-06 1.2322816e-05 2.9264327e-05 3.7514715e-06 2.123957e-07 1.5375246e-08 7.1427314e-07 5.3103435e-08 0.0009522725 1.1868044e-08 1.6360527e-06 5.083748e-08 1.811731e-10 3.3601957e-09 0.002807206 7.682811e-05 5.8016076e-07 4.9229203e-07 2.5664013e-08 4.641935e-06
0.96111673 0.81682384 0.685401 0.29379758 0.3819402 0.07626755 0.004324577 0.37176636 1.7468842e-13 0.2692115 0.34993494 0.95908046 0.008295368 0.52375925 0.44774857 0.87497574 0.85640174 0.020864693 0.014890275 0.1483396 0.26155642 0.0055668675 0.028513944 0.0035024015 0.28667966 0.4080954 0.00082887325 0.13345173 0.06549416 0.00083489995 0.13062191 0.000118225 0.08311025 0.0027488696 0.00069773 0.0023091382 0.03638503 0.0011413215 0.0018074291 0.031319853 0.0003357691 0.0073955874 0.0004119861 0.00896666 0.0004059731 0.02200925 0.0075587933 0.0038286583 0.007644099 0.0020806903 0.009139763 0.0005545366 0.0006090999 0.00548964 0.00051276345 0.00089736324 0.00095233886 0.00021988575 0.0001399521 0.00025478972 1.9820129e-05 0.0002932975 0.001668996 0.00065973913 0.0006250739 6.926169e-05 5.5408666e-05 4.767028e-05 0.00012861296 1.7895767e-05 0.050956313 3.6444642e-05 1.1966678e-05 2.0994665e-05 4.316495e-05 9.492309e-05 4.7873335e-05 9.377659e-05 0.0005592561 2.7711954e-05 3.3285916e-05 0.00014273499 9.060471e-06 4.9884065e-06 4.5772984e-05 2.0024245e-06 6.4305004e-06 0.00013136756 0.00012258624 1.330616e-05 1.672296e-07 5.2982563e-05 3.1783704e-05 8.7914674e-07 2.291388e-06 8.683871e-06 5.3818512e-05 3.7095974e-06 6.666062e-05 7.829829e-07 1.6717508e-05
0.9742583 0.17393893 0.115637094 0.50980085 0.019791456 0.639495 0.58900565 0.0045292336 0.2692115 7.3227665e-14 0.93743974 0.48446608 0.97964644 0.010646767 0.41429788 0.0012003112 0.008776876 0.6395247 0.3370329 0.002250106 3.821297e-05 0.0046926816 2.2514174e-05 0.15719905 0.118387826 0.0007262922 0.099927954 0.00019511962 4.2065625e-05 0.17968722 8.4258477e-07 0.037437752 0.11871015 0.032223307 0.004373539 0.03347101 3.7617123e-05 0.047301963 5.567422e-06 0.0015804343 0.177206 1.0017939e-05 0.011691963 0.05883158 4.969479e-08 2.7761711e-05 1.165722e-05 0.00048492514 0.00019589582 0.0003731559 1.2096175e-05 6.1075974e-05 0.0038971654 5.302735e-05 0.034364257 3.0817428e-05 1.0545425e-06 0.004324474 0.008549616 0.00028998058 0.007197113 4.911565e-06 3.6143166e-07 0.0026475398 0.000496196 0.00071286317 1.5718498e-06 4.7830593e-08 0.021472072 0.0027623943 1.0611126e-05 3.8635287e-07 1.6044217e-07 1.00560825e-07 5.3074905e-07 2.6656911e-05 1.0628009e-05 0.0019516512 1.7009426e-05 6.804169e-08 0.015670724 0.00020567329 0.004938655 0.00023904252 0.00012771909 0.0008450706 0.00092619605 2.4142082e-06 0.0002950664 0.00037459197 7.77357e-08 4.5113688e-07 4.0791523e-08 2.812978e-09 3.4755678e-06 3.4180932e-06 0.00043899866 2.482704e-06 2.8950003e-06 1.2057343e-06 0.0022073206
0.9130064 0.60671407 0.4713454 0.47813717 0.09114807 0.3353879 0.1462056 0.043981407 0.34993494 0.93743974 9.14197e-14 0.9427853 0.066937625 0.054177262 0.9743056 0.10642211 0.049494103 0.4142 0.45981777 0.030794332 0.0021828366 0.018024975 0.0013742128 0.06298539 0.07160563 0.01863547 0.03944839 0.0035427895 0.002264267 0.03554317 0.00057833875 0.004558823 0.13721156 0.033827644 0.005799155 0.023967769 0.0009927427 0.04566502 0.0002703233 0.008234134 0.02412481 0.00031916637 0.00534083 0.07831649 4.6370613e-05 0.000405039 0.0003513136 0.0017752388 0.00033581312 0.0011763276 0.000112295944 0.001616236 0.02413119 0.0002799214 0.004432364 0.00066757447 1.8152552e-05 0.008058873 0.001386184 0.007957217 0.0008112291 4.213631e-06 7.019608e-06 0.0014622406 0.00038264683 0.0009821557 1.3006963e-05 0.00023803544 0.0012050074 0.0013371297 2.2872187e-05 5.218712e-05 2.622099e-07 6.554561e-06 3.0269057e-06 9.00026e-05 6.5175786e-06 0.001050208 0.00048192294 5.11121e-06 0.00065570866 0.0014131687 8.948506e-05 9.9375575e-05 0.0005261472 5.057681e-05 0.00034849442 7.512856e-06 0.005376644 0.00011387632 2.4611995e-06 5.6343492e-06 7.564804e-07 3.4319734e-07 0.00010271937 2.5622405e-05 1.3503578e-05 3.5843898e-06 2.5049376e-05 5.379875e-07 5.242656e-05
0.984775 0.40893367 0.3729751 0.2167793 0.07512069 0.088513926 0.03616574 0.0832112 0.95908046 0.48446608 0.9427853 1.1625858e-14 0.018745674 0.554813 0.87555104 0.3896862 0.4305896 0.075443424 0.08640709 0.04529939 0.020779386 0.0051109763 0.02612095 0.01762991 0.4633143 0.04655954 0.0058328426 0.023404254 0.019609336 0.009224247 0.014704284 0.000926976 0.4516606 0.009965968 0.00080072926 0.006529415 0.007045634 0.008475254 0.013327928 0.15174335 0.0041516256 0.0016167588 0.0006086525 0.038987737 0.000358119 0.00068973243 0.0023924299 0.007642631 0.0003502812 0.017013548 0.0011923704 0.019576168 0.0035548094 0.00038034798 0.00116418 0.011088578 7.522367e-05 0.0021051697 0.00014999813 0.0010046096 0.00017454733 7.477802e-06 2.4505043e-05 0.0010534038 0.0003383398 0.0002031039 6.826688e-05 0.018759582 0.00025682454 6.44052e-05 0.00047991617 0.0041771503 2.3668457e-07 0.000923709 7.150986e-05 7.4082156e-05 7.984994e-06 0.00040471792 0.0009398157 3.8987728e-05 0.00064423785 0.0010079549 1.1364408e-05 2.8152625e-05 0.0031532876 8.727158e-06 2.4157387e-05 0.0002601797 0.0003735189 6.2403655e-05 0.00044415944 5.5031865e-05 5.668854e-06 4.8645965e-05 3.1454163e-06 7.220972e-06 1.4973607e-05 7.182048e-05 7.622253e-05 6.53633e-05 2.5497186e-05
0.96053076 0.02717296 0.01172752 0.13714968 0.004013544 0.39723456 0.67718256 0.00058417604 0.008295368 0.97964644 0.066937625 0.018745674 6.1141163e-15 0.00065500336 0.13054268 0.00030891094 0.00021492591 0.30380616 0.31357127 0.00067353 1.5348509e-06 0.012728914 2.3975551e-06 0.629166 0.02737754 0.00019165994 0.10176428 2.938377e-05 8.226562e-06 0.23833025 6.1907514e-07 0.1785966 0.037067045 0.014275522 0.012968362 0.01676289 1.625489e-05 0.022197237 2.2878623e-07 0.00012935938 0.9653939 3.2011806e-06 0.07487718 0.034609057 1.3416973e-08 2.7718166e-05 1.3702042e-05 0.00055141613 4.9266448e-05 2.496126e-05 5.4971024e-05 2.2726974e-06 0.0008138436 2.5658668e-05 0.6100016 6.602294e-07 3.4924135e-06 0.0025544171 0.08160741 0.00031938622 0.09205879 3.6016975e-06 6.5351364e-06 0.0030632683 0.0004224485 8.562299e-05 1.2534149e-08 4.485848e-10 0.28406072 0.02826825 0.00024600196 3.9801074e-09 7.3776546e-06 1.4995342e-07 8.626718e-06 4.2542288e-05 3.024172e-05 0.00762675 6.43073e-05 1.2454923e-06 0.10877153 3.5852598e-05 0.03877603 0.00022231674 4.2976876e-06 0.0071318075 0.0020176293 8.4785074e-07 0.0003840882 0.00014940763 1.0373234e-08 3.4256154e-06 1.02657715e-07 1.5484178e-10 3.9821694e-05 0.00011873809 0.0038750197 1.7383043e-07 7.0162656e-05 4.2116742e-08 0.018951958
0.9714599 0.007628507 0.008561177 0.0052791364 0.008185934 0.002481154 0.0005202068 0.00708979 0.52375925 0.010646767 0.054177262 0.554813 0.00065500336 4.672413e-15 0.10083144 0.438033 0.8979713 0.002217464 0.002547173 0.007219798 0.67647976 0.00044550313 0.9097913 0.0006388157 0.948551 0.030312205 0.000101187245 0.23586978 0.23972936 0.00015652977 0.0316459 1.0189429e-05 0.23171405 0.000225211 4.3493492e-05 0.0003068468 0.06635359 0.00017450305 0.24398077 0.43868026 9.9239754e-05 0.0607777 4.9227e-05 0.0020640602 0.022217855 0.00045796606 0.05059844 0.009407626 0.0002804842 0.009839839 0.02778236 0.1831681 0.0001282838 0.000104450555 2.8336246e-05 0.09675348 7.0306465e-05 9.506207e-05 6.7433816e-06 0.00016715094 2.8963232e-06 5.206455e-06 4.3701468e-05 2.439736e-05 2.6567538e-06 8.618577e-06 9.09637e-05 0.38307536 7.1580985e-06 6.649525e-06 0.007611611 0.1434966 1.7104807e-06 0.030948669 0.009693164 1.9052288e-05 5.5632972e-06 5.095684e-06 0.0040458166 0.0010851232 2.234489e-05 0.00017825514 2.081923e-05 5.3186254e-06 0.0036046668 5.8920627e-06 1.1143959e-06 0.015079704 6.266434e-05 1.373847e-05 0.0024749043 0.0011581614 0.00023430325 0.0108805895 5.9240625e-07 1.4198307e-05 6.3817656e-06 5.3127016e-05 0.0031600262 2.8756878e-05 1.5543486e-05
0.9968524 0.3978157 0.30893308 0.28364813 0.24993807 0.24395329 0.24830179 0.23677768 0.44774857 0.41429788 0.9743056 0.87555104 0.13054268 0.10083144 8.298012e-12 0.47876137 0.08929211 0.12535599 0.17737097 0.08449198 0.016621374 0.08911886 0.02382887 0.16359007 0.33669627 0.055939365 0.066335656 0.03247214 0.019063972 0.04385041 0.010591508 0.015620314 0.65101486 0.053825498 0.012873395 0.04217466 0.009001596 0.02456715 0.0035440281 0.02938866 0.024785342 0.001218064 0.008597509 0.25238177 0.0003939153 0.00036410475 0.0021543445 0.016273364 5.414541e-05 0.004319279 0.0035224056 0.023687968 0.01681636 0.0001262806 0.0028900309 0.0068911314 7.687697e-06 0.0058922204 0.0008394192 0.011225606 0.00052452716 4.118865e-06 7.436341e-06 0.0011972925 0.00094944006 0.0010224732 8.3864135e-05 0.014942688 0.00034976297 0.003784239 0.000116431045 0.006292808 2.8441764e-06 0.0006166258 0.0004664774 6.7290144e-05 7.956186e-06 0.00023783915 0.00029237368 2.4162107e-05 0.00032160553 0.0017853596 0.00027417994 5.057792e-05 0.00020690502 0.00013022881 0.0009043543 0.0009909194 0.001954282 0.00030949304 8.184662e-05 0.00016861879 5.4236034e-06 0.00020447093 0.00018133424 8.17371e-05 0.00012857003 5.2418014e-05 0.00035922593 7.747777e-06 0.00015839953
0.9905851 0.011861711 0.010414983 0.0016200624 0.010174802 0.00028835764 0.0001796354 0.065567434 0.87497574 0.0012003112 0.10642211 0.3896862 0.00030891094 0.438033 0.47876137 9.260129e-18 0.1599209 0.0008363611 0.0024251603 0.26887292 0.091067895 0.00036031165 0.011437055 1.3620686e-06 0.47869223 0.6709681 1.2788028e-05 0.16757739 0.01269882 2.7806636e-06 0.9874777 2.738825e-06 0.14921652 9.29793e-05 0.00025119865 8.89336e-05 0.24395676 1.1889145e-05 2.9335499e-05 0.008064743 2.0235036e-07 0.001499392 1.9570356e-05 0.001723865 5.1885647e-05 0.17442518 0.06056874 0.0029290393 0.030710742 0.0002954671 0.0930923 1.0978875e-05 3.2166394e-05 0.0046843425 9.962043e-06 8.394844e-06 0.0034145 1.5009048e-05 4.41507e-07 9.517136e-07 4.7588875e-07 0.0010810546 0.0026804665 2.674721e-05 8.2175735e-05 5.0379654e-06 7.265776e-06 2.4012562e-07 9.517009e-07 7.3540306e-08 0.27606127 7.311035e-07 0.00019669405 1.1908526e-05 2.5169466e-05 0.00021784694 0.00024845684 5.078662e-07 0.05825639 4.0491635e-05 2.949842e-06 3.6019721e-06 4.72478e-06 1.13526006e-07 2.016925e-06 8.1062076e-08 7.715224e-08 1.9659724e-06 2.9114395e-07 3.2348432e-06 2.0820409e-08 2.423257e-06 6.142367e-08 1.2071384e-09 1.8647626e-09 8.18846e-06 3.470022e-05 3.978775e-07 1.4909e-05 7.792244e-08 7.402583e-06
0.9688659 0.0038773157 0.004658335 0.0007887122 0.0010313793 0.00085633935 0.00015277638 0.004319707 0.85640174 0.008776876 0.049494103 0.4305896 0.00021492591 0.8979713 0.08929211 0.1599209 1.3016768e-14 0.0013209583 0.00045946418 0.0011653982 0.9790786 7.8887795e-05 0.6325424 7.6156626e-05 0.5196199 0.0070777177 3.7951188e-05 0.5560707 0.5837081 0.0002539385 0.06518045 6.5361587e-06 0.15164222 0.00032094738 1.1557969e-05 0.00048210454 0.24222048 0.00017565848 0.22379175 0.029948834 2.878249e-06 0.2200603 2.7326929e-05 0.005819135 0.060712613 0.0010608722 0.15315682 0.00830238 0.00024852293 0.005738947 0.096300855 0.0006041161 0.00027618994 2.9712506e-05 3.058023e-05 0.0026124774 4.293696e-05 6.2960964e-05 1.83675e-06 0.00033118462 2.8321776e-06 1.618062e-05 0.00046469687 0.00026360538 2.5682635e-05 7.73262e-05 0.00022915498 0.014822084 9.407555e-06 1.0717168e-05 0.047464993 0.001417409 1.4468199e-05 0.003794788 0.010080487 3.9827923e-05 4.3255808e-05 1.6797478e-05 0.008630648 0.0021553473 2.9567e-06 0.00043098393 2.2334494e-05 3.6482113e-06 0.00019097849 3.7551222e-06 1.9859774e-06 0.0027305868 2.9432034e-05 2.0632484e-05 5.713016e-06 0.0013926781 0.00016403304 0.0005972024 3.3861397e-07 1.1820542e-05 0.00027572413 6.0646926e-05 0.0069739446 2.146766e-06 9.7109645e-05
0.9620969 0.0023888722 0.0025852367 0.015061911 0.003110766 0.03282517 0.03530345 0.0007076837 0.020864693 0.6395247 0.4142 0.075443424 0.30380616 0.002217464 0.12535599 0.0008363611 0.0013209583 5.366517e-16 0.9866706 0.0006329431 1.0132915e-05 0.0023326762 4.0409006e-05 0.06884771 0.0248306 0.00017618343 0.91152465 0.00011586006 4.644935e-05 0.70278746 6.48663e-08 0.42887506 0.152411 0.20316137 0.00065130496 0.3529792 2.5861464e-05 0.5933888 2.322266e-06 0.0014228778 0.3635601 1.0570598e-06 0.0016055515 0.21692307 3.935353e-08 4.5214542e-06 1.8046276e-05 0.0019722346 2.1353084e-05 0.00027644107 1.7529626e-05 0.00017711757 0.02221625 9.68197e-06 0.06489978 4.6921734e-05 2.6775551e-06 0.036191773 0.0012217641 0.005601075 0.001189814 2.4165531e-06 6.7869206e-07 0.0004498114 8.8664765e-06 0.00090867036 4.058155e-07 9.552326e-07 0.004819949 0.15735322 1.687482e-07 6.8139127e-07 5.2533414e-07 3.1805897e-07 5.056673e-07 9.184915e-06 1.1559654e-05 0.0005828905 0.00018823367 8.373471e-06 0.011766899 0.00039412256 0.021161856 4.815398e-05 0.00016484114 0.033662774 0.018604565 1.1983107e-06 0.0022035465 8.7520166e-05 1.1234662e-06 7.5726064e-07 2.710422e-08 1.7210166e-08 0.00014931803 3.984809e-05 4.2531094e-05 8.875152e-07 9.9814286e-05 2.0042631e-07 0.0006155218
0.99422735 0.0013221593 0.00076623017 0.0075311456 0.001124899 0.020456448 0.02875529 0.00031473133 0.014890275 0.3370329 0.45981777 0.08640709 0.31357127 0.002547173 0.17737097 0.0024251603 0.00045946418 0.9866706 1.4979524e-14 0.00036608416 8.509958e-06 0.0062166653 3.9117822e-05 0.09802627 0.05532894 0.00013531404 0.74957097 0.0001497013 1.9012883e-05 0.51578784 2.543916e-07 0.4707333 0.16099754 0.12554562 0.0014951975 0.13212289 2.8568516e-05 0.13965982 2.45785e-06 0.002270658 0.27848777 9.932384e-07 0.0020686963 0.20119861 7.463132e-08 5.290034e-06 2.1041471e-05 0.001936408 8.0753825e-06 0.000793655 4.1981904e-05 0.00023902042 0.008589359 2.347474e-06 0.05977746 5.4570188e-05 2.092725e-06 0.015055979 0.0027926574 0.0029245608 0.0039621927 7.8151555e-07 8.402856e-07 0.00027305764 5.970577e-05 0.00064153335 6.243e-06 1.9893232e-06 0.005367433 0.069373436 7.256732e-06 5.4652023e-06 1.2454983e-06 6.043065e-07 2.5139634e-06 3.1209078e-05 7.903814e-06 0.00032834453 7.260952e-05 2.4461044e-06 0.007610792 0.0004709083 0.016573776 3.8940274e-05 4.536617e-05 0.021067237 0.028388146 1.3876217e-05 0.0006009337 6.526657e-05 4.051243e-06 9.897727e-07 1.6832082e-07 1.4451456e-07 0.000156913 9.04626e-06 0.00024921529 1.3796242e-05 5.8699534e-06 9.85334e-07 0.0007797048
0.85976624 0.18873665 0.19370681 0.05755491 0.71275634 0.014051494 0.004937699 0.8980471 0.1483396 0.002250106 0.030794332 0.04529939 0.00067353 0.007219798 0.08449198 0.26887292 0.0011653982 0.0006329431 0.00036608416 1.8906351e-16 0.0003234998 0.1754779 0.0003087843 8.049367e-05 0.045103285 0.99553114 7.604816e-06 0.00016070962 3.5453664e-05 8.188506e-06 0.074553065 5.6471467e-06 0.014114597 4.2535758e-05 0.0029483107 1.05020945e-05 0.00018840392 3.2089565e-06 2.7748237e-07 2.7264168e-05 4.3210292e-07 1.9011251e-05 4.9549824e-05 0.000112779984 5.0009214e-07 0.4901519 4.673185e-05 2.6651192e-05 0.53041625 2.2083416e-06 5.9536556e-05 3.5262903e-07 2.5409773e-07 0.4860665 2.7996173e-06 9.364883e-08 0.013089628 1.0989763e-06 1.3312455e-05 3.8369768e-07 2.391257e-06 0.011963593 0.0007847382 0.0022520404 0.014458736 1.835518e-07 1.087423e-06 1.0321638e-09 4.2905071e-07 1.7239768e-06 0.00842088 2.3428042e-08 0.0004964788 2.786913e-08 6.1226484e-07 0.0109570995 0.0031654434 0.00016356831 3.2934415e-05 5.329999e-08 7.5878745e-07 6.494463e-07 5.5308567e-07 4.442348e-06 1.080669e-06 3.1644456e-07 1.6883071e-06 4.160519e-08 6.1736597e-07 0.000112808375 3.896988e-09 3.621887e-07 9.359021e-09 4.6287182e-11 3.3073892e-08 0.001029656 1.8670069e-05 8.352431e-08 3.997869e-07 1.8308214e-08 2.8402058e-06
0.9059873 8.090828e-05 7.382811e-05 5.031932e-05 3.9873907e-05 1.0614425e-05 1.6228178e-06 5.293978e-05 0.26155642 3.821297e-05 0.0021828366 0.020779386 1.5348509e-06 0.67647976 0.016621374 0.091067895 0.9790786 1.0132915e-05 8.509958e-06 0.0003234998 2.2071893e-14 4.851053e-06 0.85816306 2.6751993e-06 0.2796684 0.0029528525 3.3545862e-07 0.7960132 0.94786626 5.709936e-07 0.010097604 4.294111e-08 0.069804095 1.3742964e-05 5.054395e-06 1.3895975e-05 0.4237095 1.9297609e-06 0.744128 0.015694333 1.2078985e-07 0.5305518 3.7087163e-06 0.00051941985 0.3336776 0.00052737264 0.25485498 0.0039878776 0.00039506805 0.0010872297 0.1710985 0.0014746538 6.909132e-06 5.5436803e-06 6.5656184e-07 0.0044046603 3.02455e-05 8.0107094e-07 6.8157945e-08 3.454668e-05 8.745078e-08 3.6346812e-06 7.4085474e-05 5.2291016e-06 1.6053468e-06 1.3561238e-07 1.5664022e-05 0.09671633 2.0599197e-07 8.8547176e-07 0.027578244 0.0043632346 7.665551e-06 0.019927029 0.035052303 4.6009686e-06 1.148109e-05 2.924891e-06 0.018759113 0.0041457796 1.6446959e-06 9.460962e-06 3.3540118e-06 2.0632483e-07 0.00019489253 4.1063518e-07 5.990851e-08 0.014749128 4.58857e-07 2.5838995e-06 1.662607e-05 0.00075689104 6.785711e-05 0.00013978616 1.9254555e-08 2.3199416e-06 2.8361552e-05 6.2204576e-06 0.007176684 7.9730427e-07 3.8545213e-06
0.93999666 0.8644628 0.7212584 0.5572708 0.8839519 0.5402812 0.50471246 0.8310379 0.0055668675 0.0046926816 0.018024975 0.0051109763 0.012728914 0.00044550313 0.08911886 0.00036031165 7.8887795e-05 0.0023326762 0.0062166653 0.1754779 4.851053e-06 8.5006607e-16 5.0991207e-06 0.06621343 0.02842475 0.011108233 7.4150295e-05 1.2336325e-05 4.344978e-06 2.023716e-05 2.1493033e-05 4.5581834e-05 0.0041081775 3.0803913e-05 0.9942603 2.5040226e-05 6.414609e-07 1.8108747e-06 3.4557155e-09 1.3989417e-06 2.0387344e-05 2.8286132e-07 0.055651437 0.00071828155 1.5324001e-09 0.0002260239 1.11994716e-07 1.5761918e-05 0.010780196 1.0589865e-05 2.9120477e-07 1.3465011e-07 8.08194e-06 0.16778737 0.0005995938 6.2044194e-08 0.00043899383 8.243023e-06 0.0026393125 2.448407e-07 0.00024615705 0.0008965164 5.550854e-06 0.49690023 0.75950605 1.3613115e-06 1.598031e-07 2.520911e-10 0.00013737338 3.0942704e-07 2.2832014e-06 4.3641446e-09 1.1774436e-05 4.3493364e-09 2.8286738e-08 0.038169723 0.00036869492 0.00828234 3.9615532e-08 2.3652618e-09 8.775741e-06 9.54729e-07 1.9730346e-06 0.00093862665 1.0122589e-07 6.305563e-08 3.905162e-07 6.324085e-09 3.5984306e-07 0.057765014 1.6746836e-09 2.4271878e-07 7.67057e-09 5.076686e-11 7.1021496e-08 0.0069378843 6.105664e-05 9.270815e-08 3.9828487e-07 6.293197e-07 1.5990692e-05
0.9603456 2.6740858e-05 7.2580784e-05 2.3800443e-05 3.8589515e-05 3.565128e-06 1.1722196e-06 0.00010686749 0.028513944 2.2514174e-05 0.0013742128 0.02612095 2.3975551e-06 0.9097913 0.02382887 0.011437055 0.6325424 4.0409006e-05 3.9117822e-05 0.0003087843 0.85816306 5.0991207e-06 1.378312e-12 9.924601e-07 0.8048205 0.0017553231 9.5586465e-06 0.47228914 0.84736615 7.961195e-06 0.0012400482 2.8548916e-06 0.27542648 5.9744565e-05 5.841406e-06 8.5033105e-05 0.12095795 2.363262e-05 0.9269382 0.25596267 8.4283226e-07 0.6432421 1.2531527e-05 0.0029797663 0.4239956 0.000289191 0.06518358 0.0181359 2.414953e-05 0.009804323 0.03514725 0.020085895 6.3696454e-05 4.1275985e-06 3.0285546e-06 0.024415256 3.9928186e-06 2.0840824e-05 2.2038172e-07 0.00031446578 6.826098e-08 1.4269253e-06 6.1029823e-06 2.63215e-06 9.503537e-06 1.2167258e-05 0.0002651183 0.39660963 1.2357332e-07 9.344338e-06 0.004626306 0.07630445 3.1718794e-06 0.07745589 0.20945007 6.734908e-07 8.991419e-06 2.225525e-07 0.02003816 0.0056438497 4.440493e-06 0.0003909274 3.6948884e-06 1.7865362e-07 0.00022044555 3.0612457e-06 1.0511543e-05 0.14047274 5.3738757e-05 5.0614517e-06 0.00022826678 0.009645849 0.0013116719 0.01101123 3.5012574e-06 4.6258533e-06 2.303189e-05 2.463608e-05 0.04762908 1.8480521e-05 4.396925e-06
0.9512089 0.266885 0.060263745 0.2089735 0.010815698 0.78504896 0.9644563 0.005844883 0.0035024015 0.15719905 0.06298539 0.01762991 0.629166 0.0006388157 0.16359007 1.3620686e-06 7.6156626e-05 0.06884771 0.09802627 8.049367e-05 2.6751993e-06 0.06621343 9.924601e-07 3.1303706e-15 0.03475295 2.8455264e-05 0.014643347 6.783562e-07 4.45312e-07 0.00468955 1.5840867e-07 0.025762357 0.011234619 0.0006177904 0.40069407 0.0015520743 4.6370673e-08 0.0004189903 3.651829e-09 1.1733779e-05 0.019918663 9.801537e-08 0.9919468 0.0062641124 1.1015991e-09 5.1495e-06 8.9745e-08 2.668924e-05 1.0829299e-05 8.0649625e-06 1.6890157e-06 6.714017e-08 0.00012800004 1.4218361e-05 0.09478799 7.0332504e-08 1.3097175e-06 5.2243293e-05 0.38130528 5.8390783e-06 0.18158367 1.327248e-06 3.549013e-07 0.07176811 0.006788271 9.0121e-06 1.2034728e-07 6.6307787e-10 0.13038652 5.9534286e-05 1.91899e-06 4.3846864e-09 1.2455332e-07 9.9044035e-09 1.6218014e-06 2.6985852e-05 2.2977817e-06 0.0859739 2.8216689e-06 1.0135572e-07 0.004721909 1.1550184e-06 0.0003569876 0.008940033 1.919257e-06 2.5503157e-06 7.4051036e-06 2.0921173e-07 4.946639e-07 0.019484112 2.1483932e-09 7.819464e-07 9.233949e-08 2.292371e-10 3.6308927e-07 1.6951113e-05 0.014954955 1.197716e-07 5.9526424e-06 1.0823599e-07 0.0018602107
0.99946576 0.08226328 0.051575765 0.0332044 0.048975743 0.030367905 0.0142244175 0.082503326 0.28667966 0.118387826 0.07160563 0.4633143 0.02737754 0.948551 0.33669627 0.47869223 0.5196199 0.0248306 0.05532894 0.045103285 0.2796684 0.02842475 0.8048205 0.03475295 5.641806e-14 0.050037224 0.010915277 0.21270508 0.2550335 0.009701505 0.04551184 0.0048415163 0.8892575 0.018749148 0.003186456 0.011002329 0.08051144 0.00918034 0.17042919 0.45249003 0.006549275 0.12524709 0.0010870264 0.027306804 0.047147766 0.0035077098 0.04426298 0.023121683 0.0003189035 0.019017024 0.05597242 0.43559763 0.004095218 0.0006525235 0.0017504102 0.15670374 8.752584e-05 0.0029724804 0.0002398335 0.0074450453 8.263453e-05 0.00015668511 7.770876e-05 0.0005812532 0.00040299245 0.0005973727 0.0014237553 0.4363185 0.000117061885 0.0007362413 0.019954065 0.24138017 3.2383916e-05 0.055946495 0.20745403 6.142768e-05 8.7185195e-05 5.864311e-05 0.003623349 0.0011123213 0.0003746775 0.0015554423 0.00013597806 5.4732955e-05 0.004405076 9.7970646e-05 0.00046387553 0.2855151 0.00039647403 0.00015013508 0.008723831 0.024413755 0.019028017 0.033976328 0.00016684977 0.00017990473 0.0001096164 0.00010895594 0.055358093 8.706156e-05 0.0002692774
0.8265693 0.027557705 0.017198404 0.0047781887 0.08897187 0.0012376946 0.0008645546 0.20020218 0.4080954 0.0007262922 0.01863547 0.04655954 0.00019165994 0.030312205 0.055939365 0.6709681 0.0070777177 0.00017618343 0.00013531404 0.99553114 0.0029528525 0.011108233 0.0017553231 2.8455264e-05 0.050037224 9.4315405e-17 3.8053047e-06 0.004557908 0.0005434723 4.987175e-06 0.80010986 5.857338e-06 0.018931257 6.5485247e-06 0.0003465807 4.249438e-06 0.0061951345 9.6029055e-08 1.307685e-05 0.00027919942 1.0376405e-07 0.000111310226 7.0021847e-06 0.00023027047 1.0907033e-05 0.92637694 0.0015051658 0.00020900625 0.58145815 5.9287482e-05 0.0016112205 3.769816e-06 5.218413e-07 0.1541698 9.417505e-07 7.146785e-07 0.040844653 7.0035026e-07 7.8677573e-07 5.9283184e-07 2.6619261e-07 0.010842972 0.013962982 0.00027205353 0.0016456846 1.2014684e-07 2.4134185e-06 1.9113862e-08 2.4912017e-08 4.9367923e-06 0.17328921 4.8952913e-08 0.0049086013 3.763795e-08 1.2856739e-05 0.0019469878 0.0022821696 5.6829256e-05 0.0015339942 3.2487649e-06 4.8763013e-07 1.09788544e-07 3.282072e-07 4.109406e-06 1.1066858e-06 2.2891194e-07 3.0147428e-06 2.786662e-07 1.7364071e-07 8.30086e-05 5.139219e-09 9.098435e-07 3.8768913e-08 5.1505206e-10 2.0949233e-08 0.0001333667 2.309074e-05 5.337843e-08 2.520969e-06 9.481691e-08 8.5982265e-06
0.9776675 6.487029e-05 2.9569754e-05 0.0005228037 3.0125711e-05 0.001015232 0.0036572772 1.0654693e-06 0.00082887325 0.099927954 0.03944839 0.0058328426 0.10176428 0.000101187245 0.066335656 1.2788028e-05 3.7951188e-05 0.91152465 0.74957097 7.604816e-06 3.3545862e-07 7.4150295e-05 9.5586465e-06 0.014643347 0.010915277 3.8053047e-06 2.4658884e-14 6.1708015e-06 1.9680735e-06 0.9669683 1.37577505e-08 0.7647423 0.0433706 0.2805295 0.00014710223 0.49447858 5.152916e-07 0.74728626 7.401541e-07 0.0001222231 0.22969872 9.093942e-07 0.00048318942 0.20057322 2.1959549e-08 5.4943763e-07 5.466977e-07 0.00067474536 3.326424e-07 6.422101e-05 9.004334e-06 2.8630155e-05 0.013403087 2.2312778e-07 0.051776495 1.0336169e-05 2.7193562e-07 0.07021508 0.0005774175 0.0033069132 0.00062594574 2.1631895e-07 1.3764199e-07 2.5626512e-05 1.707472e-06 0.0020264767 1.0298686e-06 8.579741e-09 0.0018558862 0.21713418 3.6195927e-06 2.0352512e-07 3.355943e-07 1.16420324e-07 6.49085e-06 8.8243905e-06 1.5149612e-06 5.206483e-05 1.3689633e-07 4.2532832e-07 0.0032858762 0.00054442754 0.012500119 1.2516478e-05 1.9806144e-05 0.057176404 0.43913323 6.176242e-06 0.004324664 7.835541e-06 1.2129789e-07 7.5404375e-07 4.188171e-08 5.966009e-10 0.00034332508 7.448936e-07 8.51606e-05 6.5608117e-07 3.2476341e-06 2.3451192e-07 0.00035214584
0.92671245 0.00039471933 0.00033926402 0.00017408037 8.111873e-05 8.9407265e-05 1.480009e-05 0.00025758738 0.13345173 0.00019511962 0.0035427895 0.023404254 2.938377e-05 0.23586978 0.03247214 0.16757739 0.5560707 0.00011586006 0.0001497013 0.00016070962 0.7960132 1.2336325e-05 0.47228914 6.783562e-07 0.21270508 0.004557908 6.1708015e-06 1.2931945e-13 0.94680333 7.808462e-06 0.06148331 3.907045e-06 0.026813213 8.117801e-05 4.183421e-06 6.321776e-05 0.9840161 1.0044505e-05 0.18157624 0.0022040897 1.2100304e-07 0.30110723 3.4012169e-06 0.0006242059 0.122244716 0.0023187175 0.8139156 0.0029440077 0.00022213151 0.0006370872 0.5643674 0.00020756929 2.4909441e-05 8.5182655e-06 2.1727e-05 9.98318e-05 2.3710954e-05 1.3919359e-05 2.1285286e-06 1.0459843e-05 9.541583e-07 3.4458083e-06 0.0005000164 1.2195278e-05 1.1388821e-05 1.7019186e-06 0.00015307711 0.0001411103 1.373304e-06 1.4075144e-06 0.17702346 4.5762812e-05 9.639175e-06 0.00018549943 0.21696392 5.2278324e-07 7.4501836e-06 2.620903e-06 0.23783952 0.051273372 1.4531129e-05 4.990395e-06 5.954504e-06 5.000231e-07 8.574847e-06 2.7092582e-07 8.3610496e-07 0.0019416616 5.568821e-07 8.691087e-06 5.7603994e-08 0.00017846793 1.3415639e-05 1.5814615e-07 3.374385e-08 7.324414e-07 0.00038483762 2.189742e-06 0.012079091 1.0196515e-07 0.00026719127
0.92098284 2.4439069e-05 5.2980693e-05 5.7227528e-05 1.607106e-05 2.3797018e-05 1.3128263e-06 1.9556717e-05 0.06549416 4.2065625e-05 0.002264267 0.019609336 8.226562e-06 0.23972936 0.019063972 0.01269882 0.5837081 4.644935e-05 1.9012883e-05 3.5453664e-05 0.94786626 4.344978e-06 0.84736615 4.45312e-07 0.2550335 0.0005434723 1.9680735e-06 0.94680333 2.5798015e-14 4.7493645e-06 0.008552438 2.540024e-06 0.030398909 4.3728523e-05 4.9195155e-06 5.3380954e-05 0.78065187 1.4590381e-05 0.8600384 0.008009893 1.5149705e-07 0.8482711 6.449017e-06 0.00069253 0.67776287 0.00048238534 0.71622247 0.003514832 9.483532e-05 0.0015092904 0.49043685 0.00035853265 1.4516987e-05 6.4140922e-06 7.9812635e-06 0.00048672702 6.4403444e-06 1.1996949e-05 1.7890646e-07 2.1413874e-05 2.674514e-07 3.3899123e-06 9.1039816e-05 1.4719407e-05 6.477901e-06 2.9879545e-06 0.00031008094 0.0017929337 6.327355e-07 9.584405e-06 0.059290726 0.00018798179 2.831681e-06 0.0028143013 0.25918794 8.6326384e-07 1.2825792e-05 4.6629282e-07 0.14783357 0.03159705 4.6102145e-06 9.248412e-06 4.50092e-06 3.0747353e-07 2.3766082e-05 1.252508e-06 3.125183e-06 0.021060219 7.0545286e-07 5.3819763e-06 8.908724e-07 0.00070380827 0.00013094628 1.3136572e-05 5.6620138e-08 7.086889e-07 0.00025489807 1.7270844e-05 0.040606335 4.6734252e-07 0.00013893067
0.9211186 4.5681318e-05 5.1289033e-05 0.001711988 6.777329e-05 0.0021498087 0.058181066 2.2135898e-06 0.00083489995 0.17968722 0.03554317 0.009224247 0.23833025 0.00015652977 0.04385041 2.7806636e-06 0.0002539385 0.70278746 0.51578784 8.188506e-06 5.709936e-07 2.023716e-05 7.961195e-06 0.00468955 0.009701505 4.987175e-06 0.9669683 7.808462e-06 4.7493645e-06 3.270769e-13 4.3961776e-08 0.9711496 0.023680164 0.10488891 8.996442e-05 0.20009029 5.972513e-07 0.60675985 8.8652754e-08 0.00018060525 0.4988138 3.1043822e-07 0.0005585051 0.071934864 2.7486713e-08 2.7560131e-06 4.3568554e-07 0.0004514976 4.221208e-06 0.00015756875 4.2403837e-05 1.3332453e-05 0.013822192 1.088748e-06 0.14747751 5.075043e-06 8.303986e-07 0.08298468 0.00027232763 0.001387533 0.001236417 3.779782e-07 6.7049285e-07 8.4353596e-05 6.2171184e-06 0.0048550707 1.2046051e-05 7.283588e-09 0.011063413 0.5939608 9.2837545e-05 1.7268802e-07 1.8450497e-07 2.3851794e-07 2.3532853e-05 6.9095527e-06 2.5061763e-06 0.00039975872 1.0687141e-05 1.6019852e-06 0.011732952 0.001035907 0.03636762 5.580709e-05 7.9288075e-05 0.054790996 0.825795 2.4248375e-05 0.01228491 2.4585312e-05 7.3640386e-08 3.0357953e-06 1.3726199e-07 2.8638671e-09 0.0007605433 2.349909e-06 8.851864e-05 3.7365552e-07 0.00019071058 1.6817298e-06 0.00035586793
0.66335124 0.00036031715 0.00023754333 0.00010512861 0.0014254117 9.92862e-06 9.853036e-06 0.004872288 0.13062191 8.4258477e-07 0.00057833875 0.014704284 6.1907514e-07 0.0316459 0.010591508 0.9874777 0.06518045 6.48663e-08 2.543916e-07 0.074553065 0.010097604 2.1493033e-05 0.0012400482 1.5840867e-07 0.04551184 0.80010986 1.37577505e-08 0.06148331 0.008552438 4.3961776e-08 5.014385e-18 2.3076102e-07 0.012970032 1.2178116e-08 2.1998801e-05 3.758587e-08 0.17917499 5.8547634e-08 3.2929107e-05 0.0010316444 1.4706482e-07 0.0037558787 3.9892752e-06 2.020608e-06 8.9084875e-05 0.98160416 0.07107956 1.113038e-05 0.09096797 2.8517352e-06 0.1302718 3.4997986e-06 4.2163354e-08 0.0053717317 4.3927457e-06 7.0340766e-06 0.0195832 1.2380541e-06 2.4293158e-07 4.217886e-09 3.7035633e-08 0.0014106415 0.042457934 7.355641e-07 1.1479634e-05 1.4926064e-08 3.0838655e-07 1.097226e-07 1.2709776e-07 4.1250192e-07 0.8760234 4.5772197e-07 0.0040389514 9.564828e-06 7.655304e-05 5.4674267e-05 0.00024567934 2.2466674e-08 0.10352633 0.00017748652 2.5135543e-07 1.7128207e-07 1.8175399e-07 5.5855964e-09 3.7045012e-07 9.4793045e-08 5.5889664e-08 5.943271e-06 5.593293e-09 1.0130505e-06 6.869772e-09 1.2771915e-05 6.137658e-08 3.0080178e-09 3.4024492e-10 2.2534614e-06 4.1473e-06 3.377759e-08 9.523015e-06 1.1858147e-06 4.133212e-06
