2.5591877e-22 0.49318758 0.078385696 0.3485295 0.76826215 0.9580829 0.20710668 0.7641846 0.9450967 0.25401682 0.95390743 0.20716769 0.5666995 0.95162195 0.9542721 0.95424175 0.025981035 0.68385786 0.92600185 0.9378422 0.22280703 0.9311505 0.923093 0.0066411407 0.9603152 0.07062662 0.00044281766 0.91690844 0.74256015 0.936599 0.00028700673 0.47762707 0.22647017 0.00022122437 0.06687134 0.9323851 0.4363268 0.9686679 0.8473686 0.71660465 0.9112771 0.9095925 0.9103653 0.0017195385 0.8653076 0.00564096 0.015689064 0.021060867 0.8702718 0.18998721 0.28812003 0.0074118446 0.8868277 0.989109 0.8773968 0.9828428 4.192349e-05 0.7197626 0.0033379172 0.8040257 0.84882045 0.8661959 0.92271185 0.99276024 0.00056668307 0.00015802821 0.8484763 0.8783684 0.023351815 0.8964204 0.6610874 0.7142185 0.94319665 0.9349815 0.92337644 0.9088016 0.0025601655 0.6697514 0.9638271 0.94922775 0.5032639 0.7697901 0.95540494 0.99800473 0.15622929 0.00016335459 0.99947464 0.9716285 0.5459246 0.00037731088 0.9999852 0.0071037384 0.9995304 0.6462387 0.9840956 0.9995993 0.12162559 0.9756994 0.93503577 0.20214494 5.7255636e-07
0.49318758 1.6412092e-16 0.9869936 0.939337 0.4496872 0.80167663 0.3378486 0.13401985 0.031880926 0.30776948 0.045294326 0.008546518 0.062517956 0.021132832 0.5505596 0.61076474 0.28840017 0.00075760455 0.13207164 0.020285847 0.09587949 0.00566012 0.06934648 0.4842274 0.04103119 0.038729046 0.021476546 0.00010175179 0.0007434561 0.00014869719 0.00816789 0.000177221 0.0072605326 0.0020669955 0.0029787666 0.0008805384 1.0930807e-05 0.00042761205 2.477046e-05 0.00033767804 0.0035289507 0.019744266 0.012881476 0.000523965 1.9262867e-05 0.000437858 0.00016463516 0.00026847786 1.0004839e-05 1.3570166e-05 2.8098693e-06 2.4281188e-05 7.5440774e-05 0.014708281 2.7267895e-06 0.00040229055 1.4552013e-05 5.8130527e-06 2.0426542e-05 8.031172e-05 0.0008061998 7.677611e-05 0.00033943218 0.0011484781 5.812036e-05 2.3450322e-05 1.5909904e-05 9.610079e-06 1.3673591e-06 4.6032002e-07 4.1214254e-05 2.1489242e-05 0.0014644365 1.7126296e-05 0.00012514253 6.662213e-06 2.7968562e-07 9.659747e-07 0.0019239818 9.736815e-06 6.6998086e-07 2.962057e-06 0.00043321267 0.00083800545 5.6410346e-07 3.350147e-06 0.00073994417 1.9957753e-07 1.750284e-06 1.0396224e-09 0.0002620858 1.1329234e-06 0.0030786 2.622283e-06 5.438637e-05 0.0010739295 6.7383445e-07 1.3535359e-05 5.6512334e-05 1.0682407e-06 5.847096e-08
0.078385696 0.9869936 9.842813e-18 0.9416257 0.025174046 0.53002703 0.022417003 0.008275066 0.18320355 0.8852527 0.003105087 0.0007689013 0.34451163 0.0019073669 0.27763313 0.18986526 0.64887846 4.5217414e-05 0.009927304 0.026884092 0.00082518876 0.0125287445 0.03810874 0.2326949 0.004333371 0.14488202 0.085640766 4.8082435e-05 3.326548e-05 0.00089183985 0.0005519833 0.0019863737 0.028784376 5.0904557e-05 5.2390973e-05 0.00010373996 2.2280925e-05 3.1440446e-05 9.971244e-06 4.904799e-05 0.0018404621 0.0009067236 0.0011088484 1.3087941e-05 4.0982028e-05 0.0029698836 0.00045157858 2.5106378e-06 1.933897e-06 4.291719e-05 3.175242e-06 8.972296e-05 2.5314188e-05 0.0018387288 2.850759e-06 9.580248e-06 0.00012339262 6.1135675e-06 7.979038e-05 1.0361741e-05 3.2080035e-05 0.00010552528 0.00025329005 0.0002331244 4.9012806e-06 6.4565524e-05 7.1747105e-05 3.7750144e-06 4.784257e-07 3.889149e-06 1.5956492e-05 6.686484e-06 0.00036049346 6.131092e-05 3.1291358e-05 1.0682668e-05 1.2489905e-06 5.7971306e-06 0.00024032073 1.2811392e-05 5.925323e-07 1.182534e-06 0.0002963857 0.00013849717 1.6943654e-06 4.6124416e-07 0.0002960803 6.678205e-06 2.8850807e-06 1.3376933e-08 0.00013572023 3.6051033e-06 0.001788536 1.40398915e-05 1.5015219e-05 0.00045624675 5.0946496e-06 4.45226e-06 2.1672668e-06 5.101879e-06 4.7966992e-08
0.3485295 0.939337 0.9416257 4.672446e-16 0.007680622 0.963445 0.0032109434 0.0015592607 0.84772915 0.81004095 0.00090875145 0.00016865482 0.70080024 0.00018329686 0.52422124 0.36176878 0.27183154 1.832847e-05 0.016251147 0.22052115 0.0004535737 0.14724827 0.27189332 0.0737075 0.0065391734 0.28432643 0.01394914 9.714021e-07 8.156342e-06 0.021284569 8.3659084e-05 0.013879931 0.18036082 2.8881987e-05 3.773559e-05 1.30186645e-05 0.00018455133 1.3237646e-05 1.1806409e-06 1.0856877e-05 0.013516882 0.0024148542 0.003051614 5.0713816e-06 0.00022668511 0.019212857 0.0007206583 1.5434907e-06 1.4420982e-06 9.5942596e-05 7.5658926e-07 0.00057951326 2.1272595e-05 0.0050620674 2.271704e-07 1.2777288e-05 0.00055741 2.8881022e-05 0.0015085104 2.8247261e-05 0.00014158021 0.0005739073 0.0026804372 0.00020169465 6.427067e-06 0.00079868454 0.00014985171 4.314427e-06 1.3494474e-07 2.081006e-05 0.00011164628 1.2527678e-05 0.0022426755 0.00016117483 1.538222e-05 5.3983226e-06 1.8086179e-05 6.280307e-05 0.000693092 4.831468e-06 1.1106787e-05 1.3922418e-06 0.0007170007 0.00046912543 1.0270022e-05 9.5560566e-08 0.0011918367 9.749638e-06 1.0705456e-06 4.935292e-09 8.803163e-05 2.5693646e-06 0.0054925694 6.0306897e-06 6.7738815e-06 0.0016108848 7.574087e-07 3.7477023e-06 5.709726e-06 5.4835277e-06 2.9733378e-08
0.76826215 0.4496872 0.025174046 0.007680622 2.967926e-16 0.02366897 0.9721639 0.95029026 0.00020111457 0.004331053 0.6750167 0.5845366 7.305e-05 0.5460516 0.04441801 0.08398724 0.0136670815 0.07692777 0.46908462 0.00017369744 0.7888451 4.654757e-05 0.0004937706 0.36100212 0.13165517 0.0004074501 0.00033497415 0.00089806004 0.021282697 3.0977993e-05 0.026985262 6.0418264e-05 0.00021354722 0.016370168 0.07577238 0.0035629466 1.7765062e-06 0.00050325633 2.4632978e-05 0.0039096414 0.00048669218 0.042070776 0.0122113405 0.005261562 1.9934632e-06 8.916314e-05 4.919023e-06 0.005257552 2.3540755e-05 4.046629e-06 0.0001296265 8.467259e-07 0.00013017356 0.011362866 0.00010529247 0.002434798 1.756868e-06 2.390335e-07 1.5443815e-06 0.00010833851 0.0033058317 3.4667442e-05 6.720754e-05 0.0074058813 8.718435e-05 8.6503985e-07 2.524567e-05 9.508641e-06 8.099717e-06 2.4319982e-07 3.0854775e-05 3.6462407e-05 0.00041810336 1.5423783e-06 0.00071976613 1.910449e-05 3.0145845e-08 9.709381e-07 0.0023577774 3.6781348e-05 9.7531235e-08 5.7911075e-06 9.990532e-05 0.002491219 1.6103195e-06 6.6526735e-07 0.00047422957 4.3898016e-08 2.1116946e-06 1.00973425e-08 0.0012673704 4.4369642e-07 0.0005162917 4.106072e-06 0.00013597663 0.00035399167 1.8624622e-06 6.2987456e-05 0.00014723964 6.7089894e-07 2.8909033e-08
0.9580829 0.80167663 0.53002703 0.963445 0.02366897 4.404572e-15 0.006219325 0.0062917517 0.87119186 0.35990253 0.0052844533 0.0011290191 0.4043737 0.0008303845 0.9389917 0.8687795 0.09793204 8.674282e-05 0.13282427 0.44186407 0.0033966955 0.37127176 0.6235162 0.05309392 0.04766251 0.102749504 0.002984264 6.0812795e-07 5.26442e-05 0.018287348 0.00068193086 0.007033543 0.08722582 0.00020014452 0.00025044993 0.0001989885 0.00068138714 3.2577642e-05 1.5722981e-06 4.5907367e-05 0.08858059 0.06144527 0.025041685 2.1976844e-05 0.0005583896 0.010436235 0.0022923946 1.3809944e-05 1.6214658e-06 0.00039521826 1.651738e-06 0.0009999976 3.251643e-05 0.12031371 1.8599525e-06 9.246062e-05 0.000478856 0.00031995968 0.0016577237 3.5229532e-05 0.0016373337 0.001084081 0.010065848 0.0015200431 1.4256256e-05 0.00014074595 0.00035878542 5.2664964e-06 1.5479573e-06 4.6977704e-05 0.00042825547 3.1932577e-05 0.03255436 0.0003117387 1.8100225e-05 7.711516e-06 1.9885598e-05 6.1192804e-05 0.009939363 7.606709e-06 2.301327e-05 1.7024527e-06 0.0044561983 0.0045237727 1.4407821e-05 3.6738763e-06 0.01963668 1.2593395e-05 1.1167914e-05 9.626524e-08 0.00011218293 2.0400316e-07 0.03697339 4.9831715e-06 9.142299e-05 0.009312841 1.4525718e-06 7.449995e-05 0.00014381923 3.4587147e-06 4.4931397e-08
0.20710668 0.3378486 0.022417003 0.0032109434 0.9721639 0.006219325 2.206661e-16 0.8355742 0.000114900104 0.0020223607 0.3900386 0.95417863 9.545069e-05 0.39355648 0.008935536 0.013042351 0.012638477 0.096670635 0.07154057 0.00011951094 0.8752999 2.8308154e-05 0.0001547891 0.56419796 0.013842019 0.00027419667 0.00052070024 0.0042868922 0.019912016 2.8763596e-05 0.19239774 3.6560636e-05 0.00010204838 0.08301601 0.094271146 0.0030895793 2.4321508e-07 0.00065669 8.421308e-05 0.004069403 3.7149737e-05 0.0038739962 0.001369482 0.0073739868 1.5293031e-06 4.2034866e-05 5.368162e-06 0.0046605454 2.0118547e-05 2.8185436e-06 0.00041230823 2.465192e-07 0.00015177856 0.0023018385 2.9284987e-05 0.0008815148 2.7535934e-06 1.4599706e-07 3.0252897e-06 4.1504714e-05 0.00058862363 3.4473127e-05 1.8110188e-05 0.0016124494 0.00031129815 6.628343e-07 3.6650997e-06 1.2483791e-05 8.808617e-06 1.7485011e-07 1.02601e-06 2.2530305e-05 5.3112075e-05 1.6709961e-06 0.00056152017 3.2612737e-05 8.290874e-09 3.2832241e-07 0.00046852784 5.873137e-05 1.9639259e-08 7.683555e-06 2.8556258e-05 0.00050922984 5.744992e-07 3.6734248e-06 8.808387e-05 8.226091e-08 2.9929926e-05 4.1997858e-08 0.0004634734 2.0645041e-07 0.00021364051 1.5632279e-05 0.00010123329 0.00010603908 3.7997127e-06 7.067863e-05 9.466589e-05 3.0116537e-06 1.08883675e-07
0.7641846 0.13401985 0.008275066 0.0015592607 0.95029026 0.0062917517 0.8355742 3.259146e-15 9.389203e-05 0.0007490935 0.94176954 0.785283 5.8273155e-05 0.9183732 0.011634159 0.034910794 0.0053425264 0.34594285 0.48981723 4.6893954e-05 0.7777588 2.0961077e-05 0.00017969553 0.10072922 0.14627129 0.00017873415 0.00011422503 0.008882791 0.101174474 4.865374e-06 0.013658261 2.436367e-05 5.63367e-05 0.013525225 0.11690967 0.013782749 5.2151495e-07 0.005138602 0.00049984024 0.027478522 0.0002793435 0.040990476 0.020507853 0.011454711 8.4845897e-07 1.4902235e-05 9.116385e-06 0.01682614 0.00016098713 8.677955e-07 0.000569954 5.501434e-07 0.0005447636 0.00827193 0.00036404227 0.009495492 9.816592e-07 5.3151364e-08 1.2179912e-07 0.00028803994 0.0061070267 6.4819365e-06 3.3635526e-05 0.013097276 0.0015600639 2.1194319e-06 5.6299555e-06 2.3814566e-05 8.40087e-05 1.1955943e-07 1.1024726e-05 0.00012331345 0.0004064713 7.3907074e-07 0.0011463343 2.6431992e-05 1.7247223e-07 1.4436724e-06 0.0032149456 4.5467048e-05 8.376713e-08 7.2296607e-06 3.177591e-05 0.0035444759 1.4190164e-06 9.589763e-06 0.0006067027 5.277195e-08 1.5815704e-05 4.1419753e-08 0.0020938492 5.2844246e-07 0.00022461235 1.0425864e-05 0.00024254769 0.00018214155 2.057927e-05 0.00017847287 0.00038041433 1.9554518e-05 1.4904337e-07
0.9450967 0.031880926 0.18320355 0.84772915 0.00020111457 0.87119186 0.000114900104 9.389203e-05 1.2083119e-15 0.5663345 9.6165466e-05 1.7414486e-05 0.9762248 1.3374785e-05 0.5867642 0.13080472 0.040389523 2.670584e-07 0.0007469738 0.85464483 1.1901578e-05 0.8345913 0.61664426 0.0011832804 0.00026350256 0.32159466 0.0018892597 7.211874e-08 2.0578344e-07 0.5328688 2.0888865e-06 0.44658738 0.51584715 2.7707738e-06 1.2058941e-06 1.3860338e-06 0.040202457 1.2477393e-06 6.08315e-08 1.5926715e-06 0.07818252 0.0009874296 0.00020999744 3.8493818e-06 0.019747853 0.11528267 0.038785808 4.0167097e-07 7.3169254e-08 0.0080119055 6.4894756e-08 0.017507225 1.8928222e-06 0.010889626 1.6423189e-07 2.7347824e-06 0.0033098506 0.006948419 0.029619992 4.957388e-07 6.4587102e-06 0.022722702 0.06525337 7.1031254e-06 7.4527125e-06 0.0018477924 0.0071439343 5.1817847e-07 3.4485615e-07 0.00040290007 0.0036790452 2.0112109e-06 0.029578822 0.0040945546 5.4055404e-06 6.6891204e-07 0.00028849326 0.0006837797 0.0013058388 1.684032e-07 2.0563082e-05 7.320238e-07 0.035642475 0.0001316191 0.00011093497 1.7941368e-06 0.0060588745 5.843287e-05 5.9567024e-06 1.012315e-07 3.893049e-06 1.0959114e-05 0.09104488 2.1401675e-06 8.373559e-06 0.020326762 4.752715e-07 2.8220645e-06 1.768632e-06 9.107543e-07 4.6958277e-08
0.25401682 0.30776948 0.8852527 0.81004095 0.004331053 0.35990253 0.0020223607 0.0007490935 0.5663345 2.3540017e-16 0.00029299752 0.0001012608 0.96870923 0.00029953325 0.23244208 0.026735233 0.94724214 2.797411e-05 0.0004191304 0.22256336 0.00013123507 0.060130004 0.07436283 0.336549 0.00018347087 0.8837312 0.3580826 1.7253149e-05 1.990235e-05 0.014431262 0.00012946095 0.060543165 0.5827068 3.784818e-05 1.0111118e-05 1.6773642e-05 0.00016920306 4.629898e-05 4.118284e-06 3.4214507e-05 0.0010585568 5.2759497e-05 0.0001280103 4.6140434e-05 0.00016893879 0.3259486 0.0017445332 1.628548e-06 1.0535951e-05 0.00026249254 3.702972e-07 0.0013912357 3.7156147e-05 0.00026460883 1.5060688e-06 5.5866008e-06 0.029486667 5.2385378e-05 0.03618143 1.7649581e-05 5.8320493e-06 0.00016830424 0.00015886291 6.46312e-05 3.864122e-05 0.0054267314 7.222332e-05 4.8314496e-06 5.859486e-07 9.313831e-06 2.2076141e-05 5.4646084e-06 0.00018154275 0.00018903562 4.8241633e-05 5.6770887e-06 7.05611e-05 2.0608866e-05 8.737239e-05 1.2217099e-06 2.3547402e-05 1.2738434e-06 0.00027057712 8.656184e-05 8.5253894e-05 9.645589e-07 0.00026516055 2.0335325e-05 5.309017e-06 1.836327e-07 5.241066e-05 4.9748593e-05 0.0020361017 2.9466297e-05 4.4172226e-05 0.00027284885 3.5543446e-05 1.2572659e-05 1.0618348e-06 3.5954363e-05 7.9573186e-07
0.95390743 0.045294326 0.003105087 0.00090875145 0.6750167 0.0052844533 0.3900386 0.94176954 9.6165466e-05 0.00029299752 5.635987e-14 0.46769866 1.9679506e-05 0.9569926 0.011059857 0.07359746 0.0020068341 0.27952462 0.89302194 2.3001641e-05 0.5121616 8.765553e-06 0.0002458793 0.020068236 0.6451443 0.00017958485 2.6056618e-05 0.025422568 0.098972395 2.984039e-06 0.003249653 1.0027823e-05 3.9693157e-05 0.0037851234 0.0610634 0.08236149 5.2055395e-07 0.02337885 0.00064323616 0.028353266 0.0011888817 0.22915486 0.1228401 0.003269029 4.1865238e-07 9.175818e-06 4.4017223e-05 0.0106637925 0.00016696837 7.714484e-07 0.00094593613 1.7761777e-06 0.0018395698 0.028840816 0.00033210058 0.036458135 1.0074662e-06 1.2380251e-07 6.1025196e-07 0.0005924742 0.039236624 1.4409227e-06 2.1039605e-05 0.092104584 0.00039341018 2.569742e-06 2.3580449e-06 4.068339e-05 0.00024755427 7.2035454e-07 1.1113048e-05 0.00020239736 0.0032526653 1.1250261e-06 0.0021814809 3.539289e-05 1.4045562e-06 2.6181226e-06 0.012779908 7.632203e-05 7.0164583e-07 1.7397937e-05 6.33738e-05 0.021783724 2.2792199e-06 1.0998441e-05 0.0021488874 2.0341703e-07 1.4028127e-05 1.8451658e-07 0.006093419 3.6359743e-06 0.00056943705 1.341853e-05 0.000448935 0.0003830548 5.6848794e-06 0.00034359825 0.0007166056 6.456561e-06 1.2909778e-07
0.20716769 0.008546518 0.0007689013 0.00016865482 0.5845366 0.0011290191 0.95417863 0.785283 1.7414486e-05 0.0001012608 0.46769866 1.6092366e-18 4.9718788e-06 0.8323029 0.0019148889 0.0050787376 0.0007414919 0.9685348 0.05146367 9.331924e-06 0.87772995 1.2970971e-06 3.6979327e-05 0.047019567 0.020870958 4.705873e-05 7.3853416e-06 0.5259319 0.5670928 2.2114143e-06 0.12580003 9.40655e-06 4.7285257e-06 0.0735499 0.5061488 0.011422913 7.2321086e-08 0.010666294 0.009959987 0.20623165 3.4739624e-05 0.0036254555 0.0027758442 0.02783098 7.448367e-07 2.770901e-06 9.967872e-07 0.044215366 0.0004641736 1.4500238e-06 0.017385101 1.2681656e-08 0.0012912063 0.0015393579 0.0021047622 0.005161549 6.207926e-07 3.403472e-08 5.6995905e-08 0.00045741873 0.0020462368 9.124821e-06 3.6129093e-06 0.004376948 0.004692201 4.93569e-08 2.0052757e-06 0.00019555888 0.0010399554 1.9155186e-07 3.9659668e-07 0.00017896526 5.2011823e-05 2.05356e-06 0.0012505633 0.00021292739 2.637523e-09 2.197389e-07 0.00069986726 0.00035309145 6.694372e-09 0.00010653423 2.0875066e-06 0.00058550795 1.5791181e-07 7.6148855e-05 0.00016380732 2.5184766e-08 0.00054746034 1.7894367e-07 0.0030964757 6.0618156e-08 7.58148e-05 9.227211e-05 0.0005258374 3.095339e-05 2.8285382e-05 0.00015229866 0.00030904677 2.0584353e-05 7.8427126e-07
0.5666995 0.062517956 0.34451163 0.70080024 7.305e-05 0.4043737 9.545069e-05 5.8273155e-05 0.9762248 0.96870923 1.9679506e-05 4.9718788e-06 2.2904716e-16 5.571575e-06 0.17476365 0.019931542 0.38658562 5.3229104e-07 0.00018137608 0.52056134 1.3135989e-06 0.33077234 0.24154234 0.0014913218 1.4988164e-05 0.83045584 0.059543148 3.934593e-07 7.492575e-07 0.30585855 1.4895443e-07 0.7354115 0.8171418 5.452056e-07 3.8853025e-07 3.7111735e-07 0.021884615 1.6985751e-06 3.6639415e-07 1.0656767e-06 0.010001025 3.3966808e-05 4.1405718e-05 3.542377e-06 0.015422129 0.32526198 0.15986666 3.1235484e-07 2.5870125e-07 0.0150454445 3.6511903e-08 0.093243584 2.6249177e-06 0.00041654805 8.020173e-07 7.3711317e-07 0.06263244 0.004837356 0.22800916 9.495179e-07 1.4303831e-06 0.0063897567 0.0049523516 1.3676657e-06 3.7417813e-06 0.023534842 0.0005998509 8.09193e-07 1.2309037e-07 0.00019445772 0.0007909862 9.02733e-07 0.0012146841 0.00351191 3.3468098e-06 8.438433e-07 0.0019669114 0.00039553328 0.0004048403 1.3084566e-06 5.4319885e-06 2.9677386e-07 0.0032277605 2.8694638e-05 7.0273076e-05 7.075554e-08 0.00036038208 1.2660938e-05 9.679265e-06 7.0679964e-09 9.661636e-07 3.7987833e-05 0.015988566 1.544107e-05 2.8018114e-05 0.001356833 1.7420358e-06 1.0379132e-06 2.3007871e-07 2.6659973e-06 1.652896e-08
0.95162195 0.021132832 0.0019073669 0.00018329686 0.5460516 0.0008303845 0.39355648 0.9183732 1.3374785e-05 0.00029953325 0.9569926 0.8323029 5.571575e-06 3.3974117e-13 0.0019243442 0.01580879 0.0009408659 0.78761137 0.48326406 8.560712e-06 0.7030378 2.978296e-06 8.0472724e-05 0.0076922667 0.2760311 0.0003006328 3.3793265e-05 0.4931511 0.5046222 4.2471422e-07 0.0031353494 3.962695e-06 1.9775323e-05 0.0048068482 0.29206547 0.3116226 6.392657e-08 0.2876782 0.05037757 0.23988947 0.0001050788 0.0659908 0.041850295 0.009291351 1.612633e-07 5.471169e-06 7.161376e-06 0.051676538 0.004218591 1.0146075e-07 0.009990762 1.10675586e-07 0.013088523 0.013230089 0.0036517603 0.08024633 6.545718e-07 4.3763336e-08 1.614041e-07 0.0050964984 0.039663456 9.854093e-07 6.422349e-06 0.09579317 0.0026742148 1.5102875e-06 1.4659736e-06 0.00033250687 0.0048083034 1.3621667e-07 3.4371799e-06 0.000995146 0.0010119416 3.049429e-07 0.00555577 0.00026752555 2.1216735e-07 5.755625e-07 0.011987834 0.0004280564 5.23338e-07 9.482257e-05 1.1749387e-05 0.018569725 3.5858052e-06 0.00016635073 0.0015837718 1.5115207e-08 0.000187102 1.6203743e-06 0.022628224 4.3316886e-06 0.00015447424 9.73098e-05 0.0016304719 0.00010994074 2.2408996e-05 0.0016554289 0.0035538245 8.888204e-05 7.887688e-07
0.9542721 0.5505596 0.27763313 0.52422124 0.04441801 0.9389917 0.008935536 0.011634159 0.5867642 0.23244208 0.011059857 0.0019148889 0.17476365 0.0019243442 5.968404e-16 0.97548443 0.053109072 0.00059070654 0.09329838 0.1496217 0.0062031923 0.081870936 0.62613225 0.033893675 0.04916324 0.12339169 0.00071800663 4.1303374e-05 0.00031404413 0.026865115 0.0002290444 0.019152354 0.19133794 0.00011695041 0.0010029027 0.00047304633 0.0038211145 4.9086495e-05 2.5860097e-06 0.00016758828 0.29245865 0.07471641 0.045526806 6.302413e-06 0.0018110119 0.003878798 0.0009017009 1.18051985e-05 8.1119657e-07 0.0004174679 8.64524e-06 0.0004237799 1.3000986e-05 0.2271852 5.134923e-07 0.00041543305 6.5801425e-05 0.000503186 0.00089665025 1.1359729e-05 0.003605255 0.0011670842 0.008724414 0.0069695 1.6582242e-05 0.0001633334 0.0008778667 1.0670963e-06 2.697894e-06 0.00031681673 0.0010831216 4.940527e-06 0.051713414 7.320441e-05 4.818342e-05 2.8279135e-06 0.00012933581 0.00011356431 0.024752442 7.370084e-07 1.3327203e-05 3.3640723e-07 0.0062413393 0.025760371 2.7510832e-05 8.9311555e-07 0.042899463 6.936706e-05 3.1516154e-07 2.904987e-08 0.00042268768 3.11925e-05 0.040905558 9.3111873e-07 1.30738445e-05 0.02185826 6.907632e-07 0.0001400676 0.000121801735 1.3938533e-06 5.9551553e-07
0.95424175 0.61076474 0.18986526 0.36176878 0.08398724 0.8687795 0.013042351 0.034910794 0.13080472 0.026735233 0.07359746 0.0050787376 0.019931542 0.01580879 0.97548443 7.381466e-18 0.009602655 0.0012800315 0.6912213 0.09884714 0.006134017 0.03955627 0.7424124 0.017297039 0.5499113 0.0023035516 0.00022989877 0.000119198376 0.00071341265 0.0014356064 0.00034357596 0.001810184 0.0024625862 0.00018620235 0.0013780659 0.008321492 0.00054778025 0.00020427097 2.4306786e-05 0.0001940335 0.5877979 0.4805444 0.49073085 5.421116e-06 0.00074213604 0.0004514774 0.00038062758 2.9134673e-05 2.4940857e-06 0.00016989202 3.2936564e-06 2.021062e-05 0.00038546373 0.7708124 4.871607e-07 0.0042034085 2.2669168e-05 0.00023517272 0.00018554667 0.00013140902 0.05874363 0.00071756606 0.0049605146 0.02983303 3.215232e-05 2.4477087e-05 0.0009887668 5.378195e-06 1.1208993e-05 0.00022894416 0.0017115619 0.00011673703 0.21286136 0.00024548988 0.00064608024 3.6865804e-05 8.44077e-06 5.6003504e-05 0.12547745 8.154156e-06 3.795904e-07 2.931585e-06 0.0040517016 0.0515465 1.3351342e-06 3.112058e-06 0.1363997 8.379589e-06 1.6848971e-06 1.8662358e-09 0.0011386893 4.0411888e-07 0.04269124 4.8619626e-07 1.831224e-05 0.018876484 1.6710638e-07 0.0004823287 0.00066595804 3.0379573e-07 4.3242917e-08
0.025981035 0.28840017 0.64887846 0.27183154 0.0136670815 0.09793204 0.012638477 0.0053425264 0.040389523 0.94724214 0.0020068341 0.0007414919 0.38658562 0.0009408659 0.053109072 0.009602655 1.2616951e-15 2.5983565e-05 0.0015321198 0.009922387 8.0917685e-05 0.0022435384 0.004825671 0.42050326 0.00044795583 0.8707352 0.97278744 5.9122694e-06 1.5339503e-05 0.003382524 0.00029488662 0.0014991118 0.025866117 0.00022216985 1.2769035e-06 1.8867254e-06 1.8595152e-05 8.249023e-06 3.5919284e-06 4.968572e-07 0.000102427766 7.2887866e-05 4.3139804e-05 2.1220096e-05 6.530579e-05 0.0016282848 1.5890571e-05 8.8100364e-08 3.3418934e-07 0.00011649047 7.3496274e-08 3.7066695e-06 3.5016178e-06 0.00014756901 6.4894607e-07 1.015123e-06 0.00019463491 7.743352e-06 3.4770812e-05 2.0187513e-06 1.5603608e-05 3.8970218e-05 4.6435933e-05 5.310648e-06 5.6340323e-06 4.239862e-05 8.7389435e-06 4.916488e-07 3.7228272e-08 5.17051e-07 1.7423648e-06 1.9506713e-06 0.0001849603 8.243393e-06 8.261345e-06 1.4303819e-06 1.8463618e-06 1.270662e-06 0.0005604764 2.9669323e-07 1.8889615e-06 1.2075887e-07 0.00014242552 0.00011774959 1.2638445e-06 4.5701623e-07 9.2363676e-05 4.7854137e-08 1.0007726e-06 7.3664964e-08 2.2324017e-05 7.5715056e-06 0.0016939511 3.16055e-06 2.170538e-05 0.000329651 4.124248e-07 8.591262e-05 2.1689697e-05 4.5062284e-06 1.2967224e-08
0.68385786 0.00075760455 4.5217414e-05 1.832847e-05 0.07692777 8.674282e-05 0.096670635 0.34594285 2.670584e-07 2.797411e-05 0.27952462 0.9685348 5.3229104e-07 0.78761137 0.00059070654 0.0012800315 2.5983565e-05 6.475524e-17 0.02581535 7.793133e-07 0.7571558 1.3222608e-07 1.5456862e-05 0.0019126447 0.012281865 5.4334187e-06 4.2740066e-06 0.89573276 0.97374856 1.7138288e-07 0.0049513364 2.507155e-07 9.3558094e-07 0.015692977 0.61302036 0.03508935 2.9812995e-08 0.16110952 0.10678516 0.6295377 3.460374e-06 0.0020597922 0.003425849 0.035691746 2.4162416e-08 1.9811407e-06 6.766969e-07 0.22997503 0.012994262 1.1049018e-07 0.118082225 3.8787036e-08 0.009661633 0.0005232868 0.031118698 0.03212073 7.5149586e-07 1.9068553e-09 9.10208e-09 0.009596388 0.007237726 6.2619586e-07 3.8369149e-07 0.014855588 0.017898645 1.0357502e-07 4.6704938e-07 0.0011705083 0.027165802 6.458975e-08 3.482165e-07 0.0015492438 1.1998378e-05 1.359781e-07 0.002270238 0.00087358983 1.1502751e-08 2.8149185e-07 0.00070157193 0.001427949 1.1388125e-07 0.00043562075 1.5559074e-07 0.0010576573 1.7961877e-06 0.0004097771 5.934728e-05 5.1900706e-08 0.0009792016 1.4164414e-05 0.014416811 1.2599465e-06 2.7229375e-05 0.00060383964 0.0021136822 2.3430603e-05 0.00032951927 0.00047842853 0.0015121963 0.0003406879 6.5757663e-06
0.92600185 0.13207164 0.009927304 0.016251147 0.46908462 0.13282427 0.07154057 0.48981723 0.0007469738 0.0004191304 0.89302194 0.05146367 0.00018137608 0.48326406 0.09329838 0.6912213 0.0015321198 0.02581535 1.045627e-15 0.0013965118 0.030358905 0.0005722592 0.026516832 0.002900128 0.9854868 0.00013078852 8.330174e-06 0.014742483 0.009285327 3.6352758e-05 0.00025486576 0.0003652117 0.00021341388 0.00031965194 0.003236965 0.44869334 1.0467197e-05 0.023981683 0.0017262868 0.0027760179 0.06027572 0.61245316 0.46566725 0.00020793226 1.3057932e-05 0.00016677738 3.0872405e-05 0.0005759983 0.0006520212 1.7074615e-05 0.0003816606 8.319332e-07 0.008450763 0.26761556 3.0978903e-05 0.07316037 1.9303492e-05 2.279692e-06 0.00017393599 0.00082275557 0.12997028 4.74052e-05 0.0005821855 0.17526372 7.4268195e-05 1.9908692e-05 0.00034421892 0.0001614379 8.6137414e-05 6.803443e-06 0.00012529359 0.0002892834 0.028742632 1.6438014e-05 0.0049359687 0.00026254638 8.0732684e-07 2.9357452e-06 0.07269943 5.2245283e-05 3.8988635e-08 0.00022769543 0.00045550597 0.0841224 2.5039938e-07 0.00011112577 0.036687635 1.3615205e-06 1.7238131e-05 2.4661713e-06 0.018914927 1.0141185e-06 0.008767343 5.5823217e-05 0.00037178036 0.0028837288 3.6618226e-06 0.0014702769 0.001362413 2.7159116e-05 1.8422091e-06
0.9378422 0.020285847 0.026884092 0.22052115 0.00017369744 0.44186407 0.00011951094 4.6893954e-05 0.85464483 0.22256336 2.3001641e-05 9.331924e-06 0.52056134 8.560712e-06 0.1496217 0.09884714 0.009922387 7.793133e-07 0.0013965118 1.01505e-16 4.7365753e-05 0.95148385 0.9685993 0.0003003995 0.00067800056 0.25855216 0.000108296255 4.690066e-07 2.0355376e-06 0.64757985 1.6807013e-05 0.31213516 0.66097367 2.47935e-05 1.4214977e-06 5.037163e-06 0.13834321 6.007164e-07 1.9603444e-08 7.032516e-07 0.5611941 0.0063238144 0.0022054585 5.959984e-07 0.05670999 0.120834 0.018777518 6.925356e-07 1.8922375e-08 0.021005077 4.4269658e-08 0.004873766 3.262813e-07 0.04502451 3.459173e-08 7.750829e-06 0.0012627158 0.006734626 0.036104176 2.4373475e-07 0.0002235347 0.021119863 0.09581279 3.411224e-05 8.517205e-07 0.0012739211 0.0060989046 2.6813803e-08 4.53392e-06 0.0017899037 0.009060727 2.1900647e-07 0.07387988 0.0013054217 4.513867e-06 7.620483e-08 0.00023956194 0.00048414213 0.007076091 4.316214e-09 1.4056826e-05 3.7076326e-09 0.03456897 0.0036051497 8.4920706e-05 1.3658251e-06 0.025259117 0.00013679045 1.22987e-09 1.4991516e-08 4.003816e-06 2.9076715e-05 0.12268216 6.8927144e-09 7.154722e-09 0.0405315 2.6821679e-08 3.8469966e-06 6.2944036e-07 1.0649673e-08 1.4473139e-07
0.22280703 0.09587949 0.00082518876 0.0004535737 0.7888451 0.0033966955 0.8752999 0.7777588 1.1901578e-05 0.00013123507 0.5121616 0.87772995 1.3135989e-06 0.7030378 0.0062031923 0.006134017 8.0917685e-05 0.7571558 0.030358905 4.7365753e-05 9.113856e-17 1.779013e-05 4.7533136e-05 0.53691494 0.011558912 1.987682e-05 6.200933e-05 0.27223864 0.6113888 5.0162e-06 0.8834049 3.648324e-07 6.972022e-07 0.8585507 0.9239851 0.008612908 1.8758975e-08 0.020187417 0.004645815 0.12976451 8.334556e-07 0.00097357243 0.00037544116 0.6832934 1.2262382e-07 5.9693133e-07 6.4197216e-08 0.115465514 0.0006472109 7.5023695e-07 0.002053928 3.748347e-09 0.0006821748 0.0003037371 0.00070051226 0.0014027948 8.44389e-09 3.4851595e-08 1.0791456e-08 0.00022310473 0.00036880275 4.779726e-06 3.2623263e-06 0.00083548255 0.017583666 2.8275789e-08 2.0019947e-06 0.00018562774 0.00038636982 6.7200734e-09 1.8172686e-06 5.7751276e-05 4.9172708e-05 2.9356514e-07 6.4482694e-05 4.297379e-05 8.755172e-09 1.3866745e-07 0.00015527522 4.0561357e-05 4.7090577e-08 3.6558893e-05 1.7516792e-05 0.00027214072 2.0463193e-07 7.539992e-05 3.6699705e-05 4.165903e-08 0.00010238264 1.5634105e-06 0.00018371634 3.3158532e-08 0.00023487149 2.487279e-05 5.4376513e-05 4.2370655e-05 1.4662726e-06 4.9622176e-05 3.2339936e-05 9.074022e-06 2.155242e-06
0.9311505 0.00566012 0.0125287445 0.14724827 4.654757e-05 0.37127176 2.8308154e-05 2.0961077e-05 0.8345913 0.060130004 8.765553e-06 1.2970971e-06 0.33077234 2.978296e-06 0.081870936 0.03955627 0.0022435384 1.3222608e-07 0.0005722592 0.95148385 1.779013e-05 4.9314544e-16 0.8786157 6.504108e-05 0.0003163029 0.065218106 3.5213106e-05 1.8709315e-07 5.3495614e-07 0.95679986 1.6572945e-05 0.45533577 0.43093392 2.9036119e-05 9.849837e-07 1.2907852e-06 0.30245757 2.3473186e-07 2.59809e-08 7.87763e-07 0.63243824 0.003958197 0.002218585 6.1250375e-07 0.42596412 0.061554927 0.04709862 1.054176e-07 1.5445936e-08 0.044033058 5.0911908e-08 0.021872029 3.6201152e-07 0.030932019 3.5709327e-08 1.73561e-06 0.0016758294 0.055716906 0.038865652 2.1559278e-07 0.00010995794 0.33546838 0.2605109 5.112392e-05 1.2381249e-06 0.002600258 0.04174285 3.6772242e-08 5.025175e-07 0.03882192 0.08836022 2.9921733e-07 0.1011998 0.023472708 1.2868594e-06 1.2304601e-07 0.00062684534 0.017291324 0.0051711937 3.6977172e-09 4.9738017e-05 9.129307e-09 0.07099036 0.0018179059 0.00028064044 1.3682031e-06 0.042531896 0.00072093157 2.5370484e-08 1.5449082e-07 2.3469952e-06 4.572198e-05 0.21184349 1.8661193e-08 1.1889704e-08 0.052133027 1.2589274e-07 4.5549136e-06 2.1054537e-07 4.2255863e-08 1.9116744e-08
0.923093 0.06934648 0.03810874 0.27189332 0.0004937706 0.6235162 0.0001547891 0.00017969553 0.61664426 0.07436283 0.0002458793 3.6979327e-05 0.24154234 8.0472724e-05 0.62613225 0.7424124 0.004825671 1.5456862e-05 0.026516832 0.9685993 4.7533136e-05 0.8786157 2.4240781e-17 0.00056174863 0.0058196792 0.034267444 0.00010383132 1.566201e-06 3.585335e-05 0.31521013 2.1559115e-05 0.07047199 0.11264814 2.294947e-05 5.2214773e-06 5.501471e-05 0.029181907 4.0083814e-06 1.0130546e-07 1.4797316e-06 0.9235394 0.018900959 0.014668686 1.2656128e-06 0.04390349 0.010443259 0.0064415517 7.114742e-07 1.2024083e-07 0.0030518174 3.0297602e-09 0.00229748 4.482458e-06 0.19361714 2.556363e-07 6.825002e-05 0.00060579786 0.0026794712 0.00556089 1.5470305e-06 0.0010487557 0.03256872 0.14491022 0.00038429577 1.649188e-06 0.0010862828 0.008009962 1.198957e-07 7.8422863e-07 0.001789326 0.010369957 1.5353953e-06 0.31356052 0.0010775985 1.743476e-05 1.3552299e-06 0.000112800524 0.00053195795 0.017004197 2.5387138e-08 1.1533293e-05 2.8301471e-08 0.02256384 0.009170593 4.7565518e-05 1.2401417e-05 0.111537665 6.43694e-05 2.4573602e-08 4.9578417e-09 1.7102711e-05 5.038525e-07 0.13789998 3.7508165e-08 1.9419095e-07 0.028514473 1.1559698e-07 6.760597e-05 2.1740516e-05 5.126064e-08 1.3057565e-08
0.0066411407 0.4842274 0.2326949 0.0737075 0.36100212 0.05309392 0.56419796 0.10072922 0.0011832804 0.336549 0.020068236 0.047019567 0.0014913218 0.0076922667 0.033893675 0.017297039 0.42050326 0.0019126447 0.002900128 0.0003003995 0.53691494 6.504108e-05 0.00056174863 5.661056e-18 0.00034352043 0.007600281 0.98920196 0.00025544807 0.0003465465 9.8983706e-05 0.9684022 1.1050178e-05 0.00014242688 0.5648597 0.0005431435 2.558436e-05 4.189e-07 4.0460327e-05 4.3572563e-06 9.77319e-06 2.8080067e-05 3.9824885e-05 5.584095e-05 0.001977512 1.5114703e-06 0.00014004877 3.5426655e-07 1.5575628e-05 6.8667725e-07 5.131393e-05 3.0710663e-07 1.3769386e-07 1.2774546e-05 0.00011187757 8.860137e-06 1.2744338e-06 4.7415782e-05 1.009923e-06 4.987053e-07 1.5423166e-06 3.1559662e-06 9.911874e-06 4.405529e-06 4.886457e-06 4.63151e-05 9.642821e-07 5.8884784e-06 9.525167e-06 3.6358094e-07 8.111497e-08 1.56542e-06 3.701898e-07 5.625665e-05 5.007739e-06 1.1452138e-06 4.2161932e-07 2.1587523e-09 2.3429618e-07 0.00014933072 4.474618e-07 1.496357e-07 6.064126e-07 8.370804e-06 1.9614321e-05 3.8274604e-07 7.5570233e-07 0.00012035781 4.827244e-08 2.169102e-05 2.3349127e-08 1.6031377e-06 1.2442208e-08 0.0016589201 7.1154645e-06 6.340599e-06 3.4453864e-05 9.057417e-07 9.649799e-06 1.3833636e-06 3.5902572e-06 4.1773127e-08
0.9603152 0.04103119 0.004333371 0.0065391734 0.13165517 0.04766251 0.013842019 0.14627129 0.00026350256 0.00018347087 0.6451443 0.020870958 1.4988164e-05 0.2760311 0.04916324 0.5499113 0.00044795583 0.012281865 0.9854868 0.00067800056 0.011558912 0.0003163029 0.0058196792 0.00034352043 2.1445617e-16 2.0667321e-05 4.3005416e-06 0.008220897 0.006209377 1.074103e-05 0.00026330765 0.0003096061 5.812197e-05 0.0002453059 0.0015858876 0.47005144 6.606952e-06 0.018902298 0.0023857383 0.0047242483 0.061028376 0.84478253 0.67054766 8.614744e-05 1.5538624e-05 1.8012353e-05 1.5484262e-05 0.000533639 0.0007531942 9.2212196e-07 0.00019641846 2.3492893e-07 0.010548933 0.38108364 4.268469e-05 0.12362405 5.999427e-06 4.5737937e-07 7.54467e-06 0.0008460322 0.40290827 0.0001321054 0.0009624731 0.23193844 4.660754e-05 3.2837486e-06 0.00012367278 0.00017257583 2.8871578e-05 4.2360653e-06 8.8707086e-05 0.00076643814 0.056803256 4.1085535e-05 0.0051083886 0.0001821134 1.5078264e-06 2.4227143e-06 0.23998936 0.00015728771 1.1981609e-08 0.00011168377 0.00078734057 0.22678664 4.78805e-07 2.0905496e-05 0.07479543 3.188471e-07 0.000102434606 1.1396131e-07 0.02366585 2.8105973e-07 0.011167706 3.8367103e-05 0.0009955362 0.0061946386 7.424634e-06 0.0031948844 0.0040235287 3.7193484e-05 5.701502e-07
0.07062662 0.038729046 0.14488202 0.28432643 0.0004074501 0.102749504 0.00027419667 0.00017873415 0.32159466 0.8837312 0.00017958485 4.705873e-05 0.83045584 0.0003006328 0.12339169 0.0023035516 0.8707352 5.4334187e-06 0.00013078852 0.25855216 1.987682e-05 0.065218106 0.034267444 0.007600281 2.0667321e-05 7.820653e-12 0.76740503 0.00010727921 1.6328986e-05 0.024369527 1.7602699e-05 0.0815465 0.9852402 1.367133e-05 4.240867e-06 0.00015656547 0.00064676173 0.00016054603 3.5104604e-05 1.8564276e-06 0.00037117687 4.9013568e-05 0.00013356666 4.1848434e-05 0.0012043457 0.5775511 0.03582384 2.0609289e-06 5.203981e-05 0.0017524946 2.0569976e-06 0.022923356 0.0001460796 0.000106677275 0.00032414493 7.20923e-05 0.030948617 0.00037697173 0.002197382 2.4493946e-05 0.00010430702 0.00026176134 0.00026507737 0.00021603335 1.7686027e-05 0.001897404 0.0001631091 2.170335e-05 3.238174e-06 4.6891542e-05 9.378678e-05 4.2697062e-05 0.00055588724 0.0006525985 0.00014533922 4.004196e-05 0.002011379 2.2639073e-05 0.00033681557 2.0120922e-05 2.6259806e-05 1.8129196e-05 0.000434636 6.7008375e-05 6.788229e-05 1.8776426e-06 0.00028025583 1.3128107e-05 0.00013031429 3.009559e-07 0.0001225776 5.79015e-05 0.026877081 0.00039535642 0.0016809129 0.0014450003 1.5963982e-05 9.334928e-05 4.4823744e-05 5.2933272e-05 2.5701206e-07
0.00044281766 0.021476546 0.085640766 0.01394914 0.00033497415 0.002984264 0.00052070024 0.00011422503 0.0018892597 0.3580826 2.6056618e-05 7.3853416e-06 0.059543148 3.3793265e-05 0.00071800663 0.00022989877 0.97278744 4.2740066e-06 8.330174e-06 0.000108296255 6.200933e-05 3.5213106e-05 0.00010383132 0.98920196 4.3005416e-06 0.76740503 6.6328047e-17 5.401073e-06 2.384735e-06 5.2891897e-05 0.0031394064 0.00038741677 0.16452333 0.00087028777 1.4807e-06 2.212963e-06 3.084761e-06 4.574717e-06 1.5341865e-06 1.187887e-06 1.867989e-06 8.557111e-06 7.721098e-06 0.00016475531 1.1110462e-05 0.07400014 0.00020448692 5.6494713e-07 4.6916944e-07 8.314728e-06 8.06006e-07 5.765701e-05 6.207568e-06 3.5359997e-05 8.03088e-07 3.0432857e-06 0.0033753298 4.5837155e-07 0.00013907954 1.9092786e-06 3.8087737e-07 1.954143e-05 4.3465902e-06 2.2892526e-05 4.4568293e-05 0.0011940278 2.90242e-06 4.292091e-07 2.0416955e-07 3.686123e-07 3.95415e-07 3.7323883e-07 2.3272364e-06 1.7257452e-06 9.09785e-06 3.978724e-06 3.7895652e-06 1.7797376e-07 5.6301407e-05 3.5450466e-06 1.4291123e-08 6.906789e-07 1.4640099e-05 1.4475375e-05 4.0787344e-07 4.56816e-06 3.489855e-05 1.1748367e-07 8.741314e-07 1.7959616e-08 4.0903193e-05 2.0742375e-05 0.0001580478 5.147408e-06 9.287554e-07 1.0804417e-05 2.7489978e-07 2.5075583e-06 5.6705227e-07 6.055122e-07 9.544403e-07
0.91690844 0.00010175179 4.8082435e-05 9.714021e-07 0.00089806004 6.0812795e-07 0.0042868922 0.008882791 7.211874e-08 1.7253149e-05 0.025422568 0.5259319 3.934593e-07 0.4931511 4.1303374e-05 0.000119198376 5.9122694e-06 0.89573276 0.014742483 4.690066e-07 0.27223864 1.8709315e-07 1.566201e-06 0.00025544807 0.008220897 0.00010727921 5.401073e-06 3.7919992e-15 0.9712308 6.704317e-08 0.00012091717 4.80001e-07 4.973005e-05 0.0014861977 0.2666009 0.1234697 3.5817514e-08 0.77980053 0.90997505 0.7749572 2.4317487e-06 0.0024220399 0.0042242175 0.005986088 2.1278325e-08 7.689457e-06 5.021704e-06 0.2017573 0.45260298 2.0961224e-08 0.6559331 8.882251e-08 0.11313966 0.00087228284 0.6522824 0.16089873 9.945413e-06 4.0648365e-09 3.9028387e-07 0.13326585 0.02175178 2.9474108e-07 4.5990447e-07 0.05391831 0.009357777 2.003945e-06 3.1465402e-07 0.080324136 0.1651253 1.6297203e-07 8.7464294e-08 0.038835287 2.3975173e-05 3.8253035e-07 0.04381565 0.01516221 8.865224e-08 1.617927e-06 0.0024850068 0.038110662 1.1299431e-06 0.019983664 1.12092586e-07 0.0042157033 1.0619842e-05 0.0031853665 8.308019e-05 5.2249533e-08 0.025602907 0.0030338117 0.10697914 1.1354642e-06 2.9800249e-05 0.007660596 0.024794118 4.9819573e-05 0.0037865583 0.011429215 0.01750442 0.0009856918 2.9495171e-05
0.74256015 0.0007434561 3.326548e-05 8.156342e-06 0.021282697 5.26442e-05 0.019912016 0.101174474 2.0578344e-07 1.990235e-05 0.098972395 0.5670928 7.492575e-07 0.5046222 0.00031404413 0.00071341265 1.5339503e-05 0.97374856 0.009285327 2.0355376e-06 0.6113888 5.3495614e-07 3.585335e-05 0.0003465465 0.006209377 1.6328986e-05 2.384735e-06 0.9712308 4.5086303e-14 6.715192e-07 0.0022737167 2.4662384e-07 1.315186e-06 0.013971053 0.84088796 0.04465618 2.471688e-08 0.21626525 0.2975113 0.9222239 5.462188e-07 0.0008321916 0.0018172532 0.07032966 6.11919e-08 1.3271227e-06 4.6373507e-06 0.46955153 0.07935443 6.729325e-08 0.6508366 3.7945522e-08 0.01937565 0.00029117355 0.36758468 0.03143966 3.4311225e-07 5.4341878e-09 3.7160735e-08 0.0241634 0.002531501 1.8895523e-06 2.3451182e-06 0.0093831085 0.056473456 3.5296955e-07 8.2890875e-07 0.026991304 0.18862933 6.673736e-08 4.5717795e-07 0.0061946856 4.600881e-06 1.6212956e-06 0.004065207 0.0024811917 2.916379e-08 1.2328087e-06 0.00051129604 0.0054748543 7.8591285e-08 0.007915246 6.7480744e-07 0.0006095628 4.4015774e-06 0.0035112437 0.0002819095 1.3141546e-07 0.010500148 0.0008181794 0.02083907 1.6392981e-06 5.3132593e-05 0.0030900876 0.009151564 1.532459e-05 0.002582562 0.0011068915 0.00235164 0.00015397815 1.4239638e-05
0.936599 0.00014869719 0.00089183985 0.021284569 3.0977993e-05 0.018287348 2.8763596e-05 4.865374e-06 0.5328688 0.014431262 2.984039e-06 2.2114143e-06 0.30585855 4.2471422e-07 0.026865115 0.0014356064 0.003382524 1.7138288e-07 3.6352758e-05 0.64757985 5.0162e-06 0.95679986 0.31521013 9.8983706e-05 1.074103e-05 0.024369527 5.2891897e-05 6.704317e-08 6.715192e-07 3.3991763e-16 3.050355e-06 0.8486385 0.44093907 1.5153327e-06 2.7052185e-06 4.2627266e-06 0.9176732 2.537789e-06 9.872496e-08 2.2409294e-07 0.22630043 0.00055985805 5.7581452e-05 8.498984e-06 0.8855195 0.14231168 0.30600384 2.1287855e-07 6.959178e-08 0.34473857 1.6510819e-07 0.2007442 1.5265301e-06 0.0103787575 1.9848008e-07 2.2364068e-06 0.012655428 0.3936446 0.23984835 1.8754511e-07 4.0999425e-05 0.4101164 0.5267333 4.348211e-06 2.2746564e-05 0.033674255 0.067737564 7.964125e-08 6.600191e-07 0.06469267 0.06797925 7.102444e-07 0.05464616 0.056782912 2.388855e-06 2.8801887e-07 0.00871988 0.00252327 0.0044609923 5.8549976e-08 0.0002798216 1.0812044e-07 0.15560345 6.635724e-05 0.000425172 1.6146183e-05 0.026838092 0.00088544656 1.32765e-05 4.299379e-07 4.1415709e-07 0.00031237258 0.3455063 1.5044495e-06 4.8638543e-07 0.07950243 4.0200285e-07 4.829888e-06 5.424764e-07 1.0573461e-06 5.4172087e-08
