4.775523e-22 0.99031734 0.9563573 0.8326582 0.90967965 0.9965414 0.8849636 0.95758545 0.90583575 0.87781966 0.834721 0.9705009 0.9894915 0.93979216 0.91093135 0.84014523 0.96816003 0.93254143 0.9084625 0.88202226 0.83572876 0.873897 0.91474026 0.9213357 0.81508213 0.916008 0.981492 0.9254353 0.4809588 0.9199267 0.87796193 0.9568626 0.19569544 0.977238 0.92625993 0.5098522 0.9720802 0.9096841 0.27657798 0.08314277 0.2672272 0.15417045 0.043227237 0.9209887 0.9886876 0.29467648 0.042392716 0.039329022 0.7549049 0.049099382 0.06133277 0.92849106 0.043116435 0.12068495 0.5877407 0.040657397 0.17504993 0.99019414 0.42315412 0.6892064 0.91408044 0.07065271 0.86303985 0.051419716 0.8769127 0.9877809 0.92273563 0.9969626 0.28219527 0.02192886 0.9991897 0.37347427 0.9912743 0.005524631 0.8165213 0.0022908787 0.00797779 0.96819526 0.07362085 0.19614105 0.059968717 0.012989188 0.6795616 0.029074978 0.0047929687 0.015792666 0.012850133 0.019721601 0.9633189 0.8566546 0.0022065009 0.15799336 0.0051777046 9.676884e-06 0.00012421187 0.00015271782 0.00018926545 0.9994682 3.0815238e-06 4.4843622e-05 0.99972314
0.99031734 1.6280031e-15 0.9636166 0.62516713 0.8768785 0.23779371 0.35954687 0.5480314 0.5065188 0.17008448 0.63903797 0.017294101 0.33613196 0.0045749876 0.0026052445 0.0014088835 0.026076876 0.011356654 0.10310064 0.00014925312 0.077375665 3.401426e-05 0.00992508 0.0037197936 0.00026252883 0.0013789914 0.031804625 0.0020386423 0.01571886 0.04918246 2.3218663e-05 0.8444191 0.035806295 0.0023669375 5.5905795e-05 0.30014852 0.00040355203 2.3652958e-05 0.005936251 0.17449012 0.0019506864 0.40477452 0.021531662 0.056455564 0.017842956 1.7495914e-06 0.031808466 0.042546663 8.940804e-05 0.0031985075 0.010716806 2.6711574e-05 0.002152461 0.019460374 9.684107e-07 0.040982347 1.902852e-05 0.35017294 3.085807e-05 5.2002604e-05 0.01619664 0.07621316 0.00010515409 0.0001040501 0.0009139075 0.01711459 2.8281236e-06 0.019443804 4.766623e-07 0.008798657 0.2664733 0.00023493444 0.0028965317 0.0029362077 0.00052798685 0.0017852505 0.00081966206 0.0021031701 5.499323e-06 0.00010445863 0.0002786714 1.1658564e-05 1.4568794e-06 1.154857e-05 2.8643864e-05 0.00044204463 1.0298655e-06 0.0017193983 0.007346983 0.00010171667 3.2748776e-05 6.5223946e-07 3.019096e-06 4.820537e-06 4.4727745e-05 6.493083e-05 0.0005483975 0.006935393 1.924103e-06 8.293599e-06 0.0026536658
0.9563573 0.9636166 4.1575964e-17 0.27821782 0.33762908 0.2953641 0.069248475 0.077884704 0.12326714 0.019992186 0.9882249 0.0037419102 0.050694592 0.0012370753 0.0010374275 0.0006040922 0.04994044 0.005504077 0.025043203 6.211308e-05 0.17940189 3.276946e-05 0.009868125 0.0014622252 0.00011872597 0.00032507084 0.0012446113 0.00058975135 0.027461909 0.014533556 2.3755996e-05 0.69882226 0.13164113 0.00049283815 5.7851375e-05 0.22167943 0.00019667283 1.7470062e-05 0.012661363 0.2481108 0.0011784271 0.42607844 0.015630938 0.030095302 0.0030468882 1.2433585e-06 0.027651928 0.031987786 7.519002e-05 0.004463341 0.021517836 1.1522487e-05 0.0017604934 0.0049553895 5.971249e-07 0.0627976 1.8488492e-05 0.1983463 2.666127e-06 7.204632e-05 0.009189411 0.21047452 3.763869e-05 0.00017684045 0.0026831087 0.005067439 7.782353e-06 0.0014501906 2.3546255e-07 0.030194195 0.028396888 7.9785656e-05 0.00047590566 0.009799963 0.00012926172 0.005820886 0.0014974492 0.0005505534 6.803244e-07 2.1060121e-05 0.00056015415 1.5560178e-06 7.521796e-06 1.6433341e-05 1.9659004e-05 0.00089440536 1.9460492e-07 0.007535165 0.007819659 3.364743e-05 5.4833265e-05 1.1603398e-06 5.847389e-07 1.5953738e-05 4.7855672e-05 0.0002558779 0.0007529296 0.0014810901 2.693597e-07 2.71511e-06 0.0011757016
0.8326582 0.62516713 0.27821782 1.8272292e-18 0.9701821 0.008397498 0.9707476 0.4431242 0.40971747 0.30121678 0.14204091 0.18101236 0.09700109 0.037525732 0.036551923 0.06968123 0.00057766377 0.00013327425 0.0025616959 0.001971831 0.0041829245 0.011837041 0.00048182462 6.415233e-05 7.156508e-06 0.004945784 0.024868224 0.0050220923 0.0005416021 0.16892186 1.0386984e-06 0.696022 0.0021130315 5.1093266e-05 0.0008830369 0.3293822 2.7352244e-05 1.0411416e-07 0.02648036 0.03839807 0.005741021 0.06015994 0.0252936 0.008334896 0.0007156443 8.999497e-05 0.024305927 0.034971863 2.3891946e-06 0.013520473 0.00032549768 1.1869381e-06 0.0035299368 0.019605173 3.2883727e-05 0.009571701 0.0014053858 0.10453324 5.1300424e-07 1.4660615e-06 0.003082063 0.005252981 0.0012233725 0.00035930984 8.265615e-06 0.005808349 0.00013713136 0.015928138 6.776767e-05 0.0009788348 0.10568233 4.609093e-06 8.562479e-05 2.1091797e-05 5.9904476e-05 6.523831e-05 0.0007452923 0.00029411257 1.992668e-07 2.084103e-06 3.3166061e-06 4.526046e-09 1.4430206e-07 4.204703e-06 5.091451e-05 7.195201e-06 3.2848996e-07 1.3611512e-05 0.0043418654 1.0203063e-05 5.5961425e-07 8.671299e-08 5.9628064e-06 1.2456408e-06 1.0831861e-05 1.8740255e-06 3.9482698e-06 0.0034597935 4.7541388e-07 3.9781207e-06 0.0009623419
0.90967965 0.8768785 0.33762908 0.9701821 4.0537499e-16 0.018294804 0.81944627 0.8899159 0.6306991 0.5371255 0.10623642 0.21805823 0.40910643 0.13809201 0.10614398 0.12442246 0.000813157 0.000512389 0.008230734 0.004292857 0.0068458985 0.015402515 0.0008482847 0.0003249013 2.9135701e-05 0.012941471 0.13937475 0.025111644 0.0007000782 0.10821527 4.2222227e-06 0.50951934 0.004526101 0.00024206682 0.00079980236 0.15035145 7.273183e-05 3.6051975e-07 0.01986639 0.03202021 0.005111142 0.046170246 0.014666904 0.04425083 0.0024021831 0.000120891564 0.014112048 0.01873892 7.4030986e-06 0.008638129 0.0006601583 2.1962883e-06 0.0032036835 0.015786448 5.7105346e-05 0.008166375 0.0011968495 0.33129495 2.034961e-06 4.4249277e-06 0.013926171 0.004039059 0.0016475265 0.00074271986 6.8645655e-05 0.021423135 0.00022059759 0.036152896 0.00010314413 0.0005705339 0.2496339 1.377158e-05 0.00019126172 0.00018435257 0.00024775785 0.0005360841 0.001136298 0.00087836536 1.1428114e-06 4.7665167e-06 2.5525385e-05 9.858195e-08 3.9107297e-07 2.4302848e-05 0.00012854417 0.00012717192 2.1944081e-06 0.000342275 0.0070075863 3.222541e-05 1.01279975e-05 6.7906495e-07 1.682762e-05 4.673223e-06 3.0953863e-05 6.685789e-06 1.1173058e-05 0.0067141685 5.8320296e-07 2.4795108e-05 0.0012371637
0.9965414 0.23779371 0.2953641 0.008397498 0.018294804 1.8305651e-17 0.0002094508 0.014361837 0.0046967003 0.00042463228 0.23619653 1.0144189e-05 0.20798567 6.89567e-06 7.815435e-06 7.908579e-06 0.91040057 0.5423788 0.29598436 6.660472e-08 0.94209766 6.454271e-08 0.6302002 0.047976498 0.011500157 8.174832e-05 0.0020288592 0.00015172733 0.61920255 0.00023852149 0.003976824 0.06108065 0.46885112 0.017848514 1.5211641e-05 0.0038142207 0.0049613332 0.02426159 8.3853505e-05 0.01287719 3.4813565e-06 0.15497969 0.0009982048 0.36749053 0.05387148 1.1269934e-06 0.0027728584 0.0030977842 0.0016815896 0.0002076269 0.27875143 0.0011622924 7.119405e-05 1.945463e-05 1.2975728e-07 0.0055579394 1.3557069e-06 0.564145 0.00010219769 0.004436449 0.1105193 0.07888936 0.00071851065 3.3387907e-05 0.21599974 0.07996653 7.4257186e-06 0.001740066 1.1888906e-07 0.0045979316 0.07038496 0.00030646604 0.005138421 0.058111828 0.00085536967 0.0036834723 1.2332314e-05 0.012707149 1.9462116e-06 0.00012999069 0.014071051 1.6954273e-06 0.0013829172 0.0041308478 6.2719994e-07 0.044828888 0.00024101204 0.16409948 0.060372423 0.00067351584 0.0009643351 9.542574e-07 3.3561957e-07 6.4968267e-06 5.8096493e-06 3.3700064e-05 0.00035666654 0.031543635 8.3405546e-08 2.6299745e-06 0.0062991306
0.8849636 0.35954687 0.069248475 0.9707476 0.81944627 0.0002094508 6.098806e-17 0.42578816 0.61350644 0.6403348 0.044910416 0.8985914 0.028651662 0.42805588 0.5649168 0.84886414 8.566407e-05 6.99707e-06 0.00015055275 0.17075424 0.00069604686 0.4147017 8.638132e-05 4.535754e-06 2.289543e-07 0.057833485 0.09480246 0.03719556 0.00014851463 0.6267069 3.830825e-08 0.6037892 0.00026024893 4.361256e-06 0.0075395782 0.36829358 2.6754544e-06 1.0562444e-08 0.1376127 0.028846169 0.073681526 0.015652897 0.030822339 0.0030665216 3.92008e-05 0.00037761038 0.027896319 0.033638313 9.669937e-08 0.0469645 0.00016506609 3.5959143e-08 0.024202472 0.05411495 0.00015773761 0.005983534 0.026808266 0.07406084 6.4791124e-08 3.0578244e-07 0.0018481433 0.0004826483 0.0025072224 0.0050228927 2.3072196e-06 0.0037369907 0.0003768585 0.023602918 0.00058213447 8.403322e-05 0.14127395 1.1406461e-07 2.257023e-06 5.3427934e-06 1.6672108e-06 2.944506e-05 0.0009438626 7.604924e-06 9.528083e-08 9.864022e-09 2.4374278e-06 6.353025e-10 1.8659868e-07 2.2996169e-06 0.0002333426 2.0888847e-06 9.037282e-08 1.8963474e-06 0.003098046 5.1439315e-07 7.6084825e-07 6.2052e-08 3.0598665e-05 2.618702e-06 3.5088367e-05 1.8479792e-06 7.9223555e-06 0.0021807258 1.7394694e-06 7.571889e-06 9.519297e-05
0.95758545 0.5480314 0.077884704 0.4431242 0.8899159 0.014361837 0.42578816 3.8910952e-18 0.9295483 0.85338736 0.008949954 0.026899384 0.96101 0.13011412 0.04446582 0.04712693 0.00048211674 0.0009148147 0.046233565 0.0031500952 0.0012545733 0.00044056305 0.00018418931 0.0015701397 5.2241194e-05 0.010600016 0.25716946 0.024758898 6.309398e-05 0.0016392757 3.1716859e-06 0.0045665833 0.00020772454 0.0011429854 9.680654e-05 0.0006537602 0.00013436055 8.4374904e-07 0.00036057463 0.000478698 0.00026178753 0.00048566313 0.0007929133 0.20972621 0.0053566634 1.68431e-05 0.0015092471 0.0017975348 2.2928207e-05 0.00020963525 3.7980808e-05 1.18853695e-05 0.00015879428 9.5444775e-05 7.5805656e-06 0.0003469802 8.667624e-05 0.6117688 3.508728e-06 4.5607208e-06 0.08225287 0.00019469173 0.00011918882 0.000119860895 1.1926929e-05 0.10760511 7.914031e-05 0.17779924 1.0652758e-05 0.00023625827 0.5705947 3.5204812e-05 0.0007772277 5.5273817e-05 0.000484054 6.928779e-05 1.257454e-05 0.0011667231 2.3616499e-06 3.8581384e-05 7.567759e-06 4.3984028e-07 2.641736e-06 8.240201e-06 1.188588e-05 4.5764817e-05 1.3158434e-06 0.00012165188 0.04697355 6.154912e-05 1.8939916e-05 6.335905e-07 6.5947206e-06 4.661032e-06 4.243993e-05 2.5003621e-05 9.291691e-05 0.043531533 2.7084675e-07 7.576017e-05 0.0030984255
0.90583575 0.5065188 0.12326714 0.40971747 0.6306991 0.0046967003 0.61350644 0.9295483 3.943051e-17 0.988001 0.018547853 0.4205512 0.41404593 0.3481915 0.32960105 0.34266293 0.000112280206 1.21586845e-05 0.00063570193 0.15323831 0.0005835259 0.036228567 0.00019416142 5.479558e-05 2.7402516e-06 0.053970613 0.4461026 0.1194314 0.000102205 0.11774381 7.954546e-08 0.091908626 0.00026114768 3.5556535e-05 0.0012832492 0.0164107 7.184915e-06 7.373793e-08 0.013411845 0.0022841084 0.006470224 0.0016081327 0.0012662063 0.051032312 0.0003295218 8.2386345e-05 0.0026604417 0.0036107101 9.1417934e-07 0.0020911093 3.0223555e-05 2.7401956e-07 0.0012715488 0.0016033098 3.7916965e-05 0.00076824415 0.0011983787 0.4201548 6.745092e-08 1.3511105e-06 0.015568783 0.00012391833 0.001410603 0.00043599002 1.3005648e-05 0.039815877 0.00013680766 0.16718896 0.00022929945 4.1339903e-05 0.5112745 3.861274e-07 5.3533488e-05 8.8254765e-06 3.4736444e-05 1.5044015e-05 4.4287526e-06 0.00011200706 1.3391286e-07 3.4812717e-07 3.5828518e-06 6.0004415e-09 2.767685e-07 3.84153e-06 1.0251127e-05 6.8339185e-05 5.727355e-07 0.00012746795 0.014695914 2.9527803e-06 3.3498052e-06 3.4799456e-08 8.591734e-06 1.8440197e-06 7.0121077e-06 6.922428e-06 6.603351e-05 0.015414344 1.7002233e-06 1.2840074e-05 0.00048397086
0.87781966 0.17008448 0.019992186 0.30121678 0.5371255 0.00042463228 0.6403348 0.85338736 0.988001 4.6190626e-18 0.008810467 0.36044884 0.23906691 0.8451992 0.48536155 0.43693697 1.8282732e-05 7.985078e-06 0.00036698338 0.1861638 0.00010759684 0.041841563 1.870384e-05 2.9026927e-05 1.1385036e-06 0.38665918 0.6761065 0.4839167 2.3455777e-05 0.045433458 4.1527496e-08 0.0135053685 5.119086e-05 1.9540126e-05 0.009997253 0.004077796 4.2218285e-06 1.7994177e-08 0.005595063 0.0002636001 0.0032942677 0.00047441068 0.0012966347 0.034626607 0.00016680776 0.0009208899 0.0012378778 0.0012481036 8.248115e-07 0.0015109458 1.0745097e-05 1.6943257e-07 0.0004680404 0.0004946557 0.00023157067 0.00011715447 0.0026827925 0.41382015 1.5198756e-08 1.477734e-07 0.02059663 3.0899242e-05 0.005237302 0.00024356272 1.0539966e-06 0.044541758 0.0007080523 0.27387902 0.00021277352 4.722329e-06 0.54185283 1.6985676e-07 9.261024e-06 1.9215024e-06 7.986792e-06 4.331895e-06 8.240645e-07 9.355587e-05 2.0725406e-07 3.2992284e-07 5.090645e-07 2.9971996e-09 4.0521147e-07 2.2918555e-06 1.7638586e-06 9.730427e-06 4.9093615e-07 5.921665e-06 0.020124659 3.8467448e-07 1.1212163e-06 9.614342e-08 3.9482584e-06 7.0590914e-07 2.6206708e-06 1.0691479e-06 2.3211001e-05 0.021089692 1.6747539e-07 1.2208078e-05 0.0002136281
0.834721 0.63903797 0.9882249 0.14204091 0.10623642 0.23619653 0.044910416 0.008949954 0.018547853 0.008810467 1.7066992e-15 0.022246424 0.01882641 0.0016686735 0.0021146096 0.0051364047 0.0720729 0.010057404 0.015015858 0.00076589925 0.32604864 0.002245405 0.026059875 0.0016608855 0.001013885 0.0004096843 0.0013557586 0.00047452675 0.047988918 0.028421985 0.00063791586 0.9035295 0.40667596 0.00085467007 0.0007665072 0.5889346 0.0007713036 0.00091463805 0.013601184 0.590775 0.0011219089 0.8441921 0.0925012 0.0060890364 0.0034625928 4.86302e-05 0.096907906 0.14437968 0.00052999525 0.0149330795 0.049371738 0.00030795202 0.00452923 0.0563349 6.225048e-05 0.24832541 0.00017752395 0.033116996 5.175345e-05 0.00049196073 0.001436598 0.3212647 0.00040143018 0.0004974924 0.0025178408 0.0011076244 1.9997442e-05 0.0011432279 5.957112e-06 0.06604859 0.0062955148 0.00021583629 0.0010776962 0.018199103 0.00048764324 0.019336509 0.011628867 0.0010786201 7.655177e-06 4.7986694e-05 0.001159303 6.7815213e-06 3.563597e-05 0.00015332007 6.134631e-05 0.00066237396 3.1126278e-06 0.015071559 0.002721328 0.00015900221 0.00022546566 3.582498e-05 9.291669e-06 0.0001584586 0.00024163595 0.0018353818 0.0041238084 0.0014047057 1.944707e-06 1.1165824e-05 0.0021172634
0.9705009 0.017294101 0.0037419102 0.18101236 0.21805823 1.0144189e-05 0.8985914 0.026899384 0.4205512 0.36044884 0.022246424 6.072593e-18 0.0042519113 0.3031997 0.5960628 0.8790241 2.4021967e-06 1.5963037e-07 1.05245235e-05 0.6075842 3.8943024e-05 0.92166775 4.737725e-06 1.060585e-06 2.6162105e-08 0.100369364 0.078122176 0.032535277 2.7472839e-05 0.9086428 1.5638405e-09 0.4166373 8.472163e-05 1.0926685e-06 0.025628133 0.2816454 1.5327511e-07 8.53163e-10 0.4076828 0.022636088 0.3755035 0.0046204547 0.023763841 0.00069038296 1.4551626e-05 0.0004970539 0.025959326 0.02702379 3.043622e-08 0.13583404 2.8533172e-05 3.5289045e-09 0.15570064 0.1779388 0.00031968032 0.0033720834 0.25306997 0.0583936 9.2692884e-09 1.7326406e-07 0.0005440928 0.00027636043 0.0024147676 0.090501204 1.5015304e-07 0.0016038604 0.00034332226 0.02842334 0.13905896 5.3105035e-05 0.22402968 1.2762113e-07 7.042436e-07 2.675671e-06 6.013791e-07 4.292128e-05 0.0026292598 1.6243491e-06 1.7339456e-08 1.4095058e-07 5.2491293e-07 6.2992256e-09 4.7191733e-08 1.9615985e-07 0.008209482 7.797263e-06 1.3615997e-08 2.964739e-06 0.0013777446 1.9751705e-07 3.6647748e-06 1.134026e-08 0.001002026 3.1528225e-06 5.8800975e-05 3.8057874e-06 9.005914e-06 0.00047522443 1.9253343e-06 7.825321e-05 6.229544e-05
0.9894915 0.33613196 0.050694592 0.09700109 0.40910643 0.20798567 0.028651662 0.96101 0.41404593 0.23906691 0.01882641 0.0042519113 5.574608e-18 0.09718233 0.016838973 0.005881615 0.04019259 0.031412605 0.5550968 0.001312633 0.027238803 0.00043848943 0.0040691546 0.09947094 0.0036313883 0.012952135 0.14753048 0.020799764 0.000787261 0.00051794236 0.0003866151 0.0013205161 0.001530755 0.09755994 0.00016146609 0.00074721704 0.004784954 0.0003380687 0.000715324 0.00033053465 0.0004625646 0.00024295955 0.00079142454 0.80460596 0.19332838 6.0853352e-05 0.00094083714 0.00076172897 0.00073337386 0.00015936427 0.000106106345 0.0004671568 0.00014833715 1.4493333e-05 5.619075e-05 2.268117e-05 2.1131804e-05 0.86635834 0.00018876341 0.00015313974 0.4458561 0.00062005426 0.0022803626 3.4770448e-05 0.0003642595 0.42420006 0.00048994087 0.10742562 1.2350163e-06 6.562795e-05 0.53104806 0.00035030744 0.028752571 2.3168366e-05 0.00383309 3.2187443e-05 1.6355123e-05 0.01417403 8.716864e-05 0.00024012051 0.000559928 3.117305e-05 1.1163248e-05 6.2038314e-05 2.1748074e-06 5.6559402e-05 5.773332e-07 2.2554661e-05 0.24131255 0.00044402052 1.7611146e-05 0.00013625312 3.7393127e-06 3.1507755e-06 0.00021095428 5.035967e-06 6.977989e-05 0.14856574 1.1824674e-06 6.989961e-06 0.01701002
0.93979216 0.0045749876 0.0012370753 0.037525732 0.13809201 6.89567e-06 0.42805588 0.13011412 0.3481915 0.8451992 0.0016686735 0.3031997 0.09718233 2.277013e-15 0.97954655 0.54435325 8.737697e-07 2.2031522e-06 1.8526085e-05 0.44461936 1.8217404e-06 0.19308212 2.3596845e-06 6.101615e-06 1.3911117e-07 0.9023158 0.6785734 0.66932046 5.4366633e-06 0.046932064 2.5509697e-08 0.0005984107 3.663e-06 2.0034881e-06 0.43489525 0.00036226696 1.0139503e-06 2.2317318e-08 0.0068428563 2.432825e-06 0.007175336 1.111636e-06 0.00019245101 0.0052039023 8.6020145e-06 0.008258186 2.9353547e-05 2.3825925e-05 1.1449434e-07 0.0018751717 1.3236782e-06 3.803414e-08 0.0010189372 0.0001638573 0.0026489566 1.8579349e-06 0.0093151815 0.13444482 1.3890146e-07 2.3552903e-07 0.005385412 7.669616e-06 0.04610171 0.0007315307 3.782151e-07 0.0129354205 0.0014205499 0.26862967 0.00805224 1.0322142e-05 0.39974394 3.4508415e-07 1.879834e-06 1.1880014e-06 4.1067296e-06 9.084776e-06 3.0231737e-07 9.920224e-06 5.216622e-07 1.3820667e-07 3.4847295e-07 5.5835194e-09 1.6217966e-06 8.088334e-07 1.3779857e-05 8.650761e-07 2.541823e-07 2.1110743e-06 0.0077375257 6.405815e-08 8.727578e-07 7.3583345e-07 4.7043155e-05 1.7851455e-06 2.204242e-05 2.8225863e-06 1.9460214e-05 0.0068007675 7.6939415e-07 5.978767e-06 5.3567193e-05
0.91093135 0.0026052445 0.0010374275 0.036551923 0.10614398 7.815435e-06 0.5649168 0.04446582 0.32960105 0.48536155 0.0021146096 0.5960628 0.016838973 0.97954655 2.1649063e-15 0.86335874 9.1330264e-07 2.1648852e-06 1.3982542e-05 0.8165137 3.5615735e-06 0.5612621 1.2950701e-06 1.8401163e-06 6.68408e-08 0.7264602 0.2358062 0.23303755 3.1085076e-06 0.2231177 2.8915538e-08 0.0046006595 7.0571436e-06 2.7864266e-06 0.6588755 0.0027443408 7.873521e-07 2.3001387e-08 0.061030187 1.1346703e-05 0.049822785 8.746614e-06 0.0008636177 0.0013181992 4.178668e-06 0.030613035 0.0005575243 0.0006071224 3.942475e-08 0.0087498855 4.576183e-06 9.1405985e-09 0.007119738 0.0040568863 0.00412323 1.2478755e-05 0.080759324 0.059100054 9.389565e-08 8.32109e-08 0.0024040693 3.1217172e-05 0.048995633 0.0029538118 9.5205945e-07 0.0055249813 0.0019594214 0.06849208 0.037602026 1.7230193e-05 0.20852356 3.3666186e-08 1.4017221e-06 6.226654e-06 2.1100266e-07 1.9916934e-05 1.03868315e-05 2.3875043e-06 1.7391002e-07 1.669037e-08 7.321341e-07 6.1343086e-09 8.3741764e-07 9.698322e-07 0.00018309733 8.260155e-06 2.2367831e-07 3.865336e-06 0.0032645317 5.5189034e-08 1.4455854e-05 3.4678612e-07 0.0003883745 8.130123e-06 9.427839e-05 2.4520847e-05 4.3226202e-05 0.0046302895 2.838754e-06 9.057702e-05 2.7472448e-05
0.84014523 0.0014088835 0.0006040922 0.06968123 0.12442246 7.908579e-06 0.84886414 0.04712693 0.34266293 0.43693697 0.0051364047 0.8790241 0.005881615 0.54435325 0.86335874 4.6606214e-18 2.7400554e-06 2.4935932e-06 1.8280954e-05 0.95784855 2.2889622e-05 0.9173088 2.0862947e-06 1.5306614e-06 1.4955039e-07 0.3492657 0.119754225 0.07841879 2.5133402e-06 0.48211154 2.5975151e-08 0.032065824 5.770731e-06 4.5941724e-06 0.4968335 0.017775021 1.2178455e-06 6.511716e-09 0.13982858 0.00037807686 0.1529161 6.849441e-05 0.0032210571 0.0010528936 2.3476367e-05 0.004719363 0.002797391 0.0025087772 8.962235e-08 0.04060164 6.731764e-06 1.4737322e-08 0.03017221 0.027236773 0.0017924702 2.8582252e-05 0.2015405 0.049216777 1.44635e-08 5.527964e-08 0.0014008883 4.9340433e-06 0.012297669 0.027476799 1.8847894e-07 0.003980066 0.0016629775 0.06083009 0.13187993 2.5518314e-06 0.16715218 3.746548e-08 1.4770444e-06 2.2059735e-06 3.5342446e-06 1.1923141e-05 6.046703e-05 4.0704517e-06 1.3668931e-07 4.0431726e-08 2.4214657e-07 8.6302054e-10 1.6641872e-07 1.8616844e-06 0.001226201 2.0839282e-06 2.5158377e-07 5.686851e-07 0.0020216096 4.6951502e-07 1.0143497e-06 6.005735e-08 0.000946463 1.5854158e-06 2.0645259e-05 1.2727479e-06 1.296472e-05 0.0017122183 3.6888449e-07 2.7111011e-05 0.00012182533
0.96816003 0.026076876 0.04994044 0.00057766377 0.000813157 0.91040057 8.566407e-05 0.00048211674 0.000112280206 1.8282732e-05 0.0720729 2.4021967e-06 0.04019259 8.737697e-07 9.1330264e-07 2.7400554e-06 4.333763e-19 0.7508564 0.12482154 1.4590881e-07 0.89502764 9.264115e-08 0.97532684 0.026246006 0.02583086 1.5936857e-05 0.00014858747 3.365102e-05 0.57115644 1.4438775e-06 0.019223306 0.0004926032 0.34482723 0.019100402 2.521724e-06 2.769164e-05 0.0060930443 0.11974184 2.9123836e-07 0.0022095614 2.4763818e-07 0.017701503 0.00020165904 0.060261607 0.091434024 5.25277e-07 0.00035234823 0.0004027241 0.008898811 3.9980314e-06 0.18321851 0.0014664022 1.713712e-06 8.301698e-07 1.0957202e-07 0.0010997308 1.3563625e-06 0.08326714 0.0003790567 0.030114362 0.009404416 0.015913934 1.151887e-05 4.457163e-06 0.48610485 0.011551027 2.408744e-06 0.00027269873 2.284461e-07 0.0010497649 0.003550745 0.0016286048 0.008438647 0.048613187 0.0039400873 0.002855803 3.4227656e-07 0.017754868 4.8064237e-05 0.0011028323 0.0848339 6.141591e-05 0.002944721 0.011237277 5.083799e-07 0.113953434 0.0011254635 0.24617188 0.0133558 0.0019814724 0.0073461034 5.1362596e-05 2.0732288e-07 1.6500265e-06 9.037274e-06 1.1721699e-05 0.00024681265 0.0063549196 1.1069352e-07 6.6416055e-07 0.011025511
0.93254143 0.011356654 0.005504077 0.00013327425 0.000512389 0.5423788 6.99707e-06 0.0009148147 1.21586845e-05 7.985078e-06 0.010057404 1.5963037e-07 0.031412605 2.2031522e-06 2.1648852e-06 2.4935932e-06 0.7508564 5.579842e-18 0.9773254 1.3234181e-08 0.14434454 1.1492135e-08 0.43857458 0.30082536 0.8475249 6.8649424e-06 0.00011023155 1.4219364e-05 0.029111888 3.6993206e-06 0.64669174 5.1016723e-05 0.007339241 0.12257507 1.4221703e-06 1.4175272e-06 0.12185189 0.7832867 1.0620464e-06 6.495086e-06 5.377202e-07 0.0008669316 3.3988257e-05 0.067921475 0.13579348 3.3970057e-08 6.5203116e-05 0.00011693112 0.070830815 5.382903e-05 0.0011507251 0.023686836 8.352273e-06 2.31162e-06 4.760313e-09 9.917954e-06 1.8448685e-07 0.036334027 0.020029657 0.13866697 0.007955719 8.453229e-05 8.067801e-06 3.9010656e-06 0.38054264 0.014053029 7.8041325e-07 0.00013307943 1.1682394e-07 1.3791031e-05 0.0052853143 0.0010406623 0.0431203 0.00045569192 0.010504195 0.00019246314 5.2346974e-07 0.048977446 7.727061e-05 0.0013526831 0.057079233 0.00014473712 0.005426056 0.018925255 2.006877e-06 0.006490099 0.0038137045 0.0016845028 0.011624293 0.0027225413 0.0026550721 6.961641e-06 1.0297929e-06 4.6169152e-06 2.6162494e-05 4.846267e-06 2.3451124e-05 0.010131674 3.9899658e-07 2.1364573e-05 0.022521319
0.9084625 0.10310064 0.025043203 0.0025616959 0.008230734 0.29598436 0.00015055275 0.046233565 0.00063570193 0.00036698338 0.015015858 1.05245235e-05 0.5550968 1.8526085e-05 1.3982542e-05 1.8280954e-05 0.12482154 0.9773254 6.910661e-19 9.737901e-08 0.026898468 5.605309e-07 0.06907398 0.97834224 0.55860424 0.00033663685 0.010658353 0.00093932514 0.005870953 1.547502e-05 0.21106386 3.895253e-05 0.0010884611 0.33811393 1.3572172e-05 1.4017235e-06 0.13762139 0.063205466 1.1797292e-06 8.6961893e-07 2.0210328e-07 0.0005058489 4.6861383e-06 0.7257966 0.33190763 3.6915915e-06 4.82631e-06 9.427196e-06 0.054235265 6.7114124e-06 8.215724e-05 0.022687532 1.2515039e-06 4.2016748e-07 1.0263931e-07 1.3107084e-06 1.1945242e-07 0.2660778 0.010880585 0.008503169 0.17098166 1.8764049e-05 0.00028715265 6.5969274e-08 0.014710771 0.20994315 1.5419644e-05 0.0055039795 2.7727985e-08 1.5680402e-05 0.03377452 0.002507964 0.10057504 0.00010458582 0.018442601 5.1110005e-06 4.214356e-07 0.06331286 0.00023765345 0.0028169209 0.0013021473 3.171497e-05 0.0005334971 0.0012220286 1.2817745e-07 0.0001659875 0.00022228535 3.051995e-05 0.12773266 0.0035071962 0.00017177242 4.5750898e-05 1.9101573e-07 3.8414787e-06 0.00029249582 9.610152e-06 1.3224865e-05 0.07721023 1.2540668e-06 1.7014974e-05 0.03941976
0.88202226 0.00014925312 6.211308e-05 0.001971831 0.004292857 6.660472e-08 0.17075424 0.0031500952 0.15323831 0.1861638 0.00076589925 0.6075842 0.001312633 0.44461936 0.8165137 0.95784855 1.4590881e-07 1.3234181e-08 9.737901e-08 3.1890294e-17 9.220376e-07 0.9419176 9.027807e-08 5.1623182e-08 8.004203e-09 0.5608391 0.12502296 0.09289841 3.654205e-07 0.57385856 1.2932414e-09 0.010291686 1.2736538e-06 1.5632561e-07 0.8753512 0.007128901 1.031328e-08 3.7662202e-09 0.24506135 8.2937775e-05 0.29234046 8.299699e-06 0.001416759 0.00012039637 1.08687594e-07 0.08299988 0.0013276031 0.0019920971 5.06374e-10 0.041102428 2.7733674e-06 1.8401178e-10 0.053860348 0.021077434 0.022887751 9.649421e-06 0.34861302 0.013281085 2.587402e-09 2.34495e-08 0.00074485876 8.348589e-07 0.08031899 0.0582139 1.8354514e-07 0.0005907589 0.003287736 0.051458344 0.28883126 2.6069133e-06 0.18158115 9.998811e-10 4.3716696e-08 2.6273672e-06 6.524649e-08 2.8634154e-06 2.0400821e-05 4.1701163e-08 2.102541e-08 1.4232984e-09 5.9810174e-07 1.169891e-10 7.170383e-08 1.213484e-06 0.0012993164 2.083316e-06 8.8435726e-08 3.6062667e-07 0.00070584455 2.8687164e-09 3.3541012e-06 1.9157504e-09 0.0032651997 1.0675249e-06 1.5061415e-05 7.769164e-07 5.247195e-06 0.00042763425 6.40982e-07 2.0464113e-05 4.3782334e-06
0.83572876 0.077375665 0.17940189 0.0041829245 0.0068458985 0.94209766 0.00069604686 0.0012545733 0.0005835259 0.00010759684 0.32604864 3.8943024e-05 0.027238803 1.8217404e-06 3.5615735e-06 2.2889622e-05 0.89502764 0.14434454 0.026898468 9.220376e-07 7.34125e-19 4.091952e-06 0.84411407 0.005522761 0.005597849 4.929592e-05 0.0003269381 8.588633e-05 0.98295295 1.6076336e-05 0.0031157036 0.0023093848 0.7797648 0.0036717877 1.1695057e-05 0.00051599735 0.0015351701 0.00794385 4.6517994e-06 0.0018993792 9.595146e-07 0.052051123 0.0013400058 0.015570891 0.013351809 7.887926e-06 0.0014451257 0.002065679 0.0014244515 4.045427e-05 0.18018052 0.00011959806 5.7342554e-06 2.132805e-05 1.0966814e-06 0.0010773196 4.153007e-06 0.034422938 4.3830063e-05 0.008303053 0.0038256638 0.04473106 5.5677487e-05 2.053036e-05 0.10103348 0.0033218514 4.7472477e-05 0.00051765837 2.334185e-06 0.0020611973 0.0056248284 0.0004406815 0.0018964326 0.08358768 0.0013291728 0.010364549 4.174462e-06 0.005532595 1.3852259e-05 0.00010305564 0.014363482 2.9729908e-05 0.00084830617 0.0010963416 1.7267789e-06 0.041873172 1.8506997e-05 0.1606441 0.006628903 0.0005571945 0.0021910039 2.2178658e-05 1.1746537e-06 1.0561796e-05 4.7262874e-05 0.00012514551 0.0014428417 0.0015352676 2.2329829e-07 4.585624e-06 0.0063541196
0.873897 3.401426e-05 3.276946e-05 0.011837041 0.015402515 6.454271e-08 0.4147017 0.00044056305 0.036228567 0.041841563 0.002245405 0.92166775 0.00043848943 0.19308212 0.5612621 0.9173088 9.264115e-08 1.1492135e-08 5.605309e-07 0.9419176 4.091952e-06 2.3751695e-18 1.1381665e-07 9.178776e-08 3.191671e-09 0.12412416 0.022593087 0.02325273 4.0412468e-07 0.80577004 2.3483686e-09 0.017837776 2.5469542e-06 1.9330442e-07 0.6215172 0.051660802 6.113824e-08 8.081241e-09 0.4987127 0.00042209146 0.54332614 6.2359895e-06 0.009311997 5.320175e-05 5.5411487e-08 0.028712729 0.0038802042 0.0031844748 1.3829021e-08 0.11545759 4.526735e-06 2.7374525e-09 0.07598522 0.027079862 0.019320417 2.4354913e-05 0.7389127 0.005516455 1.3266272e-07 2.0641339e-07 6.497852e-05 6.149998e-06 0.010830235 0.078174174 2.1172697e-08 0.0006539152 0.0017836313 0.01997893 0.37532938 7.678229e-06 0.08622615 2.5320983e-08 2.500809e-08 1.408011e-06 2.1196227e-07 4.5325974e-06 6.625322e-05 1.222462e-07 1.202504e-08 9.063862e-09 6.3115316e-08 1.0015742e-09 1.14165495e-07 2.4389936e-07 0.0040134504 8.035331e-07 6.1679124e-08 1.5219722e-07 0.00044301382 1.1970759e-08 6.3901126e-07 5.584456e-09 0.008517567 3.3786453e-06 1.7859946e-05 1.8369549e-06 3.251592e-06 8.860952e-05 4.1379343e-07 4.0850024e-05 2.8003672e-06
0.91474026 0.00992508 0.009868125 0.00048182462 0.0008482847 0.6302002 8.638132e-05 0.00018418931 0.00019416142 1.870384e-05 0.026059875 4.737725e-06 0.0040691546 2.3596845e-06 1.2950701e-06 2.0862947e-06 0.97532684 0.43857458 0.06907398 9.027807e-08 0.84411407 1.1381665e-07 9.377656e-17 0.020962128 0.031923153 6.2380304e-06 2.2331533e-05 1.7728193e-05 0.6544231 8.942889e-06 0.03977629 0.00024108996 0.30040956 0.0214753 3.0316985e-06 2.0752012e-05 0.012221044 0.26953137 5.500574e-07 0.00048478 7.562059e-08 0.0063825487 0.00013299074 0.007212053 0.034432728 1.6612686e-06 0.00019233856 0.00021369554 0.014485899 2.6036672e-05 0.25842422 0.0060543003 3.5814685e-06 1.7720477e-06 5.9421177e-07 0.0003568271 3.0052198e-07 0.014092889 0.0030871995 0.15483405 0.0019929036 0.012294111 1.2592073e-05 4.4119074e-06 0.95538116 0.002810931 8.7816886e-07 4.182597e-05 1.683759e-07 0.0004567385 0.0023951444 0.0070476267 0.009508868 0.08095499 0.0047190255 0.0037653968 3.9661523e-07 0.011301928 0.00047669924 0.003913174 0.52304935 0.00044994566 0.008733441 0.16394529 2.5658337e-06 0.42220113 0.013998962 0.5229688 0.0035328043 0.0051771416 0.07499428 0.00032447057 4.9449267e-07 2.9813766e-06 5.904685e-06 2.1423433e-05 0.0003421888 0.0018550874 1.6640743e-07 2.5901834e-06 0.014137311
0.9213357 0.0037197936 0.0014622252 6.415233e-05 0.0003249013 0.047976498 4.535754e-06 0.0015701397 5.479558e-05 2.9026927e-05 0.0016608855 1.060585e-06 0.09947094 6.101615e-06 1.8401163e-06 1.5306614e-06 0.026246006 0.30082536 0.97834224 5.1623182e-08 0.005522761 9.178776e-08 0.020962128 2.7836222e-17 0.59407353 0.00010408285 0.0012630073 0.00016326862 0.0008465799 1.10793435e-05 0.11954681 3.853562e-06 0.0001276335 0.9575438 1.4473552e-05 1.2101873e-07 0.5319132 0.0486513 1.1618667e-06 3.9122855e-07 3.133512e-08 2.5348445e-05 8.1504976e-07 0.5648973 0.49931335 4.096376e-06 7.553399e-07 9.54514e-07 0.116959184 2.8158192e-06 1.07693795e-05 0.102357954 2.0040471e-07 5.136037e-08 1.3157499e-07 5.019614e-07 1.5417069e-07 0.07418216 0.023124263 0.009332575 0.06926013 4.427127e-06 0.00017228528 7.5545046e-08 0.005187449 0.08949836 5.895778e-06 0.0011779828 1.5648358e-07 6.8744557e-06 0.010245054 0.0036743258 0.24640016 3.1915373e-05 0.045784347 1.2302988e-06 2.6568472e-08 0.11778458 0.0007234037 0.0018213028 0.00027100428 6.658952e-05 0.00080335693 0.0008898943 1.8964005e-07 5.305234e-05 8.268308e-05 5.8592877e-06 0.094427615 0.0025075057 0.00012986569 0.00010804649 2.0062978e-07 1.0146844e-06 9.36881e-05 8.676702e-06 4.106068e-06 0.059930243 2.1995946e-07 1.5994916e-05 0.047607977
0.81508213 0.00026252883 0.00011872597 7.156508e-06 2.9135701e-05 0.011500157 2.289543e-07 5.2241194e-05 2.7402516e-06 1.1385036e-06 0.001013885 2.6162105e-08 0.0036313883 1.3911117e-07 6.68408e-08 1.4955039e-07 0.02583086 0.8475249 0.55860424 8.004203e-09 0.005597849 3.191671e-09 0.031923153 0.59407353 1.0346984e-17 1.717218e-06 8.009575e-06 2.1068288e-06 0.0018903087 6.6042963e-07 0.9821428 2.5643244e-06 0.00033903844 0.3595853 7.079654e-07 3.716075e-07 0.80635804 0.6860508 4.2636228e-07 9.987308e-08 6.1455627e-09 4.483244e-06 1.9674138e-07 0.043474965 0.1749028 1.1521397e-07 4.52503e-08 7.247976e-08 0.63815206 6.0606624e-07 2.813185e-05 0.45482758 9.263797e-08 8.199712e-08 1.9391992e-08 2.8188124e-08 4.1519557e-09 0.005449512 0.4686394 0.18515481 0.0046990677 2.3068917e-06 1.1483471e-06 1.2840319e-07 0.097338915 0.008700243 5.2321237e-08 2.0144002e-05 1.2785191e-08 3.0533164e-07 0.00044248835 0.016564753 0.14137095 1.17727395e-05 0.12793742 1.1731049e-05 8.262474e-09 0.09546044 0.010822559 0.023655493 0.016208306 0.004244086 0.052317824 0.017357394 1.2133377e-07 0.0014654201 0.0056454134 7.169758e-05 0.0071795597 0.010888121 0.0009766221 0.00036533066 5.5375775e-08 5.705233e-07 3.7522477e-06 1.441927e-07 2.0172367e-06 0.00623867 1.5042824e-07 7.239226e-07 0.028426299
0.916008 0.0013789914 0.00032507084 0.004945784 0.012941471 8.174832e-05 0.057833485 0.010600016 0.053970613 0.38665918 0.0004096843 0.100369364 0.012952135 0.9023158 0.7264602 0.3492657 1.5936857e-05 6.8649424e-06 0.00033663685 0.5608391 4.929592e-05 0.12412416 6.2380304e-06 0.00010408285 1.717218e-06 1.0986452e-12 0.36660135 0.97497267 9.078488e-06 0.020719254 3.5428585e-07 0.000187916 2.2101358e-05 5.4731547e-05 0.8975893 0.00011483635 2.6439126e-05 2.0372e-06 0.0048650918 7.856472e-07 0.005183678 2.6390944e-06 0.00012423251 0.0050725276 3.7965343e-05 0.11442273 1.0658286e-05 1.9885996e-05 5.911128e-07 0.0017184435 9.9210665e-06 4.5432282e-07 0.0012189726 5.1177583e-05 0.055477537 2.0489745e-06 0.020160118 0.06041507 9.786363e-07 2.4614344e-06 0.006529835 0.0001545475 0.23059483 0.00066731375 0.0002705838 0.015623511 0.01207791 0.40098554 0.023694333 6.898831e-05 0.22952889 5.893026e-07 2.369668e-06 1.1063643e-05 4.685665e-06 2.7152926e-05 7.688132e-07 3.5643395e-06 2.8921966e-06 2.2668031e-08 5.244696e-05 6.001613e-08 1.1887802e-06 1.3897597e-06 1.176835e-05 2.5788254e-06 2.0064444e-06 1.4956194e-05 0.007075278 2.8115459e-09 1.2827578e-05 4.1593366e-06 0.00080313673 3.998348e-06 0.00016825288 6.9370535e-06 4.6054487e-05 0.00890343 9.778695e-07 0.000117219744 1.0375669e-06
0.981492 0.031804625 0.0012446113 0.024868224 0.13937475 0.0020288592 0.09480246 0.25716946 0.4461026 0.6761065 0.0013557586 0.078122176 0.14753048 0.6785734 0.2358062 0.119754225 0.00014858747 0.00011023155 0.010658353 0.12502296 0.0003269381 0.022593087 2.2331533e-05 0.0012630073 8.009575e-06 0.36660135 1.0098639e-14 0.9603042 4.8573766e-06 0.0054961094 2.8237486e-07 0.00045078382 6.363264e-05 0.00044739142 0.0666797 0.00032335884 2.93482e-05 1.4569365e-06 0.0011413514 2.0918162e-05 0.0012830038 6.281127e-07 8.9467234e-05 0.0371176 0.00084527134 0.003935095 4.6745357e-05 4.7189915e-05 1.2468935e-06 0.00023804339 4.982271e-05 1.733291e-06 0.00041650396 5.8060028e-05 0.004502447 3.0273895e-05 0.002117542 0.41964865 9.544294e-07 4.1563435e-06 0.017122976 0.00010981646 0.013547015 0.00033631758 2.428575e-05 0.031360246 0.00015799294 0.9174197 0.0026562156 5.089815e-05 0.8098693 5.1332413e-06 0.00012348175 4.6176947e-06 2.6968972e-05 7.780884e-06 3.1127881e-06 8.6519416e-05 7.935278e-06 5.182422e-07 0.00010269077 1.0296396e-06 2.3586833e-06 2.3374548e-06 8.302153e-06 0.00012550407 6.2101464e-07 0.0001355623 0.055303786 6.2760584e-08 1.2178008e-05 2.0686596e-06 0.00043044542 5.329735e-06 9.486653e-05 6.4792416e-06 3.275015e-05 0.050134983 6.4681844e-06 2.1982023e-05 2.6193999e-05
0.9254353 0.0020386423 0.00058975135 0.0050220923 0.025111644 0.00015172733 0.03719556 0.024758898 0.1194314 0.4839167 0.00047452675 0.032535277 0.020799764 0.66932046 0.23303755 0.07841879 3.365102e-05 1.4219364e-05 0.00093932514 0.09289841 8.588633e-05 0.02325273 1.7728193e-05 0.00016326862 2.1068288e-06 0.97497267 0.9603042 5.5107035e-14 4.219888e-06 0.0033236195 1.8255342e-07 7.300028e-05 3.4972978e-05 7.945119e-05 0.26034248 0.00015215289 2.6086482e-05 9.696454e-07 0.0006052187 4.6780565e-06 0.0010134535 2.3899715e-06 0.00010303539 0.010841215 0.00014562364 0.0076910807 1.6374068e-05 2.9370683e-05 1.043486e-06 0.00044172083 9.750157e-06 1.9221827e-06 0.00040085154 6.143319e-05 0.0053287745 4.3712284e-06 0.004219993 0.11987852 1.5461012e-06 5.331947e-06 0.010273167 9.9365905e-05 0.06337895 0.0004478307 3.780085e-05 0.020016935 0.0013960557 0.86269313 0.0079599125 5.9308346e-05 0.49006706 1.1413551e-06 1.034539e-05 5.8866763e-06 1.1227929e-05 9.0744625e-06 1.7769198e-06 1.0447601e-05 3.2716082e-06 2.5991755e-08 0.00013436376 4.436918e-07 2.272208e-06 2.0945279e-06 2.5490062e-05 3.812506e-05 1.0446959e-06 2.3799446e-05 0.02942221 2.0850242e-09 1.1954828e-05 2.706362e-06 0.00038609453 5.863659e-06 3.533084e-05 1.0078262e-05 3.8802373e-05 0.02236246 1.5092867e-06 3.0273432e-05 2.5295979e-06
0.4809588 0.01571886 0.027461909 0.0005416021 0.0007000782 0.61920255 0.00014851463 6.309398e-05 0.000102205 2.3455777e-05 0.047988918 2.7472839e-05 0.000787261 5.4366633e-06 3.1085076e-06 2.5133402e-06 0.57115644 0.029111888 0.005870953 3.654205e-07 0.98295295 4.0412468e-07 0.6544231 0.0008465799 0.0018903087 9.078488e-06 4.8573766e-06 4.219888e-06 3.935536e-18 5.5841824e-06 0.0014978185 0.00039919585 0.9877239 0.00096321746 1.3039466e-05 2.7601993e-05 0.00053518993 0.0035357685 7.102078e-07 0.000661729 1.16633366e-07 0.028862378 0.00017442202 0.00011905682 0.0009239927 2.3844439e-06 0.00040027563 0.0004933726 0.00015912644 1.3404652e-05 0.78823256 4.4552307e-05 1.4382362e-06 8.6972805e-06 2.1094343e-06 0.00042199227 2.3815564e-07 0.0034889798 4.7350215e-05 0.0036066284 5.1691444e-05 0.16724432 1.3141027e-06 1.137067e-06 0.25932795 0.00013681916 7.083335e-07 4.1834487e-06 1.9747083e-06 0.0021318789 0.0014762643 0.00026237816 0.00082349457 0.49006453 0.0003948876 0.0855133 2.00492e-06 0.00089732686 8.973106e-06 3.2697102e-05 0.086741835 2.1260768e-05 0.00028521786 0.004399022 1.0190008e-06 0.36183992 0.000105577026 0.7209474 0.00062788307 0.00029458894 0.01574414 2.9579425e-05 2.8691844e-07 1.6761626e-06 1.1220425e-05 4.7085887e-05 0.005826293 0.00020420122 2.1324387e-07 1.4435939e-06 0.001561303
0.9199267 0.04918246 0.014533556 0.16892186 0.10821527 0.00023852149 0.6267069 0.0016392757 0.11774381 0.045433458 0.028421985 0.9086428 0.00051794236 0.046932064 0.2231177 0.48211154 1.4438775e-06 3.6993206e-06 1.547502e-05 0.57385856 1.6076336e-05 0.80577004 8.942889e-06 1.10793435e-05 6.6042963e-07 0.020719254 0.0054961094 0.0033236195 5.5841824e-06 2.4534784e-15 1.0781511e-06 0.14096212 1.13335955e-05 1.7217233e-05 0.11287103 0.23351213 1.0421047e-06 3.1363928e-07 0.97527313 0.010603904 0.8585345 0.0024467802 0.028025752 0.00013554019 1.5706742e-05 0.002245237 0.038893532 0.03655565 1.5654053e-06 0.6408217 8.607611e-06 1.7817362e-07 0.6147389 0.6472185 0.009063458 0.0051235873 0.41978568 0.0109259775 2.0530926e-07 9.374091e-07 0.00025231024 7.383472e-05 0.0023488093 0.41957048 7.592757e-06 0.00023842894 0.00017845431 0.0073427595 0.22164291 0.00018772668 0.03261029 8.978472e-06 1.468147e-05 2.3360188e-05 2.7895578e-05 3.4879118e-05 0.019388074 0.00017380764 4.1654997e-07 2.3995315e-06 6.754023e-07 3.3177497e-07 9.044469e-07 5.4399595e-07 0.18702264 1.2483065e-05 5.3825335e-07 3.110591e-05 0.0014213176 1.5133808e-05 7.338205e-06 8.2529147e-07 0.021745848 5.9546554e-05 0.0003865825 9.854432e-05 7.26998e-05 0.00018501568 7.098612e-05 0.001810406 0.00029687764
0.87796193 2.3218663e-05 2.3755996e-05 1.0386984e-06 4.2222227e-06 0.003976824 3.830825e-08 3.1716859e-06 7.954546e-08 4.1527496e-08 0.00063791586 1.5638405e-09 0.0003866151 2.5509697e-08 2.8915538e-08 2.5975151e-08 0.019223306 0.64669174 0.21106386 1.2932414e-09 0.0031157036 2.3483686e-09 0.03977629 0.11954681 0.9821428 3.5428585e-07 2.8237486e-07 1.8255342e-07 0.0014978185 1.0781511e-06 2.6590087e-18 1.3458766e-06 0.000302441 0.12009029 5.0005593e-07 7.489784e-08 0.5078216 0.9425681 2.2999951e-07 8.1996646e-08 4.0969206e-09 1.7946202e-05 2.5797578e-06 0.009579737 0.065406226 5.7263168e-09 4.762743e-07 1.1496763e-06 0.5752 6.0459156e-06 4.388109e-05 0.42244938 4.4880588e-07 4.5815474e-07 3.684931e-09 1.7693499e-07 2.268715e-08 0.00231438 0.6710121 0.62141454 0.00045096313 5.4230236e-06 5.4155635e-07 4.5337924e-07 0.4743339 0.001376474 2.8965974e-09 1.8603764e-06 4.843559e-08 3.4573918e-06 0.00084228313 0.04768712 0.069150984 4.6936773e-05 0.098424435 9.12302e-06 3.236295e-07 0.063161165 0.014980579 0.026583958 0.06347188 0.013499362 0.4170841 0.12427016 3.023452e-06 0.0036959392 0.057143413 0.00095050555 0.0023165373 0.022450982 0.0058878274 0.001002668 5.5564817e-07 4.382018e-06 2.7435686e-05 4.43308e-06 6.0360812e-06 0.0022717172 4.3349678e-07 3.0014247e-05 0.03735181
