3.3339142e-23 0.88934076 0.5768208 0.88109386 0.9571098 0.866003 0.28206778 0.6740526 0.84943175 0.4708576 0.8570217 0.0018509707 0.015169746 0.1498722 0.98712885 0.94629884 0.00080286484 0.9031138 0.12537357 0.9209847 6.728174e-05 0.6668902 0.48172697 0.80222917 0.12439831 0.0032142296 0.7456446 0.91310805 0.9838361 0.0009628666 0.008794248 0.9567648 0.8948857 0.95341855 0.39736503 0.76670134 0.081196815 0.1924881 0.95837134 0.99441475 0.9616322 0.9865467 0.87946874 0.97248065 0.99990124 0.9992668 0.99153686 0.9999887 0.97229004 0.8396439 0.9979116 0.9521661 0.86041844 0.2723088 0.05829831 0.999916 0.6708936 0.977954 0.99941975 0.05439584 0.7471205 0.92003256 0.95485175 0.30491433 0.53678966 0.6802618 0.7425875 0.9725114 0.4120311 0.6036794 0.99352723 0.59701955 0.9982605 0.3267405 0.8668467 0.9308324 0.95695275 0.0057132645 0.0036452187 0.96348685 0.49574912 0.0028770417 0.9120327 0.87271965 0.8422804 0.924594 0.0007472181 0.86076856 0.026978418 0.0013822098 0.049053762 0.5287651 0.9299061 0.0012325591 0.11415725 0.72249764 0.25225776 0.93886125 0.5113639 0.034952782 0.019889675
0.88934076 1.701659e-17 0.97751945 0.76317805 0.7070319 0.9417615 0.8865529 0.64114946 0.15750103 0.28494266 0.309551 0.004069226 0.01634492 0.002014221 0.2182104 0.27467203 0.0002741436 0.00020378218 0.011150253 0.00021956663 0.00012859848 0.00012675903 0.031255186 5.0251223e-05 0.004656538 0.00044477 0.0020662386 2.8781764e-05 0.00077431166 1.2436769e-05 4.5837915e-06 4.139012e-05 2.1095489e-06 2.1489139e-05 3.0475521e-06 8.374269e-08 4.0786216e-07 4.9995083e-06 0.0069884947 0.027525444 9.48697e-05 0.013672934 0.00010124401 1.6193933e-06 0.02590911 0.007584732 2.7351057e-06 0.07232895 1.1241771e-09 4.7256337e-05 1.7804325e-08 2.2162235e-08 8.109641e-08 1.1442853e-05 3.3163957e-05 7.601861e-05 1.0789996e-08 2.8672517e-08 1.1335076e-05 5.377277e-06 4.759024e-09 7.102701e-09 6.971264e-07 9.180913e-08 1.5319422e-08 1.41783945e-08 9.345187e-11 6.322952e-07 4.014238e-06 1.0821964e-06 3.3982288e-09 4.8324558e-09 3.249933e-08 2.9372926e-05 2.0236945e-09 2.3517224e-08 2.4277165e-08 3.5441153e-07 6.5336408e-06 5.8299827e-07 3.1863732e-09 8.372173e-07 1.6142486e-09 5.741883e-08 3.9856623e-08 2.3177158e-07 3.5772864e-06 4.6684409e-07 1.3100886e-06 4.0703007e-06 3.5527705e-06 2.3869156e-09 1.811371e-07 5.669306e-07 1.6941634e-08 3.102788e-08 5.8977008e-08 2.9189669e-06 5.1307893e-06 1.0548774e-08 5.814364e-07
0.5768208 0.97751945 2.921108e-14 0.91409844 0.48511338 0.32691553 0.82985115 0.040072713 0.93604535 0.006621773 0.042796344 0.15491638 0.48230115 0.12003219 0.04524648 0.0026814982 0.02902868 0.030586155 0.00023212386 0.017469848 0.025137946 0.0022247687 0.0004563869 0.0010128355 0.00017840393 0.02130244 8.868281e-05 0.00048006832 0.013931125 0.0019052934 0.0006452182 0.001211382 5.9441023e-05 0.00038115156 4.166422e-05 2.6337418e-06 7.6156e-06 6.48776e-05 0.00041348953 0.006096032 0.0015866585 0.0017017045 9.321917e-06 1.7271717e-05 0.004609452 0.01837171 4.833636e-05 0.032649506 4.082607e-07 5.041575e-06 3.603259e-05 9.647235e-07 3.276121e-05 1.272612e-06 8.715456e-06 0.00022732072 3.2515484e-06 8.339605e-07 4.1597377e-06 0.00027971086 5.89338e-07 2.0114823e-07 1.989236e-06 1.3028912e-05 6.043855e-07 6.109129e-07 2.0602387e-08 4.4776384e-06 1.2747656e-06 6.07382e-07 2.6771784e-07 8.9240764e-08 2.8332772e-06 3.4211132e-06 2.6806373e-07 3.8354477e-07 1.3418638e-06 0.00011189539 3.0312578e-05 1.1640527e-06 9.786181e-08 3.335468e-05 3.4522653e-08 7.47706e-06 9.579594e-07 3.8159055e-06 7.7245044e-05 1.2347102e-06 1.362789e-05 2.4101695e-05 8.660452e-05 1.041378e-07 1.4959883e-06 8.293251e-06 5.60471e-07 1.09583304e-07 1.2048119e-07 0.0001933816 6.5260497e-06 1.2284293e-07 3.500753e-06
0.88109386 0.76317805 0.91409844 1.3408509e-15 0.9787915 0.5189078 0.69427747 0.034659628 0.96154124 0.008721702 0.15816852 0.011318437 0.083791144 0.106228866 0.182415 0.0033228402 0.00092019374 0.1437502 0.0003823546 0.23874578 0.0005111571 0.042518687 0.0008476095 0.0100171855 0.00019459093 0.012879787 0.00011504035 0.0022637865 0.10621005 0.0021884032 0.0059853205 0.014089374 0.000248687 0.006648019 0.001245085 4.414081e-05 9.186497e-05 0.0012834107 0.0012702447 0.04575026 0.017735196 0.0100700185 5.0468907e-06 0.00013342242 0.01752632 0.056136094 0.0017998684 0.14699599 9.991252e-06 2.600698e-06 0.00040067345 2.9391253e-05 0.00011877229 1.2501118e-06 5.3627656e-07 0.00071008224 4.2539023e-06 1.306857e-07 2.4927598e-05 0.00053516874 1.9986952e-07 9.0378e-08 7.963344e-06 6.0603193e-06 1.173562e-06 1.635453e-07 5.4310096e-08 1.2978123e-06 7.258901e-07 2.8639656e-07 4.2675606e-07 4.516597e-08 3.4499944e-06 5.1412317e-06 4.391169e-07 5.924905e-07 5.108527e-07 9.448996e-06 9.868797e-06 3.5036287e-06 6.560301e-08 4.63868e-07 1.6171084e-09 2.744148e-06 4.1790082e-07 4.205682e-06 6.640374e-06 1.3554484e-06 3.215828e-06 3.0633773e-06 2.8131984e-05 2.4688316e-07 1.4343993e-06 9.171716e-06 2.6184756e-07 2.7864255e-07 7.813478e-07 1.150014e-06 4.4673092e-07 1.7604847e-07 4.875981e-07
0.9571098 0.7070319 0.48511338 0.9787915 2.8528524e-14 0.94085634 0.5267392 0.14954473 0.43814144 0.019345252 0.76260054 0.0023908836 0.018311376 0.019295312 0.57260233 0.024181273 0.0003256837 0.026872462 0.0011607074 0.13337359 0.00019246938 0.023172984 0.002232763 0.0034562552 0.00019242348 0.0025609946 0.00016822609 0.0007816073 0.14778486 0.0002130641 0.0004998598 0.023502761 0.0001761626 0.0058316514 0.00032469782 1.4595266e-05 7.73274e-06 0.00019522737 0.0112916455 0.47587997 0.06037218 0.08769791 5.4880998e-06 9.0064685e-05 0.063530535 0.15100862 0.0068335016 0.4767737 4.3108485e-06 2.5678214e-06 0.00096911856 0.0001252832 1.5786349e-05 1.9656013e-06 5.7844622e-06 0.0026962918 8.487026e-07 6.39612e-08 0.0001521133 6.962036e-05 7.4081335e-08 4.0837378e-08 3.1970085e-05 4.0462933e-06 2.5816638e-07 3.8768988e-08 1.505734e-08 2.1092823e-05 1.4530054e-06 8.670386e-07 1.4159531e-06 8.350376e-08 2.3451124e-05 1.2644498e-06 4.0385652e-07 7.190669e-07 1.8514825e-06 3.0248657e-06 1.8178529e-06 2.0658235e-05 1.2668844e-08 2.1905973e-07 5.951972e-10 2.9520116e-08 1.0984341e-07 4.06313e-06 7.0818754e-07 1.1623062e-07 6.1833734e-06 1.3913923e-06 1.0085857e-05 1.0171264e-07 2.5564836e-08 1.6370095e-06 1.9888773e-08 4.1414857e-08 3.8253675e-06 3.5955009e-07 8.8371286e-07 3.7144028e-07 8.8506276e-08
0.866003 0.9417615 0.32691553 0.5189078 0.94085634 5.5932367e-14 0.47408903 0.8232324 0.09990784 0.68420017 0.9690143 0.0014349583 0.0035813404 0.0018388464 0.7171914 0.42210698 0.00022023015 0.0023850512 0.0072353245 0.01311308 9.297816e-05 0.001693138 0.023447772 0.00049891917 0.0031077 0.00045581075 0.0031538033 0.00029255106 0.040360115 1.9627496e-05 3.825866e-05 0.0021501973 8.655392e-05 0.0012306258 0.00015545214 2.3862807e-05 5.065699e-07 9.221695e-05 0.016115993 0.226569 0.012799431 0.050166357 0.0002957425 6.3217034e-05 0.040488943 0.049432598 0.0008582669 0.15057358 3.8406147e-06 4.2512806e-05 0.0002494635 3.8907274e-05 5.7142395e-05 6.907165e-05 1.7860166e-05 0.0013809016 1.1018823e-06 4.5545204e-07 0.00015666868 0.00022753696 1.7481145e-07 1.7475176e-07 0.00013043986 1.3825143e-06 1.2604586e-06 4.2522615e-07 5.3325817e-08 6.2043815e-05 2.1019849e-05 6.0636603e-06 3.9784777e-06 1.284605e-07 3.2367552e-05 0.000102682345 9.953006e-07 3.185427e-06 1.519601e-05 4.215496e-06 6.2333143e-06 0.00011630209 5.6774997e-08 1.9038882e-07 5.2661218e-09 2.3806527e-07 5.153956e-06 1.0380365e-05 6.4649594e-06 4.397533e-06 2.2659235e-06 1.0338732e-05 1.6182039e-05 3.3823505e-07 7.9062147e-07 3.8646856e-05 1.8797236e-07 9.2463785e-07 3.6717051e-06 1.9468307e-07 2.224674e-05 8.7449496e-07 3.287523e-07
0.28206778 0.8865529 0.82985115 0.69427747 0.5267392 0.47408903 1.5485764e-11 0.32736066 0.6740002 0.038802482 0.08828833 0.9963135 0.80167204 0.40140516 0.108662516 0.070492946 0.0023199131 0.0037684431 0.0022701526 0.00034429412 0.02344931 0.00014703575 0.007941786 8.922762e-05 0.0018641185 0.001142215 0.0017792684 9.796261e-05 0.00022545512 0.0002390081 1.0965633e-06 1.12220305e-05 5.5534674e-05 1.2339457e-05 1.4117301e-06 1.3513928e-06 8.215453e-06 4.449308e-05 0.0021401616 0.0034310871 1.1154522e-05 0.0022494658 0.0011651209 1.9502174e-06 0.0051807 0.0039518205 6.532105e-07 0.012821225 7.128879e-06 8.982921e-05 3.193437e-07 6.2648917e-07 3.5047837e-05 3.9817405e-05 0.00015920005 0.0002642336 7.6504796e-07 3.2420116e-06 2.5472858e-05 3.179104e-05 7.134892e-06 3.5029839e-06 4.5830853e-05 7.5353087e-06 2.4311505e-06 4.3897185e-06 5.968405e-08 1.5312171e-05 0.00018069535 6.4701035e-06 9.681818e-07 6.113812e-06 1.3967922e-05 0.0009319762 1.4078561e-05 2.3788111e-06 3.1688016e-06 7.3688054e-05 4.56156e-06 0.0002747152 1.6148456e-06 6.332848e-05 1.6921105e-05 0.0015751874 0.0001687982 0.00021730391 5.688768e-06 4.548678e-05 2.0634707e-05 6.1505907e-06 0.00011281237 6.1145323e-07 0.0025789943 1.1658999e-05 1.1646575e-05 3.0206452e-06 2.7117665e-08 0.0012834982 0.00032092046 1.0010002e-07 7.0071976e-05
0.6740526 0.64114946 0.040072713 0.034659628 0.14954473 0.8232324 0.32736066 1.1530106e-14 0.0035276148 0.99855876 0.70800513 9.176007e-05 0.0011828588 8.4756866e-05 0.45642245 0.6667493 2.7183707e-05 2.6383233e-05 0.33729312 0.00023389135 1.8017869e-05 5.113641e-05 0.16122735 2.9125367e-05 0.07872399 7.4598097e-06 0.08939314 2.4643268e-05 0.0017112329 1.7505518e-07 2.7673212e-07 0.00011571739 6.157672e-07 8.021872e-05 4.886166e-07 7.1809443e-09 1.1759746e-07 1.961954e-07 0.0848326 0.32990852 0.0013472378 0.21623425 0.001998569 9.979858e-07 0.13265888 0.017280813 5.93428e-05 0.20286489 7.7086e-09 2.4937917e-05 3.075853e-05 2.2853153e-07 3.1624765e-08 1.0713438e-05 2.4583016e-05 0.00069399184 1.4223186e-09 5.235818e-08 0.00021073852 2.523739e-07 2.2736781e-09 7.888546e-09 2.615476e-05 5.2022684e-09 4.0069516e-08 4.315105e-08 1.0813787e-09 1.920377e-05 1.6990474e-05 2.0224666e-06 9.0524605e-07 1.4063838e-09 3.8101489e-06 5.26667e-05 6.2002314e-08 4.7089944e-08 4.965763e-07 6.304914e-08 2.883832e-08 9.939789e-06 8.6186086e-10 1.4329911e-08 2.494832e-10 1.1306394e-08 1.34806415e-08 4.297055e-07 5.8630324e-08 4.0539522e-08 2.0012559e-08 3.5534985e-08 3.5592098e-08 5.5358957e-09 7.176345e-09 9.833213e-09 1.9124054e-10 1.6336694e-09 2.0370317e-09 2.2884459e-08 1.2404224e-08 1.4632155e-11 3.5512742e-09
0.84943175 0.15750103 0.93604535 0.96154124 0.43814144 0.09990784 0.6740002 0.0035276148 1.8274629e-14 0.00042962213 0.023287581 0.18989076 0.91908365 0.8620421 0.044024605 0.0010462673 0.046435203 0.8312697 3.5627374e-05 0.6661212 0.039246038 0.4637344 0.00014070905 0.19828846 3.4315188e-05 0.45162192 1.5703119e-05 0.028884027 0.29874015 0.12694398 0.3224144 0.038638838 0.0060225697 0.019376365 0.0073921983 0.00051150913 0.0017940933 0.0073819836 0.00018569343 0.012360133 0.013682092 0.00213563 2.6554656e-07 0.0001303205 0.004046971 0.09253887 0.0012156188 0.07730323 1.6442264e-05 1.3240728e-07 0.00072244677 3.5027017e-05 0.00010209658 1.0133136e-07 3.238305e-07 0.0006909633 6.667231e-05 3.92765e-07 5.668638e-06 0.00093103055 2.9720297e-07 1.2199128e-07 1.3361404e-06 3.4551784e-05 8.901382e-08 5.581571e-07 5.5042914e-08 4.2101924e-06 1.8465546e-07 3.615158e-07 1.3858381e-06 1.5207194e-06 6.7460637e-06 2.5182921e-06 2.7242554e-06 3.6567067e-06 1.4841255e-06 0.00025141938 1.854134e-05 1.6535843e-05 6.389272e-07 4.8251568e-05 6.16611e-09 6.110318e-05 2.707938e-05 5.6228382e-05 4.286624e-06 9.535188e-07 9.513884e-06 8.704719e-07 0.0004875028 1.7703196e-06 5.0350545e-06 1.9179854e-06 9.228033e-06 8.445778e-08 6.77184e-08 3.268675e-05 5.980892e-07 1.4968887e-08 3.0555827e-07
0.4708576 0.28494266 0.006621773 0.008721702 0.019345252 0.68420017 0.038802482 0.99855876 0.00042962213 1.456436e-14 0.5660327 7.3905176e-05 1.1933981e-05 2.378328e-06 0.08602178 0.888104 3.064311e-05 6.5876993e-06 0.34460607 0.00042427765 9.764776e-06 0.00018930336 0.35286164 2.4638875e-05 0.023202013 6.101304e-05 0.043901533 4.915686e-05 0.0019535432 7.7922704e-07 5.2794826e-07 0.00023196146 5.4171e-06 9.476625e-05 3.1453656e-06 7.764705e-07 9.254154e-08 3.2004266e-06 0.12257121 0.23888958 0.004139759 0.19014063 0.00619782 2.093688e-05 0.07822425 0.014954385 0.00064449315 0.09664322 2.0764301e-07 0.00042957894 0.00016209357 1.9136125e-05 1.1752027e-06 2.8220444e-05 0.0002596807 0.0035000988 1.7595658e-08 2.2705983e-06 0.0011871664 4.485947e-06 3.561001e-07 2.442066e-07 0.00038734474 8.093678e-08 3.6854467e-06 3.364101e-07 5.567485e-08 0.0006751361 0.00059038185 0.00017573136 4.1616087e-05 1.9472224e-09 0.00020939749 0.00013387758 2.0578452e-06 3.993051e-06 4.5012224e-05 6.3295636e-07 7.5315506e-06 6.8763795e-05 8.878318e-09 2.7277844e-07 4.415436e-09 3.405045e-07 9.3640075e-08 8.090153e-06 5.0212515e-07 2.7965738e-05 1.2348296e-05 2.3221178e-06 2.5509105e-05 3.7331145e-07 3.6444137e-06 9.059249e-07 2.6651745e-09 2.4715618e-07 3.008203e-06 7.832742e-07 1.081055e-05 1.5542781e-08 5.5948086e-09
0.8570217 0.309551 0.042796344 0.15816852 0.76260054 0.9690143 0.08828833 0.70800513 0.023287581 0.5660327 7.330778e-13 0.00074954936 0.0009331283 0.0006614543 0.97827846 0.48337752 0.00013061451 0.0021768173 0.0070792297 0.037606016 6.879942e-05 0.0020017114 0.03072842 0.0011049705 0.0026748525 0.00038727786 0.009268805 0.00061215373 0.06664631 2.3180144e-05 9.832019e-06 0.005642297 0.00023598604 0.0064887223 0.00017311351 4.7867812e-05 1.4537885e-06 0.0001482024 0.014104546 0.48478737 0.028453985 0.07003184 0.004448578 0.0009528398 0.059638795 0.06882572 0.012727894 0.18139955 6.3569496e-05 0.00011989005 0.00068749045 0.0003644056 0.00014188676 3.396402e-05 2.45482e-05 0.0032683914 1.3006248e-06 9.061518e-06 0.001034032 4.408402e-05 5.8286764e-07 1.7241758e-06 0.0007453754 3.938368e-06 1.3584385e-05 3.0194296e-06 2.58587e-07 0.0004598361 0.00029079034 3.495407e-05 5.5914647e-05 1.7355305e-06 0.00018722624 4.0671443e-05 2.934473e-05 2.8866953e-05 5.6991536e-05 2.4854107e-05 8.552917e-06 0.00019863583 1.3410789e-07 3.1503516e-06 1.4213513e-08 2.442058e-06 1.9495417e-05 2.2561204e-05 3.044017e-06 3.230187e-05 4.025394e-06 3.2996768e-06 8.3049645e-06 2.315277e-07 2.4352487e-06 1.4100759e-05 2.1872613e-07 9.307627e-07 1.9898334e-06 7.5344595e-08 4.192467e-06 1.0062967e-06 1.5288707e-07
0.0018509707 0.004069226 0.15491638 0.011318437 0.0023908836 0.0014349583 0.9963135 9.176007e-05 0.18989076 7.3905176e-05 0.00074954936 1.712345e-13 0.76591563 0.2936061 0.00020311223 3.4700122e-05 0.6087888 0.0007448755 2.8614924e-05 5.19676e-05 0.9598832 2.175968e-05 1.09635575e-05 3.6046424e-06 6.4321994e-06 0.0014975556 6.5211196e-07 1.4414163e-06 2.9468405e-05 0.0010591012 3.991798e-06 3.2253677e-06 2.7174275e-07 3.6320687e-06 4.5989262e-07 7.423282e-08 6.2384406e-06 1.5869708e-06 1.9515727e-07 0.0001172155 3.7308314e-06 1.2985732e-05 2.8769014e-06 1.105423e-06 8.38361e-06 5.8411246e-05 5.404076e-06 0.00020486032 1.4639267e-08 1.3962194e-05 3.8698136e-08 4.874851e-07 3.6011323e-07 3.289844e-05 9.154824e-06 2.0146077e-05 1.983565e-07 2.6221917e-07 1.9317715e-06 3.861243e-06 4.989881e-08 1.0562107e-07 6.811084e-06 4.778443e-07 1.404113e-06 1.9307706e-07 2.43928e-07 3.5231765e-06 7.472134e-06 3.0672948e-06 6.726527e-08 8.7115455e-07 4.263983e-06 2.2319824e-05 3.7204404e-07 3.053877e-06 6.1235886e-07 1.29341925e-05 5.2475657e-06 1.8543133e-06 6.913073e-06 3.7132434e-06 6.2764866e-07 0.00013309669 1.3539018e-06 1.4197129e-05 1.7549892e-06 1.7531733e-05 1.2909459e-05 2.1063083e-06 0.0009499482 1.0909852e-05 0.00016645467 7.348479e-06 2.5466687e-07 3.445268e-07 1.3837048e-07 0.00014464675 1.0255825e-06 1.3790563e-08 1.3119501e-06
0.015169746 0.01634492 0.48230115 0.083791144 0.018311376 0.0035813404 0.80167204 0.0011828588 0.91908365 1.1933981e-05 0.0009331283 0.76591563 3.7147826e-16 0.97429955 0.0008218318 0.0003886322 0.719006 0.5016561 1.0506106e-06 0.04096279 0.52693236 0.023090847 1.0064383e-05 0.010375293 1.4616236e-06 0.9258635 8.539934e-06 0.000597446 0.0064949254 0.7464057 0.29809058 0.0007769243 0.00029824916 0.00037832247 0.00031050856 3.784966e-05 0.02373117 0.00485389 1.9688649e-05 0.0006330624 0.0004101743 0.00043444004 8.645751e-06 4.5624587e-05 8.4271975e-05 0.000500325 9.559051e-05 0.000884643 4.9496243e-06 3.7728245e-07 2.381461e-05 6.0575945e-07 0.00022352938 2.9517233e-07 2.0504162e-05 0.00019592907 7.3301408e-06 6.630568e-07 1.864395e-05 0.0048996354 3.3408926e-07 4.8909124e-07 1.8223833e-06 0.00050608587 6.9651765e-07 7.151108e-07 1.10351394e-07 3.8644608e-05 1.038179e-07 6.4265674e-07 3.611772e-06 6.7702354e-07 9.497512e-06 6.973405e-05 1.2624333e-05 1.7938459e-06 7.8711155e-06 0.00030310743 0.00016848362 5.1698044e-07 9.753618e-06 6.4302553e-06 1.3047774e-07 0.0027205285 0.00020125906 7.833231e-06 6.977437e-05 1.1434344e-05 1.24459875e-05 7.649258e-06 0.0006995096 1.8164206e-05 1.1918786e-05 8.40948e-05 3.037488e-05 2.97343e-07 1.5639367e-08 0.0021943906 5.6686787e-07 9.516582e-09 2.6334192e-05
0.1498722 0.002014221 0.12003219 0.106228866 0.019295312 0.0018388464 0.40140516 8.4756866e-05 0.8620421 2.378328e-06 0.0006614543 0.2936061 0.97429955 4.21837e-16 0.00080712565 0.00012592632 0.35790637 0.9630821 1.101896e-06 0.23922494 0.3345773 0.14861885 3.477358e-06 0.081844814 1.9657962e-06 0.9115858 1.2310265e-06 0.011705971 0.06431464 0.899367 0.665702 0.00497593 0.0046635084 0.002029642 0.0050878157 0.0013376508 0.20897813 0.034973834 1.031975e-05 0.00029427587 0.0009335165 9.59319e-05 1.2081365e-06 0.00015967689 7.674522e-05 0.0028560015 7.841308e-05 0.0012868313 5.881051e-05 1.4236276e-06 1.9474512e-05 7.2130565e-06 0.0004390537 1.4150284e-06 3.1163584e-06 7.737141e-05 1.942241e-05 1.3648213e-06 7.896483e-06 0.022672772 7.63264e-07 2.8359113e-07 1.1622393e-06 0.00024232181 3.86288e-07 4.9133195e-07 1.0834442e-07 1.1740461e-05 4.6449395e-07 2.440845e-06 5.7088903e-07 1.9556381e-07 6.4973165e-06 8.290701e-05 8.638053e-06 3.17404e-06 1.521034e-06 0.0009281121 0.0006699221 9.423443e-07 1.4449796e-06 4.5988174e-05 1.5526848e-07 0.002586359 0.00032626875 1.631207e-05 0.00012825812 1.787956e-05 0.00013586179 1.173172e-05 0.0040260735 3.9035724e-05 1.6909684e-05 4.1684885e-05 5.4761826e-05 1.4362301e-07 7.854034e-08 0.0073141507 5.0710323e-08 5.6705197e-08 3.9871054e-05
0.98712885 0.2182104 0.04524648 0.182415 0.57260233 0.7171914 0.108662516 0.45642245 0.044024605 0.08602178 0.97827846 0.00020311223 0.0008218318 0.00080712565 9.4177494e-14 0.30434468 2.8733932e-05 0.002418559 0.003643813 0.010140442 1.504189e-05 0.00080323557 0.013495596 0.0005603067 0.00084164675 3.331742e-05 0.004304818 0.00022173574 0.036178045 9.97094e-06 2.2513423e-05 0.0011775128 0.00012769522 0.00045278494 8.2903774e-05 1.0549102e-05 2.4494402e-06 3.6025616e-05 0.016002554 0.8695886 0.03599623 0.17581224 0.003168305 0.00012413692 0.17788135 0.27697372 0.0057020816 0.6832187 2.6534506e-05 0.00010425968 0.0016557431 0.00011837166 0.00010823203 9.647103e-06 7.8721176e-05 0.013265876 3.3902775e-06 5.1127113e-06 0.0012763198 4.0893796e-05 1.9497944e-07 8.5019394e-07 0.0006710788 2.9970082e-05 9.729802e-07 6.6243234e-07 1.9285383e-07 0.0006977593 0.00025761686 1.5708556e-05 3.204747e-05 1.5823751e-06 0.00017505944 1.7639755e-05 1.6870154e-05 7.069376e-06 6.9810376e-05 1.5045686e-06 1.7805143e-06 0.0003095866 1.5711372e-07 3.0681653e-07 1.625567e-08 6.1867645e-06 4.2679887e-05 1.3186466e-05 6.3876605e-06 2.6118643e-05 1.5364707e-06 7.804088e-07 3.960583e-06 1.1653312e-06 3.1007853e-06 8.097554e-06 3.6179358e-08 4.6286114e-06 1.3699391e-05 1.460387e-07 1.3642174e-06 2.7113915e-06 8.271845e-08
0.94629884 0.27467203 0.0026814982 0.0033228402 0.024181273 0.42210698 0.070492946 0.6667493 0.0010462673 0.888104 0.48337752 3.4700122e-05 0.0003886322 0.00012592632 0.30434468 1.6561737e-13 2.7769563e-06 0.000103345184 0.31207988 0.00018995222 2.0679652e-06 1.5488411e-05 0.93450487 3.1755553e-05 0.22244109 1.19790675e-05 0.844585 3.492505e-05 0.0019092923 2.7829687e-06 1.0603341e-06 0.0001653956 1.4476824e-05 7.530032e-05 2.6338486e-05 4.028877e-06 8.7429066e-07 2.4224773e-05 0.6729976 0.82434225 0.0051197037 0.8895127 0.07075372 4.3972876e-05 0.37508768 0.052595638 0.00083424454 0.2121596 1.1364605e-05 0.00058150245 0.00036224312 0.00015107238 2.3427296e-05 3.279957e-05 0.0010253107 0.0072222496 5.4912207e-06 6.9174615e-07 0.000805651 0.00015978489 6.13151e-06 5.2201153e-07 0.0008398676 2.1375636e-05 1.0900352e-06 2.4358617e-06 7.480095e-07 0.0005286996 0.0007283185 0.00013724597 1.3025285e-05 2.3997216e-06 0.00013756636 0.00027673386 2.0638467e-05 1.7701685e-05 0.00015542842 0.0004183756 4.1465664e-05 0.00036904725 1.3694394e-06 4.5019737e-05 5.7825478e-08 1.5019587e-05 9.907711e-05 0.00010004424 3.842961e-05 0.00035108134 4.8387856e-06 3.3272822e-06 4.8009628e-05 7.8423386e-07 7.451743e-05 1.71821e-05 1.7463074e-06 1.4333253e-05 2.0406628e-06 0.00013512255 0.0001283139 8.345261e-07 6.605134e-07
0.00080286484 0.0002741436 0.02902868 0.00092019374 0.0003256837 0.00022023015 0.0023199131 2.7183707e-05 0.046435203 3.064311e-05 0.00013061451 0.6087888 0.719006 0.35790637 2.8733932e-05 2.7769563e-06 5.5912413e-18 0.0018638306 1.8176622e-06 8.048531e-05 0.9998418 6.2065774e-05 1.2704523e-06 1.932821e-05 4.4752153e-07 0.0023623228 5.5606904e-07 3.8259077e-06 1.620315e-05 0.33889535 2.811557e-05 1.0661285e-05 1.751e-06 8.980861e-06 7.013786e-06 6.97115e-07 2.1759557e-05 2.182572e-06 1.5237536e-06 4.70319e-05 1.0769903e-05 1.1062335e-05 2.7133254e-05 7.890705e-07 9.023572e-08 5.591737e-05 2.1866347e-06 6.919659e-05 2.1548495e-08 1.585766e-05 1.6610063e-07 2.859502e-06 4.7125445e-06 2.076564e-06 5.27556e-06 6.904172e-06 2.9270802e-07 7.185857e-07 1.4852485e-06 3.200401e-05 5.4427414e-07 8.383918e-07 1.6413593e-05 2.771004e-06 1.4851109e-06 1.5754562e-06 3.7636175e-07 9.4639086e-07 1.0217605e-06 1.5265796e-06 3.2790308e-07 2.4990068e-06 1.3063968e-06 0.00012676942 3.6550123e-06 2.4220606e-06 4.3072302e-07 3.3938975e-06 1.0582662e-06 1.0910212e-06 4.311444e-06 1.5649201e-06 1.3406212e-05 0.00011702349 5.0650156e-06 2.8821657e-06 3.3061863e-07 3.1288182e-06 3.1422321e-06 2.1996807e-07 8.838119e-06 4.2700462e-06 9.699918e-06 9.4538944e-07 1.0842386e-06 7.7435445e-08 1.13367555e-08 5.3124354e-06 2.009325e-07 2.8788172e-10 2.3289182e-07
0.9031138 0.00020378218 0.030586155 0.1437502 0.026872462 0.0023850512 0.0037684431 2.6383233e-05 0.8312697 6.5876993e-06 0.0021768173 0.0007448755 0.5016561 0.9630821 0.002418559 0.000103345184 0.0018638306 5.556142e-13 2.9720538e-06 0.87431693 0.0011259257 0.8716791 1.6120597e-05 0.7944197 2.837363e-06 0.5686489 1.0735504e-06 0.32532245 0.45052186 0.59926057 0.91590285 0.15238656 0.15832344 0.051953617 0.08523296 0.052645802 0.25265622 0.12862986 1.2790443e-05 0.0019933705 0.0171975 0.000379753 8.186147e-08 0.00059724913 0.0004954113 0.107779704 0.0006531996 0.013734241 0.00012444523 2.7552892e-07 0.00095535844 0.00016524832 0.00065829547 1.4539626e-07 5.226451e-07 0.0002961961 7.588403e-05 3.3554609e-06 2.5203897e-06 0.006265871 9.286473e-07 1.4782224e-06 5.782981e-07 0.00017065377 6.0925004e-07 5.826631e-07 3.2625488e-07 4.720821e-06 3.33679e-08 1.2255333e-07 2.182799e-06 3.1223811e-07 2.9286844e-06 3.3282504e-06 8.121044e-07 3.4372424e-06 2.3008342e-06 8.104821e-05 1.2979108e-05 8.756296e-06 1.3914153e-07 4.4409137e-07 1.075205e-08 9.6669726e-05 1.4548559e-05 0.000143036 9.592101e-07 4.286272e-06 5.8598575e-06 1.1886553e-06 2.1292912e-05 1.4279883e-06 1.1132072e-06 5.0545276e-07 1.3185912e-05 1.004711e-07 6.012681e-08 0.0014928671 4.5672337e-07 8.729725e-09 3.3654842e-07
0.12537357 0.011150253 0.00023212386 0.0003823546 0.0011607074 0.0072353245 0.0022701526 0.33729312 3.5627374e-05 0.34460607 0.0070792297 2.8614924e-05 1.0506106e-06 1.101896e-06 0.003643813 0.31207988 1.8176622e-06 2.9720538e-06 8.252491e-16 1.5623158e-05 2.078708e-06 7.3934248e-06 0.9355728 3.0979895e-06 0.9945562 2.9391616e-05 0.44115406 5.0800068e-06 5.355851e-05 2.0403127e-06 2.1808066e-07 1.7528824e-05 1.9729407e-06 1.8279055e-05 5.064897e-07 5.7574476e-07 1.8013235e-08 9.350819e-06 0.09590791 0.021583157 7.1732116e-05 0.07964024 0.05515466 4.0939332e-05 0.027791835 0.00038774704 1.3831255e-05 0.011631019 1.5897285e-07 0.00058334484 5.4007946e-06 4.748203e-07 8.6242045e-07 8.431595e-05 0.00028473386 0.00028514198 1.0368848e-07 8.081928e-07 0.00015708519 4.6501958e-07 2.5080712e-07 2.6613856e-07 4.5230132e-05 9.013316e-07 6.960466e-06 9.0463413e-07 1.5741088e-08 0.0001207556 0.00015381524 8.487124e-05 2.0350096e-06 2.0592251e-08 2.6602742e-05 8.951152e-05 1.1600714e-07 1.6477858e-06 7.0668552e-06 1.0080755e-06 4.02369e-06 6.536028e-06 2.3539528e-08 5.5389246e-06 4.6471675e-09 6.8423753e-07 6.706428e-08 2.0363926e-07 5.657623e-07 6.827273e-05 3.555955e-05 2.9576026e-06 5.7784226e-05 4.7657456e-09 1.14917036e-07 2.844369e-06 1.573369e-10 6.032059e-08 8.8558956e-08 1.7588637e-07 3.5475716e-07 4.046972e-10 1.7549839e-08
0.9209847 0.00021956663 0.017469848 0.23874578 0.13337359 0.01311308 0.00034429412 0.00023389135 0.6661212 0.00042427765 0.037606016 5.19676e-05 0.04096279 0.23922494 0.010140442 0.00018995222 8.048531e-05 0.87431693 1.5623158e-05 2.460056e-16 3.724861e-05 0.9415365 0.000238186 0.8662534 2.4547662e-05 0.014650073 6.2607073e-06 0.6287377 0.94410723 0.011297848 0.078344904 0.6950472 0.17272066 0.29913574 0.14052132 0.09943656 0.11701156 0.12700988 9.102324e-05 0.06827996 0.109702684 0.0028705408 9.834851e-08 0.0011678474 0.0019376642 0.1464042 0.0047332477 0.05648296 2.159506e-05 1.0451123e-06 0.000964841 0.0001922894 0.0005557446 1.6258184e-06 4.120183e-07 0.00031349322 4.780121e-05 1.09464025e-07 1.255799e-05 0.0018514923 4.084028e-07 1.8109772e-07 1.777267e-06 4.2271728e-05 2.7813687e-06 3.914431e-07 7.5325244e-07 3.0253273e-06 3.5508023e-08 2.1428898e-08 2.4626224e-06 7.096587e-07 3.0012973e-06 1.4031345e-06 7.243363e-07 1.7877796e-06 3.73375e-06 2.3314851e-05 1.316309e-06 1.2766125e-06 5.291447e-08 1.3298282e-07 7.540807e-10 2.9872706e-06 4.112246e-07 1.22612955e-05 2.1473792e-07 2.8540697e-08 1.4699746e-06 2.7422948e-07 5.1351185e-07 1.2125249e-08 3.6609947e-08 4.5082484e-08 7.136773e-09 3.2676743e-07 3.6523448e-07 9.576628e-10 8.452885e-08 5.546425e-08 5.9233107e-09
6.728174e-05 0.00012859848 0.025137946 0.0005111571 0.00019246938 9.297816e-05 0.02344931 1.8017869e-05 0.039246038 9.764776e-06 6.879942e-05 0.9598832 0.52693236 0.3345773 1.504189e-05 2.0679652e-06 0.9998418 0.0011259257 2.078708e-06 3.724861e-05 4.1676123e-19 1.994265e-05 1.7201519e-06 9.762635e-06 3.2486054e-07 0.003715353 4.0309158e-07 2.2188526e-06 4.9197406e-06 0.4988869 1.40989305e-05 6.184995e-06 9.874291e-07 9.09458e-06 1.3593005e-06 2.1682148e-07 1.9601588e-05 1.9626532e-06 7.2718933e-07 2.1997079e-05 2.722432e-06 4.301752e-06 9.90747e-06 2.571464e-07 8.649132e-08 1.4911802e-05 4.7963226e-07 3.7244983e-05 4.8451274e-09 5.156267e-06 7.960359e-08 7.6411607e-07 2.969436e-06 1.1042482e-06 4.6865514e-07 2.079396e-06 4.841788e-07 9.578918e-07 1.0334094e-06 1.2114484e-05 2.1988355e-07 1.1503431e-06 3.8911858e-06 2.7243152e-06 1.734432e-06 1.9409588e-06 1.2238759e-07 8.459817e-07 6.564673e-07 2.590629e-07 5.4366245e-07 9.766504e-07 1.3880472e-06 1.6502681e-05 2.1832486e-06 1.7629673e-06 3.3288106e-07 1.6242547e-06 8.7089705e-07 2.5575602e-07 8.4077305e-07 6.730503e-07 1.3460267e-06 2.7303719e-05 1.3659305e-06 9.323095e-07 6.544233e-07 3.137419e-07 6.225891e-07 5.3629986e-08 1.5156381e-07 4.133659e-07 1.1010536e-06 2.0872984e-07 3.6319648e-08 8.267649e-08 3.4808267e-09 3.7641738e-07 2.0100812e-08 1.3705145e-10 4.57687e-07
0.6668902 0.00012675903 0.0022247687 0.042518687 0.023172984 0.001693138 0.00014703575 5.113641e-05 0.4637344 0.00018930336 0.0020017114 2.175968e-05 0.023090847 0.14861885 0.00080323557 1.5488411e-05 6.2065774e-05 0.8716791 7.3934248e-06 0.9415365 1.994265e-05 6.0324426e-14 4.6484536e-05 0.98851824 7.37883e-06 0.011519828 6.170196e-06 0.46175233 0.6006236 0.01020738 0.3022066 0.46472216 0.13457744 0.13489833 0.39133656 0.116350725 0.1606308 0.16889095 1.2447045e-05 0.0033237971 0.030421747 0.0002572 1.4533207e-07 0.0005307921 0.0006020373 0.07235935 0.0006804637 0.014234358 3.1626714e-05 3.2054984e-07 0.000276756 4.3464424e-05 0.001172964 4.5328935e-07 5.81264e-07 6.828348e-05 0.00021591657 2.3466896e-07 8.640546e-07 0.0042993426 3.0657916e-06 6.7040264e-07 2.0041773e-07 0.00014691296 2.2298814e-06 4.2188924e-07 1.1097178e-06 1.4137241e-06 6.579411e-08 6.568753e-08 1.1388141e-06 2.8189027e-07 1.5626474e-06 1.1643581e-06 4.3848542e-07 1.1516845e-06 8.3227053e-07 0.00011580758 1.7887218e-05 1.3740554e-07 7.972971e-08 4.1465182e-07 1.562469e-09 7.321638e-06 1.8534813e-07 1.2585753e-06 6.3240823e-06 4.4509375e-07 1.0451249e-05 1.9879806e-06 1.9318113e-05 6.0417964e-09 9.7040065e-08 1.906182e-06 4.436594e-08 3.0001024e-07 8.653109e-08 1.481248e-08 1.089711e-06 4.792609e-09 9.15374e-08
0.48172697 0.031255186 0.0004563869 0.0008476095 0.002232763 0.023447772 0.007941786 0.16122735 0.00014070905 0.35286164 0.03072842 1.09635575e-05 1.0064383e-05 3.477358e-06 0.013495596 0.93450487 1.2704523e-06 1.6120597e-05 0.9355728 0.000238186 1.7201519e-06 4.6484536e-05 3.4413841e-12 2.3415658e-05 0.90917075 6.6306598e-06 0.95137876 4.901633e-05 0.0011550802 5.119816e-06 5.01411e-06 0.00011112259 9.048409e-06 4.468567e-05 4.5170796e-06 7.8654386e-07 6.475508e-07 3.4061898e-06 0.46968716 0.122081116 0.0013308686 0.25716114 0.08716026 2.4614685e-05 0.07669319 0.0065109874 0.0003258148 0.023932856 1.3830497e-06 0.0027243297 5.7846253e-05 2.5932493e-05 9.755952e-06 0.0001296919 0.0010431468 0.0017632717 4.097069e-07 1.2395662e-06 0.0013927936 1.795596e-05 4.373878e-07 3.5619215e-07 0.0015056645 1.7088746e-06 5.605167e-06 2.8457798e-06 5.554871e-07 0.0006148779 0.0008100826 0.00032196028 1.5486505e-05 3.3761663e-07 0.0002621753 0.0005866118 8.766874e-06 7.1743366e-06 0.00010003327 4.016461e-05 2.2438293e-05 0.00021500117 1.8250765e-07 9.233677e-06 1.2885467e-08 8.51567e-07 3.878341e-06 4.3110044e-06 1.6824411e-05 7.376701e-05 2.8773531e-05 1.749302e-05 0.00030786192 7.4144697e-07 2.6446123e-06 3.8587546e-06 7.085737e-08 3.947255e-07 1.5492975e-07 1.7424978e-06 1.5185956e-05 4.739939e-08 4.990921e-07
0.80222917 5.0251223e-05 0.0010128355 0.0100171855 0.0034562552 0.00049891917 8.922762e-05 2.9125367e-05 0.19828846 2.4638875e-05 0.0011049705 3.6046424e-06 0.010375293 0.081844814 0.0005603067 3.1755553e-05 1.932821e-05 0.7944197 3.0979895e-06 0.8662534 9.762635e-06 0.98851824 2.3415658e-05 1.5857594e-15 1.3503429e-06 0.009732911 1.6792874e-06 0.78078806 0.6776388 0.0093483105 0.17132677 0.688895 0.44569656 0.39812088 0.59993136 0.26254025 0.15409628 0.30133492 1.5078731e-05 0.005218393 0.06487446 0.0004835335 1.3598758e-07 0.004641216 0.0010621644 0.13030876 0.002114027 0.023629466 0.0013175285 1.17396326e-07 0.00178244 0.0002559914 0.009872685 1.4430151e-07 1.4934993e-06 0.00023018089 0.00057564623 5.398163e-06 1.8756991e-06 0.02000681 5.7641668e-05 6.917729e-06 1.3988664e-07 0.000697295 3.7361136e-05 4.8284414e-06 1.9934434e-05 1.1724679e-06 2.5663473e-08 4.722703e-08 1.7396152e-06 4.3414116e-06 5.0898125e-06 1.8804203e-06 3.0237177e-06 7.5442676e-06 3.477567e-06 0.0003467164 7.584402e-05 2.8487952e-07 8.2925743e-07 1.1585695e-06 8.286037e-09 1.016882e-05 3.1623577e-07 4.3426376e-06 2.3831049e-06 5.6867856e-07 3.293341e-05 3.0727465e-06 1.0794272e-05 2.30431e-08 1.5759812e-07 1.7661393e-06 3.0140782e-08 1.1772302e-07 2.7040708e-06 1.8340334e-08 2.1032413e-06 6.444073e-08 1.578926e-08
0.12439831 0.004656538 0.00017840393 0.00019459093 0.00019242348 0.0031077 0.0018641185 0.07872399 3.4315188e-05 0.023202013 0.0026748525 6.4321994e-06 1.4616236e-06 1.9657962e-06 0.00084164675 0.22244109 4.4752153e-07 2.837363e-06 0.9945562 2.4547662e-05 3.2486054e-07 7.37883e-06 0.90917075 1.3503429e-06 2.6490315e-14 5.9482445e-06 0.91197634 2.7527215e-06 9.90041e-05 1.9753176e-07 4.1708244e-08 9.310092e-06 9.602791e-07 3.732593e-06 7.530613e-07 3.3165e-07 1.670792e-08 4.392666e-06 0.19167985 0.011190686 7.909194e-05 0.060495615 0.58816195 1.9196536e-05 0.024468098 0.0003657933 6.497041e-05 0.006140874 4.026724e-07 0.017473979 2.8463555e-06 1.4664699e-06 2.2740862e-05 0.0006349161 0.002226265 0.00044608497 1.9434714e-07 3.198306e-06 0.0007856859 1.5122935e-06 2.7427145e-06 4.1014164e-07 0.0012035901 1.033035e-06 7.5645917e-06 1.4654605e-06 8.522254e-08 0.00032077634 0.0025397541 0.00065245974 6.743067e-06 6.5451026e-08 0.00010547346 0.0006051024 7.8104534e-07 3.0617623e-06 4.4457196e-05 7.665484e-06 6.9904945e-06 0.00015117817 7.323809e-08 3.3857377e-06 6.7888557e-09 3.0636027e-06 3.7579113e-07 5.808401e-07 1.7896509e-06 0.00023312285 9.235002e-05 2.7374488e-06 8.607361e-05 9.452398e-09 3.6948336e-07 1.3038526e-06 3.002257e-09 3.274317e-08 6.8374476e-08 3.7117897e-07 1.3259796e-05 6.8830186e-09 1.1009553e-07
0.0032142296 0.00044477 0.02130244 0.012879787 0.0025609946 0.00045581075 0.001142215 7.4598097e-06 0.45162192 6.101304e-05 0.00038727786 0.0014975556 0.9258635 0.9115858 3.331742e-05 1.19790675e-05 0.0023623228 0.5686489 2.9391616e-05 0.014650073 0.003715353 0.011519828 6.6306598e-06 0.009732911 5.9482445e-06 1.4497558e-15 2.1148817e-07 0.0022734695 0.0023703394 0.9979281 0.0061339727 0.00065319816 0.0011390962 0.0005313371 0.0010218021 0.0005884648 0.004014882 0.0014548163 2.843889e-06 0.00031189751 0.00027970446 5.6561024e-05 6.0832055e-05 2.6522159e-05 8.094543e-06 0.00033936583 3.6111956e-05 0.00032711713 1.9571337e-06 0.00014271132 1.63984e-05 8.147214e-06 8.540883e-05 4.2590636e-05 5.086687e-06 0.00015776273 2.8931618e-06 1.7779979e-06 1.7595146e-05 0.0014778498 7.7710763e-07 3.846824e-06 9.805585e-06 1.388187e-05 2.7401968e-06 5.980975e-06 1.0213375e-06 2.6524536e-05 1.5540596e-05 1.9303196e-05 3.5930382e-06 1.4501656e-05 1.534439e-05 0.00034172967 3.6846416e-06 1.1295462e-05 4.2848296e-06 1.5137849e-05 4.8246948e-06 6.534934e-07 3.143523e-05 1.3943319e-06 4.4609624e-05 0.005834313 1.1576457e-05 7.763743e-05 1.8154984e-06 5.083351e-06 1.2174779e-05 7.9291465e-07 0.00019746688 0.00013710794 5.0439914e-05 1.8960582e-06 0.00023316129 1.3479961e-06 4.2545003e-07 0.00084593985 8.0658265e-07 3.0434364e-08 4.9669684e-06
0.7456446 0.0020662386 8.868281e-05 0.00011504035 0.00016822609 0.0031538033 0.0017792684 0.08939314 1.5703119e-05 0.043901533 0.009268805 6.5211196e-07 8.539934e-06 1.2310265e-06 0.004304818 0.844585 5.5606904e-07 1.0735504e-06 0.44115406 6.2607073e-06 4.0309158e-07 6.170196e-06 0.95137876 1.6792874e-06 0.91197634 2.1148817e-07 1.7738783e-14 6.3531043e-06 0.0001791338 6.966133e-07 4.056002e-08 1.7413642e-05 1.5378693e-06 3.1404977e-06 1.0664046e-06 1.9289594e-07 1.0225515e-07 1.2897517e-06 0.94174725 0.21547985 0.00037729973 0.6047278 0.88729703 3.1826e-06 0.26960087 0.004227264 0.00018284832 0.029269487 5.0266866e-08 0.05409609 4.1610416e-05 8.823575e-06 2.0540847e-06 0.0012870216 0.007469902 0.0038842694 4.1985388e-07 3.5544966e-07 0.03789436 2.9709954e-05 8.77599e-08 1.0855169e-07 0.12854794 1.4705726e-07 6.015632e-07 4.4054175e-07 5.1979566e-08 0.0033791028 0.02123209 0.0008842086 3.602249e-05 1.8048634e-07 0.00053634675 0.0009393888 7.3096653e-06 5.8023356e-06 0.000234576 6.1699075e-06 9.546667e-06 0.0028123537 3.128287e-08 4.687654e-06 5.7695337e-09 4.3893138e-07 2.174232e-05 8.545311e-06 3.3968943e-05 0.0003063746 8.71145e-06 1.5495962e-05 1.4378776e-05 6.85676e-07 1.3271517e-06 1.1923646e-06 4.1680725e-08 6.499755e-07 6.2320277e-07 1.6277484e-06 4.5134562e-05 2.4771686e-07 3.2668563e-08
0.91310805 2.8781764e-05 0.00048006832 0.0022637865 0.0007816073 0.00029255106 9.796261e-05 2.4643268e-05 0.028884027 4.915686e-05 0.00061215373 1.4414163e-06 0.000597446 0.011705971 0.00022173574 3.492505e-05 3.8259077e-06 0.32532245 5.0800068e-06 0.6287377 2.2188526e-06 0.46175233 4.901633e-05 0.78078806 2.7527215e-06 0.0022734695 6.3531043e-06 1.6655529e-14 0.7386382 0.002751827 0.04100427 0.9393614 0.9620169 0.8546137 0.52659833 0.69351685 0.16716902 0.3874845 5.9056456e-05 0.008867395 0.31308156 0.0007303938 8.05556e-08 0.044108585 0.0018460636 0.22775337 0.009239517 0.03412874 0.020583915 1.9897321e-07 0.009272107 0.0010273148 0.05381805 3.8428144e-07 2.94386e-07 0.0012597888 0.0048823096 4.4670032e-05 2.5803474e-05 0.042180173 0.00071427523 3.409019e-05 3.9859556e-06 0.00622441 0.0003753395 4.3423533e-05 0.0002005574 1.5948748e-05 1.5524479e-07 5.6515916e-08 2.1615151e-05 8.553183e-05 3.7914255e-05 2.3018022e-06 6.264371e-05 6.364976e-05 1.7169928e-05 0.00047086945 0.00014686729 3.0698702e-06 4.7588885e-05 4.6764685e-06 5.0259894e-07 0.0001842494 2.019382e-05 2.6211417e-05 3.0644178e-06 3.686622e-07 0.00013105334 5.6708714e-06 6.9378904e-05 2.3789064e-06 6.228011e-07 2.1372466e-06 5.6312974e-06 2.0366723e-07 2.3225019e-07 1.4462755e-06 1.5713695e-07 4.081098e-08 2.0285542e-07
0.9838361 0.00077431166 0.013931125 0.10621005 0.14778486 0.040360115 0.00022545512 0.0017112329 0.29874015 0.0019535432 0.06664631 2.9468405e-05 0.0064949254 0.06431464 0.036178045 0.0019092923 1.620315e-05 0.45052186 5.355851e-05 0.94410723 4.9197406e-06 0.6006236 0.0011550802 0.6776388 9.90041e-05 0.0023703394 0.0001791338 0.7386382 6.5400295e-14 0.0009133798 0.0067448677 0.86369014 0.5197595 0.760801 0.042122394 0.1433178 0.038163133 0.03185896 0.0014510737 0.3685981 0.8343559 0.016799217 1.0228412e-05 0.054294556 0.012823077 0.68880016 0.051721014 0.26447532 0.010257406 5.049979e-05 0.012257374 0.0020898662 0.013624884 3.639223e-05 6.3820644e-06 0.0024739287 0.0012344494 8.991046e-05 0.00017208904 0.0026239832 0.00014464275 1.9522655e-05 9.182817e-05 0.0010543395 0.0001496151 2.0275447e-05 0.00012462148 0.00012995698 2.2894732e-05 1.6838378e-05 0.000105753985 4.113713e-05 0.000106165564 1.274511e-05 7.722331e-05 0.00010979185 8.553135e-05 0.00046078782 4.8502832e-05 1.928947e-05 5.1215834e-06 1.8942372e-05 9.576278e-07 0.00022879116 2.8320683e-05 6.532747e-05 3.781176e-06 3.823092e-06 1.705276e-05 2.5998004e-06 1.2907046e-05 1.4181811e-05 6.2678464e-06 2.5563766e-06 1.39796075e-05 2.647503e-05 1.605242e-05 5.5587606e-07 3.115011e-07 8.547878e-06 5.0764525e-06
0.0009628666 1.2436769e-05 0.0019052934 0.0021884032 0.0002130641 1.9627496e-05 0.0002390081 1.7505518e-07 0.12694398 7.7922704e-07 2.3180144e-05 0.0010591012 0.7464057 0.899367 9.97094e-06 2.7829687e-06 0.33889535 0.59926057 2.0403127e-06 0.011297848 0.4988869 0.01020738 5.119816e-06 0.0093483105 1.9753176e-07 0.9979281 6.966133e-07 0.002751827 0.0009133798 1.7138364e-15 0.850761 0.00082231633 0.002019886 0.00037151296 0.000899936 0.00078035856 0.39694008 0.0012710602 5.113199e-06 6.2762476e-05 0.00015238248 4.997804e-05 2.1127067e-05 1.092469e-05 2.8215464e-07 0.00015153542 1.1855947e-05 8.656621e-05 8.683845e-06 8.072377e-05 9.888709e-07 7.8759585e-06 0.00026505563 6.8089607e-06 4.231652e-06 1.6600294e-05 6.3717226e-07 9.344623e-06 5.5478984e-07 0.02303658 2.269122e-06 1.110146e-05 5.0663515e-05 1.2088216e-05 1.3848921e-06 2.5509066e-06 2.8090616e-07 1.0996783e-05 2.8808208e-07 1.0822118e-06 9.833337e-07 3.803313e-06 4.9622954e-06 0.007680893 5.934566e-06 1.4723508e-05 1.0834624e-06 5.2140553e-05 1.5193141e-05 1.1387718e-06 2.6814469e-06 1.2372921e-05 8.375771e-06 0.0008546444 1.6127048e-06 6.4077026e-06 8.503549e-06 9.091432e-06 6.9186e-06 3.9815905e-06 2.3635257e-05 1.881032e-06 1.1454846e-06 2.0698486e-05 1.963345e-05 3.541534e-07 8.528222e-08 0.00012019653 1.9019566e-06 3.2400098e-09 2.7643828e-05
