5.284298e-26 0.7773716 0.54743934 0.8176314 0.30888072 0.81293017 0.29408452 0.91059035 0.11047685 0.73775774 0.88202655 0.9594282 0.96949565 0.36155224 0.12773328 0.8764989 0.8608916 0.95773065 0.08135627 0.8644791 0.0336404 0.98281175 0.016756233 0.5044888 0.29586992 0.5980395 0.94040436 0.009350218 0.0057556313 0.002996147 0.10824207 0.1427363 0.7564101 0.00052699883 0.0043235277 0.0034604885 0.3966665 0.2055553 0.789488 0.90965676 0.28423706 0.07753778 0.4268379 5.689075e-05 0.0025193554 0.8663951 0.09865378 0.8862878 1.3282585e-06 0.19112863 0.008343174 0.9103888 7.1377094e-06 0.97559386 0.79596645 0.8802362 0.97406876 0.8591572 0.45475855 4.9123423e-06 0.35138497 0.027710749 0.98377365 0.9518773 0.012097271 0.99548936 0.22609226 0.9753949 0.05677298 0.9242696 0.55423117 0.39996794 0.00617034 1.7580605e-05 0.0005648992 0.99982524 0.73873836 0.0011776779 0.003729978 0.9743132 0.9979447 0.009372001 0.016968647 0.9436463 0.96614844 0.8372482 0.84950024 0.08606307 0.9625114 0.0051200455 0.99215716 0.99965286 0.9906356 0.027615044 0.9977092 0.0138776405 1.21136e-06 0.9999564 0.0005722101 0.006606505 1.0307263e-08
0.7773716 4.7394906e-18 0.94989777 0.48794556 0.4148729 0.9056995 0.7845189 0.9066277 0.17657162 0.71739995 0.18831687 0.011438533 0.5419229 0.56362605 0.071694404 0.6492844 0.060795203 0.3642279 0.12999533 0.41238442 0.02343527 3.3288172e-05 0.023827858 0.00047881808 0.004904741 0.05859089 0.33070007 0.021077594 0.07968599 0.04383907 0.0005605288 0.0012294773 0.020374484 0.0074488088 0.0010928307 0.008744834 0.0032895538 0.00039658672 0.0015961508 0.004970981 6.511236e-06 1.6795828e-05 0.00061952765 0.0046765585 3.9392304e-05 0.15886065 0.00014189555 0.00069739675 0.0011780665 0.0006940749 0.0016130594 0.2268828 0.0011157757 0.071567275 0.0036366803 0.0003378589 0.1719258 2.6434195e-06 5.3327517e-07 0.0003950366 1.7036977e-05 2.0534725e-07 0.01338276 0.0073351623 6.0783016e-08 0.007912122 3.1105715e-06 0.0012975005 1.142661e-06 1.1061249e-05 1.8305238e-05 2.0313141e-06 1.4392103e-06 2.0362511e-05 8.60003e-06 0.007283238 5.3171116e-05 7.448559e-07 6.219657e-08 0.0001776613 0.0017430448 3.251784e-06 8.240351e-06 0.0010252702 7.728468e-07 6.4498895e-06 0.0005290741 1.5005428e-07 0.00039867577 3.498844e-06 1.2588626e-07 0.0006046147 0.00013331011 1.6316378e-07 0.0001244075 1.9736585e-07 1.836869e-06 0.001629485 3.481971e-06 8.437536e-06 1.7817092e-05
0.54743934 0.94989777 6.4136185e-18 0.47654092 0.48823598 0.5613729 0.9698818 0.5328792 0.45837864 0.22033368 0.04780951 0.017504111 0.5171925 0.6478946 0.32780588 0.24334227 0.004818986 0.2099848 0.018449245 0.13276577 0.0019586873 7.01387e-05 0.025176609 0.00042345084 0.00028332506 0.0058876504 0.05356394 0.08741879 0.2047007 0.13578503 0.00029050844 0.0015355406 0.0057064197 0.034126543 0.00016570439 0.0013884722 0.0004265368 4.1263138e-05 0.0002903356 0.0013807067 8.694801e-06 1.7532853e-05 6.659175e-05 0.010696896 4.922378e-06 0.018479869 1.1004012e-05 0.00032149206 0.0016655939 0.003452977 0.009146721 0.039047323 0.0024280807 0.018222924 0.00027712606 9.724254e-05 0.032101728 5.088723e-07 6.9166106e-07 0.000877129 3.359457e-06 5.662725e-07 0.0025084207 0.00067106314 2.904218e-07 0.0008909566 2.2067375e-06 0.00019978713 3.2295338e-07 4.1268277e-06 8.2410115e-06 2.0085665e-07 9.614456e-07 3.4970377e-05 3.6206457e-06 0.0014898832 7.978707e-06 4.510599e-07 6.618542e-08 4.4214583e-05 0.00014917273 6.375278e-07 5.0272075e-07 7.994134e-05 3.290664e-08 8.1362543e-07 3.8463306e-05 8.150154e-09 8.907556e-06 8.844856e-08 4.5681965e-09 2.6312275e-05 1.269806e-05 2.7685655e-08 6.443004e-06 3.1512635e-09 2.4035373e-06 0.0012940201 2.162151e-06 1.3672508e-06 2.9824103e-05
0.8176314 0.48794556 0.47654092 4.1378643e-18 0.9563654 0.07944589 0.63748145 0.69293773 0.7749975 0.011472909 0.49509782 0.121504754 0.7126282 0.36215875 0.66827756 0.09512571 0.00079745875 0.35627273 0.0014162153 0.04805787 0.00013450425 0.00013402615 0.002324751 0.00240122 1.6745273e-05 0.0070959325 0.0024146815 0.21183813 0.10413051 0.0986844 0.0016679863 0.021642944 0.012539688 0.061256606 0.00017704598 0.00014546556 0.00028723755 1.7949436e-05 4.9749447e-05 0.0022530006 6.1876e-05 0.00018533357 1.9412337e-05 0.0007507681 6.4870324e-06 0.008644359 6.11695e-06 0.0008598066 0.0008730705 0.0821557 0.07106322 0.009939937 0.0036486948 0.018797832 0.00050159416 0.00041436392 0.007900589 4.4628537e-06 2.3349373e-06 0.0025278316 6.217178e-06 3.217414e-06 0.009816847 0.0008158435 1.4794699e-05 0.00016917466 4.212972e-06 0.00030699288 3.0045935e-06 1.7142718e-05 8.898769e-06 1.3289857e-06 3.4022908e-06 0.00016108633 6.9844295e-06 0.001084336 6.6113384e-06 3.7957034e-06 1.9251104e-06 0.00022363193 9.1684575e-05 1.3338106e-06 6.534439e-06 4.2298667e-05 1.2532287e-06 2.3568844e-06 1.7567616e-05 2.7760267e-08 4.166688e-05 1.6742501e-06 2.2545177e-07 5.0356095e-05 7.493318e-05 2.008607e-07 3.275303e-05 1.9720188e-08 3.6770487e-06 0.0017777547 3.7517308e-05 5.2634812e-05 4.7626745e-05
0.30888072 0.4148729 0.48823598 0.9563654 2.905295e-17 0.023092236 0.6917066 0.5910642 0.9245202 0.0056993766 0.68030035 0.32262173 0.69262 0.06823426 0.58929664 0.057067722 0.00044449314 0.3210383 0.0006465138 0.04731321 0.00014547858 0.0021095583 0.0011402157 0.025126962 1.1176959e-05 0.0016509821 0.0015983703 0.21594752 0.023378253 0.054396234 0.019635228 0.079181686 0.031047784 0.03137823 0.000104700186 0.0001019515 0.00010871306 5.2535042e-06 2.2815111e-05 0.009707577 0.00088666205 0.0010727077 7.304725e-06 0.0015075173 2.436789e-06 0.0068047536 2.438323e-06 0.0034315747 0.00085277756 0.04419453 0.04471467 0.006226916 0.0026940736 0.011422907 0.00014478572 0.0011846026 0.0044233417 0.00015808668 5.0642884e-05 0.0034479552 1.0222469e-06 2.7603286e-05 0.009962059 0.0004351096 8.228988e-06 0.0003500239 9.855568e-07 0.000929085 2.9761879e-05 0.00035196973 2.3041412e-06 1.6345282e-05 1.2898876e-05 0.0014309775 0.00019578393 0.0025179477 3.0371184e-06 8.568928e-06 1.4598348e-06 0.000857382 7.9480364e-05 1.8793507e-07 5.1511524e-05 2.574949e-05 2.69124e-05 4.6520236e-07 2.3432647e-06 1.9351043e-07 0.0003632398 3.2531784e-07 5.338543e-07 4.4148135e-05 0.00046316802 3.6267747e-07 2.114298e-06 6.016899e-09 6.200259e-05 0.0029400475 8.001543e-06 7.34647e-07 0.00021463732
0.81293017 0.9056995 0.5613729 0.07944589 0.023092236 4.760843e-15 0.587164 0.25680563 0.038967054 0.9718707 0.018694496 0.0021864492 0.24832875 0.9091538 0.036238655 0.2771114 0.23334336 0.125659 0.6658788 0.14331016 0.31949878 2.8433184e-05 0.21058923 0.00037532073 0.33851546 0.050027516 0.46184325 0.018231867 0.29503697 0.054136552 0.00022075794 0.00045407898 0.0034660173 0.0054452335 0.0128170755 0.1254233 0.012502872 0.0011763605 0.011737349 0.0020848298 5.1046627e-06 5.9872814e-06 0.0010712831 0.026927888 0.0010490859 0.036604207 0.00025779087 0.0004280082 0.001317161 0.00060592033 0.00075771473 0.27720582 0.0009861732 0.025269803 0.007100061 0.0001972937 0.24874532 2.2029157e-07 4.4368204e-07 0.00016268407 0.00020473103 2.251385e-07 0.0026197375 0.010717379 2.8491307e-08 0.008961249 2.4536967e-05 0.0005429765 4.934568e-07 2.4535198e-06 0.0002903486 4.495611e-07 1.0972469e-07 9.880691e-06 6.3154306e-07 0.003903729 0.0005534952 1.4740786e-07 1.5572938e-07 0.00021083985 0.0038095494 1.6824766e-05 5.2164677e-07 0.0043760235 1.1151852e-07 0.00021880158 0.0012635452 5.0130886e-09 1.478673e-05 7.2786684e-06 1.9889579e-07 0.0022763312 4.455082e-05 9.4444914e-08 0.00029053254 1.673855e-07 9.854036e-07 0.003293608 6.6281024e-07 1.7764667e-05 2.1731956e-05
0.29408452 0.7845189 0.9698818 0.63748145 0.6917066 0.587164 7.609104e-17 0.34879133 0.8230842 0.16964021 0.032198854 0.0197216 0.4380374 0.8573894 0.62361205 0.12167724 0.0033558134 0.0984402 0.032756638 0.055278882 0.0018107763 5.9335274e-05 0.127318 0.00033956312 4.178335e-05 0.0015286106 0.02893798 0.50113565 0.6346167 0.7269276 0.00017009987 0.0015083652 0.0019222917 0.16642322 0.0002328811 0.0028476086 0.00013930493 2.4218376e-05 8.2264414e-05 0.0005441833 4.111875e-06 7.8055955e-06 2.5875946e-05 0.10266863 3.6145323e-06 0.0069084736 1.0442024e-05 8.770147e-05 0.018321797 0.0022888882 0.030163204 0.012139784 0.01587837 0.0053626867 2.2393893e-05 3.0039675e-05 0.008928444 1.8424561e-07 4.811546e-07 0.006246338 1.8438913e-06 2.2195033e-07 0.0005788737 0.00021355334 2.6626648e-07 0.00045330473 8.0236305e-07 8.476786e-05 1.1342234e-07 6.734172e-06 3.166554e-06 1.4671575e-07 7.3336184e-07 0.0002146068 4.644118e-06 0.0005952169 3.1513614e-06 8.098809e-07 1.4638345e-08 8.943639e-06 2.8222057e-05 1.8042299e-07 4.816247e-07 3.7341222e-05 6.8083104e-08 4.783016e-07 4.560821e-06 2.2535685e-08 4.1555404e-07 2.1460792e-07 3.0895656e-08 8.044264e-05 1.9806514e-06 2.0448258e-08 4.923557e-06 3.1125371e-09 6.472757e-06 0.0011652203 1.3149294e-05 6.6988086e-06 0.00010244037
0.91059035 0.9066277 0.5328792 0.69293773 0.5910642 0.25680563 0.34879133 3.1964358e-16 0.29157218 0.12415744 0.456644 0.028659701 0.9289393 0.15550509 0.14759274 0.7828551 0.013228454 0.85638064 0.009293788 0.5469736 0.0015859451 0.00085888954 0.0047468953 0.0043095252 0.00021106677 0.032706708 0.103217885 0.02484695 0.013594526 0.018147733 0.0059208497 0.038248647 0.086926445 0.0072735166 0.00026942638 0.00058183254 0.0011209944 0.00030506664 0.00050135935 0.02466655 0.0008558372 0.0012361925 0.00022568184 0.000684503 7.265998e-06 0.07619049 7.312786e-05 0.002679244 0.00022231566 0.002923031 0.00618075 0.036039382 0.0003635782 0.07283126 0.0027291223 0.0007349313 0.034228016 2.0990401e-05 9.910569e-06 0.0003229619 1.3819233e-05 1.0845919e-05 0.03505051 0.0033707765 5.3630038e-06 0.005043172 1.1981479e-05 0.004477045 1.1551158e-05 5.896385e-06 1.4368495e-05 9.944516e-07 4.2361216e-06 0.00021954841 8.3515755e-05 0.018984199 1.2448778e-05 6.87635e-06 9.795027e-07 0.0006298772 0.0012076984 1.3223647e-06 1.0291464e-05 0.00019053479 5.9697174e-07 2.2781269e-06 5.557643e-05 4.266948e-08 0.0003227294 2.4073063e-06 4.757209e-09 4.4780973e-05 0.0002194946 5.0131003e-08 1.3248793e-06 1.056726e-08 1.713672e-05 0.015134416 4.4243075e-06 2.4909502e-06 9.7330965e-05
0.11047685 0.17657162 0.45837864 0.7749975 0.9245202 0.038967054 0.8230842 0.29157218 3.1251175e-17 0.0029910693 0.11781832 0.16451254 0.5687644 0.09276037 0.9886083 0.027010867 0.00011985073 0.14024574 0.00020887273 0.018962065 1.275906e-05 0.0002825803 0.0019483697 0.00821326 4.666329e-06 0.00020116694 0.0015388273 0.6042174 0.09318649 0.17293778 0.0044222726 0.021291824 0.0037508241 0.09010958 1.4440822e-05 3.39775e-05 1.5001608e-05 1.0827652e-06 4.3117943e-06 0.0012347997 0.00010360827 0.00013297187 8.9434127e-07 0.0063733365 6.781188e-07 0.0018025844 5.071407e-07 0.0004685719 0.0021788217 0.01254672 0.0596743 0.003070292 0.008954633 0.003581375 3.494724e-05 0.00010106718 0.0013991992 1.3083013e-05 7.893924e-06 0.008787676 3.972734e-06 2.8993907e-06 0.0017576809 6.509538e-05 1.0369585e-06 5.9100854e-05 5.2555663e-07 4.652299e-05 2.855488e-06 7.720373e-05 1.0647675e-06 6.2910817e-06 9.754561e-07 0.0022058897 2.1352227e-05 0.00043386716 1.9649717e-06 1.3151044e-06 1.6444912e-07 8.923604e-05 5.165175e-06 1.3380972e-07 7.1510976e-06 4.17705e-06 1.6976634e-06 4.8001385e-07 1.3451657e-06 1.2543508e-07 8.230377e-06 4.2973622e-07 4.4638472e-07 8.0394864e-05 1.4634027e-05 1.4877384e-07 7.057029e-06 1.8197433e-08 1.11514055e-05 0.0022425354 1.6956305e-05 4.5133297e-06 0.00020055549
0.73775774 0.71739995 0.22033368 0.011472909 0.0056993766 0.9718707 0.16964021 0.12415744 0.0029910693 3.5672405e-17 0.008806123 0.00037136063 0.028591556 0.6797118 0.0010176873 0.19051087 0.7943382 0.041347384 0.8137528 0.10695093 0.6209702 3.626776e-06 0.15217039 1.7928445e-05 0.82497346 0.27659515 0.55250037 0.0018723661 0.06759448 0.005903681 7.1847508e-06 3.3356115e-05 0.001976946 0.0001647891 0.09790243 0.18129231 0.086225905 0.12294572 0.06241335 0.00040270088 1.2638681e-07 2.2337325e-07 0.048043963 0.0051407246 0.050682276 0.043394387 0.01310866 0.00015153008 0.00027634008 5.9245936e-05 4.8956346e-05 0.3545589 0.00017637476 0.032000437 0.055721834 0.00012534771 0.25083 1.2508197e-07 8.8959e-08 4.0723935e-06 0.009886993 6.7259116e-08 0.0015959453 0.049349707 8.017098e-09 0.037674088 0.00058634864 0.00053633674 6.178852e-08 2.1604517e-07 0.0014183631 1.8067851e-07 4.6174566e-08 2.2044846e-06 2.3958912e-06 0.0030500006 0.001805788 1.3402523e-06 2.6414412e-08 6.725569e-05 0.017932601 0.00024302397 1.2183816e-07 0.027672568 1.2658366e-07 0.00044545517 0.008620161 2.758598e-08 7.5048105e-05 7.432169e-05 5.030387e-07 0.014832584 1.8683713e-05 8.3744126e-08 0.0018379724 5.324502e-06 1.7003629e-06 0.0015165651 5.183831e-07 1.6414862e-05 7.147014e-06
0.88202655 0.18831687 0.04780951 0.49509782 0.68030035 0.018694496 0.032198854 0.456644 0.11781832 0.008806123 5.206369e-16 0.9741911 0.64894897 0.012381256 0.07771544 0.09598152 0.002129412 0.704234 0.0019850186 0.1204219 0.00039397358 0.19655332 0.00034569635 0.39817366 2.6528103e-05 0.01416849 0.0052719414 0.011070984 0.00033099108 0.0019707612 0.36404997 0.5425631 0.7017787 0.002322399 4.2111264e-05 9.96154e-06 0.00066702464 4.826579e-05 0.00021068225 0.26245424 0.06843787 0.060192008 3.4753277e-05 7.7295335e-06 1.0347387e-06 0.037391726 9.0767735e-06 0.29445297 8.050031e-06 0.13740045 0.057652414 0.029399686 0.00014833106 0.073401794 0.0022289492 0.04575458 0.022538543 0.0077080983 0.004004477 0.00044284065 7.2474467e-07 0.0016956151 0.25518566 0.0076725287 0.00081243063 0.005969561 2.8797097e-06 0.06212157 0.0016985866 0.002825982 3.7872173e-06 0.00021284516 0.00030351325 0.0008449937 0.0006704043 0.03414943 1.4275725e-05 0.00010712892 0.00011158581 0.03625093 0.00061888655 3.8259896e-07 0.00062722777 0.00032368096 0.0002110404 1.560232e-06 9.32238e-06 7.1701916e-06 0.012155568 2.987147e-07 2.3638884e-05 6.86293e-05 0.022351159 3.5141179e-07 2.6958273e-07 1.018852e-08 4.265193e-05 0.053862814 4.351069e-06 2.0401055e-07 3.2988984e-05
0.9594282 0.011438533 0.017504111 0.121504754 0.32262173 0.0021864492 0.0197216 0.028659701 0.16451254 0.00037136063 0.9741911 1.77907e-17 0.15911506 0.005364099 0.15006833 0.0061882553 1.2719903e-05 0.26066768 0.00016053929 0.0078596175 2.2559007e-05 0.6655426 4.0478622e-05 0.67670554 1.9268332e-06 0.00082499726 5.712746e-05 0.008952413 3.709553e-05 0.0005012159 0.55173653 0.59908324 0.2645986 0.0015944941 1.1774661e-05 5.433139e-06 2.7734388e-06 2.200175e-06 2.9919693e-06 0.1058087 0.20527564 0.19043478 5.161814e-07 3.530933e-06 1.0365442e-06 0.007717487 1.3021184e-07 0.28637937 2.7710303e-06 0.6628379 0.14942203 0.008046359 5.513688e-05 0.03573538 0.00026585485 0.040896587 0.0022186993 0.021168249 0.009187978 0.00026649173 6.8002026e-07 0.0051955907 0.16911411 0.001917951 0.008339296 0.00044563744 1.5258169e-06 0.039903518 0.0012012365 0.004175336 5.2135874e-07 8.105432e-05 0.00046468226 0.0012653469 0.0025114939 0.016372573 3.602293e-07 0.00053355936 0.00024524628 0.037818406 0.0005534967 1.2689743e-07 0.0005035149 1.7978578e-05 0.00018847165 9.113949e-08 8.920737e-07 2.3872265e-06 0.017260646 1.5428895e-07 0.000105977706 5.554889e-06 0.030603215 3.0093909e-06 4.125255e-07 1.8913884e-09 0.0001417968 0.04913703 2.6836764e-05 2.4708288e-07 5.002253e-05
0.96949565 0.5419229 0.5171925 0.7126282 0.69262 0.24832875 0.4380374 0.9289393 0.5687644 0.028591556 0.64894897 0.15911506 9.706397e-15 0.18837653 0.544818 0.26814708 0.00095270074 0.90705174 0.001221961 0.29906657 0.000194411 0.0049845027 0.00082072505 0.04640232 1.3693943e-05 0.008895147 0.013556883 0.08038202 0.008561643 0.023805467 0.01439785 0.09682137 0.25191525 0.018513741 8.249374e-05 4.1140855e-05 0.0001341837 5.7642057e-05 9.459352e-05 0.05838941 0.001105383 0.0021101816 9.743136e-05 5.8527065e-05 5.310161e-06 0.047934774 1.4426519e-05 0.017748918 0.00012028563 0.04639538 0.052623637 0.022564022 0.00046231257 0.09162041 0.002204856 0.0030320068 0.015385794 0.00016848907 8.659098e-05 0.00036793677 8.165502e-06 3.62281e-05 0.09319138 0.0027496945 6.7572124e-05 0.0018833852 2.5918602e-05 0.0083411 0.00010607518 5.886589e-05 1.0579781e-05 7.132837e-06 1.9017e-05 0.0001208903 3.0050851e-05 0.026319463 4.1828544e-06 8.577824e-06 7.6192764e-06 0.0016965056 0.0005032736 2.0685925e-06 2.174792e-05 5.974279e-05 5.8256173e-06 1.0176586e-06 1.5942225e-05 9.613515e-08 0.001376642 2.329577e-06 2.9876338e-07 2.3221044e-06 0.00076314685 3.5147983e-07 1.4336123e-07 7.793118e-09 4.0027946e-05 0.03448685 6.986929e-06 3.0020758e-06 0.00022305237
0.36155224 0.56362605 0.6478946 0.36215875 0.06823426 0.9091538 0.8573894 0.15550509 0.09276037 0.6797118 0.012381256 0.005364099 0.18837653 1.8918047e-15 0.083729595 0.14304343 0.046450518 0.03180052 0.6322135 0.04093056 0.31631005 7.275733e-06 0.9698722 6.133238e-05 0.19132377 0.019475656 0.270103 0.0784125 0.7829666 0.31179386 5.3084223e-05 0.00019077533 0.00085851894 0.027446434 0.026934989 0.45013785 0.009183545 0.0006553289 0.003966456 0.00014206767 7.524651e-06 5.46104e-06 0.00019156549 0.19184704 0.0010843116 0.013289219 4.6655572e-05 5.2122928e-06 0.012674205 0.000251208 0.0012373631 0.123277076 0.0063654766 0.0068857474 0.00057105056 1.3076358e-06 0.079987295 1.5249398e-06 3.4108916e-07 0.0022809554 6.633605e-05 8.158375e-07 0.00083439646 0.001503184 1.3042015e-07 0.0012282883 5.6708714e-06 4.3329175e-05 3.5802404e-07 1.7111244e-05 0.000118105534 9.0929973e-07 3.1693986e-07 0.00020522167 1.965176e-06 0.0006111609 0.00015641325 2.3984355e-06 1.5023869e-07 3.63812e-05 0.00016490136 3.3730496e-06 2.813578e-06 0.001429608 1.1312835e-06 2.1581476e-05 0.00016219748 1.2476625e-07 4.008557e-06 3.3484957e-06 1.1703693e-05 0.00107573 8.1579554e-07 9.866882e-07 0.00032633255 4.4163816e-08 4.308255e-06 0.007364949 2.4950003e-05 3.201715e-06 1.914675e-05
0.12773328 0.071694404 0.32780588 0.66827756 0.58929664 0.036238655 0.62361205 0.14759274 0.9886083 0.0010176873 0.07771544 0.15006833 0.544818 0.083729595 8.076489e-18 0.009817549 1.0828969e-05 0.10728316 5.7897523e-05 0.0067854333 2.2486888e-06 0.0003219701 0.0003549191 0.011210427 4.238932e-07 3.557546e-05 0.00030500264 0.9542055 0.044126727 0.46647534 0.00630401 0.054042704 0.0023014129 0.42863083 1.5650918e-06 4.089253e-06 2.1118958e-06 8.541619e-08 2.9748963e-07 0.0006876577 0.00010065174 0.00022312449 1.584422e-07 0.0039831703 8.7063505e-08 0.0007042735 7.745021e-08 0.00023108664 0.0040836036 0.020161197 0.18939224 0.0023350478 0.025326462 0.0026437526 3.2996834e-06 4.7645444e-06 0.00054927944 1.5265805e-05 1.7741411e-06 0.019514982 1.1483734e-06 1.6057296e-06 0.0011149077 1.0144904e-05 6.777733e-08 3.3514539e-06 4.3090907e-07 5.565521e-06 1.4885679e-06 8.253072e-05 1.0021583e-06 1.7248451e-06 1.1888056e-07 0.002443455 3.453141e-06 7.018956e-05 1.9377442e-06 1.0211189e-07 3.5174352e-08 2.547852e-05 3.4197606e-07 2.8233217e-08 1.1666123e-06 1.457099e-06 1.2375972e-06 5.657958e-07 6.289693e-07 2.3129584e-08 1.782412e-06 1.3474273e-07 1.0155616e-06 3.369852e-05 3.1501268e-06 6.533803e-08 5.4043703e-06 4.082396e-09 7.871167e-06 0.008889016 1.00013285e-05 1.330406e-06 0.00025483343
0.8764989 0.6492844 0.24334227 0.09512571 0.057067722 0.2771114 0.12167724 0.7828551 0.027010867 0.19051087 0.09598152 0.0061882553 0.26814708 0.14304343 0.009817549 1.4573063e-17 0.062329385 0.62697476 0.037915766 0.9755979 0.004289086 0.00013307131 0.0027724989 0.00041959473 0.0009756782 0.20163341 0.844434 0.0013232991 0.0066915746 0.0028849656 0.0015764174 0.006534433 0.0881983 0.0002936773 0.00015802353 0.0008783582 0.023110306 0.00078296696 0.012155992 0.021648875 3.8672337e-05 8.087394e-05 0.0015511945 0.00023433767 3.156413e-05 0.6720199 0.00017450422 0.0018444578 2.5828831e-05 0.0002520236 0.00041753837 0.22684056 4.8632144e-05 0.18576406 0.02308907 0.0011271116 0.13498597 2.5847348e-06 7.085234e-07 3.026411e-05 2.1604477e-05 1.1994998e-06 0.048956353 0.029391738 6.210781e-07 0.053212274 4.8037196e-05 0.0069255917 2.765961e-06 1.7272599e-06 7.000893e-05 1.9917559e-07 7.5976055e-07 7.805764e-05 6.5209356e-06 0.07738454 0.00013548759 2.6558773e-06 2.5788123e-07 0.0010935614 0.013630549 3.0200074e-05 1.6627442e-06 0.002095608 1.3288164e-07 3.4555378e-05 0.0007954277 7.0594236e-10 0.0002579101 6.4151136e-06 3.3241454e-10 0.00042448044 0.000121872625 1.3240215e-08 2.8400338e-05 2.3891214e-08 5.4347247e-06 0.03785747 1.1502532e-06 1.6322019e-06 9.227589e-05
0.8608916 0.060795203 0.004818986 0.00079745875 0.00044449314 0.23334336 0.0033558134 0.013228454 0.00011985073 0.7943382 0.002129412 1.2719903e-05 0.00095270074 0.046450518 1.0828969e-05 0.062329385 5.0673667e-16 0.0030270733 0.6441486 0.014216613 0.594156 2.905228e-06 0.023674387 2.7061863e-06 0.9357063 0.9027772 0.46898618 0.000221975 0.0031962893 0.0005883483 6.735543e-07 8.701113e-06 0.0002833791 7.170396e-06 0.18465263 0.12536107 0.36260137 0.73649424 0.33155638 8.7050685e-05 5.9357177e-07 4.169005e-07 0.78149647 0.0013510193 0.28631312 0.027439622 0.2395622 3.9592516e-05 1.9442203e-05 0.00010711584 0.00021280214 0.23578376 2.25896e-05 0.015174194 0.14676972 7.879697e-05 0.12206901 1.4066583e-06 8.635006e-08 6.234846e-05 0.39800847 9.1126385e-06 0.00051957293 0.096309915 5.3403045e-07 0.0328568 0.041050144 0.00055648456 5.1763986e-06 6.004163e-07 0.030973675 2.2726141e-07 1.0827341e-06 0.0012820901 4.511042e-05 0.0028330856 0.04176819 3.9159437e-05 8.050377e-06 9.070253e-05 0.074923724 0.008433602 7.07126e-07 0.17891891 1.7865703e-07 0.016192371 0.08715183 2.80299e-07 6.135745e-06 0.0010121794 3.1331656e-06 0.08453022 1.8322931e-05 5.0017474e-07 0.05205816 0.00030434743 0.00022703884 0.008491338 4.2355663e-05 0.0003802551 3.484441e-05
0.95773065 0.3642279 0.2099848 0.35627273 0.3210383 0.125659 0.0984402 0.85638064 0.14024574 0.041347384 0.704234 0.26066768 0.90705174 0.03180052 0.10728316 0.62697476 0.0030270733 7.269479e-15 0.0031624485 0.8265549 0.00034342313 0.0062268768 0.0008687582 0.025556399 8.207752e-05 0.03097385 0.08720013 0.012856813 0.0019005388 0.0044074017 0.015700396 0.042142536 0.8544774 0.0031709997 0.00020449334 9.330149e-05 0.0010082625 0.00024003416 0.0007499867 0.25264683 0.001621465 0.0026663751 0.0007181401 0.000102883394 2.1885968e-05 0.14037743 2.7099764e-05 0.13478494 5.1445943e-05 0.010543536 0.0059450776 0.051388193 0.00027167785 0.24961148 0.004951808 0.013860842 0.039065093 0.0016007117 0.00033363322 0.0004063242 5.2642947e-05 0.0002511766 0.23358032 0.005623023 1.773477e-05 0.006834551 0.00011627437 0.026257638 0.00075584365 0.0007243463 9.535006e-05 7.603021e-05 3.2908385e-05 0.0016819047 0.00011160624 0.070493914 0.0001203702 2.8935665e-05 1.673673e-05 0.004856131 0.0019873807 7.611368e-06 4.588159e-05 0.00022103896 9.068844e-05 5.0532024e-05 0.000102862294 5.4233215e-07 0.003650216 8.820756e-06 1.2579033e-06 1.03882485e-05 0.0043119346 7.044753e-07 4.638875e-07 2.6412849e-08 0.00018739165 0.1497069 6.0605707e-05 1.2068014e-05 0.0010211712
0.08135627 0.12999533 0.018449245 0.0014162153 0.0006465138 0.6658788 0.032756638 0.009293788 0.00020887273 0.8137528 0.0019850186 0.00016053929 0.001221961 0.6322135 5.7897523e-05 0.037915766 0.6441486 0.0031624485 8.963122e-16 0.014467641 0.9889567 2.9141577e-06 0.5532057 2.6734879e-06 0.8213881 0.42816314 0.62293786 2.3666384e-05 0.036414076 0.0020572166 3.3376716e-06 8.684595e-07 0.00020640877 1.8047172e-05 0.5449348 0.7098738 0.28369406 0.10288696 0.1655433 3.8909056e-05 1.7798742e-06 2.4246916e-07 0.043997325 0.006200448 0.14617138 0.010601614 0.004868285 0.00023466662 0.00023160335 5.6449313e-05 3.8821418e-06 0.07906256 2.9938234e-05 0.0010451762 0.06276516 2.6229323e-05 0.04114452 2.9309113e-06 5.891989e-08 7.5985736e-06 0.01545343 9.953196e-07 2.7232696e-05 0.015361353 1.5401808e-06 0.0067200107 0.0005916825 6.415551e-05 2.8315768e-07 8.071836e-07 0.0022047688 2.9695707e-07 6.167501e-08 6.4743067e-06 7.3380824e-07 0.00037802494 0.0024652001 1.8621791e-05 9.61324e-08 5.911833e-05 0.012267151 6.260576e-06 3.2785167e-06 0.009952135 1.8614448e-06 0.0015221655 0.0100432085 2.874277e-08 0.00011146478 6.350696e-07 6.7597816e-06 0.011174705 4.360326e-05 6.4498374e-07 0.0013523735 2.892155e-08 4.0765066e-05 0.0058972575 1.0872399e-05 3.3574586e-06 4.0552575e-05
0.8644791 0.41238442 0.13276577 0.04805787 0.04731321 0.14331016 0.055278882 0.5469736 0.018962065 0.10695093 0.1204219 0.0078596175 0.29906657 0.04093056 0.0067854333 0.9755979 0.014216613 0.8265549 0.014467641 1.0480464e-16 0.0012057131 0.00016417202 0.0010852019 0.0007165841 0.000129792 0.14123695 0.541075 0.00095479866 0.001889457 0.0010160697 0.0013509485 0.004412072 0.19003862 0.00025982983 7.826232e-05 0.00012870264 0.013274209 0.00021699701 0.009167572 0.07710292 1.4062405e-05 0.0001490918 0.00067035604 6.1198465e-05 6.2293384e-06 0.884254 3.4511246e-05 0.010055983 1.8258304e-05 0.00058439304 0.00028165153 0.31393665 4.7244037e-05 0.3474134 0.028427146 0.00806827 0.18493465 3.4913894e-05 7.802276e-06 6.040761e-05 7.221051e-05 4.06734e-06 0.10317166 0.051768027 5.7410153e-07 0.10267856 9.198244e-05 0.020213326 5.1166817e-06 3.1473533e-05 0.0002551593 5.2854853e-06 2.3555588e-06 3.9611023e-05 1.6325328e-05 0.13523464 0.00040527503 7.285096e-07 6.0621016e-07 0.0044993623 0.007332284 3.8365568e-05 5.641081e-06 0.0030787317 3.0007277e-06 0.00010210183 0.0014113365 5.138454e-09 0.0016447493 5.400022e-06 1.0772351e-08 0.00025138148 0.00051322475 1.6157529e-08 4.408322e-05 1.9421948e-07 9.714508e-06 0.081623055 1.6626436e-07 8.382767e-07 0.00016273683
0.0336404 0.02343527 0.0019586873 0.00013450425 0.00014547858 0.31949878 0.0018107763 0.0015859451 1.275906e-05 0.6209702 0.00039397358 2.2559007e-05 0.000194411 0.31631005 2.2486888e-06 0.004289086 0.594156 0.00034342313 0.9889567 0.0012057131 2.9098552e-16 3.8046528e-07 0.32850888 5.2908285e-07 0.9377281 0.27966088 0.203855 6.977759e-06 0.009500434 7.980537e-05 1.975407e-06 1.9477035e-07 7.809624e-06 1.6158299e-06 0.6608246 0.69096255 0.16865608 0.21467037 0.09860007 2.3419152e-06 1.7764545e-07 6.0047846e-08 0.043496083 0.0026377426 0.34684426 0.0026436152 0.009868639 1.2415877e-05 2.486098e-05 3.664649e-06 4.189939e-07 0.020581778 5.0136937e-06 0.0001155599 0.030150069 2.4688209e-06 0.00840616 3.105245e-08 1.1383537e-08 6.5761526e-07 0.012848056 4.049159e-07 1.1317308e-05 0.004597537 1.9615686e-07 0.0022052282 0.00079614075 2.3474036e-05 1.19645e-07 4.436645e-08 0.0025276244 4.348476e-08 3.3580957e-08 4.7987583e-06 1.03123405e-07 0.00019774222 0.0017489668 1.7642017e-06 9.316935e-09 1.9146184e-05 0.0039440948 1.4364563e-05 5.750712e-06 0.0065408517 2.426292e-07 0.00082004676 0.0035607282 1.3824106e-09 1.0831684e-05 4.87619e-07 1.2364069e-06 0.0055418652 4.834694e-06 7.603466e-08 0.0009824799 1.8703348e-08 7.072269e-06 0.0015762752 1.5343385e-06 4.3466443e-06 2.7338761e-05
0.98281175 3.3288172e-05 7.01387e-05 0.00013402615 0.0021095583 2.8433184e-05 5.9335274e-05 0.00085888954 0.0002825803 3.626776e-06 0.19655332 0.6655426 0.0049845027 7.275733e-06 0.0003219701 0.00013307131 2.905228e-06 0.0062268768 2.9141577e-06 0.00016417202 3.8046528e-07 3.7577274e-15 9.83012e-07 0.9785023 4.5228322e-07 4.8335118e-05 1.6932928e-06 6.822184e-05 1.8452202e-07 2.7254393e-05 0.6074179 0.39172032 0.016550297 3.228139e-05 5.253737e-05 1.4785954e-05 1.2557601e-06 3.1379411e-06 3.7185353e-07 0.016698247 0.6457868 0.44247726 2.4686892e-06 1.0741567e-06 3.73495e-06 0.000460159 7.636488e-06 0.64741445 1.2070344e-06 0.26051828 0.020183632 0.0004573875 5.984672e-06 0.010305589 1.8904637e-05 0.21498774 0.00033922328 0.08548921 0.056180306 5.3395313e-05 6.789789e-05 0.04677525 0.07820482 3.746718e-05 0.0851168 2.90331e-05 1.6086066e-06 0.06510415 0.005527701 0.031401142 7.645177e-07 0.0010385732 0.0021839316 0.0009643907 0.0076534282 0.00085784047 5.8382176e-07 0.0062937527 0.0043308213 0.19363351 2.1338496e-06 1.14375936e-07 0.00070643553 1.5545866e-06 0.002602791 1.1635206e-07 2.9425493e-07 7.64447e-05 0.115144715 2.9465273e-06 0.0007529414 5.570691e-05 0.07994537 7.445066e-05 4.3874476e-05 1.2840589e-05 0.0009372197 0.07889834 0.0004437333 8.112144e-05 9.8071796e-05
0.016756233 0.023827858 0.025176609 0.002324751 0.0011402157 0.21058923 0.127318 0.0047468953 0.0019483697 0.15217039 0.00034569635 4.0478622e-05 0.00082072505 0.9698722 0.0003549191 0.0027724989 0.023674387 0.0008687582 0.5532057 0.0010852019 0.32850888 9.83012e-07 5.64969e-17 1.1788914e-06 0.057161085 0.005151283 0.043975882 0.00063881296 0.8048824 0.01902126 1.1880084e-06 2.3357425e-05 0.00010812999 0.00037129814 0.09077075 0.95013577 0.0015094322 0.0033415686 0.0014216504 1.17085165e-05 5.2445834e-08 4.529026e-07 0.00063130853 0.4972028 0.018196674 0.0005930338 0.0001792001 4.3328473e-07 0.0076314285 2.2410322e-05 7.303586e-05 0.0021894572 0.0008081323 0.00012983472 0.00027944 6.776469e-07 0.0020865623 9.377373e-07 1.4894391e-07 7.0484566e-05 6.48024e-05 3.7024545e-08 1.3919691e-05 8.979007e-05 1.8160021e-08 0.00013286575 5.150237e-06 5.074412e-07 3.1998576e-07 2.1253807e-06 1.4947413e-05 3.3563106e-07 1.5298456e-08 2.4719344e-05 2.0631924e-06 0.00010026297 1.9357118e-05 1.6360138e-06 7.206936e-08 6.857457e-06 3.2577934e-06 2.2753444e-07 6.7523746e-07 4.0656785e-05 3.2337236e-06 2.2433564e-05 6.2319946e-06 1.8136198e-09 1.5410602e-07 3.1186877e-07 4.3442176e-07 0.00020252539 2.509746e-07 3.026872e-09 7.426671e-05 1.2789069e-08 8.797141e-06 0.0020969724 3.0953727e-06 3.3699806e-07 4.8778784e-05
0.5044888 0.00047881808 0.00042345084 0.00240122 0.025126962 0.00037532073 0.00033956312 0.0043095252 0.00821326 1.7928445e-05 0.39817366 0.67670554 0.04640232 6.133238e-05 0.011210427 0.00041959473 2.7061863e-06 0.025556399 2.6734879e-06 0.0007165841 5.2908285e-07 0.9785023 1.1788914e-06 6.764683e-17 2.913656e-07 0.00017274146 1.9571831e-05 0.002934844 5.075133e-07 6.630613e-05 0.86062604 0.8692956 0.024636986 0.000359261 2.0728809e-05 6.4443566e-06 4.5940105e-06 8.3326796e-07 1.4805165e-06 0.018021898 0.6749657 0.50418866 2.001235e-06 9.0515107e-07 4.933902e-06 0.0020654702 3.917682e-06 0.15432687 1.2890249e-06 0.32170266 0.048638213 0.0004995498 2.0974174e-05 0.009806082 2.3358205e-05 0.03135011 0.000859459 0.025188603 0.016727557 0.00016430045 1.7852384e-05 0.050596427 0.021331009 4.771181e-05 0.03261357 1.9013807e-05 5.395106e-06 0.010542993 0.0019108417 0.00811731 1.5942422e-05 0.0005557335 0.00072232273 0.0036419302 0.007860423 0.00038210797 9.037922e-06 0.0032878034 0.0017205579 0.014517141 1.4957756e-06 5.697903e-07 0.00025076707 1.0901502e-05 0.0008632401 8.3867496e-07 4.6656638e-07 4.949362e-05 0.012876274 2.664269e-06 0.00042754048 0.00013884193 0.00654776 3.14552e-05 2.1112806e-05 6.199155e-08 0.0011471852 0.015498764 0.00019383468 2.5966165e-06 4.040623e-05
0.29586992 0.004904741 0.00028332506 1.6745273e-05 1.1176959e-05 0.33851546 4.178335e-05 0.00021106677 4.666329e-06 0.82497346 2.6528103e-05 1.9268332e-06 1.3693943e-05 0.19132377 4.238932e-07 0.0009756782 0.9357063 8.207752e-05 0.8213881 0.000129792 0.9377281 4.5228322e-07 0.057161085 2.913656e-07 1.797263e-16 0.62624335 0.45595637 2.816038e-07 0.0030449815 6.4637197e-06 1.0091019e-06 2.1067672e-07 6.2139856e-07 1.7266348e-07 0.83021045 0.5432485 0.51565254 0.8516165 0.39465523 1.0318544e-06 7.6213546e-08 8.108976e-08 0.29773703 0.0011197454 0.8170926 0.0016295913 0.11668133 9.1316815e-06 1.1373409e-05 2.7264412e-06 4.5804597e-07 0.055601165 2.1105247e-06 7.430865e-05 0.16006106 3.3931822e-06 0.021111159 5.5977683e-08 3.7532764e-09 1.7054022e-06 0.08881865 1.17459926e-07 4.9463492e-06 0.021296691 6.716143e-08 0.002818728 0.013484205 1.112605e-05 1.1745948e-07 3.2176747e-08 0.023136418 4.027287e-08 3.0537517e-08 5.703484e-06 1.4474422e-07 7.199611e-05 0.016363971 2.9067553e-06 1.6204933e-08 4.0073874e-06 0.010981736 0.0018546353 1.5161044e-06 0.06318516 1.8892828e-07 0.004371402 0.029989965 2.7571287e-09 2.4047422e-05 6.314786e-05 2.2302716e-05 0.038578764 5.150794e-07 3.2382694e-08 0.005627165 8.911486e-07 1.5982094e-05 0.0051842392 1.2687706e-06 0.00019565849 1.5195431e-05
0.5980395 0.05859089 0.0058876504 0.0070959325 0.0016509821 0.050027516 0.0015286106 0.032706708 0.00020116694 0.27659515 0.01416849 0.00082499726 0.008895147 0.019475656 3.557546e-05 0.20163341 0.9027772 0.03097385 0.42816314 0.14123695 0.27966088 4.8335118e-05 0.005151283 0.00017274146 0.62624335 6.795354e-18 0.90333575 0.00028436724 0.0028154438 0.0006819524 5.3237232e-05 0.0011164171 0.008308867 6.192331e-06 0.07959797 0.058840167 0.95895123 0.4915125 0.5783994 0.002716711 2.6129705e-05 8.53969e-06 0.59513074 0.0004334842 0.14971188 0.033345494 0.14108525 0.0006821059 6.7579185e-06 0.0006220645 0.0006764234 0.09239702 1.5892996e-05 0.013827856 0.16734977 0.0017492337 0.037085537 2.3791003e-05 1.3433786e-06 2.304694e-05 0.23380257 1.7471628e-07 0.0020555751 0.04050959 8.144289e-07 0.0237324 0.10698873 0.0037696688 8.107109e-07 2.3855152e-06 0.14496495 3.6718677e-07 5.7784685e-08 0.00027053946 2.6972111e-05 0.012155922 0.073116414 2.8680573e-05 6.634076e-06 0.0021536818 0.06560375 0.013545452 3.7434409e-06 0.066414624 1.0718082e-06 0.052863367 0.18496072 6.3424366e-08 5.995655e-05 0.0010403155 9.134534e-07 0.0829788 5.5188328e-05 3.7474894e-07 0.3307203 3.2811146e-05 9.6136304e-05 0.009965309 1.3808759e-05 0.000229212 1.749648e-06
0.94040436 0.33070007 0.05356394 0.0024146815 0.0015983703 0.46184325 0.02893798 0.103217885 0.0015388273 0.55250037 0.0052719414 5.712746e-05 0.013556883 0.270103 0.00030500264 0.844434 0.46898618 0.08720013 0.62293786 0.541075 0.203855 1.6932928e-06 0.043975882 1.9571831e-05 0.45595637 0.90333575 2.787226e-16 0.00013211738 0.022318786 0.000985948 4.3675635e-05 8.166518e-05 0.01441158 2.4883231e-05 0.023494462 0.08173853 0.75133127 0.08550523 0.57466567 0.0061697783 5.333818e-06 8.7548545e-07 0.06436641 0.0012171408 0.018363908 0.5803832 0.004089645 0.0006792451 5.0407692e-05 2.8789807e-05 6.264491e-05 0.829405 2.5617834e-05 0.20374756 0.6077836 0.00090194005 0.43251815 7.2935416e-07 2.6994971e-06 3.5499033e-05 0.0009544691 1.6548408e-06 0.021158254 0.32742524 5.1448705e-08 0.31589624 0.0010986747 0.008729722 8.954938e-08 2.0652847e-06 0.0013580978 4.150287e-08 1.281111e-07 0.0001802341 1.0469809e-06 0.073434584 0.0007218955 2.30162e-06 1.9296799e-08 0.0009294877 0.124699086 0.00014166476 2.7106443e-08 0.048872024 3.482363e-08 0.0002827067 0.018950323 2.856791e-09 0.00018788483 1.101116e-05 3.4950167e-09 0.007814188 0.00010757909 2.7606772e-08 0.0014866932 1.540781e-07 1.303693e-05 0.067385145 2.2110326e-06 4.4666644e-06 1.0836345e-05
0.009350218 0.021077594 0.08741879 0.21183813 0.21594752 0.018231867 0.50113565 0.02484695 0.6042174 0.0018723661 0.011070984 0.008952413 0.08038202 0.0784125 0.9542055 0.0013232991 0.000221975 0.012856813 2.3666384e-05 0.00095479866 6.977759e-06 6.822184e-05 0.00063881296 0.002934844 2.816038e-07 0.00028436724 0.00013211738 2.2887672e-17 0.0969431 0.86928177 0.0008676851 0.018577013 0.00029803163 0.9709906 1.1832013e-05 1.7618973e-05 3.9050952e-05 6.466494e-06 3.4339428e-06 2.7207903e-05 3.8772963e-05 4.7180867e-05 1.6755737e-05 0.012221924 1.4681461e-06 0.00022143101 1.0456393e-05 8.542598e-06 0.0360221 0.016656067 0.26251835 9.251901e-05 0.119190894 0.00015813373 2.6592774e-05 2.5362722e-06 4.2335556e-05 1.3648247e-05 5.841757e-06 0.028353406 9.2846885e-06 5.082359e-07 5.6948236e-05 4.2132633e-05 1.798487e-07 5.192007e-06 2.7924627e-06 6.972717e-06 3.0670083e-06 2.1925869e-05 7.1361987e-06 9.206665e-06 4.5544638e-07 0.0009793026 1.9336685e-06 1.4654877e-05 4.6997757e-06 1.4012248e-06 8.3179955e-08 8.343936e-06 1.0332005e-06 1.187272e-06 7.450965e-06 1.3283927e-06 2.2601914e-06 5.3062104e-07 1.8926165e-06 2.0082103e-07 1.898173e-06 6.6660994e-07 3.7111506e-06 6.0145878e-05 1.9464976e-06 2.6805583e-07 1.8448e-05 1.4185481e-08 1.5571824e-05 0.003055558 4.180252e-05 2.3745206e-06 0.00040625237
0.0057556313 0.07968599 0.2047007 0.10413051 0.023378253 0.29503697 0.6346167 0.013594526 0.09318649 0.06759448 0.00033099108 3.709553e-05 0.008561643 0.7829666 0.044126727 0.0066915746 0.0031962893 0.0019005388 0.036414076 0.001889457 0.009500434 1.8452202e-07 0.8048824 5.075133e-07 0.0030449815 0.0028154438 0.022318786 0.0969431 2.0787435e-19 0.8039902 8.4876973e-07 1.6343312e-06 1.8066889e-05 0.08252945 0.0013093093 0.30343056 0.0004759735 6.961127e-05 9.268972e-05 2.3263358e-06 8.757264e-08 1.8299303e-07 9.39524e-05 0.985798 0.0002496887 0.0004182234 2.0355774e-05 5.3486765e-08 0.117983535 1.2198354e-06 7.2361065e-05 0.002455517 0.014406881 9.625511e-05 1.157064e-05 1.0855915e-07 0.0019925348 4.468952e-08 7.704533e-08 0.00022861209 6.461979e-05 2.9226144e-09 5.9348753e-05 8.698367e-06 3.1267447e-10 4.9516377e-05 5.2573732e-06 4.2497192e-07 2.4780025e-09 8.117627e-08 4.4050375e-06 4.2239904e-08 1.6353123e-09 5.007644e-06 8.861754e-09 1.0746091e-05 2.8064926e-06 1.3224567e-08 6.3357715e-09 1.4327793e-06 2.0607725e-07 8.439386e-08 5.1939626e-08 7.925e-06 1.1722398e-06 5.492433e-07 7.5167254e-06 2.0589953e-10 1.348165e-07 4.3781893e-07 1.2894147e-06 8.6302614e-05 5.3426983e-09 4.5730437e-09 5.452188e-06 3.7592535e-08 2.106042e-07 0.0006854211 4.1081455e-07 8.0684424e-07 1.49872085e-05
0.002996147 0.04383907 0.13578503 0.0986844 0.054396234 0.054136552 0.7269276 0.018147733 0.17293778 0.005903681 0.0019707612 0.0005012159 0.023805467 0.31179386 0.46647534 0.0028849656 0.0005883483 0.0044074017 0.0020572166 0.0010160697 7.980537e-05 2.7254393e-05 0.01902126 6.630613e-05 6.4637197e-06 0.0006819524 0.000985948 0.86928177 0.8039902 1.9561328e-18 3.607423e-05 0.0002681488 5.8786343e-05 0.94871503 3.5906934e-05 0.00041634467 3.8435624e-05 2.0658259e-05 4.618679e-05 3.4381785e-05 8.661746e-06 5.6023505e-06 3.583578e-05 0.46877187 5.671477e-06 0.00038797842 3.7388974e-05 5.2724135e-07 0.55679256 0.00038992954 0.03982418 4.986444e-05 0.3609472 0.00019618259 2.6908063e-05 2.9939074e-06 0.00019673079 3.8438284e-06 7.5088053e-07 0.015790634 8.036439e-06 9.112855e-08 6.1827275e-05 4.5713346e-05 4.9025886e-08 3.4910732e-05 1.0124299e-05 4.062068e-06 1.4826422e-07 3.3420863e-06 1.0680518e-05 3.7129562e-06 1.3747133e-07 0.00018911171 6.135356e-07 3.7883678e-05 1.1063485e-05 4.6813028e-07 3.5784602e-08 4.668234e-06 9.700635e-07 1.0943287e-06 3.0160095e-07 6.7466744e-06 1.0131113e-06 3.2458445e-06 5.003472e-06 1.5160914e-08 6.1976573e-07 2.6703408e-06 8.451399e-07 3.761368e-05 1.2118418e-06 1.3955737e-07 1.23098125e-05 7.194435e-09 3.561465e-06 0.002300985 1.5237674e-05 7.563502e-06 0.0004908468
0.10824207 0.0005605288 0.00029050844 0.0016679863 0.019635228 0.00022075794 0.00017009987 0.0059208497 0.0044222726 7.1847508e-06 0.36404997 0.55173653 0.01439785 5.3084223e-05 0.00630401 0.0015764174 6.735543e-07 0.015700396 3.3376716e-06 0.0013509485 1.975407e-06 0.6074179 1.1880084e-06 0.86062604 1.0091019e-06 5.3237232e-05 4.3675635e-05 0.0008676851 8.4876973e-07 3.607423e-05 2.4408323e-20 0.9896246 0.03268267 0.00021091748 7.3333567e-06 1.6437239e-06 1.5209189e-05 2.9915597e-07 9.753404e-06 0.017713517 0.5142627 0.4557503 1.0682866e-06 6.188845e-07 8.138932e-07 0.0023746837 6.5124993e-07 0.14755452 2.8466407e-06 0.40383583 0.09129397 0.00079766527 3.0866166e-05 0.0045246165 1.7194705e-05 0.011041758 0.0004650316 0.011371326 0.022230247 0.00040319655 8.9963646e-07 0.015625568 0.0057754144 9.475848e-05 0.009261816 3.2166798e-05 3.901791e-06 0.0052096196 0.0005945103 0.007539985 1.976645e-06 0.00035914985 0.00016919838 0.004835354 0.008725936 0.00036790204 8.6485346e-07 0.0015337381 0.00025119932 0.010465807 1.1169424e-05 5.02362e-08 0.0002637009 2.8839242e-05 0.00048256334 1.3338367e-07 1.6422204e-05 1.4458818e-05 0.009024233 3.098443e-07 0.00013424424 0.00086430483 0.0022860959 1.2328905e-05 2.3711362e-05 4.4754096e-08 0.0011659806 0.01555326 0.000203187 9.665432e-09 0.00017761048
