8.762614e-22 0.94891816 0.9216263 0.9518219 0.91117144 0.9225483 0.93794817 0.22778077 0.35237318 0.907054 0.93402696 0.9251156 0.9460524 0.64702135 0.9096392 0.55155885 0.7100075 0.87875575 0.27914792 0.9449023 0.8961639 0.4551172 0.87727207 0.6725462 0.95631665 0.9301009 0.75788754 0.8727074 0.9417139 0.93259794 0.45404276 0.687138 0.26273078 0.9877843 0.9577106 0.33600792 0.8388691 0.8876405 0.9882794 0.95351106 0.7852972 0.63494796 0.71346545 0.96758705 0.9692142 0.9500687 0.6016071 0.03507593 0.12606108 0.19119683 0.37836102 0.9545927 0.53976977 0.5183016 0.0038426388 0.012203144 0.99897116 0.0019630576 0.9728011 0.004313861 0.24969476 0.034094088 0.06021095 0.33075902 0.9788258 0.9789682 0.88173103 0.96495575 0.8864337 0.41207913 0.022648025 0.00011875496 0.8106305 0.9547192 0.56070477 0.9981618 0.0055488646 0.88678014 0.9886834 0.00013480938 0.0048925267 0.0009175872 0.015000171 0.019460166 0.0012003456 0.0015421945 0.0012971652 9.389633e-05 0.1274432 0.0102502825 0.97351635 0.99968845 0.9991989 0.017326582 0.025455788 0.70495087 0.72817415 0.99707377 6.869092e-05 1.0262316e-05 0.009358229
0.94891816 1.2309492e-17 0.9574015 0.953565 0.46108648 0.5381682 0.018214565 0.69217616 0.6433077 0.84936374 0.39912578 0.18504149 0.029783368 0.03495212 0.004027387 0.006256342 0.6565602 0.4119026 0.005653568 0.0014868696 0.09945133 0.020290123 0.00403507 0.00049000443 0.00011252118 0.108385324 5.5847766e-05 0.13953829 0.000121724996 0.04882571 0.0014495157 4.316435e-06 0.14280191 0.00010170318 0.038344026 0.28431335 0.0035256173 5.5614604e-05 0.0070149074 3.186191e-05 3.012962e-05 1.8447373e-06 3.4515906e-06 1.3450875e-06 3.3129265e-06 4.7274548e-07 0.0005655234 0.5824959 0.33297807 3.2656742e-05 0.009055639 8.547063e-06 0.00013781953 1.9372012e-06 0.0016917555 0.00030549173 0.0001354039 0.06046955 0.0059363637 0.1962886 1.0731651e-05 0.09266248 0.0025873887 3.330857e-06 0.011135737 0.0010588346 3.0990561e-06 0.030091893 1.805378e-07 9.802163e-06 2.6349073e-06 0.0041270405 1.7761413e-05 4.3471537e-06 1.1714681e-05 1.4035955e-07 3.2325922e-06 3.633712e-07 0.021189172 0.0007575287 0.00010107652 5.2853266e-05 5.5666123e-07 2.2128523e-05 9.545377e-07 0.026784219 5.5273344e-05 2.5052432e-05 5.5239616e-07 6.0582184e-05 0.0019648669 0.00041014617 0.0028105972 7.675436e-07 6.209344e-08 5.140758e-09 9.079764e-07 0.0006882974 2.1257425e-07 4.5589986e-06 2.103603e-07
0.9216263 0.9574015 5.1792904e-16 0.86586607 0.35283148 0.39706153 0.014864715 0.7441478 0.7309459 0.92577523 0.40678725 0.24544442 0.022987219 0.013763992 0.0075651836 0.0014952308 0.81640446 0.09002008 0.009488599 0.002445328 0.037689187 0.04824005 0.0041630045 0.00027470576 0.00052175747 0.06241113 0.00020077308 0.30136544 0.0003074429 0.026854984 0.0065353494 1.7331218e-05 0.29083624 0.00024072443 0.01995161 0.5390484 0.003840734 0.00026202784 0.0032814322 0.00016403101 2.1016422e-05 1.2485654e-06 7.0030524e-06 2.4856915e-06 1.1642565e-05 5.5493565e-06 0.00093331706 0.821541 0.6109775 4.101182e-05 0.022746027 4.033766e-05 4.5339828e-05 2.3638831e-06 0.007233089 0.0014103132 0.00018778398 0.1719985 0.0027437494 0.4266285 0.00022093844 0.3715623 0.007985456 1.3642299e-05 0.004045588 0.0013033536 8.865432e-07 0.01681082 1.1692816e-07 9.879602e-07 7.928205e-06 0.026519658 1.5555157e-05 7.681585e-06 4.8593387e-07 2.3859563e-08 1.1560151e-05 1.4546491e-07 0.01100711 0.01096268 0.0005418498 0.00011119945 2.7517046e-07 1.051011e-05 1.8248198e-06 0.13764367 0.00018371196 0.0002582409 5.7545054e-07 1.9628524e-05 0.0006369624 7.923123e-05 0.0020214312 3.5126703e-07 5.9133015e-08 6.66315e-09 2.4127684e-07 0.0003355468 3.4107745e-07 8.922486e-06 5.7363657e-08
0.9518219 0.953565 0.86586607 2.3443323e-16 0.8720703 0.9472609 0.022862634 0.45955813 0.4277503 0.34469673 0.045697693 0.5444669 0.106964365 0.00570955 0.04806141 0.00075073517 0.11735484 0.8592341 0.008063367 0.006296709 0.13073641 0.08624299 0.0016201535 0.0003663592 0.0002244265 0.09272881 0.00023824505 0.023943553 0.0013344411 0.26179007 0.007570372 9.153095e-06 0.014507959 0.00012474573 0.062330145 0.33295083 0.0032257806 4.9266684e-05 0.03664294 4.4485867e-05 1.9639572e-05 4.308391e-06 1.2022145e-05 7.7479507e-07 1.1211484e-05 1.7702581e-05 0.00017148483 0.21156223 0.0330154 2.5105337e-05 0.00044886264 1.604919e-05 8.7158005e-05 1.3290758e-06 0.0013175487 0.00053150463 0.00010001201 0.003732686 0.003098863 0.06362875 8.781312e-05 0.11766524 0.00031884058 2.1734048e-05 0.02314168 0.0004763152 1.0915676e-06 0.034001004 1.4253985e-07 2.839488e-06 3.0409486e-05 0.00084423565 7.3229157e-06 2.0552407e-06 3.1483037e-06 2.9532002e-08 3.8635635e-06 7.158398e-08 0.028817499 0.00039647837 0.000114734336 0.00034105327 2.4700219e-06 0.00011387295 3.299702e-06 0.0050381003 0.00032245132 0.00011459765 1.7980319e-06 4.2089785e-05 0.0055114357 0.00017750364 0.0059236 9.867372e-07 1.3070609e-06 5.867269e-09 1.2239238e-07 0.0026837073 2.4848691e-06 1.6599804e-05 7.7577545e-07
0.91117144 0.46108648 0.35283148 0.8720703 1.6666523e-18 0.9602685 0.7899081 0.4419847 0.39787632 0.027333284 0.014676762 0.69025546 0.9147502 0.00026150956 0.45288494 3.555643e-05 0.010970373 0.24532312 0.16886976 0.31320113 0.016456282 0.2909245 9.113954e-05 5.480976e-06 0.024596782 0.024980469 0.030475134 0.001886372 0.042983342 0.24556157 0.05838537 0.0018150364 0.002639275 0.0016356567 0.029434439 0.24290948 0.0009875223 1.4853715e-06 0.18506423 3.9317237e-07 0.0022370096 0.00034344065 0.0030289993 8.746943e-09 0.000722923 0.0016335335 1.3527075e-05 0.042021524 0.0027501546 1.2811245e-07 2.7229218e-05 2.668611e-07 6.128578e-07 1.3238119e-08 0.0023111783 0.0032399397 0.007960668 0.001044687 0.0009016812 0.021896044 0.004503003 0.07266014 1.9326093e-05 0.00045856726 0.032877207 0.00020604061 1.6330871e-07 0.017157212 5.937841e-05 6.360282e-08 0.00032417368 0.0005011058 2.6413116e-07 0.00017914797 2.5587372e-08 5.00419e-05 1.0223054e-06 2.8398386e-05 0.018661238 0.0004998138 1.5979595e-05 0.00077317975 2.419102e-05 0.00026830152 7.246452e-05 0.0006603116 0.0015268499 4.7897676e-05 3.0043527e-06 4.4719943e-07 0.013954787 1.1391917e-05 0.005171105 1.6163901e-07 8.95248e-06 1.284588e-07 1.8337117e-08 0.010553063 1.9533774e-05 2.7885602e-05 3.3959886e-08
0.9225483 0.5381682 0.39706153 0.9472609 0.9602685 1.0522315e-18 0.19452374 0.3087919 0.2855417 0.03271414 0.019667657 0.34658968 0.37424856 0.0030333197 0.12171209 0.00087147416 0.014891736 0.86581427 0.02680615 0.08189939 0.0854712 0.08132385 0.00085761555 0.00022034676 0.0058777877 0.09666329 0.0020818426 0.0017962211 0.0039897608 0.6517638 0.00786337 0.00027377388 0.0024355121 0.0005860339 0.10254103 0.08937342 0.002638672 3.136973e-05 0.2603948 2.6920845e-05 0.00035316724 8.939533e-05 0.00037991963 2.8680752e-06 0.00019707049 0.00015131247 0.000108945955 0.023076816 0.0023276396 3.4212467e-06 1.34266975e-05 8.43131e-06 0.00012584588 8.5811325e-07 0.00075855484 0.00067139126 0.0012289903 0.00050703343 0.0021652435 0.010207585 0.00036133055 0.020169051 9.980025e-06 5.8401558e-05 0.08267824 0.0003294624 2.033673e-06 0.03359126 1.6079386e-05 2.3618335e-05 2.4854558e-05 0.0004288274 1.6202037e-05 4.7060614e-05 1.8524317e-05 3.1753905e-06 2.6212066e-07 3.4933742e-05 0.041309673 0.0009785328 5.721156e-06 0.0005385715 4.470039e-06 0.00016229294 7.178217e-06 0.0005978446 0.00096574734 7.0652815e-05 3.3785227e-06 1.4976126e-06 0.039013702 0.0001611023 0.009769827 3.702654e-07 3.0751944e-06 2.3965666e-07 1.2730156e-07 0.017601795 1.02528475e-05 2.913681e-05 7.1037107e-07
0.93794817 0.018214565 0.014864715 0.022862634 0.7899081 0.19452374 5.9149126e-16 0.12441075 0.08387489 0.0014823794 0.0015255152 0.7497205 0.9403836 4.4735258e-05 0.91550714 3.3480424e-06 0.001141112 0.005315784 0.60774624 0.93095917 0.00028251536 0.4314627 1.6197e-05 2.1655158e-07 0.2648862 0.0022509636 0.3379279 0.00019781747 0.609586 0.03517926 0.25302398 0.07062661 0.00053000124 0.06085419 0.0027096742 0.10545216 0.00013616687 9.593765e-07 0.06875402 2.397074e-07 0.0074249925 0.013041829 0.10419013 1.8924313e-09 0.005168891 0.17706741 7.423445e-06 0.0024351096 0.000119644144 1.939591e-08 6.204124e-06 1.401116e-07 5.994405e-08 1.1129895e-08 0.0045185536 0.014000884 0.0087797595 5.984064e-05 0.0002198168 0.0020682605 0.12381127 0.021755168 1.5402551e-05 0.010659283 0.0046934267 9.746941e-06 7.6961754e-08 0.003484961 8.2577884e-05 2.4444997e-08 0.015155793 0.00011185686 1.4002771e-07 0.0005770228 4.5411635e-08 5.7260062e-05 7.0756887e-06 1.412318e-05 0.004287303 4.3507724e-05 5.31122e-06 0.004185943 4.50215e-05 0.0033982377 0.001662455 6.85442e-05 0.014066502 2.2897407e-06 2.5028337e-05 3.3584993e-08 0.0067146136 1.5072699e-06 0.00064536434 3.9080414e-09 2.4530904e-05 7.8361194e-07 1.2339821e-07 0.0053021163 0.00020331843 2.9615413e-07 1.0283134e-07
0.22778077 0.69217616 0.7441478 0.45955813 0.4419847 0.3087919 0.12441075 5.4830106e-19 0.998385 0.03898429 0.0037154094 0.8754869 0.01906996 0.0007453051 0.036694273 0.0003567247 0.022803139 0.01045282 0.12451336 0.0020451099 0.0017362509 0.11002432 0.00050899194 3.4413475e-05 0.0002408815 0.0043592243 0.00024020845 0.0011060954 0.00025812816 0.010824778 0.024763754 0.0002277912 0.0054810923 0.0001912537 0.0017209289 0.664579 0.00046322303 8.164299e-05 0.0014226019 6.4740843e-06 0.0002564569 1.9707904e-05 8.193221e-05 1.6633007e-06 3.0247664e-05 1.5566991e-06 1.24354165e-05 0.22870116 0.015863014 5.9067776e-07 0.00012098788 3.9270286e-05 2.0672162e-06 3.1516814e-07 0.027677003 0.021877756 0.00028093555 0.006829052 0.0003017979 0.08722381 0.00047570374 0.21433029 3.2872344e-05 2.7736703e-05 0.0020055454 1.0729297e-05 5.463215e-07 0.0014489098 1.9283666e-06 6.0651178e-06 0.00013945675 0.0061877626 2.1452188e-06 2.2250783e-06 2.9799126e-06 2.6267507e-08 8.282395e-07 3.7973725e-06 0.0009145954 0.0073547964 0.00010121002 0.00024164103 7.687876e-07 5.352874e-05 1.9185885e-05 0.005919938 0.00060175 3.6800608e-05 6.9932315e-07 1.4069694e-06 0.00039442335 5.2834017e-05 0.00021998184 2.2859476e-07 1.520549e-07 3.2482552e-07 1.4330443e-06 0.0002554337 2.5457388e-07 5.475219e-06 5.545302e-07
0.35237318 0.6433077 0.7309459 0.4277503 0.39787632 0.2855417 0.08387489 0.998385 3.0796497e-17 0.029103287 0.001245531 0.75352395 0.023161892 0.00035902864 0.018808637 8.956582e-05 0.017138233 0.007895573 0.08116747 0.0015751895 0.0019560123 0.055038814 0.00034489535 1.3314538e-05 0.00020437696 0.0049230736 7.178501e-05 0.0007734147 7.101889e-05 0.011071624 0.015805338 4.48936e-05 0.002818822 9.591204e-05 0.0018965654 0.6581655 0.0006229627 3.948027e-05 0.0020706255 2.7477254e-06 2.3410299e-05 7.189597e-06 7.138547e-06 1.5776114e-07 7.705511e-06 2.5319378e-07 4.0912964e-06 0.24808477 0.017734367 3.7470215e-07 6.150541e-05 1.7577251e-05 1.733792e-06 1.06871816e-07 0.01901604 0.014764791 0.00020418955 0.0064868936 0.00033545558 0.098046005 0.00018178322 0.2477749 1.8584587e-05 1.7671646e-05 0.001828385 8.649381e-06 4.1720196e-07 0.0020513472 2.7618162e-07 3.6892445e-06 7.658605e-05 0.005088296 1.7403719e-06 9.876785e-07 1.857081e-06 1.0963138e-07 4.1944367e-07 7.00977e-07 0.0017274026 0.006034764 9.524782e-05 0.00016181401 2.588809e-07 2.5138494e-05 1.0260145e-05 0.005892813 0.00073502446 3.0111523e-05 5.609164e-07 6.590052e-07 0.0002855744 3.8326874e-05 0.00032282114 4.2929258e-07 1.5952398e-07 6.0812006e-08 4.29081e-07 0.0005337579 3.4940905e-07 1.2675199e-06 8.9604447e-07
0.907054 0.84936374 0.92577523 0.34469673 0.027333284 0.03271414 0.0014823794 0.03898429 0.029103287 2.6999575e-16 0.74374837 0.0043863934 0.0018998402 0.0905994 0.00026129195 0.011608579 0.9805555 0.013169644 0.00039624303 0.00044327503 0.05317457 0.0007254332 0.04185714 0.0015952582 2.6059624e-05 0.12701401 1.4571428e-05 0.72749096 1.016408e-05 0.006159455 0.00085622666 1.6428478e-06 0.63825333 1.9229134e-05 0.010435389 0.10860166 0.00459841 0.0036234043 0.0005697583 0.00060804625 6.9086504e-06 1.682146e-07 2.0168463e-06 4.965787e-05 2.2138136e-06 1.228727e-07 0.005494283 0.45065486 0.7120056 0.00019410015 0.10895385 7.581849e-05 0.0003164806 7.314551e-05 0.0005255301 0.0004212687 8.35324e-05 0.093318895 0.008079978 0.07972836 3.9047877e-06 0.019555474 0.054292616 1.2885112e-06 0.0011895428 0.001665108 4.9006467e-05 0.028501062 7.9468116e-08 4.496267e-05 3.0504482e-06 0.003329011 6.887629e-05 9.579119e-07 5.1529852e-05 6.030632e-08 0.0005398267 5.4461003e-07 0.012333369 0.00074756483 0.016764656 3.1058094e-05 1.2517916e-06 4.8638153e-06 1.0746762e-06 0.13203736 4.1453644e-05 0.0019399588 2.510567e-07 0.00040941013 0.0004303925 0.00064274564 0.0013497167 9.708034e-06 2.5137174e-07 1.4464459e-07 2.5956595e-05 7.037837e-05 1.3954426e-06 0.00053695875 1.3091679e-06
0.93402696 0.39912578 0.40678725 0.045697693 0.014676762 0.019667657 0.0015255152 0.0037154094 0.001245531 0.74374837 2.3529874e-16 0.0015030935 0.0024073285 0.98372096 0.00017823286 0.3448882 0.7448202 0.01093983 0.0005861443 0.00074185344 0.36454517 0.00030908745 0.63694954 0.23021364 6.0155806e-05 0.24047126 2.8095013e-05 0.87748194 6.0990496e-06 0.0069133146 6.5443455e-05 1.3833446e-05 0.37458423 8.924779e-05 0.022799462 0.0027843947 0.04164417 0.21513554 0.0018512452 0.0780496 1.741756e-05 5.79699e-07 1.960685e-06 0.0013068704 9.631162e-06 7.1437086e-08 0.23088834 0.011353815 0.20135722 0.08466591 0.51736027 0.0026513766 0.004418889 0.0028880045 9.253772e-05 0.00015567245 0.0003189108 0.0034297393 0.099557966 0.0016679218 2.8759468e-06 0.00024658986 0.21890864 9.278276e-07 0.0021134506 0.02954854 0.00030276654 0.08981357 1.1409405e-06 6.974396e-05 2.8818358e-06 0.00012856646 0.0004984864 1.4112401e-06 0.00012517165 5.3735242e-08 0.009298651 2.4783938e-06 0.047272585 1.1226109e-05 0.0830151 7.02365e-05 7.918068e-07 2.5498426e-05 4.200371e-06 0.023208704 0.00024624888 0.002107316 1.0341665e-06 0.0038774225 0.0006781186 0.0022033823 0.018558916 0.00025742728 2.3272264e-07 1.4545991e-07 1.2276507e-05 0.00048533207 1.0157369e-06 0.00069129147 5.729876e-06
0.9251156 0.18504149 0.24544442 0.5444669 0.69025546 0.34658968 0.7497205 0.8754869 0.75352395 0.0043863934 0.0015030935 2.0047386e-17 0.27232316 0.0005101184 0.90289086 4.7996353e-05 0.0032291524 0.0046969955 0.9437685 0.09495895 0.0012455845 0.92963004 0.000266321 3.3542696e-05 0.0024985957 0.002675114 0.0017928062 0.0009462822 0.055637296 0.017373292 0.69708043 0.00031938194 0.0043362235 0.0013824445 0.0018324512 0.8551817 0.00030431262 9.710418e-05 0.010662521 6.313988e-06 0.0007177635 8.499581e-05 0.00074854936 2.6846774e-07 0.00037710404 0.0005714057 2.1181295e-05 0.105806924 0.013213822 1.8869672e-07 8.364967e-05 4.7416756e-06 9.151576e-06 2.7037112e-07 0.08982539 0.25335598 0.0006901315 0.0017486549 0.00034874905 0.08184982 0.038483564 0.6181194 3.339437e-05 0.00012000113 0.0019433429 2.0226393e-05 2.028681e-06 0.0019620853 1.2774035e-05 7.0240744e-06 0.0013726711 0.0016223321 4.165458e-06 5.1615087e-05 4.8428114e-06 3.0496715e-06 6.653908e-06 2.3072296e-05 0.0019763794 0.00550802 0.00014734977 0.0039189644 4.5823626e-06 0.00022730078 0.00023563116 0.0013149903 0.11874357 5.7978246e-05 1.6661324e-05 6.056693e-07 0.00068082754 5.4067757e-05 0.00021467867 3.2684628e-07 1.2451556e-05 2.658571e-06 3.3245973e-07 0.00027668345 0.0002760172 3.1159827e-05 3.2655436e-07
0.9460524 0.029783368 0.022987219 0.106964365 0.9147502 0.37424856 0.9403836 0.01906996 0.023161892 0.0018998402 0.0024073285 0.27232316 4.0518949e-16 0.0008382719 0.30690023 1.3182079e-05 0.0012008715 0.137032 0.08464332 0.9500311 0.008737057 0.11028171 0.00014009497 5.2454543e-06 0.28687724 0.016863335 0.20961598 0.00014549427 0.09048306 0.4045881 0.034585144 0.0067803264 0.0006311232 0.020801812 0.023807405 0.021951964 0.0013692488 6.901815e-06 0.6908243 3.854124e-06 0.005767184 0.0017023822 0.008796224 5.5259395e-08 0.0018986412 0.0071396884 1.0439156e-05 0.00076244195 1.49610305e-05 2.4166349e-07 8.186199e-07 1.5254881e-06 4.136824e-06 1.7768036e-07 0.00053645053 0.0015953731 0.035770543 2.5874071e-05 0.0009223986 0.0003450414 0.0050343107 0.002243852 2.7859166e-06 0.0006447953 0.06347907 7.182562e-05 6.039793e-07 0.014623711 0.00037517757 9.295741e-07 0.00090408995 0.00025451163 2.6355733e-06 0.0006342235 6.932506e-07 8.361465e-05 3.3743365e-06 7.952631e-05 0.020965163 0.00033083832 2.5440228e-05 0.0006514081 3.7797356e-05 0.00050777383 5.6100635e-05 0.00012596199 0.0010072987 2.570942e-05 2.1026644e-05 9.188844e-07 0.06475138 1.5122972e-05 0.0037154912 1.5593744e-07 1.787148e-05 3.2828718e-06 6.5103075e-07 0.02950806 6.124045e-05 1.0599869e-05 1.2381345e-06
0.64702135 0.03495212 0.013763992 0.00570955 0.00026150956 0.0030333197 4.4735258e-05 0.0007453051 0.00035902864 0.0905994 0.98372096 0.0005101184 0.0008382719 7.554178e-18 0.00018973983 0.9834492 0.11150915 0.011055433 0.00014188826 0.00016886936 0.53670573 3.4962773e-05 0.59048134 0.60032207 2.1746653e-05 0.050034914 5.7041366e-06 0.38699162 8.1365806e-07 0.002617425 3.6698777e-06 1.2173612e-06 0.06367538 1.4200975e-05 0.007190537 0.00018483668 0.10597294 0.22092432 0.0005703256 0.06198249 5.4725097e-06 3.9832398e-07 2.4040025e-06 0.01215852 2.083652e-06 4.3318863e-08 0.32195455 0.0014922507 0.019061977 0.16988464 0.399064 0.007398299 0.010755386 0.047526706 8.085917e-06 3.780318e-06 0.0002610618 0.0009461319 0.052167602 0.00025606735 8.604854e-06 3.0031482e-05 0.11054822 1.7182269e-06 0.0021712806 0.037421126 0.0003505223 0.017114656 6.090708e-08 0.00032861956 5.011208e-06 6.714757e-05 0.0010103664 1.2198883e-07 0.00027750077 2.805375e-09 0.008093321 6.059767e-07 0.010185738 1.3792063e-06 0.034020342 8.1020147e-07 1.2298665e-07 1.1206604e-06 6.498484e-07 0.0011692733 2.4317371e-06 0.0007661275 3.352515e-08 0.0023773904 0.00034865647 0.0035109208 0.009928161 0.0004538885 5.9879226e-09 3.888746e-07 4.6147074e-05 0.00062408065 5.2633027e-08 0.00066932046 1.0877015e-05
0.9096392 0.004027387 0.0075651836 0.04806141 0.45288494 0.12171209 0.91550714 0.036694273 0.018808637 0.00026129195 0.00017823286 0.90289086 0.30690023 0.00018973983 6.1569386e-18 1.366564e-06 0.00017413017 0.0014106771 0.9701921 0.37240115 0.00011708477 0.66948575 2.8649383e-05 3.420446e-07 0.10711462 0.00065387407 0.1499663 4.5230867e-05 0.84027255 0.027216207 0.5748741 0.023193734 0.0005468694 0.061832167 0.0015211853 0.28436953 2.3946359e-05 7.700009e-06 0.046437982 1.9503895e-07 0.025601674 0.0138364695 0.101138465 7.589162e-09 0.010272834 0.05867163 2.4849116e-06 0.000999588 0.0002860637 9.275975e-09 1.9836682e-06 7.994659e-07 3.3231722e-06 7.648251e-08 0.01844746 0.12622918 0.010829791 2.6982147e-05 0.00014898618 0.0020667047 0.37655511 0.13860682 3.0306608e-06 0.0106327385 0.004679438 9.320263e-06 1.7515247e-06 0.002254132 0.0011029185 1.3247081e-05 0.052304227 5.5466764e-05 2.5069198e-06 0.0025424308 5.913679e-06 6.680273e-05 1.4150216e-06 0.0011300495 0.00057347753 0.00038470022 2.1515654e-05 0.027269332 0.00012872425 0.0031973352 0.009661181 8.5937456e-05 0.121353224 1.2428791e-05 9.5751646e-05 1.2365112e-07 0.0041062078 8.599558e-05 0.00022577078 3.8283366e-07 0.00028086855 5.272615e-05 4.768392e-07 0.00074540207 0.0022041674 4.1155004e-06 1.1481521e-06
0.55155885 0.006256342 0.0014952308 0.00075073517 3.555643e-05 0.00087147416 3.3480424e-06 0.0003567247 8.956582e-05 0.011608579 0.3448882 4.7996353e-05 1.3182079e-05 0.9834492 1.366564e-06 4.017122e-19 0.014434819 0.0019216713 3.0498143e-06 6.462451e-06 0.3247939 1.4168879e-06 0.72558093 0.96012783 1.4714178e-06 0.054072555 3.0543418e-07 0.20166412 6.606069e-08 0.0010388372 4.3248096e-07 1.578159e-07 0.014976293 2.8931508e-06 0.006931006 2.1618327e-05 0.19845761 0.3091465 0.00019988795 0.14722726 2.7683006e-07 5.429049e-09 5.9427553e-08 0.19672884 9.178133e-07 3.783024e-09 0.2802338 0.0001880284 0.0048148176 0.19302242 0.31355256 0.027603088 0.10760611 0.07243606 1.0504112e-06 5.9436934e-07 2.7878395e-05 3.325673e-05 0.094385855 2.7041988e-05 1.1068909e-07 1.61011e-05 0.028358318 5.0387722e-08 0.0020191923 0.053308997 0.012051786 0.043819007 7.121737e-08 0.0010872597 1.0257824e-07 1.2149436e-05 0.0021536902 1.6822687e-08 0.0027075508 5.347653e-09 0.0020974565 8.9654655e-08 0.015433541 4.7534496e-07 0.0078040664 3.83101e-07 3.3414647e-08 4.3129515e-07 1.5884629e-07 0.00019597897 1.2852375e-05 0.0003655551 8.0106524e-08 0.0030296668 0.00042144713 0.0051511703 0.0075734924 0.00045777982 2.1556994e-09 4.4003052e-08 5.9522084e-05 0.00017342731 2.208851e-08 0.00021053664 1.5938318e-05
0.7100075 0.6565602 0.81640446 0.11735484 0.010970373 0.014891736 0.001141112 0.022803139 0.017138233 0.9805555 0.7448202 0.0032291524 0.0012008715 0.11150915 0.00017413017 0.014434819 6.425333e-15 0.0053767315 0.00043889505 0.00026982208 0.05218278 0.00036012233 0.039077107 0.0021099895 9.366295e-06 0.05765388 2.704935e-06 0.90904456 9.483619e-06 0.003267349 0.00032049074 3.335899e-06 0.8666405 1.7967915e-05 0.0063056485 0.028474323 0.0040582176 0.0070548356 0.0004787382 0.0011226736 3.9337774e-06 6.52999e-08 2.4993406e-06 0.00011358997 1.8290449e-06 1.7713471e-07 0.007369586 0.2535174 0.53341836 0.00093436165 0.10880899 0.000173381 0.00034123953 0.00025413252 0.00028607133 0.000107839995 0.00011575061 0.08157305 0.0060944073 0.023906842 3.6394852e-06 0.004241923 0.08260619 1.108032e-06 0.0010512612 0.0008018663 2.6046955e-05 0.013586126 1.6411634e-07 7.979033e-06 2.1807787e-06 0.0019056298 7.056692e-06 3.777184e-07 7.4733243e-06 1.4247468e-08 0.0015819641 7.39948e-07 0.006498051 0.0007254431 0.028736383 7.253515e-06 8.313796e-07 1.58642e-06 4.6689973e-07 0.0949021 1.8236813e-05 0.0075032613 2.5446124e-07 0.00069840474 0.000109494256 0.00020714667 0.0013902836 1.6307215e-05 2.1413983e-08 2.7763285e-08 1.3859169e-05 8.59595e-05 1.4129013e-07 0.0025446175 1.5130018e-06
0.87875575 0.4119026 0.09002008 0.8592341 0.24532312 0.86581427 0.005315784 0.01045282 0.007895573 0.013169644 0.01093983 0.0046969955 0.137032 0.011055433 0.0014106771 0.0019216713 0.0053767315 4.028686e-15 0.0004916209 0.045086607 0.7796604 0.00041379035 0.037217513 0.0044774464 0.018175313 0.8550994 0.0037831347 0.0023089224 0.00012744461 0.93332344 2.1941685e-05 0.0010595957 0.000267435 0.004632573 0.8944821 0.0010750376 0.12210714 0.0014647535 0.2667364 0.0018360015 0.0038671342 3.7763093e-05 0.0002242143 0.0002580371 0.0007454331 3.578544e-05 6.462429e-05 0.0010804795 0.00038615818 2.9542074e-05 0.00023915584 0.00062472676 0.0004819542 4.8220845e-05 5.908947e-05 1.0325578e-05 0.008986911 0.00022921682 0.038853765 0.00044634537 0.00056245626 0.00034804738 1.7467748e-05 7.040174e-05 0.14343128 0.011274514 6.2678315e-05 0.17113012 4.186648e-05 9.0871195e-05 8.365472e-06 0.0001238158 0.00038298557 0.00029608424 0.00011447497 0.00013400326 6.797904e-06 1.4373524e-05 0.14265445 9.606235e-05 0.0016388192 0.00013983002 5.551974e-07 2.3186023e-05 1.3047769e-06 0.0019776693 0.0002865281 0.00024425986 6.2250837e-07 2.165827e-06 0.04003596 0.0016472477 0.03191948 3.682181e-07 3.9606223e-07 2.6092214e-06 2.5489078e-06 0.029309891 6.4834353e-07 2.9236291e-05 3.2495368e-06
0.27914792 0.005653568 0.009488599 0.008063367 0.16886976 0.02680615 0.60774624 0.12451336 0.08116747 0.00039624303 0.0005861443 0.9437685 0.08464332 0.00014188826 0.9701921 3.0498143e-06 0.00043889505 0.0004916209 1.1517943e-19 0.07035333 1.6610287e-05 0.97579867 9.664193e-06 2.3580951e-07 0.007873319 3.9630297e-05 0.0286591 8.357432e-05 0.61977756 0.0036986703 0.7095539 0.0054479945 0.0004312586 0.006174914 0.0002837823 0.34350136 2.5810448e-06 7.2516405e-06 0.004486091 4.5518192e-07 0.0030473415 0.0024767863 0.014998662 8.127293e-08 0.0018707499 0.012228535 1.337659e-06 0.0012812682 0.00038459495 2.3349696e-09 2.9314058e-06 2.0393886e-06 2.6681835e-07 5.2707736e-09 0.02458025 0.15789057 0.0028715194 7.012666e-05 1.3649287e-05 0.0018077627 0.2039033 0.023204587 1.4482354e-06 0.0046092784 0.00038349343 2.2192685e-07 8.112116e-08 0.00015926323 0.000746173 1.059542e-07 0.019365752 0.00014225788 1.6498998e-07 0.00039337773 9.072913e-08 5.2411833e-06 9.635044e-07 0.00036971198 0.00023836801 0.00037252158 5.5669945e-05 0.010105538 4.193097e-05 0.0012063654 0.006774428 1.7827493e-05 0.029044285 8.414955e-06 4.2146097e-05 3.9548645e-08 0.00042889224 1.8207913e-05 3.8940387e-05 7.1224434e-08 5.1329156e-05 1.611408e-05 2.1995507e-07 0.00013892284 0.0011069386 4.1858034e-06 2.7822512e-07
0.9449023 0.0014868696 0.002445328 0.006296709 0.31320113 0.08189939 0.93095917 0.0020451099 0.0015751895 0.00044327503 0.00074185344 0.09495895 0.9500311 0.00016886936 0.37240115 6.462451e-06 0.00026982208 0.045086607 0.07035333 3.8752808e-15 0.0028964477 0.0652159 0.00014253001 4.8009556e-06 0.98033255 0.008532831 0.6650812 2.0000933e-05 0.54086614 0.23146978 0.050976604 0.062444396 0.00025142537 0.3507855 0.007912771 0.0052205664 0.0004192377 7.5549665e-06 0.57193565 5.96589e-06 0.08671306 0.024773302 0.039287135 4.7866823e-08 0.03807778 0.20845875 3.89376e-05 9.082571e-05 2.4751827e-05 5.614661e-07 2.3877526e-06 2.219314e-06 7.648437e-07 4.861042e-08 0.00012048424 0.0012388042 0.19835536 3.7492073e-06 0.0011321778 5.3767464e-05 0.09186801 0.000956088 4.591818e-05 0.008824372 0.042668544 0.00011356474 7.7397016e-07 0.0075939316 0.00077040406 1.7903883e-06 0.010165559 4.617965e-05 2.9564771e-06 0.0028262297 5.2529106e-07 0.0018336787 2.7793299e-06 0.00011876935 0.015090169 0.0003748162 3.9742703e-05 0.0007638823 0.00016644484 0.001085 0.00080329727 0.00019697992 0.0022730988 3.5171288e-05 0.00039940796 1.802236e-06 0.07058561 2.9790035e-06 0.0034385296 1.5947525e-06 0.0010240253 2.8791263e-05 2.7869729e-07 0.05105463 0.00034919902 3.800827e-05 1.2188715e-06
0.8961639 0.09945133 0.037689187 0.13073641 0.016456282 0.0854712 0.00028251536 0.0017362509 0.0019560123 0.05317457 0.36454517 0.0012455845 0.008737057 0.53670573 0.00011708477 0.3247939 0.05218278 0.7796604 1.6610287e-05 0.0028964477 6.5871724e-15 3.5474568e-05 0.98805803 0.29546502 0.0002948889 0.9550487 8.387253e-05 0.10603735 1.2040974e-05 0.27005196 1.8954307e-06 7.744349e-06 0.013839253 0.0003654812 0.427011 8.5543004e-05 0.8464768 0.052303612 0.032914743 0.03134194 0.00016740634 4.3853433e-07 1.0171246e-05 0.012440335 3.3589047e-05 4.6595696e-06 0.018561512 0.00066283246 0.007196845 0.0049810647 0.037143044 0.0043057743 0.0068809 0.037421867 5.433413e-06 2.746591e-06 0.0012673503 0.00015759731 0.28601694 2.4384752e-05 3.9104318e-05 1.7640814e-05 0.0058808555 1.1617317e-06 0.09788033 0.11354904 0.0001347536 0.46343252 8.535332e-08 3.4043696e-05 1.6707316e-06 2.6725435e-05 0.00044280986 5.0874267e-05 7.6611694e-05 6.7303165e-07 7.939423e-05 9.597411e-08 0.28449604 1.6380254e-05 0.00014700266 5.3030817e-06 4.4987465e-07 8.011768e-06 9.888266e-07 0.00031856945 1.2059638e-05 2.3127568e-05 1.8495544e-07 4.3086515e-05 0.015970461 0.004251824 0.16105446 7.3314404e-06 7.956787e-07 3.060031e-08 2.8697126e-05 0.0087629035 3.7683867e-07 1.4901453e-05 3.1448363e-07
0.4551172 0.020290123 0.04824005 0.08624299 0.2909245 0.08132385 0.4314627 0.11002432 0.055038814 0.0007254332 0.00030908745 0.92963004 0.11028171 3.4962773e-05 0.66948575 1.4168879e-06 0.00036012233 0.00041379035 0.97579867 0.0652159 3.5474568e-05 1.4472851e-16 3.5230103e-05 8.807647e-07 0.0018091615 0.00031315704 0.0021875924 7.65172e-05 0.24322844 0.0017761245 0.9807263 0.00028952933 0.00032466717 0.002041325 0.0002529516 0.7575932 3.5703764e-05 6.541438e-05 0.0017465849 1.212266e-06 0.00023033592 0.00015287039 0.00022766892 1.3516525e-07 0.00037590475 0.00026734447 1.0390264e-06 0.0050490475 0.00041842708 6.240234e-09 1.0165306e-06 3.0536473e-06 2.415067e-06 5.4154077e-09 0.16052213 0.5261189 0.001484692 0.00010095341 0.00012520936 0.009770455 0.14552599 0.34360662 2.331633e-06 0.00023776318 6.5958564e-05 3.1881345e-06 4.135873e-06 0.0009429917 1.0368225e-05 6.2448726e-07 0.014889649 0.00046409786 7.1294596e-07 0.00011097676 1.948708e-06 2.3461e-06 1.0571092e-06 6.6922953e-06 0.00067500287 0.0032616204 3.2885764e-05 0.040665407 6.9921352e-06 0.00016527827 0.005098268 0.00024650543 0.29197094 5.8835108e-06 3.274528e-05 2.0068441e-08 0.0002640618 1.4206745e-05 0.00011662719 3.6725417e-08 3.218031e-06 3.764009e-07 6.570805e-07 0.0001025923 0.0005297944 7.464951e-07 5.9577906e-07
0.87727207 0.00403507 0.0041630045 0.0016201535 9.113954e-05 0.00085761555 1.6197e-05 0.00050899194 0.00034489535 0.04185714 0.63694954 0.000266321 0.00014009497 0.59048134 2.8649383e-05 0.72558093 0.039077107 0.037217513 9.664193e-06 0.00014253001 0.98805803 3.5230103e-05 8.4557944e-14 0.9526521 3.2413638e-05 0.24211484 6.290014e-06 0.4194613 1.3955379e-05 0.019638814 2.5388703e-05 7.891119e-07 0.072947815 2.4266164e-05 0.072294876 8.515735e-05 0.72772926 0.37099138 0.0039850324 0.2822769 1.6682527e-06 1.2129662e-07 3.2840978e-07 0.06910902 8.4242083e-07 6.9999635e-07 0.27076432 0.00023876253 0.012726164 0.05422435 0.3577004 0.026269933 0.051754758 0.23154663 2.697804e-06 2.354887e-06 0.00018078307 1.7716276e-05 0.27072135 2.7314942e-05 1.1766747e-05 2.5084732e-05 0.049412232 5.243671e-07 0.017478062 0.3095715 0.00055021374 0.20030881 1.9599707e-08 0.00020356657 1.51337e-06 4.5648438e-05 0.0010315564 6.0123543e-06 0.0003597407 1.9642978e-07 0.00054478436 1.1803588e-07 0.13493954 3.8055063e-05 0.0053718467 7.6696015e-06 1.6838007e-07 1.6523775e-06 1.5036298e-07 0.0002873192 0.00013752058 6.0131315e-05 8.0703893e-07 0.0009340088 0.0031957317 0.014822099 0.12612617 0.00013875854 1.5367798e-06 1.2592048e-07 0.00010255091 0.0024564047 3.423742e-07 1.9467696e-05 1.0144735e-06
0.6725462 0.00049000443 0.00027470576 0.0003663592 5.480976e-06 0.00022034676 2.1655158e-07 3.4413475e-05 1.3314538e-05 0.0015952582 0.23021364 3.3542696e-05 5.2454543e-06 0.60032207 3.420446e-07 0.96012783 0.0021099895 0.0044774464 2.3580951e-07 4.8009556e-06 0.29546502 8.807647e-07 0.9526521 1.4745014e-17 5.223875e-07 0.05413141 7.019059e-08 0.048408005 1.14235085e-07 0.0025863561 1.0050661e-06 1.1955584e-08 0.0034967894 3.4556517e-06 0.015534196 1.8020609e-06 0.39365667 0.86107504 0.00028869195 0.6028781 1.300355e-07 1.5596345e-09 3.1275945e-08 0.4759555 1.4489794e-07 4.728875e-09 0.15608007 3.1011375e-06 0.00036276135 0.22437392 0.15851651 0.35375312 0.45620748 0.5108845 7.0526386e-07 5.0210808e-08 2.2046308e-05 1.2051491e-06 0.13518085 2.6426167e-07 3.4740083e-07 4.974356e-07 0.029792188 6.2200954e-08 0.0046619414 0.12944894 0.004239879 0.03731247 6.3284256e-10 0.0015313195 4.4794854e-07 7.0298347e-07 0.008495632 1.05904704e-07 0.00064390857 3.0601655e-08 0.004422644 4.5318533e-08 0.02189925 1.606071e-08 0.0033899932 2.1396767e-07 4.338336e-08 1.6811309e-07 1.9807267e-08 1.0483623e-05 6.4083747e-06 8.040111e-06 1.4987542e-08 0.0027647086 0.0002949482 0.012974869 0.033147987 0.0008465989 5.66791e-09 1.7388365e-09 0.00031613765 0.00043367894 2.7290643e-09 9.783933e-06 1.25271545e-05
0.95631665 0.00011252118 0.00052175747 0.0002244265 0.024596782 0.0058777877 0.2648862 0.0002408815 0.00020437696 2.6059624e-05 6.0155806e-05 0.0024985957 0.28687724 2.1746653e-05 0.10711462 1.4714178e-06 9.366295e-06 0.018175313 0.007873319 0.98033255 0.0002948889 0.0018091615 3.2413638e-05 5.223875e-07 2.7210505e-16 0.0034254133 0.8819957 1.5984004e-06 0.29573438 0.20590758 0.0017060187 0.21790679 1.5762391e-06 0.9555489 0.006276128 4.0802563e-05 0.000277809 4.6686837e-06 0.75273705 1.3398766e-06 0.3587566 0.05714109 0.08771948 1.6099294e-08 0.21999618 0.17666078 5.9299185e-07 2.9198134e-06 8.608546e-08 4.3003734e-08 8.781918e-08 8.370895e-07 2.107939e-07 1.0588324e-08 5.5142613e-05 0.0001468177 0.5906876 1.9062702e-07 0.0007588942 2.257953e-06 0.035900924 4.5304e-05 9.83614e-07 0.008290453 0.09915207 8.472066e-05 6.095996e-08 0.0057428125 0.0030045682 3.2830582e-07 0.0044659283 5.486541e-06 1.7161128e-06 0.016055707 4.601841e-08 0.0043552606 4.72594e-07 0.00027756166 0.010946556 1.2469809e-05 4.9442556e-06 0.0005407748 0.00021476569 0.0018563473 0.0006252491 1.0107378e-05 0.00012985416 3.368989e-06 0.00089717546 2.391557e-07 0.189842 4.1451705e-07 0.0026456164 2.6868491e-07 0.0024142566 9.89317e-05 2.2022435e-07 0.1435311 0.00022810053 3.6484757e-06 2.1601356e-06
0.9301009 0.108385324 0.06241113 0.09272881 0.024980469 0.09666329 0.0022509636 0.0043592243 0.0049230736 0.12701401 0.24047126 0.002675114 0.016863335 0.050034914 0.00065387407 0.054072555 0.05765388 0.8550994 3.9630297e-05 0.008532831 0.9550487 0.00031315704 0.24211484 0.05413141 0.0034254133 3.2540897e-15 0.00031087507 0.079724774 0.00019146429 0.45361847 3.0633706e-05 3.8101833e-05 0.016291812 0.0018756895 0.9629676 0.00074693596 0.69514513 0.029047258 0.10338657 0.07836836 0.00071030913 7.454952e-06 1.4805116e-05 0.009846612 0.00023869012 2.1750575e-05 0.003840818 0.0011387101 0.0046896487 0.0019206775 0.009179776 0.013955421 0.007574576 0.0074415808 1.0169276e-05 8.2615287e-07 0.0029555587 6.83283e-05 0.3964208 9.9880475e-05 0.00016384042 0.00020913783 0.0004355919 6.1930277e-06 0.2949659 0.18526845 0.00019203685 0.7249991 1.0810123e-06 0.00038467342 1.6951734e-06 8.996836e-05 0.0023166488 0.00030133486 3.7917365e-05 1.4471772e-05 4.775002e-06 4.569016e-07 0.4779596 7.396348e-05 0.00026269213 7.4882278e-06 4.8361187e-08 2.9248463e-06 1.8195917e-07 0.0046656798 4.5914505e-05 0.00012795208 1.4464845e-07 2.5284535e-05 0.09140866 0.0058294167 0.16075897 5.2880264e-06 4.3614693e-07 4.3517016e-07 3.8046353e-05 0.040867522 2.6372967e-07 1.1242984e-05 4.5750897e-07
0.75788754 5.5847766e-05 0.00020077308 0.00023824505 0.030475134 0.0020818426 0.3379279 0.00024020845 7.178501e-05 1.4571428e-05 2.8095013e-05 0.0017928062 0.20961598 5.7041366e-06 0.1499663 3.0543418e-07 2.704935e-06 0.0037831347 0.0286591 0.6650812 8.387253e-05 0.0021875924 6.290014e-06 7.019059e-08 0.8819957 0.00031087507 2.2279398e-18 1.7805312e-06 0.3844458 0.032756217 0.0054615405 0.9706705 2.058651e-05 0.8856902 0.001670132 6.809983e-05 8.525177e-05 2.7745327e-07 0.19692461 8.325741e-08 0.91556287 0.5076948 0.5144451 4.96102e-09 0.39559108 0.46290457 2.8543336e-06 8.756934e-07 2.8558463e-07 5.2783595e-09 1.7057712e-08 8.260146e-08 1.0755379e-07 9.497089e-09 0.00011098342 0.0005830142 0.23035903 9.292289e-08 5.3922027e-05 1.9864417e-06 0.13021931 2.0839869e-05 1.2742381e-06 0.082018055 0.016634177 1.3113323e-06 5.957577e-08 0.0019837422 0.018094055 5.6479383e-08 0.020759672 1.6727882e-06 6.935644e-08 0.03618247 4.9761095e-08 0.0102161635 9.739122e-07 0.0051935078 0.002648628 1.3412266e-06 2.8451666e-06 0.002052075 0.0024551728 0.013939438 0.0069388403 1.1788582e-05 0.00022715254 1.4640314e-06 0.013599148 1.1215156e-08 0.022634584 1.6869855e-08 0.00053216063 4.684652e-09 0.014183508 0.00034824986 5.026409e-08 0.031179877 0.0016333091 9.24585e-07 3.4708458e-07
0.8727074 0.13953829 0.30136544 0.023943553 0.001886372 0.0017962211 0.00019781747 0.0011060954 0.0007734147 0.72749096 0.87748194 0.0009462822 0.00014549427 0.38699162 4.5230867e-05 0.20166412 0.90904456 0.0023089224 8.357432e-05 2.0000933e-05 0.10603735 7.65172e-05 0.4194613 0.048408005 1.5984004e-06 0.079724774 1.7805312e-06 5.5387726e-15 4.0868435e-06 0.001273453 4.207634e-05 6.282835e-07 0.9715406 2.7229437e-06 0.004904016 0.00039502082 0.015793014 0.08824578 0.0003007151 0.023936292 1.9355907e-06 5.4395177e-09 2.6598045e-07 0.008867797 6.8513543e-07 2.7067799e-08 0.51577526 0.027309274 0.5126879 0.04355702 0.7689667 0.0017328954 0.0015774558 0.003710139 2.4249344e-05 1.9361456e-05 7.042874e-05 0.023649959 0.022637764 0.0009725772 7.3468135e-07 7.642232e-05 0.4881951 4.015775e-07 0.0001505536 0.0034762013 0.00036092312 0.03761086 2.109263e-06 4.3381726e-05 7.89553e-07 0.00040838687 5.266705e-05 5.8845177e-07 9.020204e-05 1.3195272e-07 0.06496214 1.9286533e-06 0.012663844 1.27765925e-05 0.22990952 8.7288265e-07 1.409081e-07 2.966304e-07 3.2245114e-07 0.06458995 1.5334806e-05 0.023824498 9.1741686e-07 0.008751541 0.00055800064 0.00093881245 0.0068755015 0.0008569676 9.555037e-08 2.0026889e-07 0.00015875265 7.816863e-05 3.0347533e-06 0.01563624 1.9170851e-05
0.9417139 0.000121724996 0.0003074429 0.0013344411 0.042983342 0.0039897608 0.609586 0.00025812816 7.101889e-05 1.016408e-05 6.0990496e-06 0.055637296 0.09048306 8.1365806e-07 0.84027255 6.606069e-08 9.483619e-06 0.00012744461 0.61977756 0.54086614 1.2040974e-05 0.24322844 1.3955379e-05 1.14235085e-07 0.29573438 0.00019146429 0.3844458 4.0868435e-06 1.6328218e-17 0.004588636 0.6723533 0.21582882 1.9892103e-05 0.42791608 0.00013824525 0.005079501 2.9913976e-05 9.913065e-06 0.019444661 6.7976345e-07 0.07731026 0.18484262 0.47892505 7.680598e-09 0.08107357 0.9215693 1.14489765e-07 1.1993287e-05 2.4176825e-06 4.7538706e-09 3.0937335e-07 4.5564536e-07 1.6642791e-07 6.6061667e-09 0.0012196727 0.09263803 0.028373247 5.88792e-07 3.6071648e-05 6.539064e-06 0.9785316 0.00013190295 5.334154e-06 0.5776157 0.00030768433 2.8734823e-06 1.4964927e-07 0.00037554093 0.0009222518 9.384014e-08 0.55417854 1.0595699e-06 3.2803698e-07 0.010482993 8.957591e-07 0.00020645582 4.5536326e-06 0.00031597368 0.00026507152 9.575501e-07 6.2251784e-05 0.061902627 0.0067196265 0.49123803 0.15013888 7.058456e-06 0.02349071 1.8154084e-06 0.02330445 1.386308e-09 0.0033338037 1.3939018e-05 9.8059725e-05 8.757444e-09 0.06760823 2.9271921e-05 7.3167165e-08 0.00029941363 0.03450228 4.941863e-07 4.9173483e-08
0.93259794 0.04882571 0.026854984 0.26179007 0.24556157 0.6517638 0.03517926 0.010824778 0.011071624 0.006159455 0.0069133146 0.017373292 0.4045881 0.002617425 0.027216207 0.0010388372 0.003267349 0.93332344 0.0036986703 0.23146978 0.27005196 0.0017761245 0.019638814 0.0025863561 0.20590758 0.45361847 0.032756217 0.001273453 0.004588636 3.9181464e-17 0.00010460318 0.0061465544 0.00013703632 0.032547552 0.6915559 0.002031476 0.02987858 0.00093995605 0.9766208 0.0015988756 0.010736638 0.0022852079 0.0066735675 5.2542535e-05 0.005171687 0.002798696 9.169363e-06 0.0004451857 8.508007e-05 1.4402532e-05 2.2503782e-05 0.00060540834 0.00011555747 5.9090285e-06 6.356586e-05 1.5638736e-05 0.01867268 4.2071686e-05 0.019857708 0.0008965035 0.0013642054 0.0010891479 2.5084887e-06 0.0001770796 0.8621044 0.0031239374 4.088847e-06 0.19629511 0.00059628475 2.0520594e-05 2.5042209e-05 0.00016677356 0.00019543992 0.0035397958 3.2766661e-06 0.000696931 4.7244484e-07 9.499639e-06 0.23142856 0.00029928313 1.47783985e-05 0.00021386986 8.17086e-06 8.639879e-05 2.3650928e-05 0.0004523585 0.00046581906 3.5663816e-05 2.4801104e-06 6.5243785e-07 0.40726748 4.7755144e-05 0.049426384 1.1386855e-07 6.419624e-06 3.5720573e-06 1.1790548e-07 0.15195149 4.1939707e-06 2.9097475e-06 4.9614478e-08
0.45404276 0.0014495157 0.0065353494 0.007570372 0.05838537 0.00786337 0.25302398 0.024763754 0.015805338 0.00085622666 6.5443455e-05 0.69708043 0.034585144 3.6698777e-06 0.5748741 4.3248096e-07 0.00032049074 2.1941685e-05 0.7095539 0.050976604 1.8954307e-06 0.9807263 2.5388703e-05 1.0050661e-06 0.0017060187 3.0633706e-05 0.0054615405 4.207634e-05 0.6723533 0.00010460318 2.7542405e-15 0.0005131846 0.0012884161 0.0071575595 3.018697e-05 0.7907501 5.4445604e-06 0.00020421427 7.806843e-05 6.305449e-06 0.0001932636 0.000283001 0.0022484062 3.948735e-07 0.00015240966 0.016108496 8.836619e-06 0.0018560332 0.00023022304 4.4724906e-08 3.4664513e-06 4.008469e-06 7.829005e-06 5.1996594e-09 0.5551348 0.92350423 0.0005245845 0.00031081933 0.0002700569 0.0041219997 0.71023893 0.43060455 0.00022714822 0.024405753 2.6398397e-06 2.3657513e-07 1.0601739e-05 0.0004573158 3.2152162e-05 6.7690024e-07 0.46194538 0.0011143412 3.3085219e-06 9.0540576e-05 5.4347297e-06 9.938068e-07 0.00015246897 1.5239665e-05 0.00049323525 0.0047449013 0.0002796714 0.54151976 1.4746201e-05 0.012891467 0.3024727 0.0004311048 0.7131565 1.3090263e-05 0.00020358541 1.668963e-07 4.8337977e-05 7.2514945e-06 9.981433e-06 1.07257556e-07 0.00020916715 9.645304e-07 9.808265e-07 1.3086837e-06 0.12488052 5.4335846e-06 7.799184e-07
