1.4555136e-22 0.953221 0.76171887 0.9369904 0.9545304 0.42857632 0.47890916 0.95664173 0.75335115 0.79913133 0.68559444 0.8694139 0.9329509 0.90936077 0.9417729 0.9210924 0.35553125 0.7819718 0.92934465 0.44068837 0.7481693 0.8697258 0.8855855 0.8746926 0.24324311 0.94628054 0.5800828 0.94034004 0.43264514 0.8726641 0.90216196 0.2322019 0.06625906 0.6495205 0.9453797 0.6711276 0.694284 0.85332966 0.8966415 0.9402946 0.8967606 0.0062436643 0.76869506 0.82243866 0.15037817 0.9832635 0.007943498 0.41954878 0.0025978412 0.7607463 0.98400176 0.0123186335 0.035678275 0.9890185 0.9769022 0.9134422 0.39119124 0.80174714 0.811071 0.00012518789 0.9750575 0.8412926 0.14138772 0.012525374 0.0041299695 0.95603985 0.7083898 0.1719219 7.102777e-05 0.0274934 0.68556577 0.98461705 0.0012361424 0.9358818 1.566668e-05 0.9993178 0.0893937 0.9997511 0.01936608 0.94878256 1.6781202e-06 0.13117652 0.08021211 0.895228 0.0006588437 0.00022643642 0.00054154557 0.0047088177 0.38035896 0.9330209 0.008052063 0.00050826726 0.0009117715 3.5732344e-05 0.9999288 0.96806884 0.3451309 0.7935669 0.99950117 0.9931776 0.009577385
0.953221 7.256833e-18 0.9645516 0.8843356 0.34908706 0.47607362 0.4454771 0.86392903 0.6717662 0.03681951 0.02146509 0.27290255 0.090522 0.31021088 0.009355922 0.0011889787 0.0022842337 0.19208723 0.016976636 0.011516066 0.005258442 0.44189015 0.21360284 0.012341899 0.08902835 0.0012109004 0.46934158 0.15162046 0.0010732352 7.671866e-05 0.0067936787 0.48004505 0.61129975 0.016042612 8.458084e-05 0.0019842891 2.6380616e-05 0.00010315838 0.00045201008 0.000413362 0.06778069 0.07553734 0.008072038 1.16103765e-05 0.013448259 0.07610226 0.18646169 5.851799e-06 0.0020727378 0.00066288176 0.00011081918 0.0005763914 0.07357126 0.012873917 0.00025840005 2.5794193e-07 2.61018e-06 1.4749569e-06 1.705637e-05 0.0021843142 2.450181e-06 5.7485984e-05 2.876999e-05 8.3372994e-05 0.0003431537 0.020692414 0.00014594772 1.8019293e-05 0.0014348872 3.7342559e-06 6.7383386e-05 0.0033585299 0.018129319 0.00010598761 5.3076124e-05 0.00039470108 0.00018992287 0.0077812667 1.6887336e-06 0.052098308 1.1799368e-05 2.1003258e-05 1.5945319e-06 2.3588923e-08 7.868053e-06 4.0067323e-05 1.0547859e-06 1.2097114e-06 9.38235e-08 1.5051211e-06 1.4171717e-06 1.7255928e-05 1.0589042e-06 6.4297824e-06 0.027277648 1.5600623e-06 5.6773803e-08 2.1691212e-08 0.00059541984 7.2847165e-08 3.8374236e-07
0.76171887 0.9645516 1.5944082e-16 0.6500461 0.20316328 0.7881229 0.77421963 0.96830356 0.34420812 0.007991753 0.0015029009 0.59118736 0.72968656 0.57131195 0.13855673 0.18438284 0.11748006 0.056833584 0.075026035 0.04200675 0.0006531517 0.26926458 0.053532355 0.0029922319 0.015298956 0.0106343 0.25908142 0.036239807 0.00177963 0.0006723661 0.00049724 0.06027287 0.4173545 0.0009955988 0.002012769 0.00011190894 0.0018697876 6.8296604e-06 0.000101534664 3.917445e-05 0.060737967 0.018613849 0.004532637 1.3754804e-07 0.0002374994 0.020764835 0.094186604 0.00032043693 0.004595648 6.0582355e-05 0.0012611038 0.0005994189 0.023139903 0.015952157 6.145675e-05 2.2677646e-05 9.984084e-05 0.00026293425 0.0005082357 0.0029495864 0.0004638207 4.0134573e-06 0.00011713135 8.192662e-06 2.0356763e-05 0.0043164254 1.4109885e-06 3.3332803e-05 0.002271778 5.0599315e-06 2.3256036e-06 0.002138251 0.002386701 1.6562595e-05 2.9980089e-05 0.003902867 7.080911e-07 0.0049928906 1.0763336e-08 0.016462544 1.116532e-06 1.2514848e-06 1.1245832e-06 1.06635625e-05 2.1237262e-05 0.00010364563 2.5562605e-07 8.576617e-07 1.5589453e-08 8.021213e-05 5.394186e-06 3.0312128e-06 1.1563469e-07 1.11838035e-05 0.009730846 7.451668e-08 8.7989704e-08 6.151294e-06 0.00017115122 1.5222119e-05 9.78654e-07
0.9369904 0.8843356 0.6500461 2.3295164e-16 0.7791478 0.035156023 0.033761848 0.47141865 0.9725367 0.121250704 0.031172711 0.025543232 0.00505614 0.03092677 0.0016826628 8.728652e-05 0.00014811507 0.6428205 0.0019835257 0.000499539 0.0036550786 0.039764676 0.13024248 0.09500072 0.5557609 0.00074507337 0.3310423 0.24847637 0.00038295146 8.860907e-06 0.009464117 0.8385051 0.7301892 0.087516986 5.9916707e-05 0.002141074 2.551779e-05 0.00036394576 0.008307738 0.0018228753 0.016044088 0.24931157 0.008232443 3.5017267e-05 0.11354182 0.032964494 0.23633482 8.670014e-07 0.0013305641 0.0008618351 7.3791365e-05 0.00010082746 0.03015621 0.0012238119 0.00047728026 3.4725527e-08 1.0418186e-06 4.3754346e-07 1.2688244e-05 0.007228283 8.456796e-06 0.00015533196 6.6771065e-07 0.001036738 0.009216763 0.021125246 0.00013526774 3.8745516e-06 0.0054985154 1.2821396e-06 0.00020006836 0.0042433315 0.1575096 0.00018934271 0.0009465367 0.00052083924 0.0003199682 0.000679595 8.639225e-06 0.057366516 0.00011502465 6.684051e-05 1.4313792e-06 3.398443e-07 5.2600462e-06 3.0185372e-06 4.611232e-07 3.272636e-07 2.784218e-07 6.457417e-06 8.900623e-07 9.023405e-05 1.2173839e-05 1.761852e-05 0.014278096 5.4206453e-06 4.317772e-08 2.2708507e-07 0.0008825002 4.1160084e-07 1.5293701e-06
0.9545304 0.34908706 0.20316328 0.7791478 3.5980176e-17 0.005460233 0.0029782935 0.094472766 0.8680737 0.9677285 0.5110403 0.012867644 0.0018503538 0.009957 0.0008359225 4.8588798e-05 0.00022070069 0.9017559 0.0015901441 0.00031656184 0.26688057 0.018392669 0.43068162 0.58115464 0.39591095 0.00057122373 0.026447546 0.3225705 1.5636037e-05 1.2418576e-05 0.483733 0.5180471 0.12439351 0.5559806 7.1734714e-05 0.11760112 2.9306417e-05 0.005381053 0.19400755 0.07677423 0.011809479 0.028496897 0.05253878 0.021617629 0.39231333 0.038879868 0.016429193 4.6091022e-06 0.00049151917 0.00782183 8.5913525e-05 9.09239e-05 0.0007622486 0.002079619 0.005959306 1.8498675e-08 1.5378413e-06 3.1927976e-07 1.016438e-05 0.0012473217 5.6683625e-06 0.0005910167 7.2548806e-07 0.010274976 0.059684798 0.12358339 0.0002565391 4.064563e-06 0.00021864909 1.0782322e-06 0.00031740736 0.03383371 0.045805782 0.000995191 0.0022978138 0.00065081916 0.010926629 0.0017087916 0.00047348568 0.09117326 0.00026444334 0.00012720212 5.2361105e-05 1.3305042e-07 5.4716124e-06 1.6049358e-05 1.8570572e-05 1.0578534e-06 1.5432663e-07 1.5460245e-06 2.623769e-06 0.000554609 2.5337858e-05 4.6680825e-06 0.03566478 6.065086e-07 2.162318e-08 3.2799727e-07 0.0021956298 2.1373373e-07 1.4902569e-06
0.42857632 0.47607362 0.7881229 0.035156023 0.005460233 3.5811986e-19 0.99672544 0.3771452 0.019964416 0.0008362578 0.00024064066 0.26549193 0.8359291 0.07574722 0.060706228 0.03073587 0.17125301 0.0015465496 0.007016664 0.10989945 0.00022620028 0.010692652 0.002310244 0.0010551215 0.008458071 0.0025574204 0.7349085 0.005779136 0.014730264 0.00015049461 4.9279184e-05 0.022608211 0.32913584 0.00012503254 0.00025397967 1.2501316e-05 0.0001614972 1.1125507e-05 6.362166e-05 1.5702653e-05 0.011835625 0.011395888 0.0008129631 1.3307516e-07 0.0001439235 0.0028486352 0.107439 4.0664305e-05 0.051123247 1.7352619e-05 0.00019545913 0.016906258 0.13262543 0.0016536483 9.575977e-05 9.966466e-07 1.2695845e-05 1.6405831e-05 4.40939e-05 0.0050968025 2.7628806e-05 7.653483e-06 0.00022355029 9.537866e-06 0.00012045012 0.0007954452 6.026763e-06 5.879055e-05 0.01197438 4.8070564e-05 2.290738e-05 4.844338e-05 0.0035322704 7.951785e-06 8.033669e-05 0.00037415835 5.3868753e-06 0.001523551 1.4686104e-07 0.004927207 5.7728507e-06 1.3620686e-06 1.4343993e-06 8.26469e-07 4.914397e-05 0.0004972861 7.784609e-08 2.5467307e-06 1.8722837e-08 2.185711e-06 4.513618e-06 3.8588816e-05 3.0297403e-07 0.0006294992 0.0007581069 8.4382145e-07 8.914006e-08 1.1220699e-06 9.6088654e-05 1.262868e-07 6.565706e-07
0.47890916 0.4454771 0.77421963 0.033761848 0.0029782935 0.99672544 1.2356161e-17 0.37026381 0.021243745 0.0006506537 0.00027632323 0.24414952 0.7787059 0.07166739 0.04407742 0.014827117 0.12561736 0.0015510999 0.007047358 0.071575955 0.00026836293 0.00816699 0.0038178859 0.0012065874 0.0053358 0.0017205261 0.78297526 0.0060562696 0.011161025 6.708497e-05 3.0079093e-05 0.022397926 0.3459884 0.00019376852 0.00028316135 1.26654795e-05 0.00012935902 6.0309953e-06 6.882744e-05 1.4871613e-05 0.011646037 0.0104364995 0.0016402015 5.7601248e-08 0.00016571388 0.0028911114 0.119372986 2.4589344e-05 0.03400674 1.3552745e-05 0.000107651336 0.012849109 0.15238912 0.0014545743 9.124861e-05 3.8961485e-07 1.7791048e-05 5.867435e-06 2.5228364e-05 0.0048907003 2.685123e-05 1.4250112e-05 0.00016759116 1.1103905e-05 0.00013491113 0.0010937033 8.204147e-06 7.8570425e-05 0.010875435 3.146336e-05 4.8429796e-05 7.3404066e-05 0.0029486567 7.963093e-06 7.680937e-05 0.00027894342 5.0748017e-06 0.0014782585 1.18739834e-07 0.0052259015 4.1659387e-06 4.163091e-06 1.9341016e-06 6.6239323e-07 3.681054e-05 0.00032097587 8.8421224e-08 2.5450456e-06 2.4810163e-08 8.6597095e-07 5.7469124e-06 2.2368982e-05 4.6664775e-07 0.0006467627 0.0015612539 3.6313014e-07 4.6182667e-08 5.210183e-07 5.5659704e-05 2.3461793e-07 1.289882e-06
0.95664173 0.86392903 0.96830356 0.47141865 0.094472766 0.3771452 0.37026381 1.2753746e-16 0.16062936 0.008302476 0.0009396518 0.7337237 0.37329334 0.8900608 0.034303404 0.025561934 0.008252097 0.02789161 0.056476682 0.045188326 0.002277584 0.8480172 0.1423413 0.005619919 0.011100656 0.0035502422 0.55040365 0.17132024 0.009090565 0.0012389477 0.0022415763 0.06672504 0.29576996 0.00075426773 0.00035346442 0.00029884448 0.00018383203 1.2069567e-05 0.00018646414 0.00015792501 0.29755297 0.011609886 0.009322647 5.095176e-07 0.0008861655 0.15509494 0.06911738 1.2982239e-05 0.0015325048 0.00030536443 0.00032609177 0.0010886313 0.06707825 0.04441276 0.00014615734 6.129268e-05 4.310836e-06 6.216775e-06 5.1767514e-05 0.0007170595 1.8893857e-05 4.179907e-06 3.1999643e-05 9.851955e-06 0.0001810814 0.00948853 1.8537696e-05 4.0768406e-05 0.0011569781 3.510437e-05 1.0900535e-05 0.002861098 0.0042640385 3.5504516e-05 0.00011453799 0.0006303171 1.26931345e-05 0.058507804 4.0205654e-07 0.06930506 1.4986707e-05 9.444663e-06 2.6532723e-06 8.087583e-08 2.7360826e-05 0.00012795732 4.74175e-07 2.4424622e-05 2.7930165e-08 3.920276e-06 1.678651e-05 2.734047e-06 7.548265e-07 8.07568e-05 0.055619884 3.3760148e-07 1.4824458e-07 1.5332342e-08 0.0003435699 5.7799485e-07 1.9144734e-06
0.75335115 0.6717662 0.34420812 0.9725367 0.8680737 0.019964416 0.021243745 0.16062936 1.851699e-16 0.20180134 0.041123904 0.0069604265 0.0022032217 0.008849438 0.0008468261 3.6028778e-05 0.00011938644 0.92106366 0.0010984783 0.00017231089 0.0045757974 0.010885307 0.07730533 0.057571173 0.8552306 0.00023410557 0.069731034 0.102703236 9.983028e-05 8.18209e-06 0.023418408 0.7070262 0.5733579 0.110403694 1.4439747e-05 0.0036520232 6.261065e-06 0.00059146073 0.005794768 0.0011728124 0.0055555813 0.18764102 0.0068544694 0.00011887031 0.1420418 0.0103666345 0.13394158 1.3647237e-06 0.0009148147 0.0010304777 1.7063205e-05 5.711864e-05 0.0096209785 0.0004470982 0.0006678626 2.4039771e-08 1.0986479e-07 1.8827735e-07 4.533583e-06 0.011740004 2.8375496e-06 0.00010058927 2.5779562e-07 0.0029291369 0.018456303 0.010135829 1.6734417e-05 1.0387797e-06 0.006316262 5.8860167e-07 4.5014116e-05 0.001841888 0.13840127 4.1642685e-05 0.0073767374 0.00025864143 0.0011413117 0.00052041275 1.6272572e-05 0.017885761 0.0013321555 3.1290347e-05 4.0783144e-07 1.3101852e-07 1.0654896e-06 1.5416681e-06 3.4397164e-07 6.8531286e-08 5.080559e-08 7.047011e-07 1.4895058e-07 0.00028798854 1.570011e-05 2.3588665e-05 0.009784092 8.441644e-07 1.5326641e-08 7.041801e-08 0.00024978345 1.8360248e-08 3.954395e-07
0.79913133 0.03681951 0.007991753 0.121250704 0.9677285 0.0008362578 0.0006506537 0.008302476 0.20180134 2.4101365e-17 0.9801813 0.0006434592 0.00066226383 0.0015388331 0.00013871393 5.425877e-05 5.72534e-05 0.36344466 0.0005789098 4.261672e-05 0.7804752 0.015454956 0.5226444 0.62224793 0.06161992 0.0002277912 0.0007571719 0.07621376 3.953609e-06 2.4640578e-06 0.41798913 0.03897525 0.004570389 0.40117076 3.8562182e-05 0.19383053 1.38875885e-05 0.031850338 0.26863864 0.06965955 0.0050824326 0.0014850183 0.108442396 0.059740823 0.16500832 0.013747259 0.0009870577 4.612105e-06 4.4666962e-05 0.024247194 3.3310876e-05 1.404273e-05 9.1877846e-05 0.0014330745 0.020672046 3.1928295e-08 8.267212e-07 5.7106166e-07 1.5195024e-05 0.00013097376 2.713197e-06 0.0018215799 1.4491321e-06 0.007056067 0.01716703 0.08832268 0.0010087469 6.5217946e-06 2.7615424e-05 2.2117497e-06 0.0019959365 0.03236426 0.0019133736 0.0018062695 0.00046212084 0.00068765105 0.024282312 0.002107274 0.0021835433 0.03169201 0.00016851944 0.00035238822 0.00011434229 1.12037874e-07 3.9311578e-07 2.6182174e-06 8.8320645e-05 6.315491e-07 2.556713e-06 7.424921e-07 1.8249041e-07 0.00039338114 8.6612294e-05 1.0670851e-06 0.016144332 1.2471878e-05 8.287274e-08 4.8992984e-08 0.004661257 2.6024942e-08 1.6224735e-07
0.68559444 0.02146509 0.0015029009 0.031172711 0.5110403 0.00024064066 0.00027632323 0.0009396518 0.041123904 0.9801813 1.302141e-18 0.00011559043 8.728061e-05 0.0003757109 1.8504048e-05 3.443422e-07 2.8987438e-06 0.26737607 4.0208033e-05 2.4935932e-06 0.9516714 0.00473714 0.37939262 0.7134562 0.018337013 1.8592262e-05 5.1868625e-05 0.062327906 4.1747379e-07 3.3508513e-07 0.46241647 0.016599305 0.00030354364 0.31236506 2.4291112e-06 0.5478344 8.0415873e-07 0.296849 0.32483992 0.17696881 0.0023375333 0.00046320955 0.18679783 0.25984603 0.054831516 0.011136549 1.660677e-05 3.2917268e-07 4.256974e-06 0.27281916 7.989694e-06 3.296073e-06 1.6532975e-05 0.00044667412 0.054862272 7.124179e-09 1.3203774e-08 2.3828319e-08 7.1681234e-07 2.3365825e-05 9.2556866e-07 0.017210176 3.983329e-08 0.004050008 0.0061075827 0.11264448 0.0032081646 4.2678576e-07 3.8044482e-06 4.216834e-08 0.011292717 0.03457348 0.0002891485 0.0031863705 0.00022276773 0.00013003906 0.017006785 0.0010000567 0.003630282 0.037571218 0.00021918291 0.001799576 0.00014011742 7.177115e-08 9.1841576e-07 2.282237e-06 0.000111062735 2.017965e-07 1.4857421e-05 1.1603115e-07 9.998805e-07 0.00028474606 8.376358e-05 5.6125863e-08 0.011399351 0.00022163191 4.314677e-08 2.1054747e-08 0.004395265 4.7916885e-08 1.2367376e-07
0.8694139 0.27290255 0.59118736 0.025543232 0.012867644 0.26549193 0.24414952 0.7337237 0.0069604265 0.0006434592 0.00011559043 3.1810223e-17 0.6072331 0.9797124 0.8346811 0.39099175 0.12362614 0.0018831607 0.86776394 0.14948861 0.00020097135 0.20022352 0.018840194 0.00089303136 0.0013302137 0.32429552 0.31408826 0.021655722 0.0357186 0.031827718 0.0001227176 0.0012997292 0.020968312 1.4954269e-05 0.046407465 1.879203e-06 0.05071484 8.482316e-07 6.6511293e-06 3.702871e-06 0.31710166 0.0020221996 0.002219834 4.6898463e-09 0.00017841414 0.036292758 0.011602436 0.0024869319 0.0049362415 7.883255e-06 0.0060705175 0.0036836916 0.015816836 0.121833965 9.284494e-06 0.0013294966 0.0010078156 0.003089687 0.0035812142 0.00038067403 0.0029266435 5.679647e-07 0.00094316894 1.2099998e-06 7.681555e-06 0.0018918291 6.962381e-07 0.00043200282 0.00037268238 0.00016841052 3.650047e-07 0.0008860091 0.00017282204 3.0121448e-06 0.0001512278 0.023585059 6.447525e-07 0.03339967 4.875062e-08 0.017651906 1.10428455e-05 5.304014e-07 8.24581e-07 7.5977296e-05 0.0002617848 0.000829137 5.0260275e-07 7.047758e-05 3.6672831e-09 0.00045307848 2.1095539e-05 1.1995484e-05 6.2528517e-07 7.571553e-05 0.025906745 6.3609605e-08 1.7568444e-06 2.0953841e-05 1.8531986e-05 0.00041579214 1.9033702e-06
0.9329509 0.090522 0.72968656 0.00505614 0.0018503538 0.8359291 0.7787059 0.37329334 0.0022032217 0.00066226383 8.728061e-05 0.6072331 2.6011027e-17 0.13308266 0.678626 0.8909274 0.94289 0.0011366399 0.16305043 0.8909772 0.00019347642 0.0057586343 0.0013882121 0.00034150065 0.0031780128 0.05039729 0.88378733 0.0034557953 0.6529684 0.12968403 3.7095324e-05 0.012441462 0.108035296 4.061768e-05 0.0055059036 1.28873435e-05 0.0025635934 1.106109e-05 3.4862056e-05 8.8857605e-06 0.02817782 0.003054365 0.00053047383 2.3325413e-07 0.00010723696 0.0022856677 0.07842919 0.00020312016 0.15591629 5.8856633e-05 0.0023264512 0.29584858 0.4393454 0.009188284 3.6453544e-05 0.0009644174 0.00019558052 0.00035837165 0.00072684896 0.0017024878 0.0013298036 1.2003563e-05 0.005806006 5.0542167e-06 1.7976625e-05 0.00062364957 1.8453127e-06 0.00016728298 0.0037986336 0.00042673983 4.128392e-05 8.276482e-05 0.0007693289 3.7670561e-06 3.684489e-05 0.0014180322 2.799306e-07 0.0012935292 2.064499e-08 0.005211674 0.000140433 2.0350521e-06 1.495914e-06 1.1516664e-05 0.0016333186 0.016545145 1.5487842e-06 0.0009207301 1.8329422e-08 0.00012158495 5.1696024e-05 0.00013089509 4.423396e-06 0.00315722 0.0027574028 3.0315714e-06 1.0508536e-05 5.2978725e-05 4.8562535e-05 5.937963e-06 4.8277234e-06
0.90936077 0.31021088 0.57131195 0.03092677 0.009957 0.07574722 0.07166739 0.8900608 0.008849438 0.0015388331 0.0003757109 0.9797124 0.13308266 4.2012007e-17 0.16605568 0.04386163 0.010239169 0.0017585083 0.4546894 0.02807522 0.0005189579 0.86104816 0.06287595 0.0019760763 0.0006467892 0.04073264 0.13181521 0.09026948 0.0033456166 0.002814398 0.00014587968 0.0012881254 0.018586954 9.634166e-06 0.008016756 9.088311e-06 0.0017472595 1.4186058e-05 0.000107676184 0.000107247404 0.8213505 0.0010391568 0.0046974123 6.5577495e-08 7.3439565e-05 0.1315761 0.0056368164 0.00021637829 0.0012416008 0.00041634945 0.0008596447 0.0009251936 0.008842285 0.22171849 8.3313855e-05 8.723535e-05 0.00017141682 0.0004033475 0.0005760499 0.00045091135 0.000578917 2.804729e-06 9.408304e-05 1.283041e-06 2.345005e-05 0.0061254385 3.7618807e-05 6.0339662e-05 0.0007676784 5.174298e-05 5.3643773e-05 0.001642533 0.00023947172 4.3662763e-05 4.175336e-05 0.008294758 1.156385e-06 0.1329298 4.3474145e-08 0.038051262 7.330892e-05 4.3533355e-06 1.031218e-06 1.6364389e-05 8.061029e-05 6.585868e-05 4.4624088e-07 6.5111955e-05 2.8346799e-08 9.837624e-05 1.7401173e-05 3.8578128e-06 1.2692922e-06 0.00020303998 0.042055033 1.4275079e-06 7.743777e-07 2.5813404e-06 0.00047283884 7.647956e-05 2.47644e-06
0.9417729 0.009355922 0.13855673 0.0016826628 0.0008359225 0.060706228 0.04407742 0.034303404 0.0008468261 0.00013871393 1.8504048e-05 0.8346811 0.678626 0.16605568 4.5640343e-16 0.903035 0.5053632 0.000103424245 0.93796104 0.27571344 1.1364464e-05 0.0053688097 0.00041548358 5.216443e-05 0.00022718267 0.8804922 0.15803723 0.0030128302 0.22632866 0.4926934 3.0567546e-05 1.6187287e-05 0.001766543 4.8561815e-06 0.23536943 1.4010833e-06 0.34831727 1.2881456e-07 6.162166e-07 3.6760898e-07 0.041309625 0.00011059535 0.00033856154 5.3947793e-09 4.865588e-06 0.003399463 0.0013899389 0.10408368 0.0063172258 4.312993e-07 0.056177184 0.023209993 0.012299388 0.07078302 3.9243216e-07 0.29658964 0.024634995 0.121208474 0.009388273 0.00023721553 0.013981063 2.2786429e-07 0.052733622 1.8155537e-06 1.1636848e-05 0.00043947514 1.966441e-08 0.008903732 8.711222e-05 0.009095187 1.8144017e-07 8.5909924e-05 1.5454269e-05 2.239543e-07 1.4968695e-05 0.016214073 5.6363075e-07 0.0075826305 3.608651e-09 0.004877179 2.209064e-06 9.677622e-06 4.929911e-07 0.00012801176 0.0020146626 0.0031732337 1.3582441e-07 0.0049110455 3.3476637e-09 0.0010999102 0.00027281945 5.41396e-06 1.5672374e-07 7.458725e-05 0.0055203363 3.017858e-08 1.5974443e-05 8.618034e-06 2.2376867e-06 0.00023384116 7.969177e-06
0.9210924 0.0011889787 0.18438284 8.728652e-05 4.8588798e-05 0.03073587 0.014827117 0.025561934 3.6028778e-05 5.425877e-05 3.443422e-07 0.39099175 0.8909274 0.04386163 0.903035 2.4940905e-17 0.97338194 2.5933086e-05 0.15356168 0.4942953 1.949076e-06 0.001812045 2.3500066e-05 2.6934043e-05 0.00035903204 0.27400002 0.51419073 0.00041036314 0.60048646 0.8242674 2.0782112e-07 5.77683e-05 0.00043461964 3.0027616e-07 0.13629992 1.334926e-07 0.11123499 2.501829e-07 1.3821557e-06 1.70724e-07 0.02924215 1.9055686e-05 3.539549e-05 2.3803018e-08 2.3231123e-06 0.0010044577 0.0010149599 0.0105952155 0.03778626 7.389802e-06 0.043082003 0.1914852 0.066562526 0.026765948 2.5633537e-06 0.16060853 0.016603984 0.04158905 0.029852036 7.159433e-05 0.021458525 1.4456411e-06 0.20767042 8.830296e-07 1.5055023e-05 0.00018073342 3.443752e-06 0.011855891 0.00013846178 0.07562082 1.4852009e-05 1.7593165e-05 1.0604397e-05 1.2632313e-06 2.172062e-05 0.010327893 2.9528493e-07 0.0010185393 4.030051e-09 0.0016796446 1.1239564e-05 3.6292312e-07 6.894424e-07 0.00044926498 0.01690101 0.03854498 3.4818362e-07 0.09272027 8.6730694e-08 0.005379073 0.0012107324 1.14637805e-05 6.46524e-07 0.002848592 0.0005238064 2.76542e-06 8.140912e-05 0.002031373 2.5031128e-05 0.00018663936 2.3262524e-05
0.35553125 0.0022842337 0.11748006 0.00014811507 0.00022070069 0.17125301 0.12561736 0.008252097 0.00011938644 5.72534e-05 2.8987438e-06 0.12362614 0.94289 0.010239169 0.5053632 0.97338194 1.5185175e-18 6.165176e-05 0.04183958 0.9184696 1.8749641e-06 0.00031124888 7.4983755e-06 8.746356e-06 0.0003294913 0.04448465 0.20523576 6.563729e-05 0.6321592 0.633429 2.6748169e-06 4.3667722e-05 0.00067558215 1.56744e-06 0.0136750275 3.7587535e-07 0.031269923 1.1153272e-06 2.6723383e-06 4.5118765e-07 0.005146461 3.9017632e-05 4.2505035e-06 2.675393e-08 1.0173035e-06 0.00027572384 0.0010841731 0.0027860976 0.04814615 1.0227402e-06 0.0067012883 0.1838248 0.010849122 0.00533593 8.960254e-06 0.029410776 0.0039042518 0.009686653 0.0027604392 0.00023008103 0.0023700073 3.367102e-07 0.13521373 4.467182e-07 5.4628317e-06 2.8945078e-05 1.1951321e-08 0.006740852 0.00034110757 0.023923114 2.4982978e-07 2.1758635e-06 7.069729e-07 1.8983059e-07 1.04966475e-05 0.003364578 1.02297484e-07 0.00034005247 7.480401e-09 0.00063289003 2.7405285e-06 7.815982e-07 3.91211e-07 0.0002906966 0.0062792352 0.00808979 5.3788973e-08 0.019708661 1.10884075e-08 0.0006313928 0.00064197136 2.5111672e-06 8.335831e-08 0.0017279808 0.00022656516 1.8539118e-06 1.6301929e-05 0.00060445035 1.996899e-05 8.895875e-06 6.357631e-06
0.7819718 0.19208723 0.056833584 0.6428205 0.9017559 0.0015465496 0.0015510999 0.02789161 0.92106366 0.36344466 0.26737607 0.0018831607 0.0011366399 0.0017585083 0.000103424245 2.5933086e-05 6.165176e-05 1.963611e-16 0.00019401946 3.654453e-05 0.062717274 0.0036222208 0.06392102 0.23183745 0.9833964 3.521123e-05 0.00078950677 0.0787225 7.0022306e-06 3.0403598e-07 0.5723745 0.48989603 0.03635212 0.72866213 8.2220794e-07 0.1585493 1.1539745e-06 0.02293414 0.04097929 0.0127883395 0.0014667595 0.029793523 0.014783678 0.011405126 0.46570098 0.0046847155 0.0033480136 3.464655e-07 2.7582417e-05 0.005784283 2.800955e-06 8.986149e-06 0.00020724964 0.0002679668 0.003036521 1.769393e-08 4.1766118e-08 2.4403408e-07 3.1208046e-06 0.0012286088 1.3111709e-06 0.0027308627 3.2056056e-07 0.046974204 0.08605032 0.01857837 7.7790246e-05 5.508332e-07 0.00025725205 2.8893695e-07 0.0003789656 0.0038157383 0.04334154 0.00012719011 0.012436741 0.0001542271 0.0045358604 0.00012151703 0.00025798567 0.025214808 0.0028234145 0.00044202272 2.1293929e-05 6.397265e-07 7.8356413e-07 1.763327e-06 1.9732015e-05 9.274091e-07 5.283001e-06 1.9558115e-07 6.1228883e-07 0.005778483 0.00057498016 3.7957252e-06 0.006421823 0.00017111075 2.0073104e-07 4.0360626e-07 0.0012276261 4.369094e-08 2.1557919e-07
0.92934465 0.016976636 0.075026035 0.0019835257 0.0015901441 0.007016664 0.007047358 0.056476682 0.0010984783 0.0005789098 4.0208033e-05 0.86776394 0.16305043 0.4546894 0.93796104 0.15356168 0.04183958 0.00019401946 5.6246867e-15 0.041977573 0.00012199228 0.11233016 0.008268136 0.00044934897 0.00043836294 0.9525058 0.031369578 0.009269592 0.023459304 0.039999016 8.202329e-05 3.3705466e-05 0.0007428948 3.1648422e-06 0.23846328 1.3716712e-05 0.11914134 2.8541756e-06 2.702466e-05 3.225957e-05 0.33812273 7.648685e-05 0.0023652352 3.1945154e-07 3.752328e-05 0.012906554 0.00025649162 0.005015906 0.00092361163 7.471134e-05 0.021267211 0.0022125284 0.00096042105 0.58055806 2.3771045e-05 0.0062395595 0.0015240523 0.0040184674 0.0030504237 0.00060878205 0.0027746824 1.581933e-06 0.001449099 1.0904433e-05 6.350333e-05 0.0023065498 2.293375e-06 0.0005862063 0.00015120702 0.0006174746 2.3957061e-06 0.00057753676 3.665689e-05 6.8679087e-06 5.638868e-05 0.032088038 7.8757785e-06 0.055357408 9.908527e-08 0.016274389 2.3285676e-05 7.673954e-06 2.5673955e-06 0.00030486364 0.00032479537 0.00063275546 2.4067506e-06 0.0005583004 9.733388e-08 0.0006968911 0.00019582277 2.5759657e-05 4.014422e-06 8.217996e-05 0.019994078 2.0526513e-06 1.4258432e-05 3.3237953e-05 1.1811493e-05 0.00047108484 8.055692e-06
0.44068837 0.011516066 0.04200675 0.000499539 0.00031656184 0.10989945 0.071575955 0.045188326 0.00017231089 4.261672e-05 2.4935932e-06 0.14948861 0.8909772 0.02807522 0.27571344 0.4942953 0.9184696 3.654453e-05 0.041977573 1.3322898e-16 4.718597e-06 0.0001772629 1.0286156e-05 9.541925e-06 0.0002687799 0.027584044 0.7098248 0.00016213731 0.98918 0.29945692 5.177828e-07 0.00020424661 0.003194982 7.8494696e-07 0.004435793 9.390859e-07 0.0033596738 5.5748656e-06 7.077045e-06 4.1426333e-07 0.001901097 0.00020784444 5.724305e-06 1.815365e-08 9.3489774e-07 0.00019104735 0.008066363 0.00022225315 0.16561523 4.0977084e-06 0.0029194907 0.4858839 0.15736036 0.0010315775 1.09859975e-05 0.0010918176 0.00028275038 0.00020232867 0.000106192 0.0004559427 0.0007207408 1.742807e-06 0.10391041 1.9047509e-07 7.979833e-06 7.488432e-05 4.908884e-07 0.0005334342 0.003176719 0.012486952 1.2492854e-05 3.7423417e-06 6.502849e-05 1.5504652e-07 5.6205245e-06 0.0009985676 1.2347294e-07 2.921876e-05 2.9497926e-09 0.00095764763 5.6240574e-06 4.425928e-06 4.1070487e-07 3.6484619e-06 0.0133696785 0.053788178 2.688108e-07 0.017538983 2.835318e-08 8.864316e-05 1.5198851e-05 2.7280292e-05 2.2148303e-07 0.009197814 0.00045714003 6.2694517e-07 4.406189e-06 9.759694e-06 7.992567e-06 2.0965463e-06 3.581745e-06
0.7481693 0.005258442 0.0006531517 0.0036550786 0.26688057 0.00022620028 0.00026836293 0.002277584 0.0045757974 0.7804752 0.9516714 0.00020097135 0.00019347642 0.0005189579 1.1364464e-05 1.949076e-06 1.8749641e-06 0.062717274 0.00012199228 4.718597e-06 4.8591705e-15 0.009011092 0.29006124 0.9195823 0.0034317924 6.732634e-05 1.4763382e-05 0.046268962 6.6698544e-06 1.4344349e-06 0.31645033 0.0023561567 2.167729e-05 0.17974368 5.257594e-06 0.3189837 4.272535e-06 0.6498469 0.8559083 0.53265667 0.0043801153 5.1178216e-05 0.3205477 0.44307655 0.05939094 0.02669347 1.6116114e-06 2.8323652e-07 6.5249424e-06 0.46366796 3.639866e-05 7.4141553e-06 6.8979793e-06 0.00048042607 0.30409425 4.0469143e-08 2.3643473e-08 1.5276507e-07 8.516787e-06 8.005872e-06 5.758587e-06 0.0482497 1.0154593e-07 0.007633682 0.004959689 0.21370111 0.007986514 1.6927503e-06 3.15789e-06 1.1690424e-06 0.0047239126 0.09655823 0.000111748224 0.01243954 0.00021736216 0.00028212735 0.053025827 0.0037103621 0.014011831 0.032177277 0.00018204343 0.00081504363 0.00064694067 1.7105042e-09 1.0686646e-06 7.1624277e-06 0.0003696582 1.694379e-07 2.552323e-06 1.9918994e-06 4.52153e-07 0.00058249565 0.000437401 5.9782064e-07 0.020399798 2.4893769e-05 5.7970113e-09 1.8585604e-08 0.008479066 2.97044e-07 9.97851e-08
0.8697258 0.44189015 0.26926458 0.039764676 0.018392669 0.010692652 0.00816699 0.8480172 0.010885307 0.015454956 0.00473714 0.20022352 0.0057586343 0.86104816 0.0053688097 0.001812045 0.00031124888 0.0036222208 0.11233016 0.0001772629 0.009011092 5.4059904e-15 0.8413041 0.06874876 0.0002955395 0.037781294 0.0036446033 0.91557175 3.4203746e-05 9.8951044e-05 0.00057951023 0.0007539996 0.002269065 0.00037425163 0.027183827 0.00055364246 0.006423985 0.00045472203 0.002537338 0.007903615 0.8906526 0.00031184932 0.22342224 5.2894975e-05 8.787796e-05 0.92194843 0.00033965998 0.00084865256 5.2490093e-05 0.0022052324 0.006803979 7.9392186e-05 0.00030122828 0.21011761 0.0016911925 0.00011374683 0.0001275802 0.0006206314 0.002815449 6.3182386e-05 0.001321921 0.00022534956 8.629545e-05 3.6298472e-05 0.00013101698 0.041588645 0.00020040941 0.00011670519 0.0006108786 1.3829383e-05 0.00029191255 0.010445147 0.0011202912 0.0011941548 0.00010370553 0.011684145 3.806439e-05 0.25444892 4.1842327e-07 0.12964883 2.9277084e-05 2.4917972e-05 3.9520994e-05 0.00010009989 9.721032e-06 0.00010827384 2.3182176e-07 4.0711293e-05 6.3203383e-06 0.0006278427 2.3516038e-06 2.0407479e-05 1.5490457e-06 4.65751e-05 0.073360704 6.73794e-05 2.5567813e-06 4.052793e-06 0.0016118168 0.0007540736 1.299291e-06
0.8855855 0.21360284 0.053532355 0.13024248 0.43068162 0.002310244 0.0038178859 0.1423413 0.07730533 0.5226444 0.37939262 0.018840194 0.0013882121 0.06287595 0.00041548358 2.3500066e-05 7.4983755e-06 0.06392102 0.008268136 1.0286156e-05 0.29006124 0.8413041 4.5270486e-16 0.9870105 0.0074310848 0.0034850226 0.00032426827 0.95143914 1.818614e-06 1.0424483e-05 0.049258735 0.010250302 0.000697562 0.018850539 0.00072668603 0.009702417 0.00021705848 0.018463498 0.08576251 0.05225535 0.2076951 0.00025962546 0.833864 0.006935757 0.0048324615 0.44287696 2.2373826e-05 6.2008166e-06 5.6599843e-06 0.020395733 0.00046335452 2.6975545e-06 1.1171076e-05 0.030241536 0.009737776 2.6387825e-06 2.7806743e-06 1.4765551e-05 0.0003190973 1.9203897e-05 0.00012666463 0.0007827698 4.5031184e-06 0.00020891875 0.00013303451 0.27284205 0.00029103944 4.8478573e-06 1.7473229e-05 1.2697546e-06 0.00062547164 0.06883526 4.848854e-05 0.000881274 1.4805482e-05 0.0051949862 0.0003734318 0.09397096 1.8394503e-05 0.2721175 9.518013e-06 6.752819e-05 8.441986e-06 1.7497189e-07 1.4725072e-06 3.365117e-06 2.4522872e-06 3.0532278e-06 1.195676e-06 0.00011505517 1.2393158e-06 6.875412e-06 1.908241e-06 4.231091e-06 0.12151979 2.961729e-06 6.145785e-09 1.02282405e-08 0.004581782 2.3873176e-06 1.8675712e-07
0.8746926 0.012341899 0.0029922319 0.09500072 0.58115464 0.0010551215 0.0012065874 0.005619919 0.057571173 0.62224793 0.7134562 0.00089303136 0.00034150065 0.0019760763 5.216443e-05 2.6934043e-05 8.746356e-06 0.23183745 0.00044934897 9.541925e-06 0.9195823 0.06874876 0.9870105 2.238365e-12 0.03003395 0.0003068705 0.00038662693 0.24229838 8.3768655e-06 3.130988e-06 0.41297075 0.016605949 0.00076862046 0.3733868 0.00015267676 0.11519047 2.8873534e-05 0.045235604 0.21808304 0.2000358 0.024533764 0.00018481871 0.7447385 0.061621375 0.062308546 0.118533 2.944815e-05 2.9656521e-06 1.4398563e-05 0.08690575 9.699415e-05 1.6024629e-05 5.167838e-05 0.0054655266 0.039784223 7.1555957e-07 6.285352e-07 1.2100368e-06 4.2193187e-05 0.00012339909 6.8748745e-06 0.0028818499 1.8080548e-06 0.0031410013 0.0012337692 0.33899152 0.000961901 2.5775128e-06 6.4724336e-05 1.4452193e-06 0.0014963215 0.21146213 0.00024113733 0.0019066031 7.896517e-05 0.0006318573 0.010006596 0.024267856 0.0005386254 0.13088393 1.9070087e-05 0.00039952606 0.00012687368 3.5062758e-08 3.4796835e-06 1.3432742e-05 0.0001340462 2.797526e-05 3.8278276e-06 2.6241856e-05 5.8449587e-07 4.2561278e-05 7.7499164e-05 2.0591304e-05 0.077164486 4.822898e-05 3.812384e-08 1.0366113e-08 0.01371326 2.978763e-07 3.915994e-06
0.24324311 0.08902835 0.015298956 0.5557609 0.39591095 0.008458071 0.0053358 0.011100656 0.8552306 0.06161992 0.018337013 0.0013302137 0.0031780128 0.0006467892 0.00022718267 0.00035903204 0.0003294913 0.9833964 0.00043836294 0.0002687799 0.0034317924 0.0002955395 0.0074310848 0.03003395 1.8130054e-15 0.00013992048 0.0064853253 0.013146895 0.00013974083 6.108095e-06 0.21062863 0.8997886 0.41724637 0.7189142 2.8020959e-06 0.04447968 2.0880014e-05 0.0010774903 0.003052839 0.0005933848 0.00021504216 0.36286667 0.00094641844 0.0017451589 0.6896692 0.00061991 0.043175813 1.0262801e-06 0.00036193838 0.00033732943 1.2085738e-05 5.8589223e-05 0.002760051 4.188816e-05 0.00022855062 1.6696832e-08 9.550349e-09 8.609147e-06 4.015567e-06 0.009900075 5.5333385e-06 0.00029051036 3.152167e-06 0.33158678 0.3167244 0.0019283373 1.7096131e-06 1.0935305e-06 0.002487418 4.35559e-06 7.1818595e-06 0.00019881189 0.29769737 2.7726943e-05 0.13428304 0.00027222326 0.005201912 9.777963e-06 3.461508e-05 0.003968705 0.029287152 6.987272e-05 6.2858944e-06 1.2518274e-06 3.0354565e-06 8.144449e-06 6.6541993e-06 1.5580246e-05 4.630225e-07 4.7131843e-07 3.1076638e-07 0.009909247 9.5061514e-05 1.159993e-05 0.0033251666 1.0806478e-05 4.2798978e-09 1.0908465e-06 0.000101933605 6.750948e-08 1.5253957e-07
0.94628054 0.0012109004 0.0106343 0.00074507337 0.00057122373 0.0025574204 0.0017205261 0.0035502422 0.00023410557 0.0002277912 1.8592262e-05 0.32429552 0.05039729 0.04073264 0.8804922 0.27400002 0.04448465 3.521123e-05 0.9525058 0.027584044 6.732634e-05 0.037781294 0.0034850226 0.0003068705 0.00013992048 3.5176492e-16 0.012876636 0.0052221124 0.03828996 0.25143778 2.7642644e-05 7.797605e-06 7.0660564e-05 1.6561812e-06 0.97187555 1.305063e-06 0.6189689 6.810807e-07 8.478244e-06 2.2122213e-05 0.16892879 3.9864644e-06 0.0011649497 1.4674547e-08 1.3755277e-05 0.005527435 1.8987896e-05 0.054393783 0.00019152311 1.1153012e-05 0.31016934 0.001316638 0.00015830093 0.40316963 1.2046855e-05 0.16219322 0.019736402 0.047339443 0.038983017 2.735373e-05 0.03407633 4.1520192e-07 0.0128372535 2.1026556e-06 7.1958802e-06 0.0025584889 1.6048416e-06 0.003972351 9.663157e-05 0.0033264244 1.3595698e-07 0.00055798446 4.311167e-05 3.525341e-06 1.5449687e-05 0.16285107 8.001306e-06 0.06525679 2.1943607e-07 0.014045484 4.1396142e-06 5.769369e-07 8.5801423e-07 0.00055805815 0.00038117406 0.000518506 8.4559775e-07 0.002959301 3.244706e-08 0.002640298 0.00020190499 3.4007644e-05 1.3474653e-06 7.133664e-05 0.01998224 7.2919455e-08 0.00044594458 0.00014095858 1.8309523e-06 0.0017056902 4.442888e-05
0.5800828 0.46934158 0.25908142 0.3310423 0.026447546 0.7349085 0.78297526 0.55040365 0.069731034 0.0007571719 5.1868625e-05 0.31408826 0.88378733 0.13181521 0.15803723 0.51419073 0.20523576 0.00078950677 0.031369578 0.7098248 1.4763382e-05 0.0036446033 0.00032426827 0.00038662693 0.0064853253 0.012876636 2.0306237e-16 0.0032736836 0.6333362 0.010476697 7.1280974e-06 0.009322455 0.5178989 4.0712907e-06 0.00022836695 1.2736574e-06 7.710211e-05 0.00011136639 0.0005365582 4.4508273e-05 0.008467245 0.040859915 8.799922e-05 4.1812967e-07 7.891567e-06 0.000891308 0.5117761 8.346404e-06 0.86422324 1.282841e-05 8.2461884e-05 0.5768439 0.98440456 0.00014822713 0.000200122 9.4073575e-06 1.1683876e-05 3.363779e-06 1.600691e-05 0.043335155 2.8680848e-05 5.2283263e-05 2.1414508e-05 3.898326e-07 1.777085e-05 0.00072469807 1.7076952e-06 3.6611716e-05 0.11894907 6.399513e-06 1.3980674e-05 1.6008713e-05 0.0027274739 2.45405e-07 3.294162e-06 6.137136e-05 2.9767386e-07 0.00036550645 1.128823e-08 0.010010233 1.1566447e-07 9.555656e-08 8.9538935e-07 1.7251303e-07 5.521686e-05 0.0072678593 5.452066e-09 4.0438126e-06 2.713531e-08 3.7787873e-07 4.44396e-07 1.9158265e-06 2.2853403e-08 0.029954536 0.0012350188 1.4554192e-05 2.9027396e-07 4.4779707e-08 0.00020220694 9.197862e-08 2.454532e-07
0.94034004 0.15162046 0.036239807 0.24847637 0.3225705 0.005779136 0.0060562696 0.17132024 0.102703236 0.07621376 0.062327906 0.021655722 0.0034557953 0.09026948 0.0030128302 0.00041036314 6.563729e-05 0.0787225 0.009269592 0.00016213731 0.046268962 0.91557175 0.95143914 0.24229838 0.013146895 0.0052221124 0.0032736836 2.4233187e-14 4.369559e-05 6.712817e-05 0.04416689 0.014476425 0.0029860744 0.014761384 0.004690044 0.010428754 0.00101427 0.0052489224 0.017963918 0.05527979 0.4069139 0.0007897226 0.76069474 0.0022745093 0.002949796 0.95164126 0.00029561252 9.8248354e-05 6.4547694e-06 0.0118106725 0.0024232215 1.6364407e-05 0.0005326887 0.0593528 0.0144488895 2.0015681e-05 1.538878e-05 4.3081134e-05 0.0011671761 9.493414e-05 0.00052076206 0.00079825276 1.4993441e-05 8.304376e-05 0.00042465274 0.30772704 0.0011183245 4.4872755e-05 0.00021433705 7.706128e-06 0.00019497138 0.0996978 0.0062404615 0.0033833853 7.3706186e-05 0.0036236115 0.00029546654 0.34790984 1.2279165e-05 0.57172835 1.2211524e-05 0.00013698718 2.2560922e-05 9.07776e-06 5.4748953e-06 1.296043e-05 2.4181807e-06 3.296513e-06 1.7775019e-05 0.00089891907 1.3855026e-06 1.1496022e-05 8.77528e-06 2.0998092e-05 0.2182936 9.556627e-05 5.4703705e-08 1.5547295e-07 0.0057086623 4.7921207e-05 8.6789237e-07
0.43264514 0.0010732352 0.00177963 0.00038295146 1.5636037e-05 0.014730264 0.011161025 0.009090565 9.983028e-05 3.953609e-06 4.1747379e-07 0.0357186 0.6529684 0.0033456166 0.22632866 0.60048646 0.6321592 7.0022306e-06 0.023459304 0.98918 6.6698544e-06 3.4203746e-05 1.818614e-06 8.3768655e-06 0.00013974083 0.03828996 0.6333362 4.369559e-05 1.615864e-15 0.6841345 2.752797e-07 1.0407962e-05 0.000117378026 1.592203e-07 0.0046807206 6.083194e-07 0.003439297 2.2720615e-05 0.0001107014 8.742194e-06 0.00019316742 3.671707e-05 2.784676e-06 2.061359e-08 2.7074307e-06 2.1959895e-05 0.0014721268 0.00036763807 0.47729585 3.7147875e-06 0.0046159145 0.9627151 0.18803503 0.00013478637 4.8845723e-05 0.01846444 0.00036729238 0.0005903509 2.1942877e-05 0.00058779673 0.00025497904 5.0643534e-06 0.5979238 2.023109e-06 2.3374094e-05 0.00021625783 9.216477e-08 0.016626336 0.0029134674 0.33931404 3.371776e-06 1.7054866e-06 3.681356e-05 3.2842294e-07 3.1187606e-06 0.00082467584 5.689709e-07 5.818863e-07 2.818854e-09 0.0005472672 1.1180803e-06 2.389076e-06 4.0196855e-06 8.223127e-06 0.39785752 0.40860814 2.9441915e-07 0.5708127 2.791222e-08 0.000117035095 0.0019284069 4.0908384e-05 6.9187746e-07 0.042231206 0.00030934313 2.667437e-06 1.846812e-05 1.6547376e-05 3.4853263e-06 1.1924215e-06 1.1884373e-05
0.8726641 7.671866e-05 0.0006723661 8.860907e-06 1.2418576e-05 0.00015049461 6.708497e-05 0.0012389477 8.18209e-06 2.4640578e-06 3.3508513e-07 0.031827718 0.12968403 0.002814398 0.4926934 0.8242674 0.633429 3.0403598e-07 0.039999016 0.29945692 1.4344349e-06 9.8951044e-05 1.0424483e-05 3.130988e-06 6.108095e-06 0.25143778 0.010476697 6.712817e-05 0.6841345 3.8072455e-16 2.1244838e-07 7.5943393e-07 5.2956775e-06 1.605265e-07 0.25442958 7.200575e-08 0.30606818 6.016223e-07 1.3288236e-06 1.1900052e-06 0.0053063524 1.0011163e-06 1.2479148e-05 1.7302282e-09 6.328236e-07 0.00017740141 4.138221e-06 0.13105774 0.0109012285 1.1701801e-06 0.250137 0.22437881 0.00022358182 0.009279586 2.0273444e-06 0.9484349 0.17600572 0.42290184 0.057172645 9.621326e-07 0.08447278 1.7009685e-07 0.9540347 4.1314638e-07 1.5822952e-06 7.7647645e-05 1.0466249e-07 0.7218666 7.0182654e-07 0.6445448 7.782939e-06 5.5003557e-06 1.5834605e-06 1.8963303e-07 3.8784353e-07 0.021374283 4.1011447e-08 9.9306126e-05 3.2326256e-10 0.00063941727 3.3900685e-07 3.4797682e-07 1.6200863e-07 0.0010341676 0.22051318 0.042684346 1.9928683e-08 0.62185353 4.810037e-09 0.018962165 0.14443791 2.8425304e-06 1.9249708e-08 0.00014119511 0.0004002381 5.5042045e-07 0.006012888 0.0004240857 3.4097225e-06 0.0005739541 0.0052344855
0.90216196 0.0067936787 0.00049724 0.009464117 0.483733 4.9279184e-05 3.0079093e-05 0.0022415763 0.023418408 0.41798913 0.46241647 0.0001227176 3.7095324e-05 0.00014587968 3.0567546e-05 2.0782112e-07 2.6748169e-06 0.5723745 8.202329e-05 5.177828e-07 0.31645033 0.00057951023 0.049258735 0.41297075 0.21062863 2.7642644e-05 7.1280974e-06 0.04416689 2.752797e-07 2.1244838e-07 1.9947985e-17 0.008675689 1.2637283e-05 0.9580105 7.677142e-07 0.9538085 7.87222e-06 0.61838245 0.7184032 0.28918058 0.0006475891 0.0002050327 0.022510542 0.4877124 0.53363794 0.0043754056 1.7062024e-06 8.266482e-08 1.1110229e-05 0.16210774 1.4775036e-06 8.062778e-06 4.8929714e-06 0.000118923155 0.13654205 3.1557867e-09 8.966919e-08 1.5908857e-07 1.2049612e-05 5.7944003e-06 4.40384e-06 0.11261241 7.1794965e-08 0.593416 0.05793045 0.09445087 0.0037788781 1.253541e-07 5.395492e-06 4.4848844e-07 0.004663533 0.02709 0.00043333086 0.021831995 0.00026254536 0.0002255076 0.73215073 4.0860425e-05 0.3183008 0.019881982 0.0004835469 0.05149394 0.12159345 3.1808233e-07 6.609447e-06 4.790866e-06 0.03821413 8.0885667e-07 0.00012436727 4.621887e-07 1.7680857e-06 0.043611158 0.046607096 6.5084423e-06 0.011088351 0.0016506114 1.8345547e-08 2.173098e-07 0.018197317 1.0214872e-07 1.6047652e-06
