4.0048295e-22 0.99455905 0.9909851 0.9499165 0.9991329 0.95606285 0.93396187 0.95971656 0.99853426 0.971161 0.95417964 0.98865545 0.99995136 0.9979449 0.99998647 0.98038405 0.9411661 0.9697356 0.96304137 0.9654883 0.9747093 0.99997306 0.890006 0.9149769 0.99958074 0.9564574 0.69267476 0.9856051 0.6875219 0.79171354 0.9527544 0.98603326 0.8520465 0.96334356 0.86748374 0.986214 0.77471083 0.97620696 0.83591455 0.9556244 0.92451686 0.38939047 0.45085105 0.8324315 0.92965966 0.7542495 0.98415476 0.9653872 0.86056894 0.7541133 0.059471305 0.8570619 0.9297249 0.7870098 0.8043207 0.4484101 0.77944803 0.25816613 0.8720291 0.5846945 0.028642489 0.8116214 0.60255134 0.24814713 0.19027315 0.42626232 0.15344489 0.9066141 0.21166924 0.006285799 0.02467779 0.6309382 0.0058037527 0.064526565 0.0014088305 0.8004167 0.003946544 0.017152311 0.0024289782 0.13806246 0.20324418 0.01990314 0.87636167 0.6760085 0.50172335 0.23746113 0.0069854073 0.096391246 0.03064693 0.03292735 0.005712346 0.4458855 0.055563685 0.11079937 0.0019060931 0.005849621 0.028767038 0.019533271 0.0038117226 0.17870255 0.49781287
0.99455905 2.1622014e-13 0.8858595 0.43272197 0.30728838 0.9246819 0.43956906 0.7124001 0.28542778 0.89922273 0.8056142 0.14829233 0.29562715 0.08738663 0.12281393 0.029022777 0.73632014 0.019136753 0.0032170538 0.0052642925 0.005997188 0.0009358639 0.13215779 0.005259498 0.0010904118 0.022037843 0.008500238 0.005968938 0.023581654 0.0030776532 0.00091578014 0.000581663 0.52807087 0.0009250287 0.0004912783 0.09221762 0.00068866566 0.00014309905 0.0027110572 0.0007827785 3.0089794e-05 0.00018330333 0.04975006 7.712977e-05 0.080198646 0.16276695 0.00031728842 4.5700184e-05 0.009883152 0.043724056 0.017727012 0.0001137375 0.00030761978 9.511792e-05 0.0016758798 0.007846511 0.00027370994 0.002069297 0.0003359805 0.00047761522 0.009871367 0.0019472284 1.5442172e-05 1.6687323e-05 0.032226823 0.00024383604 0.000318155 4.6011817e-05 0.00071635516 0.007293188 0.00015470335 9.666534e-06 0.00015352447 6.805935e-06 0.0012058432 6.868335e-06 0.0013379334 0.0014065249 3.5232704e-06 0.0049411184 8.347661e-06 6.926784e-05 4.68354e-07 1.8556506e-06 2.3246559e-05 3.7838236e-06 0.00075020874 8.9901886e-07 5.3887147e-06 1.7474127e-05 3.1564057e-06 6.9305797e-06 1.4511318e-06 1.4839904e-07 1.278153e-05 0.0016667484 6.611867e-08 6.6795174e-06 0.00015560506 2.5808737e-05 2.3939888e-06
0.9909851 0.8858595 1.3557861e-13 0.4766959 0.20026255 0.15000305 0.67580014 0.031027716 0.050680418 0.121145085 0.97337127 0.00783082 0.19101995 0.027443165 0.034713462 0.015775356 0.9312584 0.06814161 0.0003549323 0.0047708354 0.00010328676 0.00065190176 0.009877018 6.13301e-05 0.00094355614 0.0035179676 0.0017059668 0.0004091168 0.0031609787 0.00033810854 0.003759261 0.000116952426 0.38102984 0.00068939745 0.00067737664 0.54327023 0.0008771968 1.9401454e-05 0.00044600113 0.00014450664 5.758565e-06 1.9791814e-05 0.054537207 4.1276026e-06 0.01917707 0.48810863 7.8779536e-05 0.00010909276 0.054978553 0.29052112 0.04121401 1.2597994e-05 0.000816446 2.3485425e-06 0.00035666995 0.0011875305 2.7007605e-05 0.024301726 0.000262834 0.00014450321 0.0136407325 0.0047381935 6.6481647e-07 7.1386557e-06 0.21587898 1.9235202e-05 0.00011711504 6.8896425e-06 0.0065548895 0.002315222 1.9354424e-05 5.654457e-07 0.00046801072 1.9933855e-06 0.0008163918 2.0672032e-07 0.00089225254 0.014068073 3.6130539e-06 0.00049165887 2.1541616e-06 5.8347054e-05 6.9863986e-09 7.113171e-08 4.2669e-06 1.00003945e-05 0.010147983 2.768518e-08 9.4026615e-07 5.986367e-06 1.2184966e-05 9.870288e-07 1.1652784e-05 1.4496255e-08 6.117904e-05 0.002445306 4.0589043e-08 3.9006952e-07 0.0023129126 8.329408e-05 6.154513e-07
0.9499165 0.43272197 0.4766959 8.529152e-15 0.98596704 0.023884282 0.9757239 0.016247196 0.018193256 0.010103996 0.24638686 0.00536205 0.40039867 0.007223766 0.05147757 0.22074762 0.04975344 0.8488892 9.0275105e-05 0.035782028 0.00010572725 0.0014789122 0.0007506042 7.5032e-05 0.0070132115 0.0016217636 0.0002685926 0.00070810894 0.0002450527 5.722638e-05 0.19856474 0.0005458739 0.016166886 0.0029780788 0.037370175 0.6751168 0.010239794 1.4264947e-05 8.970697e-05 0.00011943905 6.5457556e-05 9.358097e-08 0.0008022652 2.2889699e-06 0.0016499086 0.038846206 0.00016802695 0.00037247755 0.36768606 0.29606372 0.0016308095 1.5238692e-05 0.0023731182 6.540274e-06 5.4558423e-05 0.00011940978 1.7026084e-06 0.08609318 0.0024847162 0.0023669116 0.00013411399 0.061072048 5.074741e-07 1.5638601e-07 0.074043624 0.00032248022 1.5461375e-05 3.0489751e-05 0.069604635 0.00019431407 1.3493669e-06 6.329054e-06 2.209457e-07 6.7376055e-07 5.5301713e-05 1.3929881e-06 6.208341e-05 0.002215683 7.2655223e-07 1.5336256e-05 3.6748158e-06 4.9349626e-07 4.7797357e-06 9.653563e-06 1.7810117e-06 7.655436e-05 0.00011427428 5.265612e-08 1.2482778e-07 2.2547683e-06 9.538371e-05 1.8461727e-05 2.5998052e-06 5.692895e-09 0.00034888033 2.5433195e-05 4.676439e-09 3.4533502e-07 9.766747e-05 6.0489117e-05 2.3976774e-05
0.9991329 0.30728838 0.20026255 0.98596704 3.886278e-16 0.016030645 0.7051852 0.01722719 0.025734333 0.0070218956 0.060366135 0.0075270385 0.7420821 0.025658665 0.19214195 0.29820874 0.025763381 0.46722516 0.00026270942 0.018955091 5.0269773e-05 0.0041957493 0.00058183866 3.1663745e-05 0.009988029 0.002504865 0.00013217874 0.002816162 0.00014522173 3.3470988e-05 0.089987695 0.0016191897 0.0071531106 0.0037907243 0.02175289 0.3031011 0.008497867 3.4520628e-05 0.00016725251 0.00010234838 7.939794e-05 3.0909035e-08 0.00044733105 1.2224867e-05 0.0010859572 0.010013164 0.00037092582 0.00013011832 0.12530006 0.11300905 0.0011147084 4.596484e-05 0.00207245 9.139479e-06 7.581156e-05 0.00016200669 8.778252e-06 0.026637593 0.003416034 0.0015763129 5.9670423e-05 0.028883725 1.934037e-06 6.4651476e-07 0.032535333 0.0008448087 0.0001315053 4.4861503e-05 0.027793324 0.00026601157 6.163765e-05 3.303605e-05 1.7661023e-06 6.0250964e-06 6.719183e-05 3.5096184e-06 7.901135e-05 0.0009637692 5.353476e-07 4.8589172e-05 1.1417672e-05 2.8418977e-05 1.02767235e-05 2.0842352e-05 4.3709053e-05 6.4960615e-05 9.122425e-05 1.6391763e-06 6.3256753e-06 1.6540756e-06 0.00012701689 2.1183316e-05 1.3447078e-06 4.2064178e-07 0.00026413685 6.365825e-05 4.982085e-07 1.5962352e-05 4.1892596e-05 0.00021809763 2.9105984e-05
0.95606285 0.9246819 0.15000305 0.023884282 0.016030645 2.2359978e-15 0.030405954 0.9119349 0.5328942 0.9821953 0.18542491 0.17068452 0.0837115 0.10059427 0.05600216 0.0018050391 0.022612788 0.0007639336 0.003320822 0.00019096429 0.12597546 0.00040030677 0.862253 0.29050344 0.0001534371 0.14173402 0.36854386 0.0034504046 0.59874725 0.06606483 8.6176195e-05 0.00018278592 0.09997432 6.786048e-05 4.284133e-05 0.00083550374 7.0998845e-05 2.0057949e-05 0.017720167 0.0022178956 2.5678826e-06 0.0010546292 0.0027972513 7.000205e-05 0.29316968 0.0041692024 7.208769e-05 1.3263445e-06 8.426049e-05 0.00033298283 0.00023638808 2.3817836e-05 3.358608e-06 3.1839678e-05 0.0012639097 0.053998694 6.2182786e-05 3.6538222e-05 3.9937768e-05 6.114926e-06 0.00025254354 3.405173e-06 1.0856862e-06 0.00048515204 0.00025809687 1.46024e-06 0.0027097778 3.7112043e-06 1.45052645e-05 0.015530278 4.1007246e-05 7.685926e-07 0.0023495138 3.3593708e-06 0.00092186354 7.1434323e-07 0.0018706357 0.000118779426 7.0209467e-06 0.050835114 7.60036e-07 5.4061722e-05 7.3474653e-09 2.838727e-08 1.155901e-06 1.7283959e-07 5.7929196e-06 5.0514526e-09 1.8420222e-07 1.56616e-05 8.672553e-07 9.99007e-08 7.720546e-06 9.218089e-09 5.466623e-07 0.00021747683 5.1286456e-08 1.149708e-06 4.7347416e-07 2.6414023e-07 1.10541826e-07
0.93396187 0.43956906 0.67580014 0.9757239 0.7051852 0.030405954 1.6188564e-15 0.011900564 0.01266716 0.010135878 0.65492034 0.0040269303 0.21495315 0.012861136 0.023034846 0.08168125 0.09794394 0.9640225 2.297231e-05 0.027687635 4.0758885e-05 0.001281886 0.0010169538 7.093665e-05 0.005615732 0.0013842275 0.0004769857 0.0003719481 0.00022697562 8.2414e-05 0.21099065 0.00023090316 0.012897646 0.0010795149 0.011493282 0.72692144 0.008300805 1.7123444e-06 2.5878264e-05 0.000100194346 9.686948e-06 8.738492e-08 0.0005418015 5.148456e-07 0.0006266846 0.060423315 2.2461074e-05 0.00011891396 0.26084173 0.30730113 0.0018837877 1.6713803e-06 0.0007231913 2.508613e-06 6.1440132e-06 0.00011774172 9.248487e-07 0.06566319 0.0012490866 0.0012296186 0.00010620961 0.026239831 1.815939e-07 3.2039445e-08 0.1006663 0.00010018469 3.631317e-06 5.066658e-06 0.033593513 0.00013668663 2.3009602e-07 3.0218567e-07 3.1430582e-07 1.0063969e-07 2.2255887e-05 1.0116992e-07 4.362647e-05 0.0020943983 1.0245408e-07 3.1650598e-06 3.732356e-07 2.9932778e-07 8.675335e-08 2.1039662e-07 8.1822456e-08 3.0964253e-05 0.0001588932 2.5284916e-09 6.0642176e-09 1.5333527e-06 4.086358e-05 1.3609267e-07 7.4032746e-06 1.0435894e-10 0.00022370639 1.2823872e-05 3.403371e-10 1.6548053e-07 4.7784844e-05 2.0925843e-05 1.1184311e-06
0.95971656 0.7124001 0.031027716 0.016247196 0.01722719 0.9119349 0.011900564 4.9695308e-14 0.97252786 0.046843026 0.014581195 0.9200026 0.024208454 0.052911337 0.07207414 0.003345524 0.0022478648 0.0020105771 0.010860789 0.00023588545 0.85023713 0.0006696037 0.24782093 0.6081362 0.0006117951 0.27838448 0.24929152 0.0067784153 0.2220789 0.23731737 0.0012154166 0.0005592868 0.010162525 0.00042991128 0.00043792173 0.004091843 0.00022380026 0.0014221508 0.09859105 0.026686074 2.7994234e-05 0.011651468 0.00029445076 0.0025171505 0.04892817 0.002422913 0.0017091772 2.274877e-06 0.0011519504 0.000979921 0.00011820041 0.00039658006 5.0671506e-06 0.0023590703 0.041178614 0.0070425076 0.002134936 0.00053909334 6.0733284e-05 0.00055794825 2.2326338e-05 0.00025153733 0.0007300543 0.0016427421 0.0006054444 6.491986e-05 0.007251873 4.671193e-05 2.0041965e-05 0.00047554745 0.00055354135 4.157618e-07 0.00026544544 0.00012706718 3.370466e-05 2.7686281e-05 0.00030726442 9.238081e-06 3.58525e-05 0.0048664417 2.7480448e-06 6.9277805e-05 1.6078089e-06 8.3275045e-06 7.572795e-05 4.2418055e-06 1.3957567e-06 1.1024194e-06 2.1743283e-08 0.00051026046 7.330056e-06 1.4863884e-05 3.6875084e-05 6.8659335e-07 5.898061e-06 3.5205228e-06 4.5719344e-06 8.7376725e-07 7.365229e-07 4.4891587e-07 2.1300955e-05
0.99853426 0.28542778 0.050680418 0.018193256 0.025734333 0.5328942 0.01266716 0.97252786 1.9123889e-12 0.20630911 0.022868657 0.89956415 0.09819766 0.39584777 0.4459395 0.004898194 0.016215997 0.002563464 0.04909966 0.0015997075 0.7282246 0.0076616406 0.26893368 0.2959671 0.0013953615 0.6898966 0.09011383 0.05423662 0.1554517 0.16620035 0.00087721593 0.006986206 0.03929225 0.0011799183 0.00032439292 0.010033831 0.00030721928 0.022308754 0.24340737 0.11035125 0.00040978706 0.056447074 0.0012420957 0.030689681 0.21821362 0.0028130417 0.011320677 8.4286885e-06 0.0009412393 0.0010234595 0.0001388222 0.0041709263 4.2415486e-05 0.013743012 0.13561855 0.03721141 0.01928147 0.00046536897 0.00013654046 0.00056415005 1.8661935e-05 0.00019843022 0.0021957501 0.013834614 0.00076439604 0.00027396745 0.04401957 0.00036724072 0.00012308187 0.00025579668 0.00069345394 2.2089387e-05 0.0004480246 0.0001891494 3.043316e-05 0.0005334238 0.000309591 1.0633554e-05 0.00037802837 0.007892987 2.1811727e-05 0.00021089394 1.519617e-05 7.6282595e-05 0.00038136353 1.3323347e-06 3.2369267e-06 2.2725837e-05 2.2518802e-06 0.0026911024 4.797434e-07 2.7822673e-05 0.00011249307 7.899914e-05 2.2720778e-06 7.9026344e-05 2.3448396e-05 2.1117277e-05 8.305575e-06 4.1668727e-06 6.6078464e-06
0.971161 0.89922273 0.121145085 0.010103996 0.0070218956 0.9821953 0.010135878 0.046843026 0.20630911 3.1517483e-14 0.2293211 0.011806264 0.05102708 0.04017386 0.015866531 0.00096275593 0.08715216 0.00023555588 0.0002681378 8.368621e-05 0.0054673096 0.00033282474 0.83196515 0.014865977 0.00018471808 0.005577224 0.0656938 0.00018573344 0.3915841 0.0111341495 9.240984e-05 1.9830544e-05 0.8960611 4.993454e-05 3.367417e-05 0.002246098 3.3101365e-05 2.2081501e-06 0.006867631 0.00019369462 2.3192106e-07 0.00027778413 0.21728794 1.7535368e-06 0.7692891 0.054594215 1.3788282e-05 1.3982522e-06 0.00019312432 0.002455216 0.0032334602 3.3417516e-06 8.8607785e-06 6.793115e-06 0.00030922308 0.3290259 2.159982e-05 0.0002967766 6.5724184e-06 4.9902715e-06 0.009225509 1.4448893e-05 1.572916e-06 0.0003084373 0.0025362459 5.2165774e-07 0.00056197506 2.5695092e-06 9.519742e-05 0.158593 6.1081795e-05 6.7956606e-08 0.0042193853 5.127179e-06 0.007014272 8.6700425e-08 0.013202284 9.87477e-05 1.8497951e-06 0.24501738 8.429577e-07 4.429701e-05 6.40041e-10 5.556545e-09 1.3107163e-07 6.5051313e-07 0.00011350486 5.389328e-09 3.9291635e-07 2.9050661e-05 4.3384066e-06 6.683086e-08 3.117873e-05 2.9087168e-09 6.9508533e-06 0.0059512802 5.70984e-08 3.6340502e-06 1.727773e-05 1.9626744e-07 5.6121655e-07
0.95417964 0.8056142 0.97337127 0.24638686 0.060366135 0.18542491 0.65492034 0.014581195 0.022868657 0.2293211 6.0006674e-14 0.00581003 0.075325824 0.013741426 0.015020584 0.009137615 0.9576177 0.08274728 5.3211395e-05 0.0013690608 5.6403736e-05 0.00028877513 0.020833174 6.778738e-05 0.0005457828 0.0027340236 0.001635121 0.00020010692 0.0035886555 0.0003279965 0.005711421 4.9750208e-05 0.62621605 0.00023159274 0.0009768769 0.63427556 0.002658116 6.7337066e-07 0.00055569405 0.00025054594 5.9453487e-07 2.7498436e-06 0.08327328 3.651739e-07 0.023707367 0.82395464 1.1435391e-05 1.579772e-05 0.14044836 0.36696148 0.061591055 5.502536e-07 0.0007565418 2.2236527e-06 5.9066253e-05 0.0017805612 1.3761969e-05 0.092965 0.00024510318 8.450416e-05 0.018320998 0.0027361729 8.386561e-08 9.881078e-06 0.3798248 2.2973854e-06 7.063968e-05 8.651669e-07 0.028633932 0.011013068 2.1407493e-06 1.793012e-07 0.00044929367 2.3082154e-07 0.0022213077 1.6442671e-07 0.0032762978 0.010869083 3.6329448e-06 0.0005542489 2.5222687e-07 1.5911557e-05 1.5901506e-08 1.3745185e-08 4.114356e-07 3.6696606e-06 0.01330344 5.251928e-09 9.889274e-07 1.0014214e-05 9.463327e-06 5.55392e-08 0.00011955119 3.4241958e-09 8.7879045e-05 0.0046835723 1.4423175e-07 1.134291e-06 0.00086549344 7.477759e-06 8.25613e-08
0.98865545 0.14829233 0.00783082 0.00536205 0.0075270385 0.17068452 0.0040269303 0.9200026 0.89956415 0.011806264 0.00581003 6.89112e-14 0.015628964 0.5482476 0.34869674 0.0017662642 0.0003689035 0.0006703087 0.42195886 0.00013670293 0.7704345 0.00460662 0.03670814 0.3590118 0.00018646414 0.96166193 0.046942227 0.19533561 0.020130169 0.07076478 0.00020627635 0.01787023 0.0020476403 0.00018865977 0.000146373 0.00036868 2.760439e-05 0.08090419 0.09039042 0.39172265 0.00036714738 0.015744567 8.3015875e-05 0.03969987 0.0052482616 0.0002587512 0.016689314 8.0976423e-07 0.00026693635 6.4116306e-05 1.1245225e-05 0.0055943057 5.8484184e-06 0.010306356 0.18585128 0.00049697456 0.019918311 1.0888772e-05 2.2358618e-05 0.00034165307 1.1462273e-05 4.9785947e-05 0.010814805 0.000914138 7.3054114e-05 4.5668858e-05 0.034746096 0.00072452496 1.4637733e-06 0.00016977153 0.003154984 8.565656e-05 8.6989014e-05 0.0005501495 3.6908794e-05 0.00076370494 9.158976e-05 1.4303744e-05 0.00076507323 0.00012860092 5.1871644e-05 0.0017137546 2.1677537e-05 3.2856267e-05 0.0018604681 1.13715416e-07 8.628573e-07 3.9768336e-05 6.670586e-06 0.003474955 3.1465747e-06 3.631724e-05 0.0003413139 1.30945955e-05 1.5195103e-06 2.664396e-06 4.0201092e-05 5.2427135e-06 7.0593205e-07 6.1560065e-08 1.1834946e-05
0.99995136 0.29562715 0.19101995 0.40039867 0.7420821 0.0837115 0.21495315 0.024208454 0.09819766 0.05102708 0.075325824 0.015628964 8.1024726e-14 0.01786477 0.24119881 0.97186214 0.047952376 0.65171313 0.0011305286 0.55043703 0.0035662828 0.026640693 0.014052236 0.0045881197 0.62331676 0.0076420917 0.004033289 0.010354254 0.0066209547 0.0010657869 0.7667621 0.014914847 0.023226948 0.2271425 0.507511 0.41863355 0.26765275 0.002773964 0.003258802 0.0053000734 0.008926104 7.188764e-05 0.0011381764 0.0006350991 0.01906814 0.009500212 0.020642092 0.16974731 0.3198218 0.021144731 0.00058858347 0.005862854 0.4244694 0.0005460892 0.0019288191 0.002467116 0.000656933 0.049290903 0.077462986 0.04539756 0.000149857 0.36410925 0.00079685135 7.370099e-05 0.007659226 0.010819447 0.00053872407 0.0069616516 0.044079013 0.000116955205 0.00022676705 0.001579714 4.0385694e-05 0.00018093157 9.9861325e-05 0.00152819 9.273083e-05 0.00036710798 1.0631242e-05 0.00045967934 0.00047541887 3.7430076e-05 0.012001601 0.0058337743 0.0006175306 0.0146979615 5.3226926e-05 0.0002922566 6.125143e-05 8.7360895e-05 0.0007732099 0.004330638 0.00029622152 0.000111337926 0.0003497803 0.0012773385 1.2433246e-05 9.6373326e-05 0.00015252772 0.01271136 0.003946473
0.9979449 0.08738663 0.027443165 0.007223766 0.025658665 0.10059427 0.012861136 0.052911337 0.39584777 0.04017386 0.013741426 0.5482476 0.01786477 3.212831e-11 0.89190173 0.0015123428 0.014967062 0.005302096 0.9638978 0.0012326713 0.17257315 0.017809482 0.026981799 0.05580246 0.0015816262 0.68504477 0.016920492 0.5324726 0.014647104 0.018916918 0.0021143234 0.032352448 0.017975211 0.004069641 0.0017657548 0.0122577185 0.00065840915 0.67260313 0.058575552 0.74179405 0.010101404 0.011268897 0.00069281843 0.3139277 0.03391207 0.004436258 0.40971574 0.00028516923 0.0028246671 0.0016055062 0.0002764445 0.120830804 0.00032323672 0.21463817 0.24003157 0.0036032626 0.28402367 0.00078049226 0.00053357746 0.001975475 0.00015136601 0.0015524643 0.10356227 0.0016524376 0.00039341193 0.0013452953 0.016858384 0.030108843 0.00022747098 6.3650055e-05 0.00619431 0.0011891504 0.00029086773 0.01411445 3.6889614e-05 0.03145274 0.00017552252 6.117075e-05 0.0005574446 0.00035930556 0.0017704742 0.0025962736 0.007378141 0.0026314359 0.028710432 3.7283793e-05 1.559376e-05 0.0037199461 9.31946e-05 0.013128603 5.1492157e-06 0.0006204565 0.039192133 0.0055674356 8.501604e-06 0.00040902977 0.0055963513 0.00018840985 2.721312e-05 3.8913327e-05 0.00021998184
0.99998647 0.12281393 0.034713462 0.05147757 0.19214195 0.05600216 0.023034846 0.07207414 0.4459395 0.015866531 0.015020584 0.34869674 0.24119881 0.89190173 5.2827145e-15 0.082131825 0.007892155 0.010876565 0.21832877 0.009807883 0.043729562 0.27947477 0.009079779 0.0198416 0.07340727 0.07023205 0.006669667 0.96069115 0.010229375 0.0072304304 0.008087843 0.30933717 0.006775969 0.028689934 0.007671987 0.023865689 0.0037163098 0.5044275 0.014928986 0.17337623 0.050491836 0.0015907721 0.00046392975 0.07545098 0.014356257 0.0026706797 0.69084984 0.002258102 0.007884806 0.0024492876 0.0005335197 0.2225467 0.0035480827 0.039623488 0.029043654 0.006507375 0.036886398 0.0021601708 0.003130636 0.007836513 0.000109009365 0.0057144496 0.10049757 0.0011985799 0.0016485159 0.01200779 0.00799773 0.067125455 0.0010621422 0.00014474208 0.0046979296 0.0033863164 0.000112421316 0.009763489 0.00014696678 0.07281004 8.4702646e-05 0.00019126684 0.0003160008 0.0013106441 0.004086939 0.0004924144 0.040427886 0.02855044 0.0926064 0.0003915942 5.211058e-05 0.021220416 0.00036157545 0.0014743964 0.0001938541 0.0092920195 0.0034512896 0.019508192 0.0001284411 0.0014802229 0.005114987 0.00087854546 0.00034742354 0.00029746088 0.005992702
0.98038405 0.029022777 0.015775356 0.22074762 0.29820874 0.0018050391 0.08168125 0.003345524 0.004898194 0.00096275593 0.009137615 0.0017662642 0.97186214 0.0015123428 0.082131825 2.3304678e-12 0.0015229684 0.4923147 3.717093e-05 0.9637724 5.5287263e-05 0.009637026 0.0002906797 1.8388648e-05 0.62274593 0.00053433824 0.00026844305 0.0013772487 0.0001339657 1.3106441e-05 0.86575884 0.003891134 0.0007235807 0.15241855 0.6530579 0.08119058 0.40231422 6.39249e-05 8.620086e-05 0.00023621818 0.00090187124 1.9791983e-07 6.268417e-05 1.5258396e-05 0.00022035367 0.0012917916 0.0008529918 0.20577379 0.07924301 0.008283668 0.00011805216 0.00020145644 0.11401268 2.3129842e-05 5.234787e-05 0.00045279207 6.159161e-06 0.007863411 0.09419198 0.03743073 3.146513e-05 0.17461804 1.1211248e-05 6.182282e-06 0.0034454246 0.004980794 2.5616735e-05 0.0004072009 0.005057676 1.9749861e-05 4.5273206e-05 0.00061381364 2.1959142e-05 6.8200275e-06 2.1069904e-05 0.000103178165 5.8447913e-05 0.00016102153 1.0606623e-05 1.7667298e-05 0.00014653208 8.572532e-06 0.001123178 0.000688911 0.00018198582 0.0102748135 5.3691347e-06 1.4643827e-05 3.9037917e-05 2.9952555e-06 0.00079967646 0.0006994886 5.603497e-05 3.3774627e-06 0.00037066673 3.006094e-05 2.2977097e-06 1.9411375e-05 1.7752049e-05 0.0073592267 0.00068620004
0.9411661 0.73632014 0.9312584 0.04975344 0.025763381 0.022612788 0.09794394 0.0022478648 0.016215997 0.08715216 0.9576177 0.0003689035 0.047952376 0.014967062 0.007892155 0.0015229684 5.7765275e-16 0.004797919 3.7741002e-06 0.00015268827 3.0832493e-06 5.264244e-05 0.0049908357 6.581457e-06 0.00010763245 0.00013808107 0.0005603861 4.6369573e-06 0.0010028583 1.39435515e-05 0.00039025545 9.0110814e-07 0.91551125 2.6158154e-05 7.573582e-05 0.30941182 6.4026055e-05 1.4209752e-07 0.00014360214 4.631199e-06 3.6535937e-08 3.237113e-07 0.458951 2.8891943e-08 0.02307222 0.9575485 4.543276e-07 6.0230227e-06 0.017212218 0.25068203 0.18263507 1.2992618e-07 0.00010904044 2.8309017e-07 2.3934648e-05 0.0033206919 1.3573499e-06 0.03281832 5.130904e-05 3.8716043e-06 0.08643729 0.00031531803 5.878474e-08 2.9033115e-06 0.35656163 1.3484756e-06 1.6080414e-05 1.349853e-07 0.010981447 0.007137373 1.0887719e-06 2.2736751e-08 0.00024734967 2.6501868e-06 0.0037827254 8.778749e-09 0.0023839872 0.018952984 6.9234807e-07 0.0075417357 1.265658e-07 7.2195535e-06 1.9764113e-10 1.502311e-09 1.4188918e-08 6.9685456e-07 0.015567417 6.8076145e-10 5.2288595e-07 3.4076681e-06 1.619531e-06 1.8866622e-08 3.4765475e-05 6.572556e-10 5.4189654e-06 0.01161359 6.790983e-08 2.1956703e-06 0.0014385406 1.7039292e-06 2.3891886e-07
0.9697356 0.019136753 0.06814161 0.8488892 0.46722516 0.0007639336 0.9640225 0.0020105771 0.002563464 0.00023555588 0.08274728 0.0006703087 0.65171313 0.005302096 0.010876565 0.4923147 0.004797919 2.8986037e-13 1.3007112e-05 0.21776015 2.987359e-06 0.001634664 2.0576148e-05 3.717468e-07 0.012351308 0.00034854078 5.5083114e-05 0.00030645757 1.7497392e-05 3.1586546e-06 0.9486156 0.0002574496 0.0006973389 0.002100428 0.33191875 0.8687678 0.2512009 1.4844667e-06 5.448653e-06 1.0556811e-05 5.063178e-05 4.6391753e-07 0.00010063217 3.9915756e-07 3.211361e-05 0.0034065624 2.1932143e-05 0.002014705 0.76464564 0.14439783 0.0002613009 2.2074226e-05 0.03594975 2.637067e-06 2.403213e-05 0.00012841783 1.6514575e-06 0.2205901 0.001810505 0.00059706945 4.2079628e-05 0.57849705 2.9505918e-07 2.3189318e-07 0.023758309 0.0006083777 2.4974177e-06 7.881684e-06 0.35200456 6.1485202e-06 1.5595194e-06 5.357217e-06 9.052443e-07 9.855014e-07 2.2786485e-06 2.6832888e-06 1.494578e-06 0.0011945097 3.0565036e-07 5.7376e-07 7.300985e-06 4.236073e-06 1.6099149e-07 1.1281849e-06 1.4246477e-06 0.0004363896 7.752478e-06 1.7513491e-08 1.3344671e-06 3.4962925e-06 0.002522228 3.2915589e-06 3.1431842e-05 1.332257e-08 0.004441741 5.4135367e-06 2.3417422e-07 5.6050896e-05 1.2956278e-05 0.0010599793 5.6231594e-05
0.96304137 0.0032170538 0.0003549323 9.0275105e-05 0.00026270942 0.003320822 2.297231e-05 0.010860789 0.04909966 0.0002681378 5.3211395e-05 0.42195886 0.0011305286 0.9638978 0.21832877 3.717093e-05 3.7741002e-06 1.3007112e-05 5.0357083e-15 1.8465204e-06 0.06144524 0.0070562423 0.00065927557 0.01107989 1.9975216e-05 0.8118895 0.0025514262 0.49316508 0.0004410473 0.0029914218 2.3059669e-05 0.009858668 0.00017385009 2.3026374e-05 1.3366051e-05 2.5019914e-05 4.3998625e-07 0.89860094 0.011242154 0.9478468 0.0005499522 0.0023549604 2.0459898e-05 0.762982 0.00036828272 1.7349175e-05 0.15667833 5.4421804e-07 1.1929288e-06 5.048481e-07 1.4238163e-06 0.07199161 1.001481e-06 0.3068234 0.2624279 5.1247764e-05 0.20441297 1.0904804e-06 1.6440554e-05 0.000111404945 6.3294914e-07 2.8056147e-06 0.32242405 1.0033456e-05 4.3804567e-07 3.5712856e-05 0.004140902 0.003613869 2.588973e-06 2.3296573e-06 0.012146732 0.00013945381 2.7677224e-05 0.004052358 9.26011e-07 0.022142878 1.4314524e-05 2.3897142e-06 0.00013366096 2.2630256e-06 0.00014734287 0.005424584 9.091904e-05 5.251653e-05 0.05835243 3.702654e-07 2.6894435e-07 0.0006211537 1.0204717e-05 0.0050948123 3.981888e-07 2.1596956e-05 0.012519195 0.0012189494 2.3043785e-06 4.6360333e-06 0.0024879968 1.121236e-05 6.3903013e-07 1.1872896e-07 7.6027272e-06
0.9654883 0.0052642925 0.0047708354 0.035782028 0.018955091 0.00019096429 0.027687635 0.00023588545 0.0015997075 8.368621e-05 0.0013690608 0.00013670293 0.55043703 0.0012326713 0.009807883 0.9637724 0.00015268827 0.21776015 1.8465204e-06 6.814986e-16 1.3559059e-06 0.014810556 3.9640123e-05 5.1198623e-07 0.50527006 2.1273285e-05 1.2932465e-05 0.00018431743 1.8235603e-06 3.7328294e-07 0.89056385 0.0009123856 6.9634436e-05 0.3484992 0.8992791 0.03185924 0.76877254 1.4753507e-06 7.188215e-07 9.164633e-06 0.0003471134 2.596975e-08 7.5782634e-07 8.993916e-08 1.0620368e-05 0.00010064157 0.00028453406 0.9443551 0.035199806 0.0019434938 2.9173765e-07 1.5455744e-05 0.4996479 8.3679424e-07 5.8910005e-06 2.8465603e-05 9.64461e-08 0.0016113803 0.28261983 0.042310745 1.2795542e-07 0.093017675 5.258012e-07 1.6210382e-07 5.5987217e-05 0.014014295 3.3783647e-06 8.54913e-05 0.00093406235 1.4091724e-07 1.0307012e-07 6.556446e-05 2.2927638e-07 6.31118e-07 1.1718039e-06 2.0964605e-06 2.738628e-07 8.219725e-06 8.3420144e-07 1.5536699e-07 6.698751e-06 9.891935e-07 0.00029198968 0.00028520887 7.0213247e-07 0.074315704 1.5353493e-07 5.813069e-08 1.3192509e-06 5.6367408e-06 0.00076352246 0.00039581952 3.7165873e-06 6.415315e-08 0.00023572984 1.6769418e-07 4.3922302e-08 1.7468294e-07 4.5771367e-07 0.038240194 0.0009363121
0.9747093 0.005997188 0.00010328676 0.00010572725 5.0269773e-05 0.12597546 4.0758885e-05 0.85023713 0.7282246 0.0054673096 5.6403736e-05 0.7704345 0.0035662828 0.17257315 0.043729562 5.5287263e-05 3.0832493e-06 2.987359e-06 0.06144524 1.3559059e-06 7.348329e-14 0.00070105965 0.07725982 0.98075193 1.3595736e-05 0.8935671 0.57653534 0.008194159 0.09275786 0.82030195 5.4684375e-07 0.00061369425 3.252623e-05 1.7241905e-06 2.048684e-07 2.2722427e-06 1.2444943e-07 0.00015632182 0.83132136 0.010492795 1.6298276e-05 0.58491844 2.7372364e-05 0.0001671009 0.014727152 1.5962169e-05 2.2948594e-05 2.5281497e-07 9.3156245e-08 5.8013865e-07 5.278902e-06 9.07034e-05 3.7957216e-06 0.0001591196 0.03603272 0.001896476 0.0015976067 3.589033e-07 5.189086e-06 2.0461225e-07 1.6205653e-05 7.8691903e-07 5.0582767e-06 0.107549705 2.7719094e-07 5.3878284e-07 0.13400896 1.0303857e-05 1.4009937e-06 3.930839e-05 0.00032861077 1.2414414e-06 0.0022802115 9.857886e-06 1.4491107e-05 5.8343576e-06 3.0804233e-05 1.2903594e-06 0.0022244717 0.0005073878 1.1077321e-06 0.0011199083 1.7097483e-08 1.4879448e-08 1.8243065e-06 2.678431e-08 4.225653e-07 3.8075004e-08 3.8005496e-06 0.0017440333 4.9500795e-07 1.7110801e-07 1.4989424e-05 2.830297e-07 7.9314003e-07 8.382715e-06 6.2969434e-07 6.53869e-06 1.15052785e-07 5.5731586e-08 4.460907e-07
0.99997306 0.0009358639 0.00065190176 0.0014789122 0.0041957493 0.00040030677 0.001281886 0.0006696037 0.0076616406 0.00033282474 0.00028877513 0.00460662 0.026640693 0.017809482 0.27947477 0.009637026 5.264244e-05 0.001634664 0.0070562423 0.014810556 0.00070105965 9.502546e-16 4.5185556e-05 0.00015566385 0.2100342 0.007301939 0.00013372788 0.41211656 6.245986e-05 0.00014724118 0.0038426665 0.9473892 8.1733044e-05 0.105820015 0.00420935 0.0015848355 0.0011591488 0.02928208 0.00041312395 0.009195109 0.9296736 5.2790605e-05 1.023657e-05 0.0037870007 3.4822184e-05 6.822965e-05 0.40354043 0.017540356 0.0015791657 0.00018015558 2.8513543e-06 0.11635996 0.0018448185 0.0019540854 0.0017365109 0.0002756292 0.0018939293 0.00014816989 0.011555037 0.026770525 4.7135422e-06 0.0010979516 0.004054303 2.7726269e-06 4.0993677e-05 0.027030317 5.945168e-05 0.3392465 6.431012e-05 1.6654566e-06 0.00028614854 0.20839682 6.651079e-06 0.0006694903 2.58765e-06 0.042476747 1.8452159e-06 4.621259e-06 5.7927314e-06 4.1167077e-05 0.03809853 2.0266052e-05 0.5984702 0.2212081 0.013637956 0.00029717962 4.5798527e-07 0.03196607 0.0040807053 0.00016113873 1.1614675e-05 0.07248356 0.0001089202 0.021465836 9.114125e-06 6.747914e-05 0.00092950684 0.0028689753 2.6389964e-06 0.00011835595 0.01734984
0.890006 0.13215779 0.009877018 0.0007506042 0.00058183866 0.862253 0.0010169538 0.24782093 0.26893368 0.83196515 0.020833174 0.03670814 0.014052236 0.026981799 0.009079779 0.0002906797 0.0049908357 2.0576148e-05 0.00065927557 3.9640123e-05 0.07725982 4.5185556e-05 5.348611e-17 0.17399816 9.000076e-06 0.007374451 0.550953 0.00014832073 0.99656785 0.14457887 1.8214971e-06 9.207806e-06 0.009308512 3.1781688e-06 1.2711746e-06 7.736812e-06 1.4813893e-06 3.5498138e-06 0.13167392 2.0121386e-05 4.1725767e-07 0.023085196 0.00378292 8.250385e-06 0.91586 0.0001632258 6.3750593e-07 9.52084e-07 6.0070033e-07 4.7958624e-06 5.035153e-05 5.2159e-07 3.2208127e-06 1.0400336e-06 0.00025221932 0.5387167 2.2002767e-05 2.8133875e-06 2.539811e-06 3.584198e-08 8.2064915e-05 7.672358e-08 4.173506e-08 0.2659064 2.8017803e-06 4.846156e-08 0.00036428135 5.362873e-07 1.2111735e-05 0.011319003 3.0844521e-06 1.6758437e-07 0.3067605 8.441072e-07 0.000656938 3.975942e-07 0.0047272122 5.8234123e-06 8.329804e-07 0.18058607 5.016709e-07 8.2138e-06 1.6099017e-08 2.5058546e-09 1.1030399e-08 4.3195104e-08 2.76014e-06 1.7490573e-10 2.7032561e-08 7.351251e-05 8.489317e-07 8.835173e-09 2.0699e-05 5.5027134e-09 7.4759583e-07 5.0836392e-05 9.147422e-08 1.040243e-06 3.9011007e-07 5.2890552e-08 1.9663896e-07
0.9149769 0.005259498 6.13301e-05 7.5032e-05 3.1663745e-05 0.29050344 7.093665e-05 0.6081362 0.2959671 0.014865977 6.778738e-05 0.3590118 0.0045881197 0.05580246 0.0198416 1.8388648e-05 6.581457e-06 3.717468e-07 0.01107989 5.1198623e-07 0.98075193 0.00015566385 0.17399816 9.837161e-15 1.6867926e-06 0.54652923 0.9331086 0.0021275529 0.2114488 0.96286684 8.228571e-08 7.704589e-05 0.00015822 5.4235903e-07 1.3473727e-08 2.5376028e-06 1.5585291e-08 1.6501659e-05 0.779101 0.0006259923 5.393972e-07 0.52130616 0.00010980713 2.7624774e-05 0.13082543 9.868007e-06 3.60356e-06 9.8566524e-08 1.0566602e-07 4.641076e-06 2.9569119e-06 8.386209e-06 2.7987053e-07 2.1186648e-05 0.02288706 0.019504204 0.0007820222 4.5527355e-07 5.4624957e-07 2.4063443e-08 9.985937e-06 2.5297896e-07 1.548322e-06 0.31293848 1.044647e-06 8.467598e-09 0.070320465 1.9642016e-06 4.976093e-07 4.802355e-05 6.594466e-05 2.3304246e-07 0.0071289586 1.3308642e-06 1.7021224e-05 1.7681213e-06 7.006162e-05 1.6050024e-06 0.00044040044 0.0015621176 3.046949e-07 0.00016750777 1.0634997e-08 1.19919195e-08 1.892287e-07 1.0437895e-08 2.1618935e-06 1.0975848e-09 9.529392e-08 0.0004800171 1.9765575e-07 3.7710883e-08 5.9487547e-06 4.3907143e-08 7.2709156e-07 8.6646205e-06 1.3323263e-07 4.5229052e-07 1.5973652e-07 8.229791e-09 5.2900035e-08
0.99958074 0.0010904118 0.00094355614 0.0070132115 0.009988029 0.0001534371 0.005615732 0.0006117951 0.0013953615 0.00018471808 0.0005457828 0.00018646414 0.62331676 0.0015816262 0.07340727 0.62274593 0.00010763245 0.012351308 1.9975216e-05 0.50527006 1.3595736e-05 0.2100342 9.000076e-06 1.6867926e-06 3.7129748e-13 0.00018109799 3.5134075e-05 0.007648551 6.249886e-06 3.2000908e-06 0.04121645 0.037682503 4.2512966e-05 0.98520637 0.042359456 0.0013313992 0.017620254 7.182384e-05 3.419722e-05 7.5576085e-05 0.017471747 6.908064e-08 3.2590317e-05 2.0083331e-05 9.125866e-06 4.3530716e-05 0.0025689863 0.31112456 0.0021726787 0.00033989456 1.8442985e-05 0.0007533656 0.008092469 8.696426e-06 1.2189907e-05 0.0006151536 8.1482085e-06 0.00035189034 0.5659362 0.2660886 2.7216586e-06 0.004463446 1.1614839e-05 1.6509535e-06 9.588346e-06 0.058293864 4.034533e-06 0.002003372 0.00023899715 2.02275e-06 6.8973677e-06 0.015653346 4.5461256e-06 3.887929e-06 7.5554203e-06 0.00023859226 1.1094168e-05 7.759135e-06 2.4819392e-06 1.2526628e-05 0.0004186704 1.3227886e-06 0.033322018 0.05236374 0.00033272128 0.010135782 1.5475159e-06 0.00055325613 0.00019865403 1.3074512e-06 0.000189574 0.024873797 3.7189187e-05 7.323275e-05 7.5726726e-05 0.00013123032 3.123805e-05 0.00012329181 1.8443681e-06 0.003072543 0.0212757
0.9564574 0.022037843 0.0035179676 0.0016217636 0.002504865 0.14173402 0.0013842275 0.27838448 0.6898966 0.005577224 0.0027340236 0.96166193 0.0076420917 0.68504477 0.07023205 0.00053433824 0.00013808107 0.00034854078 0.8118895 2.1273285e-05 0.8935671 0.007301939 0.007374451 0.54652923 0.00018109799 1.6142761e-13 0.06422669 0.04727251 0.030769747 0.29720053 0.00013738936 0.0022380827 0.0005022444 6.408745e-05 3.2851472e-05 0.00021422055 1.1400437e-05 0.04004166 0.2619207 0.7732649 8.579407e-05 0.2345803 0.0001729119 0.18893643 0.002549545 6.0624956e-05 0.0032210555 7.4667236e-07 2.5570946e-05 7.629143e-06 6.5747754e-06 0.0013804125 1.9192015e-05 0.188434 0.93867123 0.0017490993 0.3185089 2.798464e-06 7.5181284e-05 3.4595407e-05 1.6089465e-05 3.059146e-05 0.0039160657 0.002674253 9.070716e-06 2.7317286e-05 0.3424136 0.00021519809 2.0903446e-05 0.00014035375 0.0076200874 1.1551644e-05 0.00023357506 0.000633143 1.6789727e-05 0.00032886 5.1104133e-05 8.219321e-05 0.021974681 0.00035862994 4.045431e-05 0.034308016 5.7627185e-06 7.7726145e-06 0.0004174812 1.1214557e-06 5.9704435e-06 7.167057e-07 1.7119788e-06 0.09200506 3.822786e-06 5.6511176e-06 0.0077953194 3.0281212e-06 8.579517e-06 4.0204486e-06 0.00026599684 1.4396159e-05 9.0364565e-06 1.2461452e-07 2.4480798e-05
0.69267476 0.008500238 0.0017059668 0.0002685926 0.00013217874 0.36854386 0.0004769857 0.24929152 0.09011383 0.0656938 0.001635121 0.046942227 0.004033289 0.016920492 0.006669667 0.00026844305 0.0005603861 5.5083114e-05 0.0025514262 1.2932465e-05 0.57653534 0.00013372788 0.550953 0.9331086 3.5134075e-05 0.06422669 2.6827736e-14 0.00059369043 0.9664643 0.98408777 1.3608617e-05 5.2911168e-05 0.0008353452 3.862381e-06 7.29717e-06 2.908498e-05 2.567677e-06 8.175402e-05 0.5633943 0.00047546244 5.262876e-06 0.21905595 0.00026943744 8.666558e-05 0.21662958 9.4512456e-05 1.046169e-05 2.0240893e-06 6.52088e-06 1.9706269e-05 3.4782436e-06 1.0046374e-05 5.9477393e-06 0.00015368062 0.012387724 0.033422556 0.00046978937 3.169418e-06 9.044776e-06 3.8473138e-07 2.8025384e-05 6.3772522e-06 2.1637385e-05 0.4167859 7.2672246e-06 1.2705074e-07 0.025400015 1.9537945e-05 2.9140604e-06 0.00046961757 0.00021339636 2.8063132e-06 0.11767301 5.256045e-06 0.00011487634 9.494614e-06 0.00034664234 1.6160526e-05 4.253316e-05 0.0050686374 3.7994555e-06 0.00016732862 2.6267344e-07 1.9647308e-07 2.8037662e-06 6.1126195e-07 9.26287e-06 5.4348512e-09 2.1926519e-07 0.00031821724 4.078861e-06 1.3050077e-07 8.574973e-05 5.6631265e-08 6.246564e-05 1.1086669e-05 3.9590626e-07 1.8028566e-06 4.819057e-06 1.06142515e-07 3.1407824e-06
0.9856051 0.005968938 0.0004091168 0.00070810894 0.002816162 0.0034504046 0.0003719481 0.0067784153 0.05423662 0.00018573344 0.00020010692 0.19533561 0.010354254 0.5324726 0.96069115 0.0013772487 4.6369573e-06 0.00030645757 0.49316508 0.00018431743 0.008194159 0.41211656 0.00014832073 0.0021275529 0.007648551 0.04727251 0.00059369043 4.653367e-13 0.00015855716 0.00060127093 0.00024365843 0.84574854 6.296956e-05 0.005445044 0.00048889813 7.718312e-05 0.0001368245 0.645751 0.00066729606 0.12521578 0.13371305 0.00013953974 2.1065363e-05 0.07309142 8.096454e-05 3.730577e-05 0.94652194 4.8133363e-05 0.00024943118 3.0440853e-05 3.8291855e-06 0.6818543 3.240727e-05 0.007967925 0.007351893 0.00043548722 0.0059923143 7.003483e-05 0.0004129056 0.0020930534 1.2190364e-06 0.00029329723 0.20948915 1.4503274e-05 1.3339525e-05 0.0032693564 0.00035832397 0.71299696 1.8125445e-05 1.0573063e-05 0.006066327 0.047747944 1.5973224e-05 0.004421931 2.0357096e-05 0.13198707 2.4977357e-05 4.6930418e-05 2.3917031e-05 2.403825e-05 0.015970599 0.000762157 0.1684264 0.016478982 0.119666755 2.9320365e-05 1.1057542e-06 0.25418288 0.0010412881 0.0003399416 3.8161837e-05 0.0017517036 0.000647612 0.06683558 5.442731e-05 1.902969e-06 0.0067644673 0.0015800733 1.1172185e-05 3.0415797e-06 0.0012058114
0.6875219 0.023581654 0.0031609787 0.0002450527 0.00014522173 0.59874725 0.00022697562 0.2220789 0.1554517 0.3915841 0.0035886555 0.020130169 0.0066209547 0.014647104 0.010229375 0.0001339657 0.0010028583 1.7497392e-05 0.0004410473 1.8235603e-06 0.09275786 6.245986e-05 0.99656785 0.2114488 6.249886e-06 0.030769747 0.9664643 0.00015855716 6.4109555e-17 0.43808284 1.3723208e-06 3.384185e-06 0.0016484861 2.2366572e-07 2.0541032e-07 1.0752282e-05 1.2052566e-07 4.9910095e-06 0.24221241 0.00022060642 7.219856e-08 0.019368563 0.0006961614 7.944547e-06 0.78156906 3.7057136e-05 2.331713e-06 2.7004953e-07 9.3304365e-08 4.3605196e-06 4.3353502e-06 4.8621433e-07 6.822879e-07 7.801205e-06 0.0005789573 0.22236766 7.439055e-05 4.537508e-07 1.8459375e-06 4.1047205e-08 1.6210075e-05 1.3177414e-07 2.1097046e-07 0.549457 1.4118782e-06 3.5948289e-09 0.007968852 1.1600312e-06 1.2574311e-07 0.0026599066 5.255844e-06 1.8297801e-07 0.531914 3.1232625e-07 0.000103557 1.3128732e-07 0.0014624721 4.4396756e-06 5.4763523e-06 0.057664648 1.7572592e-07 2.069085e-05 6.4350303e-09 1.0643581e-08 1.0150178e-07 6.8883246e-09 5.3537974e-07 1.9321453e-10 1.239798e-08 3.576828e-05 2.0202265e-06 6.0874297e-09 3.1086022e-06 4.6619114e-10 2.108549e-06 3.4333043e-06 2.290908e-09 2.9353126e-07 5.1449325e-07 1.14517436e-08 2.3482217e-08
0.79171354 0.0030776532 0.00033810854 5.722638e-05 3.3470988e-05 0.06606483 8.2414e-05 0.23731737 0.16620035 0.0111341495 0.0003279965 0.07076478 0.0010657869 0.018916918 0.0072304304 1.3106441e-05 1.39435515e-05 3.1586546e-06 0.0029914218 3.7328294e-07 0.82030195 0.00014724118 0.14457887 0.96286684 3.2000908e-06 0.29720053 0.98408777 0.00060127093 0.43808284 9.667671e-15 1.2723827e-06 2.9758754e-05 9.863674e-05 2.594439e-07 2.1264054e-07 3.6606393e-06 2.1601058e-07 0.000116142815 0.9296024 0.005285978 4.4210046e-06 0.6594747 0.00017133394 0.00026921654 0.062088285 2.6688604e-05 3.7045967e-05 1.689304e-06 1.1603012e-06 2.2105119e-06 4.4729604e-06 9.588259e-05 1.463861e-06 0.0001571775 0.0672136 0.010351134 0.0016337407 7.768097e-07 1.2256842e-05 2.0567846e-07 3.932556e-05 7.242624e-07 1.8585471e-05 0.46072903 1.2775686e-06 2.5167566e-07 0.15570754 1.0894767e-05 3.3788493e-07 7.031504e-05 0.0004976134 1.8224199e-06 0.073749594 3.0403775e-05 2.492584e-05 1.6156951e-05 9.1275506e-05 1.51955755e-05 0.0009593739 0.0018228033 1.6697026e-06 0.0010923685 8.500306e-08 1.3759004e-07 1.9932847e-06 1.1344506e-07 9.688777e-06 5.4230567e-09 1.3028184e-06 0.0023326953 1.9414106e-06 3.4357492e-07 3.1336094e-05 1.0892023e-07 7.4096456e-06 2.176651e-05 1.3034274e-06 1.0648273e-06 1.7934457e-06 3.662273e-08 1.8730964e-06
0.9527544 0.00091578014 0.003759261 0.19856474 0.089987695 8.6176195e-05 0.21099065 0.0012154166 0.00087721593 9.240984e-05 0.005711421 0.00020627635 0.7667621 0.0021143234 0.008087843 0.86575884 0.00039025545 0.9486156 2.3059669e-05 0.89056385 5.4684375e-07 0.0038426665 1.8214971e-06 8.228571e-08 0.04121645 0.00013738936 1.3608617e-05 0.00024365843 1.3723208e-06 1.2723827e-06 4.5484775e-13 0.00050689036 1.1340515e-05 0.004563469 0.96100754 0.019201042 0.79493624 3.2143992e-06 8.662964e-07 8.311125e-07 0.00026413205 6.049283e-08 2.1405933e-05 1.920613e-07 6.4981155e-06 0.00012056768 4.8213783e-06 0.037025653 0.1592729 0.0044502886 3.3620232e-05 1.012622e-05 0.25223243 1.426068e-06 6.078967e-05 1.8510704e-05 4.2529286e-06 0.015078258 0.005889802 0.0003670606 2.9212254e-06 0.66011274 3.7259477e-07 3.890523e-07 0.0013264338 0.0004763679 2.4000432e-05 1.1363207e-05 0.022951234 4.656145e-06 3.1898577e-05 3.1758616e-05 3.831655e-06 4.765485e-06 2.4556593e-06 7.950724e-06 2.648181e-06 0.00032941467 8.808962e-06 9.3565853e-07 2.3847942e-06 7.8049445e-05 1.9419474e-06 4.945663e-07 8.698264e-07 0.0033836209 3.0219157e-06 3.2971602e-08 1.0786997e-05 3.249826e-05 0.0044712294 7.278807e-06 2.619872e-05 1.3783996e-07 0.00350998 1.4041987e-06 3.8012803e-07 4.854656e-05 1.2572969e-05 0.009213706 0.00014825823
