2.2249535e-15 0.9401485 0.99195826 0.95998967 0.8378502 0.9871058 0.8966656 0.9760806 0.92191935 0.9313778 0.96037173 0.9707833 0.7331834 0.8012898 0.96716344 0.90492964 0.8055748 0.9638184 0.9263571 0.7227423 0.9955221 0.5375124 0.9440866 0.9808235 0.72231036 0.09682114 0.9798068 0.17806317 0.17786872 0.5694944 0.39648655 0.060072124 0.9879174 0.3627178 0.005883671 0.9333121 0.0016197294 0.0036587513 0.9433129 0.9783437 0.96648884 0.42559746 0.9358417 0.43080032 0.96657664 0.82603574 0.90160686 0.71698344 0.9548534 0.95893097 0.99985427 0.9962107 0.42522416 0.84460974 0.940056 0.999619 0.97887164 0.5988845 0.7096867 0.8761823 0.07046305 0.12003385 0.1065941 0.9993895 0.67871046 0.7803516 0.23386815 0.30406246 0.8439145 0.71367747 0.94240695 0.012541875 0.9643934 0.7272195 0.977224 0.60987204 0.8200663 0.15551138 0.68154126 0.545166 0.87551755 0.9995095 0.7113858 0.014732118 0.4471096 0.9082219 0.446972 0.18687378 0.86854917 0.70729095 0.6966834 0.95266175 0.00025041148 0.001206561 0.012585388 0.973083 0.06679696 3.6174926e-05 0.074773185 0.5170482 0.3257719
0.9401485 2.4836947e-13 0.66841054 0.2529202 0.14827408 0.8353179 0.9869024 0.90766174 0.22139984 0.5081058 0.9502395 0.20380649 0.12445265 0.0025008998 0.6380793 0.87630033 0.10279148 0.019355053 0.6818007 0.21956906 0.034398068 0.07966993 0.69351685 0.00268201 0.23005758 0.008636745 0.3714052 0.030023275 0.0023851197 0.00017745387 0.0081353085 0.0024324087 0.5660398 5.617923e-05 0.00080069184 0.00047893613 3.2932275e-07 0.00039340908 0.0058663166 0.003501912 0.0014379858 0.015743036 0.00022441581 1.2621072e-05 0.00040453154 0.00013482918 0.083643876 0.00019255035 0.0015622168 0.006826379 0.047921818 1.5643321e-06 0.0060472027 0.007219977 7.073973e-05 0.01317778 0.0028016055 0.0032127798 0.0005319219 7.913793e-06 0.028244335 0.00053459464 2.515118e-05 0.0002401521 8.39494e-06 4.758532e-06 3.1556006e-05 2.0014413e-06 6.6844564e-06 6.7997223e-07 4.5174325e-08 1.4337401e-06 2.0163577e-06 7.179874e-06 1.445041e-05 1.7647503e-06 2.5127443e-07 5.7495134e-07 3.4147e-05 1.2991825e-05 8.2761844e-08 5.651535e-05 2.4184686e-08 6.9606517e-06 5.1683605e-07 4.886609e-07 2.1555416e-05 2.3450097e-05 8.5223724e-07 2.1051775e-08 7.8024395e-06 1.4199444e-05 1.203901e-07 5.7525663e-06 1.5313228e-06 2.9192856e-07 2.4888271e-08 8.8011814e-07 8.570664e-09 2.0322682e-07 3.0204393e-07
0.99195826 0.66841054 1.30229274e-14 0.66902095 0.9101505 0.5434708 0.21676993 0.029297274 0.28804582 0.9360389 0.7001807 0.00222206 0.6461783 0.0074612577 0.0006307669 0.0976934 0.9531294 0.00016900565 0.12952255 0.14894493 0.31701463 0.16831861 0.25213575 0.03448601 0.09581368 0.33507034 0.025009716 0.27850074 0.23145792 0.0013830886 0.59493494 0.6394282 0.4459838 0.030852403 0.04225892 0.008056195 0.00012074651 0.007152033 4.2181044e-05 0.00041839457 0.000247601 0.009152114 6.5568764e-07 0.00031669167 0.00018873713 5.425109e-06 0.0007897606 3.1549625e-05 0.00027949488 0.01433726 0.13878845 3.1355645e-05 5.9657053e-05 3.840164e-06 1.6732414e-06 0.0073154303 0.0013635887 6.2964034e-05 1.5738427e-05 3.7228488e-06 0.0053276164 7.224216e-06 1.8848225e-06 0.0005640374 3.8530972e-05 1.7169274e-05 6.314708e-05 4.2216953e-08 4.11305e-05 5.85812e-06 2.1810311e-07 6.377172e-06 2.1355956e-05 3.3368506e-06 0.00016873477 8.503359e-05 6.2088736e-07 2.3595721e-06 0.00025939828 8.837516e-05 1.0656822e-05 0.00021288233 2.4965386e-08 9.534897e-05 1.9954996e-05 3.9297e-05 0.00041526946 6.125464e-07 5.245862e-05 2.3398435e-08 0.00026380428 0.0003388786 5.072085e-07 8.8628585e-06 5.852561e-07 4.3583015e-05 9.731939e-08 4.972288e-07 4.458539e-08 0.00042357828 2.7642114e-05
0.95998967 0.2529202 0.66902095 3.529562e-14 0.9890474 0.00954846 0.029899154 0.0011190008 0.96481633 0.16498195 0.32964078 6.3160514e-05 0.03964423 0.73194814 3.0157651e-05 0.013730993 0.53357023 1.21882085e-05 0.0027632348 0.0025934621 0.7589187 0.0024547665 0.08156706 0.5348495 0.0068818056 0.05742226 0.0055000624 0.011327761 0.84447485 0.34232756 0.3256099 0.49993074 0.28903493 0.29869944 0.001714845 0.13662063 0.0005729634 0.00043155666 9.0737916e-07 1.5072292e-05 1.3346512e-05 0.0018210256 2.3332467e-07 0.05961213 1.4694372e-05 6.47368e-07 0.00022412643 9.1620507e-07 5.4080752e-05 0.054260436 0.15234116 0.0010010214 2.4839353e-06 5.136519e-07 2.559583e-07 0.0033783892 0.00034495487 4.4133462e-06 1.5508853e-05 1.8508239e-06 0.00012623704 2.047275e-06 9.155015e-06 0.00029985537 2.7348282e-05 4.7033245e-05 4.4336803e-06 5.702135e-08 5.0008744e-05 7.356002e-06 7.2892584e-07 7.184418e-07 6.365391e-06 6.360394e-07 0.00057363696 4.3489097e-05 4.1910138e-05 5.356229e-05 0.0009801238 0.0016832269 1.6189635e-05 0.000298867 2.1967468e-08 0.0034467655 1.6948276e-06 1.2312466e-05 0.0006493253 1.4763713e-08 9.662162e-05 9.38065e-08 0.00017615975 0.00019827092 7.666983e-06 1.0011707e-06 2.7428164e-06 8.119628e-05 1.4917014e-06 1.9997012e-06 1.4356995e-08 0.0006636142 2.0188314e-05
0.8378502 0.14827408 0.9101505 0.9890474 7.0620424e-16 0.03744408 0.049669363 0.0006736421 0.5902059 0.32171875 0.3511121 0.000117325544 0.17344876 0.13724308 9.578644e-05 0.018806204 0.9118635 3.5341895e-05 0.003026743 0.00914669 0.34066784 0.01198384 0.043967113 0.089094944 0.0068767513 0.41913602 0.0044445414 0.08505141 0.9132142 0.17902595 0.66176707 0.9293774 0.14648543 0.53803706 0.046197046 0.0075547583 0.0035142843 0.005634661 1.6841533e-06 5.7448608e-05 3.598184e-05 0.0011162792 4.7816634e-08 0.0045056595 3.7005713e-05 1.4659371e-06 5.0591283e-05 5.873613e-07 5.8492078e-05 0.011403983 0.042315226 8.602651e-05 9.618565e-07 5.077825e-07 1.9691472e-08 0.0019360719 0.00020506399 2.3782939e-06 8.595769e-07 1.5575239e-07 8.8320485e-05 9.7415365e-09 6.782915e-07 0.00015772902 6.579703e-07 9.453936e-06 5.7299115e-07 3.9214573e-10 3.00119e-05 9.4607174e-08 3.770664e-08 9.8511464e-08 1.1431014e-06 4.3460965e-08 9.3047e-05 7.544548e-06 6.079105e-07 1.3826791e-06 7.157351e-05 2.4368479e-05 4.2923858e-07 2.1527023e-05 1.6024321e-09 0.00051393127 4.0473984e-09 8.015837e-07 3.5108787e-05 2.444444e-08 9.256521e-06 1.7258126e-08 2.1958106e-06 1.6387254e-05 2.0702986e-07 7.424004e-08 4.7821e-07 1.9570177e-06 1.09039554e-07 7.74127e-08 1.3988057e-08 2.5840262e-05 7.113656e-07
0.9871058 0.8353179 0.5434708 0.00954846 0.03744408 1.4366146e-15 0.48362613 0.4132967 0.004532829 0.9339199 0.676377 0.02999625 0.7816778 0.00016706536 0.0035364043 0.29756537 0.4530654 0.0016523603 0.9708915 0.7904579 0.021238875 0.73314583 0.26363897 0.00088669505 0.7214324 0.08429788 0.054698315 0.42749685 0.0001888313 3.506338e-05 0.08218105 0.008426748 0.3321919 1.4856883e-05 0.011976242 3.495394e-05 1.036226e-06 0.0091034705 0.00023309795 0.0022665744 0.0014063552 0.19042465 2.1155504e-06 1.3992205e-06 0.00026363353 1.2162142e-05 0.0127231665 4.6413392e-05 0.0006504871 0.0013475007 0.06193854 1.8986391e-07 0.0002589665 2.1491678e-05 1.2807916e-06 0.0067961607 0.0014375224 0.00032085436 6.915642e-05 1.3947587e-06 0.021059033 2.5558658e-05 2.173381e-06 0.00039415865 1.1387159e-05 2.5865522e-06 0.000118487085 3.9518106e-08 5.9086283e-06 8.216616e-07 2.7398295e-07 9.302862e-05 3.81521e-06 7.1805687e-07 1.2145857e-05 1.1163205e-05 1.8081634e-08 8.181918e-08 2.627148e-05 5.200049e-06 2.5249616e-07 0.00012718757 1.3812913e-08 4.58006e-06 1.1068813e-05 6.974699e-06 0.00014896672 1.6807895e-05 6.2374293e-06 2.8488986e-07 0.00013690307 0.00017194106 7.369645e-08 0.00010654206 8.0514276e-08 9.059693e-06 5.397818e-08 7.0782164e-07 6.623291e-08 0.0001318695 7.079048e-05
0.8966656 0.9869024 0.21676993 0.029899154 0.049669363 0.48362613 1.4167511e-14 0.79039085 0.017350394 0.1925828 0.9608173 0.09813992 0.06570217 0.0027534403 0.6175555 0.97640455 0.03783795 0.017226525 0.3961031 0.10878442 0.018991778 0.047226124 0.85871774 0.0016421775 0.10083955 0.0024008057 0.65222573 0.019088069 0.0005278129 0.00010113351 0.0012473372 0.00092915184 0.55516636 6.7466303e-06 0.00040048204 0.0005829261 1.7800463e-07 0.00027313887 0.009203232 0.010352274 0.003922053 0.010791722 0.0005560434 1.5213687e-05 0.0010857494 0.0005564975 0.07482286 0.000635658 0.005023546 0.01613565 0.06563899 9.883377e-06 0.005032297 0.004182278 0.00022283487 0.0248772 0.0074668457 0.0022493359 0.00052545866 3.2263477e-05 0.017336754 0.00026218983 1.7111066e-05 0.0014366118 0.000114061855 7.4691314e-05 1.7220369e-05 6.9212894e-07 4.6988993e-05 5.5723726e-06 1.907858e-07 2.3810944e-06 1.0471262e-05 2.60192e-05 8.170951e-05 4.065149e-06 2.6633404e-07 1.918851e-06 0.00010409873 2.3156525e-05 2.860424e-08 0.0004661919 4.6696137e-08 1.10040955e-05 2.3549635e-06 1.4095077e-06 4.858959e-05 2.0908468e-05 5.3486665e-06 6.4470726e-08 0.00013262624 5.5746877e-05 2.9289607e-08 7.774171e-06 7.1770353e-07 1.0494476e-05 4.8500855e-08 4.1577273e-06 4.0468603e-08 1.0206068e-07 1.2039551e-05
0.9760806 0.90766174 0.029297274 0.0011190008 0.0006736421 0.4132967 0.79039085 1.4407644e-14 0.0016530673 0.040317066 0.28462365 0.9656148 0.018391257 4.653985e-05 0.8424315 0.6526117 0.0010222021 0.70869684 0.8800026 0.21036144 0.002397777 0.05190109 0.350394 0.00014329079 0.17714614 0.00030670143 0.6068117 0.0049928543 3.5155696e-05 2.0389269e-05 4.0713705e-05 0.0001987393 0.37689888 5.683766e-07 8.6666085e-05 5.5967143e-05 2.376754e-08 0.00017658682 0.09039459 0.026291251 0.02750409 0.043992087 0.0004846411 6.154889e-07 0.009581716 0.0005791291 0.91404784 0.00272155 0.002683124 0.0014431714 0.05911109 3.5026315e-07 0.4311107 0.2939303 0.00016011056 0.025375364 0.011185575 0.26209825 0.035851654 1.1874255e-05 0.40704522 0.010189805 0.0002040449 0.0005288912 4.5592486e-05 2.0369871e-05 0.025745628 1.0977974e-05 1.823109e-05 3.9030306e-06 2.1208722e-07 0.0038565972 2.3289906e-06 1.3717477e-06 1.1547326e-05 1.3760828e-05 3.752169e-08 2.6665708e-07 2.431648e-05 5.554514e-06 3.41764e-08 4.3328106e-05 9.752467e-09 7.0672054e-06 7.787724e-07 5.707295e-07 7.923731e-06 0.012831911 3.5745177e-06 8.469604e-08 2.452003e-05 3.085722e-05 1.513105e-07 0.0009532893 1.5144224e-06 4.0782365e-07 1.907987e-07 3.1057472e-05 1.2380941e-08 1.0417336e-05 1.8915645e-06
0.92191935 0.22139984 0.28804582 0.96481633 0.5902059 0.004532829 0.017350394 0.0016530673 2.686047e-13 0.015144349 0.07264615 3.1308584e-05 0.002180467 0.98381805 5.6362223e-05 0.0031275789 0.056029048 2.0731992e-05 0.0005330152 0.0014768213 0.979049 0.0006812019 0.023520174 0.86701316 0.00052174035 0.0034228887 0.001611163 0.0012231135 0.10709976 0.33989477 0.019604884 0.04941463 0.078137875 0.15508752 0.00020642138 0.50077 0.00013771573 5.3141102e-05 1.739219e-06 8.5803156e-05 2.0651894e-05 0.00030454312 9.3384443e-07 0.480399 2.2557093e-05 4.777594e-06 0.00026843665 3.1329625e-06 6.346119e-05 0.19522461 0.13663997 0.013907411 6.746855e-06 4.534552e-06 2.805905e-07 0.009607482 0.00041310626 6.1128676e-06 3.814097e-06 1.8603151e-07 4.5827364e-05 1.5828355e-06 2.0268526e-05 0.00062485336 4.4682685e-05 8.539605e-05 9.0204793e-07 9.4033474e-08 4.279433e-05 1.0882591e-06 6.729989e-09 1.1216163e-06 1.6830832e-05 2.6543006e-07 0.00094545813 2.9814833e-05 6.447888e-05 0.00017889087 0.0018348367 0.017765623 2.1197804e-05 0.0007815216 1.0087944e-09 0.019502694 6.9846296e-06 1.4017015e-05 0.00039267665 2.4500405e-08 5.7255915e-05 2.6317994e-09 0.00012910561 0.00025131056 3.351176e-06 1.3582795e-06 8.551576e-07 7.1082584e-05 3.0789388e-06 5.880975e-06 3.6617703e-08 5.8663525e-05 2.216151e-05
0.9313778 0.5081058 0.9360389 0.16498195 0.32171875 0.9339199 0.1925828 0.040317066 0.015144349 1.2093862e-15 0.48123318 0.0032898579 0.99472505 0.0012297317 0.00071885687 0.09250583 0.6831815 0.0002900406 0.34949595 0.3518381 0.031028403 0.3563508 0.114020646 0.0023681829 0.18911082 0.14935191 0.012862327 0.58087313 0.0020504298 0.00015226264 0.17368908 0.12074917 0.18546338 9.646716e-06 0.019954728 0.00026802122 7.227169e-07 0.0042349626 3.746064e-05 4.803262e-05 0.00013239877 0.018812718 2.14541e-07 7.887031e-06 4.01514e-05 5.9463614e-06 0.00019314363 7.9610045e-06 7.392414e-05 0.0020238927 0.03173948 5.2143814e-06 1.1054743e-05 2.8722163e-06 3.8712625e-07 0.002570437 0.00012388207 2.915313e-05 1.8840796e-05 7.5771504e-07 0.0017168185 1.338648e-06 1.0719995e-06 4.922662e-05 2.2053637e-06 1.5445479e-06 9.1122165e-05 4.9115343e-09 3.640027e-06 3.665049e-07 6.1542903e-07 1.1746027e-05 5.0463586e-07 4.6629282e-07 8.580531e-06 3.4407253e-06 2.0819853e-08 2.5101195e-07 7.3919655e-06 1.6745193e-05 3.958987e-07 0.00010161671 2.0762469e-08 2.4621388e-06 5.0332994e-07 3.7146083e-07 5.142034e-05 5.048298e-07 5.3209337e-06 3.3101283e-08 4.1130737e-05 8.294648e-05 8.1769876e-08 1.7203825e-05 6.4375136e-08 4.6466785e-06 3.9702677e-08 1.0276768e-06 6.195444e-08 0.00027466228 2.3180784e-05
0.96037173 0.9502395 0.7001807 0.32964078 0.3511121 0.676377 0.9608173 0.28462365 0.07264615 0.48123318 5.693836e-14 0.07072417 0.1854563 0.011069575 0.051475525 0.9251298 0.18097724 0.017198378 0.40725058 0.13615027 0.19532445 0.07105658 0.9384455 0.0072898953 0.09769375 0.009071228 0.23532067 0.02699487 0.0032613063 0.00033524036 0.012285952 0.0031878387 0.7595163 0.00015016386 0.00083701056 0.0018986503 1.959001e-06 0.0002517687 0.0034742707 0.0017918678 0.00033176978 0.007288818 0.00016867445 0.00029818685 6.959958e-05 5.4542455e-05 0.078393154 0.0002786775 0.0015342707 0.16687761 0.15441313 0.00012783364 0.0017243362 0.0017443318 7.4100804e-05 0.023402551 0.0026761016 0.0009831294 0.000300011 5.609744e-06 0.00069849927 0.00013647693 8.967288e-06 0.00031401534 1.472293e-05 9.04356e-06 2.3851704e-05 2.138308e-07 1.4457329e-05 1.0905708e-06 5.740175e-08 3.5586534e-06 2.2420463e-06 9.276236e-06 0.0005153133 1.250001e-06 1.0581709e-05 5.988229e-06 0.000578622 0.00039079058 1.6210314e-06 0.0003277326 1.3759612e-08 4.844347e-05 6.318726e-07 5.1313737e-07 0.0005009729 2.0506006e-06 1.6753771e-05 8.266904e-09 8.1109756e-05 5.7708115e-05 3.2493801e-07 5.553994e-06 6.577212e-07 1.4704647e-05 8.853008e-08 7.193036e-07 4.756746e-09 1.8360039e-06 4.1721732e-06
0.9707833 0.20380649 0.00222206 6.3160514e-05 0.000117325544 0.02999625 0.09813992 0.9656148 3.1308584e-05 0.0032898579 0.07072417 4.454015e-13 0.0020186543 3.1049046e-06 0.75933474 0.21488535 0.0009910022 0.8887794 0.4807057 0.039613493 0.00032479537 0.012768915 0.13321283 3.428176e-05 0.060118116 0.00012343416 0.61741704 0.0016210724 2.0352009e-05 1.2539316e-06 4.4699286e-06 0.000101484315 0.24908884 3.6933066e-08 1.0331438e-05 2.7256613e-06 9.461003e-09 6.481841e-05 0.5058035 0.20398113 0.16099021 0.02234029 0.009983291 5.130319e-08 0.035184458 0.0010480299 0.9713859 0.010507681 0.0049569565 0.00020592 0.012163512 2.57616e-07 0.67533433 0.69407785 0.0007586385 0.022630895 0.013428645 0.6493654 0.26288408 0.000105850544 0.17768511 0.092233054 0.003010597 0.0004278154 2.5824866e-05 2.206444e-05 0.13783266 0.00020459673 3.1150288e-05 2.7453757e-06 2.6858695e-06 0.0068532242 5.71422e-06 1.6318634e-05 6.446868e-07 1.3069855e-05 6.0647034e-09 2.0457789e-07 4.6898157e-07 1.1956669e-06 2.3755712e-08 1.5620268e-05 2.8390245e-08 2.4976177e-06 6.8541317e-07 8.556405e-07 1.292977e-06 0.15111691 8.823979e-08 3.6186366e-06 9.794249e-06 3.440366e-05 1.4271409e-07 0.0045583015 6.957163e-07 2.354218e-08 5.5728293e-08 0.00018722516 4.7730982e-08 9.074765e-08 3.1004646e-07
0.7331834 0.12445265 0.6461783 0.03964423 0.17344876 0.7816778 0.06570217 0.018391257 0.002180467 0.99472505 0.1854563 0.0020186543 5.0049737e-14 0.0006034692 0.00043149287 0.016509553 0.8558383 0.0003574434 0.5465297 0.77168 0.0033401367 0.86654675 0.021458965 0.00058297586 0.4769988 0.66624606 0.004320076 0.94615525 0.0020974674 0.00016643484 0.4819741 0.28063586 0.0400488 2.4834773e-05 0.3662554 5.8697497e-05 6.701729e-06 0.10399367 7.539287e-05 8.412102e-05 8.169673e-05 0.07711707 6.654622e-07 4.2122892e-06 3.7709324e-05 3.9394313e-06 0.00017718162 9.358884e-06 3.9784416e-05 0.0004889711 0.0032060246 5.6051294e-06 9.490304e-06 6.2172785e-06 6.35172e-07 0.00029969387 4.111066e-05 6.2112726e-05 3.0066245e-05 4.0434597e-07 0.011053394 1.2671237e-06 4.5227825e-06 2.5570967e-05 2.758723e-07 5.934167e-07 4.085945e-05 3.2076666e-09 4.3215878e-06 4.9762512e-08 7.603506e-07 1.2015715e-05 2.753621e-07 7.726563e-08 7.4306627e-06 2.4072765e-06 9.499937e-08 4.2593152e-07 2.2102613e-06 2.0531954e-06 2.8083252e-07 3.347587e-05 6.023378e-08 4.3371033e-06 5.498213e-09 4.8487905e-08 1.842857e-05 1.1018834e-06 5.7447264e-06 1.3146385e-07 3.7645095e-06 3.884862e-05 1.3655821e-07 2.2739603e-05 1.6029426e-07 1.5421664e-06 1.2363391e-07 6.110621e-07 1.4468598e-07 4.4200795e-05 4.665942e-06
0.8012898 0.0025008998 0.0074612577 0.73194814 0.13724308 0.00016706536 0.0027534403 4.653985e-05 0.98381805 0.0012297317 0.011069575 3.1049046e-06 0.0006034692 1.1412133e-14 2.9811308e-05 0.0024177541 0.016627373 6.2152512e-06 3.3319677e-05 0.00017831108 0.7095373 0.00018721285 0.008066429 0.85509974 9.3506445e-05 0.0012888892 0.0009752051 0.0001450905 0.6665687 0.99156654 0.013196821 0.008535799 0.02085332 0.10482269 1.1514279e-05 0.89565814 0.0006454099 2.145083e-05 3.5109003e-06 7.000138e-05 3.5643752e-05 4.7620026e-05 1.8317233e-07 0.75911397 3.1740445e-05 8.290903e-06 5.7673146e-06 1.9377146e-06 0.00010452908 0.07757963 0.08313154 0.039284542 9.036296e-07 2.7066056e-07 3.2487384e-07 0.001124632 0.0002553952 3.298697e-07 5.0476465e-06 2.1564522e-07 6.320178e-09 2.800656e-06 1.9164416e-05 0.0004804135 9.798986e-06 0.00011299175 1.5842574e-05 4.9129792e-08 0.00026567464 2.1643184e-07 1.6510741e-07 1.03146434e-07 2.6651116e-05 8.079231e-07 0.001873033 0.0001265812 0.00019613058 0.00015542175 0.0035773483 0.009768201 4.760949e-05 9.416302e-05 1.8596624e-09 0.021166392 5.231468e-07 2.5613717e-06 0.0007237132 3.643545e-08 0.00017358072 1.6752532e-08 7.364331e-05 3.80202e-05 5.600436e-05 7.017854e-08 2.6389687e-06 8.111649e-05 7.803884e-06 1.3905267e-07 8.818236e-09 0.0008960766 5.1483927e-05
0.96716344 0.6380793 0.0006307669 3.0157651e-05 9.578644e-05 0.0035364043 0.6175555 0.8424315 5.6362223e-05 0.00071885687 0.051475525 0.75933474 0.00043149287 2.9811308e-05 3.1679745e-13 0.79707 0.00023505568 0.9700973 0.014881068 0.0009494949 9.0747526e-05 0.0007398034 0.18913008 1.808199e-05 0.0032422268 5.8581873e-06 0.91640717 6.735858e-05 1.3152177e-07 2.8007107e-05 5.3248345e-07 3.437275e-06 0.1046963 1.4238402e-07 1.140191e-06 1.0048117e-05 1.0628954e-08 4.455667e-06 0.868532 0.88950324 0.8586926 0.0017337061 0.5680979 8.8585267e-07 0.113349184 0.12539014 0.12411705 0.052260786 0.059417766 0.000364276 0.029692205 4.7738246e-07 0.058011007 0.26633617 0.061216936 0.097593084 0.04365532 0.12618576 0.044367913 0.01211983 0.00097430666 0.022834703 0.005850695 0.008150876 0.00057934865 0.00041737594 0.00559838 0.0024376514 0.0001694359 0.00018636599 0.00024420908 0.00017480736 0.00011363115 0.0042411587 3.444192e-06 4.0419483e-05 5.94432e-08 2.1922065e-07 7.9857676e-07 3.2151106e-06 3.4881726e-08 0.00074174366 2.9997777e-06 6.395066e-06 3.098688e-05 1.4996573e-05 1.574751e-05 0.025761485 6.804669e-06 0.00016689545 0.00020265095 0.00021690763 1.1039918e-07 0.0010622258 3.4351694e-07 1.4192879e-05 2.136291e-06 0.0010881316 2.980603e-06 4.5557654e-06 0.00013484269
0.90492964 0.87630033 0.0976934 0.013730993 0.018806204 0.29756537 0.97640455 0.6526117 0.0031275789 0.09250583 0.9251298 0.21488535 0.016509553 0.0024177541 0.79707 1.732908e-15 0.015440224 0.0772512 0.22055337 0.04099891 0.0055880425 0.011677171 0.95942056 0.000682497 0.038294215 0.00028362323 0.972485 0.0069645266 0.00012243552 6.049841e-05 0.00016131926 0.000760992 0.6592456 1.3805998e-06 3.578176e-05 0.00034689318 7.175978e-08 8.5288775e-05 0.0393898 0.13351332 0.022831226 0.0028245258 0.007642503 7.535531e-06 0.0034135785 0.0035630348 0.06848854 0.0020406311 0.018989123 0.03188551 0.11184872 2.786032e-05 0.004584391 0.015886026 0.0011049936 0.098074965 0.016941797 0.004024354 0.0017527863 0.00061651325 0.0057206387 0.0010956258 0.00012149813 0.0038365405 0.00045351984 0.00028027268 5.1009236e-05 5.772757e-06 0.00019090966 3.1682444e-05 3.920815e-06 5.718347e-06 7.01579e-05 0.0017635004 0.000110048786 1.0033332e-05 1.7860397e-06 9.152218e-07 9.5494484e-05 1.082427e-05 1.6246434e-08 0.001153841 2.515262e-07 3.3616204e-06 8.593029e-06 7.949169e-06 0.00014051942 0.00017248484 4.4951676e-06 4.0627745e-07 0.00016203172 0.00018758154 1.0106726e-08 0.000110808185 1.4871652e-07 1.742788e-05 3.4767876e-08 1.9900566e-05 1.5850219e-07 9.418515e-08 7.760034e-05
0.8055748 0.10279148 0.9531294 0.53357023 0.9118635 0.4530654 0.03783795 0.0010222021 0.056029048 0.6831815 0.18097724 0.0009910022 0.8558383 0.016627373 0.00023505568 0.015440224 1.3506452e-12 0.00020774872 0.005728129 0.04904035 0.03606073 0.09770157 0.027986817 0.00750328 0.028338777 0.8124659 0.002786278 0.681614 0.050576188 0.0015340733 0.9864044 0.7481457 0.059681296 0.008106548 0.3753425 0.0007107252 0.00021735989 0.076509275 2.7641786e-06 1.5266169e-05 8.568732e-06 0.016382037 3.0522799e-07 4.622125e-05 5.237029e-05 9.200354e-06 3.789636e-05 2.6609161e-05 0.00017615822 0.0028912066 0.0115572475 1.1560085e-05 6.9320595e-06 3.7493305e-07 4.4514002e-07 0.0006828811 0.0002213187 2.3990053e-06 4.410944e-06 1.799629e-06 0.0001129243 1.5827563e-07 2.2965442e-06 0.00010027474 2.4606834e-06 4.270604e-06 3.8510032e-05 1.1634983e-09 7.4355466e-06 3.180097e-08 1.3040094e-06 2.7011354e-06 1.6491771e-06 6.7873835e-08 1.8308574e-05 5.824451e-06 8.6535266e-07 7.5365365e-06 0.00045093673 7.953272e-06 1.2874045e-06 9.321343e-05 7.4127797e-09 3.3157066e-05 4.9816364e-08 2.0503103e-07 0.0001713127 9.893702e-08 1.2503986e-05 6.033923e-08 3.366072e-05 2.9358223e-05 1.4097733e-07 6.398931e-07 3.0507567e-06 2.2112772e-06 2.2778696e-07 1.1063618e-06 5.3874917e-08 0.00032444028 2.5985872e-05
0.9638184 0.019355053 0.00016900565 1.21882085e-05 3.5341895e-05 0.0016523603 0.017226525 0.70869684 2.0731992e-05 0.0002900406 0.017198378 0.8887794 0.0003574434 6.2152512e-06 0.9700973 0.0772512 0.00020774872 1.7774897e-13 0.014687388 0.0019183131 8.779712e-05 0.0010950549 0.03617075 8.068393e-06 0.0042533386 1.0020012e-05 0.5387927 0.0002724305 1.827819e-06 2.5601094e-06 1.8606283e-06 5.173351e-05 0.07194879 1.3381585e-07 6.8809613e-06 1.4151324e-06 4.028416e-08 1.3283629e-05 0.95982724 0.33691755 0.34061703 0.0031416798 0.081285 6.538353e-08 0.044608157 0.0046741124 0.7105915 0.05168861 0.007957813 0.00011888119 0.012453529 1.367232e-07 0.39120832 0.868215 0.0048151226 0.030681739 0.01143211 0.67719775 0.5683808 0.002366678 0.0024697515 0.089525506 0.008200585 0.0017930268 0.0001747737 0.0001638506 0.035172485 0.0014308253 0.00010481948 8.4296174e-05 0.00010310291 0.00075738784 2.894527e-05 0.0004485631 2.4721571e-06 3.1173884e-05 3.8271224e-08 2.028888e-06 8.6864094e-07 7.2596326e-06 7.030059e-08 0.0002433041 1.5215261e-06 3.9917604e-06 3.481594e-05 1.4923681e-05 2.8790946e-06 0.23841007 1.0080929e-06 0.00034162897 7.207924e-05 0.00015246344 1.6713507e-07 0.0044033453 2.6165849e-06 2.9402083e-06 6.2674786e-07 0.0007706198 1.1680913e-05 2.9765158e-06 5.5081277e-05
0.9263571 0.6818007 0.12952255 0.0027632348 0.003026743 0.9708915 0.3961031 0.8800026 0.0005330152 0.34949595 0.40725058 0.4807057 0.5465297 3.3319677e-05 0.014881068 0.22055337 0.005728129 0.014687388 7.0204932e-15 0.9898524 0.0008589522 0.7598681 0.12653163 0.00012876734 0.90897906 0.0010760751 0.10041762 0.12832312 4.437068e-06 5.0097506e-06 0.00016746591 0.00016772708 0.106306806 3.6014586e-07 0.00035656095 9.0364597e-07 5.6360683e-08 0.0023534035 0.0076906597 0.0046633733 0.0049618958 0.22923002 9.526144e-05 5.7155827e-08 0.00062664185 0.00015339657 0.014319134 0.0023685046 0.0013813204 0.00040492526 0.026971113 7.43382e-07 0.0062261582 0.0003667593 4.136578e-05 0.0060897563 0.0017593286 0.0013746434 0.0017685555 2.0363852e-05 0.026928024 0.00019418847 1.5614043e-05 0.00035194555 3.6607595e-05 8.075029e-06 0.0005946875 1.768353e-07 2.8309669e-05 7.342759e-07 6.455256e-06 0.0006574272 1.6544163e-06 1.3816853e-06 5.4531733e-07 1.4480511e-05 8.55215e-08 2.4826602e-07 2.6041155e-06 7.063523e-07 2.1589378e-07 0.0006212446 5.958029e-09 9.206062e-07 2.1345031e-06 1.0050077e-06 3.2345768e-05 0.0004203964 5.2778096e-06 9.951028e-08 0.0004499446 0.0006291338 1.4926414e-07 0.0011477587 1.749226e-08 4.7579626e-05 3.324561e-08 1.2312912e-05 1.5521243e-08 0.00020469961 0.00030920803
0.7227423 0.21956906 0.14894493 0.0025934621 0.00914669 0.7904579 0.10878442 0.21036144 0.0014768213 0.3518381 0.13615027 0.039613493 0.77168 0.00017831108 0.0009494949 0.04099891 0.04904035 0.0019183131 0.9898524 4.9189653e-14 0.001364219 0.99407625 0.031030033 0.00023816303 0.8025364 0.006036076 0.009683794 0.5443493 4.3753265e-05 1.4948794e-05 0.0007944259 0.0012295148 0.043306362 7.616704e-08 0.002050593 2.913209e-05 2.1904509e-07 0.020589087 0.000582529 0.00017238059 0.00033169638 0.16092104 5.213101e-07 5.422357e-06 9.350226e-05 9.149665e-06 0.0013523251 0.00029634894 0.00011009875 0.00047274577 0.0033992862 5.127218e-06 0.0003606568 6.7815636e-05 7.406462e-07 0.0005954645 8.799571e-05 0.00022193584 0.00010750329 6.5993345e-07 0.014369591 2.9176603e-05 2.4866495e-06 5.643085e-05 3.149715e-06 1.4590763e-06 0.00028770088 1.0840101e-08 2.4787912e-06 3.4516003e-08 5.638297e-07 0.00024004676 1.8982354e-07 3.3787708e-06 1.3545682e-06 1.1059092e-06 7.368914e-08 2.9886058e-07 2.386382e-06 1.2849592e-05 6.832093e-07 9.2393806e-05 1.25798465e-08 1.2250537e-06 1.6266247e-08 2.6163266e-07 1.5863014e-05 1.0619973e-05 7.994881e-07 2.7564295e-09 8.15283e-05 0.00010385688 1.1497536e-07 9.042089e-05 3.2075032e-08 2.038671e-06 5.1510956e-08 1.9628872e-06 4.10728e-09 0.00026289438 3.3491837e-05
0.9955221 0.034398068 0.31701463 0.7589187 0.34066784 0.021238875 0.018991778 0.002397777 0.979049 0.031028403 0.19532445 0.00032479537 0.0033401367 0.7095373 9.0747526e-05 0.0055880425 0.03606073 8.779712e-05 0.0008589522 0.001364219 2.4531394e-13 0.0006817375 0.07068703 0.9433882 0.0012999529 0.00053276337 0.0015708144 0.0006228801 0.024918409 0.26939648 0.00824155 0.004285296 0.119761854 0.08379937 0.00010422289 0.40630695 5.697306e-05 1.2446202e-05 2.2007069e-05 0.0002449188 4.0491286e-05 8.091645e-05 1.1299998e-05 0.45063093 1.5325993e-05 6.8842105e-06 0.0007928656 6.381559e-06 0.00014717715 0.81013066 0.6303445 0.15491009 3.398101e-06 2.7326743e-05 6.49674e-06 0.044938352 0.0013496202 5.5969813e-05 1.8192048e-05 1.1646924e-06 0.00082959293 9.4120463e-07 2.875988e-06 0.0021574171 9.111686e-05 0.00014770347 1.0884485e-05 1.1707467e-07 0.00010844838 2.3277025e-06 1.8982407e-09 2.9000876e-06 8.08636e-05 7.878562e-05 0.0046825204 4.1115287e-05 0.00073052925 0.0011916383 0.016479189 0.23737605 0.0009489381 0.0015263339 8.9879634e-08 0.019303277 3.410609e-05 3.497415e-05 0.0012328065 1.2495003e-06 0.00018081376 4.051239e-08 0.00042280418 0.0008071633 6.0345965e-06 1.7551162e-06 4.2091266e-05 0.00028024032 3.3896567e-06 1.101751e-06 5.2722648e-08 0.0001720047 0.000114990224
0.5375124 0.07966993 0.16831861 0.0024547665 0.01198384 0.73314583 0.047226124 0.05190109 0.0006812019 0.3563508 0.07105658 0.012768915 0.86654675 0.00018721285 0.0007398034 0.011677171 0.09770157 0.0010950549 0.7598681 0.99407625 0.0006817375 7.784185e-14 0.012652648 0.00016085024 0.984667 0.03623887 0.0039982586 0.9238694 5.2080573e-05 2.6421178e-05 0.007746851 0.0016085661 0.021170843 4.5882632e-07 0.039270766 1.2723663e-05 1.6365709e-06 0.19905885 0.00025716226 4.671937e-05 5.1307674e-05 0.29164708 3.2591683e-07 4.0755212e-06 4.2410717e-05 3.1733712e-06 0.000702841 0.00013658982 1.6298027e-05 0.0001351817 0.00049946737 1.9999816e-06 0.00017501386 1.3920474e-05 1.3047334e-06 0.00014430903 3.0701205e-05 0.00013447399 5.9644597e-05 5.7892277e-07 0.03225439 5.7987127e-06 2.5639624e-06 1.5729947e-05 6.0649927e-07 5.548867e-07 0.00010213095 6.683235e-09 9.440426e-07 2.2765478e-08 1.2937979e-07 8.952331e-05 8.5071825e-08 1.3460954e-07 5.567069e-07 5.9973416e-07 2.0530848e-07 7.804319e-07 5.8546374e-07 1.8074204e-06 1.1091009e-06 4.4097047e-05 5.291484e-09 4.359723e-07 5.3676206e-09 1.8631141e-08 3.6103363e-06 1.3948294e-06 1.3627897e-06 1.5231307e-09 5.415313e-06 2.8197926e-05 5.72347e-08 2.598488e-05 5.806409e-08 1.08577375e-07 6.782324e-08 1.5077602e-06 3.5932588e-09 2.3686163e-05 7.9714846e-07
0.9440866 0.69351685 0.25213575 0.08156706 0.043967113 0.26363897 0.85871774 0.350394 0.023520174 0.114020646 0.9384455 0.13321283 0.021458965 0.008066429 0.18913008 0.95942056 0.027986817 0.03617075 0.12653163 0.031030033 0.07068703 0.012652648 2.3121972e-14 0.004372144 0.015747292 0.0006187332 0.9073457 0.006192633 0.0005909795 0.00014560143 0.0009996113 0.0011835321 0.9902533 4.36611e-05 0.00013632538 0.0015193858 1.0996223e-06 3.8039856e-05 0.013740922 0.067205206 0.009723644 0.0014979163 0.003983142 0.00031873386 0.0019916042 0.002362292 0.029680861 0.00059356226 0.021848043 0.5279122 0.4631913 0.0014139622 0.0010040292 0.003448082 0.000716281 0.21384877 0.0258106 0.0013475656 0.0010268315 0.00016315313 0.00074746116 0.0002781953 5.444397e-05 0.0041832617 0.0003264782 0.0003743664 2.4235818e-05 1.7157839e-06 0.00017336712 1.3136749e-05 1.5715859e-06 1.01862815e-05 5.9053356e-05 0.0019984173 0.0024683846 2.2001948e-05 3.0419062e-05 4.742532e-05 0.0009949136 0.0029006798 1.6853577e-05 0.0034409047 4.0001575e-07 4.7687965e-05 3.5617348e-05 9.280218e-06 0.0012921401 2.093215e-05 0.00017499886 2.7076524e-08 0.0005534976 0.00061011565 2.0262515e-07 4.559227e-05 4.81162e-07 0.00010451812 1.204566e-07 1.4641516e-06 8.959876e-08 1.29615555e-05 0.00014967717
0.9808235 0.00268201 0.03448601 0.5348495 0.089094944 0.00088669505 0.0016421775 0.00014329079 0.86701316 0.0023681829 0.0072898953 3.428176e-05 0.00058297586 0.85509974 1.808199e-05 0.000682497 0.00750328 8.068393e-06 0.00012876734 0.00023816303 0.9433882 0.00016085024 0.004372144 1.1682248e-11 9.781922e-05 0.00016644389 0.00048744888 0.00018789576 0.00946995 0.13967144 0.00034498775 0.0007367102 0.015669296 0.027318709 2.9749137e-05 0.98866916 1.5522095e-05 4.5256606e-06 5.20513e-06 3.487446e-05 4.905648e-06 1.4705376e-05 1.1565758e-06 0.6310346 5.5100368e-06 1.2857995e-06 0.00016671314 2.975139e-06 2.5601568e-05 0.649235 0.27302268 0.55950844 3.2467178e-06 9.810224e-06 2.301657e-06 0.0043947785 0.00051432673 9.070811e-06 1.14645245e-05 5.4952068e-08 9.135113e-06 2.0621468e-07 7.986822e-06 0.0005345755 1.6436008e-05 0.00017636213 5.1259376e-06 6.165769e-09 0.000115090945 6.037771e-07 1.7000968e-08 2.3824073e-06 3.2453077e-05 4.195351e-06 0.007687305 7.861787e-05 0.0022513198 0.0042420183 0.03668539 0.7241361 0.0091028195 0.0008019611 3.2384713e-09 0.051917847 1.6115126e-05 3.8849324e-05 0.0022283595 2.972809e-07 0.00044410178 5.1777187e-09 0.0002453733 0.00035962198 4.1490388e-05 1.7960592e-06 0.00046750618 0.00042788027 6.4214605e-06 4.573242e-06 3.3914578e-08 0.0003487012 0.00017088698
0.72231036 0.23005758 0.09581368 0.0068818056 0.0068767513 0.7214324 0.10083955 0.17714614 0.00052174035 0.18911082 0.09769375 0.060118116 0.4769988 9.3506445e-05 0.0032422268 0.038294215 0.028338777 0.0042533386 0.90897906 0.8025364 0.0012999529 0.984667 0.015747292 9.781922e-05 4.0129167e-12 0.008134866 0.0117338635 0.6422785 5.6915058e-05 2.4653082e-06 0.0018323073 0.0003305167 0.022440972 7.4587497e-06 0.014452899 2.1713115e-06 1.5853342e-06 0.4711923 0.0013320247 0.0004524344 0.0003802974 0.9954524 9.720115e-06 5.695698e-07 0.00014603308 3.0107043e-05 0.007963706 0.0011661564 0.00014609241 2.3126488e-05 0.0031867763 8.5269285e-06 0.0024618113 0.00012103785 7.928792e-05 0.0016121827 0.00047993058 0.00026459066 0.00030458727 9.17739e-07 0.053875543 8.339298e-06 3.5303606e-06 0.00011690503 5.212005e-06 9.574786e-06 0.0005159095 1.40815075e-08 6.4023525e-06 5.015195e-08 1.9444883e-06 0.001011776 3.4458153e-06 1.5179172e-08 3.4182663e-06 1.4978456e-06 8.2401664e-07 4.649502e-06 3.7303048e-06 1.688091e-10 7.9886695e-07 0.00031641847 2.8309608e-09 3.7446587e-06 7.1271383e-10 2.5581483e-07 1.2195651e-05 6.101961e-05 2.0075766e-05 9.09167e-09 5.467906e-05 7.4260686e-05 1.6579069e-08 4.6783087e-05 4.796718e-08 4.1952646e-07 8.297787e-09 1.03028455e-07 1.876222e-09 3.8075716e-05 9.387202e-06
0.09682114 0.008636745 0.33507034 0.05742226 0.41913602 0.08429788 0.0024008057 0.00030670143 0.0034228887 0.14935191 0.009071228 0.00012343416 0.66624606 0.0012888892 5.8581873e-06 0.00028362323 0.8124659 1.0020012e-05 0.0010760751 0.006036076 0.00053276337 0.03623887 0.0006187332 0.00016644389 0.008134866 4.439624e-12 2.2324188e-05 0.4700955 0.00028871757 0.00020259607 0.99783283 0.013119635 0.00072941853 0.00020463887 0.99683636 2.2007947e-05 5.2548345e-05 0.06734486 9.1121206e-07 1.1774431e-06 1.0852121e-06 0.012014261 1.0663684e-07 1.8090994e-05 2.0435687e-06 6.091786e-07 3.4917905e-06 1.172129e-06 3.4978898e-06 0.00033591737 0.00046837147 2.500436e-05 1.6119806e-06 6.5007e-08 4.829887e-08 5.9936596e-05 6.5085287e-06 1.9394674e-06 1.7103404e-06 4.76962e-07 3.842305e-05 7.0265163e-09 5.826532e-07 6.554454e-06 4.5403087e-07 5.6934164e-07 2.7909866e-05 4.6620916e-09 6.245134e-07 2.703328e-08 1.1416763e-06 2.3005884e-06 1.7385048e-07 4.813361e-08 1.9309466e-06 4.6964482e-07 1.7518203e-06 4.9202874e-05 1.0735309e-06 2.1313491e-07 2.9509872e-06 3.273972e-05 9.562361e-09 2.6903212e-05 1.2820037e-08 1.2908689e-06 3.854841e-06 5.8565945e-08 2.5103889e-06 1.4543668e-08 1.6523618e-06 7.403313e-07 3.7370274e-08 1.2016655e-07 9.4161754e-07 9.40254e-08 3.8165476e-07 3.7418346e-08 2.1933502e-09 2.838834e-07 3.7667738e-07
0.9798068 0.3714052 0.025009716 0.0055000624 0.0044445414 0.054698315 0.65222573 0.6068117 0.001611163 0.012862327 0.23532067 0.61741704 0.004320076 0.0009752051 0.91640717 0.972485 0.002786278 0.5387927 0.10041762 0.009683794 0.0015708144 0.0039982586 0.9073457 0.00048744888 0.0117338635 2.2324188e-05 3.4640717e-12 0.00097379804 3.8341426e-05 1.9112525e-05 2.5618252e-05 0.00030593312 0.706581 9.396109e-07 1.1338773e-05 0.00014251872 1.06898106e-07 7.764538e-06 0.2986868 0.9187319 0.44227028 0.00082252454 0.0958475 1.3832852e-05 0.07996229 0.030861974 0.10937405 0.011883449 0.44840568 0.03661089 0.22192207 5.9796206e-05 0.0111797685 0.08492146 0.006230991 0.6963352 0.17776741 0.025926203 0.014025194 0.002325268 0.0014495295 0.0036871133 0.0007669528 0.02528341 0.0039982856 0.0018760929 0.00067309017 0.0002988459 0.0014801354 0.0010004974 2.2665168e-05 2.8135904e-05 0.0011755582 0.031994443 0.00055834936 0.00037418792 1.2285443e-05 7.4665354e-06 0.0003325113 0.0005123941 9.422284e-07 0.0059854058 0.0004911926 1.998545e-05 0.00026217083 0.00020475563 0.0005490823 0.0043286993 8.035002e-05 2.6541415e-05 0.001104599 0.0027918266 2.476656e-07 0.00024843385 4.5372467e-06 0.0002472839 3.3861104e-07 3.1260523e-05 2.5376332e-05 4.9344007e-06 0.0007067893
0.17806317 0.030023275 0.27850074 0.011327761 0.08505141 0.42749685 0.019088069 0.0049928543 0.0012231135 0.58087313 0.02699487 0.0016210724 0.94615525 0.0001450905 6.735858e-05 0.0069645266 0.681614 0.0002724305 0.12832312 0.5443493 0.0006228801 0.9238694 0.006192633 0.00018789576 0.6422785 0.4700955 0.00097379804 2.7412876e-13 0.00012848362 3.5709214e-05 0.06258393 0.0038792775 0.0056352927 1.2503473e-05 0.86635834 1.5422187e-05 1.6323133e-05 0.9973993 1.797964e-05 3.9905404e-05 2.1799146e-05 0.39313853 2.977394e-07 7.9496436e-07 6.8871723e-06 1.1104705e-06 0.00014609296 1.345455e-05 2.9991987e-05 0.000120483215 0.0007307258 1.7220336e-05 0.00012068055 2.832414e-07 7.065342e-07 0.00025497976 1.5912317e-05 4.120478e-05 8.3702935e-06 4.12262e-07 0.003307612 3.015894e-07 2.9569396e-06 9.869372e-06 6.660145e-07 1.062095e-06 0.00026599888 2.4840466e-08 4.759564e-07 4.964134e-09 9.001188e-07 0.00013559616 2.6482047e-07 5.0420702e-08 2.0733216e-07 1.6972852e-07 4.4616385e-07 1.5681284e-05 1.0433561e-07 2.1659092e-08 1.276193e-07 3.055318e-05 4.356809e-09 1.3823569e-05 1.1149889e-08 1.6947119e-07 4.3373893e-06 8.704586e-07 3.9633807e-07 1.4365705e-08 3.463405e-06 1.1908305e-06 3.7962824e-08 1.4030381e-06 5.427839e-07 7.818849e-08 1.3768938e-07 1.3543378e-07 6.159795e-10 5.05405e-07 3.4066124e-06
0.17786872 0.0023851197 0.23145792 0.84447485 0.9132142 0.0001888313 0.0005278129 3.5155696e-05 0.10709976 0.0020504298 0.0032613063 2.0352009e-05 0.0020974674 0.6665687 1.3152177e-07 0.00012243552 0.050576188 1.827819e-06 4.437068e-06 4.3753265e-05 0.024918409 5.2080573e-05 0.0005909795 0.00946995 5.6915058e-05 0.00028871757 3.8341426e-05 0.00012848362 1.3524341e-16 0.041797616 0.0059304307 0.99452585 0.0013434069 0.918225 2.7089764e-05 0.0015916552 0.9809357 2.6491722e-05 3.2802072e-07 1.1240787e-05 2.9724606e-05 3.997606e-05 1.5440044e-08 0.00020714867 3.1706427e-06 1.3517595e-07 1.3493535e-07 1.0712958e-07 5.3358685e-06 0.0006276931 0.00094264327 2.3243652e-05 1.954892e-09 9.472187e-11 5.7953415e-09 0.00014100941 1.4732342e-05 1.9535253e-08 9.219219e-08 5.77981e-09 1.0587921e-06 1.7820625e-09 1.8793068e-08 9.145286e-06 1.8815709e-07 5.6541654e-07 2.5791478e-06 5.599695e-10 4.6092933e-07 1.8903246e-09 6.5239774e-08 2.6095025e-08 8.495358e-09 1.1418673e-07 9.981295e-07 4.2834763e-08 1.9844221e-07 2.3966854e-07 7.058647e-07 3.2710182e-06 4.6430924e-07 1.3905653e-05 6.91945e-10 7.0260816e-05 1.659764e-08 1.9746413e-07 7.02781e-07 3.2657844e-08 1.1471002e-08 1.8350437e-09 1.282729e-06 1.1940054e-06 4.9188017e-08 1.4076217e-08 2.2405705e-07 4.9036712e-09 5.402288e-08 2.49712e-08 9.488316e-11 2.6112803e-06 2.5043187e-07
0.5694944 0.00017745387 0.0013830886 0.34232756 0.17902595 3.506338e-05 0.00010113351 2.0389269e-05 0.33989477 0.00015226264 0.00033524036 1.2539316e-06 0.00016643484 0.99156654 2.8007107e-05 6.049841e-05 0.0015340733 2.5601094e-06 5.0097506e-06 1.4948794e-05 0.26939648 2.6421178e-05 0.00014560143 0.13967144 2.4653082e-06 0.00020259607 1.9112525e-05 3.5709214e-05 0.041797616 6.104076e-14 0.0009452931 0.004683429 0.00040141886 0.9956962 7.797947e-06 0.4550987 0.004611644 7.5888765e-06 6.61318e-06 2.309454e-06 2.289326e-06 0.00013769748 3.7460853e-07 0.84698826 1.016629e-05 6.551811e-06 1.0337096e-05 2.3776305e-05 5.382151e-06 0.0029736245 0.004776041 0.011291193 2.5507634e-06 4.984595e-07 2.1353611e-05 1.6460384e-05 3.002103e-05 5.2952028e-06 2.1005682e-05 0.00016216576 8.843097e-09 5.4468246e-06 0.00011951276 2.4474168e-05 1.6835679e-07 2.1899048e-06 9.322655e-06 2.2006648e-07 1.7434228e-05 8.526936e-08 0.00057336956 3.0146648e-08 1.86605e-06 0.00014548512 6.879679e-05 1.9702313e-06 4.9684775e-05 7.418169e-05 0.0002567513 3.729119e-05 3.2544365e-06 3.639463e-05 7.081765e-08 0.053276747 2.8511624e-09 1.10471e-07 2.5768233e-05 2.2290902e-08 2.7147542e-05 1.967563e-06 2.047021e-06 1.198317e-05 6.4777837e-06 1.5000585e-06 1.2038832e-06 3.142583e-06 5.6497374e-06 7.3043493e-06 1.8648623e-07 6.835612e-05 6.390231e-06
0.39648655 0.0081353085 0.59493494 0.3256099 0.66176707 0.08218105 0.0012473372 4.0713705e-05 0.019604884 0.17368908 0.012285952 4.4699286e-06 0.4819741 0.013196821 5.3248345e-07 0.00016131926 0.9864044 1.8606283e-06 0.00016746591 0.0007944259 0.00824155 0.007746851 0.0009996113 0.00034498775 0.0018323073 0.99783283 2.5618252e-05 0.06258393 0.0059304307 0.0009452931 2.9360623e-13 0.90544945 0.0013295551 0.0011782901 0.38704985 2.5260988e-05 0.002909773 0.06180647 1.2146923e-07 2.7291586e-07 2.8658152e-07 0.0046624704 5.2617946e-09 4.336729e-05 6.990291e-07 3.8916713e-08 8.543994e-07 2.0446437e-07 2.125632e-06 0.00040759394 0.0011759046 8.412604e-06 6.670539e-07 5.7048377e-10 7.532272e-09 4.24201e-05 5.441934e-06 1.7145365e-07 1.2527009e-07 1.9434204e-08 2.791961e-05 1.0327847e-08 1.5229857e-07 1.4438004e-06 2.9336013e-08 1.9440058e-08 4.563292e-06 3.5804634e-10 2.0083569e-08 1.0019084e-09 3.2543048e-07 2.0692605e-07 3.398678e-08 1.2583879e-08 2.7155048e-07 1.4981826e-08 5.8703705e-07 6.664059e-07 1.1754006e-05 9.824914e-08 8.477541e-08 3.6245044e-06 6.10863e-10 1.8687597e-05 3.8027665e-09 7.8650515e-08 5.437325e-07 3.2292502e-09 8.691633e-08 3.229489e-10 4.389023e-08 7.166394e-07 1.5750001e-07 1.2852472e-07 1.05902686e-07 2.6128193e-08 1.09916776e-07 2.4910403e-08 2.6618825e-09 9.755906e-06 2.2884198e-08
