8.032999e-21 0.90154797 0.93999517 0.73464406 0.58874464 0.4305984 0.6818269 0.37710613 0.70530087 0.8684403 0.9297387 0.94726944 0.8682803 0.5962902 0.13350035 0.90787077 0.9637525 0.91429365 0.94549423 0.68730646 0.52234495 0.4770933 0.9836014 0.058352556 0.6936532 0.94423 0.048431166 0.6645971 0.056112185 0.44304293 0.91944766 0.82626164 0.86400276 0.97013205 0.95528287 0.03505779 0.41489133 0.9754835 0.9359741 0.9284432 0.9392205 0.9792904 0.48948857 0.02407772 0.9042209 0.93084025 0.0025556015 0.9729007 0.018008146 0.98101354 0.9899651 0.9929761 0.96190906 0.8878602 0.5337084 0.840248 0.014466047 0.6329651 0.00017523482 0.00059592404 0.9705572 0.99797577 0.8328347 0.95075625 0.9218774 0.001526555 0.94748837 0.9908622 0.6417957 0.9826351 0.012340798 0.6223662 0.9292136 0.81729597 0.05012103 0.8157258 0.022674873 0.9936179 0.0023920673 0.9994916 0.9189679 0.8288567 0.00026747017 0.6670574 0.65166074 0.6566709 0.9916234 0.47830996 0.6380146 0.029162327 0.23701502 0.0032590898 0.1759861 0.002401473 0.0016559634 0.0140817845 0.99601275 0.09652052 0.00037519596 0.99980253 0.99588495
0.90154797 7.056679e-17 0.954504 0.9212954 0.8381078 0.81813604 0.8131845 0.16838521 0.022734132 0.033535447 0.011978561 0.7808166 0.3890879 0.11431617 0.40547287 0.6710231 0.42123032 0.000106775806 4.807189e-05 0.62410164 0.59118617 1.4414885e-05 0.15456925 0.09233182 0.010435275 0.00069331675 0.030796224 2.2503236e-06 0.019611195 2.6587142e-05 0.00021067163 0.00021549527 0.0028566362 0.03819351 3.645288e-05 0.0038365608 0.0020740672 0.023523202 0.02614181 0.0007794241 0.0012926954 1.2377265e-05 2.5754596e-05 0.015404638 0.0004532559 0.009607793 5.930736e-06 0.53875655 1.103986e-06 0.03678844 0.26943678 0.27415106 0.0009122207 6.2224887e-09 3.226231e-05 6.719416e-10 3.510137e-08 9.1108177e-07 1.4261205e-07 0.0007356844 0.00056998985 0.007639584 2.0852474e-05 3.3539987e-08 1.1324925e-06 0.00011320962 6.588126e-06 0.009915718 7.76566e-07 5.8163077e-06 2.911388e-06 6.2883014e-09 7.822425e-07 7.915487e-07 3.4044048e-09 2.8998164e-08 4.693623e-09 1.5348896e-05 3.0989335e-07 0.0011168036 5.009232e-05 0.00011402096 9.098678e-07 4.0869324e-08 2.9224108e-07 1.0488101e-09 0.005237082 8.554692e-09 9.474853e-09 1.7820523e-07 3.680871e-09 5.66429e-09 4.5674324e-06 1.2335349e-07 7.996428e-07 8.037987e-08 4.6741325e-06 9.398286e-07 1.5793124e-07 0.005521763 0.030721733
0.93999517 0.954504 3.8493182e-16 0.9216638 0.7832975 0.6696125 0.52863514 0.6230374 0.6348334 0.35618967 0.29543397 0.008243095 0.9357782 0.5554076 0.26671812 0.05789187 0.006475203 0.051957373 0.022201834 0.0043259487 0.1541646 0.0017581142 0.43624973 0.00071271055 4.51943e-05 1.2086856e-05 0.029296366 0.00011295726 0.00045135035 0.012426432 1.5763077e-05 9.318051e-06 0.00015875553 0.0960288 3.832605e-06 0.06528623 0.000114607144 0.06608076 0.0016356652 1.8151963e-05 0.008225469 3.5035953e-06 1.0404851e-06 0.0019659398 0.002617491 0.0002660415 0.0001732103 0.29958606 0.0008511574 0.0044962806 0.041298337 0.1273278 0.0046039387 7.853925e-09 3.845148e-06 4.047038e-06 9.564765e-06 5.593454e-07 9.328259e-06 0.0001563348 0.0019175449 0.0006981177 0.00015746706 5.4090624e-08 5.4713956e-07 9.824989e-06 5.525421e-07 0.014673578 7.9047146e-07 8.632763e-07 1.7370044e-06 5.8470105e-05 6.36652e-08 3.8478896e-07 2.4603006e-08 4.0377238e-08 6.817962e-07 3.6718031e-06 1.8763915e-06 0.00023252312 0.0005023342 0.0005562715 5.927306e-07 3.0225252e-07 2.9390046e-07 6.4562253e-09 0.008013056 7.130573e-08 4.332151e-08 1.2422835e-06 2.9544507e-08 1.7190621e-07 3.7302198e-06 1.8572689e-06 1.1635772e-05 1.9019772e-07 1.214789e-06 5.401647e-07 2.434336e-06 0.0059131836 0.03301832
0.73464406 0.9212954 0.9216638 4.726784e-16 0.9807667 0.7196847 0.5306523 0.78574973 0.43711722 0.28512585 0.10145 0.013447362 0.32393265 0.59675574 0.50849575 0.010679857 0.0021505293 0.019238982 0.010548345 0.004382252 0.3054187 0.001224113 0.06702084 0.00044718286 8.786342e-06 3.011477e-05 0.047942456 0.00014659861 0.00029821304 0.0022875713 2.9352514e-05 5.422579e-06 7.510145e-05 0.023031984 1.2986864e-06 0.07062827 8.281724e-05 0.011853767 0.0004514145 1.6759988e-05 0.005594025 5.981619e-06 3.0539718e-07 0.0037495957 0.0014707445 2.7534637e-05 0.00047680238 0.045110278 0.001997552 0.0008182086 0.0046070986 0.012239462 0.00085388107 1.1966969e-08 8.9985696e-07 1.4123698e-06 1.5692864e-05 9.0344905e-08 0.00013581371 0.00084928196 0.0006458277 0.00020737342 0.00010282993 2.650778e-08 5.460303e-07 4.516813e-06 9.982961e-07 0.003080989 6.2456826e-07 3.6300997e-07 5.945689e-07 5.667606e-06 9.231167e-08 2.0485629e-07 9.506822e-09 3.3737862e-08 2.9662476e-07 2.0167943e-06 2.2153893e-06 0.00013978922 4.2822583e-05 8.488694e-05 2.5346135e-06 1.14008394e-07 3.82853e-07 6.65077e-09 0.0013408227 3.9195243e-08 3.2466122e-08 7.847591e-07 6.485715e-08 4.2751333e-07 2.3264954e-06 1.9465979e-06 1.360553e-05 3.9615858e-07 5.6585698e-08 2.2011034e-07 1.1519542e-05 0.0011385113 0.007866617
0.58874464 0.8381078 0.7832975 0.9807667 8.807787e-15 0.9332325 0.8652272 0.8476221 0.44922876 0.16451433 0.043271538 0.011122332 0.15068562 0.760381 0.81538314 0.0055787163 0.001320814 0.011069871 0.005738662 0.0056188228 0.3584291 0.0007056851 0.035165783 0.00082836516 1.5503249e-05 4.4008117e-05 0.076862775 0.00010227257 0.00042580182 0.0012556853 3.9021317e-05 5.0438016e-06 3.9816645e-05 0.014894131 2.2779946e-06 0.09222173 8.937291e-05 0.0055812895 0.00015274259 1.0937961e-05 0.0015496819 7.227723e-06 4.6707294e-07 0.0024851642 0.00087907596 1.01100195e-05 0.0005252951 0.019036477 0.00054748805 0.0005438606 0.0022481885 0.0060136565 0.0005303954 2.0431964e-08 1.35599e-06 2.3551386e-06 1.1271412e-05 3.2459297e-07 6.354622e-05 0.0023843383 0.00053389225 0.00012365839 8.829657e-05 7.530738e-08 1.0036897e-06 9.454711e-06 1.777401e-06 0.0012894388 7.2089546e-07 5.331862e-07 8.9894604e-07 6.524774e-06 9.4930186e-08 7.4607163e-07 6.17036e-08 2.8021892e-08 4.549706e-07 5.2482815e-06 7.695978e-06 9.760909e-05 3.500448e-05 0.00018568986 5.399116e-06 1.16253226e-07 2.3076213e-07 9.023498e-09 0.0012636319 5.9172955e-08 5.3217708e-08 2.544842e-06 2.3765773e-08 8.8179934e-07 1.2088026e-06 4.138264e-06 6.0501927e-05 1.1045599e-06 1.3967441e-07 8.822838e-07 3.8715436e-05 0.0011891868 0.004789649
0.4305984 0.81813604 0.6696125 0.7196847 0.9332325 9.164906e-15 0.9861191 0.47195846 0.02524619 0.083375245 0.013478214 0.019590423 0.11503602 0.4885586 0.8083703 0.006405999 0.002192763 0.0028246427 0.0016378083 0.006984504 0.39823842 0.00036465275 0.028588202 0.0010971503 8.1804246e-05 7.180912e-05 0.03583112 0.00015602961 0.0003516924 0.00018642428 5.420602e-05 7.951665e-06 4.352196e-05 0.014666476 5.0546746e-06 0.019251378 6.4599895e-05 0.00580082 0.0003994512 1.378322e-05 0.0012471732 5.1900365e-06 1.1288555e-06 0.0018186265 0.0005873513 6.550934e-05 0.00021851652 0.02205743 0.00024307518 0.0010086382 0.0034017218 0.007499657 0.0005232045 7.712973e-08 9.4531555e-07 1.5566768e-06 4.888923e-06 5.626351e-07 3.3221826e-05 0.0065592667 0.00057434145 0.00018705062 0.0002184236 4.4669576e-08 5.970258e-07 2.6621268e-05 2.6613945e-06 0.0019926063 2.4465604e-07 1.0582107e-06 7.0040903e-07 9.3803783e-07 5.2421007e-07 4.6194714e-07 1.802321e-07 7.106133e-08 3.5315946e-07 9.773832e-06 3.2970001e-06 0.00015996877 5.4707903e-05 5.19194e-05 6.701109e-06 1.8821451e-07 2.9414016e-07 9.280332e-08 0.0012119974 8.6452036e-07 1.7974872e-07 1.2082651e-05 6.3946324e-08 3.823555e-06 9.0284275e-06 3.9992556e-06 2.0809286e-05 8.771532e-06 1.0515529e-06 6.594035e-06 1.2305928e-05 0.00061047875 0.004176937
0.6818269 0.8131845 0.52863514 0.5306523 0.8652272 0.9861191 3.7456183e-16 0.14861615 0.004408038 0.0139803905 0.0075520785 0.0592746 0.071585394 0.40095648 0.92550427 0.014916547 0.0076104137 0.00035212803 0.00044052393 0.13884206 0.7724056 0.00018504393 0.039557017 0.01050692 0.0001967657 0.00015478939 0.12307062 7.7358134e-05 0.0023867602 5.672096e-05 0.00018241692 1.4600402e-05 0.00024840946 0.010087628 8.682737e-06 0.03370533 0.00024275966 0.0028683678 0.00063953595 8.520211e-05 0.00050008553 2.0719302e-05 3.9491097e-06 0.009688478 0.0004479823 7.755766e-05 0.00017365937 0.041149452 0.00015257925 0.0011848093 0.005023587 0.012224867 0.000631822 1.7732859e-07 5.77837e-06 1.247503e-07 2.719134e-06 1.1059198e-06 1.5388558e-05 0.02288624 0.00074612437 0.0006808759 0.0001951345 2.4366156e-07 2.9375515e-06 6.909332e-05 8.695704e-06 0.0015439272 1.0461534e-06 7.1169643e-06 8.262506e-07 1.91023e-07 2.3344787e-06 1.7678918e-06 1.8486426e-07 4.4074093e-07 7.747862e-07 3.6744917e-05 7.1668624e-06 0.00040020997 3.3841043e-06 1.4268552e-05 1.7915065e-05 1.8994733e-06 2.0107389e-06 1.576709e-07 0.0009309582 1.0563291e-06 2.180842e-07 1.2240184e-05 2.2763928e-07 7.481668e-06 3.1345273e-05 9.559977e-06 2.6704569e-05 1.3611799e-05 4.831007e-06 4.8713864e-06 3.4019973e-05 0.00060228136 0.0038317665
0.37710613 0.16838521 0.6230374 0.78574973 0.8476221 0.47195846 0.14861615 3.7230108e-16 0.99314463 0.7500037 0.36708093 0.00067672954 0.21467526 0.9646268 0.65808713 0.0006546912 0.0002876345 0.22264409 0.13728845 0.00020431945 0.035836145 0.008797915 0.034952573 0.0001332974 3.8108867e-06 1.1130571e-05 0.015655091 0.0013267577 2.8463679e-05 0.06542695 3.886939e-06 5.1950747e-07 5.758474e-07 0.10826507 2.2254612e-07 0.28700233 5.0935755e-06 0.0104222605 1.5538053e-06 1.1937959e-06 0.0017889565 7.5128736e-07 3.1092753e-08 2.9160721e-05 0.0007523504 2.7647532e-06 0.0029317976 0.008175971 0.001739905 9.5937845e-05 0.0012424182 0.004950576 0.0011058755 4.4873825e-09 1.8490834e-07 4.1010276e-06 4.2369276e-05 3.8351093e-08 0.0001618779 0.0003922926 0.00073774013 2.4798088e-05 0.00020825575 6.7543193e-09 2.3651726e-08 4.4923518e-06 1.8659547e-07 0.00250392 7.939388e-08 1.4861955e-07 1.9892765e-07 6.0098027e-06 1.1940391e-07 6.4306775e-08 3.7833072e-08 1.8833509e-08 2.9738482e-08 2.6035866e-06 3.4749462e-07 1.4864777e-05 0.00013959699 0.0003712969 1.2256157e-06 2.791829e-08 3.9115783e-08 1.2375983e-08 0.001123493 6.1962005e-08 1.8886173e-08 6.065488e-06 1.438007e-08 1.351465e-06 2.0957256e-07 2.3628652e-07 6.205757e-06 3.5925774e-07 2.507387e-07 1.1202013e-07 3.7683765e-07 0.00036683574 0.0022338063
0.70530087 0.022734132 0.6348334 0.43711722 0.44922876 0.02524619 0.004408038 0.99314463 1.9065532e-17 0.9615167 0.59651613 3.559304e-05 0.303891 0.54624677 0.06559117 1.3369313e-05 2.3828186e-06 0.7685327 0.5115297 9.467036e-06 0.0026496665 0.10927306 0.06627454 9.143995e-06 7.872691e-08 3.928191e-08 0.0025659732 0.006184208 2.5807497e-06 0.19702347 4.352874e-08 5.1944674e-08 4.2587502e-07 0.17783242 5.714206e-09 0.13904728 5.049112e-07 0.030515464 1.0790578e-05 1.2414384e-07 0.011909368 1.8923204e-08 1.186782e-08 5.7080597e-06 0.006140253 3.1532284e-06 0.0014579908 0.015476888 0.0015060926 8.802797e-06 0.0016710345 0.0059309793 0.0036073234 2.0250564e-10 1.9875918e-08 3.133974e-05 0.0006254928 6.178895e-09 0.00013033069 0.00014839388 0.0017272789 4.755792e-06 0.0008118525 2.996215e-10 3.7111771e-09 2.9552652e-06 1.7349382e-08 0.005147068 2.3569676e-08 4.6297215e-09 7.877649e-08 6.4350555e-05 5.6174234e-09 2.9816052e-09 2.7315121e-09 3.561938e-09 1.1854607e-08 2.3267295e-07 4.6066276e-08 5.3035615e-06 0.00046390147 0.00077128335 2.742598e-07 1.9203428e-08 5.743121e-08 2.0414423e-09 0.0010540535 7.865813e-09 1.7911747e-09 5.032162e-07 7.0732966e-09 1.6393232e-06 1.3762053e-06 1.8378968e-07 3.517147e-06 2.6611215e-07 3.5622102e-07 1.0088646e-07 3.471455e-07 0.0005041609 0.0084676035
0.8684403 0.033535447 0.35618967 0.28512585 0.16451433 0.083375245 0.0139803905 0.7500037 0.9615167 8.0111e-18 0.9810979 0.00015988383 0.5783936 0.42449358 0.042454302 0.0005392193 0.00032079683 0.8565896 0.69007623 0.0002741099 0.004442014 0.14366774 0.26610783 6.0294744e-05 2.4529666e-07 1.3591257e-06 0.002137244 0.018110268 7.760282e-06 0.17779753 3.784074e-07 1.6207291e-07 4.3539994e-06 0.53373116 2.5334653e-08 0.22032997 4.233501e-06 0.14997087 0.00020487887 1.8854249e-06 0.088240266 2.4430737e-08 2.4928262e-09 6.7253736e-06 0.033762902 5.49841e-06 0.0009183448 0.07474952 0.0015198742 0.0005631054 0.011967181 0.03942849 0.028034454 9.080379e-11 7.657315e-08 1.7871973e-05 0.00010026861 3.5600503e-09 5.552779e-05 1.6063432e-05 0.008163536 6.2518175e-06 0.0009679857 1.4383792e-09 1.0408273e-08 1.970705e-06 3.643906e-08 0.022447744 1.4594604e-08 1.7330661e-08 1.1937452e-07 3.0480303e-05 1.7797458e-09 1.3970431e-08 3.820593e-09 1.6514834e-09 1.00428705e-08 2.2395514e-07 1.0511542e-07 4.8206446e-05 0.0011589029 0.0035921924 8.596286e-07 2.5699476e-08 1.0391021e-07 4.2638687e-10 0.004445707 1.5824436e-09 7.157722e-10 4.6282116e-07 1.1915239e-09 6.1942266e-08 4.81239e-07 6.8311905e-08 1.4718888e-05 9.732405e-08 3.2846648e-07 1.2551284e-07 1.2577761e-06 0.004943143 0.025272207
0.9297387 0.011978561 0.29543397 0.10145 0.043271538 0.013478214 0.0075520785 0.36708093 0.59651613 0.9810979 1.9306172e-17 0.00022343858 0.7993319 0.12783466 0.009664402 0.000902984 0.000256888 0.7674881 0.90174025 7.8309204e-05 0.0023543057 0.3649978 0.4065029 1.0464533e-05 3.0898116e-07 9.301523e-07 0.0006681413 0.025490304 2.5706809e-06 0.08066884 5.0391975e-07 2.785028e-07 1.3396882e-05 0.73181593 2.8876848e-08 0.045704395 9.3299786e-07 0.3511998 0.00025075988 1.2303399e-06 0.27092373 1.4910329e-08 8.4293745e-09 1.6276126e-05 0.07048079 1.3385504e-05 0.00023472952 0.14300585 0.0010712745 0.00052026217 0.022057684 0.098540045 0.07887035 2.2598635e-10 4.4943054e-08 9.6905096e-05 0.00017031819 6.209637e-09 2.5165504e-05 1.3845523e-05 0.0175435 9.3240415e-06 0.0031141187 1.2048612e-09 2.2781594e-08 2.5300876e-06 1.7153079e-08 0.09506125 1.964357e-08 1.3061874e-08 1.7930017e-07 0.00011609487 5.341741e-09 2.0113124e-08 2.2803722e-08 6.4984897e-09 5.5520985e-08 4.830062e-08 8.266565e-07 4.277034e-05 0.0017933167 0.0018142887 1.4543308e-06 1.5532557e-08 7.4550655e-08 4.926583e-09 0.011543406 5.973063e-08 7.294084e-09 1.4234512e-06 2.5993092e-08 2.6039103e-07 2.0472349e-07 1.4885368e-06 5.1178413e-05 2.8851179e-07 8.254728e-08 9.817267e-07 1.5296823e-06 0.007114743 0.05216049
0.94726944 0.7808166 0.008243095 0.013447362 0.011122332 0.019590423 0.0592746 0.00067672954 3.559304e-05 0.00015988383 0.00022343858 1.3444464e-15 0.004435228 0.00080047187 0.0058644675 0.97254443 0.7763049 5.0214236e-05 3.7596645e-05 0.925052 0.17504252 2.0766782e-05 0.009596663 0.40244293 0.82570004 0.22516401 0.0015215022 1.631416e-06 0.50427973 3.967153e-06 0.04377691 0.23760599 0.026172522 0.0026933379 0.047938354 0.00014444659 0.5671742 0.0024170084 0.022318946 0.004677308 0.00012305113 0.0008454733 0.022460546 0.14303948 3.959792e-05 0.022322591 3.5537055e-06 0.22138256 7.436003e-07 0.028548954 0.21192934 0.09228591 0.0005491637 0.0004940584 0.014055702 1.869429e-08 2.3575129e-07 0.0010075154 2.1288949e-07 8.698737e-05 0.0002590534 0.043092355 4.110193e-06 2.2992474e-05 8.034497e-05 0.0041158325 8.997197e-05 0.0022197429 0.00019062785 6.123186e-05 0.015075764 6.502101e-08 2.3479031e-05 7.972505e-05 0.00065972435 5.47759e-06 0.00043148384 0.00011653346 0.00074113527 0.0049976544 2.0635967e-05 4.681165e-05 0.0008652916 1.5395839e-05 5.912546e-06 9.361575e-07 0.0036779013 6.4307765e-06 2.6673501e-06 1.0901741e-05 1.2659797e-06 2.674536e-06 7.7118806e-05 4.077181e-06 3.0171084e-05 3.824091e-06 5.112855e-05 4.6876652e-05 4.8361213e-05 0.006411952 0.010849665
0.8682803 0.3890879 0.9357782 0.32393265 0.15068562 0.11503602 0.071585394 0.21467526 0.303891 0.5783936 0.7993319 0.004435228 1.5265297e-14 0.19413549 0.056357257 0.08281705 0.031053381 0.16865478 0.34319532 0.005895259 0.040107805 0.037000388 0.9856501 0.0011768168 0.00069100835 0.00010232984 0.007001206 0.0040829615 0.00029340186 0.017155264 1.4249012e-05 0.00012840853 0.00040426446 0.19158922 1.6201773e-05 0.052521795 0.000121892495 0.17669488 0.0057506333 9.996003e-05 0.08456968 1.859995e-06 9.278997e-06 0.00047364875 0.011095079 0.00025410973 0.00025356218 0.29896784 0.00035888996 0.011939037 0.059414897 0.13125923 0.03281862 1.7177197e-07 1.7630571e-05 9.07496e-05 2.0651323e-05 5.0038847e-07 3.0352614e-05 0.00011676496 0.005285589 0.00060379563 0.00078064145 1.807671e-07 6.1840245e-07 5.3830495e-06 2.2756299e-06 0.03144443 2.230932e-06 1.920026e-06 5.9525433e-07 0.00017168939 3.3261102e-07 3.0963824e-06 9.404473e-09 3.133236e-07 5.4582625e-07 3.6742376e-06 7.0874296e-07 0.000358891 0.0011703852 0.0005524634 1.1705441e-06 8.004898e-07 7.7914376e-07 3.891085e-08 0.018651119 8.91802e-08 1.6418555e-07 5.6501335e-07 9.347911e-08 5.3832903e-08 6.790375e-06 4.2991533e-07 8.373535e-06 2.2954941e-07 8.115269e-07 3.5226826e-06 2.1718145e-06 0.004829441 0.015903443
0.5962902 0.11431617 0.5554076 0.59675574 0.760381 0.4885586 0.40095648 0.9646268 0.54624677 0.42449358 0.12783466 0.00080047187 0.19413549 2.299683e-15 0.985009 0.00050745433 0.00021903311 0.10422638 0.05009417 0.00027290403 0.23221736 0.0047207894 0.08983227 0.000107642205 1.0910379e-06 4.9813156e-07 0.27190262 0.0014202559 3.377545e-05 0.06338918 4.1906978e-07 2.828643e-07 1.3266368e-06 0.07378463 6.122225e-08 0.81198984 6.817316e-06 0.003999714 4.052947e-06 3.054955e-06 0.0012473271 5.8883916e-07 1.1732537e-07 0.0001557002 0.00057250314 2.1158776e-06 0.014341368 0.0063482407 0.008904755 2.6068748e-05 0.0007344002 0.001870789 0.00048748837 9.809256e-09 1.7232887e-07 4.1893454e-06 0.00025823253 6.552185e-08 0.0009865806 0.03701299 0.00046183317 2.392253e-05 0.000454929 5.799049e-08 1.4121319e-07 1.119725e-05 2.8776162e-07 0.0008071329 8.126549e-08 1.136945e-07 1.4509478e-06 7.016232e-05 4.789717e-07 1.0891442e-07 2.8386458e-08 1.03758715e-07 3.3904097e-08 3.126903e-06 1.1331299e-06 0.00010593567 0.00011627825 0.00046231455 4.288108e-06 7.187118e-07 3.1427837e-06 4.3063324e-08 0.00033488503 1.7263861e-07 1.0197546e-07 1.3090938e-05 4.6786e-08 3.0815165e-05 2.0068196e-06 1.0364088e-06 1.8379924e-06 4.332515e-06 6.0186784e-07 1.040736e-06 4.8455297e-07 0.00025732833 0.0038909377
0.13350035 0.40547287 0.26671812 0.50849575 0.81538314 0.8083703 0.92550427 0.65808713 0.06559117 0.042454302 0.009664402 0.0058644675 0.056357257 0.985009 2.016614e-15 0.0011011467 0.00037064785 0.004986956 0.0010305909 0.012983963 0.9382447 0.0002810958 0.014316867 0.0011443165 4.4462497e-05 7.1350887e-06 0.7612674 0.0002314956 0.00027883356 0.0007838665 3.6873764e-06 8.405618e-06 4.519381e-06 0.0045058597 2.7776485e-07 0.5093936 3.951549e-05 0.00053916656 5.2987843e-06 6.517088e-06 0.00015703742 2.693765e-06 4.080209e-07 0.0032501363 6.1338e-05 2.5266108e-06 0.0013948872 0.0022981141 0.00015198148 4.665388e-05 0.00026652854 0.0006892548 0.00017761505 1.6538548e-08 1.5122864e-06 1.2179471e-07 3.3682005e-05 3.139245e-07 0.0001503652 0.18803924 0.00017901084 1.6775066e-05 0.00023318843 9.287398e-08 1.99341e-06 3.5114477e-05 2.3366995e-06 0.00035345327 6.017864e-07 5.229064e-07 7.599802e-07 5.748343e-06 3.9016422e-06 9.878556e-07 1.1408453e-07 5.6821797e-08 3.1899063e-07 2.1027769e-05 1.3491645e-05 0.0002019595 3.764585e-06 7.80567e-06 2.0842055e-05 2.029783e-07 6.1720375e-06 2.0754818e-07 0.00046546847 7.515166e-07 4.8649633e-07 2.0137433e-05 2.3418023e-07 2.4546303e-05 2.079522e-05 2.3952003e-05 5.5952896e-05 3.4772806e-05 3.3568633e-06 7.0517104e-05 6.027637e-06 0.00016841968 0.00050882593
0.90787077 0.6710231 0.05789187 0.010679857 0.0055787163 0.006405999 0.014916547 0.0006546912 1.3369313e-05 0.0005392193 0.000902984 0.97254443 0.08281705 0.00050745433 0.0011011467 1.6186132e-18 0.98853636 4.758652e-05 0.00014730115 0.28836945 0.013397062 5.617891e-05 0.055909738 0.04073842 0.27241257 0.3951102 6.569001e-05 2.4051837e-06 0.044800423 3.325985e-06 0.09178343 0.04877292 0.40454486 0.025741696 0.014882204 0.0005143284 0.048483156 0.059710618 0.21291101 0.094468884 0.00528381 0.0037441037 0.0065767425 0.0066241533 0.00089880126 0.09477778 1.8167982e-05 0.4684686 9.787531e-07 0.12940557 0.4687162 0.23825572 0.0034496558 0.00051964505 0.0011187389 2.6029659e-06 1.6177842e-07 0.0009137471 2.8889974e-07 5.037173e-06 0.002411477 0.112772845 1.8747827e-05 1.804786e-05 6.7129266e-05 0.0001615548 0.00024595385 0.031006044 0.00010064311 3.691182e-05 0.0010477451 2.814513e-09 2.494817e-05 2.8494505e-05 0.00024289328 3.2608739e-06 0.00015396345 0.00027046903 0.000102050144 0.039487872 0.00028035423 0.00012892376 1.6680786e-05 5.444384e-06 3.0671545e-06 1.7261753e-07 0.022590091 1.2199971e-06 1.9785377e-07 1.0713387e-05 7.5982044e-08 1.937822e-06 0.00016553114 1.7086368e-06 1.3757507e-05 2.0282582e-07 2.7806493e-05 2.1436317e-06 6.200634e-06 0.030277947 0.03637899
0.9637525 0.42123032 0.006475203 0.0021505293 0.001320814 0.002192763 0.0076104137 0.0002876345 2.3828186e-06 0.00032079683 0.000256888 0.7763049 0.031053381 0.00021903311 0.00037064785 0.98853636 1.1111407e-18 2.7452177e-05 4.789827e-05 0.14424954 0.010009283 4.05951e-05 0.05824799 0.024185572 0.25646225 0.36683464 5.1965468e-05 2.2307727e-06 0.0301689 6.6171856e-06 0.0815796 0.02928382 0.3228157 0.073444106 0.0073899115 0.00022663799 0.035746716 0.059929885 0.5377938 0.060229346 0.015387503 0.0010152097 0.004501674 0.004270218 0.0021006495 0.13396548 1.1860385e-06 0.7313547 2.1455268e-07 0.30812547 0.8202746 0.4092909 0.003923104 2.5998414e-05 0.0011042373 1.0700318e-05 2.32981e-08 0.000361019 3.7860794e-08 9.100279e-06 0.0024111571 0.12765494 9.201595e-05 1.8487892e-05 0.000120646364 9.582985e-05 0.00022684687 0.043280173 0.00010896831 6.208885e-05 0.0015066687 1.8067155e-08 2.2286897e-05 4.7063528e-05 0.00011463831 1.1630597e-06 0.0002742239 0.00015067915 0.00017423932 0.05174141 0.00064809265 0.00036406313 1.1289356e-05 4.8141187e-06 9.974164e-06 9.4263335e-08 0.088911794 1.4871858e-06 2.081085e-07 1.3544423e-05 2.960626e-07 2.7837905e-07 0.00022391342 3.9336196e-06 1.1847435e-05 1.7443142e-07 1.2596998e-05 8.843414e-06 2.0700441e-05 0.090050325 0.10472059
0.91429365 0.000106775806 0.051957373 0.019238982 0.011069871 0.0028246427 0.00035212803 0.22264409 0.7685327 0.8565896 0.7674881 5.0214236e-05 0.16865478 0.10422638 0.004986956 4.758652e-05 2.7452177e-05 4.0902513e-17 0.9515728 6.785908e-06 0.00010167719 0.94033074 0.10533949 1.6445704e-06 1.14026214e-07 3.9917104e-08 0.00031572217 0.8596456 4.621578e-07 0.89752936 1.885644e-08 1.05307825e-08 3.0769823e-07 0.70348 4.0375756e-09 0.24967118 1.2607557e-06 0.08524654 2.2626577e-05 1.581169e-07 0.15149547 1.5187396e-08 2.3891338e-09 1.0662128e-05 0.105316356 7.1436847e-07 0.009825651 0.024146987 0.0317412 5.943053e-05 0.0045597884 0.013806699 0.04995393 1.426219e-10 6.8181576e-09 0.0041248566 0.049131 7.252756e-09 0.00094451645 2.833849e-05 0.023269964 6.454748e-07 0.010449456 3.6224015e-09 1.8695928e-08 9.091154e-06 6.278238e-08 0.025675485 1.1755714e-08 4.220115e-09 1.9976244e-07 0.0073168925 5.6870373e-08 7.353259e-08 4.9211737e-09 5.316614e-09 3.161709e-09 7.946069e-08 3.6280719e-07 7.2583307e-06 0.0029237478 0.008068024 2.1642306e-06 1.0078602e-08 1.835196e-07 4.911496e-09 0.004458989 1.6046533e-08 9.211042e-09 3.4260316e-07 2.5126652e-09 2.1762254e-07 1.4693271e-06 5.125702e-08 9.836193e-06 1.5693774e-07 3.2768054e-07 6.4458897e-07 9.971296e-07 0.0020802561 0.024350094
0.94549423 4.807189e-05 0.022201834 0.010548345 0.005738662 0.0016378083 0.00044052393 0.13728845 0.5115297 0.69007623 0.90174025 3.7596645e-05 0.34319532 0.05009417 0.0010305909 0.00014730115 4.789827e-05 0.9515728 1.1053252e-15 1.8652167e-05 0.00016108864 0.88396674 0.41678965 5.0854264e-06 4.2091443e-08 1.6587524e-07 0.00012037974 0.45082277 6.395803e-06 0.61147535 8.892778e-08 8.914737e-08 5.7648017e-06 0.8829997 2.8016014e-08 0.1425073 2.457658e-06 0.5962013 0.0012617745 2.4893545e-06 0.8651122 5.422253e-08 2.7985198e-08 1.3212523e-05 0.787131 1.4330615e-05 0.0012400991 0.11397702 0.01687361 0.0016451355 0.013596925 0.093656234 0.41930073 1.7907817e-09 4.8380468e-08 0.0025664174 0.0069381553 2.8301312e-08 7.37225e-05 6.214498e-06 0.30439922 5.98512e-05 0.0714324 2.7209617e-09 1.5288947e-08 2.0026898e-06 2.4456563e-08 0.2718068 6.385601e-08 2.38305e-08 5.6663243e-08 0.0015130432 4.6743875e-09 6.541546e-08 3.640792e-09 1.7701524e-08 8.4712525e-08 4.0367766e-08 2.5923939e-07 2.9613126e-05 0.021009762 0.021250445 3.500601e-07 2.6874565e-07 1.1453649e-07 4.761473e-10 0.027192105 1.2887163e-08 3.273847e-09 2.6786773e-07 8.598254e-09 3.661077e-07 1.0137113e-06 9.715234e-07 2.9183377e-06 2.3593121e-07 6.0976944e-08 2.9052307e-08 1.1394008e-06 0.006506295 0.05488937
0.68730646 0.62410164 0.0043259487 0.004382252 0.0056188228 0.006984504 0.13884206 0.00020431945 9.467036e-06 0.0002741099 7.8309204e-05 0.925052 0.005895259 0.00027290403 0.012983963 0.28836945 0.14424954 6.785908e-06 1.8652167e-05 8.64692e-16 0.8991259 1.5757154e-05 0.0076979203 0.98553056 0.6379097 0.016766472 0.030577233 3.666145e-06 0.855221 2.7719102e-06 0.0051651164 0.019858537 0.0030550368 0.0047427323 0.0011176352 0.0021424836 0.27765965 0.0020043792 0.008742024 0.0007398239 0.0010953766 0.0003438746 0.0013123839 0.30057716 0.00032112372 0.0017841705 4.57908e-05 0.040568363 1.24850285e-05 0.0056613265 0.015903497 0.009593922 0.00021714048 8.4988346e-07 0.00045027558 8.3731305e-07 1.0411063e-06 1.9882127e-05 1.9563854e-06 0.012558956 0.0005810221 0.0019118862 0.0002290263 1.5178418e-06 6.310328e-06 0.003131093 7.0451733e-06 0.00096138055 1.0065621e-05 5.6377726e-06 0.0031091925 7.048194e-07 7.830371e-06 2.2273734e-06 4.4043965e-05 1.087731e-06 2.1286636e-05 3.297725e-05 0.00019213742 0.00041268117 0.0006441239 0.0009741347 0.0005930298 5.2426503e-07 6.3089806e-06 8.8591555e-08 0.0010586902 3.9427633e-07 1.5453443e-07 3.191761e-06 2.1832879e-08 2.228391e-06 1.36081635e-05 1.4245838e-06 0.00011672188 3.141133e-06 3.6877284e-06 2.9931334e-06 0.00025945593 0.0010196134 0.005615831
0.52234495 0.59118617 0.1541646 0.3054187 0.3584291 0.39823842 0.7724056 0.035836145 0.0026496665 0.004442014 0.0023543057 0.17504252 0.040107805 0.23221736 0.9382447 0.013397062 0.010009283 0.00010167719 0.00016108864 0.8991259 9.021913e-17 9.98718e-05 0.019840378 0.57222474 0.005238151 0.00021180154 0.98303324 3.7400743e-05 0.26650274 9.074744e-05 0.00013018014 0.00046884562 3.9125578e-05 0.0038897148 0.00014149652 0.1110905 0.00627112 0.0009959441 8.895039e-05 6.320781e-05 0.00019400206 4.008701e-05 3.639241e-05 0.66991204 0.0001192334 3.449631e-05 0.0010070624 0.011227936 0.00075066654 0.0003779148 0.0014872769 0.004548954 0.00017823813 9.8070714e-08 7.252045e-05 5.2288294e-07 4.5816287e-06 1.6461521e-06 5.732153e-05 0.53477395 0.00016462214 0.00017814754 0.00024139966 3.9356325e-07 2.2723377e-06 0.0021886523 2.0910031e-06 0.00035381838 1.0433865e-06 2.216452e-06 2.5779993e-06 1.1528559e-06 2.0768173e-06 4.6363445e-07 2.1375125e-07 1.0115525e-07 1.8071954e-07 2.4218907e-05 6.0875723e-06 0.00062669144 9.662894e-06 8.779813e-05 0.00018490085 3.7473703e-06 6.135245e-07 2.9151776e-08 0.00088661304 3.4285303e-08 1.0448816e-07 1.113513e-06 1.664345e-08 4.2928525e-07 1.995925e-06 2.2512413e-07 3.940538e-05 2.2510362e-06 5.208447e-06 1.047323e-05 8.391646e-05 0.00028595788 0.0014599221
0.4770933 1.4414885e-05 0.0017581142 0.001224113 0.0007056851 0.00036465275 0.00018504393 0.008797915 0.10927306 0.14366774 0.3649978 2.0766782e-05 0.037000388 0.0047207894 0.0002810958 5.617891e-05 4.05951e-05 0.94033074 0.88396674 1.5757154e-05 9.98718e-05 1.3556973e-18 0.021784727 2.4283468e-06 1.5733593e-07 5.22534e-07 2.2665992e-05 0.99265105 1.8745349e-06 0.3702396 2.6238826e-07 9.0589594e-08 1.0076171e-06 0.40386164 3.1366394e-08 0.0148344375 2.3536825e-07 0.17889835 8.6122796e-05 1.6529119e-06 0.49521804 5.226718e-08 5.4711706e-09 8.5146297e-07 0.6241553 1.3593667e-06 0.0007678698 0.01254224 0.009359764 0.00018094383 0.0016362066 0.008405767 0.10711474 6.4688717e-09 2.8597421e-08 0.014246146 0.014156226 1.5182964e-08 6.3896616e-05 1.1549006e-06 0.08487715 6.0424977e-06 0.20316169 1.7423523e-09 5.174579e-09 1.9503887e-06 1.7046752e-08 0.037085623 8.036484e-08 2.9150315e-09 1.9049345e-07 0.043148763 1.9353783e-08 1.1153845e-08 3.708382e-09 2.3605487e-08 5.29072e-08 1.908513e-07 1.113581e-06 7.4959016e-06 0.0074467245 0.008732112 4.4555878e-07 1.3159097e-08 1.6307386e-07 1.2513177e-08 0.0039054006 2.8172443e-07 4.758189e-09 2.845308e-06 5.8927276e-09 1.3225052e-07 1.5729184e-07 1.2976581e-07 1.0042834e-06 2.7979448e-07 1.4862657e-08 3.8430912e-08 1.9124923e-07 0.0009500506 0.012298521
0.9836014 0.15456925 0.43624973 0.06702084 0.035165783 0.028588202 0.039557017 0.034952573 0.06627454 0.26610783 0.4065029 0.009596663 0.9856501 0.08983227 0.014316867 0.055909738 0.05824799 0.10533949 0.41678965 0.0076979203 0.019840378 0.021784727 2.8128851e-14 0.00075213553 0.0013099032 0.00032216543 0.0033484397 0.0010834248 0.00022306322 0.0072534946 9.214961e-05 0.00030374026 0.0024689212 0.6870763 0.000102817576 0.013819892 0.00036284627 0.57212245 0.020635797 0.00080527883 0.07334438 2.1360762e-05 0.00010271496 0.00046496931 0.010511424 0.0018123485 0.0001958026 0.82709736 8.422417e-05 0.07496576 0.43836203 0.69286317 0.06818668 1.2905846e-06 0.00018473147 0.00010998048 1.4428969e-05 8.762812e-06 2.8547978e-05 8.756508e-05 0.0058661825 0.0057484973 0.0006639516 1.4961195e-06 1.1634763e-05 3.651962e-05 1.3980488e-05 0.29441127 1.4405897e-05 1.1375936e-05 1.363759e-05 0.000105435254 1.4541713e-06 2.681066e-06 1.320142e-06 1.8536794e-07 1.4409269e-06 1.4897064e-05 3.1246673e-06 0.007020794 0.000690783 0.0008588363 1.7011113e-05 1.4973369e-06 4.2749213e-07 4.1103775e-08 0.12697034 1.4312272e-07 8.3337966e-08 6.9551506e-06 2.400811e-08 1.320499e-07 5.49673e-05 4.9602113e-07 9.564966e-06 2.4887987e-08 1.70711e-05 2.2464885e-05 2.421281e-05 0.045759983 0.16881487
0.058352556 0.09233182 0.00071271055 0.00044718286 0.00082836516 0.0010971503 0.01050692 0.0001332974 9.143995e-06 6.0294744e-05 1.0464533e-05 0.40244293 0.0011768168 0.000107642205 0.0011443165 0.04073842 0.024185572 1.6445704e-06 5.0854264e-06 0.98553056 0.57222474 2.4283468e-06 0.00075213553 4.352074e-17 0.36487117 0.0017308465 0.026762297 1.2657792e-06 0.99607575 2.817098e-06 0.00097283453 0.004883681 0.00028446352 0.00027109188 0.00035368666 0.0008589678 0.266971 0.00011655603 0.00021596144 9.812044e-05 0.00016566584 7.449661e-05 0.0007322462 0.4208091 8.0305595e-05 0.00014635458 1.0286196e-05 0.001973213 4.7813405e-06 0.00045705854 0.0005465748 0.0007679761 6.5008644e-05 4.5507977e-06 0.0002709722 2.5186583e-07 1.7544185e-06 2.130701e-05 1.1695732e-06 0.0378557 0.00022606054 0.00025721645 1.800739e-05 6.541662e-07 3.9052866e-06 0.015962781 3.0074918e-06 0.00018037562 1.8119448e-05 2.897743e-06 0.0015654702 1.3808072e-07 6.8951767e-06 2.7404476e-06 1.2262617e-05 2.3145935e-06 8.215524e-06 2.0922173e-05 0.00010785008 0.00012698783 0.00019179254 0.00020458874 0.0006688499 3.2749026e-07 6.4546957e-06 1.1649518e-07 0.00028189257 7.6093966e-07 5.909871e-07 4.1499447e-07 5.888517e-08 1.6889609e-06 1.2113964e-05 1.0246108e-06 5.5893754e-05 9.206879e-07 1.6260556e-06 5.68665e-07 0.00017465906 0.00026356868 0.00095008593
0.6936532 0.010435275 4.51943e-05 8.786342e-06 1.5503249e-05 8.1804246e-05 0.0001967657 3.8108867e-06 7.872691e-08 2.4529666e-07 3.0898116e-07 0.82570004 0.00069100835 1.0910379e-06 4.4462497e-05 0.27241257 0.25646225 1.14026214e-07 4.2091443e-08 0.6379097 0.005238151 1.5733593e-07 0.0013099032 0.36487117 1.3320545e-18 0.5673616 2.5496043e-05 5.4674103e-07 0.71693915 6.106109e-08 0.28067794 0.9706137 0.027696325 0.00065396505 0.50712794 4.2518295e-06 0.9736018 0.00060987036 0.03165361 0.003264924 5.879643e-05 0.008529297 0.5594102 0.039522097 1.6446864e-06 0.0127433725 5.965096e-07 0.03679447 1.9669393e-07 0.012356927 0.027578374 0.008327346 4.7116388e-05 0.00052778574 0.122635394 3.5738424e-08 8.552766e-07 0.0012716973 1.4207353e-07 0.00022417729 8.28969e-05 0.008658361 5.1928337e-06 3.7040018e-06 4.494831e-05 0.0022219932 4.40027e-05 0.0003100703 0.00025959927 1.30795315e-05 0.11255521 1.8827322e-07 2.6501993e-06 1.7493078e-06 0.012958244 1.1733499e-07 0.005735965 4.3317483e-05 0.0053518456 0.00046719576 7.65013e-05 7.467956e-05 0.0010437947 5.479375e-07 1.9808006e-06 1.7893965e-08 0.00075779925 3.0287435e-07 6.0888375e-08 1.3284293e-06 1.4664782e-08 3.7866158e-07 2.5909678e-05 7.122834e-07 0.00064427103 1.0052406e-06 1.3908717e-05 3.6089245e-06 0.00049428036 0.0004299568 0.0054669003
0.94423 0.00069331675 1.2086856e-05 3.011477e-05 4.4008117e-05 7.180912e-05 0.00015478939 1.1130571e-05 3.928191e-08 1.3591257e-06 9.301523e-07 0.22516401 0.00010232984 4.9813156e-07 7.1350887e-06 0.3951102 0.36683464 3.9917104e-08 1.6587524e-07 0.016766472 0.00021180154 5.22534e-07 0.00032216543 0.0017308465 0.5673616 5.4312406e-18 3.1693094e-06 5.3901125e-08 0.005574332 3.0015562e-07 0.9739475 0.75144875 0.93286234 0.0008791707 0.7771194 5.460472e-06 0.26103568 0.0010401444 0.5482698 0.22965625 0.00018544141 0.13900183 0.30840474 6.489641e-05 7.3111996e-06 0.36660373 2.0073096e-06 0.069494545 9.361043e-06 0.069592126 0.11456727 0.030019382 8.777988e-05 0.19698524 0.2421827 5.819459e-08 1.8570624e-07 0.060405366 4.2730957e-07 1.3825269e-05 7.384656e-05 0.26533994 2.8312215e-06 0.0006004613 0.0026839415 2.3516477e-05 0.000564586 0.0017567843 0.018723102 0.00012950836 0.036462493 6.102205e-09 3.8555634e-05 6.864134e-05 0.025771381 8.400746e-06 0.012531194 0.0002686615 0.001614426 0.041646197 1.1583751e-06 2.0816287e-07 5.6354347e-06 0.00013843641 2.875252e-05 4.1278957e-07 0.0043263305 7.5562134e-06 2.1614092e-06 4.9941307e-05 1.7222973e-06 1.925677e-05 0.00022518309 1.2700666e-05 0.0004330029 7.908648e-06 6.869193e-06 0.00026697989 2.5883808e-06 0.013292375 0.017251274
0.048431166 0.030796224 0.029296366 0.047942456 0.076862775 0.03583112 0.12307062 0.015655091 0.0025659732 0.002137244 0.0006681413 0.0015215022 0.007001206 0.27190262 0.7612674 6.569001e-05 5.1965468e-05 0.00031572217 0.00012037974 0.030577233 0.98303324 2.2665992e-05 0.0033484397 0.026762297 2.5496043e-05 3.1693094e-06 2.0257321e-14 4.3334716e-05 0.006408544 0.00024933007 5.816502e-06 6.2377626e-06 6.7546796e-07 0.00039773455 9.823945e-07 0.75669426 0.00010101003 0.00014398982 1.2901785e-06 2.6369777e-05 9.221334e-05 1.3480816e-05 6.1241025e-07 0.3706646 7.31075e-05 8.8059414e-07 0.0015420835 0.00045167655 0.00010144329 1.1582155e-05 7.085613e-05 0.00035383002 9.0922775e-05 6.9583984e-07 1.16140645e-05 2.3289485e-06 1.8219846e-05 8.334683e-07 0.00054187723 0.9847128 0.00016730596 7.840837e-05 0.00018025043 1.9663194e-06 7.936376e-06 0.00153787 3.72877e-05 0.00011842156 3.892533e-06 3.516307e-05 7.1270205e-07 1.1956885e-06 1.3201263e-05 1.3284718e-05 3.9046142e-07 1.7693341e-06 8.0610204e-07 7.283755e-05 1.0215516e-05 0.00036340108 1.1013177e-05 3.8131533e-05 0.00016422276 1.6101269e-05 1.8213877e-06 8.050097e-07 0.00060715975 3.8393728e-06 2.3832208e-06 7.846424e-05 7.1444066e-07 2.2430293e-05 3.7627637e-05 1.5567965e-05 2.8385526e-05 5.112158e-05 2.1643793e-06 3.6439636e-05 3.357854e-05 0.00014247974 0.00040112456
0.6645971 2.2503236e-06 0.00011295726 0.00014659861 0.00010227257 0.00015602961 7.7358134e-05 0.0013267577 0.006184208 0.018110268 0.025490304 1.631416e-06 0.0040829615 0.0014202559 0.0002314956 2.4051837e-06 2.2307727e-06 0.8596456 0.45082277 3.666145e-06 3.7400743e-05 0.99265105 0.0010834248 1.2657792e-06 5.4674103e-07 5.3901125e-08 4.3334716e-05 1.81169e-17 2.2870781e-06 0.34052235 2.2972886e-08 1.3505303e-07 2.7201822e-06 0.10634085 3.560948e-08 0.0016838082 3.6707772e-06 0.025572296 2.0128871e-05 4.515456e-06 0.2322854 5.107891e-08 1.2340902e-07 0.00012192005 0.5816429 1.3632479e-07 0.00028398863 0.002587538 0.0023443603 5.78037e-06 0.0004549229 0.002803117 0.062735304 4.060437e-08 5.3221237e-07 0.6090113 0.25831774 4.7032767e-08 2.1117983e-05 2.5366991e-05 0.12621756 9.866529e-08 0.554996 4.2099857e-09 5.7972214e-09 0.00025162636 6.444513e-09 0.018675284 2.0525269e-07 2.4572557e-09 7.278093e-06 0.80675703 8.165902e-09 9.9617905e-09 3.8447848e-08 8.03949e-08 6.067637e-07 1.3467868e-08 2.2954395e-05 3.969486e-07 0.034523506 0.032782707 0.00010106794 1.7965843e-07 5.840542e-08 1.8659733e-08 0.0048836763 4.913401e-08 4.90195e-09 1.9141737e-06 1.5055619e-08 1.501302e-06 2.4684182e-08 1.0071185e-06 5.7790614e-05 2.3073768e-07 2.4165538e-09 4.0502814e-06 4.3634063e-06 0.00087030855 0.01913396
0.056112185 0.019611195 0.00045135035 0.00029821304 0.00042580182 0.0003516924 0.0023867602 2.8463679e-05 2.5807497e-06 7.760282e-06 2.5706809e-06 0.50427973 0.00029340186 3.377545e-05 0.00027883356 0.044800423 0.0301689 4.621578e-07 6.395803e-06 0.855221 0.26650274 1.8745349e-06 0.00022306322 0.99607575 0.71693915 0.005574332 0.006408544 2.2870781e-06 2.0526955e-16 7.5719134e-07 0.0023546605 0.026562164 0.0007751913 9.7940756e-05 0.002452761 4.1437597e-05 0.8785198 4.801068e-05 0.00023348082 0.00027973382 3.803322e-05 0.00028943352 0.006872182 0.77244747 2.8907778e-05 4.9844763e-05 1.0005044e-06 0.0014137073 1.9371626e-06 0.00030921245 0.00068686326 0.00059516326 0.00022178753 1.879005e-05 0.0020508424 1.114932e-07 4.5476e-06 4.5771412e-05 3.4026556e-07 0.07188455 0.00031587665 0.00017674653 3.6860143e-05 2.3796008e-06 1.233155e-05 0.11653392 1.4025706e-05 0.0002949713 2.1104333e-05 1.850795e-05 0.016923066 2.864023e-07 3.8272232e-05 1.0584029e-05 0.00012750708 4.1523617e-06 3.0588133e-05 0.00013385357 0.002167444 0.00019093535 9.872097e-05 6.613789e-05 0.0039278194 1.7932591e-06 4.3977298e-06 1.0648333e-06 0.00055864896 1.824531e-06 2.0708821e-06 2.3976947e-06 1.00503115e-07 2.777282e-06 1.2911158e-05 3.3871943e-06 0.00024769903 1.9592849e-06 7.895406e-06 6.260767e-06 0.0006726006 6.5229106e-05 0.00034186055
0.44304293 2.6587142e-05 0.012426432 0.0022875713 0.0012556853 0.00018642428 5.672096e-05 0.06542695 0.19702347 0.17779753 0.08066884 3.967153e-06 0.017155264 0.06338918 0.0007838665 3.325985e-06 6.6171856e-06 0.89752936 0.61147535 2.7719102e-06 9.074744e-05 0.3702396 0.0072534946 2.817098e-06 6.106109e-08 3.0015562e-07 0.00024933007 0.34052235 7.5719134e-07 3.4987377e-17 3.1097184e-07 9.69239e-08 1.0075747e-06 0.16710012 5.0993833e-08 0.5934445 2.297383e-06 0.013475971 2.582399e-06 1.5389944e-06 0.022428922 1.0704773e-06 2.191433e-07 1.4531559e-05 0.02893716 7.1704267e-07 0.22016339 0.0020361368 0.483541 5.3985336e-06 0.00022850487 0.0028119863 0.016724503 5.4568616e-09 4.0918405e-07 0.004518009 0.99827945 7.600523e-08 0.018603321 0.00017008932 0.01955107 1.5804584e-06 0.012532311 9.487191e-08 3.5777524e-07 1.1348369e-05 1.8243152e-06 0.0056894845 1.4462375e-07 3.7887503e-07 2.2392545e-07 0.0051624593 3.8010046e-07 3.3854326e-07 1.3311952e-08 2.1625779e-08 5.1032554e-08 9.4873855e-07 2.518931e-06 8.153938e-06 0.0041743726 0.015897 5.715318e-07 2.4685772e-07 1.1262375e-07 3.2218799e-09 0.00082964555 8.1867725e-08 5.964854e-08 7.0060646e-06 6.641862e-08 1.7250622e-06 8.582495e-08 4.350324e-07 1.1207507e-05 6.628242e-07 1.0661142e-07 4.527715e-06 1.6328153e-06 0.00030772833 0.011224297
