4.471858e-20 0.9955641 0.9721439 0.9410459 0.9823824 0.9541722 0.983445 0.92857325 0.9770071 0.9716756 0.94149315 0.9711714 0.972966 0.9730319 0.9817445 0.93889344 0.9170492 0.9195694 0.9982099 0.99963313 0.816282 0.81983364 0.97719574 0.9398607 0.7372122 0.9424927 0.92597365 0.81226254 0.99874014 0.944515 0.7771635 0.93512326 0.93508214 0.9584992 0.9406512 0.94574153 0.69085103 0.920219 0.88963735 0.99954224 0.9682769 0.99885434 0.8284495 0.9286275 0.72029316 0.82795733 0.6066279 0.6696218 0.9045597 0.7824087 0.89935416 0.7450071 0.8834551 0.748319 0.6910687 0.72002125 0.99983263 0.68672264 0.70135164 0.45101312 0.033643007 0.30947095 0.3132967 0.52097225 0.7882168 0.0060271 0.7087647 0.6812104 0.45505497 0.75110126 0.51804423 0.17792712 0.6604435 0.9903049 0.106520176 0.0037181284 0.17281812 0.20161574 0.8742984 0.00920089 0.005005233 0.0035638858 0.005706999 0.01986629 0.036492486 0.008781284 0.115090266 0.8207474 0.82644117 0.04735926 0.9114299 0.09164805 0.026413372 0.02497686 0.0015594111 0.025521299 0.0035739758 0.0028899608 0.0031777688 0.03690506 0.023082057
0.9955641 1.8111409e-13 0.8118647 0.28901398 0.18883955 0.98149914 0.036531277 0.77944803 0.002457738 0.006324749 0.026876807 0.017463801 0.52311736 0.007743335 0.24967065 0.0042242897 0.0044672866 0.005181728 0.12749667 0.22563781 0.0015484388 0.8428571 0.2753179 0.00016305622 0.002448763 0.00023433521 0.0010152571 0.0048838654 0.000883212 0.24496338 0.55891776 0.051355187 0.00014429512 0.00036954015 3.5111232e-05 0.016868733 0.00095022505 0.049245246 0.00011160934 0.0026588666 1.298749e-05 0.0007118665 0.15872589 0.5580022 0.014203868 0.25985554 2.029462e-05 0.2164086 4.4450454e-07 5.7324073e-06 8.7248074e-05 0.07420749 0.016350351 7.2801515e-05 2.9969956e-06 8.0295176e-05 0.000590023 0.0086190505 0.008776075 0.012262781 0.00014129707 6.70701e-06 7.661322e-07 2.6231657e-08 1.9871238e-06 3.8650876e-05 1.0256066e-05 0.00034379147 0.47994265 6.593922e-06 0.3807758 0.0005394256 2.7028915e-05 2.7193703e-06 3.682522e-05 2.9564873e-05 0.00012387178 4.4914777e-06 3.9185793e-06 1.014716e-05 2.0165367e-06 0.0020664711 0.002229686 0.0010673534 3.4625132e-06 9.170124e-06 8.0276794e-07 2.6110038e-06 1.2682817e-08 1.8250792e-06 2.0381684e-07 8.501604e-06 1.3126341e-05 0.0037056305 1.2367094e-05 3.073368e-06 0.0012433793 0.0016997696 2.6871492e-05 5.9036606e-06 1.4777601e-06
0.9721439 0.8118647 1.2380384e-14 0.08637125 0.07386463 0.65073663 0.89812696 0.987297 0.19139908 0.28877714 0.22480033 0.0073965355 0.7601329 0.005339379 0.0051128482 0.002192257 0.0003434472 0.0006800158 0.23909271 0.18038742 0.00092633924 0.26284084 0.0057100235 3.8248007e-05 0.00084729673 0.0032565806 0.0002523786 0.00057615543 0.0003914357 0.008662263 0.20933682 0.0018847005 0.006778121 0.00017759965 0.0014295984 0.0007479735 0.00011142853 0.6755509 0.011843715 0.013727843 0.00012587158 0.00019045503 0.006776535 0.03218548 0.16040133 0.13738391 1.6195277e-06 0.034879044 3.3670254e-05 0.0007836886 2.4000568e-05 0.0037771252 0.00070284033 2.5801994e-05 0.00014706337 0.0026272559 0.00017168463 8.2294624e-05 0.13560963 0.0007056443 7.5347975e-06 1.3010765e-06 4.573227e-05 7.162404e-07 8.916845e-08 6.273934e-06 8.779696e-05 0.0110002095 0.120778844 5.2101335e-05 0.04080601 0.0154367415 0.0012596855 3.3747634e-05 0.002152284 2.6313817e-06 0.0006438675 2.2894052e-07 2.2937402e-06 2.0075297e-06 1.5641255e-07 0.00214122 0.0004090899 3.1694835e-05 4.608924e-07 0.00028078392 1.0660746e-05 6.4229397e-07 2.8161486e-07 2.241464e-05 1.0518542e-07 1.6825246e-05 2.5782404e-06 0.0075680804 8.003486e-05 7.907591e-08 0.00011063734 0.001213553 2.0522235e-05 6.0964707e-05 1.6421726e-06
0.9410459 0.28901398 0.08637125 1.1585393e-14 0.9864643 0.04835595 0.026672766 0.020597806 0.012963435 0.009371282 0.33533147 0.9081773 0.669947 0.713659 0.6827985 0.20485745 0.69410217 0.31859142 0.088135265 0.4805686 0.055905454 0.011231796 0.19923294 0.55770606 0.12008554 0.0023827413 0.06019567 0.37594062 0.010154678 0.056209806 0.0026930652 0.048456173 0.002234729 0.006082197 0.00069395144 0.07406514 0.08252699 0.007186444 0.00032770072 0.0082239555 0.00044674444 0.005223884 0.009303702 0.0016489435 0.000764846 8.48561e-05 0.0032051397 0.00037180766 6.724428e-05 0.000105317384 0.00036514064 0.0009035336 0.00699579 0.002402834 0.000108068445 2.7697928e-05 0.00039480516 0.008952135 1.4269464e-05 0.00013241643 0.0001998464 0.00022910252 0.0011073335 4.173031e-05 0.00015862143 2.881791e-05 3.5666108e-06 2.528709e-05 9.227343e-05 8.070771e-06 0.00073621084 6.8715424e-05 6.919534e-05 0.0009886347 6.1645437e-06 6.499231e-06 5.6573563e-06 5.128661e-06 0.0011355971 1.9231407e-05 9.827136e-06 6.07367e-07 1.8597726e-05 1.2153863e-05 3.9789804e-05 2.1353133e-06 1.9584058e-07 6.702809e-06 8.585558e-06 0.00013570963 2.9399327e-05 0.00013223283 2.0453266e-05 1.1773257e-07 3.0450128e-06 3.1182597e-05 5.1184734e-06 3.1483742e-07 3.7360775e-07 1.0146055e-07 2.3324526e-05
0.9823824 0.18883955 0.07386463 0.9864643 1.257057e-11 0.06680842 0.02857335 0.03858342 0.0071900464 0.0064106006 0.19895099 0.37656313 0.8438887 0.3364186 0.77676994 0.033636674 0.5279797 0.017294029 0.13690595 0.8016131 0.0077117784 0.01873595 0.46535134 0.36820263 0.009040702 0.0020447522 0.03892012 0.39918643 0.006061386 0.22398932 0.0041458155 0.19993678 0.0019729098 0.0077838306 0.0007784866 0.28599188 0.07391346 0.016362185 0.0008655198 0.0216283 0.00058583077 0.005012633 0.057905372 0.015267087 0.004471189 0.0011743905 0.004204018 0.0025959122 0.00010326844 0.00025106713 0.0011683821 0.012392455 0.087029964 0.0015335166 0.0001860797 8.287373e-05 0.00082879345 0.0668245 0.0011049542 0.008255584 0.0009019005 0.00052890356 0.00076445175 0.000105174855 0.0010441148 0.00016225966 1.5296657e-05 0.000253937 0.0030704122 7.231782e-05 0.012324779 0.0001491831 0.00013660429 0.0021636386 2.4779178e-05 5.4499404e-05 5.0517905e-05 0.0002518619 0.00030944965 3.567623e-05 2.9865456e-05 8.166342e-06 0.00011391879 0.00052663387 7.86775e-05 2.8708704e-05 4.09838e-06 4.191322e-05 8.3696505e-05 4.893604e-05 0.00016026715 0.00010455621 0.00015109588 3.6660347e-07 9.530982e-06 2.534605e-05 8.686674e-05 8.155034e-06 6.0878603e-05 2.8379175e-06 3.9972216e-05
0.9541722 0.98149914 0.65073663 0.04835595 0.06680842 2.0213437e-14 0.04582223 0.82778 0.0032717285 0.007834466 0.003928883 0.004365205 0.21569188 0.0019965458 0.07094452 0.001368048 0.00077227363 0.00064232555 0.03430329 0.056296527 0.0005456446 0.9736064 0.11419982 2.9268711e-05 0.000700218 6.156169e-05 0.00022103896 0.0010516779 0.00014207592 0.17343155 0.78253454 0.024212547 9.613062e-05 4.1315703e-05 1.3264867e-05 0.004818228 0.0004503189 0.076218136 7.004044e-05 0.00029062922 4.848033e-06 7.502865e-05 0.16893654 0.6765596 0.01848164 0.38543156 4.983452e-06 0.33562025 1.13207506e-07 3.952761e-06 1.1668832e-05 0.080968045 0.012840877 2.4313049e-05 9.404769e-07 6.206529e-05 3.669512e-05 0.0028299885 0.017958857 0.0095253 0.000107663756 1.6228163e-06 5.3314526e-08 3.305855e-09 4.3818443e-07 2.5111349e-05 1.144336e-06 0.00013974245 0.5113468 4.853043e-06 0.39403737 0.00064311386 9.60101e-06 2.1478994e-07 2.9511915e-05 9.059201e-06 4.674134e-05 8.3769885e-07 1.5947715e-07 1.259316e-06 9.564403e-07 0.0034282412 0.0029731041 0.00078660884 2.7983182e-07 1.6167616e-05 1.2198843e-06 9.785528e-08 3.1625595e-09 4.890529e-07 9.793495e-09 7.3170685e-07 2.7411375e-06 0.006337882 1.4785474e-05 4.445861e-08 0.0013243224 0.0030105454 1.3203593e-05 6.9333028e-06 3.1082064e-07
0.983445 0.036531277 0.89812696 0.026672766 0.02857335 0.04582223 2.6484037e-15 0.44825107 0.9333952 0.9273383 0.46862763 0.0022626363 0.6390292 0.0045215515 0.00033344014 0.0016343226 0.00017296699 0.0003391801 0.3038647 0.12906514 0.0005172715 0.021669267 0.00030478023 1.0311024e-05 0.00065264455 0.04908674 0.00026335835 0.00023688163 0.0002810087 0.001073484 0.044999667 0.00017154797 0.10247526 7.6042685e-05 0.07180118 0.000108220054 4.487272e-05 0.92130125 0.7251995 0.015068865 0.004105802 0.0001492497 0.0014288583 0.012604834 0.5852309 0.16026506 2.5391557e-07 0.020373376 0.00034909014 0.0057567125 1.8398356e-06 0.001001546 9.138926e-05 1.4403863e-05 0.00049147307 0.20636204 0.00014047963 2.1633341e-05 0.5229995 8.568148e-05 2.427916e-06 7.1247433e-07 2.5082147e-05 3.852853e-06 2.9512233e-08 2.1998978e-06 0.00012171523 0.6646254 0.046295267 0.00082518294 0.010814536 0.41825137 0.060812198 5.416385e-05 0.27065572 2.6188293e-06 0.022470359 7.3349376e-08 1.0373319e-05 7.630224e-07 1.08663556e-07 0.0017703604 0.00010694823 4.0895525e-06 1.9375844e-07 0.0084750485 6.0811934e-05 2.774022e-07 1.4324725e-07 2.0334606e-05 2.3066982e-06 0.000117716125 1.8156092e-06 0.020044293 0.0024115415 4.406924e-08 1.1221303e-05 8.980849e-05 1.9124238e-06 0.0029766406 4.7662414e-07
0.92857325 0.77944803 0.987297 0.020597806 0.03858342 0.82778 0.44825107 9.029631e-16 0.0558664 0.15618402 0.014407402 0.003826014 0.32128322 0.001513383 0.007670143 0.0013648878 0.00013125435 0.00028187752 0.084277295 0.072503604 0.0005256426 0.8747685 0.01579595 1.2665504e-05 0.00029899157 0.0011715196 0.00010467024 0.00040927506 0.00020496293 0.037637122 0.9235738 0.0058044894 0.0027364783 5.2087078e-05 0.000465062 0.0005346813 6.349945e-05 0.75075334 0.0055803764 0.0023172058 8.403996e-05 5.8014644e-05 0.041734032 0.29571876 0.18316978 0.52226317 4.182202e-07 0.28223574 9.194959e-06 0.00033746875 6.0068924e-06 0.011504277 0.0015829429 4.3172413e-06 4.9352366e-05 0.0018095196 2.387676e-05 0.00012780086 0.10004113 0.0008871433 1.8193992e-05 2.939495e-07 7.75074e-06 1.0707334e-06 1.3478501e-07 1.217413e-05 6.4665683e-06 0.002771181 0.39239332 0.00011588138 0.18059579 0.016729608 0.0007564588 2.4211874e-06 0.0012049074 1.5067899e-06 0.000538238 3.2604834e-07 5.401776e-07 1.0452201e-06 5.122308e-07 0.010534854 0.002210258 0.00022513178 1.2052561e-06 0.0005862583 1.0000355e-05 9.709672e-08 2.3499258e-07 6.974253e-06 1.954822e-08 4.953071e-06 6.3104726e-06 0.019633994 0.00014613965 3.3625888e-08 0.00047482966 0.0067525753 8.9480245e-06 2.404178e-05 9.979315e-07
0.9770071 0.002457738 0.19139908 0.012963435 0.0071900464 0.0032717285 0.9333952 0.0558664 3.4507716e-15 0.97278374 0.77205837 0.0014947854 0.5212317 0.0020498757 1.0655003e-05 0.0005314587 1.1546488e-05 0.00010778088 0.38697147 0.10446075 9.888397e-05 0.0011478764 1.6150696e-05 5.6585407e-07 0.00013357647 0.164294 5.4350334e-05 3.4375455e-05 5.491171e-05 4.906436e-05 0.0044148983 1.3020056e-05 0.5957243 2.4483905e-05 0.22487506 7.3033316e-06 4.159416e-06 0.64617795 0.8529101 0.04504087 0.015985845 7.1198054e-05 0.00011470524 0.000436933 0.27517596 0.011130693 9.746057e-08 0.0022049411 0.0028349776 0.108866416 1.5366685e-06 0.00014698977 3.6208771e-06 4.505738e-06 0.005053954 0.300746 0.00012253072 6.257934e-07 0.3511206 3.7434695e-06 7.547347e-08 2.6316363e-07 0.0005375124 2.662713e-05 8.523664e-09 1.0521452e-07 0.00055357197 0.599847 0.0026958906 0.0025215235 0.0007057534 0.3914745 0.09217209 0.00042687418 0.25780007 2.8367637e-07 0.051334266 9.9733924e-08 2.3945424e-05 5.182249e-07 4.1426784e-08 8.732091e-05 3.7253365e-05 9.954725e-07 1.1552325e-07 0.013336849 0.00014810349 4.3379413e-07 1.8946806e-06 0.0002219456 2.7404805e-05 0.00024577306 7.631662e-06 0.0050073196 0.005395385 1.1324951e-07 1.0153146e-06 1.2594751e-05 1.1936128e-06 0.027597629 7.001479e-07
0.9716756 0.006324749 0.28877714 0.009371282 0.0064106006 0.007834466 0.9273383 0.15618402 0.97278374 2.0011047e-14 0.41653323 0.0012298591 0.33583775 0.0016948594 3.9050614e-05 0.0005981816 4.3906664e-05 7.0910006e-05 0.23432088 0.06720871 0.00011091603 0.0042733876 5.440007e-05 1.6079455e-06 0.00012734377 0.11342845 5.5122426e-05 8.33613e-05 0.00011844211 0.00020395695 0.010946049 3.5014727e-05 0.55497605 7.711075e-06 0.20280425 7.937011e-06 3.5353098e-06 0.8560537 0.8992657 0.019928088 0.010455836 5.1420382e-05 0.00041219563 0.0023346548 0.42873895 0.033967156 1.3492661e-07 0.005199961 0.000964639 0.06787907 5.239772e-07 0.00032425064 1.7314218e-05 3.7362831e-06 0.0031941333 0.40551516 4.074843e-05 4.550611e-06 0.43432072 1.5689258e-05 5.47752e-07 3.8842205e-07 0.00029096342 1.9051617e-05 2.0383736e-08 7.4127803e-07 0.00019338068 0.74983096 0.010885131 0.004828481 0.002211629 0.46115962 0.136676 0.00013438784 0.33901542 1.4236833e-06 0.046242427 1.4539751e-07 5.342707e-06 2.7453248e-07 4.5108806e-08 0.00024903825 6.589901e-05 2.2663367e-06 5.9953884e-08 0.0146573745 0.00013190384 2.0263752e-07 7.58566e-07 5.9626283e-05 7.549097e-06 0.000106313084 4.579315e-07 0.008608988 0.00486232 3.219037e-08 5.6648178e-06 2.3284145e-05 9.522202e-07 0.012530626 5.8205717e-07
0.94149315 0.026876807 0.22480033 0.33533147 0.19895099 0.003928883 0.46862763 0.014407402 0.77205837 0.41653323 1.168608e-11 0.0072956122 0.83575374 0.024354154 0.0027143208 0.0018264042 0.0062699816 0.0021228972 0.9765427 0.23996314 0.0007018578 0.0019818088 0.00077888905 0.00049797964 0.001495681 0.9774322 0.001122452 0.0007019076 0.00032528947 0.00053088326 0.0015996092 7.677934e-05 0.48674783 7.964411e-05 0.12864158 2.3732426e-05 1.832903e-05 0.05742967 0.06423587 0.5893674 0.49106058 0.00012420857 0.00031895854 0.00010997619 0.008409368 0.00032740957 1.5265462e-06 0.00017760269 0.15805617 0.10260398 6.7401093e-06 2.0019252e-05 3.8248007e-05 4.2729083e-05 0.03146053 0.010569793 2.5935364e-05 1.2216871e-05 0.0015307689 1.9362138e-05 2.0798202e-06 3.1773352e-06 0.08021554 0.0027516133 4.86145e-08 1.4086464e-06 0.0075509553 0.011251518 0.00011294359 0.0078015844 8.7004286e-05 0.003165131 0.007657196 0.061267413 0.0019559693 1.2719981e-06 0.0015974414 3.808394e-08 0.00024498775 6.7635283e-06 2.0769649e-07 6.6692255e-06 1.1563458e-05 1.1430566e-06 1.0667137e-06 0.00029470387 0.00038834693 4.7129624e-06 0.00029720142 0.004569206 2.0761947e-05 0.0012239285 3.744132e-07 1.8658357e-05 0.00014081375 1.6587806e-05 1.7656913e-06 3.5078783e-06 2.014924e-06 0.00095312245 5.9253084e-06
0.9711714 0.017463801 0.0073965355 0.9081773 0.37656313 0.004365205 0.0022626363 0.003826014 0.0014947854 0.0012298591 0.0072956122 1.6582654e-14 0.05975973 0.9409456 0.2617109 0.83408177 0.7415268 0.69580173 0.0052692294 0.071079105 0.49821645 0.0018845405 0.045278974 0.8790488 0.28133518 0.00094671274 0.7424395 0.4479601 0.1170988 0.007088323 0.00030213976 0.019340629 0.00027664282 0.04101827 5.1888812e-05 0.09437217 0.21464004 0.0019852659 8.5297645e-05 0.0005626424 2.307881e-05 0.013419177 0.0030037772 0.0008728 0.00021888652 2.3215498e-05 0.21517621 4.222511e-05 1.2070632e-06 1.1539998e-06 0.16162021 0.00027205012 0.005372216 0.016573269 1.0779625e-05 2.6212429e-06 0.0016286825 0.012010618 0.00041087106 0.00017491942 0.00012040199 0.0033217897 8.127469e-05 4.554527e-06 0.23986058 1.3742559e-05 1.7714426e-06 7.7351346e-05 0.0002799668 1.8091707e-06 0.00090911373 5.190965e-05 2.316905e-05 0.00015822303 2.8395734e-05 0.00016549372 4.173242e-05 0.0023733163 0.0011826525 7.5908065e-05 5.4536522e-05 1.9517421e-07 2.3185405e-05 5.787105e-06 0.00022475036 1.1243193e-06 5.134602e-06 0.00016014218 1.2580671e-05 3.9220507e-05 0.00022347269 0.00010576225 0.00033550838 4.0863267e-07 2.0403652e-06 2.1996786e-05 3.2962678e-06 4.784458e-07 0.00034709985 1.1184806e-05 7.120967e-05
0.972966 0.52311736 0.7601329 0.669947 0.8438887 0.21569188 0.6390292 0.32128322 0.5212317 0.33583775 0.83575374 0.05975973 1.4684333e-10 0.29474166 0.21634588 0.038685028 0.17142898 0.005581702 0.8362935 0.9735067 0.008192874 0.037554394 0.07503193 0.06227886 0.0057569738 0.16463858 0.0148874195 0.051727366 0.013916314 0.04065845 0.025453493 0.018433921 0.19463494 0.003232073 0.07669218 0.016640794 0.0065753413 0.2382641 0.056688838 0.26377794 0.13489836 0.0020299624 0.014322684 0.022298984 0.086448826 0.035893716 0.00027605065 0.008408349 0.08189948 0.05572959 0.00022089295 0.002444182 0.0051257177 0.0014293449 0.03011743 0.008329309 0.00069987593 0.0041689184 0.031116119 0.00051458005 0.00016292938 0.0003941628 0.017415129 0.0029243655 2.3220278e-05 1.7438835e-05 0.0036283056 0.014242247 0.005455078 0.009714556 0.0062314156 0.0034633158 0.0075380513 0.021685164 0.0018962227 7.980262e-05 0.001122015 4.127059e-06 0.0017426667 0.00010562456 2.5110125e-05 8.8020046e-05 0.00014935207 7.243522e-05 7.309767e-05 0.00024348353 0.00010588972 0.00027452977 0.001064343 0.0005326567 0.0001595501 0.00045809493 4.6301324e-05 0.00018441393 0.0002244402 4.586838e-05 7.815141e-05 3.498909e-05 7.78105e-05 0.00064334203 0.00015047826
0.9730319 0.007743335 0.005339379 0.713659 0.3364186 0.0019965458 0.0045215515 0.001513383 0.0020498757 0.0016948594 0.024354154 0.9409456 0.29474166 1.0495824e-13 0.063874856 0.9730153 0.16509552 0.11667893 0.049215455 0.62069833 0.3997369 0.0005198872 0.0037031153 0.27748716 0.07302559 0.0016883668 0.17997384 0.062767886 0.45169935 0.0012619742 0.00014739207 0.0021295908 0.00071757636 0.06516609 0.00024789682 0.006420405 0.015204087 0.00056821754 0.00010745031 0.00948248 0.00029894055 0.06510972 0.00044060478 0.000190167 0.00021026455 3.6269095e-05 0.016656393 8.2328144e-05 5.944085e-05 4.8191145e-05 0.067733966 9.9294004e-05 0.00033978245 0.027353622 2.8823131e-05 5.6185736e-06 0.012709384 0.0010291474 2.968659e-05 4.0616946e-05 7.438842e-05 0.006874157 0.0003562314 1.0315539e-05 0.010076417 8.94671e-06 2.482517e-06 2.5777006e-05 7.502707e-05 1.1003576e-06 0.00023755942 5.424858e-05 6.053878e-06 0.0047999974 7.0812755e-05 5.2938925e-05 1.6624295e-05 0.00017570489 0.004389463 0.00034694132 3.975267e-05 6.0041117e-07 1.1558364e-05 5.677438e-07 0.0010857289 6.49481e-07 3.2152806e-07 0.0007974907 0.00015964766 7.6647644e-05 0.0043392433 0.00041601367 0.0012203726 1.6573007e-07 1.4879619e-06 0.0001129186 4.206552e-06 1.8318957e-06 3.6738507e-05 7.158702e-07 0.0003892726
0.9817445 0.24967065 0.0051128482 0.6827985 0.77676994 0.07094452 0.00033344014 0.007670143 1.0655003e-05 3.9050614e-05 0.0027143208 0.2617109 0.21634588 0.063874856 1.2319147e-13 0.06413625 0.16610287 0.019558707 0.016931243 0.10209906 0.012266618 0.0182307 0.96147835 0.017268302 0.0055349567 1.6222415e-05 0.002351844 0.6311244 0.0030277707 0.7496044 0.0024376581 0.9189809 7.0085605e-07 0.002205409 7.835439e-07 0.8657169 0.1697031 8.297848e-06 9.395384e-07 8.866109e-05 1.998987e-07 0.001373462 0.1790921 0.011780806 3.08937e-05 0.00011434317 0.0014133109 0.0012001207 5.8295546e-09 5.171868e-08 0.00036233847 0.062593125 0.37047365 0.0002566228 2.0685235e-08 4.227112e-07 0.000668005 0.39057112 6.485384e-05 0.07756591 0.034069058 1.8468101e-05 2.1009456e-08 1.95437e-09 8.0119125e-06 0.008589609 3.894525e-07 1.463781e-07 0.0023551255 2.856745e-07 0.03485726 3.4052023e-06 2.581345e-08 5.126898e-07 2.0109204e-07 0.0017109523 9.238173e-07 0.0003412727 2.2293338e-05 1.5381693e-05 0.00092933973 9.0946884e-07 0.00026942996 0.0054551144 3.2270907e-06 1.2496511e-07 1.000294e-07 2.7208955e-06 1.2239686e-08 1.840261e-07 1.0703445e-06 2.3602136e-06 2.9792634e-05 9.965848e-07 1.3078178e-06 8.107271e-07 0.0003531344 1.000837e-05 0.0012308024 1.0185275e-06 2.34194e-06
0.93889344 0.0042242897 0.002192257 0.20485745 0.033636674 0.001368048 0.0016343226 0.0013648878 0.0005314587 0.0005981816 0.0018264042 0.83408177 0.038685028 0.9730153 0.06413625 1.01209475e-11 0.27061462 0.717479 0.007006066 0.081224345 0.974871 0.00044327206 0.0065584816 0.60335106 0.5025401 0.00031006322 0.7610549 0.12964152 0.6169342 0.0013906674 9.970174e-05 0.0037570358 0.00019340852 0.09086323 9.5846015e-05 0.017339848 0.06306543 0.00024730724 8.919891e-06 0.0009941766 5.125153e-05 0.052930526 0.00037512748 9.310859e-05 0.000115483665 5.5373403e-06 0.10600936 2.6750398e-05 2.164912e-06 2.5407824e-06 0.58857775 7.205669e-05 0.0011081137 0.06111139 1.0529507e-06 1.3914705e-06 0.014513777 0.0021904607 3.064837e-05 3.63555e-05 2.7631862e-05 0.008978649 1.9397865e-05 1.0356767e-06 0.13671094 2.5549045e-06 6.368682e-08 1.213119e-05 3.1894226e-05 1.6013323e-07 0.00022594933 6.932199e-06 1.79707e-06 0.0013937184 6.2012964e-06 1.3464112e-05 2.6381913e-06 0.0008556149 0.0032043771 0.0003551742 1.3244706e-05 5.613742e-08 9.641128e-07 1.4856968e-07 0.00043967424 9.525466e-08 2.6101858e-07 0.0009895002 4.2190554e-06 1.5836547e-05 0.0024446554 0.00028613463 0.0006772949 1.0092414e-06 3.097025e-07 0.00010857846 1.5414658e-07 1.03942924e-07 3.8982038e-05 1.994295e-07 0.0002576311
0.9170492 0.0044672866 0.0003434472 0.69410217 0.5279797 0.00077227363 0.00017296699 0.00013125435 1.1546488e-05 4.3906664e-05 0.0062699816 0.7415268 0.17142898 0.16509552 0.16610287 0.27061462 2.8153623e-16 0.19390258 0.027560106 0.102656245 0.07727609 0.0001338634 0.009051051 0.98226285 0.08888246 3.5961253e-05 0.112568304 0.99113196 0.05069362 0.0040933886 2.7988173e-05 0.017607639 1.9728466e-06 0.036353774 7.684364e-07 0.24893935 0.6366619 2.1480766e-06 2.8347839e-07 0.00014055922 2.4609332e-07 0.02158772 0.0004892601 6.0310675e-05 3.5022758e-06 7.83207e-07 0.34137112 1.7649194e-05 3.0594811e-09 2.2822118e-07 0.015976196 0.000101112106 0.0028293165 0.0011732095 1.1807495e-07 9.9321596e-08 0.0025928402 0.013805277 2.3283021e-06 9.489883e-05 0.0011215681 0.0005539532 4.0240387e-08 4.1322994e-09 0.011236618 0.00012926478 2.7356052e-07 2.2046285e-07 1.1075383e-05 3.5955696e-07 0.00024632263 6.611373e-07 4.3221064e-08 1.4776854e-06 2.6525245e-07 4.9824986e-05 3.6979498e-07 0.018609151 3.159461e-05 1.5055928e-05 0.0011296507 5.9508316e-08 3.7650766e-06 7.155013e-06 2.0138586e-05 2.2734638e-07 5.439819e-09 2.529857e-07 1.4326494e-08 1.6202168e-06 1.531157e-07 2.5886038e-07 0.00049598166 2.9718978e-08 4.276695e-07 3.2176672e-07 6.813533e-06 2.0745144e-07 3.2569285e-05 1.6187767e-07 1.0831401e-06
0.9195694 0.005181728 0.0006800158 0.31859142 0.017294029 0.00064232555 0.0003391801 0.00028187752 0.00010778088 7.0910006e-05 0.0021228972 0.69580173 0.005581702 0.11667893 0.019558707 0.717479 0.19390258 2.7468708e-14 0.00046019102 0.01251312 0.62722415 0.00015195685 0.0010577078 0.44179934 0.97444797 0.00033795298 0.9793059 0.020308338 0.66985923 0.00018504358 4.2122952e-05 0.0007377965 7.7126904e-05 0.43666527 9.345675e-06 0.0018196005 0.0073330505 5.970304e-05 4.57975e-06 2.6534048e-05 1.31056895e-05 0.19436274 6.119877e-05 1.1001808e-05 1.0368156e-05 4.2652985e-07 0.03904143 3.9582906e-06 1.8187762e-07 5.6403513e-07 0.550407 2.0899657e-05 0.00013748846 0.16110063 3.64469e-07 3.6752642e-06 0.01029494 0.00030381474 2.6298376e-05 5.4421052e-06 1.8287476e-05 0.043257385 8.462186e-06 2.6145955e-07 0.017164445 5.226987e-06 9.23295e-07 1.3128682e-05 7.3157607e-06 5.635292e-07 1.1065965e-05 3.4904822e-06 1.8721508e-05 9.790597e-06 1.2672868e-06 2.3586465e-05 1.7300337e-05 0.0006621949 0.0011589056 0.00052694057 3.6237183e-05 2.7059036e-07 4.5706e-06 1.1631163e-06 0.00131607 7.162164e-07 5.4686046e-07 9.6210875e-05 3.33697e-07 3.182524e-06 2.718381e-05 2.7519201e-05 0.00765183 3.0087197e-08 1.8458593e-07 0.0007549543 1.4876952e-06 1.0542619e-06 2.9463472e-06 2.9090595e-06 0.00015108292
0.9982099 0.12749667 0.23909271 0.088135265 0.13690595 0.03430329 0.3038647 0.084277295 0.38697147 0.23432088 0.9765427 0.0052692294 0.8362935 0.049215455 0.016931243 0.007006066 0.027560106 0.00046019102 1.1840255e-12 0.6387162 0.0014624003 0.008063294 0.008666494 0.010742408 0.0007399325 0.64805365 0.0023938508 0.0065771593 0.0028186839 0.006542452 0.005872619 0.0027337552 0.33673972 0.0005868675 0.21926007 0.0015090384 0.0011425761 0.1409736 0.11598555 0.5990817 0.4159708 0.00043160954 0.003190976 0.0035897421 0.049144562 0.008427535 6.326697e-05 0.002547807 0.25606743 0.21594366 2.147789e-05 0.00055405893 0.000600579 0.00016226832 0.18051039 0.017183919 0.00027958342 0.00056022976 0.0274517 0.0003410923 0.00012294123 0.00013992326 0.08998099 0.055062097 1.1603144e-06 1.3111428e-05 0.050684042 0.028215636 0.0021543002 0.069334626 0.0021930828 0.00513591 0.02938988 0.06909022 0.0032835924 0.00015003604 0.008196148 5.3229282e-06 0.0005116112 3.7088637e-05 1.2196674e-05 3.197417e-05 0.00010303902 1.1424381e-05 8.280492e-05 0.0004438387 0.0045634513 0.00016456845 0.018798638 0.0020592825 0.001033583 0.0009407654 1.0068981e-05 0.0004837358 0.00031009663 2.9932864e-05 8.406681e-05 0.0001043501 0.0022930668 0.015528124 3.371861e-05
0.99963313 0.22563781 0.18038742 0.4805686 0.8016131 0.056296527 0.12906514 0.072503604 0.10446075 0.06720871 0.23996314 0.071079105 0.9735067 0.62069833 0.10209906 0.081224345 0.102656245 0.01251312 0.6387162 3.1939054e-13 0.050327953 0.015652979 0.032010023 0.04789677 0.015743494 0.06373495 0.033288192 0.03034101 0.12672861 0.015877552 0.008683668 0.009291124 0.048991486 0.008077398 0.026953878 0.009944175 0.007455479 0.03768276 0.01263509 0.4313113 0.05105144 0.016681079 0.0049725096 0.004574672 0.0144236805 0.0033193117 0.00058957 0.0019679281 0.028698629 0.020236019 0.00075843406 0.0012830619 0.00300905 0.0056612347 0.017877901 0.0030881478 0.0053630453 0.002828658 0.00440134 0.00040593283 0.00011396737 0.001547815 0.009371139 0.006844727 8.112662e-05 5.48522e-05 0.0048372983 0.0040053152 0.0024488438 0.0059272368 0.0040888223 0.0017503451 0.00420288 0.036439326 0.0013265768 0.00047724388 0.00094334345 0.00010999852 0.003916969 0.0002675909 0.0001380716 0.00012483298 0.00018667657 0.00015694053 0.00045497713 0.00023958732 0.00046328822 0.005970449 0.0037802786 0.0004920065 0.0010537861 0.0009478637 0.00016130878 0.00018893344 0.00033466792 0.0002300843 0.00020319223 0.00032350596 0.0039107096 0.0019234765 0.00034133345
0.816282 0.0015484388 0.00092633924 0.055905454 0.0077117784 0.0005456446 0.0005172715 0.0005256426 9.888397e-05 0.00011091603 0.0007018578 0.49821645 0.008192874 0.3997369 0.012266618 0.974871 0.07727609 0.62722415 0.0014624003 0.050327953 3.558692e-13 0.00017397862 0.0013433755 0.158741 0.9850037 0.00026990342 0.40852377 0.024564615 0.887173 0.00032781542 2.9300827e-05 0.0013438395 0.00013774043 0.4747204 3.544731e-05 0.0034792328 0.007949151 0.00014509243 1.8382938e-06 7.953822e-05 4.5021196e-05 0.31841737 0.00012730989 2.5586023e-05 5.2495703e-05 2.5756206e-06 0.01823025 9.980729e-06 1.0340916e-06 1.4187051e-06 0.35908008 4.0908148e-05 0.00062586745 0.06829982 2.3693774e-07 2.4476587e-06 0.023046926 0.00076725794 3.941581e-06 6.1138585e-06 3.1748863e-05 0.014265335 5.7967914e-05 1.4080875e-06 0.01677669 5.4997467e-06 2.2065028e-07 2.6378568e-06 2.608169e-06 5.8737665e-08 4.0482675e-05 3.908446e-06 7.403045e-07 0.000454439 9.046074e-07 1.0811776e-05 1.4745053e-06 0.00039365995 0.0032308078 0.0011676993 3.4668549e-06 8.494762e-08 1.0904637e-06 7.105591e-08 0.0011526883 1.8687802e-08 2.0622882e-07 0.00051404623 2.2185732e-06 2.9232708e-06 0.0016895466 0.00023497971 0.0031168014 5.2707268e-08 1.9834713e-08 0.00020936651 2.7708623e-07 1.6208868e-07 8.676412e-06 8.019427e-08 0.00020668574
0.81983364 0.8428571 0.26284084 0.011231796 0.01873595 0.9736064 0.021669267 0.8747685 0.0011478764 0.0042733876 0.0019818088 0.0018845405 0.037554394 0.0005198872 0.0182307 0.00044327206 0.0001338634 0.00015195685 0.008063294 0.015652979 0.00017397862 3.1166997e-14 0.07624558 1.4757133e-05 0.0002877752 0.00013396033 8.375815e-05 0.00025084338 9.495189e-05 0.26436454 0.95848364 0.01810084 9.575986e-05 7.0892247e-06 3.1836214e-05 0.0008866718 0.00016212431 0.022657242 3.0333773e-05 0.00022507875 3.215877e-06 4.097476e-05 0.29527017 0.7327268 0.012367319 0.40210205 2.110245e-06 0.5195999 4.9131852e-08 1.2055085e-05 8.989156e-06 0.09064541 0.015860299 1.3157423e-05 1.8084248e-07 4.8336595e-05 1.6118121e-05 0.00068820186 0.0098491525 0.009900317 5.3046522e-05 1.4031358e-06 1.2323086e-07 1.1655402e-08 2.2555996e-07 8.684272e-05 2.0935683e-07 6.9362766e-05 0.30656964 4.883094e-06 0.2886746 0.00090872333 1.4132516e-05 1.5917271e-06 2.8855198e-05 2.2714203e-05 3.9042276e-05 8.126165e-07 3.729659e-07 5.1567116e-07 1.0807978e-06 0.0031841074 0.0046692314 0.0017696944 7.758358e-08 1.0030572e-06 3.0003698e-06 2.3152239e-07 2.7562837e-08 6.584932e-07 2.7017613e-08 2.7980714e-06 3.458815e-07 0.0017121985 2.3122086e-06 3.7883694e-08 0.0012861552 0.0039414116 8.520336e-06 7.0060455e-06 5.0950284e-06
0.97719574 0.2753179 0.0057100235 0.19923294 0.46535134 0.11419982 0.00030478023 0.01579595 1.6150696e-05 5.440007e-05 0.00077888905 0.045278974 0.07503193 0.0037031153 0.96147835 0.0065584816 0.009051051 0.0010577078 0.008666494 0.032010023 0.0013433755 0.07624558 1.0139635e-14 0.0009832475 0.0010866155 1.2146737e-05 0.00035823137 0.04332564 0.0007116931 0.9281648 0.011222476 0.9103056 5.0574835e-07 0.0003037183 8.650184e-07 0.5638025 0.009541528 2.238659e-05 8.397722e-07 2.8412256e-05 1.12341304e-07 0.00027569363 0.5906813 0.19886185 0.000119331904 0.0011691907 3.8385657e-05 0.008716487 2.2238065e-09 1.17546595e-08 0.00012677329 0.41457486 0.6693547 1.6787231e-05 5.674216e-09 9.0128526e-07 0.00012358175 0.4741095 0.00038934115 0.38613117 0.0275381 7.597038e-06 5.209805e-09 7.0382355e-10 5.257935e-06 0.007021949 1.4069057e-07 1.0708662e-06 0.018249158 1.6210862e-07 0.20345631 4.657855e-06 4.28012e-08 1.2385601e-07 5.291434e-07 0.0011600772 1.1620896e-06 0.00012357139 1.768686e-06 2.1985284e-06 0.00024997935 3.5117878e-06 0.0007319725 0.032008853 1.6546444e-07 2.9956482e-07 8.491069e-08 2.9730643e-07 1.8297172e-09 8.6912685e-08 9.8841205e-08 6.760319e-07 7.605435e-07 2.020007e-06 1.5000155e-06 7.937995e-08 0.0011909691 2.677296e-05 0.0010829852 7.3719957e-07 6.320883e-07
0.9398607 0.00016305622 3.8248007e-05 0.55770606 0.36820263 2.9268711e-05 1.0311024e-05 1.2665504e-05 5.6585407e-07 1.6079455e-06 0.00049797964 0.8790488 0.06227886 0.27748716 0.017268302 0.60335106 0.98226285 0.44179934 0.010742408 0.04789677 0.158741 1.4757133e-05 0.0009832475 1.3736188e-13 0.24343926 2.2892986e-05 0.87523574 0.41841942 0.12975578 0.00061176065 1.04308465e-05 0.006702717 2.1793262e-07 0.06991525 1.2779664e-07 0.11293113 0.7704991 9.448307e-07 1.08060455e-07 0.00026808208 2.1327621e-07 0.022068609 5.7434198e-05 1.9686415e-05 2.455896e-06 5.3570767e-07 0.9285307 5.380704e-06 6.328731e-09 5.720687e-08 0.5872042 0.000102578306 0.0007652921 0.0055685933 2.2183213e-08 1.3849035e-07 0.0054373406 0.006699665 1.0222133e-05 6.306607e-05 0.0008628738 0.0022977965 1.4579365e-07 2.6534477e-09 0.2645812 0.00012827646 7.987496e-07 3.5169242e-07 5.1362476e-06 1.2772135e-07 6.681693e-05 1.7488707e-06 9.065664e-08 9.3558714e-07 8.859423e-07 8.1397084e-05 2.44086e-07 0.081894 0.000105537365 0.00037687682 0.0013121192 1.6787293e-07 1.0185729e-05 9.595161e-06 0.00020022088 4.4738155e-07 3.5198514e-08 1.6657845e-05 1.55029e-08 3.3465387e-06 1.0954764e-06 3.185269e-06 0.004097609 5.781437e-07 3.538568e-06 8.498025e-05 1.6615577e-05 1.7462659e-06 3.563573e-05 8.991539e-06 7.944918e-06
0.7372122 0.002448763 0.00084729673 0.12008554 0.009040702 0.000700218 0.00065264455 0.00029899157 0.00013357647 0.00012734377 0.001495681 0.28133518 0.0057569738 0.07302559 0.0055349567 0.5025401 0.08888246 0.97444797 0.0007399325 0.015743494 0.9850037 0.0002877752 0.0010866155 0.24343926 6.231782e-15 0.00029459232 0.45139644 0.022824079 0.6897128 0.00026206532 7.473471e-05 0.0012265771 0.00015461515 0.7092805 1.4179552e-05 0.0017095701 0.0067652026 2.3339011e-05 2.0633045e-06 4.923963e-05 2.9237379e-05 0.5788193 1.877479e-05 5.3728536e-06 5.9904164e-06 1.3011944e-06 0.028815122 3.3289423e-06 3.0307865e-07 3.289505e-07 0.43018502 1.8274226e-05 9.7724485e-05 0.2776794 1.17757494e-07 9.1325217e-07 0.031528372 0.00015641295 1.4080682e-05 8.527068e-06 1.0510531e-05 0.074170046 4.2298023e-05 1.4522892e-06 0.009687706 1.92844e-06 1.989973e-07 3.8029757e-06 9.487924e-06 2.4796077e-07 3.9222505e-06 7.631589e-06 2.2654172e-05 0.00011032041 2.3228065e-06 6.3726247e-06 3.225299e-05 0.00017367526 0.011970857 0.0017825854 9.582514e-06 1.8750934e-07 1.8911549e-06 2.8108036e-07 0.0029833121 1.0600495e-07 1.1136989e-06 0.00027197 1.3024186e-06 4.7368485e-06 0.0010368498 0.00015604196 0.01264239 3.5781397e-08 2.4152003e-08 0.002764736 2.417769e-07 3.303948e-07 8.6803396e-07 3.3303508e-07 0.00023788179
0.9424927 0.00023433521 0.0032565806 0.0023827413 0.0020447522 6.156169e-05 0.04908674 0.0011715196 0.164294 0.11342845 0.9774322 0.00094671274 0.16463858 0.0016883668 1.6222415e-05 0.00031006322 3.5961253e-05 0.00033795298 0.64805365 0.06373495 0.00026990342 0.00013396033 1.2146737e-05 2.2892986e-05 0.00029459232 3.9438907e-11 0.00028772338 2.698567e-05 5.9578644e-05 1.1796252e-05 0.000306776 1.5557597e-06 0.9342562 1.0326553e-05 0.69999486 3.8586736e-06 1.7182714e-06 0.00834412 0.059661523 0.36126822 0.8943264 3.8310725e-05 1.247478e-05 2.9273315e-05 0.0024891407 0.00018281696 2.7148642e-06 3.751649e-05 0.43155617 0.5888487 5.9846752e-05 1.612181e-05 2.4052201e-06 2.7071841e-05 0.26838535 0.014626988 0.000118998025 7.772729e-07 0.0010275117 4.476003e-06 6.674346e-08 1.8365854e-06 0.04849504 0.0021111902 9.288066e-07 1.2476928e-06 0.046217836 0.024041995 4.5473116e-05 0.021762451 2.1553153e-05 0.0014393263 0.034554914 0.007847028 0.002890709 6.2157045e-07 0.009307057 2.1445214e-06 0.00023303594 4.9874934e-06 2.568223e-06 3.7650443e-06 1.6095933e-06 5.1800926e-06 4.584209e-07 0.0010897189 0.005273475 1.3268424e-05 0.00028974615 0.0012906919 9.300884e-05 0.00083926145 2.1121416e-06 0.00023489997 0.00039758303 1.0492614e-05 6.7030137e-06 4.2315372e-05 1.0080078e-05 0.014284496 2.7878608e-05
0.92597365 0.0010152571 0.0002523786 0.06019567 0.03892012 0.00022103896 0.00026335835 0.00010467024 5.4350334e-05 5.5122426e-05 0.001122452 0.7424395 0.0148874195 0.17997384 0.002351844 0.7610549 0.112568304 0.9793059 0.0023938508 0.033288192 0.40852377 8.375815e-05 0.00035823137 0.87523574 0.45139644 0.00028772338 2.1833596e-11 0.01933398 0.5234049 0.00011922283 2.421073e-05 0.00053787156 3.574441e-05 0.29437703 1.4845821e-05 0.0027357542 0.014405467 5.592907e-06 2.8661036e-06 0.00010267168 1.8815117e-05 0.1294359 1.884216e-05 3.4584243e-06 1.10789215e-05 5.938645e-07 0.19854566 3.119912e-06 7.3274526e-07 1.9350175e-07 0.98168796 9.275441e-06 5.9778755e-05 0.046700634 2.849662e-07 2.1740072e-06 0.022653328 0.00010118193 3.3066375e-05 9.337384e-07 1.7321318e-05 0.019873561 0.00016303943 3.0454864e-06 0.10406993 3.0101976e-06 1.2016161e-05 8.5322616e-05 4.2757412e-05 7.171221e-07 1.2258689e-05 3.837773e-06 2.9320322e-06 1.2719986e-05 6.958143e-06 2.6294504e-06 9.223881e-06 0.0013880909 0.00034198348 0.0004319231 8.524454e-05 7.2524665e-07 2.6317355e-06 5.1915317e-06 0.00093448866 1.15189145e-07 1.404399e-07 1.8737048e-05 1.2876334e-05 0.00014311339 2.6535834e-06 5.6268154e-06 0.018447513 2.3009252e-07 1.01468885e-07 0.00022513498 1.8437646e-06 1.634438e-05 1.1428157e-06 7.269986e-05 0.00016417343
0.81226254 0.0048838654 0.00057615543 0.37594062 0.39918643 0.0010516779 0.00023688163 0.00040927506 3.4375455e-05 8.33613e-05 0.0007019076 0.4479601 0.051727366 0.062767886 0.6311244 0.12964152 0.99113196 0.020308338 0.0065771593 0.03034101 0.024564615 0.00025084338 0.04332564 0.41841942 0.022824079 2.698567e-05 0.01933398 6.644899e-13 0.019269532 0.021380523 6.960649e-05 0.09553505 5.629939e-06 0.010566452 2.321761e-06 0.8538797 0.9869705 3.6999063e-06 3.9270807e-07 4.206306e-05 1.8167299e-06 0.004976839 0.0025932954 0.0002968802 4.9253695e-06 6.2531944e-06 0.22458898 6.438069e-05 5.057085e-08 5.0167426e-07 0.011883535 0.00070934184 0.022328597 0.0008520321 9.139591e-08 2.0788137e-07 0.0006015773 0.22454987 2.1875972e-05 0.0014906961 0.025361612 0.0005032794 7.9904325e-08 4.3399744e-08 0.0007468776 0.002269621 9.677423e-07 1.0413218e-06 3.098508e-05 3.344195e-07 0.0006516712 8.281211e-07 3.5335688e-07 1.0348009e-06 8.5374944e-07 0.0011674225 7.436273e-07 0.04849409 1.8002496e-05 1.3443942e-05 0.009200187 1.9705402e-07 1.3711795e-05 0.00046572264 8.936903e-06 1.4681989e-07 3.685355e-08 9.870496e-07 2.1635402e-07 4.4036387e-06 3.7342716e-07 2.1077249e-06 0.00016283743 6.6670566e-08 1.5721983e-07 7.128315e-08 1.2863485e-05 9.809181e-07 0.0008685797 2.84917e-07 4.3824607e-06
0.99874014 0.000883212 0.0003914357 0.010154678 0.006061386 0.00014207592 0.0002810087 0.00020496293 5.491171e-05 0.00011844211 0.00032528947 0.1170988 0.013916314 0.45169935 0.0030277707 0.6169342 0.05069362 0.66985923 0.0028186839 0.12672861 0.887173 9.495189e-05 0.0007116931 0.12975578 0.6897128 5.9578644e-05 0.5234049 0.019269532 9.221675e-13 0.0002633747 1.006517e-05 0.0005451393 3.4827233e-05 0.9159774 2.2338496e-05 0.0028562318 0.009257488 3.4771543e-05 2.4327578e-06 0.0008226791 5.2037183e-05 0.87302655 0.0001461968 4.0704694e-05 1.0298406e-05 1.0519786e-05 0.014209516 7.904327e-06 6.1815576e-06 7.919183e-06 0.7893333 3.3031924e-05 0.0002355296 0.37403658 1.3120347e-05 3.9714243e-07 0.062028646 0.00047911704 2.922177e-05 2.614456e-05 5.534663e-06 0.038924117 6.014909e-05 1.256736e-05 0.07636598 2.633144e-06 1.0385841e-05 1.4544216e-05 5.7736022e-05 6.4519725e-07 7.393083e-05 2.8420343e-06 3.5391251e-06 0.0031324518 7.5387866e-06 5.8110385e-05 1.4893697e-05 0.0011465121 0.008880119 0.0008122471 6.972544e-06 2.9506086e-07 2.6383448e-06 9.113949e-08 0.0015530647 2.033829e-07 4.6827076e-06 0.005572623 2.890009e-05 2.0107977e-05 0.009845025 0.00023303815 0.003640631 2.09907e-07 6.0151154e-07 0.00058524805 6.6621595e-07 2.3280513e-06 6.010861e-05 7.544135e-05 0.00056775386
0.944515 0.24496338 0.008662263 0.056209806 0.22398932 0.17343155 0.001073484 0.037637122 4.906436e-05 0.00020395695 0.00053088326 0.007088323 0.04065845 0.0012619742 0.7496044 0.0013906674 0.0040933886 0.00018504358 0.006542452 0.015877552 0.00032781542 0.26436454 0.9281648 0.00061176065 0.00026206532 1.1796252e-05 0.00011922283 0.021380523 0.0002633747 6.786013e-15 0.05481059 0.91103196 3.5665018e-06 0.000109168635 3.5358967e-06 0.27793467 0.0032194555 0.0002619079 7.0933843e-06 2.0115285e-05 3.0243592e-07 0.00010615939 0.9625534 0.5891006 0.00045537323 0.013054753 4.755173e-05 0.07476131 3.3909902e-09 4.258858e-08 1.974361e-05 0.6680779 0.7966637 9.7394795e-06 2.3772666e-08 1.8901289e-06 2.0436868e-05 0.48019376 0.0014115451 0.4379771 0.021974823 6.1568644e-06 1.8299172e-08 9.617394e-10 2.7191834e-06 0.010673106 2.3518135e-07 2.9329046e-06 0.078620315 1.0095861e-06 0.43983203 2.3746346e-05 3.7783548e-07 5.672513e-07 1.8970817e-06 0.0013255454 4.0700947e-06 5.0583127e-05 4.242143e-07 2.242688e-06 0.000176061 4.950533e-05 0.002530515 0.04165131 7.092298e-07 1.0486276e-06 2.6604692e-07 1.8696741e-07 2.6774554e-08 2.0221735e-06 2.330816e-07 1.275538e-06 3.3719573e-07 2.1693006e-05 6.273103e-06 1.8234333e-08 0.003120467 0.00023295305 0.0011906784 1.851998e-06 1.3061252e-06
0.7771635 0.55891776 0.20933682 0.0026930652 0.0041458155 0.78253454 0.044999667 0.9235738 0.0044148983 0.010946049 0.0015996092 0.00030213976 0.025453493 0.00014739207 0.0024376581 9.970174e-05 2.7988173e-05 4.2122952e-05 0.005872619 0.008683668 2.9300827e-05 0.95848364 0.011222476 1.04308465e-05 7.473471e-05 0.000306776 2.421073e-05 6.960649e-05 1.006517e-05 0.05481059 1.9632824e-15 0.0041604857 0.000392766 4.83182e-07 0.00016151751 0.00013006013 4.0314353e-05 0.18362585 0.00029244172 0.00014011783 4.1401257e-05 2.1085532e-06 0.14683183 0.8360415 0.24679835 0.91888183 1.908272e-06 0.8917567 3.469264e-07 5.6327186e-05 1.177168e-06 0.03748737 0.0024120752 3.8230555e-06 2.3667499e-06 9.311907e-05 1.8449398e-06 7.851207e-05 0.0685705 0.0023196023 3.0411068e-06 1.4785214e-06 6.984926e-07 2.4516777e-07 3.0869666e-07 3.3848453e-05 1.0941941e-06 0.0001734154 0.37633654 1.16541305e-05 0.25369707 0.004538467 0.00022017366 1.5782607e-06 0.00023529948 7.693439e-06 0.00021856966 2.2959318e-07 7.40613e-07 1.9038022e-06 1.0336578e-06 0.009221071 0.0053723003 0.0011003058 8.9104486e-07 3.350797e-05 2.2951933e-06 9.878579e-08 6.3630023e-07 4.5291363e-06 1.2230346e-07 7.610722e-06 6.3585924e-07 0.0055450876 3.6785797e-05 1.6643607e-08 0.0009912796 0.008569615 8.3056375e-06 2.4488274e-05 7.884143e-06
