9.359577e-16 0.966373 0.9484147 0.7155888 0.88952523 0.68649304 0.90942186 0.20117389 0.9659951 0.21159376 0.9508553 0.017263018 0.44570175 0.08351985 0.017095938 0.97157115 0.79426295 0.014728921 0.9705066 0.0009761984 0.7931387 8.5042106e-05 0.97243154 0.87361324 0.9077047 0.08653742 0.94783455 0.9888516 0.00015712848 0.8988079 0.00043853038 0.16487597 0.95294976 0.9328027 0.96416694 0.6810114 0.69462496 0.94090986 0.9858211 0.3759408 0.98317987 0.98228055 0.9546088 0.09677584 0.6970505 0.9669014 0.931887 0.90506214 0.07484136 0.12477084 0.98042524 0.21986686 0.7524163 0.7811266 0.62827206 0.78119266 0.96189404 0.32887006 0.99499685 0.27318996 0.89845806 0.59006864 0.7660124 0.96795076 0.0021533184 0.95865184 0.008125554 0.007859055 0.09968478 0.22765802 0.6835117 0.9688001 0.9120535 0.9599077 0.8455305 0.97291315 0.9081508 0.9046791 0.76215833 0.68930155 0.98304486 0.7586789 0.59139204 0.82905483 0.97799885 0.70132595 0.81907266 0.0030531276 0.9928093 0.9301312 0.99999446 0.01067778 0.9892173 0.9998506 0.8564127 0.005730459 0.7988969 0.9999826 0.97078586 0.06935473 0.6834933
0.966373 1.1706766e-14 0.8049322 0.79788965 0.96006644 0.7701216 0.8198971 0.9540361 0.21672803 0.75818825 0.8911596 0.6784439 0.0057460363 0.0109789185 0.15968737 0.006941829 0.00024308352 0.057423443 0.4097268 0.119961604 0.07029226 0.0013557555 0.037622973 0.013876985 0.0034173778 0.00013455712 0.012991058 2.9404048e-06 0.0019568119 9.988308e-06 7.508404e-05 2.3763941e-06 0.25102893 0.0017965562 1.4987121e-07 0.001961016 8.316199e-07 4.5897777e-05 0.047451798 1.848944e-07 0.7852154 0.52562624 3.952983e-06 2.0433361e-05 0.0014029433 1.5914918e-06 1.2556607e-06 0.0003030103 1.2746277e-07 1.4397443e-06 0.0009185384 8.468409e-08 0.009429 1.8385366e-07 4.9626404e-08 0.0024518876 0.013546493 0.00070718705 0.013975638 8.9770293e-07 5.2255173e-06 3.893639e-08 9.2020426e-05 0.005243954 1.42859935e-05 1.2914625e-06 1.4090381e-05 7.7537385e-07 5.028106e-08 2.6803987e-06 4.8979114e-06 0.0009349959 1.5131831e-05 6.355307e-05 2.8148527e-06 1.2477792e-05 5.1218933e-07 2.2769052e-07 3.1409994e-07 8.9875147e-07 0.002015245 8.6207876e-08 1.51176e-06 0.000614544 5.246702e-09 9.619073e-08 3.501025e-07 1.0665169e-07 2.0252452e-05 9.192657e-05 0.062078416 2.2477047e-06 3.8216117e-06 0.0013257079 2.2334152e-07 1.05335e-07 1.8175919e-09 0.0016933358 0.00035905224 1.2949589e-06 3.9516846e-07
0.9484147 0.8049322 1.0079046e-15 0.9943718 0.043851733 0.035751924 0.012837321 0.672414 0.9474149 0.0047264635 0.091213815 0.047114044 0.21047571 0.8463022 0.21339656 0.2454906 0.0042891884 7.106456e-05 0.014285676 0.00024866662 0.0010531732 1.0563337e-05 0.25453028 0.08614751 0.030578673 0.0010149594 0.00033983737 0.00022897495 0.0003755418 0.000118563265 0.0013689029 7.969258e-05 0.029917516 2.886409e-05 4.5944373e-07 0.00018260315 1.7319971e-06 0.0010833758 0.21081845 1.4492717e-06 0.7234905 0.47483137 0.00019822198 5.0401544e-05 8.9213245e-05 8.51619e-05 2.520256e-05 0.0021081523 2.2317205e-07 4.021969e-07 0.000120264864 1.6629583e-08 0.0022702857 4.02784e-06 1.6933144e-07 0.00054711226 0.0066749556 4.0522494e-07 0.075703405 3.0362514e-07 2.0904477e-07 4.838425e-08 4.7081685e-06 0.0005118642 1.8674376e-07 1.5126224e-08 6.2001345e-07 5.583059e-06 3.4743547e-08 5.5410716e-09 8.213721e-08 2.464872e-05 6.152072e-07 1.7059909e-06 1.2761924e-08 8.2402994e-07 2.3469514e-07 7.4392275e-08 1.5392028e-06 4.5134385e-07 0.0005060525 1.295876e-07 8.4268754e-07 0.0015546578 2.4672651e-08 2.7801292e-07 1.5335539e-07 1.3502083e-07 3.4630382e-06 3.3455668e-05 0.10794462 6.8464294e-07 2.119458e-06 0.0026664042 3.205364e-07 1.5369916e-07 2.5037619e-09 0.0009232775 0.0011707429 1.7958776e-06 3.0271843e-07
0.7155888 0.79788965 0.9943718 3.0947436e-12 0.114435256 0.15465009 0.056222405 0.98812884 0.08103412 0.02117066 0.033923388 0.33950254 0.0051833666 0.83183414 0.33848765 0.0033391428 0.000245041 0.00035005863 0.0011178441 0.0020926574 0.0023712134 1.1342257e-05 0.006082762 0.0006345959 0.00054717273 3.027089e-05 0.00016931267 5.1274503e-05 0.011966041 3.054272e-05 0.00019680474 2.4040646e-06 0.0012959726 2.3028902e-05 1.098773e-06 3.5918205e-05 2.8509005e-06 7.913434e-05 0.0040365173 6.4357795e-07 0.116087735 0.018998114 1.5604975e-05 3.0505123e-06 1.8612345e-05 7.395946e-05 4.3004293e-05 2.9602736e-05 1.830907e-06 9.776223e-07 8.980694e-05 9.998916e-08 0.00016145005 7.460763e-06 8.1586313e-07 6.463761e-05 0.00032221645 2.4233796e-06 0.0011831686 1.9996153e-06 6.697288e-08 1.618318e-07 4.561765e-06 8.238045e-05 1.6183498e-06 3.4549976e-07 3.633948e-07 7.984872e-06 4.141243e-07 1.4388665e-07 4.902128e-07 2.8357277e-05 2.542147e-06 3.1099992e-06 2.9626005e-07 7.2546627e-06 2.6445704e-07 4.7119124e-07 1.5927765e-06 8.523164e-08 0.00012992576 5.6703463e-08 2.4300021e-05 0.00016149489 1.7708345e-08 1.3032982e-06 6.07371e-07 5.723959e-07 2.9216419e-05 0.00034799156 0.009701889 1.3594427e-05 6.301289e-06 0.0006850561 9.583967e-08 1.5070156e-06 2.6154734e-07 0.00046275105 0.00013548773 8.473932e-07 2.3682153e-06
0.88952523 0.96006644 0.043851733 0.114435256 6.2155137e-13 0.8918268 0.9720147 0.16767512 0.014284687 0.3609244 0.9786917 0.07913092 0.000832629 0.00080963544 0.0011229301 0.00054847234 3.79293e-05 0.06907733 0.77127737 0.029785896 0.624898 0.0009652238 0.0052656783 0.00079165446 0.00036478267 9.335396e-06 0.15465395 1.09221475e-07 0.0001431404 2.5347076e-06 5.7011835e-06 1.5894359e-07 0.29777762 0.011572831 4.095735e-08 0.0054442915 1.1488098e-07 2.509051e-06 0.009355181 1.5946314e-07 0.4699692 0.31085247 5.166365e-07 9.501955e-07 0.0047428044 2.216933e-07 2.298434e-07 1.541782e-05 1.8106414e-08 2.875287e-07 0.0032062284 1.1040186e-08 0.02115913 1.648291e-07 4.2409837e-08 0.005869179 0.036026865 0.0154343955 0.0016281443 1.5389836e-07 3.899427e-05 1.3593689e-07 0.0005668447 0.006137735 0.00020391848 4.976577e-05 0.00022077774 2.5744343e-06 1.4506689e-07 0.00019520076 0.00012209493 0.004438448 9.058999e-05 0.0003234603 4.3840133e-05 0.00011944167 6.0433163e-06 8.840017e-06 1.0892345e-05 6.155731e-06 0.0041138195 2.1619162e-06 3.767324e-05 0.00014912791 2.6986593e-09 3.5279104e-06 7.28106e-07 2.7132683e-07 0.00025801247 0.0017199584 0.03687221 9.1048496e-05 0.00024081925 6.325787e-05 6.5280665e-06 2.0220259e-07 1.3959565e-08 0.0048103216 0.00018428596 5.182615e-05 2.8746652e-05
0.68649304 0.7701216 0.035751924 0.15465009 0.8918268 7.4441436e-14 0.9966085 0.5447779 0.001634269 0.9901596 0.5796868 0.33120242 7.235693e-05 0.0010126143 0.0019695093 0.00038110738 1.4958578e-05 0.14022599 0.017778259 0.17822346 0.18999423 0.003197463 0.0012259496 0.00022156448 3.7336595e-05 3.367685e-06 0.0055968245 3.705646e-07 0.0016564263 1.0728861e-06 1.0200265e-06 9.131437e-08 0.011510883 0.0012062301 9.5233595e-08 0.00037317871 1.0446903e-07 3.4336298e-07 0.00092023285 2.5147711e-08 0.15734075 0.03070023 1.652071e-07 5.8994704e-07 0.0002269304 6.1742134e-07 7.997664e-07 1.2669593e-06 2.3207535e-08 3.1725074e-07 0.0009445113 1.2628842e-08 0.00040346375 1.0420614e-07 3.9240803e-08 8.728328e-05 0.0010600085 0.0007200387 0.00012833274 2.9304206e-07 4.0180166e-07 7.391926e-09 7.088157e-06 0.000402125 1.8841658e-05 1.2007886e-06 3.5874743e-06 3.822995e-07 5.688556e-08 2.000281e-06 1.7726983e-06 0.00014748191 5.9128224e-06 3.2493383e-06 5.2253026e-06 1.0445181e-05 1.3435453e-06 5.541564e-07 1.0238908e-06 4.1890877e-07 5.3287826e-05 7.558627e-08 2.8222987e-06 6.857156e-06 1.1588794e-07 3.4527935e-07 1.8869383e-07 1.6961389e-08 5.1281377e-06 4.3865813e-05 0.005799512 1.9656686e-06 4.5021775e-06 0.00017618679 5.124923e-07 3.0755388e-07 9.5316235e-09 0.00035748584 1.49279385e-05 7.971967e-08 3.800769e-07
0.90942186 0.8198971 0.012837321 0.056222405 0.9720147 0.9966085 8.1884023e-14 0.24368489 0.0022030012 0.7890776 0.76007754 0.12187661 0.00022191826 0.00041086788 0.00052949984 0.0003259301 2.7070319e-05 0.30932176 0.076585434 0.083904445 0.49783775 0.0020230813 0.0016101591 0.00023583484 3.4924153e-05 3.0643535e-06 0.03651538 1.3985155e-07 0.000557177 2.7659241e-06 6.2453125e-07 4.51127e-07 0.038823985 0.0075873584 6.348452e-08 0.0015861532 7.1813865e-08 2.8883306e-07 0.001547786 3.4773315e-08 0.30009168 0.06542953 1.1906925e-07 5.2374384e-07 0.00087962986 9.093893e-08 2.7676668e-07 2.264445e-07 6.964263e-08 2.829037e-07 0.0027834454 8.150481e-09 0.004287892 4.723847e-08 2.0978502e-08 0.00048310673 0.0071130157 0.009217335 9.076388e-05 2.799159e-07 4.229191e-06 1.2191295e-08 0.00013825712 0.0011186962 0.00020299159 5.643884e-06 3.9874743e-05 2.0386653e-06 9.050824e-08 1.6252241e-05 8.2118466e-05 0.001003163 2.2891632e-05 2.899962e-05 1.33483945e-05 6.2603875e-05 2.6285525e-06 2.640998e-06 1.0528399e-05 1.1159373e-05 0.00083850505 1.6477989e-07 5.8523045e-05 1.9789964e-05 1.2000998e-09 2.6474586e-06 5.6533514e-07 7.671978e-08 9.814543e-05 0.0029206558 0.02478579 4.620648e-05 0.00055213046 1.41917135e-05 7.5167935e-07 1.1405732e-07 4.3473154e-08 0.002732418 0.00010348415 6.5658714e-06 5.1940693e-05
0.20117389 0.9540361 0.672414 0.98812884 0.16767512 0.5447779 0.24368489 3.041048e-14 0.028214399 0.4469111 0.035517495 0.96581876 0.0038102125 0.7677919 0.9826149 0.0010065179 0.00013657093 0.0060500694 0.00079848076 0.100674726 0.0066400673 0.0028951205 0.0014195917 0.00043040974 0.00027192693 8.10086e-06 0.0006450705 3.7030409e-06 0.27164438 1.5084298e-05 2.7543909e-05 2.7414303e-06 0.0021825107 4.4449647e-05 1.0138588e-07 2.3090986e-05 3.5638448e-07 5.6785775e-06 0.0006583055 2.4947195e-07 0.035324775 0.0054705148 1.0008213e-06 6.7253927e-06 2.7234855e-05 1.2790162e-05 1.4158276e-06 1.2216528e-06 1.7272417e-06 9.635728e-06 8.474199e-05 3.1945945e-07 5.7413774e-05 1.0380637e-06 1.6672084e-07 1.0160929e-05 0.00028604377 1.086705e-05 0.0002485215 1.4320498e-06 1.6068655e-07 5.2853846e-08 4.5205575e-06 1.825134e-05 3.424103e-06 4.233926e-07 1.2479688e-06 4.050459e-06 3.7904348e-07 4.1805748e-07 8.5034316e-07 1.828466e-06 1.1848554e-07 4.3916234e-06 1.2167914e-06 9.458035e-07 5.4345537e-06 2.6695224e-07 2.4864178e-07 7.0601754e-07 5.6684305e-05 2.1246041e-08 1.4777002e-05 3.8043759e-06 1.689842e-08 6.716976e-08 1.1831775e-07 3.9661728e-08 1.7826092e-06 5.275145e-05 0.0019829648 3.1270908e-06 3.6912572e-06 6.966466e-05 8.876777e-09 3.4782733e-08 1.7133254e-09 0.00039672575 0.00012570195 6.554785e-08 1.9320737e-08
0.9659951 0.21672803 0.9474149 0.08103412 0.014284687 0.001634269 0.0022030012 0.028214399 2.5691251e-11 0.00030427083 0.006717633 0.00022833058 0.97248906 0.28935477 0.009285866 0.9378461 0.74081796 2.0946707e-05 0.0040966147 2.9540959e-06 0.0006129137 9.1190225e-07 0.92915076 0.4291417 0.17349887 0.11817421 0.00019684303 0.021928363 1.2943304e-06 0.047527283 0.06715871 0.0582331 0.00663819 6.4558684e-05 0.0007043209 8.186652e-05 0.00045755028 0.0073356093 0.63407135 0.00026443653 0.29574415 0.1241914 0.0124981105 0.0077770865 0.00012311521 0.0013117263 0.00059804984 0.012240237 0.00027180303 7.4407784e-05 0.00021801071 3.0147472e-05 0.001502933 0.000214118 3.5143796e-05 0.0007042356 0.00843125 2.682974e-06 0.39551663 3.0844065e-05 6.1491774e-06 4.3953252e-05 4.5056375e-05 0.002737931 3.9958374e-07 8.9055555e-07 4.7378107e-06 6.505876e-05 3.9872117e-07 9.951555e-07 6.8823592e-06 0.00037900283 0.00010300159 0.0002467649 2.4454353e-06 4.647217e-05 1.3428874e-05 9.992767e-06 2.3242545e-05 7.515737e-06 0.0034627216 5.792063e-08 9.837943e-07 0.0055231745 2.2913036e-07 4.760227e-07 7.997851e-06 7.692419e-08 0.00024257821 0.0006891164 0.12116629 5.588895e-07 0.000114668044 0.007217971 3.6695974e-06 1.1722789e-06 4.374879e-09 0.004839778 0.004900142 1.8921139e-05 2.5087913e-05
0.21159376 0.75818825 0.0047264635 0.02117066 0.3609244 0.9901596 0.7890776 0.4469111 0.00030427083 3.787362e-13 0.24167746 0.85110766 1.3771606e-05 7.627634e-05 0.014019343 4.59421e-05 9.863199e-06 0.99747515 0.009540951 0.7123015 0.062240053 0.11066759 2.9243041e-05 1.9646672e-05 3.143316e-05 1.1591879e-07 0.0018795661 3.9921333e-06 0.02901272 8.3433673e-07 1.2458331e-08 1.9876363e-07 0.0022257057 0.0003105743 2.4699196e-07 7.2682815e-05 3.1938725e-07 1.4650706e-06 1.0594341e-05 1.2050957e-07 0.005945072 0.0025584095 1.7268316e-06 5.808423e-07 8.8230154e-05 1.1664815e-05 4.0847312e-06 1.3171446e-07 3.6937416e-07 1.1026129e-06 0.00018636491 2.4306854e-07 2.7881615e-05 9.0865734e-07 8.4570466e-08 3.4449527e-05 0.00013469243 6.50618e-05 1.9152822e-06 2.2010425e-07 1.1476245e-06 1.1109386e-08 1.1198041e-05 2.0122212e-05 1.7160188e-05 8.1919853e-07 1.5193177e-06 9.765097e-07 2.3336005e-07 2.352087e-05 7.4577923e-07 1.151484e-05 1.212285e-05 3.7322693e-06 5.7936218e-06 3.9382423e-05 6.9384423e-06 1.9581603e-06 4.283024e-06 1.107016e-06 0.00013612532 2.8928932e-07 8.511143e-06 4.4550526e-07 1.9237588e-07 3.9653432e-07 2.4721148e-06 2.0822077e-08 1.1077505e-05 6.967595e-05 0.0013968248 2.715664e-06 4.860231e-06 2.8812634e-05 1.4989544e-06 9.529574e-08 6.9187976e-08 0.00014435459 9.374159e-06 2.7699932e-07 1.8408544e-07
0.9508553 0.8911596 0.091213815 0.033923388 0.9786917 0.5796868 0.76007754 0.035517495 0.006717633 0.24167746 2.307217e-12 0.0062493323 0.00062534993 0.00024922835 0.00063875876 0.0002529359 0.000121859266 0.023226101 0.98820525 0.004396055 0.68011343 0.00019866595 0.006693276 0.001116768 0.00017763012 3.7451e-05 0.3658577 1.4030703e-06 4.783368e-05 1.9554182e-05 1.5648544e-06 1.18764405e-07 0.7078375 0.06619762 3.4022503e-07 0.008090673 3.494347e-07 4.2325396e-06 0.021958476 2.9817474e-07 0.59635127 0.36082426 5.1289715e-07 2.1716116e-06 0.005354008 3.2285516e-07 8.768474e-07 5.855677e-05 1.1562558e-08 4.874707e-07 0.0055916226 2.8925689e-08 0.04708766 6.730891e-08 8.064415e-08 0.012711093 0.058364175 0.012263834 0.005553449 2.2816319e-06 5.0019567e-05 9.8843664e-08 0.00027123073 0.019087726 1.9569647e-05 5.195824e-05 0.00024400282 9.78766e-07 2.7122322e-08 0.00010890357 0.00013478163 0.006731566 0.00013533392 0.0008036106 0.00016264574 0.00029808536 3.8699354e-06 7.759557e-06 1.1689338e-05 6.8292893e-06 0.004349667 7.433047e-07 2.64966e-05 0.00043892913 3.3142975e-08 1.9805889e-06 2.794365e-06 4.5378215e-08 0.00048271575 0.0013499175 0.07123851 1.2842498e-05 0.00016954468 0.001067244 1.4866009e-07 7.570065e-07 2.4081535e-08 0.004206902 0.00029923205 1.5054972e-06 5.421617e-06
0.017263018 0.6784439 0.047114044 0.33950254 0.07913092 0.33120242 0.12187661 0.96581876 0.00022833058 0.85110766 0.0062493323 2.2410606e-12 1.18633325e-05 0.0022072112 0.86075723 5.7438196e-05 7.749773e-06 0.08370065 0.00028052003 0.98629713 0.0009843129 0.07645275 0.0005033567 0.0001462565 0.00010209765 9.8529e-07 0.0004945975 3.999252e-06 0.96577793 6.4234273e-06 3.341441e-07 5.5952437e-06 0.0005235646 0.00019562156 2.2752608e-06 4.0089988e-05 3.5984597e-06 1.9809913e-06 8.538285e-05 3.4028003e-06 0.00078255637 0.000579983 1.4864252e-05 1.9672581e-05 4.2911455e-05 3.1705943e-06 3.3277079e-06 9.948822e-07 3.6132365e-06 1.4692438e-05 0.00028731974 3.5117878e-06 0.00011619622 6.774036e-06 3.0121132e-06 5.9942486e-05 0.0006249639 0.0003514091 2.0444137e-05 2.5767544e-05 1.0396043e-06 3.5221564e-07 4.4877506e-05 2.794561e-05 1.6338287e-05 4.2855936e-06 2.0714174e-06 6.3947796e-06 1.4101074e-06 0.000103130056 3.7216028e-06 5.1839248e-05 2.1902859e-05 9.045691e-06 0.00014266776 1.4538976e-05 0.00012434214 1.5464382e-05 1.8849638e-05 0.00011566211 0.00014147168 3.6096615e-06 2.4673229e-05 4.3980567e-06 9.313195e-07 4.278166e-06 7.42461e-05 9.55086e-07 2.148927e-06 6.574403e-05 0.008875796 5.857137e-06 1.6698023e-05 9.61967e-06 1.2736052e-06 2.1661045e-07 1.3334343e-06 0.0013352387 0.00016543739 2.8253876e-06 7.3210026e-06
0.44570175 0.0057460363 0.21047571 0.0051833666 0.000832629 7.235693e-05 0.00022191826 0.0038102125 0.97248906 1.3771606e-05 0.00062534993 1.18633325e-05 1.08953086e-14 0.9267546 0.0018640502 0.7362291 0.9973434 4.0721798e-06 0.00012283714 3.013192e-07 0.00011646026 2.3035964e-06 0.19687079 0.07634544 0.085489064 0.90608925 5.029399e-05 0.0091890255 1.3843067e-05 0.06070131 0.054668274 0.37918073 0.00025487255 6.7750443e-06 5.6387278e-05 7.918564e-06 8.817144e-05 0.00369855 0.048788976 2.6549313e-05 0.014118503 0.0060950266 0.0012979121 0.008907524 4.0207764e-05 0.00018889146 0.00011084973 0.0024279163 0.00015966121 1.1503941e-05 9.024425e-06 1.1877252e-06 0.00013429341 7.84589e-06 3.704639e-07 4.0611943e-05 0.00028670195 5.862994e-06 0.028129984 4.5510816e-07 3.6928998e-07 5.1215227e-07 1.7222785e-05 0.00013007775 2.9476962e-06 4.0811312e-07 3.143968e-06 4.705693e-05 8.9280775e-08 2.8792865e-06 5.3830904e-06 6.922121e-05 0.00011691517 3.3167944e-05 1.7807383e-06 0.00012632193 7.5294897e-06 2.3359586e-07 3.5654612e-06 5.1209727e-06 0.0005860439 2.248348e-08 1.0692524e-05 0.00044364823 8.08655e-08 8.4701503e-07 1.4626386e-06 1.8684451e-08 6.594824e-05 9.580032e-05 0.006066559 1.2987614e-05 1.9370913e-05 0.0002330517 1.1637342e-06 4.870508e-08 3.4652878e-08 0.00047393137 0.00027574252 1.2415255e-06 3.9134775e-06
0.08351985 0.0109789185 0.8463022 0.83183414 0.00080963544 0.0010126143 0.00041086788 0.7677919 0.28935477 7.627634e-05 0.00024922835 0.0022072112 0.9267546 1.1577032e-16 0.9446176 0.04333519 0.10746208 3.8141804e-06 2.1385038e-05 1.1268822e-05 0.0001023886 1.2481476e-06 0.006828733 0.00045006993 0.000116769756 0.38223425 0.00011783428 7.6349475e-05 0.0012226045 0.0052203103 0.9900764 0.005891633 5.376003e-05 0.00065567746 3.5531534e-06 0.000106052525 1.1447076e-05 1.0832645e-05 0.0005676242 4.36818e-05 0.0005428874 0.00021589966 1.2461677e-05 0.00036122958 7.9166726e-05 2.6233225e-05 8.094656e-05 9.517595e-06 2.6304348e-05 1.1937316e-05 0.003793053 8.6283836e-07 1.6194885e-05 8.921593e-06 2.4409835e-07 2.4833043e-05 1.798801e-05 5.340305e-05 0.0001604424 9.092958e-06 0.000111701665 1.8023616e-06 0.0028046293 1.0470663e-05 7.6305287e-07 7.3445306e-05 1.110095e-05 9.9051875e-05 2.0219843e-06 2.0872927e-05 0.0008850666 2.0100957e-05 0.0003580102 7.224825e-07 0.0042194566 1.4468681e-05 0.0014929483 1.8369858e-05 0.0009837236 8.923622e-05 1.1004893e-05 2.7585402e-06 0.003598251 8.336046e-06 1.3000115e-07 1.929475e-05 1.7381833e-05 1.676977e-07 7.973861e-06 1.7741131e-05 0.0076500247 0.0020232047 3.311004e-07 0.00020569566 1.57689e-06 1.8574017e-08 4.914814e-09 0.0002460458 3.765409e-05 2.3893685e-07 7.205122e-08
0.017095938 0.15968737 0.21339656 0.33848765 0.0011229301 0.0019695093 0.00052949984 0.9826149 0.009285866 0.014019343 0.00063875876 0.86075723 0.0018640502 0.9446176 8.015981e-13 0.00073672313 5.6509318e-05 1.9094324e-07 1.4033374e-05 3.246654e-05 3.827833e-05 7.779621e-08 0.0001476708 2.6653532e-05 1.833606e-05 1.9579336e-05 7.851657e-05 9.789823e-06 0.9968792 1.9443687e-05 8.070898e-05 3.3949884e-06 5.7828656e-05 0.00017071921 1.8708826e-06 5.000739e-06 2.4807798e-06 6.2673837e-07 0.00012028276 4.7440028e-07 0.0001965862 0.00012369189 2.6192863e-06 5.3186304e-06 1.0622192e-05 8.767635e-06 2.0530897e-06 4.1614535e-07 3.4157645e-07 1.1270848e-06 6.2024825e-05 2.3468888e-07 1.7541532e-05 1.4992603e-06 1.9582892e-08 8.704304e-05 1.720061e-05 8.401302e-07 4.1895437e-05 9.01036e-07 2.6221243e-05 6.735938e-08 2.1713373e-05 2.8188877e-06 6.949879e-08 2.1776932e-05 1.4827017e-07 3.232116e-07 1.6785741e-07 8.402653e-06 1.7947049e-06 7.167279e-06 8.451331e-06 1.9522215e-06 2.5252195e-05 3.995893e-06 2.5463727e-05 6.178407e-05 3.9427818e-05 1.3367331e-06 4.797061e-06 2.653433e-05 5.861705e-05 6.5038316e-06 7.175951e-08 7.106235e-06 1.9202358e-05 1.9628935e-07 3.3983747e-07 3.5322298e-06 0.015363397 3.0639737e-06 1.5795322e-07 0.00012309983 3.2941293e-07 6.9684354e-08 3.3236748e-07 0.0003690008 3.038905e-05 5.467624e-07 2.7096984e-08
0.97157115 0.006941829 0.2454906 0.0033391428 0.00054847234 0.00038110738 0.0003259301 0.0010065179 0.9378461 4.59421e-05 0.0002529359 5.7438196e-05 0.7362291 0.04333519 0.00073672313 4.2481121e-10 0.9433719 6.295244e-07 0.00022125282 1.9416661e-06 8.865035e-05 5.65429e-07 0.9703159 0.88594764 0.7455233 0.17667367 6.833657e-05 0.2184497 6.016613e-07 0.60795283 0.004385484 0.30593178 0.00086909503 2.5215113e-05 0.017578386 1.8278131e-05 0.01744005 0.011177066 0.71480566 0.00784417 0.036598265 0.015268252 0.0323163 0.0937285 5.9891627e-05 0.0020183686 0.0065730964 0.00946604 0.017062662 0.0032477058 3.5981906e-05 0.0022580328 0.00017009582 0.0012720795 0.002087871 6.0102193e-05 0.0009910674 1.3045524e-05 0.61374336 0.0002741462 2.1167796e-06 0.000122026846 2.296335e-05 0.00032104627 6.2645895e-06 5.517075e-07 1.0143627e-05 0.00031397076 7.018303e-06 1.430796e-05 1.3483143e-05 7.979502e-05 1.9778361e-05 3.9308055e-05 4.959159e-06 1.0687437e-05 2.1185608e-06 2.9974126e-06 1.697334e-05 3.7707543e-06 0.0026129843 2.5165812e-07 1.263244e-05 0.0058251317 3.7389952e-06 2.3356433e-06 5.645515e-06 3.5235743e-07 0.00020464415 0.00084590964 0.049732614 1.950584e-06 3.1924963e-05 0.0198927 5.6149395e-07 4.7444277e-07 1.6292018e-08 0.003845915 0.006402182 1.4758729e-06 8.453104e-06
0.79426295 0.00024308352 0.0042891884 0.000245041 3.79293e-05 1.4958578e-05 2.7070319e-05 0.00013657093 0.74081796 9.863199e-06 0.000121859266 7.749773e-06 0.9973434 0.10746208 5.6509318e-05 0.9433719 4.8662314e-14 3.4214634e-07 1.4410871e-05 1.9210583e-07 1.1185361e-05 2.4868298e-06 0.3868416 0.37484896 0.45263565 0.87459296 1.3917554e-05 0.5490643 2.937872e-07 0.9245429 0.22084561 0.7002914 0.00035066006 2.031525e-06 0.035921805 6.7109067e-06 0.04174894 0.11963395 0.139262 0.015487762 0.0128209805 0.0044193235 0.07518466 0.16772541 1.5788199e-05 0.054765657 0.044858973 0.059729457 0.015646547 0.004371829 2.5536485e-05 0.0041750115 0.00025746014 0.007671646 0.000763037 0.00019171425 0.00039641827 5.276684e-07 0.2020654 0.00013135327 3.233491e-07 0.0001255207 2.7756246e-06 0.0003518882 9.131298e-08 3.9950106e-07 9.145774e-06 0.00076925 7.101612e-05 3.4022567e-05 3.27726e-06 6.75007e-05 0.000113818016 5.1769293e-05 7.855158e-06 0.00013627119 5.661199e-06 9.799166e-07 2.7770118e-06 1.2428048e-06 0.0010217523 5.154922e-07 6.733707e-05 0.0047337515 2.0624605e-06 7.272316e-07 8.496638e-07 3.7968473e-06 0.00033863855 0.00045582815 0.011669411 1.4986565e-05 7.153312e-05 0.005895995 4.4008343e-06 2.9431797e-06 1.846058e-07 0.00081054313 0.002051567 1.2829848e-06 1.0511012e-05
0.014728921 0.057423443 7.106456e-05 0.00035005863 0.06907733 0.14022599 0.30932176 0.0060500694 2.0946707e-05 0.99747515 0.023226101 0.08370065 4.0721798e-06 3.8141804e-06 1.9094324e-07 6.295244e-07 3.4214634e-07 1.10112046e-16 0.00073578366 0.28530422 0.36569786 0.99998146 3.27746e-06 1.5593535e-07 4.3104185e-07 8.445617e-08 0.0010458309 2.459197e-07 0.00033419815 2.8931428e-08 9.926076e-09 1.2242016e-07 0.00029492067 0.002678591 2.2911799e-08 0.00012281934 2.2413131e-08 7.030635e-08 1.3879651e-06 1.41632315e-08 0.00011870095 5.3568063e-05 1.1857892e-07 6.327889e-08 0.00013367497 1.8279133e-06 1.2797965e-06 2.059893e-08 2.9030593e-08 1.03638655e-07 0.00019001581 1.0612485e-08 4.2125965e-05 2.9568199e-07 2.1270947e-11 9.361365e-06 9.361924e-05 0.002216615 1.4881016e-07 7.9166265e-09 3.048491e-06 1.3968212e-09 1.6658196e-05 9.597147e-06 0.0013494195 1.1333293e-05 8.465315e-05 2.7969547e-09 1.3057389e-08 1.9235626e-05 3.158533e-07 5.043773e-06 3.2802116e-06 9.4207435e-06 1.0216821e-05 4.200896e-06 2.8410018e-06 2.0789676e-06 1.944898e-06 3.0561276e-07 8.954252e-05 3.471591e-07 4.3345403e-06 5.4197073e-07 4.169613e-09 1.6682787e-07 5.6997624e-07 7.2069156e-10 5.868957e-06 1.7366623e-05 0.0005666274 2.405287e-06 3.9499982e-06 1.2563787e-07 3.823976e-07 2.0776512e-10 2.3670454e-08 0.00023741515 2.5365937e-06 1.067506e-07 1.2708759e-07
0.9705066 0.4097268 0.014285676 0.0011178441 0.77127737 0.017778259 0.076585434 0.00079848076 0.0040966147 0.009540951 0.98820525 0.00028052003 0.00012283714 2.1385038e-05 1.4033374e-05 0.00022125282 1.4410871e-05 0.00073578366 1.2476443e-13 7.5564625e-05 0.56225246 1.1397416e-05 0.012536985 0.002266367 0.00030387208 1.5059452e-06 0.9240273 7.649312e-07 1.371569e-07 1.7781673e-06 2.9294245e-08 6.76484e-09 0.952279 0.0755174 7.130096e-08 0.08073006 5.392385e-08 5.41334e-06 0.02799445 3.8384464e-08 0.6466407 0.53985214 1.332834e-06 1.2087623e-06 0.00926694 2.621414e-07 1.0274003e-06 0.00013536683 1.5584183e-09 1.0792429e-07 0.023097318 6.4390937e-09 0.17177711 1.6844818e-07 1.1500775e-08 0.028934896 0.2423714 0.006489062 0.0044156983 3.7415617e-07 0.00072671653 9.297873e-08 0.00061711465 0.050487034 3.3697186e-06 0.00019567418 7.532632e-05 4.959799e-07 2.1563707e-08 0.00032052313 0.00011625186 0.012228004 0.00053128286 0.0033348913 0.00018487495 0.0008070422 3.355767e-05 1.000214e-05 3.3697634e-06 3.5211397e-05 0.015492852 2.2288576e-07 7.2535076e-06 0.00048578568 2.234377e-08 1.6356262e-07 4.261641e-06 3.4595073e-09 0.00065711373 0.0036936768 0.10486819 3.3863996e-06 0.001209034 0.0017536408 1.0508501e-06 3.9832022e-07 7.942985e-10 0.017896818 0.00015539893 1.5634232e-05 1.8509238e-05
0.0009761984 0.119961604 0.00024866662 0.0020926574 0.029785896 0.17822346 0.083904445 0.100674726 2.9540959e-06 0.7123015 0.004396055 0.98629713 3.013192e-07 1.1268822e-05 3.246654e-05 1.9416661e-06 1.9210583e-07 0.28530422 7.5564625e-05 1.3811612e-17 0.0005249523 0.99999493 9.366402e-06 4.0448867e-07 1.9952368e-07 4.936208e-08 2.7405486e-05 1.0893847e-06 0.76399666 6.968316e-08 2.092255e-09 3.3193587e-08 4.1474563e-05 1.9975274e-05 6.536994e-08 2.9467801e-06 1.2472901e-07 3.473601e-07 1.3341719e-06 1.3458681e-07 2.5474244e-05 2.1712938e-05 3.36896e-06 4.127081e-07 7.99853e-08 1.4338618e-06 5.7546265e-07 1.0543952e-07 3.2405186e-08 1.2994718e-06 5.8070905e-06 7.355335e-08 2.8865588e-06 8.77005e-08 1.1447605e-10 2.7418043e-06 1.8356187e-06 1.97202e-05 2.6518555e-06 7.873112e-08 3.2904364e-07 6.578592e-09 2.8025422e-06 6.793468e-07 1.9949135e-07 1.0642699e-06 5.4779684e-07 9.646095e-09 4.916255e-10 5.545396e-07 6.163609e-08 5.4805164e-06 3.0483602e-06 3.8175372e-07 5.005803e-07 4.106934e-06 4.6293217e-06 5.9003145e-07 1.5125157e-06 5.062492e-07 4.9734954e-06 6.759284e-08 1.7205825e-07 1.6191348e-07 1.0563104e-09 1.3306514e-07 1.07994715e-07 2.74191e-09 8.948501e-08 2.385912e-07 0.00018667764 7.5828e-08 2.573774e-08 7.6668875e-06 1.9682074e-09 1.264648e-09 2.9977139e-09 2.248617e-05 3.9433758e-07 7.8779255e-10 2.1545741e-08
0.7931387 0.07029226 0.0010531732 0.0023712134 0.624898 0.18999423 0.49783775 0.0066400673 0.0006129137 0.062240053 0.68011343 0.0009843129 0.00011646026 0.0001023886 3.827833e-05 8.865035e-05 1.1185361e-05 0.36569786 0.56225246 0.0005249523 3.0490079e-12 0.00075907767 0.0027596194 0.0006430224 2.8866045e-05 1.7252992e-06 0.83489317 6.817186e-06 9.970145e-05 5.0827086e-05 3.3190506e-07 6.6763175e-07 0.09310783 0.9925006 5.374388e-07 0.121269025 2.9101443e-06 8.314613e-07 0.0022163054 2.1907738e-06 0.021090567 0.013413938 3.2945172e-06 4.3939082e-05 0.2617548 1.6852642e-05 4.9203363e-06 6.3456077e-06 1.675496e-06 3.864546e-05 0.061468184 4.866787e-07 0.008204281 3.995386e-06 5.183136e-08 0.0013637989 0.0058707492 0.9916206 0.0005618287 3.0522988e-06 0.00054173387 9.3644593e-07 0.0018787695 0.0019763985 0.13688178 0.0015629969 0.0037234065 2.5586314e-05 1.4507264e-06 0.0028508026 0.0015455935 0.0013752556 0.00031586038 7.61976e-05 0.007239 0.0005654614 0.00015658593 2.142282e-05 5.8576425e-05 7.458967e-05 0.00038937584 8.071987e-06 0.00044225168 1.3684897e-05 3.2971872e-07 4.377246e-05 6.734182e-05 1.7672184e-07 7.585415e-05 0.00068736984 0.014375245 0.00011534884 0.00059071556 6.0892824e-05 2.0749774e-05 8.09002e-08 5.011401e-07 0.00047900833 1.21135245e-05 2.9473504e-06 2.120193e-05
8.5042106e-05 0.0013557555 1.0563337e-05 1.1342257e-05 0.0009652238 0.003197463 0.0020230813 0.0028951205 9.1190225e-07 0.11066759 0.00019866595 0.07645275 2.3035964e-06 1.2481476e-06 7.779621e-08 5.65429e-07 2.4868298e-06 0.99998146 1.1397416e-05 0.99999493 0.00075907767 7.797364e-18 4.312935e-07 1.6795605e-07 1.4178984e-07 8.152522e-08 2.5693118e-05 2.7098136e-07 0.009031313 1.2623184e-06 8.478846e-09 1.5814587e-07 9.016769e-06 3.6603058e-05 1.8468558e-07 7.695626e-06 2.3325391e-07 1.4776833e-07 4.4315814e-07 2.9565703e-08 1.2279521e-06 1.5505102e-06 1.4620962e-06 2.6569882e-07 1.2031372e-06 2.670094e-06 4.5794313e-06 1.4570816e-07 7.383137e-08 6.4144797e-07 1.5187555e-06 2.717106e-07 4.158009e-06 6.683471e-07 1.6412034e-08 1.5736001e-06 3.1981322e-06 8.672958e-05 6.4189595e-07 6.668255e-07 1.9382867e-07 1.3997211e-08 1.6327282e-06 3.998483e-07 4.2077436e-06 1.9064765e-06 1.8331538e-06 3.1826255e-09 1.6499982e-08 9.0630937e-07 1.2121903e-07 1.5950217e-06 1.9577496e-06 1.2500105e-06 2.3299547e-06 1.1204135e-06 1.6132415e-06 1.2600932e-06 9.892235e-07 1.3725466e-07 1.0817243e-05 2.2862519e-06 4.0176124e-06 1.3934425e-06 6.2358914e-09 3.701637e-07 9.382239e-07 5.120518e-10 8.284663e-07 2.5311497e-06 0.00028327183 7.549132e-08 7.6825216e-08 3.0429854e-07 7.959448e-08 4.03305e-09 9.439876e-09 4.4148725e-05 1.2721097e-06 2.3839857e-07 5.609707e-08
0.97243154 0.037622973 0.25453028 0.006082762 0.0052656783 0.0012259496 0.0016101591 0.0014195917 0.92915076 2.9243041e-05 0.006693276 0.0005033567 0.19687079 0.006828733 0.0001476708 0.9703159 0.3868416 3.27746e-06 0.012536985 9.366402e-06 0.0027596194 4.312935e-07 2.2557917e-12 0.93309087 0.6322974 0.009017186 0.0009210489 0.10232836 8.364859e-06 0.100846075 5.506626e-05 0.012919659 0.01770672 0.000346559 0.011371523 0.00015693516 0.00204724 0.0032361257 0.94814205 0.0006934771 0.34095037 0.16383427 0.0025486054 0.0068577877 0.00028405606 0.005549968 0.008582963 0.015398087 0.00068800733 0.00024687647 8.050351e-05 0.0005169209 0.003992448 0.0024994398 0.0011271031 0.0011773128 0.009710961 5.1313e-05 0.6685404 0.00026753754 5.9415517e-05 0.00022293691 0.00020663804 0.0033110664 1.0524167e-06 3.6462166e-05 1.13795695e-05 5.291657e-05 9.570933e-06 1.3303926e-05 4.827873e-05 0.0003518546 1.6176624e-05 0.0004156177 1.7938331e-05 1.6529284e-05 3.0133184e-05 4.000242e-05 2.6240456e-05 8.786862e-06 0.0045682364 4.341817e-06 7.0200836e-06 0.013223196 6.7203273e-06 3.7527166e-06 4.687998e-06 3.085454e-07 0.00040170355 0.0010603867 0.11058838 2.9872165e-06 0.00024865262 0.018359726 6.3226407e-06 1.7444107e-07 2.3397856e-08 0.010208889 0.007725558 9.17988e-06 1.10983165e-05
0.87361324 0.013876985 0.08614751 0.0006345959 0.00079165446 0.00022156448 0.00023583484 0.00043040974 0.4291417 1.9646672e-05 0.001116768 0.0001462565 0.07634544 0.00045006993 2.6653532e-05 0.88594764 0.37484896 1.5593535e-07 0.002266367 4.0448867e-07 0.0006430224 1.6795605e-07 0.93309087 5.5947624e-14 0.99540687 0.0056515974 0.00034982033 0.13534555 2.2528595e-06 0.24402182 0.00011359344 0.027836934 0.0028429143 2.0950105e-05 0.015774418 0.00013505232 0.006474261 0.023182455 0.89177364 0.0030695396 0.07271456 0.027550688 0.012205401 0.01650672 6.2833686e-05 0.005080392 0.011955256 0.1437396 0.0031618846 0.0011439422 4.1536077e-05 0.002107914 0.0007054331 0.00480351 0.006742286 0.00025879339 0.0033310514 3.2632335e-05 0.79005635 0.00071766565 8.988496e-06 0.0017081187 4.725341e-05 0.00095265533 1.9603483e-08 9.735686e-07 6.0294275e-07 8.614826e-05 6.756285e-05 1.043286e-06 2.7369267e-06 5.8244044e-05 7.815011e-06 0.00015103897 4.941792e-07 3.955291e-06 1.1953356e-05 2.0682355e-06 3.1067796e-06 1.3271415e-06 0.003192676 4.3697509e-07 1.0818476e-06 0.008958186 3.670665e-06 1.955946e-07 2.1252173e-07 6.029241e-08 0.00023631212 0.0003866848 0.14001691 6.6298406e-07 4.00415e-05 0.0065864557 1.7173505e-06 1.7978284e-07 4.793295e-09 0.007455518 0.002038165 2.9847222e-06 8.9193753e-07
0.9077047 0.0034173778 0.030578673 0.00054717273 0.00036478267 3.7336595e-05 3.4924153e-05 0.00027192693 0.17349887 3.143316e-05 0.00017763012 0.00010209765 0.085489064 0.000116769756 1.833606e-05 0.7455233 0.45263565 4.3104185e-07 0.00030387208 1.9952368e-07 2.8866045e-05 1.4178984e-07 0.6322974 0.99540687 1.2065336e-12 0.012786992 4.383412e-05 0.49573004 2.131155e-06 0.46851248 0.00026543834 0.0663747 0.0004533261 1.9879531e-05 0.08549773 3.546763e-05 0.03750943 0.7391039 0.83588284 0.009822629 0.009796635 0.0054016067 0.32401374 0.048007652 1.1907517e-05 0.036752727 0.062730156 0.83668154 0.008108513 0.0034775476 2.2693872e-05 0.0062284926 0.00011235605 0.018964276 0.016663678 4.3931792e-05 0.00071362016 2.1443324e-05 0.7664163 0.001433134 1.7888993e-05 0.0062978263 5.0416882e-05 0.00023051459 6.622289e-09 3.3526942e-06 1.6265179e-06 0.00028470074 0.00027178746 5.671018e-06 9.4958943e-07 1.10828205e-05 1.0186379e-05 6.2537525e-05 1.8225328e-06 1.0757333e-06 1.5200968e-05 1.4536659e-05 5.268943e-06 1.4585615e-06 0.0015816669 1.9319946e-06 4.6918626e-06 0.29868752 7.3728443e-06 3.6690707e-07 5.097801e-07 7.382859e-07 9.873858e-05 0.00011969778 0.13416679 5.001776e-07 3.631608e-06 0.015708782 5.079505e-07 3.753126e-07 2.1946988e-08 0.0037099447 0.014320123 8.0387656e-07 2.1678362e-07
0.08653742 0.00013455712 0.0010149594 3.027089e-05 9.335396e-06 3.367685e-06 3.0643535e-06 8.10086e-06 0.11817421 1.1591879e-07 3.7451e-05 9.8529e-07 0.90608925 0.38223425 1.9579336e-05 0.17667367 0.87459296 8.445617e-08 1.5059452e-06 4.936208e-08 1.7252992e-06 8.152522e-08 0.009017186 0.0056515974 0.012786992 1.5764408e-15 8.335609e-06 0.033709966 3.7536415e-07 0.7064272 0.9980964 0.96899444 1.237087e-05 2.7868824e-05 0.0026519354 5.093364e-07 0.007020121 0.0013162702 0.0023523914 0.020224776 0.0003722581 0.0002444141 0.0009656529 0.032981925 1.8279201e-06 0.0014354895 0.0020092183 0.000563493 0.0029963213 0.0018575293 1.3708454e-06 0.00052321417 4.108273e-06 0.00024573697 2.4993036e-05 4.336479e-06 8.966222e-07 9.602667e-08 0.0017148075 2.09188e-05 1.8503422e-06 9.580979e-06 2.2241395e-05 1.2455516e-06 7.169394e-09 5.9899075e-06 3.1936474e-07 0.0011533558 1.5263387e-05 8.670141e-08 9.639636e-06 7.390711e-06 5.267305e-06 5.616789e-06 2.8134814e-06 2.5633487e-06 3.8505386e-06 8.8242103e-07 7.480612e-06 1.6544155e-07 9.176585e-05 2.0167856e-07 5.4582677e-05 7.426197e-05 3.632086e-06 6.396243e-06 8.933018e-08 1.9804945e-06 3.4792873e-05 7.497493e-05 0.0015694683 4.2743466e-07 3.3957688e-06 6.7535795e-05 5.3304564e-08 2.0471295e-07 3.3933603e-08 0.0002303792 2.4868948e-05 4.072426e-09 2.1221458e-08
0.94783455 0.012991058 0.00033983737 0.00016931267 0.15465395 0.0055968245 0.03651538 0.0006450705 0.00019684303 0.0018795661 0.3658577 0.0004945975 5.029399e-05 0.00011783428 7.851657e-05 6.833657e-05 1.3917554e-05 0.0010458309 0.9240273 2.7405486e-05 0.83489317 2.5693118e-05 0.0009210489 0.00034982033 4.383412e-05 8.335609e-06 5.9041544e-14 1.9920027e-07 5.300129e-06 2.6683504e-06 4.2430553e-08 1.0276375e-06 0.8158396 0.9405494 6.261089e-08 0.98972535 9.339748e-08 2.7290412e-07 0.0012749985 1.6662071e-07 0.2980759 0.26090825 5.3500617e-07 4.4532557e-05 0.7825486 1.6490063e-07 1.2901809e-06 8.625213e-06 1.2465914e-06 2.0560367e-06 0.47377092 5.3065364e-08 0.5096285 7.884007e-08 2.8120206e-07 0.16202976 0.3363497 0.19939241 0.00018134686 1.6116054e-06 0.0034436588 2.120302e-07 0.004094855 0.10298647 0.00030489214 0.0054063373 0.0014621924 3.0414521e-06 1.3516036e-07 0.11960229 0.0016376248 0.05457342 0.00084942824 0.0016899171 0.0027662672 0.0014541207 7.344426e-05 2.9714827e-05 2.86295e-05 0.00013081286 0.0034986422 4.342555e-06 0.0001667863 0.0001255523 3.1607507e-07 1.9341608e-06 8.786619e-06 2.9950937e-07 0.00049176795 0.00398997 0.03999828 2.2768878e-05 0.0031041468 0.00040947043 6.2643534e-07 2.4508072e-06 1.8278e-08 0.004315464 6.524995e-05 1.604407e-06 1.4382436e-05
0.9888516 2.9404048e-06 0.00022897495 5.1274503e-05 1.09221475e-07 3.705646e-07 1.3985155e-07 3.7030409e-06 0.021928363 3.9921333e-06 1.4030703e-06 3.999252e-06 0.0091890255 7.6349475e-05 9.789823e-06 0.2184497 0.5490643 2.459197e-07 7.649312e-07 1.0893847e-06 6.817186e-06 2.7098136e-07 0.10232836 0.13534555 0.49573004 0.033709966 1.9920027e-07 2.561695e-13 3.0033257e-07 0.9569165 0.0001321573 0.25027245 6.7614255e-06 1.4166446e-06 0.926187 6.0124484e-07 0.5676944 0.72388846 0.077964544 0.24170838 0.001987035 0.0007478166 0.79788345 0.07589052 5.5511316e-07 0.51655257 0.658129 0.31021184 0.09349977 0.08106008 2.645799e-07 0.2447194 1.2990525e-05 0.13951758 0.5302073 7.794973e-06 1.3801728e-05 9.431778e-07 0.46482202 0.096715756 5.8225567e-08 0.12465632 1.6191681e-06 9.89626e-06 4.9742044e-07 2.4147997e-08 3.5835228e-07 0.002272673 0.004997795 5.228545e-07 7.8246114e-07 3.3879164e-07 1.343549e-06 9.3492e-07 8.665278e-07 2.987567e-06 6.89189e-08 5.260904e-08 2.268105e-06 8.913138e-08 0.00039600226 1.4120258e-07 4.322847e-05 0.105189405 0.00022789049 3.4134284e-06 2.1990472e-07 6.467195e-05 5.805815e-05 0.00016401958 0.120899044 3.4049751e-06 2.3616714e-05 0.04566641 3.0193405e-06 3.8263233e-06 8.472238e-08 0.0015011396 0.0153629435 1.5582655e-05 1.2283415e-05
0.00015712848 0.0019568119 0.0003755418 0.011966041 0.0001431404 0.0016564263 0.000557177 0.27164438 1.2943304e-06 0.02901272 4.783368e-05 0.96577793 1.3843067e-05 0.0012226045 0.9968792 6.016613e-07 2.937872e-07 0.00033419815 1.371569e-07 0.76399666 9.970145e-05 0.009031313 8.364859e-06 2.2528595e-06 2.131155e-06 3.7536415e-07 5.300129e-06 3.0033257e-07 1.1416775e-17 4.6899095e-07 1.5263474e-07 1.4778341e-07 6.764566e-06 1.6649745e-05 1.2877186e-08 2.1207845e-06 3.463238e-07 1.4362499e-06 5.470871e-06 6.0416073e-07 2.7390015e-05 4.370195e-06 2.141993e-06 1.7401254e-07 1.4695765e-06 4.0777152e-07 6.172382e-07 1.2234722e-07 9.9428696e-08 2.1349897e-06 6.765018e-06 6.577604e-08 7.569221e-05 1.5636354e-08 3.5331271e-09 5.1112416e-05 4.7680805e-06 5.7763555e-07 9.144592e-05 2.8488755e-06 4.6576122e-07 6.5088386e-08 9.467537e-07 1.1844217e-05 1.2686955e-06 3.389875e-07 2.2228076e-07 2.1548458e-06 8.126844e-08 6.7870434e-09 1.1965616e-07 1.8063909e-05 3.0430303e-06 9.614923e-07 5.0981026e-07 3.7532736e-05 7.927669e-06 6.5471727e-07 1.4328489e-06 3.2001092e-06 0.00022645909 3.966776e-07 2.0982427e-06 1.0780303e-05 4.42536e-09 2.0140767e-06 9.209724e-07 4.024632e-07 7.346825e-06 5.2252555e-05 0.00718246 2.2244737e-06 8.5991223e-07 0.00012388962 1.2176027e-08 7.150112e-09 2.4460016e-08 0.0032464594 1.7280095e-06 6.1162e-09 3.358166e-08
0.8988079 9.988308e-06 0.000118563265 3.054272e-05 2.5347076e-06 1.0728861e-06 2.7659241e-06 1.5084298e-05 0.047527283 8.3433673e-07 1.9554182e-05 6.4234273e-06 0.06070131 0.0052203103 1.9443687e-05 0.60795283 0.9245429 2.8931428e-08 1.7781673e-06 6.968316e-08 5.0827086e-05 1.2623184e-06 0.100846075 0.24402182 0.46851248 0.7064272 2.6683504e-06 0.9569165 4.6899095e-07 1.5952667e-15 0.013708572 0.9549964 2.388781e-05 9.740112e-06 0.9132318 2.9331763e-06 0.8014111 0.39935657 0.03378236 0.57168525 0.0026215245 0.0006819911 0.43809116 0.8221917 1.7594854e-06 0.26276237 0.4174441 0.14610334 0.6095025 0.4412285 2.7985145e-06 0.3770986 1.2409295e-05 0.05372897 0.10559655 1.0306404e-05 8.27392e-06 1.510394e-06 0.17154455 0.01088822 1.6252176e-07 0.010007016 1.3439015e-06 7.002792e-06 1.5081673e-06 2.6074912e-07 4.2911088e-07 0.016534228 0.0034838214 3.2042362e-07 5.523872e-07 4.9690107e-06 5.8588516e-06 5.854155e-06 2.204862e-05 1.9165202e-05 6.9986595e-06 1.6254624e-07 2.8013463e-07 7.1569925e-06 0.0002694274 1.9393167e-07 6.5032895e-05 0.01616512 2.5439987e-05 1.030227e-06 6.5391924e-07 7.063257e-06 2.8495075e-05 8.3978346e-05 0.012624599 1.3135784e-05 8.37405e-05 0.009090028 2.9732755e-06 8.901819e-07 9.394012e-07 0.000557063 0.006036375 6.0981273e-07 2.0568446e-06
