7.9226675e-13 0.2943947 0.106424294 0.09447415 0.13300717 0.89121723 0.06240911 0.78337866 0.20948912 0.63500607 0.92076766 0.047634065 0.9621064 0.8995044 0.87945634 0.3486029 0.44827452 0.71803284 0.5631898 0.9422027 0.9536391 0.9688731 0.11503369 0.03757766 0.990429 0.91886854 0.97098124 0.35539767 0.0004587728 0.14539108 0.98088163 0.00013544664 0.9798781 0.09457943 0.9901653 0.97684866 0.2657662 0.8089313 0.95974755 0.9505093 0.8481989 0.7438434 0.9485531 0.90057564 0.98404986 0.89686006 0.31561217 0.96270984 0.86867887 0.7457491 0.69254726 0.11610058 0.82356334 0.8762274 9.337095e-06 0.9160568 0.95058143 0.87544155 0.90855885 0.98069406 0.6647354 0.954133 0.56159186 0.87351954 0.9436404 0.80666727 0.9425772 0.96560127 0.97611487 0.94329345 0.9587161 0.41345373 0.99935913 0.6350439 0.39688066 0.8063514 0.035690077 0.9929583 0.9986245 0.05199684 0.93397933 0.8466651 0.9762993 0.7829787 0.81728333 0.8486717 0.99976295 0.9244317 0.16642044 0.03143625 0.8503406 0.98254204 0.69584805 0.5637055 0.0005798848 0.70493567 0.8529707 0.3477541 0.21374844 0.99998736 0.0038170903
0.2943947 5.617822e-12 0.9940406 0.8641656 0.80838954 0.9724842 0.0032246485 0.9778132 0.0054519703 0.10885033 0.04112704 0.0008217741 0.40709463 0.0032758978 0.0010337215 0.00033884094 0.00039401415 0.000108792614 0.0005811803 0.13169634 0.00041469763 0.00014428094 4.3553347e-05 0.0007870553 0.0042637577 0.00018534735 0.0005408062 5.3916447e-06 0.00015915484 9.557585e-05 0.0069882288 1.3850494e-06 1.8990166e-06 2.2837066e-06 0.02570239 0.003073551 5.6998713e-05 2.752445e-07 2.2454701e-06 7.417016e-05 9.971776e-06 1.4311834e-07 6.9022266e-05 4.5933906e-05 0.0015357039 2.0344905e-05 9.691956e-06 0.000424493 8.582119e-06 0.00033268545 3.0326777e-05 9.714706e-07 9.424967e-06 7.762117e-06 6.353576e-08 0.00014530678 8.101613e-07 0.00023105029 2.9795674e-05 0.0012539341 7.07705e-05 3.2069818e-07 6.021986e-07 0.0003701936 2.3691653e-05 7.383627e-07 4.365146e-08 6.9046328e-06 2.4155082e-07 0.00017853739 5.6373352e-05 4.041407e-06 0.00037960312 1.4301412e-07 5.6249456e-07 3.6164062e-07 3.635503e-06 0.0002980683 0.00038571045 4.8743746e-06 5.559392e-07 4.7287963e-06 1.1125635e-05 2.3225894e-06 5.4166793e-07 7.568628e-07 1.0371825e-05 1.0194897e-06 5.983813e-07 4.3229954e-07 6.7752703e-06 1.6275591e-06 5.464804e-07 1.1161795e-06 1.9065292e-08 1.4766555e-08 1.9757359e-05 4.6015257e-06 9.573781e-06 0.0001687314 1.259463e-09
0.106424294 0.9940406 1.4299076e-13 0.99999654 0.0066879224 0.3043604 9.9923425e-05 0.79212475 0.49490884 0.0015321878 0.0007935033 2.2186483e-05 0.09211331 0.00015655473 0.004870955 0.0022287718 5.859701e-06 0.00011397671 2.2801147e-05 0.016407805 0.00022021797 0.0007183997 7.164378e-07 0.00014952495 0.016504163 0.00024884313 0.00036836916 2.7824899e-05 0.00011209148 0.00077786244 0.002812709 4.0297764e-06 7.1579376e-07 1.262788e-06 0.007272546 0.000702236 2.4008364e-06 2.292132e-07 5.9587596e-06 0.00016686188 8.9468597e-07 1.1139883e-07 0.00031521372 9.976822e-05 0.001100162 0.00013844554 1.604034e-06 4.8868787e-05 8.524011e-06 3.6621618e-06 2.7751903e-06 2.613567e-08 2.2546242e-06 3.8559203e-05 3.5025946e-07 0.0006983345 1.1801439e-07 0.00033762713 8.72978e-06 0.001160315 7.1987633e-06 4.6360287e-06 4.4525294e-07 0.00034753737 9.5717905e-06 6.210023e-07 6.2808044e-07 4.789843e-06 4.422291e-06 0.0001887753 0.00023002397 7.870324e-07 0.0003961824 2.8969416e-06 1.3824004e-07 2.9346202e-06 1.2163278e-07 0.00021114307 0.00079576275 6.438508e-06 1.10555106e-07 1.8270243e-06 0.00012798967 8.3458974e-07 3.5614462e-07 5.8439933e-09 4.7679558e-05 9.298459e-06 1.4191679e-08 8.943501e-08 1.8109166e-07 3.1794192e-05 4.1751225e-08 1.6097053e-08 3.1834982e-10 1.08921064e-07 1.9240173e-07 2.6053597e-08 4.6131103e-07 0.0004029133 5.094314e-10
0.09447415 0.8641656 0.99999654 1.5050317e-14 0.0044086715 0.08980454 7.676571e-05 0.56100947 0.99306786 0.00055009755 0.00021067503 3.3340468e-05 0.04262914 1.9394796e-05 0.0026540644 0.009566435 4.232132e-06 0.00020212308 1.9582847e-05 0.0035429872 8.919066e-06 0.00026057774 2.3755013e-06 0.000105071886 0.008299629 1.79964e-05 1.5565915e-05 4.2348434e-05 4.320197e-05 0.013896997 0.00053734635 0.00014534268 2.5516364e-08 1.1551019e-06 0.001670704 0.00018913229 6.2810045e-06 5.7475944e-07 1.1339449e-06 1.8564888e-05 2.4980704e-06 7.224857e-08 4.5800753e-05 1.9890587e-05 0.00032053902 8.5904885e-06 2.7499473e-07 1.6295113e-06 6.0673653e-07 5.64266e-07 6.867705e-08 4.5989e-07 6.612776e-08 1.0361262e-06 6.82882e-06 4.5396162e-05 2.430002e-07 1.5656375e-05 6.375704e-07 0.00064216787 1.132647e-06 1.12211744e-07 4.1377453e-07 5.1841474e-05 2.744164e-06 1.0178405e-07 1.2765486e-07 1.8898803e-06 6.099055e-08 3.466149e-05 1.709883e-05 1.0012728e-06 0.000250918 6.452619e-07 6.687471e-08 5.417702e-07 4.6636856e-08 1.8136547e-05 0.00045377162 4.4212723e-07 1.5973895e-07 1.648093e-07 3.0338084e-05 6.303637e-07 1.2920606e-07 5.599399e-09 5.2499607e-05 1.582923e-06 1.6113141e-09 1.5679483e-08 1.1836283e-08 3.4493e-06 9.533283e-08 2.0911695e-09 5.4041042e-11 1.4769739e-08 8.131134e-09 1.1959833e-07 4.242974e-08 7.06258e-05 3.9874984e-10
0.13300717 0.80838954 0.0066879224 0.0044086715 4.0077953e-14 0.9295417 0.99865514 0.5682181 9.678171e-05 0.96485823 0.43743885 0.084643036 0.049066722 0.09540572 7.267928e-05 7.883173e-06 0.004057767 2.0028426e-06 0.07104121 0.06440471 0.00034771144 6.575839e-05 0.0017635912 0.10465248 0.00077248027 0.0001037549 0.00028840525 3.5877426e-07 0.033028305 1.4053254e-06 0.017302038 1.6857481e-07 4.6388636e-06 1.0674225e-07 0.015406019 0.0043796976 0.00017176407 1.494008e-08 3.4630858e-07 9.601001e-06 3.7277478e-06 3.3544578e-09 1.804064e-06 2.2726458e-06 0.00037867494 6.990274e-06 2.579966e-05 1.9293e-05 1.2174536e-07 1.9836125e-05 2.2249828e-06 9.9698685e-09 5.1771065e-07 1.2976217e-06 1.1897417e-08 1.1897469e-05 2.6111307e-08 7.2933544e-05 1.8630254e-06 0.0008098558 1.1751591e-06 3.9701484e-07 1.7105272e-07 0.0001947649 1.4595523e-06 7.227172e-08 3.827858e-09 1.1942424e-06 3.090762e-08 0.00014673205 2.5691603e-05 8.834946e-07 0.00020687703 2.9571568e-08 3.2290362e-08 1.4520974e-07 1.3361009e-06 4.4832504e-05 0.00021329241 3.3221397e-06 3.645123e-08 1.3411999e-06 4.3756577e-06 6.5565325e-07 3.4084742e-08 3.7831775e-08 1.9047483e-06 1.6283678e-06 1.7749761e-07 5.0232554e-08 2.0333441e-07 3.5167128e-07 5.0031375e-08 1.2527319e-07 2.2510575e-10 1.2885337e-09 1.371144e-05 2.1857808e-07 1.8652092e-07 5.2837648e-05 1.8526373e-10
0.89121723 0.9724842 0.3043604 0.08980454 0.9295417 5.892635e-10 0.28549433 0.88187087 0.0017370459 0.7535251 0.88236684 0.22583413 0.9327693 0.14339966 0.00064395124 0.00010209667 0.08071032 4.7998637e-05 0.12956345 0.9719798 0.0048632775 0.0006207308 0.0049388786 0.04952486 0.067899615 0.0010678411 0.016880078 1.958506e-06 0.0013328157 3.1157924e-05 0.6791837 4.1370032e-07 2.6344489e-05 2.7281746e-07 0.7994574 0.42062557 0.00024355343 3.8736928e-07 6.0815028e-06 0.0003788787 0.000119440076 3.2826574e-07 0.00041918154 0.00053237914 0.07097482 7.405736e-05 1.9090938e-05 0.0036346002 7.868455e-05 0.0009238685 0.00017130961 7.0778583e-09 9.979953e-05 3.2981778e-05 1.0521452e-07 0.0012221219 1.2860423e-06 0.0038222682 4.7441434e-05 0.043139808 0.00032687545 1.9654965e-06 1.0874271e-06 0.004641236 0.00015421974 1.0489857e-06 1.3432216e-07 1.013625e-05 6.912918e-07 0.0072218846 0.0026602526 2.8041998e-06 0.020458363 5.4674416e-07 2.6246184e-07 5.4346856e-07 1.9477604e-06 0.0021628814 0.009328561 6.8803274e-07 4.863961e-07 3.5176738e-06 0.00015790136 1.3812122e-06 1.3243853e-06 9.5628775e-06 0.00025117226 4.8227625e-06 9.331052e-06 7.315795e-08 4.58049e-05 3.6072888e-05 2.6488718e-07 3.7945924e-06 2.8528845e-07 5.5019473e-09 8.166028e-05 3.3932922e-06 2.1654198e-06 0.0016313347 1.3936606e-08
0.06240911 0.0032246485 9.9923425e-05 7.676571e-05 0.99865514 0.28549433 1.4269869e-13 0.021515338 7.843443e-06 0.6300678 0.10450204 0.9994216 0.0017776437 0.123499915 2.8268498e-05 4.8030328e-05 0.090508185 9.627012e-06 0.15652524 0.0045142723 0.00086704735 6.704343e-06 0.0119423 0.19263446 4.3713888e-05 0.0006863345 0.0004191358 7.639369e-07 0.030895634 4.3844904e-07 0.0080282735 3.0893023e-07 6.1408614e-06 4.315373e-06 0.0037682562 0.0013717453 0.00055847905 1.9454008e-08 1.9813465e-06 1.8217681e-06 3.088834e-05 1.5235704e-06 2.360916e-06 4.4196263e-06 0.00019432073 2.0110296e-05 8.3666186e-05 1.1763392e-05 2.59793e-07 9.893921e-06 4.114264e-06 1.6755951e-08 2.1265503e-06 3.3907463e-06 2.207495e-08 6.0919456e-06 3.4626157e-06 1.8355673e-05 1.8070118e-06 0.00013673084 1.3038042e-06 2.2997187e-07 8.872381e-06 2.5863637e-05 9.568136e-07 4.6634926e-07 1.381819e-07 2.3769355e-06 4.4899785e-08 5.699743e-06 2.5508143e-06 3.1309194e-06 7.048672e-05 5.1158645e-07 9.104824e-07 7.5901033e-07 5.941248e-06 1.9370866e-06 8.078584e-05 2.5988174e-05 5.987972e-08 1.6732727e-05 5.8750186e-07 1.0239866e-06 3.893166e-07 4.130166e-06 6.274165e-07 1.9955547e-05 2.2653144e-06 3.522973e-07 1.6286902e-05 3.5150765e-07 1.12240215e-07 1.7969211e-06 7.2621837e-09 3.671519e-08 0.00014418288 1.4103845e-06 4.8456826e-07 4.9339375e-05 1.7928632e-09
0.78337866 0.9778132 0.79212475 0.56100947 0.5682181 0.88187087 0.021515338 4.803085e-10 0.85836387 0.021479018 0.025262218 0.0045744665 0.9972717 0.0009866535 0.09286773 0.09880709 0.00071248726 0.06116073 0.0010196546 0.32190487 0.00010507981 0.0068113217 4.9072223e-05 0.0003025616 0.28628412 9.782389e-05 0.00025957992 0.0005790493 2.735921e-05 0.0058090664 0.031325083 2.6408218e-06 1.0113475e-06 7.5928588e-06 0.303644 0.012805474 1.2113837e-05 1.7373671e-06 3.9414208e-05 0.0011701741 2.1816575e-05 3.3490578e-06 0.00250899 0.0003452244 0.019448372 5.3510572e-05 2.7473166e-06 0.0010311714 3.8680744e-05 0.00014230279 1.8773687e-06 6.31111e-08 1.6216313e-06 1.0345311e-05 2.6911204e-08 0.0033440392 1.8189176e-06 0.003938228 5.178961e-06 0.04103156 0.000108983884 2.6080847e-06 1.4816336e-06 0.0064518093 5.595919e-05 1.476726e-06 1.0748074e-06 1.4149037e-05 5.9540216e-08 0.011138546 0.0063940114 7.871985e-08 0.018595362 5.5176275e-07 1.5095853e-07 1.9525473e-06 2.483977e-07 0.0018497928 0.009216161 1.16951796e-07 1.6326642e-06 1.886317e-06 0.00038802394 2.9691498e-06 1.1271159e-06 1.0784586e-06 0.0025721597 1.9555451e-05 2.816582e-06 2.2549573e-08 1.677653e-06 4.636663e-05 2.2899886e-07 3.1853083e-06 5.042034e-07 1.7752536e-09 2.1139854e-06 1.4254455e-06 3.4026652e-07 0.0013732393 5.257631e-09
0.20948912 0.0054519703 0.49490884 0.99306786 9.678171e-05 0.0017370459 7.843443e-06 0.85836387 1.6963988e-14 0.000112569265 0.00023147021 3.394067e-07 0.05197321 1.5485399e-05 0.872733 0.9900445 1.5265942e-06 0.7046311 4.689979e-06 0.002983086 8.527791e-06 0.09882484 6.921256e-07 7.735654e-06 0.42186534 6.0873e-06 5.41076e-06 0.095854804 5.6920703e-07 0.6880639 0.0004279139 0.0012514385 2.7200185e-08 0.0003005468 0.0020990993 0.00010210933 2.3302981e-07 2.026957e-05 0.00015222227 0.0032306756 6.2528547e-06 2.5368347e-05 0.0011939983 0.0010134607 0.0006609454 0.00011340846 2.0079136e-07 5.0276918e-05 1.9069157e-05 5.751869e-06 7.8952475e-08 2.9790901e-05 8.637988e-08 5.3196604e-06 2.7324359e-06 0.0006658793 8.344797e-06 0.00016698094 1.09471536e-07 0.0013411865 5.638082e-07 3.9686706e-06 1.1565841e-05 0.00044147216 2.5055836e-06 3.546421e-07 1.1147998e-06 6.5202516e-06 3.188916e-06 0.0003416391 7.0894246e-05 3.1727072e-07 0.00018097868 2.0392088e-07 7.190334e-07 4.8380906e-07 3.8630585e-08 6.984194e-05 0.0001608507 1.0604216e-05 1.0025938e-07 4.364759e-06 2.6056618e-05 3.688062e-08 4.3696195e-06 5.9850055e-07 3.1412063e-05 7.079141e-07 1.463806e-07 4.36571e-07 5.44394e-07 3.9317633e-06 6.1596217e-09 1.7287701e-09 7.842159e-09 5.2459136e-08 2.2760119e-06 7.4577216e-09 3.337985e-07 5.6177516e-05 6.833272e-09
0.63500607 0.10885033 0.0015321878 0.00055009755 0.96485823 0.7535251 0.6300678 0.021479018 0.000112569265 9.570348e-10 0.9948321 0.7118127 0.022205496 0.89120626 0.00012270227 7.3735537e-06 0.9344741 1.3080841e-05 0.8409823 0.26817 0.011538174 7.06323e-06 0.50613177 0.56590015 0.00058355514 0.0061067063 0.010242333 6.293884e-08 0.040074766 6.2300785e-07 0.38900337 5.7164108e-08 0.00014078863 7.727374e-08 0.22788414 0.11515957 0.036507487 2.2574833e-08 3.7644966e-07 1.6062058e-06 0.012058368 3.4628165e-08 8.35302e-06 1.4186957e-06 0.0056252866 8.5903775e-07 0.0016301938 0.0017170004 4.9305434e-08 0.00034226832 2.8275426e-05 7.727624e-08 2.0176842e-05 1.358954e-07 7.0608856e-08 2.0408608e-05 2.459462e-07 0.00013364057 1.8564446e-05 0.0036651297 0.0001213263 4.9005603e-08 7.979726e-06 0.000538704 3.2902077e-05 2.831188e-07 1.7328878e-08 3.1463046e-08 5.740392e-07 0.00060422526 0.00020641922 0.00011343355 0.0026817287 4.8437716e-08 2.8336473e-08 1.04445075e-08 6.388004e-05 0.00020303456 0.0017446937 2.1329573e-07 1.6469546e-08 1.2517145e-07 4.8719303e-06 2.9070431e-08 1.1696652e-05 0.000104340244 1.9002115e-05 2.2452325e-06 1.1226794e-05 2.1750997e-08 9.090673e-05 3.8555648e-08 1.6052777e-08 6.386491e-06 2.429001e-07 6.623359e-10 0.00058282464 4.9273257e-07 4.306723e-06 0.00044451392 4.460451e-09
0.92076766 0.04112704 0.0007935033 0.00021067503 0.43743885 0.88236684 0.10450204 0.025262218 0.00023147021 0.9948321 1.6927414e-09 0.09758836 0.14628841 0.57341117 9.882656e-05 9.976598e-06 0.32250676 6.513105e-06 0.3846623 0.92602384 0.049435593 2.8760966e-05 0.03155394 0.06622229 0.006555924 0.021172032 0.14068712 6.988894e-08 0.001262174 2.9510547e-06 0.9344124 1.8570289e-07 0.0004772193 3.8853173e-07 0.8742084 0.77779555 0.002522122 4.792694e-08 2.7986601e-07 4.304682e-06 0.0022028394 8.334289e-08 0.00011107587 1.8175246e-05 0.10007898 3.555139e-06 0.0005875773 0.009187913 7.22227e-07 0.0030201357 0.00045603188 2.6884422e-08 0.0006426344 1.6070333e-06 3.3747756e-07 0.0008608116 2.2436582e-07 0.001975186 9.969119e-05 0.036119267 0.0008096505 8.3479875e-08 1.8359836e-07 0.002938988 0.00016412318 7.887616e-08 2.4653506e-08 1.8039393e-07 3.7162652e-06 0.002504651 0.00029822128 0.00012077 0.019106185 6.103361e-08 3.908394e-08 9.398452e-08 6.2882056e-05 0.0007793282 0.015080681 8.2404097e-07 2.8358967e-08 1.0592961e-06 7.64044e-05 5.5669542e-08 5.742951e-06 4.1685205e-05 4.5172153e-05 5.0045674e-07 9.604361e-06 6.275998e-08 4.2188403e-05 6.7948185e-06 7.583913e-08 7.914321e-06 2.272626e-08 1.7279172e-08 0.00043935588 8.709552e-07 1.1270498e-05 0.0044275597 1.342009e-09
0.047634065 0.0008217741 2.2186483e-05 3.3340468e-05 0.084643036 0.22583413 0.9994216 0.0045744665 3.394067e-07 0.7118127 0.09758836 2.0080918e-16 0.00064648857 0.47445703 1.7598906e-05 4.3481655e-06 0.8677499 9.812838e-07 0.98438364 0.003435283 0.006884139 6.46433e-06 0.44014114 0.66836226 4.1717693e-05 0.02634586 0.0009895667 7.3408714e-08 0.47464532 5.834241e-08 0.008310614 5.3790718e-08 0.0006636487 1.1121413e-07 0.0022465275 0.002670387 0.02907439 9.496839e-08 7.5995337e-07 1.0426675e-06 0.00057259056 1.1050451e-07 1.4554124e-07 9.415978e-07 0.00013970073 6.259561e-08 0.00031283588 2.6721942e-05 3.4903536e-09 1.4135812e-06 2.430201e-07 5.803295e-09 7.580157e-07 5.6320115e-10 2.3667102e-09 6.286287e-07 1.3516564e-07 2.6017136e-07 3.8605634e-07 6.0637092e-05 2.601814e-08 1.597995e-08 3.5204996e-06 3.9784168e-06 8.516535e-06 1.642008e-08 9.7691355e-08 1.1420715e-06 2.5187543e-07 3.3580768e-06 1.2369743e-06 2.9200459e-05 6.4421474e-05 2.861608e-08 4.919074e-08 3.1291145e-09 3.7564172e-05 5.312053e-07 8.3914936e-05 4.7054328e-07 6.5917924e-09 5.098297e-07 1.576097e-07 3.017104e-08 1.4420289e-05 5.849679e-06 3.54117e-05 9.663515e-07 5.438995e-07 2.8079767e-09 8.936367e-06 4.5548262e-08 7.052702e-08 3.8174792e-07 2.5260852e-10 7.4344855e-09 0.000106126696 6.823104e-08 5.0786696e-08 1.8654639e-05 6.609361e-11
0.9621064 0.40709463 0.09211331 0.04262914 0.049066722 0.9327693 0.0017776437 0.9972717 0.05197321 0.022205496 0.14628841 0.00064648857 8.4852e-10 0.0047920435 0.021936096 0.0018140913 0.0004954054 0.002054414 0.0007002498 0.9452982 0.0009909852 0.013073466 3.1675347e-05 0.00033195017 0.75429386 0.00036101072 0.004242866 0.00017477869 9.569327e-06 0.00035378718 0.19893527 1.6722905e-06 2.2670984e-05 1.15627745e-05 0.8345113 0.10077268 6.8197965e-05 1.3011194e-05 7.219784e-05 0.0030640382 1.6214635e-05 1.5007781e-06 0.01454021 0.0021709017 0.22673848 0.00047431546 9.914814e-06 0.0029083928 0.00017203078 0.001852878 0.00014324965 1.2885376e-07 0.00015425932 0.00010655028 2.068338e-08 0.023810072 6.729306e-06 0.052127093 0.00011165384 0.32038426 0.00077729044 1.563808e-05 2.4184897e-06 0.04443107 0.00016867365 2.5781594e-06 7.425254e-07 9.299643e-05 8.330416e-07 0.036992215 0.023027223 3.8803355e-06 0.12738022 7.332611e-07 3.888605e-07 2.2853e-05 8.775075e-07 0.008992287 0.061969306 3.724697e-07 7.6057368e-06 6.7537694e-06 0.0035733045 1.3915668e-05 1.3070205e-05 1.4561344e-05 0.004643735 7.711223e-06 1.3984281e-06 1.3007856e-07 1.4584516e-06 0.00039750893 4.1791358e-07 5.8731507e-06 2.7733538e-08 2.082013e-08 1.3212548e-05 2.6838645e-06 2.3156513e-06 0.0133431265 1.11364466e-10
0.8995044 0.0032758978 0.00015655473 1.9394796e-05 0.09540572 0.14339966 0.123499915 0.0009866535 1.5485399e-05 0.89120626 0.57341117 0.47445703 0.0047920435 8.863731e-13 1.7907691e-06 1.00702856e-07 0.9802034 1.8169523e-07 0.76192015 0.23004025 0.9548431 1.7822885e-07 0.7238379 0.3763174 0.00024881036 0.69596434 0.8509559 2.0450678e-08 0.005144216 6.1712575e-07 0.911171 5.76152e-08 0.059958115 3.9727748e-08 0.49662307 0.7754585 0.39072663 7.491738e-09 1.8996035e-08 2.3564046e-07 0.35655826 3.6711953e-09 2.2726758e-06 5.561359e-07 0.03044064 2.577666e-07 0.012282983 0.06412255 5.143308e-09 0.013920316 0.0014669078 6.584521e-08 0.0030762253 1.1723471e-08 3.2811425e-07 5.4532935e-05 3.1947785e-08 0.00081617926 0.00047839107 0.015977195 0.0022131656 5.6299307e-09 4.4550822e-07 0.0010255459 0.0012304778 1.6709578e-08 6.933983e-10 4.245231e-09 6.4142387e-06 0.00059796864 8.951776e-05 0.0110151945 0.01212283 1.1066877e-08 4.399128e-09 2.6975784e-09 0.00032873804 0.00026985863 0.01705129 3.6494008e-08 7.2001977e-10 1.5940749e-07 2.9785203e-06 2.11303e-08 4.9904025e-05 0.0013783479 4.5938923e-06 1.3772302e-07 0.00034904171 1.557575e-08 0.00089512725 4.422965e-08 8.352729e-09 8.609964e-05 2.1809322e-08 3.1010455e-10 0.0057837926 7.4153604e-07 4.9080416e-05 0.0033388496 2.6533566e-09
0.87945634 0.0010337215 0.004870955 0.0026540644 7.267928e-05 0.00064395124 2.8268498e-05 0.09286773 0.872733 0.00012270227 9.882656e-05 1.7598906e-05 0.021936096 1.7907691e-06 3.4087305e-10 0.41491354 3.8088954e-06 0.98968154 3.970842e-05 0.0058992314 1.2057837e-06 0.9874018 4.0660175e-06 2.046544e-05 0.9042379 5.1838533e-06 1.591611e-05 0.2935943 6.933991e-06 0.40312803 0.0028000805 8.548266e-05 1.0275154e-07 0.0025548486 0.021562623 0.0012931288 2.0289375e-05 0.008456636 0.015054657 0.23902808 2.0967633e-05 0.0036946035 0.040487006 0.009453157 0.016425973 0.0055437316 7.5499242e-06 0.0007746969 0.00097032124 8.876735e-05 3.2191945e-06 0.00047730352 3.2540518e-06 0.00041542095 2.4964795e-06 0.017692583 8.852632e-05 0.01898714 9.163322e-06 0.12645848 0.00018034482 6.040374e-05 8.526641e-05 0.027760068 6.6971326e-05 9.053216e-06 3.2976006e-06 0.00020462836 5.5493455e-08 0.025311515 0.031484015 3.0408937e-05 0.064441435 6.2253594e-06 1.2140228e-05 5.7967023e-05 4.7481103e-06 0.005366698 0.017470514 3.874816e-05 2.0223517e-05 3.804421e-05 0.0055371057 1.7807332e-06 6.166634e-07 2.3233811e-07 0.007221816 1.5009564e-05 4.933766e-06 3.7992032e-07 1.900805e-06 0.00035440008 3.827431e-07 1.291231e-06 7.342982e-07 9.0187534e-08 5.6469203e-06 9.475635e-06 3.317242e-06 0.0007004188 7.59895e-10
0.3486029 0.00033884094 0.0022287718 0.009566435 7.883173e-06 0.00010209667 4.8030328e-05 0.09880709 0.9900445 7.3735537e-06 9.976598e-06 4.3481655e-06 0.0018140913 1.00702856e-07 0.41491354 1.843419e-11 1.3764508e-06 0.99615395 0.00022820759 0.00016031347 8.1535063e-07 0.28464454 2.137044e-05 1.1611755e-06 0.07737295 1.7057322e-06 5.7297616e-06 0.69996333 7.35957e-05 0.9234789 4.2436728e-05 0.04761843 5.5781253e-08 0.042533346 0.0004964911 1.807842e-05 3.1838447e-06 0.0014975771 0.00521326 0.0060709054 8.141008e-06 0.0005917604 0.0019400532 0.0004392811 0.0004349574 0.0003365462 0.000110207366 4.396973e-05 4.8085465e-05 4.0435507e-06 1.5876565e-06 0.07929332 5.882565e-07 1.3612967e-05 0.000222942 0.0006117134 0.000106198866 0.00077702646 2.0722573e-06 0.0051877163 5.3940107e-06 5.6698545e-06 0.0008926197 0.00037177542 1.063683e-05 8.927312e-06 7.866676e-07 5.774332e-06 8.147381e-07 0.00037769103 0.00021245884 3.6754517e-07 0.0033678971 3.030814e-06 7.254113e-05 1.4851945e-06 1.6488257e-05 0.00027157887 0.0014518601 8.431925e-05 1.7251443e-06 2.8655859e-05 6.5036795e-05 2.7470285e-06 1.1916115e-05 4.1189102e-07 0.0009920258 0.00024078529 1.1221646e-05 6.3282514e-06 0.00016365586 1.3620044e-05 5.477854e-07 2.8781711e-05 1.566692e-05 7.773822e-08 0.0011724206 5.570471e-06 5.0321505e-06 0.00038334608 6.07967e-08
0.44827452 0.00039401415 5.859701e-06 4.232132e-06 0.004057767 0.08071032 0.090508185 0.00071248726 1.5265942e-06 0.9344741 0.32250676 0.8677499 0.0004954054 0.9802034 3.8088954e-06 1.3764508e-06 1.1067382e-12 8.515491e-07 0.9927357 0.009302025 0.7440146 3.5471032e-06 0.60830545 0.49896646 0.00025272663 0.6412893 0.06509451 2.8686411e-08 0.03279679 8.915354e-07 0.10385557 1.709617e-07 0.07535773 2.0313864e-07 0.017639227 0.061574936 0.0647491 6.0718364e-08 9.1354315e-07 3.3134763e-06 0.00947794 2.6366882e-07 7.961642e-06 1.50299475e-05 0.0016271619 6.6779885e-06 0.0073739486 0.0028595799 4.511009e-08 0.0006657072 0.00023839825 7.598871e-08 0.00054338854 8.071555e-08 2.3325223e-08 1.6269749e-05 8.8754905e-07 0.00014820069 0.0003196559 0.002717241 0.00030499336 1.0517418e-07 3.1903094e-06 0.0005107819 0.00012191714 8.2611666e-07 4.2234912e-08 1.0426166e-06 6.367549e-05 0.00011965134 3.454981e-05 0.0012234374 0.0008993118 3.3345202e-07 3.1673483e-08 3.8789048e-07 0.0007937107 5.9607006e-05 0.0011678468 4.6206637e-06 4.5194064e-08 4.4873336e-06 3.1160048e-06 6.2135297e-07 2.7013224e-05 4.4913133e-05 4.4363787e-06 4.940751e-07 3.6296533e-05 1.193986e-08 0.0002528949 2.5505918e-07 7.739362e-09 6.620194e-05 6.1934585e-08 2.761114e-08 0.0017897543 4.2727756e-06 0.00013950051 0.0009450917 1.3624421e-07
0.71803284 0.000108792614 0.00011397671 0.00020212308 2.0028426e-06 4.7998637e-05 9.627012e-06 0.06116073 0.7046311 1.3080841e-05 6.513105e-06 9.812838e-07 0.002054414 1.8169523e-07 0.98968154 0.99615395 8.515491e-07 1.3742483e-12 1.0531321e-05 0.00046242727 5.9506414e-07 0.75644755 2.746836e-07 9.576552e-07 0.4112809 4.8859e-07 2.6154248e-06 0.61859703 3.954282e-07 0.3244583 0.00045053888 0.0005188834 1.9559188e-08 0.038330454 0.0028343017 0.00013013335 1.604707e-06 0.004392998 0.038208626 0.13176 1.5412233e-07 0.0020552662 0.018681185 0.0057386323 0.0010074854 0.0056323726 7.4580197e-07 7.548345e-05 0.00056177547 1.9466155e-05 1.5648635e-06 0.0068820184 6.8542363e-07 0.0005281437 7.703652e-06 0.0037590498 0.00011666167 0.0074074385 1.4196694e-07 0.01674842 3.0852698e-06 0.000106265645 0.00026129442 0.0065580565 1.2500738e-06 2.76611e-05 4.793087e-06 6.388285e-05 5.837513e-08 0.004457522 0.0023153732 1.1566728e-08 0.011320687 2.6634154e-06 2.2362286e-05 2.1985e-05 9.832479e-06 0.0019100491 0.0014954706 5.508298e-06 2.1783706e-05 1.5285472e-05 0.0008957793 1.3469975e-06 1.1833146e-06 4.539068e-08 0.0032638998 4.767271e-06 1.2000456e-06 1.8458179e-06 4.5503955e-07 8.552262e-05 9.53812e-08 1.35616e-07 5.0585036e-06 8.694004e-08 4.5188096e-07 8.0749476e-07 7.0110175e-08 0.00010849452 7.939202e-09
0.5631898 0.0005811803 2.2801147e-05 1.9582847e-05 0.07104121 0.12956345 0.15652524 0.0010196546 4.689979e-06 0.8409823 0.3846623 0.98438364 0.0007002498 0.76192015 3.970842e-05 0.00022820759 0.9927357 1.0531321e-05 2.4990935e-11 0.0034765627 0.48095345 6.459265e-06 0.9555593 0.77379566 0.00027139895 0.070794955 0.006988592 1.2621903e-05 0.27441692 2.7672008e-06 0.1941552 2.206852e-05 0.004442535 3.5234789e-06 0.014912331 0.046146356 0.1753168 3.478789e-07 6.9278963e-06 9.697416e-07 0.0063175424 1.4120803e-06 9.9270665e-06 4.6820915e-06 0.0009909526 1.0662301e-05 0.0064860308 0.00056702935 1.981917e-08 0.00020974464 2.0942172e-05 2.267159e-07 1.9434492e-05 3.5461657e-08 4.415759e-06 8.301465e-06 4.849235e-06 1.6288548e-05 1.9574947e-05 0.0016467804 3.6988215e-05 2.764694e-07 0.00011161531 4.6915826e-05 2.2286833e-05 2.9251407e-07 3.6229957e-07 1.4741862e-06 2.5686628e-05 5.103064e-05 1.2272631e-05 0.00025468378 0.0019848796 7.129794e-07 2.549906e-05 3.4808897e-07 0.00022354728 9.879697e-05 0.000778895 3.793136e-05 2.6738574e-08 1.3190956e-05 1.263224e-06 3.5082144e-07 3.3852943e-05 7.9741694e-05 6.546412e-05 4.630574e-05 6.0651033e-05 1.9218471e-06 7.7956756e-05 4.7438218e-07 1.0199354e-07 3.6992624e-05 3.787396e-07 2.5092265e-07 0.0013452999 3.8317685e-06 7.277465e-05 0.00063778664 4.897241e-07
0.9422027 0.13169634 0.016407805 0.0035429872 0.06440471 0.9719798 0.0045142723 0.32190487 0.002983086 0.26817 0.92602384 0.003435283 0.9452982 0.23004025 0.0058992314 0.00016031347 0.009302025 0.00046242727 0.0034765627 5.335066e-11 0.017288594 0.0032629939 0.000869195 0.0012926701 0.5398285 0.00881108 0.10044315 1.7718407e-05 1.966251e-05 9.202701e-05 0.87810355 1.9686574e-06 0.0028605266 1.3636412e-06 0.96493024 0.59889156 0.00044761933 1.1279014e-05 1.3464447e-05 0.001166998 0.00042826936 1.1151272e-06 0.007720859 0.0010673691 0.54303867 0.00016653836 6.755274e-05 0.01079289 6.0244045e-05 0.0030793415 0.0008045078 7.7720097e-07 0.0023469038 2.6585545e-05 1.4769789e-07 0.0057704654 2.7223464e-06 0.02705693 8.656135e-05 0.20449252 0.0009274778 1.4119321e-06 4.5590357e-07 0.022936994 0.00015039045 8.600206e-07 4.5118853e-07 1.3278019e-05 4.332428e-06 0.025382385 0.0099511575 0.000115341354 0.08229305 7.4023745e-07 1.9824645e-07 1.1115904e-06 4.777357e-06 0.0077733304 0.07166246 2.583479e-07 5.83554e-07 1.3410195e-06 0.001490721 1.0167865e-06 0.00018015849 0.0003088031 0.0020727722 2.0785533e-06 3.0680687e-05 1.0402364e-07 4.1691685e-05 4.7309506e-05 2.3748113e-07 2.091848e-05 9.068225e-08 3.4372372e-09 0.0004189266 8.5512494e-07 8.032393e-06 0.019532682 1.7405986e-09
0.9536391 0.00041469763 0.00022021797 8.919066e-06 0.00034771144 0.0048632775 0.00086704735 0.00010507981 8.527791e-06 0.011538174 0.049435593 0.006884139 0.0009909852 0.9548431 1.2057837e-06 8.1535063e-07 0.7440146 5.9506414e-07 0.48095345 0.017288594 2.1714269e-12 1.1128199e-06 0.56556404 0.07494635 0.00038263583 0.95161414 0.96992064 7.574459e-08 0.0006464084 6.3595658e-06 0.6313593 1.5215971e-06 0.6343108 2.7070007e-07 0.21052244 0.70124435 0.7146835 2.024541e-08 8.4323375e-08 2.0322846e-06 0.81168294 1.9700225e-08 3.3951907e-05 7.0703536e-06 0.027332623 3.7834554e-06 0.07274733 0.16481057 2.7514713e-07 0.026060298 0.0072685103 1.00887e-06 0.09368277 4.4459992e-07 7.379414e-06 0.000118783624 3.9587437e-08 0.0010075523 0.0025829535 0.04172678 0.007899082 5.7339374e-08 5.2752404e-07 0.0011360131 0.011709779 2.209513e-08 3.7109362e-09 8.079858e-08 9.935634e-05 0.0005497469 7.419817e-05 0.21635579 0.015391708 9.9337136e-08 5.2160416e-08 2.8050074e-08 0.009494351 0.0005039549 0.051429693 8.6162964e-07 9.099529e-09 4.6595713e-07 1.3126104e-05 9.3064244e-08 0.0006418902 0.055348516 2.9041243e-05 1.4462423e-06 0.0015855747 4.681939e-08 0.004565526 1.0493688e-06 1.18078894e-07 0.00023353272 2.3191265e-07 5.768543e-09 0.026223877 5.0618432e-06 0.00024939407 0.01738307 1.2609858e-07
0.9688731 0.00014428094 0.0007183997 0.00026057774 6.575839e-05 0.0006207308 6.704343e-06 0.0068113217 0.09882484 7.06323e-06 2.8760966e-05 6.46433e-06 0.013073466 1.7822885e-07 0.9874018 0.28464454 3.5471032e-06 0.75644755 6.459265e-06 0.0032629939 1.1128199e-06 7.3958845e-10 8.7955686e-07 1.3648884e-05 0.9503584 3.740354e-06 3.4856685e-06 0.63599133 1.2446089e-06 0.29782894 0.00076986215 0.00015247974 3.1961136e-08 0.070021905 0.017071093 0.0002430898 2.6178916e-05 0.3069077 0.59013706 0.9258604 7.0102054e-05 0.031703983 0.3664897 0.07692708 0.013513872 0.053919923 4.808443e-06 0.00023973244 0.0016859428 1.7596205e-05 1.7758591e-06 0.016960438 3.0144278e-07 0.0012917188 3.1496247e-06 0.1057427 0.010716817 0.079441026 8.49732e-07 0.36142433 8.090634e-05 0.00045124686 0.0028263107 0.058102436 4.1738585e-05 0.00013077469 3.305701e-05 0.00021384415 5.2564904e-08 0.06765533 0.07999024 9.478044e-05 0.18816036 3.0137437e-05 7.239323e-05 8.997591e-05 1.1352878e-06 0.006582255 0.029553607 6.25994e-05 3.2881842e-05 1.5587619e-05 0.0054783435 1.8381712e-06 1.8058629e-06 6.8315654e-07 0.015513218 2.3162089e-05 4.1333004e-07 3.4585034e-06 2.0057423e-06 0.0007228582 1.569986e-08 9.122207e-07 7.3275856e-07 1.9523927e-08 3.2854325e-05 5.207247e-07 8.5086396e-07 0.0012369697 3.8144186e-09
0.11503369 4.3553347e-05 7.164378e-07 2.3755013e-06 0.0017635912 0.0049388786 0.0119423 4.9072223e-05 6.921256e-07 0.50613177 0.03155394 0.44014114 3.1675347e-05 0.7238379 4.0660175e-06 2.137044e-05 0.60830545 2.746836e-07 0.9555593 0.000869195 0.56556404 8.7955686e-07 1.0171058e-13 0.992007 0.00018780348 0.28938577 0.03191827 5.9741876e-07 0.38262787 3.480093e-07 0.036193315 8.035515e-07 0.02095305 3.2856514e-07 0.0019521352 0.015563067 0.9936226 1.9544953e-07 2.1760068e-06 6.4529013e-07 0.022006929 2.4980533e-08 1.6472076e-06 1.4889612e-06 0.0005654687 5.674271e-07 0.13608183 0.0017458637 3.3278152e-08 0.00045290674 8.116818e-05 2.4341256e-07 2.6084837e-05 2.8978464e-09 1.2357698e-07 4.6096008e-07 2.1982169e-07 2.2993898e-05 5.626035e-05 0.0004238023 6.9037604e-05 3.4500072e-08 1.9499506e-05 0.00023563296 0.00010114016 4.339122e-08 2.821459e-08 1.0778483e-07 0.0001744859 8.950222e-05 1.5147684e-05 0.009306439 0.0002994016 1.0300075e-07 3.8657947e-07 5.486389e-08 0.0014510573 0.00017989786 0.00020457234 3.4746165e-06 2.086942e-09 2.1060512e-06 8.875541e-07 8.5212704e-10 0.00018003208 7.1401504e-05 8.4308226e-07 1.5497357e-06 2.8196178e-05 4.829853e-07 9.8642005e-05 4.1682574e-07 4.3821094e-10 7.134181e-05 9.016827e-08 9.256374e-09 0.0030282238 1.6697152e-08 0.00011958574 0.00024088702 3.146112e-08
0.03757766 0.0007870553 0.00014952495 0.000105071886 0.10465248 0.04952486 0.19263446 0.0003025616 7.735654e-06 0.56590015 0.06622229 0.66836226 0.00033195017 0.3763174 2.046544e-05 1.1611755e-06 0.49896646 9.576552e-07 0.77379566 0.0012926701 0.07494635 1.3648884e-05 0.992007 5.843079e-13 0.0005526852 0.0114647 0.003953834 1.33191405e-08 0.99999946 1.1926551e-05 0.0034522577 1.2062461e-06 0.0004323705 1.0472479e-07 0.0018294305 0.0024043787 0.30411676 7.7924193e-07 4.8991865e-06 2.1034477e-06 0.0034660602 4.0692914e-08 9.487078e-07 5.4904294e-06 0.0007205453 4.8723786e-07 0.13864571 9.876597e-05 1.6682422e-07 4.4501035e-06 1.6550831e-07 5.791522e-06 2.896356e-08 5.8694884e-08 1.2250665e-06 2.8655091e-07 4.66561e-07 7.828042e-06 7.756622e-07 0.00042372107 2.7639728e-06 1.5700797e-07 1.6332684e-06 2.5852243e-05 1.9587824e-06 2.3222115e-07 2.089857e-06 3.501087e-06 5.3132617e-06 2.5769757e-05 3.5676212e-06 0.00025590477 0.00025667614 2.317769e-07 1.3444563e-08 6.0877727e-07 0.0016180335 2.24678e-05 0.00030104446 1.3668937e-06 1.9827594e-07 5.7766147e-07 4.2750903e-06 1.293149e-07 1.15995535e-05 1.400818e-05 1.8152526e-06 3.0708583e-07 2.6244322e-06 8.324455e-06 9.972922e-05 2.357751e-07 6.692955e-09 2.9201863e-06 8.6164846e-07 8.8112124e-08 0.0010523846 6.08165e-09 1.5377269e-06 9.252782e-05 1.1347022e-06
0.990429 0.0042637577 0.016504163 0.008299629 0.00077248027 0.067899615 4.3713888e-05 0.28628412 0.42186534 0.00058355514 0.006555924 4.1717693e-05 0.75429386 0.00024881036 0.9042379 0.07737295 0.00025272663 0.4112809 0.00027139895 0.5398285 0.00038263583 0.9503584 0.00018780348 0.0005526852 2.6525973e-09 0.00026233686 0.0005798738 0.08935445 1.136869e-05 0.055155832 0.058483426 2.6831876e-05 1.8103541e-05 0.0026872163 0.5095487 0.022166865 0.0005337991 0.01887525 0.082536735 0.74398816 0.00029837972 0.0023360667 0.8439088 0.5976114 0.67156327 0.05432646 2.9033434e-05 0.0035470899 0.006542733 0.0013110773 0.0001405158 0.00012141775 4.2523465e-05 0.005271366 3.64921e-06 0.72594815 0.0013174601 0.6148558 6.056688e-05 0.7774395 0.00066019 0.00064233755 0.000171628 0.2757233 0.0001223831 0.00010337751 6.7052104e-05 0.0004530994 1.196341e-06 0.11969517 0.103768446 0.0013928821 0.3136485 3.3722794e-05 0.00015846072 0.00028545814 9.542644e-06 0.015443486 0.13224214 3.1353014e-05 5.6543333e-05 0.00010011918 0.008890181 1.4188074e-05 7.563564e-05 0.0001348135 0.025462689 0.00019993256 6.54092e-05 4.796396e-05 8.3542436e-05 0.0054030903 2.9132073e-06 9.252778e-06 2.8318996e-06 1.6069896e-07 0.00056564773 1.0540102e-05 1.7284132e-06 0.008400034 2.7743328e-08
0.91886854 0.00018534735 0.00024884313 1.79964e-05 0.0001037549 0.0010678411 0.0006863345 9.782389e-05 6.0873e-06 0.0061067063 0.021172032 0.02634586 0.00036101072 0.69596434 5.1838533e-06 1.7057322e-06 0.6412893 4.8859e-07 0.070794955 0.00881108 0.95161414 3.740354e-06 0.28938577 0.0114647 0.00026233686 4.865137e-10 0.86390007 6.801499e-07 8.476414e-05 7.5189914e-06 0.522439 9.864018e-06 0.9794238 5.242736e-07 0.09854431 0.466561 0.8492511 2.4687242e-08 1.6850731e-07 3.216055e-06 0.9775909 3.0988179e-09 2.3977966e-05 6.663611e-06 0.017298713 5.942971e-06 0.08788715 0.2949666 1.211349e-07 0.07124469 0.020334583 1.8522445e-07 0.129886 1.005371e-06 6.964376e-06 6.71121e-05 9.3015096e-08 0.0003619779 0.009751618 0.0603673 0.01821169 1.023188e-06 6.909988e-06 0.00047938828 0.031073963 2.6767916e-08 4.905991e-09 1.5561507e-07 0.005248547 0.00041791124 0.00019185674 0.82405955 0.009115321 1.3382133e-07 2.2405172e-07 2.7859246e-08 0.018363105 0.00057953846 0.06175508 3.1100524e-06 5.5212984e-10 1.7419768e-07 2.106468e-05 6.9588153e-09 0.018012518 0.5978979 7.188517e-05 2.0965344e-06 0.023228614 4.6357482e-07 0.04003822 7.3966824e-08 7.2238784e-08 0.0012228757 1.4886091e-08 2.6169814e-10 0.34575683 4.1864578e-06 0.004069831 0.02393477 2.1414353e-08
0.97098124 0.0005408062 0.00036836916 1.5565915e-05 0.00028840525 0.016880078 0.0004191358 0.00025957992 5.41076e-06 0.010242333 0.14068712 0.0009895667 0.004242866 0.8509559 1.591611e-05 5.7297616e-06 0.06509451 2.6154248e-06 0.006988592 0.10044315 0.96992064 3.4856685e-06 0.03191827 0.003953834 0.0005798738 0.86390007 7.55951e-11 1.0497397e-07 5.298428e-05 4.2559514e-06 0.85055286 1.11841445e-07 0.88268393 1.0992028e-06 0.19604595 0.92528605 0.080857396 1.16538175e-07 6.309922e-07 1.3725065e-06 0.108878724 9.4199876e-08 0.00010447765 6.5775794e-06 0.11690707 3.985628e-06 0.0039848858 0.664537 6.460703e-07 0.49530864 0.19902441 1.4610537e-06 0.89741784 6.1736597e-07 3.3216122e-07 0.00036976437 2.495783e-07 0.0018679571 0.003937499 0.13718118 0.026638875 3.5267348e-07 5.47922e-06 0.003251307 0.011587586 1.1122919e-07 6.279276e-09 5.4657477e-07 0.007112701 0.0035224492 0.0003995775 0.09324774 0.07432072 8.8745503e-07 1.0842402e-07 4.1897667e-07 0.0010524935 0.0013510954 0.1997937 1.1966073e-07 5.8362772e-08 5.224438e-07 0.00010948433 8.134835e-07 0.0062637683 0.16601962 8.748836e-05 1.0077905e-05 0.0008876524 2.2201455e-08 0.006174508 1.5559124e-06 7.304557e-08 0.00035556243 4.3089116e-08 1.4095533e-08 0.034580134 2.8104564e-06 0.00035303977 0.065196015 5.531684e-09
0.35539767 5.3916447e-06 2.7824899e-05 4.2348434e-05 3.5877426e-07 1.958506e-06 7.639369e-07 0.0005790493 0.095854804 6.293884e-08 6.988894e-08 7.3408714e-08 0.00017477869 2.0450678e-08 0.2935943 0.69996333 2.8686411e-08 0.61859703 1.2621903e-05 1.7718407e-05 7.574459e-08 0.63599133 5.9741876e-07 1.33191405e-08 0.08935445 6.801499e-07 1.0497397e-07 1.007086e-15 1.0078362e-06 0.9428527 2.561676e-05 0.0070239077 2.0064377e-09 0.99469256 0.00038040493 1.45263e-06 5.5591343e-08 0.09891101 0.25607872 0.2766677 5.2648794e-08 0.051871203 0.016323134 0.007900311 7.7490746e-05 0.017724384 1.8441815e-06 4.65614e-06 0.00069370103 8.339915e-07 1.17497745e-08 0.90333253 1.5271926e-08 0.00052248675 0.00017826466 0.004255205 0.0013270361 0.0014081341 9.0175504e-08 0.002020595 1.9141106e-07 0.00019748551 0.022675296 0.0016822079 7.1854697e-06 6.0368006e-06 1.8657743e-06 2.8616478e-05 9.605061e-09 0.0022858104 0.0013546059 4.21356e-09 0.0016321507 1.3644368e-05 0.00036431474 7.734378e-06 4.5892003e-07 0.000645646 0.00021292252 2.8553699e-05 1.569909e-05 5.734867e-06 0.000114684015 2.2090978e-06 5.9384725e-08 3.6504921e-09 0.001198373 8.021023e-05 6.276702e-07 1.0812138e-05 5.6869943e-08 5.735762e-05 4.529287e-08 3.6563893e-08 2.0171483e-06 5.9722165e-09 1.1031977e-06 6.6007356e-06 2.241407e-08 3.8140555e-05 4.5772324e-09
0.0004587728 0.00015915484 0.00011209148 4.320197e-05 0.033028305 0.0013328157 0.030895634 2.735921e-05 5.6920703e-07 0.040074766 0.001262174 0.47464532 9.569327e-06 0.005144216 6.933991e-06 7.35957e-05 0.03279679 3.954282e-07 0.27441692 1.966251e-05 0.0006464084 1.2446089e-06 0.38262787 0.99999946 1.136869e-05 8.476414e-05 5.298428e-05 1.0078362e-06 5.5869673e-14 5.5382484e-06 2.3743676e-05 1.8635805e-07 1.8829361e-06 5.543176e-07 4.1583316e-05 1.9923375e-05 0.076774806 4.0382556e-08 3.9949458e-07 9.269281e-07 0.0035115823 4.9676364e-06 1.578704e-07 1.0578938e-06 2.5970312e-05 4.7022385e-07 0.99356014 8.9609233e-07 3.258014e-08 5.2957506e-07 3.1634904e-08 4.6499613e-07 2.9656011e-08 4.616805e-08 1.14298135e-08 1.8976182e-07 3.9835193e-08 3.0588015e-07 1.770246e-07 1.2306226e-06 1.4747971e-07 5.3109513e-08 1.4885588e-05 2.039129e-07 1.1012598e-07 7.17108e-08 1.5074203e-07 3.6662237e-07 1.6110567e-06 1.5523501e-07 7.787312e-08 0.0010167774 2.4107155e-06 3.277024e-07 8.122888e-07 3.1172856e-08 0.057467803 4.1217746e-07 1.7314085e-05 2.7655524e-06 2.545714e-09 1.1143533e-06 7.26228e-09 5.5212586e-09 2.8279823e-05 8.231021e-06 3.51604e-08 2.1487756e-06 1.2221988e-05 9.0993424e-08 1.4099428e-05 5.936884e-09 4.284839e-09 1.2405863e-05 6.9110784e-09 1.6670285e-09 0.00089608046 6.8112938e-09 5.451824e-06 3.4565417e-06 5.1111146e-09
0.14539108 9.557585e-05 0.00077786244 0.013896997 1.4053254e-06 3.1157924e-05 4.3844904e-07 0.0058090664 0.6880639 6.2300785e-07 2.9510547e-06 5.834241e-08 0.00035378718 6.1712575e-07 0.40312803 0.9234789 8.915354e-07 0.3244583 2.7672008e-06 9.202701e-05 6.3595658e-06 0.29782894 3.480093e-07 1.1926551e-05 0.055155832 7.5189914e-06 4.2559514e-06 0.9428527 5.5382484e-06 9.480451e-14 2.420937e-05 0.9999997 5.408828e-07 0.32583016 0.000502926 9.778971e-06 4.1532826e-07 0.009176782 0.025198117 0.008137738 6.9230746e-06 0.0034023577 0.0008516341 0.00014499796 0.00012505543 4.0999268e-05 7.352982e-07 3.2791042e-06 6.5231934e-06 4.9042907e-08 6.922863e-08 0.00082477817 1.615762e-08 8.580769e-06 0.00069911074 0.00011998065 0.00047845588 6.187968e-06 2.3263834e-07 0.00030132453 4.008429e-07 6.3106927e-07 0.0003402411 8.877205e-06 1.0765949e-05 2.059579e-06 6.861696e-06 6.772877e-07 2.6037205e-06 7.4225322e-06 1.4360986e-05 3.393988e-06 1.7840845e-05 4.5483202e-06 3.38333e-06 4.80652e-07 7.254154e-07 4.4256685e-05 6.94763e-05 8.504235e-05 2.7747747e-06 1.3587194e-05 7.557705e-06 1.692822e-07 1.7491386e-05 9.865757e-08 2.370372e-05 9.42926e-07 5.918444e-07 2.5474376e-06 3.9208015e-07 1.6492069e-06 7.155654e-08 5.0859203e-08 5.9649565e-08 2.4555152e-07 2.9875056e-07 5.240381e-09 5.1482445e-09 2.4561969e-05 6.4512435e-08
