1.4565185e-15 0.013653364 0.23753735 0.00010377143 0.0022399684 0.4068551 0.9018113 0.15505044 0.0004897092 0.9380747 0.9205069 0.935489 0.8207264 0.00286493 0.8204019 0.8951599 0.4235395 0.00034767893 0.9197851 0.9585738 0.017397797 0.19799945 0.9760591 0.97165483 0.7715707 0.3403939 0.8699715 0.87970465 0.72683597 0.92100227 0.5501941 0.98550093 0.58943087 0.7715598 0.4838384 0.9277041 0.21028882 0.6957386 0.76427025 0.8279911 0.9564492 0.94694924 0.96276575 0.808807 0.9376558 0.0009893586 0.83827883 0.9306412 0.92196625 0.91550964 0.7820913 0.8549485 0.82279044 0.25984132 0.8180079 0.0010206167 0.9872775 0.9880342 0.74858207 0.9696651 0.98489875 0.9585393 0.9720775 0.9861854 0.22912785 0.9876286 0.9910589 0.92981124 0.9533837 0.08354228 0.9394795 0.048470072 0.9413 0.63668233 0.029555399 0.362482 0.037972234 0.9108527 0.8575001 0.05030299 0.97173804 0.9951299 0.1464542 0.92801416 0.9998132 0.42264298 0.9450095 0.96432817 0.9999884 3.554636e-05 0.3089729 0.7339151 0.43538833 0.95617956 0.43905792 0.99478513 0.33810616 0.9967225 0.85219646 0.07632972 0.99897647
0.013653364 3.4970734e-15 0.9989661 0.99999905 0.5705248 0.1434483 0.1254689 0.08731607 0.44653842 0.062474303 0.027721532 6.9438145e-05 0.001576019 1.8611216e-06 0.14759439 0.00015965513 0.0004612752 0.000862943 0.0011083626 0.017014572 4.6551126e-05 0.00015323969 0.0011970698 0.0004543818 0.000120508834 3.6960373e-06 0.00013240911 2.4326048e-06 2.1489752e-05 7.580869e-06 7.520357e-07 7.47986e-05 5.897488e-06 1.34011625e-05 5.693862e-05 7.14911e-07 3.6761354e-05 5.8876085e-06 6.3916445e-08 2.907627e-07 1.6901136e-07 7.844441e-07 0.00039714473 1.1156368e-06 2.099045e-06 4.7791455e-05 2.5280121e-07 8.218455e-06 2.7431668e-06 8.187304e-06 0.0001398551 8.546051e-08 8.102494e-05 1.0254109e-07 2.949828e-06 5.6385066e-09 9.1967355e-05 3.8270227e-05 1.405749e-06 0.00020382337 1.312442e-06 2.2714202e-07 1.0695114e-05 3.0356608e-05 7.125202e-08 3.18374e-07 5.6021287e-07 4.3866734e-07 6.9721186e-06 2.3454356e-06 8.394035e-06 2.3770024e-05 1.6125117e-07 5.634639e-08 1.0320152e-07 1.8308214e-08 5.2641433e-09 1.9840995e-08 5.680046e-06 8.850543e-08 2.2421193e-06 6.3062218e-09 1.09585606e-07 4.6501405e-08 3.6649358e-06 1.51742e-07 1.1250464e-06 7.33887e-08 0.000692749 6.862144e-07 3.5497083e-10 2.313038e-08 2.0118382e-08 1.3239831e-05 7.7983775e-10 2.7977447e-05 5.892517e-08 5.609365e-06 6.6154054e-10 1.0936677e-07 5.191071e-06
0.23753735 0.9989661 4.8412243e-11 0.28494284 0.42132694 0.987617 0.74402183 0.18633789 0.0076163462 0.45507348 0.38715705 0.0024999392 0.012707287 0.00039127856 0.04610608 0.00064011954 6.915964e-05 6.349694e-06 0.00061051454 0.26438785 4.173542e-06 2.0599276e-05 0.01992109 0.0036044708 7.236535e-05 2.238943e-05 0.00014573311 1.5229552e-05 3.656172e-05 1.2248363e-06 7.626652e-07 5.2970438e-05 5.1695956e-06 5.179371e-06 1.3006441e-05 7.072447e-07 1.936296e-06 1.1554618e-05 4.203859e-07 1.1488236e-06 6.225787e-06 1.5121227e-05 0.00413162 2.1510964e-06 5.186894e-06 1.0856577e-05 1.3970351e-06 3.6805925e-06 2.7486256e-05 1.5115129e-05 0.00037998834 7.4160823e-07 4.4653338e-05 3.0177412e-07 9.6306485e-06 1.7522044e-08 0.0034958075 0.0010297331 5.0072713e-06 0.000463497 9.13303e-06 3.462356e-05 1.9183763e-05 0.00010397589 1.1433455e-06 1.5933431e-06 2.2469409e-05 7.002117e-06 1.0907523e-05 7.0288355e-05 4.0328714e-06 8.047253e-06 4.6108917e-06 2.3808263e-06 1.474542e-06 3.119116e-07 2.7399784e-07 4.662292e-07 2.0021656e-05 1.5325895e-06 8.67671e-06 3.8938452e-07 5.7016837e-06 9.390192e-08 0.00017297687 8.4979513e-07 2.1425742e-05 1.0765083e-06 0.0010223157 3.026141e-06 1.0483526e-08 4.390277e-07 1.215723e-06 0.00020525632 2.0142944e-07 0.00021100338 1.3315262e-05 4.6058303e-05 7.0018494e-08 3.4781508e-06 1.2218468e-05
0.00010377143 0.99999905 0.28494284 2.0930523e-17 0.9963206 0.07356276 0.028508717 0.045802757 0.837468 0.008478569 0.0074321944 0.00015171155 0.0002998388 8.775556e-06 0.00081110495 1.7058925e-05 3.9396605e-06 1.1731736e-06 2.2248587e-05 0.0009912598 2.3809979e-07 2.1536427e-07 0.00011594074 1.0388485e-05 1.2565154e-07 4.851229e-06 4.189659e-07 1.53022e-07 2.4650132e-07 5.0001518e-08 2.8490426e-09 1.7424511e-06 8.229513e-08 7.3053275e-07 1.5059301e-07 7.0226875e-08 1.3684961e-07 2.8641543e-07 1.590727e-08 9.094657e-08 1.1583491e-07 5.563046e-07 9.142522e-06 2.7871364e-08 1.8199474e-07 1.1595268e-06 1.0665678e-07 1.8495561e-07 3.021534e-07 1.324943e-07 8.275999e-07 3.135138e-08 4.5462187e-07 7.0440503e-10 3.916552e-07 2.5356153e-09 4.9363775e-06 1.9273386e-06 4.09454e-08 4.1115752e-07 2.952334e-07 1.2205727e-07 7.634408e-07 1.5762458e-07 8.5929255e-09 3.353372e-08 1.5242179e-07 4.734624e-09 9.9932905e-08 1.0108582e-07 1.31757485e-08 5.4166406e-08 7.558945e-08 2.0068167e-07 2.7663381e-08 1.7878367e-07 8.6121016e-10 3.4769252e-09 3.2626266e-07 2.8260947e-09 2.2117044e-07 6.6982677e-09 1.5964179e-07 2.0208644e-08 1.9059331e-06 9.7395535e-08 7.0721234e-07 8.005806e-07 5.0454208e-05 1.645406e-07 7.711942e-12 1.330756e-08 6.407409e-10 4.72427e-08 8.867926e-09 1.2175093e-07 6.02649e-09 1.0628362e-09 6.999826e-10 3.3637047e-08 3.5986227e-09
0.0022399684 0.5705248 0.42132694 0.9963206 1.2557192e-12 0.24963409 0.06329868 0.8933375 0.9945315 0.032149974 0.22384606 0.05105529 0.043867644 0.34084132 0.0004966997 0.0043320134 5.0955066e-05 7.767793e-07 0.00013474397 0.005024792 4.393393e-07 3.047019e-05 0.0008986692 0.00029164404 2.6524132e-05 0.0003471437 2.6087226e-05 4.487272e-05 5.741038e-05 2.6765417e-06 1.0855434e-06 2.6676365e-05 9.677567e-06 4.5286783e-06 0.000111766865 4.776425e-07 0.00011130789 2.5943698e-05 5.2046435e-06 1.5868543e-06 5.959786e-05 1.2342397e-05 0.0003315626 4.6367672e-06 8.895833e-06 3.048789e-05 5.5014048e-06 0.00012466569 4.2708954e-05 8.677563e-06 0.000109397086 6.856286e-06 8.238288e-05 2.798724e-07 6.276319e-05 8.5700754e-07 0.00042607397 0.00026332444 3.8159473e-05 9.649932e-05 8.56018e-06 4.0943214e-06 2.962352e-05 2.671728e-05 3.8407206e-06 1.5517628e-05 1.7263254e-05 8.012135e-06 2.2242582e-05 4.3624183e-05 7.900235e-06 1.4572359e-05 1.7971362e-05 2.3531866e-05 3.0143186e-05 1.5923035e-05 2.6087013e-08 3.3457232e-07 3.7936137e-05 8.425357e-07 3.3016631e-06 6.4839617e-07 2.7297428e-06 3.6878128e-06 6.4617205e-05 7.982611e-06 2.8628572e-05 3.920893e-06 0.008504131 3.3720316e-05 1.3882384e-07 1.7264199e-06 2.251221e-06 2.2514927e-05 4.1850485e-06 1.8644128e-05 9.0437105e-05 4.4163107e-06 7.193674e-07 4.1792578e-06 5.799633e-07
0.4068551 0.1434483 0.987617 0.07356276 0.24963409 4.1592549e-13 0.99887055 0.2909429 0.0012832858 0.80911237 0.61512214 0.03387038 0.11908639 0.0010611091 0.047264177 0.0016082353 0.00010008509 8.077485e-06 0.0017340641 0.43734902 3.823019e-06 5.8898268e-06 0.025699187 0.0042161155 4.630768e-05 0.00023320445 0.00050731853 0.0006089745 1.546099e-05 3.288288e-07 8.114782e-07 0.00033376308 0.00011935365 2.2868078e-06 1.878686e-07 1.6010193e-07 1.4318033e-07 1.07726045e-07 1.3879597e-08 9.015985e-08 1.807275e-05 0.00021152865 0.013469809 2.1252234e-07 4.5509253e-07 3.2799065e-07 1.1515214e-07 3.122759e-09 0.0006918003 9.762049e-06 0.0018103765 6.5292184e-08 0.00019726848 4.4983818e-07 0.00022584075 5.156594e-07 0.052971564 0.011867764 6.975776e-06 0.0027614306 6.878127e-06 7.576088e-07 0.00013505633 0.0005282951 8.51824e-08 9.485992e-07 0.00070093595 4.994566e-08 9.6369695e-06 3.0485374e-08 1.6301726e-07 2.1685091e-08 9.832319e-08 3.5616754e-08 6.30667e-08 1.4634856e-08 2.695556e-10 2.5423021e-06 6.4931135e-07 1.239266e-08 3.8722023e-06 7.3553915e-06 6.914761e-08 6.2124093e-07 9.984951e-05 4.6750674e-08 5.727552e-07 1.5234251e-06 0.00041468337 1.2668522e-07 3.832314e-09 1.1715468e-06 9.15898e-08 8.05247e-05 3.9593175e-08 4.474763e-05 1.0300334e-06 1.9358207e-05 1.3727167e-07 1.1061169e-06 6.8731506e-06
0.9018113 0.1254689 0.74402183 0.028508717 0.06329868 0.99887055 1.6743744e-12 0.085743695 0.0004334811 0.97410184 0.45035318 0.017466925 0.06142568 0.00026962018 0.24108872 0.0011199265 0.0011460491 6.786533e-05 0.0064381897 0.8050759 6.0495753e-05 0.00011474769 0.14727291 0.040673185 0.0008731921 0.000119474025 0.0038746998 0.0010025905 3.087653e-05 5.6142085e-06 0.00013292646 0.0026964024 0.00029811435 0.00022087083 2.8185856e-05 1.0095625e-05 2.7202027e-06 1.2594475e-05 4.081536e-07 6.46507e-06 5.5836235e-06 0.00018283038 0.051852506 1.1147025e-05 7.654359e-06 7.592467e-06 1.6218843e-05 6.916673e-08 0.0008571123 5.4195476e-05 0.011198416 3.1994043e-06 0.0018702743 3.9445817e-06 0.00024439034 1.4313983e-06 0.26219425 0.034367938 1.9462832e-05 0.017172853 0.000115736366 5.6114304e-06 0.0019168566 0.0037803508 2.754865e-06 1.2156326e-06 0.0013478233 2.7400387e-07 0.00012694666 1.1927592e-06 1.0144422e-05 5.8088546e-07 2.9737674e-07 2.738641e-07 5.5934406e-06 1.216365e-07 5.587016e-08 5.4483235e-07 2.1347543e-05 3.875459e-07 7.2596804e-06 6.812658e-07 1.4679223e-06 1.4318579e-07 0.0003344248 1.8758931e-07 1.5770134e-06 5.308022e-07 0.0026813385 3.798604e-06 8.3530836e-08 1.1043094e-06 1.096063e-07 0.0026414618 6.1568493e-09 0.00058676116 1.5823623e-05 0.0008877624 1.7544954e-08 4.663706e-05 7.7411125e-05
0.15505044 0.08731607 0.18633789 0.045802757 0.8933375 0.2909429 0.085743695 7.303034e-13 0.14843892 0.08817427 0.80209553 0.9943544 0.71834576 0.9912404 0.0013507121 0.48298973 2.7316387e-06 5.3576997e-07 0.0001164678 0.0454696 3.6743302e-07 6.3376456e-07 0.0024973834 0.000459707 2.6316944e-05 0.4803543 0.00011769367 0.008812672 4.625889e-06 3.4173613e-07 7.974922e-07 0.0003131702 0.006950318 2.457966e-05 0.00011769098 1.2684903e-07 2.1491626e-06 4.055043e-06 2.6216168e-07 4.2778865e-07 0.000184062 0.0014916235 0.0026863667 2.2431373e-06 3.338283e-06 0.00014220836 5.951249e-07 2.3584585e-06 0.0012039648 1.1231768e-06 0.0010416491 3.5838443e-07 0.00018289873 8.578825e-07 0.0011471043 4.0414285e-05 0.044825684 0.011896916 0.00031998436 0.001076826 3.3556694e-06 1.7780783e-05 3.8684953e-05 0.0004442088 7.3759026e-08 5.278904e-05 0.00036605608 7.1989824e-08 1.9972551e-05 1.5853968e-07 1.8699451e-07 4.9006907e-08 6.494884e-07 3.1538886e-07 4.773868e-06 5.713084e-07 1.6405837e-08 1.3133028e-05 2.4414435e-06 8.437515e-07 9.852665e-07 1.0879276e-05 1.3369014e-06 1.0223156e-05 0.0007900638 4.2439805e-07 1.7880977e-05 5.1990803e-05 0.0011474042 1.0534981e-06 1.1358551e-08 2.600626e-06 2.7815812e-08 0.00029920123 1.1179544e-06 5.8224603e-05 9.211428e-07 2.9603638e-05 7.2558703e-07 5.479902e-07 1.2216364e-06
0.0004897092 0.44653842 0.0076163462 0.837468 0.9945315 0.0012832858 0.0004334811 0.14843892 9.261825e-18 0.00021644578 0.0011140076 0.008036616 0.00055300526 0.99846834 3.976913e-05 0.00013542688 3.093359e-07 1.4391636e-06 1.03748325e-05 5.656771e-05 3.2569343e-07 1.2428024e-08 5.1887025e-07 1.2460507e-06 1.9611507e-06 9.487558e-05 2.2726944e-07 7.645422e-06 1.6762584e-06 6.689989e-07 5.3342703e-08 6.429666e-06 1.1670753e-06 1.3413419e-06 4.124582e-07 9.95332e-07 1.6922716e-07 1.9677846e-06 5.9117593e-07 6.726781e-07 1.12310026e-07 6.1202295e-06 8.782455e-06 2.8792414e-07 5.4302427e-06 1.3993655e-05 1.0262953e-05 2.9143825e-08 1.1272863e-05 6.235633e-06 3.3931712e-05 2.0183211e-07 3.587172e-05 1.0402444e-07 8.493499e-06 5.3865955e-07 5.171644e-05 4.1325966e-06 5.7593948e-06 1.5261647e-06 4.0927465e-05 2.9980745e-07 0.0005045438 2.6813768e-05 4.143184e-08 1.6298966e-06 3.4132154e-05 4.0915655e-08 2.7001126e-06 2.4464367e-07 3.381425e-07 4.5482048e-07 1.3799082e-07 2.0704823e-07 1.2267236e-07 1.1942002e-06 3.730255e-08 1.1839344e-06 7.0562777e-07 4.9225843e-08 1.0837047e-05 2.3512202e-08 3.5186401e-06 1.5371801e-06 0.0005645925 5.695279e-07 6.7030196e-06 3.1726568e-06 0.015865518 6.438063e-07 3.5796464e-09 2.2675856e-08 2.9727294e-09 0.0003744209 1.5581347e-07 0.0012779671 6.033552e-07 5.4450907e-06 8.284283e-09 1.5113125e-07 2.4740945e-07
0.9380747 0.062474303 0.45507348 0.008478569 0.032149974 0.80911237 0.97410184 0.08817427 0.00021644578 1.5865453e-12 0.97841954 0.053938635 0.34334785 0.0005544472 0.4901387 0.0050624055 0.0037207354 7.809442e-05 0.010534854 0.9854785 0.0002940545 0.00020050729 0.8391776 0.14483161 0.0022218055 0.00032207023 0.0061531845 0.007783385 3.2919714e-05 2.0826059e-05 0.0001770492 0.003930939 0.0004899448 0.0004206075 2.2354012e-05 2.3067432e-05 3.6337974e-06 8.329078e-06 2.6392534e-06 1.4211596e-05 5.2998153e-06 0.00057758886 0.290533 7.6288234e-06 6.9306057e-06 1.2076786e-05 9.083208e-06 3.8774735e-07 0.004198747 0.00015445378 0.03546631 1.0787209e-06 0.007339088 2.638833e-06 0.0010872887 1.120609e-06 0.4474783 0.17572257 0.00011216109 0.06794889 0.00025700315 1.5975182e-06 0.007267194 0.015907554 2.3544412e-07 7.4235754e-07 0.007461621 7.787327e-08 0.00061878806 6.789982e-07 1.3353856e-05 7.298377e-07 9.2301455e-08 8.226578e-08 1.0385509e-06 4.1104872e-08 1.0191008e-08 1.9955594e-06 3.0731233e-05 7.894962e-08 8.512296e-06 2.83268e-06 4.2404042e-07 5.499354e-06 0.0007264782 2.3548748e-07 2.2174966e-06 4.7543767e-06 0.005241509 2.4162108e-07 6.594009e-08 6.4087108e-06 3.505447e-08 0.003639411 3.9575962e-08 0.0006475653 9.934629e-07 0.0007432839 6.5894206e-08 1.2184675e-05 2.3719517e-06
0.9205069 0.027721532 0.38715705 0.0074321944 0.22384606 0.61512214 0.45035318 0.80209553 0.0011140076 0.97841954 3.3400284e-13 0.6993621 0.99282193 0.005547203 0.019411478 0.20175138 0.000103224316 8.721592e-06 0.00044462562 0.86362535 1.7838973e-05 5.635142e-05 0.38680166 0.005501039 0.000650315 0.0030824852 0.0007805975 0.028319182 4.3380096e-06 7.268018e-07 1.0018483e-05 0.0007214144 0.0015707238 8.77039e-05 2.9842865e-06 3.1144273e-06 6.370234e-07 9.018725e-07 2.9985463e-07 3.4305629e-07 0.00014493531 0.0027246934 0.19226982 5.593867e-06 5.332096e-07 1.6892225e-05 8.339692e-07 1.137804e-07 0.008620098 1.7608558e-05 0.011683364 1.2420346e-06 0.0035083971 1.2729319e-05 0.005457758 3.9424136e-05 0.6541229 0.36949977 0.000814643 0.023887178 6.9409575e-06 4.5553134e-06 0.0017784237 0.0059958557 9.737469e-07 4.5380125e-06 0.016329736 1.4002764e-08 0.00021247646 1.217234e-07 1.4552458e-07 1.6459283e-07 6.810051e-08 8.983439e-08 5.4523907e-06 4.8195435e-08 1.9667956e-10 1.869209e-05 4.045541e-06 5.3527356e-07 1.4165906e-06 1.2376108e-05 6.6301385e-07 5.9910824e-05 0.0037280736 8.918988e-08 1.0940152e-05 1.8132221e-05 0.003694769 1.2335449e-06 1.05035255e-07 4.9825535e-06 5.7139694e-08 0.0005401308 3.8120695e-07 0.000111242945 1.3060624e-05 5.3392865e-05 1.8083021e-07 1.7824706e-05 7.004133e-08
0.935489 6.9438145e-05 0.0024999392 0.00015171155 0.05105529 0.03387038 0.017466925 0.9943544 0.008036616 0.053938635 0.6993621 6.1936026e-11 0.92139405 0.04566187 0.00060645485 0.95732784 1.6376841e-06 1.0850682e-06 7.768653e-05 0.13274798 5.603874e-06 2.2983177e-05 0.0059881066 0.0006767525 7.769053e-05 0.76790285 0.0001831728 0.09650909 5.7000907e-06 7.44053e-07 1.9885181e-07 0.0004078756 0.04521911 1.0044064e-05 1.3283743e-05 1.7874505e-06 9.5054675e-06 4.8180827e-06 1.0148586e-06 9.809461e-07 0.00022790006 0.012403238 0.010835836 1.67622e-06 2.690262e-05 0.00045239175 7.3361156e-07 3.1451136e-06 0.060618196 5.3387776e-05 0.0007807327 5.2069268e-08 0.00012738872 4.4099535e-05 0.008658096 0.00016347475 0.6300654 0.1871085 0.0006238557 0.002127357 5.7709272e-05 5.2065774e-05 0.00016648373 0.0001732169 2.5091633e-06 0.00020260633 0.03418014 7.6741696e-07 3.8714217e-05 1.8010368e-06 1.9896097e-06 1.4459458e-06 2.9807981e-05 1.2304461e-05 1.5375768e-05 2.4580518e-06 2.1353578e-08 8.40499e-05 1.8756946e-05 3.271951e-06 2.6751711e-06 3.157446e-05 1.8342636e-05 3.498789e-05 0.008957323 2.5297763e-06 0.00030535102 0.00011055928 0.00059875066 7.1989684e-06 5.279845e-07 3.9459454e-05 3.895437e-08 0.0024739357 3.1219164e-07 0.00078023627 2.384112e-06 0.00013498847 1.3326371e-06 5.0352442e-05 2.730072e-05
0.8207264 0.001576019 0.012707287 0.0002998388 0.043867644 0.11908639 0.06142568 0.71834576 0.00055300526 0.34334785 0.99282193 0.92139405 2.6588885e-13 0.011898782 0.002234566 0.99099 3.7845904e-05 1.1182251e-06 9.29504e-05 0.2314095 1.859408e-06 1.723948e-05 0.04203896 0.0010414987 8.845181e-05 0.13475399 0.00014644518 0.24031354 3.3775752e-06 1.6830381e-07 1.9178483e-06 0.00012271795 0.014951142 1.4850919e-05 3.818224e-06 7.5074655e-07 2.3757016e-07 1.0173151e-06 3.024042e-07 3.7570547e-07 0.00017242004 0.0063327462 0.053038016 2.432665e-06 4.6934218e-07 5.0581752e-06 4.1752836e-07 1.038793e-07 0.011760258 1.1308148e-05 0.003718797 3.8414586e-07 0.0010943393 1.9934985e-05 0.010299709 0.0004155553 0.5380348 0.25965843 0.0017357352 0.006720831 2.2520712e-06 2.3152306e-05 0.00040672216 0.0015968572 1.6558811e-06 4.0732655e-05 0.02239885 1.5954978e-08 6.301828e-05 1.09276286e-07 4.229755e-08 1.9177084e-07 4.938659e-07 5.3382325e-07 1.3167157e-06 4.1613623e-07 1.2062362e-09 6.0769784e-05 2.012172e-06 3.5396636e-07 8.427285e-07 2.9832867e-05 7.8940025e-07 8.0199745e-05 0.006419177 1.7478892e-07 4.0729432e-05 8.251388e-05 0.0016600975 3.717773e-07 1.938969e-07 1.221785e-05 1.8102371e-08 0.0001664126 1.318683e-07 2.263834e-05 1.7037975e-06 9.886582e-06 2.2592442e-07 1.5295154e-05 7.790565e-08
0.00286493 1.8611216e-06 0.00039127856 8.775556e-06 0.34084132 0.0010611091 0.00026962018 0.9912404 0.99846834 0.0005544472 0.005547203 0.04566187 0.011898782 9.31732e-14 4.676776e-06 0.04182707 7.9891566e-07 1.5117081e-08 0.0001341384 0.000119156095 3.7973322e-08 4.279235e-06 8.0302025e-06 3.6477552e-06 3.995371e-06 0.9308535 1.2211494e-06 0.0005794757 4.7257512e-05 9.2361114e-07 5.0428804e-07 2.4140147e-06 0.0010725461 1.8613382e-06 8.526421e-05 1.5177378e-06 8.152834e-06 1.9281486e-05 1.091067e-06 2.806819e-06 6.3701984e-05 6.061906e-05 9.928572e-06 2.0235063e-06 3.953945e-06 2.7040414e-05 3.285285e-07 5.0523202e-05 1.3795557e-05 2.3265932e-06 6.4000966e-07 4.7762546e-06 2.8192776e-06 3.6438162e-06 5.3433872e-05 0.00020929966 0.0001580261 3.705763e-05 4.6337523e-06 1.1751208e-06 2.5127156e-07 3.346063e-06 3.0282051e-06 1.2120903e-06 1.4313684e-06 2.698846e-06 2.787672e-05 2.888919e-06 4.7655868e-07 2.4530065e-05 4.6793255e-07 7.715931e-06 9.659167e-07 3.5411287e-07 9.268794e-07 2.8953025e-07 2.1599016e-07 9.8650794e-08 1.4651838e-06 6.436642e-08 1.2132722e-06 6.388074e-08 3.7151221e-07 1.967836e-07 2.674007e-05 2.5757421e-07 5.1202696e-06 4.529672e-06 0.0007567337 7.1059644e-06 1.4316659e-08 2.295966e-06 6.664285e-08 4.266814e-06 4.9077465e-07 7.2977025e-07 1.0552337e-06 1.4616201e-07 4.9035428e-08 4.3483996e-07 3.7185143e-07
0.8204019 0.14759439 0.04610608 0.00081110495 0.0004966997 0.047264177 0.24108872 0.0013507121 3.976913e-05 0.4901387 0.019411478 0.00060645485 0.002234566 4.676776e-06 3.0260074e-12 6.8455025e-05 0.98762476 0.2038861 0.9830324 0.7015545 0.008278184 0.0065533514 0.61791545 0.9383995 0.23570077 3.175834e-05 0.23147981 0.00036482615 0.0031744447 0.00033896166 0.00085292396 0.0679515 5.447986e-05 0.00065023685 0.00016751734 0.0004393513 6.529869e-05 2.18781e-05 4.225002e-06 1.086391e-05 1.687528e-06 0.000111680994 0.111452736 1.5650718e-05 4.242111e-05 0.000100582176 3.139116e-05 2.3218927e-07 0.0018300553 0.00039047768 0.03967707 5.965748e-06 0.007729132 2.0788318e-07 0.0005614343 6.9067596e-08 0.011570763 0.0064251246 8.56539e-06 0.028328242 0.0008348677 7.3698707e-06 0.0051109665 0.0080045555 7.053657e-08 9.314829e-07 0.0019595346 2.985697e-07 0.0002748051 1.2258776e-06 2.4579078e-05 2.1658288e-06 3.5783765e-07 1.7970606e-07 6.4396164e-07 9.472905e-08 1.0299957e-07 1.6708941e-06 5.3528047e-06 2.43768e-07 1.7411716e-05 9.225195e-07 5.8121907e-07 6.700751e-06 0.0004561965 1.476217e-07 1.3830195e-06 5.2255923e-06 0.0007272737 9.60208e-08 2.597188e-08 6.788485e-06 1.7758836e-07 0.0023679796 3.1433412e-08 0.00060563325 3.5212684e-06 0.002114536 5.307518e-08 2.0949483e-07 0.00010290223
0.8951599 0.00015965513 0.00064011954 1.7058925e-05 0.0043320134 0.0016082353 0.0011199265 0.48298973 0.00013542688 0.0050624055 0.20175138 0.95732784 0.99099 0.04182707 6.8455025e-05 2.002312e-13 7.705481e-06 2.5852313e-07 1.0365032e-05 0.020187838 6.0219604e-06 1.3114942e-05 0.0019366055 0.00011850177 4.5018278e-05 0.9485944 4.429975e-05 0.92838085 2.9573036e-06 8.8557094e-08 4.3207078e-07 5.2644e-05 0.6414988 5.7483758e-06 2.7854037e-06 2.9855914e-07 3.5532619e-06 4.5012503e-06 5.082994e-07 1.7956996e-06 0.0179486 0.29535562 0.01677019 9.852143e-06 8.06305e-07 8.827375e-05 1.9787935e-06 2.0119063e-07 0.17799892 3.806172e-06 0.001726929 2.2978675e-06 0.0003980381 0.0013316716 0.13897392 0.009685845 0.7015617 0.3457181 0.02639476 0.0033628328 3.2115267e-07 0.00016086525 7.8456236e-05 0.00040415945 8.905268e-05 0.0007627369 0.16021585 6.8595725e-09 1.3090276e-05 3.0712155e-07 2.999071e-08 5.542568e-07 5.1679885e-06 7.1686014e-07 9.8868695e-05 1.7588377e-06 1.1076058e-09 0.001357374 2.0231862e-06 4.980957e-06 1.1431765e-06 0.00081679015 6.820687e-07 0.0010108588 0.02839706 9.681193e-08 0.0004972953 0.0015118582 0.0004814422 1.9837078e-06 6.959745e-07 0.0005650162 4.564593e-08 5.340758e-05 8.0804324e-07 8.935021e-06 3.5651587e-06 4.2955494e-06 1.0054711e-05 2.9649438e-05 3.3222598e-08
0.4235395 0.0004612752 6.915964e-05 3.9396605e-06 5.0955066e-05 0.00010008509 0.0011460491 2.7316387e-06 3.093359e-07 0.0037207354 0.000103224316 1.6376841e-06 3.7845904e-05 7.9891566e-07 0.98762476 7.705481e-06 6.177032e-17 0.99968666 0.8803192 0.0109882625 0.18551727 0.13656181 0.012826386 0.33040297 0.31134346 8.35962e-06 0.11116843 3.8388966e-06 0.0035172512 7.158819e-05 0.00037483298 0.029625472 2.5155052e-06 0.00022201121 6.53686e-05 3.6216974e-05 5.24952e-05 1.7619277e-05 1.930383e-06 3.4576392e-06 4.7328587e-07 4.126892e-05 0.0034900182 3.680968e-06 1.7168619e-05 0.00012577593 1.3634292e-06 3.0890915e-06 5.2168758e-05 2.7749824e-05 0.004608274 6.2228816e-07 0.0026918086 8.425731e-08 6.0531245e-05 3.0847197e-08 0.0002758017 0.00042621596 2.703188e-05 0.0024749918 1.9719617e-05 1.2099312e-05 0.00035439397 0.0011241522 8.574085e-08 1.522712e-06 0.00010413338 6.8389574e-09 6.350484e-05 6.8766417e-07 1.0941889e-06 1.1075964e-05 6.8000463e-07 9.153251e-08 2.3685823e-07 3.4838857e-07 5.1952853e-10 5.2720843e-08 1.2037364e-06 4.4430067e-07 2.7151503e-07 2.9484372e-07 2.6720836e-06 1.3001724e-06 8.779302e-05 8.1639286e-08 5.299853e-07 7.108102e-07 0.0002210997 9.872247e-09 5.192672e-09 7.1769745e-07 1.03796e-09 2.4447974e-05 7.2550668e-09 1.785109e-05 1.2750617e-07 2.6444572e-05 1.9832849e-09 8.480528e-09 9.163685e-07
0.00034767893 0.000862943 6.349694e-06 1.1731736e-06 7.767793e-07 8.077485e-06 6.786533e-05 5.3576997e-07 1.4391636e-06 7.809442e-05 8.721592e-06 1.0850682e-06 1.1182251e-06 1.5117081e-08 0.2038861 2.5852313e-07 0.99968666 2.7673886e-19 0.004823881 1.0954872e-05 0.9999573 0.010229413 9.267978e-06 0.00014899657 0.00043375295 9.1312677e-07 9.555743e-05 1.1756169e-07 1.5231789e-05 9.010033e-07 3.8072103e-06 4.5394514e-05 5.3633335e-07 5.1355473e-06 7.344717e-06 2.5451632e-07 1.601331e-05 3.251584e-07 1.3424501e-08 2.3508255e-08 8.393198e-09 1.1798463e-06 1.0297777e-05 1.2153642e-07 4.7539075e-07 0.024746004 3.0106412e-07 5.730278e-07 4.4699073e-06 2.3787702e-06 2.6693695e-05 3.0777454e-07 5.1341713e-06 8.7412344e-10 1.962331e-08 4.6000728e-10 6.547148e-07 3.586559e-07 5.11765e-09 7.306613e-06 1.1342943e-06 6.397472e-07 3.5565636e-06 6.990261e-06 1.4982817e-09 2.0934866e-07 4.668325e-07 2.0789088e-09 2.145984e-06 2.0193731e-08 4.771945e-07 1.5276355e-06 2.5539295e-08 3.4938172e-09 4.50368e-10 1.0195227e-08 2.579749e-09 9.2583824e-10 5.341713e-08 4.2864125e-11 6.1543865e-08 7.8107626e-10 8.382298e-10 1.9258888e-08 3.4624153e-07 7.3079076e-10 3.7471713e-07 4.1429766e-09 6.2214367e-06 2.9094231e-08 1.1986048e-11 1.2926964e-09 3.8666617e-09 4.792491e-07 2.4952308e-11 4.455184e-07 1.4454143e-09 1.357049e-07 5.86431e-11 1.7127552e-07 1.9845488e-07
0.9197851 0.0011083626 0.00061051454 2.2248587e-05 0.00013474397 0.0017340641 0.0064381897 0.0001164678 1.03748325e-05 0.010534854 0.00044462562 7.768653e-05 9.29504e-05 0.0001341384 0.9830324 1.0365032e-05 0.8803192 0.004823881 1.5100431e-11 0.07863717 0.290614 0.80186564 0.12449718 0.96340084 0.9108089 0.0004283169 0.69017625 1.4827314e-05 0.026772184 0.0084286295 0.0077837966 0.46398214 6.0602665e-06 0.012932442 0.0006659742 0.001584293 0.0005862466 0.00012372763 1.09583925e-05 3.317101e-05 2.8461125e-05 3.9067865e-05 0.06768875 5.4728152e-05 4.3146796e-05 0.00021020621 4.0966082e-05 2.5109839e-05 0.00038216868 0.0020261726 0.097466685 8.154008e-06 0.043505955 4.8598185e-06 0.00012793035 1.39944e-07 0.022631455 0.008658583 1.6631479e-05 0.051501807 0.0051768776 6.4890496e-06 0.0714392 0.0603015 3.68587e-07 1.7770129e-06 0.00045304841 2.3706104e-06 0.0019207451 1.5226423e-06 2.7722159e-05 2.8362498e-05 2.608056e-07 4.7850488e-08 2.503126e-06 3.5264975e-08 1.5387977e-08 3.801088e-07 7.373656e-05 3.0587826e-06 7.182788e-05 2.1454242e-07 1.7511138e-06 1.5069351e-06 0.0001414856 2.9411635e-07 6.910485e-07 3.9611095e-07 0.007850856 1.4375937e-07 5.4955212e-08 1.6844698e-06 2.627995e-07 0.014180756 7.3650324e-07 0.0043401555 2.0170839e-05 0.0051916135 2.0214011e-07 1.2880639e-06 0.00022690768
0.9585738 0.017014572 0.26438785 0.0009912598 0.005024792 0.43734902 0.8050759 0.0454696 5.656771e-05 0.9854785 0.86362535 0.13274798 0.2314095 0.000119156095 0.7015545 0.020187838 0.0109882625 1.0954872e-05 0.07863717 8.082358e-11 0.00058967876 0.00030058317 0.9877635 0.40772474 0.005378947 0.00039153761 0.016049827 0.008241396 0.00025550433 6.034617e-05 0.00020086809 0.007870096 0.0006561644 0.00038240253 3.3028457e-05 0.00015308674 8.6672735e-06 4.1906264e-05 4.284282e-06 3.0937987e-05 0.000113440256 0.0010720446 0.7773751 1.6008178e-05 1.5018428e-05 3.554266e-07 7.925991e-06 3.972173e-06 0.009890266 0.00034648934 0.06380215 8.845042e-06 0.016321437 3.2302796e-05 0.0021204418 3.8034905e-06 0.4852937 0.25815058 0.00028545625 0.13629273 0.0009757084 2.7456914e-05 0.01766457 0.04452419 2.7256834e-07 1.4187396e-05 0.028869445 2.5687987e-06 0.003231757 1.0719065e-06 1.5060064e-05 2.784137e-06 1.3018486e-06 5.708662e-07 1.8746243e-06 1.016849e-07 1.2818173e-09 6.0391444e-06 2.163163e-05 5.922625e-08 1.4217615e-05 9.443348e-06 1.1964631e-06 6.1482506e-06 0.00420886 6.083582e-07 2.5105e-05 1.2462866e-05 0.014621507 4.7547708e-08 1.6916084e-07 6.5700247e-06 1.9515515e-08 0.0058941767 1.6375802e-07 0.003071488 1.0561885e-07 0.0021537775 2.2746653e-07 3.2612826e-07 3.8667463e-07
0.017397797 4.6551126e-05 4.173542e-06 2.3809979e-07 4.393393e-07 3.823019e-06 6.0495753e-05 3.6743302e-07 3.2569343e-07 0.0002940545 1.7838973e-05 5.603874e-06 1.859408e-06 3.7973322e-08 0.008278184 6.0219604e-06 0.18551727 0.9999573 0.290614 0.00058967876 1.8009752e-17 0.9983028 0.00063557073 0.0118036065 0.10569082 3.0810652e-06 0.010433264 1.3788328e-06 0.045769755 0.0029815699 0.013329486 0.002991995 2.3091127e-06 0.0015623138 0.011176879 8.154534e-05 0.00830878 8.892826e-05 0.00018669866 2.518937e-05 8.6236005e-06 2.4828557e-06 0.00069065596 8.4763415e-05 1.454222e-05 0.039089266 2.2800601e-05 0.0004023859 1.9287096e-05 8.880766e-05 0.0007283967 1.8781308e-05 0.00036891951 2.7429628e-08 1.2733223e-06 1.0199082e-07 5.7792484e-05 5.1562056e-05 2.3476834e-07 0.0003246272 0.00015142954 1.4152439e-05 0.0009913727 0.00025417906 7.3081104e-08 1.5812634e-06 2.0579846e-06 4.538923e-07 0.000102597296 3.1773352e-06 5.8706562e-05 0.00014146345 9.50772e-07 2.8687067e-08 3.6362775e-07 9.142847e-09 1.2023669e-07 2.1261721e-09 3.102497e-05 3.829028e-08 1.7816481e-05 4.4007056e-09 4.871874e-08 7.572538e-08 2.008832e-06 9.4751826e-08 6.007966e-07 8.418148e-08 0.0001205463 2.2547747e-06 1.436693e-09 2.8502994e-08 7.067852e-08 5.8627284e-05 7.132197e-10 4.125881e-05 1.6528683e-07 5.6458197e-05 8.799872e-09 8.482713e-07 7.188099e-05
0.19799945 0.00015323969 2.0599276e-05 2.1536427e-07 3.047019e-05 5.8898268e-06 0.00011474769 6.3376456e-07 1.2428024e-08 0.00020050729 5.635142e-05 2.2983177e-05 1.723948e-05 4.279235e-06 0.0065533514 1.3114942e-05 0.13656181 0.010229413 0.80186564 0.00030058317 0.9983028 4.8649412e-14 0.0012460907 0.12482483 0.81346786 0.0006283941 0.2508855 5.7282755e-06 0.9100495 0.37385142 0.6384045 0.107443675 3.6920374e-05 0.19289728 0.85506856 0.01856174 0.6035052 0.076696046 0.05822859 0.037270382 0.00011750705 2.271442e-05 0.0021051026 0.065514416 0.009768526 0.8243214 0.022460787 0.27678362 2.3569464e-05 0.0069398927 0.008629318 0.0043070684 0.0057136053 1.677628e-07 1.1887127e-05 1.7980694e-06 0.00028709378 0.00047304115 1.0738069e-05 0.0017554129 0.0051413765 5.3785643e-06 0.017020844 0.0026830751 2.1787818e-07 4.4418715e-07 2.9008801e-05 0.00075163355 0.0025213032 0.0010548072 0.0012457597 0.0035122202 1.0644541e-07 4.759317e-08 5.686989e-06 4.0479544e-09 0.00032991768 1.741848e-08 0.0025753297 2.9922163e-07 0.00030959013 1.0428071e-07 4.502592e-07 9.379828e-08 2.9443685e-05 2.1217099e-07 5.5198775e-06 1.3422415e-06 0.0008002586 0.0009206665 3.0547114e-09 2.3125449e-07 1.6286902e-05 0.0025127134 8.33475e-08 0.0006786744 1.4002258e-06 0.0007182771 7.013733e-08 2.497643e-05 0.00069032016
0.9760591 0.0011970698 0.01992109 0.00011594074 0.0008986692 0.025699187 0.14727291 0.0024973834 5.1887025e-07 0.8391776 0.38680166 0.0059881066 0.04203896 8.0302025e-06 0.61791545 0.0019366055 0.012826386 9.267978e-06 0.12449718 0.9877635 0.00063557073 0.0012460907 1.090803e-11 0.9068693 0.0131463185 4.29658e-05 0.10054649 0.006588781 0.00022263647 0.00017967599 0.00016171928 0.021677038 0.00019807798 0.00068053906 3.4777097e-06 0.0012334022 5.2043356e-06 5.9642378e-05 1.8532596e-06 3.9459683e-05 1.0489232e-05 0.0010072708 0.95917755 2.062667e-06 0.00017106798 3.5323728e-07 3.2004315e-05 2.6754276e-07 0.020909503 0.0014349831 0.25660002 1.0173942e-05 0.06479605 1.3049647e-06 0.004036086 1.12243214e-07 0.5669957 0.45516533 0.0005409863 0.3862197 0.0027718283 1.0212749e-05 0.03187302 0.16208085 1.9818945e-08 1.09687035e-05 0.036615927 1.2280681e-06 0.012062123 1.9695888e-06 4.5018667e-05 9.1550544e-07 2.501743e-07 5.652335e-08 7.6090814e-08 1.6800335e-08 6.7447503e-10 1.23187965e-05 4.9566977e-05 1.3354898e-09 3.7937258e-05 4.5075543e-05 5.631996e-08 1.02190525e-05 0.00800488 4.063087e-08 3.1927397e-05 8.721451e-06 0.040265147 7.870256e-09 4.8724594e-08 1.6437599e-06 4.0342442e-08 0.011921652 1.3960062e-09 0.006680668 7.603043e-09 0.005824221 5.4604882e-08 4.0827157e-07 9.052758e-06
0.97165483 0.0004543818 0.0036044708 1.0388485e-05 0.00029164404 0.0042161155 0.040673185 0.000459707 1.2460507e-06 0.14483161 0.005501039 0.0006767525 0.0010414987 3.6477552e-06 0.9383995 0.00011850177 0.33040297 0.00014899657 0.96340084 0.40772474 0.0118036065 0.12482483 0.9068693 2.2879546e-14 0.86508703 1.5765601e-05 0.9772878 0.00012125112 0.0061587146 0.005586351 0.0024268676 0.37164184 2.0527816e-05 0.011187431 0.00020907004 0.0071251555 9.890764e-05 8.3128376e-05 6.8563845e-06 5.536361e-05 1.055281e-06 0.00018336768 0.67253536 1.502334e-05 0.00010113785 7.1202976e-06 0.0001238288 2.273116e-06 0.0016548585 0.0040423283 0.5085835 1.9102978e-05 0.31435847 5.471119e-07 0.0011868034 1.2018877e-07 0.11926514 0.07374079 0.00012661223 0.41410035 0.0072709685 3.0770923e-06 0.10176185 0.39974356 8.600209e-08 5.6461266e-07 0.0037938925 3.794916e-07 0.010237724 1.470262e-06 7.0862814e-05 3.262893e-06 1.0178813e-07 1.7478727e-07 2.6024322e-06 1.0818068e-07 2.935591e-10 9.898379e-07 3.020644e-05 3.3344566e-07 1.7518463e-05 1.1966023e-06 5.128414e-07 1.6377637e-06 0.0005543277 6.670058e-08 4.9206838e-06 3.3765718e-07 0.011200482 1.3588592e-09 1.500205e-07 1.7336515e-06 3.2227664e-08 0.023252552 6.309181e-09 0.009425785 1.4551e-07 0.016009057 3.0971194e-07 1.4483521e-07 5.8576843e-06
0.7715707 0.000120508834 7.236535e-05 1.2565154e-07 2.6524132e-05 4.630768e-05 0.0008731921 2.6316944e-05 1.9611507e-06 0.0022218055 0.000650315 7.769053e-05 8.845181e-05 3.995371e-06 0.23570077 4.5018278e-05 0.31134346 0.00043375295 0.9108089 0.005378947 0.10569082 0.81346786 0.0131463185 0.86508703 5.688694e-13 0.00013215655 0.9930033 2.0081281e-05 0.5477097 0.913227 0.31712776 0.8612076 1.636553e-05 0.86499095 0.013790237 0.51197094 0.0014163671 0.008988961 0.00064455 0.0024860224 4.8590355e-06 2.731304e-05 0.008862365 0.0015508609 0.008376099 1.0053562e-05 0.0014021754 5.0028633e-05 0.00020967405 0.019016417 0.03557392 0.0005397052 0.03809736 3.2744854e-08 7.604588e-05 1.3390259e-08 0.0060998965 0.0026684941 3.885994e-06 0.017342526 0.022853892 3.2337884e-06 0.08402907 0.04698728 7.36742e-09 3.6481046e-07 0.00034077954 1.49213465e-05 0.00892558 5.274725e-06 8.044118e-05 3.1828913e-06 4.7646873e-07 6.0083613e-07 3.1538133e-07 3.4549677e-07 2.444699e-09 7.950587e-08 0.0001448223 1.9110473e-08 7.245872e-05 4.085212e-07 3.8767158e-07 1.2347319e-07 6.9213354e-05 2.5988431e-08 8.412687e-07 1.007776e-07 0.007742464 3.2000769e-09 3.386102e-10 2.5369129e-08 9.420347e-08 0.012547857 2.8984394e-08 0.008528865 1.9538338e-05 0.0051538534 1.483075e-07 9.8300504e-08 7.0993597e-06
0.3403939 3.6960373e-06 2.238943e-05 4.851229e-06 0.0003471437 0.00023320445 0.000119474025 0.4803543 9.487558e-05 0.00032207023 0.0030824852 0.76790285 0.13475399 0.9308535 3.175834e-05 0.9485944 8.35962e-06 9.1312677e-07 0.0004283169 0.00039153761 3.0810652e-06 0.0006283941 4.29658e-05 1.5765601e-05 0.00013215655 2.9983696e-14 4.263538e-05 0.23368815 0.03780165 0.0002067717 0.0025525312 0.000279717 0.96004647 0.0021527372 0.035086967 0.00021126213 0.0051124464 0.005692809 0.0004428641 0.000625183 0.07913505 0.025789402 0.00026583124 0.0004956831 0.0038892939 0.09040305 0.001473216 0.00033123515 0.052510884 0.00044374008 8.99703e-06 6.1457595e-06 2.6819955e-05 0.07785403 0.0021616246 0.9896784 0.00497742 0.0010764543 0.00031256868 3.3582415e-05 8.183104e-06 0.0006239093 2.2629532e-05 1.629857e-05 0.0013765908 0.0004592173 0.0035016248 1.01076374e-07 2.7896785e-06 4.419011e-06 1.8853429e-07 1.334646e-05 5.2538373e-05 6.6699563e-06 0.00018719607 4.0233386e-05 1.6359068e-07 3.4340035e-05 2.479402e-07 4.1796186e-05 6.689386e-06 5.0846284e-05 4.4287885e-05 4.5220604e-05 0.0009227128 2.8469678e-05 0.0005047362 0.00034385372 0.0042051687 8.5917134e-05 1.8029985e-05 4.5553716e-05 2.0213307e-08 0.00013977695 1.4802455e-06 0.00042762735 0.0002895597 1.1040161e-05 3.4356103e-06 2.1695562e-06 1.7494762e-06
0.8699715 0.00013240911 0.00014573311 4.189659e-07 2.6087226e-05 0.00050731853 0.0038746998 0.00011769367 2.2726944e-07 0.0061531845 0.0007805975 0.0001831728 0.00014644518 1.2211494e-06 0.23147981 4.429975e-05 0.11116843 9.555743e-05 0.69017625 0.016049827 0.010433264 0.2508855 0.10054649 0.9772878 0.9930033 4.263538e-05 2.2882644e-14 2.9422945e-05 0.077344455 0.14812367 0.012281396 0.9522767 8.129395e-06 0.33799368 0.002507807 0.2526926 0.0005435596 0.00044070126 0.0003979933 0.0003298667 8.777008e-07 8.471694e-05 0.120699026 0.0004874403 0.0012562812 1.4460349e-05 0.00046186222 0.0005013634 0.00025790744 0.013719696 0.42964768 8.823024e-05 0.4665005 6.5599004e-08 0.0003477267 6.0123335e-07 0.01663294 0.013249558 4.851865e-05 0.13151363 0.022138298 2.018732e-06 0.29254517 0.27919352 1.1107358e-07 5.237678e-07 0.00075476716 1.6167063e-05 0.031896073 8.499521e-06 8.011054e-05 1.0369828e-05 2.4618885e-07 1.6661133e-07 1.33274e-06 1.00063e-07 4.7931303e-09 6.463976e-07 0.00016515379 1.6230724e-07 4.0260908e-05 1.3516596e-06 1.9256069e-07 3.516748e-06 0.00039674254 2.758761e-08 2.163952e-06 1.0607771e-06 0.016633138 6.4509447e-09 4.2233603e-09 1.7083695e-06 1.2334444e-07 0.026053911 3.9806558e-08 0.014927833 2.187859e-06 0.013089266 1.0038045e-06 2.9877393e-07 1.0144953e-05
0.87970465 2.4326048e-06 1.5229552e-05 1.53022e-07 4.487272e-05 0.0006089745 0.0010025905 0.008812672 7.645422e-06 0.007783385 0.028319182 0.09650909 0.24031354 0.0005794757 0.00036482615 0.92838085 3.8388966e-06 1.1756169e-07 1.4827314e-05 0.008241396 1.3788328e-06 5.7282755e-06 0.006588781 0.00012125112 2.0081281e-05 0.23368815 2.9422945e-05 7.454083e-12 6.79398e-05 4.6810172e-07 3.3238318e-06 7.226618e-05 0.93347055 5.4380198e-05 0.00015860116 8.655338e-06 5.1902202e-06 4.4134875e-05 1.3255466e-06 2.874828e-06 0.7547453 0.9890122 0.0110793235 1.6069545e-05 1.1335141e-05 3.1442214e-05 1.0502245e-05 5.595372e-06 0.89906156 3.7878475e-05 0.0023231932 5.33003e-06 0.0007792828 0.08554548 0.43033415 0.045865297 0.33471102 0.2103856 0.25026783 0.0044874623 2.4771003e-05 0.010665675 0.0002545699 0.001955133 0.006395252 0.047156096 0.475355 1.3751886e-06 0.0003914361 2.2610732e-06 4.7995277e-06 3.693039e-08 0.00083009154 0.00011984353 0.0012351394 4.637287e-05 1.008743e-08 0.0156438 1.9145618e-05 6.21695e-05 3.5343292e-06 0.0036407183 2.053837e-05 0.27746955 0.08628581 2.5050425e-05 0.005172385 0.006786686 0.0052124695 8.854257e-08 1.118534e-05 0.00016882685 1.2558385e-07 0.0004278031 3.862348e-06 0.00039681597 7.137407e-05 9.830487e-05 2.0318692e-05 7.430018e-06 6.3660076e-07
0.72683597 2.1489752e-05 3.656172e-05 2.4650132e-07 5.741038e-05 1.546099e-05 3.087653e-05 4.625889e-06 1.6762584e-06 3.2919714e-05 4.3380096e-06 5.7000907e-06 3.3775752e-06 4.7257512e-05 0.0031744447 2.9573036e-06 0.0035172512 1.5231789e-05 0.026772184 0.00025550433 0.045769755 0.9100495 0.00022263647 0.0061587146 0.5477097 0.03780165 0.077344455 6.79398e-05 5.1151097e-14 0.28038815 0.9759615 0.45307997 0.00011528999 0.35291585 0.99293727 0.0705635 0.15363221 0.4373887 0.075262725 0.21730833 3.0157737e-05 9.1581554e-05 0.0006483179 0.14704902 0.21022138 0.010277362 0.09340034 0.17957139 2.627193e-05 0.14283498 0.006708034 0.006291118 0.008919985 4.946849e-06 4.862779e-05 1.002101e-06 0.0023467045 0.0010467479 1.0947331e-05 0.0019887506 0.07475831 9.204557e-06 0.1343506 0.011947829 5.25396e-06 4.2796165e-07 0.00019807137 0.0003541973 0.0070431526 0.00041447836 0.0035426747 0.00076345005 1.1521882e-07 6.954109e-08 1.3732053e-05 2.0982185e-08 2.7206593e-06 1.5545954e-08 0.0008021566 1.4533007e-06 0.00090538553 1.449188e-07 4.1347712e-07 5.436822e-07 0.00011839175 1.1002374e-07 2.6432936e-06 5.829082e-07 0.00348144 1.8946128e-07 7.664651e-08 4.356336e-07 1.2186762e-06 0.031200143 4.5662154e-07 0.0123128025 8.678369e-07 0.011116769 6.702565e-08 4.1817934e-06 0.0012087042
0.92100227 7.580869e-06 1.2248363e-06 5.0001518e-08 2.6765417e-06 3.288288e-07 5.6142085e-06 3.4173613e-07 6.689989e-07 2.0826059e-05 7.268018e-07 7.44053e-07 1.6830381e-07 9.2361114e-07 0.00033896166 8.8557094e-08 7.158819e-05 9.010033e-07 0.0084286295 6.034617e-05 0.0029815699 0.37385142 0.00017967599 0.005586351 0.913227 0.0002067717 0.14812367 4.6810172e-07 0.28038815 9.5286124e-15 0.9976546 0.83193177 1.8459842e-07 0.958337 0.05618328 0.35262737 0.006046853 0.16051723 0.022416279 0.07965515 2.2425138e-07 2.178199e-06 0.0007153362 0.0038865241 0.11066365 0.000109735 0.019618323 0.007643494 5.321068e-05 0.379151 0.011393705 0.0007184795 0.024876928 4.2469478e-07 1.6814467e-05 1.7682923e-07 0.00524916 0.0027407277 1.5634822e-06 0.007925123 0.17532228 1.13025195e-07 0.36759996 0.08037554 1.6679606e-07 5.03858e-08 0.0006002921 3.725797e-06 0.024190003 1.4343295e-06 0.00046809728 4.2959447e-05 2.2681267e-08 2.8651836e-09 1.7214992e-06 4.592457e-09 2.150656e-09 1.8899362e-08 0.0005933362 1.4304807e-07 0.0003906017 2.0783549e-08 4.9171227e-08 1.0777619e-07 7.0628565e-05 6.277651e-08 1.7475743e-07 4.7445767e-09 0.009630603 2.7500768e-08 8.830292e-08 3.239979e-07 1.0731521e-08 0.045666587 4.9997007e-09 0.021030337 3.0558084e-08 0.020212324 5.3237503e-08 1.115615e-07 0.00012237283
