2.1111972e-19 0.9539931 0.91948473 0.9496815 0.9737687 0.9890617 0.9722888 0.90344155 0.87272555 0.95411617 0.97788525 0.9050707 0.8740292 0.983177 0.9788172 0.9137415 0.5012336 0.97276133 0.7953712 0.8599462 0.74390924 0.9296844 0.96014184 0.77987045 0.9464793 0.58593863 0.9224205 0.9302821 0.9746713 0.88337713 0.99982977 0.7195184 0.8440728 0.7480793 0.9830904 0.99920017 0.8447145 0.90669006 0.8010533 0.31304616 0.7105618 0.9691732 0.97386646 0.44931585 0.7678226 0.99960023 0.3503774 0.5738529 0.82826245 0.34367028 0.7511239 0.32031775 0.99079716 0.17144942 0.8894641 0.42275277 0.9995907 0.78789884 0.81002814 0.010389196 0.772465 0.030032855 0.6571025 0.5119462 0.9657002 0.9164707 0.9510095 0.17779568 0.74418247 0.8344587 0.91002965 0.68723017 0.77334434 0.99718755 0.017285405 0.03335596 0.614931 0.07375246 0.9376208 0.017246585 0.54887235 0.5132983 0.5709682 0.8123878 0.006672111 0.018968893 0.008720117 0.029168801 0.0027853814 0.7916261 0.23698989 0.86748165 0.00035791416 0.8994335 0.00030613714 0.33269972 0.0026012266 0.13980442 0.8421252 0.98454154 0.00024285183
0.9539931 1.9923888e-16 0.9244643 0.96784014 0.76266015 0.5461928 0.86193997 0.032369137 0.014361948 0.541788 0.010492946 0.89238787 0.53124934 0.013798406 0.009367859 0.024238462 0.39586848 0.00083528337 0.62892574 0.30626512 0.038637724 0.049762513 0.0006475526 0.10249544 3.5168505e-05 0.06497595 0.0042830734 0.0001776569 0.00011929163 1.6226237e-05 0.043649014 7.968156e-05 0.01945454 0.00023302325 1.2515422e-06 0.23368041 0.00049399055 5.9980965e-07 7.1360184e-05 0.0025914386 0.0017708509 0.040801834 1.7581611e-05 0.0005312147 6.196233e-05 0.02630839 0.0016417492 0.19950868 1.562388e-06 8.044233e-05 1.7936287e-06 0.0004923388 0.00015067268 0.000119875076 7.685941e-05 0.0020195083 0.0003136571 4.541426e-07 5.6484982e-06 0.0015180012 3.0724903e-05 0.00012593437 2.69315e-05 3.182366e-08 4.172414e-05 8.4268206e-05 9.9783545e-05 1.367676e-06 5.2860527e-05 1.0470243e-07 8.168831e-09 7.775112e-08 7.0916855e-08 4.2623606e-06 0.0007892011 8.303797e-05 1.699972e-06 8.2397346e-05 6.494875e-08 1.8801378e-05 5.4655413e-08 2.002218e-08 2.5050016e-07 1.0165587e-06 3.0049403e-06 5.927476e-07 0.0019132049 7.6481025e-05 0.0010547398 2.5722e-07 6.116078e-07 1.5462857e-06 7.61046e-08 1.2811752e-08 5.2712192e-08 4.3273694e-08 7.585079e-06 6.654898e-08 1.8474724e-07 3.777952e-05 7.930599e-07
0.91948473 0.9244643 7.324946e-18 0.9804107 0.9534094 0.04198919 0.22066516 0.6613243 0.34085217 0.5692836 0.0010592764 0.19052298 0.55416536 0.0017312742 0.00071568217 0.0012015814 0.041192155 0.00016524721 0.16910018 0.009086483 0.0023560554 0.1321761 0.009615094 0.012382231 2.1526284e-05 0.11147936 0.0001090522 3.0175486e-05 0.0015086067 1.3532391e-05 0.21758021 1.1530621e-05 0.00089832477 2.626246e-05 2.2513402e-07 0.25995526 0.0056307907 2.0484438e-07 2.1992266e-06 0.00021156958 0.00017583648 0.05821231 6.214611e-06 7.183946e-05 2.4504463e-05 0.03222662 0.0073696706 0.023817118 3.9810945e-07 0.0008111088 2.8160542e-07 7.414237e-05 0.00011885863 6.3098887e-06 0.0001121181 0.000396571 0.0030279208 9.301029e-08 0.00017289193 0.00047177335 0.0010772725 2.3794113e-05 0.0003589497 8.407506e-09 7.107818e-05 0.00020783789 0.004681355 8.7457505e-05 2.1805257e-05 6.014435e-08 2.3938926e-08 1.3863068e-07 5.15544e-08 4.901402e-06 0.0008789728 0.0007452336 2.723627e-06 3.3106176e-06 0.00011967541 3.6198758e-06 7.979052e-09 3.017334e-08 4.76471e-07 8.0453157e-07 5.436008e-07 5.643392e-05 0.00035192675 0.0004725107 0.00024277241 1.5957009e-07 0.000105967294 1.3778359e-05 2.4966198e-08 1.3644716e-09 8.9015344e-08 1.439484e-07 3.1381207e-06 9.233468e-09 8.0862065e-07 0.00017287381 6.892392e-07
0.9496815 0.96784014 0.9804107 2.428976e-16 0.63140756 0.3935723 0.8357436 0.061912276 0.023876462 0.8869817 0.015628047 0.47403893 0.34253523 0.011426687 0.0062647182 0.012372563 0.09513086 0.0007491118 0.21506403 0.060520735 0.015562488 0.27146053 0.0018209416 0.061916888 9.211867e-05 0.031751413 0.0026012934 9.096666e-05 0.00040970618 7.329124e-05 0.13099013 7.468142e-05 0.008616158 0.00012281442 4.9756445e-06 0.31826016 0.00070575875 2.473242e-06 5.377454e-05 0.0017583155 0.00048696078 0.085114464 2.8387367e-05 0.00026435888 0.00024029208 0.038436 0.0014245663 0.13708863 3.4509123e-06 0.0001711171 4.1520607e-06 0.0002849074 0.0004269688 5.4337896e-05 0.0003144946 0.0019943307 0.0013649666 1.5857213e-06 5.9015078e-05 0.0007687866 0.00018987471 4.2706677e-05 0.00010489828 2.5918524e-07 0.0002995824 0.00033060493 0.0014383288 1.1410956e-05 0.00011835088 1.6991488e-06 3.4307627e-07 9.95653e-07 1.1283312e-06 1.0658967e-05 0.00019009465 0.00023793128 5.999813e-05 2.8312881e-05 7.4856357e-06 1.7918e-05 1.0276566e-07 2.2360153e-07 7.563841e-06 1.2003368e-05 3.1308568e-06 7.641609e-06 0.00072714535 0.00016420789 0.000261281 2.349379e-07 2.527605e-05 2.0733378e-05 3.096331e-07 1.227616e-08 3.909544e-07 1.0550309e-07 9.640288e-06 1.05731736e-07 1.961452e-06 0.00015589381 6.197178e-07
0.9737687 0.76266015 0.9534094 0.63140756 6.480346e-16 0.019973984 0.033275884 0.9203561 0.7104511 0.075795904 7.594499e-05 0.054642744 0.9678376 0.0005964474 0.00035891772 0.00013950928 0.026846737 0.00015170302 0.487048 0.0018299287 0.00041004704 0.017026648 0.023772124 0.0033835238 3.5570863e-06 0.4608046 7.1020477e-06 5.370108e-06 0.0015190417 4.1805748e-07 0.14641397 1.0485096e-06 0.00048313255 1.6763414e-06 8.375627e-08 0.37769306 0.028941788 2.8087765e-08 1.6379754e-07 0.000109082575 2.1304875e-05 0.028452586 1.9411125e-06 2.10232e-05 1.2452417e-06 0.027239006 0.01158956 0.015726658 1.1722449e-07 0.0006288803 7.446425e-08 1.1802868e-05 2.8767054e-05 2.683171e-06 2.2520906e-06 0.00024695817 0.00071564945 1.881789e-08 5.1334886e-05 0.0011418337 0.00046540098 6.262983e-06 0.0001257041 5.2161786e-09 4.0822524e-05 5.215048e-06 0.0008646161 8.626084e-06 3.2420364e-06 8.6670504e-08 7.855273e-09 2.1703704e-07 1.2755774e-07 1.738981e-05 0.004012612 0.00076307444 1.2659713e-06 8.0859826e-07 1.22894735e-05 4.2736292e-07 1.3318784e-08 1.6559222e-08 5.166032e-08 3.7810707e-08 1.094049e-06 4.386345e-06 0.0001834658 0.0023250384 0.00022442393 7.66684e-09 1.3666415e-05 8.916901e-07 1.3811886e-08 7.4351383e-09 1.1953077e-08 3.1269847e-09 3.1767885e-07 2.98362e-08 6.064149e-07 8.127166e-05 5.0763043e-07
0.9890617 0.5461928 0.04198919 0.3935723 0.019973984 4.903993e-15 0.96037537 0.0021120189 0.0005647381 0.52345073 0.67241085 0.9560935 0.07895425 0.09360411 0.05932854 0.61515856 0.22074467 0.011542019 0.18390453 0.8225502 0.462696 0.06761 1.5835836e-05 0.2724055 0.00024730345 0.0045900145 0.24113356 0.0061155185 4.4951116e-06 9.7264245e-05 0.005653648 0.0017006143 0.43846488 0.02487887 1.0921887e-05 0.188522 3.5351735e-05 2.131832e-06 0.012943701 0.078433596 0.090854876 0.0472002 3.9283208e-05 0.039333012 0.0044082594 0.021442495 5.256168e-05 0.42256677 1.8838539e-06 1.2842335e-06 1.8420275e-05 0.02872371 0.00014879889 0.008103731 1.2758865e-05 0.21231309 1.19654915e-05 1.6847998e-05 4.212849e-07 0.00038850508 7.343165e-07 0.00402702 6.583265e-06 3.1920015e-06 2.5560315e-05 2.8129492e-05 2.8741426e-06 1.0734618e-07 1.92686e-05 4.043417e-07 2.981413e-08 1.4701274e-06 3.3651116e-07 5.241254e-06 0.00013357634 1.1213996e-05 2.7075132e-06 0.0005377357 8.042645e-09 0.0008825999 1.2397359e-07 9.390246e-08 2.8298948e-07 2.61584e-07 1.5885054e-05 6.674738e-09 0.0045964103 1.4659253e-05 0.00031837687 1.1254929e-06 3.3757797e-07 5.3686813e-07 9.1967866e-07 6.688859e-09 3.7831722e-07 5.343649e-08 9.8030556e-05 4.8377495e-07 1.7361786e-07 2.5294726e-06 2.809344e-06
0.9722888 0.86193997 0.22066516 0.8357436 0.033275884 0.96037537 1.1073975e-15 0.006756308 0.0019494748 0.93446624 0.7546487 0.81218004 0.02180047 0.4679821 0.42528483 0.47631872 0.12826623 0.069380365 0.05579297 0.73513603 0.23777543 0.48244482 0.00031291347 0.09538446 0.0067145173 0.0017033973 0.18329369 0.010403935 0.00012119506 0.004064477 0.049972024 0.0027642932 0.19499697 0.012447995 0.00020978745 0.31317592 0.00017736638 8.354236e-05 0.0076880157 0.033288177 0.049348485 0.15956366 0.0006699579 0.015706692 0.00146974 0.050226174 0.0006047482 0.118660524 5.1955358e-05 1.30917615e-05 0.00024085994 0.017749637 0.0021442904 0.001908608 0.0017382953 0.04804739 0.00035914266 7.1000875e-05 6.6803586e-06 2.8969822e-05 7.877165e-05 0.00088184106 3.0532323e-05 3.9302377e-06 0.0013421039 0.000748711 0.00056345883 7.11057e-07 0.00094052043 1.2847878e-05 8.187963e-07 2.2528081e-06 1.3483645e-05 6.0260136e-05 8.169572e-05 0.00010674272 0.00035272044 0.00084221 2.077691e-06 0.0007699491 5.4932394e-07 3.8681182e-07 0.00012480798 4.8858816e-05 2.8841472e-05 3.1583673e-07 0.0029026845 2.3500155e-05 0.00028485525 2.579763e-06 5.7221982e-06 1.9779152e-05 1.3829996e-06 2.8845125e-07 8.402536e-07 4.972497e-07 1.14888e-05 1.0557159e-06 1.0327557e-05 7.2942654e-05 1.3666264e-06
0.90344155 0.032369137 0.6613243 0.061912276 0.9203561 0.0021120189 0.006756308 2.1897633e-13 0.9991463 0.089861974 7.1392045e-05 0.0053513786 0.4685057 0.0022971337 0.0014329775 0.00017531675 0.0035448277 0.00016952254 0.03621365 0.0003906406 0.0004404219 0.10842231 0.6146687 0.00055637414 1.8580655e-05 0.15668157 7.801085e-06 1.2400516e-05 0.047969073 6.8720756e-06 0.5896699 1.4466713e-06 8.1004786e-05 4.25361e-06 3.1063516e-07 0.21012016 0.48550564 2.9555173e-07 3.9253976e-08 2.3698116e-05 4.4278704e-06 0.0365487 1.4030209e-06 4.4413146e-06 3.5154267e-06 0.04689351 0.09588036 0.003103336 5.7760776e-08 0.0053122966 4.441369e-08 1.3338158e-06 0.0004956904 4.478133e-08 0.00034499998 1.2598547e-05 0.009392841 1.8171836e-08 0.0007297098 0.0006288632 0.019411726 2.8470518e-07 0.0042168833 2.585877e-09 9.404725e-05 0.00038170518 0.0059422604 0.00022357416 4.496962e-05 2.3471294e-08 2.713466e-10 3.051382e-08 3.866774e-08 5.4030075e-05 0.0016258 0.006608162 1.7237162e-05 1.0025222e-05 2.5088246e-05 3.290311e-07 2.3738975e-10 1.9350498e-08 7.7842344e-07 7.032697e-07 7.6150087e-07 4.8015216e-05 2.500994e-05 0.005098188 0.00020936834 1.1471972e-07 0.0002981027 3.2332166e-05 1.18192e-09 1.5617145e-10 2.9478577e-09 2.6039675e-09 5.7807252e-09 7.765648e-10 3.5665157e-06 0.00082524115 1.855033e-08
0.87272555 0.014361948 0.34085217 0.023876462 0.7104511 0.0005647381 0.0019494748 0.9991463 1.0964396e-14 0.029654497 6.748496e-06 0.0025293918 0.53884697 0.0004009043 0.0002157986 5.6069883e-05 0.0023610906 2.5389307e-05 0.0104952175 0.00028638824 0.00025401477 0.03220306 0.835984 0.00074693735 6.7983024e-07 0.22984585 3.5228707e-06 2.0170003e-06 0.18673834 7.4164853e-07 0.5415613 3.0143187e-07 1.9961924e-05 7.2894636e-06 2.2176359e-08 0.13874121 0.625356 3.200854e-08 7.876326e-08 3.8794602e-05 8.759177e-06 0.026576435 2.387765e-07 1.04260125e-05 2.6646019e-06 0.02893495 0.37535477 0.0032529617 1.5159266e-08 0.019547584 1.9949752e-08 5.0626054e-06 7.766535e-05 1.4135509e-07 4.499952e-05 2.973175e-05 0.028308565 6.984866e-09 0.0015650694 0.00034987973 0.043995656 6.107457e-07 0.013556321 3.117278e-09 1.2425614e-05 4.1257987e-05 0.039668586 0.0006752984 1.217807e-06 6.634325e-09 3.4369077e-10 3.6406757e-08 4.8277298e-09 6.943507e-06 0.0021838779 0.0192516 1.940994e-06 7.730761e-07 0.00013647239 1.3274004e-07 3.5552034e-10 1.4146114e-08 8.311573e-08 3.3861316e-08 1.5651544e-06 0.00013815761 3.9143906e-05 0.012139895 0.00024317513 7.2703874e-09 0.0003479367 1.1778287e-05 1.3326051e-08 2.4442117e-11 1.4691182e-08 1.395732e-09 1.545934e-07 2.4756497e-09 6.9744755e-07 0.00036235317 6.049203e-08
0.95411617 0.541788 0.5692836 0.8869817 0.075795904 0.52345073 0.93446624 0.089861974 0.029654497 6.7532227e-13 0.09703335 0.07705004 0.012100641 0.29159027 0.16983661 0.0180768 0.010967784 0.060593255 0.012223714 0.03167908 0.0059514763 0.9797712 0.0017300346 0.004542789 0.002973772 0.0022587802 0.007028149 0.0032996915 0.0009199056 0.00084490667 0.2046411 0.0005993086 0.0028896935 0.0007332766 0.00066303945 0.45940113 0.001724684 0.000100566824 0.000333155 0.0005450868 0.00097336347 0.16999497 0.0020400805 0.00042673617 0.00015707065 0.069178075 0.0030551227 0.005312322 0.0001015827 0.00066308974 0.0001155998 0.00038390417 0.0029912763 0.00019485036 0.0041845166 0.00070217 0.012990074 7.462603e-05 0.00038981836 1.9089774e-05 0.0026662329 3.102485e-05 0.00010694334 8.346396e-06 0.0031297405 0.0040060584 0.015860071 1.4337627e-05 0.00090999156 1.4932579e-05 2.508686e-05 3.2669108e-05 8.979483e-06 9.334758e-05 4.3417283e-05 0.00014056994 0.00015218192 1.5856858e-05 0.00013556359 1.3302797e-05 3.6060142e-06 6.199153e-07 1.8980743e-05 0.00012818254 2.2050828e-05 9.948005e-07 0.00011727162 7.396271e-05 1.594291e-05 1.7274443e-06 5.173006e-05 1.6075062e-05 2.8272552e-06 2.6310781e-06 2.0262062e-06 5.558835e-07 1.3875349e-06 6.4755386e-07 8.695829e-06 0.00024125328 1.5868483e-06
0.97788525 0.010492946 0.0010592764 0.015628047 7.594499e-05 0.67241085 0.7546487 7.1392045e-05 6.748496e-06 0.09703335 1.3693914e-13 0.15915784 0.00037259018 0.8398636 0.8682175 0.9832623 0.007109662 0.3170826 0.00090143655 0.6646781 0.3196489 0.037884798 3.6293522e-07 0.027013345 0.0035095767 4.5893925e-05 0.7685261 0.048384063 6.867571e-07 0.0009777725 0.00096072705 0.017063173 0.21178344 0.21374366 7.7119905e-05 0.12911677 1.1061971e-06 2.6756341e-05 0.1435483 0.077714294 0.24940614 0.048336405 7.6020064e-05 0.13490078 0.040715147 0.011863368 9.567634e-07 0.027660083 7.2089174e-06 9.486897e-07 9.48535e-05 0.112439774 0.00043860884 0.025246298 9.209311e-05 0.14148204 3.365213e-06 0.0003057444 6.297798e-08 6.533028e-05 1.8825851e-07 0.0060982355 1.5235399e-06 2.8302353e-05 0.00016389794 4.0287527e-05 3.4601726e-06 9.5862465e-09 6.557665e-05 1.0496192e-06 1.5587335e-07 1.413857e-05 2.1402818e-06 1.27624435e-05 1.3137463e-05 1.7949538e-05 2.845206e-05 0.0075731203 1.3315763e-08 0.0061459565 1.4098941e-07 2.2230452e-07 4.9717954e-07 4.2123693e-06 0.00019032412 3.7318703e-08 0.0062733484 4.6617433e-06 0.00010035548 1.4020706e-05 7.5582483e-07 4.614941e-07 2.4056275e-05 7.165857e-08 1.314668e-06 7.392578e-08 0.00057648274 1.6289393e-06 2.266423e-06 2.275862e-06 4.8538805e-06
0.9050707 0.89238787 0.19052298 0.47403893 0.054642744 0.9560935 0.81218004 0.0053513786 0.0025293918 0.07705004 0.15915784 9.345128e-16 0.017025804 0.016176248 0.019470004 0.06847485 0.9183334 0.0060500978 0.6414855 0.9141284 0.6276901 0.02107312 2.1204638e-05 0.8935812 5.2007363e-05 0.009115099 0.0059891855 4.1510848e-05 4.3361917e-05 7.647675e-06 0.0101064015 4.1773907e-05 0.6945877 0.0009609291 7.532638e-07 0.052228324 6.437188e-06 3.15753e-07 4.67975e-05 0.13255966 0.008882338 0.01451577 3.1567577e-06 0.0064269174 7.754479e-05 0.0060547995 4.88615e-06 0.7910695 2.7347e-07 1.6770194e-06 1.98859e-07 0.005012549 0.000108024346 0.00044123098 5.106504e-06 0.14110868 4.231125e-05 3.0791458e-07 7.839677e-07 0.002933526 7.835013e-07 0.002134495 5.357179e-07 1.0139357e-08 1.0324642e-05 3.9581773e-06 0.0001527959 1.4842946e-07 1.6837776e-06 2.6440486e-07 1.5381369e-07 8.267965e-08 9.567292e-08 3.1871164e-06 0.00036625666 1.6854812e-05 5.633634e-06 1.4047647e-05 3.401548e-06 0.0001427704 5.5070217e-08 5.2681415e-09 1.0943777e-06 1.0938394e-06 2.388275e-07 4.3805952e-07 0.036362246 8.138633e-06 0.012069804 5.898905e-08 2.0699217e-05 5.480853e-07 6.601324e-07 8.9716586e-08 4.905507e-08 5.775314e-09 5.6756733e-05 5.5114032e-08 8.264299e-06 7.10971e-05 4.7014205e-06
0.8740292 0.53124934 0.55416536 0.34253523 0.9678376 0.07895425 0.02180047 0.4685057 0.53884697 0.012100641 0.00037259018 0.017025804 1.0666982e-14 0.0003331029 0.0003045019 0.000111230314 0.029903535 3.0789462e-05 0.7861739 0.0003616915 7.3173906e-05 0.005683403 0.07638586 0.006515286 1.5328146e-06 0.9959827 1.1137126e-06 8.59836e-07 0.0074366857 1.6458397e-06 0.046568237 4.6426803e-07 1.6506112e-05 4.2928275e-07 1.5412675e-07 0.09727861 0.012528947 3.715889e-08 7.315907e-08 7.5572725e-06 4.668822e-06 0.010180446 1.4925794e-06 6.9221246e-06 1.181982e-07 0.003941641 0.0067227255 0.004053576 3.3715537e-08 0.0009341099 8.7782176e-08 3.4144682e-07 3.3223678e-06 4.6115443e-07 6.593604e-07 1.5116023e-05 0.00059145095 1.0827805e-08 1.0061388e-05 0.0050918786 0.0001443331 3.300097e-07 0.00013480257 4.470331e-09 1.2988828e-05 2.666268e-07 0.00042634545 1.0870704e-06 4.581342e-07 3.667208e-08 2.5075101e-08 4.229715e-08 7.1353874e-08 8.364671e-07 0.020431759 0.0032177395 2.260033e-07 6.2564936e-08 7.057537e-07 5.255248e-08 2.5729836e-08 2.0367055e-09 2.6144646e-08 1.1319294e-07 2.4316338e-07 2.3622773e-07 0.00012030225 0.0066236737 4.4466775e-05 9.380972e-08 7.239354e-06 5.9787276e-08 9.5114645e-09 3.0945017e-08 4.6785377e-08 4.3134e-09 5.7498724e-08 1.3608744e-09 2.786877e-07 2.3624283e-05 5.338105e-07
0.983177 0.013798406 0.0017312742 0.011426687 0.0005964474 0.09360411 0.4679821 0.0022971337 0.0004009043 0.29159027 0.8398636 0.016176248 0.0003331029 5.1891614e-15 0.96698225 0.39363307 0.0017317546 0.92561275 0.0002627708 0.1173852 0.077821046 0.6825937 6.9208276e-05 0.0032504636 0.27117494 0.00018088965 0.4313803 0.7294298 6.697554e-05 0.11197869 0.03762792 0.23698013 0.016030172 0.17576358 0.01196583 0.35626596 6.510531e-05 0.01433177 0.45294252 0.009747063 0.15303801 0.37284014 0.0053939754 0.06433758 0.3084007 0.10481513 0.00011536709 0.00035266523 0.007477517 4.3791397e-06 0.010484443 0.07658786 0.0070143957 0.05103937 0.016254567 0.014737536 0.00094359444 0.013606101 3.4918023e-05 1.7528664e-06 3.118578e-05 0.0008907875 1.5813515e-05 0.0029918167 0.0022919858 0.001578635 0.0016424814 1.1323175e-06 0.00083674444 0.00013055847 4.3152148e-05 0.00073801144 0.0002843157 0.00020442823 3.313143e-05 0.00014164908 0.0004373931 0.032266952 5.4536754e-06 0.0063304156 5.0813146e-06 7.043273e-06 8.0754326e-05 0.00010670974 0.001101039 6.444519e-07 0.0016917596 1.1675946e-05 1.66917e-05 0.0004961007 4.971682e-05 2.9824301e-05 1.4286498e-05 1.5775481e-07 1.05619565e-05 2.3024004e-05 5.5407665e-05 8.725261e-06 2.7088758e-05 0.00015919232 3.582572e-06
0.9788172 0.009367859 0.00071568217 0.0062647182 0.00035891772 0.05932854 0.42528483 0.0014329775 0.0002157986 0.16983661 0.8682175 0.019470004 0.0003045019 0.96698225 3.0704226e-14 0.4086215 0.0030911767 0.926633 0.00033428834 0.12599204 0.065462284 0.2458996 9.784175e-06 0.004546872 0.4243299 0.00012964207 0.5057813 0.8914464 8.930514e-06 0.19904593 0.00580344 0.39900932 0.028740758 0.27125454 0.027022235 0.1685662 2.6890617e-05 0.022334266 0.5483396 0.015382829 0.20457157 0.14791597 0.010114279 0.07603711 0.43410107 0.053425264 7.2187754e-06 0.00031857096 0.019277247 4.1823932e-07 0.029161751 0.11967585 0.0028262148 0.06496274 0.004851646 0.023557432 0.00011546021 0.033676196 7.5822795e-06 1.8931852e-06 4.626908e-06 0.0021151514 2.6301097e-06 0.007617973 0.00061848445 0.00063662743 0.0001804508 2.8957552e-07 0.00030361864 0.00036113124 8.021351e-05 0.0014553881 0.0002915628 0.00016876761 1.7847024e-05 5.098988e-05 4.682527e-05 0.06631461 1.9357338e-07 0.010692607 1.7437804e-05 2.512306e-05 7.715033e-06 2.471029e-05 0.0029090585 3.4551043e-08 0.0009011504 1.0330621e-05 6.147084e-06 0.0009180738 2.754665e-06 4.752401e-06 1.6473921e-05 5.7246158e-08 1.4588948e-05 4.351528e-05 7.805548e-05 1.556167e-05 2.6021642e-06 3.90157e-05 2.2952129e-06
0.9137415 0.024238462 0.0012015814 0.012372563 0.00013950928 0.61515856 0.47631872 0.00017531675 5.6069883e-05 0.0180768 0.9832623 0.06847485 0.000111230314 0.39363307 0.4086215 3.4087628e-14 0.007281144 0.15603709 0.00068179116 0.83983934 0.512136 0.016968792 1.3760059e-06 0.043707486 0.0037943756 6.6195564e-05 0.964566 0.025047464 2.4438566e-06 0.00085674657 0.0014197351 0.023189355 0.45133722 0.40823907 0.00022093403 0.049742315 3.253577e-06 4.0799525e-05 0.23390086 0.22593531 0.5459093 0.022152057 8.703699e-05 0.23918685 0.021551883 0.006219799 9.922896e-07 0.023953684 1.0292966e-05 3.3424e-07 2.353245e-05 0.20802115 0.00033981178 0.03496077 3.334689e-05 0.21013018 5.560116e-06 0.00017145867 1.1948444e-07 4.5730918e-05 1.5884235e-07 0.013599175 1.15619585e-07 2.0484264e-05 8.194698e-05 2.6941187e-05 2.0119112e-06 5.141827e-09 5.550206e-05 2.8565964e-06 5.085544e-07 2.1321768e-05 2.2538998e-06 4.889604e-06 6.9436587e-06 1.078888e-05 1.5433001e-05 0.006859531 7.1684786e-07 0.009887678 3.4306382e-07 5.8517152e-08 2.5266324e-06 1.0367643e-05 0.00012849562 1.6034443e-07 0.010104555 1.155622e-06 0.00014457158 1.632957e-06 3.103383e-06 1.1915666e-06 6.8382535e-05 8.9539947e-07 2.3271708e-07 1.2887317e-07 0.0011859493 5.8731706e-07 7.784252e-06 2.6083619e-05 2.4466012e-06
0.5012336 0.39586848 0.041192155 0.09513086 0.026846737 0.22074467 0.12826623 0.0035448277 0.0023610906 0.010967784 0.007109662 0.9183334 0.029903535 0.0017317546 0.0030911767 0.007281144 2.703307e-16 0.00096659036 0.9917987 0.19175719 0.115595266 0.0029713425 8.979358e-05 0.97954965 4.100693e-05 0.019868521 0.00090301933 4.2222335e-05 7.552449e-05 2.0167165e-05 0.0015547052 3.338014e-05 0.043382987 9.61639e-05 1.3333184e-06 0.00830939 4.127231e-05 1.115489e-06 1.5324398e-05 0.0055067334 0.0003812179 0.002542632 9.14025e-07 0.00039945653 2.5527941e-05 0.00091173715 0.00017079413 0.26956987 7.58493e-07 1.3477222e-06 4.1676097e-07 0.00014540895 1.1414623e-05 6.248906e-05 8.8409473e-07 0.0070825354 1.498089e-05 4.5054145e-07 6.8053276e-07 0.007540891 2.1353399e-06 0.000105411935 1.0424774e-06 2.134926e-08 8.028863e-06 1.326266e-06 1.2801865e-05 1.62741e-06 1.548014e-07 7.982158e-07 1.0808827e-07 4.9836115e-07 4.3961973e-07 7.584329e-07 0.0010924331 5.2159303e-05 1.9449333e-08 8.261542e-06 8.947375e-08 7.375189e-05 1.0476195e-07 1.4616242e-07 5.6879026e-09 2.443881e-07 4.1856156e-06 2.0276905e-08 0.0076091434 0.00013667153 0.0026809203 1.7152104e-07 1.5829704e-07 3.0994715e-07 2.64275e-07 2.23097e-08 1.5835096e-07 6.993148e-08 2.305281e-05 3.986852e-10 5.3857548e-08 1.6995562e-05 1.3129033e-05
0.97276133 0.00083528337 0.00016524721 0.0007491118 0.00015170302 0.011542019 0.069380365 0.00016952254 2.5389307e-05 0.060593255 0.3170826 0.0060500978 3.0789462e-05 0.92561275 0.926633 0.15603709 0.00096659036 2.9130315e-16 6.7719084e-05 0.051039062 0.0204645 0.20041952 3.2501255e-06 0.0014005863 0.9601715 1.4831274e-05 0.2717748 0.89569604 1.4474457e-06 0.589691 0.002998684 0.40537038 0.005794713 0.09829981 0.15802117 0.22550598 5.095417e-06 0.14105567 0.38808578 0.0034663975 0.0732939 0.34361959 0.03155827 0.017597044 0.45505866 0.08768251 3.333838e-06 5.238643e-05 0.14115368 5.981875e-08 0.13601375 0.031967513 0.007839461 0.017825633 0.007602521 0.0027320934 4.8873266e-05 0.20182958 8.547385e-07 4.7200172e-07 1.5031402e-06 0.00021674737 4.2983498e-07 0.03293416 0.0020145762 0.0021552732 7.046716e-05 8.707795e-08 0.0011296783 0.0031525795 0.0006398822 0.01172108 0.0033374631 0.00033096835 9.0815576e-07 1.633461e-05 0.00034692112 0.044542618 1.3026003e-07 0.0042253654 0.00033246342 0.0002945207 6.453431e-05 0.00026167324 0.0076688924 1.0641347e-08 0.00019732025 4.441573e-06 3.2997966e-06 0.01966767 1.9567976e-06 1.9100808e-05 1.0537218e-05 6.2214804e-07 2.9781753e-05 0.0007869799 8.7909275e-06 9.5519346e-05 8.514585e-06 5.712714e-05 6.126054e-07
0.7953712 0.62892574 0.16910018 0.21506403 0.487048 0.18390453 0.05579297 0.03621365 0.0104952175 0.012223714 0.00090143655 0.6414855 0.7861739 0.0002627708 0.00033428834 0.00068179116 0.9917987 6.7719084e-05 1.6031295e-16 0.009059621 0.008464193 0.0018304217 0.0010449211 0.95861995 2.2370423e-06 0.7498984 1.0140204e-05 5.081698e-06 0.0003603917 2.4586052e-06 0.0050698076 3.0635472e-06 0.0021495637 1.0156957e-05 5.887684e-07 0.03283871 0.00053349504 3.2436617e-07 6.1852575e-07 0.00075891166 2.3149392e-05 0.0020582224 8.2605834e-07 3.6738224e-05 1.8882282e-06 0.00059810525 0.00017703923 0.8104163 8.0783747e-07 4.9843884e-06 2.1115805e-07 1.729519e-05 4.4374365e-06 4.694928e-06 1.1402166e-07 0.00085086364 3.6951264e-05 1.8582096e-08 3.5639738e-07 0.27003425 8.729035e-07 2.698343e-05 1.1258193e-06 3.071794e-10 6.255121e-06 9.3658434e-07 1.18334e-05 1.5716721e-07 1.06188075e-07 9.747452e-08 3.1582633e-08 2.095335e-08 2.4044589e-08 2.9733437e-06 0.021064969 0.0005433549 5.529166e-08 1.008803e-07 2.0619973e-05 4.1477014e-07 2.2267402e-08 6.3439094e-09 2.07935e-08 5.1436935e-08 4.6099675e-08 9.575543e-08 0.0027826654 0.00054919405 0.0060540834 2.703595e-09 3.2748262e-06 2.7928888e-08 5.254295e-08 7.9334995e-08 7.846873e-09 1.3165795e-09 8.375163e-06 4.699344e-10 3.005634e-06 2.3615949e-05 2.0468065e-06
0.8599462 0.30626512 0.009086483 0.060520735 0.0018299287 0.8225502 0.73513603 0.0003906406 0.00028638824 0.03167908 0.6646781 0.9141284 0.0003616915 0.1173852 0.12599204 0.83983934 0.19175719 0.051039062 0.009059621 1.1163847e-16 0.9921944 0.01613304 1.553306e-06 0.6523347 0.00029616107 0.000120884084 0.39607865 0.00060377945 2.764951e-06 5.2218733e-05 0.0024416146 0.00082982396 0.5994405 0.024268698 2.4642857e-06 0.050979584 1.1407936e-06 1.3584868e-06 0.0030352483 0.18141186 0.07080209 0.011966452 3.6279803e-06 0.025904447 0.00032563056 0.004467304 3.8143878e-06 0.10539734 2.315975e-07 3.9423323e-08 3.1053327e-07 0.013897771 9.321761e-05 0.0016405315 5.4943794e-06 0.0806636 7.9903225e-07 2.3966945e-07 2.1644836e-07 9.468792e-05 2.6586838e-07 0.002226833 1.1443076e-06 2.7240059e-08 0.00015502665 7.947051e-07 3.089146e-05 5.0034026e-07 5.644996e-07 1.712876e-07 3.0933574e-08 1.994548e-07 2.784437e-08 4.4074093e-07 1.7618326e-06 5.5198645e-05 1.2808117e-07 8.462756e-05 4.1573383e-08 0.00077147904 2.2895154e-08 4.2326036e-08 7.1470744e-08 2.3425464e-07 4.034514e-06 1.2831597e-06 0.006287382 3.6544616e-06 0.0007499538 1.7238294e-07 2.810904e-06 6.6161795e-07 6.7790546e-07 7.304512e-09 1.1511337e-07 1.6529969e-08 0.00013213475 1.1614385e-09 2.5876157e-06 1.4762073e-05 1.0094146e-06
0.74390924 0.038637724 0.0023560554 0.015562488 0.00041004704 0.462696 0.23777543 0.0004404219 0.00025401477 0.0059514763 0.3196489 0.6276901 7.3173906e-05 0.077821046 0.065462284 0.512136 0.115595266 0.0204645 0.008464193 0.9921944 7.1044948e-15 0.0032874618 2.7191938e-06 0.89710563 0.00030967372 0.00018811181 0.47838274 0.00043174563 6.1578744e-06 3.5874626e-05 0.0004529147 0.0007570675 0.97140473 0.05534402 1.7297367e-05 0.01599209 8.785563e-06 4.250301e-06 0.0047592903 0.4374027 0.2005373 0.0029813226 4.0095438e-06 0.07056441 0.00076601974 0.00081922987 6.386229e-06 0.15456742 1.288849e-06 2.636936e-08 5.793674e-07 0.029950045 1.5976302e-05 0.0020062083 3.4809497e-07 0.21270125 4.2550137e-06 2.6396168e-07 2.5458611e-08 0.000101165344 6.3394526e-07 0.006913008 9.7718925e-08 1.248226e-08 1.319551e-05 2.4310161e-06 1.7180796e-06 2.9486566e-07 1.8300517e-06 2.300921e-07 1.23301565e-08 1.4707815e-07 6.0932415e-08 7.9364924e-07 3.3470271e-06 0.00065757363 4.6377927e-08 9.652445e-05 8.009013e-07 0.00036255002 8.134691e-08 1.260735e-08 4.963748e-08 1.568242e-07 1.2936467e-06 1.0583302e-07 0.025925016 3.5771602e-06 0.0007432658 8.969913e-08 3.292116e-07 1.8161346e-07 6.4665346e-07 3.3161065e-08 2.1253944e-08 4.880449e-08 0.00025754437 9.540353e-09 1.6800675e-06 2.662368e-05 2.0665734e-06
0.9296844 0.049762513 0.1321761 0.27146053 0.017026648 0.06761 0.48244482 0.10842231 0.03220306 0.9797712 0.037884798 0.02107312 0.005683403 0.6825937 0.2458996 0.016968792 0.0029713425 0.20041952 0.0018304217 0.01613304 0.0032874618 1.650707e-11 0.008334712 0.0009377476 0.13402747 0.0010530704 0.009945887 0.01673201 0.007397438 0.010238496 0.40390402 0.002158508 0.0017198353 0.001603446 0.019452857 0.97483546 0.0016751967 0.0035479763 0.0032089981 0.00020254258 0.001760025 0.85552657 0.0578217 0.0004398403 0.000737142 0.24512307 0.0036258309 0.00031380908 0.003982219 0.0010056228 0.0022379889 0.00058413594 0.09419162 0.000117521624 0.22098924 0.000101477155 0.05654373 0.00053128233 0.0022628412 4.6277105e-06 0.0026746127 8.471884e-06 0.0003597899 0.00018537669 0.014748684 0.06290407 0.019588197 2.299936e-05 0.003982629 0.0033004545 0.009759503 8.423646e-05 0.0002531 0.0009796197 4.9937657e-06 0.00024703686 0.00035329978 0.00020233946 2.2278555e-06 1.4932294e-05 3.3234184e-05 7.878059e-05 6.752697e-05 0.000423073 6.125009e-05 3.2016264e-06 0.00011233879 0.00017622966 7.237553e-06 2.7732842e-05 0.000118516684 8.962847e-05 1.6761882e-06 1.4972422e-05 6.801539e-05 1.193882e-05 1.849811e-06 0.00017620242 1.7413906e-05 0.00016209758 1.3168941e-06
0.96014184 0.0006475526 0.009615094 0.0018209416 0.023772124 1.5835836e-05 0.00031291347 0.6146687 0.835984 0.0017300346 3.6293522e-07 2.1204638e-05 0.07638586 6.9208276e-05 9.784175e-06 1.3760059e-06 8.979358e-05 3.2501255e-06 0.0010449211 1.553306e-06 2.7191938e-06 0.008334712 5.0108174e-15 1.4708897e-05 6.2972134e-07 0.014229817 2.2091346e-07 2.7093898e-07 0.9464708 1.7649664e-07 0.8576566 6.814806e-08 4.309087e-07 9.838284e-08 1.2577358e-07 0.08178224 0.98204774 6.596991e-08 9.261412e-08 2.0765788e-07 6.846801e-07 0.010710609 6.767569e-07 6.558841e-07 2.854026e-06 0.023930324 0.65027934 4.3381315e-05 1.9038993e-07 0.40333566 7.2006436e-08 1.4744041e-06 5.644587e-05 1.4495937e-06 5.7352727e-06 7.1850177e-06 0.023616588 1.780712e-07 0.098681115 2.5214293e-05 0.10159337 2.000283e-06 0.2772457 2.1374442e-08 4.240946e-05 0.00012254604 0.00299283 0.010947558 6.6735935e-05 5.9599184e-08 1.25391235e-08 2.2597722e-07 1.3491272e-07 7.87609e-05 0.00015663357 0.1092017 1.03729635e-05 9.97647e-07 2.1394197e-05 7.4762825e-06 3.5020516e-08 3.7610967e-08 9.4657175e-08 3.85975e-07 3.9202666e-07 0.0023499182 1.2830606e-06 0.0020546315 2.4205688e-06 1.9070738e-07 0.00020425246 2.9535747e-06 8.926107e-07 9.761872e-08 1.7296588e-07 5.868358e-08 5.462295e-06 8.4286235e-08 6.751569e-07 0.0006187104 5.659865e-08
0.77987045 0.10249544 0.012382231 0.061916888 0.0033835238 0.2724055 0.09538446 0.00055637414 0.00074693735 0.004542789 0.027013345 0.8935812 0.006515286 0.0032504636 0.004546872 0.043707486 0.97954965 0.0014005863 0.95861995 0.6523347 0.89710563 0.0009377476 1.4708897e-05 1.8186206e-14 9.27778e-05 0.031559702 0.021403031 0.00012881635 5.0787647e-05 2.5425676e-05 0.00024740817 0.00014778871 0.82503223 0.0037986916 6.585915e-06 0.017695231 7.993829e-05 2.4607348e-06 0.00015488685 0.16770115 0.008939709 0.0016490906 1.750395e-05 0.006184556 0.000329812 0.0008738739 7.4419986e-05 0.8828179 7.09693e-06 2.1656554e-06 9.573964e-06 0.0016184596 2.2474509e-05 0.0005629355 5.4423253e-07 0.14451914 3.376785e-05 2.2544027e-06 6.4176686e-07 0.08483695 1.8024836e-06 0.0045929924 2.1179295e-07 1.4200553e-07 9.544464e-06 5.7955663e-06 1.7262199e-05 6.59981e-06 8.274034e-07 1.0859235e-06 2.4405085e-07 6.8785573e-07 6.120874e-07 2.3319064e-06 0.00046450287 0.001081121 1.9483464e-07 6.0274615e-05 3.500169e-06 0.00015206456 4.617503e-07 1.1508013e-07 2.4774616e-07 4.1398292e-07 4.556647e-06 1.4534849e-06 0.19462751 4.3465338e-05 0.041924085 3.7566394e-07 3.9029428e-07 8.177951e-07 2.7484068e-06 3.2689866e-07 9.513265e-08 1.3506592e-07 0.0008166655 6.688131e-09 2.0256496e-06 8.1011196e-05 6.4065636e-05
0.9464793 3.5168505e-05 2.1526284e-05 9.211867e-05 3.5570863e-06 0.00024730345 0.0067145173 1.8580655e-05 6.7983024e-07 0.002973772 0.0035095767 5.2007363e-05 1.5328146e-06 0.27117494 0.4243299 0.0037943756 4.100693e-05 0.9601715 2.2370423e-06 0.00029616107 0.00030967372 0.13402747 6.2972134e-07 9.27778e-05 7.033356e-16 2.3437074e-06 0.0020198096 0.29108676 1.450411e-06 0.98847735 0.0020286802 0.04048791 1.7972168e-05 0.0011585902 0.73698044 0.2098337 1.000328e-06 0.4985592 0.0125634605 0.00013400136 0.0006056286 0.42942396 0.28903255 0.00027812552 0.0306269 0.0899187 2.2684967e-06 9.2975677e-07 0.17963646 4.553775e-08 0.15845919 0.00059678964 0.022899343 0.00049770117 0.019193485 6.6026216e-05 4.2713273e-05 0.13173191 2.6703216e-07 1.9289937e-06 8.0684583e-07 2.2959319e-05 1.5775129e-06 0.036150455 0.0034079025 0.0014060427 0.00011301415 7.262755e-08 0.0012741557 0.024955794 0.015280691 0.026140561 0.019332984 0.00026148488 6.756136e-07 1.2560062e-05 0.0004817766 0.0030697093 2.5185406e-07 0.0005555579 0.0017739314 0.003693314 0.00014558213 0.00053823413 0.0038859814 1.2759589e-06 5.9004974e-06 4.6496484e-06 2.2578465e-07 0.0605511 2.008621e-06 1.7432933e-05 1.3221687e-05 1.1058817e-06 0.00010645836 0.004782666 7.153731e-06 0.00025944703 8.012914e-06 5.057006e-05 1.0474696e-07
0.58593863 0.06497595 0.11147936 0.031751413 0.4608046 0.0045900145 0.0017033973 0.15668157 0.22984585 0.0022587802 4.5893925e-05 0.009115099 0.9959827 0.00018088965 0.00012964207 6.6195564e-05 0.019868521 1.4831274e-05 0.7498984 0.000120884084 0.00018811181 0.0010530704 0.014229817 0.031559702 2.3437074e-06 5.4253297e-14 6.9560992e-06 3.8307344e-06 0.004311196 8.781811e-06 0.009667753 3.2799146e-06 0.0003031751 1.0893707e-05 4.6801897e-06 0.018735342 0.03501004 1.4543668e-06 1.693421e-07 0.000110587964 5.0438473e-05 0.0025594968 1.9243496e-05 8.055703e-05 0.00021861323 0.0028331706 0.045042332 0.3609033 3.895942e-06 0.0048446152 7.4127274e-06 3.6365174e-05 0.0002600626 2.146243e-05 1.7135502e-06 0.0026200272 0.0010296864 2.171533e-06 6.7113324e-05 0.23686074 0.0020183984 0.00033662337 0.0049824757 4.2582144e-07 0.00032132285 3.123078e-05 0.0008561307 3.5137728e-05 2.4789291e-05 1.0255332e-05 7.9312724e-07 4.7840793e-05 7.695442e-06 6.1464896e-05 0.95986617 0.12903944 4.0955947e-06 1.1215477e-06 0.00025259 5.95434e-06 1.2354091e-05 5.0820027e-08 3.7896702e-06 1.8871528e-05 6.4654495e-07 8.5472464e-05 0.0023750598 0.34991023 0.034749277 2.857373e-06 0.0006131871 2.8449579e-06 6.3419234e-06 4.383648e-06 7.512587e-07 3.3152778e-06 0.00040023713 1.4777517e-06 0.000373784 0.00019530355 9.6251984e-05
0.9224205 0.0042830734 0.0001090522 0.0026012934 7.1020477e-06 0.24113356 0.18329369 7.801085e-06 3.5228707e-06 0.007028149 0.7685261 0.0059891855 1.1137126e-06 0.4313803 0.5057813 0.964566 0.00090301933 0.2717748 1.0140204e-05 0.39607865 0.47838274 0.009945887 2.2091346e-07 0.021403031 0.0020198096 6.9560992e-06 1.9482261e-16 0.042263772 4.7582253e-07 0.00047828205 0.00069710816 0.09420929 0.5544441 0.9781322 5.112612e-05 0.037888035 1.8620175e-07 1.8441278e-05 0.75492704 0.38348392 0.9196671 0.014934738 1.80156e-05 0.5211769 0.09708121 0.0033844453 6.4837263e-07 0.006487596 5.70427e-07 1.0196593e-07 8.4166436e-07 0.53378916 0.00015642248 0.13370351 3.9472084e-06 0.3582437 1.5423577e-06 1.7074265e-06 3.728761e-08 4.6013374e-06 2.3839002e-08 0.040096346 1.3662766e-05 1.6184123e-07 4.985679e-05 4.151906e-06 3.0176438e-05 2.4798322e-07 5.497136e-06 4.10376e-07 4.376642e-08 1.2040142e-06 7.65825e-08 1.2537702e-06 1.964251e-07 6.522588e-05 6.67632e-06 0.012170293 1.91737e-07 0.029043667 4.4252687e-08 5.9578383e-08 8.190587e-07 6.1948737e-07 1.3379161e-05 2.0272083e-07 0.009211197 3.614975e-07 4.2693522e-05 6.610576e-06 6.8595364e-06 7.452872e-07 3.899204e-05 2.5535693e-08 3.1229678e-07 5.4563543e-08 0.0018850367 4.749222e-09 2.42982e-06 2.4617197e-05 6.100658e-07
0.9302821 0.0001776569 3.0175486e-05 9.096666e-05 5.370108e-06 0.0061155185 0.010403935 1.2400516e-05 2.0170003e-06 0.0032996915 0.048384063 4.1510848e-05 8.59836e-07 0.7294298 0.8914464 0.025047464 4.2222335e-05 0.89569604 5.081698e-06 0.00060377945 0.00043174563 0.01673201 2.7093898e-07 0.00012881635 0.29108676 3.8307344e-06 0.042263772 1.5141361e-14 3.700714e-06 0.63600343 0.001486438 0.9885984 2.9111814e-05 0.037282303 0.038963016 0.06260814 4.2141596e-07 0.035751216 0.51946765 0.00038234127 0.017814944 0.05054058 0.0061433134 0.0037175964 0.5963232 0.01481973 9.1304753e-07 2.2575923e-05 0.0073790103 7.613509e-08 0.11828558 0.01727714 0.005319161 0.025578434 0.0036250958 0.0006947726 1.6588787e-05 0.5264096 1.7402682e-07 6.719328e-06 9.12252e-07 0.00032551415 4.344141e-06 0.024439175 0.001809334 0.00032982172 0.000110835776 3.1752708e-07 0.0010437638 3.5806268e-05 2.8918241e-06 0.002359794 0.00022888632 5.3345328e-05 5.660462e-07 0.0005222182 0.000616249 0.11295738 1.2206791e-06 0.010431185 7.961711e-06 2.2864077e-05 6.235066e-05 0.00012447941 0.05742625 1.6911562e-06 0.0010481799 1.582299e-05 8.987548e-07 0.054156277 0.00011750762 4.926976e-06 0.00028956716 3.0214474e-07 0.0026080986 3.946145e-05 0.00015720839 5.218234e-05 6.0817496e-05 0.00010458014 2.198068e-07
0.9746713 0.00011929163 0.0015086067 0.00040970618 0.0015190417 4.4951116e-06 0.00012119506 0.047969073 0.18673834 0.0009199056 6.867571e-07 4.3361917e-05 0.0074366857 6.697554e-05 8.930514e-06 2.4438566e-06 7.552449e-05 1.4474457e-06 0.0003603917 2.764951e-06 6.1578744e-06 0.007397438 0.9464708 5.0787647e-05 1.450411e-06 0.004311196 4.7582253e-07 3.700714e-06 1.1695127e-12 7.686057e-07 0.95229125 3.452168e-07 1.6932023e-06 5.2793416e-07 3.6067792e-07 0.055948485 0.7238425 1.0386879e-07 1.9466582e-07 1.3219297e-06 1.6372312e-06 0.010622385 3.5703542e-06 2.3833345e-06 7.896988e-06 0.027956152 0.77610767 6.5259665e-05 9.694448e-07 0.8290353 2.2299035e-07 2.1373853e-06 0.00016744435 5.587997e-06 4.6501824e-05 4.2638592e-05 0.2909599 2.0661072e-07 0.88407123 0.00013794682 0.4544743 3.1377273e-05 0.46405274 8.332843e-08 0.000111951 0.0003325116 0.1539589 0.4093654 0.0001237484 2.0290902e-07 1.3466823e-07 1.5604403e-06 1.2506742e-07 0.00014803543 6.897844e-05 0.08637594 7.088464e-05 3.930751e-06 0.00035619317 5.341619e-05 2.69628e-07 1.5374329e-07 6.9568687e-06 1.7409097e-06 4.1481544e-06 0.04385061 2.260185e-06 0.0011494774 2.840926e-06 3.5148703e-06 0.00079009513 0.00013539214 1.9410254e-06 5.4436134e-07 7.9383324e-07 3.083645e-07 3.5056462e-05 1.0069148e-06 6.249913e-05 0.0056625116 7.8216937e-07
0.88337713 1.6226237e-05 1.3532391e-05 7.329124e-05 4.1805748e-07 9.7264245e-05 0.004064477 6.8720756e-06 7.4164853e-07 0.00084490667 0.0009777725 7.647675e-06 1.6458397e-06 0.11197869 0.19904593 0.00085674657 2.0167165e-05 0.589691 2.4586052e-06 5.2218733e-05 3.5874626e-05 0.010238496 1.7649664e-07 2.5425676e-05 0.98847735 8.781811e-06 0.00047828205 0.63600343 7.686057e-07 6.4369586e-16 0.00048364306 0.15775928 7.284863e-06 0.0005035631 0.7926944 0.039802868 1.5297874e-06 0.8931459 0.008007093 6.407251e-06 0.00016082676 0.099703565 0.11563686 4.3435175e-05 0.031708464 0.029460656 2.7346282e-06 3.1697507e-06 0.7561821 6.272276e-08 0.85246944 0.00021699969 0.01243712 0.00041126818 0.004863556 3.810456e-05 8.7942635e-06 0.5889418 2.645958e-07 4.1522785e-06 5.6820585e-07 1.2823273e-05 3.2881468e-07 0.28233936 0.0017099028 0.0002955677 9.79578e-06 2.033408e-07 0.00036244738 0.040291846 0.023351938 0.23547259 0.074761026 0.00015228776 1.0845087e-06 0.00028026893 8.6505395e-05 0.009561948 5.5934777e-08 0.00028873794 0.0058541163 0.094315834 5.0995317e-05 0.0004862176 0.016012607 5.841988e-07 2.3171954e-06 3.4073887e-06 2.6151594e-07 0.25923938 9.4092906e-07 3.8765365e-06 4.186029e-05 1.7630463e-06 0.0005334874 0.030433854 1.0128731e-05 0.00032391745 4.4916924e-06 4.2704844e-05 1.682783e-07
0.99982977 0.043649014 0.21758021 0.13099013 0.14641397 0.005653648 0.049972024 0.5896699 0.5415613 0.2046411 0.00096072705 0.0101064015 0.046568237 0.03762792 0.00580344 0.0014197351 0.0015547052 0.002998684 0.0050698076 0.0024416146 0.0004529147 0.40390402 0.8576566 0.00024740817 0.0020286802 0.009667753 0.00069710816 0.001486438 0.95229125 0.00048364306 3.2578053e-14 0.00010067171 0.00033853218 6.389887e-05 0.00032732278 0.43607214 0.22545208 0.00012950465 3.550689e-05 2.175968e-05 0.00011691707 0.11134516 0.00012006729 5.9666556e-05 0.00018120129 0.28253847 0.07359669 0.0022990315 6.0010436e-05 0.131724 3.8510145e-05 0.00014234649 0.0024885559 6.3352068e-06 0.0011327253 0.00072393514 0.57727265 4.310563e-05 0.25335956 0.000103189086 0.09301579 0.0005384814 0.047083847 4.4786507e-06 0.00018731537 0.0015707912 0.4527925 0.031267267 0.0002694233 3.6405665e-05 4.0110637e-05 4.7821977e-06 1.0390566e-05 0.00019984716 7.407092e-05 0.0009696603 6.150104e-06 2.3525898e-05 0.0005406642 0.0001341819 5.9198834e-07 1.711117e-06 1.9962285e-07 4.9560833e-07 2.46518e-05 0.0039021503 3.481966e-05 0.0011252289 1.7482804e-06 1.1017232e-05 0.0007509608 3.4514178e-05 3.8288567e-06 2.4019204e-07 8.985942e-06 1.2880774e-06 0.0003700857 1.4015278e-05 4.524038e-06 0.0010403859 1.2842579e-06
