3.3367728e-18 0.8504207 0.76403993 0.77140623 0.68428135 0.9360737 0.77422875 0.82287717 0.8926494 0.8708435 0.57336044 0.920431 0.83101815 0.5024949 0.7548648 0.8956899 0.43983614 0.41137588 0.9398944 0.032407384 0.9087572 0.9257061 0.45641842 0.915638 0.95177853 0.95658934 0.04108355 0.2823805 0.79330873 0.08291013 0.0033285506 0.16431384 0.06220715 0.003361704 0.639751 0.46229696 0.96540356 0.0006736767 0.9299727 0.49968764 0.06949289 0.034378868 1.802091e-05 0.9485122 0.92766315 0.8078309 0.94385004 0.09745023 0.1440242 0.9867624 0.46644464 0.9642266 0.6934196 0.6139259 0.98962104 0.9974044 0.7955368 0.8789239 0.73617303 0.72456133 0.5137467 0.8378977 0.87369347 0.98660266 0.99599326 0.9577204 0.5825258 0.9995385 0.3434426 0.37534848 0.7041177 0.8295097 0.9983298 0.9804672 0.98952776 0.0672551 0.9447916 0.11243438 0.027432073 0.6755385 0.9447814 0.5091566 0.906733 0.982637 0.70306176 0.9324784 0.8949233 0.5582891 0.99966633 0.06106053 0.9711996 0.99986905 0.12128412 0.997525 0.9988583 0.010859458 0.864951 0.07126654 0.03731195 0.06155579 0.014538561
0.8504207 3.7213516e-15 0.9924627 0.31318536 0.34290057 0.7755823 0.63414305 0.07872693 0.5841614 0.32956335 0.9662011 0.27748203 0.043304306 0.25634396 0.14168666 0.44818896 0.37232676 0.0017543575 0.1307683 0.26377204 0.014321046 0.067335844 0.007936467 0.0024921815 0.15027802 0.26643744 4.496949e-05 0.47409585 0.00013265938 1.6958317e-06 0.010934614 0.0004363072 0.004614411 0.004610046 0.0015884201 0.00050661346 0.01741399 0.0015729837 0.04218327 0.0002518405 9.100127e-07 1.7595323e-06 2.1336737e-05 0.025295993 0.0013630649 0.00019401667 0.0016428549 2.0461808e-05 3.4656914e-08 0.017223764 1.3635306e-08 0.012885751 2.1939477e-06 8.601789e-07 0.0037381544 0.06644807 4.8807988e-06 1.8878665e-06 9.725409e-06 7.549377e-08 3.8100922e-07 3.7369472e-07 9.674493e-08 7.899477e-05 1.8714321e-06 1.4646578e-07 6.970745e-09 0.029987464 1.5965234e-08 1.0350625e-06 3.919837e-07 0.0009605035 2.7575247e-08 0.086978495 0.0039117504 4.831147e-07 0.0011340376 2.3243365e-07 5.084277e-06 4.2801855e-08 2.6263146e-08 6.111783e-06 1.8720836e-08 0.0009078774 3.1944865e-08 1.7540445e-07 1.51686e-09 2.1430735e-08 0.0020728968 1.2115136e-06 2.8224427e-05 0.0035529635 7.1699344e-07 0.00054218096 0.0005294708 2.977481e-06 3.3596205e-08 1.8474628e-06 4.5187857e-08 7.1076244e-08 2.6335795e-07
0.76403993 0.9924627 2.1007819e-15 0.6297674 0.6172827 0.9246017 0.19634493 0.3444022 0.71151114 0.03984405 0.5773834 0.2845638 0.24553902 0.23805243 0.07388 0.2651203 0.82004493 0.041488096 0.073520474 0.5624573 0.015384363 0.015675118 0.26381284 0.0139851775 0.061224952 0.07430396 0.00033521923 0.6329245 0.0012970162 8.523238e-06 0.06952674 0.014166004 0.0012977568 0.033656273 0.00037581194 5.205485e-05 0.0025060116 0.026090804 0.009565728 4.562306e-05 3.0126562e-06 7.771339e-06 7.9828584e-05 0.042513214 2.7975846e-05 0.0017951356 0.0069410806 7.312915e-06 5.3725405e-08 0.021511843 2.4587523e-08 0.0018636165 5.952427e-06 7.580034e-07 0.006000543 0.01379346 2.4791761e-06 1.6215182e-06 2.037914e-07 9.421696e-08 1.2714305e-06 1.12592076e-07 3.0908094e-08 0.00021845922 3.0626734e-06 5.3476054e-08 1.00520126e-08 0.017527495 1.1689598e-08 5.999244e-08 2.5978682e-07 0.0002602601 2.0119991e-08 0.13414961 0.009837432 1.6168372e-07 0.00017672328 2.545054e-09 1.7650825e-07 5.580403e-08 1.7005792e-07 2.7594112e-06 7.9849634e-08 0.0014637216 1.2770543e-08 8.1984956e-07 8.94273e-09 4.6579785e-08 0.00040747068 5.3797106e-07 2.3366849e-05 0.0020028257 1.0656888e-06 0.0009953377 0.00064994954 1.4073465e-06 5.65189e-09 1.582901e-07 5.8691974e-08 4.759262e-08 1.0656648e-07
0.77140623 0.31318536 0.6297674 1.3797546e-14 0.99091876 0.7799245 0.010139261 0.9431664 0.72664654 0.0024121716 0.01315915 0.78523505 0.3824857 0.02407999 0.010304797 0.0014123949 0.5831813 0.16904698 0.37956256 0.02525587 0.4103026 0.00016276336 0.17036265 0.031503815 0.09480044 0.0073507605 0.0023714881 0.008102982 0.0013509569 0.00060907385 0.0046685017 0.025843726 4.528849e-05 0.00038674622 3.7885304e-05 3.7557904e-05 0.00023915837 0.00018529608 0.0069648754 8.539035e-05 1.895457e-05 2.6474376e-05 7.649808e-07 0.14445937 3.6748737e-05 0.0031938609 0.011473334 6.2298022e-06 5.7333443e-07 0.06868771 3.498952e-07 0.0006655375 2.9408127e-05 3.416521e-05 0.013039423 0.005854362 4.962023e-05 1.06268835e-05 5.450606e-07 4.1980022e-07 7.2249424e-07 1.300465e-06 5.1110055e-06 0.000987256 8.089917e-05 8.23089e-07 8.904795e-08 0.0072770757 1.17551146e-07 4.706593e-06 7.646278e-07 0.00015723432 1.1667886e-07 0.081327066 0.008155025 4.5718707e-07 0.00042006074 3.549111e-07 1.2878643e-05 2.6755424e-07 5.003798e-07 1.3330063e-05 7.284227e-07 0.0009276989 2.016652e-08 1.6609161e-05 8.623682e-08 4.4367628e-08 0.0003383911 2.132574e-06 2.8188866e-05 0.002098782 8.71231e-07 0.0006583519 0.00047505065 5.22542e-07 1.2437337e-07 3.7109635e-06 8.293721e-07 6.2935396e-07 1.007361e-07
0.68428135 0.34290057 0.6172827 0.99091876 3.6012622e-15 0.59654 0.022368712 0.9266109 0.92422 0.0048525734 0.01719482 0.90456104 0.30718943 0.07933405 0.034721196 0.004359204 0.30276507 0.18674232 0.5148207 0.013925508 0.5294146 0.00015275105 0.057138916 0.031948887 0.22866745 0.0084893415 0.0022077532 0.00439638 0.0024002676 0.00030748482 0.0041152714 0.004851745 2.9340088e-05 0.00025348674 2.6550124e-05 2.1373722e-05 0.00026586448 0.000107244334 0.0125056505 7.8218516e-05 2.2649461e-05 5.2371044e-05 8.948157e-07 0.21326594 2.4270697e-05 0.0023102728 0.0092497 3.1034451e-06 3.0330187e-07 0.09806657 1.4858809e-07 0.00086365093 9.11322e-06 3.0988747e-05 0.016726952 0.007300955 4.637729e-05 1.1251372e-05 7.1599584e-07 1.9914937e-07 2.4646533e-07 1.5144166e-06 5.3619347e-06 0.0007414329 8.227179e-05 1.3689222e-06 3.9005446e-08 0.0051776776 1.2018481e-08 7.894894e-06 2.519761e-07 0.00020720794 1.6154362e-07 0.068054944 0.006595494 2.1163586e-07 0.00045830946 4.014588e-07 1.3005511e-05 4.1139145e-08 1.48039e-07 1.1712849e-05 3.3996747e-07 0.0010909225 1.3177532e-08 2.0778944e-05 9.622431e-08 1.611152e-08 0.00026923453 1.3488423e-06 2.969545e-05 0.0017946528 1.0034064e-06 0.00048085675 0.00047530874 5.198316e-07 1.6091397e-07 3.943077e-06 4.2408325e-07 2.9311474e-07 6.561064e-08
0.9360737 0.7755823 0.9246017 0.7799245 0.59654 1.2801832e-12 0.088357486 0.70745564 0.5444522 0.018654684 0.32797334 0.6780839 0.8302891 0.018537268 0.014320138 0.008397695 0.97917885 0.69165957 0.06094576 0.31164488 0.05148604 0.000107112464 0.80640745 0.21477903 0.015279452 0.025915924 0.120420605 0.16300155 0.042489063 0.0019078446 0.10044511 0.14534113 0.00023952288 0.0017554429 1.5552723e-05 8.721576e-06 0.00024744286 0.10649773 0.0015468241 5.988143e-06 0.0004107435 7.2784365e-05 0.000109812376 0.15511364 2.5417855e-06 0.005877516 0.08090435 4.5517933e-07 6.2190516e-08 0.07713527 5.588378e-07 0.00023669828 5.567414e-05 6.3656034e-06 0.0124320155 0.0007632 2.7237842e-05 6.379393e-06 9.679735e-08 2.1059657e-07 5.2929437e-07 6.0368444e-07 1.1895042e-07 0.0016196098 5.6468452e-06 1.2006196e-07 1.5757648e-07 0.0017584186 2.2788154e-08 2.0566032e-08 8.154378e-07 0.00013041313 5.886522e-07 0.33112434 0.02307512 4.0167097e-07 0.00072970835 2.7178144e-08 2.6682178e-06 2.2744355e-07 1.6250628e-07 3.196586e-06 6.4219996e-08 0.0035155627 1.3355027e-07 1.2892923e-05 1.3249967e-08 2.4887382e-07 0.0019478616 3.371302e-07 0.00012860044 0.013110916 3.7992343e-06 0.0052291867 0.0035775413 9.194398e-06 2.5423574e-08 1.5603673e-06 2.2728915e-07 9.33478e-08 1.916318e-06
0.77422875 0.63414305 0.19634493 0.010139261 0.022368712 0.088357486 1.1902e-16 0.0018414357 0.32861924 0.98961157 0.9822502 0.042070083 0.00043974156 0.36883506 0.24640709 0.84302896 0.0893347 0.00013316539 0.07190606 0.02883924 0.0035085813 0.31802103 0.00042057104 6.036822e-05 0.21357343 0.5209116 3.2293226e-06 0.48938167 4.269032e-06 7.194425e-08 0.0016787654 4.9715654e-06 0.029091237 0.0020982998 0.022001699 0.006719139 0.092362076 2.9691459e-05 0.18653607 0.0039273263 1.2994967e-06 3.0750815e-07 2.6680295e-06 0.007227983 0.006511919 3.0365727e-05 0.00025413278 9.023465e-05 8.6167105e-08 0.0075045316 2.3482128e-08 0.06014744 9.685049e-07 9.966751e-07 0.0022814635 0.22060244 4.807962e-06 4.8197603e-06 6.689785e-05 8.915757e-08 2.8549067e-07 4.918739e-07 2.8616614e-07 0.00014618858 1.2418576e-05 5.935684e-07 5.254716e-08 0.047142785 3.3083165e-08 7.2306816e-06 2.558602e-07 0.002465406 9.5695185e-08 0.03926034 0.0051605003 5.0345477e-07 0.0018088389 3.0761137e-07 9.947261e-06 1.0215788e-07 9.468986e-08 2.558468e-05 5.940953e-08 0.001575699 2.0186684e-08 2.0639618e-06 2.0082341e-08 3.2514585e-08 0.0011528191 1.972745e-06 3.507549e-05 0.003272198 3.7958117e-08 0.0012150665 0.0012276279 3.821916e-07 2.7759617e-07 5.2792993e-06 1.5801953e-07 1.536467e-07 2.4115928e-07
0.82287717 0.07872693 0.3444022 0.9431664 0.9266109 0.70745564 0.0018414357 5.079504e-15 0.40508583 0.00037130964 0.0028358765 0.91084474 0.97798896 0.005627505 0.0033828544 0.0002070132 0.44821057 0.38770026 0.42825258 0.008308805 0.7796437 4.41265e-05 0.28163886 0.43087628 0.081692316 0.0021862325 0.015934983 0.0034782488 0.022981124 0.0069574704 0.0076960376 0.063465014 1.296838e-05 0.00025588425 4.4947215e-06 6.5530044e-06 6.204618e-05 0.00075707264 0.0041425684 2.1626449e-05 0.0008868198 0.00026702293 1.270296e-06 0.43991643 6.719196e-07 0.04318168 0.08021201 4.9675987e-06 4.2847437e-06 0.21324061 7.992312e-07 0.0005537988 0.00013449322 0.00017616815 0.064265065 0.0030136406 0.00018427805 2.8947477e-05 2.4345204e-07 9.3700237e-07 1.1903024e-06 4.1596663e-06 4.304042e-06 0.0018115994 0.00011274686 7.667353e-07 8.056621e-08 0.0014283352 1.527999e-07 6.356858e-07 2.0364335e-07 9.1644724e-05 1.6563257e-07 0.1246825 0.012120927 5.449051e-07 0.00030966368 1.9326035e-07 2.134495e-06 9.752137e-08 2.402766e-07 5.164599e-06 4.99686e-07 0.0013110517 3.303707e-08 4.803349e-05 1.0516696e-07 5.818949e-08 0.00033508788 9.0070694e-07 3.0368134e-05 0.0028806394 9.364066e-07 0.0012490966 0.00097498007 5.786065e-07 3.8371456e-07 6.456287e-07 1.6186352e-06 9.979954e-07 2.0150266e-07
0.8926494 0.5841614 0.71151114 0.72664654 0.92422 0.5444522 0.32861924 0.40508583 5.811669e-13 0.18063003 0.19135782 0.9449312 0.12574485 0.93282014 0.819781 0.11376515 0.42167255 0.05716236 0.900436 0.03432229 0.49062786 0.0063762637 0.040924523 0.011449648 0.6931757 0.12478118 0.0017835062 0.03372945 0.0005154856 0.00014199858 0.0029870628 0.0016433932 0.0011391608 0.00065676885 0.0002790059 9.8287055e-05 0.0010872317 4.375276e-05 0.12619153 0.00019363663 3.803485e-05 5.1248797e-05 3.2374296e-06 0.19044177 0.000116485346 0.0011697317 0.003944341 1.3403745e-05 1.3006968e-06 0.08960595 7.7345405e-08 0.008237165 6.9367625e-06 4.998633e-05 0.019490324 0.05876764 8.5440515e-05 1.4973905e-05 7.4904565e-06 1.0218833e-06 1.8703865e-06 2.3881396e-06 8.084028e-06 0.0014398721 0.00018808436 4.0792384e-06 1.9327933e-07 0.01228303 2.0279565e-07 3.8436025e-05 6.5227056e-07 0.00064786896 4.6204633e-07 0.15047702 0.019629119 1.1205033e-06 0.0009634071 3.1861925e-06 8.7681896e-05 3.602539e-08 1.6463932e-07 0.00013190397 1.1482173e-07 0.0044535575 3.2834708e-09 7.5338203e-06 3.5824076e-08 1.7538394e-08 0.0010504358 1.6900855e-06 3.1870208e-05 0.0086756805 2.246089e-08 0.0008828815 0.001534807 1.4218726e-07 3.248472e-07 2.7564825e-05 1.9343904e-07 2.0426869e-07 1.3097643e-07
0.8708435 0.32956335 0.03984405 0.0024121716 0.0048525734 0.018654684 0.98961157 0.00037130964 0.18063003 4.3369617e-16 0.8874969 0.00962536 1.3001692e-05 0.25965208 0.17145275 0.92740554 0.051870927 7.5867133e-06 0.037373193 0.014562686 0.0008994302 0.91908026 3.5788376e-05 4.270075e-06 0.14902245 0.70428884 3.2050905e-06 0.5339076 2.1313409e-07 6.7920716e-08 0.0022542395 5.100217e-07 0.082657844 0.0030931025 0.09318507 0.020818764 0.3385384 6.187004e-05 0.28928155 0.017599026 4.687508e-07 2.6501047e-07 8.471528e-06 0.005793456 0.035261206 6.3737007e-06 4.2828953e-05 0.0025212218 2.7503967e-08 0.005640877 5.3220313e-09 0.17189206 3.7005762e-08 1.8082261e-07 0.00048429318 0.2903693 5.2023876e-07 2.6808496e-07 0.0005064002 1.4284146e-08 3.1696615e-07 5.11454e-08 5.3318093e-08 2.6958149e-05 3.8556977e-06 8.770637e-08 3.008012e-09 0.06002849 2.0568534e-09 0.00024724638 1.910385e-07 0.0044543757 1.0327138e-08 0.029345278 0.0053857737 7.87092e-08 0.002306187 3.5361732e-06 5.522292e-05 1.8025437e-08 1.809892e-08 5.979432e-05 3.5613628e-08 0.0019139366 9.877633e-09 4.5644995e-07 6.932211e-10 1.7479642e-09 0.0028760952 3.479257e-07 5.0258794e-05 0.003510176 5.739759e-08 0.0010264985 0.0015485162 2.675073e-07 3.5813283e-08 3.0269219e-05 2.482635e-08 5.3014073e-08 8.617763e-08
0.57336044 0.9662011 0.5773834 0.01315915 0.01719482 0.32797334 0.9822502 0.0028358765 0.19135782 0.8874969 7.455654e-14 0.008116683 0.0009274007 0.113761164 0.053255428 0.50984746 0.19493632 0.00032462782 0.0062389825 0.2251227 0.0003274052 0.54070264 0.0009109788 7.439948e-05 0.024095854 0.139495 1.21766725e-05 0.9338514 3.747919e-05 1.0645531e-06 0.014392119 4.041189e-05 0.26748836 0.054806545 0.08697044 0.040100176 0.02508546 0.0007098297 0.033727918 0.012922049 1.1296868e-06 8.368549e-07 7.8258956e-05 0.0023549332 0.0023450656 9.977085e-06 6.5753746e-05 0.00067070907 1.0056217e-07 0.0019060613 1.2107057e-07 0.010102049 6.1426067e-06 8.6448404e-07 0.00042746527 0.07681922 3.1348366e-06 2.0357645e-06 1.5186812e-05 5.125001e-07 2.9005246e-06 3.5733945e-07 1.8945387e-07 9.439981e-06 6.090241e-07 1.2380333e-07 2.5904846e-08 0.020025546 2.188537e-08 1.7298256e-05 2.0978253e-07 0.00086460984 4.769556e-07 0.04013434 0.0018326296 1.4421216e-06 0.0006060707 1.0434004e-06 2.3600096e-05 2.7901854e-07 2.8338068e-06 1.5177256e-05 1.2673465e-07 0.0013189291 5.7445664e-08 6.2458876e-06 4.6848957e-08 1.873156e-07 0.00045448885 2.102431e-06 5.89419e-05 0.0030354059 5.479338e-07 0.00013684056 0.00068773044 1.8098283e-06 6.8608875e-07 1.2101736e-05 8.197996e-07 7.2062596e-07 1.1342738e-06
0.920431 0.27748203 0.2845638 0.78523505 0.90456104 0.6780839 0.042070083 0.91084474 0.9449312 0.00962536 0.008116683 4.4118978e-14 0.4055505 0.12782332 0.08057531 0.004581978 0.3671671 0.23593453 0.87461257 0.011809608 0.93684715 0.00039371214 0.15318882 0.16059278 0.4150194 0.016579175 0.004500223 0.008156887 0.008234876 0.00093325914 0.0014662714 0.014326161 8.14412e-05 0.00014476846 3.3534314e-05 2.6194373e-05 0.00018052844 7.373593e-05 0.029091578 2.666103e-05 6.401396e-05 3.0001027e-05 3.682086e-07 0.51512015 1.963845e-05 0.007369836 0.036942042 6.889846e-06 1.0099693e-06 0.3174318 4.847948e-07 0.0019090665 1.5360201e-05 4.816367e-05 0.06888797 0.011387182 7.235045e-05 1.0344975e-05 2.492654e-06 1.4841609e-06 1.3573499e-06 3.5433602e-06 5.4674338e-06 0.0019436819 7.328844e-05 2.6075722e-06 8.147878e-07 0.003398066 3.4746213e-07 5.1026677e-06 1.7142646e-06 0.0002947185 4.974162e-07 0.12997538 0.012617119 5.025467e-07 0.000519905 1.418164e-06 2.1409382e-05 1.1231346e-07 1.2184525e-07 3.1134932e-05 9.4271954e-08 0.0025490976 6.620812e-09 8.788537e-06 5.092152e-08 5.967209e-08 0.0010768317 1.535419e-06 2.519437e-05 0.007751178 4.0438508e-08 0.0020241456 0.0021301485 4.617406e-07 4.3574414e-07 1.441626e-05 8.496906e-07 4.2410593e-07 6.249084e-07
0.83101815 0.043304306 0.24553902 0.3824857 0.30718943 0.8302891 0.00043974156 0.97798896 0.12574485 1.3001692e-05 0.0009274007 0.4055505 4.9192227e-16 0.00047412302 0.000625701 8.444611e-06 0.4345767 0.9335674 0.117938235 0.011519994 0.7204689 1.424342e-06 0.7103112 0.96496695 0.00684708 0.00027406833 0.5341558 0.00019729577 0.63482434 0.39598882 0.01582254 0.31504574 1.4998824e-06 0.00015666478 6.289213e-07 2.461891e-07 5.0052713e-06 0.005691892 0.000506498 5.457825e-07 0.09568032 0.015007669 2.897116e-06 0.42883295 2.8681763e-08 0.27720046 0.3332175 6.175844e-07 1.2567527e-05 0.2396371 1.177753e-06 6.523415e-05 0.0017367104 0.00099968 0.17427374 0.0006108871 0.00042905874 3.9901068e-05 8.184567e-09 5.1615336e-07 1.4067388e-06 1.2852013e-06 3.3142412e-06 0.0049598548 8.222065e-05 2.3096688e-07 1.8265878e-07 0.00048391576 2.0242197e-07 4.2235634e-08 2.8677933e-08 7.835451e-06 7.997782e-08 0.17338288 0.016500384 5.441558e-07 8.354984e-05 6.496015e-08 1.6631392e-06 2.7896943e-08 7.984004e-08 2.4837982e-06 3.2345548e-07 0.001351449 1.8628856e-09 2.7440343e-05 5.493268e-08 2.844655e-09 0.00012435982 2.230932e-06 5.2527856e-05 0.0023617833 2.5616478e-08 0.0010843023 0.001100035 1.8297277e-07 1.0242595e-07 1.5937611e-06 6.632813e-07 3.418463e-07 3.099424e-07
0.5024949 0.25634396 0.23805243 0.02407999 0.07933405 0.018537268 0.36883506 0.005627505 0.93282014 0.25965208 0.113761164 0.12782332 0.00047412302 2.336645e-16 0.993939 0.6614579 0.02614273 0.00072455883 0.5001123 0.0028722757 0.032069776 0.03061335 0.00018531994 5.431194e-05 0.7512312 0.6093803 2.2599836e-05 0.020778287 4.0231757e-06 3.686253e-07 0.00015108004 2.7136293e-06 0.00059678423 5.9820788e-05 0.0007618678 0.00018699835 0.008963496 4.577084e-07 0.49694774 0.00046494955 1.635548e-07 2.758811e-06 1.5700572e-07 0.012965859 0.00012519697 5.162178e-05 7.716979e-05 1.1013308e-06 6.4454746e-08 0.007990095 4.315062e-09 0.014933043 1.9634084e-07 1.4254032e-06 0.0009831449 0.13012476 2.6730315e-06 1.5506361e-06 1.0097391e-06 4.7296234e-09 5.3850567e-08 1.4991696e-07 2.6523372e-07 0.00010723911 1.1001074e-05 1.8763349e-07 1.605183e-08 0.013435704 4.5787605e-09 1.4319576e-05 4.6065576e-08 0.000798886 1.4449023e-08 0.03831483 0.010184161 3.42604e-08 0.00042780687 1.7733917e-06 1.0708392e-05 6.536305e-09 1.5076445e-07 1.1410357e-05 1.0462696e-07 0.0019789757 4.925597e-09 4.2421635e-07 1.691564e-08 1.0016337e-08 0.0005291422 2.2718035e-07 1.2148636e-05 0.0016274503 3.336968e-08 0.0006835825 0.00062276697 6.405839e-08 1.7033296e-08 5.0193053e-06 8.058434e-08 5.10718e-08 2.0263101e-08
0.7548648 0.14168666 0.07388 0.010304797 0.034721196 0.014320138 0.24640709 0.0033828544 0.819781 0.17145275 0.053255428 0.08057531 0.000625701 0.993939 4.7660714e-17 0.4975151 0.021638658 0.0011024884 0.56673837 0.0026008706 0.030145535 0.031767607 0.00022481724 0.00017071448 0.90036744 0.6176192 5.8706002e-05 0.015105237 4.951735e-06 1.1035186e-06 0.00022583817 1.920693e-06 0.0012564909 2.9426647e-05 0.00090154103 0.00034654498 0.009676326 9.621087e-07 0.6342481 0.0006537746 1.2056136e-06 2.6782957e-06 3.858495e-07 0.026760736 0.0005180065 5.634379e-05 0.000107716034 4.2697534e-06 3.3933276e-08 0.01799146 3.858307e-09 0.03503783 1.6719102e-07 2.8894838e-06 0.0031036201 0.20390809 6.37606e-06 1.1211307e-06 2.3975357e-05 8.742706e-09 3.7092047e-08 1.02943794e-07 4.512677e-07 0.00027700898 3.510082e-05 5.118524e-07 8.343876e-09 0.025383214 9.70048e-10 0.00014674409 1.8597689e-07 0.0024271996 1.7349645e-08 0.07071325 0.013418364 1.7244403e-08 0.001764333 6.468271e-06 2.629424e-05 4.2069033e-09 2.5880597e-08 9.934515e-05 4.2447144e-08 0.0044844695 7.45084e-09 9.79471e-07 1.522754e-08 1.3147049e-09 0.0019088291 2.0985075e-07 1.285604e-05 0.0047672284 1.5398724e-08 0.0017947213 0.0015130149 5.659131e-08 4.790848e-08 1.6933614e-05 3.9462368e-08 7.808178e-08 3.6566334e-08
0.8956899 0.44818896 0.2651203 0.0014123949 0.004359204 0.008397695 0.84302896 0.0002070132 0.11376515 0.92740554 0.50984746 0.004581978 8.444611e-06 0.6614579 0.4975151 3.3124867e-14 0.03648915 0.000106117375 0.030189328 0.006973123 0.00039770646 0.94668424 2.8908966e-05 4.7468475e-06 0.24529138 0.9574102 9.240741e-06 0.2675701 1.2993468e-06 3.5641338e-07 0.00029249693 6.3843436e-07 0.0535691 0.00032887413 0.06935584 0.0273558 0.438838 1.6557675e-06 0.663405 0.051034905 5.4095807e-07 2.1094943e-06 5.468886e-07 0.0013864199 0.012848172 1.1194641e-06 4.08811e-06 0.0003547986 6.8706406e-08 0.0013576432 7.017971e-09 0.19555719 1.177165e-07 2.9835934e-07 0.00024385743 0.3672353 2.1538807e-07 2.267308e-07 0.00016429168 9.983512e-09 3.873358e-08 2.8400592e-08 4.9377146e-08 7.771398e-06 2.483199e-06 2.638123e-08 2.8810115e-08 0.052666675 2.9137713e-08 0.0003216316 8.2062364e-08 0.0048789 1.7192646e-08 0.057916235 0.011416312 1.9544187e-07 0.0026350622 0.00011340693 6.530791e-05 1.0103372e-08 2.9581724e-08 0.00032778727 1.2753597e-07 0.0023561185 4.0860476e-10 8.194174e-07 3.8927905e-09 7.8137863e-10 0.003154468 4.2841575e-07 1.6729215e-05 0.0053772745 4.401495e-09 0.00038467508 0.0013278368 1.1041182e-07 8.6136374e-08 5.7539626e-05 5.483271e-08 1.5798231e-07 7.991103e-08
0.43983614 0.37232676 0.82004493 0.5831813 0.30276507 0.97917885 0.0893347 0.44821057 0.42167255 0.051870927 0.19493632 0.3671671 0.4345767 0.02614273 0.021638658 0.03648915 3.113003e-11 0.109750114 0.037341703 0.99796337 0.03299411 0.006489796 0.23246208 0.14181167 0.022877557 0.07670127 0.020300291 0.1623976 0.020234339 0.0016828217 0.51729757 0.00984128 0.0008385858 0.020922743 0.00020282652 0.00012493324 0.0017428661 0.18261746 0.0054411767 2.237481e-05 0.00068347494 0.00019774844 0.0034620876 0.08395211 0.00031937737 0.0024134924 0.038914014 9.202543e-05 1.023508e-06 0.048822086 4.782879e-07 0.0012351472 0.0005818558 4.5226596e-05 0.013917926 0.0030168265 5.396658e-05 0.00020862806 4.194478e-06 1.3235292e-06 5.6510794e-06 3.891555e-05 3.5908802e-06 0.0012280411 1.8412722e-05 5.0798035e-06 5.0694084e-06 0.0044712485 2.1867483e-05 3.9166716e-07 3.0691517e-05 0.00048969215 4.336775e-05 0.05604199 0.007560679 4.014845e-05 0.001970766 1.0119539e-07 5.301355e-07 4.747925e-06 5.481716e-05 4.263857e-06 8.669142e-06 0.0027872375 2.1058815e-05 1.2056671e-05 2.0230048e-06 4.7985573e-06 0.002573756 3.895898e-06 5.2824093e-05 0.01558812 5.404391e-06 0.002197116 0.0033150935 1.3689792e-05 2.7543197e-07 1.0459475e-05 4.848151e-07 2.120922e-06 6.3964685e-06
0.41137588 0.0017543575 0.041488096 0.16904698 0.18674232 0.69165957 0.00013316539 0.38770026 0.05716236 7.5867133e-06 0.00032462782 0.23593453 0.9335674 0.00072455883 0.0011024884 0.000106117375 0.109750114 2.5523805e-16 0.033872023 0.0076780184 0.23434015 8.019343e-06 0.9796204 0.76595074 0.0042711976 0.0006622988 0.95367974 7.5498356e-05 0.8828747 0.54959327 0.008214956 0.4235783 7.28962e-07 0.00014911183 1.0354526e-06 4.2780475e-06 6.4259084e-06 0.016660485 0.0006853364 3.4452216e-07 0.091526225 0.011979628 3.6470614e-05 0.24242866 2.1161961e-06 0.22677866 0.28809813 3.188936e-07 1.9357412e-05 0.13196371 1.7900136e-05 6.519298e-05 0.015776642 0.0014094783 0.10945201 0.0007211059 0.0005559724 0.00018423551 7.189994e-08 1.390176e-06 1.0570088e-05 1.641073e-05 1.2652526e-05 0.003337538 5.794978e-05 2.2596548e-06 8.565601e-08 0.0001683487 2.8571142e-08 1.0178308e-07 1.6917529e-06 5.2852258e-05 3.0322406e-07 0.041959934 0.0028135607 1.3911422e-07 9.030981e-05 4.149171e-08 2.8794364e-07 5.3680946e-08 6.8981984e-07 3.1664483e-06 4.2349606e-07 0.00037817998 3.901534e-08 1.6993115e-05 4.561797e-07 2.9593235e-08 0.00027480585 4.842693e-07 4.5433928e-05 0.0013801301 3.8210832e-08 0.00091516116 0.000671412 1.5149561e-07 3.4120464e-07 4.585956e-06 3.5552225e-07 5.460225e-07 5.8366783e-08
0.9398944 0.1307683 0.073520474 0.37956256 0.5148207 0.06094576 0.07190606 0.42825258 0.900436 0.037373193 0.0062389825 0.87461257 0.117938235 0.5001123 0.56673837 0.030189328 0.037341703 0.033872023 4.351927e-16 0.0019186479 0.9437344 0.0015869378 0.0027480714 0.031837676 0.9663291 0.028023332 0.0007596679 0.0023227702 0.003655323 6.318859e-05 3.4715613e-05 3.3458862e-05 3.0997642e-05 1.3852219e-05 2.1585509e-05 2.1759392e-05 0.00049135095 6.098099e-07 0.29176295 0.00011895196 1.2141594e-05 5.4703578e-05 1.0608888e-07 0.5431707 4.6789155e-05 0.0075280434 0.006812338 4.5051283e-06 8.601395e-07 0.46583396 1.2836547e-07 0.016768405 5.92075e-06 0.00015229356 0.08218093 0.09844436 0.00024763503 2.2365613e-05 5.4105226e-06 3.213126e-07 5.549226e-07 2.7865037e-06 1.7669285e-05 0.0029511238 0.00033329992 9.437586e-06 1.2778135e-06 0.021070769 5.909606e-07 2.1247615e-05 5.109648e-07 0.00105835 1.5052058e-06 0.36190978 0.1390916 7.903188e-08 0.0028212722 1.2744004e-05 1.0899048e-05 2.5629673e-08 3.0385164e-07 0.00011343366 5.399968e-07 0.018800117 6.985146e-09 1.4214524e-05 2.1048172e-07 3.3780292e-08 0.003050233 8.084788e-07 8.912106e-05 0.038770087 8.602798e-09 0.009156671 0.019017322 1.5390553e-07 9.722243e-07 0.00013748465 1.7628116e-07 1.9365463e-07 2.3197943e-07
0.032407384 0.26377204 0.5624573 0.02525587 0.013925508 0.31164488 0.02883924 0.008308805 0.03432229 0.014562686 0.2251227 0.011809608 0.011519994 0.0028722757 0.0026008706 0.006973123 0.99796337 0.0076780184 0.0019186479 9.443292e-14 0.0011173527 0.004169976 0.016601548 0.0015273225 0.001550364 0.00781541 0.0017797478 0.43911177 0.00017707182 5.733635e-05 0.70065105 0.0039341417 0.003351499 0.9945335 0.0032882208 0.0023368136 0.0005410768 0.15767753 0.0007342353 8.964753e-05 1.537732e-05 2.9553132e-06 0.018798467 0.0019902524 1.712917e-05 3.6572914e-05 5.3073087e-05 0.00013769105 8.3225933e-07 0.0003524349 3.2444876e-07 0.00012920033 6.166466e-06 3.8566e-07 2.3897697e-05 0.00042961354 3.121223e-07 1.3154945e-06 1.5893457e-06 2.1479416e-06 8.994872e-05 9.2490336e-07 3.2254772e-07 1.1320471e-05 1.0415006e-06 1.3417237e-07 1.7949599e-06 0.00054027606 2.6831583e-06 1.4869073e-07 4.4521157e-06 8.8195324e-05 4.457981e-05 0.0034521108 0.0003497283 1.1773785e-05 0.00034818647 6.2200364e-08 6.452938e-07 6.8625986e-06 1.1896006e-05 1.2132236e-06 6.3805885e-07 0.00041621845 9.81422e-06 1.8223478e-05 9.603381e-08 8.901162e-06 0.0001358824 6.6701855e-06 6.6570916e-05 0.0005067347 7.60338e-06 4.670418e-05 0.00038505092 6.3946725e-05 8.32926e-06 2.337349e-05 3.2084333e-06 6.10243e-06 1.0234053e-05
0.9087572 0.014321046 0.015384363 0.4103026 0.5294146 0.05148604 0.0035085813 0.7796437 0.49062786 0.0008994302 0.0003274052 0.93684715 0.7204689 0.032069776 0.030145535 0.00039770646 0.03299411 0.23434015 0.9437344 0.0011173527 4.1781565e-16 9.903347e-05 0.019886792 0.7726196 0.19823337 0.00054478383 0.007243385 0.00027133035 0.23450407 0.0016507617 0.0006778228 0.0016013364 2.9139771e-06 1.0828183e-05 3.379557e-06 1.8880042e-05 5.2868596e-05 1.41621595e-05 0.008319631 2.3672657e-05 0.0006709765 0.0064575532 3.9737678e-08 0.93723404 3.1621662e-06 0.27501264 0.20733836 9.96718e-07 1.249128e-05 0.8106572 2.26944e-06 0.0010659435 0.0006467895 0.0025150066 0.42782342 0.0055831256 0.0026550302 9.286686e-05 3.0200187e-07 4.5332026e-06 9.802943e-07 1.3361016e-05 0.00013955985 0.008704767 0.0012370587 2.4130837e-05 1.3618225e-05 0.0013542889 5.2323117e-07 9.861651e-07 2.5123793e-06 5.808905e-05 2.451665e-06 0.21418025 0.059283953 3.089753e-07 0.00048962113 2.4784765e-06 4.5398887e-05 1.6256764e-07 1.442013e-06 7.784576e-05 1.8831803e-06 0.009521209 9.144312e-09 4.1681073e-05 5.386482e-07 4.5238476e-08 0.0014470724 3.7187715e-06 0.00011277364 0.015012887 5.7064867e-08 0.003931994 0.0073437085 2.7546716e-07 5.198113e-07 6.274399e-05 1.0094022e-06 1.7916609e-06 3.67819e-07
0.9257061 0.067335844 0.015675118 0.00016276336 0.00015275105 0.000107112464 0.31802103 4.41265e-05 0.0063762637 0.91908026 0.54070264 0.00039371214 1.424342e-06 0.03061335 0.031767607 0.94668424 0.006489796 8.019343e-06 0.0015869378 0.004169976 9.903347e-05 8.996169e-14 3.4066124e-06 7.0279143e-06 0.016247645 0.67925394 3.7544062e-06 0.8120518 5.529622e-07 4.0375525e-07 1.671236e-05 5.9782235e-07 0.66336006 0.0008111575 0.757707 0.86117226 0.9129054 1.523226e-06 0.27990192 0.71835583 1.6696833e-06 3.1059294e-06 2.9201055e-06 0.0006290809 0.5160433 2.4243182e-06 2.2865275e-05 0.061080802 6.6879664e-07 0.0006513519 9.449483e-08 0.46248642 5.244496e-07 7.0778856e-07 0.00013759326 0.37504584 1.8778468e-06 8.026248e-07 0.016339729 3.0130668e-08 5.3830775e-07 1.2102623e-07 2.3590714e-07 4.3457485e-06 2.2990598e-06 7.8933354e-08 9.4226834e-08 0.1585239 2.1959916e-07 0.0029937692 6.0821384e-07 0.032149877 6.8630044e-08 0.028064145 0.0046378775 5.601675e-07 0.008537927 0.0003192443 0.0003213664 2.3219402e-08 1.463062e-07 0.0005305406 1.3302132e-06 0.0014297572 4.503124e-09 2.8995331e-05 3.0699812e-08 4.2139625e-09 0.008503332 8.0741466e-07 0.00011711157 0.004392604 2.1402876e-08 0.00019868207 0.0012076972 9.541032e-08 1.4005215e-07 0.00038883073 2.2742574e-07 3.6592516e-07 7.53367e-08
0.45641842 0.007936467 0.26381284 0.17036265 0.057138916 0.80640745 0.00042057104 0.28163886 0.040924523 3.5788376e-05 0.0009109788 0.15318882 0.7103112 0.00018531994 0.00022481724 2.8908966e-05 0.23246208 0.9796204 0.0027480714 0.016601548 0.019886792 3.4066124e-06 1.1369557e-13 0.5482616 0.0004911701 0.00050543307 0.84616095 0.00307644 0.5539496 0.3080905 0.015201882 0.9883521 1.683389e-06 0.0028758908 5.829102e-06 5.1313714e-06 1.4585012e-05 0.14316212 0.00014104652 2.4032312e-07 0.063412964 0.0010354975 0.00018573947 0.14912035 1.5421194e-06 0.038669765 0.19306995 7.000942e-08 2.7237954e-06 0.05538389 2.0406903e-06 2.0158992e-05 0.002218109 0.0001386707 0.017022483 0.00015842794 4.4345277e-05 2.2657949e-05 3.9906887e-09 1.4431947e-06 1.6322532e-06 1.5979205e-06 4.77535e-07 0.001372228 2.9885443e-06 1.7161068e-07 5.8000673e-08 0.00065078493 7.154041e-09 1.3356835e-09 3.9026747e-07 7.0246744e-05 2.70658e-07 0.15794656 0.01512534 1.0390106e-06 0.00042611966 9.483621e-09 2.8666612e-08 6.9723876e-07 1.1806004e-06 1.1176244e-05 2.4715195e-07 0.0014501641 6.8141014e-07 8.825872e-06 4.5295288e-08 4.1203992e-07 0.0005672605 3.773105e-07 5.395459e-05 0.0025883685 2.5301228e-05 0.0018895183 0.0009201793 4.5966135e-06 1.176251e-08 1.2721667e-06 3.355754e-07 6.769232e-08 1.1361493e-07
0.915638 0.0024921815 0.0139851775 0.031503815 0.031948887 0.21477903 6.036822e-05 0.43087628 0.011449648 4.270075e-06 7.439948e-05 0.16059278 0.96496695 5.431194e-05 0.00017071448 4.7468475e-06 0.14181167 0.76595074 0.031837676 0.0015273225 0.7726196 7.0279143e-06 0.5482616 2.366932e-16 0.003159607 0.00017599786 0.28359246 7.124034e-06 0.9384243 0.3564895 0.0019866624 0.2301947 9.982094e-07 5.3282556e-06 2.0899765e-06 5.008386e-07 4.1477433e-06 0.00046931492 0.0005117029 1.816541e-06 0.33799145 0.11192654 1.2960676e-07 0.8813087 9.200546e-08 0.901941 0.8302674 6.0763347e-07 0.00030552727 0.5456846 9.160924e-05 7.1325754e-05 0.0136212595 0.016425762 0.5866083 0.00041591548 0.008670056 0.002257459 6.269836e-08 1.8778244e-05 4.097083e-06 4.011764e-05 0.0005471378 0.04029901 0.0012918949 4.4243938e-05 9.170832e-06 0.0008990768 6.6515413e-06 7.4540316e-07 5.729609e-06 3.7613536e-05 1.5393996e-06 0.14690149 0.028563075 1.1420868e-06 0.00040280496 4.520747e-06 1.1650996e-05 4.1217552e-07 1.012383e-06 3.1754556e-05 8.415741e-06 0.0018612178 2.7261732e-08 5.324012e-05 4.3013395e-07 6.766947e-08 0.0006113956 2.9288378e-06 0.00013549172 0.005342577 5.2016556e-08 0.0033370017 0.0018664256 3.7597894e-07 5.8889026e-07 4.9460876e-05 1.5008741e-06 1.3731232e-06 5.563667e-07
0.95177853 0.15027802 0.061224952 0.09480044 0.22866745 0.015279452 0.21357343 0.081692316 0.6931757 0.14902245 0.024095854 0.4150194 0.00684708 0.7512312 0.90036744 0.24529138 0.022877557 0.0042711976 0.9663291 0.001550364 0.19823337 0.016247645 0.0004911701 0.003159607 1.0145512e-15 0.38216308 0.00020556094 0.006959112 0.00012409456 6.297367e-06 1.2387858e-05 1.1374959e-05 0.00023251069 1.5158957e-05 0.0002758141 0.0003955444 0.0035455779 2.0578992e-07 0.8746759 0.00070737285 2.4653225e-06 6.345855e-06 1.09787074e-07 0.07138859 0.00027282414 0.00050593144 0.0004562916 1.14600425e-05 4.6107002e-07 0.09734583 7.3157395e-08 0.078993656 5.9519465e-07 3.444644e-05 0.01587251 0.6065166 9.270589e-05 1.087939e-05 5.6213958e-05 3.1407632e-07 3.658449e-07 8.3482536e-07 7.5710436e-06 0.0013239473 0.00010752544 3.8731405e-06 3.5833182e-07 0.06826137 1.8141371e-07 0.00023555072 4.3821743e-07 0.0046225195 5.4057904e-07 0.39770418 0.14294319 1.4436e-07 0.0059676287 5.3345477e-05 4.2273623e-05 1.04824665e-08 1.3352442e-07 0.0002759393 5.1464536e-07 0.02361663 6.3872663e-09 3.6254344e-06 1.8400364e-07 1.0722375e-08 0.0045171124 3.1345e-07 7.7728255e-05 0.047596056 2.0529143e-09 0.008480741 0.020454958 3.3178083e-08 2.9712533e-07 0.0001150296 1.5468173e-07 1.14359025e-07 9.576382e-08
0.95658934 0.26643744 0.07430396 0.0073507605 0.0084893415 0.025915924 0.5209116 0.0021862325 0.12478118 0.70428884 0.139495 0.016579175 0.00027406833 0.6093803 0.6176192 0.9574102 0.07670127 0.0006622988 0.028023332 0.00781541 0.00054478383 0.67925394 0.00050543307 0.00017599786 0.38216308 2.8649006e-12 1.6978649e-05 0.15135953 1.985971e-05 2.7338879e-06 0.00015366143 5.193007e-06 0.014738597 0.00021315596 0.042507447 0.027113644 0.26672503 1.12338306e-07 0.9537353 0.036744226 7.984724e-07 2.0199955e-06 2.303011e-07 0.00068974664 0.014722743 2.2673137e-06 1.0032012e-05 0.00023545662 1.6610903e-07 0.0009902917 4.196719e-08 0.36421603 4.2927093e-07 1.0968007e-06 0.00035078535 0.72559154 2.6550565e-06 7.043027e-07 0.000522993 8.542727e-08 1.7651129e-07 2.4823737e-07 3.5627843e-07 4.9616403e-05 1.12038615e-05 7.018754e-07 1.0864055e-07 0.09754609 3.846501e-08 0.001628392 5.796382e-07 0.005771296 1.047184e-07 0.07101541 0.007225836 1.6408052e-07 0.006130286 0.00018336643 5.658644e-05 1.0678135e-07 9.934699e-08 0.00035826812 3.29703e-07 0.0030926513 1.7436689e-09 3.524058e-07 2.809264e-08 4.029682e-09 0.00721636 1.8988483e-06 7.684588e-06 0.0084607955 6.0969465e-09 0.0006185851 0.0016509946 7.9468116e-08 5.4817445e-08 0.00014323845 1.4111144e-07 1.6962123e-07 2.4038408e-07
0.04108355 4.496949e-05 0.00033521923 0.0023714881 0.0022077532 0.120420605 3.2293226e-06 0.015934983 0.0017835062 3.2050905e-06 1.21766725e-05 0.004500223 0.5341558 2.2599836e-05 5.8706002e-05 9.240741e-06 0.020300291 0.95367974 0.0007596679 0.0017797478 0.007243385 3.7544062e-06 0.84616095 0.28359246 0.00020556094 1.6978649e-05 9.489717e-17 6.90672e-06 0.8354744 0.9958993 0.0005366176 0.54227287 1.1133235e-07 2.0171165e-05 6.110778e-07 7.139332e-07 1.0356135e-06 0.008778838 4.226169e-05 3.1595633e-07 0.11633863 0.0039021282 2.6819085e-05 0.03446865 4.536915e-07 0.14712027 0.06963381 2.3474618e-07 8.914206e-05 0.010551453 6.806153e-05 3.2946366e-06 0.014014618 0.0011531375 0.012272282 1.8107614e-05 0.000339586 0.00016688844 4.5180468e-07 1.0024513e-05 1.2428209e-05 3.6182657e-05 3.4195098e-05 0.0010729814 8.478605e-05 8.258146e-06 1.353379e-06 2.82506e-05 4.800482e-07 1.9685851e-07 4.4352705e-06 3.076852e-06 4.4336166e-06 0.008666237 0.00092378695 3.3149317e-07 1.2944731e-05 1.28816335e-08 1.6273625e-09 3.0289254e-07 1.5881943e-06 3.78178e-07 2.9861042e-07 0.000222871 2.0439164e-07 1.5452324e-05 1.0216163e-06 3.4892906e-08 2.0045349e-05 1.11224516e-07 5.092233e-05 0.00041327643 2.2623554e-07 0.00011927775 0.000119594966 2.6365876e-07 6.647499e-07 1.0126837e-07 2.5355826e-08 7.7921996e-08 2.2584137e-08
0.2823805 0.47409585 0.6329245 0.008102982 0.00439638 0.16300155 0.48938167 0.0034782488 0.03372945 0.5339076 0.9338514 0.008156887 0.00019729577 0.020778287 0.015105237 0.2675701 0.1623976 7.5498356e-05 0.0023227702 0.43911177 0.00027133035 0.8120518 0.00307644 7.124034e-06 0.006959112 0.15135953 6.90672e-06 6.42198e-14 1.3087904e-05 1.6679289e-07 0.011576977 0.00021046377 0.9958532 0.8572904 0.2428991 0.4781821 0.064900726 0.011527142 0.015900435 0.05169198 3.8380423e-07 1.1647802e-06 0.0064902133 0.0010369244 0.012370811 1.4987729e-06 1.6287479e-05 0.14700569 2.0265654e-08 0.00069091056 1.4343563e-07 0.010510147 1.4020417e-06 1.2242167e-07 3.794967e-05 0.025717864 4.0192504e-07 1.4032014e-06 0.00055954047 4.322884e-07 1.5528522e-05 3.2994078e-07 1.6999842e-07 4.177321e-06 1.5193089e-06 5.6464195e-08 3.1207271e-06 0.046220753 5.076745e-07 6.1781655e-05 9.319108e-06 0.0010102709 8.199712e-06 0.017871585 0.0012691325 1.377839e-06 0.00075115915 5.311782e-08 6.3771944e-07 7.5967982e-06 1.523208e-05 1.6840866e-05 1.4415e-06 0.001238728 6.3238285e-06 1.2663403e-05 4.2052147e-07 1.1070425e-06 0.0009600442 3.2711225e-07 0.00037905143 0.001200748 5.266464e-07 0.00042083825 0.0005517075 1.3561246e-06 5.2762992e-08 3.914685e-07 4.813946e-09 2.9938075e-08 7.008704e-08
0.79330873 0.00013265938 0.0012970162 0.0013509569 0.0024002676 0.042489063 4.269032e-06 0.022981124 0.0005154856 2.1313409e-07 3.747919e-05 0.008234876 0.63482434 4.0231757e-06 4.951735e-06 1.2993468e-06 0.020234339 0.8828747 0.003655323 0.00017707182 0.23450407 5.529622e-07 0.5539496 0.9384243 0.00012409456 1.985971e-05 0.8354744 1.3087904e-05 7.997368e-16 0.7592224 0.0024858674 0.31775236 1.1454698e-07 2.3044214e-07 2.0003554e-06 1.2976614e-06 2.650005e-06 0.0019787701 0.00023611209 1.2286706e-07 0.964902 0.89465255 3.4845252e-06 0.3578576 1.904889e-07 0.8158315 0.7785411 8.1237874e-07 0.050372124 0.25622916 0.05976543 2.6079268e-05 0.4355701 0.13681605 0.4396034 0.00012769023 0.042293094 0.047206543 1.525344e-08 0.0025767928 0.008682964 0.004906439 0.0011879569 0.11529226 0.003415715 0.00010131896 3.3065302e-05 0.00011889254 7.812171e-06 8.170019e-08 3.2369804e-05 5.378916e-05 6.6666566e-06 0.09141435 0.012885119 1.0187257e-06 0.00019112407 3.101078e-08 1.7423465e-06 5.0681535e-07 6.7747567e-07 2.6485814e-05 5.448734e-07 0.0016274317 1.7420349e-07 0.000103973325 2.5159193e-07 3.4314024e-08 0.00092647976 2.3276295e-06 9.14283e-05 0.004702663 3.5894452e-08 0.0016472336 0.0012332869 3.662439e-07 1.1529042e-06 2.2908403e-05 1.114821e-06 1.0137655e-06 2.1170955e-07
0.08291013 1.6958317e-06 8.523238e-06 0.00060907385 0.00030748482 0.0019078446 7.194425e-08 0.0069574704 0.00014199858 6.7920716e-08 1.0645531e-06 0.00093325914 0.39598882 3.686253e-07 1.1035186e-06 3.5641338e-07 0.0016828217 0.54959327 6.318859e-05 5.733635e-05 0.0016507617 4.0375525e-07 0.3080905 0.3564895 6.297367e-06 2.7338879e-06 0.9958993 1.6679289e-07 0.7592224 1.9138493e-15 0.0004681815 0.2299035 6.6550626e-08 7.4535515e-06 4.3934286e-08 5.9287842e-08 1.189343e-07 0.006683781 8.989353e-06 1.0134161e-07 0.99000496 0.02187885 5.245862e-05 0.058966856 2.946829e-07 0.29714662 0.21634112 3.9263334e-08 0.0006942609 0.020831192 0.00044290468 1.930221e-06 0.08906735 0.0115657095 0.03368507 8.8592415e-06 0.002460492 0.0012696603 6.4963e-08 4.4338638e-05 5.492082e-05 7.914786e-05 3.061186e-05 0.010977306 8.515532e-05 9.010802e-06 5.965455e-07 1.1990778e-06 1.703934e-08 2.590776e-08 1.4656226e-06 2.8075444e-06 5.58053e-06 0.022490554 0.0014598747 1.2227815e-07 6.119593e-06 4.089792e-09 3.546631e-09 4.5966334e-07 3.276007e-06 8.109749e-08 5.792607e-07 0.00045944707 1.4945387e-07 9.797962e-05 7.6421964e-07 3.8892747e-08 2.7333861e-05 7.8138854e-08 3.519783e-05 0.00075824856 5.8975183e-07 0.0008551225 0.0003431961 2.9988837e-07 5.832872e-08 3.7191135e-09 1.1512121e-08 3.8906474e-08 3.889e-08
0.0033285506 0.010934614 0.06952674 0.0046685017 0.0041152714 0.10044511 0.0016787654 0.0076960376 0.0029870628 0.0022542395 0.014392119 0.0014662714 0.01582254 0.00015108004 0.00022583817 0.00029249693 0.51729757 0.008214956 3.4715613e-05 0.70065105 0.0006778228 1.671236e-05 0.015201882 0.0019866624 1.2387858e-05 0.00015366143 0.0005366176 0.011576977 0.0024858674 0.0004681815 1.5378246e-18 0.006653715 0.00033035185 0.60075366 0.00010214166 0.0003447028 1.3941166e-06 0.9913553 2.1088237e-05 2.6679876e-07 7.480209e-05 9.872544e-06 0.9688768 0.00042968133 2.9763862e-07 9.854403e-05 0.00015525628 2.8165553e-06 1.2732288e-06 0.00013017331 8.3905735e-07 1.592557e-05 5.903897e-06 6.5667206e-07 8.370648e-05 1.3583489e-05 8.1126683e-07 1.009303e-06 4.3101227e-07 4.536435e-07 8.5489984e-07 4.187422e-07 7.6829316e-08 1.6940981e-05 1.1759773e-06 1.1328441e-07 7.8938064e-07 1.6338567e-05 8.688629e-07 3.2688678e-09 6.283149e-06 6.4381493e-07 3.4400823e-06 8.384391e-05 1.9196828e-05 2.0376558e-05 7.093377e-06 2.0188358e-10 9.440218e-09 3.261003e-07 9.894679e-07 3.51124e-09 3.3792926e-08 1.5317282e-05 1.1031251e-06 1.1744118e-06 3.2373492e-08 5.900685e-07 5.519367e-06 2.2378882e-07 2.5820851e-05 3.6189456e-05 4.0461346e-06 2.8551109e-05 2.6799196e-05 2.717475e-06 6.286086e-08 4.2305857e-08 1.1277432e-07 4.9628582e-08 2.920337e-06
