5.8749083e-16 0.95490205 0.88564473 0.6849775 0.8952621 0.9269132 0.86603725 0.19155662 0.33210164 0.9637754 0.9466762 0.016148511 0.84671056 0.9756614 0.016931025 0.0002979782 6.6492044e-05 0.0123197865 0.65444124 0.9634125 0.95255256 0.93421406 0.13649282 0.852047 0.9640724 0.69319683 0.9655163 0.8407196 0.69823444 0.88233 9.5788e-05 0.9861044 0.37974304 0.98057264 0.9817341 0.7549624 0.9877976 0.98001844 0.16035408 0.0018208511 0.91591775 0.80639523 0.74575967 0.0035551211 0.91354924 0.9590972 0.0011490303 0.92510635 0.9127477 0.26509747 0.17119557 0.94479495 0.6138863 0.9253577 0.9771735 0.95701927 0.995157 0.78789777 0.5226806 0.9653154 0.9697075 0.922748 0.19836494 0.90879613 0.02513278 0.9125049 0.85978 0.9487478 0.74224085 0.033662453 0.048423015 0.97944504 0.09226917 0.70564044 0.6945471 0.45527476 0.73181677 0.35171527 0.51376945 0.83867884 0.34367588 0.6434729 0.97636926 0.031337854 0.067231566 0.28715792 0.24680172 0.9800523 0.8877255 0.8966173 0.7208147 0.30151042 0.9906132 0.90571046 0.9999969 0.9999847 0.88968986 0.98323894 0.99995667 0.99086857 0.0017650266
0.95490205 8.215772e-16 0.8060546 0.6483662 0.36491385 0.98326 0.9670072 0.096544966 0.9330837 0.60792094 0.48064557 0.412956 0.018912688 0.32251686 0.0015827005 0.004102794 8.996588e-05 0.19290358 0.012249264 0.011513452 0.004528262 0.00017308893 0.16347027 0.00023378921 0.033293277 0.0008833873 0.19399989 0.008004616 0.00079059287 0.002825768 0.0007183394 0.00037850183 9.7029486e-05 0.78633964 0.5300685 0.008269149 1.7540438e-06 0.06043014 3.995891e-05 1.9678803e-06 8.025368e-07 0.0020742922 1.3546388e-05 7.8093296e-07 4.5212346e-06 0.019984031 5.9482023e-05 2.6430857e-07 4.3180058e-05 3.228242e-06 2.9866425e-07 0.00015339043 9.724207e-07 5.1017823e-06 0.004587689 4.739098e-08 0.016622482 8.7424276e-08 3.1483815e-08 6.559047e-07 0.0006974463 2.2077038e-06 1.7138525e-08 1.6271431e-06 5.2004384e-07 1.9416678e-08 2.5557133e-08 7.4497184e-05 8.353673e-08 5.146382e-08 8.264401e-08 2.7701267e-06 8.522429e-09 5.254038e-07 3.7709736e-08 2.4569115e-07 3.0471423e-08 2.3802235e-07 1.7698216e-08 2.5534135e-08 2.4219875e-07 1.8974887e-08 0.0025700536 1.930196e-07 4.6112496e-07 2.1724533e-09 2.0586626e-09 4.7056394e-05 0.00034595162 0.0010379079 9.1844335e-08 2.2855659e-07 8.472389e-05 2.6413795e-07 0.096077755 0.0028454259 2.4394135e-08 1.1192957e-07 0.0016125035 1.2546283e-05 6.370456e-06
0.88564473 0.8060546 6.500023e-14 0.9496891 0.97957706 0.040917058 0.102755085 0.4529428 0.14476801 0.9845359 0.010995506 0.09961585 0.53316957 0.8321469 0.121714234 0.017498335 0.001452076 0.0019598403 0.0009152328 0.00072410016 0.12345342 0.01231945 0.00068941514 2.6475584e-05 0.0043012043 0.005097697 0.18811545 0.001284762 0.0030322194 0.0005205611 0.00015934207 0.0033261452 0.008507254 0.30745202 0.15168029 0.015593195 1.6716312e-07 0.010125067 7.613178e-07 0.00012773859 1.0634943e-05 0.00467986 0.00038209488 2.6576647e-05 4.423641e-06 0.024403334 1.5595239e-06 1.4213684e-05 5.394186e-06 0.00010679027 2.1960304e-08 6.0291524e-05 6.902437e-05 1.2631698e-06 0.0042097573 4.8787363e-08 0.001255559 3.65285e-05 7.3551945e-08 3.1288437e-07 0.0038384856 5.2323463e-05 2.3662015e-08 4.764728e-07 4.0071444e-07 2.2358395e-06 3.3623578e-06 0.0001961059 6.6759894e-06 1.47272905e-08 1.5691352e-07 6.322572e-05 1.4326711e-08 5.996667e-07 9.795542e-07 1.5576237e-05 8.452979e-07 2.2347362e-07 9.567306e-07 2.525087e-07 1.9734308e-07 1.7694579e-07 0.0024153772 3.2132945e-07 5.614224e-06 7.0880852e-09 5.367232e-09 0.00031249417 0.0011367884 0.00046691688 1.0462832e-06 1.6299005e-05 0.00013248554 6.9821263e-06 0.023775045 0.0024670337 8.083357e-08 2.7448797e-07 0.00037688186 0.00010555971 6.4702454e-06
0.6849775 0.6483662 0.9496891 1.507279e-13 0.9952569 0.036595464 0.32588392 0.9886259 0.6305288 0.7286795 0.0019011272 0.51476693 0.16200286 0.05715935 0.20076238 0.22242571 0.0062917066 0.0040124203 0.00024788122 0.0005886028 0.0071872836 0.0019136219 0.0010203851 3.0954157e-05 0.0011455371 0.0005875311 0.014503054 0.00029663625 0.00022501565 2.3988783e-05 0.0019673249 0.0010726198 0.0004459163 0.1596777 0.025138084 0.0010107962 3.1553415e-07 0.0009754939 8.5268107e-07 2.0913514e-05 4.043633e-07 0.0001522853 9.463264e-06 1.3852265e-06 1.4794409e-06 0.0016846217 9.378553e-07 1.2637687e-06 3.083333e-07 3.6493943e-06 1.5326472e-07 4.362741e-06 1.4744379e-06 4.9147206e-07 0.0005606167 9.291828e-08 0.00013375786 6.565196e-06 1.688918e-07 2.2343205e-07 7.844689e-05 3.4735497e-06 3.127815e-08 2.9994703e-07 5.832775e-07 4.5955855e-07 3.6231478e-07 6.286386e-06 1.7441687e-06 6.013197e-08 2.0844615e-07 9.786713e-06 2.7919516e-08 7.222941e-08 1.5191806e-07 1.237405e-06 9.963012e-08 1.4172818e-07 2.1590594e-07 5.8610315e-08 1.2648182e-07 2.8663278e-08 7.273863e-05 1.9655684e-07 7.192144e-07 1.3046169e-07 1.2236745e-08 5.61151e-06 2.5613048e-05 0.00024309118 2.1681525e-07 7.506632e-08 5.6789595e-05 3.909919e-06 0.0045688287 0.00040481827 2.4051573e-07 3.9227427e-05 0.00018595021 2.0331183e-06 1.260921e-05
0.8952621 0.36491385 0.97957706 0.9952569 5.280252e-13 0.013515091 0.11939183 0.87295324 0.2856487 0.8771961 0.0023301484 0.21964017 0.34542453 0.13800488 0.4030344 0.12681614 0.0067492686 0.0010013331 0.00030407938 0.00049778994 0.032019325 0.008868849 0.00048459647 5.5911663e-05 0.0011978904 0.0025774697 0.034427214 0.00025090604 0.0007161308 5.977448e-05 0.0007112978 0.0034556205 0.007442997 0.23270617 0.037928373 0.006026769 4.5745182e-07 0.0020231225 4.1863223e-06 0.00014439563 7.6040105e-06 0.0009821721 0.00012212613 1.140829e-05 7.6222054e-06 0.008117449 1.484866e-06 6.576896e-06 3.4867173e-07 7.554372e-05 9.358487e-07 1.9707613e-06 9.6780605e-05 6.170775e-07 0.0020422265 2.996974e-07 0.00014797316 2.0933028e-05 1.8413651e-07 1.4513388e-07 0.000616674 1.7441545e-05 7.515199e-08 2.318945e-07 1.5208818e-06 2.458619e-06 2.4049978e-06 4.863349e-05 9.90782e-06 3.0791225e-07 5.1344034e-07 5.6603218e-05 3.9093408e-08 2.1901627e-07 3.1984314e-06 2.855917e-05 3.786074e-07 5.666846e-07 2.988898e-06 3.3354075e-07 8.692047e-08 7.555413e-08 0.0012241603 1.1932838e-06 1.2957378e-05 6.598988e-09 3.844902e-08 8.9469955e-05 0.0011423157 0.00040219366 7.545551e-07 2.0360492e-05 0.0007167573 0.00013131883 0.011912861 0.0028411879 3.2954017e-07 1.46263255e-05 0.0004645303 0.00021368371 0.00010250917
0.9269132 0.98326 0.040917058 0.036595464 0.013515091 6.575451e-14 0.9833176 0.0018872176 0.6318902 0.10051657 0.9205147 0.027891695 0.00049470545 0.013035159 7.416889e-05 5.7597274e-05 8.600333e-06 0.20011845 0.42041823 0.25284758 0.0004155303 2.0351736e-05 0.8919564 0.013620583 0.19212711 0.00012423367 0.023309015 0.08128899 0.00011194918 0.049081646 0.00020110726 6.676827e-05 2.5000293e-06 0.6968994 0.3749646 0.0024029827 0.00051420653 0.17956442 0.0012546888 2.9521482e-07 5.5006734e-07 0.00065458 3.885853e-06 3.539302e-07 0.00017573722 0.0057949782 0.0030687333 5.3052304e-08 0.0021966738 1.2448913e-06 8.594074e-05 0.0053349505 2.995831e-07 0.00033203373 0.0009003008 5.0153867e-06 0.06547146 1.10476265e-07 1.7236183e-06 0.0003238983 8.376159e-05 5.994045e-06 1.6248108e-06 0.00015612725 4.264697e-05 3.03061e-07 2.220509e-07 4.7594945e-06 1.7973889e-06 1.4747135e-06 1.1959143e-06 2.8647376e-06 6.069926e-08 7.423662e-05 6.0488657e-07 1.7789034e-06 1.6050905e-07 2.9804185e-06 5.9134027e-08 3.586655e-07 3.3811173e-06 1.5281076e-06 0.0005079864 1.6834669e-05 1.3592786e-06 3.129297e-07 9.519655e-08 3.8396443e-06 4.119975e-05 0.004564426 4.8554847e-07 2.2963316e-06 4.3125756e-06 1.2992266e-06 0.089237094 0.0007457864 3.372739e-07 7.1610684e-06 0.00595245 7.5478476e-07 3.842584e-05
0.86603725 0.9670072 0.102755085 0.32588392 0.11939183 0.9833176 6.223061e-12 0.015218846 0.98613197 0.08945852 0.050328325 0.23797491 0.0010105176 0.0021149577 0.00011072991 0.0005234508 4.4589146e-06 0.22266744 0.013013843 0.004230147 0.000160977 2.3618268e-05 0.8527526 0.0002332436 0.011455858 2.2823337e-05 0.0016855514 0.00085442356 1.8098568e-05 0.00034948473 0.0090463245 0.0002183836 8.876446e-07 0.2980753 0.031031793 0.00014037717 4.5901194e-05 0.0091819335 1.7397208e-05 9.0623934e-07 6.711751e-08 4.15457e-05 3.1569173e-06 8.2382644e-07 1.7188344e-05 0.0004712486 3.623957e-05 1.0305479e-07 3.351935e-05 4.1547028e-06 5.86699e-07 2.28033e-05 2.6601722e-07 1.0474588e-05 6.9097085e-05 9.102601e-07 0.0017049022 9.1073076e-07 2.7664066e-06 4.3956523e-05 1.9269353e-05 1.723878e-06 5.411774e-07 2.0180825e-05 1.7116361e-06 2.472788e-07 2.1771908e-07 9.679288e-07 1.5883714e-06 1.1922748e-06 2.2651352e-06 6.078627e-06 2.377245e-07 4.1650446e-06 8.5623185e-08 7.548535e-06 7.408176e-08 3.2382015e-06 1.1388038e-07 8.971812e-08 2.9764335e-06 3.2544133e-07 8.608478e-05 1.930545e-06 1.0631643e-06 5.669622e-08 1.7562522e-07 6.530215e-06 0.00019004228 0.0019360626 7.7003165e-08 6.3014244e-07 0.0003166651 6.1167166e-06 0.022042265 0.00079639856 1.6446864e-06 1.4852873e-05 0.00095524674 4.5117413e-06 4.856661e-05
0.19155662 0.096544966 0.4529428 0.9886259 0.87295324 0.0018872176 0.015218846 6.058887e-13 0.30456358 0.441101 7.74476e-05 0.79489166 0.046021692 0.0219206 0.9970826 0.64083874 0.21164176 0.015922982 9.035733e-06 4.096456e-05 0.0029249513 0.00036620777 4.9720187e-05 7.1089125e-06 1.7797443e-05 9.663507e-05 0.0020398947 1.9877216e-05 5.4437067e-05 2.4900084e-05 0.019331897 0.0001546001 4.6105593e-05 0.003187977 0.0016363666 4.0222913e-05 2.8599823e-06 7.3189426e-06 3.179587e-08 9.874417e-06 1.1409372e-06 2.7633734e-05 3.5141898e-06 5.7967026e-07 6.076051e-07 0.00014379497 4.8752387e-08 4.9671365e-07 2.4050414e-06 1.0890673e-05 2.1293458e-07 2.5914815e-07 3.1131813e-07 4.3238097e-06 2.8750215e-05 6.6030555e-07 4.9218243e-06 1.237553e-05 2.9365532e-07 1.07881815e-05 8.833518e-06 1.3707244e-05 5.0888026e-08 3.9165957e-06 7.55809e-07 1.5596503e-06 1.5237943e-06 2.2961983e-06 8.683183e-06 3.321026e-07 3.278928e-07 5.206354e-05 2.6088097e-07 1.8954822e-07 1.0160692e-06 3.331321e-06 4.7729236e-07 6.204573e-08 3.040427e-07 3.8426748e-07 1.3266435e-07 3.369484e-08 8.5490974e-05 1.5731118e-07 8.711152e-06 9.658522e-09 6.523666e-08 1.0130229e-05 7.573069e-05 4.3646156e-05 2.0263074e-07 4.5415558e-07 0.00012863356 1.4991244e-06 0.0018061197 0.00030876073 6.6598597e-07 2.7792918e-05 4.15415e-05 8.052603e-06 2.3870844e-05
0.33210164 0.9330837 0.14476801 0.6305288 0.2856487 0.6318902 0.98613197 0.30456358 1.5494694e-14 0.13844423 0.013687861 0.9553881 0.0025334125 0.0021869163 0.0038498947 0.060592923 0.0015999777 0.9869538 0.0042094258 0.0013289839 0.0005891917 9.235857e-05 0.69249314 0.00012055344 0.0012586245 5.3979085e-05 0.0016341325 0.0003914146 6.436713e-05 0.00035456452 0.17568837 0.00016216034 5.0773965e-06 0.068668 0.0071893195 0.00018323709 8.1945445e-06 0.0005659186 1.2451942e-06 1.4435802e-06 2.4021725e-07 4.8480582e-05 2.9524736e-06 9.0516573e-07 4.9238474e-06 0.0004921482 9.3692515e-06 4.5059684e-07 4.234248e-06 4.9937426e-06 2.832025e-07 2.8103439e-06 1.6406298e-07 5.9039223e-07 4.7419133e-05 1.5227519e-07 0.00028431814 4.470521e-06 1.6705046e-07 4.227747e-06 2.607704e-06 2.2595049e-07 1.6242245e-07 2.1587744e-06 2.7859085e-06 1.0828179e-06 1.4140605e-07 4.8982006e-06 7.097068e-07 5.2539253e-06 5.5641044e-06 1.8942272e-06 4.6061203e-07 1.433581e-07 2.525648e-07 1.4728464e-05 6.571773e-08 2.2790537e-07 1.0516691e-08 1.187353e-07 7.24547e-07 1.1494218e-08 7.3344374e-05 1.0907206e-06 8.997566e-07 9.222415e-09 2.7315501e-08 2.0371039e-05 3.5152072e-05 0.00034580383 4.151055e-08 3.3965264e-08 0.00016959095 5.3308304e-07 0.00424491 0.00097213476 1.2443181e-06 7.909251e-06 0.0001486908 3.4542318e-06 3.0108884e-05
0.9637754 0.60792094 0.9845359 0.7286795 0.8771961 0.10051657 0.08945852 0.441101 0.13844423 4.657523e-13 0.004852402 0.011720795 0.74736804 0.9834882 0.04131566 0.0023865905 0.00036889804 0.0007642517 0.00081511243 0.0002691734 0.38184494 0.08984773 0.00022055321 7.660796e-05 0.004763293 0.014042303 0.7699219 0.00058009615 0.0047153593 0.00014158843 3.0123876e-05 0.007406309 0.015962863 0.54754704 0.28477922 0.044968862 1.2315326e-06 0.023516525 1.545726e-05 3.366929e-05 3.417681e-05 0.011195826 0.00018681546 7.068854e-05 1.7812454e-05 0.072206646 3.5472362e-07 3.6590005e-05 1.8782622e-06 0.0004374934 3.2025024e-08 3.5592835e-05 8.242697e-05 2.366837e-07 0.026193859 3.5479434e-07 0.005261715 0.00020732556 2.455595e-07 1.966716e-07 0.008373017 0.00012567917 3.677308e-08 1.5883791e-06 3.5741272e-07 4.0759055e-06 8.073604e-06 0.0008974047 8.091379e-06 9.957023e-09 1.8325323e-07 0.00024684682 3.600423e-08 1.728569e-07 2.1311043e-06 2.2162587e-05 6.8360293e-07 5.270423e-07 6.150218e-07 2.0733742e-06 1.0027425e-06 6.548937e-08 0.005577916 4.846639e-07 8.278996e-06 6.286134e-08 9.152024e-09 0.0015163647 0.002050256 0.0006256058 1.7054646e-07 2.790964e-06 0.0010597281 1.86183e-06 0.07446792 0.006361942 1.7576681e-07 1.3058213e-06 0.00105461 2.2828823e-05 6.3898017e-07
0.9466762 0.48064557 0.010995506 0.0019011272 0.0023301484 0.9205147 0.050328325 7.74476e-05 0.013687861 0.004852402 6.4710303e-13 6.87842e-05 0.00035988737 0.0043941163 2.8252473e-06 2.2374614e-07 3.5584614e-07 0.004398083 0.96524423 0.9773924 0.00018786566 1.573391e-05 0.2923098 0.7239079 0.84265673 6.528257e-05 0.0035211714 0.35629824 5.1398667e-05 0.28312513 1.0919247e-06 8.8972796e-05 1.5494048e-06 0.2595976 0.110385984 0.0009978369 0.012721814 0.47631246 0.20097938 1.3869891e-07 2.1976396e-06 0.00039084576 1.5951031e-05 6.8161455e-08 0.023449242 0.0043758126 0.03441093 2.923933e-07 0.006374443 1.7696766e-06 0.047458496 0.0064224415 1.0525272e-06 0.017045666 0.0016368293 0.0006485007 0.20844044 2.0688858e-05 0.00011668861 0.0007967305 0.0001032643 4.0520063e-05 2.296438e-05 0.00096468 0.0018942644 2.3808673e-06 1.4580985e-06 9.664548e-05 8.944168e-06 2.0550693e-05 5.8703845e-06 1.08137365e-05 1.078189e-06 0.00017490258 8.3065373e-07 3.4396032e-06 3.4571745e-08 2.1896616e-05 3.6047504e-07 1.5575908e-07 5.4485286e-06 6.3183134e-06 0.0021396226 1.242585e-05 2.2947543e-07 1.3899593e-07 2.5200662e-09 0.0002583589 0.00038051343 0.002758084 1.0522741e-06 6.5331674e-06 9.994612e-05 2.1683678e-05 0.14011027 0.0028909654 8.5727976e-07 5.0283556e-06 0.015046692 2.1685519e-05 1.5047201e-05
0.016148511 0.412956 0.09961585 0.51476693 0.21964017 0.027891695 0.23797491 0.79489166 0.9553881 0.011720795 6.87842e-05 1.8150253e-12 0.0007675083 0.0006480781 0.0587677 0.9937507 0.069062606 0.8219361 8.9542555e-06 8.818144e-05 0.00049625535 0.0001706318 0.0009797406 1.1913104e-05 0.00048458186 3.592461e-05 0.00041167252 9.512799e-05 4.614849e-05 0.000102312275 0.9413738 0.0005844115 7.4340474e-05 0.00062920124 0.0004257224 0.00011653235 2.9258956e-06 3.6642454e-05 4.5577923e-07 1.0238533e-05 1.1381334e-06 6.776638e-05 9.20929e-06 4.5143773e-07 7.2824737e-06 0.0002993402 1.4499932e-06 1.9314234e-06 3.9795114e-07 5.4632255e-05 3.8518056e-06 4.5482355e-07 6.108185e-07 1.9327776e-06 2.997463e-05 1.5729324e-06 1.1147503e-05 9.977983e-05 8.145905e-07 3.6045338e-07 5.8228045e-05 1.47192095e-05 1.1326513e-06 7.1688783e-06 1.6128655e-05 3.948313e-05 7.1326804e-06 4.7028466e-06 2.3667262e-05 7.047828e-06 5.353162e-06 7.804568e-06 3.2751852e-06 5.3108425e-07 2.4556957e-05 0.00010984369 3.5151988e-06 8.759564e-07 4.7088085e-07 1.4474408e-05 3.3844497e-06 1.9277661e-07 9.11027e-05 1.974117e-06 0.000184134 2.4887098e-07 5.7669325e-07 1.0134911e-06 2.636497e-05 0.0001699366 2.7958856e-07 1.7139736e-06 8.6936845e-05 3.0106099e-05 0.011522707 0.002425779 6.942385e-05 0.00018269077 3.670765e-05 6.280513e-06 0.00036309552
0.84671056 0.018912688 0.53316957 0.16200286 0.34542453 0.00049470545 0.0010105176 0.046021692 0.0025334125 0.74736804 0.00035988737 0.0007675083 4.0237696e-12 0.6714864 0.36189127 0.00027012386 0.00082650245 3.1193988e-05 0.00012917693 0.0001825934 0.82437813 0.9888024 5.8264093e-05 4.743245e-06 0.002858623 0.12248435 0.08086082 0.0005829336 0.20611963 3.937157e-05 0.00010046953 0.070786394 0.9915054 0.018607276 0.00951681 0.013683149 2.407127e-06 0.0018199728 1.0519861e-06 0.0724993 0.00030028407 0.0025203333 0.0009985771 0.0026582251 5.0723316e-05 0.007693484 1.5714892e-07 0.00048507826 1.2702889e-06 0.0026265194 4.769547e-07 2.7227998e-05 0.0010312785 3.679859e-06 0.0028509644 2.6978233e-07 0.0006001828 0.0056695985 7.88765e-07 6.472257e-06 0.0022585767 0.00035024513 2.7348773e-07 3.2568832e-06 2.4698678e-05 6.546168e-05 1.0571612e-05 0.00012885321 2.3647837e-05 2.106025e-06 8.792227e-06 0.00060084456 2.9520413e-07 5.800228e-06 1.9061357e-05 0.00025449827 3.8132966e-06 3.3104078e-07 1.2870148e-05 4.746508e-06 2.8835886e-05 1.7790037e-06 0.0005381733 3.5860276e-06 0.00024073133 4.0092374e-08 1.021154e-07 0.00020066762 0.001476719 0.00022567842 5.0770527e-06 8.196804e-06 0.00079159444 2.40725e-05 0.007861211 0.00080194086 2.729031e-07 1.6300435e-05 0.00020008726 0.00031855455 7.758462e-06
0.9756614 0.32251686 0.8321469 0.05715935 0.13800488 0.013035159 0.0021149577 0.0219206 0.0021869163 0.9834882 0.0043941163 0.0006480781 0.6714864 1.0017884e-12 0.0016063263 7.134086e-05 2.2787364e-05 2.380966e-05 0.0003023334 0.00040127587 0.9329619 0.13162504 3.5482113e-05 9.007718e-06 0.013902956 0.10857441 0.9482878 0.0025004423 0.012620549 0.00032204812 2.5577043e-07 0.018627174 0.007888675 0.62159413 0.52168226 0.18888256 1.7059048e-06 0.03259562 1.1748228e-06 1.2817734e-05 0.00051393296 0.02780025 0.00046766494 3.4008164e-05 2.9844343e-06 0.30920836 3.5672027e-08 0.0002137412 6.2656886e-06 0.0019078173 7.628157e-09 0.000116183146 9.905575e-05 2.4071248e-06 0.07325166 8.5615504e-08 0.0063115954 0.00019504927 5.4954793e-08 3.1424557e-07 0.013310591 0.0006701841 1.0969031e-08 3.1430325e-06 1.2493734e-07 6.2938096e-05 1.1136984e-05 0.0039278283 7.309318e-06 2.1137505e-09 2.3977767e-08 0.0009257713 9.869704e-09 1.15374185e-07 1.3796359e-05 5.947342e-06 3.14926e-07 3.8056854e-08 1.16877096e-07 1.9453469e-06 1.2995146e-07 3.445667e-08 0.01883006 2.5528875e-08 3.38429e-05 2.1690615e-10 2.2895625e-09 0.0029585096 0.0035368192 0.0016067461 1.0506146e-06 2.4004368e-05 0.0020483367 3.293804e-06 0.13501774 0.02107182 3.3475374e-08 8.8115956e-07 0.0032604681 0.00031449067 1.5234376e-07
0.016931025 0.0015827005 0.121714234 0.20076238 0.4030344 7.416889e-05 0.00011072991 0.9970826 0.0038498947 0.04131566 2.8252473e-06 0.0587677 0.36189127 0.0016063263 2.564287e-16 0.24166335 0.99997467 2.0687887e-07 2.720548e-06 3.4811023e-07 0.0012207724 0.0038777147 1.106407e-06 2.8727163e-07 1.4740975e-06 0.000186952 0.00022558309 1.7068672e-07 0.00011329009 5.9025825e-07 0.00024503047 0.0001781112 0.0013326873 7.3713076e-05 3.317117e-05 6.546374e-05 2.304861e-07 9.306554e-07 5.5041443e-08 0.00059262983 2.1407532e-06 8.257965e-06 1.0669533e-05 3.3562534e-05 4.7052684e-08 8.904096e-05 2.6121068e-08 6.7570095e-06 1.0192062e-07 4.5362533e-05 7.211254e-08 3.1679225e-08 1.8694814e-07 1.5408985e-07 5.8895457e-06 7.784753e-09 3.907624e-07 1.1720582e-05 4.3521666e-09 5.216697e-07 4.436607e-06 3.5517032e-06 1.985931e-09 5.304495e-07 4.27489e-08 9.384011e-07 7.205675e-07 1.2213447e-05 1.925283e-06 2.7937197e-08 1.4233045e-08 2.3406985e-06 1.4297366e-08 6.7290685e-08 8.377081e-08 6.34398e-06 1.371565e-07 1.07844095e-10 4.760143e-08 9.545309e-08 5.049295e-09 5.3278106e-09 0.0001070171 1.4694845e-09 0.00016122019 5.2951435e-11 1.907202e-08 3.5986435e-05 4.1868472e-05 1.0435592e-05 3.172863e-08 2.432875e-07 4.88553e-06 1.3416418e-07 0.00045121135 0.00037744135 2.2966184e-08 3.083884e-08 1.5541076e-06 1.2498556e-06 4.673528e-05
0.0002979782 0.004102794 0.017498335 0.22242571 0.12681614 5.7597274e-05 0.0005234508 0.64083874 0.060592923 0.0023865905 2.2374614e-07 0.9937507 0.00027012386 7.134086e-05 0.24166335 4.9344626e-17 0.99999493 2.4296221e-05 1.177529e-07 1.6655057e-06 1.4200066e-05 6.3482707e-06 3.91244e-06 9.7606794e-08 3.091231e-06 2.6327448e-06 1.2222955e-05 9.157081e-07 8.8537845e-08 2.9262986e-07 0.6842086 3.4621169e-06 3.3169001e-06 1.2463008e-05 7.449465e-06 3.5891956e-06 3.379597e-07 7.0621354e-07 3.5887336e-08 1.149964e-07 3.150059e-07 1.3054004e-06 1.1584491e-06 1.17169265e-07 3.0318315e-08 9.180769e-07 1.3707225e-08 7.471297e-07 2.6933782e-07 9.513969e-07 3.9044075e-08 5.7609077e-07 1.7180286e-08 1.0373809e-06 8.90075e-07 2.535863e-08 2.0565974e-06 4.2021034e-07 3.141555e-08 2.254765e-07 6.1147393e-06 1.616212e-06 2.834642e-08 1.3720897e-07 1.12000485e-07 8.7386974e-07 2.2789753e-07 4.431353e-07 8.090487e-07 2.0080618e-08 2.694884e-07 6.2964905e-06 2.5142485e-08 3.1556198e-08 1.3339854e-07 1.3692029e-06 4.6945114e-08 5.6002692e-11 1.3536681e-08 1.121127e-07 1.539755e-08 2.1344988e-08 6.063678e-06 1.9822574e-08 7.098297e-06 1.1181551e-09 1.0719778e-08 2.2304374e-07 1.4528462e-06 6.215322e-06 7.664647e-09 2.3794564e-09 1.4278461e-07 8.4803226e-08 0.00023511914 7.4949334e-05 1.5387705e-07 6.0363746e-08 4.8581944e-07 5.7523184e-08 1.9264237e-06
6.6492044e-05 8.996588e-05 0.001452076 0.0062917066 0.0067492686 8.600333e-06 4.4589146e-06 0.21164176 0.0015999777 0.00036889804 3.5584614e-07 0.069062606 0.00082650245 2.2787364e-05 0.99997467 0.99999493 1.2927831e-16 4.071061e-08 1.1797945e-06 9.4251146e-07 3.3350356e-05 6.2877385e-05 6.342767e-07 1.3278936e-06 3.17988e-07 1.18792395e-05 6.4193973e-06 3.647517e-07 2.1429228e-06 1.8847676e-07 0.006639779 1.6366271e-06 5.91709e-05 1.5893048e-06 1.6097666e-06 3.1998254e-06 2.2761257e-07 4.0544722e-07 2.0790328e-08 2.5926126e-06 1.739465e-07 1.7186039e-06 9.0319793e-07 1.7703079e-06 6.972713e-07 2.0331745e-06 2.8251797e-08 1.2031923e-06 1.2843724e-07 2.8208538e-06 2.7361975e-07 1.3841324e-07 4.9829094e-08 9.3418555e-07 4.790055e-07 1.0444015e-07 2.8902102e-07 8.4638043e-07 9.376697e-08 9.427632e-07 7.0409385e-07 1.3627987e-06 4.7474553e-09 1.1182872e-06 1.7124025e-07 3.5673776e-07 4.566385e-07 7.8907954e-07 6.644792e-07 1.1301916e-07 2.4484652e-07 1.2418783e-06 2.217322e-07 2.7329273e-07 3.2817322e-08 1.8282061e-06 9.199349e-07 6.4210286e-09 8.072402e-08 4.7230657e-07 3.940192e-07 5.321375e-08 1.0264989e-05 1.9456448e-09 3.172433e-06 3.0044858e-09 4.3320583e-07 9.2619905e-07 5.3791696e-06 3.6562866e-05 1.8861918e-07 1.6301797e-06 2.4449942e-06 1.5666126e-07 0.0007728391 0.00018961304 9.2740646e-07 4.105128e-08 8.4079915e-08 1.1153937e-07 8.408233e-06
0.0123197865 0.19290358 0.0019598403 0.0040124203 0.0010013331 0.20011845 0.22266744 0.015922982 0.9869538 0.0007642517 0.004398083 0.8219361 3.1193988e-05 2.380966e-05 2.0687887e-07 2.4296221e-05 4.071061e-08 2.3240126e-13 0.0020598865 0.0004072258 3.4958608e-05 0.00013764694 0.9327045 7.8900885e-05 9.1193535e-05 6.3648563e-06 2.7229296e-05 2.8895103e-05 1.3580213e-05 2.0501226e-05 0.9966709 3.656611e-05 4.3176223e-07 0.00019997453 0.00010405903 6.0126695e-06 4.4974317e-06 8.154502e-05 1.667498e-05 3.5186968e-08 2.8484616e-05 3.2294818e-05 6.1095047e-06 8.67527e-08 5.4002276e-06 5.4491425e-06 0.00023221887 1.2574672e-05 3.0887188e-07 2.370535e-05 8.450581e-06 4.899642e-07 2.4273822e-07 8.053621e-07 6.397137e-07 9.652849e-07 2.3757311e-05 4.7345522e-05 5.301855e-07 7.6460736e-07 7.235648e-06 1.0167424e-05 1.2587559e-07 1.2668626e-06 1.9107958e-06 9.297511e-06 8.108017e-06 1.1656892e-06 1.970441e-05 2.7063683e-07 7.253345e-07 2.5896522e-06 2.3037819e-07 3.5113507e-07 9.081825e-07 0.00017963043 1.7824417e-05 4.885392e-09 1.4951111e-06 7.276163e-06 8.480497e-07 2.8142586e-07 3.6929546e-06 2.698299e-07 3.909507e-05 9.949428e-09 1.9648328e-06 4.0542676e-07 6.032053e-06 7.5407464e-05 3.397905e-07 2.0916426e-07 1.9236145e-06 3.8988023e-07 0.023995206 0.00073819445 2.2873987e-06 2.6273221e-06 4.189172e-05 3.3559044e-07 5.435661e-05
0.65444124 0.012249264 0.0009152328 0.00024788122 0.00030407938 0.42041823 0.013013843 9.035733e-06 0.0042094258 0.00081511243 0.96524423 8.9542555e-06 0.00012917693 0.0003023334 2.720548e-06 1.177529e-07 1.1797945e-06 0.0020598865 1.0047606e-15 0.643883 6.762732e-05 1.1327901e-05 0.9348209 0.99711245 0.28037173 5.3940443e-05 0.00034033635 0.08372376 6.641746e-05 0.16793843 5.6510144e-06 3.5506484e-05 3.7155883e-06 0.020203093 0.0076041827 0.00029194236 0.016653566 0.05632005 0.94474524 1.0648386e-06 4.8900864e-07 0.00014427945 1.8094961e-05 8.1808844e-07 0.04065788 0.00043952646 0.039058346 5.327191e-07 0.0076455097 2.4849413e-05 0.35041577 0.0030860265 6.4767087e-06 0.0020960458 0.00032500265 3.969967e-05 0.035155196 4.5524877e-05 1.0560961e-05 0.00037283363 4.5317607e-05 0.0002690038 1.6149471e-06 0.00015660877 0.0017808353 1.6853688e-05 3.4429294e-07 8.3393825e-05 1.4108398e-05 8.3014216e-05 2.81713e-06 0.00013910448 7.0699184e-07 1.3103416e-05 1.116755e-05 0.00010151481 3.8291176e-07 1.1205128e-06 5.5331145e-07 2.487604e-07 5.82727e-07 7.897225e-07 0.0004886763 8.316791e-06 0.00040314428 2.303727e-07 1.6470331e-06 0.00026531407 9.9441466e-05 0.0008553922 7.9632554e-07 2.435223e-06 6.227138e-05 2.0810912e-05 0.013291322 0.00078526716 4.5643037e-07 1.5239708e-05 0.0023376893 4.133255e-06 4.29549e-05
0.9634125 0.011513452 0.00072410016 0.0005886028 0.00049778994 0.25284758 0.004230147 4.096456e-05 0.0013289839 0.0002691734 0.9773924 8.818144e-05 0.0001825934 0.00040127587 3.4811023e-07 1.6655057e-06 9.4251146e-07 0.0004072258 0.643883 1.1213439e-09 0.00010936005 3.5148052e-05 0.042246703 0.8447256 0.96523416 5.607881e-05 0.0007259909 0.8915211 5.226666e-05 0.7600379 1.3413137e-06 6.0710816e-05 1.9609963e-05 0.05317637 0.019115822 0.00025684878 0.17929289 0.70839787 0.19002432 6.7040555e-06 3.6243525e-06 7.42381e-05 3.334333e-05 2.0665498e-06 0.38037544 0.0013241265 0.0068949703 2.2551886e-07 0.02205748 9.725177e-06 0.26022023 0.014097593 1.4039089e-05 0.10220492 0.0005549693 0.016843889 0.5522876 1.9010908e-05 0.0051292386 0.003098403 0.000114637645 6.700486e-05 0.0014070044 0.025054201 0.045796923 1.7063635e-06 1.7905251e-06 6.135631e-05 1.5710713e-05 0.003077075 0.00055134564 2.4407695e-05 0.0007207219 0.0024568473 2.0050156e-06 2.1999493e-05 2.8509098e-07 0.0035034134 1.9733152e-06 1.7502805e-06 0.00028245716 7.9141435e-05 0.002780283 0.00038202564 2.5207164e-06 4.7621684e-06 1.4159808e-07 0.0006053945 0.0009013339 0.008688507 6.9310187e-07 6.86095e-06 0.00056138716 3.5207227e-05 0.079969674 0.0044522984 4.2445916e-07 2.9727868e-05 0.029865954 1.434861e-05 0.00012118511
0.95255256 0.004528262 0.12345342 0.0071872836 0.032019325 0.0004155303 0.000160977 0.0029249513 0.0005891917 0.38184494 0.00018786566 0.00049625535 0.82437813 0.9329619 0.0012207724 1.4200066e-05 3.3350356e-05 3.4958608e-05 6.762732e-05 0.00010936005 1.2006857e-13 0.9531283 7.13612e-05 7.0117e-06 0.000945011 0.9825611 0.71308243 0.0006841241 0.8175389 5.9687613e-05 3.718098e-06 0.3099683 0.14254858 0.15378833 0.10505941 0.4178719 3.1703658e-07 0.0016752165 7.364035e-07 0.000476084 0.0026524921 0.11284051 0.0037591408 0.0006326767 4.8351135e-06 0.32108733 5.7896e-08 0.0029424473 1.0870683e-06 0.17715494 3.2630592e-07 1.23995815e-05 0.0012577054 1.8479545e-06 0.10207692 7.081535e-08 0.00027745526 0.0048928624 2.537529e-07 6.732226e-08 0.030107437 0.00085216574 3.0821306e-07 2.648931e-06 1.2407627e-05 5.61548e-05 1.9530698e-05 0.001335654 4.0967218e-05 2.486756e-06 1.5899096e-06 0.0016282786 9.656058e-08 5.339027e-07 6.418954e-05 0.00017882315 2.5457398e-06 5.5615766e-07 1.9926288e-06 3.770355e-06 6.400475e-07 3.9854478e-07 0.0030044848 1.2890016e-06 9.753121e-05 9.262856e-09 2.6639158e-08 0.0010952387 0.003434993 0.0009984156 3.0513021e-07 7.165434e-06 0.0032108808 4.1866656e-06 0.031005336 0.004018666 1.2244636e-08 2.8574645e-05 0.00033030618 0.00073260657 2.4193155e-06
0.93421406 0.00017308893 0.01231945 0.0019136219 0.008868849 2.0351736e-05 2.3618268e-05 0.00036620777 9.235857e-05 0.08984773 1.573391e-05 0.0001706318 0.9888024 0.13162504 0.0038777147 6.3482707e-06 6.2877385e-05 0.00013764694 1.1327901e-05 3.5148052e-05 0.9531283 9.657783e-13 0.0006470188 3.7775137e-06 0.00034582082 0.43187442 0.06473701 2.0060397e-05 0.7700737 1.045738e-05 3.5687972e-05 0.5271712 0.7928074 0.054598145 0.022897039 0.061212793 8.9237153e-07 0.00025073646 1.44904725e-05 0.008517312 0.0011839661 0.016356582 0.0087860245 0.08006971 2.6585888e-06 0.038072716 4.6642995e-08 0.008088969 2.2158784e-07 0.77558947 7.281602e-07 1.083976e-06 0.005914255 2.1394867e-07 0.02723407 2.0762977e-07 0.000112354755 0.050908636 5.2500578e-08 3.241087e-08 0.032925848 0.0018323422 3.989501e-09 2.3674983e-07 5.4741486e-06 3.300563e-05 2.1091957e-05 0.00048680848 4.3031574e-05 1.2743985e-06 7.3954516e-07 0.0041519757 1.3137951e-07 2.7617514e-08 2.888375e-05 0.00040512145 7.3488154e-06 1.18122806e-07 1.1840761e-05 2.7838319e-06 5.0200686e-07 6.281555e-08 0.0030826041 2.960204e-06 0.0018907242 5.9488677e-08 5.8864094e-07 0.0009390766 0.00492704 0.00021193025 4.0035106e-06 6.9314588e-06 0.0018680623 1.3919518e-05 0.024718963 0.0041031595 5.5827684e-07 4.1462204e-06 8.907611e-05 0.0004378849 6.345986e-05
0.13649282 0.16347027 0.00068941514 0.0010203851 0.00048459647 0.8919564 0.8527526 4.9720187e-05 0.69249314 0.00022055321 0.2923098 0.0009797406 5.8264093e-05 3.5482113e-05 1.106407e-06 3.91244e-06 6.342767e-07 0.9327045 0.9348209 0.042246703 7.13612e-05 0.0006470188 1.4543692e-16 0.12525886 0.008017662 7.501634e-05 3.4033666e-05 0.00032942754 0.00020612315 8.474345e-05 0.0006970004 0.0029955625 6.5395e-06 0.0013439759 0.00030368986 9.2209075e-06 9.971524e-05 0.00091633236 0.65106976 3.748887e-07 0.0003655511 5.1937626e-05 0.006200102 1.7943045e-06 0.0020524715 1.6693595e-05 0.99124664 0.00017748094 1.1888703e-05 0.00030163652 0.0066012433 5.492624e-06 0.0014736551 7.93571e-06 6.705213e-06 5.5501823e-06 0.00014444436 0.01852667 6.694619e-06 1.7879715e-05 5.4177388e-05 0.0010083714 1.6322852e-05 9.783619e-05 0.00018956512 0.0029960456 2.8694309e-05 1.5974513e-06 0.002820359 3.679113e-05 1.25825545e-05 1.59594e-05 2.4938429e-06 1.2133133e-05 0.00040375759 0.03374256 2.5785783e-05 2.0768512e-06 7.055996e-05 1.7486296e-05 5.043333e-05 5.1742563e-06 9.50224e-06 7.39173e-05 0.011453673 8.7639603e-07 2.3971459e-06 1.6596496e-05 1.0594613e-05 0.00016949263 6.435e-07 4.0230393e-07 7.2502776e-06 5.183079e-07 0.031596918 0.0021097835 8.2294186e-08 3.9768997e-06 0.0002478758 4.2181924e-07 0.16056998
0.852047 0.00023378921 2.6475584e-05 3.0954157e-05 5.5911663e-05 0.013620583 0.0002332436 7.1089125e-06 0.00012055344 7.660796e-05 0.7239079 1.1913104e-05 4.743245e-06 9.007718e-06 2.8727163e-07 9.7606794e-08 1.3278936e-06 7.8900885e-05 0.99711245 0.8447256 7.0117e-06 3.7775137e-06 0.12525886 8.040412e-15 0.33436707 5.2361224e-06 0.00015434393 0.3318037 1.7052369e-05 0.48160177 9.8060426e-08 5.5381195e-05 4.0501322e-07 0.017781166 0.0037574244 0.00014627574 0.564066 0.08782398 0.70968336 2.0802278e-07 3.3276933e-07 0.0001157431 2.838156e-06 7.238488e-07 0.88175106 0.0003614486 0.09390189 4.6792587e-07 0.123469725 0.00018008034 0.37966543 0.07383442 2.3894358e-06 0.11627125 0.00037011027 0.03668725 0.15848477 7.507832e-05 0.023922898 0.07352191 1.8069715e-05 8.4550185e-05 0.01596189 0.054847054 0.07887464 5.662911e-06 2.2734064e-06 6.239176e-05 1.0878799e-05 0.0036853764 0.0024464638 4.874856e-05 0.001669628 0.011022398 1.6541056e-06 0.00013329079 2.424517e-06 0.010397224 8.701935e-06 4.3138073e-07 0.00038846454 0.00015805247 0.0006928342 0.0004207281 0.00070202077 4.396461e-05 1.2959652e-05 0.00025623836 0.0003699933 0.007426866 9.757808e-07 3.0730348e-07 0.00032273863 2.2085429e-05 0.022376265 0.0012124182 8.227081e-06 9.014468e-05 0.011804 3.42181e-05 0.00048503967
0.9640724 0.033293277 0.0043012043 0.0011455371 0.0011978904 0.19212711 0.011455858 1.7797443e-05 0.0012586245 0.004763293 0.84265673 0.00048458186 0.002858623 0.013902956 1.4740975e-06 3.091231e-06 3.17988e-07 9.1193535e-05 0.28037173 0.96523416 0.000945011 0.00034582082 0.008017662 0.33436707 2.1727609e-12 0.00013572218 0.015055534 0.9543687 0.00024281269 0.60400087 6.6203866e-06 6.563684e-05 1.9768782e-05 0.48304603 0.203423 0.004028962 0.074789 0.95974386 0.014755832 1.7415492e-06 3.756231e-05 0.0007531863 0.00025165925 1.541993e-06 0.08957127 0.011077872 0.00012688783 1.2286052e-05 0.00283093 8.688402e-06 0.020565616 0.014112262 3.843533e-05 0.001612721 0.0038102507 0.00904947 0.63211614 1.7089196e-05 0.0009962005 0.004774347 0.00022273458 1.2614092e-05 0.00013358958 0.0066288146 0.0018299863 1.4623284e-05 9.213655e-06 0.00045151677 2.8508393e-05 0.0001728809 6.0905895e-05 1.0108448e-05 0.00015793569 0.00085324934 3.4681443e-06 1.8943952e-06 2.1882306e-06 0.00044002806 1.5391456e-06 1.7762759e-06 0.00012680751 2.8223001e-05 0.0046122996 0.00011241854 1.176508e-06 2.9239009e-06 5.1464703e-08 0.00094771857 0.0007670619 0.012919855 3.010077e-06 2.2732233e-05 0.0007694492 6.8229776e-05 0.13105886 0.0064744493 1.5710293e-07 0.00011844302 0.020930417 0.00014435197 3.8024314e-06
0.69319683 0.0008833873 0.005097697 0.0005875311 0.0025774697 0.00012423367 2.2823337e-05 9.663507e-05 5.3979085e-05 0.014042303 6.528257e-05 3.592461e-05 0.12248435 0.10857441 0.000186952 2.6327448e-06 1.18792395e-05 6.3648563e-06 5.3940443e-05 5.607881e-05 0.9825611 0.43187442 7.501634e-05 5.2361224e-06 0.00013572218 3.765921e-15 0.13362786 0.00014436738 0.99486053 2.8248933e-05 1.927337e-06 0.94435954 0.045781378 0.017926352 0.017954344 0.3788869 4.17512e-07 0.00045503204 1.205428e-07 0.00019609522 0.21229118 0.22341195 0.24089785 0.00067200395 6.436777e-06 0.13450898 5.868904e-07 0.12058107 5.660972e-06 0.2526757 1.6201389e-07 1.4697932e-05 0.011609205 4.6145383e-06 0.11534953 2.2026784e-07 8.4415886e-05 0.05271782 2.0035942e-07 6.060162e-08 0.14313725 0.005216694 4.9960807e-08 6.428093e-07 6.162815e-06 0.0009844932 0.00023706038 0.012166215 0.0002947022 1.8148344e-07 1.63224e-07 0.012302509 3.0671366e-08 1.0689791e-07 0.0003797965 0.0026390431 0.00018664326 5.006347e-07 0.0001511727 2.5151443e-05 1.9011377e-07 4.7574855e-07 0.0055390676 1.0323761e-06 0.0008777352 5.3291114e-09 6.017668e-07 0.0022352214 0.007847413 0.000497236 1.8406885e-06 0.00014541186 0.0061994605 2.4262692e-05 0.006300491 0.0047278767 4.1679994e-07 2.9384917e-05 6.981437e-05 0.0011733462 3.096102e-06
0.9655163 0.19399989 0.18811545 0.014503054 0.034427214 0.023309015 0.0016855514 0.0020398947 0.0016341325 0.7699219 0.0035211714 0.00041167252 0.08086082 0.9482878 0.00022558309 1.2222955e-05 6.4193973e-06 2.7229296e-05 0.00034033635 0.0007259909 0.71308243 0.06473701 3.4033666e-05 0.00015434393 0.015055534 0.13362786 1.3712438e-14 0.0027151327 0.013276563 0.00040185667 2.8326642e-06 0.09703821 0.0024697774 0.9490116 0.95619214 0.919898 3.150334e-06 0.023326546 5.0387966e-06 2.7509914e-05 0.00402882 0.055124845 0.0011891964 8.171886e-05 2.107328e-05 0.89386934 7.573477e-08 0.0007347438 1.9272331e-05 0.0026053241 5.3293178e-08 0.00051143504 0.0004222811 1.08488875e-05 0.0868871 7.1040625e-07 0.0029272689 0.00086498924 8.2483274e-07 1.6274861e-06 0.006214046 0.00049386144 1.7266002e-07 1.372137e-05 1.0898553e-06 0.00030669177 6.901714e-05 0.0038609891 5.80313e-05 3.5514724e-08 5.0597606e-07 0.00057943235 7.361089e-08 8.6962643e-07 2.3123357e-05 9.258516e-06 5.5613987e-06 5.1282865e-07 9.2588385e-07 6.5887984e-06 1.6059225e-06 1.1292532e-07 0.02112909 2.333378e-07 2.6674916e-05 4.2099773e-09 2.0342528e-08 0.0012614303 0.0014991425 0.0026911297 1.0895986e-06 1.5500453e-05 0.00084425346 9.938254e-06 0.11106633 0.018517684 3.057027e-08 3.946459e-06 0.0042864345 0.00035329055 2.7938253e-07
0.8407196 0.008004616 0.001284762 0.00029663625 0.00025090604 0.08128899 0.00085442356 1.9877216e-05 0.0003914146 0.00058009615 0.35629824 9.512799e-05 0.0005829336 0.0025004423 1.7068672e-07 9.157081e-07 3.647517e-07 2.8895103e-05 0.08372376 0.8915211 0.0006841241 2.0060397e-05 0.00032942754 0.3318037 0.9543687 0.00014436738 0.0027151327 2.3678647e-14 4.1194802e-05 0.99545556 2.135747e-06 4.98702e-05 1.5783744e-05 0.11496685 0.033350408 0.000995167 0.09010523 0.87643105 0.010988042 6.157134e-08 1.43156585e-05 0.00025980084 6.501925e-05 2.2564168e-07 0.15746441 0.004544802 0.0001591328 1.3032708e-06 0.029938951 2.8339582e-06 0.03302713 0.11687378 3.1031789e-06 0.0110013215 0.0012216511 0.01510129 0.7581366 1.2645451e-06 0.0044856654 0.006588296 6.07703e-05 1.0101597e-05 0.0009209954 0.033683807 0.004886926 8.97118e-06 7.977957e-07 0.00025858445 2.8316779e-06 0.000965356 0.00045327167 7.3619394e-06 0.0013446214 0.0047474476 7.2982795e-07 2.8932382e-07 4.973005e-07 0.0050658877 1.0141896e-07 2.3398559e-07 0.0005867813 0.0002447355 0.0038407226 8.760559e-05 6.325753e-06 2.53202e-05 1.6632692e-08 0.00052710745 0.00047595965 0.006169558 5.147826e-06 4.7786325e-06 0.00031909 3.825054e-06 0.18142927 0.00508435 7.292252e-08 5.2278472e-05 0.0057539046 1.1857078e-05 4.630589e-06
0.69823444 0.00079059287 0.0030322194 0.00022501565 0.0007161308 0.00011194918 1.8098568e-05 5.4437067e-05 6.436713e-05 0.0047153593 5.1398667e-05 4.614849e-05 0.20611963 0.012620549 0.00011329009 8.8537845e-08 2.1429228e-06 1.3580213e-05 6.641746e-05 5.226666e-05 0.8175389 0.7700737 0.00020612315 1.7052369e-05 0.00024281269 0.99486053 0.013276563 4.1194802e-05 2.2589711e-14 6.305504e-06 1.7734205e-06 0.77155644 0.16597345 0.0086437985 0.0030719847 0.045448996 2.408072e-07 0.00033766674 1.0580557e-07 0.001134197 0.4506236 0.027598834 0.8107683 0.006154584 3.4791526e-06 0.02125767 5.0286236e-08 0.8780196 2.267065e-06 0.8018064 8.80328e-09 9.297332e-06 0.25828928 2.8065915e-06 0.01915518 5.7728914e-07 2.4812802e-05 0.5114794 3.451332e-07 1.8891406e-07 0.065378934 0.010964584 2.7672417e-07 3.3409233e-06 4.9664027e-07 0.008318767 0.0011562748 0.0032422624 0.0035684432 7.4032315e-08 7.6940074e-07 0.015995916 2.2319107e-08 7.238871e-08 0.00161181 0.016757263 0.00043175218 1.7775952e-07 0.00062645605 0.00041281403 1.6083848e-07 9.1447146e-07 0.0029391786 2.1590964e-07 0.0052134893 6.110544e-09 5.907814e-07 0.0021686016 0.008246223 0.000104579245 9.467442e-06 4.934295e-05 0.0064372015 7.9085155e-05 0.003404016 0.002336293 1.401404e-06 6.964354e-05 2.392965e-05 0.0004440294 1.3387994e-05
0.88233 0.002825768 0.0005205611 2.3988783e-05 5.977448e-05 0.049081646 0.00034948473 2.4900084e-05 0.00035456452 0.00014158843 0.28312513 0.000102312275 3.937157e-05 0.00032204812 5.9025825e-07 2.9262986e-07 1.8847676e-07 2.0501226e-05 0.16793843 0.7600379 5.9687613e-05 1.045738e-05 8.474345e-05 0.48160177 0.60400087 2.8248933e-05 0.00040185667 0.99545556 6.305504e-06 7.096224e-14 1.7832705e-06 3.128766e-05 2.8891767e-05 0.021187425 0.00745689 0.00013052 0.5197338 0.7920289 0.028124966 4.8902584e-09 1.780291e-05 4.2675732e-05 4.823363e-05 2.9145204e-07 0.42039344 0.0006696053 0.00026877708 2.7456008e-06 0.70184106 1.7302944e-05 0.081782006 0.82904017 8.7854744e-07 0.42290717 0.00020429434 0.09115369 0.77125233 2.8576485e-06 0.0225092 0.06520519 8.212829e-06 9.740548e-06 0.0044452455 0.22575976 0.018380953 1.4530963e-05 9.581389e-06 9.313755e-05 5.495815e-06 0.0028897056 0.00137844 1.1136458e-06 0.0035393415 0.035323996 9.166901e-07 2.7668145e-07 8.9107806e-07 0.017587231 9.583911e-08 2.1043174e-07 0.0014829917 0.0010784144 0.0015457041 0.00015704759 2.765609e-05 9.635669e-05 2.4261984e-08 0.00014821059 5.5044784e-05 0.115633935 6.78071e-07 2.3647376e-06 4.9365353e-05 1.4844114e-06 0.16282976 0.0025508571 1.5794029e-07 4.7748174e-05 0.02137534 1.140818e-07 0.00024261084
