2.3323665e-12 0.05483569 0.45280075 0.0053143823 0.4188647 0.16147256 0.6989459 0.7361361 0.051802255 0.9771119 0.9633917 0.00371406 0.91194016 0.58175457 0.80376863 0.15955396 0.011758418 0.9834693 0.35857397 0.5177392 0.88089603 0.9465909 0.60864764 0.99314827 0.43505216 0.9580386 0.92756695 0.8532342 0.98343515 0.8420268 0.9889137 0.84832066 0.9650517 0.99799156 0.04668239 0.9174382 0.8461535 0.94963443 0.9965753 0.9775093 0.07310953 0.8369285 0.9765549 0.9063409 0.0008918714 0.29533225 0.9504429 0.6052523 0.90703046 0.9888392 0.99216807 0.5702879 0.9690796 0.1479124 0.9214755 0.87889445 0.5302 0.93937093 0.9561447 0.07637802 0.7148452 0.7368378 0.97338605 0.8975031 0.9646277 0.003002312 0.9986481 0.96504885 0.38090628 0.37184387 0.5669171 0.7050658 0.23413149 0.15289722 0.01051142 0.38494286 0.48808214 0.9999171 0.92348516 0.97116524 0.9281707 0.83195245 0.86976427 0.8137057 0.22111298 0.8829767 0.46963248 0.08552457 0.999586 0.7689059 0.00020786525 0.9192266 0.9029616 0.84745204 0.6747584 0.59860605 0.079746515 0.33589423 0.008886964 0.999939 0.9758398
0.05483569 4.265116e-16 0.9994794 0.9961783 0.92107 0.022447847 0.058177855 0.0018778935 8.739589e-05 0.11303506 0.0006973578 2.0971204e-06 3.895456e-06 1.44039595e-05 0.07976102 7.918624e-06 7.036579e-06 1.4581651e-06 2.949818e-07 1.4292316e-07 0.0048318324 1.1886741e-07 3.4588712e-07 5.1542436e-05 1.7108771e-06 0.017583188 0.0022363707 9.57138e-06 6.4724546e-08 5.5656647e-06 0.00095878256 2.1749754e-06 2.6432065e-07 0.0021300071 2.8864693e-07 1.6682518e-05 9.000418e-08 1.7613204e-06 4.517392e-05 2.7709352e-06 4.3816876e-06 2.3657797e-06 3.815998e-07 2.3854594e-05 1.221711e-08 1.06264466e-07 1.5528522e-05 2.2346723e-05 1.1207e-06 8.724595e-06 2.627694e-05 9.35618e-06 1.6457927e-06 4.6698634e-08 1.17808604e-07 2.5490538e-06 4.4205346e-09 1.0010059e-07 6.6606856e-07 1.2122012e-08 2.3461311e-08 4.1494083e-08 1.510342e-06 5.8400524e-08 1.0954266e-05 1.1481964e-09 0.00015269467 1.3247396e-07 5.060667e-07 1.8859716e-06 5.3466977e-08 3.0348037e-09 9.365593e-09 2.6552058e-08 1.0716446e-08 4.5553474e-08 3.4239312e-07 7.473999e-05 4.0074333e-08 2.986268e-08 1.626606e-08 4.006115e-06 6.280318e-09 9.52296e-08 4.449948e-09 3.5441442e-06 3.945151e-09 4.1649894e-08 1.4503606e-05 7.462477e-08 3.49523e-09 1.6695806e-09 4.8773874e-08 1.7722088e-09 1.04901074e-08 3.0986036e-10 6.709805e-08 8.828098e-09 1.4071021e-10 6.4251485e-06 4.798878e-06
0.45280075 0.9994794 6.862836e-15 0.97619945 0.83640283 0.017350683 0.95054126 0.41529635 0.0008260072 0.7607545 0.31922334 3.6981233e-05 0.001309644 0.002061559 0.59572214 4.725643e-05 2.627366e-05 0.00029678846 5.2253276e-06 2.6741689e-06 0.0009913667 2.0469722e-06 4.0864184e-06 0.026559958 5.402539e-05 0.19644846 0.061779354 1.3710133e-05 2.4034789e-05 0.0007717583 0.009046385 0.00014199897 0.00012583293 0.033036165 9.912776e-07 0.0012331716 2.2404179e-06 4.14713e-06 0.0001357425 2.3316607e-05 4.51532e-07 0.00022396511 7.590405e-06 6.90228e-05 1.2031023e-07 4.716296e-07 4.989953e-06 3.1456386e-06 0.0007188795 2.3812772e-05 0.0011244417 1.8480117e-05 9.060838e-05 3.2267953e-06 6.147336e-06 1.5764075e-06 1.4263313e-07 2.6782484e-07 1.2090315e-07 5.2967277e-08 6.244663e-09 8.2557165e-07 4.3542175e-05 5.6237198e-08 0.00027640257 2.5124077e-08 0.0023958562 1.3755833e-08 1.3541996e-05 7.243924e-05 1.9732077e-08 1.4199206e-08 1.8803672e-07 7.09982e-08 3.7654395e-08 6.287336e-07 7.7907544e-07 0.004429418 2.3617723e-09 1.6270695e-05 5.5929047e-07 4.502794e-05 5.666786e-09 1.8399032e-05 1.0808003e-07 2.833692e-05 1.6231288e-08 4.1993932e-08 0.0014247878 4.7094193e-07 8.217572e-09 1.33866065e-08 4.804599e-07 7.1334966e-08 1.3954819e-07 2.4908408e-08 1.8908852e-07 1.1267323e-06 2.2945112e-09 0.000113054586 0.0001633208
0.0053143823 0.9961783 0.97619945 9.526365e-14 0.018750371 0.9704157 0.8084098 0.7345205 0.0041328357 0.16027139 0.104790255 0.00024492768 0.013391269 0.042436454 0.012884401 0.0005157403 0.00017106504 0.0005101385 5.648776e-05 2.3064902e-05 1.780038e-05 9.3837025e-06 2.666716e-05 0.005381369 9.9584e-05 0.0007359195 4.627674e-05 1.2825718e-07 3.8630405e-06 4.698142e-05 3.4606925e-05 2.0866815e-05 2.0698979e-05 0.00012706063 1.0532014e-05 9.166395e-05 8.441713e-06 1.4252014e-07 1.7908443e-06 2.4945018e-06 5.1726056e-07 3.090858e-05 4.3987447e-06 4.9590217e-06 8.457982e-08 3.2017348e-07 8.317782e-06 4.326524e-06 0.000101030746 2.499388e-06 8.0884594e-05 4.298459e-06 1.6819231e-05 7.721219e-07 5.401173e-07 1.4260396e-06 8.36718e-08 3.2669497e-08 1.2127266e-07 5.533069e-08 2.4943984e-07 3.5684004e-06 9.202688e-06 3.7315945e-07 3.9510818e-05 3.1879173e-09 0.00015716476 3.1353295e-08 2.3035238e-06 8.966545e-06 1.01889725e-07 3.9474642e-08 5.207453e-08 5.583458e-08 2.4224312e-07 4.474846e-08 3.3170315e-07 0.00016755184 8.082474e-09 1.6760139e-06 6.780357e-08 1.3588418e-06 1.4925096e-08 5.3502094e-07 1.4693993e-07 1.2902216e-06 1.2920987e-07 3.13114e-08 6.740658e-05 4.61397e-08 1.18857315e-07 1.1776024e-08 8.286366e-06 1.1696846e-08 3.3408273e-08 2.8258094e-07 5.0842036e-08 6.2517125e-07 9.939162e-10 3.6567607e-07 4.8275574e-06
0.4188647 0.92107 0.83640283 0.018750371 4.5234996e-13 0.0027909002 0.2492703 0.0029435544 0.00044129597 0.6758812 0.005877519 2.7533533e-05 0.00024951206 8.0623824e-05 0.99582064 8.829227e-05 5.5847453e-05 8.66241e-05 1.8326828e-05 1.26793775e-05 0.9917367 2.0883559e-05 1.7854903e-05 0.0027073575 1.2453397e-05 0.3740179 0.45614356 0.002277394 8.455547e-06 0.00041785324 0.075323425 0.00019083066 1.7185263e-05 0.14043376 5.089057e-07 0.0012208027 8.231252e-05 0.0007033899 0.00092445896 7.5618505e-06 0.00057279156 0.0003240049 1.6587934e-05 0.00077401265 2.1371376e-09 5.274237e-06 0.00020549254 0.00041353257 0.00060525996 0.00010885364 0.0009131291 0.00081069 0.0002747482 4.5689638e-05 7.5168623e-06 8.425334e-05 6.9126344e-07 2.2420327e-05 5.696988e-06 2.946912e-06 6.112687e-06 1.2735572e-05 6.7201254e-05 7.689724e-05 0.00038000825 2.9789549e-06 0.0039038535 5.9344643e-06 3.107556e-06 2.1573924e-05 1.8411221e-06 2.4478265e-06 8.150128e-06 2.21796e-06 4.492009e-08 4.2275738e-06 2.1623542e-05 0.0051197824 2.1977746e-07 3.6870162e-05 1.82807e-06 9.724421e-05 7.9706915e-06 3.1816395e-05 4.7121435e-10 6.67819e-05 1.1542535e-07 1.8071463e-08 0.001148241 8.089685e-07 2.3969765e-08 3.057075e-07 1.3833755e-06 4.0210693e-08 4.5594265e-07 1.4272416e-07 1.3027018e-06 7.137689e-06 2.6311229e-08 7.102912e-05 0.00019368762
0.16147256 0.022447847 0.017350683 0.9704157 0.0027909002 3.0462542e-11 0.5613376 0.98537236 0.9970461 0.09303677 0.35697645 0.7751077 0.051155508 0.37035453 0.007726509 0.113637336 0.08006598 0.019340118 0.0014494985 0.00050254894 4.4945053e-05 0.00010097286 0.0008019424 0.041830324 0.0020835437 0.004911113 0.00019445847 1.8176223e-06 2.4092527e-05 0.0005869657 0.00026684446 0.00012067675 1.5885631e-05 0.0012107295 2.2058946e-05 0.0006816227 5.2715013e-06 1.8370592e-07 8.197336e-06 3.581108e-05 1.411084e-06 7.0924885e-05 2.6093898e-05 1.2019325e-05 4.3429912e-07 4.096876e-06 1.3168112e-06 1.2684566e-05 0.00024516933 8.663373e-06 0.00042013288 7.661352e-05 5.5821674e-05 1.3716686e-05 7.4652075e-07 1.5863899e-06 6.79008e-07 1.5110544e-07 2.0228146e-07 1.4537067e-08 1.9038627e-07 1.9952702e-06 5.137012e-06 9.1671467e-07 5.0769388e-05 1.7790093e-09 0.00086016336 2.4170197e-07 6.60406e-06 5.9785714e-05 2.2068466e-08 1.3100472e-08 8.385621e-07 1.0010618e-06 1.7150166e-08 4.607421e-07 5.8505185e-07 0.00063150027 1.0094363e-07 1.5699225e-05 2.884741e-07 1.004154e-06 1.3889912e-06 1.7460585e-05 4.3326878e-08 1.276478e-05 1.0110317e-07 2.297645e-07 0.0004962497 3.4569566e-06 1.2835465e-06 1.4304221e-07 2.113169e-06 5.946324e-09 4.0203545e-07 1.3876242e-07 7.5611973e-07 2.148044e-06 1.4642219e-09 7.805357e-06 7.555561e-05
0.6989459 0.058177855 0.95054126 0.8084098 0.2492703 0.5613376 1.1266396e-12 0.951519 0.1964565 0.9947389 0.9817834 0.0068648844 0.34728685 0.141383 0.14631926 0.060424764 0.0022474767 0.015766911 0.0016707947 0.0032429488 0.003276993 0.0017594065 0.0013202297 0.4692853 0.0024426382 0.17717734 0.005944287 2.573697e-05 5.9600527e-05 0.011676503 0.006358196 0.0013806877 2.022865e-05 0.047069557 8.404164e-05 0.015565643 1.494533e-05 1.6097438e-06 3.0358025e-05 6.259083e-06 2.0461546e-06 0.0013205954 3.6151854e-05 3.7792528e-05 5.971536e-08 5.674158e-07 2.2689801e-05 2.6561381e-06 0.003914678 8.195514e-06 0.017577747 1.1122665e-05 0.0012721418 8.9612394e-07 4.8443144e-07 1.0060121e-05 4.827131e-07 5.9186806e-07 4.5330054e-07 1.8833726e-08 5.6676276e-06 2.3974135e-06 0.00033068442 8.163341e-07 0.00065542705 1.5412696e-06 0.0065631336 8.121776e-08 6.510515e-08 3.2892176e-06 1.1435347e-07 1.570493e-07 7.1092923e-06 1.6249123e-07 1.604137e-07 6.614186e-07 1.7805787e-06 0.020271903 1.7781046e-08 4.6588386e-05 1.226316e-06 9.596433e-06 1.2095563e-07 9.250859e-05 6.0203544e-09 2.7024738e-05 2.0766244e-07 1.1276243e-08 0.0019158598 6.495931e-07 1.39267e-07 7.099752e-08 4.6891805e-07 3.924018e-09 1.6765566e-07 9.1259835e-07 3.0993458e-06 2.8812644e-06 4.587845e-08 0.00015107456 0.00087529764
0.7361361 0.0018778935 0.41529635 0.7345205 0.0029435544 0.98537236 0.951519 1.245353e-12 0.91248584 0.2737738 0.9574882 0.30370134 0.839333 0.94390243 0.00841175 0.8153933 0.0839932 0.3888041 0.06424003 0.03944114 6.5042506e-05 0.0071419864 0.018670853 0.5162363 0.019282585 0.009544164 0.00075726793 5.3156407e-07 0.0009358238 0.014879565 0.000710631 0.002144398 0.00031943282 0.0033190174 0.0001492759 0.012824595 1.1597949e-05 1.551002e-07 1.2213831e-05 0.00012194297 1.2881218e-06 0.00095854077 0.00027836038 2.0641164e-05 4.3480307e-07 1.7712383e-06 4.154671e-06 3.3050624e-06 0.0017867546 2.9357282e-06 0.00803141 4.7649188e-05 0.0020179364 4.9918825e-05 3.0828699e-06 2.4066726e-06 5.820328e-07 6.256076e-08 3.070725e-08 1.0015917e-08 4.888692e-07 4.442327e-06 0.00017087461 1.7396874e-07 0.0008915898 4.8452964e-08 0.001999918 3.658796e-08 1.413778e-06 3.8116115e-05 6.8516743e-09 8.71206e-09 3.962865e-06 1.6677609e-08 2.3759712e-07 8.962491e-08 1.8355091e-07 0.0062701968 1.2365436e-08 7.7976016e-05 1.6777923e-06 1.9131062e-06 1.3963152e-07 5.4183223e-05 1.0303626e-08 1.4855792e-05 2.4410987e-08 6.679696e-08 0.0004974867 1.0035844e-06 1.2906572e-06 5.1248712e-08 1.2573822e-05 8.1333024e-10 3.351059e-07 7.985599e-07 8.086892e-07 2.229879e-06 1.0019166e-08 1.5351723e-05 0.00045545644
0.051802255 8.739589e-05 0.0008260072 0.0041328357 0.00044129597 0.9970461 0.1964565 0.91248584 2.6453196e-11 0.007057228 0.07097817 0.9959688 0.10811782 0.7302617 0.00032409607 0.6362921 0.10558434 0.024228333 0.019181801 0.007854324 3.9354265e-05 0.0010268324 0.006564896 0.017188426 0.005568495 0.00060439965 1.865955e-05 3.5326539e-06 5.9546666e-05 0.00045967672 2.508229e-05 0.00015073808 8.526788e-05 0.0001165607 0.00012346383 0.0005105488 3.843881e-05 3.427216e-08 1.4896523e-07 1.1927781e-05 4.1956088e-07 0.0001474033 1.9343e-05 3.6963422e-07 1.5067483e-06 8.845581e-06 3.12748e-07 2.0921552e-05 0.00020597225 5.7322563e-07 0.00022206012 8.88202e-05 3.1988995e-05 1.49145335e-05 7.344258e-07 4.1178026e-07 4.2837264e-06 4.4847386e-07 5.380939e-08 6.1757646e-08 2.9040482e-06 2.3633951e-05 1.0553752e-05 8.6875116e-07 3.6402264e-05 1.8959874e-08 0.00054034585 3.9915054e-08 6.005781e-06 4.1201758e-05 6.1090066e-07 6.7256806e-08 3.815754e-07 1.5916498e-06 2.0259623e-08 6.2082046e-07 6.036159e-07 0.0007798223 2.2493515e-08 2.5587387e-05 8.605038e-07 1.5850969e-06 5.825829e-06 2.2936889e-05 1.2619097e-07 8.69461e-06 5.8501e-07 6.634541e-07 0.0006551234 1.6693486e-05 2.2376643e-07 7.0025785e-06 2.2232614e-05 2.5649783e-07 3.868718e-06 9.1935516e-07 2.5750592e-07 1.2790919e-05 1.3545411e-08 2.040704e-06 4.0989922e-05
0.9771119 0.11303506 0.7607545 0.16027139 0.6758812 0.09303677 0.9947389 0.2737738 0.007057228 1.1977997e-12 0.66879183 0.0004283557 0.01811507 0.0063014072 0.8806953 0.003093645 0.00023241338 0.002925364 0.00026893555 0.00035208152 0.019775935 0.0011157725 0.00055570627 0.56818944 0.0011066451 0.95814395 0.1986616 0.00049883494 0.0006201161 0.139699 0.18007016 0.012490062 8.830701e-05 0.77307826 2.2123184e-05 0.11751216 2.3645223e-05 4.3480803e-05 0.0008018251 4.8115053e-05 1.6253169e-05 0.010214752 0.000456684 0.00039732904 1.023988e-07 5.87291e-06 0.00013733724 7.480562e-06 0.04185689 1.8674022e-05 0.16743329 1.2094674e-05 0.0070907907 5.7494503e-06 4.082068e-06 3.2348697e-05 2.4132323e-06 2.3713524e-06 2.603137e-06 3.215288e-08 5.6802023e-06 4.240869e-05 0.0013443116 1.9234699e-06 0.0031740055 8.006802e-08 0.09111896 4.5425523e-07 4.1803896e-06 3.5700636e-05 1.1562874e-07 4.624543e-08 8.584542e-06 4.0480973e-07 3.834711e-06 8.2921554e-07 9.560716e-06 0.22413334 4.113554e-08 0.0006564789 8.5716216e-05 0.000975828 5.5057484e-07 0.0017176718 5.3487888e-08 0.0005917259 2.9754599e-08 4.675222e-07 0.016436089 2.7993298e-07 1.9347805e-08 1.4669224e-07 5.465719e-06 1.3559732e-08 2.8103776e-07 1.4238558e-06 7.299516e-06 3.3253204e-07 4.5029784e-09 0.0010213542 0.009053545
0.9633917 0.0006973578 0.31922334 0.104790255 0.005877519 0.35697645 0.9817834 0.9574882 0.07097817 0.66879183 6.229685e-13 0.0028648032 0.9509926 0.62293386 0.009598598 0.11368682 0.0034763338 0.51810986 0.019154714 0.033524636 0.0011398443 0.13137762 0.023202844 0.9697472 0.01911638 0.1225487 0.0052270927 1.0011902e-05 0.025415933 0.41664803 0.011849653 0.02021202 0.0009846766 0.06668704 0.00074108934 0.14170785 0.00020325134 3.5217874e-07 1.636155e-05 0.00010252296 1.0385994e-06 0.014520055 0.0015077422 1.3451214e-05 1.4050105e-06 1.4778313e-05 3.7785876e-06 1.0280718e-06 0.035535898 2.2126992e-06 0.18904658 2.2274348e-06 0.012670979 5.0982726e-05 1.7270022e-05 4.0115324e-06 2.286161e-05 1.2477385e-07 3.83342e-08 1.02289086e-07 1.8344892e-05 0.00012126141 0.002219528 1.3850223e-07 0.0030078564 2.8583148e-07 0.017536266 4.170021e-08 1.2553382e-05 2.6891234e-05 2.6059162e-08 9.0781754e-08 2.2350869e-06 1.3539348e-07 5.1729144e-06 2.0714894e-07 7.5268904e-06 0.11000619 8.0214875e-09 0.00059345865 7.453996e-05 3.088557e-05 1.2601106e-07 0.0009837939 7.004171e-07 5.9089525e-05 2.7032343e-07 5.1170355e-07 0.010743192 1.4323277e-07 5.486083e-07 3.5040816e-07 9.429327e-06 5.71872e-09 2.4528708e-07 8.165813e-08 2.246614e-06 1.4221324e-06 2.647144e-09 0.00019179161 0.006827037
0.00371406 2.0971204e-06 3.6981233e-05 0.00024492768 2.7533533e-05 0.7751077 0.0068648844 0.30370134 0.9959688 0.0004283557 0.0028648032 1.4784788e-12 0.0042449 0.14068666 1.4114631e-05 0.9141686 0.99839574 0.0013975038 0.006504564 0.0008613195 6.365618e-07 6.5818305e-05 0.004192231 0.0011269973 0.002143946 9.570345e-05 1.312452e-06 1.4152807e-08 6.242136e-06 8.6210726e-05 8.9032e-06 1.0071055e-05 3.5176538e-06 4.2978667e-05 6.406393e-05 7.784101e-05 1.3053308e-06 7.092335e-08 2.0043166e-07 2.4574376e-06 2.6694952e-08 5.401258e-06 4.6213668e-07 4.378102e-07 2.943668e-06 4.679297e-08 4.4545214e-07 2.0380074e-05 7.74514e-06 1.7527311e-06 4.4102144e-05 7.039807e-06 1.2107143e-06 2.308263e-06 3.3387715e-07 1.824243e-07 4.6520944e-07 8.145866e-09 8.6291934e-08 1.3102939e-09 1.5674347e-07 2.0527177e-06 2.5004779e-06 2.1460309e-08 1.2985187e-05 1.8424154e-09 7.991756e-05 1.2752076e-07 3.0543214e-07 7.395393e-06 2.4165496e-07 3.9951153e-08 9.030851e-09 5.9099324e-07 3.400673e-09 8.19796e-08 7.4815995e-07 0.00017259031 9.030596e-08 1.7784632e-07 3.4741426e-08 2.6463354e-06 1.8223588e-08 9.773329e-08 2.0701663e-07 2.2228153e-06 2.2007223e-08 3.9321385e-06 9.0783884e-05 4.05355e-08 6.073481e-08 1.0674245e-07 2.5572933e-06 8.097337e-08 6.2381815e-07 8.408832e-10 3.0803747e-08 1.3821749e-07 1.3529448e-09 2.7757567e-06 9.323758e-06
0.91194016 3.895456e-06 0.001309644 0.013391269 0.00024951206 0.051155508 0.34728685 0.839333 0.10811782 0.01811507 0.9509926 0.0042449 4.5672206e-13 0.99710256 0.00035097505 0.41171226 0.002970688 0.96215457 0.2489544 0.46118516 4.800084e-05 0.39917856 0.06888755 0.8165027 0.023597188 0.0074923895 0.00023740249 3.8111335e-08 0.024716329 0.1920313 0.0007732874 0.017763263 0.0018341396 0.0046073995 0.00079413655 0.08842936 3.1409876e-05 1.9265686e-08 5.0672234e-06 0.00021649348 1.320451e-07 0.009167349 0.001232696 2.1772253e-06 2.5925533e-06 4.0434693e-06 3.3373993e-07 5.799691e-08 0.0162072 3.2332534e-07 0.05899999 3.2518105e-07 0.007854324 7.4245814e-05 7.802603e-06 1.2000758e-07 1.8598683e-05 2.3030184e-08 1.131852e-08 4.0247965e-09 9.8064265e-06 5.345385e-05 0.00083979865 2.8162274e-08 0.0015918358 1.7116212e-08 0.0066508665 2.7640228e-08 5.127194e-06 6.049457e-06 1.8946679e-08 9.5949355e-09 4.7255617e-07 5.3963873e-08 2.4095389e-06 5.7675894e-08 1.8591082e-06 0.0484238 3.2607725e-09 0.0004560786 1.8607943e-05 5.6518234e-06 3.873026e-08 0.00078281126 2.763082e-06 6.526299e-06 1.8501003e-08 4.2635946e-07 0.0068422267 1.1443883e-08 3.545432e-06 4.79928e-08 2.5180736e-06 3.5849773e-08 4.5904608e-07 1.845448e-08 2.279271e-07 1.3540194e-06 5.7989386e-08 3.7226127e-05 0.0032050787
0.58175457 1.44039595e-05 0.002061559 0.042436454 8.0623824e-05 0.37035453 0.141383 0.94390243 0.7302617 0.0063014072 0.62293386 0.14068666 0.99710256 1.922986e-11 0.00016122819 0.963772 0.07782328 0.77843404 0.77192765 0.8129283 9.0893554e-05 0.62106663 0.3787182 0.26800683 0.07817781 0.0012836873 6.5299006e-05 2.1674228e-07 0.0046851384 0.020008912 0.00020895342 0.003018791 0.0010824158 0.0008176528 0.0030670657 0.012463747 4.1366526e-05 5.094856e-07 3.4083866e-06 0.0001906373 9.719493e-08 0.001426473 0.00042584425 7.952719e-06 1.5740173e-06 5.1504626e-06 6.9236958e-06 9.74162e-07 0.0029190895 1.9165045e-06 0.007823479 2.2073888e-05 0.0024233314 5.5579716e-05 9.115306e-06 1.8729999e-06 1.4304466e-05 9.726354e-08 7.205796e-08 2.47001e-08 1.528378e-05 6.115144e-05 0.00042268506 9.832268e-07 0.0005614763 1.1526712e-06 0.0018652789 7.244866e-08 9.77297e-07 3.797492e-06 1.6777338e-07 1.7666017e-07 5.113628e-06 2.1167341e-07 4.6061953e-07 8.5982697e-07 8.4401785e-07 0.008432769 3.0566362e-08 0.00010360758 4.8313987e-06 7.525207e-07 2.2012671e-07 0.00015196946 1.455005e-06 4.364726e-06 2.2226891e-07 7.702682e-08 0.0010759238 6.980152e-07 7.440661e-06 3.7021914e-07 1.6486825e-05 1.324984e-08 1.8305333e-06 5.653815e-07 5.1653694e-07 8.987313e-06 2.0362627e-07 1.6725673e-05 0.0005510124
0.80376863 0.07976102 0.59572214 0.012884401 0.99582064 0.007726509 0.14631926 0.00841175 0.00032409607 0.8806953 0.009598598 1.4114631e-05 0.00035097505 0.00016122819 4.7410346e-11 1.835709e-05 3.0613435e-05 7.3358366e-05 1.32994355e-05 8.24495e-06 0.8219477 2.2090526e-05 1.8757644e-05 0.014408591 3.0504963e-05 0.9886843 0.86468923 0.028238675 4.106767e-05 0.007845426 0.43984324 0.001423154 1.1029321e-05 0.66016406 4.6193414e-08 0.011675735 8.975852e-06 0.001858434 0.00568356 1.7367749e-05 0.0026955795 0.0024706842 0.00011744599 0.005994872 7.662502e-08 5.33184e-06 0.0008886434 0.00048706366 0.010811305 0.0006827382 0.017509745 0.0003671628 0.0017788239 5.2248342e-06 4.7227345e-06 0.0005466858 7.826261e-07 3.859544e-05 7.906192e-05 4.217732e-06 3.7121595e-06 3.2170567e-05 0.00016763608 0.00012572473 0.0008200237 6.7880187e-06 0.0641534 1.6066848e-05 1.6083657e-06 1.1956378e-05 3.7684179e-06 2.259798e-05 0.0001212901 3.2363123e-06 1.814054e-07 2.3583067e-05 8.091514e-05 0.04890382 8.4408794e-07 0.000119341355 2.6546304e-05 0.0036560325 1.0398498e-05 0.0003990777 2.1174507e-09 0.0013892801 9.116036e-08 5.8576674e-08 0.0044484045 9.962513e-07 1.867297e-09 2.7165888e-06 4.364547e-06 4.765455e-07 2.2740655e-06 3.8965036e-06 3.181269e-05 1.7653942e-05 5.085765e-08 0.0019274869 0.0017993193
0.15955396 7.918624e-06 4.725643e-05 0.0005157403 8.829227e-05 0.113637336 0.060424764 0.8153933 0.6362921 0.003093645 0.11368682 0.9141686 0.41171226 0.963772 1.835709e-05 2.1639175e-13 0.99853426 0.19940688 0.90436614 0.67005116 1.5149894e-05 0.11503978 0.50837326 0.040710494 0.16837062 0.0006324508 1.2992966e-05 6.3439856e-08 0.0021494068 0.0023901665 0.0001234775 0.00056176045 0.0012477014 0.00039349534 0.002207243 0.0018072465 7.233223e-05 2.4967972e-07 5.1966856e-07 8.7804656e-05 9.2159844e-08 0.0006369836 7.95795e-05 2.3351736e-06 5.097835e-05 1.9417206e-05 2.2916367e-06 3.350139e-07 0.0007511817 8.4452995e-07 0.0011890853 2.1754453e-05 0.00035680123 2.8893337e-05 4.9080154e-06 1.9257118e-07 5.5091177e-06 1.2226434e-08 1.6172882e-08 4.4398785e-08 3.6034928e-07 1.0716636e-05 0.00012791571 1.1620042e-08 0.00018600945 3.4087064e-09 0.0006524697 2.7226603e-08 1.8672177e-06 1.4136898e-05 5.1748973e-08 1.8952344e-09 2.181186e-08 4.0998696e-08 7.544771e-08 8.9173895e-08 4.7812716e-08 0.0016960382 5.922885e-08 1.3480134e-05 5.9938056e-06 1.7122989e-06 1.2157015e-09 3.5504654e-05 8.3679345e-07 8.782212e-06 9.6329906e-08 4.5666332e-07 0.00063923525 1.42719e-07 1.5398005e-06 2.1295538e-08 1.4495572e-05 1.9459982e-08 1.1670579e-07 1.7179762e-08 5.3395436e-08 2.0870146e-08 1.5191444e-09 1.01796195e-05 0.0002243272
0.011758418 7.036579e-06 2.627366e-05 0.00017106504 5.5847453e-05 0.08006598 0.0022474767 0.0839932 0.10558434 0.00023241338 0.0034763338 0.99839574 0.002970688 0.07782328 3.0613435e-05 0.99853426 4.6648747e-13 0.0043216664 0.26097587 0.03341399 1.218897e-06 0.0025315988 0.33390698 0.0014387795 0.82798374 0.0001307096 1.1882055e-06 3.9375905e-08 0.00011220528 0.00021458144 1.2471403e-05 3.0494173e-05 4.7537123e-05 5.117397e-05 0.002544944 0.00020105916 8.8889174e-05 2.9507493e-07 2.1262045e-07 2.6229296e-05 1.3823271e-08 3.0858275e-05 8.909706e-06 9.256905e-07 5.7430476e-05 2.9890816e-05 1.4181531e-06 2.8252286e-06 3.5152174e-05 1.1245085e-07 4.5548462e-05 2.3233259e-05 8.631063e-06 1.1331768e-05 1.7063309e-06 1.353079e-07 3.1789145e-06 4.862971e-08 6.9982286e-07 6.1625007e-09 4.5505067e-06 1.2062065e-05 6.7376864e-06 6.3481494e-08 6.1954024e-06 9.0980135e-10 1.827175e-05 8.0667846e-08 4.80806e-07 5.427823e-05 5.3890767e-07 1.1947355e-08 3.539172e-08 3.204166e-07 1.0129557e-08 4.2614666e-08 6.839091e-08 6.0357048e-05 2.2879301e-07 1.793709e-06 6.31111e-08 5.4023502e-08 9.9644744e-08 8.3262455e-07 2.511841e-07 1.6282592e-06 9.01513e-07 1.1150767e-07 2.4528543e-05 3.51192e-07 1.8751787e-06 6.4591596e-08 5.918819e-06 3.5300307e-08 1.6451406e-07 4.897203e-09 8.733444e-08 5.8225567e-08 3.760612e-10 3.3114748e-07 4.379624e-06
0.9834693 1.4581651e-06 0.00029678846 0.0005101385 8.66241e-05 0.019340118 0.015766911 0.3888041 0.024228333 0.002925364 0.51810986 0.0013975038 0.96215457 0.77843404 7.3358366e-05 0.19940688 0.0043216664 1.035587e-13 0.49467066 0.77609605 5.062898e-05 0.9778353 0.47046712 0.9575833 0.16155696 0.0061956453 6.9983216e-05 2.7387796e-07 0.5122506 0.63994956 0.0006489594 0.1015937 0.036963534 0.005452696 0.009309559 0.24837252 0.0045876405 2.9455196e-09 4.610621e-07 0.0016596322 4.2903068e-07 0.058637343 0.017876392 9.125365e-07 2.1472975e-05 0.00013749226 6.183308e-08 1.2931896e-07 0.06807789 4.3886715e-08 0.22944582 1.3426843e-06 0.05827124 0.00010145075 0.00016217705 3.551168e-08 5.6217603e-05 5.537712e-09 4.5853237e-09 4.546422e-09 6.523254e-05 5.783345e-05 0.012739571 5.2560165e-09 0.01683711 2.3743482e-08 0.0015454793 1.0683827e-09 2.4824687e-05 6.805393e-05 8.749308e-10 2.9467109e-09 5.7054564e-07 9.688781e-09 1.4187463e-05 3.243171e-08 2.9030414e-07 0.08587672 1.310119e-09 0.0037772118 0.0003013895 1.5733181e-06 6.6630355e-09 0.0037420103 3.6218597e-05 2.896569e-06 1.1019758e-06 6.283461e-08 0.0220051 1.7505977e-08 1.4103152e-05 1.3362449e-08 2.0772128e-05 8.58545e-10 6.513434e-08 3.3431604e-08 9.681175e-08 1.708258e-07 9.575752e-10 2.8854482e-05 0.025432833
0.35857397 2.949818e-07 5.2253276e-06 5.648776e-05 1.8326828e-05 0.0014494985 0.0016707947 0.06424003 0.019181801 0.00026893555 0.019154714 0.006504564 0.2489544 0.77192765 1.32994355e-05 0.90436614 0.26097587 0.49467066 3.3955803e-12 0.9973655 1.2846112e-05 0.9155622 0.99281996 0.072625674 0.26852965 0.00036584126 6.2200183e-06 4.495454e-08 0.019673368 0.015488842 0.00010969535 0.001879101 0.004557217 0.00026319968 0.0049105394 0.0062456056 3.5969144e-05 1.12055616e-07 6.2134825e-07 0.00057101896 4.6627366e-07 0.0008732204 0.00056045793 1.2637086e-06 8.840362e-06 2.7479338e-05 1.4284625e-06 1.1895467e-06 0.0010658941 3.836143e-07 0.004623761 2.8855568e-06 0.0010248562 1.7283995e-05 1.7127995e-05 3.8851212e-07 7.899956e-06 5.757302e-08 3.7831125e-08 7.6393825e-09 1.06339085e-05 6.672896e-06 0.00032384615 3.8797933e-07 0.0008123896 2.3938652e-08 0.000588 7.805469e-08 2.067354e-06 2.8240152e-05 6.272552e-08 5.20203e-09 2.3368634e-07 1.825174e-07 4.760899e-07 8.388065e-08 2.4883963e-07 0.0036048403 7.643974e-09 0.00011139931 8.558662e-06 1.562563e-07 1.3197007e-07 6.187742e-05 9.241812e-07 2.4498163e-06 3.057721e-08 2.0140043e-07 0.0006962414 3.261065e-07 3.1510551e-06 3.7200092e-08 5.0494755e-06 4.827573e-09 2.3473005e-07 5.3328566e-08 9.6594846e-08 6.296919e-07 3.4588146e-09 3.573454e-06 0.00019075313
0.5177392 1.4292316e-07 2.6741689e-06 2.3064902e-05 1.26793775e-05 0.00050254894 0.0032429488 0.03944114 0.007854324 0.00035208152 0.033524636 0.0008613195 0.46118516 0.8129283 8.24495e-06 0.67005116 0.03341399 0.77609605 0.9973655 2.2362058e-12 6.1652436e-06 0.9930504 0.8678168 0.17299028 0.19343789 0.00083352084 3.969153e-05 1.5143776e-08 0.083085686 0.05004893 0.00017447078 0.004269039 0.016153526 0.0006294335 0.0038761043 0.013992415 7.905243e-05 1.0451362e-08 1.9368058e-06 0.0012517982 1.2592787e-06 0.0023661219 0.0013876978 4.761621e-07 2.2513186e-05 3.2375887e-05 1.2135365e-07 1.253659e-06 0.0043182224 2.596865e-07 0.009915264 2.6728223e-06 0.0028580315 8.123625e-05 8.490005e-05 1.5992704e-07 2.164506e-05 7.334769e-08 5.5080196e-08 1.2380918e-08 4.1195428e-05 3.782548e-05 0.00091722497 1.77216e-07 0.0021132187 2.3068212e-08 0.002004077 1.2065183e-07 1.5004656e-05 3.980495e-05 6.09838e-08 4.4481747e-09 7.07218e-08 1.0374209e-07 4.4987783e-06 2.1288388e-08 8.6400354e-07 0.010559179 7.149266e-09 0.00037530804 3.7241007e-05 1.0762916e-06 3.0213826e-08 0.00035480366 2.0638074e-05 9.405249e-06 1.14726504e-07 3.1316838e-06 0.0018880132 2.9937976e-07 9.8766495e-06 1.1260281e-07 1.0455556e-05 4.180964e-08 8.6935114e-07 2.1653927e-08 1.088762e-07 3.037233e-07 6.3724817e-09 7.3834335e-06 0.00068677095
0.88089603 0.0048318324 0.0009913667 1.780038e-05 0.9917367 4.4945053e-05 0.003276993 6.5042506e-05 3.9354265e-05 0.019775935 0.0011398443 6.365618e-07 4.800084e-05 9.0893554e-05 0.8219477 1.5149894e-05 1.218897e-06 5.062898e-05 1.2846112e-05 6.1652436e-06 2.3552717e-13 2.3353607e-06 2.2124766e-05 0.0016258403 3.254061e-06 0.44872078 0.9017141 0.9936489 4.036962e-06 0.00035605565 0.41562325 0.00018973966 4.271716e-06 0.41726816 8.510266e-08 0.0017598707 5.7759567e-06 0.6583869 0.04181193 4.178612e-06 0.009641397 0.00033955145 1.0698267e-05 0.22043622 2.4748202e-08 8.753557e-06 0.019364195 0.009056049 0.0013560186 0.0043425383 0.004007934 0.010546151 0.00032776198 4.0181276e-05 8.765244e-06 0.0066556223 1.6718982e-06 0.0012436011 0.0012746236 0.0015560632 1.0828581e-06 9.0033045e-06 0.0001098835 0.0014450611 0.00051187444 0.0063891322 0.038636673 0.00021797059 8.28409e-06 1.4204307e-05 0.00012539902 0.00011072442 0.0005530997 5.5966822e-05 1.2125666e-06 0.00029510914 0.00397184 0.036106214 5.563985e-05 0.00013746892 2.9603993e-06 0.0077135875 0.0003118169 5.611182e-05 5.209378e-09 0.005471806 2.483606e-08 4.74329e-06 0.0035305056 2.6950013e-06 1.35699e-08 4.940527e-06 5.1305933e-06 1.8180349e-06 1.1701038e-05 2.8870984e-06 5.67629e-05 2.5260133e-06 1.0474117e-07 0.0047466075 0.0018874174
0.9465909 1.1886741e-07 2.0469722e-06 9.3837025e-06 2.0883559e-05 0.00010097286 0.0017594065 0.0071419864 0.0010268324 0.0011157725 0.13137762 6.5818305e-05 0.39917856 0.62106663 2.2090526e-05 0.11503978 0.0025315988 0.9778353 0.9155622 0.9930504 2.3353607e-06 9.350094e-14 0.9220935 0.7007772 0.32716295 0.0014630671 2.5699588e-05 1.3196044e-08 0.6916038 0.3018353 0.00032275374 0.045311023 0.2501309 0.0010495336 0.014635026 0.098454714 0.0012200567 2.1964619e-08 8.417262e-07 0.021961618 1.0361371e-06 0.023254842 0.027148256 1.5860661e-06 9.789052e-05 0.00016756447 2.834249e-07 4.907058e-07 0.03413468 2.3574185e-07 0.109549806 6.2780764e-06 0.040054783 0.00011764453 0.0024048719 1.6599928e-07 0.00013876223 5.0558988e-08 2.4986825e-08 2.5071025e-09 0.00022169172 0.00033126044 0.010537504 4.7947875e-08 0.019722441 1.2417646e-08 0.002527257 3.754639e-08 0.00035702012 0.0004149605 6.770316e-08 1.1304448e-09 2.723906e-07 3.1296473e-08 0.00026869457 1.8432354e-08 3.9577077e-07 0.043686554 2.5386846e-08 0.009396943 0.00069504324 1.1297179e-06 1.8641629e-08 0.0023562114 0.00019952131 5.0674287e-05 2.0626367e-05 3.812971e-07 0.012837756 2.2654989e-07 0.00018844147 8.264459e-09 9.117415e-05 1.3754382e-09 1.2982166e-07 2.4620093e-08 1.0252901e-06 1.04749766e-07 1.5342397e-09 4.1241856e-05 0.01867518
0.60864764 3.4588712e-07 4.0864184e-06 2.666716e-05 1.7854903e-05 0.0008019424 0.0013202297 0.018670853 0.006564896 0.00055570627 0.023202844 0.004192231 0.06888755 0.3787182 1.8757644e-05 0.50837326 0.33390698 0.47046712 0.99281996 0.8678168 2.2124766e-05 0.9220935 1.1965678e-10 0.1072382 0.9972584 0.00033665934 3.0587448e-06 6.892636e-07 0.08138195 0.03480528 5.1455067e-05 0.002505462 0.017085563 0.0003748435 0.023767546 0.010959503 0.0002762811 2.6335343e-07 4.689449e-07 0.0027374988 9.141776e-07 0.0013065856 0.0015406099 1.4344911e-06 9.114989e-05 6.392051e-05 9.387215e-07 2.2914555e-06 0.0018615266 7.9748986e-07 0.014388982 1.8476117e-05 0.0032217188 8.434314e-05 9.2898656e-05 1.0402875e-06 1.709045e-05 1.3939443e-07 1.2261435e-07 2.4974913e-08 0.00034961506 6.13163e-05 0.0011439674 2.3174151e-07 0.0011737893 2.350691e-08 0.0004962913 3.6837827e-07 1.3830743e-05 0.00017700123 3.605744e-07 3.1776594e-08 4.356315e-07 2.885872e-07 8.52937e-06 2.657378e-07 7.2767456e-08 0.0053814147 8.240944e-09 0.00043063777 4.1678326e-05 2.3611128e-07 4.4236978e-07 0.00012968102 3.380819e-05 4.104093e-05 1.1422464e-05 2.9637252e-07 0.0014932766 5.3418053e-06 2.9814293e-05 1.9248523e-07 0.0001311366 5.62436e-09 8.044106e-08 3.1297148e-07 1.4686104e-07 1.9087277e-07 1.0781951e-08 1.8959885e-05 0.00089186453
0.99314827 5.1542436e-05 0.026559958 0.005381369 0.0027073575 0.041830324 0.4692853 0.5162363 0.017188426 0.56818944 0.9697472 0.0011269973 0.8165027 0.26800683 0.014408591 0.040710494 0.0014387795 0.9575833 0.072625674 0.17299028 0.0016258403 0.7007772 0.1072382 5.207219e-10 0.05733244 0.112725295 0.0049928953 0.00011648381 0.4460006 0.84566224 0.014738526 0.11476248 0.008934915 0.12662075 0.012027313 0.5168528 0.023702899 3.2898577e-06 2.2135655e-05 0.0008949339 1.4101055e-05 0.10480972 0.027698582 9.079769e-06 2.4044326e-05 0.00039213477 7.94898e-06 4.357273e-06 0.18859082 3.612196e-06 0.53375727 4.365912e-06 0.08934442 0.00018746743 0.00022435951 4.2829097e-06 0.00033663207 2.2124143e-06 2.6647808e-07 6.8649655e-07 0.0005094222 0.00034285375 0.012052493 1.4330484e-06 0.011044327 5.021419e-07 0.045033537 3.3288327e-07 1.2924513e-05 4.4025703e-05 2.3647522e-07 2.8812659e-07 1.3915681e-05 1.2149047e-06 4.956551e-05 6.6826556e-07 2.7115844e-05 0.5257971 1.4609526e-07 0.0019923565 0.00011963263 0.000112888025 5.862929e-07 0.0020243193 0.00038836655 3.9174865e-05 5.2494e-07 4.4047874e-07 0.05075067 9.256119e-07 8.862038e-06 1.3533067e-06 1.3313332e-05 8.9314156e-08 9.7977e-07 8.588141e-07 1.08082195e-05 2.8805941e-06 1.8556523e-08 0.00014183969 0.020190878
0.43505216 1.7108771e-06 5.402539e-05 9.9584e-05 1.2453397e-05 0.0020835437 0.0024426382 0.019282585 0.005568495 0.0011066451 0.01911638 0.002143946 0.023597188 0.07817781 3.0504963e-05 0.16837062 0.82798374 0.16155696 0.26852965 0.19343789 3.254061e-06 0.32716295 0.9972584 0.05733244 3.0072662e-13 0.00069333526 3.2487865e-06 7.672461e-08 0.1867924 0.020696422 2.7293213e-06 0.0028249756 0.050103888 0.0002986496 0.99509174 0.008457495 0.04569083 1.4556769e-06 1.6867804e-07 0.010876907 1.4601594e-06 0.0012408296 0.003404378 7.0923896e-08 0.020710662 0.022458661 1.7781088e-07 2.739904e-06 0.0011064331 1.3436124e-07 0.0044867946 3.823196e-05 0.0015592838 0.00073196134 0.0009298153 1.0130605e-07 0.0009376238 7.4582225e-08 4.2298197e-08 2.9032017e-09 0.0005501951 0.0011038756 0.0012590429 1.8398309e-07 0.0029098517 8.672221e-09 7.264754e-05 7.983345e-09 6.138195e-05 0.00017279995 4.9914895e-08 2.1920714e-08 1.8516333e-07 5.856112e-07 3.073466e-05 7.347388e-07 2.0499124e-06 0.001004544 6.403164e-08 0.0007184898 4.1010728e-05 2.2446618e-09 2.0927479e-07 0.00015295614 0.00056853273 1.2860154e-06 9.30497e-06 3.9638343e-07 0.0012917668 5.387345e-07 0.00102673 2.2989578e-07 0.00019567736 3.0497338e-09 1.8182315e-07 7.614772e-08 5.321253e-08 1.1922566e-06 5.447232e-09 3.040814e-06 0.00230428
0.9580386 0.017583188 0.19644846 0.0007359195 0.3740179 0.004911113 0.17717734 0.009544164 0.00060439965 0.95814395 0.1225487 9.570345e-05 0.0074923895 0.0012836873 0.9886843 0.0006324508 0.0001307096 0.0061956453 0.00036584126 0.00083352084 0.44872078 0.0014630671 0.00033665934 0.112725295 0.00069333526 8.5357756e-11 0.47920805 0.036641244 0.0007290726 0.15991098 0.6411506 0.00575159 0.00013101185 0.98483104 3.2013653e-05 0.052035574 0.00021387373 0.0012911862 0.001170143 3.5557925e-05 0.0007471255 0.008231527 0.00020639696 0.0015180889 1.5756378e-06 2.6072004e-05 0.00047424517 0.00019750737 0.08818041 0.00010963051 0.19976605 7.999824e-05 0.0058854674 3.0682486e-06 2.3648288e-05 0.0001474178 2.5506817e-05 0.00012797098 4.5900666e-05 4.255298e-06 5.0444487e-05 0.00013415863 0.0015232196 7.605531e-05 0.0009194867 3.445112e-06 0.38722163 2.4869374e-05 9.377797e-06 6.175385e-05 2.7672157e-05 3.4374967e-05 7.210241e-05 1.2277466e-05 6.800663e-07 1.8175955e-05 0.00072301336 0.4658396 3.2058642e-06 0.00061055884 6.4717235e-05 0.0011349296 2.2254719e-05 0.0019384348 6.4012437e-07 0.00074237393 1.933542e-07 4.893165e-07 0.03800942 1.3732345e-06 4.9280615e-08 1.5149208e-06 2.1868194e-05 4.2853998e-07 2.447577e-06 1.3898883e-06 1.0900535e-05 7.829594e-06 2.2922738e-07 0.0037779734 0.008500278
0.92756695 0.0022363707 0.061779354 4.627674e-05 0.45614356 0.00019445847 0.005944287 0.00075726793 1.865955e-05 0.1986616 0.0052270927 1.312452e-06 0.00023740249 6.5299006e-05 0.86468923 1.2992966e-05 1.1882055e-06 6.9983216e-05 6.2200183e-06 3.969153e-05 0.9017141 2.5699588e-05 3.0587448e-06 0.0049928953 3.2487865e-06 0.47920805 8.889975e-13 0.882914 3.6841989e-06 0.0018259534 0.9935618 0.00059498416 2.362258e-06 0.33647963 1.7445877e-06 0.004865226 2.7749986e-05 0.921171 0.4006557 6.899475e-07 0.36240625 0.00076353666 2.9071184e-06 0.6549475 1.1247236e-06 1.625506e-07 0.45747006 0.6805313 0.0059869047 0.07676521 0.02076831 0.37718195 0.0008580136 3.112803e-06 2.358455e-07 0.033461984 1.868259e-07 0.15283059 0.059437584 0.03670432 1.2817428e-05 4.2562213e-05 0.00016929054 0.076832384 5.7824414e-05 0.001967433 0.23601097 0.00297424 4.475049e-07 2.5416525e-06 0.02326484 0.013202321 0.0029012247 7.0467766e-05 8.648287e-07 0.0025742382 0.19248413 0.16789958 0.0014829208 6.187063e-05 2.124497e-06 0.0840587 0.0010268773 0.0004792185 1.1478428e-07 0.044601727 1.6544305e-06 0.00019095518 0.0066623027 0.00011611967 8.746196e-08 0.00017831805 7.042705e-07 0.00031469858 0.00012563783 0.00011071428 0.0009093661 4.682924e-05 7.278062e-05 0.06497281 0.0013116306
0.8532342 9.57138e-06 1.3710133e-05 1.2825718e-07 0.002277394 1.8176223e-06 2.573697e-05 5.3156407e-07 3.5326539e-06 0.00049883494 1.0011902e-05 1.4152807e-08 3.8111335e-08 2.1674228e-07 0.028238675 6.3439856e-08 3.9375905e-08 2.7387796e-07 4.495454e-08 1.5143776e-08 0.9936489 1.3196044e-08 6.892636e-07 0.00011648381 7.672461e-08 0.036641244 0.882914 2.2207295e-16 6.8740578e-09 4.274084e-06 0.27402303 9.084429e-06 3.770335e-07 0.13442838 2.099266e-09 0.0001603965 2.5512435e-07 0.65843076 0.0030113235 1.8518931e-07 0.99967825 4.88071e-06 1.0970446e-06 0.0037536833 8.369091e-09 3.7869947e-07 0.0021723649 0.016310804 0.0002387377 9.0287074e-05 0.0019186196 0.0019547564 2.4646313e-06 1.6236925e-06 5.8400076e-08 1.608819e-05 1.3900136e-07 0.00027322173 2.8495601e-06 0.0001368827 7.8010745e-09 2.1811902e-06 2.574064e-06 5.8763726e-06 1.6440963e-05 4.903435e-06 0.0018154043 1.9656959e-07 2.4995907e-06 3.338953e-07 1.0853063e-06 2.2125828e-08 1.1046559e-06 2.0122324e-07 9.101489e-09 5.2242893e-05 0.00018956531 0.023039332 1.0588707e-08 3.6940273e-05 3.4672627e-07 1.193397e-05 5.882397e-07 1.549636e-05 9.998828e-10 1.1438206e-05 8.6983576e-10 1.4944162e-07 0.0027366336 7.826514e-09 1.6509636e-09 2.5266214e-09 1.4263361e-06 1.9536444e-08 1.3982381e-07 1.0754696e-08 7.1748114e-09 3.941167e-08 3.5634148e-08 1.39242575e-05 0.0009596785
0.98343515 6.4724546e-08 2.4034789e-05 3.8630405e-06 8.455547e-06 2.4092527e-05 5.9600527e-05 0.0009358238 5.9546666e-05 0.0006201161 0.025415933 6.242136e-06 0.024716329 0.0046851384 4.106767e-05 0.0021494068 0.00011220528 0.5122506 0.019673368 0.083085686 4.036962e-06 0.6916038 0.08138195 0.4460006 0.1867924 0.0007290726 3.6841989e-06 6.8740578e-09 5.250022e-14 0.89597994 3.4037854e-05 0.2685183 0.9761131 0.0013064324 0.18419075 0.16152823 0.9116075 3.4654533e-08 1.5143797e-07 0.857609 4.6376005e-07 0.26485595 0.90655965 3.744617e-07 0.00021996547 0.18947747 6.1475384e-07 2.7883925e-07 0.10901981 6.943599e-08 0.23790918 7.050816e-07 0.32284784 0.0069531016 0.05596559 2.1563925e-07 0.1920038 1.2835385e-07 8.291269e-09 3.915051e-07 0.49166662 0.023833001 0.139259 6.334941e-08 0.33375767 2.2490696e-07 0.0028023578 1.744721e-08 0.000339769 0.0007478102 7.3607485e-09 7.4151134e-09 2.2958928e-07 3.0563348e-07 0.031825412 6.488164e-08 1.9837771e-05 0.1166252 6.719907e-09 0.03158168 0.002378674 8.075795e-07 4.9264635e-08 0.0045891064 0.07499919 1.5266088e-06 1.8025947e-05 1.3005759e-07 0.020470219 2.198482e-08 1.1414895e-05 5.7587486e-09 3.885377e-05 6.0544747e-09 9.7635464e-08 2.1397407e-08 9.738546e-07 1.16929044e-07 1.5043125e-09 6.765134e-06 0.016952692
0.8420268 5.5656647e-06 0.0007717583 4.698142e-05 0.00041785324 0.0005869657 0.011676503 0.014879565 0.00045967672 0.139699 0.41664803 8.6210726e-05 0.1920313 0.020008912 0.007845426 0.0023901665 0.00021458144 0.63994956 0.015488842 0.05004893 0.00035605565 0.3018353 0.03480528 0.84566224 0.020696422 0.15991098 0.0018259534 4.274084e-06 0.89597994 4.1061295e-12 0.006662179 0.9974252 0.20331755 0.10210817 0.0063867774 0.9625808 0.04425868 4.0260486e-05 8.794557e-06 0.094190985 5.7490695e-07 0.8088427 0.90963095 4.1919415e-05 9.772551e-07 0.0024931715 1.71149e-05 1.6442295e-05 0.16971119 1.4059306e-05 0.18207623 2.4325304e-06 0.17087738 5.686048e-05 0.010521414 3.501142e-05 0.0022555783 1.6399863e-06 1.5461167e-07 1.337782e-07 0.01618853 0.0006268671 0.017714117 1.1066825e-06 0.023187315 1.0622252e-07 0.0186719 5.060706e-07 5.057348e-05 0.0010904279 2.4324106e-07 6.9126077e-07 2.3583102e-06 6.5970005e-07 0.00015216858 1.1332114e-07 3.8116643e-06 0.094105795 8.601702e-08 0.0006020939 0.0015761446 3.3592733e-05 9.070058e-08 0.0008121665 0.00052394974 2.945652e-05 2.905372e-06 7.113063e-08 0.010017845 3.9299394e-07 5.3095434e-08 5.1136524e-08 0.0002767064 5.338349e-09 6.562491e-08 3.344455e-08 4.2628812e-06 2.4670263e-07 1.6750892e-09 7.818607e-05 0.0029303636
