1.8532034e-17 0.9911014 0.94727004 0.9161105 0.98857325 0.94006544 0.9927778 0.9818683 0.9737064 0.8383643 0.951197 0.9807283 0.9964317 0.9789152 0.94958615 0.46837872 0.9770419 0.9580636 0.9878974 0.9819344 0.9287236 0.8936702 0.99991477 0.9617257 0.9048692 0.93895257 0.94270074 0.87790984 0.9814809 0.9148411 0.98682827 0.58189565 0.84556735 0.80518484 0.79117316 0.7036426 0.6861586 0.9574738 0.5336165 0.8782689 0.9316876 0.31570593 0.99810857 0.83643645 0.63831705 0.2287245 0.67629075 0.50301176 0.9633164 0.6469734 0.8309351 0.049106076 0.9290474 0.9998063 0.009436759 0.96730006 0.7967891 0.010924827 0.18634701 0.7935606 0.25510937 0.1672473 0.8119685 0.013526095 0.026888957 0.99791014 0.40453795 0.5108803 0.0021052149 0.003613845 0.57111514 0.0018890625 0.013975144 0.042996533 0.18520369 0.21870665 0.0007846511 0.012795024 0.8431892 0.95155096 0.9648546 0.06778054 0.013197388 0.55113024 0.92171 0.19511233 0.45494583 0.04936283 0.9342286 0.00015539833 0.9650164 0.21361889 0.10320159 0.33078125 0.1212683 0.0005078486 0.04264383 0.90210646 0.0044134245 0.23516464 0.010219702
0.9911014 2.5282422e-12 0.8186833 0.46810794 0.8942676 0.034228694 0.69054824 0.087273635 0.80018884 0.08788255 0.8822445 0.22026837 0.3973302 0.00036441238 0.00041808982 0.018663283 0.93236214 0.024983447 0.016879732 0.0010961279 0.7766386 0.4206396 0.106910184 0.0004336674 7.2430455e-05 3.0240537e-05 0.3060571 0.2443609 0.2710201 0.7365025 8.661456e-06 1.7626051e-05 0.39141798 0.012830143 0.24492836 1.1976658e-05 0.29822803 8.5051106e-05 0.2241618 0.00035328782 5.120082e-05 0.09565569 0.006423274 0.00021389536 0.3530379 0.09088453 0.10780746 1.711436e-05 6.5085724e-06 3.3127544e-05 0.0055611897 0.05320275 1.7794779e-05 0.0022980713 0.015465476 0.0016018937 0.0017857539 0.0057565724 0.056572463 0.00046804777 0.017463734 0.0004600629 1.8702129e-05 0.0013380533 0.003768016 0.0006270286 3.7505077e-05 1.9721423e-05 0.00033245896 1.1212965e-06 1.070734e-05 0.00038857624 5.490537e-05 1.8852137e-05 3.7247419e-06 2.822234e-06 6.2789957e-07 0.0005471761 8.908143e-06 9.277868e-05 2.5533708e-07 3.378616e-06 4.6120085e-06 1.495922e-05 5.605715e-05 1.6233309e-05 2.5355406e-05 7.6842474e-07 5.1783463e-05 9.777772e-05 8.120972e-06 0.0005455497 3.2982942e-07 6.256323e-05 5.530872e-07 1.3783142e-05 2.1490541e-06 2.245848e-07 1.1990617e-06 4.9796636e-05 2.1622429e-05
0.94727004 0.8186833 6.3834626e-14 0.98674744 0.2110652 0.86549276 0.9427862 0.8918573 0.14074929 0.8951339 0.03490112 0.025094472 0.0606691 0.011430377 0.008978123 0.5507696 0.6275645 0.0019910801 0.0012235196 3.700762e-05 0.081313595 0.009624485 0.10273891 4.8872357e-06 0.00046777088 2.960152e-05 0.0015931169 0.7854727 0.0047124033 0.3467345 2.9748612e-06 3.1196876e-05 0.5644142 0.65946656 0.0047122254 1.2301106e-05 0.07459817 6.861699e-05 0.015119565 1.5633474e-05 0.0008552453 0.019783478 0.005742204 0.00012636819 0.029570037 0.0238022 0.0004962388 0.0008902279 4.5881175e-06 3.6200362e-07 0.00047734787 0.018433312 1.722814e-05 0.0026037195 0.0145599 0.0008781119 0.000429947 0.00843612 0.004857326 3.959597e-06 0.21996419 0.1685571 3.966368e-05 0.00014627435 7.319618e-05 0.00014367324 9.40772e-07 5.259161e-05 0.0016058425 4.888676e-06 1.1323153e-06 1.4281131e-05 5.207421e-07 8.426314e-07 2.503014e-06 1.294115e-05 2.2105995e-07 1.1224921e-05 3.2439926e-05 0.000103299964 4.4156008e-07 6.0782445e-06 6.155705e-07 9.408066e-06 3.292013e-05 0.00015801101 2.6116013e-06 3.2982737e-08 9.416567e-06 5.1766847e-06 2.0139191e-06 0.00018495835 1.3261919e-07 5.5748205e-05 1.5968815e-06 3.3199794e-06 3.3516375e-07 1.0131533e-07 2.4707876e-06 4.7734584e-06 4.0505423e-05
0.9161105 0.46810794 0.98674744 6.222275e-13 0.06620091 0.95584255 0.9327712 0.9260513 0.03302298 0.94108635 0.013083325 0.0075563756 0.0379911 0.047440562 0.031883813 0.7767753 0.3370277 0.00037532105 0.0005973929 6.6419e-06 0.028344499 0.006479273 0.0901971 4.2774624e-07 0.0017670476 0.00044158645 0.0006181139 0.6887436 0.0011089457 0.11229304 5.1837622e-05 0.0001791649 0.38709137 0.6232011 0.0015576414 8.7230685e-05 0.021357225 0.00020860895 0.0042854757 4.58799e-06 0.0070981355 0.0045195967 0.0065992884 0.00021800384 0.009090873 0.0043886555 0.00017290976 0.002431124 3.131859e-05 7.971511e-08 3.7530266e-05 0.0053833425 6.4637235e-05 0.0029723656 0.006897674 0.0011036862 0.0005315028 0.0049061375 0.0010414983 6.251904e-07 0.14712074 0.29790732 9.4681694e-05 3.4648703e-05 2.4590332e-05 0.00023914009 1.6088774e-07 8.7659406e-05 0.0007236276 4.091435e-05 4.2708382e-07 2.6650187e-06 1.1438357e-07 1.9783133e-07 6.6031344e-06 0.00040411548 5.5651976e-06 1.1005187e-05 0.00020868934 0.00012171025 3.833252e-06 2.490412e-05 4.6880533e-07 1.1842103e-05 9.136101e-05 0.0011635507 2.048274e-05 1.4625116e-08 2.434669e-05 3.2180537e-07 1.7012516e-06 0.00023637524 2.3442693e-07 5.1344086e-05 5.2391197e-06 1.2130548e-06 1.3053288e-07 2.4924458e-07 2.482827e-06 3.513533e-06 7.036663e-05
0.98857325 0.8942676 0.2110652 0.06620091 1.2500418e-11 0.005034803 0.3450485 0.016947469 0.86289245 0.04571306 0.9640527 0.30200854 0.5279796 4.6491983e-05 7.914876e-05 0.007444193 0.73471606 0.023683945 0.023650885 0.0012326567 0.8343631 0.70760846 0.06423466 0.00039771144 2.406994e-06 1.8890946e-06 0.6377154 0.21831226 0.5414994 0.6344322 9.895822e-07 2.6707662e-06 0.20245443 0.0016568764 0.4669522 3.5793753e-06 0.18540432 1.9020845e-05 0.3265129 0.0009148849 6.0639723e-06 0.070136465 0.002411906 5.4379423e-05 0.30452436 0.092566274 0.30308998 1.0316626e-06 2.1552812e-06 4.081793e-05 0.021589128 0.05924377 1.9208246e-06 0.00081485667 0.00836871 0.00062366686 0.0013483112 0.0038920788 0.21367481 0.0011110994 0.0031357622 0.00018666498 9.8906185e-06 0.0038274445 0.0039216676 0.0003724765 4.345734e-05 7.654476e-06 0.00017218129 2.1362288e-07 1.5578167e-05 0.0008550162 5.0159346e-05 1.7452145e-05 2.9480925e-06 1.173032e-07 1.8454861e-07 0.00083018694 9.925187e-07 3.6863556e-05 5.2660138e-08 4.609465e-07 2.5653198e-06 3.7998286e-06 1.473518e-05 4.5162183e-06 5.2772302e-06 1.8395222e-07 2.2394062e-05 3.1803076e-05 4.450668e-06 0.00017977146 7.7295695e-08 1.5706742e-05 9.27184e-08 1.4603369e-05 7.972572e-07 7.812495e-09 5.7196917e-07 9.1684105e-06 2.0662287e-06
0.94006544 0.034228694 0.86549276 0.95584255 0.005034803 1.0406441e-13 0.87373376 0.9824067 0.005418669 0.9359557 0.0017501847 0.0021433819 0.014097586 0.22689335 0.10522392 0.86327845 0.09715361 7.13359e-05 0.00019777294 1.4708496e-06 0.0061633415 0.0009766221 0.0828866 4.0005293e-08 0.0093596345 0.0023433843 0.00045037994 0.69794524 0.00027797333 0.041096326 0.00027331608 0.0008514984 0.29052973 0.77842283 0.0009019345 0.00021008636 0.009990743 0.00040447968 0.0015979442 8.4626095e-07 0.08824222 0.003915959 0.009440098 0.00041634787 0.0026836372 0.0018603109 0.0001325395 0.013126154 0.000110528716 1.1279878e-08 2.128007e-06 0.0016056257 0.00014659527 0.0035385585 0.0040168962 0.0020121022 0.00034583863 0.0039291526 0.00019320057 1.0530546e-07 0.19105473 0.44027328 0.000540275 1.7375818e-05 2.14459e-05 0.00032548184 4.5995336e-08 0.00021244565 0.0005775169 0.0005992088 3.31984e-08 2.721757e-06 9.7774866e-08 1.855848e-07 2.249417e-05 0.0058854087 4.4927867e-05 4.6873097e-06 0.00028880872 0.00019359858 3.0988656e-05 6.796455e-05 4.152823e-07 2.308416e-05 9.056597e-05 0.0070260246 2.7959097e-05 3.26668e-09 0.0001061277 2.960313e-07 3.2315765e-07 0.00035490384 2.0780794e-06 0.00025723214 2.1742546e-05 1.8548775e-06 6.4989865e-07 7.932267e-06 6.8382833e-06 1.6486087e-05 9.4172625e-05
0.9927778 0.69054824 0.9427862 0.9327712 0.3450485 0.87373376 8.823371e-12 0.9063699 0.64562047 0.86241335 0.10931338 0.26954657 0.36727685 0.19023168 0.16050528 0.23396201 0.45310906 0.015837712 0.00862393 0.000254788 0.07407436 0.03512707 0.88822514 3.8911057e-05 0.015270036 0.00828366 0.01484736 0.43874434 0.050179195 0.22937994 0.0015719617 0.0008205048 0.2262251 0.26944497 0.01764679 0.00048315557 0.050892726 0.003212308 0.010061739 0.00047339924 0.12981714 0.010998841 0.029135432 0.0042334083 0.035437755 0.012221055 0.0036919126 0.0056555467 0.00053041865 2.3912313e-05 0.0019109072 0.0064987885 0.0010002245 0.011130231 0.0039592655 0.0076722763 0.005967344 0.0012588557 0.0064860955 0.00018018256 0.03957479 0.043250643 0.0005663035 0.00026154376 0.00013640082 0.00065284065 5.5624623e-05 0.00049782934 0.00014407898 1.0724928e-05 8.573203e-06 5.760529e-05 2.6286692e-05 6.813078e-06 6.3463376e-05 0.00276765 1.9373526e-06 3.2652664e-05 0.0017439942 0.0007132477 2.898897e-05 3.4561937e-05 2.450784e-06 0.00010221045 8.0747166e-05 0.0007290006 1.833821e-05 6.209898e-07 0.00043826803 1.6784701e-05 1.7647687e-06 0.0015815515 2.4070491e-06 0.00030510826 5.199246e-06 3.8792027e-06 2.019718e-06 2.2783506e-06 3.885775e-06 8.529934e-05 3.5596055e-05
0.9818683 0.087273635 0.8918573 0.9260513 0.016947469 0.9824067 0.9063699 2.1820681e-12 0.07199245 0.7799514 0.005953685 0.020194823 0.049147937 0.7216956 0.4874878 0.3897451 0.057244703 0.0007487068 0.0008197707 1.2596313e-05 0.0077532516 0.0025355963 0.8295351 1.4966589e-06 0.05574704 0.037130922 0.00051401363 0.23132378 0.002583396 0.019725606 0.003940348 0.0042551155 0.047452576 0.28724995 0.0006826802 0.00102552 0.00491523 0.0037598386 0.0011877501 5.6303397e-05 0.27994046 0.0009816346 0.03789875 0.005970734 0.002710893 0.0010768564 0.00016303072 0.027479125 0.00089936034 1.3071794e-06 0.00025703674 0.0010580659 0.00072000566 0.014063721 0.001609486 0.010259593 0.0011198128 0.00074405794 0.0012866013 1.4591327e-05 0.025985617 0.16451065 0.0008016878 7.655765e-05 1.0811684e-05 0.00041454122 2.8438617e-06 0.0006445967 8.10353e-05 0.0001063073 6.4096065e-07 3.7346153e-06 1.7193023e-06 2.4726664e-06 5.6278863e-05 0.024643976 9.304465e-06 5.6480567e-06 0.0022926754 0.0009802986 0.00013715084 0.00023672625 5.1807916e-07 0.00019164935 0.00016120636 0.0074706785 4.7701433e-05 5.3362346e-08 0.00076946977 1.4120216e-07 9.191763e-07 0.0010833303 3.640176e-06 0.00039784363 1.4635646e-05 3.8724664e-07 2.3655168e-07 3.4752927e-06 3.7100963e-06 7.325196e-05 7.7175246e-05
0.9737064 0.80018884 0.14074929 0.03302298 0.86289245 0.005418669 0.64562047 0.07199245 1.3490524e-11 0.0134265125 0.75709563 0.93477243 0.96452755 0.0062879696 0.005169073 0.0006471412 0.10622613 0.2963951 0.19718072 0.082159534 0.2196864 0.28782934 0.2509597 0.007383867 0.00025411724 0.00083621836 0.6124816 0.006522507 0.92165905 0.07768289 0.00030372926 7.271027e-05 0.01311308 9.4945455e-05 0.1341271 4.105385e-05 0.007387572 0.001137317 0.026873233 0.2822715 0.0006122378 0.0019246518 0.010848682 0.000667997 0.027975688 0.0030556428 0.11138329 3.1951065e-05 0.00012984984 0.029837904 0.5936767 0.0043135467 4.398449e-05 0.0071224715 0.00072819734 0.0045920745 0.03487344 0.00032208618 0.11675231 0.18798769 5.252996e-05 0.00032034438 0.0006667108 0.0069566136 0.00031746397 0.0031242697 0.0073202527 0.00011892259 2.2420305e-05 1.1570359e-06 0.0017822217 0.0006343808 0.00041397373 0.0015125722 7.51559e-05 2.8843315e-05 3.5083949e-07 0.00093104603 8.4127525e-05 0.00029214402 2.0824073e-07 6.0180905e-06 0.00011201326 1.7012997e-05 0.00026945848 8.521076e-06 5.272866e-05 1.00344905e-05 0.00013214571 0.00010838128 6.025186e-05 0.00018605735 6.429522e-07 2.029967e-05 6.760557e-07 7.2003524e-05 1.1341672e-05 7.999212e-07 1.4811676e-06 6.1272026e-06 1.4616619e-05
0.8383643 0.08788255 0.8951339 0.94108635 0.04571306 0.9359557 0.86241335 0.7799514 0.0134265125 2.2823748e-11 0.0018651116 0.0021136934 0.017712614 0.01362537 0.0067259963 0.99548286 0.19153626 0.00011234019 0.00021213753 1.6963814e-06 0.008820711 0.0004045967 0.027044563 1.0243728e-07 0.00017692597 6.570035e-05 4.8938888e-05 0.8255772 4.1859807e-05 0.012862989 5.460712e-06 2.0109761e-05 0.26355305 0.8503594 9.8511526e-05 2.3351167e-05 0.0027885989 6.0945873e-05 0.0005506027 2.7311137e-07 0.00022818323 0.001697283 0.002361105 6.298697e-05 0.0010449884 0.0013071066 5.0607396e-05 0.00052471075 2.1821704e-06 5.6966886e-08 1.1652602e-06 0.002889692 2.2832437e-05 0.00068137125 0.009494972 0.00034412605 0.00012920304 0.0077894595 9.756004e-05 1.072052e-07 0.22338581 0.3108248 2.94043e-06 1.6279122e-05 2.5176594e-05 6.688196e-05 1.369683e-07 1.0899339e-05 0.0015542228 0.0003284231 7.390361e-07 2.907175e-07 2.497995e-07 1.5240595e-07 1.3413008e-06 4.3120963e-05 2.2584923e-05 8.0767643e-07 1.7469913e-05 2.4107052e-05 1.0425306e-07 2.9367952e-06 2.4186477e-07 2.3331456e-06 2.694658e-05 0.00032131767 1.2501518e-05 2.1988166e-07 6.5119552e-06 2.8183112e-07 3.1275442e-06 2.1567834e-05 3.866378e-07 8.167246e-06 2.03447e-06 1.5061872e-07 2.0248008e-07 1.6109153e-08 3.711211e-06 7.696235e-06 2.292097e-05
0.951197 0.8822445 0.03490112 0.013083325 0.9640527 0.0017501847 0.10931338 0.005953685 0.75709563 0.0018651116 6.067416e-15 0.24063726 0.43189907 2.644263e-05 2.9644492e-05 0.0008289153 0.43729717 0.04098611 0.025640953 0.0023122684 0.9352477 0.97283375 0.018138796 0.0005659437 8.6588426e-07 7.2879305e-07 0.62856555 0.07250187 0.3222344 0.3588315 6.3327093e-07 4.387753e-07 0.078681245 0.00022060833 0.3274963 6.515077e-07 0.06216156 1.3125315e-05 0.19303237 0.00013274519 1.0173849e-06 0.024729168 0.0022322305 1.872547e-05 0.11864812 0.03933897 0.2052902 1.2349975e-06 3.3398223e-07 1.4539196e-05 0.002531046 0.046806496 2.0340976e-06 0.0008373076 0.0051221354 0.00043810694 0.0011947232 0.005699317 0.12709865 0.00037558013 0.00038350187 4.731415e-05 1.1700686e-06 0.0040673832 0.0066680177 0.0001418336 2.9946887e-05 7.075871e-06 0.00010668258 1.5614623e-07 5.5957876e-06 0.0011674294 5.9823127e-05 1.0763178e-05 7.741008e-07 9.5440164e-08 9.474893e-08 0.0040582432 1.1847204e-06 2.7542177e-05 2.957542e-07 1.9351164e-08 1.5027043e-06 7.256158e-06 8.228909e-06 4.7177443e-07 2.4296844e-05 3.4970043e-07 2.5333216e-05 0.000115007 2.8824725e-05 0.00017617167 9.237154e-08 5.1876144e-05 2.01801e-06 1.1119812e-05 5.5355105e-07 5.3724786e-08 2.6902712e-06 7.7578325e-06 4.882023e-06
0.9807283 0.22026837 0.025094472 0.0075563756 0.30200854 0.0021433819 0.26954657 0.020194823 0.93477243 0.0021136934 0.24063726 5.120003e-13 0.9484871 0.010959649 0.007620745 0.00012762765 0.013991401 0.9378705 0.9266688 0.49377835 0.04476868 0.16771077 0.5457758 0.21640047 0.00034765492 0.0010624011 0.45408136 0.00050276535 0.7684184 0.0066490625 0.00052363955 2.800489e-05 0.001725124 4.000442e-06 0.043940946 1.0754477e-05 0.0008095111 0.0046565514 0.00435682 0.7978607 0.00030599645 0.00019568444 0.011306127 0.0025929739 0.004322957 0.00038309736 0.021455 1.2084817e-05 0.00014452662 0.28223893 0.825735 0.00052845053 4.971335e-05 0.019588172 3.951293e-05 0.0060011037 0.42201382 6.5676695e-06 0.06830854 0.5296064 5.737816e-06 3.853766e-05 0.0040741474 0.010991203 7.991439e-06 0.018793227 0.0847155 0.0001560052 2.3797754e-06 3.7051868e-07 0.035052624 0.0004361023 0.0034553325 0.0108858785 8.003074e-05 2.5927227e-05 1.055816e-07 0.00027891653 0.00012844134 0.00082201994 4.6608514e-07 4.21429e-06 0.0028307266 0.00017993269 0.004481667 7.359476e-06 0.00030828375 0.00014401934 0.001058124 0.00013914534 6.659517e-05 0.001051221 8.701574e-07 0.00015794096 1.8634118e-07 0.00027258566 0.0002738358 3.0070118e-05 4.592125e-07 0.000113652495 3.5387217e-07
0.9964317 0.3973302 0.0606691 0.0379911 0.5279796 0.014097586 0.36727685 0.049147937 0.96452755 0.017712614 0.43189907 0.9484871 1.3603666e-12 0.07589562 0.045568973 0.0009809626 0.076154254 0.5307754 0.61369246 0.29032907 0.103124365 0.1820341 0.86253387 0.23095815 0.0028557647 0.011577187 0.41555914 0.0029046354 0.75743544 0.024447206 0.005574353 0.00041307413 0.008689252 5.958842e-05 0.052321587 0.0001822319 0.003742358 0.030995738 0.005812482 0.27091312 0.008444458 0.0010586211 0.08362846 0.022076229 0.013023471 0.0014076849 0.033751458 0.0003278661 0.0013911914 0.05553353 0.4266052 0.0012462807 0.0008850725 0.09757491 0.00018188068 0.023620583 0.3129354 0.00011528725 0.013615941 0.12122128 4.4602944e-05 0.00049610226 0.022269668 0.0017817213 0.00010274915 0.017872386 0.011303848 0.0011433118 7.225642e-06 2.2410845e-06 0.0027383082 0.00022292498 0.0005360509 0.001819512 0.00077508413 0.0013872499 3.7429498e-07 0.0005409922 0.001352498 0.008816115 9.197994e-06 6.0193506e-05 0.00026521945 0.0012913825 0.0059824814 6.9771936e-06 0.0011382296 2.0068952e-05 0.010615671 8.7517416e-05 9.092182e-05 0.004586547 6.2426425e-06 0.0012375189 2.0172406e-06 8.926652e-05 2.2573362e-05 0.00013208034 5.0431854e-06 0.00059240515 3.309e-05
0.9789152 0.00036441238 0.011430377 0.047440562 4.6491983e-05 0.22689335 0.19023168 0.7216956 0.0062879696 0.01362537 2.644263e-05 0.010959649 0.07589562 2.4933997e-14 0.9940219 0.023344088 0.0025838602 0.000122025216 0.00012818351 1.5379263e-06 0.0007133875 1.5486861e-05 0.7747552 2.0691704e-08 0.8803517 0.20042379 1.5008476e-07 0.015880989 3.1251354e-06 0.0004563721 0.009526959 0.043505877 0.00357618 0.05158804 7.628855e-07 0.0019980192 0.00015645337 0.0068049203 7.969611e-06 5.161048e-08 0.9180557 0.000103528066 0.103212446 0.01655572 3.7828204e-06 1.4383643e-05 4.2991655e-07 0.39033037 0.0004741927 1.4318153e-09 2.1824285e-06 1.4925503e-05 0.014517439 0.018945133 7.384169e-05 0.043171644 0.0018599747 3.3446166e-05 8.963572e-05 8.725165e-09 0.0063378694 0.07530243 0.0002443414 2.0394978e-06 2.2414895e-07 0.00018110836 2.260244e-09 0.00055092655 1.3260011e-05 0.0003624128 1.4647479e-08 1.4419264e-06 6.867794e-09 2.91437e-09 1.0338565e-05 0.26977512 0.00022381415 1.0942985e-06 0.014767804 0.0006250593 0.0019386419 0.002397577 1.284956e-08 0.00025219622 5.308701e-05 0.057622194 3.471419e-05 3.2340088e-09 0.000118309814 1.538643e-07 1.7971685e-07 0.0002807657 1.0351957e-06 0.0008584105 3.963105e-05 5.2328726e-08 8.867914e-08 5.443026e-07 2.1507774e-05 1.49463e-05 0.00020614732
0.94958615 0.00041808982 0.008978123 0.031883813 7.914876e-05 0.10522392 0.16050528 0.4874878 0.005169073 0.0067259963 2.9644492e-05 0.007620745 0.045568973 0.9940219 6.0696294e-14 0.009458613 0.0015059669 0.00022875867 0.0003416459 3.3352376e-06 0.0008897022 1.6507276e-05 0.75746036 7.232385e-08 0.96803856 0.863185 1.7085952e-07 0.006762777 8.959287e-06 0.0006078408 0.05467621 0.33941725 0.0009903309 0.015625216 1.5623822e-06 0.01900187 0.000120658675 0.034203123 4.4652334e-06 1.8745286e-07 0.80107176 2.7430613e-05 0.17481956 0.054346982 5.8422866e-06 9.401294e-06 1.6806082e-07 0.2136113 0.0044585383 1.9755226e-09 6.9724383e-06 1.3446162e-05 0.0107320715 0.042615626 2.801397e-05 0.06427126 0.0013563794 5.606892e-05 6.894799e-05 9.748939e-08 0.0029322268 0.026319742 0.0057815807 4.5561322e-07 1.198054e-07 0.00063923193 3.914681e-09 0.0061575514 6.780507e-06 0.0002494081 5.603213e-09 8.2700427e-07 1.1528513e-08 1.165489e-08 0.00016419144 0.3926631 0.00015691435 1.3014592e-07 0.086281136 0.0021094133 0.0022541417 0.0039095464 8.649606e-09 0.0007217678 0.0006431497 0.014227592 0.0002911566 1.2504182e-08 0.00064824685 2.6301748e-08 5.3908093e-07 0.0012672518 3.5612866e-05 0.0018113618 9.150176e-05 5.237286e-08 5.4136244e-08 2.4584797e-05 9.20056e-05 9.956283e-05 0.00033571385
0.46837872 0.018663283 0.5507696 0.7767753 0.007444193 0.86327845 0.23396201 0.3897451 0.0006471412 0.99548286 0.0008289153 0.00012762765 0.0009809626 0.023344088 0.009458613 7.6993086e-14 0.031387143 1.0570437e-06 2.4044932e-06 2.4975094e-07 0.0017781284 0.0003943978 0.017593723 1.0342237e-08 0.0010702981 9.3861054e-05 9.53351e-06 0.7925215 6.233139e-07 0.0018626171 6.9819594e-06 0.00014540272 0.07099455 0.8944177 3.1786734e-05 6.021533e-05 0.00050342776 1.997377e-05 6.020855e-05 1.8336634e-07 0.0025514823 0.00023783509 0.0003672768 4.6081223e-06 8.587208e-05 0.00048250126 3.2427597e-06 0.0071688383 1.4822668e-06 5.9415166e-09 1.7673801e-07 0.0002599084 8.246687e-06 0.0002929338 0.0017822252 5.2113413e-05 2.0558464e-06 0.0057967966 6.6110233e-06 7.038605e-08 0.1260559 0.9932192 2.9745152e-06 1.9641266e-06 3.2390246e-05 1.759289e-06 3.9402497e-08 4.860836e-05 0.0028953247 0.013258843 1.0770626e-08 4.5185615e-08 6.366568e-08 1.8813073e-07 1.8836295e-06 0.00024022312 0.0024176645 4.0466134e-06 1.3215737e-05 1.2191278e-05 7.763617e-07 2.7266726e-06 4.2407006e-08 7.715164e-08 1.3680551e-05 0.024445934 1.4395259e-06 3.6887988e-07 1.6514259e-06 1.6133478e-06 1.5938713e-05 1.4646775e-05 5.087097e-07 1.7206925e-05 1.2088919e-05 4.0887087e-07 2.8963132e-07 2.9925854e-08 1.1383809e-06 7.4444442e-06 0.000101487516
0.9770419 0.93236214 0.6275645 0.3370277 0.73471606 0.09715361 0.45310906 0.057244703 0.10622613 0.19153626 0.43729717 0.013991401 0.076154254 0.0025838602 0.0015059669 0.031387143 2.2571666e-14 0.000425184 0.0005546931 3.3590952e-06 0.85094 0.107778035 0.0149119245 3.549734e-07 8.053172e-06 2.4778763e-06 0.03396502 0.7276095 0.005559151 0.9539227 7.4288585e-07 5.3096296e-06 0.97400403 0.037406843 0.09911224 1.2496172e-06 0.56754243 6.682346e-06 0.1778272 1.8838584e-07 2.5238098e-06 0.32225305 0.0021230197 8.09313e-06 0.26356876 0.1943998 0.030121846 2.905555e-06 4.434012e-07 1.8782103e-08 5.809398e-07 0.099543676 1.8753861e-06 0.00042991806 0.036550503 0.00020097729 1.840837e-05 0.048706714 0.0015466677 1.8158352e-07 0.19312707 0.0017237705 1.2055308e-06 6.0811376e-06 0.0075427787 3.4949306e-05 1.6720353e-08 5.2605383e-06 0.0025253545 4.6257054e-07 2.5374585e-09 6.48603e-06 4.0544087e-08 3.3180864e-08 1.6749361e-07 1.9292501e-07 1.8153762e-07 0.00018008187 1.096987e-06 6.2789445e-06 1.0942723e-06 6.239556e-09 8.456171e-09 5.2483085e-07 8.422967e-06 1.7136646e-06 1.2075756e-06 6.921404e-10 1.1615338e-05 4.5678412e-08 1.6078995e-06 7.680588e-06 8.169224e-08 4.0360032e-06 2.2471497e-06 1.6451611e-07 8.527957e-09 4.768858e-08 1.214948e-07 1.6712623e-06 4.9165436e-07
0.9580636 0.024983447 0.0019910801 0.00037532105 0.023683945 7.13359e-05 0.015837712 0.0007487068 0.2963951 0.00011234019 0.04098611 0.9378705 0.5307754 0.000122025216 0.00022875867 1.0570437e-06 0.000425184 1.4154048e-12 0.9814543 0.9375134 0.003908693 0.034659762 0.021803036 0.7590385 5.396835e-06 3.255781e-06 0.120587476 8.604924e-05 0.34512323 0.00038503404 1.8480761e-06 6.780263e-07 2.343248e-05 9.804252e-07 0.006165655 7.248698e-07 0.00014898462 0.00013681538 0.0011716023 0.86486715 6.0520656e-06 7.854721e-05 0.0014767656 0.00012937086 0.0004033064 0.00016245522 0.0031193513 5.002157e-07 2.0197162e-06 0.39665368 0.61954916 7.414074e-05 6.877409e-07 0.0028061476 4.700672e-06 0.0012128935 0.72111106 2.039307e-06 0.008357975 0.51443857 2.1017213e-06 1.9278057e-06 7.2156545e-05 0.0014340404 2.4037504e-06 0.0075041847 0.06820395 1.1447164e-05 3.82857e-07 3.8182712e-08 0.16687989 0.00036648917 0.0025018053 0.008211162 2.7217027e-06 4.9757773e-08 2.6126948e-08 5.2127132e-05 3.3494794e-06 0.00013464248 6.2992164e-08 4.035106e-08 0.0037024145 1.05694135e-05 0.0018980354 3.4237305e-06 0.00014870625 0.0016418603 0.00013602307 0.00015392735 0.0034964196 0.00019525921 5.127746e-08 1.196765e-05 2.0409763e-08 0.00029391266 0.0018916664 2.3760879e-06 7.3027046e-08 1.1806143e-05 1.1568554e-07
0.9878974 0.016879732 0.0012235196 0.0005973929 0.023650885 0.00019777294 0.00862393 0.0008197707 0.19718072 0.00021213753 0.025640953 0.9266688 0.61369246 0.00012818351 0.0003416459 2.4044932e-06 0.0005546931 0.9814543 1.02295214e-13 0.8848462 0.0047409344 0.028564865 0.07670253 0.79827625 9.0402655e-06 2.1517972e-05 0.09983559 7.146023e-05 0.34825918 8.587004e-05 1.1510031e-05 7.4579566e-07 1.9827368e-05 2.6149285e-08 0.0113085 3.6711288e-07 3.8383023e-05 0.00050322874 0.0004086898 0.6140528 6.3219777e-06 3.5175948e-05 0.0040234984 0.0005090169 0.0003485401 3.7730515e-05 0.00622721 1.125654e-06 8.913301e-06 0.1940992 0.4238082 3.1530617e-05 1.0689031e-06 0.0126931835 1.0196763e-06 0.0016543188 0.8676075 7.644234e-06 0.0030246493 0.32286564 7.007638e-07 2.8100865e-06 0.000650159 0.0012889563 2.3752475e-06 0.11238204 0.04345283 1.4911618e-05 4.3209027e-08 2.344816e-08 0.060301676 7.4616924e-05 0.0012928471 0.0061084772 1.7912602e-05 2.400203e-07 1.3906362e-08 5.1537667e-05 9.086855e-06 0.000751901 4.778482e-08 3.2753772e-07 0.0016115702 0.00013345793 0.021974884 1.7860556e-07 0.0008797876 0.0006156046 0.003024296 0.000110934125 0.0017436623 0.001975103 1.0165349e-07 0.00030173056 2.497196e-08 0.00020453332 0.0015688129 2.1193782e-05 8.170673e-08 0.0002450202 1.0349938e-07
0.9819344 0.0010961279 3.700762e-05 6.6419e-06 0.0012326567 1.4708496e-06 0.000254788 1.2596313e-05 0.082159534 1.6963814e-06 0.0023122684 0.49377835 0.29032907 1.5379263e-06 3.3352376e-06 2.4975094e-07 3.3590952e-06 0.9375134 0.8848462 4.8736973e-11 0.00027297327 0.007007616 0.0056207445 0.95931476 2.4995444e-07 8.0122724e-08 0.03138166 1.2187512e-05 0.23440981 4.2209995e-06 3.646298e-08 1.7852145e-07 3.5532562e-07 8.205751e-08 0.0009226903 8.256161e-08 4.4937146e-06 2.8424952e-06 3.121461e-05 0.92859924 1.2727359e-06 1.4606699e-05 0.0005428046 1.5185696e-05 4.1138777e-05 1.9320896e-05 0.0017681736 5.5169596e-07 1.8305639e-07 0.82961804 0.59614784 1.5655016e-05 9.504107e-08 0.001331021 1.0311235e-06 0.0005248044 0.35425803 4.2875154e-06 0.0021910802 0.7235067 6.1961913e-07 2.7058868e-06 2.6849295e-06 0.000526613 4.069012e-06 0.010728582 0.32500204 4.868156e-07 3.8170788e-07 2.5632056e-07 0.82217085 0.0001344727 0.0041576815 0.026295157 4.481652e-07 1.8248954e-07 3.9212125e-07 2.3483286e-05 8.418426e-07 3.1525382e-05 4.293229e-07 2.9918148e-08 0.014357428 8.258138e-06 0.0013516856 4.1585062e-07 0.0001325218 0.0411157 5.1178024e-05 6.875645e-05 0.034083456 0.000462112 8.577586e-08 3.853086e-05 2.4227213e-06 0.0005502468 0.12784658 4.3950774e-07 5.9188474e-06 6.385964e-05 5.5902838e-06
0.9287236 0.7766386 0.081313595 0.028344499 0.8343631 0.0061633415 0.07407436 0.0077532516 0.2196864 0.008820711 0.9352477 0.04476868 0.103124365 0.0007133875 0.0008897022 0.0017781284 0.85094 0.003908693 0.0047409344 0.00027297327 4.2427914e-14 0.93343127 0.0053172717 2.9639457e-05 3.7627527e-05 4.3275595e-06 0.5082186 0.12041576 0.08801287 0.93712026 2.761691e-06 1.4215147e-05 0.32287776 0.00027879394 0.7627779 3.401178e-06 0.5330638 4.5629982e-05 0.94048774 2.4614144e-05 3.6346257e-06 0.40837166 0.0017130193 1.8792774e-05 0.7482441 0.47041243 0.38513598 3.6595816e-06 2.741203e-06 2.2772365e-06 0.00016300989 0.24954188 2.0480436e-05 0.0006515013 0.029366424 0.0002044487 0.0003252603 0.015156796 0.031779245 2.0306856e-05 0.0053717317 0.0008257332 3.6974354e-05 0.0010548116 0.025269074 0.00021972434 1.7833656e-06 0.00014131433 0.00034146023 4.0215735e-07 4.126168e-07 0.00046936347 2.5834483e-06 4.8410566e-06 1.6677779e-05 2.1376167e-07 2.234719e-07 0.005369104 1.4580839e-05 4.0165185e-05 3.0290425e-06 1.2861134e-08 2.3393716e-07 3.4249258e-06 0.000118857504 4.828069e-06 3.9066463e-06 2.7519027e-08 1.2240651e-05 4.2447497e-05 2.1455431e-05 3.2460106e-05 6.2276818e-06 1.3221536e-05 1.0798886e-05 4.7075e-06 4.6181963e-08 2.6357102e-07 1.1168759e-06 3.0469811e-05 1.0761371e-05
0.8936702 0.4206396 0.009624485 0.006479273 0.70760846 0.0009766221 0.03512707 0.0025355963 0.28782934 0.0004045967 0.97283375 0.16771077 0.1820341 1.5486861e-05 1.6507276e-05 0.0003943978 0.107778035 0.034659762 0.028564865 0.007007616 0.93343127 2.6301266e-14 0.009730582 0.002615587 3.2347634e-06 8.7613944e-07 0.97576326 0.010934828 0.30974066 0.27979237 5.68671e-07 1.1145308e-06 0.010336766 3.322141e-05 0.9016618 7.3352766e-07 0.040623322 6.9526573e-06 0.6378487 0.0004194411 1.3009065e-06 0.02879281 0.0018334643 4.807246e-06 0.20881993 0.05633082 0.5025538 5.3635613e-06 5.520559e-07 4.365398e-05 0.0030318156 0.051767237 2.730266e-06 0.0008803143 0.0036690817 0.00033829428 0.0010061676 0.002622231 0.35871366 0.00074615923 2.103824e-05 4.280074e-05 6.358535e-06 0.018516654 0.016491568 0.0007292423 4.574841e-05 3.9076207e-05 8.469368e-05 1.1432621e-07 1.2031632e-05 0.004390248 0.00016679775 3.678275e-05 2.3742034e-06 4.2553015e-08 8.136305e-08 0.024590706 2.2139584e-05 7.003656e-05 2.0308355e-06 2.0711052e-08 5.092774e-06 2.806594e-06 0.00017906992 8.688563e-07 1.182548e-05 1.220409e-06 6.0417977e-05 0.0012617606 0.00020276211 5.6603603e-05 1.5697414e-07 3.2312902e-05 1.7494587e-05 7.0067435e-05 1.0871491e-06 1.1568412e-07 4.792207e-07 2.719338e-05 1.7790375e-06
0.99991477 0.106910184 0.10273891 0.0901971 0.06423466 0.0828866 0.88822514 0.8295351 0.2509597 0.027044563 0.018138796 0.5457758 0.86253387 0.7747552 0.75746036 0.017593723 0.0149119245 0.021803036 0.07670253 0.0056207445 0.0053172717 0.009730582 2.5492477e-12 0.00061578274 0.0698416 0.77309304 0.009001253 0.011727615 0.019128382 0.005874588 0.5835484 0.018810986 0.0022378736 0.009039586 0.002493861 0.018240144 0.0022383688 0.7242289 0.00090219075 0.0031306911 0.24750273 0.0004768704 0.56651527 0.29196694 0.0029607154 0.00065225444 0.0013260398 0.009009102 0.12971337 0.00044008114 0.0021101767 0.0014071588 0.020771272 0.20994751 0.0006486819 0.0681026 0.07319591 0.00023322627 0.0021490983 0.0007456246 0.0018397172 0.004443069 0.11765112 0.0001442071 0.00013129966 0.0023840382 0.00012008081 0.0034128348 8.2242055e-05 4.1695737e-05 9.325246e-05 4.653399e-05 4.6441153e-05 0.00012040396 0.0005664116 0.020174231 2.5798256e-05 0.00090961636 0.039945565 0.034562528 0.0048585935 0.00076433195 0.0002688276 0.000920357 0.00034282167 0.0015297197 7.174416e-05 4.62034e-07 0.0011843947 6.0584203e-05 8.750326e-06 0.000268168 8.599608e-05 0.00019718328 0.00021753284 0.00012964751 3.8783026e-05 0.00013713371 0.00023962706 3.4981484e-05 0.0004042286
0.9617257 0.0004336674 4.8872357e-06 4.2774624e-07 0.00039771144 4.0005293e-08 3.8911057e-05 1.4966589e-06 0.007383867 1.0243728e-07 0.0005659437 0.21640047 0.23095815 2.0691704e-08 7.232385e-08 1.0342237e-08 3.549734e-07 0.7590385 0.79827625 0.95931476 2.9639457e-05 0.002615587 0.00061578274 5.995831e-13 6.8787007e-09 2.144197e-09 0.0115765575 5.017202e-07 0.14060825 4.2750233e-07 7.6276874e-10 4.065837e-09 1.01510835e-08 5.0016844e-09 0.00039972347 4.3803814e-09 3.6661015e-07 6.664984e-08 4.0014033e-06 0.95985 1.3043948e-08 5.6373614e-07 7.161434e-05 9.1179665e-08 6.8502145e-06 1.6303926e-06 0.00055796583 4.6844224e-08 3.765265e-09 0.85966355 0.5286542 1.1371461e-06 2.9772518e-09 0.0002673947 5.3680975e-07 0.00015020453 0.22998577 8.921443e-07 0.0016875186 0.7003868 9.702651e-07 2.1251242e-07 9.7784705e-09 0.00037606127 2.2040938e-06 0.006285772 0.36360693 4.1478314e-09 1.6208033e-07 4.178468e-08 0.96328616 8.463877e-05 0.0043167197 0.030526102 1.7250983e-08 1.9676671e-09 6.472837e-08 1.6394726e-05 3.3220886e-08 1.9941117e-06 7.752112e-09 3.4757048e-09 0.00813731 9.354154e-08 0.00072331366 3.1895123e-08 4.229084e-05 0.11164786 3.6201523e-06 5.3432293e-05 0.3618781 6.518714e-05 1.0632721e-09 2.9247071e-06 1.0070344e-07 0.00060475105 0.12671332 5.9796252e-09 7.2293676e-07 2.1991973e-06 3.1481787e-07
0.9048692 7.2430455e-05 0.00046777088 0.0017670476 2.406994e-06 0.0093596345 0.015270036 0.05574704 0.00025411724 0.00017692597 8.6588426e-07 0.00034765492 0.0028557647 0.8803517 0.96803856 0.0010702981 8.053172e-06 5.396835e-06 9.0402655e-06 2.4995444e-07 3.7627527e-05 3.2347634e-06 0.0698416 6.8787007e-09 1.203965e-13 0.90777105 9.563423e-08 0.00038039061 4.5267544e-07 4.1969756e-06 0.11264052 0.97669554 0.00012398796 0.0008512983 4.1279944e-07 0.1785902 3.1356349e-06 0.014812116 7.715191e-07 2.3557664e-07 0.9341236 3.5333485e-06 0.049312178 0.0041997945 8.017144e-07 1.5658592e-06 2.9508058e-07 0.25102153 0.005366271 9.8065795e-09 1.35307e-07 7.3337657e-07 0.03180947 0.0075604594 1.4541465e-06 0.01071651 0.00013727843 4.3262803e-06 4.460888e-06 1.6423838e-08 3.5554123e-05 0.0006124694 0.0005828555 1.6486338e-05 3.8444014e-07 9.508871e-05 3.9696036e-07 0.002954513 9.937576e-07 2.500641e-05 5.1857e-07 2.6753406e-07 4.0701917e-08 1.4825602e-07 9.021805e-05 0.67946154 2.4111076e-05 3.6258668e-06 0.43522376 0.00040594794 0.0005431992 0.01845735 7.966343e-08 0.00013451632 0.00026894684 0.0053565 1.658708e-05 1.3589533e-06 1.5052095e-05 1.9096135e-06 1.7460093e-06 2.6049564e-05 3.5760727e-06 1.8821078e-05 0.00021620278 8.149537e-08 5.670517e-07 6.3105716e-07 0.0010851066 9.253382e-07 0.0014545001
0.93895257 3.0240537e-05 2.960152e-05 0.00044158645 1.8890946e-06 0.0023433843 0.00828366 0.037130922 0.00083621836 6.570035e-05 7.2879305e-07 0.0010624011 0.011577187 0.20042379 0.863185 9.3861054e-05 2.4778763e-06 3.255781e-06 2.1517972e-05 8.0122724e-08 4.3275595e-06 8.7613944e-07 0.77309304 2.144197e-09 0.90777105 1.1735376e-15 1.269834e-07 8.12922e-05 1.1749601e-05 1.5172876e-06 0.9658386 0.94643784 4.2262554e-06 0.00023328408 6.6105974e-07 0.93438756 1.2377235e-06 0.52119595 4.5003168e-07 1.2874172e-07 0.76741475 6.067313e-07 0.17521197 0.2462607 1.3225174e-06 4.0585886e-07 1.4309106e-07 0.061435953 0.06980524 2.4879478e-09 1.0471747e-06 4.557616e-06 0.24797577 0.022282425 1.7157381e-06 0.058422137 0.00038071143 1.6388815e-07 5.479479e-05 6.547388e-08 1.119138e-05 0.0004064153 0.0026333577 8.648556e-06 1.7476336e-06 0.00012598097 2.5409845e-09 0.006555446 9.289723e-07 1.2418778e-05 1.571355e-08 1.7569299e-06 4.4976673e-08 6.7772156e-08 6.110959e-05 0.33144763 1.3866731e-05 5.223113e-05 0.5790124 0.00058221444 0.022422804 0.027230687 5.9904814e-09 0.00024140377 0.000104497 0.003843555 1.41257115e-05 8.236689e-08 0.00012486272 1.5315054e-06 5.805477e-07 0.00019449872 3.4738663e-05 0.0004529193 0.00038399166 1.360865e-06 5.888237e-08 6.4137616e-06 0.0004880217 2.8752462e-05 0.0012078215
0.94270074 0.3060571 0.0015931169 0.0006181139 0.6377154 0.00045037994 0.01484736 0.00051401363 0.6124816 4.8938888e-05 0.62856555 0.45408136 0.41555914 1.5008476e-07 1.7085952e-07 9.53351e-06 0.03396502 0.120587476 0.09983559 0.03138166 0.5082186 0.97576326 0.009001253 0.0115765575 9.563423e-08 1.269834e-07 4.1628517e-16 4.085119e-05 0.62798655 0.008469719 3.1443173e-07 5.5787638e-08 0.00019588534 1.6577528e-07 0.9751901 1.2396744e-07 0.0013526521 6.741478e-06 0.6274236 0.0009544897 1.5936965e-07 0.0029803645 0.0008403234 8.099959e-07 0.068271145 0.008322694 0.96039397 9.1586963e-07 1.9953795e-07 0.00025098046 0.0018483354 0.008740999 4.8034815e-07 0.00021590073 0.00027972527 0.0001033998 0.0010147126 0.00017262554 0.4657208 0.0003040237 8.431314e-07 2.9458586e-06 2.5855732e-06 0.008259773 0.024455862 0.0009032898 2.3327084e-05 4.6325154e-06 2.9325036e-05 8.984874e-09 2.5285103e-06 0.01054767 0.00023490397 2.4990437e-05 2.1498893e-07 5.936966e-08 1.5675056e-08 0.09776129 3.4409684e-06 1.669936e-05 9.1910216e-08 1.2345033e-07 5.111254e-06 2.056471e-07 0.00011084233 1.257695e-07 2.092188e-06 5.399056e-07 6.5151175e-06 0.00078143436 0.00022336147 6.995917e-06 3.2729872e-08 1.2218276e-06 2.8852128e-06 5.8547164e-05 1.3682116e-07 3.9614775e-08 1.7670911e-06 1.6216204e-06 3.4612665e-07
0.87790984 0.2443609 0.7854727 0.6887436 0.21831226 0.69794524 0.43874434 0.23132378 0.006522507 0.8255772 0.07250187 0.00050276535 0.0029046354 0.015880989 0.006762777 0.7925215 0.7276095 8.604924e-05 7.146023e-05 1.2187512e-05 0.12041576 0.010934828 0.011727615 5.017202e-07 0.00038039061 8.12922e-05 4.085119e-05 1.186927e-15 6.858706e-06 0.03849791 5.71194e-05 3.5781125e-06 0.88016653 0.9986978 4.985693e-05 1.7999242e-06 0.012419738 5.7431454e-05 0.0005754023 1.0609714e-06 5.913141e-05 0.008404252 0.0015266904 1.944478e-05 0.0011958968 0.0025183943 2.8297504e-06 0.00012732628 3.0612223e-06 1.0144256e-07 9.946056e-08 0.0106739625 2.9544299e-05 0.0005212428 0.013108635 0.00043749067 0.00032438675 0.107592665 7.29002e-06 3.9431166e-07 0.9577598 0.033279255 3.0962321e-06 2.8377838e-07 7.355599e-05 0.00031217246 6.968529e-08 1.9974206e-05 0.18993752 9.5241785e-06 3.1337613e-09 3.6781568e-08 1.26102835e-08 2.2890264e-08 6.577968e-08 9.2862956e-07 2.9114271e-06 1.8004883e-05 1.6111837e-05 0.00013824512 1.7149865e-05 3.6660387e-07 4.034883e-08 2.2224124e-06 0.0004101501 4.031812e-05 1.1479436e-05 1.3601746e-08 1.005338e-05 5.1002223e-07 0.00072689436 0.00027753809 5.3812883e-08 0.00012403101 5.2838227e-06 1.4233161e-07 6.3609605e-08 7.8572435e-07 3.3460183e-06 1.839117e-05 8.380929e-05
0.9814809 0.2710201 0.0047124033 0.0011089457 0.5414994 0.00027797333 0.050179195 0.002583396 0.92165905 4.1859807e-05 0.3222344 0.7684184 0.75743544 3.1251354e-06 8.959287e-06 6.233139e-07 0.005559151 0.34512323 0.34825918 0.23440981 0.08801287 0.30974066 0.019128382 0.14060825 4.5267544e-07 1.1749601e-05 0.62798655 6.858706e-06 7.8156e-15 0.0010456389 1.7076945e-05 2.0409891e-07 6.5901346e-05 2.5760727e-08 0.17520557 2.7328804e-07 0.00013885876 0.00020141054 0.024627918 0.016645277 5.057831e-07 0.00010617507 0.0064487406 0.00019962867 0.0031742887 0.0014405507 0.54521996 9.25996e-07 8.9394473e-07 0.012449574 0.48049477 0.00092906994 7.64162e-07 0.0026720683 0.00012443538 0.0017315474 0.0042236187 1.5908843e-05 0.9898401 0.015000079 1.323547e-06 6.699949e-07 9.731133e-06 0.61104244 0.0019921646 0.005220001 0.0012460961 0.00014225951 1.8016992e-05 3.8746663e-08 0.00011760134 0.049828224 0.029866023 0.00270065 0.00020154082 1.4061351e-06 7.74511e-08 0.4484894 0.00010404959 0.0010916364 5.173593e-07 3.7181525e-07 5.7690784e-05 4.412347e-05 0.0007895045 1.3324134e-06 0.00021074295 1.5914746e-05 0.00025157596 0.02570368 0.0014997367 0.0033951618 4.5492634e-05 0.0035753173 7.869956e-05 0.0005965415 9.226001e-06 1.1007496e-05 1.1296808e-05 0.00057704566 1.1145047e-05
0.9148411 0.7365025 0.3467345 0.11229304 0.6344322 0.041096326 0.22937994 0.019725606 0.07768289 0.012862989 0.3588315 0.0066490625 0.024447206 0.0004563721 0.0006078408 0.0018626171 0.9539227 0.00038503404 8.587004e-05 4.2209995e-06 0.93712026 0.27979237 0.005874588 4.2750233e-07 4.1969756e-06 1.5172876e-06 0.008469719 0.03849791 0.0010456389 2.8562786e-13 6.9552004e-07 2.3431285e-06 0.92281663 0.00037633703 0.027782515 1.2362359e-06 0.992473 8.888505e-06 0.48716486 1.6547966e-06 1.1068482e-06 0.51643944 0.00070182123 9.924255e-06 0.60601294 0.50387967 0.0021741327 6.417001e-07 4.2465348e-07 2.8447067e-07 1.3675516e-07 0.4417974 2.8277918e-06 0.0005743228 0.13902432 0.00022691308 5.168336e-05 0.08260778 0.00013543695 1.3125815e-07 0.012713312 6.980192e-05 2.5940817e-06 1.2482118e-06 0.009842795 9.677469e-05 1.8620556e-08 1.3371379e-05 0.0006195415 2.283288e-08 7.392533e-09 4.1166132e-07 4.2775476e-09 3.0202592e-08 6.279648e-07 8.2800807e-07 6.329047e-08 0.00033891413 8.564646e-06 1.16228075e-05 1.0525512e-06 5.2202347e-07 1.23652e-08 2.3558846e-06 5.0828832e-05 1.6618533e-06 2.903901e-06 1.2902731e-08 6.5223294e-06 6.952438e-08 2.55075e-05 5.776736e-05 4.3498142e-07 2.3072536e-05 3.2871012e-06 9.049961e-08 6.6005748e-09 6.816263e-08 1.2517833e-06 4.2479223e-06 4.0110467e-06
0.98682827 8.661456e-06 2.9748612e-06 5.1837622e-05 9.895822e-07 0.00027331608 0.0015719617 0.003940348 0.00030372926 5.460712e-06 6.3327093e-07 0.00052363955 0.005574353 0.009526959 0.05467621 6.9819594e-06 7.4288585e-07 1.8480761e-06 1.1510031e-05 3.646298e-08 2.761691e-06 5.68671e-07 0.5835484 7.6276874e-10 0.11264052 0.9658386 3.1443173e-07 5.71194e-05 1.7076945e-05 6.9552004e-07 9.578711e-14 0.694673 9.2913183e-07 2.1926224e-05 4.857722e-07 0.9136166 4.399099e-07 0.9155956 7.107323e-07 6.789817e-08 0.4078233 2.4852162e-07 0.47392002 0.52067125 1.418678e-06 1.1904467e-06 7.632574e-07 0.010691031 0.6798684 3.326944e-09 8.561784e-07 3.659243e-06 0.6131335 0.055339184 2.2782986e-06 0.20850965 0.0006272858 9.337683e-08 0.0003374757 3.100871e-08 3.5980036e-06 0.00011573736 0.08313224 5.6474805e-06 4.2670135e-06 0.00049006776 7.140953e-09 0.1404856 2.0557337e-07 8.2952795e-07 2.974183e-08 6.1038065e-07 3.0746516e-08 1.5466926e-08 0.001128742 0.22315006 1.1387349e-06 1.9696294e-05 0.69710714 0.0043297084 0.14029063 0.016535452 1.5861977e-08 0.0010036951 0.00060024404 0.00057215715 0.00018644953 1.2672125e-07 0.0004475615 5.076348e-07 3.4634826e-07 0.000807051 0.00018901074 0.0016798271 0.0032886488 5.644904e-07 1.0735314e-07 0.00018828645 0.0009379766 0.0002105979 0.0008844266
