5.967658e-14 0.96515435 0.9954309 0.7606056 0.9494526 0.14385453 0.08274107 0.6788575 0.97140044 0.8577271 0.99229765 0.9712849 0.9710997 0.94722885 0.014955783 0.90443635 0.9624931 0.93770295 0.5572758 0.104631096 0.98592156 0.9523944 0.45858118 0.010720384 0.9813885 0.9405924 0.99500096 0.0732255 0.9283028 0.98444283 0.9333804 0.8763396 0.917722 0.9398293 0.8537848 0.71099114 0.9311282 0.95472205 0.9945164 0.9665264 0.47041702 0.953955 0.67526186 0.9999245 0.60365725 0.93079674 0.60542846 0.5436447 0.99899375 0.85725254 0.6433716 0.72037894 0.3189368 0.7202105 0.88938403 0.0015480386 0.9690042 0.24039741 0.7108553 0.367036 0.65443957 0.1361623 0.007626878 0.5526712 0.06822243 0.8963391 0.79865 0.2931154 0.7717164 0.99534345 0.027425377 0.015156789 0.9758569 0.90101624 0.0049934047 0.0040017073 0.9998471 0.00021000444 1.6112926e-05 0.0025130622 0.8220265 0.9893454 0.9356972 0.95923823 0.011783282 0.66825414 0.7281997 0.35139593 0.32546723 0.9596379 0.07947109 0.007453514 0.99135387 0.08855454 0.124899216 0.0011678825 0.74255925 0.060535133 0.6424908 0.00019526666 0.0044274544
0.96515435 1.0783913e-14 0.9633646 0.21594809 0.8380968 0.11390872 0.6181316 0.9989069 0.006565857 0.0037724578 0.0029454893 0.016174773 0.0012141747 0.0077918894 0.19406196 0.04677205 0.0007933826 0.001075978 0.4200432 0.0013232391 0.70877755 0.020399814 0.06390281 0.00038168443 0.0006548644 0.00030384806 0.030147605 0.00031223797 7.9308675e-06 0.004273699 7.4925825e-05 1.0973145e-06 6.5072372e-06 1.777941e-05 9.1786496e-05 0.00019208211 0.0005869867 0.04235891 0.095183656 5.882252e-05 5.3831754e-05 6.286359e-05 0.00021884957 0.37379816 0.00071372295 0.0012483554 5.385879e-06 1.2770497e-06 0.00055883627 1.1839558e-06 1.7888045e-06 0.00015597977 4.6763926e-06 1.0355216e-06 0.24924417 0.0010401022 0.00032151135 7.0400624e-06 1.2202725e-05 6.9079295e-05 2.4527947e-06 4.9455096e-08 0.00044283285 0.00016301735 1.0283352e-05 1.8476653e-06 1.2556051e-05 2.451615e-07 0.0014729587 0.015220662 1.5510333e-05 0.00014623767 0.01160899 0.00033640707 2.976222e-07 1.7853381e-06 0.0010778 4.2033145e-05 1.4368165e-07 2.0591066e-05 0.0018309944 0.0028254052 0.00023001236 4.79138e-07 3.549203e-05 0.00025447863 9.404146e-06 3.329192e-05 0.00028795475 6.781137e-05 0.000416827 2.1854944e-06 7.4026924e-05 2.8937433e-05 3.972031e-05 7.154013e-07 1.6032952e-06 0.0005172883 1.2836822e-08 3.724548e-05 0.00028426986
0.9954309 0.9633646 2.161416e-11 0.83805823 0.50532514 0.06812347 0.026905641 0.59081197 0.25303265 0.07566268 0.7218484 0.75233746 0.2509082 0.85888547 0.003276657 0.8330672 0.13962153 0.056016773 0.40992594 0.0011633543 0.74657035 0.0038967435 0.24749386 0.00016094952 0.32009837 0.07180667 0.586788 0.001125915 0.024032854 0.5079318 0.024282862 0.007441294 0.00079121214 0.003058096 0.021609219 0.0014417464 0.20862637 0.41293785 0.052759085 0.16374391 0.0064726495 0.04287484 0.011250364 0.54947925 0.02493415 0.057341218 0.0005298332 0.0004627228 0.050915413 0.0077028004 0.008192932 0.015426007 0.0016456705 0.0013887007 0.5198059 9.856931e-05 0.005717044 0.0006402505 0.00064978836 0.024804479 0.0014943691 0.0004110778 0.0007717451 0.0043076267 0.000104659855 0.00013942442 7.94096e-05 2.573675e-05 0.07029634 0.0062011993 3.6012974e-05 0.00047816415 0.0030794926 0.00022276625 7.365345e-06 0.00030519877 0.0010495717 1.3828671e-05 4.8871425e-06 0.00012579333 0.00037613086 0.0004497715 0.00015069223 1.6221308e-06 0.00013984722 0.0002303291 3.3636137e-05 4.315124e-05 6.607693e-05 9.1426125e-05 0.0001272521 2.068204e-06 6.75604e-05 5.934954e-07 2.0717287e-05 3.8739145e-07 1.0306004e-06 1.1672661e-05 7.675238e-09 1.6676966e-05 6.4079865e-07
0.7606056 0.21594809 0.83805823 3.5625151e-13 0.9932647 0.99968386 0.21797077 0.0007644412 0.006415322 0.39064768 1.8269886e-05 0.041222475 0.00030318665 3.9311653e-05 0.111837976 0.00020124714 0.0006984597 0.00023814011 0.00033023625 0.026473612 0.73775357 0.3265121 9.160758e-05 0.0038943659 1.559225e-06 1.2666173e-06 0.04435896 0.0056147417 3.1453833e-06 8.080444e-06 0.0011031011 2.6574313e-07 8.523112e-07 0.000112641 7.4436525e-07 0.0010493421 8.3325693e-07 1.1963552e-05 0.40364406 2.7865195e-08 4.439582e-08 1.787609e-08 1.0914373e-08 0.49796757 3.850234e-06 0.012894154 2.0449784e-06 2.634258e-07 0.008644487 1.2143586e-07 8.8924565e-08 6.7590037e-07 4.050482e-08 3.834281e-09 0.00011772308 0.00077634654 0.0011173278 2.5393144e-08 1.2281492e-09 2.6964226e-08 9.839175e-10 4.7017815e-07 1.2250233e-06 2.9081026e-08 4.5489247e-07 1.4596219e-06 1.1128877e-06 5.967992e-09 1.2504357e-05 0.03162762 1.0363441e-05 4.1104536e-07 0.004040261 0.00032878475 2.5044403e-07 5.7320566e-08 0.0004595172 7.4263485e-06 1.7981233e-09 7.902494e-08 0.0026940852 0.00075314974 0.0001227663 4.271386e-08 4.826133e-07 0.00038065753 6.5787026e-06 3.3634564e-07 0.00025222122 1.8024655e-05 8.350867e-05 6.950088e-07 6.883788e-05 1.6248909e-05 7.414544e-06 1.03847604e-07 4.700838e-06 4.300402e-06 7.662494e-10 8.549791e-05 0.00013858767
0.9494526 0.8380968 0.50532514 0.9932647 5.350634e-12 0.2502159 0.05604059 0.069326825 0.0007115064 0.90134794 0.0034845886 0.010864124 0.000550236 0.009224493 0.05175886 0.008698568 0.00044367998 0.00044170776 0.014273155 0.07534213 0.98725694 0.02465074 0.0017033834 0.007825971 0.0009921676 0.00032676166 0.07399163 0.035754148 7.774753e-05 0.0015387671 0.0004299381 7.151722e-05 1.1982393e-05 0.00021007934 0.00020152179 0.09050478 0.0006410059 0.003832816 0.3968791 0.00024115159 5.3548498e-05 0.00010706345 8.921912e-05 0.79459214 0.0001425587 0.012811534 1.07139385e-05 6.8479935e-06 0.017251594 2.6442276e-05 7.0437396e-05 2.0777377e-05 9.671952e-07 2.3195414e-06 0.014262492 0.00035384737 0.0012167926 1.3200791e-06 1.8955724e-07 2.117486e-06 1.3295453e-07 1.11600975e-05 7.1550953e-06 2.2622024e-05 1.0216703e-05 2.1469023e-05 1.419935e-05 4.9416315e-07 0.00028367704 0.042508174 4.25597e-05 3.0280835e-06 0.012331487 0.00017785134 4.239288e-07 3.827402e-07 0.0008790051 1.0471492e-05 2.8787632e-09 1.945232e-06 0.00067197764 0.0012821818 0.00025050557 4.2929872e-07 1.50436845e-05 0.0010637627 4.7671376e-05 1.3722757e-05 0.0001276979 0.00013338108 0.00019471234 5.166111e-06 0.0001492379 1.1317447e-05 2.4739555e-05 2.2572563e-07 2.1904489e-05 4.7388007e-06 1.1762616e-09 2.8611048e-05 2.25294e-05
0.14385453 0.11390872 0.06812347 0.99968386 0.2502159 1.4169728e-10 0.99826133 0.0014200055 0.00037053178 0.5339146 1.5477692e-05 0.002487971 7.080269e-05 3.3237036e-05 0.75061685 0.00032813163 9.620592e-05 0.00012749177 0.001129269 0.09527972 0.04453373 0.0066857794 0.00032638732 0.024702385 6.6470584e-06 8.0347e-06 0.0019681507 0.01011491 1.29505715e-05 5.3210075e-05 0.00018558525 1.954376e-05 8.232743e-07 6.103626e-05 1.3168433e-05 0.00011236859 2.493737e-05 0.00021688011 0.008441162 1.995196e-06 2.098893e-06 6.8429955e-07 2.7926492e-06 0.016936127 3.5415916e-05 0.00046666426 4.45587e-06 4.2316233e-06 0.0004519812 3.5882204e-06 3.5923704e-06 2.318251e-05 1.3432371e-05 3.842054e-06 0.0004051574 0.0053134826 9.621849e-05 9.343973e-06 4.317328e-06 3.8151156e-06 2.1966851e-07 6.926862e-07 2.632854e-05 7.724327e-07 4.607997e-05 2.0410494e-05 1.0746941e-05 1.3357167e-07 3.184906e-05 0.00031130406 1.3378076e-05 2.9167545e-06 7.208411e-05 0.0001530774 5.604371e-06 1.2236448e-07 0.0001435341 1.5461583e-05 7.158262e-08 2.6462027e-07 0.00020856639 9.693144e-05 4.5988258e-05 5.802142e-06 3.9948813e-05 0.000120447476 4.5532543e-06 4.0401587e-06 7.8992285e-05 4.911436e-07 5.2881303e-05 6.4995843e-06 1.9983438e-06 1.0845821e-06 1.1776388e-05 2.9796496e-07 7.961096e-06 1.3255928e-05 2.1045913e-08 2.7670996e-05 1.2385862e-05
0.08274107 0.6181316 0.026905641 0.21797077 0.05604059 0.99826133 1.6780158e-12 0.0019707822 0.00028665113 0.03704586 5.071079e-05 0.0012827365 0.00016086848 0.00010807278 0.99974483 0.0009241698 0.000110127425 7.6709955e-05 0.0015387855 0.0031636008 0.010373132 0.0014934518 0.00039180933 0.0032422747 5.373022e-06 9.017319e-06 0.00041606207 0.00056391524 8.37007e-06 4.491891e-05 5.7896643e-05 3.2049682e-06 1.2677093e-07 1.6325313e-05 3.2202813e-06 2.835425e-05 5.327565e-06 8.8812485e-05 0.00053129933 6.2413176e-07 9.728651e-07 2.6990017e-07 8.581247e-07 0.0027866221 2.834895e-05 5.283825e-05 4.405092e-06 5.057618e-07 2.6277667e-05 1.3725911e-07 8.096786e-07 6.5762115e-06 1.1014716e-06 5.2290417e-08 0.0004548049 0.00051074073 3.1787933e-06 7.097014e-07 1.17121445e-07 1.6179693e-07 5.4327813e-08 9.224918e-08 2.278804e-05 5.6794465e-07 1.4226695e-06 2.4832758e-07 1.4373715e-07 1.12143e-08 5.119162e-06 8.059395e-06 3.3366564e-06 2.8178395e-06 4.9894816e-06 1.9226545e-05 1.4970722e-07 1.3417186e-07 1.0382557e-06 2.3099453e-06 3.7904777e-09 5.7173928e-08 1.3927844e-05 3.3035278e-06 8.07261e-06 1.7241584e-07 1.4023781e-05 1.3578594e-05 8.8721134e-07 4.667548e-08 5.449485e-06 4.6598427e-07 2.52384e-05 8.411866e-06 1.8967144e-08 8.0942834e-07 7.7292566e-07 4.432018e-08 2.6563774e-07 3.8034017e-07 3.032038e-09 3.8939324e-06 4.1841923e-07
0.6788575 0.9989069 0.59081197 0.0007644412 0.069326825 0.0014200055 0.0019707822 1.0043233e-16 0.0022701796 2.6157755e-05 0.010902059 0.012515936 0.00017712283 0.04257263 0.00021869225 0.37779555 0.00014053778 0.00055206125 0.999309 2.098964e-05 0.053668402 0.0019287271 0.21634422 5.316001e-07 0.0029693483 6.0586688e-05 0.0076405355 4.704347e-05 3.6904548e-06 0.006438595 8.667914e-05 2.769617e-06 2.8801367e-07 1.914644e-05 9.417169e-06 7.029713e-07 0.0007384515 0.015893217 0.006433034 2.9563436e-05 6.9590055e-06 5.552982e-06 2.995748e-05 0.041139185 0.0008206832 0.0005770729 5.8476127e-07 1.1577744e-06 0.00013752832 1.0322343e-06 2.5507694e-05 7.754878e-05 3.4744378e-06 6.9027955e-08 0.078505345 2.6321875e-06 7.6848264e-05 3.7308652e-07 1.3907661e-06 5.0413226e-05 6.8158755e-07 1.8292411e-07 0.00040070267 9.2183705e-05 1.0016463e-06 3.5426524e-07 8.9916466e-07 4.851765e-10 0.0010518704 0.0011981183 5.5577004e-07 1.9437326e-05 0.0008051714 2.9609399e-05 3.252947e-08 1.1837282e-07 0.00023333884 1.2839762e-06 6.638768e-09 3.3087206e-06 0.00029982478 0.0002092292 6.625127e-05 2.1595672e-06 7.297076e-07 9.4717325e-06 3.7970557e-07 1.4855337e-07 1.599873e-05 1.3708506e-06 5.1969782e-05 2.2548703e-07 1.5196822e-07 3.5569485e-07 4.4467413e-07 1.5413768e-08 6.3663346e-09 4.913247e-06 1.3662055e-10 8.610727e-07 4.992073e-07
0.97140044 0.006565857 0.25303265 0.006415322 0.0007115064 0.00037053178 0.00028665113 0.0022701796 7.199997e-12 4.765214e-05 0.49180266 0.97735614 0.9369212 0.22620974 3.7764082e-06 0.025463132 0.9558224 0.8701333 0.00013082531 9.817655e-06 0.020760026 4.352474e-05 0.0006893333 3.0047138e-06 0.18296206 0.6426665 0.898855 2.345419e-05 0.41674367 0.09374391 0.3586301 0.34933785 0.097194664 0.04360461 0.5854262 1.4232272e-06 0.13001524 0.015442353 0.00093700254 0.54220116 0.09860402 0.5730044 0.068658896 0.06430084 0.008316086 0.03327595 0.032707613 0.014478918 0.03547586 0.2832602 0.1530205 0.032924023 0.07598311 0.29990044 3.518575e-05 5.821749e-07 0.007443558 0.03974348 0.13719805 0.22969861 0.022202086 0.0047696345 2.4815088e-06 0.016054016 0.004162744 0.002061733 0.0018416289 0.0021124168 0.07440699 0.00029920493 1.1816417e-07 0.00010582522 4.776831e-05 0.00037631977 9.722326e-05 0.00029141048 0.0015860662 1.3750797e-06 6.714577e-07 2.5436627e-06 1.0117185e-05 1.6335e-05 2.2418005e-06 0.00010789019 0.001947285 5.4454455e-07 3.0896852e-05 4.013272e-05 3.1029303e-06 1.7580052e-05 2.0044363e-06 3.702345e-06 4.317845e-05 2.2240567e-07 1.5467096e-05 1.4883918e-06 1.3106265e-07 1.0465486e-06 2.5485298e-07 1.6243755e-06 1.0096611e-06
0.8577271 0.0037724578 0.07566268 0.39064768 0.90134794 0.5339146 0.03704586 2.6157755e-05 4.765214e-05 2.2380576e-12 2.4784054e-08 0.001109016 6.8924415e-08 7.028101e-08 0.8282163 2.7515064e-06 6.138873e-07 4.6024475e-08 8.358703e-06 0.9969895 0.74832505 0.96874905 3.847984e-06 0.5041074 1.7366498e-08 7.9654425e-09 0.0062017464 0.6260076 2.2068045e-08 4.535849e-08 2.4308351e-06 1.5578278e-08 4.488925e-08 2.826712e-07 6.7469195e-08 0.23161454 2.8806378e-08 8.366937e-07 0.86734 4.663879e-09 3.7854924e-09 1.115767e-09 2.8648273e-10 0.77570057 1.7631402e-08 0.0047070226 1.1546983e-07 7.7669455e-08 0.0025651879 7.184881e-08 9.131437e-08 1.9682246e-07 4.0560697e-09 3.2615702e-08 3.59472e-05 0.044568293 0.00020244137 6.5484342e-09 6.853383e-10 1.7562521e-09 1.9663653e-09 3.2709605e-07 2.6613511e-08 5.260159e-09 9.808998e-08 2.1707313e-08 1.2554582e-08 2.204532e-09 8.6373744e-05 0.019550966 0.0018371313 1.0894725e-07 0.009391465 7.434898e-05 9.8237706e-08 7.88345e-08 0.00051165867 4.7809684e-05 1.1890878e-09 9.342703e-09 0.0010863984 0.001109744 0.0005219225 7.2401103e-09 4.3266436e-06 0.0010679469 9.850706e-06 3.3228446e-07 0.00030502304 4.3939923e-05 0.00048570067 1.7368974e-07 1.2017549e-05 8.281634e-06 1.9202296e-06 5.4814624e-08 3.2597482e-06 2.6082662e-06 4.577754e-10 3.2673222e-05 1.699532e-05
0.99229765 0.0029454893 0.7218484 1.8269886e-05 0.0034845886 1.5477692e-05 5.071079e-05 0.010902059 0.49180266 2.4784054e-08 1.0037751e-13 0.7296964 0.49553216 0.974678 4.146228e-06 0.5713737 0.03728967 0.040964603 0.0018413963 2.2714829e-07 0.034801405 3.3853103e-05 0.016972717 2.3018207e-07 0.94523805 0.28149772 0.66589063 5.8356954e-07 0.0025674945 0.57353485 0.0064193737 0.00034363937 7.358047e-05 0.0026706355 0.09547793 2.3966462e-09 0.822344 0.06486174 0.00046546734 0.83762777 0.025326734 0.5920848 0.35855666 0.07571882 0.32813618 0.015951162 7.850864e-05 7.189998e-05 0.0052103377 0.00018684007 0.006344688 0.35746923 0.0034860992 0.0047447407 0.00093782815 1.8134479e-06 0.002914889 0.0051948475 0.12049664 0.48175707 0.03547066 8.156898e-05 0.00032163897 0.027839156 0.0005011206 7.645885e-05 0.00010550868 2.0498205e-06 0.3058919 0.00039895932 6.011763e-08 0.0044322493 0.00076784275 0.00034123953 1.7881677e-05 0.0028636681 0.001403915 1.2597088e-06 5.7251896e-06 0.00014675164 0.00012461125 0.0001661836 1.3270309e-05 4.2374754e-06 0.00013515477 1.9167268e-05 9.28812e-05 4.1185453e-05 0.00014782917 0.00013973298 5.9518963e-05 5.125199e-06 6.772529e-05 1.6033113e-05 5.1793097e-05 1.1218077e-06 2.8681615e-07 0.000317669 1.3510107e-09 3.2151133e-06 4.179754e-05
0.9712849 0.016174773 0.75233746 0.041222475 0.010864124 0.002487971 0.0012827365 0.012515936 0.97735614 0.001109016 0.7296964 1.4920284e-12 0.7512375 0.4824829 0.00014558253 0.07801966 0.8719151 0.69012153 0.00076109543 0.00010483337 0.26429683 0.00025724762 0.0031830524 1.3701285e-05 0.28265548 0.5024176 0.98058367 6.868109e-05 0.18179403 0.084865615 0.81725794 0.19364966 0.06752872 0.09654806 0.21251833 3.5610217e-05 0.11832946 0.020418936 0.010912581 0.36348298 0.036171794 0.35803974 0.037386324 0.26243177 0.010710451 0.119314894 0.02042779 0.019484758 0.05831498 0.11883547 0.059355095 0.020451482 0.021052135 0.0331973 0.00020736235 6.369557e-06 0.009412945 0.009975163 0.059210055 0.123457015 0.006493916 0.004288438 3.464378e-05 0.0036054847 0.0012882176 0.005189136 0.0029778245 0.00060299225 0.0523173 0.0014068313 2.3742282e-06 0.00019418864 0.0004070512 0.0007879479 7.002107e-05 0.00041006188 0.0026182365 5.8640117e-06 1.0055771e-06 1.1892036e-05 0.00023307506 8.919181e-05 4.203202e-05 9.3325245e-05 0.0012331798 5.286819e-05 0.00010416219 0.00024479436 4.7097343e-05 0.00025629016 2.932895e-05 9.492585e-06 7.6860146e-05 2.366346e-06 7.8720055e-05 3.2346336e-06 3.7702887e-07 6.7171873e-06 5.5221783e-08 2.0855117e-05 5.3834087e-06
0.9710997 0.0012141747 0.2509082 0.00030318665 0.000550236 7.080269e-05 0.00016086848 0.00017712283 0.9369212 6.8924415e-08 0.49553216 0.7512375 1.4506908e-11 0.10629565 9.4783513e-07 0.0050800457 0.8624632 0.7460571 6.8768386e-05 1.7866735e-06 0.011749043 9.917254e-06 0.00032664608 3.0590509e-06 0.055039022 0.9848521 0.6440592 3.6529493e-06 0.545814 0.016289303 0.0135870855 0.051828302 0.0018673498 0.0117859645 0.8707695 3.8507732e-08 0.062326346 0.0026584596 0.0005349904 0.4569522 0.5032434 0.779743 0.09026836 0.026920494 0.0047111 0.010803641 0.00071004505 0.00070152414 0.006888444 0.66987056 0.58004373 0.025165679 0.22594626 0.38738796 4.3123393e-05 9.2628525e-06 0.004121567 0.089690335 0.25611216 0.62936383 0.00880848 0.015308018 1.5967422e-05 0.004512656 0.010347701 0.0002800605 0.00076782337 0.00080242514 0.022259166 0.00030420846 2.8749528e-07 0.00012160292 0.00023667997 0.00026561282 0.00015702347 0.0007961757 0.001226966 6.955589e-06 2.3076686e-06 6.53801e-06 9.228408e-05 6.373777e-05 1.28525335e-05 2.607193e-05 0.0030210475 3.1805535e-05 7.94071e-05 4.9032413e-05 6.2049316e-05 4.2051346e-05 3.54677e-05 1.7801449e-05 4.7748403e-05 3.02787e-06 5.387284e-05 3.3804306e-06 1.4240717e-06 9.16705e-05 2.3485219e-08 2.9757422e-05 0.000104109844
0.94722885 0.0077918894 0.85888547 3.9311653e-05 0.009224493 3.3237036e-05 0.00010807278 0.04257263 0.22620974 7.028101e-08 0.974678 0.4824829 0.10629565 2.582455e-14 7.422956e-06 0.98195434 0.011831968 0.020088706 0.01567905 4.00677e-07 0.057453506 2.4186293e-05 0.2068695 2.4642048e-07 0.93998384 0.020725671 0.39443973 3.1139209e-07 0.00013959206 0.8517991 0.001957395 4.213364e-05 1.8435478e-05 0.0008630351 0.0035962819 7.983528e-09 0.7675461 0.40229726 0.0012552232 0.29494792 0.0013605511 0.097771786 0.12299037 0.10415752 0.4115978 0.010174865 1.0113838e-05 1.0721329e-05 0.0020985529 6.8334134e-06 0.00012386541 0.24891645 0.00010616688 8.3206985e-05 0.04164596 2.6733795e-07 0.0006153792 5.0102688e-05 0.01535029 0.045190524 0.019675815 4.060256e-06 0.002801957 0.025212133 5.3233623e-05 9.834345e-06 2.8638864e-05 9.90934e-08 0.50976557 0.0008160781 4.6344585e-08 0.012559926 0.0009443457 0.000119549586 2.117353e-06 0.003718435 0.0013010958 9.87107e-07 3.4284587e-06 0.00035384315 9.367326e-05 0.00019680923 9.517095e-06 6.2774205e-07 1.2030793e-05 3.862895e-05 5.2624324e-05 1.0840251e-05 0.00014388398 0.00035157907 1.956265e-05 1.7386948e-06 0.0001726909 1.5870079e-05 2.7830369e-05 1.7281751e-07 1.876829e-07 0.00024426126 5.4927074e-10 2.2718439e-06 2.5091838e-05
0.014955783 0.19406196 0.003276657 0.111837976 0.05175886 0.75061685 0.99974483 0.00021869225 3.7764082e-06 0.8282163 4.146228e-06 0.00014558253 9.4783513e-07 7.422956e-06 6.2825215e-17 0.000102367514 3.983508e-06 4.821086e-07 9.542994e-05 0.69898945 0.0049352297 0.010115136 4.375566e-06 0.98839253 1.473482e-06 1.7598417e-07 0.00010659684 0.6651847 1.1744621e-06 2.6521666e-06 2.3680856e-05 1.0864283e-07 1.7943623e-08 2.1118133e-06 9.478152e-07 0.016761491 1.1647313e-06 4.8629436e-06 0.0015861986 3.2495197e-07 1.7105606e-08 2.1383875e-07 6.0749294e-08 0.0030076094 7.544987e-08 2.2928447e-05 1.2039412e-07 8.840723e-08 1.1129041e-05 1.0356751e-07 3.2664278e-07 2.5197335e-06 9.686139e-09 5.0465342e-08 3.8017697e-05 0.77398384 1.0410209e-06 9.594991e-09 1.0870958e-07 2.7610511e-08 1.7568226e-08 2.7567621e-08 2.4563326e-07 1.0487346e-08 3.0272935e-09 3.995971e-07 2.8474807e-07 2.1631884e-08 3.6497335e-07 2.821264e-05 0.0041426537 7.4763825e-08 1.7817161e-05 2.5914224e-07 1.7356728e-08 1.111609e-07 4.6817408e-07 0.0022198306 9.616825e-10 1.3301249e-07 3.3441363e-06 5.9426025e-06 9.1259915e-07 7.809251e-08 2.0978982e-06 3.748991e-05 5.202262e-06 1.3132061e-09 5.3480414e-07 1.2098659e-08 2.37438e-06 4.294828e-06 6.9728063e-09 1.0772357e-07 4.5779416e-08 2.354751e-09 5.4412903e-06 1.4892005e-07 2.476122e-07 4.1333635e-05 7.629587e-08
0.90443635 0.04677205 0.8330672 0.00020124714 0.008698568 0.00032813163 0.0009241698 0.37779555 0.025463132 2.7515064e-06 0.5713737 0.07801966 0.0050800457 0.98195434 0.000102367514 1.6182999e-16 0.0017399547 0.002627652 0.7409518 5.5516275e-06 0.029791025 0.0002857676 0.99195224 9.88081e-07 0.5975556 0.001312467 0.08201702 2.098696e-05 7.416783e-05 0.81976295 0.0006276428 2.9075441e-05 5.9293843e-06 0.00040636878 0.00026505179 6.300742e-08 0.28082007 0.7617054 0.0048148264 0.01856965 0.00027372377 0.005089934 0.014667197 0.078417525 0.23489691 0.0028395068 2.0335576e-05 7.0563624e-06 0.0010627694 3.0465555e-06 0.00047388164 0.026663052 1.5236482e-05 8.0161895e-05 0.71166694 1.8710716e-06 0.0005050105 3.168746e-05 0.0007966245 0.007630952 0.0026221294 1.19408e-05 0.013573577 0.008074079 0.00013346887 8.89971e-06 1.553107e-05 1.2212519e-08 0.42784515 0.0009458955 1.0721487e-06 0.0059606726 0.0010955537 3.763474e-05 1.9509002e-06 0.0015376647 0.00070603547 5.268953e-06 1.5390046e-06 0.00025585204 0.00033326686 0.0002531203 6.867123e-06 2.78219e-07 5.487394e-06 5.7396417e-05 1.803628e-05 6.799502e-07 0.00018435979 0.00034060277 8.95321e-05 1.2767688e-07 0.00023419692 1.4141186e-05 1.1457256e-05 3.864724e-08 2.0267587e-08 0.0001946997 8.3576285e-11 1.5714871e-06 2.2924423e-05
0.9624931 0.0007933826 0.13962153 0.0006984597 0.00044367998 9.620592e-05 0.000110127425 0.00014053778 0.9558224 6.138873e-07 0.03728967 0.8719151 0.8624632 0.011831968 3.983508e-06 0.0017399547 1.973285e-10 0.98434204 4.5988298e-05 1.5872675e-06 0.010539721 1.2623599e-05 0.00011455797 1.963254e-06 0.014375466 0.58321327 0.73439384 2.094474e-06 0.91310626 0.007902446 0.23708 0.65606374 0.026952436 0.12634552 0.48325753 7.817253e-08 0.021359816 0.00070507155 0.00083009864 0.14599362 0.24927914 0.30502114 0.01942704 0.026943598 0.0014493173 0.0362912 0.02359732 0.026142519 0.035196498 0.75623757 0.5293964 0.006210094 0.06880765 0.4602996 4.10608e-06 2.042271e-06 0.015515156 0.09689721 0.071369566 0.18167083 0.0035142123 0.044765223 1.7084623e-06 0.0021007848 0.025512736 0.0008205651 0.0007487639 0.019303253 0.0087528685 0.00021956768 1.5304987e-07 3.0308183e-05 0.00013685622 0.0004548311 0.0015225778 0.00020305683 0.0020863404 4.045051e-06 5.6645933e-07 1.9881625e-06 6.317238e-05 2.7586708e-05 2.3904742e-05 4.1725096e-05 0.0029087563 4.6231213e-05 7.138326e-05 9.884343e-05 1.563131e-05 0.00010005111 1.6889231e-05 3.9185772e-05 5.999602e-05 2.0687423e-06 3.9731865e-05 3.325062e-06 5.705712e-07 1.6888956e-05 6.762846e-07 1.7881828e-05 2.9153378e-05
0.93770295 0.001075978 0.056016773 0.00023814011 0.00044170776 0.00012749177 7.6709955e-05 0.00055206125 0.8701333 4.6024475e-08 0.040964603 0.69012153 0.7460571 0.020088706 4.821086e-07 0.002627652 0.98434204 1.1334556e-11 6.613108e-05 2.5681766e-06 0.007809129 6.9392363e-06 0.0002371721 6.735524e-07 0.009875417 0.43181232 0.49502376 2.5895656e-06 0.9717293 0.004762051 0.20510934 0.9076143 0.23801646 0.09342733 0.47677177 6.39334e-08 0.012847621 0.0003843267 0.000296189 0.08635193 0.14527467 0.22808704 0.0059429402 0.022897957 0.000976178 0.03390743 0.36508432 0.29799414 0.034959853 0.8326621 0.49066505 0.0040458497 0.052308243 0.33196202 1.3823166e-06 8.776543e-08 0.016046483 0.05381108 0.042817995 0.17037868 0.0014529286 0.087192506 4.138921e-07 0.00093128183 0.022600284 0.0021172634 0.0027403787 0.05529846 0.006511298 0.00025298752 6.5453655e-08 5.015915e-05 5.6136334e-05 0.0007312123 0.0024705925 0.00046267867 0.002557512 3.3706442e-06 7.2019594e-07 1.9009484e-06 7.69771e-06 2.5379792e-05 4.9277937e-06 0.00017014173 0.25392336 2.7278015e-06 0.000108483546 8.709685e-05 2.2264794e-06 2.6935713e-05 2.072716e-06 6.3800835e-05 0.00020651944 8.1304364e-07 7.992412e-05 1.3161339e-05 4.5708856e-07 7.0546803e-06 1.3448808e-06 6.8118527e-07 2.0160405e-06
0.5572758 0.4200432 0.40992594 0.00033023625 0.014273155 0.001129269 0.0015387855 0.999309 0.00013082531 8.358703e-06 0.0018413963 0.00076109543 6.8768386e-05 0.01567905 9.542994e-05 0.7409518 4.5988298e-05 6.613108e-05 8.292311e-17 2.2189743e-05 0.010230399 0.0006296965 0.99891424 2.4645208e-06 0.0018928386 1.9005794e-05 0.000832379 3.419471e-05 4.163469e-06 0.0077069183 1.9967501e-05 5.050858e-06 5.1164037e-08 1.2371913e-06 5.9574413e-06 8.602584e-07 0.000448441 0.19105871 0.0009743935 9.360267e-06 4.107634e-06 6.847152e-06 3.3261767e-05 0.014256033 0.0013609923 4.6068937e-05 3.030931e-07 3.964772e-07 9.646441e-06 5.768742e-07 4.761605e-06 0.000101030746 3.0627116e-06 8.620393e-08 0.54181385 3.3846566e-06 2.4166268e-06 1.9157488e-07 3.122686e-06 5.0923056e-05 1.809704e-06 1.2685219e-07 0.002972774 0.00045787526 8.1102945e-07 8.0742346e-08 4.1117257e-08 3.3707483e-09 0.0046453075 0.00027975143 2.6166897e-06 0.00031350728 0.00016093171 5.388445e-07 7.7686636e-08 3.7147731e-06 1.5029575e-05 2.1610938e-06 8.24351e-08 9.755492e-05 9.0715155e-05 0.00016556792 8.836135e-05 7.697647e-07 1.1826163e-06 0.00012269443 7.0287547e-07 2.246753e-08 3.78231e-05 4.4875065e-07 3.850331e-05 3.4169994e-07 4.291098e-08 2.959184e-07 5.260141e-08 4.914474e-10 1.0673547e-08 1.817163e-06 3.886423e-10 3.0687124e-07 4.2598472e-07
0.104631096 0.0013232391 0.0011633543 0.026473612 0.07534213 0.09527972 0.0031636008 2.098964e-05 9.817655e-06 0.9969895 2.2714829e-07 0.00010483337 1.7866735e-06 4.00677e-07 0.69898945 5.5516275e-06 1.5872675e-06 2.5681766e-06 2.2189743e-05 9.693776e-12 0.017920054 0.29756042 1.7939681e-05 0.99656457 3.879887e-08 1.846e-07 7.118434e-05 0.9441987 3.5833898e-07 1.4863201e-07 2.0786356e-05 1.4292597e-06 4.3387416e-08 2.4127396e-06 8.8270457e-07 0.22067833 8.6233364e-08 1.6225733e-06 0.05341114 3.6048075e-08 1.06200226e-07 9.595942e-09 9.1818926e-08 0.03041508 2.8340363e-08 0.00043050558 1.4516786e-06 1.3195644e-06 0.00010290449 5.192843e-08 2.1573962e-07 6.887477e-07 3.8627843e-07 5.9531473e-08 8.633113e-06 0.18216676 2.4778774e-05 1.8665681e-06 2.526767e-08 3.5085442e-08 8.8312014e-08 4.4684728e-07 5.3119874e-07 1.4066717e-06 4.7620523e-07 3.6956902e-07 1.1345934e-07 3.0833827e-09 5.084689e-06 0.0006701368 0.0069211936 1.328871e-07 0.00023449147 1.8888868e-05 3.4224655e-07 2.5940741e-08 0.00015214014 0.00015153702 2.9964509e-09 4.736261e-08 0.00014775926 7.403398e-05 0.00023979304 3.9493034e-07 5.0300896e-05 0.0006752814 8.204742e-06 2.1245983e-06 8.228489e-05 1.5101419e-06 0.00013139035 4.4569924e-06 9.1128595e-07 2.1494395e-06 3.1005552e-06 7.859043e-07 4.202378e-06 5.5197615e-06 1.3127648e-10 0.00038731445 2.7598575e-05
0.98592156 0.70877755 0.74657035 0.73775357 0.98725694 0.04453373 0.010373132 0.053668402 0.020760026 0.74832505 0.034801405 0.26429683 0.011749043 0.057453506 0.0049352297 0.029791025 0.010539721 0.007809129 0.010230399 0.017920054 2.6265498e-12 0.39492276 0.0027031365 0.0013683619 0.00911426 0.005261818 0.33155078 0.025948144 0.0021506648 0.010109446 0.024187692 0.0024341783 0.0006787174 0.003684591 0.0016283953 0.19454956 0.0065738987 0.006151547 0.62536305 0.0065935925 0.00040831868 0.002005321 0.0003888613 0.96843547 0.0009381798 0.057459373 0.00013302614 0.00015878459 0.049917895 0.00082819496 0.0006709688 0.0005500115 6.902246e-05 7.630253e-05 0.015279643 0.00011626916 0.0032498173 5.376013e-05 4.020215e-06 0.00026728533 8.685304e-06 7.618002e-05 1.3818467e-05 0.00024393814 1.1888396e-05 0.00046961132 0.00017992823 6.84593e-06 0.0035609384 0.06351656 0.000113493275 3.649386e-05 0.01652523 0.0007579659 1.1011197e-06 6.055916e-06 0.0017174416 2.7554272e-06 1.6208217e-07 2.9922487e-06 0.0033381383 0.0030946708 0.00174969 2.8630086e-06 3.9174083e-05 0.0027945943 0.00015387232 0.00020209185 0.00055190624 0.0010420879 0.00037616765 2.6377206e-06 0.0004932552 1.262608e-05 0.00011572091 2.529119e-07 2.9234787e-05 7.3107044e-06 3.1503322e-09 6.6121676e-05 7.9360125e-06
0.9523944 0.020399814 0.0038967435 0.3265121 0.02465074 0.0066857794 0.0014934518 0.0019287271 4.352474e-05 0.96874905 3.3853103e-05 0.00025724762 9.917254e-06 2.4186293e-05 0.010115136 0.0002857676 1.2623599e-05 6.9392363e-06 0.0006296965 0.29756042 0.39492276 3.830175e-12 3.4258584e-05 0.0765211 2.1244728e-06 1.5910852e-06 0.005681988 0.65074617 4.3784314e-07 1.0057254e-05 2.2822293e-05 2.261665e-07 2.0790498e-07 4.4690587e-06 1.08475215e-05 0.98922807 2.140241e-06 3.720313e-05 0.98221356 5.7581997e-07 2.7683402e-07 4.0359163e-07 5.656992e-07 0.80200654 1.2206698e-06 0.0032450187 2.8230184e-07 9.281217e-08 0.0046885796 4.2232013e-08 2.0577737e-07 1.5802374e-07 5.061302e-08 1.3594388e-07 0.00013117363 0.003000602 0.00034488057 1.0263203e-06 1.3095732e-07 2.5595039e-08 1.09627216e-07 6.9918104e-07 1.7093947e-06 6.200312e-07 2.3136272e-06 9.211077e-07 3.3336585e-07 1.5056114e-07 1.3619459e-05 0.19030908 0.05314472 6.4641114e-07 0.08864983 3.9433122e-05 2.2669471e-07 1.7619922e-06 0.0007215881 0.00027276925 1.2246991e-07 1.6255052e-06 0.0074459505 0.013298429 0.0012578968 7.837468e-08 2.258528e-06 0.042675707 4.1475512e-05 5.771375e-06 0.00021157361 0.00016218323 0.00031504213 1.8607003e-05 0.000115683295 4.813478e-05 9.497108e-05 5.6136383e-07 0.0055635693 5.1796753e-05 5.5586438e-09 0.008694471 0.00012654584
0.45858118 0.06390281 0.24749386 9.160758e-05 0.0017033834 0.00032638732 0.00039180933 0.21634422 0.0006893333 3.847984e-06 0.016972717 0.0031830524 0.00032664608 0.2068695 4.375566e-06 0.99195224 0.00011455797 0.0002371721 0.99891424 1.7939681e-05 0.0027031365 3.4258584e-05 3.7456487e-15 7.887741e-07 0.17817654 0.00023792901 0.0027942145 1.9572979e-06 4.308619e-05 0.7162022 2.4049094e-05 1.1036129e-05 5.9302124e-07 4.0143036e-06 0.0002479432 1.3096226e-06 0.06492631 0.89183855 0.00016104209 0.0018005217 0.00014309003 0.0008153907 0.008396146 0.0046019387 0.09507804 0.00037490556 4.069365e-06 4.5225456e-06 0.00015393071 1.8103316e-05 0.00013745882 0.0024620602 8.489167e-06 7.383997e-06 0.4503076 6.184933e-07 3.8008798e-06 2.8141417e-06 0.00014857018 0.00045178577 0.00042703765 3.8462667e-06 0.016516775 0.004485869 1.0115121e-05 1.0611878e-06 2.579919e-07 8.001821e-09 0.020819513 0.00011269914 1.23291975e-05 0.0029576833 5.5017597e-05 7.7187667e-07 1.1160752e-06 0.00033290443 0.00014286628 9.6823305e-06 8.4958117e-07 0.00040738445 5.3506024e-05 9.978516e-05 1.6958278e-05 1.5858899e-07 9.379305e-07 3.4187924e-05 3.0447996e-05 3.1075736e-08 0.00018606638 5.061558e-06 1.5015205e-05 7.905483e-07 5.6425065e-06 2.160935e-06 1.1687024e-06 1.9900952e-08 3.2153358e-07 7.892486e-06 9.969449e-09 2.546234e-07 8.3393263e-07
0.010720384 0.00038168443 0.00016094952 0.0038943659 0.007825971 0.024702385 0.0032422747 5.316001e-07 3.0047138e-06 0.5041074 2.3018207e-07 1.3701285e-05 3.0590509e-06 2.4642048e-07 0.98839253 9.88081e-07 1.963254e-06 6.735524e-07 2.4645208e-06 0.99656457 0.0013683619 0.0765211 7.887741e-07 3.3249976e-12 1.1321755e-07 9.412198e-07 4.4288136e-05 0.9882206 6.542479e-07 3.874716e-07 9.989523e-07 4.8167755e-07 3.0211925e-08 2.322289e-07 3.5373503e-06 0.2514406 1.8998271e-07 4.658563e-07 0.007773838 7.723159e-08 2.3436009e-07 5.7543126e-09 3.43897e-08 0.0033318028 3.6354923e-08 3.1811967e-05 2.6203116e-07 1.2907698e-07 9.815568e-06 1.1416806e-08 2.2043952e-07 3.559154e-07 1.473466e-07 5.141653e-08 7.873465e-06 0.48512354 1.1896909e-06 5.1172697e-07 8.507941e-09 6.340357e-08 1.0770919e-07 9.057732e-08 8.249786e-08 2.7676882e-07 1.9391797e-07 1.9450372e-08 2.5763511e-09 3.0120135e-09 1.2513452e-06 6.743269e-05 0.015486072 1.92266e-07 8.133695e-05 2.2572144e-06 1.2084897e-07 5.2510295e-08 4.744833e-06 0.00065249956 4.517422e-09 5.3329448e-09 2.5192374e-05 1.7665361e-05 6.2613817e-06 1.1601932e-07 5.7356497e-06 3.590341e-05 7.4747817e-07 2.0131824e-07 6.414765e-06 2.7099826e-08 1.1001199e-05 1.7266224e-06 2.959549e-08 1.3538599e-07 3.6955544e-08 8.998926e-08 7.923092e-07 4.682803e-07 2.0983525e-10 0.000417706 1.4281437e-06
0.9813885 0.0006548644 0.32009837 1.559225e-06 0.0009921676 6.6470584e-06 5.373022e-06 0.0029693483 0.18296206 1.7366498e-08 0.94523805 0.28265548 0.055039022 0.93998384 1.473482e-06 0.5975556 0.014375466 0.009875417 0.0018928386 3.879887e-08 0.00911426 2.1244728e-06 0.17817654 1.1321755e-07 4.1056993e-12 0.012182371 0.3037949 3.5076488e-07 0.00041548058 0.8646662 0.0016250543 0.0002185455 3.834318e-05 0.0006246556 0.01026104 1.6297853e-09 0.96435326 0.28837055 0.000120656485 0.83522743 0.0047287024 0.49296042 0.41926047 0.01887608 0.5837166 0.0030385167 1.2443271e-05 2.7519622e-05 0.0009923523 2.2279863e-05 0.001278306 0.69180584 0.0018772257 0.0014964876 0.02634598 2.3846405e-07 0.0004555383 0.0016488365 0.16468662 0.44355372 0.2627856 7.814339e-06 0.001497797 0.24225101 9.293614e-05 2.6679596e-05 0.00014865238 3.1675884e-07 0.8737291 0.000109028384 1.5825078e-08 0.03737329 5.7674006e-05 8.811907e-05 7.0934047e-06 0.012210676 0.00047017392 4.5952834e-07 1.0623529e-05 0.0005810446 1.3647596e-05 0.00011188055 1.2452387e-05 5.401804e-06 3.6451525e-05 6.0634293e-06 2.3663335e-05 2.031375e-05 4.9713643e-05 2.9185287e-05 5.5446376e-06 3.3106207e-06 6.350799e-05 8.434148e-06 3.5593886e-05 3.441626e-07 6.862965e-08 5.6848876e-05 4.740983e-10 1.297657e-07 5.897161e-06
0.9405924 0.00030384806 0.07180667 1.2666173e-06 0.00032676166 8.0347e-06 9.017319e-06 6.0586688e-05 0.6426665 7.9654425e-09 0.28149772 0.5024176 0.9848521 0.020725671 1.7598417e-07 0.001312467 0.58321327 0.43181232 1.9005794e-05 1.846e-07 0.005261818 1.5910852e-06 0.00023792901 9.412198e-07 0.012182371 8.086965e-12 0.46779528 2.514594e-06 0.40801966 0.0024772114 0.014645518 0.020599185 0.0021077723 0.010805908 0.98238224 5.6051828e-08 0.014779894 0.00029342368 0.00019307126 0.22858094 0.6657936 0.68909407 0.028171903 0.015845006 0.0019477966 0.007754545 0.0009477548 0.0008181279 0.0044114348 0.6940334 0.9105817 0.0061532576 0.08383398 0.2601045 2.8151483e-06 1.2847698e-06 0.0031258494 0.061407484 0.10135028 0.19958621 0.004054411 0.041286137 8.458483e-06 0.0013404698 0.061703876 0.00048791076 0.0013864523 0.0005996913 0.010748034 0.00025853096 1.0140831e-07 0.00011623168 0.00015677778 0.0002584427 0.00020751408 0.0007609869 0.00097030646 9.012187e-06 1.4040756e-06 1.2001806e-06 3.9007326e-05 5.398166e-05 8.195561e-06 5.3889387e-05 0.004164925 3.28683e-05 1.5758296e-05 7.5610544e-05 8.25013e-05 1.983079e-05 5.1926283e-05 1.0199385e-05 8.295083e-05 2.3705813e-06 4.9299633e-05 8.184505e-07 2.6717382e-07 6.905512e-05 1.3868271e-08 5.6839576e-06 2.894295e-05
0.99500096 0.030147605 0.586788 0.04435896 0.07399163 0.0019681507 0.00041606207 0.0076405355 0.898855 0.0062017464 0.66589063 0.98058367 0.6440592 0.39443973 0.00010659684 0.08201702 0.73439384 0.49502376 0.000832379 7.118434e-05 0.33155078 0.005681988 0.0027942145 4.4288136e-05 0.3037949 0.46779528 7.9765135e-12 0.00022068134 0.23854767 0.15571558 0.6868716 0.16656156 0.15339802 0.2386109 0.17430705 0.00070335093 0.14388186 0.07031292 0.017723734 0.32145727 0.015119578 0.331737 0.03430981 0.6300078 0.011887366 0.68101877 0.022719719 0.020366054 0.3779515 0.095700584 0.030911135 0.03105221 0.008456395 0.035002753 0.00041797818 9.669669e-06 0.067053944 0.006980395 0.050475698 0.050455347 0.020953154 0.0018100424 2.4094434e-05 0.01621579 0.00064669637 0.009468198 0.004376889 0.00072622433 0.11861841 0.0031493953 6.601856e-06 0.0001832584 0.0010994106 0.0027893994 9.587436e-05 0.00016454946 0.0050518727 5.103602e-06 8.3186336e-07 1.1151266e-05 0.0005090215 0.0002857605 0.00024433233 0.0002634669 0.00018811268 9.1610724e-05 0.00016054955 0.00040850102 0.00015874008 0.0003835988 0.00011428986 1.6914602e-05 0.00013723916 6.8726986e-06 6.233086e-05 4.5003235e-06 1.8401136e-07 6.529941e-06 6.836564e-07 1.8720293e-05 2.268977e-06
0.0732255 0.00031223797 0.001125915 0.0056147417 0.035754148 0.01011491 0.00056391524 4.704347e-05 2.345419e-05 0.6260076 5.8356954e-07 6.868109e-05 3.6529493e-06 3.1139209e-07 0.6651847 2.098696e-05 2.094474e-06 2.5895656e-06 3.419471e-05 0.9441987 0.025948144 0.65074617 1.9572979e-06 0.9882206 3.5076488e-07 2.514594e-06 0.00022068134 7.8903046e-13 1.4775065e-06 6.5456436e-07 1.7962321e-06 1.7878699e-06 4.0091304e-08 2.3641456e-07 6.2128806e-06 0.9889696 1.2096876e-07 1.4419979e-06 0.17028703 5.322014e-08 2.8015788e-07 6.683799e-08 6.591017e-08 0.042583328 1.0189516e-07 0.00081228657 2.306156e-07 6.194395e-07 0.0001440589 4.106052e-08 3.099705e-07 1.4236447e-07 2.0561444e-08 3.6742496e-09 6.1591754e-07 0.95114017 8.7834385e-05 6.461455e-07 1.3144917e-09 4.3674007e-09 1.0873709e-08 2.7564062e-07 5.0600757e-08 4.728823e-08 2.2551586e-07 1.1963614e-08 3.385639e-09 5.24374e-09 3.208943e-05 0.0050413036 0.5068929 2.4410136e-07 0.0021719297 2.2192557e-05 1.666413e-06 2.2320087e-08 0.00020861533 0.006889837 1.0159509e-08 3.416175e-07 0.0010211668 0.00033839757 0.0002687033 8.091486e-08 2.5688646e-06 0.0024272148 4.5084034e-06 1.2277577e-06 0.00016394125 0.0001807898 0.00035921423 8.9660864e-07 0.00013477751 1.6929303e-05 3.6413878e-06 1.6471753e-07 3.007284e-05 4.5418074e-05 1.02445136e-10 0.0058445353 0.00016193379
0.9283028 7.9308675e-06 0.024032854 3.1453833e-06 7.774753e-05 1.29505715e-05 8.37007e-06 3.6904548e-06 0.41674367 2.2068045e-08 0.0025674945 0.18179403 0.545814 0.00013959206 1.1744621e-06 7.416783e-05 0.91310626 0.9717293 4.163469e-06 3.5833898e-07 0.0021506648 4.3784314e-07 4.308619e-05 6.542479e-07 0.00041548058 0.40801966 0.23854767 1.4775065e-06 1.6204375e-12 2.33221e-05 0.25116688 0.96757936 0.18161106 0.13180074 0.09444739 3.6263025e-08 0.000101499034 2.4684111e-06 6.395063e-05 0.0040320293 0.1702988 0.04356112 0.001180247 0.0114782555 3.1428335e-05 0.021599535 0.10485788 0.28509125 0.015595033 0.98280466 0.6901195 0.00036555267 0.004245859 0.20518428 1.7702234e-08 9.825837e-07 0.012933329 0.01654681 0.007648011 0.07823294 0.00011146914 0.538785 7.030756e-08 0.0002886639 0.031851586 0.0050667166 0.00920336 0.77489567 0.0002536461 3.7117192e-05 2.3249838e-07 1.457552e-06 2.7229946e-05 0.0007066272 0.008536092 0.00034539265 0.0023623924 5.590353e-06 2.928292e-07 8.2451926e-08 8.998128e-06 5.585317e-06 8.921644e-06 0.00014406866 0.74665415 1.0756673e-05 2.9418736e-05 8.117499e-05 3.3358197e-06 1.4001717e-05 8.8520965e-06 2.9393663e-05 8.0151425e-05 8.44137e-07 8.749096e-05 8.037137e-06 2.5231358e-08 4.2033385e-05 1.4029838e-07 1.6156573e-06 5.687916e-06
0.98444283 0.004273699 0.5079318 8.080444e-06 0.0015387671 5.3210075e-05 4.491891e-05 0.006438595 0.09374391 4.535849e-08 0.57353485 0.084865615 0.016289303 0.8517991 2.6521666e-06 0.81976295 0.007902446 0.004762051 0.0077069183 1.4863201e-07 0.010109446 1.0057254e-05 0.7162022 3.874716e-07 0.8646662 0.0024772114 0.15571558 6.5456436e-07 2.33221e-05 1.0849438e-14 0.00036339604 1.3562016e-05 4.518648e-06 3.0097026e-05 8.281456e-05 7.5558555e-09 0.93650454 0.9552844 0.00025350656 0.08880016 6.611708e-05 0.010885494 0.06264445 0.032085102 0.9113496 0.0011434116 1.5876338e-06 9.5117196e-07 0.0003127091 2.0701123e-06 2.3241524e-05 0.47297305 6.8337326e-06 2.2149994e-05 0.6133915 1.8198553e-07 0.00010857816 1.51151435e-05 0.0070685507 0.0062347953 0.1911508 4.9398063e-06 0.04405688 0.297113 2.7975419e-05 6.32651e-07 1.3994594e-06 4.8170165e-08 0.95377636 0.00018502928 6.67217e-08 0.101351775 0.00010293266 1.3925932e-05 1.7227129e-06 0.028390639 0.0003891388 2.9416417e-06 4.4500717e-05 0.0030452993 5.044598e-05 0.00018366799 1.2562398e-05 1.3495402e-07 9.969414e-07 6.0599145e-06 9.986394e-06 3.5511326e-05 0.00014017356 1.5155905e-05 5.0434963e-05 5.0617336e-07 5.7943755e-05 1.3059328e-05 1.6536096e-05 4.0145767e-07 5.0990234e-08 0.00018908126 7.67384e-11 6.098494e-07 0.00016201906
