5.1889433e-15 0.9773129 0.9785342 0.9713971 0.98651075 0.9963297 0.9647905 0.97451013 0.98818034 0.99572915 0.9705313 0.95479065 0.95499265 0.98241454 0.9999723 0.86111486 0.92872334 0.9999157 0.96000224 0.95890176 0.9674364 0.869934 0.9207063 0.94956607 0.82250017 0.81324995 0.9331046 0.9499852 0.84695596 0.9982889 0.88397646 0.9917044 0.9287038 0.84490544 0.9909536 0.7017341 0.8927441 0.85474247 0.85398185 0.79151636 0.2449503 0.9994702 0.4860364 0.9963353 0.951077 0.9086035 0.44805735 0.845547 0.069389276 0.79017717 0.8595537 0.7893908 0.30809873 0.4297354 0.97636604 0.05912245 0.86307687 0.51064515 0.95782346 0.79104745 0.04574179 0.06091039 0.87004375 0.76891494 0.69149625 0.33226156 0.87173676 0.5787151 0.58913714 0.85313433 0.7316788 0.11495698 0.6991895 0.040290903 0.9125142 0.5989312 0.7917835 0.77476555 0.11479027 0.0004908309 0.06001807 0.19362365 0.3120703 0.2975253 0.0115246205 0.7398654 0.028903909 0.02938579 0.0054054325 0.0049832175 0.684414 0.040754925 0.10264721 0.006302949 0.02216977 0.7248392 0.0008341598 0.029573478 2.3864695e-05 0.062752835 0.0062983525
0.9773129 2.9708986e-09 0.6150766 0.5769187 0.81148225 0.45451048 0.46127227 0.9258437 0.12841779 0.81799614 0.20326824 0.98738205 0.02394514 0.0014380751 0.015313574 0.87027526 0.004002085 0.014228597 0.0008623465 0.3595122 0.4386825 0.014755585 0.0006992294 0.0005540705 0.49960724 0.0004372029 0.6259838 0.0010182072 0.020962507 8.661956e-05 0.111778215 0.00021275322 0.00050262536 0.0059658196 7.639893e-05 0.00015305054 0.0001235497 0.15600882 0.025821123 0.00021637954 0.0004341642 2.574432e-06 0.00016994178 2.930924e-05 9.53859e-05 0.6389009 0.00011707383 3.128951e-05 0.002479452 0.45746344 3.1470143e-05 0.0017760525 6.9606385e-06 2.3603452e-05 4.835118e-06 5.972576e-05 6.694942e-05 0.0012856377 9.2440905e-06 6.780853e-05 0.00245196 0.003117766 5.1351994e-06 0.03410562 1.8715572e-06 5.942784e-06 2.4245771e-06 0.04803875 3.3973254e-05 4.1772077e-05 8.7533685e-05 0.00012525117 7.2149385e-07 0.0011486829 0.0057548243 5.917473e-07 7.267775e-07 2.2793907e-05 0.0041293195 1.8089182e-05 3.7555665e-06 8.471835e-06 1.7949951e-05 5.0957937e-07 3.4751153e-07 0.0011043394 1.13337684e-07 8.614907e-07 4.061754e-06 0.00031300748 7.957889e-07 0.003129345 4.198092e-06 0.00013916712 6.8361305e-06 8.158971e-06 6.495393e-05 3.8156286e-06 4.4630063e-08 1.529915e-05 4.0809855e-06
0.9785342 0.6150766 6.509651e-10 0.9882982 0.92920464 0.04097231 0.014115183 0.4031593 0.7691888 0.2146682 0.0041567045 0.47277248 0.8764994 0.052553095 0.06129582 0.35980532 0.0011622071 0.008060345 0.0071244827 0.0016804641 0.00558654 0.00032207544 0.0045851017 0.010370343 0.09789947 0.01417443 0.046527658 0.00048228388 0.70901245 0.0002723736 0.86936164 0.000226341 0.0018977841 0.14516775 0.00027099962 3.3771972e-05 0.00014780746 0.005351657 0.00028879853 0.002818822 0.035326194 2.0136398e-05 0.0006820058 3.3165445e-05 0.00032569707 0.863546 5.02692e-05 1.1382718e-05 0.0696435 0.4445461 7.6098067e-06 4.641229e-05 2.213576e-05 8.094104e-06 2.441241e-06 0.00072262425 0.00012822301 0.109073296 2.7886561e-05 3.2328808e-05 0.0055421405 0.015269184 7.397336e-07 0.0023530386 4.3652565e-07 3.558182e-06 5.798261e-07 0.009739759 6.8655354e-05 9.145364e-06 4.7149424e-05 0.00011936856 9.8042285e-08 0.00015618115 0.0004101149 1.4695449e-07 1.9233458e-07 5.227092e-06 0.00048598208 7.678058e-05 5.8841647e-07 6.6123437e-07 7.0994142e-06 9.0780375e-08 2.9006532e-07 5.6955298e-05 1.4385645e-07 4.0637048e-07 0.00015675506 8.430718e-05 4.815758e-06 0.00037471057 4.456952e-07 2.5123181e-05 9.17946e-06 1.0211029e-06 2.2399467e-05 3.1088305e-06 1.7617276e-07 2.460829e-06 5.9402486e-05
0.9713971 0.5769187 0.9882982 6.590783e-10 0.9149572 0.03626375 0.010614825 0.38927335 0.7700318 0.21545394 0.003424224 0.5112141 0.90809816 0.07720009 0.06802983 0.39099392 0.000949173 0.00733541 0.009085501 0.0020010034 0.005147703 0.00019237414 0.0053739073 0.01592514 0.09609232 0.021573216 0.043883745 0.0003536561 0.7909869 0.000385442 0.88893974 0.0001620897 0.0023426104 0.20192502 0.000289584 2.4897567e-05 9.852665e-05 0.004377549 0.000271539 0.0028378312 0.037878606 1.3819997e-05 0.0008493702 2.3365401e-05 0.00038615247 0.8819273 3.3461256e-05 9.280802e-06 0.088546395 0.4610016 6.450462e-06 4.773875e-05 2.561549e-05 4.7639214e-06 2.3071602e-06 0.00075882406 0.00015194048 0.10518387 2.972248e-05 5.4040025e-05 0.0051432815 0.016660508 6.531981e-07 0.0019983954 4.246292e-07 2.6610035e-06 4.818756e-07 0.0074023865 7.5788346e-05 2.383831e-05 6.904682e-05 0.00014318546 7.7683225e-08 0.00015828823 0.00032598726 1.4857946e-07 1.5368744e-07 6.859314e-06 0.00056483137 8.600206e-05 8.084973e-07 1.0978042e-06 5.0532813e-06 2.0233415e-07 3.1251992e-07 2.9729003e-05 3.3960842e-07 1.0493999e-06 0.00014147114 6.560881e-05 4.9756445e-06 0.000457239 1.4166744e-06 1.8895065e-05 1.1744863e-05 2.805457e-06 3.274712e-05 2.315468e-06 1.9107291e-07 6.8696313e-06 6.419039e-05
0.98651075 0.81148225 0.92920464 0.9149572 6.997033e-11 0.14775534 0.051466346 0.94077075 0.9553819 0.85221964 0.014889564 0.42658013 0.63346136 0.45126453 0.23334812 0.28347844 0.00832504 0.031495195 0.0999715 0.019032994 0.023953222 0.00595008 0.04036972 0.11740959 0.08016133 0.043428626 0.0715381 0.0030473475 0.19785617 0.0031223292 0.21498714 0.004352371 0.03022007 0.10854229 0.0031129695 0.00026665823 0.0021206937 0.007557835 0.0026058597 0.008672418 0.009481205 0.00031727145 0.0026355486 0.0013599466 0.009708822 0.3468588 0.00017725395 0.00024937693 0.0060947593 0.09723855 0.0006151269 0.00031349022 0.0003455897 2.1725551e-05 0.0002403847 0.0007633816 0.0026986417 0.01422859 0.0022612796 0.00020338455 0.0006403925 0.0021282518 9.043633e-05 0.0051605124 1.8257748e-05 9.157002e-05 0.00013999348 0.00658227 0.0011276822 0.0010724504 0.001189527 0.00018476091 7.795393e-05 0.00035100488 0.00045487407 0.00025570838 4.0465187e-05 0.00034487332 0.00093790866 2.4758037e-05 4.7819517e-06 1.0567741e-05 8.162948e-06 7.245733e-07 1.3044695e-06 8.2664395e-05 1.0989513e-06 3.9469236e-07 4.3875018e-05 8.962676e-05 8.277495e-06 0.0007167228 5.1341052e-05 3.5251513e-05 1.3544451e-05 0.00010903483 3.3508353e-05 9.52321e-07 4.9132982e-08 2.7997357e-05 5.776334e-05
0.9963297 0.45451048 0.04097231 0.03626375 0.14775534 1.9610877e-09 0.9835325 0.8260329 0.008313856 0.76816875 0.8994734 0.36376408 0.002665422 0.0012280595 0.010289508 0.1578399 0.2887523 0.26252767 0.0013080125 0.6876155 0.6262537 0.7353305 0.00065720716 0.0004915204 0.11019556 0.00024573557 0.27987808 0.009814356 0.00085534074 0.00030933783 0.008861705 0.0051682256 0.0006681891 0.00033590265 0.0002029581 0.0067081046 0.00084022124 0.19635329 0.2962947 4.2308067e-05 4.4008742e-05 0.0001315797 3.8144666e-05 0.00058842805 8.6677814e-05 0.06520386 0.0047028516 0.0006622669 1.276993e-05 0.080795266 0.00042383262 0.07152864 2.0626376e-06 0.00010309269 7.47859e-05 4.6623386e-06 0.00019837535 0.00013216499 6.7441186e-05 1.3516642e-05 0.00018179258 9.410269e-05 0.0001052197 0.12943248 7.364963e-05 0.0001790349 4.056913e-05 0.006225117 0.00018093089 0.0012552729 0.00035855043 9.971834e-06 7.885203e-06 0.0007699789 0.48858038 5.6677814e-05 6.485829e-05 0.00024813478 0.010046705 1.51432205e-05 6.1823175e-06 1.3942675e-05 0.00030836317 6.8279184e-07 4.9039383e-05 0.25267893 4.0309524e-06 1.5622255e-06 9.142229e-07 0.00010788176 7.823593e-08 0.004638612 9.2082355e-06 0.0001693674 9.935036e-07 3.3947344e-05 0.0001025387 0.002465712 4.1883865e-08 1.553489e-05 4.41033e-06
0.9647905 0.46127227 0.014115183 0.010614825 0.051466346 0.9835325 4.7726384e-10 0.49420953 0.0031099177 0.38043773 0.9691166 0.15601447 9.820442e-05 0.00024837485 0.0031303868 0.06584538 0.22405122 0.07334369 0.00031021526 0.8753922 0.8301865 0.91477734 9.801569e-05 3.7509544e-05 0.045522127 2.5625852e-05 0.22013935 0.0060396087 0.00010928979 5.8291604e-05 0.0014555652 0.00093938335 4.1716063e-05 1.3657139e-05 1.261384e-05 0.0021931068 0.00028760842 0.16446796 0.48905233 7.3527403e-06 1.0064123e-05 1.1396523e-05 5.3951317e-06 0.000117008865 5.4352117e-06 0.012540094 0.006946693 0.00021390656 1.43951975e-05 0.02360714 6.649737e-05 0.070973076 2.0981845e-06 4.842906e-05 5.744474e-06 3.977544e-06 1.2117314e-05 4.873215e-05 1.0561514e-05 4.2795327e-06 0.000118727774 3.2245513e-05 1.7896604e-05 0.075857796 1.0426877e-05 4.0588173e-05 2.8154595e-06 0.0010813248 7.306286e-06 9.24012e-05 6.279349e-05 2.007014e-05 2.9520666e-07 0.0008328546 0.6564491 1.1574673e-06 8.297792e-06 3.542409e-05 0.013256769 5.2266758e-05 5.31998e-06 1.4443425e-05 7.718893e-05 6.0629924e-07 2.5428368e-05 0.22308011 3.3061926e-07 2.3702241e-06 1.8124148e-07 3.8361213e-05 4.1203876e-07 0.010848377 4.0124964e-06 0.00015063433 9.046808e-07 6.3554617e-06 0.00031212898 0.005944414 2.7730513e-07 6.095136e-06 4.5562882e-07
0.97451013 0.9258437 0.4031593 0.38927335 0.94077075 0.8260329 0.49420953 3.5273484e-10 0.7079668 0.9920638 0.19161618 0.33074835 0.046824668 0.032813054 0.06716952 0.16548072 0.18581629 0.20320371 0.02006273 0.0873603 0.11376498 0.0962032 0.00640278 0.0051042787 0.049100924 0.0020812787 0.090104274 0.017145164 0.013874995 0.0015320227 0.019560482 0.02210822 0.0036211866 0.0081117805 0.0018088545 0.0010826729 0.0019469497 0.020923894 0.009063886 0.00043646424 0.0004958273 0.0002091875 0.00026579856 0.0015288788 0.0012643866 0.10049927 0.00016006124 0.00013586164 0.000445025 0.05096999 0.0005083152 0.0007784985 5.4672284e-05 6.492073e-05 0.0003455668 0.000117665506 0.0009447024 0.0006877341 0.0007012097 1.4582062e-05 0.0002006831 0.00022634682 0.00015649128 0.012323974 1.1588817e-05 0.00011480504 0.00017911142 0.0037111798 0.0004994643 0.00046106125 0.00066121866 4.629059e-05 7.7866694e-05 0.00033738173 0.004554901 0.00032735744 6.380643e-05 0.00013150819 0.0019682173 4.7258163e-06 1.3776586e-05 1.8646866e-05 2.0076724e-05 2.8079705e-06 1.6659775e-06 0.0012435797 4.876179e-06 2.2576621e-06 1.5068231e-06 3.778525e-05 8.445004e-08 0.00047270334 2.6272608e-05 3.0470248e-05 8.193811e-06 0.00011616786 8.381164e-06 3.2717574e-06 2.3586493e-08 1.7909733e-05 5.88831e-06
0.98818034 0.12841779 0.7691888 0.7700318 0.9553819 0.008313856 0.0031099177 0.7079668 3.190353e-11 0.3448496 0.0005453478 0.043858454 0.94019955 0.95549023 0.49102375 0.02640671 0.002074934 0.00604472 0.48765776 0.00060952385 0.0011865721 0.00029368402 0.4928696 0.78512967 0.007807755 0.50918263 0.0053553 0.0008030027 0.6800503 0.0035834862 0.34226304 0.001152828 0.22109313 0.70634985 0.0032623156 7.965763e-05 0.0010509108 0.00090015226 0.00011938917 0.088253684 0.07002405 0.000319601 0.015470691 0.00072614953 0.020177031 0.07343534 5.7181594e-05 0.00018499028 0.0056382166 0.0048720306 0.00026668186 0.00010984986 0.0008381217 1.4704997e-05 4.9363614e-05 0.009903885 0.0046529802 0.048593637 0.0012023024 0.0009767073 0.00010312416 0.0006947749 4.0639257e-05 0.0005743617 1.004599e-05 5.101556e-05 2.8846312e-05 0.00076980307 0.0011850946 0.00070666766 0.0005165535 0.00031681976 1.1431487e-05 0.00018580111 4.1348976e-05 7.193915e-05 1.21718995e-05 0.0001506224 0.00052047527 3.707718e-05 1.1264272e-06 7.0219376e-06 5.6661306e-06 7.232085e-07 5.0322154e-07 1.2871804e-05 9.804842e-07 5.2944375e-07 0.00020213811 2.1295571e-05 0.002238287 0.00045155402 1.3126379e-05 2.5997992e-05 1.3309078e-05 5.415579e-05 1.1050536e-05 3.4821215e-07 8.016961e-07 2.3673065e-05 0.0008867005
0.99572915 0.81799614 0.2146682 0.21545394 0.85221964 0.76816875 0.38043773 0.9920638 0.3448496 9.894108e-10 0.24293125 0.27803972 0.029525923 0.031223604 0.13507836 0.15768668 0.20071687 0.33498153 0.037662372 0.075437956 0.11025085 0.07007363 0.0073613646 0.004497207 0.05412985 0.002401418 0.12499124 0.049641456 0.00921657 0.0046690893 0.01615461 0.10196944 0.005016401 0.0054617804 0.0018538554 0.00088435615 0.03379237 0.03147469 0.012657977 0.0005072486 0.00064943556 0.0024396782 0.00043985795 0.015022561 0.0030728038 0.07186494 0.00040465905 0.0014459984 0.0002368299 0.039396245 0.0023314776 0.0013003286 6.995213e-05 5.370115e-05 0.0016934569 0.000101896585 0.0018676773 0.0007244883 0.0032082591 2.2330469e-05 0.00013206233 0.00013283764 0.00029387875 0.012722027 9.913552e-05 0.0008961099 0.00080083695 0.0054423553 0.0016801981 0.00081342424 0.002597514 5.092879e-05 0.00016260419 0.00036259342 0.003094405 0.0011314718 0.0001824907 0.00022838415 0.0015289051 1.1076112e-05 2.2971039e-05 1.8536706e-05 2.6043204e-05 4.195295e-06 0.00013588731 0.0013012635 1.7393277e-05 7.5644543e-06 1.8200229e-06 6.3173524e-05 7.6574466e-08 0.0005956911 4.7438174e-05 6.7074354e-05 2.3798444e-05 0.00018988956 1.23634745e-05 4.5849724e-06 1.8495605e-08 1.3740882e-05 1.3168006e-05
0.9705313 0.20326824 0.0041567045 0.003424224 0.014889564 0.8994734 0.9691166 0.19161618 0.0005453478 0.24293125 7.736682e-11 0.17251737 3.2266187e-05 3.568491e-05 0.00051028066 0.081694394 0.031186733 0.01603377 3.663704e-05 0.9718086 0.9097837 0.3591213 1.422007e-05 8.29035e-06 0.09205447 3.8103412e-06 0.40272313 0.0012194599 6.5409076e-05 5.965679e-06 0.0009096701 8.61817e-05 1.6403194e-06 4.4316894e-06 1.9500408e-06 0.0001862521 2.2884757e-05 0.54718214 0.7683927 2.0622108e-06 2.9506382e-06 6.075865e-07 1.0036964e-06 1.4596004e-05 3.6302558e-07 0.010041594 0.0059250663 1.7193835e-05 3.7096224e-06 0.04723589 4.193219e-06 0.24938288 2.8796202e-07 2.1000755e-05 4.64852e-07 6.8022325e-07 5.5902757e-07 2.2813067e-05 7.277596e-07 5.6044377e-07 0.00017750009 4.1592797e-05 1.3283674e-06 0.38409182 8.898722e-07 2.2318407e-06 2.6826808e-07 0.0228434 4.8724945e-07 2.243106e-05 4.636245e-06 5.4738666e-06 2.6139857e-08 0.0041966257 0.39038345 2.0818592e-07 3.920622e-07 3.4886714e-06 0.0526518 1.9291474e-05 1.3240697e-06 9.442704e-07 3.0732288e-05 1.0075319e-07 1.1271632e-06 0.55632824 3.8358188e-08 2.6618144e-07 5.727576e-08 0.00027013544 1.797748e-07 0.035240095 1.4834902e-06 0.0013918012 1.5275197e-07 1.8442474e-07 0.00016049827 0.00032436725 4.8459988e-08 1.2524353e-06 1.2990486e-07
0.95479065 0.98738205 0.47277248 0.5112141 0.42658013 0.36376408 0.15601447 0.33074835 0.043858454 0.27803972 0.17251737 3.3601761e-09 0.003517565 0.0024740854 0.013596755 0.98872477 0.007453158 0.008021628 0.0007990781 0.060631856 0.25136676 0.0011940416 0.00064939563 0.00014449259 0.8877609 8.34488e-05 0.82213426 0.00027868015 0.00063365523 7.0460774e-05 0.018858064 5.8882284e-05 2.0150592e-05 0.00010147271 3.428071e-05 0.0001440644 5.37386e-05 0.12113652 0.004083326 0.00013516752 0.0001376522 6.541135e-06 5.5583478e-05 4.1896514e-05 4.278529e-06 0.46639767 0.00012648889 2.9706045e-05 0.0007815152 0.62108266 6.786264e-06 0.00086536875 1.2100137e-06 3.4072702e-05 1.6175381e-06 3.0799038e-05 2.2121494e-05 0.00038675286 1.4127266e-06 4.0463527e-07 0.005816866 0.0031361762 2.8832133e-06 0.02379683 3.2590583e-06 7.762165e-07 1.5371383e-07 0.15347518 1.3741804e-06 2.1954986e-06 1.3754837e-06 3.725916e-05 3.4710496e-08 0.0033179177 0.0013071016 5.0881912e-08 5.2941493e-07 1.7639645e-06 0.0028176354 0.00028597802 2.1271367e-06 8.329804e-07 2.7656338e-06 9.871159e-08 1.8384638e-06 0.00038357885 1.5672066e-08 2.1118164e-07 1.6361744e-06 0.0016169684 3.7944164e-07 0.0024459285 3.2881546e-06 0.00048215923 1.0429916e-06 9.810134e-09 7.215806e-05 1.7288651e-06 2.1347381e-07 1.1055232e-06 2.659291e-06
0.95499265 0.02394514 0.8764994 0.90809816 0.63346136 0.002665422 9.820442e-05 0.046824668 0.94019955 0.029525923 3.2266187e-05 0.003517565 1.4328028e-11 0.29750705 0.044488054 0.007665409 5.0690433e-05 0.0012577606 0.005981754 8.338035e-06 2.7924509e-05 2.2262966e-06 0.0036899098 0.10790304 0.0030463014 0.12970951 0.0008344793 2.7882756e-05 0.9838545 6.29707e-05 0.9315799 6.9115963e-06 0.002592425 0.76169866 9.103036e-05 7.0054302e-06 2.7950125e-06 7.905635e-05 4.1759128e-07 0.011802025 0.34933722 5.4123524e-07 0.0007061839 3.9754323e-06 0.00041919335 0.15606505 1.2432418e-05 2.1012063e-06 0.13913643 0.0029979532 4.2655952e-07 1.110927e-06 1.1208618e-05 1.5087915e-06 5.4938965e-08 0.013105328 4.474473e-05 0.36038566 3.7621016e-06 0.00032668753 0.00048975874 0.0031551493 2.8598362e-07 1.5346042e-05 6.9479535e-07 1.5104624e-07 1.11601295e-07 0.00037538266 2.2259645e-05 3.6387133e-05 8.033979e-06 3.0404586e-05 2.251691e-08 1.5314288e-05 9.962018e-07 1.3493485e-07 2.627556e-07 6.0569673e-06 9.588886e-06 0.00046158652 9.3659503e-07 1.8051707e-06 2.0148265e-07 5.8017378e-08 5.831615e-08 1.205341e-06 5.9288268e-09 1.0245819e-07 0.0019765277 3.7471826e-05 6.7305285e-05 1.7204422e-06 3.8026505e-07 1.7000921e-06 1.9801641e-06 4.6735078e-08 5.9697372e-06 3.916117e-08 4.1767453e-07 8.019469e-07 0.0011429162
0.98241454 0.0014380751 0.052553095 0.07720009 0.45126453 0.0012280595 0.00024837485 0.032813054 0.95549023 0.031223604 3.568491e-05 0.0024740854 0.29750705 3.6263173e-11 0.6458981 0.0014000862 0.00015491004 0.0014511491 0.7363718 2.9124116e-05 6.154091e-05 1.3794583e-05 0.88526905 0.98194414 0.00042676428 0.7025406 0.0002260502 0.00013402807 0.24801663 0.004625545 0.029260235 0.00013788934 0.8989389 0.50687844 0.0050073196 2.0516716e-05 0.00023334638 6.730901e-05 2.6377006e-06 0.46540952 0.016143676 8.341681e-05 0.1713787 0.00013875456 0.23000066 0.007812701 2.5170399e-05 3.558805e-05 0.0034209487 0.00044845656 6.1487706e-05 5.9589806e-06 0.0058593075 9.596049e-06 1.6844255e-05 0.007856058 0.005504851 0.005550291 0.00027810616 0.013765396 1.2212596e-05 0.00017202667 3.5468915e-05 3.798439e-05 4.117361e-06 2.0008458e-06 6.965167e-06 7.522503e-05 0.0013758289 0.00090207986 0.0004228056 0.0009033544 5.619415e-06 7.2934276e-06 6.605024e-06 5.924396e-05 4.5158563e-06 0.00014446117 0.00010825506 1.2141501e-05 2.2415995e-06 6.993995e-06 6.388284e-07 2.29475e-07 3.8027178e-08 4.0156856e-06 1.923724e-07 3.5386003e-07 6.458159e-05 9.2360057e-07 0.057903413 2.9131146e-05 2.6888487e-05 5.1318534e-07 9.116154e-05 4.7056576e-05 1.5217075e-06 5.5331504e-09 5.1867364e-06 2.4567802e-05 0.004552373
0.9999723 0.015313574 0.06129582 0.06802983 0.23334812 0.010289508 0.0031303868 0.06716952 0.49102375 0.13507836 0.00051028066 0.013596755 0.044488054 0.6458981 7.598681e-12 0.0052484465 0.0033540248 0.015011075 0.9877762 0.00045862887 0.00087937363 0.0007006062 0.8810453 0.22451733 0.0016357221 0.046094984 0.0025091837 0.003299465 0.011890541 0.5159532 0.0047710035 0.0106578395 0.5485079 0.033142373 0.7316441 0.00020694017 0.011065924 0.0003904654 0.000224589 0.064626515 0.0013113486 0.048331305 0.07767957 0.014863027 0.6728999 0.011355478 0.00029058044 0.0009426738 0.0005369872 0.00062084506 0.0026636787 0.00011988136 0.03783935 7.984838e-05 0.0054196045 0.0005643825 0.16947092 0.00068042736 0.12767902 0.116251655 5.3553857e-05 0.00020645975 0.0016496041 0.0004565573 8.3150975e-05 0.00010208703 0.0030042385 0.00028740827 0.0831676 0.08279494 0.02076961 0.007755951 0.0010922758 0.000114141934 0.00038523108 0.0076482664 0.00086986506 0.0146013945 0.0005910044 7.4206628e-06 0.00020335351 0.00044675826 6.9574824e-05 9.225385e-06 1.0046583e-05 5.168859e-05 0.000118936194 1.4198082e-06 4.9294602e-05 2.7592338e-05 0.06998023 0.0004619926 0.00089035317 4.6329285e-05 0.0032219342 0.004578606 2.7029095e-05 4.7284826e-07 8.3435625e-06 0.00044497327 0.00021778836
0.86111486 0.87027526 0.35980532 0.39099392 0.28347844 0.1578399 0.06584538 0.16548072 0.02640671 0.15768668 0.081694394 0.98872477 0.007665409 0.0014000862 0.0052484465 1.976202e-12 0.0018060516 0.002708093 0.0006679613 0.099426344 0.43082133 0.000925857 0.000441192 0.0001779226 0.98469955 0.00011428027 0.8518592 9.6293676e-05 0.0034809748 1.9295741e-05 0.101916194 2.1322561e-05 1.5191359e-05 0.00013955933 5.8077117e-06 0.00015974345 1.12233265e-05 0.093534686 0.0038577593 0.0002409624 0.00015748374 2.406403e-07 4.2951866e-05 6.094363e-06 6.0032103e-06 0.7631378 9.345937e-05 1.2175348e-05 0.007889201 0.8792794 1.4904687e-06 0.001668481 3.3047222e-06 3.301781e-05 3.8858582e-07 3.41192e-05 2.8936547e-05 0.001252899 2.2528234e-06 3.7907437e-06 0.009761477 0.0061434424 6.1526936e-07 0.010483203 1.8599044e-06 3.272892e-07 7.456957e-08 0.19376409 3.6270995e-07 8.467844e-08 1.0591047e-05 9.026624e-05 1.7014293e-07 0.004182534 0.0008638236 1.0976529e-07 4.6348103e-07 6.6093403e-06 0.0032427863 0.0034146903 4.103461e-06 6.7974433e-06 5.393859e-07 2.855782e-06 1.4445717e-06 5.0642597e-05 6.1658985e-09 1.3404684e-06 6.3403086e-06 0.0016405082 5.48614e-07 0.001537807 5.8405594e-06 0.00052001164 3.945571e-06 5.90415e-08 2.049769e-05 2.4074259e-06 3.5515406e-08 7.0729297e-06 7.2238606e-07
0.92872334 0.004002085 0.0011622071 0.000949173 0.00832504 0.2887523 0.22405122 0.18581629 0.002074934 0.20071687 0.031186733 0.007453158 5.0690433e-05 0.00015491004 0.0033540248 0.0018060516 1.2220219e-10 0.99129224 0.00084303453 0.018788457 0.017596088 0.972551 0.0001666289 2.0943873e-05 0.0011350152 2.1771513e-05 0.0046387888 0.8059692 3.281337e-05 0.0005946132 0.0003895833 0.03687713 6.8408895e-05 3.2414537e-05 9.092199e-05 0.9701431 0.01839562 0.0020277973 0.013469122 1.0193249e-05 8.16836e-06 0.00045138225 1.0033993e-05 0.005270132 2.433657e-05 0.0005755171 0.4465628 0.003158741 1.3070785e-06 0.0006154833 0.0013307837 0.0005215266 2.5524641e-06 0.6438412 0.00040939765 2.8913528e-06 6.5880224e-05 1.5657068e-06 5.5039163e-05 1.2351412e-06 5.3256854e-06 1.7265065e-05 0.00020595141 0.0006630572 0.00015094694 0.00095386314 0.00021302143 1.0158652e-05 6.1510575e-05 0.0009967065 0.0004204483 1.3570593e-05 6.122206e-05 0.000101770325 0.08644504 0.00018451191 0.00027657475 0.0001343776 9.013926e-05 1.2345995e-06 1.7243805e-05 1.7977463e-05 0.22951068 1.664338e-05 0.0046041054 0.0062481733 1.152119e-07 1.0684868e-05 1.2371664e-08 2.878596e-07 5.2490666e-08 0.0002494038 1.5174679e-05 5.9414187e-06 2.8347165e-07 0.0001315546 0.0035054772 0.032571957 1.6674905e-08 5.5868513e-06 1.4056518e-07
0.9999157 0.014228597 0.008060345 0.00733541 0.031495195 0.26252767 0.07334369 0.20320371 0.00604472 0.33498153 0.01603377 0.008021628 0.0012577606 0.0014511491 0.015011075 0.002708093 0.99129224 5.0319623e-12 0.0049050236 0.007613782 0.0062481402 0.1279477 0.001250078 0.0006901667 0.0012500529 0.0004228338 0.0043344786 0.93515867 0.00037363824 0.00838495 0.0008567584 0.44180602 0.0008129073 0.00042329478 0.0020987452 0.08125865 0.14965877 0.0012683363 0.0035770582 9.659241e-05 9.946972e-05 0.0095582865 0.00022314175 0.040625516 0.0011131134 0.003054036 0.010967204 0.01373134 4.3215464e-06 0.0018870422 0.008303105 0.00039534247 7.158157e-05 0.06636237 0.00785771 4.1953248e-05 0.0012558105 4.6350273e-05 0.0026010193 4.32119e-05 4.6365705e-05 8.89604e-05 0.0018382607 0.0008997343 0.0004887252 0.0019632757 0.0026269504 5.2767728e-06 0.0026056296 0.004327228 0.0032293831 0.00013286842 0.00073363126 0.00012676133 0.017993048 0.0010890124 0.0010824396 0.001928876 0.0003142898 5.659952e-06 0.0002046147 0.00023610084 0.020215876 0.00014299742 0.0015657428 0.0036971325 0.0001426358 0.00015508269 5.164377e-08 6.196369e-07 1.0603675e-06 0.00021595506 0.00044154286 7.899993e-06 5.0472347e-05 0.0027390893 0.00012422503 0.0017040682 7.216524e-08 0.00028610873 1.7147411e-05
0.96000224 0.0008623465 0.0071244827 0.009085501 0.0999715 0.0013080125 0.00031021526 0.02006273 0.48765776 0.037662372 3.663704e-05 0.0007990781 0.005981754 0.7363718 0.9877762 0.0006679613 0.00084303453 0.0049050236 1.1472217e-10 3.1676278e-05 3.2013715e-05 3.325403e-05 0.98801863 0.17751732 0.00016474999 0.03376331 6.850179e-05 0.0010663467 0.0026038415 0.15151945 0.0010652042 0.001798423 0.8205448 0.020737372 0.21344525 4.4750832e-05 0.005996799 9.385815e-06 2.0876616e-06 0.08960672 0.0007299735 0.0042802333 0.12392374 0.0045174076 0.7708751 0.0013820558 2.8794253e-05 0.00035986744 0.0008027531 0.00018912597 0.0006924583 2.230327e-05 0.041319493 6.738454e-05 0.00050893804 0.000688939 0.101367384 0.00028621487 0.012986563 0.12227236 2.7304055e-05 0.00013750365 9.128682e-05 3.8261976e-05 6.7475244e-06 2.0050587e-05 0.00018569219 1.5491278e-05 0.032154176 0.008546404 0.0034069133 0.0076390672 0.00013298949 3.529662e-05 1.6957209e-05 0.0015457572 1.4060995e-05 0.0007996097 4.22355e-05 8.581776e-06 1.1519826e-05 3.890275e-05 1.0521844e-05 1.1566839e-06 3.6466283e-06 2.7852393e-06 3.233073e-06 1.5394098e-06 3.6788853e-05 1.2374385e-05 0.051811777 0.00031794998 0.0001462304 5.288067e-06 0.0031503008 0.00022694339 1.2538808e-05 1.1925137e-06 5.6811937e-06 0.00020224164 0.00070372666
0.95890176 0.3595122 0.0016804641 0.0020010034 0.019032994 0.6876155 0.8753922 0.0873603 0.00060952385 0.075437956 0.9718086 0.060631856 8.338035e-06 2.9124116e-05 0.00045862887 0.099426344 0.018788457 0.007613782 3.1676278e-05 2.514457e-10 0.97175884 0.09590013 1.3956496e-05 9.924279e-07 0.08096183 3.2547763e-07 0.61867815 0.0010834445 2.3875157e-06 7.1509207e-06 7.3538664e-05 9.3587456e-05 1.9024301e-06 4.391931e-07 1.2835354e-06 0.00012405148 7.490682e-05 0.9187457 0.9423602 1.1806577e-06 1.7184941e-06 6.895851e-07 9.758907e-07 2.0531455e-05 5.2218235e-07 0.00092743535 0.007242459 1.6207601e-05 1.5547934e-05 0.027085021 5.3197873e-06 0.35355085 1.1311798e-06 0.000112840564 1.112945e-06 1.8342539e-06 1.0927217e-06 1.3540731e-05 3.486375e-07 1.3171917e-06 6.0879647e-05 4.9421553e-05 1.4775247e-06 0.75591815 9.890302e-07 6.9076623e-06 6.791576e-07 0.20572113 1.7227736e-06 8.3988625e-06 5.737017e-06 2.8004197e-05 9.268922e-08 0.017769082 0.12685475 9.968538e-07 3.8032965e-07 1.33151725e-05 0.12420494 2.0104775e-05 2.3869488e-06 2.4964665e-05 7.0421745e-05 5.2089064e-07 3.9526007e-05 0.5570707 9.904522e-08 2.1180235e-06 1.8638775e-07 0.0025896672 4.7194902e-07 0.152045 4.8406964e-06 0.002986348 3.20929e-06 4.187113e-06 0.00035902346 0.00012329781 9.492584e-08 3.6286756e-06 3.0020257e-07
0.9674364 0.4386825 0.00558654 0.005147703 0.023953222 0.6262537 0.8301865 0.11376498 0.0011865721 0.11025085 0.9097837 0.25136676 2.7924509e-05 6.154091e-05 0.00087937363 0.43082133 0.017596088 0.0062481402 3.2013715e-05 0.97175884 3.433497e-12 0.02727826 1.4033989e-05 9.612686e-07 0.28327283 2.8680958e-07 0.8588424 0.0005056512 9.181763e-06 6.143128e-06 0.00018339636 3.1388106e-05 5.301319e-07 6.2107273e-07 8.3029255e-07 0.00010678751 1.6052021e-05 0.95846045 0.9363105 4.807061e-07 1.920916e-06 1.8679648e-07 1.4593393e-06 6.1603237e-06 1.6081839e-07 0.004794292 0.001452074 4.6500877e-06 7.4094405e-06 0.1535562 1.4906378e-06 0.3187263 3.3282996e-07 3.1597745e-05 1.1554838e-07 8.125189e-07 7.8529666e-07 2.7706934e-05 2.428466e-07 1.7987453e-06 0.00012476645 6.023629e-05 3.999768e-07 0.82750684 3.475834e-07 2.4478127e-06 3.7303476e-08 0.31616023 4.6648094e-07 5.9133017e-06 2.6833961e-06 7.794973e-06 1.9042288e-08 0.022487972 0.12946346 8.805568e-08 7.3120844e-08 2.190519e-06 0.15702817 4.9645412e-05 2.3062846e-06 4.643772e-06 2.0424455e-05 2.4558435e-07 3.2683522e-06 0.5487145 8.464533e-08 1.180024e-06 1.09503276e-07 0.0008656313 3.8979283e-07 0.123003826 3.1374445e-06 0.002520843 5.586667e-07 2.138586e-06 0.00025724003 2.7353472e-05 2.1290015e-08 4.7325007e-06 1.4770252e-07
0.869934 0.014755585 0.00032207544 0.00019237414 0.00595008 0.7353305 0.91477734 0.0962032 0.00029368402 0.07007363 0.3591213 0.0011940416 2.2262966e-06 1.3794583e-05 0.0007006062 0.000925857 0.972551 0.1279477 3.325403e-05 0.09590013 0.02727826 1.10955936e-13 9.061975e-06 3.0615552e-06 0.0011096983 2.1983544e-06 0.0068998807 0.08131299 8.164988e-06 1.2844128e-05 3.7170146e-05 0.0019247241 1.5044193e-06 8.731034e-07 5.8826977e-06 0.94391197 0.0007657699 0.014794581 0.39693853 2.8675993e-06 5.927471e-07 6.317581e-07 1.0554471e-06 0.00015770661 9.4962655e-07 0.00019571264 0.9843097 0.00017609543 9.989399e-07 0.00044689613 6.526962e-05 0.024042798 4.2719034e-06 0.0009986432 6.707439e-06 4.980442e-07 6.797399e-06 2.7192732e-07 8.636526e-07 1.164367e-06 8.691286e-06 1.2819323e-05 2.0830272e-05 0.004715741 9.2357413e-07 5.733374e-06 2.9945043e-06 3.368329e-05 1.5888367e-06 1.3478406e-06 6.248727e-05 1.5949616e-05 1.6003987e-06 0.00016034803 0.76748616 2.3721653e-07 3.467688e-06 6.790375e-06 0.0033881527 4.2474463e-07 1.5806768e-06 9.063375e-06 0.008087183 7.5929125e-07 0.00040267973 0.123667814 3.2074217e-09 1.624542e-07 5.4038933e-09 1.0393728e-05 6.321109e-08 0.016470624 2.3362427e-06 3.7941416e-05 6.655773e-08 8.12139e-08 0.2524197 0.45228225 9.322948e-08 5.442258e-07 7.980102e-09
0.9207063 0.0006992294 0.0045851017 0.0053739073 0.04036972 0.00065720716 9.801569e-05 0.00640278 0.4928696 0.0073613646 1.422007e-05 0.00064939563 0.0036899098 0.88526905 0.8810453 0.000441192 0.0001666289 0.001250078 0.98801863 1.3956496e-05 1.4033989e-05 9.061975e-06 1.05895796e-11 0.23833832 9.798682e-05 0.04201163 3.0737327e-05 0.00019734829 0.0036975963 0.08686527 0.0006245602 0.0010376808 0.95883244 0.019956393 0.6195703 2.7526394e-05 0.0021079804 1.2556098e-05 1.8763315e-07 0.07898642 0.00035828332 0.0022361253 0.3884751 0.0016544504 0.95582235 0.00056886626 5.1950705e-05 0.00018399075 0.000806407 6.6561326e-05 0.000704152 4.5790252e-06 0.1488357 1.5464708e-05 0.00064882886 0.00035443692 0.3271912 0.00024775762 0.020906648 0.14037424 5.3487124e-06 2.9960796e-05 0.00018574657 1.1309399e-05 1.1136675e-05 4.0797167e-06 0.00017578015 3.45464e-06 0.08756979 0.011996235 0.0037659628 0.024164774 0.00023619992 2.127248e-06 8.5309836e-07 0.0012579369 4.5679837e-05 0.00095388765 1.9545216e-05 6.4080386e-06 1.4060353e-05 6.6304485e-05 1.034346e-06 3.2445897e-07 3.852531e-07 5.8883126e-07 2.869212e-07 4.6324993e-07 3.154629e-05 4.383537e-07 0.04345249 8.003314e-06 0.00016996982 2.6452088e-07 0.0032426922 0.00028395938 1.9578672e-06 1.09163105e-08 6.8082913e-06 0.00040742566 0.00053296256
0.94956607 0.0005540705 0.010370343 0.01592514 0.11740959 0.0004915204 3.7509544e-05 0.0051042787 0.78512967 0.004497207 8.29035e-06 0.00014449259 0.10790304 0.98194414 0.22451733 0.0001779226 2.0943873e-05 0.0006901667 0.17751732 9.924279e-07 9.612686e-07 3.0615552e-06 0.23833832 5.102628e-10 3.3120687e-05 0.9933154 4.0545324e-06 2.8912993e-05 0.1035952 0.0010892223 0.009342909 2.1942938e-05 0.38533875 0.6059703 0.0031666043 1.5494603e-05 3.0081217e-05 3.1790569e-06 1.609749e-07 0.8390257 0.013053234 3.4880744e-05 0.0730891 5.361002e-05 0.018790822 0.00029568808 1.4568622e-05 1.1063063e-05 0.0011571927 0.000104395986 1.6518996e-05 9.601449e-06 0.0008082105 2.4253115e-05 2.9374646e-06 0.008627871 0.00024823917 0.0037872358 4.6650763e-05 0.06725059 1.578805e-05 0.000107193824 4.47795e-06 9.649877e-07 3.7015895e-06 5.0082815e-07 1.4117638e-06 2.931129e-06 0.0002955973 0.00048507206 1.8156828e-05 0.00067713374 1.5805601e-07 2.3744797e-06 3.4637728e-07 9.764603e-07 1.1539537e-06 1.1575452e-05 2.1242477e-06 1.2859337e-05 6.357074e-06 6.8155864e-06 3.6459448e-07 5.120604e-07 7.3818245e-07 4.303428e-07 2.8514046e-07 7.592536e-07 0.00019350705 1.1878508e-06 0.023432504 3.250057e-06 1.75319e-05 7.895102e-07 4.668588e-05 2.209766e-06 1.5968686e-05 4.132512e-07 1.0328474e-05 1.2602764e-05 0.010680652
0.82250017 0.49960724 0.09789947 0.09609232 0.08016133 0.11019556 0.045522127 0.049100924 0.007807755 0.05412985 0.09205447 0.8877609 0.0030463014 0.00042676428 0.0016357221 0.98469955 0.0011350152 0.0012500529 0.00016474999 0.08096183 0.28327283 0.0011096983 9.798682e-05 3.3120687e-05 2.05353e-12 2.5585241e-05 0.98942685 3.705738e-05 0.0001652934 6.220534e-06 0.004880273 2.4313686e-06 1.3791418e-06 4.297641e-05 2.4731946e-06 0.0002129211 2.8918655e-06 0.2596444 0.0021161693 0.00011193712 4.925372e-05 1.652993e-07 2.680892e-06 1.1263111e-06 1.1504264e-06 0.05913923 9.20253e-06 2.3964876e-06 0.00071907457 0.95470786 1.2014289e-06 0.001889858 3.020593e-06 1.8684657e-05 2.9962052e-07 3.2514151e-06 7.06289e-05 7.853919e-05 5.54353e-07 6.608085e-08 0.0056163347 0.00067341886 3.2402855e-07 0.03307879 1.2265839e-06 7.940236e-08 3.7816355e-07 0.7085197 3.9450495e-07 7.826589e-07 1.232009e-05 3.721956e-05 5.0505474e-07 0.018983765 0.000420883 1.5996197e-07 6.599278e-07 6.4233745e-07 0.005648749 0.00034385014 2.91241e-06 1.7257813e-06 5.7129668e-08 8.281585e-08 6.149986e-08 4.8309772e-05 3.2774335e-07 2.0142418e-06 1.4293836e-06 0.00694117 1.06157295e-07 0.0019516058 1.757944e-06 0.00046167 2.9042642e-06 7.731586e-09 2.5234465e-06 2.9915643e-06 1.06887505e-07 1.7290342e-05 1.1718178e-07
0.81324995 0.0004372029 0.01417443 0.021573216 0.043428626 0.00024573557 2.5625852e-05 0.0020812787 0.50918263 0.002401418 3.8103412e-06 8.34488e-05 0.12970951 0.7025406 0.046094984 0.00011428027 2.1771513e-05 0.0004228338 0.03376331 3.2547763e-07 2.8680958e-07 2.1983544e-06 0.04201163 0.9933154 2.5585241e-05 1.3521192e-09 2.9263501e-06 1.0626316e-05 0.28415367 0.00030739978 0.028161105 8.110732e-06 0.055804595 0.9894461 0.0007676565 1.2512611e-05 4.7635444e-06 1.3826779e-06 8.1317125e-08 0.971463 0.07919975 5.61567e-06 0.022042532 1.2772086e-05 0.003267346 0.00014867506 1.0134103e-05 1.0346405e-05 0.0031048665 0.0001233038 3.11599e-06 5.6769886e-07 0.00013385498 9.491889e-06 3.7142541e-07 0.059586763 6.631871e-05 0.010533265 1.6992306e-05 0.011598748 1.4531878e-05 4.540582e-05 7.978383e-07 6.111093e-07 1.4137362e-06 2.2071615e-07 2.549704e-07 5.3307667e-06 5.8650327e-05 9.802701e-05 6.719789e-06 0.00034318923 7.439157e-08 3.5495968e-06 3.6324306e-07 9.3309524e-08 3.0947987e-07 4.729112e-06 2.0423869e-07 2.8244758e-05 1.3431685e-06 5.2725222e-06 9.758264e-07 1.4015758e-07 3.5432436e-07 5.496059e-07 6.483525e-08 1.2879312e-06 0.002274366 6.0444717e-07 0.009533211 2.3237756e-07 4.7157673e-06 6.092649e-08 1.6097016e-05 1.124433e-06 1.9839814e-05 1.6219607e-06 1.7654464e-05 1.2574433e-05 0.044128098
0.9331046 0.6259838 0.046527658 0.043883745 0.0715381 0.27987808 0.22013935 0.090104274 0.0053553 0.12499124 0.40272313 0.82213426 0.0008344793 0.0002260502 0.0025091837 0.8518592 0.0046387888 0.0043344786 6.850179e-05 0.61867815 0.8588424 0.0068998807 3.0737327e-05 4.0545324e-06 0.98942685 2.9263501e-06 5.512057e-11 0.00014130193 1.7404791e-05 5.5006917e-06 0.00046024963 3.4932293e-06 3.4886168e-07 2.9800972e-06 1.4763797e-06 0.0007597719 2.5342147e-06 0.9683078 0.047916275 1.08264085e-05 1.0670545e-06 2.240983e-07 1.0680186e-06 5.2530953e-07 4.0107307e-07 0.0051560067 5.4966407e-05 2.512458e-06 9.1826594e-05 0.6796928 1.3562099e-06 0.07478143 3.7172576e-06 5.8880883e-05 1.4368042e-07 3.5738321e-06 2.7561013e-05 3.6719553e-05 3.516411e-07 8.0070166e-08 0.0007169156 0.00017225652 9.57594e-07 0.2157169 4.2991084e-07 1.4539306e-07 2.0374378e-07 0.92124474 6.7672204e-07 9.3727687e-07 6.0123257e-06 2.7645594e-05 1.8240219e-07 0.04933933 0.007213539 4.9590355e-08 6.1908105e-07 1.7471203e-06 0.04008985 6.319485e-05 3.1992122e-06 3.826411e-06 2.2629877e-07 1.5158433e-07 9.0945875e-08 0.002026698 2.0715312e-07 3.1165994e-06 5.193767e-07 0.009466243 2.4350032e-07 0.020003503 1.685352e-06 0.004147943 1.3049909e-06 8.80553e-09 1.3860187e-05 4.849173e-05 1.5089032e-07 8.938447e-06 3.4433725e-07
0.9499852 0.0010182072 0.00048228388 0.0003536561 0.0030473475 0.009814356 0.0060396087 0.017145164 0.0008030027 0.049641456 0.0012194599 0.00027868015 2.7882756e-05 0.00013402807 0.003299465 9.6293676e-05 0.8059692 0.93515867 0.0010663467 0.0010834445 0.0005056512 0.08131299 0.00019734829 2.8912993e-05 3.705738e-05 1.0626316e-05 0.00014130193 4.410911e-15 1.9350925e-06 0.0053868727 1.1915137e-05 0.91110384 2.6407122e-05 3.8875023e-06 0.0005522867 0.43294764 0.22479446 0.00014211495 0.00033656368 1.1751485e-05 1.8425563e-07 0.004460601 2.054555e-06 0.06550467 3.1488216e-05 1.5140389e-05 0.005531714 0.26286027 7.693842e-08 2.6437487e-05 0.13126208 6.5500084e-05 5.328406e-07 0.99355185 0.0044003795 2.5238037e-07 0.00014707852 1.8855371e-07 0.00019848719 2.195217e-07 4.7642874e-07 5.302636e-06 0.0049203625 0.00015118942 0.053057227 0.47444648 0.0018943466 3.619413e-08 3.8404076e-05 0.00087543833 0.0007280745 1.6161673e-06 0.000779242 8.751841e-07 0.0011925616 0.0006564539 0.0021138033 0.00015413109 1.3186454e-05 1.6634255e-07 0.00010605 6.0072103e-05 0.11114531 0.0039935256 0.87542045 0.000102955244 1.8954064e-05 0.00013884973 9.657062e-10 4.4221116e-09 9.002547e-08 1.0473358e-07 2.0463138e-05 7.387815e-08 2.904994e-07 0.00020382027 0.0016629554 0.0008599796 2.763556e-10 5.7687394e-06 7.825096e-09
0.84695596 0.020962507 0.70901245 0.7909869 0.19785617 0.00085534074 0.00010928979 0.013874995 0.6800503 0.00921657 6.5409076e-05 0.00063365523 0.9838545 0.24801663 0.011890541 0.0034809748 3.281337e-05 0.00037363824 0.0026038415 2.3875157e-06 9.181763e-06 8.164988e-06 0.0036975963 0.1035952 0.0001652934 0.28415367 1.7404791e-05 1.9350925e-06 7.5209335e-12 2.903252e-05 0.9072126 4.4760264e-07 0.00048694914 0.84660316 3.0490888e-05 2.1804988e-05 2.2305258e-06 1.3104421e-06 1.5813997e-07 0.016399223 0.9956138 3.935873e-07 0.0012032934 1.2910881e-06 0.00010488467 0.0015384032 1.4257894e-06 1.2591911e-06 0.22909383 0.00014172503 1.4454399e-06 2.6143937e-07 7.365598e-06 5.9116046e-06 9.5911524e-08 0.13665183 6.238164e-05 0.2834147 1.0449897e-06 4.1417094e-05 1.2314721e-05 0.00043148236 2.968775e-07 5.3114906e-07 2.517006e-07 3.0783838e-08 1.1682115e-07 4.732505e-06 1.5983929e-06 8.047517e-07 4.294738e-06 5.9445327e-05 9.447554e-08 3.1440788e-06 1.8933061e-08 5.439666e-08 5.0909186e-08 7.49421e-07 2.8336433e-07 0.0008401624 1.0776781e-06 1.4208039e-06 4.8613575e-08 3.3826975e-08 3.1809826e-08 1.17809726e-07 5.1657562e-08 1.2134122e-06 0.024067976 1.8794879e-06 8.369025e-06 3.4382765e-07 1.1970621e-06 1.7750641e-07 1.9043596e-06 1.9527466e-08 7.2474163e-06 4.0776825e-08 1.1986688e-07 3.7114305e-06 0.0012772294
0.9982889 8.661956e-05 0.0002723736 0.000385442 0.0031223292 0.00030933783 5.8291604e-05 0.0015320227 0.0035834862 0.0046690893 5.965679e-06 7.0460774e-05 6.29707e-05 0.004625545 0.5159532 1.9295741e-05 0.0005946132 0.00838495 0.15151945 7.1509207e-06 6.143128e-06 1.2844128e-05 0.08686527 0.0010892223 6.220534e-06 0.00030739978 5.5006917e-06 0.0053868727 2.903252e-05 3.222486e-14 1.0931104e-06 0.00727666 0.015921254 0.00014895834 0.9147805 2.0190508e-05 0.018524837 5.5946117e-07 3.8930767e-07 0.0009236381 6.2812974e-06 0.645886 0.0043033212 0.022107743 0.17911161 0.00015333851 4.0941675e-05 0.0008445715 5.203561e-06 1.764694e-05 0.0051270085 3.761244e-06 0.023505429 9.139562e-05 0.017688459 2.155155e-05 0.77371424 2.294343e-05 0.9538943 0.019336602 2.6805085e-06 1.9663767e-05 0.0040670917 2.0973462e-06 6.9577814e-05 4.602849e-05 0.013524162 2.3565697e-06 0.7971861 0.921783 0.3510937 0.021092664 0.01207608 5.8209635e-06 2.0965994e-05 0.16884513 0.0061444 0.21289629 1.7584092e-05 1.6007505e-07 0.00050911255 0.009072694 1.4695185e-05 4.0063746e-06 5.1245393e-06 2.6982325e-05 0.00078745023 5.5447832e-05 1.3446347e-06 3.360037e-08 0.00046180893 1.421306e-05 0.12751114 1.8778422e-07 0.035946302 0.19794472 1.3515913e-06 2.1425575e-09 2.8312607e-07 0.090805665 5.4896027e-06
0.88397646 0.111778215 0.86936164 0.88893974 0.21498714 0.008861705 0.0014555652 0.019560482 0.34226304 0.01615461 0.0009096701 0.018858064 0.9315799 0.029260235 0.0047710035 0.101916194 0.0003895833 0.0008567584 0.0010652042 7.3538664e-05 0.00018339636 3.7170146e-05 0.0006245602 0.009342909 0.004880273 0.028161105 0.00046024963 1.1915137e-05 0.9072126 1.0931104e-06 6.9402743e-12 1.5197031e-06 0.00018949319 0.2316079 1.180338e-06 5.1515803e-05 1.4477687e-06 6.7619316e-05 1.619029e-06 0.00605251 0.7267373 5.9292258e-08 0.000271922 5.320789e-07 3.887315e-05 0.05287978 1.1343955e-05 2.8259572e-07 0.9247938 0.004935039 3.321867e-06 1.1383185e-05 1.248685e-05 5.90023e-05 4.75388e-07 0.031638015 0.0002177541 0.9921034 4.8944e-06 2.2344325e-06 0.001022518 0.0064393687 2.1494375e-06 2.117556e-05 8.744562e-08 2.5542366e-08 9.4196434e-07 0.00014476583 8.626265e-06 2.2559932e-05 5.2642346e-05 3.6624533e-05 6.471674e-07 2.6335096e-05 4.064412e-08 4.8562416e-08 9.342185e-09 2.0719904e-06 5.442681e-06 0.038087033 2.1084013e-07 1.2820735e-06 1.0166318e-07 1.0006484e-08 6.59627e-09 3.1412273e-07 5.552993e-10 6.938396e-08 0.03163889 0.00016719161 3.7578724e-05 6.1539146e-07 1.8923693e-06 7.052777e-06 2.2819788e-07 6.6326296e-09 2.1299663e-06 7.68091e-08 8.084359e-08 2.077402e-06 0.00020784026
