1.24685384e-14 0.9790653 0.9404529 0.98333466 0.9813182 0.99692607 0.9911086 0.95182127 0.93936574 0.9625029 0.93526065 0.9492995 0.9996667 0.99997884 0.9923512 0.93804485 0.81049347 0.98489374 0.91279614 0.9802828 0.4620511 0.90926754 0.74973303 0.54331183 0.6978326 0.9750757 0.9962555 0.98000544 0.1875343 0.9105069 0.9594932 0.9687821 0.9999505 0.65587074 0.9927725 0.95019734 0.49231982 0.762396 0.98047286 0.021161955 0.99720824 0.9259291 0.14416543 0.86772054 0.8348399 0.792626 0.9208242 0.11435414 0.7941262 0.9369065 0.35613337 0.34795034 0.99179244 0.999297 0.85216606 0.9022947 0.5903708 0.85953987 0.4354825 0.037375983 0.25191316 0.97457427 0.6866384 0.2792654 0.10210632 0.36565182 0.85458654 0.6309668 0.572115 0.094435066 0.83573085 0.7241082 0.90738153 0.7472683 0.16915725 0.75599766 0.010977857 0.25933534 0.025071336 0.010223045 0.053415194 0.005736695 0.00065304176 0.70998406 0.033892635 0.08635887 0.5026478 0.6914395 0.0028253405 0.2235813 0.13561364 0.0019521016 0.8485706 0.89291626 0.006219159 0.005243889 0.66127354 0.070883945 0.010604671 0.11354144 0.08567563
0.9790653 2.001834e-10 0.1978041 0.9568788 0.43874076 0.9764624 0.7493638 0.88325965 0.79729503 0.15561287 0.6005017 0.18564367 0.060342416 0.13727312 0.011533119 0.00017841414 0.17311256 0.01251738 0.17435499 0.83799624 0.01588951 0.0021927848 0.0013082072 0.022513557 0.012521148 0.0049908888 0.0029526118 0.0007879449 0.04076911 0.21808386 0.31693769 0.0010249828 0.0018670926 0.023235226 0.82734895 0.4827965 0.0021032302 0.04507987 0.76869184 0.00011274428 7.241402e-05 0.00013888325 0.00049621734 2.3197414e-05 0.00010041283 0.00016108311 0.4904784 5.276589e-05 1.9859179e-05 0.43797907 0.00028484873 5.242236e-05 1.2130161e-05 7.151534e-06 0.1376331 1.487408e-05 0.0028044712 0.31460372 0.032016493 0.000280048 0.007483263 9.830885e-06 0.07040787 2.3110659e-05 0.002415255 0.00029408984 2.6270076e-05 0.045880266 4.599929e-06 0.0019073724 3.1456832e-06 0.19143644 0.44851854 0.06991604 0.007924306 1.1684817e-06 0.00066052005 0.012136577 0.0012128837 0.00057618757 1.05028654e-07 6.468842e-05 1.504923e-06 4.6567106e-07 4.2899754e-07 3.6939993e-05 1.1453225e-05 5.338594e-07 0.00011596618 0.030564502 1.0057973e-05 0.00016331051 1.8402707e-06 1.1659182e-06 9.7022294e-08 1.0490987e-08 1.4139608e-05 8.558416e-08 1.0354598e-07 1.6720688e-06 2.120287e-06
0.9404529 0.1978041 7.801702e-12 0.0050948854 0.9909052 0.24309705 0.7150781 0.001510811 0.007928425 0.0006130417 0.0008161123 0.060692094 0.034037005 0.8191731 0.47635585 0.14078705 0.99620306 0.0021424028 8.229455e-05 0.0013143171 0.42740425 0.00027818786 0.00013242528 7.725779e-05 0.16933692 0.8718946 0.032072373 0.0006697451 0.11905908 0.00012893963 0.00019965894 0.0075690947 0.0011265058 2.7593414e-05 0.004646273 0.00051619404 0.30538824 0.039900653 0.010799484 0.008838365 0.0007913087 0.0025131977 0.1357186 0.00012054826 0.00010883745 0.00015897672 0.017110087 0.008005872 0.0050122626 0.002243912 0.00018769948 0.00011117422 0.00016289722 4.3967626e-05 4.0126863e-05 0.0007291056 0.013008403 0.0002701924 4.9142236e-05 0.0009792292 0.0029576167 6.519223e-05 2.4173907e-05 0.00034501211 2.0647767e-06 5.3362548e-08 3.2695603e-05 0.00045592032 9.4030966e-08 6.1430233e-06 4.300113e-05 0.00030021818 3.1549414e-05 8.1874714e-07 2.1343626e-06 2.2256745e-06 1.308859e-05 9.348816e-07 1.674133e-05 1.5793718e-08 5.7944027e-07 8.777966e-08 5.300652e-05 6.666697e-07 1.3344728e-05 1.4014722e-06 9.611183e-09 1.8855507e-06 3.8187867e-05 3.4799046e-05 2.1361384e-06 1.1156618e-05 1.6473471e-08 1.4553873e-07 2.6711217e-07 1.7439548e-09 3.1374518e-07 1.4374831e-08 1.194038e-07 4.5340258e-07 8.571669e-07
0.98333466 0.9568788 0.0050948854 7.844725e-11 0.03466839 0.8874593 0.19790827 0.9725048 0.30171803 0.04084013 0.8433484 0.056112614 0.034650855 0.04112772 0.0008823171 1.4230706e-05 0.023793485 0.010313164 0.13578634 0.9054914 0.0023946979 0.0012591732 0.0006431982 0.027239181 0.003427828 0.0004542492 0.00028781118 0.0004904682 0.009883679 0.33709404 0.5697617 7.660862e-05 0.0010252085 0.017928695 0.6294995 0.679637 0.00010899615 0.010353667 0.49892554 5.9446775e-06 6.852835e-06 1.2445894e-05 0.00010064819 1.0049603e-05 4.5541205e-05 0.00011802446 0.14718439 3.1499344e-06 4.891668e-07 0.30508777 1.598476e-05 9.061949e-06 1.4039959e-05 1.3416745e-06 0.23551913 3.6274625e-07 0.00046053412 0.52740556 0.07204386 1.8735047e-05 0.0011570598 6.053401e-07 0.16778642 2.6933003e-06 0.0021414827 0.0010228169 1.4984207e-05 0.022951556 3.8747348e-07 0.0034106532 3.3159435e-07 0.18286127 0.60199404 0.31764618 0.038906127 4.1149114e-08 0.00063931604 0.0413657 0.00072832237 0.00051143335 1.93426e-08 5.7946963e-05 1.1543901e-07 4.6974584e-08 3.5351377e-08 5.727298e-06 2.1088457e-05 4.1637897e-08 1.6230091e-05 0.08946698 1.0457589e-05 7.441708e-05 1.3583613e-06 2.1654931e-07 9.235969e-09 3.9827426e-09 2.307006e-06 3.484648e-08 1.48130725e-08 6.14116e-08 2.6208292e-07
0.9813182 0.43874076 0.9909052 0.03466839 4.0076123e-10 0.49661756 0.84363085 0.011132312 0.028449873 0.0027875206 0.005745926 0.13802548 0.058180783 0.98169357 0.64797693 0.333923 0.6201586 0.0022713242 0.0015039074 0.019661013 0.091995016 0.0006202805 0.00024741527 0.000219115 0.06369539 0.8221009 0.07579815 0.00058474956 0.01789245 0.0028926355 0.0032344456 0.01632044 0.0022846696 0.000283106 0.063328214 0.006505262 0.48282954 0.039359104 0.124805 0.0071685165 0.0022127912 0.0019956036 0.009290757 0.0001538861 8.7714856e-05 2.803907e-05 0.09883039 0.036176667 0.029806016 0.014108897 0.0015554208 0.00013882034 0.00053169066 0.0004100836 0.0014073246 0.00071068143 0.03089062 0.0068567973 0.00038358525 0.0005709264 0.0057387603 0.00020471618 0.0016123443 0.00016386372 5.373866e-05 2.7083731e-06 7.3281524e-05 0.0046142875 8.930616e-06 5.2743776e-06 0.00010152391 0.0069548427 0.0004184814 7.978338e-05 5.8063015e-05 3.128032e-05 3.7129616e-05 5.5285996e-05 0.00037190947 7.6313845e-06 1.1303323e-06 1.3280431e-06 2.7336206e-05 1.9749616e-05 1.5337162e-05 2.606492e-05 1.7541507e-06 8.176969e-05 6.850395e-05 0.0026543858 1.9352134e-05 2.3545042e-05 1.8428875e-06 9.37216e-07 2.1413823e-06 1.0797089e-06 1.8016683e-05 5.704227e-07 3.9787924e-06 1.47646915e-05 1.5682891e-06
0.99692607 0.9764624 0.24309705 0.8874593 0.49661756 8.1151065e-11 0.5184319 0.6932473 0.7329393 0.2863898 0.4737079 0.8142445 0.45469666 0.507839 0.017429234 0.0012512284 0.10644972 0.09364127 0.22457793 0.73518604 0.0074509764 0.011590459 0.0033195952 0.023624932 0.0033636698 0.018889831 0.0058572628 0.0017130503 0.0041827625 0.25547737 0.39256096 0.002361165 0.005307461 0.028661266 0.65155184 0.40327895 0.00694562 0.0133993365 0.6394129 0.00017219919 0.0003242185 0.0005566334 0.0003994472 0.00011785114 0.00038193897 0.0008593775 0.3669585 0.00033398083 5.1808507e-05 0.36994603 0.00042605566 0.00012591251 0.00018004583 8.9248126e-05 0.120476276 8.8368084e-05 0.0022550824 0.28459668 0.019166652 0.000198091 0.0036794993 6.0268234e-05 0.06370267 3.697358e-05 0.0007718025 0.00032102302 0.0001122695 0.045571975 1.37640445e-05 0.00082504953 2.5016237e-05 0.12453069 0.30013427 0.0766728 0.006130587 8.156629e-06 0.00027332077 0.0063196365 0.000845277 0.00019764795 4.0115093e-08 5.844295e-05 4.2404386e-06 3.6735225e-06 9.3434366e-08 9.871729e-05 3.251494e-05 4.353003e-06 4.1250234e-05 0.016944617 1.5316538e-05 8.4399864e-05 7.916812e-06 2.2312067e-06 3.189129e-08 3.43541e-08 2.6374932e-05 2.2561385e-06 1.5037158e-07 1.7359826e-06 1.2125204e-06
0.9911086 0.7493638 0.7150781 0.19790827 0.84363085 0.5184319 1.9906952e-12 0.028762387 0.04942038 0.0040274966 0.018036954 0.086299405 0.06093164 0.4503853 0.052983012 0.011660335 0.56490326 0.0041052736 0.00019014251 0.019671284 0.20482697 0.00039465496 0.00029294414 6.027353e-05 0.9856658 0.02269319 0.0115984315 0.0005096948 0.7872717 0.0005779263 0.00075887615 0.0042595128 0.00533637 7.4489224e-05 0.09285582 0.0051256763 0.0059061134 0.86063874 0.520488 0.0010345539 0.00059675146 0.0012901792 0.13601124 9.314732e-05 0.0002132072 0.00039891462 0.8846958 0.00057522045 2.3439452e-05 0.12303911 7.330745e-05 0.00040172754 3.0068511e-05 4.1335174e-05 0.00021121418 0.0005202066 0.69486475 0.0048268214 0.00042545007 0.00084251846 0.58323616 4.4745026e-05 0.00042398076 0.00036541288 2.41452e-05 4.2508987e-07 0.00045371364 0.16236901 6.275996e-07 5.2052816e-05 1.641879e-05 0.012768786 0.00047897865 0.00030098992 0.00013294409 5.7125253e-06 0.0004288194 7.5928256e-05 0.0022359057 2.0583243e-06 8.546378e-06 4.783675e-06 7.232354e-05 1.1489851e-05 5.990042e-07 1.782882e-05 6.239711e-07 1.249308e-05 0.007442432 0.004030911 1.5305981e-05 0.00024032165 4.495429e-06 1.7832756e-06 1.856401e-06 6.2228246e-08 2.1482048e-05 1.7446393e-06 3.899302e-06 6.209904e-05 3.7942375e-06
0.95182127 0.88325965 0.001510811 0.9725048 0.011132312 0.6932473 0.028762387 1.2611512e-08 0.1365403 0.063199334 0.9872593 0.026798738 0.024740601 0.012883233 0.00061737694 4.4393346e-05 0.0027769734 0.013252819 0.019932294 0.67911446 0.0009287767 0.0010932977 0.0005509644 0.023204472 0.0008000575 1.22536385e-05 9.586814e-05 0.00043447685 0.008554444 0.59348965 0.888241 0.00015186239 0.00092568924 0.028464638 0.10405567 0.49856532 1.241802e-05 0.0009895109 0.055834778 5.715207e-06 2.3505152e-05 1.9638128e-05 3.4729717e-05 7.706613e-06 2.180921e-05 0.000101699894 0.015254666 1.153244e-06 5.7183092e-06 0.05125234 4.5439e-05 6.4336746e-05 1.1624315e-05 3.4831896e-06 0.6677089 1.3094665e-06 6.1465835e-05 0.4924172 0.16561224 0.0005542476 0.0002146678 1.872698e-06 0.49206537 1.4911106e-05 0.022133963 0.012403268 3.26343e-05 0.0049549476 1.364548e-06 0.023004796 1.4909093e-06 0.047816694 0.43299174 0.33542672 0.058626756 2.905066e-07 0.0005607884 0.0361791 0.0003560986 0.0013605622 7.062674e-07 0.00059105 3.1466375e-06 3.9686096e-08 5.340692e-07 2.1558231e-05 1.5314843e-05 3.2939877e-07 9.80222e-06 0.15409628 2.3296427e-05 6.962912e-05 1.4408032e-06 6.5712436e-07 7.767571e-07 1.1587391e-07 1.0383098e-05 1.0190877e-07 9.633095e-07 9.152741e-07 2.3897048e-06
0.93936574 0.79729503 0.007928425 0.30171803 0.028449873 0.7329393 0.04942038 0.1365403 6.390874e-09 0.9896854 0.13231382 0.9355339 0.6900469 0.03133514 0.0012391332 5.9533097e-05 0.013762601 0.80725825 0.96750325 0.02525969 0.00090520683 0.16670637 0.08786593 0.45240334 0.0004272315 6.327476e-05 0.00021657896 0.024014827 0.0043310383 0.5226176 0.1899971 0.00020691333 0.008110079 0.19566435 0.014297301 0.011351579 0.00014225258 0.00037096257 0.008201844 1.1161386e-05 1.9887704e-05 1.1053635e-05 0.00017703383 2.7552185e-05 0.00019777408 0.0027868573 0.002905465 1.687342e-05 2.0625577e-05 0.0016573032 2.2059938e-05 0.000118314885 6.8949244e-05 1.7956696e-05 0.036326166 8.442997e-07 4.714385e-05 0.0054162876 0.00089893286 6.9338316e-06 5.598556e-05 4.744286e-06 0.014687318 4.0346026e-06 0.0009619767 0.017925147 3.980548e-05 0.0005699428 2.81101e-05 0.00031684482 4.663141e-07 0.0023751606 0.009469263 0.0075583113 0.0016161483 3.622709e-07 3.679134e-05 0.00015143445 0.00030883375 0.012103912 4.0758316e-08 0.00012864558 2.5108595e-05 3.4853912e-07 1.3308844e-06 0.00036036217 0.016459623 1.13683534e-07 1.1105182e-06 0.003142715 0.00022369379 1.988283e-05 3.898241e-05 3.0485983e-06 1.5264027e-07 1.2676911e-07 1.5451602e-05 2.3413827e-07 6.6327466e-08 3.4928578e-07 3.532051e-06
0.9625029 0.15561287 0.0006130417 0.04084013 0.0027875206 0.2863898 0.0040274966 0.063199334 0.9896854 4.8952745e-11 0.041052748 0.888255 0.6631208 0.021058733 0.00059606694 7.278391e-06 0.0003061789 0.87699336 0.9596374 0.019593492 9.780271e-05 0.89404225 0.52242327 0.398285 1.4050366e-05 3.912226e-05 0.00030267212 0.18016355 6.746833e-05 0.44832703 0.2140474 0.00021384296 0.029259952 0.25669897 0.004205259 0.011245097 3.3696302e-05 3.859835e-05 0.0037631155 4.5910456e-06 4.2862255e-05 1.3553146e-05 1.3920832e-05 0.00058328005 0.003928572 0.0116449045 0.0027451026 1.1589187e-06 5.2233923e-07 0.0012738446 6.780798e-06 0.00067864195 0.00076583825 0.00012625592 0.06716798 3.8129913e-06 3.1896645e-06 0.007417742 0.0007573426 6.9164594e-07 4.5501033e-06 6.259776e-06 0.02724294 1.7374251e-06 0.0013658514 0.028762387 0.00033251257 0.00035917247 5.4726166e-05 0.00045414933 5.955541e-07 0.0013125935 0.008762374 0.0116934525 0.0010908331 5.0288855e-07 1.7087223e-05 0.0001947374 0.00013174092 0.026088722 5.0263966e-09 0.00020736728 4.591857e-07 3.077945e-07 3.6903774e-08 0.0007591707 0.048183914 6.8545795e-08 1.5130286e-07 0.0012704731 0.0008663254 7.4391073e-06 0.00016754819 6.3493404e-05 4.8947776e-08 1.535722e-08 6.3287436e-05 1.255344e-07 3.035656e-08 1.2098907e-07 4.0637265e-06
0.93526065 0.6005017 0.0008161123 0.8433484 0.005745926 0.4737079 0.018036954 0.9872593 0.13231382 0.041052748 8.960239e-11 0.025531242 0.029225195 0.010809552 0.0002242703 1.2581234e-05 0.0012635464 0.013720998 0.18507409 0.59931314 0.00046496818 0.0025431206 0.002214536 0.3003721 0.0015082909 5.3302864e-07 0.0001854292 0.001339673 0.0060993056 0.9190646 0.95938146 5.8771268e-05 0.0017053339 0.3936542 0.08041069 0.32227242 1.5067863e-07 0.0023150179 0.057726864 1.9882327e-06 8.033175e-06 9.977398e-06 3.2129392e-05 2.2776307e-05 8.400445e-05 0.00040174474 0.011368632 2.296335e-07 2.5203462e-06 0.02539867 5.758686e-06 7.548603e-05 2.8065664e-05 1.8526782e-06 0.7508261 4.5884298e-07 8.803339e-05 0.44817528 0.083692886 4.579796e-05 0.00030508701 5.543366e-07 0.4619362 5.8325772e-06 0.043509763 0.051010903 4.994573e-05 0.005318093 7.351983e-06 0.018159948 4.927223e-07 0.03619785 0.30736235 0.26306507 0.032279257 2.0204752e-08 0.0004549563 0.021381313 0.0005721596 0.028958907 5.818708e-07 0.0008381772 1.0776915e-06 1.9551504e-08 9.089554e-07 4.7720998e-05 3.6364618e-05 9.3793446e-08 8.972147e-06 0.10982972 0.00010957323 3.7645153e-05 4.559316e-06 9.954393e-07 5.813061e-07 2.2331662e-07 2.6777278e-05 1.3996382e-08 7.245809e-07 2.5575127e-06 6.395325e-07
0.9492995 0.18564367 0.060692094 0.056112614 0.13802548 0.8142445 0.086299405 0.026798738 0.9355339 0.888255 0.025531242 1.0606486e-10 0.9936533 0.30951005 0.021288317 0.000548174 0.047958978 0.9693676 0.14147212 0.01320586 0.0010640661 0.35811362 0.25649393 0.017522935 0.000847696 0.005718825 0.01678921 0.60116184 0.0011978961 0.036930177 0.018384896 0.0048013176 0.04350164 0.00892524 0.014231759 0.0054520383 0.0023810607 0.0004307089 0.014323799 0.00024254883 0.0018267989 0.00040310665 9.78334e-05 0.007159212 0.02104082 0.009804875 0.008266109 0.00038452988 0.00018381345 0.0013061003 0.00018613614 0.0029288747 0.00550039 0.0034233488 0.0048944843 0.00031182493 9.3909315e-05 0.0039650463 0.00039895647 1.3391606e-05 0.00016915158 0.0006777579 0.0031286483 2.189455e-05 0.00034208476 0.0015945008 0.0016382254 0.001063249 0.0004856087 0.00018177732 5.884956e-05 0.0018067242 0.007329107 0.0022417752 0.0003622428 9.673428e-05 4.7126723e-05 0.0003102108 0.00026486735 0.00060030987 3.223518e-07 0.0001177396 4.8782323e-07 5.0702423e-05 2.6988783e-07 0.00017742797 0.001999157 2.3348071e-05 4.8769225e-06 0.0010240095 0.00011608125 1.2508065e-05 0.00041328653 0.00021502229 2.6805915e-07 1.6096355e-07 0.00020006225 4.283718e-06 7.270832e-07 7.842979e-06 1.0108872e-05
0.9996667 0.060342416 0.034037005 0.034650855 0.058180783 0.45469666 0.06093164 0.024740601 0.6900469 0.6631208 0.029225195 0.9936533 7.482059e-12 0.5003653 0.036826 0.00096718693 0.019807227 0.85795194 0.122678824 0.009242131 0.00074657105 0.103250206 0.03769191 0.018542489 0.0002771744 0.004411592 0.040188573 0.22956513 0.0003318533 0.047809076 0.021511791 0.065221034 0.115181565 0.012265958 0.008213652 0.004245774 0.0020151509 0.00024362729 0.007989672 0.00013990805 0.00772757 0.0024533726 6.044806e-05 0.010839835 0.011932771 0.006434985 0.0071912124 0.00013776973 5.854119e-05 0.0015178059 0.00090194616 0.0022190008 0.02790567 0.010337728 0.0056370795 0.0005471594 3.5486846e-05 0.0022695377 0.00049623504 0.00015403189 0.00033251065 0.0008754438 0.00221002 6.9446294e-05 0.00024157099 0.001932295 0.0056142034 0.00060153543 0.00016622037 0.00012818878 0.00015683865 0.001716045 0.004576057 0.003066235 0.0005521966 0.00024971913 6.4029235e-05 0.00040533266 0.0001245819 0.00046756415 2.8089116e-07 0.0001136874 5.543982e-06 6.660412e-05 2.1214133e-08 8.727586e-05 0.0012301629 8.41837e-05 6.62217e-07 0.0008743116 6.7517634e-05 3.937071e-05 9.57396e-05 0.0030871965 3.714479e-08 1.5952529e-06 0.00010323043 5.8739268e-05 1.7420192e-06 1.5492813e-05 6.219375e-05
0.99997884 0.13727312 0.8191731 0.04112772 0.98169357 0.507839 0.4503853 0.012883233 0.03133514 0.021058733 0.010809552 0.30951005 0.5003653 1.1808422e-10 0.8939833 0.55663294 0.31266335 0.04647792 0.005321386 0.018485222 0.05323915 0.0056933956 0.00152404 0.0010801018 0.01844416 0.84679526 0.70666033 0.0055583157 0.008984988 0.0068111885 0.00828867 0.4486176 0.021149678 0.0010151006 0.038613755 0.0077528814 0.525335 0.01525169 0.0791393 0.009527485 0.07487085 0.049788456 0.01232294 0.0030225168 0.0016967547 0.0005833468 0.07080056 0.059008315 0.12573782 0.014284396 0.0048860735 0.0015768858 0.020594282 0.01683609 0.0029029655 0.015848212 0.012973558 0.0071736905 0.0006965835 0.0006487178 0.0027597786 0.011276531 0.0021737574 0.0019490666 0.00021703137 1.2827517e-05 0.0056050844 0.0061640763 0.00018688213 0.00017535452 0.0040121065 0.00532249 0.00016730548 0.00021475997 0.00023563004 0.0013300148 5.8455887e-05 0.00042108333 0.00044151946 3.951639e-05 6.334564e-05 7.0604488e-06 8.877683e-05 0.00063618383 0.0002635086 5.9887407e-05 1.4544917e-06 0.0026616699 0.00016380887 0.00030722952 9.248923e-06 8.265518e-05 2.1889997e-05 6.304034e-05 2.9601326e-05 5.1296465e-05 0.0003036693 9.442741e-05 8.324913e-05 0.00019958527 4.6386533e-05
0.9923512 0.011533119 0.47635585 0.0008823171 0.64797693 0.017429234 0.052983012 0.00061737694 0.0012391332 0.00059606694 0.0002242703 0.021288317 0.036826 0.8939833 3.2854877e-13 0.9901972 0.49177277 0.0018645463 9.0882975e-05 0.0003823001 0.018429087 0.0002135729 4.3745626e-05 7.199738e-06 0.004962755 0.7885672 0.88550776 0.0003863582 0.001971003 6.462436e-05 3.7097445e-05 0.27084318 0.0044807848 2.5431193e-06 0.00045527317 9.058627e-05 0.6150537 0.0008318111 0.0017743934 0.025616238 0.02418764 0.09442913 0.007135471 0.00031370737 3.7420545e-05 7.730374e-06 0.004135586 0.32889763 0.8458203 0.00010291902 0.14779763 0.00021385498 0.0032257033 0.004585062 1.8933179e-05 0.016865434 0.0005441771 0.00020516531 3.0948536e-06 0.4905956 0.00015343768 0.0021347615 1.9634534e-05 0.0049946452 2.5117717e-07 7.868293e-08 0.00049820315 0.00039247263 6.4435635e-06 1.7905275e-07 0.0012972333 6.661474e-05 3.2939172e-06 2.2170293e-06 2.3069622e-06 0.00023699191 7.6115484e-08 3.0846596e-07 1.2212713e-05 3.9179547e-08 6.679272e-05 1.2083721e-07 6.68784e-05 0.00030941275 0.023136681 2.178083e-06 9.101893e-08 0.00088206225 2.4525748e-06 1.2453462e-06 2.513835e-07 1.3484422e-06 1.1889672e-06 5.035309e-06 4.9767364e-06 5.9304224e-05 1.4431954e-05 2.8903261e-05 1.2447674e-05 9.142735e-05 4.3092987e-06
0.93804485 0.00017841414 0.14078705 1.4230706e-05 0.333923 0.0012512284 0.011660335 4.4393346e-05 5.9533097e-05 7.278391e-06 1.2581234e-05 0.000548174 0.00096718693 0.55663294 0.9901972 6.533147e-14 0.4892509 9.175062e-05 1.0058495e-06 1.7940161e-05 0.04556601 8.922745e-07 1.8455775e-07 5.5064515e-07 0.011213879 0.8712922 0.20849302 1.5387457e-05 0.0050726584 8.6394755e-07 4.5851797e-07 0.059898958 0.00054241106 7.4816604e-08 1.1167113e-05 3.3263623e-06 0.6133556 0.0013539181 7.773974e-05 0.08091903 0.0073497123 0.014417574 0.087979816 1.4817278e-05 2.3585283e-06 4.3637233e-06 0.00047901698 0.6344152 0.99553 5.2659163e-07 0.010726571 2.2372677e-05 0.00022410035 1.63506e-05 3.3959758e-08 0.0010560598 0.00015339014 8.094157e-06 2.0442089e-07 0.45274535 4.2727166e-05 0.000118003765 2.2448555e-08 0.0004136799 9.688897e-08 8.6564184e-10 6.631233e-05 1.5090175e-06 4.0373617e-08 2.3005127e-07 4.0993677e-05 3.446401e-07 6.0105787e-09 2.6568203e-09 6.38039e-08 1.5556596e-05 8.263388e-09 7.336808e-09 4.811792e-08 1.4302624e-09 3.1920947e-05 4.605916e-08 0.0032464548 4.3319324e-06 0.026782392 4.2732708e-07 4.6768136e-09 5.629622e-06 9.930967e-08 8.626852e-09 1.0199836e-06 2.3400275e-07 3.054911e-08 1.01742124e-07 1.1699447e-06 1.9720274e-07 2.0622134e-07 2.0911617e-07 1.8003414e-06 9.449695e-07 8.0101523e-07
0.81049347 0.17311256 0.99620306 0.023793485 0.6201586 0.10644972 0.56490326 0.0027769734 0.013762601 0.0003061789 0.0012635464 0.047958978 0.019807227 0.31266335 0.49177277 0.4892509 4.5124377e-12 0.0010030132 6.014654e-06 0.00035643938 0.9990703 6.0947616e-05 1.3560903e-05 1.4041982e-05 0.27443007 0.4513007 0.11821372 0.00027927852 0.22280498 2.5735067e-06 4.246881e-06 0.012413835 0.0023185583 1.1130755e-06 1.5528107e-05 2.5772042e-05 0.087022685 0.0037665588 0.00023567319 0.0077108806 0.0022363334 0.00095007865 0.5307119 0.00012050022 6.413501e-05 4.0568168e-05 0.0017439168 0.0023145103 0.00015113478 4.0634997e-05 0.000391373 4.0498737e-05 4.308644e-05 0.0002146934 2.6089637e-07 0.001683641 0.0011764807 3.731787e-05 1.1512739e-06 0.033068392 0.0003120662 0.00025264785 3.8945208e-07 0.00019333937 6.1871805e-07 1.3814407e-09 0.00014704387 0.00011451002 2.300978e-07 2.5465837e-07 9.00932e-05 1.637122e-06 4.0696328e-08 4.673015e-09 3.298184e-07 5.4957677e-06 1.6707276e-07 2.546716e-08 1.0814829e-07 8.060074e-09 6.991544e-07 3.6384702e-07 0.0001705002 2.649799e-07 6.468157e-07 6.808703e-07 3.6405368e-08 6.946238e-07 2.952806e-06 2.990111e-07 5.317839e-06 5.759732e-07 2.1540761e-07 4.5581373e-08 1.0350609e-07 1.5581733e-07 6.1190997e-07 6.311917e-08 2.1386097e-07 1.3325842e-07 4.1592e-07
0.98489374 0.01251738 0.0021424028 0.010313164 0.0022713242 0.09364127 0.0041052736 0.013252819 0.80725825 0.87699336 0.013720998 0.9693676 0.85795194 0.04647792 0.0018645463 9.175062e-05 0.0010030132 7.860961e-11 0.33828354 0.0067012846 0.00018356538 0.9199107 0.83362323 0.051090866 4.2724478e-05 0.00035923056 0.0026965633 0.9699084 2.8112217e-05 0.053010162 0.016218806 0.0027518612 0.24828184 0.023013452 0.0031015 0.0029178665 0.0001366865 0.00010983458 0.0014688033 1.8718507e-05 0.0006313609 0.0002384053 5.992754e-06 0.014229139 0.124537855 0.25108823 0.0014011154 1.6510348e-05 1.1506804e-05 0.00031790207 0.00011169291 0.005763255 0.007780231 0.0013527739 0.0033844728 0.0001084999 6.487651e-06 0.0015837068 0.00015089198 1.3496226e-05 2.5353822e-06 0.00020443699 0.0012208784 1.7712695e-05 0.00013257047 0.0018519436 0.0032663583 0.00014807694 0.0064052325 5.1345065e-05 5.84351e-05 0.00036933154 0.0015527434 0.0017279965 0.00015757207 4.214915e-05 2.5803631e-06 3.8551592e-05 1.42843455e-05 0.0010134964 1.4873461e-08 4.8262613e-05 5.2428413e-07 4.474524e-05 1.8167498e-07 0.0008889366 0.031646904 3.3206623e-05 3.3510446e-08 8.2453e-05 0.002305955 2.291401e-06 0.028926963 0.00073762686 4.1630113e-08 1.8445858e-08 0.0007875013 1.0742115e-05 1.7812386e-07 5.2441387e-06 2.6579664e-05
0.91279614 0.17435499 8.229455e-05 0.13578634 0.0015039074 0.22457793 0.00019014251 0.019932294 0.96750325 0.9596374 0.18507409 0.14147212 0.122678824 0.005321386 9.0882975e-05 1.0058495e-06 6.014654e-06 0.33828354 4.661387e-10 0.0019065931 8.822902e-06 0.37475774 0.57432085 0.9957167 9.318979e-05 1.2816213e-06 3.9024628e-05 0.061197 5.7804334e-07 0.6795227 0.22595736 9.0017464e-05 0.0070373113 0.5993533 0.0002741674 0.0021513398 5.200111e-07 1.1468735e-05 0.0002570041 4.7525136e-06 2.8186767e-05 3.1324903e-06 4.496859e-07 0.00015330473 0.0018696511 0.0067997985 0.00022644569 2.251602e-07 7.814663e-07 0.00030571263 1.2899238e-06 0.00021561037 9.60749e-05 9.853073e-06 0.055474773 6.8028226e-07 1.2629282e-07 0.0017025997 0.00047939882 3.043274e-06 1.2166816e-05 2.1414253e-06 0.010713174 5.116648e-06 0.0026658743 0.07621889 5.6561883e-05 1.38346595e-05 1.407601e-05 0.0008891101 3.2613042e-07 0.0001749476 0.0025175228 0.0037217326 0.00062541943 4.6216573e-07 1.1556954e-05 4.316465e-05 2.809797e-06 0.14304656 4.4682216e-07 0.00036882065 1.7170263e-06 6.1891136e-08 1.8850903e-08 0.00014791363 0.04798313 2.7249463e-08 3.961327e-08 0.002022484 0.0012634005 2.2127751e-06 2.2037859e-05 1.7583957e-07 2.8194039e-08 1.2016763e-08 1.515368e-05 4.3609933e-08 1.9007741e-08 4.125812e-08 6.718664e-07
0.9802828 0.83799624 0.0013143171 0.9054914 0.019661013 0.73518604 0.019671284 0.67911446 0.02525969 0.019593492 0.59931314 0.01320586 0.009242131 0.018485222 0.0003823001 1.7940161e-05 0.00035643938 0.0067012846 0.0019065931 5.123732e-10 0.00025857284 0.0012026768 0.0009571029 0.000517727 0.0012789462 3.0638394e-06 0.00019397154 0.0009578992 0.0027351687 0.015366987 0.41622737 0.00034295395 0.0013866969 0.000589719 0.55340993 0.98490566 6.89187e-06 0.0019964885 0.26572418 1.5695245e-05 4.6382374e-05 2.3494777e-05 6.630493e-05 4.1708307e-05 0.00017570221 0.0005944618 0.043368768 2.2298027e-06 1.022432e-06 0.20480743 1.1066935e-05 8.52238e-05 9.593889e-06 5.065948e-06 0.5076418 2.0653371e-05 0.00015821595 0.85870284 0.30404305 0.00015665314 0.0015780403 4.4107633e-06 0.27435297 2.3637625e-05 0.007511463 0.00019623856 4.5970148e-05 0.01610501 5.596757e-07 0.003982012 1.0953399e-05 0.26341572 0.8535038 0.39774716 0.08645733 1.8147566e-07 0.0028830885 0.12730409 0.0039832485 0.00044763598 2.2919144e-06 6.0818136e-05 5.5935047e-06 4.9431117e-07 8.214924e-07 4.8474438e-05 1.7673297e-05 8.504356e-07 2.4742198e-05 0.4896831 6.49744e-06 0.00021044411 5.208936e-07 1.187228e-06 3.5832497e-07 1.12696156e-07 1.2733556e-05 3.4380338e-07 4.837431e-07 8.639669e-06 7.247471e-06
0.4620511 0.01588951 0.42740425 0.0023946979 0.091995016 0.0074509764 0.20482697 0.0009287767 0.00090520683 9.780271e-05 0.00046496818 0.0010640661 0.00074657105 0.05323915 0.018429087 0.04556601 0.9990703 0.00018356538 8.822902e-06 0.00025857284 1.07747665e-10 1.5310186e-05 1.7296105e-06 7.900657e-06 0.27527854 0.2878617 0.0009829128 0.00012443252 0.9911741 1.4698465e-05 4.723115e-05 0.00022037468 0.00020996679 1.5469759e-06 0.00014109389 0.000106419175 0.10740641 0.004376562 0.0011929892 0.029093292 0.000106960986 3.288203e-05 0.9542491 5.3924214e-06 3.9054994e-06 5.7552414e-05 0.0018223401 0.003240805 0.00011621407 5.9456725e-05 1.48195395e-05 4.2998502e-07 3.036282e-06 9.793249e-06 2.01289e-06 0.00024004334 0.00171052 5.7140056e-05 1.4587034e-06 0.0001453571 0.0013354539 3.835269e-05 2.1885123e-06 1.2286404e-05 4.6964576e-07 2.9704696e-08 2.8593004e-06 0.000100683515 4.0493137e-07 6.333395e-06 3.19976e-05 1.0486451e-05 8.7349395e-07 5.7704508e-08 2.2583201e-05 2.4334213e-06 1.8368709e-06 9.2205687e-07 1.1213377e-05 9.2396004e-07 3.4721359e-06 3.0708247e-06 0.0012789754 2.6762227e-06 2.9914504e-06 3.7171476e-06 4.177299e-07 7.3287595e-07 3.5846137e-05 1.1134249e-06 6.868069e-05 7.9890315e-06 6.373129e-06 2.804816e-07 6.0464316e-07 1.7908843e-07 2.7251308e-06 1.766551e-07 7.4346817e-06 6.367504e-06 3.5608707e-06
0.90926754 0.0021927848 0.00027818786 0.0012591732 0.0006202805 0.011590459 0.00039465496 0.0010932977 0.16670637 0.89404225 0.0025431206 0.35811362 0.103250206 0.0056933956 0.0002135729 8.922745e-07 6.0947616e-05 0.9199107 0.37475774 0.0012026768 1.5310186e-05 2.7933e-11 0.9996846 0.1714048 1.659129e-05 9.75399e-06 8.788358e-05 0.8865044 1.2830172e-05 0.03344211 0.009587154 0.00014847968 0.047853995 0.034252938 0.00037144174 0.0016119016 1.221036e-07 2.8394986e-06 0.00012896459 2.2066942e-07 5.193376e-05 2.7642548e-06 7.28463e-07 0.0009261952 0.027648814 0.8981323 3.585072e-05 8.337962e-08 1.1240417e-06 1.9348627e-05 4.565233e-06 0.000502696 0.00038165113 0.00011544546 0.0041661696 6.859428e-07 1.6940186e-07 0.0006269033 0.0001427478 4.0259215e-07 1.6357447e-07 4.3671203e-06 0.002455703 2.0141206e-06 0.00023441565 0.011678183 0.00031687113 4.6876585e-06 0.00033117295 4.7078567e-05 2.8353384e-07 0.00049110124 0.0004212189 0.00052357983 5.631419e-05 6.7772316e-07 2.4732585e-06 3.5376438e-06 5.1233033e-06 0.025582705 1.4654408e-08 7.4241856e-05 6.8881905e-06 1.14849655e-07 1.9335494e-07 0.01231972 0.10789193 1.4152618e-08 5.7984604e-09 2.8375496e-06 0.032386012 5.4220595e-07 0.02158507 6.380729e-05 1.8673227e-08 6.6483734e-09 9.01691e-05 1.0800441e-07 7.1239114e-08 8.038861e-08 2.7448311e-06
0.74973303 0.0013082072 0.00013242528 0.0006431982 0.00024741527 0.0033195952 0.00029294414 0.0005509644 0.08786593 0.52242327 0.002214536 0.25649393 0.03769191 0.00152404 4.3745626e-05 1.8455775e-07 1.3560903e-05 0.83362323 0.57432085 0.0009571029 1.7296105e-06 0.9996846 1.0878163e-13 0.3438808 7.500722e-06 1.0213123e-06 2.001887e-05 0.8557426 2.8351178e-06 0.03347276 0.0072405706 3.3588407e-05 0.015145909 0.061666872 0.00019843855 0.0010322629 1.3946762e-08 1.2113138e-06 7.225164e-05 4.958459e-08 6.922851e-06 2.9660467e-07 6.3886226e-08 0.00038299215 0.04392934 0.9770977 1.0154595e-05 1.06992895e-08 4.5413785e-07 8.792822e-06 8.528331e-07 0.0002894197 0.00041942988 3.2807613e-05 0.0036112007 6.510093e-08 2.4117297e-08 0.00034884806 0.00015338852 2.99743e-08 2.487489e-08 4.0584993e-07 0.0022244898 2.328814e-07 0.00021269014 0.010276053 0.00018136174 7.0186934e-07 0.0006582653 1.24009075e-05 3.447488e-08 8.197872e-05 0.00021251032 0.00023427623 1.7928753e-05 1.0267925e-07 5.869105e-07 4.992683e-07 1.2859541e-06 0.051852506 2.9570988e-09 2.8022549e-05 4.7640418e-07 3.321772e-08 1.4656449e-08 0.036731664 0.09080285 1.7503062e-09 1.2862232e-09 4.3482586e-07 0.081992365 2.423457e-07 0.057321414 2.4924746e-05 2.623515e-09 1.7820319e-09 0.00010000637 2.0811674e-08 7.967905e-09 6.227975e-09 1.8533417e-07
0.54331183 0.022513557 7.725779e-05 0.027239181 0.000219115 0.023624932 6.027353e-05 0.023204472 0.45240334 0.398285 0.3003721 0.017522935 0.018542489 0.0010801018 7.199738e-06 5.5064515e-07 1.4041982e-05 0.051090866 0.9957167 0.000517727 7.900657e-06 0.1714048 0.3438808 2.4796122e-11 8.844624e-05 1.2708621e-06 9.26761e-07 0.012445313 6.4140736e-06 0.8198121 0.09541736 2.0180835e-06 0.0018015781 0.99428844 4.7114143e-05 0.0007437817 7.391341e-07 2.2224315e-06 3.4548295e-05 9.607009e-06 8.828722e-07 3.8161234e-06 1.1956657e-06 0.00018656177 0.0011888613 0.026706195 4.6642846e-05 2.5856866e-06 5.143159e-06 4.3143507e-05 8.130844e-06 0.00031560686 2.4211886e-05 5.912498e-07 0.012574368 1.781914e-06 1.4477375e-07 0.00027108463 0.0003728075 3.935128e-06 1.2521659e-05 2.1526807e-06 0.0043591727 2.883179e-05 0.0067870994 0.13147537 3.4398938e-05 1.0627917e-05 9.971115e-05 0.001225198 8.8394637e-07 4.577407e-05 0.00037356574 0.0012485208 0.00036262625 5.204929e-07 3.0537838e-06 1.1170703e-05 4.6504597e-06 0.8730085 5.6161366e-06 0.0013118883 8.754797e-05 3.321273e-07 1.8425526e-07 0.0009361776 0.24210887 3.6026404e-07 1.6149679e-07 0.00013316373 0.018397344 2.6596815e-06 0.000106422835 3.7387295e-07 4.185789e-07 8.418679e-08 0.00016685567 1.939484e-08 4.024087e-07 1.3330528e-06 2.0934096e-06
0.6978326 0.012521148 0.16933692 0.003427828 0.06369539 0.0033636698 0.9856658 0.0008000575 0.0004272315 1.4050366e-05 0.0015082909 0.000847696 0.0002771744 0.01844416 0.004962755 0.011213879 0.27443007 4.2724478e-05 9.318979e-05 0.0012789462 0.27527854 1.659129e-05 7.500722e-06 8.844624e-05 9.243035e-13 0.013325261 0.00086657127 2.6182264e-05 0.9463313 2.7277145e-05 8.142775e-05 0.00089267205 0.00025563766 8.653489e-06 0.005615213 0.00081937603 0.009159287 0.99720883 0.04755489 0.0031363843 0.00034920385 3.454938e-05 0.79221797 1.9356048e-05 4.31375e-05 0.00047146867 0.3186232 0.00121042 0.00022896752 0.0037295832 1.9009856e-05 6.8694417e-06 1.2076094e-07 1.2313264e-05 1.2659188e-05 0.00069983356 0.366906 0.00042338803 0.0001740211 0.0007094744 0.0595757 8.717604e-05 5.3819178e-05 0.00022423867 1.1008603e-06 1.10221386e-07 2.759327e-06 0.013738976 1.3000805e-06 5.710116e-05 0.0001191968 0.00041570116 6.7386536e-05 4.0335867e-06 5.2327905e-05 6.3588595e-05 0.000246024 5.6762005e-06 0.00025214453 1.8860256e-06 5.8427545e-06 5.3695953e-06 0.0029877124 1.6720986e-05 2.2513723e-05 0.00023995181 4.4854528e-07 5.2166292e-06 0.0036294218 0.000733549 3.0669133e-05 6.064924e-05 4.3341038e-07 6.520444e-08 9.216797e-07 8.097635e-07 3.0650579e-06 3.6659071e-06 1.9260093e-05 1.6257494e-05 1.0336879e-05
0.9750757 0.0049908888 0.8718946 0.0004542492 0.8221009 0.018889831 0.02269319 1.22536385e-05 6.327476e-05 3.912226e-05 5.3302864e-07 0.005718825 0.004411592 0.84679526 0.7885672 0.8712922 0.4513007 0.00035923056 1.2816213e-06 3.0638394e-06 0.2878617 9.75399e-06 1.0213123e-06 1.2708621e-06 0.013325261 2.6499922e-10 0.024485566 6.6192595e-05 0.09215928 4.721408e-07 2.815042e-07 0.009655959 0.0024488717 3.6071094e-07 8.7882654e-07 8.936038e-07 0.99321556 0.00034877437 3.7470377e-06 0.40693057 0.0013149703 0.0015785281 0.9295358 2.704619e-05 3.8420253e-06 4.408305e-05 8.125733e-05 0.3823484 0.014199825 3.5168787e-06 0.0005507464 4.1558956e-06 1.597583e-05 0.00010656746 8.168636e-07 0.00031350847 0.00018590853 1.1532612e-05 5.3616482e-08 0.014801743 0.0004925571 0.00016827809 5.973248e-07 0.000344869 5.3667795e-06 7.9922575e-09 7.9690224e-05 0.0002264809 1.1455022e-06 3.4807073e-07 2.2083594e-05 9.226159e-06 1.2245938e-07 1.8123396e-06 4.2226497e-06 1.9510371e-05 3.2997318e-09 7.5538416e-08 2.8592701e-06 5.928697e-07 1.8485996e-06 1.4435946e-07 0.017666928 2.802462e-06 2.6452672e-05 4.1262392e-05 6.068366e-07 1.23604905e-05 4.3216123e-06 1.2119672e-07 2.9917553e-06 1.8262882e-07 3.501022e-05 4.840052e-07 1.471867e-06 1.1581459e-07 2.5297946e-05 1.12084905e-07 3.5405543e-07 6.860911e-06 6.9033445e-07
0.9962555 0.0029526118 0.032072373 0.00028781118 0.07579815 0.0058572628 0.0115984315 9.586814e-05 0.00021657896 0.00030267212 0.0001854292 0.01678921 0.040188573 0.70666033 0.88550776 0.20849302 0.11821372 0.0026965633 3.9024628e-05 0.00019397154 0.0009829128 8.788358e-05 2.001887e-05 9.26761e-07 0.00086657127 0.024485566 1.8610921e-13 0.00081819616 0.00011061318 7.4952227e-06 1.3177213e-05 0.9939196 0.014793707 5.5437573e-07 0.00010357735 9.443226e-05 0.019645803 0.00020501355 0.00026856211 0.00022265155 0.51009375 0.8765699 0.00018911406 0.00069160113 0.00024881985 3.7823822e-05 0.000780279 0.0028668162 0.15443337 3.273838e-05 0.32956097 0.00030085878 0.022088228 0.04720208 4.8799375e-06 0.119085535 0.00019750943 0.00014429045 1.8299102e-06 0.073437 0.00016646355 0.03437284 6.3079274e-06 0.074028894 3.3361138e-07 2.2607324e-08 0.004437128 0.00017095152 2.835644e-05 8.979992e-07 0.0098050395 2.3594022e-05 1.0213319e-06 2.4233393e-07 1.920536e-07 0.0016575799 1.1848774e-06 4.311973e-07 2.2790557e-07 1.1184139e-06 0.004356523 2.6783338e-08 3.7336608e-06 0.0004895418 0.002497561 7.944335e-06 1.8848493e-08 0.0024585056 1.4082032e-06 1.3808777e-06 2.7084312e-07 1.0531491e-07 7.454092e-06 4.3138938e-05 0.000115406045 7.6928125e-05 0.00010710961 0.00017921565 7.3334166e-05 0.00014156805 2.2024999e-05
0.98000544 0.0007879449 0.0006697451 0.0004904682 0.00058474956 0.0017130503 0.0005096948 0.00043447685 0.024014827 0.18016355 0.001339673 0.60116184 0.22956513 0.0055583157 0.0003863582 1.5387457e-05 0.00027927852 0.9699084 0.061197 0.0009578992 0.00012443252 0.8865044 0.8557426 0.012445313 2.6182264e-05 6.6192595e-05 0.00081819616 1.997147e-10 1.2824281e-06 0.005715371 0.0014361733 0.0012204995 0.6600831 0.0037313227 0.00022567109 0.00054740685 6.6133684e-06 1.3236397e-05 5.7681536e-05 4.4205285e-06 0.00044208093 0.0001408535 1.6845036e-06 0.29378924 0.9846084 0.73629624 6.597334e-05 3.2460398e-06 4.087227e-05 5.961849e-05 6.773026e-05 0.13946913 0.007949815 0.0008344928 0.00071415905 3.3701384e-05 3.098394e-06 0.00018905546 6.286258e-05 9.0840385e-06 7.2235025e-07 0.00010677509 0.00023231433 5.562404e-05 4.191398e-05 0.00038120386 0.013541668 8.622383e-06 0.47175604 1.9326406e-05 2.8450244e-05 1.9099223e-05 7.0586415e-05 0.00032624137 6.6330826e-06 3.2418648e-05 3.8173627e-07 8.918875e-07 8.7668275e-07 0.0003008786 1.2098918e-07 9.024236e-06 6.09081e-07 7.899756e-05 7.865243e-07 0.031517114 0.03739942 3.4585544e-05 1.8494617e-08 5.855179e-07 0.02437205 3.5742463e-07 0.5687422 0.0024147944 3.298173e-08 9.8348645e-09 0.06294627 9.875247e-06 1.6724093e-07 7.676494e-06 2.5611018e-05
0.1875343 0.04076911 0.11905908 0.009883679 0.01789245 0.0041827625 0.7872717 0.008554444 0.0043310383 6.746833e-05 0.0060993056 0.0011978961 0.0003318533 0.008984988 0.001971003 0.0050726584 0.22280498 2.8112217e-05 5.7804334e-07 0.0027351687 0.9911741 1.2830172e-05 2.8351178e-06 6.4140736e-06 0.9463313 0.09215928 0.00011061318 1.2824281e-06 1.2855068e-13 3.542747e-05 9.805627e-05 3.4827262e-05 2.0953692e-06 4.7570595e-07 0.0009752776 0.00035678918 0.008161807 0.12514175 0.010409 0.0045863437 9.019869e-07 6.750305e-06 0.99913675 9.724926e-08 1.8416621e-07 1.553767e-06 0.023010341 0.0005739508 4.1867395e-05 5.0176044e-05 2.4055576e-06 6.733745e-07 1.5228028e-05 1.0211263e-06 1.7979399e-07 1.1413688e-05 0.03146578 0.00011285691 3.654927e-07 0.00023195679 0.002194135 2.5867877e-07 2.1747578e-06 3.398205e-06 9.153758e-08 1.13460805e-08 8.946664e-05 0.00012415077 2.9354819e-08 1.5655679e-06 2.7341173e-06 2.210431e-05 3.0230734e-07 7.019684e-09 1.4410685e-06 2.414368e-07 2.9938046e-06 4.0808237e-07 1.3769177e-05 1.1125879e-05 8.601472e-08 8.092455e-07 0.00083789194 1.9084055e-07 8.258807e-08 3.277685e-06 6.7179236e-08 1.3626499e-07 8.11551e-05 1.0671692e-05 1.50991655e-05 2.7239305e-06 5.441679e-08 1.911638e-08 8.046316e-08 1.1808412e-06 1.7586196e-08 9.879654e-08 8.2898623e-07 6.4879536e-08 1.8933413e-07
0.9105069 0.21808386 0.00012893963 0.33709404 0.0028926355 0.25547737 0.0005779263 0.59348965 0.5226176 0.44832703 0.9190646 0.036930177 0.047809076 0.0068111885 6.462436e-05 8.6394755e-07 2.5735067e-06 0.053010162 0.6795227 0.015366987 1.4698465e-05 0.03344211 0.03347276 0.8198121 2.7277145e-05 4.721408e-07 7.4952227e-06 0.005715371 3.542747e-05 2.860407e-12 0.94932544 9.869936e-06 0.0024333277 0.9931438 0.00044339913 0.016500305 2.5764277e-07 1.7123832e-05 0.00015118235 1.7939108e-06 1.3679224e-06 2.432825e-06 1.3905029e-05 6.878242e-05 9.2844624e-05 0.0035345198 9.009492e-05 2.041282e-06 2.270817e-06 0.00017418133 5.7715347e-06 9.408048e-06 9.080047e-06 2.0429772e-07 0.5367404 1.7520198e-07 4.153346e-07 0.016637921 0.0052722436 2.4881722e-06 1.0740261e-05 6.948444e-07 0.26413196 5.448659e-06 0.13591062 0.9017605 2.2220586e-06 6.1195315e-05 4.9806104e-06 0.013280041 3.963781e-07 0.00031560537 0.011323203 0.06442148 0.0051640403 5.494487e-07 1.4895145e-05 0.00016263706 4.5749457e-05 0.7976081 6.16876e-08 0.0047299922 7.820882e-05 7.4479445e-08 4.143649e-07 0.00017276403 0.0010504514 2.122475e-07 8.637872e-08 0.011172067 6.301906e-05 5.342712e-06 1.183809e-06 2.2648122e-07 7.397702e-07 2.5477667e-07 3.7127686e-06 7.052914e-09 3.6464091e-06 1.1073645e-06 1.3352234e-06
0.9594932 0.31693769 0.00019965894 0.5697617 0.0032344456 0.39256096 0.00075887615 0.888241 0.1899971 0.2140474 0.95938146 0.018384896 0.021511791 0.00828867 3.7097445e-05 4.5851797e-07 4.246881e-06 0.016218806 0.22595736 0.41622737 4.723115e-05 0.009587154 0.0072405706 0.09541736 8.142775e-05 2.815042e-07 1.3177213e-05 0.0014361733 9.805627e-05 0.94932544 1.8094096e-11 2.29816e-05 0.0015845279 0.31841376 0.003843161 0.2655402 4.1195898e-07 6.933498e-05 0.0006799039 4.004133e-06 1.1500907e-06 2.1320045e-06 3.7951984e-05 7.4903205e-06 5.67379e-05 0.0013998159 0.00020365861 5.9337486e-07 1.593954e-06 0.00070771406 1.006016e-05 2.1187376e-05 4.8053626e-06 1.3738287e-07 0.97708416 4.572682e-07 6.2622476e-06 0.17520544 0.07716033 5.326006e-06 0.0002894145 4.9049765e-07 0.7082964 1.5361096e-05 0.61509067 0.907065 1.3841971e-05 0.00023972424 5.503239e-07 0.043730218 6.3003733e-07 0.00498374 0.06526451 0.27043214 0.03512426 9.792529e-08 0.00022969343 0.0026306065 0.00033124717 0.388542 1.6988603e-06 0.009221247 3.3849585e-05 7.576901e-08 3.3302743e-07 4.1664814e-05 4.9068014e-05 1.7180065e-07 7.872201e-07 0.08290825 8.091086e-06 4.7038266e-05 7.231684e-07 3.295216e-07 1.0912449e-06 7.6406656e-07 8.8341585e-06 6.406838e-07 9.538644e-07 3.822658e-06 1.1958391e-06
