2.2156928e-14 0.38822162 0.08123339 0.77716637 0.6970538 0.048625786 0.9795496 0.96949553 0.77905756 0.9164874 0.1000292 0.32199082 0.834827 0.96954346 0.8854944 0.83250874 0.47323278 0.9552622 0.8757809 0.30028793 0.88573694 0.56954765 0.8626912 0.015460108 0.5361203 0.00027974875 0.9685748 0.99035275 0.8255481 0.41808367 0.9304949 0.96368414 0.033940975 0.7722924 0.0032543018 0.94705546 0.5197232 0.55194134 0.00070229627 0.9413272 0.98637664 0.97924495 0.79584104 0.07205431 0.87674874 0.037009917 0.99001086 0.9295319 0.0061606765 0.4362425 0.9547042 0.9860233 0.16176823 0.76792777 0.9661637 0.0075032376 0.76269716 0.826441 0.97054005 0.7654271 0.09364546 0.7671891 0.09144207 0.9597258 0.8760619 0.7264225 0.79538864 0.9101639 0.9561557 0.97572494 0.9515522 0.27855965 0.9770439 0.88028353 0.9754029 0.98758525 2.7951712e-05 0.9935003 0.89533746 0.9899193 0.81311893 0.843275 0.058191746 0.9578187 0.99511725 0.2633226 0.937883 0.5194739 0.9608602 0.9993587 0.99999267 0.6566701 0.63052773 0.31658572 0.9999869 0.84857625 0.034760322 0.9095762 0.35416573 0.0121986 0.041169338
0.38822162 1.3286864e-12 0.99518746 0.98564595 0.9411835 0.8542371 0.6210303 0.46319884 0.08221021 0.0030167159 0.05569175 0.029902324 0.001304968 0.0013172679 0.0028491148 0.0017658153 0.14609641 6.989558e-05 5.3397453e-05 0.0008425836 8.836699e-05 0.00015744784 2.8470817e-05 7.019029e-05 0.0001266754 0.00031077283 0.048281517 0.0152102215 2.3087352e-05 2.357742e-05 0.00016118822 8.131155e-06 0.00011803235 5.0470494e-06 1.7791472e-05 0.042523906 4.2299106e-07 3.395165e-05 1.4766451e-05 0.0002377117 0.00085267425 0.04322972 2.373455e-07 6.226727e-09 6.656736e-05 8.765866e-07 0.0012485589 1.7475195e-05 3.3862477e-08 6.0502334e-05 0.00019887448 0.00077687245 7.3723936e-06 2.2444372e-05 9.5513155e-05 2.0787346e-07 1.8118275e-05 2.6029209e-08 3.7000243e-07 4.8135662e-05 1.3852205e-07 5.543575e-06 2.5790024e-08 8.471718e-05 2.633498e-06 2.278896e-06 8.7482995e-06 1.4304063e-06 2.0440104e-05 0.00026835807 0.00064486446 1.2495344e-07 0.00019651199 1.0323993e-05 9.674752e-06 0.00018461612 4.5832714e-08 4.3567557e-05 2.5031773e-05 0.0003940258 1.6055964e-08 1.2166046e-06 1.9210087e-09 3.104998e-07 3.130336e-05 1.1601239e-08 1.0098715e-05 1.8234648e-06 1.3861263e-06 0.00020116387 0.0010437921 1.8326067e-06 3.2968176e-06 1.0758457e-05 9.873081e-06 2.0924556e-06 1.07945084e-07 0.00019730142 5.481128e-08 2.3128791e-06 3.559979e-05
0.08123339 0.99518746 4.0219427e-16 0.50163376 0.120776005 0.9982799 0.085354075 0.11359158 0.0062013436 6.6619374e-05 0.8813688 0.0519526 2.6374153e-05 1.5357447e-05 0.0019385578 0.00010741844 0.03743476 1.4208126e-05 2.6461967e-06 4.060215e-05 4.426766e-07 6.0532716e-06 1.4376307e-07 4.1825533e-05 2.4758024e-06 6.0725462e-05 0.00742094 0.00025368118 1.3207912e-07 7.509406e-07 1.6987671e-05 9.8048275e-08 2.4001414e-05 2.0389724e-08 1.060227e-06 0.006072787 8.294765e-09 6.704948e-05 3.6296227e-05 2.5948634e-06 4.4610428e-05 0.0044094026 7.397808e-09 6.7880666e-09 2.9577366e-05 4.212263e-07 2.2469194e-05 5.756715e-06 3.168549e-09 3.0819484e-07 3.9477258e-05 0.00026205255 7.7111594e-07 8.103054e-08 1.8436602e-05 6.6823165e-09 1.9569804e-06 1.589604e-09 5.239674e-08 4.3980444e-06 2.6048728e-08 3.1387566e-07 6.956427e-09 2.3039423e-05 9.509715e-07 2.578539e-07 1.1005879e-05 5.108223e-08 6.494048e-07 1.1586398e-05 1.17837035e-05 1.9707197e-06 1.049893e-05 1.092905e-06 4.462607e-06 5.1488764e-06 3.88944e-07 7.9834035e-06 3.045167e-06 4.6354962e-05 1.4400209e-09 8.7321276e-08 7.3954802e-09 5.5050227e-09 3.4899363e-06 1.0246596e-08 4.2680125e-07 3.992975e-06 3.2022902e-07 2.754932e-05 0.00017255016 2.7381175e-08 5.024121e-07 1.3830372e-07 1.3510185e-05 7.8326974e-07 1.1786624e-09 9.12135e-06 1.4532881e-08 1.528415e-06 3.0256285e-07
0.77716637 0.98564595 0.50163376 2.3588992e-10 0.90879625 0.26948884 0.80794746 0.9943547 0.6409458 0.1644307 0.043842483 0.05920152 0.033544455 0.0072040516 0.059117105 0.06192872 0.5191709 0.0008357428 0.0012105904 0.0131415045 0.0042639566 0.0041186125 0.00089695636 0.00013985256 0.0014848469 7.483092e-05 0.32104406 0.16795936 0.00054105563 7.687722e-05 0.00088661304 0.00016445518 0.0001334284 0.00010019215 0.00016424764 0.32622057 5.9162626e-06 0.0013582292 0.00028401488 0.0020403024 0.019783182 0.26614064 2.4122024e-05 1.3330279e-07 0.00025028255 1.2601486e-06 0.042810667 0.0001038334 1.959997e-06 0.00023344923 0.0025082568 0.020617878 3.0538642e-05 7.977189e-05 0.0004176246 1.5278455e-06 2.722213e-05 9.0469024e-07 1.0300296e-06 9.655322e-06 3.0815048e-07 3.7269714e-05 6.91302e-08 6.7561945e-05 5.5968558e-06 2.8514412e-06 2.6856122e-05 2.1280193e-06 0.0005564776 0.0077068447 0.008163128 8.729526e-07 0.0019693964 3.2126725e-05 1.8630475e-05 0.0028735334 1.6768652e-07 2.2190694e-05 3.557339e-05 0.0030219897 5.266757e-08 5.7606612e-05 1.8420836e-07 1.7546436e-05 2.2546554e-05 2.890914e-08 1.3396952e-06 2.3949167e-07 5.0392387e-06 0.0005328902 0.009378613 2.8399143e-07 5.4692748e-08 6.6546822e-06 0.00050952006 1.6594778e-06 1.28909e-08 1.3076152e-05 9.249955e-08 1.6388465e-06 2.17092e-06
0.6970538 0.9411835 0.120776005 0.90879625 2.5252298e-12 0.9451329 0.9880102 0.34211627 0.9233863 0.50005436 0.0020585088 0.0014677943 0.12738845 0.32313657 0.0001813313 0.12011933 0.7621374 0.01760889 0.002939054 0.08844931 0.0039700656 0.01088769 0.0008124853 0.0010403596 0.001397643 0.0027571188 0.015705958 0.25838694 0.0001687924 0.00026893505 0.009328144 1.7243674e-05 0.0010535938 3.150708e-05 0.0005768157 0.051052075 5.7263856e-06 1.0994874e-05 2.1801558e-05 0.0041855304 0.015570534 0.09628469 5.6575427e-05 5.8630885e-08 2.51495e-05 6.586851e-06 0.025736732 7.5395997e-06 3.9094825e-06 0.0024411199 0.0001894388 0.0010472375 1.4687485e-06 0.0003515663 8.681192e-05 4.5513316e-06 1.6242144e-06 1.575459e-06 1.0293574e-07 3.7231184e-06 1.08072406e-07 7.2540297e-07 2.0392692e-07 2.6729207e-05 2.7733115e-06 1.989139e-06 1.3775533e-05 3.9076895e-06 0.00022116296 0.0030987388 0.0015569152 4.1378065e-08 0.00029729953 4.1389862e-06 7.4206383e-07 0.0011639742 1.536426e-07 4.5045917e-06 5.794047e-06 0.0009683568 3.4575965e-08 1.9560113e-05 1.0076761e-07 2.1049056e-05 1.9560653e-07 8.762907e-09 1.0691692e-06 8.240182e-07 6.031872e-07 0.00020114948 0.0032684195 2.398453e-07 6.433009e-08 5.0835743e-06 4.4993212e-05 1.1184183e-06 7.71291e-09 8.883967e-05 1.374765e-08 7.975682e-07 2.0715124e-06
0.048625786 0.8542371 0.9982799 0.26948884 0.9451329 3.6491513e-15 0.1016575 0.03041849 0.94122434 0.08688985 0.0016715388 0.00044742704 0.03989583 0.007974345 2.266932e-05 0.022740735 0.7989506 0.0008018163 0.0008011008 0.009260454 0.00015463417 0.0011830203 1.770606e-05 0.0024544338 0.00022699598 0.0038755 0.00091381324 0.0014621736 1.7903227e-05 3.8702994e-05 0.00026628948 1.5394876e-06 0.0007615499 9.185848e-07 0.0001867533 0.000879356 1.2139006e-06 2.2500533e-06 8.776995e-08 7.241174e-05 9.971686e-05 0.00064364396 7.0594416e-07 1.4538772e-10 5.1198595e-06 2.5805305e-06 9.550696e-05 3.2713926e-06 1.07727686e-07 2.7406568e-06 1.6242191e-06 3.4552282e-05 7.838933e-08 1.5014875e-05 3.5852754e-06 3.1837565e-08 2.6635169e-06 3.295117e-08 1.0605941e-06 1.0852876e-06 5.648658e-07 1.4915401e-05 7.143395e-08 2.7002493e-06 6.5475416e-07 9.512413e-08 5.135775e-07 9.164069e-07 2.5691809e-06 1.5420672e-05 4.310992e-06 3.921218e-06 1.8612878e-05 6.8252484e-07 2.7317e-07 3.3754164e-05 3.9668271e-10 2.281063e-05 1.9816393e-06 4.376169e-05 1.00526876e-07 1.6178814e-07 2.3073053e-08 5.6097525e-07 4.840567e-06 1.1614385e-07 1.3334011e-06 5.0717386e-08 1.0965612e-06 2.6112664e-05 0.00017528047 3.0164134e-08 7.9036106e-08 8.074971e-07 4.3514965e-06 2.7486873e-08 2.7606466e-11 1.8019706e-05 2.1902242e-08 1.3504614e-06 5.95434e-08
0.9795496 0.6210303 0.085354075 0.80794746 0.9880102 0.1016575 5.2173244e-12 0.6068051 0.8464123 0.86451846 0.0019436013 0.0023218044 0.46227938 0.23204528 0.0015470048 0.35151273 0.5662391 0.014365927 0.016420452 0.07033115 0.067265384 0.02653235 0.011320693 0.00047064206 0.008541006 0.00015660818 0.13462198 0.9017019 0.003982346 0.0018521018 0.05561735 0.0005277271 0.00051977247 0.00057117856 0.0006955088 0.5165846 0.00017939572 5.889172e-05 1.6415377e-05 0.01581449 0.18547773 0.7178896 0.0011831742 1.8260688e-07 2.9658037e-05 3.8715916e-05 0.4918136 1.3653315e-06 9.061378e-06 0.0033216442 0.00083534914 0.017110683 5.927773e-06 0.00035837796 8.059438e-05 1.532124e-05 1.5829019e-06 2.9084536e-05 9.071061e-08 1.1017373e-06 8.022452e-07 1.393323e-06 5.421186e-07 9.845812e-06 1.2885972e-06 6.965044e-07 1.5090881e-06 8.681332e-05 0.00240957 0.05717054 0.02425521 9.703891e-07 0.0020433194 1.4752791e-06 1.1538447e-06 0.01593316 7.318346e-07 8.9861e-07 1.1976241e-06 0.01370445 7.9731945e-09 0.00095748686 1.0758025e-07 0.0003823121 4.975884e-07 3.4916603e-08 1.7489698e-07 4.2343157e-08 1.8864922e-07 0.0012256182 0.032810193 1.8396871e-07 1.8189253e-07 6.477333e-06 0.002129007 1.5926814e-07 7.2886394e-07 2.2137596e-05 2.3394643e-08 3.4837328e-07 6.3241697e-07
0.96949553 0.46319884 0.11359158 0.9943547 0.34211627 0.03041849 0.6068051 1.36723445e-11 0.12046211 0.0538811 0.08570985 0.3819162 0.009306235 0.007968981 0.09862214 0.01368123 0.11365748 0.00088399404 0.0012181643 0.001263617 0.0011700263 0.00044872353 0.00042850932 6.631081e-05 0.00058303814 2.6480939e-05 0.8475535 0.66740924 0.0002193084 0.00012351718 0.0027769168 8.283406e-05 4.4838835e-05 1.5605543e-05 0.00014505992 0.9514091 2.3194398e-06 0.0015737383 0.00016405103 0.0038323733 0.05115673 0.8670951 1.3284173e-05 7.79058e-08 0.000628008 4.994652e-06 0.17509614 0.00010884969 9.8393535e-08 0.0013591342 0.012419241 0.15064637 4.9153256e-05 0.0001336992 0.0014366118 2.5083023e-06 1.1979524e-05 1.2620801e-06 4.4679106e-07 9.557611e-05 1.6915746e-07 6.6601997e-06 1.8571146e-08 0.0006402676 3.1466305e-05 2.1372418e-05 1.9893718e-05 3.0796639e-06 0.0017844794 0.0707015 0.06390022 7.8004496e-07 0.014780254 3.6551188e-05 3.998682e-05 0.023791384 4.4980595e-07 6.293414e-05 5.4826258e-05 0.022742013 1.9907636e-08 0.00040465308 8.626001e-08 0.00015511746 1.96564e-05 5.8228316e-09 1.6645276e-06 2.848798e-07 5.824734e-06 0.0033496327 0.058631286 1.1961471e-06 4.0311429e-07 5.0308217e-06 0.0020367815 1.1443421e-05 8.895684e-07 6.18634e-06 4.2462208e-08 2.4239236e-07 3.0776853e-06
0.77905756 0.08221021 0.0062013436 0.6409458 0.9233863 0.94122434 0.8464123 0.12046211 3.133655e-12 0.9363589 0.0023086418 0.0018996383 0.9150661 0.09826699 0.00017917497 0.90774316 0.9821456 0.015161264 0.014319325 0.28541037 0.004776089 0.02684158 0.00047660666 0.00490983 0.0020845216 0.019723663 0.0020429103 0.10758728 0.0001300805 0.0002452853 0.00041725236 1.4098137e-05 0.011150923 8.128534e-06 0.0013290542 0.009278998 7.2930686e-07 1.4015198e-05 2.3079856e-06 0.0003539932 0.008025599 0.014557221 7.3629712e-06 1.7300597e-09 2.600352e-05 1.334576e-05 0.006647873 8.925575e-06 6.7125865e-07 2.7999737e-05 4.684496e-05 0.0007703696 3.4095826e-06 5.4157163e-06 2.938349e-05 3.147841e-08 5.47934e-06 9.4276096e-08 2.0092007e-07 3.1065217e-06 1.8716311e-07 8.5223394e-07 7.274123e-08 3.237709e-05 2.1987285e-07 1.9311224e-07 1.0982556e-06 2.8118438e-07 3.6765214e-05 0.0003781953 0.00021514513 8.548938e-06 9.271367e-05 3.2397613e-06 2.9958867e-06 0.0002089602 1.9806333e-07 3.4341607e-05 6.304752e-06 0.00022090455 3.633461e-08 1.8165773e-06 4.0764146e-08 1.6341332e-06 1.0764052e-05 6.5216845e-09 5.8662545e-06 4.3517352e-07 6.7795436e-06 0.00050017884 0.001395782 2.5823584e-07 1.8260124e-06 3.6911024e-06 0.00011247119 4.3723e-06 1.1692274e-08 8.821375e-05 1.5127371e-07 1.0350107e-05 7.16027e-06
0.9164874 0.0030167159 6.6619374e-05 0.1644307 0.50005436 0.08688985 0.86451846 0.0538811 0.9363589 3.295767e-14 0.0005653921 0.0012144607 0.9920716 0.9461728 4.3681925e-05 0.69023836 0.50578475 0.49133992 0.07651369 0.19700462 0.063631736 0.11604247 0.0026337744 0.0009780541 0.013637527 0.0004035932 0.0044044205 0.8361884 0.00093884027 0.0019540584 0.03274938 0.00039973966 0.004198529 0.00010231744 0.0008333988 0.022213623 4.140248e-05 1.0940657e-06 2.2912852e-06 0.01188778 0.2632696 0.042373765 0.00012806084 3.0704673e-08 1.0950903e-05 8.392302e-05 0.26170096 3.3792844e-07 3.3962415e-06 0.001608388 0.00013717439 0.002709018 2.691558e-07 0.00033568795 1.8623976e-05 2.7194817e-06 4.6776904e-08 3.5581545e-06 1.6016742e-09 9.806431e-07 4.0396787e-07 6.967944e-08 1.1647984e-07 4.2611214e-06 1.3535089e-07 7.337008e-08 1.1143671e-06 1.7428968e-06 0.0014906954 0.012395452 0.0025337243 2.745859e-07 0.00030044417 2.4906902e-07 1.764964e-06 0.0012617372 9.467934e-07 9.70269e-07 1.4625272e-06 0.005338857 1.0348788e-08 9.630221e-05 1.0191183e-08 2.026464e-05 5.0194126e-07 6.854668e-09 1.8020565e-07 2.101183e-07 6.145956e-07 0.00066251296 0.0052074045 1.2360431e-07 3.3919022e-07 1.9013145e-06 0.00030327137 3.0010883e-06 9.037369e-08 4.146464e-05 8.057154e-09 3.7093143e-06 1.3971031e-06
0.1000292 0.05569175 0.8813688 0.043842483 0.0020585088 0.0016715388 0.0019436013 0.08570985 0.0023086418 0.0005653921 6.7306905e-14 0.99936634 8.7581946e-05 7.348721e-05 0.38185865 0.00029160845 0.0044710077 1.0921574e-05 2.2054866e-05 4.9112394e-05 2.7528547e-05 4.7349586e-05 2.9577352e-06 4.0171867e-06 2.7935352e-05 7.574662e-06 0.23560125 0.0011046302 2.6207943e-05 4.9319406e-06 6.924228e-05 7.7051976e-07 1.4773345e-06 4.6761227e-07 3.920893e-06 0.02645929 2.918417e-07 0.929238 0.92376566 0.00012038444 0.0002503207 0.004193339 4.3972175e-08 1.3602161e-08 0.011438954 4.350007e-06 0.00041340204 0.0029820108 2.9804923e-08 4.0845325e-06 0.0072043603 0.023785345 0.009999003 3.944036e-06 0.0028460124 6.433316e-08 0.0006647239 5.975886e-09 1.6283704e-05 0.0003119264 4.8107726e-08 0.0012400257 1.9220019e-07 7.470186e-05 8.418695e-06 2.5081608e-06 2.1539776e-05 1.1931302e-06 3.3522036e-05 0.0003678878 0.0006052178 0.0015191165 0.00073829835 2.41675e-05 1.2304812e-05 0.0003405117 0.019707676 8.7479944e-05 9.653831e-06 0.0002763293 1.9182518e-07 8.1206545e-06 1.9921397e-07 5.318661e-06 2.8497114e-05 4.172583e-06 2.2315173e-06 5.698001e-07 7.629423e-07 0.00016002325 0.0009688098 9.131711e-07 2.044593e-07 1.4012784e-06 1.9166957e-05 6.132686e-08 2.3142106e-09 0.00014708778 5.9414713e-09 2.9419689e-05 6.585186e-08
0.32199082 0.029902324 0.0519526 0.05920152 0.0014677943 0.00044742704 0.0023218044 0.3819162 0.0018996383 0.0012144607 0.99936634 3.4520804e-12 0.00055635266 0.00024940356 0.9994352 0.0004923284 0.00059196894 2.663122e-05 0.00012831084 5.148847e-06 0.00021840277 3.7933856e-05 5.3465938e-05 1.3207264e-06 0.00011612974 1.2247592e-06 0.51554054 0.0034512763 8.878903e-05 4.9598307e-06 0.0001799926 4.2427382e-05 1.3986576e-06 7.966268e-06 2.3407507e-07 0.14650814 1.2189947e-06 0.15561593 0.008173481 0.00095698435 0.0006324596 0.02611682 1.0974389e-06 3.407889e-08 0.0018482436 1.8878142e-06 0.0009528462 0.00089808233 1.2982832e-07 0.00010883547 0.0082569895 0.06630934 0.0003704362 5.0577193e-05 0.0013327134 2.8999548e-06 0.00018890174 1.7637609e-06 9.904267e-06 8.54331e-05 7.384251e-08 0.00017007586 2.0714164e-07 0.00018263537 1.0711845e-05 4.483561e-06 6.511559e-06 1.5137171e-05 0.00010390879 0.0013109484 0.0037812449 4.4223565e-05 0.0009718525 7.963347e-05 1.3978289e-05 0.0008267142 1.085016e-05 1.6519434e-05 1.9114457e-05 0.0006808633 1.9135396e-07 2.3700128e-05 4.4011298e-07 1.8618826e-05 7.822064e-06 8.5052356e-08 5.331387e-06 3.2207097e-07 6.211669e-07 0.0003367907 0.0026177757 2.134444e-06 9.660314e-08 5.1473666e-07 0.00018638198 1.10450145e-07 6.7466583e-09 2.4604851e-05 6.7098918e-09 2.7409453e-07 2.0618832e-07
0.834827 0.001304968 2.6374153e-05 0.033544455 0.12738845 0.03989583 0.46227938 0.009306235 0.9150661 0.9920716 8.7581946e-05 0.00055635266 1.8343276e-15 0.7993854 4.5288684e-06 0.9850928 0.36345506 0.6019317 0.58776027 0.44938946 0.15715766 0.32888028 0.012774018 0.0027569716 0.027688038 0.0015960815 0.0008532067 0.46383604 0.0018819427 0.0017195918 0.037478548 0.00079753634 0.007957954 0.00025723976 0.0019442964 0.0048655346 0.0001236907 1.0898627e-06 4.4284337e-07 0.011677233 0.16126646 0.010863482 8.88124e-05 1.1791392e-07 3.9685906e-06 8.1198144e-05 0.13864481 9.184486e-08 1.5018176e-06 0.0014101142 2.6842488e-06 0.00038495308 5.0283245e-07 0.00034890012 6.9520706e-07 6.7862443e-06 1.9346099e-07 2.916988e-06 4.9233515e-09 4.2221603e-07 1.5892631e-07 2.2337623e-07 6.9895606e-08 5.241701e-07 2.8165768e-08 5.621682e-08 3.9605925e-07 2.239068e-06 0.00070557307 0.004958431 0.00022474391 1.2113398e-07 2.7320075e-05 1.4175521e-07 9.123899e-08 0.0003503803 2.8210542e-07 1.9208841e-07 2.3813125e-06 0.0015436145 1.6237225e-09 6.2437557e-06 1.6665178e-08 2.7177653e-06 1.8411967e-07 2.262241e-09 2.5642885e-07 1.5643067e-08 3.405681e-07 9.6099284e-05 0.003379983 3.3132803e-08 5.3689757e-08 2.4368688e-07 7.248498e-05 7.853109e-07 1.8749344e-09 0.00014376342 1.0257879e-08 3.8396274e-07 1.1846199e-06
0.96954346 0.0013172679 1.5357447e-05 0.0072040516 0.32313657 0.007974345 0.23204528 0.007968981 0.09826699 0.9461728 7.348721e-05 0.00024940356 0.7993854 3.2230565e-11 2.0369833e-05 0.26754683 0.02082181 0.95665616 0.6216622 0.07679404 0.4557029 0.20598711 0.2684429 0.0011609924 0.07644597 0.00013373593 0.0026806174 0.9433601 0.09644832 0.021329599 0.44739705 0.13355312 0.003716246 0.026992302 0.0041336063 0.019221291 0.01389302 3.3044653e-05 1.4971336e-05 0.22116138 0.86805004 0.0589952 0.081667565 4.6898378e-05 4.7798812e-06 0.005479746 0.8882058 2.9352705e-07 0.00010333001 0.01680541 8.429496e-05 0.0020545982 1.097429e-05 0.0037264936 9.941694e-06 0.00025232925 4.1188573e-06 7.753717e-05 1.176347e-07 4.458527e-06 1.4928322e-05 9.063712e-06 2.7458025e-06 5.3060967e-06 4.8755015e-07 1.4168636e-06 1.0671548e-05 0.00020621438 0.024839388 0.08453169 0.007400787 5.029269e-07 0.00026099756 2.0241241e-06 2.8072525e-06 0.007351616 1.3005047e-06 2.566624e-06 4.8006355e-06 0.045884505 7.835522e-09 0.0026302803 4.5605051e-07 0.0010268862 1.2215164e-06 2.2033726e-08 9.203069e-07 1.0560994e-06 4.4725275e-07 0.00053893117 0.009864381 7.388519e-08 1.18641815e-07 4.7498856e-06 0.0013523992 5.4361374e-07 1.9565728e-07 5.864048e-05 4.1353468e-07 1.9122851e-06 2.4935824e-05
0.8854944 0.0028491148 0.0019385578 0.059117105 0.0001813313 2.266932e-05 0.0015470048 0.09862214 0.00017917497 4.3681925e-05 0.38185865 0.9994352 4.5288684e-06 2.0369833e-05 1.0548833e-12 3.0332703e-05 0.000103986305 2.4413107e-06 1.5156882e-06 5.222107e-07 2.2464478e-07 3.1213747e-07 5.626305e-08 9.3503763e-07 2.1845212e-06 1.8489123e-07 0.98401314 0.018288463 8.934431e-08 2.131155e-06 2.4803954e-05 1.5350427e-06 4.4063927e-07 3.028235e-09 1.5061025e-07 0.64181215 6.8190933e-09 0.29688773 0.01751134 0.0007194206 0.002298944 0.31660658 3.8528228e-08 3.2475704e-09 0.042163257 1.8089577e-07 0.012227036 0.033786327 3.6636425e-08 0.00012466474 0.38601565 0.77938485 0.0008302071 2.504978e-05 0.06313856 1.6436917e-07 0.00016557187 7.4830835e-09 1.1955123e-05 0.00040527584 6.7081896e-09 0.00014879803 1.6798021e-09 0.0104320105 0.00072481204 9.195077e-05 2.0361871e-05 4.774639e-07 0.00061069796 0.014743355 0.048335504 0.00021500465 0.03360009 0.00025852674 0.0010532165 0.012199322 8.749893e-06 0.0003509006 0.00015199947 0.004690507 1.1803212e-06 0.00018170227 4.4771664e-07 4.3032967e-05 0.00025083308 3.1371405e-07 1.6222817e-05 4.3428904e-06 8.638387e-05 0.008686315 0.018954232 2.8273091e-06 2.6338157e-07 7.7420374e-08 0.0009225245 8.035558e-06 7.0212685e-08 3.232179e-06 1.133226e-08 8.2417614e-07 5.26188e-07
0.83250874 0.0017658153 0.00010741844 0.06192872 0.12011933 0.022740735 0.35151273 0.01368123 0.90774316 0.69023836 0.00029160845 0.0004923284 0.9850928 0.26754683 3.0332703e-05 2.6839447e-11 0.7941548 0.13290009 0.62780666 0.96530783 0.5271218 0.96409774 0.0541322 0.07999069 0.257101 0.016461775 0.000374831 0.27582487 0.004805906 0.0055828094 0.005603535 0.00022509483 0.027436862 0.00028000577 0.003410559 0.0020242785 0.00010212491 1.9892948e-06 1.3929005e-06 0.0030668564 0.080087855 0.0043873703 2.8992818e-05 1.5596167e-07 1.5481633e-05 0.00014871747 0.05890386 1.6866044e-06 2.510632e-05 0.00032300348 1.4483978e-05 0.0003579063 3.029355e-06 9.063733e-05 6.9110297e-06 3.9180276e-07 1.2877765e-06 6.5725095e-07 1.6185002e-07 3.9650804e-06 1.2588537e-06 6.745748e-06 1.6250858e-07 3.7886116e-06 7.6198425e-08 2.2989053e-07 3.3369618e-06 3.0586295e-07 0.00015026715 0.00086350937 0.00010125599 9.46328e-08 1.6137486e-05 4.6656723e-07 7.009884e-07 9.8339086e-05 4.3660666e-06 6.2665313e-06 2.5105373e-06 0.00019859851 2.0251704e-08 1.8064089e-06 1.769139e-07 3.8339067e-06 6.747701e-07 1.1609208e-08 7.042295e-07 2.6874437e-07 1.0586265e-06 0.00013580025 0.001398663 7.201304e-08 1.4710986e-07 1.3794246e-06 4.9356222e-05 1.7817304e-06 2.664993e-08 4.2535146e-05 1.6262177e-07 4.836308e-06 7.218149e-06
0.47323278 0.14609641 0.03743476 0.5191709 0.7621374 0.7989506 0.5662391 0.11365748 0.9821456 0.50578475 0.0044710077 0.00059196894 0.36345506 0.02082181 0.000103986305 0.7941548 4.959981e-12 0.0032690598 0.0029599124 0.554056 0.00043801108 0.0054894355 5.8363476e-05 0.2705549 0.00047384505 0.9994882 0.0013873173 0.0071257195 1.4487694e-05 2.2881439e-05 0.00014048122 5.9022335e-05 0.004198587 6.9505194e-07 1.6459804e-05 0.007518852 2.648225e-07 6.4227042e-06 9.5215125e-07 6.9341266e-05 0.00015792756 0.0035762533 2.5028336e-07 1.1474198e-08 5.6047425e-05 9.050109e-06 6.609716e-05 2.6909715e-06 2.0923726e-07 2.40822e-06 8.116721e-06 0.00020884545 1.0163294e-05 2.3501609e-07 1.9451468e-06 2.0004887e-08 1.1644131e-05 5.241663e-08 1.2853851e-06 6.3405446e-06 2.4401433e-07 9.4793637e-07 5.435805e-09 3.4443103e-06 1.0606294e-06 2.2325506e-07 4.7481553e-06 3.6121526e-07 3.1725193e-07 4.0445746e-05 1.952018e-05 8.045749e-06 1.1903019e-05 7.34921e-07 8.434253e-06 6.129657e-06 3.8610088e-07 3.769074e-05 2.2878176e-06 4.7017504e-05 3.7866645e-08 9.172038e-08 3.247027e-08 8.3582634e-08 5.820012e-05 4.900934e-08 1.0802013e-06 1.7836786e-06 1.1350838e-05 0.00011149062 0.0005357039 6.558787e-08 1.4955268e-05 1.3172496e-06 4.5349647e-05 1.0253545e-06 1.0617161e-08 4.1742293e-05 9.6505715e-08 3.9136472e-07 3.5254837e-07
0.9552622 6.989558e-05 1.4208126e-05 0.0008357428 0.01760889 0.0008018163 0.014365927 0.00088399404 0.015161264 0.49133992 1.0921574e-05 2.663122e-05 0.6019317 0.95665616 2.4413107e-06 0.13290009 0.0032690598 6.7511925e-12 0.9916681 0.045220252 0.53172934 0.14248933 0.64938337 0.0006542439 0.11830112 4.6719506e-05 0.00022098144 0.6530885 0.26951632 0.0577583 0.53223526 0.44914106 0.0038752656 0.16802868 0.0033389598 0.0016704887 0.0543186 2.0427962e-05 3.5850255e-06 0.30144197 0.8552672 0.0049327547 0.24500363 0.00037543185 4.407345e-06 0.027425606 0.8013034 1.2059546e-07 0.00019742978 0.03242387 4.227578e-06 0.00031198852 2.2541157e-05 0.004734916 4.7882924e-07 0.0032909233 9.447141e-06 0.00017799012 1.9577598e-07 3.6998779e-06 3.5982182e-05 4.3609085e-05 9.425165e-06 1.7856011e-07 1.4880959e-07 3.7315803e-07 5.070607e-06 0.00026042396 0.015783263 0.04133987 0.0010283514 1.5176813e-06 1.4254136e-05 3.14316e-07 7.369392e-08 0.0009609025 2.7008261e-06 3.9947366e-07 2.5114496e-06 0.025033275 2.71598e-08 0.0021053767 4.6640264e-07 0.0007705367 4.1162087e-07 3.2495304e-08 3.2892163e-07 4.6803527e-07 5.2856866e-08 0.00010391959 0.004662406 4.8411206e-08 5.3200887e-07 2.3519315e-06 0.0012202545 1.5108412e-07 1.4687268e-07 9.9431505e-05 4.7196323e-08 8.317087e-07 4.0335217e-06
0.8757809 5.3397453e-05 2.6461967e-06 0.0012105904 0.002939054 0.0008011008 0.016420452 0.0012181643 0.014319325 0.07651369 2.2054866e-05 0.00012831084 0.58776027 0.6216622 1.5156882e-06 0.62780666 0.0029599124 0.9916681 2.9413454e-11 0.0824348 0.98979086 0.48875678 0.8392643 0.0023822004 0.27457288 9.644146e-05 0.00018727107 0.3596843 0.15273292 0.043957006 0.21259318 0.015431863 0.003575024 0.030942183 0.004802458 0.0018002556 0.009248844 3.719036e-05 4.3965056e-06 0.080307096 0.65530807 0.0035392067 0.0049923165 1.7810178e-05 4.617686e-06 0.0029955711 0.4102776 7.7175525e-07 0.00045815372 0.008421755 3.3937747e-06 0.00014394768 0.00018588177 0.0018284372 1.2656333e-06 0.00017640351 9.320076e-06 0.00011306623 7.2150414e-07 4.6169994e-06 1.4741379e-05 0.00012974176 2.8418287e-06 2.0121126e-06 6.7469347e-07 3.8916403e-07 1.26419845e-05 0.00026494215 0.0041468157 0.013699228 0.00044834946 2.737587e-06 2.6161571e-05 1.0314038e-06 4.4991882e-07 0.00042695235 3.2858036e-06 3.774788e-06 2.044748e-06 0.0067659407 9.8017416e-08 0.00043258435 1.7315173e-07 0.00036637633 1.1569541e-06 8.887843e-08 1.4469888e-06 2.631505e-06 1.1098438e-06 0.00044514576 0.0033621031 2.0650475e-07 6.1419536e-07 5.0514795e-06 0.0005736703 2.085294e-06 4.3461625e-08 0.00017506695 1.7104341e-07 7.407844e-06 3.5458784e-06
0.30028793 0.0008425836 4.060215e-05 0.0131415045 0.08844931 0.009260454 0.07033115 0.001263617 0.28541037 0.19700462 4.9112394e-05 5.148847e-06 0.44938946 0.07679404 5.222107e-07 0.96530783 0.554056 0.045220252 0.0824348 1.6908936e-11 0.24459964 0.9616487 0.028915565 0.99841976 0.28496844 0.75446653 2.2055643e-05 0.02511746 0.0027964765 0.0032953187 0.0012341893 0.00075963064 0.05754612 0.0001438324 0.0043404205 0.0005107906 7.673161e-05 7.177357e-07 2.0900653e-07 0.00048933056 0.008332602 0.0008596947 3.895012e-05 6.0781724e-07 1.384244e-06 0.0006698908 0.003863085 1.5848286e-07 0.00034366542 4.9232116e-05 1.8598921e-06 2.8288807e-05 2.2219463e-06 2.132012e-05 4.2815637e-07 2.1891298e-08 2.2462734e-06 8.849898e-07 3.1649176e-06 4.3793335e-07 3.3197834e-06 7.228188e-07 9.394831e-08 6.760519e-07 2.9825236e-07 1.0964974e-08 7.813881e-07 1.521719e-06 8.254698e-06 5.5862733e-05 1.3502818e-05 8.865876e-06 3.6512322e-06 1.8213531e-06 1.5075547e-06 3.950227e-05 5.4323823e-06 6.8385893e-06 1.0028448e-06 0.0001409938 7.306159e-08 2.2557586e-07 2.1519365e-07 3.7365712e-08 6.1581623e-06 3.1433594e-08 1.0910857e-06 2.698904e-07 8.086499e-07 9.7232616e-05 0.0014267172 4.8841744e-06 9.885074e-06 6.0538837e-06 5.2178166e-05 2.0679997e-07 3.8466536e-07 4.2442884e-05 2.3439886e-08 1.2110915e-05 6.2713384e-06
0.88573694 8.836699e-05 4.426766e-07 0.0042639566 0.0039700656 0.00015463417 0.067265384 0.0011700263 0.004776089 0.063631736 2.7528547e-05 0.00021840277 0.15715766 0.4557029 2.2464478e-07 0.5271218 0.00043801108 0.53172934 0.98979086 0.24459964 1.5079115e-13 0.95488364 0.97748846 0.018145327 0.9325319 0.00012298695 0.00027393582 0.38079655 0.20637886 0.07565588 0.10741604 0.013882511 0.010246964 0.00931182 0.0077130403 0.0029380955 0.0011756759 8.975104e-07 8.3986026e-07 0.092002496 0.53329057 0.005073805 0.00056423317 5.135606e-06 1.2428583e-06 0.00039100103 0.2772398 2.4213986e-07 0.00016349627 0.0021772804 5.129532e-06 0.00012274769 2.9129462e-06 0.00095991296 6.3471845e-07 1.0359617e-05 3.2753962e-07 8.641383e-06 2.067351e-07 4.5350768e-07 9.3297206e-07 8.3194516e-07 2.1477274e-07 8.0913895e-07 1.12729374e-07 1.5708666e-08 5.071746e-07 1.1880077e-05 0.0016632891 0.008692684 0.00035908064 1.8227622e-06 2.8531103e-05 2.0034032e-07 1.9374081e-06 0.00053148763 1.9778207e-07 8.658817e-07 2.4393984e-07 0.0024367634 4.4009433e-08 0.00015027417 1.7642403e-08 1.5991074e-05 1.0454603e-06 2.6456563e-08 1.3967721e-07 3.8549253e-08 6.88793e-07 0.00063320936 0.0041056867 1.1504335e-07 4.5172584e-07 2.7224257e-07 0.00029985452 4.514351e-07 1.9422131e-07 2.6147529e-05 5.471776e-09 4.002102e-06 1.193335e-06
0.56954765 0.00015744784 6.0532716e-06 0.0041186125 0.01088769 0.0011830203 0.02653235 0.00044872353 0.02684158 0.11604247 4.7349586e-05 3.7933856e-05 0.32888028 0.20598711 3.1213747e-07 0.96409774 0.0054894355 0.14248933 0.48875678 0.9616487 0.95488364 9.2120545e-14 0.41532892 0.74865407 0.9905141 0.02701687 4.9847615e-05 0.07508151 0.054361407 0.07958995 0.008053085 0.0013701462 0.09295006 0.0016106544 0.03885977 0.0006051812 0.0005306276 1.5294022e-06 3.9443254e-08 0.005159477 0.0692063 0.00087928685 0.00017366582 5.1161646e-06 3.8250614e-06 0.000752091 0.031023027 4.6931396e-07 0.00023189839 0.0003858643 9.553155e-07 2.976327e-05 1.32771e-06 0.000826523 4.2989242e-07 1.7884566e-06 1.0523836e-06 5.1717157e-06 8.317377e-08 2.67554e-07 1.0838045e-06 4.705772e-06 2.0166567e-07 2.2488282e-06 4.5831294e-07 1.515115e-07 2.8284016e-06 4.2346956e-06 0.00015312164 0.0005591452 5.495394e-05 8.7324986e-07 1.0340261e-05 1.5528248e-06 1.6325879e-06 0.00013548022 2.3478783e-07 3.2152504e-05 2.6352793e-06 0.00018680908 3.061701e-08 1.7728717e-05 3.471028e-07 6.5814506e-06 1.3742323e-05 4.279924e-08 8.9237574e-07 2.29607e-07 5.76732e-06 0.00020616855 0.0012478316 2.593677e-07 8.7142047e-07 3.6333572e-06 0.00011995147 1.1359994e-06 9.883513e-09 0.00012168831 2.9417368e-08 2.6023927e-06 2.5727559e-06
0.8626912 2.8470817e-05 1.4376307e-07 0.00089695636 0.0008124853 1.770606e-05 0.011320693 0.00042850932 0.00047660666 0.0026337744 2.9577352e-06 5.3465938e-05 0.012774018 0.2684429 5.626305e-08 0.0541322 5.8363476e-05 0.64938337 0.8392643 0.028915565 0.97748846 0.41532892 4.2281653e-16 0.013582118 0.9870578 3.573439e-05 1.9149416e-05 0.2709495 0.9744636 0.37803328 0.5083228 0.16827758 0.019642476 0.22401232 0.031700037 0.0012088633 0.044061635 1.805063e-07 4.5061316e-07 0.35795957 0.61159825 0.002463756 0.008504268 0.0011412812 7.187907e-07 0.002076608 0.34081462 2.4656467e-08 0.0025818294 0.031576283 1.6281311e-07 1.4304575e-05 8.389029e-07 0.00674729 7.4869135e-08 0.0002754823 1.3871956e-07 0.0004966296 3.4183444e-08 8.192349e-08 9.647945e-05 7.9395846e-08 1.1615129e-05 7.683562e-08 3.3456864e-08 5.5342064e-09 6.9030584e-08 0.00030128716 0.005993517 0.015639497 0.00021688633 2.3746697e-06 2.8964917e-06 7.3663387e-09 4.751199e-08 0.00030750656 1.0091898e-07 4.5648452e-08 2.5930007e-08 0.004600085 3.0695229e-09 0.00044782643 6.2711756e-08 0.00017415575 3.31297e-08 2.0136154e-08 1.3117248e-08 1.0921365e-09 7.4952574e-08 0.00019893024 0.0031939535 2.2226793e-08 9.62658e-08 1.726563e-08 0.00055676774 3.1691144e-07 1.3560655e-09 0.0005287621 4.4431294e-09 1.3880093e-07 1.819831e-07
0.015460108 7.019029e-05 4.1825533e-05 0.00013985256 0.0010403596 0.0024544338 0.00047064206 6.631081e-05 0.00490983 0.0009780541 4.0171867e-06 1.3207264e-06 0.0027569716 0.0011609924 9.3503763e-07 0.07999069 0.2705549 0.0006542439 0.0023822004 0.99841976 0.018145327 0.74865407 0.013582118 2.8164099e-12 0.5506539 0.7569402 1.645562e-06 0.00021452353 0.007425885 0.09439309 0.0001902949 9.3660936e-05 0.52154684 0.0023223325 0.98681873 1.3043098e-05 0.0007103854 5.2001087e-06 2.7553904e-06 6.532205e-05 7.937689e-05 2.8665998e-05 0.0001170379 1.9688815e-07 3.330046e-07 0.0009463196 5.6120487e-05 8.052515e-07 0.0034671992 1.7645198e-06 5.7197457e-07 1.8265688e-05 5.4106563e-06 4.2252523e-06 4.747836e-07 2.937466e-07 1.7971387e-06 6.22357e-07 6.03298e-06 1.4005617e-07 3.147256e-06 1.1262966e-05 1.8957905e-06 4.2181156e-07 1.5172911e-07 7.044783e-08 1.5493545e-06 1.0157097e-06 3.3686564e-07 2.869213e-06 4.3441594e-07 4.9200855e-05 9.376841e-06 5.472246e-07 1.4605138e-07 1.4920437e-05 4.8981774e-06 1.8948705e-06 2.0869422e-07 3.2990523e-05 6.4625823e-07 1.6628829e-07 1.5473403e-06 2.2524308e-07 1.2245338e-06 1.5256983e-07 2.506713e-07 1.4505409e-08 3.024094e-07 7.1984946e-06 0.0005246745 7.577768e-08 5.08418e-06 2.2142654e-06 7.0571637e-06 5.9446226e-09 3.6508891e-09 0.0001820554 3.8651056e-09 1.770015e-05 3.04482e-07
0.5361203 0.0001266754 2.4758024e-06 0.0014848469 0.001397643 0.00022699598 0.008541006 0.00058303814 0.0020845216 0.013637527 2.7935352e-05 0.00011612974 0.027688038 0.07644597 2.1845212e-06 0.257101 0.00047384505 0.11830112 0.27457288 0.28496844 0.9325319 0.9905141 0.9870578 0.5506539 6.8291615e-11 0.0021465279 3.4044315e-05 0.04461789 0.87108135 0.8431257 0.024621742 0.032351855 0.20118718 0.115019485 0.47074714 0.0003951826 0.032906916 3.879081e-06 1.8857862e-06 0.027840411 0.10204261 0.0007038475 0.002009821 0.00057352317 2.9048751e-05 0.002509885 0.040142532 1.6595268e-06 0.002340231 0.0016108671 2.6331365e-06 3.17304e-05 1.985312e-05 0.0006836132 4.565087e-07 2.3453898e-05 2.0910342e-05 6.138862e-05 5.361971e-06 3.4173174e-06 2.8343517e-05 4.759115e-05 1.0415151e-05 1.3327159e-06 4.2402706e-07 3.2156518e-07 1.599709e-06 0.00017847081 0.00020547997 0.00043859502 5.132147e-05 4.02463e-06 1.0467278e-05 6.9792725e-07 1.4789677e-07 0.00025665655 3.2088433e-06 4.948666e-06 5.002155e-06 0.00030482703 2.4799755e-08 4.4584744e-05 3.9393504e-07 4.6150333e-05 2.607744e-06 6.716796e-08 2.8872882e-06 1.5314083e-07 2.1736837e-06 8.693868e-05 0.0030994983 1.1963688e-07 6.0094044e-07 1.3087106e-05 7.3207055e-05 4.0509283e-07 2.3063548e-08 0.0018698081 3.914213e-08 2.4912067e-06 1.4992016e-06
0.00027974875 0.00031077283 6.0725462e-05 7.483092e-05 0.0027571188 0.0038755 0.00015660818 2.6480939e-05 0.019723663 0.0004035932 7.574662e-06 1.2247592e-06 0.0015960815 0.00013373593 1.8489123e-07 0.016461775 0.9994882 4.6719506e-05 9.644146e-05 0.75446653 0.00012298695 0.02701687 3.573439e-05 0.7569402 0.0021465279 2.446946e-14 7.848078e-07 2.2193086e-05 5.156112e-05 0.0002874291 1.3337923e-05 2.181746e-06 0.99865836 1.4843394e-06 9.3979375e-05 6.032571e-06 2.0202228e-06 2.837731e-06 6.2830416e-08 5.1430115e-06 3.5247526e-06 1.3984616e-06 4.596322e-07 3.6259824e-09 2.7046394e-07 2.0901182e-06 3.1559964e-06 1.4848526e-07 9.832976e-06 3.6816314e-08 6.1305684e-08 4.2680452e-07 2.0512059e-07 1.2212178e-07 2.608348e-08 1.5642023e-08 3.0741005e-06 4.27569e-08 9.121054e-06 1.8030637e-07 6.291015e-08 6.6483203e-06 5.0630785e-08 1.3360926e-07 8.898089e-08 9.6697335e-08 9.630166e-07 6.1411825e-08 9.062341e-09 9.2535146e-07 3.322331e-07 7.916419e-06 1.5391632e-06 3.9981572e-08 3.8296346e-08 3.4144034e-07 1.0409316e-06 2.4191288e-06 2.614513e-07 1.8505098e-06 3.3076038e-08 8.721605e-09 9.11501e-08 1.8363506e-08 1.9129911e-06 6.250434e-08 6.8492443e-07 2.370172e-08 4.4974252e-07 1.7036563e-06 6.884405e-05 2.5247392e-08 1.5224268e-07 6.987328e-06 2.5184804e-07 7.633087e-10 1.2751716e-10 1.9114027e-06 7.0162004e-10 1.2106416e-06 2.4600602e-09
0.9685748 0.048281517 0.00742094 0.32104406 0.015705958 0.00091381324 0.13462198 0.8475535 0.0020429103 0.0044044205 0.23560125 0.51554054 0.0008532067 0.0026806174 0.98401314 0.000374831 0.0013873173 0.00022098144 0.00018727107 2.2055643e-05 0.00027393582 4.9847615e-05 1.9149416e-05 1.645562e-06 3.4044315e-05 7.848078e-07 2.0043956e-12 0.047953747 4.0782954e-05 5.131944e-06 0.00070100615 7.312116e-05 4.3611325e-07 9.758306e-06 4.785434e-07 0.96925336 4.5490333e-07 0.31871 0.000756048 0.0027023917 0.007559443 0.7513428 8.650923e-06 2.8132211e-08 0.036728323 7.8075794e-07 0.021232521 0.06603763 2.0951312e-08 0.000535732 0.5914781 0.8496429 0.007113979 0.0003997513 0.05776545 5.0305067e-07 0.0014345341 1.9919526e-06 0.00020283021 0.002394442 1.5089032e-07 0.00092641555 5.7256756e-08 0.008569084 0.0006808405 0.00018419318 0.00012800455 2.8280308e-05 0.00045731335 0.109327115 0.33541435 0.0002944429 0.112927794 0.00033558885 0.00072061433 0.07924679 3.005929e-06 0.00027359094 0.00012328476 0.024818392 4.995076e-06 0.00083264615 3.2126968e-07 0.0005486842 0.000112380796 1.6613399e-06 3.4780365e-05 7.386342e-06 3.220977e-05 0.02996745 0.15164292 2.067083e-05 1.9179772e-07 2.608694e-06 0.007748318 1.7836457e-05 1.15347e-07 1.537172e-05 4.7358636e-08 3.34662e-07 9.835062e-07
0.99035275 0.0152102215 0.00025368118 0.16795936 0.25838694 0.0014621736 0.9017019 0.66740924 0.10758728 0.8361884 0.0011046302 0.0034512763 0.46383604 0.9433601 0.018288463 0.27582487 0.0071257195 0.6530885 0.3596843 0.02511746 0.38079655 0.07508151 0.2709495 0.00021452353 0.04461789 2.2193086e-05 0.047953747 1.1215134e-12 0.13844661 0.030274639 0.48899323 0.34978577 0.00094885175 0.05230329 0.000665368 0.41889462 0.011351471 0.00041185098 1.3630231e-05 0.6359571 0.7426674 0.34126034 0.1362311 0.0003063036 4.983188e-05 0.0011761766 0.8358887 1.9795607e-05 4.2576747e-05 0.010789952 0.00096901413 0.005953733 6.0116313e-06 0.003926849 0.00010962246 0.0006007961 8.992303e-06 0.0006871362 3.5020537e-07 8.7195795e-06 5.598359e-05 7.04844e-06 1.5715434e-05 7.641843e-06 1.241439e-06 1.1480985e-06 1.8881616e-06 0.00016393827 0.006808402 0.35541323 0.06740563 2.2068048e-06 0.0017656712 1.1721403e-06 5.7656152e-06 0.044395182 1.7106757e-07 1.0742192e-06 1.3591115e-06 0.09120037 4.637837e-08 0.0021206713 3.1470545e-08 0.0008547276 3.429258e-07 7.3876834e-09 8.9286566e-08 3.1462804e-08 5.6680864e-08 0.00081543624 0.057212926 4.2741996e-07 5.524391e-08 5.1057407e-07 0.007630024 8.699623e-09 8.632536e-08 1.4181567e-05 6.646395e-09 8.696375e-08 5.333652e-07
0.8255481 2.3087352e-05 1.3207912e-07 0.00054105563 0.0001687924 1.7903227e-05 0.003982346 0.0002193084 0.0001300805 0.00093884027 2.6207943e-05 8.878903e-05 0.0018819427 0.09644832 8.934431e-08 0.004805906 1.4487694e-05 0.26951632 0.15273292 0.0027964765 0.20637886 0.054361407 0.9744636 0.007425885 0.87108135 5.156112e-05 4.0782954e-05 0.13844661 2.1877388e-13 0.9924187 0.31081715 0.55931646 0.016526591 0.9705512 0.054958645 0.00094289373 0.1439051 1.6504279e-06 1.0487366e-06 0.28823528 0.5113035 0.0013282566 0.01240293 0.0077000204 2.594406e-06 0.011828229 0.2710438 1.9428968e-07 0.0098096775 0.027159702 3.8366024e-06 1.8857801e-05 4.0820128e-06 0.0067213657 5.4616623e-07 0.0007099025 1.4314892e-05 0.0017851203 4.2594448e-07 1.765166e-06 0.00031957147 1.656411e-07 3.918114e-05 1.0986663e-06 8.622975e-08 2.0649834e-08 1.3394505e-07 0.0012631259 0.006355383 0.008649089 0.00016468903 4.1820963e-06 7.914978e-06 1.1498819e-07 1.331848e-06 0.00018008753 1.399069e-07 4.189887e-07 1.1404145e-07 0.0028454491 1.38665515e-08 0.00072530756 1.4980825e-08 0.00022941976 3.9760593e-07 2.0570427e-08 1.4288432e-07 4.884612e-08 4.6533167e-08 0.00011173447 0.0017527353 2.5522109e-08 9.466241e-08 1.751052e-08 0.0008302649 2.3624766e-08 1.4110052e-09 0.002785286 1.7222217e-08 2.596724e-07 3.7144667e-07
0.41808367 2.357742e-05 7.509406e-07 7.687722e-05 0.00026893505 3.8702994e-05 0.0018521018 0.00012351718 0.0002452853 0.0019540584 4.9319406e-06 4.9598307e-06 0.0017195918 0.021329599 2.131155e-06 0.0055828094 2.2881439e-05 0.0577583 0.043957006 0.0032953187 0.07565588 0.07958995 0.37803328 0.09439309 0.8431257 0.0002874291 5.131944e-06 0.030274639 0.9924187 3.356536e-10 0.08068075 0.26653674 0.09400744 0.97583896 0.94487315 2.5698782e-05 0.35430026 5.5996056e-06 1.2464952e-06 0.093889534 0.12619014 0.0001191319 0.01049774 0.008398616 2.103486e-06 0.031622622 0.06065296 1.7713297e-06 0.034243133 0.0031646101 1.7460833e-07 3.1600562e-06 3.3452782e-06 0.0013978322 5.6734727e-08 0.00045691707 3.3505094e-05 0.0015293009 1.1588353e-05 1.8640633e-06 0.0015390703 1.5241002e-05 8.8133784e-05 6.3540585e-07 3.2941512e-07 8.508366e-08 2.6094926e-06 0.001692966 0.0010074265 0.00050070643 2.2773764e-05 1.2780992e-05 4.301801e-06 9.456316e-08 2.4953533e-08 3.9850907e-05 1.2702204e-05 8.4699894e-07 3.1297597e-07 0.00037009877 1.541559e-08 2.3620949e-05 4.3221337e-07 1.8112969e-05 9.660337e-07 3.7662957e-07 1.293941e-07 1.6759019e-08 2.3519604e-08 2.4974095e-05 0.0015331928 2.7581246e-08 1.313525e-06 2.9447967e-06 0.00016183931 1.01164845e-08 4.6320445e-09 0.0011807164 1.7061161e-08 5.9967783e-06 1.052398e-07
