8.4545576e-13 0.84380937 0.9284344 0.83585334 0.9648539 0.9792027 0.9778215 0.98490614 0.53508157 0.8271772 0.923862 0.66585284 0.14562638 0.33742803 0.038043555 0.87090605 0.9785129 0.040368304 0.110652626 0.8618319 0.419552 0.26931053 0.116588615 0.9954112 0.5886428 0.27012733 0.9761264 0.9519944 0.32338065 0.96344185 0.9184394 0.9621765 0.30640385 0.9587717 0.9555512 0.9778735 0.9846541 0.94151425 0.96891546 0.9695607 0.7697472 0.99573094 0.8898576 0.84427017 0.9204704 0.73054516 0.9274781 0.9870363 0.9799669 0.69082355 0.9279304 0.93517685 0.98726416 0.7110834 0.55597395 0.628775 0.99618924 0.57714885 0.54004735 0.8404355 0.48824835 0.5464436 0.97254395 0.9425238 0.10303756 0.809812 0.96647215 0.65206903 0.7172422 0.92250806 0.8487073 0.05449161 0.010977961 0.99995565 0.94638884 0.00042772075 0.99996036 0.0020332523 0.9087747 0.7356405 0.8313547 0.57416964 9.987927e-06 0.00036773592 0.77419466 0.47381645 0.83551 0.009675781 0.0048481766 0.0030550542 0.00010418523 0.6823338 0.114922784 0.5802479 0.0038315405 0.9926596 0.20881869 0.9961571 0.2974933 0.00028391927 0.8912204
0.84380937 1.0892869e-12 0.8261329 0.9918243 0.67423636 0.11328313 0.75559086 0.007652604 0.885971 0.28476992 0.0018519029 0.9884208 0.20652896 0.033828724 0.092449695 0.0878658 0.12508635 0.014964416 0.07640275 0.00054654456 0.0010133762 0.002400049 0.014583573 4.9659055e-05 0.0042469427 0.0014815122 0.04615148 0.42092425 0.0002796855 0.37209538 0.05825421 0.042990603 0.0009154117 0.00345699 4.310491e-06 0.0012137751 1.3177842e-05 0.00029780038 0.0035910811 8.4471525e-05 1.3848957e-05 0.057743557 2.1329606e-06 8.9065245e-05 3.2601103e-05 8.6907254e-05 2.1685444e-06 0.038672063 1.0070589e-06 0.0002897984 0.0002974158 0.017285636 0.004935373 1.3324706e-06 3.3785463e-07 3.0148262e-06 0.014666827 4.965917e-06 2.8334813e-07 8.678543e-05 2.7030873e-07 6.3693716e-07 0.00079282024 1.5838599e-07 2.1987222e-05 2.7479628e-05 0.0004030482 1.7596976e-07 0.00026247502 3.618024e-05 5.0632816e-06 3.584448e-06 1.12291175e-07 0.0036117933 5.8347746e-06 6.869982e-09 0.007091092 3.9149091e-07 0.000116466246 5.507092e-09 3.78738e-06 8.16282e-05 1.1602009e-07 2.9733418e-09 1.4934559e-05 9.0976806e-07 6.735742e-07 7.3994306e-07 9.2359386e-08 7.294046e-08 3.9417816e-07 5.224463e-05 2.1858402e-06 4.8202337e-06 7.63319e-06 4.1716423e-05 2.6388568e-07 2.2137872e-05 6.7341054e-05 4.2448747e-07 3.8670397e-08
0.9284344 0.8261329 2.057749e-12 0.47871083 0.9790763 0.9270168 0.21555464 0.30779928 0.82732594 0.9898462 0.26379615 0.28681093 0.5581195 0.561107 0.056707665 0.0012665318 0.3557898 0.1156372 0.00095405284 0.11336521 0.16728656 0.00034413885 0.0003937993 0.00080234435 0.16654417 0.023531819 0.10674913 0.1974152 0.007971976 0.12368741 0.007054664 0.0075118104 0.013113162 0.00021533195 8.797833e-05 0.006164991 0.0003030002 0.019295983 0.000261072 0.004028159 0.0014685063 0.12919924 5.857274e-05 6.7467518e-06 0.00012998612 0.006946474 0.00014377727 0.014893797 3.4857967e-05 0.0001413998 1.3606347e-05 0.023384893 0.0020461334 0.00017463289 1.5844764e-05 0.00022997068 0.019601129 0.00024427546 0.00013204217 6.8254344e-06 2.1432486e-05 0.00023340514 0.0018360626 5.1009256e-06 5.912529e-06 6.041141e-05 0.0003002749 3.135931e-06 4.513598e-05 9.782682e-06 8.1538485e-05 7.613135e-07 2.9816922e-06 0.008406336 6.58465e-05 5.006593e-08 0.0056080148 0.0001945475 0.00020491189 2.5287113e-07 0.00011774948 0.00035235344 2.1983867e-07 1.6010131e-07 0.00014175434 1.547719e-05 1.2026904e-05 5.9200274e-06 1.5640242e-07 1.3465639e-07 3.5377568e-07 0.00027820005 8.1325474e-05 2.5516014e-05 0.00020222123 0.00016595016 1.5997341e-07 0.00014497142 0.00041102528 3.282197e-07 9.280598e-08
0.83585334 0.9918243 0.47871083 2.221024e-14 0.49276355 0.10599506 0.9963069 0.0019390598 0.48799145 0.02000202 0.0007231257 0.8916227 0.021485902 0.0055188965 0.01395546 0.7464446 0.08675162 0.0035630332 0.05555444 0.00031166113 0.00085466355 0.029996075 0.021413665 6.6549355e-06 0.0011123217 0.00043768642 0.026937451 0.62402666 3.5423414e-05 0.5707232 0.42388904 0.23308358 0.00015395759 0.116039395 9.848193e-07 0.00025254904 4.0426753e-06 0.00019540863 0.005997974 1.1123078e-05 1.10602e-06 0.058754135 8.0962525e-07 0.0027825418 1.7447202e-05 1.9621619e-05 5.5144557e-07 0.10976301 1.7120595e-07 0.0024000718 0.0026148353 0.04089649 0.011323813 1.0596871e-06 3.630363e-07 2.6192963e-06 0.03899171 7.659181e-07 9.510758e-07 0.0008011306 5.5208407e-08 9.238405e-08 0.0003866037 1.1732838e-07 0.0005152082 1.157692e-05 0.00054516277 4.4481476e-06 0.00043017705 9.0780944e-05 1.2175992e-06 3.991134e-05 1.4343343e-07 0.0022513543 4.7064965e-05 7.0216393e-09 0.010096844 6.308607e-08 0.00048451603 3.504937e-09 0.00011176538 0.00038412155 1.2652543e-08 2.5903485e-10 5.866503e-05 6.4736116e-07 5.1754014e-06 1.1018224e-08 9.122746e-07 2.9943456e-07 7.911619e-06 1.8609026e-05 5.2625932e-05 6.502548e-06 1.8692972e-06 1.1985433e-05 2.7165567e-07 5.8562517e-05 0.00010589638 1.2634511e-07 7.4161454e-07
0.9648539 0.67423636 0.9790763 0.49276355 1.0290844e-11 0.97757035 0.31274095 0.6199667 0.10085822 0.74279636 0.2951614 0.06473963 0.05613056 0.19213246 0.0036459838 0.0014769479 0.9119643 0.018474706 0.00030490523 0.33969897 0.15123178 7.994462e-05 0.00017949395 0.014619779 0.25687915 0.058510996 0.52959275 0.32735425 0.034027252 0.14758928 0.0037688531 0.0042651873 0.040633287 0.00015410359 0.006606196 0.009791172 0.0050252425 0.13239382 3.6318972e-05 0.058643114 0.00637138 0.48147786 0.0034500984 2.984816e-06 0.00081669976 0.039158415 0.004971616 0.018145604 0.0029698724 1.42447325e-05 6.173525e-05 0.06513965 0.00044419037 0.0029384568 0.0003317359 0.00065376994 0.054279223 0.0010105032 0.0007308595 5.1089096e-06 5.7260175e-05 0.00037285214 0.004592841 0.00036316997 6.8998147e-06 0.0002180055 3.105339e-05 0.0010401156 5.1979573e-06 3.0507915e-06 0.0063967286 1.3393382e-05 3.155655e-05 0.019356912 1.4789783e-06 1.2393062e-06 0.0018678119 0.00023747834 4.4151e-05 6.6209227e-06 2.4449162e-05 6.1133134e-05 3.07198e-07 4.9211294e-06 0.0002407738 3.1693562e-05 5.224964e-06 2.5898362e-05 8.493722e-07 1.1885511e-06 8.7573267e-07 0.00022595405 9.305911e-06 2.7969045e-05 0.0019349507 7.665547e-05 1.0128513e-06 5.056396e-06 3.928733e-05 3.835794e-06 4.5485237e-08
0.9792027 0.11328313 0.9270168 0.10599506 0.97757035 4.537936e-11 0.08030607 0.8799337 0.08241775 0.68976647 0.56387484 0.009772995 0.028381692 0.21637228 0.0033107821 0.00046329948 0.9554651 0.023185711 0.0002690166 0.62922174 0.32539922 5.3878797e-05 0.00023517385 0.039551154 0.42629096 0.10986814 0.6796257 0.23662704 0.07143062 0.15401329 0.0020199157 0.0017761101 0.07859985 4.3454438e-05 0.011657172 0.053401466 0.013578148 0.41876706 1.3716646e-05 0.24099573 0.026956635 0.47527936 0.005596002 9.835953e-07 0.0036145966 0.1791333 0.023044739 0.01967766 0.009542057 1.4771114e-05 1.2000519e-05 0.06442723 0.000317876 0.015785312 0.00018079273 0.0021291056 0.054230288 0.0009904192 0.004955826 1.8603338e-06 7.571185e-05 0.0022496395 0.0076116766 0.0016331993 7.960299e-06 0.0006417112 2.3250659e-05 0.0016599519 4.5818642e-06 1.6030583e-06 0.022519158 6.8843287e-06 0.0001568747 0.022137942 3.1789932e-06 3.7875961e-06 0.0015317117 0.0002994219 2.4302826e-05 1.139798e-05 3.2311375e-06 4.1879775e-05 1.3025042e-06 8.031352e-06 0.00089317834 0.0002569806 1.9200718e-06 0.00017247268 1.7421993e-07 6.377607e-07 2.5909294e-06 0.0005175421 8.883836e-06 0.00017265385 0.017934244 0.00030892156 9.114998e-07 1.0462119e-05 0.00015478821 6.718008e-06 6.5157666e-09
0.9778215 0.75559086 0.21555464 0.9963069 0.31274095 0.08030607 1.27851965e-11 0.004481411 0.15725103 0.026565747 0.002134314 0.52355176 0.008049848 0.0029828215 0.002320753 0.17709602 0.31607103 0.00091406476 0.007194512 0.0010974527 0.00049044203 0.0023379815 0.0026322866 4.5746227e-05 0.0017951963 0.0005946498 0.13019565 0.8880455 0.00010001534 0.89294314 0.5492601 0.346387 0.00053460733 0.012322787 5.0064646e-06 0.0010283164 1.3484944e-05 0.00047065262 0.007956679 7.10107e-05 2.5311798e-05 0.35291806 3.4160207e-06 0.00069676945 5.5167704e-05 3.566694e-05 2.7178896e-06 0.42137456 1.3569667e-06 0.00087919715 0.0016281396 0.31087878 0.06900326 4.8717257e-06 3.5225514e-06 5.8925684e-06 0.20554987 3.8766884e-06 1.7491976e-06 0.00012896299 1.241358e-07 1.309504e-06 0.0036362298 1.1773582e-07 8.984961e-05 9.523636e-05 0.0023732958 1.8606079e-07 0.00034042724 0.000110847934 1.1114363e-05 5.4305103e-05 4.2613263e-07 0.042424113 0.000112009635 1.1403242e-07 0.039814435 5.7534435e-06 0.0012149849 1.1501472e-09 0.0001322583 0.0007643023 5.0950767e-08 2.2814293e-08 0.0012378995 3.442555e-07 1.5252489e-05 2.431045e-07 1.40782395e-05 8.4386096e-07 3.6491192e-06 0.00060016505 5.6208384e-05 1.3664566e-05 2.3044544e-05 0.00028883762 2.6401605e-07 0.00014497765 0.0006464476 1.7238985e-07 1.5035207e-07
0.98490614 0.007652604 0.30779928 0.0019390598 0.6199667 0.8799337 0.004481411 9.384389e-12 0.001629809 0.34861606 0.9917842 0.0011197 0.002661585 0.17722969 0.00023386927 6.2532963e-06 0.8853799 0.0043998864 3.6941543e-05 0.7468585 0.3365337 4.669191e-06 2.2398015e-05 0.2129309 0.16899243 0.03226277 0.6404074 0.011034637 0.031121133 0.00998104 0.00033613644 0.00036367858 0.10638292 1.303149e-06 0.068100765 0.13263541 0.031412046 0.6229922 2.2059946e-06 0.40251762 0.06952902 0.5067454 0.009475662 7.317847e-08 0.0020282972 0.18952711 0.057936355 0.0018665289 0.015162595 1.1165585e-06 7.602542e-07 0.019433403 5.8456444e-05 0.027317777 0.000106995365 0.006367404 0.01567361 0.0029115106 0.0054758233 4.4897754e-07 7.568492e-05 0.0033040198 0.012091578 0.0038737727 2.4053281e-06 0.00087075646 1.6478729e-05 0.00073211035 3.920336e-06 1.2902807e-06 0.03880061 7.701877e-07 0.0002892616 0.043489628 1.2670838e-06 8.206237e-06 0.0012716581 0.00039122262 3.556247e-05 7.9890204e-05 4.5611037e-06 8.1122824e-05 1.7812191e-06 4.80594e-06 0.0014349275 9.719063e-05 1.6140648e-06 6.8900794e-05 1.8557557e-07 4.3646654e-07 4.8145756e-07 0.00083258736 6.533373e-06 0.00010401081 0.004524254 0.00033158407 1.1220634e-06 1.43762245e-05 6.413037e-05 2.371063e-06 2.273414e-07
0.53508157 0.885971 0.82732594 0.48799145 0.10085822 0.08241775 0.15725103 0.001629809 5.8144903e-15 0.5958803 0.0009199402 0.70283204 0.99284375 0.063781805 0.99708724 0.0023660406 0.0070768907 0.08836785 0.002523951 7.0795977e-06 6.189553e-05 0.0010703349 0.00042194477 2.4529982e-06 0.0018865184 0.0009012655 0.0006757007 0.04403205 8.097381e-05 0.022682892 0.013332507 0.010921155 0.00019889364 0.0012133672 1.0565633e-07 2.6088668e-05 7.8988666e-07 4.9116916e-06 0.0014339918 1.8607676e-07 8.536929e-08 0.00074895425 1.8446775e-08 0.00010924342 2.1672987e-07 8.669911e-06 1.138717e-07 0.0037051379 1.5345238e-07 0.0010840656 7.0222304e-05 0.0035080407 0.0021844974 1.2098054e-07 7.3852187e-09 6.994142e-06 0.00033160747 1.23986e-07 3.9600313e-06 6.524946e-05 3.9820587e-09 3.1737827e-08 2.724805e-05 2.033915e-08 3.645003e-05 5.037033e-06 0.0012633073 1.1259179e-08 0.001977655 1.3071587e-05 1.0329646e-05 2.0310872e-06 4.5581025e-08 0.0004378263 1.0876786e-07 2.7488956e-09 0.00059169857 4.4704893e-07 0.00018374226 7.326051e-10 1.2157712e-05 0.0002640137 3.2672094e-09 5.448037e-11 4.9712522e-08 9.561796e-09 3.1033133e-07 6.878841e-10 9.377551e-09 1.5990683e-08 2.2882127e-06 9.966105e-07 2.0994204e-07 2.6153685e-07 3.938638e-10 1.926181e-06 5.0625665e-08 4.2694232e-06 1.4552277e-05 1.25589406e-08 4.4826433e-07
0.8271772 0.28476992 0.9898462 0.02000202 0.74279636 0.68976647 0.026565747 0.34861606 0.5958803 9.663888e-12 0.4303799 0.0006718469 0.97349346 0.96446 0.28530204 3.7508132e-06 0.18012117 0.5534303 1.2406301e-05 0.050832074 0.14519708 1.827806e-05 1.8519091e-05 2.8872844e-05 0.4644164 0.039054956 0.03097525 0.026358012 0.0047553456 0.016011385 0.00095461664 0.00073840667 0.016026227 1.870095e-05 1.6519774e-06 0.00062801695 4.358312e-06 0.001350099 2.6752668e-05 4.9917875e-05 3.3727454e-05 0.027929613 1.8995783e-06 1.2109331e-07 1.8229266e-05 0.0063272105 4.4660383e-06 0.0027272257 6.5700846e-07 2.1643834e-06 1.9452339e-06 0.0044254344 0.0003104727 4.9528797e-05 5.774499e-07 1.0838773e-05 0.002582669 2.321563e-05 9.397122e-05 1.9087506e-06 8.486766e-07 5.0618404e-05 0.00028226516 4.7859004e-07 4.94923e-07 4.795485e-05 0.0001272361 6.737506e-08 4.5982248e-05 2.4294516e-06 0.0007459297 4.743249e-08 3.382404e-06 0.002276865 2.795923e-07 1.4655833e-08 0.0013204444 8.7015236e-05 8.800343e-05 1.7644817e-07 2.7333845e-06 0.00019801773 3.3753258e-07 3.7105752e-09 3.0725514e-05 5.5268885e-08 3.1036123e-07 3.7130484e-08 1.0250916e-08 4.5510834e-08 6.8242203e-09 3.4506313e-05 1.1004395e-06 3.5954072e-06 1.4890713e-05 1.2504928e-05 4.6576164e-07 3.0840492e-06 0.00011998441 4.7443717e-08 1.3338163e-07
0.923862 0.0018519029 0.26379615 0.0007231257 0.2951614 0.56387484 0.002134314 0.9917842 0.0009199402 0.4303799 3.0473451e-12 0.00048253968 0.014342614 0.76842576 0.00036145857 1.9904826e-06 0.51202977 0.055002555 8.318813e-06 0.99090296 0.5815138 1.7975054e-06 1.4751588e-05 0.06953646 0.18919605 0.04678975 0.25634152 0.007675188 0.042957034 0.006724322 0.00030220428 0.0003125448 0.07897136 1.3935568e-06 0.007613013 0.041073132 0.008931587 0.49034545 2.6262298e-06 0.20731805 0.03596543 0.2492941 0.0010286451 4.567075e-08 0.00082851644 0.062120806 0.013534741 0.00178624 0.001610031 1.2870362e-06 3.104166e-07 0.010154096 0.00010811257 0.009483696 3.09523e-05 0.0039228927 0.008705306 0.0009225522 0.0015486138 5.65826e-07 2.0916288e-05 0.0022579543 0.0043035042 0.0002155261 8.772364e-07 0.0005758854 2.3512708e-05 3.008678e-05 7.82269e-06 1.8505416e-06 0.020216636 7.9016314e-07 0.00030236316 0.015173725 1.3704819e-06 5.6256185e-06 0.00092522183 0.00033980445 2.8038536e-05 5.653942e-06 3.6860707e-05 8.603315e-05 5.226292e-07 9.177433e-07 0.00047585802 1.7723833e-05 1.0029147e-06 2.1973945e-06 1.06157295e-07 5.303946e-08 2.1907644e-07 0.00043459397 7.933523e-06 0.00015079977 0.0008596406 0.00021825451 1.0400107e-06 1.81547e-05 0.00013440296 5.856576e-07 3.919631e-07
0.66585284 0.9884208 0.28681093 0.8916227 0.06473963 0.009772995 0.52355176 0.0011197 0.70283204 0.0006718469 0.00048253968 2.3001934e-10 0.012930401 0.0007303197 0.49625444 0.6926461 0.022604099 0.0012997125 0.99986494 5.511948e-05 0.00019180845 0.006000225 0.027495477 2.0067784e-05 0.0005288108 0.000741013 0.009710165 0.41197577 0.00021638429 0.36052257 0.35472438 0.25360808 0.0002934693 0.0012432246 3.2163189e-06 0.000281433 1.7752556e-05 1.7136148e-05 0.0027171334 2.4216747e-06 6.8509203e-06 0.012401069 1.023051e-05 0.0002900312 2.9377268e-05 7.388784e-05 4.9691057e-06 0.016436433 6.84597e-06 0.00050256524 0.000110875626 0.012182423 0.0014232076 2.6181113e-05 8.320534e-06 3.133508e-05 0.002363083 3.6206548e-05 8.4353305e-06 0.00015200366 4.6129057e-06 1.2473616e-05 0.00036253087 1.2791979e-05 0.0002376505 6.661321e-05 0.00051803817 1.0663969e-05 0.0012447437 0.00034587228 2.9498098e-05 0.000113303264 3.9596503e-06 0.0045319274 0.0002478328 3.4538837e-07 0.0017522859 4.294204e-05 0.0009830525 2.241232e-06 0.0002935936 0.000312727 5.146458e-07 9.614982e-08 3.739261e-05 7.5421923e-07 1.2209208e-05 1.65867e-07 2.0171788e-06 2.5415725e-06 3.825216e-05 3.7326838e-05 2.935055e-05 0.00017469304 1.0721849e-07 7.189861e-05 1.5071005e-06 2.1725637e-05 4.231779e-05 1.202355e-06 3.4185398e-06
0.14562638 0.20652896 0.5581195 0.021485902 0.05613056 0.028381692 0.008049848 0.002661585 0.99284375 0.97349346 0.014342614 0.012930401 2.271499e-12 0.5725312 0.9836003 3.072001e-05 0.002287195 0.8860841 0.000142272 0.0011225591 0.011673057 0.0001105807 8.839059e-05 2.5040035e-05 0.010212993 0.0023641537 0.0009186808 0.0026501594 0.00047385655 0.0024740335 0.00041909202 0.00032310883 0.0016381528 5.5041943e-05 2.5568422e-06 0.00012291144 4.379578e-06 0.00027249806 3.7302427e-05 2.0486568e-05 3.5499254e-06 0.00071811135 1.5055575e-06 7.665543e-06 2.2081206e-06 0.00027015453 5.1774796e-06 0.00042425096 1.0232397e-06 1.7153561e-05 3.746425e-05 0.00087822834 0.000301474 8.404528e-06 2.5038267e-07 4.405327e-06 0.00030446763 1.9654242e-05 5.455137e-06 1.7171566e-05 8.7078284e-08 4.724915e-06 9.772048e-05 1.5549001e-07 4.3570153e-06 6.494628e-06 0.00011547166 5.170465e-07 0.0002281584 4.8738235e-07 6.3741965e-05 4.0997643e-06 7.993858e-07 0.00025874775 1.031097e-06 4.2001446e-07 0.00025651 7.658667e-06 6.94755e-05 7.0283164e-08 1.030456e-06 3.152818e-05 8.90547e-09 2.6957593e-08 1.5085153e-06 4.9916228e-08 4.9463303e-08 2.185466e-09 5.6229527e-10 1.9289217e-08 5.313999e-07 2.1000262e-06 8.436134e-08 5.5966154e-08 2.0959915e-07 5.0565695e-06 8.1835367e-07 4.1834246e-06 2.4176318e-06 1.6791856e-07 3.4722035e-07
0.33742803 0.033828724 0.561107 0.0055188965 0.19213246 0.21637228 0.0029828215 0.17722969 0.063781805 0.96446 0.76842576 0.0007303197 0.5725312 2.4636862e-12 0.31256306 2.1327978e-06 0.013236177 0.9973848 1.3505278e-05 0.5882524 0.89948237 7.5733687e-06 1.3373447e-05 0.00021475626 0.6769636 0.22916877 0.0031920203 0.003917619 0.049887784 0.003046319 0.00024407962 0.0001407089 0.095298626 8.1533935e-06 8.994696e-06 0.00028698455 3.5429224e-05 0.0072579714 8.459935e-06 0.0005124953 0.00040360919 0.0016193928 1.4297621e-05 5.8963144e-07 3.0160152e-05 0.031103212 9.78119e-06 0.00042936634 3.4539482e-06 3.8144317e-06 1.3155598e-06 0.0008108691 7.1847404e-05 0.00010445893 2.8243367e-06 1.9177523e-05 0.00026317485 8.519569e-05 0.00058002194 2.8429007e-05 3.0484737e-06 0.000388296 4.762993e-05 1.0294118e-06 1.4642953e-06 2.8838967e-05 7.5535725e-05 6.507291e-07 7.70769e-05 1.0576344e-06 0.0005147573 6.606136e-07 9.312162e-06 0.00026158962 2.6091693e-06 2.0637442e-07 0.00022214909 0.0015741242 1.4544592e-05 7.575062e-07 2.012534e-05 9.380669e-06 1.7262577e-05 2.6238104e-07 8.504936e-06 1.3755434e-07 5.089142e-08 1.39969965e-08 1.09887004e-07 4.0742637e-07 4.2162338e-07 1.3663683e-06 2.105529e-06 3.5091764e-06 6.499259e-05 4.337633e-06 3.5089505e-07 1.0020457e-06 1.1337227e-05 3.274166e-07 4.3282856e-08
0.038043555 0.092449695 0.056707665 0.01395546 0.0036459838 0.0033107821 0.002320753 0.00023386927 0.99708724 0.28530204 0.00036145857 0.49625444 0.9836003 0.31256306 8.0652356e-14 0.00066558155 0.00017801186 0.9862603 0.00056961324 0.00010483568 0.002117159 0.00038067947 0.00033503165 7.3765364e-06 0.024696559 0.0074162562 0.000116330935 0.0008342382 0.00068092917 0.000498038 0.00013158673 0.00014617798 0.0054159877 0.00026907254 1.4894981e-06 8.405242e-06 5.2499886e-06 6.919996e-05 1.2984159e-05 1.1723086e-05 2.7602428e-06 0.000105804414 1.9911063e-07 6.5669556e-06 6.045388e-07 6.1188905e-05 2.0136906e-06 7.803597e-05 1.0602217e-06 9.974402e-06 2.9583928e-06 0.00011566949 1.1581724e-05 3.93422e-06 3.3406998e-08 1.7178805e-05 0.00013839827 5.4573643e-06 2.3841336e-05 2.27003e-05 2.023071e-07 3.1738373e-06 3.0218239e-06 5.6861264e-08 5.2021273e-06 5.2696333e-07 9.729184e-06 2.1086255e-08 0.00012583904 5.483494e-07 2.4970854e-05 7.474062e-07 8.172415e-07 7.620523e-05 5.3205247e-07 7.621486e-08 0.00017249504 1.0003976e-06 3.2203567e-05 4.8303015e-08 7.4002533e-06 3.7546747e-06 1.5758475e-07 3.993887e-09 1.6918287e-08 1.3347845e-09 1.8132887e-08 5.037787e-10 2.2984885e-09 7.0843544e-09 8.153117e-07 1.3406417e-07 2.9873004e-07 6.290833e-07 3.2280678e-09 8.948791e-08 1.3455583e-06 6.418338e-08 1.0539181e-06 1.196888e-07 6.049561e-08
0.87090605 0.0878658 0.0012665318 0.7464446 0.0014769479 0.00046329948 0.17709602 6.2532963e-06 0.0023660406 3.7508132e-06 1.9904826e-06 0.6926461 3.072001e-05 2.1327978e-06 0.00066558155 3.6701196e-15 0.0054861386 6.6803905e-06 0.42533344 9.2445575e-08 6.787293e-08 0.9988756 0.99120027 6.881394e-08 5.7708526e-06 5.6172607e-06 0.0022008077 0.3226782 2.8453334e-07 0.2951737 0.6087168 0.48040602 1.3520523e-07 0.04817803 1.2243329e-08 0.00010491068 5.249207e-08 1.8042327e-08 0.08291515 4.949397e-08 2.4153662e-08 0.009614737 2.5694709e-09 0.0011990065 9.863499e-08 8.047221e-08 5.7505527e-08 0.07713235 1.6579005e-08 0.0023398797 0.006368549 0.016894743 0.023647238 4.3498442e-08 6.0468e-09 1.4468957e-07 0.0062867315 3.0029878e-07 9.5718855e-09 0.00021797286 9.498502e-09 7.0607746e-09 0.00085382484 1.3590234e-08 0.0019613258 6.770674e-07 0.0047227168 2.5280686e-08 0.0012242695 0.00020625844 2.0959087e-06 0.0006552033 5.78239e-09 0.0026678974 0.00048862945 2.9175474e-08 0.008466917 6.5174106e-08 0.00030688252 9.565626e-09 0.00019332241 0.0001214189 2.4884368e-09 4.2196966e-09 3.462439e-05 3.609651e-08 1.040236e-06 1.8060874e-09 7.3194974e-07 9.977498e-07 0.00040453175 8.330635e-06 9.828188e-07 6.3619166e-07 1.1976144e-07 1.439767e-05 4.0599552e-05 1.1591681e-05 1.7655642e-05 1.295338e-06 2.7285107e-05
0.9785129 0.12508635 0.3557898 0.08675162 0.9119643 0.9554651 0.31607103 0.8853799 0.0070768907 0.18012117 0.51202977 0.022604099 0.002287195 0.013236177 0.00017801186 0.0054861386 1.8398844e-12 0.0012565755 0.0003188217 0.34806392 0.045428127 7.135998e-05 8.0237456e-05 0.4959346 0.096900046 0.019743674 0.9775924 0.51980925 0.022017626 0.101347156 0.0022924438 0.003411702 0.04582714 0.0004134042 0.25229138 0.21081275 0.2569946 0.642733 1.448851e-05 0.6108169 0.11242524 0.81158704 0.16397738 6.66006e-06 0.015763158 0.19519676 0.21413578 0.0100554945 0.18905678 8.051006e-06 2.0460893e-05 0.04200452 0.0002424915 0.084615655 0.0013996704 0.013001383 0.044971947 0.0075231707 0.031153103 2.9506157e-06 0.00031736467 0.01620244 0.022987515 0.105066665 1.4556837e-06 0.0021521072 1.468717e-05 0.0007176109 2.2716229e-06 2.4279948e-06 0.16711286 3.3330136e-07 0.0002539426 0.031884387 1.3665371e-07 2.0196467e-06 0.0009405012 0.0001935637 1.5505542e-05 0.0014341286 1.1763207e-06 1.5925692e-05 4.742166e-07 4.347859e-06 0.00061673933 0.00019845879 1.7154868e-07 0.00013941326 1.2405952e-06 3.2459466e-06 1.7604746e-07 0.00040256977 1.1432223e-06 2.8965402e-05 0.007762921 9.6686046e-05 1.4886298e-07 6.581466e-07 5.8619735e-05 7.915909e-07 3.1500134e-09
0.040368304 0.014964416 0.1156372 0.0035630332 0.018474706 0.023185711 0.00091406476 0.0043998864 0.08836785 0.5534303 0.055002555 0.0012997125 0.8860841 0.9973848 0.9862603 6.6803905e-06 0.0012565755 5.999143e-11 8.439741e-06 0.24695022 0.81108636 7.688568e-06 1.3298966e-05 0.00011681576 0.8365923 0.5253496 0.00044090365 0.0005574802 0.02609847 0.000293525 1.7189901e-05 3.7670972e-05 0.07311192 5.252793e-06 1.2995505e-05 1.0167773e-05 2.5478617e-05 0.000916908 6.0739735e-06 6.1142004e-05 8.585447e-05 0.00041908983 2.189101e-06 3.896247e-06 2.8524792e-05 0.0030246738 3.1636187e-05 9.503595e-05 1.2805796e-05 9.13493e-06 1.6662017e-06 0.00023401718 2.3904628e-05 7.941566e-05 3.7035474e-07 5.08832e-05 0.00011844009 2.5816715e-05 0.00016466813 1.8057588e-05 1.712111e-06 5.223492e-05 3.986853e-06 8.4068324e-07 1.3040597e-05 1.5537129e-05 3.738348e-05 3.1813162e-08 0.00014865564 6.001962e-06 7.764076e-05 1.2178367e-07 1.0742894e-05 0.0007018373 5.5075257e-06 1.00626835e-07 0.00040193408 0.00022912154 4.326522e-05 1.5713806e-06 5.647454e-06 1.7931018e-06 5.4897855e-06 7.700698e-08 2.9265259e-08 3.353391e-08 9.944709e-08 2.7080967e-08 1.3605515e-07 1.5926405e-07 5.1100426e-07 1.975231e-07 7.5092555e-07 1.8539392e-07 3.0358127e-08 2.8040407e-07 1.3089358e-06 1.8788275e-07 1.7685925e-07 8.755372e-07 1.4299555e-07
0.110652626 0.07640275 0.00095405284 0.05555444 0.00030490523 0.0002690166 0.007194512 3.6941543e-05 0.002523951 1.2406301e-05 8.318813e-06 0.99986494 0.000142272 1.3505278e-05 0.00056961324 0.42533344 0.0003188217 8.439741e-06 1.8789555e-12 3.616456e-06 8.0853806e-07 0.03839214 0.99973005 1.3360958e-06 4.5997207e-05 5.3729378e-05 0.00016520514 0.005258971 2.4929644e-05 0.0049476377 0.010759833 0.010226258 7.3075607e-06 0.0019140744 1.9912886e-07 1.7247208e-05 1.5195757e-06 1.0291056e-06 0.00059982523 1.3873549e-06 1.3317147e-06 0.00046467804 6.871915e-07 4.747954e-05 1.6934446e-06 5.7979546e-06 4.3615464e-06 0.00096571364 3.2057817e-06 2.1488442e-05 0.0001791302 0.00040402202 0.0002267625 7.420253e-06 2.0913922e-06 5.2419236e-06 0.00015302135 2.7816768e-06 3.154275e-06 6.668822e-05 9.8833674e-08 3.75989e-07 1.7563829e-05 8.663067e-06 6.370174e-05 8.807946e-06 5.283795e-05 2.0254893e-06 0.00017590876 2.8565246e-05 1.8061066e-05 5.9773854e-05 1.4514876e-06 0.00029392555 4.2215183e-06 3.1555342e-07 0.00081774447 5.4649163e-06 5.143937e-05 1.1166874e-06 2.7029328e-05 1.9325871e-05 1.7605906e-07 4.691316e-08 2.4878166e-06 5.9560807e-07 4.8052823e-07 3.5698843e-08 2.6568422e-08 5.1852896e-07 6.209785e-05 7.3026524e-07 2.7779905e-07 5.801367e-06 5.491407e-07 1.593815e-07 2.8731206e-06 1.321377e-07 3.2268908e-06 1.5735162e-06 4.152861e-06
0.8618319 0.00054654456 0.11336521 0.00031166113 0.33969897 0.62922174 0.0010974527 0.7468585 7.0795977e-06 0.050832074 0.99090296 5.511948e-05 0.0011225591 0.5882524 0.00010483568 9.2445575e-08 0.34806392 0.24695022 3.616456e-06 4.067283e-11 0.99709713 1.6576944e-07 1.4888641e-05 0.037667096 0.696278 0.3414466 0.11965311 0.0036666123 0.3398912 0.0031215758 4.5284127e-05 5.2722782e-05 0.41880196 4.95588e-07 0.0005794229 0.010632257 0.005413571 0.39013183 6.082466e-06 0.019929152 0.0061635473 0.10177435 2.2078331e-05 3.7144083e-08 0.00096228404 0.04469284 0.00025957846 0.0011894119 5.3403208e-05 1.6349095e-06 1.5982747e-07 0.0047125425 6.089939e-05 0.0010767306 1.447844e-05 0.00042276306 0.0027092532 0.00045426286 0.0015089212 1.1504188e-06 1.5170526e-05 0.00078190287 0.0011989492 8.864566e-06 2.6528434e-07 0.0003958527 1.9931336e-05 6.8975446e-06 9.9193676e-05 3.963383e-06 0.0047676307 3.9797565e-06 6.5177184e-05 0.002527634 1.554207e-06 7.635676e-07 0.001442848 0.000735272 7.5256175e-05 3.1272327e-07 4.175069e-05 9.1674345e-05 6.7333855e-07 2.3372545e-06 0.000116222036 6.1781566e-06 2.3240384e-06 5.4113325e-06 3.8629686e-09 1.7241575e-08 1.224875e-06 0.00018927899 1.8114299e-05 0.0004184736 0.00036626682 0.00012672048 2.7098483e-06 4.255324e-05 0.00029341248 9.135492e-07 3.8219122e-07
0.419552 0.0010133762 0.16728656 0.00085466355 0.15123178 0.32539922 0.00049044203 0.3365337 6.189553e-05 0.14519708 0.5815138 0.00019180845 0.011673057 0.89948237 0.002117159 6.787293e-08 0.045428127 0.81108636 8.0853806e-07 0.99709713 1.5888353e-15 1.1380786e-07 8.694137e-06 0.0044182003 0.9748391 0.8123966 0.010148099 0.0016756592 0.7234987 0.0008001487 9.945745e-06 2.1262615e-05 0.8661577 3.1678482e-07 8.235335e-05 0.0008381142 0.0005395395 0.4766079 1.2439017e-06 0.00943973 0.006770485 0.0053168028 7.521473e-06 1.0876427e-08 4.310526e-05 0.10668775 0.00016746 5.5824818e-05 8.7003e-06 4.826579e-07 3.3506165e-08 0.00081867067 6.4111505e-06 0.0007535416 9.1026277e-07 0.00037917471 0.00024680817 0.00016742136 0.0034545313 1.0622631e-06 4.9054864e-07 0.0010515585 4.8189995e-05 2.0968164e-06 1.215428e-07 3.9284423e-06 6.547039e-06 3.620751e-07 1.2364011e-06 7.326715e-08 0.0017462968 1.4061277e-07 1.2965388e-05 0.00032285502 1.7710239e-06 2.9921686e-08 0.0002128271 0.0009002227 3.124195e-05 3.7051034e-08 1.1072578e-06 3.8982803e-06 5.927612e-07 1.6419409e-06 3.660075e-07 2.2569036e-07 4.8340993e-08 1.8882247e-08 2.75756e-09 1.1717457e-08 1.5200837e-07 3.2025804e-07 1.2186534e-07 4.3326077e-07 6.085956e-07 7.485318e-07 1.297865e-07 5.394507e-07 2.2146119e-06 1.6737185e-06 3.3295977e-09
0.26931053 0.002400049 0.00034413885 0.029996075 7.994462e-05 5.3878797e-05 0.0023379815 4.669191e-06 0.0010703349 1.827806e-05 1.7975054e-06 0.006000225 0.0001105807 7.5733687e-06 0.00038067947 0.9988756 7.135998e-05 7.688568e-06 0.03839214 1.6576944e-07 1.1380786e-07 1.7154778e-12 0.97375864 4.733046e-08 1.2986159e-06 8.759119e-06 3.8778366e-05 0.006078309 8.7093775e-07 0.008028668 0.27254027 0.15308788 1.2245519e-07 0.9691214 3.7032525e-08 1.7759508e-06 2.2173568e-08 3.538173e-08 0.1466446 7.505783e-09 4.5208456e-08 0.000108139684 3.9000017e-08 0.041310273 1.0781053e-07 3.8674543e-07 1.4719548e-07 0.017003022 5.552215e-08 0.50314224 0.49290782 0.0025266712 0.018411944 1.9887505e-06 5.1081525e-07 2.4074325e-06 0.00060431263 1.809464e-06 9.53582e-06 0.004510139 2.3266428e-07 2.0487212e-07 6.588045e-06 2.2356892e-07 0.5228843 1.4441558e-06 0.011298426 3.9599502e-07 0.00889445 0.0017309504 1.2260377e-06 0.023782186 4.901923e-07 0.00037997615 0.12635575 1.3190868e-07 0.0031832359 2.154716e-06 0.0020883998 1.305569e-07 0.0010197057 0.0029414247 4.499744e-08 2.6502256e-09 4.9887944e-07 2.6277243e-07 0.00020814911 2.5765983e-08 0.0006228112 0.0002729907 0.007016938 2.214351e-05 0.0004235946 2.1695489e-05 3.771844e-08 1.866973e-05 0.00022143037 5.0331124e-05 0.000247885 8.2594896e-05 0.00012407715
0.116588615 0.014583573 0.0003937993 0.021413665 0.00017949395 0.00023517385 0.0026322866 2.2398015e-05 0.00042194477 1.8519091e-05 1.4751588e-05 0.027495477 8.839059e-05 1.3373447e-05 0.00033503165 0.99120027 8.0237456e-05 1.3298966e-05 0.99973005 1.4888641e-05 8.694137e-06 0.97375864 3.074651e-12 1.7838641e-06 2.536871e-05 3.3067638e-05 8.3511855e-05 0.0032152473 1.07340975e-05 0.00287486 0.015501268 0.014174139 1.0804598e-06 0.012531521 5.205053e-07 1.4301276e-05 4.4415413e-07 5.420051e-06 0.0021013778 3.321094e-06 1.0810807e-05 0.00017534451 1.0565559e-06 0.0003654533 1.5286434e-05 1.0961184e-05 1.4147094e-05 0.001345722 7.0112446e-06 0.00047165345 0.0036250392 0.0004883362 0.0005245039 2.201855e-05 5.5351647e-06 6.7987207e-06 0.00024471406 6.0365305e-06 2.1871925e-05 0.00012934371 4.048889e-07 4.9863064e-07 1.1919911e-05 4.8035414e-05 0.015337375 2.55992e-05 0.00036205768 9.195344e-06 0.00023481774 5.5028984e-05 1.3372655e-05 0.00046989802 8.265017e-06 0.00093807455 0.00018672338 1.9765057e-06 0.0007613034 3.4297304e-06 0.00024800986 3.6299527e-06 5.5876106e-05 8.915702e-05 1.5898102e-07 1.6538824e-07 1.7261747e-06 1.7724912e-07 3.8110134e-06 1.7480453e-08 4.976328e-06 5.084725e-05 0.0011283346 1.9960523e-06 2.9733862e-06 1.9762767e-05 2.8519216e-07 1.0268881e-06 2.616569e-05 1.9661e-06 1.212521e-05 2.45593e-05 3.6407506e-05
0.9954112 4.9659055e-05 0.00080234435 6.6549355e-06 0.014619779 0.039551154 4.5746227e-05 0.2129309 2.4529982e-06 2.8872844e-05 0.06953646 2.0067784e-05 2.5040035e-05 0.00021475626 7.3765364e-06 6.881394e-08 0.4959346 0.00011681576 1.3360958e-06 0.037667096 0.0044182003 4.733046e-08 1.7838641e-06 1.2794617e-14 0.0023592177 0.000638566 0.7351266 0.00499999 0.000697757 0.00077211316 2.0982738e-05 2.8208038e-05 0.0316542 2.2795415e-08 0.9706363 0.6517547 0.91594315 0.60629535 4.4487857e-07 0.83030707 0.37361148 0.6208887 0.60962284 3.3298453e-09 0.042914 0.041545894 0.8445436 0.00042055539 0.69943213 1.6767716e-08 2.7281862e-08 0.018730385 1.0999563e-05 0.29857752 0.0021461563 0.27861434 0.01379894 0.032838583 0.007617498 5.1444484e-08 0.0013401023 0.02240393 0.056699857 0.078281246 4.043965e-07 0.007758658 2.82316e-06 0.0015854522 4.4935106e-07 2.2154217e-07 0.37078458 2.6205691e-07 0.004440279 0.12886105 2.4307422e-08 5.839727e-05 0.0017040424 0.00049242796 1.6711436e-05 0.0034454456 2.8134464e-06 7.7306286e-05 1.5391663e-06 2.02197e-05 0.004044887 3.9831073e-05 1.5020996e-06 7.706444e-06 3.3438283e-07 7.142183e-08 6.625461e-07 0.0019089127 4.876676e-06 0.00019799979 0.005132659 0.0009337942 5.428952e-07 5.2488995e-05 0.00018431722 3.1443187e-06 5.8462263e-08
0.5886428 0.0042469427 0.16654417 0.0011123217 0.25687915 0.42629096 0.0017951963 0.16899243 0.0018865184 0.4644164 0.18919605 0.0005288108 0.010212993 0.6769636 0.024696559 5.7708526e-06 0.096900046 0.8365923 4.5997207e-05 0.696278 0.9748391 1.2986159e-06 2.536871e-05 0.0023592177 1.1132426e-11 0.9992052 0.009107217 0.0064824126 0.7497745 0.0022766406 0.00021747744 0.00024552052 0.2225733 4.4387784e-06 4.1583837e-05 0.0008746289 0.00026483834 0.09724452 8.835575e-06 0.0006233743 0.0033747826 0.004953069 1.505979e-05 8.794906e-07 5.9398295e-05 0.035176415 3.3930704e-05 0.00031913444 1.1792349e-05 4.373738e-06 3.9679986e-07 0.0015292449 0.00020495139 0.0007079912 2.1643216e-06 3.488111e-05 0.00044899984 3.5093188e-05 0.0016660491 8.377321e-06 2.713517e-07 0.00054677756 0.00021604673 1.1811217e-06 6.0746544e-07 4.2098694e-05 9.920286e-05 1.2082062e-07 0.000120407276 7.202619e-07 0.00023059768 4.7362363e-07 3.2268097e-05 0.005770179 4.9194284e-07 6.576008e-07 0.0009009093 0.0007422093 0.0003271187 2.078035e-07 5.4975164e-05 5.601616e-05 4.3921906e-07 6.2645954e-06 1.5339094e-05 2.2744384e-08 3.9767494e-07 1.6404757e-10 2.0207513e-09 2.8710001e-08 5.3496433e-07 2.036558e-05 9.410332e-07 4.1189282e-06 2.6284244e-08 1.29500395e-05 3.4256263e-07 3.8229042e-05 4.4725446e-05 3.4274925e-07 2.1352125e-07
0.27012733 0.0014815122 0.023531819 0.00043768642 0.058510996 0.10986814 0.0005946498 0.03226277 0.0009012655 0.039054956 0.04678975 0.000741013 0.0023641537 0.22916877 0.0074162562 5.6172607e-06 0.019743674 0.5253496 5.3729378e-05 0.3414466 0.8123966 8.759119e-06 3.3067638e-05 0.000638566 0.9992052 4.0065538e-12 0.0021044833 0.0016622149 0.99686974 0.0005865298 5.40426e-05 4.4931166e-05 0.652334 2.4922117e-06 5.370512e-06 0.00036174947 0.00013410438 0.03024341 3.2558803e-06 0.00037730063 0.0026095975 0.00157508 1.0415598e-05 1.277264e-06 1.8923918e-05 0.029798469 3.4248693e-05 0.000109551394 4.9218806e-06 3.1928569e-06 6.212588e-07 0.00060078065 5.583536e-05 0.0005738386 5.008265e-06 9.8785385e-05 0.00010708081 4.1671054e-05 0.0017991205 2.6388718e-05 1.4715849e-06 0.00031421304 5.427647e-05 3.3107344e-06 6.189674e-06 1.4309352e-05 8.0848964e-05 7.9113664e-07 7.982798e-05 5.5703083e-07 0.0003831275 7.1278083e-07 0.00012783095 0.00076674117 2.0291475e-06 2.103231e-06 0.00048671817 0.0024632334 0.00016040033 2.7701702e-07 4.0269395e-05 0.00010603241 2.9220768e-05 8.037122e-06 4.3237355e-06 2.514547e-07 1.8066405e-07 8.288502e-09 1.13178515e-08 7.647274e-08 5.5243567e-07 3.3987105e-06 8.949419e-07 2.0723796e-06 1.339697e-07 1.289529e-06 1.3372763e-06 2.581168e-06 1.6305597e-05 4.0737507e-07 5.0820296e-07
0.9761264 0.04615148 0.10674913 0.026937451 0.52959275 0.6796257 0.13019565 0.6404074 0.0006757007 0.03097525 0.25634152 0.009710165 0.0009186808 0.0031920203 0.000116330935 0.0022008077 0.9775924 0.00044090365 0.00016520514 0.11965311 0.010148099 3.8778366e-05 8.3511855e-05 0.7351266 0.009107217 0.0021044833 7.6046217e-13 0.8303309 0.0035735192 0.07821459 0.0011263709 0.0020253968 0.0109732095 0.0001479046 0.6206257 0.8765171 0.39617434 0.2926663 1.6405424e-05 0.39983916 0.051493116 0.9798878 0.43431583 2.49717e-06 0.049027216 0.009883835 0.21539655 0.010496444 0.23858552 8.76766e-06 3.2630218e-05 0.26455563 0.00035837252 0.035103347 0.0074140397 0.014096713 0.1373737 0.018301662 0.0034255914 1.913962e-06 0.0018852021 0.002014997 0.27855325 0.078426756 2.583064e-06 0.040561497 3.738808e-05 0.0018528268 1.0839291e-05 4.0071313e-06 0.11179551 5.9632924e-07 0.00015150625 0.2048169 3.4073284e-07 4.9773626e-06 0.001897348 0.0001452432 0.000101796046 0.006112623 1.1669728e-06 9.6278236e-05 4.5631023e-07 4.449484e-06 0.0029035732 0.00060860324 5.587035e-07 0.00041151769 4.221645e-07 3.6590266e-06 2.671742e-08 0.0016939179 1.0043168e-06 0.00014187297 0.012938449 0.00011338553 9.996265e-08 3.5082594e-06 0.00020880344 8.551596e-08 4.19851e-09
0.9519944 0.42092425 0.1974152 0.62402666 0.32735425 0.23662704 0.8880455 0.011034637 0.04403205 0.026358012 0.007675188 0.41197577 0.0026501594 0.003917619 0.0008342382 0.3226782 0.51980925 0.0005574802 0.005258971 0.0036666123 0.0016756592 0.006078309 0.0032152473 0.00499999 0.0064824126 0.0016622149 0.8303309 1.1478871e-10 0.0009248778 0.99389505 0.11226491 0.2794607 0.0021811854 0.03395396 0.0014802483 0.021148251 0.0012514014 0.005238613 0.006668863 0.004081599 0.0002450597 0.7745587 0.0027067985 0.0022079996 0.00080505846 0.0014066047 0.0007905616 0.7775832 0.0004003486 0.0010012123 0.0018647998 0.91226363 0.015022848 0.00034023038 0.0004996658 0.0001027518 0.5931347 0.0007072607 5.687328e-05 0.0006706655 3.2168668e-05 0.00021602285 0.037450165 9.579329e-05 3.4722e-05 0.0018670888 0.0005749303 0.0006980375 0.00074890314 0.00020188765 0.0007611858 2.5277493e-05 6.564357e-06 0.047773518 7.474661e-05 1.0909599e-06 0.010047055 0.00010466365 0.00038124807 4.1761717e-07 9.321699e-05 0.00041299593 2.49319e-07 1.6696048e-07 0.0022012894 0.00017410194 4.1741972e-05 0.0001576364 4.245573e-06 1.8017507e-05 1.7016736e-06 0.00053164654 2.755657e-05 5.4736553e-05 0.0031031866 6.7845656e-05 6.790669e-07 2.6597896e-05 0.00032004758 1.1662964e-06 1.2996001e-07
0.32338065 0.0002796855 0.007971976 3.5423414e-05 0.034027252 0.07143062 0.00010001534 0.031121133 8.097381e-05 0.0047553456 0.042957034 0.00021638429 0.00047385655 0.049887784 0.00068092917 2.8453334e-07 0.022017626 0.02609847 2.4929644e-05 0.3398912 0.7234987 8.7093775e-07 1.07340975e-05 0.000697757 0.7497745 0.99686974 0.0035735192 0.0009248778 1.2232653e-13 0.0003037064 1.8449864e-05 1.8012679e-05 0.99957836 2.2109643e-07 1.33323e-05 0.00040603257 0.00029970787 0.09591829 2.5415468e-07 0.0010630122 0.0073419507 0.0029658533 3.5006162e-06 1.2410715e-07 4.5348086e-05 0.04014295 3.576903e-05 3.038499e-05 3.993051e-06 3.562961e-07 3.177179e-07 0.0006268671 1.8617422e-05 0.0009833708 1.7087492e-06 8.51446e-05 0.00017864996 1.8718472e-05 0.0022024896 1.3779494e-06 6.2819123e-07 0.0003975163 2.6597363e-05 2.3393372e-06 4.7121554e-07 2.0728809e-05 7.3233628e-06 4.1224945e-07 2.3964498e-05 9.577332e-08 0.001205877 9.455234e-08 0.00022730078 0.0010514447 1.05544544e-07 2.4017845e-06 0.00049874076 0.0008806796 3.048638e-05 1.0398809e-06 9.4698396e-07 2.3260485e-05 1.29038335e-05 2.0489206e-05 6.6034745e-06 2.114559e-07 3.203358e-08 1.5839776e-09 1.7338346e-10 1.0612119e-08 1.1989205e-07 7.367446e-06 8.479121e-09 1.5313668e-06 1.4222244e-08 2.3712935e-06 1.8788883e-07 1.564286e-06 4.5461643e-06 1.1427628e-07 3.2763975e-08
0.96344185 0.37209538 0.12368741 0.5707232 0.14758928 0.15401329 0.89294314 0.00998104 0.022682892 0.016011385 0.006724322 0.36052257 0.0024740335 0.003046319 0.000498038 0.2951737 0.101347156 0.000293525 0.0049476377 0.0031215758 0.0008001487 0.008028668 0.00287486 0.00077211316 0.0022766406 0.0005865298 0.07821459 0.99389505 0.0003037064 1.6360494e-12 0.7013302 0.940027 0.00074538036 0.1312979 0.00029981392 0.0011112757 0.00034816752 0.0015530078 0.04724127 0.0009176677 8.303322e-05 0.24928078 0.00043561868 0.0225657 0.00013616012 0.00017743288 6.356071e-05 0.8583186 1.3827128e-05 0.005015877 0.010918536 0.87883097 0.33613637 4.680312e-05 1.3920049e-05 8.0722875e-06 0.48571056 4.1183528e-05 8.620739e-06 0.0018830027 1.0377489e-06 2.508832e-05 0.0038311328 6.034956e-07 0.0001152514 0.00023952653 0.013188807 2.329195e-06 0.0018613224 0.0008742623 0.0005419129 2.7621665e-05 2.3630241e-06 0.019762412 0.00024405286 8.738325e-08 0.04162012 1.9902522e-05 0.0064065177 6.6428596e-09 0.0002158894 0.0033824237 3.0928554e-08 8.802273e-09 0.00056297437 3.4284064e-06 0.0005395426 1.6001484e-06 1.857881e-05 2.762878e-05 9.0399635e-06 0.00041799617 0.00018163175 1.9532337e-05 8.8155044e-05 0.00011131012 3.8657143e-07 0.0003864461 0.0011180579 8.405277e-07 1.1752515e-07
