2.0049584e-19 0.20831394 0.3844262 0.82270986 0.02876777 0.5673362 0.8820295 0.8039087 0.9283244 0.90798366 0.0051795742 0.95779425 0.9487392 0.83863634 0.73401517 0.86385965 0.73593765 0.021772243 0.9503952 0.30998772 0.83470553 0.5573238 0.94031453 0.50459987 0.86748636 0.9397156 0.9552746 0.7220203 0.9224331 0.9712323 0.81276745 0.47215188 0.90391725 0.916489 0.15835093 0.44153494 0.99515665 0.8040494 0.91148335 0.9169718 0.44911036 0.7907873 0.94919026 0.72678405 0.010675698 0.92089367 0.92257667 0.26796043 0.9055202 0.90022326 0.25011778 0.98120314 0.76884425 0.9835618 0.9112593 0.87655973 0.05712096 0.0019767538 0.9107505 0.0042532654 0.001989331 0.98852783 0.001288928 0.95186234 0.007011272 0.00018939182 0.98352057 0.0016993394 0.8294304 0.6950442 0.36696604 0.9984127 0.9171116 0.19809863 0.47881696 0.033400364 0.044053093 0.87910295 0.99538964 0.988415 0.0069136573 0.92134523 0.9780913 0.9870843 0.7981077 0.9278827 0.963061 0.99991655 0.9578877 0.71078736 0.00080505083 0.99989015 0.9990767 0.9289241 0.99756944 0.36606136 0.9999953 0.017847756 0.020065341 0.05825636 0.9731566
0.20831394 1.9311873e-14 0.9752566 0.9644425 0.8910411 0.21362182 0.59649944 0.032515932 0.6818028 0.005836145 0.52168214 0.0033281269 0.3057787 0.6390443 0.000105175255 0.00013751115 0.00014004797 0.05542836 0.00015538352 5.7030735e-05 1.2331691e-05 3.135618e-05 6.0119903e-05 4.7227304e-06 0.062350824 8.2494325e-06 0.021206507 3.2762804e-07 0.011997921 8.80517e-05 6.971268e-08 4.7468217e-07 0.00024975606 3.004999e-07 6.9929316e-05 5.745315e-07 0.00012907226 7.899691e-08 0.0057514748 0.009453468 2.586351e-07 2.2452484e-07 0.0013509704 0.0066849124 3.4631423e-05 3.2964847e-06 4.7593466e-07 1.426787e-07 0.0050633787 0.0065994333 1.6242718e-06 0.00644554 0.00039139425 0.0022808749 0.002822813 0.00043048998 2.5685376e-05 8.071552e-05 0.0012860019 3.4688062e-06 0.0003902627 2.6467897e-06 4.6160435e-06 0.0011927224 0.0008035137 1.6938267e-05 0.0008525844 0.00013505697 4.5540183e-08 0.0009764037 9.239745e-08 0.00038002347 0.0012327243 2.8483403e-06 4.7517247e-08 1.0572952e-05 1.950797e-05 2.780772e-06 2.6833874e-05 0.0009476702 1.4131493e-05 0.0018386297 1.2264571e-05 0.0021187682 1.49034e-07 1.5050026e-07 3.2761554e-07 0.0019814884 0.0032435197 3.0232516e-07 0.0073464504 0.0039342013 3.42369e-05 0.003862853 0.002193359 7.378041e-08 0.00026453615 2.4654302e-08 3.6976888e-07 7.7334185e-08 6.870211e-05
0.3844262 0.9752566 2.3995618e-15 0.6768796 0.89526206 0.96651506 0.15241207 0.18692027 0.056058828 0.0786015 0.3987332 0.06588997 0.08939718 0.045222115 0.012410243 0.009945417 0.020212498 0.41675353 0.009158444 0.0022515133 0.00072345714 0.0004900299 0.0018658411 0.00057450414 0.02166376 0.00032628025 0.034826946 2.9019151e-05 0.003669661 0.0016414917 5.00372e-06 6.641308e-05 0.003330424 5.939682e-05 0.019969404 4.592326e-05 0.0022384115 7.387324e-07 0.0011320811 0.00069450366 4.6389655e-06 3.2192465e-06 0.003426419 0.00015780758 0.0011327988 3.122116e-05 8.657807e-06 2.1503786e-06 0.0010948486 0.0013939331 7.7450255e-05 0.0027401356 0.00032947463 0.0024744393 0.00042572728 0.00025710807 0.0008186617 0.0013019969 0.0004990305 0.00018256257 0.0025292796 6.57922e-05 0.00020348311 0.00053819537 3.0163474e-06 0.00029357287 0.00038175326 2.3645457e-08 4.9794255e-07 0.00014631118 3.2692637e-07 0.0011614233 0.00023333349 3.0391093e-06 5.4766968e-08 9.731857e-06 1.3942395e-07 1.23427635e-05 0.00015111244 0.00043989738 1.58948e-05 0.000386841 4.175097e-05 0.0008911844 7.762417e-07 1.5754922e-06 1.5864578e-06 0.00089015026 0.0012310941 4.016369e-07 0.0017647083 0.0019010591 8.789418e-06 0.00054828956 0.00065308815 1.6747812e-07 0.00010665338 1.013594e-07 2.3742102e-06 1.0018101e-07 4.2451848e-06
0.82270986 0.9644425 0.6768796 7.648424e-16 0.09701825 0.2801594 0.9863341 0.07868398 0.28221035 0.03556679 0.024051895 0.06712268 0.8060874 0.28597316 0.0004134665 0.000349801 0.0001407583 0.0327331 0.00059330754 0.00013118965 3.5842e-05 2.4426674e-05 0.00022759121 2.627485e-06 0.2535897 2.2198441e-05 0.17103025 2.6667067e-06 0.039662525 0.0006014846 9.103609e-07 3.138321e-06 0.0021437118 5.0297276e-06 0.0002479952 1.249031e-06 0.0033202902 1.8483482e-07 0.0067713833 0.0012094917 1.9598482e-07 1.16949344e-07 0.012991474 0.00076311233 1.9879077e-05 1.5863587e-05 1.262505e-06 8.805367e-08 0.0347759 0.03510057 7.3137693e-07 0.061027694 0.001249537 0.01547886 0.0006345817 0.0027394772 4.5348716e-06 2.0932408e-05 0.003947395 2.749588e-05 0.00012716041 1.856896e-05 1.0052804e-05 0.0077458676 1.545029e-05 6.60429e-07 0.00412323 2.1410932e-07 2.451167e-08 0.00025961734 8.517115e-09 0.006418205 0.0015660145 6.974868e-07 6.898702e-08 3.0668517e-07 1.9828585e-08 2.083932e-06 3.7799444e-05 0.0021526113 1.4252565e-06 0.0010934811 2.3502967e-06 0.0021127432 1.6340108e-07 3.9810908e-07 7.025528e-08 0.0046097906 0.0010057907 3.8361264e-08 9.3833754e-05 0.007132994 3.050048e-07 5.5885488e-05 0.0016927762 2.4178987e-10 0.0010571769 7.0447764e-10 1.0208308e-07 4.2118145e-10 3.416245e-08
0.02876777 0.8910411 0.89526206 0.09701825 7.82565e-16 0.45764175 0.024562206 0.001099765 0.017028766 0.00032726844 0.99321413 0.00040021839 0.007382568 0.43004936 4.236819e-05 3.753191e-05 3.7013695e-05 0.20225865 0.00010195753 1.7988903e-05 6.1073024e-06 7.225835e-06 2.9996247e-05 1.4806909e-05 0.0012851744 3.4790864e-06 0.0004163586 2.3488694e-06 0.00026252583 1.6116677e-05 4.3048954e-06 6.490157e-06 9.9399795e-06 4.992021e-07 6.072321e-05 4.584653e-06 7.6001907e-06 8.7476604e-07 0.000652237 0.0020016055 9.868124e-07 4.327508e-07 2.3643575e-05 0.0010695278 0.00015015785 8.8814596e-07 4.905252e-07 3.776741e-07 0.00016623782 0.0002758117 6.809904e-07 0.00016977654 8.797825e-05 3.465313e-05 0.00014470165 0.00010107663 3.2553726e-05 2.3569597e-05 0.00014085618 4.1942026e-06 0.00012572485 1.8573918e-07 7.5548946e-06 0.00011843195 3.953909e-05 9.436461e-06 0.000103822415 8.009209e-06 3.8820264e-08 2.1134121e-05 8.547678e-09 2.5795942e-05 5.6988545e-05 1.4944303e-07 2.9435387e-08 3.134309e-07 1.5782682e-06 1.2646169e-07 9.693343e-06 8.244914e-05 6.9403285e-08 5.7711524e-05 1.9726078e-06 0.00022168898 1.0305857e-06 1.5539446e-06 7.4909525e-07 0.0004884699 0.00036649845 2.9280795e-07 0.0026773268 0.0009088212 2.4928347e-06 0.0018733547 0.0007230668 2.6879961e-08 1.6798504e-05 6.793415e-09 1.9767826e-08 4.8580663e-08 4.0239656e-06
0.5673362 0.21362182 0.96651506 0.2801594 0.45764175 6.466397e-15 0.08450517 0.27360913 0.0042852736 0.37557825 0.3116447 0.24680716 0.03777417 0.0022455656 0.08371627 0.14805456 0.25495952 0.98844564 0.25224298 0.02124147 0.018460598 0.009129767 0.037113912 0.013251291 0.0076683075 0.008477101 0.017902007 0.00073321996 0.0015141321 0.017446697 0.00013080885 0.00027150326 0.0023615274 0.00075086224 0.37554705 7.09583e-05 0.0018712388 5.3012285e-05 8.0365586e-05 1.0959648e-05 4.876418e-05 1.61631e-05 0.002809899 0.00010136244 0.100253284 4.602428e-05 2.4582192e-05 3.2180295e-05 7.3721305e-05 7.5416094e-05 0.003815296 0.0010311963 0.000113250986 0.0013321772 7.6645156e-05 3.9250666e-05 0.02496334 0.20864931 7.540279e-05 0.010566654 0.041147877 6.533346e-05 0.012386311 9.3542396e-05 1.3942648e-07 0.0046704924 8.488289e-05 1.0067305e-08 6.6715245e-07 2.1814307e-05 2.038884e-07 0.0008053802 0.00024908103 1.880997e-05 3.1351968e-07 0.00031747305 9.1920384e-08 1.9852041e-05 0.0001249665 7.071321e-05 0.00029337415 0.00051781244 2.7682161e-05 0.00028913392 2.2040074e-06 2.1189487e-06 2.0769442e-06 0.003485368 0.001416534 2.7305668e-07 0.0011533255 0.002497843 2.472702e-06 0.0031018741 0.00265168 3.15343e-08 0.00033932648 2.2418807e-09 5.0155705e-07 1.3575413e-08 5.815027e-06
0.8820295 0.59649944 0.15241207 0.9863341 0.024562206 0.08450517 3.31847e-17 0.021421807 0.97444636 0.0021538143 0.005137718 0.0036595906 0.9339485 0.31216124 0.00012900408 6.4022206e-05 6.8207206e-05 0.008598607 0.00012531833 2.8667833e-05 6.6052066e-06 7.168523e-06 0.00011948713 2.3713567e-06 0.37001362 9.371343e-06 0.24734232 5.961388e-07 0.14961454 0.00020929366 3.6556935e-07 2.1300498e-06 0.003575326 1.720887e-06 7.772129e-05 1.0949185e-06 0.0012482648 8.7229886e-08 0.05476361 0.03448111 1.8683889e-07 9.447698e-08 0.020145733 0.010093513 3.6930214e-06 3.8168478e-06 3.476461e-07 4.2246373e-07 0.10403676 0.11235796 1.8997765e-07 0.17256998 0.0040035984 0.0474119 0.010201998 0.0071747443 3.6777606e-06 1.7393177e-05 0.017322147 6.41821e-06 5.3317508e-05 5.210638e-06 5.691329e-06 0.034585655 0.0001073955 8.3609785e-07 0.024521543 1.8860337e-05 2.6834266e-08 0.0029949725 3.216055e-08 0.010864264 0.008732196 1.8243698e-07 2.2032046e-08 1.2153197e-06 9.0387437e-07 1.0956957e-06 7.216803e-05 0.010066179 1.7461716e-07 0.0073921 1.596115e-05 0.008773824 5.3143356e-08 4.2372324e-08 2.370927e-08 0.011859121 0.006782603 6.670554e-08 6.200341e-05 0.021237012 2.3734722e-06 0.0007435374 0.006319326 2.3062117e-10 0.0025399406 7.8089935e-09 9.1393474e-08 2.0731317e-09 2.0499701e-07
0.8039087 0.032515932 0.18692027 0.07868398 0.001099765 0.27360913 0.021421807 4.3771792e-18 0.002716535 0.98436207 4.0400566e-05 0.9690013 0.1105122 6.118313e-05 0.3565589 0.50802183 0.07995888 0.016342137 0.53321815 0.03458093 0.05568074 0.0075022713 0.30754665 0.0036344596 0.008269532 0.012808125 0.105574794 0.00021736693 0.0008630854 0.037353497 1.3238178e-05 3.5788307e-05 0.117190294 0.0003018356 0.08509242 6.3616044e-06 0.04795208 1.4756273e-07 0.00015638818 2.4883042e-05 9.975623e-07 7.5251137e-07 0.18308018 3.7351783e-06 0.007972018 5.2981908e-05 1.7527744e-06 3.448667e-07 0.0011331895 0.0004942309 7.8675774e-05 0.020795751 4.0328272e-05 0.046653293 3.6064117e-05 1.9060884e-05 0.00027095285 0.00062147836 0.0006398666 0.000582346 0.0006928785 6.272926e-05 0.0004017254 0.0014994857 9.2342526e-07 3.0306667e-06 0.0010482607 3.7005816e-07 1.2455671e-08 4.71613e-05 4.1890257e-08 0.021861263 0.0007611451 2.0883072e-06 2.78701e-07 2.93109e-08 2.0322943e-08 2.0946736e-06 9.250542e-05 0.0014201712 2.1809363e-08 0.00017692699 2.1522075e-05 0.0009553506 1.8439538e-07 7.617402e-08 6.553198e-08 0.019942455 0.00062320544 1.5682591e-08 1.0711206e-06 0.0042729434 1.5874218e-06 2.3101666e-05 0.0015636545 5.6806058e-09 0.0024258078 1.8098634e-09 1.0650338e-09 9.2387137e-10 3.826263e-07
0.9283244 0.6818028 0.056058828 0.28221035 0.017028766 0.0042852736 0.97444636 0.002716535 4.3758272e-18 0.00038445723 0.010764386 0.00018635641 0.9385093 0.9839722 1.590737e-05 3.09452e-06 2.8926434e-06 0.0006770663 8.739344e-06 2.3891191e-06 4.3152144e-07 2.6586025e-07 4.2090765e-06 3.3040475e-08 0.54873645 1.6702433e-07 0.16834244 2.6886113e-08 0.38139114 1.2718265e-05 5.160655e-08 3.382354e-07 0.0011425293 4.6682246e-08 2.449682e-05 2.1899518e-07 0.00017823082 6.564381e-08 0.71629053 0.6492877 5.1892094e-08 2.076552e-08 0.0048102736 0.45518115 7.734319e-06 2.3059933e-07 4.528164e-08 3.047822e-08 0.5950314 0.6277899 8.4629e-07 0.27113304 0.05230177 0.020347504 0.4249756 0.08791439 5.1410232e-05 2.0553889e-05 0.14769447 7.039113e-05 1.2038276e-05 9.452831e-07 3.2510787e-05 0.21207327 0.0010712136 1.1686639e-07 0.12946649 9.034944e-05 7.0262343e-09 0.033706132 2.714653e-09 0.0015960153 0.04358249 7.166554e-08 1.8806263e-08 7.213129e-05 6.6769067e-06 5.217721e-07 3.721715e-05 0.068422206 3.3791588e-07 0.02892583 2.641469e-06 0.09709827 1.6735947e-07 3.665346e-07 1.1780882e-07 0.014296647 0.044217687 1.6336546e-08 0.0007545462 0.08887542 1.0179581e-05 0.0071520945 0.035535 3.6112535e-09 0.0013251055 3.199267e-08 8.834572e-06 7.94987e-09 8.061052e-07
0.90798366 0.005836145 0.0786015 0.03556679 0.00032726844 0.37557825 0.0021538143 0.98436207 0.00038445723 2.0907713e-16 1.1552271e-05 0.91309553 0.02687149 6.008351e-05 0.50135106 0.633641 0.319751 0.026802212 0.63331294 0.07442337 0.13476378 0.031980358 0.4703617 0.05142512 0.0059095505 0.030256838 0.13566732 0.0014612153 0.0002738507 0.1779944 0.00011967324 0.00023205482 0.24249215 0.0007740714 0.28257594 8.331195e-05 0.11250351 6.844879e-06 0.0002231609 4.056016e-05 1.9035924e-05 6.420867e-06 0.28734446 9.845962e-06 0.038508732 0.00031919044 8.974517e-06 1.8258756e-05 0.0012246455 0.0003859138 0.0012766083 0.021740006 4.590439e-05 0.08354094 1.4018177e-05 2.0831207e-05 0.0005828713 0.00154069 0.00093891367 0.0011646309 0.00073456095 0.0003469221 0.0006167746 0.0018610226 1.0798974e-06 9.557525e-06 0.0008484077 6.2825353e-07 6.215853e-07 2.9556868e-05 3.1718794e-06 0.046527218 0.000573661 3.0871375e-05 3.3405502e-06 4.7600724e-07 3.8116784e-08 3.8237577e-05 0.0006517476 0.0009717478 3.8787758e-07 0.00026711207 0.0002669068 0.00036074748 3.2869789e-06 1.1721436e-06 5.771526e-07 0.02701989 0.00027322356 4.7026848e-08 4.017348e-06 0.0023951547 1.7010561e-05 3.630635e-06 0.0007677051 1.5525242e-08 0.0035364064 2.2111182e-07 2.4369328e-06 2.9316476e-09 8.760601e-07
0.0051795742 0.52168214 0.3987332 0.024051895 0.99321413 0.3116447 0.005137718 4.0400566e-05 0.010764386 1.1552271e-05 1.9992028e-16 2.3224797e-05 0.0010203584 0.4325483 3.756326e-06 1.6046367e-06 1.9758245e-05 0.9811995 7.812603e-06 4.071135e-06 1.4689712e-06 2.6125629e-06 3.3179062e-06 1.4679175e-05 0.0001881789 9.2731267e-07 6.1050756e-05 4.9282426e-07 3.7073536e-05 8.015177e-06 1.7678716e-06 1.7723705e-06 1.5386555e-06 2.2854701e-07 0.000928542 1.6930892e-06 1.5357089e-06 1.0006668e-06 0.00030778235 0.00015896233 4.5589314e-07 2.5266866e-07 7.470891e-07 0.007133596 0.0013364528 7.140988e-07 1.7424644e-06 8.1151535e-07 4.270358e-05 5.7402493e-05 3.4111863e-06 2.598525e-05 8.798966e-05 6.258257e-07 6.919784e-05 8.925427e-05 0.00024062346 0.00021341632 5.609844e-05 9.615964e-06 0.009605805 6.2277616e-07 3.3778993e-05 6.231386e-05 0.0005087248 0.00096041104 6.2368556e-05 0.00014249522 3.7959475e-07 1.0335114e-05 9.926758e-09 3.755226e-06 2.1566455e-05 3.100116e-07 8.0244265e-09 2.0930363e-06 7.2628936e-06 1.2093019e-06 7.375776e-06 3.2260927e-05 4.4673012e-05 5.9605925e-05 7.429476e-07 9.751911e-05 2.205837e-06 2.2952304e-06 9.540499e-07 0.00018888892 0.00014826162 9.012938e-07 0.074885055 0.0004462407 8.253458e-07 0.002246836 0.00017158414 1.1269488e-07 4.0456184e-06 2.082561e-08 2.1213204e-06 1.6518742e-07 3.6492447e-06
0.95779425 0.0033281269 0.06588997 0.06712268 0.00040021839 0.24680716 0.0036595906 0.9690013 0.00018635641 0.91309553 2.3224797e-05 6.440686e-18 0.173782 2.3553579e-05 0.40350932 0.5767732 0.09899901 0.010557241 0.5803851 0.039228234 0.061203804 0.008197676 0.5581576 0.004555483 0.02592123 0.012948892 0.47651872 0.00035076207 0.0003617455 0.17172742 1.5330172e-05 8.936533e-05 0.50654155 0.00024071573 0.069461904 2.0469266e-05 0.21711461 1.2299563e-06 0.0001954789 3.1292493e-05 3.4523214e-06 1.853668e-06 0.71063215 5.244494e-06 0.004979129 9.383107e-05 1.2096802e-06 1.2457026e-06 0.0010581148 0.00035088352 0.00011944566 0.07272619 5.524246e-05 0.2811111 1.751644e-05 1.839133e-05 0.00016923824 0.00073135947 0.0006539975 0.0006066978 0.0001966976 0.000110043744 0.0005631317 0.002752902 3.2895863e-07 5.2657856e-07 0.000975948 1.7505785e-07 2.9909593e-08 4.8916023e-05 1.7142978e-07 0.15983407 0.0012361772 7.619495e-06 3.6561084e-07 7.965944e-07 1.4108228e-08 1.3706252e-05 0.00017837214 0.0017797437 1.3469912e-06 0.00040713567 0.00019008687 0.0011349355 8.8018027e-07 4.7585567e-07 3.0771142e-07 0.061796486 0.00027630664 3.9608132e-08 8.326662e-06 0.008046122 1.4141928e-05 1.7267354e-05 0.001558551 2.090417e-08 0.0054591815 2.422028e-08 8.458983e-06 1.9650276e-08 3.8427024e-06
0.9487392 0.3057787 0.08939718 0.8060874 0.007382568 0.03777417 0.9339485 0.1105122 0.9385093 0.02687149 0.0010203584 0.173782 1.3356751e-14 0.13163032 0.0013199049 0.0009431482 0.00053934817 0.0012213209 0.0013005432 0.00051562575 0.00014318955 0.000112893074 0.0010900405 4.1031944e-06 0.96929586 0.00020171715 0.86941034 1.1369428e-05 0.48846146 0.0016885793 5.7996576e-06 3.8318103e-05 0.058873113 0.000103090526 0.0003688326 2.0769554e-05 0.026642106 8.28923e-07 0.26529312 0.11547752 3.085511e-06 2.8765285e-06 0.119384766 0.0057632932 6.9343776e-05 0.00010034054 4.928621e-06 1.5352945e-06 0.15042241 0.12127643 8.966604e-06 0.44740963 0.006326318 0.06253099 0.0347243 0.005619396 2.158771e-05 4.4350985e-05 0.031721763 0.00017017077 0.00013456149 0.00013308387 8.8238994e-05 0.066229284 0.00023120437 2.3984413e-07 0.039150704 1.5589625e-05 4.6103304e-07 0.005416556 1.5679758e-07 0.04055375 0.013940727 1.7086237e-06 7.2823445e-07 5.8265927e-05 1.2019588e-07 4.7059308e-05 0.00074716005 0.016436402 2.0079797e-06 0.009112657 0.0001682134 0.017375663 4.4552758e-06 5.3690374e-06 1.7684805e-06 0.029526662 0.0067169378 6.226042e-08 0.00018857881 0.05798376 1.576043e-05 0.0005500535 0.011719275 5.2547238e-09 0.004198897 1.9969175e-07 1.0237166e-05 2.085426e-09 6.749426e-07
0.83863634 0.6390443 0.045222115 0.28597316 0.43004936 0.0022455656 0.31216124 6.118313e-05 0.9839722 6.008351e-05 0.4325483 2.3553579e-05 0.13163032 2.62069e-12 1.3937323e-06 1.1719068e-06 4.806981e-06 0.00246715 8.156839e-06 5.686899e-07 1.0396975e-06 3.155781e-07 1.34239435e-05 3.927154e-06 0.07121934 2.9638002e-06 0.0029486706 1.6765998e-07 0.017803269 0.00024580167 1.7165785e-07 2.807357e-06 7.085558e-05 4.1924926e-07 0.00024989783 3.1021405e-06 3.0384817e-05 3.9651806e-07 0.25748312 0.5574902 2.494001e-07 7.313162e-07 0.000117255404 0.9871369 0.0003840408 1.70788e-05 2.4768106e-06 0.00017264066 0.2797391 0.33093214 0.00038791052 0.014471333 0.017255668 0.0008034707 0.018997379 0.1293722 0.0085550845 8.936967e-07 0.017444102 0.000599957 2.5087145e-05 3.2099713e-05 0.0014351226 0.01865808 0.7996524 6.950359e-07 0.014331867 0.014370455 1.0825804e-06 0.0014699143 1.1239634e-06 0.00013608288 0.009212472 0.005440038 8.8971944e-07 0.0073703383 0.0025458215 3.9119124e-05 0.00089402794 0.0078049265 0.002113241 0.052978516 7.299986e-07 0.008320936 7.5386647e-06 2.8224293e-05 1.0524678e-06 0.0018044349 0.05790376 2.1581918e-06 0.03553488 0.11298497 1.0437284e-05 0.0085599525 0.04758285 7.135071e-07 0.0005446605 1.5761918e-05 0.008525154 6.3887353e-07 7.875865e-07
0.73401517 0.000105175255 0.012410243 0.0004134665 4.236819e-05 0.08371627 0.00012900408 0.3565589 1.590737e-05 0.50135106 3.756326e-06 0.40350932 0.0013199049 1.3937323e-06 1.5183751e-15 0.9717284 0.7720797 0.0009670399 0.8380206 0.8134642 0.9469614 0.33823988 0.75109 0.21931861 0.00026019584 0.528405 0.0028856604 0.084038645 2.2213288e-05 0.37256607 0.0033566267 0.00769886 0.052223742 0.044124056 0.1320616 0.00082565483 0.012999796 1.1399611e-05 1.3583166e-05 3.332967e-06 4.442388e-05 0.00012276197 0.015578051 8.292666e-08 0.015039211 0.0010132269 0.00012467592 0.000103705934 1.5668831e-05 4.775175e-06 0.004343872 0.0005052212 9.924155e-07 0.0029316873 1.8108935e-06 7.268294e-07 0.0015213036 0.0013238671 7.246324e-06 0.0054906686 0.00033069862 0.00038173393 0.0029635306 3.966088e-05 9.107573e-08 1.8620768e-06 9.303347e-06 2.1801545e-08 2.871952e-07 2.2286545e-06 8.0748856e-07 0.006038388 5.8924384e-06 9.343749e-06 1.1302213e-06 2.0985888e-06 2.4492308e-09 6.9761e-05 0.00018894588 3.467326e-05 8.0981147e-07 7.2805433e-06 3.443084e-05 3.0173414e-05 5.929664e-07 3.7215461e-06 1.7774993e-06 0.002522916 2.7727658e-05 8.1735415e-08 5.0207077e-06 0.00031679677 9.1093625e-06 7.364428e-07 0.0003239218 1.6999152e-08 0.0006293011 3.6963208e-09 9.779314e-08 1.5439925e-08 3.4669144e-06
0.86385965 0.00013751115 0.009945417 0.000349801 3.753191e-05 0.14805456 6.4022206e-05 0.50802183 3.09452e-06 0.633641 1.6046367e-06 0.5767732 0.0009431482 1.1719068e-06 0.9717284 4.736732e-15 0.505998 0.0010364534 0.9712302 0.3259947 0.71610713 0.17149511 0.87213284 0.1856453 0.00027467954 0.44333655 0.009762277 0.026543567 2.9708963e-05 0.5711742 0.0011734765 0.0035195888 0.19376166 0.026486907 0.2843555 0.00031922758 0.06756894 8.914559e-06 5.5356404e-06 2.038713e-07 8.050469e-06 2.5482768e-05 0.04555394 4.3503757e-08 0.033557672 0.001269991 3.572628e-05 1.3455564e-05 1.163514e-05 4.13566e-06 0.008927071 0.0016320634 1.4543418e-06 0.008949673 3.6693646e-07 1.4765803e-07 0.0017935074 0.0019690518 1.7156162e-05 0.003936457 0.00022189923 0.0008870655 0.0022276456 4.942099e-05 2.2595165e-08 3.709067e-06 1.367845e-05 9.207125e-09 2.6950923e-07 2.2315746e-06 5.3613957e-07 0.012371938 1.078496e-05 6.3104303e-06 5.032906e-07 6.946198e-07 1.0097356e-09 3.0132378e-05 0.00038590364 3.45898e-05 8.9963896e-07 2.8194281e-06 0.00018330367 2.4592722e-05 2.0236357e-06 1.987717e-06 1.0407211e-06 0.008076654 6.354467e-06 2.481059e-08 3.602529e-06 0.00040859668 6.528148e-06 5.4070817e-08 0.0001260722 1.19597585e-08 0.0020217649 9.354221e-09 6.0701225e-08 7.699034e-09 4.1654798e-07
0.73593765 0.00014004797 0.020212498 0.0001407583 3.7013695e-05 0.25495952 6.8207206e-05 0.07995888 2.8926434e-06 0.319751 1.9758245e-05 0.09899901 0.00053934817 4.806981e-06 0.7720797 0.505998 1.9694924e-16 0.0069269263 0.5159078 0.9804023 0.7158644 0.83741605 0.3967691 0.7383752 0.000110049936 0.2617702 0.0006828049 0.02515343 3.4182237e-06 0.21665609 0.0007675203 0.0036359404 0.014020146 0.012565707 0.7559654 0.00021847589 0.0028664223 2.0027232e-05 1.7116441e-06 5.246687e-07 7.636437e-06 5.3491844e-05 0.0014383986 4.0773773e-07 0.25983235 0.0008970252 0.00027902826 4.0580468e-05 1.9891695e-06 8.8856876e-07 0.055999357 0.00032157393 1.3125108e-06 0.0001607852 1.5195409e-06 7.162533e-07 0.043096088 0.020750033 5.981699e-06 0.027085492 0.0022071535 0.00047221401 0.018424375 7.0770793e-06 1.3819086e-07 8.525007e-05 1.1515368e-05 1.0328306e-07 3.672284e-07 4.337042e-06 3.1755675e-07 0.00090772845 2.8842749e-06 1.812598e-05 4.32653e-07 8.731313e-06 1.113032e-08 3.0722087e-05 7.1161e-05 6.1791816e-06 3.794422e-06 1.1606282e-05 1.5312089e-06 5.0584604e-06 1.8074323e-06 8.194197e-07 1.2381793e-06 0.0006672231 1.6351301e-05 1.5904335e-07 0.00020695437 0.00034133001 5.650417e-06 3.573853e-06 4.577975e-05 1.6235475e-07 7.787947e-05 1.861466e-08 5.932504e-07 1.9131981e-07 4.944444e-06
0.021772243 0.05542836 0.41675353 0.0327331 0.20225865 0.98844564 0.008598607 0.016342137 0.0006770663 0.026802212 0.9811995 0.010557241 0.0012213209 0.00246715 0.0009670399 0.0010364534 0.0069269263 1.8248654e-13 0.0009797551 0.00035566214 0.0002380461 8.377149e-05 3.7408983e-05 0.00021526543 0.00042927728 6.898256e-06 0.0003745889 3.9022752e-06 2.122048e-05 0.0001083696 4.148542e-06 9.952016e-06 4.7517504e-05 8.383789e-07 0.12044968 3.8727785e-06 1.7803453e-05 9.248729e-06 0.00031076954 3.280517e-05 1.8297933e-06 6.2880616e-07 9.004841e-06 0.00013796538 0.06981924 5.421281e-06 4.6852806e-06 1.2024404e-05 3.1210624e-05 8.051809e-05 0.00043478527 0.00018024803 0.0001173806 7.08564e-05 0.000101601596 0.00011729488 0.011032537 0.16159931 8.0605445e-05 0.00080480095 0.6696992 2.2500093e-05 0.0022284987 2.9658377e-05 1.65695e-05 0.19873966 5.9583024e-05 6.591608e-06 1.1967176e-06 0.00010314325 4.404922e-07 0.00012436551 4.122396e-05 6.7459776e-05 6.665629e-07 1.3763741e-05 1.3085738e-06 3.1985455e-05 0.00012909638 7.50089e-05 9.6715834e-05 0.00058083097 4.2265056e-06 0.00035787522 4.4087947e-06 6.057265e-05 0.00010744015 0.0015833746 0.002259627 3.365308e-05 0.009556295 0.0011462268 6.4331594e-05 0.0005928158 0.00033991417 1.042359e-06 0.00017034874 2.2886611e-07 7.3435535e-06 5.6726475e-07 4.9235705e-06
0.9503952 0.00015538352 0.009158444 0.00059330754 0.00010195753 0.25224298 0.00012531833 0.53321815 8.739344e-06 0.63331294 7.812603e-06 0.5803851 0.0013005432 8.156839e-06 0.8380206 0.9712302 0.5159078 0.0009797551 2.6654703e-16 0.2495282 0.6097072 0.20010132 0.91416216 0.22674243 0.0005267474 0.39865717 0.018875184 0.025330797 6.4271495e-05 0.65661615 0.0016202972 0.0029892544 0.45365936 0.024932368 0.41153702 0.0003309696 0.17578681 1.88817e-05 3.3867247e-05 3.619382e-06 2.072464e-05 7.268704e-05 0.103015475 6.333954e-07 0.05203813 0.003080688 5.836169e-05 3.832413e-05 5.993574e-05 3.2363754e-05 0.020152831 0.0033438 9.206682e-06 0.020048328 2.1655997e-06 8.0875867e-07 0.003718263 0.00088693475 0.00010377925 0.004341201 6.630702e-05 0.0015859951 0.001878319 0.00011912316 4.621283e-07 1.6072204e-06 6.5429726e-05 2.2487114e-07 6.981716e-07 9.587405e-06 5.3365807e-06 0.03639327 0.00010237024 2.494793e-05 1.8624995e-06 4.0921745e-06 4.2599444e-09 0.00010781439 0.00065740955 0.00012318147 3.9047914e-06 5.6330035e-05 0.00039032465 0.00010863274 1.0902146e-05 1.3961822e-05 5.4308853e-06 0.012316536 6.804459e-05 1.8437444e-07 6.9038097e-06 0.0010906385 1.3678985e-05 3.0213872e-07 0.00017071041 2.8101604e-07 0.003387395 1.4654843e-06 1.6857706e-05 1.9029552e-07 1.9241138e-06
0.30998772 5.7030735e-05 0.0022515133 0.00013118965 1.7988903e-05 0.02124147 2.8667833e-05 0.03458093 2.3891191e-06 0.07442337 4.071135e-06 0.039228234 0.00051562575 5.686899e-07 0.8134642 0.3259947 0.9804023 0.00035566214 0.2495282 4.7677268e-17 0.9341077 0.8311067 0.3023224 0.4154611 6.390868e-05 0.22323583 0.0006495365 0.11985754 2.1976814e-06 0.13776064 0.012576005 0.015726019 0.016790457 0.030911002 0.099071056 0.0034542843 0.0054330206 9.340538e-05 2.9452883e-06 3.542938e-06 0.000110578054 0.0002768616 0.002942561 1.2339042e-07 0.011727615 0.0014157986 0.00029473283 0.00043159825 1.5609926e-06 7.387648e-07 0.011203937 0.00023991083 4.0009013e-07 0.0005725777 3.8717278e-07 2.4578114e-07 0.0045921556 0.0017724459 5.9228682e-06 0.0070435246 0.00040336946 0.00022213512 0.00408868 1.2060005e-05 4.4184105e-07 1.0532707e-05 1.0729809e-05 3.5086526e-07 4.4085277e-07 5.801547e-07 1.647008e-06 0.0030017581 3.564812e-06 1.0131379e-05 2.1192113e-06 2.4414223e-06 3.2778726e-08 8.1004546e-05 9.1933936e-05 1.1090413e-05 1.5918502e-06 1.404654e-06 1.4135455e-05 6.608363e-06 2.9284915e-06 6.197347e-06 7.8986784e-07 0.00092913193 1.3430462e-05 3.6282967e-07 1.2266688e-05 0.00016421477 4.212767e-06 1.167506e-06 0.00010275984 6.6034616e-08 0.00012624834 7.1525164e-08 5.460321e-08 2.6938176e-07 6.170155e-06
0.83470553 1.2331691e-05 0.00072345714 3.5842e-05 6.1073024e-06 0.018460598 6.6052066e-06 0.05568074 4.3152144e-07 0.13476378 1.4689712e-06 0.061203804 0.00014318955 1.0396975e-06 0.9469614 0.71610713 0.7158644 0.0002380461 0.6097072 0.9341077 3.0650262e-15 0.8412312 0.7679909 0.57969224 4.4136767e-05 0.8326762 0.00051157724 0.785554 1.2738093e-06 0.60506517 0.38374692 0.37067363 0.0854971 0.4773976 0.2226241 0.10277364 0.02403031 0.002603455 7.032932e-07 5.1694644e-07 0.0016582155 0.0035873293 0.0075192857 1.6877846e-07 0.0357596 0.014299714 0.002931753 0.004150329 2.071957e-06 1.4234826e-06 0.048208594 7.9561054e-05 3.4021983e-07 0.00049573125 3.9702545e-07 1.721981e-07 0.013206837 0.0009773144 1.0226505e-06 0.028140629 2.6973888e-05 0.003684781 0.012660535 4.0281243e-06 9.3054304e-08 3.1857928e-07 1.4332178e-06 9.046729e-09 9.704705e-07 9.854695e-07 6.6909615e-06 0.009450453 1.3507923e-06 3.9676466e-05 2.531321e-06 4.1402556e-05 1.8296125e-09 0.00014290989 0.00037223715 2.8426796e-06 2.5023539e-05 1.1555212e-05 0.00010185325 7.5420808e-06 9.456605e-06 1.5062749e-05 8.945455e-06 0.002098311 2.017161e-05 4.4185074e-07 2.2028316e-05 0.00034104727 1.4461148e-05 5.764117e-07 9.9298646e-05 3.9761997e-07 0.00047227505 1.5369109e-07 5.9633845e-07 1.13514744e-07 6.8000954e-06
0.5573238 3.135618e-05 0.0004900299 2.4426674e-05 7.225835e-06 0.009129767 7.168523e-06 0.0075022713 2.6586025e-07 0.031980358 2.6125629e-06 0.008197676 0.000112893074 3.155781e-07 0.33823988 0.17149511 0.83741605 8.377149e-05 0.20010132 0.8311067 0.8412312 4.208439e-15 0.3251887 0.988685 8.003238e-06 0.3947814 0.00032920425 0.41803896 2.6795808e-06 0.32317057 0.12984823 0.26197174 0.018932246 0.12125715 0.3076382 0.05945204 0.008269278 0.016232437 1.8182395e-06 2.7348486e-07 0.0021782483 0.0071582864 0.00077828096 9.2584095e-08 0.035779055 0.010079613 0.005575424 0.014311686 6.2663077e-07 2.708731e-07 0.17003027 8.737831e-05 4.967738e-07 0.00018906665 3.0241515e-07 1.7796135e-07 0.03395893 0.0027182323 3.8551866e-06 0.018339336 0.00023232408 0.005882931 0.011108653 3.5372727e-06 1.4476526e-08 1.8653926e-05 3.3370413e-06 5.998934e-08 1.837848e-05 7.719783e-07 4.056805e-05 0.0028919694 1.96346e-06 0.00014170595 1.8722472e-05 0.0003566259 6.4512027e-09 0.0005501198 0.0015719931 3.7700568e-06 7.160314e-05 8.139623e-07 7.1794944e-05 2.2909246e-06 3.1845935e-05 6.895344e-05 1.2180191e-05 0.001111288 8.113029e-06 1.5545879e-06 0.00023491429 0.0002629059 2.0296904e-05 1.0610468e-07 6.233478e-05 9.003853e-08 0.00031585648 1.2831836e-07 1.7811773e-07 1.15539564e-07 7.5034404e-06
0.94031453 6.0119903e-05 0.0018658411 0.00022759121 2.9996247e-05 0.037113912 0.00011948713 0.30754665 4.2090765e-06 0.4703617 3.3179062e-06 0.5581576 0.0010900405 1.34239435e-05 0.75109 0.87213284 0.3967691 3.7408983e-05 0.91416216 0.3023224 0.7679909 0.3251887 3.243025e-14 0.21306567 0.00025364876 0.85004103 0.009000983 0.34564897 5.8640595e-05 0.92622024 0.095900364 0.07542868 0.8760233 0.29481924 0.20249885 0.014269214 0.4050709 0.00096276467 2.999782e-05 4.525203e-06 0.00076613453 0.00044561215 0.10284048 4.002117e-06 0.013112348 0.025732921 0.00066092523 0.00040809953 3.2197764e-05 1.6829757e-05 0.017604867 0.0015807749 1.9940444e-05 0.01353937 2.4630967e-06 1.8563763e-06 0.0025944677 0.0001849984 8.2632076e-05 0.003695049 7.934121e-06 0.0063486043 0.0014545189 0.00017763827 4.0177596e-07 2.7829864e-07 0.00013512216 5.1746806e-08 7.97218e-06 1.5424703e-05 3.9505245e-05 0.09899776 0.0002139235 6.487896e-05 2.8968741e-05 3.1729098e-05 2.3468774e-09 0.00025418005 0.0010627746 0.00042839412 7.835951e-06 4.0504146e-05 0.00088622334 0.000275661 5.0408562e-05 4.832949e-05 2.8151066e-05 0.01641455 5.8008172e-05 1.5627397e-06 0.000128151 0.0010309456 4.5727258e-05 2.2127023e-07 0.00024682796 9.251027e-07 0.0076546986 1.3738634e-06 1.2916528e-05 1.4179226e-07 3.1919012e-06
0.50459987 4.7227304e-06 0.00057450414 2.627485e-06 1.4806909e-05 0.013251291 2.3713567e-06 0.0036344596 3.3040475e-08 0.05142512 1.4679175e-05 0.004555483 4.1031944e-06 3.927154e-06 0.21931861 0.1856453 0.7383752 0.00021526543 0.22674243 0.4154611 0.57969224 0.988685 0.21306567 1.0819226e-14 4.478117e-06 0.36980867 3.8719165e-05 0.38769686 1.1172013e-07 0.26547104 0.13325539 0.3141303 0.009285575 0.096514955 0.8163352 0.09144886 0.0033361237 0.050219238 6.7485216e-06 1.0647441e-06 0.0049139056 0.0058603333 0.000119011194 2.6217415e-07 0.3297468 0.011452237 0.0047588525 0.036009457 2.8223107e-07 5.393514e-07 0.7952379 2.3514593e-05 1.1050326e-07 2.0364163e-05 9.384073e-07 1.0023969e-07 0.4167046 0.014502508 1.4755324e-06 0.36392266 0.0005295251 0.0035728544 0.21083598 8.8430215e-07 5.2848502e-08 4.3845528e-05 5.320038e-07 1.5333248e-08 1.125443e-05 1.0036658e-06 1.6242664e-05 0.00021390656 1.5971641e-07 0.00041695248 1.3726736e-05 0.0027045638 2.8109615e-09 0.00020613632 0.0006019205 3.795589e-07 0.0014105655 1.9376964e-06 7.030334e-06 1.1315079e-06 6.393081e-05 0.0001318216 3.607543e-05 0.00027521525 1.9605372e-06 3.5159298e-06 0.0030335744 5.4986696e-05 4.166531e-06 2.7981955e-07 4.495506e-06 5.4500305e-08 2.5111944e-05 1.7082717e-08 2.4688998e-07 7.134109e-08 8.628594e-06
0.86748636 0.062350824 0.02166376 0.2535897 0.0012851744 0.0076683075 0.37001362 0.008269532 0.54873645 0.0059095505 0.0001881789 0.02592123 0.96929586 0.07121934 0.00026019584 0.00027467954 0.000110049936 0.00042927728 0.0005267474 6.390868e-05 4.4136767e-05 8.003238e-06 0.00025364876 4.478117e-06 7.3575225e-16 5.818591e-05 0.94591594 2.963947e-06 0.98919576 0.00037613141 3.6280148e-06 3.884934e-06 0.02158809 1.5890859e-05 5.532492e-05 4.124325e-06 0.009604596 5.9392744e-07 0.08841701 0.042068217 7.532868e-07 6.94798e-07 0.10653168 0.006196337 3.154394e-05 3.9669656e-05 3.1584682e-06 5.4793844e-07 0.17066796 0.101764075 1.1074892e-06 0.5049214 0.008239856 0.06834776 0.017317744 0.0068480303 2.6958082e-06 8.9025925e-05 0.03866961 1.6041815e-05 0.00014605452 4.6355315e-05 1.4446318e-05 0.11303101 8.225405e-05 8.276702e-07 0.06630966 1.1414439e-05 1.2783734e-07 0.0032629939 4.5501483e-07 0.04796116 0.021101568 1.3826619e-06 1.009147e-06 2.3266507e-06 4.324587e-07 2.0948226e-05 0.00037560947 0.02075995 1.6998933e-07 0.003347894 8.533605e-05 0.020273577 6.576604e-07 3.886681e-07 7.75237e-07 0.04069193 0.0028501952 1.33824445e-08 2.8900004e-05 0.03021822 1.4445546e-05 0.0002100405 0.008662614 1.473243e-08 0.007598876 6.59879e-08 2.4988339e-07 1.0547888e-08 5.9639895e-08
0.9397156 8.2494325e-06 0.00032628025 2.2198441e-05 3.4790864e-06 0.008477101 9.371343e-06 0.012808125 1.6702433e-07 0.030256838 9.2731267e-07 0.012948892 0.00020171715 2.9638002e-06 0.528405 0.44333655 0.2617702 6.898256e-06 0.39865717 0.22323583 0.8326762 0.3947814 0.85004103 0.36980867 5.818591e-05 4.169847e-15 0.0011113107 0.7781261 5.968627e-06 0.8923459 0.716131 0.44711277 0.39041203 0.95338243 0.24477027 0.2696622 0.16492379 0.13825482 1.5162345e-06 1.6969017e-07 0.031433236 0.048393674 0.015403882 1.3377654e-07 0.02320887 0.2704026 0.02180776 0.016339635 1.6482335e-06 1.4893419e-06 0.16420047 0.0002610456 4.7652867e-07 0.0024065399 1.3259807e-07 1.2608957e-07 0.02430496 0.00026119105 7.455521e-06 0.0070430683 2.2605882e-06 0.038741015 0.0023587858 1.476872e-05 2.0757552e-07 2.3580186e-07 4.663406e-06 4.1464414e-08 6.399926e-05 6.726845e-07 0.0002639681 0.03852059 8.59529e-06 0.0003549636 0.00012332921 0.00068748684 2.2056506e-09 0.0003460854 0.00312267 1.888458e-05 2.0861085e-05 4.063083e-06 0.0012367562 9.545937e-06 6.383218e-05 7.870324e-05 6.5985616e-05 0.007149533 1.8740218e-06 1.7885537e-06 4.4561868e-05 0.000280732 7.9086814e-05 3.416954e-09 5.6483725e-05 1.3141616e-06 0.005984293 5.7539482e-06 1.3469302e-05 2.0484084e-07 1.8834661e-06
0.9552746 0.021206507 0.034826946 0.17103025 0.0004163586 0.017902007 0.24734232 0.105574794 0.16834244 0.13566732 6.1050756e-05 0.47651872 0.86941034 0.0029486706 0.0028856604 0.009762277 0.0006828049 0.0003745889 0.018875184 0.0006495365 0.00051157724 0.00032920425 0.009000983 3.8719165e-05 0.94591594 0.0011113107 8.280809e-16 0.000101961996 0.59301347 0.006275105 1.4631766e-05 8.384502e-05 0.2794688 0.00021112437 0.00037517882 3.430819e-05 0.21459712 6.2934134e-07 0.007529397 0.0047370885 1.8959025e-06 9.454765e-06 0.918692 0.00038321977 0.0001483994 0.00059243315 1.5034936e-05 3.5766075e-06 0.10892994 0.020526597 5.080322e-06 0.90085065 0.0019616287 0.6871505 0.00048997573 0.0009393937 6.45629e-06 0.00064495 0.023047924 2.7257458e-05 0.00016957767 0.00041762754 4.8869584e-05 0.10311653 2.1691094e-06 1.7650466e-06 0.04610231 2.4837295e-08 1.806004e-06 0.00037449194 6.170434e-07 0.5689983 0.012865571 3.4075804e-06 1.6719271e-06 1.143152e-07 3.1469507e-09 0.00021243613 0.0019321541 0.025725052 3.359507e-07 0.001537983 0.0009107469 0.012970682 8.060679e-06 4.1532808e-06 2.4251735e-06 0.19650097 0.0010752759 8.707641e-09 8.974859e-06 0.019245768 4.9834733e-05 6.300854e-05 0.006306409 1.20227694e-08 0.01976832 2.3922494e-08 6.8461225e-07 5.1671623e-09 4.586509e-07
0.7220203 3.2762804e-07 2.9019151e-05 2.6667067e-06 2.3488694e-06 0.00073321996 5.961388e-07 0.00021736693 2.6886113e-08 0.0014612153 4.9282426e-07 0.00035076207 1.1369428e-05 1.6765998e-07 0.084038645 0.026543567 0.02515343 3.9022752e-06 0.025330797 0.11985754 0.785554 0.41803896 0.34564897 0.38769686 2.963947e-06 0.7781261 0.000101961996 6.705642e-17 3.0546883e-07 0.56319433 0.9591824 0.95508844 0.022656495 0.77714235 0.07312115 0.67921245 0.014267295 0.36629078 2.3021961e-07 4.835501e-08 0.104592614 0.40185088 0.0023799175 6.9864285e-08 0.009810717 0.21098988 0.1154671 0.12717007 2.340253e-07 1.6549349e-07 0.11926519 3.3100638e-05 4.6771103e-08 0.00028420455 9.4802985e-08 1.4920344e-08 0.017510096 0.0001551213 2.6816116e-07 0.011473871 5.5891184e-07 0.020639546 0.0052319355 9.724625e-07 1.6113863e-07 1.319444e-07 2.3318474e-07 2.7974366e-08 0.0002233112 2.1054598e-07 0.00031623716 0.009673599 4.735812e-07 0.0010505961 0.00020442433 0.00091581425 1.4259124e-09 0.0007072754 0.0035660295 1.5017774e-06 7.927469e-05 1.2742297e-06 0.0008475093 2.948855e-06 3.3956054e-05 1.8590401e-05 2.8770157e-05 0.0015788532 4.8949228e-06 7.824619e-07 1.3031012e-05 0.0001234868 4.9536404e-05 1.6424585e-07 3.36059e-05 1.0670927e-07 0.0013279786 5.8730496e-08 5.144451e-07 6.3747216e-08 1.1273239e-05
0.9224331 0.011997921 0.003669661 0.039662525 0.00026252583 0.0015141321 0.14961454 0.0008630854 0.38139114 0.0002738507 3.7073536e-05 0.0003617455 0.48846146 0.017803269 2.2213288e-05 2.9708963e-05 3.4182237e-06 2.122048e-05 6.4271495e-05 2.1976814e-06 1.2738093e-06 2.6795808e-06 5.8640595e-05 1.1172013e-07 0.98919576 5.968627e-06 0.59301347 3.0546883e-07 6.8694035e-17 5.250436e-05 2.245289e-07 1.2243868e-06 0.00377117 2.5997417e-07 5.323337e-07 6.458609e-07 0.0017216661 1.2855635e-07 0.7109759 0.19515604 2.2187267e-07 1.7806567e-08 0.14485128 0.00954289 9.405513e-07 9.622111e-06 2.424162e-07 6.1162844e-08 0.7890944 0.39833593 5.036992e-07 0.8962865 0.1558648 0.23405594 0.100888625 0.063324444 3.2523642e-06 1.3150831e-06 0.32796484 7.266715e-07 3.4839786e-07 3.7040616e-06 9.786012e-08 0.44725057 0.00033559254 2.559434e-09 0.19844675 0.00011850075 1.5780861e-08 0.010169481 2.417348e-08 0.05700673 0.11953398 2.4871676e-07 1.1761405e-07 3.9343342e-07 4.0353123e-07 2.6944458e-06 0.00011502455 0.09245269 1.9099323e-08 0.006292556 1.3948967e-05 0.06255128 8.899447e-08 6.467752e-08 3.647411e-08 0.1139552 0.006956627 1.0888211e-09 8.129658e-06 0.04146594 4.5761262e-06 0.0008308985 0.014063252 8.277964e-09 0.0068499837 1.1304755e-08 6.784031e-08 1.1307295e-09 6.157722e-08
0.9712323 8.80517e-05 0.0016414917 0.0006014846 1.6116677e-05 0.017446697 0.00020929366 0.037353497 1.2718265e-05 0.1779944 8.015177e-06 0.17172742 0.0016885793 0.00024580167 0.37256607 0.5711742 0.21665609 0.0001083696 0.65661615 0.13776064 0.60506517 0.32317057 0.92622024 0.26547104 0.00037613141 0.8923459 0.006275105 0.56319433 5.250436e-05 1.36746135e-11 0.49214825 0.26453015 0.89721316 0.80680925 0.24384864 0.15842396 0.5466474 0.09654094 1.5468528e-05 7.797932e-06 0.033277985 0.01810412 0.08486434 1.0112854e-05 0.026848339 0.2306301 0.030685982 0.015325671 2.5384923e-05 1.2225613e-05 0.20803082 0.00087886135 1.6208529e-05 0.0103126485 3.0115846e-06 3.5275539e-06 0.03461094 0.00025627037 6.438892e-05 0.006348523 4.3166942e-06 0.07803637 0.0020565595 7.4283926e-05 2.5652648e-07 1.4695358e-06 6.135286e-05 1.7309775e-07 0.0008078083 8.353284e-06 0.0023381375 0.13154426 0.00013386902 0.00132201 0.0009559048 0.0014824712 3.9839293e-08 0.0015414293 0.0054906053 0.00027035864 0.00010947318 1.6770155e-05 0.0015689759 0.00010831867 0.00056863687 0.00059365283 0.00013392673 0.03088583 3.6927027e-05 2.5285522e-05 0.0001950649 0.0007791651 0.00017834593 1.2784405e-07 0.00019220909 9.552322e-06 0.029324235 2.1021033e-05 0.00040097712 7.502284e-07 2.2500886e-05
0.81276745 6.971268e-08 5.00372e-06 9.103609e-07 4.3048954e-06 0.00013080885 3.6556935e-07 1.3238178e-05 5.160655e-08 0.00011967324 1.7678716e-06 1.5330172e-05 5.7996576e-06 1.7165785e-07 0.0033566267 0.0011734765 0.0007675203 4.148542e-06 0.0016202972 0.012576005 0.38374692 0.12984823 0.095900364 0.13325539 3.6280148e-06 0.716131 1.4631766e-05 0.9591824 2.245289e-07 0.49214825 1.5251662e-16 0.90783954 0.013058046 0.8164931 0.0110580325 0.8684901 0.011278612 0.7529043 1.7746173e-07 7.3152236e-08 0.34437653 0.737939 0.0012896509 2.7031209e-07 0.0004864379 0.47630456 0.38352877 0.31811893 1.1778528e-06 3.4475028e-07 0.08361131 1.0714348e-05 5.4340976e-08 0.00023785095 1.7950771e-07 2.3578037e-08 0.010211839 1.84612e-05 4.3841519e-07 0.010853861 1.9888442e-07 0.05103422 0.005483696 1.5900371e-06 1.0953462e-07 6.1236854e-08 2.794342e-07 2.3216787e-08 0.008641096 5.297332e-07 0.004478407 0.006286593 1.1790881e-06 0.011166758 0.0013189442 0.002584178 5.61812e-09 0.0029919883 0.012661236 1.4688745e-06 0.00020577062 3.0690708e-06 0.0018903429 5.492849e-06 0.00037516342 0.0002091833 0.00015364122 0.001340117 6.7807264e-06 9.72616e-06 2.1881542e-05 0.000132929 0.00025871617 1.6151482e-07 0.00012525034 1.0331778e-06 0.0024100482 4.8037773e-06 6.751895e-06 1.503796e-07 7.364977e-05
