4.6557704e-18 0.17951714 0.2241297 0.0073815193 0.012703555 0.5395554 0.015674287 0.23682953 0.45171648 0.4069567 0.30351967 0.099620745 0.67878205 0.0024177462 0.6820779 0.61968815 0.0016602013 0.4700344 0.54049766 0.6729658 0.8426671 0.7312193 0.7209324 0.7769672 0.22967574 0.00049040717 0.0047458154 0.81598336 0.89126384 0.83353716 0.7550224 0.8538894 0.36399496 0.7014998 0.18828014 0.68519473 0.940282 0.7914708 0.94320786 0.04476937 0.83798873 0.92254424 0.94276375 0.73462373 0.93489915 0.88756174 0.8908055 0.95989317 0.85181046 0.93237233 0.27084643 0.9011767 0.010493331 0.0007741164 0.96071845 0.80647975 0.92369246 0.7383662 0.04515942 0.8776066 0.09477117 0.9970066 0.9239161 0.015544673 0.9327868 0.9926691 0.95968455 0.9929232 0.8886302 0.90021455 0.8434073 0.99296886 0.9390978 0.9414135 0.5752094 0.76513994 0.96315336 0.86072576 0.9990041 0.9804414 0.9436364 0.85533947 0.9883055 0.0008489762 0.99907947 0.13854343 0.8523626 0.9037787 0.9358132 0.98066 0.9224569 0.62730384 0.9998751 0.9871709 0.59976065 0.75520444 0.9987541 0.3176841 0.9999865 0.9999856 0.90685874
0.17951714 2.044155e-12 0.9263007 0.33196485 0.26053232 0.97262716 0.031876814 0.100934654 0.9656456 0.35751772 0.13421156 0.72824425 0.04766959 0.72299653 0.09831689 0.116975546 0.0013277158 0.0050252904 0.022624727 0.014131446 0.22415224 0.00047542798 0.003966179 0.004448559 0.00018298686 9.286775e-05 3.1192147e-05 0.0010530658 0.011882033 0.025077658 0.001055115 0.114798464 0.0006852973 2.6589145e-05 0.0022481543 0.0009064426 0.0038023123 0.0058316407 0.0013639042 0.00012962946 1.45040485e-05 0.024040941 9.75418e-05 0.0012804772 0.00018399286 0.0018272091 9.916091e-06 0.0019420319 3.9518838e-07 0.006051572 1.8067527e-05 0.010962493 2.8177226e-07 3.3257884e-06 4.2662364e-06 8.4793246e-05 0.00045839406 2.0489303e-07 8.134501e-07 3.300472e-05 1.096271e-05 0.012428607 1.6080507e-05 2.8103696e-05 4.400123e-07 2.3646013e-05 0.000106207895 0.0013006461 2.1660787e-06 4.99921e-05 2.5403e-06 8.393383e-05 7.551599e-07 7.327061e-07 6.443834e-06 8.691381e-07 1.0581163e-05 7.2555274e-08 5.80937e-05 2.058128e-06 3.85122e-05 1.4132988e-05 1.7572544e-05 3.680415e-05 0.0009457331 1.4717042e-06 1.16539844e-07 1.4843994e-07 0.00019030036 3.7199612e-07 2.813574e-07 7.033626e-08 0.0002877168 6.134437e-07 4.916338e-07 4.5092634e-08 7.600553e-08 5.5156413e-08 0.0012506252 0.00012015251 5.153845e-09
0.2241297 0.9263007 1.3750244e-12 0.88553536 0.91131824 0.9794957 0.5255451 0.744827 0.1626515 0.12684359 0.0039283508 0.014102529 0.4555404 0.02699503 0.00421812 0.06864083 0.036699176 0.056145437 0.04662596 0.070776545 0.12609348 0.09320982 0.03907376 0.01700955 0.0069163414 0.0008890359 0.0021661813 0.021598551 0.000576456 0.017385788 1.7214099e-05 0.0054114396 8.837724e-06 0.0030524158 5.7242643e-05 0.013664012 0.019051172 0.0006109826 0.046570603 0.001815141 0.0067208344 0.011982914 0.016984943 0.00014038481 0.00719934 4.8418762e-05 0.0009444137 0.052210223 3.879264e-05 0.007388735 0.00037683154 0.0007167833 2.4875446e-09 8.8347214e-08 8.4919564e-05 4.199538e-06 1.102664e-05 8.0140177e-07 3.96309e-05 3.571139e-07 5.991142e-06 0.009551471 0.00036933756 0.00015475515 6.018024e-07 0.00036953343 1.3462174e-05 0.00065231597 1.2909004e-05 5.746764e-06 8.19897e-06 7.703383e-05 4.3337254e-06 7.648842e-06 3.9170902e-07 9.3312957e-07 4.1503704e-06 7.150552e-08 0.00024148206 1.707719e-05 0.0001979137 2.702801e-07 1.975444e-05 1.44472815e-05 0.00039717945 3.869912e-07 2.2727917e-07 2.0365366e-07 0.00023072417 7.461904e-07 6.3495156e-07 1.4875654e-07 0.00023141634 6.0587236e-06 1.1821037e-07 3.6558873e-08 2.0841318e-07 2.810313e-07 0.0006447661 0.000815936 5.6374954e-09
0.0073815193 0.33196485 0.88553536 2.2253864e-15 0.99587226 0.48232564 0.81649727 0.7745772 0.015810253 0.030166535 0.00030354797 0.0001688457 0.51271063 0.0072520073 0.0013205848 0.014613842 0.0033388038 0.033773102 0.01748439 0.01787225 0.028059214 0.041680694 0.015612428 0.009104178 0.0093101505 0.0006258537 0.00029711556 0.021604732 0.00026670273 0.0038936418 2.368168e-06 0.0002073301 1.7696799e-06 0.005177238 1.3276575e-05 0.009319877 0.0035415585 5.6570676e-05 0.007052111 0.0023228864 0.0044108266 0.0013598494 0.004586103 1.6961963e-05 0.0028899538 3.0065872e-05 0.0014426664 0.005270823 0.00039509143 0.001221742 0.00036135913 4.5948982e-05 2.8131728e-08 9.45619e-08 0.00048233746 1.308199e-05 8.857713e-06 1.9338122e-06 1.6161118e-06 8.0044475e-07 3.6653044e-05 0.00038379728 0.0006590166 0.00014867095 1.6858806e-06 0.0009844658 5.5120054e-05 3.6563913e-05 2.2201277e-05 2.1737376e-06 4.734134e-06 3.0285617e-05 3.0650357e-05 6.409668e-05 2.9332335e-07 5.48049e-06 2.589997e-05 8.8663194e-07 0.0014721688 4.057602e-05 0.00023993623 1.2916453e-07 0.00014361103 0.0005301792 0.00013043241 8.491187e-07 5.1469515e-06 4.7340895e-06 0.00011706668 5.800526e-06 5.3864233e-06 1.2931189e-06 0.00060652255 2.3233193e-05 1.0040387e-05 6.578203e-07 9.4256905e-07 8.735206e-07 0.0011231813 0.0018342959 2.1269397e-08
0.012703555 0.26053232 0.91131824 0.99587226 6.5117426e-16 0.5251228 0.7666563 0.81019163 0.0073367255 0.016642531 0.00024772622 5.816062e-05 0.4640746 0.0014013499 0.0008811925 0.011789021 0.0005647858 0.026717635 0.014355148 0.01389864 0.02038126 0.030455507 0.012986252 0.0076553416 0.008010016 0.000118330114 3.9754224e-05 0.02051266 0.00043631715 0.003061878 2.2643965e-06 0.00017989238 9.579512e-07 0.0038397799 5.19427e-06 0.0044477596 0.0032272295 4.5658147e-05 0.005630866 0.0007813777 0.0033933765 0.0011485039 0.0038228114 1.504746e-05 0.0024960202 1.7301772e-05 0.0011925553 0.00420886 0.00027042415 0.00085194345 0.00012802823 2.4230574e-05 2.1674712e-08 2.0989509e-08 0.00034076182 1.2470177e-05 3.338391e-06 1.6427286e-06 4.824085e-07 2.9754895e-07 4.7559824e-06 0.00023709431 0.0004079832 2.0467041e-05 1.4736465e-06 0.00031360146 9.857881e-05 2.576381e-05 2.221943e-05 2.98743e-06 5.946617e-06 2.7698665e-05 1.218363e-05 3.6356676e-05 1.0832316e-07 1.817598e-06 1.1600838e-05 4.0736884e-07 0.0007530646 1.0330946e-05 0.000103694765 3.0770966e-07 0.000116085124 1.1888849e-05 7.415213e-05 4.729484e-07 4.548064e-06 6.2088643e-06 0.00010128321 1.649468e-06 3.1311133e-06 7.467087e-07 0.00047552277 7.5624557e-06 6.6968473e-06 5.321301e-07 4.4181832e-07 1.1977086e-06 0.0007405182 0.0012350759 1.524015e-08
0.5395554 0.97262716 0.9794957 0.48232564 0.5251228 1.3396637e-13 0.17986901 0.46794882 0.46264997 0.5285215 0.025280012 0.0074227164 0.76095456 0.0032275973 0.016363714 0.28093058 0.009781088 0.1208434 0.20221803 0.23647533 0.48605385 0.13846545 0.14918163 0.061938837 0.00697758 0.00026191567 0.00048743052 0.05228956 0.00061353156 0.10860385 6.18297e-05 0.050961364 1.0082434e-05 0.0049772803 4.2315813e-05 0.0057330364 0.10654405 0.0012619736 0.1572497 0.00038273606 0.010180369 0.12472904 0.032669403 0.00036116864 0.01863417 0.0004880871 0.0019812249 0.15123387 0.000101449776 0.074688904 0.0002585292 0.0068443217 1.814188e-08 3.748006e-08 0.00010170833 1.7128012e-05 5.426752e-05 3.0951276e-06 6.3215857e-06 6.4433484e-06 1.163574e-05 0.0876631 0.0010417039 1.6359989e-05 4.6082055e-06 0.0014627309 0.00050160615 0.009945517 5.6185712e-05 0.00023493757 6.411841e-06 0.00044338897 1.31865545e-05 7.052444e-05 5.505491e-07 1.5536898e-06 2.7320648e-05 6.2529296e-07 0.00046672928 8.0239835e-05 4.4249682e-05 8.014614e-07 2.6737214e-05 2.3973312e-06 0.0010911757 1.1015539e-07 5.2340533e-07 8.4891064e-07 0.00035278598 1.2764651e-06 1.9494457e-06 7.96847e-08 0.0007939608 3.78308e-06 8.606367e-07 2.809153e-07 7.694452e-06 5.6701627e-08 0.0014012363 0.0010831335 2.5497052e-08
0.015674287 0.031876814 0.5255451 0.81649727 0.7666563 0.17986901 1.16335e-12 0.9749867 0.002582206 0.0032068626 2.1686013e-05 5.580443e-05 0.34768137 0.0010861094 2.9828769e-05 0.0020683846 0.9422568 0.033549007 0.0050787986 0.011246186 0.0020440465 0.15719771 0.009310576 0.0019985458 0.0072104093 0.08704084 0.61773854 0.03001402 0.0005874429 5.6281762e-05 6.751209e-07 3.220152e-06 8.112213e-07 0.0090726195 0.00035969674 0.050328035 0.0048172213 2.8897608e-05 0.0204749 0.053714514 0.021118369 4.4007025e-05 0.045251418 1.5395062e-05 0.008681408 1.3463202e-05 0.021077493 0.021878365 0.0010611749 0.000113451824 0.0030613556 1.119867e-05 2.415804e-08 3.212666e-07 0.0013885577 5.4744596e-05 7.3657696e-07 5.429516e-05 0.00025966114 2.0654995e-06 0.000103456805 0.00020352757 0.00018609106 0.0019327779 8.505918e-06 0.00035345295 3.1404527e-06 8.271463e-05 0.00011716307 3.0491525e-05 3.4270695e-06 1.551443e-05 1.951011e-05 5.884776e-05 2.4605426e-06 5.693039e-06 2.8633924e-05 9.864849e-07 0.0006503355 3.6873855e-05 0.00061415706 1.073615e-06 5.0704555e-05 3.2923013e-05 0.00038780711 2.6133415e-07 3.033795e-06 1.3381176e-05 3.446849e-05 3.2671683e-06 3.5853298e-06 8.4872767e-07 0.00012927144 5.861495e-06 1.600901e-06 6.900311e-07 1.7246131e-06 9.329832e-06 0.0011670704 0.0010926483 4.9520105e-07
0.23682953 0.100934654 0.744827 0.7745772 0.81019163 0.46794882 0.9749867 4.2119665e-14 0.0042258166 0.013604578 0.0002813098 4.151815e-06 0.8597844 9.304318e-05 6.8232315e-05 0.023572443 0.7636203 0.38775393 0.037076034 0.08241144 0.04103115 0.74147826 0.13211511 0.039722566 0.09941987 0.008133982 0.3190449 0.28564855 0.00026906817 0.005254379 1.308242e-06 0.0001245579 2.0056523e-06 0.18677863 0.00018272856 0.29558966 0.06904912 7.140566e-05 0.32028353 0.17321444 0.3437992 0.0042249584 0.5181323 1.7858718e-05 0.28197852 1.2240615e-05 0.32216924 0.2546533 0.058603942 0.003478244 0.026978679 0.00015988886 7.9846807e-10 7.39785e-09 0.08854502 2.8919692e-05 1.413073e-06 0.0001782922 0.0026390066 7.0936676e-06 0.0027034963 0.0010363036 0.0036997567 0.0100682285 0.00017118843 0.0015839591 2.4041e-05 0.00022429193 0.0003297488 0.00011241103 9.463547e-05 5.8151018e-05 0.00015292858 0.00049729366 2.6527421e-05 1.3057284e-05 3.2896616e-05 2.4857889e-06 0.00067176146 0.00012997037 0.00023484215 1.9229399e-06 8.771527e-05 3.7320646e-07 0.00014817328 3.180012e-08 1.2143887e-05 4.374896e-05 7.1119335e-05 6.133581e-06 4.689648e-06 9.068834e-07 0.00015389858 1.06883235e-05 1.8693808e-06 2.347837e-06 4.6913165e-06 8.979727e-07 0.0006968748 0.00090341823 4.4705487e-07
0.45171648 0.9656456 0.1626515 0.015810253 0.0073367255 0.46264997 0.002582206 0.0042258166 1.0115808e-12 0.7213152 0.9847127 0.71140873 0.0043377974 0.3499252 0.7712933 0.29409528 0.0014380016 0.00048220152 0.047958985 0.012866173 0.51860285 5.908333e-05 0.0023526414 0.011893501 4.9551287e-05 1.0046747e-05 1.8775667e-05 0.0003025163 0.031122733 0.23238528 0.004823264 0.6598872 0.0021980726 4.6066965e-05 0.00253295 0.0005325663 0.011850591 0.07419282 0.0017021307 0.00018729303 2.3284987e-05 0.18583764 0.00015441386 0.008977455 0.00043523437 0.01815341 0.00011581995 0.0025104692 4.3092803e-07 0.028037209 2.2708678e-05 0.120509505 1.17337895e-05 3.8761705e-06 1.7114573e-05 0.0010367035 0.0035770414 4.6849874e-07 1.3602234e-07 0.00032447398 6.6035245e-06 0.073863536 4.4235585e-05 2.8224646e-05 1.5658031e-07 0.00031858706 0.006093062 0.056386285 7.2281027e-06 0.0009841935 3.893368e-06 0.0011593167 6.0277753e-06 7.6182882e-06 4.293143e-07 2.2037048e-06 0.00019296102 2.8607064e-07 0.00054027146 8.1452645e-06 0.00028023153 1.444939e-05 0.00014129034 2.0118937e-06 0.0012795536 4.0039e-06 9.3713385e-07 5.2355904e-07 0.00015739155 3.3841334e-06 9.169376e-07 1.5482349e-06 0.001488302 1.4996264e-06 1.5257573e-06 3.7061355e-08 1.7542511e-06 2.2552639e-07 0.0021657413 0.0010336977 1.7886151e-08
0.4069567 0.35751772 0.12684359 0.030166535 0.016642531 0.5285215 0.0032068626 0.013604578 0.7213152 1.3585785e-14 0.6938494 0.007409392 0.088443086 0.00019258026 0.31383467 0.9869396 0.00064724893 0.026990974 0.83676744 0.4821791 0.87328666 0.0002879545 0.17259285 0.26767388 0.0015106281 9.776885e-07 6.945679e-06 0.012584379 9.851415e-05 0.5900805 6.9298825e-05 0.5220525 1.4712277e-05 0.00019167238 6.851989e-05 0.0003613247 0.20541237 0.0038700912 0.04557323 5.7232464e-06 7.1052564e-05 0.339767 0.00023679218 0.0009678823 0.0024852923 0.000728046 9.9540135e-05 0.0210036 6.1255275e-07 0.1248345 1.6786269e-05 0.012024113 1.1677549e-07 5.5345684e-08 2.056217e-06 7.251651e-05 0.00038723394 3.4234156e-07 2.1245324e-07 1.2737808e-05 1.4211683e-06 0.07328754 0.00074387743 2.5935424e-06 3.699927e-08 0.0009734605 0.001978554 0.011599676 3.9336066e-07 7.526471e-05 2.0450682e-06 0.00037198002 2.840975e-06 2.960203e-05 3.5425494e-08 1.1781956e-06 3.254389e-05 3.1481953e-08 0.0012726437 1.3058805e-05 5.5408477e-06 1.1970074e-06 2.3226436e-05 7.9533436e-07 0.00030629308 4.7640236e-07 6.728295e-07 2.4194134e-07 4.1974718e-06 5.9123846e-07 1.2330798e-07 7.363224e-08 0.00074948726 7.441211e-07 9.480515e-08 2.897229e-08 5.7582935e-07 2.4808543e-07 0.0012384485 0.000115207775 1.531878e-08
0.30351967 0.13421156 0.0039283508 0.00030354797 0.00024772622 0.025280012 2.1686013e-05 0.0002813098 0.9847127 0.6938494 1.9366687e-14 0.31923047 0.00014868924 0.011492663 0.98901844 0.25841278 4.6366673e-05 0.0001238125 0.0159719 0.0017040098 0.2699616 5.0315602e-06 0.0002646891 0.0020586925 1.9331052e-05 5.223397e-07 1.30865e-06 3.050412e-05 0.009620482 0.17991515 0.0053418563 0.69126093 0.0009756716 3.8145333e-06 0.00019861672 2.4013596e-05 0.0061018136 0.17457542 0.00059442985 1.6425062e-06 4.0922996e-06 0.106165394 2.7527258e-05 0.014815343 0.00010618733 0.017629715 2.5806328e-05 0.0011124756 1.11230044e-07 0.012674277 1.3672548e-06 0.1128082 9.831214e-06 1.5807642e-06 8.717505e-07 0.00014252335 0.004491305 1.5850387e-07 5.966504e-08 0.00018778826 1.0046435e-06 0.031152846 9.410665e-05 6.4024886e-07 1.424192e-07 0.00055051816 0.008651852 0.06319027 4.1310996e-06 0.00066302175 1.654186e-06 0.0013467248 2.0357375e-06 5.3253025e-05 3.1685385e-08 1.0366905e-06 0.00017589383 1.8305002e-08 0.0010904331 2.748073e-05 3.303252e-07 5.4581815e-06 2.347914e-05 6.9795824e-08 0.0005846258 1.3148015e-07 2.63971e-07 2.1375351e-07 2.8853852e-05 1.0201646e-06 1.2071098e-07 8.498749e-08 0.0010158271 1.4310258e-06 3.134458e-07 7.753901e-09 2.5459306e-07 6.6320354e-09 0.0027959365 0.00062068703 1.6822133e-09
0.099620745 0.72824425 0.014102529 0.0001688457 5.816062e-05 0.0074227164 5.580443e-05 4.151815e-06 0.71140873 0.007409392 0.31923047 3.3658474e-16 1.8738359e-06 0.9992262 0.52860904 0.0061762542 2.2863999e-06 3.0491567e-06 0.00013252345 1.2442523e-05 0.014820862 2.8078324e-07 2.2485904e-06 2.7396181e-05 8.598508e-07 2.3000796e-06 3.7938375e-07 3.4984703e-06 0.9175011 0.008977009 0.20971406 0.3784586 0.124486014 2.0867371e-07 0.89018434 8.010748e-07 0.00039101316 0.43307626 3.6205165e-05 2.9159146e-06 6.25493e-08 0.014384111 3.236164e-06 0.10490764 1.3932811e-05 0.17192677 5.172853e-07 0.00012744388 1.806799e-07 0.002847917 7.783789e-07 0.17766505 2.7015541e-05 6.320974e-05 3.159021e-07 0.025001423 0.04745332 4.5074898e-07 7.1258135e-08 0.0068139494 8.465919e-07 0.028787227 0.00019762061 9.2639254e-07 1.3668441e-06 2.6748457e-05 0.018969558 0.05800754 3.9865713e-06 0.021679591 5.935817e-06 0.010459198 1.1532578e-05 0.00032505998 2.9105997e-06 1.643778e-05 0.0013670855 3.1492496e-06 0.0020430428 3.4833178e-05 2.0016922e-05 9.96657e-07 5.6222158e-05 5.344763e-05 0.0036798872 2.0674317e-07 9.646353e-05 2.1086032e-06 5.8418773e-05 2.410457e-05 2.9916982e-06 9.160718e-06 0.003906815 4.771406e-06 7.137185e-06 1.3023457e-07 1.6873163e-07 3.0897442e-07 0.00507247 0.0010466884 9.399111e-09
0.67878205 0.04766959 0.4555404 0.51271063 0.4640746 0.76095456 0.34768137 0.8597844 0.0043377974 0.088443086 0.00014868924 1.8738359e-06 5.823813e-15 2.9965954e-06 1.5564907e-05 0.03265691 0.027430613 0.9929701 0.23343828 0.40864474 0.16206253 0.801191 0.36854932 0.15097965 0.43334615 0.00022008087 0.0022835825 0.53507316 1.4015563e-06 0.018124064 1.9607418e-07 6.977923e-05 2.6786057e-07 0.12602422 3.1208344e-06 0.022149203 0.13921623 4.2433938e-05 0.38248447 0.00066725246 0.13733219 0.011714253 0.22880957 7.826011e-06 0.1699374 4.5118054e-06 0.0332489 0.26099277 0.000780828 0.010027727 0.0005517239 0.00013405657 3.2128344e-09 5.888762e-09 0.0020759504 1.6260898e-06 6.641492e-07 1.2902333e-05 3.1392042e-06 1.4838092e-07 1.0942467e-05 0.012026046 0.0055544823 5.231129e-05 1.2501006e-07 0.003689 5.8555115e-06 0.0004071351 9.244752e-06 1.8377979e-06 7.2340063e-06 1.7041209e-06 4.222235e-06 0.00032335267 3.3682888e-08 8.91679e-07 9.3824985e-07 6.0933225e-08 0.00033692448 3.0048472e-05 4.4037795e-05 2.0088137e-07 6.4259457e-06 1.8958284e-06 1.2478601e-05 7.062907e-08 2.174941e-07 3.9681723e-07 3.5760622e-06 4.3914577e-07 1.3728581e-07 9.883929e-07 7.00935e-05 4.842961e-07 2.3097788e-07 2.3358304e-08 3.94753e-07 1.1137329e-06 4.9410904e-05 5.621015e-05 2.3264489e-08
0.0024177462 0.72299653 0.02699503 0.0072520073 0.0014013499 0.0032275973 0.0010861094 9.304318e-05 0.3499252 0.00019258026 0.011492663 0.9992262 2.9965954e-06 9.476106e-19 0.03639301 6.828407e-05 0.0014200784 1.3712048e-06 9.820352e-06 1.1451144e-06 6.532068e-05 3.2726439e-06 2.6327734e-07 6.4830834e-07 4.5533493e-08 0.0018664702 0.0002389386 1.1372822e-07 0.2676286 1.3804137e-05 0.019655129 0.0014484075 0.053753868 2.5856567e-08 0.7636384 0.0001479056 9.035323e-07 0.0126827955 2.0458072e-06 0.0011269731 1.29034206e-08 7.165308e-05 1.5237711e-06 0.0011564987 7.3156525e-07 0.00087156147 1.3556138e-06 1.2470796e-05 1.2367081e-09 1.8734903e-05 1.7858353e-06 0.0002656333 0.008030215 0.42531258 8.0171753e-07 0.0009844997 0.00019066167 2.3311306e-06 3.876479e-07 0.00016172344 1.1154931e-06 0.00032706786 3.0901742e-07 0.00040304358 3.5775322e-06 3.152759e-06 1.2270338e-05 0.00031977938 7.657849e-06 0.00016348877 1.8132964e-07 0.00016595 7.472134e-08 1.6262844e-07 2.875116e-06 2.0293658e-08 2.5471134e-05 7.0224127e-10 1.1811809e-05 9.25592e-08 0.011351563 5.31717e-06 9.642397e-07 0.04115857 0.00038857496 3.5994722e-06 6.527711e-08 2.1710544e-08 9.3293113e-07 3.179369e-08 6.5233023e-09 2.4995932e-06 0.00082079275 2.3866403e-07 4.6882323e-07 7.315341e-10 3.841995e-10 2.1824599e-06 0.0020863782 0.0027634827 1.2124116e-08
0.6820779 0.09831689 0.00421812 0.0013205848 0.0008811925 0.016363714 2.9828769e-05 6.8232315e-05 0.7712933 0.31383467 0.98901844 0.52860904 1.5564907e-05 0.03639301 1.172311e-16 0.18478021 5.8657847e-06 6.947822e-05 0.0057970462 0.00039127408 0.551273 1.2223217e-06 9.440867e-05 0.0006847119 4.640883e-05 1.5427719e-07 1.5222328e-06 1.1604344e-05 0.20959018 0.42535573 0.08061668 0.93870234 0.016595736 2.792143e-06 0.0071386797 5.72344e-07 0.0012068901 0.7553404 9.117484e-05 2.3602841e-07 1.8381992e-06 0.24164642 8.240006e-06 0.15806033 4.247795e-05 0.27835461 1.3430321e-05 0.0002841723 2.0247793e-07 0.016677152 1.0610932e-07 0.44741616 7.005394e-05 7.015389e-05 5.215249e-07 0.0040104827 0.054921903 2.3295249e-07 1.4749215e-08 0.0021259473 3.8585907e-07 0.029569803 7.397082e-05 1.1510949e-06 1.2926446e-07 2.5048037e-05 0.068440445 0.13018906 1.2587619e-05 0.042182364 4.807966e-06 0.028896172 3.1070197e-06 9.036494e-05 2.8877938e-07 9.824524e-07 0.003132159 2.1441174e-07 0.00032506866 9.27943e-06 6.3315656e-06 4.666852e-05 1.5298596e-05 4.270278e-06 0.0013358112 3.4683774e-07 4.519926e-07 1.9049996e-07 0.00013615246 1.7545545e-07 2.6135785e-07 1.12079334e-07 0.004906256 4.5497276e-07 5.3247713e-06 7.476468e-08 2.9483965e-06 1.6572083e-06 0.0059091668 0.00019313573 4.5479247e-08
0.61968815 0.116975546 0.06864083 0.014613842 0.011789021 0.28093058 0.0020683846 0.023572443 0.29409528 0.9869396 0.25841278 0.0061762542 0.03265691 6.828407e-05 0.18478021 1.7825178e-13 0.00044006144 0.008979274 0.88242304 0.364012 0.94148314 0.00015602262 0.11930364 0.31631258 0.0006848164 2.2000638e-06 2.5375895e-05 0.010430305 0.00022371364 0.7665577 5.9290538e-05 0.54596066 1.336085e-05 0.00016180043 7.412406e-05 0.00032902096 0.30389038 0.0026212581 0.087591924 7.3240262e-06 8.288069e-05 0.42640886 0.0002181775 0.00084324717 0.0044643865 0.00070789625 9.1729446e-05 0.029055437 2.7717517e-06 0.14458854 3.1412725e-05 0.024275001 6.1365375e-07 1.3385923e-07 8.92446e-06 4.4200882e-05 0.00031194184 2.389787e-06 4.69395e-07 3.3505992e-05 2.6781195e-06 0.088091254 0.0011966565 4.448915e-06 9.121567e-08 0.0011810362 0.0034017053 0.020829206 1.8487527e-06 0.00019937752 9.1539505e-06 0.00051156996 2.7139763e-06 8.5740656e-05 3.8971962e-07 8.922311e-07 6.3689775e-05 1.679783e-07 0.0011453253 2.3038017e-05 3.0845108e-06 2.471424e-06 1.5099396e-05 4.416407e-08 8.529854e-05 3.2177624e-07 1.5583338e-07 3.6598152e-08 5.555086e-06 3.6669928e-07 1.809981e-07 5.428286e-08 0.00085882604 3.720327e-07 4.2470495e-07 1.3727684e-08 2.4356807e-06 1.205313e-07 0.0028657976 0.00040519988 7.5789394e-08
0.0016602013 0.0013277158 0.036699176 0.0033388038 0.0005647858 0.009781088 0.9422568 0.7636203 0.0014380016 0.00064724893 4.6366673e-05 2.2863999e-06 0.027430613 0.0014200784 5.8657847e-06 0.00044006144 7.900269e-18 0.0055234144 0.00044660832 0.0008271503 1.298484e-05 0.013372776 0.00074274925 7.3251686e-05 0.003484009 0.99393183 0.8291634 0.0029923334 0.00016331005 1.9351683e-06 6.425005e-07 8.639899e-08 6.2811715e-08 0.0021672442 1.3413208e-05 0.03768283 9.4903444e-05 1.7448558e-06 0.0006294002 0.0768515 0.0013927758 6.68517e-06 0.00084054953 3.3983326e-07 0.0003223265 5.22083e-06 0.001618925 0.00023006566 0.0008926444 2.8593808e-05 0.0013896837 1.0624284e-06 3.116229e-07 1.6053843e-07 0.00065170816 2.037268e-06 2.744825e-07 4.1016592e-05 5.7204584e-06 8.6401093e-07 2.0473288e-05 1.5320511e-05 9.6445314e-05 0.00047955383 9.569765e-06 8.5189844e-05 1.2960196e-05 3.7592272e-05 2.9238702e-06 1.7827612e-07 6.4443776e-07 1.725908e-06 1.3893205e-05 0.000116285126 1.9421483e-07 1.6934899e-06 6.300983e-06 1.9670097e-06 6.317913e-05 2.5054285e-06 8.15283e-05 2.7204558e-07 2.607602e-06 6.066706e-07 1.2363308e-05 8.995282e-09 1.5611526e-05 5.699672e-06 1.2928032e-06 8.5289173e-07 6.768464e-06 2.1140067e-05 3.0625408e-05 2.4777203e-06 1.3253589e-05 2.3475661e-06 1.1628351e-07 4.8637526e-07 4.339683e-05 0.00027358782 5.176329e-08
0.4700344 0.0050252904 0.056145437 0.033773102 0.026717635 0.1208434 0.033549007 0.38775393 0.00048220152 0.026990974 0.0001238125 3.0491567e-06 0.9929701 1.3712048e-06 6.947822e-05 0.008979274 0.0055234144 4.9921763e-15 0.100164324 0.311802 0.04567025 0.88310605 0.46032277 0.12375963 0.80999595 0.00012268005 0.0011399416 0.8607991 4.21014e-06 0.012638544 6.3788605e-07 5.677579e-05 2.5938107e-07 0.29255956 3.1619008e-06 0.01683182 0.12555166 7.0866736e-05 0.3231029 0.00020516492 0.124239795 0.008227803 0.18124467 1.537782e-05 0.1891364 1.3792293e-05 0.02484012 0.17892201 0.0035044414 0.0060805874 0.0005720322 0.0002681281 6.95594e-08 8.619912e-09 0.0034678818 9.861087e-07 5.6153913e-06 8.041649e-05 8.0216305e-06 1.7444988e-07 2.52613e-05 0.006954594 0.0058605713 2.657642e-05 9.949747e-06 0.0061316746 5.3284064e-05 0.00047619644 5.3246167e-05 2.808171e-06 0.00011278181 1.3367452e-05 3.9983996e-05 0.00048097942 7.0285466e-07 6.86935e-06 1.0868777e-06 5.681408e-07 0.0010141351 6.363149e-05 2.2224092e-05 1.0119911e-06 1.992896e-05 2.6796013e-06 1.0103196e-05 9.2939544e-08 4.8474845e-07 4.5140544e-07 8.187585e-06 9.212412e-07 5.889397e-07 5.9103894e-07 0.00021736235 1.6818917e-06 1.1874125e-06 5.18454e-08 1.7754867e-06 4.5705977e-07 0.0003031988 0.00041889705 6.656865e-08
0.54049766 0.022624727 0.04662596 0.01748439 0.014355148 0.20221803 0.0050787986 0.037076034 0.047958985 0.83676744 0.0159719 0.00013252345 0.23343828 9.820352e-06 0.0057970462 0.88242304 0.00044660832 0.100164324 3.138359e-14 0.98084307 0.89996916 0.0020234846 0.72445875 0.8270135 0.0067676 1.7982701e-06 1.6616179e-05 0.12811857 1.865809e-05 0.6570911 2.9436876e-06 0.032595202 1.2552417e-06 0.0018630825 3.670338e-05 0.00030992957 0.41849667 0.00034072527 0.2639881 3.4069565e-06 0.0012372627 0.23163414 0.0022109866 0.00015764392 0.016983721 7.93153e-05 0.00020291591 0.083051085 2.7166511e-06 0.11582005 4.46429e-05 0.0028167851 2.1596462e-07 5.936174e-08 1.0699583e-05 8.093786e-06 3.4567245e-05 5.8169794e-06 1.0399672e-06 3.101578e-06 3.96189e-06 0.041662443 0.0030034778 1.2280183e-05 3.0870638e-07 0.0021211002 0.00092016126 0.0071587474 1.3260284e-06 6.260597e-05 1.8504577e-05 0.00024551587 3.5820183e-06 0.00011678369 5.5714796e-08 1.6911657e-06 3.426731e-05 9.9328616e-08 0.0015749373 2.4274219e-05 3.1527832e-06 8.9932934e-07 2.0167916e-05 1.10422974e-07 6.439543e-05 1.5455522e-07 1.1790621e-06 2.664593e-07 2.489093e-06 1.1634546e-06 3.5177456e-07 1.85485e-07 0.00073112204 1.2282883e-06 2.3447524e-07 3.1633093e-08 8.750965e-07 8.009338e-08 0.0019540668 0.00030584564 1.6067208e-08
0.6729658 0.014131446 0.070776545 0.01787225 0.01389864 0.23647533 0.011246186 0.08241144 0.012866173 0.4821791 0.0017040098 1.2442523e-05 0.40864474 1.1451144e-06 0.00039127408 0.364012 0.0008271503 0.311802 0.98084307 3.7864774e-15 0.6590716 0.01383734 0.9471723 0.9021542 0.026169466 5.418278e-06 2.3013006e-05 0.34178516 4.676776e-06 0.41512373 6.7406205e-07 0.002059367 3.7308544e-07 0.009804371 8.131031e-06 0.00077397056 0.47633642 6.3238025e-05 0.39121997 4.990714e-06 0.0071406784 0.13487257 0.014044219 2.939697e-05 0.068897136 1.7589811e-05 0.00052349595 0.15003099 1.3884411e-05 0.07306099 4.5491637e-05 0.0009679473 5.389711e-08 1.3316372e-08 3.331323e-05 2.0802072e-06 1.910868e-05 9.100488e-06 9.639896e-07 6.2634575e-07 7.029838e-06 0.029778356 0.003744557 7.8133335e-06 4.3776382e-07 0.004089302 0.0004524759 0.0031749108 1.4442727e-06 2.1199221e-05 4.8923306e-05 7.07765e-05 7.863305e-06 0.00027556403 4.7074593e-08 2.9084301e-06 1.4531129e-05 1.7037739e-07 0.0017457432 5.1832427e-05 7.4547637e-07 1.5083982e-07 8.54259e-06 3.91806e-08 3.572655e-05 3.138674e-08 1.5655814e-06 5.6639016e-07 9.0322123e-07 1.7565699e-06 6.741314e-07 3.671549e-07 0.00029411877 1.3931583e-06 3.1282823e-07 4.8712607e-08 8.4551317e-07 6.108613e-08 0.0008062736 0.0003769911 3.9095273e-08
0.8426671 0.22415224 0.12609348 0.028059214 0.02038126 0.48605385 0.0020440465 0.04103115 0.51860285 0.87328666 0.2699616 0.014820862 0.16206253 6.532068e-05 0.551273 0.94148314 1.298484e-05 0.04567025 0.89996916 0.6590716 1.0663116e-14 0.00042628346 0.33691347 0.73742825 0.0010290798 4.034716e-07 2.7856324e-06 0.017790666 0.0005252179 0.9326059 0.0001013232 0.63867694 3.48411e-06 5.611856e-05 0.000104045226 0.00010489037 0.5811085 0.0021619184 0.24254987 5.1982297e-06 7.116961e-05 0.70717436 0.0002376503 0.00014325239 0.0050746086 0.0003897492 2.4957688e-05 0.09349438 5.2824794e-07 0.3705411 1.331424e-06 0.069733515 8.099789e-09 5.284414e-09 3.0026258e-06 1.2554303e-05 0.00011044115 6.8775006e-07 2.751883e-07 3.1795148e-06 2.0838138e-07 0.19918044 0.002452886 1.2358087e-05 1.17774395e-08 0.0018466968 0.005778083 0.05917587 1.0004066e-07 0.00020807012 7.0167135e-07 0.00087798014 2.8433993e-07 0.00012119864 3.006465e-08 8.714109e-08 4.5205637e-05 4.4948454e-08 0.0012927984 4.5223474e-06 4.2249217e-06 6.2075355e-07 1.4127173e-06 6.236703e-08 0.00020637728 1.6058015e-08 6.151805e-08 2.034959e-08 1.1921849e-06 1.18813794e-07 2.3757526e-08 6.364322e-08 0.0016088246 7.1457083e-07 3.7800977e-08 1.1711648e-08 1.3320488e-06 3.7106923e-07 0.0064502135 0.00040822974 2.4074922e-08
0.7312193 0.00047542798 0.09320982 0.041680694 0.030455507 0.13846545 0.15719771 0.74147826 5.908333e-05 0.0002879545 5.0315602e-06 2.8078324e-07 0.801191 3.2726439e-06 1.2223217e-06 0.00015602262 0.013372776 0.88310605 0.0020234846 0.01383734 0.00042628346 7.3463877e-16 0.07322831 0.010702365 0.98788714 0.00014708414 0.0030899802 0.8108967 2.3563382e-06 0.000553869 3.0414037e-07 7.397113e-06 2.8883116e-07 0.66348153 8.006684e-07 0.25442 0.049512573 2.473487e-06 0.35788658 0.01433296 0.4359429 0.0008836114 0.5937738 2.5434006e-06 0.42075652 1.0684363e-06 0.3079084 0.17533933 0.035154354 0.0017266662 0.010674634 4.0717e-05 1.3328847e-08 3.245688e-09 0.053836312 9.100362e-07 3.118673e-07 0.00048566936 2.3260773e-05 3.783863e-08 0.0002867862 0.0012864203 0.011091831 7.333836e-05 6.578724e-05 0.006334552 5.2413684e-06 0.00018749801 0.00027506542 1.4465223e-06 0.00031168223 1.1414432e-06 0.00020979067 0.0012676278 1.9309282e-06 4.5377205e-05 6.9782544e-07 5.3953277e-06 0.0013716379 0.0002031471 4.875595e-05 1.6786284e-07 7.015194e-05 2.2924194e-06 4.036802e-05 3.5952972e-08 1.3559473e-06 1.61986e-06 2.230949e-06 4.165359e-06 2.8723919e-06 2.1990945e-06 7.3408475e-05 4.1047642e-06 1.2727546e-05 1.7887038e-06 2.5794638e-05 2.3654322e-06 4.6636083e-05 0.00047937228 5.291459e-07
0.7209324 0.003966179 0.03907376 0.015612428 0.012986252 0.14918163 0.009310576 0.13211511 0.0023526414 0.17259285 0.0002646891 2.2485904e-06 0.36854932 2.6327734e-07 9.440867e-05 0.11930364 0.00074274925 0.46032277 0.72445875 0.9471723 0.33691347 0.07322831 5.214658e-16 0.97542226 0.12681067 4.1375106e-06 3.408616e-05 0.83733493 6.570391e-07 0.34036812 1.02855076e-07 0.00021876047 2.374167e-08 0.083163336 1.2996925e-06 0.0018867363 0.74245936 1.8633997e-05 0.7488448 4.3272253e-06 0.05944947 0.1062295 0.10562133 5.3230297e-06 0.276071 2.8789545e-06 0.002501197 0.31723082 0.00019609189 0.088641085 4.59513e-05 0.00032052834 4.6203198e-08 3.6923538e-09 0.00036582066 2.7763167e-07 2.7556375e-06 9.638202e-06 1.1098776e-06 9.9600854e-08 1.718758e-06 0.024612162 0.011053784 7.208848e-06 6.43589e-07 0.01163913 0.0003850318 0.0022562775 4.1618687e-06 1.2923773e-05 4.3514112e-05 1.4949093e-05 2.531344e-05 0.0013105804 5.9074164e-08 4.771742e-06 5.8823885e-06 1.8081315e-07 0.004502096 0.0001109737 6.463778e-07 2.8728752e-07 5.739031e-06 3.760717e-08 2.3936998e-05 1.7615001e-08 6.758043e-07 4.0462717e-07 1.0423074e-06 1.0251778e-06 5.3527464e-07 5.031706e-07 0.0002615507 1.0539193e-06 4.6590299e-07 9.807707e-08 1.8667176e-06 1.9704595e-07 0.00054153596 0.00064446 7.060509e-08
0.7769672 0.004448559 0.01700955 0.009104178 0.0076553416 0.061938837 0.0019985458 0.039722566 0.011893501 0.26767388 0.0020586925 2.7396181e-05 0.15097965 6.4830834e-07 0.0006847119 0.31631258 7.3251686e-05 0.12375963 0.8270135 0.9021542 0.73742825 0.010702365 0.97542226 4.2584648e-17 0.022850076 4.0088344e-07 9.332672e-06 0.49709627 3.4876737e-06 0.7900194 4.5905307e-07 0.010008218 3.339477e-08 0.013166568 2.0902596e-06 0.0005266597 0.8688124 0.00013857643 0.7548372 1.0540007e-06 0.010492685 0.3880978 0.0189916 2.3839151e-05 0.17774123 3.283406e-05 0.0002785497 0.28551847 1.1081595e-05 0.24136065 3.6943515e-05 0.0018638128 4.9923656e-08 1.1576152e-08 1.4121052e-05 1.1134143e-06 1.3359742e-05 1.9948745e-06 1.3068079e-06 3.2189317e-07 5.418689e-07 0.052004132 0.011854343 6.390768e-06 1.7382726e-07 0.00831019 0.0007577191 0.0058933385 6.722715e-07 9.400592e-05 7.52977e-06 0.00016156775 5.8406818e-06 0.0006646561 9.6463566e-08 4.9385693e-07 9.794052e-06 2.8548534e-08 0.002880626 6.7835885e-05 3.9887027e-07 5.51748e-07 5.0958542e-06 1.28328805e-08 1.9489895e-05 5.9537686e-09 1.9794436e-07 6.224736e-08 2.4041472e-06 3.448075e-07 2.5559558e-07 2.4062214e-07 0.00050323905 8.211094e-07 1.2077591e-07 3.7187185e-08 1.3339187e-06 2.0919298e-07 0.001509625 0.00034994262 4.4612104e-08
0.22967574 0.00018298686 0.0069163414 0.0093101505 0.008010016 0.00697758 0.0072104093 0.09941987 4.9551287e-05 0.0015106281 1.9331052e-05 8.598508e-07 0.43334615 4.5533493e-08 4.640883e-05 0.0006848164 0.003484009 0.80999595 0.0067676 0.026169466 0.0010290798 0.98788714 0.12681067 0.022850076 1.2486995e-16 8.008434e-05 0.0007733667 0.93855876 2.507962e-06 0.0012681048 1.6697544e-07 4.8120855e-06 1.2249735e-07 0.79295474 1.4960053e-06 0.019510042 0.04739579 3.7722543e-06 0.17475222 0.0002924024 0.2886929 0.00061978056 0.24500899 1.6757916e-06 0.16984414 1.4830446e-06 0.07926602 0.058868807 0.025819197 0.0007715239 0.0019454233 3.1323398e-05 6.294457e-07 1.3396518e-08 0.019083947 3.5605495e-07 2.2778402e-06 0.000282728 1.9481198e-05 4.7629015e-07 5.6559296e-05 0.00032886033 0.005299116 1.2612168e-05 0.00054931437 0.0025821778 7.447455e-06 4.5801367e-05 0.00018060143 1.2638242e-06 0.00034089002 6.924277e-06 6.690863e-05 0.0014396566 1.1660154e-05 8.457015e-06 1.3775473e-06 5.2830336e-07 0.0015948119 6.8773705e-05 5.2541754e-06 3.264533e-06 2.7130563e-05 2.9331244e-07 9.951522e-06 1.4121441e-07 1.1282624e-06 8.503261e-07 7.411186e-06 1.7189333e-06 7.8543746e-07 7.228409e-07 8.435689e-05 2.7527326e-06 2.7167132e-06 4.7068377e-07 1.7739922e-06 2.4793903e-07 0.000104293 0.00026315651 2.285468e-07
0.00049040717 9.286775e-05 0.0008890359 0.0006258537 0.000118330114 0.00026191567 0.08704084 0.008133982 1.0046747e-05 9.776885e-07 5.223397e-07 2.3000796e-06 0.00022008087 0.0018664702 1.5427719e-07 2.2000638e-06 0.99393183 0.00012268005 1.7982701e-06 5.418278e-06 4.034716e-07 0.00014708414 4.1375106e-06 4.0088344e-07 8.008434e-05 6.271449e-20 0.9999512 4.840798e-06 2.5080294e-06 2.3944818e-08 1.3819692e-07 4.9692044e-08 6.780341e-09 7.763806e-06 8.39813e-07 0.0017219804 1.2937645e-07 2.4240487e-07 4.811053e-06 0.43539265 8.5429965e-06 2.1220052e-07 6.8146314e-06 7.533781e-09 2.2908305e-06 4.4773628e-07 4.413955e-05 3.1109125e-06 1.9714635e-05 1.3898075e-06 0.0010443538 6.0679234e-08 8.030983e-08 2.0558817e-08 6.6760526e-06 8.0920375e-07 3.1356766e-08 3.220258e-05 1.8477245e-05 2.068197e-07 6.196269e-05 4.147367e-08 1.0327597e-05 0.0045577125 5.7819257e-06 1.9372214e-06 2.2027854e-07 5.240334e-06 7.5954046e-07 1.4620592e-07 4.43194e-07 3.707753e-07 1.394173e-07 4.9514892e-06 2.4357778e-08 3.0092204e-07 6.2631227e-07 1.6171432e-08 1.0509693e-06 1.6110545e-07 1.83632e-05 1.1133447e-07 3.9028833e-07 3.3290235e-07 9.424611e-07 1.7792852e-08 2.331277e-06 2.333929e-06 5.798875e-07 2.0284962e-07 3.491692e-07 4.451918e-07 4.1066787e-06 1.0050929e-06 6.4661583e-07 1.139986e-07 2.9386246e-08 2.0314998e-08 1.4792907e-05 5.86534e-05 1.8852404e-09
0.0047458154 3.1192147e-05 0.0021661813 0.00029711556 3.9754224e-05 0.00048743052 0.61773854 0.3190449 1.8775667e-05 6.945679e-06 1.30865e-06 3.7938375e-07 0.0022835825 0.0002389386 1.5222328e-06 2.5375895e-05 0.8291634 0.0011399416 1.6616179e-05 2.3013006e-05 2.7856324e-06 0.0030899802 3.408616e-05 9.332672e-06 0.0007733667 0.9999512 9.463643e-19 0.00028289927 3.1093186e-05 2.1087392e-07 1.4570129e-06 8.824264e-08 3.2388638e-07 0.0010658907 1.0016224e-06 0.033188254 2.1320473e-06 4.2023882e-07 3.1191965e-05 0.8990458 0.00043131784 2.1397757e-06 0.00029053362 1.0400744e-06 0.000118473974 3.5187707e-06 0.0020499735 2.5617592e-05 0.0011155785 4.2855613e-06 0.02056314 3.9163467e-07 3.2179588e-07 2.5842456e-07 0.0010291269 1.5949502e-06 9.5202545e-08 0.0025274954 0.0004457086 1.378366e-06 0.007136407 7.8542286e-08 8.921648e-05 0.07105772 0.0012131041 1.7436223e-05 1.7566049e-06 1.507495e-05 0.00064262614 2.581925e-07 0.00043404533 4.4463852e-07 7.84519e-05 0.0001971876 2.8638658e-06 7.0666836e-05 1.3178527e-06 1.2414692e-05 2.2210193e-05 6.448291e-06 0.00032246145 5.2755546e-08 2.0001447e-05 2.1367393e-06 1.9976378e-05 3.205222e-08 8.02334e-05 3.080209e-05 5.4549787e-07 3.15936e-06 1.7018512e-05 0.00015703861 3.2418845e-06 1.3107489e-05 2.4921466e-05 5.007687e-06 1.0976174e-07 6.3945777e-06 1.0271775e-05 0.00016080146 8.6375586e-08
0.81598336 0.0010530658 0.021598551 0.021604732 0.02051266 0.05228956 0.03001402 0.28564855 0.0003025163 0.012584379 3.050412e-05 3.4984703e-06 0.53507316 1.1372822e-07 1.1604344e-05 0.010430305 0.0029923334 0.8607991 0.12811857 0.34178516 0.017790666 0.8108967 0.83733493 0.49709627 0.93855876 4.840798e-06 0.00028289927 3.2984191e-15 1.0802156e-06 0.017216142 1.0825169e-07 1.28683305e-05 1.3010627e-08 0.95820045 3.140492e-06 0.020727605 0.55338365 1.7137374e-05 0.8438405 7.838399e-05 0.71234787 0.008786464 0.6611183 3.1613251e-06 0.6730004 4.9354458e-06 0.18839402 0.45136335 0.052559655 0.013375334 0.0004576901 0.00014109374 3.9709114e-08 1.5891796e-09 0.048292477 2.033949e-07 2.4202986e-06 5.767356e-05 3.5116204e-06 1.4994053e-07 4.6828773e-06 0.010884711 0.042942237 1.4486077e-05 5.592886e-06 0.023404771 9.9160105e-05 0.00041723065 7.997599e-06 4.539428e-06 5.72153e-05 2.4113515e-05 6.32461e-05 0.004279964 1.8977774e-07 1.0415468e-05 3.1513407e-06 4.3288205e-07 0.007948124 0.0001833028 1.0679836e-05 1.0099056e-06 2.4894101e-05 6.37178e-08 1.6297747e-05 9.741077e-08 2.7029314e-06 9.438625e-07 1.7406076e-06 2.6580917e-06 9.594543e-07 2.0304228e-06 0.00031807795 7.0172987e-06 2.4482283e-06 3.8437085e-07 4.9161245e-06 1.7269849e-06 0.00037501214 0.0007887696 3.9092345e-07
0.89126384 0.011882033 0.000576456 0.00026670273 0.00043631715 0.00061353156 0.0005874429 0.00026906817 0.031122733 9.851415e-05 0.009620482 0.9175011 1.4015563e-06 0.2676286 0.20959018 0.00022371364 0.00016331005 4.21014e-06 1.865809e-05 4.676776e-06 0.0005252179 2.3563382e-06 6.570391e-07 3.4876737e-06 2.507962e-06 2.5080294e-06 3.1093186e-05 1.0802156e-06 2.931534e-14 0.0016066948 0.90406656 0.21309678 0.9625005 3.5066887e-07 0.9188019 0.0001287046 2.2852324e-05 0.7336848 1.5836388e-06 0.00072080235 6.378711e-08 0.00200045 5.3291024e-07 0.60336 2.1918502e-06 0.38458803 1.5537388e-06 7.9303194e-05 1.4867612e-07 0.00046950227 0.00013207427 0.21258141 0.005695549 0.0119316215 3.7038373e-07 0.26095945 0.23186931 1.7291107e-06 5.4993412e-05 0.1080235 0.00030942692 0.015322186 1.18929665e-05 0.00026137443 2.7530697e-07 0.00014545972 0.0647474 0.13860507 5.1244933e-05 0.13511498 7.408106e-06 0.10082108 7.3163574e-07 5.2603948e-05 2.2532442e-06 7.127604e-07 0.0070504206 4.445234e-08 0.000616328 3.9144838e-05 0.00024958723 1.1534486e-06 3.838231e-06 5.4427983e-05 0.029237363 1.2981527e-06 3.1670857e-06 2.0388247e-06 0.00015624984 1.762784e-06 1.0056691e-06 6.995099e-07 0.013561616 2.1675005e-06 5.624232e-07 4.056226e-08 5.939138e-07 3.597048e-07 0.008185434 0.00045426306 1.08013e-08
0.83353716 0.025077658 0.017385788 0.0038936418 0.003061878 0.10860385 5.6281762e-05 0.005254379 0.23238528 0.5900805 0.17991515 0.008977009 0.018124064 1.3804137e-05 0.42535573 0.7665577 1.9351683e-06 0.012638544 0.6570911 0.41512373 0.9326059 0.000553869 0.34036812 0.7900194 0.0012681048 2.3944818e-08 2.1087392e-07 0.017216142 0.0016066948 2.7206171e-14 0.0010692872 0.73327106 9.368773e-05 0.0005453634 0.00017717975 8.448393e-05 0.6745398 0.024552165 0.055861186 9.81693e-07 0.00023729335 0.96340895 0.00046581548 0.0010422554 0.0028056817 0.0034834708 5.2575368e-05 0.033704188 3.6074039e-06 0.6203547 3.680701e-06 0.17781274 8.048312e-08 1.3179744e-08 5.6194253e-06 5.222541e-05 0.0011458033 4.7436544e-07 1.9918717e-07 9.917609e-05 7.427559e-08 0.35546985 0.0034412374 1.5394011e-06 4.077877e-08 0.004643162 0.017297756 0.06065497 1.9746923e-07 0.0013349509 3.1794477e-06 0.0035838466 1.412073e-05 0.0008019046 7.590262e-09 9.679861e-07 0.00064986176 7.763627e-08 0.00760465 0.00013831764 6.320278e-06 1.4543649e-05 7.452748e-06 7.688341e-08 0.00028759718 3.4022827e-07 1.5965512e-06 2.967552e-07 1.2661421e-05 1.7922094e-06 7.849133e-07 6.3053704e-08 0.004368018 3.0907327e-06 6.430224e-08 7.960207e-08 1.1623965e-06 2.552441e-07 0.00841978 0.00083573995 8.380484e-08
