1.07413926e-19 0.9727909 0.8898217 0.98581445 0.99166554 0.8703298 0.95832247 0.9843912 0.8222543 0.9740725 0.84925395 0.941384 0.9480124 0.83770716 0.9713102 0.687144 0.5615662 0.5335367 0.833643 0.33431593 0.74580896 0.8071627 0.60766053 0.6275537 0.9568073 0.9324208 0.25609106 0.39014012 0.25633094 0.50653625 0.87659746 0.17252581 0.96899676 0.9745168 0.9669847 0.7970294 0.4557249 0.9417866 0.89069813 0.94151896 0.7790636 0.63769454 0.940745 0.8307236 0.1981248 0.15684901 0.80178225 0.9749266 0.36522934 0.06288084 0.5045754 0.44765443 0.018569259 0.8389939 0.3954027 0.014966334 0.10263661 0.7650106 0.010149405 0.9718171 0.94828886 0.99357307 0.0076798596 0.91851974 0.98363334 0.00698226 0.0075410996 0.20008543 0.60054886 0.026847642 0.9936672 0.8415526 0.00040845192 0.00045330927 0.8547146 0.15715703 0.63646036 0.0017600805 0.9794859 0.00039418027 0.03461433 3.875818e-05 7.635844e-05 0.0022707167 0.0202025 0.39771435 0.17456126 0.03857915 0.20633613 0.9166646 0.02448135 0.99995667 0.9999916 6.496725e-05 0.022922805 0.9450481 0.9996351 0.37126136 0.99358135 0.0002284349 0.9168788
0.9727909 4.3662505e-13 0.88263327 0.8949485 0.76835716 0.94009054 0.38599315 0.028756078 0.026547391 0.12282439 0.16154394 0.69044846 0.000975767 0.0019006005 0.048682485 0.8176175 0.399174 0.42373353 0.1095913 0.3520735 0.7112024 0.0066637206 0.0015687703 0.00069648016 0.41210055 0.75903803 0.0076748375 0.008161914 0.06795991 0.25133005 0.0022189564 0.0072937305 0.000905212 0.000318314 0.0014791131 0.20873663 0.30988285 5.9434846e-05 0.0006146249 6.313329e-05 6.446867e-05 0.0012208197 0.056664567 0.04368365 0.13722973 0.011128687 1.576921e-05 0.3274221 8.84115e-05 0.10870656 6.872125e-05 2.4366946e-05 0.05150894 2.636692e-06 6.761848e-05 6.632548e-05 6.245003e-05 1.2909669e-05 8.595507e-05 0.07826876 0.038569383 0.0012837988 3.2737847e-07 1.5044085e-07 0.049225464 0.006264641 0.0014676753 3.3875578e-05 0.00015338414 4.3301956e-05 0.000260579 0.00013203699 4.297215e-05 0.00053791807 4.6102846e-06 6.972062e-07 1.262119e-07 6.254438e-07 0.00023427421 0.00014904332 3.916502e-06 7.992679e-05 0.00028795475 0.00042007517 5.119408e-05 4.1117437e-07 2.5167517e-07 4.9575037e-06 0.00037011044 8.507593e-05 4.6114806e-06 0.025725672 0.03237363 4.7385583e-05 5.4148895e-06 0.002284637 0.011506597 2.6974617e-06 2.6235426e-05 5.5811614e-07 8.192943e-08
0.8898217 0.88263327 2.9103324e-16 0.96467644 0.16429918 0.3014351 0.75620896 0.20121217 0.10139806 0.005761211 0.0059781442 0.57287264 0.008175866 0.013073672 0.03592196 0.9411626 0.046394914 0.8197671 0.0034420548 0.5202627 0.42652282 0.032776527 1.4990952e-05 4.7869567e-06 0.07280633 0.59958726 0.00070109614 0.00031055772 0.2270378 0.025813097 1.5874939e-05 0.02376218 1.3107227e-05 0.00021617801 1.1045268e-05 0.010601548 0.1948244 9.217865e-08 0.0014920188 1.9559255e-05 4.0705817e-07 3.4908902e-05 0.005147978 0.0013867551 0.16679522 0.03666753 7.889528e-06 0.057239898 0.0002618415 0.016147433 6.2489824e-05 4.121409e-07 0.019307736 2.3190125e-06 1.7667784e-07 1.3320068e-06 0.00040770936 3.6838436e-08 2.6313654e-07 0.017018588 0.0104731005 3.1794312e-05 2.8369662e-09 1.0716799e-07 0.0053939624 0.011035936 0.008121863 1.1608871e-05 4.5732772e-06 6.605874e-06 4.2441848e-06 1.4641138e-06 0.00021429574 0.0013405727 1.16290046e-07 5.2859673e-07 2.3853966e-08 1.3936318e-07 0.00013973431 6.022222e-05 1.4042865e-07 0.00023515166 0.00066189945 0.00015844697 8.4173575e-07 4.7107104e-08 1.3254104e-09 1.4567071e-08 1.2837308e-05 8.408296e-06 4.133149e-06 0.004742402 0.0008543062 0.0005497291 1.3706166e-06 0.0010327691 0.0032341124 3.4045755e-08 1.1770029e-06 7.126184e-07 9.5078185e-09
0.98581445 0.8949485 0.96467644 8.698785e-11 0.30562502 0.4379376 0.65821326 0.11508592 0.31031653 0.0186537 0.013904971 0.793712 0.008636654 0.014061842 0.06687639 0.73384714 0.048419032 0.6350263 0.0077484837 0.46958336 0.32795745 0.061527416 0.00049454794 0.00012893249 0.408205 0.756147 0.00177963 0.0014684062 0.25982687 0.07639326 0.00023128928 0.055711202 0.00040853352 0.000354285 0.0005757984 0.034714628 0.28560156 8.917229e-06 0.00439906 0.00019158323 1.4988209e-05 0.00041030243 0.009512768 0.006179459 0.33394074 0.088438824 2.1709893e-05 0.21588863 0.00039716542 0.011017549 0.00025166236 9.585695e-06 0.01369151 5.4890475e-06 4.188389e-05 2.2176962e-05 0.00051234406 8.392394e-06 2.305215e-05 0.06319631 0.04080406 0.0003965368 1.543911e-07 4.180902e-07 0.01021312 0.019979762 0.006350533 3.1798318e-05 4.9841816e-05 5.393e-05 5.4003234e-05 1.6479798e-05 8.027841e-05 0.00015271897 2.3072528e-06 1.1352136e-05 1.8130198e-07 1.69276e-06 0.00014046999 1.2198699e-05 1.653004e-05 0.00012956679 7.0596776e-05 9.9659155e-05 6.2206063e-06 9.625236e-07 4.2554538e-07 1.0763126e-05 6.817436e-05 4.836006e-05 3.2937867e-05 0.019984422 0.014972074 0.00011742236 3.624804e-05 0.0028171022 0.012497234 4.3087707e-07 2.9813964e-06 2.147021e-05 5.4901363e-08
0.99166554 0.76835716 0.16429918 0.30562502 3.2634537e-13 0.9287487 0.028533086 0.0032040596 0.0025110187 0.6585486 0.66946936 0.18269806 3.2210723e-05 3.869111e-05 0.0044409377 0.40286025 0.6991905 0.03049544 0.6978482 0.091716155 0.74927455 0.0007121642 0.027471397 0.013479789 0.13155386 0.6102322 0.0948724 0.1420506 0.008795394 0.6757652 0.09815791 0.0009315434 0.009028402 3.5830417e-05 0.011852665 0.78619325 0.2263763 0.0003888973 0.00010807536 6.096386e-06 0.0004458991 0.071548134 0.122217506 0.56279576 0.030833289 0.00088281627 3.1771744e-06 0.19353324 2.103491e-05 0.3440378 5.8501532e-06 0.00016149765 0.052818995 3.4328409e-07 0.0006970021 0.0004250411 6.650419e-06 5.844357e-05 0.00023557228 0.036139544 0.026223427 0.002597383 1.6931459e-06 5.0988483e-08 0.08245664 0.000916685 0.0005018121 4.9473633e-06 0.0003546168 0.00052206387 0.00069496635 0.00031416872 1.2497e-05 0.00010450496 9.667429e-06 7.1980514e-07 4.808562e-08 5.73577e-06 3.7740843e-05 0.00021995645 2.0197276e-06 2.847394e-05 0.00038622873 0.0022193862 0.00919546 3.3899974e-07 1.51959e-06 2.3162243e-05 7.6928416e-05 0.000294462 8.050384e-06 0.017324286 0.06934142 8.4960804e-05 9.558327e-06 0.0011810503 0.007350701 6.2563527e-07 6.14406e-06 1.02079e-05 1.2987534e-06
0.8703298 0.94009054 0.3014351 0.4379376 0.9287487 1.0097634e-15 0.061476726 0.009555052 0.0033728054 0.39260614 0.76016873 0.08796904 6.245867e-05 6.05298e-05 0.0048627816 0.46971986 0.9166533 0.044612188 0.7664079 0.057814825 0.7634836 0.00031407137 0.011867849 0.0060396264 0.03240041 0.2217685 0.10001285 0.08573465 0.008719597 0.34847546 0.013789388 0.00076431583 0.002840252 3.9496877e-05 0.0021615578 0.38451898 0.07525313 0.00030522267 0.00010843866 3.832598e-06 0.00024317326 0.0071996558 0.032668196 0.16457936 0.018627556 0.0008975891 1.3742559e-05 0.051291443 2.2041093e-05 0.18716405 4.939444e-06 0.00015283337 0.045000277 3.8084122e-06 5.5068933e-05 0.00014417944 7.0639576e-06 2.3142748e-05 0.00021079923 0.010581745 0.0056632487 0.0012713579 4.857249e-07 1.6362627e-07 0.02687794 0.002132627 0.0009124983 5.252903e-06 7.2988376e-05 0.00018299853 0.00039792634 0.00011855648 8.255063e-07 0.0010802821 4.484044e-06 5.1409078e-08 2.5528971e-08 1.0258769e-06 0.00011717291 0.0011401911 7.260858e-08 8.954807e-07 0.0031316064 0.0056512095 0.0029942575 1.5438242e-07 1.0168606e-07 1.7231007e-06 2.2625572e-06 0.00012605789 1.1510684e-06 0.006429302 0.015472682 0.00018151676 3.6327077e-07 0.0008233184 0.003619769 9.554326e-08 4.765971e-06 7.184281e-07 2.6967737e-07
0.95832247 0.38599315 0.75620896 0.65821326 0.028533086 0.061476726 1.7291744e-14 0.92384076 0.8985478 0.0020914383 0.0040522525 0.9238493 0.33519736 0.2891683 0.8329986 0.4909053 0.0059347507 0.7200042 0.0009759098 0.2517709 0.03766868 0.38005203 0.00012656611 2.3633522e-05 0.3721491 0.30372238 0.0004586042 0.00017836737 0.2684009 0.0043235254 1.2541617e-05 0.31994358 0.00010180955 0.02420376 0.0002674095 0.0020670476 0.013135935 5.278139e-07 0.05192881 0.0037646608 1.5240994e-06 4.9801616e-05 0.0098334085 0.0002676986 0.05716893 0.17608431 0.0014835511 0.24392852 0.0036683837 0.00049605407 0.0065104943 1.3897412e-06 0.00090065895 0.0004312372 5.7372313e-06 3.3617357e-06 0.005595615 5.735751e-07 1.3441635e-05 0.11862837 0.15968345 0.00019552496 1.7128319e-07 4.410529e-05 0.009151354 0.0048845545 0.012082214 0.0002765753 4.6211066e-05 5.3114e-05 3.68275e-05 9.816785e-06 0.0008939014 4.6447094e-05 1.3441513e-06 4.5364264e-05 8.622392e-06 1.80895e-06 0.0008506462 1.7266646e-05 7.546322e-05 0.00031144006 6.60894e-05 0.0001110605 4.6306996e-06 8.863671e-06 9.4843685e-08 1.557354e-06 0.0009573878 1.7655508e-05 0.00016992913 0.036222022 0.009935961 4.9187904e-05 9.8160315e-05 0.010967716 0.037193634 1.8360975e-05 0.00011251635 1.079801e-05 1.7950395e-09
0.9843912 0.028756078 0.20121217 0.11508592 0.0032040596 0.009555052 0.92384076 7.637706e-13 0.95401883 7.842078e-05 0.00037897067 0.4581279 0.7998719 0.71067214 0.7745027 0.14271133 0.00167656 0.49389058 0.00037754615 0.13482109 0.01595577 0.7455883 5.0109884e-06 4.7454506e-07 0.08060185 0.24831855 0.00019334802 4.2657502e-05 0.29113382 0.007960778 8.131426e-06 0.4807629 3.641787e-06 0.054536425 5.4288507e-06 0.005758008 0.01797024 7.14533e-08 0.4311042 0.014467737 1.8620723e-07 6.0332874e-05 0.00084205746 0.0006492826 0.10879654 0.46944377 0.0015371573 0.07559553 0.06251562 0.00056561857 0.037465166 2.5198426e-07 0.00081238226 0.00044647607 1.7690082e-06 3.099195e-06 0.10376647 9.559338e-08 1.5319217e-06 0.08058771 0.115476884 8.519191e-06 1.0360604e-07 0.00014564017 0.0024856075 0.008241586 0.025601193 0.00040178862 3.1087238e-06 4.824881e-05 4.2830706e-07 2.092181e-07 0.0017897057 3.0203615e-05 3.3933583e-07 0.0005870769 2.4230503e-05 1.0315013e-06 0.0014330572 6.6030207e-06 0.0001417061 0.00022305449 1.1074242e-05 4.2008018e-05 2.2115833e-06 3.135439e-05 1.5840149e-08 2.5232205e-06 0.0005433253 6.8402587e-06 0.0006002615 0.0154312225 0.0022075565 7.0729e-05 0.00045398046 0.008151039 0.025068944 1.04433175e-05 0.00015734712 2.0054564e-05 9.58328e-10
0.8222543 0.026547391 0.10139806 0.31031653 0.0025110187 0.0033728054 0.8985478 0.95401883 1.8195103e-16 2.102414e-05 5.329499e-05 0.21552171 0.33782694 0.4868694 0.2176668 0.35060748 0.00055763655 0.8552495 6.56627e-05 0.20243268 0.00845281 0.96590525 3.815845e-07 9.653112e-08 0.011962937 0.19016446 4.4485954e-05 5.298476e-06 0.5390241 0.002828391 1.0822671e-07 0.774603 1.3454395e-07 0.006186503 7.4255087e-07 0.0010577758 0.03873103 3.8034123e-09 0.14569817 0.0019934482 3.9855635e-08 1.5340519e-06 0.00024688352 7.93722e-05 0.187167 0.6188974 0.00046556495 0.014472815 0.021009006 0.0014896757 0.007065444 9.2894524e-08 0.005196106 0.00012023699 4.768576e-08 1.822671e-07 0.05938826 6.371522e-09 2.3870625e-08 0.011543775 0.017442113 1.9637876e-06 1.0248349e-09 2.0159434e-05 0.00037085876 0.037290055 0.068445146 0.00024776164 2.983127e-07 7.907569e-06 4.2490345e-07 5.8110516e-08 0.009240487 0.000904341 2.1006853e-08 0.0002566896 8.492312e-07 7.321854e-08 0.00040483742 3.4769351e-07 9.604509e-06 0.001347964 1.0783284e-05 1.5773053e-06 4.1945802e-07 7.116574e-07 1.8283856e-08 3.065417e-08 0.00013164384 2.178701e-05 0.00069711875 0.0023507194 0.00027904345 0.00182981 9.263502e-05 0.0013228549 0.0040976405 6.0654384e-07 0.00010361223 0.00019484236 3.6765506e-08
0.9740725 0.12282439 0.005761211 0.0186537 0.6585486 0.39260614 0.0020914383 7.842078e-05 2.102414e-05 8.133421e-15 0.9869866 0.052604143 9.183912e-07 1.0789287e-06 0.00045638366 0.0021519174 0.067305826 8.5081614e-05 0.13443896 0.0003758259 0.0119543495 7.3441237e-07 0.60184187 0.49942347 0.324257 0.007665715 0.059453145 0.079997614 7.831607e-05 0.011564871 0.16379027 8.0935973e-07 0.42992947 1.5099014e-06 0.5330254 0.07454132 0.0003954152 0.06538216 2.5392285e-07 2.3805754e-07 0.054751374 0.04851985 0.79389083 0.056490745 1.9417372e-05 1.6711499e-07 3.08975e-07 0.4444946 1.8737546e-07 0.002830787 9.8285305e-08 0.0033630736 0.00013259955 4.1907742e-07 0.016054427 0.0027303144 2.6990404e-07 0.0012881181 0.0043508187 0.060937345 0.029744808 0.12670241 0.00027412738 3.170352e-08 0.46998417 2.7373706e-06 1.691624e-06 1.9288879e-07 0.0012049614 0.0012954178 0.009237201 0.0016177142 9.697013e-08 1.5916748e-05 0.0001493206 2.497707e-07 1.4483051e-07 7.978398e-05 2.5832673e-05 8.150121e-06 1.8718292e-07 2.0031273e-06 1.2108673e-05 0.00021108188 0.0007933243 2.757855e-07 3.5925914e-05 0.00022677505 1.8126551e-05 0.00064619636 7.0399176e-07 0.05087003 0.26908 3.3529166e-05 7.2166695e-06 0.0028480338 0.01323224 1.2577287e-07 8.133559e-06 3.940284e-06 1.45226095e-05
0.84925395 0.16154394 0.0059781442 0.013904971 0.66946936 0.76016873 0.0040522525 0.00037897067 5.329499e-05 0.9869866 1.2194855e-15 0.0097458735 1.1692191e-05 6.3422617e-06 0.00046133943 0.008084607 0.45124 0.000508085 0.78843564 0.0011145351 0.04818138 3.8302996e-06 0.80856144 0.6204952 0.012847388 0.0064435643 0.58903396 0.61503994 0.0002936608 0.019440612 0.7664185 9.657358e-06 0.11404547 1.3072997e-05 0.053888988 0.14449711 0.00035912637 0.032834817 1.5599954e-06 1.6945188e-06 0.15339611 0.18408199 0.112653956 0.10152662 2.2758804e-05 5.5526095e-07 4.5022166e-06 0.043449152 7.295058e-07 0.003988138 1.0281212e-07 0.00245475 0.00016107266 1.3870203e-06 0.015267226 0.008032816 6.56999e-07 0.001855526 0.011870633 0.009754678 0.0060222424 0.014552243 3.9051396e-05 1.3607066e-08 0.079600036 2.584996e-06 3.6710258e-06 1.3937822e-07 0.00054954825 0.0013096208 0.0030265786 0.0004268359 9.35551e-08 7.979985e-06 2.6693491e-05 7.197513e-08 1.7195292e-07 3.846041e-05 7.991157e-06 6.158712e-05 1.824056e-08 2.0270632e-07 7.375435e-05 0.0015738712 0.0043473653 3.6446207e-07 1.9366202e-05 9.5073934e-05 8.6956925e-07 0.0005146761 3.0257743e-06 0.0072106607 0.06778878 3.4679392e-06 9.135269e-08 0.0003337914 0.0069181058 6.7730775e-07 1.0870491e-05 9.7145815e-08 7.434448e-06
0.941384 0.69044846 0.57287264 0.793712 0.18269806 0.08796904 0.9238493 0.4581279 0.21552171 0.052604143 0.0097458735 3.4076266e-13 0.23218979 0.07065467 0.876058 0.11038907 0.0035184743 0.11646365 0.0011526085 0.0573201 0.014292339 0.032013964 0.0012306814 0.0003388899 0.97264946 0.046377208 0.0005274808 0.00037434843 0.030392233 0.0011803668 0.000100354235 0.0138237355 0.002758571 0.027344802 0.006464343 0.0013871586 0.0018503511 5.9692393e-05 0.008503064 0.0020445895 0.00012585489 6.3893815e-05 0.07293893 0.00028069236 0.0064415396 0.009970817 0.0010085079 0.41260254 0.00037067154 0.00010590971 0.0024848918 5.5490735e-05 0.00048434903 0.00054940523 2.2680131e-05 6.704509e-06 0.0004314073 5.4799333e-05 9.403124e-06 0.24030744 0.17474408 0.00559652 2.8975126e-07 0.00012555302 0.01973863 0.00013867625 0.00086741586 0.0001991379 0.000599619 5.6583217e-06 0.0007569303 0.00018422391 7.201637e-05 1.0134617e-05 5.7568245e-06 2.2841593e-06 6.101673e-06 1.4394545e-06 0.0016677612 9.005022e-06 2.588145e-05 5.041871e-05 1.9220093e-05 8.533002e-05 1.2039579e-06 1.925283e-06 5.7418947e-06 2.3516903e-05 0.0007195609 0.00075571716 9.6819795e-06 0.058289036 0.033078402 6.246975e-05 9.559782e-05 0.012078653 0.045624472 1.30375e-05 0.0002621973 3.3021893e-06 9.747541e-07
0.9480124 0.000975767 0.008175866 0.008636654 3.2210723e-05 6.245867e-05 0.33519736 0.7998719 0.33782694 9.183912e-07 1.1692191e-05 0.23218979 3.812361e-16 0.98896194 0.91587096 0.0013666749 6.2871413e-06 0.041521214 2.7855633e-06 0.003280725 3.4220055e-05 0.47746116 8.7646654e-08 2.8726328e-08 0.060565464 0.0060005775 1.938763e-06 3.1820036e-07 0.013453851 4.4285858e-05 2.8038464e-08 0.10915889 2.3062066e-07 0.5801284 3.2626016e-07 1.4380545e-05 7.778157e-05 1.9918032e-09 0.648221 0.3517063 1.0281501e-08 5.716594e-07 0.00031164268 1.4229815e-06 0.00050909317 0.08335104 0.08841527 0.13437493 0.16216768 4.1739004e-06 0.3713403 6.0044143e-09 7.5170633e-06 0.044123653 1.1906045e-08 1.5549995e-07 0.08977491 1.6109176e-09 1.05143904e-07 0.12516464 0.33896324 1.8943554e-06 7.262835e-09 0.005404343 0.0012867516 0.00022860557 0.0066698547 0.029595958 1.947802e-07 4.188227e-06 1.2261037e-07 1.2125943e-08 0.0012163819 4.3919667e-06 5.2898624e-08 0.015746979 0.000100041005 1.3565371e-08 0.013251556 1.823255e-07 0.0014961289 0.00016405307 1.9918934e-06 8.340437e-06 1.193586e-07 0.00049560645 5.0014557e-09 1.0474696e-07 0.0116799055 1.7048052e-06 0.010200976 0.021270238 0.0010529754 1.087045e-05 0.0012521906 0.0131193595 0.047893398 0.00011182381 0.0019298202 6.0840764e-05 3.6924996e-10
0.83770716 0.0019006005 0.013073672 0.014061842 3.869111e-05 6.05298e-05 0.2891683 0.71067214 0.4868694 1.0789287e-06 6.3422617e-06 0.07065467 0.98896194 2.159831e-17 0.60846406 0.0028748626 2.2424818e-05 0.122401945 1.6782259e-06 0.009795272 0.00013221757 0.900959 2.1846752e-08 6.4526295e-09 0.013472701 0.0036815773 3.687584e-06 4.7022118e-07 0.0584329 6.468817e-05 6.582282e-09 0.31371316 4.1049244e-08 0.20552091 1.7926513e-07 2.0872309e-05 8.6092245e-05 1.1814535e-09 0.9390164 0.18723479 4.010222e-09 2.8651814e-07 8.88606e-05 5.068095e-07 0.0014511243 0.13839406 0.048819575 0.025269309 0.1936753 5.9469285e-06 0.57037663 6.189334e-09 1.1049692e-05 0.023304475 3.4395143e-08 4.3819878e-08 0.15359576 1.0397356e-09 5.2692496e-08 0.030800447 0.07262914 1.4130891e-06 1.2335254e-09 0.0036118568 0.00043457735 0.00031460708 0.01673184 0.045365892 3.6852498e-08 4.3688717e-05 6.769283e-08 5.694893e-09 0.007814781 5.5334444e-06 5.2808904e-08 0.008807964 9.47978e-05 5.678532e-07 0.004739289 3.1105e-06 0.0027213178 0.00048114156 2.9513192e-06 3.3253855e-06 1.7391575e-06 0.0006792717 4.9802114e-08 7.4312716e-08 0.009153571 4.116658e-06 0.0110966815 0.0040156036 0.00031360117 1.1901794e-05 0.0014062753 0.0042379526 0.012090813 0.000108396074 0.00090364175 0.00018364542 5.8479604e-10
0.9713102 0.048682485 0.03592196 0.06687639 0.0044409377 0.0048627816 0.8329986 0.7745027 0.2176668 0.00045638366 0.00046133943 0.876058 0.91587096 0.60846406 8.378546e-13 0.0062757456 0.0002931666 0.036334112 8.255938e-05 0.004427946 0.00041457618 0.093391605 9.303848e-05 2.431242e-05 0.6151667 0.004660408 7.713507e-05 6.982536e-05 0.005106553 0.00034779997 2.0188698e-05 0.02790746 0.00015357647 0.8533526 3.462604e-05 0.0002986812 0.00019187924 2.3671203e-06 0.12601806 0.28666475 1.7127293e-05 0.0001184959 0.0078103095 5.4957076e-05 0.000461598 0.0067876503 0.04818583 0.28073415 0.008961954 6.032868e-05 0.07153778 1.9142111e-05 0.00010074797 0.026403071 3.0536355e-06 1.0233549e-06 0.0027416884 6.7846395e-06 1.9387257e-06 0.48903424 0.8699277 0.00015293775 1.0081144e-07 0.003734659 0.006132075 0.00025830246 0.001813653 0.0030984592 0.00013219853 4.910148e-05 2.9048444e-05 3.0802767e-05 0.00059103844 6.707589e-05 4.675182e-05 0.0006248379 0.0005994395 5.702723e-06 0.01086656 5.5765668e-06 0.00062861404 0.00013026521 8.479855e-06 6.1639534e-05 5.4010575e-06 0.0005127945 4.8647894e-06 1.562438e-05 0.008892636 0.00018361703 0.00035724236 0.09666459 0.010063127 0.00012249427 0.00078206405 0.062515706 0.14294618 0.00010109503 0.0010413189 8.892512e-05 2.7380233e-08
0.687144 0.8176175 0.9411626 0.73384714 0.40286025 0.46971986 0.4909053 0.14271133 0.35060748 0.0021519174 0.008084607 0.11038907 0.0013666749 0.0028748626 0.0062757456 1.817074e-18 0.038714167 0.82900876 0.0007205597 0.9732631 0.7953983 0.017761694 0.00015448929 5.890251e-05 0.020325083 0.87513924 0.00014921611 0.00015026587 0.26864284 0.047269065 1.3301922e-05 0.013528927 3.792883e-05 0.00014239116 2.8628845e-05 0.00247259 0.36868 1.1079364e-07 0.00011307162 6.918408e-06 1.5517841e-06 2.3391352e-05 0.0025531314 0.0001404172 0.31372193 0.013781199 4.350069e-06 0.010225277 2.7053413e-05 0.018721728 3.9600845e-06 8.249366e-07 0.041904498 1.6887336e-06 6.772405e-07 4.749915e-07 6.5908505e-05 4.1555842e-07 5.697501e-07 0.0016009645 0.001200029 4.3881882e-05 1.1045303e-08 2.981834e-08 0.001797871 0.018645627 0.0050737467 3.6066297e-06 7.4502327e-06 9.149613e-06 6.023161e-06 2.8497668e-06 2.0385516e-05 0.0028443856 1.5924772e-06 9.2279055e-07 1.8560497e-07 3.8828873e-07 3.6093672e-05 1.9624595e-05 1.5472718e-07 6.256604e-05 0.00040690743 5.6997837e-05 1.0270262e-06 5.150791e-08 2.930141e-07 4.1593862e-07 3.4869439e-07 5.0577028e-06 1.1393237e-06 0.00039161457 0.001181092 0.000416578 1.8713821e-06 0.0002750405 0.00024786493 8.780545e-08 8.178505e-07 8.565541e-07 3.2345426e-07
0.5615662 0.399174 0.046394914 0.048419032 0.6991905 0.9166533 0.0059347507 0.00167656 0.00055763655 0.067305826 0.45124 0.0035184743 6.2871413e-06 2.2424818e-05 0.0002931666 0.038714167 2.211203e-16 0.00047537743 0.98184806 0.001926986 0.90984625 6.3057864e-06 0.013757508 0.007880381 0.0033016303 0.021111924 0.2796907 0.16654123 0.00043122855 0.6069951 0.012218026 4.0642128e-05 0.0024209302 5.8999453e-06 0.00033050973 0.7895533 0.006756707 0.00024993953 1.2220606e-06 1.0103826e-06 0.00017030293 0.020570014 0.0071907043 0.18021786 0.0016236556 1.6857031e-05 4.1347351e-07 0.005851348 3.3709043e-06 0.08074775 1.1774278e-07 6.0635768e-05 0.011186925 2.590639e-07 5.8498968e-06 0.0002376843 9.999817e-07 2.6384453e-06 3.2739474e-05 0.0004044785 0.000384687 0.0005531503 2.3759213e-07 4.2260133e-08 0.0059931343 0.00012589018 1.8675448e-05 9.446145e-07 6.4104934e-05 0.00033145383 0.0001851894 5.3539512e-05 1.2544392e-07 0.00028708501 8.990095e-07 4.406401e-07 1.7106527e-07 7.36917e-07 2.8594137e-05 0.001332779 7.4162486e-08 2.2287684e-07 0.0018763065 0.015419071 0.0054578516 6.121487e-07 1.9943712e-07 1.5416783e-06 1.0394863e-06 2.022757e-05 2.971946e-06 0.00039749904 0.004235296 1.5457012e-05 6.5001143e-07 0.00012328642 0.000250605 1.1073513e-07 5.588087e-06 9.557675e-07 2.3061593e-06
0.5335367 0.42373353 0.8197671 0.6350263 0.03049544 0.044612188 0.7200042 0.49389058 0.8552495 8.5081614e-05 0.000508085 0.11646365 0.041521214 0.122401945 0.036334112 0.82900876 0.00047537743 4.074148e-18 3.0295094e-05 0.968902 0.058064412 0.38370693 8.331158e-06 2.0683124e-06 0.010180825 0.42037052 3.3682074e-05 9.189786e-06 0.9701917 0.0022559892 1.0187496e-07 0.315384 2.3196785e-06 0.00076154195 2.59838e-06 0.00024391651 0.16747135 5.584715e-08 0.0018403516 0.00016458916 3.133932e-07 1.341205e-06 0.00030184857 3.8453422e-06 0.43850002 0.2357954 0.00020829488 0.0056698364 0.00025462086 0.00040159957 0.00012051676 2.2877184e-07 0.0068864147 7.8298595e-05 1.2950225e-07 9.719511e-08 0.0033764145 6.522621e-08 7.501379e-08 0.0012443349 0.0022359814 1.3083411e-05 3.3193126e-09 1.7205556e-06 0.0005144042 0.038437698 0.03321374 1.9331605e-05 1.3301549e-06 4.655465e-06 4.0342375e-06 6.2130255e-07 0.00055271655 0.0011935161 7.008433e-07 2.6748614e-05 3.6438664e-07 6.086327e-07 8.425752e-05 5.9209503e-07 4.7267065e-07 0.00040287295 3.7223926e-05 1.1071057e-06 3.1652604e-07 6.301863e-07 7.2947834e-08 2.8218022e-07 6.2835147e-06 1.3477943e-06 2.4225685e-06 0.00035903667 0.00064240274 0.000903366 8.035068e-06 0.00023162545 0.00061492337 4.2462636e-07 9.651078e-06 4.531443e-06 1.8320185e-07
0.833643 0.1095913 0.0034420548 0.0077484837 0.6978482 0.7664079 0.0009759098 0.00037754615 6.56627e-05 0.13443896 0.78843564 0.0011526085 2.7855633e-06 1.6782259e-06 8.255938e-05 0.0007205597 0.98184806 3.0295094e-05 2.9847067e-16 0.00014869378 0.113863684 1.4676535e-06 0.087538354 0.046623733 0.0012728573 0.0046738028 0.90503246 0.83551884 0.00016218232 0.15131438 0.34980935 5.1232983e-06 0.012270977 3.174346e-06 0.0021192683 0.74141276 0.0046145036 0.0030688136 2.7909277e-07 5.685077e-07 0.0011998665 0.24665427 0.009836301 0.6651809 0.00010508331 2.3557363e-06 1.4888733e-06 0.0038772635 4.150653e-07 0.09782266 2.9270606e-07 9.5443225e-05 0.0023300662 2.6317215e-07 0.00022178477 0.0043573673 1.7611372e-06 2.7325314e-05 0.0005277288 0.0004467527 0.00035178082 0.0008097273 5.42251e-07 1.59688e-08 0.009891191 9.89509e-06 5.6269173e-06 8.456704e-07 5.7557023e-05 0.0046984986 0.00022999612 5.0130744e-05 6.1792025e-07 1.5314594e-05 6.6715465e-06 4.2732094e-07 9.201511e-08 3.3039817e-06 6.3346574e-06 0.0009865946 2.0176648e-07 6.665992e-07 0.0004672403 0.04935657 0.11837632 7.627975e-07 7.8257983e-07 3.7082107e-06 1.0751447e-06 0.00015208848 2.6445466e-06 0.00048488608 0.0074984333 1.0084318e-05 2.6242567e-06 2.338573e-05 0.00037359816 4.312215e-07 1.7833063e-06 1.4789713e-06 4.9163027e-06
0.33431593 0.3520735 0.5202627 0.46958336 0.091716155 0.057814825 0.2517709 0.13482109 0.20243268 0.0003758259 0.0011145351 0.0573201 0.003280725 0.009795272 0.004427946 0.9732631 0.001926986 0.968902 0.00014869378 1.1608164e-16 0.33781397 0.04571447 5.688684e-05 2.823245e-05 0.0039112074 0.92301 0.0001184045 0.000149735 0.842119 0.015082645 3.838703e-06 0.032324 5.3873402e-05 0.0003625193 4.4826305e-05 0.0008251802 0.32082692 1.0605819e-06 0.0009358126 0.00010629351 2.608776e-06 2.448659e-05 0.00031733836 0.00012318275 0.5016989 0.034172438 4.7711394e-05 0.002881196 4.056244e-05 0.005798163 2.503039e-05 5.512752e-07 0.025103161 2.0499077e-05 6.7108004e-07 3.2440636e-07 0.0007344265 2.1889663e-07 4.9370016e-07 0.00038832249 0.00054541364 5.0006453e-05 3.0837725e-08 1.1739885e-06 0.0003759234 0.019253328 0.012543066 1.2559883e-05 7.3200604e-06 8.960235e-06 1.4695716e-05 2.6847197e-06 0.00039539355 0.0032558308 7.909246e-07 1.0091692e-06 2.3741048e-07 3.4383472e-06 0.00012211903 6.0360126e-06 2.3347869e-07 0.00028547994 9.0803886e-05 4.2547376e-06 9.434432e-07 2.9965454e-07 5.5610645e-08 1.4836436e-07 3.1243886e-07 3.4044297e-06 2.6281941e-06 0.00051494903 0.00066958705 0.0006508237 2.603162e-06 9.5864576e-05 0.00045292443 4.063306e-07 4.166992e-06 1.2839469e-06 3.7668133e-07
0.74580896 0.7112024 0.42652282 0.32795745 0.74927455 0.7634836 0.03766868 0.01595577 0.00845281 0.0119543495 0.04818138 0.014292339 3.4220055e-05 0.00013221757 0.00041457618 0.7953983 0.90984625 0.058064412 0.113863684 0.33781397 2.1107898e-16 6.61266e-05 0.00062511116 0.00035913973 0.004678601 0.83690304 0.0016161473 0.0014368425 0.0135081 0.9768558 6.174361e-05 0.0002636001 0.0006364068 3.536264e-06 5.1282525e-05 0.4746031 0.40373015 2.3197006e-06 3.7559353e-06 8.949795e-07 1.3036295e-05 0.0003650494 0.0029849513 0.026194515 0.073715545 0.00014899344 2.0929913e-07 0.0051976154 3.2825715e-06 0.37213024 1.6384473e-07 6.2968384e-06 0.22730696 1.9666277e-07 4.243236e-07 3.0570532e-06 2.5513107e-06 1.290968e-07 1.2390948e-06 0.0004010626 0.00025550215 8.371375e-05 3.5213755e-08 1.5378003e-08 0.0030670522 0.0042684465 0.0006061874 1.2089882e-06 9.253343e-06 9.7738375e-05 1.41617265e-05 3.1334705e-06 1.8993463e-06 0.003101682 2.2322143e-07 1.8740808e-08 7.473959e-08 1.013101e-07 2.4517365e-05 0.0013274436 6.7800606e-08 3.2007013e-06 0.0062042545 0.003298279 6.9856855e-05 4.2999778e-07 6.856476e-08 2.7627064e-07 6.0346684e-07 6.311989e-06 1.1863406e-06 0.00020018173 0.0018893994 0.00053170684 3.851982e-06 6.672893e-05 0.00025409763 1.477117e-07 1.3786224e-06 4.5222325e-07 1.2374733e-06
0.8071627 0.0066637206 0.032776527 0.061527416 0.0007121642 0.00031407137 0.38005203 0.7455883 0.96590525 7.3441237e-07 3.8302996e-06 0.032013964 0.47746116 0.900959 0.093391605 0.017761694 6.3057864e-06 0.38370693 1.4676535e-06 0.04571447 6.61266e-05 4.106636e-17 2.2918442e-08 1.502478e-08 0.0015189504 0.03168352 1.2527996e-06 1.9257025e-07 0.45107812 0.00017291732 1.5150507e-08 0.95779103 3.2526694e-07 0.012970689 3.099093e-07 4.6250963e-05 0.0011379061 1.366668e-08 0.8298907 0.018012173 1.17303436e-07 9.757724e-07 1.6269963e-05 3.0441899e-05 0.057399664 0.706072 0.0034041912 0.0026274289 0.1848385 0.00017041601 0.07170003 3.329128e-07 0.00016701581 0.004710909 4.010696e-09 1.3956416e-07 0.42689422 3.478645e-08 3.6437933e-09 0.0049668364 0.013713979 3.2325245e-06 1.9064081e-09 0.0017152876 5.423089e-05 0.0074242842 0.096057065 0.00094435376 3.3560997e-07 1.0856987e-06 2.5071336e-07 1.287003e-06 0.039970387 3.0695028e-05 3.8474035e-08 0.009866831 4.0847684e-05 5.5010794e-08 0.0018730053 3.0884153e-09 8.521426e-06 0.003931582 2.0300647e-06 7.082737e-08 1.7386275e-09 4.0462684e-05 2.6346871e-09 1.0289825e-07 0.00071197376 1.3893264e-06 0.00802514 0.0002565447 0.00012174066 0.0011434394 0.00032016603 0.0012765261 0.0036819251 2.4606481e-06 0.00027189142 0.00096685824 7.474629e-08
0.60766053 0.0015687703 1.4990952e-05 0.00049454794 0.027471397 0.011867849 0.00012656611 5.0109884e-06 3.815845e-07 0.60184187 0.80856144 0.0012306814 8.7646654e-08 2.1846752e-08 9.303848e-05 0.00015448929 0.013757508 8.331158e-06 0.087538354 5.688684e-05 0.00062511116 2.2918442e-08 3.429131e-16 0.9966493 0.011714341 9.3892486e-05 0.08014818 0.1625152 1.2992396e-05 0.0010905548 0.77018815 1.9061731e-06 0.7524111 2.8531318e-07 0.5582132 0.01859943 6.401387e-06 0.456544 1.4806189e-07 9.73168e-08 0.66166633 0.29902247 0.28698707 0.07392423 6.442092e-07 7.413208e-08 5.499265e-08 0.020894965 2.199602e-06 0.0003709472 3.234004e-08 0.107124664 7.6318174e-05 3.9741696e-08 0.25589705 0.123889856 9.914776e-06 0.024782633 0.15281406 0.0014772917 0.0010097162 0.13934942 0.0071408935 1.1192332e-08 0.07616573 2.133982e-06 1.0150886e-05 1.0242151e-06 0.024214612 0.011833271 0.041377045 0.010876305 3.3483053e-07 2.83584e-06 0.0020530527 1.2606984e-07 1.1486269e-07 0.0007717763 1.6353953e-05 7.229106e-05 7.21469e-07 5.199888e-07 3.7831846e-06 0.0009751177 0.0050853 4.679049e-07 2.9753932e-05 0.00085648557 5.2308746e-07 0.0008809261 1.4130488e-06 0.0036626456 0.030999973 3.2783495e-07 3.972203e-06 0.0001724911 0.0008529817 2.985942e-07 5.956135e-06 1.6275318e-07 8.153779e-05
0.6275537 0.00069648016 4.7869567e-06 0.00012893249 0.013479789 0.0060396264 2.3633522e-05 4.7454506e-07 9.653112e-08 0.49942347 0.6204952 0.0003388899 2.8726328e-08 6.4526295e-09 2.431242e-05 5.890251e-05 0.007880381 2.0683124e-06 0.046623733 2.823245e-05 0.00035913973 1.502478e-08 0.9966493 5.030927e-15 0.0034935696 4.8835245e-05 0.061940342 0.1210677 5.6934623e-06 0.0011540786 0.7721566 6.445072e-07 0.77634096 8.895509e-08 0.5641191 0.02350444 7.4233453e-06 0.4208032 4.094103e-08 7.4225035e-08 0.7509241 0.3339894 0.2462554 0.094257355 3.3907898e-07 2.150961e-08 1.8354017e-08 0.01144077 1.0843648e-06 0.00038073523 3.468118e-08 0.09956635 5.310929e-05 1.831436e-08 0.3410875 0.11493594 4.31809e-06 0.025108187 0.1536958 0.0008225127 0.0005305727 0.11552162 0.009180283 6.6435435e-09 0.053844452 1.0539021e-06 5.5814935e-06 1.3091842e-06 0.026814556 0.016918097 0.04533939 0.011538663 3.0493646e-07 1.8922213e-06 0.0022118576 4.1423704e-08 4.4022695e-08 0.0010537535 4.5373936e-06 6.3394895e-05 7.026101e-07 3.0764073e-07 3.4190584e-06 0.0010925186 0.0066580856 1.2884514e-07 5.13366e-05 0.001009576 1.8097722e-07 0.00128246 5.574815e-07 0.0025693772 0.024272455 2.7661284e-07 4.289229e-06 6.106945e-05 0.00045576209 1.0017546e-07 9.595393e-07 8.2594376e-08 0.00015210894
0.9568073 0.41210055 0.07280633 0.408205 0.13155386 0.03240041 0.3721491 0.08060185 0.011962937 0.324257 0.012847388 0.97264946 0.060565464 0.013472701 0.6151667 0.020325083 0.0033016303 0.010180825 0.0012728573 0.0039112074 0.004678601 0.0015189504 0.011714341 0.0034935696 2.500619e-15 0.002938747 0.0008632738 0.0005055092 0.0014330951 0.0004452294 0.00021651432 0.0008085008 0.0853399 0.16027099 0.17193314 0.00059342023 2.1487294e-05 0.001436666 0.002463392 0.043920092 0.00048004938 6.211895e-05 0.5799592 9.7885284e-05 3.8699673e-05 0.00022990599 0.0025025904 0.95857173 5.5314315e-05 3.2282685e-05 0.00097072753 0.00012330193 4.7948448e-05 0.0012910562 2.2074184e-05 1.8785086e-05 4.5884564e-05 0.00030678743 7.2880875e-06 0.68585163 0.5926945 0.06801202 2.443797e-07 0.00016792954 0.16375619 9.347173e-06 0.00011258827 0.00042502608 0.015699998 1.959597e-06 0.006504769 0.0073593077 3.0201629e-05 9.281653e-06 9.1642437e-07 2.3327318e-06 4.725397e-06 1.5652046e-07 0.013386129 4.369553e-06 5.5724468e-06 4.2546715e-05 2.8701534e-05 0.00018802752 2.2985765e-07 1.1149124e-06 7.3170474e-07 1.3224543e-06 0.0046723876 0.00040758456 5.761397e-07 0.2802204 0.1104096 7.959681e-05 3.0267702e-06 0.027474362 0.088940926 6.987795e-06 0.000118856144 1.1612958e-05 1.3404798e-06
0.9324208 0.75903803 0.59958726 0.756147 0.6102322 0.2217685 0.30372238 0.24831855 0.19016446 0.007665715 0.0064435643 0.046377208 0.0060005775 0.0036815773 0.004660408 0.87513924 0.021111924 0.42037052 0.0046738028 0.92301 0.83690304 0.03168352 9.3892486e-05 4.8835245e-05 0.002938747 3.1698784e-13 0.0005427184 0.0009648851 0.26341236 0.17006144 4.2757412e-05 0.0035620187 8.2670864e-05 3.7090544e-05 6.2858555e-05 0.010486688 0.9869185 1.6395342e-06 0.00015806935 4.077895e-05 1.1069364e-05 0.00025601828 0.0012640381 0.0043622106 0.76045215 0.025641546 7.568481e-06 0.011246641 2.9745306e-05 0.16473497 2.7905621e-06 1.3365413e-05 0.2759584 4.706266e-06 2.5338352e-06 1.0551427e-05 0.0002632913 6.5482465e-07 1.3619945e-06 0.00058757816 0.0007984199 0.0002607525 1.5900181e-07 3.8376763e-07 0.0031838568 0.092280164 0.015088859 7.833591e-06 7.683159e-06 0.00023636577 7.595419e-05 1.8680148e-05 0.00066085276 0.024263486 2.914305e-06 1.4966774e-06 1.13707294e-07 2.1985084e-05 6.904017e-05 0.00088228943 2.700043e-06 0.00026587865 0.0023522174 0.0005181533 6.410334e-05 1.0053412e-06 4.6864333e-08 4.857717e-07 5.834349e-07 6.790586e-05 7.442372e-06 0.00048764184 0.0046174466 0.0022719416 6.384621e-06 0.0001256528 0.0004952675 6.614709e-07 2.8697852e-06 1.798369e-05 4.299069e-06
0.25609106 0.0076748375 0.00070109614 0.00177963 0.0948724 0.10001285 0.0004586042 0.00019334802 4.4485954e-05 0.059453145 0.58903396 0.0005274808 1.938763e-06 3.687584e-06 7.713507e-05 0.00014921611 0.2796907 3.3682074e-05 0.90503246 0.0001184045 0.0016161473 1.2527996e-06 0.08014818 0.061940342 0.0008632738 0.0005427184 1.256043e-15 0.99796194 3.936992e-05 0.015589494 0.69784105 1.0386514e-05 0.03343435 1.1231055e-05 0.0029196327 0.39644697 0.00017513525 0.01011833 1.478228e-06 1.1996497e-06 0.0034530822 0.8026546 0.011399465 0.61565614 5.4853317e-06 4.1206076e-07 1.7412958e-07 0.0026179678 2.3583843e-06 0.011997653 1.265541e-07 0.000444829 0.00027972687 1.5681509e-07 0.00055038085 0.021554524 2.8204006e-05 0.00019786709 0.004666792 0.00027993022 0.00028731453 0.002438014 9.271297e-05 2.0449654e-07 0.0052541383 1.8250722e-06 3.172409e-06 5.759922e-06 0.0001444609 0.009944938 0.00057874236 0.00021449958 1.1947892e-06 7.593438e-06 4.0912557e-05 5.191821e-07 1.0389689e-06 0.00014018787 6.047672e-05 0.0010044635 5.512747e-07 1.8627536e-06 0.0001327267 0.05107717 0.15113336 1.4046233e-06 1.4052717e-06 4.1694007e-06 1.5166258e-07 0.00014681576 7.3054566e-06 0.0007803408 0.005707535 2.8256866e-06 1.0048869e-06 0.00018652067 0.0007776392 4.6701018e-07 9.963022e-06 4.3453647e-07 3.6501373e-05
0.39014012 0.008161914 0.00031055772 0.0014684062 0.1420506 0.08573465 0.00017836737 4.2657502e-05 5.298476e-06 0.079997614 0.61503994 0.00037434843 3.1820036e-07 4.7022118e-07 6.982536e-05 0.00015026587 0.16654123 9.189786e-06 0.83551884 0.000149735 0.0014368425 1.9257025e-07 0.1625152 0.1210677 0.0005055092 0.0009648851 0.99796194 9.981743e-16 3.5023582e-05 0.01622798 0.83445203 3.4857453e-06 0.084723435 5.5497326e-06 0.007895238 0.26792976 0.00021435789 0.024594607 3.862438e-07 1.9151824e-07 0.029599516 0.85212845 0.026874328 0.54307705 5.643792e-06 3.2272615e-07 2.6958364e-08 0.0025658314 8.382623e-07 0.017780624 1.2650523e-07 0.002729643 0.0005176729 4.8774247e-08 0.0033797831 0.05008834 2.2786864e-05 0.00039990424 0.010001234 0.00021339415 0.00020426822 0.0059142183 0.00044019846 4.0500105e-08 0.010030587 1.8258312e-06 6.402114e-06 4.4042395e-06 0.0006022538 0.024421526 0.0019851397 0.00041441494 1.5299012e-06 1.6685415e-05 0.00020739636 2.596813e-07 2.0155542e-06 0.00069438905 2.9760318e-05 0.00077404256 1.634523e-06 4.0859236e-06 0.0001371277 0.01802746 0.19005594 7.038475e-07 6.0328302e-06 2.0154072e-05 4.016455e-08 0.0007440878 4.642019e-06 0.00036367323 0.0093879765 3.4296754e-06 6.524699e-06 4.6569417e-05 0.00052254973 1.2946174e-07 2.3138698e-06 3.73466e-07 0.0003109397
0.25633094 0.06795991 0.2270378 0.25982687 0.008795394 0.008719597 0.2684009 0.29113382 0.5390241 7.831607e-05 0.0002936608 0.030392233 0.013453851 0.0584329 0.005106553 0.26864284 0.00043122855 0.9701917 0.00016218232 0.842119 0.0135081 0.45107812 1.2992396e-05 5.6934623e-06 0.0014330951 0.26341236 3.936992e-05 3.5023582e-05 2.0463069e-17 0.001727494 1.879151e-06 0.9863734 1.9915622e-05 0.00054334296 1.4325969e-05 0.00029387063 0.13343693 2.1357359e-07 0.006134505 0.00021529949 5.4088196e-06 2.230665e-05 4.322789e-05 0.0001002886 0.7911974 0.7035557 0.00020881757 0.0014196289 0.00047496348 0.001261295 0.00016795854 1.0911741e-06 0.016109241 0.000105512 3.3092684e-07 2.1547623e-07 0.07230882 1.214786e-07 4.4365962e-07 0.00023972901 0.00013850139 1.9752311e-05 1.4928514e-08 1.5543961e-05 0.00018117072 0.2311214 0.32416406 4.312964e-05 6.628014e-07 1.6642396e-05 5.2748856e-06 1.6329399e-06 0.027743453 0.011507507 5.214155e-07 4.662143e-06 2.8492043e-06 4.8308107e-07 0.00025102549 1.3161759e-06 9.016231e-07 0.004377021 4.6216974e-05 1.1171625e-06 2.242225e-07 4.010943e-06 7.854154e-08 4.3823725e-08 9.985836e-07 2.6685134e-06 8.826639e-06 0.000366788 0.00033870156 0.007967796 1.4754275e-05 9.325656e-05 0.0004331121 3.766366e-06 1.5500173e-05 4.704814e-05 1.4791108e-06
0.50653625 0.25133005 0.025813097 0.07639326 0.6757652 0.34847546 0.0043235254 0.007960778 0.002828391 0.011564871 0.019440612 0.0011803668 4.4285858e-05 6.468817e-05 0.00034779997 0.047269065 0.6069951 0.0022559892 0.15131438 0.015082645 0.9768558 0.00017291732 0.0010905548 0.0011540786 0.0004452294 0.17006144 0.015589494 0.01622798 0.001727494 8.319493e-14 0.0008016828 0.00023240961 0.0010085237 2.2832219e-05 0.00021513079 0.96243054 0.27191153 9.2926035e-05 9.148392e-06 8.395492e-06 4.9095255e-05 0.015901927 0.0002629849 0.5509397 0.037933737 8.232649e-05 1.5326115e-06 0.0007280224 3.9077086e-06 0.8747838 2.5427371e-07 1.0582778e-05 0.5244847 5.9451446e-07 3.1847737e-06 4.0155497e-05 3.7068763e-05 4.236713e-07 9.1924685e-06 0.00011736515 1.9911577e-05 0.00014346497 6.354812e-08 4.781463e-08 0.0012417582 0.0030798449 0.0009301643 5.571254e-07 7.5537205e-06 0.0022347183 7.1606766e-05 1.4734618e-05 8.249968e-06 0.010565782 1.292304e-06 3.846921e-07 7.661712e-08 7.6878205e-06 1.6629861e-05 0.046444014 5.1608635e-07 5.6729214e-06 0.09117613 0.41608804 0.039234634 3.8203711e-07 7.615643e-08 3.8719162e-07 5.368159e-07 6.252894e-05 1.3110904e-05 0.00010412316 0.0021212944 0.0005740159 6.203038e-07 1.1208287e-05 0.00039759406 3.7021546e-06 7.148173e-06 1.3746418e-06 3.0576862e-06
0.87659746 0.0022189564 1.5874939e-05 0.00023128928 0.09815791 0.013789388 1.2541617e-05 8.131426e-06 1.0822671e-07 0.16379027 0.7664185 0.000100354235 2.8038464e-08 6.582282e-09 2.0188698e-05 1.3301922e-05 0.012218026 1.0187496e-07 0.34980935 3.838703e-06 6.174361e-05 1.5150507e-08 0.77018815 0.7721566 0.00021651432 4.2757412e-05 0.69784105 0.83445203 1.879151e-06 0.0008016828 4.323732e-15 5.884588e-08 0.69742805 8.039382e-08 0.06997107 0.030893916 1.634752e-06 0.28285208 1.4853566e-07 9.5410684e-08 0.56514376 0.98245895 0.10175443 0.14384325 2.764707e-07 1.4633587e-06 2.4182013e-08 0.0023030958 3.0006117e-07 0.0019155198 2.4196268e-08 0.05828091 3.4228262e-06 4.7959038e-08 0.18506843 0.2843772 3.0987014e-06 0.004262308 0.35021013 0.00013142294 3.8736784e-05 0.0352938 0.0069890446 3.3634738e-08 0.05281983 5.1774746e-06 1.2292005e-05 1.5083526e-06 0.0058402643 0.079818964 0.013490745 0.0033527557 1.8458259e-05 0.00012643076 0.0015789518 2.834599e-06 1.0366243e-06 0.0036006023 1.2541043e-05 0.00022556115 7.948953e-07 1.5714645e-06 0.00015152877 0.0028464764 0.020728411 4.7580482e-07 3.180869e-05 0.00010578636 8.189033e-09 0.0024726253 0.00020533954 0.0006624103 0.030757248 4.084484e-05 6.0159647e-07 1.05086165e-05 0.00018768602 1.0731295e-08 5.7367515e-07 1.3216928e-06 0.00031490152
