2.7366832e-18 0.95505095 0.96912205 0.9657136 0.9542869 0.9842158 0.9731147 0.95059377 0.9515798 0.8738695 0.6257004 0.8266216 0.5623263 0.97578406 0.88111645 0.8959095 0.9910523 0.9664562 0.9550509 0.9403659 0.8859693 0.9144665 0.84812325 0.9911296 0.9643254 0.89130265 0.95017576 0.9763267 0.83913904 0.8383409 0.5382449 0.8334849 0.8078445 0.93125325 0.86168903 0.9510447 0.18446371 0.8309667 0.9968824 0.8620856 0.5167548 0.98896873 0.98675543 0.7406568 0.3230027 0.86819565 0.50591177 0.8921935 0.044824287 0.7406507 0.94440293 0.9575917 0.84923184 0.047298253 0.98941344 0.89508 0.7693536 0.8522629 0.0120335715 0.07519317 0.04948559 0.62999785 0.46632773 0.99999875 0.36554095 0.016227089 0.7476373 0.63336265 0.95954496 0.39530802 0.00281245 0.8313297 0.7982635 0.6439388 0.9997252 0.52454215 0.0022871972 0.38542417 0.99991494 0.0121625895 0.00016077155 0.0321521 0.40855154 0.16148593 0.050712895 0.86790276 0.19768164 0.0030162283 0.008123257 0.2795549 0.00021674778 0.008310342 0.010443687 0.94327843 0.0046393042 0.9166835 0.12001201 0.20444782 0.12126116 0.9987417 0.019148039
0.95505095 6.70311e-17 0.8691522 0.617251 0.8067575 0.7389612 0.72592306 0.10890458 0.19387299 0.4362709 0.9659549 0.7818522 0.7960229 0.45314395 0.13760792 0.062018767 8.503198e-05 0.00094220066 0.04881239 1.5538491e-05 7.2446695e-05 0.7435285 0.00018631197 0.0009522367 0.006737954 0.7568182 0.019075567 0.015457137 0.2606676 0.22035311 0.108012564 8.9622445e-06 0.00025883268 0.034651034 0.00074251654 0.0009232673 0.31984022 0.00036759462 0.013250108 3.805508e-06 0.0023773802 4.76761e-05 0.02738749 4.0114767e-07 0.24675846 0.00026841104 1.4885813e-07 0.0016765703 0.26645195 2.5085163e-05 1.8700941e-06 9.64811e-07 5.5997707e-06 0.0061131245 9.3660485e-05 7.5813464e-06 2.4657445e-05 3.5079548e-08 0.0118658915 5.431292e-05 0.24606258 5.5609535e-06 1.2290335e-06 0.049171988 0.000244575 0.00027710042 2.3739226e-08 1.9012501e-07 2.4354238e-05 3.0577517e-05 1.1756169e-07 7.8222837e-07 5.6230924e-06 1.9465497e-06 0.0059960983 4.5943075e-08 0.00012581408 9.305076e-08 0.00031831648 0.0031206233 2.746004e-08 0.00075819466 7.876507e-06 3.461024e-06 8.112348e-08 1.0491127e-08 1.2110123e-06 0.002104728 6.601963e-08 1.5802616e-05 3.0242529e-05 6.3971086e-08 7.0926267e-06 1.2426679e-05 2.2092611e-07 3.2149358e-06 3.9422084e-06 5.015542e-07 3.814077e-07 0.00023574376 1.4122695e-07
0.96912205 0.8691522 7.782369e-15 0.14376897 0.92812407 0.24676722 0.93848836 0.025989292 0.636662 0.433844 0.55845404 0.41965875 0.2948666 0.9436302 0.101711996 0.23834285 4.586352e-05 0.0023542969 0.022196291 1.4232524e-05 0.00020177948 0.27273014 0.0004977206 0.020021856 0.49448177 0.079443224 0.24066158 0.029637167 0.017051607 0.04449727 0.0058196685 5.5529504e-06 8.0977356e-05 0.13757569 0.014625894 0.018705206 0.020127974 0.009208526 0.06082323 2.7303313e-06 5.596117e-05 0.00024916723 0.17276117 1.1954343e-06 0.018811429 0.0014026737 4.0999345e-07 0.011283066 0.014762327 1.3451561e-05 8.603864e-07 3.4002926e-06 0.00013273518 0.00015696464 0.00027640336 0.0005624501 0.00018290238 1.300373e-08 0.0024660714 9.839327e-06 0.010485248 0.0001216513 4.7099766e-07 0.23749608 0.000807305 2.6749887e-05 6.782789e-08 3.9203562e-07 2.7078608e-05 0.0002786921 5.865144e-07 7.863882e-06 0.00042527748 4.20404e-05 0.010898904 1.2796482e-05 7.049687e-05 8.9490703e-07 0.0018568475 0.0010520255 1.074445e-07 0.0015319363 8.385869e-05 8.092641e-05 3.9999898e-07 1.543869e-08 3.3596894e-05 8.760835e-05 1.2189033e-05 0.00016184332 8.035021e-06 4.011913e-07 0.00021480994 1.8176805e-05 1.9213671e-06 3.228159e-06 0.00010006763 1.1570606e-07 1.3678985e-05 0.00094512413 1.3411069e-07
0.9657136 0.617251 0.14376897 8.274372e-15 0.017935947 0.89011294 0.015916182 0.9721996 0.003878963 0.9022077 0.09972949 0.00802092 0.019057456 0.08615959 0.6166398 0.002456879 0.11600237 0.8289916 0.6000842 0.047266707 0.3393539 0.016414884 0.26556513 2.2350112e-05 0.011983434 0.07760442 0.068692654 0.16911945 0.5566364 0.00071940443 0.32850322 0.008861963 0.04344004 0.11850658 8.395424e-05 0.00065711746 0.0064152307 0.000110666886 0.093518406 0.006167713 0.06797148 3.8584916e-05 0.027597602 0.0005619922 0.00041487167 0.004023959 0.0011399112 0.00018300535 0.0073537445 0.009345012 0.00029992172 3.5601868e-05 2.8603683e-05 0.010715172 0.0020474351 3.5399644e-05 0.00052958826 5.6844783e-06 0.00823451 0.002171213 0.0072837803 2.1927186e-05 3.3757622e-06 0.09359639 5.540747e-06 0.0067821173 1.3970565e-06 0.0002007951 0.00020561485 3.4291406e-05 3.1533444e-05 1.1285394e-07 1.1200209e-05 1.1002344e-05 0.017140154 2.1423187e-07 0.0006140016 3.0901551e-06 0.001562956 2.6394796e-06 1.7085994e-06 4.00164e-06 3.293941e-05 4.562269e-06 7.2692555e-06 8.2424876e-08 1.2878606e-05 3.623805e-05 4.0727292e-07 0.0001145369 1.8439687e-06 1.5404063e-05 9.961345e-07 2.082183e-05 6.999731e-05 2.694721e-06 1.5563184e-05 6.835883e-08 1.6358243e-07 0.0011726727 3.6535954e-07
0.9542869 0.8067575 0.92812407 0.017935947 1.2032253e-14 0.076836824 0.9392979 0.0035240944 0.838572 0.034713015 0.80466664 0.85469526 0.5968965 0.47311 0.013092218 0.8022637 1.8602202e-06 0.00012898182 0.0039051266 4.065771e-07 2.295338e-06 0.75165945 2.4774807e-05 0.051105484 0.25408125 0.31381977 0.030685367 0.0058659725 0.011909624 0.4889265 0.0043986486 1.7449048e-07 2.185589e-05 0.022438254 0.18245438 0.010050782 0.13771081 0.07182145 0.010793317 1.5079947e-06 1.1112211e-05 0.00018757617 0.096548714 1.0331654e-07 0.27633902 1.872931e-05 6.5882766e-08 0.16504218 0.056104798 5.1880324e-06 8.7925955e-08 4.666589e-07 0.00023561566 0.00014100767 1.0616683e-05 0.00039753868 1.5670848e-05 8.871546e-09 0.0024639629 4.1608364e-06 0.036033574 8.78302e-05 4.2586083e-07 0.10898957 0.008654642 1.7299908e-05 4.4414705e-08 4.9528984e-07 5.9798197e-07 0.0003871276 3.4310474e-07 3.7133057e-05 0.0026005954 1.6269143e-05 0.0029205445 5.4980508e-05 2.0312104e-05 7.516227e-07 0.0021260579 0.014039084 8.469185e-08 0.018730251 9.7584925e-06 2.6714808e-05 2.4661864e-07 4.4903192e-09 4.1799276e-06 0.00030798727 5.365641e-05 9.478713e-05 7.833463e-06 3.5009484e-07 0.00087304635 2.5380374e-05 1.8048919e-06 6.758185e-07 5.281608e-05 2.1747918e-07 0.00062927866 0.00013247227 2.9072888e-07
0.9842158 0.7389612 0.24676722 0.89011294 0.076836824 6.172869e-15 0.08094977 0.63187295 0.019433876 0.385163 0.55414635 0.02694939 0.09626772 0.10526291 0.31797057 0.0042192163 0.032323983 0.4055734 0.4619468 0.003907632 0.013584113 0.122839645 0.054178216 3.9248684e-05 0.002389418 0.6539316 0.0057411445 0.035530426 0.9460181 0.009058282 0.8805777 0.00018754146 0.011227326 0.017175777 5.104434e-06 0.00014376082 0.15806587 5.9370286e-06 0.015907591 0.00020091061 0.16045922 3.756378e-05 0.07681063 7.6952e-06 0.018793538 0.0004461292 2.2162969e-05 9.812073e-05 0.26965395 0.0021197484 7.622474e-06 8.880753e-06 1.6631725e-06 0.23697339 0.0010102781 7.7228907e-07 0.00036523642 2.0433494e-07 0.2323729 0.001351821 0.30321664 7.463026e-06 5.08062e-05 0.10258429 3.4129077e-06 0.14479169 2.3104441e-07 5.0959003e-05 0.00037430375 9.5159555e-07 2.1675096e-05 1.6850521e-07 1.8307726e-06 5.6341714e-06 0.0057452037 8.221684e-08 0.0036924498 4.3766554e-06 0.0002718642 0.00071496185 2.397697e-06 5.1968942e-05 0.0008156812 9.930087e-06 4.5783004e-06 6.16711e-07 0.0002623171 0.0023270582 1.5917203e-07 0.00012236701 3.431902e-05 8.344318e-06 3.2922746e-06 4.912298e-05 3.2820688e-05 6.842487e-05 2.3867951e-05 4.0248357e-05 3.4077019e-07 0.00013149426 3.3974516e-07
0.9731147 0.72592306 0.93848836 0.015916182 0.9392979 0.08094977 5.8743056e-15 0.0023893723 0.9319363 0.04224218 0.47943115 0.59076124 0.29271686 0.4276117 0.016240582 0.71721023 1.2037524e-06 9.225222e-05 0.0036403849 2.4235678e-07 1.6083135e-06 0.48918805 2.1447024e-05 0.20619713 0.63715464 0.08885318 0.06991625 0.012153824 0.009164682 0.17235273 0.0031134398 9.0581814e-08 1.1354096e-05 0.059797622 0.18561752 0.057271767 0.03500556 0.08235485 0.024715073 4.1391226e-07 8.0887485e-06 0.0017026712 0.23214613 5.986829e-08 0.06457941 9.438292e-05 7.3002674e-08 0.12652968 0.017102486 2.3409484e-06 7.071426e-08 6.1984196e-07 0.0025408927 1.6760036e-05 2.2970928e-05 0.0020338458 1.8640589e-05 1.8833248e-09 0.0012882336 1.4903421e-06 0.011072226 0.0005196587 3.886655e-07 0.24052419 0.007608796 3.8628673e-06 3.9905157e-08 1.503439e-07 9.54678e-07 0.0008083589 9.7201045e-08 5.6644745e-05 0.005036205 7.622645e-05 0.0045994795 7.3372015e-05 9.611728e-06 9.039081e-07 0.0064296974 0.0056161983 9.929546e-08 0.012745171 9.541369e-06 0.0001364612 3.5275787e-07 8.7379215e-09 5.0584986e-06 3.3779957e-05 2.7056174e-05 0.00035065555 3.2000694e-06 5.614918e-07 0.00080807763 8.11551e-05 1.3490364e-06 5.4639963e-07 0.0001832156 1.3665816e-07 0.00025702713 0.000309955 1.9447599e-07
0.95059377 0.10890458 0.025989292 0.9721996 0.0035240944 0.63187295 0.0023893723 5.600325e-14 0.000449502 0.8998006 0.037108637 0.0013881882 0.005384536 0.020776091 0.77036726 0.000337264 0.60605854 0.899105 0.8189505 0.24454084 0.73855436 0.0019877388 0.5076287 3.7766492e-06 0.0031351384 0.0054389327 0.020087278 0.37774688 0.22131427 4.62593e-05 0.11911538 0.13900715 0.011971166 0.10662278 6.8737336e-06 0.00023849237 0.00030619992 1.26313425e-05 0.09850087 0.023678638 0.030979637 2.8018098e-06 0.021077946 0.0075001605 6.998662e-05 0.08721021 0.004885498 1.5125381e-05 0.00041178483 0.007144939 0.00784693 0.0045605493 5.7126344e-06 0.0030552072 0.009978131 1.1575982e-05 0.0069372626 0.00040306838 0.0048757675 0.0024617563 0.00029107195 1.2590272e-05 0.0006824696 0.07256652 8.977158e-07 0.0049057677 1.594887e-05 0.0009096714 0.0017647261 4.139484e-06 0.00022609634 5.3917777e-08 3.4032419e-06 7.215142e-06 0.043347258 7.532879e-08 0.0010613732 1.4106394e-05 0.00020926213 2.294169e-06 2.8212946e-06 5.7130215e-08 0.0020013668 1.2264723e-05 8.6230124e-05 0.00012700733 0.0012252443 8.6320515e-06 2.555505e-07 9.764e-05 8.414862e-07 8.652767e-05 5.3343445e-07 1.11175e-05 7.971972e-05 0.00011424704 1.2422248e-05 3.368628e-05 5.3185445e-06 0.002586545 1.3664506e-06
0.9515798 0.19387299 0.636662 0.003878963 0.838572 0.019433876 0.9319363 0.000449502 2.7268942e-13 0.0070379586 0.29504114 0.7242664 0.26740798 0.17306231 0.0030353775 0.9769747 1.2182026e-07 8.982052e-06 0.00091985246 4.0466443e-08 1.5070538e-07 0.74176246 3.0061356e-06 0.21342526 0.2347308 0.24346451 0.013685707 0.0026266833 0.0076758107 0.635294 0.0020950844 2.500933e-08 2.3020657e-06 0.00910902 0.52182007 0.01801804 0.10992264 0.18430592 0.0048776185 3.07419e-07 1.7712721e-06 0.001518243 0.09418268 8.270831e-09 0.29605618 1.4637914e-06 1.0481787e-08 0.4859147 0.026319204 6.10497e-07 1.4196173e-08 7.631595e-08 0.0013676652 5.3203934e-05 3.230019e-06 0.002530802 2.635724e-06 1.1545739e-09 0.00038557587 9.96813e-07 0.023219783 0.00024725628 3.535556e-08 0.10652282 0.030807726 3.117714e-06 1.11784875e-08 9.678978e-08 1.3318588e-07 0.0016943009 7.164491e-08 9.640678e-05 0.014264581 0.00012131069 0.00081302325 0.0001000891 1.5403116e-06 6.415633e-08 0.00486733 0.021568423 2.9943784e-08 0.04410876 1.6526611e-06 8.7122935e-05 4.6486775e-08 3.9301734e-10 1.17628524e-07 0.00017257172 0.00013738229 0.00047179134 5.4543825e-06 9.525122e-08 0.0027976993 0.00016931831 4.7469038e-07 1.4141791e-07 0.000113755734 6.116984e-08 0.0016515853 9.3313596e-05 1.3657178e-07
0.8738695 0.4362709 0.433844 0.9022077 0.034713015 0.385163 0.04224218 0.8998006 0.0070379586 2.0850777e-15 0.0800225 0.008264675 0.016607603 0.8563444 0.965958 0.0031015845 0.030115848 0.13902442 0.7615074 0.012721553 0.027337845 0.008418759 0.020528844 0.00040977006 0.09181041 0.011403281 0.7658492 0.4961025 0.058387294 0.0005707528 0.029329177 0.0035022527 0.0011943786 0.328343 0.00041735364 0.003256952 0.0007573037 0.00040067284 0.1245594 0.0012173003 0.0016146902 0.00020792472 0.029501166 0.00058358244 0.00032277466 0.016194154 0.00018605485 0.00024808818 0.0013623494 0.0005361971 0.0005268195 0.0004102473 0.0004286144 0.00074667064 0.0024105492 0.00030604313 0.0018452188 2.8326926e-05 0.0019515163 0.00038429225 0.00052051997 0.00014057638 0.00011844517 0.09988623 7.1747236e-05 0.00031730384 4.115826e-06 0.00014223778 0.00045133705 3.3443197e-05 4.6058438e-05 1.3012825e-06 0.00012966977 0.00014579471 0.022497658 3.4688472e-07 0.0005265982 5.024195e-06 0.0022450176 6.447842e-06 5.285014e-07 1.5109975e-06 0.0005833568 7.2402145e-05 9.17728e-06 4.5285487e-06 0.00013888416 7.520264e-05 4.72407e-07 0.00017486105 3.9943957e-06 4.9048804e-06 1.7739126e-06 5.513562e-05 5.8492973e-05 4.8143003e-05 0.00013689589 6.4956e-06 1.2168714e-06 0.003576291 8.816874e-07
0.6257004 0.9659549 0.55845404 0.09972949 0.80466664 0.55414635 0.47943115 0.037108637 0.29504114 0.0800225 1.4435294e-17 0.90093225 0.9819182 0.06580074 0.0188539 0.1620755 3.4287907e-05 0.0026622969 0.0063690194 3.6856592e-05 0.00014891503 0.55427575 0.0003296623 0.00046363653 0.0022393467 0.56420237 0.003490644 0.0020349089 0.016629362 0.083159484 0.018412886 1.131009e-05 0.00017931753 0.003859478 0.00015379954 0.00041812452 0.06360762 0.00010793578 0.0017162029 1.9358843e-06 0.00060868735 2.1946496e-05 0.0037321537 6.122269e-07 0.037621718 6.69733e-05 4.5614058e-07 5.8746158e-05 0.05634267 3.5040298e-06 3.1791537e-06 4.6044893e-06 4.5741153e-06 0.00083317596 2.3201485e-05 1.7739329e-06 2.2305076e-05 1.2864771e-07 0.009003244 2.0352823e-05 0.066710405 8.039038e-06 3.4072357e-06 0.0077407653 5.543118e-05 4.1788415e-05 6.342086e-08 1.4123333e-06 1.9917998e-05 2.7076876e-05 5.493627e-07 1.3841561e-07 3.025581e-06 4.232844e-07 0.0020113012 5.281323e-08 2.3446517e-05 1.0838577e-07 0.0002248614 0.0006200844 2.5794058e-08 0.00021023749 2.821249e-06 8.7819313e-07 3.499209e-07 1.2159293e-08 7.4984605e-08 0.00043721253 2.1472994e-07 2.2992e-06 2.4850196e-05 2.636613e-07 1.8931723e-06 1.06413e-06 7.3507385e-07 2.4698547e-06 7.867141e-07 4.5689768e-07 2.132617e-06 0.00023053393 5.0420216e-08
0.8266216 0.7818522 0.41965875 0.00802092 0.85469526 0.02694939 0.59076124 0.0013881882 0.7242664 0.008264675 0.90093225 6.411619e-16 0.9834718 0.04004335 0.0021842578 0.74814016 1.8032675e-06 3.6313708e-05 0.0010477825 1.82202e-06 5.1508264e-06 0.9051648 1.9753006e-05 0.0034441205 0.008091217 0.64623314 0.0036649324 0.0005300867 0.0031510554 0.5743294 0.0017720647 7.3895023e-07 2.992011e-05 0.002009136 0.010447927 0.0009005932 0.2567144 0.0010543913 0.0005805646 1.6235879e-07 1.3180569e-05 0.0003992421 0.0094147585 2.3030712e-08 0.25291082 4.4430767e-06 1.6990985e-08 0.006949602 0.22436538 1.4897468e-06 3.5422536e-07 9.303847e-07 0.00013763446 0.00018366291 1.3107996e-06 2.4248142e-05 1.8086266e-05 1.3019862e-08 0.0028193505 3.1482675e-06 0.1210381 6.556208e-05 2.4225236e-07 0.012349646 0.0007921601 1.567179e-05 8.142914e-09 3.8795895e-07 1.7566988e-06 0.000111590496 4.1213542e-07 1.5091513e-06 0.00019066276 1.0231369e-05 0.0005069595 1.0848106e-06 2.4436818e-06 8.070093e-08 0.0005394049 0.015154584 1.9263416e-07 0.006611134 1.391361e-07 1.5204099e-05 2.108172e-07 2.574907e-09 4.603446e-09 0.0010582632 7.0002143e-06 3.2639182e-05 3.2453197e-05 4.480109e-07 9.0620226e-05 7.228923e-06 1.4586708e-05 9.787823e-08 2.9019357e-06 9.070451e-09 2.2871925e-05 3.2111777e-05 3.984887e-08
0.5623263 0.7960229 0.2948666 0.019057456 0.5968965 0.09626772 0.29271686 0.005384536 0.26740798 0.016607603 0.9819182 0.9834718 3.256112e-16 0.02293285 0.0053198305 0.26336548 3.196219e-05 0.00067409326 0.0021337979 2.645436e-05 4.978452e-05 0.73332524 0.00014412857 0.000611195 0.0029916484 0.64664924 0.0020342502 0.0007899602 0.008201691 0.17947178 0.008354731 3.1146055e-06 7.035603e-05 0.0014364262 0.0017464875 0.00049172196 0.09708289 0.00032324134 0.00066738285 1.6085422e-06 0.00012822718 5.834222e-05 0.0030530023 3.0230183e-07 0.04080862 2.1003778e-05 1.2388364e-07 0.00020877634 0.06774512 6.0733823e-06 1.4757111e-06 4.834542e-06 2.6051252e-05 0.0006292156 9.917452e-06 1.001409e-05 1.1262343e-05 1.0824321e-07 0.008071965 9.194301e-06 0.067099184 2.3172626e-05 7.708373e-07 0.006088157 0.00018091088 2.6613729e-05 3.802348e-08 2.2752306e-06 4.4020812e-06 7.531957e-05 1.0212412e-06 4.311792e-07 2.5146022e-05 3.4315826e-06 0.00080053526 4.1227028e-07 2.9304207e-05 1.5171103e-07 0.00030538716 0.001962323 1.02336706e-07 0.0006545444 1.1957798e-06 2.5149704e-06 6.3044666e-07 7.574007e-09 6.318542e-08 0.00067819585 1.3827358e-06 9.865278e-06 5.9083664e-05 1.1800082e-06 6.541017e-06 2.5748643e-06 7.7965524e-07 1.090474e-06 1.4057786e-06 1.2914619e-07 1.1996044e-05 4.8359187e-05 7.170492e-08
0.97578406 0.45314395 0.9436302 0.08615959 0.47311 0.10526291 0.4276117 0.020776091 0.17306231 0.8563444 0.06580074 0.04004335 0.02293285 3.3772945e-12 0.40129077 0.029858323 0.00047493653 0.0038656776 0.035793073 0.0004092405 0.0007573907 0.02474941 0.0011174642 0.020453224 0.89029676 0.013103647 0.9536703 0.09720503 0.004436929 0.0034465648 0.00187321 3.98059e-05 0.0001403496 0.5840695 0.0062733637 0.09237916 0.0013494682 0.0036825028 0.24087782 1.5101872e-05 8.173071e-05 0.004580899 0.3488457 5.5046166e-06 0.0009529352 0.005215575 1.8335718e-06 0.002453967 0.0011525574 1.731265e-05 2.6641737e-05 7.876593e-05 0.0046976656 1.1594156e-05 0.0008096122 0.0015077668 0.0005041525 3.910741e-07 0.00027132517 8.696841e-06 0.0004123391 0.0013013323 2.5008032e-05 0.45105228 0.00040884494 7.0642063e-06 4.4422652e-07 3.2619687e-06 0.00019953083 0.0002618797 3.7491589e-07 1.376168e-05 0.0005310838 0.0010667728 0.016558947 5.8758287e-06 3.480563e-06 1.6937337e-06 0.0062882034 2.835966e-05 6.509807e-08 0.00015570139 0.0001764964 0.0005280503 1.2923114e-06 3.088834e-07 2.042958e-05 6.470264e-06 3.2002556e-06 0.0008006659 5.523703e-07 3.2890705e-06 1.9655143e-05 0.00016864228 2.9642455e-05 1.7959694e-05 0.0006882833 1.7758524e-06 2.975846e-06 0.002441162 1.940928e-07
0.88111645 0.13760792 0.101711996 0.6166398 0.013092218 0.31797057 0.016240582 0.77036726 0.0030353775 0.965958 0.0188539 0.0021842578 0.0053198305 0.40129077 8.659104e-15 0.0011938348 0.1511511 0.19710267 0.97117656 0.054714654 0.06047583 0.0023319132 0.03513537 0.00027756987 0.037398793 0.00812423 0.6462004 0.76331997 0.061810333 9.6004376e-05 0.021081457 0.008261321 0.0056052553 0.5646822 0.00014015794 0.0019786728 0.0002531379 7.9393925e-05 0.25906587 0.0021461 0.0026420902 0.00021553863 0.025189113 0.0008269231 2.9095661e-05 0.08255468 0.0003447643 8.967053e-05 0.0002796183 0.0007027941 0.00097182294 0.0010760018 0.00025378691 0.00029490772 0.008728083 5.8783928e-05 0.003158661 1.9307652e-05 0.0011354795 0.00025619118 4.8528833e-05 8.47121e-05 0.00012869907 0.124773085 9.0968615e-06 0.00013543217 9.623877e-07 0.00012183207 0.00058493554 1.3613915e-05 4.4341174e-05 6.621206e-08 3.2313471e-06 0.0001473138 0.047317144 4.707944e-08 0.00028244665 2.3511038e-06 0.0012673129 2.563476e-06 8.958795e-07 1.2287896e-06 0.00070762326 2.5905154e-05 1.2001171e-05 2.209377e-05 0.00021689005 3.7106078e-05 3.926249e-07 0.00019736165 8.1179314e-07 1.1496336e-06 3.1636623e-06 2.23577e-05 1.955422e-05 5.7230252e-05 4.852166e-05 2.833796e-06 1.8388047e-07 0.003607136 2.4244974e-07
0.8959095 0.062018767 0.23834285 0.002456879 0.8022637 0.0042192163 0.71721023 0.000337264 0.9769747 0.0031015845 0.1620755 0.74814016 0.26336548 0.029858323 0.0011938348 2.7489632e-13 3.3072143e-07 1.0518022e-05 0.0008979106 7.7010945e-08 9.631538e-08 0.7891556 9.882722e-07 0.2685978 0.051302634 0.17424375 0.0057116575 0.0014841001 0.00081061426 0.87460434 0.0002426178 4.130394e-08 4.9913496e-07 0.003076202 0.902068 0.01118364 0.1644278 0.5037845 0.0026683402 4.2599487e-07 2.8662184e-06 0.005909122 0.04907582 1.6298296e-08 0.43685976 1.510499e-06 1.4150838e-08 0.692246 0.05145576 4.626711e-07 4.255131e-08 1.7471044e-07 0.0029136492 6.3206244e-05 5.236887e-06 0.0044228756 9.91315e-06 4.6164967e-08 0.0005152588 3.437616e-06 0.02425307 0.00080054335 2.650474e-07 0.037129354 0.09747346 5.805883e-06 1.456846e-08 4.1017937e-08 4.347201e-07 0.012848883 1.6005276e-07 0.000264784 0.05380418 0.0005121789 0.00032200819 0.00017886715 6.402581e-07 1.9511596e-07 0.003673788 0.141269 4.505706e-07 0.24111827 1.7551632e-06 0.000310415 2.2763665e-07 3.4872194e-09 3.0318589e-07 0.0010511093 0.0019699787 0.0007019484 5.1398667e-05 3.1186236e-08 0.029656725 0.0008995027 1.9335843e-07 2.3541752e-06 0.00014802894 7.2060852e-06 0.004315769 7.692272e-06 1.7931685e-06
0.9910523 8.503198e-05 4.586352e-05 0.11600237 1.8602202e-06 0.032323983 1.2037524e-06 0.60605854 1.2182026e-07 0.030115848 3.4287907e-05 1.8032675e-06 3.196219e-05 0.00047493653 0.1511511 3.3072143e-07 3.992734e-14 0.6977123 0.5149427 0.9707505 0.92265904 5.168245e-06 0.69538623 9.011085e-08 2.57774e-05 5.6572404e-05 0.0030910296 0.29666278 0.038575206 1.9525045e-08 0.008910943 0.537427 0.2996021 0.05418265 7.758842e-09 1.2840564e-05 5.797159e-06 1.2829553e-08 0.059512272 0.20738727 0.07802906 3.1174244e-07 0.001503384 0.14819184 1.9073586e-06 0.120482065 0.06532653 2.7568453e-07 1.0256544e-05 0.19118975 0.026834905 0.024486354 8.3466176e-08 4.6981513e-05 0.049465124 2.3494136e-08 0.0071756886 0.0013668541 0.00018321752 0.032306258 3.301964e-05 2.9163457e-08 0.0022528912 0.0132398065 3.823659e-07 0.00024552408 2.728266e-05 0.023133853 0.0033850425 3.1431014e-08 0.000952426 1.7340564e-10 5.21108e-08 9.94378e-08 0.06424282 2.0351558e-09 0.0012593298 6.1896244e-05 1.0227876e-05 1.1428441e-06 6.549497e-05 2.8989606e-07 0.0007466001 5.3035006e-08 0.00012469875 2.5384707e-05 0.00073442253 6.9772273e-06 3.439252e-08 2.0481127e-06 4.3755762e-07 0.00024800186 9.122103e-07 5.3538717e-08 0.0002835056 6.606009e-05 7.9317863e-07 4.570751e-05 3.2806305e-08 0.002834887 1.5735528e-05
0.9664562 0.00094220066 0.0023542969 0.8289916 0.00012898182 0.4055734 9.225222e-05 0.899105 8.982052e-06 0.13902442 0.0026622969 3.6313708e-05 0.00067409326 0.0038656776 0.19710267 1.0518022e-05 0.6977123 1.3297756e-17 0.42280662 0.35641602 0.5478103 7.295796e-05 0.9721765 2.2367458e-06 0.00020903834 0.002488467 0.0036719888 0.113012716 0.41786346 7.4745644e-06 0.29156882 0.04304817 0.83380646 0.01699396 6.9941215e-08 0.00010141263 0.0006466917 2.0048519e-07 0.0199 0.050180126 0.79596794 2.7487345e-06 0.0064819925 0.0022723165 4.6555477e-05 0.0036703695 0.0068444493 2.6773791e-06 0.0006638608 0.26593044 0.0005285171 4.427868e-05 5.284999e-07 0.014670129 0.0036406887 3.036616e-07 0.0010958014 2.2697582e-06 0.028359147 0.14282036 0.00046583347 9.469993e-07 0.00014816961 0.014755432 7.814604e-07 0.1831565 1.8343974e-06 0.001223568 0.0010892805 1.9726122e-07 0.013935111 7.515578e-10 1.3162342e-07 2.219062e-06 0.0048614508 1.217584e-08 0.04454251 9.584388e-06 0.00014376423 1.5863657e-06 0.00014960025 8.4246983e-07 0.00032788765 8.7160215e-06 8.103221e-05 3.8761428e-07 0.00017428685 8.060991e-05 5.084153e-07 3.0820014e-05 3.474418e-06 0.00034542067 1.5339742e-06 4.3292275e-06 0.011087087 2.1916714e-05 7.852649e-06 8.583167e-06 7.675637e-08 0.000528867 4.5523125e-06
0.9550509 0.04881239 0.022196291 0.6000842 0.0039051266 0.4619468 0.0036403849 0.8189505 0.00091985246 0.7615074 0.0063690194 0.0010477825 0.0021337979 0.035793073 0.97117656 0.0008979106 0.5149427 0.42280662 1.0002447e-14 0.21735828 0.18328056 0.0023514843 0.16017404 6.754204e-05 0.0039517945 0.0059604254 0.14265472 0.94102764 0.15100093 4.1712603e-05 0.041427337 0.037126184 0.040275104 0.39774206 1.0887039e-05 0.00051428995 0.00014831933 6.813865e-06 0.26304537 0.012404054 0.012983003 1.9417781e-05 0.021658523 0.0060657226 5.1821804e-05 0.4512158 0.0022556428 1.4672302e-05 9.1965856e-05 0.009912924 0.00297187 0.010015977 7.1583236e-06 0.00016507269 0.055147786 9.551657e-06 0.020995159 9.855136e-05 0.00031536527 0.0013186504 4.8826725e-05 6.0065313e-06 0.0007017366 0.095640406 2.7103008e-06 0.000114017486 4.2860433e-06 0.00057111646 0.0033152497 5.344256e-06 2.5649395e-05 7.39461e-08 2.1308745e-06 5.7065577e-06 0.13038273 6.023746e-08 6.605556e-05 7.1080717e-06 0.00035709556 9.882746e-06 1.8030819e-06 8.68486e-07 0.005404528 3.198846e-06 6.4238535e-05 0.0001467655 0.0015620582 4.7575472e-06 2.644122e-07 5.4153727e-05 2.9009075e-07 8.196913e-06 1.8297026e-06 5.778502e-06 4.455006e-05 0.0005444405 9.424706e-06 5.741251e-05 4.0365862e-07 0.010673128 9.502208e-07
0.9403659 1.5538491e-05 1.4232524e-05 0.047266707 4.065771e-07 0.003907632 2.4235678e-07 0.24454084 4.0466443e-08 0.012721553 3.6856592e-05 1.82202e-06 2.645436e-05 0.0004092405 0.054714654 7.7010945e-08 0.9707505 0.35641602 0.21735828 3.6257035e-14 0.9475002 9.128899e-07 0.73572904 3.9088484e-08 1.191599e-05 4.311891e-05 0.0011471263 0.075696744 0.011054774 4.3401734e-08 0.004298678 0.9397844 0.62616754 0.015480785 9.135073e-09 3.8852604e-06 2.8850918e-06 1.1665609e-08 0.016246902 0.65356755 0.0829847 3.0823156e-07 0.0005035732 0.51297176 4.2607594e-06 0.045064263 0.3766047 3.3610257e-07 4.723514e-06 0.56811404 0.09351563 0.026045572 1.328705e-07 5.3677755e-05 0.026899828 6.2548345e-08 0.004910193 0.0037705319 0.00042371277 0.10203572 9.655838e-06 2.41585e-08 0.0081419805 0.004558458 1.5949996e-07 0.00046482455 0.00019285559 0.101759814 0.0036560881 3.411212e-08 0.004492783 1.1356857e-09 6.2212465e-08 2.2012337e-07 0.02707185 2.332825e-08 0.0017253429 0.00025791553 8.994044e-06 4.78254e-06 0.00013901482 1.135342e-06 0.0012404391 1.1731071e-07 0.0004476161 5.0379967e-05 0.00065993203 9.551147e-06 1.1863321e-07 2.68366e-06 1.3364081e-06 0.0032201523 1.000745e-06 2.1694702e-07 0.00083291373 9.348861e-05 2.0929547e-06 9.2654365e-05 4.2594775e-07 0.0014808448 0.00014220864
0.8859693 7.2446695e-05 0.00020177948 0.3393539 2.295338e-06 0.013584113 1.6083135e-06 0.73855436 1.5070538e-07 0.027337845 0.00014891503 5.1508264e-06 4.978452e-05 0.0007573907 0.06047583 9.631538e-08 0.92265904 0.5478103 0.18328056 0.9475002 6.242819e-16 3.5726907e-06 0.90693754 5.3215878e-08 1.6973696e-05 0.00026961943 0.0009996985 0.054022722 0.010808515 5.720035e-07 0.008135611 0.90943897 0.63147825 0.006402987 6.3437886e-09 4.9102305e-06 1.6150512e-05 2.0297065e-08 0.005436094 0.74710065 0.22492833 1.7248028e-07 0.00033808514 0.2470761 3.7767145e-06 0.015407637 0.26348653 1.3039913e-07 9.98547e-06 0.59123945 0.096142165 0.004913245 8.571894e-08 0.00042478135 0.012349528 4.530151e-08 0.003096842 0.001297203 0.0021618204 0.12779862 5.0715794e-06 1.7342838e-07 0.0036552183 0.0016264009 1.5740422e-07 0.014113837 6.579365e-05 0.07870851 0.0014531905 2.1332205e-08 0.017995022 2.1914852e-09 4.034144e-08 3.3223853e-07 0.0055361213 3.7489833e-09 0.011561729 0.00034388833 6.965107e-06 1.283435e-06 0.0006651675 5.2053304e-07 0.00077949767 1.5386216e-06 0.0011336819 7.453577e-05 0.0004426515 1.1709543e-05 1.2795194e-08 1.1399002e-05 3.1027866e-07 0.008458874 9.948451e-07 4.5338962e-07 0.0076274234 5.230241e-05 1.9364586e-06 3.0078805e-05 8.740926e-08 0.00039043245 0.00016482259
0.9144665 0.7435285 0.27273014 0.016414884 0.75165945 0.122839645 0.48918805 0.0019877388 0.74176246 0.008418759 0.55427575 0.9051648 0.73332524 0.02474941 0.0023319132 0.7891556 5.168245e-06 7.295796e-05 0.0023514843 9.128899e-07 3.5726907e-06 1.1072085e-13 3.4347308e-05 0.005749289 0.0030355782 0.9596928 0.0008334946 0.0005216291 0.0029115328 0.98387927 0.0030405226 5.5475358e-08 1.28533065e-05 0.001131766 0.014681122 0.00042635767 0.47767735 0.0016512427 0.000835436 1.2924191e-07 2.4310728e-05 0.00037943572 0.02516845 2.546948e-09 0.37487194 2.108129e-06 1.537245e-09 0.010084493 0.28316617 4.0216008e-07 7.498976e-08 1.7547119e-07 1.4067943e-05 0.00040511103 2.08302e-06 8.11395e-06 2.1456854e-06 6.6740373e-09 0.009474063 3.5764114e-07 0.2675917 1.1746654e-05 3.4342293e-07 0.024640381 0.0032933785 3.5344154e-05 7.34266e-09 8.558172e-08 4.7107943e-07 5.6599332e-05 3.7968547e-08 2.9517034e-07 6.105605e-05 4.895994e-07 0.0013188246 7.230264e-07 2.8891836e-06 6.893444e-07 0.00048416844 0.055902895 1.0479592e-07 0.036454406 1.1694082e-06 8.0258957e-07 4.980537e-07 9.67297e-10 9.8175704e-08 0.005053506 3.3127635e-05 6.8954105e-05 0.00018978887 1.1040423e-07 0.00017467538 1.5954362e-05 6.042339e-07 1.9177814e-07 1.038179e-05 5.094812e-07 3.8166025e-05 1.5190837e-05 1.3024346e-06
0.84812325 0.00018631197 0.0004977206 0.26556513 2.4774807e-05 0.054178216 2.1447024e-05 0.5076287 3.0061356e-06 0.020528844 0.0003296623 1.9753006e-05 0.00014412857 0.0011174642 0.03513537 9.882722e-07 0.69538623 0.9721765 0.16017404 0.73572904 0.90693754 3.4347308e-05 1.1268035e-15 4.4733633e-07 3.442158e-05 0.0012080203 0.0008567412 0.028257154 0.049124822 3.893049e-06 0.037822347 0.28469858 0.96975523 0.004023199 4.8406868e-08 1.1757952e-05 0.00012797782 4.002399e-08 0.0049992367 0.66916716 0.47436756 8.156236e-07 0.0016208383 0.03325607 2.1611997e-05 0.00403401 0.05817795 1.8591153e-06 0.00026467317 0.5661397 0.013642281 0.0005308073 1.984479e-07 0.0024831507 0.004212167 1.3793267e-07 0.0009119693 0.00023875272 0.012594459 0.14465795 0.0002236313 1.976893e-07 0.0007546092 0.0039186357 3.6734332e-07 0.06941215 3.7117334e-05 0.058346115 0.0007785386 6.45128e-08 0.055568393 2.3689233e-09 4.0333848e-07 7.365271e-07 0.0047996882 1.568995e-08 0.027799223 0.00013569203 5.385414e-05 4.451984e-06 0.0011547569 7.318657e-08 0.00028706228 3.2586775e-07 0.001272338 7.811196e-06 0.00020259144 2.7886266e-05 1.5070881e-07 2.6667767e-05 3.589728e-07 0.011439182 3.0671384e-07 1.2733246e-06 0.02170901 2.3669361e-05 3.2262137e-06 9.997094e-06 7.404499e-07 0.00046016247 3.410928e-05
0.9911296 0.0009522367 0.020021856 2.2350112e-05 0.051105484 3.9248684e-05 0.20619713 3.7766492e-06 0.21342526 0.00040977006 0.00046363653 0.0034441205 0.000611195 0.020453224 0.00027756987 0.2685978 9.011085e-08 2.2367458e-06 6.754204e-05 3.9088484e-08 5.3215878e-08 0.005749289 4.4733633e-07 3.8060313e-13 0.8963924 0.00012560416 0.03708412 0.0014521959 2.1776455e-05 0.01304443 5.1608026e-06 1.615392e-08 1.9308102e-06 0.03392811 0.748828 0.7558572 0.00031294662 0.9002639 0.016939431 2.626301e-07 3.157369e-06 0.63200355 0.637812 8.448739e-09 0.0024227558 1.6948188e-05 6.641858e-09 0.55016667 0.00014801341 2.0605162e-06 6.1584615e-08 3.3675613e-07 0.4316206 1.2925805e-07 7.66645e-06 0.88490444 1.374463e-05 1.9815165e-08 4.004408e-06 2.0586235e-07 4.7127713e-05 0.049435664 7.7110644e-07 0.5818411 0.07139899 4.6621145e-07 1.8919595e-06 4.569654e-08 6.5486097e-07 0.27717653 8.614144e-07 0.124571964 0.336264 0.001030038 0.001797077 0.055425454 4.362558e-06 2.007052e-05 0.14175133 0.0016947703 7.6846504e-07 0.025334658 5.9456297e-06 0.0011436538 2.5776505e-06 6.053115e-08 3.6470701e-06 1.1421663e-06 0.0021888525 0.00066616735 6.911336e-07 6.503311e-06 0.006098744 0.00060736993 1.7645517e-06 5.080898e-06 0.0007906879 5.4001407e-06 0.0756507 8.4386746e-05 6.3681387e-07
0.9643254 0.006737954 0.49448177 0.011983434 0.25408125 0.002389418 0.63715464 0.0031351384 0.2347308 0.09181041 0.0022393467 0.008091217 0.0029916484 0.89029676 0.037398793 0.051302634 2.57774e-05 0.00020903834 0.0039517945 1.191599e-05 1.6973696e-05 0.0030355782 3.442158e-05 0.8963924 9.148918e-13 0.00024759962 0.7120226 0.010976585 0.00015891959 0.002676663 3.1660875e-05 1.6544748e-06 2.0019937e-05 0.2218996 0.11437404 0.94821286 8.036964e-05 0.07744079 0.07309142 1.5033014e-05 1.6554117e-05 0.7267107 0.866179 1.0954093e-06 0.00032330333 0.0067580063 2.5381362e-07 0.019402811 9.9818666e-05 2.9624764e-05 6.555592e-06 2.271429e-05 0.72757834 1.5898991e-06 0.0004832555 0.0716349 0.000116549585 1.0233906e-07 2.1233436e-05 1.9778756e-05 2.4057628e-05 0.0873873 9.819654e-07 0.6191979 0.001344531 1.7150086e-06 1.5702945e-08 1.549627e-07 8.599501e-05 0.0048120995 3.4107113e-06 0.00050738314 0.002594708 0.021159973 0.0065687415 0.00017945509 5.8538085e-06 2.4289153e-07 0.03601137 8.6147185e-05 7.236797e-07 0.000859579 3.479055e-05 0.007418509 3.8334165e-06 8.417426e-08 3.5070374e-05 5.099972e-06 8.842929e-05 0.0003888368 1.6974157e-06 1.1876566e-05 0.00039587816 0.00014292773 5.1764702e-05 3.9868796e-06 0.00045605714 2.5831307e-06 0.0009482565 0.00044455484 1.5922001e-07
0.89130265 0.7568182 0.079443224 0.07760442 0.31381977 0.6539316 0.08885318 0.0054389327 0.24346451 0.011403281 0.56420237 0.64623314 0.64664924 0.013103647 0.00812423 0.17424375 5.6572404e-05 0.002488467 0.0059604254 4.311891e-05 0.00026961943 0.9596928 0.0012080203 0.00012560416 0.00024759962 8.4375256e-14 0.00015604895 0.0003361191 0.19984266 0.7543838 0.38410142 8.867035e-06 0.00021120731 0.00085072406 0.000226555 1.6748434e-05 0.98972917 0.00012728183 0.00019402891 3.895972e-06 0.0007567427 5.2306303e-05 0.008661615 2.7007115e-07 0.704876 3.4147128e-05 3.5716295e-07 0.0002887608 0.8557055 1.470511e-05 1.6003041e-06 2.509508e-06 2.6018452e-07 0.0503475 4.593618e-05 4.447083e-06 2.8644683e-05 3.4005843e-08 0.6906837 2.9395402e-05 0.6451427 1.3754285e-06 1.6924107e-05 0.009483615 0.00014070206 0.0018139314 5.987035e-08 7.3094395e-07 5.9091777e-05 2.9660398e-06 1.6662611e-07 2.5972489e-07 2.6788857e-06 1.4401404e-07 0.004126963 3.4424238e-07 2.2533935e-05 4.8538226e-07 0.00028589653 0.013583672 1.3527396e-07 0.0008893119 1.7880313e-05 3.8655114e-07 4.3118783e-07 2.1721728e-08 5.5249648e-06 0.04034401 8.9722064e-08 9.784035e-06 0.00068377587 2.3386043e-07 7.8906453e-07 1.3887237e-06 6.4692176e-07 1.0092722e-06 1.1463327e-06 1.5525293e-05 3.598918e-07 1.88982e-05 2.93433e-07
0.95017576 0.019075567 0.24066158 0.068692654 0.030685367 0.0057411445 0.06991625 0.020087278 0.013685707 0.7658492 0.003490644 0.0036649324 0.0020342502 0.9536703 0.6462004 0.0057116575 0.0030910296 0.0036719888 0.14265472 0.0011471263 0.0009996985 0.0008334946 0.0008567412 0.03708412 0.7120226 0.00015604895 4.71488e-16 0.50607985 0.0008055365 9.821059e-05 6.0269216e-05 0.00034164952 1.9102867e-05 0.97957003 0.0033016242 0.28854194 8.002589e-06 0.0022928033 0.42589512 1.7533755e-05 8.789049e-06 0.07987114 0.50418043 2.5025736e-05 1.46981e-05 0.24994731 1.2781292e-06 0.0005345623 8.535024e-06 5.3775693e-06 0.00012364246 0.0016573269 0.089656614 1.8450734e-06 0.01115672 0.0017560172 0.0145471115 6.666872e-06 9.861835e-06 2.3173923e-06 6.84022e-06 0.005008332 3.2532065e-05 0.6315472 4.8361075e-05 3.0108438e-06 1.9435166e-08 1.3499752e-07 0.0020433534 3.4997534e-05 6.0964237e-07 1.8067034e-06 8.2342354e-05 0.013441714 0.12050508 5.252848e-06 2.0635011e-06 5.0780496e-08 0.005518565 3.4839009e-06 1.1828063e-07 3.0145775e-05 0.0052557946 0.0014751644 8.0612205e-07 8.426402e-05 0.000961946 6.2254395e-07 1.3481176e-05 0.00041732658 3.358184e-07 1.0710562e-06 1.24915905e-05 0.000108662374 2.6159737e-06 6.42628e-05 0.0002361319 8.117952e-06 5.6161252e-06 0.008862517 2.5920809e-08
0.9763267 0.015457137 0.029637167 0.16911945 0.0058659725 0.035530426 0.012153824 0.37774688 0.0026266833 0.4961025 0.0020349089 0.0005300867 0.0007899602 0.09720503 0.76331997 0.0014841001 0.29666278 0.113012716 0.94102764 0.075696744 0.054022722 0.0005216291 0.028257154 0.0014521959 0.010976585 0.0003361191 0.50607985 8.344316e-14 0.011370192 4.4770104e-06 0.0022808607 0.027910415 0.00270411 0.8657149 7.9997015e-05 0.0023244352 1.0190586e-05 0.00010745676 0.8219176 0.006753908 0.0012989881 0.002817449 0.017583601 0.0058134086 1.3187421e-05 0.67550904 0.0029133728 9.8385615e-05 5.4363554e-05 0.0008564484 0.011545592 0.049598604 0.00017959754 3.0998795e-05 0.24854401 0.0001440651 0.08372149 0.0068802964 8.119729e-05 9.037684e-05 0.00024997818 0.00026597048 0.0046064244 0.29290485 5.164224e-06 8.5575804e-05 5.422861e-05 0.00080482167 0.014442145 6.589569e-07 5.621366e-06 4.0296936e-07 3.965483e-05 0.00066323706 0.764749 3.2916483e-07 4.1343887e-05 1.440833e-05 0.00020779826 1.9748175e-06 1.521973e-06 7.8092916e-07 0.012928699 3.1552638e-05 2.2155466e-05 0.005051658 0.0035373187 2.5629737e-07 4.8712263e-07 3.7703066e-05 5.2061623e-08 5.753542e-06 4.0740653e-07 1.9118468e-05 0.00012364601 0.002485565 3.8475195e-05 0.000169045 7.5611442e-06 0.044803843 1.5304716e-06
0.83913904 0.2606676 0.017051607 0.5566364 0.011909624 0.9460181 0.009164682 0.22131427 0.0076758107 0.058387294 0.016629362 0.0031510554 0.008201691 0.004436929 0.061810333 0.00081061426 0.038575206 0.41786346 0.15100093 0.011054774 0.010808515 0.0029115328 0.049124822 2.1776455e-05 0.00015891959 0.19984266 0.0008055365 0.011370192 9.313951e-16 0.0002668124 0.99684584 0.00029358015 0.04323532 0.0030426402 1.9744004e-07 0.000101777994 0.012878326 2.8919953e-08 0.002528936 3.1487794e-05 0.33363584 4.889399e-06 0.004802296 1.7921957e-06 0.0006359761 0.00017802985 7.976915e-07 3.5064582e-07 0.019799989 0.000244316 3.0815206e-06 3.4586944e-06 5.033866e-07 0.229072 0.0004189204 2.832822e-07 9.069911e-06 2.9265983e-08 0.3326637 0.0013431922 0.016146725 7.078466e-07 5.1006778e-06 0.005680834 9.509238e-08 0.40190414 1.3623453e-08 1.9278866e-06 0.00016885373 8.6458826e-08 6.8699333e-06 4.642189e-09 1.2264505e-08 6.8745694e-09 0.006478127 3.033646e-09 0.0075044995 7.057937e-08 0.0008508543 1.6044178e-06 4.5133766e-06 2.0204364e-08 4.240184e-06 7.2071873e-07 8.072968e-07 8.256173e-09 3.0901963e-06 0.0010207068 7.511512e-09 4.8504673e-05 6.305958e-05 2.2282518e-07 4.226948e-08 9.854934e-06 0.00032127966 1.1136946e-06 2.5058549e-05 3.291857e-06 3.892902e-09 0.00092125277 1.3020416e-07
0.8383409 0.22035311 0.04449727 0.00071940443 0.4889265 0.009058282 0.17235273 4.62593e-05 0.635294 0.0005707528 0.083159484 0.5743294 0.17947178 0.0034465648 9.6004376e-05 0.87460434 1.9525045e-08 7.4745644e-06 4.1712603e-05 4.3401734e-08 5.720035e-07 0.98387927 3.893049e-06 0.01304443 0.002676663 0.7543838 9.821059e-05 4.4770104e-06 0.0002668124 6.357994e-14 0.0002971357 2.376225e-07 4.0919326e-06 0.0001519506 0.6025133 0.00040083603 0.6659026 0.09898225 3.762724e-05 1.8856485e-07 1.6948776e-06 0.0013097151 0.012322587 1.0749282e-08 0.9719117 1.8006047e-07 4.2717834e-09 0.3650297 0.30993214 1.24093e-06 3.581494e-07 4.1711345e-08 3.5600202e-05 1.4073728e-05 2.9863776e-07 0.00047571823 5.8523183e-06 4.511009e-08 0.0023195017 3.12639e-06 0.26339537 9.631709e-05 1.2062507e-06 0.00628469 0.1148422 1.699199e-06 1.4757033e-07 1.19189096e-07 1.4648924e-07 0.0022780858 3.8245247e-08 1.5472187e-05 0.0076951273 4.8019865e-06 0.0008418627 3.0310845e-05 2.7732375e-08 7.8056255e-06 0.0004373036 0.40706795 4.6343203e-07 0.48122078 5.8356095e-06 1.19826545e-05 1.3620439e-06 1.4488653e-08 1.6101276e-06 0.016830858 0.0011647076 6.3430336e-05 0.00118414 3.7037736e-07 0.013592716 7.622009e-06 3.5774775e-08 1.891376e-07 8.362146e-06 1.1230392e-05 0.0010551487 3.1410116e-07 2.1063765e-06
0.5382449 0.108012564 0.0058196685 0.32850322 0.0043986486 0.8805777 0.0031134398 0.11911538 0.0020950844 0.029329177 0.018412886 0.0017720647 0.008354731 0.00187321 0.021081457 0.0002426178 0.008910943 0.29156882 0.041427337 0.004298678 0.008135611 0.0030405226 0.037822347 5.1608026e-06 3.1660875e-05 0.38410142 6.0269216e-05 0.0022808607 0.99684584 0.0002971357 3.4879797e-19 0.00030001014 0.04430857 0.00052986154 3.0169184e-07 1.8571634e-05 0.09395481 3.9218708e-07 0.00066296046 5.0283918e-05 0.4885008 8.433963e-06 0.00072853774 4.0989667e-06 0.0017628968 1.3357271e-05 2.2061463e-06 4.4541645e-07 0.13192894 0.00035265432 2.2980273e-06 6.2657995e-07 2.2600955e-07 0.85851794 0.0001755272 1.08690294e-07 1.3385727e-06 1.9434545e-07 0.60900193 0.002777756 0.12925626 9.494672e-07 2.2299025e-06 0.0017760008 5.199109e-07 0.8422099 6.7893e-08 7.738196e-07 4.77499e-05 1.774845e-08 1.2389902e-05 9.39459e-10 6.1213e-09 8.296257e-08 0.0007809833 3.526812e-09 0.03216564 1.01666664e-07 0.00022575268 6.9921616e-06 8.422767e-06 3.7785767e-08 4.2378265e-06 1.2362024e-07 5.285538e-07 5.3944498e-09 1.1243852e-05 0.006318169 1.8260192e-08 6.6217813e-06 0.0004617715 1.2130333e-07 1.7123044e-07 4.632091e-06 0.0009135828 2.5737447e-06 6.428375e-07 1.5898383e-06 1.8587261e-09 6.465841e-06 1.6536553e-07
