6.489641e-18 0.94207585 0.9487727 0.92908645 0.97692335 0.9293724 0.9779625 0.8980968 0.75108856 0.8274022 0.9904906 0.84147036 0.9756305 0.86478925 0.96763676 0.7037928 0.84408873 0.8819517 0.9198744 0.9965151 0.26636907 0.04597526 0.9368053 0.8112701 0.7914546 0.912091 0.17796412 0.9771286 0.36042708 0.030752078 0.009723485 0.96580505 0.83735436 0.81585485 0.86474806 0.47260094 0.9242781 0.7585576 0.9562837 0.38901988 0.9473658 0.8903698 0.689062 0.9485411 0.9141181 0.011014271 0.961785 0.9200053 0.15179263 0.075510256 0.88684267 0.7666778 0.5245378 0.44270194 0.72729224 0.16205762 0.7964159 0.99522895 0.18909521 0.004321087 0.9808426 0.0033944095 0.97448313 0.25873688 0.015866684 0.91611713 0.77623004 0.36727202 0.8887547 0.9666147 0.008184963 0.83267975 0.6824471 0.0074720317 0.0036144536 0.1168463 0.0010823519 0.9688194 0.013927657 0.5984868 0.07150164 0.38675395 0.61053383 0.99181336 0.00020317343 0.0007088488 0.004713149 0.0065485947 0.65941113 0.93920916 0.9999308 0.9999466 0.9824781 0.99080175 0.0006012438 0.060911372 0.87412447 0.99971086 0.27064806 0.9768926 0.06268252
0.94207585 2.1429585e-16 0.76681036 0.9501939 0.044687748 0.5218848 0.0014442846 0.0011390217 0.0040349145 0.7939686 0.185446 0.8435355 0.89711237 0.48410225 0.8405802 0.1516276 0.77200145 0.00013779693 0.13835034 0.86984044 0.017504126 0.00087568595 7.61936e-05 0.5732718 1.2390966e-05 3.3065157e-06 0.04595892 0.016218835 0.00027058925 0.00053693244 0.0010529198 1.7100869e-05 1.7398876e-06 2.7283997e-06 0.018995186 1.2581677e-05 0.00082269945 2.0438054e-07 0.0014007882 0.3057864 0.033084545 2.2738628e-07 4.5716577e-05 1.6837752e-05 0.0067200297 0.004357967 3.5028686e-05 0.006855927 4.8155566e-06 0.05723269 2.4021208e-08 0.00070429366 2.9094246e-05 3.7534483e-07 2.1167543e-05 0.3470797 0.0024967392 0.06527196 0.0016259069 2.8196153e-05 3.7894083e-07 5.9194176e-06 0.002743395 0.0001543529 0.013284118 7.874678e-05 0.001245821 6.874166e-08 0.020156821 1.679924e-07 0.01931782 0.0010664825 0.00656212 0.06058209 5.3211015e-06 1.6732907e-06 0.0018080842 0.020132788 0.02424411 0.00014637188 3.490397e-07 3.9440944e-05 5.621567e-05 0.0012911947 4.8527236e-06 0.00069905317 0.00033079987 6.2930887e-09 1.1145548e-05 0.000120619436 0.07571001 0.02768912 2.6040248e-05 4.312446e-05 1.5815294e-05 2.0087543e-09 3.4664824e-09 0.008485226 6.8786385e-08 0.00065108266 1.5702264e-05
0.9487727 0.76681036 1.4874337e-16 0.96966475 0.61495155 0.9673303 0.06197832 0.03708241 0.110123746 0.010041148 0.33079323 0.07223483 0.56576157 0.00077684195 0.283482 0.7865806 0.26348132 0.0008696564 0.00023008346 0.86588633 0.6250137 0.04321535 0.0003910941 0.39676067 5.1797542e-05 4.7224574e-05 0.31096372 8.92775e-05 0.009388662 0.029099943 0.028475119 5.5688317e-05 8.442075e-06 2.1009468e-05 0.0010247873 2.3103914e-05 4.7569306e-06 5.338018e-07 5.908995e-06 0.21589752 0.0034343936 6.3274274e-07 0.0005636155 0.00012254568 6.1398077e-06 0.052205466 3.843214e-07 0.007632019 8.141122e-05 0.30017748 8.9276014e-08 8.66405e-06 1.3149853e-06 5.7817597e-06 2.5045864e-07 0.016400592 0.00024851112 0.066627815 1.3876336e-05 0.0022007385 5.7195166e-07 0.00039390463 0.00022336701 3.19823e-06 0.027612451 0.00016051663 7.803746e-05 1.4132482e-06 0.0029139023 2.3339767e-07 0.014058209 2.0275776e-05 0.00068510644 0.0055762483 1.3972145e-05 6.093171e-08 0.0029303904 0.0030338375 0.0008520687 0.00015520371 2.6986982e-07 1.1129323e-06 0.00014962339 0.0024054097 7.7456825e-05 0.00020972543 3.9689994e-06 1.5349487e-08 7.452037e-06 7.766653e-05 0.021736166 0.03288239 2.3801054e-05 3.1533275e-06 3.4438355e-07 2.705034e-09 3.75347e-09 0.0018896452 4.3554257e-07 5.656658e-05 3.9697207e-07
0.92908645 0.9501939 0.96966475 6.5796847e-16 0.23564723 0.8774028 0.0245044 0.012965216 0.045057446 0.11145864 0.13191792 0.52995795 0.6268668 0.019233491 0.36923856 0.7797438 0.7200733 0.00016772836 0.0058494336 0.8663878 0.48259786 0.026776219 5.670523e-05 0.7815592 2.427381e-06 4.7940384e-06 0.33852658 0.00045038035 0.0028928532 0.013966431 0.021873608 1.3583672e-05 2.1207259e-06 4.6692717e-06 0.0035186487 5.4999887e-06 0.00012879436 1.4451125e-07 0.00015460778 0.5161592 0.009047011 9.795779e-08 0.00025915744 1.9396535e-05 0.00047586183 0.05172625 1.5349586e-05 0.003751454 8.223401e-06 0.42771906 1.7634969e-08 0.00026192138 1.3166977e-05 1.2243097e-06 3.0762649e-06 0.15064992 0.00051144575 0.028636152 0.00027062072 0.0008371104 8.007428e-08 0.00020558348 0.00066012744 2.5961297e-05 0.045269858 3.1712945e-05 0.00012604454 3.534128e-07 0.0060101934 3.040564e-08 0.0481818 7.952396e-05 0.0014997788 0.039010957 4.1991775e-06 3.943763e-07 0.007077131 0.005851964 0.004225172 4.5073222e-05 1.7726096e-07 5.3303092e-06 2.5045481e-05 0.0011811962 8.991248e-06 0.0009360844 7.851709e-05 1.0844713e-08 1.3431595e-06 1.6679973e-05 0.027912196 0.012936068 2.9390394e-06 1.1559137e-05 1.3057589e-06 5.711994e-09 1.8030516e-09 0.004013343 3.7784325e-08 0.0003380964 2.57468e-06
0.97692335 0.044687748 0.61495155 0.23564723 2.5142368e-17 0.55684376 0.93950796 0.9211103 0.7865957 0.00035997212 0.9552557 0.0008574568 0.2288132 2.149863e-05 0.065161526 0.3580649 0.002931466 0.09850503 1.2160159e-05 0.24488932 0.75024426 0.13990138 0.021296082 0.0052524675 0.026258238 0.0029223359 0.1704819 0.00013206044 0.38535288 0.13091841 0.05158665 0.0023317921 0.00057991885 0.0001324873 0.0009010055 0.00021175186 1.9719325e-06 5.635671e-06 2.060863e-05 0.0017519381 0.0029673767 1.0227378e-05 0.01654053 0.00093885814 3.8330477e-06 0.055204745 9.765964e-07 0.059368894 0.006971617 0.07487768 2.426378e-05 1.5793357e-06 9.873246e-07 0.00012343371 2.2499705e-07 0.00017137709 0.0007306602 0.18335722 2.2361444e-06 0.005267785 1.438241e-05 0.009150792 0.0005807717 7.164412e-07 0.0017809024 0.0014775341 0.00020807667 3.323352e-05 0.0049955267 1.0454133e-06 0.00041715827 5.9921054e-05 0.0014853673 0.00017056137 0.0015494048 6.569692e-08 0.00020625509 0.005107388 2.9517938e-05 0.00049293734 4.4289004e-06 1.6271416e-06 0.00029162542 0.00468367 0.000176539 1.6189433e-05 1.2950762e-06 3.676321e-07 9.090283e-05 0.0007235617 0.045948174 0.12726945 0.00040931194 4.3272503e-06 9.0430643e-07 3.8438883e-09 1.2987329e-07 0.0029318004 1.168965e-05 3.9489572e-05 9.3284484e-07
0.9293724 0.5218848 0.9673303 0.8774028 0.55684376 3.4617298e-14 0.07404513 0.07056811 0.21917431 0.0028166068 0.13222635 0.024286848 0.24154733 0.00043941103 0.0716387 0.9879224 0.15085886 0.00074010686 6.0365277e-05 0.57524043 0.7580147 0.14013419 0.00037548185 0.36046332 2.9000586e-05 7.350753e-05 0.47154173 0.00012518645 0.03678137 0.09281686 0.07682259 6.133935e-05 1.1272508e-05 4.7550686e-05 0.0003763702 2.5693509e-05 4.779553e-06 1.7032046e-06 2.1672244e-05 0.22560321 0.0011582553 2.7249048e-06 0.00021527588 1.8626924e-05 2.6848375e-06 0.108256474 8.162963e-08 0.0020856063 0.00014396936 0.43239775 5.710156e-08 4.248441e-06 6.540196e-07 3.2912073e-06 2.6990148e-07 0.018308323 1.7280301e-05 0.017526358 2.3003e-05 0.0071962923 1.4820343e-07 0.0011328274 9.5296884e-05 1.2056342e-06 0.03806444 3.95687e-05 3.3502412e-05 9.605575e-07 0.0012740553 8.656773e-08 0.0123520605 1.7144084e-06 4.8138e-05 0.0038247278 7.890405e-05 3.52931e-08 0.0033487051 0.0007226742 0.00048704923 1.5681433e-05 2.1735054e-06 4.1998223e-06 4.1061658e-06 0.0004913249 1.8512574e-05 0.00012861296 4.299451e-06 5.042791e-08 2.534704e-07 1.0990503e-05 0.0124791665 0.018717358 4.0500304e-06 5.3037763e-07 5.911926e-08 1.5661837e-09 7.1204163e-09 0.000292776 7.7391434e-08 9.554436e-06 1.7392321e-06
0.9779625 0.0014442846 0.06197832 0.0245044 0.93950796 0.07404513 4.038622e-17 0.97630805 0.56942874 1.5422438e-05 0.87617534 3.513679e-05 0.034842633 1.348311e-06 0.010955699 0.03609678 9.342827e-05 0.64794344 5.170165e-07 0.05114074 0.32985917 0.05153572 0.2478899 0.00061644474 0.7176387 0.0757571 0.017271439 1.5822703e-05 0.59435564 0.06871691 0.014329107 0.052717846 0.03368274 0.0044492194 0.00019740869 0.002888933 1.7074711e-07 0.00021499502 1.9925453e-06 0.0003413533 0.0004437422 0.00011946069 0.2929973 0.009538805 7.1711312e-09 0.015467806 8.0265266e-08 0.13166021 0.086934775 0.012681217 0.00030774155 1.3409459e-07 5.4086007e-07 0.0023064355 2.7411007e-08 1.4751405e-05 0.00030878664 0.14277321 5.310488e-07 0.0060249968 0.00015209791 0.02664075 0.00016406886 1.5444265e-07 0.00013879467 0.009336046 6.4978216e-05 0.00027262777 0.001302339 4.1401586e-06 3.88137e-05 1.3628073e-05 0.0007405863 2.4303044e-06 0.017275417 7.3773903e-09 5.3875767e-05 0.0015515317 1.0933617e-06 0.00092247606 4.3353477e-05 1.3271422e-07 0.00082345377 0.0118507035 0.0010391653 6.882537e-06 6.670847e-08 9.571399e-06 0.00021900637 0.0019100446 0.016607603 0.22852115 0.0016771795 9.466558e-06 1.0401789e-07 9.857546e-10 1.0794978e-06 0.0010475053 0.00010815485 7.4986683e-06 1.7190784e-07
0.8980968 0.0011390217 0.03708241 0.012965216 0.9211103 0.07056811 0.97630805 7.162886e-17 0.9880029 9.4401785e-06 0.2889216 1.34547945e-05 0.009046835 7.21262e-07 0.001908375 0.054484572 4.8845264e-05 0.15108861 5.442269e-07 0.028798359 0.537333 0.14112121 0.04943596 0.00035749335 0.17595355 0.009040405 0.019217895 5.644799e-06 0.74017274 0.08691739 0.018951114 0.0048345956 0.0030637402 0.0007104999 1.1776019e-05 0.00036292695 1.5800114e-07 3.7374324e-05 6.763195e-07 0.0003144859 4.3548323e-05 2.3221606e-05 0.25853238 0.001197598 1.8323856e-09 0.008904721 5.0365117e-09 0.013181237 0.1175533 0.009503438 4.386381e-05 7.999079e-08 8.236061e-08 0.000756803 9.587764e-09 8.607037e-06 6.5649083e-06 0.019419981 5.9922417e-07 0.0057351715 1.33292115e-05 0.016554615 7.2823973e-06 5.3781694e-08 0.00033763066 0.0015209662 2.217727e-06 0.00013551654 0.00014421176 4.7889525e-06 1.4858681e-05 2.2817089e-07 2.6073062e-06 5.430997e-07 0.013044535 2.9635412e-09 4.02088e-05 5.281145e-05 7.7956635e-08 0.00018009114 6.1034167e-05 1.6368776e-07 5.0842216e-05 0.0027067985 0.0017247383 2.3343962e-06 2.5916066e-08 3.7679506e-06 1.0073736e-05 0.00023112257 0.0033131873 0.065121524 0.00022471219 7.0470514e-07 4.2001783e-08 2.1906274e-10 2.1119209e-07 9.777147e-05 1.6411026e-05 3.437013e-06 1.122295e-07
0.75108856 0.0040349145 0.110123746 0.045057446 0.7865957 0.21917431 0.56942874 0.9880029 7.7875066e-15 7.3406096e-05 0.07881343 0.00021952872 0.0039359787 1.2747723e-05 0.001118947 0.4146608 0.0004010659 0.019235209 3.5558548e-06 0.019215101 0.95896304 0.8408858 0.005174563 0.0016941346 0.021973956 0.0010800638 0.2415942 1.3170731e-05 0.92347014 0.44894898 0.1890646 0.00042500277 0.0011759854 0.00048129694 7.054607e-06 0.00041792222 4.0493944e-07 0.00012689595 2.1120811e-06 0.0005218282 4.390846e-05 3.531336e-05 0.05126828 0.00015424269 3.3006902e-08 0.07484886 1.9805256e-07 0.002418062 0.05691532 0.019990573 1.9755229e-05 5.158551e-07 1.3954964e-07 0.0001368887 1.7257622e-07 2.5394704e-05 1.7781751e-05 0.008071195 6.7035086e-07 0.023566527 1.6981614e-05 0.05225959 3.3239667e-05 1.5442497e-07 0.0014078474 0.00027034394 7.2063625e-07 0.00012225911 0.00028778045 1.8505707e-05 0.0004991319 1.165168e-06 1.3523018e-06 3.8016299e-06 0.022589289 3.8509718e-08 0.00025518535 0.00018432217 7.413685e-07 4.120977e-05 1.6812848e-05 1.0939874e-06 2.5639198e-05 0.00045154628 0.0015292974 6.776673e-06 8.914039e-08 1.0930489e-06 3.6381163e-05 0.00010029138 0.0018383326 0.016867142 5.56155e-05 2.5406624e-05 1.04435564e-07 3.8726308e-10 2.469929e-07 9.645281e-06 6.5134464e-06 1.2856311e-05 1.2839175e-06
0.8274022 0.7939686 0.010041148 0.11145864 0.00035997212 0.0028166068 1.5422438e-05 9.4401785e-06 7.3406096e-05 1.3200709e-18 0.0062640943 0.9839522 0.5060469 0.99331987 0.6392036 0.00091328006 0.49669614 2.3410123e-05 0.35148233 0.33043042 5.406569e-05 1.5032685e-05 1.2099231e-05 0.10141358 8.9288946e-08 6.4893186e-07 0.00048189535 0.03479539 3.3876725e-06 4.1188283e-05 3.0265754e-05 2.8912507e-06 2.237786e-07 5.8365778e-08 0.022304531 6.134619e-07 0.0023094388 1.6741831e-08 0.0055188336 0.025419218 0.011427897 1.8626274e-08 1.1008735e-05 8.848189e-06 0.03906343 5.2457468e-05 0.0012729969 0.0012330858 4.1084706e-07 0.0005665993 1.0993579e-08 0.0026498232 7.481443e-05 1.6141503e-07 8.057155e-05 0.3069944 0.0008107457 0.0074671307 0.01938707 1.2638338e-06 1.682243e-08 7.5324084e-07 0.0034358823 0.00025498198 0.00027709064 3.1035431e-06 0.00021315149 1.13187205e-07 0.007200617 1.0506872e-07 0.0028431648 0.00033565253 0.00129749 0.03868729 5.4113737e-08 1.7150796e-05 0.00014794397 0.008676922 0.10791088 2.0078628e-06 3.7309468e-07 0.0011342636 2.1099572e-06 0.00031837262 1.1507184e-06 0.0009097933 0.0020955182 7.887146e-09 6.9879746e-08 6.432616e-08 0.04504275 0.0069458312 5.8047124e-07 2.1174328e-05 5.596397e-06 1.0312105e-07 2.9633433e-09 0.0019190698 6.989414e-08 0.000115282965 0.00070259743
0.9904906 0.185446 0.33079323 0.13191792 0.9552557 0.13222635 0.87617534 0.2889216 0.07881343 0.0062640943 2.415208e-13 0.00416931 0.71809655 0.00069463515 0.2212414 0.009793296 0.0027671538 0.5981664 0.00063546887 0.6901345 0.023504209 0.0033358722 0.57030314 0.0017415667 0.02495856 0.066036925 0.0038173415 0.0034032206 0.019274464 0.0024323058 0.0011877699 0.3268929 0.010787318 0.007402774 0.0098610185 0.0024664244 0.00039079395 0.00031882993 0.00020921344 0.0004616209 0.019499626 0.00048417863 0.004261959 0.04538884 0.00011869043 0.0013419356 4.548099e-06 0.69806963 0.002480391 0.0068535614 0.00015061493 0.00026104663 8.282424e-06 0.0002804834 3.2565229e-06 9.167374e-05 0.0012812248 0.7307083 5.0969844e-05 0.00043832994 0.00036554292 0.0010963741 0.0015861797 2.9022003e-05 0.0013158917 0.018482635 0.0003979747 0.000119500575 0.01791808 2.4838539e-05 0.0015369352 6.757296e-05 0.007967115 0.00014571422 0.00040402936 3.0175084e-07 0.00056604896 0.013740851 6.3987686e-06 0.0011790455 9.830899e-05 9.96305e-06 0.001573499 0.017185198 0.00014515678 0.00042595144 1.8850573e-05 1.569787e-06 3.3393542e-05 0.0015454742 0.16728711 0.48053986 0.00018256433 3.5422183e-06 4.661954e-07 1.3706589e-09 7.5599e-07 0.007714379 9.995197e-06 8.490249e-05 3.764373e-06
0.84147036 0.8435355 0.07223483 0.52995795 0.0008574568 0.024286848 3.513679e-05 1.34547945e-05 0.00021952872 0.9839522 0.00416931 5.627042e-17 0.36271444 0.5162465 0.37209937 0.0076945885 0.98358244 1.7114704e-05 0.052205868 0.43385875 0.00043220248 0.000118240896 6.991508e-06 0.73464555 1.6951047e-07 9.223757e-08 0.00500093 0.00557782 3.2057662e-06 0.00012598398 0.00021396758 4.1679075e-07 1.5015792e-07 1.0124134e-07 0.0053158086 3.5152775e-07 0.0005675065 2.3855698e-08 0.0009644628 0.48820105 0.0035756277 1.4170851e-08 2.491752e-05 3.7963223e-06 0.005879436 0.0006531187 0.00018588247 0.00045468306 6.7184146e-07 0.014740156 2.9500795e-09 0.00073675025 0.00011456311 1.0863909e-07 7.947404e-06 0.7151725 0.00068306935 0.0035134398 0.013126711 1.0821391e-05 8.832039e-09 2.5814857e-06 0.0010928874 0.00010302242 0.008277426 4.9618717e-07 7.087842e-05 2.1871863e-07 0.0044954144 3.8635594e-08 0.056445397 5.3298445e-05 0.0004266642 0.2761968 2.514619e-07 9.232453e-06 0.0034012515 0.002934939 0.4317312 1.749091e-06 3.6680474e-06 0.00033205212 1.8259444e-06 0.00010250526 3.4674315e-07 0.0167066 0.004622112 2.622149e-09 1.5316405e-07 3.46042e-08 0.029114662 0.0022020002 5.7787025e-07 1.2727061e-05 8.853481e-06 9.5206305e-09 3.4991792e-09 0.00095393957 1.1052237e-08 2.1591251e-05 0.00019454418
0.9756305 0.89711237 0.56576157 0.6268668 0.2288132 0.24154733 0.034842633 0.009046835 0.0039359787 0.5060469 0.71809655 0.36271444 3.3316775e-15 0.32735723 0.97303945 0.01650155 0.22917704 0.017949421 0.40463233 0.8910193 0.007228741 0.000114527604 0.010620805 0.08742258 0.00028446811 0.0004059822 0.0017538767 0.018958516 3.7491878e-05 0.0001242818 0.00013302981 0.010274133 0.00012634927 0.00020959107 0.24811603 0.00014477991 0.034453128 1.680133e-06 0.00043732862 0.0122990655 0.1943467 3.6296344e-06 0.0006050865 0.0032412158 0.013845993 8.514647e-05 4.655139e-05 0.23951638 7.114773e-06 0.0007365826 7.1368724e-08 0.0049966676 0.0009266042 3.1128952e-06 0.00022850705 0.014354402 0.0029736813 0.6828132 0.00077773 6.630483e-06 4.3774526e-06 1.5775271e-05 0.0017398312 0.0016513371 0.00013175776 0.0053404504 0.0010585974 2.5393676e-06 0.012613156 5.6197845e-08 0.0004079087 0.00031220136 0.010835111 0.0016982376 3.0303214e-05 3.323339e-05 0.00012395569 0.013824137 0.0010118503 0.0014548587 7.4624177e-07 3.177831e-05 0.0027248494 0.015643809 4.4557368e-05 7.065908e-05 4.3850294e-05 5.6700094e-07 3.1411644e-05 0.002801703 0.18369856 0.18437335 8.029533e-05 2.0475007e-05 2.084125e-06 3.0540373e-06 8.930972e-08 0.01526093 1.7267969e-06 0.0008772201 1.555587e-05
0.86478925 0.48410225 0.00077684195 0.019233491 2.149863e-05 0.00043941103 1.348311e-06 7.21262e-07 1.2747723e-05 0.99331987 0.00069463515 0.5162465 0.32735723 1.2598003e-15 0.5875937 0.00014545376 0.13939293 1.7082605e-06 0.982946 0.12838829 1.0058779e-05 5.6945432e-06 2.204513e-07 0.060544707 1.40848915e-08 1.181454e-08 0.00022865766 0.14609073 9.726044e-07 2.4847612e-05 2.7543749e-05 4.3003894e-08 5.2692496e-08 1.9608821e-07 0.077994466 1.0792703e-06 0.053711407 1.703323e-08 0.044132188 0.030188661 0.027594624 2.6462569e-08 5.7887337e-06 1.1255852e-06 0.47920623 1.8022594e-05 0.007051432 0.00022477565 5.3411657e-07 0.00013630746 2.212679e-09 0.05436138 0.0012620055 7.704606e-08 0.0005952169 0.47919846 0.0046831523 0.0039522373 0.1682974 6.0167768e-06 1.110517e-08 8.4484014e-07 0.018450066 0.003454701 0.000112958136 2.7991192e-07 0.001612122 9.597046e-08 0.026100388 1.0525306e-07 0.0007424341 0.0013178032 0.003687792 0.033196628 1.5107829e-06 8.909778e-05 0.00011824473 0.016102405 0.26062733 4.934827e-07 8.602109e-07 0.031353287 1.4130427e-05 3.8358616e-05 2.3761265e-06 0.00040985647 0.01683784 1.2137442e-08 2.80575e-07 6.4420945e-08 0.08082867 0.0026769375 5.564776e-07 0.0005229493 0.00016531516 2.533497e-06 2.578662e-09 0.0037034613 8.4160135e-08 0.0008191564 0.015704872
0.96763676 0.8405802 0.283482 0.36923856 0.065161526 0.0716387 0.010955699 0.001908375 0.001118947 0.6392036 0.2212414 0.37209937 0.97303945 0.5875937 3.6258376e-16 0.0075255595 0.13168083 0.0014384193 0.8341429 0.38783956 0.0011599516 2.9880044e-05 0.0006712651 0.025743924 3.3887503e-05 9.669928e-06 0.00035298473 0.77165335 4.699755e-07 3.206275e-05 2.5041658e-05 0.00013900595 1.1911264e-05 1.5043198e-05 0.894235 1.2181563e-05 0.2668729 8.220006e-08 0.032399002 0.0027242298 0.43927306 5.5287547e-08 4.5149798e-05 6.605626e-05 0.102368325 1.780505e-05 0.0014002926 0.021909721 2.4780286e-07 9.0292415e-05 1.7012354e-08 0.06818149 0.005388949 1.30824e-07 0.0024084144 0.018256426 0.07315206 0.30912575 0.0044028205 1.0262017e-06 2.4809832e-08 5.0624367e-06 0.022382123 0.01051392 6.9051435e-05 0.00056994037 0.005419747 1.9143972e-07 0.030911667 3.8921595e-09 0.00021556411 0.0014873421 0.040031813 0.0010238807 1.5791898e-06 6.4220825e-05 8.140097e-05 0.03426243 0.0009865537 4.0174342e-05 9.673017e-08 0.00013514046 8.5437016e-05 0.002406549 2.512657e-06 4.615337e-05 6.121732e-05 9.9229766e-08 3.1397894e-07 0.00028589077 0.23028727 0.0709461 2.359851e-06 0.00010021058 3.4588004e-06 3.6756605e-06 3.981567e-08 0.03284636 3.1343836e-07 0.0024675115 4.731122e-05
0.7037928 0.1516276 0.7865806 0.7797438 0.3580649 0.9879224 0.03609678 0.054484572 0.4146608 0.00091328006 0.009793296 0.0076945885 0.01650155 0.00014545376 0.0075255595 3.3109751e-15 0.04486997 0.00021763284 5.1914798e-05 0.069452725 0.88215506 0.4992822 2.720272e-05 0.16881748 5.489807e-06 2.0415116e-06 0.97977275 2.950657e-05 0.013797729 0.46098113 0.5537478 1.8723213e-06 5.993982e-06 2.5065515e-06 4.423689e-05 6.6678895e-06 2.7440121e-06 6.776166e-07 1.0922418e-05 0.08406349 0.00022035894 9.0502596e-07 3.2221258e-05 3.0141996e-06 3.4337756e-06 0.44048014 1.3103028e-07 8.7461754e-05 3.2242595e-05 0.58039373 6.90065e-08 3.4231432e-06 1.1389271e-06 7.7013704e-07 3.3302302e-07 0.0018939138 2.8347002e-05 0.0031885258 1.6557999e-05 0.07211681 1.3482112e-07 0.0072347936 2.9207311e-05 4.6874635e-07 0.05633851 1.6761671e-06 8.038984e-06 1.8359137e-07 0.000497126 1.344554e-06 0.014828426 8.318321e-06 2.9509043e-05 0.0017014312 0.00010726857 4.987284e-08 0.007842883 0.00032213534 8.0231875e-05 1.004283e-05 9.4462524e-07 2.0325133e-06 1.3799089e-06 1.748218e-05 1.3530261e-07 0.0003716471 1.3444103e-06 3.5148602e-08 2.7860149e-06 5.9243393e-07 0.0018010009 0.00091909704 3.678364e-06 4.8688107e-05 2.2779986e-08 5.3509974e-10 1.930626e-08 6.0196555e-05 5.7598392e-08 1.720558e-05 1.8331591e-06
0.84408873 0.77200145 0.26348132 0.7200733 0.002931466 0.15085886 9.342827e-05 4.8845264e-05 0.0004010659 0.49669614 0.0027671538 0.98358244 0.22917704 0.13939293 0.13168083 0.04486997 5.631535e-15 4.0391165e-05 0.009585883 0.48202828 0.0014536174 0.0002854862 2.2107259e-05 0.9891181 7.3186254e-07 6.743597e-07 0.025430147 0.0019572177 2.4506248e-06 0.000208959 0.00056260946 1.6370766e-06 4.1291437e-07 6.5562267e-07 0.0016706616 1.6011727e-06 0.00010104319 8.236375e-08 0.00044419928 0.7336103 0.0012870762 8.5090164e-08 4.1244686e-05 7.4441605e-06 0.00035262507 0.0038348467 1.0833575e-05 0.00018387918 3.2691048e-07 0.1685437 5.137641e-09 7.5157266e-05 5.5094777e-05 3.490161e-07 3.1109955e-06 0.6889203 0.00018799935 0.0011550675 0.0022484309 3.7768925e-05 5.5061808e-08 9.2019985e-07 0.0007925984 1.43761845e-05 0.06292358 1.2362572e-06 5.9639362e-05 3.165399e-07 0.002920784 3.037915e-08 0.119014554 4.2006253e-05 0.00013676149 0.31991428 1.8547235e-06 2.0431632e-06 0.009171354 0.0013514766 0.19568482 5.752878e-06 7.228937e-06 7.4333104e-05 1.6972668e-06 0.0001354013 5.6361034e-07 0.017202891 0.0013222565 1.6009055e-08 1.8510623e-06 6.7154167e-07 0.021153742 0.0030828144 1.4551159e-06 5.4404576e-05 2.7959832e-06 1.8166153e-08 8.606604e-09 0.0007392033 8.9698965e-08 5.3215044e-05 0.00012982928
0.8819517 0.00013779693 0.0008696564 0.00016772836 0.09850503 0.00074010686 0.64794344 0.15108861 0.019235209 2.3410123e-05 0.5981664 1.7114704e-05 0.017949421 1.7082605e-06 0.0014384193 0.00021763284 4.0391165e-05 9.610892e-16 4.1116987e-06 0.009269662 0.0023915013 0.0015077547 0.9836394 6.758308e-05 0.9619135 0.73302066 0.00017246034 1.6414126e-05 0.13461952 0.0014290361 0.00016988232 0.43705797 0.8312721 0.46364513 9.40764e-05 0.10993022 1.3401246e-06 0.014721241 1.369805e-06 1.13267115e-05 0.00025026558 0.012545268 0.5924286 0.05083711 2.5904214e-07 9.978802e-05 1.1531285e-08 0.061333563 0.16055891 0.00012946762 0.06687229 7.2755315e-06 2.0966904e-06 0.10853212 2.0160569e-07 1.4527227e-06 9.235389e-05 0.02923914 5.8376972e-06 5.799097e-05 0.0022541343 0.002329315 1.8191615e-05 1.498993e-06 1.9142815e-06 0.01461368 5.922159e-05 0.1658729 0.0003853764 0.00013856494 2.5063077e-06 7.2273383e-06 0.0001558443 1.4581806e-06 0.010435474 2.5321851e-08 7.573366e-05 0.00042579533 3.844433e-06 0.0011001484 0.06611743 3.0685646e-06 0.0011846257 0.0078461785 0.0020287083 1.1834528e-05 6.5965696e-06 0.0036850462 8.535264e-05 0.0019150706 0.0054690097 0.06765947 0.0008544194 1.9822103e-06 2.6347693e-06 9.2443235e-09 4.9356436e-06 0.00039138645 0.00014622413 7.849654e-06 1.7604512e-05
0.9198744 0.13835034 0.00023008346 0.0058494336 1.2160159e-05 6.0365277e-05 5.170165e-07 5.442269e-07 3.5558548e-06 0.35148233 0.00063546887 0.052205868 0.40463233 0.982946 0.8341429 5.1914798e-05 0.009585883 4.1116987e-06 1.599338e-14 0.060234103 5.7537836e-06 9.559479e-07 3.3266351e-06 0.0011591156 5.38518e-08 4.6546774e-07 3.622461e-05 0.8738333 9.783065e-08 3.1342747e-06 5.040066e-06 1.8550526e-06 1.0677889e-07 2.730877e-07 0.37247705 1.6894376e-06 0.83211285 6.312121e-08 0.62713116 0.00033425997 0.14138398 1.7819096e-07 2.1311967e-05 6.193613e-06 0.9289724 1.2631011e-06 0.19337747 0.0012053562 3.4431641e-06 3.7538011e-06 3.3471352e-08 0.4509381 0.07652161 1.6812871e-06 0.024466168 0.076553814 0.042566013 0.011786638 0.45503482 4.4248836e-07 6.743512e-07 2.0327217e-07 0.15068899 0.077588804 2.4111525e-06 6.967904e-06 0.0109393755 4.2981247e-07 0.13252002 4.1407532e-07 5.732306e-05 0.019895375 0.022319479 0.0011839627 4.1842904e-06 0.0014313371 7.3062442e-06 0.07412403 0.06632247 5.084265e-05 1.1021672e-06 0.09431061 0.00036619572 0.00025778348 1.9113882e-06 2.488133e-05 0.0061056092 1.0737956e-07 1.017632e-05 1.865478e-05 0.22178623 0.0053759958 5.3858994e-06 0.0027390763 0.00042893927 2.0605623e-05 1.0535107e-07 0.009627408 1.7394676e-06 0.001536119 0.020296615
0.9965151 0.86984044 0.86588633 0.8663878 0.24488932 0.57524043 0.05114074 0.028798359 0.019215101 0.33043042 0.6901345 0.43385875 0.8910193 0.12838829 0.38783956 0.069452725 0.48202828 0.009269662 0.060234103 2.3371354e-16 0.017121749 0.0008041979 0.008492787 0.43269002 0.00084719446 0.00035253022 0.0021582341 0.0016071782 0.0004313997 0.0002849509 0.00023471453 0.008780006 0.00011644261 0.00023207914 0.023380108 0.00016857348 0.0030497997 9.631746e-07 7.9450736e-05 0.12022245 0.07667058 8.464898e-06 0.0013005928 0.005068111 0.0038560198 0.0002578612 1.7438155e-05 0.2995361 7.037254e-05 0.013001011 3.2500338e-07 0.0006340366 0.0001046356 1.0755842e-05 1.6923865e-05 0.018851811 0.00033179668 0.759524 0.000443903 1.9770232e-05 1.9803936e-05 2.4808756e-05 0.000711633 0.00012317547 0.0013124896 0.0068293223 0.0004035463 9.758335e-06 0.010545412 6.2627106e-07 0.0014038098 6.915233e-05 0.0027328455 0.0034157294 8.558168e-05 3.0880283e-06 0.00039870583 0.009260742 0.00064409774 0.0017290771 4.495463e-06 0.00014885979 0.0018842494 0.020821188 3.86986e-05 0.00026985403 2.796131e-05 6.4006883e-07 3.146555e-05 0.003663119 0.22486271 0.26064327 0.000113258335 2.170031e-05 5.446212e-06 6.589128e-07 1.0445509e-07 0.010681436 6.663189e-05 0.0003187074 2.2257733e-05
0.26636907 0.017504126 0.6250137 0.48259786 0.75024426 0.7580147 0.32985917 0.537333 0.95896304 5.406569e-05 0.023504209 0.00043220248 0.007228741 1.0058779e-05 0.0011599516 0.88215506 0.0014536174 0.0023915013 5.7537836e-06 0.017121749 2.5965832e-16 0.9953976 0.00030682224 0.005752037 0.0006300707 2.8508095e-05 0.61291564 1.7398335e-05 0.5781005 0.79181343 0.5799025 4.776093e-05 7.878795e-05 1.6671673e-05 1.0907419e-05 4.7213274e-05 8.2602213e-07 3.6047386e-06 3.1604568e-06 0.0010021977 2.891768e-05 1.911257e-06 0.0010451134 1.2791638e-05 2.9413235e-07 0.15482232 2.0308576e-07 0.00038966595 0.00069652934 0.042847887 1.3601058e-06 1.1522403e-06 1.3994381e-08 7.928803e-06 4.81125e-08 7.978106e-06 2.6972998e-06 0.002247615 2.80334e-07 0.032512676 3.7714682e-07 0.019568222 2.8372926e-06 1.543864e-07 0.001176161 7.659843e-06 3.814215e-07 2.5036106e-06 6.265118e-05 5.470845e-06 0.00048753305 1.981816e-07 5.8287264e-07 2.4092537e-06 0.0012060052 1.8593902e-08 0.0002446284 3.4758847e-05 1.8856101e-06 1.6442364e-06 3.9600747e-07 1.3223938e-06 1.7363833e-06 8.5060594e-05 8.779729e-05 1.5047358e-05 7.6756777e-07 4.9300803e-07 1.3790557e-07 3.6628023e-07 0.0013532572 0.0021801402 2.4708938e-06 1.6059585e-05 2.9863934e-08 3.9567865e-09 1.4858347e-08 1.77575e-05 6.996433e-07 1.6845323e-06 9.4367977e-07
0.04597526 0.00087568595 0.04321535 0.026776219 0.13990138 0.14013419 0.05153572 0.14112121 0.8408858 1.5032685e-05 0.0033358722 0.000118240896 0.000114527604 5.6945432e-06 2.9880044e-05 0.4992822 0.0002854862 0.0015077547 9.559479e-07 0.0008041979 0.9953976 6.4741477e-15 0.0001277588 0.00094175414 0.0014853979 2.6048518e-05 0.5123687 1.0503271e-06 0.74388283 0.9679435 0.7847814 1.5380401e-05 0.00015706962 1.4396145e-05 6.540823e-08 3.2465243e-05 3.416879e-07 3.2726875e-06 9.615826e-08 0.0002037575 2.1691094e-06 1.1174992e-06 0.0024889878 3.4426325e-06 9.957863e-08 0.23766527 4.213008e-08 2.9491628e-05 0.005591982 0.026956383 2.388675e-06 4.9524306e-07 3.184965e-08 2.0843207e-05 4.0470685e-08 5.103198e-06 2.802255e-07 0.0003875766 1.5957191e-07 0.0879635 1.9116844e-07 0.097984985 1.2580629e-06 5.4049575e-08 0.00026070105 1.2454644e-05 1.0708034e-07 6.1892847e-06 1.4999062e-05 2.3319421e-06 0.0001386691 2.3121865e-08 2.9933048e-08 1.4299862e-06 0.0058819377 1.081241e-08 0.00011953101 8.835043e-06 3.086007e-07 2.442427e-07 2.3368175e-06 2.2075035e-06 1.5062066e-06 2.037745e-05 0.0001974908 1.88962e-05 1.4470557e-07 2.5044083e-06 3.7553679e-07 1.0034088e-07 0.00012031476 0.0003986581 1.3165594e-07 2.800279e-06 3.1102005e-08 1.1683107e-09 9.00229e-08 3.277446e-07 1.9009519e-06 7.987217e-08 1.0674128e-06
0.9368053 7.61936e-05 0.0003910941 5.670523e-05 0.021296082 0.00037548185 0.2478899 0.04943596 0.005174563 1.2099231e-05 0.57030314 6.991508e-06 0.010620805 2.204513e-07 0.0006712651 2.720272e-05 2.2107259e-05 0.9836394 3.3266351e-06 0.008492787 0.00030682224 0.0001277588 7.794725e-16 7.38236e-05 0.5997472 0.9645318 1.1910572e-05 4.8438924e-06 0.022909122 0.00019540304 1.7956456e-05 0.8784851 0.61192656 0.59022075 5.387037e-05 0.26901004 8.286021e-07 0.07033948 6.2922254e-07 4.0504576e-05 5.5063e-05 0.015574232 0.45036104 0.20223005 2.9290683e-07 4.459871e-06 2.762435e-09 0.2025792 0.04870345 3.919211e-06 0.08296271 2.3147051e-07 3.725461e-07 0.054292735 1.3202112e-08 5.496321e-07 1.3410854e-05 0.07089867 7.4883496e-06 8.003742e-06 0.0031485276 0.00014306862 7.0677647e-06 1.3799753e-07 7.1611265e-07 0.048670758 1.8910388e-05 0.09437808 0.00023196319 0.00021116744 7.630616e-07 3.3885138e-07 9.220825e-05 5.699871e-07 0.00108759 4.4178794e-09 3.877108e-05 0.00019353785 2.8801326e-06 0.0015256774 0.023226278 2.4504966e-06 0.0009986914 0.017547473 0.0001168191 2.6300182e-05 2.1447606e-06 0.00068166177 3.3944914e-05 0.0010182431 0.007823476 0.16825806 0.00030183964 5.764411e-08 5.0494106e-07 1.15463825e-08 2.262278e-05 0.00062258466 8.041073e-05 1.306388e-06 3.5570213e-06
0.8112701 0.5732718 0.39676067 0.7815592 0.0052524675 0.36046332 0.00061644474 0.00035749335 0.0016941346 0.10141358 0.0017415667 0.73464555 0.08742258 0.060544707 0.025743924 0.16881748 0.9891181 6.758308e-05 0.0011591156 0.43269002 0.005752037 0.00094175414 7.38236e-05 2.0170122e-13 3.7376049e-06 2.4748795e-06 0.25881356 0.00043516487 2.0346866e-05 0.0017685185 0.0044880277 3.8258636e-06 1.5335896e-06 3.658831e-06 0.00036418723 7.2425587e-06 2.0959997e-05 5.6610287e-07 7.9947364e-05 0.9848328 0.00036656106 2.3707813e-07 7.3506904e-05 1.0994991e-05 0.000117050724 0.099943124 2.1802775e-06 8.132741e-05 8.483643e-07 0.650074 1.00560065e-07 5.1352996e-05 2.143545e-05 2.157134e-06 2.037505e-06 0.74542856 0.00021253785 0.0012410993 0.00050843915 0.00015806708 7.5040225e-07 6.073406e-06 0.0015234863 2.3306135e-05 0.27628496 5.0758717e-06 1.4862764e-05 1.3457117e-05 0.0061522545 5.743567e-07 0.40209377 9.119163e-05 8.558446e-05 0.4772566 3.397732e-06 2.1752555e-06 0.0729647 0.002234354 0.20775008 3.16653e-06 4.0979256e-05 3.5808727e-05 7.497928e-07 0.00019454659 2.6707215e-07 0.08470748 0.0005649838 3.773679e-08 5.230169e-06 3.1151162e-06 0.05562421 0.0092310095 5.622138e-06 6.434883e-05 4.5975497e-07 9.036227e-09 5.0100603e-08 0.0002082609 3.657915e-07 3.5041317e-05 7.242776e-05
0.7914546 1.2390966e-05 5.1797542e-05 2.427381e-06 0.026258238 2.9000586e-05 0.7176387 0.17595355 0.021973956 8.9288946e-08 0.02495856 1.6951047e-07 0.00028446811 1.40848915e-08 3.3887503e-05 5.489807e-06 7.3186254e-07 0.9619135 5.38518e-08 0.00084719446 0.0006300707 0.0014853979 0.5997472 3.7376049e-06 2.5722395e-18 0.32734668 9.974459e-06 3.8316125e-07 0.5092629 0.004976212 7.030867e-05 0.077130586 0.966981 0.48067924 2.2585455e-06 0.33230048 4.8272806e-08 0.085355304 1.1523683e-07 3.676586e-06 7.145712e-06 0.015040797 0.9503028 0.01865392 2.294845e-08 2.4844687e-06 8.149767e-09 0.0117029585 0.39411256 1.5624856e-07 0.3947063 1.0856143e-07 1.732277e-07 0.38754714 7.2342054e-08 3.0716976e-08 1.0603188e-06 0.0065815425 1.3099998e-06 7.13382e-05 0.0005307035 0.004688669 3.0314862e-07 4.6829214e-08 2.770034e-08 0.007264228 5.7581694e-08 0.17281784 3.187349e-05 0.00021808475 1.5510057e-08 9.873023e-08 2.9468194e-06 2.383432e-08 0.041451853 3.9857916e-08 7.2886326e-07 1.688097e-05 6.5428935e-08 0.0002981755 0.10289665 9.081796e-06 0.00015822303 0.0026903455 0.028355984 2.0770592e-06 6.698492e-07 0.011063112 1.9639405e-05 0.00015836071 0.0012526779 0.02923509 0.0002056086 4.6043087e-06 3.357167e-06 1.8081314e-09 1.1081981e-06 3.275565e-05 0.0012776429 1.533113e-06 1.4576785e-06
0.912091 3.3065157e-06 4.7224574e-05 4.7940384e-06 0.0029223359 7.350753e-05 0.0757571 0.009040405 0.0010800638 6.4893186e-07 0.066036925 9.223757e-08 0.0004059822 1.181454e-08 9.669928e-06 2.0415116e-06 6.743597e-07 0.73302066 4.6546774e-07 0.00035253022 2.8508095e-05 2.6048518e-05 0.9645318 2.4748795e-06 0.32734668 7.1679164e-17 4.4076535e-07 6.620598e-07 0.0036409646 1.7669741e-05 1.7339324e-06 0.97836965 0.71609724 0.8547995 3.5525638e-06 0.61176467 5.8545734e-08 0.64446557 3.5252314e-09 1.0839605e-06 2.949624e-05 0.39996585 0.16181085 0.45917907 9.6662065e-09 9.68324e-07 6.7856415e-10 0.32766584 0.007477018 3.758266e-07 0.1123777 1.8332848e-08 3.0633192e-08 0.045128766 3.939812e-09 4.151672e-08 8.1708407e-07 0.045135684 1.0488392e-07 2.5185611e-06 0.23490676 4.2929223e-05 7.0706665e-07 2.4218418e-09 1.4339473e-07 0.12482387 2.14156e-06 0.100621685 0.00015676927 0.0025533773 1.1176511e-07 5.099422e-08 2.698912e-05 1.1950152e-07 0.00017348473 3.6660502e-10 1.4778221e-06 0.00012691216 4.707145e-08 0.022481969 0.027052803 2.5509542e-07 0.02767121 0.050768144 9.055189e-05 4.8346453e-07 3.9604657e-08 0.00024708657 0.0003686967 0.008662721 0.0038107596 0.1748373 0.0020523225 1.8306434e-08 1.5837518e-08 3.5393713e-10 6.8858826e-05 0.00081665884 0.0012550952 4.0749223e-06 1.292047e-07
0.17796412 0.04595892 0.31096372 0.33852658 0.1704819 0.47154173 0.017271439 0.019217895 0.2415942 0.00048189535 0.0038173415 0.00500093 0.0017538767 0.00022865766 0.00035298473 0.97977275 0.025430147 0.00017246034 3.622461e-05 0.0021582341 0.61291564 0.5123687 1.1910572e-05 0.25881356 9.974459e-06 4.4076535e-07 4.656432e-16 3.298977e-05 0.025157966 0.8753524 0.967556 1.960283e-06 5.5042965e-06 9.486928e-06 2.1255328e-06 9.183672e-06 8.188483e-06 5.473483e-07 7.334472e-07 0.21795897 0.00010839307 5.881592e-06 0.0002621003 2.0542884e-06 1.3938187e-06 0.95320064 2.488102e-07 3.3898104e-05 2.349175e-05 0.73865956 8.5237005e-08 2.7348945e-06 6.480187e-06 1.497944e-06 1.5286789e-06 0.0006037409 5.1963016e-06 0.00045330622 2.6447167e-05 0.5289891 1.02925924e-07 0.038006753 2.7447122e-05 7.6375625e-07 0.0927027 6.129227e-07 1.2200501e-05 4.517784e-07 8.979025e-05 1.2935456e-06 0.01811469 1.1714346e-05 2.51428e-06 0.0012168825 0.0003622062 1.5447092e-07 0.031324543 8.5001564e-05 2.3474598e-05 4.1744415e-06 1.964181e-06 1.5181358e-06 8.650176e-07 1.3792715e-05 7.688356e-08 0.0034470102 1.5578902e-06 3.810392e-08 7.9772644e-07 1.3363164e-06 0.00062078144 0.0012589871 4.889352e-06 0.00026062573 9.359825e-09 1.9104232e-09 2.164278e-08 3.994047e-05 6.042984e-09 8.402557e-06 4.6014293e-06
0.9771286 0.016218835 8.92775e-05 0.00045038035 0.00013206044 0.00012518645 1.5822703e-05 5.644799e-06 1.3170731e-05 0.03479539 0.0034032206 0.00557782 0.018958516 0.14609073 0.77165335 2.950657e-05 0.0019572177 1.6414126e-05 0.8738333 0.0016071782 1.7398335e-05 1.0503271e-06 4.8438924e-06 0.00043516487 3.8316125e-07 6.620598e-07 3.298977e-05 4.695104e-15 1.4911318e-07 5.1449447e-06 5.4119932e-06 8.949697e-06 2.3379289e-07 4.2801798e-07 0.8637774 9.67795e-07 0.9346793 3.1204387e-08 0.9384027 6.0562892e-05 0.10636681 2.22722e-08 1.8804874e-05 1.027206e-05 0.6476373 6.7011215e-06 0.32690358 0.0017431395 1.4770161e-06 9.366612e-07 2.8313567e-08 0.5928924 0.35966322 4.444346e-07 0.19772004 0.0026587702 0.46140754 0.017106326 0.046838928 1.7710003e-06 6.277758e-08 9.150835e-06 0.41264057 0.25730646 5.4880634e-06 3.2112326e-05 0.03968352 8.425216e-06 0.19541381 9.662465e-09 0.00033212276 0.020401971 0.036114868 0.00036822865 1.9422005e-05 0.022739688 2.2633785e-05 0.18916486 0.0006628508 1.7926666e-05 8.787415e-06 0.10523712 1.5689826e-05 0.00040980364 1.0379731e-05 3.970111e-05 0.00013490237 1.7367648e-07 4.4076216e-08 4.4241744e-05 0.28984097 0.020317921 9.0567646e-08 0.00087701605 5.853834e-05 0.0034506577 1.8908132e-07 0.039298743 5.873008e-07 0.0036826362 0.0018798762
0.36042708 0.00027058925 0.009388662 0.0028928532 0.38535288 0.03678137 0.59435564 0.74017274 0.92347014 3.3876725e-06 0.019274464 3.2057662e-06 3.7491878e-05 9.726044e-07 4.699755e-07 0.013797729 2.4506248e-06 0.13461952 9.783065e-08 0.0004313997 0.5781005 0.74388283 0.022909122 2.0346866e-05 0.5092629 0.0036409646 0.025157966 1.4911318e-07 1.6633194e-16 0.8032913 0.2567956 0.0008934467 0.017710553 0.002426178 1.5167761e-07 0.000806254 9.3969284e-08 0.00010859328 1.3895648e-08 1.7726536e-05 2.966451e-07 0.0001132835 0.6356748 0.00016146239 2.5335282e-08 0.121854216 2.9135863e-09 0.00068711326 0.9894765 0.00032157332 0.00042415914 9.877393e-08 6.3804356e-07 0.004902545 9.514263e-08 1.5088945e-07 7.674876e-08 0.00063645566 2.4300365e-07 0.30768764 3.4069371e-06 0.7658907 2.5814263e-06 6.0257804e-08 5.7957322e-06 0.00015077862 3.6992994e-08 0.008151571 8.22641e-05 2.2262573e-05 1.112492e-06 3.253791e-08 1.0734489e-08 9.107502e-08 0.5906891 1.8562824e-08 3.2469765e-05 2.1765472e-05 4.836679e-09 1.2514271e-05 0.0015376948 4.8198496e-07 2.1895667e-06 0.00015308792 0.09819833 7.788942e-07 1.2307805e-09 0.018616835 1.0991803e-05 1.6331502e-06 0.00053063524 0.011946998 3.150672e-05 3.9574384e-06 7.388008e-09 1.4718773e-09 1.0868552e-07 3.3245782e-05 1.0051357e-05 8.5572543e-07 7.044774e-07
0.030752078 0.00053693244 0.029099943 0.013966431 0.13091841 0.09281686 0.06871691 0.08691739 0.44894898 4.1188283e-05 0.0024323058 0.00012598398 0.0001242818 2.4847612e-05 3.206275e-05 0.46098113 0.000208959 0.0014290361 3.1342747e-06 0.0002849509 0.79181343 0.9679435 0.00019540304 0.0017685185 0.004976212 1.7669741e-05 0.8753524 5.1449447e-06 0.8032913 1.5174081e-15 0.9947543 5.7389356e-05 0.00015701105 1.0697501e-05 3.1671294e-07 2.826855e-05 2.3723032e-05 1.1369753e-05 1.6972366e-07 0.0010516371 6.720539e-06 1.3156206e-05 0.011726822 1.4511229e-05 1.1593941e-06 0.79221094 3.6180035e-07 5.5939392e-05 0.028547559 0.02493771 1.5330232e-05 2.4585088e-06 9.823204e-07 3.999189e-05 1.6939438e-06 4.268365e-06 1.621727e-06 0.00019850573 1.3229229e-05 0.651215 6.1125406e-06 0.37622857 2.0813582e-06 1.1329191e-06 0.00055716024 5.0656918e-06 1.1930938e-06 2.2843937e-05 1.577124e-05 8.6707994e-05 0.00025685146 1.0660288e-07 2.2867782e-07 9.255929e-06 0.018452093 1.2709715e-07 0.00088954857 2.9514982e-05 5.3728917e-07 2.076263e-06 3.2100907e-05 1.6483162e-05 5.814342e-07 9.99843e-06 0.00068840996 0.00013866898 2.7294604e-07 5.780103e-05 1.4417647e-07 1.7634035e-07 0.00019164992 0.0011134951 1.3437682e-06 8.2192666e-05 7.7657155e-08 3.3012885e-08 4.2993585e-07 9.235764e-06 4.0296283e-07 1.2948341e-06 4.954545e-06
0.009723485 0.0010529198 0.028475119 0.021873608 0.05158665 0.07682259 0.014329107 0.018951114 0.1890646 3.0265754e-05 0.0011877699 0.00021396758 0.00013302981 2.7543749e-05 2.5041658e-05 0.5537478 0.00056260946 0.00016988232 5.040066e-06 0.00023471453 0.5799025 0.7847814 1.7956456e-05 0.0044880277 7.030867e-05 1.7339324e-06 0.967556 5.4119932e-06 0.2567956 0.9947543 2.230188e-15 3.0564001e-06 1.0801059e-05 2.1449425e-06 6.5882614e-07 3.905171e-06 3.2239438e-06 1.329219e-06 2.1060701e-07 0.00225469 2.8142022e-05 3.0953995e-06 0.0005658085 1.616707e-06 3.0438443e-07 0.8273707 4.554303e-07 3.765984e-05 0.00041683653 0.10783751 1.0586891e-06 4.8482343e-07 2.2784083e-07 5.2854402e-06 9.581083e-07 8.785002e-06 1.0184101e-06 0.000107223364 2.2894656e-06 0.6294669 2.001673e-07 0.08048649 1.4260696e-06 8.9551435e-08 0.0047869207 1.0884273e-06 5.967446e-07 7.513877e-07 1.801883e-05 8.011515e-06 0.0008181318 2.0135424e-08 5.391647e-07 4.4385473e-05 0.0028971906 1.985235e-08 0.00255719 1.8747396e-05 5.7307153e-07 5.6811155e-07 1.951397e-06 9.296397e-07 9.104706e-08 1.3258987e-05 3.8168462e-05 0.0003281598 5.305927e-07 3.6497738e-06 1.1025077e-08 6.683506e-08 0.00012973248 0.0003304275 2.9381553e-07 8.868696e-05 2.4589106e-09 4.916295e-09 9.063936e-08 2.1599974e-06 9.5466206e-08 4.654118e-07 2.2205504e-06
