2.96465e-20 0.9382114 0.9663567 0.8917823 0.8733183 0.85016114 0.8434396 0.87786585 0.8726604 0.8642174 0.3381073 0.88999385 0.8774562 0.22319533 0.66858214 0.90941876 0.90248257 0.53674 0.51872456 0.693348 0.87216246 0.9522882 0.8716639 0.8666096 0.9000541 0.89711136 0.96488 0.2986858 0.009672252 0.99553764 0.14591496 0.8568721 0.010726674 0.002443259 0.0025437197 0.34773898 0.9943022 0.9864154 0.926988 0.8945369 0.84892035 0.91666824 0.0012280354 0.9603883 0.40152943 0.23172295 0.9788685 0.6162223 0.95082456 0.5798031 0.36143258 0.6803929 0.20949593 0.74487215 0.7268246 0.04094159 0.83469045 0.47810882 0.9843909 0.024471238 0.99564695 0.0361767 0.44901505 0.93625784 0.820026 0.06607121 0.7987731 0.04510521 0.0098902285 0.014342122 0.19062267 0.9942081 0.9844521 0.22091651 0.7695691 0.06082668 0.95436156 0.00093488663 0.9999855 7.445996e-05 0.0014457357 0.9981503 0.0006489749 0.007491907 0.22416756 0.97593737 0.005507001 6.099058e-05 6.28069e-05 0.9922819 0.119793355 0.072987914 0.39607126 0.98188967 0.9999986 0.021299118 0.014751822 0.15110555 0.91956896 0.999891 0.9421651
0.9382114 4.0117188e-14 0.23721758 0.26565868 0.87537205 0.046817165 0.9767808 0.34018397 0.011221642 0.3968568 0.9190421 0.006014316 0.64731514 0.52902555 0.008454789 0.49688765 0.104626015 0.0552409 0.06334081 5.145006e-05 0.13592073 0.0077262544 0.00023664454 0.00027058565 0.04090458 7.700072e-05 0.3390289 0.0064105946 0.4141795 0.6627534 0.10486793 0.004253572 0.2298776 0.28566182 0.009060278 0.00016111675 0.0077884453 0.12388987 0.0046733012 0.0032413334 0.00017994417 0.0053592543 0.018798284 6.2875188e-06 0.00011927184 3.6664196e-07 0.0031629463 2.3087075e-06 3.7576392e-05 0.0003125654 0.00011857276 0.0018259072 3.6050224e-05 5.4217203e-06 8.072688e-06 0.005998377 0.00023841369 4.752351e-06 0.014138443 0.0022228123 0.0011209085 0.0035434382 1.6608323e-05 0.0043125143 8.2344474e-07 0.00026053304 3.0883682e-05 1.663711e-07 9.933715e-06 4.865349e-07 2.191436e-08 0.001721872 0.0023530545 2.8469242e-07 1.73882e-05 2.1667586e-06 0.00010658067 0.03186329 0.0042792396 0.0003645375 0.00046893573 0.0003771936 2.3539855e-05 6.0098233e-07 4.5926808e-07 0.00041243643 6.959891e-07 7.6175806e-05 1.8702029e-06 5.045305e-05 5.184528e-07 1.6410281e-06 1.2399233e-06 0.0001132404 0.0050982805 4.7786734e-06 4.6511096e-07 8.703258e-09 2.1541542e-05 9.642324e-05 4.4654034e-06
0.9663567 0.23721758 1.4321567e-13 0.932188 0.020159105 0.8517737 0.010965154 0.9741535 0.41645938 0.0017580354 0.15891837 0.27776104 0.0016194715 0.44830835 0.77391297 0.07392206 0.3519958 0.0002440189 0.00016660967 0.007482596 0.22332531 0.08377997 0.0075847176 2.1458052e-05 0.0022308556 0.013988872 0.3006817 0.2356193 0.0016281498 0.19414608 0.5053977 0.00017672985 0.0135422675 0.0007780427 1.1587541e-06 0.005612582 0.00070396694 0.35129532 0.0002152956 6.664282e-05 0.0016765209 0.009884825 0.00022568874 2.1170876e-05 2.5585949e-05 0.00015455854 0.025636815 4.4439515e-05 0.0005927343 5.318105e-05 6.988678e-05 0.18009998 0.0030255641 5.4996394e-07 1.5705695e-05 0.30235365 5.2205138e-05 4.91352e-07 0.018345725 7.9315825e-05 0.0020874422 0.40189606 8.941824e-06 0.0005440912 3.220665e-06 0.020829177 6.7214423e-06 1.5467376e-05 4.7971116e-06 6.3392654e-05 1.313033e-06 0.0004628106 3.618777e-05 1.0433443e-05 3.3988242e-06 9.713012e-05 2.1833019e-05 0.09835396 0.0017609014 0.0025258362 0.04583393 0.00021418155 0.011931991 1.6109392e-05 2.1134642e-07 0.00064817205 0.0013620039 0.0077449153 0.00035253225 5.4953096e-05 8.296779e-08 2.3868384e-05 2.885697e-06 3.609271e-05 0.0013200716 7.893615e-06 2.3484124e-06 1.2037157e-08 6.341264e-06 1.7095603e-05 3.6721127e-07
0.8917823 0.26565868 0.932188 6.134061e-17 0.06586759 0.9712632 0.0072009913 0.5187167 0.8474115 0.0017587052 0.018253336 0.4709432 0.0005378639 0.09377652 0.32561338 0.40298986 0.91887486 0.00021681002 0.00011828341 0.021814514 0.46467665 0.090475306 0.0018464915 7.0194337e-06 0.009991078 0.0030914082 0.48432648 0.05605111 0.00052635494 0.16129948 0.066508085 4.4558554e-05 0.004323194 0.00025299744 8.342909e-08 0.0021232374 0.002037713 0.4321861 0.00022693776 6.42574e-05 0.0020321598 0.0393165 6.1671395e-05 1.6410917e-05 5.2277856e-06 3.7594313e-05 0.025850117 2.6367765e-05 0.00027591456 4.0107825e-06 1.2120007e-05 0.026855297 0.0008410466 1.234144e-06 8.97492e-06 0.021758301 2.0584626e-05 1.6894174e-07 0.042695817 5.0157787e-06 0.0038828824 0.030978622 4.5671428e-07 0.0014196865 2.8894563e-06 0.0032614649 7.3461306e-06 1.2619404e-06 1.1564258e-06 1.0045109e-05 7.444958e-07 0.0007435334 9.657748e-05 2.161032e-06 9.92885e-07 1.7762615e-05 1.7631666e-05 0.009265375 0.0058015226 0.00093747495 0.006972844 0.00040593883 0.0029852972 5.095106e-06 1.0276797e-06 0.000556772 2.8667093e-05 0.0010020911 0.00031997767 0.00014131205 2.8163336e-07 7.6178844e-07 2.4758049e-06 7.054448e-05 0.0036381357 1.3022025e-06 3.369646e-07 2.6581095e-08 1.4228249e-05 0.00015690028 3.5941453e-06
0.8733183 0.87537205 0.020159105 0.06586759 2.573821e-17 0.0040923506 0.8265766 0.013563408 0.0009102424 0.9745296 0.07072309 0.000649391 0.28587937 0.022552812 0.0005394824 0.9058531 0.10976587 0.2847541 0.14716542 1.080722e-05 0.11705076 0.0010335287 3.4989127e-05 0.0045362455 0.5335605 3.3203025e-06 0.36102527 0.0008995529 0.019280909 0.6416198 0.0013465391 0.009562877 0.009185209 0.01734701 0.0022722783 6.749909e-05 0.023238054 0.0704323 0.015552183 0.005567608 0.00018280596 0.0075748037 0.000454348 6.9023645e-07 4.836158e-05 7.842134e-08 0.0014759293 5.141126e-07 2.4867717e-05 0.0001493941 0.00011087986 8.5601525e-05 2.039883e-06 2.7431668e-06 3.7033777e-07 0.00039680727 9.5837255e-05 9.458535e-06 0.016562691 0.00042376676 0.0015521748 0.00033709384 9.776779e-06 0.0043162215 2.3361277e-07 0.00013435683 1.888413e-05 7.37507e-07 3.3880846e-05 3.8773666e-07 3.453398e-08 0.0022764832 0.0020274057 1.9652366e-07 1.23680375e-05 2.706504e-06 4.640861e-05 0.0004648556 0.0058071828 3.629183e-05 4.588732e-05 0.0005285254 3.7745933e-06 4.099217e-06 2.292612e-06 0.00030839993 7.500073e-07 2.518022e-05 3.5470455e-06 4.6475936e-05 1.5210371e-06 1.7265814e-06 1.2151221e-05 8.378675e-05 0.010381589 1.6724101e-06 5.574783e-07 3.0511393e-07 1.8998093e-05 0.0003962315 4.9780983e-06
0.85016114 0.046817165 0.8517737 0.9712632 0.0040923506 2.2759526e-16 0.0015345839 0.60368776 0.9378714 0.00033769783 0.006840436 0.8235188 0.00025667885 0.08952824 0.7199108 0.050356448 0.61966676 7.602883e-05 4.3462893e-05 0.10195705 0.21873556 0.14047235 0.011596215 5.697265e-06 0.0011556052 0.029096406 0.18805832 0.22378439 0.00028080083 0.037293665 0.16209474 7.005955e-05 0.0029164613 0.00024062734 1.0563478e-07 0.015028815 0.00032793297 0.3762129 9.129562e-05 1.745882e-05 0.0077647874 0.042329352 7.387255e-05 0.00017440139 1.40405355e-05 0.0012899769 0.031423867 0.00028601353 0.001271016 1.2101505e-05 1.6871234e-05 0.14965065 0.0039203158 7.5613633e-07 0.00012013062 0.09528483 1.0840986e-05 9.3531895e-08 0.03248357 1.985632e-05 0.004383717 0.13584393 2.86848e-06 0.00019491075 6.227524e-05 0.01036198 1.993878e-06 3.155062e-05 2.481e-06 0.00016499888 5.5491764e-06 0.0002615864 9.315758e-06 3.218226e-05 9.0739906e-07 0.00027413652 7.898276e-06 0.011205205 0.005056714 0.0015298161 0.025613748 0.0017841129 0.009135071 1.3070155e-05 1.1451238e-05 0.001707018 0.0015005099 0.0024179157 0.0006518393 0.00046345367 1.2101707e-06 5.3249337e-06 5.3894645e-08 0.00039546762 0.0016016822 3.2178714e-06 1.0309603e-06 1.8710888e-07 0.00014061473 1.0858338e-05 1.4064832e-07
0.8434396 0.9767808 0.010965154 0.0072009913 0.8265766 0.0015345839 2.932075e-15 0.011820488 0.00044628835 0.68487155 0.4142643 0.0004906242 0.9730915 0.043777525 8.5154425e-05 0.24573338 0.011875961 0.54263514 0.48699063 5.631035e-06 0.016966578 0.00034565598 1.056242e-05 0.020367825 0.08645426 2.5930033e-06 0.047155634 0.0010531738 0.18461214 0.38600504 0.0028549735 0.16726574 0.041915487 0.4239481 0.08373115 3.0768828e-05 0.008633496 0.025054177 0.049664423 0.028022625 3.3080978e-05 0.0012224541 0.011018924 3.0303184e-07 0.0013790783 3.3418406e-08 0.0011551765 5.3820816e-07 1.3446687e-05 0.00781711 0.00062925584 6.232581e-05 2.9050175e-06 7.151947e-05 4.4308334e-07 0.00021333776 0.0023552668 3.6047717e-05 0.0076012383 0.027516993 0.0006263766 0.00031150423 0.000114996474 0.015928155 9.6695864e-08 0.00015796356 0.00028700288 3.4366798e-07 0.001015997 5.029615e-07 3.306872e-08 0.0070734737 0.007703748 4.3159197e-08 5.1065403e-05 6.1542814e-06 0.0006488521 0.0034361118 0.0029247084 7.791729e-05 0.00013988845 5.0829265e-05 1.0580941e-05 4.7274548e-07 8.310808e-07 4.8041322e-05 2.2261766e-07 7.44107e-05 6.9962566e-06 3.0558786e-06 1.6584888e-06 5.4271886e-06 3.1225896e-05 6.5853183e-06 0.011784761 2.9421942e-06 1.22775955e-05 1.4792943e-08 4.9150135e-06 0.0005060711 3.7404487e-05
0.87786585 0.34018397 0.9741535 0.5187167 0.013563408 0.60368776 0.011820488 1.9288653e-13 0.20986481 0.003081593 0.5221586 0.17717351 0.0018993485 0.90836257 0.9731771 0.02034744 0.05610773 0.00021078678 0.0002259293 0.0027432027 0.051304176 0.01560308 0.0039727055 1.26123605e-05 0.00054392207 0.0039735143 0.076547466 0.22625884 0.007861641 0.055187702 0.845116 0.000110336725 0.11030079 0.00083001 3.192248e-06 0.005301969 0.00015933129 0.062508225 6.357022e-05 2.2910524e-05 0.00020147375 0.0016606161 0.0007903694 5.2689706e-05 1.0311388e-05 5.6468158e-05 0.006443561 3.676104e-05 5.325444e-05 3.4785007e-05 1.8923864e-05 0.1399285 0.0010437175 6.7331416e-07 4.5740428e-05 0.33252752 4.198499e-05 5.8481754e-07 0.0029827873 6.181384e-05 0.00038207136 0.3295881 1.2220245e-06 0.00010754719 8.506851e-06 0.015465593 1.0535399e-05 1.9292338e-05 4.904598e-07 3.515925e-05 5.527761e-07 0.00010006114 5.8903997e-06 2.9647586e-06 1.4349466e-06 7.785675e-05 3.2018143e-05 0.15518896 0.00030279165 0.0047328845 0.043932963 0.00015859619 0.013473059 4.757538e-06 9.355908e-07 0.00020865214 0.00046937782 0.005916041 0.00019313996 8.93157e-06 3.525783e-07 1.0429125e-05 1.499286e-06 1.2862564e-05 0.00042974713 6.050934e-06 9.3479963e-07 5.306516e-08 4.759267e-06 9.3635e-06 5.871989e-07
0.8726604 0.011221642 0.41645938 0.8474115 0.0009102424 0.9378714 0.00044628835 0.20986481 2.1097822e-17 8.383375e-05 0.0018397366 0.9578578 3.804548e-05 0.01694217 0.50516826 0.019321786 0.7913402 2.6938e-05 9.8623905e-06 0.6223298 0.17811655 0.6819118 0.1589932 1.1738821e-06 0.00030183647 0.19483617 0.118568964 0.19259788 0.00018367814 0.008222015 0.025967143 1.3696974e-05 0.00046548506 2.5180461e-05 8.5372214e-08 0.05567813 2.5783449e-05 0.4021149 1.2045315e-05 1.8518956e-06 0.09257166 0.24274367 8.715257e-06 0.00074932 3.4218765e-06 0.01279428 0.10751176 0.00073160365 0.008644013 1.807043e-06 7.311074e-06 0.19468251 0.016543195 3.7014502e-07 0.00029897873 0.04070406 1.482937e-06 8.0387686e-08 0.086830296 7.678947e-06 0.013758992 0.085701555 1.4289427e-07 9.4628886e-05 0.0001459103 0.013597702 7.765778e-07 3.5601868e-05 4.3039202e-07 0.00018477342 7.752475e-05 4.7971545e-05 1.8003344e-06 3.668259e-05 1.083386e-06 0.0004887548 2.860563e-06 0.0010971979 0.0076922476 0.00027842037 0.010465543 0.0064778496 0.00395369 3.0795803e-05 2.706619e-05 0.0055021113 0.0015171337 0.0003949178 0.0002768706 0.0009905156 4.341379e-06 5.840353e-06 1.0786915e-07 0.0006938562 0.0009004064 1.2080923e-05 1.981097e-06 1.7298545e-06 0.0009808083 1.1650219e-05 1.9237477e-07
0.8642174 0.3968568 0.0017580354 0.0017587052 0.9745296 0.00033769783 0.68487155 0.003081593 8.383375e-05 4.672428e-16 0.026611984 0.00022671882 0.50713956 0.008652801 3.265014e-05 0.8099263 0.010037707 0.9100894 0.8020568 1.2446243e-06 0.016596591 7.581676e-05 3.415242e-06 0.19199757 0.8443532 4.1542808e-07 0.083219424 0.00028639619 0.0075121475 0.59450054 0.00066619884 0.19709973 0.0018202192 0.015588134 0.0052800346 8.579149e-06 0.052647144 0.022328243 0.23146999 0.10821491 3.4307333e-05 0.0013925752 0.00037645063 1.6195271e-07 0.0036226183 6.367528e-08 0.00014650763 1.2972536e-07 4.0594964e-06 0.006611175 0.0012177539 1.4264389e-05 6.6567605e-07 0.00013504164 2.9762333e-07 2.2695125e-05 0.0021795188 9.1346825e-05 0.007360957 0.002910908 0.000731265 4.5316097e-05 0.00014771051 0.018633407 1.2108961e-07 4.9607363e-05 0.00036410266 2.4951262e-07 0.00039255328 7.046554e-07 8.2263426e-08 0.0134562515 0.006275871 1.8224014e-07 8.469093e-05 3.908733e-06 0.00029110804 4.7647096e-05 0.0039923964 2.0416576e-06 7.77139e-06 0.0002190703 1.6736036e-06 9.929163e-07 9.736094e-07 4.0301362e-05 6.030333e-08 1.2067633e-05 1.4101867e-06 1.2623166e-05 4.6689303e-07 1.8062228e-06 9.333441e-05 2.0358102e-05 0.026726538 1.4190515e-06 8.4498913e-07 1.882051e-08 1.4292024e-06 0.00089408003 4.8969185e-05
0.3381073 0.9190421 0.15891837 0.018253336 0.07072309 0.006840436 0.4142643 0.5221586 0.0018397366 0.026611984 3.8377356e-16 0.0018328384 0.44933677 0.985074 0.01995487 0.027761409 0.0037188872 0.0072524366 0.013889749 2.8216784e-05 0.0042815157 0.0007397093 0.00017592184 9.60935e-05 0.0006207471 4.974357e-05 0.0078770295 0.006349531 0.90825963 0.062009435 0.51413536 0.0026210467 0.84416026 0.6113001 0.1700342 0.00010987805 0.0004354627 0.0033560598 0.00023702692 0.00019444105 3.3138997e-06 0.00013295778 0.2302245 9.038606e-07 9.556706e-06 1.4733423e-07 0.0007917451 1.3095639e-06 5.0777594e-06 0.00049408805 7.9915535e-06 0.0009489861 4.0423998e-05 9.609506e-07 1.5060658e-06 0.005381538 2.34174e-05 4.4908948e-08 0.00019724817 0.004770578 8.314197e-06 0.0041608647 9.168161e-07 0.00019538868 6.545116e-08 0.002119896 1.1318101e-06 5.090616e-07 7.133524e-06 4.590443e-07 8.890722e-09 0.00013769657 9.520786e-05 2.9521314e-07 1.1746537e-06 8.854064e-06 1.0264167e-05 0.07372773 0.00016195912 0.0002581173 0.00056193484 1.0576523e-05 0.00014177273 1.1769985e-06 6.2181584e-09 3.0053261e-05 4.6816717e-06 0.00031977147 3.1874902e-06 2.8953289e-06 1.0087145e-07 2.4855859e-05 1.1241325e-08 3.5787042e-07 0.0005746286 6.3736127e-07 3.7431805e-06 2.3177489e-09 4.921751e-07 8.784411e-07 4.8304935e-07
0.88999385 0.006014316 0.27776104 0.4709432 0.000649391 0.8235188 0.0004906242 0.17717351 0.9578578 0.00022671882 0.0018328384 4.153174e-17 0.00014206345 0.041076995 0.8292684 0.0040807445 0.143287 4.2347747e-05 1.0448279e-05 0.9496484 0.030010745 0.43920264 0.20735109 7.8699295e-06 0.0001009432 0.5414902 0.015877817 0.4585543 0.00011081411 0.0060623107 0.100549385 6.211231e-05 0.0010598303 2.048821e-05 7.303874e-08 0.42170128 5.4593766e-05 0.15956219 1.4063961e-05 1.3377763e-06 0.033543937 0.05354449 1.9526527e-05 0.0017266696 5.5410273e-06 0.083706394 0.092693575 0.0038199706 0.0055384994 2.461541e-05 6.7964065e-06 0.5783311 0.07369983 3.9062567e-07 0.00047179635 0.13667464 3.4430686e-06 5.2229307e-08 0.026057517 1.1634652e-05 0.007350487 0.28862035 4.8580876e-07 4.7296733e-05 0.00040496906 0.115809575 3.1806653e-07 0.00036354666 7.292644e-07 0.0017177184 9.630424e-05 4.6609093e-05 9.01244e-07 0.00029051313 1.9533857e-06 0.002994386 4.3309246e-06 0.0030809771 0.0038707668 0.00061954005 0.064078555 0.004078521 0.03426074 2.6896541e-05 4.943183e-05 0.004176565 0.017976573 0.0028048726 0.0009039534 0.0011071339 7.132211e-06 7.183213e-05 3.4798525e-08 0.0009819295 0.00074989506 1.031669e-05 1.9788595e-06 2.2639863e-06 0.000329941 4.595614e-06 3.1539096e-07
0.8774562 0.64731514 0.0016194715 0.0005378639 0.28587937 0.00025667885 0.9730915 0.0018993485 3.804548e-05 0.50713956 0.44933677 0.00014206345 1.3118911e-14 0.029590784 9.948997e-06 0.03926873 0.00033207747 0.7308412 0.6437899 1.1915739e-07 0.0016490144 3.951383e-05 3.0055878e-06 0.07439469 0.035985425 2.9851705e-07 0.0044793854 0.00022299217 0.36374637 0.26304546 0.0006811555 0.6283207 0.08113487 0.9596874 0.71421176 3.7945235e-06 0.0049735107 0.0027538487 0.053308908 0.0473195 1.1187735e-06 5.6953824e-05 0.024741827 8.24482e-07 0.025305813 2.6119126e-08 0.00038737024 8.3886613e-07 3.2666599e-06 0.2039653 0.0070596146 8.1518585e-05 1.203283e-06 0.0007841809 1.0071915e-06 1.9083804e-05 0.0016461366 8.1906896e-05 0.0003714534 0.5918501 1.7935714e-05 0.00038027545 0.00048090692 0.030303326 5.6144916e-08 0.00017276124 0.0005608919 1.8831416e-07 0.02998855 2.0158241e-07 4.2938655e-08 0.00494949 0.011776644 2.111806e-07 0.00013978162 1.1057883e-05 0.0013852549 0.00038868003 0.00042429328 3.4946054e-06 3.7854425e-05 4.463473e-05 3.887202e-06 1.2287123e-06 8.231032e-09 2.2785234e-05 2.758134e-07 4.749684e-05 1.6352197e-06 2.1842839e-06 2.6751366e-07 2.5742736e-05 8.3023326e-05 3.0736344e-06 0.009073957 1.1221303e-05 0.00021547737 4.576944e-09 9.096496e-08 0.00027003963 0.00016745344
0.22319533 0.52902555 0.44830835 0.09377652 0.022552812 0.08952824 0.043777525 0.90836257 0.01694217 0.008652801 0.985074 0.041076995 0.029590784 1.1330929e-14 0.35767645 0.024091685 0.016790826 0.001530617 0.0013175261 0.0006325853 0.013369518 0.0059770322 0.0026005246 7.523173e-06 0.00020246589 0.0026167587 0.019412424 0.15145148 0.5065998 0.03329028 0.93722636 0.00027663808 0.8567833 0.023293983 0.0005403235 0.0029939217 7.922428e-05 0.009400282 1.8419185e-05 1.25006e-05 1.9714465e-05 0.00041431593 0.12673599 5.404724e-05 6.5880504e-06 3.2086704e-05 0.00093451765 4.265193e-05 4.8717443e-06 3.5778856e-05 9.71739e-06 0.030382894 0.00052784133 4.501686e-07 6.464037e-05 0.14350179 1.4983479e-05 9.0625186e-08 0.0010233271 0.00045004455 4.0766932e-05 0.061079983 9.0953813e-07 8.7658664e-05 1.0137414e-06 0.009678975 1.0526135e-06 3.1446996e-06 2.0710391e-07 4.6557407e-06 2.4229487e-07 2.6686545e-05 7.874922e-06 2.1540247e-07 8.573199e-07 0.00017099247 7.234592e-06 0.18843792 0.00036569478 0.0049711866 0.015714543 0.00019885648 0.0035354602 1.8050399e-06 6.0292035e-07 7.2894116e-05 4.8577636e-05 0.005192198 0.00011535114 5.120436e-06 3.0324184e-06 6.824539e-05 2.746963e-08 1.789889e-05 0.00053617236 5.4835746e-06 2.3654638e-06 7.162113e-08 6.393163e-06 3.07255e-06 2.92238e-07
0.66858214 0.008454789 0.77391297 0.32561338 0.0005394824 0.7199108 8.5154425e-05 0.9731771 0.50516826 3.265014e-05 0.01995487 0.8292684 9.948997e-06 0.35767645 1.2471416e-18 0.0034620776 0.04832892 1.5829955e-06 5.112421e-07 0.13195476 0.023500212 0.044806063 0.025516648 1.135331e-08 2.466436e-05 0.12921785 0.013797189 0.9845625 0.00014457144 0.005347861 0.5908743 4.986297e-07 0.009730303 2.8852226e-05 3.838935e-09 0.2591251 5.3649374e-06 0.09377391 2.6097777e-07 5.582617e-08 0.00097066927 0.005056331 4.9388098e-05 0.00011175227 1.2082315e-07 0.0030867269 0.020018013 0.00039436994 0.00014034638 1.5041388e-07 1.00704206e-07 0.19255832 0.014799957 1.0584245e-08 0.00014307477 0.2623677 4.5145921e-07 9.663884e-09 0.0049740127 1.1081178e-06 0.0007859242 0.13460954 1.0279408e-07 1.5545887e-05 6.0562684e-06 0.022607015 9.351263e-08 5.544231e-06 3.9467032e-08 3.2555865e-05 1.3793411e-07 1.954338e-06 2.0308092e-07 3.2105513e-06 6.744564e-08 0.00015603617 3.040154e-07 0.031128703 0.0002640001 0.0021338998 0.029274017 0.00039089215 0.011033294 2.2601937e-06 5.4933497e-07 0.0004501699 0.0041331276 0.0038692753 0.000538515 2.7844704e-05 4.6094925e-08 1.6060827e-05 9.340101e-09 3.8229187e-05 0.00016049719 3.8910278e-07 4.7956018e-08 6.281448e-08 8.127131e-06 1.6887419e-06 6.693214e-08
0.90941876 0.49688765 0.07392206 0.40298986 0.9058531 0.050356448 0.24573338 0.02034744 0.019321786 0.8099263 0.027761409 0.0040807445 0.03926873 0.024091685 0.0034620776 2.6005273e-17 0.37567547 0.15642075 0.114595406 3.151988e-05 0.52498144 0.0049979715 0.00013253381 0.012674205 0.8474546 2.3859486e-05 0.8545585 0.0011197146 0.0020556673 0.94818217 0.00034705535 0.0046898895 0.002043919 0.002846008 2.644722e-05 7.8973004e-05 0.19990915 0.23670545 0.018840851 0.0075075207 0.0007204759 0.0534217 1.0663115e-05 7.439732e-06 0.00034000352 2.229875e-06 0.0070892796 2.2358115e-06 0.000219843 0.0002535271 0.0005047182 0.00019899571 8.251699e-06 7.45827e-05 4.992366e-06 0.0005632955 0.0008988659 9.807821e-06 0.09681515 4.4393644e-05 0.014453892 0.0006699435 5.5324995e-06 0.009680074 2.7278172e-06 0.00010466455 7.5856246e-05 9.636988e-06 7.125005e-06 2.6255886e-06 4.2278904e-07 0.013954255 0.0025593662 2.0134464e-06 1.2759668e-05 3.8749804e-06 0.00041706575 7.839282e-05 0.064158805 3.6980507e-06 0.00019772201 0.0029465512 6.210834e-05 1.8817934e-07 3.3704514e-06 0.0018585358 7.9025057e-07 2.863567e-05 2.2274796e-06 0.00065715826 1.3076569e-06 8.3683535e-06 3.886359e-05 0.0002441774 0.09668967 2.0077182e-07 2.1223343e-06 3.6613443e-08 1.6516427e-05 0.001230776 6.043137e-06
0.90248257 0.104626015 0.3519958 0.91887486 0.10976587 0.61966676 0.011875961 0.05610773 0.7913402 0.010037707 0.0037188872 0.143287 0.00033207747 0.016790826 0.04832892 0.37567547 1.7343147e-17 0.00077826646 0.00013476722 0.034355372 0.97218996 0.49192512 0.021737738 2.885275e-05 0.021356646 0.014816587 0.5455342 0.017996196 0.00023637364 0.09869782 0.0018865176 6.360145e-05 0.000514248 0.000268505 9.733365e-07 0.0038920566 0.005844664 0.81742954 4.1578678e-05 3.4013988e-06 0.13838531 0.22738294 1.5050486e-05 0.0011665452 1.9502938e-06 0.002409508 0.052114237 7.748106e-05 0.007456272 1.7004422e-06 3.2445343e-05 0.009649727 0.0035963315 6.086955e-07 0.00019537042 0.0026331127 3.937433e-06 1.383582e-07 0.17327935 2.0659654e-05 0.04178912 0.0029344312 2.711895e-07 0.00077671645 0.0008084615 0.0019879001 2.1673299e-07 0.00013296754 9.924056e-06 0.0005286237 1.2752769e-05 0.0006401562 1.5362004e-05 2.0683923e-05 2.9594703e-06 3.7684556e-05 5.9133017e-06 1.9261655e-05 0.0485218 3.2821754e-05 0.00030769047 0.0239135 0.00024655674 1.2897239e-05 6.033161e-05 0.017053291 5.0719686e-05 0.0001511162 0.000109102235 0.0038696374 4.008754e-05 2.4337474e-05 2.767456e-07 0.0013124552 0.028371532 2.4407997e-05 3.6946806e-06 4.975502e-06 0.0008720237 0.000121830904 1.4527927e-07
0.53674 0.0552409 0.0002440189 0.00021681002 0.2847541 7.602883e-05 0.54263514 0.00021078678 2.6938e-05 0.9100894 0.0072524366 4.2347747e-05 0.7308412 0.001530617 1.5829955e-06 0.15642075 0.00077826646 5.0103342e-17 0.9969256 8.0009977e-07 0.0025219515 5.504842e-06 1.4561947e-06 0.4921103 0.5624655 3.6102378e-07 0.005602311 9.7329015e-05 0.0027140877 0.11843018 7.7798264e-05 0.75450575 0.00044707817 0.025954563 0.01822579 1.0521362e-05 0.033059824 0.0025107614 0.3122414 0.19446796 1.0969697e-05 0.00042172553 0.00015992577 6.847967e-08 0.020913785 8.43036e-08 2.9077937e-05 7.680723e-07 1.0908017e-06 0.022261996 0.006767222 6.223196e-07 5.343412e-07 0.00051337434 8.679176e-08 9.0525293e-07 0.006068118 0.00037664414 0.0025239377 0.019170871 0.000798104 0.000107798965 0.0004894041 0.025214976 4.9898713e-08 3.501653e-05 0.00081899593 1.1949994e-07 0.0007248981 2.53593e-07 5.8058117e-08 0.009112944 0.014150697 1.6659378e-06 2.4726889e-05 1.1644426e-06 0.00035602797 2.136189e-06 0.0022101991 7.914808e-07 3.9422146e-05 0.00016770646 1.8231881e-06 1.7834653e-07 3.28484e-07 1.3180243e-05 6.002094e-08 7.2459894e-05 1.0734777e-06 1.06136e-06 1.8952254e-07 1.5388639e-06 1.2566544e-05 3.844774e-06 0.028322477 2.0393322e-06 3.5324551e-06 8.780524e-09 6.5969124e-07 0.0011349907 2.2433995e-05
0.51872456 0.06334081 0.00016660967 0.00011828341 0.14716542 4.3462893e-05 0.48699063 0.0002259293 9.8623905e-06 0.8020568 0.013889749 1.0448279e-05 0.6437899 0.0013175261 5.112421e-07 0.114595406 0.00013476722 0.9969256 8.515001e-17 1.3617121e-07 0.00085603236 5.678396e-07 2.9427179e-07 0.8021398 0.63980705 7.4959296e-08 0.0025520213 9.847433e-05 0.002466596 0.09549612 7.892648e-05 0.91350144 0.00026203907 0.017793227 0.015471096 5.235219e-06 0.03814143 0.00078967854 0.5440225 0.38979137 2.257064e-06 6.0605587e-05 0.00013547648 2.2226665e-08 0.12628505 6.9814064e-08 3.210181e-06 6.167751e-07 7.1850174e-08 0.07811088 0.02871383 5.828004e-07 7.380205e-07 0.0024474463 1.9271493e-08 2.2379256e-06 0.03279266 0.0012127327 0.0010713612 0.022627054 0.00022098144 6.367981e-05 0.0014469791 0.05427724 1.0925267e-08 9.797248e-06 0.009246327 4.5089644e-07 0.0014072091 5.216378e-07 5.485426e-08 0.018170888 0.020229492 8.0935115e-07 5.905657e-05 4.3559456e-07 0.0013705206 3.3712084e-07 0.0022776958 1.4927383e-07 5.6667166e-05 8.4324265e-06 8.5199264e-07 8.6069704e-08 8.73023e-08 2.846757e-06 4.5506493e-08 5.520228e-05 1.3949949e-07 1.6357727e-07 5.7582575e-08 1.19172746e-07 0.00023528423 3.7533735e-07 0.05586559 5.020076e-06 6.862789e-06 1.8298567e-09 1.7805429e-06 0.0032103052 0.00030494187
0.693348 5.145006e-05 0.007482596 0.021814514 1.080722e-05 0.10195705 5.631035e-06 0.0027432027 0.6223298 1.2446243e-06 2.8216784e-05 0.9496484 1.1915739e-07 0.0006325853 0.13195476 3.151988e-05 0.034355372 8.0009977e-07 1.3617121e-07 8.907689e-18 0.0057937047 0.52886486 0.92828673 1.1736425e-08 7.418226e-07 0.9573448 0.00084088056 0.051711578 4.777475e-06 3.6648045e-05 9.530143e-05 3.966383e-07 1.5647329e-05 1.13195306e-07 1.4730794e-09 0.5364938 1.1508759e-07 0.039851293 3.0409762e-08 2.2951328e-09 0.17076196 0.06323886 2.0906133e-07 0.2139202 3.1613658e-07 0.4260314 0.17108978 0.144731 0.030986177 4.247037e-07 1.1561539e-07 0.06798601 0.1041194 1.1514295e-08 0.03010603 0.0017441722 1.2971275e-07 4.92898e-09 0.012732319 7.1943117e-07 0.014220464 0.007990414 8.372576e-08 5.723855e-07 0.00741673 0.028278943 2.2551596e-08 0.010806403 3.1184452e-08 0.028550934 0.0017050126 6.461264e-07 2.5004418e-08 0.0014004789 5.3459405e-07 0.0084394235 1.5972904e-07 9.9614915e-08 0.0022779272 1.8372701e-06 0.0038816123 0.011390972 0.0049892063 9.3399685e-05 0.00021358267 0.018257113 0.007942457 3.218287e-05 0.0005131352 0.0031106132 3.0394847e-05 0.0010659233 2.7418157e-09 0.0025382917 3.5540597e-05 2.9827375e-05 3.6190126e-08 4.5284345e-05 0.0015737813 1.979998e-06 4.283959e-08
0.87216246 0.13592073 0.22332531 0.46467665 0.11705076 0.21873556 0.016966578 0.051304176 0.17811655 0.016596591 0.0042815157 0.030010745 0.0016490144 0.013369518 0.023500212 0.52498144 0.97218996 0.0025219515 0.00085603236 0.0057937047 2.7811932e-16 0.11618698 0.0058609317 0.00026575776 0.065694734 0.003569522 0.9691438 0.007164765 0.00014965134 0.15847346 0.001317729 0.00025146277 0.00037436892 0.00013314965 3.0522745e-07 0.0021211985 0.018109784 0.8879913 0.0006544814 0.00018380291 0.020158798 0.40815678 1.8149003e-05 0.0008751571 2.3637125e-05 0.00072303537 0.0345239 5.898666e-05 0.0029882556 5.1351067e-06 0.00015587955 0.0036099886 0.00094725366 1.1874131e-05 0.00022839526 0.0012471623 4.8254056e-05 1.1199263e-06 0.3200016 7.657454e-06 0.062388323 0.00329418 3.646811e-07 0.0026284389 0.00076729263 0.0012222658 5.9252066e-06 1.6578919e-05 1.5975707e-05 2.953148e-05 2.6997976e-05 0.0028307522 0.00024426708 3.013606e-05 2.103271e-06 2.9112149e-05 0.00010564127 8.2213155e-06 0.14238523 8.612567e-05 0.00025899342 0.020896958 9.211112e-05 1.1017331e-06 0.00016460927 0.013091925 5.6560125e-06 0.00029245456 0.00017606333 0.004260262 3.200657e-05 4.506067e-05 3.8283165e-06 0.0019485593 0.08557877 1.6956699e-06 7.302304e-07 3.6172396e-06 0.001046943 0.00016926536 8.571572e-07
0.9522882 0.0077262544 0.08377997 0.090475306 0.0010335287 0.14047235 0.00034565598 0.01560308 0.6819118 7.581676e-05 0.0007397093 0.43920264 3.951383e-05 0.0059770322 0.044806063 0.0049979715 0.49192512 5.504842e-06 5.678396e-07 0.52886486 0.11618698 6.717298e-15 0.96549284 1.5404834e-06 8.9430214e-05 0.4325751 0.014176802 0.044464108 2.1496497e-05 0.0016398714 0.0006388352 2.0321733e-05 0.00011074702 8.1511e-06 1.8619916e-08 0.073572084 5.2112566e-05 0.2468297 6.754358e-07 5.6562822e-08 0.78427356 0.4732658 5.4859163e-05 0.17044093 3.805163e-06 0.14565888 0.8483242 0.03404892 0.18051021 1.18733715e-05 4.192819e-06 0.3126393 0.112570025 1.4704885e-07 0.031708065 0.0025002013 2.0587768e-07 3.589603e-08 0.12635823 1.2237173e-05 0.19952708 0.015962582 4.816413e-07 1.6769387e-05 0.017156875 0.02757621 4.794916e-08 0.0015004412 7.1308546e-07 0.0045971577 0.0051957224 3.0231455e-05 4.023371e-08 0.0012846328 9.904045e-07 0.006761187 2.3311759e-07 5.097616e-07 0.036269013 3.966302e-06 0.0012436699 0.0649346 0.0014083651 6.990752e-05 0.00017176193 0.048214216 0.008420848 0.00016764247 0.00026426584 0.0062366566 1.4067838e-05 0.01197884 5.1277752e-08 0.002296989 0.0018947496 5.4245058e-05 3.86924e-07 1.1778961e-05 0.008455786 3.0727492e-06 3.547857e-08
0.8716639 0.00023664454 0.0075847176 0.0018464915 3.4989127e-05 0.011596215 1.056242e-05 0.0039727055 0.1589932 3.415242e-06 0.00017592184 0.20735109 3.0055878e-06 0.0026005246 0.025516648 0.00013253381 0.021737738 1.4561947e-06 2.9427179e-07 0.92828673 0.0058609317 0.96549284 3.557691e-15 1.7458851e-07 2.8544234e-06 0.7044794 0.0010105676 0.042740576 2.798241e-05 0.00016391826 0.00020440348 1.8179933e-06 0.00013432198 3.0749713e-06 2.051333e-09 0.26631638 2.7227568e-06 0.03533925 2.8303836e-07 5.636423e-08 0.80563116 0.09525898 1.0589028e-05 0.37987468 2.1866786e-06 0.50522584 0.3466316 0.26504987 0.14896025 1.8934696e-05 1.2260354e-06 0.36405256 0.3269864 3.4860062e-07 0.06738463 0.0020844499 3.4187892e-07 1.00288254e-07 0.01920449 4.7904823e-06 0.047774814 0.020958114 2.013338e-07 5.987572e-06 0.03456566 0.13967657 2.6036844e-07 0.040293757 4.7920633e-08 0.09021296 0.036915544 1.0705033e-05 9.517585e-08 0.015728623 1.521291e-06 0.17539729 6.3810757e-07 3.1760612e-07 0.011612006 9.910272e-07 0.0024170626 0.044987362 0.00868561 0.00044007823 0.00024460905 0.09323809 0.047381446 4.087896e-06 0.0005553155 0.015081718 5.797167e-05 0.12831083 5.941393e-07 0.007158007 0.0002510815 7.774204e-05 3.8791768e-08 5.132446e-05 0.017788053 1.0632581e-05 1.7236503e-07
0.8666096 0.00027058565 2.1458052e-05 7.0194337e-06 0.0045362455 5.697265e-06 0.020367825 1.26123605e-05 1.1738821e-06 0.19199757 9.60935e-05 7.8699295e-06 0.07439469 7.523173e-06 1.135331e-08 0.012674205 2.885275e-05 0.4921103 0.8021398 1.1736425e-08 0.00026575776 1.5404834e-06 1.7458851e-07 9.571013e-16 0.729106 6.935164e-09 0.00076496706 8.820336e-06 0.00034790745 0.050939366 1.6101828e-06 0.9728061 3.4658155e-05 0.0022870305 0.0015520795 5.1913753e-07 0.09418084 0.00042237397 0.9103022 0.8883646 2.4551584e-06 9.681365e-05 1.7695954e-06 3.7711967e-08 0.47325823 2.6247776e-08 2.0354415e-05 2.2775131e-07 9.805088e-08 0.1260518 0.2967676 1.9148337e-07 8.8133476e-08 0.1399904 2.9249287e-07 1.7064114e-07 0.4976672 0.031068785 0.0008391883 0.0077732527 0.00014811833 1.2724574e-05 0.008622175 0.29764402 1.35343e-07 6.1182973e-06 0.27125254 2.8257205e-07 0.003108785 5.547063e-07 1.5517898e-08 0.08456448 0.16107129 6.297832e-07 0.0023920431 1.406009e-06 0.03470754 3.44465e-07 0.0030727393 1.3978115e-07 3.597875e-05 6.6778616e-06 2.0557486e-06 6.113879e-07 4.9312274e-07 3.95999e-06 2.593598e-07 2.031868e-06 2.6062708e-07 1.28001e-06 2.3616478e-06 6.963695e-07 0.003024501 3.0023564e-06 0.06948784 6.732596e-07 5.8195845e-05 1.0788452e-08 1.5700915e-07 0.010760403 0.0009735242
0.9000541 0.04090458 0.0022308556 0.009991078 0.5335605 0.0011556052 0.08645426 0.00054392207 0.00030183647 0.8443532 0.0006207471 0.0001009432 0.035985425 0.00020246589 2.466436e-05 0.8474546 0.021356646 0.5624655 0.63980705 7.418226e-07 0.065694734 8.9430214e-05 2.8544234e-06 0.729106 3.8830564e-19 3.6533376e-07 0.2603178 4.2809803e-05 0.00037155388 0.80056494 1.4176766e-05 0.0952351 5.206443e-05 0.0008022086 0.00014260288 4.0738655e-06 0.9751264 0.029806392 0.6280069 0.30991623 9.0935435e-05 0.008101596 4.8674815e-06 6.719946e-07 0.006539551 7.5045705e-08 0.0014577376 3.058889e-07 3.8381888e-05 0.0017859231 0.0074361823 1.1270585e-05 1.3604348e-07 0.0040155156 6.0200915e-07 4.492789e-06 0.033601835 0.00016863488 0.026928587 0.00016234821 0.0046714055 2.427843e-05 0.00028552976 0.08934599 1.6370868e-07 2.1965836e-06 0.00099898 1.1184928e-06 0.00011245992 5.9346877e-07 2.8519583e-08 0.09412906 0.020297484 1.08764326e-07 0.00014400369 2.1621242e-06 0.0014501752 1.3048602e-06 0.04230065 2.8322978e-07 3.9918574e-05 0.0014457178 1.2331926e-05 2.116403e-07 1.6838015e-06 0.0007959293 6.3119865e-07 3.1822525e-05 7.9442316e-07 0.00012212509 1.0443741e-06 2.887995e-05 0.00019339449 0.00014074554 0.23861355 8.0515014e-07 6.6600282e-06 1.4132395e-07 1.2126881e-06 0.0027755557 5.209741e-05
0.89711136 7.700072e-05 0.013988872 0.0030914082 3.3203025e-06 0.029096406 2.5930033e-06 0.0039735143 0.19483617 4.1542808e-07 4.974357e-05 0.5414902 2.9851705e-07 0.0026167587 0.12921785 2.3859486e-05 0.014816587 3.6102378e-07 7.4959296e-08 0.9573448 0.003569522 0.4325751 0.7044794 6.935164e-09 3.6533376e-07 8.135115e-18 0.0003965678 0.10355379 2.77222e-06 0.00027667027 0.0014520911 1.3298255e-07 5.297413e-05 4.006241e-08 1.2069652e-10 0.98067176 2.1498504e-07 0.041553415 9.42169e-09 1.7224014e-09 0.0739249 0.03147516 1.4938198e-06 0.10514537 6.148626e-08 0.72403586 0.34755456 0.22804326 0.024349503 3.7568824e-07 4.6453177e-08 0.45617557 0.44138357 1.02818545e-08 0.03825197 0.0140941655 1.1173271e-07 7.834863e-09 0.0056676525 7.276416e-07 0.005464521 0.07211565 9.3019885e-08 5.8816005e-07 0.0046709487 0.13680637 1.5885592e-08 0.05922571 7.538308e-09 0.09485965 0.0005386218 1.6480111e-07 6.7643238e-09 0.0051022004 5.746068e-08 0.10198712 4.502585e-08 7.7620425e-06 0.0005548005 5.7548486e-06 0.013601723 0.0026915532 0.023642018 9.477366e-05 7.251451e-05 0.01500701 0.07765095 0.00020323429 0.0014163199 0.00081201823 1.9792974e-06 0.04888398 1.43883e-08 0.0010113998 0.00017461326 1.2496738e-05 1.2447429e-08 1.7361647e-06 0.0013789993 6.4485704e-07 5.6771643e-08
0.96488 0.3390289 0.3006817 0.48432648 0.36102527 0.18805832 0.047155634 0.076547466 0.118568964 0.083219424 0.0078770295 0.015877817 0.0044793854 0.019412424 0.013797189 0.8545585 0.5455342 0.005602311 0.0025520213 0.00084088056 0.9691438 0.014176802 0.0010105676 0.00076496706 0.2603178 0.0003965678 7.979503e-18 0.0021040319 0.00026153203 0.7516901 0.00025377868 0.0013891205 0.00034750887 0.00034351548 2.9044495e-06 0.00034065376 0.114397205 0.7169089 0.014211224 0.004344268 0.004313586 0.3358357 2.9022609e-05 8.1869024e-05 0.00022345093 0.00012842396 0.01516762 1.111926e-05 0.00081143726 7.3044845e-05 0.0006060941 0.0006134777 0.0007347421 7.1099195e-05 3.9219234e-05 0.00040867168 0.00039047727 6.571974e-06 0.44630924 0.00013351011 0.04069721 0.002484952 2.5558793e-06 0.012448079 2.8661983e-05 0.0007960731 0.000116741365 6.426791e-06 8.601338e-05 4.9422306e-05 4.0357186e-06 0.00936618 0.0017672372 1.9518577e-05 1.3335086e-05 2.3839015e-05 0.0011564193 1.3338711e-05 0.31794918 7.78999e-05 0.0002275426 0.003039905 0.0001096508 1.5062899e-06 1.8513158e-05 0.002742265 7.5899698e-06 8.043382e-05 7.039375e-05 0.00089507 2.5011216e-06 7.688884e-06 0.00018368287 0.000612947 0.21661814 3.1026286e-06 2.401656e-06 1.1646629e-07 0.00025343694 0.0016502398 4.3417032e-05
0.2986858 0.0064105946 0.2356193 0.05605111 0.0008995529 0.22378439 0.0010531738 0.22625884 0.19259788 0.00028639619 0.006349531 0.4585543 0.00022299217 0.15145148 0.9845625 0.0011197146 0.017996196 9.7329015e-05 9.847433e-05 0.051711578 0.007164765 0.044464108 0.042740576 8.820336e-06 4.2809803e-05 0.10355379 0.0021040319 4.5241466e-17 0.00033450773 0.0032772773 0.8491908 0.00024246675 0.01939315 4.4387336e-05 9.44359e-08 0.5445638 5.414485e-05 0.041950773 3.0292002e-05 1.2399085e-05 0.00032903726 0.0015167025 0.0007824389 0.00043137476 6.331411e-05 0.054068547 0.012090161 0.004060335 0.00016942814 7.86874e-05 1.0979682e-05 0.9150197 0.15935946 1.9131244e-06 0.002132913 0.9061127 1.0904496e-05 1.2191075e-06 0.0020338388 5.484038e-05 0.00027679533 0.7711124 2.3004228e-05 0.00013244385 0.00038143952 0.7658206 6.557774e-06 0.00039139722 1.5133758e-06 0.0019446283 2.4570874e-05 1.5412483e-05 2.1851504e-06 0.00019123856 2.5722122e-05 0.0063375104 1.1136293e-05 0.108813785 0.00022575118 0.022737063 0.210281 0.00026865766 0.1099673 5.6042936e-05 1.2274235e-05 0.00035419664 0.015114655 0.030188048 0.015499186 5.6075707e-05 4.6288455e-06 0.00050847256 1.1096374e-06 0.00013053519 0.0003273974 2.7424388e-05 2.2725912e-06 1.9594083e-06 3.995285e-05 4.0741297e-06 1.1418913e-05
0.009672252 0.4141795 0.0016281498 0.00052635494 0.019280909 0.00028080083 0.18461214 0.007861641 0.00018367814 0.0075121475 0.90825963 0.00011081411 0.36374637 0.5065998 0.00014457144 0.0020556673 0.00023637364 0.0027140877 0.002466596 4.777475e-06 0.00014965134 2.1496497e-05 2.798241e-05 0.00034790745 0.00037155388 2.77222e-06 0.00026153203 0.00033450773 1.0452789e-17 0.0012001098 0.027628178 0.0032849547 0.96143156 0.54746157 0.012410479 9.460466e-06 5.737896e-05 0.00024626107 0.00043728919 0.00024850635 8.992869e-06 1.5999478e-05 0.98998016 3.156827e-06 6.77355e-05 1.9380722e-07 0.00010892249 2.2203565e-05 4.184981e-06 0.0013588258 3.0152647e-05 1.3155993e-05 1.0601405e-05 5.643367e-06 3.1814802e-06 2.8037333e-05 0.000118751785 1.3208385e-06 0.0002488018 0.0016912087 1.1449402e-05 0.0008297247 9.01531e-05 0.0002403794 9.673751e-07 0.00055384735 2.6977204e-05 1.0745767e-06 2.090191e-05 9.3980987e-07 1.3832285e-07 0.00014836827 1.7584176e-05 9.252072e-08 9.969836e-06 3.7779462e-06 1.255907e-05 0.004631661 9.896633e-05 0.000110569206 3.0081934e-05 6.113372e-05 1.7437661e-06 6.2869344e-07 3.4456522e-07 1.2763342e-05 6.6767147e-06 7.0257134e-05 3.2239532e-06 1.6573751e-05 1.04963765e-05 1.1544716e-05 3.2724377e-06 4.9008268e-06 0.0024246618 3.8092223e-06 9.9027e-06 5.5866195e-07 4.5149222e-06 1.8408124e-05 1.05176e-05
0.99553764 0.6627534 0.19414608 0.16129948 0.6416198 0.037293665 0.38600504 0.055187702 0.008222015 0.59450054 0.062009435 0.0060623107 0.26304546 0.03329028 0.005347861 0.94818217 0.09869782 0.11843018 0.09549612 3.6648045e-05 0.15847346 0.0016398714 0.00016391826 0.050939366 0.80056494 0.00027667027 0.7516901 0.0032772773 0.0012001098 2.7326593e-16 0.0007438763 0.059793845 0.0007763265 0.00033222063 2.864635e-05 2.7960219e-05 0.5889684 0.18060885 0.09986262 0.058272116 0.0005881996 0.057913225 5.0430874e-05 1.708962e-05 0.0017374393 1.98476e-06 0.007123052 2.4620965e-06 0.00024900242 0.003881957 0.0013494013 0.00060542626 2.8198625e-05 0.00026026482 4.602733e-06 0.00045743113 0.0030160372 5.247543e-05 0.21419801 0.00016639516 0.013675862 0.0008632669 6.40489e-05 0.052362055 1.972952e-06 7.244296e-05 0.0005546907 2.1676627e-07 4.8663234e-05 1.3541343e-06 9.0980535e-07 0.087933704 0.005815909 6.012245e-06 3.2353877e-05 2.3563855e-06 0.0013687861 8.586168e-05 0.32577303 6.815164e-06 5.1072948e-05 0.0006334975 5.457448e-06 9.764018e-07 1.9409663e-06 0.001821003 7.829904e-07 3.205771e-05 7.823467e-06 0.00030955975 1.3234401e-07 6.9992666e-06 0.00031351714 0.00030225012 0.62625444 1.1080142e-06 2.277588e-06 2.1476074e-08 3.373775e-05 0.0058948705 6.695255e-05
0.14591496 0.10486793 0.5053977 0.066508085 0.0013465391 0.16209474 0.0028549735 0.845116 0.025967143 0.00066619884 0.51413536 0.100549385 0.0006811555 0.93722636 0.5908743 0.00034705535 0.0018865176 7.7798264e-05 7.892648e-05 9.530143e-05 0.001317729 0.0006388352 0.00020440348 1.6101828e-06 1.4176766e-05 0.0014520911 0.00025377868 0.8491908 0.027628178 0.0007438763 1.6683508e-14 4.2170137e-05 0.7185629 0.00016954808 1.1110064e-06 0.011779524 2.0476987e-06 0.0005595594 5.034282e-06 9.941642e-07 2.8257122e-07 1.9552251e-06 0.15658142 8.479538e-06 1.8868326e-05 8.605457e-05 1.3183436e-05 0.00015902343 4.605714e-08 2.3966008e-05 3.6023794e-05 0.4135647 0.00243952 1.2028206e-06 0.00040529208 0.9532897 1.7116286e-05 7.009807e-06 9.258149e-05 9.039805e-05 1.5053729e-07 0.7651674 2.7808588e-05 2.949748e-05 1.8690706e-06 0.4834261 3.383272e-06 2.4776908e-05 5.0499835e-07 4.8337906e-06 6.5424047e-07 1.4892055e-06 1.6415518e-07 2.482181e-06 3.963092e-06 6.0523515e-05 3.8435637e-06 0.75613123 7.32998e-06 0.03978993 0.13571951 4.9292275e-06 0.033325203 3.3840913e-06 3.2071378e-07 8.575002e-06 0.00035612527 0.027505495 0.0015392323 2.0920614e-07 1.3239977e-06 0.00017199927 1.8614819e-06 4.9159576e-07 0.00025184485 2.2483084e-05 1.6868747e-06 3.8398946e-07 1.955432e-06 1.3277835e-06 2.2504408e-05
