1.340572e-19 0.9248352 0.9646306 0.9671903 0.715446 0.96259826 0.84008664 0.98689747 0.9158835 0.96765196 0.83197397 0.9926068 0.8997342 0.90574855 0.055468213 0.049273677 0.99385566 0.9174322 0.99680597 0.95458007 0.82556486 0.08792754 0.908465 0.9172331 0.9664985 0.5290907 0.05339109 0.006379305 0.7785047 0.9559762 0.98837125 0.09518964 0.737118 0.9607756 0.8806711 0.07612088 0.88295007 0.8705097 0.98387486 0.7655507 0.9815577 0.99187726 0.67226124 0.8556157 0.016802702 0.9128772 0.93276614 0.89113015 0.37823817 0.054681804 0.929726 0.98168534 0.9488292 0.7621145 0.30760574 0.74918365 0.024767896 0.9294155 0.9762565 0.9589575 0.972575 0.040909346 0.94497705 0.9684966 0.56890804 0.93301684 0.91272545 0.7723969 0.99987036 0.81266135 0.019031579 0.9528651 0.9717658 0.004389317 0.8628316 0.032359995 0.405207 0.35146603 0.0140802 0.38975286 0.0068587656 0.0088687185 0.9915967 0.011606848 0.08089646 0.20406735 0.0014747333 0.99880356 0.69674903 0.99996865 0.5372357 0.3510429 0.01011845 0.89094996 0.010435852 0.0024827658 0.048058823 0.99996746 6.298133e-05 4.322744e-07 0.7603316
0.9248352 5.178325e-15 0.9443948 0.6678594 0.97513604 0.24062662 0.7600311 0.17520177 0.514652 0.8352522 0.15756753 0.005820847 0.018009752 0.0039624306 0.6598544 0.18094335 0.16636299 0.13047475 0.32876402 0.013706651 0.00027443576 0.23502043 0.0063526016 1.6965378e-05 0.011433107 0.012028357 0.13378747 0.01337892 0.010260111 8.8569635e-05 0.004910488 0.037349187 0.0008271124 0.0049928003 0.00012425253 0.0073402287 0.0001660019 0.001792178 0.00097176817 0.0004037653 3.8019694e-05 0.01274087 0.005869087 0.00017576758 0.0001925755 0.0010523149 8.3424175e-06 0.0017050152 0.027910871 3.9436094e-05 1.37306515e-05 0.0007183751 0.00033466888 0.00023123369 0.0009971824 2.3526884e-05 0.0061903098 0.00045650225 0.0006904337 7.4147454e-07 8.1728485e-06 0.0005872927 0.00035767426 0.00016325618 2.4394942e-05 8.9493426e-07 0.00026589286 0.0003984517 0.00070844835 1.7550927e-06 2.0106047e-06 0.00014454043 6.6357876e-05 3.5044658e-07 2.7557002e-08 7.797765e-05 3.4087147e-06 1.094741e-06 4.8002672e-05 3.1244778e-07 2.2794545e-08 1.655118e-05 0.00048442528 1.0177722e-06 2.3030461e-05 8.302438e-06 2.010766e-06 0.00046186373 4.0110335e-05 0.010125849 9.564759e-07 4.005015e-06 3.9277306e-06 1.494015e-06 6.8223435e-06 5.521902e-07 5.8199447e-07 0.00084469357 3.2486998e-08 2.7085873e-08 7.3167584e-08
0.9646306 0.9443948 1.1854203e-15 0.9305704 0.62220806 0.71411246 0.069356665 0.5390339 0.83571637 0.8156088 0.0124353 0.06555408 0.00033363226 0.037752524 0.33793482 0.011902794 0.028286481 0.017298827 0.25469396 0.044106256 0.0019349986 0.49268398 0.15078025 0.00016933575 0.023828236 0.000845441 0.23820227 0.0022102825 0.19038548 0.00018306122 0.0011027004 0.23926216 0.00019398154 0.0073643937 0.00070006854 0.07183628 0.0005806759 0.004390763 0.00017785236 0.0001221943 0.0023021998 0.013389871 0.12848997 0.0005132196 2.5869951e-05 0.01526772 3.002e-05 0.03561405 0.30236813 1.5073332e-06 5.1710576e-05 0.00038101364 7.8879144e-05 6.4618995e-05 0.029549811 0.000722483 0.05638549 0.00022843925 0.0017125588 2.7033e-06 3.0515088e-05 0.034532998 0.000544161 0.00036195148 0.0008379418 4.650092e-06 0.0002607749 0.0003478118 0.00082000135 1.8752902e-05 1.0301553e-06 4.4315813e-05 8.178462e-06 2.5649635e-07 2.3664057e-07 0.004793099 8.9299265e-06 3.4435222e-06 0.0013698438 5.967896e-07 1.7691567e-08 0.0002262538 0.00087557285 0.00040614526 0.00021033215 0.00052144437 5.555385e-05 0.0002921939 0.0006235209 0.0036724843 2.2700247e-06 2.5435087e-05 1.7128239e-05 2.3270246e-07 0.00013588367 2.8362416e-05 2.5208224e-06 0.00091250875 9.0331423e-07 2.2640843e-07 1.1500441e-07
0.9671903 0.6678594 0.9305704 1.659353e-15 0.2805251 0.8787412 0.0041581537 0.79323965 0.8491675 0.596236 0.00089051615 0.3563674 8.45924e-06 0.09486217 0.058345657 0.00059457065 0.00694877 0.003644051 0.1693141 0.05912761 0.009123443 0.52054733 0.46651602 0.0014214572 0.017858228 0.00013368747 0.14260508 0.00030903117 0.4543407 0.00032849578 0.00023045919 0.33518755 2.3828492e-05 0.0096961595 0.0010571855 0.20136403 0.0006422984 0.0063123303 3.7983053e-05 2.4749133e-05 0.011768953 0.017854072 0.40905884 0.0004360688 5.3294502e-06 0.032787874 5.4457218e-05 0.13818839 0.57243425 4.3784982e-07 3.548499e-05 6.2011866e-05 3.7077264e-06 1.348376e-05 0.15151137 0.0022103435 0.09226202 4.9152455e-05 0.0015454285 7.5767643e-06 3.579527e-05 0.083301306 0.0006220737 0.00022638222 0.0033744865 2.1814867e-05 4.4551925e-05 4.8266393e-05 0.0007834506 8.988767e-05 1.7491733e-07 2.8715974e-06 5.401153e-07 5.9326084e-08 1.9962426e-06 0.036299277 3.268759e-05 3.444207e-05 0.0077043357 9.73524e-07 2.4623052e-08 0.0011903907 0.0008693421 0.0025737744 0.00034358416 0.004960903 0.00021597052 0.00014273133 0.0017336309 0.002001571 2.7128713e-06 3.2267326e-05 2.0979896e-05 7.0887786e-08 0.00021809492 0.0001355888 7.655789e-06 0.0007995815 4.084182e-06 5.627113e-07 1.2875424e-07
0.715446 0.97513604 0.62220806 0.2805251 2.6372409e-17 0.07722586 0.91991293 0.035977725 0.40333533 0.28951222 0.30846664 0.0051141335 0.055773124 0.0017212293 0.93457484 0.78746736 0.102703586 0.10032413 0.17594673 0.0024347135 5.7876045e-05 0.4076066 0.0026520696 8.332677e-06 0.0057315603 0.3497629 0.21806696 0.2464956 0.0015861116 9.269736e-06 0.00741811 0.03040264 0.005170414 0.0037816935 1.4241499e-05 0.00352277 1.4465155e-06 0.000226838 0.0016067178 0.00035730214 5.167353e-06 0.009770805 0.00055521174 2.9337104e-06 0.0016146547 6.344903e-05 9.2323864e-07 5.5021792e-05 0.0027766728 4.9558945e-05 3.8663558e-07 0.00058863487 6.291307e-05 5.328066e-05 3.477894e-05 7.4650643e-07 0.00043819158 0.00013046114 0.00012380176 2.9369378e-08 1.204466e-07 1.2112242e-05 6.961063e-06 5.819165e-06 5.4454536e-06 4.1755945e-07 3.222704e-05 3.4813154e-05 0.00021494519 1.3782156e-07 2.8982129e-06 1.7645241e-05 2.2936123e-05 7.146356e-07 4.380691e-09 3.986807e-06 8.9370866e-07 7.378643e-07 3.3699132e-05 8.728264e-08 1.0606865e-07 3.5091566e-06 0.0001541865 8.5122956e-08 2.9895564e-06 4.179871e-06 4.066696e-06 0.0002364706 4.539757e-06 0.0045208037 1.0642079e-06 2.2707218e-06 2.4922915e-07 4.819224e-07 3.4590937e-06 9.117335e-09 2.618558e-07 5.7809637e-05 1.9286716e-08 2.3842426e-07 6.25196e-08
0.96259826 0.24062662 0.71411246 0.8787412 0.07722586 1.2701557e-15 0.0015917077 0.84693027 0.9011309 0.10600814 0.00017787729 0.37013304 4.1966427e-06 0.05820179 0.016998312 0.0002465367 0.0020639934 0.00050270255 0.0667868 0.021603238 0.012093349 0.6827936 0.5797581 0.003632502 0.006211291 4.52688e-05 0.13195847 0.00021849506 0.7569532 0.0005732164 6.1271756e-05 0.5645372 3.9202464e-06 0.0033863857 0.0002489974 0.47672147 0.0002468242 0.0036384654 2.7320764e-06 1.8028446e-06 0.0050715264 0.019701442 0.76322734 0.0001734002 8.872165e-07 0.045077663 2.4565928e-05 0.23964994 0.8215768 2.653324e-07 3.8278017e-06 1.6756647e-05 2.9906158e-07 4.3953247e-07 0.37640628 0.0014297164 0.25560513 1.1294202e-05 0.0011381846 8.325555e-07 2.0469168e-05 0.2500757 0.00030656194 9.4753246e-05 0.0047992263 2.1186832e-05 2.36391e-06 2.3975165e-06 0.00035709416 6.0724014e-05 4.9280516e-08 1.3952145e-07 1.2552242e-07 4.347738e-08 1.2415894e-06 0.13924326 1.041983e-05 4.2317188e-05 0.04034126 8.17254e-07 5.9918335e-08 0.008514757 0.00029585452 0.009865966 0.0002796794 0.01090985 0.0014231323 3.199781e-05 0.0019807054 0.0012695186 1.9321403e-06 7.1417235e-05 2.7025695e-05 1.2318291e-07 0.00092497445 0.0005695633 2.4475466e-06 0.0002674582 6.1898725e-05 5.1299967e-06 1.3920433e-07
0.84008664 0.7600311 0.069356665 0.0041581537 0.91991293 0.0015917077 7.608346e-18 0.0007867488 0.019844709 0.38648394 0.98478526 0.00017135618 0.47277653 0.0006160421 0.57606804 0.8590521 0.49326876 0.7995403 0.25127444 0.0006134666 2.7899274e-05 0.016883474 0.00012747293 1.0990058e-06 0.0043916428 0.81691 0.018490164 0.13640597 0.00028944292 4.4756107e-06 0.018855816 0.00089473464 0.091048315 0.0058505386 4.099784e-06 0.00022766393 3.6510915e-05 0.00042473717 0.006685145 0.006380927 4.282918e-06 0.00899148 3.856781e-05 0.0001413123 0.009800364 5.0960123e-05 2.4404121e-06 1.0224814e-05 0.0002803128 0.0018357468 4.9288797e-06 0.0007061065 0.0023115277 0.000707324 1.3929465e-05 1.760061e-06 3.4399081e-06 0.0005496673 0.00023188713 1.602812e-08 5.004689e-06 6.197504e-07 0.00025354355 4.5146273e-05 2.55624e-06 1.5798666e-07 9.561623e-05 0.0003503263 0.0015399078 1.5295153e-07 1.6766405e-06 4.95211e-05 0.000304198 1.1190893e-06 5.7328196e-09 4.171797e-07 9.881902e-07 7.633433e-07 5.9702467e-07 1.222096e-07 3.6586773e-08 4.2336337e-06 0.00051769 3.872265e-08 2.247916e-05 9.154046e-06 1.4771542e-06 0.0002375243 6.469647e-06 0.009983724 9.802607e-07 2.2878767e-06 9.991061e-06 5.1504776e-06 9.456217e-06 3.7127563e-07 2.7810336e-07 0.00042065568 8.110894e-08 1.0829278e-07 1.74542e-08
0.98689747 0.17520177 0.5390339 0.79323965 0.035977725 0.84693027 0.0007867488 1.1907279e-14 0.60396683 0.2403256 4.781671e-05 0.8022506 1.0589092e-06 0.56162274 0.00084519276 9.943406e-05 0.00094697136 0.00090203213 0.07818376 0.10350859 0.11226644 0.1613506 0.87827265 0.044850376 0.016751863 1.2088274e-05 0.017846895 6.327319e-05 0.7308224 0.0038942269 3.403792e-05 0.14567138 2.5868703e-06 0.0075195087 0.0020964085 0.0920302 0.0011847042 0.008554313 6.0540456e-06 3.976949e-06 0.073329695 0.0221654 0.6981812 0.00060500985 3.0340295e-06 0.21316203 0.00018860435 0.5750341 0.49401274 4.7923396e-07 0.0001317555 2.2828344e-05 9.1159626e-07 4.395725e-06 0.43534216 0.017009785 0.03678752 2.6633228e-05 0.0030987654 3.8157068e-05 0.000111553796 0.06143889 0.0006830172 0.0007276282 0.030657716 0.00015725922 1.8180739e-05 9.7615275e-06 0.0007263386 0.00039877728 1.2599881e-07 9.4981675e-07 1.2096301e-07 6.057782e-08 2.5125937e-05 0.12502566 0.00022825373 0.00033821043 0.0329022 6.6694283e-06 1.0656872e-07 0.010956289 0.0021374577 0.018686868 0.0014928087 0.053844083 0.0012476103 3.0366975e-05 0.008290117 0.0013956915 3.403287e-06 0.00012653606 0.000108883745 2.4031564e-08 0.0020533102 0.0009541806 2.2572069e-05 0.0010645243 7.445609e-06 2.0824084e-06 6.14285e-07
0.9158835 0.514652 0.83571637 0.8491675 0.40333533 0.9011309 0.019844709 0.60396683 3.6599995e-14 0.0723999 0.000983655 0.124524824 2.084271e-05 0.011115333 0.36776796 0.0065809493 0.0047690044 0.00088991126 0.098320045 0.0050730696 0.0024815383 0.93701005 0.14824292 0.00060362666 0.00273082 0.00037551383 0.51324147 0.0055020563 0.671765 0.00057110714 8.685183e-05 0.7697565 1.5201982e-05 0.0011683097 4.8041733e-05 0.6935687 1.3484595e-05 0.0006242625 1.085723e-05 2.7971432e-06 0.00023527953 0.021509117 0.56547505 9.415346e-06 1.8174403e-06 0.010041542 1.9464271e-06 0.038952984 0.7997236 4.3792375e-07 8.8262976e-07 5.6075438e-05 2.3055446e-07 1.861064e-07 0.104478866 0.00010504715 0.35901147 6.7396654e-06 0.00022648888 4.3111562e-08 1.01722e-06 0.25178877 5.5874087e-05 2.162045e-05 0.0004945885 7.0438173e-06 2.3173013e-06 2.6231112e-06 1.3503848e-05 8.918853e-06 7.1607744e-08 4.3508138e-07 6.004667e-07 4.1461096e-08 2.705215e-07 0.042006306 1.9528977e-06 9.1842585e-06 0.019265529 9.304947e-07 3.3780616e-08 0.004783414 5.482527e-05 0.0010273422 5.1614996e-05 0.0016483123 0.00047902085 3.365022e-05 0.00073113636 0.0012155406 2.485265e-06 8.9661124e-05 5.0498516e-06 2.149342e-07 0.00038993845 4.061214e-05 3.5995046e-07 3.1920517e-05 0.0007492568 1.8733708e-05 3.4406366e-08
0.96765196 0.8352522 0.8156088 0.596236 0.28951222 0.10600814 0.38648394 0.2403256 0.0723999 1.0051013e-16 0.17478897 0.12430537 0.011981411 0.60625285 0.028421914 0.005717388 0.36338505 0.21205193 0.94884753 0.7696842 0.22424783 0.0129045 0.0116604725 0.038442995 0.8175833 0.0007667832 0.00067806523 5.698697e-05 0.0038149923 0.008528374 0.04119623 0.0035900197 0.00083311315 0.18183334 0.040134445 0.0012207025 0.02707401 0.1035762 0.0019061468 0.00042169596 0.0035039566 0.10970253 0.0014724005 0.016192477 2.8660133e-06 0.002018974 7.423385e-05 0.00040155213 0.0010454983 4.1224685e-06 0.0002852092 0.003172146 6.848213e-05 0.0009667015 0.00010788978 9.374227e-05 3.949837e-06 0.00041727562 0.06516257 2.0729047e-05 0.0005524309 4.474129e-06 0.017078828 0.02007428 3.0820134e-05 1.1948182e-05 0.00032257987 0.00013322025 0.03845449 1.1031129e-05 3.3996065e-07 0.00014412789 7.740406e-06 3.8560504e-08 1.921543e-06 2.1590172e-06 1.0698868e-05 2.0983284e-06 1.0400704e-06 2.3322134e-06 1.1173372e-08 4.4887843e-06 0.028218113 5.4989954e-07 2.960625e-06 6.570827e-06 3.6094236e-06 0.0013794111 3.0701979e-06 0.028820172 5.4732764e-06 2.9842581e-06 4.0394744e-07 2.1506008e-07 1.6945917e-06 4.1871226e-07 6.806859e-07 0.015528834 2.6752434e-09 1.5289473e-08 2.5231216e-06
0.83197397 0.15756753 0.0124353 0.00089051615 0.30846664 0.00017787729 0.98478526 4.781671e-05 0.000983655 0.17478897 1.5518161e-16 4.130812e-06 0.9455366 0.00019174296 0.0660971 0.15234593 0.6171823 0.9010119 0.24554339 0.00051905814 4.9406568e-05 0.0005237734 1.2420063e-06 2.3175535e-06 0.002584278 0.48455536 0.00029900298 0.007946657 1.2577551e-05 3.9590423e-06 0.25325876 4.132792e-05 0.27787355 0.0021420678 4.9340033e-05 1.9142388e-05 7.785155e-05 0.00055083615 0.029623462 0.041480392 3.252761e-08 0.0066081053 4.9332266e-07 0.0007501842 0.0069448487 2.4337671e-06 1.8479192e-06 1.0730416e-06 1.3993614e-05 0.0031102363 9.484314e-06 0.0041387184 0.0134746535 0.0021713355 8.934018e-07 3.13268e-07 1.3724332e-06 0.0039375215 0.0002984651 1.2332274e-06 3.4013454e-05 1.2977814e-06 0.0002314744 9.432166e-05 1.9947433e-06 1.2097442e-07 0.0014326919 0.004686856 0.0025394247 1.9198238e-07 0.00011600765 0.001796306 0.004292333 2.7042426e-05 1.271639e-08 4.0316962e-07 1.1098057e-06 1.6854426e-07 2.9281227e-06 8.3567926e-07 5.9004688e-06 1.2933187e-06 0.0010520886 1.2819994e-07 1.2968659e-06 9.953534e-06 6.6845354e-07 0.0014914719 1.0331577e-05 0.026790235 6.9260736e-06 2.0905707e-06 3.0220167e-06 2.6178044e-05 8.972617e-06 3.4231803e-07 4.2125785e-06 0.0010097537 6.7896885e-08 1.419924e-07 1.0512605e-07
0.9926068 0.005820847 0.06555408 0.3563674 0.0051141335 0.37013304 0.00017135618 0.8022506 0.124524824 0.12430537 4.130812e-06 1.2128745e-15 6.296898e-08 0.866949 8.081566e-05 1.2839573e-05 0.00042065445 0.00021683525 0.03748737 0.3009515 0.5126634 0.0036148448 0.92320335 0.5136782 0.035626296 4.4399573e-07 0.00022449758 5.5544283e-06 0.3713646 0.1271142 2.6474674e-05 0.0037719558 8.217063e-07 0.0085992925 0.010814805 0.005180424 0.004262296 0.02196266 4.0751397e-06 1.4570768e-06 0.62816846 0.01616193 0.43253365 0.0010053779 8.0918994e-07 0.7442608 0.0053521167 0.8189174 0.09304682 4.433868e-07 0.0011641745 2.7654243e-05 9.722144e-08 7.924022e-07 0.47203082 0.14152928 0.0014325908 8.573489e-06 0.0077849925 0.00031631708 0.00086124975 0.009712485 0.0017710011 0.0065504685 0.1838881 0.0041009183 8.9438945e-06 6.065898e-06 0.00090578536 0.0054588877 6.1009516e-08 3.5817772e-07 4.6040977e-08 2.5873488e-08 0.0002914372 0.17280348 0.0006189769 0.0008619523 0.031401545 2.6238653e-05 8.60283e-09 0.035028726 0.014987887 0.05270052 0.012256527 0.31499365 0.0034861409 1.595733e-05 0.17303285 0.0018315114 1.4850685e-06 0.0008067447 0.0010705095 7.0918853e-09 0.013017561 0.0066809035 1.612355e-05 0.0026657484 3.2657832e-07 2.8158408e-06 2.6259605e-07
0.8997342 0.018009752 0.00033363226 8.45924e-06 0.055773124 4.1966427e-06 0.47277653 1.0589092e-06 2.084271e-05 0.011981411 0.9455366 6.296898e-08 9.084798e-18 1.1337752e-06 0.012807759 0.18136653 0.6388229 0.89687073 0.15469447 5.131283e-06 3.76119e-08 5.084643e-05 4.0724668e-08 2.034113e-08 6.237159e-05 0.89266765 2.0011903e-05 0.01574152 2.0792798e-07 1.2527799e-07 0.20064153 6.002308e-07 0.9694795 0.00045839342 1.5216942e-06 2.5371392e-07 4.595794e-06 0.00013813745 0.20987593 0.38771772 6.6955854e-09 0.0022819813 3.8865384e-08 0.00017063979 0.16654482 9.545655e-08 2.1261012e-07 2.6540363e-08 1.5292563e-06 0.12632294 9.142674e-07 0.012753848 0.13574553 0.007771963 4.0264723e-08 3.1919342e-08 2.7401038e-07 0.023918705 0.00030986778 5.8223093e-09 1.013116e-06 1.8882832e-07 0.00011588414 2.8618444e-05 1.0903747e-07 4.0706343e-08 0.0034751603 0.015774054 0.00067257485 7.342076e-08 0.0007065501 0.0022317325 0.003818017 8.540997e-05 6.770825e-10 5.286312e-08 1.05240815e-07 1.7676152e-08 4.6859523e-07 6.46774e-08 8.694071e-06 1.9230762e-07 0.00040351704 3.482867e-08 3.5400546e-07 1.326376e-06 7.976089e-08 0.0022804954 7.9787173e-07 0.04553422 9.92373e-07 1.452912e-05 2.0164356e-07 2.8965758e-05 1.1373728e-06 2.4826019e-08 2.595438e-06 0.00040572148 2.1568263e-09 9.48331e-10 1.9668201e-08
0.90574855 0.0039624306 0.037752524 0.09486217 0.0017212293 0.05820179 0.0006160421 0.56162274 0.011115333 0.60625285 0.00019174296 0.866949 1.1337752e-06 1.7352817e-16 0.0009316122 0.00020247459 0.0012352403 0.00021497533 0.032983694 0.91028553 0.9645112 0.0036661506 0.2897962 0.6495109 0.1709732 3.3651697e-05 6.791453e-05 2.8100092e-06 0.01176645 0.31227687 9.055206e-05 0.0016614668 4.3695298e-05 0.013261258 0.07192215 0.001128079 0.022281863 0.028808044 6.8718728e-06 6.582863e-06 0.57703525 0.009255696 0.020409374 0.0040398617 4.1913154e-06 0.29157004 0.04663946 0.09541859 0.0026285315 1.5787115e-05 0.025883421 0.00012543012 2.3133823e-06 1.1513676e-05 0.01743789 0.12660056 2.9753277e-05 6.684211e-05 0.010771215 0.0006903392 0.0019871884 0.00042691588 0.005016028 0.012208714 0.06756648 0.010263429 0.00018164718 3.6081663e-05 0.003452684 0.008979741 1.166537e-07 1.2339938e-05 5.4271914e-07 7.3986266e-09 0.0020466777 0.0061234874 0.0012093256 0.000701471 0.00052714837 0.00019688997 1.2898419e-09 0.0023175294 0.010089197 0.0031896387 0.004540751 0.042201165 0.00026593293 0.00050745526 0.012968147 0.0022092992 2.2484926e-05 0.0025238004 0.0007086521 1.1346691e-07 0.00057136436 0.0010664153 4.3965578e-05 0.004466927 2.7698542e-08 2.0783054e-06 1.1217617e-06
0.055468213 0.6598544 0.33793482 0.058345657 0.93457484 0.016998312 0.57606804 0.00084519276 0.36776796 0.028421914 0.0660971 8.081566e-05 0.012807759 0.0009316122 4.836802e-19 0.66211957 0.0076421644 0.0143128205 0.011650042 0.00013988912 0.00013711827 0.07893375 0.00055135676 9.118832e-07 0.0017559786 0.0051047923 0.8233822 0.9876326 0.0005257171 3.459508e-05 0.0006444787 0.0039507505 0.004167054 0.001217037 3.2849024e-07 0.00043674826 3.2905875e-05 2.2904973e-05 1.6374288e-05 0.00020012254 2.571479e-07 0.0014385874 5.5367407e-05 1.1707946e-07 9.782697e-05 1.2752247e-05 9.489539e-07 9.4593156e-07 0.00017455648 2.5999181e-05 1.6543983e-07 5.8216633e-06 7.501877e-05 2.314437e-06 5.3603344e-06 3.9611777e-07 0.00033025767 1.4579033e-05 7.0637456e-05 1.0251018e-07 1.5436225e-07 7.4552936e-06 4.010687e-06 4.0709935e-07 5.132553e-07 1.1066119e-06 4.03365e-07 2.2072436e-05 1.8141812e-06 8.974175e-08 5.4240807e-09 1.7878459e-06 9.893421e-06 8.212496e-09 1.1969982e-08 6.170443e-08 2.9312353e-08 1.0361454e-07 9.3383994e-07 4.483663e-08 4.5395357e-08 2.6860844e-08 4.930125e-06 2.7767402e-09 4.5654986e-08 1.0763547e-07 6.341723e-08 2.43138e-06 1.519635e-06 0.0003656484 8.497647e-08 1.02102554e-07 2.3885564e-08 6.977789e-07 2.7394755e-08 1.0597573e-09 8.397974e-08 6.655511e-05 1.040352e-06 2.3358604e-09 3.0907678e-08
0.049273677 0.18094335 0.011902794 0.00059457065 0.78746736 0.0002465367 0.8590521 9.943406e-05 0.0065809493 0.005717388 0.15234593 1.2839573e-05 0.18136653 0.00020247459 0.66211957 3.1823574e-17 0.016758893 0.034307864 0.004019866 2.2545028e-05 4.2181423e-06 0.0021687248 3.1479492e-06 1.9079462e-06 5.9749178e-05 0.98688245 0.02473537 0.98120105 1.137151e-05 1.8211003e-05 0.0010934733 0.00011264659 0.10229354 4.9483522e-05 6.241538e-07 2.0012552e-05 1.0929197e-06 2.338677e-06 0.00148849 0.0039138235 3.1705333e-08 9.6316915e-05 4.513738e-06 7.155218e-08 0.002624301 5.2906574e-07 1.0162146e-06 6.807898e-07 4.8488862e-05 0.00046361063 3.197359e-07 0.00015381846 0.001570028 0.0001232964 2.2337349e-07 1.5924522e-07 5.9095073e-06 0.00039421787 4.27722e-06 1.4029846e-06 3.267076e-07 6.751235e-07 1.0119486e-06 3.0511507e-07 1.4084469e-07 2.0313912e-06 6.275823e-05 0.0005481719 7.1205454e-07 2.1147689e-07 1.0290935e-05 0.00017781081 0.00049564545 7.4482937e-06 4.02354e-08 3.9018914e-08 3.7776253e-08 3.291165e-07 5.4497525e-07 2.1047731e-07 3.891193e-06 1.7457452e-07 5.0443496e-06 2.7181203e-08 2.8905188e-07 8.5627727e-07 4.4966956e-07 7.109499e-05 6.0833157e-05 0.0006370019 9.30465e-08 1.2717305e-07 6.892534e-08 6.254791e-05 1.1760649e-06 1.5786911e-08 2.0328002e-06 1.6901411e-05 2.057116e-09 6.68131e-09 1.07544565e-07
0.99385566 0.16636299 0.028286481 0.00694877 0.102703586 0.0020639934 0.49326876 0.00094697136 0.0047690044 0.36338505 0.6171823 0.00042065445 0.6388229 0.0012352403 0.0076421644 0.016758893 1.7916704e-16 0.97778547 0.5622716 0.010472791 0.00028454055 0.0004856365 2.9723105e-05 1.9341507e-05 0.085255705 0.09255807 0.00019507478 0.00095289573 6.2250605e-05 5.068111e-05 0.310893 5.916712e-05 0.23356785 0.08944516 0.0004489791 2.4936204e-05 0.0014916247 0.0053269174 0.042233855 0.03634603 2.3739554e-05 0.078045525 5.2182713e-06 0.011315221 0.0008312445 1.257008e-05 9.08022e-06 6.200084e-06 2.8954713e-05 0.0022800332 9.2741095e-05 0.0068599526 0.004501287 0.004762137 2.9832877e-06 2.4523058e-06 1.0874738e-06 0.004010144 0.007030171 3.1203715e-05 0.00033760248 3.4391454e-07 0.002655742 0.0017057421 3.5312664e-06 2.0752632e-06 0.0012217665 0.0029059544 0.11052477 8.4254293e-07 1.7282411e-05 0.0016338606 0.0032082072 3.9403217e-06 2.2559179e-07 1.7703321e-07 1.3513097e-05 2.0090015e-07 4.113901e-07 1.1752543e-06 6.6854955e-06 1.0187987e-06 0.013045741 2.9665136e-07 1.2216604e-05 3.8584145e-05 1.1234425e-06 0.00531736 6.5179206e-06 0.20740046 2.7765495e-07 8.805015e-06 3.6261436e-06 2.2608458e-05 2.1340634e-06 2.4528415e-06 1.7124565e-05 0.016607309 3.3457152e-06 5.1979595e-07 5.448199e-07
0.9174322 0.13047475 0.017298827 0.003644051 0.10032413 0.00050270255 0.7995403 0.00090203213 0.00088991126 0.21205193 0.9010119 0.00021683525 0.89687073 0.00021497533 0.0143128205 0.034307864 0.97778547 1.6683196e-17 0.3849523 0.00082850346 3.361789e-05 0.00075514655 8.215414e-06 7.998927e-06 0.010757878 0.1360661 6.4033506e-05 0.0015083709 6.70843e-06 7.823064e-06 0.7083666 4.1469146e-05 0.5206138 0.006116863 0.00013385473 1.0379098e-05 0.00013865734 0.0013219917 0.25201043 0.22999947 4.2460674e-06 0.006749305 1.7304188e-06 0.000851198 0.013303643 9.7380294e-08 2.0481177e-07 4.2598515e-07 9.475148e-06 0.011472438 6.41523e-06 0.01352469 0.046344638 0.013155354 4.131235e-07 5.7546668e-08 5.93073e-08 0.018901294 0.0019776674 1.0334039e-07 6.3134403e-06 1.4435423e-07 0.0014548629 0.0010020878 6.3378174e-08 5.6827463e-07 0.0023066378 0.012512535 0.016126271 3.178749e-07 0.0004522822 0.0028712896 0.002952337 0.000112093185 6.284827e-08 1.1041708e-07 2.388864e-06 1.428628e-07 2.6549972e-07 2.7798112e-07 1.2499837e-05 3.4963472e-07 0.003266584 9.050375e-08 6.068499e-07 2.9413359e-06 2.3730408e-07 0.01728308 2.8905794e-07 0.08489992 1.5112404e-07 2.1818248e-06 6.3850445e-07 0.00017814874 3.6348598e-07 1.4450546e-07 5.2859974e-07 0.0052942564 1.9683877e-09 2.4023867e-08 5.5655605e-09
0.99680597 0.32876402 0.25469396 0.1693141 0.17594673 0.0667868 0.25127444 0.07818376 0.098320045 0.94884753 0.24554339 0.03748737 0.15469447 0.032983694 0.011650042 0.004019866 0.5622716 0.3849523 2.299762e-15 0.33698702 0.011919628 0.0013811584 0.0021123393 0.0006582735 0.61810887 0.013369398 0.00017284925 0.00032366393 0.0016286733 0.0020409464 0.79160327 0.00029009397 0.043194026 0.43548766 0.07057598 0.00041402108 0.096191205 0.23724103 0.1117474 0.03955631 0.0010700114 0.45619246 0.00014412089 0.15753011 0.00072798773 0.00025018258 0.00026469692 5.1728377e-05 5.781625e-05 0.00068272743 0.0016052224 0.09686335 0.0059366073 0.06677469 5.2985444e-05 7.993044e-05 7.896189e-06 0.014420365 0.2501024 0.00027516196 0.0058296886 4.6046516e-06 0.1039659 0.07960617 0.00014572979 0.00017426457 0.011748431 0.004481272 0.42429677 2.505358e-05 7.730484e-06 0.010033085 0.0042279875 1.8984338e-06 1.417436e-05 8.577104e-06 0.00017209658 3.4057416e-06 1.9487888e-05 2.5738907e-05 2.0354037e-06 6.2932722e-06 0.13085164 2.0873752e-06 1.4942993e-05 1.5120961e-06 1.7847431e-05 0.031284247 1.7146038e-05 0.40816218 7.0407273e-06 1.2142075e-06 2.0831374e-06 1.7033482e-05 6.0171988e-05 6.952259e-06 2.4794139e-05 0.08700322 3.6831203e-08 2.2575772e-07 2.2168273e-05
0.95458007 0.013706651 0.044106256 0.05912761 0.0024347135 0.021603238 0.0006134666 0.10350859 0.0050730696 0.7696842 0.00051905814 0.3009515 5.131283e-06 0.91028553 0.00013988912 2.2545028e-05 0.010472791 0.00082850346 0.33698702 1.5467098e-16 0.8227802 0.0010351706 0.023246672 0.76356447 0.9436202 1.4214226e-05 1.0127457e-05 5.410479e-07 0.0022259273 0.7106071 0.0013417321 0.00039078985 2.7980224e-05 0.28991717 0.70830435 8.899231e-05 0.21320774 0.3358562 5.9492515e-05 8.772552e-06 0.07435264 0.11183531 0.0018738175 0.028604845 4.62477e-07 0.010923817 0.03918787 0.004014296 0.0003354396 2.9096616e-06 0.07209393 0.0011848714 1.3060019e-06 5.074499e-05 0.0004727863 0.007418092 3.3086765e-06 7.4727795e-05 0.15049379 0.004739352 0.015986409 1.6240898e-05 0.03763016 0.124372564 0.0011905462 0.017346539 0.00026440524 6.0565082e-05 0.034876697 0.0017884629 1.697434e-07 8.187288e-06 7.5210244e-07 2.1458469e-08 0.00086646667 0.000102887505 0.0024700812 5.5104916e-05 3.4952773e-05 0.0007126147 4.4555453e-09 0.00010082015 0.060635407 1.8105664e-05 0.00041613905 0.0007837114 3.767999e-05 0.0003583735 0.00010671137 0.007139245 0.00018071584 0.00040379266 3.8869188e-05 1.1432676e-07 0.000107150685 3.723584e-06 3.8033548e-05 0.022126647 5.4769136e-09 1.078099e-07 4.429693e-05
0.82556486 0.00027443576 0.0019349986 0.009123443 5.7876045e-05 0.012093349 2.7899274e-05 0.11226644 0.0024815383 0.22424783 4.9406568e-05 0.5126634 3.76119e-08 0.9645112 0.00013711827 4.2181423e-06 0.00028454055 3.361789e-05 0.011919628 0.8227802 7.847731e-19 0.0008480283 0.108694255 0.94693804 0.16926469 2.3132939e-06 6.751e-06 4.0362514e-07 0.0060248645 0.7534647 4.4584653e-05 0.00021206793 1.2230844e-06 0.031237718 0.1316775 0.00020159002 0.04513348 0.03805923 1.2561237e-05 5.0895255e-06 0.44018853 0.01191026 0.011275111 0.008073412 9.1776604e-07 0.103755765 0.18646824 0.038914807 0.0014103301 4.4954737e-07 0.14904085 0.00021685446 1.7786558e-06 3.250465e-05 0.008465447 0.08784496 1.1814034e-06 3.975146e-05 0.02252576 0.004890157 0.009074143 0.00010033567 0.011281226 0.030292569 0.0380127 0.11357024 6.917132e-05 1.262549e-05 0.007906962 0.026590688 2.0559394e-09 2.0412657e-05 6.700594e-07 2.9392044e-10 0.007034369 0.0022420639 0.0071542505 0.0017039214 0.00012508323 0.00046854324 1.1339124e-10 0.0011390581 0.025552804 0.002260333 0.0053942893 0.019694163 2.9396522e-05 0.0005881043 0.014795533 0.0023729645 5.2504063e-05 0.0034007584 0.00064549025 2.5334847e-08 0.0002910725 0.0004025513 7.511434e-05 0.0056885267 8.936353e-09 8.5414035e-07 6.189143e-06
0.08792754 0.23502043 0.49268398 0.52054733 0.4076066 0.6827936 0.016883474 0.1613506 0.93701005 0.0129045 0.0005237734 0.0036148448 5.084643e-05 0.0036661506 0.07893375 0.0021687248 0.0004856365 0.00075514655 0.0013811584 0.0010351706 0.0008480283 2.0253873e-15 0.029162224 0.0003643413 0.0005863126 0.00030541103 0.99321663 0.014615325 0.15867749 0.00027300397 4.1514377e-05 0.3785686 2.9494977e-05 0.0004963666 2.5465524e-05 0.1894727 2.0731102e-05 0.00013648813 1.7940076e-05 8.200459e-05 1.7374095e-05 0.00034236538 0.0043143486 1.40491065e-05 5.4428914e-05 0.0007183706 1.39954955e-05 9.874913e-05 0.016526166 0.00010999191 3.0741077e-05 3.026405e-05 5.0700924e-05 6.0930843e-06 0.00022690832 6.7432597e-06 0.009680244 5.981936e-05 0.00025475884 2.008469e-05 4.1105875e-05 0.000826864 0.00013293621 6.644305e-05 1.4443134e-05 6.291109e-05 5.082626e-05 0.00025286354 6.949164e-06 5.961988e-06 1.9118677e-06 5.8874088e-05 0.00018006763 8.349823e-07 2.495062e-07 5.7081175e-05 1.2062104e-06 2.3702987e-06 0.00029088656 3.6999768e-06 4.345865e-06 4.2314485e-05 7.3645766e-05 1.0422702e-05 9.26971e-06 3.603297e-05 1.3395925e-05 8.816615e-05 0.00016901952 0.0016091206 5.700425e-07 1.1492795e-06 2.2510749e-06 1.7536817e-05 2.1027849e-05 3.333519e-05 6.9848196e-05 9.7999335e-05 0.0001228088 2.1330845e-06 1.4114542e-06
0.908465 0.0063526016 0.15078025 0.46651602 0.0026520696 0.5797581 0.00012747293 0.87827265 0.14824292 0.0116604725 1.2420063e-06 0.92320335 4.0724668e-08 0.2897962 0.00055135676 3.1479492e-06 2.9723105e-05 8.215414e-06 0.0021123393 0.023246672 0.108694255 0.029162224 5.624319e-16 0.094857395 0.0044755233 2.2499985e-07 0.0005967916 2.6657558e-06 0.9405551 0.012395776 8.132957e-07 0.029899696 1.0843824e-08 0.002511663 0.0016639848 0.05550642 0.00025905613 0.0013015545 2.2364246e-07 1.5336145e-06 0.09989846 0.0017097772 0.64970547 0.00012155226 5.2697015e-08 0.79929817 0.0020465052 0.68889254 0.058389552 3.6493592e-08 0.00019195885 2.5207214e-06 5.172601e-07 1.311608e-07 0.39624253 0.060271554 0.00091582607 1.4216835e-06 0.0015167004 5.974177e-05 0.000102260565 0.0039010828 0.00041073372 0.0016797921 0.092564866 0.00085378624 7.0181983e-07 7.7605586e-07 3.5426932e-05 0.003559131 1.7106935e-09 1.5080952e-06 9.276355e-07 8.7520446e-10 5.242646e-05 0.02666192 0.00011513485 0.00029960612 0.0028369369 3.8333787e-05 4.608135e-10 0.011255205 0.00385819 0.014373738 0.007745004 0.040076755 0.0011557203 1.6578477e-05 0.016311735 0.0003695567 9.462975e-06 5.6444198e-05 0.0010642249 2.7344013e-08 0.002276 0.007841185 5.1350115e-05 0.00092410593 4.154962e-07 1.7504768e-05 2.5356397e-07
0.9172331 1.6965378e-05 0.00016933575 0.0014214572 8.332677e-06 0.003632502 1.0990058e-06 0.044850376 0.00060362666 0.038442995 2.3175535e-06 0.5136782 2.034113e-08 0.6495109 9.118832e-07 1.9079462e-06 1.9341507e-05 7.998927e-06 0.0006582735 0.76356447 0.94693804 0.0003643413 0.094857395 1.6474748e-17 0.06562026 9.3098646e-07 9.067196e-06 2.9847632e-07 0.0051199775 0.9596532 6.6372772e-06 8.027106e-05 2.5497718e-07 0.01191506 0.115983486 3.303328e-05 0.028670978 0.028885873 3.4007317e-07 2.6216694e-07 0.8104481 0.010141583 0.009146612 0.005880137 4.64303e-07 0.2058415 0.49262723 0.0691047 0.0008015727 2.5067595e-06 0.3238616 1.6463571e-05 1.7448433e-07 9.1562333e-07 0.0124482205 0.2659974 1.3188534e-06 2.7682543e-06 0.03397703 0.015566103 0.01874226 0.00011099614 0.01486013 0.035081692 0.10372241 0.30679405 6.7195583e-06 1.3427958e-06 0.008732554 0.105390176 8.116271e-10 2.9751092e-07 9.215065e-09 1.770154e-10 0.02817165 0.002347187 0.036580224 0.008959335 0.0001264099 0.0013736159 1.5730028e-10 0.0012195617 0.034383018 0.0018699702 0.008417821 0.048501305 6.8831374e-05 0.00010274789 0.02886486 0.0018469363 0.00014602639 0.026458135 0.0013020888 1.1266355e-08 0.00020996919 0.00048475314 0.0012493284 0.01086744 1.0404959e-08 3.8770486e-07 1.5589596e-05
0.9664985 0.011433107 0.023828236 0.017858228 0.0057315603 0.006211291 0.0043916428 0.016751863 0.00273082 0.8175833 0.002584278 0.035626296 6.237159e-05 0.1709732 0.0017559786 5.9749178e-05 0.085255705 0.010757878 0.61810887 0.9436202 0.16926469 0.0005863126 0.0044755233 0.06562026 9.824195e-13 0.0001952434 4.921444e-06 1.8639869e-06 0.0005381523 0.06018524 0.09816568 7.021694e-05 0.00041555133 0.8425898 0.8074743 7.176229e-05 0.3923629 0.54918 0.0013192694 0.00038571857 0.01062953 0.37298965 0.0003844798 0.18480851 7.594538e-06 0.0015765617 0.0060718465 0.0007626518 8.051402e-05 3.7803773e-05 0.046715844 0.018172517 0.0001018996 0.004661443 0.0001256491 0.0010210141 4.2042625e-06 0.0015238895 0.35633788 0.0018619128 0.016638832 1.7295717e-05 0.12739198 0.19219324 0.00026834017 0.0005254927 0.005733692 0.00069459865 0.10280359 7.791758e-05 2.3898506e-06 0.00058545684 2.5573067e-05 2.660256e-07 0.0004032314 0.00015366274 0.00010277228 2.2986093e-05 0.0003987094 0.000117847885 4.3002007e-08 8.956582e-05 0.07880729 4.209934e-05 0.00011455164 0.00039076622 0.00010447636 0.005072666 0.00010311364 0.038849726 7.67975e-05 0.0006185361 2.917702e-05 1.3756045e-06 0.00017563855 1.0890278e-05 3.365497e-05 0.03637021 1.88321e-07 2.2493775e-06 3.10783e-05
0.5290907 0.012028357 0.000845441 0.00013368747 0.3497629 4.52688e-05 0.81691 1.2088274e-05 0.00037551383 0.0007667832 0.48455536 4.4399573e-07 0.89266765 3.3651697e-05 0.0051047923 0.98688245 0.09255807 0.1360661 0.013369398 1.4214226e-05 2.3132939e-06 0.00030541103 2.2499985e-07 9.3098646e-07 0.0001952434 1.0144819e-14 0.0006904422 0.8818662 2.507937e-07 3.6128333e-06 0.060140397 2.4909112e-05 0.9296637 4.821693e-05 1.3024819e-06 4.9762475e-06 1.747167e-06 9.981561e-07 0.029320858 0.058781456 1.98216e-07 0.00013023416 1.4234445e-06 1.7309495e-07 0.9224254 5.2794403e-06 1.6698381e-06 6.88398e-08 6.395435e-05 0.20966235 2.6692015e-07 0.00062400027 0.050303563 0.0013862712 1.9829665e-06 2.5100512e-06 7.759164e-06 0.0076392237 1.6163723e-06 4.0184835e-07 3.2233336e-07 7.4792138e-06 5.564691e-07 4.611313e-08 6.646409e-05 0.000103541104 0.00095501775 0.0059114606 4.0934407e-07 1.8160714e-06 0.00032438952 0.001858543 0.005498468 0.00013375902 7.038525e-08 1.4946506e-06 5.2047576e-06 2.957188e-06 3.362453e-05 4.651622e-06 7.836949e-05 1.2447192e-06 6.122062e-06 6.4346625e-07 8.2874365e-05 9.042594e-06 1.0355261e-05 0.00039616067 0.00016543108 0.00755679 1.2894786e-06 2.6529344e-05 8.214293e-06 9.7950935e-05 5.9411155e-05 1.0853368e-07 2.081121e-05 5.796996e-05 5.1614197e-09 3.7009062e-09 1.4788794e-06
0.05339109 0.13378747 0.23820227 0.14260508 0.21806696 0.13195847 0.018490164 0.017846895 0.51324147 0.00067806523 0.00029900298 0.00022449758 2.0011903e-05 6.791453e-05 0.8233822 0.02473537 0.00019507478 6.4033506e-05 0.00017284925 1.0127457e-05 6.751e-06 0.99321663 0.0005967916 9.067196e-06 4.921444e-06 0.0006904422 1.2762274e-14 0.6185803 0.041386742 3.957304e-05 2.0408277e-05 0.79354197 1.19502565e-05 5.132688e-06 6.212208e-07 0.6240829 1.0085843e-06 1.0829696e-06 2.466376e-06 1.0437165e-05 3.4287805e-07 4.807737e-06 0.0005468694 1.2922898e-07 1.4628069e-05 2.3744808e-05 1.6779729e-06 1.6009322e-05 0.01559484 3.5159298e-06 3.623499e-06 3.0133704e-05 5.4736943e-06 1.8825644e-06 7.6702636e-05 6.9620546e-07 0.029821161 6.153583e-06 5.1611714e-06 1.4816492e-06 5.340452e-07 0.000788506 4.3334796e-07 7.184692e-07 1.8152205e-05 1.620907e-05 1.5271621e-06 1.3539194e-05 3.4575898e-08 2.0824284e-06 7.7582385e-08 1.0921262e-05 3.1677944e-05 2.3145914e-08 3.415325e-07 6.879256e-06 5.672099e-08 3.503886e-06 2.268342e-05 7.597045e-08 4.8542226e-08 4.068061e-06 4.0966884e-06 8.933687e-07 7.7127666e-08 4.859728e-07 3.5709076e-05 1.486528e-06 1.0936845e-05 0.00039621495 1.3544746e-07 2.4472852e-06 1.2410133e-07 7.7987977e-07 1.1406451e-05 4.474853e-07 1.9454647e-07 6.142197e-06 0.0009964342 6.5552986e-06 2.0138336e-07
0.006379305 0.01337892 0.0022102825 0.00030903117 0.2464956 0.00021849506 0.13640597 6.327319e-05 0.0055020563 5.698697e-05 0.007946657 5.5544283e-06 0.01574152 2.8100092e-06 0.9876326 0.98120105 0.00095289573 0.0015083709 0.00032366393 5.410479e-07 4.0362514e-07 0.014615325 2.6657558e-06 2.9847632e-07 1.8639869e-06 0.8818662 0.6185803 2.503309e-16 8.73776e-06 2.3603183e-05 8.0233556e-05 0.00049331965 0.009040961 3.860109e-06 8.387121e-08 3.627463e-05 2.140393e-07 3.5823987e-07 0.000101463134 7.509758e-05 5.0552817e-08 3.2664077e-06 9.843917e-06 5.776551e-08 0.010453598 1.0117161e-06 1.9472345e-06 1.0711849e-06 3.922847e-05 0.00030297015 1.2239851e-06 4.0971438e-05 3.255519e-05 1.9203026e-06 3.0847934e-06 2.2387316e-07 4.440711e-05 2.0548361e-05 6.307937e-07 6.2457417e-07 6.581093e-08 9.294797e-06 1.069646e-07 6.036755e-08 1.3427145e-05 6.502585e-06 6.508634e-06 5.882975e-05 3.3738505e-08 6.3416574e-06 1.0000499e-05 9.129244e-06 3.320396e-05 1.864097e-06 4.245737e-07 2.2008811e-07 2.3938057e-08 2.2242158e-07 1.3939729e-06 3.432227e-08 2.7648719e-06 5.2145225e-07 3.647999e-06 1.0116727e-06 3.9173276e-08 2.0123302e-07 1.6046872e-06 1.7293366e-06 2.7530946e-06 0.00029545918 3.541007e-07 4.1943426e-06 3.986567e-08 1.5131619e-06 1.208163e-06 2.3451515e-08 4.1356265e-09 4.2654633e-06 3.6657937e-05 2.1041949e-07 1.0517534e-08
0.7785047 0.010260111 0.19038548 0.4543407 0.0015861116 0.7569532 0.00028944292 0.7308224 0.671765 0.0038149923 1.2577551e-05 0.3713646 2.0792798e-07 0.01176645 0.0005257171 1.137151e-05 6.2250605e-05 6.70843e-06 0.0016286733 0.0022259273 0.0060248645 0.15867749 0.9405551 0.0051199775 0.0005381523 2.507937e-07 0.041386742 8.73776e-06 5.603271e-15 0.0016404979 4.6667296e-06 0.68631077 7.879091e-08 0.00039434928 3.745271e-05 0.8635244 2.2818484e-05 0.0002081773 7.466674e-07 6.418335e-07 0.0037304477 0.0028985005 0.96692055 9.153051e-06 2.657369e-08 0.24536024 2.2886501e-05 0.2996603 0.56629235 2.6335632e-08 3.9832457e-06 4.4496796e-06 2.3332545e-06 6.183579e-08 0.46029255 0.0011477647 0.05553013 7.500872e-06 9.912843e-05 5.437257e-07 1.1112253e-05 0.10178012 1.5601241e-05 1.7410204e-05 0.0036553822 2.577418e-05 3.0072795e-06 1.92921e-05 6.356671e-05 3.9907918e-05 1.2817904e-07 1.019637e-05 1.7972081e-05 2.0604668e-08 5.996455e-07 0.030007394 1.7832467e-06 1.1845494e-05 0.018762222 2.546726e-06 4.0525066e-08 0.0028869829 0.00019845103 0.0008276166 8.244034e-05 0.003971647 0.0010426884 2.4174231e-05 0.0006502474 0.0024603044 3.088688e-06 3.5293857e-07 2.4746741e-06 5.137744e-07 0.0003365038 0.00020305104 4.5949396e-06 0.0004984555 4.243839e-05 1.8154387e-05 1.345577e-07
0.9559762 8.8569635e-05 0.00018306122 0.00032849578 9.269736e-06 0.0005732164 4.4756107e-06 0.0038942269 0.00057110714 0.008528374 3.9590423e-06 0.1271142 1.2527799e-07 0.31227687 3.459508e-05 1.8211003e-05 5.068111e-05 7.823064e-06 0.0020409464 0.7106071 0.7534647 0.00027300397 0.012395776 0.9596532 0.06018524 3.6128333e-06 3.957304e-05 2.3603183e-05 0.0016404979 6.357263e-15 0.0001805603 1.000421e-05 1.0838878e-05 0.026580015 0.29502213 1.9700894e-05 0.08533522 0.090165086 3.3494314e-06 1.8453198e-06 0.6629267 0.016528979 0.003019158 0.013358145 6.62288e-06 0.058530502 0.9114873 0.018372864 0.00032329347 2.6692765e-06 0.8434297 0.000121046614 3.965341e-06 1.0264842e-05 0.005520544 0.15478441 1.5692931e-06 2.1711921e-05 0.09195179 0.1421375 0.14486803 2.7386046e-05 0.04631125 0.16006903 0.06743318 0.5909848 6.53542e-05 2.0026699e-05 0.018722825 0.13254406 5.069933e-07 1.631585e-05 1.0813308e-06 1.6039398e-07 0.11570653 0.00079481164 0.09944436 0.02103289 0.00011369835 0.011044774 3.190163e-08 0.00094603986 0.12868647 0.0010530548 0.0073079094 0.012709918 0.0002358679 0.00033751107 0.024560643 0.0039014807 0.0010806721 0.005463945 0.0005929894 3.4588479e-07 0.00077537174 0.00074272905 0.0014401206 0.021589657 6.4247473e-07 1.8667461e-06 0.0003459249
0.98837125 0.004910488 0.0011027004 0.00023045919 0.00741811 6.1271756e-05 0.018855816 3.403792e-05 8.685183e-05 0.04119623 0.25325876 2.6474674e-05 0.20064153 9.055206e-05 0.0006444787 0.0010934733 0.310893 0.7083666 0.79160327 0.0013417321 4.4584653e-05 4.1514377e-05 8.132957e-07 6.6372772e-06 0.09816568 0.060140397 2.0408277e-05 8.0233556e-05 4.6667296e-06 0.0001805603 7.192598e-16 5.7311604e-06 0.26455233 0.1868294 0.0006234896 6.534672e-05 0.0043718647 0.040469892 0.8271874 0.35703185 3.394336e-05 0.12861241 2.4675488e-05 0.082275406 0.0025285562 1.544956e-06 3.9456594e-05 4.761192e-06 9.177407e-05 0.007364889 0.0002525852 0.7677823 0.24724595 0.47328842 4.5905e-05 1.4930266e-06 0.00014226546 0.5507969 0.039527 8.203448e-05 0.0008530631 3.8185794e-05 0.021598568 0.006783207 2.0886275e-06 6.0657512e-05 0.10733965 0.24047367 0.49081376 4.871326e-06 0.00021550161 0.12693653 0.123603374 0.00012385548 8.949082e-06 0.0001550747 9.435728e-05 1.3036562e-06 0.0026554698 5.004035e-06 6.108529e-05 9.560629e-05 0.029683838 8.824172e-06 9.5099414e-05 3.1222862e-05 0.0010831598 0.26351345 0.0009332253 0.6350155 8.409535e-05 4.4812055e-06 1.9584406e-06 0.00052290066 0.00032280176 1.6560542e-05 2.1591313e-05 0.037323922 1.6289627e-06 1.3356881e-06 0.00016927924
