5.56721e-19 0.013180854 0.23590238 0.10874693 0.0028532534 0.003183374 0.0060253614 0.3491764 0.39930305 8.227214e-06 0.58580565 0.13090344 1.829795e-06 0.696692 0.4987679 0.78371495 0.4907315 0.59707355 0.00066942617 0.38976756 0.6965093 0.8536522 0.88903487 0.87119627 0.9528577 0.8275901 0.98142755 0.56343436 0.65424323 0.008933338 0.94083047 0.8992659 0.9943056 0.58202475 0.88389486 0.53938615 0.12398575 0.9706809 0.16729003 0.00238196 0.6712235 0.13858023 0.9445354 0.030266175 0.92652076 0.8950261 0.9508024 0.9931602 0.98643464 0.9013202 0.8086087 0.99799794 0.16298495 0.9256253 0.8722938 0.011088679 0.8721382 0.24509555 0.29789346 0.8780949 0.9671549 0.8459805 0.96191967 0.6090216 0.92566985 0.72338384 0.9028314 0.8466944 0.84220004 0.62032276 0.89943427 0.30607513 0.83569807 0.016867446 0.87376404 0.9710883 0.9944532 0.8680714 0.014942268 0.9207471 0.7529512 0.9127031 0.9784619 0.88057387 0.87827075 0.82660127 0.8481603 0.049192183 0.96984845 0.15049627 0.12877573 0.28848848 0.99993736 0.99996203 0.99975276 0.9877761 0.99600387 0.9470183 0.054561134 0.99933124 0.94210094
0.013180854 1.9139341e-14 0.99641114 0.8292288 0.1583609 0.8910831 0.28098923 0.5184442 0.21388632 0.27254155 0.31593966 0.07157871 0.022287447 0.038257256 0.27403894 0.015444745 0.0021926344 0.0013360477 0.022283524 0.011373582 0.00026794075 0.0059179 0.014556534 0.00053385535 0.019350642 3.935727e-05 0.0050359843 0.00021938265 0.000101864905 0.001319007 7.161106e-05 0.00087726576 0.0008757031 2.0689171e-05 2.2040043e-05 1.2295986e-06 2.3327419e-05 0.00026544745 4.5972797e-06 1.2824044e-05 6.309275e-06 1.0086164e-07 0.00015174122 1.9040255e-06 4.042645e-06 6.6063462e-06 1.6997654e-05 8.759632e-05 2.9152181e-05 1.6896447e-05 4.1464475e-07 0.00016013163 1.7851566e-07 1.8984945e-05 9.41997e-06 2.1997048e-06 7.6232086e-06 5.975299e-05 2.5450406e-08 1.0031979e-06 1.389412e-05 7.730599e-07 3.0557271e-06 3.338375e-06 1.4396503e-05 5.138406e-07 2.2845409e-06 1.6199163e-05 5.048424e-07 4.3227396e-07 2.537732e-07 7.578791e-07 1.2389842e-07 1.0961639e-06 6.035192e-07 6.926443e-06 2.7193044e-05 2.0394139e-06 1.0761721e-05 2.8268053e-06 6.8677778e-06 3.5516743e-05 3.6083707e-06 2.7967894e-07 1.9850743e-06 1.5860714e-05 2.4670062e-08 1.0116418e-06 1.2627524e-07 6.0657044e-07 1.5724097e-05 0.00016729973 5.935939e-05 7.537928e-05 0.00017197993 0.00012655428 1.3095658e-05 6.2875824e-07 9.823476e-07 2.0593287e-05 6.4677494e-07
0.23590238 0.99641114 4.0760208e-14 0.6348179 0.0063725766 0.10132602 0.0150103085 0.88693744 0.10825398 0.008571017 0.5016834 0.010539484 0.0008048754 0.26824057 0.81708866 0.18036453 0.04541317 0.015531064 0.0006827307 0.11131254 0.0055560083 0.22268112 0.21746911 0.0008507874 0.46834722 0.0005925843 0.17854056 0.009110541 0.006503845 0.00012277953 0.0009197564 0.037574157 0.08822203 0.00013462886 0.0008301517 3.9739938e-05 9.028431e-05 0.009011611 2.4769914e-05 1.2124118e-06 7.435292e-06 8.043209e-06 0.0002943334 3.905618e-06 0.0001852189 0.0019471502 0.002493759 0.00032497226 0.0068308692 0.00014479802 1.0215724e-06 0.016314972 1.3387195e-06 0.00030417828 7.847828e-06 2.3880577e-06 0.00015546 4.5785164e-05 4.1458705e-07 1.8524169e-06 8.0316195e-06 6.4860237e-06 4.6208468e-05 1.1925398e-06 0.00079033547 4.891255e-06 0.00011018615 0.00010314255 1.3564589e-07 4.419719e-08 2.4292778e-08 7.372527e-08 1.2103923e-06 8.418522e-07 1.8150507e-07 7.92301e-05 7.971306e-06 1.1575419e-05 9.459663e-06 1.1333346e-05 2.8270451e-06 0.00019945456 3.57364e-05 1.5282911e-06 2.3241646e-06 2.104727e-05 6.1977246e-08 1.1436525e-05 2.2788646e-07 5.260049e-07 5.3628196e-06 3.4332847e-06 0.0001096188 5.6920162e-05 0.0031019468 0.00046074565 1.4059106e-05 0.00014506739 2.0928726e-06 3.554307e-05 9.246863e-07
0.10874693 0.8292288 0.6348179 2.9894557e-14 0.99668753 0.0062584965 5.8170543e-05 0.36614135 4.4292403e-05 0.0077411938 0.0066845617 6.066274e-06 3.0906974e-06 0.12621611 0.84831643 0.005264388 0.00010256031 1.0604408e-05 4.0694467e-06 0.69432396 9.77456e-06 0.627048 0.061609678 1.828235e-05 0.62379736 5.4514185e-06 0.02538365 0.105343 0.028352043 2.5976378e-05 4.8087622e-05 0.062416356 0.0024622998 1.3224133e-05 5.5564715e-07 0.0010857289 0.0076867803 0.0026085933 8.47554e-07 1.2787996e-08 1.2624899e-07 5.827712e-08 0.0017782575 1.1951009e-07 1.8125183e-07 0.02148141 0.008495943 1.4443154e-06 0.005365767 2.6719061e-07 2.1629699e-08 0.005436724 0.0012344483 0.0017715882 2.2629326e-08 0.0018488112 0.00089459005 0.0001221124 4.854304e-05 9.33922e-05 3.8551575e-06 1.3469018e-05 0.00036729922 5.680186e-06 4.763806e-05 1.0797654e-08 3.493614e-07 3.6580982e-08 1.8093836e-09 3.516429e-08 1.3435411e-08 0.00089421344 2.255664e-05 2.1140207e-07 2.932436e-09 3.6993838e-06 8.678129e-07 2.1037496e-05 1.9643214e-06 5.8208334e-05 1.2166248e-05 1.7638813e-05 0.00066466274 8.535402e-07 1.5701771e-05 0.00039314112 5.713662e-07 2.314054e-07 8.646015e-08 8.977033e-08 0.0045390604 3.5887854e-06 1.3859619e-05 5.925156e-06 0.007164304 0.0016294803 0.0007507137 0.0008277532 6.375682e-08 9.9362915e-06 9.585351e-07
0.0028532534 0.1583609 0.0063725766 0.99668753 2.3354498e-17 0.004799645 1.2100633e-06 0.0008899393 3.481069e-07 0.9795864 5.819959e-06 2.9410822e-07 3.4406203e-06 0.00015109213 0.008857401 2.8625961e-06 1.2759903e-08 1.0361013e-08 1.1113821e-07 0.012103843 1.5257272e-09 0.0030601528 2.9661374e-05 3.0799914e-09 0.0005369583 1.9163244e-09 2.4328017e-06 0.0003391316 0.00025579764 1.5607893e-05 3.2728353e-09 1.6199008e-05 5.410414e-08 2.6276323e-08 7.7469936e-10 7.571282e-06 2.2641556e-05 2.1424524e-08 2.0292759e-09 2.2316034e-07 1.742885e-08 2.0015804e-08 4.5139664e-06 8.235197e-08 6.530669e-10 2.184517e-06 6.1347123e-07 2.4555444e-10 1.10707674e-07 1.1120707e-08 4.4604085e-09 6.9250824e-08 4.370826e-05 9.8610535e-08 3.224099e-09 7.582533e-06 2.7864665e-08 2.5592243e-07 8.971282e-08 2.4150864e-07 3.88358e-09 1.6725297e-08 7.209274e-08 2.2804981e-08 1.6245474e-08 3.2329247e-08 1.9513828e-09 4.145206e-09 1.1898819e-09 7.9099516e-10 2.0705342e-10 5.6242772e-08 2.6034039e-07 5.535233e-08 8.818658e-09 6.2094976e-08 1.5741553e-10 1.4231274e-07 7.243097e-08 3.123523e-08 4.8088395e-07 2.5259155e-07 7.3452625e-06 4.2215422e-08 1.2937887e-06 2.1015961e-05 1.7358938e-07 4.6503732e-07 5.5100027e-09 1.2109319e-09 0.00013564415 4.5992948e-07 1.8508565e-07 6.3335e-09 6.273806e-05 1.6352205e-05 1.0933465e-05 9.063971e-06 4.3210906e-09 1.8039986e-08 1.3142599e-07
0.003183374 0.8910831 0.10132602 0.0062584965 0.004799645 1.7798787e-16 0.98767066 0.16758077 0.7831016 0.69748133 0.5869359 0.72175324 0.68518126 0.074381396 0.027348062 0.13515978 0.036879316 0.124874756 0.71026796 0.004308609 0.014844881 0.0012022209 0.004503303 0.06314756 0.0031022292 0.0002826754 0.004682491 4.7639696e-05 3.6407384e-06 0.097090185 0.0027164805 3.086702e-05 0.0020212838 0.00017227737 8.62168e-05 9.902784e-08 1.4618591e-06 9.755464e-05 3.0552124e-05 0.0004980122 1.3874833e-06 4.9353825e-05 0.02652327 8.6502914e-05 4.4375105e-05 1.5316515e-06 4.2084204e-05 0.00019087143 1.521064e-05 9.823102e-05 1.6756638e-06 0.001404971 1.02700355e-08 6.311736e-06 5.9273185e-05 3.158819e-07 1.3171805e-06 0.00035272207 1.2826488e-09 1.3550489e-06 3.385988e-05 7.750854e-07 2.992038e-06 6.1806845e-06 6.60594e-05 5.0274924e-08 0.00028590634 2.3903807e-05 1.526902e-07 4.574721e-08 3.2431203e-07 5.111274e-06 1.9523509e-07 1.3065475e-06 8.453385e-08 0.00024032577 7.929843e-05 5.254331e-06 6.6248424e-07 0.00010776803 5.509664e-06 0.00044600034 0.00025741622 9.625612e-07 1.9617698e-08 2.4981668e-05 6.09656e-10 1.5793455e-07 4.004207e-07 2.1698985e-09 0.0002882375 5.661796e-05 9.18083e-05 0.000717106 0.00023771105 0.00032284303 3.9402225e-05 1.2915955e-06 5.5627616e-08 2.467904e-05 8.033048e-09
0.0060253614 0.28098923 0.0150103085 5.8170543e-05 1.2100633e-06 0.98767066 1.0118418e-15 0.018613288 0.74510735 0.21288545 0.37161013 0.9469951 0.47166055 0.0448891 0.0016310288 0.15206715 0.078640826 0.18882115 0.95686305 0.000104906685 0.08268382 0.00056760287 0.007987108 0.34120607 0.003270719 0.0064179413 0.014316111 2.3408056e-06 4.9620635e-06 0.2107996 0.014935564 2.3919405e-05 0.009476774 0.00089108024 0.0022574 3.990622e-08 2.3606263e-07 5.1686664e-05 8.173756e-05 0.0003043454 0.00014220226 0.0014138867 0.0071991584 0.000545066 0.00032841714 1.4073144e-06 8.273312e-06 0.0005580831 9.568652e-06 0.00013680963 2.6946374e-05 0.00031407498 3.418448e-08 5.728844e-06 0.00018256118 1.0418989e-06 1.6037271e-05 0.00086688204 1.1228533e-08 1.2745585e-05 6.760481e-05 3.457745e-06 1.1747943e-05 2.1244891e-06 0.0005076031 2.5391899e-05 0.00034314912 0.00021778088 3.6544932e-06 1.9142877e-07 1.6125248e-06 7.546747e-05 1.6498724e-06 1.1673324e-06 8.174087e-06 4.0612602e-05 8.8928165e-05 3.0350788e-05 4.0584705e-06 3.0989884e-06 1.733973e-05 0.00019022812 0.00014934795 5.726547e-05 7.706165e-06 2.84199e-05 2.280804e-07 8.6742733e-07 5.0068134e-06 1.0033834e-08 1.34540505e-05 2.0205069e-05 3.196966e-05 5.602375e-05 7.170468e-05 7.247724e-05 4.7444686e-07 2.0186685e-06 1.0762951e-07 3.192271e-05 4.1931483e-07
0.3491764 0.5184442 0.88693744 0.36614135 0.0008899393 0.16758077 0.018613288 1.6090865e-14 0.09813279 0.0011472853 0.95737255 0.003639177 0.0002810521 0.95389575 0.85882884 0.43258992 0.1643006 0.07941504 0.00038508125 0.11562241 0.0064701503 0.1640629 0.72028697 0.00090502214 0.72959375 0.0013582313 0.32368293 0.006049406 0.0029482378 7.067836e-05 0.0005945781 0.07924904 0.15872486 0.00025945148 0.004806889 2.1061265e-05 1.9825686e-05 0.02633811 9.670951e-06 2.2686196e-08 3.4923032e-06 5.0781006e-07 6.522128e-05 5.840646e-07 0.0007906846 0.0038624736 0.004845722 0.0011347224 0.015865155 5.0355466e-05 4.136183e-07 0.031118661 9.777044e-07 0.0011758193 8.4906117e-07 2.3223922e-06 0.00013807909 2.634807e-06 7.348478e-08 2.30919e-06 7.4063354e-07 3.2071728e-06 6.794796e-05 1.3974103e-07 0.0009952955 1.2076456e-08 0.00013653382 9.25499e-05 3.4721488e-08 6.7260615e-09 3.733805e-09 9.587299e-07 2.1405858e-06 4.74279e-07 4.1158927e-08 1.1313659e-05 2.1882879e-05 1.4292432e-06 7.503522e-07 1.15821e-05 1.4077352e-07 5.8738708e-05 5.1226652e-05 2.104797e-07 1.9001553e-07 2.0094508e-06 8.623316e-09 1.7723713e-07 1.5871154e-07 5.173605e-08 4.890369e-06 2.8048628e-06 2.1172813e-05 2.1236332e-05 0.00044194688 0.00018078202 3.478937e-06 4.1750012e-05 3.5011954e-07 6.3598022e-06 1.1099622e-08
0.39930305 0.21388632 0.10825398 4.4292403e-05 3.481069e-07 0.7831016 0.74510735 0.09813279 1.5266602e-11 0.0024885605 0.85994905 0.98873186 0.026985591 0.2795247 0.004547442 0.6116865 0.47080126 0.82577264 0.13095653 0.00016589176 0.33253285 0.0018742052 0.047028463 0.52540684 0.047778357 0.039204646 0.098137766 1.7724964e-05 6.9728567e-06 0.03373338 0.08041872 0.0015155813 0.05644418 0.0021207968 0.010403101 5.156402e-07 1.2863061e-06 0.0008416893 0.0003820688 5.4597564e-05 0.0004999487 0.0014810835 0.0014800627 0.00045498993 0.0040390417 6.9292146e-05 0.00021584306 0.002942374 0.00023668677 0.0023394076 0.00019847299 0.009080129 5.3361356e-07 2.6377396e-05 0.00014951083 1.0469269e-06 9.474e-06 0.0005119418 2.5260215e-07 2.9580851e-06 0.00018747084 2.8724807e-07 9.53526e-07 2.182741e-06 0.00018162082 3.342708e-06 0.00021711439 0.00010790954 3.4109585e-06 2.1566886e-07 7.930973e-08 2.2553813e-06 9.256216e-07 3.9302544e-05 3.2726375e-06 0.000363316 0.00013229981 2.1350506e-06 2.4843395e-05 2.3533796e-05 1.9115487e-06 0.0002780425 1.5007103e-05 8.879932e-06 7.127656e-06 1.2232761e-05 4.0034993e-06 2.5233696e-06 1.8143899e-05 4.9313076e-07 2.7169168e-05 4.7127578e-05 0.000109066656 0.00027552986 0.0008604649 0.00027768238 4.7090194e-07 2.5811863e-05 2.815269e-06 0.00012287946 1.6290234e-06
8.227214e-06 0.27254155 0.008571017 0.0077411938 0.9795864 0.69748133 0.21288545 0.0011472853 0.0024885605 5.2238006e-22 0.0006042083 0.0070584603 0.7212279 2.9379453e-05 0.00063556654 1.5642672e-05 1.0886167e-05 5.4154884e-06 0.13007632 0.00017095152 1.9914626e-06 4.5175686e-05 4.8165393e-06 1.4763698e-06 2.3490081e-06 1.0389773e-07 2.6461814e-06 3.0365783e-07 1.758442e-08 0.011866717 7.663116e-08 3.40624e-07 6.6519036e-08 6.603638e-08 8.392157e-09 3.3944567e-10 4.7947417e-08 1.8996587e-07 4.5594573e-09 0.0002374165 1.5184983e-09 2.435556e-05 2.2980197e-05 0.00026176908 1.6189169e-09 3.7963278e-07 6.101664e-07 1.5948169e-07 4.9024584e-06 8.052269e-09 6.743528e-10 7.3471465e-06 6.06676e-10 6.9956064e-07 6.171696e-10 1.5410542e-07 7.978295e-08 1.8472118e-05 1.8856285e-09 5.189972e-08 4.126439e-09 4.1593187e-09 2.1707886e-07 1.9202457e-06 3.1068506e-08 6.903776e-10 2.6875486e-09 3.682671e-08 4.4315684e-09 3.6294678e-10 1.5728198e-10 1.9367263e-08 1.2572549e-07 2.3450674e-07 3.6369885e-09 1.5241633e-06 6.8894316e-08 1.29326425e-08 4.8164106e-06 1.5042458e-06 2.2859974e-09 8.15834e-06 1.28817e-07 4.362888e-09 4.23413e-08 5.469392e-07 1.0222955e-08 4.8144053e-09 5.5609902e-08 9.551861e-09 3.4439672e-05 1.5106035e-07 5.307372e-06 1.0143928e-05 1.5353933e-05 5.536944e-06 1.6494609e-07 2.4109397e-07 1.2538095e-08 2.5465607e-08 5.7525323e-10
0.58580565 0.31593966 0.5016834 0.0066845617 5.819959e-06 0.5869359 0.37161013 0.95737255 0.85994905 0.0006042083 2.2298586e-13 0.35793018 0.00309955 0.94428897 0.07252742 0.93542826 0.7363403 0.7248447 0.012389537 0.0007331573 0.04693938 0.0027288399 0.39448717 0.012120228 0.21622132 0.0046868203 0.20504926 3.3609555e-05 1.6436039e-05 0.0006603988 0.0025050952 0.0074685193 0.0711794 0.00011851047 0.0031766295 2.1198705e-06 2.1271812e-06 0.003521504 9.602777e-06 1.0106886e-05 9.181604e-06 4.4362707e-05 0.000544078 1.2835043e-05 0.00083698425 7.202049e-05 0.00057817326 0.001012095 0.0021866465 0.00011011639 7.656359e-06 0.01070482 2.0716378e-07 0.00021018878 9.133537e-06 3.1934582e-07 1.9278985e-05 2.8893364e-05 2.8272783e-07 2.5100608e-06 7.5834796e-06 7.2061226e-07 1.0029746e-05 1.7769672e-06 0.00030225128 3.895981e-07 3.6812893e-05 0.00014602765 5.1732377e-07 7.7880244e-08 8.999166e-08 1.0967803e-05 2.082893e-06 2.1870958e-06 7.09742e-07 1.9589104e-05 0.0001077559 1.3339505e-06 5.668887e-06 3.5853266e-06 6.266705e-06 3.6177e-05 1.5135163e-05 9.2929133e-07 2.5537959e-06 2.7909467e-05 3.7484796e-07 4.2327374e-06 4.404867e-07 1.9221486e-07 1.5228783e-05 1.4167041e-06 2.4295037e-05 5.438979e-05 0.00069033 6.854093e-05 3.1063885e-06 1.0164316e-06 1.7991141e-06 8.304941e-06 1.4435287e-07
0.13090344 0.07157871 0.010539484 6.066274e-06 2.9410822e-07 0.72175324 0.9469951 0.003639177 0.98873186 0.0070584603 0.35793018 9.091742e-12 0.14535078 0.048606083 0.00019902398 0.3602776 0.25218368 0.53688544 0.8337032 1.4385043e-05 0.26924512 0.00021280945 0.007002441 0.8105467 0.0029771675 0.036951914 0.029229395 6.692637e-07 7.4261106e-07 0.6911579 0.07451406 1.7525514e-05 0.0115621425 0.0014024623 0.005086052 2.802307e-08 2.6203617e-07 5.6785208e-05 0.00021454012 0.008140129 0.00016740874 0.03938536 0.0086148875 0.008294178 0.001578412 1.2433246e-05 1.793255e-05 0.0003137298 3.239062e-05 0.0026310093 0.00016919548 0.00024759345 2.0572575e-07 1.202265e-05 0.00018741883 3.285492e-07 4.1956946e-06 0.0011787278 7.470795e-08 1.9075242e-06 9.66488e-05 1.1719944e-07 3.494387e-07 3.5400196e-06 2.569503e-05 2.2746004e-05 1.9687972e-05 2.5974374e-05 4.2481206e-06 1.2000181e-06 4.5932418e-07 5.6295073e-07 9.577332e-08 2.8270006e-05 5.691796e-06 2.76735e-05 6.8939344e-06 2.867811e-07 3.5090743e-05 1.2622606e-06 6.0245798e-06 3.0632476e-05 2.0806535e-06 2.8875252e-06 2.23068e-05 2.0644962e-05 7.545671e-06 1.0107107e-05 3.635177e-06 3.3014583e-06 9.802295e-06 6.4459423e-06 3.1151162e-06 4.989989e-05 0.00013298771 1.933059e-05 1.2407968e-07 1.2191325e-07 3.34636e-06 3.6943584e-05 4.1521557e-06
1.829795e-06 0.022287447 0.0008048754 3.0906974e-06 3.4406203e-06 0.68518126 0.47166055 0.0002810521 0.026985591 0.7212279 0.00309955 0.14535078 7.257584e-17 0.00019649716 0.00015000314 0.00038945122 0.00013875522 0.00075716793 0.9370671 6.3245525e-06 0.0002923366 5.856654e-05 8.073e-05 0.001933012 1.3936932e-05 5.711706e-05 3.942906e-05 1.4076264e-07 1.9609924e-07 0.032780834 2.7379832e-05 1.5861706e-06 2.0356163e-05 2.1350843e-05 2.61195e-06 1.3024035e-08 5.4970076e-07 5.1877405e-06 3.816877e-06 5.7594196e-05 5.5554938e-06 1.0893769e-05 0.0016248869 2.1676875e-05 7.257849e-07 4.920069e-06 3.3098854e-06 5.6327535e-06 1.4826393e-05 1.9133251e-06 3.0846772e-07 1.4753713e-05 9.1328296e-08 6.249313e-06 1.2187888e-06 7.5869224e-08 3.176493e-06 0.00022267087 1.4650021e-08 2.2378063e-06 1.4995721e-06 3.7765753e-07 2.7197723e-06 7.525821e-06 5.113448e-06 7.1052017e-07 1.2187169e-06 1.1733912e-05 3.6210772e-06 7.7639235e-08 7.82513e-08 2.4058613e-07 3.397576e-06 3.2567e-06 1.7798334e-06 3.8294686e-05 8.821506e-06 3.643675e-07 2.3188415e-05 5.6034996e-06 7.1428536e-07 6.650352e-05 1.3565125e-06 9.230264e-07 1.3020037e-06 2.7405169e-05 9.513061e-07 2.8015626e-07 9.679694e-07 9.7030444e-08 5.880661e-06 2.462699e-05 1.9359557e-05 2.8259092e-05 2.3245715e-05 7.5054406e-05 1.7377399e-08 1.6000554e-06 3.8891136e-07 1.0126475e-06 5.354433e-08
0.696692 0.038257256 0.26824057 0.12621611 0.00015109213 0.074381396 0.0448891 0.95389575 0.2795247 2.9379453e-05 0.94428897 0.048606083 0.00019649716 1.6511193e-15 0.19834289 0.8995684 0.593889 0.23714742 0.0016562423 0.011945472 0.025099026 0.037216354 0.93919146 0.007879863 0.7047284 0.008171797 0.6412145 0.000986446 0.00026857876 0.00020109539 0.0039808005 0.049889922 0.27113152 0.00021831572 0.0056805527 1.5016679e-05 3.338498e-05 0.02700524 2.7873637e-05 1.215439e-06 1.5152509e-05 9.241358e-06 0.00094342884 1.685176e-05 0.0009237742 0.0025291312 0.002408743 0.0011758211 0.019065745 8.419012e-05 6.978824e-06 0.044286825 7.0060617e-07 0.00062461087 3.5467747e-06 1.7598846e-06 0.0001298232 6.5168265e-06 1.761521e-07 2.7118624e-06 1.1421054e-06 3.0560827e-06 2.8057337e-05 2.4220407e-07 0.0025494841 1.2106514e-07 0.0006152448 0.0006251272 1.0135262e-07 2.0785492e-08 1.6666258e-08 4.5942667e-07 3.1205366e-06 4.225502e-06 2.5963573e-07 7.284345e-05 4.6396046e-05 5.5757373e-06 7.147021e-06 2.3263812e-05 2.5332878e-07 0.00019229123 2.7166137e-05 9.799793e-07 2.0468151e-07 1.636787e-07 2.8667598e-08 3.116164e-07 3.213889e-07 4.987284e-08 4.7464826e-07 3.343972e-07 2.2983988e-05 6.932645e-05 0.00037612586 6.040922e-05 1.2516866e-06 0.00014125746 2.9692984e-07 7.482303e-06 1.6749016e-08
0.4987679 0.27403894 0.81708866 0.84831643 0.008857401 0.027348062 0.0016310288 0.85882884 0.004547442 0.00063556654 0.07252742 0.00019902398 0.00015000314 0.19834289 1.2841967e-15 0.01680078 0.005663727 0.0019613977 0.00018053393 0.9735785 0.0006773843 0.8634666 0.5825234 0.00014958771 0.8158228 0.00017342219 0.13071696 0.14525642 0.039683048 8.7131244e-05 0.00023121186 0.3137966 0.028501341 0.0001413464 0.00045421193 0.00085846777 0.0014655954 0.06636874 4.0588616e-06 4.20232e-07 2.2398451e-06 2.7388396e-05 2.70308e-05 8.252761e-06 0.00021417561 0.06605368 0.051964737 0.000682371 0.08051562 9.3070594e-05 2.0945997e-06 0.029641816 6.329775e-05 0.011411789 2.333753e-06 3.7982656e-05 0.0041571506 7.806012e-06 9.036029e-05 0.00019677207 3.029947e-06 0.00067448005 0.0016909409 9.24592e-07 0.00076799945 2.2680327e-07 6.8692876e-05 0.00020795211 2.782798e-07 1.1220982e-07 2.5828914e-08 0.00012194051 8.108771e-05 1.0094642e-05 2.7959655e-07 4.3199987e-05 7.173869e-05 5.155542e-05 1.1288839e-05 0.00016710647 1.069154e-06 0.00017144428 0.00022187151 4.2781392e-07 1.1349111e-06 3.2598215e-05 1.16733624e-07 6.7567457e-06 1.7615494e-07 1.3488357e-06 2.0816391e-05 4.3059217e-06 0.00020228427 0.0001890423 0.0013321296 0.0003554638 2.608984e-05 0.00013764732 5.305449e-06 3.4680965e-05 1.4137235e-07
0.78371495 0.015444745 0.18036453 0.005264388 2.8625961e-06 0.13515978 0.15206715 0.43258992 0.6116865 1.5642672e-05 0.93542826 0.3602776 0.00038945122 0.8995684 0.01680078 8.0925025e-16 0.97077143 0.8266607 0.0054634498 0.0005339037 0.18918633 0.0032127965 0.60024273 0.052892897 0.30174288 0.052088797 0.546493 0.00010430294 2.9536435e-05 0.00076055195 0.027531087 0.014087648 0.28407052 0.00030616487 0.012173667 4.7826447e-06 3.2801365e-06 0.012689835 2.7501097e-05 5.419891e-06 4.614338e-05 0.00033306828 0.0024248827 4.0253537e-05 0.0014326706 0.00040225062 0.0007250624 0.0017160132 0.006376489 0.0001329834 2.1998632e-05 0.02808568 1.4291525e-07 0.00018994372 2.3295115e-05 1.074507e-06 2.9155548e-05 1.4253538e-05 3.7767515e-07 2.4363496e-06 9.829366e-06 2.4642927e-06 1.1314955e-05 2.2672812e-06 0.0012165803 5.2998786e-07 0.00058116345 0.0005305793 6.400896e-07 1.8316875e-08 5.159493e-08 3.0778847e-06 1.9839197e-06 5.0214744e-06 2.3864013e-07 0.00013477456 7.906728e-05 3.06065e-06 6.5917966e-06 3.6836614e-06 8.5411676e-07 0.00014304883 2.4507031e-05 5.123227e-07 4.709855e-07 1.5842536e-06 1.4465769e-07 7.2720115e-07 2.7832198e-07 4.1203148e-08 1.0015536e-06 1.745414e-07 1.4456708e-05 0.000109928675 0.00029378122 4.6094607e-05 1.8357222e-06 2.9236682e-05 1.7883772e-07 4.011188e-06 2.3386924e-08
0.4907315 0.0021926344 0.04541317 0.00010256031 1.2759903e-08 0.036879316 0.078640826 0.1643006 0.47080126 1.0886167e-05 0.7363403 0.25218368 0.00013875522 0.593889 0.005663727 0.97077143 5.815152e-16 0.9728679 0.0030515848 4.347856e-05 0.47942683 0.00047173354 0.44341233 0.14785795 0.14225529 0.1623029 0.44818038 2.179923e-05 2.5788588e-05 0.0006419291 0.024094848 0.0056022736 0.28143153 0.0004925997 0.017042747 1.8061264e-06 1.554622e-06 0.004949955 0.00013798669 2.0075651e-05 4.5942536e-05 0.0008615287 0.0026597122 7.595919e-05 0.0021778014 4.2696167e-05 0.00031958244 0.0017614188 0.0026469703 0.00025538864 2.561395e-05 0.0126013495 8.003932e-08 9.577704e-05 2.9183284e-05 1.0555416e-06 8.104608e-06 3.268204e-05 7.063365e-08 6.9521167e-07 1.8917892e-05 5.627816e-07 2.182853e-06 2.1711207e-06 0.001123949 1.9111894e-06 0.00032490998 0.0004702199 2.6797113e-06 4.677066e-08 8.790733e-08 2.388266e-07 4.3328018e-07 3.977544e-06 1.2848876e-06 0.00012374946 0.00024717327 5.6581143e-07 8.815407e-06 6.031803e-07 8.603405e-07 7.402946e-05 8.937415e-06 1.8136259e-06 1.291109e-06 4.579752e-07 1.15816796e-07 7.6370526e-07 2.8380448e-06 3.0687225e-08 2.5294037e-07 4.7880457e-07 2.0249438e-05 0.00015621781 0.00011077015 4.3756347e-05 6.856904e-07 6.961143e-06 7.357496e-08 2.016574e-05 6.9433206e-08
0.59707355 0.0013360477 0.015531064 1.0604408e-05 1.0361013e-08 0.124874756 0.18882115 0.07941504 0.82577264 5.4154884e-06 0.7248447 0.53688544 0.00075716793 0.23714742 0.0019613977 0.8266607 0.9728679 5.1150875e-15 0.009513136 1.401211e-05 0.9445405 0.00016670297 0.22258522 0.6811464 0.045830637 0.49998072 0.22726814 6.3810417e-06 6.812955e-06 0.0056240503 0.08007218 0.0018363491 0.2414707 0.0015343592 0.04340875 5.8841863e-07 7.669926e-07 0.0014424244 0.00021302997 3.8887316e-05 0.00020719135 0.0025360112 0.0031106174 0.00012720989 0.0072641834 7.301567e-05 0.00020623524 0.0020633833 0.00047717607 0.0006117213 0.00013734639 0.0029581755 1.0125292e-07 6.0743823e-05 0.000110492765 3.233488e-07 7.250271e-06 0.00017421406 2.223834e-07 3.1984798e-06 0.00017542495 6.540988e-07 2.1207502e-06 8.78615e-06 0.0004802589 2.0623108e-06 5.4587257e-05 0.00017910048 4.5018473e-06 7.7640834e-07 6.136474e-07 2.8030179e-06 3.090727e-06 1.0890903e-05 3.0440112e-06 0.00011836782 0.0002579827 5.1088875e-07 2.1787424e-05 2.2700572e-06 1.7357665e-05 6.4121865e-05 9.942273e-06 1.4785333e-05 1.3329479e-05 5.2218682e-05 5.031661e-06 3.2637736e-06 8.192842e-06 6.178607e-07 2.1451249e-06 1.28233705e-05 8.756296e-06 0.00014254783 0.00024985973 2.4997207e-05 3.709447e-07 2.1959906e-06 2.9212226e-06 9.2929855e-05 3.5088751e-06
0.00066942617 0.022283524 0.0006827307 4.0694467e-06 1.1113821e-07 0.71026796 0.95686305 0.00038508125 0.13095653 0.13007632 0.012389537 0.8337032 0.9370671 0.0016562423 0.00018053393 0.0054634498 0.0030515848 0.009513136 3.11504e-15 3.5646792e-06 0.0073710266 9.305462e-05 0.0004243198 0.097282834 0.0002573632 0.0012275347 0.0006585887 9.484314e-08 4.412147e-08 0.9587298 0.0028287 1.85651e-05 0.0003938853 0.000705923 0.0005964059 1.0033503e-09 8.065595e-09 7.926993e-05 0.00012639567 0.002317187 4.0366212e-05 0.000651637 0.01590977 0.00069848937 0.00016728777 2.9888554e-06 4.4354774e-06 9.757697e-05 4.9572318e-05 3.3694505e-05 1.1646596e-05 6.262065e-05 1.3108402e-07 1.9916315e-06 1.1816383e-05 1.2845474e-07 1.338948e-06 0.012589516 4.361892e-08 1.9036397e-05 1.1531236e-05 6.093244e-07 3.354626e-06 5.913663e-06 7.34865e-05 2.5507814e-05 2.927273e-05 9.72753e-05 1.6889899e-06 4.056954e-06 9.92604e-07 4.860194e-06 5.6017366e-06 0.00010609218 2.75477e-06 7.5793985e-05 5.4776006e-06 2.390319e-05 5.8702033e-05 2.0399539e-05 1.3392245e-05 0.0002839897 0.00017638702 3.2247575e-05 1.4139393e-05 5.438943e-05 2.5227655e-06 1.0437582e-07 1.993761e-05 3.3966042e-08 8.754671e-05 2.4733705e-05 1.1097438e-05 0.00016524296 1.2299345e-05 8.357025e-05 4.967269e-07 8.6923086e-07 1.9585516e-07 7.27548e-05 1.9632257e-06
0.38976756 0.011373582 0.11131254 0.69432396 0.012103843 0.004308609 0.000104906685 0.11562241 0.00016589176 0.00017095152 0.0007331573 1.4385043e-05 6.3245525e-06 0.011945472 0.9735785 0.0005339037 4.347856e-05 1.401211e-05 3.5646792e-06 6.7463064e-14 1.36438475e-05 0.9827047 0.10139562 1.2232738e-05 0.4642432 3.6465242e-06 0.015514135 0.6132594 0.110448554 1.1834273e-06 1.5153376e-05 0.19142029 0.0014578538 9.278927e-06 1.9455372e-05 0.0041766884 0.018786913 0.016424768 6.503862e-08 1.34722615e-08 1.7657828e-07 4.5293328e-07 0.00014195213 9.255659e-07 6.777875e-06 0.11314671 0.06673969 1.5786394e-05 0.06752632 8.029438e-06 2.9545453e-07 0.0075853863 0.0014674541 0.02458669 2.206951e-07 0.0013923966 0.01934003 1.7105207e-05 0.0004885964 0.0008335296 1.3308857e-06 0.001506729 0.0046160175 3.7226819e-06 0.00038902118 7.1918045e-08 1.4117712e-05 2.3588691e-05 2.7956016e-08 7.6417217e-07 2.949918e-08 0.0011292297 0.0009448835 7.1628924e-06 9.9772734e-08 1.15527555e-05 6.532576e-06 0.00025817665 6.8633058e-06 0.0006869966 2.5904292e-05 6.828896e-05 0.001029173 1.0975813e-06 2.642782e-06 0.00016385809 4.0550253e-07 2.964665e-06 2.228258e-07 2.57129e-07 0.00068450946 4.2070415e-06 3.6921043e-05 1.101493e-05 0.0039866306 0.0019628245 0.00068455 0.0002652559 9.758962e-07 4.5886336e-06 1.9239532e-07
0.6965093 0.00026794075 0.0055560083 9.77456e-06 1.5257272e-09 0.014844881 0.08268382 0.0064701503 0.33253285 1.9914626e-06 0.04693938 0.26924512 0.0002923366 0.025099026 0.0006773843 0.18918633 0.47942683 0.9445405 0.0073710266 1.36438475e-05 2.5021062e-16 0.00024159311 0.039348744 0.9730241 0.01168352 0.9754646 0.18071645 3.251479e-05 1.9249372e-05 0.029078417 0.5827579 0.001506591 0.2336107 0.019776966 0.14520667 9.867098e-07 3.225271e-07 0.0021617145 0.0059684482 0.00012466559 0.0017250073 0.037609264 0.02026849 0.0016725993 0.01569824 1.8584535e-05 0.0003293082 0.0033875243 0.0005459017 0.010485648 0.0011287064 0.0070654238 7.7637344e-07 5.1805247e-05 0.0008956784 8.9801496e-08 5.6555873e-06 0.0011191642 6.573707e-07 2.4799378e-06 0.00067645084 3.6585746e-07 2.9742314e-06 9.692945e-06 0.0005080283 9.143742e-06 0.00034556843 0.00029564777 2.8911474e-05 4.515021e-06 7.5791814e-07 1.4756343e-07 5.7566405e-07 3.946608e-05 1.6790273e-05 0.0007267834 0.00046191856 2.898167e-07 1.7088805e-05 1.663347e-06 3.693585e-06 5.787042e-05 1.2494523e-05 8.156598e-06 1.1520069e-05 4.1332037e-06 3.112257e-06 8.8260447e-07 6.5038753e-06 2.5112973e-07 1.1092142e-06 4.8173565e-06 9.320401e-05 0.00022856805 0.00039040545 8.969328e-05 3.0721603e-06 4.9072855e-06 5.1312117e-07 0.00021183467 9.941955e-07
0.8536522 0.0059179 0.22268112 0.627048 0.0030601528 0.0012022209 0.00056760287 0.1640629 0.0018742052 4.5175686e-05 0.0027288399 0.00021280945 5.856654e-05 0.037216354 0.8634666 0.0032127965 0.00047173354 0.00016670297 9.305462e-05 0.9827047 0.00024159311 1.3713712e-15 0.29961032 0.00018501023 0.8149791 8.295107e-05 0.036103066 0.73505807 0.23938985 0.00038801506 0.00017381825 0.70079654 0.00957333 0.00019217921 9.682011e-05 0.021890566 0.025576483 0.16426106 8.158846e-06 1.631553e-06 1.7733561e-06 8.858532e-06 9.715448e-05 2.6094267e-05 5.247083e-05 0.3578856 0.21346496 0.00013297667 0.28758523 0.00014828324 1.8399917e-06 0.07754975 0.00039291434 0.07431268 5.003968e-06 0.0009910358 0.054142814 0.00010721385 0.00024021557 0.0025047536 2.9373357e-06 0.0044474546 0.012096804 9.501733e-06 0.0055327853 6.526694e-07 0.000283018 0.0008097184 9.16167e-08 4.2943674e-07 8.544455e-08 0.00034261675 0.0031727268 5.5602137e-05 3.0732107e-07 4.2644937e-05 0.00013499722 0.00072404527 3.919785e-05 0.0036449842 2.515347e-06 0.0011745206 0.00097146386 3.837495e-06 8.19902e-07 0.000116080475 2.459476e-07 1.2661399e-05 9.263475e-07 6.486243e-07 9.588697e-05 0.00012025925 0.000555639 0.00020239504 0.014058069 0.0027840894 0.0002551077 0.0014130779 2.3602945e-06 2.7060998e-05 5.811188e-07
0.88903487 0.014556534 0.21746911 0.061609678 2.9661374e-05 0.004503303 0.007987108 0.72028697 0.047028463 4.8165393e-06 0.39448717 0.007002441 8.073e-05 0.93919146 0.5825234 0.60024273 0.44341233 0.22258522 0.0004243198 0.10139562 0.039348744 0.29961032 1.8569283e-14 0.011486177 0.9476652 0.066068046 0.9566849 0.014026344 0.0026289276 0.00028813691 0.010348795 0.27196684 0.6176506 0.002049083 0.012858568 0.00016948923 0.0001571676 0.28823066 0.00012578194 6.651018e-07 2.7810709e-05 6.517631e-05 0.0009632932 4.7720132e-05 0.0053209444 0.0103173 0.020548295 0.005152659 0.11830024 0.0004503125 2.0009975e-05 0.2006485 4.8632195e-05 0.00890591 2.961211e-05 3.2182747e-05 0.003202002 6.938314e-05 4.0050304e-06 3.3733955e-05 1.044525e-05 0.000118871794 0.00040782837 2.0737639e-06 0.015465659 1.3803194e-06 0.0023384173 0.0019727782 2.2665158e-06 1.1528542e-07 1.0658518e-07 2.266423e-06 6.35295e-05 1.6899743e-06 2.863683e-06 0.0005960371 0.0011735363 1.8938832e-05 3.2964092e-06 0.000888576 7.4716205e-08 0.002305081 8.435448e-05 9.665493e-06 1.1356722e-06 2.1003368e-06 1.5608161e-07 3.619456e-07 2.0087506e-05 1.2364015e-07 9.9095104e-08 2.24281e-06 0.00020445259 0.00022780294 0.0011290455 0.00031973489 7.976872e-06 0.0002937535 1.0094753e-06 0.00021165515 1.5664574e-07
0.87119627 0.00053385535 0.0008507874 1.828235e-05 3.0799914e-09 0.06314756 0.34120607 0.00090502214 0.52540684 1.4763698e-06 0.012120228 0.8105467 0.001933012 0.007879863 0.00014958771 0.052892897 0.14785795 0.6811464 0.097282834 1.2232738e-05 0.9730241 0.00018501023 0.011486177 2.5255355e-14 0.0062376885 0.9268977 0.0912631 1.8353037e-06 1.0942134e-05 0.5388274 0.95548666 8.027021e-05 0.13905106 0.10469435 0.23654005 3.302474e-07 8.0177483e-07 0.00015597514 0.033932224 0.00645638 0.016027082 0.63167423 0.341539 0.11620635 0.031000666 1.8112483e-05 6.616217e-05 0.0020848764 0.00011579455 0.07059916 0.008081069 0.0024427152 3.1479146e-07 1.4860638e-05 0.0024525868 3.8474712e-07 3.3224692e-06 0.020489233 1.30695e-06 2.1684248e-06 0.0009601578 1.5331837e-07 3.6379984e-07 0.000396819 0.00030026917 2.687326e-05 4.8622453e-05 5.8015474e-05 1.8817738e-05 0.00010010991 4.970494e-06 1.5061486e-05 6.197994e-07 0.00072777324 3.1213152e-05 0.00026278157 3.0658193e-05 4.1479626e-07 0.00012635735 8.797129e-07 4.8677153e-05 3.186401e-05 2.5345387e-06 2.7357593e-05 0.00010015335 3.7331647e-05 6.0599516e-05 1.4835603e-05 2.455204e-05 5.650298e-06 9.551456e-06 5.950148e-05 1.7078719e-05 0.0003583889 0.000281132 3.5577017e-05 5.2546886e-07 4.5097212e-07 3.5261262e-05 8.463555e-05 5.699863e-06
0.9528577 0.019350642 0.46834722 0.62379736 0.0005369583 0.0031022292 0.003270719 0.72959375 0.047778357 2.3490081e-06 0.21622132 0.0029771675 1.3936932e-05 0.7047284 0.8158228 0.30174288 0.14225529 0.045830637 0.0002573632 0.4642432 0.01168352 0.8149791 0.9476652 0.0062376885 6.868362e-15 0.005658854 0.69688433 0.5077447 0.13782007 8.981406e-05 0.004415888 0.9154949 0.2815246 0.0005158805 0.002514514 0.005916805 0.0047768876 0.4870159 3.539289e-05 4.172726e-08 1.1860776e-05 1.6812487e-06 0.00069743133 3.4716454e-06 0.00041157947 0.12139521 0.19354779 0.001811943 0.47577894 0.00020854332 3.837473e-06 0.40166867 0.00016452702 0.051676698 7.1089667e-06 0.0003370871 0.023465665 7.0668148e-06 3.2505734e-05 0.00057160686 6.3995376e-06 0.0029554344 0.0073252493 8.484509e-07 0.062390108 3.456622e-07 0.00467566 0.0062061986 1.0966103e-06 4.8671648e-08 1.9941421e-08 6.583466e-06 0.00057024567 3.8099815e-06 3.7685808e-07 0.0003141948 0.0021446964 0.00029121077 2.083485e-06 0.0034361708 1.6971622e-07 0.0042465576 0.00030016582 9.769047e-07 6.514005e-08 4.3880794e-07 1.856562e-08 1.5217009e-07 2.4654753e-06 5.2323134e-08 1.7492242e-06 2.3370917e-06 0.0026504502 0.00037461732 0.008966716 0.0018105173 5.475995e-05 0.001040055 4.1289746e-07 8.253945e-05 1.3597804e-08
0.8275901 3.935727e-05 0.0005925843 5.4514185e-06 1.9163244e-09 0.0002826754 0.0064179413 0.0013582313 0.039204646 1.0389773e-07 0.0046868203 0.036951914 5.711706e-05 0.008171797 0.00017342219 0.052088797 0.1623029 0.49998072 0.0012275347 3.6465242e-06 0.9754646 8.295107e-05 0.066068046 0.9268977 0.005658854 5.190228e-16 0.38051364 3.247828e-05 1.1393894e-05 0.004245495 0.9476662 0.0011495469 0.8307072 0.21157731 0.65710044 2.9605926e-07 4.327116e-07 0.007490857 0.10385912 8.453108e-05 0.03994654 0.020553043 0.059386067 0.0012206077 0.21765938 6.638117e-05 0.00058430363 0.018573077 0.00079675403 0.05977627 0.018133236 0.027738543 3.3478523e-07 4.9507362e-05 0.0034575658 1.0104394e-06 7.96326e-06 0.002550953 3.2281758e-07 2.7408356e-07 0.0013665439 1.5169685e-07 2.680772e-06 4.6497884e-05 0.0024441858 0.00017777638 0.0023535008 0.00074805086 7.221451e-05 1.2878275e-05 5.2165797e-06 2.2879396e-08 5.424195e-07 0.00016706919 0.0001076959 0.0049919314 0.0022137875 9.1578056e-07 8.861823e-05 9.5287205e-06 1.5113781e-06 0.0008739586 8.265608e-06 7.754655e-05 1.308949e-05 2.0498187e-06 7.1785175e-06 3.7604152e-06 0.00012441995 5.7380214e-07 1.418889e-08 1.0396633e-05 4.306737e-05 0.0009394044 0.0005418403 0.00018693774 9.598198e-08 0.00012498115 1.015549e-06 0.00057645084 2.5078093e-06
0.98142755 0.0050359843 0.17854056 0.02538365 2.4328017e-06 0.004682491 0.014316111 0.32368293 0.098137766 2.6461814e-06 0.20504926 0.029229395 3.942906e-05 0.6412145 0.13071696 0.546493 0.44818038 0.22726814 0.0006585887 0.015514135 0.18071645 0.036103066 0.9566849 0.0912631 0.69688433 0.38051364 8.7660605e-14 0.004373854 0.0007912824 0.0010864942 0.15697476 0.27541363 0.9338814 0.01071974 0.07342518 0.00014738266 9.3353905e-05 0.5972599 0.00084444834 1.25676115e-05 0.00029460862 0.0024691755 0.017902203 0.00034746566 0.028919969 0.013583982 0.05747553 0.02284133 0.3349404 0.0014963908 7.603434e-05 0.5060261 3.8888134e-05 0.018408174 6.523303e-05 1.6964503e-05 0.0084745195 0.00041805673 2.126726e-05 9.494482e-05 6.873948e-05 0.00029651547 0.0015239092 4.9849777e-06 0.099118136 1.4192512e-05 0.024578637 0.020607412 9.790448e-06 5.64925e-07 2.011651e-07 1.1790049e-06 0.00029519305 5.8098717e-06 8.981084e-06 0.009891685 0.021606905 0.00015000584 1.19598335e-05 0.0029972156 5.139719e-07 0.013703266 9.357317e-05 3.2349868e-05 9.133776e-07 4.76658e-06 3.3486566e-07 3.82561e-07 8.414598e-05 2.3532358e-07 3.4947402e-07 1.9200463e-06 0.0020916278 0.0017516752 0.004619501 0.001451217 1.0742084e-05 0.0013696348 7.341232e-07 0.00038058925 2.2428259e-07
0.56343436 0.00021938265 0.009110541 0.105343 0.0003391316 4.7639696e-05 2.3408056e-06 0.006049406 1.7724964e-05 3.0365783e-07 3.3609555e-05 6.692637e-07 1.4076264e-07 0.000986446 0.14525642 0.00010430294 2.179923e-05 6.3810417e-06 9.484314e-08 0.6132594 3.251479e-05 0.73505807 0.014026344 1.8353037e-06 0.5077447 3.247828e-05 0.004373854 1.7559243e-16 0.9947675 1.0606217e-07 4.3241766e-06 0.83097553 0.0026049837 5.4085445e-05 4.5522753e-05 0.23435868 0.44292295 0.3663956 3.9643902e-07 5.3617986e-09 1.2725714e-07 2.0134698e-06 1.4684902e-05 9.744399e-07 5.9196464e-05 0.62188375 0.55503964 0.00025025988 0.4713608 9.4701296e-05 2.5919311e-07 0.072382264 0.0020922872 0.23660041 2.00721e-06 0.0010723271 0.23560916 5.4243817e-05 0.0003236448 0.012594265 1.8365145e-05 0.061017822 0.0939108 2.794197e-06 0.040574417 1.7064228e-07 0.0012765955 0.0036631627 1.1041876e-07 9.32277e-08 1.8224771e-08 0.0001394227 0.016916031 1.6236476e-06 2.777516e-07 0.00063690654 0.00030419714 0.005946597 1.6815221e-07 0.006227346 1.1665138e-05 0.0017845781 0.005734646 6.0426014e-06 1.4011139e-06 0.0001364206 2.2252893e-07 5.3323224e-06 2.6044123e-07 9.36994e-08 0.00019571523 3.533544e-06 0.00087151123 0.00024973607 0.006722219 0.002605051 0.0009437254 0.0028103506 2.9779508e-07 2.6621801e-05 1.9824739e-07
0.65424323 0.000101864905 0.006503845 0.028352043 0.00025579764 3.6407384e-06 4.9620635e-06 0.0029482378 6.9728567e-06 1.758442e-08 1.6436039e-05 7.4261106e-07 1.9609924e-07 0.00026857876 0.039683048 2.9536435e-05 2.5788588e-05 6.812955e-06 4.412147e-08 0.110448554 1.9249372e-05 0.23938985 0.0026289276 1.0942134e-05 0.13782007 1.1393894e-05 0.0007912824 0.9947675 3.524175e-17 2.8861115e-07 5.992439e-06 0.63056713 0.0010513419 4.7339745e-05 1.5997113e-05 0.4714071 0.69777656 0.20198525 6.223771e-07 1.4244336e-09 2.4655796e-07 3.3722552e-06 3.1989694e-05 2.3724854e-06 3.2063577e-05 0.5942378 0.48931453 4.637486e-05 0.41942513 2.5076455e-05 7.324983e-08 0.025288323 0.01675955 0.2432746 1.8166335e-07 0.0035115958 0.25717604 0.000164509 0.002514245 0.04486385 3.4406332e-06 0.08134825 0.116500445 1.0598867e-05 0.0070880693 8.318995e-08 0.0002540666 0.00039471444 6.3916204e-08 4.6507083e-08 1.9089926e-08 0.00058447 0.043083347 1.1041782e-05 1.00044666e-07 0.00014798518 4.2870877e-05 0.014156745 2.997037e-07 0.009849435 5.273002e-05 0.001053111 0.007119256 1.0451827e-05 2.6200207e-06 0.00023499069 1.6433124e-07 1.1179336e-05 1.0984882e-06 2.610081e-07 0.00044533896 1.1703191e-05 0.0005818786 0.00021170947 0.00995992 0.0028724098 0.0010807305 0.003013919 1.0202424e-06 9.5372525e-05 3.2924237e-07
0.008933338 0.001319007 0.00012277953 2.5976378e-05 1.5607893e-05 0.097090185 0.2107996 7.067836e-05 0.03373338 0.011866717 0.0006603988 0.6911579 0.032780834 0.00020109539 8.7131244e-05 0.00076055195 0.0006419291 0.0056240503 0.9587298 1.1834273e-06 0.029078417 0.00038801506 0.00028813691 0.5388274 8.981406e-05 0.004245495 0.0010864942 1.0606217e-07 2.8861115e-07 3.732608e-17 0.06669754 6.6070775e-06 0.0014208175 0.0013348554 0.0041992697 3.123313e-07 4.6060762e-07 4.706748e-05 0.0004758777 0.9906095 0.0014956145 0.81179357 0.2098977 0.32520404 0.0009273344 2.3954171e-05 4.2710967e-06 0.00019817056 4.4720367e-05 0.0015894544 0.0020925254 0.00010949948 1.8802938e-07 3.6330978e-06 0.00065921084 9.384328e-10 1.8677841e-06 0.049717393 3.300237e-08 5.3348176e-05 0.00016598102 2.2784387e-07 2.5599163e-06 0.00066601875 7.7410376e-05 4.5650393e-07 0.00012928329 0.00014315952 7.731373e-07 1.464699e-06 8.4616936e-08 1.2094998e-05 3.3533693e-06 0.0002896522 2.8769605e-07 0.0003075074 0.0012961191 3.4409794e-07 0.00011532375 0.000290198 4.278986e-06 0.00077732553 1.0812236e-06 1.2586928e-06 2.0316686e-06 0.00013661198 7.3026797e-07 3.0908524e-07 5.498423e-07 6.894848e-08 1.0120429e-05 8.765431e-05 0.00019736333 0.00023505076 0.00062700914 0.00055823836 2.2900213e-07 6.962553e-07 1.7209025e-07 1.4456198e-05 1.4682394e-07
