1.3423388e-17 0.7847197 0.35843238 0.7433764 0.33358255 0.8436754 0.9726037 0.692861 0.99085915 0.15969244 0.94669247 0.8371645 0.029709894 0.9519899 0.38621312 0.9788398 0.9356116 0.6427812 0.7557649 0.919219 0.93650824 0.8555129 0.87666506 0.9996011 0.89576495 0.9716385 0.9946368 0.9961809 0.9723448 0.7273872 0.9948737 0.892489 0.94893306 0.7476939 0.8126458 0.8703869 0.8667897 0.999461 0.6371758 0.80803686 0.83466494 0.8706634 0.9492814 0.99715084 0.9572183 0.57021964 0.61993617 0.999916 0.9160245 0.9383148 0.6871901 0.6022457 0.9364563 0.59828824 0.87197584 0.42898503 0.24321131 0.23810622 0.99956596 0.97491175 0.9254146 0.1755579 0.6783542 0.99029535 0.039712388 0.4907136 0.88436896 0.9473285 0.89942956 0.989471 0.8897306 0.8075534 0.4407603 0.89217794 0.99563146 0.8667814 0.06293894 0.076745994 0.9966419 0.259065 0.70125055 0.78737736 0.024228726 0.02550919 0.23758869 0.0144577995 0.052570082 0.47141305 0.011374336 0.105860084 0.022424988 0.12787296 0.024821674 0.62858623 0.0017320014 0.1206466 0.72767985 0.032188583 0.28285548 0.5111482 0.0018400551
0.7847197 1.677407e-13 0.98755974 0.71953404 0.09771579 0.8122801 0.42005613 0.9809255 0.86105734 0.0011701825 0.07576527 0.22058028 8.198254e-05 0.2109286 1.2369689e-05 0.12088049 0.009960211 0.00086651207 0.021248423 0.0005420023 0.038558297 3.4874625e-05 0.00014179817 0.01715978 0.009654706 0.0003769965 9.755547e-05 0.012715956 0.0003758379 0.035407826 0.00077871676 6.790398e-05 0.00034328856 4.4138455e-05 1.6186144e-05 0.0011902974 0.00016884778 0.0053856843 2.4871488e-05 0.0020419792 0.0002492262 7.134293e-06 5.286668e-05 0.00056316686 0.00012510113 0.00069630286 0.015747502 0.00032812727 0.00025808212 5.4701145e-06 2.2998789e-05 7.435015e-06 1.1756886e-05 0.0029160262 2.8320037e-05 3.6226855e-05 1.9440229e-06 0.0032203936 0.0010186249 2.0805423e-06 6.66154e-06 2.1486217e-06 1.8131703e-05 0.0005943244 0.0015199344 4.8668544e-06 0.00021913569 1.1570673e-05 0.00010137318 1.7969734e-05 4.0380607e-07 3.6910565e-06 2.2068048e-06 2.5946542e-07 5.6243345e-05 2.8853958e-07 6.278786e-07 0.0007942498 8.8264824e-07 0.00022242469 2.5813744e-08 5.4057413e-08 6.1253064e-05 3.0125108e-07 4.3696737e-06 2.3875851e-05 9.1544614e-05 1.7740563e-08 8.816e-07 6.8677444e-08 2.6499126e-07 1.8764702e-06 1.9639598e-08 4.493241e-07 2.8000857e-05 1.0278404e-06 1.1733342e-07 2.837152e-06 5.700485e-07 1.3706786e-07 2.965645e-07
0.35843238 0.98755974 2.6104803e-14 0.95596707 0.9598195 0.354342 0.6252734 0.79490656 0.58703756 0.05521196 0.0053961053 0.011066092 0.0069520115 0.033132333 9.313924e-05 0.020809395 0.055388413 0.0026070317 0.0039541353 0.0010524092 0.034844037 0.000121567784 7.3698386e-05 0.004136134 0.00091917504 1.8268407e-05 4.451012e-06 0.0077915136 1.1817623e-05 0.004476121 2.8735387e-05 4.392884e-06 2.1344491e-05 1.3147998e-06 9.699187e-06 8.383487e-05 3.3266194e-06 0.0044679027 5.552779e-07 0.00013052885 9.880851e-06 7.296982e-08 9.4233803e-07 0.00054531824 6.6388515e-05 1.7754199e-05 0.0037840263 6.147005e-05 5.3366675e-06 5.1838407e-07 4.5486454e-06 2.5478748e-06 1.1535773e-06 8.3778046e-05 1.6794443e-06 4.820042e-07 2.4774392e-06 0.00020676025 0.0004738498 3.9098163e-07 5.1314714e-07 2.240859e-07 5.2520284e-07 9.2946684e-05 3.6048503e-05 1.4434707e-07 1.09879775e-05 6.800316e-06 2.103481e-05 1.5476628e-05 9.4511584e-08 5.1587284e-07 1.4466686e-06 3.612432e-07 4.5985536e-05 7.64704e-08 4.813747e-06 0.00019713817 2.515649e-08 1.4909272e-05 1.3993419e-08 3.0708964e-07 9.4188435e-05 1.9959495e-08 5.642396e-07 4.4800004e-06 1.1285546e-05 3.1385067e-08 1.1471037e-06 6.641263e-09 1.145979e-07 6.4218526e-08 3.716896e-08 5.749313e-08 2.2452605e-06 3.026532e-07 1.2284235e-07 4.71425e-07 1.7156381e-08 4.5459885e-09 3.4305143e-07
0.7433764 0.71953404 0.95596707 3.170432e-11 0.9377514 0.18083523 0.98320884 0.5078105 0.8961798 0.42731217 0.013650382 0.087086044 0.026391339 0.11366696 0.0054307356 0.076403864 0.23832273 0.018438943 0.017696152 0.002204256 0.1779837 0.0017864103 0.0003776912 0.018086389 0.0029682938 5.273515e-05 7.5575575e-05 0.024081264 0.00016581411 0.027211828 0.00019114303 6.5289382e-06 7.197881e-05 1.1326053e-05 5.2997573e-05 0.00092414423 3.300673e-05 0.01518905 1.6628337e-05 0.0010040229 6.812822e-05 1.794188e-06 2.0407808e-05 0.0012332369 0.00010838809 0.00039881933 0.007948468 0.000110827954 0.00031279708 2.6428172e-06 2.6734459e-05 7.4434506e-06 6.909026e-06 0.0014067327 5.0787745e-05 9.673534e-06 0.00042457864 0.0011662375 0.0014457434 1.8648947e-05 4.6758532e-06 1.0623148e-06 5.739961e-06 0.0011231995 0.00052799186 2.8501543e-05 0.0009318211 2.8545881e-05 2.0769296e-05 8.113299e-06 1.5585536e-07 3.5714183e-05 1.0384533e-05 1.1112279e-06 1.92187e-05 3.133971e-07 3.976137e-06 0.00090550765 2.0483003e-06 0.0005035732 1.0566595e-08 2.557835e-06 0.0002582754 4.486636e-06 1.7978483e-06 2.944787e-05 0.00013464877 4.6123336e-08 8.94933e-06 7.430478e-08 6.055238e-07 3.19505e-06 3.2959154e-08 5.413106e-07 4.026761e-06 6.2923536e-06 5.68421e-07 2.3150718e-05 2.934213e-07 1.4291976e-07 2.8463608e-06
0.33358255 0.09771579 0.9598195 0.9377514 6.4171134e-12 0.008911423 0.8470915 0.09129321 0.20334919 0.98026806 0.00036386854 0.0014015846 0.45142055 0.00622672 0.0035970123 0.007815287 0.5422103 0.04795852 0.0011017444 0.003982502 0.10088039 0.0024546436 0.0016723552 0.0043637026 0.00012285427 3.146426e-05 9.468598e-06 0.015079474 1.4740548e-05 0.00080270565 1.514936e-05 9.39658e-06 3.6737696e-05 6.214351e-06 0.00019974445 6.150453e-05 3.6626823e-06 0.009518113 6.8586537e-06 5.4533924e-05 1.03498605e-05 5.1430186e-07 2.2724766e-06 0.0009984452 0.0002601941 3.035574e-05 0.0005679399 3.55181e-05 4.4647673e-05 3.0062615e-06 4.4663644e-05 1.4483397e-05 1.8215144e-06 0.00018742737 1.685987e-06 1.6529733e-06 7.852998e-05 4.1597756e-05 0.0010288364 5.2065993e-06 8.050308e-06 4.1071485e-06 4.792603e-06 0.00045967606 3.6840393e-05 7.090591e-06 0.0003142742 6.1002742e-05 5.1191593e-05 4.608203e-05 2.4903397e-06 0.00018874597 5.9682284e-06 5.021237e-05 0.0001835281 2.8883458e-06 1.5068827e-05 0.00047377573 3.799638e-07 8.050596e-05 1.1210836e-06 7.94582e-06 0.00015200235 4.0152104e-06 1.0846146e-05 4.5378634e-05 0.00014928359 1.11013435e-07 1.0162984e-05 4.5306432e-08 1.3538637e-07 3.8441885e-07 1.1753556e-07 8.566056e-07 5.3486025e-07 5.693164e-06 1.813212e-05 6.847739e-06 5.732363e-08 7.896242e-08 2.329044e-06
0.8436754 0.8122801 0.354342 0.18083523 0.008911423 1.4162499e-12 0.020934919 0.75893974 0.9502454 0.0006900825 0.9613317 0.6645024 7.779574e-05 0.9488421 3.0245135e-06 0.5670954 0.0024708705 0.00074700074 0.20016038 0.0001782815 0.020346459 6.853132e-05 0.00014714095 0.056645885 0.22900558 0.0021056056 0.0037022536 0.017671352 0.005673828 0.112954505 0.0020085312 0.00029013713 0.0007656531 0.00030672952 1.3255068e-05 0.018608335 0.0011744157 0.008063225 0.00039097772 0.06065752 0.0037807107 4.8324102e-05 0.0003081177 0.00092896045 7.130243e-05 0.01534232 0.026406314 0.0017158577 0.00638149 2.7456708e-05 8.318012e-06 1.0023658e-06 0.00018101442 0.013910131 0.00040989748 0.00038500465 3.007971e-06 0.004930502 0.0019553977 2.568817e-05 1.0193746e-05 1.9603146e-08 0.00010384965 0.0009948186 0.0011078219 9.419122e-05 0.00059923745 2.3778425e-06 0.0001739496 4.3527024e-07 4.3943655e-07 5.4416378e-06 5.7186327e-07 9.046488e-07 7.9893164e-07 5.3103054e-07 3.5182086e-07 0.0011440552 8.8490915e-06 0.0009002828 2.3902928e-08 1.9021024e-07 0.00041411328 7.872054e-06 1.4890912e-05 0.00011844109 0.0002027331 6.3391475e-08 9.460439e-06 2.6179728e-06 2.1776776e-08 7.6810275e-06 2.9206987e-08 2.5049003e-06 2.3045115e-05 7.118913e-06 2.4336396e-06 3.7510133e-06 2.8764638e-05 9.645055e-07 1.3549364e-06
0.9726037 0.42005613 0.6252734 0.98320884 0.8470915 0.020934919 1.3631522e-10 0.27798536 0.668443 0.67535675 0.0036601543 0.01837736 0.07993314 0.03993735 0.25072074 0.059824318 0.8599964 0.14274995 0.0041465787 0.014782148 0.7852353 0.012353275 0.0018615036 0.109679796 0.0009157414 3.689563e-05 8.066743e-05 0.32909292 0.00014865551 0.0048862807 0.00044805644 3.86739e-06 6.838443e-05 6.541571e-06 0.00012437333 0.00015349197 2.0376167e-05 0.11008597 2.951391e-05 0.0003519538 1.1843911e-05 2.013702e-06 8.393875e-06 0.008407824 0.00062502496 8.413418e-05 0.0006506137 0.00092333206 7.159467e-05 3.2162116e-06 6.0190294e-05 2.5458601e-05 3.088342e-05 0.00044844655 1.1503952e-05 1.7217964e-06 0.0009039439 0.00013497328 0.012889715 1.682499e-05 5.68088e-06 5.002451e-06 2.4442948e-06 0.008494696 3.1116262e-05 5.7169727e-06 0.0008676925 6.96618e-05 6.430123e-05 3.2519005e-05 2.625367e-07 4.2520467e-05 1.6247684e-05 1.3129446e-05 4.3855653e-05 9.565435e-07 3.2571318e-06 0.00031721278 1.8418966e-06 7.619687e-05 1.571544e-08 9.581162e-06 1.4057255e-05 1.7556862e-05 2.619174e-06 4.1548574e-06 0.00012415231 4.852179e-07 5.2203072e-06 3.8885648e-07 2.2735344e-06 2.8997501e-06 1.3635444e-07 2.130845e-07 2.8890693e-07 6.082962e-07 2.864814e-06 3.919304e-06 3.8515907e-07 2.0510281e-07 3.5044124e-07
0.692861 0.9809255 0.79490656 0.5078105 0.09129321 0.75893974 0.27798536 9.473156e-16 0.6795583 0.0013873895 0.48094818 0.98663616 0.00026544518 0.052151863 2.4021978e-05 0.019792886 0.0038960653 0.00049785164 0.1728193 0.00013103473 0.01234014 4.869902e-05 0.00012804155 0.0024244154 0.021054614 1.9149289e-05 4.9167807e-06 0.004749286 2.1093467e-05 0.36486208 9.500156e-06 3.1279558e-06 9.238749e-06 9.814383e-07 4.465798e-05 0.00040787333 8.288278e-06 0.0029283925 1.1561899e-06 0.0016969319 3.560781e-05 1.8425615e-07 3.4761428e-07 0.00014723303 3.25677e-05 0.0006275709 0.03997194 8.494552e-06 0.00014648556 1.5701247e-07 1.0177999e-05 4.167223e-06 1.439049e-07 0.003224722 1.1724087e-06 5.0394747e-06 5.424723e-07 0.0033705644 0.00029028548 1.9329612e-07 9.780672e-07 1.1628506e-07 2.7588085e-06 9.2200775e-05 0.0020319931 7.4473555e-06 0.00011498474 2.1135018e-06 2.0353027e-06 2.681365e-06 2.6284596e-08 1.4549204e-06 3.6629666e-07 8.960252e-08 9.2284776e-05 3.425628e-08 4.3434575e-06 0.0005314369 1.3869462e-08 0.00019655959 4.2946824e-09 1.4976933e-07 0.00017470554 3.1080464e-07 1.9270786e-07 0.00010071291 2.2656222e-05 1.906751e-08 3.3344503e-07 9.2663854e-10 1.707559e-07 7.071115e-08 4.9378936e-08 1.9592605e-08 5.420521e-06 3.8275243e-08 6.6858135e-08 2.6919892e-07 3.6315974e-08 6.157965e-09 1.6710743e-06
0.99085915 0.86105734 0.58703756 0.8961798 0.20334919 0.9502454 0.668443 0.6795583 5.524767e-13 0.0072879456 0.6531558 0.6351447 0.00018630095 0.7782067 4.552067e-05 0.6637062 0.08397031 0.0022640533 0.19410367 0.0009637591 0.51773113 0.0007859459 0.0005499079 0.503615 0.12891194 0.0008755958 0.0049591027 0.12852058 0.008548858 0.18959177 0.0016285396 9.355488e-05 0.00043977218 6.7691064e-05 5.19091e-05 0.011681704 0.0004159579 0.041354265 0.00012660475 0.055814352 0.0022490977 3.9363986e-05 5.5211967e-05 0.0020090954 0.00012456968 0.011869417 0.049874116 0.0009873344 0.02311299 1.4444403e-05 3.528464e-05 7.872963e-06 4.3777884e-05 0.016209155 0.00045216808 0.00030081606 9.945464e-05 0.004885183 0.017374594 3.67135e-05 1.323535e-05 1.9162796e-06 5.40318e-06 0.009769063 0.0008282945 9.385784e-05 0.0027650038 9.929017e-06 4.5331875e-05 7.504213e-06 9.859516e-07 1.0724837e-05 4.5879597e-06 1.537735e-05 4.0061955e-06 5.2619157e-07 3.6103825e-07 0.00048462677 1.0115064e-05 0.00040938472 1.3354575e-08 1.9799563e-06 0.00018237552 1.3311616e-05 1.6488553e-05 6.209916e-05 0.00024889392 2.6506228e-07 9.128808e-06 2.6680485e-07 3.358184e-07 4.6031105e-06 1.1367596e-07 1.0284699e-06 3.8751655e-06 3.822727e-06 1.2374982e-06 3.6239308e-06 1.3458683e-05 2.88355e-07 6.4472392e-06
0.15969244 0.0011701825 0.05521196 0.42731217 0.98026806 0.0006900825 0.67535675 0.0013873895 0.0072879456 4.334582e-15 9.695044e-06 0.00014098144 0.9956375 0.00085069326 0.053355347 0.0027113934 0.676301 0.3546992 7.1773175e-05 0.008847987 0.07659281 0.004282563 0.004112417 0.0034460225 1.0052752e-06 3.573178e-06 2.8109175e-06 0.020323884 2.8969694e-06 5.091815e-05 0.00010837891 1.0454522e-06 2.9154018e-05 1.0892144e-06 0.00035069935 3.5760365e-07 5.045228e-07 0.011226833 2.063443e-07 1.9641247e-06 2.985247e-07 1.1538034e-07 3.8112282e-06 0.0010746173 0.00022232522 5.5623377e-06 1.1726821e-05 8.278344e-05 4.8618117e-06 1.0407107e-07 1.7775003e-05 2.5200386e-06 3.1473263e-07 1.6552125e-05 2.4771072e-07 2.5155447e-07 2.0806385e-05 8.005192e-06 0.0005293216 1.9956366e-07 1.0023261e-07 7.0932624e-06 7.6184006e-07 0.00018050933 7.242465e-07 9.623519e-07 1.4328715e-05 3.6790516e-06 8.540752e-07 2.263615e-06 7.884909e-08 7.233695e-06 2.3542943e-06 1.9853972e-07 1.8753404e-05 9.853312e-07 9.2631393e-07 9.882345e-05 7.9365265e-08 0.00017613303 1.4599616e-08 2.2415053e-08 5.768473e-05 3.9733704e-06 1.7310626e-06 1.4861608e-06 3.977032e-06 7.745948e-09 1.1078166e-06 1.5709453e-07 7.608409e-09 5.7112782e-08 5.5666334e-09 1.4633328e-07 4.7749745e-06 1.4535814e-05 3.307145e-07 0.00019984886 1.8062529e-07 1.5050363e-08 2.5939602e-08
0.94669247 0.07576527 0.0053961053 0.013650382 0.00036386854 0.9613317 0.0036601543 0.48094818 0.6531558 9.695044e-06 9.464275e-15 0.9196355 4.828764e-06 0.68089014 1.4582318e-06 0.17278668 0.0006831313 0.00016443024 0.9000523 1.5357009e-05 0.010483568 8.875952e-06 1.1077822e-05 0.02037651 0.9281233 0.0018942129 0.0029654135 0.006361829 0.005637069 0.806403 0.0013077188 7.7410084e-05 0.000474119 7.8227546e-05 2.9074845e-06 0.09259809 0.0010003939 0.0025067572 0.00017375562 0.5954183 0.0034472256 3.4161236e-05 6.791803e-05 0.0002205854 8.697828e-06 0.1863416 0.41706124 0.001363421 0.10226507 2.587929e-06 5.615319e-07 1.8264292e-07 6.580061e-05 0.2931437 0.00021980064 0.00084321504 1.184821e-06 0.08753373 0.00072521967 7.861078e-06 2.726293e-06 1.0060283e-07 1.5446461e-05 0.00042704475 0.0184879 0.00076489954 0.0071895528 1.5891615e-07 2.9161858e-05 1.14091485e-07 6.9137855e-08 1.7825963e-05 8.3797495e-08 2.2400802e-06 3.2871463e-07 1.6688661e-07 2.1956086e-07 0.009846734 2.676506e-06 0.0022543643 9.658116e-09 9.73387e-08 0.00038098838 0.00014202647 8.382612e-06 0.00097636314 0.00044785053 2.4792566e-08 2.0254169e-05 1.0353241e-06 6.5571307e-06 1.490987e-05 1.086291e-06 1.9679487e-07 3.87346e-05 1.093432e-05 5.642665e-07 2.743269e-06 4.8581546e-06 7.095302e-07 3.6050205e-06
0.8371645 0.22058028 0.011066092 0.087086044 0.0014015846 0.6645024 0.01837736 0.98663616 0.6351447 0.00014098144 0.9196355 2.562671e-14 2.784943e-05 0.07059638 4.1957187e-06 0.05353939 0.001562231 0.00018775836 0.97746485 1.6622853e-05 0.0067549776 1.0393392e-05 3.08184e-05 0.004393823 0.55039096 0.00026006484 0.00015530632 0.0030164225 0.0006255074 0.82680976 4.6108584e-05 4.326571e-05 4.2665724e-05 2.9454864e-05 2.3262415e-05 0.010983039 0.00014655138 0.00087192096 6.1320454e-05 0.11254105 0.00066762284 5.2299943e-06 2.1895437e-06 9.754576e-06 2.5587813e-06 0.034902286 0.23682292 2.6327134e-05 0.0153489355 5.2112466e-07 4.870555e-06 3.1968545e-06 6.671512e-07 0.06599066 7.316267e-05 0.00023606143 3.6271723e-07 0.036824614 0.00033536344 3.9837096e-06 1.952004e-06 9.932801e-07 3.4125042e-06 0.00037222455 0.012870412 0.00010844487 0.0027246792 4.0416208e-07 1.6910955e-05 1.2007164e-06 8.018433e-08 1.272853e-05 2.0266438e-07 9.569796e-07 2.2271024e-05 2.2714592e-07 8.7683657e-07 0.0020530056 1.0828736e-06 0.00038596604 1.09202716e-07 8.418196e-08 0.00015650157 4.2788943e-05 8.315069e-06 0.00043261363 0.00022082744 3.865926e-08 4.026695e-06 7.0563995e-09 1.4362068e-07 2.0272614e-06 1.493134e-07 1.1648291e-06 9.204351e-05 3.0522597e-07 9.029978e-08 7.40404e-07 3.720139e-07 3.2394677e-08 2.5174686e-06
0.029709894 8.198254e-05 0.0069520115 0.026391339 0.45142055 7.779574e-05 0.07993314 0.00026544518 0.00018630095 0.9956375 4.828764e-06 2.784943e-05 2.9353088e-15 9.719091e-05 0.9962082 0.00020616366 0.17706864 0.098339304 2.6139376e-05 0.0038597358 0.004262713 0.04970888 0.0073757702 0.00013048142 1.7125325e-06 5.5818424e-07 7.6645887e-07 0.0020491856 8.979589e-07 7.97793e-06 5.002141e-06 1.9467927e-06 6.4217184e-06 1.0026689e-06 0.00029961843 7.1003376e-07 5.4709733e-07 0.0028465984 9.0548475e-08 8.0542395e-06 5.5087895e-07 2.104444e-07 2.1876492e-07 0.00033587043 0.00022041862 1.1931444e-05 4.2612755e-06 5.805485e-06 1.5254175e-05 1.7076634e-07 3.9128903e-05 1.3951426e-05 1.5512588e-06 6.8075774e-06 1.37966e-06 3.4507693e-07 0.0013994703 1.3908637e-05 8.69935e-05 3.5776534e-07 2.3523697e-07 2.448638e-05 2.3726939e-06 2.8672917e-05 4.7134276e-07 3.6781396e-06 3.2928227e-05 1.0609972e-05 3.2837706e-06 1.373458e-05 1.2835874e-07 3.146726e-05 5.9889594e-06 2.0665723e-07 1.6623027e-05 2.2599156e-06 4.744127e-06 8.230939e-05 3.9504915e-08 0.00031073517 4.229142e-08 2.1503855e-07 0.00014019068 7.4956374e-06 3.1331388e-06 1.1392992e-05 2.461499e-05 1.69059e-08 1.8904193e-06 5.6763735e-08 1.1459171e-08 7.680734e-08 3.2632053e-09 2.353715e-08 4.6050204e-06 5.166958e-06 9.4222116e-07 0.00018363648 5.280128e-07 1.7428574e-07 4.2489265e-08
0.9519899 0.2109286 0.033132333 0.11366696 0.00622672 0.9488421 0.03993735 0.052151863 0.7782067 0.00085069326 0.68089014 0.07059638 9.719091e-05 2.0053374e-11 4.4097624e-06 0.98180205 0.11377153 0.0028532261 0.07780764 0.0007000782 0.1129273 8.096693e-05 7.137686e-05 0.7130762 0.46810806 0.4510549 0.46531472 0.048780084 0.32726607 0.044627033 0.1668125 0.12776278 0.041020468 0.02063149 1.9683073e-05 0.32035133 0.16940652 0.020215953 0.008421245 0.43120578 0.100490265 0.006301215 0.008731592 0.0017773038 5.999373e-05 0.12481974 0.0074552516 0.022224095 0.11811754 0.0005561145 2.5239411e-05 7.889219e-06 0.0023192419 0.0469468 0.017670056 0.008999807 1.0108612e-05 0.005404559 0.031034663 0.0007638338 0.00012645138 1.7222061e-07 0.00040219596 0.0080353785 3.0569994e-05 0.0018987688 0.01264333 1.2623533e-06 0.0012992143 5.670425e-07 1.5894784e-05 0.00017781623 2.3079271e-07 5.868949e-05 1.5981819e-07 9.422882e-06 1.5527728e-08 0.00036117638 3.1333646e-05 0.007053281 7.568682e-08 1.454645e-07 0.0015789473 4.1238512e-05 0.00023972397 0.00053334446 1.9003728e-05 2.3448026e-08 5.9437054e-05 2.3137605e-05 1.0594142e-08 5.4384786e-06 9.001324e-09 3.4816568e-07 3.979675e-05 0.0006025178 1.3287829e-06 0.00025249898 0.00025356121 2.8908826e-07 3.7189561e-06
0.38621312 1.2369689e-05 9.313924e-05 0.0054307356 0.0035970123 3.0245135e-06 0.25072074 2.4021978e-05 4.552067e-05 0.053355347 1.4582318e-06 4.1957187e-06 0.9962082 4.4097624e-06 7.2921384e-16 3.4244313e-05 0.75107944 0.7378404 2.6176158e-06 0.099725805 0.014051834 0.954486 0.57390404 0.00036005076 1.0151771e-06 1.4954804e-06 2.9844177e-08 0.030358687 1.8922381e-07 1.4006584e-06 1.0527264e-05 7.2122623e-07 7.85035e-06 1.711499e-06 0.041259117 9.4294666e-07 2.0317177e-07 0.09000832 7.351573e-07 2.9473226e-06 4.730959e-07 9.0769454e-08 7.6239503e-06 0.011822506 0.0122950785 1.8301283e-06 4.850974e-06 4.0043524e-05 3.3778926e-07 1.3713834e-07 0.0071554407 0.0032200282 5.9770005e-06 1.623204e-07 2.9156186e-07 3.572147e-07 0.25814563 2.58404e-06 0.0010884518 3.7495003e-08 6.108203e-07 0.00027874822 6.378757e-05 0.0013551932 2.7699667e-07 1.7928728e-06 3.794111e-06 0.0010302371 8.745879e-06 0.001027552 1.7126841e-06 2.106942e-05 0.00026114122 1.1202356e-07 0.0011426578 7.611081e-07 0.00030235102 1.1486456e-05 3.220946e-07 7.952945e-06 1.60598e-07 1.9086643e-05 1.2095182e-05 1.5461506e-05 4.5373997e-07 2.8094944e-06 0.00010761736 3.2547252e-06 1.7093318e-07 1.7725885e-08 1.9752159e-05 1.3693081e-07 3.0185532e-07 7.214281e-08 7.8251264e-07 3.1857428e-06 8.44114e-08 2.012463e-05 1.1688272e-06 4.3063814e-08 9.525113e-10
0.9788398 0.12088049 0.020809395 0.076403864 0.007815287 0.5670954 0.059824318 0.019792886 0.6637062 0.0027113934 0.17278668 0.05353939 0.00020616366 0.98180205 3.4244313e-05 2.5148286e-12 0.207254 0.006982363 0.048028715 0.00213303 0.52046007 0.00010975929 0.0005473768 0.95746714 0.2782713 0.17229806 0.26399133 0.18048668 0.25267947 0.025454197 0.26332328 0.022542464 0.049206443 0.0073502804 0.00026188593 0.22574228 0.030386018 0.047082767 0.003320564 0.27035415 0.077867165 0.002546692 0.0063694566 0.003646947 0.00036027213 0.09264702 0.0021398677 0.027789071 0.112438805 0.00063284655 0.00022283041 0.0001029905 0.004567655 0.039344717 0.013369117 0.0065436503 0.00013016326 0.001664146 0.07703441 0.001185159 0.0001804052 4.0115287e-06 0.00023957476 0.019569384 1.984146e-05 0.0018939148 0.007666187 4.9440172e-05 0.0010282827 1.584709e-05 4.1061798e-05 0.00042707368 1.5146081e-05 0.0001142271 3.7598775e-06 1.9342337e-05 5.8540235e-07 0.000576552 0.00011581322 0.002926881 1.4411874e-07 3.1406446e-06 0.0008415095 2.7156993e-05 0.0002268196 0.00035052683 0.00019940262 6.403985e-07 5.6082125e-05 1.06773605e-05 1.0003528e-06 8.241985e-06 1.5309995e-07 2.2448598e-06 8.58358e-05 0.00018592822 5.712387e-07 0.0001711992 0.00033416244 3.0249822e-07 1.5778987e-05
0.9356116 0.009960211 0.055388413 0.23832273 0.5422103 0.0024708705 0.8599964 0.0038960653 0.08397031 0.676301 0.0006831313 0.001562231 0.17706864 0.11377153 0.75107944 0.207254 3.5281656e-12 0.9425958 0.0009756372 0.43119934 0.9536432 0.10773031 0.17349826 0.089857996 0.0006388471 0.00078810914 0.00031025932 0.3812124 0.00035449775 0.00052331627 0.008684877 0.00033429856 0.0012749439 0.00026290189 0.054104265 0.00035443285 0.0006448116 0.4479092 0.00058821647 1.3868054e-05 0.00022438541 2.7232074e-05 0.00027922503 0.0243012 0.003171833 7.157672e-05 0.00036996682 0.0014790023 3.5360434e-05 0.000104290615 0.0009299962 9.180278e-05 0.0002251584 8.889934e-05 7.70013e-05 0.00011028275 0.0011976699 7.0245037e-06 0.018810324 0.0002063094 0.000244034 0.00040654105 3.4891662e-05 0.01407953 0.00018571201 0.00037160047 0.00045459048 0.00028563026 0.00017525922 6.0553073e-05 1.8576764e-06 7.232071e-05 5.0004168e-05 4.4461518e-05 1.9196683e-05 1.52577995e-05 9.646689e-06 0.00047044278 9.58563e-06 6.119059e-05 1.0666078e-08 5.1917496e-06 8.908381e-06 0.0004375587 3.4030712e-05 1.8552819e-05 0.00040179133 7.885936e-07 7.2309194e-05 1.9858593e-05 3.7062487e-06 1.6443299e-05 2.03477e-07 1.4908987e-05 1.6650745e-07 3.6093534e-05 6.169101e-06 6.8281595e-05 2.7573105e-05 3.5266828e-06 8.702807e-06
0.6427812 0.00086651207 0.0026070317 0.018438943 0.04795852 0.00074700074 0.14274995 0.00049785164 0.0022640533 0.3546992 0.00016443024 0.00018775836 0.098339304 0.0028532261 0.7378404 0.006982363 0.9425958 1.9868795e-15 0.00028954065 0.995292 0.28798687 0.632813 0.88430464 0.0044195554 3.726463e-05 7.5437497e-06 2.5367814e-05 0.08683497 2.2071825e-05 4.1255626e-05 0.00074040197 4.736076e-06 4.745876e-05 3.9056927e-06 0.5006867 6.634645e-06 7.6058095e-06 0.41122594 2.2026301e-05 4.692057e-07 5.130745e-06 2.3727242e-07 1.8495808e-05 0.04504608 0.026292406 7.472818e-08 6.01308e-05 0.0001670864 2.0017245e-07 7.5474263e-06 0.01346403 0.0043344037 1.48724475e-05 8.721995e-07 2.469531e-07 2.330287e-07 0.24312583 2.5434686e-06 0.011532574 4.2388738e-06 5.630058e-06 0.1086758 7.6110007e-07 0.006899029 2.3892103e-06 1.3173269e-05 3.948513e-05 0.004299308 9.352879e-06 0.0017042292 1.1866098e-08 1.3681052e-06 0.00056784565 7.8358727e-07 0.00024197517 1.6813223e-08 0.00015706962 4.0930823e-05 1.0388579e-06 5.385067e-06 2.1201561e-11 3.691101e-05 1.2800083e-05 1.4508669e-05 3.6055708e-06 2.325271e-06 0.00013879267 8.4741015e-07 1.2614195e-06 4.1146308e-07 9.353289e-06 1.7052774e-07 2.8088566e-08 9.904196e-07 2.541176e-07 2.469935e-06 1.0994948e-07 6.605997e-07 3.9730386e-07 1.4665797e-07 9.687294e-07
0.7557649 0.021248423 0.0039541353 0.017696152 0.0011017444 0.20016038 0.0041465787 0.1728193 0.19410367 7.1773175e-05 0.9000523 0.97746485 2.6139376e-05 0.07780764 2.6176158e-06 0.048028715 0.0009756372 0.00028954065 2.4596363e-14 2.534437e-06 0.008271286 1.5733787e-05 1.0375575e-05 0.011042921 0.95594025 0.0006492368 0.00097304804 0.0043376046 0.0021100126 0.96298844 0.00017977937 0.00010835771 0.00023789452 4.1125128e-05 6.3315656e-06 0.01252301 0.00026612802 0.000654965 6.833866e-05 0.07284409 0.0011284482 3.6285186e-05 6.8448467e-06 6.606457e-05 5.11527e-05 0.025451187 0.096496694 9.6467855e-05 0.005497008 1.4221988e-06 2.0342702e-06 2.219153e-06 2.5313425e-06 0.0273242 3.350449e-05 0.00022658288 2.8620025e-07 0.014122865 0.0005702922 7.1066283e-06 3.258996e-06 4.197742e-07 9.719429e-06 0.00086564274 0.0041519203 0.00039764334 0.0012189755 1.9715037e-06 7.938305e-06 8.861781e-07 2.2943627e-07 1.5840942e-05 8.806504e-07 5.321144e-07 6.509693e-05 2.9968425e-07 5.367808e-06 0.0017592681 1.8717061e-07 0.0008307766 9.821142e-09 1.9948791e-07 0.00031594172 0.00031301464 1.3650173e-05 0.0015288073 7.5678785e-05 1.7460268e-07 4.692108e-06 1.0420614e-07 7.639587e-07 4.3433083e-06 1.492956e-07 1.3339067e-07 9.499609e-05 6.6268007e-07 7.35001e-07 2.403214e-06 6.8436873e-07 3.6409486e-07 1.5236904e-05
0.919219 0.0005420023 0.0010524092 0.002204256 0.003982502 0.0001782815 0.014782148 0.00013103473 0.0009637591 0.008847987 1.5357009e-05 1.6622853e-05 0.0038597358 0.0007000782 0.099725805 0.00213303 0.43119934 0.995292 2.534437e-06 3.7082688e-13 0.47993752 0.38825315 0.7256501 0.009336532 1.5293359e-05 2.6137504e-05 2.3296548e-06 0.4715456 8.6046686e-07 1.3768702e-07 0.0008807148 5.261371e-06 0.00023997079 7.872009e-06 0.56398803 6.441392e-07 2.8383361e-05 0.91908246 2.7626724e-05 5.80137e-07 1.1047354e-07 8.9240467e-07 9.760806e-05 0.7390719 0.5338223 8.938109e-07 1.9949097e-07 0.0026761843 4.6476305e-08 2.703929e-06 0.1923412 0.15355974 0.00018948597 3.4142144e-07 3.7733336e-08 1.09500355e-07 0.3401113 8.8401464e-07 0.28770876 4.7693106e-07 3.2409944e-06 0.02495066 1.515053e-05 0.20451756 1.023274e-06 4.077342e-07 4.3824607e-06 0.017559418 0.0007282144 0.0040287683 3.6207386e-08 4.9064874e-07 0.0029987025 5.0204704e-07 0.0010527866 1.06113376e-07 0.0026579008 1.4232769e-05 0.00019991463 9.996412e-07 2.331356e-09 0.0029601452 5.068702e-06 4.5670927e-06 0.0001266539 1.0119776e-06 0.00076808303 2.5442047e-05 3.456705e-05 4.6472167e-07 0.00039106017 3.175383e-07 5.3585154e-06 8.860335e-05 5.1112954e-07 1.2435666e-07 1.9833427e-08 9.2217124e-07 0.000114006936 3.469183e-08 1.5787712e-06
0.93650824 0.038558297 0.034844037 0.1779837 0.10088039 0.020346459 0.7852353 0.01234014 0.51773113 0.07659281 0.010483568 0.0067549776 0.004262713 0.1129273 0.014051834 0.52046007 0.9536432 0.28798687 0.008271286 0.47993752 1.02736e-12 0.0025763898 0.044335447 0.6467118 0.0069002793 0.012919997 0.009479804 0.98932 0.00815789 0.0019528959 0.05735467 0.002809315 0.0079129785 0.0017864716 0.019305006 0.005014055 0.0013098987 0.40143174 0.0010311074 0.0031899263 0.0025123062 0.00028587636 0.003231296 0.03100517 0.0050408226 0.0006354662 0.00038383866 0.009836321 0.00073345675 0.0008616354 0.0015443396 0.00064339634 0.0020328276 0.00040642204 0.00040293444 8.573633e-05 0.0021970447 6.2545216e-05 0.26242232 0.0010610686 0.00051089784 0.0023285756 0.0002021306 0.06472735 8.099122e-06 5.638278e-06 0.0005752144 0.0037152926 0.0019140461 0.0030548489 3.6472702e-05 4.021827e-05 0.0002937742 0.00021451473 0.000298867 0.00011839175 1.26626055e-05 0.0005928831 0.00038261033 0.0003346127 6.8057396e-08 0.00011784058 0.000113238675 2.920075e-06 0.000113028815 9.731616e-06 0.0003227648 6.8405334e-06 8.83514e-05 6.875986e-05 4.4325175e-06 5.147754e-07 2.1319977e-07 8.040985e-06 5.9623803e-06 7.242079e-05 5.8944704e-07 1.4144599e-05 9.249713e-05 1.8259044e-06 1.7192514e-06
0.8555129 3.4874625e-05 0.000121567784 0.0017864103 0.0024546436 6.853132e-05 0.012353275 4.869902e-05 0.0007859459 0.004282563 8.875952e-06 1.0393392e-05 0.04970888 8.096693e-05 0.954486 0.00010975929 0.10773031 0.632813 1.5733787e-05 0.38825315 0.0025763898 1.10896054e-13 0.974117 0.00014885838 2.617251e-06 1.8370689e-06 9.842356e-08 0.016663909 4.997084e-07 2.9175753e-06 7.392163e-06 9.146982e-07 1.2541492e-06 1.5551255e-07 0.63011795 3.981624e-06 9.239846e-07 0.28637803 5.2182037e-07 1.4237878e-06 2.0394012e-07 1.800846e-08 4.5794155e-07 0.036119044 0.059258085 2.1418398e-06 2.903335e-05 6.509941e-05 1.5197335e-06 6.334993e-07 0.13691457 0.02838362 6.2022127e-06 3.9775027e-06 4.4678083e-07 1.7066083e-07 0.93234974 7.790589e-06 0.0013521698 1.1533189e-06 6.787384e-06 0.014450879 4.9092723e-05 0.0038371184 1.5655492e-05 4.6493715e-05 8.872918e-05 0.045336865 0.0004936677 0.027408259 6.958113e-07 0.00024541284 0.0037051202 0.000111081274 0.007030569 4.0015293e-06 0.0069611073 0.00023451385 2.4993262e-06 5.256975e-05 2.7066574e-07 0.0010443757 8.160217e-06 0.0011106777 7.392625e-05 8.708399e-05 0.0008347013 0.0001544361 0.0001258454 2.4579543e-07 0.00010641046 1.7923854e-06 2.5567362e-05 4.318436e-06 1.3321689e-07 1.622579e-05 5.44462e-07 5.0069826e-05 5.3343496e-07 3.3229966e-07 2.7513795e-07
0.87666506 0.00014179817 7.3698386e-05 0.0003776912 0.0016723552 0.00014714095 0.0018615036 0.00012804155 0.0005499079 0.004112417 1.1077822e-05 3.08184e-05 0.0073757702 7.137686e-05 0.57390404 0.0005473768 0.17349826 0.88430464 1.0375575e-05 0.7256501 0.044335447 0.974117 5.209308e-13 0.0018273207 2.5114232e-06 4.4646245e-06 1.657431e-06 0.100617185 1.9994247e-06 2.521813e-06 0.00023875272 2.1527956e-06 3.1378917e-05 1.8510657e-06 0.97936547 2.3028892e-06 1.1738384e-06 0.6876657 6.8990477e-07 5.2017725e-07 1.7628915e-06 4.7843823e-08 1.01008245e-05 0.16947794 0.30615455 1.5934275e-07 5.998005e-07 0.00049327355 4.177713e-07 1.0615887e-06 0.1332109 0.04957223 5.8239373e-05 2.2416519e-07 1.249536e-08 2.1793784e-07 0.6965772 1.3355774e-06 0.0151695935 1.2265102e-06 2.4044543e-06 0.0767221 1.33111225e-05 0.015100355 1.8136087e-06 1.9868983e-06 7.960363e-05 0.041382756 0.00031290093 0.01136776 9.7194e-08 8.323091e-06 0.0048050927 4.7305466e-06 0.0057219947 5.430831e-07 0.0054174494 7.280644e-05 1.2176045e-05 1.5346424e-05 2.985435e-09 0.0013217597 5.6117565e-06 0.0004795762 5.617068e-06 7.021791e-06 0.0019314872 1.1996732e-05 1.0059872e-05 2.0554631e-07 0.00010274779 2.7569556e-07 1.5243756e-06 4.360453e-06 1.7180385e-08 1.0838732e-05 3.2399868e-08 1.7714776e-05 4.6611538e-07 8.2043265e-08 1.6952937e-07
0.9996011 0.01715978 0.004136134 0.018086389 0.0043637026 0.056645885 0.109679796 0.0024244154 0.503615 0.0034460225 0.02037651 0.004393823 0.00013048142 0.7130762 0.00036005076 0.95746714 0.089857996 0.0044195554 0.011042921 0.009336532 0.6467118 0.00014885838 0.0018273207 4.031976e-15 0.017108954 0.41736287 0.15611205 0.5951295 0.082980074 0.000914335 0.666556 0.038070295 0.11554726 0.015550967 0.0005018863 0.026351288 0.032386184 0.03541045 0.00645321 0.015027814 0.016481591 0.0050418973 0.024986438 0.0005171839 9.6444855e-05 0.0042043533 0.00027520055 0.14481302 0.0077007324 0.0069349306 0.00015538826 2.3105127e-05 0.019834172 0.0022745226 0.008161855 0.0013499883 0.00031260416 0.00046342652 0.38104424 0.0054242476 0.0020553928 3.091993e-05 0.00076876674 0.06444055 3.9038828e-06 0.00029139637 0.0014062948 0.00016111323 0.0019661104 0.00012141509 0.000694981 0.0015192403 2.6567524e-05 0.0015852489 6.5244253e-06 0.0007625739 1.8960344e-06 0.0022641795 0.00076692173 0.00095961266 2.104408e-05 1.632184e-05 0.00029695747 0.0001753905 0.00036783394 0.00019125335 0.0011900887 9.812479e-08 0.00025070563 8.884908e-05 5.5097297e-07 1.2507827e-05 2.4573648e-08 8.348092e-06 3.1003587e-05 0.000935098 3.162786e-05 0.00033270605 4.5953842e-05 2.9909565e-06 1.4820656e-05
0.89576495 0.009654706 0.00091917504 0.0029682938 0.00012285427 0.22900558 0.0009157414 0.021054614 0.12891194 1.0052752e-06 0.9281233 0.55039096 1.7125325e-06 0.46810806 1.0151771e-06 0.2782713 0.0006388471 3.726463e-05 0.95594025 1.5293359e-05 0.0069002793 2.617251e-06 2.5114232e-06 0.017108954 2.0669717e-17 0.0071401442 0.025242453 0.0024684505 0.060186487 0.92105925 0.0019973998 0.000491268 0.00073390105 0.00024634166 2.7185845e-06 0.6176614 0.0021687755 0.00027484255 0.0001842292 0.9487766 0.030128425 0.00035753392 6.7866495e-05 6.949492e-05 8.261332e-07 0.6166664 0.5207602 0.0008338524 0.24302885 2.0851865e-06 3.312745e-07 7.122525e-08 3.0287149e-05 0.78639346 0.0004872495 0.0051329527 3.3601412e-07 0.19318981 0.000944934 1.664549e-05 2.0129455e-06 7.839273e-09 9.378898e-06 0.0003941419 0.020691618 0.0069255056 0.08276867 8.1861636e-08 1.6360724e-05 3.4540896e-08 8.6218236e-08 2.7261542e-05 3.242416e-08 6.9230776e-07 3.0636172e-06 1.0601868e-07 1.8599903e-07 0.011622555 1.9569178e-07 0.017789124 6.7427314e-10 1.7429024e-07 0.00393829 0.00069837045 5.7727684e-06 0.0041447575 3.8013022e-05 3.8809752e-08 5.523142e-06 3.6581835e-07 2.3259264e-07 8.735359e-08 5.9341357e-08 7.088349e-07 0.00035062677 4.885078e-06 6.996564e-08 3.9180786e-06 1.0972469e-07 2.0051944e-07 1.4298983e-05
0.9716385 0.0003769965 1.8268407e-05 5.273515e-05 3.146426e-05 0.0021056056 3.689563e-05 1.9149289e-05 0.0008755958 3.573178e-06 0.0018942129 0.00026006484 5.5818424e-07 0.4510549 1.4954804e-06 0.17229806 0.00078810914 7.5437497e-06 0.0006492368 2.6137504e-05 0.012919997 1.8370689e-06 4.4646245e-06 0.41736287 0.0071401442 5.472135e-15 0.6485939 0.012231427 0.22870275 2.2388233e-05 0.8676988 0.9792046 0.81015074 0.81892014 2.6512207e-06 0.035596266 0.6821471 0.004367237 0.5636276 0.011287699 0.10963199 0.47193715 0.31899187 0.00018751266 4.9240684e-06 0.0043600067 1.7160353e-05 0.13839884 0.0306398 0.26534635 2.459251e-07 9.0543985e-08 0.032935116 0.0011803466 0.23705901 0.0155785475 9.292554e-08 1.767478e-05 0.030792894 0.27860865 0.11987912 2.3623187e-08 0.001998362 0.0071883597 7.45035e-07 0.0038496868 0.0057158642 6.155042e-07 0.0013658468 5.8368255e-07 0.01987922 0.11774701 4.484227e-08 0.09406649 7.0916894e-07 0.012346008 2.52625e-09 1.539032e-05 1.4365767e-05 0.0030047728 0.00017234623 8.641086e-08 0.00019904335 0.00015872995 0.007298667 5.657883e-05 6.4502007e-07 1.974488e-08 0.0002015116 0.00017020584 5.129827e-09 1.36947265e-05 3.7978447e-09 9.840011e-08 3.0167544e-07 0.0067397268 0.00019191146 0.008434974 1.4121456e-05 4.426027e-07 6.9642e-07
0.9946368 9.755547e-05 4.451012e-06 7.5575575e-05 9.468598e-06 0.0037022536 8.066743e-05 4.9167807e-06 0.0049591027 2.8109175e-06 0.0029654135 0.00015530632 7.6645887e-07 0.46531472 2.9844177e-08 0.26399133 0.00031025932 2.5367814e-05 0.00097304804 2.3296548e-06 0.009479804 9.842356e-08 1.657431e-06 0.15611205 0.025242453 0.6485939 5.587945e-15 0.007434126 0.920593 0.00010287152 0.11648673 0.16799058 0.06990299 0.03200575 1.2578745e-06 0.61937773 0.6052693 0.0006484262 0.007369857 0.2214234 0.93910974 0.040005784 0.0044637397 0.00012326842 2.6734676e-06 0.106543794 0.000115154726 0.051545992 0.38317367 0.00017536206 6.499733e-08 6.160623e-08 0.0043417825 0.020068161 0.82768655 0.5457867 3.402784e-08 0.0011117454 0.0076796478 0.016032005 5.6713823e-05 1.3260453e-07 9.732196e-05 0.0019960944 1.7752844e-05 0.24756604 0.38134736 1.1455725e-07 0.0001536519 1.8834596e-07 1.5599434e-06 0.037085183 3.8534623e-08 0.002341047 1.2139667e-06 1.2012438e-05 3.883952e-08 0.0004692798 3.266534e-05 0.17141809 2.3747546e-07 2.898904e-08 0.01695165 0.0020170908 0.00046175477 0.0032322211 0.00011830405 6.444475e-09 3.4065455e-05 2.1382928e-06 7.573867e-08 3.6625158e-07 2.1448976e-08 2.0687e-07 3.447641e-05 0.0027169068 3.3266684e-07 0.0027726549 9.7472715e-05 3.8529038e-08 2.2702769e-05
0.9961809 0.012715956 0.0077915136 0.024081264 0.015079474 0.017671352 0.32909292 0.004749286 0.12852058 0.020323884 0.006361829 0.0030164225 0.0020491856 0.048780084 0.030358687 0.18048668 0.3812124 0.08683497 0.0043376046 0.4715456 0.98932 0.016663909 0.100617185 0.5951295 0.0024684505 0.012231427 0.007434126 2.3545429e-14 0.004023249 0.00034759805 0.04999488 0.0027014292 0.012633091 0.0021603901 0.044399735 0.0015749396 0.0012712391 0.77241236 0.0007565663 0.00095868425 0.00089914625 0.0002671044 0.003917793 0.054728433 0.0044126315 0.0002777881 8.660684e-05 0.012011368 0.0004259387 0.0015018084 0.0040921043 0.0026098776 0.004007686 0.00011297267 0.00026723437 8.496283e-05 0.006650999 4.7388752e-05 0.7042632 0.0008240477 0.0005180967 0.00082314486 0.00018835452 0.42642683 1.5585099e-06 7.365813e-05 0.00035148553 0.011031048 0.000814732 0.003340358 6.909281e-05 0.000154965 0.00077005965 0.00027456225 6.343245e-05 0.00014765783 0.00010015384 0.00046661892 0.0006825933 5.1350602e-05 2.6226468e-07 0.00028371034 1.688097e-05 4.0064e-05 8.159302e-05 3.5782745e-05 0.0040075197 2.2996637e-07 1.457129e-05 2.4233982e-06 5.4791212e-06 2.2553038e-06 5.2832174e-08 6.689144e-06 5.4079663e-07 2.8712075e-05 4.0851654e-07 1.2490865e-05 5.205624e-05 4.736358e-07 2.1334813e-06
0.9723448 0.0003758379 1.1817623e-05 0.00016581411 1.4740548e-05 0.005673828 0.00014865551 2.1093467e-05 0.008548858 2.8969694e-06 0.005637069 0.0006255074 8.979589e-07 0.32726607 1.8922381e-07 0.25267947 0.00035449775 2.2071825e-05 0.0021100126 8.6046686e-07 0.00815789 4.997084e-07 1.9994247e-06 0.082980074 0.060186487 0.22870275 0.920593 0.004023249 2.1209873e-13 0.00016380138 0.044175223 0.049843185 0.025192935 0.009174429 7.515776e-07 0.9494761 0.12178082 0.00042907204 0.0027088295 0.39562082 0.9698243 0.009881691 0.0016907644 4.8423473e-05 1.4287417e-06 0.24377927 0.00020195794 0.021899255 0.6236027 8.816824e-05 3.6887513e-08 3.1831913e-08 0.0012634356 0.052769896 0.44122854 0.4609174 9.4326275e-08 0.0034739808 0.005095726 0.0026448132 1.1907788e-05 1.3394678e-08 2.5681898e-05 0.0012996108 0.000117341544 0.28329018 0.60721755 7.33193e-08 9.094211e-05 7.821608e-08 2.2501422e-07 0.012221726 2.6721546e-08 0.00029350934 8.883789e-07 3.0311173e-06 3.258499e-08 0.0013779094 1.8827377e-05 0.22367004 5.098362e-08 6.730686e-08 0.020884164 0.0015156845 0.000302081 0.0065231198 0.00014654984 1.0971898e-08 1.5078358e-05 1.8423148e-06 3.493819e-08 2.992693e-07 2.5384084e-08 8.643063e-08 4.4490826e-05 0.0011877926 2.8291635e-07 0.00053039665 2.5869185e-05 7.8211905e-08 1.39652175e-05
0.7273872 0.035407826 0.004476121 0.027211828 0.00080270565 0.112954505 0.0048862807 0.36486208 0.18959177 5.091815e-05 0.806403 0.82680976 7.97793e-06 0.044627033 1.4006584e-06 0.025454197 0.00052331627 4.1255626e-05 0.96298844 1.3768702e-07 0.0019528959 2.9175753e-06 2.521813e-06 0.000914335 0.92105925 2.2388233e-05 0.00010287152 0.00034759805 0.00016380138 5.9554425e-15 1.0004195e-06 2.074187e-06 4.485667e-07 3.4390732e-07 5.6011913e-06 0.008867352 8.723406e-06 0.00017627838 6.730862e-07 0.0932885 0.00011669606 1.9846957e-06 7.713163e-08 5.715324e-07 1.4351828e-05 0.03037477 0.9861684 3.8383328e-06 0.0014106878 9.799666e-08 5.623446e-06 9.189861e-07 1.9593399e-07 0.09720984 1.021382e-05 1.5596452e-05 2.2947127e-07 0.05936226 5.1803614e-05 2.0323275e-06 1.7289474e-06 2.7098018e-08 1.395822e-06 1.5233475e-05 0.046679884 5.87614e-05 0.000602635 6.2494864e-06 1.1714576e-06 6.6043563e-06 1.6233372e-07 1.1670958e-05 7.1110856e-07 3.4865442e-07 0.00010834532 3.2595912e-07 4.984899e-07 0.0058734454 4.0552575e-07 0.00017729284 6.080621e-08 3.2109998e-07 0.0001577996 5.1889896e-05 1.1032104e-06 0.0007747327 0.00021835278 1.1148619e-07 4.6697275e-07 3.69118e-08 1.2633082e-08 9.0917575e-07 3.4451955e-07 7.704885e-08 9.568009e-05 8.491474e-08 1.5925791e-06 1.5241874e-07 1.0985515e-07 1.6074296e-07 1.5265847e-05
