1.4334052e-17 0.0020531968 0.054965917 0.015347895 0.048168644 0.5776483 0.5471069 0.47878736 0.83195186 0.83109725 0.83465046 0.19281892 0.05828647 0.0050310493 0.66776764 0.94285125 0.00023365793 0.900377 0.7446612 0.012103052 0.7695483 0.12566447 0.87697154 0.96558934 0.9703162 0.9798727 0.9453787 0.08065555 0.6405586 0.98285675 0.6965148 0.09513698 0.560777 0.16616115 0.71075547 0.71182114 0.95643795 0.9406541 0.90849 0.9939174 0.07742485 0.22374797 0.8651243 0.9975992 0.51045173 0.89858365 0.79630023 0.8258315 0.80905783 0.84012353 0.91142726 0.9931728 0.9998843 0.99984276 0.8903673 0.99134487 0.74609184 0.9418324 0.67161435 0.96561724 0.055608597 0.9474683 0.8954847 0.1531306 0.061016854 0.9450766 0.8642575 0.99977607 0.97380626 0.9168226 0.97429115 0.8044321 0.588835 0.8557661 0.10036817 0.8690976 0.98942024 0.9929877 0.92680985 0.32754216 0.80775625 0.19042477 0.99342513 0.92604405 0.9970915 0.9974668 0.4983862 0.9993609 0.051677525 0.66739213 0.00052316557 0.18020472 0.8986809 0.77270603 0.72721076 5.767329e-05 0.7316407 0.3736706 0.9861196 0.5778249 0.36021376
0.0020531968 9.010774e-16 0.9609163 0.98561555 0.9585063 0.7905089 0.058560133 0.056448042 0.010203575 0.00688847 0.0016751335 0.0032763353 0.0008646799 0.00017122418 0.0014464584 7.8086145e-05 3.5938472e-06 0.002315286 0.00038884036 1.865866e-05 0.00016383073 3.7401634e-05 2.4062103e-05 0.0007751455 3.0966796e-05 2.9783869e-06 0.00040176354 1.8986094e-06 0.0003205219 0.00019306962 3.6735294e-08 0.0015434364 4.3306783e-05 1.4774262e-06 2.8794531e-05 9.7848424e-05 5.3213344e-06 1.4638193e-06 9.492454e-05 9.3218056e-05 3.9001372e-07 4.4361373e-06 5.8482652e-05 5.672708e-05 5.307414e-09 1.517419e-08 1.3094173e-05 2.0980824e-08 1.9470777e-07 5.1615116e-06 1.9958124e-08 4.7775977e-08 5.090934e-06 2.0043055e-05 2.6167447e-06 6.5892195e-06 4.010976e-07 1.4525628e-07 3.639765e-05 3.1838218e-07 1.1748637e-05 1.5267288e-07 4.214023e-07 8.1920643e-07 4.783144e-05 5.465065e-05 9.61701e-06 9.764707e-07 1.436626e-07 8.070767e-07 1.6463084e-05 4.5269488e-07 3.9377637e-06 4.3360922e-07 3.0755696e-06 4.790318e-06 1.4960467e-08 9.697985e-06 5.88783e-07 2.1335778e-07 1.4987371e-06 3.0568975e-05 9.481036e-05 1.1986576e-07 9.664489e-06 2.6602017e-06 4.6610472e-07 5.439848e-06 1.7875972e-06 3.7265355e-08 1.2237568e-07 9.632366e-08 2.9509197e-08 4.1995557e-07 6.221053e-09 9.208283e-09 8.070463e-08 1.6384925e-05 3.6158012e-06 8.5789725e-07 8.483109e-07
0.054965917 0.9609163 4.6491878e-17 0.9968827 0.102997206 0.041028637 0.938851 0.09409043 0.14320342 0.43765178 0.0010174123 0.8466327 0.040054087 0.025141751 0.17305687 0.03237386 0.00024983397 0.22715977 0.00050823233 0.00041009922 3.9457766e-05 0.008629784 0.003376117 0.010956849 0.04936689 0.00029508947 0.091305956 0.00014958714 1.8399907e-05 0.11084086 5.860299e-06 2.5085437e-06 1.9517545e-06 5.551421e-06 8.20035e-07 3.3201058e-08 0.004645268 0.00011693 5.52963e-06 0.008557002 5.6502194e-07 1.1663542e-06 2.4503422e-06 0.009538009 1.0390373e-06 1.629602e-05 3.3068027e-08 5.0090097e-08 2.9675832e-07 8.3818435e-08 2.2586303e-07 0.000111492955 0.0024501097 4.5317547e-06 9.5047774e-08 6.192659e-07 1.2421442e-07 7.008547e-07 3.9709965e-07 7.5768463e-07 1.2056527e-06 1.0475816e-07 8.0958745e-07 4.9358125e-08 3.407226e-08 9.199581e-08 2.3182539e-08 4.4947752e-05 1.3229682e-07 2.1920161e-07 2.5760014e-06 9.380655e-07 4.827244e-08 1.6024e-07 9.4944674e-08 1.5736872e-06 1.3431314e-06 5.1361594e-06 8.9394774e-08 6.4356556e-09 9.8904195e-08 1.2279861e-06 3.8272632e-05 7.061842e-08 9.241671e-05 1.3822303e-05 9.918151e-08 1.2133041e-05 2.4786502e-07 4.4208127e-07 2.4441269e-08 2.995435e-08 3.0644205e-06 1.0258779e-08 1.3212693e-08 1.3026239e-09 4.5530332e-06 8.287352e-08 2.7882675e-07 2.586615e-07 9.409002e-11
0.015347895 0.98561555 0.9968827 5.6694225e-17 0.19372681 0.0016164242 0.7290534 0.3334208 0.17171107 0.20790176 0.0049590175 0.085591555 0.022361323 0.0006544027 0.04826934 0.00323209 1.1385964e-05 0.03484619 0.00036668495 1.7618739e-05 3.0548952e-05 0.00039912527 0.00036724267 0.0051878197 0.0068799746 4.857263e-05 0.02638422 8.218031e-06 7.2629526e-05 0.014135449 1.4196533e-07 1.2228061e-05 7.535154e-05 1.4675107e-06 5.8214107e-05 3.048834e-06 0.0007371245 5.3786283e-05 9.261258e-05 0.0018018943 2.0071725e-07 7.851784e-07 2.7179378e-05 0.0016573325 4.521935e-07 3.3376716e-06 1.6002462e-06 9.2469726e-08 1.4530718e-06 1.3407677e-06 9.786872e-08 7.5525745e-06 0.00053782825 1.0361612e-05 1.0943235e-06 2.9875443e-06 9.632693e-07 1.8083513e-06 4.2262554e-06 1.3767711e-06 1.42784e-06 9.6263e-07 8.899366e-07 2.0592242e-07 7.031655e-06 5.789578e-06 2.2777012e-06 1.8835046e-05 2.9378498e-07 1.9154017e-07 5.4569453e-05 5.208777e-07 1.2647188e-06 5.2308695e-07 1.2687954e-07 3.6559254e-06 5.6621303e-07 2.501037e-05 5.007625e-06 1.419419e-07 3.6788953e-07 2.1391431e-06 0.00036047696 1.2584323e-06 0.00018302837 1.8899336e-05 1.1617338e-06 2.7224207e-05 2.7884164e-07 4.4059132e-07 3.1869643e-08 1.3290725e-07 1.5253369e-06 1.9537087e-07 9.690357e-08 3.559473e-09 6.397195e-06 6.156033e-07 6.7681153e-06 4.4042145e-06 2.40468e-07
0.048168644 0.9585063 0.102997206 0.19372681 2.2517903e-15 0.99944204 0.05963419 0.59085846 0.15747127 0.05382234 0.07857456 0.0005735565 0.000120207755 1.1654297e-05 2.4170935e-05 2.490405e-05 1.2590218e-06 0.05805446 0.013255511 3.5024964e-06 0.0024043743 8.6224117e-07 4.856813e-07 0.049914982 6.561966e-06 4.5728278e-08 0.0010548424 2.2443899e-07 0.00020935434 0.0007424458 4.402704e-09 0.00015345452 3.439162e-05 1.3851412e-07 9.966353e-05 1.6193864e-05 2.8004312e-08 1.948089e-08 6.440704e-05 0.0019912785 3.4141786e-07 2.1478853e-07 9.028678e-06 4.0567742e-05 5.1730398e-09 4.507539e-10 2.2547383e-06 5.6787095e-09 2.0475862e-07 8.6572487e-07 2.9285552e-10 3.3475995e-09 7.858799e-08 1.4385454e-05 5.04238e-07 7.619469e-07 2.3196074e-08 1.4372713e-09 3.1573416e-06 5.94851e-10 1.6784644e-06 1.9204516e-09 0.00017412817 1.053271e-06 1.1940596e-05 2.9309895e-06 2.6031643e-08 6.577114e-08 1.8287691e-08 5.8973474e-06 6.2556405e-06 4.134548e-08 1.3515746e-06 1.522841e-08 6.571514e-05 3.5525466e-06 2.8114178e-07 1.5279671e-05 8.0272434e-07 4.3274436e-08 1.5321986e-05 5.8960923e-06 5.7099634e-05 1.13544644e-07 2.2500083e-06 9.5983e-06 1.535752e-07 6.6057232e-06 1.1703587e-06 8.244218e-08 1.8022412e-08 1.9063046e-07 5.450402e-09 1.3424724e-07 1.08052145e-08 1.317967e-08 1.5887153e-06 3.109713e-05 3.012729e-07 1.8901812e-08 4.4421762e-07
0.5776483 0.7905089 0.041028637 0.0016164242 0.99944204 2.5229886e-14 0.002392616 0.74866974 0.182056 0.012153945 0.47574964 0.00052728417 4.800606e-05 2.5686382e-05 0.00011270042 7.7649645e-05 7.720243e-08 0.076768264 0.7129556 2.753583e-06 0.8050749 9.919203e-06 1.6015224e-06 0.6119172 3.3126928e-06 3.4037654e-07 0.0009764013 3.865111e-06 0.27767143 0.0024828832 4.702983e-07 0.2737231 0.14852637 2.4174324e-07 0.07612826 0.017588982 3.9430185e-07 1.2124607e-07 0.062787324 0.1253439 1.5581035e-07 3.6314708e-07 0.06766319 0.00021509816 1.7687517e-08 1.7612814e-08 0.011530974 2.3410634e-07 2.035321e-07 0.0039273566 6.9921304e-09 1.2997159e-08 1.4812163e-07 0.09881949 0.0019216072 0.0014646767 7.340657e-09 5.2286997e-09 0.0007537432 2.980606e-08 4.645356e-07 2.0350008e-09 0.0022341227 1.6008705e-06 9.833693e-05 0.00061002834 0.0016114411 2.6452136e-07 6.663303e-07 2.5625215e-05 0.0014144719 5.913254e-07 0.00015163937 2.0174916e-07 2.8115703e-05 6.459681e-05 2.6170702e-07 0.0013692613 3.0787419e-06 1.5598862e-05 0.00013915623 0.0009608283 0.0011242384 1.1168003e-06 2.7507351e-06 0.00021327876 4.8501624e-05 0.00021381806 0.00042321288 1.7444371e-07 6.005746e-08 3.4084415e-08 1.4215059e-06 2.2157346e-07 4.1317413e-08 1.4240485e-08 1.7796867e-05 2.622437e-05 0.00028752614 4.8246854e-08 9.114284e-05
0.5471069 0.058560133 0.938851 0.7290534 0.05963419 0.002392616 2.2603859e-13 0.046661194 0.39927614 0.9816909 0.007718798 0.95758015 0.3640121 0.06287952 0.34474865 0.28008187 0.0012409887 0.6299751 0.001200388 0.0019808186 6.9206462e-06 0.00335206 0.0071336236 0.007925972 0.2285198 0.00020491736 0.55286103 3.7165828e-05 4.763867e-06 0.51152456 9.654392e-06 1.1657987e-05 4.781101e-05 1.4577946e-05 3.0860545e-05 2.4889935e-06 0.014005485 0.0001076228 2.041575e-05 0.03539346 3.373291e-06 1.4640224e-05 1.9334813e-05 0.1062017 4.2549404e-06 4.1405878e-05 7.8057965e-06 7.040633e-06 1.6321661e-06 3.849481e-06 6.0906036e-06 0.00015411273 0.009905057 0.00012308775 3.414835e-06 7.3622764e-06 3.1128695e-07 4.4580105e-07 1.5179505e-06 4.6579768e-07 7.4237175e-07 1.1467323e-07 5.9789247e-05 2.4663475e-06 3.307259e-05 6.213897e-07 2.2343258e-08 1.3816755e-05 1.5469146e-07 3.801039e-06 2.35811e-06 1.506206e-07 4.611494e-06 3.344895e-08 0.00015558695 6.3149065e-07 1.703593e-06 1.6415204e-05 7.050241e-08 1.3162362e-06 5.6258227e-06 1.5375665e-05 0.00017855017 1.7563529e-05 6.9059897e-06 0.00010355178 1.301568e-06 2.96822e-05 2.6336576e-07 2.7633283e-07 2.5036103e-08 1.5388044e-07 3.657833e-08 4.2676749e-07 3.0773446e-08 4.5333838e-08 1.0416254e-05 1.7405871e-05 9.367919e-08 3.1951674e-07 2.6487692e-06
0.47878736 0.056448042 0.09409043 0.3334208 0.59085846 0.74866974 0.046661194 2.1317552e-13 0.9821536 0.29676554 0.9866215 0.008268687 0.00091487716 0.0002580132 0.00061364245 0.00091225683 6.733716e-06 0.39298993 0.37036696 2.5640982e-05 0.04448833 4.4786822e-05 4.8169502e-05 0.46929514 0.0030123747 7.5584544e-06 0.12353969 1.1436275e-05 0.0006536262 0.18980671 3.902031e-07 4.228415e-05 0.0026752441 1.3551975e-06 0.0014673969 6.443708e-05 0.00028889577 7.973409e-07 0.0013452087 0.1517335 1.4416569e-06 1.7244092e-06 0.0026679686 0.02263488 2.4244974e-07 3.3007078e-07 5.00367e-05 1.0269218e-07 1.31511e-07 1.42972785e-05 7.156801e-08 4.60542e-06 0.0010476641 0.0027835933 1.815425e-05 7.836015e-05 9.4506724e-08 2.8790451e-08 8.893034e-06 1.0823289e-07 9.336271e-07 3.02385e-08 7.5763887e-06 1.7945335e-06 1.9819684e-06 1.0768326e-06 9.967579e-07 1.972809e-06 2.932544e-08 2.8668867e-07 3.1214076e-05 3.9365165e-08 1.2686756e-05 8.653121e-09 5.95849e-05 2.5455506e-06 4.5015895e-06 9.5137526e-05 2.2201624e-08 1.5617563e-06 2.2479611e-07 6.3549096e-06 0.000107161104 4.4443712e-07 1.7699676e-05 0.00012734656 2.952704e-06 6.754397e-05 1.1947835e-06 9.0544845e-08 6.798293e-08 2.2006049e-08 2.7616449e-07 4.3946378e-07 4.4515356e-09 7.048453e-08 1.2259916e-05 2.1217324e-05 5.8387664e-06 4.9339377e-07 1.987264e-06
0.83195186 0.010203575 0.14320342 0.17171107 0.15747127 0.182056 0.39927614 0.9821536 3.9049577e-16 0.92026913 0.7917069 0.098723374 0.0034400397 0.00046666563 0.0057285847 0.0075187986 1.6647713e-05 0.93380284 0.23090735 0.000101713085 0.017377652 0.00013038391 0.00022564614 0.6694352 0.054522682 1.4590228e-05 0.58040106 4.392109e-06 5.6921246e-05 0.5766148 1.2737557e-06 5.3426276e-05 0.002000198 5.2251485e-06 0.001153556 2.2168106e-05 0.0020705475 4.630991e-06 0.0008368486 0.27672702 1.3448847e-06 9.4247425e-06 0.0011128125 0.07593212 2.6142927e-06 8.019091e-06 3.270084e-05 4.948418e-07 2.4037104e-07 1.413373e-05 1.1485004e-06 1.9075887e-05 0.0061695552 0.0062880595 1.0545461e-05 1.76548e-05 3.0029007e-08 6.740449e-08 1.6344574e-06 2.8027397e-08 1.5535764e-07 3.0186236e-08 7.837767e-06 4.836103e-07 1.1988394e-05 5.1227676e-07 2.8690175e-07 3.5965213e-06 2.267348e-08 2.4893342e-07 4.692697e-05 7.684335e-09 5.400619e-06 2.9925895e-09 1.1601391e-05 2.4090011e-06 3.8104227e-07 8.759139e-05 1.951622e-08 3.3207283e-07 1.8668493e-08 3.7851107e-05 0.00011560852 1.05772074e-07 3.5248213e-05 0.0008387762 3.928154e-06 0.00031619766 1.6733122e-07 2.0708495e-07 1.1431596e-07 1.2583286e-07 2.2914412e-07 1.3514908e-06 8.434956e-09 4.1712002e-07 1.6318407e-06 2.7933095e-06 6.2443037e-06 6.7349464e-07 9.829254e-06
0.83109725 0.00688847 0.43765178 0.20790176 0.05382234 0.012153945 0.9816909 0.29676554 0.92026913 6.4133104e-15 0.12413143 0.48509243 0.0670522 0.006461277 0.09922874 0.14266829 0.00023051239 0.94366217 0.01202959 0.00036956323 0.0003815991 0.0009221396 0.003119124 0.124930404 0.6562658 0.00015689086 0.87064 2.5352867e-05 3.1665197e-05 0.8077787 1.576085e-05 7.558718e-05 0.0012379981 1.5092586e-05 0.0008033934 7.154597e-06 0.021467853 0.00014111245 0.00028906472 0.25176916 5.6067333e-06 5.311957e-05 0.00051503425 0.21348926 8.4509564e-05 9.9572695e-05 2.4555624e-05 1.6050246e-05 2.8832023e-06 1.4573013e-05 5.6508186e-05 0.0007598274 0.03611968 0.0018456384 1.5053932e-05 1.2747798e-05 8.1499303e-07 2.2111085e-06 4.537677e-07 1.8091957e-07 4.906539e-07 3.2740095e-07 2.715438e-05 5.665695e-07 0.00011130756 1.3744165e-06 1.2198424e-06 0.000104028266 1.3218245e-07 1.4747424e-07 0.000101664016 9.884191e-09 1.1794024e-05 1.5541683e-08 7.2731527e-06 8.2992364e-07 4.2001307e-06 0.00042394298 4.393646e-08 5.8909613e-06 4.6861584e-07 3.3363052e-05 0.0005866177 7.730801e-06 0.00015347778 0.0015959209 8.745671e-06 0.0005356022 6.8128056e-06 6.975664e-06 6.8918105e-08 1.4071801e-06 3.9698707e-06 3.5645382e-07 3.3582222e-07 7.4141546e-08 5.4303964e-05 3.9933443e-06 2.9142093e-05 8.980626e-07 7.340022e-05
0.83465046 0.0016751335 0.0010174123 0.0049590175 0.07857456 0.47574964 0.007718798 0.9866215 0.7917069 0.12413143 3.2401882e-17 0.0027419187 0.0002658523 0.00012793804 0.00059661974 0.00067135534 6.0543334e-06 0.5090421 0.89956 9.479621e-06 0.64644504 1.3966989e-05 2.0043224e-05 0.90876406 0.002223619 1.837039e-06 0.10291385 1.4293298e-07 0.018292587 0.06772852 1.01430366e-07 0.001291167 0.07854569 2.0767392e-07 0.03753629 0.0021400463 0.00022502466 2.530383e-07 0.011930438 0.259405 2.5310084e-07 1.1599847e-06 0.006405595 0.0229287 3.8887944e-07 4.3595983e-07 0.0005425981 5.98377e-08 9.578137e-08 0.0005445496 1.3506745e-07 6.211358e-06 0.00079506973 0.028575651 0.00019588611 0.000612121 1.376607e-08 1.2734107e-08 2.979506e-06 1.3806512e-08 6.272109e-08 1.3134123e-08 8.019212e-08 1.8183565e-07 9.719169e-06 9.365594e-05 0.000107782216 7.58676e-07 2.7549646e-08 9.736916e-08 0.0008151917 1.7572917e-08 3.7211077e-05 6.9287642e-09 2.3978982e-06 8.983517e-06 5.204616e-07 0.0014225163 1.5399692e-08 1.1685408e-06 9.027665e-09 4.6763525e-06 0.0016472643 1.0891317e-07 3.1206517e-05 0.0011904519 7.5455273e-06 0.0011906716 1.147161e-05 1.4810608e-07 4.135029e-08 2.8591353e-07 8.776514e-07 1.6777825e-08 5.484074e-09 1.1630964e-06 2.8321695e-06 8.8737477e-07 0.00019881189 6.962215e-07 1.3245843e-05
0.19281892 0.0032763353 0.8466327 0.085591555 0.0005735565 0.00052728417 0.95758015 0.008268687 0.098723374 0.48509243 0.0027419187 6.2520155e-13 0.9821838 0.39907524 0.96313584 0.78520936 0.0328494 0.1269177 0.0005608657 0.030773005 1.8513994e-06 0.11564644 0.20278612 0.0014073125 0.28939375 0.0046447273 0.19961937 0.0013254437 2.878433e-06 0.10251377 0.0016673094 2.610171e-05 3.2107917e-05 3.642338e-05 4.127621e-05 1.0924294e-05 0.010095804 0.00024409243 2.3669452e-05 0.0051970775 6.157005e-06 3.1655505e-05 3.1640804e-05 0.03199954 1.4052377e-05 8.314947e-05 1.973269e-05 3.829224e-05 1.1954326e-05 2.73906e-06 4.0907486e-05 0.0002758206 0.0042782687 2.6125394e-05 5.8194873e-06 1.7400325e-05 1.7566267e-06 4.7184353e-06 2.3448955e-07 1.8283665e-06 4.644552e-06 9.134935e-07 0.00010683162 4.663077e-06 8.533738e-06 2.2969691e-06 2.1840222e-07 9.785249e-06 1.686939e-06 6.656764e-06 3.0113288e-06 6.202388e-07 1.0658428e-05 4.40601e-07 6.57498e-05 1.7513668e-05 9.747387e-06 1.1982438e-05 3.1267015e-07 1.144205e-06 2.2993196e-05 1.3257262e-06 2.0330805e-05 1.4673171e-05 2.6421581e-05 1.8081748e-05 2.277588e-06 4.118296e-06 5.378731e-07 7.643041e-07 6.3269596e-08 2.5747474e-07 8.687837e-08 6.938128e-07 1.3234038e-07 1.0635992e-08 3.234831e-06 3.761583e-05 3.635208e-08 6.785976e-07 9.293995e-07
0.05828647 0.0008646799 0.040054087 0.022361323 0.000120207755 4.800606e-05 0.3640121 0.00091487716 0.0034400397 0.0670522 0.0002658523 0.9821838 1.0591716e-12 0.96589476 0.9536305 0.30941406 0.38888445 0.028312106 0.00010197882 0.5197925 4.715073e-07 0.6245697 0.5959649 0.00017334249 0.25297073 0.08187865 0.18818879 0.095741436 2.8459443e-05 0.08351231 0.026718307 0.00024454025 4.1031224e-05 0.0003605784 0.00015196974 1.5526255e-05 0.054131117 0.0024836008 1.8598841e-05 0.0027494177 3.0554373e-05 4.6033147e-05 2.2857841e-05 0.034186445 4.6692116e-05 0.00028254444 3.818705e-06 0.00026376933 0.00061678485 1.3861159e-06 3.754426e-05 0.00034013696 0.0089932 2.1301279e-05 2.3362784e-06 7.663956e-06 2.8982007e-05 1.3598465e-06 3.561178e-05 4.1200062e-07 6.2978266e-05 6.089117e-06 0.000622133 6.158412e-05 5.746872e-05 8.9815427e-07 2.1507928e-08 1.5074518e-05 4.014839e-06 5.240409e-06 1.6660102e-05 3.1727056e-06 7.2142507e-07 3.6362378e-06 0.0012374321 3.1481381e-06 9.5235094e-07 5.4522745e-05 2.4184299e-06 1.5280996e-07 2.6715776e-05 7.023864e-05 0.00021573667 2.9826194e-06 4.9886374e-05 0.00011901835 3.7354147e-07 3.434698e-05 9.0314535e-07 9.820919e-07 6.2213886e-08 2.4469398e-06 2.88709e-06 1.7013733e-06 1.0465077e-06 1.193492e-08 9.3092485e-06 0.00020526553 6.165599e-07 1.5652978e-06 7.761067e-06
0.0050310493 0.00017122418 0.025141751 0.0006544027 1.1654297e-05 2.5686382e-05 0.06287952 0.0002580132 0.00046666563 0.006461277 0.00012793804 0.39907524 0.96589476 2.361639e-15 0.42039612 0.028827634 0.99971753 0.004687355 6.8642807e-06 0.060213022 5.4572837e-07 0.48028174 0.1328384 0.00011602502 0.022580298 0.015611437 0.015949875 0.052031726 9.44026e-06 0.0079418775 0.054940272 8.866164e-06 2.4685808e-06 0.00021744902 3.3749704e-06 7.609089e-06 0.013725789 0.0006275389 3.7078432e-06 0.00033698123 2.946388e-05 4.733441e-05 2.2546544e-06 0.002581743 1.4977162e-05 4.6281544e-05 3.014041e-06 5.954939e-05 8.2707134e-05 8.5221603e-07 1.8986446e-05 6.266762e-05 0.0003642968 2.5502256e-06 1.8937666e-06 4.6371383e-06 4.9635973e-06 1.9350537e-06 5.714179e-05 3.764987e-06 2.6867805e-05 3.5846224e-06 8.917714e-06 6.995135e-06 3.489011e-06 5.4347174e-07 4.2320167e-07 2.0123928e-06 1.2735348e-06 1.4372578e-05 3.2498153e-06 2.2339489e-06 1.2206209e-06 1.6297894e-06 1.5016986e-06 1.6879827e-05 1.1937728e-07 1.4108755e-06 2.783354e-06 2.6283043e-08 1.9497313e-05 1.6280852e-06 8.93657e-06 9.714355e-07 1.6348355e-05 1.2554511e-06 6.518601e-07 3.1573359e-06 3.7132533e-08 1.9065992e-07 1.4844758e-07 1.2791827e-06 4.71178e-08 8.5920976e-07 3.4197527e-08 8.6351335e-09 2.3826651e-07 7.855304e-07 5.3741186e-08 1.1222775e-06 9.328296e-09
0.66776764 0.0014464584 0.17305687 0.04826934 2.4170935e-05 0.00011270042 0.34474865 0.00061364245 0.0057285847 0.09922874 0.00059661974 0.96313584 0.9536305 0.42039612 4.0397447e-14 0.9902735 0.1375097 0.036004987 0.00047831924 0.6076161 1.649232e-06 0.59261966 0.8327604 0.0004632531 0.75029826 0.29198915 0.25485232 0.04232182 2.4884382e-06 0.16995303 0.078924075 1.6511325e-05 2.451601e-05 0.0064683887 1.3689438e-05 5.8075534e-07 0.11938394 0.009117803 4.480573e-06 0.008050569 0.00039386857 0.0016318377 4.7489953e-05 0.06593193 0.0005835535 0.0021887808 3.3763226e-06 0.0002876504 0.0003559789 2.1021403e-06 0.00043292687 0.0037982168 0.026228454 8.133765e-05 4.8691013e-06 9.863377e-06 8.7567925e-05 9.594351e-05 7.0145084e-08 4.147816e-05 5.562155e-05 2.3758761e-05 0.0017079224 4.9448285e-05 2.5293097e-05 4.2593393e-07 1.0397624e-07 0.00076264667 7.562031e-06 7.704342e-06 3.3628614e-06 1.0919299e-06 1.0684482e-05 5.5706266e-07 1.9232122e-05 1.1441631e-05 3.414514e-05 0.00012226844 5.4652156e-07 3.9323874e-07 7.1461623e-06 6.5206373e-06 0.00012827145 4.169174e-06 8.761378e-05 0.00031602674 1.7214663e-06 5.2159554e-05 1.9353565e-06 2.1603375e-06 2.3300945e-08 5.7566353e-07 8.6530895e-07 3.416449e-07 2.826278e-07 2.5931392e-08 0.000112470865 7.376357e-05 2.3261924e-07 1.9930376e-06 6.559601e-06
0.94285125 7.8086145e-05 0.03237386 0.00323209 2.490405e-05 7.7649645e-05 0.28008187 0.00091225683 0.0075187986 0.14266829 0.00067135534 0.78520936 0.30941406 0.028827634 0.9902735 5.837136e-15 0.0008555904 0.194721 0.0002603162 0.0070483494 1.00262e-06 0.027527362 0.32476726 0.000739455 0.94869775 0.06277409 0.86411774 0.0003728342 1.1562813e-06 0.7827411 0.0010915614 8.467252e-07 0.00023507095 0.00019768057 0.000120186436 3.51936e-07 0.33851838 0.0038319712 3.0276262e-05 0.06849239 4.5038716e-05 9.495931e-05 1.4159336e-05 0.49723673 0.0003462074 0.002028715 2.343323e-06 0.000102960046 4.267105e-05 1.7589871e-06 0.00050686713 0.007691631 0.24179915 0.001275707 1.6728153e-06 2.3935936e-06 5.2996484e-06 4.984633e-05 8.91225e-09 4.8291095e-06 5.417973e-06 6.047902e-07 0.00045829552 4.6576015e-06 5.080377e-07 4.845029e-06 2.198822e-06 0.0024798813 9.276828e-08 5.2914896e-07 0.0001841751 1.684166e-08 1.1333379e-05 1.3154806e-08 6.39807e-07 8.1687847e-07 3.2060096e-05 0.002386511 2.1516719e-07 4.4856242e-07 1.9960944e-06 1.825988e-06 0.0019926338 6.171414e-06 0.0010460631 0.007622722 1.645176e-06 0.0013143233 1.7559007e-05 6.2423032e-06 1.1812691e-08 2.185507e-06 4.8084774e-05 7.310188e-08 1.488404e-07 1.0037949e-08 0.00011654181 3.8453072e-07 0.00012880664 9.671431e-08 1.5097093e-05
0.00023365793 3.5938472e-06 0.00024983397 1.1385964e-05 1.2590218e-06 7.720243e-08 0.0012409887 6.733716e-06 1.6647713e-05 0.00023051239 6.0543334e-06 0.0328494 0.38888445 0.99971753 0.1375097 0.0008555904 9.027623e-18 6.0908915e-05 9.835338e-08 0.9984431 1.1073043e-08 0.44109 0.03481971 1.9023121e-06 0.0016141552 0.0071929717 0.00013476194 0.052149512 6.477361e-07 4.8865437e-05 0.021277918 4.088461e-06 9.048684e-08 0.00022498259 7.306453e-08 1.2736914e-06 0.0010809881 0.00011570348 2.7550553e-07 3.976115e-06 2.3008244e-05 4.355746e-05 2.1031877e-07 6.460858e-05 4.2655105e-05 6.683345e-05 5.065945e-07 7.889784e-06 5.2516578e-05 1.9293532e-07 3.9595748e-06 3.4978515e-05 5.719648e-05 2.5080806e-07 5.947538e-07 1.2686023e-06 7.0675087e-06 1.0527621e-06 8.496092e-06 1.4917342e-06 2.2526998e-05 3.8426697e-06 3.857634e-05 2.971976e-05 3.395958e-07 1.864441e-07 5.651063e-08 2.0268922e-06 1.0388125e-06 5.4449656e-06 9.231572e-06 5.477107e-07 4.471709e-07 1.0170959e-06 1.3467966e-05 1.5075899e-05 2.666207e-07 6.6467e-07 2.594876e-06 1.7737586e-08 2.9982377e-05 2.9562474e-07 8.915681e-06 1.4505782e-06 6.651465e-06 6.873993e-07 2.6402324e-08 1.4316072e-06 1.6487453e-09 8.6359115e-08 5.7799017e-08 1.2586334e-07 3.3286916e-08 3.5152138e-07 1.2403095e-07 8.127909e-09 6.433902e-07 5.840512e-07 2.2090945e-09 3.493987e-07 7.439106e-10
0.900377 0.002315286 0.22715977 0.03484619 0.05805446 0.076768264 0.6299751 0.39298993 0.93380284 0.94366217 0.5090421 0.1269177 0.028312106 0.004687355 0.036004987 0.194721 6.0908915e-05 6.080087e-12 0.057591427 0.00048497674 0.002546663 0.0010074476 0.010217665 0.18327533 0.2822717 0.0014562642 0.9459368 0.00013649686 0.0004574233 0.9432367 5.5041157e-05 3.610455e-05 0.0027670718 7.663098e-05 0.002650656 0.00022124818 0.016856544 7.835955e-05 0.0010749244 0.5885304 8.249999e-06 3.3365402e-05 0.0009632123 0.37852398 4.091131e-05 6.271019e-05 0.00013240849 1.7004495e-05 4.899509e-06 8.829716e-05 1.2621889e-05 0.0004054119 0.032428723 0.0033397686 6.8452355e-05 0.00013971153 1.8357132e-06 2.5950815e-06 1.1519399e-05 4.362131e-07 5.320553e-06 2.3101292e-07 0.0002592509 9.763245e-07 1.3071314e-05 2.6421154e-05 2.68959e-05 6.436915e-05 2.7135582e-07 2.6151706e-06 0.00035741137 4.8485784e-08 4.67e-05 1.5802607e-08 5.456011e-06 1.2373482e-06 5.3820536e-06 0.00096288807 7.027203e-08 1.1842929e-05 1.2233794e-06 2.9683601e-06 0.00063184614 1.7478637e-06 7.676923e-05 0.0033742515 5.242646e-05 0.0018177689 0.00011537788 9.635536e-06 5.1085514e-09 7.854858e-06 1.3944921e-05 6.7876454e-07 6.7213114e-07 2.4482176e-07 3.753302e-05 4.543244e-06 8.940446e-05 2.4977987e-06 7.3125564e-05
0.7446612 0.00038884036 0.00050823233 0.00036668495 0.013255511 0.7129556 0.001200388 0.37036696 0.23090735 0.01202959 0.89956 0.0005608657 0.00010197882 6.8642807e-06 0.00047831924 0.0002603162 9.835338e-08 0.057591427 1.6393338e-14 2.971184e-06 0.9959448 1.0652829e-05 1.0463645e-05 0.90799254 0.0014564614 2.1981435e-07 0.058589395 5.4759973e-08 0.069582485 0.05374627 2.7608945e-07 0.010825382 0.40497857 3.3842545e-07 0.26979616 0.020755947 0.0005330025 1.4681582e-05 0.116772115 0.30955705 4.02939e-07 1.0944132e-06 0.145717 0.04164702 8.248143e-06 1.3553806e-05 0.009028205 4.03568e-06 6.1892223e-07 0.004280578 8.463357e-06 6.489133e-05 0.007951104 0.1594344 0.0016705779 0.004546582 2.687813e-07 2.1025842e-07 8.8819e-05 5.386405e-07 5.025424e-07 3.9710875e-07 0.000101466416 3.2281852e-07 2.891372e-06 0.0011504749 0.0028806808 2.283579e-05 1.0056831e-07 5.937085e-06 0.0024902083 4.6171834e-08 0.00022495387 9.595344e-08 0.00023150753 1.6366637e-05 2.2498216e-06 0.004781409 6.6484495e-07 1.7220469e-05 7.712557e-07 7.257407e-07 0.0073094815 1.1431259e-05 3.3842996e-05 0.0019878254 6.6871246e-05 0.0013741086 3.958455e-05 1.3744787e-05 2.8675307e-08 7.479089e-05 6.2156723e-06 1.4426057e-06 1.8953601e-06 8.726563e-09 2.5449885e-05 1.2840044e-06 0.00055174757 5.705856e-06 2.0695683e-05
0.012103052 1.865866e-05 0.00041009922 1.7618739e-05 3.5024964e-06 2.753583e-06 0.0019808186 2.5640982e-05 0.000101713085 0.00036956323 9.479621e-06 0.030773005 0.5197925 0.060213022 0.6076161 0.0070483494 0.9984431 0.00048497674 2.971184e-06 2.4011026e-13 1.1190504e-07 0.96610755 0.38903338 8.859976e-06 0.020221448 0.20721933 0.0021607198 0.79441744 9.890608e-06 0.000880913 0.27207845 4.593734e-06 8.4124787e-07 0.0033769524 9.1066477e-07 1.29699765e-05 0.022723325 0.017172638 2.5909565e-06 7.634613e-05 0.0007829968 0.0010664182 1.2151783e-06 0.0011231562 0.0019680464 0.0038998902 2.6734676e-06 0.00042610077 0.0016392382 4.8724803e-07 0.0005157595 0.0013177586 0.0013650714 4.39626e-07 7.6618693e-07 8.952697e-07 0.00012868106 0.00019152749 6.8252784e-06 1.754622e-05 0.000273882 5.716507e-05 0.00029071546 0.00020576375 2.3599255e-06 1.6733642e-06 2.1820361e-07 0.00018777787 6.392871e-06 7.3475574e-05 3.098146e-06 2.7150606e-06 5.4339137e-07 2.913249e-06 0.00024358154 1.785368e-05 1.0331728e-06 5.134798e-06 9.300507e-06 4.8452687e-08 0.00011746201 2.986208e-06 5.5049502e-05 1.1019522e-05 0.00013306623 5.215647e-05 1.5594406e-06 7.622384e-05 4.7912497e-08 8.223445e-07 7.099728e-07 9.091467e-06 2.1225833e-06 4.389084e-07 1.8532701e-06 7.62013e-07 1.0289423e-05 9.0354215e-06 3.0836358e-07 4.407714e-06 2.8608932e-08
0.7695483 0.00016383073 3.9457766e-05 3.0548952e-05 0.0024043743 0.8050749 6.9206462e-06 0.04448833 0.017377652 0.0003815991 0.64644504 1.8513994e-06 4.715073e-07 5.4572837e-07 1.649232e-06 1.00262e-06 1.1073043e-08 0.002546663 0.9959448 1.1190504e-07 3.7123744e-16 1.1091437e-07 3.6264268e-08 0.5873228 3.1516487e-05 3.1185863e-09 0.0041427403 1.5012976e-08 0.97112656 0.004153596 5.7169096e-09 0.076542795 0.5503214 3.1220996e-08 0.3685155 0.09828803 1.1688859e-05 3.7487712e-08 0.24937482 0.10809041 7.217501e-08 3.800006e-08 0.3702548 0.0059405128 5.206996e-08 7.782248e-08 0.060832918 1.9222227e-08 5.213443e-09 0.024325931 6.865191e-08 1.5405517e-07 4.209721e-05 0.34566763 0.00858779 0.012150637 4.039093e-09 1.5814207e-09 0.0005944607 3.1037926e-09 1.0699705e-07 2.6742588e-09 6.603106e-07 1.7099008e-07 5.191368e-06 0.0026423032 0.0073762415 3.4365442e-08 7.879253e-09 2.991762e-09 0.004866602 2.1320075e-09 0.00047088004 9.392636e-10 5.528491e-06 1.1332002e-06 4.509031e-08 0.007413944 2.468131e-08 9.7464814e-05 9.981023e-08 1.6273269e-05 0.007695608 1.1171864e-07 1.2936825e-06 0.00056037266 9.748684e-05 0.0011002161 4.1872147e-05 1.2363014e-07 1.786866e-08 4.5895678e-07 3.806337e-07 1.7649674e-08 2.99352e-09 7.348232e-10 7.312465e-07 2.6840678e-07 0.00065799477 2.6018686e-08 3.720948e-05
0.12566447 3.7401634e-05 0.008629784 0.00039912527 8.6224117e-07 9.919203e-06 0.00335206 4.4786822e-05 0.00013038391 0.0009221396 1.3966989e-05 0.11564644 0.6245697 0.48028174 0.59261966 0.027527362 0.44109 0.0010074476 1.0652829e-05 0.96610755 1.1091437e-07 8.143573e-15 0.97828245 4.5740626e-06 0.07348924 0.75492054 0.004686749 0.82187605 9.438998e-08 0.0036407183 0.7356871 8.1776474e-05 5.1605537e-07 0.09401177 6.8844696e-07 6.9781315e-08 0.06908465 0.076196186 1.2705534e-07 0.0003756924 0.018430287 0.044264007 9.570326e-07 0.003361635 0.005890734 0.008424045 3.7906295e-07 0.0026788784 0.006177895 3.20482e-07 0.0027590997 0.005317959 0.007974645 1.3518014e-06 4.206386e-07 1.6650411e-07 0.0008625666 0.00067749707 1.2877022e-07 0.00016157469 0.0005193329 0.0002870508 0.007854492 0.00039245895 8.053702e-06 5.099585e-07 8.647759e-09 0.0010099955 1.0115458e-05 7.0522554e-05 4.4719454e-06 2.199321e-06 1.8297155e-07 2.3968053e-06 0.00017802187 8.066177e-06 8.860737e-06 2.585365e-05 1.1455633e-06 3.6119925e-08 3.5702164e-05 1.1232727e-05 0.00010551794 7.421067e-06 8.659098e-05 0.000107667256 8.7083436e-08 5.3747113e-05 2.880436e-07 1.9792276e-06 2.0539924e-08 9.354739e-07 4.834915e-06 2.817508e-07 4.3314014e-07 4.1501582e-07 3.1787855e-05 0.00014651504 5.044544e-07 6.8414494e-07 2.1407268e-06
0.87697154 2.4062103e-05 0.003376117 0.00036724267 4.856813e-07 1.6015224e-06 0.0071336236 4.8169502e-05 0.00022564614 0.003119124 2.0043224e-05 0.20278612 0.5959649 0.1328384 0.8327604 0.32476726 0.03481971 0.010217665 1.0463645e-05 0.38903338 3.6264268e-08 0.97828245 4.588558e-14 3.3441604e-05 0.8515508 0.9563085 0.2038956 0.29128927 6.366313e-08 0.18677515 0.4204947 1.3169506e-06 2.0966563e-06 0.03191702 2.3705948e-06 1.07172895e-07 0.59613657 0.41752353 2.0087093e-06 0.015193294 0.005152745 0.014433712 1.7571579e-06 0.21126406 0.011414891 0.060202044 2.409788e-07 0.011211186 0.005708842 6.988464e-07 0.024670871 0.044805136 0.2590671 0.0001377269 1.0437278e-06 8.605842e-07 0.00040857444 0.0029938933 4.668089e-09 0.00080996286 0.0006096291 8.3287e-05 0.0022448679 0.00014711906 3.7731647e-06 5.3228644e-07 3.881079e-08 0.013689093 1.3781381e-05 6.308081e-05 2.5365784e-05 1.2028952e-06 4.1906324e-06 2.9070711e-06 3.4899695e-06 1.6282771e-05 0.00011566917 0.0004691066 1.9930812e-06 3.6447005e-07 1.8196699e-05 8.627261e-06 0.00064004265 1.2331797e-05 0.0005699194 0.0023794433 1.6663414e-06 0.00031710268 3.9259894e-06 1.5490185e-05 2.3372342e-08 3.0455328e-06 3.0751577e-05 1.318478e-07 1.4551994e-06 9.183657e-09 0.0002273749 3.0906324e-06 1.6294329e-05 3.7409762e-07 1.976978e-05
0.96558934 0.0007751455 0.010956849 0.0051878197 0.049914982 0.6119172 0.007925972 0.46929514 0.6694352 0.124930404 0.90876406 0.0014073125 0.00017334249 0.00011602502 0.0004632531 0.000739455 1.9023121e-06 0.18327533 0.90799254 8.859976e-06 0.5873228 4.5740626e-06 3.3441604e-05 5.9576726e-14 0.0049548717 8.3039305e-07 0.23686662 4.454447e-06 0.066757135 0.28951183 2.7866355e-07 0.0014024508 0.4576721 2.8883294e-06 0.48639652 0.004772057 0.004114457 2.2240981e-06 0.18142168 0.95774144 3.0399366e-07 1.4962094e-06 0.08076179 0.20186408 9.049564e-06 7.2688736e-06 0.0029971302 9.1429433e-07 2.7829967e-07 0.0015951587 1.6532083e-06 3.401186e-05 0.021420954 0.21034949 0.001101676 0.0040656435 9.50224e-08 1.4132098e-07 7.4465715e-05 4.930402e-08 1.14610685e-07 2.678661e-08 0.00025650606 2.455321e-07 5.3156236e-06 0.00024375024 0.00058539014 3.3628985e-05 6.319084e-08 5.1095503e-07 0.0073998803 2.8003084e-08 0.000275231 6.044206e-09 0.0001772181 1.3782005e-06 6.8561094e-06 0.013044989 1.4275296e-08 0.00010252188 1.0162208e-07 6.6394336e-05 0.0077128336 1.383935e-06 0.0002509879 0.012254202 0.00021116645 0.00529931 0.0007416167 4.8426637e-06 7.350843e-09 1.6928989e-06 2.7809225e-05 1.879411e-06 2.0656444e-07 1.2052445e-06 7.527971e-05 7.288376e-05 0.0008053749 5.8267347e-06 0.00014227619
0.9703162 3.0966796e-05 0.04936689 0.0068799746 6.561966e-06 3.3126928e-06 0.2285198 0.0030123747 0.054522682 0.6562658 0.002223619 0.28939375 0.25297073 0.022580298 0.75029826 0.94869775 0.0016141552 0.2822717 0.0014564614 0.020221448 3.1516487e-05 0.07348924 0.8515508 0.0049548717 7.658684e-13 0.7237283 0.70516527 0.006883634 1.1830411e-05 0.6307426 0.07095293 1.9284962e-05 8.279687e-05 0.008141107 0.00019898129 3.6071733e-06 0.8638582 0.42957714 0.0001340186 0.07720291 0.00094973575 0.0016432184 4.0153467e-05 0.8366242 0.010986475 0.042837944 1.1710404e-05 0.0012494237 0.0017000833 2.344616e-05 0.0029260144 0.06424417 0.6613805 0.0002516609 6.231252e-06 4.4269577e-06 9.715051e-05 0.0003625011 1.00809906e-07 5.8458394e-05 0.00027081565 2.9679e-05 0.00066090724 0.00017733239 9.126361e-06 1.5883502e-06 9.239812e-07 0.007216732 3.0991746e-06 0.0001881265 5.891846e-05 1.4405272e-06 1.0030348e-05 5.3942597e-07 4.466262e-05 0.00012462326 3.2327327e-05 0.0002846923 5.440582e-07 3.7037398e-06 8.7069944e-05 5.0579347e-06 0.0003812522 9.683956e-06 0.00039091863 0.008276655 1.8014473e-06 0.0018140923 4.3158238e-05 6.399608e-05 1.108678e-06 4.2946253e-05 2.4393405e-05 1.8985822e-06 1.5519623e-05 9.949718e-08 9.0211506e-05 5.944649e-06 7.482253e-06 1.8148934e-05 2.790023e-05
0.9798727 2.9783869e-06 0.00029508947 4.857263e-05 4.5728278e-08 3.4037654e-07 0.00020491736 7.5584544e-06 1.4590228e-05 0.00015689086 1.837039e-06 0.0046447273 0.08187865 0.015611437 0.29198915 0.06277409 0.0071929717 0.0014562642 2.1981435e-07 0.20721933 3.1185863e-09 0.75492054 0.9563085 8.3039305e-07 0.7237283 3.8248196e-14 0.06507349 0.32193184 4.061258e-08 0.048813295 0.9241032 1.7349349e-06 1.1031325e-06 0.19161637 2.5478394e-07 9.301137e-08 0.7641858 0.82602775 4.809151e-07 0.0050528483 0.018005364 0.06174838 3.121592e-07 0.2197681 0.073000215 0.26233444 2.6279145e-07 0.07377072 0.061106045 4.4361565e-07 0.11900615 0.09470879 0.3645822 6.3288826e-05 8.7547295e-07 6.00256e-07 0.004234547 0.015058484 1.028107e-08 0.0057848594 0.0027115305 0.00083824876 0.015222302 0.0009314537 1.1134993e-06 3.2945405e-07 6.8553504e-08 0.090110764 2.1397054e-05 0.00034752546 2.5030628e-05 4.3984383e-06 1.6047707e-05 6.006697e-06 0.00016775924 0.00016817971 0.0008533186 0.001288236 8.318416e-06 3.2227358e-06 0.0003433832 7.82431e-06 0.0011669619 6.287552e-05 0.002394513 0.009993292 2.2855693e-06 0.0013357163 7.352885e-05 0.000117706026 3.5964956e-07 1.3348739e-05 0.00012922016 3.505828e-06 5.0534168e-06 1.5253056e-07 0.0009864351 1.9765746e-05 7.554999e-05 5.7322977e-06 3.699686e-05
0.9453787 0.00040176354 0.091305956 0.02638422 0.0010548424 0.0009764013 0.55286103 0.12353969 0.58040106 0.87064 0.10291385 0.19961937 0.18818879 0.015949875 0.25485232 0.86411774 0.00013476194 0.9459368 0.058589395 0.0021607198 0.0041427403 0.004686749 0.2038956 0.23686662 0.70516527 0.06507349 1.7547226e-12 0.00023445347 0.000120744095 0.89108104 0.002946679 1.1695012e-05 0.0007374616 0.00067288504 0.0027318422 3.3058648e-05 0.26443678 0.0011719817 0.0009481742 0.4663835 6.119713e-05 0.0002186074 0.00029872966 0.91701305 0.00024129976 0.0007923875 5.561338e-05 0.00011999357 2.792118e-05 8.5978856e-05 0.00015230474 0.007978582 0.2118698 0.0020332949 4.506944e-05 9.950872e-05 4.600139e-06 1.9282423e-05 9.921316e-07 3.6351391e-06 1.5367925e-05 6.434171e-07 3.2742533e-05 1.009573e-05 9.408649e-06 9.000599e-06 1.2199093e-05 0.00039185272 1.3521128e-07 3.7740067e-06 0.00024680042 2.238629e-07 1.18609905e-05 3.425785e-08 2.3333414e-06 7.092518e-06 8.533006e-06 0.0010937273 4.055097e-08 4.05582e-06 1.1079729e-06 6.439654e-05 0.0007243864 7.0379036e-07 0.00013435069 0.0052620186 2.294111e-05 0.0028375785 7.705569e-06 4.0244304e-06 6.272824e-07 3.8220896e-06 3.1410011e-06 2.5459522e-07 2.0432968e-07 4.6721289e-07 3.819069e-06 1.2496957e-06 3.4655506e-05 4.447749e-06 6.1479755e-06
0.08065555 1.8986094e-06 0.00014958714 8.218031e-06 2.2443899e-07 3.865111e-06 3.7165828e-05 1.1436275e-05 4.392109e-06 2.5352867e-05 1.4293298e-07 0.0013254437 0.095741436 0.052031726 0.04232182 0.0003728342 0.052149512 0.00013649686 5.4759973e-08 0.79441744 1.5012976e-08 0.82187605 0.29128927 4.454447e-06 0.006883634 0.32193184 0.00023445347 7.375873e-12 9.338677e-07 0.0003150944 0.9897601 7.101666e-05 1.1501895e-06 0.95068413 5.338619e-07 0.0001630321 0.027625054 0.09481781 5.4710773e-07 1.22987485e-05 0.052086115 0.1493907 3.263621e-06 0.0007016827 0.0025607103 0.0096386755 1.6487847e-05 0.0022246924 0.0070123826 1.179988e-06 0.0029322086 0.004181066 0.0033895702 1.8671448e-06 5.469447e-06 2.0574746e-06 0.00018711519 0.00013529081 2.1395329e-06 0.000101777994 0.0006087965 6.2520114e-05 0.0034893726 0.0007125885 2.516038e-06 2.7322224e-06 8.23067e-07 0.00019406628 3.4718094e-05 0.0004802332 2.159744e-06 6.5546424e-06 3.2673547e-06 1.0206595e-05 0.0007971611 1.8387158e-05 4.7594035e-06 1.1357767e-05 5.8125147e-06 5.7805e-07 0.00031673303 2.529119e-07 0.0002166112 1.443168e-05 3.959607e-05 9.073541e-05 8.2016555e-07 5.389566e-05 6.7956637e-07 1.8913787e-06 2.2260842e-06 6.837281e-07 4.3345707e-07 6.0653956e-06 3.3344662e-07 2.2140903e-06 7.752685e-06 6.805958e-05 6.26011e-08 3.0763852e-06 3.461884e-07
0.6405586 0.0003205219 1.8399907e-05 7.2629526e-05 0.00020935434 0.27767143 4.763867e-06 0.0006536262 5.6921246e-05 3.1665197e-05 0.018292587 2.878433e-06 2.8459443e-05 9.44026e-06 2.4884382e-06 1.1562813e-06 6.477361e-07 0.0004574233 0.069582485 9.890608e-06 0.97112656 9.438998e-08 6.366313e-08 0.066757135 1.1830411e-05 4.061258e-08 0.000120744095 9.338677e-07 1.624684e-15 0.0007013977 1.8864598e-07 0.9940667 0.74110025 1.6928826e-06 0.30313274 0.8243927 3.7560176e-06 2.2429683e-06 0.19205622 0.038399942 5.026074e-06 1.1155267e-05 0.55535585 0.0018674806 4.6223035e-06 1.4251845e-06 0.13590287 1.1384906e-06 7.1964564e-06 0.04473724 1.8246562e-06 5.094737e-06 0.0001554809 0.31314406 0.026321702 0.011409492 2.1308726e-06 2.8758302e-07 0.0013815213 5.1982863e-07 5.3942345e-05 8.4974164e-07 7.747006e-05 2.0268128e-06 2.4712319e-05 0.0016373008 0.0037296738 2.7344431e-06 8.989023e-07 4.11982e-06 0.0024485248 2.608368e-06 0.00066195655 7.7937125e-07 0.0003268614 1.1247477e-05 6.5513173e-06 0.0023747447 5.1446063e-06 1.5481353e-05 3.9041302e-07 2.0112627e-06 0.002863672 1.7958255e-05 1.3027943e-05 0.00014392186 5.9414608e-05 0.00074231304 2.1590038e-05 4.8118195e-06 1.0786997e-07 1.6541175e-05 2.550255e-06 2.3420203e-06 3.7134362e-07 3.7186684e-08 5.9303824e-05 3.3183999e-06 0.00017871454 1.2742704e-05 1.7198148e-05
0.98285675 0.00019306962 0.11084086 0.014135449 0.0007424458 0.0024828832 0.51152456 0.18980671 0.5766148 0.8077787 0.06772852 0.10251377 0.08351231 0.0079418775 0.16995303 0.7827411 4.8865437e-05 0.9432367 0.05374627 0.000880913 0.004153596 0.0036407183 0.18677515 0.28951183 0.6307426 0.048813295 0.89108104 0.0003150944 0.0007013977 2.6066916e-12 0.0023338625 3.229971e-05 0.0052260286 0.0007565021 0.013854136 0.0001715164 0.2581244 0.0014693236 0.0019082468 0.61868846 4.479293e-05 8.51844e-05 0.00040650097 0.87481713 0.00024685057 0.0013630076 0.00018729462 8.947628e-05 5.7659043e-05 0.00014300873 0.00014837676 0.010387911 0.22465424 0.0031569612 7.3661926e-05 0.00017503006 7.000588e-06 2.8243248e-05 2.093709e-06 2.9003281e-06 6.126974e-06 5.726175e-07 4.127231e-05 1.2653756e-05 1.1036708e-05 6.464543e-05 9.314439e-05 0.00039304513 2.0231329e-07 1.5822651e-06 0.0012757168 2.5009606e-07 9.4285664e-05 2.3126542e-08 3.889238e-06 3.8082485e-06 2.8041077e-05 0.0045986115 2.6010303e-08 4.1756146e-05 8.163465e-07 0.00096562435 0.002648465 1.6247691e-06 0.00032011414 0.018970016 0.00048175408 0.011839418 0.00013325011 1.4344548e-05 7.062641e-07 1.5019831e-05 4.2856285e-05 3.244893e-07 7.741783e-07 2.1840506e-06 1.5844222e-05 2.5200436e-06 0.00028040315 1.7428842e-05 0.00014973329
