1.4279587e-17 0.010207789 0.7464674 0.001524008 0.634019 0.04981669 0.0078309765 0.20349489 0.10533964 0.35047907 0.15085216 0.046861 0.82708913 0.25241375 0.016448475 0.9145216 0.9455985 0.0060180826 0.243865 0.819417 0.035773907 0.9248143 0.9800341 0.9437207 0.9809989 0.9630219 0.24609077 0.19173573 0.86735094 0.60825783 0.83888805 0.71939856 0.92605454 0.7474388 0.84250486 0.76569074 0.91606146 0.1536383 0.92375445 0.9875228 0.6416812 0.93712676 0.9455383 0.97661513 0.07827953 0.19293928 0.117621735 0.9681228 0.9508112 0.9105869 0.9537201 0.856186 0.9837546 0.9875714 0.59595305 0.77796686 0.9717213 0.216718 0.8990455 0.8697407 0.95516866 0.9611696 0.0085354 0.92338806 0.024855187 0.87906206 0.76077986 0.9145854 0.9422994 0.9984538 0.8710024 0.9855718 0.8686886 0.99689007 0.74689513 0.015210467 0.91394705 0.8538475 0.08801733 0.98794115 0.56012595 4.0716535e-05 0.29255 0.09451541 0.9484617 0.7427119 0.30814788 0.004578292 0.9984868 0.9630401 0.94513494 0.03031756 3.0487656e-05 0.9971757 0.92912966 0.9859174 0.8540064 0.88554925 0.7750554 0.9999609 0.99969566
0.010207789 1.4818898e-15 0.918852 0.9815175 0.46982622 0.2203914 0.99200785 0.009567174 0.002961221 0.004404011 0.007882147 0.011835285 0.021712424 0.001712326 0.0027897826 0.025601156 0.017010475 0.09952154 0.0006351569 0.00058610877 0.00054905144 0.0011846381 0.011901511 0.008398985 0.0016113266 0.00011849962 8.652573e-06 0.00013882855 2.399647e-05 0.0006142151 0.001262159 1.9346378e-05 0.0072918143 0.00018196776 7.167696e-06 2.5608274e-06 4.200415e-06 1.82903e-05 4.0972627e-06 3.359981e-05 9.705748e-06 0.00061243196 1.5790903e-06 0.0015068438 1.11836225e-05 9.072991e-06 4.5198056e-05 9.5498486e-05 1.8818034e-06 0.00076319196 1.21693e-07 3.7782576e-07 0.00021388923 0.0005920288 3.8984695e-06 4.201118e-07 8.242666e-05 9.862038e-05 2.4205062e-06 1.7218867e-06 0.00020142227 3.473853e-05 8.565963e-06 8.2154406e-07 0.00012012822 2.9138423e-07 2.1919213e-06 2.220812e-05 6.0341763e-06 2.2351327e-05 2.0156032e-05 1.9071904e-05 9.675038e-06 5.8759106e-05 3.2287194e-06 2.3372532e-07 3.9560815e-05 1.2994192e-05 3.7866862e-06 0.0008715827 3.588436e-06 3.2723754e-06 7.023709e-07 4.0466423e-07 2.6673072e-06 2.2148853e-07 2.4460544e-05 3.0171344e-05 4.8615943e-06 4.215271e-06 6.316602e-06 6.7468255e-07 1.7440055e-08 1.3180261e-06 8.5659417e-07 2.2721028e-05 9.764362e-07 2.1822192e-05 1.0471362e-05 0.00059582427 1.5485177e-05
0.7464674 0.918852 1.3627249e-15 0.32649946 0.42789632 0.24406055 0.92101693 0.0064873328 0.0021982184 0.006775963 0.8990533 0.90631384 0.9706035 0.81068075 0.49125245 0.117683694 0.8155551 0.66821766 0.15096675 0.058311213 0.6532639 0.00021062762 0.5781278 0.012005516 0.34729195 0.020413285 5.8975693e-05 1.6203513e-06 0.0046330807 0.00056226825 0.0027990392 0.020718262 0.13177009 0.00018316983 0.0007130117 6.35879e-06 1.7223811e-06 0.0011342117 2.2274871e-05 0.0027061764 0.00013385931 0.00020758613 7.70737e-06 0.041838873 0.003420153 8.477003e-07 0.0002884245 7.005488e-05 7.163935e-05 0.005299975 5.8315595e-06 2.2490021e-06 0.0016784645 0.022840576 7.876702e-06 5.4457496e-06 2.4260353e-05 0.0046265135 2.4026845e-06 5.523848e-06 0.00024287152 3.4697743e-05 6.051531e-07 1.433382e-06 0.03516243 3.8082723e-07 1.1635939e-05 5.560413e-06 0.0001948392 0.0017157635 2.3533077e-05 7.89191e-05 5.2237183e-06 0.0001872666 4.544801e-07 2.124578e-06 2.6822e-05 1.7023822e-05 3.6163356e-06 0.0038918525 5.7175235e-08 5.4242598e-08 1.2132942e-06 1.6867403e-07 1.2951515e-06 1.8000889e-06 1.272393e-05 9.3260024e-07 2.448017e-05 7.607446e-05 2.0835934e-05 4.5081737e-07 5.7445014e-08 5.9305294e-05 8.693043e-08 8.732287e-06 1.9882893e-06 3.3975874e-05 1.658855e-05 0.0010136705 9.2152775e-05
0.001524008 0.9815175 0.32649946 4.4337946e-19 0.8584399 0.99989086 0.0007354154 0.4261555 0.7225788 0.12989 0.00022521745 0.00011789037 0.0021749185 7.906751e-05 1.532016e-05 0.03956162 0.0029642005 0.00025696296 3.5179287e-06 1.5969721e-05 4.193145e-05 0.013445098 0.001644577 0.012947602 0.00022600408 2.0552516e-05 0.0029928028 0.0005669439 6.752652e-05 0.0019635593 0.0009363781 3.8646026e-06 0.0042930227 0.00078220083 6.502151e-06 0.00011931519 7.3439664e-06 2.1827325e-06 1.043293e-06 6.318515e-05 1.9597578e-06 0.00053895114 2.3899943e-06 0.000896345 7.361585e-07 3.716607e-05 8.361214e-06 0.00037401903 1.596561e-05 0.0008703823 1.6891686e-06 1.2683979e-06 0.000120433695 0.0004042849 2.1425465e-06 1.0781089e-06 0.00012314187 2.4136798e-05 1.263209e-05 3.0358444e-06 0.00046650323 5.2965537e-05 2.0323381e-05 2.1572268e-06 1.6408037e-05 1.3924934e-07 1.36742765e-05 3.1194716e-06 4.6892343e-05 8.6019936e-05 6.0703172e-05 1.7248361e-05 2.165555e-05 5.437211e-05 1.0217639e-07 3.800153e-07 2.3156525e-05 5.0651197e-05 1.7950224e-07 0.0002608388 3.179613e-07 1.7862635e-07 4.1105736e-08 1.6120842e-07 4.159894e-07 1.0029606e-08 2.3054556e-06 6.8862396e-06 1.6217016e-05 3.8568155e-06 2.1036914e-05 8.985784e-09 2.4735023e-09 6.7752444e-06 5.4666805e-07 1.1532902e-06 2.5500872e-06 1.3256951e-05 1.2293582e-06 0.00014336623 1.0615346e-05
0.634019 0.46982622 0.42789632 0.8584399 5.289066e-15 0.64168614 0.0035533265 0.9493738 0.6570971 0.9714736 8.5968444e-05 0.0007142179 0.004334005 7.713478e-05 6.7974994e-05 0.9820158 0.020419344 0.00022044427 6.8356744e-06 1.0402008e-05 0.00010430125 0.47596627 0.041167818 0.65617347 0.008097865 0.0001010638 0.017606454 0.001207221 0.0004399836 0.062127557 0.1657213 3.047536e-07 0.34508353 0.03978929 7.7000346e-05 6.432184e-05 4.450534e-05 7.250253e-07 4.1855895e-07 0.00020801497 5.8353144e-06 0.02493053 4.514746e-06 0.27716354 8.722582e-06 9.463764e-05 3.6291292e-06 0.0035960658 1.4727734e-05 0.09345275 2.4082249e-06 4.479492e-06 0.018239431 0.006157608 7.166961e-07 4.810417e-07 0.0012489525 9.591469e-05 3.329182e-05 3.3571287e-06 0.0027118432 0.00019199731 6.635478e-07 3.0865472e-06 4.206434e-07 6.264278e-08 6.461567e-05 6.9330517e-06 0.00012971825 0.0011377733 0.00044447088 0.00016361513 0.00021442372 0.001111405 1.9935878e-07 9.57447e-07 3.6243615e-05 0.00039517455 3.5424273e-06 0.0021892441 1.1761321e-08 2.6458178e-08 1.8475657e-07 1.6967535e-08 1.7770103e-07 5.9826834e-07 4.901224e-06 3.382323e-08 9.5314965e-05 7.2668816e-05 0.0003506129 1.5449471e-08 2.185538e-08 0.00031492463 4.6130644e-06 3.249552e-06 3.7671455e-06 1.7022896e-05 3.8027943e-06 0.0007955696 0.00012238078
0.04981669 0.2203914 0.24406055 0.99989086 0.64168614 7.8334454e-16 0.00026145074 0.51371646 0.9935631 0.24898067 1.4421471e-05 1.1432872e-05 4.1633277e-05 8.365832e-06 4.711008e-06 0.050444417 0.00010941795 2.3335537e-05 9.515021e-07 3.8023586e-06 3.4349712e-06 0.1552418 0.00024029896 0.1009404 3.2982472e-05 5.3388258e-06 0.02400916 0.0037453375 2.9056575e-06 0.0102504 0.012458559 1.1281875e-07 0.007012249 0.0076890863 1.917435e-06 0.003598407 0.00026892143 5.7891833e-07 2.9896034e-07 5.576067e-06 2.5144811e-06 0.009604514 7.910649e-07 0.0053806994 6.988764e-07 0.00015044538 2.021321e-06 0.0025330961 1.6310877e-06 0.004752029 1.9507468e-07 1.6873001e-07 0.0003065225 3.7627637e-05 2.3010656e-07 1.1248411e-07 0.00088716287 8.720295e-06 0.00014915451 4.8358356e-07 0.0009421746 0.00020886636 0.00011680417 8.857201e-07 2.8916752e-06 3.230846e-07 2.5436273e-05 4.6745132e-05 5.798535e-06 3.2723303e-05 4.0136812e-05 6.820073e-06 1.1548878e-05 0.00026960578 2.160459e-06 6.07741e-06 2.6550859e-05 5.542357e-05 1.1411739e-07 0.0005550146 1.485504e-07 6.4916637e-09 8.1394404e-08 1.4890123e-06 6.389217e-07 8.061904e-09 8.31929e-06 2.458652e-06 3.7983053e-05 2.189505e-05 9.183982e-05 2.3854877e-06 4.8140725e-10 4.7783547e-06 5.956513e-07 2.0063402e-05 4.948645e-07 9.59173e-06 6.2413505e-06 0.0006889367 1.2338925e-05
0.0078309765 0.99200785 0.92101693 0.0007354154 0.0035533265 0.00026145074 1.8568142e-15 2.349303e-05 1.4888527e-05 7.3639436e-05 0.0860235 0.1966908 0.05080726 0.024911795 0.083243415 0.00156165 0.010970907 0.98743606 0.03814924 0.011575122 0.0129214935 1.2238771e-05 0.007926903 0.00024785902 0.0032740503 0.0005564561 4.4427736e-07 1.4591927e-05 0.000160378 2.2727247e-05 7.0957685e-05 0.00020931223 0.002448518 3.0939268e-06 1.5404828e-05 7.1286145e-08 2.412384e-07 6.396636e-05 4.0358336e-06 8.446646e-05 3.7275084e-05 4.0099854e-05 1.1048496e-06 0.0005152566 9.114294e-05 2.6348508e-07 3.3672564e-05 1.8239873e-05 3.8358444e-06 5.6305922e-05 6.284141e-07 6.905558e-07 7.867877e-05 0.0009321397 2.9844941e-06 8.86621e-07 1.1563018e-05 1.2801877e-05 3.863038e-07 2.7959268e-06 0.00011959098 1.518151e-05 9.637388e-07 1.0894304e-06 0.0002559804 2.7134132e-07 1.5618666e-06 4.705628e-06 1.2500528e-05 3.261429e-05 2.6001546e-06 1.6722022e-05 4.669623e-06 2.1355649e-05 1.0166614e-06 1.9784688e-08 3.2740363e-06 7.352621e-06 4.212615e-06 0.0011566117 1.4592217e-07 3.8040203e-06 2.2967882e-07 1.593195e-07 6.2123945e-06 5.8451672e-08 2.3684593e-06 6.1842106e-06 1.1979324e-06 3.5795356e-06 7.642914e-06 5.016441e-07 7.576999e-09 1.4895522e-06 2.2608673e-07 1.0994791e-05 6.2277854e-07 1.19744645e-05 4.378931e-06 0.00079557725 1.4629254e-05
0.20349489 0.009567174 0.0064873328 0.4261555 0.9493738 0.51371646 2.349303e-05 3.7446344e-15 0.9756934 0.97995454 3.943645e-06 2.3240153e-05 3.4379555e-05 2.5224551e-06 9.944714e-07 0.10595754 0.00013080586 3.5886894e-06 4.0236992e-07 9.179079e-07 1.3173086e-06 0.7642469 0.00048045267 0.5483937 0.00010976055 1.0375114e-06 0.55846083 0.035011277 2.1137657e-06 0.07205617 0.08323524 2.534263e-08 0.009595981 0.06434811 5.5387585e-07 0.04339085 0.0067743575 1.2783283e-07 1.614629e-07 7.6209485e-06 1.3125434e-06 0.051842462 8.692744e-08 0.013491357 2.589672e-06 0.0020145685 1.1828599e-06 0.035515074 7.721904e-07 0.027903447 7.053819e-08 1.3429424e-07 0.0021725844 0.000527904 7.29446e-07 6.507476e-07 0.0055904198 4.4802546e-05 0.0002696441 1.1026035e-06 0.0044975393 0.0010332045 0.00037803882 4.8009855e-07 5.2749283e-07 1.0021636e-07 0.00031857312 0.00018590977 7.773644e-06 4.6205336e-05 0.00058384135 4.6348837e-06 4.7304722e-05 0.00075463724 4.2905176e-06 4.0250407e-06 0.000119968056 0.0005052193 6.164667e-06 0.0014519091 6.1333254e-09 5.3234153e-08 8.335756e-07 9.2800093e-07 7.980803e-07 1.2949674e-08 8.098536e-06 2.9170524e-06 2.3054326e-05 2.2817461e-05 0.00022089209 8.7036153e-07 1.2948754e-09 5.9079044e-05 1.0755784e-06 2.376903e-05 3.3451124e-06 9.347849e-06 1.6029107e-05 0.00037818195 6.053162e-06
0.10533964 0.002961221 0.0021982184 0.7225788 0.6570971 0.9935631 1.4888527e-05 0.9756934 8.303747e-15 0.614538 1.7531021e-06 7.814124e-06 5.530838e-06 6.7779234e-07 7.077987e-07 0.056179274 1.0555221e-05 5.1825305e-07 1.1387979e-06 1.0213075e-06 4.085216e-07 0.63467544 8.862313e-05 0.27959228 1.2347802e-05 7.386811e-07 0.8137451 0.034716994 3.9817664e-07 0.032152634 0.032179125 2.1945981e-08 0.0021095388 0.029734632 1.5169816e-07 0.063176505 0.0050368872 2.2600997e-07 8.925626e-08 4.1309263e-06 2.7846547e-06 0.032858495 2.2653153e-07 0.0036313692 7.8224e-06 0.0023306506 1.6619658e-06 0.024379559 3.735134e-07 0.007361838 4.7734627e-08 4.4028155e-08 0.00039025187 4.2044012e-05 9.67412e-07 4.055594e-07 0.0029109346 7.9387646e-05 0.000693369 1.1033702e-06 0.0018066993 0.00036942755 0.00016997453 9.526102e-08 1.6545118e-05 1.050234e-06 0.00011903435 0.000111718065 9.08731e-07 2.0333908e-05 0.00010429508 5.9660687e-07 1.217781e-05 0.00037921415 8.647145e-06 8.982146e-06 0.00018922176 7.33627e-05 5.107353e-05 0.0007162879 1.5760886e-08 1.7381983e-07 4.112199e-07 1.6326596e-06 3.8815432e-07 5.5332173e-08 7.4020677e-06 1.5801817e-05 1.9384588e-05 1.3485008e-05 0.00011317465 2.4514945e-06 3.9200456e-09 2.7947955e-05 8.907157e-06 2.5108471e-05 3.1015516e-06 6.0779257e-06 1.1403319e-05 0.00027405916 3.5194118e-06
0.35047907 0.004404011 0.006775963 0.12989 0.9714736 0.24898067 7.3639436e-05 0.97995454 0.614538 4.236676e-15 2.361158e-05 5.127123e-05 9.568602e-05 1.5719212e-05 7.2902003e-06 0.37017757 0.00047339813 1.2992519e-05 1.1889966e-06 1.5344133e-06 2.6463883e-06 0.9811942 0.002593664 0.71113306 0.00052752334 4.6256814e-06 0.52978116 0.013933319 1.4948951e-05 0.17850526 0.14644139 8.050138e-08 0.019610068 0.20880812 2.048107e-06 0.06306847 0.021130713 4.7587793e-07 5.8100625e-07 4.1813888e-05 3.7838956e-06 0.08685458 1.8165538e-07 0.02609373 8.319865e-07 0.0015461147 6.4762025e-06 0.048693806 1.5376814e-06 0.035273 2.2062396e-07 8.136099e-07 0.005174385 0.0015534068 2.7940664e-06 1.920647e-06 0.008847489 1.5248286e-05 0.00020663923 2.5898805e-07 0.007685289 0.0044560093 0.0007260637 3.092794e-06 1.3079655e-07 1.3044796e-06 0.0012074254 0.0004047474 0.00017398808 0.00016118238 0.0011876329 6.467232e-05 0.0010049772 0.0020426414 1.22098245e-05 1.1710492e-05 0.00032268694 0.00091173896 4.4442845e-06 0.0015906605 2.8229783e-07 1.9212085e-07 6.7242155e-07 2.4808792e-06 1.3055262e-06 5.5246648e-08 3.609777e-05 4.174792e-06 0.00013904984 0.0001764693 0.0005758253 1.611464e-06 8.971296e-09 0.00019670997 9.922916e-07 0.0001396211 4.9186593e-07 2.6136759e-05 5.3616717e-05 0.000385837 2.4506307e-05
0.15085216 0.007882147 0.8990533 0.00022521745 8.5968444e-05 1.4421471e-05 0.0860235 3.943645e-06 1.7531021e-06 2.361158e-05 1.5089014e-13 0.95004576 0.8270054 0.9948386 0.79177874 0.00038998792 0.19172348 0.24197769 0.61202633 0.82711506 0.33423316 2.8348097e-06 0.08004439 3.8665956e-05 0.18911144 0.24829566 1.1726848e-06 1.972935e-06 0.04718167 2.3764542e-05 4.8291946e-05 0.034306552 0.002852807 5.5825744e-06 0.016497096 1.7673027e-07 2.85611e-07 0.0013984148 0.00027362772 0.009775092 0.0005172735 1.5747659e-05 3.8443282e-05 0.0004722755 0.0005755323 3.1456082e-08 0.0005729625 3.832247e-06 0.00048357065 5.1294362e-05 2.6917969e-05 1.8880186e-05 0.0001258849 0.010455238 2.1533308e-05 2.2181299e-05 6.2512863e-06 0.00045882576 1.0772584e-07 2.2612296e-05 1.7104832e-05 1.0304851e-05 1.6580057e-07 1.5513513e-05 0.004698537 2.2291777e-06 1.3701996e-06 1.0747345e-06 0.00027493585 0.00083170447 2.0218727e-06 0.00017982993 2.8606448e-06 7.196436e-06 1.2770501e-07 1.93993e-06 1.8597609e-06 8.67491e-07 2.3314951e-06 0.00057797175 3.9273314e-07 7.5229714e-08 6.0275306e-07 3.5024193e-08 2.9647304e-06 1.350211e-05 1.1990411e-06 2.5508946e-06 7.926841e-07 3.6548868e-06 2.44436e-06 1.02531494e-07 9.2816784e-08 1.3506797e-05 3.0893406e-07 2.724249e-07 3.3413517e-07 1.5376236e-05 2.5314923e-06 0.000713363 0.00016201628
0.046861 0.011835285 0.90631384 0.00011789037 0.0007142179 1.1432872e-05 0.1966908 2.3240153e-05 7.814124e-06 5.127123e-05 0.95004576 4.4331777e-15 0.30878308 0.842293 0.99536234 0.0012102528 0.057832498 0.7844243 0.876081 0.54556364 0.80451477 1.7562053e-05 0.036311653 5.959064e-05 0.05911171 0.082561985 9.014546e-07 6.463325e-06 0.012522986 1.9544412e-05 4.5112527e-05 0.014989274 0.0019779862 1.2650716e-05 0.003161306 3.5896103e-06 4.3578048e-06 0.0015122648 0.00046418488 0.0020726044 0.0012902408 2.4561314e-05 5.0617487e-05 0.00023340827 0.0013360514 1.0522676e-07 0.0002810982 2.4569794e-05 0.00022326669 7.4011073e-06 4.0725045e-05 2.7030435e-05 8.289697e-05 0.0033406685 6.3080995e-05 1.1417172e-05 1.6719485e-05 0.000706604 3.6139809e-06 5.0777326e-05 1.5873335e-05 2.62552e-05 8.423855e-07 2.9028393e-05 0.00784571 4.696693e-06 6.5138192e-06 1.6242477e-05 6.478485e-05 0.00021743619 4.4535912e-07 4.6679557e-05 1.687269e-06 2.7744968e-06 4.0765003e-06 6.708587e-07 4.5738575e-06 2.1412618e-06 4.396501e-06 0.00055084645 3.4291992e-07 3.6511122e-07 2.1982162e-06 2.423196e-07 1.4828418e-05 1.842891e-06 1.0588987e-05 8.8464294e-05 2.5025174e-06 3.7035709e-06 1.0708264e-06 2.73409e-07 4.265784e-08 1.5106403e-06 1.4161125e-06 2.730774e-06 3.638708e-06 2.455279e-05 8.620657e-06 0.00041102682 2.802522e-05
0.82708913 0.021712424 0.9706035 0.0021749185 0.004334005 4.1633277e-05 0.05080726 3.4379555e-05 5.530838e-06 9.568602e-05 0.8270054 0.30878308 5.5527403e-13 0.90710694 0.124343716 0.011729052 0.98564076 0.0488612 0.16623133 0.36537576 0.09376465 7.0051897e-06 0.85933876 0.0006300091 0.88205284 0.2679476 2.834361e-06 7.0342804e-07 0.09754093 0.00010545668 0.00041576716 0.060545083 0.069363065 3.4516714e-05 0.020361213 7.8576943e-07 2.2530067e-07 0.0044872183 0.00040968877 0.0546701 0.00041454477 8.506993e-05 7.063974e-05 0.0361309 0.0017882623 2.4206008e-08 0.0011944213 1.9152338e-05 0.00088924397 0.0035990954 1.5899454e-05 2.5366146e-05 0.0035823518 0.22135822 8.029732e-05 3.4709454e-05 6.3954234e-05 0.00076741056 1.0343806e-06 1.31378e-05 0.0008096678 3.645467e-06 1.415789e-07 3.812735e-05 0.004619653 1.7857596e-05 1.3449079e-06 8.688223e-07 0.007542028 0.05223638 6.3900945e-05 0.0023574883 1.3099655e-05 0.000782721 8.6724235e-08 7.324018e-08 2.2106617e-06 0.00013456008 2.2053446e-06 0.0073577394 9.4204694e-07 1.2676402e-07 1.6522043e-06 2.007181e-08 1.8791923e-06 9.2789924e-05 5.446742e-06 1.8659398e-06 3.289729e-06 5.193052e-06 0.0001463536 2.3772381e-07 1.2993044e-08 6.824123e-05 3.3270762e-06 3.826933e-06 8.76452e-07 0.00037832264 5.9425915e-06 0.0062274053 0.0011389897
0.25241375 0.001712326 0.81068075 7.906751e-05 7.713478e-05 8.365832e-06 0.024911795 2.5224551e-06 6.7779234e-07 1.5719212e-05 0.9948386 0.842293 0.90710694 6.3246114e-14 0.598163 0.00032721323 0.3150945 0.087759614 0.7586089 0.95353055 0.20805024 9.373922e-07 0.16405727 2.5752586e-05 0.41526735 0.5916122 4.733798e-07 9.490335e-07 0.22760375 3.1638418e-05 5.3115567e-05 0.058934133 0.002977379 3.2598073e-06 0.08047289 6.122494e-08 7.563011e-08 0.0019173812 0.00077178184 0.0449511 0.0012725516 1.0117841e-05 0.00030755406 0.0007953473 0.0006987718 2.3033829e-08 0.00069799356 4.116329e-06 0.00091278245 6.78377e-05 0.00014782253 0.00010812824 0.00032592667 0.022814866 2.0700874e-05 1.6664533e-05 4.635436e-06 0.0005771626 4.354859e-08 4.5003988e-05 4.9674873e-05 4.7822027e-06 9.368706e-08 3.0151927e-05 0.004438764 3.0441768e-06 7.940785e-07 4.466671e-07 0.0019612114 0.0040843347 6.1914457e-06 0.00085619115 4.0215605e-06 1.6589991e-05 7.494915e-08 9.006253e-07 7.8226947e-07 3.0046851e-06 4.0524415e-06 0.0015780975 4.365088e-06 2.802073e-07 9.901968e-07 1.7247034e-08 5.129615e-06 2.1125214e-05 5.824282e-07 2.1608114e-06 7.962177e-07 5.1351944e-06 2.2883796e-05 2.8898832e-08 4.9838885e-08 8.3147925e-06 1.7315629e-06 2.6200894e-07 2.5115503e-06 0.00015280407 3.4563009e-06 0.0012699994 0.0004065531
0.016448475 0.0027897826 0.49125245 1.532016e-05 6.7974994e-05 4.711008e-06 0.083243415 9.944714e-07 7.077987e-07 7.2902003e-06 0.79177874 0.99536234 0.124343716 0.598163 6.2393938e-15 0.0002625534 0.021395989 0.75609 0.97337985 0.50683844 0.88492805 3.799249e-06 0.01372567 8.418109e-06 0.021109115 0.05781948 2.5851455e-07 3.1948462e-06 0.009511888 7.320925e-06 9.803612e-06 0.073508434 0.00059090514 2.9296452e-06 0.0021509274 2.3136305e-07 2.8356573e-07 0.003239913 0.0009737568 0.0015904079 0.0032610577 1.596948e-05 0.0002057716 0.00010109406 0.0026861208 1.3376524e-08 0.000793153 6.315319e-06 0.00020073575 5.1090315e-06 6.605254e-05 2.8905131e-05 3.960566e-05 0.0013133291 3.4321438e-05 1.3788178e-05 3.6542697e-06 0.0009931745 5.4793844e-07 4.5451307e-05 1.5109752e-05 2.2672455e-05 6.9578203e-07 2.0908748e-05 0.008393107 8.011553e-06 6.831591e-07 3.4007758e-06 5.3679083e-05 0.0002746856 8.932468e-07 3.834384e-05 3.2960114e-07 8.68822e-06 9.909307e-07 6.426497e-08 1.5172369e-06 8.1312356e-07 5.676249e-06 0.00036960657 3.9803274e-07 4.3171676e-06 3.4145808e-06 7.661785e-08 1.1202858e-05 1.4232395e-06 5.979823e-06 0.00011985278 2.1631681e-06 4.7881394e-06 2.846711e-06 1.0187199e-08 2.807626e-07 1.9427182e-06 1.0712656e-06 2.6256424e-07 1.1044721e-05 3.191306e-05 2.549101e-05 0.00032283837 3.6850863e-05
0.9145216 0.025601156 0.117683694 0.03956162 0.9820158 0.050444417 0.00156165 0.10595754 0.056179274 0.37017757 0.00038998792 0.0012102528 0.011729052 0.00032721323 0.0002625534 6.890711e-14 0.055798516 0.000687048 1.9048926e-05 2.0658985e-05 0.0003144382 0.36824337 0.39384204 0.9089195 0.057950463 0.000115702824 0.00070027245 0.00027961138 0.00031109422 0.122153446 0.25019592 1.6213073e-05 0.96991587 0.02381609 2.1950998e-05 0.00018213218 0.00011878384 5.0609306e-06 1.7300855e-06 0.00076044723 5.0571193e-06 0.02889082 4.717969e-07 0.7423328 1.28453285e-05 4.3804655e-05 6.4243827e-06 0.002055984 1.1385357e-05 0.44756702 4.645825e-07 4.3672617e-06 0.10753858 0.09958838 9.717894e-07 2.1732587e-06 0.0024874643 1.8231265e-05 0.000103742634 1.8790453e-06 0.022019206 4.396524e-05 6.419073e-06 1.0349663e-05 1.5001063e-05 7.655099e-07 6.659613e-05 1.3938567e-05 0.002245054 0.018948529 0.0009732967 0.0005311038 0.0005918662 0.009276406 2.5461673e-06 1.0309136e-07 1.2082892e-05 0.0014333519 1.2142035e-05 0.02005856 3.8361358e-07 3.5199992e-08 3.7364805e-07 1.4756673e-08 5.01624e-07 1.649284e-06 1.339618e-05 7.4851545e-07 3.0719217e-05 8.407459e-05 0.0008461868 1.347072e-08 8.253968e-09 0.0004068562 2.307653e-06 2.6644645e-06 1.0080564e-06 0.0003455785 2.3702376e-06 0.0059774085 0.00036924932
0.9455985 0.017010475 0.8155551 0.0029642005 0.020419344 0.00010941795 0.010970907 0.00013080586 1.0555221e-05 0.00047339813 0.19172348 0.057832498 0.98564076 0.3150945 0.021395989 0.055798516 2.2210551e-13 0.015589702 0.03534767 0.14244713 0.025334723 4.1245e-05 0.97297114 0.0017626504 0.9026472 0.06906877 3.3079148e-05 2.8013822e-06 0.020736977 0.00026875865 0.001527562 0.030890176 0.4408652 3.909652e-05 0.0019253356 4.386408e-06 1.0383726e-06 0.0014074063 0.00021532844 0.03156137 0.00012813183 0.0001569359 1.7248658e-05 0.2139896 0.0005206446 2.7218806e-07 0.00027419772 1.948068e-05 0.00040184267 0.025502063 4.0972473e-06 1.1962491e-05 0.025686052 0.46964937 1.3719839e-05 6.978671e-06 9.000338e-05 0.00010991263 9.618937e-06 3.7378152e-06 0.0017627463 1.7474068e-06 1.5528278e-06 2.0839036e-05 0.0017751694 2.7331112e-06 5.1641774e-07 7.706726e-07 0.013201379 0.07210369 0.00012651495 0.003429095 3.9674687e-05 0.0025775032 1.369858e-07 2.3750003e-08 4.3335208e-07 0.0004411878 1.6812311e-06 0.018142931 2.1092298e-07 2.8188284e-08 1.3394615e-06 2.6701318e-08 2.2099746e-06 7.055986e-06 1.9411827e-06 1.0940637e-06 1.275766e-05 5.562497e-06 0.00044175936 3.4926446e-09 9.385264e-09 0.00017978021 3.3934714e-07 3.1921337e-07 1.6567745e-07 0.00042526552 7.5050036e-07 0.018508611 0.0012034116
0.0060180826 0.09952154 0.66821766 0.00025696296 0.00022044427 2.3335537e-05 0.98743606 3.5886894e-06 5.1825305e-07 1.2992519e-05 0.24197769 0.7844243 0.0488612 0.087759614 0.75609 0.000687048 0.015589702 6.919772e-16 0.6710231 0.11246334 0.99816275 1.4058428e-06 0.007823168 4.027481e-05 0.0041761645 0.007856189 2.4158822e-08 1.376911e-07 0.00096893375 2.349269e-07 2.7336896e-06 0.19014955 0.0013607659 3.4894515e-07 9.3252114e-05 5.045553e-06 2.2389077e-06 0.00949351 0.00017033801 0.00012435472 0.0010334168 2.2631423e-06 1.2628379e-05 0.00023345034 0.01517798 1.9840844e-08 0.0009491916 2.0047976e-06 9.112204e-06 1.08454215e-05 1.4669916e-06 4.0562398e-07 4.4825367e-05 0.0003391979 1.7012704e-05 5.7760003e-06 5.2795787e-07 0.00027583062 7.004919e-07 9.201793e-06 2.7691454e-05 3.496761e-05 1.2510904e-07 3.2520273e-07 0.0126630105 7.243581e-06 3.1112006e-06 1.1840862e-05 3.9827823e-06 4.413395e-05 3.439047e-07 1.0307809e-05 2.9934245e-08 3.8727567e-06 8.1546574e-07 3.3446894e-09 3.0580359e-06 1.1434894e-06 1.8860416e-06 0.00034252854 4.286345e-08 0.00011530736 1.6646451e-06 6.4491603e-09 4.957757e-07 4.355897e-08 7.888948e-06 8.673727e-05 1.4400298e-06 1.1924663e-05 1.2094725e-06 4.5995773e-08 5.975766e-07 1.159664e-06 2.0458366e-08 2.6653478e-07 8.218207e-07 2.8422758e-06 4.6371093e-07 0.00038079312 1.8144494e-06
0.243865 0.0006351569 0.15096675 3.5179287e-06 6.8356744e-06 9.515021e-07 0.03814924 4.0236992e-07 1.1387979e-06 1.1889966e-06 0.61202633 0.876081 0.16623133 0.7586089 0.97337985 1.9048926e-05 0.03534767 0.6710231 6.4181036e-16 0.97252196 0.9567841 2.8325545e-07 0.02412347 8.6634515e-07 0.10231416 0.48758993 2.0491443e-08 2.8923276e-07 0.1738904 1.7170543e-06 1.0500607e-06 0.7062514 0.00031874937 3.2783277e-07 0.107933015 1.7131237e-08 3.289447e-08 0.09216012 0.13328137 0.06441517 0.13692936 1.8330752e-06 0.022665177 8.5098574e-05 0.028477779 2.8671683e-09 0.016322333 7.897563e-07 0.0023219453 1.3008196e-06 0.004979098 0.0007114745 2.4002835e-05 0.005527345 0.005175974 0.00066280714 1.5017216e-06 0.038283564 1.90404e-08 0.00024854994 1.2443905e-06 1.8427962e-06 4.081075e-08 0.00013770694 0.08134549 0.00018127527 1.9167091e-08 1.4800004e-07 0.0012668065 0.0056523685 5.338217e-07 0.00038423314 9.2158785e-08 5.0850235e-06 9.2256045e-08 2.349315e-08 2.44783e-07 1.879901e-07 0.0001051924 0.000761851 3.2781663e-06 7.987562e-06 1.6049635e-05 1.5828217e-08 1.5896074e-05 3.9366354e-05 8.056613e-06 0.00026561838 3.8182765e-07 2.0182104e-06 6.8691037e-07 3.884515e-08 1.7184171e-06 2.1005328e-06 1.4094024e-05 7.757529e-08 8.662894e-06 0.00021457614 3.425952e-06 0.0010137846 0.00038790258
0.819417 0.00058610877 0.058311213 1.5969721e-05 1.0402008e-05 3.8023586e-06 0.011575122 9.179079e-07 1.0213075e-06 1.5344133e-06 0.82711506 0.54556364 0.36537576 0.95353055 0.50683844 2.0658985e-05 0.14244713 0.11246334 0.97252196 2.6468875e-12 0.49589732 5.009762e-07 0.06737892 4.794573e-06 0.3549071 0.97146666 2.8878898e-07 5.3360917e-08 0.7032539 1.3259879e-06 1.447095e-06 0.66872305 0.001056502 5.791547e-07 0.6266984 1.7818525e-08 3.786585e-08 0.14385694 0.123319894 0.43954036 0.07580782 1.5398255e-06 0.04383934 0.0007922787 0.051176745 1.9379307e-08 0.03316257 6.2984986e-07 0.04158386 1.9076815e-05 0.0101477215 0.0021454226 7.742854e-05 0.024746306 0.014017438 0.0017437554 4.5639754e-06 0.12928419 9.835657e-08 0.0003500613 1.2302148e-05 5.683348e-07 2.9738029e-08 0.0003865307 0.09647092 0.00047732607 1.00790686e-07 3.639183e-08 0.030471934 0.07830322 5.1367107e-07 0.008098393 9.820516e-07 9.434122e-06 3.9680117e-08 3.2518862e-08 2.9480802e-07 9.4356193e-07 4.7941456e-05 0.0023969633 1.3510083e-05 1.6087154e-06 3.502361e-05 2.8410436e-09 4.4584824e-05 0.00024017112 1.4571518e-06 0.0001178861 1.5639212e-07 1.3924782e-06 1.2113697e-05 1.8271235e-08 5.4406706e-07 5.643389e-06 1.43071e-05 7.59209e-08 8.2151555e-06 0.00082530844 6.093064e-07 0.003909373 0.0023364378
0.035773907 0.00054905144 0.6532639 4.193145e-05 0.00010430125 3.4349712e-06 0.0129214935 1.3173086e-06 4.085216e-07 2.6463883e-06 0.33423316 0.80451477 0.09376465 0.20805024 0.88492805 0.0003144382 0.025334723 0.99816275 0.9567841 0.49589732 9.515242e-16 1.0382103e-06 0.016871104 7.2977205e-06 0.023008088 0.13001478 8.5981426e-08 1.482103e-06 0.021719791 2.2617396e-06 8.060318e-06 0.88305587 0.00065452384 9.717987e-07 0.0062846933 2.7769255e-07 4.3373953e-07 0.17971465 0.07182902 0.0033278633 0.14527988 5.2940263e-06 0.005360494 0.0001247179 0.29394275 5.0900056e-08 0.025424825 2.3019186e-06 0.0004132499 5.2758764e-06 0.0007366413 3.6523765e-05 3.5809408e-05 0.0016257246 0.0020175795 9.7272685e-05 6.755137e-07 0.0058108335 6.8636297e-07 7.569538e-05 2.613758e-05 2.7986176e-05 6.823615e-07 1.1266286e-05 0.03098072 4.4720713e-05 8.498219e-07 2.751272e-05 0.00010312652 0.0008435115 2.7085372e-07 8.17686e-05 1.5070508e-07 7.756116e-06 1.4358426e-07 7.718502e-09 4.6846594e-06 3.8250553e-07 9.0563335e-06 0.00037022235 9.66535e-07 5.589519e-05 2.051835e-06 6.0084965e-08 5.8445935e-06 8.626459e-07 2.046299e-06 0.00026687092 1.2285378e-06 1.4983642e-06 4.3941877e-06 5.91549e-08 1.0668531e-06 9.2830726e-07 1.5536201e-06 3.951061e-06 1.0699165e-05 1.726373e-05 1.3932499e-06 0.0004677829 0.0002965361
0.9248143 0.0011846381 0.00021062762 0.013445098 0.47596627 0.1552418 1.2238771e-05 0.7642469 0.63467544 0.9811942 2.8348097e-06 1.7562053e-05 7.0051897e-06 9.373922e-07 3.799249e-06 0.36824337 4.1245e-05 1.4058428e-06 2.8325545e-07 5.009762e-07 1.0382103e-06 2.2468331e-13 0.00025714215 0.97165644 6.717473e-05 3.6749717e-07 0.7228069 0.16994119 1.6469028e-06 0.61122197 0.60823077 9.738248e-09 0.04275644 0.65233606 3.67289e-07 0.24920821 0.061786007 1.3374708e-07 5.1853505e-08 4.200391e-06 4.716845e-07 0.731625 9.7415e-09 0.12403532 5.23331e-07 0.005333806 1.7873559e-07 0.56202465 5.238038e-07 0.22261477 1.2727162e-08 1.4564579e-07 0.031107727 0.0010909189 7.2204756e-08 4.0853816e-08 0.06299184 1.6005741e-06 0.0011934063 4.097735e-08 0.09805895 0.012154322 0.0023061773 1.494052e-06 2.2768094e-07 1.8993742e-07 0.0021827095 0.00051384774 3.2208667e-05 0.0004909505 0.029990844 1.296744e-05 0.005321119 0.018073361 2.8516633e-05 3.860076e-06 0.0009807568 0.009069186 4.909668e-06 0.00630404 4.9325e-08 2.273106e-09 1.4437695e-07 2.4281335e-06 2.2911945e-07 7.0121644e-07 2.504505e-05 2.2432303e-07 0.0031481744 0.0019301099 0.008613836 3.6757916e-07 1.0021416e-09 0.005942759 2.201055e-07 0.00015174439 1.2180922e-07 1.2596578e-05 2.8424209e-05 0.0017450083 4.5534693e-05
0.9800341 0.011901511 0.5781278 0.001644577 0.041167818 0.00024029896 0.007926903 0.00048045267 8.862313e-05 0.002593664 0.08004439 0.036311653 0.85933876 0.16405727 0.01372567 0.39384204 0.97297114 0.007823168 0.02412347 0.06737892 0.016871104 0.00025714215 1.4299847e-12 0.021808611 0.9622461 0.08109581 0.0007828967 3.2030573e-05 0.07430313 0.003734947 0.009971411 0.012109715 0.7526515 0.0008489969 0.008423727 4.2967928e-05 1.4730487e-05 0.0005366988 0.0004856043 0.05445757 0.00028878613 0.0006984547 6.0621773e-05 0.38353243 0.00026796525 5.1255656e-06 0.00018628263 0.0001608602 0.0014458833 0.07727948 2.0818692e-05 4.3728694e-05 0.08420868 0.8461043 3.1250773e-05 3.2853226e-05 0.00071337563 5.210983e-05 3.5147485e-05 7.5929743e-06 0.0119534265 5.2719563e-05 0.00013385995 8.130709e-05 0.0010882545 7.780372e-06 3.7952075e-06 8.819654e-06 0.036182877 0.11825815 0.0015153233 0.008531017 0.0004396103 0.012162654 2.6051712e-06 2.892034e-06 1.009678e-05 0.0021705125 1.9311344e-06 0.08001544 4.3474734e-06 1.7690537e-06 2.3466237e-06 1.165449e-06 1.2799661e-06 5.021046e-05 2.362692e-05 2.7569635e-05 5.6874855e-05 2.046743e-05 0.0029583347 1.3848083e-07 2.702832e-07 0.0010717169 4.3411896e-07 5.8884225e-06 4.607966e-07 0.0013756262 7.3775286e-06 0.056532055 0.0034160812
0.9437207 0.008398985 0.012005516 0.012947602 0.65617347 0.1009404 0.00024785902 0.5483937 0.27959228 0.71113306 3.8665956e-05 5.959064e-05 0.0006300091 2.5752586e-05 8.418109e-06 0.9089195 0.0017626504 4.027481e-05 8.6634515e-07 4.794573e-06 7.2977205e-06 0.97165644 0.021808611 5.755001e-14 0.004869037 1.1281768e-05 0.030144507 0.0029093926 3.143238e-05 0.7972908 0.9028467 1.1494405e-06 0.8240394 0.46932983 2.5415968e-06 0.003407173 0.003592326 1.5033479e-06 5.723964e-07 9.497588e-05 6.4611436e-06 0.51398826 2.3112663e-07 0.68922365 1.9695888e-06 0.00021362341 2.008924e-06 0.05572388 1.7428185e-06 0.6976707 1.0799698e-07 9.598643e-07 0.20146985 0.027950682 1.0823724e-07 6.7152726e-08 0.028306222 3.5867322e-06 0.00013629861 2.9718595e-07 0.11983399 0.00049141096 0.00023246836 2.7215601e-06 3.9586384e-06 1.08208546e-07 0.00027831976 7.631534e-05 0.0007602014 0.0040355762 0.0046610897 0.00027043265 0.0032473824 0.020717181 4.143169e-06 2.209037e-06 0.00014385654 0.0039640013 1.3949716e-06 0.016269494 2.738513e-07 1.00038555e-07 6.874756e-08 2.1757525e-07 5.4819747e-08 2.717273e-06 1.2879368e-05 1.1005717e-06 0.0002961698 0.00013379856 0.0046051946 3.019234e-08 7.6069435e-09 0.0027938655 5.4607875e-07 9.091839e-06 3.1114868e-07 9.165503e-05 1.5282849e-05 0.0054063066 0.00025158175
0.9809989 0.0016113266 0.34729195 0.00022600408 0.008097865 3.2982472e-05 0.0032740503 0.00010976055 1.2347802e-05 0.00052752334 0.18911144 0.05911171 0.88205284 0.41526735 0.021109115 0.057950463 0.9026472 0.0041761645 0.10231416 0.3549071 0.023008088 6.717473e-05 0.9622461 0.004869037 1.7809961e-12 0.61211056 0.00012273234 5.437898e-06 0.6050461 0.0005661129 0.0014724082 0.080312766 0.23519924 6.65277e-05 0.1585305 1.2212399e-05 2.2242891e-06 0.0047391853 0.006576124 0.6021852 0.0017106171 8.185037e-05 0.0021420054 0.087076165 0.0014940449 8.372628e-07 0.0008092108 1.6005002e-05 0.019793576 0.024569076 0.0011574803 0.0006218243 0.031058533 0.932388 0.00015507944 0.00033315373 0.00032698116 0.00054195884 4.0270525e-06 9.118928e-05 0.006608071 2.7983746e-05 5.6234654e-05 0.00085945125 0.0037677623 7.323394e-05 3.9113712e-07 4.617206e-06 0.22530907 0.28480238 0.0006817375 0.047034398 0.00012506152 0.0075004357 2.9086866e-07 6.6123755e-07 1.6582707e-06 0.0011754163 1.94169e-06 0.082251534 0.00037750293 2.7064184e-06 1.1005239e-05 4.814071e-07 6.681276e-06 0.0007723816 1.22017e-05 1.7017199e-05 2.160671e-06 9.600163e-07 0.0017238511 3.8345828e-08 3.0972373e-07 0.00063492765 4.24129e-05 6.051179e-07 2.0283396e-05 0.0032532967 4.1991652e-06 0.06866595 0.019832935
0.9630219 0.00011849962 0.020413285 2.0552516e-05 0.0001010638 5.3388258e-06 0.0005564561 1.0375114e-06 7.386811e-07 4.6256814e-06 0.24829566 0.082561985 0.2679476 0.5916122 0.05781948 0.000115702824 0.06906877 0.007856189 0.48758993 0.97146666 0.13001478 3.6749717e-07 0.08109581 1.1281768e-05 0.61211056 1.187816e-13 2.02586e-06 7.5737546e-07 0.96805507 5.145435e-06 1.76138e-05 0.7654394 0.0039424007 1.887095e-07 0.79912704 6.1871894e-08 1.9439764e-08 0.24569225 0.38274884 0.86265886 0.14802139 6.9660564e-06 0.08322115 0.004303018 0.09313387 9.17078e-08 0.07987562 2.3517136e-06 0.25623533 0.00012427753 0.014008971 0.0024621084 0.0010195306 0.13557571 0.030707687 0.011875452 1.4516737e-05 0.13445829 2.1221166e-07 0.00022961086 0.00023745387 2.9058168e-07 1.3371196e-06 0.0005741418 0.093691304 0.0028540725 5.0642374e-08 7.950526e-08 0.08659752 0.3317663 5.7779234e-06 0.052253295 4.5609275e-07 0.00048910757 3.472341e-08 2.0995967e-07 3.6184122e-08 2.0141948e-05 0.000109417015 0.008990409 3.8885424e-05 8.9728445e-07 0.00014200305 1.4775261e-08 3.5656365e-05 0.0001410982 1.2177956e-06 0.00048645554 3.2916937e-08 2.9562544e-08 2.7311711e-05 3.308916e-08 3.6825494e-07 1.5647596e-05 2.3396062e-05 2.6546486e-08 1.1188177e-05 0.0024898758 5.390321e-07 0.01961545 0.007986461
0.24609077 8.652573e-06 5.8975693e-05 0.0029928028 0.017606454 0.02400916 4.4427736e-07 0.55846083 0.8137451 0.52978116 1.1726848e-06 9.014546e-07 2.834361e-06 4.733798e-07 2.5851455e-07 0.00070027245 3.3079148e-05 2.4158822e-08 2.0491443e-08 2.8878898e-07 8.5981426e-08 0.7228069 0.0007828967 0.030144507 0.00012273234 2.02586e-06 6.5600865e-16 0.9986292 1.1650162e-05 0.018708263 0.007834936 2.3910907e-08 0.00048273758 0.08457919 5.764018e-07 0.95930606 0.4083907 1.4320757e-08 1.1317555e-07 0.00011685542 4.423474e-07 0.08810282 2.6291903e-07 0.0010512412 9.607113e-09 0.93326557 1.1350901e-07 0.40496278 1.831748e-05 0.007545049 4.7600818e-07 1.0031891e-06 0.0019461071 0.00022716794 3.1970767e-08 6.529156e-08 0.024958113 7.922805e-07 0.18876928 1.0533922e-07 0.0059486874 0.0037603553 0.0010889512 3.2633282e-06 1.6353414e-06 1.1285083e-07 0.0022430092 0.005009285 0.00011717191 0.00043223728 0.018299052 1.9269519e-05 0.0015932932 0.0020685522 4.6812587e-05 0.00011678936 0.0007434324 0.00387655 2.1675882e-07 0.0012067957 6.5227574e-08 3.0950098e-08 1.1854961e-09 2.0640011e-06 9.707551e-10 9.28132e-09 0.00018978058 8.335919e-06 0.0010870938 0.00043407638 0.0016528615 9.037576e-06 6.447943e-09 0.001865357 1.445726e-07 0.00014254062 8.622641e-09 9.977246e-06 5.7729474e-05 0.00045006993 8.789376e-06
0.19173573 0.00013882855 1.6203513e-06 0.0005669439 0.001207221 0.0037453375 1.4591927e-05 0.035011277 0.034716994 0.013933319 1.972935e-06 6.463325e-06 7.0342804e-07 9.490335e-07 3.1948462e-06 0.00027961138 2.8013822e-06 1.376911e-07 2.8923276e-07 5.3360917e-08 1.482103e-06 0.16994119 3.2030573e-05 0.0029093926 5.437898e-06 7.5737546e-07 0.9986292 9.650721e-15 1.774356e-06 0.0021159402 0.0015426328 3.1999824e-07 0.00011102334 0.007179077 3.7195213e-07 0.7237432 0.38819987 2.3619101e-07 5.86529e-07 3.7748598e-06 4.8838456e-07 0.019076053 2.5800543e-07 0.00021937952 1.6330699e-07 0.98531115 6.232872e-07 0.1910944 6.5442015e-07 0.000353365 4.975407e-08 6.6513803e-07 0.0002592195 1.0238104e-05 1.3560353e-08 3.4796734e-08 0.012884099 1.7601012e-06 0.05542052 5.182229e-07 0.0014119692 0.019670118 0.0059812204 9.29583e-07 6.4303103e-06 3.6022776e-08 0.0056207925 0.005649361 1.3485406e-05 6.07294e-05 0.009979925 1.4530298e-05 0.0035662304 0.00056632917 0.0001574591 0.0009409444 0.0011793136 0.0013775713 6.185718e-07 0.00045233156 2.1857454e-07 6.1428906e-09 1.3034074e-08 5.573927e-05 3.005823e-08 1.3580359e-08 0.001133404 5.764725e-06 0.004227169 0.002504159 0.0013303934 5.439067e-05 1.1757683e-09 0.0013021039 4.402211e-08 0.0011176748 3.0743686e-07 3.7359691e-06 0.0006119284 0.00023752861 6.2169056e-06
0.86735094 2.399647e-05 0.0046330807 6.752652e-05 0.0004399836 2.9056575e-06 0.000160378 2.1137657e-06 3.9817664e-07 1.4948951e-05 0.04718167 0.012522986 0.09754093 0.22760375 0.009511888 0.00031109422 0.020736977 0.00096893375 0.1738904 0.7032539 0.021719791 1.6469028e-06 0.07430313 3.143238e-05 0.6050461 0.96805507 1.1650162e-05 1.774356e-06 1.5200266e-15 1.7943788e-05 5.6478824e-05 0.29151 0.0028830706 9.4822843e-07 0.98162293 8.3744567e-07 1.3087916e-07 0.038030166 0.18726398 0.9321418 0.045016073 6.9767016e-06 0.17879537 0.002446675 0.006918558 2.9144147e-07 0.021499338 3.4459433e-06 0.72353274 0.00018272562 0.06546949 0.016990904 0.0016270175 0.20005894 0.00723111 0.024065891 2.159284e-05 0.030540047 6.1645113e-07 0.00141155 0.00067329715 2.580671e-06 6.5074178e-06 0.004676973 0.013413394 0.0028681452 2.2673383e-07 2.2288416e-06 0.21929911 0.35861897 3.0788786e-05 0.15495214 2.3463015e-06 0.0010784144 1.535036e-07 6.688974e-07 2.2236134e-07 0.00013456059 2.6879361e-05 0.01046455 0.00067684415 1.702352e-06 6.9647715e-05 2.1607174e-07 4.8488397e-05 0.0006433883 8.983166e-06 0.0021979972 2.2437949e-07 1.9261452e-07 9.1799186e-05 1.3559887e-08 3.4222077e-07 3.276721e-05 9.5299336e-05 1.8667629e-07 2.0341433e-05 0.0044226097 2.645205e-06 0.030500595 0.015840905
0.60825783 0.0006142151 0.00056226825 0.0019635593 0.062127557 0.0102504 2.2727247e-05 0.07205617 0.032152634 0.17850526 2.3764542e-05 1.9544412e-05 0.00010545668 3.1638418e-05 7.320925e-06 0.122153446 0.00026875865 2.349269e-07 1.7170543e-06 1.3259879e-06 2.2617396e-06 0.61122197 0.003734947 0.7972908 0.0005661129 5.145435e-06 0.018708263 0.0021159402 1.7943788e-05 1.4766876e-14 0.9908914 6.4869977e-07 0.14125013 0.98928994 1.0712268e-06 0.011066273 0.0111623285 4.7391146e-07 9.67902e-07 3.4288758e-05 3.0698818e-06 0.47095338 4.0015618e-07 0.22264543 2.3858257e-07 0.00025639823 3.330535e-07 0.04017514 2.6644645e-06 0.4973757 1.3423713e-07 5.8639245e-07 0.08931393 0.01624134 5.9307748e-08 1.0612268e-07 0.0877589 2.050462e-06 0.000718743 3.5699267e-07 0.29091862 0.0037881567 0.00061605533 1.0065284e-05 7.205885e-06 3.513501e-07 0.00059766846 0.0004635536 0.00040027985 0.0008385318 0.010932748 0.00020032897 0.008767431 0.0369199 6.242384e-05 4.4628537e-06 0.00046022836 0.018592225 3.8272065e-06 0.019201111 1.5414615e-07 3.6736417e-08 3.0490156e-07 8.270969e-06 2.1151147e-06 1.3979814e-08 2.433759e-05 2.9141564e-05 0.0008275384 0.0004964802 0.011594485 8.548595e-08 5.4052234e-09 0.007988087 4.5185124e-07 0.00013609922 1.5707806e-07 0.00021893205 3.7637972e-05 0.007524462 0.0002954795
