3.8117495e-24 0.41795075 0.29965428 0.32379773 0.045831017 0.51085514 0.038393177 0.47421816 0.13400969 0.6835854 0.13420637 0.4145347 0.2634934 0.3428871 0.6833907 0.48867896 0.7560723 0.54797024 0.2488738 0.67053545 0.030805958 0.86728936 0.0094969 0.22381002 0.0064539793 0.0051656286 0.8980187 0.9158484 0.92943305 0.9387563 0.89522296 0.93916714 0.9534345 0.0081961835 0.067269124 0.1688851 0.9792104 0.8320275 0.0020965396 0.28432167 0.8804448 0.8987843 0.2753228 0.78823745 0.752039 0.003021644 0.9267041 0.94766045 0.01996851 0.9557695 0.962875 0.0043025007 0.9301405 0.8718534 0.92071617 0.02132147 0.95240504 0.9770453 0.96243566 0.94474727 0.9883335 0.9291609 0.987894 0.14115553 0.00012971145 0.9645104 0.9687577 0.88800955 0.00045569625 0.8626803 0.97786194 9.0980575e-06 0.20521507 0.7893981 0.9885469 0.99561375 0.98379445 0.10204012 0.99720424 0.99447393 0.99973255 0.032368213 0.00014175611 0.9959317 4.1157808e-05 0.0028562876 7.915302e-06 0.0024516068 0.9985813 0.52074194 0.026818834 0.12812263 0.999243 0.9999688 2.225403e-06 0.86530006 0.9992519 0.9998944 0.99701136 0.9939921 0.99991864
0.41795075 1.5322098e-17 0.63540363 0.5706335 0.9581119 0.44783595 0.83037573 0.34495983 0.7480041 0.36895603 0.04531691 0.39948434 0.60217696 0.52994514 0.17169937 0.18334863 0.24796511 0.20164563 0.0014030684 0.048144497 0.5533727 0.05810583 0.24932308 0.07818774 0.10089398 0.09336427 0.03104346 0.09041674 0.17476186 0.063141555 0.12481046 0.024592977 0.059637763 0.26370242 0.10243293 0.028272146 0.01637539 0.022794757 0.038954284 0.014579534 0.065049805 0.006670717 0.011612023 0.0075340807 0.004216753 0.09588631 0.0210526 0.0020307514 0.0038533672 0.00030505008 0.00042159625 0.3929739 0.0006699387 0.0007297354 0.00025531827 6.1025316e-05 8.855106e-05 0.0002857131 0.00096265995 0.00066205347 0.0008304799 0.0013953197 0.0017844761 0.00012779537 0.001634749 9.068177e-05 0.00011038598 0.0029229673 0.0014083778 0.0010298245 0.0012386736 0.001047787 0.0005561076 1.3522186e-05 0.00036410234 0.0001145547 7.6227075e-06 0.0017299495 0.0008751362 1.006925e-05 0.0007118448 5.483062e-06 0.00011661351 0.0028586474 1.429867e-05 5.7164984e-06 2.0136513e-05 0.00019636229 0.00010814155 2.8686716e-06 0.0003312162 2.2991726e-07 0.001003454 0.001043121 0.000110564564 1.4395329e-06 0.0018778407 0.00025065278 1.4806096e-06 0.000115376446 1.6513002e-06
0.29965428 0.63540363 3.272942e-20 0.9786794 0.1388 0.67661875 0.1404739 0.24392793 0.18845938 0.63691574 0.2290062 0.15004933 0.119853765 0.09893733 0.47087345 0.2773259 0.49714935 0.2643594 0.07076953 0.027081301 0.040275842 0.03865476 0.00924564 0.008670566 0.0019550435 0.0020718523 0.021058984 0.10131918 0.03428827 0.052587 0.26772746 0.05988664 0.035271417 0.015997497 0.0022250891 0.008802622 0.013290239 0.0041207178 0.00035901135 0.0034884873 0.09798869 0.02483978 0.0038612138 0.017103715 0.011049594 0.0050568082 0.014979391 0.010631446 0.0010074485 0.0053941547 0.0006279717 0.026287759 0.003790296 0.008340357 0.0038730728 2.4432365e-08 0.0010380732 0.008966909 0.006505387 0.0034870803 0.008210645 0.0039549596 0.0065349033 0.00027168173 3.7211077e-05 0.00017568714 0.00026726088 0.0011997528 0.00014676481 0.0027471008 0.008004082 0.00010877923 0.00016232359 0.00017451137 0.0056892084 0.00064709334 3.0260993e-05 0.00017936339 0.005354804 6.488087e-05 0.0033176315 6.5740525e-05 2.0629494e-05 0.0055145063 7.0647525e-06 7.5498883e-06 1.9822178e-06 2.3029208e-05 0.00023607338 3.4557406e-06 4.417446e-05 3.671526e-08 0.0015654784 0.0014131303 2.587624e-07 1.0280257e-06 0.0020361212 0.0005970142 5.9866125e-06 0.00016575292 2.8151937e-06
0.32379773 0.5706335 0.9786794 1.9853516e-20 0.110487044 0.47695798 0.0750649 0.05059821 0.044466186 0.49671 0.12036733 0.23565125 0.15219773 0.011861897 0.49881423 0.45821923 0.610369 0.5132247 0.07237036 0.0032049487 0.041841276 0.0064105056 0.016072543 0.027301077 0.0055585094 0.004652958 0.003352402 0.019423593 0.0045344117 0.00848538 0.24161461 0.0144861415 0.0062721972 0.003522639 0.0067787385 0.021075422 0.004315824 0.0011814329 0.0006958644 0.0005672965 0.08708623 0.008518819 0.0009301089 0.007017664 0.004720195 0.000723511 0.03968668 0.0038399738 0.0029555387 0.0026911823 0.00013155084 0.013726632 0.00075213803 0.0038347316 0.0025453859 1.3295054e-08 0.0006066324 0.0033247974 0.0028034833 0.0016583245 0.0045218496 0.002303837 0.0031896557 2.9321875e-05 4.8910842e-05 1.8097999e-05 1.5765616e-05 0.0025089371 2.2518963e-05 0.0019501637 0.0048522195 2.70784e-05 0.00042125545 8.739131e-05 0.0030033947 0.00018697856 1.2919288e-05 0.00043563134 0.0033652696 1.4745667e-05 0.0031338322 1.1304773e-05 4.3098597e-05 0.0045288885 1.3940461e-06 2.103201e-06 3.9503943e-06 6.1071105e-06 3.8286616e-05 8.5106353e-07 0.00011072685 2.2970871e-08 0.0017706044 0.0016573073 2.9791752e-07 3.6439218e-07 0.0012885666 0.00040873367 6.3098315e-07 0.00023967301 4.1328076e-07
0.045831017 0.9581119 0.1388 0.110487044 2.9530482e-19 0.034737557 0.961569 0.022223443 0.3468094 0.024591494 0.0006801614 0.21220666 0.3275946 0.032181334 0.017068202 0.020426942 0.019414084 0.030370668 4.54991e-05 0.004904463 0.43866104 0.00441874 0.20681074 0.038499646 0.08429873 0.08262197 0.0025135584 0.0026639656 0.005261085 0.003845245 0.006633447 0.0008515613 0.0016255581 0.09128408 0.033201374 0.031223351 0.00051687233 0.0021881443 0.03260511 0.0017477163 0.0028034926 0.0003883745 0.0016319529 0.00093651476 0.00060352444 0.039469678 0.0119046215 0.00010215247 0.0024085224 3.7255857e-05 0.00016974837 0.3236001 5.530809e-05 6.8614376e-05 1.3710723e-05 1.7120473e-06 8.147649e-06 5.9177386e-05 0.0005570938 0.00019894636 9.858755e-05 0.0003537124 0.00072859746 5.519685e-05 0.002524117 2.7758879e-05 6.417169e-06 0.000766732 0.00028017032 0.00022335145 5.5519475e-05 0.000756144 0.0004921569 5.1478233e-05 1.0898519e-05 1.7807519e-06 4.9789533e-06 0.0005586143 5.5781496e-05 1.0401115e-05 9.903696e-05 1.3713892e-06 0.0001674988 0.0002712349 4.1980284e-06 1.5672516e-06 4.5627286e-05 7.037538e-06 6.7056926e-06 6.5806444e-07 0.0002139245 7.314888e-08 0.0002586417 0.000129795 0.00078804715 7.109641e-07 0.00028123148 1.4633914e-05 3.8000476e-07 8.596946e-06 1.626828e-06
0.51085514 0.44783595 0.67661875 0.47695798 0.034737557 8.178482e-20 0.0738598 0.78786224 0.20693707 0.94758934 0.9460415 0.002877047 0.0018936493 0.30009705 0.58430827 0.06663406 0.3902003 0.04768204 0.3230436 0.21298894 0.00068892876 0.20529392 0.00085457717 0.0005079068 0.0005310078 0.00065058144 0.04524694 0.28246987 0.095745474 0.12472484 0.20197946 0.26385662 0.09100756 0.012577774 0.00010294277 0.0021007154 0.04360148 0.022152478 2.8959159e-05 0.015098275 0.073938996 0.110999376 0.012867553 0.042773396 0.03359018 0.005176905 0.00425626 0.026535027 0.0012272503 0.04646649 0.001783599 0.0011774442 0.019085871 0.021030886 0.02344613 1.1918053e-06 0.017265627 0.03555306 0.027224591 0.0139395315 0.01845655 0.005552472 0.01615649 0.00060790736 8.347212e-05 0.00053398905 0.0011291801 0.00060466194 0.00052232284 0.006330301 0.015659943 9.481642e-05 0.00015823812 0.00017215042 0.010766214 0.0024204708 2.5926658e-05 0.00011001981 0.008738894 4.711275e-05 0.0067816386 9.601555e-05 4.1244193e-06 0.009139263 5.6281227e-05 2.0950984e-05 2.1127237e-06 0.0001934679 0.00048718145 4.1398393e-06 3.2013897e-05 1.2785173e-07 0.004890777 0.00399427 5.472674e-07 2.9680868e-07 0.004281601 0.0015816821 3.1280545e-06 0.00033355493 2.529008e-05
0.038393177 0.83037573 0.1404739 0.0750649 0.961569 0.0738598 2.3079669e-18 0.072524294 0.75910294 0.05318999 0.00048373462 0.06479728 0.15364265 0.2817428 0.02063341 0.011536164 0.014830695 0.014172333 1.5271045e-05 0.014980699 0.28163832 0.011279848 0.10638193 0.008403831 0.024895987 0.025176896 0.0073402883 0.0042820727 0.030487666 0.008112175 0.0065266443 0.00071550306 0.0033794846 0.65530396 0.0051234015 0.008955773 0.0006634133 0.009814352 0.0067584957 0.017289864 0.0023078294 0.000303252 0.010227292 0.00064188626 0.000211765 0.3599296 0.0010547589 4.9971368e-05 0.0008152228 2.4406088e-05 0.00058392424 0.57713914 2.6665684e-05 4.108969e-05 5.404499e-06 3.4943874e-05 1.9323243e-06 3.361212e-05 0.00050151406 0.00018636012 6.808698e-05 0.00019416068 0.00041276106 0.0004911657 0.00080781337 0.0001314653 6.703039e-06 0.00027005636 0.00441745 9.80056e-05 7.445091e-06 0.0016392804 7.29373e-05 0.0001103021 3.4785721e-06 1.4955518e-06 1.7276858e-05 0.00011793603 9.705007e-06 3.6940022e-05 3.545512e-05 5.455225e-06 1.8656701e-05 0.00014879406 2.9534325e-05 4.2066167e-06 7.619894e-06 1.39761705e-05 2.1540995e-06 2.0777804e-06 5.4080545e-05 9.0872696e-08 0.000100771795 9.989618e-05 0.00084155693 3.5418566e-06 0.000103237515 2.0331794e-05 7.165909e-07 6.4859246e-06 3.5323171e-06
0.47421816 0.34495983 0.24392793 0.05059821 0.022223443 0.78786224 0.072524294 1.123852e-19 0.37911442 0.3604483 0.91217184 0.00067842973 0.0005287313 0.6422827 0.10463238 0.004660399 0.029576067 0.0022221373 0.032506127 0.90822965 0.00018801726 0.6348887 0.00038250853 0.00011047528 0.00033237337 0.00024611925 0.29538423 0.3814731 0.39808068 0.43287843 0.03686921 0.2047749 0.26379007 0.021576153 1.4995113e-05 0.0007307115 0.103095725 0.08384531 8.780202e-06 0.062404454 0.013665355 0.08296193 0.042764317 0.016972143 0.010058275 0.009254276 0.0004518739 0.029000292 0.00023045215 0.029104568 0.011237689 0.0009785938 0.042493027 0.028461378 0.026241083 8.439076e-05 0.024308449 0.019525412 0.010541094 0.004484797 0.014128173 0.0020664642 0.008783641 0.0013114931 2.0460131e-05 0.0019997873 0.003966879 8.020823e-05 0.00086179207 0.0016181639 0.017241316 9.463448e-05 1.7567114e-05 0.00035289334 0.010168967 0.004519786 7.589221e-05 1.7679957e-05 0.011060637 0.00017352807 0.009885655 9.093465e-05 8.436791e-07 0.006065786 6.3264924e-05 2.1996868e-05 1.3147545e-06 0.00014452057 0.0011480324 8.590153e-06 8.258847e-06 3.2406498e-07 0.0021579543 0.0021050603 3.7292003e-07 6.0449725e-07 0.0073118834 0.0018532244 2.5315443e-05 0.00030030613 9.3698734e-05
0.13400969 0.7480041 0.18845938 0.044466186 0.3468094 0.20693707 0.75910294 0.37911442 2.0603975e-18 0.08170806 0.030974884 0.0027651407 0.0016013616 0.97441 0.030190075 0.005536155 0.013773091 0.0020430116 0.00036906573 0.11507601 0.0041026296 0.057399478 0.0011147393 0.00027615912 0.00020970263 0.00019082575 0.05535394 0.028433971 0.2135795 0.040717173 0.008349486 0.006202802 0.01963189 0.6785266 7.250406e-05 0.00087252323 0.003547719 0.1466572 2.8896231e-05 0.4609433 0.0032793782 0.0023636937 0.21857248 0.002145755 0.0010438146 0.36404228 0.00038014253 0.000488489 9.7960095e-05 0.000385176 0.025764033 0.08599756 0.0014252579 0.0003957438 0.00014584226 0.039766185 0.00017155238 0.00042922323 0.0014320266 0.00078587554 0.000696826 0.00044756767 0.0022065514 0.057156626 5.9302183e-05 0.0025601937 0.0003358639 0.0007948738 0.0062464573 0.0001107617 0.000275252 0.0006383745 7.8800345e-05 0.0023723093 7.4972784e-05 0.00027654285 0.0008370466 0.00012013487 0.00023879828 0.0011031441 0.00044407242 0.00018397179 7.4560753e-06 0.00025585695 0.00040439444 8.3511055e-05 6.5446166e-06 0.0004818834 0.00020372214 1.0641751e-05 5.6565343e-05 4.687278e-06 0.0005304804 0.0002577601 6.5686436e-05 4.7739297e-05 0.0013166267 0.00031430565 0.00026968832 4.091209e-05 0.00055907265
0.6835854 0.36895603 0.63691574 0.49671 0.024591494 0.94758934 0.05318999 0.3604483 0.08170806 7.612457e-21 0.7042005 0.0048568794 0.0034381887 0.10012083 0.91087395 0.19903257 0.624925 0.14853947 0.71596134 0.04876185 0.0006568462 0.045325384 0.0008523068 0.0008038677 0.00056869106 0.0006990661 0.012801726 0.12728286 0.030890997 0.036060773 0.2924327 0.18509597 0.040388077 0.0104983505 0.00013202529 0.0022567497 0.042347834 0.0069312938 3.398197e-05 0.005975841 0.119853966 0.10119098 0.0034646422 0.046122413 0.04243821 0.005101366 0.006027468 0.03493373 0.0015952354 0.05157121 0.00029874986 0.001141154 0.010875689 0.026270347 0.023283351 7.6504975e-08 0.010461216 0.042541545 0.033356078 0.015415881 0.022678997 0.00648394 0.017881976 8.221932e-05 3.1922632e-06 8.246306e-05 0.00042037133 0.00066164415 0.00025098288 0.005968346 0.020787904 5.1162115e-05 7.243654e-05 1.4160294e-05 0.016623845 0.00088568346 1.1455896e-06 2.290539e-05 0.009366063 2.4630804e-06 0.0068399464 4.5922848e-06 2.0705368e-06 0.013057125 1.7092325e-05 3.8073263e-06 4.6614204e-07 1.2386924e-05 0.00017615705 7.745018e-07 1.1981388e-05 3.5351988e-08 0.0051854406 0.0032663052 4.365304e-08 3.8154905e-08 0.0033598882 0.0011544744 2.821377e-07 0.00047503956 1.1913554e-06
0.13420637 0.04531691 0.2290062 0.12036733 0.0006801614 0.9460415 0.00048373462 0.91217184 0.030974884 0.7042005 2.8474696e-26 0.0001245692 6.348283e-06 0.17629161 0.31891605 0.02169617 0.17802079 0.011145234 0.0059514595 0.6061375 2.1473968e-06 0.63092583 6.086763e-07 9.119663e-06 4.3570714e-07 1.9805955e-07 0.19046287 0.65825284 0.11527299 0.33204257 0.102796994 0.65647316 0.37757635 5.9010126e-05 6.193586e-07 7.223083e-05 0.3467898 0.01858741 2.7314834e-07 0.0029667357 0.06025595 0.33172134 0.0060165734 0.051818606 0.03864791 7.6548695e-06 0.00022718134 0.10848502 1.1424109e-05 0.08468355 0.0056669554 1.678145e-07 0.031142183 0.049320653 0.053517066 5.395595e-08 0.033634357 0.020485602 0.010389617 0.0031731308 0.010614254 0.0021917187 0.005548608 4.8292634e-07 7.6065203e-06 0.00032571814 0.0015505778 0.0001856874 8.4195176e-07 0.0012706572 0.020385304 2.4981873e-06 8.026061e-06 2.2614656e-06 0.012237822 0.00097243435 2.2876335e-05 1.9552754e-06 0.011240975 1.8369821e-05 0.008468177 3.18248e-07 1.8575673e-07 0.0038906925 1.08443665e-07 2.8527265e-07 1.4865689e-08 1.5813652e-05 0.0011954003 1.2023773e-07 5.299183e-08 8.541012e-09 0.0040909867 0.002830103 3.527254e-10 3.3882962e-08 0.0042599533 0.0006646374 3.2079558e-06 0.0003047837 1.2221462e-05
0.4145347 0.39948434 0.15004933 0.23565125 0.21220666 0.002877047 0.06479728 0.00067842973 0.0027651407 0.0048568794 0.0001245692 1.899987e-20 0.95037323 0.00093133026 0.012207857 0.32206243 0.087644815 0.44336 8.099381e-05 2.3527042e-05 0.3825418 5.795945e-05 0.13121988 0.9337713 0.107912175 0.07432748 8.491321e-06 0.00020473883 1.1242438e-05 2.0157917e-05 0.020590149 0.00017297754 2.1244698e-05 0.0010628297 0.7220899 0.55243903 4.4024357e-05 8.5361235e-06 0.098238334 2.6233135e-06 0.022950243 0.00017220313 5.700257e-05 0.0025514362 0.0012819989 0.0006628122 0.4289544 0.000108866705 0.11843976 3.3133198e-05 8.27095e-07 0.050281893 3.921099e-06 5.4439144e-05 4.391407e-05 1.3571064e-08 3.559246e-05 0.00013275279 0.00053319975 0.000248508 0.00033794655 0.0011575602 0.001045798 8.788487e-08 0.008131222 1.7556945e-07 6.7541515e-07 0.003376637 1.0994519e-05 0.0025350282 0.0015879043 1.186296e-05 0.0008202032 1.228631e-07 0.00045264463 2.114911e-06 7.969364e-09 0.0009960595 0.0012008207 2.0312896e-07 0.00084495376 1.2254596e-07 0.00021319925 0.0009788814 1.9964894e-07 5.7141765e-08 0.00032968872 3.4343503e-07 3.2619064e-06 7.475694e-09 0.00069411594 6.22051e-08 0.00069331744 0.0001892483 1.5676544e-05 1.1295337e-08 0.0015543717 8.4083964e-05 1.5026584e-08 7.0899456e-05 3.093127e-08
0.2634934 0.60217696 0.119853765 0.15219773 0.3275946 0.0018936493 0.15364265 0.0005287313 0.0016013616 0.0034381887 6.348283e-06 0.95037323 1.9512278e-19 0.0001591102 0.0030761478 0.08465446 0.02067514 0.13992634 5.2822106e-06 1.0983105e-05 0.83124745 2.5041896e-05 0.4594818 0.715116 0.48023403 0.40983215 4.683239e-06 4.360372e-05 4.194215e-06 6.0677676e-06 0.004174052 1.5049139e-05 6.066292e-06 0.00070232747 0.77174604 0.2687199 1.5709544e-05 3.1271002e-06 0.31230062 1.0784976e-06 0.004187856 2.647609e-05 1.6219026e-05 0.00030651985 0.00016805403 0.00055889966 0.16334276 1.9493538e-05 0.029665003 5.5563733e-06 4.7990306e-07 0.1582545 2.6331163e-06 1.6199441e-05 1.361851e-05 2.4322484e-09 5.2143614e-06 1.683706e-05 6.6099485e-05 5.3660962e-05 5.3159805e-05 0.00031480036 0.00020502877 1.1095113e-08 0.016210508 3.8134945e-07 3.451171e-07 0.00077969953 7.835951e-06 0.0003302432 9.5370975e-05 3.9739178e-05 0.000259355 8.708609e-08 1.1216167e-05 5.2584335e-07 1.9346219e-08 0.00041099056 0.00011092121 2.6299955e-07 6.182698e-05 1.2269699e-08 0.00033023686 8.664732e-05 5.6810528e-08 1.0270742e-08 0.0005455577 1.2295313e-07 1.787805e-06 3.6466365e-09 0.00031148375 5.9343814e-09 0.00026605418 2.0428604e-05 0.00015796763 3.754515e-09 0.00029343905 1.3570257e-05 5.396734e-09 4.498714e-06 4.8547295e-09
0.3428871 0.52994514 0.09893733 0.011861897 0.032181334 0.30009705 0.2817428 0.6422827 0.97441 0.10012083 0.17629161 0.00093133026 0.0001591102 4.5843934e-18 0.02310903 0.0027517064 0.0074084206 0.0013302615 0.0011082262 0.48958427 0.00042959122 0.30259264 0.0002794365 9.7082244e-05 8.338078e-05 8.684115e-05 0.33562133 0.10124225 0.6809017 0.24223016 0.008231401 0.028885033 0.11111076 0.17307737 1.071488e-05 0.00028577057 0.026201334 0.52103627 4.208234e-06 0.63801754 0.0032869526 0.012051884 0.41701788 0.0056134243 0.0037360715 0.045123894 4.09893e-05 0.004955694 1.1084511e-05 0.003026235 0.08753938 0.0068350662 0.019270716 0.00590773 0.0065725227 0.048332956 0.0054426817 0.0018048275 0.0022411575 0.000749036 0.002475748 0.0003343199 0.0034690727 0.028799338 2.2158117e-06 0.009161973 0.004551451 3.27494e-05 0.00053403433 0.00014333628 0.0059667095 3.0805793e-05 8.25428e-06 0.0024041403 0.0016461163 0.00448068 0.0015785295 3.577814e-05 0.0037128525 0.0018630576 0.0040185265 0.00030014777 1.9977722e-06 0.0013669636 5.654851e-05 9.3536946e-05 5.113777e-07 0.000431617 0.0022252228 3.1419197e-05 6.7869305e-06 3.4191642e-05 0.00073332444 0.00068568916 3.9422514e-07 2.908143e-05 0.006367292 0.0010952052 0.00069891673 0.000346788 0.0011541293
0.6833907 0.17169937 0.47087345 0.49881423 0.017068202 0.58430827 0.02063341 0.10463238 0.030190075 0.91087395 0.31891605 0.012207857 0.0030761478 0.02310903 1.5395957e-20 0.43410036 0.9238354 0.37049198 0.86570084 0.011134526 0.00077842793 0.0113464715 0.0009163922 0.0018960094 0.0008307037 0.0008256694 0.0035600425 0.047497254 0.008696012 0.008411469 0.57757354 0.10264618 0.012513973 0.003209598 0.00049858383 0.003998989 0.015272978 0.0021659923 9.972875e-05 0.0021823612 0.30897444 0.07771553 0.002362282 0.09560913 0.08157097 0.0018730545 0.023153052 0.02475515 0.0031190435 0.038457386 0.00010552508 0.00022751634 0.0046123303 0.01672463 0.017771794 5.37043e-08 0.0077455803 0.04374515 0.0392856 0.024526972 0.031017626 0.014546556 0.02945672 4.924348e-05 2.5260553e-05 8.697509e-05 0.0005591679 0.0027925163 0.00023095115 0.021891097 0.021410072 5.681132e-05 0.0005529016 6.2094214e-06 0.019875474 0.00094810856 6.70301e-07 0.0005088854 0.01117696 3.4473433e-06 0.013339685 6.2557415e-06 1.3695092e-05 0.020454478 2.8285624e-05 4.0475397e-06 1.4251667e-06 4.1108346e-05 0.00035914298 2.602282e-07 8.889926e-05 2.7973778e-08 0.013271626 0.007734316 2.7004154e-07 1.8802282e-08 0.004880029 0.0016171605 6.1482126e-07 0.00022493476 2.7332437e-06
0.48867896 0.18334863 0.2773259 0.45821923 0.020426942 0.06663406 0.011536164 0.004660399 0.005536155 0.19903257 0.02169617 0.32206243 0.08465446 0.0027517064 0.43410036 1.4142244e-21 0.863573 0.9768931 0.10752404 0.00035254707 0.018546991 0.0011454416 0.0055547575 0.09178754 0.0024780042 0.0018504059 0.0003873006 0.003256045 0.00041266286 0.0010915152 0.46476978 0.0047805086 0.0013028894 0.0007563855 0.020834098 0.14348629 0.001444233 0.00014484373 0.00074816507 5.4584183e-05 0.31989893 0.0067334217 0.00018621444 0.024888715 0.016025973 0.00022182307 0.35010144 0.003278817 0.014225618 0.0039955885 1.1186288e-05 0.0016723969 0.00018213426 0.0022598566 0.00073790696 8.614982e-09 0.00024855777 0.0057029626 0.005218409 0.005635935 0.009156479 0.017034955 0.007919357 2.8209897e-05 2.0656897e-05 9.882058e-06 8.686365e-06 0.0063343984 1.5974536e-05 0.019852132 0.009764708 7.517615e-06 0.0010893428 6.113468e-06 0.0066461647 0.00014157075 1.7644665e-07 0.000604927 0.004817571 1.4313356e-06 0.005982681 1.2278807e-06 0.000109102955 0.015796207 2.0891475e-06 4.1926086e-07 3.8105445e-06 4.1435005e-06 1.0080895e-05 5.5867925e-08 0.00017614094 6.731966e-09 0.010198152 0.0031729206 7.387363e-08 1.9039598e-08 0.001559794 0.00045306294 4.0187846e-08 0.00020769027 8.9065956e-08
0.7560723 0.24796511 0.49714935 0.610369 0.019414084 0.3902003 0.014830695 0.029576067 0.013773091 0.624925 0.17802079 0.087644815 0.02067514 0.0074084206 0.9238354 0.863573 7.3201025e-21 0.8170811 0.73869103 0.0016182844 0.0024313803 0.0023886284 0.0014011026 0.010740934 0.0011426954 0.0010394829 0.0006516771 0.008971621 0.0015088766 0.0015442352 0.7275923 0.020053726 0.0025730296 0.0013619212 0.0026788823 0.020028638 0.0040787095 0.00031432067 0.000108062166 0.00038993213 0.39610174 0.024293704 0.0005891366 0.07305424 0.05129187 0.00079579273 0.10449732 0.008206347 0.0072177947 0.012774974 1.2724719e-05 0.00038641036 0.0009808359 0.007587904 0.005449959 8.84718e-09 0.0017989023 0.01659299 0.014251249 0.012458043 0.01434621 0.014453415 0.013469996 7.5912226e-06 1.0499882e-05 9.854718e-06 2.7604838e-05 0.0022482604 7.7841236e-05 0.017335674 0.015822833 2.2927266e-05 0.0005583073 1.0965989e-06 0.012563036 0.00028538928 6.273833e-08 0.00047769537 0.006916905 7.206961e-07 0.010525282 2.0497425e-06 5.111125e-05 0.01892743 8.580008e-06 2.1121477e-06 2.5138218e-06 1.1961476e-05 2.6312777e-05 1.0339106e-07 0.00010829192 1.738184e-08 0.011318616 0.005612544 1.1925664e-07 9.752934e-09 0.002946755 0.0007614286 3.459628e-08 0.0003530623 2.9240502e-07
0.54797024 0.20164563 0.2643594 0.5132247 0.030370668 0.04768204 0.014172333 0.0022221373 0.0020430116 0.14853947 0.011145234 0.44336 0.13992634 0.0013302615 0.37049198 0.9768931 0.8170811 2.8479655e-21 0.048159152 0.00013318405 0.031226644 0.00064769655 0.013073584 0.16286391 0.0077533433 0.0058285273 0.00017811035 0.0018159411 0.00019578336 0.00058742403 0.4290497 0.0029163586 0.00067620736 0.00062288163 0.04107552 0.23682699 0.00065974257 0.000103341634 0.00304612 2.6747159e-05 0.30641875 0.003041271 9.575247e-05 0.018455826 0.009695715 0.000117369294 0.4581449 0.0015228675 0.019346341 0.0020798433 7.1877253e-06 0.003081008 4.7807225e-05 0.0012150214 0.00038581144 1.3394856e-08 0.0001338362 0.0041380064 0.0036282989 0.0034806347 0.008668452 0.014555728 0.007237219 7.037512e-06 6.9196394e-05 4.948279e-06 2.2976853e-06 0.010247145 1.2580285e-05 0.017592346 0.00749364 7.7840305e-06 0.0017065271 4.41784e-06 0.00578999 6.102212e-05 2.3673944e-07 0.00078208937 0.0042109657 1.5850953e-06 0.005132062 1.0326714e-06 0.00014520498 0.012504036 1.1251677e-06 2.9515064e-07 9.883584e-06 1.9018169e-06 5.9999297e-06 3.0835725e-08 0.00031328163 1.5708578e-08 0.006862296 0.0025088286 1.970781e-07 1.0714095e-08 0.0015359807 0.0003480965 3.5915274e-08 0.00024053078 4.8312142e-08
0.2488738 0.0014030684 0.07076953 0.07237036 4.54991e-05 0.3230436 1.5271045e-05 0.032506127 0.00036906573 0.71596134 0.0059514595 8.099381e-05 5.2822106e-06 0.0011082262 0.86570084 0.10752404 0.73869103 0.048159152 5.6681525e-30 0.008396975 1.5273077e-06 0.017968193 1.000955e-06 1.5329735e-05 1.1853431e-06 3.691178e-07 0.0032111395 0.086281486 0.00083685416 0.013769533 0.7731728 0.31336883 0.027733974 1.7076569e-07 4.1935203e-07 3.6522128e-05 0.073179565 4.307132e-05 4.3223395e-07 1.5200524e-06 0.52365685 0.2788398 1.7164952e-05 0.29283133 0.32960868 4.6934193e-08 0.0011587911 0.07885886 1.5131239e-05 0.11583405 2.5060388e-05 2.7537038e-08 0.0013829891 0.023804009 0.018972127 1.3113326e-11 0.004614365 0.04715715 0.03759221 0.0102316085 0.024765778 0.005309149 0.013414366 2.7386239e-08 2.4499566e-06 4.4442568e-05 0.00016545632 0.0001885157 9.110178e-08 0.0022826616 0.025233535 2.8475446e-08 3.9807946e-05 1.5933789e-07 0.014959941 0.00024266336 4.8806637e-06 8.48449e-06 0.013587442 5.0392628e-06 0.009362166 1.4820202e-07 9.153321e-08 0.012080537 9.407721e-09 4.0096047e-08 8.237753e-09 4.0533862e-07 0.00050706265 1.3040939e-08 1.9888832e-06 1.0226781e-11 0.0076272124 0.0066406718 6.9113842e-12 2.4070603e-08 0.001629617 0.0009056018 1.2526193e-06 9.6156844e-05 8.683581e-06
0.67053545 0.048144497 0.027081301 0.0032049487 0.004904463 0.21298894 0.014980699 0.90822965 0.11507601 0.04876185 0.6061375 2.3527042e-05 1.0983105e-05 0.48958427 0.011134526 0.00035254707 0.0016182844 0.00013318405 0.008396975 4.8143236e-20 1.6860953e-05 0.9193669 3.064688e-05 5.201904e-06 3.5750443e-05 3.113639e-05 0.75157255 0.2737394 0.63263977 0.6701592 0.0038181294 0.08894467 0.37484232 0.007638528 5.850842e-07 5.4431304e-05 0.1436232 0.13507466 4.4448547e-07 0.04411609 0.0011458339 0.04123881 0.037759613 0.003575965 0.0024454282 0.0025048757 8.763003e-06 0.024673177 7.729467e-06 0.011140861 0.020694112 1.4313036e-05 0.09763406 0.036215458 0.056064956 0.00035441155 0.06682725 0.005819399 0.0030647733 0.0005554713 0.0068467534 0.00021067985 0.00261845 0.0007242023 2.9794708e-07 0.0022521121 0.01062394 9.369081e-06 3.0173414e-05 6.0552844e-05 0.021828018 5.399847e-06 1.1690223e-06 0.00016408532 0.011293249 0.01324023 2.6982274e-05 1.1011218e-06 0.017496416 0.00014725354 0.022662595 2.8632065e-05 2.3676316e-07 0.004269774 1.5105503e-05 6.394724e-06 1.10143844e-07 3.575126e-05 0.0033435225 6.6490484e-06 4.2392554e-07 2.474089e-06 0.0013057273 0.0020427525 1.8886173e-08 3.2493057e-07 0.01531759 0.0040916246 3.3354427e-05 0.000739449 5.9600297e-05
0.030805958 0.5533727 0.040275842 0.041841276 0.43866104 0.00068892876 0.28163832 0.00018801726 0.0041026296 0.0006568462 2.1473968e-06 0.3825418 0.83124745 0.00042959122 0.00077842793 0.018546991 0.0024313803 0.031226644 1.5273077e-06 1.6860953e-05 3.0320084e-17 1.2096877e-05 0.95205283 0.19046004 0.8392963 0.79577106 1.1696339e-05 1.8300752e-05 2.1152853e-05 1.0357425e-05 0.001149609 1.1601291e-05 1.34182865e-05 0.0010945575 0.43337396 0.054218136 4.4104832e-05 1.3649118e-05 0.40721655 3.067792e-06 0.0008815194 1.7151582e-05 6.545369e-05 8.211094e-05 5.8631478e-05 0.00087513536 0.030897079 1.8453418e-05 0.0025982156 1.4692438e-05 3.135557e-06 0.34447572 5.144694e-06 7.666787e-06 2.6408873e-06 9.028065e-08 2.484945e-06 1.3826047e-05 3.307142e-05 4.9044153e-05 3.3317454e-05 8.2610495e-05 0.000183899 1.9388541e-07 0.014808132 9.171838e-06 2.8070346e-07 0.00019622732 3.1791707e-05 0.00015669393 7.38611e-06 0.00013037333 0.0001437907 2.4853784e-06 4.176054e-06 4.655028e-07 5.158871e-07 0.00041573207 1.5403344e-05 9.1933845e-07 1.3386665e-05 3.120373e-08 4.7938163e-05 0.00017062937 4.2219148e-07 1.8261236e-08 0.00023463374 1.1827979e-06 6.764672e-07 4.754735e-08 0.00012304491 6.5670704e-09 0.00011852742 1.5310243e-05 0.00040518833 1.4873092e-08 1.7826422e-05 8.428231e-06 2.7671192e-08 2.6213606e-06 1.4716564e-08
0.86728936 0.05810583 0.03865476 0.0064105056 0.00441874 0.20529392 0.011279848 0.6348887 0.057399478 0.045325384 0.63092583 5.795945e-05 2.5041896e-05 0.30259264 0.0113464715 0.0011454416 0.0023886284 0.00064769655 0.017968193 0.9193669 1.2096877e-05 1.5698372e-18 2.7767801e-05 2.2615035e-05 5.6486308e-05 4.6597674e-05 0.64075696 0.49090412 0.4490609 0.8625332 0.004674489 0.18259595 0.65574944 0.004609988 1.428705e-06 0.00010486657 0.359511 0.06265942 3.7955093e-07 0.024518987 0.0020437755 0.083212584 0.025049318 0.0047216564 0.0035364162 0.002479867 1.1716234e-05 0.05458795 3.663009e-05 0.032716338 0.012845967 2.1813298e-06 0.14825028 0.083341 0.10905525 0.00022550265 0.098294616 0.009080965 0.004339595 0.0014203948 0.011862343 0.00078241574 0.0034942208 0.000634792 1.6022014e-07 0.0013837399 0.011662253 1.323554e-05 3.0807292e-05 0.00018738859 0.055601377 2.51732e-06 2.30718e-06 0.00010584196 0.032444045 0.021411989 3.513515e-05 2.902777e-06 0.04861871 0.00010955034 0.06615335 2.6185957e-05 3.3608657e-07 0.0069375765 8.390882e-06 1.21323e-05 1.1550132e-07 1.6426793e-05 0.004704085 6.2371023e-06 6.8336897e-07 1.8260906e-06 0.0050434987 0.0066114715 3.2806433e-08 2.677868e-07 0.02840539 0.0085234465 2.537009e-05 0.0015040851 8.860437e-05
0.0094969 0.24932308 0.00924564 0.016072543 0.20681074 0.00085457717 0.10638193 0.00038250853 0.0011147393 0.0008523068 6.086763e-07 0.13121988 0.4594818 0.0002794365 0.0009163922 0.0055547575 0.0014011026 0.013073584 1.000955e-06 3.064688e-05 0.95205283 2.7767801e-05 1.7109867e-17 0.065078765 0.88572496 0.9246738 1.7899813e-05 3.0429215e-05 8.63978e-05 1.6326745e-05 0.00049490086 5.879439e-06 1.3180468e-05 0.00092815066 0.26806957 0.011397906 9.073433e-06 3.8350277e-05 0.65225726 2.7774131e-05 0.0001587643 1.2084621e-05 7.322655e-05 4.8766324e-05 3.327817e-05 0.0011343441 0.016019564 7.4688783e-06 0.00067389203 5.98187e-06 9.887176e-06 0.27483732 3.5860994e-06 4.838379e-06 1.0667005e-06 5.8134685e-08 4.636884e-07 4.286146e-06 3.292317e-05 2.3309272e-05 1.9078017e-05 2.9640958e-05 9.15193e-05 2.1672595e-07 0.030884773 1.6363034e-05 6.0884753e-07 0.00019523446 5.5493012e-05 4.3126147e-05 6.5647696e-06 0.0003966255 0.00011223609 2.9477553e-06 1.4849907e-06 1.2018282e-07 1.2908333e-06 0.00023088355 5.963085e-06 9.523288e-06 5.3345457e-06 3.470222e-08 0.00011991098 9.651939e-05 8.808327e-07 6.3992694e-08 0.0003400546 5.560858e-06 2.9890475e-07 3.2622793e-08 0.00016862282 1.0934397e-08 6.081996e-06 4.2695983e-06 0.00078631897 3.4147405e-08 7.3291826e-06 2.4760575e-06 1.0254774e-07 6.148694e-07 9.989708e-08
0.22381002 0.07818774 0.008670566 0.027301077 0.038499646 0.0005079068 0.008403831 0.00011047528 0.00027615912 0.0008038677 9.119663e-06 0.9337713 0.715116 9.7082244e-05 0.0018960094 0.09178754 0.010740934 0.16286391 1.5329735e-05 5.201904e-06 0.19046004 2.2615035e-05 0.065078765 3.355594e-22 0.063005 0.040905237 6.1438604e-06 4.9027225e-05 6.575146e-06 4.699484e-06 0.006934514 2.484254e-05 3.909602e-06 6.992098e-05 0.9305427 0.92190397 7.766198e-06 7.1521617e-06 0.13333601 9.595476e-07 0.010181033 2.0859932e-05 2.3110768e-05 0.0020374197 0.0010104843 0.00010816331 0.6045165 1.6983557e-05 0.44374853 8.88637e-06 2.163721e-06 0.024688259 8.0139955e-07 1.8916466e-05 1.9491028e-05 1.4930378e-10 8.356128e-06 0.00012596355 0.00072953996 0.00062018796 0.00034755844 0.0013190825 0.0009847762 8.024644e-08 0.013130956 6.202798e-08 9.713487e-08 0.015810132 7.767531e-06 0.004395604 0.00116419 4.0109353e-06 0.0050440524 6.329932e-07 0.00030074318 1.4030757e-06 3.2429362e-08 0.0035006383 0.0009419724 2.6932474e-07 0.00064829265 5.127443e-08 0.0010047547 0.0011994942 5.5008694e-08 3.997501e-08 0.0011261834 3.4897496e-08 1.3379332e-06 8.3259755e-09 0.001689384 1.2377936e-09 0.0006779476 0.00023437341 1.5413614e-05 2.15832e-09 0.00053335924 5.3746495e-05 1.9223217e-08 1.1965298e-05 1.2968979e-08
0.0064539793 0.10089398 0.0019550435 0.0055585094 0.08429873 0.0005310078 0.024895987 0.00033237337 0.00020970263 0.00056869106 4.3570714e-07 0.107912175 0.48023403 8.338078e-05 0.0008307037 0.0024780042 0.0011426954 0.0077533433 1.1853431e-06 3.5750443e-05 0.8392963 5.6486308e-05 0.88572496 0.063005 1.0349984e-17 0.96698177 4.0102303e-05 3.14787e-05 0.00017288058 3.8552287e-05 0.0005074069 5.966612e-06 2.0749912e-05 0.00015124466 0.34359828 0.015043671 1.1259132e-05 8.794863e-05 0.8239208 3.3573386e-05 0.00016510484 9.470044e-06 0.00010613781 6.27456e-05 3.8313283e-05 0.00029200557 0.019264756 6.0961074e-06 0.0010525513 1.9892143e-05 2.7705377e-05 0.14711447 2.622248e-06 6.5516297e-06 2.4027352e-06 1.5560015e-08 1.0148025e-06 1.1149417e-05 9.031455e-05 3.5831203e-05 0.00012877164 4.9179554e-05 0.0003106863 2.333814e-07 0.026802516 1.4115828e-05 1.747556e-07 0.00029402733 1.8615274e-05 9.841621e-05 2.2413014e-05 8.1541366e-05 0.00021726952 6.2662984e-06 3.2750263e-06 3.8946064e-07 8.472547e-06 0.00038764498 1.6811822e-05 1.20252635e-05 2.139032e-05 4.6627786e-08 0.00036709578 0.0003249428 4.877037e-07 8.457482e-08 0.0008599054 7.992464e-07 4.1595214e-07 1.0031753e-07 0.0005611283 1.4058509e-08 2.3349807e-05 1.6005277e-05 0.00049358816 3.2122234e-08 1.217989e-05 3.1566735e-06 2.0680037e-07 1.3096487e-06 1.276266e-07
0.0051656286 0.09336427 0.0020718523 0.004652958 0.08262197 0.00065058144 0.025176896 0.00024611925 0.00019082575 0.0006990661 1.9805955e-07 0.07432748 0.40983215 8.684115e-05 0.0008256694 0.0018504059 0.0010394829 0.0058285273 3.691178e-07 3.113639e-05 0.79577106 4.6597674e-05 0.9246738 0.040905237 0.96698177 7.1124835e-18 3.148596e-05 2.0877944e-05 0.000100536236 2.9422803e-05 0.00039215255 3.2333353e-06 1.1620193e-05 0.00018218569 0.33159348 0.008892462 6.7297165e-06 6.6411245e-05 0.8783583 2.4626095e-05 9.244307e-05 5.2370865e-06 8.8212655e-05 4.3498225e-05 3.6678677e-05 0.0003731887 0.012422 2.8014517e-06 0.0007132477 9.762561e-06 1.8796503e-05 0.18982343 1.4403265e-06 3.031181e-06 1.0518507e-06 1.165289e-08 3.268503e-07 6.1315686e-06 7.638182e-05 2.7994796e-05 7.652312e-05 2.9775903e-05 0.00024279323 1.913264e-07 0.042984277 1.2864575e-05 1.4643436e-07 0.00018073137 1.8695744e-05 3.3479002e-05 9.76717e-06 0.00016752805 0.00016295859 3.8136823e-06 1.9332738e-06 1.6311336e-07 7.3222873e-06 0.0003559236 7.793122e-06 1.2350263e-05 8.536848e-06 3.8229274e-08 0.0003710629 0.00018853259 5.3386856e-07 1.3921071e-07 0.0008192901 2.5500701e-06 3.5756375e-07 9.444239e-08 0.00036005932 7.392546e-09 1.0784385e-05 9.678785e-06 0.0010138777 3.6270702e-08 5.830364e-06 1.791678e-06 2.469823e-07 5.0831886e-07 2.470247e-07
0.8980187 0.03104346 0.021058984 0.003352402 0.0025135584 0.04524694 0.0073402883 0.29538423 0.05535394 0.012801726 0.19046287 8.491321e-06 4.683239e-06 0.33562133 0.0035600425 0.0003873006 0.0006516771 0.00017811035 0.0032111395 0.75157255 1.1696339e-05 0.64075696 1.7899813e-05 6.1438604e-06 4.0102303e-05 3.148596e-05 5.1418645e-17 0.13561313 0.957384 0.8422992 0.00047291166 0.04855871 0.46414885 0.0038562827 1.1253759e-06 4.3636952e-05 0.20989308 0.32146406 5.0621156e-07 0.049892217 0.00023724948 0.03434808 0.074202664 0.00084724056 0.0005837038 0.0013931609 1.5269654e-06 0.030848796 3.1613492e-06 0.012511234 0.09074076 2.615884e-06 0.3633612 0.09012497 0.13483441 0.004622716 0.21231395 0.0021840485 0.000993149 0.00029703736 0.0031250878 0.000114297385 0.0010905588 0.0017552394 2.539531e-07 0.015131348 0.07469545 1.0614317e-06 3.8939237e-05 1.7350085e-05 0.039766803 2.8181296e-06 7.2531236e-07 0.00045658433 0.018810617 0.11115503 0.0004102295 2.27443e-06 0.04958219 0.0011931547 0.079633445 3.5727302e-05 6.109328e-07 0.0033716315 1.6350257e-05 1.4315971e-05 1.4515892e-07 5.206766e-05 0.019549036 2.8011114e-05 3.536286e-07 2.9877254e-05 0.0024740703 0.003558983 6.6002755e-08 8.105528e-06 0.052020486 0.016487354 0.00030831876 0.0019700043 0.0008291757
0.9158484 0.09041674 0.10131918 0.019423593 0.0026639656 0.28246987 0.0042820727 0.3814731 0.028433971 0.12728286 0.65825284 0.00020473883 4.360372e-05 0.10124225 0.047497254 0.003256045 0.008971621 0.0018159411 0.086281486 0.2737394 1.8300752e-05 0.49090412 3.0429215e-05 4.9027225e-05 3.14787e-05 2.0877944e-05 0.13561313 3.5314686e-17 0.12446652 0.44378957 0.016467538 0.9376039 0.8192145 0.0018774719 2.689458e-06 0.00053062715 0.83178836 0.025804069 2.3151509e-07 0.01600215 0.009247201 0.45363015 0.01750174 0.014970766 0.011732755 0.0012776643 0.00013735228 0.28424847 3.8860104e-05 0.14659056 0.0028599044 3.9676505e-07 0.15796849 0.21083292 0.19055349 4.5094057e-06 0.13304189 0.04062958 0.016148258 0.00520878 0.03546159 0.0042442703 0.011699499 0.00014953721 8.0770384e-08 0.0006917702 0.009043306 2.8787828e-05 4.2576707e-05 0.0019192785 0.14122216 3.1598784e-06 5.6477443e-06 4.9589577e-05 0.09034193 0.029794712 4.835711e-05 8.438822e-06 0.10044501 4.0705665e-05 0.16980547 1.4115882e-05 3.4223254e-07 0.028169407 6.655869e-06 8.824172e-06 7.3492494e-08 5.431968e-06 0.0040886286 7.141117e-07 2.7088483e-06 2.3281301e-07 0.016931517 0.03352366 5.028036e-09 2.3095849e-07 0.03432785 0.024444927 9.889524e-06 0.0011444344 2.0173764e-05
0.92943305 0.17476186 0.03428827 0.0045344117 0.005261085 0.095745474 0.030487666 0.39808068 0.2135795 0.030890997 0.11527299 1.1242438e-05 4.194215e-06 0.6809017 0.008696012 0.00041266286 0.0015088766 0.00019578336 0.00083685416 0.63263977 2.1152853e-05 0.4490609 8.63978e-05 6.575146e-06 0.00017288058 0.000100536236 0.957384 0.12446652 5.5490933e-15 0.601678 0.00044176905 0.02911471 0.2863914 0.018085234 2.1463566e-06 7.356279e-05 0.0915508 0.6945178 3.47461e-06 0.28551742 0.00027654733 0.013105859 0.28071013 0.0008655486 0.00064916903 0.006036145 9.690972e-07 0.013227899 2.3350779e-06 0.004821951 0.31976646 8.79052e-05 0.21694227 0.035956867 0.054005343 0.016278533 0.09307212 0.0023367107 0.0019190689 0.00038972116 0.0035646728 0.00015185283 0.0019610415 0.011953198 1.0482446e-06 0.049212176 0.07044123 2.922772e-06 0.00019748721 1.4963058e-05 0.017403381 1.0766659e-05 8.707675e-07 0.0020319824 0.008721564 0.10045471 0.0028910786 3.809582e-06 0.02397088 0.0053621577 0.049679425 0.00031389497 9.969414e-07 0.0019605488 0.00013385064 0.00012795196 1.0202259e-06 0.00039414925 0.03459774 0.00017658042 1.011282e-06 0.00010337407 0.00093395234 0.0019474606 1.8099965e-07 0.000116598836 0.048190217 0.010010734 0.0010963756 0.0013432371 0.0028147446
0.9387563 0.063141555 0.052587 0.00848538 0.003845245 0.12472484 0.008112175 0.43287843 0.040717173 0.036060773 0.33204257 2.0157917e-05 6.0677676e-06 0.24223016 0.008411469 0.0010915152 0.0015442352 0.00058742403 0.013769533 0.6701592 1.0357425e-05 0.8625332 1.6326745e-05 4.699484e-06 3.8552287e-05 2.9422803e-05 0.8422992 0.44378957 0.601678 7.013182e-16 0.001280556 0.13440911 0.89003843 0.0040326463 1.690927e-06 8.177265e-05 0.5034237 0.108676344 5.0110094e-07 0.0326832 0.0009932261 0.053872254 0.033718172 0.0024440316 0.001812631 0.0014098627 3.973245e-06 0.046396285 5.066039e-06 0.028002203 0.016756352 1.3321961e-06 0.31820914 0.14900914 0.14837296 0.0007874709 0.1555686 0.0060543003 0.0028195898 0.0008852908 0.009360545 0.00084097724 0.0025129293 0.00065407954 1.4378143e-07 0.004848126 0.04326741 1.797634e-06 6.542068e-05 0.00010602512 0.06997974 2.6218556e-06 5.304141e-07 0.00010810927 0.04369289 0.07599363 0.00013890577 2.4554722e-06 0.08114787 0.00037368014 0.14070928 2.0262129e-05 2.684675e-07 0.0043511693 6.9421358e-06 1.9094688e-05 8.211826e-08 3.779721e-05 0.013888159 7.922121e-06 5.420126e-07 7.453289e-06 0.007138802 0.011372488 2.136629e-08 4.282603e-06 0.06361888 0.022608869 0.00013801604 0.001834554 0.00034434404
0.89522296 0.12481046 0.26772746 0.24161461 0.006633447 0.20197946 0.0065266443 0.03686921 0.008349486 0.2924327 0.102796994 0.020590149 0.004174052 0.008231401 0.57757354 0.46476978 0.7275923 0.4290497 0.7731728 0.0038181294 0.001149609 0.004674489 0.00049490086 0.006934514 0.0005074069 0.00039215255 0.00047291166 0.016467538 0.00044176905 0.001280556 3.8271744e-19 0.049147245 0.002858368 0.0011833785 0.000508735 0.030534944 0.0046414817 0.00032345936 7.8816765e-06 0.0005515837 0.9543221 0.09196902 0.0006184102 0.45514238 0.4617084 0.00073829095 0.1464082 0.01704778 0.006129909 0.07707048 1.697054e-05 2.6876066e-06 0.0003882899 0.008837699 0.0048308857 1.4223329e-08 0.00095915655 0.08124144 0.07872596 0.057158 0.052086994 0.051721036 0.07248792 1.6548274e-05 1.287461e-06 2.0437275e-05 6.2015715e-05 0.007931371 0.00069408945 0.05953912 0.033558007 1.1431749e-05 0.0022175517 3.0657623e-06 0.039556902 0.00017413615 4.2329214e-07 0.0015119425 0.019010356 8.9881235e-07 0.023700254 2.819899e-06 3.27865e-05 0.12845129 0.00019605411 6.333872e-06 4.647685e-06 4.1145096e-05 2.2995324e-05 7.427871e-08 0.0002663573 1.25875514e-08 0.05332397 0.022937918 1.793572e-08 5.9345404e-09 0.0025184532 0.0013015519 8.774614e-09 0.00031068508 5.3695388e-08
