1.3262304e-23 0.66111743 0.09786525 0.10770655 0.33043218 0.34600577 0.4417669 0.5603321 0.55999714 0.5060086 0.31498864 0.18581489 0.48535547 0.7265949 0.04455892 0.7297904 0.748711 0.013379379 0.52397704 0.64207053 0.8009604 0.0098584555 0.29025447 0.0075274874 0.8788655 0.021672197 0.23885547 0.95154774 0.9278303 0.9575636 0.92863864 0.09893664 0.95808923 0.91096187 0.95004284 0.010183364 0.004587398 0.4428351 0.15760761 0.82014734 0.33614928 0.9770619 0.88932776 0.9136502 0.83733237 0.0058660368 0.83769363 0.93083423 0.9513118 0.9608975 0.013405049 0.900419 0.96043015 0.060194895 0.853109 0.92155164 0.94476926 0.9768431 0.96045226 0.18474141 0.00010837013 0.9531417 0.0017262135 0.9905975 0.9577384 0.9292921 0.9888545 7.024078e-05 0.97757864 0.8722168 0.8314069 0.8564047 0.98258835 0.17265 0.9880092 0.9958881 0.9884659 0.9929625 0.02577299 0.11800909 0.99757653 0.00013694422 0.0032695888 0.005992385 0.9998623 0.00056812837 4.723942e-06 0.69171053 0.9964128 0.9992684 0.13998719 6.4936023e-07 0.032910235 0.9345878 0.9989775 0.9976932 0.99995166 0.9999599 2.0874409e-06 0.99998075 0.99992037
0.66111743 3.4904994e-17 0.91757977 0.80458164 0.7856444 0.7858025 0.7607848 0.59889245 0.4544055 0.40522066 0.63780427 0.09079677 0.54781586 0.56588435 0.57386017 0.35924727 0.06692414 0.2930801 0.3035114 0.36877424 0.49070463 0.16452418 0.0031453553 0.14188766 0.08678997 0.27828196 0.14756912 0.1796336 0.061618183 0.09064522 0.13600837 0.1240045 0.060746435 0.21051109 0.025264867 0.119087875 0.1251612 0.014634209 0.046904255 0.023791505 0.01540079 0.020533921 0.0697627 0.010956466 0.011280672 0.37758452 0.005969311 0.022230979 0.0038310655 0.0004876246 0.004859578 0.001192383 0.0019731421 9.814056e-05 0.0022562507 0.0016868587 0.00042776074 0.0008842516 0.0016015692 0.00018428297 0.0013283289 0.00062032306 0.0029008926 0.0017600427 0.00021266744 0.0007491093 0.0024838091 0.009362612 0.00029145303 0.004317553 7.006322e-05 0.0011063823 0.0028256073 0.0014729005 5.7824604e-06 0.0017996986 0.0016781475 8.715888e-06 1.0574697e-05 0.002855084 0.0016322316 1.7717628e-05 0.00016038549 6.9187513e-06 0.004962476 0.0007631141 9.6788035e-06 7.926203e-06 0.002921177 0.00039078447 1.9974377e-07 3.4646422e-05 0.0004571601 1.6067498e-06 0.00063834526 4.5395104e-06 0.0030439638 0.003345714 5.153971e-06 0.0011900433 1.4270762e-06
0.09786525 0.91757977 2.3590591e-19 0.974621 0.12630333 0.43688005 0.12343639 0.031331025 0.019142697 0.019255707 0.3542142 0.000812886 0.18169577 0.022358613 0.4916833 0.01660207 0.004199647 0.21353312 0.019462315 0.028676994 0.021952942 0.08746332 5.206185e-05 0.082446046 0.0038138283 0.108620115 0.025693832 0.0052728467 0.002950018 0.0031322325 0.0034634974 0.027215293 0.0014216395 0.0066384813 0.0008119543 0.04603562 0.034369845 0.00090783584 0.023290709 0.0012900507 0.0016929257 0.0004223808 0.0027007726 0.00035919677 0.001350394 0.3136802 0.0007741374 0.007998733 9.0090885e-05 8.82198e-05 0.002206766 3.095454e-05 2.017461e-05 7.4321724e-06 7.6263685e-05 3.5499033e-05 1.5697968e-05 7.437898e-05 0.00042776074 2.0614016e-05 0.0015017195 0.00026540874 0.0009773698 3.3954304e-05 2.0750309e-05 0.00028111538 0.00068253017 0.0044160583 8.73906e-06 0.000883504 6.191761e-05 0.0003242083 0.00018380748 0.00057713647 9.706159e-07 4.9895007e-06 2.5526479e-05 1.4367815e-06 1.2028287e-06 0.00055709865 0.00012128489 8.9169225e-06 9.181509e-06 1.2205826e-06 0.00033760685 0.00018542248 2.1809981e-05 1.4509657e-06 0.0003190069 6.470817e-05 4.071861e-08 0.00013895784 0.00022320432 3.6333452e-07 0.000109902896 3.8487997e-07 8.065774e-05 0.0002299036 0.000118697775 5.126179e-05 4.657115e-07
0.10770655 0.80458164 0.974621 1.6474614e-18 0.10888476 0.7980982 0.07658586 0.058758505 0.056426406 0.17128551 0.14502211 0.00064045726 0.049590938 0.04264134 0.31346583 0.020424964 0.0124664875 0.111329526 0.009730011 0.012524192 0.02161269 0.03144044 1.531962e-05 0.029106624 0.010390092 0.7115078 0.008020511 0.022890683 0.0068391673 0.0054880823 0.004221565 0.0036890968 0.0021588404 0.0062461714 0.00088526326 0.5208411 0.0069351485 0.0119012 0.0066203205 0.006619446 0.0128344735 0.00058869907 0.0025080594 0.0002912452 0.0011358451 0.55996126 0.00059286127 0.0014643394 7.744096e-05 0.0006687501 0.0005235429 2.2112805e-05 2.021652e-05 6.593585e-05 2.515003e-05 9.977227e-06 4.292519e-06 3.4784414e-05 0.00043581604 0.00029167882 0.00061202 0.00025750019 0.009313317 2.4100385e-05 9.7521624e-05 0.00014217962 0.00050293485 0.012017968 1.3918269e-05 0.0005711107 0.00014280376 0.00013042444 1.7627612e-05 0.0001383852 1.0911882e-05 5.834536e-06 1.0524934e-05 7.939964e-06 9.098719e-06 0.00021351934 1.1324152e-05 4.789553e-05 3.090313e-05 5.1512043e-06 0.00017519138 5.3450894e-05 5.4620814e-06 5.071889e-06 0.00018508045 2.4831266e-05 4.3048455e-08 0.00020257272 6.138048e-05 2.7889205e-06 5.2463773e-05 5.1731485e-07 3.8727438e-05 0.00018216725 0.00030751858 3.8968432e-05 9.4158884e-07
0.33043218 0.7856444 0.12630333 0.10888476 1.286881e-20 0.17712931 0.97011256 0.6672061 0.15054408 0.030934509 0.044713568 0.18290818 0.08013685 0.6236012 0.01534993 0.4763772 0.017577892 0.007971828 0.2245577 0.24065256 0.52257365 0.0014819108 0.07165497 0.0015044977 0.02252099 0.019687098 0.002875825 0.020901538 0.013767989 0.026562091 0.055955265 0.0012429152 0.017167907 0.17639193 0.031408764 0.008029913 0.0006282365 0.001950467 0.0045667947 0.0047629797 0.0034676092 0.008496008 0.06265122 0.01934299 0.013833019 0.019088594 0.008969478 0.010819556 0.008822285 0.0005874868 0.0006692392 0.0043389346 0.008009301 6.849039e-08 0.008199197 0.004806777 0.0011956156 0.008899545 0.0070350766 0.00017819158 1.8607856e-05 0.0035002446 0.0003513039 0.0067827967 0.00017496047 0.0029428867 0.007111589 0.00025427798 0.00013721612 0.001041687 0.0002506865 0.0031275593 0.008487747 0.00021994911 2.011465e-05 0.00057402 0.0066967364 2.5338895e-05 4.9216953e-05 0.00019179087 0.0052499436 1.7416314e-05 4.3866985e-05 1.11399895e-05 0.004014918 6.114439e-05 5.9615417e-07 4.2171323e-06 0.006016241 0.00053162297 2.6271316e-08 6.0448514e-07 7.712021e-05 4.5149804e-07 0.0018662736 4.1013204e-06 0.0012276818 0.0019027542 4.97184e-08 0.0005246818 1.4160436e-06
0.34600577 0.7858025 0.43688005 0.7980982 0.17712931 6.703618e-18 0.047998976 0.23835693 0.42875642 0.9790502 0.0020048819 0.02866499 0.0029774867 0.1017268 0.004238377 0.036491815 0.13096663 0.0016337858 0.005792729 0.0032797318 0.018580053 0.00057502405 0.00026924786 0.00045012956 0.067292236 0.6806529 0.00036142085 0.20617272 0.0703667 0.044621143 0.0335749 5.981902e-05 0.018169528 0.009659628 0.0070627187 0.48894534 0.0001496839 0.5112412 0.00068248785 0.14890733 0.29904908 0.0033348608 0.0036427828 0.0036142464 0.0035118936 0.09935989 0.001902499 0.0005527131 0.00079292984 0.029442472 4.317297e-05 0.0019099672 0.00065868074 0.047287993 0.00042242915 0.00059101504 0.00035161644 0.0010069611 0.0020352786 0.040831983 2.8665016e-05 0.0009879797 0.0147972265 0.0009163187 0.0022456117 0.0003644174 0.002472484 0.0037677118 0.0005526886 0.000671098 0.0025166068 0.00022191826 0.0010405382 0.00020186746 0.0012788102 0.00055484835 0.00022922315 0.0006723575 0.0001881319 0.00017870858 0.0003337309 0.0010499451 0.000518284 8.065143e-05 0.001456017 2.5573336e-05 6.0618327e-06 2.1920474e-05 0.00055778923 0.0010981562 2.8527852e-06 1.2079667e-05 3.7438178e-05 8.104372e-05 0.000324008 0.0002079868 0.00020146837 0.0021417635 6.9658476e-05 0.00034101668 0.00017117275
0.4417669 0.7607848 0.12343639 0.07658586 0.97011256 0.047998976 1.0892077e-20 0.46894377 0.037173208 0.003987233 0.12097451 0.10129153 0.20321843 0.5118807 0.04384643 0.5377579 0.0021420454 0.016165916 0.50944746 0.5711037 0.6955872 0.0053296513 0.077025026 0.004806873 0.004359441 0.0063820034 0.015914792 0.002751818 0.0030046382 0.006382013 0.019206284 0.004334121 0.00537885 0.16762146 0.010481674 0.0012780013 0.0016960396 0.00034450679 0.012040774 0.001132249 0.0008003032 0.004062502 0.05687684 0.008530146 0.006812881 0.018246582 0.0053618997 0.03135784 0.0044827936 0.00014653572 0.0021839205 0.0009714837 0.0043257833 2.4801693e-08 0.0046083312 0.0042284047 0.0008339744 0.0051209833 0.0037809974 1.5318583e-05 5.3172178e-05 0.0022428466 5.4089105e-05 0.005416897 2.4469293e-05 0.0020252299 0.0045010573 7.721514e-05 1.3848614e-05 0.0021948477 0.00010968845 0.0030590382 0.0078018643 0.00053415203 7.222425e-06 0.00042523668 0.005197437 8.012716e-06 9.647545e-06 0.00056444015 0.00431398 4.9576265e-06 1.3978009e-05 3.4631703e-06 0.005556511 8.6390384e-05 2.3262958e-06 8.5645445e-07 0.0055787563 0.00016212849 2.6133177e-08 5.0130694e-07 0.00021854111 8.7316124e-08 0.0029394086 6.323217e-07 0.0016059434 0.0015934026 4.902561e-08 0.0005989694 1.9052395e-07
0.5603321 0.59889245 0.031331025 0.058758505 0.6672061 0.23835693 0.46894377 6.145736e-21 0.7547339 0.18017071 0.0013748944 0.93258923 0.0022304417 0.92454755 0.0005074434 0.5555017 0.22211057 0.00069836545 0.066541106 0.056477573 0.40029597 0.0004270898 0.28659117 0.00045919765 0.17558914 0.01829394 0.00039794095 0.06383253 0.046250224 0.084293224 0.25929737 7.707381e-05 0.06152757 0.16578287 0.21797477 0.0072072987 4.7139307e-05 0.01334342 0.0016805516 0.019735144 0.015276612 0.03951621 0.07221269 0.11745642 0.048121825 0.0016454452 0.03885908 0.004637957 0.031259317 0.0013311655 0.00060264935 0.019418145 0.05620622 2.7309043e-06 0.026667539 0.023765875 0.011975448 0.040103164 0.025386004 0.00023736103 6.081294e-06 0.017946033 0.0007063281 0.0159809 0.0005184207 0.0052281246 0.014226256 7.5917254e-05 0.0008083023 0.0004829957 9.740228e-05 0.005880291 0.018111985 0.00014312456 8.956536e-06 0.0019057451 0.013043521 1.3157787e-05 4.7604408e-05 6.841888e-05 0.012087688 2.4347457e-05 6.9913316e-05 1.4339651e-05 0.010395336 4.635571e-05 5.1591616e-07 2.4438289e-06 0.009596466 0.00079205056 1.3607345e-07 8.1441605e-08 3.825063e-05 9.485037e-08 0.004728283 1.6988377e-06 0.0033739908 0.0034109687 2.4403397e-08 0.0009500284 4.544578e-06
0.55999714 0.4544055 0.019142697 0.056426406 0.15054408 0.42875642 0.037173208 0.7547339 4.002741e-20 0.56732017 0.0004519284 0.9041208 0.00042386574 0.32843867 0.00028478817 0.1025612 0.91137767 0.0006758241 0.0042821215 0.0020894576 0.030197022 0.00050045986 0.027728165 0.00048479895 0.60814697 0.028452016 6.368594e-05 0.29629934 0.29824847 0.37484 0.34550014 1.7615163e-05 0.1897269 0.033971913 0.1589299 0.014017918 4.00606e-05 0.057080433 0.0003862383 0.07336715 0.045993485 0.09111148 0.014026097 0.078866206 0.017282974 0.0026325753 0.011439095 0.00026901046 0.028356902 0.01124469 9.74465e-05 0.046137962 0.03233119 0.00012788852 0.033201676 0.030921416 0.019658979 0.025372524 0.010973716 0.00087629835 7.707892e-06 0.005428432 0.0013462104 0.014179404 0.002479763 0.001859012 0.0080149975 6.436621e-05 0.003234193 4.152859e-05 0.00036141035 0.0016410777 0.02374569 1.2066931e-05 5.896652e-05 0.0061301244 0.0142055815 0.000122033 4.1208794e-05 1.6265762e-05 0.016296048 5.1589603e-05 0.000111208574 1.6008042e-05 0.019457215 1.0876091e-05 5.5474595e-07 1.0647354e-05 0.0072511914 0.0032562455 6.018535e-07 2.2105003e-07 1.0443637e-05 6.276038e-07 0.002012345 1.4185989e-05 0.0025447025 0.0071740868 2.6165399e-08 0.0017290573 2.5111658e-05
0.5060086 0.40522066 0.019255707 0.17128551 0.030934509 0.9790502 0.003987233 0.18017071 0.56732017 1.1789028e-17 0.00010988078 0.10890128 0.00022592887 0.06549897 0.000407659 0.01567431 0.41550598 0.00038013203 0.0010596989 0.00039823636 0.003875502 0.00018701958 0.0006416732 0.00014273636 0.23271728 0.1494297 2.2888116e-05 0.54554534 0.25909853 0.21296276 0.062347066 1.6916689e-06 0.06425452 0.005588573 0.02046048 0.05118842 4.846914e-06 0.58684975 0.00014360146 0.40510485 0.33643255 0.017424366 0.0016934448 0.010365355 0.0037421437 0.011933619 0.002362636 2.6500846e-05 0.0045403917 0.09823761 5.4632487e-06 0.015520987 0.0027207348 0.037961796 0.0058022225 0.0074413326 0.00430797 0.0017870391 0.0019960355 0.012936567 9.124286e-07 0.0006612963 0.0018884517 0.0015144759 0.010448803 0.00015051871 0.003270839 0.00018344061 0.0033929609 3.370897e-05 0.0019001546 0.0001734412 0.009559704 1.1100867e-05 0.0021812196 0.006183771 0.0030022564 0.0016425997 0.00024498563 4.8676502e-05 0.0046290266 6.633991e-05 0.00032312272 0.00011288565 0.006260311 8.94404e-06 3.689591e-07 4.242746e-05 0.0017659819 0.003928913 1.9762616e-05 2.2039117e-07 6.504737e-06 4.4533623e-05 0.0005002539 0.0005807058 0.0005450148 0.0070065567 2.558714e-07 0.0014878116 0.00039952152
0.31498864 0.63780427 0.3542142 0.14502211 0.044713568 0.0020048819 0.12097451 0.0013748944 0.0004519284 0.00010988078 1.1344869e-19 9.573653e-06 0.9459044 0.0020066532 0.8591466 0.0023275565 7.243104e-06 0.4583655 0.056760784 0.12029238 0.014075077 0.4884345 7.637872e-06 0.40389493 1.3696869e-05 0.0011877966 0.69155693 3.329571e-06 5.58561e-06 6.401711e-06 4.57756e-05 0.7841012 5.632775e-06 0.00340742 1.648195e-05 0.00018013254 0.3357559 6.049968e-07 0.2403997 1.2779244e-06 4.841311e-06 7.5380176e-06 0.0037550707 1.9309477e-05 0.0003819978 0.10794213 0.00022029087 0.11338027 1.5490612e-05 4.508827e-07 0.018094212 3.7895834e-06 5.437825e-06 1.8266427e-08 3.2457352e-05 4.2199146e-05 9.552122e-06 2.4236235e-05 6.590631e-05 1.2268412e-08 0.012932066 4.973877e-05 1.8190625e-05 3.076431e-05 3.1822432e-07 0.00023829732 0.00019194385 0.00049131626 3.186279e-07 0.0006204426 8.8036366e-08 0.0007066467 0.00020871026 0.0002513352 5.7045035e-09 3.2097248e-06 3.4326218e-05 4.504621e-08 1.2279884e-08 0.0002739868 0.00022271292 5.1563626e-07 2.2367725e-07 1.1644202e-08 0.0001974942 0.000107621054 0.00010085324 1.3185829e-08 0.00011077015 7.96099e-06 7.712218e-09 3.4643646e-05 0.00053143565 3.63409e-09 0.00022320452 4.317861e-09 2.7740352e-05 0.000156932 7.030997e-08 2.002076e-05 3.037989e-09
0.18581489 0.09079677 0.000812886 0.00064045726 0.18290818 0.02866499 0.10129153 0.93258923 0.9041208 0.10890128 9.573653e-06 1.20581865e-26 0.00010156168 0.6605778 4.404286e-06 0.28123564 0.58406186 2.4460996e-06 0.020149216 0.011955781 0.15375845 1.6272487e-06 0.0023616378 9.265092e-07 0.595247 0.000116813855 1.2620253e-05 0.08443045 0.1845564 0.32894322 0.61477876 5.987215e-07 0.33798808 0.084071405 0.5824488 9.556691e-07 2.2298516e-06 0.0025143605 5.425375e-05 0.015824627 0.008725178 0.3376744 0.065919355 0.2466391 0.05507565 1.1894299e-06 0.046032373 0.0002178644 0.10050179 0.0045154737 5.872417e-06 0.041433323 0.07118494 9.607485e-08 0.05273782 0.05547611 0.031671803 0.027142605 0.009788945 4.3894644e-07 1.6150764e-06 0.0034787033 6.7362373e-07 0.012481868 0.0003653301 0.0015767813 0.0050065056 2.7751557e-06 0.0021524418 0.00013047173 6.181009e-06 0.0016921089 0.030002074 4.5359575e-06 1.5980553e-05 0.0050401953 0.020024734 5.097293e-06 1.9228946e-07 1.9646586e-06 0.019899515 2.2459787e-07 5.5473033e-06 2.956724e-07 0.016215224 2.6724783e-06 2.6978373e-08 1.457992e-07 0.0054015038 0.003364825 3.022188e-09 3.7264627e-09 8.2712454e-08 8.492527e-08 0.004645343 5.1991565e-06 0.003276248 0.0021241012 4.2886394e-10 0.00092058256 8.260533e-06
0.48535547 0.54781586 0.18169577 0.049590938 0.08013685 0.0029774867 0.20321843 0.0022304417 0.00042386574 0.00022592887 0.9459044 0.00010156168 9.656877e-21 0.0038064555 0.40175897 0.010246534 9.17812e-06 0.12997968 0.26530555 0.4199218 0.081666656 0.11317225 9.8561984e-05 0.068284474 2.4698018e-05 0.0018669713 0.9319118 3.816473e-06 8.089998e-06 1.3457951e-05 0.0002693439 0.6821436 1.983938e-05 0.016973738 0.00012558656 0.00020926772 0.107605934 9.008298e-07 0.49152786 1.4273172e-06 1.5320862e-05 2.123147e-05 0.016750338 0.00014638278 0.0025822306 0.05320698 0.0012541612 0.35157913 0.00011465318 6.4148594e-07 0.08590497 5.3836193e-06 5.6767884e-05 5.901493e-08 9.905311e-05 8.571017e-05 4.8212794e-05 0.0001291417 0.00042447358 7.7334185e-08 0.0059112553 0.00021733086 1.46165785e-05 0.00024467605 2.2143128e-07 0.0006086676 0.00072236854 4.5020683e-05 6.384076e-07 0.00354416 1.7409073e-07 0.0029515054 0.0016968072 0.0009546726 8.451141e-09 1.0807355e-05 0.00061572285 3.5648153e-08 5.3901534e-08 0.0007226028 0.0011858187 9.4569066e-07 8.571163e-07 6.019302e-08 0.0011829848 0.00012136496 6.2481966e-05 3.043843e-08 0.0011947432 2.0752961e-05 3.2658534e-08 1.33759195e-05 0.0008500376 1.00200825e-08 0.0009147375 1.423348e-08 0.00019754148 0.0009634479 1.0126258e-07 0.00010220481 6.088742e-09
0.7265949 0.56588435 0.022358613 0.04264134 0.6236012 0.1017268 0.5118807 0.92454755 0.32843867 0.06549897 0.0020066532 0.6605778 0.0038064555 1.371305e-20 0.00049167976 0.9198641 0.048549045 0.0009333936 0.17863892 0.16759448 0.64731306 0.0007156439 0.6969011 0.0008718229 0.039694414 0.014474181 0.00079386693 0.02495664 0.014621981 0.022053812 0.13008125 0.000106471256 0.029290918 0.26162374 0.15982606 0.0056201657 8.77331e-05 0.0057814545 0.0020274792 0.007213198 0.0039569475 0.034980588 0.122137316 0.11244374 0.05480739 0.0021143416 0.04870321 0.005439462 0.036788978 0.00033931257 0.00076272193 0.013301784 0.061288215 3.4068083e-07 0.031175412 0.023434935 0.00707291 0.05102646 0.0326991 4.9588965e-05 2.216543e-06 0.022926804 0.00065448607 0.021854447 0.00018338447 0.0066767796 0.01919182 4.6947738e-05 0.00036210133 0.00074983505 1.61882e-05 0.006254913 0.023812395 9.015543e-05 1.7614495e-06 0.001162144 0.021686053 3.1005754e-06 4.9674804e-06 4.0563526e-05 0.012880856 5.2432064e-05 2.5903253e-05 5.6870867e-06 0.010147553 0.000109370594 2.0146769e-07 1.2486594e-06 0.014582197 0.0005677162 6.3662654e-08 7.820684e-08 4.158776e-05 2.7706152e-08 0.006230421 2.1719255e-07 0.00387154 0.0022755528 9.429494e-09 0.0008316664 3.6888096e-07
0.04455892 0.57386017 0.4916833 0.31346583 0.01534993 0.004238377 0.04384643 0.0005074434 0.00028478817 0.000407659 0.8591466 4.404286e-06 0.40175897 0.00049167976 7.617e-18 0.00063772185 1.9547339e-05 0.95254374 0.015262362 0.035564046 0.0022076133 0.86412305 6.0622147e-06 0.81765693 1.2181016e-05 0.0017486573 0.19225682 1.2932983e-05 1.8609098e-05 1.5674377e-05 2.8484803e-05 0.38870105 1.3160825e-05 0.0010536555 1.5460077e-05 0.0005155797 0.44600466 1.7268069e-06 0.04023307 1.297464e-05 6.183518e-05 2.0333055e-05 0.0010476721 1.7742857e-05 0.0001479578 0.2589525 0.00010754175 0.021684026 1.1315473e-05 2.3396674e-06 0.0014291104 3.4708346e-06 1.3766354e-05 4.5874148e-07 7.802068e-06 8.274141e-06 4.121604e-06 1.0896658e-05 1.9354404e-05 1.529578e-07 0.010506343 4.984809e-05 9.490371e-05 1.41194505e-05 2.129233e-06 5.2418713e-05 0.0001543504 0.0026046163 1.7393806e-07 0.00016574691 1.7849073e-06 0.00022055321 2.1048214e-05 0.0001246538 2.3753663e-07 4.7669187e-07 5.587294e-06 1.0227095e-07 5.7561714e-08 0.00033111923 2.2053016e-05 9.1367986e-07 9.1488397e-07 3.1414952e-08 2.5950802e-05 6.746325e-05 4.5670728e-05 5.8577452e-08 0.00010369655 1.6882104e-06 1.4914368e-08 0.00010505666 0.00025098264 6.635046e-09 5.7948513e-05 4.8650373e-09 1.2971634e-05 6.8077525e-06 5.6899453e-06 2.4464402e-06 2.7173208e-09
0.7297904 0.35924727 0.01660207 0.020424964 0.4763772 0.036491815 0.5377579 0.5555017 0.1025612 0.01567431 0.0023275565 0.28123564 0.010246534 0.9198641 0.00063772185 6.506189e-21 0.011572374 0.0008207059 0.43270695 0.4073348 0.9277344 0.0007465191 0.87163717 0.00073885475 0.010207205 0.00473434 0.0016848852 0.007380326 0.004955245 0.0066992654 0.04506115 0.0002981024 0.009557453 0.55839974 0.085705005 0.0010150596 0.00015132515 0.0020655203 0.0037391116 0.0025831345 0.0025332712 0.011261211 0.319472 0.09123496 0.11570878 0.0009810698 0.10286832 0.023753837 0.028015686 0.000109928675 0.0019966466 0.005138465 0.059491716 1.6359334e-07 0.0180551 0.018944325 0.005884886 0.05141382 0.043752275 1.9581783e-05 6.593903e-06 0.03749997 0.00036088662 0.03243008 8.954815e-05 0.015762813 0.02998351 7.299108e-05 0.0002615425 0.0034364231 6.269616e-06 0.022261957 0.029429398 0.00080496294 1.0638416e-06 0.0009276361 0.025853915 2.6446198e-06 7.3936644e-06 0.0005039124 0.017388642 3.4960074e-05 3.9374503e-05 3.2850264e-06 0.01839681 0.00014567086 5.20411e-07 2.898463e-07 0.024047676 0.00072374183 2.9003363e-08 1.3430211e-08 0.00022018101 1.3359085e-08 0.017865108 4.969643e-07 0.009394018 0.0032652167 1.3907394e-08 0.00086324994 5.813299e-07
0.748711 0.06692414 0.004199647 0.0124664875 0.017577892 0.13096663 0.0021420454 0.22211057 0.91137767 0.41550598 7.243104e-06 0.58406186 9.17812e-06 0.048549045 1.9547339e-05 0.011572374 1.127261e-19 4.9591807e-05 0.00034699426 0.00011772353 0.0017907207 5.9333808e-05 0.008172116 5.037358e-05 0.9133201 0.012198961 1.9935906e-06 0.5830758 0.7731363 0.62205887 0.24918897 4.3661888e-07 0.30781195 0.00431961 0.080856964 0.003302268 6.3929775e-07 0.036953587 2.5613146e-05 0.1542178 0.04770361 0.13591744 0.0013004178 0.046778817 0.003965143 5.3839096e-05 0.0032272818 1.1277766e-05 0.027331028 0.023194795 2.9844687e-06 0.12692499 0.014043917 0.0005656005 0.052956946 0.06778929 0.056575634 0.006958319 0.0033398133 0.0006352995 3.2535445e-07 0.000905569 6.3939406e-05 0.007708863 0.0029900812 0.00012401823 0.0029418974 4.071372e-06 0.010094648 9.788767e-06 0.00027813748 0.00010313104 0.029491633 1.2964899e-06 5.4485372e-05 0.01918186 0.016413853 0.00017970409 2.1474449e-05 2.6641192e-06 0.02826463 1.8655011e-05 2.9336532e-05 1.0747525e-05 0.03536951 2.0710027e-06 8.5603595e-08 8.881168e-06 0.0062913015 0.0069438247 3.56367e-06 6.370176e-08 6.9778156e-07 6.711914e-07 0.0016553026 3.942688e-05 0.0024311936 0.011594041 6.6581194e-09 0.0034705747 2.6374026e-05
0.013379379 0.2930801 0.21353312 0.111329526 0.007971828 0.0016337858 0.016165916 0.00069836545 0.0006758241 0.00038013203 0.4583655 2.4460996e-06 0.12997968 0.0009333936 0.95254374 0.0008207059 4.9591807e-05 1.63093e-16 0.0066325706 0.01782102 0.0020859486 0.8744782 3.4638376e-06 0.89468867 4.8377682e-05 0.0018304237 0.060507823 7.293841e-05 4.4763678e-05 5.1772844e-05 7.134344e-05 0.21345472 2.7235266e-05 0.00070406735 2.4852636e-05 0.0009540078 0.6545074 4.437278e-05 0.013031275 5.6027435e-05 9.4273535e-05 1.4583508e-05 0.00027260906 2.4496307e-05 0.00014991188 0.22040898 7.818242e-05 0.014151852 1.6274356e-05 2.7198412e-05 0.00043428715 5.3961303e-06 1.1056513e-05 5.8158395e-07 1.0280488e-05 8.255807e-06 3.6351146e-06 1.0035314e-05 4.496203e-05 7.442226e-07 0.020862252 7.136937e-05 0.00014977585 2.0015854e-05 2.8249795e-05 2.8331357e-05 0.0001249155 0.0019614492 1.7964308e-06 0.00025195032 1.5096661e-05 8.3878855e-05 1.8511162e-05 0.00020136982 1.99046e-06 5.1522875e-07 4.3874998e-06 2.8216582e-06 3.094291e-07 0.00032628683 6.4605274e-06 3.522162e-06 4.5406796e-06 3.293573e-07 3.7048863e-05 0.00013784844 8.40968e-05 1.4867881e-07 6.885311e-05 1.8971884e-06 2.542149e-08 0.00040554086 0.0002749736 1.2339208e-07 3.777903e-06 7.033747e-08 6.161552e-06 3.79074e-06 2.2903292e-05 2.3695732e-06 6.8075835e-08
0.52397704 0.3035114 0.019462315 0.009730011 0.2245577 0.005792729 0.50944746 0.066541106 0.0042821215 0.0010596989 0.056760784 0.020149216 0.26530555 0.17863892 0.015262362 0.43270695 0.00034699426 0.0066325706 1.843167e-21 0.97896415 0.86741835 0.0025657164 0.11239885 0.0020488603 0.0010915016 0.0011707072 0.06574456 0.00029147722 0.00048907794 0.0010254881 0.0043852455 0.012742523 0.001093516 0.39914563 0.0041412376 0.00013210843 0.0019101739 4.031797e-05 0.1151872 9.272384e-05 0.00018887183 0.0015252046 0.26438397 0.009169709 0.025247099 0.0024035696 0.020460397 0.33104387 0.003907034 9.3056005e-06 0.009559157 0.00020747172 0.0061667226 2.7292222e-08 0.0026339644 0.001443557 0.00027129232 0.008442127 0.0063658594 1.2507981e-05 1.586448e-05 0.007929654 7.376012e-05 0.009237659 1.8445624e-05 0.017435726 0.008061267 2.4480356e-05 8.159477e-06 0.008159832 1.0521593e-05 0.026262444 0.0145874815 0.0019413191 2.1959414e-07 0.00017419245 0.010148254 9.696084e-07 8.3211893e-07 0.0008743103 0.007329397 6.534769e-06 1.1862449e-05 6.789309e-07 0.007573362 0.00014376808 1.7492326e-06 1.3000736e-07 0.019935394 3.618673e-05 4.6576387e-09 2.262269e-07 0.00029986794 9.056121e-09 0.012124465 3.9793196e-08 0.0040529342 0.00096739316 3.9332967e-08 0.00053196173 2.4032895e-08
0.64207053 0.36877424 0.028676994 0.012524192 0.24065256 0.0032797318 0.5711037 0.056477573 0.0020894576 0.00039823636 0.12029238 0.011955781 0.4199218 0.16759448 0.035564046 0.4073348 0.00011772353 0.01782102 0.97896415 4.94742e-21 0.82867247 0.008655222 0.055181485 0.006428189 0.00058396044 0.0008956392 0.13328771 0.00010180683 0.00021971429 0.00061862165 0.0026066103 0.036948174 0.00060920976 0.4066217 0.0024217488 8.6647895e-05 0.0068625673 2.1063655e-05 0.20889942 4.73234e-05 9.983809e-05 0.0007254051 0.29136845 0.004640258 0.021418978 0.0059433375 0.013963247 0.4880534 0.0024322744 4.988416e-06 0.01620248 7.445158e-05 0.0037221161 5.0190035e-08 0.0018742285 0.00082596665 0.00015660893 0.00901076 0.0059458744 3.5558207e-06 3.927171e-05 0.006078355 4.098934e-05 0.011962395 1.1074854e-05 0.014573083 0.010344809 2.8919996e-05 2.6152004e-06 0.013692626 9.918408e-06 0.025276091 0.014402518 0.0035306893 2.9440284e-07 7.6721e-05 0.011213077 7.503629e-07 7.7556246e-07 0.0013763604 0.007673977 3.6611975e-06 5.120563e-06 3.885373e-07 0.0077116867 0.00020971925 3.7605803e-06 6.934017e-08 0.021061769 2.6497915e-05 8.268938e-09 5.0624243e-07 0.0005985515 5.268111e-09 0.0116647165 3.823212e-08 0.0033189256 0.0011838662 1.11493634e-07 0.00046244287 1.6522497e-08
0.8009604 0.49070463 0.021952942 0.02161269 0.52257365 0.018580053 0.6955872 0.40029597 0.030197022 0.003875502 0.014075077 0.15375845 0.081666656 0.64731306 0.0022076133 0.9277344 0.0017907207 0.0020859486 0.86741835 0.82867247 1.475011e-20 0.001512839 0.7131638 0.0012706955 0.0023329123 0.002702376 0.009739016 0.0012437949 0.000872897 0.0014939011 0.010817456 0.002377369 0.0026370948 0.6995177 0.018526917 0.00043573088 0.00052524125 0.00041973358 0.01815019 0.00033312326 0.0006708034 0.0036792643 0.36037296 0.029139524 0.07560137 0.0017864768 0.058162175 0.08763929 0.009917737 1.3470279e-05 0.004814895 0.0013324356 0.018572535 3.2441733e-08 0.009939894 0.007203083 0.0013599083 0.020200362 0.016532084 7.536695e-06 1.0443138e-05 0.01700457 0.00029260575 0.014525699 1.3093135e-05 0.01328073 0.013148737 7.7133e-05 2.3069677e-05 0.0036002093 1.9228075e-06 0.020514863 0.023500588 0.00075962086 9.070768e-08 0.0005928353 0.017307052 7.378453e-07 1.9576303e-06 0.00072517584 0.009842819 2.3861216e-05 1.7391269e-05 2.6755079e-06 0.014959778 0.00017220987 9.809031e-07 3.3439272e-07 0.0188569 0.00012735871 2.9003253e-08 4.6959e-08 0.0002944676 1.0688133e-08 0.014405211 6.060081e-08 0.006283539 0.0023548536 3.153093e-08 0.00091355183 6.959602e-08
0.0098584555 0.16452418 0.08746332 0.03144044 0.0014819108 0.00057502405 0.0053296513 0.0004270898 0.00050045986 0.00018701958 0.4884345 1.6272487e-06 0.11317225 0.0007156439 0.86412305 0.0007465191 5.9333808e-05 0.8744782 0.0025657164 0.008655222 0.001512839 9.107704e-17 4.7234553e-06 0.96167856 8.30268e-05 0.000555883 0.06094964 0.00018421249 0.00011597093 9.9749384e-05 5.805909e-05 0.30494112 3.8116483e-05 0.0005500721 1.5912925e-05 0.00022290373 0.8605437 4.913211e-05 0.018600915 0.0001130423 0.0001196333 1.7779817e-05 0.00014971658 1.845692e-05 8.849172e-05 0.09715951 4.57715e-05 0.014304967 1.35528235e-05 6.178242e-05 0.0007519451 4.304953e-06 2.8317849e-05 5.4611104e-07 7.70862e-06 9.210423e-06 2.9664554e-06 4.1342308e-05 0.00012701713 1.4218272e-06 0.028483646 7.991832e-05 4.2510044e-05 0.000108884466 1.4284646e-05 3.3116077e-05 0.00042337208 0.0008307626 9.606803e-07 0.00029428542 2.1588905e-05 0.00011191172 4.4284636e-05 0.00038522796 7.0470146e-06 1.1098894e-06 7.970653e-06 4.449017e-06 3.3159023e-07 0.0005499591 2.5708463e-05 1.9723896e-06 2.0732573e-06 3.442949e-07 0.000101478705 0.00021467538 0.00018821518 2.2388873e-07 0.00021493944 7.701566e-06 1.7439591e-08 0.00042023143 0.0006780044 1.598438e-07 1.1525168e-05 1.7100915e-07 3.413059e-05 1.0644238e-05 2.2870858e-05 1.01773485e-05 7.7297614e-08
0.29025447 0.0031453553 5.206185e-05 1.531962e-05 0.07165497 0.00026924786 0.077025026 0.28659117 0.027728165 0.0006416732 7.637872e-06 0.0023616378 9.8561984e-05 0.6969011 6.0622147e-06 0.87163717 0.008172116 3.4638376e-06 0.11239885 0.055181485 0.7131638 4.7234553e-06 4.0484056e-30 1.597151e-06 0.014390204 5.169963e-07 1.2304039e-05 0.00052458345 0.0033357118 0.013121011 0.080217324 5.000316e-07 0.02791613 0.7228379 0.2630191 1.7482153e-08 6.9493035e-06 3.283185e-06 2.8599428e-05 1.8975188e-05 2.3315984e-05 0.07354577 0.44834915 0.23437643 0.28839004 1.7453742e-07 0.2948955 0.0011030812 0.079855666 1.9479043e-05 4.541736e-06 0.0023999412 0.104574986 3.8616676e-11 0.02843358 0.020082384 0.0049238577 0.052134145 0.03216162 3.404465e-08 3.1858763e-06 0.012461412 3.4402905e-07 0.021087512 6.424576e-05 0.004808508 0.012685269 6.333407e-08 0.00016852394 0.00023841007 6.6800686e-07 0.0021501102 0.036427993 2.4840361e-05 1.741492e-05 0.0010548977 0.024659874 6.1539645e-06 2.2359704e-07 1.261514e-05 0.023673935 3.2656974e-08 1.0682612e-06 5.9401717e-08 0.015955307 2.3807993e-06 1.5845133e-08 4.3366565e-08 0.01773814 0.00079732644 3.8494216e-12 3.2906403e-11 4.650003e-06 1.076055e-07 0.008296559 1.0027889e-05 0.010291819 0.0025158164 1.9974127e-11 0.002344663 2.304127e-05
0.0075274874 0.14188766 0.082446046 0.029106624 0.0015044977 0.00045012956 0.004806873 0.00045919765 0.00048479895 0.00014273636 0.40389493 9.265092e-07 0.068284474 0.0008718229 0.81765693 0.00073885475 5.037358e-05 0.89468867 0.0020488603 0.006428189 0.0012706955 0.96167856 1.597151e-06 5.0197654e-17 5.796907e-05 0.0006307979 0.037679706 9.009122e-05 7.442787e-05 6.997154e-05 3.3060227e-05 0.28343117 1.942293e-05 0.00040821536 8.449122e-06 0.00018439212 0.89400417 3.5221234e-05 0.011528824 7.95647e-05 8.3227846e-05 1.0966559e-05 8.8829176e-05 1.0137894e-05 6.4540895e-05 0.11529287 3.3827124e-05 0.009416212 7.096923e-06 3.845003e-05 0.00047106392 2.2449392e-06 1.2919916e-05 2.969406e-07 3.5329474e-06 3.4962288e-06 1.0169931e-06 2.2425096e-05 8.8858746e-05 1.3115235e-06 0.036693722 4.758657e-05 4.171487e-05 5.1761348e-05 1.368833e-05 1.4998718e-05 0.00030144007 0.0009769313 7.3323315e-07 0.00016403492 1.5687656e-05 4.0212635e-05 1.645326e-05 0.00024117551 7.4531044e-06 6.12064e-07 3.4526902e-06 4.5558086e-06 2.7822352e-07 0.00038620384 7.599023e-06 1.815547e-06 2.8652046e-06 3.6888167e-07 4.5981855e-05 0.00022835542 0.00016130418 2.3921868e-07 0.00012011275 5.40899e-06 6.8755006e-09 0.0006683411 0.00040045416 1.3217412e-07 3.215549e-06 2.130971e-07 1.9447063e-05 7.0485207e-06 2.5457557e-05 6.1441947e-06 1.3375e-07
0.8788655 0.08678997 0.0038138283 0.010390092 0.02252099 0.067292236 0.004359441 0.17558914 0.60814697 0.23271728 1.3696869e-05 0.595247 2.4698018e-05 0.039694414 1.2181016e-05 0.010207205 0.9133201 4.8377682e-05 0.0010915016 0.00058396044 0.0023329123 8.30268e-05 0.014390204 5.796907e-05 9.533756e-19 0.0076933517 7.969422e-06 0.35595626 0.635034 0.8673338 0.45725575 9.15536e-07 0.5901509 0.0044242064 0.16142263 0.0017189607 6.228445e-07 0.017816685 6.218658e-05 0.06074159 0.027887182 0.34859043 0.002192857 0.080996774 0.0044844695 1.565733e-05 0.0037716143 9.777375e-06 0.052890435 0.014669114 1.309075e-05 0.18215616 0.031518508 0.00021975917 0.11126173 0.13147134 0.08902024 0.0103491265 0.0036887082 0.0004035257 1.6269917e-07 0.0016236454 4.0819257e-05 0.0128232865 0.0017454035 0.00054253265 0.003154856 1.4758123e-06 0.012461888 1.1343424e-05 0.00015827162 0.0003012208 0.05642569 1.6435921e-06 5.0962066e-05 0.034935698 0.036460206 0.0001412382 2.4305698e-05 9.8325545e-06 0.063374065 1.4934643e-05 1.7594475e-05 1.1040518e-05 0.10159683 1.1275825e-06 5.2721646e-08 1.117309e-05 0.008683528 0.009036914 3.330749e-06 3.0941123e-08 1.8144701e-06 2.881439e-07 0.0063812737 2.70049e-05 0.008479502 0.017365573 1.5288071e-08 0.006195536 2.8096245e-05
0.021672197 0.27828196 0.108620115 0.7115078 0.019687098 0.6806529 0.0063820034 0.01829394 0.028452016 0.1494297 0.0011877966 0.000116813855 0.0018669713 0.014474181 0.0017486573 0.00473434 0.012198961 0.0018304237 0.0011707072 0.0008956392 0.002702376 0.000555883 5.169963e-07 0.0006307979 0.0076933517 6.0441144e-20 0.00030133573 0.021798432 0.008358899 0.006401437 0.0027862515 7.9293815e-05 0.0025671837 0.0017675557 0.0010253547 0.9809016 7.7806275e-05 0.08394967 0.0006082147 0.02392519 0.039445687 0.00068710966 0.00096163596 0.0013890641 0.0005146668 0.31367084 0.00036883488 0.0001660551 0.00022187721 0.004262386 3.0845065e-05 0.00012749797 0.0003651142 0.0066133216 0.00029216436 0.0003150244 0.000101830614 0.0008026314 0.0014249726 0.014751281 5.8261146e-05 0.0013625677 0.10608364 0.00028406992 0.00049235404 0.00046139443 0.0011175243 0.009168253 6.053569e-05 2.8020731e-05 0.00082569895 6.370532e-05 0.00019068457 6.77614e-05 0.00012541768 1.7877293e-05 3.5747515e-05 0.000103180624 0.00015245489 0.0001225763 3.208077e-05 0.003515925 0.0011508672 0.00020196583 0.00020083704 8.893754e-06 1.4411002e-06 2.1261278e-05 0.00047173197 0.00033939347 2.003558e-07 0.00018709147 0.00020372584 0.00010051563 0.0003425558 4.910977e-05 1.8873885e-05 0.0005814068 0.0014002086 3.075284e-05 2.5682193e-05
0.23885547 0.14756912 0.025693832 0.008020511 0.002875825 0.00036142085 0.015914792 0.00039794095 6.368594e-05 2.2888116e-05 0.69155693 1.2620253e-05 0.9319118 0.00079386693 0.19225682 0.0016848852 1.9935906e-06 0.060507823 0.06574456 0.13328771 0.009739016 0.06094964 1.2304039e-05 0.037679706 7.969422e-06 0.00030133573 3.1861272e-22 2.1962212e-06 4.1003e-06 2.9920664e-06 8.931071e-05 0.9284601 2.6046891e-06 0.006088529 2.8617897e-05 3.471664e-05 0.13424525 7.0687383e-07 0.8907095 1.970115e-06 1.21545245e-05 3.7555699e-06 0.009062961 4.638516e-05 0.0025834756 0.029566426 0.0013619097 0.5234726 4.4008324e-05 1.5431449e-06 0.37661684 1.9977854e-06 3.5601188e-05 6.0893773e-10 5.2192394e-05 8.97382e-05 2.5549789e-05 0.00024218734 0.00088304526 1.2433506e-07 0.011454061 0.0008759929 8.255934e-06 0.00035791242 9.843915e-08 0.0012211723 0.001011914 7.323977e-06 9.888269e-08 0.01841054 1.3572319e-06 0.0056080977 0.001664545 0.009063855 2.7574773e-08 3.340901e-06 0.0007672956 7.649827e-08 5.3743033e-08 0.0030585714 0.0015958791 2.3655889e-07 1.362068e-07 3.7511384e-08 0.0014637909 0.0004499229 0.00047151177 2.8526326e-08 0.0023284955 2.1120399e-05 6.739517e-10 7.4593613e-06 0.0028708829 2.8757945e-09 0.0012676574 1.2495598e-08 0.00031239344 0.00022716814 1.1444064e-07 4.324224e-05 5.6397216e-09
0.95154774 0.1796336 0.0052728467 0.022890683 0.020901538 0.20617272 0.002751818 0.06383253 0.29629934 0.54554534 3.329571e-06 0.08443045 3.816473e-06 0.02495664 1.2932983e-05 0.007380326 0.5830758 7.293841e-05 0.00029147722 0.00010180683 0.0012437949 0.00018421249 0.00052458345 9.009122e-05 0.35595626 0.021798432 2.1962212e-06 2.9184942e-15 0.941933 0.52349186 0.08052054 8.640686e-07 0.1851031 0.00025400484 0.020441426 0.0073430254 6.917551e-06 0.23036626 8.0551734e-05 0.6261556 0.2935543 0.06383926 0.00014975927 0.01254385 0.00046168582 0.00047729784 0.00038624252 6.36676e-07 0.011226207 0.2859494 6.9634035e-07 0.20985435 0.0055241836 0.0257261 0.04892319 0.07066365 0.1005409 0.002628341 0.0015702669 0.0076982984 6.958338e-07 0.0005709664 0.00024864622 0.0038013875 0.054833446 5.237649e-05 0.0022922195 1.7731415e-06 0.079149105 8.748945e-07 0.0032683536 1.1571721e-05 0.025401132 5.685744e-07 0.003760425 0.12572186 0.010587316 0.005301186 0.00028376636 6.7293377e-06 0.031438604 5.0180206e-05 0.00039970767 0.00011510751 0.08048275 3.799481e-06 3.119268e-07 0.00016328186 0.0018303869 0.058890384 8.7034656e-05 6.5268614e-07 2.3113557e-06 0.00021154134 0.00085431355 0.00073755975 0.0020626641 0.053326044 1.08627084e-07 0.008507278 0.0013620656
0.9278303 0.061618183 0.002950018 0.0068391673 0.013767989 0.0703667 0.0030046382 0.046250224 0.29824847 0.25909853 5.58561e-06 0.1845564 8.089998e-06 0.014621981 1.8609098e-05 0.004955245 0.7731363 4.4763678e-05 0.00048907794 0.00021971429 0.000872897 0.00011597093 0.0033357118 7.442787e-05 0.635034 0.008358899 4.1003e-06 0.941933 1.2288807e-16 0.8484545 0.14056534 8.452463e-07 0.41173884 0.00059474196 0.048743635 0.0016682368 1.7168725e-06 0.05210973 6.4324726e-05 0.3098716 0.10996229 0.23342068 0.00036139824 0.04163629 0.0014965849 6.366766e-05 0.0011858895 2.5576664e-06 0.037847802 0.116978146 2.0774355e-06 0.38872784 0.018407427 0.007628242 0.12472709 0.16317779 0.21482104 0.004746121 0.0015938357 0.0015391172 4.8236797e-07 0.0006448113 0.00011243012 0.0048524253 0.023978768 0.00011214397 0.0015750694 5.416439e-06 0.10022006 2.6403534e-06 0.00095876196 4.314651e-05 0.04932063 1.1590558e-06 0.00089226995 0.21801287 0.027596531 0.001814031 6.1367486e-05 9.24455e-06 0.065353595 3.1121665e-05 0.0001024516 3.5227178e-05 0.118112534 4.184953e-06 1.2626741e-07 8.417037e-05 0.004720547 0.032663625 5.987895e-05 2.7763218e-07 1.6590504e-06 3.8221242e-05 0.003251285 0.0004198385 0.004756722 0.0329906 3.4057837e-08 0.010762717 0.0004945128
0.9575636 0.09064522 0.0031322325 0.0054880823 0.026562091 0.044621143 0.006382013 0.084293224 0.37484 0.21296276 6.401711e-06 0.32894322 1.3457951e-05 0.022053812 1.5674377e-05 0.0066992654 0.62205887 5.1772844e-05 0.0010254881 0.00061862165 0.0014939011 9.9749384e-05 0.013121011 6.997154e-05 0.8673338 0.006401437 2.9920664e-06 0.52349186 0.8484545 6.389546e-16 0.42442283 9.632269e-07 0.9047037 0.0014636143 0.11750953 0.00077402446 1.6156928e-06 0.025541604 9.9747864e-05 0.100716956 0.03418617 0.52527004 0.00074238953 0.052985802 0.0024200785 1.25533315e-05 0.0017489968 4.810535e-06 0.04931871 0.017132489 2.4669594e-06 0.41445208 0.025894245 0.0012274436 0.1815989 0.1916411 0.18026924 0.00676778 0.002163297 0.000367643 1.4672693e-07 0.00062311545 6.2930594e-05 0.0078124483 0.0050625093 0.0004330524 0.001798464 1.1537292e-06 0.03833183 1.4434108e-06 0.000147388 0.000121342266 0.06096173 8.0252147e-07 0.0001753674 0.12140147 0.040118173 0.0004213318 2.3314717e-05 6.8335567e-06 0.07935934 1.3028664e-05 4.6392415e-05 3.098449e-05 0.17876066 2.1435214e-06 5.283036e-08 1.3278094e-05 0.0057490617 0.017225858 1.625303e-05 1.0590006e-07 1.429235e-06 6.257926e-06 0.0073369816 0.00012746539 0.010424453 0.040079672 2.0544586e-08 0.0149825495 8.533726e-05
0.92863864 0.13600837 0.0034634974 0.004221565 0.055955265 0.0335749 0.019206284 0.25929737 0.34550014 0.062347066 4.57756e-05 0.61477876 0.0002693439 0.13008125 2.8484803e-05 0.04506115 0.24918897 7.134344e-05 0.0043852455 0.0026066103 0.010817456 5.805909e-05 0.080217324 3.3060227e-05 0.45725575 0.0027862515 8.931071e-05 0.08052054 0.14056534 0.42442283 1.2892274e-16 4.2314623e-06 0.7552167 0.021656398 0.9353178 0.00043417164 1.9842357e-06 0.013691483 0.00063416513 0.022647966 0.019215748 0.8109706 0.0115705915 0.43699065 0.016234636 5.843512e-06 0.013593807 0.00014652914 0.256819 0.0032405653 1.5135309e-05 0.14413805 0.13123308 5.9402287e-06 0.26620677 0.2052769 0.09774417 0.05012456 0.015437972 6.5153574e-05 2.1541683e-07 0.0056579504 4.4328197e-05 0.03258844 0.0009807447 0.0036754068 0.009404864 8.0177864e-07 0.008413623 2.6852484e-05 6.3730295e-05 0.0021316868 0.12717168 7.4518243e-06 5.0314382e-05 0.04440508 0.09440258 3.8353017e-05 1.390678e-05 2.6134663e-05 0.115227796 5.3836193e-06 6.3955235e-06 1.142071e-05 0.20215616 1.0499466e-06 3.332007e-08 1.3920771e-06 0.029387899 0.007938417 3.048071e-07 1.1360237e-07 1.8014534e-05 4.0873124e-07 0.018465878 8.698384e-06 0.033280574 0.026582891 3.8509494e-08 0.015358475 3.786798e-06
