3.1813023e-24 0.8605346 0.8657024 0.7380469 0.8492795 0.47137657 0.28691638 0.80300355 0.90795213 0.28279492 0.84512997 0.89467204 0.9099822 0.26037136 0.84771276 0.96508026 0.09021945 0.8977135 0.92509955 0.94586813 0.32924253 0.18759353 0.8830857 0.14581239 0.060234807 0.98682606 0.9198068 0.7740007 0.5782825 0.19233002 0.9555401 0.97216344 0.87779415 0.9915389 0.95600295 0.5473505 0.8932636 0.88244474 0.85699946 0.9314253 0.9016407 0.34188575 0.9042311 0.9321019 0.8993654 0.28175274 0.907897 0.50492996 0.98195946 0.96378547 0.9520703 0.6324088 0.0057369163 0.97959036 0.90888673 0.9968374 0.8386772 0.004120946 0.99986756 0.99977785 0.9885745 0.8732575 0.0128329145 0.880831 0.00044597927 0.93303823 0.69047296 0.05890698 0.9853702 0.8455385 0.9707388 0.48914707 0.50363284 0.90454614 0.5693117 0.80001736 0.5962669 0.01612189 0.9988492 0.30800265 0.7279601 0.14798269 0.11135589 0.09440668 0.0732506 0.0071960283 0.00014445747 0.8491008 0.16559899 0.07311674 0.000521042 0.0021758564 0.0030616885 0.00024408333 0.007113589 0.01347094 0.00014575869 0.99982095 0.72100335 0.022478845 0.84617496
0.8605346 1.1469844e-19 0.8873753 0.8765113 0.8166654 0.64912266 0.551667 0.41823623 0.36324465 0.4173605 0.10843039 0.32562977 0.06185458 0.32351446 0.10823529 0.21936612 0.015156102 0.0013775737 0.010590654 0.015885474 0.062835395 2.5369967e-05 0.0022625844 0.04204816 0.003650181 0.11246208 0.00014318872 0.039948225 0.00085145334 0.017760983 0.0003593801 0.028191742 5.121642e-06 0.07240524 7.2201554e-05 2.1087111e-05 7.0483857e-06 5.284702e-07 2.4808804e-07 2.8628081e-05 4.3797327e-06 7.414378e-05 1.1677365e-06 1.5335356e-06 4.3547072e-07 1.6612725e-05 2.961677e-07 1.6135224e-05 0.0010954005 2.7968656e-06 2.8082727e-06 0.00013763591 0.0012279019 0.02300278 5.1746806e-08 0.00025672387 1.6379066e-07 0.0016793875 0.015151383 0.0011692093 9.002514e-06 1.1932337e-06 0.0016083667 6.044451e-08 3.6773275e-05 9.452417e-09 7.8791516e-08 0.00015398563 2.9220503e-06 9.121528e-09 4.0380186e-07 1.5146721e-08 1.3343946e-06 1.9825684e-07 9.799929e-08 2.2703374e-05 8.5905036e-08 2.2800625e-05 1.2469654e-05 9.766607e-07 6.88867e-08 4.4811286e-06 1.8131019e-06 4.373803e-07 9.394792e-07 1.8255838e-06 9.421929e-08 2.2654442e-06 1.2684275e-07 2.794894e-07 5.9114603e-07 4.5927598e-07 1.9492894e-08 4.6093614e-06 4.5598136e-07 2.3214554e-06 3.2523797e-06 0.009383345 3.23634e-06 3.2392657e-07 1.3461038e-06
0.8657024 0.8873753 9.696497e-19 0.75252473 0.84421885 0.49696523 0.41695702 0.27298057 0.6448526 0.22029278 0.059670698 0.59276634 0.048011716 0.14907981 0.09607843 0.36704123 0.011377949 0.002266191 0.008860041 0.015240923 0.031123195 7.218256e-05 0.002337714 0.019431606 0.003946074 0.16377561 0.00011278869 0.059602026 0.0006342731 0.0107955355 0.00016847173 0.034516126 2.2617269e-06 0.08802476 2.3952276e-05 1.0538624e-05 3.271171e-06 7.067956e-07 3.501643e-07 7.4586856e-06 1.5016155e-06 6.8482455e-05 4.7699245e-07 5.63295e-07 4.425643e-07 1.4624513e-05 9.459929e-07 1.4571623e-05 0.0007965224 1.1204455e-06 9.244474e-07 5.6787645e-05 0.00074155524 0.021255897 5.134332e-08 0.0002177597 1.2444302e-07 0.0006977673 0.017998831 0.0011900535 4.1057583e-06 6.062125e-07 0.0010602655 1.6703522e-08 1.9382092e-05 6.8854216e-09 4.338882e-08 5.6720804e-05 1.0900582e-06 7.826439e-09 5.078624e-07 1.5958507e-08 6.154607e-07 7.630387e-08 1.00318296e-07 4.8320485e-06 4.7203525e-08 1.3656123e-05 9.146751e-06 8.069351e-07 2.2795763e-08 2.886204e-06 1.5009671e-06 3.063338e-07 9.035693e-07 4.2427297e-07 5.0534016e-08 6.4868124e-07 5.7260248e-08 4.2524314e-07 3.031168e-07 1.6754424e-07 3.915704e-09 3.6743602e-06 2.6774262e-07 1.4752115e-06 9.1489795e-07 0.010204951 3.3535835e-06 4.1201477e-07 1.552924e-06
0.7380469 0.8765113 0.75252473 2.453603e-20 0.8694217 0.72113866 0.6548263 0.419627 0.27208957 0.51083106 0.07929296 0.25305623 0.05495343 0.4170321 0.11465655 0.14902012 0.025529495 0.0011540693 0.0063100727 0.009584461 0.0715264 9.834421e-06 0.0015387635 0.05481148 0.00615236 0.08028518 0.00011498484 0.0478155 0.00054466515 0.020772478 0.00039429177 0.027354049 3.8042306e-06 0.06474562 9.3983945e-05 1.677873e-05 8.678672e-06 4.872123e-07 2.3942863e-07 4.8180806e-05 5.811684e-06 7.362154e-05 8.135998e-07 1.5912887e-06 1.5665245e-07 2.0298085e-05 2.2829605e-07 2.0154264e-05 0.0008757031 3.225091e-06 2.909365e-06 9.9395285e-05 0.0013549598 0.022453291 2.7323368e-08 0.00022016861 7.7748005e-08 0.001795264 0.012613811 0.00079792284 3.95911e-06 8.23517e-07 0.0015032729 4.01608e-08 6.9037014e-05 1.1269836e-08 3.717789e-08 9.002922e-05 1.5124521e-06 8.09494e-09 1.7177543e-07 9.024979e-09 3.045132e-06 1.5678009e-07 6.864169e-08 6.1088876e-06 4.6945473e-08 1.4522774e-05 9.993931e-06 7.99142e-07 4.763612e-08 2.6566627e-06 1.5893154e-06 1.4744091e-07 6.034818e-07 2.127863e-06 1.7013491e-08 1.5543641e-06 6.94103e-08 7.369462e-08 3.938062e-07 1.8382035e-07 1.0790015e-08 3.5549292e-06 4.0350926e-07 2.5083186e-06 1.4516315e-06 0.0047860397 6.102415e-07 1.4437006e-07 3.625049e-07
0.8492795 0.8166654 0.84421885 0.8694217 3.2434297e-16 0.77502996 0.83779216 0.15972106 0.35113668 0.63979447 0.026748022 0.6915715 0.011162174 0.5718236 0.892608 0.26933917 0.4586022 0.0003516443 0.0007744254 0.00066368544 0.049108043 7.9333523e-07 0.00020208702 0.048883535 0.17572904 0.032396507 6.5595545e-05 0.4159128 0.00038699486 0.022121375 6.929942e-05 0.21175513 1.0331157e-06 0.07405062 2.4026125e-05 1.2830233e-05 1.0592637e-06 8.207673e-07 2.769058e-07 9.544381e-06 6.672778e-07 3.3412944e-05 1.192687e-07 3.8575786e-07 1.0663561e-07 6.894046e-06 1.0491413e-07 3.759709e-06 0.00010751293 8.7742467e-07 8.6099055e-07 6.5723034e-05 0.0058703856 0.13069695 6.5707666e-09 9.182003e-05 1.2971552e-08 0.0043569473 0.03398349 0.0012519839 1.5192647e-07 2.8563252e-07 0.00171006 2.7047968e-09 0.00015792409 2.3258175e-09 3.1078283e-08 8.9320594e-05 6.1033724e-08 3.1881298e-09 1.1586076e-07 7.143146e-09 1.9415643e-06 1.5154871e-08 2.128762e-08 4.0291193e-06 1.608134e-08 3.0363643e-05 2.0545588e-06 9.0160586e-07 3.0565253e-08 9.489811e-07 3.8021173e-07 9.32341e-08 2.978084e-07 1.05155735e-07 2.279863e-08 7.674437e-08 3.715634e-08 1.546675e-08 5.1000644e-08 1.1005837e-07 4.321305e-09 5.620119e-07 7.217805e-08 2.0033019e-07 4.2989487e-07 0.047547832 1.1862879e-07 4.3057895e-08 1.5697744e-07
0.47137657 0.64912266 0.49696523 0.72113866 0.77502996 1.0080496e-17 0.9192044 0.6841746 0.19986309 0.73849165 0.19348237 0.1560517 0.057889245 0.6390909 0.11035699 0.09910786 0.03346251 0.0016936465 0.010109032 0.012413372 0.12748957 1.0571521e-05 0.0033534076 0.12258682 0.008246492 0.048989523 0.00043434018 0.03678475 0.0016341768 0.055185188 0.0011475523 0.032372124 5.4415268e-05 0.0399631 0.00044076156 6.55352e-05 7.1029324e-05 1.2969616e-05 7.401891e-06 0.00021098426 7.2938135e-05 0.000193245 1.2206635e-05 3.680868e-05 2.1728029e-06 0.00010199653 5.331489e-06 0.00015373224 0.0011084587 1.4049737e-05 8.186359e-06 0.00059643603 0.0049944716 0.017230803 9.452119e-07 0.00019219698 7.9097595e-07 0.0038493972 0.010596868 0.00080005976 4.436607e-06 1.4070628e-05 0.0018228955 2.8512034e-07 0.00039522632 4.953163e-07 1.3306038e-06 0.00026637077 3.0212877e-06 3.4305498e-07 1.0920548e-06 3.1408436e-07 1.6703532e-05 1.01219e-06 1.4045979e-06 4.6609053e-05 9.233452e-07 4.4812885e-05 2.078685e-05 6.5197983e-06 1.667692e-07 1.110597e-05 1.9136025e-06 1.3127186e-06 1.0688909e-06 1.9079298e-06 1.2497858e-07 1.9213246e-06 7.814328e-07 1.4083099e-07 1.7727888e-07 8.489997e-07 4.9504735e-08 1.8779112e-06 2.2625757e-07 9.830036e-07 8.5917134e-07 0.008847392 2.6294879e-06 7.451522e-07 1.6963119e-06
0.28691638 0.551667 0.41695702 0.6548263 0.83779216 0.9192044 1.6695667e-18 0.49949756 0.18972884 0.75358826 0.07863713 0.18339363 0.036872532 0.6044425 0.09603181 0.09377126 0.0116134845 0.0038443527 0.0076801707 0.009744766 0.04727711 6.322731e-06 0.002925579 0.055248514 0.0042134426 0.056667052 0.0011017421 0.07889648 0.0012260543 0.017762974 0.00097538694 0.05848246 1.6746231e-05 0.06004097 0.00043367522 5.8026486e-05 5.9095557e-05 1.729001e-05 6.731488e-06 0.00011992378 4.899273e-05 0.00019950762 6.5989857e-06 1.3544217e-05 4.6953016e-07 6.366888e-05 1.3654331e-06 7.787064e-05 8.188401e-05 9.215299e-06 8.019282e-06 7.923539e-05 0.00036146684 0.019665193 1.4083998e-09 6.256294e-05 9.724828e-09 0.0002591221 0.010459078 0.0004074942 2.3029253e-07 3.8466555e-06 0.00040681235 2.9023546e-09 0.00017588629 8.212452e-08 2.1341741e-07 3.7352835e-05 5.745501e-07 8.960252e-08 2.5392356e-07 2.627376e-07 2.861169e-06 1.6393669e-08 3.5304362e-07 7.563899e-06 7.0642535e-08 3.3483263e-06 4.1940066e-06 2.4578972e-06 1.1384173e-07 1.3765019e-06 7.1349973e-07 4.3644238e-07 1.5588457e-06 1.52242e-06 2.5865285e-09 1.6815252e-07 9.820301e-07 5.5821243e-07 1.4008475e-07 5.3173164e-08 2.3934075e-09 6.5160907e-07 3.5430645e-07 8.356741e-06 1.2469606e-07 0.0017028061 1.9582993e-07 1.133827e-06 9.0625534e-08
0.80300355 0.41823623 0.27298057 0.419627 0.15972106 0.6841746 0.49949756 1.07596187e-16 0.1366231 0.5777112 0.8886827 0.046181794 0.47501448 0.60392475 0.016310265 0.056955624 0.0030242053 0.056626614 0.049404815 0.043142915 0.6860911 0.002330274 0.1771053 0.5383893 0.0017619749 0.13922192 0.0065662637 0.009895634 0.112146236 0.46305507 0.0070122452 0.009195245 0.00097389694 0.055021636 0.00333694 0.0011911088 0.0005841106 0.00014816692 0.00011839559 0.0012196378 0.00047207513 0.0014597223 5.9201495e-05 0.00014090522 1.0777743e-05 0.00041544117 1.8202183e-05 0.000403903 0.00409205 0.0001939719 8.884476e-05 0.0018570441 0.004817146 0.012272181 7.2455805e-07 0.0010848941 1.0359286e-06 0.0053218375 0.013162456 0.0025128215 0.00020697057 3.999849e-05 0.0038987321 8.4169606e-08 0.00021000023 9.4745633e-07 1.9948936e-06 0.0005733419 9.7876604e-05 1.4480863e-06 1.0094517e-05 2.571517e-06 6.4756496e-05 6.8217605e-07 1.19866545e-05 0.00019735299 1.1502005e-06 5.812296e-05 0.00010879344 6.067331e-05 1.0525653e-06 1.601314e-05 1.0837358e-05 2.790679e-06 4.6677887e-06 1.3265527e-05 7.858499e-08 1.1027312e-05 1.9048881e-06 1.1563342e-06 2.5644833e-06 1.1007029e-06 7.3093794e-08 1.3864788e-05 2.291827e-06 6.6878674e-06 6.411799e-06 0.006262729 8.8319975e-05 2.430031e-06 1.6774666e-05
0.90795213 0.36324465 0.6448526 0.27208957 0.35113668 0.19986309 0.18972884 0.1366231 5.4244133e-16 0.13263886 0.080127545 0.87241566 0.1589787 0.11047998 0.03356375 0.8471918 0.004977745 0.0368753 0.02233895 0.041854925 0.0481068 0.007404049 0.021636892 0.026480954 0.0026407274 0.5842014 0.0012376116 0.040557116 0.007334872 0.014546431 0.0013643738 0.04102617 0.0009429063 0.37937486 0.00044360635 0.0014188028 5.3183085e-05 6.9474976e-05 4.2940563e-05 0.00025427944 2.8954768e-05 0.00051538635 1.4791638e-05 2.8316039e-05 2.6481064e-05 0.0001826838 0.00015996512 3.8810034e-05 0.0064081927 4.6265177e-05 1.750677e-05 0.0004530651 0.00063153525 0.021985002 4.117318e-06 0.0036190082 5.1100767e-07 0.0008318814 0.08381023 0.014086318 0.00016587279 8.9114954e-05 0.0005270586 1.9206652e-08 2.1180407e-05 4.334794e-07 3.6776623e-06 0.00053929846 0.0001334247 1.3316804e-06 1.2954178e-05 1.1788744e-06 6.161156e-05 9.503677e-07 2.4330616e-06 0.0002433178 1.1471639e-06 4.975618e-05 0.00081709004 4.0413204e-05 2.6693276e-06 0.00022105478 2.588604e-05 2.7279797e-05 1.5006043e-05 0.00013154118 7.1169876e-07 2.851304e-05 1.1605755e-06 2.3898087e-05 2.594876e-06 1.8873176e-06 1.2135898e-07 3.3776963e-05 5.9493277e-06 2.6257752e-05 1.5315281e-05 0.014553723 5.653306e-06 1.3577525e-06 2.3044993e-06
0.28279492 0.4173605 0.22029278 0.51083106 0.63979447 0.73849165 0.75358826 0.5777112 0.13263886 6.504874e-21 0.15447506 0.091837354 0.03431418 0.9654227 0.12391498 0.070653915 0.015645428 0.0008243826 0.0053086122 0.0053848443 0.11395319 1.919585e-06 0.002161526 0.15417229 0.0055844095 0.052745253 0.00042505361 0.053421717 0.00089473714 0.10268713 0.0004173206 0.048727877 7.607282e-06 0.048977226 0.00014906407 7.743367e-06 2.649271e-05 2.439772e-06 1.5218482e-06 8.80114e-05 2.8539134e-05 1.9023222e-05 4.0048126e-06 9.152397e-06 4.4222844e-07 7.052561e-06 8.209152e-07 1.2884417e-05 0.0002860599 1.8233305e-06 9.798989e-07 9.361637e-05 0.0075471466 0.025330331 1.550284e-08 0.00026415774 1.7917019e-08 0.0035526622 0.010684405 0.0010842596 2.8400973e-06 2.506621e-06 0.0006970719 4.035266e-09 0.00067686517 5.92354e-08 1.5540833e-07 0.00015778394 4.0713685e-06 6.212448e-08 2.2398056e-07 1.355348e-07 4.261747e-06 4.092666e-08 1.2028161e-06 2.8061328e-05 2.541307e-07 1.1924743e-05 4.409621e-05 9.898654e-07 2.9114423e-07 2.0863542e-06 7.354406e-07 4.5279333e-07 8.8780473e-07 1.7870159e-06 1.9480629e-08 9.841625e-08 2.5433872e-07 2.8732396e-07 8.002908e-08 1.0125467e-07 2.5566043e-09 2.5034996e-07 1.08756645e-07 1.8958545e-07 3.88313e-08 0.0027690541 1.0153746e-06 2.9000487e-08 7.818801e-07
0.84512997 0.10843039 0.059670698 0.07929296 0.026748022 0.19348237 0.07863713 0.8886827 0.080127545 0.15447506 9.609347e-17 0.022525666 0.8017734 0.2413132 0.0024071801 0.04117007 0.00057733303 0.4097753 0.20552316 0.16481678 0.6068046 0.02874503 0.64434916 0.43895185 0.00039969297 0.19940637 0.034466363 0.0058986833 0.44560376 0.41968098 0.034124255 0.005229651 0.016323991 0.05342073 0.012260443 0.017197248 0.0020311745 0.00093620666 0.00061641855 0.004766931 0.0013942901 0.004426155 0.00024217764 0.0005222344 5.888128e-05 0.0012841453 6.510419e-05 0.0010054817 0.0104595255 0.00066677504 0.00028386404 0.0048763724 0.001646344 0.008059066 4.9008804e-07 0.002479114 9.570399e-07 0.004567468 0.013880506 0.0054968037 0.0006087013 0.0001019271 0.0032575035 5.353075e-08 0.000119850505 3.7143533e-07 3.614246e-06 0.00077720545 0.00030575928 7.88841e-07 9.259139e-05 1.6927827e-06 3.8690665e-05 9.9798626e-08 2.5742993e-06 0.00054849323 2.0291058e-07 6.941498e-05 0.00017036643 3.7777318e-05 1.8552721e-06 1.2614453e-05 9.0701715e-06 2.3701991e-06 4.7826543e-06 1.5246948e-05 7.9399484e-08 1.8767225e-06 9.713539e-07 4.486871e-06 2.0079271e-05 1.8220636e-06 2.202647e-07 2.7192316e-05 1.399278e-06 3.588833e-06 1.2320594e-05 0.004849393 0.00024179295 4.0963542e-07 6.7469424e-05
0.89467204 0.32562977 0.59276634 0.25305623 0.6915715 0.1560517 0.18339363 0.046181794 0.87241566 0.091837354 0.022525666 9.62667e-16 0.0310398 0.07678806 0.10481788 0.8464323 0.013005755 0.005521613 0.0045767706 0.006179592 0.016028337 0.00046486667 0.0046960753 0.00935664 0.0050965208 0.18991493 0.00038009943 0.13384606 0.0018076713 0.0054121977 0.00034145013 0.12731339 0.0002450805 0.35149178 0.000145071 0.00036317363 2.6635336e-05 2.3942843e-05 1.5801004e-05 5.9053073e-05 1.581169e-05 0.00029666 7.3254305e-06 8.134032e-06 1.5614087e-05 8.825969e-05 5.5518314e-05 4.6052028e-05 0.0016508239 1.2439154e-05 5.419053e-06 0.00023017981 0.00046389055 0.051745888 7.736122e-07 0.0012380594 1.0455336e-07 0.0008113773 0.0960887 0.004939936 1.9368585e-05 1.480787e-05 0.0007888302 1.4543714e-09 7.7809695e-05 1.3352455e-07 4.305423e-07 0.00016910385 3.8527755e-06 1.424522e-07 3.6171855e-07 1.9773172e-07 8.913802e-06 3.0449343e-08 2.6114083e-07 6.9331014e-05 5.901988e-08 2.9896264e-05 7.4194715e-05 5.2349696e-06 5.4509275e-07 3.1088235e-05 7.302287e-06 5.959845e-06 4.2180213e-06 2.3358227e-05 8.735776e-08 1.0703778e-05 2.2474765e-07 6.878757e-06 1.5473314e-06 9.4173835e-08 9.394594e-09 2.8119057e-05 1.5925835e-06 1.2421845e-05 3.883371e-06 0.072091445 7.0221824e-07 4.409415e-07 3.486478e-07
0.9099822 0.06185458 0.048011716 0.05495343 0.011162174 0.057889245 0.036872532 0.47501448 0.1589787 0.03431418 0.8017734 0.0310398 1.2318094e-16 0.04218058 0.00086143875 0.068543516 0.0005695671 0.83527935 0.5937629 0.47578186 0.4360499 0.40008557 0.69052356 0.20109019 0.00024563624 0.44742858 0.16145897 0.009360389 0.3069897 0.232402 0.14302398 0.007623926 0.11045033 0.12081231 0.034357063 0.045107633 0.015343476 0.007853368 0.005096239 0.018946392 0.009206674 0.007821147 0.00079495256 0.0014500576 0.00025213248 0.0021245214 0.00029785605 0.001371156 0.029906996 0.0017294035 0.0010554245 0.0056855986 0.0002325444 0.012574937 6.151614e-07 0.010779179 1.2111519e-06 0.0015369845 0.026798522 0.013733782 0.0011796124 0.00012426922 0.002243925 1.7242792e-08 1.7610559e-05 6.322484e-08 3.1258235e-06 0.00052543083 0.00035016963 4.1978578e-07 6.797266e-05 1.0632767e-06 3.100935e-05 1.2500343e-08 7.361339e-07 0.00032460585 2.4544931e-08 2.368004e-05 0.000653548 1.7494953e-05 1.0234711e-06 1.0360437e-05 6.928213e-06 4.304563e-06 2.589682e-06 2.8018434e-05 7.417211e-08 2.6033294e-07 5.2376186e-07 5.3457497e-06 1.5147799e-05 5.8310757e-06 1.2073698e-07 5.750983e-05 2.6511663e-07 7.9312946e-07 1.1575463e-05 0.008557621 0.00020788427 1.5182391e-07 8.788642e-05
0.26037136 0.32351446 0.14907981 0.4170321 0.5718236 0.6390909 0.6044425 0.60392475 0.11047998 0.9654227 0.2413132 0.07678806 0.04218058 1.9693306e-20 0.1208746 0.07358869 0.01374943 0.0016663948 0.0065042013 0.0060528796 0.28839502 1.9212605e-06 0.0033107426 0.41934454 0.0059287376 0.05683311 0.0005298701 0.048762094 0.0018119267 0.32486588 0.00056173577 0.047670003 1.0173059e-05 0.045039035 0.00019707144 1.2408585e-05 3.557278e-05 6.2251875e-06 3.571475e-06 9.546252e-05 2.9209903e-05 2.3171477e-05 4.6291057e-06 9.375339e-06 4.1528307e-07 1.0884215e-05 1.0391166e-06 1.9027611e-05 0.00029519558 3.8030043e-06 1.4604894e-06 0.00017653564 0.023876129 0.022682287 5.8030434e-08 0.00026208756 2.3898687e-08 0.0061366116 0.009815691 0.0010265361 5.4722072e-06 4.0566056e-06 0.0011428387 7.676073e-09 0.001989963 1.0825313e-07 3.7975514e-07 0.00025814955 7.676524e-06 1.1525991e-07 3.4332336e-07 3.974315e-07 6.224463e-06 1.415943e-07 2.2669676e-06 9.817623e-05 5.7844863e-07 3.392841e-05 6.44795e-05 2.4210558e-06 3.411819e-07 5.2952782e-06 1.3662095e-06 5.651438e-07 1.7211676e-06 2.9761325e-06 4.2537597e-08 1.0195115e-07 4.9187014e-07 1.7058908e-07 2.6078544e-07 2.0880091e-07 8.3297245e-09 5.703149e-07 2.2099438e-07 6.5578837e-07 1.832583e-07 0.0017684485 2.366321e-06 3.8099632e-08 1.5028019e-06
0.84771276 0.10823529 0.09607843 0.11465655 0.892608 0.11035699 0.09603181 0.016310265 0.03356375 0.12391498 0.0024071801 0.10481788 0.00086143875 0.1208746 8.926608e-13 0.03882851 0.8628866 0.00019415513 0.00018807915 0.00012159528 0.002664855 2.8421658e-07 9.0359084e-05 0.0029200306 0.7554915 0.0072934553 8.493734e-06 0.82972413 0.00015320447 0.0021349106 1.3529475e-05 0.4820481 6.588362e-07 0.034613512 6.182005e-06 1.5003481e-05 4.046152e-07 2.715847e-07 9.647001e-08 2.2643035e-06 3.7179115e-07 5.6284014e-05 2.1085319e-07 3.291607e-07 1.4352825e-07 4.761056e-06 3.349992e-07 4.9579626e-06 1.1118519e-05 2.4009427e-07 2.1768732e-07 2.647061e-05 0.012378399 0.7273609 3.2321854e-08 4.9960214e-05 4.2200266e-09 0.003454627 0.09162509 0.0009930177 4.6654987e-09 2.544854e-06 0.0012874138 7.985911e-11 0.0014499369 1.6544668e-08 3.2981274e-07 9.316438e-05 5.6783012e-08 6.009722e-08 6.171255e-08 8.770184e-08 6.508485e-06 4.7952518e-09 6.0098486e-08 3.1122257e-05 2.1200542e-08 1.45197e-05 5.002033e-07 4.914442e-06 9.3727687e-07 5.3684766e-05 4.514164e-06 8.918837e-06 3.8410467e-06 3.1987604e-06 9.4408125e-07 2.2383652e-08 1.7019803e-06 4.5562256e-06 2.8034202e-07 1.481508e-06 4.7665573e-08 4.749539e-07 3.775594e-08 2.1257931e-07 1.909933e-07 0.30677634 2.8451705e-09 2.2291157e-08 4.2301824e-08
0.96508026 0.21936612 0.36704123 0.14902012 0.26933917 0.09910786 0.09377126 0.056955624 0.8471918 0.070653915 0.04117007 0.8464323 0.068543516 0.07358869 0.03882851 1.4700373e-16 0.004783738 0.014832923 0.0149131045 0.02449617 0.019020226 0.0022261057 0.011881603 0.0110014435 0.0026840658 0.6683405 0.0009867485 0.09238253 0.0048725996 0.006665954 0.0009726532 0.12082121 0.0004232556 0.78996694 0.00036489835 0.0010222713 5.3404117e-05 8.354914e-05 4.5523233e-05 0.00019418569 3.1861455e-05 0.0005058086 2.2776501e-05 2.3616667e-05 7.07574e-05 0.00020963406 0.00026869174 0.00016076956 0.006984534 4.1942247e-05 2.3796494e-05 0.0003371072 0.00056990207 0.04129061 5.7018847e-06 0.0069025233 2.0355162e-06 0.0005446389 0.24752963 0.027081773 0.00015393674 3.681851e-05 0.0006415233 3.2043783e-08 4.0198178e-05 4.2147383e-07 1.0901018e-06 0.00023488606 8.430751e-05 6.35735e-07 2.273364e-05 5.486104e-07 1.6683316e-05 1.0463414e-07 3.92916e-07 0.0001198992 1.9257669e-07 4.232219e-05 0.0007128921 1.2636511e-05 5.1396063e-07 8.37156e-05 1.0835166e-05 1.5201184e-05 6.144968e-06 3.4029967e-05 3.8923193e-07 3.914495e-05 3.7206462e-07 7.5044068e-06 1.5740744e-06 1.5769405e-07 1.1882677e-08 3.3913562e-05 3.974583e-06 1.1179027e-05 5.9984313e-06 0.13299763 1.689237e-05 1.8244525e-06 2.3101986e-06
0.09021945 0.015156102 0.011377949 0.025529495 0.4586022 0.03346251 0.0116134845 0.0030242053 0.004977745 0.015645428 0.00057733303 0.013005755 0.0005695671 0.01374943 0.8628866 0.004783738 1.7557818e-18 1.9320654e-05 5.5632216e-05 0.00012727092 0.00024072721 2.6454356e-07 2.6618933e-05 0.00022014533 0.97760594 0.0021395432 8.367556e-06 0.1365775 2.8401584e-05 0.000274289 4.780173e-06 0.041519526 6.880742e-07 0.0045272927 1.8973459e-06 5.1330794e-06 5.3397804e-07 1.2153421e-07 4.0385864e-08 7.416931e-07 6.7172806e-07 2.917563e-05 8.033788e-08 1.4471757e-07 3.119034e-08 3.242185e-06 2.7552904e-08 5.58455e-06 2.8210418e-06 2.3974613e-08 2.3748736e-08 5.3219617e-07 0.0012365828 0.12645513 5.0390483e-09 1.470785e-06 2.3155309e-09 0.001611405 0.007982639 6.64293e-05 1.4865341e-09 7.437979e-08 0.0005778365 1.7432454e-10 0.002024577 1.53113e-08 1.3150893e-08 6.811977e-05 4.642439e-08 1.88969e-09 4.347056e-09 2.6734241e-08 6.0088745e-08 1.4868279e-07 6.292332e-09 2.4152664e-07 2.9914272e-08 7.479171e-06 1.5111726e-07 1.0548598e-07 3.8999417e-08 1.614201e-07 6.4102515e-08 2.5065633e-08 2.4304978e-07 2.0437966e-08 6.55231e-08 2.8935605e-09 3.57803e-08 1.0589415e-08 1.2361003e-08 1.7623965e-07 5.438895e-09 5.1609796e-08 1.6005634e-08 2.3703345e-08 1.7040087e-08 0.030616472 1.3263943e-09 7.621303e-10 4.13736e-10
0.8977135 0.0013775737 0.002266191 0.0011540693 0.0003516443 0.0016936465 0.0038443527 0.056626614 0.0368753 0.0008243826 0.4097753 0.005521613 0.83527935 0.0016663948 0.00019415513 0.014832923 1.9320654e-05 3.0777204e-19 0.674717 0.4815621 0.08039662 0.73267114 0.7448394 0.024511348 1.1363921e-05 0.28143516 0.5308345 0.0015887852 0.3719044 0.04022456 0.39029998 0.0015908411 0.37946725 0.036760516 0.13228862 0.15663314 0.12453298 0.077274576 0.07114886 0.09234941 0.07844396 0.024691967 0.009944815 0.016272511 0.0042272373 0.005869615 0.0036231778 0.00323831 0.111690015 0.0109252855 0.0049947933 0.01636301 1.3126473e-06 0.0039136293 3.3356862e-06 0.017906036 5.8145715e-06 0.00025081393 0.020515995 0.016235922 0.0046213935 0.0007399167 0.0022453794 3.7413866e-07 2.0631718e-05 2.2088923e-07 2.8106428e-05 0.0007354547 0.0007541555 6.801454e-07 0.0006015173 4.087562e-07 8.1599086e-05 7.4204365e-08 2.0531161e-07 0.0011349263 6.045892e-08 2.1661706e-05 0.0016591487 2.602858e-05 2.0530321e-07 6.7482935e-05 4.300263e-06 3.2898846e-05 1.0921632e-06 8.635349e-05 1.9976852e-07 3.9511022e-08 1.10733865e-07 6.449186e-05 2.000902e-05 2.9171301e-06 2.6140444e-07 3.5712008e-05 5.499876e-07 2.8087456e-07 1.0721666e-05 0.0048184297 0.0012262437 1.0714975e-08 9.79076e-05
0.92509955 0.010590654 0.008860041 0.0063100727 0.0007744254 0.010109032 0.0076801707 0.049404815 0.02233895 0.0053086122 0.20552316 0.0045767706 0.5937629 0.0065042013 0.00018807915 0.0149131045 5.5632216e-05 0.674717 1.412104e-16 0.8634161 0.063783646 0.8245314 0.2588787 0.025799949 5.034001e-05 0.36300004 0.39207387 0.0028127371 0.082113065 0.029161764 0.4361156 0.0020485593 0.17557155 0.025637206 0.087164275 0.051141568 0.046385232 0.035485234 0.025421435 0.056268524 0.027751802 0.008544497 0.0027644343 0.0038468316 0.0033621339 0.0038802468 0.0054276446 0.0017303464 0.06451449 0.0031691918 0.0016251813 0.009166182 2.9271764e-06 0.005528257 1.2035693e-05 0.014332072 8.698293e-06 0.00014763854 0.01682772 0.0148024 0.0017570725 0.0002490967 0.00021966526 1.1237854e-06 2.114424e-05 1.5869671e-07 9.551074e-06 0.0001574076 0.00024148254 5.8128785e-07 0.00033019565 7.4465066e-07 3.23379e-05 2.3592332e-07 2.541181e-07 0.00037820722 1.3576378e-07 3.7941977e-06 0.0013412153 1.7778852e-05 5.161287e-07 1.0257415e-05 3.3247575e-06 2.765692e-06 1.6359356e-06 2.9173374e-05 2.907265e-08 1.8896179e-07 5.0004496e-07 4.5395877e-06 1.1680646e-05 9.4571044e-07 5.457697e-08 2.931922e-05 2.7026954e-07 4.2364266e-07 6.4028836e-06 0.0055158525 0.00032337732 1.608592e-07 6.813777e-05
0.94586813 0.015885474 0.015240923 0.009584461 0.00066368544 0.012413372 0.009744766 0.043142915 0.041854925 0.0053848443 0.16481678 0.006179592 0.47578186 0.0060528796 0.00012159528 0.02449617 0.00012727092 0.4815621 0.8634161 3.1261771e-18 0.04158039 0.80795795 0.160464 0.016048212 7.634031e-05 0.69528073 0.39086124 0.0033573308 0.03975914 0.012816978 0.49568677 0.0025586546 0.09511231 0.05840264 0.12087717 0.033176772 0.030221548 0.02149384 0.01709676 0.057713434 0.017673459 0.006451124 0.0018684603 0.0032229638 0.0033216586 0.002899485 0.00799299 0.0023621332 0.0798194 0.002766134 0.0013344712 0.0034813667 3.0772685e-06 0.0068551525 1.5412705e-05 0.010638017 1.7832102e-05 0.00030844554 0.023801599 0.0124568725 0.0010485653 8.443319e-05 0.0005411994 1.3369971e-06 5.7939396e-05 4.3131615e-07 2.0329749e-06 0.00017505727 0.00012858598 3.867672e-07 0.00021700012 8.7712266e-07 1.2380122e-05 3.680306e-07 4.2814574e-07 8.686392e-05 1.6530733e-07 7.83141e-06 0.00100713 1.06452935e-05 3.2792406e-07 5.316227e-06 7.4711156e-06 1.1198207e-06 8.662018e-06 4.0237992e-05 6.821022e-08 5.698642e-07 5.6736e-07 2.9032255e-06 4.7166445e-06 5.872902e-07 1.2109902e-08 6.8913114e-06 1.0971428e-06 3.8225558e-06 2.0797747e-06 0.012620013 0.00027217573 3.6303734e-07 4.1247677e-05
0.32924253 0.062835395 0.031123195 0.0715264 0.049108043 0.12748957 0.04727711 0.6860911 0.0481068 0.11395319 0.6068046 0.016028337 0.4360499 0.28839502 0.002664855 0.019020226 0.00024072721 0.08039662 0.063783646 0.04158039 2.371556e-19 0.00018113446 0.36048532 0.92448556 0.00013005282 0.061104164 0.01358281 0.002842001 0.5701564 0.84132576 0.008610166 0.002985911 0.0031285887 0.019111967 0.0025089264 0.003982602 0.0013684656 0.00045123204 0.00022813384 0.0015850206 0.0008792206 0.00073006784 7.379214e-05 0.00014297313 8.4112635e-06 0.00028003784 1.23835225e-05 0.0005364848 0.0010117578 7.527181e-05 1.9293811e-05 0.015486787 0.00089125277 0.0017085936 5.997894e-08 0.00040553178 3.4265904e-07 0.009304017 0.0037937497 0.000554599 9.207582e-05 4.8833757e-05 0.002529778 1.0102351e-08 0.00041674712 2.7335656e-07 1.4821285e-06 0.0020836373 8.6032494e-05 1.740484e-07 1.8073368e-05 4.1550692e-07 2.1801765e-05 2.2890103e-07 1.0979958e-06 0.0006856777 5.5141766e-07 8.6783526e-05 9.198524e-05 3.8892117e-06 1.7419029e-06 3.5438556e-05 1.4842883e-06 7.0902997e-06 4.094888e-06 9.87194e-06 2.2081996e-07 5.823776e-07 4.2004954e-06 4.053609e-06 9.115606e-07 1.0730709e-07 3.5884509e-09 1.0683732e-06 3.382546e-06 7.407653e-06 5.5637355e-07 0.0009971092 0.000688512 5.8790994e-07 0.00011679438
0.18759353 2.5369967e-05 7.218256e-05 9.834421e-06 7.9333523e-07 1.0571521e-05 6.322731e-06 0.002330274 0.007404049 1.919585e-06 0.02874503 0.00046486667 0.40008557 1.9212605e-06 2.8421658e-07 0.0022261057 2.6454356e-07 0.73267114 0.8245314 0.80795795 0.00018113446 3.2385373e-29 0.12530436 1.7071261e-05 1.2586682e-07 0.29114124 0.82776415 2.206913e-05 0.010165564 7.99211e-06 0.7292124 0.0003599567 0.046195187 0.0072856657 0.2198402 0.023359377 0.19559042 0.112762526 0.11833329 0.15639763 0.08022852 0.0034989011 0.011286628 0.015493103 0.011495531 0.0005862541 0.020852381 0.0007172011 0.09666035 0.008724143 0.005653681 0.00019651685 1.7580462e-08 0.00019130131 3.520609e-05 0.009724854 3.2273663e-05 5.6978e-07 0.005357325 0.010360912 0.00068300165 4.661734e-06 2.8226862e-06 1.0792116e-06 7.2329875e-09 2.7811832e-06 1.4453992e-07 1.4253632e-07 0.00056168786 2.8259763e-07 0.00018299957 1.5626391e-07 3.948149e-08 4.0795026e-08 1.1919427e-08 3.3727822e-08 6.6344135e-09 2.0571829e-09 0.0010935172 1.4802622e-08 2.4398335e-07 5.2998807e-08 8.775551e-09 1.5136592e-07 9.262467e-09 1.0988491e-07 3.2342225e-14 9.563119e-07 2.067073e-07 7.047122e-08 7.1101023e-09 1.0669568e-10 3.576121e-11 6.691465e-08 8.299765e-09 2.1676193e-07 4.0036645e-09 6.846319e-05 2.092344e-06 2.4317498e-07 2.1574756e-06
0.8830857 0.0022625844 0.002337714 0.0015387635 0.00020208702 0.0033534076 0.002925579 0.1771053 0.021636892 0.002161526 0.64434916 0.0046960753 0.69052356 0.0033107426 9.0359084e-05 0.011881603 2.6618933e-05 0.7448394 0.2588787 0.160464 0.36048532 0.12530436 5.808584e-18 0.15283789 1.633626e-05 0.11996627 0.18677439 0.0008091637 0.851089 0.2981478 0.14527664 0.0022155258 0.6886512 0.025946822 0.052046053 0.528557 0.08092812 0.08637382 0.06994429 0.041004453 0.054047845 0.28991786 0.008199838 0.01244758 0.0010826574 0.16305807 0.0031783828 0.067284964 0.034262914 0.010010443 0.005628815 0.23873788 4.3018277e-05 0.0018846861 2.4426452e-06 0.005638172 1.806396e-05 0.0015394217 0.014091639 0.009092559 0.0013049375 0.0012493605 0.004522192 5.154588e-07 3.5401063e-05 4.7352046e-06 8.942423e-05 0.0038305374 0.00111743 2.1271824e-05 0.00038725667 2.2482911e-05 0.0004322398 8.690887e-08 8.73073e-06 0.0020317277 4.5363223e-07 0.00020390796 0.00060141267 0.00013178792 7.42847e-05 8.60796e-05 7.160137e-05 3.5554258e-05 2.5818093e-05 0.00027707795 1.24221e-06 3.7266673e-06 5.950247e-06 6.900272e-05 6.318564e-05 1.49209345e-05 6.158095e-07 6.2966916e-05 1.031128e-05 2.585811e-05 1.19605975e-05 0.0022927388 0.00095325743 1.9594418e-06 0.00047331527
0.14581239 0.04204816 0.019431606 0.05481148 0.048883535 0.12258682 0.055248514 0.5383893 0.026480954 0.15417229 0.43895185 0.00935664 0.20109019 0.41934454 0.0029200306 0.0110014435 0.00022014533 0.024511348 0.025799949 0.016048212 0.92448556 1.7071261e-05 0.15283789 1.1449173e-18 0.00017601415 0.03011391 0.0041606645 0.0022861646 0.40683332 0.9424816 0.0035447988 0.002102401 0.00063414034 0.007925837 0.0011915627 0.0009453458 0.00043467642 9.251371e-05 4.3763277e-05 0.00080941233 0.00032628584 0.000228069 3.291416e-05 7.672911e-05 5.6900863e-06 7.346268e-05 5.0198078e-06 0.00019361188 0.0004869817 4.4418335e-05 2.196465e-05 0.0064789494 0.0016014156 0.0015452774 1.003336e-07 0.0001517952 2.3047994e-07 0.013703201 0.002415324 0.00022129019 3.2634733e-05 2.7355454e-05 0.0047750273 8.983452e-09 0.0014335543 1.5045751e-07 9.471213e-07 0.002026273 2.2167345e-05 1.06029404e-07 1.3140739e-06 1.8184275e-07 1.0593663e-05 1.6876365e-07 3.0649292e-06 0.0006810652 5.8620907e-07 0.00010612183 6.482484e-05 2.6852676e-06 3.6217714e-06 5.0080384e-05 2.8430131e-06 5.564115e-06 1.0438638e-05 1.9344494e-05 2.064004e-07 9.591524e-07 1.3843318e-05 2.605902e-06 1.9214915e-06 1.9412744e-07 1.2828819e-08 1.966192e-06 6.2256086e-06 1.2276927e-05 1.7663565e-06 0.0007815309 7.561717e-05 1.4980241e-06 1.0858441e-05
0.060234807 0.003650181 0.003946074 0.00615236 0.17572904 0.008246492 0.0042134426 0.0017619749 0.0026407274 0.0055844095 0.00039969297 0.0050965208 0.00024563624 0.0059287376 0.7554915 0.0026840658 0.97760594 1.1363921e-05 5.034001e-05 7.634031e-05 0.00013005282 1.2586682e-07 1.633626e-05 0.00017601415 4.9278737e-19 0.0014485152 3.7837367e-06 0.105090745 1.5328067e-05 0.00014931305 5.526493e-06 0.028557397 2.8526367e-07 0.0028391143 1.72123e-06 3.0484505e-06 7.418876e-07 2.0215111e-07 9.157827e-08 7.5655464e-07 9.2814344e-07 1.801993e-05 1.8329398e-07 3.8478785e-07 4.318967e-08 2.4623641e-06 2.638692e-08 4.095966e-06 6.613168e-06 7.007915e-08 5.2653213e-08 4.1898906e-07 0.010410078 0.16208594 4.594306e-09 8.5415667e-07 1.7733449e-09 0.0025493067 0.0059768474 4.5063593e-05 1.3143538e-09 3.4357182e-08 0.0008864435 1.05615884e-10 0.0038124043 3.2549146e-08 9.2041565e-09 0.00013717556 2.0084716e-08 3.04007e-09 1.8619906e-09 3.5347735e-08 8.312777e-08 2.7177212e-08 7.993767e-09 1.9082572e-06 9.411632e-09 1.2892998e-05 1.5548216e-07 9.8191066e-08 3.2163925e-08 3.5017828e-07 7.5426556e-08 5.6075354e-08 1.18158084e-07 1.636349e-08 1.4616194e-08 1.9346023e-09 1.0397638e-08 2.2304638e-08 7.870406e-09 3.473692e-08 1.3167074e-09 2.3248697e-08 3.932357e-09 5.5480935e-09 8.285483e-09 0.038744763 4.2544506e-11 3.056406e-10 2.7631118e-11
0.98682606 0.11246208 0.16377561 0.08028518 0.032396507 0.048989523 0.056667052 0.13922192 0.5842014 0.052745253 0.19940637 0.18991493 0.44742858 0.05683311 0.0072934553 0.6683405 0.0021395432 0.28143516 0.36300004 0.69528073 0.061104164 0.29114124 0.11996627 0.03011391 0.0014485152 8.3008927e-16 0.08126993 0.014859817 0.036547933 0.016994553 0.120084226 0.026425164 0.03443604 0.6867713 0.050072853 0.01617435 0.0071337665 0.014979914 0.010123364 0.024701094 0.0052543287 0.0050967517 0.0028521747 0.0025741279 0.0049420353 0.0032791907 0.012492878 0.0019290491 0.20315711 0.0046675312 0.0021646374 0.0029098338 0.00012734231 0.027628731 8.389021e-05 0.08480727 1.9281817e-05 0.00018788088 0.26091805 0.14311855 0.0025838022 0.00013203763 0.00019891944 2.5258757e-06 4.9409016e-05 3.9014117e-06 7.420324e-06 0.00017404882 0.0012906789 3.2003168e-06 0.00082049426 3.3362776e-06 5.4601212e-05 1.2445489e-07 8.0035005e-07 0.00037766065 2.8742264e-07 3.4392837e-05 0.010721852 1.898185e-05 2.0053387e-06 0.00029815277 1.2730667e-05 0.00028431843 6.2742756e-06 9.356898e-05 1.6818557e-07 6.58878e-06 2.2935346e-06 0.00013721468 3.266364e-06 2.8559197e-07 1.4613044e-08 2.2966635e-05 1.18959e-06 1.6961648e-06 1.0311369e-05 0.12999915 0.0003665815 1.6492855e-06 4.7015168e-05
0.9198068 0.00014318872 0.00011278869 0.00011498484 6.5595545e-05 0.00043434018 0.0011017421 0.0065662637 0.0012376116 0.00042505361 0.034466363 0.00038009943 0.16145897 0.0005298701 8.493734e-06 0.0009867485 8.367556e-06 0.5308345 0.39207387 0.39086124 0.01358281 0.82776415 0.18677439 0.0041606645 3.7837367e-06 0.08126993 6.7972988e-18 0.00014252593 0.09751233 0.007841824 0.7743837 0.00041105348 0.4395946 0.004507497 0.338405 0.13264933 0.52240753 0.3709061 0.35487035 0.3979152 0.3690259 0.038963202 0.06436946 0.102581665 0.046482492 0.014601136 0.05922177 0.007739736 0.124675125 0.019248711 0.012019401 0.022340883 1.8861513e-06 0.00046009425 0.00011029486 0.007868546 0.000107383516 0.00021976983 0.008023816 0.0067868894 0.0033898496 0.0011261583 0.0009292077 1.0237127e-05 2.4103836e-05 1.18811195e-05 9.5374075e-05 0.0004898407 0.0006664787 1.2284658e-05 0.0007399767 1.2345269e-05 0.00013210501 8.292018e-06 5.9839704e-06 0.0010255425 2.8234588e-06 1.3347541e-05 0.0021950866 6.4095766e-05 2.6362495e-06 4.488517e-05 7.833949e-06 2.3104049e-05 4.9304635e-06 0.0002041942 2.943731e-07 8.905904e-07 9.2306516e-07 1.6158816e-05 2.0249438e-05 1.8721641e-06 4.6398034e-07 0.000101470774 7.853341e-07 1.1813763e-06 2.3938117e-05 0.0014137875 0.0008131702 3.1047077e-07 0.00015907455
0.7740007 0.039948225 0.059602026 0.0478155 0.4159128 0.03678475 0.07889648 0.009895634 0.040557116 0.053421717 0.0058986833 0.13384606 0.009360389 0.048762094 0.82972413 0.09238253 0.1365775 0.0015887852 0.0028127371 0.0033573308 0.002842001 2.206913e-05 0.0008091637 0.0022861646 0.105090745 0.014859817 0.00014252593 4.8899027e-17 0.00062107545 0.0015958495 0.00051588815 0.9047491 5.8413254e-05 0.07910359 0.0001584636 6.4182685e-05 5.2298847e-06 4.4964154e-06 2.2002714e-06 2.4854082e-05 3.94981e-06 8.652081e-05 1.0987762e-06 2.8556296e-06 7.598403e-07 3.2706143e-05 1.491656e-06 1.8637782e-05 0.00033980384 2.522431e-06 1.5952025e-06 7.288529e-05 0.0008408264 0.8974654 5.779086e-08 0.00012513716 4.0665427e-09 0.0015481124 0.13006651 0.0025856053 3.930807e-08 2.2383633e-06 0.00059937744 5.150973e-10 7.8314806e-05 1.8347123e-08 2.8442876e-08 0.00010804567 6.259334e-08 1.8711946e-08 1.6915472e-09 2.1461046e-08 5.5354786e-07 6.9949013e-10 2.0850095e-08 5.9477225e-06 6.335868e-09 8.1471135e-06 5.4702454e-08 2.2826231e-07 2.4705628e-07 9.877107e-05 1.9758242e-07 1.9239294e-05 2.1101434e-07 1.0768682e-05 3.810891e-09 7.786941e-08 7.320569e-08 5.4769994e-06 1.7312854e-06 7.598939e-09 5.388133e-10 3.3098534e-06 7.60119e-08 5.4432707e-07 2.0980365e-06 0.075121224 1.3203635e-10 8.8489855e-09 1.212626e-09
0.5782825 0.00085145334 0.0006342731 0.00054466515 0.00038699486 0.0016341768 0.0012260543 0.112146236 0.007334872 0.00089473714 0.44560376 0.0018076713 0.3069897 0.0018119267 0.00015320447 0.0048725996 2.8401584e-05 0.3719044 0.082113065 0.03975914 0.5701564 0.010165564 0.851089 0.40683332 1.5328067e-05 0.036547933 0.09751233 0.00062107545 1.9128034e-17 0.7057395 0.07606543 0.0013616448 0.63548464 0.004262288 0.024045954 0.72066796 0.049403545 0.07059697 0.04804222 0.020398198 0.035641734 0.61312807 0.0077761286 0.008057425 0.0017771324 0.5924545 0.0044395425 0.44426364 0.009624805 0.0054688454 0.0036825994 0.85328996 0.00019980542 0.00059502735 2.6177619e-05 0.0018251891 5.490359e-05 0.010548359 0.0038423878 0.0019754525 0.0010340764 0.00430303 0.027853152 2.0254274e-06 0.00042847704 7.529515e-05 0.000774602 0.029959505 0.00059362507 0.00016137926 0.00042102148 4.8129004e-05 0.002291245 7.4353517e-07 4.497018e-05 0.0158213 5.996927e-06 0.0023391924 0.0002512336 0.0010217801 0.00019701148 0.0029054042 0.00014242023 0.0007349302 0.000102226935 0.0018341482 3.1701015e-06 3.916702e-05 8.211901e-05 0.00012475609 2.3158023e-05 1.3225358e-05 6.027927e-07 2.7423079e-05 1.1508165e-05 6.10503e-05 1.1730131e-05 0.0007663171 0.0016983986 3.3235738e-05 0.0008827544
0.19233002 0.017760983 0.0107955355 0.020772478 0.022121375 0.055185188 0.017762974 0.46305507 0.014546431 0.10268713 0.41968098 0.0054121977 0.232402 0.32486588 0.0021349106 0.006665954 0.000274289 0.04022456 0.029161764 0.012816978 0.84132576 7.99211e-06 0.2981478 0.9424816 0.00014931305 0.016994553 0.007841824 0.0015958495 0.7057395 8.7278e-19 0.004517436 0.0016802455 0.003214824 0.0047084996 0.001703174 0.0035738377 0.0011983005 0.00039645738 0.00024221782 0.0016231879 0.0009073797 0.00095441315 0.000104036204 0.00010978546 2.4510584e-05 0.00046058858 1.9524816e-05 0.00078260864 0.0007147065 9.026168e-05 4.1812094e-05 0.15015677 0.007292924 0.00086880045 1.961243e-07 0.00021278227 4.6651695e-07 0.093724035 0.0026204595 0.00015121378 3.076099e-05 0.00023739591 0.07424195 2.9122656e-08 0.006048105 1.1502882e-06 1.7790166e-05 0.01737267 5.54408e-05 8.458163e-07 8.957706e-06 2.0429686e-06 0.00010128321 1.5761279e-06 1.2451854e-05 0.0043308525 5.2322293e-06 0.00137369 5.501366e-05 3.0711686e-05 4.8784023e-06 0.0003744823 1.9162295e-05 2.8601253e-05 0.00017185402 6.877429e-05 4.6975552e-07 7.3144142e-06 0.00028232572 4.1428684e-06 1.3259752e-06 1.7708203e-07 5.565348e-09 2.3705566e-06 6.9968373e-06 5.5227978e-05 2.3812918e-06 0.00085656566 0.0003316385 4.9254468e-05 4.7163412e-05
0.9555401 0.0003593801 0.00016847173 0.00039429177 6.929942e-05 0.0011475523 0.00097538694 0.0070122452 0.0013643738 0.0004173206 0.034124255 0.00034145013 0.14302398 0.00056173577 1.3529475e-05 0.0009726532 4.780173e-06 0.39029998 0.4361156 0.49568677 0.008610166 0.7292124 0.14527664 0.0035447988 5.526493e-06 0.120084226 0.7743837 0.00051588815 0.07606543 0.004517436 8.142787e-17 0.00058472645 0.29395145 0.0038323514 0.7818817 0.09876462 0.5184933 0.31081608 0.28788155 0.72929364 0.43954664 0.034694947 0.11808814 0.18971615 0.10571686 0.020358017 0.14360112 0.012068694 0.18367435 0.04038031 0.025276314 0.01917899 1.3314911e-06 0.00079951296 0.0005057161 0.0086512 0.00038479562 0.00041194467 0.006140221 0.0061842967 0.0024542303 0.00046646385 0.0013360782 3.1265317e-05 0.00012261079 4.9965765e-06 3.040656e-05 0.00023939773 0.00073248195 4.5310717e-06 0.0012583929 1.9291345e-05 2.3561599e-05 1.2936696e-05 1.1199249e-05 0.00052374986 5.295642e-06 5.8408634e-05 0.002127013 2.5621623e-05 3.9143474e-06 6.760539e-05 1.07569085e-05 7.2890884e-06 1.6978149e-05 0.00013587227 4.1172763e-07 2.7985466e-06 1.3414532e-06 5.2091523e-06 5.2894367e-05 1.8886732e-06 1.1341455e-07 7.8671794e-05 2.0857574e-06 2.9098976e-06 1.7256998e-05 0.005089303 0.0007596828 6.4792016e-07 0.00015284999
