3.8255363e-28 0.9376983 0.8900512 0.89368004 0.96394587 0.9346765 0.9730515 0.98485464 0.6187756 0.95673424 0.64449835 0.8650467 0.7446045 0.71590906 0.7458201 0.8231307 0.9771567 0.7806989 0.6638747 0.63403267 0.98787004 0.9970484 0.39866725 0.99063206 0.81605446 0.6819496 0.22766079 0.40177214 0.94963604 0.53598046 0.13460948 0.9986694 0.2785808 0.10346264 0.9734553 0.080935426 0.19643195 0.24044482 0.9996863 0.08578342 0.97372836 0.17592882 0.20874183 0.06948835 0.99878573 0.09437072 0.9653045 0.03462688 0.9967813 0.93390745 0.010002966 0.013518493 0.91255367 0.97438025 0.022233509 0.0070642615 0.9837993 0.008562185 0.89811766 0.02009444 0.9303612 0.8901879 0.007839779 0.012609186 0.98301864 0.013266281 0.009462203 0.19288376 0.0013680109 0.9985535 0.0012482863 0.98552203 0.8946443 0.016592452 0.011233007 0.0008789059 0.0019755862 0.9974613 0.8634249 0.33169714 0.20442443 0.0030827438 0.71250075 0.38295326 0.17391385 0.00015575723 0.0005473233 0.44908732 0.99999356 7.0162355e-06 9.288766e-05 0.9980922 0.049635302 2.5699293e-05 0.054763336 0.06050242 1.1395422e-06 2.0498353e-05 0.7354551 1.6888665e-05 0.55180913
0.9376983 6.2000554e-15 0.85231876 0.8719512 0.5797452 0.8555794 0.54914093 0.83129746 0.09116147 0.07953885 0.45693088 0.06725802 0.3209827 0.21929343 0.008008729 0.010353233 0.060878735 0.034329604 0.009525636 0.072890855 0.04458238 0.29257068 0.005659146 0.16441448 0.0054392233 0.054243837 0.002686464 0.018172275 0.041193273 0.0649119 0.0014416322 0.24859348 0.015352265 0.0023866326 0.0040509827 0.0028342283 0.031250805 0.009826738 0.0933772 0.0008875119 0.0029857045 0.0015953314 0.00032475538 0.025900219 0.0072051333 0.0007843604 0.0007544534 0.0040867324 0.017232602 0.00034837195 0.002354388 0.0064516803 0.00014061715 0.000590935 0.00027659058 0.001765885 0.00070792023 0.00083301065 7.0476235e-05 0.000369852 0.00029161264 7.9260026e-05 0.0016206017 0.00019179178 8.343503e-05 0.0002317863 0.00027791844 0.0031415555 2.1821297e-05 0.0023968809 1.954169e-05 2.676852e-05 3.6161688e-05 0.0032090012 0.0018669615 5.9072986e-06 3.6648747e-05 0.029872611 0.0018525027 0.00027742088 0.001555377 7.0466085e-05 1.448676e-06 2.104142e-06 0.0022536905 5.711886e-05 0.00037487195 6.630081e-07 0.0048237173 1.0026163e-06 0.00023882718 1.3735615e-05 0.0001923457 6.442074e-07 1.9550544e-07 0.00013475052 3.8356325e-06 2.7431304e-06 1.3088167e-05 0.00021576362 5.526968e-06
0.8900512 0.85231876 2.4183079e-15 0.9145072 0.15648222 0.37933052 0.13369831 0.27360365 0.01915014 0.0175499 0.089290984 0.3697654 0.05307113 0.13671698 0.011380087 0.09680897 0.02084663 0.229358 0.055968992 0.14708775 0.022961332 0.20179501 0.048515785 0.05487932 0.0065929503 0.022379873 0.020059578 0.06985734 0.009592115 0.075371094 0.0061860103 0.10256494 0.076953426 0.02678089 0.0004824752 0.02382891 0.04486012 0.055813733 0.038433246 0.009523689 0.00027828495 0.0027506426 4.7410544e-05 0.04495721 0.015116478 0.009675403 3.6055208e-05 0.03573405 0.0024349827 3.9988376e-05 0.019273957 0.023424795 7.752264e-06 5.7599023e-05 0.005931381 0.0066693337 8.151268e-05 0.011185368 2.8534055e-06 0.0069159223 2.6520971e-05 2.3361624e-06 0.008633365 0.0031926914 7.356577e-06 0.0027379675 0.0035457625 0.0030355596 0.00029295424 0.0003812066 0.00020892236 8.0864373e-07 3.6078684e-06 0.0049837804 0.005773674 4.2127413e-05 0.0002439707 0.017162744 0.004621191 3.9989296e-05 0.0010007912 0.00044549085 1.8323699e-07 6.0695294e-07 0.00079741125 0.00046912988 0.00063470186 1.3678554e-07 0.0020237477 6.2180793e-06 0.00042394846 4.0105246e-07 0.0005127576 1.7878597e-06 1.0384953e-08 8.465052e-06 9.44279e-06 6.7860833e-06 1.2177119e-06 0.00034845804 4.7160262e-07
0.89368004 0.8719512 0.9145072 1.1215325e-16 0.13890013 0.81091404 0.056774415 0.3711222 0.015494211 0.014425696 0.079914324 0.6659567 0.04314918 0.12440697 0.051723424 0.1516784 0.010613581 0.2114309 0.215969 0.12033776 0.010538908 0.23913667 0.09618719 0.029801829 0.018867956 0.0110989995 0.04226343 0.054662462 0.007407453 0.0618418 0.019678002 0.07094293 0.049053334 0.029529821 0.0007492957 0.026544688 0.027503816 0.026666055 0.026309673 0.011125175 0.00046290836 0.003495594 2.791969e-05 0.021771992 0.011801474 0.0069903648 6.6931665e-05 0.007502829 0.0032558371 3.4707406e-05 0.010457756 0.004410021 7.4672826e-06 6.844478e-05 0.0024258469 0.003309717 0.00011893358 0.0011911719 3.128308e-06 0.0019557588 3.598805e-05 6.0101643e-06 0.001600199 0.0019351711 4.6907794e-06 0.00057885074 0.00041026258 0.0008554811 0.00016264497 0.0010009134 0.00018133494 9.537334e-07 4.8416755e-06 0.0022076627 0.001784493 2.936203e-05 0.000113387905 0.020861048 0.002564574 4.199568e-05 0.00067817845 0.00021832551 7.852206e-08 4.1854736e-07 0.0009602003 3.917677e-05 0.00035853352 9.9001966e-08 0.002574015 2.4443882e-06 0.00029350762 1.8472451e-07 0.00045442054 9.845263e-07 6.951573e-09 2.5824718e-05 4.374711e-06 5.017056e-06 8.7465014e-07 0.00016512214 7.7518905e-07
0.96394587 0.5797452 0.15648222 0.13890013 8.2433935e-17 0.34248587 0.7328906 0.78841585 0.7666864 0.2302992 0.072454505 0.011809704 0.21378426 0.038194016 0.011127706 0.0016364071 0.15369046 0.005907029 0.0037221266 0.010891402 0.45115244 0.47399524 0.0011399259 0.7745924 0.012991535 0.037750006 0.00035755028 0.002203749 0.15637672 0.009647734 0.00012330075 0.7614969 0.0023511578 0.00026789244 0.051330686 0.0001863411 0.004588203 0.002021411 0.70906997 6.659184e-06 0.03294453 0.00035241662 0.0034774316 0.004527567 0.03732574 3.250189e-05 0.010985507 0.0006767128 0.14999479 0.004639612 8.934551e-06 0.0019897125 0.0023122665 0.0127052395 2.0128391e-05 4.058068e-06 0.015391971 2.1308026e-05 0.0016074037 1.0150286e-05 0.0005970475 0.0010347976 0.000848434 3.9313586e-06 0.0070538204 5.2506593e-06 2.2479685e-06 0.0122866975 1.1578692e-06 0.05943335 9.520822e-07 0.0034882596 0.0008409195 0.0025401127 0.0024134624 1.6400963e-07 5.5230817e-07 0.062884 0.008936372 0.0019764437 0.0027034641 8.717418e-06 4.5984925e-05 1.1121657e-05 0.0015469968 7.947276e-06 9.604824e-05 9.400112e-06 0.056923192 1.9274039e-07 5.6122703e-06 0.004361703 4.5734978e-05 5.6013782e-08 3.0028089e-06 6.499705e-05 2.5314864e-07 7.4369757e-07 6.59351e-05 6.482839e-06 2.934241e-05
0.9346765 0.8555794 0.37933052 0.81091404 0.34248587 5.1906835e-16 0.15619935 0.86826116 0.033603076 0.039475456 0.020663131 0.11587653 0.034772947 0.017402751 0.27028725 0.013053111 0.014337964 0.016504658 0.061088614 0.010890369 0.010454793 0.8999057 0.017976146 0.040053867 0.079608254 0.003103411 0.021387624 0.005646248 0.007914702 0.003918731 0.0146725485 0.119601265 0.004056548 0.003801603 0.0024825241 0.003749728 0.001919164 0.0021878625 0.040573712 0.0021742135 0.0022295988 0.009013313 0.00020260902 0.0021515067 0.033027187 0.0016281498 0.00059191615 0.0008363472 0.004848773 0.00022983739 0.0005044501 0.0014150657 7.381178e-05 0.00045872954 0.0005561378 0.00013845583 0.00079497084 0.00016262202 4.4928256e-05 0.00033289238 5.6761983e-05 4.7020956e-05 0.00045234087 0.0004644189 3.370771e-05 0.0001622753 6.162619e-05 0.002693813 0.00011858091 0.0029581895 8.74314e-05 8.463695e-06 1.9610206e-05 0.0045404285 0.0039213346 1.9325744e-05 3.5544057e-05 0.058515236 0.007886309 0.0002636428 0.002294061 0.00084226584 1.6941624e-07 1.6366793e-07 0.0014168839 6.5749926e-05 0.0010388353 7.06823e-08 0.010650996 8.600176e-06 0.0011692438 4.4031077e-07 0.00093971274 3.177741e-06 1.1516959e-07 0.0002928355 2.6931357e-06 1.222994e-05 2.1091746e-06 0.00029195656 1.8806984e-06
0.9730515 0.54914093 0.13369831 0.056774415 0.7328906 0.15619935 2.0514744e-16 0.5123638 0.28306204 0.6433475 0.16180183 0.0047820774 0.6344914 0.085001595 0.0039249505 0.0013265501 0.71079516 0.008054183 0.0011291031 0.023591384 0.37196797 0.17960149 0.0010013933 0.5509489 0.0036809596 0.22636794 0.00030052557 0.005209098 0.7272117 0.033643853 1.9580997e-05 0.5470784 0.00629889 0.00040169823 0.09776865 0.00033184953 0.029976161 0.01509068 0.5023647 5.1147577e-05 0.07327538 4.1654425e-06 0.009413699 0.05013754 0.01772575 7.051819e-05 0.019583708 0.0124160545 0.21933277 0.0050210482 4.259624e-05 0.040676236 0.0028193155 0.017065728 0.00012642147 0.00042147687 0.018211205 0.0038793827 0.0014682114 0.00018953727 0.0014936404 0.0008313583 0.018572887 4.776621e-05 0.009253278 0.00025239593 0.0010615913 0.15353724 4.5082706e-06 0.059636503 3.0552958e-06 0.0029036894 0.00056608213 0.06335102 0.014222322 1.3070347e-06 6.3281423e-06 0.019730806 0.00017931157 0.0021581529 0.0034815841 1.2705438e-05 4.7653008e-05 4.6573146e-05 0.0042401273 8.3148116e-05 0.0013315681 3.3656514e-05 0.022755802 6.229692e-07 0.00013482031 0.0029986724 3.404146e-05 3.796295e-07 4.48325e-07 0.00018543276 3.4501372e-07 3.1158785e-07 0.00020745966 3.554853e-05 4.904902e-05
0.98485464 0.83129746 0.27360365 0.3711222 0.78841585 0.86826116 0.5123638 9.7321505e-18 0.106630884 0.15844956 0.07607207 0.05107112 0.1723743 0.04498912 0.024011847 0.005754451 0.06204296 0.015951335 0.013499002 0.017280856 0.09088472 0.78564364 0.0062054526 0.44093484 0.01254659 0.029696167 0.004566592 0.007004395 0.06863339 0.009836338 0.002818084 0.6158432 0.008316629 0.0022254286 0.008098346 0.0014596679 0.004766594 0.004661181 0.30851087 0.00067786995 0.0054810084 0.00083753717 0.0004164658 0.004032491 0.016627247 0.00027745424 0.0008240768 0.0009359339 0.013384081 0.00022342325 0.00019855895 0.0014647103 4.1038584e-05 0.00078050373 4.8919854e-05 4.2352876e-05 0.0013713548 1.1072806e-05 1.48057225e-05 1.2756444e-05 4.277136e-05 8.913487e-06 0.0004105238 2.715909e-05 4.5804725e-05 6.609504e-06 1.9688753e-06 0.003307694 5.720589e-06 0.006209848 7.812015e-06 2.3404249e-05 9.281732e-06 0.0012775242 0.004077483 1.0682488e-06 1.781416e-06 0.070600584 0.00546008 0.00015107643 0.0017225634 4.1936368e-05 1.4658875e-07 3.8720566e-07 0.0008845548 1.5657577e-06 0.0001735408 1.3507221e-07 0.037288535 5.062091e-07 6.0361996e-05 3.9211473e-06 0.00014761771 4.7830343e-07 1.3839759e-06 0.00015050221 1.9946052e-07 2.1699266e-06 1.0411312e-06 4.6635905e-05 8.50541e-07
0.6187756 0.09116147 0.01915014 0.015494211 0.7666864 0.033603076 0.28306204 0.106630884 6.305734e-26 0.77133596 0.0036252309 0.0001745167 0.01925562 0.0015253893 0.0006284948 1.5912605e-05 0.08600521 0.000111599016 1.8292203e-05 0.00030588557 0.8229373 0.048806176 1.851486e-06 0.7492727 0.0022142488 0.0029385732 8.627775e-07 1.2552949e-05 0.106015824 2.254363e-05 7.4192235e-07 0.5084413 9.103226e-07 4.5963503e-08 0.18159443 3.8140858e-08 1.5978292e-06 4.3246652e-07 0.55935836 2.5731016e-08 0.15063226 2.1386313e-06 0.10733981 1.638298e-06 0.0076615643 2.152574e-08 0.042609606 1.38993e-07 0.2978462 0.026890049 1.9939422e-10 9.780998e-07 0.011766439 0.02618094 1.08852465e-08 1.1381404e-09 0.042156987 5.2609717e-09 0.0029625003 2.9707967e-09 0.0009899319 0.0023719575 5.2554105e-07 1.4813526e-08 0.008023192 1.01026405e-08 2.9556102e-09 0.00022505921 7.2378454e-09 0.055088572 3.7815737e-09 0.0057732253 0.00047827978 4.2036674e-05 7.800982e-06 4.865269e-09 9.657674e-09 0.34880435 0.00066671136 0.00029876496 0.0011008825 4.8681077e-06 0.00018891758 3.4516284e-05 4.5097513e-05 1.513947e-08 2.198675e-06 1.2439271e-05 0.15363555 1.2073878e-08 8.478446e-08 0.0042756866 1.0581521e-06 6.768115e-10 7.699197e-07 2.5415253e-05 2.0422446e-09 4.618591e-09 6.9597925e-05 9.056652e-10 1.6898446e-05
0.95673424 0.07953885 0.0175499 0.014425696 0.2302992 0.039475456 0.6433475 0.15844956 0.77133596 8.00588e-17 0.012254399 0.00072137726 0.06843498 0.007304795 0.001209847 0.00037080998 0.73687756 0.0009576672 0.0001188125 0.0019957663 0.6365184 0.07828901 5.6733734e-05 0.63089234 0.003338477 0.030163579 1.13259875e-05 0.00065033085 0.41554457 0.0025271196 3.9005e-06 0.45770624 0.0010329967 2.3146897e-05 0.46175784 2.354704e-05 0.0025460836 0.0014736213 0.4968511 3.5397968e-06 0.33392832 1.189093e-06 0.27475432 0.0041396343 0.015184915 1.13140695e-05 0.12008419 0.0023208736 0.57420206 0.09197551 4.6539694e-06 0.0034353517 0.042276792 0.08866014 2.9328281e-05 1.7222374e-05 0.11639742 0.0008369356 0.011783693 2.1890748e-05 0.03312501 0.01071391 0.0031736908 3.247148e-06 0.04756686 3.361731e-05 8.983435e-05 0.06766278 3.593115e-07 0.20040914 2.1119048e-07 0.055647418 0.012240868 0.01425343 0.010229452 1.4163237e-07 2.0469784e-06 0.10768739 0.00015682414 0.017302614 0.016024103 2.3073912e-06 0.004071656 0.002349142 0.018350467 0.00012986308 0.00045122666 0.0013665132 0.05397625 1.2738373e-06 2.282917e-05 0.051946893 6.2435297e-06 7.708075e-08 0.00082588085 0.0025033937 5.2819532e-06 2.1338181e-07 0.0022113807 1.4354414e-05 0.0015081414
0.64449835 0.45693088 0.089290984 0.079914324 0.072454505 0.020663131 0.16180183 0.07607207 0.0036252309 0.012254399 1.0138173e-20 0.0027661957 0.8039954 0.89463896 0.00030217518 0.0011947876 0.039475992 0.043891013 0.00028046867 0.21645743 0.011000645 0.013389366 0.00050218456 0.021381395 0.00023118098 0.4655799 9.9824e-05 0.03090596 0.07485449 0.41258612 1.5701711e-05 0.022367988 0.029304681 0.0008135538 0.00036501567 0.0011486983 0.14114627 0.0299173 0.0046819667 0.00033593917 0.00012689327 7.511409e-06 7.931587e-06 0.115365446 0.00068191334 0.0002339962 2.9377072e-05 0.029355474 0.0010798706 4.2980635e-05 0.009022185 0.04162826 1.830316e-05 1.6315802e-05 0.00070720364 0.022665696 1.6603413e-05 0.010630727 3.8135368e-06 0.0011621374 4.722467e-05 8.945737e-06 0.018973079 0.00023550895 4.0216564e-06 0.002756864 0.007402026 0.0026277872 3.1677457e-05 0.00016844553 4.142855e-05 7.378355e-07 2.6852574e-06 0.023492467 0.030596094 5.902284e-05 0.00049458304 0.0041794116 3.339211e-05 3.0706244e-05 0.001258649 9.218072e-07 8.6929725e-07 1.60488e-06 0.000330384 0.0002611238 0.00095566094 3.825822e-07 0.00068834826 3.3455142e-06 0.00074649166 6.617037e-07 8.818324e-08 5.33583e-07 1.7945952e-08 7.402576e-06 8.556402e-06 9.565557e-08 1.663251e-07 0.000115740455 5.970788e-07
0.8650467 0.06725802 0.3697654 0.6659567 0.011809704 0.11587653 0.0047820774 0.05107112 0.0001745167 0.00072137726 0.0027661957 1.0507149e-19 0.001985544 0.015333054 0.060818087 0.91490585 0.0007915325 0.8373433 0.78205276 0.12846641 0.0006071811 0.07089329 0.58961624 0.003374393 0.012385313 0.0017614278 0.20122276 0.12554255 0.00012152827 0.013346976 0.08800302 0.008797897 0.07064725 0.15923806 1.14787235e-05 0.122366674 0.00950806 0.028534638 0.0011436199 0.09054076 5.9291924e-06 0.0054912968 3.4417934e-07 0.010178902 0.005615976 0.06424012 4.1240673e-07 0.01578663 0.00021002787 1.0115945e-06 0.19164999 0.004321918 6.1904507e-07 5.855302e-07 0.014211341 0.03394547 7.521849e-07 0.0071023395 9.1448236e-08 0.014707173 1.0918476e-06 1.9240173e-07 0.0018184261 0.012747323 6.7176295e-08 0.0064384323 0.004047913 3.408967e-05 0.002534326 9.788627e-06 0.0017364727 6.9017125e-09 8.6169734e-08 0.00015839378 0.0014384206 0.0010145142 0.0023664613 0.0060663386 0.0005793578 1.338925e-06 8.3121166e-05 0.00084237027 3.1993153e-08 2.7700077e-08 3.7488877e-05 0.00015670215 0.00015776092 6.4565824e-09 0.00097035733 3.0659277e-05 0.00021227777 4.341132e-09 0.00011894561 4.554034e-05 5.0884963e-10 3.2833742e-07 1.1825875e-05 2.9742245e-05 5.5981495e-09 0.00012140825 2.3102114e-08
0.7446045 0.3209827 0.05307113 0.04314918 0.21378426 0.034772947 0.6344914 0.1723743 0.01925562 0.06843498 0.8039954 0.001985544 5.977117e-20 0.2705179 0.00058411865 0.000735367 0.2279151 0.026197262 0.0003904412 0.03807916 0.062424883 0.028383438 0.00037853105 0.0948472 0.00036871483 0.91970074 8.215709e-05 0.012420319 0.36037 0.11672601 8.080113e-06 0.08310047 0.01351281 0.00018516062 0.0038871786 0.00024499826 0.07264168 0.014110317 0.015736349 2.3044127e-05 0.0013357481 3.7357022e-06 0.00019841261 0.07901443 0.0006030912 3.5861936e-05 0.00017333968 0.014878423 0.0051809377 0.00038343878 0.0020892723 0.0487171 0.00013747468 0.00010555146 0.00015915299 0.008054521 0.00010389234 0.006286926 2.2639377e-05 0.00030223082 0.00018386164 2.79491e-05 0.02075808 2.2317163e-05 5.736085e-05 0.0008254686 0.0034219653 0.014488938 3.4855188e-06 0.000809764 4.704026e-06 9.377136e-06 2.1734068e-05 0.046340026 0.059502438 3.5375429e-06 3.9715953e-05 0.003052446 1.444348e-05 0.00015990974 0.0023513662 6.7601906e-07 3.822614e-06 5.678491e-06 0.00078145263 0.00046584723 0.0019028629 1.731074e-06 0.0010592693 6.109962e-07 0.001473752 9.925486e-06 6.6981826e-08 1.08594975e-07 8.471107e-08 2.3980116e-05 4.9084415e-06 7.06156e-08 1.9068347e-06 0.00011961734 4.091519e-06
0.71590906 0.21929343 0.13671698 0.12440697 0.038194016 0.017402751 0.085001595 0.04498912 0.0015253893 0.007304795 0.89463896 0.015333054 0.2705179 4.1247006e-20 0.0005975992 0.0122583555 0.012974889 0.27944675 0.0012591961 0.71468276 0.0040116305 0.011235241 0.0025663404 0.0078085256 0.00043288004 0.16026211 0.00043157826 0.20716706 0.026320128 0.72215974 7.412399e-05 0.009790051 0.18121395 0.0026458397 0.00013975604 0.0039273244 0.28213072 0.1676666 0.0023032792 0.0024063585 6.791706e-05 7.1173e-05 4.0702225e-06 0.22714727 0.00085013 0.0035568555 1.9504063e-05 0.114998154 0.00037753693 1.6782811e-05 0.039817803 0.082923315 1.8966432e-05 1.0650939e-05 0.0044431156 0.072886206 5.3349627e-06 0.043761708 7.958104e-06 0.008408013 2.960488e-05 1.4769466e-05 0.04277205 0.0019028992 3.2501846e-06 0.014133199 0.036060285 0.002079989 0.00033404326 7.753577e-05 0.00028849876 7.5847703e-07 4.3284304e-06 0.018006224 0.023070026 0.00053536094 0.002714427 0.0022707274 0.00028169906 2.0096379e-05 0.00069692935 5.1965694e-06 1.3271442e-06 2.3473578e-06 0.00010985531 0.0014907792 0.0012498926 7.612757e-07 0.00038751488 5.2540083e-05 0.0014735368 3.2804508e-07 3.8456372e-07 8.400994e-06 2.7956373e-09 3.7834845e-06 4.9393417e-05 1.1004425e-06 1.7150174e-07 0.00047787692 1.7368419e-06
0.7458201 0.008008729 0.011380087 0.051723424 0.011127706 0.27028725 0.0039249505 0.024011847 0.0006284948 0.001209847 0.00030217518 0.060818087 0.00058411865 0.0005975992 1.172874e-17 0.008679976 0.0018830396 0.0052456674 0.37611428 0.0011915481 0.002545973 0.38751984 0.039700337 0.008599846 0.9542911 0.00030994232 0.09550847 0.0016827713 0.0003492355 0.00029984565 0.1415353 0.019089302 0.0012034662 0.0032715255 0.00047163258 0.0024446412 0.00023273323 0.00064182474 0.0073246867 0.0031200417 0.0004897442 0.17616452 1.589808e-06 0.0002633109 0.13215224 0.0008676553 5.073899e-05 0.00014759279 0.00060950406 3.1754436e-05 0.00022566227 0.00019415475 3.0425952e-06 4.4588312e-05 0.00017626664 7.391187e-05 7.341926e-05 2.8471415e-05 1.3290618e-06 0.00016211967 1.2943304e-06 1.0568893e-06 0.0001410355 0.00017034695 2.5467793e-06 6.1636354e-05 1.4465521e-05 0.00014223997 6.92899e-05 7.008194e-05 6.918076e-05 7.853974e-08 1.2092212e-06 0.0002406317 0.0007866163 1.0030128e-05 3.0768737e-05 0.015237893 0.021750225 6.9412686e-06 6.490476e-05 0.0011486922 6.2441985e-09 3.2033256e-09 3.504416e-05 3.4562792e-05 0.00040526618 7.247539e-10 0.0020977866 2.4164863e-06 0.00063852937 5.1593013e-10 0.0016784333 2.55936e-06 5.286408e-10 1.1289985e-06 2.220758e-06 2.6536e-05 6.6913852e-09 9.749437e-05 1.1934442e-08
0.8231307 0.010353233 0.09680897 0.1516784 0.0016364071 0.013053111 0.0013265501 0.005754451 1.5912605e-05 0.00037080998 0.0011947876 0.91490585 0.000735367 0.0122583555 0.008679976 2.6553507e-17 0.0003060364 0.7568856 0.6809792 0.09387789 2.9855235e-05 0.015480823 0.8150175 0.00043335813 0.0048164222 0.0014784848 0.31356838 0.18956342 4.038315e-05 0.011527883 0.14940795 0.0015671831 0.12261765 0.4737685 2.0047204e-05 0.46467626 0.009258226 0.058099627 0.00030370697 0.44295105 9.512078e-06 0.008198224 6.472575e-07 0.01382011 0.004649425 0.40218097 1.1863384e-06 0.03406539 0.00010406806 1.630999e-06 0.49086446 0.008501726 8.8842046e-07 1.0588356e-06 0.14938623 0.11966696 5.0841334e-07 0.01997841 5.942855e-07 0.10876539 2.2615714e-06 8.721854e-07 0.007452134 0.13621934 5.704874e-07 0.057897117 0.023194 1.7901484e-05 0.0335698 4.35407e-06 0.029790329 3.427203e-08 8.1268087e-07 0.0010100267 0.0017672278 0.017206583 0.025548736 0.0023067084 0.0016755314 8.8888146e-07 8.655285e-05 0.00603734 2.9277305e-07 1.762346e-07 6.561102e-06 0.001388492 0.00084805983 1.05690795e-07 0.00086964644 0.0002677762 0.00056919403 4.7807063e-08 0.00053672586 0.0006622019 9.84049e-10 8.2063417e-07 7.619665e-05 0.0004559638 2.4441409e-08 0.00070319703 2.927016e-07
0.9771567 0.060878735 0.02084663 0.010613581 0.15369046 0.014337964 0.71079516 0.06204296 0.08600521 0.73687756 0.039475992 0.0007915325 0.2279151 0.012974889 0.0018830396 0.0003060364 5.973252e-17 0.0015170077 0.00017158674 0.004570217 0.42088422 0.020988448 0.00017391825 0.35370827 0.003054629 0.14284715 1.423376e-05 0.0010315785 0.8865207 0.0073324763 1.2765431e-06 0.29659444 0.00081758393 8.275148e-05 0.33801758 6.203719e-05 0.008308777 0.0020682525 0.28741205 6.3954194e-06 0.24214984 3.788297e-06 0.21573971 0.0143992845 0.008272525 1.1711263e-05 0.12491088 0.004293817 0.3932539 0.10401437 1.823756e-05 0.021497032 0.11503942 0.08334173 2.3789098e-05 0.00022107987 0.10085986 0.001952382 0.035427574 4.0482173e-05 0.21699929 0.05228277 0.016784932 6.0873053e-06 0.069356486 1.3182631e-05 9.545105e-05 0.41245186 4.2757915e-06 0.16447806 2.106035e-06 0.08188086 0.055994738 0.15024203 0.031463247 2.213246e-06 8.135848e-06 0.06664963 0.00016627887 0.14856386 0.17192777 4.1315643e-06 0.06070555 0.07309201 0.31080255 7.4974356e-05 0.0028522848 0.05013882 0.038404956 5.0051376e-06 0.0005768416 0.10779512 7.5693392e-06 1.9696151e-06 0.008389026 0.021481216 3.144205e-06 5.658049e-07 0.03052547 0.00010752863 0.016569162
0.7806989 0.034329604 0.229358 0.2114309 0.005907029 0.016504658 0.008054183 0.015951335 0.000111599016 0.0009576672 0.043891013 0.8373433 0.026197262 0.27944675 0.0052456674 0.7568856 0.0015170077 7.377103e-18 0.29466373 0.8805998 0.00026334278 0.014734569 0.41682857 0.0014695955 0.0019618974 0.008283272 0.06598036 0.85434306 0.0005493217 0.19467124 0.016669631 0.002013013 0.44853833 0.5781676 2.5908048e-05 0.5536643 0.080313206 0.22672889 0.0006061565 0.31295174 1.0011072e-05 0.0013965197 4.506742e-07 0.08194089 0.0032065297 0.38475165 5.975119e-06 0.10867699 8.2310326e-05 3.89345e-06 0.44419903 0.038896743 3.9707415e-06 3.427269e-06 0.14919221 0.1593848 2.0651923e-06 0.060937263 1.892158e-06 0.16922279 2.4206474e-06 2.407793e-06 0.020372853 0.10653554 2.386883e-06 0.0923427 0.0752163 5.534698e-05 0.0076557216 2.4935896e-05 0.004755654 2.6247136e-07 9.719766e-07 0.009447659 0.0050609554 0.0050819768 0.008305132 0.0021607366 0.0013107997 1.1450893e-06 0.00012781036 0.0005112034 4.8548987e-08 7.50839e-07 7.666574e-06 0.0038156598 0.0007098571 1.8734954e-07 0.00044332704 0.00024208553 0.000394319 1.2251557e-07 9.409381e-05 4.8608636e-05 5.231849e-10 3.3090694e-07 8.4129446e-05 1.505554e-05 3.7045683e-07 0.00065773574 1.505154e-06
0.6638747 0.009525636 0.055968992 0.215969 0.0037221266 0.061088614 0.0011291031 0.013499002 1.8292203e-05 0.0001188125 0.00028046867 0.78205276 0.0003904412 0.0012591961 0.37611428 0.6809792 0.00017158674 0.29466373 6.141711e-19 0.012342817 4.1341245e-05 0.058005415 0.91307557 0.00071568217 0.08716151 0.00075159414 0.7819115 0.027448952 1.8197636e-05 0.0019141438 0.6049885 0.003262985 0.019455852 0.2439348 4.4442463e-06 0.1966075 0.00105657 0.007157894 0.0008681466 0.21118101 3.6344181e-06 0.1693167 7.656823e-07 0.0015036778 0.022480307 0.09589476 1.061198e-06 0.0033257266 5.493423e-05 1.5275205e-06 0.17414239 0.0013350858 1.196996e-06 1.0033557e-06 0.013478979 0.016088393 6.6496796e-07 0.0016676905 2.745257e-07 0.007597419 1.8412416e-06 5.0962063e-07 0.0012255498 0.01884314 9.5101264e-08 0.0037658603 0.0015729935 3.023895e-05 0.0040107486 9.045483e-06 0.0030470395 1.0397995e-08 1.8171241e-07 0.0004808542 0.0009467375 0.000900485 0.0016269111 0.0076344027 0.003268527 2.0538514e-06 0.00018511628 0.009494433 1.2441645e-07 1.8963463e-07 1.438156e-05 0.00011865862 0.0001140214 5.037331e-08 0.00072744425 3.3693766e-05 0.000110554014 1.7179654e-09 0.0010394733 0.00012656732 4.5223766e-10 3.593095e-07 1.1891877e-05 0.00036868048 4.7544693e-09 0.00013132008 2.9686516e-08
0.63403267 0.072890855 0.14708775 0.12033776 0.010891402 0.010890369 0.023591384 0.017280856 0.00030588557 0.0019957663 0.21645743 0.12846641 0.03807916 0.71468276 0.0011915481 0.09387789 0.004570217 0.8805998 0.012342817 9.0902315e-20 0.00055975554 0.00731203 0.016103858 0.0020965997 0.0007708197 0.028655991 0.0015907934 0.91473556 0.003756726 0.6391399 0.00025408407 0.0030151426 0.52107143 0.053203493 4.1986907e-05 0.06664262 0.18915012 0.26694903 0.0005487852 0.013128045 1.7531615e-05 9.8638055e-05 1.42207e-06 0.12659298 0.0012336203 0.035715237 7.367375e-06 0.11396349 0.00011938587 6.105905e-06 0.1308055 0.050406054 8.587531e-06 4.481855e-06 0.02070658 0.10805172 2.1289936e-06 0.053190134 3.100407e-06 0.03707955 6.0442844e-06 5.7792563e-06 0.027116654 0.01012668 2.6484813e-06 0.039897922 0.06498538 0.00049141096 0.0012976448 4.8625097e-05 0.00067258766 4.4464403e-07 2.9954697e-06 0.010036635 0.011002434 0.0019226868 0.0065979953 0.0014056894 0.00031261964 4.7926487e-06 0.00025800138 1.4099346e-05 5.151899e-07 1.5371639e-06 2.4909941e-05 0.0025090354 0.0010012252 5.403919e-07 0.0002036091 0.00010073999 0.0010314628 6.7456165e-07 1.4847839e-06 2.942384e-05 1.4934344e-09 9.0281645e-07 8.69279e-05 2.5909344e-06 2.1000693e-07 0.0009960092 1.5530157e-06
0.98787004 0.04458238 0.022961332 0.010538908 0.45115244 0.010454793 0.37196797 0.09088472 0.8229373 0.6365184 0.011000645 0.0006071811 0.062424883 0.0040116305 0.002545973 2.9855235e-05 0.42088422 0.00026334278 4.1341245e-05 0.00055975554 3.703121e-18 0.023520324 2.03341e-05 0.74541926 0.0024175537 0.008997906 2.1261643e-05 0.00017069837 0.24746834 0.00022326499 4.8431666e-06 0.5016875 9.747866e-05 4.3066116e-06 0.26797932 5.221915e-06 7.884553e-05 5.6148165e-05 0.59600884 8.397037e-06 0.1957486 4.8472934e-06 0.09983588 6.2086016e-05 0.0032356041 4.4094513e-06 0.043487437 1.4087412e-05 0.41837406 0.02849181 1.8139442e-06 4.0069004e-05 0.010904321 0.02930264 2.2959464e-06 6.1479193e-07 0.03122327 5.4792224e-07 0.00571144 1.1788362e-06 0.008828499 0.0035723608 1.6059908e-05 9.523555e-07 0.0127822 1.4823473e-06 9.249042e-07 0.011771939 6.200323e-07 0.14158596 5.3005806e-07 0.0071052806 0.0019460088 0.0037096438 0.00035972672 2.229993e-07 8.1532653e-07 0.42615175 0.00062277145 0.01452349 0.027703073 1.2106399e-05 0.002596972 0.00069854024 0.0057048146 2.1961949e-05 0.00012080295 0.0003040356 0.3866415 9.772439e-07 1.5629283e-05 0.01311278 3.232076e-05 3.7110567e-07 0.0010315175 0.0014563524 5.7680325e-07 2.393485e-07 0.0011602647 5.877807e-06 9.809425e-05
0.9970484 0.29257068 0.20179501 0.23913667 0.47399524 0.8999057 0.17960149 0.78564364 0.048806176 0.07828901 0.013389366 0.07089329 0.028383438 0.011235241 0.38751984 0.015480823 0.020988448 0.014734569 0.058005415 0.00731203 0.023520324 5.3324476e-20 0.023480589 0.09149262 0.27958125 0.0018701308 0.031051004 0.0035304266 0.0019097632 0.002443038 0.026110316 0.14328133 0.0026009153 0.0026941714 0.0027116416 0.0032074484 0.001436444 0.0013584404 0.023043707 0.0033195429 0.002109396 0.03982712 0.00043485223 0.0013052643 0.2589046 0.0015305085 0.00046308344 0.0004281419 0.002194424 0.00023461317 0.00016255798 0.0005878511 6.661512e-05 0.00029496566 0.00036791814 6.926275e-05 0.00047932088 2.2149592e-05 1.8864293e-05 0.00012349433 1.4596004e-05 1.4562927e-05 0.00030724594 0.0003521252 2.3669272e-05 7.776955e-05 2.589009e-05 0.0003112806 6.617195e-05 0.0004590365 4.3666678e-05 1.0572714e-06 7.812529e-06 0.0003616777 0.00538972 1.5773376e-05 1.7496022e-05 0.066844106 0.17061725 4.455563e-05 0.0001643517 0.0010000061 2.5254965e-07 9.451646e-08 2.9964713e-05 2.9645973e-06 0.00012129114 5.2902458e-08 0.025688717 7.0275286e-07 4.7509435e-05 1.8552727e-09 0.0030174826 1.5831827e-06 7.167426e-07 2.5307887e-05 1.160699e-07 6.360379e-06 1.0787567e-08 1.638988e-05 6.015835e-08
0.39866725 0.005659146 0.048515785 0.09618719 0.0011399259 0.017976146 0.0010013933 0.0062054526 1.851486e-06 5.6733734e-05 0.00050218456 0.58961624 0.00037853105 0.0025663404 0.039700337 0.8150175 0.00017391825 0.41682857 0.91307557 0.016103858 2.03341e-05 0.023480589 3.1152966e-18 0.00028819792 0.017992612 0.0009886192 0.8320031 0.038203634 2.6110898e-05 0.0018967066 0.43449056 0.0016172569 0.020931978 0.4043776 1.0179552e-05 0.39211297 0.0011324137 0.00764477 0.0005759865 0.31025997 1.01804935e-05 0.080586195 6.697336e-07 0.0018227006 0.010551206 0.2479166 7.822601e-06 0.0036779542 4.772159e-05 5.4330094e-06 0.27207673 0.0013237377 3.7740822e-06 8.980947e-06 0.052670524 0.02222357 4.5988545e-06 0.0015032154 1.1892121e-06 0.022120863 1.5134362e-06 9.565299e-07 0.0011425446 0.070396245 8.3416484e-07 0.009521363 0.0032273545 1.7105866e-06 0.01582829 1.2635705e-05 0.016055018 1.8517234e-07 3.2158928e-06 0.00062629505 0.00021283724 0.004406874 0.006740225 0.002061153 0.0054857065 5.402631e-07 9.460083e-05 0.016281452 2.476864e-07 3.03509e-07 2.3902678e-06 0.0001568243 8.6332315e-05 6.897137e-08 0.000533764 0.00010655099 2.564032e-05 2.5255432e-08 0.001409022 0.000524904 6.128981e-11 3.1671325e-07 1.8276507e-05 0.00082290074 3.1395064e-08 7.317014e-05 1.2461071e-07
0.99063206 0.16441448 0.05487932 0.029801829 0.7745924 0.040053867 0.5509489 0.44093484 0.7492727 0.63089234 0.021381395 0.003374393 0.0948472 0.0078085256 0.008599846 0.00043335813 0.35370827 0.0014695955 0.00071568217 0.0020965997 0.74541926 0.09149262 0.00028819792 7.04766e-19 0.007837405 0.013468507 0.00036461971 0.0011267652 0.19439767 0.0009770227 8.924192e-05 0.7235355 0.0005213454 5.6789595e-05 0.14236669 7.5852346e-05 0.0004662348 0.00023755331 0.6879534 7.927975e-05 0.103626296 0.00015011232 0.02256028 0.00028478843 0.017962359 3.3627988e-05 0.027188215 3.0269824e-05 0.1744202 0.01262348 1.6034228e-05 0.00012702125 0.0043472187 0.02053514 8.033098e-06 5.1316306e-06 0.022462538 1.4933611e-06 0.0030955295 4.3404552e-06 0.0037302233 0.0020130677 3.6921218e-05 8.0403715e-06 0.00901305 2.786254e-06 1.8412643e-06 0.006643481 3.8904327e-06 0.08725458 2.5167171e-06 0.0041120225 0.0007966409 0.0058129504 0.00065576745 1.0908184e-06 3.869482e-06 0.4160793 0.008624284 0.005274008 0.012646712 1.211802e-05 0.0007727028 0.00017299173 0.0051768185 2.5590365e-05 0.00015813885 0.00012411468 0.37528893 2.546097e-06 2.0395415e-05 0.008188319 3.5859368e-05 7.04016e-07 0.00027284704 0.0012683793 2.3980115e-07 2.2136963e-07 0.0009201859 2.9510602e-06 0.00011949054
0.81605446 0.0054392233 0.0065929503 0.018867956 0.012991535 0.079608254 0.0036809596 0.01254659 0.0022142488 0.003338477 0.00023118098 0.012385313 0.00036871483 0.00043288004 0.9542911 0.0048164222 0.003054629 0.0019618974 0.08716151 0.0007708197 0.0024175537 0.27958125 0.017992612 0.007837405 2.0073326e-17 0.00015299946 0.055041384 0.0008677964 0.00042923962 0.00019955462 0.1203278 0.016513413 0.0010280414 0.0020203146 0.00011719202 0.0020795974 0.00020186686 0.00046180715 0.0061754296 0.0026318424 0.0002635249 0.43133748 6.461621e-07 0.0002921677 0.79733557 0.0010117287 4.023502e-06 0.0003557439 0.00053265854 1.6130385e-06 0.00011540737 0.00021052903 3.100855e-07 6.0545763e-06 0.00036196256 5.8213274e-05 1.4814509e-05 6.581479e-05 1.530363e-07 0.00018934363 1.401287e-07 1.2695808e-07 0.0002528038 0.00033706173 8.892812e-08 0.00015424195 4.063922e-05 4.585202e-05 9.514795e-05 1.9370174e-05 8.673e-05 4.2676054e-09 3.1194463e-07 0.00092139066 0.0028921072 1.15878e-05 2.8765684e-05 0.019371964 0.24640238 2.7444412e-06 3.1839132e-05 0.0018583392 3.2680308e-10 4.422902e-10 4.794712e-05 2.0843188e-05 0.00064256636 1.5323703e-10 0.004836519 1.2564262e-06 0.0007600346 6.500777e-11 0.0034653 3.0112717e-06 6.852703e-10 4.1870865e-07 2.6534227e-07 3.4959307e-05 1.5168715e-09 0.000107198815 2.3666966e-09
0.6819496 0.054243837 0.022379873 0.0110989995 0.037750006 0.003103411 0.22636794 0.029696167 0.0029385732 0.030163579 0.4655799 0.0017614278 0.91970074 0.16026211 0.00030994232 0.0014784848 0.14284715 0.008283272 0.00075159414 0.028655991 0.008997906 0.0018701308 0.0009886192 0.013468507 0.00015299946 3.3334649e-18 0.00020096252 0.015541228 0.667176 0.27075782 2.7065258e-05 0.011591659 0.018552076 0.000488431 0.002127061 0.00061584095 0.25955707 0.034872286 0.0018063444 0.000115069095 0.0009468757 5.028826e-06 8.3674e-05 0.38421845 0.0003999082 0.00019507906 0.00039336577 0.118680894 0.0013005147 0.0006076109 0.0013659842 0.3704734 0.00042029074 0.00015850017 0.0007010353 0.012216221 6.6969464e-05 0.06064235 6.6025015e-05 0.0017060423 0.00068034633 0.00012718065 0.22222194 0.0001289411 0.00010537685 0.0046701645 0.017592054 0.16481191 1.987191e-05 0.0006657517 1.1305872e-05 8.634948e-06 8.899571e-05 0.37376273 0.34959295 3.1809905e-05 0.00021498618 0.00035235076 2.1057669e-05 0.001008744 0.0070920554 1.7804105e-06 4.272831e-05 8.105176e-05 0.0034772407 0.004473616 0.0120735 4.4779645e-05 0.00028756616 4.200263e-06 0.0064498815 2.5770029e-05 6.0370166e-07 4.6335023e-07 3.917895e-08 0.0001447581 1.539377e-05 3.434154e-07 1.9635732e-05 0.0010135385 6.669158e-05
0.22766079 0.002686464 0.020059578 0.04226343 0.00035755028 0.021387624 0.00030052557 0.004566592 8.627775e-07 1.13259875e-05 9.9824e-05 0.20122276 8.215709e-05 0.00043157826 0.09550847 0.31356838 1.423376e-05 0.06598036 0.7819115 0.0015907934 2.1261643e-05 0.031051004 0.8320031 0.00036461971 0.055041384 0.00020096252 2.7585998e-18 0.0063216765 1.3523618e-05 0.00043356896 0.93873477 0.0031079531 0.003784367 0.17123732 3.924301e-06 0.16678736 0.00018353056 0.0012363327 0.0014154826 0.18462214 3.5477592e-06 0.42138293 6.554314e-07 0.00030252666 0.02433775 0.1269629 2.0530701e-06 0.000841404 5.3518426e-05 3.5409585e-06 0.11044106 0.00016598133 1.1529229e-06 4.500263e-06 0.02284004 0.0050070193 4.5241977e-06 0.00016728969 2.1859975e-07 0.0063400795 9.874102e-07 1.8313654e-07 0.00015769053 0.04008635 2.154976e-07 0.002272182 0.00052695815 9.867559e-07 0.011169575 1.7062846e-05 0.010389621 1.573952e-07 1.2297769e-06 0.0001604346 0.00019752602 0.0014971388 0.0011760488 0.001580212 0.02369283 6.378964e-07 2.8545423e-05 0.039200354 7.2705724e-08 1.0290375e-07 1.794224e-06 2.9618352e-05 8.816308e-06 1.9547551e-08 0.0009239407 5.041178e-05 7.737993e-06 7.3334783e-09 0.006278445 0.0004942938 4.7175635e-11 8.8198895e-08 9.586947e-06 0.0013257065 3.5231697e-08 2.873333e-05 5.1900113e-08
0.40177214 0.018172275 0.06985734 0.054662462 0.002203749 0.005646248 0.005209098 0.007004395 1.2552949e-05 0.00065033085 0.03090596 0.12554255 0.012420319 0.20716706 0.0016827713 0.18956342 0.0010315785 0.85434306 0.027448952 0.91473556 0.00017069837 0.0035304266 0.038203634 0.0011267652 0.0008677964 0.015541228 0.0063216765 7.6843205e-20 0.001097539 0.4219649 0.0009014074 0.0012906555 0.8227558 0.24356703 1.9367957e-05 0.30518028 0.14167611 0.48066044 0.00033295204 0.09268381 1.3328283e-05 0.00039613934 2.934361e-07 0.13401811 0.0015289475 0.23854652 6.749996e-06 0.21402594 5.7495687e-05 4.2390598e-06 0.47964898 0.07159369 5.127991e-06 4.265679e-06 0.15387844 0.30680224 1.9480278e-06 0.09988188 2.5399827e-06 0.19120778 1.3546161e-06 1.3221314e-06 0.041381404 0.11370503 3.3159356e-06 0.14025165 0.13307367 2.314544e-05 0.010692718 3.1065676e-05 0.007385998 3.764504e-07 9.589291e-07 0.004224334 0.011267727 0.0129047455 0.030982275 0.00034576145 0.000993338 5.478784e-07 2.5029627e-05 0.00013094264 9.555364e-08 3.0543825e-07 5.089038e-07 0.005613162 0.0004956185 6.4988654e-08 0.000120282304 0.0008281243 0.00031067766 9.4700835e-07 2.6508507e-05 8.7885e-05 6.867119e-11 6.966256e-08 0.00010978933 4.690565e-06 2.2161298e-07 0.000982542 9.611458e-07
0.94963604 0.041193273 0.009592115 0.007407453 0.15637672 0.007914702 0.7272117 0.06863339 0.106015824 0.41554457 0.07485449 0.00012152827 0.36037 0.026320128 0.0003492355 4.038315e-05 0.8865207 0.0005493217 1.8197636e-05 0.003756726 0.24746834 0.0019097632 2.6110898e-05 0.19439767 0.00042923962 0.667176 1.3523618e-05 0.001097539 3.0710608e-18 0.018304996 2.5135748e-06 0.09586223 0.0016583056 1.6674924e-06 0.1226934 6.8101094e-06 0.03854042 0.008494715 0.0275567 3.457544e-06 0.071337596 1.1299696e-07 0.028771397 0.119998656 0.0009396312 1.1958601e-05 0.031411983 0.050967906 0.08110497 0.02452554 3.181952e-05 0.2627507 0.030628778 0.018836157 1.20970735e-05 0.00082233513 0.012456711 0.035993107 0.01027377 8.353662e-05 0.041271694 0.015810192 0.2982813 5.429296e-06 0.018607112 0.00014743017 0.004893579 0.79367274 1.0834847e-05 0.023219494 5.8326664e-06 0.008592393 0.009386103 0.70526594 0.48300582 7.927963e-06 8.901761e-05 0.021817477 2.6573049e-05 0.14629239 0.2817943 6.829478e-06 0.005465039 0.009869687 0.42981303 0.009006456 0.09375484 0.004281289 0.0054223808 6.4026326e-06 0.057124656 0.0077992943 3.4235643e-06 9.673086e-07 5.6786375e-06 0.031532664 2.0068264e-05 6.8788324e-07 0.0034513243 0.0017898951 0.0015637624
0.53598046 0.0649119 0.075371094 0.0618418 0.009647734 0.003918731 0.033643853 0.009836338 2.254363e-05 0.0025271196 0.41258612 0.013346976 0.11672601 0.72215974 0.00029984565 0.011527883 0.0073324763 0.19467124 0.0019141438 0.6391399 0.00022326499 0.002443038 0.0018967066 0.0009770227 0.00019955462 0.27075782 0.00043356896 0.4219649 0.018304996 2.0477886e-19 5.3350566e-05 0.0015956174 0.62145305 0.0029120867 2.7913966e-05 0.004426291 0.8960356 0.63676614 0.0003777139 0.0010437105 1.2845084e-05 1.8452169e-05 4.638494e-07 0.6442413 0.00072875764 0.0028205526 4.735019e-06 0.37919068 6.9695096e-05 4.145161e-06 0.05956486 0.26195332 6.835975e-06 2.2878658e-06 0.006062834 0.20256156 1.6065783e-06 0.17135097 3.408406e-06 0.018444596 7.5040693e-06 6.313681e-06 0.123720095 0.0015567564 2.331324e-06 0.046163674 0.15564401 0.0008423201 0.00017500702 4.8743397e-05 8.217267e-05 3.5162697e-07 2.2557945e-06 0.025307698 0.050769247 0.0007096737 0.004109512 0.00024047868 6.037973e-05 1.1004998e-05 0.00035711972 2.0974542e-06 4.7662596e-07 1.4754985e-06 6.554546e-05 0.0071227127 0.0028862366 4.72221e-07 0.00020595556 9.1144684e-05 0.0029453768 7.0593944e-07 4.0571027e-07 6.0985026e-06 9.327633e-10 1.0704946e-06 6.640079e-05 6.3602727e-07 4.2402706e-07 0.002704961 1.0723613e-06
0.13460948 0.0014416322 0.0061860103 0.019678002 0.00012330075 0.0146725485 1.9580997e-05 0.002818084 7.4192235e-07 3.9005e-06 1.5701711e-05 0.08800302 8.080113e-06 7.412399e-05 0.1415353 0.14940795 1.2765431e-06 0.016669631 0.6049885 0.00025408407 4.8431666e-06 0.026110316 0.43449056 8.924192e-05 0.1203278 2.7065258e-05 0.93873477 0.0009014074 2.5135748e-06 5.3350566e-05 2.5819126e-18 0.0016608181 0.0010201345 0.10789914 8.908232e-07 0.11171411 2.3286586e-05 0.0004108481 0.00038922107 0.17538562 6.0590156e-07 0.951071 7.041314e-07 4.7811922e-05 0.03894901 0.12578236 1.0817614e-07 0.00029286457 2.6611788e-06 4.274815e-07 0.060127407 2.6245236e-05 1.7080119e-07 1.4727719e-07 0.011017092 0.0017156121 2.6086332e-07 2.4133482e-05 1.6163044e-08 0.0029435614 4.430546e-07 3.7628762e-08 3.376521e-05 0.022877336 1.5617935e-08 0.00085302565 9.559818e-05 1.7899079e-07 0.0072297063 1.9204967e-06 0.0068250024 1.3337291e-08 1.4869725e-07 6.097796e-05 2.8814664e-05 0.0007362543 0.00046534018 0.00026309502 0.04550316 2.008806e-07 1.962447e-06 0.079260655 2.0728562e-08 1.7230036e-08 5.1084686e-07 4.208683e-06 1.4236127e-06 2.935251e-09 0.0003506997 8.464898e-06 2.1394287e-06 5.038892e-10 0.024934934 0.0004011376 8.847525e-11 8.88689e-09 1.8096454e-06 0.0017204023 2.867272e-09 2.101109e-05 5.7678724e-09
