1.1052898e-18 1.2483862e-05 7.3949166e-05 0.004343986 0.010851507 0.06748417 0.038079105 0.0002580698 0.00081449386 0.027548319 0.121949434 0.57875335 0.00674793 0.53801084 0.011778149 0.6746434 0.9375869 0.54309887 0.28204405 0.425604 0.0060286205 0.91588664 0.90884733 0.9361026 0.815749 0.21492119 0.9204742 0.7009692 0.44947875 0.80792403 0.96970236 0.8883534 0.8834186 0.94105804 0.6487104 0.9158302 0.84466505 0.1670062 0.85839874 0.8809328 0.49553284 0.33618897 0.72141343 0.9469213 0.97158337 0.98836726 0.8810728 0.98850036 0.33271137 0.004734783 0.0048202844 0.869011 0.86467004 0.97921145 0.9613949 0.7760372 0.9219727 0.924065 0.91252875 0.97694653 0.7468584 0.12677082 0.94442344 0.9354224 0.9192316 0.9755682 0.977542 0.97233117 0.85687745 0.9637115 0.9247043 0.42875433 0.83050805 0.95960915 0.97736734 0.9984188 0.9852711 0.9884118 0.8662516 0.9709459 0.0031254438 0.9717965 0.990316 0.18798652 0.89685833 0.124215186 0.8922912 0.99290454 0.9620285 0.992125 0.99856186 0.016019993 0.9988714 0.99883366 0.9763519 0.9741187 0.9999708 0.00016880527 0.99978054 0.9994888 0.99914587
1.2483862e-05 4.3735197e-20 0.9897339 0.6443214 0.036415696 0.114661925 0.0022535722 0.17962547 0.0017376431 8.993101e-06 0.0069249407 0.0011930666 0.0003645104 0.00053024065 2.1342537e-05 0.0009164743 9.09024e-05 0.0046183052 0.00047807914 0.0004286755 3.3164084e-05 1.0134539e-05 8.8841925e-06 3.3885273e-05 2.1511838e-05 7.435231e-05 1.0408151e-05 3.966563e-06 1.2737794e-07 0.0001257673 1.4840526e-07 1.8670576e-06 5.847855e-08 9.401783e-07 3.8706627e-08 1.8008143e-07 8.152145e-07 2.607362e-07 4.1313317e-08 5.287212e-07 2.142108e-09 2.7669887e-07 2.7532454e-07 2.82527e-09 5.6995764e-09 7.0818324e-08 5.390768e-09 5.0775267e-08 1.0200795e-07 9.868646e-10 2.1260503e-07 1.6860839e-09 1.0829825e-09 1.672753e-08 2.408924e-09 8.893164e-09 1.3177187e-07 2.0422837e-09 1.1256276e-07 4.163073e-09 4.0066572e-10 3.0020527e-08 3.0293674e-09 4.441132e-08 2.0679936e-09 2.531189e-09 2.4787163e-09 5.2384923e-09 3.18498e-10 2.2350802e-08 4.041636e-09 4.487647e-13 2.12334e-08 2.468469e-07 7.90456e-08 5.8038596e-09 8.47293e-07 1.5267325e-08 4.3048356e-09 1.4902568e-08 2.1434723e-06 2.0387185e-09 1.8764442e-07 4.062868e-09 8.469585e-09 2.2019485e-08 1.3101477e-07 8.882353e-08 2.2941165e-06 3.1048838e-08 2.3898792e-05 6.184237e-09 1.5876409e-05 1.9354922e-05 4.6502205e-06 2.5297934e-06 1.785201e-05 2.2698416e-07 1.191857e-05 7.9211077e-10 2.0917191e-06
7.3949166e-05 0.9897339 4.8153177e-19 0.021734921 0.6996642 0.011827811 0.22730319 0.0042914 0.0001786716 5.37807e-05 0.0011274633 0.0019008468 5.7538036e-05 0.0026012564 0.0018615462 0.00069452287 0.000306652 0.00044626434 9.1504284e-05 9.25484e-05 1.1621899e-05 2.0621765e-05 0.00020293274 2.4745783e-05 3.4833058e-06 1.0755087e-06 4.9413234e-06 0.00018090603 1.603669e-07 5.6099852e-06 1.2915358e-05 1.6877549e-06 1.1523542e-05 6.9324037e-06 5.03865e-07 2.9228678e-07 2.634886e-07 8.1211565e-06 2.2085744e-07 6.943741e-07 1.0673328e-07 1.275561e-06 8.659825e-07 6.5476634e-08 7.5101404e-08 2.4712378e-06 1.0862349e-08 4.818278e-07 1.1795515e-06 1.03232836e-07 1.7112876e-05 3.346476e-09 4.9872524e-09 7.240897e-09 2.907879e-09 1.687916e-08 7.7565784e-07 2.250167e-08 1.0382736e-06 1.781472e-08 1.4990594e-09 2.4557718e-08 1.2590938e-08 2.0065504e-07 3.4513812e-09 1.3881926e-08 7.787055e-09 3.8692676e-08 2.0451838e-09 6.354412e-08 1.39358605e-08 3.3716304e-12 5.579487e-08 2.9922361e-07 2.4619072e-07 4.0655883e-09 6.858382e-07 2.7530998e-08 1.2753822e-08 2.3061965e-08 3.9577984e-07 8.297233e-09 1.9317118e-07 1.0332408e-06 2.8872552e-08 7.946505e-09 3.4458364e-07 4.730591e-08 1.1365666e-05 1.9433163e-08 3.4759357e-06 1.6713426e-09 2.4002065e-06 6.0156976e-06 1.0535721e-05 8.662976e-06 7.407095e-06 9.431009e-08 5.8521728e-06 4.7335197e-10 2.0455109e-06
0.004343986 0.6443214 0.021734921 1.3588467e-12 0.01274005 0.98513687 0.010082175 0.6817169 0.39271268 0.0022121833 0.59812516 0.0173246 0.08750111 0.0035816736 0.0029139468 0.027175635 0.0012951782 0.23954807 0.04165547 0.04651962 0.017788095 0.00047606791 8.49762e-05 0.0010074283 0.006869036 0.02549547 0.0035007435 0.00012890655 1.470089e-05 0.02288683 3.2740643e-06 0.0011918241 4.246197e-06 7.0755814e-06 6.7489987e-06 0.0006124238 0.0016714833 1.8798062e-05 6.1072475e-05 0.00034363117 2.9768903e-06 3.1682457e-06 5.937012e-06 2.6339853e-06 4.3223745e-06 8.401294e-07 2.1460242e-05 2.747128e-06 3.5192643e-06 1.0175567e-06 4.5957786e-05 2.3737972e-05 1.5876732e-06 1.0473624e-06 4.458627e-07 5.962648e-06 1.0700985e-06 1.006682e-05 2.1244543e-06 4.4991134e-06 2.2417845e-07 1.598752e-05 9.805155e-06 1.2241252e-06 3.6389301e-06 2.4878805e-06 2.738535e-06 3.8312896e-06 1.9050016e-07 8.019305e-06 8.7206723e-07 4.7014628e-09 2.276665e-08 1.1798772e-05 1.4297851e-05 1.6980083e-06 8.725473e-05 1.1521936e-05 3.5231443e-07 1.7069477e-06 0.00017593006 3.0115572e-07 0.00013900132 3.2779524e-05 1.6174016e-07 3.111092e-05 9.055004e-06 1.4744458e-05 0.0005240349 3.1688833e-06 0.0012476632 4.3600556e-07 0.002370247 0.0023958548 0.00013293394 1.092121e-05 0.0019422654 4.4715125e-05 0.0010468431 2.2687434e-06 0.0001304227
0.010851507 0.036415696 0.6996642 0.01274005 1.7007928e-13 0.039960735 0.9891353 0.0009224216 0.0005525213 0.004623902 0.009198437 0.06601073 0.00014705792 0.40564188 0.09184018 0.04658537 0.08262843 0.016586956 0.007840755 0.011578644 0.00015047236 0.014954285 0.032266412 0.013846231 0.00034256236 2.469194e-05 0.004100398 0.0066409507 0.0008280129 0.00015582604 0.004763121 0.00027380497 0.0051211393 0.0038969698 0.00011943541 4.2639564e-05 1.0941894e-05 0.0004184223 1.6511214e-05 0.000107990665 2.1085752e-06 9.076656e-05 6.6497305e-05 0.00013217975 2.5201263e-05 0.00053881085 4.5674237e-06 9.661193e-05 3.769088e-05 5.884072e-06 6.8576366e-05 4.2293404e-06 3.078532e-07 7.212012e-06 1.6259423e-06 3.6775011e-06 2.3667442e-05 4.0358377e-06 4.601142e-05 1.0439942e-05 4.591599e-07 9.13136e-06 3.2644974e-07 1.6569198e-05 3.594404e-07 5.144567e-06 1.033995e-06 1.3864595e-06 7.5033256e-08 4.2231254e-06 2.177849e-07 7.471945e-09 9.263068e-07 9.138284e-06 2.4765712e-05 2.0354238e-07 0.000106311054 4.489187e-06 1.0597912e-06 1.7786405e-06 2.600554e-06 1.2588015e-07 5.5208915e-05 1.7996109e-07 1.0430194e-06 9.699769e-08 2.7158056e-05 1.0178464e-05 1.1700668e-05 1.873351e-05 0.003460762 2.4859602e-07 0.004933877 0.0013373682 6.055209e-05 0.00014539772 0.0066505843 8.496756e-06 0.00042514404 4.6431716e-09 0.00033589514
0.06748417 0.114661925 0.011827811 0.98513687 0.039960735 1.5462091e-15 0.032485545 0.055962536 0.14276306 0.009987437 0.84563935 0.10433754 0.07638477 0.009488246 0.0004226808 0.11873282 0.011477599 0.7374897 0.23424907 0.23578493 0.0050354055 0.016795047 0.00018635354 0.0355085 0.08848344 0.022679176 0.052905772 1.9047657e-05 5.60007e-06 0.0679678 1.384246e-05 0.01664046 2.6522703e-06 0.0001641836 9.0577197e-07 0.0062440215 0.012294399 2.7601507e-06 0.0019182985 0.0052867485 2.5654043e-07 2.3044498e-07 4.2408124e-07 1.8210048e-05 2.4219194e-06 8.671863e-06 0.00012449757 2.7869023e-06 2.87895e-07 3.0638333e-08 8.207313e-07 0.00013085727 2.2839798e-05 2.5653394e-06 2.5338025e-07 1.368371e-05 2.3222148e-08 1.8253342e-05 5.9776326e-08 1.0924924e-06 8.316488e-08 1.0409088e-06 1.917973e-06 5.2636615e-09 1.9395922e-07 1.7459095e-06 5.8233954e-06 2.853977e-08 5.3074545e-09 1.1832176e-06 4.7355563e-08 2.7900389e-09 1.427782e-09 3.8340363e-07 3.6448482e-06 1.0552216e-06 1.482305e-06 4.7266954e-06 2.6541662e-09 7.846817e-08 5.9511267e-06 5.0304416e-10 1.6161866e-05 1.35541e-07 2.2976918e-08 2.2723844e-07 2.3770636e-07 2.213442e-06 2.9383824e-07 1.5171661e-06 0.0007145722 1.1190881e-08 0.0034064094 0.002957363 1.9546518e-05 7.800877e-06 0.0076065576 1.2466189e-06 0.0024180424 1.6252228e-08 3.0866709e-06
0.038079105 0.0022535722 0.22730319 0.010082175 0.9891353 0.032485545 2.2204567e-14 0.0008271436 0.00023982572 0.002531664 0.0074437065 0.086396225 7.570434e-05 0.76646173 0.6676289 0.047131445 0.17363638 0.0027870089 0.0045141885 0.009440747 3.8505626e-05 0.025585836 0.112136446 0.018126035 0.00040081693 6.3914355e-05 0.0023504628 0.05947282 0.0032527167 1.6210739e-05 0.029832091 0.0002775074 0.026483702 0.0046306094 0.002179572 4.5726123e-05 7.926346e-06 0.0023316243 3.696635e-05 9.9356424e-05 1.0089475e-05 0.0002892699 0.00041983568 0.00015648382 0.00061884086 0.001179316 2.2416725e-06 7.462908e-05 0.00015034097 6.3476386e-05 0.00056549045 4.8620714e-06 1.5206992e-06 6.911818e-05 7.2917164e-06 5.915947e-06 4.6038902e-05 9.862756e-06 3.337635e-05 6.48569e-06 1.5460489e-07 0.00010135075 8.2781696e-07 3.727558e-05 2.2745458e-07 4.3549508e-06 1.1450652e-06 9.058173e-06 4.0125038e-08 2.46727e-06 1.5131916e-07 1.7524978e-07 4.1330222e-06 2.6185335e-05 3.2005686e-05 1.3680929e-07 0.00014771557 1.6104663e-05 2.106264e-06 7.4757054e-06 5.248278e-07 2.1926581e-07 8.2192266e-05 1.4221845e-07 5.494023e-06 2.534548e-08 7.0720325e-06 4.5989967e-05 0.00014146318 4.7787715e-05 0.0043150177 8.976057e-08 0.0053573684 0.0016732055 0.00019064438 0.00036304636 0.0073496676 9.4213044e-07 0.00030401503 4.1357997e-09 0.0001702388
0.0002580698 0.17962547 0.0042914 0.6817169 0.0009224216 0.055962536 0.0008271436 7.9772885e-16 0.94141525 0.00014776207 0.1246452 8.402697e-05 0.16300029 4.6822588e-05 8.074374e-06 1.7062668e-05 6.2733725e-06 0.004813119 5.727738e-05 3.257562e-05 0.8152825 6.1805815e-07 3.0805304e-06 5.76478e-06 1.6067735e-05 0.021419356 3.0047713e-06 1.2329388e-05 1.4363015e-07 0.0046505006 7.936319e-07 4.388308e-06 2.6047014e-06 2.6901248e-06 2.79045e-06 3.9887773e-06 7.960402e-05 2.6323794e-05 2.3888344e-06 1.2209965e-05 4.1260396e-08 7.1755685e-06 7.784446e-06 1.359416e-06 8.731874e-07 3.0262345e-07 7.243594e-06 4.6383656e-07 7.571889e-06 2.7529186e-06 5.105963e-06 2.8509846e-06 1.8658704e-06 3.3564544e-09 2.704874e-09 1.1276179e-06 1.3870455e-06 1.3566586e-06 5.090727e-07 7.223152e-07 7.0523754e-07 1.4433661e-07 7.913649e-06 2.532288e-07 1.1789273e-06 4.0923715e-07 2.686825e-06 3.991271e-07 2.0919417e-07 7.689166e-07 1.7518503e-06 6.4679026e-11 2.4884034e-07 2.6605342e-06 2.0363344e-05 1.1933287e-05 0.000105725034 2.3209564e-05 7.500721e-08 9.010669e-07 0.00091340684 2.9637138e-07 0.00027552777 5.604293e-07 1.7319566e-07 8.99739e-06 1.681413e-07 6.061741e-06 4.319451e-05 9.046816e-07 0.00022114103 3.056151e-07 0.00045293846 0.0006701982 9.333854e-08 2.705878e-07 0.00019526052 0.0003839201 0.0004478467 1.4320833e-05 1.3084047e-05
0.00081449386 0.0017376431 0.0001786716 0.39271268 0.0005525213 0.14276306 0.00023982572 0.94141525 1.167323e-14 0.00012358141 0.8770504 0.0002212077 0.93445045 0.00010738422 4.7941703e-06 0.00014374012 1.9414763e-05 0.013506927 0.00066581456 0.0004784796 0.81323737 3.4719899e-06 4.140477e-05 3.812673e-05 0.00056846254 0.24374959 5.0499064e-05 4.2660515e-05 1.1243176e-07 0.015372213 2.467863e-06 0.0001221046 1.1474653e-05 7.3887236e-06 4.196103e-06 0.00014532078 0.0010746097 7.1501026e-06 6.1583414e-05 0.00011294757 2.2386867e-07 7.608363e-06 7.14867e-06 5.7340085e-06 3.7309276e-06 7.913633e-06 0.00045489927 3.8370704e-06 2.2872277e-05 1.7344162e-07 9.638499e-07 6.294254e-05 3.190381e-05 4.4970304e-07 1.1132151e-07 7.129556e-05 2.2365753e-06 2.117649e-05 2.5361246e-06 4.8428756e-06 8.388842e-06 3.2930675e-05 3.539694e-05 1.2296912e-06 9.305254e-06 3.7149719e-06 9.741245e-06 4.4176795e-06 5.010697e-06 5.3623724e-05 1.9347022e-05 4.5447837e-09 3.9517562e-07 1.0326365e-05 6.566905e-06 2.6450929e-05 1.1263536e-05 1.7553884e-05 7.7763764e-07 4.0932068e-07 0.00021457674 2.05887e-06 7.760908e-05 1.0878716e-05 2.7407193e-08 1.4417373e-05 3.677119e-06 1.0706211e-06 0.00023049237 5.174239e-07 5.4745695e-05 3.1960285e-06 0.00010156343 0.0001864988 3.985889e-05 3.242069e-05 9.207608e-05 0.00013569345 0.00020221004 6.0094677e-05 4.179782e-05
0.027548319 8.993101e-06 5.37807e-05 0.0022121833 0.004623902 0.009987437 0.002531664 0.00014776207 0.00012358141 4.2967147e-24 0.0012496883 0.9699015 1.1458993e-05 0.28255677 0.0004733902 0.8363206 0.7976332 0.073664665 0.09889031 0.20684172 1.2354115e-05 0.36949188 0.029581819 0.2875732 0.027195698 1.0296382e-05 0.24861816 4.6825582e-05 0.05517126 0.00020529664 0.011630831 0.039963286 0.0005230845 0.028042879 1.5391456e-06 0.002479069 0.000106896034 8.076357e-07 0.0050212974 0.0078808395 6.82218e-08 1.923887e-07 4.4007547e-06 0.0006509494 1.9511226e-05 0.0048235245 2.8008535e-06 0.0009920958 6.87456e-08 1.9745068e-08 1.8869726e-07 1.4819059e-05 6.3780667e-06 1.4918617e-05 1.1808086e-06 1.5688307e-06 1.18946325e-07 4.0172155e-05 4.5337885e-07 0.00032413873 3.2087743e-07 1.4853396e-07 2.947668e-06 3.2640085e-07 1.3648304e-06 0.00016548914 1.1513072e-05 3.2867484e-07 8.40557e-08 1.2003031e-06 1.4971014e-06 6.320141e-13 2.3073879e-07 2.9937289e-07 0.0003342405 8.048354e-07 0.0006933541 4.671514e-05 2.4267909e-08 6.0059756e-06 4.8598436e-09 5.752779e-08 0.0005216269 3.0764892e-07 5.830208e-06 3.1251304e-09 7.3292694e-07 2.2132994e-05 1.876855e-06 4.4771277e-05 0.0012383459 9.9791425e-11 0.001113775 0.0006173583 7.711756e-05 0.0001178942 0.0007127578 6.263358e-08 0.0011426593 7.919572e-09 0.00024101709
0.121949434 0.0069249407 0.0011274633 0.59812516 0.009198437 0.84563935 0.0074437065 0.1246452 0.8770504 0.0012496883 3.6955427e-18 0.0029960582 0.9157458 0.0003024753 1.4561482e-05 0.004300505 0.0008468261 0.81947947 0.054008633 0.058621988 0.39471984 0.00019647357 0.00023863572 0.00093382364 0.09964495 0.9058601 0.008536592 0.0001264755 3.5766009e-06 0.67356956 1.923346e-05 0.007107263 5.2383602e-06 0.00032102852 2.7985118e-06 0.020849641 0.06638353 2.3230878e-06 0.0028199607 0.005118859 9.080669e-08 7.3399025e-07 1.1209938e-06 5.23307e-05 6.0829274e-07 7.85503e-06 0.029227458 9.553775e-07 2.779143e-07 3.9997968e-08 2.2434604e-06 0.011409162 0.0008245721 7.5676616e-07 2.2335962e-07 0.0038869411 2.6109362e-08 0.0005185701 1.2593146e-08 1.6969245e-05 0.00055953005 7.0639265e-07 0.00017400086 6.610893e-09 0.00022812294 3.471353e-05 0.00014693901 6.736272e-08 0.00010223931 0.0004462728 5.5849257e-05 1.68119e-09 6.8221118e-09 4.7831026e-07 7.031809e-06 0.00055552315 6.170237e-06 2.2285238e-05 4.2717932e-08 1.6862899e-07 0.0024120405 2.6178476e-08 4.8129274e-05 5.64065e-06 7.5223696e-08 3.086378e-05 1.4132165e-07 7.049794e-07 1.7070576e-07 2.1695892e-06 2.2328019e-05 2.5490923e-08 0.00012268565 0.00034921887 6.009159e-05 2.1143112e-05 0.00016390513 8.494273e-05 0.000639321 3.5923838e-06 9.689359e-06
0.57875335 0.0011930666 0.0019008468 0.0173246 0.06601073 0.10433754 0.086396225 8.402697e-05 0.0002212077 0.9699015 0.0029960582 4.056422e-18 2.8907285e-05 0.27467334 0.009516257 0.9129861 0.8638632 0.08973033 0.14616558 0.24995068 1.1403503e-05 0.50901777 0.075654216 0.4020539 0.04201748 9.1978756e-05 0.3582289 0.0014413889 0.09865801 0.0011102753 0.0051249233 0.10943414 0.0010347329 0.07009588 3.4671244e-05 0.02318095 0.00041445857 2.6019918e-05 0.028330777 0.037943885 6.3018488e-06 9.0835365e-06 3.526345e-05 0.009421435 0.00020732042 0.006930914 0.000108124834 0.0019915567 3.8348794e-06 4.081145e-08 5.8325827e-06 0.0010618672 0.001590496 0.00021955134 2.3960798e-05 0.00020697116 2.9828755e-06 0.008458519 6.988764e-07 0.0052409447 3.101562e-05 1.1485973e-05 0.00064330245 1.9279141e-06 0.00010465047 0.004815892 0.00262622 1.5339268e-05 2.490917e-06 2.5551857e-05 1.8154076e-05 1.1127221e-08 1.4624378e-06 1.510497e-05 0.005799703 9.833693e-05 0.00096160563 0.0028106133 1.0888281e-06 0.000392522 6.003743e-06 4.2892616e-06 0.00932953 2.5620082e-07 6.8861315e-05 1.3049996e-06 2.417415e-06 0.00053682644 4.9595874e-05 8.6276195e-05 0.0026254614 4.7599498e-09 0.0028575938 0.0029227845 0.00024212268 0.0015738066 0.002352664 9.744427e-07 0.002866049 1.5031745e-08 0.001049318
0.00674793 0.0003645104 5.7538036e-05 0.08750111 0.00014705792 0.07638477 7.570434e-05 0.16300029 0.93445045 1.1458993e-05 0.9157458 2.8907285e-05 2.874649e-16 5.506969e-06 3.1116915e-07 1.8736619e-05 7.4647132e-06 0.021875527 0.00035941316 0.0003403172 0.9348451 1.149571e-06 1.22231295e-05 2.4057515e-05 0.001235708 0.89415276 2.3317854e-05 6.697515e-05 1.5385622e-07 0.0881634 4.3305195e-06 0.00010080803 1.3735837e-05 3.2591997e-05 9.738244e-06 0.0004817148 0.0057320795 1.5379666e-05 0.00025054906 0.00034518228 4.8255966e-08 1.4989238e-05 6.049047e-06 5.200327e-06 2.398081e-06 3.953353e-06 0.0058343196 5.722894e-07 1.0375466e-05 4.805937e-07 9.051541e-06 0.00083585357 9.222117e-05 9.074397e-07 1.9594428e-07 0.0017886878 5.062622e-07 0.00013125323 1.3916602e-06 4.6863174e-06 0.00056730973 1.7011456e-05 5.400344e-05 2.5114315e-07 8.3073064e-05 9.632872e-06 2.7425223e-05 4.857995e-07 8.274225e-05 0.00040237076 5.052364e-05 3.5187018e-09 5.044013e-08 3.3510032e-06 1.0034615e-05 0.000103708306 4.243444e-06 1.6485112e-05 9.5113114e-07 2.2330042e-07 0.0018751501 5.020442e-07 5.4369466e-05 3.7322283e-05 4.5410772e-08 3.1948202e-05 1.4233846e-06 1.1093126e-06 2.6317945e-05 2.0304665e-07 1.7489017e-05 3.7658524e-06 4.6013876e-05 0.00011848053 7.2459334e-05 1.1960073e-05 2.210768e-05 0.00066598726 0.00018605113 0.00016662985 2.3828468e-05
0.53801084 0.00053024065 0.0026012564 0.0035816736 0.40564188 0.009488246 0.76646173 4.6822588e-05 0.00010738422 0.28255677 0.0003024753 0.27467334 5.506969e-06 2.9522615e-14 0.7938765 0.1498978 0.92454684 0.0010093767 0.004250178 0.0107054375 3.161743e-05 0.17176683 0.95586056 0.13198757 0.0011766126 8.754008e-06 0.039608777 0.15416108 0.09932989 6.424723e-05 0.248433 0.013769205 0.17714806 0.10558522 0.0067613167 0.0015375077 2.3600907e-05 0.0037462197 0.0034101296 0.0066042435 3.9020365e-06 0.0003587461 0.0017327433 0.0019523698 0.0030053572 0.02376448 5.1786797e-06 0.0027811306 2.084468e-05 1.3405599e-05 7.661235e-05 2.1149806e-05 2.0447453e-05 1.9158402e-05 5.406468e-06 2.1667407e-05 1.853674e-05 0.0003771934 2.3891191e-06 0.0010279062 4.5714e-07 1.3351895e-05 3.2959754e-06 2.507734e-05 5.2557266e-07 0.00044459067 6.983049e-05 0.00045650205 5.516178e-08 2.0442587e-06 1.1129816e-07 1.7658428e-08 6.387739e-06 0.00030094318 0.0022852807 7.9526916e-07 0.0007397241 0.00017072655 6.8396266e-06 0.00033558233 1.7077879e-06 2.9428442e-05 0.0016479995 2.1534785e-05 5.876028e-05 1.066616e-06 1.2529913e-05 0.0005588992 0.00016905468 0.00041423217 0.001227127 1.21599895e-08 0.0020190163 0.0014603118 0.00046367652 0.0010200456 0.0046209553 1.2033892e-05 0.0012788632 1.0356997e-09 0.0009274534
0.011778149 2.1342537e-05 0.0018615462 0.0029139468 0.09184018 0.0004226808 0.6676289 8.074374e-06 4.7941703e-06 0.0004733902 1.4561482e-05 0.009516257 3.1116915e-07 0.7938765 3.5176232e-23 0.0045813625 0.07667014 7.96007e-06 7.859309e-06 1.6354468e-05 7.28685e-06 0.004868018 0.54665005 0.002238706 5.0055387e-06 4.2827583e-06 0.00016829123 0.9222562 0.09979086 3.2656164e-06 0.14752945 6.836167e-05 0.45132813 0.0059599704 0.4299658 8.659541e-06 2.960152e-07 0.53081316 3.0436473e-05 8.1046965e-05 8.171558e-07 0.11421 0.037995193 1.7900991e-05 0.0070552533 0.0041677477 1.5017939e-07 0.0001873863 0.0052541085 0.0050985985 0.04061954 3.7344887e-07 1.7851686e-07 9.941514e-06 2.5006124e-05 4.568231e-09 0.00078799116 1.2006545e-06 0.0011174268 3.702598e-05 4.482985e-09 0.0008948823 2.707845e-07 0.00019933967 5.633038e-08 5.8329833e-06 2.410742e-07 0.00011509862 7.587685e-09 2.0699471e-07 2.9678251e-08 1.9256308e-09 0.00014024644 0.000280592 5.5618897e-05 2.9758795e-08 0.00033254045 4.970788e-06 2.8869788e-05 1.04069795e-05 3.7578465e-09 1.4581083e-06 0.0002590307 1.0217649e-05 1.0248713e-05 2.9688466e-10 1.9801026e-05 3.2315365e-05 6.363616e-05 6.718831e-05 0.00069216726 9.387857e-13 0.00069351454 0.00044229935 4.0018826e-05 0.00022667754 0.00086522225 7.7738246e-11 0.0004908253 2.6894383e-11 0.0003255446
0.6746434 0.0009164743 0.00069452287 0.027175635 0.04658537 0.11873282 0.047131445 1.7062668e-05 0.00014374012 0.8363206 0.004300505 0.9129861 1.8736619e-05 0.1498978 0.0045813625 2.851556e-19 0.7871557 0.2797224 0.42676747 0.58584046 4.172698e-06 0.84189695 0.021502955 0.7963996 0.38352394 0.0001115674 0.79872084 0.00037191494 0.1363464 0.002262645 0.002694766 0.36435494 0.00028282995 0.06569534 2.7406434e-06 0.0801634 0.00043528646 1.8371668e-06 0.062168423 0.07083694 1.9571019e-06 3.8845764e-07 6.8456586e-07 0.01644229 3.2234293e-05 0.0029732503 2.6627638e-05 0.0019891195 1.2950125e-07 8.5677094e-08 9.3956874e-07 0.00084486755 0.0026680732 5.4855023e-05 3.7999157e-06 0.00013581048 1.08729694e-07 0.009368627 4.9149076e-09 0.00486357 1.714895e-05 5.496187e-06 0.0010036175 1.7782165e-08 0.00023517766 0.0046329484 0.0048794467 9.828133e-07 1.3483611e-06 3.2428063e-06 2.9782663e-05 2.3062074e-10 2.5524042e-07 5.220705e-06 0.0035383175 0.00034491427 0.0007328117 0.0023731317 1.6897334e-07 0.00043983068 8.7476155e-06 9.464775e-07 0.008970415 1.0123497e-07 2.8951868e-05 9.728911e-07 5.8140813e-07 0.00029276373 2.1859112e-06 0.0001264491 0.00112741 1.1263362e-09 0.0010970016 0.0010234916 4.257987e-05 0.00020840892 0.0007223007 1.3543216e-06 0.0007140613 9.766447e-09 0.00046387198
0.9375869 9.09024e-05 0.000306652 0.0012951782 0.08262843 0.011477599 0.17363638 6.2733725e-06 1.9414763e-05 0.7976332 0.0008468261 0.8638632 7.4647132e-06 0.92454684 0.07667014 0.7871557 9.556086e-17 0.0026290908 0.014581925 0.04933097 3.1480693e-06 0.825511 0.80394745 0.7069693 0.01829093 4.1078405e-05 0.44167525 0.030777706 0.64456654 8.2640276e-05 0.3143619 0.24163139 0.055976864 0.4587378 0.0027947903 0.088559516 5.542177e-05 0.0013283383 0.09665886 0.17531367 8.025155e-05 0.00021822662 0.000768195 0.11438511 0.013065676 0.13804486 1.0167114e-05 0.0572968 3.308476e-05 9.950578e-07 2.9027038e-05 0.001676408 0.0047240234 0.00047344484 3.348663e-05 5.6245914e-05 2.682011e-05 0.016559975 3.0194385e-06 0.023354733 2.7361899e-05 0.00021410987 0.0017359471 1.8473527e-05 0.00031086797 0.012731341 0.007883854 0.0012035994 3.0354072e-06 4.3417012e-06 3.183263e-05 6.906611e-09 2.3875691e-05 0.0004953421 0.018567933 0.00015575992 0.011928323 0.008525657 5.2840467e-05 0.009448655 2.5553003e-05 0.00014536417 0.025687743 6.4243424e-05 0.003641317 1.260035e-05 0.00027749443 0.004847016 0.00027909773 0.00336867 0.0053389533 6.694232e-09 0.0038690523 0.0021899291 0.00064197805 0.0038666013 0.0028841775 3.5682713e-06 0.001524383 8.359587e-08 0.0024949517
0.54309887 0.0046183052 0.00044626434 0.23954807 0.016586956 0.7374897 0.0027870089 0.004813119 0.013506927 0.073664665 0.81947947 0.08973033 0.021875527 0.0010093767 7.96007e-06 0.2797224 0.0026290908 1.7932773e-16 0.9478343 0.89107805 0.0014761833 0.007672821 4.5789922e-05 0.024911094 0.8787082 0.113554515 0.34625638 2.7232492e-05 3.7002083e-05 0.6346591 8.930253e-07 0.17173673 5.9431494e-07 0.00021416499 1.2365479e-07 0.3243259 0.115082055 8.955443e-06 0.034657717 0.10134395 8.0119506e-08 1.2535124e-07 1.6830526e-07 0.0002862479 2.2997736e-07 1.1091602e-06 0.009597591 1.4329268e-06 3.221863e-08 2.3188509e-08 7.1219006e-06 0.09547519 0.01866939 2.4966093e-07 6.282166e-08 0.0051196604 2.5851785e-08 0.006104051 3.2650418e-09 0.00013202919 0.00086922396 5.615654e-06 0.0013291107 1.7871146e-08 0.0009443186 0.0007138257 0.0020653312 6.836665e-08 2.0395531e-05 9.834004e-05 0.00020120128 3.7074604e-10 1.44538745e-08 1.6473292e-07 0.00028483785 0.0011891584 7.54986e-06 0.00090049824 1.5064522e-08 1.1134917e-06 3.856192e-05 8.320181e-09 0.0017031399 7.733361e-06 6.416588e-08 1.7811453e-05 2.5005406e-07 2.8763393e-06 8.5777214e-07 1.1064083e-06 0.00012621416 8.1986954e-08 0.00024295445 0.0004570557 3.7296842e-05 3.3780134e-06 0.00014949015 8.017095e-06 0.0008158092 1.991259e-06 3.3650187e-05
0.28204405 0.00047807914 9.1504284e-05 0.04165547 0.007840755 0.23424907 0.0045141885 5.727738e-05 0.00066581456 0.09889031 0.054008633 0.14616558 0.00035941316 0.004250178 7.859309e-06 0.42676747 0.014581925 0.9478343 1.4035544e-16 0.96735805 1.5513113e-05 0.029569875 0.00034581902 0.06310835 0.8174858 0.002580143 0.49044827 4.0363404e-05 0.00038214136 0.07209894 7.45828e-06 0.20913261 4.7403464e-06 0.00080636935 4.5877255e-07 0.18798178 0.008230707 1.1061365e-05 0.029285604 0.04514173 2.2765077e-07 5.17569e-07 8.5690704e-07 0.0013013955 2.268953e-06 8.784081e-06 0.00038661272 1.9989282e-05 5.141999e-07 9.3273755e-08 3.0722952e-06 0.012751124 0.005776232 6.9181183e-06 4.6974114e-07 0.00088074 1.1314211e-07 0.006209561 5.8287872e-09 0.00057634886 0.00021987215 8.530073e-05 0.0010492834 2.204621e-08 0.00036582784 0.0010161933 0.0024906227 2.4073006e-07 5.3700564e-06 3.0677467e-05 7.3248055e-05 2.801433e-10 2.8501146e-08 1.3033094e-06 0.0005838647 0.0004478766 4.7375644e-05 0.0016769988 9.6002495e-08 7.634296e-06 7.890092e-06 1.139172e-07 0.0024900846 2.306012e-06 1.0112531e-06 9.751125e-06 1.3177038e-07 1.5688927e-05 1.5293133e-06 4.540588e-06 0.00015820946 1.6456733e-08 0.00015981583 0.00035293424 6.7804813e-06 1.0338732e-05 0.00013772427 3.150691e-06 0.00039039372 1.7175952e-07 0.0002425611
0.425604 0.0004286755 9.25484e-05 0.04651962 0.011578644 0.23578493 0.009440747 3.257562e-05 0.0004784796 0.20684172 0.058621988 0.24995068 0.0003403172 0.0107054375 1.6354468e-05 0.58584046 0.04933097 0.89107805 0.96735805 4.713979e-17 1.5897574e-05 0.09438305 0.0009472139 0.12927118 0.8540518 0.0024129022 0.6623444 0.00011091645 0.0013760199 0.05118442 2.5847015e-05 0.37166467 1.24899225e-05 0.0026511678 1.3361914e-06 0.24800605 0.005559769 2.7745991e-05 0.050375946 0.07501697 6.063767e-07 1.4902326e-06 2.0568898e-06 0.0041739643 5.069428e-06 3.0734627e-05 0.00021681642 6.144825e-05 2.194111e-06 2.6028874e-07 4.22545e-06 0.01302654 0.009682437 2.0149479e-05 1.7928368e-06 0.00078550464 1.5193054e-07 0.014676432 1.42802525e-08 0.0019256292 0.00037697298 0.00018418614 0.0023610443 5.5376727e-08 0.00065373845 0.0020918292 0.0043935236 9.2142227e-07 1.2088504e-05 3.320038e-05 0.00011565439 3.8430942e-10 5.4010002e-08 2.1890635e-06 0.0015559386 0.0006387755 8.731349e-05 0.0024707515 1.5597165e-07 3.1868323e-05 1.0023319e-05 2.5236955e-07 0.0038588468 2.1571166e-05 6.0914867e-06 9.314684e-06 5.0141546e-07 5.282198e-05 2.114903e-06 1.1124564e-05 0.00030890916 2.1440508e-08 0.00032345287 0.00066522753 9.369914e-06 4.0211984e-05 0.00021701666 3.5774708e-06 0.0006905502 1.3532184e-07 0.0002864257
0.0060286205 3.3164084e-05 1.1621899e-05 0.017788095 0.00015047236 0.0050354055 3.8505626e-05 0.8152825 0.81323737 1.2354115e-05 0.39471984 1.1403503e-05 0.9348451 3.161743e-05 7.28685e-06 4.172698e-06 3.1480693e-06 0.0014761833 1.5513113e-05 1.5897574e-05 4.1763782e-13 1.6551722e-06 5.7046836e-05 3.8448343e-05 0.00022548242 0.9202972 2.4149207e-05 0.0007999622 8.2410065e-07 0.043748822 2.3638381e-06 0.00015269351 1.7844335e-05 1.9821147e-05 9.8343684e-05 0.00025770263 0.0036616658 0.0005487753 0.00017891372 0.00033935255 3.5425407e-07 4.852036e-05 4.0302206e-05 2.8096752e-05 2.7555716e-06 1.6385557e-06 0.011361202 3.7078573e-06 2.864616e-05 3.2046657e-06 0.0005985831 0.0010701823 0.00013559578 9.700302e-07 5.0565234e-07 0.0037101991 3.1829852e-06 5.2205985e-05 7.0015694e-06 4.0200766e-06 0.001390784 8.068297e-05 8.7872686e-05 2.0999562e-06 0.00020661735 6.178934e-06 1.3822342e-05 2.9531777e-06 0.0003167835 0.0031548243 0.0002259823 9.067568e-08 1.2807065e-07 3.4331865e-06 6.7950327e-06 0.00030777705 9.445113e-06 1.1800527e-05 2.2308745e-06 1.5339837e-07 0.012335304 8.515004e-07 6.155934e-05 0.0003992427 1.7361298e-08 0.000520655 3.5581177e-06 4.803381e-07 5.034255e-05 2.5269685e-07 2.1753809e-05 3.148155e-05 8.073816e-05 0.0003486824 9.602759e-06 2.8945947e-06 5.3997934e-05 0.0017910862 0.00061910826 0.00026897297 4.2010302e-05
0.91588664 1.0134539e-05 2.0621765e-05 0.00047606791 0.014954285 0.016795047 0.025585836 6.1805815e-07 3.4719899e-06 0.36949188 0.00019647357 0.50901777 1.149571e-06 0.17176683 0.004868018 0.84189695 0.825511 0.007672821 0.029569875 0.09438305 1.6551722e-06 4.6672906e-19 0.08679774 0.9246107 0.07066288 1.305258e-05 0.6364966 0.0042210235 0.48079237 0.00010199604 0.031455707 0.24201028 0.0025831235 0.19226785 2.615773e-05 0.06580267 2.0063899e-05 3.578749e-05 0.08238229 0.08385357 0.0023246948 2.7704993e-06 1.2299628e-05 0.13025142 0.0002727006 0.032518726 2.7135595e-06 0.019669434 1.9894126e-06 1.1235995e-07 1.2247651e-06 0.0010122793 0.0031013964 0.000435926 4.8784652e-05 4.606336e-05 1.4133487e-07 0.02941232 5.6420163e-08 0.030673485 1.526416e-05 1.7257707e-05 0.002163907 1.9551234e-07 0.00016658823 0.021699226 0.021271912 1.0961644e-05 2.1449364e-06 1.2293148e-06 3.6452468e-05 1.1473009e-09 2.755891e-07 3.895296e-06 0.01455756 0.00040151877 0.009326617 0.0065202652 1.0144436e-06 0.0031794086 1.3088191e-05 3.317767e-06 0.009971278 2.3834255e-06 0.0006254111 1.0088085e-06 1.7081285e-06 0.00082958734 7.874156e-06 0.00041701566 0.0023572422 1.3184791e-09 0.0014772847 0.0013932334 4.429975e-05 0.00049242587 0.0005660592 1.1446471e-06 0.0014406516 4.9892716e-08 0.001079398
0.90884733 8.8841925e-06 0.00020293274 8.49762e-05 0.032266412 0.00018635354 0.112136446 3.0805304e-06 4.140477e-05 0.029581819 0.00023863572 0.075654216 1.22231295e-05 0.95586056 0.54665005 0.021502955 0.80394745 4.5789922e-05 0.00034581902 0.0009472139 5.7046836e-05 0.08679774 1.846121e-15 0.07454324 0.00037739545 3.7731414e-05 0.031878375 0.529765 0.5783859 1.9755966e-05 0.8035814 0.02126672 0.7802562 0.24755599 0.14307001 0.0042077024 4.1615826e-06 0.033302438 0.008853807 0.0131463185 0.0008549909 0.007008709 0.039670914 0.0155278705 0.16906682 0.14311428 5.6892886e-06 0.027874136 0.0008673645 3.8717466e-05 9.24331e-05 0.00034717712 0.0003056071 0.0007660191 0.0003433123 3.652108e-05 0.00035337964 0.002827989 7.258833e-05 0.010400948 4.977092e-06 0.00029630034 0.0001424027 0.00040605213 7.526162e-05 0.0039771236 0.001349857 0.004368447 1.8588778e-06 1.3106627e-05 1.1630325e-05 5.018324e-08 0.000197022 0.0016792713 0.013091232 1.5337193e-05 0.011507073 0.0026457454 0.000613211 0.008334204 5.544678e-05 0.0009249731 0.011339407 0.00013824605 0.0045558284 5.6322348e-05 0.00074611296 0.0059316983 0.0016656003 0.0053160726 0.005488941 1.5169997e-08 0.0038485453 0.0012171465 0.0021741514 0.006440428 0.002966068 1.1389048e-05 0.0014375265 4.6401286e-08 0.004453526
0.9361026 3.3885273e-05 2.4745783e-05 0.0010074283 0.013846231 0.0355085 0.018126035 5.76478e-06 3.812673e-05 0.2875732 0.00093382364 0.4020539 2.4057515e-05 0.13198757 0.002238706 0.7963996 0.7069693 0.024911094 0.06310835 0.12927118 3.8448343e-05 0.9246107 0.07454324 1.8938968e-17 0.2298651 0.00032799182 0.75862014 0.007630272 0.45752373 0.0014751503 0.030941788 0.38309008 0.002742248 0.25201464 0.00012040935 0.17599185 0.00055307196 0.00015405746 0.16562875 0.16026798 0.0078527955 2.1597247e-05 6.331768e-05 0.37245786 0.0006439126 0.050256822 0.00014734232 0.05590175 1.3964419e-05 7.21564e-07 1.4121281e-05 0.012400116 0.016746137 0.0010465048 0.00039174902 0.0006189037 9.429602e-07 0.07607934 7.6022013e-07 0.07447529 0.0003048026 3.276377e-05 0.014857089 7.8152596e-07 0.0027513418 0.053949937 0.046490636 1.8829784e-05 3.5487425e-05 8.2617116e-05 0.00047027887 1.5718068e-09 4.267227e-07 5.773572e-06 0.033763845 0.0025322735 0.012550579 0.014885511 2.6794505e-06 0.003457526 0.0003257952 4.6562645e-06 0.011807339 1.06601055e-05 0.00068551494 1.2237662e-05 5.9899994e-06 0.0011699537 9.348688e-06 0.0007090232 0.0020283738 2.1738566e-07 0.0017098603 0.0021137176 0.00024417348 0.000887321 0.00046531888 1.9847364e-05 0.0017590048 9.652942e-07 0.0014342689
0.815749 2.1511838e-05 3.4833058e-06 0.006869036 0.00034256236 0.08848344 0.00040081693 1.6067735e-05 0.00056846254 0.027195698 0.09964495 0.04201748 0.001235708 0.0011766126 5.0055387e-06 0.38352394 0.01829093 0.8787082 0.8174858 0.8540518 0.00022548242 0.07066288 0.00037739545 0.2298651 6.906003e-17 0.019511009 0.8331838 8.050105e-05 0.004406097 0.19752179 1.2742315e-05 0.7864152 4.9800783e-06 0.0043946574 1.089528e-06 0.8027919 0.11253557 1.1877234e-05 0.37315318 0.443421 2.5388495e-06 6.528549e-07 7.383296e-07 0.009919662 3.269858e-06 0.00022615046 0.023564825 9.231533e-05 8.891214e-07 2.0347825e-06 2.3424169e-05 0.33146483 0.15412503 3.0114914e-05 3.430287e-06 0.009536462 2.3920077e-08 0.054371364 7.722124e-09 0.0017799117 0.0050930004 3.5789417e-06 0.014176403 6.451793e-09 0.015848204 0.0039613573 0.015502489 2.0652581e-07 0.0011933141 0.000509361 0.0018340457 8.9224506e-10 1.2307599e-08 4.5394688e-07 0.0012011082 0.0079737175 9.217e-05 0.0034888035 3.776883e-08 2.0413336e-05 0.00016647816 1.2887439e-07 0.0025786932 2.2767164e-05 3.1443128e-06 2.2402779e-05 5.1960036e-08 2.2759825e-05 1.565212e-07 6.1202527e-06 0.00011087097 8.7287475e-08 0.00034338518 0.0008028595 1.4787365e-05 2.9688996e-05 9.2639966e-05 3.812528e-05 0.001153335 2.9449593e-06 0.00013128952
0.21492119 7.435231e-05 1.0755087e-06 0.02549547 2.469194e-05 0.022679176 6.3914355e-05 0.021419356 0.24374959 1.0296382e-05 0.9058601 9.1978756e-05 0.89415276 8.754008e-06 4.2827583e-06 0.0001115674 4.1078405e-05 0.113554515 0.002580143 0.0024129022 0.9202972 1.305258e-05 3.7731414e-05 0.00032799182 0.019511009 7.698948e-16 0.0006848856 6.170529e-05 4.7264384e-06 0.8958452 1.0101137e-06 0.002526759 3.908267e-06 4.032174e-05 2.6560192e-06 0.01700913 0.12676175 2.4193305e-05 0.002540991 0.005620517 1.3845047e-07 5.1135424e-07 3.3889842e-06 4.7187215e-05 4.9649674e-07 3.5592458e-07 0.2703452 1.2939738e-06 5.197082e-07 9.4041894e-08 2.3155286e-05 0.065012604 0.005241334 9.713382e-07 2.5487776e-07 0.086734675 3.5825032e-08 0.0009666918 1.5535718e-07 1.7660535e-06 0.06781511 7.4973923e-07 0.0005988269 6.0617694e-08 0.004609171 4.557162e-05 0.00030699142 9.255249e-08 0.007498923 0.064117454 0.0020334567 4.3601927e-09 1.7771077e-08 6.6284565e-07 1.4349802e-05 0.010000749 1.9894655e-06 8.536266e-05 9.087635e-08 1.217118e-07 0.014349885 1.0805255e-08 6.865241e-05 2.756284e-06 1.3266049e-08 0.0003905136 1.821564e-07 2.199663e-06 8.8646794e-07 3.456968e-07 3.6766265e-05 2.9914302e-06 0.00015962086 0.0005580265 6.0096027e-06 1.1633193e-06 5.4610482e-05 0.0008232143 0.0016345948 6.816825e-05 3.4539778e-06
0.9204742 1.0408151e-05 4.9413234e-06 0.0035007435 0.004100398 0.052905772 0.0023504628 3.0047713e-06 5.0499064e-05 0.24861816 0.008536592 0.3582289 2.3317854e-05 0.039608777 0.00016829123 0.79872084 0.44167525 0.34625638 0.49044827 0.6623444 2.4149207e-05 0.6364966 0.031878375 0.75862014 0.8331838 0.0006848856 1.00686264e-16 0.0023196887 0.13043255 0.012621205 0.0061120726 0.9069242 0.0007657357 0.10206825 5.1507992e-05 0.4777379 0.004263475 1.0735909e-05 0.3461534 0.3235734 0.00046170765 6.770039e-06 2.1241476e-05 0.13341299 0.00015397668 0.008325242 0.00049545197 0.0074123177 3.8332414e-06 3.145916e-07 8.5708725e-06 0.022673253 0.021960879 0.0005720961 0.000106250845 0.0009952746 1.099044e-07 0.060965933 2.5657053e-07 0.021124009 0.00034424453 5.110174e-07 0.010876721 9.7171196e-08 0.0041358345 0.019933999 0.028652426 3.95111e-06 6.779727e-05 6.3088635e-05 0.0004529061 1.0190225e-09 7.204257e-08 2.4819087e-06 0.0129993865 0.003513743 0.0028881852 0.0104514435 6.561431e-07 0.000627802 0.00012165432 2.378861e-06 0.00666236 3.6933418e-06 0.00013202264 1.5934284e-06 1.2778561e-06 0.0006786951 2.3875364e-06 0.00040784938 0.0013169036 2.8412224e-09 0.0015232342 0.0020989003 7.0414295e-05 0.0005280986 0.0005897142 2.7794863e-06 0.0028481411 1.6302464e-06 0.0010656132
0.7009692 3.966563e-06 0.00018090603 0.00012890655 0.0066409507 1.9047657e-05 0.05947282 1.2329388e-05 4.2660515e-05 4.6825582e-05 0.0001264755 0.0014413889 6.697515e-05 0.15416108 0.9222562 0.00037191494 0.030777706 2.7232492e-05 4.0363404e-05 0.00011091645 0.0007999622 0.0042210235 0.529765 0.007630272 8.050105e-05 6.170529e-05 0.0023196887 2.8700703e-15 0.039667223 0.00013418037 0.3557752 0.0047881235 0.74883133 0.055318084 0.6657254 0.00059274427 4.976321e-05 0.8843035 0.004922752 0.0060535604 2.0791947e-05 0.35754547 0.25016683 0.001267094 0.43458384 0.020730315 3.688008e-05 0.0034627116 0.05783733 0.0038409904 0.008837674 0.00010042211 0.00025556184 0.00039869058 0.00025026515 0.00032069712 0.0038165553 0.00085870695 0.00922756 0.00084527093 3.5034752e-06 0.0024919864 0.00015609748 0.002694301 0.00013713528 0.0005790476 0.00015747038 0.009178572 1.7940725e-05 0.000293111 6.8818144e-06 7.8839275e-07 0.0012874948 0.005259781 0.005181459 1.162529e-05 0.004828364 0.00031159158 0.0007975242 0.0047758264 0.0002574955 0.0019437282 0.0031849411 0.00045729504 0.0034693573 0.00029412744 0.002787724 0.0072578155 0.0035596248 0.009927825 0.0016788486 1.0579783e-08 0.0011549606 0.001776365 0.002572216 0.009450368 0.0019919593 3.115571e-06 0.0021725285 5.5359166e-09 0.0055466085
0.44947875 1.2737794e-07 1.603669e-07 1.470089e-05 0.0008280129 5.60007e-06 0.0032527167 1.4363015e-07 1.1243176e-07 0.05517126 3.5766009e-06 0.09865801 1.5385622e-07 0.09932989 0.09979086 0.1363464 0.64456654 3.7002083e-05 0.00038214136 0.0013760199 8.2410065e-07 0.48079237 0.5783859 0.45752373 0.004406097 4.7264384e-06 0.13043255 0.039667223 3.9530586e-21 1.1143677e-05 0.8739021 0.12304817 0.57438517 0.9311735 0.09876086 0.020153906 1.4805864e-05 0.00017818136 0.10569027 0.08061808 0.7555789 0.0028813551 0.10397978 0.4759372 0.37983066 0.63002425 8.347418e-07 0.36444798 0.0004007982 3.4150564e-06 3.085373e-06 0.0010906078 0.0041079014 0.07506413 0.07665367 5.5070163e-06 0.001736202 0.025391484 0.00038705947 0.09762736 6.820496e-06 0.00040252635 0.008795263 0.001105227 0.0012603572 0.034037877 0.011123541 0.012526032 3.6059557e-06 8.435991e-06 7.468426e-05 4.776985e-07 0.00045542125 0.0038250962 0.0787387 0.00021080066 0.1322387 0.016009523 0.0011928459 0.04000032 5.4760753e-06 0.001315637 0.033195056 1.0569826e-05 0.015341391 1.5042012e-06 0.0001995434 0.019965585 7.3177536e-05 0.010555851 0.011444141 3.470549e-10 0.011296675 0.00643474 0.00015612264 0.0055817743 0.0055420003 1.0212106e-07 0.008922662 1.1018025e-06 0.0066747298
0.80792403 0.0001257673 5.6099852e-06 0.02288683 0.00015582604 0.0679678 1.6210739e-05 0.0046505006 0.015372213 0.00020529664 0.67356956 0.0011102753 0.0881634 6.424723e-05 3.2656164e-06 0.002262645 8.2640276e-05 0.6346591 0.07209894 0.05118442 0.043748822 0.00010199604 1.9755966e-05 0.0014751503 0.19752179 0.8958452 0.012621205 0.00013418037 1.1143677e-05 8.6529207e-17 1.7961783e-07 0.017039075 6.0545904e-07 0.00022664014 1.5197813e-06 0.13742408 0.96851534 1.8419572e-05 0.012391906 0.03125763 2.1148657e-07 1.4429249e-06 2.389805e-06 9.841405e-05 5.836247e-07 9.583121e-07 0.7705495 2.500468e-06 6.679903e-07 1.597158e-07 6.92859e-06 0.48729667 0.047400232 1.9491279e-06 1.0633279e-07 0.2763251 2.387331e-08 0.007971927 9.126766e-09 3.9475977e-05 0.18319009 1.1140855e-06 0.0050804988 2.4127925e-08 0.03092242 0.00034315107 0.0033277 4.6307655e-08 0.0071978606 0.018218257 0.0037846596 1.6394246e-10 1.0946564e-08 2.1966619e-07 0.00020290681 0.030928535 3.7356199e-06 0.0017303713 1.5359152e-08 1.1146785e-06 0.002474325 5.965375e-09 0.0018413435 1.5412152e-06 6.436212e-08 0.0001605615 1.8203544e-08 1.3803123e-05 2.9055355e-08 1.3613037e-06 0.00019815752 3.5470873e-07 0.00066196383 0.0016485576 2.9007736e-06 2.5347076e-06 0.0002469419 0.00022021755 0.0028107166 1.4133595e-05 1.1612836e-05
