9.6639144e-29 0.8409085 0.97408324 0.9941281 0.9047737 0.86248857 0.8900353 0.9452721 0.85532016 0.30456257 0.9873692 0.83504325 0.9786414 0.99640065 0.78033113 0.950952 0.7362447 0.99700713 0.9822187 0.5749631 0.96057445 0.98834914 0.96256286 0.15644304 0.6112738 0.37165168 0.9795172 0.51452315 0.73329234 0.08636702 0.9584732 0.044933755 0.9620141 0.94996595 0.51022536 0.18872836 0.9963626 0.0326887 0.44066444 0.9957309 0.88012606 0.9621467 0.8176311 0.66023666 0.33204955 0.19585043 0.9999847 0.88762754 0.05323275 0.8814418 0.3029344 0.93817955 0.027357556 0.012079137 0.08750612 0.013940276 0.84066767 0.05799186 0.04025386 0.33868212 0.01888153 0.018283965 0.49512318 0.955083 0.0036451232 0.008199252 0.3198553 0.007903046 0.003173352 0.30721337 0.99134576 0.0039045478 0.0024976751 0.003961265 0.0010490839 0.99963844 0.015156969 0.004534344 0.042185336 0.0017056699 0.20740432 0.0013360183 0.04389459 0.99217623 6.6267436e-05 0.9708084 0.38884413 3.0317753e-05 0.8001939 0.089781545 0.006307531 4.4729713e-05 0.0014039048 0.87089115 0.0001167024 0.00049527665 0.10166601 0.9951514 0.44614398 0.017375413 0.4920612
0.8409085 9.65805e-15 0.3839373 0.9369834 0.6158747 0.6062825 0.06829259 0.030688986 0.7735196 0.070313774 0.08516952 0.35186914 0.05349675 0.07486326 0.3984888 0.086014695 0.10713708 0.04425101 0.0050323834 0.19468161 0.003866876 0.0034424358 0.012679482 0.12092174 0.04620968 0.033034775 0.0006333148 0.038330406 0.037337784 0.032961342 0.0004125507 0.039121926 0.00050890556 0.00037316678 0.04100026 0.0010355434 0.025577461 0.0255914 0.03828098 0.0013540324 0.00013855305 4.5779052e-05 5.9572965e-05 0.0058558946 0.011779081 0.011659245 0.013824908 7.5881355e-05 0.005590588 0.0002829991 0.016041502 3.2183852e-05 0.0071220035 0.0041123014 0.003205314 0.0006977766 1.3150186e-05 0.007225216 0.0013411923 0.011871777 0.0003872127 0.0052501215 5.049782e-05 9.053294e-06 0.0007528323 0.00045103155 1.5561818e-05 0.0022508325 0.00013899773 5.2808805e-06 2.2884122e-05 6.930993e-05 0.0002592472 0.00024630924 0.00022611683 0.013116489 0.004144432 0.0016666793 1.5251812e-06 0.00018663474 4.9121718e-05 0.0001712606 0.0002389705 0.0001646336 4.2665928e-05 1.4702782e-05 1.4325559e-05 2.6396849e-05 1.7583572e-05 2.2606528e-06 0.0023192682 2.6975946e-05 0.0007399481 1.6071252e-06 2.8274186e-05 0.0008316307 2.4925305e-06 2.691974e-05 7.795199e-07 0.0025339683 2.858841e-07
0.97408324 0.3839373 2.9090212e-17 0.37165308 0.5476173 0.18883197 0.75264806 0.5797565 0.019548869 0.83188236 0.64537996 0.019926198 0.40547305 0.54797924 0.0035285824 0.8859713 0.004494465 0.008582681 0.03288092 0.0016237607 0.013548901 0.033698082 0.16902265 0.00064466184 0.04355161 0.00047248456 0.0031130689 0.10479545 0.014796902 0.00034254146 0.0028109082 0.0002869339 0.003554455 0.0018505426 0.0014522076 0.009940828 0.047854874 0.00015760468 0.004565421 0.012748395 0.0010116815 0.0002260931 0.00015767159 0.08036516 0.030018244 0.0005994094 0.12838031 0.0002161836 5.771753e-05 0.0005853681 0.0033180031 0.00011903196 0.000110319044 5.8902286e-05 0.00021232088 2.6313592e-06 0.00015213984 0.0014633475 0.00011348311 0.0008190233 1.5692062e-06 0.0008174813 0.00016571673 0.000101068326 1.0446067e-05 3.4570807e-05 3.323342e-05 0.00041734608 1.0181907e-06 5.0042595e-06 0.0002829864 5.8819035e-07 2.6364382e-06 6.5401895e-07 2.6184423e-06 0.027859954 0.0017837767 0.00015775475 2.873474e-06 8.905692e-07 0.0001506132 7.159972e-07 0.00017417237 0.0016275583 3.3376128e-07 0.0003756342 7.203467e-06 8.9292016e-08 1.0697155e-05 3.3352408e-06 2.2061997e-07 8.745078e-08 0.00016189349 3.1503925e-05 4.3676093e-07 3.6630157e-05 1.127617e-06 0.0022917115 1.3776597e-07 0.00061206584 2.1251931e-07
0.9941281 0.9369834 0.37165308 2.8803745e-19 0.28482494 0.17249484 0.0739997 0.04354649 0.12538178 0.08212599 0.13346012 0.06710501 0.117792696 0.08482043 0.32388988 0.23490316 0.23474596 0.42607585 0.012309192 0.025967501 0.007173831 0.003607939 0.032408766 0.019596776 0.021944046 0.008977214 0.0004732936 0.02205425 0.016076077 0.011502325 0.00021571938 0.017167663 0.00015112801 0.00019124807 0.0152574815 0.0017944279 0.05946758 0.013959918 0.018811636 0.0004973911 0.000101206155 1.5502643e-05 1.7898345e-05 0.005895919 0.004336943 0.0043995357 0.052818242 2.570062e-05 0.0069847843 0.0003000024 0.0043535745 4.7654985e-06 0.0034383344 0.0021588579 0.0012223625 0.00078861206 2.3226492e-06 0.0020373778 0.00040794097 0.11872445 0.00071835757 0.002336966 2.487081e-06 7.4369683e-07 0.00016501242 0.0002292424 1.7711067e-06 0.0013455007 0.0003620071 4.9027966e-07 1.6387612e-07 6.296895e-05 0.00010326114 0.0001758405 0.00010395408 0.481886 0.0007767112 0.00050988223 7.866189e-07 9.267973e-05 6.220443e-05 3.9321887e-05 3.91417e-05 4.7962835e-06 1.6301416e-05 2.5522057e-08 5.792834e-07 6.154833e-06 5.2048296e-07 1.770079e-07 0.0024289354 9.577635e-06 0.000105194005 1.0742862e-09 6.6001435e-06 0.00033662756 1.3777019e-07 1.6984666e-08 5.4014436e-08 3.59689e-05 6.323642e-08
0.9047737 0.6158747 0.5476173 0.28482494 1.8750114e-18 0.8977312 0.17847785 0.11404929 0.15863535 0.2947937 0.1933035 0.22153269 0.16430639 0.16672817 0.0046322616 0.4661019 0.0024399492 0.001930431 0.009207486 0.022847898 0.0044441028 0.012076955 0.051378172 0.0020704488 0.39874133 0.0051806704 0.00067130127 0.39501068 0.2169164 0.0019621733 0.00062282104 0.0018526361 0.00086752704 0.00058603723 0.033001047 0.0037091982 0.04196572 0.0011408357 0.065156564 0.0020025794 0.00021826265 2.5221892e-05 1.364308e-05 0.045628943 0.15429746 0.012870805 0.02185033 4.498219e-05 0.0004243841 0.00067095057 0.064144045 8.524108e-06 0.00196996 0.0014289429 0.008302234 0.00028457044 3.8927654e-05 0.029915888 0.006713659 0.0012621362 0.0002358769 0.016473474 1.9449584e-05 2.5038496e-06 0.0006935975 0.0025702694 2.6126118e-05 0.003815534 4.5525445e-05 1.7925614e-06 1.8775505e-05 8.2395774e-05 0.00058724737 5.4082087e-05 0.0002800907 0.0027773986 0.002353848 0.0014187823 8.3170715e-07 0.00011389903 7.588078e-05 0.00013365189 0.0003909257 0.00028465048 5.08856e-06 1.7828379e-05 9.541154e-07 1.7579574e-06 3.3937434e-07 1.859931e-06 5.889318e-07 3.6922854e-06 0.0004736971 4.3220452e-06 2.2044122e-05 0.0005337457 3.4872846e-06 0.00017900947 4.7936716e-08 0.0009898932 1.0648216e-07
0.86248857 0.6062825 0.18883197 0.17249484 0.8977312 3.4307094e-19 0.0760458 0.034988675 0.45027047 0.06629194 0.08980096 0.47692597 0.039685667 0.0711559 0.0067439964 0.18358576 0.0041091493 0.004351711 0.0016198786 0.12662803 0.0009518013 0.0033375905 0.013798558 0.010313518 0.46671993 0.042104904 0.00027904956 0.36712322 0.4207827 0.012435554 0.00030714486 0.0053743734 0.00048052272 0.0002172778 0.1501952 0.0019147774 0.023057384 0.0030275958 0.21947348 0.002099839 6.264085e-05 6.7088968e-06 4.3658874e-06 0.014505634 0.16872332 0.055291448 0.009639811 1.422091e-05 0.0010121852 0.0002622566 0.17760286 1.9313202e-06 0.00556991 0.0034522559 0.03152986 0.0011886238 4.975626e-06 0.08889269 0.029233884 0.0019761536 0.00092348654 0.04667667 8.905391e-06 6.486738e-07 0.0029887669 0.0069177863 1.8837345e-05 0.008010172 0.00043813707 2.0868258e-06 1.015288e-05 0.00046973943 0.0018002815 0.0003098217 0.00044133049 0.0025506697 0.0014555103 0.0015490067 3.7212888e-07 0.000514963 2.7148602e-05 0.0005909429 0.00011793839 0.00022676532 1.5743664e-05 3.059792e-06 1.3736826e-06 7.190523e-06 8.399687e-08 1.391931e-06 6.8219856e-06 2.9616318e-05 0.00022597692 1.3423708e-06 8.615697e-05 0.00037960202 3.7371308e-06 7.231657e-05 3.4728572e-08 0.00086679397 9.047837e-08
0.8900353 0.06829259 0.75264806 0.0739997 0.17847785 0.0760458 2.1682573e-19 0.84356403 0.017396338 0.7905956 0.84376997 0.01404663 0.5253157 0.6805685 0.0055535208 0.33358327 0.006532112 0.01719409 0.15855397 0.0018461075 0.09829962 0.058117468 0.2693543 0.00034405122 0.02477772 2.9507693e-05 0.009908609 0.053976648 0.008073027 4.3606007e-05 0.0037938093 0.00014163126 0.004248354 0.0072356975 0.0006192857 0.019273022 0.19350454 0.00013240609 0.0030392064 0.017418832 0.0035490678 0.0011685432 0.0013126774 0.04211473 0.012412509 0.00022020767 0.10731971 0.002602637 9.431391e-05 0.009937533 0.0015402993 0.0006086133 4.9081864e-05 1.8020994e-05 7.090378e-05 5.3569665e-06 0.0007400154 0.00067463634 1.7483579e-05 0.0053838636 6.9015455e-06 0.00040497832 0.0009425485 0.00021808578 2.5283785e-07 4.0283358e-06 0.0003142095 0.0005429796 1.1278115e-06 7.472288e-05 0.0016796222 1.4894214e-06 2.3100233e-07 3.8688545e-06 9.526549e-06 0.210201 0.0055424445 0.0005307413 4.2383926e-06 9.405276e-06 0.0016318519 3.001223e-06 0.00046459786 0.0075435415 2.0194695e-06 0.0011512053 0.0001052217 3.7270172e-07 7.179255e-05 9.0855465e-06 5.5937903e-07 1.0292302e-06 0.00031330495 0.000121205805 3.4657835e-06 0.0001722028 6.3600087e-06 0.0026040794 5.008633e-06 0.0017858797 6.4770365e-06
0.9452721 0.030688986 0.5797565 0.04354649 0.11404929 0.034988675 0.84356403 4.872467e-20 0.0073285894 0.8554543 0.54216063 0.0061040865 0.68674767 0.7246375 0.001732081 0.24927561 0.0037473904 0.0073081683 0.25051895 0.0003257082 0.1860964 0.18851736 0.31151846 3.0267959e-06 0.01638334 7.768275e-07 0.029474886 0.036268216 0.003860135 2.0275343e-06 0.008778738 6.88557e-06 0.009034772 0.020148385 2.841036e-05 0.07993782 0.3475269 7.755946e-06 0.0004870799 0.045483895 0.008720059 0.0021624463 0.0025108703 0.055120092 0.008446537 1.4689594e-05 0.26631603 0.0052370895 2.7382923e-06 0.024291022 0.00017171493 0.0008219227 9.661562e-07 6.564479e-07 4.3025434e-06 5.8892675e-07 0.0016339978 6.454194e-05 8.9933275e-07 0.0004679525 5.8306335e-07 4.762234e-05 0.0017201471 0.00029265962 1.2486616e-08 2.1985124e-07 0.00081152585 7.551801e-05 1.0187281e-07 0.000121836485 0.004330437 1.2490244e-07 2.2710614e-08 4.878446e-07 9.295085e-07 0.16242862 0.004346433 8.7485205e-05 4.3803257e-06 8.4077067e-07 0.006151865 1.6623216e-07 0.0007752453 0.021348584 4.6290015e-07 0.0032440005 5.077617e-05 8.4708965e-08 4.892377e-05 1.4591397e-05 1.0717678e-07 1.0355487e-07 0.00014061031 0.0002679775 5.9910764e-07 4.2678053e-05 1.36501985e-05 0.009596064 6.4848855e-06 0.00094996765 6.857483e-06
0.85532016 0.7735196 0.019548869 0.12538178 0.15863535 0.45027047 0.017396338 0.0073285894 2.5890226e-19 0.007646841 0.024003746 0.8908256 0.0044887466 0.015564811 0.06468102 0.018150147 0.007045964 0.0042905486 0.00010049952 0.6239625 6.692421e-05 0.00037666445 0.00097633107 0.2776387 0.114575274 0.25659126 2.3196551e-05 0.046969555 0.23831987 0.11930777 1.5686817e-05 0.047806457 1.8838999e-05 1.7440281e-05 0.38262913 2.4442843e-05 0.005762474 0.023575148 0.29223147 0.00014106737 5.2517207e-06 2.1805819e-07 1.8597919e-07 0.001465267 0.020182434 0.08407802 0.0034017218 2.92813e-07 0.0016537934 7.805871e-06 0.14548783 4.6595336e-08 0.026508898 0.013519918 0.035275854 0.003324493 8.389984e-08 0.046201464 0.021879138 0.0007969665 0.0028766862 0.015912281 2.4226088e-07 8.430275e-09 0.0070322696 0.0027975566 1.01725824e-07 0.0019104709 0.000506047 5.906163e-09 9.7812915e-08 0.00042907713 0.001300266 0.00046329526 0.00014639311 0.0013329015 0.00016761546 0.00046192412 1.2200296e-08 0.00017372081 2.7349022e-06 0.0001371035 9.666156e-06 4.0594655e-06 1.4661505e-05 2.1655538e-08 3.378738e-08 5.737991e-06 6.7507386e-09 2.4482281e-08 0.00023599548 1.2117546e-05 5.7261754e-05 1.1242419e-08 1.9326755e-05 0.00010392821 4.9154256e-08 1.4443403e-06 9.119313e-10 0.00020665913 2.2989928e-09
0.30456257 0.070313774 0.83188236 0.08212599 0.2947937 0.06629194 0.7905956 0.8554543 0.007646841 9.605276e-25 0.4788359 0.010759542 0.83817804 0.4608151 0.0027427303 0.28018242 0.0048000547 0.012910038 0.24209361 0.00026794276 0.09527135 0.10587968 0.072683044 1.8999199e-05 0.008838107 1.6563724e-06 0.023914 0.016311105 0.0032100712 9.1565045e-07 0.014206631 1.5119517e-06 0.020455725 0.012595635 2.8643562e-05 0.38918522 0.30398342 5.893097e-06 0.00042858007 0.03932733 0.0077791745 0.0033022854 0.005606988 0.016503006 0.002158859 1.5536616e-06 0.094843 0.006296971 3.7706573e-06 0.012052861 1.2356872e-05 0.0013474993 3.102908e-07 2.0286045e-07 6.458014e-08 3.08771e-08 6.894385e-05 1.3282229e-06 2.1750127e-08 0.0010730735 4.843559e-08 7.467692e-07 0.00013392443 0.00023374129 9.355661e-10 1.3078176e-08 3.6189907e-05 1.0274748e-06 2.269416e-08 8.926205e-06 0.0018120433 1.2470385e-08 1.1682175e-08 9.902463e-08 5.289529e-08 0.025178697 0.00031876154 2.2907147e-06 2.6513965e-07 5.6421992e-08 8.4732215e-05 3.5815788e-09 7.595622e-05 0.007498848 1.3383818e-07 0.0010877409 3.3064105e-05 2.3866711e-08 1.9623902e-05 2.1347543e-05 2.3964772e-09 2.7634536e-08 6.161135e-06 8.466315e-05 1.8807377e-08 5.017982e-07 2.5201325e-06 0.004194179 2.7310916e-06 2.3284878e-05 3.3666286e-06
0.9873692 0.08516952 0.64537996 0.13346012 0.1933035 0.08980096 0.84376997 0.54216063 0.024003746 0.4788359 3.219486e-19 0.018304158 0.45157942 0.77345455 0.010426262 0.29785833 0.00880062 0.026185717 0.14329855 0.001259674 0.07194706 0.025422867 0.26238737 0.00048270763 0.02216882 0.00032105544 0.0066516916 0.035056766 0.0066674734 0.0003847677 0.0042565926 0.0005859898 0.0034354453 0.0048967157 0.0013832721 0.016094506 0.20843543 0.00048198662 0.0033620598 0.008156055 0.0032138263 0.0017166369 0.0011509192 0.030093849 0.008309787 0.0006056506 0.13313182 0.0013503559 0.0007865245 0.009994975 0.0018400297 0.001675116 0.0002497606 0.00010872944 0.00020756216 2.2053498e-05 0.0014101365 0.00076763745 4.5590532e-05 0.012412971 3.137395e-05 0.0005797151 0.001235754 0.00083711714 5.2914065e-06 7.1152276e-06 0.00034994417 0.0004495856 7.853848e-06 7.1090246e-05 0.00080354896 3.958672e-06 3.1887826e-06 9.81261e-06 1.4675115e-05 0.4056151 0.0024819903 0.00022755735 2.1506052e-05 1.04709725e-05 0.0021945464 2.1332005e-06 0.0012194256 0.0070037576 1.1681498e-06 0.0010072136 8.2154256e-05 2.9122367e-07 0.00017476903 6.8290155e-06 9.491545e-06 1.002997e-06 0.0001323345 0.00010698038 1.2937184e-06 0.00016359404 6.9854627e-06 0.0017638511 3.900214e-06 0.0006634006 6.1226574e-06
0.83504325 0.35186914 0.019926198 0.06710501 0.22153269 0.47692597 0.01404663 0.0061040865 0.8908256 0.010759542 0.018304158 1.4440898e-19 0.0059278244 0.012743549 0.013285759 0.03301391 0.003972022 0.0044880123 0.0001287967 0.627706 7.05883e-05 0.0004276655 0.0035206208 0.18653733 0.19733264 0.31883225 1.71889e-05 0.085624084 0.33726552 0.11219916 1.421283e-05 0.040737595 2.093329e-05 1.0821154e-05 0.49003717 4.676399e-05 0.003351165 0.015832825 0.46256402 7.619971e-05 7.083697e-06 4.1137403e-07 6.586854e-07 0.0024901049 0.053088028 0.21771365 0.0017975466 2.2634183e-06 0.0017372123 2.5272095e-05 0.30757126 1.611294e-07 0.06667353 0.041062463 0.17455447 0.022194698 4.2381117e-07 0.13925143 0.12808272 0.0017839385 0.029039625 0.07358159 6.941371e-07 2.2787722e-08 0.046966687 0.03369872 2.1662586e-06 0.015179514 0.005088223 1.4357056e-07 2.0159183e-07 0.0073831277 0.008506417 0.0043617175 0.0020711352 0.0010363965 0.0009071564 0.0029482872 5.107969e-08 0.002934935 6.403769e-06 0.0018797481 2.4142599e-05 4.455545e-05 0.00016262388 1.8474246e-07 3.4718855e-07 6.388596e-05 1.5989492e-08 3.57334e-07 0.00051301706 0.00043371972 0.00037720113 3.406133e-07 0.00050262036 0.00057568634 8.2720146e-07 3.0540272e-05 9.532805e-09 0.00033097054 3.519348e-08
0.9786414 0.05349675 0.40547305 0.117792696 0.16430639 0.039685667 0.5253157 0.68674767 0.0044887466 0.83817804 0.45157942 0.0059278244 3.3628684e-17 0.47123986 0.00091396755 0.6307209 0.0021233822 0.00523511 0.40261522 0.00071316806 0.12843968 0.19929461 0.79947835 9.91272e-05 0.020662984 0.00017246067 0.039119978 0.061654795 0.007722145 5.1062187e-05 0.031868897 1.6428266e-05 0.028344898 0.031064874 0.000870052 0.25212765 0.058573738 8.068524e-06 0.0037339535 0.100244366 0.016371751 0.0025641106 0.0035345652 0.2752067 0.062298805 0.0004270478 0.17492491 0.004006293 9.1038174e-07 0.019223457 0.004760591 0.0014097498 2.2315397e-05 1.2249923e-05 0.0002250637 1.6071145e-06 0.0030814374 0.0038535087 0.00018997432 1.3531706e-05 1.1424627e-06 0.0036410165 0.0018891318 0.0044203224 1.6544826e-06 0.00013622272 0.00045204218 0.0022568575 1.9360912e-06 0.00022189884 0.010738404 1.8931814e-06 5.132507e-06 9.601343e-07 2.2848077e-05 0.007443089 0.04646063 0.001326819 3.2740954e-06 5.7941074e-06 0.0041685128 1.4309706e-05 0.00094802235 0.02552998 1.8034259e-06 0.006482935 0.00037775125 4.6097676e-07 0.0003745137 0.00021621885 2.9743703e-08 4.3532006e-07 0.0029077257 0.0022442192 3.2313899e-06 0.0009368064 7.000899e-05 0.012621242 2.3710143e-05 0.0049026925 3.3115193e-05
0.99640065 0.07486326 0.54797924 0.08482043 0.16672817 0.0711559 0.6805685 0.7246375 0.015564811 0.4608151 0.77345455 0.012743549 0.47123986 5.255787e-20 0.008366112 0.21004967 0.006967755 0.018390033 0.24578226 0.00066872523 0.16242799 0.09374575 0.22830905 0.00024853338 0.012726831 9.4808194e-05 0.017908666 0.01786326 0.004266109 0.00032268759 0.008045987 0.00063217763 0.0061373054 0.012568296 0.00054325984 0.020812416 0.37843382 0.00023594958 0.0011468385 0.013707501 0.0064452137 0.0022089211 0.0015370952 0.0130161345 0.002450665 0.00019258303 0.13849719 0.0025613 9.338863e-05 0.023888085 0.0006613085 0.0017782735 0.000102738086 8.204097e-05 4.0318162e-05 1.628041e-05 0.0017725413 0.00017261154 1.2470082e-05 0.0036281813 2.9714376e-05 0.00015078395 0.0015101066 0.0010697681 3.0580287e-07 7.861709e-06 0.0005348588 0.00031909792 8.483065e-06 5.08539e-05 0.001029329 3.9907063e-06 5.9477253e-07 1.2247739e-05 2.1060803e-05 0.3549205 0.0025575873 0.0002316093 7.1925037e-06 1.4584108e-05 0.0018930743 3.031788e-06 0.001132215 0.0069102854 1.215533e-06 0.0010952768 9.69137e-05 3.0975448e-07 0.00016317365 1.0816748e-05 2.9624607e-06 7.57655e-07 7.877893e-05 0.00015027073 1.0909233e-06 0.000163666 1.9063084e-05 0.0017907129 9.464563e-06 0.00079914776 7.83185e-06
0.78033113 0.3984888 0.0035285824 0.32388988 0.0046322616 0.0067439964 0.0055535208 0.001732081 0.06468102 0.0027427303 0.010426262 0.013285759 0.00091396755 0.008366112 1.0390452e-17 0.0012532944 0.93407434 0.16711992 0.000107084685 0.36642653 0.00023624723 0.0006091851 0.00036244947 0.8283559 0.0010518081 0.058570083 0.00021396962 0.0008529569 0.0018249191 0.1251542 5.4727996e-05 0.23363437 6.632283e-05 2.9506005e-05 0.020907205 7.228868e-06 0.0063169426 0.24728961 0.006774383 0.00028672247 5.3566555e-06 8.238146e-07 6.713054e-07 0.00028338828 0.0013750689 0.0048803287 0.0076116333 7.4584324e-07 0.10565726 5.6651197e-06 0.0022429943 1.571903e-07 0.015315299 0.008415076 0.002033229 0.010211799 1.1956686e-07 0.0011228562 0.0005450486 0.03476631 0.0033629083 0.00086651335 6.160127e-07 2.350189e-08 0.0008664018 0.0001540469 1.8938395e-07 0.00060833857 0.00024898007 2.8339231e-08 2.3055995e-07 0.00017184517 0.00031400757 0.000376225 3.606955e-05 0.0063339574 0.00042190254 0.00043141592 1.3998092e-08 6.562864e-05 1.3565578e-06 2.6909778e-05 2.8753107e-06 9.714248e-06 0.00015066047 1.2118319e-07 1.7402838e-08 7.730282e-05 2.9443079e-08 7.610996e-08 0.01107087 5.0980878e-05 0.00015484639 2.9271565e-08 6.994652e-05 0.0005355243 4.0387867e-08 1.0942338e-06 8.174099e-09 0.00010898461 6.286574e-09
0.950952 0.086014695 0.8859713 0.23490316 0.4661019 0.18358576 0.33358327 0.24927561 0.018150147 0.28018242 0.29785833 0.03301391 0.6307209 0.21004967 0.0012532944 3.2241105e-17 0.0024234666 0.0030927071 0.027028156 0.0020950027 0.013082395 0.035408482 0.6244343 0.0005664634 0.22380058 0.00027683575 0.003700037 0.72550523 0.067824766 0.00045811548 0.002764943 0.00036304063 0.0027711375 0.0021603901 0.004172954 0.01369294 0.015440393 0.00014138523 0.018297404 0.005051938 0.00089375174 0.00019385225 0.00017201618 0.8897165 0.46699372 0.0030352876 0.02051845 0.00029137105 1.5931359e-05 0.0014934667 0.029671267 6.7248184e-05 0.00043154394 0.0003111426 0.002454695 3.0402816e-05 8.239523e-05 0.025211519 0.0034441957 5.5441964e-05 3.5360234e-05 0.019458005 0.00019452562 3.1030886e-05 0.0002543823 0.0024494312 7.744036e-05 0.01071859 1.6657654e-05 2.8564375e-05 0.00024421164 3.8071394e-05 0.000413006 1.6302769e-05 0.00085420033 0.0016351131 0.14162275 0.0054084077 8.285689e-07 9.259765e-05 0.00069546374 0.00019950743 0.0005888238 0.0010408469 1.0590223e-06 0.00017542894 3.2742315e-05 3.001244e-07 8.465681e-06 3.0864252e-05 1.0660038e-06 6.174961e-07 0.01162547 5.5835415e-05 7.255113e-06 0.0042354353 3.0919695e-05 0.0017671377 2.961012e-06 0.009594996 5.917216e-06
0.7362447 0.10713708 0.004494465 0.23474596 0.0024399492 0.0041091493 0.006532112 0.0037473904 0.007045964 0.0048000547 0.00880062 0.003972022 0.0021233822 0.006967755 0.93407434 0.0024234666 1.4431999e-16 0.8766344 0.0001059075 0.016462868 0.00027542975 0.0007785846 0.0006755419 0.09828458 0.00083823316 0.0055001387 8.256646e-05 0.0007219792 0.0007333854 0.016357036 6.382975e-05 0.050662152 6.846156e-05 2.5961694e-05 0.003471669 5.148773e-06 0.0069686323 0.088114984 0.001739589 0.00015858862 4.406916e-06 5.592862e-07 5.870208e-07 0.00076568633 0.00065197144 0.0009423511 0.013999604 7.926871e-07 0.09019009 2.992617e-06 0.0006600519 1.3815055e-07 0.0026977528 0.0016685136 0.0005525216 0.0012733781 4.7198864e-07 0.00061521516 0.00019507123 0.33643624 0.00094331143 0.0006464155 1.04403895e-07 3.815235e-08 0.000110416615 0.00015175626 3.271171e-08 0.0006932685 0.00024648148 5.313248e-09 1.6359715e-08 7.35292e-05 4.753237e-05 0.00027266625 2.0053762e-05 0.03590523 9.272243e-05 0.00043100942 3.403853e-09 2.8255587e-05 1.6916335e-06 2.585435e-06 8.887772e-07 1.5045642e-06 6.5884495e-05 1.389761e-08 1.9182343e-08 2.3229959e-05 5.861523e-08 3.1173673e-09 0.0056655714 1.0684033e-05 9.6297896e-05 1.2805418e-09 2.2208637e-06 0.00046327963 3.93052e-09 2.4347328e-08 7.5224085e-09 1.2204482e-05 3.5199506e-09
0.99700713 0.04425101 0.008582681 0.42607585 0.001930431 0.004351711 0.01719409 0.0073081683 0.0042905486 0.012910038 0.026185717 0.0044880123 0.00523511 0.018390033 0.16711992 0.0030927071 0.8766344 4.004122e-17 0.00096080994 0.0060250685 0.001359223 0.0026579283 0.0015232698 0.019520393 0.00075321464 0.0020361901 2.6814867e-05 0.00041895115 0.00073346123 0.00664814 7.331776e-06 0.018832704 5.123753e-06 1.08203485e-05 0.002853211 5.480629e-05 0.070166655 0.0291384 0.0016809202 1.8652167e-05 5.5082405e-06 2.974881e-08 2.9240948e-07 0.0010817966 0.00049764325 0.00073959044 0.13323964 9.25228e-07 0.06573064 2.6911861e-05 0.0004102915 4.952058e-09 0.0008341463 0.0006989837 0.00029782337 0.0005356589 1.3893517e-06 0.00035113574 3.247549e-05 0.9163841 0.00038047243 0.0003391075 2.5958932e-06 8.932986e-11 6.196422e-05 1.8780413e-05 1.4351895e-07 0.00043436003 4.897867e-05 6.478639e-09 1.2152064e-11 1.023785e-05 4.866987e-05 0.00014449838 7.3792594e-06 0.51613104 0.00016997842 0.00027632428 1.0760062e-10 6.272624e-06 2.8762091e-05 2.4674982e-06 2.0756366e-05 1.6650584e-09 1.3454395e-05 5.4562837e-11 1.0760478e-09 4.693939e-06 4.1621656e-10 3.7060095e-11 0.012286516 2.1227129e-06 5.4577937e-05 3.0219236e-12 1.0333483e-06 0.00015452052 1.3205927e-10 5.639132e-12 7.2085987e-12 9.5749e-05 3.9468307e-12
0.9822187 0.0050323834 0.03288092 0.012309192 0.009207486 0.0016198786 0.15855397 0.25051895 0.00010049952 0.24209361 0.14329855 0.0001287967 0.40261522 0.24578226 0.000107084685 0.027028156 0.0001059075 0.00096080994 5.776497e-19 6.6780335e-06 0.81899005 0.5112651 0.238019 8.131088e-07 0.00048486597 1.934277e-06 0.5807811 0.0022155023 0.00011789981 1.2890644e-06 0.28282124 1.44675e-06 0.276918 0.48057717 6.7577894e-06 0.67959416 0.23939468 9.502381e-07 2.3366247e-05 0.3659417 0.2336012 0.117384315 0.12686284 0.0276245 0.0011018658 5.1462057e-06 0.30729127 0.09156549 9.4433744e-08 0.111700736 3.98736e-05 0.042473663 3.6448691e-06 2.5535137e-06 4.9064247e-06 5.827426e-07 0.026225602 4.2694133e-05 5.6426893e-06 1.3838882e-05 1.0186801e-06 4.2873864e-05 0.008613914 0.027432583 2.2635712e-08 4.458234e-06 0.0007332388 5.3094704e-05 3.3688734e-06 0.00030919298 0.050075725 2.5861107e-06 1.2760982e-07 1.4161558e-06 3.5420662e-06 0.040727284 0.0026742392 7.799833e-05 0.00023922794 4.3383407e-06 0.0041952534 1.7222053e-06 0.00023624723 0.092789926 2.4768568e-07 0.027667418 0.00028640244 6.7501624e-08 0.0010550229 3.3480406e-05 4.9483116e-08 2.8738728e-07 3.6638263e-05 0.0053315274 3.3678198e-06 2.6365777e-05 1.9876536e-05 0.03222615 6.5564265e-05 0.00069109636 2.0525857e-05
0.5749631 0.19468161 0.0016237607 0.025967501 0.022847898 0.12662803 0.0018461075 0.0003257082 0.6239625 0.00026794276 0.001259674 0.627706 0.00071316806 0.00066872523 0.36642653 0.0020950027 0.016462868 0.0060250685 6.6780335e-06 1.7754553e-18 4.624208e-06 2.2467886e-05 0.00032315103 0.90336365 0.008190429 0.86080647 1.6726193e-06 0.001833627 0.03322304 0.6408926 6.233989e-07 0.26234168 1.0966961e-06 1.4728653e-06 0.65895134 1.8717802e-06 0.0006371717 0.09044572 0.22633743 1.9790614e-06 6.915397e-07 1.3782223e-07 4.574553e-07 0.00014392748 0.0019101148 0.12457954 0.00039250252 5.6173815e-07 0.007330536 5.2837117e-06 0.035827935 2.4836154e-08 0.17371023 0.09026811 0.03524719 0.07710292 8.395828e-08 0.015257596 0.022261212 0.000904667 0.06686018 0.0062763137 4.4726508e-07 5.982432e-09 0.05487239 0.0027968618 1.5698672e-07 0.002006749 0.008846557 1.3264303e-08 6.6457524e-08 0.004978965 0.0055272556 0.012062314 0.00082426186 0.00049798394 0.00015903435 0.0009731208 1.9976786e-08 0.00218396 4.0221644e-07 0.00079296314 4.5944898e-07 9.241385e-06 0.00068823795 2.368144e-07 1.396543e-07 0.00025970547 4.3650456e-08 5.2618976e-08 0.009346201 0.00052011287 0.00012162461 1.779286e-07 0.00035816256 0.00044197595 6.207497e-08 1.6335809e-05 6.9434094e-09 2.128869e-05 2.0849894e-08
0.96057445 0.003866876 0.013548901 0.007173831 0.0044441028 0.0009518013 0.09829962 0.1860964 6.692421e-05 0.09527135 0.07194706 7.05883e-05 0.12843968 0.16242799 0.00023624723 0.013082395 0.00027542975 0.001359223 0.81899005 4.624208e-06 1.765913e-16 0.7010012 0.09082175 9.181198e-07 0.0002730537 1.2314621e-06 0.7716314 0.0008265466 4.0546813e-05 1.8438984e-06 0.3831831 2.8191243e-06 0.43133056 0.5097286 7.105022e-06 0.4059043 0.31571323 6.01285e-07 1.6435115e-05 0.5086325 0.20624265 0.13445897 0.11317768 0.010676187 0.0004641654 3.393949e-06 0.2683686 0.07892072 8.4838646e-08 0.06893837 1.8165056e-05 0.053148076 6.295175e-06 3.5075436e-06 2.9179203e-06 9.943111e-07 0.03303959 2.1333482e-05 2.2962552e-06 1.9955682e-05 4.7501126e-06 2.6225995e-05 0.010086035 0.023260888 7.177347e-08 7.6009296e-06 0.00096973893 8.25423e-05 8.8687175e-06 0.00043570696 0.043010775 7.758772e-06 1.3856683e-07 3.93365e-06 1.0362324e-05 0.060790494 0.0019926357 6.3489766e-05 0.00073784706 1.594735e-05 0.0030275886 1.147693e-05 0.0002125563 0.07508165 3.5657416e-07 0.016946403 0.00050366635 1.1297951e-07 0.001009317 3.807826e-05 9.020612e-08 8.7648215e-07 4.2753578e-05 0.0039010379 1.1339477e-05 3.2645254e-05 2.4868925e-05 0.027216291 4.488945e-05 0.00035346946 2.9634684e-05
0.98834914 0.0034424358 0.033698082 0.003607939 0.012076955 0.0033375905 0.058117468 0.18851736 0.00037666445 0.10587968 0.025422867 0.0004276655 0.19929461 0.09374575 0.0006091851 0.035408482 0.0007785846 0.0026579283 0.5112651 2.2467886e-05 0.7010012 1.8947278e-17 0.13445422 3.999854e-06 0.00094495737 5.1099864e-06 0.470478 0.001987576 0.00020928089 7.6371725e-06 0.25031424 5.4856773e-06 0.3071097 0.27151304 2.167057e-05 0.16373287 0.71222174 1.4387176e-06 7.426685e-05 0.64639944 0.14620829 0.098543994 0.078441955 0.012745738 0.00069892476 8.759987e-06 0.2457356 0.08333639 8.315834e-07 0.08942411 4.3464595e-05 0.036325973 1.3987036e-05 6.6317734e-06 3.8518538e-06 2.1379622e-06 0.042620648 2.4582543e-05 2.1368187e-06 0.00042393975 4.742304e-06 3.0743806e-05 0.022228504 0.011478276 1.318712e-07 5.5191144e-06 0.005705236 8.1953774e-05 3.4245734e-06 0.0021825503 0.012545448 5.5233163e-06 3.260266e-07 2.208643e-06 9.653638e-06 0.082480595 0.001465369 3.0136176e-05 0.0026722657 6.3472057e-06 0.004293373 2.683253e-06 0.00081413164 0.033548456 1.7031144e-07 0.0097391885 0.00093200145 7.1549856e-08 0.0014955961 0.00017425277 1.349219e-06 2.704562e-07 2.5161495e-05 0.0028375213 1.4443237e-06 2.0511337e-05 8.1879094e-05 0.012815803 0.00018571786 0.00019567847 0.00014917756
0.96256286 0.012679482 0.16902265 0.032408766 0.051378172 0.013798558 0.2693543 0.31151846 0.00097633107 0.072683044 0.26238737 0.0035206208 0.79947835 0.22830905 0.00036244947 0.6244343 0.0006755419 0.0015232698 0.238019 0.00032315103 0.09082175 0.13445422 3.6063015e-18 3.4821584e-05 0.019949805 3.776115e-05 0.06530994 0.05498191 0.008301917 1.6943339e-05 0.043221686 6.5146146e-06 0.024894757 0.036216892 0.00029470978 0.1643628 0.020326989 3.1755144e-06 0.003238903 0.071397 0.028199786 0.004252213 0.0087294355 0.9089204 0.10754102 0.00038377204 0.048005626 0.015401502 1.0768167e-07 0.094646566 0.0071446295 0.0013133399 3.2637035e-05 1.8736224e-05 0.00020362658 9.560748e-07 0.0060877446 0.0068055065 0.0003347717 1.5647447e-05 4.0098303e-06 0.0055253212 0.006154763 0.0033995926 3.395066e-06 0.0011883025 0.0041510593 0.0047654063 8.96982e-06 0.0015055224 0.017503267 1.2334185e-05 1.7608543e-05 9.188175e-06 0.00012397437 0.0027551227 0.15355216 0.00324567 1.43780335e-05 1.7952296e-05 0.101112016 2.6972139e-05 0.055926055 0.041964717 8.7686084e-07 0.01288614 0.0006861935 2.6881204e-07 0.00017595742 0.000861311 1.4243229e-06 7.3789744e-07 0.007203976 0.0057196375 1.7998212e-06 0.0021446093 0.00037954774 0.013299957 7.363369e-05 0.06768504 0.00013013011
0.15644304 0.12092174 0.00064466184 0.019596776 0.0020704488 0.010313518 0.00034405122 3.0267959e-06 0.2776387 1.8999199e-05 0.00048270763 0.18653733 9.91272e-05 0.00024853338 0.8283559 0.0005664634 0.09828458 0.019520393 8.131088e-07 0.90336365 9.181198e-07 3.999854e-06 3.4821584e-05 7.03072e-18 0.00018215632 0.6886627 1.1297127e-06 0.00011728002 0.0006871257 0.914795 1.0561972e-06 0.89849603 1.4021981e-06 5.0004115e-07 0.33305258 5.7313e-07 0.00045485282 0.7778053 0.020650463 1.7492395e-06 3.7424644e-07 2.2408783e-07 5.639518e-07 4.710028e-06 0.0001200302 0.02692845 0.0005653349 6.475736e-07 0.18952483 2.2932002e-06 0.0017305049 4.6370495e-08 0.2633372 0.11872023 0.0047366503 0.16825405 6.354242e-08 0.0009120429 0.001045613 0.004108156 0.076003015 0.00050918956 2.2886742e-07 5.0226205e-09 0.035324287 0.00018513255 7.840204e-08 0.00017730535 0.0026921371 1.2637396e-08 1.2043708e-07 0.0008177683 0.0025979762 0.0052919295 4.0909083e-05 0.00036886253 0.00011145373 0.00013806211 1.5979797e-08 0.0008167998 3.3244325e-07 0.0001852703 3.192575e-07 5.25602e-06 0.00043614575 1.8020393e-07 9.928732e-08 0.00016811719 1.8432706e-08 1.2580226e-07 0.11854685 0.0002389837 4.520443e-05 3.1851002e-07 0.00014769263 9.5340336e-05 5.434522e-08 1.3958308e-05 2.3006816e-09 1.4267205e-05 2.2370335e-08
0.6112738 0.04620968 0.04355161 0.021944046 0.39874133 0.46671993 0.02477772 0.01638334 0.114575274 0.008838107 0.02216882 0.19733264 0.020662984 0.012726831 0.0010518081 0.22380058 0.00083823316 0.00075321464 0.00048486597 0.008190429 0.0002730537 0.00094495737 0.019949805 0.00018215632 2.163752e-21 0.00058670377 0.0001282679 0.9184001 0.91418934 0.00021327837 7.6088676e-05 0.000120238954 0.00010670129 5.618828e-05 0.052921463 8.8248744e-05 0.0029514392 5.6590376e-05 0.20690633 0.00024003007 3.4233344e-05 2.3454445e-06 1.1489402e-05 0.08717656 0.45111617 0.034859724 0.0011771731 2.0653943e-05 1.2548222e-05 4.6945097e-05 0.31676143 7.156074e-07 0.0006654638 0.0006754507 0.01789582 0.00032172393 1.1175482e-06 0.10261288 0.023953853 5.0195045e-05 0.00047992577 0.05009278 2.7688352e-06 3.0849978e-07 0.005559371 0.013582663 4.1209946e-06 0.017448237 0.00070780516 8.3675513e-07 2.2939241e-06 0.00083220226 0.012314762 0.00021994323 0.003002109 0.00033174254 0.0033752783 0.0048392755 3.8209013e-08 0.0023005614 3.2682958e-06 0.002386932 1.7706938e-05 0.00021872605 1.2149332e-05 3.3833333e-06 2.021487e-06 4.5884585e-06 1.5892299e-07 1.2233924e-06 1.9481356e-06 6.6683766e-05 0.0020373324 4.520148e-06 0.00017636281 0.0023754311 1.954032e-06 0.00040954893 6.277303e-08 0.0007896077 1.5215659e-07
0.37165168 0.033034775 0.00047248456 0.008977214 0.0051806704 0.042104904 2.9507693e-05 7.768275e-07 0.25659126 1.6563724e-06 0.00032105544 0.31883225 0.00017246067 9.4808194e-05 0.058570083 0.00027683575 0.0055001387 0.0020361901 1.934277e-06 0.86080647 1.2314621e-06 5.1099864e-06 3.776115e-05 0.6886627 0.00058670377 3.3372803e-19 2.4578476e-06 8.00848e-05 0.010504004 0.8713134 2.7077042e-06 0.36297098 2.5902698e-06 5.882324e-07 0.81142575 3.282811e-07 0.00014084492 0.10236493 0.16602293 1.0968248e-06 7.0820784e-07 4.048221e-07 3.6433661e-07 2.6290415e-06 0.00028257302 0.24716645 0.000764769 3.8350785e-07 0.0057915337 1.8633383e-06 0.025353404 2.849256e-08 0.42832935 0.28009796 0.097561516 0.3229689 4.3963453e-08 0.011181597 0.029785646 0.00026638983 0.33499 0.0041239494 1.4013378e-07 7.637489e-09 0.14412306 0.0025759207 8.554777e-08 0.0010715764 0.04026041 1.33783615e-08 8.332239e-08 0.037531108 0.01734969 0.057425335 0.00068175566 0.00040493335 1.7088478e-05 0.00050027727 1.0241008e-08 0.012773117 6.191203e-08 0.0023110672 6.196767e-08 1.5354826e-05 0.0037602708 9.238582e-08 1.4513803e-07 0.0016103111 6.8116317e-09 5.448544e-08 0.046096362 0.0033781154 2.169249e-05 1.8918035e-07 0.0020742652 4.7485744e-05 3.1792524e-07 1.7202512e-05 3.0564538e-09 7.212252e-06 2.857305e-08
0.9795172 0.0006333148 0.0031130689 0.0004732936 0.00067130127 0.00027904956 0.009908609 0.029474886 2.3196551e-05 0.023914 0.0066516916 1.71889e-05 0.039119978 0.017908666 0.00021396962 0.003700037 8.256646e-05 2.6814867e-05 0.5807811 1.6726193e-06 0.7716314 0.470478 0.06530994 1.1297127e-06 0.0001282679 2.4578476e-06 8.2982966e-16 0.00023904708 3.725163e-05 4.8570296e-06 0.7441318 2.483675e-06 0.65092367 0.7744259 3.4352859e-06 0.5333387 0.25071135 4.3156672e-07 1.1944308e-05 0.5174786 0.3875954 0.45233065 0.27238584 0.0071931425 0.00063262816 5.226025e-06 0.10534298 0.21869884 8.5159165e-08 0.16115592 1.9434789e-05 0.17253877 1.600569e-05 8.727658e-06 3.6143288e-06 2.305759e-06 0.12635176 4.058887e-05 9.8325345e-06 9.245995e-06 8.2125625e-06 0.00013707226 0.030684931 0.033967957 1.4201096e-07 3.550076e-05 0.0042792885 0.00020474293 7.947783e-06 0.0013966449 0.02294537 1.0086502e-05 1.6602106e-06 5.421431e-06 5.5528057e-05 0.015330261 0.0008295696 0.00011454214 0.0064193644 2.6185433e-05 0.006593827 2.0235384e-05 0.0006222365 0.06521261 7.7569337e-07 0.011329241 0.001264301 3.2302916e-07 0.002071715 0.00027607512 2.348886e-07 2.0588052e-06 7.862102e-05 0.0042092255 1.938627e-05 7.8066565e-05 9.340815e-05 0.023007791 0.00015649054 0.000743084 0.00013878976
0.51452315 0.038330406 0.10479545 0.02205425 0.39501068 0.36712322 0.053976648 0.036268216 0.046969555 0.016311105 0.035056766 0.085624084 0.061654795 0.01786326 0.0008529569 0.72550523 0.0007219792 0.00041895115 0.0022155023 0.001833627 0.0008265466 0.001987576 0.05498191 0.00011728002 0.9184001 8.00848e-05 0.00023904708 4.3998587e-20 0.3580394 5.567414e-05 0.0001468701 5.3118456e-05 0.000113612936 0.00020917474 0.009723949 0.00038662102 0.0032529552 2.1830434e-05 0.03433014 0.000295694 0.000102741025 3.6833314e-06 1.4199039e-05 0.4959326 0.9339647 0.008372996 0.0014808286 3.8390674e-05 5.2641863e-06 0.00018015865 0.117031515 1.2562393e-06 0.00023367441 0.00021364236 0.004951161 4.129018e-05 4.097876e-06 0.050680768 0.0069870353 1.4546588e-05 9.9343735e-05 0.033676106 1.313244e-05 2.4149656e-06 0.0017283623 0.0070637157 1.0822557e-05 0.016936386 0.00011538282 1.8004838e-06 9.547003e-06 0.00013259272 0.0052721375 3.9455917e-05 0.0020412705 0.00039714042 0.013172113 0.0062255263 6.7231284e-08 0.0003787329 6.668256e-05 0.0010342386 0.00015373736 0.0004568343 2.5281076e-06 2.4483461e-05 5.9679783e-06 6.852766e-07 4.742872e-07 6.000199e-06 1.0864009e-06 6.0318575e-06 0.004468774 1.3347784e-05 2.1925516e-05 0.0041781743 6.1682545e-06 0.0011980742 1.185216e-07 0.0016798849 3.122345e-07
0.73329234 0.037337784 0.014796902 0.016076077 0.2169164 0.4207827 0.008073027 0.003860135 0.23831987 0.0032100712 0.0066674734 0.33726552 0.007722145 0.004266109 0.0018249191 0.067824766 0.0007333854 0.00073346123 0.00011789981 0.03322304 4.0546813e-05 0.00020928089 0.008301917 0.0006871257 0.91418934 0.010504004 3.725163e-05 0.3580394 6.824156e-20 0.0013048317 2.8808097e-05 0.00029761522 4.2473494e-05 1.9949382e-05 0.2872554 2.5057856e-05 0.0017384073 0.00010412613 0.7326436 5.5700588e-05 1.9805917e-05 3.4486293e-06 5.6702006e-06 0.01923356 0.25723776 0.23485498 0.0006701633 8.632767e-06 3.0288535e-05 5.341039e-05 0.7483177 6.0210556e-07 0.005403178 0.004622507 0.1441625 0.0017272691 8.4526323e-07 0.3101666 0.138122 0.00017930506 0.004131561 0.14278601 3.6962454e-06 2.0033708e-07 0.025636557 0.044384047 2.422229e-06 0.038492683 0.004354108 3.5198096e-07 1.5368296e-06 0.0049081356 0.037534446 0.0011869689 0.008090356 0.00032857756 0.0025911347 0.008898476 1.3428494e-08 0.008266917 2.6973564e-06 0.00824317 3.5301923e-06 8.6282445e-05 7.427769e-05 1.4742158e-06 1.9114977e-06 2.9128756e-05 1.12047275e-07 9.623923e-07 1.5230134e-05 0.0005012757 0.0013000367 3.671894e-06 0.0011419721 0.0025896933 1.3141954e-06 0.00022704252 5.4943474e-08 0.00028923733 2.4124532e-07
0.08636702 0.032961342 0.00034254146 0.011502325 0.0019621733 0.012435554 4.3606007e-05 2.0275343e-06 0.11930777 9.1565045e-07 0.0003847677 0.11219916 5.1062187e-05 0.00032268759 0.1251542 0.00045811548 0.016357036 0.00664814 1.2890644e-06 0.6408926 1.8438984e-06 7.6371725e-06 1.6943339e-05 0.914795 0.00021327837 0.8713134 4.8570296e-06 5.567414e-05 0.0013048317 4.1599244e-19 4.3044192e-06 0.8396968 3.310488e-06 1.4943471e-06 0.42193848 2.43801e-07 0.00010239056 0.5078676 0.021830024 2.2223214e-06 5.551635e-07 4.055203e-07 4.5637856e-07 2.030146e-06 0.0001569862 0.042402156 0.0012093954 4.603016e-07 0.061485283 2.0280406e-06 0.0034646555 3.5904794e-08 0.28729013 0.17082214 0.007983509 0.26966098 8.401274e-08 0.0018794307 0.0024224753 0.003327705 0.1299586 0.0007433593 3.245651e-07 2.9088792e-08 0.015420277 0.0001316181 1.9642025e-07 0.00020357163 0.006515065 2.1752989e-08 2.3663988e-07 0.0019793487 0.0006583564 0.012230191 4.582264e-05 0.00039099975 9.822535e-06 9.834669e-05 2.2525275e-09 0.0011498102 1.1401578e-07 0.00015132429 7.3043765e-08 3.048955e-05 0.0011048819 3.3142425e-07 1.1730075e-07 0.00058408995 1.0210874e-08 5.312947e-08 0.10065564 0.0005121547 1.2572203e-05 2.2920355e-07 0.00029425256 1.156498e-05 3.5261797e-07 1.1679588e-05 1.6197508e-09 5.9746862e-06 1.3569667e-08
0.9584732 0.0004125507 0.0028109082 0.00021571938 0.00062282104 0.00030714486 0.0037938093 0.008778738 1.5686817e-05 0.014206631 0.0042565926 1.421283e-05 0.031868897 0.008045987 5.4727996e-05 0.002764943 6.382975e-05 7.331776e-06 0.28282124 6.233989e-07 0.3831831 0.25031424 0.043221686 1.0561972e-06 7.6088676e-05 2.7077042e-06 0.7441318 0.0001468701 2.8808097e-05 4.3044192e-06 9.701099e-16 1.9600586e-06 0.87310785 0.4852648 1.5168927e-06 0.19344652 0.19326408 2.1226448e-07 8.0132195e-06 0.46599764 0.2616023 0.5726367 0.24527943 0.0052155927 0.00019817131 2.6221733e-06 0.04855675 0.2072289 1.4313869e-07 0.14030072 1.0347225e-05 0.1875039 1.9341507e-05 1.0506182e-05 5.744441e-06 6.0790207e-06 0.14656866 2.6973757e-05 8.194819e-06 1.3289813e-05 8.549574e-06 5.6987617e-05 0.04138027 0.018228363 4.9474363e-07 2.8974075e-05 0.008012372 5.8830654e-05 9.1976435e-06 0.003344492 0.0119119575 1.4967482e-05 4.6527225e-06 7.734452e-06 5.1573174e-05 0.0067407396 0.00051853096 8.742374e-05 0.015119225 3.9410752e-05 0.0057923263 2.2573988e-05 0.0013645175 0.059260696 9.869187e-07 0.007540578 0.0019648145 4.1206036e-07 0.0024134545 0.00026613032 2.8164115e-07 2.8427285e-06 6.9861126e-05 0.0029816395 1.7619697e-05 4.163733e-05 0.00017075063 0.019847631 0.00025379783 0.0004848373 0.00017079103
