4.4245344e-27 0.22474925 0.2662585 0.8051683 0.8306252 0.6519766 0.21889798 0.2194808 0.8946622 0.36929432 0.16210352 0.9056388 0.6578238 0.8274838 0.8584893 0.4037532 0.9127043 0.8740479 0.8170755 0.85037357 0.202105 0.18269075 0.8606948 0.4590689 0.25375584 0.94591016 0.9190837 0.96695465 0.89969116 0.03822706 0.8712666 0.10926455 0.8843769 0.8883429 0.051725946 0.8919541 0.97696245 0.004670049 0.91047484 0.9253606 0.89737034 0.8707209 0.8838477 0.008221673 0.94248116 0.96968144 0.98211646 0.9144201 0.9887839 0.9434085 0.06660267 0.8900914 0.9682125 0.96371794 0.83589625 0.0017820246 0.82415146 0.99035174 0.991322 0.62147945 0.9618697 0.62639844 0.73412234 0.90148765 0.005284201 0.8661967 0.26193637 0.43133205 0.07524796 0.99260205 0.3782353 0.94536793 0.9952216 0.9918971 0.73965436 0.7166481 0.08048532 0.020695722 0.99995387 0.36799705 0.0070560505 0.000116944946 0.99996877 0.9903772 0.9931228 0.2662343 0.01838577 0.18472631 0.00031009634 0.0011127859 0.00019246773 6.536742e-05 0.0026047041 0.9996873 0.0050218124 0.9911865 0.0043493253 0.0056285732 0.00033897042 0.00020569096 8.208573e-05
0.22474925 2.3727879e-18 0.9704155 0.48197362 0.38466725 0.5175013 0.402539 0.11277333 0.13859954 0.08546751 0.053410806 0.18014397 0.049241263 0.029197356 0.0174889 0.00505154 0.024882449 0.012509796 0.07438174 0.0015329405 0.001361265 0.0012336063 0.02484434 0.00057638896 0.0004936512 0.02722421 0.006379673 0.019863699 0.0007213122 0.00026210307 0.00053819333 0.02132491 0.019722695 0.0016086334 0.00024867704 0.0014235313 0.005023405 0.04370264 4.6188554e-05 0.0047467006 7.514781e-05 0.00563737 0.0004603565 0.08944841 0.00075865467 0.0017011707 0.01226618 0.00065829547 0.031417448 0.00096118485 0.017807098 2.0760501e-07 0.000105446416 3.6193804e-05 4.8035457e-05 0.005310428 0.0042144475 0.00124643 0.009405959 0.0001229248 0.004964705 0.009418284 1.0794838e-05 3.9426295e-06 0.0007640965 1.0272367e-06 1.1764625e-05 2.7289061e-05 0.0015417188 0.0067056543 4.707958e-06 4.2104836e-07 0.0037053267 1.2354928e-05 8.233957e-06 1.0012389e-07 1.7487873e-06 0.00091576093 0.0003907151 5.4877837e-05 0.00022135182 2.1205296e-06 0.0023344436 1.2760276e-05 0.0002447495 1.8429746e-05 5.171526e-05 3.1421816e-06 3.1411193e-07 2.5302395e-08 6.91459e-06 4.286767e-06 8.152083e-07 4.8100114e-06 6.9538373e-06 1.2253117e-08 2.682447e-06 7.9039233e-07 6.1210926e-08 7.853453e-07 4.9560356e-07
0.2662585 0.9704155 3.686668e-20 0.36574817 0.35681704 0.63876265 0.26974255 0.06691968 0.14368394 0.029207008 0.010410612 0.12223132 0.009604193 0.008027593 0.0054440885 0.013123188 0.033254374 0.0037117584 0.18103671 0.006661798 0.0021734424 0.0012299529 0.010772314 0.00053522893 2.6088122e-05 0.031416442 0.011849408 0.019937607 0.0019146057 8.406962e-05 0.0012965369 0.054289952 0.0073126573 0.0028307051 6.636572e-05 0.002501785 0.0069638854 0.18295209 1.1470583e-05 0.002216114 9.688856e-05 0.0035372376 0.00065905397 0.3135566 0.0005562853 0.0015487312 0.0048579075 0.00057348213 0.017519366 0.0013404257 0.08834126 1.4003493e-07 0.0001334732 5.358007e-05 2.3034348e-05 0.013838237 0.0015066694 0.0011935029 0.0063608373 0.00011226479 0.0027239453 0.019778257 5.7755487e-06 2.0404334e-06 0.00242169 4.5111923e-07 1.938481e-05 9.204312e-06 0.0019872708 0.0024815162 2.1826272e-05 6.901054e-07 0.0010733958 3.61716e-06 3.5275873e-06 1.1035897e-07 1.6634848e-06 0.0008340445 0.00020598678 3.1743235e-05 0.00012029848 1.5830393e-06 0.0015529263 6.526741e-06 8.696141e-05 1.0380841e-05 2.5641788e-05 5.96484e-07 7.7565335e-07 1.07234595e-08 1.28567635e-05 1.1514412e-05 4.694147e-07 4.1965873e-06 3.6301313e-05 8.865271e-09 2.2654385e-05 5.203591e-06 4.4147166e-07 3.3172578e-06 4.9846117e-06
0.8051683 0.48197362 0.36574817 1.9338318e-16 0.9539417 0.26145524 0.46373385 0.4569765 0.36523503 0.59604853 0.55263823 0.59750414 0.4120515 0.3207774 0.21077235 0.0019697119 0.13313463 0.13172612 0.0046512187 0.0007580284 0.00128389 0.00062509865 0.16563722 0.00019099344 0.0110278195 0.110359825 0.009455231 0.112482265 0.00014557394 0.0015855604 9.492318e-05 0.015589708 0.13790844 0.00062427705 0.0014859731 0.0005034757 0.012427801 0.008906045 3.9488764e-06 0.04826359 6.1453025e-06 0.03532709 6.0735594e-05 0.021055292 0.0005018858 0.0025374831 0.09983781 0.00019752356 0.23341526 9.8052806e-05 0.007923505 6.2589135e-07 8.8310626e-05 2.3504706e-05 1.9139272e-06 0.0031333882 0.02542988 0.005605825 0.17247142 5.5459997e-05 0.07165057 0.0027227467 3.9686097e-06 1.2399257e-06 0.00040856097 4.4220567e-07 4.869143e-06 1.847284e-05 0.00021235268 0.04081027 5.940863e-06 5.9372724e-08 0.0067148376 6.138634e-05 5.1886684e-07 2.058322e-08 1.8697168e-07 0.00027946636 0.0019731694 1.2431635e-05 6.1164275e-05 3.697571e-06 0.008549501 5.2787004e-06 0.00013030884 4.0280433e-06 3.339536e-05 2.6126014e-07 2.395547e-07 6.980551e-07 7.765923e-06 8.050193e-06 5.4315973e-07 1.5988982e-05 7.517808e-06 6.870702e-09 8.710063e-06 7.526815e-07 1.4398465e-07 1.7154773e-05 1.7486556e-06
0.8306252 0.38466725 0.35681704 0.9539417 3.8651064e-16 0.53382915 0.19714074 0.12613586 0.66391057 0.12467822 0.10338253 0.7687426 0.062034175 0.06155387 0.048536103 0.029293451 0.45543593 0.032110065 0.017871296 0.022085227 0.005774448 0.0031422405 0.024568709 0.00083732913 0.049551766 0.24058472 0.060025208 0.2313012 0.0019353741 0.00020532758 0.0015931693 0.006031864 0.100839205 0.0049424456 0.00015821126 0.0044849594 0.06485403 0.0055165966 4.743523e-05 0.026480062 0.00015979494 0.0025317774 0.00053059775 0.016431622 0.0055604633 0.017965777 0.06457247 0.0014296222 0.2523601 0.00030926467 0.007651239 4.5579964e-07 0.000664768 0.00031846008 4.457613e-06 0.0014342469 0.011246197 0.013023211 0.1428892 3.875186e-05 0.029622288 0.0032161535 2.4806948e-06 9.2082576e-07 0.00022997728 8.5571554e-07 1.6819159e-06 8.048473e-06 0.00022822217 0.034627635 6.654844e-07 2.0142771e-07 0.009979764 0.00035301805 7.772784e-08 5.2840136e-08 5.2676416e-08 4.568428e-05 0.0040067723 6.373202e-06 5.6590914e-05 1.1785698e-06 0.0072663003 9.167733e-05 0.00040280746 2.2032236e-06 8.287013e-06 3.099501e-07 1.1949334e-07 5.382302e-07 2.1844005e-06 2.1736403e-06 4.7437493e-07 7.686293e-05 1.0045352e-06 7.950947e-09 3.9632882e-06 2.5328046e-07 1.0531209e-07 3.7026275e-06 4.2492857e-07
0.6519766 0.5175013 0.63876265 0.26145524 0.53382915 1.1096502e-17 0.0026190416 0.001204086 0.90093815 0.0010791855 0.0027072644 0.28239155 0.0006584559 0.0008537667 0.0009377123 0.82225764 0.35653883 0.00064602605 0.9212859 0.61819065 0.6852576 0.5759752 0.0007460731 0.3048983 0.009532402 0.09332331 0.08548487 0.05121276 0.05725138 3.600123e-05 0.04480521 0.0009969831 0.005249458 0.044677343 2.7099146e-05 0.04070695 0.084814586 0.014339447 0.008125056 0.002811505 0.016091423 0.00040268898 0.023997629 0.0910781 0.017199757 0.026404707 0.0056510507 0.020558698 0.044663686 0.0105541255 0.10045081 2.8117664e-05 0.007977859 0.0057216748 0.0008119469 0.00080347 0.00127037 0.0119751515 0.010048952 0.0017756663 0.0030445065 0.059381947 0.00017377765 6.935396e-05 0.001566296 1.1720436e-05 0.00012693781 0.0003505756 0.011935383 0.0019387167 8.781554e-05 2.8285174e-06 0.0028163972 0.00016871208 4.280435e-06 9.274073e-07 1.0928462e-05 0.0058196094 0.00089872413 0.00012608289 0.0039977324 3.2413345e-06 0.0018059956 0.00011699961 0.0008401335 5.1293482e-05 0.0003925355 7.053106e-06 8.990879e-06 5.090113e-08 2.8078513e-05 2.0421612e-05 1.7619066e-06 0.0001005116 4.3504486e-05 2.2448855e-08 2.605888e-05 6.7890473e-06 9.604283e-07 6.6885823e-06 4.627503e-06
0.21889798 0.402539 0.26974255 0.46373385 0.19714074 0.0026190416 2.2171383e-18 0.9339954 0.0013486545 0.51789737 0.5461851 0.029499423 0.22517224 0.14454678 0.11187635 0.000109763474 0.0011124002 0.04987309 0.0002794621 2.5545694e-05 6.5459746e-05 8.63361e-05 0.4134286 3.0784762e-05 1.5173638e-05 0.003251516 0.00026403033 0.005770938 2.7665139e-05 0.011424355 2.0757869e-05 0.13867326 0.033831008 0.00015409214 0.0067244344 0.00019627859 0.0005987995 0.010313518 1.4645818e-06 0.02344026 3.1776049e-06 0.14527723 1.3907257e-05 0.0043532113 7.1341674e-05 0.00031742099 0.030903287 3.1521387e-05 0.03189804 1.9231553e-05 0.0011300544 1.14919224e-07 1.0930421e-05 2.5744641e-06 2.8647535e-06 0.006107786 0.0203055 0.00046872208 0.02586542 1.6141781e-05 0.031829137 0.00048089182 1.0166213e-05 3.1612315e-06 0.0001498803 2.265592e-07 2.245651e-05 7.928433e-06 0.00010363406 0.027071064 3.7211732e-06 1.1806978e-07 0.0005692578 8.438371e-08 2.8739262e-06 1.2166237e-07 2.5266274e-06 7.3089584e-05 0.00041585168 3.175649e-05 7.3599804e-06 5.295003e-07 0.0030251383 2.1870673e-07 1.1759029e-05 4.7109897e-06 4.1842263e-06 2.2934177e-07 6.960279e-08 1.6411187e-08 4.00185e-06 5.04781e-06 7.791502e-08 1.722151e-06 1.7046899e-06 8.9912305e-10 3.8708286e-06 1.3121321e-07 1.6492399e-08 1.9430598e-07 8.660196e-07
0.2194808 0.11277333 0.06691968 0.4569765 0.12613586 0.001204086 0.9339954 6.5653594e-19 0.0007880512 0.67369705 0.70250195 0.021149421 0.38854197 0.27237955 0.17633913 5.796332e-05 0.00064709707 0.08263938 0.00020387529 9.774466e-06 3.7791302e-05 4.7331523e-05 0.49461532 2.2275888e-05 1.0837833e-05 0.0024271095 0.00014085713 0.004368801 1.3461519e-05 0.011873538 9.271708e-06 0.04987634 0.049728703 6.909887e-05 0.0076022316 0.000121920515 0.00030743354 0.004733916 9.898672e-07 0.031580996 8.3274216e-07 0.13655092 4.9972155e-06 0.001954625 3.538945e-05 0.00011620519 0.030393615 1.3583787e-05 0.027934708 4.8681864e-06 0.0007690505 3.0453236e-08 2.4106973e-06 7.58451e-07 7.4928454e-07 0.0028875708 0.020105667 0.0003588722 0.028783673 6.9209555e-06 0.030748704 0.00014658296 2.1107926e-06 6.643354e-07 5.067313e-05 5.0313197e-08 4.1944063e-06 1.3594782e-06 2.9863495e-05 0.025853366 7.9149584e-07 4.6658034e-08 0.0005403044 8.856537e-08 6.8690184e-07 1.6800112e-08 2.8639437e-07 5.8660113e-05 0.0004195797 5.6054237e-06 6.772842e-06 2.1377737e-07 0.0035865817 2.1826085e-07 1.8265671e-05 7.940755e-07 3.2526805e-06 8.602605e-08 1.6419673e-08 1.6804494e-09 6.6819416e-07 8.958608e-07 8.490741e-09 1.9135002e-06 6.851701e-07 1.557431e-10 1.0118696e-06 2.9725724e-08 5.973105e-09 2.043438e-08 1.9948867e-07
0.8946622 0.13859954 0.14368394 0.36523503 0.66391057 0.90093815 0.0013486545 0.0007880512 2.6170269e-17 0.0014580915 0.0015210073 0.6872926 0.0005951292 0.0009364812 0.0011094459 0.3814336 0.7177722 0.00078752526 0.15412569 0.42514208 0.16660553 0.08788049 0.0005066798 0.03727791 0.07474074 0.28549856 0.23453382 0.21776512 0.08955234 2.6427351e-05 0.07037932 0.0002977816 0.016277757 0.056743342 1.3130286e-05 0.053696588 0.17044598 0.0015499222 0.0032196273 0.0042362916 0.008356038 0.0005102668 0.022474688 0.008838041 0.021425752 0.039213385 0.012826692 0.024390135 0.18769675 0.0014613874 0.008704267 2.0523382e-06 0.0070942505 0.004838433 6.6641296e-05 0.00015516658 0.0055202967 0.046359207 0.11087056 0.00017730467 0.007686935 0.012439569 1.434879e-05 4.29378e-06 0.00015012476 4.5966267e-06 3.353876e-05 1.9153196e-05 0.0009987362 0.015650464 2.6196435e-06 2.054494e-06 0.009030173 0.00046520992 4.832202e-07 1.2213142e-07 1.5331224e-07 0.00060799695 0.009980683 8.905238e-06 0.0009477254 2.3805608e-06 0.0063289064 0.0003658819 0.0014433208 3.0191075e-06 6.509848e-05 3.489382e-07 1.1660917e-06 9.135409e-08 4.1085885e-05 7.3785272e-06 2.629671e-06 0.00014206834 7.096537e-06 4.2403427e-09 8.221904e-06 8.5764856e-07 2.2667364e-06 5.2869073e-06 1.6932121e-06
0.36929432 0.08546751 0.029207008 0.59604853 0.12467822 0.0010791855 0.51789737 0.67369705 0.0014580915 4.809668e-17 0.90968096 0.034038994 0.7304201 0.6284649 0.52729297 8.427398e-05 0.000870678 0.3850828 0.00048739795 2.1202295e-05 6.0706527e-05 5.715128e-05 0.7677633 5.3527816e-05 2.930988e-05 0.0056060767 0.00017055876 0.009809973 9.611417e-06 0.028527223 6.5760178e-06 0.028685769 0.15422669 3.441065e-05 0.013721174 4.83972e-05 0.0003085273 0.0058591873 3.0401848e-06 0.13625509 9.0215457e-07 0.11413781 1.7081186e-06 0.0019091631 2.145089e-05 8.160539e-05 0.074584946 3.7152727e-06 0.028222747 7.835055e-06 0.0014646369 1.9048107e-07 4.1966114e-06 1.4514113e-06 2.3395435e-07 0.0009972305 0.029056434 0.00041998466 0.036673136 5.936491e-06 0.042257193 0.00011143141 7.976329e-07 1.2492204e-06 4.644514e-05 2.7245787e-07 6.3429485e-07 9.308506e-07 2.575413e-05 0.025365202 1.8582867e-07 5.3353894e-08 0.000121085526 2.0424872e-08 1.4803965e-06 1.1790677e-08 4.3946963e-07 7.6487806e-05 0.00023675831 3.677782e-06 1.1348678e-06 4.9245165e-07 0.003661226 8.74096e-08 4.8675042e-06 1.4371899e-06 6.292732e-06 9.857631e-08 6.4749077e-09 1.5101259e-08 1.261977e-07 1.9406433e-07 1.0331379e-07 4.921186e-06 7.6179066e-07 2.0600768e-09 2.3594303e-06 7.039777e-07 1.5966483e-08 5.560386e-08 5.8022355e-08
0.16210352 0.053410806 0.010410612 0.55263823 0.10338253 0.0027072644 0.5461851 0.70250195 0.0015210073 0.90968096 1.4054502e-17 0.04161307 0.7253541 0.56917256 0.47759348 0.0001682527 0.0014395199 0.35035384 0.0003962807 1.1213707e-05 0.00017774571 0.00022399351 0.84610903 7.2941264e-05 2.2866105e-05 0.00584307 0.00013458317 0.007772152 1.5667085e-05 0.019576248 1.4856911e-05 0.0014202865 0.16593328 8.018177e-05 0.011929397 9.389123e-05 0.00044528188 0.00027131973 1.7344618e-06 0.13905376 2.7035835e-06 0.083133616 4.4642005e-05 0.00018852003 7.153925e-05 0.00017963281 0.09010576 6.0132177e-05 0.029050639 1.5000749e-05 1.9268435e-05 2.1808482e-09 1.3778377e-06 7.454607e-07 1.0814803e-06 0.000493687 0.039118465 2.5390225e-05 0.053930353 8.282644e-06 0.043507617 0.00011735105 8.840045e-07 5.625428e-07 2.6633634e-05 5.0435482e-09 6.548447e-07 8.203838e-07 3.718614e-05 0.01791233 1.1930157e-07 4.2082116e-09 0.0005578911 1.0605409e-07 3.4196677e-08 1.751263e-07 1.7340382e-08 3.474214e-05 0.0004791602 1.0882274e-05 9.188954e-06 1.3582165e-09 0.0031435709 3.666374e-07 3.9966682e-07 3.925626e-06 2.1128215e-05 2.6407776e-07 4.8675946e-07 2.59119e-09 7.3110805e-06 3.943246e-06 1.6190011e-08 1.6222546e-06 5.7466164e-06 2.5628828e-09 1.6926115e-06 3.023083e-06 1.7219638e-06 2.1082496e-06 3.4415882e-06
0.9056388 0.18014397 0.12223132 0.59750414 0.7687426 0.28239155 0.029499423 0.021149421 0.6872926 0.034038994 0.04161307 1.2260198e-16 0.03194008 0.037525333 0.021756412 0.052155357 0.85386556 0.01787358 0.012699831 0.08546905 0.009350333 0.004886141 0.004762473 0.0024168873 0.2704672 0.45139349 0.1390034 0.42625004 0.0070796753 0.0003517224 0.006066622 0.0017643668 0.1834667 0.011613883 0.0003118044 0.0092903 0.15165725 0.0035609729 0.0002447932 0.024570987 0.00049390877 0.00172713 0.0011203281 0.009867353 0.010187215 0.02602543 0.09519585 0.0028925885 0.46144935 0.00017990009 0.0030706855 1.5474686e-06 0.0012381977 0.00066551205 9.069047e-06 0.000315883 0.034266587 0.0372901 0.2648381 4.0137693e-05 0.0491365 0.0009986038 3.2300252e-06 1.0118281e-06 6.660419e-05 7.323652e-07 1.9685579e-06 1.1753513e-05 0.00012798587 0.045886777 1.1480333e-07 1.596733e-07 0.019460987 0.00019225602 6.5055374e-08 2.8071481e-08 2.0438044e-08 5.1743133e-05 0.01848813 1.020102e-05 1.4858414e-05 3.1743292e-07 0.022501584 6.474051e-05 0.0004553815 2.3532752e-06 2.9208575e-06 4.1154829e-07 9.0482175e-08 1.4913658e-08 5.3790054e-06 1.3536087e-06 1.1383108e-07 3.7134967e-05 7.8927144e-07 1.7580787e-09 7.686314e-07 1.9207357e-07 1.6978422e-07 2.701027e-06 4.6676928e-07
0.6578238 0.049241263 0.009604193 0.4120515 0.062034175 0.0006584559 0.22517224 0.38854197 0.0005951292 0.7304201 0.7253541 0.03194008 8.054429e-18 0.901322 0.7813401 3.7379814e-05 0.00071661273 0.6512629 0.00028478572 2.0979044e-06 4.6772915e-05 3.770922e-05 0.87271947 1.9434585e-05 7.825232e-05 0.004390024 4.379789e-05 0.010112426 1.3848367e-06 0.021810966 1.0244416e-06 0.008615635 0.25966513 6.701147e-06 0.010032965 8.706808e-06 0.00015492394 0.0016069853 6.89939e-07 0.2534482 1.7953272e-07 0.091514975 5.4569455e-07 0.0009583991 1.1211388e-05 3.8790902e-05 0.14343351 8.4264263e-07 0.046586145 5.3161198e-06 0.0006374811 2.5964303e-08 1.4603195e-06 7.4310987e-07 2.9789564e-07 0.0001928337 0.027065085 0.00052998104 0.054921128 3.3046338e-06 0.043622162 0.000111607325 4.5030387e-07 1.9094269e-07 2.6778247e-05 3.1427778e-08 1.9766857e-07 3.8448817e-07 2.663295e-05 0.021569636 3.8872298e-07 3.113388e-08 0.00027330252 1.3041765e-07 6.410744e-07 3.78896e-09 6.787513e-08 5.1821604e-05 0.0005823943 1.569745e-06 6.97918e-07 7.7342e-08 0.0058651087 1.3115105e-07 5.3711883e-06 2.5904512e-07 8.111607e-06 2.832291e-08 6.054882e-08 1.5634239e-08 8.0965543e-07 2.3765322e-06 1.4428788e-07 2.0243674e-06 2.065527e-06 4.494284e-10 2.6795758e-06 4.0353044e-07 2.9516414e-07 2.8990644e-06 8.498097e-07
0.8274838 0.029197356 0.008027593 0.3207774 0.06155387 0.0008537667 0.14454678 0.27237955 0.0009364812 0.6284649 0.56917256 0.037525333 0.901322 2.007639e-17 0.87789243 3.2859774e-05 0.0010230794 0.80563664 0.00026440778 2.4228689e-06 4.7812056e-05 3.532107e-05 0.82474 1.2781126e-05 0.00014773924 0.006090241 7.1349845e-05 0.013951029 1.3534914e-06 0.009806124 8.547091e-07 0.009744795 0.3799649 8.456708e-06 0.0036689348 8.949962e-06 0.0001646 0.0017115774 9.707353e-07 0.34610948 3.6029155e-07 0.06842268 6.270115e-07 0.0013053295 8.655957e-06 3.1986707e-05 0.21094848 1.230361e-06 0.06301822 4.327799e-06 0.0006895746 3.044673e-08 1.4732067e-06 1.2146974e-06 2.5063972e-07 0.000119819306 0.026054017 0.00060146773 0.06445348 9.0118976e-07 0.045410473 8.019669e-05 3.3748915e-07 1.8650793e-07 1.8678209e-05 3.3275235e-08 2.1079148e-07 2.938985e-07 1.990125e-05 0.022332337 6.9127793e-07 2.7358775e-08 0.000342712 7.857252e-07 1.0536498e-06 2.7372855e-09 1.5108283e-07 2.643025e-05 0.0006618496 7.101035e-07 7.72088e-07 2.4116065e-07 0.0073754005 2.4334946e-07 1.4619951e-05 1.6381144e-07 1.2021263e-05 2.203465e-08 1.3433214e-07 6.4302114e-08 1.5499782e-06 3.22835e-06 4.835604e-07 5.5519295e-06 1.8707844e-06 9.041394e-10 2.131411e-06 9.470327e-07 6.236962e-07 6.2664776e-06 1.3884072e-06
0.8584893 0.0174889 0.0054440885 0.21077235 0.048536103 0.0009377123 0.11187635 0.17633913 0.0011094459 0.52729297 0.47759348 0.021756412 0.7813401 0.87789243 5.676954e-17 3.938554e-05 0.0008993384 0.9164482 0.00029957612 3.983079e-06 6.402471e-05 4.99666e-05 0.84506613 1.7179264e-05 0.00013999135 0.0023962078 4.857694e-05 0.0070447945 1.9327815e-06 0.009608293 1.3753512e-06 0.010730552 0.45958933 8.236054e-06 0.004002818 5.889259e-06 0.000118018615 0.0016193844 9.704039e-07 0.47097972 6.715455e-07 0.07678084 4.777888e-07 0.0010529513 7.5657963e-06 3.667787e-05 0.25430158 8.735831e-07 0.056824863 4.6626633e-06 0.00039605927 3.623295e-08 2.6976857e-06 2.1490152e-06 2.3972933e-07 0.00011647202 0.026440771 0.0005567491 0.049438193 6.316099e-07 0.036996014 2.308418e-05 1.5183204e-07 1.87078e-07 1.7021794e-05 5.1502806e-08 1.3294857e-07 1.8738743e-07 1.1190258e-05 0.02677803 5.4836397e-07 3.5075466e-08 0.00049924426 1.3495486e-06 1.3425717e-06 8.322891e-10 8.906121e-08 6.5406107e-06 0.0008224971 3.812451e-07 3.73611e-07 4.826823e-07 0.007955451 7.840171e-07 1.3105127e-05 1.3075142e-07 3.3999165e-06 1.1849453e-08 8.289566e-08 5.926014e-08 1.9990987e-06 1.9381769e-06 3.521122e-07 8.242433e-06 1.1905307e-06 5.9813104e-10 1.0991808e-06 6.7730383e-07 6.0139854e-07 4.3663745e-06 7.495347e-07
0.4037532 0.00505154 0.013123188 0.0019697119 0.029293451 0.82225764 0.000109763474 5.796332e-05 0.3814336 8.427398e-05 0.0001682527 0.052155357 3.7379814e-05 3.2859774e-05 3.938554e-05 2.2282796e-18 0.15106022 3.8672373e-05 0.5416336 0.9444568 0.9187881 0.60179824 3.324439e-05 0.49082458 0.011493201 0.046035938 0.1536926 0.035977397 0.2516295 2.8268726e-06 0.21136323 2.143026e-05 0.0005279873 0.16650295 1.8644953e-06 0.1292542 0.107099205 0.00036374954 0.18954265 0.000496403 0.08642913 9.922333e-06 0.08882371 0.005439073 0.02659823 0.03544668 0.000928926 0.057740375 0.027819008 0.010831563 0.012860289 0.002075129 0.014946808 0.014225877 0.0009779404 0.00015281019 0.00024951372 0.026570689 0.004119072 0.000844841 0.00036824725 0.019086493 0.0002816029 0.00012123481 0.00025672704 0.00020733998 0.00016859725 0.00014304502 0.0016903485 0.00049581804 9.57322e-05 2.9047753e-05 0.0022099167 0.0007955332 1.1744301e-05 8.4748933e-07 3.5414885e-06 0.0027621286 0.00096748455 3.1388256e-05 0.00055677304 7.460887e-07 0.00087053265 0.00078012794 0.0019802095 6.1149726e-06 0.00035827854 8.5762974e-07 3.3719045e-06 2.724172e-08 4.023281e-05 8.428254e-06 1.4397292e-06 0.00014618956 1.4492683e-05 2.5675176e-08 4.7152594e-06 2.520772e-06 3.4441757e-06 4.518234e-06 3.9830747e-06
0.9127043 0.024882449 0.033254374 0.13313463 0.45543593 0.35653883 0.0011124002 0.00064709707 0.7177722 0.000870678 0.0014395199 0.85386556 0.00071661273 0.0010230794 0.0008993384 0.15106022 4.0884844e-19 0.0010521885 0.034038987 0.31925446 0.0322812 0.011243489 0.0004378793 0.0060328622 0.6787017 0.67244613 0.637631 0.52257293 0.096529596 7.0915303e-06 0.09403382 7.29732e-05 0.029137613 0.100150846 6.5487748e-06 0.078840286 0.44546464 0.000643454 0.003254822 0.0054275747 0.009199263 0.00041445106 0.017767556 0.0046538766 0.05511127 0.13732542 0.016209373 0.021405067 0.4127049 0.0010850477 0.0042717434 3.4083637e-06 0.007843174 0.004307699 1.0015312e-05 8.0070895e-05 0.004776829 0.1322328 0.14099471 4.2777727e-05 0.0070598405 0.0038060762 9.041891e-07 7.7850063e-07 2.1555374e-05 7.627808e-07 1.1625252e-06 4.0397463e-06 0.00056707417 0.01360727 5.729586e-08 2.8863866e-07 0.026012966 0.00240333 2.061836e-07 5.5235554e-09 1.1791263e-08 0.00044044727 0.02446474 3.4866227e-06 7.762188e-05 2.736132e-07 0.016932016 0.00048467735 0.0025099532 4.99283e-07 2.0220876e-05 5.971786e-08 1.465218e-07 6.1468086e-08 1.9853205e-06 2.7921337e-07 5.5633325e-07 0.00040044956 4.3862968e-07 2.6945796e-10 3.97722e-07 8.829311e-09 4.576885e-08 1.8086031e-06 1.5419715e-07
0.8740479 0.012509796 0.0037117584 0.13172612 0.032110065 0.00064602605 0.04987309 0.08263938 0.00078752526 0.3850828 0.35035384 0.01787358 0.6512629 0.80563664 0.9164482 3.8672373e-05 0.0010521885 1.7737108e-16 7.948021e-05 2.006037e-06 6.0146973e-05 4.1253734e-05 0.80779254 2.0047526e-05 0.00015816209 0.0036229517 3.171748e-05 0.009261091 2.7892688e-06 0.0056205993 1.9624379e-06 0.0053387675 0.6917728 7.3091987e-06 0.0024430403 5.893928e-06 0.00013058449 0.00056301977 2.6352868e-06 0.6275409 9.2691573e-07 0.055182293 5.416788e-07 0.0006710139 8.763655e-06 3.3541222e-05 0.38643083 9.181119e-07 0.08080489 2.3334746e-06 0.00025603294 6.7542196e-08 2.969099e-06 2.17174e-06 1.4661111e-07 4.957568e-05 0.03046605 0.0013817612 0.062144045 4.075332e-07 0.03166112 1.7926564e-05 9.915939e-08 3.1880148e-07 1.180664e-05 1.841683e-07 1.4165481e-07 1.3635106e-07 1.3985676e-05 0.023803664 4.98663e-07 6.330822e-08 0.0007593181 1.7825733e-06 7.576182e-07 1.5305949e-09 8.3615326e-08 1.1232909e-05 0.0014005458 2.8758987e-07 4.043448e-07 1.5518543e-07 0.01004261 4.920299e-06 1.572209e-05 1.5768097e-07 3.5661685e-06 1.1747534e-08 6.331861e-08 5.94398e-08 1.9382583e-06 1.0350092e-06 2.4154687e-07 6.0905923e-06 8.423991e-07 1.339725e-09 1.6778195e-06 9.0858885e-07 7.703603e-07 6.368032e-06 9.698147e-07
0.8170755 0.07438174 0.18103671 0.0046512187 0.017871296 0.9212859 0.0002794621 0.00020387529 0.15412569 0.00048739795 0.0003962807 0.012699831 0.00028478572 0.00026440778 0.00029957612 0.5416336 0.034038987 7.948021e-05 1.1721935e-18 0.40438768 0.7678176 0.87623084 0.00014997553 0.8533719 0.00018332133 0.035023365 0.036821656 0.010655568 0.076878734 1.3422376e-06 0.05167759 0.00032905515 0.00026856005 0.053490296 9.996403e-07 0.056741804 0.055819258 0.023921426 0.091215484 0.00023034932 0.041690893 8.292441e-05 0.0769201 0.37458205 0.017235233 0.024006281 0.00043179252 0.04727832 0.012468787 0.52744466 0.5206349 0.004275138 0.021833036 0.01678944 0.11519301 0.0010924316 0.00031392105 0.014228401 0.0038701266 0.11712123 0.0010634091 0.6538791 0.0023167373 0.0025743463 0.02400682 0.00055263255 0.0010188016 0.0122750625 0.18332326 0.0016425776 0.000961348 0.00013200213 0.0042211483 0.0018329528 4.9140385e-06 0.0002461695 3.08937e-05 0.12406356 0.0014161078 0.006305348 0.086878456 0.008426829 0.0030694122 0.00088772224 0.0041164705 0.0010737989 0.023166958 4.3639036e-05 0.0017735374 1.1127439e-05 0.00031111855 0.00017440938 3.6499878e-05 0.00037724647 0.00029592193 1.3520278e-07 3.270574e-05 2.6988886e-05 2.6633772e-06 3.4349207e-05 1.3440788e-05
0.85037357 0.0015329405 0.006661798 0.0007580284 0.022085227 0.61819065 2.5545694e-05 9.774466e-06 0.42514208 2.1202295e-05 1.1213707e-05 0.08546905 2.0979044e-06 2.4228689e-06 3.983079e-06 0.9444568 0.31925446 2.006037e-06 0.40438768 4.7328214e-19 0.6006139 0.32464272 4.077053e-06 0.3926233 0.012411343 0.1477347 0.49923036 0.103354186 0.6208806 1.2504152e-07 0.59914106 5.481013e-06 8.4911626e-05 0.48556057 8.0884e-08 0.45810932 0.40236908 0.00028100575 0.30360132 0.00016515538 0.2211396 8.8172106e-07 0.27330565 0.003268471 0.10934217 0.101377 0.00030028605 0.21621247 0.062093955 0.0068361675 0.006537534 0.0018379154 0.026970133 0.026243713 0.0002557474 6.415594e-05 0.00019886253 0.09317216 0.010969547 0.00018985297 0.0002376607 0.012777344 2.6401683e-05 1.9324783e-05 0.00010001611 4.237582e-05 1.949088e-05 8.827481e-06 0.00084618153 0.0012699922 4.698337e-06 1.9151481e-05 0.004830137 0.0015883405 4.2157592e-07 1.4987936e-07 1.152731e-07 0.0007052313 0.0028988782 1.5364574e-06 0.0002682166 5.114147e-07 0.0020367522 0.00073705375 0.0016193689 2.9012148e-07 0.000102348866 5.535951e-08 1.7891643e-06 3.3566486e-08 1.3191398e-05 2.9371367e-06 2.5145593e-07 0.00023176022 2.2917397e-06 2.3363238e-09 9.840307e-07 5.6208376e-07 1.6419189e-06 1.726298e-06 1.4130393e-06
0.202105 0.001361265 0.0021734424 0.00128389 0.005774448 0.6852576 6.5459746e-05 3.7791302e-05 0.16660553 6.0706527e-05 0.00017774571 0.009350333 4.6772915e-05 4.7812056e-05 6.402471e-05 0.9187881 0.0322812 6.0146973e-05 0.7678176 0.6006139 3.8819604e-19 0.93412566 3.3311833e-05 0.88710433 0.0016036469 0.013462612 0.06981701 0.012823617 0.14199485 1.679036e-06 0.12860554 3.074785e-05 0.00022836411 0.10165975 1.9878628e-06 0.08308713 0.049678996 0.00031975773 0.23501252 0.00039166887 0.11569488 1.0617219e-05 0.09347433 0.0030513706 0.019137146 0.024728417 0.00056532526 0.044572327 0.011932635 0.04415311 0.013308109 0.016544009 0.017515682 0.018073723 0.00439838 0.00022982465 0.00015465733 0.01857232 0.0019307055 0.0019318392 0.00027409836 0.029493045 0.0007134889 0.00056063064 0.0003190988 0.0014948366 0.00043488728 0.00039265005 0.0025490671 0.00026144524 0.00050850556 0.00039620433 0.002114893 0.0012491633 8.39275e-05 1.8271663e-05 3.552396e-05 0.0030905476 0.0009395679 0.00010065347 0.00044657916 2.0378236e-06 0.00085828523 0.0015802608 0.002590748 2.9499168e-05 0.00073879096 2.534437e-06 6.4838714e-06 3.729216e-08 4.507309e-05 1.5551774e-05 5.2002304e-07 0.00024112815 2.7115379e-05 4.1128143e-07 5.8302808e-06 9.44016e-06 7.011392e-06 3.0675844e-06 8.775582e-06
0.18269075 0.0012336063 0.0012299529 0.00062509865 0.0031422405 0.5759752 8.63361e-05 4.7331523e-05 0.08788049 5.715128e-05 0.00022399351 0.004886141 3.770922e-05 3.532107e-05 4.99666e-05 0.60179824 0.011243489 4.1253734e-05 0.87623084 0.32464272 0.93412566 6.2567056e-20 2.6304846e-05 0.9162454 0.0009604925 0.0059703724 0.021164872 0.007487418 0.064064965 2.2114482e-06 0.059436496 3.4013585e-05 9.0041925e-05 0.03918564 2.2349484e-06 0.038269866 0.02819376 0.00035588013 0.15335351 0.00014787907 0.056866154 1.3135357e-05 0.05518994 0.0026535545 0.010001759 0.014281256 0.00029849698 0.03223238 0.0060830694 0.06816398 0.015893929 0.0096296705 0.012772366 0.012520927 0.008647805 0.00017645197 0.00016517963 0.011342624 0.0016785606 0.0043023634 0.00050291285 0.052276973 0.00089463306 0.000710611 0.0006420754 0.0012258852 0.00055470207 0.0005951624 0.004569145 0.00034512582 0.0006379743 0.00029904634 0.0024715916 0.0014089501 9.193718e-05 2.878857e-05 6.3804124e-05 0.0048973043 0.0008793967 0.00018654754 0.00080755446 1.2060995e-05 0.0015446844 0.0014738258 0.0031734654 5.5162815e-05 0.0013547837 2.8262227e-06 5.9308204e-06 8.484998e-08 6.8138936e-05 1.6539581e-05 8.4547526e-07 0.0003153764 3.8345523e-05 4.0151698e-07 9.1053325e-06 1.3375895e-05 6.238649e-06 6.1133574e-06 1.2431539e-05
0.8606948 0.02484434 0.010772314 0.16563722 0.024568709 0.0007460731 0.4134286 0.49461532 0.0005066798 0.7677633 0.84610903 0.004762473 0.87271947 0.82474 0.84506613 3.324439e-05 0.0004378793 0.80779254 0.00014997553 4.077053e-06 3.3311833e-05 2.6304846e-05 4.300867e-15 9.910229e-06 8.128603e-06 0.0002973761 1.4994455e-05 0.0002687945 6.358538e-07 0.39911774 3.5507563e-07 0.062387004 0.37813643 1.7946209e-06 0.19408293 1.539843e-06 3.4474408e-05 0.004754418 5.179203e-08 0.7571977 1.2207065e-07 0.9047152 1.4919397e-07 0.0018653732 3.0345102e-06 1.25079105e-05 0.2780835 2.1764745e-07 0.009139358 7.24988e-07 0.00021596518 2.0380575e-09 3.0846653e-07 1.3013587e-07 3.2253e-08 0.0011536314 0.40369806 9.555879e-05 0.03765503 3.0309542e-07 0.3591385 1.0617473e-05 1.9850079e-08 1.9654399e-08 3.0147816e-05 1.1113709e-08 2.8464095e-08 5.8703616e-08 5.9600216e-06 0.14388128 3.4756603e-08 2.9799334e-09 0.0004584006 1.2666264e-07 4.7005773e-08 5.15225e-10 1.0313084e-08 1.052228e-06 0.00077258825 7.222528e-08 2.2444544e-07 4.8887205e-07 0.019820692 3.961221e-08 1.9406173e-07 2.3492657e-08 1.3873927e-07 2.054677e-09 7.378281e-08 1.1854725e-07 1.0734194e-06 3.5870466e-06 4.442631e-08 1.8493331e-06 1.9655498e-07 5.5387387e-12 2.541164e-07 1.6217548e-08 2.4426168e-08 2.5344914e-07 1.3552655e-07
0.4590689 0.00057638896 0.00053522893 0.00019099344 0.00083732913 0.3048983 3.0784762e-05 2.2275888e-05 0.03727791 5.3527816e-05 7.2941264e-05 0.0024168873 1.9434585e-05 1.2781126e-05 1.7179264e-05 0.49082458 0.0060328622 2.0047526e-05 0.8533719 0.3926233 0.88710433 0.9162454 9.910229e-06 4.1190107e-19 0.00094278215 0.00801199 0.025723297 0.009943307 0.08800776 3.7426247e-07 0.08474866 9.7082475e-06 3.4498316e-05 0.072119035 2.3399676e-07 0.08726096 0.067091934 0.00023894773 0.3605448 0.00015203265 0.15627296 3.192105e-06 0.13977528 0.0018759407 0.025658915 0.042780716 0.00030465206 0.089642085 0.009873303 0.31468982 0.0278582 0.24572466 0.038232855 0.041110545 0.076006 0.00018334057 8.806421e-05 0.047512032 0.0016615808 0.020842161 0.00017132676 0.11578866 0.005164387 0.0035681387 0.00103756 0.010103043 0.0014329905 0.0032919154 0.009719017 0.00020593002 0.002460667 0.0020616513 0.004565453 0.004198075 0.0008313508 0.0004365615 0.0007098717 0.009719615 0.001318658 0.00038453774 0.0018834976 3.3862336e-05 0.001358969 0.0034418858 0.0034258934 0.00019044739 0.004016444 1.7742976e-05 1.8232136e-05 3.183998e-07 6.0805727e-05 3.5461777e-05 2.5577324e-06 0.00045260644 4.2567815e-05 1.507068e-05 9.606817e-06 1.2321077e-05 5.1062166e-06 8.40343e-06 1.2761055e-05
0.25375584 0.0004936512 2.6088122e-05 0.0110278195 0.049551766 0.009532402 1.5173638e-05 1.0837833e-05 0.07474074 2.930988e-05 2.2866105e-05 0.2704672 7.825232e-05 0.00014773924 0.00013999135 0.011493201 0.6787017 0.00015816209 0.00018332133 0.012411343 0.0016036469 0.0009604925 8.128603e-06 0.00094278215 9.112067e-28 0.8366952 0.8616922 0.843419 0.065966256 3.9507802e-07 0.079121426 5.348225e-07 0.014622308 0.19446732 3.2927719e-07 0.08491543 0.7718537 6.807333e-07 0.02285897 0.0012475174 0.020081656 4.286771e-06 0.01793882 1.2265863e-06 0.10243019 0.16377807 0.0068982528 0.012609157 0.19759199 4.835434e-05 1.4270076e-07 0.00020262021 0.008498289 0.00676261 8.720198e-07 6.73811e-08 0.00058097776 0.10936046 0.022450741 1.2304871e-07 0.00081525435 2.904333e-06 2.3633488e-06 0.00012206234 7.50487e-08 1.5105272e-05 1.2092212e-06 1.0340876e-08 1.0509978e-07 0.0012473194 2.8671096e-08 7.096943e-06 0.02950963 0.001873234 2.732956e-07 6.3828702e-09 8.5400185e-09 3.3963042e-07 0.039158657 2.5262612e-08 1.6350178e-07 1.3759229e-14 0.021757046 0.00040422956 0.0011737406 2.8530247e-08 1.5481129e-07 4.70305e-09 1.2404408e-09 1.8130531e-12 8.186616e-08 3.6108057e-09 3.275655e-11 0.0018761946 7.2088855e-09 1.1856913e-08 7.4276294e-08 5.7517338e-09 4.0626427e-09 5.535515e-09 6.1253753e-09
0.94591016 0.02722421 0.031416442 0.110359825 0.24058472 0.09332331 0.003251516 0.0024271095 0.28549856 0.0056060767 0.00584307 0.45139349 0.004390024 0.006090241 0.0023962078 0.046035938 0.67244613 0.0036229517 0.035023365 0.1477347 0.013462612 0.0059703724 0.0002973761 0.00801199 0.8366952 1.602787e-16 0.41213545 0.86227864 0.033730306 4.4318895e-05 0.02378707 3.476279e-05 0.045161154 0.0448795 0.0001951356 0.03389912 0.43671513 0.00020419227 0.007908987 0.0046019433 0.003120979 0.0004713556 0.0023629277 0.0005147934 0.043165322 0.11224467 0.025031943 0.0038627665 0.55941486 0.0006293666 0.00042720058 1.6007689e-05 0.0042846194 0.002123609 1.4385125e-05 6.426549e-05 0.008428645 0.11168583 0.1275498 4.7639784e-05 0.0064750914 0.0014438591 1.8258364e-06 2.671895e-06 1.1975115e-05 3.6062396e-05 1.2380813e-06 4.7164376e-06 0.00013375429 0.021525636 2.5052455e-07 1.1545608e-05 0.014490306 0.0005508212 1.6233611e-06 4.646432e-09 4.5185185e-08 0.00015068462 0.034332007 3.218516e-06 3.404068e-05 1.188002e-07 0.03333759 0.00040002225 0.0013919206 6.354949e-07 1.4063772e-05 5.2473748e-08 2.3922595e-07 3.942738e-08 1.073146e-06 3.4402805e-07 2.7010606e-06 0.00070027786 1.9683457e-06 7.453252e-10 1.254642e-06 3.368753e-07 2.7773123e-07 2.3114085e-06 5.770002e-07
0.9190837 0.006379673 0.011849408 0.009455231 0.060025208 0.08548487 0.00026403033 0.00014085713 0.23453382 0.00017055876 0.00013458317 0.1390034 4.379789e-05 7.1349845e-05 4.857694e-05 0.1536926 0.637631 3.171748e-05 0.036821656 0.49923036 0.06981701 0.021164872 1.4994455e-05 0.025723297 0.8616922 0.41213545 4.8384813e-19 0.3976481 0.35514247 1.0548504e-06 0.36426422 4.004039e-07 0.0006215359 0.4529609 1.0854812e-06 0.39680225 0.834277 0.00012443122 0.09678991 0.00018670593 0.1200975 3.4361212e-06 0.116364 0.0013200043 0.371749 0.4544747 0.000982887 0.12979902 0.25149834 0.0020270315 0.0022508786 0.00023314398 0.052345883 0.03827266 6.355974e-05 0.00015842023 0.0004234611 0.19585101 0.021347817 0.00011381215 0.00079508417 0.00779417 2.0490477e-05 2.1698384e-05 5.0706727e-05 0.00017484039 1.1361894e-05 1.3975105e-05 0.00079380756 0.0020915999 1.1625995e-06 0.00014694547 0.011855191 0.0021841768 2.9011844e-05 4.2406846e-08 2.278743e-07 0.0006579292 0.01517921 4.539207e-06 0.00012867956 2.906701e-07 0.009538754 0.0018495563 0.0038703827 5.41245e-07 2.8850713e-05 7.943599e-08 1.2974566e-07 1.1907407e-08 5.887145e-07 4.2007414e-07 5.979101e-07 0.002534326 1.5793659e-06 9.548564e-09 1.914243e-06 2.0091453e-07 2.975969e-07 1.3604264e-06 8.541925e-07
0.96695465 0.019863699 0.019937607 0.112482265 0.2313012 0.05121276 0.005770938 0.004368801 0.21776512 0.009809973 0.007772152 0.42625004 0.010112426 0.013951029 0.0070447945 0.035977397 0.52257293 0.009261091 0.010655568 0.103354186 0.012823617 0.007487418 0.0002687945 0.009943307 0.843419 0.86227864 0.3976481 7.401482e-19 0.02850788 8.4326646e-05 0.019869411 5.3639633e-05 0.062609725 0.047989115 0.0004355977 0.034383968 0.4486567 0.00023490578 0.011476092 0.005392031 0.0042474912 0.00031265244 0.0021001196 0.00036588538 0.056879632 0.13304818 0.04078319 0.004543458 0.70281667 0.00028561283 0.00031229455 3.1235428e-05 0.0039170175 0.0014587363 2.4313244e-06 0.00014221093 0.01064661 0.14375907 0.20787334 1.4711745e-05 0.004366269 0.00021299199 1.5107757e-06 4.4627855e-06 7.956443e-06 4.0269435e-05 2.7014264e-06 1.0501108e-06 3.5606517e-05 0.022681227 4.761362e-07 1.3243797e-05 0.021632915 0.0005037173 1.2756742e-06 2.683461e-09 7.424372e-08 4.1378244e-05 0.036013953 2.3276161e-06 4.9570244e-05 1.13328156e-07 0.059827466 0.00030712524 0.00051046634 8.5652954e-07 1.0064804e-05 4.24151e-08 1.1415668e-07 1.638623e-08 2.0197758e-06 5.2977407e-07 5.7192227e-07 0.00040299824 1.4375437e-06 6.923834e-10 7.455033e-07 2.9125948e-07 6.366605e-08 2.0542257e-06 1.8831633e-07
0.89969116 0.0007213122 0.0019146057 0.00014557394 0.0019353741 0.05725138 2.7665139e-05 1.3461519e-05 0.08955234 9.611417e-06 1.5667085e-05 0.0070796753 1.3848367e-06 1.3534914e-06 1.9327815e-06 0.2516295 0.096529596 2.7892688e-06 0.076878734 0.6208806 0.14199485 0.064064965 6.358538e-07 0.08800776 0.065966256 0.033730306 0.35514247 0.02850788 4.683092e-19 4.864613e-08 0.90912783 9.638867e-07 2.6065318e-05 0.64105314 5.748261e-08 0.6576785 0.33633366 0.00023280026 0.6219386 2.5027668e-05 0.482063 1.2289661e-07 0.3757173 0.0015208261 0.2800357 0.23960061 0.0001846163 0.38163307 0.018879205 0.009820906 0.0122744 0.011961482 0.07667019 0.07067552 0.0011668327 3.662991e-05 2.8237295e-05 0.063315146 0.0036652575 0.0009870238 0.00017195007 0.028218301 0.00019019311 0.00023513146 0.00016970564 0.0011770917 8.519837e-05 0.000113786984 0.0033234328 0.0005758052 4.6709174e-05 0.00047434238 0.0062634787 0.0021729157 4.301139e-05 1.2254756e-06 2.6211028e-06 0.00235199 0.0036055555 1.4272227e-05 0.0026734537 2.1338049e-06 0.0031447255 0.0022963604 0.0029078156 3.6216438e-06 0.0002013266 6.326854e-07 1.1792849e-06 7.421229e-08 1.146413e-05 2.1027217e-06 2.010367e-06 0.0013416861 4.872158e-06 2.0063975e-07 3.2383068e-06 4.8108626e-07 4.020138e-06 3.34847e-06 3.4061284e-06
0.03822706 0.00026210307 8.406962e-05 0.0015855604 0.00020532758 3.600123e-05 0.011424355 0.011873538 2.6427351e-05 0.028527223 0.019576248 0.0003517224 0.021810966 0.009806124 0.009608293 2.8268726e-06 7.0915303e-06 0.0056205993 1.3422376e-06 1.2504152e-07 1.679036e-06 2.2114482e-06 0.39911774 3.7426247e-07 3.9507802e-07 4.4318895e-05 1.0548504e-06 8.4326646e-05 4.864613e-08 1.1266511e-18 6.2023965e-08 0.014938094 0.0035733916 2.9635444e-07 0.9809061 3.2513452e-07 6.695583e-06 0.0006371049 2.368964e-09 0.0077330917 9.812193e-09 0.87267 2.2378018e-08 0.0001818661 2.739281e-07 1.0243e-06 0.0020149634 2.8931758e-08 0.001820457 1.7141393e-07 0.0001380891 2.989667e-10 1.6744066e-08 1.5415356e-08 5.275625e-08 0.0028384186 0.090659305 2.604056e-06 0.0034917595 6.9544804e-08 0.035004523 2.6854607e-07 3.5295036e-09 3.879789e-09 2.7097802e-05 1.2416124e-09 2.2186512e-08 1.2359942e-08 6.6443586e-06 0.18003723 1.3454561e-09 4.1739553e-10 8.54873e-07 1.5017938e-11 1.12214096e-07 7.198902e-11 1.7147409e-09 1.734522e-07 2.3273753e-05 3.6379685e-08 5.2649995e-08 2.47329e-07 0.003484768 1.3135957e-11 1.8411475e-09 7.2494375e-09 2.3582894e-08 8.2216595e-10 2.08392e-08 2.316084e-08 5.4323226e-07 2.9382338e-07 3.8851375e-08 1.2804946e-10 1.9955262e-07 9.339151e-14 5.1614444e-07 6.3738432e-09 3.1221532e-08 1.8720935e-07 9.40037e-08
0.8712666 0.00053819333 0.0012965369 9.492318e-05 0.0015931693 0.04480521 2.0757869e-05 9.271708e-06 0.07037932 6.5760178e-06 1.4856911e-05 0.006066622 1.0244416e-06 8.547091e-07 1.3753512e-06 0.21136323 0.09403382 1.9624379e-06 0.05167759 0.59914106 0.12860554 0.059436496 3.5507563e-07 0.08474866 0.079121426 0.02378707 0.36426422 0.019869411 0.90912783 6.2023965e-08 7.703457e-20 5.598657e-07 2.574993e-05 0.7144022 6.502634e-08 0.6984585 0.2885157 0.00013667335 0.6544951 1.4818139e-05 0.5063446 5.780717e-08 0.36949065 0.0008281369 0.30271432 0.20780127 9.838768e-05 0.36947668 0.01199497 0.007428396 0.0051416685 0.011844896 0.061752886 0.05564071 0.00064104324 2.4396177e-05 2.3292316e-05 0.06595405 0.002612177 0.0005596718 0.00013407946 0.017727138 0.00021938389 0.00023408773 0.00011165203 0.001731146 0.00011272321 5.2354313e-05 0.0016274365 0.00026903226 4.2221447e-05 0.0006039537 0.00445551 0.001602094 6.554195e-05 7.036414e-07 3.533564e-06 0.0014068896 0.0032839135 1.1783457e-05 0.0015550412 5.4950107e-07 0.0023451452 0.0021274015 0.002822506 2.3141877e-06 6.8295405e-05 6.7366227e-07 5.697729e-07 8.813461e-09 5.5327846e-06 1.5168984e-06 6.4987256e-07 0.0011582437 3.0552494e-06 1.8305202e-07 2.6286505e-06 2.8035808e-07 3.5415596e-06 1.0299618e-06 2.4886376e-06
