1.7637949e-28 0.7093408 0.8742046 0.53365225 0.7290393 0.7249427 0.7027054 0.4415146 0.39156428 0.51594114 0.6021673 0.1894422 0.6392164 0.7258894 0.9548127 0.5529772 0.7780203 0.08909536 0.2888477 0.10185678 0.69290924 0.7437419 0.6102711 0.7072938 0.9152244 0.90805 0.8534348 0.6507583 0.29589212 0.75145763 0.11316031 0.76659155 0.5666729 0.3426051 0.5762304 0.63556224 0.017179446 0.5248439 0.074984804 0.83110625 0.9887814 0.75206405 0.97919774 0.89446735 0.9931099 0.9937408 0.9194416 0.9948844 0.23811138 0.9224456 0.3701409 0.13598177 0.2890026 0.0062494692 0.9928129 0.6226338 0.030150585 0.039684948 0.9325363 0.11146859 0.00994153 0.004744641 0.9998596 0.001449332 0.26518813 0.27482072 0.011426485 0.0014919691 0.047576837 0.00020605534 0.0035270948 0.11580908 0.0019052908 0.99946576 2.878798e-06 0.9983077 0.0003368588 5.2849384e-07 0.003154501 0.0028318213 7.154549e-08 0.9998452 0.99999386 0.00044058065 0.9123622 0.26339406 0.00035847214 0.00025276566 9.618396e-06 2.078457e-07 6.8213474e-08 0.0075127417 0.9993681 3.4307468e-05 0.0039132354 0.9999152 0.00012130675 0.64269096 9.6315205e-08 0.0036341324 0.0019388887
0.7093408 6.290806e-21 0.69570214 0.94367844 0.56460834 0.65083784 0.7855225 0.20354278 0.39815697 0.42531022 0.063029625 0.04269268 0.11770604 0.008854757 0.14750363 0.094464704 0.21305929 0.03013665 0.021642465 0.012775541 0.051059 0.030326672 0.015120631 0.01191382 0.0037127156 0.010749551 0.02362375 0.021194533 0.027824966 0.0045362865 0.0068007447 0.0014328368 0.010019057 2.2973209e-05 0.0025182082 0.0029496746 0.004472586 0.00871642 0.0063685463 0.00056301063 0.00856112 0.0006887176 0.00043107703 8.401712e-05 0.025222743 0.018868003 0.00195653 0.0027889328 0.0019596252 7.86811e-05 0.00043976188 0.0004768267 6.67409e-05 0.0019437913 0.0012875863 0.00024505478 5.2300216e-05 0.0009206555 3.099912e-05 3.09621e-05 1.3391887e-05 0.0014999934 0.0016714776 5.5512068e-05 0.0002634508 4.9309247e-06 5.5629134e-05 1.7411929e-05 1.1369667e-05 3.2693268e-05 4.031227e-07 3.2454855e-06 1.1474483e-06 0.0012828553 2.0961255e-05 0.0058715697 5.929913e-07 1.9033747e-05 1.680936e-06 2.382054e-07 1.0857997e-05 0.0007990856 9.468413e-05 2.568877e-06 2.9425664e-05 9.7105755e-09 4.2113207e-08 3.7157633e-07 1.3412145e-07 4.272148e-06 2.5061823e-07 7.334573e-06 2.4658973e-05 1.8863275e-08 2.4504238e-06 0.0019725908 2.0835543e-08 5.4417107e-08 8.722619e-07 3.377068e-07 1.5600394e-07
0.8742046 0.69570214 3.029924e-19 0.27913556 0.846497 0.8982666 0.1481373 0.7074126 0.082672484 0.6749032 0.87717485 0.4711244 0.004335845 0.21000709 0.11378628 0.75875753 0.08752913 0.38293138 0.011134457 0.27103558 0.018145595 0.01834533 0.0037993817 0.02318913 0.003066055 0.0036110182 0.007222157 0.00484274 0.4303515 0.01590054 0.10277166 0.001057674 0.043091893 1.0901095e-05 0.009401636 0.00024257568 0.020263093 0.036310706 0.03742559 0.0002812296 0.0031618169 0.0003484414 0.0013403668 0.0004826959 0.0067976196 0.002879129 0.0011032284 0.0021573936 0.0022603134 9.527334e-05 0.000669394 0.0004295732 5.8602967e-05 0.010040628 0.0008933491 0.00023303794 8.608691e-05 0.0026371828 1.4353963e-05 1.7423956e-05 2.0944371e-05 0.00438023 0.0007351066 0.0012644343 0.00040745907 1.0563508e-05 0.00014120467 0.00034219274 2.0925643e-05 3.217999e-05 1.9099489e-06 3.5823668e-06 1.6053524e-05 0.00078147417 3.0045461e-05 0.0022005392 4.243594e-06 0.00012538013 3.8586677e-07 3.240993e-07 3.6523175e-05 0.0015489926 0.00038536574 0.00012308036 2.537067e-05 1.3653251e-06 2.0656364e-07 2.752844e-07 1.9516594e-06 4.4533663e-05 1.046355e-06 1.8253046e-05 1.2958528e-05 3.43253e-07 6.61883e-05 0.0013195978 4.6622827e-07 1.8462552e-07 5.537572e-06 3.7694073e-07 2.632102e-06
0.53365225 0.94367844 0.27913556 3.757607e-18 0.3819917 0.32475784 0.9873405 0.15007098 0.21490514 0.18637235 0.014534865 0.027216498 0.05791729 0.007565086 0.37625322 0.019365828 0.070235506 0.006834499 0.014934119 0.0025484012 0.22509784 0.15197967 0.039014135 0.0049495893 0.0029645045 0.06733387 0.10215171 0.013295137 0.0011639646 0.0029462478 0.0007061476 0.008533633 0.0008006562 0.00045267548 0.0009710155 0.0033932002 0.0005592529 0.0004918948 0.0002854029 0.00080708443 0.034419842 0.00032523985 0.0026270929 0.00039279595 0.051298793 0.027309943 0.0040579448 0.006393237 0.00042026033 0.000175561 0.000142239 0.00021891261 8.205028e-05 4.1588435e-05 0.02371084 0.00011413596 0.00035311232 9.766503e-05 6.816162e-05 2.36945e-05 6.811276e-05 1.5739131e-05 0.0048122443 1.7685892e-05 0.00033119094 1.4319017e-05 3.1297523e-06 5.2379705e-06 6.5344884e-06 2.667658e-06 2.6269498e-07 1.456339e-06 1.42456e-07 0.0078197 7.1515205e-06 0.05895502 1.0990546e-07 5.786918e-06 3.5755693e-07 1.3402605e-07 1.0579781e-05 0.0031096386 0.001172789 2.0999412e-05 0.00024704696 5.089441e-07 3.4909615e-08 3.7852726e-07 1.11999626e-07 1.9606343e-06 1.3095932e-07 1.0980251e-06 0.00024556665 1.15413805e-07 5.342172e-06 0.010445053 1.530322e-07 1.06263045e-07 5.132384e-06 1.4594278e-07 6.176775e-07
0.7290393 0.56460834 0.846497 0.3819917 5.621154e-20 0.37073973 0.22113985 0.9687439 0.015488096 0.13488415 0.6125196 0.5893602 0.0012532405 0.2774747 0.43872848 0.28426585 0.004555742 0.06616584 0.0018474198 0.038114283 0.040773723 0.08572339 0.004340619 0.0058142594 0.0004940709 0.021272637 0.010212073 0.0036432464 0.15222523 0.002825758 0.08131602 0.0042362856 0.006195279 0.00038973807 0.0010207385 0.00021020301 0.012897991 0.006072049 0.0074503827 0.00018849484 0.0070216306 9.027106e-05 0.002342054 0.0016205616 0.015502895 0.0036591978 0.00093865755 0.0016001418 0.00020571821 3.1945674e-05 7.3411975e-05 7.385363e-06 2.5897918e-05 0.0020317528 0.004376662 6.399858e-05 0.00011227164 0.00026277482 1.0059536e-05 1.1476425e-05 4.548699e-05 0.001725356 0.0014894208 0.00015694009 0.00043026896 5.8114506e-06 4.796608e-06 0.0016306033 9.989923e-07 2.9475967e-05 1.9190348e-07 6.9111843e-07 2.048607e-06 0.0023464493 9.3553235e-06 0.005022131 1.371469e-06 4.2313713e-05 5.8128695e-08 9.251155e-08 1.6304726e-05 0.0028153644 0.00038719812 0.00016622923 2.9114812e-05 6.343054e-06 6.812389e-08 1.4316531e-07 1.7464298e-07 3.8233782e-05 2.8376348e-07 5.4262414e-06 3.329789e-05 2.4725875e-07 3.7540216e-05 0.0026339716 1.9871455e-07 8.7136925e-08 3.2567248e-06 1.0239528e-07 1.8600642e-06
0.7249427 0.65083784 0.8982666 0.32475784 0.37073973 2.4063847e-20 0.26537895 0.11676002 0.32752267 0.966675 0.27501637 0.043864764 0.13743278 0.008358233 0.052930035 0.4506817 0.41412777 0.16684335 0.0677571 0.115349695 0.02576318 0.014309162 0.0062730433 0.051437654 0.035139866 0.002520885 0.0077207643 0.006254304 0.17994493 0.028585818 0.021624655 0.00017130292 0.042862453 9.981067e-07 0.013396373 0.0005162811 0.005909074 0.03777861 0.025054937 0.0003288152 0.0021527177 0.0009190734 0.00075045857 0.00012578792 0.008652071 0.005555433 0.0014416658 0.0037589942 0.0037556097 0.00012708716 0.0018451192 0.0010984191 5.477598e-05 0.010097783 0.0006229298 0.0002532915 5.5321863e-05 0.0055128816 2.4025781e-05 1.5874817e-05 4.9912e-06 0.0048873825 0.003092701 0.0007777946 0.00073610694 2.3134749e-06 0.00014685384 9.049198e-05 2.8624176e-05 4.1639392e-05 1.4590387e-06 2.9760045e-06 6.454917e-06 0.0012147566 1.4907465e-05 0.004029045 3.367383e-06 1.4616383e-05 1.9564607e-07 7.5643236e-08 4.763726e-06 0.0020661007 0.00040699495 6.132013e-06 3.9492074e-06 3.7213507e-08 2.1373097e-08 5.4201028e-08 1.3703975e-07 1.5548558e-05 2.5382502e-07 2.7323576e-06 0.00010856284 1.3149589e-08 6.822279e-06 0.0020531027 2.2433746e-08 3.9514866e-08 2.1170986e-06 9.345719e-08 1.8714063e-07
0.7027054 0.7855225 0.1481373 0.9873405 0.22113985 0.26537895 1.6776939e-18 0.031290676 0.40453488 0.16949266 0.0048211715 0.008700446 0.35285747 0.000999692 0.062308382 0.007152586 0.14732856 0.004825388 0.023726305 0.0012656262 0.44798237 0.09258817 0.29921755 0.0052063023 0.003162726 0.010206816 0.29054272 0.042325925 0.0021810927 0.0020024972 0.0005147745 0.00025001797 0.0007203639 2.094579e-05 0.0005838552 0.011427379 0.0012576826 0.00042030058 0.00022180064 0.0017882648 0.016039683 0.0018818412 0.0005033581 4.832304e-05 0.04987623 0.08197162 0.013012809 0.013355521 0.0004435099 0.00050852983 0.00026933156 0.00011206882 0.00025656723 8.9982605e-05 0.004337687 0.00024223517 7.9649835e-06 9.038451e-05 0.00029729443 6.8893765e-05 1.646726e-05 4.502137e-05 0.018148087 2.8499531e-05 0.0010884637 3.1263307e-06 5.160586e-06 1.7648883e-06 1.2055199e-05 1.8374578e-06 3.0141692e-07 2.4535573e-06 5.34887e-08 0.001330136 1.1091946e-05 0.039712965 1.3933396e-07 2.5442536e-05 2.7278559e-06 6.1483826e-07 1.9072302e-05 0.00268201 0.00070468005 2.9125533e-05 1.9186597e-05 2.7007875e-08 1.09688486e-07 1.6307456e-06 1.2072818e-08 6.365458e-06 6.089918e-08 1.7508517e-06 0.00057700655 4.5592094e-07 1.2263436e-05 0.0061351084 4.2523624e-07 9.509801e-08 4.32327e-06 3.6080212e-07 4.0903055e-06
0.4415146 0.20354278 0.7074126 0.15007098 0.9687439 0.11676002 0.031290676 2.0693534e-18 0.0029953772 0.0447723 0.61927605 0.88145083 0.00047797928 0.51195294 0.4962945 0.22544675 0.0022306058 0.0733429 0.0014105431 0.03857222 0.017611602 0.03186249 0.004445232 0.003711031 0.00076267467 0.045224324 0.0063596177 0.003020193 0.0683815 0.0022426164 0.09534032 0.024944646 0.005527793 0.0018100579 0.0005626424 6.28808e-05 0.008446303 0.004852807 0.0061728302 9.662825e-05 0.010596842 0.000112257505 0.011419813 0.0036278681 0.01846345 0.0026640685 0.0010344478 0.002067379 0.000179633 1.1080791e-05 7.40652e-05 2.9789708e-05 6.3196836e-05 0.0016791506 0.010922014 6.703209e-05 0.0006780345 0.0004907069 6.1917817e-06 1.4513471e-05 0.000225864 0.0009382262 0.0006404127 0.00012013419 0.00029425762 0.00011368816 8.410702e-06 0.0014565517 7.373568e-06 1.8380337e-05 3.200776e-07 4.323422e-06 4.6954833e-06 0.009793437 4.1992756e-05 0.019135324 4.69239e-06 5.3764954e-05 7.8252316e-07 5.6998874e-07 1.47959e-05 0.0062974757 0.0014892006 0.00025305632 0.0009960381 0.0001281196 3.086581e-07 1.8512899e-06 6.490847e-07 1.5625528e-05 1.129995e-06 5.931901e-06 2.6217516e-05 1.240876e-07 0.00014522394 0.0060249944 3.8936227e-07 2.0564377e-07 3.6125853e-06 9.012701e-08 3.131469e-06
0.39156428 0.39815697 0.082672484 0.21490514 0.015488096 0.32752267 0.40453488 0.0029953772 1.86668e-21 0.6394351 0.0015770032 0.0022155785 0.9819008 0.00011812221 0.007104413 0.009023685 0.8330766 0.0052117393 0.22230698 0.0012663336 0.026510973 0.014855687 0.043926124 0.022760961 0.094409086 0.0013646139 0.02660969 0.04247306 0.0026126942 0.005165961 0.000528444 7.124139e-05 0.0028593212 1.7790901e-06 0.0030419352 0.024235863 0.0010555005 0.0013992253 0.0010605477 0.0073003834 0.0024901454 0.0054848436 0.0001324499 2.2020504e-05 0.016027527 0.024689768 0.009234395 0.018982125 0.00081490097 0.000948678 0.0010143459 0.00037838344 0.00033849938 0.0006355301 0.00048054563 0.00044503476 7.645444e-06 0.0007708929 0.0004622881 0.00021597711 8.20655e-06 0.00021674095 0.009279684 8.071391e-05 0.0020572676 4.849649e-07 6.503109e-05 5.2935266e-06 3.077593e-05 1.2387172e-05 4.1252352e-07 1.4756091e-05 6.486095e-07 0.0007236321 1.3693239e-05 0.0055248286 5.9700193e-07 1.7677361e-05 5.952992e-07 2.5559558e-07 1.3316544e-05 0.0012935488 8.019378e-05 1.383142e-06 3.257376e-05 4.499786e-08 8.8942535e-08 2.0817124e-07 9.947308e-08 9.871057e-06 5.716856e-07 6.6231896e-06 0.00033959778 7.641952e-08 2.8391385e-06 0.0016717925 6.227705e-08 1.2779238e-07 5.8268927e-07 2.023046e-07 2.5490448e-07
0.51594114 0.42531022 0.6749032 0.18637235 0.13488415 0.966675 0.16949266 0.0447723 0.6394351 3.7055312e-21 0.13593788 0.013996859 0.26180992 0.0027981596 0.026913775 0.3783796 0.8577462 0.18534152 0.44923458 0.0963089 0.015275462 0.010789905 0.012230541 0.1452832 0.20213959 0.001829251 0.007762818 0.024155667 0.12128357 0.063797385 0.0128168175 6.739386e-05 0.07565869 1.5004196e-07 0.031032067 0.0044066724 0.003076381 0.035285722 0.032147475 0.002283111 0.0019993228 0.0032336607 0.0005582871 3.6483314e-05 0.008377046 0.011701835 0.0035060744 0.006753038 0.007294092 0.0006093248 0.005943198 0.0030255467 0.00023257725 0.0075520603 0.00049571565 0.0010615939 3.5186316e-05 0.010882629 0.00015431759 0.00020632004 2.5148408e-06 0.0030390183 0.0062759398 0.00096431846 0.0028948567 1.2713432e-06 0.00042805658 4.2697593e-05 0.00017314209 4.350515e-05 7.69545e-06 2.0168703e-05 2.7610946e-05 0.0011405593 2.7078144e-05 0.005492213 1.2222547e-05 7.6852775e-06 3.1402777e-07 1.8263022e-07 1.1716793e-05 0.0022628056 0.00030909598 4.2144147e-06 6.1615633e-06 4.61412e-08 4.067716e-08 5.0271566e-08 9.649338e-08 3.477171e-05 5.677714e-07 1.7052258e-05 0.00020408597 3.9711612e-08 1.1551444e-05 0.002010957 3.8734026e-08 1.6164579e-07 2.6177481e-06 4.5239364e-07 5.1951343e-07
0.6021673 0.063029625 0.87717485 0.014534865 0.6125196 0.27501637 0.0048211715 0.61927605 0.0015770032 0.13593788 4.022136e-19 0.7105922 0.00012854305 0.7131518 0.027655255 0.95838267 0.0028109835 0.57348305 0.0022501769 0.4732734 0.004644083 0.0035636125 0.0010856936 0.017056609 0.0005333877 0.0020638457 0.0019009276 0.0008255221 0.413115 0.006163762 0.16875966 0.0033629867 0.036663722 0.00027062563 0.0028153067 7.671064e-06 0.03165494 0.019093862 0.026766868 1.8369612e-05 0.0025399441 6.257502e-06 0.0055962 0.0033718068 0.0064371917 0.00060493854 0.000119044555 0.00078941346 0.0015470793 1.0959199e-05 0.0001385216 0.00015504395 5.9321665e-06 0.004551594 0.0017645754 9.437477e-06 0.00069290656 0.0018084086 8.2732294e-07 1.3369498e-06 0.00024467157 0.0050584557 0.00011781171 0.0002102074 2.3631335e-05 9.928974e-05 6.2472966e-05 0.0014517222 1.8726185e-05 0.00013052399 2.8058275e-07 2.9443672e-06 7.938275e-06 0.0017104662 3.4826633e-05 0.004726038 4.9103755e-06 2.279969e-05 6.855282e-07 2.736132e-07 1.0498439e-05 0.0024507209 0.0005265922 0.00044586483 9.799045e-05 0.000121385434 2.9924558e-07 4.3862468e-07 1.0230328e-06 6.006468e-06 1.461402e-06 1.3713291e-06 3.84836e-05 2.2001926e-07 0.00023680733 0.003241641 9.2151186e-07 3.767796e-08 2.5439535e-06 8.680218e-08 4.1934104e-06
0.1894422 0.04269268 0.4711244 0.027216498 0.5893602 0.043864764 0.008700446 0.88145083 0.0022155785 0.013996859 0.7105922 6.72939e-19 0.00029057023 0.979668 0.44365686 0.18560652 0.00187538 0.07793859 0.0022245396 0.048540466 0.015594913 0.016406434 0.0043069446 0.006777833 0.00079131476 0.038844768 0.006548607 0.002777547 0.10320209 0.0033660159 0.14338951 0.086722374 0.014458841 0.03219197 0.0007301751 5.0279315e-05 0.016134256 0.008574889 0.0130334245 0.00018233899 0.011771742 0.00013776525 0.047565166 0.027049579 0.015995627 0.001911023 0.00018846538 0.00081315933 0.00096687255 5.116921e-06 0.00016222593 0.00013245206 0.0001427403 0.0017845841 0.03406261 0.00012947082 0.0038117173 0.00047874523 3.8401054e-06 7.729769e-06 0.0020444305 0.0011524432 0.00014754072 1.6527662e-05 0.000284676 0.0014245595 1.2440316e-05 0.002706339 3.3075237e-05 3.3278364e-05 1.7819316e-07 7.643854e-06 5.607428e-06 0.022464937 2.5761083e-05 0.02339637 5.3849544e-06 2.3850022e-05 1.2861012e-06 7.2616706e-07 9.592169e-06 0.006215851 0.0010909375 0.00091754604 0.0027913807 0.0008471897 2.2176117e-07 8.9743503e-07 2.6636644e-06 8.336376e-07 1.5666748e-06 1.4408398e-05 0.0006377772 1.8745321e-07 0.0008072677 0.009847039 4.547927e-07 4.0174204e-08 9.685853e-07 3.981197e-07 2.0322864e-06
0.6392164 0.11770604 0.004335845 0.05791729 0.0012532405 0.13743278 0.35285747 0.00047797928 0.9819008 0.26180992 0.00012854305 0.00029057023 4.6030117e-22 1.0064051e-06 0.0019610573 0.00077094836 0.6883268 0.0022017292 0.19419959 0.00017831396 0.044667475 0.005901249 0.49577987 0.020671858 0.2137644 0.00024436633 0.11318499 0.79882693 0.0001336324 0.008311463 2.3569193e-05 5.4157363e-06 0.0006332127 8.23237e-08 0.002219402 0.081329726 1.3396945e-05 0.00025563547 5.4787477e-05 0.073274136 0.0012321918 0.012019825 1.5005542e-05 6.6568873e-07 0.020816403 0.057379022 0.050191455 0.16211426 0.00056612235 0.0050314288 0.00076181215 0.0001590116 0.0008735231 1.7143717e-05 0.00021545436 0.00078363594 8.5558423e-07 0.00016839863 0.000594128 0.00014639186 1.3979054e-06 1.5645933e-06 0.03053692 1.8393805e-05 0.002055077 3.378197e-08 5.2021924e-06 1.8261908e-07 4.7545313e-06 5.4937163e-07 1.6193925e-07 3.3596687e-06 6.3196985e-08 0.00034342904 4.238556e-07 0.0101224035 4.625063e-08 5.8485575e-06 1.5095867e-07 6.594714e-08 1.9576357e-06 0.0029074943 0.00042566922 1.3437053e-06 4.8900047e-06 1.7724497e-08 1.6237015e-08 7.2794353e-07 1.7231185e-08 2.4875103e-06 3.215601e-08 4.2424367e-06 0.0010937643 2.4883846e-07 3.3232072e-06 0.0015593106 1.1300494e-07 4.2189768e-07 3.8152228e-07 1.3066216e-07 4.828618e-07
0.7258894 0.008854757 0.21000709 0.007565086 0.2774747 0.008358233 0.000999692 0.51195294 0.00011812221 0.0027981596 0.7131518 0.979668 1.0064051e-06 1.1942511e-18 0.2607476 0.34545755 0.00034521075 0.17611207 0.00027530134 0.17127243 0.007438019 0.011856197 0.000590613 0.0075564226 0.00011018592 0.029045738 0.0021892276 8.072099e-05 0.4976313 0.0026112916 0.6974057 0.11317428 0.027459444 0.050807886 0.0007531206 7.1343777e-07 0.2989425 0.059302006 0.0562101 2.3905347e-06 0.01329387 8.5800934e-07 0.08317428 0.1240454 0.009087687 0.0001569925 3.9238726e-05 0.00014665119 0.0013969433 8.739327e-08 0.00014686042 0.0007974714 5.495102e-06 0.022408407 0.05544091 2.6007587e-05 0.04322556 0.0030722807 1.5552249e-07 1.0573996e-06 0.029398937 0.03303712 5.0067152e-05 0.00037953706 3.922292e-06 0.016515104 0.0006065778 0.09505452 0.0004419907 0.00038366223 7.0846627e-06 8.459818e-05 3.195079e-05 0.05489021 0.00044717581 0.02189343 2.0170972e-05 0.000100511985 8.779378e-05 7.602423e-06 9.8105666e-05 0.019042972 0.006651202 0.0059459736 0.0064829206 0.012729673 3.6916726e-06 1.8432856e-05 3.6050756e-06 1.1157139e-05 6.914316e-07 1.5430367e-05 0.00012435921 7.518693e-07 0.004601928 0.0145551525 3.3247575e-06 4.810947e-08 7.068483e-05 2.215724e-07 9.529074e-06
0.9548127 0.14750363 0.11378628 0.37625322 0.43872848 0.052930035 0.062308382 0.4962945 0.007104413 0.026913775 0.027655255 0.44365686 0.0019610573 0.2607476 3.2670824e-18 0.02612117 0.012345784 0.00916421 0.0050389217 0.0031491595 0.27950233 0.79437995 0.019030254 0.0076087704 0.0011186488 0.93898296 0.0713244 0.016474763 0.006483584 0.0022204837 0.01780371 0.5592846 0.001516858 0.09752533 0.0003798309 0.0017445814 0.0013952305 0.00079508533 0.00048713703 0.00065958465 0.6908947 9.7092976e-05 0.34814343 0.1198212 0.3581084 0.05218198 0.011453788 0.027563164 0.00023242868 0.00012078451 3.7881327e-05 1.4754275e-05 2.4170682e-05 1.4444746e-05 0.5668354 3.0840507e-05 0.0057124826 5.8495534e-05 1.6541111e-05 7.348461e-07 0.0026716925 6.0687777e-05 0.008965194 2.1775595e-06 6.499408e-05 0.0063909506 6.620437e-06 0.00045517026 9.4109873e-07 8.747381e-06 3.5188933e-07 6.796014e-07 1.5223824e-06 0.44661778 4.3944974e-06 0.33058906 9.601682e-07 1.769227e-05 1.707599e-06 6.261513e-06 9.6618805e-06 0.020338729 0.034926895 0.00038886763 0.019693218 0.004180442 3.7918988e-07 3.1244972e-06 1.2879497e-06 1.6463596e-06 2.81359e-07 8.4989813e-07 0.00012945589 2.0481468e-07 0.00049975823 0.39806727 5.582529e-07 1.7479626e-07 7.6511915e-06 1.3626708e-07 3.4800455e-06
0.5529772 0.094464704 0.75875753 0.019365828 0.28426585 0.4506817 0.007152586 0.22544675 0.009023685 0.3783796 0.95838267 0.18560652 0.00077094836 0.34545755 0.02612117 2.2424574e-21 0.062280547 0.88994026 0.030061753 0.7961316 0.0085596265 0.00631205 0.0018398057 0.11337451 0.006812949 0.0013867328 0.0033726527 0.0021976365 0.57079935 0.03966849 0.107435785 0.0035748398 0.19425449 0.00010319971 0.020110495 0.00012620236 0.036420424 0.08994204 0.10455286 0.00020620985 0.0021065667 5.733088e-05 0.0023772693 0.0018078361 0.0061810953 0.0011044495 0.00068909174 0.0014942195 0.005981477 1.8823857e-05 0.0010936068 0.0015459253 1.5568943e-05 0.008013447 0.0005260335 7.54535e-05 0.0002195907 0.006604952 1.8026227e-06 6.295505e-06 0.00016894781 0.014085787 0.00049662916 0.00050770846 4.011332e-05 2.1606413e-05 0.00045237428 0.0011923522 0.00012951925 0.00029919294 3.3511185e-06 3.0840492e-06 3.0762163e-05 0.001859198 3.307259e-05 0.00630505 6.394639e-06 3.3132474e-05 4.157598e-07 7.836182e-08 1.0402881e-05 0.005593543 0.0010864979 0.00014206508 3.069983e-05 3.7962665e-05 3.7096363e-08 7.4718815e-07 5.029288e-07 9.180335e-06 5.0162834e-07 3.8140038e-07 4.8960457e-05 2.167617e-07 0.0002553387 0.002510237 2.8319897e-07 2.7637855e-08 2.5705508e-06 4.7146113e-08 1.6683529e-06
0.7780203 0.21305929 0.08752913 0.070235506 0.004555742 0.41412777 0.14732856 0.0022306058 0.8330766 0.8577462 0.0028109835 0.00187538 0.6883268 0.00034521075 0.012345784 0.062280547 2.0192271e-19 0.039346043 0.95590186 0.01634852 0.01584234 0.0047613103 0.020266375 0.3757904 0.79007685 0.00087308383 0.017612187 0.060673576 0.07271184 0.19581598 0.0047232597 3.8164315e-05 0.06836806 5.5433185e-07 0.1149252 0.027728532 0.003045767 0.034503847 0.018711371 0.022645298 0.00070037966 0.030404344 0.00010561861 2.8379138e-05 0.0068026 0.020396337 0.008545031 0.035279527 0.012440459 0.0020787674 0.008796902 0.0060381433 0.00087240216 0.013052556 0.0003111705 0.0032079516 2.6027932e-05 0.018141149 0.0007737997 0.000584662 1.7516191e-05 0.005269941 0.011872677 0.0049828724 0.004078821 2.6519667e-06 0.0018812564 4.3565604e-05 0.0013348503 0.0010011278 0.00027218743 0.00035157555 0.0005417692 0.0009034897 0.00019169872 0.004840441 0.00020574236 0.00014232002 1.9534516e-05 1.2620193e-05 5.815157e-05 0.004774649 0.0004355971 1.6385582e-05 1.4208344e-05 1.2439365e-07 1.6378277e-06 2.8741758e-06 4.617065e-06 0.00047116817 6.788763e-06 5.1171435e-05 0.0007813945 1.2493741e-06 2.771531e-05 0.0013360934 4.583361e-07 1.9413178e-06 9.164258e-06 1.5043519e-06 1.0521749e-06
0.08909536 0.03013665 0.38293138 0.006834499 0.06616584 0.16684335 0.004825388 0.0733429 0.0052117393 0.18534152 0.57348305 0.07793859 0.0022017292 0.17611207 0.00916421 0.88994026 0.039346043 1.9848065e-20 0.03102563 0.9826394 0.0045857863 0.0025748056 0.0019261913 0.109820545 0.009056382 0.0006418287 0.0012105689 0.0034259914 0.77293384 0.04474516 0.14823511 0.0035699136 0.41554418 0.00041718312 0.05705559 0.000541583 0.0603676 0.3552746 0.48008326 0.00059004384 0.0010032319 0.0015008935 0.0024605661 0.0023559195 0.0020167357 0.00064208516 0.0003900744 0.00076503167 0.017730495 1.6869737e-05 0.006360434 0.007329781 0.00019603634 0.025569728 0.0005766023 0.0009466906 0.00078359223 0.023580438 1.6801469e-05 0.00011735351 0.0006770152 0.019484267 0.00012960078 0.0028327762 0.00027128067 0.00036098424 0.002501605 0.00077640393 0.0017490519 0.0015173448 0.00023248367 0.0001253372 0.00032880544 0.0015130446 8.963906e-05 0.003223623 6.4592496e-05 4.1029543e-05 1.3679975e-05 3.6080266e-06 1.51946915e-05 0.0029643446 0.00024078872 0.00011810194 0.0001262209 0.00015659265 1.0292215e-06 5.007338e-06 5.3863205e-06 1.6662452e-05 6.8168215e-06 6.5411227e-06 0.00017367558 1.2034391e-06 0.00044681792 0.001528392 2.2027405e-06 2.1308959e-07 2.067011e-06 1.8724417e-07 5.118375e-06
0.2888477 0.021642465 0.011134457 0.014934119 0.0018474198 0.0677571 0.023726305 0.0014105431 0.22230698 0.44923458 0.0022501769 0.0022245396 0.19419959 0.00027530134 0.0050389217 0.030061753 0.95590186 0.03102563 4.3138484e-22 0.019374728 0.007955904 0.0044359453 0.012333309 0.773051 0.9529523 0.00029637635 0.0065419525 0.043604817 0.013144952 0.49738756 0.0022037092 1.51274e-05 0.12743253 4.2409678e-08 0.30103374 0.040540762 0.0011484036 0.023687048 0.010869637 0.03109461 0.00072198396 0.07956494 0.00011144299 1.9043278e-05 0.0026168572 0.0099588 0.011599572 0.019267505 0.018484896 0.003642739 0.022424519 0.009977623 0.0018834553 0.00619678 0.0003598038 0.0067865853 1.6258564e-05 0.012558812 0.0017155296 0.0031687673 7.936951e-06 0.0024466107 0.0120231155 0.0038506896 0.005676729 1.6467763e-07 0.006132996 2.0366493e-05 0.0019118716 0.00016886277 0.0004296551 0.0007057813 0.0006478149 0.0009469533 2.4346135e-05 0.005465381 3.0946543e-05 1.8402085e-05 7.4582017e-06 2.670094e-06 8.111211e-06 0.002664695 0.0001605886 2.0431867e-06 3.0738473e-05 3.5602167e-07 9.962247e-07 6.887957e-07 9.902845e-07 4.265791e-05 2.701045e-06 7.5125376e-05 0.0007671991 7.182432e-07 8.312009e-06 0.0010253332 2.839018e-07 1.0230417e-06 1.8516872e-06 1.1571594e-06 7.445285e-07
0.10185678 0.012775541 0.27103558 0.0025484012 0.038114283 0.115349695 0.0012656262 0.03857222 0.0012663336 0.0963089 0.4732734 0.048540466 0.00017831396 0.17127243 0.0031491595 0.7961316 0.01634852 0.9826394 0.019374728 1.0608884e-19 0.00043824775 0.00016721217 0.00016794524 0.11041559 0.0057926 5.358037e-05 0.00031464608 0.0005370804 0.8053947 0.042999428 0.1553644 0.0013978416 0.46296716 8.211901e-05 0.0333759 7.7884115e-06 0.075652435 0.51493585 0.70560056 3.0951887e-05 0.0001880727 0.000103886094 0.00078406685 0.000716375 0.0007747874 7.535542e-05 2.5704638e-05 9.9864366e-05 0.020914225 2.3392033e-06 0.00557882 0.009905591 4.8348254e-05 0.0675022 0.00012625533 0.0009894364 0.00060397014 0.059155937 2.26423e-06 1.8548606e-05 0.00030894304 0.04440793 5.2748783e-05 0.008519853 2.3529868e-05 0.00032981636 0.0074158353 0.0031706623 0.0051599247 0.0026607146 0.0010812448 0.00036878424 0.0017004091 0.0010997991 0.0004519956 0.0012533817 0.00032180865 6.7743895e-05 6.608007e-05 1.1899445e-05 3.680159e-05 0.0022934782 0.00019408477 0.00018040434 3.2597934e-05 0.0003202271 4.03794e-06 1.9587571e-05 8.344757e-06 7.618081e-05 6.6076445e-06 1.73007e-05 6.1326595e-05 1.1501324e-06 0.00075418793 0.001250252 6.26309e-06 5.392239e-07 2.7939277e-06 5.628975e-07 1.4446992e-05
0.69290924 0.051059 0.018145595 0.22509784 0.040773723 0.02576318 0.44798237 0.017611602 0.026510973 0.015275462 0.004644083 0.015594913 0.044667475 0.007438019 0.27950233 0.0085596265 0.01584234 0.0045857863 0.007955904 0.00043824775 3.6886833e-18 0.93895495 0.7144013 0.004514757 0.0021042184 0.20182206 0.98982674 0.036361005 0.0012334428 0.0018602532 0.0011597299 0.01711859 0.0033775533 0.00086390926 0.0012090207 0.007313314 0.0006377234 0.0014074164 0.00086373586 0.0010612871 0.26108125 0.0025321566 0.010698181 0.0024472796 0.86279833 0.17233391 0.008256084 0.0067492174 0.0014713625 0.0004279578 0.0005088359 0.0003752513 0.00022025472 0.0002264269 0.027428463 0.00049559225 0.0012476471 0.0012452098 0.00020804988 6.647182e-05 0.00025424696 3.3454202e-05 0.011609726 1.7763954e-05 0.0005801003 0.000543408 0.00012304443 4.6450547e-05 7.746869e-06 3.9019866e-05 1.927997e-06 3.595162e-05 1.0159583e-05 0.016609186 0.00017812157 0.36184946 7.0980736e-06 0.00022298751 2.0001457e-06 5.3533513e-06 0.00011024185 0.03260986 0.011943666 6.0946746e-05 0.005783927 4.724746e-05 3.1070551e-06 4.048563e-06 7.570091e-06 1.2898653e-05 3.7421096e-06 0.0001461384 0.00035109487 3.5777814e-06 0.00011799296 0.12352607 1.1981004e-06 3.3810659e-06 0.00010514516 1.6958682e-05 2.0845671e-05
0.7437419 0.030326672 0.01834533 0.15197967 0.08572339 0.014309162 0.09258817 0.03186249 0.014855687 0.010789905 0.0035636125 0.016406434 0.005901249 0.011856197 0.79437995 0.00631205 0.0047613103 0.0025748056 0.0044359453 0.00016721217 0.93895495 7.285312e-20 0.044349257 0.0022564828 0.0009439985 0.7681934 0.30090913 0.01621217 0.0005280203 0.0006704961 0.00066236424 0.06210854 0.00095387996 0.011031147 0.00023916474 0.0029414203 0.00026282092 0.00027140568 0.0001774317 0.00025443663 0.8914533 0.000729789 0.07324967 0.011679783 0.83054584 0.06750908 0.003729128 0.00776695 0.0011309179 0.00025787373 8.632499e-05 0.000108249376 0.00013106121 6.8487614e-05 0.15642251 0.00020997338 0.0015079172 0.00041472173 7.0348883e-06 1.6392192e-05 8.426073e-05 1.40860275e-05 0.0059435866 1.2397868e-05 0.0003462617 0.0006161602 7.131575e-05 0.0001450104 6.346455e-06 4.844483e-06 7.51779e-07 1.2696548e-05 1.5398945e-06 0.043292843 2.1406993e-05 0.36123174 3.5953283e-06 1.8879771e-05 3.5589421e-06 2.2425386e-06 2.5633353e-05 0.018598875 0.015905103 6.288212e-05 0.003845495 3.3951455e-05 8.170373e-07 2.3440716e-06 2.1425099e-06 8.043339e-06 4.1461985e-07 5.3083513e-05 0.00017082295 3.128217e-07 2.3626084e-05 0.25086355 2.411618e-07 2.6139125e-07 2.2424687e-05 8.211952e-06 8.705272e-06
0.6102711 0.015120631 0.0037993817 0.039014135 0.004340619 0.0062730433 0.29921755 0.004445232 0.043926124 0.012230541 0.0010856936 0.0043069446 0.49577987 0.000590613 0.019030254 0.0018398057 0.020266375 0.0019261913 0.012333309 0.00016794524 0.7144013 0.044349257 9.437213e-20 0.004735293 0.0073993723 0.015574998 0.98875415 0.54660577 0.00012564765 0.0022070154 0.00015262362 0.0016563947 0.0012481392 3.39568e-05 0.0011602172 0.052384205 7.667923e-05 0.00017883746 6.829788e-05 0.0043453784 0.02715216 0.016337773 0.0031951708 0.00035626825 0.08802512 0.9382431 0.09685364 0.20552249 0.0020002697 0.0010242625 0.0016183476 0.0008274788 0.0013880406 1.51686e-05 0.005970051 0.0029343222 0.00026384578 0.00027155067 0.00024017821 0.0007994775 2.3172783e-05 2.515846e-06 0.035438787 3.6431038e-06 0.0005279627 0.00023938382 6.640295e-05 1.558713e-05 3.9910392e-05 5.226484e-06 6.0519585e-07 0.00019379883 6.808813e-07 0.0032716002 4.14913e-05 0.26988024 1.4941205e-06 1.6955542e-05 2.8796928e-06 6.089335e-07 7.635826e-06 0.02664048 0.0056758495 6.731084e-06 0.00076709624 9.691785e-07 2.3601356e-07 4.3028984e-07 6.4344965e-07 1.5071492e-06 3.3750524e-07 4.0412204e-05 0.00041476125 7.005697e-08 8.919019e-05 0.04406842 1.0195854e-07 1.4990359e-06 3.980986e-06 2.2033759e-05 6.1805135e-06
0.7072938 0.01191382 0.02318913 0.0049495893 0.0058142594 0.051437654 0.0052063023 0.003711031 0.022760961 0.1452832 0.017056609 0.006777833 0.020671858 0.0075564226 0.0076087704 0.11337451 0.3757904 0.109820545 0.773051 0.11041559 0.004514757 0.0022564828 0.004735293 6.4993172e-21 0.810256 0.0002648868 0.003005892 0.01748314 0.11302813 0.94788545 0.008571867 2.0852094e-05 0.81925136 2.3061999e-07 0.87315845 0.011592267 0.0024178466 0.17249309 0.0956664 0.019096516 0.00061290845 0.06883859 0.00032690354 0.0001252205 0.0017738476 0.005022004 0.00810175 0.01633507 0.15335526 0.0051586847 0.106320664 0.0816635 0.0027105222 0.065101415 0.00028645326 0.020137498 7.412158e-05 0.16117685 0.0025451817 0.0031387703 9.227743e-06 0.017071377 0.0125288265 0.015909087 0.009906313 2.0505958e-07 0.12177835 6.626112e-05 0.04966841 0.0007623198 0.026369823 0.01802629 0.034108926 0.0011224247 2.6479272e-05 0.002655263 0.00260126 4.383445e-05 0.004011508 0.00051625376 6.0518173e-06 0.0058046025 0.0005939325 1.398729e-05 1.7958342e-05 2.518459e-07 0.00013805697 7.8812525e-05 0.00015551278 5.8901107e-05 5.835877e-06 0.00029110193 0.0009649841 1.5540892e-05 1.303315e-05 0.0010001812 5.2679884e-06 3.4450034e-06 2.8630034e-06 3.5671483e-06 2.721988e-06
0.9152244 0.0037127156 0.003066055 0.0029645045 0.0004940709 0.035139866 0.003162726 0.00076267467 0.094409086 0.20213959 0.0005333877 0.00079131476 0.2137644 0.00011018592 0.0011186488 0.006812949 0.79007685 0.009056382 0.9529523 0.0057926 0.0021042184 0.0009439985 0.0073993723 0.810256 1.6704187e-20 0.00015608258 0.0029133742 0.06696609 0.011095766 0.8027984 0.0010291834 7.2610237e-06 0.22434275 2.150921e-07 0.7000617 0.07979789 0.0006082321 0.074325435 0.020599736 0.26132348 0.000118036856 0.7453826 5.9253678e-05 6.339801e-06 0.001225589 0.008903625 0.024774347 0.07179826 0.06523039 0.048306186 0.1008695 0.043965038 0.034950543 0.026948344 8.62395e-05 0.05627243 1.2785699e-05 0.10043016 0.007011881 0.011246244 8.334072e-05 0.003646589 0.035905212 0.014003441 0.015552865 1.4949057e-06 0.05022094 9.209395e-06 0.019752275 0.0008095867 0.013935611 0.0032154422 0.018423075 0.0004308044 0.00010141167 0.0030747193 0.002395278 0.00013382678 0.0006327325 0.00025448107 3.7589012e-05 0.0047722138 0.00044267453 1.6119184e-05 3.3564947e-06 2.3487652e-07 2.1141579e-05 0.0002917712 0.00012669267 0.00050295505 1.296357e-05 0.0002976374 0.0026630512 0.000118403266 8.264603e-05 0.00030981755 7.2223356e-06 4.3143173e-05 5.9940567e-06 1.1577826e-05 7.127948e-06
0.90805 0.010749551 0.0036110182 0.06733387 0.021272637 0.002520885 0.010206816 0.045224324 0.0013646139 0.001829251 0.0020638457 0.038844768 0.00024436633 0.029045738 0.93898296 0.0013867328 0.00087308383 0.0006418287 0.00029637635 5.358037e-05 0.20182206 0.7681934 0.015574998 0.0002648868 0.00015608258 3.773798e-17 0.056340393 0.005462239 0.00093727873 8.681937e-05 0.004335456 0.5983765 7.2945506e-05 0.18679143 8.5210595e-06 0.0002797541 0.00062669296 0.00017908563 0.000166596 0.00017421406 0.81028754 3.180529e-05 0.6335861 0.24964164 0.39359975 0.017739348 0.0016843695 0.007034802 4.96685e-06 0.00012193726 4.525579e-06 6.650346e-07 1.3142913e-05 6.176357e-05 0.77298164 7.728811e-06 0.0026399079 1.9503821e-05 3.645613e-06 2.3715647e-06 0.0015559125 4.714376e-05 0.0019739987 9.869861e-06 8.3570405e-05 0.0033188956 1.0073721e-06 0.0010273168 1.0562535e-06 4.8374063e-06 5.0723463e-07 4.825414e-07 1.0202999e-06 0.4146051 3.760102e-05 0.3062904 6.1894557e-06 5.4769404e-05 9.4909956e-07 7.725996e-06 7.472145e-05 0.016110048 0.039887108 0.0010905922 0.006766138 0.0013446136 2.656551e-06 1.0437145e-05 2.0413649e-05 2.3384102e-05 2.1041842e-06 6.4090295e-06 5.1177827e-05 5.562661e-06 0.0003650726 0.40036854 3.3858284e-06 1.865631e-07 5.0427367e-05 1.9856652e-06 0.00011598177
0.8534348 0.02362375 0.007222157 0.10215171 0.010212073 0.0077207643 0.29054272 0.0063596177 0.02660969 0.007762818 0.0019009276 0.006548607 0.11318499 0.0021892276 0.0713244 0.0033726527 0.017612187 0.0012105689 0.0065419525 0.00031464608 0.98982674 0.30090913 0.98875415 0.003005892 0.0029133742 0.056340393 6.198026e-21 0.034982424 0.0012502015 0.0012428252 0.0004412015 0.0037476474 0.0010876143 0.00033530113 0.000801123 0.01109766 0.00027405706 0.00055815425 0.00022949853 0.0012299342 0.0908469 0.0032625569 0.00479552 0.0006027643 0.8185049 0.4457499 0.014527375 0.012592898 0.0006008709 0.0005692839 0.0005075506 0.00035395168 0.00019284988 7.974938e-05 0.0061861547 0.000403117 0.00037304775 0.0003190115 0.00017355969 5.976023e-05 0.000118841184 9.659429e-06 0.02001866 4.369053e-06 0.00041856896 0.00029626448 2.964551e-05 0.00012805755 1.7033126e-05 8.3387626e-05 1.4616668e-06 0.000108431625 6.5550955e-07 0.0049392716 9.6690106e-05 0.34823588 7.4349475e-07 9.2156195e-05 6.5173176e-06 5.2858686e-06 1.634982e-05 0.07668933 0.018796472 2.0991945e-05 0.0009102125 1.1258193e-06 1.6372094e-06 1.1649702e-06 3.184818e-07 3.938778e-06 1.5136881e-07 2.78993e-05 0.0010897692 5.411475e-07 4.1972256e-05 0.108919814 6.4925183e-07 2.5944453e-06 7.0464004e-05 4.803804e-06 6.988135e-06
0.6507583 0.021194533 0.00484274 0.013295137 0.0036432464 0.006254304 0.042325925 0.003020193 0.04247306 0.024155667 0.0008255221 0.002777547 0.79882693 8.072099e-05 0.016474763 0.0021976365 0.060673576 0.0034259914 0.043604817 0.0005370804 0.036361005 0.01621217 0.54660577 0.01748314 0.06696609 0.005462239 0.034982424 1.620125e-20 0.00019026932 0.015947716 0.00010276503 0.00054739485 0.0043350817 2.4003305e-06 0.010450981 0.95961994 0.00014423458 0.0018620096 0.00027456039 0.47782916 0.012392928 0.085786015 0.00060698803 5.5703036e-05 0.015694952 0.13436484 0.899653 0.6892044 0.0058189686 0.052764557 0.0163539 0.0048806756 0.008584527 5.856408e-05 0.003321964 0.012271444 5.4810153e-05 0.0013307435 0.005214613 0.009786411 6.1804662e-06 1.6474109e-05 0.11652915 3.5619796e-05 0.003409201 5.9125964e-06 0.00028838706 2.017331e-06 0.00072720146 5.921111e-06 1.0775985e-05 0.0018956034 1.586945e-06 0.0025567228 5.534088e-06 0.13689375 5.663977e-07 2.0670445e-06 3.1372278e-05 5.574148e-06 1.0947441e-06 0.03356253 0.005484054 1.2367631e-06 0.002537413 1.1846894e-05 7.911042e-07 1.103244e-06 8.676246e-08 7.082369e-07 1.17620004e-07 0.00012359438 0.0013237571 4.2716488e-07 3.561762e-05 0.007923871 5.875389e-07 9.057258e-06 6.298878e-07 5.7713096e-06 6.3275147e-06
0.29589212 0.027824966 0.4303515 0.0011639646 0.15222523 0.17994493 0.0021810927 0.0683815 0.0026126942 0.12128357 0.413115 0.10320209 0.0001336324 0.4976313 0.006483584 0.57079935 0.07271184 0.77293384 0.013144952 0.8053947 0.0012334428 0.0005280203 0.00012564765 0.11302813 0.011095766 0.00093727873 0.0012502015 0.00019026932 7.220518e-19 0.06808923 0.9355986 0.013223277 0.2953834 0.0026218293 0.037794773 1.8151513e-05 0.8947058 0.63067335 0.8809609 0.00046117956 0.00096725335 6.732538e-05 0.004143883 0.006864645 0.00407905 0.00030452717 5.664345e-05 0.00020934916 0.018309955 2.7471096e-06 0.0024849132 0.00648535 0.0002452596 0.32898042 0.00040453672 0.00038024734 0.004543428 0.1900975 4.676192e-06 1.5902531e-05 0.0051237457 0.5712403 0.00015700341 0.056044985 2.2645636e-05 0.00500372 0.01306777 0.087441295 0.0030229813 0.12351803 0.0011184317 0.00019437949 0.008097713 0.0014683767 0.0358836 0.016099926 0.007129203 0.008633241 0.00010863347 4.984602e-06 0.00439429 0.009071413 0.002218567 0.0034137592 0.00014791913 0.001532885 2.4281206e-07 0.0001484205 1.9456857e-05 0.00085251854 7.1979084e-05 5.9701188e-06 0.0007374865 3.9873053e-06 0.00087802904 0.008784069 2.53575e-06 2.501451e-06 0.0008914976 3.1812406e-06 0.0001226329
0.75145763 0.0045362865 0.01590054 0.0029462478 0.002825758 0.028585818 0.0020024972 0.0022426164 0.005165961 0.063797385 0.006163762 0.0033660159 0.008311463 0.0026112916 0.0022204837 0.03966849 0.19581598 0.04474516 0.49738756 0.042999428 0.0018602532 0.0006704961 0.0022070154 0.94788545 0.8027984 8.681937e-05 0.0012428252 0.015947716 0.06808923 1.6941047e-20 0.0059233936 1.9691335e-05 0.77191985 3.927339e-07 0.93167657 0.017541844 0.0013792053 0.17173539 0.06886638 0.020841591 0.000147541 0.26610366 0.00029028658 9.4135816e-05 0.00052668684 0.0028836052 0.0047592223 0.010453488 0.19487819 0.0078040482 0.22546443 0.11830604 0.017782455 0.06878499 9.914781e-05 0.061553184 0.00012611068 0.27066857 0.0035247533 0.014059978 4.513271e-05 0.013556094 0.010993246 0.017439386 0.012893711 2.656698e-06 0.18363473 6.426181e-05 0.08532092 0.00084740744 0.047428068 0.041161776 0.06568661 0.0010861824 5.217627e-05 0.0012850856 0.009947945 7.29437e-05 0.012044157 0.002455847 1.822014e-05 0.0048975446 0.0003959807 5.185183e-06 5.6838226e-06 6.597242e-08 0.00059903 0.00055116013 0.0020648714 0.0003512027 1.6264628e-05 0.0012550915 0.0036009355 0.00015449045 8.438356e-06 0.00042245816 5.041794e-05 9.226287e-05 3.4742027e-06 0.00012351378 2.3890385e-05
0.11316031 0.0068007447 0.10277166 0.0007061476 0.08131602 0.021624655 0.0005147745 0.09534032 0.000528444 0.0128168175 0.16875966 0.14338951 2.3569193e-05 0.6974057 0.01780371 0.107435785 0.0047232597 0.14823511 0.0022037092 0.1553644 0.0011597299 0.00066236424 0.00015262362 0.008571867 0.0010291834 0.004335456 0.0004412015 0.00010276503 0.9355986 0.0059233936 4.788907e-17 0.035821743 0.028418114 0.021044377 0.0014873308 2.620537e-05 0.97274584 0.061058216 0.21702708 7.027395e-05 0.0022921257 2.2055814e-05 0.011346861 0.04279107 0.0010020185 0.00010132475 3.815372e-05 5.642741e-05 0.0026564538 4.5429164e-07 0.0007424454 0.0010720261 0.00023953339 0.028028192 0.0028517707 0.0009106696 0.017362949 0.011596452 2.8174393e-06 8.555907e-05 0.028644541 0.08157608 1.40379925e-05 0.004657015 3.761992e-05 0.02132825 0.002062079 0.1757383 0.0011979629 0.019111566 9.3569695e-05 0.00029127827 0.0013083961 0.005971241 0.0076509216 0.015581771 0.00048486484 0.0030409924 5.0104078e-05 7.654037e-06 0.0021884937 0.017802496 0.0015685989 0.020958446 0.0010453756 0.007173609 1.1380249e-06 4.124736e-05 9.869098e-06 4.7169033e-05 7.1267586e-06 1.850952e-05 0.0011766524 8.355228e-06 0.002753783 0.0068457155 8.643939e-06 5.3204926e-06 0.0024432896 8.827851e-06 4.7500733e-05
