1.3997936e-26 0.31705758 0.7570971 0.62859607 0.8874117 0.72262186 0.77750325 0.9119932 0.94829667 0.81371915 0.9474684 0.4668034 0.12924711 0.6033417 0.7894054 0.10041339 0.79661715 0.63768345 0.818778 0.8547373 0.9155774 0.98574466 0.8290673 0.9683284 0.6144195 0.77258724 0.9893781 0.92754257 0.8766788 0.5707588 0.8749254 0.25380778 0.37608767 0.6027055 0.7356046 0.058699563 0.16269179 0.04322588 0.28713664 0.3657367 0.8798646 0.9846733 0.033578508 0.011137494 0.9995238 0.4902103 0.7742765 0.9925079 0.050534915 0.52989054 0.87552875 0.9822166 0.01011834 0.9784494 0.26201513 0.4015075 0.8760182 0.41559386 0.61627686 0.4585793 0.81851476 2.4243656e-05 0.0111640105 0.28427312 0.997724 0.9909723 0.9982014 0.00034065294 0.897101 0.0044821547 0.9580943 0.0066303033 0.15680707 0.00017438908 0.9349202 0.0028318807 0.085015364 0.04226078 0.00015363345 0.088073716 2.8389977e-06 0.2039897 8.3236415e-07 3.4526702e-06 7.4666025e-07 0.3609742 1.2155498e-05 4.477732e-08 0.22472578 0.6492085 0.99903905 0.99999905 0.97960985 0.0030197368 0.8358033 0.009131913 0.33656147 4.3302283e-05 0.00017422203 0.9999614 2.5510182e-08
0.31705758 3.1249682e-21 0.98748636 0.60600793 0.85124904 0.49160716 0.017974809 0.7273844 0.115319334 0.18253978 0.011308435 0.6929164 0.16726981 0.046824668 0.030306945 0.27310866 0.0036049006 0.0011495213 0.0033075786 0.0005861029 0.0057061207 0.10299128 3.2512988e-05 0.067070134 0.012982489 0.023667902 0.008045366 0.00036546605 0.0011473927 0.012490764 8.661435e-05 0.15884867 0.000103994236 7.2752584e-05 9.829802e-07 0.04961391 0.007856218 0.010934406 0.0016284285 0.006503563 1.30979815e-05 0.00043880485 0.011514052 0.07189758 0.06506202 5.172737e-06 9.541319e-07 0.14814457 0.017289113 9.476145e-05 4.0276173e-06 1.2485039e-05 0.0020095324 0.015904732 8.723572e-06 3.09371e-05 1.4544195e-06 9.278992e-07 1.4539806e-07 0.00014312552 3.3407126e-08 6.182439e-05 0.0017598135 4.7762745e-07 0.0054881405 0.0016745809 2.0764977e-05 0.001108075 4.0393306e-06 2.4072728e-05 8.245897e-07 5.482027e-06 4.528857e-07 5.568043e-06 8.84101e-08 5.4044317e-08 1.9811647e-08 1.8080014e-08 6.8091676e-06 3.8602784e-06 1.8627048e-05 2.617723e-06 3.721466e-07 1.2928563e-06 2.5256784e-06 1.2353043e-07 0.00082841294 6.614397e-06 5.838849e-08 9.6796974e-08 0.004792818 0.0048185335 0.016992705 7.318751e-07 0.0060885544 7.517162e-08 0.0011629122 1.7118163e-07 2.2966393e-07 0.00046798686 5.1152913e-08
0.7570971 0.98748636 1.029489e-18 0.28459623 0.9119049 0.07635089 0.010716944 0.7314167 0.18689711 0.07816598 0.015662171 0.5860368 0.024151122 0.00883534 0.0050046607 0.32674244 0.0005555987 0.00013757279 0.0021893475 0.00019668842 0.0033990624 0.19562206 1.5303674e-05 0.19792676 0.0036277347 0.070057586 0.003872897 0.00023418016 0.00079182093 0.0020760791 0.0002004226 0.058510136 3.4277247e-05 7.0499285e-05 2.7073427e-06 0.11342198 0.0011260738 0.006687833 0.00055015314 0.0032435737 1.98001e-05 0.00031195997 0.041446336 0.20162377 0.068430394 1.0667834e-05 2.1230264e-06 0.1725714 0.025015105 4.2276566e-05 7.504005e-06 4.0352297e-06 0.007890831 0.014295652 2.4802252e-05 3.0460134e-05 5.1179804e-06 1.7794652e-06 2.730468e-07 0.0003455393 5.2829552e-08 0.0008008884 0.0033142176 2.514112e-06 0.006421223 0.0037139712 5.145337e-06 0.0016321848 8.52501e-06 3.9637075e-06 6.6747155e-08 3.3112335e-06 5.081623e-05 9.364491e-06 2.2397872e-08 2.911556e-07 3.568654e-07 1.0784122e-06 3.966115e-05 0.00010707989 0.00014235816 5.5832134e-06 1.7949221e-06 7.8547155e-06 5.5212095e-06 2.9543705e-07 0.0006863555 3.2338427e-05 1.3809495e-07 9.4020024e-08 0.016232142 0.005173598 0.045884788 3.2978478e-05 0.028673222 1.418722e-07 0.0029983022 5.085695e-07 2.1251192e-06 0.0004648055 9.176773e-06
0.62859607 0.60600793 0.28459623 5.557232e-21 0.8324226 0.98020226 0.6618822 0.018943151 0.55562776 0.0031269598 0.6850368 0.0034287432 0.0139338495 0.0127254175 0.010561269 0.0011943644 0.0076462356 0.023565926 0.19441481 0.004231162 0.0011848855 0.20391019 0.0024181071 0.010331805 0.00022310684 0.0020024264 0.06908125 0.032748975 0.000754416 0.00012407634 0.013002109 0.004630846 0.00064292224 6.759804e-05 4.4190554e-05 3.6472007e-05 0.00010906197 0.00050667184 2.020667e-05 0.0003697483 3.2494543e-05 0.012866314 5.617041e-06 8.984661e-05 0.15297964 9.859718e-06 0.00053996005 0.09274026 7.495605e-05 4.6914975e-05 3.5879602e-06 0.0034343952 2.7350795e-06 0.10524078 3.5922346e-07 1.1129472e-06 0.001231376 1.1947391e-06 0.00012332099 2.1698602e-06 4.5366883e-06 2.719636e-07 2.6096643e-06 3.7897007e-07 0.045402862 0.022004843 0.0027106514 1.5777687e-06 4.155119e-06 2.0706835e-07 1.7382896e-05 3.9804245e-06 7.71334e-08 2.7008198e-07 1.8822951e-06 4.6076623e-09 1.967319e-08 9.400258e-09 1.597538e-06 2.6605441e-08 2.1007795e-06 3.0775589e-06 2.238392e-07 7.2810184e-07 5.825487e-07 7.460271e-08 1.7355181e-07 9.750366e-07 2.5933714e-08 1.1955967e-07 0.0099437535 0.017010726 0.019378532 1.6309329e-07 0.0063487985 5.44797e-09 6.903859e-05 3.716109e-08 4.1083652e-07 0.003003717 1.2550225e-08
0.8874117 0.85124904 0.9119049 0.8324226 8.959728e-18 0.32513165 0.15172385 0.4889713 0.9093015 0.0219628 0.21185702 0.2603258 0.012668719 0.01306154 0.018011289 0.08013349 0.0015438979 0.0010649519 0.017771192 0.00044946815 0.0030466137 0.51473564 0.0001322993 0.10962056 0.0005800618 0.017954156 0.038422864 0.0031886715 0.0012099678 0.0001677186 0.0015374089 0.012335351 5.17305e-05 0.00022461452 6.7913466e-06 0.018453637 0.00017545256 0.001176442 8.5365835e-05 0.0002127638 3.768495e-05 0.0011754361 0.0019365612 0.08486105 0.10960438 2.3847633e-05 4.624982e-05 0.12559767 0.0013850839 5.5259006e-05 8.935506e-06 0.0003097393 0.0034265157 0.042349935 6.525571e-06 4.3843484e-05 7.9323996e-05 2.6640228e-06 1.6833385e-05 0.00010622318 1.6346911e-06 4.343737e-05 0.00013039683 4.9181454e-06 0.013294682 0.009065956 0.00021213386 0.0003074306 1.3415267e-05 2.6328375e-06 1.2176423e-06 1.5026527e-06 3.9333667e-05 1.4561635e-05 1.4804183e-07 1.5786987e-06 5.289063e-07 1.2851816e-06 2.712645e-05 0.00021572967 2.1811291e-05 5.5891373e-06 5.575798e-07 1.7276958e-05 8.198688e-06 4.6782193e-07 3.3973516e-05 1.851811e-06 3.6031523e-07 1.2631234e-07 0.016833546 0.0071378774 0.05094958 4.9458134e-07 0.035031516 4.8878924e-08 0.00043900323 6.509544e-07 1.37226e-05 0.0008969324 2.8123373e-05
0.72262186 0.49160716 0.07635089 0.98020226 0.32513165 8.941622e-20 0.88718164 0.003765869 0.12416328 0.031220471 0.21711005 0.0044782236 0.20570819 0.2819219 0.40420327 0.0018244163 0.17010139 0.38742727 0.18607593 0.061005436 0.030573532 0.042425897 0.0665175 0.0031937573 0.0050603105 0.0005230907 0.067386314 0.056625053 0.01673362 0.004505679 0.025010431 0.008783759 0.0069369255 0.0031153231 0.00045686396 0.00033899982 0.003051947 0.006466486 0.00085123704 0.002272546 0.0006594733 0.029996844 3.8116115e-05 0.00044641137 0.05203697 0.0015760454 0.0013545556 0.016829066 3.5056662e-05 0.00059924653 0.00011844109 0.004680645 0.00038468846 0.043715794 2.8829067e-05 0.0001285145 0.0021090952 3.1590964e-05 0.00019169178 9.131068e-05 6.1718114e-05 1.8901147e-06 1.645792e-05 1.5337453e-05 0.043246012 0.012962792 0.0030436588 5.777571e-06 2.9812274e-05 2.3966531e-05 0.0001281801 9.2588203e-07 4.142288e-06 1.4570949e-06 8.12321e-06 2.4542452e-08 3.38342e-08 1.0228456e-06 1.5574104e-06 9.1697086e-07 1.1070133e-05 2.2229021e-06 7.502309e-08 2.8997806e-06 1.7300906e-06 2.1168633e-07 5.412806e-07 3.95287e-06 2.874207e-07 4.10002e-07 0.0070100124 0.011286349 0.012790523 2.4204914e-07 0.003707131 5.558626e-08 7.0082664e-05 9.974229e-08 3.2490175e-07 0.0024005135 1.725411e-08
0.77750325 0.017974809 0.010716944 0.6618822 0.15172385 0.88718164 2.4918995e-20 0.00082956447 0.17659996 0.00063418323 0.9586337 0.00060367904 0.0035403678 0.008828306 0.025775382 0.0001953928 0.04477924 0.23857236 0.93866056 0.037045497 0.0035820715 0.036876597 0.09061187 0.0027651475 0.00026400463 0.0001319733 0.83859944 0.27976736 0.0042071003 0.00010370158 0.054231968 0.0006463708 0.0033650496 0.0012757996 0.000738004 1.7623485e-06 0.00018656516 0.00021778213 2.4920135e-05 3.6485537e-05 0.00035444673 0.086179905 7.715271e-07 3.0501005e-05 0.14664553 0.00042120425 0.010771559 0.0212788 1.6597049e-05 8.786078e-05 1.7720216e-05 0.00955327 4.4701952e-05 0.16784991 1.4406701e-06 1.68273e-05 0.0035813304 1.4931192e-06 0.0019723426 4.625933e-06 1.917001e-05 1.0976321e-07 7.5641543e-07 9.4417135e-07 0.07361296 0.028985048 0.0075373678 3.7433998e-07 6.868282e-06 3.5347483e-07 0.0001587834 1.0645368e-06 1.8467317e-06 3.7463212e-07 9.419678e-07 3.0027388e-07 2.2654731e-07 2.812046e-08 2.785473e-06 3.4369965e-08 1.5889759e-06 2.638804e-05 7.710755e-07 8.911219e-06 4.9551973e-06 1.127646e-06 1.4710088e-07 4.2418906e-06 2.8814333e-07 9.148068e-06 0.004955134 0.031741466 0.0071531106 1.5908302e-08 0.001178025 1.35209675e-08 7.4750955e-05 4.503702e-08 1.1995032e-06 0.006522134 5.399082e-07
0.9119932 0.7273844 0.7314167 0.018943151 0.4889713 0.003765869 0.00082956447 5.538918e-16 0.062237676 0.027549328 0.0029012025 0.8066532 0.006325802 0.0006364411 0.00035195312 0.62470615 3.0007806e-05 6.371871e-06 0.00027696672 6.682474e-06 0.00027639308 0.2952256 9.835035e-07 0.5037266 0.00033777786 0.92273897 0.0018093704 0.00014406798 6.6508605e-05 2.6213018e-05 4.9986953e-05 0.03461645 1.3117087e-06 1.5849653e-06 3.3684287e-07 0.86031514 0.00019132832 0.0021035313 0.000519299 0.0029803233 1.2692038e-06 7.9786194e-05 0.5968916 0.4306481 0.06419914 8.0537444e-07 2.2601073e-06 0.428357 0.6980918 4.0045816e-05 5.035806e-07 4.281374e-06 0.014989045 0.0060583604 6.794816e-05 2.7765605e-05 7.5486787e-06 2.5292843e-06 7.24232e-07 0.00033233786 2.3828946e-07 0.0029648393 0.11149344 1.4623528e-06 0.0021792194 0.0035061478 2.6699486e-06 0.030242117 1.9116744e-06 1.379603e-05 1.5070544e-06 0.00024927207 0.00018276797 0.00013651261 1.3093272e-07 0.0001321442 6.3461403e-06 3.0907668e-05 6.981477e-05 0.00059734675 0.0006490182 1.3491955e-05 1.2669792e-05 0.00010758709 0.00029094898 9.005523e-05 0.0029030638 0.00019715358 4.592565e-06 3.4547452e-06 0.018594647 0.006069377 0.05958087 0.0006496384 0.019790636 0.000709699 0.0022544612 8.988804e-06 0.00016064788 0.00017679391 6.9326525e-05
0.94829667 0.115319334 0.18689711 0.55562776 0.9093015 0.12416328 0.17659996 0.062237676 9.719965e-21 0.0025858926 0.63750184 0.014697686 0.0037889678 0.0021822548 0.0012730235 0.0040804506 0.0006542386 0.0019879881 0.03173703 0.00029327456 0.00037004778 0.9574592 0.00025169714 0.07012597 7.729324e-05 0.00682552 0.1674269 0.0076994994 0.0001906462 1.530728e-05 0.0028903245 0.00083061535 3.6989943e-05 2.9004072e-05 5.0407048e-06 0.00039865146 3.1077354e-05 0.0001961641 2.8267987e-05 2.216039e-05 1.9357967e-05 0.0038820382 0.00035378413 0.00021951052 0.7527056 2.4222556e-05 0.00016588812 0.13604498 0.0005783012 2.5043044e-05 2.8711702e-06 0.0006332668 0.000110990106 0.21698233 2.4431413e-06 7.1437225e-06 0.00011354633 1.2762936e-06 1.7302827e-05 8.830714e-06 3.727785e-07 9.341202e-06 9.6638025e-05 7.9341237e-07 0.06550075 0.058206286 0.00051778136 2.0873602e-05 3.2021608e-06 2.0152333e-06 1.1924198e-05 1.524119e-05 9.287248e-06 1.30301805e-05 3.8649105e-07 2.7617016e-06 1.1466486e-06 6.859906e-07 9.896818e-06 1.7175797e-06 3.3332628e-06 2.8200143e-06 1.8215093e-06 1.9023058e-05 2.57978e-06 6.228344e-07 1.2228815e-06 8.582717e-06 1.31235e-07 1.078334e-06 0.039501283 0.12936369 0.11333562 1.7536412e-07 0.02064939 6.193235e-08 4.0398256e-05 2.9648362e-07 7.995898e-06 0.007587307 1.10007795e-05
0.81371915 0.18253978 0.07816598 0.0031269598 0.0219628 0.031220471 0.00063418323 0.027549328 0.0025858926 1.4907096e-18 0.00020274895 0.044560514 0.9767271 0.61379766 0.3476897 0.029112497 0.03276608 0.00018673301 0.00033346206 0.0025959206 0.40491816 0.0018001029 2.6388569e-05 0.0018178563 0.83882785 0.006275356 0.000121944584 0.00011841975 0.08133631 0.462792 0.00021607621 0.78154224 0.00019097886 0.011390804 1.4258493e-06 0.0021994996 0.27236888 0.17512439 0.24227145 0.4539118 0.0014078822 3.512647e-05 0.000875175 0.15675892 0.0050570588 0.0005445475 2.5280244e-07 0.0021642135 0.00017897652 0.0021695078 0.00069240393 1.1328398e-05 0.11490702 0.0032791577 0.019332992 0.0064368905 9.22236e-06 0.00031197962 7.2123856e-07 0.027811853 2.4587105e-06 0.00016469012 0.00028103415 0.00013965252 0.0040166187 0.002840428 5.288118e-06 9.1417154e-05 1.6902935e-06 0.022876373 2.483413e-07 0.0013462316 0.000112638205 6.5966866e-05 3.6780026e-08 8.2924016e-05 6.760162e-06 5.910942e-05 0.00020584991 0.00034737535 9.716542e-05 9.860777e-07 1.6416058e-06 2.0089958e-05 4.3199783e-05 2.4177702e-06 0.00019933039 2.6076293e-06 7.6707016e-07 1.7196325e-07 0.0045345584 0.0059425156 0.009274857 1.9106785e-05 0.006130128 1.2837063e-05 0.00028943046 1.0311344e-06 1.2295359e-05 0.0006696998 3.025737e-06
0.9474684 0.011308435 0.015662171 0.6850368 0.21185702 0.21711005 0.9586337 0.0029012025 0.63750184 0.00020274895 4.7449645e-21 0.00074621115 0.0012504602 0.0018876686 0.0027489655 0.00017996083 0.0035751401 0.018720094 0.20577835 0.002187606 0.0009970483 0.13948515 0.0046326015 0.0017654491 9.554413e-05 0.0003136185 0.9541386 0.07479439 0.0007171775 2.3668754e-05 0.0133248335 0.00023934545 0.00042640566 0.00014465542 2.5510855e-05 2.0058935e-06 6.862681e-05 4.0043604e-05 2.8425377e-05 1.26839e-05 1.88723e-05 0.028288957 4.1327075e-06 3.3402015e-05 0.4989352 3.9885355e-05 0.0012575393 0.045372933 5.0829123e-05 2.501037e-05 4.933488e-06 0.0019101566 5.350916e-06 0.41648272 6.4441383e-07 3.5607177e-06 0.00081338227 1.0597466e-06 0.00022208046 1.2375784e-06 2.223e-06 2.8005076e-07 6.5069466e-06 7.939884e-07 0.09052144 0.04906743 0.0016342658 5.994314e-06 1.8482011e-06 1.6765438e-07 2.710036e-05 6.267466e-07 1.670985e-06 4.83822e-07 4.8489136e-07 7.989762e-08 5.6544513e-07 6.3465755e-08 1.6335052e-06 8.691418e-08 5.5787687e-06 5.8287405e-06 4.396704e-07 3.7660177e-06 1.1509828e-06 8.226002e-07 3.287363e-07 3.5057178e-06 1.4285557e-07 1.1914268e-06 0.03432196 0.21108353 0.062706426 1.640249e-08 0.006454173 8.598335e-09 2.558202e-05 4.756766e-08 1.522195e-06 0.011792973 4.499422e-06
0.4668034 0.6929164 0.5860368 0.0034287432 0.2603258 0.0044782236 0.00060367904 0.8066532 0.014697686 0.044560514 0.00074621115 4.2698308e-19 0.0044272286 0.0006567006 0.0001565686 0.99553937 0.000116724885 1.2189302e-05 0.00013249855 1.6484168e-05 0.0001742129 0.041541226 5.4860146e-07 0.034386132 0.0002531333 0.12800442 0.0006346876 6.746002e-05 2.4489767e-05 5.0724237e-05 4.9903123e-05 0.021393955 8.0763715e-07 1.1952404e-06 6.078452e-08 0.5258553 0.00012502348 0.003688599 0.0004845505 0.0016161605 4.4441933e-07 8.079809e-05 0.17620036 0.3845834 0.021780254 1.3908966e-07 1.1147689e-06 0.06257892 0.016433423 4.1600474e-06 2.6313376e-07 4.885418e-06 0.030255489 0.009433875 2.4583016e-05 1.1853149e-06 2.7047724e-06 2.4632624e-07 3.6859083e-07 3.9507577e-05 9.001328e-08 0.0031846769 0.004194629 3.3622152e-07 0.0059579224 0.0021764229 5.343746e-06 0.0077519165 2.9252649e-06 1.3916173e-05 7.040472e-08 5.9339072e-05 2.5369666e-06 3.966393e-06 2.0905405e-08 6.3903565e-07 8.1886775e-08 1.1101428e-07 1.1123355e-05 1.2797403e-06 0.0006944771 1.8015488e-06 7.682565e-06 1.1200028e-05 4.2766915e-05 4.0995118e-07 0.0007797471 0.00016720324 4.3572913e-07 2.2483212e-07 0.011480072 0.0055453577 0.063683 1.1801213e-05 0.0139385015 4.1067864e-07 0.001940241 3.1841935e-06 4.083146e-06 0.00018241935 3.2648117e-05
0.12924711 0.16726981 0.024151122 0.0139338495 0.012668719 0.20570819 0.0035403678 0.006325802 0.0037889678 0.9767271 0.0012504602 0.0044272286 5.9617724e-19 0.9146067 0.69273686 0.0041027158 0.20513324 0.00946761 0.004056208 0.029729223 0.42973813 0.0025413109 0.00094870606 0.001069816 0.6341435 0.0023214559 0.0008599391 0.0010995945 0.05796409 0.13604155 0.0012347774 0.22209059 0.0057245186 0.031284895 0.00020963105 0.00013407524 0.06675089 0.022984425 0.037620187 0.09580304 0.0029191717 0.00044225066 3.711528e-05 0.0016584487 0.00565174 0.003250941 0.0001477401 0.0051953606 8.2247076e-05 0.0034990946 0.0007316051 0.00011380901 0.0003460054 0.0059237494 0.001178339 0.0014156953 0.00024010493 0.00017595306 7.058857e-05 0.001646179 5.2710566e-05 2.525746e-06 4.6072364e-05 0.0001777635 0.003358807 0.0035177427 0.00021393901 8.052128e-06 0.00017885352 0.0011353616 9.600836e-06 0.00032172946 3.9310155e-05 1.4395898e-05 1.6629772e-06 9.760274e-07 4.247862e-06 5.1076186e-06 1.3824558e-05 1.4055432e-05 2.1408627e-05 1.4514564e-05 2.8235465e-07 1.5211118e-05 1.0181833e-05 3.7032137e-06 3.7902344e-06 2.3038754e-06 1.8612478e-06 1.8175149e-06 0.0014415551 0.0008987434 0.0024334413 2.5891216e-06 0.0029938505 1.1073255e-06 0.0002801973 6.0858747e-07 5.7290786e-06 0.0013299526 1.9614676e-07
0.6033417 0.046824668 0.00883534 0.0127254175 0.01306154 0.2819219 0.008828306 0.0006364411 0.0021822548 0.61379766 0.0018876686 0.0006567006 0.9146067 1.7268531e-19 0.96052265 0.0014436903 0.60737336 0.055067085 0.005022861 0.12742577 0.6949013 0.00094898697 0.0021223011 8.513324e-05 0.5767308 0.00021337337 0.0017277254 0.0014079863 0.14946656 0.2634614 0.0013181902 0.21797496 0.0056812842 0.05252112 8.2617895e-05 1.7184459e-05 0.07963857 0.029064562 0.07944142 0.18217781 0.0021557617 0.00073451997 3.1438867e-06 0.006585426 0.0025790052 0.001763186 3.0163257e-05 0.0010993812 8.165112e-06 0.0027696881 0.0002865806 0.00028453488 0.004264016 0.0037141715 0.0050164587 0.0023752933 0.00021728424 6.0314756e-05 4.783605e-05 0.0032733232 4.6457943e-05 9.140445e-08 7.380688e-06 3.5146742e-05 0.005570237 0.0061497674 0.0004346775 1.7685765e-06 9.265176e-06 0.0048265476 1.7518529e-05 0.0008340413 1.1714915e-05 3.7786725e-05 3.6521777e-07 3.5183787e-06 1.3820741e-06 1.1780237e-06 2.1462309e-05 9.5045425e-06 1.2505882e-05 3.0150388e-06 1.0317929e-07 1.9559255e-05 3.713532e-05 2.0489958e-06 1.8952805e-06 7.2129706e-07 1.1846741e-06 1.6620165e-06 0.0015323713 0.0019186598 0.0023147208 1.250806e-06 0.0030329395 6.3531496e-07 1.1533943e-05 8.9033483e-07 1.4358783e-05 0.0007167686 4.262944e-07
0.7894054 0.030306945 0.0050046607 0.010561269 0.018011289 0.40420327 0.025775382 0.00035195312 0.0012730235 0.3476897 0.0027489655 0.0001565686 0.69273686 0.96052265 1.3312418e-18 0.00062003895 0.8920968 0.3750652 0.016979195 0.474312 0.8430354 0.000500372 0.12577109 2.1348951e-05 0.5429603 0.00020259473 0.0040904074 0.0050345557 0.3490732 0.30377877 0.003988547 0.23645853 0.03352066 0.1206227 0.001621022 8.270449e-06 0.0933524 0.035297055 0.18775035 0.287661 0.01770103 0.0017809363 3.5489757e-07 0.009985842 0.0019218436 0.0060958457 0.0006519485 0.0007202746 5.7474415e-07 0.0039355056 0.0004993245 0.001173401 0.010553466 0.004586326 0.015526184 0.002541809 0.00068196765 9.983781e-05 0.00016948616 0.014467239 0.00015104991 2.681769e-08 1.5858633e-06 3.0519863e-05 0.005559389 0.007832979 0.0011025094 3.4790332e-06 4.3006832e-05 0.010216525 9.477176e-05 0.0021328244 1.7241371e-05 0.00020399704 2.3711352e-06 1.2556458e-05 1.5716145e-06 1.0724074e-06 5.7953763e-05 2.0644096e-05 1.1084892e-05 1.9376956e-05 9.539812e-08 4.4477976e-05 9.286234e-05 3.1980499e-06 2.8314608e-07 5.3948975e-07 4.0244536e-06 8.548139e-06 0.0011329333 0.002388557 0.0021186913 3.5985731e-06 0.0016914506 6.0321713e-07 6.7651213e-06 1.7113128e-06 3.1145355e-05 0.0011978297 5.750703e-07
0.10041339 0.27310866 0.32674244 0.0011943644 0.08013349 0.0018244163 0.0001953928 0.62470615 0.0040804506 0.029112497 0.00017996083 0.99553937 0.0041027158 0.0014436903 0.00062003895 2.0591983e-15 0.00042089322 3.1583615e-05 1.5295707e-05 0.000108218715 0.00066627533 0.009748309 6.8843487e-06 0.00781598 0.00087609986 0.08577373 0.0005713232 1.4539141e-05 5.167991e-05 0.00032662772 1.3005215e-05 0.058948595 8.365943e-06 6.3755065e-06 2.72224e-06 0.8422982 0.00043948204 0.020952964 0.00044367617 0.006353335 2.206786e-06 5.270227e-05 0.4999591 0.8585715 0.0023440216 7.122834e-07 5.0604963e-06 0.029257376 0.026787136 4.7882695e-05 4.936848e-06 2.014061e-06 0.18354596 0.0020981529 0.0003402025 4.0516818e-05 1.9996821e-06 2.554086e-06 2.1631865e-06 0.00065417093 2.976615e-06 0.027590133 0.015092798 5.66431e-06 0.0009015023 0.00096325093 2.9183961e-06 0.025212344 1.8678618e-05 0.000120980265 9.073065e-07 0.00033657285 1.5687476e-05 2.3482748e-05 1.6989154e-06 5.296657e-06 3.6256076e-06 1.3384533e-05 6.3776926e-05 4.4175093e-05 0.0031479674 8.645744e-06 0.0003229437 4.0453615e-05 0.00026282543 1.279437e-05 0.00895132 0.0006589138 1.1303345e-06 1.9232783e-05 0.0025181326 0.00428942 0.007236229 2.0629965e-05 0.001247084 1.2235474e-06 0.0043522352 5.7926873e-06 2.465359e-05 0.00015801314 0.0013793136
0.79661715 0.0036049006 0.0005555987 0.0076462356 0.0015438979 0.17010139 0.04477924 3.0007806e-05 0.0006542386 0.03276608 0.0035751401 0.000116724885 0.20513324 0.60737336 0.8920968 0.00042089322 3.7439146e-18 0.9080963 0.041956004 0.9139695 0.8126497 0.00011735889 0.51814955 3.7270172e-05 0.36004192 1.4497687e-05 0.007836218 0.013758153 0.64245594 0.42277145 0.015541057 0.18089853 0.15190317 0.2864366 0.037360523 5.1013e-06 0.12172358 0.06780796 0.29805866 0.30936846 0.037263934 0.00446042 1.0642771e-06 0.0006873075 0.0014638312 0.020085746 0.001847056 0.00031341045 6.175844e-07 0.006576379 0.0009579636 0.0015376976 0.0030184481 0.0029235582 0.02548945 0.00599744 0.0015523838 0.00026848787 0.00035953178 0.023335114 0.00010950408 3.916991e-08 6.531918e-07 0.00020265329 0.0029027024 0.0055875177 0.0020508228 3.052142e-06 6.5711e-05 0.018930247 0.00010092241 0.0071049584 0.00015447233 0.00039653413 6.4161536e-06 0.00018032161 3.6772979e-06 7.584051e-06 0.00011691083 3.626363e-05 2.2181841e-06 9.0075766e-05 1.2118562e-07 7.97128e-05 4.7998135e-05 1.4944354e-06 7.945812e-08 1.4838752e-06 3.7566053e-06 1.3272346e-05 0.0005665804 0.0011623097 0.00070057274 6.363373e-07 0.00041580643 2.4390008e-07 4.4313083e-06 6.9543245e-07 1.9998757e-05 0.0012690157 4.3545873e-07
0.63768345 0.0011495213 0.00013757279 0.023565926 0.0010649519 0.38742727 0.23857236 6.371871e-06 0.0019879881 0.00018673301 0.018720094 1.2189302e-05 0.00946761 0.055067085 0.3750652 3.1583615e-05 0.9080963 8.424334e-19 0.5940108 0.94023997 0.17697072 0.00015953595 0.98824584 1.6531587e-05 0.0033410331 5.344949e-06 0.039857972 0.22322614 0.25414684 0.012109316 0.13881478 0.0047443067 0.19781272 0.09495375 0.10368892 3.5336902e-07 0.0039184564 0.00488602 0.0041270126 0.008817675 0.012226483 0.023424042 2.414382e-07 2.1305608e-05 0.0021060314 0.004656103 0.009018958 0.00017615018 2.1456145e-07 0.00062717125 7.334851e-05 0.009202684 7.097799e-05 0.015497048 0.00051869295 0.00013769709 0.0065652123 1.0521472e-05 0.0007034375 0.000973337 0.0001977392 1.03436626e-07 3.292929e-07 4.7405542e-06 0.0093198735 0.015311434 0.0032661043 3.0211308e-07 1.125415e-05 0.0002201029 0.0001160994 8.742532e-05 1.8234578e-06 1.0195028e-05 1.7749662e-05 4.411537e-06 2.459164e-07 1.7708354e-07 3.7080624e-06 2.6624946e-07 4.0407457e-07 1.2867201e-05 3.54138e-08 1.3637498e-05 3.0975716e-05 4.3558e-07 2.0671981e-08 2.3579106e-07 5.378044e-07 7.854566e-06 0.00032227056 0.0010653876 0.00067332253 1.1258857e-08 0.000408828 4.7613323e-08 6.6190287e-06 2.4251202e-08 3.240265e-06 0.002194919 1.8001961e-07
0.818778 0.0033075786 0.0021893475 0.19441481 0.017771192 0.18607593 0.93866056 0.00027696672 0.03173703 0.00033346206 0.20577835 0.00013249855 0.004056208 0.005022861 0.016979195 1.5295707e-05 0.041956004 0.5940108 9.747145e-21 0.08079817 0.004948119 0.009927569 0.41615808 0.00072607124 0.00035180646 6.45537e-05 0.87006044 0.97645223 0.010181184 0.00045260988 0.6593757 0.00046863127 0.030681936 0.004785508 0.00909129 1.071189e-06 0.0004549027 0.00020467656 5.2369596e-05 4.92734e-05 0.0020514263 0.25098914 8.0279017e-07 5.8420023e-06 0.11136858 0.003204996 0.05451738 0.006391551 5.0778035e-06 0.00034480655 0.00027582538 0.06294068 3.207901e-06 0.20432694 3.8698327e-06 4.6942456e-05 0.014450212 7.4154423e-06 0.015026473 1.0476996e-05 0.0005484252 4.104492e-07 8.3483735e-07 4.092538e-06 0.09405824 0.07474947 0.019054843 7.820934e-07 0.0004571913 1.7839933e-06 0.0015733977 6.788766e-07 9.699668e-06 4.2888013e-07 9.956644e-05 3.0236757e-07 6.2285096e-07 1.0631074e-06 4.9371356e-06 1.5375633e-07 1.9217848e-06 0.00019951868 6.3019417e-07 5.2596306e-06 2.7535805e-06 1.5991264e-06 8.207802e-08 2.5151046e-06 6.153797e-07 3.1324053e-05 0.0032335392 0.045888428 0.0061560576 6.08185e-08 0.0023326296 2.2122917e-08 2.6591224e-05 1.00068135e-07 8.772556e-07 0.023595149 2.2211296e-07
0.8547373 0.0005861029 0.00019668842 0.004231162 0.00044946815 0.061005436 0.037045497 6.682474e-06 0.00029327456 0.0025959206 0.002187606 1.6484168e-05 0.029729223 0.12742577 0.474312 0.000108218715 0.9139695 0.94023997 0.08079817 1.3126843e-18 0.49811497 1.926329e-05 0.89788824 7.390098e-06 0.095104985 4.5695456e-06 0.013406897 0.03759013 0.6100783 0.34253618 0.063801445 0.07864528 0.47680488 0.420824 0.26362804 5.594934e-06 0.10534039 0.067132756 0.32229656 0.24977519 0.11849443 0.020939581 2.3984608e-06 0.00020722514 0.0007369273 0.04555343 0.020344272 0.00015762588 1.6015346e-06 0.011714174 0.003943559 0.010237348 0.0031880755 0.0043725735 0.071509145 0.013137282 0.005640457 0.00055991276 0.0037336473 0.04534044 0.0007268576 7.816165e-08 2.9003836e-06 0.00035051964 0.003187185 0.007178132 0.0046867686 2.9419156e-05 0.00035000037 0.034502756 0.00029244032 0.024300897 0.0004055287 0.0013624384 3.0256435e-05 0.0031183804 7.743866e-05 5.4468386e-05 0.00033604505 0.00016930555 1.9709153e-06 0.00035413433 1.9725597e-07 0.00029610205 0.00029297156 4.3813638e-05 1.8626176e-07 2.1298952e-06 9.046364e-06 4.1808264e-05 0.0002626503 0.0007768483 0.00038682017 1.4827752e-05 0.00013696171 1.7492695e-06 3.209431e-06 2.0251011e-06 7.309474e-05 0.0018077042 5.147622e-07
0.9155774 0.0057061207 0.0033990624 0.0011848855 0.0030466137 0.030573532 0.0035820715 0.00027639308 0.00037004778 0.40491816 0.0009970483 0.0001742129 0.42973813 0.6949013 0.8430354 0.00066627533 0.8126497 0.17697072 0.004948119 0.49811497 4.133433e-17 0.00014985885 0.09267634 6.6666085e-05 0.9233524 0.00019169232 0.0011064541 0.0035730132 0.88022417 0.7990757 0.0030208703 0.24396521 0.09823749 0.5929905 0.010869006 1.9050836e-05 0.44205424 0.060805757 0.5087061 0.5155737 0.11379729 0.0018811808 1.82704e-06 0.0019340566 0.0010546421 0.04622079 0.0013638833 0.0009908212 1.1731781e-06 0.04007115 0.020593626 0.002798647 0.009306786 0.0031657633 0.05821775 0.035025 0.00074672804 0.0072427285 0.0007833307 0.06633189 0.0011481245 4.812287e-08 8.511566e-06 0.004851197 0.007577823 0.005716856 0.0015155234 1.2974875e-05 0.0004397451 0.014873406 0.00047345678 0.014180846 0.0020964316 0.000582424 1.1359035e-05 0.0006323742 0.0002597191 0.00030856908 0.00010734491 0.00075779704 1.6837783e-05 0.00020153755 3.115177e-07 6.8775014e-05 0.000121030804 0.00011583431 7.3341437e-07 1.0748853e-06 3.0688323e-05 3.8231155e-05 0.0015293272 0.0024484817 0.0012374669 4.5712914e-05 0.0015368195 1.22687e-05 2.3096423e-05 1.1084321e-05 0.0001690774 0.0014923925 4.0586625e-07
0.98574466 0.10299128 0.19562206 0.20391019 0.51473564 0.042425897 0.036876597 0.2952256 0.9574592 0.0018001029 0.13948515 0.041541226 0.0025413109 0.00094898697 0.000500372 0.009748309 0.00011735889 0.00015953595 0.009927569 1.926329e-05 0.00014985885 5.9147626e-21 9.244152e-06 0.7750399 5.064472e-05 0.112001605 0.04720683 0.0019503478 4.699827e-05 4.6619252e-06 0.0014753523 0.00086767104 5.0729095e-06 1.5832484e-05 6.4332755e-07 0.01040012 1.342324e-05 8.465282e-05 1.4924819e-05 1.1478637e-05 3.1799361e-06 0.0009648314 0.004056631 0.0003116498 0.9011487 3.5181768e-06 1.5050185e-05 0.60041213 0.006274042 4.512705e-06 1.1735978e-06 2.7083823e-05 2.4879624e-05 0.18344516 4.4248645e-06 4.3364544e-06 1.0123748e-05 9.057987e-07 4.052953e-07 1.8380792e-05 1.0264885e-08 3.568416e-05 0.00047489416 1.6828672e-06 0.04470443 0.05235338 1.2394841e-05 0.00046442111 7.5279095e-06 1.0523736e-06 9.2786297e-07 3.961573e-06 3.4815046e-05 9.38397e-06 5.447308e-08 1.0983646e-06 2.065724e-06 1.33032545e-05 1.2111884e-05 3.1358937e-05 8.931996e-06 1.4083213e-06 6.198801e-06 9.2026785e-06 9.35837e-07 4.624413e-07 2.1893504e-05 4.0645286e-06 1.3762159e-06 1.6007522e-07 0.09618348 0.18973856 0.26330364 3.5727913e-07 0.079737484 1.4007734e-06 0.00055748527 2.5866855e-06 2.0479115e-06 0.0027761923 3.0491905e-05
0.8290673 3.2512988e-05 1.5303674e-05 0.0024181071 0.0001322993 0.0665175 0.09061187 9.835035e-07 0.00025169714 2.6388569e-05 0.0046326015 5.4860146e-07 0.00094870606 0.0021223011 0.12577109 6.8843487e-06 0.51814955 0.98824584 0.41615808 0.89788824 0.09267634 9.244152e-06 2.6952504e-19 1.0371978e-06 0.00077725475 1.020043e-06 0.027847787 0.29718474 0.33993098 0.004705548 0.5379799 0.0021855456 0.4340604 0.19637269 0.46629456 4.760227e-07 0.0024827006 0.0038696094 0.0032761055 0.0059617646 0.059839536 0.04154851 7.055851e-08 8.176809e-06 0.0010170586 0.02581045 0.11096056 9.3107716e-05 9.599943e-07 0.0013662161 0.00060575287 0.0439403 3.1003878e-05 0.019431101 0.0007846616 0.00015961692 0.026008515 1.8264556e-05 0.017588304 0.001073505 0.0009847624 1.2028339e-07 1.3925471e-06 8.399521e-06 0.012230378 0.016976094 0.017943235 6.169216e-07 0.0003345441 0.00010275748 0.00071187294 0.00010024337 1.0986836e-05 2.0261492e-05 0.00014457393 8.188776e-05 8.8617935e-06 1.3877176e-06 7.0411365e-06 1.1939543e-06 3.4187306e-07 0.00023695032 8.680252e-08 1.763873e-05 4.4008488e-05 3.3018835e-06 2.680649e-08 1.5381677e-07 1.8280194e-06 4.706784e-05 0.00011829367 0.0011871607 0.00059707364 1.9439587e-07 3.606807e-05 5.5933583e-07 7.5121397e-06 1.916849e-07 1.1621632e-05 0.0035715674 4.9000954e-07
0.9683284 0.067070134 0.19792676 0.010331805 0.10962056 0.0031937573 0.0027651475 0.5037266 0.07012597 0.0018178563 0.0017654491 0.034386132 0.001069816 8.513324e-05 2.1348951e-05 0.00781598 3.7270172e-05 1.6531587e-05 0.00072607124 7.390098e-06 6.6666085e-05 0.7750399 1.0371978e-06 9.6616515e-17 1.9254823e-05 0.97692806 0.00046927485 4.314791e-05 1.78183e-05 1.7390945e-06 5.1950006e-05 0.00065698184 3.2975881e-06 4.0509653e-06 3.248997e-08 0.01665587 2.5699443e-05 1.2310565e-05 7.757315e-06 1.3711245e-05 1.7591731e-06 1.7422844e-05 0.013841945 0.0008700844 0.2718248 3.3692397e-06 4.909881e-07 0.9410916 0.29439276 3.11735e-05 8.990497e-07 4.1680153e-07 3.5301135e-05 0.018219126 1.14435625e-05 1.8819766e-05 3.1563422e-06 6.5705635e-06 4.667203e-07 9.320677e-05 7.0206223e-09 0.00059720554 0.005069672 1.0289638e-05 0.005910669 0.0047783074 2.2499405e-07 0.0003757012 1.8889615e-06 6.7494225e-06 8.476909e-08 4.614056e-05 0.00030276048 0.00057318993 3.7163268e-09 1.0806735e-05 5.9523754e-06 2.94688e-05 0.00014416789 3.9155067e-05 0.00016517112 6.322614e-07 6.622227e-05 0.000100041005 2.4249899e-05 9.41499e-07 0.00018378171 2.5443676e-05 1.7510693e-07 1.1821031e-08 0.06878062 0.014242343 0.21683972 0.00019858054 0.080352 4.4101176e-05 0.008201731 4.678003e-06 0.00015975413 9.5387495e-06 4.0748622e-05
0.6144195 0.012982489 0.0036277347 0.00022310684 0.0005800618 0.0050603105 0.00026400463 0.00033777786 7.729324e-05 0.83882785 9.554413e-05 0.0002531333 0.6341435 0.5767308 0.5429603 0.00087609986 0.36004192 0.0033410331 0.00035180646 0.095104985 0.9233524 5.064472e-05 0.00077725475 1.9254823e-05 7.9731774e-17 0.00017412967 5.6698413e-05 0.00011101519 0.41578043 0.9582198 0.00036195444 0.27782068 0.0069663003 0.26253006 0.00029169468 7.356851e-06 0.6466014 0.07750023 0.31375933 0.4402498 0.013600328 0.00012298366 6.263574e-06 0.00083720457 0.00073265657 0.0061291195 2.8598826e-05 0.001091665 1.4047151e-05 0.010122866 0.0020213763 1.849821e-05 0.000955625 0.0016255518 0.014650401 0.016582677 3.870436e-05 0.0011256853 2.6359543e-05 0.019083584 1.2471451e-05 2.7461783e-07 2.200692e-05 0.0004838232 0.0019702278 0.0012865829 0.00012658966 1.7754572e-05 8.803356e-05 0.00887953 3.6133192e-06 0.0028000404 0.0007000832 0.00020496036 6.496582e-07 8.0534606e-05 0.00011558251 0.00015230128 0.00013427524 0.0004785166 4.1868472e-05 2.2964115e-05 5.1026257e-07 4.944833e-05 6.8965026e-05 1.7626318e-05 7.801227e-06 2.3021973e-06 8.2233817e-07 5.6835376e-07 0.0006541113 0.00095105637 0.0012367879 5.042808e-05 0.008474123 1.9066101e-05 6.6355344e-05 2.0853179e-06 2.9017601e-05 0.00062309793 4.844615e-07
0.77258724 0.023667902 0.070057586 0.0020024264 0.017954156 0.0005230907 0.0001319733 0.92273897 0.00682552 0.006275356 0.0003136185 0.12800442 0.0023214559 0.00021337337 0.00020259473 0.08577373 1.4497687e-05 5.344949e-06 6.45537e-05 4.5695456e-06 0.00019169232 0.112001605 1.020043e-06 0.97692806 0.00017412967 3.5123227e-14 6.876262e-05 1.3336052e-05 9.842973e-05 3.189018e-05 2.5374784e-05 0.00412983 2.2532292e-06 1.3588478e-05 5.325444e-07 0.49803624 0.00031491145 0.0005562892 0.0001778678 0.0001038543 8.244352e-06 9.7908305e-06 0.46352246 0.057239186 0.016448162 1.4772254e-05 5.0992285e-06 0.49201703 0.9590313 0.00034610307 6.02377e-06 4.1693293e-06 0.0015356943 0.0033092923 9.2841525e-05 0.00058441504 1.7282156e-06 5.954962e-05 3.0580038e-06 0.0009168926 2.2291233e-07 0.0017719574 0.3178107 0.00012208609 0.00092225976 0.0010918394 3.1282318e-07 0.054902997 3.906382e-06 4.5744505e-06 3.175342e-06 6.232497e-05 0.00074021105 7.4287396e-05 3.4585263e-08 5.7118697e-05 6.819803e-05 0.00061719376 8.211545e-06 0.0005800275 0.0007472078 4.4361204e-06 1.2560218e-05 8.225763e-06 1.676464e-05 2.0012838e-05 0.02506567 0.00027769935 1.3463247e-06 6.397917e-07 0.026775911 0.0021921461 0.07118644 0.00011759123 0.035326667 0.00024209313 0.018956786 1.0850569e-06 1.5590622e-05 1.064375e-05 0.00013021192
0.9893781 0.008045366 0.003872897 0.06908125 0.038422864 0.067386314 0.83859944 0.0018093704 0.1674269 0.000121944584 0.9541386 0.0006346876 0.0008599391 0.0017277254 0.0040904074 0.0005713232 0.007836218 0.039857972 0.87006044 0.013406897 0.0011064541 0.04720683 0.027847787 0.00046927485 5.6698413e-05 6.876262e-05 1.5228584e-23 0.869005 0.0023002345 4.5214954e-05 0.1241072 9.675016e-05 0.003496653 0.0017811556 0.0021585934 1.7574208e-06 0.00019732474 8.611926e-05 5.018489e-05 4.299006e-05 0.0005377729 0.3994718 3.7935577e-06 4.943246e-06 0.3323658 0.00065995904 0.026411744 0.045341022 2.1198979e-05 0.00015747771 4.4636134e-05 0.07309325 6.370395e-08 0.6196141 8.5618746e-07 3.7527736e-06 0.017304981 5.0646e-06 0.011906512 1.4902894e-06 0.00016753572 2.6860013e-07 8.867576e-06 2.2221857e-06 0.22868301 0.18709862 0.022000672 5.9240294e-05 0.00015838744 6.557586e-08 0.0010760007 8.8364374e-07 1.0623408e-05 7.474397e-07 4.603521e-05 3.2726422e-07 2.5093272e-05 3.7116358e-06 9.473403e-06 1.2196685e-07 4.609529e-06 9.9010416e-05 2.463105e-07 9.998005e-07 2.0350046e-07 9.013677e-07 4.2310324e-07 1.2475202e-06 1.8753198e-06 1.8231133e-06 0.013228367 0.40691692 0.022654431 1.7034562e-08 0.0034815692 1.6056116e-08 1.6048532e-05 1.3364691e-08 4.7966654e-07 0.13968739 2.0493417e-06
0.92754257 0.00036546605 0.00023418016 0.032748975 0.0031886715 0.056625053 0.27976736 0.00014406798 0.0076994994 0.00011841975 0.07479439 6.746002e-05 0.0010995945 0.0014079863 0.0050345557 1.4539141e-05 0.013758153 0.22322614 0.97645223 0.03759013 0.0035730132 0.0019503478 0.29718474 4.314791e-05 0.00011101519 1.3336052e-05 0.869005 1.6482958e-20 0.009690109 0.00022715644 0.96651185 0.00026148537 0.01644268 0.0034753163 0.017791606 4.990093e-07 0.0006523869 0.00022439803 5.913869e-05 0.00010873401 0.0024324367 0.9063458 2.040885e-06 4.1639487e-06 0.06617441 0.0025429958 0.062037576 0.0019387499 4.065168e-06 0.0005029034 0.00032749076 0.12435304 2.6273057e-07 0.25364316 7.4144596e-06 1.4468571e-05 0.030744856 1.08033455e-05 0.019369248 1.3834213e-05 0.0008003494 1.12764866e-07 1.5609226e-06 4.4020308e-06 0.123745635 0.16081885 0.040239293 1.2811873e-06 0.0011224201 5.0467287e-07 0.0025187365 5.0952713e-06 2.7238048e-05 3.4382927e-07 0.00016969319 5.120375e-07 1.0736963e-05 3.9184374e-06 3.3540919e-06 1.1983792e-06 3.0927657e-07 0.0008728199 7.7187013e-07 4.886779e-06 1.2781121e-06 1.4892239e-06 4.9118802e-09 7.766549e-07 1.947662e-06 6.039338e-05 0.0017400718 0.06497683 0.0035515442 7.6859514e-08 0.00080109236 4.753266e-08 9.37019e-06 7.337316e-08 1.0858198e-06 0.09970054 8.0469266e-07
0.8766788 0.0011473927 0.00079182093 0.000754416 0.0012099678 0.01673362 0.0042071003 6.6508605e-05 0.0001906462 0.08133631 0.0007171775 2.4489767e-05 0.05796409 0.14946656 0.3490732 5.167991e-05 0.64245594 0.25414684 0.010181184 0.6100783 0.88022417 4.699827e-05 0.33993098 1.78183e-05 0.41578043 9.842973e-05 0.0023002345 0.009690109 5.4292703e-19 0.57658595 0.008045719 0.114897944 0.4238948 0.9650355 0.1920867 4.0213918e-06 0.34196916 0.030699488 0.43403918 0.3592768 0.3356132 0.007481244 9.784964e-07 0.0002662075 0.001267409 0.1468777 0.007523346 0.0005844254 1.6722979e-07 0.079111844 0.06462582 0.016812474 0.00254233 0.005062111 0.08544597 0.045812994 0.003165798 0.015746543 0.0020971405 0.10163228 0.004742504 1.6975951e-08 7.855498e-07 0.012616776 0.009266723 0.010018016 0.005382516 1.2448624e-05 0.0044389735 0.023827044 0.0013861781 0.025838302 0.0060222573 0.00070476095 8.679503e-05 0.001870658 0.0008140683 0.00066943094 0.00038121588 0.0057306914 2.0542473e-06 0.00022152414 1.4969778e-07 8.289025e-05 5.734576e-05 0.0002283419 1.6765628e-07 2.6727497e-07 2.209887e-05 7.597541e-05 0.0013578368 0.0024168943 0.0020290595 0.0003751518 0.0023057119 1.4513858e-05 1.2776423e-05 1.3618264e-05 0.00025242628 0.0025980396 2.1302739e-07
0.5707588 0.012490764 0.0020760791 0.00012407634 0.0001677186 0.004505679 0.00010370158 2.6213018e-05 1.530728e-05 0.462792 2.3668754e-05 5.0724237e-05 0.13604155 0.2634614 0.30377877 0.00032662772 0.42277145 0.012109316 0.00045260988 0.34253618 0.7990757 4.6619252e-06 0.004705548 1.7390945e-06 0.9582198 3.189018e-05 4.5214954e-05 0.00022715644 0.57658595 1.0642046e-18 0.00045716576 0.12808225 0.060696747 0.5575865 0.0039380137 7.81174e-06 0.94602096 0.05659115 0.66808885 0.6057554 0.09752463 0.0005036215 1.6592704e-06 0.00015095703 0.0003338923 0.044751953 0.00029931596 0.00030678598 1.8969913e-06 0.09303165 0.010435429 0.00024328369 0.00034168403 0.0012009552 0.13448326 0.2330402 0.00016824678 0.015084012 0.00019194918 0.112517536 0.00020253446 1.4434501e-07 4.808608e-06 0.007817732 0.0016615128 0.0022870621 0.00038507333 8.6595155e-06 8.081026e-05 0.027518068 9.094623e-06 0.008516788 0.0013947975 0.000727419 2.7769217e-06 0.0008868904 0.00010412346 0.00018147298 0.00041026922 0.002476491 8.021918e-05 6.600714e-05 1.3901866e-06 0.00017186566 0.00019799489 1.298811e-05 3.4849973e-06 1.4495164e-06 5.232414e-06 1.6836185e-06 0.00066288305 0.0014455965 0.0015410294 0.00023656602 0.03221601 1.0468137e-05 7.30831e-05 2.9377296e-05 0.00034988407 0.0005442643 1.899839e-06
0.8749254 8.661435e-05 0.0002004226 0.013002109 0.0015374089 0.025010431 0.054231968 4.9986953e-05 0.0028903245 0.00021607621 0.0133248335 4.9903123e-05 0.0012347774 0.0013181902 0.003988547 1.3005215e-05 0.015541057 0.13881478 0.6593757 0.063801445 0.0030208703 0.0014753523 0.5379799 5.1950006e-05 0.00036195444 2.5374784e-05 0.1241072 0.96651185 0.008045719 0.00045716576 2.3134748e-19 0.00019088181 0.051630873 0.008565921 0.12528354 8.962303e-08 0.0009694402 2.1734151e-05 0.00012981515 1.9086277e-05 0.013945003 0.9392165 1.5920195e-07 4.1512726e-06 0.016554117 0.013885564 0.4869971 0.00070317497 9.4939805e-06 0.0032759588 0.0046326923 0.45522347 1.40416605e-05 0.09299952 1.6392865e-05 0.00040717798 0.19110458 0.00017578417 0.15686609 6.879567e-05 0.011404178 1.711028e-07 1.0534951e-06 0.00018611767 0.10314568 0.097558655 0.081667565 3.2976052e-07 0.011726004 1.3076209e-06 0.011583376 4.6106848e-06 7.8098514e-05 1.0343697e-06 0.0010160169 2.0826942e-06 4.355152e-05 3.8152994e-05 4.4285375e-06 1.2642485e-06 3.2491523e-06 0.0039784587 6.1379427e-07 1.3450919e-05 1.5251536e-06 2.663851e-05 2.9903788e-07 9.494699e-07 6.581907e-05 0.0003153824 0.0002858867 0.022780279 0.000682372 1.7154264e-07 7.2107636e-05 8.064273e-07 2.5238687e-05 3.1704113e-07 3.9133247e-06 0.12276274 4.5073627e-08
