4.1054518e-14 0.973995 0.95206255 0.9926314 0.91464525 0.9682542 0.95619965 0.99801266 0.89812815 0.9024593 0.94043916 0.7025974 0.65551555 0.95562506 0.6268439 0.92549855 0.9928818 0.93775064 0.97938985 0.7013973 0.8203216 0.4570752 0.9821039 0.8208937 0.778405 0.75907004 0.996451 0.70454276 0.63786805 0.9742 0.9838024 0.3174992 0.631639 0.67523724 0.8842072 0.8877883 0.5182703 0.9960121 0.6171085 0.73928493 0.32906643 0.9814711 0.96964264 0.5184001 0.11854703 0.5983133 0.59217083 0.6030776 0.99711543 0.86918366 0.88028806 0.63703686 0.91383123 0.6923791 0.96665066 0.6913473 0.92535186 0.999581 0.79072505 0.9605285 0.45966107 0.99484026 0.96972764 0.99493766 0.90656793 0.095707856 0.023894902 0.2075689 0.900348 0.48312867 0.8843048 0.8886798 0.9999301 0.8832581 0.4195781 0.9222012 0.5659761 0.4446252 0.007426884 0.84431964 0.8734867 0.11817383 0.0027527565 0.107047506 0.15851833 0.391145 0.822744 0.22899266 7.191973e-05 0.0004385007 0.662745 0.9197004 0.0003840023 0.9072611 0.006318055 0.0023465075 0.00063958036 0.09687684 0.017544037 0.19245219 0.002657774
0.973995 9.650068e-13 0.9432297 0.16159879 0.9708253 0.01650905 0.027649092 0.9345851 0.878859 0.74811524 0.591484 0.5314107 0.31136873 0.053186525 0.00029678564 0.00024915655 0.47713238 0.074296996 0.38493118 0.0022213692 0.012873475 0.001672963 0.3980217 0.00015259073 4.3547945e-05 0.00016468903 0.014063721 0.010503639 0.002115569 0.56279206 0.00275632 0.0003528178 0.0025732943 0.011875299 0.40655684 0.2405027 0.00029050122 0.027035607 0.0027042234 0.075944744 0.0036299045 0.005874042 0.017901078 0.021313358 8.5370385e-07 0.00073315244 0.00072296057 0.006647503 0.00057367113 0.17346911 0.18120314 0.04685529 0.17978999 0.009151996 0.00060619554 0.027186172 0.2572278 1.7675251e-07 0.02574581 0.0039430866 0.00058404705 5.2287698e-05 0.0001250434 0.00022658547 0.00028273044 0.00027892372 1.2354747e-06 9.69369e-05 6.309591e-05 1.03639985e-08 1.3965898e-05 0.3175781 0.00014219737 0.00012914858 0.054318268 0.00029783868 4.5499233e-05 6.740922e-05 7.286958e-05 1.858198e-05 0.099898145 0.00021474583 2.101105e-05 7.720046e-06 2.0707193e-05 7.247585e-05 1.6372123e-06 4.616136e-06 3.0010567e-06 1.1125498e-05 5.118258e-08 1.4641417e-06 1.2318892e-05 0.00010998541 6.0010976e-08 1.3258986e-07 2.7926092e-06 2.3125342e-05 8.458483e-06 6.69039e-07 0.0003533217
0.95206255 0.9432297 1.0740285e-12 0.8287281 0.9132156 0.47238263 0.28815445 0.98685175 0.78301233 0.872989 0.5441624 0.42496142 0.1764701 0.20219979 0.006192237 0.005772339 0.4164741 0.15681455 0.4380832 0.007904241 0.030253801 0.007285402 0.13751489 0.003360294 0.00027153565 0.00047679857 0.15308592 0.035065684 0.0052436963 0.07869214 0.018316213 0.0014767015 0.0041430113 0.0075295866 0.0789701 0.074199855 0.000438 0.042837135 0.0029632167 0.010579666 0.0028366758 0.011296093 0.009740963 0.01113458 0.00019585266 0.005200275 0.011848115 0.0012775424 0.004008636 0.014279287 0.0129508 0.0022638913 0.004101861 0.00039579874 0.0011633167 0.0030446402 0.0011690509 1.20178465e-05 0.009579911 0.00093930686 0.00054267055 1.7350665e-05 8.966232e-05 0.0011070125 0.0009886031 0.0001305383 0.0001493753 5.6776764e-05 8.4772706e-05 6.670723e-07 1.4981492e-05 0.005742711 0.0007210733 0.000260852 0.0026984154 6.764628e-05 0.00011985359 0.00013528475 1.7154705e-05 4.362656e-05 0.0013664436 0.000102129874 2.4781704e-05 2.796391e-06 9.443374e-06 1.9416004e-05 8.998896e-07 4.627636e-06 4.2937836e-06 2.2219112e-05 1.8740809e-06 5.8747983e-06 2.8153413e-06 5.67069e-05 1.3007328e-06 8.688033e-07 2.9655419e-06 6.2905297e-06 1.3685903e-05 3.608622e-06 1.7335333e-05
0.9926314 0.16159879 0.8287281 3.752836e-11 0.017651957 0.9181854 0.89422995 0.37343344 0.03541189 0.39482474 0.20026019 0.0028154058 0.0040116915 0.9459978 0.07902538 0.10556043 0.0095676165 0.8532779 0.72980994 0.3726371 0.7423838 0.22258352 0.0024211681 0.018405508 0.01771394 0.22427891 0.3946319 0.4339761 0.3843423 0.011434197 0.14302678 0.087908655 0.10749259 0.07192867 0.018690702 0.050961766 0.11409186 0.004059193 0.06654101 0.0059869564 0.01810709 0.001007673 0.00013877812 0.05380177 0.0012240004 0.004264325 0.008478164 0.0073027792 0.0036784627 0.0018963892 0.0027527956 0.0009981487 0.0030941337 0.009349482 3.2394048e-05 0.00010513614 0.0545957 2.6239983e-05 0.0006671586 2.432651e-06 1.6721431e-05 2.736431e-06 3.0062445e-06 0.0001267791 0.0002597275 1.3871957e-05 4.2935775e-05 1.3629607e-05 8.086241e-06 4.1201183e-06 9.466942e-07 0.16899799 0.00058257236 0.00040295286 0.0010306207 5.8287683e-06 2.1511816e-05 1.0014337e-05 6.215415e-05 1.4933285e-06 0.0011814666 1.7719876e-05 0.00014972572 1.7506628e-06 1.8597094e-06 6.1789815e-06 1.5492355e-07 1.8495094e-06 0.00020527843 7.530779e-05 2.1956012e-06 6.3478287e-06 5.38231e-06 1.2783968e-05 1.4460948e-06 1.1707789e-07 5.132355e-06 6.1898277e-06 3.671292e-06 1.5671762e-05 5.9215295e-06
0.91464525 0.9708253 0.9132156 0.017651957 6.357555e-11 0.002467362 0.0003850278 0.4915516 0.95747554 0.62386245 0.47072628 0.96190274 0.82782435 0.00065893267 2.9654442e-05 6.471298e-05 0.75562435 0.0013717661 0.050781343 3.1274205e-05 0.00016861093 3.4559995e-05 0.09535412 2.934017e-05 2.7069736e-06 1.2966426e-05 0.0045211357 0.0003325633 7.4942116e-05 0.7018929 0.0013195317 1.9378378e-05 0.00017314257 0.0021605953 0.30542308 0.119485885 6.064797e-05 0.019484164 0.0003448373 0.07304986 0.0012355506 0.012938241 0.00060045527 0.0069461563 1.7665908e-06 0.0006215252 0.0015909435 0.0031852936 0.0003606893 0.14604266 0.2160607 0.057874177 0.25419316 0.0039339615 0.00041024457 0.01665926 0.057584766 3.9462334e-06 0.005605969 0.00023164201 0.00013958127 4.306025e-06 1.4606782e-05 0.00019514139 0.00022885381 4.057312e-05 6.5603234e-07 2.9758445e-05 1.812745e-05 2.8584293e-07 8.802941e-06 0.13106285 0.0006188117 0.00038403453 0.059983652 5.0180108e-05 6.550178e-05 1.8281093e-05 0.00014092484 3.055564e-06 0.11548745 3.1969535e-05 1.9315645e-05 1.0675717e-06 2.2171478e-06 3.9178094e-06 4.077838e-08 8.4124383e-07 1.4268314e-06 2.1819384e-05 6.187186e-07 8.1606396e-07 2.4786126e-05 2.781625e-07 1.1432943e-06 1.2883797e-06 1.3551401e-05 3.9164811e-07 1.8354752e-06 2.311501e-06 7.6994394e-05
0.9682542 0.01650905 0.47238263 0.9181854 0.002467362 1.1494692e-13 0.96315944 0.14862898 0.0048109638 0.065611765 0.023455158 0.00021448343 0.00060846563 0.58100104 0.63281995 0.9237436 0.005287581 0.27756688 0.15057124 0.19691008 0.30648455 0.1460431 0.00026492827 0.6155612 0.21848303 0.32477656 0.95916677 0.054402884 0.06717586 0.000256778 0.5576181 0.0071956404 0.0035574357 0.002501141 0.00039174792 0.0029052992 0.011730486 0.0020764354 0.0024245358 0.00017498784 0.0012646966 0.0003863188 4.626394e-05 0.0029106678 0.06579004 0.015387737 0.0695324 0.00021842108 0.015891118 7.782557e-05 2.842798e-05 0.00017800811 1.7781835e-05 0.00022971553 1.0275038e-05 1.8538643e-06 0.00028530927 0.00029128327 0.000105921834 5.122939e-07 5.4060865e-06 2.667456e-07 8.5692255e-07 6.9407426e-05 0.00025364995 2.6456905e-07 0.00057046977 1.0111046e-06 1.7220806e-06 1.0153606e-05 4.8717e-07 0.0014579067 0.0012600484 0.00016165174 4.2192223e-05 5.644075e-07 5.3564663e-06 2.642046e-06 3.573478e-06 1.0832914e-07 3.6214176e-05 2.082315e-06 1.4224396e-05 9.224579e-09 3.1600635e-07 2.6097216e-06 4.8618554e-09 9.434809e-07 4.349592e-06 5.63472e-06 1.7471704e-06 3.767819e-07 2.602292e-07 1.9906252e-06 3.9245643e-07 3.4539905e-08 2.4885946e-06 3.2297928e-07 1.685265e-06 2.844297e-07 1.2022683e-07
0.95619965 0.027649092 0.28815445 0.89422995 0.0003850278 0.96315944 6.615894e-11 0.02664195 0.0031253593 0.074697785 0.043562163 3.0717198e-05 0.00042089523 0.9488762 0.8707735 0.34562358 0.0008467418 0.56256664 0.18124753 0.82314485 0.85122055 0.6441592 3.9606357e-06 0.066829376 0.6731122 0.788594 0.2715676 0.30822614 0.5021594 6.218509e-05 0.18460053 0.087957606 0.038971227 0.016071409 0.00010993696 0.0017270945 0.20851421 0.00029993604 0.017013565 9.2256974e-05 0.005208495 3.8276397e-05 3.0502881e-06 0.007233448 0.0047051175 0.0022829422 0.0072383955 0.0006317581 0.0017592338 1.0384781e-05 4.8895295e-06 2.3610994e-05 1.5000721e-05 0.0018661596 1.8460837e-06 3.0047124e-07 0.002537838 6.2321225e-05 3.163465e-05 4.8382596e-08 2.6135647e-06 1.0818604e-07 1.21647e-06 1.6998221e-05 3.0958352e-05 1.1515e-06 9.541861e-06 3.0905178e-06 9.1022675e-06 2.5760014e-06 5.1752113e-07 0.010362878 0.00048295103 0.00010820004 4.985018e-05 7.3853416e-06 0.00031544105 1.1832915e-05 4.29238e-06 3.2835874e-07 4.6345944e-05 1.0223654e-05 1.1215012e-05 2.4023373e-07 1.0380181e-06 1.0187039e-05 1.340712e-07 6.358495e-07 3.0706447e-05 3.879129e-06 2.3521106e-06 8.378479e-06 1.1512705e-06 1.0531526e-06 6.6026055e-06 3.6587194e-06 4.595152e-05 2.7058806e-05 0.0001022833 0.00014039833 2.5674638e-06
0.99801266 0.9345851 0.98685175 0.37343344 0.4915516 0.14862898 0.02664195 3.823787e-12 0.25627714 0.29863524 0.2281934 0.114010036 0.05499424 0.037557665 0.0021676205 0.0032335129 0.45518255 0.05037757 0.20086354 0.0028240408 0.0103994105 0.0033282347 0.16450104 0.0020834317 9.7783595e-05 0.00020949297 0.19983427 0.0072639026 0.0016999714 0.119682506 0.008930502 0.0002963351 0.0016122274 0.0031981447 0.057506684 0.04368435 0.00019632073 0.08558778 0.0012396349 0.016078176 0.0013761197 0.019807125 0.038156256 0.0058097886 3.6785797e-05 0.0064284713 0.010592674 0.0013614102 0.0050326525 0.024165234 0.02466969 0.0055503044 0.012467681 0.00067956233 0.0023730027 0.0055092997 0.0022399214 1.6842232e-05 0.01831736 0.0031886275 0.0011724501 0.00011057838 0.00026684726 0.005395604 0.0025270772 0.00018938589 0.00024618898 9.461012e-05 0.00018467529 5.1620356e-07 3.6644586e-05 0.0051059923 0.0014089171 0.0007074478 0.002832625 0.00041808345 0.0005194104 0.00022394332 1.139885e-05 6.08537e-05 0.0018255049 0.0002559404 4.8967973e-05 6.422165e-06 9.49689e-05 0.00019290029 5.646414e-06 5.817393e-05 4.5738184e-06 5.7654754e-05 1.849431e-05 4.767651e-05 4.323105e-06 0.00042116083 2.2901151e-05 9.379018e-07 2.3356222e-05 0.00028045368 0.00015347384 1.2295722e-05 0.000110701614
0.89812815 0.878859 0.78301233 0.03541189 0.95747554 0.0048109638 0.0031253593 0.25627714 2.5211357e-11 0.95535624 0.89618385 0.9440527 0.95570064 0.0010057935 5.97669e-05 2.9574574e-05 0.1040071 0.0043773777 0.2370071 3.3056946e-05 0.00047391985 3.9868053e-05 0.0069061513 2.5436444e-05 4.389668e-06 5.417586e-06 0.0016743174 0.0013496369 0.00024134509 0.765064 0.0005460358 8.033807e-05 0.001010935 0.0102063045 0.6751655 0.47292352 8.6473556e-05 0.0013530521 0.0020498014 0.28029594 0.0062135803 0.0010111294 0.00013209267 0.0774689 2.9659407e-06 0.000495593 0.00094230665 0.021067735 0.00014617812 0.032379102 0.09047386 0.2261992 0.18594201 0.027623188 5.4113563e-05 0.0044512283 0.2779951 8.965445e-07 0.0008141467 1.83426e-05 5.35605e-05 3.615096e-07 3.0567414e-06 1.5458101e-05 9.394057e-05 1.0158071e-05 4.1047934e-07 1.39939075e-05 9.52892e-06 9.110387e-08 5.646673e-06 0.34153718 0.00012360934 4.875651e-05 0.100862525 7.243118e-06 4.59837e-05 3.3635156e-06 0.00027716727 3.1290793e-07 0.09964854 1.0369907e-05 1.662401e-05 9.217179e-08 7.0294022e-06 4.5341494e-06 2.2654145e-09 6.5671463e-07 2.8082382e-06 5.0633926e-06 9.618889e-08 2.3762271e-07 6.210209e-06 1.5484763e-07 5.1649016e-07 7.910665e-07 5.3725795e-05 5.947016e-07 3.968625e-06 4.0541267e-06 6.955317e-06
0.9024593 0.74811524 0.872989 0.39482474 0.62386245 0.065611765 0.074697785 0.29863524 0.95535624 7.915182e-15 0.99361783 0.28338686 0.84783804 0.03427873 0.0010314005 0.00012497256 0.054640632 0.08887572 0.72315174 0.0011763151 0.007878078 0.0008582239 0.0014573153 0.00011152475 2.7428543e-05 4.5452827e-05 0.008638842 0.032901954 0.0032777651 0.20643649 0.0052784337 0.00080531917 0.0116846515 0.05214741 0.3823772 0.49402753 0.0007402604 0.0009039103 0.014753502 0.0606686 0.021952175 0.0006482135 3.1063813e-05 0.19510175 1.576488e-05 0.0007804929 0.0013884476 0.014979235 0.00030387208 0.003377946 0.0063632363 0.05274109 0.009202869 0.014445086 1.5245929e-05 0.0008253679 0.050533123 2.6172788e-06 0.00013905275 9.2413664e-08 3.069384e-06 1.1418837e-07 3.435284e-07 2.1383253e-06 1.1750867e-05 7.575272e-07 2.650091e-06 5.228291e-07 1.0554259e-06 2.1113551e-07 2.0644212e-07 0.06676235 0.00033195998 5.1241997e-05 0.019489985 7.348727e-07 4.7914696e-06 1.999452e-07 0.00014700979 1.7500502e-08 0.0059255576 2.9644589e-06 2.5560756e-05 7.1109025e-09 5.3940617e-08 1.8967695e-07 7.6660606e-10 6.3581346e-08 1.5637207e-06 7.0296974e-06 8.5493774e-08 2.833496e-08 9.98478e-07 1.5878223e-07 1.5046095e-07 8.324217e-08 8.335971e-07 6.708296e-08 3.5186315e-07 1.2952819e-07 3.6157442e-07
0.94043916 0.591484 0.5441624 0.20026019 0.47072628 0.023455158 0.043562163 0.2281934 0.89618385 0.99361783 9.872131e-13 0.23458888 0.8198505 0.079184175 0.00045865646 6.9025955e-05 0.035712216 0.24564551 0.9144949 0.0020429064 0.0143567035 0.0013860756 0.0014752601 9.9112636e-05 2.0910085e-05 3.4589077e-05 0.0039097643 0.09071117 0.0040846164 0.57232803 0.0037856179 0.0016363487 0.04899777 0.19582942 0.8719761 0.89661056 0.0015117753 0.00062757987 0.08760136 0.4921664 0.09620172 0.0005845486 5.7152156e-05 0.5789585 6.233302e-06 0.00032420273 0.0008241188 0.16475338 0.00019952893 0.011616775 0.020982625 0.25606388 0.057474762 0.14284392 2.8672313e-05 0.00084379944 0.61898947 1.2827535e-06 0.000280706 9.130532e-08 8.194835e-06 2.1792806e-07 6.4107496e-07 8.280712e-07 1.6752373e-06 1.4536679e-06 7.4239017e-07 1.930974e-06 1.7720021e-06 1.5378494e-07 8.901752e-07 0.6333062 0.0001579854 1.6378144e-05 0.14737648 6.2131003e-06 4.9928396e-05 1.5495406e-06 0.001110443 2.171945e-08 0.046632107 1.0585877e-05 4.1485957e-05 3.5091077e-07 1.5967863e-07 9.1056575e-07 1.0251693e-09 1.8130127e-07 4.4793983e-06 4.346882e-05 2.5019492e-08 8.0383394e-08 3.6001074e-06 2.491303e-07 1.1126235e-06 7.924138e-08 9.032122e-06 1.0837817e-06 3.323277e-06 2.3534571e-06 9.913069e-07
0.7025974 0.5314107 0.42496142 0.0028154058 0.96190274 0.00021448343 3.0717198e-05 0.114010036 0.9440527 0.28338686 0.23458888 8.093931e-14 0.99770737 2.4231382e-05 2.7346177e-06 8.515897e-07 0.19938388 2.3776576e-05 0.004849025 5.7971088e-06 9.071365e-06 9.214179e-07 0.5304312 1.359993e-06 2.2777586e-07 4.56751e-08 0.00030795264 1.5968139e-05 1.8424677e-06 0.87674075 0.00010409783 4.8376182e-06 3.485391e-05 0.00038051957 0.29509863 0.07979414 1.919131e-06 0.0033164357 3.716767e-05 0.036762614 0.00054649275 0.0019758106 0.0009371062 0.00412005 9.8358264e-08 7.0207257e-06 1.1514269e-05 0.0007222859 3.152176e-06 0.09988974 0.163655 0.071170874 0.18079853 0.00031914114 0.0003883693 0.01272847 0.009126545 4.8189897e-09 0.0054191495 2.6006943e-05 0.0001060315 1.41977525e-05 8.652842e-05 8.5608786e-05 0.00010565428 9.292506e-05 2.263786e-09 1.3435163e-05 2.8845625e-05 7.9664e-09 3.573129e-05 0.037125994 5.823754e-05 3.478461e-05 0.048985217 4.2463005e-05 2.8312717e-05 6.0475827e-06 5.853951e-05 8.150159e-08 0.05664578 9.531734e-05 2.3226125e-05 1.9224215e-07 2.0130492e-06 3.0125298e-06 7.539473e-09 1.1831814e-06 2.7845485e-06 2.3433486e-05 1.7753425e-08 1.4241165e-06 9.931233e-06 3.2969606e-07 6.2944815e-07 1.7833429e-07 1.544565e-05 4.0372444e-07 4.4764984e-06 8.963569e-06 7.638648e-05
0.65551555 0.31136873 0.1764701 0.0040116915 0.82782435 0.00060846563 0.00042089523 0.05499424 0.95570064 0.84783804 0.8198505 0.99770737 1.0980879e-12 0.0002074638 2.7651211e-05 1.14153845e-05 0.033634022 0.00025766573 0.022529967 3.8304657e-05 0.00013977643 1.5278227e-05 0.10078145 8.160217e-06 4.3668052e-07 9.0540664e-07 0.0002129607 0.00020430914 1.8325185e-05 0.91978353 0.00018635993 1.6737098e-05 0.00018995782 0.0015869467 0.66233826 0.26979518 9.68378e-06 0.00068122894 0.00015242971 0.08933001 0.0026520696 0.00059851835 0.00030647425 0.017069457 1.3746097e-07 3.9634222e-05 3.75298e-05 0.0017892227 2.5178108e-05 0.063826755 0.111581616 0.10937868 0.15109912 0.0010507394 6.667639e-05 0.0076592043 0.01428368 4.131062e-09 0.002394191 1.7470778e-05 4.1255502e-05 4.3272544e-06 1.1179187e-05 4.6819573e-06 1.052624e-05 1.5969083e-05 9.571338e-09 5.0160943e-06 2.2736764e-05 2.1910724e-08 7.356213e-06 0.052668948 1.505294e-05 3.5560074e-06 0.0508114 3.0804586e-05 1.2455523e-05 8.62738e-07 4.485038e-05 4.289985e-08 0.036176253 4.0690644e-05 1.3871917e-05 1.3986289e-07 5.027495e-07 1.7792972e-06 5.965181e-09 5.743069e-07 1.3386849e-06 3.6603562e-06 2.8231746e-09 2.2931944e-07 3.1621512e-06 9.6174226e-08 4.5453215e-09 2.7694636e-08 1.1866529e-06 4.6969657e-08 1.9329262e-07 1.8095762e-06 1.0473085e-06
0.95562506 0.053186525 0.20219979 0.9459978 0.00065893267 0.58100104 0.9488762 0.037557665 0.0010057935 0.03427873 0.079184175 2.4231382e-05 0.0002074638 6.7931845e-12 0.041728172 0.012886581 0.0015633183 0.96784 0.493025 0.5041275 0.957566 0.35287896 1.3165431e-05 0.005730426 0.022778718 0.113979705 0.08574222 0.6267776 0.6454134 0.00057590986 0.04515297 0.12621339 0.084468134 0.039860327 0.00071918254 0.008459149 0.11929525 0.00010890794 0.028933909 0.000528475 0.0070648747 4.2386575e-05 4.834556e-06 0.010959774 0.0003480004 0.0010178514 0.0029570994 0.0011267378 0.0008981663 5.153062e-06 5.359205e-06 0.00010775323 2.536283e-05 0.0036111372 1.2213266e-06 2.0413909e-06 0.0065366956 0.00010045803 6.567168e-06 6.922573e-08 1.2915117e-06 1.1840613e-07 1.5773405e-07 1.8338358e-06 1.1685648e-05 2.1495286e-07 1.2027546e-05 3.2862314e-07 2.4007045e-07 1.0502986e-05 1.442092e-07 0.026463516 0.0006167013 0.0003152633 0.00024378093 3.6865586e-07 8.981907e-06 1.4166569e-06 1.3536417e-05 1.5660898e-07 0.00033428834 3.5523416e-07 7.0553557e-07 2.5850897e-08 1.7643151e-07 2.6320154e-07 1.8893584e-09 5.019281e-08 1.410375e-06 3.3697944e-07 6.3990524e-07 5.4443444e-07 1.1098755e-06 1.1380927e-07 1.0961189e-06 8.2967155e-08 3.1265301e-06 1.9644402e-07 5.6303287e-07 1.4395933e-06 4.7848932e-08
0.6268439 0.00029678564 0.006192237 0.07902538 2.9654442e-05 0.63281995 0.8707735 0.0021676205 5.97669e-05 0.0010314005 0.00045865646 2.7346177e-06 2.7651211e-05 0.041728172 6.262748e-12 0.9974997 0.0003661187 0.0044570826 0.0011013141 0.1082427 0.038822178 0.04205069 1.0680691e-05 0.20742509 0.9949921 0.22400822 0.14015953 0.0024481458 0.009191374 2.6811144e-06 0.12128244 0.0008131834 0.00024122752 0.00015301639 7.815107e-06 4.1070296e-05 0.006552899 0.00011495601 0.00039362302 3.7263333e-06 0.00013973124 2.0095746e-05 1.7284503e-05 0.00020928608 0.27201274 0.002192306 0.012222477 1.4558566e-05 0.0020637817 1.2551382e-05 2.5179368e-06 2.7727314e-05 5.2982966e-07 7.051744e-05 3.549824e-06 2.7650285e-07 7.0451104e-05 0.00022368271 9.830946e-05 2.2084859e-07 1.8852666e-06 7.0637384e-07 4.4946364e-06 4.6848427e-06 8.195405e-06 3.7717793e-08 0.0001706393 2.6915708e-07 1.1805513e-05 5.9134536e-06 3.3895146e-06 6.619739e-05 0.00021402493 2.784768e-05 1.1712994e-05 9.604921e-06 5.09496e-06 2.1339433e-06 1.9767922e-06 5.571939e-07 7.893064e-06 1.0246215e-06 6.242806e-07 3.7510652e-09 2.5045968e-06 8.8738653e-07 9.1474e-09 2.0700932e-07 5.664164e-06 3.4440147e-06 5.0743927e-07 2.9212657e-07 3.4544453e-08 6.826952e-06 1.2285325e-07 6.330279e-08 7.5472685e-06 5.982215e-07 2.3823936e-06 1.0846959e-06 1.7585315e-09
0.92549855 0.00024915655 0.005772339 0.10556043 6.471298e-05 0.9237436 0.34562358 0.0032335129 2.9574574e-05 0.00012497256 6.9025955e-05 8.515897e-07 1.14153845e-05 0.012886581 0.9974997 2.8071853e-12 0.00036945412 0.0044477577 0.0009952211 0.023344029 0.0111583695 0.0077655977 1.5100102e-05 0.9109399 0.63891757 0.10307929 0.8894742 0.0009991954 0.0041430886 6.0429525e-06 0.7827859 0.00039726563 0.00019539354 5.9181053e-05 6.642901e-06 0.0001312452 0.0028664172 0.00017982085 0.00013839273 1.552439e-05 0.0001471891 3.730908e-05 1.416877e-06 0.00010721119 0.64708436 0.027132617 0.18165866 7.980929e-06 0.016286017 1.6626157e-06 6.790864e-07 5.059497e-06 2.8733177e-06 5.2254098e-05 4.175371e-07 1.7706446e-07 0.00013867572 0.005011158 1.1825063e-05 5.5862383e-08 8.9087075e-07 7.880985e-08 3.9217363e-07 5.3704816e-06 7.3157257e-06 1.8181266e-08 0.003130575 3.6188815e-08 1.1991103e-05 2.8157912e-05 2.1520638e-07 0.00028199743 0.0017031656 6.686047e-05 5.617746e-07 4.971926e-06 3.515534e-06 1.7241008e-07 3.355293e-07 2.7250817e-08 9.265583e-06 9.9401205e-08 8.600664e-07 9.2878133e-10 5.414815e-07 4.4130493e-07 1.5251659e-09 2.8612423e-08 7.778828e-06 1.5456797e-06 8.8637915e-07 3.6354297e-08 3.295942e-07 6.580814e-07 2.6390543e-08 1.4367001e-07 5.423461e-07 1.00563696e-07 7.883883e-07 1.1470479e-08 1.0616878e-08
0.9928818 0.47713238 0.4164741 0.0095676165 0.75562435 0.005287581 0.0008467418 0.45518255 0.1040071 0.054640632 0.035712216 0.19938388 0.033634022 0.0015633183 0.0003661187 0.00036945412 1.0698922e-12 0.0019769177 0.009473603 0.00017991998 0.00017294948 0.00020965625 0.9608328 0.00044523366 1.61331e-05 1.3044466e-05 0.015862327 0.00025370417 8.126647e-05 0.14323753 0.0061637713 6.0705548e-05 0.00015859013 0.00021724528 0.019399565 0.005332623 2.9401794e-05 0.88668585 9.94297e-05 0.00329963 0.0003110159 0.6536225 0.9428494 0.00045499732 5.784374e-06 0.0068666916 0.0069748987 0.00035477153 0.003927752 0.44177938 0.2745525 0.0022840519 0.06916004 0.00012519899 0.10312512 0.33314896 0.0010499597 1.5322148e-05 0.59057087 0.50446105 0.08670801 0.004644459 0.017573768 0.01963447 0.0072153416 0.021114051 0.00018560296 0.02655245 0.0067797927 3.5945188e-06 0.0031212545 4.6557027e-05 0.0062841033 0.004711302 0.005674439 0.031935647 0.003097018 0.0022992694 1.001164e-06 0.0010573764 0.060215205 0.005859129 0.00028931294 0.0007165188 0.0003841554 0.001123184 0.00013197983 0.0013640693 3.0895175e-05 2.9515939e-05 6.64968e-05 0.00046625477 0.00037434482 0.00066521 8.1532344e-05 3.1334363e-05 4.2184376e-05 0.0002022075 0.00014846268 8.025009e-05 0.002288908
0.93775064 0.074296996 0.15681455 0.8532779 0.0013717661 0.27756688 0.56256664 0.05037757 0.0043773777 0.08887572 0.24564551 2.3776576e-05 0.00025766573 0.96784 0.0044570826 0.0044477577 0.0019769177 2.1079857e-12 0.8535122 0.09655707 0.87111175 0.095251165 9.996885e-06 0.0012500816 0.0008883384 0.006499176 0.027612029 0.9800152 0.8664655 0.00030705144 0.018598981 0.46280637 0.48102736 0.33327636 0.0010452844 0.039714422 0.2518557 0.000113683935 0.22006394 0.0013853844 0.04800828 3.2837845e-05 3.2168493e-06 0.10717542 0.000107226224 0.00053424854 0.0015916522 0.004611246 0.0004355927 5.837441e-06 6.098485e-06 0.00051030226 9.889638e-06 0.014661345 4.488157e-07 3.8211383e-06 0.021158671 8.48954e-06 5.383691e-06 6.4243395e-08 1.2951243e-06 6.7362336e-08 8.76134e-08 7.4485524e-07 3.1438149e-06 2.370711e-07 5.751367e-07 4.953848e-07 2.1228959e-07 5.709081e-07 9.490991e-08 0.08065171 0.00049714925 9.715282e-05 0.0009459573 1.6391395e-07 4.6972796e-06 1.147884e-06 3.754104e-05 5.7604655e-08 0.00043593117 3.030145e-07 2.1813723e-07 1.967428e-08 1.4580394e-07 3.133143e-07 7.8743956e-10 1.4394998e-08 3.7436089e-06 4.5269704e-07 4.5675347e-07 1.9890604e-07 7.991298e-07 9.693037e-08 7.609005e-07 2.6469905e-07 3.6390616e-06 2.5216698e-07 4.770848e-07 9.88802e-07 3.3091563e-08
0.97938985 0.38493118 0.4380832 0.72980994 0.050781343 0.15057124 0.18124753 0.20086354 0.2370071 0.72315174 0.9144949 0.004849025 0.022529967 0.493025 0.0011013141 0.0009952211 0.009473603 0.8535122 3.326834e-14 0.006114445 0.2282523 0.006571856 0.00025644957 0.00072871073 3.3763274e-05 0.00030886853 0.020294214 0.95120054 0.30440518 0.012272523 0.017299281 0.3561055 0.8935961 0.9235945 0.13358155 0.81125253 0.16461106 0.00022282975 0.66601765 0.054943737 0.5107021 0.00012210308 8.656247e-06 0.6673106 6.163001e-05 0.00036164204 0.001098449 0.07162338 0.0001813664 3.8101578e-05 0.00011760325 0.026290208 0.0010592224 0.08589342 2.39395e-06 9.402532e-06 0.2718904 2.11946e-06 6.823326e-06 7.039075e-08 3.7775353e-06 4.8288354e-07 8.4977e-07 5.469006e-07 1.0667692e-05 3.1164905e-07 6.158097e-08 3.0211925e-06 1.6394639e-06 1.1160938e-07 3.8470387e-07 0.26608393 0.00034057043 6.952004e-05 0.020891555 6.8200694e-07 2.7026777e-05 1.3559098e-06 0.00032509194 3.8427316e-08 0.0019286122 1.8652707e-06 4.457707e-06 2.4460343e-08 1.05814046e-07 9.977711e-08 1.6122701e-09 5.6100923e-08 1.2172086e-05 3.959214e-07 9.528647e-08 4.6118257e-07 9.0865734e-07 6.0454546e-08 1.112022e-06 2.1451645e-07 4.3533773e-06 7.685804e-08 3.181882e-07 3.6442784e-06 9.855671e-07
0.7013973 0.0022213692 0.007904241 0.3726371 3.1274205e-05 0.19691008 0.82314485 0.0028240408 3.3056946e-05 0.0011763151 0.0020429064 5.7971088e-06 3.8304657e-05 0.5041275 0.1082427 0.023344029 0.00017991998 0.09655707 0.006114445 7.572988e-11 0.9641106 0.9987525 6.2711047e-06 0.006667464 0.10870426 0.96743983 0.019228062 0.05681058 0.40460172 2.3467635e-05 0.0132510625 0.028764974 0.007263528 0.0033276305 1.19955075e-05 0.00042289292 0.23691641 9.111935e-06 0.012467088 3.152256e-05 0.0029666736 9.791858e-06 1.9968845e-06 0.0026911744 0.0011682273 0.00014040862 0.00046539365 0.00030941307 0.00012789595 1.8686243e-05 6.4061937e-06 7.197174e-05 1.0333153e-05 0.0019225393 5.1559886e-07 8.827328e-06 0.0062892227 2.0448817e-05 6.8800755e-06 3.3597345e-07 8.9401374e-07 5.960953e-08 2.1847887e-07 2.0287708e-07 1.07587645e-07 7.0070564e-07 9.746031e-06 4.3125524e-07 1.0819889e-06 3.3058222e-06 7.2582814e-08 0.018067019 0.00012542833 1.7949984e-05 3.3233107e-05 2.4427497e-06 9.081943e-06 8.8215006e-07 2.9514827e-06 2.5383517e-07 6.011451e-05 6.889116e-08 5.1880886e-07 1.3136922e-09 1.9580136e-07 1.3603861e-06 2.0006365e-09 2.0115225e-07 2.533061e-07 7.8128454e-07 5.255869e-08 4.8339496e-07 1.9594697e-08 3.5114613e-07 6.143386e-08 7.979133e-08 2.218386e-05 4.920726e-08 1.4203386e-05 6.836561e-08 2.1765812e-08
0.8203216 0.012873475 0.030253801 0.7423838 0.00016861093 0.30648455 0.85122055 0.0103994105 0.00047391985 0.007878078 0.0143567035 9.071365e-06 0.00013977643 0.957566 0.038822178 0.0111583695 0.00017294948 0.87111175 0.2282523 0.9641106 3.230114e-12 0.93539214 3.6101571e-06 0.002953044 0.025669757 0.48121172 0.024822194 0.64524156 0.98725605 4.1083495e-05 0.01475636 0.31688866 0.06402141 0.021576798 4.0114464e-05 0.0020129466 0.39407596 2.039668e-05 0.020487627 6.986179e-05 0.005268205 5.6063323e-06 3.0814972e-06 0.0062159547 0.0007700431 0.00043216845 0.0008299708 0.00038365475 0.0004474138 4.079192e-06 1.0870757e-06 5.7828434e-05 2.574933e-06 0.002236328 2.1443587e-07 5.204616e-07 0.0049427613 1.6849863e-05 2.7309459e-06 4.5911023e-08 7.2761594e-07 3.257231e-08 7.5123175e-08 1.8444989e-07 2.8164465e-07 5.382538e-07 6.9833777e-06 6.4741585e-08 2.9008774e-07 4.6104033e-06 3.6190542e-08 0.017340237 0.00024805765 2.0467158e-05 0.00022137038 2.7831507e-07 5.2198943e-06 2.4483134e-07 5.9901536e-06 3.3400564e-08 0.00021001084 1.705562e-07 1.3097263e-06 1.1716558e-09 5.006667e-07 1.2103588e-06 7.269053e-10 2.0079153e-07 2.7969523e-07 2.450154e-07 1.9618605e-07 2.3723057e-07 1.3324077e-07 1.6159863e-07 6.591055e-08 1.4657427e-08 2.477517e-06 2.2803015e-07 2.9620228e-06 2.8409332e-07 7.0799513e-09
0.4570752 0.001672963 0.007285402 0.22258352 3.4559995e-05 0.1460431 0.6441592 0.0033282347 3.9868053e-05 0.0008582239 0.0013860756 9.214179e-07 1.5278227e-05 0.35287896 0.04205069 0.0077655977 0.00020965625 0.095251165 0.006571856 0.9987525 0.93539214 2.79971e-12 5.817412e-06 0.0026770446 0.06273984 0.9891494 0.014971267 0.0800564 0.5076673 7.3379524e-06 0.008667407 0.018410806 0.0025495512 0.000593339 2.9608086e-06 0.00013581528 0.12637556 1.3987396e-05 0.00042372456 1.3967774e-05 0.0002023061 1.5221437e-05 5.75075e-06 0.00025230352 0.0006769555 9.8683784e-05 0.0003353318 4.2811025e-05 0.00013506664 5.55105e-06 7.3591764e-07 2.8389588e-05 1.7303645e-06 8.136473e-05 2.3127316e-06 8.971937e-07 9.119945e-05 1.2649291e-05 6.3430425e-06 6.078615e-08 3.7161888e-07 1.216995e-07 4.4592608e-07 1.4009156e-07 8.5274245e-08 3.078736e-08 7.493007e-06 5.760905e-08 2.7131584e-06 6.312209e-07 7.077663e-07 0.00010583095 6.809918e-05 1.27326575e-05 2.3113093e-06 5.3094473e-06 6.290017e-07 8.5171834e-08 7.760781e-07 3.77867e-08 1.0317604e-05 2.3345977e-07 8.875579e-08 8.7029384e-10 1.1442842e-07 5.220429e-07 2.9384592e-10 7.0014096e-08 2.333448e-08 2.0286701e-07 1.0122469e-08 8.057389e-08 1.904621e-08 1.7995559e-07 3.913287e-08 5.6944587e-09 9.4473876e-07 6.18677e-10 2.4386193e-07 8.815399e-08 1.6356556e-09
0.9821039 0.3980217 0.13751489 0.0024211681 0.09535412 0.00026492827 3.9606357e-06 0.16450104 0.0069061513 0.0014573153 0.0014752601 0.5304312 0.10078145 1.3165431e-05 1.0680691e-05 1.5100102e-05 0.9608328 9.996885e-06 0.00025644957 6.2711047e-06 3.6101571e-06 5.817412e-06 5.422808e-13 1.9154257e-05 1.205647e-06 2.9326222e-06 0.0016671354 3.1359157e-06 7.5052964e-07 0.5103233 0.0006543946 9.627494e-07 6.9524913e-06 2.2844808e-05 0.07161209 0.0066822036 4.5858555e-06 0.31207862 2.072787e-06 0.008439947 0.00013862256 0.20859039 0.07590868 0.00048503434 1.2845371e-06 0.00022737752 0.00082096894 0.00019703592 7.737614e-05 0.9504831 0.876543 0.057140674 0.7235816 0.00023561834 0.013640797 0.87242156 0.0055392818 6.7312993e-07 0.7497858 0.0064255656 0.0052114488 0.00014746883 0.00033917007 0.0004881581 0.0013500379 0.05693955 2.303248e-07 0.01874546 0.00012537844 2.7220935e-07 9.912682e-05 0.030994631 0.0013249451 0.0009620873 0.10745544 0.0006079756 0.001127444 0.000105656996 3.2813023e-05 9.608952e-06 0.6430498 0.0015112123 9.2892544e-05 0.0027860668 2.1420105e-05 0.0001272356 1.2000112e-06 4.265958e-05 6.356322e-06 0.0002881806 4.022907e-06 3.0288797e-05 0.002043149 1.1579267e-06 8.220963e-06 3.027538e-06 1.6100146e-05 3.6484967e-06 6.031231e-06 5.1679617e-05 0.18884636
0.8208937 0.00015259073 0.003360294 0.018405508 2.934017e-05 0.6155612 0.066829376 0.0020834317 2.5436444e-05 0.00011152475 9.9112636e-05 1.359993e-06 8.160217e-06 0.005730426 0.20742509 0.9109399 0.00044523366 0.0012500816 0.00072871073 0.006667464 0.002953044 0.0026770446 1.9154257e-05 9.219978e-11 0.48945802 0.05053774 0.7859758 0.0002203333 0.00084311335 2.3676384e-05 0.9857159 0.000116820665 4.9741382e-05 4.8492606e-05 9.1078155e-06 4.1690768e-05 0.00069561525 0.00018731893 8.437274e-05 3.7976117e-06 5.0744264e-05 4.4921868e-05 3.3104807e-05 2.2626748e-05 0.9965852 0.04123488 0.4532417 6.8449704e-06 0.033862874 4.337743e-05 7.8955045e-06 1.9871644e-05 4.3462624e-06 7.613778e-06 1.0705794e-06 1.6773955e-06 0.0001288397 0.005545167 1.5895239e-05 1.52438215e-05 6.256726e-06 9.601234e-07 1.1366159e-06 2.178684e-05 3.298571e-05 3.1669554e-08 0.0071199485 1.952001e-07 1.0010872e-05 0.00021425162 2.8221035e-07 0.00019599745 0.00067634217 7.104538e-05 1.1562379e-05 3.109775e-05 2.9298535e-05 8.0306427e-07 2.202645e-07 8.790604e-07 2.8183087e-05 2.479532e-07 3.3831827e-07 6.2660077e-09 1.7504841e-06 5.860067e-07 2.7425797e-09 5.4634675e-08 4.1884423e-08 4.4041028e-07 6.359872e-07 6.6765494e-08 2.4462827e-07 3.556253e-07 1.14969104e-07 4.9475073e-09 6.6878516e-07 2.1418447e-07 1.4279306e-07 1.1836267e-07 1.9165145e-09
0.778405 4.3547945e-05 0.00027153565 0.01771394 2.7069736e-06 0.21848303 0.6731122 9.7783595e-05 4.389668e-06 2.7428543e-05 2.0910085e-05 2.2777586e-07 4.3668052e-07 0.022778718 0.9949921 0.63891757 1.61331e-05 0.0008883384 3.3763274e-05 0.10870426 0.025669757 0.06273984 1.205647e-06 0.48945802 5.2698965e-14 0.99424374 0.16854168 0.0009195293 0.010064623 9.3501365e-07 0.19183691 0.0021702424 0.00021925506 8.5155525e-06 3.905825e-07 1.697436e-05 0.035669446 3.5711714e-06 0.00015287404 1.5261998e-06 4.058577e-05 1.4799165e-06 3.605863e-06 3.456613e-05 0.8453214 0.0054539465 0.024853483 2.5854301e-06 0.003284449 1.7119037e-06 2.8994558e-07 1.3515586e-05 1.2211129e-07 8.25845e-05 4.4679064e-07 8.9178105e-09 0.00025696465 0.00092879264 2.6186655e-07 1.4229416e-07 1.3332631e-07 1.4807232e-07 1.7476052e-06 4.5378326e-07 2.8085714e-07 1.0372695e-09 0.00094193517 4.4015205e-09 1.2146552e-05 2.7517523e-05 9.80443e-07 0.0004802186 0.00020970305 5.4803177e-06 1.1484845e-07 8.91458e-07 1.69062e-05 1.0469664e-07 3.4084007e-07 2.647356e-07 1.2197592e-07 9.27187e-09 1.248291e-07 3.5049483e-10 5.7489075e-08 1.0544053e-07 1.6544113e-10 6.544703e-08 1.5528566e-07 2.208648e-09 1.129062e-08 2.6993813e-08 2.4213952e-08 5.567719e-08 3.6845655e-09 2.061139e-08 1.0239445e-08 4.9759077e-09 4.164322e-08 2.1320157e-07 7.30672e-11
0.75907004 0.00016468903 0.00047679857 0.22427891 1.2966426e-05 0.32477656 0.788594 0.00020949297 5.417586e-06 4.5452827e-05 3.4589077e-05 4.56751e-08 9.0540664e-07 0.113979705 0.22400822 0.10307929 1.3044466e-05 0.006499176 0.00030886853 0.96743983 0.48121172 0.9891494 2.9326222e-06 0.05053774 0.99424374 1.0605669e-15 0.0658019 0.007552983 0.1800302 1.56086e-06 0.056423374 0.011406642 0.0020703007 0.00038192148 5.718835e-07 1.8223269e-05 0.44409254 4.030097e-07 0.0011478292 6.887372e-07 0.00029190673 1.5177963e-07 5.808107e-07 0.00016759436 0.009985699 0.0018386184 0.0034682637 2.0414427e-05 0.0008899592 1.2095666e-07 4.5542354e-08 4.9995606e-06 1.0960692e-07 9.58707e-05 2.5666118e-08 5.6858006e-08 0.00050811435 0.0002937269 5.7014313e-07 1.6232837e-08 9.565211e-08 5.261092e-09 6.806307e-09 4.956066e-08 1.9875538e-08 1.2409257e-09 0.00010559344 1.3463006e-09 4.6841055e-06 4.565181e-06 1.2751129e-07 0.0010013813 0.00045278342 6.6090943e-06 4.5420543e-07 5.860682e-07 1.563268e-07 2.970311e-08 1.779959e-06 6.5224846e-08 7.96037e-07 1.8815045e-09 1.5004447e-08 3.8504956e-11 4.4909207e-08 1.3010461e-07 1.2578012e-10 3.758599e-09 5.3064015e-09 1.4355407e-08 6.3197525e-10 2.4586306e-08 1.9144146e-08 2.1692692e-09 3.288341e-09 1.2146586e-09 1.5019852e-08 9.1476875e-11 2.7507484e-08 2.4556266e-08 4.4474743e-11
0.996451 0.014063721 0.15308592 0.3946319 0.0045211357 0.95916677 0.2715676 0.19983427 0.0016743174 0.008638842 0.0039097643 0.00030795264 0.0002129607 0.08574222 0.14015953 0.8894742 0.015862327 0.027612029 0.020294214 0.019228062 0.024822194 0.014971267 0.0016671354 0.7859758 0.16854168 0.0658019 1.0249409e-12 0.005023546 0.008136534 0.00039708722 0.96093845 0.0012656528 0.00063955545 0.0005075671 0.00050561235 0.0006867133 0.0022493314 0.026169427 0.0008162162 0.00012503374 0.00041062303 0.0050105727 0.000603806 0.0011438844 0.014833673 0.15408911 0.24677366 0.00014494818 0.03737202 0.0005789841 0.00014091207 6.41319e-05 4.0008326e-05 0.00014781718 0.00044141064 2.4762498e-05 0.00029690142 0.00011619788 0.0007636343 9.433046e-05 8.2185376e-05 0.00012719471 7.697325e-05 0.014008449 0.0068359883 3.6305297e-05 0.0010402644 2.1244738e-05 0.0001510659 5.574089e-06 1.4384481e-05 0.00069242605 0.0037711484 0.0011027165 0.0001864026 0.00011270805 0.00058935944 0.00019910753 4.718998e-06 2.2906022e-05 0.000756224 0.00019676438 6.998219e-06 1.8534151e-06 2.1652391e-05 5.8995047e-05 2.98911e-07 3.2197146e-05 5.3924728e-06 1.9508881e-05 9.375585e-05 1.706073e-05 3.0403587e-06 0.0011186424 3.0708e-05 7.749336e-08 1.9474455e-05 0.00046970244 0.000118720425 8.617822e-06 1.3782655e-05
0.70454276 0.010503639 0.035065684 0.4339761 0.0003325633 0.054402884 0.30822614 0.0072639026 0.0013496369 0.032901954 0.09071117 1.5968139e-05 0.00020430914 0.6267776 0.0024481458 0.0009991954 0.00025370417 0.9800152 0.95120054 0.05681058 0.64524156 0.0800564 3.1359157e-06 0.0002203333 0.0009195293 0.007552983 0.005023546 9.000683e-14 0.97511417 2.923833e-05 0.0022886025 0.9672966 0.8204528 0.33017558 8.920422e-05 0.016644897 0.51491 1.9507039e-05 0.13574183 0.00014729258 0.054022994 1.4578573e-05 1.4961823e-06 0.03829492 3.052001e-05 0.00013920174 0.00023820711 0.0008439387 0.000109758344 7.514518e-06 2.454634e-06 0.00012559434 2.5566374e-06 0.0052457596 7.3431016e-07 7.195945e-07 0.012193378 9.896992e-07 1.1377113e-06 9.745681e-09 1.1903843e-06 1.6773537e-08 1.7615444e-07 3.2813054e-07 1.3520399e-06 9.63661e-08 1.8269947e-08 4.437045e-07 2.8168117e-07 1.0485551e-07 4.3216446e-08 0.04754179 6.0452443e-05 2.0950643e-05 0.00023473334 1.5445751e-07 1.4299189e-05 3.7280375e-07 2.6669115e-05 8.407426e-09 6.282206e-05 1.5672246e-08 5.0512745e-07 2.3446984e-09 4.7496795e-07 1.6936326e-07 3.190178e-10 2.4214641e-08 6.3611276e-07 5.875131e-07 7.3531154e-09 3.3555345e-08 1.7891279e-07 7.945898e-09 1.122612e-07 6.862153e-08 9.4764755e-06 2.0376467e-08 4.3301955e-07 1.9561287e-07 1.3492139e-08
0.63786805 0.002115569 0.0052436963 0.3843423 7.4942116e-05 0.06717586 0.5021594 0.0016999714 0.00024134509 0.0032777651 0.0040846164 1.8424677e-06 1.8325185e-05 0.6454134 0.009191374 0.0041430886 8.126647e-05 0.8664655 0.30440518 0.40460172 0.98725605 0.5076673 7.5052964e-07 0.00084311335 0.010064623 0.1800302 0.008136534 0.97511417 2.7473578e-14 2.5735753e-06 0.0033241222 0.9726908 0.214095 0.013238773 4.491148e-06 0.0008601059 0.836893 4.7233425e-06 0.007921367 7.273103e-06 0.0024435841 5.86734e-06 6.708324e-07 0.0023163683 0.0003587993 0.00012993295 0.0002780311 0.00015083443 6.7466586e-05 8.2978113e-07 3.5960636e-07 7.875456e-06 3.2894044e-07 0.000588967 2.0181265e-07 5.1356746e-08 0.0011620315 1.8028687e-06 1.0830248e-07 1.51176e-08 9.440637e-08 1.47841135e-08 1.0398556e-07 3.707012e-08 1.3038607e-07 1.8549622e-08 1.8282303e-06 2.5387086e-08 5.8399184e-08 1.1924521e-06 4.2921293e-08 0.009551334 7.434175e-05 8.5447e-06 2.625465e-05 9.897798e-08 2.0745044e-07 2.5460118e-08 7.287594e-06 5.226616e-09 3.4191482e-05 1.1905271e-08 7.8308e-07 6.4980404e-10 2.517705e-07 1.0254734e-07 2.3243528e-10 3.7611613e-08 7.6391245e-08 2.6728617e-07 1.6480449e-08 4.280373e-08 1.5822462e-07 4.8929083e-09 7.77889e-09 8.446181e-08 3.4120194e-06 3.048117e-09 3.924559e-08 1.8050045e-07 1.1673461e-09
0.9742 0.56279206 0.07869214 0.011434197 0.7018929 0.000256778 6.218509e-05 0.119682506 0.765064 0.20643649 0.57232803 0.87674075 0.91978353 0.00057590986 2.6811144e-06 6.0429525e-06 0.14323753 0.00030705144 0.012272523 2.3467635e-05 4.1083495e-05 7.3379524e-06 0.5103233 2.3676384e-05 9.3501365e-07 1.56086e-06 0.00039708722 2.923833e-05 2.5735753e-06 9.5739944e-11 9.4747906e-05 1.1921799e-05 9.023302e-05 0.0010062909 0.9870291 0.7021662 2.7493912e-05 0.0029520064 0.00025464638 0.70342535 0.0041277977 0.0015539159 0.001532263 0.08462357 2.1473763e-06 4.9722745e-05 9.310389e-05 0.020083457 3.875797e-06 0.3182243 0.65149045 0.5355894 0.88331866 0.011132604 6.806717e-05 0.04938322 0.36874694 1.9548456e-07 0.0010717359 5.103529e-06 0.000107029045 6.592608e-06 1.5153766e-05 5.367015e-06 9.5780915e-06 5.164739e-05 7.4577775e-09 4.7633923e-05 5.6432356e-05 2.6693629e-08 2.5332095e-06 0.6311463 0.00016880623 4.0362054e-05 0.46190518 7.424875e-06 0.00013748663 7.1497407e-06 0.0029372703 1.7072513e-07 0.6025901 2.5659303e-05 0.0004991702 5.848918e-07 1.8454155e-07 1.0342178e-06 8.672944e-10 6.073252e-07 2.3233106e-05 0.00056841725 4.637182e-08 4.5245275e-07 0.0005351649 3.5886907e-07 5.755084e-06 2.9080846e-07 1.8532359e-05 1.9079725e-07 1.3214433e-06 1.0663481e-05 0.0011260036
0.9838024 0.00275632 0.018316213 0.14302678 0.0013195317 0.5576181 0.18460053 0.008930502 0.0005460358 0.0052784337 0.0037856179 0.00010409783 0.00018635993 0.04515297 0.12128244 0.7827859 0.0061637713 0.018598981 0.017299281 0.0132510625 0.01475636 0.008667407 0.0006543946 0.9857159 0.19183691 0.056423374 0.96093845 0.0022886025 0.0033241222 9.4747906e-05 5.652652e-14 0.00051055173 0.0002811497 0.00018683438 0.00032339647 0.0006558003 0.0010574189 0.0056257397 0.0005872835 6.8568064e-05 0.00023831618 0.0009592454 0.00023445794 0.0003694996 0.1046944 0.5260632 0.750245 0.00016321616 0.16088462 0.00052557676 8.452358e-05 5.3128846e-05 4.2199066e-05 0.00030672952 0.00019611415 1.0855501e-05 0.001247172 0.0025306225 0.00023506868 2.4525994e-05 3.1622614e-05 5.15744e-05 2.395963e-05 0.0010033768 0.0005681937 8.821063e-07 0.00878776 5.958774e-07 5.1604904e-05 0.00012318238 1.3768553e-06 0.0014322663 0.006501358 0.000754534 4.1545723e-06 6.168034e-05 4.733577e-05 7.606647e-05 1.8885524e-06 7.092119e-06 0.00043817548 6.308265e-06 2.9367675e-06 2.487689e-07 2.6458358e-06 1.9342502e-05 2.6080347e-08 5.371636e-07 2.5949688e-05 3.2284748e-05 0.00011507623 1.5382725e-06 1.0753035e-06 0.00037009403 1.4246845e-06 7.2988295e-09 2.0297143e-06 1.8723793e-05 1.8843977e-05 3.754875e-08 6.911019e-07
