3.3985822e-37 0.020794205 0.016283324 0.024333786 0.016031845 0.24368997 0.19899574 0.021653729 0.1875229 0.0005244974 0.0012808813 0.26653844 0.20922151 0.0046087094 0.18786566 0.22911613 0.0015835353 0.004462069 0.006755187 4.6867397e-05 0.5590512 0.051777296 0.23473844 4.571627e-05 0.09489361 0.9072521 0.002621377 0.0056667253 0.8345369 5.235711e-05 0.867536 3.1251813e-05 0.8463438 0.7044951 0.65831506 0.83457214 8.22424e-06 0.6779978 0.00020931601 0.47548607 0.776756 0.88036674 0.92247057 0.82583684 0.00047642377 0.6497677 0.68787926 0.85088944 0.14239307 1.5063238e-05 0.9466391 0.8186809 0.2941002 0.9486275 0.9704134 0.96986926 0.27336675 3.4025406e-06 0.07758706 0.981694 2.2077006e-07 0.49678808 0.98691297 0.8174778 0.0014918667 0.97497815 0.97814286 0.9908161 0.00089473935 0.9901073 0.19657235 0.00018738826 0.002368665 0.63171387 0.99655247 2.3378483e-07 0.99760324 0.9172775 0.98732615 0.63815147 0.5587611 0.010303972 0.020207481 0.09882867 3.645465e-05 0.99673474 0.99641997 0.9972186 0.00011045243 0.99635136 0.8555562 0.0025211615 0.9938057 0.08955287 0.1967576 0.9993038 0.019825958 0.99901825 0.9944763 0.99684954 0.00052881276
0.020794205 3.7278312e-22 0.83208567 0.0898879 0.07608346 0.6684483 0.43496487 0.43062636 0.25374466 0.25733685 0.047848325 0.06720062 0.021364074 0.013457112 0.027827404 0.01716474 0.08450907 0.016455967 0.052918006 0.10943843 0.07097459 0.033634983 0.013414131 0.06681519 0.009942051 0.35781768 0.011655181 0.005041013 0.03137522 0.0020345936 0.07553581 0.020835284 0.042091865 0.012641599 0.008596287 0.020318106 0.0042463047 0.0063196933 0.0030070632 0.0021569624 0.008719269 0.007560564 0.005192433 0.0075439517 0.00043461114 0.013495314 0.0005863352 0.0002706099 0.00055798155 0.00014901205 0.002072302 0.0048267334 0.0001595892 0.008811374 0.022610633 0.0037495906 0.005452969 3.372607e-05 4.147796e-05 0.012323562 0.00019356886 0.0011314779 0.022133855 0.0025048947 2.9673058e-05 0.0049171518 0.00075318915 0.0050676125 9.679786e-05 0.005908705 0.000685494 9.280395e-06 6.739954e-06 3.692921e-05 0.014700912 3.509078e-05 0.004902606 0.00027214695 0.001173401 0.0007528319 3.2618864e-05 3.651779e-06 0.00018007723 0.000978336 1.32552195e-05 0.0034659263 0.008739152 0.011683504 3.0606603e-05 0.0026551646 4.98402e-05 1.5094069e-05 0.010584687 2.3650385e-07 1.6387754e-05 0.0009164795 2.700189e-05 0.00303216 0.0020380928 0.004041448 8.744299e-05
0.016283324 0.83208567 4.5500093e-22 0.031724527 0.032192815 0.59333205 0.42129838 0.115223855 0.20247242 0.060521152 0.024698015 0.033171903 0.009776536 0.011000656 0.01634138 0.00798659 0.028513882 0.010942323 0.038058177 0.020704536 0.03329838 0.025910774 0.010219925 0.018591892 0.00986399 0.41406074 0.0048099756 0.0028678265 0.048215974 0.0006381937 0.08726925 0.0027513457 0.07215128 0.011470452 0.015507966 0.019257221 0.00059586175 0.007528718 0.0011173219 0.0029910065 0.011531771 0.013861728 0.006897585 0.014069011 0.0002824418 0.05077548 0.00097283453 0.0005257667 0.00071118283 4.3351494e-05 0.0030456986 0.008886235 0.00022832124 0.02143202 0.03649225 0.0071510645 0.008536145 2.4231265e-05 4.307789e-05 0.016197117 0.00010102237 0.0021972668 0.02418764 0.008212019 2.358264e-05 0.012368976 0.0015970286 0.0064114723 0.00018058026 0.010759911 0.00071746926 8.892754e-06 9.52149e-06 0.00014105083 0.017884899 1.57549e-05 0.0054108044 0.00042799985 0.0009939667 0.00082163705 9.087388e-05 5.9716904e-06 0.0002973585 0.00077678054 1.0967657e-05 0.005226183 0.010695028 0.013543747 4.4064684e-05 0.0038599016 0.00010115502 5.707772e-06 0.012648552 6.3535794e-07 1.0464394e-05 0.00068673556 1.27547155e-05 0.0029067693 0.0015190671 0.004420672 9.465389e-05
0.024333786 0.0898879 0.031724527 2.7780156e-21 0.77067447 0.018524852 0.04356099 0.45478782 0.19951047 0.031983484 0.24282904 0.3936839 0.25466076 0.2050067 0.22912693 0.16189489 0.20291328 0.13773346 0.0003932431 0.00052496605 0.10445465 2.1200678e-05 0.063498266 0.0013302868 0.046459876 0.12718919 2.6927186e-05 1.6220945e-05 0.10650014 0.0060016504 0.0014471738 0.00064457214 0.028022585 0.008475315 3.0773375e-05 0.019736009 0.001026248 0.0071101165 0.012445936 0.0017751955 5.0607254e-05 0.019188965 0.008415241 0.00019784388 0.0045011607 0.024869652 0.0007071058 0.00040755447 0.0004593003 0.00047329068 2.532131e-05 0.0002588766 8.292133e-05 0.019482808 0.003059725 0.00017748332 0.00015971847 1.4589338e-07 4.9620045e-05 0.0012456457 6.698831e-07 9.311388e-06 0.031865332 0.0121967215 0.00022176237 0.010008653 0.013032555 8.724708e-05 7.142152e-07 0.010138556 8.657179e-06 0.00051595434 8.0762264e-05 4.442321e-05 0.001455361 1.4342626e-06 0.024189362 0.00011544985 0.0049310825 4.4638196e-06 4.634612e-05 1.2209814e-05 2.93354e-06 6.054143e-06 1.9954101e-05 0.011063233 0.000585055 0.0062541976 6.590247e-07 0.0070757437 6.366354e-05 2.75223e-05 0.0057865926 1.024216e-06 7.946771e-05 0.0093871 5.5712968e-05 0.007447595 0.005785119 0.004332904 1.1934518e-05
0.016031845 0.07608346 0.032192815 0.77067447 6.0593246e-21 0.010822254 0.026452666 0.49802107 0.111407086 0.023285894 0.40148622 0.416101 0.40323427 0.42018 0.30045575 0.28611538 0.2918313 0.28955483 0.00029862399 0.00079859653 0.13733552 5.974675e-06 0.13581292 0.0013234694 0.104120016 0.03976299 4.822567e-05 2.973365e-05 0.09853402 0.009376189 0.0004195777 0.0008864203 0.022368122 0.011516604 7.5871617e-06 0.02796682 0.0023929514 0.0073716985 0.033864606 0.0031318665 9.325162e-06 0.014141861 0.013046016 7.603667e-05 0.010433996 0.013506818 0.00086161407 0.0007522187 0.0007771792 0.0016021413 8.920444e-06 8.992659e-05 0.00020457897 0.012893169 0.00124568 6.115909e-05 0.00010369625 2.3925426e-07 0.00011338337 0.00017608836 2.4767857e-07 5.4333304e-06 0.016552048 0.008013935 0.001050516 0.004871419 0.00985869 2.4217912e-05 4.780057e-07 0.004861089 9.8822175e-06 0.0011947472 0.00045872142 6.067956e-05 0.00045145975 4.5218187e-07 0.012383518 0.00023145319 0.004958963 3.9719116e-06 0.00011274106 0.00011635291 2.7634537e-06 5.411586e-06 9.3759605e-05 0.0062850886 0.00013822573 0.0028414794 5.051766e-07 0.004618503 0.000117692776 0.00016164064 0.0020152968 2.7240606e-06 0.00012890644 0.004961508 0.0001872741 0.0041106953 0.007025747 0.0028459188 1.06725965e-05
0.24368997 0.6684483 0.59333205 0.018524852 0.010822254 2.2888195e-17 0.66002464 0.22544101 0.3912527 0.11517379 0.013588719 0.048544873 0.01408521 0.003487764 0.01813857 0.015381518 0.023004597 0.0056758816 0.2837234 0.073486105 0.059612855 0.6351562 0.032482844 0.022846004 0.017267471 0.7883082 0.14660805 0.08561767 0.06754867 0.0007877496 0.505086 0.0027700264 0.061142705 0.026137998 0.44349033 0.02843766 0.00057342934 0.02065561 0.00041061465 0.006396326 0.19716063 0.008039959 0.006259594 0.1295704 0.0006167225 0.032869983 0.00069152424 0.00043449388 0.0018696698 6.6521854e-05 0.09898136 0.08424223 8.531627e-05 0.0375438 0.21432927 0.124238856 0.06752095 0.0015254389 6.463619e-05 0.21492612 0.0025580938 0.02849423 0.11150648 0.018700654 0.00026560875 0.038762514 0.0029079518 0.15889059 0.01170321 0.033134915 0.02081465 3.290321e-05 4.454368e-05 1.5613432e-05 0.16480139 0.0014261948 0.017752185 0.0001335934 0.0014897069 0.029757092 2.5190715e-05 2.119436e-06 0.011967445 0.01558143 1.8537998e-05 0.00990032 0.13513696 0.087546244 0.0024174545 0.004916716 6.533133e-05 3.1757707e-05 0.05445823 3.9111995e-07 4.3414304e-05 0.0015527871 3.0346593e-05 0.007185967 0.007315898 0.008524125 0.0028364717
0.19899574 0.43496487 0.42129838 0.04356099 0.026452666 0.66002464 3.6045516e-20 0.11843651 0.82326144 0.03056078 0.022519104 0.12266825 0.030546378 0.010587539 0.043008488 0.023307526 0.020121943 0.010495848 0.023756217 0.004117927 0.13924664 0.020831764 0.015464584 0.0045179785 0.007651137 0.74682456 0.0024880872 0.0031103224 0.20261128 0.00057875086 0.13279666 0.00036962246 0.16195618 0.017231675 0.011528561 0.03636921 0.00016341334 0.009282963 0.0003906088 0.0011919168 0.010205428 0.029808594 0.008145879 0.025208838 0.00013747378 0.052130606 0.00030924787 0.00017081285 0.0002951843 5.2136824e-05 0.008634093 0.024389 4.3000764e-05 0.105761476 0.18707398 0.034229845 0.0075431927 4.5459783e-06 3.336378e-05 0.08276976 1.70184e-05 0.0025253461 0.18515337 0.036352865 2.8866234e-05 0.0743794 0.013353363 0.035810433 0.0003468543 0.056185663 0.0012933736 1.0400977e-05 9.807269e-06 2.1070005e-05 0.076224424 7.397678e-06 0.04341466 0.0002579458 0.0022369027 0.0019607495 2.635582e-05 5.5036458e-06 0.00043968324 0.0013466207 5.6682647e-06 0.027737664 0.03935671 0.080535896 5.2073025e-05 0.015068808 3.936827e-05 7.4519244e-06 0.036564335 1.1923066e-06 1.1380863e-05 0.005176394 1.3775257e-05 0.02165196 0.004637475 0.012306204 0.00022306002
0.021653729 0.43062636 0.115223855 0.45478782 0.49802107 0.22544101 0.11843651 7.949252e-23 0.16157362 0.42235863 0.60451967 0.20894527 0.24466747 0.28495172 0.14643581 0.20939596 0.75720906 0.5334854 0.001180216 0.050958205 0.10322655 3.6835823e-05 0.1724679 0.060863003 0.2325813 0.053691287 0.000210279 0.00016179487 0.033327743 0.14114386 0.00056788436 0.14571397 0.004267283 0.0089308545 3.4229328e-05 0.012542701 0.10393097 0.0022306333 0.11954988 0.0034012417 9.845414e-05 0.0038036995 0.0016911054 4.6497884e-05 0.019754713 0.0009766351 0.0006158054 0.00017913585 8.588166e-05 0.013242138 3.0905518e-05 6.829299e-05 0.00011837978 0.0011754466 0.00018004702 8.80313e-05 0.00014406907 2.209714e-07 2.9927824e-06 0.00088887394 2.1571154e-06 1.7328623e-05 0.0025950493 8.6621956e-05 0.00014405684 0.00019404091 0.000102710066 1.0150963e-05 1.2242016e-07 0.00020770672 3.484248e-05 0.00084076554 3.60279e-06 1.4832519e-05 4.4599387e-06 2.0797815e-07 0.00047637924 3.357979e-05 0.00051306793 2.0375855e-05 1.8819463e-05 2.2596698e-06 2.26144e-06 1.0998892e-05 2.5033158e-05 0.0002549917 1.409969e-06 7.4067175e-05 6.9670097e-07 7.7063894e-05 2.3705732e-05 7.0204387e-06 3.8646856e-05 1.0326375e-07 4.6607718e-05 0.0009498304 2.6680309e-05 0.00043244325 0.000100521385 4.7948222e-05 2.9558262e-06
0.1875229 0.25374466 0.20247242 0.19951047 0.111407086 0.3912527 0.82326144 0.16157362 9.31638e-21 0.0046686684 0.06836533 0.47290054 0.10152969 0.034513406 0.21784787 0.074639715 0.02542147 0.022744607 0.011257673 0.00030691645 0.3685185 0.003200355 0.05701894 0.0004234872 0.023888603 0.72537756 0.0002931602 0.000946413 0.46938458 0.0009852007 0.020633131 5.3363237e-05 0.25910527 0.03927207 0.000718272 0.17725292 8.194002e-05 0.024526792 0.0009957241 0.0047883363 0.0014342497 0.061581865 0.077976264 0.0045251795 0.0002797674 0.0799127 0.0015347449 0.00079806324 0.0017541476 4.943145e-05 0.001787282 0.00515233 0.00030453503 0.17183118 0.077608585 0.0055975444 0.004083109 4.3508842e-07 0.00022314025 0.019502526 7.5667225e-07 0.0005215053 0.2143114 0.09300883 6.333876e-05 0.099672824 0.047306474 0.0050779316 5.724898e-05 0.09434114 8.2605766e-05 1.9622854e-05 1.1419469e-05 7.812511e-05 0.037512906 1.3366731e-06 0.09394858 0.0002810532 0.005979421 0.00019019493 0.00010157146 3.085772e-05 4.1184787e-05 0.00020310447 4.1779067e-06 0.052665733 0.011834202 0.07722435 1.5449148e-06 0.028805012 8.542252e-05 1.4672289e-05 0.04509811 1.2550262e-06 4.0635852e-05 0.010231823 2.4802084e-05 0.038838085 0.0108735785 0.014724168 7.316148e-05
0.0005244974 0.25733685 0.060521152 0.031983484 0.023285894 0.11517379 0.03056078 0.42235863 0.0046686684 8.634293e-24 0.013097463 0.0031217993 0.0051286444 0.0097438 0.0012994696 0.0040138923 0.066452175 0.008188198 0.0067135156 0.64120394 0.0011376264 0.0015266343 0.0067512966 0.7053033 0.0063426346 0.008058262 0.01300416 0.0007169959 0.0003708165 0.010851114 0.0012210141 0.36757615 2.8653918e-05 7.593105e-06 0.0007383916 1.493822e-05 0.027065706 1.5280478e-06 0.00014535211 2.3685418e-05 9.7003205e-05 2.752928e-05 2.4468488e-06 0.0005279012 4.04271e-06 7.903972e-06 5.321086e-06 5.246099e-06 1.2139772e-06 0.00015088248 0.00017403901 0.00020269233 3.9374797e-07 0.00012261009 0.00061114866 0.00056910474 0.00015851892 1.919431e-06 1.6122616e-08 0.0013714842 1.5854303e-05 1.2122897e-05 0.00026911413 2.575058e-06 1.199998e-07 9.33657e-06 7.6251135e-06 0.00035193382 1.0881242e-06 1.5589358e-05 3.7496081e-06 7.807255e-06 9.942428e-09 1.8103643e-07 3.801585e-05 2.5349678e-07 3.968669e-05 4.7098013e-07 4.4915574e-05 2.9372393e-05 2.1267277e-07 3.3165932e-08 3.293193e-05 2.7653927e-05 4.5392696e-07 4.602937e-05 6.5473294e-05 6.815428e-05 4.0305278e-07 3.3815882e-06 7.1263024e-08 3.6120475e-08 4.3548926e-06 1.0700637e-08 9.878486e-08 7.905691e-06 2.5828288e-07 6.720023e-05 2.9126338e-07 1.5298004e-06 2.2968795e-06
0.0012808813 0.047848325 0.024698015 0.24282904 0.40148622 0.013588719 0.022519104 0.60451967 0.06836533 0.013097463 9.172529e-23 0.2038554 0.2492838 0.47505295 0.14621179 0.1967821 0.6017163 0.80761653 6.741688e-05 0.0002379113 0.08458016 1.0122759e-06 0.20093746 0.0011364904 0.30944505 0.011746942 3.314499e-05 1.7032608e-05 0.033704583 0.036544263 8.139157e-05 0.0036070514 0.0039196187 0.012176686 2.0661015e-05 0.023329249 0.01353802 0.007937073 0.17681538 0.004936402 2.9301078e-05 0.003605566 0.0072594704 2.5973184e-05 0.12871327 0.0071268645 0.0014173622 0.00075250963 0.0009772179 0.02284505 3.4884073e-05 8.380082e-05 0.00042548456 0.006035682 0.00016692092 9.359129e-05 6.790922e-05 2.006228e-08 9.155971e-05 0.00023702174 1.13797e-07 1.1993836e-05 0.0026607893 0.002229065 0.0014537548 0.0016134431 0.0026123514 2.7021648e-05 1.0128421e-07 0.0013232051 1.3205646e-05 0.006262965 0.00038791256 7.4068164e-05 6.815128e-05 9.41918e-08 0.0007490014 7.1606824e-05 0.0018702593 2.1185659e-05 0.00012088984 0.0001476156 5.7916213e-06 6.9993666e-06 0.000281597 0.001184368 1.4971094e-05 0.0004946123 1.0115505e-07 0.0022432818 0.00013699227 0.00012531964 0.0005804054 3.3756528e-06 6.986246e-05 0.0007393231 7.8279634e-05 0.00056144956 0.0006561913 0.0009319077 2.424295e-06
0.26653844 0.06720062 0.033171903 0.3936839 0.416101 0.048544873 0.12266825 0.20894527 0.47290054 0.0031217993 0.2038554 8.66205e-21 0.7560773 0.39140242 0.88451207 0.7298432 0.07859188 0.15663008 8.906746e-05 0.00022732245 0.81233597 2.897475e-06 0.647681 0.00034748486 0.47711986 0.350168 2.509981e-05 2.524697e-05 0.5267487 0.0020313284 0.00076440664 8.1125385e-05 0.18724959 0.33686262 4.4073067e-06 0.3960038 0.0002093222 0.17179516 0.010402277 0.09948876 2.8840206e-05 0.13999058 0.29687622 0.00015057054 0.008648556 0.22102183 0.016077738 0.013935983 0.012821445 0.0005132387 4.4642264e-05 3.8412065e-05 0.0038631072 0.136247 0.004038699 0.00010075125 0.00033333138 2.043786e-07 0.0046122246 0.0010355513 1.1586956e-06 2.1042753e-05 0.071719125 0.15554243 0.0044824793 0.037280753 0.19565132 0.00023996827 7.0604113e-07 0.041593753 3.1010932e-06 0.0024894685 0.001291643 0.00076596753 0.002300941 2.6404766e-06 0.101180814 0.0011749547 0.052117314 7.749063e-06 0.00074278255 0.00032491525 2.8160048e-06 6.8763434e-06 0.00040517634 0.07190765 0.00071338884 0.01733083 2.045658e-07 0.052789375 0.001074785 0.00027286838 0.013890411 4.145262e-05 0.0012498092 0.07502575 0.0012256089 0.043214843 0.02966885 0.016835209 1.3339118e-05
0.20922151 0.021364074 0.009776536 0.25466076 0.40323427 0.01408521 0.030546378 0.24466747 0.10152969 0.0051286444 0.2492838 0.7560773 8.21331e-20 0.5797883 0.7902339 0.9045389 0.1660597 0.3187721 4.7030462e-05 4.549502e-05 0.6582323 3.6091174e-06 0.8431054 0.00021058462 0.6891612 0.090807565 7.589825e-06 1.0551929e-05 0.30216724 0.0024146966 0.00018861856 6.33573e-05 0.04494365 0.24286117 2.0465448e-06 0.22031663 0.00041537365 0.08762656 0.019095624 0.09198031 4.6899568e-06 0.047705278 0.16339803 4.282507e-05 0.02545128 0.05530752 0.02245025 0.019771125 0.0119579425 0.0005622152 4.900974e-05 4.402587e-05 0.0063777664 0.029949829 0.0011164931 9.123982e-05 8.577721e-05 3.225743e-08 0.0039117937 0.0002800982 6.11394e-08 3.8391718e-06 0.036098707 0.025504107 0.017906765 0.014192256 0.05512123 8.074239e-05 7.1912424e-08 0.016236773 4.11202e-06 0.011481445 0.0048086727 0.0023786514 0.00071381486 1.416675e-07 0.039815802 0.0048694178 0.032655448 5.2264195e-06 0.0020086924 0.0014603627 1.2185216e-06 2.8669597e-06 0.0044762893 0.029461926 0.00030448535 0.009315341 1.0807406e-07 0.021318821 0.0041813115 0.0012579693 0.005519391 0.00028206842 0.0018886311 0.03772332 0.002041619 0.018063238 0.013074432 0.008434901 4.855881e-06
0.0046087094 0.013457112 0.011000656 0.2050067 0.42018 0.003487764 0.010587539 0.28495172 0.034513406 0.0097438 0.47505295 0.39140242 0.5797883 1.3008227e-22 0.48252946 0.54816693 0.11533394 0.5901432 1.04593555e-05 0.00013637533 0.21095398 1.1770388e-06 0.5727145 0.0011128789 0.7489737 0.01224816 2.4541647e-05 3.438077e-05 0.05533932 0.0048447866 3.313162e-05 0.00040485998 0.022800952 0.08836169 2.3367575e-06 0.1115111 0.0013194052 0.057523254 0.053376198 0.035607945 1.2288863e-05 0.006879267 0.04285627 5.5135165e-06 0.07418337 0.023034614 0.0077416813 0.005005971 0.008971442 0.0048892824 2.4554523e-05 4.6947494e-06 0.0039083143 0.007707797 9.0506226e-05 1.6873839e-05 1.6354288e-06 1.8375987e-07 0.0019372798 2.4306695e-05 2.803035e-07 2.3006643e-05 0.004510638 0.0049235593 0.029029207 0.0027266897 0.0061176675 1.1425373e-05 2.205293e-07 0.0028030875 8.7409435e-06 0.0146595 0.0044544837 0.00073818635 0.00033568646 2.656066e-07 0.0038236373 0.0015590675 0.0060112164 8.823894e-06 0.000714925 0.0017967592 3.1541338e-06 4.5782563e-06 0.003126951 0.0027805406 9.4821124e-05 0.0018662933 1.7011226e-07 0.0036128592 0.0011329679 0.0012940898 0.0021006353 3.5905156e-05 0.00077243795 0.004463424 0.00075944595 0.0019142798 0.0052492227 0.003169532 2.6574935e-06
0.18786566 0.027827404 0.01634138 0.22912693 0.30045575 0.01813857 0.043008488 0.14643581 0.21784787 0.0012994696 0.14621179 0.88451207 0.7902339 0.48252946 8.014847e-21 0.78286034 0.04456024 0.11968352 4.6459896e-05 4.6041572e-05 0.80237085 9.4272366e-07 0.7083593 0.00013826622 0.5741996 0.16807535 1.40710445e-05 1.3763675e-05 0.4067817 0.0008024765 0.00019191712 3.4849592e-05 0.13171709 0.32642367 2.2076406e-06 0.3897541 0.00012259642 0.19733469 0.0078066383 0.14620093 1.1133659e-05 0.079591185 0.2982155 2.5491036e-05 0.009929912 0.18503562 0.030829191 0.02523336 0.02310484 0.00034309644 3.388314e-05 5.9320478e-06 0.008202571 0.062790215 0.0012729642 5.7587553e-05 5.7450856e-05 5.0982358e-08 0.0073897103 0.0003412747 4.968833e-07 8.881024e-06 0.034250133 0.10174712 0.014488076 0.021989984 0.11961774 0.00014507804 3.196655e-07 0.024311984 2.208727e-06 0.004381701 0.0031199092 0.0015759732 0.001382757 6.0460167e-07 0.051967643 0.003062871 0.061430044 4.582245e-06 0.0014192241 0.0016434425 2.6950859e-06 5.3038552e-06 0.0011944406 0.042872556 0.00060391973 0.0116298115 9.368366e-08 0.036728647 0.0020214776 0.0011425951 0.008907192 8.805144e-05 0.0013721625 0.05096926 0.0018897031 0.025395866 0.023776518 0.013391493 4.3724167e-06
0.22911613 0.01716474 0.00798659 0.16189489 0.28611538 0.015381518 0.023307526 0.20939596 0.074639715 0.0040138923 0.1967821 0.7298432 0.9045389 0.54816693 0.78286034 7.148657e-19 0.109735385 0.3090153 8.02253e-05 3.5036173e-05 0.63965976 9.980091e-06 0.8540876 0.00019220359 0.6915949 0.057450503 1.1399197e-05 1.430744e-05 0.25162396 0.0015284218 0.00029939477 4.05169e-05 0.03175336 0.2656236 2.9444768e-06 0.20865425 0.0002548203 0.10913944 0.019117847 0.12028848 7.3843835e-06 0.036579855 0.15616399 3.879471e-05 0.03102574 0.046802342 0.029930087 0.023479307 0.017961828 0.00046736374 5.360797e-05 4.4947104e-05 0.010759274 0.023204109 0.0012157997 8.433396e-05 9.718414e-05 6.554123e-08 0.005368475 0.0002364086 8.220884e-08 4.884025e-06 0.032536373 0.022377199 0.025052661 0.013599135 0.049425185 6.4519416e-05 1.5850642e-07 0.015378504 5.66687e-06 0.01519691 0.007428364 0.0034087817 0.00073209085 1.804865e-07 0.03516186 0.0052492474 0.039321408 8.783671e-06 0.0025977646 0.0030934135 1.5243829e-06 4.6598007e-06 0.006440554 0.028992515 0.000370477 0.009144502 2.1561829e-07 0.0209681 0.004303297 0.002289182 0.005272399 0.00040452342 0.0022258062 0.051690564 0.0026755375 0.019278262 0.01284318 0.008500043 7.1224713e-06
0.0015835353 0.08450907 0.028513882 0.20291328 0.2918313 0.023004597 0.020121943 0.75720906 0.02542147 0.066452175 0.6017163 0.07859188 0.1660597 0.11533394 0.04456024 0.109735385 5.2655724e-23 0.4403125 6.931191e-05 0.00077647535 0.025413856 7.4150603e-06 0.05481453 0.0060791867 0.045941666 0.0021457982 5.1134648e-05 1.5253072e-05 0.0072432673 0.26798362 1.757348e-05 0.05483828 0.000803393 0.001368737 7.677608e-06 0.0014855615 0.17408746 0.0003774113 0.34588757 0.0005470561 7.1143045e-06 0.00072192505 9.500632e-05 9.568551e-06 0.027960826 0.0001396549 5.8953538e-05 2.552256e-05 3.1445183e-05 0.04973507 7.251772e-06 1.1213377e-05 1.1585004e-05 0.0004511307 9.588736e-05 1.6070144e-05 1.8521756e-05 7.95574e-09 3.5603643e-06 0.00013722763 1.443002e-08 1.970222e-06 0.00069306785 4.1467323e-05 1.8992005e-05 0.00012604623 2.379259e-05 1.0804413e-06 2.7787971e-08 0.0001993646 4.8147956e-07 0.0018377603 8.571044e-06 1.0575951e-06 4.504632e-07 2.1734814e-09 0.00033933314 5.5107785e-06 2.9072724e-05 9.1012384e-07 2.4808223e-06 4.863166e-06 1.4260763e-06 4.50329e-06 6.931409e-05 0.00015869028 1.522055e-07 0.0001387375 2.580277e-08 9.725293e-05 1.5866863e-06 9.277032e-06 1.38293435e-05 3.4923264e-08 6.429237e-06 0.00010520043 7.027981e-06 0.0010116694 6.599253e-05 5.7673893e-05 2.3917203e-06
0.004462069 0.016455967 0.010942323 0.13773346 0.28955483 0.0056758816 0.010495848 0.5334854 0.022744607 0.008188198 0.80761653 0.15663008 0.3187721 0.5901432 0.11968352 0.3090153 0.4403125 5.640228e-20 0.00010154435 2.3704559e-05 0.091700085 6.45645e-06 0.33655012 0.00020961567 0.50996804 0.0023056625 5.096027e-05 3.534054e-05 0.031331256 0.037522275 0.00016768053 0.00077416847 0.0034338238 0.029458081 1.763915e-05 0.04807606 0.008573232 0.019656124 0.22752956 0.024046937 0.00013227256 0.00505609 0.022551794 0.00015479796 0.2979857 0.004964166 0.007370686 0.005261547 0.006376553 0.03152626 0.00012107387 0.00020831215 0.0041677435 0.003007393 9.519751e-05 6.478225e-05 0.00019013871 4.9829094e-08 0.0016720436 9.130954e-05 1.1644152e-07 1.1399676e-05 0.0023450446 0.0015479915 0.03602249 0.001051529 0.0027098747 6.9845637e-06 1.2511991e-07 0.001178819 2.5994272e-05 0.067015454 0.005419044 0.0011293805 4.8826303e-05 5.0484886e-08 0.0012746175 0.0012546696 0.0065595075 1.7132357e-05 0.0009861623 0.0017173834 4.619492e-06 9.480869e-06 0.010024414 0.0010508728 4.7362726e-05 0.00071435154 3.51427e-08 0.0014981434 0.0009317891 0.0016125158 0.0013453184 0.00011547541 0.0007610279 0.0017284424 0.0010342494 0.0007471147 0.0018330325 0.0011445517 2.7131066e-06
0.006755187 0.052918006 0.038058177 0.0003932431 0.00029862399 0.2837234 0.023756217 0.001180216 0.011257673 0.0067135156 6.741688e-05 8.906746e-05 4.7030462e-05 1.04593555e-05 4.6459896e-05 8.02253e-05 6.931191e-05 0.00010154435 9.935031e-21 0.048785027 0.0004718465 0.5926248 0.0002409261 0.005782871 0.00019886083 0.04811143 0.5077329 0.42300093 0.00047805542 1.0217366e-05 0.059225436 0.00021489825 0.00075071515 0.00010111403 0.16032384 0.00044411622 9.086023e-06 4.580447e-05 4.1409526e-06 1.602599e-05 0.06481116 0.00018399619 0.00024969986 0.025109308 8.2177684e-07 0.00073535444 1.2937794e-05 3.5261462e-05 6.554379e-06 2.3580297e-07 0.028775366 0.010550094 3.1455063e-06 0.00031906503 0.0065012216 0.01202858 0.046872783 0.035160527 1.3637238e-07 0.014321647 0.023552934 0.025581777 0.0014080246 2.0419158e-05 2.5613778e-07 0.00013424066 1.6887781e-05 0.0074403356 0.019743923 6.988585e-05 0.0077505126 7.534665e-07 1.6617818e-08 1.3215302e-06 0.0014981593 0.010604899 6.3549734e-05 2.6437297e-06 5.3686895e-06 0.009709479 1.3798707e-06 5.485204e-07 0.0063904147 0.003137998 8.008177e-08 1.4539628e-05 0.0012247787 0.0003190416 0.0139555065 3.68821e-06 8.8491555e-07 5.2213178e-08 8.231268e-05 1.302247e-08 2.0773254e-07 6.122436e-06 1.296412e-06 2.7902655e-05 1.8644207e-06 7.2561156e-06 0.0018728385
4.6867397e-05 0.10943843 0.020704536 0.00052496605 0.00079859653 0.073486105 0.004117927 0.050958205 0.00030691645 0.64120394 0.0002379113 0.00022732245 4.549502e-05 0.00013637533 4.6041572e-05 3.5036173e-05 0.00077647535 2.3704559e-05 0.048785027 3.5489254e-20 0.00026218905 0.023969218 5.012405e-05 0.6602341 8.533816e-05 0.0026241406 0.08243009 0.003653549 6.170014e-06 0.00021984802 0.004474678 0.09201578 7.610501e-05 0.00026444308 0.009294062 0.00012635133 0.0015629187 5.8538117e-05 3.037191e-06 0.00018500476 0.0041459994 0.00010264768 0.00023524273 0.0054397453 1.2346065e-06 7.5326825e-05 2.6810621e-05 3.574291e-05 4.3875166e-06 5.1587554e-06 0.005465282 0.008701799 4.575638e-06 0.00031470187 0.0035937666 0.008876347 0.023174344 6.308117e-05 5.872823e-07 0.011283157 0.00051278004 0.005779803 0.00034845737 4.4931934e-05 1.5345458e-07 0.0003015545 2.5641153e-05 0.0075515704 6.2634695e-05 0.00016852973 0.005761282 2.0948403e-07 3.1328128e-08 1.9175907e-06 0.0044915793 5.3991393e-05 9.524137e-05 3.1530224e-05 0.00010737306 0.0039597205 4.1381145e-06 2.9779878e-07 0.00061777123 8.983153e-05 1.7955223e-07 5.5931498e-05 0.0043840497 0.0010651905 9.3970324e-05 2.040958e-05 8.421554e-06 1.8524283e-07 0.0006140045 4.873628e-09 9.905283e-07 3.6732845e-06 5.5069034e-07 3.2668086e-05 4.816151e-05 4.604632e-05 7.5313896e-05
0.5590512 0.07097459 0.03329838 0.10445465 0.13733552 0.059612855 0.13924664 0.10322655 0.3685185 0.0011376264 0.08458016 0.81233597 0.6582323 0.21095398 0.80237085 0.63965976 0.025413856 0.091700085 0.0004718465 0.00026218905 4.272293e-18 1.9836672e-05 0.5823442 0.0002659588 0.41364968 0.35557768 0.0001082664 4.670258e-05 0.53744745 0.00072147907 0.0007542516 5.656377e-05 0.18583013 0.47168273 1.5842135e-05 0.57703537 9.740711e-05 0.3591408 0.0068847523 0.31710777 4.76431e-05 0.15101889 0.48450175 0.0002504707 0.01622254 0.22236791 0.073489375 0.051461697 0.050229352 0.00037710153 5.958876e-05 3.0523122e-05 0.022819411 0.14478253 0.004265769 9.371169e-05 0.00044754462 1.4987271e-06 0.016817413 0.0010785682 8.6492155e-06 2.075395e-05 0.09911717 0.20422244 0.026184905 0.053632777 0.2839039 0.00040056554 3.7148513e-06 0.05961302 6.9445855e-06 0.007088421 0.005741232 0.0030454793 0.0031704567 8.6845575e-06 0.13496627 0.004277434 0.17768984 2.6275364e-05 0.0026082913 0.0036921676 1.8412004e-05 6.617423e-05 0.0022004605 0.12243864 0.0011310468 0.03404699 5.9779205e-07 0.11083618 0.002911069 0.002237001 0.028148673 0.00022325221 0.0028435232 0.19531204 0.002974887 0.078382716 0.058578026 0.03760562 2.3792092e-05
0.051777296 0.033634983 0.025910774 2.1200678e-05 5.974675e-06 0.6351562 0.020831764 3.6835823e-05 0.003200355 0.0015266343 1.0122759e-06 2.897475e-06 3.6091174e-06 1.1770388e-06 9.4272366e-07 9.980091e-06 7.4150603e-06 6.45645e-06 0.5926248 0.023969218 1.9836672e-05 2.1563688e-21 4.6007164e-05 0.001111976 8.0810954e-05 0.046511803 0.4405437 0.5323216 7.3265444e-05 3.9062195e-07 0.22817214 1.02067415e-05 0.00022979507 1.6288051e-05 0.5888407 2.8672232e-05 1.0927206e-06 1.411591e-05 1.6073934e-06 4.751997e-06 0.24080573 1.1355362e-05 5.522068e-06 0.088034 1.4561239e-06 3.3383832e-05 1.6551944e-06 1.1483263e-06 1.6411722e-06 1.4918302e-07 0.058672078 0.046679094 1.6139333e-07 5.322911e-05 0.007884639 0.03490246 0.15184909 0.030212289 4.081612e-08 0.04142215 0.016285459 0.06179249 0.0022202446 8.072988e-06 1.8204248e-07 0.00010365354 7.941979e-06 0.028869184 0.18356411 0.00010292412 0.016356919 3.7723137e-07 1.3719099e-08 2.3278023e-08 0.0082885595 0.015252077 5.9758066e-05 1.7981887e-07 1.6696517e-06 0.022058405 6.219668e-08 1.1633724e-08 0.034779638 0.025535023 1.9931183e-07 1.8440453e-05 0.0086525 0.0008783812 0.036815066 7.746351e-06 2.644563e-07 2.3516195e-08 0.00025156734 1.1920438e-10 1.0790063e-07 1.4678753e-07 9.5017676e-08 8.0415675e-06 2.7585772e-06 5.620513e-06 0.009299271
0.23473844 0.013414131 0.010219925 0.063498266 0.13581292 0.032482844 0.015464584 0.1724679 0.05701894 0.0067512966 0.20093746 0.647681 0.8431054 0.5727145 0.7083593 0.8540876 0.05481453 0.33655012 0.0002409261 5.012405e-05 0.5823442 4.6007164e-05 1.7458782e-17 0.00021599811 0.81897914 0.020746808 0.00010744129 0.00010213845 0.19911516 0.0009870761 0.00021722002 2.5846968e-05 0.022411931 0.31842127 4.3005416e-06 0.26986033 0.0001478162 0.18217085 0.026539639 0.22791095 9.76977e-06 0.025758024 0.20678753 4.0154657e-05 0.04532129 0.04122217 0.060146242 0.04741145 0.042244207 0.0007971155 5.862035e-05 6.624451e-05 0.030915806 0.015539975 0.00093707454 7.5836644e-05 0.00032809222 1.9229662e-07 0.01685967 0.00025347635 1.0904995e-07 2.2876377e-05 0.026849413 0.017512867 0.07846396 0.009843677 0.03862889 5.1586987e-05 7.381233e-07 0.012693371 2.3291115e-05 0.03091733 0.023747439 0.007699099 0.0005698635 3.7130783e-07 0.0206115 0.010050313 0.057634655 1.6617447e-05 0.0052324967 0.017940318 3.9757315e-06 1.2307278e-05 0.014317542 0.020745719 0.0002783702 0.011185757 3.1598887e-07 0.020907698 0.0076204836 0.013451062 0.006459361 0.0013490146 0.00455443 0.049414877 0.007066653 0.01894146 0.016755259 0.012489507 1.5150385e-05
4.571627e-05 0.06681519 0.018591892 0.0013302868 0.0013234694 0.022846004 0.0045179785 0.060863003 0.0004234872 0.7053033 0.0011364904 0.00034748486 0.00021058462 0.0011128789 0.00013826622 0.00019220359 0.0060791867 0.00020961567 0.005782871 0.6602341 0.0002659588 0.001111976 0.00021599811 5.7710035e-22 0.00024178323 0.00044846517 0.005182539 0.00015999166 8.830579e-06 0.0009961886 0.00076720305 0.36335546 1.8778102e-05 6.492878e-05 0.0012240302 0.00015281542 0.007378563 4.7625523e-05 9.493527e-06 5.6754565e-05 0.0020154119 2.0317355e-05 0.0002684881 0.0019620599 9.313133e-07 8.79112e-06 4.078692e-05 9.646068e-05 3.5208084e-06 5.4735174e-06 0.0026367225 0.003105438 1.2386853e-05 0.00017384927 0.001638527 0.0047032596 0.0056887306 1.3986377e-06 4.3013725e-07 0.009204071 5.2110427e-05 0.0018716626 0.00041347282 1.5486668e-05 5.231697e-07 7.4751246e-05 2.116698e-05 0.009416083 2.478559e-06 6.762319e-05 0.00045030477 2.934084e-07 8.0153896e-08 1.564412e-05 0.004042273 1.5264734e-06 9.6093136e-05 6.44047e-05 0.00012871822 0.00029473368 2.6194873e-05 2.260479e-07 8.0977974e-05 3.4893557e-05 3.2013776e-07 4.6171728e-05 0.008174922 0.0011932453 1.2028091e-06 1.6479753e-05 3.0226956e-05 1.952308e-07 0.00036753295 5.892798e-08 3.1483937e-06 6.6836024e-06 3.1795205e-06 4.2609405e-05 1.1303792e-05 1.894154e-05 9.190629e-06
0.09489361 0.009942051 0.00986399 0.046459876 0.104120016 0.017267471 0.007651137 0.2325813 0.023888603 0.0063426346 0.30944505 0.47711986 0.6891612 0.7489737 0.5741996 0.6915949 0.045941666 0.50996804 0.00019886083 8.533816e-05 0.41364968 8.0810954e-05 0.81897914 0.00024178323 7.813234e-18 0.01140951 0.0001192756 0.0001261565 0.08022869 0.0017274346 0.0003522839 2.6080908e-05 0.013895029 0.24255753 8.229553e-06 0.25298107 0.0003700086 0.18438193 0.04487239 0.21113652 4.599444e-05 0.009317504 0.17964539 7.355339e-05 0.14267167 0.023768319 0.06515434 0.050681893 0.055629272 0.0027752952 8.385558e-05 0.00010843431 0.04830924 0.007808179 0.00027543213 9.294288e-05 0.0003069042 2.8981094e-07 0.0279195 0.000107817476 1.149063e-07 4.823652e-05 0.012193616 0.008611323 0.32765564 0.004401349 0.017952459 8.924435e-06 7.003068e-07 0.0058009615 4.3845324e-05 0.107447416 0.16145173 0.013720076 0.0001921552 1.5683436e-07 0.011523383 0.012400684 0.04338333 3.2872565e-05 0.008218494 0.044803776 6.7745145e-06 7.159396e-06 0.05227159 0.012448322 0.00014107034 0.004850609 4.303797e-07 0.01372954 0.008103623 0.045246195 0.0060055465 0.003576412 0.0056603383 0.020920344 0.010120356 0.009504666 0.016068175 0.00978796 1.292238e-05
0.9072521 0.35781768 0.41406074 0.12718919 0.03976299 0.7883082 0.74682456 0.053691287 0.72537756 0.008058262 0.011746942 0.350168 0.090807565 0.01224816 0.16807535 0.057450503 0.0021457982 0.0023056625 0.04811143 0.0026241406 0.35557768 0.046511803 0.020746808 0.00044846517 0.01140951 6.5810736e-21 0.009153157 0.007934686 0.33978948 0.0002885194 0.7781075 0.00030944077 0.5320219 0.034082465 0.17908162 0.15145783 0.00014413214 0.019214364 2.2614971e-05 0.0029973742 0.19118027 0.12976989 0.019511536 0.23412378 9.517409e-05 0.18107596 0.0005750293 0.00035747275 0.00076631457 1.1504808e-05 0.0646796 0.15943559 0.00016290903 0.28156295 0.4748131 0.20392686 0.07524215 1.0930686e-06 6.730657e-05 0.28999496 2.366284e-05 0.032421928 0.39657587 0.102457106 0.000121175064 0.31244883 0.045059197 0.256033 0.0004590496 0.29636148 0.019464426 7.570571e-05 1.0599038e-05 8.691588e-05 0.48052183 5.8344185e-06 0.124450944 0.0005943419 0.009070016 0.02554993 7.607518e-05 4.2037274e-05 0.0026061207 0.0044332366 6.571936e-06 0.094609365 0.45290753 0.5772815 3.563573e-05 0.058214124 0.00014220348 1.16603e-05 0.47952187 4.2641028e-07 5.3901873e-05 0.006662433 4.3981297e-05 0.11561476 0.026806807 0.112239674 5.9644084e-05
0.002621377 0.011655181 0.0048099756 2.6927186e-05 4.822567e-05 0.14660805 0.0024880872 0.000210279 0.0002931602 0.01300416 3.314499e-05 2.509981e-05 7.589825e-06 2.4541647e-05 1.40710445e-05 1.1399197e-05 5.1134648e-05 5.096027e-05 0.5077329 0.08243009 0.0001082664 0.4405437 0.00010744129 0.005182539 0.0001192756 0.009153157 3.064621e-20 0.61703247 0.00012227088 4.874056e-05 0.023860449 6.745456e-05 0.00025123122 5.1763072e-05 0.113063306 0.00046018534 3.6405007e-05 6.131233e-05 1.2671761e-05 1.0120804e-05 0.046248075 3.9697967e-05 0.00083876814 0.017800951 9.692737e-07 0.00012041049 1.9338786e-06 1.6209818e-06 8.562948e-06 1.6056898e-06 0.028968919 0.0073893126 1.9061711e-06 0.00014824027 0.0027178824 0.008099945 0.035160877 0.16945787 1.192715e-06 0.006454663 0.10926449 0.03791017 0.0002277154 3.4719786e-05 3.5103415e-06 4.0350275e-05 1.2580093e-05 0.0039002625 0.034203455 2.167059e-05 0.0271099 6.171547e-07 4.6609895e-07 7.421098e-07 0.0012922664 0.1049028 1.6076152e-05 1.4436443e-05 4.3830147e-05 0.03897211 2.1148203e-06 9.1939285e-07 0.008366683 0.008522966 4.9719705e-07 8.199188e-06 0.0016692602 0.0002868078 0.058947302 9.261184e-06 4.976067e-06 7.889283e-07 0.00021084386 1.9632333e-08 1.9357108e-06 5.8917846e-07 5.6593262e-06 3.4026639e-06 2.1195867e-05 9.1974325e-06 0.0039591766
0.0056667253 0.005041013 0.0028678265 1.6220945e-05 2.973365e-05 0.08561767 0.0031103224 0.00016179487 0.000946413 0.0007169959 1.7032608e-05 2.524697e-05 1.0551929e-05 3.438077e-05 1.3763675e-05 1.430744e-05 1.5253072e-05 3.534054e-05 0.42300093 0.003653549 4.670258e-05 0.5323216 0.00010213845 0.00015999166 0.0001261565 0.007934686 0.61703247 2.7830538e-21 7.860355e-05 2.9048333e-05 0.035166547 2.5418063e-05 0.00028234025 2.9831555e-05 0.16336343 0.00012208737 2.1405278e-05 2.494244e-05 9.261404e-06 8.750235e-06 0.0915541 2.1559918e-05 0.0001633797 0.019649241 7.546393e-07 6.641283e-05 1.1465569e-06 9.448442e-07 3.689427e-06 1.5491963e-06 0.0442684 0.00628141 4.6537542e-07 0.00011932929 0.0023581956 0.0070091262 0.08269645 0.07027364 2.0832633e-07 0.008424836 0.027259985 0.099348105 0.0005947468 1.525515e-05 1.0266011e-06 3.603565e-05 6.543244e-06 0.007260021 0.053128585 2.424798e-05 0.034241777 2.3273286e-07 1.6727331e-07 1.1458697e-07 0.0007946563 0.03932614 4.7219484e-05 1.0394031e-06 8.341399e-06 0.032019205 4.5925887e-07 5.2987687e-08 0.008931835 0.005798024 3.1048143e-07 1.6343818e-05 0.0009772817 0.00021572864 0.05732415 9.286053e-06 3.2248155e-07 3.752083e-08 0.00016796382 1.3487655e-09 2.304274e-07 1.0677549e-06 4.862426e-07 5.0505687e-06 6.17109e-06 5.882557e-06 0.0046687773
0.8345369 0.03137522 0.048215974 0.10650014 0.09853402 0.06754867 0.20261128 0.033327743 0.46938458 0.0003708165 0.033704583 0.5267487 0.30216724 0.05533932 0.4067817 0.25162396 0.0072432673 0.031331256 0.00047805542 6.170014e-06 0.53744745 7.3265444e-05 0.19911516 8.830579e-06 0.08022869 0.33978948 0.00012227088 7.860355e-05 7.203354e-18 0.0009425003 0.003441902 2.5282977e-06 0.64563507 0.21217667 0.00021198222 0.47005087 8.040529e-05 0.12112452 0.0015709096 0.030517252 7.5937314e-05 0.63241947 0.2086396 0.0010389176 0.0009497304 0.27894047 0.012921006 0.011746683 0.006741945 0.0003327819 0.0007356188 0.0018764103 0.003964432 0.30017895 0.072696924 0.004500326 0.0002613702 3.4214932e-07 0.0037088604 0.014582808 7.363613e-07 4.5549285e-05 0.3135797 0.27745533 0.0015616918 0.32592237 0.34663486 0.0050843186 9.2725253e-07 0.3948777 1.5439935e-05 0.00038229534 0.0003923347 0.0035710852 0.05046949 8.392517e-07 0.4521249 0.003593366 0.1470667 9.621281e-05 0.0025543077 0.0011739007 1.1062166e-05 2.3719482e-05 4.3465214e-05 0.42619723 0.02089918 0.44335178 1.5301243e-06 0.3820581 0.0028058034 0.00024769714 0.2867523 0.0006547564 0.0024582008 0.32292086 0.003022706 0.42470258 0.25486752 0.3972021 3.4752018e-05
5.235711e-05 0.0020345936 0.0006381937 0.0060016504 0.009376189 0.0007877496 0.00057875086 0.14114386 0.0009852007 0.010851114 0.036544263 0.0020313284 0.0024146966 0.0048447866 0.0008024765 0.0015284218 0.26798362 0.037522275 1.0217366e-05 0.00021984802 0.00072147907 3.9062195e-07 0.0009870761 0.0009961886 0.0017274346 0.0002885194 4.874056e-05 2.9048333e-05 0.0009425003 1.7257526e-20 3.7010195e-05 0.042076968 0.00046858238 7.362196e-05 2.0282728e-06 0.000266819 0.14157604 1.4252043e-05 0.05892924 1.7469662e-05 8.483203e-06 0.0006749043 9.0568035e-05 8.05057e-06 0.004687815 0.00017570774 3.532432e-06 3.4501127e-06 1.6921983e-06 0.01929349 2.934112e-05 1.4405092e-06 1.4161435e-06 0.0020961259 0.00027536807 1.4609638e-05 5.66736e-07 9.727778e-09 3.7942847e-08 0.00010323239 1.210372e-07 2.4415388e-06 0.003066498 0.0003213256 3.9679817e-06 0.0011541938 0.00027636727 3.002597e-06 1.2812552e-07 0.0024001668 4.607876e-06 6.893655e-05 2.714983e-06 1.1235561e-06 3.142869e-05 8.841005e-09 0.018496785 1.6755216e-06 0.00043873934 1.125049e-05 4.7617797e-07 1.0352322e-06 8.629648e-06 1.652098e-05 5.7651478e-06 0.008581716 3.4523312e-06 0.0022345628 3.485273e-08 0.0016119068 4.1386448e-07 4.1696358e-06 9.593216e-05 1.4667942e-08 3.2764146e-07 0.0013832463 9.246643e-07 0.024150372 0.00024758617 0.0022231578 3.8616423e-07
0.867536 0.07553581 0.08726925 0.0014471738 0.0004195777 0.505086 0.13279666 0.00056788436 0.020633131 0.0012210141 8.139157e-05 0.00076440664 0.00018861856 3.313162e-05 0.00019191712 0.00029939477 1.757348e-05 0.00016768053 0.059225436 0.004474678 0.0007542516 0.22817214 0.00021722002 0.00076720305 0.0003522839 0.7781075 0.023860449 0.035166547 0.003441902 3.7010195e-05 8.1365026e-20 0.00047225118 0.013161202 0.00010840662 0.8055333 0.00045066865 6.501336e-05 9.380504e-05 2.375764e-06 5.409746e-05 0.70890933 0.001711224 0.00019180533 0.6894806 2.8088341e-05 0.01046999 1.4855664e-05 7.759047e-06 1.2955463e-05 1.1640028e-06 0.5481071 0.5195889 3.1778263e-06 0.02037855 0.38246924 0.59961367 0.29189506 0.0014935186 9.3461864e-07 0.5052376 0.0013532095 0.15202025 0.099273905 0.008088783 2.4137671e-05 0.02163533 0.0015787228 0.51362675 0.0047898204 0.01366774 0.044438828 5.8595586e-05 1.5634864e-06 2.33402e-06 0.34364152 0.00065160036 0.0051997397 2.0511456e-05 0.0002504308 0.0677572 3.1992608e-06 1.9447016e-06 0.008115 0.009546941 4.658632e-06 0.003438751 0.41570193 0.13316546 0.0017167489 0.0019420292 4.598486e-06 1.2984808e-06 0.053587023 8.371917e-09 1.7934302e-06 0.00014971115 1.4976328e-06 0.0021326782 0.000590517 0.0014472511 0.0022750974
