3.94016e-34 0.040706884 0.0147093125 0.011637304 0.03994257 0.0036584933 0.008393399 0.059975684 0.008630183 0.0033532926 0.046977147 0.24334641 0.3732502 0.06473093 0.003896593 0.0045627025 0.0010136714 0.026167743 0.005590041 0.022396713 0.18456347 0.08070671 0.0620971 1.9806183e-05 0.71549946 0.09280668 0.006515271 0.73981476 3.799566e-05 0.5869393 0.6826864 0.47259548 0.0012860707 0.69322443 0.040472038 2.1193946e-05 0.7971705 0.004344844 0.2483348 0.0004842853 0.86244786 0.105402865 1.7843211e-05 2.3752076e-05 1.14408995e-05 0.86270875 0.9070128 0.093073405 0.5696252 0.53486574 0.9131684 3.342513e-06 1.5606576e-06 0.9372343 0.8987104 0.8731471 0.67503333 0.9574999 0.23387665 0.0012378694 0.984133 0.0028937086 0.0040510544 0.04816302 0.001416366 0.7806927 0.07061363 0.01610441 0.0737646 0.00038310923 0.00092731364 0.9196802 0.0034751408 0.995698 6.834329e-05 0.68036604 0.98705035 0.9965617 0.99471474 0.98275626 0.99719733 0.33645532 0.00049785664 1.1771432e-06 0.74676603 0.0017947777 0.9988919 0.00892364 0.04581074 0.2330541 0.93735564 0.99433154 6.813874e-05 0.9975974 0.9962876 0.017979806 0.82988787 0.00083251233 0.9202564 1.4126951e-05 0.89446044
0.040706884 4.6979513e-23 0.61319596 0.58939314 0.65094054 0.43428418 0.30257535 0.5939816 0.4753907 0.4126728 0.32025254 0.21083795 0.17050664 0.04663289 0.20373645 0.18166418 0.020631157 0.08084109 0.12271774 0.09045038 0.15588163 0.004081998 0.03818128 0.007135954 0.05702253 0.019403415 0.0009866906 0.016479524 0.006242253 0.025484337 0.035395015 0.004356515 0.00021696804 0.052513268 0.012299001 0.04177033 0.03481675 0.013554491 0.010847777 0.02598 0.1250508 0.00025651514 0.004672446 0.014829833 0.0015220522 0.033956025 0.013297288 0.0026826735 0.00079512625 0.0009615506 0.11567525 0.0018056986 0.0075396467 0.03149857 0.036686167 0.005228314 0.017569402 0.023075148 2.1447535e-05 0.0062209917 0.012399353 0.000955378 3.934537e-05 4.7801117e-05 0.00361455 0.010019808 8.954649e-06 2.7478369e-05 5.9365866e-06 0.000107265085 1.8289307e-05 0.0011747781 0.00010537695 0.017275436 2.9365544e-06 9.0582376e-05 0.0007420052 0.011978052 0.0044106436 7.53358e-05 0.0028204583 0.0001393068 1.6589705e-07 7.371205e-08 0.00030978068 1.1936088e-07 0.0016588211 5.04651e-06 0.00029651998 7.318221e-05 2.2187267e-05 0.0014595859 8.6031305e-06 0.0011683169 0.0006227747 1.2225414e-05 0.0002510159 2.7901732e-08 0.00023050515 2.4892439e-05 0.00027432092
0.0147093125 0.61319596 1.566986e-22 0.68033206 0.3851907 0.52139384 0.44340008 0.39868626 0.3906975 0.5047476 0.17048642 0.13154985 0.13044314 0.04931383 0.15564266 0.11966766 0.034304943 0.058138672 0.08615498 0.06423181 0.06444832 0.004944421 0.029137876 0.012096687 0.052329235 0.017435735 0.0012364188 0.018350938 0.015185972 0.018538954 0.02534627 0.0044444907 0.00029990714 0.030044276 0.008984049 0.054478947 0.019985113 0.013701697 0.009700308 0.027518462 0.052772935 0.0003744989 0.010294606 0.016454171 0.0022384927 0.020116663 0.00752303 0.0024049443 0.0006480296 0.0010012442 0.08326226 0.0034415429 0.009929671 0.01660036 0.017555844 0.005212363 0.012985863 0.010187682 3.7820362e-05 0.005725313 0.007091511 0.0011871374 1.7875913e-05 7.024956e-05 0.0027851171 0.007746024 1.4677019e-05 3.2576056e-05 1.4147796e-05 5.6606998e-05 1.920483e-05 0.001208895 0.00010315622 0.009397812 2.1724795e-06 0.00020051707 0.000358584 0.0067336173 0.0030863532 9.600355e-05 0.0023183054 0.00012858021 5.362139e-08 4.7593804e-08 0.00030911987 1.477782e-07 0.0013390107 1.6189093e-05 0.00017907127 5.7592162e-05 5.0187264e-06 0.0018450298 3.1602278e-06 0.00075800857 0.00067902985 6.284432e-06 0.00024482564 3.0103557e-08 0.00025089527 1.7597933e-05 0.0002514486
0.011637304 0.58939314 0.68033206 5.534441e-23 0.37286073 0.5523855 0.35822102 0.4514637 0.46321338 0.5408414 0.21934754 0.10859313 0.10047241 0.035561692 0.21955559 0.17917216 0.026050406 0.07121681 0.11813377 0.07653753 0.09797348 0.0029700906 0.034682095 0.010298069 0.04146396 0.020003846 0.00089837576 0.014103349 0.013364631 0.0215432 0.030762373 0.003359337 0.00018138699 0.03124704 0.009097635 0.06069917 0.020905435 0.01263332 0.010857828 0.027697392 0.052106656 0.00019589394 0.008764981 0.022170892 0.0018411134 0.01982804 0.009192497 0.0027618837 0.00078674837 0.0011162254 0.06910338 0.0029222567 0.010366841 0.016822834 0.01684134 0.003887436 0.011921692 0.010537475 5.3537522e-05 0.006971195 0.007215108 0.0011222739 8.684583e-06 0.00010551331 0.0031539444 0.006824059 2.1597596e-05 3.861904e-05 2.0280573e-05 7.3871066e-05 1.0083579e-05 0.00091846526 5.8875325e-05 0.008784261 1.6565334e-06 0.00021668164 0.00039057896 0.0064351326 0.0030244272 0.00011742616 0.002100939 5.2430558e-05 5.8422355e-08 3.6156663e-08 0.00021857799 1.8875846e-07 0.0011199643 1.7138158e-05 8.7864806e-05 2.3675546e-05 4.6367454e-06 0.0014791201 1.7707333e-06 0.00067679933 0.000560659 2.921267e-06 0.0001311954 3.2152148e-08 8.129933e-05 1.0370016e-05 0.00010228954
0.03994257 0.65094054 0.3851907 0.37286073 5.9144405e-23 0.30318177 0.15582293 0.5434497 0.3846494 0.29175082 0.28342652 0.35277674 0.26149046 0.08979101 0.1578732 0.12766986 0.026539907 0.10837048 0.16881275 0.113379374 0.37082544 0.009194188 0.1090521 0.0077201156 0.20756724 0.041349187 0.0021041853 0.049087264 0.005130481 0.060260456 0.07777101 0.005369867 0.00047804063 0.10307356 0.014829876 0.02118796 0.063420616 0.018645188 0.018989358 0.031885624 0.3089299 0.0007135229 0.003489802 0.0147627145 0.0016327455 0.07734418 0.022925772 0.0048888093 0.0005310977 0.0008129655 0.17854276 0.00076385494 0.0028533526 0.059914485 0.10181465 0.007882606 0.026269434 0.08160308 1.2062789e-05 0.0042198305 0.05118842 0.0007961256 0.00017310279 1.878249e-05 0.0015392838 0.023953753 1.0668384e-05 1.2724574e-05 7.325821e-06 7.4747324e-05 0.00011502708 0.0033960522 0.00025644957 0.03467224 3.9107053e-06 5.0324892e-05 0.0012818181 0.026493607 0.0060567483 4.9644423e-05 0.0024846678 0.00013469052 1.8814686e-07 1.9487095e-08 0.00028019492 1.8659742e-07 0.0019431954 3.2838739e-06 0.0002740346 3.2278036e-05 4.6223362e-05 0.0030560102 4.1814365e-05 0.0013729192 0.00058449205 3.7454964e-05 0.00022441622 1.7096237e-07 0.00048297428 0.000113463306 0.0008438059
0.0036584933 0.43428418 0.52139384 0.5523855 0.30318177 3.3691386e-22 0.34805512 0.2805016 0.37126157 0.6457044 0.16926526 0.14655173 0.10892085 0.07944797 0.24971123 0.18699406 0.06597137 0.06330176 0.18371105 0.063937835 0.2003756 0.010548219 0.080768995 0.03474468 0.064710416 0.029071797 0.0024406358 0.036914937 0.036650855 0.039173502 0.042124152 0.008417576 0.000478627 0.021858785 0.013955227 0.094534785 0.014053282 0.022469921 0.02263486 0.045192357 0.032995664 0.00096428907 0.020284584 0.03695857 0.00855395 0.012756683 0.011282356 0.0079451 0.0017405141 0.0030707251 0.03330664 0.006785957 0.023669122 0.009506053 0.011073081 0.010150215 0.014180594 0.009029754 0.00040959366 0.006880779 0.0059044464 0.0012023252 1.9326111e-05 0.00060109235 0.0015095897 0.0075449767 0.00027910172 0.0001200318 0.00019979781 3.3048498e-05 0.00017740462 0.0013401367 0.00028394014 0.006507136 2.6114944e-06 0.00038246144 0.0005359259 0.0051939855 0.0020737252 0.00048839836 0.0025775707 0.00029584265 1.4768283e-07 1.1472272e-08 0.0002230128 1.1480109e-06 0.0009842255 2.4571551e-05 0.0001682009 2.6698175e-05 3.4819375e-06 0.0020541935 9.16876e-06 0.0006980172 0.00056573865 2.8933098e-05 0.00011610251 2.993509e-07 0.00049871847 2.5966745e-05 0.00014054193
0.008393399 0.30257535 0.44340008 0.35822102 0.15582293 0.34805512 1.0291745e-19 0.08025323 0.106372915 0.3276371 0.058855195 0.2529504 0.2764562 0.43307707 0.053762518 0.042887244 0.40190917 0.030351501 0.03059244 0.030112669 0.02745682 0.08979871 0.018126726 0.15004951 0.154294 0.01477091 0.01883216 0.1330517 0.084001765 0.007446586 0.008289935 0.03610038 0.005657143 0.007934647 0.014330418 0.051955696 0.00493865 0.0120855905 0.006477902 0.020388713 0.017969228 0.008765583 0.029287832 0.013786528 0.01685529 0.0072529446 0.00327674 0.002972316 0.00049895106 0.0010733329 0.055932947 0.0133465445 0.009972847 0.0050413543 0.010307501 0.03586925 0.034318898 0.010648609 3.9257593e-05 0.0019213855 0.006484806 0.0023190428 0.0006498361 0.00012380589 0.0017498494 0.019787334 3.7063495e-05 6.797933e-05 2.0873105e-05 2.9395287e-05 0.0003694455 0.012877331 0.00058095535 0.0057591945 4.9680298e-06 0.000419807 0.0001644605 0.003535759 0.001529288 0.0001625972 0.0010975113 0.0029150974 7.194072e-07 2.1455237e-06 0.003097613 3.1247106e-07 0.00079437066 5.1876934e-05 0.0028313166 0.0019467539 9.897624e-07 0.0062598456 5.8833568e-05 0.00055565435 0.00079716527 0.00029536142 0.002045856 1.01703336e-07 0.0061080954 9.1130416e-05 0.007216491
0.059975684 0.5939816 0.39868626 0.4514637 0.5434497 0.2805016 0.08025323 4.732613e-23 0.52961093 0.33272427 0.5403696 0.068614826 0.061532434 0.019518485 0.29741675 0.2863782 0.00893779 0.28185058 0.2371142 0.2969666 0.36926723 0.0026847478 0.14867659 0.002205181 0.022718348 0.066307686 0.0006871149 0.008070764 0.0027400586 0.079599924 0.10232743 0.0020363035 9.696511e-05 0.0997067 0.05018199 0.045120094 0.071360275 0.041998178 0.025544496 0.050297566 0.144103 6.0240138e-05 0.0023727189 0.030617746 0.00064648764 0.08435758 0.045859326 0.008308024 0.0025274074 0.0024802892 0.12918755 0.0009867423 0.0048703696 0.06610707 0.033562314 0.0018357441 0.0077737747 0.018313937 8.002303e-05 0.016421923 0.01745595 0.0048153363 1.8764962e-05 0.0001471074 0.009546895 0.005894685 7.5049255e-05 0.00011289858 6.666176e-05 0.00032760977 1.7513592e-06 0.0004336012 2.5086549e-05 0.019685106 1.190697e-05 0.0001856589 0.003928759 0.016861817 0.01139476 0.00030453704 0.006562658 3.4232637e-06 6.318437e-07 4.131557e-06 4.6376932e-05 2.6659555e-07 0.0040893913 2.1607444e-05 3.7837315e-05 8.0665395e-06 0.00062401104 0.0012134957 2.006433e-06 0.0016709771 0.0011642607 1.4379261e-06 2.7217196e-05 1.848165e-07 3.9137558e-05 9.374319e-06 0.00013554432
0.008630183 0.4753907 0.3906975 0.46321338 0.3846494 0.37126157 0.106372915 0.52961093 1.3355512e-24 0.43713674 0.4299641 0.06784862 0.053510826 0.01552297 0.3724007 0.33161688 0.010997331 0.23858602 0.28095514 0.25229415 0.3118729 0.0015033726 0.15687141 0.004628815 0.020849667 0.048962105 0.00033017356 0.008887201 0.005306507 0.048633393 0.05836554 0.0009961379 3.067823e-05 0.036842123 0.018378668 0.06033793 0.024549982 0.021428937 0.019293241 0.03885115 0.04272279 2.075884e-05 0.003782794 0.040505275 0.0010939052 0.026256977 0.02293735 0.0071463534 0.0011723243 0.0016167087 0.03898245 0.0014008463 0.0076923277 0.016835038 0.012700466 0.0014267993 0.0068332674 0.009326181 0.00010368864 0.015017992 0.007508813 0.0020156542 9.928548e-07 0.00023016814 0.0060562287 0.0033077383 9.399713e-05 4.1328476e-05 0.00010039377 0.00016100693 1.5643681e-06 0.0003457946 6.320422e-06 0.009123431 2.394829e-06 0.00019942752 0.0015840133 0.0072663687 0.004098993 0.0002822248 0.0032622754 1.1027706e-06 2.2292785e-07 7.5806014e-08 2.6507494e-05 2.3985808e-07 0.0013818982 1.5405136e-05 8.581186e-06 8.6995163e-07 1.873637e-05 0.001080701 4.5008707e-07 0.0005548066 0.00038004285 8.03137e-07 3.5706503e-06 7.058866e-08 6.875792e-06 1.9440618e-06 6.6427556e-06
0.0033532926 0.4126728 0.5047476 0.5408414 0.29175082 0.6457044 0.3276371 0.33272427 0.43713674 9.454494e-23 0.20808104 0.104890466 0.085994646 0.051980477 0.41689897 0.3252172 0.048371784 0.08996323 0.2547353 0.099702254 0.20848541 0.007115842 0.091100976 0.0283441 0.041122925 0.028317694 0.0015034978 0.022084253 0.035398263 0.02878819 0.031575084 0.005445026 0.00019869665 0.017835166 0.01236519 0.14708327 0.011713482 0.024732262 0.016136156 0.054580025 0.024942065 0.00033393817 0.020159507 0.05899734 0.0061069713 0.009852219 0.008899932 0.006482209 0.0011416889 0.0019496562 0.026917726 0.0066182087 0.031386614 0.0073256125 0.008278385 0.006041697 0.008393263 0.006969593 0.0002329906 0.0145782195 0.004097384 0.001399571 6.802593e-06 0.00046277422 0.0023529816 0.0043386365 0.00025300734 0.00010921644 0.00016362822 3.0213872e-05 5.8516573e-05 0.00095374306 0.00014128575 0.005095646 1.0160294e-06 0.00040223374 0.0004336198 0.0038025677 0.0017299982 0.0005686287 0.0019049738 7.862739e-05 7.805052e-08 5.355128e-08 7.045923e-05 2.0363977e-06 0.00072927185 3.93483e-05 4.645852e-05 4.1737253e-06 3.799209e-06 0.0013711278 3.2415726e-06 0.0005651695 0.00035552226 7.555147e-06 2.511489e-05 2.0342516e-07 0.00012652206 1.11790905e-05 3.9435003e-05
0.046977147 0.32025254 0.17048642 0.21934754 0.28342652 0.16926526 0.058855195 0.5403696 0.4299641 0.20808104 1.766279e-21 0.06688579 0.051541395 0.021304227 0.24276912 0.23510394 0.008934527 0.3660414 0.27322793 0.36896923 0.4719259 0.0044383276 0.27433604 0.0031763916 0.026031317 0.19372153 0.0009202868 0.007893656 0.0022887695 0.21373795 0.21106464 0.002001149 0.000112310736 0.084816016 0.104017854 0.034270063 0.073266454 0.061202638 0.09125106 0.053559322 0.116291985 9.224843e-05 0.0024423413 0.026626304 0.0009193891 0.1064915 0.10983472 0.023922881 0.0070050834 0.011391977 0.08124844 0.0008304304 0.0053087748 0.06614671 0.038711645 0.0015488708 0.007634814 0.021591704 0.00048699422 0.027363768 0.022860529 0.008180242 2.1641947e-05 0.00038190672 0.013201837 0.0064335736 0.00039407052 0.00041637608 0.0004193047 0.0010102815 1.0758965e-06 0.00049811805 1.5686219e-05 0.019696778 2.876025e-05 0.000820704 0.009735349 0.019362003 0.02074951 0.0014276507 0.016134571 2.6649145e-06 4.963687e-06 1.989057e-05 3.114512e-05 1.951211e-06 0.010343838 6.3224754e-05 3.9563114e-05 1.0571288e-05 0.0013251865 0.002095605 1.8740451e-06 0.0021324644 0.0012100248 1.3812846e-06 7.382131e-06 6.341418e-07 8.17159e-05 1.3230025e-05 9.289237e-05
0.24334641 0.21083795 0.13154985 0.10859313 0.35277674 0.14655173 0.2529504 0.068614826 0.06784862 0.104890466 0.06688579 1.9824239e-19 0.6426982 0.5360764 0.034307774 0.028035663 0.058304038 0.037222423 0.032489467 0.03612543 0.11427938 0.19426149 0.026491221 0.021734955 0.439514 0.012654271 0.02370239 0.34589812 0.0134262685 0.015636 0.017150536 0.094367415 0.005814592 0.03028048 0.010686709 0.02191774 0.018675948 0.009988796 0.011342047 0.014107606 0.17683977 0.013138948 0.013717779 0.0073447726 0.004709303 0.025336338 0.009395509 0.003770118 0.00035296488 0.00073901506 0.19038406 0.005209724 0.004573749 0.021219026 0.0975066 0.06962608 0.122015454 0.101696745 9.556113e-06 0.006017747 0.03390156 0.0019868398 0.0046450286 5.8500333e-05 0.0029131356 0.12250419 2.1156746e-05 7.8011646e-05 9.508704e-06 0.00025743633 0.0004986148 0.0534428 0.0021089595 0.04985011 2.7319866e-05 0.0002601514 0.00037084447 0.04897029 0.008271329 3.3442015e-05 0.004123678 0.0033988224 3.501294e-06 1.8531517e-06 0.0072996872 1.7372767e-07 0.0011661297 2.6623526e-05 0.00349108 0.0035353338 4.099833e-05 0.022241173 0.00031799515 0.0033574365 0.0018151134 0.00070258405 0.0028324847 1.6612219e-07 0.030811144 0.00044777113 0.017399399
0.3732502 0.17050664 0.13044314 0.10047241 0.26149046 0.10892085 0.2764562 0.061532434 0.053510826 0.085994646 0.051541395 0.6426982 8.271893e-19 0.51526445 0.034134526 0.029057348 0.055961505 0.0313721 0.027011001 0.029158518 0.06931826 0.26756844 0.016089749 0.019057732 0.43446907 0.011738716 0.031744197 0.33521563 0.013483729 0.0097577255 0.01182661 0.12598868 0.007264228 0.029378513 0.010679893 0.022651883 0.017321832 0.008145724 0.0077004354 0.012846243 0.12111836 0.018156892 0.013804197 0.0064778742 0.004790725 0.020956632 0.0068766233 0.0025534711 0.00020619827 0.0004721976 0.24262673 0.0050532506 0.0040987562 0.019177867 0.08378858 0.06875253 0.109420754 0.087062776 6.8309823e-06 0.003928323 0.030310202 0.0016198414 0.0034677694 3.6007103e-05 0.001807705 0.09734123 1.0666329e-05 5.569166e-05 3.5312867e-06 0.00013057404 0.00035498783 0.051600453 0.0014812439 0.06470916 8.54254e-06 0.00014802285 0.00029367817 0.067350075 0.008847754 2.3192195e-05 0.0043598088 0.0036366687 1.6987938e-06 1.0124284e-06 0.009286071 1.6154053e-07 0.0015977965 3.0945776e-05 0.0039866404 0.0038264845 3.1380358e-05 0.022810528 0.00030026745 0.0046050735 0.0022168509 0.000648156 0.0032952777 1.3882251e-07 0.023911493 0.00035379393 0.020894477
0.06473093 0.04663289 0.04931383 0.035561692 0.08979101 0.07944797 0.43307707 0.019518485 0.01552297 0.051980477 0.021304227 0.5360764 0.51526445 2.7965084e-19 0.0098742675 0.007733638 0.23968741 0.009694088 0.008077186 0.008076265 0.031526987 0.68187785 0.013996552 0.061202213 0.3782905 0.008142772 0.33355847 0.47486746 0.02701423 0.008285438 0.0072414964 0.3243843 0.06986349 0.0068516396 0.006434132 0.010914908 0.005336202 0.0068069445 0.016466564 0.010883278 0.03959725 0.14213926 0.016466305 0.0033620826 0.021140553 0.007607613 0.0039953636 0.005225804 0.00028786637 0.0011362432 0.0847436 0.0033254123 0.003151264 0.0050000595 0.03119177 0.21585672 0.18500276 0.032052863 4.2045533e-05 0.0018838614 0.012013053 0.0023952357 0.024806948 0.00017855696 0.0022445563 0.078371614 4.5806344e-05 4.6255467e-05 1.5199546e-05 3.8501254e-05 0.009555265 0.04376919 0.019231701 0.015714461 4.579698e-06 0.0012055247 0.00013091431 0.011208074 0.0028112647 0.00011252054 0.0015528922 0.012538133 2.1956295e-07 5.9926556e-08 0.010160529 1.00563895e-07 0.0004007896 1.2574277e-05 0.011430344 0.008583564 1.6059639e-06 0.014578234 0.0012033135 0.00088531355 0.0010334657 0.0038142647 0.007220284 2.8722985e-08 0.02061871 0.001328168 0.02298983
0.003896593 0.20373645 0.15564266 0.21955559 0.1578732 0.24971123 0.053762518 0.29741675 0.3724007 0.41689897 0.24276912 0.034307774 0.034134526 0.0098742675 2.582458e-23 0.6475435 0.009516656 0.25842616 0.49490413 0.3179684 0.21728015 0.0011214934 0.12270292 0.004567646 0.012921081 0.0671084 0.00019832066 0.0060833627 0.010836098 0.050232533 0.053036526 0.0007479046 3.358898e-05 0.034250267 0.04901831 0.15803583 0.021460341 0.059079755 0.024441067 0.13144758 0.020890204 4.3588418e-05 0.009161279 0.13757487 0.0014035335 0.017437821 0.019963741 0.011699917 0.0018551942 0.002905993 0.020227084 0.0036850304 0.017351618 0.01347254 0.009068658 0.001789873 0.0036119726 0.006836041 0.00048403436 0.03685728 0.006187485 0.008446823 6.4395585e-06 0.00094905717 0.013779108 0.0026869506 0.0005096737 0.00030028378 0.00040256704 0.00030381937 4.0775153e-06 0.0005305755 1.6771772e-05 0.0047405115 2.552834e-06 0.0005957885 0.0021958076 0.0036810332 0.003262826 0.0013828685 0.003178105 3.3387446e-06 4.9590807e-07 5.126316e-07 2.0977914e-05 6.370565e-06 0.001692063 0.00016999623 1.4913807e-05 1.8399917e-06 3.2884727e-05 0.0011819315 4.796926e-07 0.0007064005 0.00064820144 9.790424e-07 1.7843524e-06 5.785215e-07 1.9711213e-05 3.9028555e-06 1.5490066e-05
0.0045627025 0.18166418 0.11966766 0.17917216 0.12766986 0.18699406 0.042887244 0.2863782 0.33161688 0.3252172 0.23510394 0.028035663 0.029057348 0.007733638 0.6475435 9.801947e-23 0.008760022 0.27684772 0.4916102 0.3451053 0.20336498 0.0008870224 0.127318 0.0037480206 0.010793148 0.07977892 0.0002095497 0.0046098675 0.008365096 0.058584332 0.05986598 0.0006511205 4.052617e-05 0.035200797 0.08458958 0.13773443 0.022476215 0.07926733 0.028064888 0.1274924 0.022090599 4.107073e-05 0.0070265746 0.12387835 0.0011095195 0.020543778 0.029011467 0.015212376 0.0027493942 0.0039565214 0.023532476 0.0031190733 0.011997704 0.014850191 0.009476874 0.0018362922 0.004099681 0.0069202506 0.0009510609 0.04519936 0.007093831 0.011479837 4.8156207e-06 0.0011511482 0.020341938 0.0026435887 0.0007954118 0.00045419918 0.000667904 0.0006435197 3.3037043e-06 0.00048255004 1.5357127e-05 0.0052325916 9.419387e-06 0.00082127313 0.00363833 0.0041919677 0.004122713 0.0023042457 0.0038528035 3.0027143e-06 1.6568368e-06 1.3351074e-06 1.744612e-05 1.3802558e-05 0.0021389546 0.00025316977 1.2305986e-05 1.7946415e-06 0.00010055744 0.0014184664 4.3645738e-07 0.0008001571 0.0007787287 9.676113e-07 1.699985e-06 1.4043045e-06 1.7898907e-05 3.2020782e-06 1.7626655e-05
0.0010136714 0.020631157 0.034304943 0.026050406 0.026539907 0.06597137 0.40190917 0.00893779 0.010997331 0.048371784 0.008934527 0.058304038 0.055961505 0.23968741 0.009516656 0.008760022 2.9323695e-20 0.006499923 0.0063625933 0.006671013 0.014395721 0.09001314 0.0052356287 0.3864242 0.054877516 0.0037534635 0.06714027 0.06430561 0.13469715 0.001439207 0.001497021 0.031805206 0.0466753 0.001415679 0.0071120285 0.031671368 0.00093917426 0.0071727973 0.004684129 0.009371624 0.0032180713 0.02366718 0.046143774 0.007702602 0.087979294 0.0020598834 0.0009787367 0.0028688551 0.00038435645 0.0010847177 0.008631183 0.023365598 0.014065624 0.00096993643 0.0024729427 0.02771024 0.015567891 0.0032382344 2.7481721e-05 0.0014717814 0.0010998133 0.008708261 0.004379612 0.00017274443 0.002785946 0.007928251 6.914824e-05 0.00010875931 3.781643e-05 7.730429e-05 0.0047708577 0.0039116126 0.0044063153 0.0018220576 1.2015692e-05 0.00071822264 2.2103653e-05 0.0010365072 0.00030153498 3.7096313e-05 0.00015244483 0.004209037 1.3950714e-06 4.9370624e-07 0.0027905048 1.7941418e-06 8.77136e-05 7.232381e-05 0.005345663 0.0034011102 1.7007625e-07 0.002001699 0.00057014835 0.00023712755 0.0003487677 0.002426709 0.0029290211 8.3599694e-08 0.004397051 0.00088685995 0.0066175554
0.026167743 0.08084109 0.058138672 0.07121681 0.10837048 0.06330176 0.030351501 0.28185058 0.23858602 0.08996323 0.3660414 0.037222423 0.0313721 0.009694088 0.25842616 0.27684772 0.006499923 2.750747e-20 0.4007315 0.54807115 0.37817633 0.0021378198 0.39584255 0.0022886822 0.013083307 0.349391 0.0005900608 0.0057370593 0.0028090337 0.18862474 0.20480768 0.0014160485 9.1780814e-05 0.04610453 0.27735996 0.035034288 0.042786993 0.13534757 0.14464605 0.07354211 0.03949125 3.8369555e-05 0.0022913278 0.03638882 0.0006561153 0.05641783 0.112321116 0.059974615 0.02611458 0.025469933 0.039852004 0.0008037517 0.0045956825 0.036808025 0.01978073 0.0013918177 0.007134614 0.01419631 0.0048745237 0.049573116 0.016129388 0.024676163 4.051077e-06 0.002895833 0.03011379 0.0071027908 0.0031869905 0.0019884927 0.0037051993 0.0041400846 6.0513923e-07 0.0007572888 4.9901764e-06 0.013581931 0.00019281938 0.0019054988 0.019362928 0.014444659 0.020843841 0.009577005 0.020310745 2.0871641e-06 3.9867176e-05 2.1014679e-05 5.7234865e-06 5.9705144e-05 0.017498203 0.0004867767 1.8744913e-05 4.146228e-06 0.0042513944 0.002292119 1.1335309e-06 0.0018297996 0.0016737252 2.103909e-06 1.0815113e-06 1.4088003e-05 2.8864033e-05 5.334932e-06 2.7879512e-05
0.005590041 0.12271774 0.08615498 0.11813377 0.16881275 0.18371105 0.03059244 0.2371142 0.28095514 0.2547353 0.27322793 0.032489467 0.027011001 0.008077186 0.49490413 0.4916102 0.0063625933 0.4007315 1.9263673e-22 0.4668628 0.33709255 0.00092999806 0.28169003 0.0032972 0.012826325 0.21188796 0.0002060017 0.0061445707 0.0073036384 0.12466006 0.11787655 0.00066546927 3.2148884e-05 0.03385961 0.28362983 0.09204213 0.027629677 0.19329707 0.10757358 0.13369551 0.025298249 1.96251e-05 0.0048179957 0.10068252 0.0012741896 0.032491207 0.056373343 0.051002923 0.009240614 0.009148536 0.017081743 0.0015015994 0.010390013 0.016917402 0.010715525 0.0011546836 0.006889167 0.008421358 0.0021450187 0.07194546 0.009923664 0.020358145 6.258997e-07 0.002662056 0.021906631 0.0040793186 0.001920897 0.0010261422 0.0016722629 0.0009561013 2.707255e-06 0.0005398784 5.2088394e-06 0.00834502 2.4964806e-05 0.0010273299 0.008836704 0.0063244565 0.007999439 0.0052962257 0.0074278223 4.7843278e-06 2.9513558e-06 2.2110432e-06 2.1439315e-05 1.5690453e-05 0.0038286273 0.00035183935 3.8792436e-06 4.4742384e-07 0.00039410344 0.0021292893 1.0437338e-06 0.0011809912 0.001047314 1.5941472e-06 2.2768888e-06 2.5185084e-06 4.4772816e-05 3.1870222e-06 8.226664e-06
0.022396713 0.09045038 0.06423181 0.07653753 0.113379374 0.063937835 0.030112669 0.2969666 0.25229415 0.099702254 0.36896923 0.03612543 0.029158518 0.008076265 0.3179684 0.3451053 0.006671013 0.54807115 0.4668628 9.710145e-21 0.33108282 0.0013927897 0.3514161 0.0023175373 0.010559451 0.31579205 0.0004355844 0.004620045 0.0033173545 0.15425669 0.18043591 0.0012080013 7.2073184e-05 0.047955774 0.32197374 0.04577554 0.041084472 0.17745264 0.115985736 0.09500144 0.037785728 3.686946e-05 0.0024449618 0.051955882 0.000443508 0.048753317 0.10286044 0.06024374 0.022633474 0.020073429 0.042064507 0.00081958395 0.0047632908 0.034281682 0.018165413 0.0013998947 0.006567933 0.012802812 0.0055374065 0.058668148 0.015382105 0.027880803 1.5529166e-06 0.0029205373 0.03772636 0.006793031 0.0036731656 0.002316335 0.0049805203 0.0050069806 4.675864e-07 0.0008840442 3.679964e-06 0.012789584 0.00021917312 0.002026076 0.017904747 0.013236992 0.02116138 0.010241669 0.01907427 2.079509e-06 5.307987e-05 1.816367e-05 5.5473774e-06 9.86026e-05 0.015899327 0.0006714402 1.2242321e-05 3.6254658e-06 0.003831111 0.002659177 6.262603e-07 0.0019166975 0.0019234774 1.4989101e-06 1.1556683e-06 2.4280005e-05 3.0573203e-05 3.6115623e-06 2.8277342e-05
0.18456347 0.15588163 0.06444832 0.09797348 0.37082544 0.2003756 0.02745682 0.36926723 0.3118729 0.20848541 0.4719259 0.11427938 0.06931826 0.031526987 0.21728015 0.20336498 0.014395721 0.37817633 0.33709255 0.33108282 7.406311e-19 0.0032677262 0.52254564 0.004000595 0.07789776 0.39987022 0.00088881666 0.020641373 0.0026494353 0.5094038 0.44968382 0.002323488 0.00014765882 0.12562478 0.24671713 0.028088918 0.11631871 0.13935073 0.27039534 0.07045665 0.19312242 0.00017979273 0.0025435728 0.031262904 0.00041151294 0.2533363 0.33583847 0.10644134 0.02371609 0.03090236 0.1267487 0.00088222296 0.0035712433 0.13294765 0.10742209 0.004712601 0.016239863 0.097022906 0.0014379392 0.051326487 0.1546835 0.017880106 2.2810498e-05 0.001224728 0.015887445 0.032484546 0.0010615053 0.0018888689 0.00091941794 0.0005337421 7.764738e-06 0.004635936 2.5020008e-05 0.10021261 3.9998067e-05 0.0020783632 0.13712668 0.09117085 0.22674052 0.012940572 0.18888988 1.7853441e-05 1.3879195e-05 4.1536728e-06 0.00031261132 1.6687452e-05 0.10014167 0.00025774146 1.7605958e-05 2.1835267e-05 0.01964671 0.007958929 4.634753e-05 0.01936663 0.011628546 1.4973221e-05 0.00016658092 4.235164e-06 0.0021370817 4.8675203e-05 0.00091231515
0.08070671 0.004081998 0.004944421 0.0029700906 0.009194188 0.010548219 0.08979871 0.0026847478 0.0015033726 0.007115842 0.0044383276 0.19426149 0.26756844 0.68187785 0.0011214934 0.0008870224 0.09001314 0.0021378198 0.00092999806 0.0013927897 0.0032677262 4.0755718e-21 0.0020358067 0.02246257 0.2810214 0.0014504242 0.5555339 0.4696723 0.005698515 0.0008521837 0.00082414324 0.55551136 0.2537415 0.0013641227 0.0008375249 0.0028130324 0.00072040234 0.0010878535 0.0054353033 0.002019882 0.008231158 0.5504716 0.0037031681 0.0014624945 0.015573422 0.0012339834 0.0004839171 0.0012818285 1.45466865e-05 9.579759e-05 0.028019078 0.0004829181 0.00040489162 0.000455261 0.008079802 0.26519397 0.19587803 0.009109741 6.509929e-07 0.0007583928 0.004831206 0.00030142744 0.05382185 5.9960007e-06 0.00017829491 0.056125402 4.177514e-07 5.643045e-06 1.4877158e-07 4.4635517e-06 0.028369857 0.0332299 0.028733572 0.004273033 2.2306564e-07 0.0001259984 3.3766187e-06 0.002623569 0.0004730402 1.3980668e-06 0.00017964156 0.008936521 2.2651609e-08 2.4773739e-09 0.011585719 1.4473241e-08 1.7310502e-05 2.3414552e-06 0.011835957 0.008336211 8.242268e-08 0.0103595285 0.0015360533 0.00030420788 0.0002783991 0.004979151 0.004938377 4.2650017e-09 0.012774146 0.0012408929 0.01803317
0.0620971 0.03818128 0.029137876 0.034682095 0.1090521 0.080768995 0.018126726 0.14867659 0.15687141 0.091100976 0.27433604 0.026491221 0.016089749 0.013996552 0.12270292 0.127318 0.0052356287 0.39584255 0.28169003 0.3514161 0.52254564 0.0020358067 1.3157919e-19 0.002400856 0.013351605 0.47082058 0.0006543428 0.0072559193 0.0017473238 0.3288454 0.26795077 0.0010271076 0.00014981414 0.039819393 0.30705544 0.021404244 0.0423942 0.14338672 0.4239894 0.06279975 0.047953807 6.921824e-05 0.001695729 0.0212151 0.0007868989 0.09650645 0.22252573 0.19063094 0.049617186 0.06686333 0.03475997 0.0007854043 0.0032194848 0.044123687 0.033657406 0.0011075881 0.004851632 0.027392736 0.004313569 0.06781604 0.046623036 0.039612863 1.3396319e-05 0.0042064246 0.031934954 0.007375323 0.0028427409 0.0042700428 0.0021993925 0.0021932544 5.4598577e-06 0.0012091827 1.5315516e-05 0.026321525 0.00014742328 0.0029458613 0.09354441 0.024090238 0.057314634 0.02222211 0.055505086 3.0012056e-06 4.066857e-05 7.245958e-06 5.055689e-05 0.00010137714 0.03841199 0.00064327545 1.0290738e-05 1.9219333e-06 0.01396 0.0039847777 1.5705395e-05 0.0034399398 0.0028692803 8.595429e-06 9.535047e-06 9.508785e-06 7.0852875e-05 3.3620774e-05 3.6217596e-05
1.9806183e-05 0.007135954 0.012096687 0.010298069 0.0077201156 0.03474468 0.15004951 0.002205181 0.004628815 0.0283441 0.0031763916 0.021734955 0.019057732 0.061202213 0.004567646 0.0037480206 0.3864242 0.0022886822 0.0032972 0.0023175373 0.004000595 0.02246257 0.002400856 1.3652755e-21 0.015723065 0.0011944367 0.022132095 0.023475759 0.3174425 0.0005880673 0.0005036051 0.011855773 0.027842835 0.00034888598 0.0014308881 0.023097776 0.00025649506 0.0022691623 0.0013071228 0.0046344665 0.0014176861 0.006679078 0.15942888 0.0044961283 0.16951953 0.0006222496 0.00033865648 0.0004898068 0.0001658568 0.00031200252 0.0021232779 0.051799964 0.013472502 0.00018924034 0.00074439973 0.012317471 0.007774294 0.00084858085 1.891246e-05 0.00036493407 0.00046504714 0.0014507009 0.00093764346 8.517302e-05 0.00034749016 0.0026947828 7.010326e-05 4.4977984e-05 3.57226e-05 1.4135537e-05 0.0030261497 0.0013129304 0.0021657196 0.00035328377 1.0184187e-06 0.00014936333 1.0203063e-05 0.00011909714 0.00010488237 5.4177595e-05 4.2589458e-05 0.0015483856 5.7518497e-07 2.1440334e-07 0.0012386536 6.191454e-07 7.2764897e-06 7.9239995e-05 0.00341187 0.0014036819 8.37625e-08 0.00041656173 0.00032226718 2.2445058e-05 7.8092184e-05 0.0011178611 0.00081200077 6.544379e-08 0.0018828231 0.0008639253 0.00533136
0.71549946 0.05702253 0.052329235 0.04146396 0.20756724 0.064710416 0.154294 0.022718348 0.020849667 0.041122925 0.026031317 0.439514 0.43446907 0.3782905 0.012921081 0.010793148 0.054877516 0.013083307 0.012826325 0.010559451 0.07789776 0.2810214 0.013351605 0.015723065 2.8646952e-18 0.0043099034 0.038913626 0.565236 0.008401941 0.005043208 0.0075391834 0.37796286 0.010506668 0.02311794 0.002955505 0.005586961 0.014660687 0.0042882254 0.002448184 0.0048344387 0.13829863 0.064857684 0.0076761846 0.0019779664 0.0036596986 0.017069742 0.0051624742 0.0010372736 4.2985757e-05 0.00019234038 0.23661885 0.0022143163 0.001363267 0.013677963 0.10181958 0.17495109 0.2090457 0.12337548 2.6580083e-06 0.0026069607 0.04139973 0.0014946165 0.0077960184 1.778543e-05 0.0013809932 0.20852533 6.4804035e-06 2.6412941e-05 3.076623e-06 0.0001322351 0.0012609487 0.1272967 0.0021131693 0.12238826 1.8155288e-05 0.0001588161 0.00046236638 0.11568526 0.02419017 3.0007608e-05 0.006930012 0.0071750116 2.0089985e-06 2.0304819e-07 0.019161206 3.4340363e-07 0.0018944062 1.724096e-05 0.0051901187 0.005641428 2.8759592e-05 0.10175511 0.0012899239 0.010765504 0.006471992 0.0013280741 0.011097698 3.4552903e-07 0.111942284 0.0013654014 0.06853701
0.09280668 0.019403415 0.017435735 0.020003846 0.041349187 0.029071797 0.01477091 0.066307686 0.048962105 0.028317694 0.19372153 0.012654271 0.011738716 0.008142772 0.0671084 0.07977892 0.0037534635 0.349391 0.21188796 0.31579205 0.39987022 0.0014504242 0.47082058 0.0011944367 0.0043099034 7.70808e-18 0.00045463105 0.0032013704 0.0015557975 0.24468496 0.25286278 0.00072608405 9.027614e-05 0.035201676 0.39460674 0.012733126 0.03504257 0.15167893 0.45196986 0.06340222 0.025151253 2.0637404e-05 0.00070270867 0.01919219 0.00038093203 0.056276683 0.20099983 0.25519055 0.08848997 0.098543644 0.022918273 0.00031609816 0.0010174952 0.030741427 0.017971097 0.0005995555 0.005593006 0.015157691 0.019325662 0.064211324 0.023376148 0.06529789 2.3945984e-06 0.011826378 0.049358107 0.008061706 0.011001096 0.006670886 0.012729751 0.0070201308 8.899553e-07 0.0020020742 3.7598595e-06 0.014991227 0.0011351153 0.0053195516 0.120919675 0.015694901 0.049919862 0.03394242 0.05096911 9.798924e-07 0.00055342074 4.599738e-05 3.6066092e-06 0.00076321134 0.045021355 0.0015321741 4.068201e-06 2.0377654e-06 0.021242041 0.0035584145 4.4450812e-06 0.002800959 0.002540379 4.2171887e-06 2.2298907e-07 0.000105805935 3.777718e-05 1.5877406e-05 1.0594067e-05
0.006515271 0.0009866906 0.0012364188 0.00089837576 0.0021041853 0.0024406358 0.01883216 0.0006871149 0.00033017356 0.0015034978 0.0009202868 0.02370239 0.031744197 0.33355847 0.00019832066 0.0002095497 0.06714027 0.0005900608 0.0002060017 0.0004355844 0.00088881666 0.5555339 0.0006543428 0.022132095 0.038913626 0.00045463105 1.9308644e-20 0.100702584 0.0024377839 0.0006114326 0.0005109261 0.21101034 0.45535168 0.00052925193 0.00016266125 0.0004958001 0.00034542725 0.00045410433 0.0020515525 0.0005971127 0.0026531625 0.4853084 0.0011823655 0.000396016 0.021833936 0.00069123413 0.00035105506 0.00039639862 2.2227823e-05 0.00021461192 0.0048332727 0.00015834378 7.854001e-05 0.000126538 0.003289574 0.10011114 0.053656965 0.004099665 9.936638e-07 0.00034680075 0.0016741186 0.00028037187 0.08620078 7.389513e-06 0.000116205745 0.019362295 1.1745484e-06 2.2744625e-06 4.7535627e-07 5.1931806e-06 0.022391384 0.005792945 0.03062679 0.0006419232 1.606887e-07 8.3634826e-05 2.4356386e-06 0.0003237223 0.000108884975 1.8589238e-06 4.69267e-05 0.0074410914 1.6073889e-08 3.2520149e-09 0.0058708442 6.791398e-08 7.396606e-06 2.7778804e-06 0.00789926 0.0054841973 4.4209244e-08 0.0030881728 0.0016725227 6.513779e-05 0.00019463955 0.005908375 0.003099052 7.680876e-09 0.0039252015 0.0012368782 0.007802567
0.73981476 0.016479524 0.018350938 0.014103349 0.049087264 0.036914937 0.1330517 0.008070764 0.008887201 0.022084253 0.007893656 0.34589812 0.33521563 0.47486746 0.0060833627 0.0046098675 0.06430561 0.0057370593 0.0061445707 0.004620045 0.020641373 0.4696723 0.0072559193 0.023475759 0.565236 0.0032013704 0.100702584 2.1264177e-18 0.010672267 0.002741814 0.00263247 0.64046365 0.030493185 0.0066919834 0.0027165024 0.0061136666 0.0037982096 0.0035290043 0.0040879445 0.0043024784 0.06316914 0.24409227 0.008233439 0.002077099 0.009833441 0.005907851 0.002435834 0.0018268137 2.6270802e-05 0.0002451553 0.14064467 0.003239788 0.002412496 0.0022928766 0.06350757 0.43361032 0.445654 0.08655917 2.823871e-06 0.0020815074 0.018415194 0.0017914543 0.057532277 3.6404665e-05 0.00096779043 0.30655968 1.5149937e-05 3.8200687e-05 4.7674985e-06 9.82076e-05 0.019671239 0.21376675 0.03234803 0.05051499 5.8784294e-06 0.00021374812 0.00015948589 0.038877636 0.010316656 1.212285e-05 0.0033972785 0.013978289 5.000405e-06 6.3383126e-08 0.035540413 6.7779166e-07 0.00057995896 1.1958202e-05 0.01704347 0.015573608 5.9035874e-06 0.12595065 0.0028838858 0.004014158 0.004022531 0.005222197 0.012651296 4.6406265e-07 0.15547572 0.0031166663 0.091337815
3.799566e-05 0.006242253 0.015185972 0.013364631 0.005130481 0.036650855 0.084001765 0.0027400586 0.005306507 0.035398263 0.0022887695 0.0134262685 0.013483729 0.02701423 0.010836098 0.008365096 0.13469715 0.0028090337 0.0073036384 0.0033173545 0.0026494353 0.005698515 0.0017473238 0.3174425 0.008401941 0.0015557975 0.0024377839 0.010672267 1.139422e-20 0.00035083047 0.00036819337 0.0030370667 0.0017197157 0.00025736392 0.00096489984 0.061231155 0.00021048405 0.0022522917 0.00082874607 0.009626904 0.00084544666 0.0010707616 0.42666516 0.013915352 0.09226032 0.0004429811 0.0003747299 0.0004703688 6.960695e-05 0.00013303298 0.0016223298 0.23522307 0.05283813 0.00011816356 0.0005807197 0.004852819 0.0017475329 0.0009728266 3.0375475e-06 0.0015964037 0.0008101301 0.0012321871 6.0248873e-05 2.9450173e-05 0.00097075204 0.0014412864 2.116272e-05 9.918597e-06 1.5583442e-05 2.290196e-05 8.283509e-05 0.0006095651 0.00021861178 0.00028150543 2.6205407e-06 0.00014627923 3.8675007e-06 0.00019048681 0.00011181303 1.7451961e-05 5.4589338e-05 0.0002466863 4.773561e-07 3.2295276e-07 0.0008728221 2.5451803e-07 4.0854113e-05 1.706812e-05 0.00078872486 0.00029556855 1.5822583e-07 0.0006013046 8.230722e-06 8.046658e-05 0.00017400218 5.8185356e-05 0.0010025374 4.4099426e-08 0.0012024622 3.350302e-05 0.008613943
0.5869393 0.025484337 0.018538954 0.0215432 0.060260456 0.039173502 0.007446586 0.079599924 0.048633393 0.02878819 0.21373795 0.015636 0.0097577255 0.008285438 0.050232533 0.058584332 0.001439207 0.18862474 0.12466006 0.15425669 0.5094038 0.0008521837 0.3288454 0.0005880673 0.005043208 0.24468496 0.0006114326 0.002741814 0.00035083047 4.064275e-18 0.5640949 0.00047739435 0.00027291654 0.063585036 0.15439142 0.006932874 0.06953983 0.09744006 0.19071165 0.055554718 0.055403493 4.4392546e-05 0.00029393536 0.013479153 0.00019191878 0.12608989 0.49935016 0.08261852 0.06676492 0.11493254 0.06021985 0.0002611385 0.0006545794 0.059326336 0.042764105 0.0004430073 0.0028986293 0.04490795 0.010715263 0.038628727 0.080159 0.03897364 6.152401e-07 0.007325169 0.031599846 0.014767714 0.009060895 0.0058665765 0.007803185 0.001983343 1.8958536e-06 0.003141265 1.4635331e-06 0.06918964 0.00037442247 0.011612079 0.29965174 0.06244894 0.24647893 0.046321303 0.24374872 5.9658925e-07 0.0002249206 3.6997037e-05 7.786844e-06 0.00023627968 0.18821268 0.0014919407 6.7015494e-06 1.1930415e-06 0.12602696 0.008494764 5.006054e-06 0.027148612 0.020140745 1.2514323e-06 3.0497733e-06 7.1747985e-05 0.0004058264 1.8231456e-05 6.045031e-05
0.6826864 0.035395015 0.02534627 0.030762373 0.07777101 0.042124152 0.008289935 0.10232743 0.05836554 0.031575084 0.21106464 0.017150536 0.01182661 0.0072414964 0.053036526 0.05986598 0.001497021 0.20480768 0.11787655 0.18043591 0.44968382 0.00082414324 0.26795077 0.0005036051 0.0075391834 0.25286278 0.0005109261 0.00263247 0.00036819337 0.5640949 4.388063e-18 0.00039868223 0.00018346439 0.095599644 0.16768001 0.007417951 0.10650509 0.0932058 0.14768365 0.058720425 0.069339335 5.47647e-05 0.00037111068 0.014297465 0.00021065754 0.16678277 0.49918577 0.07094376 0.058194462 0.08164417 0.090233885 0.00032141787 0.0008945107 0.091753185 0.04812866 0.0006421489 0.0025707497 0.049163535 0.009880273 0.032859106 0.088786826 0.029559387 4.3486776e-07 0.0050382395 0.031061502 0.011243236 0.0060938117 0.0052429563 0.0060942215 0.0018302114 9.448315e-07 0.002294143 7.595027e-07 0.081442885 0.00016730149 0.010682592 0.25338057 0.07351641 0.2450927 0.03205405 0.22302623 1.2867122e-06 6.3817504e-05 1.2091468e-05 2.5230602e-05 6.9820766e-05 0.2020418 0.0011341425 1.1654897e-05 3.0965389e-06 0.08070168 0.0072558057 4.124872e-06 0.033764705 0.025467042 1.8531713e-06 1.7401371e-05 2.263085e-05 0.00065599766 1.5088125e-05 0.00020074953
0.47259548 0.004356515 0.0044444907 0.003359337 0.005369867 0.008417576 0.03610038 0.0020363035 0.0009961379 0.005445026 0.002001149 0.094367415 0.12598868 0.3243843 0.0007479046 0.0006511205 0.031805206 0.0014160485 0.00066546927 0.0012080013 0.002323488 0.55551136 0.0010271076 0.011855773 0.37796286 0.00072608405 0.21101034 0.64046365 0.0030370667 0.00047739435 0.00039868223 3.344572e-18 0.09048648 0.0012212155 0.0007967636 0.00208961 0.00067124976 0.0009462271 0.001239405 0.0009936539 0.016049858 0.6757414 0.0020105112 0.0007171559 0.00996527 0.0012928157 0.00039498726 0.00061407627 6.457645e-06 7.9586556e-05 0.03265667 0.00057398283 0.00040645365 0.0004563919 0.016456015 0.66690403 0.40074092 0.020150952 3.9721974e-07 0.00027283767 0.0060496824 0.0005129339 0.18195513 5.1650914e-06 8.198043e-05 0.1782723 1.5581146e-06 4.496638e-06 5.8088716e-07 3.4848244e-06 0.05035006 0.11402956 0.09114251 0.009848292 2.2083594e-07 5.8405683e-05 3.6112197e-05 0.006687693 0.0016335219 1.4851181e-06 0.0009737595 0.033280615 1.5072175e-07 3.0760636e-09 0.0739716 1.3633999e-07 0.00015612635 1.5632762e-06 0.027516397 0.033539515 3.652815e-07 0.055488534 0.004085203 0.0016529158 0.0013981428 0.0113231335 0.020473348 6.887645e-08 0.09637816 0.002994496 0.08499555
