9.146081e-30 0.006110808 0.008711809 0.06957428 0.0022956599 0.0033617457 0.009294678 2.4853609e-05 0.001681394 0.041019913 0.14314365 0.059734147 0.057004638 0.00032684146 0.7588936 0.0053574834 0.5790458 0.3475898 0.17527837 2.471523e-06 0.0012751969 0.036077056 0.5552216 0.027361015 0.00053479883 2.9018041e-05 0.3778848 0.8471954 0.235092 0.0034371659 0.0022598899 0.7982548 3.1768384e-06 0.7772761 0.15838589 0.5372412 0.00698218 0.00019334396 2.2802538e-05 0.0002864716 0.88587016 0.19090874 0.58612627 0.83048856 0.38863674 0.9390399 0.09817362 0.9758675 0.49583036 0.7744241 0.6137586 0.6451181 2.3561126e-05 0.9254475 0.0019387142 0.9502096 0.03757692 0.77901596 0.03757317 0.0061761364 0.891951 0.13772638 0.28155118 0.9762675 0.22232115 0.96065396 0.7343156 0.448364 0.10394782 0.967802 0.084829226 0.93188524 0.32122013 0.002024606 0.45401105 0.9761099 0.9812298 0.09007665 0.8950583 0.99393547 0.9874517 0.97820234 0.9991175 0.017691866 0.9285018 0.7817235 0.99293554 0.107845455 0.97984153 0.9958572 0.89885116 0.9870763 0.9998204 0.9878167 0.0002402277 0.88014483 0.9999197 0.2652529 0.99968797 1.3600159e-05 6.376388e-06
0.006110808 1.3344998e-20 0.6315557 0.7192086 0.38069674 0.2194897 0.5188968 0.060576804 0.20842256 0.5745889 0.6124431 0.03954161 0.40813395 0.0047734473 0.15869641 0.0079657445 0.16743998 0.053194284 0.04134404 0.0085166 0.040033963 0.04057448 0.03092624 0.009275162 0.018774418 0.012425585 0.027992688 0.04095358 0.06267445 0.021545665 0.010542084 0.02987734 0.00010771275 0.037823718 0.017796699 0.017302962 0.0058637518 0.0014641817 6.264891e-05 0.0012721493 0.05874556 0.0050496184 0.0037867248 0.02034175 0.00023899032 0.018108143 3.8955895e-06 0.015652189 0.0006820848 0.00024742776 0.00490998 0.00016014675 0.00011771759 0.006460217 0.00010614936 0.005860372 6.130326e-07 6.0125978e-05 4.781247e-07 2.759773e-07 0.00035368244 4.923084e-07 0.00079239765 0.0011341207 3.613181e-06 0.00095335743 0.0010744903 2.2714453e-06 1.2476667e-06 0.0009144457 6.000345e-07 0.003205892 1.2708917e-05 0.001042147 8.66562e-06 0.0036199451 0.00035617856 0.00093464024 0.0017766537 0.0019441473 0.00075313856 0.0020446489 0.00031432277 3.831178e-07 2.6518746e-05 0.00014670799 0.0007249158 1.5261845e-05 2.2926435e-05 0.0013979209 0.00016452812 0.0017739603 0.0001223082 0.0008031432 1.0857897e-08 0.0005750745 0.00016552735 8.792865e-06 0.00010584509 1.1027895e-08 6.381344e-05
0.008711809 0.6315557 3.20148e-21 0.53848785 0.46563452 0.2651896 0.69977695 0.02672808 0.26073104 0.59904367 0.2517768 0.008003407 0.3883299 0.0009206332 0.088380046 0.0018327398 0.106042 0.0292167 0.019995326 0.011529857 0.06388091 0.11445599 0.008238875 0.0010873063 0.06554565 0.06029889 0.004840653 0.027401945 0.049314182 0.060564067 0.047695547 0.050444983 4.0733667e-05 0.034965195 0.009279485 0.010667709 0.021050815 0.008850072 7.843997e-06 0.0065791076 0.020605164 0.0094422875 0.0035692158 0.0058588637 0.00027672065 0.0076300898 2.055577e-05 0.011846263 0.0006223131 0.000100736725 0.0009944208 0.00015717345 0.00045873056 0.0012942798 0.00044522985 0.0030354524 3.5588134e-06 1.873796e-05 1.5112339e-06 4.250812e-06 4.6477846e-05 6.80697e-07 0.0001226157 0.0003258738 1.3443732e-06 0.00026471485 0.00032886313 3.4853772e-07 1.5567741e-07 0.00022595818 2.0465242e-07 0.0006020471 7.905299e-06 0.00013191781 4.1945444e-07 0.00065769773 4.8986054e-05 0.0003497893 9.1659575e-05 0.0006162731 0.00048233286 0.00021641956 5.3563515e-05 1.440113e-07 1.790116e-05 8.624518e-05 0.00011212815 3.287626e-05 7.898246e-06 0.0007215568 4.55774e-05 0.00066335447 1.18823555e-05 5.887083e-05 7.918136e-09 1.9792495e-05 7.521742e-05 8.407546e-07 1.5261234e-05 1.1729062e-08 2.7190577e-05
0.06957428 0.7192086 0.53848785 4.2158682e-20 0.30459926 0.24433178 0.48169592 0.019461308 0.20061001 0.70756865 0.56481254 0.012990371 0.607093 0.002075697 0.30021936 0.0036333941 0.40651292 0.111528404 0.06992107 0.004452076 0.060305182 0.14289378 0.016425714 0.0022422413 0.052836034 0.013302881 0.0096648345 0.10919514 0.104929656 0.059689496 0.07044496 0.081196755 4.9908307e-05 0.09245557 0.011275499 0.023407463 0.036888953 0.008014963 3.0770327e-05 0.009108755 0.08004449 0.022040566 0.0044846493 0.031148117 0.00077949103 0.03155321 0.0001514356 0.057014402 0.00085398 0.0003223781 0.0047575044 0.00026843537 0.00054673746 0.0068223667 0.0027870964 0.021049395 1.1515236e-05 6.951029e-05 4.037004e-06 8.816308e-06 0.00035661043 4.582966e-06 0.0010349544 0.0026200947 6.1111828e-06 0.0026058399 0.0011988765 8.130345e-07 8.5367617e-07 0.0023645596 1.255305e-06 0.008080095 2.4780335e-05 0.0012152364 7.532775e-07 0.0045227334 0.0003528523 0.0015509401 0.002046222 0.005717557 0.0027862052 0.0023098034 0.0012404178 4.9316367e-07 0.00010161962 0.00035998758 0.0013630856 3.7246726e-05 9.6088006e-05 0.0031204375 9.138472e-05 0.0045700753 0.00042684813 0.0010375852 1.67965e-07 0.0005357299 0.000747639 2.0611803e-06 0.00036173066 1.9022222e-07 0.0001760249
0.0022956599 0.38069674 0.46563452 0.30459926 1.8452302e-19 0.7362975 0.52167755 0.040662255 0.6951054 0.36250275 0.1868649 0.0068093697 0.19244511 0.0010907955 0.036766328 0.0014148916 0.059485853 0.019227285 0.012885598 0.057342667 0.112410806 0.09563861 0.0051598507 0.0006165646 0.1415505 0.27594998 0.0022152797 0.01816123 0.025328843 0.048927106 0.044225805 0.042537384 0.0001232964 0.022109896 0.0030775194 0.005059932 0.011730351 0.0052228067 1.6082884e-05 0.0026360687 0.0069831586 0.0103908 0.0019488549 0.002204978 0.000408271 0.0044288416 1.8230709e-05 0.0074492283 0.00046890354 0.00014699144 0.00023118165 0.00025397068 0.0006815815 0.00034073956 0.00023924549 0.0011476706 8.503209e-06 0.00016206944 9.513113e-06 9.464184e-06 0.0002084425 3.8210925e-07 3.3781474e-05 9.812381e-05 5.615065e-06 5.379778e-05 0.0004829902 3.5161206e-06 1.8732105e-06 8.289413e-05 8.6364764e-07 0.00037043955 2.8438986e-05 0.0005048462 1.5226387e-05 0.0006333332 7.6491524e-05 0.00033281362 0.000846718 0.00030437094 0.00040129526 0.00020635818 0.00016831147 1.6895086e-06 0.00010248337 0.0002903165 0.00018038542 0.00011621373 1.1129678e-05 0.0009692137 0.00043542052 0.00033563992 1.8449566e-05 0.000360105 7.2065376e-08 5.7693644e-05 5.9909737e-05 4.4561275e-05 3.9676925e-05 7.891137e-08 6.7202796e-05
0.0033617457 0.2194897 0.2651896 0.24433178 0.7362975 8.0432094e-21 0.361858 0.025381913 0.637478 0.26841867 0.10180379 0.005231244 0.138523 0.00044809963 0.02762334 0.0014370776 0.042285874 0.009250904 0.0052767885 0.0439052 0.046951953 0.07880162 0.004159635 0.0003110747 0.064236425 0.23207869 0.002085105 0.008042827 0.018941376 0.04188084 0.028503625 0.031871084 5.225664e-05 0.013762981 0.0019766095 0.0031322099 0.013568659 0.005094113 2.3315997e-06 0.002570273 0.0038324757 0.0069617312 0.0018793663 0.0012756378 0.0001987535 0.002129066 2.4334251e-05 0.0030760611 0.00012675115 4.9186594e-05 0.000493748 7.588193e-05 0.00021084087 0.00030395878 0.00014871279 0.00097043696 3.212913e-06 2.4851619e-05 2.9855162e-06 4.5011648e-06 1.8094564e-05 5.540121e-07 5.2551102e-05 0.00013253481 3.0493545e-06 6.257601e-05 0.00022246859 4.2108127e-07 3.425721e-07 0.00010079814 3.071444e-07 6.444299e-05 3.2482199e-06 5.9101814e-05 8.541762e-07 0.0002226301 7.492078e-06 0.00017885538 9.73903e-05 7.491181e-05 0.00023681475 6.780018e-05 6.0242895e-05 1.8417182e-07 2.1842849e-05 0.00015062571 0.0006642103 7.1489056e-05 4.234805e-06 0.0006306331 8.358914e-05 0.0015332322 3.1191044e-05 6.702652e-05 3.3414949e-09 6.780303e-05 0.00014297056 2.3067753e-06 8.847188e-05 1.8834227e-08 8.1996935e-05
0.009294678 0.5188968 0.69977695 0.48169592 0.52167755 0.361858 6.135476e-21 0.009573148 0.2912608 0.6117612 0.27187526 0.003922943 0.44510463 0.0004545623 0.06291678 0.0010382128 0.15134086 0.033173166 0.021324087 0.00942922 0.18632114 0.2503167 0.0045328266 0.00027431018 0.18542545 0.07983623 0.0018785554 0.037090365 0.07469625 0.14610083 0.103623725 0.07380724 1.8682163e-05 0.040890068 0.0048301416 0.0097217 0.047622144 0.016976668 5.021891e-06 0.010530232 0.0062924833 0.026069665 0.0065395166 0.0027508838 0.00053369574 0.0036727192 5.4768254e-05 0.0154052405 0.0009990834 0.00018986528 0.00034148712 0.00024784743 0.0014970008 0.0006957307 0.0013255372 0.0030783354 1.7866012e-05 3.6464495e-05 1.368115e-05 9.581655e-06 0.00021030546 6.138019e-07 7.689519e-05 0.00012822167 7.4368513e-06 0.00014480381 0.00039766304 1.1140589e-06 7.35503e-07 0.00015384077 4.4969062e-07 0.0007566775 2.112743e-05 6.0118127e-05 1.7373408e-06 0.000616759 5.106267e-05 0.0004319919 0.00019206344 0.0005261472 0.0004175959 6.613921e-05 7.381614e-05 1.2400192e-06 5.8866957e-05 0.00021263213 5.6554338e-05 4.6961395e-05 2.89596e-05 0.000876091 0.00023715584 0.0001397995 1.3984969e-05 1.42757945e-05 1.4434295e-07 2.2520455e-06 0.00011647947 1.112623e-05 2.4035615e-05 1.1068107e-07 1.34182865e-05
2.4853609e-05 0.060576804 0.02672808 0.019461308 0.040662255 0.025381913 0.009573148 3.5526384e-19 0.11972356 0.010865477 0.032616355 0.07355867 0.002076182 0.1639221 0.0032489744 0.19613442 0.0020359494 0.0012023522 0.0006845582 0.5692658 0.0007786039 0.00060289627 0.004944105 0.018532792 0.00033768124 0.010639789 0.004984479 0.0003992644 0.00059019553 0.00047140502 0.00013270203 0.00032893498 0.11594722 0.0005915547 0.00012327135 0.00032089354 0.00036048266 2.3782339e-05 0.008650285 3.979269e-05 0.0010667235 0.0006742955 0.00015752173 0.001128615 4.3410615e-05 0.00039512987 5.749626e-06 0.00014159073 3.6520803e-05 1.2470975e-05 0.0021277445 5.5726945e-05 3.0332127e-05 0.00013746669 9.253506e-05 0.00021267451 6.264145e-07 1.7398004e-05 5.387736e-07 5.439145e-07 1.1759511e-05 8.40781e-07 0.0010770875 3.6703594e-05 1.6100922e-06 1.0000032e-05 9.028768e-05 5.167064e-07 6.780167e-07 1.6723234e-05 4.8907486e-07 0.00024784767 4.419951e-06 0.0027848103 1.5647038e-06 0.0009836057 7.157075e-06 0.0013058669 0.0036672014 3.937837e-05 0.00012949762 0.0008969012 2.903014e-05 2.210631e-07 1.6616941e-05 0.00011478588 0.004513467 0.00012061841 1.1379717e-06 0.00044325262 0.00010934671 0.006404459 7.7098295e-05 0.0031059152 7.847516e-09 0.01481073 0.00027267457 6.8571235e-06 0.00024036062 1.3230446e-08 0.00020261423
0.001681394 0.20842256 0.26073104 0.20061001 0.6951054 0.637478 0.2912608 0.11972356 4.643387e-19 0.19617277 0.078140244 0.007237768 0.06210506 0.00174637 0.021349471 0.0037627225 0.027742269 0.005779109 0.0027464002 0.2026925 0.11946497 0.058254752 0.0055682114 0.00043292812 0.18438894 0.5304814 0.0018762717 0.0040606703 0.009463215 0.05841882 0.036861897 0.01938384 0.0008647913 0.0062873275 0.00049012754 0.0016724799 0.03320563 0.007873222 2.5487509e-05 0.0056918594 0.0026097419 0.0069280197 0.00031320038 0.0009984648 0.00030716916 0.0015269561 0.00010682662 0.0010776089 0.00012563112 3.7642352e-05 0.0006084352 0.00018022637 0.0005390866 0.00027762444 0.0003297604 0.0005356743 1.455168e-05 6.3142565e-05 1.6744747e-05 3.2967124e-05 2.8476059e-05 2.2492059e-06 0.00013062623 0.00014462495 6.9400107e-06 5.8391754e-05 0.0002221957 2.0239079e-06 2.516686e-06 8.8299086e-05 3.2564549e-06 0.00010610654 2.256483e-06 0.00043799606 2.6559278e-06 0.0004763468 2.0577423e-05 0.00042679414 0.0004506016 7.113989e-05 0.00033326083 0.00022843186 0.00014302564 1.1857989e-06 4.703154e-05 0.00022550029 0.00097010424 0.00038503332 6.9095076e-06 0.0012211188 0.00038338886 0.0010329371 2.6805124e-05 0.0002319548 2.3088461e-08 0.000298995 0.00013555647 7.3972687e-06 6.8979425e-05 3.5164625e-08 0.00032144057
0.041019913 0.5745889 0.59904367 0.70756865 0.36250275 0.26841867 0.6117612 0.010865477 0.19617277 5.328337e-21 0.3183303 0.0033822851 0.7362463 0.0006142862 0.13025105 0.0008205842 0.3436973 0.07122394 0.049695298 0.002764123 0.16269676 0.40613595 0.0070106876 0.00028763394 0.11641889 0.025893597 0.002735398 0.08576176 0.18964611 0.1917653 0.15662664 0.13082474 2.5401247e-05 0.07315785 0.009107587 0.015391876 0.087335564 0.02171646 6.8700506e-06 0.024925878 0.033820532 0.03786635 0.006650616 0.010349847 0.0009423979 0.012964375 0.00028248894 0.04446229 0.001133056 0.00027801204 0.00123062 0.0003167844 0.00247999 0.0027225376 0.0059644994 0.010190884 3.109185e-05 7.0751936e-05 1.679956e-05 3.4178083e-05 0.00058432616 4.922669e-06 0.0002655214 0.0010573396 6.6331963e-06 0.000820693 0.0007446121 6.604454e-07 6.0340176e-07 0.0008862842 7.550569e-07 0.0020786643 2.0165762e-05 0.000114725255 6.4069417e-07 0.0014934168 0.00027168923 0.0009015363 0.00027717414 0.002121518 0.0010186821 0.00033994255 0.00041020132 1.0956634e-06 0.00011687917 0.00040257338 0.00019001347 0.00014431123 0.00015205267 0.001221333 0.00023807155 0.00092602696 6.375072e-05 8.023723e-05 3.6764123e-07 4.426538e-05 0.00024878143 2.7797516e-06 6.7763925e-05 3.485474e-07 3.682778e-05
0.14314365 0.6124431 0.2517768 0.56481254 0.1868649 0.10180379 0.27187526 0.032616355 0.078140244 0.3183303 8.4530155e-19 0.1653441 0.21873954 0.005998389 0.8768111 0.01944234 0.41944477 0.16731451 0.1096832 0.0016278882 0.026112812 0.03450598 0.22419554 0.032600667 0.009182591 0.000754769 0.16535538 0.10819799 0.08717685 0.02083302 0.011059013 0.03672382 7.437692e-05 0.100744806 0.038522936 0.039466556 0.010595244 0.00026989676 0.00014022304 0.00029773987 0.3301687 0.015300064 0.0094133625 0.15757717 0.0020734258 0.10069772 0.00016378575 0.051332477 0.0024995017 0.0012871167 0.06817353 0.0009891312 0.00022120052 0.07661722 0.00041348406 0.05181457 1.3894305e-05 0.00030172683 8.15568e-06 2.45729e-06 0.002459507 4.156914e-06 0.02239391 0.014617199 1.6362332e-05 0.028206531 0.0048291488 5.9910963e-06 6.56052e-06 0.01585261 6.069978e-06 0.056739647 0.00018970475 0.0053347237 5.802361e-05 0.049175397 0.0017629497 0.008399341 0.03775284 0.048057023 0.014517813 0.042992104 0.010403284 9.859795e-06 0.00029224597 0.0010456134 0.02511251 6.1451705e-05 7.257947e-05 0.013305558 0.00023437856 0.057050027 0.0037051202 0.043785054 1.5845724e-06 0.012334897 0.0042228233 2.354217e-05 0.0058551463 1.9367947e-06 6.857591e-05
0.059734147 0.03954161 0.008003407 0.012990371 0.0068093697 0.005231244 0.003922943 0.07355867 0.007237768 0.0033822851 0.1653441 1.3214421e-17 0.0006971297 0.116052546 0.07491032 0.5243086 0.0023289155 0.0021403392 0.0017923977 0.0027502137 0.00041225593 0.00040092817 0.21330293 0.7386764 0.0002815049 0.00013502619 0.35329494 0.000727735 0.0009033601 0.00037083012 0.00026566678 0.00072917895 0.015582366 0.0047039036 0.0035833372 0.0031256916 0.000102372884 5.6946927e-05 0.022041963 0.00010028382 0.10739515 0.0004798947 0.00055092364 0.050432716 8.089647e-05 0.024351211 1.2833146e-05 0.0061408 0.00015548224 3.1901924e-05 0.09173831 5.9105365e-05 6.207134e-05 0.0053266715 0.00013059733 0.004819733 8.530316e-07 2.0532384e-06 3.390143e-07 1.7777672e-06 3.254895e-05 2.4836334e-07 0.06278532 0.00074160617 3.5749557e-07 0.0019396109 0.0005869585 3.3236795e-08 3.10222e-08 0.0018298982 2.9735194e-08 0.02589537 3.6608349e-06 0.03110917 3.2835793e-08 0.11458289 0.00014400136 0.064320154 0.06737684 0.023316942 0.0019558538 0.014283067 0.00093698327 4.6656165e-08 2.7063927e-06 1.5701726e-05 0.006405284 8.337605e-06 2.078134e-07 0.002125021 2.1985166e-05 0.015060525 0.0004654902 0.0149199255 4.1790738e-08 0.021859407 0.0037375623 2.3694544e-07 0.0017809627 7.689382e-08 0.00052198395
0.057004638 0.40813395 0.3883299 0.607093 0.19244511 0.138523 0.44510463 0.002076182 0.06210506 0.7362463 0.21873954 0.0006971297 4.970212e-22 0.00023867215 0.1149307 0.00011498869 0.6655658 0.16814871 0.16716802 0.00054147583 0.19924505 0.6118318 0.0050564446 4.35269e-05 0.10101513 0.004491095 0.0013249938 0.2958824 0.62573165 0.33514136 0.23428057 0.3845935 1.0544647e-05 0.12958251 0.015915431 0.019798536 0.13197055 0.012186525 5.268717e-06 0.024300005 0.01547835 0.09788642 0.007985238 0.009616552 0.0044402517 0.009866545 0.0013382932 0.053914767 0.0018945724 0.0003074338 0.00064040435 0.00037441033 0.0023243688 0.0047036186 0.0041074706 0.010832353 0.00014819787 3.6855225e-05 5.242626e-05 4.4286615e-05 0.0011643765 5.5873147e-06 0.00029421752 0.0010689609 9.861627e-06 0.0010080938 0.0016727797 1.0118436e-06 8.7241335e-07 0.0012193767 1.143134e-06 0.0020088006 2.3692332e-05 1.595885e-05 6.2456826e-07 0.001171823 0.0004599605 0.00023034032 7.0441965e-05 0.0023881434 0.0009680548 0.000118145304 0.00059378246 1.1319105e-06 0.0002968703 0.00047961168 6.458443e-05 5.9552003e-05 0.0005980154 0.0027812566 0.00032290522 0.00013000608 4.8848335e-05 4.5940782e-05 8.6955436e-07 3.34262e-05 0.00013530992 1.6139464e-06 2.9293815e-05 8.171956e-07 4.9995606e-06
0.00032684146 0.0047734473 0.0009206332 0.002075697 0.0010907955 0.00044809963 0.0004545623 0.1639221 0.00174637 0.0006142862 0.005998389 0.116052546 0.00023867215 3.001017e-19 0.0012796953 0.6411297 0.0001399282 0.0002340732 0.00016946498 0.06663172 1.0511633e-05 0.000124568 0.003295405 0.12900274 1.2191801e-05 0.00024340622 0.005493107 2.6696065e-05 5.5911347e-05 1.7308075e-05 3.869283e-06 8.283596e-05 0.46924886 9.672893e-05 6.933069e-05 9.537107e-05 8.0684746e-05 8.28176e-06 0.097811766 2.4724082e-05 0.000780529 0.0003406476 3.1441916e-05 0.00042421574 5.906206e-06 0.00012513083 1.3417947e-06 6.818528e-05 1.0023166e-05 2.6314294e-06 0.0034259553 3.874855e-06 3.7534846e-05 2.8483257e-05 3.2981276e-05 5.3769978e-05 2.5953856e-08 8.2298544e-07 1.5109816e-08 1.2038184e-07 2.9128437e-06 8.448002e-08 0.0019429722 2.1261054e-05 2.1056323e-07 7.750571e-06 9.537002e-06 3.6773784e-08 2.7636904e-08 1.9449419e-05 9.518288e-09 0.00012587421 2.2799426e-07 0.0048242994 7.267508e-08 0.0005713237 2.5712372e-06 0.0036308086 0.0018298982 2.9213661e-05 4.9651193e-05 0.00054494676 3.4368048e-05 8.467199e-08 1.2601209e-06 6.933782e-07 0.0108683165 1.6405376e-05 1.490627e-07 0.00037107052 4.5512184e-06 0.053760033 1.5386608e-05 0.0044447454 2.7596858e-09 0.0031081282 0.0057253484 1.5683482e-07 0.0042847544 5.1357008e-09 0.00013916566
0.7588936 0.15869641 0.088380046 0.30021936 0.036766328 0.02762334 0.06291678 0.0032489744 0.021349471 0.13025105 0.8768111 0.07491032 0.1149307 0.0012796953 2.4247427e-18 0.008153045 0.5275542 0.3668412 0.22229521 0.00021687227 0.009944578 0.026596403 0.24571937 0.025685772 0.0025475884 0.00014453188 0.16890535 0.29440954 0.05888387 0.012100184 0.0070582246 0.0411656 3.0107993e-05 0.4743654 0.13368538 0.15209687 0.0041840915 0.00019086288 3.9157272e-05 0.00029865617 0.46696737 0.010763087 0.0028645312 0.21109936 0.0008229129 0.16759528 0.00018098438 0.11404894 0.0009621212 0.0003009308 0.051846944 0.00020869412 5.476209e-05 0.10889249 0.0004608309 0.12620482 1.1864339e-05 1.0772184e-05 4.523641e-06 1.4677803e-05 0.0015698621 2.9549356e-06 0.019454686 0.018020825 5.33671e-07 0.059944347 0.0028764475 1.13982516e-07 2.2824163e-07 0.049416665 5.9388606e-07 0.24610913 3.534975e-05 0.0019017273 5.513125e-07 0.07729026 0.0014558636 0.016883902 0.08562484 0.18619049 0.041822266 0.07907822 0.040156078 3.5049604e-07 0.00019282635 0.00046943937 0.07751355 2.9321342e-05 1.6402577e-05 0.017704371 4.1980747e-05 0.0850875 0.007817042 0.06435627 2.7738486e-06 0.031709075 0.013670112 5.962224e-07 0.014272928 3.2405246e-06 0.000119492935
0.0053574834 0.0079657445 0.0018327398 0.0036333941 0.0014148916 0.0014370776 0.0010382128 0.19613442 0.0037627225 0.0008205842 0.01944234 0.5243086 0.00011498869 0.6411297 0.008153045 8.1470363e-19 0.00017390547 0.00044606114 0.00044703617 0.021743884 3.1436637e-05 4.4519013e-05 0.03199281 0.61552066 4.9045884e-05 0.0001137567 0.058344405 0.00012666718 0.00012461292 5.194505e-05 1.9798666e-05 0.00013188057 0.27620077 0.0005506584 0.00054092874 0.0006511488 6.0603685e-05 5.132284e-05 0.41237056 9.570007e-05 0.012198327 0.00014517189 6.358932e-05 0.0046393177 2.2671567e-05 0.0039494867 1.9999472e-06 0.00016869682 3.5173704e-05 1.59705e-05 0.020889353 2.1795673e-05 0.00016869778 0.00025769672 0.0003660229 9.8722565e-05 2.116831e-07 1.5620201e-06 9.082903e-08 5.300424e-07 6.8714858e-06 1.6701397e-07 0.02691371 2.8439175e-05 6.250604e-07 4.0779414e-05 3.2308926e-05 5.7748988e-08 6.849365e-08 0.000102873964 3.1257457e-08 0.00078306516 7.2412564e-07 0.058471017 8.441108e-08 0.023977006 1.4796774e-05 0.048560522 0.022538103 0.00025442304 0.00019357866 0.00091191195 6.052888e-05 1.0977807e-07 8.366638e-06 5.894693e-06 0.0025031536 5.9324216e-06 7.45977e-07 0.0005841309 1.6273123e-06 0.022699635 5.224005e-05 0.0028353343 5.721011e-09 0.0023796349 0.015524074 7.5216235e-08 0.008629307 4.000262e-08 0.00093858194
0.5790458 0.16743998 0.106042 0.40651292 0.059485853 0.042285874 0.15134086 0.0020359494 0.027742269 0.3436973 0.41944477 0.0023289155 0.6655658 0.0001399282 0.5275542 0.00017390547 5.6152364e-21 0.78343713 0.68152106 0.00023409665 0.032210756 0.21317735 0.011812267 0.0004299289 0.015794745 0.000854717 0.004559462 0.8161014 0.56017464 0.05645732 0.039943475 0.3534768 7.000969e-06 0.50984365 0.06948293 0.11486893 0.031706996 0.0022038543 5.9102063e-06 0.0030543755 0.10032593 0.031727392 0.005949513 0.044256024 0.0013283719 0.05093872 0.00039225465 0.14904757 0.0007577375 0.00053547224 0.003309161 0.00014430573 8.217267e-05 0.030305875 0.0008775448 0.10800584 1.7226792e-05 2.3489758e-05 3.9553397e-06 1.512531e-05 0.0033968538 6.2251905e-07 0.0010274759 0.010737988 3.3789073e-07 0.020029698 0.004472447 5.2598807e-08 5.287926e-08 0.012267524 7.54968e-08 0.01608096 1.242245e-05 7.808224e-06 1.603559e-07 0.003846206 0.001478829 0.0002413253 0.0007595593 0.0234189 0.01119894 0.0032506771 0.009341617 6.833599e-07 0.0005049474 0.00042113775 0.006319648 5.058675e-05 0.0003364727 0.0051980293 7.4948046e-05 0.0062763947 0.0011455574 0.0005021645 2.8636106e-07 0.00018253193 0.0018378856 3.7128018e-07 0.0013454815 9.1885727e-07 7.1820787e-06
0.3475898 0.053194284 0.0292167 0.111528404 0.019227285 0.009250904 0.033173166 0.0012023522 0.005779109 0.07122394 0.16731451 0.0021403392 0.16814871 0.0002340732 0.3668412 0.00044606114 0.78343713 5.487333e-22 0.79089105 7.397604e-05 0.0060746204 0.043471564 0.009234117 0.0011851878 0.002869461 6.306566e-05 0.005015877 0.5778581 0.12278219 0.012520961 0.009275305 0.08422671 7.024309e-06 0.46525818 0.1468045 0.13259009 0.010606498 0.0001302959 1.1671792e-05 0.00024632778 0.07095491 0.014741416 0.0074117207 0.04604654 0.0010845951 0.031921145 0.00034111083 0.11464756 0.0014253538 0.0009833366 0.003970609 0.00037955662 3.584549e-05 0.036569376 0.00016655932 0.091815226 1.3657489e-05 0.00012858008 3.8058308e-06 5.3976073e-06 0.0034211557 5.705951e-07 0.0027516922 0.022508368 7.6863506e-07 0.023064338 0.008548074 1.9886261e-07 1.7371757e-07 0.017096892 4.95189e-08 0.02466314 3.5765377e-05 2.048016e-05 2.844681e-06 0.005361176 0.002847371 0.00076162186 0.0034025817 0.027271762 0.020496542 0.008575448 0.016306361 1.6516765e-06 0.0006685645 0.0005678462 0.009435022 5.008286e-05 0.0002292131 0.008388222 0.00014506656 0.0081922645 0.0036298444 0.0021275934 7.3581947e-07 0.00085784047 0.0032188783 8.368046e-07 0.0017841298 4.314906e-07 3.838179e-06
0.17527837 0.04134404 0.019995326 0.06992107 0.012885598 0.0052767885 0.021324087 0.0006845582 0.0027464002 0.049695298 0.1096832 0.0017923977 0.16716802 0.00016946498 0.22229521 0.00044703617 0.68152106 0.79089105 1.1007516e-22 5.3666445e-05 0.0055720997 0.035345674 0.0065575214 0.0010749167 0.0019489274 4.478777e-05 0.0041592936 0.71801555 0.15199667 0.011623102 0.007363422 0.063445725 6.453637e-06 0.44427255 0.18392888 0.1644643 0.00973113 7.720461e-05 7.1978297e-06 0.000250885 0.04535606 0.017642826 0.011469211 0.037073176 0.0022053514 0.024042761 0.00067726005 0.1220487 0.0025149048 0.001936746 0.0040219026 0.0009932375 6.648432e-05 0.048019372 0.00024185245 0.07186114 2.3136723e-05 0.00033078247 6.625925e-06 6.879991e-06 0.0066345725 1.777484e-06 0.0026477342 0.028478893 3.1676202e-06 0.030911472 0.011376783 6.35318e-07 4.869322e-07 0.019659987 9.445265e-08 0.017034542 8.7841014e-05 1.7640547e-05 1.633028e-05 0.0045516547 0.006033239 0.0004509509 0.002233127 0.021483593 0.029751545 0.007679413 0.01683195 3.781868e-06 0.0010833907 0.0010243612 0.008030453 8.1784034e-05 0.00055468146 0.009567863 0.00031379593 0.0049787164 0.0037052506 0.0011707573 7.7988057e-07 0.000684251 0.0018226234 3.3321628e-06 0.0012921168 2.9931064e-07 8.156461e-07
2.471523e-06 0.0085166 0.011529857 0.004452076 0.057342667 0.0439052 0.00942922 0.5692658 0.2026925 0.002764123 0.0016278882 0.0027502137 0.00054147583 0.06663172 0.00021687227 0.021743884 0.00023409665 7.397604e-05 5.3666445e-05 1.02278324e-19 0.003401316 0.0008022293 0.00028589324 0.00034679164 0.0038993033 0.37567812 0.00012846022 5.32484e-05 0.0001302954 0.0013800861 0.00075433904 0.00028852516 0.2190041 3.67985e-05 6.5992062e-06 2.0948446e-05 0.0005147192 0.0009732735 0.009696135 0.0004024402 0.000108262786 0.00048615594 6.7918685e-05 5.4364125e-05 0.00014920758 1.0062942e-05 1.7999851e-05 9.5611205e-05 5.9714315e-05 1.1024495e-05 0.0002117355 6.0509952e-05 0.0011119039 1.3900442e-05 0.00010473814 6.412285e-05 5.343346e-07 3.722503e-05 6.3145876e-07 3.1116676e-07 1.0795312e-05 9.180182e-07 6.287468e-05 6.5520704e-05 5.5281325e-06 1.7810127e-05 3.0027215e-05 1.9254446e-06 1.6213668e-06 2.9851873e-05 9.220709e-07 5.378157e-05 4.4059388e-07 0.0012212999 4.260715e-06 0.00024764164 3.5620476e-05 0.00035728735 0.0013256574 1.1361082e-05 0.00027224788 0.0003017159 5.7846413e-05 1.8027398e-06 4.6292935e-05 4.21549e-05 9.944923e-05 7.804781e-05 6.308237e-07 0.00017583613 8.322817e-05 7.8677804e-05 4.4701633e-06 1.9943524e-05 8.736426e-08 0.00016056532 1.6712806e-05 8.184707e-07 3.5453784e-06 6.914233e-08 0.0002069595
0.0012751969 0.040033963 0.06388091 0.060305182 0.112410806 0.046951953 0.18632114 0.0007786039 0.11946497 0.16269676 0.026112812 0.00041225593 0.19924505 1.0511633e-05 0.009944578 3.1436637e-05 0.032210756 0.0060746204 0.0055720997 0.003401316 4.1176376e-22 0.44573346 0.001211549 1.731057e-05 0.70710206 0.2614066 0.00047816942 0.011383376 0.04921494 0.59223807 0.5928938 0.04730652 2.197885e-06 0.007666995 0.0016262861 0.0021823621 0.26266566 0.20451179 8.210686e-07 0.120089866 0.00172776 0.05899166 0.005226846 0.00064317824 0.0013694897 0.0009503464 0.00030182526 0.004179023 0.0012578523 0.00024212892 0.00046303027 0.0006251621 0.011396492 9.65797e-05 0.0014613951 0.0004484688 3.1937176e-05 0.00018938171 1.8407176e-05 6.325355e-06 7.0166934e-05 3.0366552e-06 4.0357972e-05 2.6802592e-05 1.4818013e-05 1.587406e-05 0.00045366128 4.616224e-06 5.382618e-06 2.5839967e-05 2.333308e-06 6.401384e-05 3.5961733e-05 4.077121e-05 1.3172904e-05 0.0003080587 9.891967e-06 3.1197887e-05 6.125429e-05 6.354028e-05 0.00014181154 9.78335e-05 7.919599e-06 6.154804e-06 3.2204392e-05 0.0002257923 0.00022804049 0.0009577914 2.0109972e-05 0.00053752115 0.00026447637 7.055296e-05 1.4604378e-06 2.2375916e-05 5.4239365e-07 1.094228e-05 1.4689804e-05 3.6195772e-05 6.7503756e-06 1.1424899e-06 1.7402203e-05
0.036077056 0.04057448 0.11445599 0.14289378 0.09563861 0.07880162 0.2503167 0.00060289627 0.058254752 0.40613595 0.03450598 0.00040092817 0.6118318 0.000124568 0.026596403 4.4519013e-05 0.21317735 0.043471564 0.035345674 0.0008022293 0.44573346 7.544605e-21 0.0025883527 3.262328e-05 0.312647 0.030833635 0.0006526732 0.08173671 0.25507933 0.7363208 0.6267312 0.3927545 1.3476959e-05 0.08248075 0.0064524435 0.013090246 0.5173799 0.11458942 5.966254e-06 0.14118816 0.012918117 0.27158678 0.0094423 0.0055625103 0.0098837735 0.008157299 0.0045463536 0.05711217 0.0020384458 0.0006748763 0.00059775426 0.00088795763 0.02400722 0.0014896082 0.021718936 0.005715796 0.00090811984 0.00036961556 0.0002504922 0.00035570085 0.0019711158 2.9520133e-05 0.00012329887 0.0005035331 8.1802136e-05 0.0003271477 0.0021090985 9.825205e-06 1.6097492e-05 0.00040541266 6.8384525e-06 0.001456851 7.3974625e-05 1.3542164e-05 2.088599e-05 0.0034546582 0.0008066893 0.00049371406 0.00015666046 0.0011265797 0.0011197737 0.00043855715 0.00047041924 3.305247e-05 0.0006103786 0.0014089245 0.00031322846 0.0015691053 0.0008542036 0.0044885776 0.001531965 0.0006648618 0.00013214911 9.320694e-05 6.238268e-06 3.7935017e-05 0.00054486934 0.00012981566 0.00010184266 9.920735e-06 0.0001616943
0.5552216 0.03092624 0.008238875 0.016425714 0.0051598507 0.004159635 0.0045328266 0.004944105 0.0055682114 0.0070106876 0.22419554 0.21330293 0.0050564446 0.003295405 0.24571937 0.03199281 0.011812267 0.009234117 0.0065575214 0.00028589324 0.001211549 0.0025883527 5.0272388e-17 0.14337486 0.0006555277 0.00023971965 0.94903314 0.006053555 0.0054560173 0.0013272772 0.0011213137 0.0022915956 0.00012821176 0.008760503 0.011966337 0.009293483 0.00049214327 0.0002744154 0.0006705482 0.00038960486 0.44103536 0.0032458557 0.0013506535 0.2401748 0.00041195157 0.08684006 0.00019467744 0.031850453 0.0005739697 8.215974e-05 0.3026772 0.00016879143 0.00016945302 0.118204 0.0007474208 0.032250408 3.083492e-05 1.5834068e-05 1.7067763e-05 5.0822866e-05 0.0002480373 2.9383332e-06 0.17655402 0.01081083 4.111091e-06 0.027687715 0.0025236032 2.3416439e-07 1.5927461e-06 0.023924654 2.1997512e-06 0.22185399 1.761632e-05 0.009016937 7.2883824e-07 0.2298022 0.00040567643 0.07838826 0.105402865 0.12935242 0.023522384 0.12681913 0.0054148748 1.0642426e-06 5.3309424e-05 0.00071119063 0.09057589 1.3846936e-05 6.0634293e-06 0.008522898 4.836513e-05 0.082292765 0.0068363636 0.14305015 8.290626e-06 0.22675887 0.012972235 6.2295762e-06 0.015281873 9.137056e-06 0.00038617695
0.027361015 0.009275162 0.0010873063 0.0022422413 0.0006165646 0.0003110747 0.00027431018 0.018532792 0.00043292812 0.00028763394 0.032600667 0.7386764 4.35269e-05 0.12900274 0.025685772 0.61552066 0.0004299289 0.0011851878 0.0010749167 0.00034679164 1.731057e-05 3.262328e-05 0.14337486 6.035889e-20 6.197288e-06 4.530873e-06 0.35544616 0.000141171 0.00022167101 3.587548e-05 1.2588543e-05 8.780934e-05 0.014339105 0.0015135143 0.0035517595 0.0019245333 3.6023537e-06 6.1832134e-06 0.09738136 9.951864e-06 0.061687786 3.968922e-05 0.0002945176 0.041351404 1.5188055e-05 0.011258827 1.4261076e-06 0.00055740867 9.213801e-05 9.715611e-06 0.28272113 4.5145884e-05 4.2427993e-05 0.003193763 0.000102619495 0.0009588786 1.7216675e-07 1.6954872e-06 1.05555024e-07 5.8250646e-07 1.8258008e-05 1.8906572e-08 0.21023753 6.042898e-05 1.8207442e-07 0.0004910043 0.00023553208 2.0828034e-08 1.4409942e-08 0.00064779416 7.86979e-09 0.022144996 1.043485e-06 0.09208366 2.1014747e-08 0.16239093 1.25571405e-05 0.25787657 0.14720564 0.0147991525 0.00037467876 0.023516944 7.842123e-05 1.5293729e-08 3.72361e-07 1.7150886e-06 0.0048444634 4.256708e-07 3.0269256e-08 0.0002911505 1.1604749e-06 0.010676349 0.00013793788 0.012500441 1.5771314e-09 0.02521839 0.000899323 9.5241e-09 0.00034092888 2.9966863e-08 0.0007755325
0.00053479883 0.018774418 0.06554565 0.052836034 0.1415505 0.064236425 0.18542545 0.00033768124 0.18438894 0.11641889 0.009182591 0.0002815049 0.10101513 1.2191801e-05 0.0025475884 4.9045884e-05 0.015794745 0.002869461 0.0019489274 0.0038993033 0.70710206 0.312647 0.0006555277 6.197288e-06 1.4294397e-19 0.62445587 0.0001380608 0.0038876715 0.018515242 0.48430896 0.587613 0.029898504 5.017621e-06 0.0038421422 0.00013716536 0.0002751024 0.34605983 0.49301988 2.0739794e-06 0.21509193 0.00027632824 0.04884444 0.0011313452 0.00012377447 0.0009010992 0.00026596134 0.00013667686 0.001203535 0.00017911449 4.386628e-05 0.00014597613 0.00016554393 0.021433873 6.6079694e-05 0.0016536814 0.00012127356 2.9476361e-05 6.7492525e-05 7.3688234e-06 2.8523282e-06 2.6877082e-05 5.648539e-07 5.238503e-05 1.8393135e-05 6.530159e-06 9.531502e-06 7.301093e-05 3.7863792e-06 4.3613013e-06 1.6329546e-05 1.5234251e-06 0.00013076632 5.703397e-06 3.0590494e-05 1.2081591e-05 0.00016506814 3.4945288e-06 3.767927e-05 0.00013373695 0.00035531717 0.00011686925 0.000104638 7.468505e-05 8.0181735e-06 1.0820441e-05 0.00014135664 0.00041470275 0.00050456205 2.2919658e-05 0.00039043988 0.00018581831 7.636703e-05 3.7254663e-06 1.3767509e-05 3.33349e-07 6.8044355e-06 8.5611806e-05 1.4469647e-05 5.597211e-05 4.558505e-07 3.6091984e-05
2.9018041e-05 0.012425585 0.06029889 0.013302881 0.27594998 0.23207869 0.07983623 0.010639789 0.5304814 0.025893597 0.000754769 0.00013502619 0.004491095 0.00024340622 0.00014453188 0.0001137567 0.000854717 6.306566e-05 4.478777e-05 0.37567812 0.2614066 0.030833635 0.00023971965 4.530873e-06 0.62445587 3.7796007e-19 4.2428113e-05 3.910969e-05 0.00022720758 0.105459556 0.15235592 0.002542946 0.0003218817 0.00012246228 3.9633715e-06 2.227385e-05 0.034089673 0.49401635 1.8562127e-05 0.054177802 5.5347875e-05 0.0019539178 4.920377e-05 9.3607405e-06 3.9698272e-05 2.868681e-05 5.6690656e-06 5.7882506e-05 8.594257e-06 5.444893e-06 5.161187e-06 2.0884714e-05 0.04834774 2.483559e-06 0.0007036213 1.44614105e-05 9.651027e-07 1.3201818e-05 1.682025e-06 6.458529e-07 9.711738e-06 1.0201028e-07 6.2679956e-06 5.210379e-06 2.004247e-06 9.866787e-07 4.236469e-06 1.1005402e-06 2.4230678e-06 2.0932698e-06 1.2418014e-06 3.0887306e-05 3.0515233e-07 2.0541875e-05 2.260213e-06 0.00013589923 3.3239096e-05 6.21292e-05 1.1256835e-05 5.3052438e-05 6.23195e-05 1.46671955e-05 4.7573772e-05 3.1914356e-06 7.4950867e-06 0.000103821025 6.487125e-06 2.8444738e-05 4.0417926e-06 0.00016322255 4.1388783e-05 2.8768027e-06 7.670709e-07 1.4512716e-06 4.4370404e-07 1.0980598e-06 1.2991714e-05 1.2824538e-06 1.2309127e-06 3.8294246e-07 0.0001452806
0.3778848 0.027992688 0.004840653 0.0096648345 0.0022152797 0.002085105 0.0018785554 0.004984479 0.0018762717 0.002735398 0.16535538 0.35329494 0.0013249938 0.005493107 0.16890535 0.058344405 0.004559462 0.005015877 0.0041592936 0.00012846022 0.00047816942 0.0006526732 0.94903314 0.35544616 0.0001380608 4.2428113e-05 1.4249061e-17 0.0020315254 0.0017824002 0.00054447766 0.00041110758 0.0009982224 0.00021796206 0.0045834514 0.009257069 0.005271479 0.00014401687 6.932051e-05 0.0014806987 0.00012375195 0.44601285 0.001266481 0.0006845993 0.2583578 0.00020922002 0.06493395 9.919907e-05 0.015561218 0.00028464833 2.7700435e-05 0.48590526 0.000116269934 0.00014936761 0.08321694 0.00038540564 0.019283997 7.986114e-06 1.0294331e-05 4.5483243e-06 1.104214e-05 0.0001634668 1.8109039e-06 0.22971644 0.005987841 1.2057768e-06 0.018295676 0.0012919978 6.2716545e-08 2.8272893e-07 0.017402321 9.959796e-07 0.2142687 4.204803e-06 0.0154207405 1.8047153e-07 0.22750701 0.00022737817 0.11701212 0.14099875 0.08841072 0.013884246 0.14166784 0.0038333458 1.4297021e-07 1.6853368e-05 0.00015555254 0.07032382 4.6097484e-06 1.1650158e-06 0.009615847 1.8332003e-05 0.06745108 0.0055946438 0.12682545 2.088116e-06 0.2502898 0.007586291 8.313265e-07 0.009474958 3.054244e-06 0.00055444986
0.8471954 0.04095358 0.027401945 0.10919514 0.01816123 0.008042827 0.037090365 0.0003992644 0.0040606703 0.08576176 0.10819799 0.000727735 0.2958824 2.6696065e-05 0.29440954 0.00012666718 0.8161014 0.5778581 0.71801555 5.32484e-05 0.011383376 0.08173671 0.006053555 0.000141171 0.0038876715 3.910969e-05 0.0020315254 4.727689e-22 0.7795429 0.022996109 0.014818112 0.49764347 2.8844593e-06 0.60915315 0.11490779 0.18824567 0.028809948 0.0005737924 9.0977755e-07 0.0016927633 0.040862933 0.10336658 0.05024718 0.02664671 0.014932518 0.030405482 0.004599155 0.4325139 0.005230952 0.003742542 0.002202015 0.0010312657 0.00017286639 0.0375692 0.0017811938 0.23938413 0.00040063864 0.00013530553 0.00014044253 0.00014636826 0.036451798 1.2729464e-05 0.0004629157 0.07002676 1.2464898e-05 0.05362142 0.010937702 1.0648953e-06 8.162741e-07 0.029036097 6.504628e-07 0.013921688 0.000111395486 5.6184103e-07 7.53584e-06 0.0023910226 0.028364176 3.7528152e-05 0.00013435786 0.021174014 0.0800273 0.002022569 0.0740827 2.2554434e-06 0.0063998164 0.001357108 0.011532536 0.0005376536 0.0024996707 0.028910898 0.0006094727 0.006111574 0.0046971813 0.00025868384 2.2365687e-06 8.2007806e-05 0.0035775735 2.5166596e-06 0.001947922 5.5051837e-06 8.587966e-06
0.235092 0.06267445 0.049314182 0.104929656 0.025328843 0.018941376 0.07469625 0.00059019553 0.009463215 0.18964611 0.08717685 0.0009033601 0.62573165 5.5911347e-05 0.05888387 0.00012461292 0.56017464 0.12278219 0.15199667 0.0001302954 0.04921494 0.25507933 0.0054560173 0.00022167101 0.018515242 0.00022720758 0.0017824002 0.7795429 1.737465e-19 0.10675152 0.06201563 0.7726452 2.0896987e-05 0.08943889 0.015884511 0.03208315 0.08431105 0.0022759447 1.46126895e-05 0.0061634886 0.010143716 0.21237662 0.046709005 0.009172928 0.049752433 0.006931436 0.015658308 0.20198174 0.0194876 0.003614193 0.001677214 0.003544354 0.0009382065 0.023238814 0.0035322267 0.08277998 0.0023052061 0.0005458388 0.000656762 0.00045302382 0.0151946135 0.0001342102 0.00046798887 0.023709906 0.00017190301 0.034359466 0.009876246 1.5002981e-05 1.1723556e-05 0.017420618 8.907488e-06 0.0038821918 0.0008463793 1.884112e-05 8.961958e-05 0.0014540701 0.009218069 0.00016660284 0.00023990785 0.009762757 0.034616064 0.0013207285 0.028044542 3.146717e-05 0.006332212 0.001160107 0.0029855464 0.0005138602 0.0017022061 0.025877904 0.0013809872 0.004013134 0.001237189 0.0004602292 6.5169256e-06 0.00012026577 0.000987545 1.2264395e-05 0.0014876379 9.9578165e-06 3.0587298e-06
0.0034371659 0.021545665 0.060564067 0.059689496 0.048927106 0.04188084 0.14610083 0.00047140502 0.05841882 0.1917653 0.02083302 0.00037083012 0.33514136 1.7308075e-05 0.012100184 5.194505e-05 0.05645732 0.012520961 0.011623102 0.0013800861 0.59223807 0.7363208 0.0013272772 3.587548e-05 0.48430896 0.105459556 0.00054447766 0.022996109 0.10675152 1.75347e-21 0.744358 0.105877966 9.921274e-06 0.016470734 0.0040773214 0.005999024 0.53738105 0.22582069 4.4563253e-06 0.21549778 0.0030009383 0.1690844 0.013435747 0.0025459745 0.00776428 0.0023912801 0.0038237704 0.012187147 0.0034618631 0.0005546024 0.0006451204 0.0017205367 0.04164036 0.00052692497 0.020460974 0.0012592331 0.00078055286 0.0005117744 0.00025550116 0.00023206412 0.0002741261 2.4883751e-05 3.230304e-05 0.00024432346 0.00011404303 6.1744606e-05 0.002819857 1.6336371e-05 2.9629313e-05 0.00012961216 1.9611161e-05 0.00021352766 0.00028158116 8.774267e-06 3.4339282e-05 0.0006103077 0.00012650806 3.203369e-05 1.300638e-05 0.00021155103 0.00039730294 0.00011672901 2.6282984e-05 1.5925298e-05 0.00020196007 0.0013495171 0.00014742918 0.0016335116 0.00011375465 0.0007671076 0.0007860232 2.2530776e-05 4.1138014e-06 3.7692927e-05 8.110948e-06 1.4590436e-05 2.1326057e-05 0.00013262952 7.672754e-06 7.679379e-06 2.5417869e-05
0.0022598899 0.010542084 0.047695547 0.07044496 0.044225805 0.028503625 0.103623725 0.00013270203 0.036861897 0.15662664 0.011059013 0.00026566678 0.23428057 3.869283e-06 0.0070582246 1.9798666e-05 0.039943475 0.009275305 0.007363422 0.00075433904 0.5928938 0.6267312 0.0011213137 1.2588543e-05 0.587613 0.15235592 0.00041110758 0.014818112 0.06201563 0.744358 1.4445786e-21 0.10589228 1.1227582e-06 0.012305447 0.0010909215 0.002814163 0.52752095 0.3265779 5.689991e-07 0.30816048 0.0012721735 0.15210974 0.0110409735 0.001439476 0.0053966865 0.0011438031 0.0013588226 0.0076184277 0.0018875534 0.000382131 0.00079534424 0.0007575576 0.033952076 0.00060531544 0.010672811 0.0017480571 0.00029461537 0.00020658682 8.113823e-05 4.1252515e-05 0.00014569754 5.3715366e-06 3.0034347e-05 0.00022960339 4.819105e-05 7.672663e-05 0.0024808818 3.7684104e-06 9.138468e-06 0.0001266656 3.3088281e-06 0.0003545544 3.460125e-05 3.6413185e-06 1.00583275e-05 0.00022729015 2.1767692e-05 4.0752952e-06 2.0093177e-05 0.00032915652 0.00043460162 0.0002552155 3.6917205e-05 6.1740866e-06 6.669826e-05 0.0006772296 0.0010601324 0.0010932517 6.7248315e-05 0.0007538137 0.0003492345 0.00020837515 1.2526723e-05 5.057611e-06 6.2863705e-07 2.7147398e-06 0.00022424423 4.2694664e-05 0.000121082296 2.9895023e-06 4.3958742e-05
