5.1967e-41 0.30806935 0.08728535 0.4872076 0.09233109 0.40672582 0.019826358 0.051726654 0.03083892 0.070820935 0.7850779 0.858718 0.2321947 0.9032798 0.20420294 0.8031878 0.053800568 0.91417384 0.013578639 0.11993183 0.015946096 0.87402105 0.0034284948 0.9485073 0.014961632 0.9119905 0.9422529 0.008262933 0.95388436 0.2548983 0.9424991 0.54795134 0.957879 0.934958 0.96439713 0.0038073903 0.011693002 0.9667668 0.28141856 0.98080057 0.0010322053 0.9865115 0.99123466 0.70472413 0.0012420941 0.9889959 0.060056765 0.033572886 0.21536112 0.040492885 0.0025920565 0.8297444 0.17764759 0.000111303314 0.0053002024 0.002099754 0.4586075 0.0160939 0.0069767754 0.6675784 0.00046027752 0.009499704 0.008609586 0.9611475 0.09481899 0.48614812 0.0045123636 0.9942243 0.34918374 0.5305043 0.99126875 0.0006105122 0.02111266 0.98538077 0.015398999 0.3905865 0.0022366436 0.9805218 0.9949128 0.0011576972 0.0006351787 0.0019881513 0.0008444161 0.93096715 0.00022747403 5.873076e-05 1.6634127e-05 0.98748946 0.01728969 0.0005575711 0.00041101663 0.6184911 0.9705812 4.8879698e-05 0.17162015 0.8641217 0.00011489124 0.22884142 0.0026351502 0.00025840374 0.00024212453
0.30806935 6.309807e-24 0.39593634 0.41168982 0.4449264 0.4912906 0.14515856 0.3906365 0.36463395 0.4346059 0.4056618 0.41011846 0.40098304 0.48807102 0.23812881 0.19626252 0.11889493 0.36068383 0.17061487 0.07233249 0.13783756 0.08027248 0.12632269 0.22729024 0.0978894 0.17009258 0.06357212 0.070190586 0.25263298 0.033616923 0.11049315 0.02930273 0.1632348 0.16885129 0.24983433 0.03431674 0.017696818 0.14170218 0.033007372 0.20337337 0.024916532 0.05838547 0.18029669 0.009653252 0.034049377 0.06283297 0.0013882908 0.0034317533 0.0067597684 0.00012552382 0.000647906 8.648321e-05 0.0026337518 0.006246353 5.6201465e-05 0.007987729 0.00073116214 0.0016566641 1.424196e-05 0.0010842533 0.004671176 0.000835473 0.0025926959 0.040340304 0.00023537668 0.0037362012 0.000896787 0.0043065078 9.723791e-05 0.00029680008 0.060892887 1.388902e-05 1.3288185e-06 0.0014192661 2.0855148e-06 0.0005981934 0.00012175749 0.03062073 0.0026301914 0.00044306225 0.0011143615 0.00020388929 7.520699e-06 0.008146842 0.00025926818 9.110365e-07 0.00030833346 0.00035774708 1.3793793e-05 0.00025790618 3.2430044e-06 0.000116376315 0.003029241 2.2256045e-06 9.22414e-07 3.1298165e-05 0.00012892192 2.5573605e-05 1.133912e-05 5.512221e-05 2.995681e-06
0.08728535 0.39593634 1.877168e-23 0.31374627 0.5066632 0.24832167 0.30862734 0.5030416 0.5329586 0.4609551 0.24465007 0.27623287 0.4408897 0.33380076 0.31730846 0.16041392 0.21451199 0.18517879 0.28577816 0.16564904 0.28431302 0.08770349 0.2452324 0.13073853 0.19439903 0.12939373 0.07243743 0.1582545 0.16699576 0.07500359 0.092369296 0.042498983 0.11667544 0.13201392 0.16801518 0.10623393 0.05944575 0.10154692 0.0663487 0.13772738 0.06257427 0.031096462 0.11243385 0.012715974 0.060558807 0.03783198 0.007806661 0.009517464 0.013564668 0.0008811327 0.0022461216 0.00015766977 0.0040809666 0.018003475 0.00017866325 0.040287357 0.0008196551 0.0051452103 5.8594924e-05 0.0018418704 0.021944968 0.0026431966 0.0064425194 0.019548496 0.00071254774 0.0019448824 0.002055085 0.011460219 0.00016867075 0.00034869602 0.038860183 3.208612e-05 2.4942246e-05 0.005563012 1.2754741e-05 0.00071051845 0.0007584804 0.01937748 0.003441144 0.0029100808 0.0042739194 0.0019511675 5.676453e-05 0.008484798 0.0009592179 4.90377e-07 0.00076890783 0.0015448094 1.4061828e-05 0.001268556 1.7514144e-06 0.0008103967 0.0038540016 8.187713e-07 9.689226e-07 1.9382092e-05 0.0002508869 3.5495075e-05 7.833475e-05 8.212042e-05 2.6246438e-05
0.4872076 0.41168982 0.31374627 1.3590868e-21 0.2701943 0.3666544 0.17899387 0.23404822 0.30756035 0.22724508 0.34876758 0.40453994 0.35130638 0.27537304 0.21428996 0.19725485 0.08652801 0.19974537 0.11146556 0.043282937 0.062328592 0.033778656 0.06482475 0.1838181 0.10765178 0.07363004 0.026602723 0.028222587 0.22039159 0.06336657 0.052342832 0.045860376 0.13299255 0.10972089 0.21750742 0.01522941 0.006544755 0.09896517 0.055746228 0.18971398 0.013430572 0.024667084 0.19104868 0.015951801 0.018015636 0.14419258 0.00047042753 0.009955082 0.011874824 3.3937762e-05 0.00019168867 1.6822007e-05 0.0005051786 0.00203785 1.540474e-05 0.008953621 0.00030609654 0.003027558 3.6144047e-06 0.0030689628 0.0025252448 0.0033260977 0.007563864 0.025175108 0.0007376508 0.00222138 0.002845586 0.01970383 4.7389203e-05 0.00010964159 0.08068709 5.2046635e-06 4.5338663e-07 0.007387083 1.66198e-06 0.00034188727 0.00026277208 0.028533101 0.032040503 0.0006380272 0.0011677722 0.0002530177 3.362642e-05 0.009135341 0.0004169125 8.3843497e-07 5.6360073e-05 0.0031359878 2.9116325e-06 0.00047724365 1.098111e-06 0.0009846884 0.003680803 6.0645306e-07 1.624728e-07 2.750355e-06 0.00011360969 4.954512e-06 1.9526862e-05 0.00012311204 3.3809418e-05
0.09233109 0.4449264 0.5066632 0.2701943 5.4043077e-27 0.36446685 0.15782362 0.5049843 0.3681549 0.58147806 0.25697485 0.22388123 0.42414966 0.44418824 0.15675068 0.07740625 0.16640596 0.27279836 0.26124647 0.12638505 0.172364 0.100737244 0.15395576 0.11640156 0.107240506 0.21256894 0.09423711 0.08940958 0.09948024 0.026243225 0.12601157 0.014735456 0.12511511 0.13140514 0.13698581 0.04403818 0.03694111 0.11122033 0.024147738 0.11047182 0.04826542 0.039764658 0.07545537 0.0035447124 0.05501627 0.018045384 0.0005906837 0.0026741857 0.0022176923 6.585957e-05 0.0008411256 7.880208e-05 0.0011821553 0.006283509 1.2629295e-05 0.03300637 0.00023374594 0.0003850537 2.7445146e-06 0.00047638812 0.011009839 0.00015761807 0.0016420186 0.009535943 0.0001718545 0.00048402025 0.0002426282 0.0031195658 5.9564216e-05 0.0001175983 0.014814023 2.3260475e-06 2.3792738e-06 0.0007876264 2.4940261e-06 0.0002831792 9.061866e-05 0.00437627 0.0003617819 0.0019045922 0.008784165 0.000115003706 4.8433235e-06 0.002606394 0.0014006499 2.1934864e-07 8.684222e-05 0.00014594021 2.142945e-06 0.00067675865 4.2835896e-07 2.2200453e-05 0.0026829117 1.1907737e-06 1.4413557e-06 6.453963e-06 0.00036706706 1.779483e-05 5.2837418e-06 3.0374533e-05 1.1537848e-05
0.40672582 0.4912906 0.24832167 0.3666544 0.36446685 3.2273e-23 0.0850335 0.30497578 0.26600894 0.37840655 0.5650043 0.48414573 0.32099596 0.46668276 0.15409455 0.11181472 0.06925896 0.5464975 0.105628125 0.02867329 0.11833747 0.07342317 0.094882615 0.27624995 0.080774195 0.17347217 0.067157134 0.056717243 0.2327596 0.022309447 0.130161 0.013810827 0.22260495 0.25630826 0.32798284 0.03055546 0.02471458 0.23011693 0.015051012 0.25477538 0.01783048 0.052398957 0.21503171 0.0037582326 0.02133732 0.033469323 0.0010600435 0.0024685056 0.004156845 9.3315095e-05 0.00063545106 0.000112299276 0.0034482693 0.0076751043 6.309965e-05 0.006488982 0.0012831696 0.0012006003 6.0581722e-05 0.00043445016 0.004761569 0.001033029 0.0026279173 0.057264835 7.936085e-05 0.0056270813 0.0007349831 0.0025229412 0.0003306516 0.0007888539 0.11594796 6.6305496e-05 1.9575042e-05 0.00069965475 6.233603e-05 0.0011850122 8.113243e-05 0.059751973 0.0011519153 0.0001828356 0.0008013801 0.00011612919 7.864415e-06 0.011786341 8.448651e-05 6.031524e-06 0.00042045032 0.00018935572 9.525118e-05 8.3982835e-05 2.2232127e-05 0.00037200912 0.003190591 8.731221e-06 1.9289504e-05 0.00019074642 5.8505808e-05 0.0002517709 2.1231128e-05 2.2260303e-05 8.326071e-07
0.019826358 0.14515856 0.30862734 0.17899387 0.15782362 0.0850335 6.688094e-24 0.25405076 0.46625897 0.1616973 0.12569539 0.17279762 0.5310392 0.09976842 0.44934958 0.15572931 0.098659076 0.06757565 0.24896808 0.05347194 0.13511331 0.04166148 0.2138347 0.07688885 0.3421921 0.033396263 0.018723952 0.075637355 0.08524058 0.15393174 0.022196814 0.07216397 0.06342819 0.0625985 0.09218405 0.055547263 0.02499048 0.03837146 0.10289819 0.057191662 0.049146626 0.003896307 0.070100725 0.018763617 0.03963886 0.050905973 0.0011459235 0.02852663 0.02346969 6.601016e-05 0.00022891142 3.866208e-05 0.0014350315 0.0068099773 7.299105e-06 0.08220672 0.00026197737 0.009522839 6.967121e-06 0.0018792785 0.012522222 0.0065696277 0.024739362 0.010408931 0.0008107693 0.000515008 0.0073354766 0.024188796 7.639683e-05 0.00030908833 0.044382323 3.2515022e-06 2.7899125e-06 0.01036579 1.4956058e-06 3.3523633e-05 0.0023779357 0.017255222 0.012063004 0.001737228 0.0020649612 0.0036612013 0.00022706982 0.004191646 0.00060832384 6.261854e-08 0.00021572597 0.002509774 9.4283416e-07 0.0005485037 3.929808e-07 0.0023591695 0.0012867516 1.2700943e-07 1.6918166e-07 5.1520055e-06 8.177671e-05 1.4962835e-06 0.0003358908 5.28256e-05 4.0798983e-05
0.051726654 0.3906365 0.5030416 0.23404822 0.5049843 0.30497578 0.25405076 2.6976273e-26 0.5909881 0.6194016 0.14074855 0.11955348 0.37249014 0.29422167 0.1410534 0.06030395 0.19268842 0.13445859 0.4238743 0.12161476 0.23313265 0.08354339 0.24885239 0.045488574 0.15192159 0.111475684 0.059324805 0.1173204 0.044569705 0.036489125 0.057518285 0.016992988 0.06820258 0.06920231 0.060894635 0.053613927 0.04221666 0.057997346 0.030997254 0.056203727 0.076458 0.01940165 0.03648023 0.004103823 0.06627979 0.012766882 0.00084313576 0.0037175328 0.0056454134 5.1321713e-05 0.00092116004 9.645534e-05 0.0015382001 0.011118535 2.8663184e-05 0.059150014 0.00021508135 0.0018039515 6.191758e-06 0.00066824484 0.023362841 0.00091206026 0.0049715876 0.003747397 0.00043611103 0.00064989214 0.0010093551 0.003983045 5.6888413e-05 0.00014188596 0.011348604 5.4989346e-06 2.5442982e-06 0.0010158939 4.48283e-06 0.0005500999 0.0005098815 0.0032144457 0.0012399518 0.0039254115 0.014350808 0.00084042683 4.169693e-05 0.0025628516 0.0022575904 4.1711843e-07 0.00020537595 0.00024615446 1.2325795e-06 0.0017164542 1.9762417e-06 7.281894e-05 0.0036997881 2.4279136e-06 1.880727e-06 5.339116e-06 0.0012261338 1.3751304e-05 2.4260842e-05 5.5955134e-05 2.2662878e-05
0.03083892 0.36463395 0.5329586 0.30756035 0.3681549 0.26600894 0.46625897 0.5909881 5.96956e-25 0.40914088 0.17259802 0.19956763 0.47493234 0.19102164 0.28163385 0.13210024 0.20396511 0.09063482 0.45966902 0.119696885 0.27283192 0.06656335 0.25682592 0.06313305 0.35325593 0.06347987 0.0474105 0.14378256 0.07166014 0.07581946 0.038622167 0.033148494 0.067136854 0.07153711 0.08352972 0.07216363 0.042157117 0.048659045 0.055054564 0.052025437 0.08063413 0.013318413 0.048706274 0.014548977 0.068814054 0.027053995 0.001497485 0.011656494 0.017201684 9.5192605e-05 0.00078169827 9.699432e-05 0.0020751862 0.013132554 4.2616233e-05 0.07388926 0.00019783597 0.00686042 1.2002728e-05 0.0021238653 0.023122674 0.003707884 0.015218724 0.0057022013 0.0009061396 0.0007888129 0.0035694984 0.0120732 3.6538815e-05 0.000124391 0.019279696 8.688542e-06 2.3935524e-06 0.005925682 3.1054112e-06 0.0002423054 0.0017656158 0.0054497556 0.005436231 0.004985073 0.008433964 0.0025823375 0.00024237105 0.0031463918 0.0031844035 2.0555062e-07 0.0003290404 0.0017079216 6.0534245e-07 0.0019226467 7.71013e-07 0.0006597042 0.0031540557 6.93439e-07 4.3275284e-07 2.9058153e-06 0.0010389879 3.4586024e-06 9.852965e-05 0.00011563575 8.8490706e-05
0.070820935 0.4346059 0.4609551 0.22724508 0.58147806 0.37840655 0.1616973 0.6194016 0.40914088 1.5452116e-24 0.12875782 0.08157655 0.31115738 0.45822307 0.104141735 0.033632144 0.34536657 0.2012377 0.38223386 0.30129305 0.3609235 0.17520857 0.37930027 0.04244751 0.10423043 0.18955009 0.14758323 0.18109183 0.030655896 0.03024096 0.096010044 0.012122147 0.07709916 0.07606934 0.052630905 0.08490429 0.11483136 0.06940275 0.023174636 0.055070974 0.11823867 0.042530995 0.031022768 0.002301596 0.1093984 0.008295779 0.0023211557 0.0027405787 0.0037793806 0.0003577205 0.0019006231 0.00094946823 0.0024779807 0.019378098 0.00022554953 0.055648416 0.0005930575 0.0009434941 4.002955e-05 0.00060715043 0.043817073 0.0005919102 0.0039217332 0.0036232797 0.0002619891 0.00067110156 0.0005369926 0.0017750713 0.00019683082 0.00049619644 0.009876235 2.3054106e-05 5.0607836e-05 0.00038806684 4.1380023e-05 0.0010952404 0.00026406205 0.0028374717 0.0003260106 0.002446912 0.026693767 0.00036611382 2.1518628e-05 0.0020786922 0.0014083564 4.0926743e-06 0.00022079902 7.578033e-05 2.026555e-05 0.0007873421 9.14771e-06 2.5755236e-05 0.0035271153 7.187382e-06 8.661485e-05 9.460019e-05 0.0013308737 0.00035388517 3.0039047e-05 2.6898339e-05 8.080621e-06
0.7850779 0.4056618 0.24465007 0.34876758 0.25697485 0.5650043 0.12569539 0.14074855 0.17259802 0.12875782 1.0477085e-20 0.7159925 0.14271447 0.29124296 0.09564479 0.13830686 0.076112196 0.5232084 0.06563732 0.03778088 0.05460179 0.049836274 0.051850814 0.42607573 0.05163268 0.08977172 0.03388565 0.031622395 0.31135803 0.028635744 0.07569173 0.018227894 0.17863627 0.16402087 0.41590333 0.016707955 0.011952537 0.17105418 0.01939733 0.24860121 0.013787929 0.029066386 0.33873498 0.0027375459 0.023999173 0.11326329 0.00026256766 0.0048544137 0.0029664473 1.8701361e-05 0.0006676477 2.5860232e-05 0.00092297286 0.00496414 3.7901165e-05 0.00785805 0.00087465486 0.0014285967 2.5249234e-05 0.0005747691 0.007981001 0.001765593 0.0057567293 0.03934867 0.00010541183 0.0016881446 0.003119893 0.010357277 0.00011468827 0.00021418522 0.26898295 4.8410267e-05 3.000387e-06 0.0034280764 1.4020811e-05 0.0004389796 0.001638138 0.07405779 0.012379326 0.0023336709 0.004770596 0.0011839017 0.00026223355 0.02198036 0.0015061457 6.16092e-05 6.6487155e-05 0.0014825908 3.7892278e-05 0.0038735121 2.2020797e-05 0.00040201555 0.004602716 9.657634e-06 4.210281e-06 7.5156872e-06 0.00088260166 4.1593074e-05 0.00024793204 0.0022781913 0.00014868811
0.858718 0.41011846 0.27623287 0.40453994 0.22388123 0.48414573 0.17279762 0.11955348 0.19956763 0.08157655 0.7159925 4.5947686e-21 0.20590107 0.19565791 0.18263121 0.37860423 0.050364938 0.19364767 0.049719546 0.015044368 0.02914522 0.03772495 0.035517175 0.5181515 0.06980216 0.065048404 0.019257503 0.016902735 0.550286 0.09502491 0.049131896 0.08171102 0.16160865 0.13993627 0.37762856 0.0100570675 0.005558769 0.13018571 0.068587616 0.25461987 0.011817629 0.012599498 0.3418017 0.008308765 0.017106188 0.24497324 0.0001592362 0.014055997 0.00910219 3.055941e-05 0.0001801054 1.007561e-05 0.00019320186 0.0014506137 9.612921e-06 0.010941802 0.0006880907 0.0036488604 7.4686286e-06 0.0010629357 0.0065459316 0.0036051497 0.013501623 0.021444103 0.00020493417 0.00066650414 0.006891466 0.044990633 5.5022312e-05 9.023328e-05 0.262781 1.2331163e-05 5.9409507e-07 0.024967905 6.0308457e-06 4.899287e-05 0.0018121584 0.059689723 0.102945365 0.0020578594 0.002181611 0.0012234327 0.00046757932 0.011752549 0.00064669055 1.5691921e-05 7.193438e-06 0.005651406 6.1765772e-06 0.0018894814 9.897129e-06 0.00053692167 0.0030867725 7.172859e-06 2.072029e-07 3.2583947e-07 0.0001284781 5.5521828e-06 0.00052711344 0.0006009044 5.948957e-05
0.2321947 0.40098304 0.4408897 0.35130638 0.42414966 0.32099596 0.5310392 0.37249014 0.47493234 0.31115738 0.14271447 0.20590107 1.9515085e-21 0.2452408 0.6494936 0.19714083 0.14225504 0.10642266 0.39851505 0.05160665 0.08623815 0.015631288 0.09787393 0.08308224 0.56752056 0.03426115 0.009800916 0.03694406 0.08276273 0.29567686 0.024217973 0.12667674 0.049665526 0.034425613 0.07260757 0.02314023 0.01929009 0.027080089 0.30948657 0.042059764 0.046244655 0.0041258796 0.0506486 0.030447526 0.045581102 0.07712556 0.00045725275 0.057433195 0.029379435 1.2775473e-05 0.0008302233 2.4029747e-05 0.00020290623 0.0028024714 2.3344197e-05 0.07642797 1.7582735e-05 0.009981311 2.136835e-06 0.0065534143 0.006885045 0.008643325 0.048982617 0.0039985636 0.0043641706 0.00012789278 0.019926792 0.025053414 3.3410504e-06 3.6314245e-06 0.020026386 2.387689e-06 1.9534106e-07 0.01868247 2.8421468e-07 5.6533525e-05 0.011374928 0.0036538537 0.014303595 0.015610567 0.027372783 0.013727921 0.0031330627 0.0018544071 0.010912098 3.7754123e-07 0.00010100609 0.0048095537 1.2676421e-06 0.0120802205 9.721259e-07 0.0025545743 0.001473775 1.793083e-06 1.2898813e-07 7.1702736e-08 0.0025137633 1.3045031e-06 0.0017428237 0.0021391923 0.0036953203
0.9032798 0.48807102 0.33380076 0.27537304 0.44418824 0.46668276 0.09976842 0.29422167 0.19102164 0.45822307 0.29124296 0.19565791 0.2452408 7.483605e-22 0.0708965 0.0366396 0.33462104 0.6662712 0.13709065 0.26077762 0.17562144 0.31445554 0.10146188 0.16632327 0.04546243 0.46531674 0.2791025 0.092253216 0.13163885 0.010220554 0.29817864 0.004090499 0.27082956 0.18871349 0.20605876 0.04440954 0.058044437 0.23095246 0.009493084 0.25686195 0.042023625 0.1612932 0.16676724 0.00029831004 0.058486007 0.029540574 0.0020879896 0.00075723726 0.0003870438 0.00015075403 0.004025304 0.00043886216 0.0037520765 0.014018607 0.00035814222 0.0077458275 0.0025151218 8.945204e-05 7.939453e-05 6.60727e-05 0.022461595 0.00011563972 0.0024596842 0.061322592 1.3705532e-05 0.004843717 0.00031261786 0.0009982553 0.0005861873 0.0010976662 0.06793274 4.783874e-05 2.516956e-05 0.00034941576 2.1445287e-05 0.0025623126 0.00014879677 0.032127347 0.0007999667 0.0016678256 0.0112442225 0.00014405395 5.4118413e-05 0.00998093 0.0024605861 4.064461e-05 0.00026865024 0.000119541146 2.9986695e-05 0.003203013 2.3536937e-05 1.50810765e-05 0.007283912 1.0166862e-05 0.00018756345 0.0019928915 0.0027696579 0.0009275954 1.2087779e-05 0.0016432898 0.000571445
0.20420294 0.23812881 0.31730846 0.21428996 0.15675068 0.15409455 0.44934958 0.1410534 0.28163385 0.104141735 0.09564479 0.18263121 0.6494936 0.0708965 1.274039e-21 0.22606322 0.091397725 0.049241096 0.14999892 0.03524611 0.048092265 0.007456759 0.06099809 0.05979865 0.4504456 0.012316473 0.0035512378 0.020038364 0.08307955 0.49072146 0.008002613 0.25858638 0.023417704 0.019119302 0.062643245 0.014850369 0.010535084 0.011890065 0.45328555 0.03548504 0.026715735 0.0019106886 0.049438953 0.07650638 0.027731845 0.14819124 0.00019356703 0.11817756 0.061774153 8.242261e-06 0.00014628173 2.825099e-06 8.993327e-05 0.0018869226 2.6957593e-06 0.04228898 8.586638e-06 0.012721724 9.4178733e-07 0.007197706 0.00153161 0.010475847 0.09482701 0.0029820534 0.005126546 5.3474705e-05 0.031891387 0.047438018 1.8234855e-06 2.5484655e-06 0.026854733 5.689096e-07 4.5646367e-08 0.029978182 1.722937e-07 9.8948876e-05 0.016255781 0.004784707 0.024607286 0.010571451 0.0020698616 0.01678206 0.004180749 0.002428406 0.0029264607 2.6728632e-08 4.216387e-05 0.008796471 3.7194826e-07 0.008503911 1.201065e-07 0.004447075 0.0020263253 3.3825344e-07 2.6436993e-08 1.8816346e-08 0.00018706794 3.9308648e-07 0.002414785 0.0023345447 0.004551078
0.8031878 0.19626252 0.16041392 0.19725485 0.07740625 0.11181472 0.15572931 0.06030395 0.13210024 0.033632144 0.13830686 0.37860423 0.19714083 0.0366396 0.22606322 4.0491363e-20 0.031862248 0.031933315 0.047837123 0.011439351 0.013333231 0.0058375476 0.03472876 0.102881566 0.099588305 0.011366041 0.0029710366 0.0071396464 0.19326511 0.21320292 0.008359484 0.24386363 0.045213006 0.03068718 0.14051713 0.007912642 0.001799116 0.025267383 0.17732029 0.09915283 0.014200853 0.0016913409 0.16847806 0.06896291 0.014239396 0.6607377 0.00024447517 0.06571519 0.037692744 6.0968164e-06 0.00032495646 3.3336762e-06 6.646339e-05 0.0010325313 8.823869e-06 0.015306136 0.0001200981 0.013759681 3.6587091e-06 0.011264466 0.0015518034 0.008156868 0.08260684 0.007772834 0.002253637 0.00020875047 0.026740402 0.18997924 7.6979895e-06 2.2693328e-05 0.22529562 8.745121e-06 6.6053923e-07 0.13168819 8.383946e-06 1.4611617e-05 0.010352709 0.023588102 0.3040586 0.004383958 0.0005473604 0.0076685636 0.003700734 0.00748225 0.00047766237 5.5183937e-06 6.256046e-06 0.046509296 4.9356013e-06 0.0024290972 4.1180606e-06 0.0041225497 0.0012687562 2.6431421e-06 1.4945037e-08 2.6499745e-08 6.186432e-05 3.3655675e-07 0.0022088431 0.0013789454 0.0008139259
0.053800568 0.11889493 0.21451199 0.08652801 0.16640596 0.06925896 0.098659076 0.19268842 0.20396511 0.34536657 0.076112196 0.050364938 0.14225504 0.33462104 0.091397725 0.031862248 1.3631048e-22 0.07812297 0.17823 0.47253984 0.48846138 0.40461263 0.31959438 0.023499962 0.0701598 0.2870146 0.34664077 0.37857333 0.024078403 0.023429532 0.21412346 0.0157789 0.100502476 0.17679824 0.07344992 0.3103472 0.36215198 0.18365622 0.019645488 0.12076505 0.09471613 0.23218301 0.062465306 0.0028002528 0.107982464 0.006375689 0.047072064 0.0031748835 0.006662103 0.03477152 0.028904282 0.059915718 0.05400972 0.066337004 0.009101556 0.040339276 0.014743721 0.0009325972 0.011209218 0.00045950402 0.055737708 0.00041001107 0.0048057158 0.05150214 9.9812765e-05 0.032384455 0.00097299094 0.00039948415 0.0066095297 0.009858141 0.04725535 0.0050735488 0.008714776 0.00022117542 0.006898529 0.011689198 0.0027635274 0.0683976 0.00030810948 0.009003477 0.0043750177 0.006053907 0.00012992538 0.028747896 0.0009307017 0.0015833686 0.013353584 0.00029219553 0.0044648997 0.004424894 0.0014709051 0.0008985848 0.009452616 0.0008886909 0.007216663 0.01308838 0.00034625956 0.012210175 0.00013598622 0.001984694 4.7382604e-05
0.91417384 0.36068383 0.18517879 0.19974537 0.27279836 0.5464975 0.06757565 0.13445859 0.09063482 0.2012377 0.5232084 0.19364767 0.10642266 0.6662712 0.049241096 0.031933315 0.07812297 3.56048e-19 0.062925816 0.036698133 0.043967407 0.08788988 0.035361037 0.18660413 0.02637905 0.21925624 0.08366525 0.019964539 0.0963737 0.0090467045 0.17421155 0.0036982326 0.55958056 0.5102056 0.41722822 0.010910896 0.010814711 0.19768214 0.0074893497 0.24176186 0.0121995015 0.06900699 0.16936563 0.0005691528 0.017947795 0.039660007 0.0001811562 0.00077384146 0.00025741055 1.2772731e-05 0.00061443157 6.2130915e-05 0.00014251465 0.0033711235 4.5489902e-05 0.004344301 0.00017306648 8.022132e-05 6.198523e-06 0.00010569318 0.0050821495 6.547442e-05 0.0026874223 0.015512041 1.2445775e-05 0.0005293529 0.00052896736 0.0017780854 2.5797566e-05 5.1800707e-05 0.091596715 9.773526e-06 2.7014985e-06 0.00089935167 2.4926255e-06 0.00028860802 0.00031904798 0.015673727 0.0021481046 0.0023604075 0.008433755 0.00020936872 7.653086e-05 0.0052820398 0.0058618844 1.616219e-05 4.851092e-05 0.00049478054 1.0939587e-05 0.01606652 7.0229094e-06 6.524484e-05 0.0028477525 2.0828593e-06 7.667466e-06 3.37429e-05 0.005338508 3.568436e-05 2.4969022e-05 0.017303275 0.0019811804
0.013578639 0.17061487 0.28577816 0.11146556 0.26124647 0.105628125 0.24896808 0.4238743 0.45966902 0.38223386 0.06563732 0.049719546 0.39851505 0.13709065 0.14999892 0.047837123 0.17823 0.062925816 1.0623517e-24 0.06289886 0.1889958 0.03103957 0.51452017 0.022695767 0.46250427 0.023639563 0.014855191 0.1132909 0.01577219 0.032597914 0.008662891 0.017575352 0.021075519 0.014481782 0.022290794 0.09235404 0.036452606 0.010561384 0.03389697 0.015377257 0.13878031 0.0023590536 0.01234553 0.0052342806 0.16031371 0.0064835944 0.00036436858 0.006436814 0.0077464962 2.3139568e-05 0.00018811737 4.954585e-05 0.00038327972 0.029468682 2.2594448e-05 0.23266795 2.3779729e-05 0.0027997268 1.1785783e-05 0.0007292433 0.083399266 0.0012979616 0.01946161 0.002415702 0.00034492856 0.00019740513 0.0032223782 0.00213316 2.9977175e-05 5.651363e-05 0.0126891285 8.649793e-06 2.3471653e-06 0.0012927164 8.2493225e-06 0.00019096519 0.0017116836 0.004213507 0.004404456 0.010482613 0.061928324 0.002468202 0.00020071163 0.0019948822 0.011982599 4.0385535e-07 0.0005154723 0.0004438226 1.572541e-06 0.0031414523 1.7839731e-06 0.0005953554 0.0011809084 2.7946635e-06 2.1916735e-07 4.1277815e-07 0.007543696 9.094254e-07 0.00028089696 0.0003869187 0.00039906742
0.11993183 0.07233249 0.16564904 0.043282937 0.12638505 0.02867329 0.05347194 0.12161476 0.119696885 0.30129305 0.03778088 0.015044368 0.05160665 0.26077762 0.03524611 0.011439351 0.47253984 0.036698133 0.06289886 4.1168076e-21 0.44959038 0.35529488 0.21165662 0.014670912 0.017002502 0.30553573 0.32942545 0.36171985 0.009368136 0.011526592 0.19037811 0.0047049266 0.046223763 0.052457258 0.025834747 0.22759505 0.32829615 0.10549796 0.0063232896 0.08099141 0.051684745 0.19653384 0.024416123 0.000543884 0.10144942 0.002022707 0.04956838 0.00049341074 0.0011019297 0.030333128 0.022196466 0.09500745 0.03546151 0.05983402 0.010123562 0.012643137 0.018773645 0.0004509298 0.0047379425 7.4026924e-05 0.049157374 0.00014259989 0.0015917858 0.05321796 1.483293e-05 0.022643082 0.00028273932 3.069734e-05 0.007539985 0.009940283 0.033765495 0.0024931037 0.006509631 1.1799628e-05 0.004002352 0.01411733 0.0005687252 0.050581362 7.774924e-05 0.0022896721 0.002952672 0.0011034578 3.9020946e-05 0.020992035 0.00010366175 0.00096527266 0.013061029 1.7817874e-05 0.003325779 0.0014066657 0.0011600124 2.958806e-05 0.010916376 0.0009768388 0.010834476 0.018744284 0.000117739364 0.0151195135 2.8024366e-05 0.00028900738 8.820408e-05
0.015946096 0.13783756 0.28431302 0.062328592 0.172364 0.11833747 0.13511331 0.23313265 0.27283192 0.3609235 0.05460179 0.02914522 0.08623815 0.17562144 0.048092265 0.013333231 0.48846138 0.043967407 0.1889958 0.44959038 1.8213322e-21 0.21516138 0.490404 0.018373022 0.06020623 0.15397786 0.16384238 0.57666385 0.00996201 0.015472777 0.07312712 0.006308018 0.036194153 0.036268692 0.017365191 0.4709111 0.4475322 0.043186292 0.008536848 0.026690928 0.17232256 0.039936416 0.009161279 0.0012388567 0.22921488 0.002269738 0.013493345 0.00046222465 0.0015052231 0.0068628252 0.010856688 0.012674603 0.011316678 0.10419903 0.0019829308 0.051295333 0.0026094469 0.0007635582 0.0009736652 0.000126778 0.14873283 0.00020111036 0.0018500626 0.006626331 5.7871195e-05 0.0035760198 8.8076304e-05 8.35054e-05 0.0012662081 0.0036126233 0.013831871 0.00052275934 0.0014755366 4.023657e-05 0.00054392027 0.0053184098 0.00055559573 0.0066572316 0.00012562824 0.0051936167 0.010252252 0.0017747954 1.1863503e-05 0.0044130525 0.00020775484 7.315318e-05 0.007049637 1.19898805e-05 0.00027225493 0.001196256 0.00012458155 2.4312745e-05 0.0057825516 6.0512488e-05 0.0008318238 0.0012732227 0.00029333332 0.0032951694 1.4133285e-05 2.116173e-05 8.624266e-06
0.87402105 0.08027248 0.08770349 0.033778656 0.100737244 0.07342317 0.04166148 0.08354339 0.06656335 0.17520857 0.049836274 0.03772495 0.015631288 0.31445554 0.007456759 0.0058375476 0.40461263 0.08788988 0.03103957 0.35529488 0.21516138 1.8398292e-22 0.0838318 0.039274435 0.008505878 0.45787182 0.60023415 0.13466433 0.03096406 0.0015761228 0.28079793 0.00056312286 0.120071 0.15865913 0.114854775 0.081248544 0.14633535 0.19112529 0.0008163922 0.19669756 0.0360123 0.31539458 0.12623817 4.1933887e-05 0.046182256 0.0029344312 0.0385279 0.00019367949 0.00025507074 0.021578135 0.014506373 0.060930807 0.12910537 0.027104622 0.005499992 0.0011582553 0.09569106 4.8267175e-05 0.0029042864 1.7842478e-05 0.011604418 4.5180514e-05 0.0007465119 0.2931521 2.5685317e-06 0.120316185 6.463637e-05 7.343774e-05 0.03210296 0.036814548 0.15504646 0.00061005243 0.0034364085 1.0924502e-05 0.0029181375 0.04076783 8.85362e-05 0.21670462 0.000121428064 0.00024372607 0.0004655275 5.4117172e-05 5.27939e-06 0.076411456 2.0455138e-05 0.00042236652 0.0025376768 6.742449e-06 0.0029126867 0.00038568195 0.0006410536 3.1292718e-06 0.04577088 0.00018089327 0.021107355 0.06793398 0.00015700207 0.026520751 1.5849435e-05 0.00031032946 4.153435e-06
0.0034284948 0.12632269 0.2452324 0.06482475 0.15395576 0.094882615 0.2138347 0.24885239 0.25682592 0.37930027 0.051850814 0.035517175 0.09787393 0.10146188 0.06099809 0.03472876 0.31959438 0.035361037 0.51452017 0.21165662 0.490404 0.0838318 1.4764e-22 0.012703507 0.22347198 0.04626423 0.058998145 0.4570283 0.008540408 0.023748016 0.024166472 0.014226304 0.01994285 0.028981334 0.020630023 0.4784447 0.278937 0.016867036 0.0171174 0.015559869 0.23412077 0.012367313 0.009625384 0.0041490113 0.24362089 0.0034136567 0.0058059283 0.0022643416 0.0039928574 0.0014528047 0.0026080613 0.0022822947 0.0046747564 0.070625015 0.00026561812 0.17334296 0.00082403433 0.0009163035 0.00027172317 0.000875213 0.14690314 0.00027545 0.008067528 0.004616788 0.0003515734 0.0020348409 0.00066117046 0.0005792326 0.0008796748 0.0026082466 0.019620707 0.00011613816 0.00015696166 0.00042543808 6.0396203e-05 0.0007561714 0.0011750538 0.0077895746 0.0018824236 0.004168264 0.019783432 0.0024132347 8.260002e-05 0.003971785 0.0008060511 7.452237e-06 0.006363817 7.885801e-05 2.9489827e-05 0.0010109253 5.8169328e-05 0.00083403935 0.0028041422 2.8483038e-05 6.471082e-05 0.00020782399 0.0012396013 0.00028370332 0.00016068235 0.00011797563 5.6694926e-06
0.9485073 0.22729024 0.13073853 0.1838181 0.11640156 0.27624995 0.07688885 0.045488574 0.06313305 0.04244751 0.42607573 0.5181515 0.08308224 0.16632327 0.05979865 0.102881566 0.023499962 0.18660413 0.022695767 0.014670912 0.018373022 0.039274435 0.012703507 3.2520975e-19 0.024076182 0.096539095 0.022130817 0.00776865 0.74277294 0.027125364 0.07248725 0.02052684 0.1110288 0.086176015 0.5569251 0.0038815902 0.0039598206 0.106160484 0.019963183 0.20433941 0.0054138363 0.015543651 0.30433124 0.0020074502 0.010629783 0.1337379 4.971544e-05 0.0031606802 0.0011423343 1.6795932e-06 0.00014496449 4.6336727e-06 2.3947388e-05 0.001939917 6.15373e-06 0.0065943566 5.175231e-05 0.00053959247 1.4080392e-06 0.00031261818 0.0030796672 0.0004997466 0.007594974 0.009983581 2.5326672e-05 0.0001264942 0.0019409868 0.012022388 5.026596e-06 1.0392935e-05 0.34895292 7.0670576e-06 9.914218e-08 0.0052029393 5.689389e-07 3.7261325e-05 0.0015257815 0.04308149 0.044549022 0.007835799 0.014701192 0.0007801551 0.0007082697 0.024183521 0.007582591 1.8669587e-05 5.2512474e-05 0.0030110148 4.6475384e-06 0.014433071 6.820249e-06 0.00017446394 0.003915212 7.709722e-06 2.8496513e-07 6.4388547e-07 0.0034673032 1.0121842e-06 0.00021703239 0.014794136 0.0063172597
0.014961632 0.0978894 0.19439903 0.10765178 0.107240506 0.080774195 0.3421921 0.15192159 0.35325593 0.10423043 0.05163268 0.06980216 0.56752056 0.04546243 0.4504456 0.099588305 0.0701598 0.02637905 0.46250427 0.017002502 0.06020623 0.008505878 0.22347198 0.024076182 1.7789076e-24 0.0062985686 0.00396537 0.038127806 0.021295756 0.27941397 0.0028091532 0.075616784 0.010970321 0.008416114 0.01925106 0.034684956 0.011735329 0.0047537065 0.26344103 0.009237694 0.055032887 0.0004369211 0.0104298275 0.022650251 0.058147546 0.025087228 0.00033898075 0.066036 0.03586754 1.6858961e-05 6.0485832e-05 9.434365e-06 0.00018454026 0.011120799 9.058026e-06 0.1765813 9.492459e-06 0.008975739 7.0223937e-06 0.001948932 0.031170677 0.005664431 0.11677048 0.0015169086 0.0012895248 7.3360396e-05 0.031742033 0.0144955795 1.7718305e-05 4.337623e-05 0.015270553 5.703881e-06 4.4676165e-07 0.009967978 1.8216344e-06 4.9652517e-05 0.015742563 0.0065084673 0.008503676 0.013467581 0.019749912 0.014086459 0.0035557311 0.0036084156 0.00817654 3.6755074e-07 0.0004937927 0.0021057923 9.598213e-07 0.011351953 1.0583883e-06 0.0024235323 0.0011118874 1.5487236e-06 5.9346114e-08 4.8894684e-08 0.004814094 1.8793166e-07 0.0031413336 0.0022185124 0.004161472
0.9119905 0.17009258 0.12939373 0.07363004 0.21256894 0.17347217 0.033396263 0.111475684 0.06347987 0.18955009 0.08977172 0.065048404 0.03426115 0.46531674 0.012316473 0.011366041 0.2870146 0.21925624 0.023639563 0.30553573 0.15397786 0.45787182 0.04626423 0.096539095 0.0062985686 3.6199136e-21 0.53667086 0.07499915 0.14122964 0.00222453 0.47410962 0.0007732306 0.1949807 0.21123128 0.22921263 0.03709217 0.06836998 0.26663232 0.0014859611 0.25971353 0.022264253 0.36734855 0.24287292 3.5171757e-05 0.031021519 0.015677555 0.011765108 0.0002391953 0.00016500171 0.0051224777 0.005186234 0.021489678 0.05079553 0.0073326263 0.0013866785 0.00072317815 0.035973083 3.7276328e-05 0.0004756055 1.1741211e-05 0.002674586 4.2255888e-05 0.00061838044 0.27358985 1.4357446e-06 0.059201684 8.586037e-05 0.00020011206 0.0062389914 0.0087613035 0.1808684 5.17687e-05 0.0007711509 1.8873956e-05 0.00032164447 0.024701612 0.00010353182 0.23999873 0.00024120012 0.00023808559 0.0007537098 6.8784066e-05 2.2624505e-05 0.0792967 0.00017384693 6.411808e-05 0.00017146635 1.2152877e-05 0.0003171922 0.0005036957 5.316686e-05 2.4672206e-06 0.049340617 1.3620993e-05 0.0045952993 0.020398738 0.0004415801 0.008355528 1.4985364e-05 0.00033052234 4.7125646e-05
0.9422529 0.06357212 0.07243743 0.026602723 0.09423711 0.067157134 0.018723952 0.059324805 0.0474105 0.14758323 0.03388565 0.019257503 0.009800916 0.2791025 0.0035512378 0.0029710366 0.34664077 0.08366525 0.014855191 0.32942545 0.16384238 0.60023415 0.058998145 0.022130817 0.00396537 0.53667086 5.17906e-21 0.104372874 0.016573539 0.001095922 0.33356145 0.00042585863 0.11446822 0.13486025 0.061125055 0.057421207 0.13272703 0.21101275 0.00053033826 0.18215467 0.024638126 0.3652167 0.07759162 5.061618e-05 0.030417468 0.001854478 0.043782882 0.00017931874 0.00027330514 0.024596212 0.011829509 0.12664264 0.18649532 0.014449536 0.0071633575 0.00078279566 0.12147648 4.871124e-05 0.0042824545 1.1768699e-05 0.004085914 3.9972325e-05 0.0002975287 0.35204485 1.4733655e-06 0.1399802 3.0737447e-05 4.260152e-05 0.02704943 0.036031444 0.11923767 0.0011878674 0.0061021564 7.324494e-06 0.0045970767 0.052683555 0.00010526837 0.2540094 5.3625616e-05 0.00023308082 0.00033277585 8.876117e-05 9.198336e-06 0.10194127 1.6889198e-05 0.0005807246 0.0012556729 3.8660255e-06 0.004282563 0.00041832554 0.001077167 2.5748423e-06 0.075473346 0.0001412397 0.024520177 0.07171531 9.282993e-05 0.023844434 2.315754e-05 0.00010734327 4.540034e-06
0.008262933 0.070190586 0.1582545 0.028222587 0.08940958 0.056717243 0.075637355 0.1173204 0.14378256 0.18109183 0.031622395 0.016902735 0.03694406 0.092253216 0.020038364 0.0071396464 0.37857333 0.019964539 0.1132909 0.36171985 0.57666385 0.13466433 0.4570283 0.00776865 0.038127806 0.07499915 0.104372874 3.1220967e-21 0.004884722 0.008232454 0.038959745 0.003150573 0.017698312 0.018232875 0.008691116 0.54261774 0.555025 0.01997 0.004521483 0.013491666 0.14348966 0.022686409 0.0051505268 0.0010014749 0.20299387 0.0016671179 0.016294772 0.0003230364 0.0017414887 0.008136582 0.014446621 0.015430206 0.0079291435 0.12080554 0.0026595907 0.047585767 0.0026037444 0.00094694213 0.0011793053 9.373582e-05 0.15373734 0.0002442445 0.0025142152 0.005118342 5.2122654e-05 0.003450908 0.0001471634 9.334171e-05 0.0009877422 0.0030591418 0.012954865 0.0005070404 0.0011535131 4.7236874e-05 0.0005327365 0.0062442385 0.0011447122 0.0059566605 0.00031725454 0.0039643375 0.007919384 0.0021743216 3.4255547e-05 0.003817684 0.00013763302 0.00010121967 0.014790201 1.5414424e-05 0.00030623408 0.0010727098 0.00023096018 5.1766132e-05 0.0048918035 0.00015804975 0.0012713893 0.001434647 0.00033390822 0.0030270445 1.7257822e-05 2.6036423e-05 1.1048344e-05
0.95388436 0.25263298 0.16699576 0.22039159 0.09948024 0.2327596 0.08524058 0.044569705 0.07166014 0.030655896 0.31135803 0.550286 0.08276273 0.13163885 0.08307955 0.19326511 0.024078403 0.0963737 0.01577219 0.009368136 0.00996201 0.03096406 0.008540408 0.74277294 0.021295756 0.14122964 0.016573539 0.004884722 5.0870563e-19 0.053163886 0.07594304 0.048946176 0.121905096 0.10844219 0.4575666 0.0026272533 0.0025287708 0.121485285 0.03347759 0.23016267 0.0032091525 0.011124862 0.35173175 0.00427858 0.008662721 0.25493523 7.0719754e-05 0.00549346 0.0031314436 3.984564e-06 8.533555e-05 3.6436388e-06 3.3438922e-05 0.0018359841 4.481637e-06 0.00579245 6.0150178e-05 0.00085662893 2.2691913e-06 0.00047932015 0.003364597 0.0006872109 0.007291356 0.011155884 4.6307858e-05 0.00011874919 0.0029941974 0.02542748 4.6537875e-06 1.689885e-05 0.36902 7.4111367e-06 2.2186906e-07 0.013593676 1.6070057e-06 1.9090101e-05 0.00183599 0.035819948 0.09994235 0.006102576 0.008394332 0.0013557562 0.0007835859 0.01807944 0.0037751552 8.332629e-06 3.9738457e-05 0.0042599514 3.8130565e-06 0.010142632 3.3716153e-06 0.00023505838 0.0028665715 4.1495273e-06 4.1890498e-08 5.5673897e-08 0.0020137664 2.4407646e-07 0.00030306264 0.01050426 0.0028355469
0.2548983 0.033616923 0.07500359 0.06336657 0.026243225 0.022309447 0.15393174 0.036489125 0.07581946 0.03024096 0.028635744 0.09502491 0.29567686 0.010220554 0.49072146 0.21320292 0.023429532 0.0090467045 0.032597914 0.011526592 0.015472777 0.0015761228 0.023748016 0.027125364 0.27941397 0.00222453 0.001095922 0.008232454 0.053163886 5.46323e-22 0.0022004414 0.55769306 0.0068235085 0.008508097 0.029668214 0.0067181946 0.0031157376 0.0046382607 0.7116235 0.014697673 0.009789361 0.0013414897 0.028341338 0.3539458 0.012386046 0.228727 0.0010498936 0.36979052 0.2966465 3.210639e-05 0.00022450721 3.3442764e-06 0.00011298916 0.0010220008 1.7218152e-05 0.013111254 1.1108513e-05 0.041079182 9.393068e-06 0.019314406 0.0011528945 0.029289193 0.212287 0.0018682182 0.019484084 2.43656e-05 0.09927884 0.11469024 3.2589558e-06 6.3113753e-06 0.031893294 6.420371e-06 4.2523584e-07 0.08268 7.966772e-07 3.2486645e-05 0.03475208 0.006531461 0.0515147 0.0036208774 0.00048614293 0.024669101 0.014077931 0.0036879203 0.0004273903 2.5037502e-07 3.9689865e-05 0.025318578 9.85616e-07 0.003570874 5.309192e-07 0.0070569017 0.0016685353 1.7149595e-06 3.6259564e-08 4.5188887e-08 6.020183e-05 7.180603e-07 0.0060714525 0.002210335 0.0060493015
0.9424991 0.11049315 0.092369296 0.052342832 0.12601157 0.130161 0.022196814 0.057518285 0.038622167 0.096010044 0.07569173 0.049131896 0.024217973 0.29817864 0.008002613 0.008359484 0.21412346 0.17421155 0.008662891 0.19037811 0.07312712 0.28079793 0.024166472 0.07248725 0.0028091532 0.47410962 0.33356145 0.038959745 0.07594304 0.0022004414 7.088911e-20 0.0009606854 0.23377757 0.29959077 0.21946359 0.016407898 0.03869758 0.38654092 0.0012796111 0.3077817 0.009977651 0.4230183 0.22348501 4.8768226e-05 0.010528811 0.0114672035 0.005337098 0.00022894023 0.00013155008 0.0014774398 0.0018854117 0.011922157 0.030773142 0.0019337136 0.00041857557 0.00045980784 0.036174674 6.5882174e-05 0.00020285243 2.0961417e-05 0.00060957443 5.552906e-05 0.0004996077 0.3104066 2.2696654e-06 0.06464371 0.00010782477 0.00028791302 0.002290442 0.003597316 0.20939048 3.4988392e-05 0.0005681005 4.3650023e-05 0.00020171273 0.023042034 0.00015175786 0.27166593 0.00037165542 0.00025862711 0.0008363766 0.0001469658 5.1214054e-05 0.11705539 0.00025156135 2.7494518e-05 7.491739e-05 2.8094075e-05 0.00039193753 0.0011140772 3.9051694e-05 4.8980096e-06 0.07280471 9.8894025e-06 0.0027458803 0.0098064 0.00027311963 0.003862527 5.7274865e-05 0.0006035679 6.691858e-05
0.54795134 0.02930273 0.042498983 0.045860376 0.014735456 0.013810827 0.07216397 0.016992988 0.033148494 0.012122147 0.018227894 0.08171102 0.12667674 0.004090499 0.25858638 0.24386363 0.0157789 0.0036982326 0.017575352 0.0047049266 0.006308018 0.00056312286 0.014226304 0.02052684 0.075616784 0.0007732306 0.00042585863 0.003150573 0.048946176 0.55769306 0.0009606854 1.3385529e-20 0.003388033 0.0045902776 0.02142508 0.0025569887 0.0008102788 0.002783979 0.5652904 0.009100819 0.0055804085 0.00033893128 0.027871262 0.52183557 0.010196439 0.329697 0.00012241732 0.26782286 0.32354873 5.639429e-06 8.057639e-05 3.1505667e-07 1.0058357e-05 0.0006474209 1.9726679e-06 0.007139126 1.2337779e-06 0.030048996 6.093994e-07 0.027116133 0.0012124315 0.02177655 0.14104031 0.0013883006 0.018322531 4.263426e-06 0.0564341 0.15784594 2.8429304e-07 6.35835e-07 0.035563674 1.5815755e-06 9.781964e-08 0.10803984 2.7041625e-07 7.733818e-06 0.024779659 0.003007218 0.08455993 0.0059244274 0.0005046631 0.01918542 0.009272068 0.0027809804 0.00058627204 9.257911e-07 1.7268721e-05 0.037732683 9.516001e-07 0.004289258 8.4810785e-07 0.0083032595 0.0010750869 5.3359854e-06 2.2534772e-09 4.54892e-09 3.748373e-05 7.018617e-08 0.005051964 0.0032164296 0.004812492
