1.14837285e-33 0.90232563 0.07349147 0.6705229 0.6503046 0.8043095 0.96670663 0.05970253 0.03071645 0.031946193 0.11963004 0.16643666 0.01451831 0.18563896 0.030074619 0.96806043 0.019792665 0.25959277 0.61652005 0.06272314 0.78540295 0.8169253 0.023157088 0.0026011867 0.9542006 0.06710055 0.002769943 0.005542344 0.013406955 0.8670389 0.037951764 0.005225951 0.96962297 0.025954831 0.98956084 0.013688937 0.028146518 0.97997284 0.0036177572 0.9194369 0.0023725727 0.012968387 0.0041475594 0.9373472 0.0011145289 0.95134246 0.014868365 0.09195049 0.1311171 0.7648212 0.0002018971 0.010460229 0.0002175737 0.9985373 0.29835194 4.287689e-05 0.9827874 0.9904158 0.9977242 0.012852793 0.16776462 0.0021760608 0.5194442 0.8766381 5.559864e-05 0.9324536 0.74427044 0.94584125 0.31851587 0.00057034224 0.0077028223 0.00058422616 0.062155362 0.9562343 0.00018350726 0.9893146 0.17134324 0.00018664061 0.0003525099 4.9422826e-05 0.0017097918 0.9122881 0.00014023452 9.853163e-05 8.306351e-06 0.99895144 0.9985024 5.942291e-06 0.99541533 0.009256071 1.9484636e-05 0.0007591313 1.7894699e-06 0.96791875 6.707339e-07 0.99536586 2.898813e-06 0.995189 0.9868456 0.50491965 0.85720235
0.90232563 1.3467652e-17 0.5595402 0.13848482 0.49396288 0.114329666 0.19036329 0.45697704 0.23277536 0.26950133 0.116310395 0.31313077 0.21453619 0.2159173 0.08720074 0.06236197 0.07608231 0.2358653 0.11405455 0.039135225 0.06985274 0.056809563 0.116397865 0.03652374 0.0388987 0.017804557 0.08242038 0.024152838 0.041711215 0.0025592844 0.0047427504 0.024156714 0.3207099 0.0019160395 0.25260743 0.00410101 0.0003636763 0.014812758 0.014311106 0.0010148751 0.19768384 0.0017546252 0.012515716 0.00038902432 0.037238292 0.00058319495 0.005578352 3.5240013e-05 1.4658135e-05 0.018078748 0.045630574 9.425817e-05 0.03958214 0.26307967 7.860651e-06 0.0032858085 0.16345526 0.11372987 0.16975768 4.6535635e-05 6.2128684e-06 0.019003326 0.0052796146 0.007764717 0.003174935 0.005398061 3.97066e-05 0.0023933565 1.5269794e-05 0.008452448 4.726542e-06 4.1372954e-05 1.4695802e-05 0.012983677 0.01487503 0.023229059 6.315918e-05 0.0012371258 0.00020317633 2.964712e-05 1.0478275e-05 8.682869e-06 0.0009641314 1.4077533e-06 0.0029221685 0.080041915 0.008398459 2.5364318e-06 0.0021686545 6.384855e-07 7.5066e-07 1.8987631e-06 6.0871804e-07 1.7262462e-05 1.401477e-05 0.00087874994 3.0211438e-06 1.2639706e-05 1.2380204e-05 0.051000357 0.030109962
0.07349147 0.5595402 2.061906e-19 0.23126414 0.2765259 0.12199577 0.3410852 0.5107985 0.3594125 0.30768356 0.13262656 0.14573416 0.33637923 0.09407932 0.1353518 0.12854597 0.12018754 0.08342642 0.07774102 0.061559312 0.047479354 0.042526715 0.103988096 0.18723309 0.051161848 0.022449763 0.1810229 0.06598496 0.07762381 0.0076979795 0.0076974537 0.059979636 0.18525128 0.0045287265 0.18122797 0.009731124 0.0005979589 0.0370768 0.019326283 0.006625468 0.175129 0.002230511 0.014509867 0.0006347551 0.05406928 0.0036219375 0.007609053 0.00011515198 4.0336272e-05 0.007858722 0.07048374 3.4404547e-05 0.069627605 0.13529117 3.4473946e-05 0.014122837 0.13929598 0.10852983 0.08150388 0.00014419842 3.5417845e-05 0.03126073 0.0041974504 0.0058899564 0.013670842 0.0031669831 0.00063366827 0.0017115455 0.00017286904 0.019136881 3.372167e-05 0.00011307938 5.6224468e-05 0.007131481 0.022428503 0.007987866 0.00019314991 0.00097573677 0.00017405562 8.662543e-05 7.619375e-05 8.1733124e-05 0.00035148652 4.2644956e-06 0.005352818 0.02279873 0.0037235522 7.1231276e-05 0.0027601025 6.731546e-06 1.0659592e-06 2.4070045e-05 2.989143e-06 1.6305583e-05 0.00016926487 0.0014514619 5.5246487e-06 1.7712799e-05 7.683452e-06 0.017368946 0.015044404
0.6705229 0.13848482 0.23126414 5.0345655e-19 0.025806915 0.84009856 0.6722949 0.11508425 0.19272703 0.3765745 0.6697534 0.027819134 0.07789905 0.016730541 0.1151817 0.17977417 0.08938262 0.010692015 0.0084637925 0.177607 0.10735749 0.07145076 0.0187431 0.076750845 0.07293611 0.09007734 0.041637234 0.038876 0.075320765 0.015988246 0.035517745 0.03141872 0.031688664 0.009595221 0.07051752 0.015378064 0.0032356982 0.04275504 0.022661595 0.004069843 0.04455663 0.007407159 0.020133842 0.0013936673 0.019813199 0.0031905929 0.00021149233 0.00026574382 0.00010409287 0.0009282007 0.019282857 0.0004032404 0.010850085 0.032025106 5.7814927e-05 0.0041758195 0.0982001 0.089473955 0.06027648 0.00014044881 4.417176e-05 0.00017523667 0.0006972867 0.0006610844 0.0025429337 0.0014851529 0.0006961535 0.00084471324 0.00021746293 0.0007492243 4.345104e-05 0.00010938092 9.674951e-05 0.000552627 0.008217095 0.00046269922 0.00028127656 6.425455e-06 2.0179739e-06 4.9396058e-05 4.0700932e-05 0.00012246204 5.738199e-06 5.8683195e-06 0.00065359974 0.009240103 0.0050412533 2.6710097e-05 0.0034433533 2.1389758e-06 1.9552363e-06 7.695553e-06 3.4446157e-06 2.2099272e-05 1.5048062e-05 0.0006439789 3.42033e-06 4.04677e-05 6.655276e-05 0.006661099 0.00039635814
0.6503046 0.49396288 0.2765259 0.025806915 3.6913336e-16 0.017732067 0.039378192 0.36571696 0.060427077 0.040073536 0.009495954 0.49902335 0.11548632 0.44832402 0.02191727 0.010050763 0.02139695 0.4610048 0.24217854 0.0054846373 0.012477954 0.0104599 0.24512492 0.016507482 0.0056513385 0.0032876737 0.053496886 0.013871792 0.011397482 0.0007911533 0.00096881314 0.014590084 0.24219428 0.00066950027 0.09245761 0.0017673812 0.00021125686 0.0022935437 0.00978384 0.00030812944 0.22448577 0.0007637254 0.006759085 0.00010479788 0.035240985 0.00034647578 0.055401225 5.0543444e-05 1.5437932e-05 0.08403179 0.05043778 0.00017524252 0.04726225 0.13561079 1.2570032e-05 0.005041621 0.03830259 0.025107464 0.02608658 0.00015206804 2.1282598e-05 0.06727251 0.020190952 0.034545384 0.008224939 0.0009746421 0.0001865607 0.00041952066 0.00012212555 0.02438423 3.0255913e-05 0.0002706099 9.4092466e-05 0.0294526 0.014908342 0.050178986 0.0003505275 0.010461611 0.002532311 0.00016447023 7.335641e-05 2.9978632e-05 0.007452977 2.5806623e-05 0.003954816 0.06254667 0.0017207705 2.9546129e-05 0.0008413767 6.9003345e-06 7.6545775e-06 3.1288288e-05 9.257908e-06 1.8576764e-06 8.062682e-05 0.00026482772 2.1950913e-05 8.812441e-06 3.6812942e-06 0.06431235 0.07627602
0.8043095 0.114329666 0.12199577 0.84009856 0.017732067 7.840639e-19 0.80875045 0.0710229 0.14961733 0.25829253 0.5684863 0.016044801 0.06353438 0.011757678 0.113132656 0.30867314 0.09710301 0.007891903 0.0054073045 0.16498275 0.15437531 0.10499489 0.007385406 0.058703 0.11847966 0.093275696 0.036487672 0.037678737 0.06547805 0.01812656 0.03398753 0.034348816 0.024441298 0.01498986 0.090293005 0.02201171 0.00575797 0.080910675 0.026133489 0.0050135124 0.032265905 0.009977903 0.023909764 0.002733101 0.027037362 0.0037978347 8.0078156e-05 0.0004138906 0.00012441982 0.0008318945 0.016270284 0.0010170257 0.009212251 0.035312288 8.20297e-05 0.004364928 0.12744124 0.11654301 0.0847691 0.0003268337 8.8429544e-05 5.3579097e-05 0.00049850304 0.0005184157 0.0036380822 0.0020767692 0.00074701465 0.0015555187 0.00034100434 0.0004012564 9.030154e-05 0.00024779144 0.00019625333 0.0008625468 0.0068593672 0.0006381806 0.00056839123 3.456937e-06 9.089312e-07 7.5620344e-05 8.185613e-05 0.00044226664 3.6846805e-06 1.20730665e-05 0.0003069592 0.008538057 0.011190686 5.5862838e-05 0.006337486 5.6115373e-06 6.4682467e-06 1.3551426e-05 6.8685445e-06 0.00010987732 3.5865748e-06 0.0015432709 1.0621401e-05 0.00024064159 0.00023416764 0.004961657 0.00025171804
0.96670663 0.19036329 0.3410852 0.6722949 0.039378192 0.80875045 6.982317e-18 0.14664136 0.21557212 0.30247688 0.48260403 0.038754962 0.07763715 0.023085505 0.08789802 0.6602416 0.06623698 0.013891716 0.010861374 0.103473075 0.23930047 0.12883705 0.016016006 0.033115678 0.2674492 0.05508145 0.024084048 0.01967371 0.036314983 0.017356252 0.010986329 0.013884597 0.115197495 0.004365654 0.3383852 0.005562465 0.0013997077 0.111569636 0.008181564 0.006148278 0.02729941 0.0028993576 0.0074680527 0.0025855745 0.011597398 0.004885523 0.00025211976 0.0001554717 6.603692e-05 0.0011205926 0.015571788 9.688912e-05 0.010167692 0.13413993 6.223837e-05 0.0023412232 0.3952849 0.32808146 0.23080468 0.00011597779 5.7235222e-05 0.00019223457 0.000458857 0.00078697345 0.00089549867 0.0028945836 0.0003914812 0.0015879634 0.00013667361 0.0013517778 3.548238e-05 7.692071e-05 0.00016393076 0.001323077 0.0072765695 0.0015962201 0.0003110394 2.2583245e-05 4.3579334e-06 2.1900478e-05 3.0856187e-05 0.00024237079 2.6013642e-05 3.0942836e-06 0.00054913544 0.014539267 0.01794609 1.2754096e-05 0.010799624 1.324897e-06 1.2838133e-06 3.0393992e-06 2.4579556e-06 9.7824544e-05 2.6743024e-05 0.004039619 1.1723885e-06 0.00022028919 7.252204e-05 0.011198613 0.0014026302
0.05970253 0.45697704 0.5107985 0.11508425 0.36571696 0.0710229 0.14664136 3.3282826e-17 0.17173493 0.16595024 0.07656159 0.25299722 0.48048237 0.22404113 0.08344491 0.062826164 0.080933504 0.20934404 0.07232674 0.03034676 0.03252135 0.036108963 0.19715047 0.14363329 0.037210327 0.016742568 0.27011794 0.051687256 0.043006707 0.006586487 0.0046053394 0.052960146 0.107983306 0.0028737907 0.078157976 0.00621291 0.00048816088 0.029136112 0.0136595955 0.0050325496 0.2784941 0.0017323104 0.010179946 0.00071381725 0.072386704 0.0033982326 0.019147104 0.00029501462 0.00012215643 0.013117039 0.081887804 0.00013512255 0.08098996 0.077702686 6.472254e-05 0.015303232 0.057655226 0.050244756 0.046857778 0.0001223669 6.936329e-05 0.07746709 0.008187113 0.011819731 0.020960614 0.0011380147 0.0019007019 0.00048212337 0.000493195 0.028524876 3.5451703e-05 0.00014494888 7.183822e-05 0.010116593 0.037269726 0.01111668 0.0006721847 0.0025872702 0.00083553203 9.4535884e-05 5.0613577e-05 0.00026960758 0.0012544256 1.1711442e-05 0.009640128 0.023190625 0.0030484928 0.00011930996 0.002763396 8.770854e-06 1.8633363e-06 1.6457056e-05 3.8039002e-06 3.5792746e-05 0.001090276 0.0022196486 2.6427263e-06 5.2071082e-05 3.992044e-05 0.016012827 0.028233193
0.03071645 0.23277536 0.3594125 0.19272703 0.060427077 0.14961733 0.21557212 0.17173493 5.036421e-22 0.4901945 0.23348622 0.03736551 0.24433236 0.020002827 0.37413904 0.110646166 0.3077464 0.013841459 0.02051448 0.15365021 0.08250161 0.06212298 0.02272687 0.19813031 0.065975726 0.05100076 0.11419244 0.08062462 0.086448625 0.00806402 0.009991558 0.0670169 0.030060226 0.0046741683 0.03732655 0.011588006 0.0008096038 0.016043674 0.021510767 0.005343581 0.08588506 0.0030090038 0.016185252 0.0009872159 0.05259618 0.0028843272 0.0012860915 0.00011949203 4.4138116e-05 0.0013450696 0.046212636 5.348001e-05 0.031297855 0.019745536 3.5585806e-05 0.013181877 0.023581969 0.02882767 0.017451715 2.6800037e-05 2.5031082e-05 0.0008017401 0.0015272073 0.0016200037 0.009697417 0.0015859769 0.0003422112 0.00093442574 0.00012073452 0.001117397 8.104638e-06 2.3081186e-05 2.1787528e-05 0.0013502914 0.014376863 0.00046994083 8.6148095e-05 4.2546812e-06 2.1331375e-06 1.7068836e-05 1.4281077e-05 3.0405921e-05 4.455437e-06 1.8238403e-06 0.001137291 0.004434275 0.0011562457 3.042292e-05 0.0012187622 1.2222331e-06 3.8142585e-07 4.295889e-06 6.57937e-07 7.3873075e-06 3.9850984e-05 0.0004644209 6.937605e-07 8.1643575e-06 2.3575365e-06 0.0037019625 0.0023508149
0.031946193 0.26950133 0.30768356 0.3765745 0.040073536 0.25829253 0.30247688 0.16595024 0.4901945 1.3548822e-23 0.5154344 0.022597773 0.2052349 0.0128894895 0.45910504 0.2172771 0.3880693 0.007381755 0.013031536 0.38364685 0.15663327 0.13227472 0.007253574 0.38806924 0.09964721 0.13351776 0.091120586 0.15002413 0.2329529 0.021211049 0.031610105 0.13372788 0.015790159 0.012496865 0.039121665 0.02759034 0.0038609302 0.03605352 0.055702068 0.00788714 0.05700438 0.008696142 0.045143846 0.0015244478 0.040164694 0.003906863 0.0006199313 0.00073834584 0.00028958952 0.00073491794 0.02495214 0.00028578282 0.016354034 0.0088803135 0.00029607947 0.011775746 0.028269188 0.033460658 0.012416943 0.00043773316 0.00033363892 0.00013831593 0.0006828466 0.0007929821 0.020596985 0.0028633939 0.00093664206 0.0016262265 0.0007098067 9.990114e-05 0.00017487138 0.00014676283 0.00031240538 0.000616694 0.00086643855 0.0003729519 0.00055949163 1.9379088e-06 1.1026382e-06 0.00010458183 0.00017423832 0.00032760916 1.5688427e-06 2.4859344e-05 3.9775467e-05 0.0015220348 0.002362317 0.00029017782 0.0020221071 1.49506905e-05 7.659324e-06 6.114643e-05 7.71883e-06 2.1009468e-05 8.474449e-07 0.00081718946 5.171159e-06 1.985865e-05 1.3557632e-05 0.0031425592 0.0029969057
0.11963004 0.116310395 0.13262656 0.6697534 0.009495954 0.5684863 0.48260403 0.07656159 0.23348622 0.5154344 1.1977741e-24 0.0060715447 0.101807244 0.0029411654 0.3396333 0.5033269 0.26786837 0.0013741812 0.004108718 0.50550723 0.3160697 0.23799211 0.0013923832 0.3117505 0.21680792 0.32512066 0.055508338 0.13142788 0.25586483 0.071325496 0.15208282 0.113981396 0.0063484707 0.052741297 0.059444737 0.06247187 0.013002965 0.11051874 0.06858157 0.032777816 0.018364813 0.02748379 0.058229785 0.007354492 0.026863622 0.02177242 1.1865041e-05 0.0008904524 0.00022937053 0.000104796585 0.016865846 0.0009917032 0.0052481964 0.004983747 0.00043092726 0.0077536954 0.072782114 0.11060528 0.03433936 0.0005347983 0.00036453438 1.0786381e-05 0.00013066211 0.00011537974 0.009854512 0.008843778 0.0023934604 0.0055629294 0.0016915377 1.12537855e-05 0.000425373 0.00043689137 0.0012730899 9.97747e-05 0.00014713366 6.581806e-05 0.0018900048 5.102159e-07 1.537936e-07 0.00011785103 0.0006098524 0.0018808086 6.054585e-07 1.1804489e-05 6.926166e-06 0.0019130843 0.00817161 8.515767e-05 0.0036694633 2.3755909e-05 3.7917637e-06 9.662955e-05 5.244649e-06 0.00023016048 5.8140454e-08 0.0022860265 5.24676e-06 0.00010876179 0.00028915904 0.0015857865 0.0004376086
0.16643666 0.31313077 0.14573416 0.027819134 0.49902335 0.016044801 0.038754962 0.25299722 0.03736551 0.022597773 0.0060715447 5.5811617e-18 0.09282916 0.55377877 0.011987954 0.009870709 0.013403956 0.56373394 0.3104136 0.0028205714 0.004567381 0.004085916 0.4003994 0.020023573 0.0059037423 0.0018937687 0.049775057 0.013128859 0.0044101747 0.00077384105 0.00060049223 0.010185147 0.16112505 0.00062901556 0.044685643 0.0011176149 0.00013430661 0.0037544533 0.0032709623 0.0007145361 0.14368182 0.00040209127 0.0026473124 0.00014620503 0.026483398 0.00079531583 0.12245834 9.263642e-05 3.1589607e-05 0.084688954 0.026186217 0.0001198401 0.031235935 0.054830786 1.2145741e-05 0.0043430934 0.019613478 0.013591271 0.013650675 9.375049e-05 1.6977905e-05 0.07801615 0.040831205 0.05111624 0.006150327 0.00037832122 0.00058107666 0.00010553535 0.0002054835 0.029095879 1.941491e-05 0.0003109504 3.0504354e-05 0.036993384 0.011687638 0.035304293 0.0002026641 0.014343195 0.0045303223 0.00015892247 2.032681e-05 3.1063635e-05 0.009973418 4.982414e-05 0.003996235 0.026806654 0.00079129403 6.0660583e-05 0.00047232123 1.0971809e-05 6.2599847e-06 2.2941222e-05 7.3549922e-06 8.0730763e-07 0.00018108365 0.00044232848 4.5205315e-06 3.5093874e-06 3.658095e-06 0.031808224 0.041710477
0.01451831 0.21453619 0.33637923 0.07789905 0.11548632 0.06353438 0.07763715 0.48048237 0.24433236 0.2052349 0.101807244 0.09282916 9.836616e-19 0.0747275 0.19449805 0.039331205 0.20587374 0.05779179 0.014916363 0.07593694 0.04423676 0.035412975 0.08302533 0.21836677 0.023729637 0.04616602 0.53337646 0.12168205 0.09008803 0.004885563 0.01231242 0.10845476 0.01679414 0.008548181 0.01575387 0.017477863 0.0018565403 0.008130772 0.037182745 0.003514765 0.36524937 0.0050970768 0.028339071 0.00049109 0.21237628 0.0024447078 0.005768784 0.00033331677 0.000114434486 0.005654881 0.21098949 0.00081659894 0.16059744 0.010608045 4.1692914e-05 0.07440661 0.021769352 0.019511491 0.0119841425 8.254654e-05 5.7027093e-05 0.026363466 0.004142146 0.005403621 0.06881235 0.00032275065 0.0010283529 4.2210617e-05 0.00024978895 0.010591114 1.1941131e-05 7.999579e-05 4.2349246e-05 0.0037857657 0.052329198 0.001901012 0.0004293987 0.00054805115 0.00015014582 0.00015712624 2.717194e-05 7.68784e-05 0.0003223824 3.23695e-05 0.0073078433 0.0073281243 0.0012764324 0.00029131383 0.001663842 2.019327e-06 8.889422e-06 8.705803e-06 7.982627e-06 3.0168927e-05 0.0012967404 0.0010412654 3.4873278e-06 0.00017626847 1.7753622e-05 0.0059799175 0.011238107
0.18563896 0.2159173 0.09407932 0.016730541 0.44832402 0.011757678 0.023085505 0.22404113 0.020002827 0.0128894895 0.0029411654 0.55377877 0.0747275 3.37443e-19 0.004382888 0.004804156 0.005350029 0.72905195 0.31368265 0.0010287289 0.0017645418 0.0017761686 0.49838176 0.009428065 0.0019189508 0.00084006425 0.036257524 0.0047500804 0.0019924154 0.001158352 0.00024255556 0.0041688685 0.1625546 0.00013144637 0.03181065 0.0002721428 1.6796695e-05 0.0021441577 0.0016449587 0.0010567771 0.21246481 6.438873e-05 0.001119714 2.4863897e-05 0.017053518 0.00232393 0.19024436 1.9573361e-05 5.590092e-06 0.14168422 0.025757425 2.336999e-05 0.03514493 0.043389957 2.8916256e-06 0.0024944854 0.013461021 0.007899267 0.007990111 2.6502516e-05 4.236962e-06 0.11222849 0.07105572 0.07494014 0.0037812972 5.4110722e-05 0.00044869957 1.151181e-05 0.00015301551 0.05122918 2.958305e-06 6.3522224e-05 5.87137e-06 0.044130307 0.012510244 0.04151311 8.367177e-05 0.022602988 0.008962141 3.1685224e-05 2.172892e-06 2.2153798e-05 0.019087868 1.1597851e-05 0.0075400313 0.030337792 0.00035177357 2.6209744e-05 0.00018879313 7.363516e-07 2.5477193e-06 8.8660744e-07 3.3198087e-06 3.0347863e-07 0.00025177805 0.000251422 6.2563237e-07 1.9274803e-06 1.2150821e-06 0.03886516 0.06827921
0.030074619 0.08720074 0.1353518 0.1151817 0.02191727 0.113132656 0.08789802 0.08344491 0.37413904 0.45910504 0.3396333 0.011987954 0.19449805 0.004382888 1.7143125e-24 0.09000553 0.62759024 0.0022091898 0.0043491945 0.5327165 0.09978808 0.089465484 0.0043591894 0.4768889 0.0692402 0.24618627 0.13981175 0.2625871 0.3107621 0.012491122 0.049135998 0.20355666 0.0037263338 0.025344498 0.00727015 0.047583874 0.009950389 0.009867198 0.08555123 0.0038914233 0.08126803 0.021304019 0.063767485 0.0047415043 0.096907884 0.0020544305 0.00017394744 0.00053097133 0.00025470686 0.0006867519 0.05405884 0.0014787943 0.022761103 0.0030888824 0.00015171923 0.030626198 0.00898461 0.011452657 0.0039504417 0.0002894371 0.00012298614 0.00017112249 0.0003334789 0.00030120215 0.03839053 0.0012794537 0.00051369827 0.0004980167 0.00039713815 0.00018471792 7.809665e-05 0.00017422553 0.0001453865 0.00010463061 0.0024936756 2.3631314e-05 0.00023848716 4.8455667e-07 2.2817264e-07 0.00011187565 7.043411e-05 9.053755e-05 4.0918212e-07 6.1604616e-05 6.133836e-05 0.0014701674 0.0008269342 0.00079633325 0.0007213938 6.581432e-06 2.0864945e-05 4.3461107e-05 1.5952824e-05 1.3366331e-05 1.0184359e-05 0.0006910815 2.654416e-06 2.5356036e-05 7.6841925e-06 0.0012199915 0.0008156704
0.96806043 0.06236197 0.12854597 0.17977417 0.010050763 0.30867314 0.6602416 0.062826164 0.110646166 0.2172771 0.5033269 0.009870709 0.039331205 0.004804156 0.09000553 2.4317642e-18 0.07304271 0.002546732 0.006679413 0.23588738 0.66782343 0.4431284 0.0034764153 0.04038352 0.7587339 0.20261107 0.014308459 0.045561697 0.11503348 0.13897815 0.09623165 0.042671595 0.048541196 0.03207058 0.23825724 0.042341746 0.011114591 0.34219512 0.023729151 0.07750075 0.006355365 0.02050936 0.023085056 0.031428073 0.008926104 0.05026598 1.727559e-05 0.0018787078 0.0011408966 0.0006035158 0.008207029 0.0015847773 0.0045424746 0.05650147 0.0007366188 0.0038885616 0.38688865 0.40107673 0.24564329 0.0009035689 0.00062345393 3.1702726e-05 0.000295881 0.0002835805 0.0024678502 0.019427402 0.0036562558 0.010233711 0.0010991285 0.00034124393 0.0004684414 0.00042418542 0.0022241238 0.0003932641 0.0019917553 0.00034570476 0.0020448547 5.319224e-06 6.403112e-07 0.0001621019 0.00031586914 0.0041380315 6.2340036e-06 3.0880386e-05 0.00020346469 0.013287267 0.043484215 0.00014572228 0.030601937 4.822604e-05 1.8251045e-05 9.981744e-05 3.917636e-05 0.0011591985 5.9221165e-06 0.012909528 2.765145e-05 0.002405567 0.0013373485 0.003952759 0.00045289547
0.019792665 0.07608231 0.12018754 0.08938262 0.02139695 0.09710301 0.06623698 0.080933504 0.3077464 0.3880693 0.26786837 0.013403956 0.20587374 0.005350029 0.62759024 0.07304271 2.2298035e-24 0.0031371815 0.004769607 0.49797276 0.08760362 0.07998983 0.0047051664 0.4793891 0.05790249 0.24324639 0.16670148 0.27962893 0.29985702 0.010662471 0.033204928 0.21836264 0.0034903444 0.023361867 0.006550624 0.04813633 0.008457076 0.008817868 0.07834191 0.003611516 0.07995751 0.020961918 0.06037412 0.005744099 0.111208364 0.0021048887 0.00016160813 0.00054615305 0.00026073883 0.0009072923 0.06690377 0.0013134669 0.025077663 0.0036341685 0.00012873985 0.037728284 0.008067825 0.010588346 0.0035020474 0.00020098974 8.307029e-05 0.00021234275 0.00038685542 0.00031636114 0.04369724 0.0010447338 0.0003362653 0.000390479 0.00022826201 0.0002250414 3.8491784e-05 0.00014406702 9.0982794e-05 0.00010352116 0.004005497 2.7396234e-05 0.00013229603 4.2302696e-07 2.0750801e-07 7.704604e-05 3.0822044e-05 7.305105e-05 3.5785644e-07 5.495163e-05 8.902286e-05 0.001681405 0.0006389086 0.0006847971 0.00078450143 3.4654895e-06 1.6309004e-05 1.9440868e-05 1.1668354e-05 1.17600375e-05 1.5915823e-05 0.00072121556 1.6892702e-06 1.887761e-05 4.1484986e-06 0.0009422473 0.0008464705
0.25959277 0.2358653 0.08342642 0.010692015 0.4610048 0.007891903 0.013891716 0.20934404 0.013841459 0.007381755 0.0013741812 0.56373394 0.05779179 0.72905195 0.0022091898 0.002546732 0.0031371815 8.361326e-19 0.36632404 0.00041554958 0.001872516 0.0016744004 0.5948764 0.0038305009 0.0008404184 0.00034917475 0.034062415 0.0028879605 0.0011421436 0.00074836373 8.0342055e-05 0.0026129207 0.19957183 3.187653e-05 0.030981751 8.606762e-05 3.0169083e-06 0.0014185105 0.0009884787 0.00074859936 0.2393953 1.2934364e-05 0.00066372624 3.948048e-06 0.013225667 0.0017270452 0.28574023 8.225983e-06 1.572898e-06 0.22105473 0.024739198 3.6667082e-06 0.041007407 0.051009044 4.8375324e-07 0.0013012268 0.0071812477 0.0039517963 0.005928992 9.2188775e-06 8.293698e-07 0.17653129 0.10621175 0.087766774 0.0016679043 1.5028054e-05 0.00015465688 3.2590644e-06 4.455244e-05 0.076037586 8.0080514e-07 1.3463483e-05 2.3441635e-06 0.049833138 0.01607537 0.057729643 2.155373e-05 0.033862285 0.013368589 1.2419926e-05 4.3572663e-07 4.3646423e-06 0.028553875 2.06907e-06 0.008559524 0.052509766 0.00027666232 8.825603e-06 0.000120495504 2.4090275e-07 5.155546e-07 1.7048107e-07 1.1300477e-06 1.324401e-07 0.00027438896 0.00016786437 3.4864647e-07 1.340765e-06 1.06659826e-07 0.054293334 0.10885256
0.61652005 0.11405455 0.07774102 0.0084637925 0.24217854 0.0054073045 0.010861374 0.07232674 0.02051448 0.013031536 0.004108718 0.3104136 0.014916363 0.31368265 0.0043491945 0.006679413 0.004769607 0.36632404 3.4346412e-17 0.0033741342 0.0038489932 0.0034051312 0.18524887 0.003123087 0.003224813 0.0031130037 0.003919806 0.003391091 0.005074618 0.0014128165 0.00087515166 0.0044835247 0.62925524 0.0007673816 0.050506342 0.0012842364 0.00014319364 0.0013181268 0.0061207986 0.00041379232 0.024843538 0.0005862681 0.003264563 0.00014240446 0.002658859 0.00029402704 0.18950807 3.0980027e-05 7.070914e-06 0.7004311 0.0029721204 0.00015012779 0.0042999475 0.10050251 3.6604401e-06 0.0015062456 0.012080122 0.0060062 0.0076136147 4.5695604e-05 3.313457e-06 0.06166933 0.43483663 0.4361544 0.0027230335 0.00020483902 2.0308968e-05 2.217999e-05 1.1994077e-05 0.009702866 2.0443922e-05 2.1988124e-05 3.928954e-05 0.36546233 0.00182859 0.24462369 9.1660186e-05 0.0106526725 0.0042328467 1.0237918e-05 1.3231223e-05 7.166104e-06 0.009058593 1.7875001e-06 0.0002157778 0.09889816 0.0007671291 1.3061383e-05 0.0008158734 5.03157e-06 7.897187e-07 4.6247023e-06 1.1624586e-06 1.7943685e-07 8.0264783e-07 0.0010825129 1.1258128e-06 6.0885136e-06 3.5138095e-07 0.041537654 0.023404745
0.06272314 0.039135225 0.061559312 0.177607 0.0054846373 0.16498275 0.103473075 0.03034676 0.15365021 0.38364685 0.50550723 0.0028205714 0.07593694 0.0010287289 0.5327165 0.23588738 0.49797276 0.00041554958 0.0033741342 4.31218e-25 0.20890597 0.17920694 0.0011111439 0.39483735 0.15319243 0.69014376 0.060883816 0.23791532 0.45451534 0.0790913 0.4217159 0.19047567 0.0012079183 0.23127566 0.006681936 0.1704716 0.06909004 0.027982073 0.122161396 0.018986275 0.0282177 0.09197286 0.121084854 0.023487985 0.048384666 0.010110058 1.5071543e-05 0.001547967 0.00075607514 7.494669e-05 0.017022904 0.0044007865 0.009127251 0.00094311184 0.00034008006 0.0123201385 0.011344334 0.01776083 0.0046953005 0.0006882009 0.0004468667 1.7933678e-05 3.8411403e-05 2.5673917e-05 0.02760742 0.0036719663 0.0018975179 0.0014808414 0.0013868662 2.6330197e-05 0.00033840013 0.00082250853 0.0010291858 3.3753717e-05 0.00033591804 5.0110643e-06 0.0011139567 1.4529742e-07 7.4939855e-08 0.00051374285 0.0003644188 0.00045666963 8.985565e-08 0.00023597185 9.997419e-06 0.00069178443 0.0018728919 0.00070905394 0.0012520795 2.0577758e-05 6.501491e-05 0.00010983751 3.9795534e-05 0.00020197027 1.6048647e-06 0.00094281277 2.1726008e-05 0.0002045587 0.00015094379 0.0003562606 0.00021736506
0.78540295 0.06985274 0.047479354 0.10735749 0.012477954 0.15437531 0.23930047 0.03252135 0.08250161 0.15663327 0.3160697 0.004567381 0.04423676 0.0017645418 0.09978808 0.66782343 0.08760362 0.001872516 0.0038489932 0.20890597 6.761477e-19 0.6429173 0.0014326659 0.04929051 0.54519254 0.24457894 0.020070007 0.073053844 0.20150276 0.29816863 0.27694035 0.07615542 0.02134333 0.11413385 0.07940743 0.10713419 0.055449184 0.31606585 0.06287137 0.18143693 0.003760825 0.06950883 0.06505255 0.12590261 0.018126821 0.16240436 4.2268803e-06 0.018560862 0.014099025 0.00059774716 0.0043558236 0.014415141 0.0023728623 0.036550697 0.012004257 0.0054910644 0.22015268 0.2202856 0.1638372 0.0070708366 0.006707535 1.9705649e-05 0.000276003 0.0004343478 0.009898003 0.03642254 0.014165928 0.020619249 0.0053708917 9.674822e-05 0.0026282948 0.0018263329 0.0069999117 0.0012484518 0.00033584755 0.0011091523 0.0070778127 4.435972e-06 3.9701374e-07 0.00036252307 0.00090667343 0.017242549 4.128874e-06 0.00018800923 3.9037655e-05 0.01396135 0.09755126 0.00060752337 0.057440888 0.00043672955 8.101846e-05 0.00011741554 0.00012253586 0.0140027935 4.6600408e-06 0.023296965 0.00013556075 0.012325772 0.015595806 0.0018664266 0.00033485214
0.8169253 0.056809563 0.042526715 0.07145076 0.0104599 0.10499489 0.12883705 0.036108963 0.06212298 0.13227472 0.23799211 0.004085916 0.035412975 0.0017761686 0.089465484 0.4431284 0.07998983 0.0016744004 0.0034051312 0.17920694 0.6429173 5.321132e-19 0.0012801714 0.051084023 0.38613564 0.22987092 0.016764313 0.07597878 0.21556106 0.43388286 0.31125087 0.08455522 0.011304095 0.1289881 0.057585128 0.1264394 0.084697016 0.3062576 0.09944725 0.20404105 0.0056766886 0.09606621 0.11645497 0.16520852 0.016437536 0.19224784 8.662332e-06 0.031045772 0.023845281 0.0005584851 0.006211812 0.030414982 0.0029690538 0.034647856 0.026679799 0.008346495 0.18209565 0.20116717 0.15554921 0.013192033 0.015074363 3.7061094e-05 0.00048254908 0.0009907013 0.015355546 0.06132235 0.02279949 0.037216607 0.011676503 0.00011219094 0.0055661113 0.0052750898 0.01347443 0.0014750252 0.0003026112 0.0015266519 0.010662816 4.2540605e-06 8.5133314e-07 0.0013146386 0.00256285 0.028169654 4.245108e-06 0.0013801986 2.003132e-05 0.015189086 0.1416552 0.0011766853 0.08759484 0.0016316168 0.00036161614 0.00043420185 0.0003792378 0.021113766 3.1867303e-06 0.03177876 0.00029410192 0.022359708 0.03676989 0.0010201497 0.00024107387
0.023157088 0.116397865 0.103988096 0.0187431 0.24512492 0.007385406 0.016016006 0.19715047 0.02272687 0.007253574 0.0013923832 0.4003994 0.08302533 0.49838176 0.0043591894 0.0034764153 0.0047051664 0.5948764 0.18524887 0.0011111439 0.0014326659 0.0012801714 6.115597e-19 0.00530314 0.0017436716 0.000742994 0.046751 0.004810494 0.0011291171 0.00020585656 0.00015801871 0.003905915 0.0618577 0.00016514734 0.018535618 0.0001851018 2.1380509e-05 0.0010866605 0.0005099355 0.000271004 0.18107402 4.8984974e-05 0.00036856782 3.9651655e-05 0.015991844 0.00029083222 0.11611732 8.037869e-05 2.814253e-05 0.04990409 0.029463856 5.328594e-05 0.03841136 0.020078301 8.978917e-06 0.002891863 0.0058943247 0.0027665442 0.0026718418 4.9049206e-05 6.008491e-06 0.17438379 0.029775437 0.025171146 0.0016788159 0.00020909416 0.00026285026 2.2954091e-05 9.84654e-05 0.073258296 1.2393517e-05 5.460501e-05 1.2765582e-05 0.013393748 0.024441553 0.011038835 7.1335824e-05 0.019689055 0.005219178 2.8616505e-05 5.5354813e-06 1.7899265e-05 0.015058241 5.7264674e-06 0.007718688 0.018259542 0.0003014904 2.058712e-05 0.00010845324 5.728237e-06 7.9819597e-07 2.0078933e-06 9.822717e-07 1.2836267e-07 0.0005020629 0.00048625236 2.7052587e-07 1.2814685e-06 1.4991238e-07 0.02438746 0.032722317
0.0026011867 0.03652374 0.18723309 0.076750845 0.016507482 0.058703 0.033115678 0.14363329 0.19813031 0.38806924 0.3117505 0.020023573 0.21836677 0.009428065 0.4768889 0.04038352 0.4793891 0.0038305009 0.003123087 0.39483735 0.04929051 0.051084023 0.00530314 1.4796348e-24 0.024770662 0.18110509 0.2382515 0.48523793 0.34726283 0.0076303924 0.03869857 0.45510605 0.0013911375 0.028768094 0.0022758872 0.06455808 0.010274289 0.0048108357 0.1358038 0.0022901068 0.061051812 0.026206532 0.09988512 0.0014481561 0.12655786 0.0012809779 0.00028681464 0.0011047102 0.00063654064 0.00011796888 0.06359486 0.0018669883 0.01994254 0.0018857478 0.00051301776 0.078085676 0.0048896186 0.00492677 0.0019445969 0.00034545065 0.00032304198 0.00016449706 0.0002807486 0.00027509456 0.062374808 0.0005633259 0.0002546427 0.00027031507 0.00017501906 0.00016755234 8.124415e-05 9.163274e-05 0.00019662181 6.534735e-05 0.005272027 1.34265165e-05 0.00014161896 1.0415582e-06 5.620827e-07 0.00011584094 3.020782e-05 4.963065e-05 9.917504e-07 0.00011946058 7.4210206e-05 0.00039697625 0.00057247834 0.0021592574 0.0008227168 4.365504e-06 3.8222664e-05 2.45043e-05 2.9111008e-05 6.8844606e-06 7.998294e-06 0.0013979597 9.749223e-07 1.6126132e-05 1.4013037e-06 6.789206e-05 0.006251019
0.9542006 0.0388987 0.051161848 0.07293611 0.0056513385 0.11847966 0.2674492 0.037210327 0.065975726 0.09964721 0.21680792 0.0059037423 0.023729637 0.0019189508 0.0692402 0.7587339 0.05790249 0.0008404184 0.003224813 0.15319243 0.54519254 0.38613564 0.0017436716 0.024770662 1.9909672e-17 0.18045563 0.0073792287 0.036623087 0.109846 0.26764163 0.15475924 0.03808738 0.035695303 0.0620916 0.17958306 0.055229034 0.031045105 0.49288595 0.029637577 0.18316984 0.0021232567 0.037457112 0.030904135 0.101776816 0.007993315 0.1585125 8.1816637e-07 0.0043731406 0.0031522876 0.0005252157 0.0043823174 0.0077387425 0.002321074 0.052230105 0.0034276189 0.0026414883 0.35873476 0.37556583 0.22360314 0.0028592583 0.0018682048 1.3374758e-05 9.687941e-05 0.00021895688 0.0029409758 0.050969545 0.007884294 0.031376094 0.0033589804 0.00013520982 0.0011639469 0.00051835243 0.003993625 0.0007705338 0.00047209152 0.0014420626 0.0048147137 2.714869e-06 1.7718845e-07 0.00016276228 0.00030056768 0.013193285 3.6725419e-06 3.2838663e-05 0.00010248277 0.016392171 0.12291875 0.00010609967 0.1133791 0.00030031928 1.1923585e-05 6.6268454e-05 2.3062703e-05 0.014733538 3.562015e-06 0.045120396 7.439835e-05 0.020257868 0.013723143 0.0038513634 0.0003625869
0.06710055 0.017804557 0.022449763 0.09007734 0.0032876737 0.093275696 0.05508145 0.016742568 0.05100076 0.13351776 0.32512066 0.0018937687 0.04616602 0.00084006425 0.24618627 0.20261107 0.24324639 0.00034917475 0.0031130037 0.69014376 0.24457894 0.22987092 0.000742994 0.18110509 0.18045563 1.1335756e-24 0.035786744 0.18139659 0.51677716 0.1338582 0.61599934 0.16874436 0.0005201451 0.5613602 0.0033474837 0.37497365 0.37804434 0.035424605 0.16052091 0.052223925 0.0154659115 0.27088043 0.20054947 0.0697505 0.035793193 0.02315627 1.0159263e-05 0.011560505 0.011509384 1.7760685e-05 0.00944802 0.03452186 0.008229573 0.000361118 0.003030687 0.011002891 0.007237788 0.012396993 0.0031795483 0.0033185033 0.0016788174 1.0716422e-05 2.2818025e-05 1.7688608e-05 0.028001001 0.0076679275 0.0052782777 0.0025937518 0.0037842495 2.7628013e-05 0.0011874766 0.002702652 0.0034689484 1.856048e-05 0.0003713215 1.6924388e-06 0.0045778295 1.2362848e-07 5.9765384e-08 0.0015249472 0.0011735263 0.0016380895 9.141963e-08 0.001279139 7.852971e-06 0.0004107466 0.0025646084 0.0012545411 0.002098779 0.00024525632 0.0003420942 0.0005524157 0.00013685295 0.00063665415 1.5528262e-06 0.0013250088 4.9919017e-05 0.00064710045 0.0007817065 0.00012762145 0.0002319964
0.002769943 0.08242038 0.1810229 0.041637234 0.053496886 0.036487672 0.024084048 0.27011794 0.11419244 0.091120586 0.055508338 0.049775057 0.53337646 0.036257524 0.13981175 0.014308459 0.16670148 0.034062415 0.003919806 0.060883816 0.020070007 0.016764313 0.046751 0.2382515 0.0073792287 0.035786744 6.3851965e-20 0.17811902 0.063139096 0.0024066397 0.0041457145 0.14766425 0.004685585 0.006608843 0.0038860296 0.012953074 0.0012173596 0.0024015028 0.029470405 0.0011192858 0.36664015 0.005134429 0.018244449 0.00046175762 0.39442787 0.0009235223 0.0031857947 0.00027633697 0.00012893963 0.0013975697 0.3595702 0.00084138924 0.19453827 0.0037354208 3.6405527e-05 0.19395608 0.009014598 0.006121222 0.0028104822 5.5820874e-05 7.927923e-05 0.009382031 0.002461957 0.0038468316 0.0965426 0.00016893797 0.00078527624 7.3235788e-06 0.0002110102 0.004895423 1.3363577e-05 6.382536e-05 4.2096006e-05 0.001622346 0.07506321 0.00053812045 0.0003778305 0.00020776299 0.00010765677 0.00015850955 2.2514108e-05 7.684908e-05 0.00019816395 6.8896654e-05 0.012516043 0.00287663 0.0008216833 0.0027059866 0.0006354874 2.399179e-06 2.1081481e-05 1.480883e-05 1.5744596e-05 2.3466707e-06 0.0024959226 0.00065157213 1.2099651e-06 0.00012731523 5.3963927e-06 0.0014619548 0.006278032
0.005542344 0.024152838 0.06598496 0.038876 0.013871792 0.037678737 0.01967371 0.051687256 0.08062462 0.15002413 0.13142788 0.013128859 0.12168205 0.0047500804 0.2625871 0.045561697 0.27962893 0.0028879605 0.003391091 0.23791532 0.073053844 0.07597878 0.004810494 0.48523793 0.036623087 0.18139659 0.17811902 1.3940154e-21 0.41645202 0.025132624 0.069116496 0.5912986 0.0011565124 0.07519222 0.0016284022 0.1950452 0.038708396 0.016432013 0.32075328 0.007952845 0.08714418 0.08557022 0.2399367 0.008574917 0.13595201 0.0063607953 0.0004700336 0.0038324445 0.002879331 0.0003036143 0.06729007 0.012441758 0.027402867 0.0021529077 0.0016630917 0.09339633 0.0064252014 0.006193265 0.002342081 0.0013820688 0.0008136453 0.0010080775 0.0006852077 0.00088982604 0.17458299 0.0005189767 0.001460775 0.00014249698 0.0012823568 0.0007147702 0.00026133234 0.0009312947 0.0005632459 0.000159766 0.0035241563 1.6024873e-05 0.0006782606 3.894802e-06 1.5782937e-06 0.0010672603 0.00011139008 0.00045441947 2.8447869e-06 0.0017518756 3.0108828e-05 0.0008032716 0.0007785007 0.012834242 0.0017273811 2.9446435e-05 0.00049776287 4.1164603e-05 0.00045167096 0.00014859355 3.1390115e-05 0.0017243698 7.2647713e-06 0.00042685014 0.00013670162 0.0002763923 0.004672918
0.013406955 0.041711215 0.07762381 0.075320765 0.011397482 0.06547805 0.036314983 0.043006707 0.086448625 0.2329529 0.25586483 0.0044101747 0.09008803 0.0019924154 0.3107621 0.11503348 0.29985702 0.0011421436 0.005074618 0.45451534 0.20150276 0.21556106 0.0011291171 0.34726283 0.109846 0.51677716 0.063139096 0.41645202 6.4338955e-22 0.10960768 0.41267228 0.46532902 0.0008221654 0.3486871 0.0013828988 0.4337881 0.22367278 0.037751555 0.42299342 0.03388835 0.026473563 0.2777068 0.396622 0.02738877 0.060983565 0.0236479 0.0001895955 0.014607842 0.011879279 0.00020497951 0.018016554 0.05274431 0.013335538 0.0010325786 0.005988726 0.038587272 0.00947775 0.007663764 0.0024298932 0.004356629 0.004019143 0.00018395601 0.00018950764 0.00020397505 0.118211836 0.0029053765 0.006624962 0.0009793824 0.004631164 0.00022202921 0.0011889287 0.0026265506 0.0030551823 4.3563647e-05 0.00080764154 5.439765e-06 0.004041955 1.0021125e-06 3.4428243e-07 0.002938636 0.0005148889 0.0021886337 8.975403e-07 0.004770335 7.747009e-06 0.00072311674 0.0013628217 0.00951544 0.0029737651 0.0002623499 0.0010600339 0.00020164136 0.00073506165 0.00071856077 4.4825535e-07 0.002752276 3.8726437e-05 0.0013009519 0.0008272457 2.6093048e-05 0.0023579584
0.8670389 0.0025592844 0.0076979795 0.015988246 0.0007911533 0.01812656 0.017356252 0.006586487 0.00806402 0.021211049 0.071325496 0.00077384105 0.004885563 0.001158352 0.012491122 0.13897815 0.010662471 0.00074836373 0.0014128165 0.0790913 0.29816863 0.43388286 0.00020585656 0.0076303924 0.26764163 0.1338582 0.0024066397 0.025132624 0.10960768 3.4100283e-19 0.28066945 0.032780968 0.0016809386 0.13882525 0.011230269 0.14088166 0.16565716 0.43853548 0.064637534 0.615512 0.0017847593 0.13225421 0.09212657 0.70188683 0.0012603054 0.5215569 4.214276e-05 0.14244317 0.1577036 9.921204e-05 0.0008048002 0.09990741 0.0008634266 0.002211733 0.24916579 0.0004551253 0.07869385 0.13051504 0.026863137 0.06614121 0.12774512 4.286152e-05 0.00024641215 0.00027745526 0.0032282872 0.29008788 0.12762736 0.1714401 0.054869536 0.00013965664 0.02748853 0.008507208 0.06440854 0.00028667 6.656876e-05 7.6611694e-05 0.030945683 2.7546703e-06 1.2511221e-06 0.0025579934 0.00668162 0.09470139 2.4826827e-06 0.0010577122 9.625621e-07 0.00090546755 0.13333355 0.00029028853 0.14737903 0.0074578538 0.00023765868 0.0024509218 0.00016269136 0.07462399 2.5153083e-08 0.05744679 0.00092481304 0.05995129 0.10472327 2.0080726e-05 2.11491e-05
0.037951764 0.0047427504 0.0076974537 0.035517745 0.00096881314 0.03398753 0.010986329 0.0046053394 0.009991558 0.031610105 0.15208282 0.00060049223 0.01231242 0.00024255556 0.049135998 0.09623165 0.033204928 8.0342055e-05 0.00087515166 0.4217159 0.27694035 0.31125087 0.00015801871 0.03869857 0.15475924 0.61599934 0.0041457145 0.069116496 0.41267228 0.28066945 5.9687236e-23 0.08409929 9.667563e-05 0.6363951 0.0007455646 0.42072693 0.53542185 0.07871856 0.10398985 0.17731781 0.002178681 0.38068685 0.17431599 0.20747072 0.007977109 0.12078881 1.4745167e-06 0.17570402 0.19018966 1.559825e-05 0.0005357611 0.21165943 0.00075427425 7.4949836e-05 0.060501296 0.0025681925 0.004450749 0.006605736 0.0011097544 0.03258204 0.02395229 1.7002005e-06 3.7657592e-06 4.575659e-06 0.010755499 0.009751243 0.010691189 0.002990948 0.013173138 1.9140416e-05 0.009773526 0.014430696 0.013076222 4.766008e-06 4.464563e-05 7.203511e-07 0.011751933 1.198533e-07 8.765836e-08 0.0036444317 0.004746947 0.006376586 1.3400089e-07 0.0017576825 6.895877e-07 7.468498e-05 0.0032213565 0.00049431546 0.002913548 0.001953586 0.00034455463 0.0022756227 6.1549305e-05 0.0016855216 3.509151e-09 0.0045211487 0.00023279538 0.00248447 0.0038165117 2.3181549e-06 0.00042155763
0.005225951 0.024156714 0.059979636 0.03141872 0.014590084 0.034348816 0.013884597 0.052960146 0.0670169 0.13372788 0.113981396 0.010185147 0.10845476 0.0041688685 0.20355666 0.042671595 0.21836264 0.0026129207 0.0044835247 0.19047567 0.07615542 0.08455522 0.003905915 0.45510605 0.03808738 0.16874436 0.14766425 0.5912986 0.46532902 0.032780968 0.08409929 7.101276e-21 0.0012298496 0.09646559 0.0017938811 0.2498288 0.054487243 0.023146624 0.4048871 0.011977927 0.07770884 0.12339089 0.32821566 0.011231283 0.109508075 0.009153619 0.0005378021 0.005868543 0.004195859 0.0003840622 0.048609085 0.016890151 0.023163626 0.0017580078 0.0026264593 0.08943518 0.0061920336 0.0050408156 0.0019920345 0.0022420287 0.0013848196 0.0015570117 0.0008097964 0.0013232738 0.1922282 0.00059233344 0.002579228 0.00012850678 0.001974573 0.0006426767 0.00050501386 0.0016857411 0.00097389455 0.00028549245 0.00251133 2.0981717e-05 0.000989813 4.2616657e-06 2.7325714e-06 0.0016172853 0.0001566001 0.0008681743 2.5706343e-06 0.0032777635 2.0877784e-05 0.0006171762 0.00068197097 0.018634023 0.0017229406 4.2243235e-05 0.0009919539 4.1309246e-05 0.0011214126 0.0003710521 1.4306841e-05 0.0024131401 1.1056049e-05 0.0008307358 0.00028689508 9.782631e-05 0.006553968
