2.3580244e-34 0.015217787 0.009788012 0.0014327684 0.0013613558 0.00237248 0.08205485 0.007053612 0.007986373 0.0014094508 0.0011349929 0.0031916 0.20610659 0.068834655 0.0014202165 0.14962475 0.0012636771 0.028016608 0.019299576 0.39154607 0.378212 0.002427607 0.89729863 0.0023404297 0.0017842071 0.029234422 0.0004990867 1.1034734e-06 0.040340547 0.12461631 0.0008450533 4.1196014e-07 0.21497093 0.08173309 1.5879753e-07 6.209922e-05 0.15044037 0.16467991 5.3332833e-08 0.3687642 0.227222 0.51029086 7.174354e-05 0.6577998 0.047397558 6.721568e-05 0.5452917 0.017797444 8.698653e-07 1.8019336e-06 0.0052372394 6.0589984e-05 4.8398262e-05 0.044543926 0.71559733 0.797079 0.0032075157 0.028841177 0.6769506 0.49785113 0.74071807 0.0012713426 0.004519413 0.5487914 0.9559536 0.017981855 0.93568915 0.000390698 0.00013063756 0.7435911 0.09272945 0.010515696 0.93480885 0.9809906 0.45215088 0.74941605 0.00040307725 0.14858375 0.95600086 0.088676184 0.0003817294 0.9272625 0.7466701 0.9988852 0.93328637 0.15636809 0.59357804 0.999435 0.0783663 0.9987469 0.39583167 0.9219558 0.5572346 0.78955823 0.9963468 0.9994595 0.2065521 0.99979085 0.9994242 0.9675184 0.9976472
0.015217787 4.2598413e-19 0.758279 0.7185397 0.6278648 0.3222411 0.3545401 0.30272976 0.12542947 0.101051286 0.4270005 0.24384187 0.047249075 0.026328096 0.47492126 0.073134564 0.05684205 0.07555954 0.4712877 0.025952576 0.03948392 0.07881562 0.49927917 0.10338453 0.03574242 0.17776385 0.06541195 0.0028456433 0.055234455 0.062005665 0.031935737 0.0015388016 0.015916856 0.01482523 0.00013061863 0.0066752 0.015266876 0.011056202 0.00083526666 0.007150993 0.01156887 0.009580143 0.005955763 0.15940218 0.02473566 0.021201674 0.11046437 0.004369876 0.00016927456 0.00036459364 0.033619415 0.0073388806 0.0011980463 0.007865522 0.005839621 0.030716445 0.0019519222 0.0021995634 0.0027188573 0.007255296 0.018577399 0.0004170596 8.783104e-05 0.0047604432 0.00038379728 0.00043880986 0.022480307 0.0033483792 0.0006594837 0.00384348 0.0009320322 0.0014739002 0.01430575 8.742006e-05 0.0009510274 0.0070668655 0.0002877113 0.004781418 0.006127127 0.0035013645 0.000115315066 0.0033788402 0.009819872 0.008798242 0.0011470923 0.010643416 0.0048075407 0.003638153 0.005950872 0.014412741 0.00026209457 5.162341e-05 0.00019722825 0.010605076 0.00037093108 0.015122996 0.007233592 0.0027951659 0.0035602578 0.00513773 0.00028059923
0.009788012 0.758279 2.4335726e-19 0.33309087 0.21654904 0.22943528 0.6755749 0.120325714 0.13708027 0.05565685 0.03199408 0.037739325 0.041233297 0.04011573 0.09238033 0.13049321 0.00722717 0.033433076 0.33242476 0.03205403 0.055283695 0.028434018 0.6181185 0.02406727 0.012720698 0.22281896 0.0317752 9.1241556e-05 0.05515982 0.06487975 0.0079860035 3.8354043e-05 0.015667152 0.018277137 2.7601955e-06 0.00022023644 0.033616625 0.0158903 3.579343e-05 0.011657287 0.017872548 0.019616596 0.00018927899 0.21234381 0.03504489 0.0017924805 0.18814653 0.0069109905 5.380324e-06 1.7338061e-05 0.001037429 0.0002226114 4.8296963e-05 0.00039596696 0.0069307517 0.10228475 4.5923745e-05 0.002007998 0.004039706 0.016168628 0.023195172 1.3750031e-05 8.019718e-06 0.005454051 0.0015961272 0.0001273519 0.07503823 0.0001848702 4.3057844e-05 0.0037513142 0.0002821941 0.00058105675 0.030935965 4.4889064e-05 0.00013853244 0.004720137 0.00020236726 0.0019256956 0.01275184 0.00021232555 0.00016668024 0.00069335976 0.0017600494 0.003611719 0.0009772119 0.0045727068 0.0032441504 0.0023646476 0.0007235552 0.051489886 6.586044e-05 0.00017007311 6.955373e-05 0.008858981 3.7328155e-05 0.0060619432 0.0033858432 0.004874766 0.0020062858 0.011336098 0.00077501277
0.0014327684 0.7185397 0.33309087 2.9706594e-21 0.7125183 0.28106037 0.23339859 0.27053687 0.12706318 0.11430875 0.4713604 0.30907342 0.04560779 0.022575404 0.2974797 0.050080888 0.111759745 0.043858744 0.08618811 0.01655572 0.027108364 0.050746784 0.1419241 0.04659408 0.022776812 0.019497728 0.017432801 0.003728977 0.012660421 0.017488066 0.028745707 0.0020603335 0.012384457 0.009729862 5.2579173e-05 0.0034685829 0.011301767 0.0047600963 0.0014866266 0.004072184 0.004691713 0.005450172 0.001563163 0.015631663 0.0019069951 0.0043321145 0.01358182 0.00014017984 4.9570855e-05 0.000100566824 0.004559421 0.0010786118 0.00027105157 0.000589251 0.002039454 0.008248304 0.00025423363 0.00016585524 0.00071801443 0.0020186189 0.0019736683 9.670439e-05 9.772248e-06 0.0004200992 0.00046287838 5.857542e-05 0.0024052595 0.00057316886 1.9833724e-05 0.0018264505 0.00047065326 0.0002605728 0.0008097941 6.007176e-05 5.131873e-05 0.00069020194 9.653035e-05 0.0015772354 0.0006167307 0.00042892763 3.3210865e-05 0.0013568156 0.0008068836 0.0006980748 0.000977457 0.0024803649 0.0026057367 0.00049822405 0.001431789 0.0012432263 0.00010670974 1.9209485e-05 8.3866056e-05 0.004689561 2.8417922e-05 0.0019545178 0.0007957202 0.00044696155 4.702369e-05 0.0013345723 8.985741e-05
0.0013613558 0.6278648 0.21654904 0.7125183 5.5855805e-22 0.23352471 0.18033315 0.28128016 0.0992146 0.12076615 0.73834467 0.44839436 0.04340871 0.017474756 0.44148535 0.041096695 0.2094769 0.04713128 0.09717919 0.015615943 0.018578568 0.051834203 0.08156844 0.056765173 0.030362379 0.009377316 0.029542096 0.00850141 0.0074443133 0.010115666 0.057121355 0.005968269 0.010461277 0.006357811 0.00050999335 0.0115532745 0.005699673 0.004031776 0.0051133432 0.0024164217 0.002553386 0.0033331409 0.0029416084 0.009652465 0.00080167246 0.004843916 0.007869105 0.000119201344 9.139527e-05 0.00019348305 0.016043322 0.0007001356 0.00047691038 0.0004936794 0.00095521595 0.004929496 0.0002466602 0.00013530177 0.0005541504 0.0018166839 0.000976495 9.444217e-05 6.278208e-06 0.00034980132 0.00044695454 5.4323806e-05 0.0010096416 0.0002126662 8.008193e-06 0.0010034645 0.0004322394 0.00016189858 0.0003189385 6.295982e-05 2.3581424e-05 0.0005701608 4.9698992e-05 0.0024321212 0.00040508763 0.00067942234 1.3262173e-05 0.0007071979 0.00047671463 0.0005384885 0.0007516013 0.0024157562 0.0023235213 0.0006346413 0.0016696351 0.0019029402 0.00030533387 1.843015e-05 0.00013296818 0.0043025976 2.0901292e-05 0.0029788613 0.0014036819 0.0007143345 0.00034524236 0.0013833459 9.8484474e-05
0.00237248 0.3222411 0.22943528 0.28106037 0.23352471 2.8749913e-22 0.5903356 0.6787597 0.5100171 0.44798422 0.10693653 0.24762753 0.26663083 0.11192279 0.013192441 0.1250755 0.057758827 0.18551372 0.015504921 0.083192505 0.07150102 0.11865495 0.22633599 0.0724957 0.052783888 0.0050450983 0.0012059448 0.0034620713 0.004030198 0.009493862 0.037775017 0.0012881778 0.039032746 0.03166596 5.7631947e-05 0.0032271037 0.027479937 0.015150264 0.0003944646 0.017211104 0.017230967 0.014040002 0.0020138568 0.019617373 0.00071896415 0.005099 0.0114499545 5.5579127e-05 6.510587e-05 0.00016075914 0.00020604297 0.0008224728 0.00020320133 0.0007255684 0.010486628 0.013304854 5.5199704e-05 0.00012588274 0.0033372343 0.0041026236 0.013216048 2.7668095e-05 9.179066e-06 0.00015685002 0.0018802966 8.613668e-05 0.0052617476 7.271561e-05 8.248678e-06 0.0017165418 0.00013702964 0.0002747828 0.0011803263 0.00012410473 5.2615793e-05 5.912769e-05 3.063692e-05 0.00016708497 0.00030580157 9.444632e-05 1.46123e-05 0.000625208 0.00021221359 0.00031211323 0.00061335135 0.00037946936 0.00055804587 0.0003990805 0.000113971495 0.00020543336 1.2891226e-05 8.832528e-05 1.6630544e-05 0.001224022 2.2989732e-05 0.0007589684 0.000190874 0.00037904855 8.942889e-06 0.000120245706 3.6398895e-05
0.08205485 0.3545401 0.6755749 0.23339859 0.18033315 0.5903356 2.5628026e-22 0.5773194 0.7648913 0.38978556 0.035365377 0.14921932 0.6971327 0.63051254 0.0059245946 0.5526303 0.01988378 0.4025041 0.021973057 0.36730242 0.2721236 0.14842911 0.6420787 0.06353049 0.060022485 0.0139505295 0.001307334 0.0016819481 0.011799228 0.018382384 0.018212957 0.0005528455 0.10635928 0.06931553 1.7595215e-05 0.00046428913 0.064423785 0.023984354 0.00071727124 0.0355734 0.04156699 0.057548724 0.0026823794 0.1800355 0.0022077903 0.0044935243 0.05074662 0.00031154908 2.3472718e-05 0.00026973 0.0001520747 0.00031726484 0.00017486606 0.0011563724 0.0505454 0.088267975 2.9582981e-05 0.00010227344 0.012280816 0.037867833 0.09573266 3.374792e-05 8.775933e-06 0.00040329216 0.015084594 0.00019652209 0.057136532 0.00012484785 9.282223e-05 0.0054929415 0.00016518372 0.0004890936 0.008547496 0.00038234057 4.1589945e-05 9.4154035e-05 1.7977274e-05 9.379394e-05 0.004197512 4.266647e-06 1.6553262e-05 0.00026932207 0.0008083482 0.0018150224 0.00033794637 0.00024211414 0.00035616293 0.0026355875 3.7450427e-05 0.0021694922 3.6560457e-05 0.00014683507 5.4551194e-05 0.0011491058 2.0823638e-05 0.0021747972 0.00012597388 0.00106156 0.0001274682 0.00021418622 0.0005441563
0.007053612 0.30272976 0.120325714 0.27053687 0.28128016 0.6787597 0.5773194 1.05496653e-22 0.6601853 0.7756909 0.26192078 0.5999681 0.49528292 0.13631709 0.0075494573 0.116900794 0.29723924 0.40673488 0.009620649 0.13315432 0.07432865 0.3351777 0.27127603 0.24471208 0.15584692 0.0021974691 0.00029655788 0.014977914 0.0026700317 0.0041501014 0.16358167 0.00589344 0.05847751 0.04177313 0.0008209294 0.041314874 0.03570103 0.024584183 0.0024253635 0.029464811 0.01959374 0.018390305 0.011371452 0.011529362 0.0003536809 0.016061971 0.0046706614 1.6682281e-05 0.00041664916 0.0012345467 0.00028218253 0.0023688187 0.0017827197 0.0033783845 0.014611026 0.01030553 0.0007838594 6.11276e-05 0.010977259 0.0037613732 0.012777709 0.00021067864 4.4472545e-05 8.6656e-05 0.0030298517 0.00014696803 0.0023063761 0.00016498503 2.822405e-05 0.0024148324 0.0002631279 0.0003510497 0.00048977433 0.00051952514 0.00034407846 8.638989e-05 3.0452353e-05 0.00018473923 0.0001295106 2.9427516e-05 1.4790863e-05 0.0008861477 0.00041740978 0.00023254707 0.0020530978 0.0001361305 0.0008375795 0.0007880411 8.101568e-05 2.5054725e-05 3.5074685e-05 0.00062732014 5.873109e-05 0.0012006775 3.1304193e-05 0.0005713153 0.00011812164 0.00026324636 6.1523388e-06 1.08248905e-05 2.4873836e-05
0.007986373 0.12542947 0.13708027 0.12706318 0.0992146 0.5100171 0.7648913 0.6601853 5.8842594e-24 0.54079616 0.031459335 0.17536601 0.74577284 0.4554747 0.0022819084 0.17098205 0.03575783 0.48891765 0.004322138 0.2556612 0.08814638 0.26985642 0.15643093 0.12158943 0.103022255 0.0029187193 0.00026445292 0.0015592243 0.0021518057 0.003571383 0.044277858 0.00050314766 0.08914372 0.076980606 4.0181967e-05 0.0028372956 0.04205913 0.03470472 0.00040253135 0.050214715 0.028986352 0.041430324 0.0047913603 0.013984497 0.0005241134 0.01254869 0.007599524 3.0574512e-05 0.00020657635 0.000792849 0.00016672222 0.0013303147 0.0007450531 0.001968269 0.027734749 0.011973468 0.00019306979 3.090142e-05 0.0144857755 0.01126229 0.020020371 7.9316815e-05 1.5215341e-05 3.2099593e-05 0.0059476662 0.00021699906 0.0051912297 0.00017431393 4.7144797e-05 0.005000317 0.0010362107 0.00085463986 0.0012145666 0.0004983968 0.00017726106 7.954717e-05 1.5317326e-05 1.794165e-05 0.00035294078 5.7421958e-06 1.9018633e-05 0.0005214951 0.00031028743 0.00026431828 0.00053607114 2.405125e-05 0.000104033126 0.0007284071 6.746611e-06 0.00013491126 3.4472698e-05 0.00022016463 7.4244046e-05 0.00054254377 5.912831e-05 0.00033677928 3.7079866e-05 0.00017209085 6.6675775e-06 4.6506816e-06 0.00012779183
0.0014094508 0.101051286 0.05565685 0.11430875 0.12076615 0.44798422 0.38978556 0.7756909 0.54079616 1.6110075e-23 0.08646334 0.39287043 0.4023005 0.11998126 0.005235806 0.07011653 0.14888003 0.32546276 0.0044493168 0.08230889 0.030523555 0.28264394 0.08044252 0.18861133 0.13680613 0.0014932567 0.00024037986 0.0062267017 0.0012928009 0.0023479604 0.13874096 0.0021093467 0.04034155 0.04029722 0.00034433664 0.022651969 0.021289162 0.02886476 0.0009924847 0.027015679 0.010137014 0.014879373 0.011151295 0.0045537567 0.00015409816 0.016749395 0.004492918 4.882088e-06 0.00049494783 0.00074337464 0.00018106552 0.0024050486 0.0010545768 0.0018679295 0.009992735 0.0051440764 0.00040440098 8.079346e-05 0.0053615165 0.0017342634 0.0033350328 6.498571e-05 9.98868e-06 5.5422617e-05 0.001409143 7.0935435e-05 0.0010400967 3.7484406e-05 4.736623e-06 0.0013461263 0.00017697677 0.00017468487 0.0002398708 0.0001883793 4.63303e-05 3.749815e-06 1.389269e-05 7.9771125e-05 3.1218333e-05 2.6499481e-05 4.332403e-06 0.0006046562 0.00011288415 2.5015115e-05 0.0009009953 3.911681e-05 0.00023207672 0.00015110798 1.2037151e-05 1.5301339e-05 7.3936153e-06 0.0002529029 2.0976195e-05 0.0007216786 7.969132e-06 0.00018414049 3.4008393e-05 0.00010692927 2.1280355e-06 5.13907e-06 1.4785081e-05
0.0011349929 0.4270005 0.03199408 0.4713604 0.73834467 0.10693653 0.035365377 0.26192078 0.031459335 0.08646334 5.648321e-21 0.60828805 0.019693453 0.004496692 0.38191727 0.012444927 0.5485449 0.018604618 0.018188259 0.004587234 0.0076521183 0.03803468 0.019197838 0.055336628 0.021292025 0.00060159335 0.009658154 0.10404132 0.00021711936 0.0003339114 0.094949275 0.08945235 0.0016181546 0.00051279814 0.019529322 0.12755287 0.0005989117 0.000480973 0.0864948 0.00022762486 0.0002244368 0.0006870163 0.0032218436 0.0013901987 0.00012926984 0.0027264026 0.0024757106 3.9684717e-05 0.0015095941 0.0016082656 0.009491373 0.00056005054 0.00094407384 0.00011109261 0.00014730185 0.0008617673 5.802001e-05 1.6242291e-05 4.7176098e-05 0.000501259 0.00042153112 1.612415e-05 9.671406e-07 2.5853155e-05 5.3911335e-05 5.845251e-06 0.00020162137 6.178378e-05 3.0551996e-06 0.0007935963 0.000109025896 3.2624837e-05 5.5729335e-05 4.662508e-06 5.697107e-06 0.00015049748 1.2762784e-05 0.00059592345 0.00013470952 0.00020113874 3.016284e-06 0.00015669827 0.00032646826 0.0007246628 0.00015998448 0.00033419556 0.00035096687 0.0004427902 0.00036371153 0.00050910603 8.76106e-05 7.717137e-06 5.4366563e-05 0.0010442113 5.4117074e-05 0.0010609643 0.0002473511 0.0003730876 0.0001618972 0.00012822913 0.000104604376
0.0031916 0.24384187 0.037739325 0.30907342 0.44839436 0.24762753 0.14921932 0.5999681 0.17536601 0.39287043 0.60828805 3.3772306e-23 0.16362613 0.027981648 0.03759015 0.0476911 0.76045364 0.13256171 0.007442678 0.055100888 0.04021909 0.1575436 0.076848365 0.21457754 0.099756464 0.000107576 0.00044124335 0.08997607 7.200943e-05 0.00037510187 0.26082253 0.049991127 0.018674456 0.008298208 0.015625717 0.20188038 0.0018310251 0.005770834 0.033521146 0.004620711 0.0011382822 0.0019841017 0.022408202 0.0018453447 3.2704054e-05 0.011301039 0.00042076138 1.5246469e-05 0.0025929464 0.00466943 0.00045697854 0.0021205854 0.0037318603 0.00026299496 0.002011516 0.0011447957 0.00079029484 1.3210803e-06 0.000581034 0.00052976504 0.0015307477 5.415192e-05 1.2266306e-06 2.5120412e-06 0.00018332989 8.354096e-06 0.00011132414 9.486979e-05 3.4147115e-06 0.00047523715 0.0001783228 3.7693073e-05 3.6070305e-05 2.5114678e-05 8.291769e-07 2.1921114e-06 1.8864455e-05 0.00011747064 4.3466334e-05 4.2183896e-05 2.3129653e-06 0.000100133206 0.00015643919 0.00016569618 0.00016050346 0.0001061845 7.0934286e-05 0.0005534321 7.138938e-05 0.0001193252 3.4102155e-05 1.1447793e-06 9.401528e-06 0.0003123997 3.3679034e-06 0.0007317621 5.779872e-05 0.0002614951 4.326307e-05 7.958826e-06 4.0676212e-05
0.20610659 0.047249075 0.041233297 0.04560779 0.04340871 0.26663083 0.6971327 0.49528292 0.74577284 0.4023005 0.019693453 0.16362613 1.1381356e-21 0.764359 0.00031723912 0.1585027 0.04212215 0.7565935 0.0016665529 0.6050145 0.17293145 0.32902554 0.35664645 0.21685368 0.22769839 0.00068497215 0.000114918956 0.004157121 0.0007096954 0.0014074802 0.10740252 0.0024646258 0.3530262 0.20109671 0.00033283362 0.020549173 0.05625058 0.18600848 0.0019955938 0.148352 0.04855615 0.08579498 0.017828126 0.010917229 4.825677e-05 0.042507023 0.0012258631 3.8271264e-06 0.0013340925 0.003363989 8.2541e-06 0.0082277 0.0039074705 0.01636351 0.096097775 0.008069822 0.0026337183 1.8463529e-06 0.124837115 0.031876463 0.06891807 0.0007051223 0.0002697812 5.834647e-06 0.05272483 0.002029403 0.008916269 0.00030279337 0.0002901078 0.013644368 0.0019033639 0.0012857249 0.0031955545 0.004397137 0.00022820476 9.87099e-06 0.00012350669 1.4893334e-06 0.0006791175 2.5933508e-07 3.861584e-05 0.0010630838 0.0012054758 0.0027384793 0.0010589027 1.1140277e-05 3.700783e-05 0.0047014253 1.382695e-06 0.0001241509 0.00010972151 0.0025546586 0.0001986275 0.00018149428 0.000249177 0.0024231523 4.1307926e-06 0.0006042769 0.0005406897 1.6976577e-05 0.001398371
0.068834655 0.026328096 0.04011573 0.022575404 0.017474756 0.11192279 0.63051254 0.13631709 0.4554747 0.11998126 0.004496692 0.027981648 0.764359 6.880023e-25 0.0003855163 0.35876435 0.008575367 0.17059861 0.0023857066 0.8470124 0.30971077 0.068326786 0.17798908 0.025947426 0.030828688 0.0009987062 6.467577e-05 0.00014752173 0.00075218827 0.0022308258 0.015946066 6.0673945e-05 0.10145187 0.053057894 4.7284807e-06 0.0007275806 0.14031462 0.022934906 6.42905e-05 0.049250547 0.049832158 0.043676715 0.0009816126 0.04490791 0.0001054442 0.004312508 0.007243475 2.06333e-06 1.5617883e-05 5.727694e-05 9.784763e-06 0.0003087434 5.9755675e-05 0.0010733074 0.05142761 0.037745804 3.5881916e-05 5.7758184e-06 0.01728627 0.041222345 0.070516326 1.2635066e-05 2.5161123e-06 1.4702628e-05 0.031623546 7.8472025e-05 0.036273666 2.9966255e-05 1.0936302e-05 0.008970851 0.0008284489 0.0005550119 0.0064382567 0.0015256985 3.0414823e-05 1.3006503e-05 9.026482e-06 1.5424135e-06 0.002826176 3.396042e-07 5.243413e-06 0.00019075569 0.00023357816 0.0045226514 0.00010195354 1.2121173e-05 1.970843e-05 0.0045082793 2.9310731e-06 0.0005977913 9.63109e-06 3.9465325e-05 2.9927725e-05 0.00021184537 3.5502115e-05 0.0027968246 1.6139642e-05 0.0010822872 0.00013774923 5.7108293e-05 0.00043501856
0.0014202165 0.47492126 0.09238033 0.2974797 0.44148535 0.013192441 0.0059245946 0.0075494573 0.0022819084 0.005235806 0.38191727 0.03759015 0.00031723912 0.0003855163 5.7867274e-20 0.0012077687 0.0115764635 0.00025979464 0.6199736 4.582963e-05 0.00032684396 0.0026370897 0.006915144 0.0055648 0.0012534905 0.18549041 0.7785636 0.0017693931 0.014396222 0.010356798 0.0012893159 0.002932719 0.00011350075 0.000103197744 3.0939016e-05 0.00095767586 0.00064129086 0.00013381119 0.0029334058 5.0359362e-05 5.1149374e-05 3.8560564e-05 0.0001675009 0.0038322764 0.0042920937 0.001745168 0.011623247 0.006101732 3.4886005e-05 4.5886663e-05 0.59409034 0.0010959413 8.88707e-05 0.0011244835 9.845968e-05 0.0009140142 0.00037812372 0.0005379534 3.528491e-05 0.00097468577 0.00015361412 4.099739e-05 8.317695e-06 0.0006207657 0.00011697696 7.670329e-05 0.00067502924 0.0014207944 3.0686948e-05 0.001657534 5.026661e-05 3.3998112e-05 0.00038821748 1.2246396e-05 0.00011394889 0.0008459568 9.256388e-06 0.003910887 0.00028190765 0.0045734197 2.0752575e-06 0.00035091265 0.0009810094 0.0021540476 0.0003962032 0.0045266347 0.002947712 0.00067170535 0.005214481 0.0013412824 9.683553e-05 2.527706e-05 3.2745844e-05 0.0031588871 0.000100279896 0.0033815624 0.005507243 0.0018278741 0.0008743133 0.004755334 7.179525e-06
0.14962475 0.073134564 0.13049321 0.050080888 0.041096695 0.1250755 0.5526303 0.116900794 0.17098205 0.07011653 0.012444927 0.0476911 0.1585027 0.35876435 0.0012077687 3.630185e-23 0.009778281 0.102750905 0.013427107 0.33282518 0.89911777 0.05154481 0.6776697 0.028600972 0.02394635 0.010247681 0.0003792856 0.00013417834 0.011172591 0.018080655 0.008606098 2.5953375e-05 0.06791291 0.034950648 3.183301e-06 0.00027979465 0.178216 0.012124447 3.3433535e-05 0.03229204 0.03331828 0.037935037 0.0011858261 0.21832481 0.0006584264 0.0019702278 0.05093166 6.990878e-05 2.1627557e-06 1.2881088e-05 1.600511e-05 0.00011027561 1.2905002e-05 0.00026691522 0.044445593 0.15895216 1.5753743e-05 9.799695e-06 0.0075635863 0.057811044 0.09903173 9.987584e-06 4.05466e-06 0.000101434096 0.021824101 7.926599e-05 0.13766395 2.6612812e-05 1.3212523e-05 0.010228224 0.00015547691 0.00015932127 0.020288661 0.0005472234 6.079114e-06 0.0002933761 2.994196e-06 8.634027e-06 0.01728608 1.1694043e-07 2.6746736e-06 0.00053525163 0.00071363075 0.030009048 0.00016799825 6.191808e-05 6.850616e-05 0.01536443 2.1690637e-06 0.005929628 1.9035562e-05 4.9847516e-05 2.1809752e-05 0.00046407068 0.0001353085 0.008886176 2.7837907e-05 0.002967586 0.0007826511 0.00017234606 0.0005274946
0.0012636771 0.05684205 0.00722717 0.111759745 0.2094769 0.057758827 0.01988378 0.29723924 0.03575783 0.14888003 0.5485449 0.76045364 0.04212215 0.008575367 0.0115764635 0.009778281 2.2012663e-21 0.029337088 0.0020555153 0.012242 0.006765896 0.09881507 0.0066942363 0.1782806 0.07179408 4.8072397e-05 0.00025092112 0.19993761 1.9709089e-05 6.122649e-05 0.29876444 0.13770933 0.0067132143 0.0027224624 0.06261417 0.38742253 0.00024934745 0.0017132392 0.12605585 0.0018315507 0.00018195232 0.0009359969 0.025260316 0.00043917052 5.5058696e-05 0.009079921 0.0003990419 1.6918553e-05 0.007980153 0.010244717 0.00046527424 0.0022897038 0.0067690006 0.00019416124 0.00050100015 0.00044045568 0.0007254369 5.1059724e-06 0.00014450845 0.00017145099 0.00011609001 4.540573e-05 3.9826573e-06 4.341358e-06 0.00010052425 1.6464906e-05 3.3490975e-05 3.5830824e-05 2.382264e-06 0.00039356988 0.00012164932 1.9927897e-05 2.0701093e-05 5.2766823e-06 2.8266675e-06 1.6529159e-05 2.2585422e-05 0.00038319512 3.666049e-05 2.6675654e-05 3.4606942e-06 8.603307e-05 0.0002876386 0.00018372913 9.620161e-05 0.00019181466 0.00019578412 0.000387301 0.00020249178 0.00014410782 6.4957145e-05 7.1344493e-06 2.2093202e-05 0.00043245647 9.824924e-06 0.00079970044 0.000117071046 0.00028475694 0.00010765801 9.826264e-06 0.00014116065
0.028016608 0.07555954 0.033433076 0.043858744 0.04713128 0.18551372 0.4025041 0.40673488 0.48891765 0.32546276 0.018604618 0.13256171 0.7565935 0.17059861 0.00025979464 0.102750905 0.029337088 2.278579e-21 0.0014542054 0.28358555 0.077242345 0.5909514 0.13681069 0.45710683 0.5176256 0.0002961371 4.3192576e-05 0.0042583654 0.0004523665 0.000547522 0.16202708 0.0020793367 0.36455423 0.31894502 0.00015520623 0.018635105 0.035400998 0.37302378 0.0010850244 0.21451382 0.04434996 0.13350317 0.02759924 0.009177006 2.1132628e-05 0.08217675 0.00088307646 6.9464077e-06 0.0023651822 0.0069017396 9.696607e-06 0.020437837 0.008679645 0.046187248 0.080480486 0.0052265143 0.011112375 2.4282288e-06 0.12145558 0.023088664 0.048739336 0.0019099597 0.00090334535 5.140148e-06 0.036998205 0.0036917895 0.0044163596 0.0004319017 0.0001130355 0.017307565 0.0032231759 0.0018372477 0.00034972792 0.0021157505 0.00029451872 8.552558e-06 0.00016237081 4.7373546e-06 0.00022870803 6.7070897e-07 9.6477524e-05 0.0013862534 0.0013485323 0.0010516001 0.0008115576 1.8997587e-05 4.6293284e-05 0.0012298637 1.2332509e-06 0.00013320362 5.3120937e-05 0.0013795051 5.9949976e-05 0.00035147698 0.00022223871 0.001071303 7.730337e-06 0.00029593974 0.00024970892 1.2537672e-05 0.0005964411
0.019299576 0.4712877 0.33242476 0.08618811 0.09717919 0.015504921 0.021973057 0.009620649 0.004322138 0.0044493168 0.018188259 0.007442678 0.0016665529 0.0023857066 0.6199736 0.013427107 0.0020555153 0.0014542054 1.468813e-19 0.000727 0.004394749 0.002105752 0.2257132 0.0065166876 0.0006320407 0.90962446 0.49274042 7.859185e-05 0.18158093 0.16084146 0.00063523836 3.6534668e-05 0.0009664272 0.0004015456 2.2332545e-06 0.001007032 0.014964978 0.0005253517 1.0990399e-05 0.00043914036 0.0018546565 0.0003277923 0.0009283122 0.16859144 0.17330018 0.0049450006 0.20948094 0.08542036 8.462936e-06 3.9981212e-05 0.2650821 0.0012444933 8.320174e-05 0.0010299875 0.000553686 0.034544855 5.5409615e-05 0.030793017 0.00031430178 0.0020700542 0.0045069833 1.3140119e-05 2.874669e-06 0.020468425 0.0001197116 4.5503915e-05 0.018287722 4.4990942e-05 1.0108371e-05 0.0020590175 6.450249e-05 0.00013134613 0.015823785 1.5715208e-05 0.00040196913 0.008425965 5.917214e-05 0.0068775206 0.009177167 0.00089275 2.782936e-05 0.00027283118 0.00093607325 0.0023804908 7.0092225e-05 0.005947431 0.005984033 0.0016810044 0.004767547 0.006635911 0.00013357405 1.1443403e-06 5.0008173e-05 0.007020191 1.3853778e-05 0.008598779 0.0033062606 0.0038099512 0.00030302387 0.007236625 1.18050975e-05
0.39154607 0.025952576 0.03205403 0.01655572 0.015615943 0.083192505 0.36730242 0.13315432 0.2556612 0.08230889 0.004587234 0.055100888 0.6050145 0.8470124 4.582963e-05 0.33282518 0.012242 0.28358555 0.000727 3.397727e-22 0.4810318 0.06608012 0.42587653 0.043314476 0.048744507 0.00045606488 2.1734857e-05 6.236535e-05 0.0003368628 0.0013043534 0.03252249 2.0167665e-05 0.23922807 0.13035674 1.5491092e-06 0.00063276937 0.33405033 0.077143624 3.9950188e-05 0.15406443 0.12446968 0.17072237 0.0033345476 0.03824629 8.560393e-06 0.009320664 0.0047260965 4.3238032e-07 5.912687e-06 3.0676856e-05 2.9533368e-07 0.00049956125 6.318871e-05 0.008589133 0.2121621 0.033240493 0.000292217 6.586006e-07 0.10880468 0.084612995 0.21312824 0.0001212702 3.8733164e-05 3.5036926e-06 0.15444642 0.0007603818 0.057846412 2.798041e-05 4.6879646e-05 0.0508949 0.0019229968 0.00091899536 0.010899616 0.008894914 0.00018072118 6.527774e-06 1.034683e-05 1.8165504e-07 0.004989335 1.035961e-08 1.14966915e-05 0.0012746132 0.0015950217 0.015000263 0.001165193 1.9873248e-06 8.030801e-06 0.011954059 5.1904767e-08 0.000688911 3.986493e-05 0.0014824523 7.728838e-05 2.9405073e-05 0.0009959152 0.0057136216 7.5751274e-07 0.002114993 0.0016755841 4.2344032e-05 0.0022773505
0.378212 0.03948392 0.055283695 0.027108364 0.018578568 0.07150102 0.2721236 0.07432865 0.08814638 0.030523555 0.0076521183 0.04021909 0.17293145 0.30971077 0.00032684396 0.89911777 0.006765896 0.077242345 0.004394749 0.4810318 1.2282115e-22 0.026403781 0.7717212 0.017287022 0.011585222 0.0043049594 0.00012810873 2.632834e-05 0.006132964 0.01194562 0.0059199887 6.779278e-06 0.07896516 0.032347914 1.3545565e-06 0.00015257225 0.45324463 0.011822777 2.2133027e-06 0.03640286 0.058176026 0.04072157 0.00056059856 0.12487299 0.00022664382 0.00088860403 0.03703097 2.438645e-05 1.3538967e-06 2.0395698e-06 3.481403e-06 3.6475973e-05 8.758016e-06 0.0007736237 0.06942711 0.11294679 1.0876495e-05 7.921873e-06 0.020965356 0.049816374 0.22703688 1.1844712e-05 4.165244e-06 7.295205e-05 0.029946523 0.00012549534 0.10869524 1.2974119e-05 9.650149e-06 0.01703074 0.00017921992 9.720749e-05 0.026995273 0.0013804606 2.48036e-05 0.00025308528 1.8926002e-06 6.15606e-06 0.022889817 3.2933954e-08 1.3662172e-06 0.00078271015 0.0012737657 0.041933723 0.00035128713 2.408373e-05 4.596493e-05 0.035819933 2.8288858e-07 0.004734474 8.212476e-06 0.00023537625 1.8315593e-05 0.00029957382 0.00069000287 0.010642447 3.986472e-06 0.004735598 0.0011560356 0.00019191494 0.0016330818
0.002427607 0.07881562 0.028434018 0.050746784 0.051834203 0.11865495 0.14842911 0.3351777 0.26985642 0.28264394 0.03803468 0.1575436 0.32902554 0.068326786 0.0026370897 0.05154481 0.09881507 0.5909514 0.002105752 0.06608012 0.026403781 1.4806923e-22 0.050501328 0.64823455 0.5988085 0.0002727253 0.00011471475 0.0038682206 0.00044835755 0.0011962412 0.3431979 0.0021256818 0.093836024 0.10890636 0.00034265776 0.056820318 0.025846925 0.15288383 0.0014818677 0.076667495 0.01927622 0.034465846 0.07919849 0.0040631243 0.00011989794 0.09833155 0.0022588405 1.1053404e-05 0.004007816 0.006312101 0.00015915938 0.020291239 0.012266699 0.026955193 0.021846898 0.0053535914 0.011127149 1.5900257e-05 0.028632676 0.003748598 0.00634819 0.0022814113 0.0004443732 2.8992981e-05 0.0046686195 0.0010683015 0.0017187318 0.0004385923 4.8118167e-05 0.0046869097 0.00042493187 0.00059672614 7.6999095e-05 0.0005892108 0.00033292567 2.4253808e-05 6.156551e-05 5.8359074e-05 6.493237e-05 1.00117395e-05 2.5130703e-05 0.0009908868 0.0006001777 0.00045644434 0.0015027489 6.159228e-05 0.00026861206 0.0006940507 1.7931918e-05 0.00012192842 3.68555e-05 0.0005172843 3.9839506e-05 0.0008423743 6.0486007e-05 0.0009666619 2.5785268e-05 0.00022720173 2.7554786e-05 9.538895e-06 3.4403463e-05
0.89729863 0.49927917 0.6181185 0.1419241 0.08156844 0.22633599 0.6420787 0.27127603 0.15643093 0.08044252 0.019197838 0.076848365 0.35664645 0.17798908 0.006915144 0.6776697 0.0066942363 0.13681069 0.2257132 0.42587653 0.7717212 0.050501328 4.8538784e-20 0.04424715 0.02504057 0.2319462 0.0027108763 0.00011682512 0.18342479 0.2717475 0.0041832714 6.8083726e-05 0.1372242 0.05352314 2.6136645e-06 0.00021610486 0.21953088 0.023726432 3.261034e-05 0.049477313 0.08805975 0.071951576 0.00040443856 0.628715 0.012497162 0.0010102565 0.3753319 0.0010808541 1.8255014e-05 1.2934636e-05 0.00036272485 0.0001992878 3.0455169e-05 0.0020607787 0.0784768 0.5012445 8.686053e-05 0.0011992247 0.04012178 0.08490081 0.36792582 7.634774e-05 1.9884934e-05 0.0034732255 0.03268837 0.00021806249 0.43261537 0.00017496999 6.729695e-05 0.010272026 0.00023143223 0.00014293905 0.31411594 0.0014702291 0.000105823696 0.007090872 2.4792698e-05 0.0004464012 0.30113906 1.5682502e-06 1.5221088e-05 0.0012662195 0.0023161185 0.22522978 0.0006692954 0.0019238526 0.0037854281 0.26384094 2.6820084e-05 0.059371457 3.426699e-05 0.00038737265 6.459921e-05 0.011196253 0.0020692272 0.1134043 0.0005965065 0.059991173 0.007035778 0.013889179 0.008107237
0.0023404297 0.10338453 0.02406727 0.04659408 0.056765173 0.0724957 0.06353049 0.24471208 0.12158943 0.18861133 0.055336628 0.21457754 0.21685368 0.025947426 0.0055648 0.028600972 0.1782806 0.45710683 0.0065166876 0.043314476 0.017287022 0.64823455 0.04424715 2.0539515e-21 0.6549074 0.0007895064 0.00054337404 0.009308334 0.0005305932 0.0009911407 0.6218197 0.004787129 0.065195195 0.07351027 0.0014249426 0.18270084 0.01706458 0.16755442 0.00437899 0.08471665 0.013631727 0.02490884 0.20392416 0.0022115158 0.00020284238 0.2254393 0.0020936753 2.372326e-05 0.015654374 0.025201518 0.0006843512 0.059395555 0.03701771 0.03967602 0.019191472 0.0033331155 0.026770173 2.4064995e-05 0.030959586 0.002171699 0.0025339755 0.008639002 0.001779214 3.5715922e-05 0.002990743 0.0024370458 0.0008037314 0.00089251203 0.000112085385 0.004578595 0.00087640487 0.00068812806 5.1336498e-05 0.00090615306 0.0005984807 1.9684125e-05 0.00017389635 4.5874676e-05 2.9524046e-05 1.5027869e-05 3.7200785e-05 0.0011610633 0.0013523077 0.00053495134 0.0013924976 2.0970934e-05 6.3158586e-05 0.00070563325 1.613201e-05 0.00013924172 0.00016859756 0.00036969507 0.00014524958 0.00039843784 7.034147e-05 0.0015757116 3.8388112e-05 0.0004397602 0.0001344086 3.3105387e-06 3.35944e-05
0.0017842071 0.03574242 0.012720698 0.022776812 0.030362379 0.052783888 0.060022485 0.15584692 0.103022255 0.13680613 0.021292025 0.099756464 0.22769839 0.030828688 0.0012534905 0.02394635 0.07179408 0.5176256 0.0006320407 0.048744507 0.011585222 0.5988085 0.02504057 0.6549074 2.0584852e-21 0.00010641542 8.4598265e-05 0.0022120916 0.00013929271 0.00039996143 0.4492036 0.0011444666 0.0954124 0.12303242 0.0002197885 0.06717258 0.016542092 0.22632287 0.0009110453 0.08464076 0.016823763 0.034572937 0.14214529 0.0020004443 6.8149275e-05 0.18050978 0.00095548964 1.9992704e-06 0.0070688375 0.012158333 0.0003046062 0.0392666 0.025110804 0.03665731 0.020510044 0.0020694628 0.019366752 1.1918309e-05 0.038910843 0.0033351376 0.0028160992 0.003135792 0.0007011947 1.9598167e-05 0.004613135 0.0015505688 0.00052461546 0.00038466332 3.5588357e-05 0.0054651615 0.0008807274 0.0006669388 6.1306186e-05 0.0005125009 0.00022056121 2.5123313e-06 0.00010064397 3.2095242e-05 3.145967e-05 1.1427008e-05 2.6243484e-05 0.00060339266 0.00051875133 0.00019954969 0.0006523079 2.1827895e-05 3.6713427e-05 0.00042907736 8.879474e-06 7.971972e-05 4.3806285e-05 0.0002309767 7.4361604e-05 0.00029015707 9.591652e-05 0.0009053497 1.6568709e-05 0.00025972156 0.000114368035 4.371366e-06 5.522034e-05
0.029234422 0.17776385 0.22281896 0.019497728 0.009377316 0.0050450983 0.0139505295 0.0021974691 0.0029187193 0.0014932567 0.00060159335 0.000107576 0.00068497215 0.0009987062 0.18549041 0.010247681 4.8072397e-05 0.0002961371 0.90962446 0.00045606488 0.0043049594 0.0002727253 0.2319462 0.0007895064 0.00010641542 4.132904e-21 0.25364754 3.3053493e-06 0.52761096 0.57420313 2.4572138e-05 1.9439728e-06 0.00030528146 0.00014417188 9.3508e-08 4.8167065e-05 0.020147622 0.00012728003 6.545013e-07 0.0003155319 0.0033715928 0.0002621053 6.546836e-05 0.27079093 0.5336932 0.00027713794 0.5290949 0.33291307 3.2049425e-07 2.019275e-06 0.2246097 6.0305727e-05 7.0714395e-06 0.00022222432 0.00040812857 0.053193383 6.109144e-06 0.1064473 6.0557522e-05 0.0024009144 0.011855282 2.0561113e-06 5.0304345e-07 0.035542652 8.025246e-05 1.443168e-05 0.023603987 1.5750244e-05 5.1688858e-06 0.00073184964 5.336283e-05 0.00010725425 0.06192611 5.625871e-06 0.00011146372 0.013713359 1.3425876e-05 0.009360336 0.029530467 0.0008140206 6.049693e-06 0.0002172258 0.001805306 0.0029007557 5.0018854e-05 0.0089000845 0.006783398 0.0015111757 0.0044451687 0.0066779735 0.00018117522 1.2707675e-06 0.00010012767 0.0071209027 7.425668e-06 0.005155972 0.0028484329 0.0034901826 6.594271e-05 0.007742929 1.3938074e-05
0.0004990867 0.06541195 0.0317752 0.017432801 0.029542096 0.0012059448 0.001307334 0.00029655788 0.00026445292 0.00024037986 0.009658154 0.00044124335 0.000114918956 6.467577e-05 0.7785636 0.0003792856 0.00025092112 4.3192576e-05 0.49274042 2.1734857e-05 0.00012810873 0.00011471475 0.0027108763 0.00054337404 8.4598265e-05 0.25364754 9.0530646e-20 4.237871e-06 0.02152986 0.011325568 7.801759e-05 5.113472e-06 8.1729464e-05 9.9785924e-05 2.2841607e-07 3.440934e-05 0.00068583764 9.8965495e-05 2.284018e-06 5.4370143e-05 4.018208e-05 6.2746134e-05 2.875356e-05 0.004423228 0.029124662 0.00015560848 0.016333109 0.03450671 4.469643e-06 1.0592309e-05 0.7421105 9.4761905e-05 3.546286e-05 5.3843767e-05 2.6596983e-05 0.0014459585 2.9160747e-05 0.004149949 1.5790261e-05 0.00011356269 7.328837e-05 4.0049003e-06 6.8283936e-07 0.0019590394 7.802715e-06 7.848382e-06 0.0002284761 8.419775e-05 5.1588836e-06 0.00021300842 5.935806e-06 1.1095173e-05 0.00039608346 4.5787806e-06 3.721438e-05 0.0025275303 5.063707e-06 0.007207175 0.00032612597 0.0073778275 8.029265e-07 4.9539194e-05 9.092606e-05 0.00063204684 2.6799451e-05 0.005441379 0.003919303 0.0005708229 0.0023957656 0.0011949375 1.3429873e-05 7.8497845e-07 5.0930216e-06 0.0043153386 3.5707797e-06 0.0035673424 0.0015039302 0.0022994734 0.000107895656 0.011990704 7.6044057e-07
1.1034734e-06 0.0028456433 9.1241556e-05 0.003728977 0.00850141 0.0034620713 0.0016819481 0.014977914 0.0015592243 0.0062267017 0.10404132 0.08997607 0.004157121 0.00014752173 0.0017693931 0.00013417834 0.19993761 0.0042583654 7.859185e-05 6.236535e-05 2.632834e-05 0.0038682206 0.00011682512 0.009308334 0.0022120916 3.3053493e-06 4.237871e-06 2.8380257e-25 3.4428815e-06 1.3489033e-05 0.020129438 0.23346281 0.00018318117 0.00018044219 0.011504501 0.07181722 1.548308e-05 9.1008915e-05 0.07117413 3.2903365e-05 3.0987635e-06 1.971862e-05 0.00071767595 0.00012951417 4.6543378e-06 1.9524368e-05 0.00018658793 4.179172e-07 0.00037582306 0.00032874366 2.5807753e-05 6.8745207e-06 9.550541e-05 3.188182e-05 2.5122532e-05 0.00020105358 1.056636e-05 5.495338e-06 3.1355269e-06 2.4621213e-05 6.1042924e-06 1.2742285e-06 1.7528872e-07 2.544131e-06 8.804746e-06 1.0524346e-06 2.2886765e-05 1.0121967e-06 8.71888e-08 8.504122e-05 1.4272587e-06 7.761891e-07 7.472231e-05 3.6982835e-06 1.0790613e-06 1.2252692e-05 1.3552189e-07 1.0538976e-05 2.6540629e-05 1.3612374e-06 1.0054025e-08 1.8626266e-05 1.628639e-05 0.0001991757 4.307637e-05 2.5297475e-06 1.3959531e-05 0.0001909286 5.7519787e-06 5.353563e-05 2.6403056e-06 1.0314658e-06 8.3420065e-07 0.00010529458 4.434712e-06 0.00044642566 3.7406287e-06 6.33248e-05 7.5313605e-05 1.07568e-06 1.5709237e-06
0.040340547 0.055234455 0.05515982 0.012660421 0.0074443133 0.004030198 0.011799228 0.0026700317 0.0021518057 0.0012928009 0.00021711936 7.200943e-05 0.0007096954 0.00075218827 0.014396222 0.011172591 1.9709089e-05 0.0004523665 0.18158093 0.0003368628 0.006132964 0.00044835755 0.18342479 0.0005305932 0.00013929271 0.52761096 0.02152986 3.4428815e-06 1.2811794e-20 0.93250203 1.3918827e-05 1.6553191e-06 0.0004232104 0.00013538478 9.6271116e-08 2.267211e-05 0.013291754 0.00021910873 1.1480263e-06 0.00044508508 0.0037514342 0.00055178965 1.1780321e-05 0.19739392 0.27783105 3.0363499e-05 0.5433285 0.13369758 4.1694165e-08 4.3355342e-07 0.005129874 1.3158465e-05 3.0346837e-06 5.9706625e-05 0.00042530848 0.067505054 2.5846584e-06 0.047198072 3.8157432e-05 0.005166212 0.018597672 2.2275965e-06 2.1273992e-07 0.021329328 9.67056e-05 1.5807802e-05 0.046752427 1.4638919e-06 2.626568e-06 0.00082787 1.03369575e-05 4.825493e-05 0.15185042 2.613111e-06 1.1675834e-05 0.0057261023 5.1243733e-06 0.0025381923 0.061773356 0.00011515451 2.4569408e-06 9.9010416e-05 0.00063314935 0.0019373047 2.208884e-05 0.004143507 0.0030275919 0.0022405654 0.0004215438 0.008857228 3.0860898e-05 2.483978e-06 4.043221e-05 0.002947113 4.2276947e-06 0.0039220774 0.001401201 0.0033549669 3.5533176e-05 0.0062125465 4.103823e-05
0.12461631 0.062005665 0.06487975 0.017488066 0.010115666 0.009493862 0.018382384 0.0041501014 0.003571383 0.0023479604 0.0003339114 0.00037510187 0.0014074802 0.0022308258 0.010356798 0.018080655 6.122649e-05 0.000547522 0.16084146 0.0013043534 0.01194562 0.0011962412 0.2717475 0.0009911407 0.00039996143 0.57420313 0.011325568 1.3489033e-05 0.93250203 2.7546024e-19 5.01937e-05 7.668006e-06 0.00077187904 0.00044103363 3.25993e-07 2.8997792e-05 0.020281741 0.00032987178 9.419603e-06 0.0005727749 0.007899173 0.001830167 2.2504062e-05 0.33895087 0.23372537 4.10423e-05 0.74317485 0.10112129 5.5191384e-07 2.1166522e-06 0.0030708455 1.7367236e-05 8.710918e-06 8.809042e-05 0.00083782006 0.118714824 6.0147454e-06 0.047028627 0.00012743112 0.0077214083 0.034796964 5.169891e-06 8.4172535e-07 0.019060528 0.00031824515 2.4802368e-05 0.08782088 5.192675e-06 1.24503695e-05 0.00097059424 2.6943808e-05 0.00020390893 0.25129727 2.981126e-06 2.0754365e-05 0.005978957 1.1238974e-05 0.0029486285 0.12105944 0.000100396835 5.6963086e-06 6.4461354e-05 0.00095070945 0.005764225 1.6518426e-05 0.005831702 0.0029530353 0.008845081 0.00066744554 0.013213803 8.4617786e-05 3.2412293e-06 0.000114159586 0.0036411136 2.2911552e-05 0.014188806 0.0021024272 0.013056738 0.00010379232 0.0068336935 0.00016985738
0.0008450533 0.031935737 0.0079860035 0.028745707 0.057121355 0.037775017 0.018212957 0.16358167 0.044277858 0.13874096 0.094949275 0.26082253 0.10740252 0.015946066 0.0012893159 0.008606098 0.29876444 0.16202708 0.00063523836 0.03252249 0.0059199887 0.3431979 0.0041832714 0.6218197 0.4492036 2.4572138e-05 7.801759e-05 0.020129438 1.3918827e-05 5.01937e-05 1.7639695e-21 0.013774492 0.039770056 0.036863696 0.017092057 0.41131616 0.0022070291 0.058702786 0.020862177 0.020927008 0.0025506176 0.007245327 0.50925165 0.00042333192 2.3577331e-05 0.3457435 0.00018499806 1.0941556e-06 0.15621056 0.15501352 0.000752062 0.12892067 0.17326668 0.00903653 0.0032290262 0.00084433844 0.043403804 9.268755e-06 0.003970945 0.00061956927 0.00026151483 0.0032550157 0.00012638482 7.810301e-06 0.0004590954 0.00021071201 1.5095638e-05 0.00022664663 1.0966057e-05 0.00089239754 0.00028581146 4.834111e-05 6.335084e-05 4.821721e-05 5.1123166e-06 5.231363e-07 0.00012764032 0.00024844118 3.590495e-05 5.14717e-05 1.602608e-05 0.00033614234 0.00021231562 8.562234e-05 0.00037558173 6.749143e-05 0.000116647556 0.00020223412 3.783504e-05 6.877383e-05 8.894772e-06 4.0852436e-05 1.0249798e-05 0.0004862176 1.3413297e-05 0.0005404502 3.492918e-05 0.00014885355 0.00015743748 5.2249516e-07 0.00016051739
