5.3917512e-33 0.9414472 0.8592955 0.748976 0.8762329 0.73360395 0.7767592 0.7968214 0.7021323 0.65774137 0.9213425 0.83889383 0.25344607 0.27790174 0.87021023 0.16219506 0.90947616 0.104027145 0.19103472 0.9250778 0.040516797 0.935915 0.13146225 0.10929042 0.06312743 0.38952118 0.025796857 0.929158 0.22636794 0.88364005 0.98766214 0.6799579 0.31225017 0.8636651 0.104899265 0.9853976 0.13168955 0.8664741 0.85742503 0.022644646 0.007130658 0.0077685425 0.3399901 0.9725262 0.01359712 0.95368636 0.98262167 0.0035559046 0.9977914 0.64808536 0.01042747 0.9824725 0.90228057 0.020722419 0.15823722 0.88709486 0.26764825 0.002482663 0.9988704 0.018448269 0.004576029 0.025684774 0.9942318 0.0026991696 0.00020943403 0.002365068 0.94919723 0.0066229156 0.001476303 0.017190106 0.98245114 0.7126012 0.0012299875 0.01906472 0.9436368 0.9987334 0.99904245 0.00020633813 0.00027932462 0.074275605 9.5441676e-05 0.00020498558 0.0301228 0.00070510246 0.077747054 0.9976158 0.53975856 0.99968433 4.768044e-06 7.409536e-07 0.0007521491 0.027916597 0.06987934 0.21382225 3.247881e-05 4.5779334e-06 2.5728708e-08 4.082969e-07 0.98369175 4.451757e-07 0.024972102
0.9414472 1.04012695e-19 0.88411915 0.2326041 0.4625868 0.06529198 0.09237647 0.02721844 0.44135427 0.21392792 0.02631335 0.3850103 0.08893298 0.13198039 0.008953706 0.020723391 0.009744153 0.08291815 0.09807833 0.25252318 0.05978677 0.0060616606 0.07562899 0.07117925 0.018028397 0.08030118 0.0050044963 0.0077114254 0.011975048 0.0038411275 0.55394864 0.026138684 0.008062187 0.0035953026 0.003784241 0.0024220294 0.00404855 0.0019374691 0.0012713579 0.03280694 0.021625057 0.022950519 0.008795662 0.16762882 0.0042717475 0.0010413289 0.091295116 0.009789015 0.07783113 0.0006018106 0.003231344 0.00081446714 0.0003059308 0.00842627 0.0005372879 0.00017901408 3.014839e-05 0.004141435 0.06133991 0.0033406655 0.00059108157 0.00016526392 0.0033191252 0.0038751303 0.0010650508 0.0015564277 0.00035894528 0.0021623143 0.0017438985 1.780904e-05 0.013072194 0.003309117 2.8764749e-05 5.7643674e-06 0.0030685328 0.000363534 0.0010535188 0.00015411845 4.8974653e-05 8.777527e-07 3.9577004e-05 4.5388842e-05 7.357878e-07 0.00023248342 6.182274e-07 6.3082676e-05 0.0033616063 0.00017539768 0.00011889117 0.00012069089 6.0243037e-06 4.585449e-06 2.6911576e-07 0.00016322861 2.0827947e-05 2.113515e-05 5.121603e-06 6.4609035e-06 5.907575e-06 1.6831778e-05 1.2279713e-07
0.8592955 0.88411915 2.9155283e-19 0.18808319 0.22846474 0.048820652 0.07053183 0.023049606 0.7103435 0.18015689 0.0068400674 0.3377404 0.036208536 0.09723777 0.00548076 0.01125865 0.006670912 0.066132754 0.12050723 0.38886017 0.061831348 0.0023240186 0.043685563 0.04302151 0.013974165 0.09544871 0.0032485982 0.0101287225 0.0047582807 0.0020235288 0.5901795 0.120218866 0.0031506633 0.0024970523 0.0028149253 0.0018607625 0.0023753045 0.0008016992 0.0016569325 0.02403706 0.015761252 0.017347082 0.058953572 0.3972753 0.008045864 0.001638352 0.2947469 0.00908843 0.08690379 0.002579955 0.008852077 0.0005420178 0.00089078967 0.0050469893 0.0003429661 0.00072232896 9.442425e-05 0.0052874167 0.102615915 0.00975695 0.0026423412 0.00026848196 0.0070742457 0.0022483729 0.0003927913 0.0018043257 0.0013813368 0.0023075696 0.0009003223 0.00019457312 0.017322699 0.0054484103 0.00030747516 0.000118428674 0.003856496 0.00013428945 0.0007616665 0.0002330606 6.545812e-05 5.6732943e-06 2.917165e-05 9.658144e-05 3.3147753e-06 0.0001259763 8.243071e-06 0.00017284644 0.008289892 0.00013391486 0.00013802577 0.00012931053 3.1600666e-05 1.3278322e-05 1.9195146e-05 0.0020757911 2.8338245e-05 0.00020264341 3.3010338e-06 1.3247397e-05 3.052161e-05 4.7742207e-05 9.675374e-07
0.748976 0.2326041 0.18808319 6.4717076e-21 0.5500917 0.83553123 0.78129435 0.47084892 0.042889256 0.15579048 0.20771304 0.01748429 0.1238653 0.05579671 0.0579012 0.23475492 0.039835498 0.09974182 0.021422822 0.039218754 0.08008408 0.021052025 0.03287477 0.04556171 0.093299486 0.009404304 0.03748535 0.022477714 0.036814827 0.0057981904 0.28534716 0.013582358 0.020054696 0.0062143886 0.010191782 0.0068745604 0.010741322 0.0039813076 0.0032588937 0.03744834 0.027204622 0.023311436 0.0029458867 0.10866529 0.0010980907 0.0023082907 0.042020824 0.0077121574 0.06866803 0.0037625772 0.001232418 0.0008088575 0.0009085664 0.015310537 0.0013897453 0.001069555 0.00032554116 0.0023741573 0.03579429 0.00086104317 0.00011509259 0.00032082925 0.009117933 0.0028104552 0.00020903254 0.0022913695 0.0016460996 0.0018685666 0.0008566653 8.018613e-05 0.0013627001 0.00061537506 9.485761e-06 3.8961934e-05 0.00048996374 8.885111e-05 0.000532434 0.00014469543 3.684826e-05 1.8971397e-06 3.4889832e-05 5.0555256e-05 7.595013e-07 0.00019544421 1.3434387e-06 0.00012780463 0.00063671614 0.0001449486 2.0330592e-05 7.4101656e-05 7.2019966e-06 3.407701e-06 1.15288e-06 6.6744455e-05 7.0942394e-07 3.5948742e-05 1.8292944e-06 2.076976e-06 5.869853e-06 2.561495e-05 1.7887166e-07
0.8762329 0.4625868 0.22846474 0.5500917 4.3008276e-18 0.33221367 0.15015315 0.13347445 0.09933839 0.7472521 0.24265993 0.14483875 0.43558058 0.328901 0.04716201 0.2163537 0.027994845 0.35688695 0.15773745 0.047674492 0.23616406 0.03042213 0.1836812 0.20328581 0.18143445 0.1249755 0.05893387 0.0136207845 0.120831236 0.012942053 0.25618446 0.011167546 0.055724714 0.010103297 0.016838532 0.0067742895 0.018998513 0.007916568 0.0026279239 0.09942611 0.064033896 0.061050765 0.0023559746 0.07116577 0.0028384065 0.0016997437 0.040509257 0.030912139 0.047095187 0.0010539455 0.0014849694 0.0015801841 0.00075367495 0.056129657 0.0029208201 0.00042813373 0.00024920245 0.006688229 0.023829192 0.00058225857 0.00020689992 0.000497579 0.0035179409 0.020999284 0.00049403816 0.009925018 0.00063180394 0.01114692 0.009417821 7.527167e-05 0.009097642 0.002368271 6.2320655e-06 3.9734743e-05 0.0032474298 0.00018088776 0.0005181871 0.00034167524 0.0007704185 8.0816113e-07 1.6743197e-05 2.4997851e-05 5.997353e-07 0.00021250545 6.975986e-07 3.5605837e-05 0.0019196272 8.5572305e-05 1.6427231e-05 0.0001778678 1.0028215e-05 1.3443386e-06 3.5301298e-07 0.00033849938 6.013292e-07 2.4876657e-05 5.645924e-06 2.8674433e-06 1.5127055e-05 1.7403348e-05 6.8503965e-08
0.73360395 0.06529198 0.048820652 0.83553123 0.33221367 1.8649861e-21 0.68464637 0.81459665 0.0089847855 0.05418606 0.6454938 0.0035597861 0.1759273 0.027622392 0.12604676 0.47110692 0.06338999 0.07301853 0.005380073 0.008564493 0.05627111 0.037511457 0.019850254 0.030180497 0.15652703 0.0034461278 0.08085747 0.022745205 0.074454956 0.01320678 0.12663636 0.005978176 0.044925716 0.011707619 0.023963101 0.009165373 0.026397197 0.009126741 0.003977086 0.03719601 0.029725043 0.022898745 0.00049461203 0.0374744 0.00048156115 0.0017873247 0.013583893 0.0064195236 0.0516202 0.0037923765 0.00015515268 0.0005848146 0.0005478066 0.023865284 0.0026661092 0.00055994646 0.0006227967 0.0017416158 0.016425095 0.00017978551 1.4550613e-05 0.0009868685 0.0068567507 0.003151428 9.273322e-05 0.0031491749 0.0009137989 0.002663271 0.0011275198 0.00015755929 0.00032702571 7.6470074e-05 1.4801298e-06 9.1507776e-05 0.00010672033 0.000122475 0.0005512009 0.00013431173 2.691381e-05 2.970031e-06 4.3749962e-05 2.5117477e-05 1.5529254e-06 0.00029659155 1.813007e-06 0.00020784939 8.330385e-05 0.00024576814 8.412067e-06 8.950154e-05 1.52419325e-05 7.732822e-06 1.5949166e-06 4.8621964e-06 3.8510692e-07 5.039015e-05 1.1108053e-06 7.55202e-06 1.7897662e-05 4.5078898e-05 2.3510128e-07
0.7767592 0.09237647 0.07053183 0.78129435 0.15015315 0.68464637 6.792988e-20 0.86111283 0.010403636 0.03445982 0.39702094 0.00309722 0.04861066 0.010370065 0.11228522 0.16228913 0.21229877 0.020497104 0.0028500864 0.014075845 0.017630775 0.04384607 0.006331412 0.008387745 0.035210095 0.002649516 0.02007798 0.08390413 0.022760212 0.013242996 0.22775854 0.0067715086 0.020610243 0.015123999 0.010823322 0.020229192 0.012041739 0.0071219215 0.0055146376 0.013086601 0.008688543 0.006646564 0.0014763917 0.094557524 0.0005264021 0.0039204713 0.04837047 0.0035444046 0.15702644 0.0043134126 0.00042364857 0.0017946118 0.0010259973 0.011475382 0.00076253904 0.0008551193 0.00068623543 0.0024503234 0.07264113 0.00019299229 3.2768647e-05 0.00024904063 0.02363153 0.0018270124 0.000112252485 0.0017336482 0.0032103492 0.0012897745 0.00066587457 4.4051154e-05 0.0023808086 0.00012875911 5.4722796e-06 1.1793338e-05 0.00027670246 0.00049184787 0.0024325608 0.00019680962 3.5999517e-05 1.0480254e-05 1.0380177e-05 2.4295527e-05 2.397713e-06 0.00039536113 4.3965765e-06 0.0010923279 0.00016303103 0.000580385 5.7484694e-06 7.821158e-05 5.820747e-06 3.5113992e-06 1.3844802e-06 1.8616038e-05 3.4520627e-07 1.5572123e-05 5.514619e-07 1.4466066e-06 1.2313041e-05 1.3307061e-05 1.4159052e-07
0.7968214 0.02721844 0.023049606 0.47084892 0.13347445 0.81459665 0.86111283 4.09037e-20 0.0032708002 0.020087145 0.82919943 0.0012589481 0.117211536 0.0052442113 0.30975667 0.51566833 0.21023864 0.033337686 0.0011823531 0.0032885738 0.023992464 0.06720117 0.004160121 0.008866182 0.096275456 0.0012239543 0.083202384 0.044315062 0.07668316 0.025399286 0.06447445 0.0026402678 0.047041886 0.025244862 0.028017221 0.014748544 0.035204597 0.013392042 0.0069297245 0.020383148 0.014126603 0.008463599 6.2202234e-05 0.023656135 0.0001945425 0.0027197802 0.008684874 0.0027565262 0.06321192 0.0055281413 2.4374569e-05 0.0008703911 0.00051615067 0.018045306 0.0022497028 0.00049106235 0.0015995229 0.0014030322 0.015000127 4.0022147e-05 3.238498e-06 0.0008209591 0.012576312 0.0010863839 7.5732714e-05 0.001360481 0.0013402244 0.0015476417 0.0005044172 0.00020439643 0.00017950831 1.3843647e-05 7.780286e-07 0.00012443063 6.2836145e-05 0.00016166175 0.0006177877 0.00012354429 4.4370026e-05 1.0428309e-05 4.4700075e-05 1.5162079e-05 3.7360296e-06 0.00037811958 4.8272996e-06 0.00034038487 1.7052094e-05 0.00040399277 3.469491e-06 3.5445282e-05 1.957342e-05 6.8862396e-06 2.6360208e-06 1.9928036e-06 1.4306404e-07 4.811335e-05 7.172226e-07 9.832638e-06 2.1194692e-05 6.003465e-05 4.5652308e-07
0.7021323 0.44135427 0.7103435 0.042889256 0.09933839 0.0089847855 0.010403636 0.0032708002 3.9762345e-18 0.085164085 0.0014150245 0.8678127 0.0095175775 0.09488692 0.0016895207 0.0020467725 0.0010501255 0.027954014 0.28837338 0.5496353 0.028071133 0.00057451235 0.0354372 0.02312746 0.005152716 0.24776736 0.0015280189 0.0018348619 0.00085687655 0.00041631848 0.3525772 0.20451774 0.00057857536 0.0005525727 0.0005183045 0.00025928352 0.0004423871 0.0001442976 0.000439678 0.008953211 0.007198836 0.012085672 0.23736095 0.22446431 0.02747408 0.000519192 0.21111646 0.0081306705 0.010657982 0.00053090655 0.053801004 0.00030528058 0.00029897105 0.0038010504 0.00046527424 0.00036763423 0.00012583654 0.007529867 0.025835197 0.026230874 0.010031789 0.00043180984 0.0022204434 0.0018263278 0.0005716524 0.001558452 0.00078348164 0.0028490794 0.0010999795 0.0002762642 0.028424552 0.011108413 0.0015561782 0.00010442109 0.010524028 1.7594593e-05 0.00016403744 0.00020335642 3.5284032e-05 1.4969472e-06 3.0197423e-05 8.790738e-05 1.1906068e-06 0.00013459614 6.804533e-06 2.7401118e-05 0.015012336 4.215659e-05 0.00017695889 0.00010717041 4.2574637e-05 2.163852e-05 9.812708e-05 0.010050218 4.089321e-05 0.00013852147 2.4822211e-06 1.43240695e-05 2.7014974e-05 3.700988e-05 2.4038216e-06
0.65774137 0.21392792 0.18015689 0.15579048 0.7472521 0.05418606 0.03445982 0.020087145 0.085164085 3.2102972e-21 0.032131415 0.157583 0.6407756 0.7704734 0.0073013613 0.11199495 0.003396689 0.65984243 0.49535707 0.03574728 0.52259547 0.0030152951 0.52468824 0.50347704 0.24068086 0.2871567 0.038740702 0.002396314 0.041498743 0.0013729645 0.116566464 0.005882207 0.011525768 0.00085776317 0.003832037 0.00053403387 0.0039162054 0.0007280477 0.0003993977 0.07986792 0.071128905 0.06941033 0.0011328232 0.020369748 0.0024687084 0.00025018325 0.010690175 0.024627183 0.0059964587 0.00015067183 0.0006257022 7.0817885e-05 3.370961e-05 0.035887633 0.0005976579 1.2278216e-05 3.147712e-06 0.0067524207 0.0043053767 0.00047322724 0.000104672334 5.1491093e-05 0.0016678997 0.016360413 0.00026238718 0.006709042 6.0250884e-05 0.0065722843 0.0074186833 3.8162216e-06 0.0018307475 0.0008540814 1.0449111e-06 2.063442e-06 0.00038106975 1.4152977e-05 7.24239e-05 6.0603215e-05 0.0003999105 1.2940489e-08 3.4032935e-06 4.207646e-05 6.327825e-09 3.9416656e-05 8.591286e-09 6.2216736e-06 0.00041509207 2.0894557e-05 7.374686e-06 1.2411579e-05 2.0996579e-06 4.98137e-08 1.0994206e-08 0.00014084598 2.4993034e-07 2.5015843e-06 3.9307417e-07 1.01039554e-07 2.4647627e-06 1.4639058e-06 1.6200133e-09
0.9213425 0.02631335 0.0068400674 0.20771304 0.24265993 0.6454938 0.39702094 0.82919943 0.0014150245 0.032131415 2.1024944e-18 0.001550308 0.32114252 0.008050297 0.53823346 0.751406 0.21150707 0.09535575 0.0011435873 0.0010399166 0.06437728 0.3401505 0.015058241 0.031177703 0.26562867 0.0013019703 0.23610836 0.053338394 0.3958992 0.13585785 0.040856738 0.0005380971 0.2881513 0.05936884 0.11491703 0.03779063 0.13819267 0.06263354 0.01099613 0.05309799 0.036946826 0.029299013 1.0157634e-05 0.012076437 0.00012966755 0.0038031645 0.0044531585 0.0064254184 0.044977847 0.0027681487 6.985469e-06 0.0021186045 0.0011226384 0.10225388 0.023065109 0.001094928 0.0036581897 0.0011552586 0.008647868 7.605483e-06 1.662573e-06 0.005597689 0.009751084 0.010745426 6.014221e-05 0.009480337 0.0015904474 0.010193582 0.0059336447 0.0014455012 0.0007304321 5.6024393e-05 2.2464478e-07 0.00041922872 0.00011078726 0.00043936845 0.00093100785 0.00095943926 0.00017099328 8.411914e-06 0.00011898044 4.529706e-06 2.928352e-06 0.0009522121 4.5759825e-06 0.00021785627 3.731819e-05 0.00039488912 4.617351e-06 2.5756883e-05 8.085991e-05 2.159214e-05 1.5559007e-06 4.9676364e-06 8.5824624e-08 9.546434e-05 1.055579e-06 1.6561315e-05 0.00010104144 8.1739825e-05 2.1576803e-07
0.83889383 0.3850103 0.3377404 0.01748429 0.14483875 0.0035597861 0.00309722 0.0012589481 0.8678127 0.157583 0.001550308 2.027595e-18 0.015763655 0.30683962 0.0007329959 0.0019557008 0.00042159585 0.055427022 0.5163544 0.34673887 0.048951942 0.00044159612 0.11470358 0.079556614 0.007566518 0.5471367 0.0017499169 0.0004163469 0.0009980792 0.00021251214 0.35887384 0.13448943 0.00061934185 0.00031719342 0.00046489836 4.774781e-05 0.0005215167 0.00010061624 0.00024277308 0.010870022 0.009320971 0.011715263 0.19141378 0.067717396 0.094252676 0.00028966603 0.07507387 0.013888815 0.0052576973 0.0016155719 0.085034385 0.00016942734 0.00022742523 0.0064059133 0.00032907963 0.00020098784 0.00021354294 0.014154248 0.013914813 0.040089246 0.01828795 0.00013695178 0.0019113884 0.0025640554 0.004890901 0.0014677222 0.0009228153 0.002408077 0.0011495771 3.143715e-05 0.025960462 0.015352683 0.0022005695 1.5099944e-05 0.023434723 1.0175145e-05 9.662825e-05 0.0005318275 0.0001949418 9.916312e-07 1.871053e-05 0.00034213078 6.7457836e-07 0.00045211226 4.2084483e-07 2.4705321e-05 0.016293885 3.118929e-05 0.00024773023 0.00022348162 1.2340103e-05 8.586593e-05 2.9589423e-06 0.028731313 9.130484e-05 3.5977104e-05 1.3744145e-05 5.2963846e-06 4.1432795e-06 9.757534e-06 7.1293044e-07
0.25344607 0.08893298 0.036208536 0.1238653 0.43558058 0.1759273 0.04861066 0.117211536 0.0095175775 0.6407756 0.32114252 0.015763655 2.8353696e-21 0.59377354 0.13276637 0.5991793 0.034444965 0.77883047 0.100283496 0.0042960825 0.6289606 0.056201514 0.5442775 0.61799276 0.81000733 0.03683018 0.3295348 0.014494826 0.48825866 0.025090769 0.039462574 0.0035515865 0.22078376 0.014598637 0.047480244 0.0041598235 0.04199886 0.027328154 0.0058848634 0.24902552 0.2133757 0.19626416 0.0001726117 0.0061464165 0.0009730934 0.0015548787 0.0033503983 0.06507514 0.0028832038 0.0042777136 1.6574602e-05 0.00036306592 0.00033501504 0.29250678 0.007961458 0.00032592387 0.0004182904 0.0064824563 0.0012361589 3.989262e-05 1.1536935e-05 0.0007947093 0.0016505515 0.053761125 0.00035281997 0.0438921 0.00021584923 0.04864348 0.026715958 0.00011286789 0.000371858 0.00022867098 9.2255027e-07 2.2838403e-05 0.00035214584 2.2542446e-05 0.00010533255 0.0009835927 0.00086138153 2.698536e-07 9.588771e-05 1.9212708e-05 5.9009974e-08 0.00033615215 2.3167303e-07 3.304834e-05 8.078722e-05 4.5505607e-05 7.5557587e-06 3.4873898e-05 5.17473e-06 1.2694533e-06 2.7892224e-07 5.169886e-06 1.0637295e-07 2.4182393e-05 6.8218e-07 1.6222809e-06 5.2843116e-06 1.8934206e-05 1.586709e-08
0.27790174 0.13198039 0.09723777 0.05579671 0.328901 0.027622392 0.010370065 0.0052442113 0.09488692 0.7704734 0.008050297 0.30683962 0.59377354 1.2320036e-21 0.0018359928 0.015555255 0.001339756 0.7432974 0.7908154 0.022700693 0.6448098 0.00095464673 0.8216503 0.7608024 0.18967907 0.70987755 0.007643122 0.00096634985 0.008062402 0.0007121731 0.043642987 0.00701465 0.0024900693 0.0011213147 0.0013293382 0.00015523568 0.001182326 0.00084176316 0.00019839445 0.15823878 0.11673876 0.13702902 0.0014393758 0.007271963 0.016738553 2.6734104e-05 0.0029628861 0.06348976 0.0013199081 4.254509e-05 0.00034338122 4.417557e-06 8.97219e-06 0.031391494 0.00096899475 3.6898812e-06 6.463794e-06 0.011219148 0.00071406673 0.00045164963 4.5926066e-05 5.602765e-05 0.00026331845 0.022990525 0.00035959005 0.0075665326 9.772602e-06 0.00730945 0.012336838 2.929134e-06 0.0007479631 0.00078890927 2.480515e-06 1.4415689e-06 0.0002851681 1.2152698e-06 1.1798659e-05 4.52187e-05 0.00026380984 9.593709e-09 6.633209e-06 5.083809e-05 1.9723527e-09 3.926141e-05 5.602166e-09 1.8675288e-05 0.00038849952 1.5738757e-05 8.305408e-06 1.8645302e-05 2.1951782e-06 2.0879197e-07 2.7003752e-08 0.0006204621 6.1311624e-07 1.9879615e-06 1.0861553e-06 2.2866125e-07 5.8456358e-08 1.0620678e-06 6.95733e-09
0.87021023 0.008953706 0.00548076 0.0579012 0.04716201 0.12604676 0.11228522 0.30975667 0.0016895207 0.0073013613 0.53823346 0.0007329959 0.13276637 0.0018359928 5.5835415e-20 0.66200924 0.5289604 0.030336685 0.00026686967 0.0021543466 0.018650947 0.8753377 0.0025212397 0.005918352 0.13908194 0.00066993205 0.17161885 0.18529488 0.20473726 0.47429055 0.036532845 0.0015727541 0.28642875 0.38256454 0.24684662 0.0747051 0.27166197 0.20262091 0.079981685 0.026549848 0.01492327 0.008898969 2.4338684e-05 0.019858235 0.00017842521 0.019927954 0.0047671534 0.002866924 0.06546104 0.01306124 1.0799937e-05 0.0093257725 0.004240089 0.05556195 0.042869586 0.0033949628 0.007292433 0.0008584985 0.008305611 1.6526794e-05 2.7832211e-06 0.01796623 0.0388455 0.0024964497 0.000104587016 0.004721938 0.0072696405 0.008706435 0.0010596857 0.0035765348 0.00042016813 4.498579e-05 8.091344e-07 0.001369365 0.00015372198 0.0003442094 0.0010479619 0.00025659782 1.537043e-05 8.014561e-05 0.00013449669 2.2011695e-06 5.2949123e-05 0.0006545001 5.250732e-05 0.00080599304 1.927097e-05 0.0005940453 1.0574348e-06 7.048369e-05 4.7718313e-05 1.1877687e-05 1.7594391e-05 1.5606569e-05 1.8676549e-07 9.064555e-05 8.8659397e-07 1.0676445e-05 0.00035655976 7.553789e-05 5.8596316e-07
0.16219506 0.020723391 0.01125865 0.23475492 0.2163537 0.47110692 0.16228913 0.51566833 0.0020467725 0.11199495 0.751406 0.0019557008 0.5991793 0.015555255 0.66200924 2.0350931e-21 0.13491139 0.20746996 0.0011459601 0.0036228274 0.112356514 0.29685864 0.015839607 0.041919187 0.6925585 0.0017793907 0.70406795 0.07986783 0.733188 0.2186765 0.03232961 0.003006226 0.6140982 0.073215954 0.36011308 0.027347988 0.33858588 0.14987703 0.011812717 0.062886454 0.056495268 0.042033028 6.4609376e-05 0.01533241 0.00023371317 0.0066431323 0.005487033 0.007246822 0.014365995 0.007966914 2.3800329e-05 0.0021885708 0.0013539621 0.281226 0.008283668 0.0017846233 0.0014009051 0.0016432686 0.0036265643 2.2616867e-05 4.8913153e-06 0.002976283 0.0049522663 0.013025429 4.9899456e-05 0.03554328 0.0025302602 0.03664813 0.0040096873 0.00033930354 0.00050390896 8.2253355e-05 4.2441138e-07 0.00012191935 0.00018373755 0.00011479749 0.0004718089 0.0004203148 3.4278815e-05 8.444426e-06 1.1608916e-05 6.507443e-06 1.3804274e-06 0.00043243173 1.0785218e-05 0.00011627525 0.000111332505 0.000107305306 2.2244121e-06 2.8688603e-06 3.728367e-06 1.0662678e-05 1.8596253e-05 6.395911e-05 1.3861533e-07 1.1427248e-05 2.6463388e-07 2.1046044e-07 0.00021199857 4.6058417e-06 6.9062884e-07
0.90947616 0.009744153 0.006670912 0.039835498 0.027994845 0.06338999 0.21229877 0.21023864 0.0010501255 0.003396689 0.21150707 0.00042159585 0.034444965 0.001339756 0.5289604 0.13491139 4.4669037e-17 0.0070020407 9.544905e-05 0.0024976395 0.00422461 0.37727913 0.0009978345 0.001978518 0.019558122 0.00021810678 0.026274508 0.8834386 0.051916707 0.14187814 0.06803561 0.0010246431 0.07709367 0.19054958 0.059906248 0.3921612 0.070636734 0.09020713 0.106204666 0.0049029165 0.0030283162 0.0016993578 3.801081e-05 0.031672925 5.801387e-05 0.03183652 0.013031001 0.0004488817 0.18617672 0.009331493 2.3361099e-05 0.016189473 0.00485813 0.008015724 0.011573533 0.0032309666 0.008249268 0.0002441923 0.043329276 4.046465e-05 2.0611803e-06 0.0031512387 0.06347659 0.00034115592 6.038877e-05 0.0004598642 0.007471647 0.0011877497 0.00014320307 0.0016086926 0.0026506044 5.852143e-05 7.7674e-07 0.0006253988 0.00047056735 0.002628018 0.00854002 6.019586e-05 2.1640377e-05 0.0003761072 1.0744114e-05 3.811406e-06 0.00032907052 0.00021165556 0.00020468455 0.0065767555 4.0686995e-05 0.004678461 2.3014707e-06 5.0376268e-05 2.114654e-05 6.391271e-05 2.2346978e-05 1.3805953e-05 2.9293588e-07 2.7842021e-05 6.093006e-07 1.5652261e-06 0.00085049326 9.806015e-06 1.3490197e-06
0.104027145 0.08291815 0.066132754 0.09974182 0.35688695 0.07301853 0.020497104 0.033337686 0.027954014 0.65984243 0.09535575 0.055427022 0.77883047 0.7432974 0.030336685 0.20746996 0.0070020407 1.9009492e-22 0.4180916 0.0058331117 0.8134239 0.013119165 0.7182286 0.7632745 0.62707037 0.3529938 0.13484085 0.00484075 0.1680724 0.0071330694 0.027912552 0.0049605146 0.041703217 0.005490643 0.013897096 0.0018552147 0.01359911 0.007641865 0.00232095 0.3165123 0.27792278 0.25287142 0.0014216984 0.007563871 0.0049964776 0.000830105 0.0036507573 0.07967066 0.0013628503 0.0020243144 0.00016887515 0.00018193254 0.00015371772 0.13213083 0.0040027797 0.0002038051 0.00021770695 0.014188901 0.0007545487 0.0005419018 2.7203912e-05 0.0006391713 0.00029926145 0.043192923 0.0010138208 0.028454784 6.327995e-05 0.032380477 0.021948867 3.791621e-05 0.00035876472 0.000491087 4.4830604e-06 1.837797e-05 0.0004145499 2.374301e-06 1.8684193e-05 0.00032722042 0.0002705859 4.0246354e-07 7.7688754e-05 7.8615325e-05 7.5271195e-08 0.00022069985 5.674737e-07 2.4366553e-05 0.00033217817 2.8682654e-05 2.29937e-05 2.3477976e-05 3.5298995e-06 8.255378e-07 8.71507e-07 0.00020082727 9.343905e-07 2.324159e-05 1.1321945e-06 9.866797e-07 8.418936e-06 1.2528206e-05 4.2340574e-08
0.19103472 0.09807833 0.12050723 0.021422822 0.15773745 0.005380073 0.0028500864 0.0011823531 0.28837338 0.49535707 0.0011435873 0.5163544 0.100283496 0.7908154 0.00026686967 0.0011459601 9.544905e-05 0.4180916 1.7349267e-21 0.06780066 0.39693826 0.00017027857 0.6246112 0.5423921 0.020894034 0.88460773 0.00080588384 0.00013080263 0.00040770063 0.00013883121 0.04705762 0.027465148 0.00034912062 0.00016381918 0.0003889314 1.6442624e-05 0.00031342867 9.048973e-05 7.470635e-05 0.045729093 0.050895143 0.06574051 0.0069860327 0.0115697365 0.15573509 1.6739828e-05 0.005862759 0.02939076 0.0012255451 0.00014196623 0.0025999283 5.5071005e-06 1.2568343e-05 0.0062983977 0.00011604782 1.0030242e-05 4.77671e-06 0.013812481 0.0011684835 0.0010837564 0.00034788574 2.1120097e-05 0.00025788526 0.0046989284 0.003231697 0.0012609066 2.8186418e-05 0.001817911 0.002689127 9.364071e-06 0.0013408086 0.0016613932 5.1145915e-05 5.315309e-06 0.0006999407 3.8627584e-07 4.0355103e-06 5.3025633e-05 6.909076e-05 2.2338954e-08 2.297609e-06 5.18756e-05 5.1423177e-09 4.7957736e-05 1.4120964e-08 2.1210748e-05 0.0016250411 1.70753e-05 1.9444004e-05 1.290333e-05 4.516688e-06 6.9207874e-07 7.845544e-08 0.0064839004 6.5000804e-06 5.1360767e-06 1.3065587e-06 9.137918e-08 4.5039425e-08 1.0355167e-06 1.159069e-08
0.9250778 0.25252318 0.38886017 0.039218754 0.047674492 0.008564493 0.014075845 0.0032885738 0.5496353 0.03574728 0.0010399166 0.34673887 0.0042960825 0.022700693 0.0021543466 0.0036228274 0.0024976395 0.0058331117 0.06780066 9.08041e-23 0.003428508 0.00059810723 0.0106032165 0.006820799 0.0022558398 0.07342012 0.0008179726 0.005821894 0.0003711077 0.00017979839 0.4909255 0.8967434 0.0001193426 0.00026410486 0.00027020913 0.00022126021 0.00017738399 4.9670612e-05 0.0002344682 0.002694079 0.0024607773 0.0035881693 0.4240714 0.4705513 0.017937776 0.00040879368 0.6747362 0.0025448676 0.025628326 0.0005414877 0.08777404 9.688486e-05 7.043719e-05 0.0004336316 0.00010052847 3.4372115e-05 0.00017957269 0.0044490136 0.2236381 0.12608002 0.020330202 7.6218894e-05 0.0019044514 0.00024081007 0.0042577824 0.00010564571 0.00027911054 0.00014619528 3.1762946e-05 3.2904384e-06 0.16429545 0.09793159 0.0024900467 2.3115497e-06 0.04831862 6.865178e-06 0.000256476 8.672168e-06 2.5206984e-07 1.0165044e-06 1.944692e-06 5.5222044e-06 2.7534306e-06 1.5023685e-05 8.339385e-06 2.6913413e-06 0.0807271 1.1123513e-05 3.553633e-05 8.083782e-06 2.5784102e-06 3.00339e-06 1.1678762e-05 0.032191012 4.8263722e-05 3.0856436e-06 1.3152744e-07 8.3170005e-07 2.707708e-09 3.0179588e-06 1.622359e-07
0.040516797 0.05978677 0.061831348 0.08008408 0.23616406 0.05627111 0.017630775 0.023992464 0.028071133 0.52259547 0.06437728 0.048951942 0.6289606 0.6448098 0.018650947 0.112356514 0.00422461 0.8134239 0.39693826 0.003428508 2.665362e-21 0.012418684 0.6759696 0.7364292 0.52124333 0.3464575 0.12138517 0.0037089647 0.12185987 0.00831071 0.020900983 0.0037950575 0.037559576 0.0051290016 0.013213042 0.0013889038 0.0115866745 0.0070763845 0.0014081098 0.32197988 0.27650705 0.2607206 0.0008579419 0.005238868 0.0059804046 0.00066205946 0.0039480934 0.08830216 0.0011733746 0.0019044959 0.0002221135 0.00015518093 0.00013330643 0.0811376 0.004027631 0.00018220775 0.00015721467 0.015541124 0.00083119783 0.00059377623 3.2741318e-05 0.0007344916 0.00015310734 0.035702575 0.0015509852 0.027234683 5.9537753e-05 0.032670926 0.014838384 9.480104e-05 0.00043259547 0.0004997926 1.635982e-05 4.4867236e-05 0.0003969774 7.902585e-06 3.0007579e-05 0.0004751868 0.00022377934 1.3383952e-06 0.00010586387 7.037515e-05 3.3466517e-07 0.00035378497 3.3225006e-06 3.466936e-05 0.00027431516 4.3086395e-05 4.5585617e-05 2.1559033e-05 4.928221e-06 1.0345947e-06 2.706256e-06 0.00028131975 6.1114047e-06 3.427532e-05 1.8140151e-06 9.217931e-07 2.591692e-05 1.1980552e-05 1.2592673e-07
0.935915 0.0060616606 0.0023240186 0.021052025 0.03042213 0.037511457 0.04384607 0.06720117 0.00057451235 0.0030152951 0.3401505 0.00044159612 0.056201514 0.00095464673 0.8753377 0.29685864 0.37727913 0.013119165 0.00017027857 0.00059810723 0.012418684 1.1319802e-18 0.0011116981 0.0029938903 0.07564231 0.00046697236 0.094778955 0.13545649 0.16782446 0.61683595 0.024159329 0.00026654635 0.3566874 0.46172595 0.22342603 0.13880807 0.24956474 0.32777616 0.17276224 0.017824223 0.011507355 0.007962129 2.933467e-06 0.0065509244 0.000104286824 0.030286033 0.002332623 0.0033941532 0.0560223 0.023330497 1.7366764e-06 0.019999588 0.009777893 0.057604346 0.10881057 0.007232175 0.026846757 0.00045371518 0.0069931326 3.2293137e-06 5.306296e-07 0.03309351 0.038979955 0.0050798375 2.409988e-05 0.0053205714 0.008530777 0.010845796 0.001840392 0.011525582 0.00031377858 7.4202603e-06 2.1040645e-07 0.005538888 9.289626e-05 0.0007128455 0.0013482802 0.0010577138 3.282764e-05 0.00010012853 0.00012943403 7.433649e-07 5.908119e-05 0.0049708593 4.2000607e-05 0.001101687 7.032755e-06 0.0007945229 7.8149094e-07 1.2342469e-05 0.00015104977 6.575036e-05 3.152887e-05 9.38603e-06 6.553535e-08 3.9098126e-05 2.4793192e-07 3.1784018e-06 0.0004944444 2.2014918e-05 1.5035401e-06
0.13146225 0.07562899 0.043685563 0.03287477 0.1836812 0.019850254 0.006331412 0.004160121 0.0354372 0.52468824 0.015058241 0.11470358 0.5442775 0.8216503 0.0025212397 0.015839607 0.0009978345 0.7182286 0.6246112 0.0106032165 0.6759696 0.0011116981 1.3893264e-23 0.8258638 0.23551624 0.59131217 0.013654092 0.0009298149 0.014274951 0.00070276693 0.019335344 0.0040049064 0.0045915036 0.0013428464 0.001872542 0.00029753012 0.0017038098 0.0008185391 0.00026093237 0.27056277 0.2097685 0.23056604 0.0008886933 0.0047099073 0.021251868 3.0490597e-05 0.0022314505 0.10939717 0.000638809 7.7647055e-05 0.00020318876 1.0582395e-05 6.404563e-06 0.042983714 0.0010606021 4.0649825e-06 9.218824e-06 0.027284829 0.0005097952 0.00025321808 1.62661e-05 6.8675916e-05 0.00010297861 0.04570424 0.00046296162 0.01512868 7.767346e-06 0.014515085 0.023530107 3.4680254e-06 0.0005673276 0.00043860025 1.4777403e-06 1.3583507e-06 0.00016648197 2.0916236e-06 1.5160459e-05 0.000113454866 0.000730562 1.393469e-08 1.40032935e-05 0.00022442691 3.0260756e-09 8.528788e-05 1.1328758e-08 1.795971e-05 0.00023136448 9.355278e-06 2.1759473e-05 8.031233e-05 2.558081e-06 4.3288537e-07 1.7005961e-08 0.00040134232 9.925925e-07 3.284782e-06 2.284726e-06 4.7428398e-07 1.1844103e-07 2.468541e-06 4.6991677e-09
0.10929042 0.07117925 0.04302151 0.04556171 0.20328581 0.030180497 0.008387745 0.008866182 0.02312746 0.50347704 0.031177703 0.079556614 0.61799276 0.7608024 0.005918352 0.041919187 0.001978518 0.7632745 0.5423921 0.006820799 0.7364292 0.0029938903 0.8258638 1.2995474e-23 0.42420322 0.5091697 0.03756613 0.0016516632 0.038873136 0.0020886287 0.019783603 0.0033531392 0.014024056 0.00223197 0.0053126337 0.000362911 0.004769563 0.0022119135 0.00065365864 0.33964667 0.26769668 0.2652045 0.00062984903 0.0051158653 0.010447742 9.593171e-05 0.0021112335 0.111056946 0.00070797454 0.0002682061 0.00012897873 2.4850668e-05 1.8017197e-05 0.07997699 0.0020968185 1.6638347e-05 2.149535e-05 0.024409615 0.00043937122 0.00017598277 9.229187e-06 0.00014279585 0.00019493047 0.057650816 0.0005395963 0.025810787 2.3811659e-05 0.030309169 0.03208612 7.974614e-06 0.00044412765 0.00028095322 1.741501e-06 4.6210166e-06 0.00019572287 1.255456e-06 9.98208e-06 0.00036366752 0.00064583385 5.5073052e-08 2.6908934e-05 0.00020366716 7.033301e-09 0.00027998173 3.7917598e-08 2.7471506e-05 0.00018505276 1.7606344e-05 2.6178492e-05 6.48758e-05 5.32335e-06 3.860107e-07 2.9152664e-08 0.00019975263 9.035065e-07 9.940718e-06 1.598742e-06 8.3910214e-07 4.833106e-07 5.975644e-06 7.351166e-09
0.06312743 0.018028397 0.013974165 0.093299486 0.18143445 0.15652703 0.035210095 0.096275456 0.005152716 0.24068086 0.26562867 0.007566518 0.81000733 0.18967907 0.13908194 0.6925585 0.019558122 0.62707037 0.020894034 0.0022558398 0.52124333 0.07564231 0.23551624 0.42420322 2.3507294e-21 0.015849458 0.7145318 0.009203053 0.71688235 0.044590153 0.011343534 0.0040116496 0.4110217 0.015596593 0.20336692 0.0037761347 0.20841092 0.03436977 0.004614875 0.3362527 0.31885803 0.24629049 0.00034306044 0.004889623 0.0019159573 0.0021114792 0.0046356777 0.080829985 0.0021284407 0.004750799 5.348368e-05 0.00055624073 0.0006392551 0.4606953 0.030850174 0.000838917 0.0015760731 0.008916664 0.0012358564 0.00013589367 9.801312e-06 0.0051575582 0.00088798854 0.057822816 0.00079201953 0.1178926 0.0005663322 0.12182862 0.023339255 0.00030552785 0.00027940024 0.00016953288 6.0881534e-06 0.00011797169 0.00022159978 4.55011e-05 0.00014747375 0.0036834404 0.00077403255 1.4295862e-05 0.000288452 7.343711e-05 1.5044753e-06 0.0025773838 1.3291942e-05 4.9093942e-05 7.34486e-05 5.5881388e-05 4.682701e-05 5.2339088e-05 1.1987286e-05 9.77141e-06 1.165583e-05 0.00013669785 6.0503777e-07 6.922683e-05 2.278025e-06 6.4614637e-06 9.975786e-05 4.1428782e-05 2.3705597e-07
0.38952118 0.08030118 0.09544871 0.009404304 0.1249755 0.0034461278 0.002649516 0.0012239543 0.24776736 0.2871567 0.0013019703 0.5471367 0.03683018 0.70987755 0.00066993205 0.0017793907 0.00021810678 0.3529938 0.88460773 0.07342012 0.3464575 0.00046697236 0.59131217 0.5091697 0.015849458 7.346738e-20 0.0016951924 0.00014547748 0.0007169501 0.00027354658 0.052241415 0.035977047 0.00061408913 0.00031677174 0.0005964878 0.00010695956 0.00051449914 8.242666e-05 0.00013457022 0.054043207 0.04885331 0.08298705 0.018338967 0.013070169 0.46365535 4.9695813e-05 0.010100244 0.05409677 0.0009492722 9.88014e-05 0.010932075 8.1262015e-06 2.1480779e-05 0.014444659 0.0003718715 2.6668533e-05 9.722173e-06 0.04612823 0.0019023004 0.002974894 0.0017687335 0.00013172232 0.00016101293 0.010563318 0.016972799 0.003822642 2.507679e-05 0.0037615977 0.0069615915 2.736323e-05 0.0033020761 0.0039817747 0.00086590496 7.500843e-06 0.002285563 2.520957e-06 2.3746914e-05 0.00036964004 0.0013644433 1.5943883e-07 8.538737e-06 0.0008011868 3.1668588e-08 0.0002120204 7.89335e-08 6.2771454e-05 0.0041806153 3.006008e-05 0.0011423592 0.00015707246 6.0751963e-06 1.3925797e-05 3.3294867e-07 0.015699204 0.00028507892 9.9768085e-06 1.133165e-05 2.095412e-07 1.6830174e-07 3.1675931e-06 9.2019505e-08
0.025796857 0.0050044963 0.0032485982 0.03748535 0.05893387 0.08085747 0.02007798 0.083202384 0.0015280189 0.038740702 0.23610836 0.0017499169 0.3295348 0.007643122 0.17161885 0.70406795 0.026274508 0.13484085 0.00080588384 0.0008179726 0.12138517 0.094778955 0.013654092 0.03756613 0.7145318 0.0016951924 2.137588e-22 0.014682318 0.8148902 0.09219731 0.0064531392 0.0017375246 0.48083538 0.030757906 0.2799077 0.0059365286 0.26182255 0.08145982 0.005444917 0.09414202 0.09598994 0.061329994 2.3394454e-05 0.0023704844 0.00028920727 0.0023537523 0.0024352162 0.016258914 0.002712636 0.004262847 2.0250393e-06 0.0005809421 0.0004335177 0.25986183 0.027002778 0.00065105094 0.0013749731 0.0022160339 0.0010285464 1.131476e-05 7.140674e-07 0.0064586215 0.001590549 0.029336471 8.944164e-05 0.05418669 0.0008219466 0.061894227 0.012634085 0.00030770895 8.263311e-05 3.510718e-05 3.21164e-07 0.00010962894 7.267422e-05 2.5110534e-05 0.00011129674 0.0024589791 0.00010207555 7.262333e-06 0.00012333426 1.1664716e-05 8.122377e-07 0.004186636 5.9106237e-06 4.775856e-05 1.6569942e-05 3.5179073e-05 4.2452616e-06 7.2741723e-06 1.1920935e-05 8.09923e-06 8.310179e-06 3.8435915e-05 1.2329762e-07 2.829323e-05 1.4802644e-07 2.0406376e-06 0.00011504891 1.4205836e-05 4.0063574e-07
0.929158 0.0077114254 0.0101287225 0.022477714 0.0136207845 0.022745205 0.08390413 0.044315062 0.0018348619 0.002396314 0.053338394 0.0004163469 0.014494826 0.00096634985 0.18529488 0.07986783 0.8834386 0.00484075 0.00013080263 0.005821894 0.0037089647 0.13545649 0.0009298149 0.0016516632 0.009203053 0.00014547748 0.014682318 8.7438665e-18 0.02080989 0.11519109 0.06292529 0.001626936 0.032929745 0.17856562 0.049960863 0.8701193 0.06451501 0.0851984 0.26718414 0.0031315112 0.0025908097 0.0017450424 0.0004596936 0.067803025 0.00041280495 0.08496607 0.0237412 0.0011349858 0.32850152 0.020617183 0.00017471035 0.032979287 0.01457175 0.0034447345 0.0063134194 0.0072616204 0.012416997 0.0015954005 0.119853854 0.00015235443 1.712834e-05 0.0037696653 0.16854681 0.00051414623 0.00017513976 0.0009952615 0.02006757 0.0020674064 0.00027699894 0.0027791155 0.0016932042 7.764557e-05 7.3842716e-06 0.0013141317 0.0006475536 0.006728848 0.021973528 0.00012489715 3.388382e-05 0.0020713948 3.4849392e-05 6.4514745e-05 0.0015176988 0.00089197507 0.0010623083 0.03315441 5.3478987e-05 0.01692376 8.678258e-06 0.00016053088 0.00010514165 0.00016863906 0.00013547055 4.7404978e-05 2.8940092e-06 6.124798e-05 3.164954e-06 1.065605e-05 0.0016944108 5.584324e-05 4.1541e-06
0.22636794 0.011975048 0.0047582807 0.036814827 0.120831236 0.074454956 0.022760212 0.07668316 0.00085687655 0.041498743 0.3958992 0.0009980792 0.48825866 0.008062402 0.20473726 0.733188 0.051916707 0.1680724 0.00040770063 0.0003711077 0.12185987 0.16782446 0.014274951 0.038873136 0.71688235 0.0007169501 0.8148902 0.02080989 3.362975e-22 0.18118955 0.013915949 0.0006728558 0.7344148 0.055077907 0.45465636 0.01240677 0.4543661 0.1862646 0.009218188 0.15757689 0.13647065 0.09554931 2.7541032e-06 0.004029281 0.00029454962 0.005033437 0.002406642 0.029442143 0.0060165706 0.004983997 2.358263e-06 0.0021926614 0.0016372929 0.392557 0.073132105 0.0010785409 0.0020215642 0.004760353 0.0012910432 2.860915e-06 1.577218e-06 0.011826762 0.0030871981 0.07473185 0.00013725016 0.05547148 0.0015041877 0.072239175 0.055242904 0.00081419677 0.00013237413 6.2329724e-05 3.9842507e-07 0.00013707095 6.983581e-05 0.000150602 0.00035208825 0.0069513256 0.0015460352 1.1316752e-06 0.001689674 1.565869e-05 1.5687237e-07 0.014635891 1.3808119e-06 5.5772718e-05 1.2498276e-05 7.5898075e-05 1.1104128e-05 8.120945e-05 3.7587466e-05 1.566305e-05 5.66966e-06 9.780555e-06 8.1398746e-08 5.528969e-05 2.0543923e-06 4.0412374e-06 0.00018103395 3.189891e-05 1.5421936e-07
0.88364005 0.0038411275 0.0020235288 0.0057981904 0.012942053 0.01320678 0.013242996 0.025399286 0.00041631848 0.0013729645 0.13585785 0.00021251214 0.025090769 0.0007121731 0.47429055 0.2186765 0.14187814 0.0071330694 0.00013883121 0.00017979839 0.00831071 0.61683595 0.00070276693 0.0020886287 0.044590153 0.00027354658 0.09219731 0.11519109 0.18118955 1.2998778e-18 0.014082107 0.00042029677 0.5253779 0.7989627 0.51797354 0.12513247 0.5660585 0.75546104 0.30678666 0.017177839 0.013450998 0.011290515 3.90646e-06 0.004097826 0.00021601666 0.06402466 0.002173518 0.004020253 0.03229038 0.048111867 4.236251e-06 0.03309694 0.022926759 0.080591924 0.28296572 0.015853615 0.12037662 0.0011125684 0.0046090125 6.32947e-06 1.4253571e-06 0.14633693 0.03963357 0.009097183 0.00010304766 0.014477413 0.015069755 0.026922304 0.0035085797 0.057582512 0.00018653028 1.759956e-05 3.8308016e-07 0.029714853 0.00013436105 0.0007234109 0.0013544078 0.0036568553 7.3031544e-05 0.0008906232 0.0012754905 2.3926077e-06 0.00023143642 0.02027784 0.00019429073 0.0010376867 2.6151469e-05 0.00072712934 1.456153e-06 2.9021503e-05 0.0013413265 0.00026251585 0.00015258593 5.7027093e-05 1.824845e-07 0.00017649741 3.753767e-07 8.796949e-06 0.0032070156 0.00010960185 3.5690575e-06
0.98766214 0.55394864 0.5901795 0.28534716 0.25618446 0.12663636 0.22775854 0.06447445 0.3525772 0.116566464 0.040856738 0.35887384 0.039462574 0.043642987 0.036532845 0.03232961 0.06803561 0.027912552 0.04705762 0.4909255 0.020900983 0.024159329 0.019335344 0.019783603 0.011343534 0.052241415 0.0064531392 0.06292529 0.013915949 0.014082107 3.835887e-18 0.0683172 0.010351732 0.0118789915 0.003978632 0.025682595 0.0036477817 0.012381623 0.006099297 0.005413452 0.0037800747 0.003948884 0.050950114 0.7503341 0.005122312 0.004974034 0.38585126 0.0033500004 0.30856797 0.0013112517 0.007135324 0.0025844863 0.00089624117 0.0021913091 0.002309886 0.0004942323 0.0005625397 0.002152801 0.42628038 0.010565877 0.0023315675 0.00028970884 0.032585364 0.00035995376 0.0004435245 0.00025515587 0.0016035498 0.0002252151 0.0001968419 4.8102662e-05 0.033938434 0.03324711 0.0005050969 3.8068018e-05 0.022447055 0.01683061 0.075600706 4.065349e-05 4.62391e-05 1.5627182e-05 4.2037213e-06 0.00012863577 2.8108198e-05 0.00014996738 1.6637126e-05 0.013690347 0.048641242 0.013837928 7.99604e-05 7.9347825e-05 4.9618535e-05 8.305599e-06 6.5367385e-06 0.009957118 8.466452e-05 4.2581094e-05 3.0182148e-06 5.6701978e-05 0.00010026288 9.836104e-05 4.2684238e-07
