1.1509453e-29 0.12091962 0.17324404 0.2266179 0.26392323 0.0014466025 0.1683053 0.17809926 0.8335339 0.029045787 0.0001576379 6.6944434e-05 0.005274328 5.0302624e-05 0.00048803358 0.01342559 0.311714 0.16712394 0.02933104 0.77689946 0.734786 8.5547494e-05 0.020215297 0.747123 0.018293861 0.90020186 0.44986373 0.25792146 0.5918679 0.031481795 0.003039428 0.90994966 0.56215173 0.9612982 0.6508635 0.95819926 0.610978 0.59379387 0.94147265 2.751159e-07 0.07691802 0.48758614 0.0005504828 0.48979658 0.43998593 0.42811292 0.09067731 0.056855198 0.9724016 5.586833e-05 0.41026163 0.8678608 0.55095595 0.07442486 0.009388636 0.9417522 0.9907611 0.31809172 0.98542994 0.9924264 0.0075209215 0.9741297 0.036820784 0.9976587 1.358119e-06 0.032546807 1.3510908e-05 0.049776435 0.08019438 0.037906773 3.3769717e-05 0.016271688 4.43175e-05 0.9772482 0.93915546 0.99633384 0.85748255 0.72550833 0.9989304 6.295743e-05 0.98157096 0.0015815439 0.07339968 0.07412167 0.3584358 0.96745396 0.99958265 0.011001075 0.977854 0.5993358 0.9962952 0.9964324 0.17236158 0.80313545 1.520668e-05 0.0026701095 0.8860921 0.031424 0.9985811 0.17398496 0.9998043
0.12091962 1.3525566e-18 0.5400581 0.43258435 0.3968477 0.5658866 0.16428687 0.36741173 0.16523667 0.1721838 0.14368144 0.14078183 0.081686705 0.07274201 0.025131091 0.026411587 0.038463175 0.04238656 0.0246099 0.11978116 0.045284804 0.2520602 0.010674806 0.018326996 0.11501316 0.04861147 0.002616347 0.009522612 0.0027825723 0.026257543 0.001651479 0.0029092568 0.0010652819 0.08506563 0.0056886273 0.029171966 0.00048703974 0.0008036968 0.0038308096 0.0002753271 0.00030656776 0.0004265846 0.0007101632 0.00042592545 0.00016082171 0.020744795 0.00019249674 7.752016e-05 0.0009907692 0.00013114224 1.3670821e-05 0.00029720398 5.211279e-06 4.555124e-05 2.995951e-05 0.00047702252 0.0009578203 5.4001507e-06 0.06832738 0.0003810783 8.132768e-06 7.924998e-05 1.4949214e-06 0.004147526 0.00090190786 2.0029219e-07 2.8384551e-05 1.17561456e-07 1.0906263e-07 3.5921712e-08 1.7104132e-05 8.6337046e-08 9.625493e-07 0.0037556242 3.7463502e-05 3.816071e-05 8.135724e-06 5.5806054e-06 0.0002974237 6.92813e-07 1.1210222e-05 9.2563965e-08 9.314127e-09 3.9069237e-09 1.5183616e-06 0.09265384 0.012355672 2.5339162e-07 1.5924408e-06 1.1074701e-06 1.2659816e-05 0.00012970601 5.5668696e-08 9.9207995e-08 1.2659339e-06 0.011782828 3.7832515e-07 2.1934402e-07 1.4492766e-05 3.1540914e-08 0.10287418
0.17324404 0.5400581 1.957199e-19 0.84166926 0.6887915 0.036916424 0.5118273 0.6280202 0.45570767 0.19263308 0.021163924 0.0072397073 0.035552714 0.0027416584 0.0049161464 0.008921282 0.05039875 0.03820712 0.011169575 0.03823806 0.02257622 0.0035190096 0.008264166 0.023888718 0.006526754 0.044351503 0.016328195 0.0053567933 0.0035145022 0.0033660862 0.0009048741 0.0520941 0.008332232 0.122985624 0.00645485 0.022279799 0.003351512 0.0026292647 0.022193372 1.0360575e-05 0.00015963151 0.00036033842 0.00013860987 0.00041361223 0.0002870724 0.009642151 2.8494776e-05 9.585338e-06 0.012191738 1.52064185e-05 7.805179e-06 0.00037760407 2.3210314e-05 4.612294e-06 1.5048082e-06 0.00025250932 0.007836801 2.0205155e-06 0.025474917 0.0062017576 5.433184e-07 0.00017839084 1.4187167e-07 0.011300296 2.9717323e-05 4.0395108e-08 4.394891e-06 5.8354754e-08 7.2871035e-07 1.942153e-08 2.4204878e-06 5.8385485e-08 3.3265667e-07 0.00455841 9.194477e-06 0.00064688176 1.0779095e-06 4.253831e-07 0.0024190943 5.118485e-07 9.786055e-07 1.1967546e-07 6.505165e-08 4.023463e-08 2.8529128e-06 0.016443629 0.0023671442 5.20408e-07 5.9932825e-07 1.6188052e-06 2.7776992e-05 0.000112224225 7.238543e-07 5.862686e-08 7.729397e-07 0.0052383933 7.310178e-07 2.7345695e-07 4.6947407e-06 1.4751504e-07 0.0068898303
0.2266179 0.43258435 0.84166926 8.670552e-20 0.7779556 0.024039626 0.58305997 0.60285026 0.57816297 0.19164793 0.008289366 0.0035938595 0.018244773 0.00088652846 0.0018253021 0.005977688 0.09186368 0.048638567 0.009169451 0.049780987 0.02999518 0.003437049 0.0061675464 0.034025826 0.0033613418 0.059082415 0.02447091 0.006658276 0.0052380185 0.00477388 0.001171923 0.070102565 0.007653265 0.14408234 0.006390829 0.027844481 0.0035277915 0.0033036035 0.037899625 1.1427312e-05 0.00019106048 0.0005308919 0.00018593193 0.00054159126 0.0004051738 0.009746408 4.7011268e-05 1.6682789e-05 0.01630287 2.4412606e-05 8.381173e-06 0.000547245 3.9767383e-05 8.162131e-06 3.092835e-06 0.00038402007 0.009969895 2.743295e-06 0.036876593 0.006972594 1.2272368e-06 0.0002709177 2.927725e-07 0.0137741035 4.6967532e-05 6.674945e-08 5.148336e-06 1.316626e-07 2.1428245e-06 3.186466e-08 2.6263451e-06 7.1268055e-08 3.3377464e-07 0.006175565 1.848962e-05 0.0007812958 2.0801197e-06 1.0950939e-06 0.0027084188 8.482851e-07 2.1664653e-06 1.290515e-07 1.8211888e-07 7.597784e-08 8.401387e-06 0.02218178 0.0033042051 7.7126816e-07 1.8369724e-06 4.3565997e-06 6.22731e-05 0.00013012975 1.9890465e-06 1.9693755e-07 4.0245854e-07 0.0055770697 1.3331811e-06 4.8073036e-07 1.5097525e-05 3.2643788e-07 0.008816076
0.26392323 0.3968477 0.6887915 0.7779556 5.383999e-19 0.016652986 0.58385223 0.40635186 0.7718608 0.4792446 0.0014515978 0.000721754 0.005515724 0.00015904634 0.0002108531 0.0033213939 0.08481854 0.030478476 0.0040082745 0.046393353 0.027095562 0.0039393073 0.0034024678 0.036935624 0.00940696 0.0674437 0.020443823 0.002520659 0.0018908062 0.0036043795 0.0010427734 0.08108171 0.006404728 0.17465882 0.0017652377 0.050759237 0.0009859921 0.0012225766 0.078761555 2.818134e-05 0.00010725425 0.00022084976 0.000266075 0.0002298389 0.00010989041 0.01903722 4.6315366e-05 2.1714346e-05 0.023815693 2.260641e-05 1.7382332e-05 0.00041641615 1.0972228e-05 3.122667e-05 1.23835225e-05 0.00042271125 0.012668288 7.955381e-06 0.11808688 0.005608314 6.457885e-06 0.00020361434 2.9105413e-06 0.015904354 0.00012240365 5.308098e-07 4.7255867e-06 1.0204546e-06 5.037888e-06 2.2371437e-07 1.8687214e-06 1.264642e-07 5.4076366e-07 0.009711294 2.2703633e-05 0.00039951672 9.702198e-07 6.7705065e-07 0.0011944304 1.2067651e-06 1.6092404e-06 6.2547724e-07 4.7140432e-07 1.5589222e-07 2.7819606e-06 0.04146649 0.0045027537 1.9682575e-06 1.0025705e-06 2.6421972e-06 6.0039597e-06 4.928313e-05 3.2718108e-06 1.5921242e-07 9.515257e-07 0.008914585 2.5026486e-06 9.077055e-07 3.219759e-06 4.8900074e-07 0.022303933
0.0014466025 0.5658866 0.036916424 0.024039626 0.016652986 2.357184e-15 0.0057090786 0.025863316 0.006452527 0.006590025 0.008907532 0.20338422 0.0009981529 0.08869843 0.00040012473 0.00025631557 0.00025667518 0.00021070658 0.00029652368 0.00035149493 0.00010437847 0.31833816 0.00012723681 5.0624923e-05 0.017437348 0.0003061564 4.0759856e-05 3.1902106e-05 2.2359045e-05 0.00014999082 0.00011743939 0.00021236099 3.0534564e-05 0.00082992605 1.1925414e-05 0.00060487713 1.953952e-06 1.3233746e-05 0.0001385796 0.00032816202 8.422819e-05 1.9082858e-05 7.6310025e-05 3.178734e-05 3.8074264e-05 0.000988147 8.811416e-06 3.5234318e-06 0.00012323305 1.6363065e-05 7.6284373e-06 1.7494596e-06 1.0435199e-06 4.206966e-06 8.2627264e-07 3.9091133e-06 0.0007062149 3.2257894e-06 0.004984092 2.4502078e-05 2.2805212e-07 1.1071459e-06 1.2970705e-07 0.0015525265 0.0005514487 2.254738e-08 6.4750725e-06 5.904769e-08 3.2285882e-07 9.255387e-09 3.6151184e-06 1.4534184e-08 2.4553492e-07 0.0005377211 2.6019854e-06 3.7367354e-06 1.9523816e-06 1.1775777e-06 8.3077415e-05 4.445776e-08 3.681168e-06 3.289583e-09 6.0162453e-09 5.345328e-09 1.6052672e-06 0.030611308 0.0019124168 3.5903405e-09 1.2066535e-06 2.4271892e-06 7.771106e-07 8.363543e-06 4.281353e-08 6.801999e-07 6.292864e-08 0.0048332037 1.4585768e-06 7.635522e-09 6.771566e-07 1.6893457e-08 0.0023111454
0.1683053 0.16428687 0.5118273 0.58305997 0.58385223 0.0057090786 3.5126152e-19 0.7523889 0.7007901 0.087186575 0.015409251 0.0022986599 0.042002473 0.0013307614 0.006930742 0.027594004 0.34191453 0.29195368 0.061985992 0.18917848 0.15099896 0.0015154959 0.042523827 0.17513272 0.002474483 0.16781732 0.25112784 0.07320535 0.06604782 0.043463223 0.011805199 0.22056997 0.11280116 0.11251202 0.026653495 0.011085548 0.020348221 0.030585751 0.050753742 2.3326993e-05 0.0047403174 0.009255172 0.00076698867 0.0085610505 0.00893817 0.008162762 0.001275091 0.0004040157 0.02138637 9.002218e-05 0.00027427435 0.0071279793 0.0010209434 0.0001188108 1.91198e-05 0.0055390834 0.018008634 7.496806e-05 0.021045325 0.022046575 4.8586e-06 0.005449239 1.2360339e-05 0.0167783 4.6061734e-05 4.6188043e-06 5.4424736e-06 8.987296e-06 2.436904e-05 3.1395875e-06 4.32043e-06 2.4354506e-06 8.0961445e-07 0.008656053 0.00017532961 0.0068724174 0.00013983616 8.5648804e-05 0.008420165 1.638651e-06 0.00012016397 2.4023573e-06 2.0049498e-05 5.219446e-06 4.036652e-05 0.013047352 0.007281343 1.6044738e-05 3.2026786e-05 3.3947894e-05 0.0008697994 0.0010035984 5.160613e-05 1.2518699e-05 1.5703243e-06 0.005160788 2.9083121e-05 8.377943e-06 0.00023587578 1.5379548e-05 0.006370772
0.17809926 0.36741173 0.6280202 0.60285026 0.40635186 0.025863316 0.7523889 9.522998e-19 0.41268107 0.049268182 0.13436003 0.0153920455 0.30376458 0.021538844 0.09182142 0.31277087 0.3446503 0.47258884 0.28260925 0.28484026 0.20894589 0.0020804792 0.19582966 0.19313632 0.0031981326 0.2686569 0.25590724 0.1746317 0.16376476 0.12325597 0.03694867 0.08723107 0.10756912 0.10212799 0.07026412 0.007609583 0.033188846 0.044840507 0.017541962 9.93868e-06 0.017392283 0.03277337 0.0040957434 0.025087036 0.017369641 0.008227677 0.0045865625 0.0015264488 0.010974176 0.0005650126 0.0006411915 0.007970493 0.0013931243 0.00032852992 3.7205828e-05 0.005477468 0.0076528117 0.00013678378 0.01394987 0.022927629 1.4807573e-05 0.006061507 1.8922474e-05 0.013804217 2.8181044e-05 3.9416523e-06 1.5070207e-05 8.481908e-06 2.815641e-05 2.1831718e-06 1.0582576e-05 9.0992773e-07 8.369204e-07 0.009904703 0.00041508157 0.012167682 6.546455e-05 6.377243e-05 0.010327711 1.2317329e-05 6.465678e-05 2.5390675e-06 9.434113e-06 3.2651712e-06 0.00019261995 0.007941854 0.008034206 1.4124339e-05 0.00012300408 0.00018932339 0.0028145255 0.0031989408 9.458783e-05 4.6580302e-05 1.0727476e-05 0.005857565 0.00012092674 9.1130205e-06 0.00080224266 4.444787e-05 0.010724255
0.8335339 0.16523667 0.45570767 0.57816297 0.7718608 0.006452527 0.7007901 0.41268107 8.822037e-17 0.3990576 0.0046555083 0.0014283474 0.01433411 0.00014641516 0.0014086996 0.009894614 0.42089084 0.19024739 0.020556394 0.4024995 0.34506643 0.0023517532 0.017035767 0.40209743 0.013309841 0.4048142 0.25723112 0.025070684 0.026704809 0.013084735 0.0048752027 0.5009295 0.05276153 0.53917223 0.014654411 0.11686942 0.009948539 0.009854526 0.5111311 7.711219e-05 0.0045080343 0.0019801303 0.0009821234 0.0018889246 0.00784488 0.047831833 0.0008330094 0.00044951873 0.34148267 3.848642e-05 4.7184105e-05 0.003126848 0.00041647375 0.00012139922 0.00013123958 0.0021328253 0.2622153 2.1258886e-05 0.4431616 0.06833016 0.000101714344 0.0031550066 8.444394e-06 0.28613132 0.00056543306 1.4724454e-06 1.5124386e-05 5.887793e-06 1.2276038e-05 9.881384e-07 2.2484282e-05 4.6086691e-07 8.366032e-06 0.38315722 0.00013946564 0.0051569925 3.700508e-05 3.8052014e-05 0.048651893 5.0970426e-05 2.9551626e-05 1.3537968e-05 3.1852746e-06 1.1695442e-06 3.0731262e-05 0.25829098 0.07657422 2.3823835e-05 7.5422176e-06 2.0328576e-05 7.454764e-05 0.0005484098 1.2880313e-05 5.4920713e-07 2.0379532e-05 0.04173343 9.488956e-06 7.4043123e-06 5.670772e-05 4.208796e-06 0.12131096
0.029045787 0.1721838 0.19263308 0.19164793 0.4792446 0.006590025 0.087186575 0.049268182 0.3990576 7.915438e-19 0.00028355804 0.00011122778 0.0015494513 8.295577e-06 0.00029073653 0.0017978168 0.03817018 0.00535268 0.0018685166 0.038581762 0.02875287 0.009852937 0.00045781807 0.02288516 0.087252475 0.012151419 0.004333949 0.00045458204 0.0004193787 0.0001873484 6.6061235e-05 0.023466721 0.00068410655 0.04573726 0.00033111483 0.74421453 0.00021217941 5.639217e-05 0.050371166 0.00010012776 8.399825e-06 7.752352e-06 2.0018448e-05 5.5405676e-06 6.8301492e-06 0.44884112 4.000251e-06 2.8212976e-06 0.020843374 3.316138e-06 5.0575384e-08 2.0100173e-05 1.9220732e-07 5.9334457e-08 1.5773858e-07 1.49226435e-05 0.012008631 2.0351415e-08 0.17706388 0.002410156 2.4795073e-08 4.414563e-06 9.025358e-09 0.011253717 1.67035e-05 2.5034372e-09 1.0410995e-06 2.227525e-09 5.5178667e-10 8.436207e-10 9.560994e-07 4.1792476e-09 3.4613953e-07 0.046365693 1.8955832e-07 5.5581837e-05 2.4261382e-08 1.2298681e-08 0.0010632201 3.496392e-08 2.6742041e-08 2.0962583e-08 4.6357296e-09 3.2289669e-09 1.9473785e-09 0.067326255 0.0042885747 1.8812998e-09 8.846741e-09 1.8311593e-09 7.3449964e-06 7.915344e-05 5.494072e-09 2.6169214e-10 6.1508163e-09 0.021253204 7.1284567e-10 1.5855737e-09 3.382946e-06 3.3557296e-10 0.020972671
0.0001576379 0.14368144 0.021163924 0.008289366 0.0014515978 0.008907532 0.015409251 0.13436003 0.0046555083 0.00028355804 4.302131e-22 0.021004075 0.44810888 0.061787557 0.7263394 0.19162947 0.025980754 0.045326974 0.08339151 0.021139525 0.0134793315 0.00028048258 0.04500946 0.010108872 1.7525297e-05 0.01641613 0.0070781056 0.017633198 0.012577847 0.019748861 0.011159959 0.0015424285 0.0031480219 0.00035682574 0.0077224835 2.1267462e-05 0.0011595021 0.00389294 8.180881e-06 5.5252787e-07 0.000105727755 0.00096934265 0.0015191917 0.0006783958 9.754245e-05 0.00014096127 0.00013321708 3.6161648e-05 1.9006302e-05 0.00082874123 1.7359867e-05 9.105562e-05 1.3529217e-05 6.4650394e-06 1.1784068e-06 4.8225902e-05 0.0001373604 9.551657e-06 1.1494039e-05 0.0009854474 4.5427083e-07 8.018262e-05 2.7542765e-06 0.00066032005 3.3845304e-06 1.0786993e-06 3.0147872e-05 8.7388884e-07 3.9572055e-07 2.9459554e-07 0.00012480667 1.0361786e-06 2.720557e-05 1.3214742e-05 0.00018359516 0.00131267 1.3918548e-05 1.3736335e-05 0.0008867745 1.4443115e-06 2.4035866e-05 6.4383147e-07 1.1254962e-06 4.8564897e-07 2.1945012e-05 7.0331375e-06 0.0009856457 1.967789e-07 1.7984477e-05 1.5381353e-05 0.0007640586 0.000927886 1.3910089e-06 7.1313953e-06 2.6365097e-07 0.00038596545 1.1304298e-05 5.168025e-07 9.6783195e-05 5.2468766e-07 2.528766e-06
6.6944434e-05 0.14078183 0.0072397073 0.0035938595 0.000721754 0.20338422 0.0022986599 0.0153920455 0.0014283474 0.00011122778 0.021004075 5.2896835e-18 0.007423456 0.81830317 0.0027022627 0.0019206187 0.0010522276 0.0019351046 0.002361022 0.0024766845 0.0013556709 0.0064256364 0.00012893717 0.00048217073 0.0005792967 0.0015826945 0.0004059499 0.00016624287 0.00033922377 0.00030099397 3.129461e-05 0.00024659128 0.00026339403 0.001643927 0.0018405877 8.132706e-06 0.00027970364 0.00014006252 7.83535e-05 7.928955e-06 5.960402e-06 0.00024470844 2.0967194e-05 0.00029508126 2.7569005e-05 0.00017898166 8.567326e-06 2.1542724e-06 0.00026415096 3.499483e-05 8.453442e-06 1.42273675e-05 6.5622254e-07 4.860826e-07 2.4600801e-08 2.0159705e-05 0.0024683315 2.6826774e-06 6.8456466e-05 0.0018239317 1.3587563e-08 3.0673123e-06 5.91769e-08 0.0052649127 2.7797158e-05 1.7801202e-08 6.035477e-06 4.094571e-08 3.9764213e-08 1.1308939e-08 1.1506102e-05 8.6206855e-09 1.0030324e-06 2.5296122e-06 1.8725356e-06 0.0010713724 8.580466e-06 4.9673376e-06 0.004410692 7.1431366e-08 6.822051e-06 1.6388729e-08 1.669951e-08 1.9446697e-08 1.8719783e-06 6.4345644e-05 0.0018879197 4.839392e-09 6.411667e-07 6.9575555e-07 5.2285486e-06 0.0005711889 1.4222795e-07 2.7372296e-06 7.1299974e-07 0.00017551247 4.349723e-07 9.676647e-09 7.3514747e-07 1.8386988e-08 4.6057867e-05
0.005274328 0.081686705 0.035552714 0.018244773 0.005515724 0.0009981529 0.042002473 0.30376458 0.01433411 0.0015494513 0.44810888 0.007423456 5.624675e-19 0.024714343 0.42646456 0.6133361 0.05941749 0.24681272 0.3066728 0.08445939 0.060527403 8.833809e-05 0.18758392 0.03887255 4.17358e-05 0.0846471 0.049101204 0.1272406 0.09832353 0.0841634 0.03920949 0.0040475577 0.016878137 0.0076951096 0.07375758 0.00036481957 0.008111479 0.029863816 0.00030036652 4.0803215e-07 0.006523372 0.0206759 0.006115358 0.015559357 0.0042505893 0.00046796768 0.0056100157 0.0016098246 0.00049427024 0.0017406144 0.0005613497 0.0021020412 0.00015769564 0.00019787294 4.2172273e-05 0.0024269128 0.0006546028 0.00015266045 0.00037221456 0.0036915923 1.7034183e-05 0.001379584 1.0777332e-05 0.0011568682 5.326414e-07 1.8344549e-06 5.6987024e-05 4.6806717e-06 8.566779e-06 9.19065e-07 6.963723e-05 1.3640406e-06 5.033475e-06 0.00022495083 0.00027088771 0.003076563 2.7739032e-05 2.6937743e-05 0.0017408959 6.892212e-06 9.67616e-05 1.7886016e-06 2.7569517e-06 1.0091818e-06 0.00012463906 0.0002789756 0.0019466685 8.73631e-06 0.00025599627 0.0002995527 0.0014975572 0.0010345638 7.5000494e-06 3.0076311e-05 2.0428546e-05 0.0006037769 0.00023860272 9.972595e-06 0.0008893267 9.215387e-06 0.0004928351
5.0302624e-05 0.07274201 0.0027416584 0.00088652846 0.00015904634 0.08869843 0.0013307614 0.021538844 0.00014641516 8.295577e-06 0.061787557 0.81830317 0.024714343 1.8747746e-19 0.011982137 0.010613687 0.00089476496 0.002265871 0.0051984084 0.0009918754 0.00041549568 0.0009655175 0.001229325 0.00041485406 0.00014010553 0.0015669558 0.0004809505 0.00022177865 0.00032322994 0.00028623536 0.00010009826 0.00022296474 0.00074271136 0.0010417699 0.002129596 1.6112228e-06 0.0009789491 0.0007441712 6.7673376e-05 1.9919012e-06 9.973098e-06 0.00018443188 1.6210972e-05 0.00020996598 6.5987064e-05 3.0559648e-05 1.303346e-05 3.6751067e-06 0.0002512983 2.015782e-05 1.7990757e-05 0.00010719024 1.4177185e-05 1.1518646e-06 1.16706346e-07 0.00013652862 0.0013535206 1.1640357e-05 4.0835394e-06 0.0018239102 5.868615e-08 2.6580881e-05 2.7605205e-07 0.0043884167 2.6136959e-05 1.6656924e-07 1.0027669e-05 1.7493502e-07 1.8729185e-07 8.194005e-08 1.1302897e-05 1.2322074e-07 9.781213e-07 8.385473e-08 2.2425138e-05 0.0025060582 6.159974e-05 5.3727996e-05 0.004855024 1.5505348e-07 6.6759865e-05 2.6512993e-08 1.3398389e-07 1.8597723e-07 3.0921616e-05 5.823132e-05 0.0027223353 2.0477025e-08 2.2633515e-06 1.2836426e-05 0.0004226276 0.0038460249 4.7143357e-07 3.3099976e-05 5.880989e-07 0.0003279774 1.0934634e-05 4.173076e-08 3.1017902e-05 6.1964364e-08 3.843786e-05
0.00048803358 0.025131091 0.0049161464 0.0018253021 0.0002108531 0.00040012473 0.006930742 0.09182142 0.0014086996 0.00029073653 0.7263394 0.0027022627 0.42646456 0.011982137 4.0094309e-22 0.34837013 0.016744588 0.061032977 0.124402605 0.019679125 0.011207951 3.725255e-05 0.10053358 0.009248986 1.340191e-06 0.020131718 0.010789051 0.056945752 0.035453558 0.060092624 0.033739854 0.00066460826 0.005445005 8.0354395e-05 0.01308214 1.1284587e-05 0.0014427785 0.011590392 6.132978e-06 4.9372062e-08 0.0018616508 0.013294168 0.00524874 0.009552705 0.001007733 7.723532e-05 0.0026333502 0.00047050178 8.975665e-06 0.0035068633 7.8240606e-05 0.00038875622 3.920319e-05 3.8548023e-05 9.2707005e-06 0.0003512461 2.7921367e-05 3.1757554e-05 7.708782e-06 0.00092978164 5.9235003e-06 0.00022229427 8.4631865e-06 9.344111e-05 1.9594727e-07 2.363644e-06 8.534443e-05 4.0794757e-06 3.7369812e-06 1.050296e-06 8.373283e-05 1.8240838e-06 1.61044e-05 3.7394184e-05 0.00016836314 0.0008171166 2.5235222e-05 2.4160567e-05 0.0006689096 4.5405104e-06 5.087723e-05 1.5918866e-06 2.5018826e-06 1.5662982e-06 0.00015214797 2.2512359e-06 0.00023246637 1.21139e-06 6.89968e-05 0.00019408515 0.0007262458 0.00058064517 3.7876e-06 4.9867296e-05 5.299512e-06 0.0001087674 0.00013785489 1.34718e-06 0.00046919857 1.940909e-06 2.919273e-06
0.01342559 0.026411587 0.008921282 0.005977688 0.0033213939 0.00025631557 0.027594004 0.31277087 0.009894614 0.0017978168 0.19162947 0.0019206187 0.6133361 0.010613687 0.34837013 5.770704e-19 0.04649975 0.4674324 0.5501801 0.06239102 0.04473458 3.279876e-05 0.5470516 0.034579176 1.2658343e-05 0.09370864 0.06825953 0.30874118 0.21516344 0.30826446 0.17437166 0.0036225095 0.032475583 0.003841375 0.07946715 0.00013025652 0.014714406 0.06311942 0.00049955765 1.080367e-06 0.026727535 0.0684409 0.02721587 0.0483689 0.015247197 0.00017980936 0.01506145 0.0061149173 0.00075632357 0.00919496 0.0023265623 0.010617028 0.0011861314 0.0009579928 0.00013871447 0.0118845375 0.0011165508 0.0006084561 0.00030801108 0.004781163 5.319637e-05 0.0047431868 5.8975977e-05 0.0013205961 1.3522902e-06 7.578715e-06 0.00023137376 1.4633845e-05 2.5482916e-05 1.9338304e-06 0.00017668823 2.415523e-06 1.17329955e-05 0.00027998575 0.0016612102 0.0044391514 0.00017000776 0.0001234111 0.0027594313 1.45532495e-05 0.00036428904 4.030987e-06 6.3549883e-06 2.7566625e-06 0.0004929571 6.599561e-05 0.0018024683 1.7358145e-05 0.000806902 0.0010548448 0.002903777 0.002302616 3.9540788e-05 4.189248e-05 8.1064754e-05 0.0004087855 0.0006754008 3.2475305e-05 0.0020024322 2.0507621e-05 0.0004243732
0.311714 0.038463175 0.05039875 0.09186368 0.08481854 0.00025667518 0.34191453 0.3446503 0.42089084 0.03817018 0.025980754 0.0010522276 0.05941749 0.00089476496 0.016744588 0.04649975 1.9632346e-18 0.36614266 0.13949771 0.82506883 0.7804598 3.5448356e-05 0.10126276 0.69463354 0.00038042362 0.38299552 0.45295367 0.14883178 0.2190309 0.04738853 0.019055793 0.4253494 0.16837832 0.1844712 0.089182355 0.008013351 0.059038684 0.14905159 0.102562375 1.0163056e-06 0.05354498 0.037280753 0.0016369635 0.039485022 0.07477054 0.011349891 0.010370353 0.0041616387 0.047408056 6.6562345e-05 0.0033267261 0.07105345 0.014252594 0.0016830215 0.00026488228 0.05445144 0.037787575 0.0004320704 0.025230624 0.14395559 0.00010328192 0.058832124 3.6182206e-05 0.051143162 3.3503467e-05 6.3683055e-06 1.6968589e-06 1.9550956e-05 0.00012957396 3.957298e-06 1.829741e-06 6.429608e-07 5.6987506e-07 0.019478396 0.0025931878 0.064619675 0.00038097476 0.00023582832 0.054059874 1.1180086e-06 0.0007189484 1.4014495e-06 2.4054785e-05 5.8367455e-06 0.0001772477 0.0116118565 0.029428424 1.7384038e-05 0.00018153738 0.0001438726 0.018376434 0.020686476 0.00012728051 1.1441914e-05 3.3250906e-06 0.008857283 8.14582e-05 1.2197011e-05 0.0032919121 1.39934145e-05 0.00856658
0.16712394 0.04238656 0.03820712 0.048638567 0.030478476 0.00021070658 0.29195368 0.47258884 0.19024739 0.00535268 0.045326974 0.0019351046 0.24681272 0.002265871 0.061032977 0.4674324 0.36614266 4.2738884e-19 0.6272241 0.30265313 0.26990822 9.782113e-06 0.6313511 0.24328995 1.9666373e-05 0.3345442 0.39300233 0.5519555 0.5097159 0.3244578 0.09403261 0.07187527 0.109385855 0.02562118 0.15538652 0.0016616965 0.043420136 0.12770915 0.0067019626 2.629554e-07 0.10059586 0.091658235 0.011281716 0.06838405 0.057922147 0.0015020239 0.025370967 0.005809418 0.0030055007 0.00092777674 0.0034565781 0.0322804 0.0053655137 0.0014397259 0.00020276656 0.029913215 0.002730001 0.0010170692 0.0017939975 0.022827964 0.000105485546 0.014567282 6.946643e-05 0.003705675 8.9762625e-06 7.725716e-06 1.025587e-05 2.5664544e-05 0.00014300192 1.7114907e-06 6.6973516e-06 6.443278e-07 8.875948e-07 0.00040546374 0.0012477452 0.01367568 6.38678e-05 5.722349e-05 0.0076836473 8.927039e-06 0.00018086204 3.098004e-06 6.0707252e-06 1.8463354e-06 0.0002453927 0.00060555706 0.0055710045 1.23367845e-05 0.00033947377 0.0002991787 0.0044864505 0.0039988286 0.00010909464 7.734761e-06 2.5208165e-05 0.0010913804 0.0001983835 8.950841e-06 0.00168507 4.8947197e-05 0.0012611249
0.02933104 0.0246099 0.011169575 0.009169451 0.0040082745 0.00029652368 0.061985992 0.28260925 0.020556394 0.0018685166 0.08339151 0.002361022 0.3066728 0.0051984084 0.124402605 0.5501801 0.13949771 0.6272241 8.662976e-21 0.063373365 0.05957979 1.4358126e-05 0.7504924 0.067315854 7.4505597e-06 0.08501996 0.18014635 0.31991798 0.21368401 0.23054081 0.13616021 0.015710969 0.06599703 0.006285215 0.062078416 0.00042914774 0.016275352 0.059873614 0.0013391607 2.4590142e-07 0.041279987 0.033429936 0.016158184 0.024710076 0.034323793 0.00015493354 0.00991665 0.0048629553 0.0007031876 0.002439371 0.0032537247 0.013419498 0.0022355241 0.0013761983 0.00015694997 0.010234946 0.0005207161 0.0008647414 0.00049865304 0.0066596163 8.712842e-05 0.0046031508 4.3834993e-05 0.0008827826 2.3626478e-06 7.08673e-06 3.1180127e-05 2.5353303e-05 0.00011489605 2.179577e-06 2.4808025e-05 2.086157e-06 1.6390871e-06 2.8151175e-05 0.00078306743 0.0045764367 0.00011792625 9.114146e-05 0.002748086 2.5638158e-06 0.0003149505 1.4332206e-06 1.2397513e-05 4.222308e-06 0.00028530875 0.00014600856 0.0011164213 5.9207164e-06 0.0003562061 0.0002764748 0.0031943056 0.0027749548 4.0136656e-05 1.9628469e-05 1.4299079e-05 0.00021445501 0.000136857 2.2912927e-05 0.0010752755 2.9216893e-05 0.00022656581
0.77689946 0.11978116 0.03823806 0.049780987 0.046393353 0.00035149493 0.18917848 0.28484026 0.4024995 0.038581762 0.021139525 0.0024766845 0.08445939 0.0009918754 0.019679125 0.06239102 0.82506883 0.30265313 0.063373365 4.04772e-18 0.64981157 1.2059305e-05 0.026275123 0.5593935 7.392322e-05 0.47952408 0.29578257 0.059963576 0.12495274 0.016294625 0.0028293866 0.39002442 0.10091234 0.30741593 0.16625634 0.0112202875 0.069227554 0.040989783 0.068761006 4.8687275e-07 0.009629125 0.010646264 0.00017647672 0.009618126 0.017720403 0.0058871624 0.00092799624 0.00047901878 0.053956166 1.3355093e-05 0.0001011446 0.022940226 0.0036802327 0.000111888025 2.0345875e-05 0.019735489 0.052258216 5.546891e-06 0.021362878 0.23770721 8.631079e-06 0.0213524 3.8841983e-07 0.09939283 8.206941e-06 7.230853e-08 8.8492556e-07 2.7636185e-07 2.9377786e-06 3.746255e-08 7.887418e-07 1.679931e-08 6.3633756e-08 0.011064151 0.00040078195 0.071621746 2.6420912e-06 2.0358443e-06 0.08540469 3.5440243e-07 1.7179837e-05 1.9795493e-07 5.3063744e-08 1.7803613e-08 9.837807e-06 0.02093127 0.07444761 5.2220224e-07 4.2576503e-05 1.5251631e-05 0.005759112 0.008832391 8.288992e-07 8.394419e-08 1.974198e-06 0.00185166 7.321366e-06 1.244829e-07 0.00124308 2.4528194e-07 0.024577372
0.734786 0.045284804 0.02257622 0.02999518 0.027095562 0.00010437847 0.15099896 0.20894589 0.34506643 0.02875287 0.0134793315 0.0013556709 0.060527403 0.00041549568 0.011207951 0.04473458 0.7804598 0.26990822 0.05957979 0.64981157 3.2788439e-18 6.7198403e-06 0.026438994 0.77048826 2.5582165e-05 0.49540725 0.39549127 0.07631846 0.15157634 0.020182513 0.0047422503 0.42144167 0.14753589 0.24713795 0.1446215 0.0063192593 0.073084496 0.07158304 0.074469 4.381907e-07 0.017362038 0.017907608 0.0003919288 0.014324482 0.033041153 0.004791033 0.0022666869 0.0012150023 0.059422787 2.7319476e-05 0.00029730887 0.038801767 0.006620463 0.00023334396 4.1698684e-05 0.029140156 0.051077705 1.865439e-05 0.018305589 0.26710832 1.9685514e-05 0.04075065 1.5371434e-06 0.08763299 6.6521184e-06 2.0972611e-07 9.608489e-07 8.29214e-07 1.227427e-05 8.851437e-08 9.881591e-07 3.368295e-08 1.7427064e-07 0.013161868 0.00081872265 0.095036454 1.639909e-05 7.255923e-06 0.09381715 5.3452726e-07 7.741076e-05 3.121178e-07 2.2650973e-07 6.6949504e-08 3.1038166e-05 0.013010878 0.061472535 8.283121e-07 7.6089185e-05 3.9587838e-05 0.012187809 0.014681032 2.3211544e-06 3.237252e-07 2.2636473e-06 0.0013459595 1.7808241e-05 5.3352704e-07 0.0018777136 6.591158e-07 0.01718605
8.5547494e-05 0.2520602 0.0035190096 0.003437049 0.0039393073 0.31833816 0.0015154959 0.0020804792 0.0023517532 0.009852937 0.00028048258 0.0064256364 8.833809e-05 0.0009655175 3.725255e-05 3.279876e-05 3.5448356e-05 9.782113e-06 1.4358126e-05 1.2059305e-05 6.7198403e-06 9.272961e-14 9.400577e-06 1.854178e-05 0.20417085 1.3898507e-05 4.5175086e-05 3.8137587e-06 3.5090225e-06 7.9284555e-06 2.9415157e-06 0.0005633353 5.6881956e-05 0.0026992687 5.5271257e-06 0.0017368586 1.4430551e-05 3.4050433e-06 0.0010864596 0.10154971 7.4519244e-06 1.2127285e-06 2.0915397e-06 1.2382843e-06 4.1386593e-06 0.00044505476 6.3066307e-07 5.3193276e-07 0.00075011153 1.2313576e-06 4.0688897e-07 1.1860036e-06 1.0375362e-06 6.193787e-07 3.15075e-07 1.1800477e-06 0.0016498803 3.9889724e-07 0.04681133 4.3755474e-05 1.7834107e-07 4.082581e-06 4.305133e-08 0.0015339042 0.02677229 1.3487071e-08 1.2944143e-06 3.2313835e-08 3.3908964e-07 1.3166077e-08 1.6124416e-06 1.5825261e-08 3.7824145e-07 0.008105332 1.0605662e-05 2.3293992e-06 1.7419388e-05 4.0870773e-06 0.00023832278 1.7194981e-07 8.179866e-06 1.6023229e-08 2.2911799e-08 5.9769336e-09 3.109689e-05 0.01879585 0.0015219237 6.205295e-08 5.484908e-06 2.3760438e-05 4.5454967e-06 4.56111e-05 2.2813826e-07 2.3302882e-06 1.7424901e-07 0.0017783635 2.2250792e-05 6.411238e-09 1.1131488e-06 2.8753515e-08 0.0065852404
0.020215297 0.010674806 0.008264166 0.0061675464 0.0034024678 0.00012723681 0.042523827 0.19582966 0.017035767 0.00045781807 0.04500946 0.00012893717 0.18758392 0.001229325 0.10053358 0.5470516 0.10126276 0.6313511 0.7504924 0.026275123 0.026438994 9.400577e-06 9.566019e-22 0.04765198 2.72464e-06 0.042007048 0.26420236 0.56949043 0.32237318 0.5803724 0.44825011 0.0027452833 0.10510244 0.0019205547 0.021510007 0.00016021337 0.011500893 0.12285461 0.00032603205 2.9911888e-07 0.23467045 0.08881736 0.076687485 0.060560558 0.091233164 7.6645156e-05 0.06561543 0.028543843 0.00024689647 0.016513215 0.0077328333 0.03046813 0.0077570863 0.0032496776 0.00043696637 0.025532568 0.00028294083 0.0017418981 0.00012740803 0.0038773394 0.00024069162 0.010171261 0.00030093454 0.0006006967 6.55588e-06 6.848794e-05 0.0005189777 0.00011381259 0.0002889076 2.991797e-05 0.00024070195 1.0292848e-05 2.6113361e-05 2.8792979e-06 0.0024311088 0.0037573099 0.00069402624 0.00039790128 0.0019565553 1.9451756e-05 0.0011107074 8.396669e-06 1.8097948e-05 1.0856256e-05 0.00035113006 2.143132e-05 0.0005597419 1.8150682e-05 0.00090166996 0.00041617322 0.0028973068 0.0031742204 5.355442e-05 8.2364815e-05 5.0901595e-05 8.896252e-05 0.0002811438 3.896093e-05 0.0016035315 3.5972986e-05 6.748783e-05
0.747123 0.018326996 0.023888718 0.034025826 0.036935624 5.0624923e-05 0.17513272 0.19313632 0.40209743 0.02288516 0.010108872 0.00048217073 0.03887255 0.00041485406 0.009248986 0.034579176 0.69463354 0.24328995 0.067315854 0.5593935 0.77048826 1.854178e-05 0.04765198 1.6145675e-18 3.463116e-05 0.63860744 0.58723974 0.14005537 0.2747737 0.044323 0.011664139 0.48671845 0.24396405 0.20018747 0.15001924 0.004900316 0.08161687 0.20198858 0.102755435 2.2186875e-06 0.06315267 0.050210137 0.0018230526 0.042811643 0.09572374 0.004411674 0.00867746 0.004735605 0.07802304 0.00013620168 0.0015858249 0.092919044 0.014082174 0.0009932693 0.00037736722 0.050210565 0.0801194 0.00017264842 0.019504001 0.27746618 0.00019818853 0.09926074 1.8955816e-05 0.09856341 2.7683822e-05 3.375199e-06 1.04135615e-05 9.621303e-06 0.00013026546 1.876191e-06 6.0376938e-06 6.2166e-07 1.9305028e-06 0.02578627 0.0014499906 0.13863185 0.00019869363 0.000101436526 0.17274748 3.3490767e-06 0.00044356112 2.8000657e-06 3.8543926e-06 9.134324e-07 0.00012799405 0.01269423 0.054712363 1.014929e-05 0.00026647848 0.00012516591 0.024177115 0.025525058 2.6559974e-05 3.302822e-06 8.035397e-06 0.0016177897 8.2139144e-05 6.7967376e-06 0.0038135757 1.2469607e-05 0.01365748
0.018293861 0.11501316 0.006526754 0.0033613418 0.00940696 0.017437348 0.002474483 0.0031981326 0.013309841 0.087252475 1.7525297e-05 0.0005792967 4.17358e-05 0.00014010553 1.340191e-06 1.2658343e-05 0.00038042362 1.9666373e-05 7.4505597e-06 7.392322e-05 2.5582165e-05 0.20417085 2.72464e-06 3.463116e-05 5.053713e-18 6.365285e-05 2.513919e-05 6.521875e-06 5.199137e-06 6.8746913e-06 1.3680021e-06 0.0007770257 9.283033e-06 0.003318182 8.645648e-07 0.03757938 1.1275208e-05 6.6955764e-08 0.0021477083 0.0012537923 1.0473464e-06 1.7445804e-07 2.3406628e-06 1.4629211e-07 1.417348e-07 0.22086078 7.3205975e-08 6.892139e-08 0.0008209004 2.2887636e-07 6.038571e-09 2.8843873e-08 6.309554e-09 3.1982175e-08 3.6063064e-08 2.873345e-08 0.0008979346 8.040957e-09 0.090778545 2.9808833e-05 1.7436829e-08 5.4075258e-08 7.188139e-09 0.0010455865 0.00033534234 2.7247993e-09 2.923664e-08 2.3385127e-09 5.4970486e-09 1.0006651e-09 2.568895e-07 1.0245086e-09 6.343054e-08 0.066699736 2.3021391e-07 2.3817233e-06 1.516259e-08 4.188784e-09 4.7560163e-05 4.712371e-09 1.0860174e-08 4.0595965e-10 1.3490453e-10 5.89443e-11 1.32350895e-08 0.5598779 0.00049520395 1.168328e-10 1.9233891e-08 2.2633804e-09 7.095112e-07 1.2540135e-05 2.4510755e-10 2.34544e-10 1.3531583e-10 0.15081492 2.4915665e-09 2.3395845e-12 8.3532754e-08 1.0266906e-11 0.11440433
0.90020186 0.04861147 0.044351503 0.059082415 0.0674437 0.0003061564 0.16781732 0.2686569 0.4048142 0.012151419 0.01641613 0.0015826945 0.0846471 0.0015669558 0.020131718 0.09370864 0.38299552 0.3345442 0.08501996 0.47952408 0.49540725 1.3898507e-05 0.042007048 0.63860744 6.365285e-05 2.6239445e-17 0.65288925 0.19091941 0.4100429 0.029124327 0.008368573 0.47746375 0.36405933 0.24006256 0.30501992 0.0069484916 0.17850098 0.19363177 0.06803267 1.0579523e-06 0.04725249 0.0339541 0.001335389 0.0358082 0.09009242 0.0018567767 0.00924392 0.0051145824 0.05108595 8.341466e-05 0.0013381318 0.07041024 0.007822456 0.00095698796 0.00039315253 0.040325653 0.05645768 0.00014673275 0.023961347 0.31374663 0.00019144348 0.1115738 6.1714195e-06 0.100070566 3.2882628e-05 1.3578523e-06 5.4175703e-06 3.5370026e-06 6.771773e-05 9.4838487e-07 6.2631557e-06 4.4323377e-07 3.4618824e-06 0.022949396 0.0016245592 0.16816948 8.677996e-05 2.509686e-05 0.21761228 5.968678e-06 0.00038868835 1.9093425e-06 1.0112452e-06 3.9127366e-07 2.856601e-05 0.018289264 0.13776426 5.4840507e-06 0.00016925615 2.9780676e-05 0.016057834 0.032806814 6.7079504e-06 1.093002e-06 7.901146e-06 0.0006272149 1.6216027e-05 8.007524e-07 0.003450985 4.5837046e-06 0.046527516
0.44986373 0.002616347 0.016328195 0.02447091 0.020443823 4.0759856e-05 0.25112784 0.25590724 0.25723112 0.004333949 0.0070781056 0.0004059499 0.049101204 0.0004809505 0.010789051 0.06825953 0.45295367 0.39300233 0.18014635 0.29578257 0.39549127 4.5175086e-05 0.26420236 0.58723974 2.513919e-05 0.65288925 5.757141e-18 0.46981153 0.7091244 0.15268336 0.041899733 0.37724206 0.82936525 0.051208526 0.30698198 0.0021893613 0.21107298 0.56029797 0.02588307 2.5316904e-06 0.32561827 0.20408295 0.0072889263 0.20135638 0.44581485 0.0012933805 0.052739806 0.023034345 0.018605048 0.00036133899 0.0135668805 0.26081783 0.07338883 0.0064629377 0.0016122812 0.17208669 0.019942088 0.0026605674 0.008005537 0.18771146 0.0014074836 0.23353484 0.0005523551 0.027871648 6.693544e-05 0.00013560755 1.8938037e-05 0.00030845788 0.002331839 7.891925e-05 1.6981208e-05 1.4816034e-05 1.4927014e-05 0.0052877497 0.012188745 0.1752423 0.0012536973 0.0007105866 0.13355277 7.4738377e-06 0.0023405368 2.0399986e-05 7.483505e-05 2.5158735e-05 0.00071556173 0.000570989 0.025742654 0.00012845152 0.0009752372 0.0005155372 0.03671863 0.03833726 0.00035257914 4.0532275e-05 6.9777457e-06 0.0007694008 0.0003827822 4.8055525e-05 0.007170575 0.00010624679 0.0036139933
0.25792146 0.009522612 0.0053567933 0.006658276 0.002520659 3.1902106e-05 0.07320535 0.1746317 0.025070684 0.00045458204 0.017633198 0.00016624287 0.1272406 0.00022177865 0.056945752 0.30874118 0.14883178 0.5519555 0.31991798 0.059963576 0.07631846 3.8137587e-06 0.56949043 0.14005537 6.521875e-06 0.19091941 0.46981153 2.5129317e-18 0.69436985 0.5748888 0.427817 0.03359306 0.17195539 0.0052751526 0.11455826 0.00028499003 0.045368448 0.25338134 0.0022693104 1.0764594e-07 0.5276978 0.38898903 0.060426872 0.30417943 0.22053763 0.0007004428 0.28107864 0.13370577 0.0018926437 0.009379722 0.029605921 0.114477776 0.044260632 0.017336922 0.003328519 0.14721072 0.001430229 0.010643848 0.00070007856 0.01829177 0.001720893 0.07295832 0.0010484357 0.0016198084 5.0553012e-06 0.00026226658 0.0002803518 0.00039738877 0.001303573 0.00011489912 0.00029601762 2.0557378e-05 4.6772602e-05 0.0001281537 0.009601314 0.027017914 0.0010764832 0.0006305477 0.013511109 3.5126337e-05 0.0026170695 1.5880103e-05 5.5003955e-05 2.879876e-05 0.00035544342 7.595853e-05 0.005854677 9.136312e-05 0.0020647326 0.0007169063 0.017192394 0.020182362 0.00017003289 7.573337e-05 4.614831e-05 5.6897912e-05 0.00057743787 2.243547e-05 0.017029773 4.3202213e-05 0.0014067374
0.5918679 0.0027825723 0.0035145022 0.0052380185 0.0018908062 2.2359045e-05 0.06604782 0.16376476 0.026704809 0.0004193787 0.012577847 0.00033922377 0.09832353 0.00032322994 0.035453558 0.21516344 0.2190309 0.5097159 0.21368401 0.12495274 0.15157634 3.5090225e-06 0.32237318 0.2747737 5.199137e-06 0.4100429 0.7091244 0.69436985 4.723138e-18 0.3385993 0.08794322 0.08983011 0.38027015 0.0165089 0.22554612 0.00043269305 0.116691045 0.43621787 0.0044451584 2.3206331e-07 0.43404108 0.40074226 0.02056701 0.33961698 0.3068116 0.0004470055 0.13783695 0.053133305 0.0035567167 0.002341362 0.02472119 0.18992333 0.046002515 0.0076538306 0.001082849 0.2226942 0.0036981727 0.0044990666 0.0011675757 0.070230976 0.0006829208 0.14226165 0.00026536442 0.0056668413 1.5653808e-05 6.671907e-05 4.9015536e-05 0.00014647284 0.0008541979 2.9516359e-05 7.0752e-05 6.0529715e-06 9.788534e-06 0.0002774132 0.009721538 0.07847929 0.0007375228 0.0003825131 0.03108146 1.4368015e-05 0.0024288923 3.876625e-06 1.7078784e-05 5.9369436e-06 0.0001837626 0.00015726192 0.013891399 5.2944073e-05 0.0012557278 0.00035097505 0.026722793 0.02912294 8.3728446e-05 7.0498885e-05 2.8836546e-05 5.4244232e-05 0.00028101754 8.306106e-06 0.019142123 1.8046878e-05 0.003276729
0.031481795 0.026257543 0.0033660862 0.00477388 0.0036043795 0.00014999082 0.043463223 0.12325597 0.013084735 0.0001873484 0.019748861 0.00030099397 0.0841634 0.00028623536 0.060092624 0.30826446 0.04738853 0.3244578 0.23054081 0.016294625 0.020182513 7.9284555e-06 0.5803724 0.044323 6.8746913e-06 0.029124327 0.15268336 0.5748888 0.3385993 1.0964965e-17 0.7021712 0.0040955604 0.06179292 0.0011325071 0.021321338 6.2421575e-05 0.011140129 0.10306704 5.5003853e-05 2.2539437e-07 0.42433003 0.2507872 0.2580996 0.19545753 0.11989973 0.000167216 0.3380165 0.2028515 8.007639e-05 0.05316961 0.028203888 0.038964316 0.03423988 0.024479738 0.005615877 0.048767067 6.447169e-05 0.016565377 4.2874603e-05 0.003710769 0.0022965237 0.019483201 0.0018709433 0.00016330427 4.3117775e-06 0.00038814382 0.00481733 0.0007461393 0.0014249624 0.0002393507 0.0016480458 7.868733e-05 0.00032106802 1.109964e-05 0.006834668 0.006439181 0.0016325125 0.0018129343 0.006387762 0.00015671753 0.0024898616 8.120418e-05 0.00021777362 0.00013402499 0.0015710017 3.2001477e-05 0.0020047538 9.81533e-05 0.0035517982 0.0026709489 0.005476483 0.0045547336 0.00043161985 0.00019454287 0.00021567105 1.30760145e-05 0.0028774147 0.00017873876 0.005240607 0.00022667667 0.00031390248
0.003039428 0.001651479 0.0009048741 0.001171923 0.0010427734 0.00011743939 0.011805199 0.03694867 0.0048752027 6.6061235e-05 0.011159959 3.129461e-05 0.03920949 0.00010009826 0.033739854 0.17437166 0.019055793 0.09403261 0.13616021 0.0028293866 0.0047422503 2.9415157e-06 0.44825011 0.011664139 1.3680021e-06 0.008368573 0.041899733 0.427817 0.08794322 0.7021712 1.7913527e-20 0.0009824419 0.023913432 0.00030538833 0.0026430052 7.123952e-06 0.0024604665 0.047397535 4.2230713e-05 4.5167673e-07 0.45364356 0.11995592 0.55573463 0.08298757 0.082356736 5.9530543e-05 0.29683873 0.2305318 1.4933206e-05 0.25327778 0.01490756 0.02097157 0.016465725 0.023208974 0.016620943 0.021138467 2.4128653e-05 0.0055622375 6.237382e-06 0.002270107 0.0066067786 0.010846137 0.002866875 0.00020054152 5.0110834e-06 0.0009870421 0.02874167 0.0010020897 0.000742007 0.00027133035 0.00654984 0.00010759098 0.0012707548 4.721552e-07 0.006648216 0.004763168 0.0018589853 0.0017856176 0.0024085878 0.0002682744 0.0021005855 0.000127976 0.00010752401 5.3100022e-05 0.001044256 1.18902214e-07 0.00037084636 9.546853e-05 0.0022676922 0.0013854168 0.0055818027 0.003307415 0.00026052233 0.00036143963 0.00021539356 3.66377e-07 0.0011134596 9.92567e-05 0.004609476 0.00015076957 1.0440589e-05
