1.6797466e-29 0.12556921 0.011890462 0.013620531 0.08802585 0.006158595 0.0017823909 0.0038159713 0.043584596 0.665357 0.1393041 0.009239381 0.0018769741 0.0017928447 0.32197475 0.004827509 0.46891922 0.696883 0.004549446 0.25898108 0.00095970096 0.8273034 0.8070977 0.008704157 5.5736135e-05 0.8292171 7.5212185e-05 0.30747592 0.00024190226 0.00015842884 0.48267898 0.19580336 0.08495475 0.48557392 0.41573927 0.7445334 0.164195 0.2784443 0.556188 7.3475117e-06 0.00025535308 0.0044102017 0.67994916 0.8358226 0.07780025 0.8439769 0.008097219 0.014234541 3.1997657e-05 0.841282 0.076429464 0.011218854 0.9823485 0.3062663 0.44358245 0.8167274 0.9441397 0.5505964 0.2988392 0.11663371 1.6544227e-06 0.9674657 0.9683498 0.30563512 0.7954444 0.9227709 0.5784978 0.9894526 4.5966248e-05 0.978685 0.1945322 0.99048376 0.9814902 0.046143312 0.8867193 0.199564 0.99501413 0.9783494 0.41711274 0.9622493 0.8428588 0.994021 0.999244 0.85030794 0.9831006 0.9218918 0.0012798521 0.67162734 0.091518864 0.051331278 0.9955749 0.00042248456 0.9194513 0.0023646927 0.99947846 0.98830384 0.9454012 0.052396286 0.9996906 0.99825376 1.3937889e-05
0.12556921 2.8451546e-20 0.6101609 0.60401446 0.7105295 0.70554024 0.3637329 0.33528745 0.2056566 0.48171294 0.57547545 0.47259352 0.11569921 0.2709954 0.10450146 0.053111 0.16632721 0.11746444 0.087630406 0.116497785 0.10260297 0.16949266 0.40917408 0.030841645 0.019071482 0.18194741 0.027859177 0.04890641 0.022341717 0.017608702 0.047541767 0.028886473 0.01457143 0.0021739376 0.03126933 0.011277262 0.00071912084 0.018079508 0.0007933705 0.011208379 0.0009798893 0.003469827 0.00024555612 0.0004652918 0.00010944979 0.12672536 0.022068782 0.00059235096 0.0026875532 1.8608032e-05 3.5201083e-05 0.0001957283 0.077069186 9.020699e-06 2.4520523e-05 0.030126026 0.048483685 1.5358904e-06 3.55109e-06 3.7189632e-06 0.00012958744 0.0022572558 0.026897995 3.9764956e-05 0.00068926887 0.0071755317 1.7685663e-06 0.0021214278 4.2774747e-05 0.0028795218 0.0043382104 0.0015044811 0.0034643414 2.1227308e-06 0.007301686 0.0014169548 0.0029554963 0.006532153 1.9613872e-05 0.00016140527 0.00023547548 0.00541761 0.0011944623 8.603636e-05 2.6375257e-05 0.00037273075 3.3782484e-08 0.0008778867 1.03585485e-07 0.0010929228 0.0049677407 4.0561044e-05 0.0082583595 2.2076836e-07 0.00038736194 2.5907553e-05 0.008748446 7.323279e-08 0.0008083207 0.00090646074 3.951498e-06
0.011890462 0.6101609 1.2422348e-21 0.6577009 0.55363333 0.5066652 0.48365623 0.4091973 0.4234502 0.19943632 0.30272686 0.2972591 0.25503138 0.3371302 0.07031464 0.15019661 0.05429682 0.047214065 0.14765786 0.03427457 0.220685 0.05035035 0.12388131 0.052512683 0.078798875 0.0567586 0.006379223 0.051353935 0.042887695 0.027698006 0.015063627 0.009472533 0.0010934906 0.0020018595 0.0053747655 0.015260217 0.0002624785 0.0020283407 0.0009271036 0.011093237 0.00016218943 0.0002498983 0.00017017823 0.00019863014 0.00011489145 0.015505283 0.017106416 1.0947394e-05 0.0057783974 7.089793e-06 5.101463e-05 9.4605966e-05 0.014275141 9.036546e-07 8.934918e-06 0.0027997491 0.0074283 8.9654367e-07 1.1293238e-06 5.5053755e-07 2.2320803e-05 0.0009944193 0.0019241169 2.3576094e-05 0.0002662382 0.00046402158 3.0912163e-06 6.0524148e-05 4.986266e-06 0.00017440938 0.0002459534 0.00022625942 0.00029983936 2.9184434e-06 0.0011612766 9.365102e-05 0.000339156 0.0011904134 1.583768e-05 9.416095e-05 9.260737e-05 0.00045987254 0.00018277405 9.411355e-05 2.310991e-05 5.353142e-06 3.1937553e-08 5.9237204e-06 3.2783652e-07 3.4135865e-05 0.002182716 9.962157e-06 0.0013879996 1.1258884e-07 4.6316956e-05 1.2424997e-05 0.0008184982 1.5351634e-07 0.0001190968 0.00043286165 2.3449536e-07
0.013620531 0.60401446 0.6577009 5.546833e-21 0.43886834 0.5860711 0.47929645 0.38386983 0.17907539 0.12125952 0.31275246 0.4460803 0.097822845 0.33254418 0.032363027 0.055435695 0.03884232 0.028042007 0.064809486 0.02411535 0.10436235 0.028104488 0.14140883 0.023406127 0.06675621 0.048333257 0.023393592 0.016518673 0.023962142 0.012825195 0.016175563 0.013547811 0.0049646227 0.0011262188 0.014467406 0.0064180293 0.0002688935 0.0065652276 0.00071697234 0.019795448 0.00094457046 0.0013653018 0.00015294358 7.525308e-05 7.238233e-05 0.030871078 0.012033594 0.00014158546 0.002058982 1.7798784e-05 2.59057e-05 0.00016946015 0.013505658 8.004788e-06 1.20724e-05 0.0065836646 0.011852546 1.6594857e-06 2.5869297e-06 2.5489903e-06 8.027136e-05 0.00040284335 0.0032600642 1.49389325e-05 0.0001546498 0.0011328934 1.5731606e-06 0.00028085787 2.3730137e-05 0.00041668967 0.0007488646 0.00012428025 0.00042584664 1.0672001e-06 0.0013910646 0.0003373328 0.000602404 0.0013808615 7.893976e-06 4.790229e-05 4.2464544e-05 0.00067210005 0.0001970673 2.912881e-05 6.7771125e-06 2.9603074e-05 1.22291395e-08 4.3255684e-05 5.33938e-08 5.8418995e-05 0.0018646768 1.0156125e-05 0.0027195027 3.735602e-08 7.558487e-05 2.1700796e-06 0.0020301251 6.22995e-08 0.00020433447 0.00046468762 7.31581e-08
0.08802585 0.7105295 0.55363333 0.43886834 2.119465e-22 0.4006095 0.19595596 0.13227601 0.6630841 0.67381245 0.29285502 0.04837636 0.26460043 0.068016455 0.6221943 0.29823408 0.16870485 0.3956463 0.19471312 0.17142119 0.12280975 0.36530417 0.20427346 0.142232 0.0051302905 0.10516257 0.0013710625 0.1416172 0.016203722 0.029373165 0.027719093 0.020819198 0.00022929048 0.0094277365 0.0034755599 0.018493554 0.004482702 0.0010342639 0.0025411665 0.00033534362 1.8964658e-05 0.00018285793 0.00083459663 0.000639858 0.000505267 0.020968657 0.021130228 5.028303e-06 0.0019973237 3.419719e-05 7.1307804e-05 8.485165e-05 0.06849257 8.568609e-06 1.9973846e-05 0.0050780964 0.007916745 1.4267252e-06 1.6273572e-06 6.082753e-07 5.66873e-06 0.002627137 0.022853218 8.7641696e-05 0.0013562121 0.0042305263 3.7539335e-06 0.00077076536 1.7897534e-06 0.0020428344 0.0005226255 0.0010899438 0.0025722529 1.7146177e-06 0.0015598824 0.00012883305 0.001318135 0.00077205384 4.732123e-05 0.00058651366 0.00047033423 0.0016711421 0.00056175375 0.0001271319 0.00025975873 2.2074668e-05 1.4940086e-07 3.0541058e-05 2.2000667e-07 0.00040759685 0.009493052 8.570449e-06 0.0013206118 9.840597e-07 0.00013842796 5.6046727e-05 0.00095482555 1.5126302e-07 0.00016132694 0.00021677716 3.9482228e-07
0.006158595 0.70554024 0.5066652 0.5860711 0.4006095 6.908571e-21 0.3548754 0.26554474 0.05044817 0.17536333 0.5191181 0.6022668 0.041198745 0.20709388 0.037233967 0.01684539 0.061025705 0.012568692 0.01858921 0.042717513 0.02385807 0.04148505 0.20280166 0.0086924555 0.014174591 0.04909725 0.03996753 0.0057344604 0.0062074056 0.004288986 0.022282016 0.023605512 0.022438003 0.0011541431 0.028601183 0.0068167313 0.00020616424 0.022557983 0.0009919704 0.009669191 0.0030297 0.0056355745 0.0004523607 0.0004621358 1.8347448e-05 0.06102853 0.0026499447 0.0019270927 0.0006744298 9.182625e-05 1.0660298e-05 3.308729e-05 0.015230789 4.215616e-06 2.0773494e-05 0.018732972 0.022531461 6.193069e-06 7.4666063e-06 2.8569643e-06 0.00043769498 0.0011414902 0.009132035 5.5230503e-05 0.000944094 0.0072698556 2.8602783e-05 0.0008725641 0.00011052913 0.0014182148 0.0035753974 0.0006584788 0.0020515525 3.392221e-06 0.0034667924 0.0010750315 0.0013700698 0.0021771712 1.2409164e-05 7.290177e-05 7.800524e-05 0.0016734194 0.0004482368 3.15947e-05 4.6466273e-05 0.00025780487 1.2704268e-08 0.00050544075 7.0325234e-07 0.0001633038 0.0032976998 4.0894964e-05 0.0036924847 6.198836e-08 0.0003321297 3.332694e-06 0.0027324022 6.004604e-07 0.00022908898 0.00047839407 4.257435e-09
0.0017823909 0.3637329 0.48365623 0.47929645 0.19595596 0.3548754 2.0333946e-20 0.71802753 0.11477197 0.056705248 0.17205751 0.37791875 0.08164563 0.6388685 0.009479663 0.027625 0.01725836 0.011203687 0.035083365 0.011771816 0.10224266 0.0130541725 0.059933703 0.008697319 0.20690548 0.023409087 0.018927371 0.004296918 0.012849655 0.003803206 0.004692608 0.0034763971 0.0035710747 0.00060876197 0.0073850714 0.0021685313 5.215229e-05 0.0028896565 0.00028525866 0.044937257 0.00022256473 0.00041924213 0.00011821653 0.00011576441 5.5780536e-05 0.010251289 0.0016875811 4.6736888e-05 0.0010807737 6.845464e-05 2.3392937e-05 5.280198e-05 0.0037145556 1.7757271e-06 2.258107e-05 0.0022610906 0.0051147407 1.10945275e-05 6.831041e-06 1.0364236e-06 0.00012928576 0.00013355316 0.00066845136 2.4980738e-05 9.004055e-05 0.00017223714 6.454923e-06 4.1999603e-05 1.0702961e-05 0.00012435603 0.00030904028 5.2752755e-05 0.00023831641 4.0765435e-06 0.0012692935 0.00020196817 0.00035846085 0.001155916 5.842587e-06 0.000157568 0.00010994745 0.000199204 0.00026716862 6.0435385e-05 1.6157166e-05 2.356279e-05 1.3146503e-08 2.9391671e-05 1.727502e-06 2.5530888e-05 0.0014625209 1.0325972e-05 0.005077675 3.674847e-08 5.026661e-05 2.7079186e-06 0.002559476 1.0425441e-06 0.00019353897 0.0011564777 6.55192e-09
0.0038159713 0.33528745 0.4091973 0.38386983 0.13227601 0.26554474 0.71802753 1.2379733e-20 0.14089563 0.04824471 0.14039421 0.3742964 0.08080754 0.62906045 0.010659796 0.043096703 0.011050874 0.012667461 0.05530893 0.007914266 0.13109611 0.009323185 0.05664341 0.018337542 0.23934193 0.022095572 0.024836391 0.008648481 0.018463708 0.007941328 0.004557847 0.003988047 0.0054904353 0.0021165113 0.0064181313 0.0024386246 0.00049295375 0.0028368707 0.0004007231 0.06366669 0.00041234543 0.00075943687 0.00035041268 0.00016979112 0.00014487411 0.012639846 0.0039531854 0.00019866652 0.0016461476 0.00010478809 0.00010486488 0.0003126235 0.0034643733 1.2820143e-05 5.13484e-05 0.0024580439 0.006043919 6.8842833e-06 8.30194e-06 5.397952e-06 0.00015783738 0.00011490691 0.0010594522 3.5717658e-05 0.00013595031 0.00033435368 1.0632357e-05 9.14932e-05 1.355899e-05 0.0002136664 0.00043992946 2.5257423e-05 0.00033424242 3.879366e-06 0.0008349346 0.00034272508 0.0004975856 0.0012809072 3.5350622e-05 0.00010972914 8.366355e-05 0.00029139747 0.0003094597 6.939485e-05 1.4617887e-05 5.660149e-05 1.1523303e-08 3.787143e-05 1.5653373e-07 2.6364141e-05 0.001986404 8.701338e-06 0.00886299 3.3721843e-08 8.8750596e-05 2.5019328e-06 0.008266933 3.738084e-07 0.0004713376 0.0019060251 1.4414374e-07
0.043584596 0.2056566 0.4234502 0.17907539 0.6630841 0.05044817 0.11477197 0.14089563 2.1275425e-21 0.19760665 0.03717144 0.017947145 0.5355066 0.1042533 0.21302283 0.6938348 0.04109646 0.36476517 0.62496567 0.038943168 0.43838015 0.09030872 0.03546392 0.60341775 0.04493626 0.06806437 0.00060324476 0.39467257 0.16073303 0.27307048 0.014974143 0.007953903 0.00029990857 0.019903962 0.0017938545 0.022815146 0.013385825 0.00049029075 0.0029907397 0.00093532726 1.3241613e-05 5.421377e-05 0.001381914 0.0018162769 0.0036992205 0.011277956 0.094328046 6.3528796e-06 0.020066625 0.00047641285 0.00068277883 0.0016691567 0.03697989 3.5606787e-05 0.00014582084 0.003971374 0.0049503585 1.3964272e-05 2.5303641e-05 1.0649934e-05 4.8987195e-06 0.0037400261 0.0049613235 6.737003e-05 0.00070333283 0.0010095495 1.7961474e-05 0.00025584523 2.1124356e-06 0.00030084074 0.0007815928 0.0017994823 0.0003656815 1.5695723e-05 0.0011472624 9.299572e-05 0.00094544736 0.0022812262 0.00023336374 0.00032647076 0.00056075363 0.00052462245 0.00024843361 0.0003151575 0.0007518232 2.8315902e-05 2.616575e-06 3.7075766e-05 1.6130707e-06 0.00014483502 0.0060492964 1.3488532e-05 0.0016232444 4.2773295e-06 0.0001005441 0.00018624518 0.0016918458 1.0569881e-06 0.00016125049 0.00025536842 3.902057e-05
0.665357 0.48171294 0.19943632 0.12125952 0.67381245 0.17536333 0.056705248 0.04824471 0.19760665 1.3918855e-20 0.38824773 0.035912447 0.052392162 0.032762855 0.50949484 0.047268786 0.668654 0.31548488 0.036361523 0.58119637 0.02876094 0.8349763 0.5211829 0.022663271 0.0016791553 0.38752922 0.0018542622 0.057182606 0.005353576 0.0045875334 0.11760392 0.0907819 0.002065813 0.0038251837 0.009889365 0.015666055 0.0019850375 0.0043305885 0.0008167106 0.00025352035 2.1614287e-05 0.0004154675 0.00022987333 0.0007668738 0.0001293906 0.09447216 0.008083474 0.00015970705 0.00033018712 2.9929042e-05 3.105762e-05 0.00012341769 0.17762841 2.7969777e-06 1.6552008e-06 0.031208534 0.049648177 4.9011186e-07 3.192807e-07 1.6292074e-07 7.376726e-06 0.006475283 0.13958128 8.4702006e-05 0.0057554003 0.031771317 1.4674365e-06 0.017322535 3.1638826e-06 0.031993758 0.001403563 0.005410784 0.021645252 3.4131727e-07 0.011235717 0.0004959564 0.019424312 0.0026524842 3.108082e-05 0.00078304834 0.000351988 0.010682924 0.010146759 2.0674754e-05 0.00028162575 0.00070727913 8.013464e-08 0.00026781834 5.983325e-08 0.000110905145 0.009762301 4.252389e-06 0.0067432085 7.551324e-07 0.0016160526 3.0691397e-05 0.006852018 1.0220874e-07 0.0020617319 0.0025709018 5.0974506e-07
0.1393041 0.57547545 0.30272686 0.31275246 0.29285502 0.5191181 0.17205751 0.14039421 0.03717144 0.38824773 1.1704521e-16 0.4982311 0.040455963 0.10682982 0.06008993 0.022990767 0.18585579 0.01934831 0.022059167 0.13972625 0.021231342 0.102215126 0.8328155 0.014923421 0.0044675125 0.13226967 0.03921341 0.029585099 0.0039011477 0.0045488128 0.058496296 0.067195885 0.119342476 0.006448946 0.178304 0.021378845 0.0026164528 0.15144375 0.004428569 0.0040034805 0.011588233 0.051612552 0.0018439644 0.0021237964 0.00025472482 0.31287652 0.024849344 0.025682587 0.0016108635 0.00040552614 9.747113e-05 0.0005733143 0.086307555 3.0434787e-05 6.1422295e-05 0.14758694 0.12871546 2.8080949e-05 2.2031007e-05 1.2617775e-05 0.00039351918 0.005604489 0.10292776 0.00079062226 0.0070937737 0.10243825 0.00032314702 0.032367162 0.00089648087 0.055270046 0.12118746 0.003711705 0.036544614 1.9477837e-05 0.052687854 0.032623667 0.031366967 0.04743525 7.753954e-05 0.00050789147 0.00046719488 0.037415512 0.016044486 0.00095757545 0.00022369847 0.019442989 3.4169574e-07 0.06042624 1.4547393e-05 0.006914313 0.028947419 0.0008222234 0.08047183 1.136267e-06 0.008797856 2.6237878e-05 0.08281922 1.949443e-05 0.005093418 0.010529876 3.4192116e-08
0.009239381 0.47259352 0.2972591 0.4460803 0.04837636 0.6022668 0.37791875 0.3742964 0.017947145 0.035912447 0.4982311 1.1574685e-17 0.016008027 0.43036646 0.0069691674 0.0064288117 0.018063642 0.00706822 0.008562067 0.016408611 0.009988613 0.009318642 0.19240859 0.0031470114 0.022714049 0.026933424 0.40130898 0.002481167 0.0027759755 0.0012245019 0.012331187 0.015921965 0.28537032 0.0014572276 0.0773175 0.0020304804 0.0003289397 0.072562784 0.0008032237 0.14534275 0.07662613 0.15443453 0.00060334976 0.00034355695 8.0143705e-05 0.07079797 0.007636281 0.04818693 0.0007346394 0.0001845862 6.923428e-05 0.0005040813 0.010556159 3.654052e-05 6.441423e-05 0.018636422 0.02204498 1.1943227e-05 1.7094852e-05 1.1489238e-05 0.010587049 0.000116455034 0.0060408963 0.00021751292 0.00026437224 0.0038489897 5.3619635e-05 0.0007068301 0.00485838 0.0015746655 0.018773174 0.00019193707 0.0020330176 6.837748e-06 0.00379694 0.008114431 0.0029750217 0.010583274 3.719969e-05 4.809115e-05 4.185869e-05 0.0014488191 0.00071393506 0.00010934827 1.0114484e-05 0.002792178 4.1429235e-08 0.0055882586 6.6917113e-07 0.002265077 0.0059339614 0.0005137507 0.029092062 7.488599e-08 0.0012190436 7.682281e-06 0.014555333 1.3652418e-06 0.0022094026 0.003347514 1.5558095e-07
0.0018769741 0.11569921 0.25503138 0.097822845 0.26460043 0.041198745 0.08164563 0.08080754 0.5355066 0.052392162 0.040455963 0.016008027 1.8334755e-21 0.16616617 0.03177465 0.52669066 0.011468856 0.031545464 0.5689518 0.008977365 0.6723391 0.018218545 0.022950878 0.29879567 0.3001237 0.016827906 0.0005053576 0.08608335 0.32339716 0.22029571 0.0034517206 0.0024570853 0.00024564887 0.0071635684 0.001633539 0.006448568 0.0038987468 0.00026662947 0.0017173899 0.0051112324 1.6864331e-05 7.284137e-05 0.00068164093 0.0002949516 0.0012063487 0.0041406513 0.025743403 1.05239715e-05 0.022733897 0.00031158 0.00044879867 0.0003018258 0.00496328 2.065865e-05 5.6114062e-05 0.0006019288 0.0023058536 1.4450782e-05 2.3903216e-05 1.0986563e-05 2.2589093e-06 0.000104558494 0.0006630806 6.171223e-05 0.00043883143 9.251371e-05 2.0779478e-05 7.106056e-05 2.1573685e-06 0.0001310296 0.00030457624 1.954542e-05 0.00015259247 1.2946607e-05 0.00060600246 0.00014665442 0.0003714952 0.0011882785 0.00014672632 6.816689e-05 0.00012671067 0.00025330792 0.00016144098 0.00025337725 1.2739338e-05 1.9047675e-05 6.93735e-08 1.6962094e-05 2.3701539e-06 4.2517746e-05 0.00093336595 1.2594415e-05 0.0038628585 6.793687e-07 1.0190945e-05 1.0566067e-05 0.00068172836 1.0993632e-06 6.6329274e-05 0.00030864592 1.9149907e-07
0.0017928447 0.2709954 0.3371302 0.33254418 0.068016455 0.20709388 0.6388685 0.62906045 0.1042533 0.032762855 0.10682982 0.43036646 0.16616617 1.6781867e-18 0.005300847 0.042731218 0.0066408236 0.00803079 0.05467315 0.0035685012 0.1815632 0.00397755 0.04905909 0.026144296 0.5155734 0.01182233 0.081427656 0.010403369 0.022454683 0.007989455 0.0017259015 0.000680824 0.0040987465 0.0025568644 0.0061161076 0.00065720495 0.0007921759 0.001565286 0.00022060431 0.28286156 0.0011104066 0.0014775263 0.00020905708 3.0160127e-05 0.00028398834 0.0070202583 0.005059589 8.0642276e-05 0.0019031106 9.9276585e-05 0.00020346625 0.0011603709 0.0012239281 1.918539e-05 6.81925e-05 0.0012095968 0.0038714882 2.229672e-05 2.1246278e-05 1.24756725e-05 0.00067457266 3.7856516e-05 0.000802307 3.2246957e-05 5.6081164e-05 0.00040289198 1.7868022e-05 0.00020430933 2.6690872e-05 0.0005182388 0.00043392286 2.797267e-05 0.0006517756 4.8822185e-06 0.0010246828 0.00035951327 0.0009579344 0.0021093357 4.6569596e-05 0.0001842935 0.00012606378 0.00046111684 0.0007203752 7.8010526e-05 1.5210479e-05 0.00028474853 5.3062223e-08 6.8954694e-05 6.046409e-07 4.688501e-05 0.0035185432 8.690474e-06 0.02337996 2.0956666e-08 0.00011564027 1.4175212e-05 0.006482395 4.87381e-07 0.00048351052 0.0013405824 6.682719e-07
0.32197475 0.10450146 0.07031464 0.032363027 0.6221943 0.037233967 0.009479663 0.010659796 0.21302283 0.50949484 0.06008993 0.0069691674 0.03177465 0.005300847 5.7930633e-21 0.07378208 0.13295278 0.81208044 0.042774893 0.16870941 0.013807706 0.74337226 0.057065703 0.045573223 0.00024944806 0.10491363 0.0001716375 0.1414886 0.0022612072 0.00503603 0.032331083 0.022949813 0.00031844646 0.026982669 0.0012733169 0.05291503 0.0208817 0.0007662948 0.009746868 2.2028087e-05 5.5489063e-06 0.00021701337 0.003770656 0.0033819333 0.0027133203 0.0069235344 0.011867944 7.316142e-05 0.0002899463 0.00063114846 0.0006479665 0.0011205606 0.2013569 0.00019189884 0.00020095085 0.0032414321 0.004996825 2.4881168e-05 2.0532612e-05 6.912546e-06 3.4850539e-06 0.009256354 0.11218669 0.0015587329 0.0050668274 0.014824105 0.00015577789 0.0346434 1.433639e-06 0.033756126 0.0005881186 0.0060912697 0.016626954 1.8875578e-05 0.0021725493 0.00026380707 0.034554362 0.00057236396 0.00016439009 0.007503676 0.0021135714 0.0037907532 0.024343474 0.00038190416 0.0018377575 0.00018283875 1.925463e-06 0.000212622 1.0597862e-06 0.00015688532 0.0304634 3.7963102e-05 0.009176134 6.938634e-06 0.0023907637 0.00045992955 0.008190648 7.2458573e-07 0.0012548048 0.003028835 1.643502e-07
0.004827509 0.053111 0.15019661 0.055435695 0.29823408 0.01684539 0.027625 0.043096703 0.6938348 0.047268786 0.022990767 0.0064288117 0.52669066 0.042731218 0.07378208 3.8631806e-21 0.012466587 0.0900864 0.6454761 0.012492092 0.4477797 0.02257064 0.015531248 0.5236681 0.11302772 0.018132303 0.0003337414 0.22562811 0.26858166 0.29472846 0.0057323063 0.0034765413 0.00013393899 0.01514536 0.0011365874 0.025214585 0.012410988 0.00020601408 0.0036696924 0.0010636069 1.4523925e-05 2.6486015e-05 0.0011644044 0.0007665072 0.0031925545 0.0029312188 0.082473814 5.8688734e-06 0.039390296 0.0004058893 0.0010225598 0.0014645658 0.00793422 5.151821e-05 9.0292844e-05 0.0010727692 0.0021179065 1.2049233e-05 2.636955e-05 1.49068255e-05 5.904702e-06 0.0007062014 0.0007988856 6.466819e-05 0.0006810129 0.00024937835 1.5365888e-05 6.0768973e-05 3.7083419e-06 0.000113482136 0.0004398032 0.00021579882 0.00013616557 2.8353816e-05 0.00053881627 6.535171e-05 0.00022201819 0.0007761677 0.00030899845 0.00012612763 0.00033011503 0.00023805631 9.243716e-05 0.00041574653 3.551163e-05 1.6364671e-05 2.0845264e-06 9.125022e-06 5.6855733e-06 2.3757491e-05 0.0006290147 1.5211958e-05 0.00038446274 6.3867465e-06 7.2527264e-06 4.9708e-05 0.00012673798 1.958956e-06 3.238064e-05 9.798822e-05 5.9514673e-06
0.46891922 0.16632721 0.05429682 0.03884232 0.16870485 0.061025705 0.01725836 0.011050874 0.04109646 0.668654 0.18585579 0.018063642 0.011468856 0.0066408236 0.13295278 0.012466587 7.3387433e-23 0.09523038 0.008950458 0.75411147 0.0050871703 0.64746106 0.37847477 0.0063185156 9.080709e-05 0.41822815 0.0007127815 0.016171914 0.0005455273 0.00056949107 0.16758984 0.14461233 0.0014380353 0.002304181 0.011285584 0.011874992 0.0010572291 0.005985546 0.00070756045 1.9250985e-05 3.825151e-05 0.00055902364 0.00023648347 0.001658958 4.6315276e-05 0.07520967 0.0016029008 0.00037159922 6.6159526e-05 6.603125e-05 1.2914976e-05 3.0536223e-05 0.14226423 2.0850096e-06 9.256613e-07 0.033667143 0.043922115 5.2038814e-07 2.4884392e-07 9.630033e-08 3.562168e-06 0.006301852 0.13198888 0.0001012106 0.010454724 0.033115573 9.546657e-06 0.031634763 3.7984448e-06 0.039932594 0.002462066 0.007795122 0.029820941 9.857139e-07 0.014995079 0.0015070344 0.025575416 0.0022647518 6.8841055e-06 0.00073791394 0.00038195684 0.0127267605 0.01851726 2.6242207e-05 0.0003658901 0.0017844181 8.502478e-08 0.0010360872 1.8383805e-07 8.64418e-05 0.0118151 4.7171893e-06 0.007048699 3.4870865e-07 0.003576987 2.6342756e-05 0.0069893487 3.416556e-07 0.0021074235 0.0026944128 6.8053208e-09
0.696883 0.11746444 0.047214065 0.028042007 0.3956463 0.012568692 0.011203687 0.012667461 0.36476517 0.31548488 0.01934831 0.00706822 0.031545464 0.00803079 0.81208044 0.0900864 0.09523038 4.1168094e-20 0.068277374 0.074099466 0.017593672 0.3713318 0.03608457 0.06697931 0.0018756929 0.19710873 4.7981433e-05 0.24956943 0.009835288 0.013137958 0.035267066 0.010546745 0.00041650853 0.030287428 0.0008451097 0.09511065 0.016931912 0.00032003107 0.0099867 3.716111e-05 3.4030013e-06 6.874308e-05 0.0025039678 0.008041228 0.009682931 0.018037194 0.03480649 2.7985318e-05 0.0025415726 0.00070109346 0.0028303515 0.003318916 0.2481129 0.00019880962 0.00014182954 0.0040487642 0.0117344735 1.7677055e-05 7.5729213e-06 2.5880377e-06 3.9784436e-06 0.027620003 0.08917113 0.0003246086 0.00476307 0.0069124773 4.5820765e-05 0.024951393 1.1445532e-06 0.015910193 0.0003169905 0.016684724 0.01016986 1.2541857e-05 0.004550399 0.00014402841 0.034628693 0.0022554235 0.00015900964 0.012981424 0.002968509 0.005834881 0.027228557 0.00017307309 0.0060847355 0.00026297738 1.0345354e-06 9.407129e-05 2.1033757e-06 3.865128e-05 0.054366555 4.997687e-06 0.009796958 4.387906e-06 0.0031151625 0.0031988218 0.0079747215 3.5248618e-07 0.0031531143 0.0043015513 6.73981e-05
0.004549446 0.087630406 0.14765786 0.064809486 0.19471312 0.01858921 0.035083365 0.05530893 0.62496567 0.036361523 0.022059167 0.008562067 0.5689518 0.05467315 0.042774893 0.6454761 0.008950458 0.068277374 4.4027783e-21 0.0080466205 0.5623825 0.015207914 0.01694465 0.48439753 0.20383357 0.014110103 0.00021248395 0.2209743 0.37545928 0.40614232 0.0030273276 0.0016402664 0.00032676698 0.012700013 0.0014564295 0.016914515 0.0082819145 0.00026465426 0.002699391 0.0015316998 2.4245448e-06 1.867785e-05 0.0009009506 0.0008437339 0.0038892548 0.0031059533 0.090454355 1.3419195e-05 0.05283735 0.0004939069 0.0012682384 0.0008648754 0.004895796 4.744134e-05 0.0001247599 0.0013632597 0.00237031 2.2760454e-05 3.7207566e-05 1.7829263e-05 1.6822817e-06 0.00033735228 0.00081672706 7.349758e-05 0.00049812405 0.00024828204 3.10263e-05 0.000117752614 1.191528e-06 0.00016292176 0.0006444298 7.374746e-05 0.00036687855 1.9745832e-05 0.0011022434 6.970619e-05 0.0003433452 0.0011911113 0.0003453148 0.00013381208 0.0002823467 0.0011480526 0.00015721303 0.00027460358 3.5799814e-05 5.9139984e-05 4.43512e-07 5.810559e-06 3.024537e-06 8.101602e-06 0.00090356934 4.9869795e-06 0.002852641 2.1682572e-06 3.980666e-05 2.7174921e-05 0.00074612786 1.7405612e-06 0.00030355435 0.00087798975 1.436718e-05
0.25898108 0.116497785 0.03427457 0.02411535 0.17142119 0.042717513 0.011771816 0.007914266 0.038943168 0.58119637 0.13972625 0.016408611 0.008977365 0.0035685012 0.16870941 0.012492092 0.75411147 0.074099466 0.0080466205 5.9595545e-23 0.003482793 0.77611226 0.26034406 0.007093351 6.4780776e-05 0.4552257 0.00034644586 0.017058121 0.00039016292 0.000863441 0.2125556 0.2195223 0.0010359661 0.0036841747 0.007439946 0.019238565 0.0018851022 0.0052234875 0.0016778563 1.4539322e-05 3.0055122e-05 0.00061533664 0.00070445286 0.0035882122 9.368282e-05 0.049019106 0.0016171287 0.00041531026 5.7529032e-05 0.00019463009 2.7388684e-05 4.8628342e-05 0.14635389 4.734405e-06 1.9396875e-06 0.026226072 0.033239804 8.7892874e-07 6.1449066e-07 1.5896556e-07 2.4048647e-06 0.010487408 0.1151076 0.00020058591 0.015510761 0.039164037 3.5662622e-05 0.047047667 3.575247e-06 0.045776054 0.0021315678 0.009755436 0.03582923 2.0936095e-06 0.0113540795 0.0014847888 0.03341349 0.0014089285 1.8707819e-05 0.0014003253 0.00097445113 0.010022259 0.016291508 6.8881745e-05 0.00093828933 0.0011255402 1.2672596e-07 0.00068124064 4.311759e-07 7.947673e-05 0.0123597495 5.796484e-06 0.00635401 4.0811935e-07 0.0036749686 8.274019e-05 0.0055167023 7.3406574e-07 0.0014247443 0.002499379 6.9549244e-10
0.00095970096 0.10260297 0.220685 0.10436235 0.12280975 0.02385807 0.10224266 0.13109611 0.43838015 0.02876094 0.021231342 0.009988613 0.6723391 0.1815632 0.013807706 0.4477797 0.0050871703 0.017593672 0.5623825 0.003482793 1.3913824e-18 0.008587315 0.013954708 0.32954052 0.5771558 0.008436981 0.0003500967 0.07876304 0.5477132 0.3344138 0.0007047028 0.00035040983 0.00020046695 0.0076627918 0.00077615294 0.001423813 0.003493213 9.3031995e-05 0.00048532648 0.004508419 6.44247e-06 2.5636118e-05 0.00021615265 9.629918e-05 0.0017469772 0.0013154375 0.029824248 1.1690498e-05 0.040792506 0.00018664043 0.0005784642 0.00055515696 0.0013654353 2.5233323e-05 8.908452e-05 0.00050723273 0.0008311502 4.311936e-05 4.0619463e-05 1.1146025e-05 2.070428e-06 3.5368426e-05 0.00059329654 7.088391e-05 3.6817983e-05 0.00022617268 4.35149e-05 0.0002022353 1.8568793e-06 0.00017329241 0.00023076203 1.4628083e-05 0.00025565107 1.06653315e-05 0.001900924 0.00022879205 0.0006826333 0.0017509827 9.043582e-05 5.542473e-05 6.928039e-05 0.00209873 0.00067941 0.00012765176 1.93192e-05 0.00012248177 1.4290775e-07 3.4206158e-05 2.3603777e-06 4.5414392e-05 0.0008158858 5.2935566e-06 0.005231359 3.1577136e-07 2.7329534e-05 1.359466e-05 0.0005868311 1.3767909e-06 0.00024081122 0.0006394115 1.1448251e-06
0.8273034 0.16949266 0.05035035 0.028104488 0.36530417 0.04148505 0.0130541725 0.009323185 0.09030872 0.8349763 0.102215126 0.009318642 0.018218545 0.00397755 0.74337226 0.02257064 0.64746106 0.3713318 0.015207914 0.77611226 0.008587315 2.270084e-22 0.2865906 0.012153407 9.440642e-05 0.55497885 0.00014819151 0.08279428 0.0017168119 0.002260017 0.20325463 0.16521871 0.00022709754 0.016360981 0.0029825156 0.13537207 0.008257123 0.0012080515 0.006034304 1.3375983e-05 8.9990164e-07 8.204081e-05 0.0013420694 0.006121435 0.0010706958 0.05946915 0.008744414 2.624541e-05 0.00017266044 0.00010291665 0.00024419348 0.00052622316 0.39802894 1.5791196e-05 1.4512294e-05 0.018031484 0.038447928 2.0459556e-06 1.6109448e-06 5.1304687e-07 1.6835752e-06 0.04286754 0.28214878 0.00024150049 0.016607024 0.04225305 1.4861715e-05 0.13550457 9.294456e-07 0.07126498 0.0004064808 0.03830172 0.048889946 1.1433019e-06 0.013374874 0.0002068498 0.08589746 0.0021296416 0.00020658759 0.0066056605 0.002073417 0.013143799 0.05512194 0.00013727018 0.0018301688 0.00026584824 2.5981038e-07 9.350832e-05 1.9312658e-07 3.4306355e-05 0.029673407 2.8586132e-06 0.013873048 2.4481908e-06 0.005966818 0.00093850814 0.012585508 1.0628454e-07 0.0031414283 0.0031051862 2.1604403e-06
0.8070977 0.40917408 0.12388131 0.14140883 0.20427346 0.20280166 0.059933703 0.05664341 0.03546392 0.5211829 0.8328155 0.19240859 0.022950878 0.04905909 0.057065703 0.015531248 0.37847477 0.03608457 0.01694465 0.26034406 0.013954708 0.2865906 1.100881e-16 0.007508244 0.0011470808 0.45733273 0.015209031 0.021276072 0.00193383 0.0028038346 0.16070597 0.17582195 0.0808674 0.0029894284 0.25390548 0.019063395 0.0011665006 0.2027238 0.001781474 0.00082144234 0.0020703285 0.016686969 0.00045435363 0.0007501824 0.00028804652 0.51530296 0.023174914 0.013914888 0.0008162797 3.3928478e-05 0.00011535036 0.00042609082 0.2137342 1.0959783e-05 4.5286006e-06 0.22923799 0.21680178 1.5778951e-06 1.5151866e-06 2.7543315e-06 0.00016498048 0.0037110415 0.22468814 0.00018379747 0.0038734328 0.16863972 9.289481e-06 0.05558559 0.00023927334 0.10496344 0.10205598 0.0047878455 0.08392066 2.2408067e-06 0.17874521 0.0317514 0.064187504 0.0712155 4.3355838e-05 0.0006120466 0.0003524344 0.12791108 0.036672622 0.00012386398 2.3593077e-05 0.032494716 2.3966874e-07 0.07369402 5.7526233e-07 0.009346519 0.0477633 0.00041231868 0.11513511 1.421613e-06 0.013858701 9.180799e-06 0.1364758 1.0859192e-06 0.014508594 0.027123181 2.5373852e-06
0.008704157 0.030841645 0.052512683 0.023406127 0.142232 0.0086924555 0.008697319 0.018337542 0.60341775 0.022663271 0.014923421 0.0031470114 0.29879567 0.026144296 0.045573223 0.5236681 0.0063185156 0.06697931 0.48439753 0.007093351 0.32954052 0.012153407 0.007508244 1.8246223e-20 0.03583275 0.0058605205 7.2354924e-05 0.61814857 0.3452723 0.44354874 0.002054129 0.0010482589 3.838562e-05 0.13055587 0.0002524879 0.031682894 0.21330474 7.269453e-05 0.012461929 0.00034324094 3.9571907e-05 6.353877e-05 0.0059453775 0.003245766 0.07312551 0.0005214461 0.34733716 2.5728295e-06 0.10734108 0.0025430394 0.033586506 0.065538205 0.0053287596 0.0024246166 0.0018660876 0.0006298484 0.00067010545 8.365821e-05 0.0003543759 0.00016424562 1.6254255e-05 0.0011224226 0.0003315591 0.0015433194 0.0026951646 7.20745e-05 0.00028502673 3.9117745e-05 5.7970974e-06 3.436451e-05 0.00031018714 0.00036798554 9.979659e-05 0.00012229747 0.00073254475 0.00010331227 0.00026887655 0.0005412951 0.0006415352 0.0009902818 0.00185887 0.00028450746 0.00020647689 0.0010131147 0.00052509276 7.713856e-06 8.150218e-05 4.604487e-05 1.0619781e-05 0.00031612348 0.008122425 0.00013996397 8.649302e-05 3.131883e-05 8.428336e-06 0.00022533412 2.2442744e-05 7.0782608e-06 1.5660347e-05 3.748773e-05 0.00020798284
5.5736135e-05 0.019071482 0.078798875 0.06675621 0.0051302905 0.014174591 0.20690548 0.23934193 0.04493626 0.0016791553 0.0044675125 0.022714049 0.3001237 0.5155734 0.00024944806 0.11302772 9.080709e-05 0.0018756929 0.20383357 6.4780776e-05 0.5771558 9.440642e-05 0.0011470808 0.03583275 7.176034e-19 0.0006628236 0.0074047935 0.0031499076 0.49600157 0.08158029 4.4914887e-05 7.0673264e-06 6.734895e-05 0.00040804566 0.0003397327 3.7054467e-06 0.0002802438 3.7766513e-05 5.0744243e-06 0.26682082 0.00019266018 7.793245e-05 8.814181e-06 7.112663e-06 9.5577576e-05 0.00012938357 0.010057667 4.292793e-06 0.058263864 1.1735346e-05 6.242271e-05 0.00019475691 3.6123216e-05 2.1777673e-06 2.4121931e-05 2.038478e-05 5.4130283e-05 7.515078e-06 1.2048475e-05 4.63248e-06 0.00019495071 4.5094184e-06 2.130004e-05 3.3131113e-07 2.7230126e-07 2.1752826e-06 9.1041375e-07 1.3021484e-05 1.0534375e-05 4.916678e-06 2.282053e-05 1.0159011e-05 1.3456873e-05 1.7545656e-06 0.0002123363 6.057491e-05 7.41452e-05 0.0003461018 1.2665172e-06 6.095287e-06 7.158624e-06 0.00017382205 0.00013489104 2.5484435e-06 7.07119e-06 5.5496243e-05 1.1594223e-07 6.1504885e-05 2.631393e-07 0.000117389434 0.00017787711 0.00017004245 0.0004016513 3.1949847e-07 4.5647585e-06 4.7770084e-07 0.000120200195 1.4828269e-06 3.6255748e-05 4.0481715e-05 4.7904596e-06
0.8292171 0.18194741 0.0567586 0.048333257 0.10516257 0.04909725 0.023409087 0.022095572 0.06806437 0.38752922 0.13226967 0.026933424 0.016827906 0.01182233 0.10491363 0.018132303 0.41822815 0.19710873 0.014110103 0.4552257 0.008436981 0.55497885 0.45733273 0.0058605205 0.0006628236 2.2886764e-20 0.00063276174 0.026465528 0.002998794 0.0019488158 0.7682221 0.71248144 0.0067038806 0.003843086 0.025436806 0.013876198 0.0012916054 0.008812589 0.00064482755 7.38748e-05 1.7407581e-05 0.00066479715 0.00014839473 0.0011526911 0.00016510607 0.20089702 0.0041322843 0.0006724617 0.00011216206 4.7045064e-06 3.608403e-05 8.3179366e-05 0.3639972 1.5861191e-06 3.256655e-07 0.057068456 0.11509833 1.2418859e-07 1.1412381e-07 6.7166816e-08 1.0635532e-05 0.014676376 0.2846394 1.44633705e-05 0.006618294 0.06916587 7.538704e-07 0.12928481 4.4129847e-06 0.0894662 0.0009453147 0.018773438 0.056319818 3.994666e-08 0.033169877 0.0006453902 0.07829478 0.0024837214 2.3952377e-06 0.0012532724 0.00046859664 0.017834978 0.033532247 2.9569876e-06 0.00043096772 0.0011819099 5.877117e-08 0.00052273687 1.0080102e-08 6.8619614e-05 0.01218706 6.432217e-06 0.034812707 3.7137656e-07 0.01974942 4.8312715e-05 0.02791062 1.518224e-08 0.008615044 0.008698941 8.466352e-06
7.5212185e-05 0.027859177 0.006379223 0.023393592 0.0013710625 0.03996753 0.018927371 0.024836391 0.00060324476 0.0018542622 0.03921341 0.40130898 0.0005053576 0.081427656 0.0001716375 0.0003337414 0.0007127815 4.7981433e-05 0.00021248395 0.00034644586 0.0003500967 0.00014819151 0.015209031 7.2354924e-05 0.0074047935 0.00063276174 1.5989625e-18 5.7997495e-05 8.102425e-05 2.829682e-05 0.00025586569 0.00031629083 0.07670955 0.00018084135 0.010137705 3.010581e-05 2.3293338e-05 0.009246084 7.089313e-06 0.6545268 0.062251784 0.1097726 1.0473588e-05 6.5128875e-06 2.5399709e-06 0.007798911 0.0005903734 0.009608164 3.5984445e-05 1.0281125e-05 1.8172877e-06 3.1204014e-05 2.6954756e-05 3.1161267e-06 6.930355e-06 0.0026339644 0.0015354006 1.3559564e-06 1.4694209e-06 6.8791667e-07 0.03856669 5.8089636e-06 0.00031464428 7.180993e-07 1.17930695e-05 0.0003672395 4.3221954e-07 9.847563e-05 0.006277002 4.8724993e-05 0.0024780561 5.6156005e-06 6.903681e-05 1.3532944e-07 0.0016850691 0.0024777194 0.00043229936 0.004673078 7.170226e-06 1.1618309e-05 7.6631895e-06 0.0009637889 0.0001763724 7.364285e-06 8.800682e-08 0.0019202039 2.0069477e-08 0.0007693157 4.2793367e-08 0.00019045213 0.00070361834 5.2647516e-05 0.115821615 1.00847934e-08 0.00015656845 1.8065819e-07 0.054984648 1.928338e-07 0.0037272202 0.0043090098 1.0222156e-08
0.30747592 0.04890641 0.051353935 0.016518673 0.1416172 0.0057344604 0.004296918 0.008648481 0.39467257 0.057182606 0.029585099 0.002481167 0.08608335 0.010403369 0.1414886 0.22562811 0.016171914 0.24956943 0.2209743 0.017058121 0.07876304 0.08279428 0.021276072 0.61814857 0.0031499076 0.026465528 5.7997495e-05 8.918668e-19 0.054621603 0.24301423 0.013964374 0.008536165 0.000118882774 0.6644871 0.0007465197 0.19126664 0.70492727 0.00023851536 0.08079091 7.784435e-05 7.5846515e-06 3.861186e-05 0.047211375 0.042583797 0.45100206 0.0010877057 0.38695508 6.1183327e-06 0.032555554 0.036390625 0.30335104 0.26490656 0.06851067 0.03749189 0.029968752 0.00088772224 0.00075851724 0.003363261 0.0061174724 0.0026677195 1.877999e-06 0.05739821 0.008855678 0.00792281 0.015764086 0.0021574737 0.0041362266 0.005711649 9.4902e-07 0.002574291 0.00038500945 0.024678273 0.0023286531 0.0014404248 0.0014789543 5.9230122e-05 0.0032077406 0.0009739893 0.0028458752 0.0111727975 0.009642712 0.00048580742 0.0013637779 0.0030648215 0.027086325 1.876387e-05 8.6641376e-05 7.73523e-05 9.879613e-05 0.0010944009 0.055459965 3.4312638e-05 0.0021994459 8.293714e-05 0.0008366128 0.007411145 0.0013424138 1.3857571e-05 0.00053462904 0.000753251 0.000514626
0.00024190226 0.022341717 0.042887695 0.023962142 0.016203722 0.0062074056 0.012849655 0.018463708 0.16073303 0.005353576 0.0039011477 0.0027759755 0.32339716 0.022454683 0.0022612072 0.26858166 0.0005455273 0.009835288 0.37545928 0.00039016292 0.5477132 0.0017168119 0.00193383 0.3452723 0.49600157 0.002998794 8.102425e-05 0.054621603 1.5940006e-16 0.56292117 0.00015704069 7.4927106e-05 0.000277919 0.005007831 0.0007539014 0.00011895003 0.005685091 0.000104277184 0.000121286044 0.0019218334 1.1579128e-05 3.1760374e-05 6.798783e-05 4.266202e-05 0.0032949245 0.00026630043 0.13576746 3.39879e-05 0.2659242 0.00014112671 0.0009175513 0.002689753 0.0001450342 3.2361935e-05 0.00016333153 0.00034111668 0.000253038 2.8797991e-05 5.2029587e-05 1.4817532e-05 1.9414383e-06 1.0352999e-05 0.00017537543 1.9618756e-05 8.786351e-06 0.0002614163 2.5371226e-05 0.00012748557 3.546359e-06 7.969068e-05 0.0006770175 1.5710053e-05 0.00040920888 1.2665057e-05 0.003974178 0.00058952806 0.0006576257 0.0042877034 4.7319158e-05 1.2943249e-05 1.9688781e-05 0.008486481 0.001369446 0.00014919236 2.926511e-05 0.00038965835 3.0655403e-06 0.00021927619 3.852489e-06 4.9783474e-05 0.00041570116 1.0060093e-05 0.006511556 2.6591365e-06 7.879674e-05 1.6043025e-05 0.00084101775 4.078278e-06 0.00055322703 0.000985916 0.00038789184
0.00015842884 0.017608702 0.027698006 0.012825195 0.029373165 0.004288986 0.003803206 0.007941328 0.27307048 0.0045875334 0.0045488128 0.0012245019 0.22029571 0.007989455 0.00503603 0.29472846 0.00056949107 0.013137958 0.40614232 0.000863441 0.3344138 0.002260017 0.0028038346 0.44354874 0.08158029 0.0019488158 2.829682e-05 0.24301423 0.56292117 1.3615894e-19 0.0002102806 0.00010085372 0.00026067795 0.023495894 0.0007493372 0.0011684356 0.031241907 0.00016131724 0.0012618768 0.00014269893 3.2579475e-05 0.00017929052 0.00057132513 0.00028914327 0.0145377135 0.00022248153 0.28548515 9.626076e-06 0.23953883 0.00065557956 0.0039375555 0.028951112 0.00063222705 0.00029307549 0.00096505403 0.00070901174 0.00018108192 0.0002293316 0.00042515644 0.00014802993 3.455256e-06 8.8489185e-05 0.0006267234 0.00018269512 0.00016570408 0.00011186466 0.00035298674 0.00018539844 6.38936e-06 4.623029e-05 0.00070494006 0.00012843228 0.00025783957 9.020618e-05 0.0034081216 0.00077020325 0.0003241854 0.0021610907 0.00033159676 0.00019482954 0.0005053419 0.0019168018 0.00047322974 0.0004293514 0.00020338358 0.00020805802 0.00011067205 0.00040732717 1.8611476e-05 0.00017232799 0.0004936131 3.36769e-05 0.0019827066 3.181148e-05 1.6254424e-05 4.5365523e-05 4.08743e-05 4.03487e-05 6.552645e-05 7.177324e-05 0.0007440176
0.48267898 0.047541767 0.015063627 0.016175563 0.027719093 0.022282016 0.004692608 0.004557847 0.014974143 0.11760392 0.058496296 0.012331187 0.0034517206 0.0017259015 0.032331083 0.0057323063 0.16758984 0.035267066 0.0030273276 0.2125556 0.0007047028 0.20325463 0.16070597 0.002054129 4.4914887e-05 0.7682221 0.00025586569 0.013964374 0.00015704069 0.0002102806 1.1192388e-21 0.7952712 0.0036509016 0.0045686704 0.014389496 0.018620696 0.0021556772 0.006783013 0.0026851026 1.7198541e-05 3.152659e-05 0.0011866027 0.0006498122 0.002110361 0.00018071533 0.11117823 0.0038024047 0.001013657 5.0294468e-05 5.1207167e-05 0.00010601744 0.000116521354 0.2467049 9.76501e-06 4.080421e-06 0.0558819 0.06450603 1.1532704e-06 9.4421813e-07 6.0929887e-07 1.0688966e-05 0.013838726 0.2504896 0.000108311644 0.013148888 0.06942825 1.084387e-05 0.121181056 1.2015302e-05 0.078265 0.003529274 0.021230735 0.056896415 8.3883407e-07 0.023349648 0.0019854598 0.09368138 0.001734547 1.0781074e-05 0.0022893785 0.001118716 0.018217415 0.0392119 2.0414582e-05 0.00039650354 0.00297461 1.7809678e-06 0.002574161 1.5738756e-07 0.00018067879 0.026509922 7.94107e-06 0.026138198 1.6493391e-06 0.036600452 4.8859703e-05 0.043151297 2.0163165e-07 0.01178071 0.015078675 3.8816066e-07
