4.8217955e-31 0.99099547 0.9936551 0.98564464 0.97015077 0.9296489 0.95793825 0.999805 0.7985836 0.931704 0.9132752 0.88976896 0.9282858 0.83350134 0.9997076 0.9760988 0.8280212 0.9931659 0.73414654 0.7314715 0.61182946 0.9778727 0.8328774 0.41486967 0.99799186 0.48998216 0.95227903 0.9844861 0.94509387 0.8834034 0.40927878 0.478043 0.46989945 0.47862163 0.63439655 0.2402012 0.77080625 0.6896957 0.47988498 0.74008423 0.31992176 0.923628 0.9615142 0.9464811 0.45334947 0.19084902 0.29231957 0.16666575 0.56994134 0.9941874 0.99967825 0.14703739 0.84680915 0.4844573 0.22395355 0.42378366 0.028410003 0.06310646 0.22031713 0.08807636 0.030326113 0.009072979 0.13691047 0.014594238 0.0453898 0.010601978 0.0437606 0.006406723 0.012390351 0.82733303 0.007911277 0.0036944204 0.011053572 0.0030078893 0.0030290615 0.1130906 0.004544325 0.0054782312 0.007480613 0.001613488 0.0017103617 0.0011914764 0.0015370944 0.0021321857 0.022293638 0.0007045943 0.00051188347 0.00041060545 0.06475168 0.015002997 0.00019169452 0.15343855 0.0032110016 0.002196216 0.013285879 0.041034378 0.00090737845 0.0022031292 0.00021989834 0.015646344 0.001462332
0.99099547 1.5436762e-21 0.37064946 0.31371972 0.482236 0.7059496 0.28970936 0.31550634 0.09820159 0.17352498 0.012060926 0.084939405 0.16366836 0.16724639 0.42469794 0.29703802 0.10640428 0.003597283 0.15459698 0.059172373 0.07152867 0.0047199414 0.17412528 0.027341397 0.16443042 0.083193876 0.005474019 0.0048125796 0.009354784 0.002507183 0.02987194 0.0150669385 0.025939025 0.007066623 0.009210043 0.013241411 0.010723231 0.028541926 0.034495566 0.0026386583 0.04760383 0.0040559485 0.089092195 0.0013799551 0.0046319035 0.014322644 0.0025799721 0.0013156859 0.00029231457 0.03257719 0.07888491 0.022341298 0.0013660722 0.001825753 0.0005572657 0.017237008 0.0028055306 0.0005812929 0.0015638841 0.00085988163 0.0020424235 0.0019697289 0.0064557465 0.00032457616 0.002971051 0.002214816 0.0021825253 0.0010601375 0.0008680361 0.00084468833 0.00060928264 7.08791e-05 8.4312254e-05 5.628525e-05 2.8949962e-05 0.00039156937 3.95242e-05 3.2995937e-05 3.007671e-05 0.0006027856 0.00036154874 0.00056084775 0.00036051116 1.4631933e-05 0.00029012884 0.00035241828 0.00041203233 0.00027234064 9.052987e-05 2.0605946e-06 1.7679435e-05 0.00031452667 0.00022438349 0.0015405577 6.7430505e-05 3.0400584e-05 0.0010045472 9.117736e-05 0.00013983296 9.3958e-06 0.0005404263
0.9936551 0.37064946 1.3580866e-21 0.69523346 0.111027874 0.25823483 0.60115564 0.05001898 0.019087382 0.44632885 0.0018180655 0.36539587 0.050527006 0.30868417 0.21694808 0.33141065 0.31418076 0.039924633 0.13453072 0.25586054 0.034633543 0.000863234 0.3513032 0.07871632 0.26408052 0.01457448 0.098837644 0.00045320662 0.0006318015 0.029977648 0.008710184 0.002827427 0.006670415 0.0010098264 0.0015169064 0.006276843 0.0022742252 0.011754798 0.02312323 0.031373445 0.076196864 0.019652037 0.012871775 0.00024688142 0.000939883 0.014867253 0.00016990694 8.032076e-05 1.18806665e-05 0.06284842 0.011548037 0.033532254 9.911368e-05 0.03321645 0.007817352 0.11635635 0.00044309476 3.461782e-05 0.0002466562 0.011176038 0.0010661026 0.0009828458 0.062336832 2.7209802e-05 0.023436656 0.0013349911 0.026189355 9.8819306e-05 0.00015948666 2.7421353e-05 2.4202353e-05 9.665553e-07 1.2980166e-06 8.181945e-07 1.4960881e-06 2.5742615e-05 3.4454717e-07 3.6889787e-07 2.9908108e-06 0.0008586606 0.00041644077 0.00077683345 0.0011006242 0.0015731651 4.67689e-05 0.00012427647 0.00013469526 0.0001290288 1.943275e-05 9.5097974e-05 0.00022437963 0.0012589096 3.0543477e-05 0.00073808746 0.0004669757 8.949091e-06 0.0010626788 1.9269592e-05 6.693927e-05 0.00036660073 0.0012115617
0.98564464 0.31371972 0.69523346 2.305148e-21 0.054344922 0.19314545 0.6508727 0.05405401 0.0072008474 0.3933138 0.00048678965 0.5572162 0.019616535 0.2525902 0.14557277 0.1335995 0.29801592 0.064983085 0.066526905 0.2688425 0.011736763 0.00017767248 0.20299816 0.08457282 0.2632912 0.0044451626 0.08779528 2.6337806e-05 0.000106674226 0.027088976 0.0027930117 0.0008434073 0.0013337173 0.0003843484 0.00027411483 0.0021982654 0.000667776 0.0022770772 0.0072775064 0.015168546 0.034595095 0.012869707 0.000826551 4.2582476e-05 0.00030922546 0.0044807657 3.278659e-05 3.8454873e-05 1.0103205e-05 0.04542194 0.0011801316 0.015567104 9.001132e-06 0.009811816 0.0051149675 0.04849665 0.00012548396 1.613304e-05 0.00010669885 0.0062714196 0.0007395171 0.00093017716 0.033926293 1.1155628e-05 0.014115903 0.0011124077 0.013596451 0.00012360427 0.00020081483 4.1757003e-06 2.1950516e-05 8.8111e-07 2.264442e-06 6.8085217e-07 3.2311066e-06 3.1240703e-05 9.357737e-07 1.2636036e-06 1.15570965e-05 0.0012459356 0.00056469266 0.0009799206 0.0013983502 0.0015052375 0.00011574609 0.00036804995 0.00023619924 0.000292704 3.03856e-05 2.872526e-06 0.00056857255 4.7181227e-05 6.321095e-05 0.00056396367 0.0006138107 1.7023074e-05 0.0007012078 0.00011477362 9.012508e-05 8.880071e-05 0.0014077877
0.97015077 0.482236 0.111027874 0.054344922 9.682098e-23 0.73814905 0.04623761 0.30075914 0.35332242 0.02871319 0.14552735 0.005708235 0.4997084 0.06394931 0.47747633 0.048659243 0.008643015 0.00018457774 0.0657288 0.0031249747 0.026402958 0.017978614 0.018302456 0.0028507512 0.040848155 0.10752507 1.2262839e-05 0.02072515 0.123096265 0.00011156549 0.024449477 0.036303185 0.027047418 0.08058426 0.062019598 0.0050794114 0.057852242 0.010985653 0.006423817 1.0970665e-06 0.004112701 3.182362e-05 0.10829256 0.00228866 0.009917609 0.0019485083 0.021458048 0.010493506 0.0012722966 0.0048843073 0.07024483 0.000809381 0.001071117 3.649777e-06 1.5761385e-06 0.0008974249 0.0023911935 0.0021409048 0.008614626 7.4503856e-07 0.00061641587 0.00040914156 7.12666e-05 0.0009460877 1.527275e-05 0.0004928346 1.2783827e-06 0.0011714839 0.0005812352 0.00070950587 0.00079557265 0.00064219424 0.00065340684 0.0002571863 0.00046173428 0.0024238944 0.0002502797 0.00030793645 0.00049166096 3.5903722e-05 1.0614739e-05 1.6694185e-05 5.2558194e-06 7.365482e-07 0.0005742407 0.0004622742 0.00038692149 0.00032513193 0.00065917807 1.29279085e-08 5.464439e-07 8.373515e-07 0.0017008074 0.0014957716 1.7922932e-06 9.4406605e-05 0.0001000326 0.0003665885 5.221908e-05 2.653878e-07 1.8945966e-05
0.9296489 0.7059496 0.25823483 0.19314545 0.73814905 2.8872014e-22 0.25699493 0.28083113 0.20078877 0.13316587 0.024688732 0.019733451 0.35883492 0.21575564 0.22217533 0.22121227 0.04094686 0.00096461 0.15715168 0.01415765 0.06115684 0.006189005 0.071055666 0.011114257 0.052254364 0.16346417 5.907922e-05 0.010670786 0.014233665 0.00026212857 0.055350486 0.03298543 0.03813223 0.027219173 0.025906412 0.016756954 0.028576268 0.023929367 0.031703044 5.5067853e-06 0.027879363 0.00013944118 0.023305645 0.00062396703 0.009754833 0.00941259 0.0034373687 0.0022384445 8.484881e-05 0.005649466 0.010503372 0.011638021 0.00027761408 1.5502272e-05 4.4830904e-06 0.0036804152 0.010251123 0.0014561662 0.0013204066 7.760963e-06 0.0024636867 0.0022347975 0.0004736856 0.0012591311 0.000101793725 0.0023653996 1.5992857e-05 0.0027895018 0.001754903 8.110628e-05 0.0016641308 0.0003480558 0.0004342134 0.00015750101 7.9279904e-05 0.0006692663 0.00020971184 0.00019479053 7.067404e-05 0.00017502588 0.00012096941 0.00015659639 7.047851e-05 3.134983e-06 0.000116566254 0.000495228 0.00027597326 0.0001979052 0.00021701273 5.9958914e-08 2.954989e-06 5.620455e-06 0.00012034794 0.0012052298 3.6592605e-06 2.8453635e-05 0.00013282268 2.3835173e-05 8.14565e-05 1.4809868e-06 0.00010997597
0.95793825 0.28970936 0.60115564 0.6508727 0.04623761 0.25699493 7.2906697e-22 0.042873055 0.01307556 0.77202535 0.00053260184 0.46943521 0.012942701 0.45223507 0.09095381 0.18137492 0.25807112 0.014509258 0.11013032 0.06669566 0.018185822 0.000188451 0.124815956 0.03059961 0.16512291 0.010652906 0.004575398 0.0010631343 1.957282e-05 0.003624543 0.007818373 0.0013434191 0.0024191542 0.0004286949 0.0003729711 0.0044900286 0.001058711 0.002913698 0.013836237 0.0005799796 0.041716576 0.010311316 0.0029944528 7.44163e-05 0.00029281314 0.0060581896 4.1148272e-05 5.1216248e-05 6.1805436e-06 0.028510647 0.0034748388 0.020286232 1.7803759e-05 0.0028539472 0.0011622387 0.026921611 0.0008970252 2.2172819e-05 0.0001283626 0.0011058723 0.0006021272 0.0011423401 0.008209044 3.651391e-05 0.0033448623 0.0014587496 0.0010985711 0.00017442036 0.00018630202 2.9538085e-06 1.8472347e-05 2.6224732e-06 3.555373e-06 7.317425e-07 8.221751e-07 6.2048486e-05 1.5795e-06 2.139792e-06 2.551257e-06 0.00012036675 1.7269065e-05 0.00013282649 0.00015901434 0.00033209802 5.689954e-05 2.9235902e-05 3.917737e-05 2.3656432e-05 7.7707755e-06 1.3331443e-06 3.0951116e-05 3.795825e-05 5.529931e-06 1.795264e-05 0.00011574929 1.6862548e-05 1.1523266e-05 3.9759707e-06 3.5306805e-06 2.6935482e-05 4.094269e-05
0.999805 0.31550634 0.05001898 0.05405401 0.30075914 0.28083113 0.042873055 9.3712e-21 0.05376665 0.055713758 0.013362221 0.025377665 0.13438383 0.03716769 0.36206937 0.052877635 0.02003789 0.0022040738 0.019056212 0.021929754 0.0033017516 0.004395986 0.024883516 0.010904103 0.07714603 0.009358947 0.0016481213 0.008207767 0.023964593 0.0006945937 0.0013246905 0.0013944296 0.0017632616 0.003950477 0.0036161635 0.00052286754 0.002969827 0.0015075231 0.0009796879 0.0006806363 0.0033034212 0.00028352535 0.043109767 0.0040706485 0.00085366244 0.0011763247 0.0032619177 0.0011490472 0.0004931569 0.0062610786 0.03001413 0.0033323637 0.0023120912 0.0006394969 7.907369e-05 0.0062141763 0.00020578534 0.00027711233 0.0020971894 8.9219284e-05 0.00045211182 0.0004918622 0.0016253968 0.00016090517 0.0006665242 0.00077055546 0.00027013468 0.00020559583 0.0002176727 0.0008093447 0.00016478015 5.3718977e-05 7.400843e-05 4.916525e-05 0.00020367805 0.0011101662 6.457125e-05 6.458782e-05 0.0002668643 0.00075446605 0.00071832404 0.0005631027 0.00066067564 1.1890233e-05 0.0013407619 0.000496867 0.00058604113 0.00022203386 0.00016324136 3.267791e-06 1.5800642e-05 0.00072980573 0.0011281872 0.005790473 0.00015416241 0.00014218653 0.015081632 0.0011234849 0.0012802726 1.617758e-05 0.0009222817
0.7985836 0.09820159 0.019087382 0.0072008474 0.35332242 0.20078877 0.01307556 0.05376665 8.9040655e-23 0.0065072263 0.9044288 0.0007731591 0.839516 0.016208554 0.24722138 0.0036802187 0.0010047356 3.1471209e-06 0.017806767 0.00029038073 0.0034000322 0.06413976 0.0051789125 0.0017129737 0.018169735 0.036949676 2.9233254e-07 0.029869266 0.1435695 1.1468898e-05 0.0034604785 0.011956812 0.005398156 0.080835804 0.032878924 0.0008925968 0.023985904 0.0009581729 0.0008735573 1.076328e-07 0.00035190026 4.398319e-07 0.076518714 0.0053059706 0.0038529267 0.0003383653 0.044738706 0.02582723 0.004184453 0.0014462956 0.026067557 9.5090705e-05 0.0035279493 4.70789e-06 8.959898e-07 0.00022162916 0.0011330188 0.00093642686 0.010343437 5.5801042e-08 0.00012870313 0.00016530082 8.955643e-05 0.00014909606 3.892509e-05 0.00013599712 1.4484441e-06 0.00023226802 6.875134e-05 0.0031141704 0.00017125667 0.00022850094 0.0005652153 9.480051e-05 0.0005350177 0.009156404 0.00012584853 0.00020122086 0.0014841397 5.7637935e-05 5.0629944e-05 4.183008e-05 1.3168722e-05 9.879093e-07 0.0059757214 0.0016545284 0.0005307008 0.0005857162 0.0027049507 5.4823403e-08 1.1569751e-06 3.325368e-05 0.0045880806 0.002333417 1.0185504e-05 0.0012684054 2.755237e-05 0.0017960474 2.6395866e-05 1.564647e-06 1.0545083e-06
0.931704 0.17352498 0.44632885 0.3933138 0.02871319 0.13316587 0.77202535 0.055713758 0.0065072263 3.412527e-19 0.0009905171 0.84063846 0.015341245 0.88068384 0.021391796 0.20471506 0.5558731 0.031131048 0.07272819 0.22163174 0.009706202 0.00022095404 0.2469282 0.065996274 0.07413693 0.0066356487 0.008988343 0.0012231123 2.1892962e-05 0.0028666167 0.004923228 0.0011193674 0.0024925438 0.00016842497 7.2204384e-05 0.0036419074 0.00031838933 0.004016103 0.017667914 0.0012124968 0.06390154 0.009970902 0.0014310423 2.363474e-05 0.0003000107 0.009887913 4.655632e-05 3.1688603e-05 3.8549074e-06 0.025525788 0.0014959391 0.04115755 1.1767723e-05 0.0059977253 0.001670276 0.083141685 0.0008247003 1.9097584e-05 5.5229346e-05 0.001957075 0.0008848945 0.0011163282 0.045664072 3.7428148e-05 0.010526623 0.0013100674 0.005658487 0.00022554804 0.00018832144 2.0723492e-05 9.277842e-05 9.2124965e-06 6.025407e-06 4.294173e-06 1.0618794e-06 1.548683e-05 6.3945777e-06 6.9858156e-06 8.386305e-06 0.0008102043 0.0001277459 0.00048817156 0.00034675872 0.0003590776 8.3275045e-06 5.974872e-05 7.788683e-05 5.9190315e-05 1.5508838e-05 7.788887e-06 8.470531e-05 7.4742835e-05 2.921224e-05 0.00014294573 7.947748e-05 1.8446362e-05 6.623346e-05 1.017563e-05 2.1682705e-05 5.413772e-05 0.00041296898
0.9132752 0.012060926 0.0018180655 0.00048678965 0.14552735 0.024688732 0.00053260184 0.013362221 0.9044288 0.0009905171 1.8497166e-22 0.00024272932 0.3983977 0.002640608 0.39317742 0.0002358886 0.00040189404 6.2601934e-08 0.0036171328 8.897084e-05 0.0010330237 0.40447542 0.0005924942 0.0004569215 0.007217379 0.011109134 1.0968494e-07 0.058620777 0.7314511 2.5663574e-06 0.0013221025 0.0033602375 0.0015082321 0.09216631 0.03368146 0.00026072643 0.012232407 0.00036440385 0.00021802692 5.3261473e-08 5.6144465e-05 6.3627534e-09 0.25884154 0.031126402 0.0016845309 5.646918e-05 0.15150312 0.04448981 0.016039727 0.00024377278 0.08601434 2.078697e-05 0.012024893 6.388909e-06 2.7659848e-06 0.00031913686 0.00017926129 0.00043942858 0.018836427 3.1093048e-08 4.7853435e-05 2.7954591e-05 3.9568476e-05 3.467667e-05 5.049962e-06 2.6646057e-05 4.8678265e-07 4.9736165e-05 2.6425512e-05 0.010473296 4.9458846e-05 3.1994794e-05 0.0004934493 1.4631445e-05 0.000437121 0.04635618 4.2210937e-05 0.0001446455 0.0008804338 2.867963e-06 1.011376e-05 1.4555873e-05 2.217524e-06 6.135286e-07 0.016465347 0.0003112922 0.00017945765 0.00019339523 0.004743865 1.3841291e-08 2.616486e-07 1.9675059e-05 0.0074627637 0.004858517 3.950055e-06 0.0024181036 7.7490887e-07 0.0035458384 2.732393e-05 6.7009137e-07 2.939641e-07
0.88976896 0.084939405 0.36539587 0.5572162 0.005708235 0.019733451 0.46943521 0.025377665 0.0007731591 0.84063846 0.00024272932 2.0490233e-19 0.0023065587 0.3455569 0.006894211 0.023427997 0.79716223 0.07323496 0.008396462 0.5801666 0.0012687712 2.8078059e-05 0.058230493 0.21129318 0.11893822 0.00076343585 0.029957587 7.129087e-05 5.4864986e-06 0.024118494 0.0008554819 0.00014135383 0.00023919737 3.3242584e-05 5.342284e-06 0.0005047037 2.7171009e-05 0.00043983068 0.003481297 0.0031527507 0.013148963 0.062338784 0.00019485109 3.3848403e-06 5.0242405e-05 0.0026202048 6.5634617e-06 9.634543e-06 2.0541552e-06 0.039667565 0.00034583663 0.014156036 1.45975e-06 0.018979307 0.010489654 0.04121311 8.5117e-05 1.5630005e-06 9.2590504e-05 0.006358026 0.0005318783 0.00063341536 0.06832583 1.4514469e-05 0.018997248 0.000729794 0.009519375 0.000111152905 0.00016143914 3.208742e-06 1.687358e-05 2.342733e-06 8.363838e-06 7.5979466e-07 1.833028e-06 2.719963e-05 4.766194e-06 1.3608424e-05 1.2786966e-05 0.0009487512 0.00021498885 0.0010713751 0.00085737964 0.006993512 3.73611e-05 5.7015885e-05 5.509373e-05 4.8548274e-05 2.2391308e-05 0.000114061426 0.0008925257 0.0008051817 3.9786315e-05 5.160894e-05 0.00091395795 1.5771495e-05 1.2950397e-05 2.1848182e-05 4.0595737e-06 0.0009165513 0.0005500524
0.9282858 0.16366836 0.050527006 0.019616535 0.4997084 0.35883492 0.012942701 0.13438383 0.839516 0.015341245 0.3983977 0.0023065587 6.6548663e-21 0.042891692 0.0627902 0.02871122 0.0025687108 7.720818e-06 0.058600873 0.0010535927 0.029467586 0.02469698 0.021033216 0.0028502466 0.004405887 0.23168631 9.1192146e-07 0.033647407 0.58707607 8.278451e-06 0.058031566 0.11458623 0.09458282 0.24207999 0.26492167 0.011160599 0.1964623 0.029289067 0.013756256 8.006909e-08 0.0036664796 2.4008168e-07 0.034842823 0.006574328 0.04890088 0.0028475162 0.079764985 0.088695906 0.0036844031 0.0017556162 0.008806522 0.0019313003 0.0030536167 7.240011e-06 1.1460943e-06 0.00051002356 0.010921644 0.018644752 0.089809395 1.0250877e-06 0.0020123995 0.0006505374 2.4648898e-06 0.0087928735 1.205785e-06 0.0004585965 5.8504092e-08 0.0040298537 0.0021525926 0.0007776792 0.0061669108 0.0069477228 0.008804814 0.0048017534 0.005706395 0.0837045 0.0051657027 0.0054712864 0.004606562 5.0288354e-06 4.1046937e-06 2.9200387e-06 6.769138e-07 8.4827484e-08 0.0021288698 0.00067689805 0.00032775823 0.00018296085 0.00067656796 6.809895e-08 3.6182553e-07 5.871224e-06 0.0024847388 0.00633689 4.088342e-07 0.00013779404 5.4098397e-05 0.0004921975 2.3987937e-05 2.5755764e-06 1.8728999e-06
0.83350134 0.16724639 0.30868417 0.2525902 0.06394931 0.21575564 0.45223507 0.03716769 0.016208554 0.88068384 0.002640608 0.3455569 0.042891692 4.3365246e-19 0.011733718 0.59202987 0.7126481 0.021010652 0.26726437 0.38031867 0.030774822 0.0010860737 0.61375225 0.336158 0.034671154 0.014107923 0.0048761354 0.0007954937 5.1570016e-05 0.005481442 0.014351225 0.0023984883 0.0053239944 0.0007417038 0.0005699548 0.010938259 0.0013767411 0.007789704 0.057770878 0.0007280439 0.2486064 0.003458822 0.0011409204 0.00010163823 0.0013259342 0.029979477 0.00010024117 0.00010457206 2.1118083e-05 0.01100542 0.00045310566 0.14317647 0.00020100336 0.002980383 0.0011938752 0.13353206 0.003983708 0.00021845297 0.00042323724 0.0014510254 0.007906453 0.010488974 0.049475398 0.00047934146 0.013199219 0.013236406 0.0057453294 0.0024740135 0.00320141 0.00011162743 0.00079596805 0.000114640934 4.7026915e-05 6.205103e-05 4.721546e-06 5.3944095e-05 6.783168e-05 8.426137e-05 4.579761e-05 0.006378992 0.0025133498 0.0032930456 0.0021111853 0.00036438994 4.519857e-05 0.00041036037 0.00036113212 0.00027805814 0.00012346936 2.7000303e-06 0.00024357224 6.933029e-05 0.00015207152 0.0005163808 0.00019387611 5.1177678e-05 0.00023931648 6.355986e-05 8.493982e-05 0.00023475035 0.00048154508
0.9997076 0.42469794 0.21694808 0.14557277 0.47747633 0.22217533 0.09095381 0.36206937 0.24722138 0.021391796 0.39317742 0.006894211 0.0627902 0.011733718 2.3075233e-21 0.011440678 0.0039163884 0.015541983 0.015461686 0.002253211 0.0020396719 0.19624364 0.0052368026 0.0011026461 0.3196881 0.0021491435 0.000119300166 0.2078555 0.101538494 0.0006448959 0.00046071887 0.0004749014 0.00035549683 0.0050005 0.002265454 0.00021422749 0.0014363645 0.0002510796 0.00040347222 9.573498e-06 0.0007275338 0.00010272368 0.44655785 0.027409833 0.00042419514 0.00041180075 0.03066749 0.0027862277 0.007985288 0.011771646 0.24370356 0.0010240652 0.022872953 7.78696e-05 2.3561888e-05 0.0007502338 7.643982e-05 0.00015013966 0.0032237663 2.993238e-05 4.2541844e-05 3.6037127e-05 0.00053812226 6.22916e-06 0.00039699746 4.0775525e-05 0.00012765858 3.600944e-05 1.1240936e-05 0.025914695 8.467587e-06 4.755919e-06 4.7578036e-05 4.8446404e-06 0.00014650819 0.0042645563 4.980777e-06 1.2971893e-05 0.00096587354 0.00076398725 0.0008421052 0.0006990761 0.0007356069 9.545697e-05 0.007092106 0.0013972066 0.0006714194 0.00046986915 0.0031854669 1.3678242e-07 2.2627439e-05 3.753545e-05 0.0041310014 0.010429485 4.202697e-05 0.0020660772 0.0017670619 0.005844686 0.00011265025 1.6462967e-06 1.0524915e-05
0.9760988 0.29703802 0.33141065 0.1335995 0.048659243 0.22121227 0.18137492 0.052877635 0.0036802187 0.20471506 0.0002358886 0.023427997 0.02871122 0.59202987 0.011440678 5.742023e-20 0.062857345 0.010332135 0.8905027 0.026226759 0.58308095 0.0004480276 0.5659665 0.03304235 0.019613724 0.06797665 0.00028329695 0.000672589 1.01642445e-05 0.00024212777 0.045688987 0.007113033 0.0303957 0.00032686762 0.00057655387 0.106185906 0.0031992916 0.1111167 0.1903751 4.2652337e-05 0.30488718 0.00044742512 0.0011406001 2.9788544e-05 0.0030386862 0.11058131 1.2625959e-05 2.185906e-05 7.82762e-07 0.016431168 0.001520908 0.12811968 3.5973378e-06 0.00018564082 1.8697117e-05 0.039201755 0.017002925 0.0001625927 8.900563e-05 0.000103615785 0.04734872 0.022881053 0.005633377 0.0012168252 0.00072767015 0.026608782 0.00019622115 0.010082944 0.01266219 1.0493238e-06 0.0028517884 0.00015844077 6.026111e-05 8.942816e-05 1.1757885e-05 1.742817e-06 8.713365e-05 7.191609e-05 1.6058577e-05 0.004939849 0.00506603 0.00063239626 0.00028321808 1.4620935e-06 1.0149282e-06 8.394984e-05 9.126872e-05 3.7216614e-05 2.572719e-06 1.6224293e-08 1.5116692e-06 2.206972e-07 1.9054243e-06 0.00018745242 2.3299058e-06 2.9884447e-06 0.00024960557 8.1621346e-07 9.311921e-06 4.417044e-06 0.00012311357
0.8280212 0.10640428 0.31418076 0.29801592 0.008643015 0.04094686 0.25807112 0.02003789 0.0010047356 0.5558731 0.00040189404 0.79716223 0.0025687108 0.7126481 0.0039163884 0.062857345 3.497015e-18 0.056968734 0.021103177 0.90186 0.002277542 4.7761245e-05 0.2862304 0.62177444 0.04472906 0.0010948011 0.024493493 5.9466478e-05 1.6349766e-06 0.013716007 0.0010393035 0.00027752647 0.0004848426 8.0892765e-05 1.2275781e-05 0.0019715491 6.328876e-05 0.0010809794 0.010941056 0.0035910965 0.06098883 0.024296302 0.00027051184 2.7612932e-06 0.00012122233 0.011114829 6.9364382e-06 2.629411e-05 1.5065831e-06 0.02326459 0.00022097807 0.06888368 4.012638e-06 0.030819645 0.009824092 0.27266288 0.00050265534 8.867027e-06 2.3732875e-05 0.0101592485 0.0008786984 0.0018794496 0.2736876 2.4084946e-05 0.08179957 0.0024574064 0.032582015 0.00046678446 0.0002785957 1.2409791e-05 0.00020899049 1.0265224e-05 6.5355603e-06 4.216151e-06 1.1056813e-06 1.0995541e-06 9.876697e-06 8.29186e-06 2.4106282e-06 0.004062262 0.00061954744 0.0035844585 0.0023507732 0.003228578 4.805665e-06 4.643026e-05 7.5059776e-05 4.448616e-05 1.4625683e-05 1.415534e-05 0.00063912646 0.00014569727 1.7584378e-05 6.532548e-05 0.00039740902 5.7099387e-06 7.026852e-05 1.665721e-05 3.4564e-06 0.00034394182 0.0010319982
0.9931659 0.003597283 0.039924633 0.064983085 0.00018457774 0.00096461 0.014509258 0.0022040738 3.1471209e-06 0.031131048 6.2601934e-08 0.07323496 7.720818e-06 0.021010652 0.015541983 0.010332135 0.056968734 2.5526421e-17 0.00195164 0.077993974 0.0006269685 7.845953e-07 0.032876063 0.053700007 0.4568692 5.4954246e-05 0.5257828 1.1737231e-08 4.8253503e-07 0.66132045 4.918664e-05 6.398317e-06 1.604059e-05 1.921616e-06 1.5925045e-06 5.376521e-05 4.729013e-06 0.00014369433 0.0008864072 0.39316902 0.002118857 0.5355742 1.5662847e-06 1.06790715e-07 8.7706785e-06 0.0006626457 2.5791147e-07 5.6189324e-06 1.9936135e-08 0.17253238 5.121386e-05 0.0025687132 2.1275644e-08 0.19679254 0.1181887 0.056077104 3.3600338e-06 8.5280385e-07 3.1713156e-05 0.12324277 9.110149e-05 0.00011438495 0.08005567 2.8323989e-06 0.05723509 0.00014000577 0.060780425 9.247812e-06 1.626579e-05 8.8701974e-08 1.6587704e-06 4.4035443e-07 9.491693e-07 2.821581e-07 6.5873127e-07 2.2266322e-06 1.4240907e-06 1.9164497e-06 4.2468087e-06 0.0003270507 0.00013459536 0.0006204479 0.00097401347 0.012892009 1.959214e-06 1.1955147e-05 1.7488732e-05 9.152248e-06 7.409787e-08 0.0015829585 0.010928818 0.03369776 1.0761879e-06 3.336951e-05 0.03372016 2.401758e-09 0.0012908075 6.6609203e-07 7.5534895e-06 0.002057449 0.0057247453
0.73414654 0.15459698 0.13453072 0.066526905 0.0657288 0.15715168 0.11013032 0.019056212 0.017806767 0.07272819 0.0036171328 0.008396462 0.058600873 0.26726437 0.015461686 0.8905027 0.021103177 0.00195164 1.1464639e-19 0.007945957 0.87227565 0.0017133029 0.29696888 0.028591378 0.009877141 0.1331848 7.406562e-05 0.00064971676 6.5508146e-05 0.00032367106 0.094599046 0.013990206 0.034343805 0.0011375659 0.00045288232 0.2647603 0.002332179 0.10500646 0.22120811 1.3637018e-05 0.16980502 0.00011687626 0.0012879148 0.00021237598 0.0021589638 0.0643733 0.00030221266 0.00013307449 1.10424035e-05 0.0058336155 0.00088992866 0.04238579 6.8375295e-05 3.404243e-05 2.1540762e-05 0.013204915 0.037252527 0.00029020992 0.0001176324 3.1870786e-05 0.023125766 0.015410825 0.0005844486 0.002835191 0.00018680478 0.015004335 1.492492e-05 0.010571642 0.009177495 2.1867627e-05 0.0048056147 0.00036884457 0.00012954371 0.00023234912 9.85125e-06 1.4010693e-05 0.00019943914 0.00014546831 8.463333e-06 0.0014762046 0.001522177 0.0005598904 0.00011577026 1.7558865e-06 1.4951825e-06 0.0004072349 0.00046946018 0.00019681863 1.9654468e-05 3.0215325e-08 1.8534594e-06 4.957355e-07 3.1294076e-05 2.9044706e-05 8.0902475e-07 7.2961197e-06 9.733885e-05 5.5934615e-06 4.686648e-06 5.8346914e-06 1.8619128e-05
0.7314715 0.059172373 0.25586054 0.2688425 0.0031249747 0.01415765 0.06669566 0.021929754 0.00029038073 0.22163174 8.897084e-05 0.5801666 0.0010535927 0.38031867 0.002253211 0.026226759 0.90186 0.077993974 0.007945957 1.6194663e-17 0.0015915724 4.5733497e-05 0.29991436 0.91645145 0.056282923 0.0004955578 0.044791397 4.1425487e-06 1.8599525e-06 0.027233459 0.0008393367 0.00022544844 0.000498903 9.09703e-05 1.6373335e-05 0.0013319842 4.441359e-05 0.00097686 0.009751205 0.009514056 0.066045865 0.08160521 0.00028769125 3.677894e-06 5.1601797e-05 0.0091797365 8.6487535e-06 2.5166033e-05 4.366137e-06 0.026664505 9.4958676e-05 0.0967222 3.4146724e-06 0.06778329 0.021218382 0.39683884 0.0003789723 4.1033786e-06 1.5389762e-05 0.031587683 0.0010853064 0.0026294428 0.35084265 3.738669e-05 0.15897219 0.0034686462 0.0887503 0.0004878686 0.00035454746 1.0717506e-05 0.00034749846 2.2058779e-05 1.7045442e-05 8.874919e-06 2.5543172e-06 4.0157543e-06 2.2442126e-05 2.3041226e-05 4.9265295e-06 0.0052203825 0.0012268402 0.0059242668 0.007687338 0.008968358 1.6045717e-05 5.25689e-05 8.704263e-05 5.0778348e-05 3.271603e-05 4.204846e-05 0.0022386059 0.00024627705 2.3320054e-05 0.0001607429 0.0012071928 1.9031877e-05 0.00015527241 2.6011008e-05 4.475098e-06 0.000967616 0.0021248437
0.61182946 0.07152867 0.034633543 0.011736763 0.026402958 0.06115684 0.018185822 0.0033017516 0.0034000322 0.009706202 0.0010330237 0.0012687712 0.029467586 0.030774822 0.0020396719 0.58308095 0.002277542 0.0006269685 0.87227565 0.0015915724 1.8796512e-19 0.00047179498 0.11726651 0.0058211754 0.0018496005 0.37004825 8.879601e-06 0.00017454066 4.5166213e-05 4.6839516e-05 0.40655378 0.040122356 0.13289295 0.00044455336 0.00050557934 0.7178412 0.007733689 0.5160699 0.5912731 6.948126e-07 0.16267234 5.823262e-06 0.0005012695 6.078688e-05 0.008337625 0.13464692 9.09788e-05 0.00010659592 3.384101e-06 0.002564991 0.00044961408 0.049316496 1.3751066e-05 2.053072e-06 1.1018645e-06 0.0061870306 0.062473543 0.0007303286 0.00017780876 1.1636632e-06 0.047843948 0.024218146 0.00023398148 0.0043939278 3.6022768e-05 0.023085615 2.2193224e-06 0.020594202 0.019970642 8.35095e-06 0.012857598 0.0013209236 0.0003897955 0.00077649945 3.19703e-05 5.2265386e-06 0.00054877007 0.00037351338 2.1221633e-05 0.0025360875 0.0031322562 0.00046482362 4.6023095e-05 2.56978e-07 6.092547e-07 0.0026022836 0.0017869138 0.00084506016 2.4831659e-06 1.24491155e-08 3.4524314e-07 6.641117e-07 5.3696003e-06 4.71381e-05 5.325408e-07 7.150057e-07 0.00024797654 1.0485587e-06 1.5217793e-05 2.0107584e-06 9.696301e-06
0.9778727 0.0047199414 0.000863234 0.00017767248 0.017978614 0.006189005 0.000188451 0.004395986 0.06413976 0.00022095404 0.40447542 2.8078059e-05 0.02469698 0.0010860737 0.19624364 0.0004480276 4.7761245e-05 7.845953e-07 0.0017133029 4.5733497e-05 0.00047179498 1.92727e-16 0.0010067301 0.00046878954 0.00050883496 0.0008833885 7.148834e-08 0.12012769 0.24912196 2.1731446e-06 0.0005304045 0.0007402163 0.0007213924 0.0069251326 0.0013603001 0.0001419325 0.0016214737 0.0004169566 0.00021215045 1.5751878e-07 0.00016429105 6.1333054e-08 0.16029707 0.84324795 0.0012683388 0.00027508225 0.467316 0.015044153 0.6961129 6.0214123e-05 0.13575684 0.000100629666 0.46208182 2.785583e-07 1.150534e-06 0.0003903358 8.995463e-05 0.00028758045 0.017786756 1.0543586e-06 0.00040678814 0.00025809146 8.060675e-05 9.083203e-05 8.987163e-05 0.00022104447 2.0805228e-06 0.00035110614 0.0001867186 0.116635464 5.7658e-05 3.3876033e-05 0.00028295672 1.8685512e-05 0.00037967085 0.17417726 0.00010148645 0.00023330523 0.0014838793 0.00016018249 0.00026720707 0.00017495848 9.241346e-05 2.9812684e-06 0.041060597 0.0021141127 0.0020371962 0.0014555436 0.011845607 3.0003566e-09 1.4759926e-06 2.2839625e-07 0.008213872 0.009645747 5.1193786e-07 0.009379601 0.00021283847 0.010433761 0.00016318457 2.0195465e-08 3.0277977e-06
0.8328774 0.17412528 0.3513032 0.20299816 0.018302456 0.071055666 0.124815956 0.024883516 0.0051789125 0.2469282 0.0005924942 0.058230493 0.021033216 0.61375225 0.0052368026 0.5659665 0.2862304 0.032876063 0.29696888 0.29991436 0.11726651 0.0010067301 5.929459e-17 0.8873553 0.034545407 0.01828461 0.01225786 0.00063477294 4.1857176e-05 0.01601325 0.022169333 0.0026183212 0.009491844 0.000783281 0.0005502211 0.09739731 0.0013144625 0.03126548 0.3217785 0.0007076222 0.7614617 0.0018977252 0.0011015426 0.00019669122 0.0022593825 0.42041475 0.00020953132 0.0003556674 3.5559384e-05 0.028774863 0.0010659359 0.47715276 4.9872626e-05 0.0043807356 0.0022204053 0.6170344 0.032000378 0.0004743139 0.00041069984 0.0024130137 0.03804505 0.042685557 0.091779575 0.0038886096 0.0146902595 0.051257007 0.0038190018 0.011410635 0.013075735 8.062182e-05 0.0057090926 0.00079327216 0.00038485124 0.0005203326 2.1362943e-05 7.99006e-06 0.00068540906 0.00046669567 4.2080108e-05 0.027404094 0.007125645 0.009373368 0.0049956595 0.00036617182 4.4560296e-05 0.0015308317 0.001734322 0.0006019259 8.9124216e-05 2.8975608e-06 9.585187e-05 2.9822453e-05 0.00016458759 0.00065651746 0.00019594777 6.969815e-05 0.00076715223 3.0696257e-05 3.8161e-05 0.00059061864 0.00063315534
0.41486967 0.027341397 0.07871632 0.08457282 0.0028507512 0.011114257 0.03059961 0.010904103 0.0017129737 0.065996274 0.0004569215 0.21129318 0.0028502466 0.336158 0.0011026461 0.03304235 0.62177444 0.053700007 0.028591378 0.91645145 0.0058211754 0.00046878954 0.8873553 1.577039e-19 0.02411154 0.0029058198 0.0222721 9.478947e-05 0.00013640108 0.044229165 0.0049775057 0.0008161123 0.0018776124 0.0007447764 0.00017264941 0.0071369475 0.00028664403 0.001296545 0.035730276 0.0039792294 0.35015446 0.10219936 0.00032566534 5.6493747e-05 0.00022949262 0.055965267 0.000118906595 0.00024545265 4.1867555e-05 0.023618342 0.00011465689 0.33810622 5.1755273e-05 0.09335101 0.03232489 0.7794791 0.0068832887 3.6143305e-05 0.00023917592 0.045594078 0.004871445 0.017843815 0.54725885 0.00033267494 0.23207624 0.026880017 0.0859622 0.0024235877 0.0017336953 6.5269e-05 0.00089895335 6.1179795e-05 3.7484588e-05 3.4279834e-05 1.0324283e-06 2.9060637e-05 5.515671e-05 4.8107573e-05 1.0055019e-05 0.023122322 0.0034742393 0.014790265 0.009502459 0.007887186 0.00012464073 0.00021032212 0.0006505898 0.00030987224 0.00021978954 0.00013912769 0.0020839274 0.0009794553 0.00010137695 0.0008443081 0.0013353484 0.0001284433 0.00057202537 6.338788e-05 2.7295333e-05 0.0012894104 0.001396605
0.99799186 0.16443042 0.26408052 0.2632912 0.040848155 0.052254364 0.16512291 0.07714603 0.018169735 0.07413693 0.007217379 0.11893822 0.004405887 0.034671154 0.3196881 0.019613724 0.04472906 0.4568692 0.009877141 0.056282923 0.0018496005 0.00050883496 0.034545407 0.02411154 2.548901e-13 0.0013367136 0.18623199 3.474663e-06 0.0009124187 0.17704934 0.0007552715 0.0006243548 0.00072140305 0.0009429247 0.0006468126 0.00031314304 0.0004462809 0.00062298233 0.0013195317 0.06347118 0.0032159004 0.44801897 1.1864825e-05 4.8164726e-05 0.00021945986 0.0012018078 0.0002216613 0.00036285564 5.376708e-06 0.43546438 0.00020511993 0.003100721 4.8977457e-05 0.0075843227 0.006780187 0.019669883 0.00010140344 0.00012629289 0.00041622124 0.0036241922 8.8298926e-05 5.7863635e-05 0.007377617 5.4894663e-06 0.0045592207 4.707179e-05 0.003394121 3.1728676e-05 8.944876e-06 0.00010150619 1.2349497e-05 3.3429214e-06 8.1843145e-06 3.2635962e-06 5.2509745e-06 6.5794964e-05 8.7986297e-07 1.851885e-06 1.1445101e-05 0.0011058792 0.0009254359 0.0012039115 0.00047896375 0.0020153006 4.530154e-05 0.00018149878 4.53037e-05 3.6071167e-05 1.443069e-05 0.0061888457 0.0047632586 0.0550322 2.9402465e-05 0.00070432556 0.015726019 2.4895444e-06 0.00030986217 8.71728e-05 2.77885e-06 0.039108098 0.0008957079
0.48998216 0.083193876 0.01457448 0.0044451626 0.10752507 0.16346417 0.010652906 0.009358947 0.036949676 0.0066356487 0.011109134 0.00076343585 0.23168631 0.014107923 0.0021491435 0.06797665 0.0010948011 5.4954246e-05 0.1331848 0.0004955578 0.37004825 0.0008833885 0.01828461 0.0029058198 0.0013367136 4.7078184e-23 4.53576e-07 0.0011699783 0.002613549 2.044637e-06 0.8782631 0.805932 0.7768524 0.11744298 0.15015078 0.15230379 0.43947083 0.53719014 0.06890579 2.7070726e-09 0.01533589 3.2141905e-08 0.001327093 0.00022323731 0.329855 0.0075358623 0.0018790336 0.005282971 8.949432e-06 0.0019683752 0.00060432963 0.0015267144 6.091426e-05 6.8782677e-09 5.5470566e-09 0.00030356334 0.118395425 0.06443002 0.0009998336 1.9984665e-09 0.011050026 0.0058822525 9.104945e-07 0.022322714 2.0752444e-07 0.0053581093 6.4608328e-09 0.013192474 0.012060404 1.8430941e-05 0.018631324 0.008005418 0.0045011374 0.0054939846 0.00036393446 4.5028974e-05 0.0019015875 0.0011699527 3.6288817e-05 7.173355e-05 3.611106e-05 1.07127535e-05 6.0229905e-07 1.317889e-08 1.9403167e-06 0.002009338 0.002886318 0.0012877331 4.774806e-06 8.571902e-10 6.1620535e-09 2.7047104e-08 3.3772194e-05 5.894072e-05 3.0588467e-08 1.9602557e-07 2.3129554e-05 5.2411488e-06 1.3395822e-05 1.808185e-07 1.3525843e-06
0.95227903 0.005474019 0.098837644 0.08779528 1.2262839e-05 5.907922e-05 0.004575398 0.0016481213 2.9233254e-07 0.008988343 1.0968494e-07 0.029957587 9.1192146e-07 0.0048761354 0.000119300166 0.00028329695 0.024493493 0.5257828 7.406562e-05 0.044791397 8.879601e-06 7.148834e-08 0.01225786 0.0222721 0.18623199 4.53576e-07 1.8818187e-18 7.4180343e-07 7.14743e-08 0.6807163 6.6417704e-07 2.7524763e-07 4.116205e-07 1.9407986e-07 1.0575669e-08 6.1338994e-07 6.385394e-08 2.1546257e-06 2.9075134e-05 0.8326236 0.00056289224 0.3025611 1.4911204e-05 1.9648589e-08 2.8957308e-07 5.7751055e-05 8.154556e-07 3.3797193e-07 1.6902119e-07 0.08117448 2.4447389e-05 0.0012020288 5.9893765e-08 0.4408661 0.69511616 0.06105845 5.7017735e-07 3.9009688e-08 2.0949055e-06 0.3942306 2.3091403e-05 1.5028514e-05 0.17964546 2.1014105e-06 0.10516882 2.6335949e-05 0.09507237 7.0340097e-06 5.5434e-06 7.3359445e-08 1.26121795e-05 1.9471993e-06 4.3608043e-07 1.9207368e-06 3.078667e-07 3.7298904e-07 1.6524989e-06 1.0650416e-06 2.4882459e-06 0.00033884647 0.00010387381 0.0008212915 0.001615843 0.10959049 1.0992228e-06 3.8263475e-05 9.9476645e-05 4.3475786e-05 7.2133116e-06 0.00034727535 0.053820673 0.0018199962 2.4593002e-05 0.0001712549 0.072706796 1.2503331e-05 9.884249e-05 5.2462046e-06 3.6828416e-05 0.00048679297 0.09045706
0.9844861 0.0048125796 0.00045320662 2.6337806e-05 0.02072515 0.010670786 0.0010631343 0.008207767 0.029869266 0.0012231123 0.058620777 7.129087e-05 0.033647407 0.0007954937 0.2078555 0.000672589 5.9466478e-05 1.1737231e-08 0.00064971676 4.1425487e-06 0.00017454066 0.12012769 0.00063477294 9.478947e-05 3.474663e-06 0.0011699783 7.4180343e-07 2.6706102e-16 0.11577817 7.0401356e-08 0.0002374849 0.0008971001 0.00051863847 0.008709167 0.0040251887 3.817385e-05 0.0016729408 0.00014987944 3.289436e-05 1.3017503e-08 2.3090699e-05 8.085642e-11 0.54883873 0.2777836 0.0008331311 1.8509872e-05 0.068851486 0.009929027 0.19500457 5.4651426e-09 0.55874693 2.0429547e-06 0.21255513 5.285027e-06 4.2280553e-07 0.00010029214 6.1013452e-05 0.0004957913 0.01788165 9.93676e-07 1.765662e-05 5.4987872e-06 9.231489e-05 8.418611e-05 6.3155658e-06 3.319223e-06 6.772438e-07 2.4314253e-05 2.664306e-05 0.5589567 4.0254075e-05 7.827875e-05 0.0002394256 6.8388406e-05 0.0006508871 0.07601559 7.5765005e-05 0.000108518114 0.0016662431 3.1323677e-06 1.50802e-05 1.3549424e-05 4.2540237e-06 2.7818597e-10 0.30574447 0.00028263364 0.00020507161 0.00016028105 0.6394528 9.681761e-13 7.007551e-09 1.3225931e-08 0.06488428 0.012622373 1.8908446e-08 0.55837154 0.0006747953 0.12423396 0.00018021486 1.5400887e-13 2.4342034e-08
0.94509387 0.009354784 0.0006318015 0.000106674226 0.123096265 0.014233665 1.957282e-05 0.023964593 0.1435695 2.1892962e-05 0.7314511 5.4864986e-06 0.58707607 5.1570016e-05 0.101538494 1.01642445e-05 1.6349766e-06 4.8253503e-07 6.5508146e-05 1.8599525e-06 4.5166213e-05 0.24912196 4.1857176e-05 0.00013640108 0.0009124187 0.002613549 7.14743e-08 0.11577817 2.928299e-21 1.0112309e-06 0.000111472225 0.0029407723 0.0006750862 0.29254186 0.1161134 9.526312e-06 0.029958034 7.221086e-05 7.8290195e-06 1.4363568e-08 5.073684e-06 2.0689969e-08 0.07636576 0.0408798 0.007459017 4.741486e-06 0.91028893 0.6261023 0.03275725 0.00069828687 0.033097602 2.7794335e-06 0.026454588 3.0278382e-08 4.3703444e-08 2.9643075e-05 0.00017775486 0.0065615377 0.44049796 6.685775e-08 3.341696e-05 2.0159088e-05 3.293248e-06 0.0003609324 1.0610189e-06 1.9738243e-05 1.629317e-08 0.00015043693 5.0492232e-05 0.018623125 0.00051923713 0.0010117905 0.005173231 0.0006958657 0.010109037 0.2552291 0.0016740977 0.0025961683 0.014104109 1.00204e-06 1.3346886e-06 6.6247975e-07 3.3257834e-07 6.8192534e-08 0.02947952 0.00029901727 0.0002894799 0.00020531543 0.005320982 4.5452197e-08 1.6875849e-07 1.219176e-06 0.010339 0.013187749 1.4787504e-07 0.0041021546 3.643142e-06 0.004388197 1.9790983e-05 2.796939e-07 1.9817282e-06
0.8834034 0.002507183 0.029977648 0.027088976 0.00011156549 0.00026212857 0.003624543 0.0006945937 1.1468898e-05 0.0028666167 2.5663574e-06 0.024118494 8.278451e-06 0.005481442 0.0006448959 0.00024212777 0.013716007 0.66132045 0.00032367106 0.027233459 4.6839516e-05 2.1731446e-06 0.01601325 0.044229165 0.17704934 2.044637e-06 0.6807163 7.0401356e-08 1.0112309e-06 3.8965506e-16 8.798106e-06 1.3846703e-06 4.1367884e-06 9.70627e-07 1.4755652e-07 4.977705e-06 2.8147227e-07 4.280958e-06 8.143451e-05 0.7376437 0.0006461933 0.7573422 4.878111e-07 5.679864e-07 4.098871e-07 8.71684e-05 1.4300599e-06 9.0313335e-07 7.117799e-06 0.13027224 9.234082e-06 0.001280628 4.131876e-06 0.12576431 0.4540073 0.026076173 4.772236e-07 2.9818472e-07 5.645922e-05 0.03642854 2.3204915e-05 2.4235842e-05 0.018221306 2.576134e-06 0.00957723 3.6111436e-05 0.008452149 3.2021976e-06 5.6020785e-06 3.7701034e-06 1.5659623e-06 1.2875057e-07 7.806849e-07 1.7507153e-07 3.2027577e-07 2.0302477e-05 1.1215895e-06 1.8300517e-06 6.026269e-06 0.0002293933 0.00014122958 0.00048973534 0.000876723 0.11853806 0.000182557 0.00022550244 0.00011952405 8.795216e-05 9.188704e-05 0.0011438632 0.0069819265 0.0045820484 0.00018811268 0.00015546533 0.07870715 2.7238671e-05 8.6756714e-05 0.00018309001 2.2493141e-05 0.002135792 0.0012517524
0.40927878 0.02987194 0.008710184 0.0027930117 0.024449477 0.055350486 0.007818373 0.0013246905 0.0034604785 0.004923228 0.0013221025 0.0008554819 0.058031566 0.014351225 0.00046071887 0.045688987 0.0010393035 4.918664e-05 0.094599046 0.0008393367 0.40655378 0.0005304045 0.022169333 0.0049775057 0.0007552715 0.8782631 6.6417704e-07 0.0002374849 0.000111472225 8.798106e-06 4.8820272e-21 0.43894258 0.77795327 0.02122919 0.035968874 0.3894062 0.15470257 0.8556916 0.20095448 2.3158938e-08 0.02926211 1.3760526e-07 0.00048011597 0.00010118117 0.22287287 0.030693643 0.00020447015 0.00055476953 9.413586e-06 0.0006170243 0.00025081873 0.0130066965 3.825158e-05 3.5823255e-08 5.3650034e-08 0.0010088383 0.27233428 0.03842018 0.0005553865 1.2378675e-08 0.04569381 0.014539094 5.176122e-06 0.050212733 5.29914e-07 0.013088298 2.7767893e-08 0.044452533 0.046643727 3.1411913e-05 0.056408677 0.013367664 0.0044821077 0.008833275 0.00019032902 7.674211e-06 0.0031807036 0.0016923791 9.869969e-05 0.00034073484 0.00033348656 5.408952e-05 7.353484e-06 1.1206011e-07 2.269425e-06 0.0061569004 0.0056670983 0.0032695932 6.074912e-06 1.6033807e-08 7.907093e-08 2.5903523e-07 7.642991e-05 0.00018477676 2.3706342e-07 2.106287e-07 0.00035965713 1.1411435e-05 0.00012662938 1.3302524e-06 1.228966e-05
