3.573139e-39 0.42456567 0.42863393 0.8800229 0.37922928 0.81348956 0.6710723 0.4177123 0.23235786 0.10500405 0.046612788 0.37310952 0.15483493 0.6846567 0.89376074 0.17196505 0.83642083 0.2946572 0.92773736 0.81466407 0.9588863 0.2931783 0.7206509 0.8283562 0.99216676 0.90335554 0.058587454 0.97701687 0.93692714 0.30074272 0.07651678 0.05269117 0.008101498 0.98006797 0.99377465 0.9493882 0.97631854 0.9926183 0.88566816 0.9793852 0.046422828 0.20241399 0.98750794 0.03699506 0.00093407393 0.96503186 0.008491281 0.6876554 0.22188275 0.9398993 0.014617743 0.978492 0.023921305 0.99614245 0.9430725 0.9571305 0.0034702043 0.75328535 0.004788434 0.13522449 0.0013219664 0.99894786 0.018048387 0.015700012 0.84511405 0.0031165727 0.059116352 0.0023210861 0.00013330553 0.00045375 0.9980889 0.002154511 0.0024932616 0.0016579102 0.0020085296 0.051921424 0.0022509014 0.0015481265 0.106371135 0.0024172205 0.0013402142 0.7550634 0.004561078 0.0009191453 0.15855047 0.44101208 0.00029227664 0.00066378573 0.00265901 0.027488416 0.0015962657 0.45391673 0.7907873 0.9735036 0.00030304267 0.9912373 0.00034511776 0.00050657213 0.74972373 0.43703794 0.0016871765
0.42456567 2.4374896e-22 0.78404385 0.19617516 0.37064785 0.27164748 0.21725994 0.3771587 0.4062983 0.14624439 0.30047753 0.03940605 0.07996018 0.09842917 0.12938756 0.018542958 0.060882732 0.102770135 0.015757253 0.06425989 0.01765918 0.06411514 0.039815582 0.048929736 0.2396445 0.0513191 0.11774648 0.10378985 0.07581317 0.01995168 0.14425734 0.1723206 0.024969803 0.026973225 0.19551423 0.0041294517 0.034064427 0.0914308 0.007174467 0.061560184 0.00068749435 0.00070753286 0.0050792857 0.101182945 0.0038053738 0.001606779 0.059465196 4.1397587e-05 6.755022e-05 8.05857e-05 0.00014400203 0.0055954447 0.060890134 0.051296435 0.00082497246 0.00010457605 0.016584171 2.4864492e-05 0.00020164002 0.0029403095 0.00029761126 0.09063168 1.0150744e-06 0.030553944 2.1058633e-05 0.013182299 0.010769699 0.01539016 6.24691e-05 0.00015244965 0.049272437 0.00037567646 0.021365166 0.0020011512 0.013120498 0.0001519906 0.017770013 0.0023138183 0.0007884463 5.0188915e-05 0.0047182622 0.00046792236 1.4805053e-06 0.00017012551 2.6395326e-06 0.0018559669 3.521693e-07 0.0008458625 7.758576e-07 4.9925465e-08 0.0026659493 1.8752097e-07 1.16659e-06 0.009178322 3.251373e-07 0.0020509597 1.0807514e-06 2.1780257e-05 2.8578077e-07 1.3381111e-07 8.6020555e-06
0.42863393 0.78404385 4.2839347e-23 0.28182903 0.49256724 0.22469288 0.49710622 0.5311213 0.7173345 0.24047035 0.42814285 0.10676773 0.2121039 0.10738076 0.124046735 0.044753034 0.10241852 0.24406616 0.025645802 0.09043906 0.02286757 0.16592766 0.062130723 0.052381825 0.18227492 0.041141488 0.22370355 0.06888975 0.055045255 0.029878937 0.41416773 0.43701816 0.039273635 0.018011993 0.15478294 0.003059349 0.017080937 0.085804455 0.015606734 0.035255253 0.00071017473 0.0007506106 0.0022539657 0.26518577 0.00913755 0.0005147605 0.15436459 4.796327e-05 3.911864e-05 7.3001946e-05 9.530642e-05 0.0017519207 0.22430918 0.055690836 0.00027995693 6.608726e-05 0.026765704 3.505502e-05 0.0002226301 0.0073095933 0.0014242742 0.0652294 1.9698948e-06 0.121828765 1.8065959e-05 0.029073995 0.031552117 0.037937768 0.00035617093 0.000318118 0.033287667 0.00085607887 0.07474485 0.008018794 0.04372893 0.0006808383 0.046646398 0.012170631 0.0017620083 0.00040372967 0.021243302 0.00013319244 3.1270835e-07 0.00031347977 1.2821041e-06 0.0032464967 3.0361383e-07 0.0055746823 1.6792272e-07 5.2113256e-09 0.0083722295 2.6975853e-08 1.8885426e-07 0.0033145351 7.881451e-08 0.0015721454 2.954613e-07 4.241719e-05 1.07332056e-07 7.623273e-08 1.6272432e-05
0.8800229 0.19617516 0.28182903 1.4688922e-18 0.07759882 0.07468527 0.5639709 0.06307228 0.25821292 0.028548894 0.0349213 0.12340054 0.027397886 0.019179745 0.023943229 0.05781179 0.013000725 0.029549012 0.12248955 0.011352094 0.10479485 0.009886428 0.0047527864 0.005861082 0.2773175 0.010626995 0.020580532 0.04032522 0.03055025 0.0024136498 0.13271582 0.10001657 0.007310304 0.0051077316 0.44309255 0.0007943895 0.015750643 0.34691954 0.029180396 0.07027263 0.0001721084 0.00010221533 0.0011173933 0.059589922 0.0011452301 0.00013790185 0.045698684 2.2063912e-05 2.355425e-05 5.7251924e-05 0.00016418907 0.0009488345 0.04373454 0.22167026 0.00014182007 6.341147e-05 0.0031410132 1.5867916e-05 0.00016694846 0.011445828 0.00037886552 0.42056268 5.5523574e-06 0.04779765 9.971634e-06 0.0028222462 0.024688689 0.0025340458 0.0001603679 2.6521628e-05 0.06408257 0.00022468007 0.003529481 0.0005052947 0.016317267 0.0020557037 0.0036920921 0.010369488 0.0016707779 0.0015049812 0.0008204371 0.00015665866 4.636741e-06 7.059193e-05 1.6843734e-06 0.0030486367 3.5533496e-06 0.0059711724 2.9771743e-06 3.6922657e-07 0.00029242973 1.2225507e-07 2.2854111e-07 0.001768047 3.1808338e-06 0.00025732294 1.2703731e-05 0.004116439 1.3872021e-07 6.4829194e-08 0.0073387343
0.37922928 0.37064785 0.49256724 0.07759882 5.38911e-21 0.33669004 0.10538115 0.7001893 0.15527323 0.31173706 0.4847062 0.024237134 0.22074383 0.1929681 0.18200366 0.011600257 0.21580358 0.19819124 0.015236499 0.15535547 0.009658901 0.1362559 0.11219558 0.111454986 0.22457163 0.113602005 0.17376007 0.118489996 0.1101509 0.03922294 0.08668071 0.13199653 0.03589838 0.08057722 0.10475383 0.015306231 0.05221367 0.045023948 0.0071580857 0.05694654 0.0011525685 0.001281182 0.011362519 0.049252126 0.0072148945 0.0031286257 0.020595057 8.001159e-05 8.812251e-05 0.0001590116 0.00014942787 0.008230126 0.05248467 0.030696545 0.0018140232 0.0002690687 0.028756807 5.370848e-05 0.00017141731 0.0012137815 0.0020812026 0.045867562 1.08186e-06 0.021989355 5.343734e-05 0.025238909 0.0037646072 0.03196415 0.00011240696 0.00075843226 0.030308917 0.0015653874 0.020596946 0.00898719 0.005896633 7.1241935e-05 0.02698445 0.00042999577 0.0011787992 6.652296e-06 0.008206938 0.00054763554 4.5512854e-07 0.0002883483 1.8600589e-06 0.00269486 1.4266811e-07 0.0005999836 2.3222273e-07 9.735147e-09 0.006278556 4.924404e-07 1.3689405e-06 0.005901032 2.4942912e-07 0.0020131753 7.167904e-07 8.208734e-06 2.7361506e-07 3.414358e-07 6.4551764e-06
0.81348956 0.27164748 0.22469288 0.07468527 0.33669004 2.4323185e-20 0.07395866 0.23449913 0.09114301 0.17399804 0.11321367 0.018288122 0.10154901 0.16416548 0.6279838 0.007809021 0.09591598 0.11765851 0.0049354886 0.10259976 0.0063183317 0.052109107 0.05588351 0.05788044 0.6918028 0.09163622 0.046888903 0.23019674 0.13678339 0.015553771 0.0458534 0.066834375 0.018792853 0.07430307 0.18721905 0.021262724 0.15861326 0.09768063 0.0017412803 0.20733665 0.0012462486 0.0019739675 0.014138808 0.021061871 0.0047524893 0.004180107 0.016699066 0.00032568898 0.00031041738 0.00056653796 0.00067617424 0.011033857 0.019254567 0.047056418 0.0015785197 0.00068767933 0.00879562 0.00027052703 0.0006070387 0.0011372379 0.0016694975 0.2422957 6.4833e-05 0.013717309 0.00015315742 0.0057652397 0.0031054793 0.0071144104 0.0004612633 0.000491346 0.11373294 0.0013542263 0.0042418204 0.0022951583 0.004639313 0.00016250403 0.0070167375 0.0017970385 0.0008115827 0.00013067368 0.0007191434 0.0008678895 1.0101365e-05 0.0002062543 8.495395e-06 0.0023425354 6.2989466e-06 0.0024770943 4.930285e-06 4.8583104e-07 0.0012454301 1.3922789e-06 2.8808606e-06 0.010422087 5.377575e-06 0.0032272958 8.092027e-06 2.619245e-05 2.2446352e-06 6.1080857e-07 1.911249e-05
0.6710723 0.21725994 0.49710622 0.5639709 0.10538115 0.07395866 1.4032723e-21 0.10246774 0.615061 0.05762509 0.055240426 0.43047327 0.03399299 0.019708108 0.029088512 0.20039031 0.017436832 0.03257449 0.17886253 0.01220936 0.12075538 0.013104491 0.0066390387 0.007987881 0.13892989 0.008594373 0.04044852 0.022689361 0.013181928 0.0033296049 0.34311792 0.24177359 0.011073953 0.0015158942 0.28963727 0.00035734472 0.006781823 0.21352354 0.0675179 0.01752464 0.00041648227 0.00033744142 0.00032994978 0.17583923 0.0025868977 0.00010498325 0.14464502 2.6120786e-05 3.084001e-05 2.2211634e-05 0.00014794142 0.0003710484 0.12719604 0.13279974 5.609031e-05 1.6791744e-05 0.0026518758 1.607074e-05 0.00025148867 0.03915859 0.00068040856 0.13850372 1.6954646e-06 0.1366545 1.0944116e-05 0.0051719677 0.08937601 0.006043337 0.0002508905 8.397954e-05 0.020075392 0.00023120348 0.015999038 0.00085332704 0.043209836 0.00321944 0.011209426 0.04426924 0.0022709244 0.0036697714 0.002693442 6.710417e-05 5.013897e-07 0.00018427944 6.140349e-07 0.0065619634 6.747591e-07 0.01454311 3.626242e-07 3.3193146e-08 0.00059763563 7.2553714e-09 1.1231646e-07 0.0014104141 2.2760193e-07 0.00050214917 8.3750564e-07 0.0053558336 1.3025532e-07 7.478778e-08 0.0070789703
0.4177123 0.3771587 0.5311213 0.06307228 0.7001893 0.23449913 0.10246774 5.828479e-23 0.21923667 0.6580328 0.7331112 0.017627446 0.64053583 0.32600045 0.1912345 0.009941227 0.50369537 0.5725137 0.013787621 0.41719368 0.008406778 0.54914415 0.40851948 0.26715207 0.1408323 0.18176419 0.5269881 0.11226558 0.1313781 0.17095691 0.1232008 0.19506145 0.08890505 0.19111805 0.064682364 0.0401729 0.070618086 0.035925377 0.007596709 0.06389813 0.0058676205 0.004103115 0.015882475 0.076988876 0.017533623 0.0053237895 0.03384182 0.00050005456 0.00032420363 0.0011878368 0.0005199812 0.0092052035 0.09535794 0.016254023 0.0031091643 0.0015066714 0.064368606 0.0002907784 0.0008419081 0.0019787615 0.007210925 0.027223248 1.9605195e-05 0.036120843 0.00013888431 0.062679574 0.0060630045 0.06480821 0.0014319556 0.0042002234 0.015992654 0.007007265 0.0183707 0.02109391 0.002238482 0.00010890794 0.035448834 0.000155096 0.0005312857 7.939071e-06 0.009105194 0.000649269 5.0935996e-06 0.0026768735 1.8048273e-05 0.001360664 2.1867556e-06 0.00015452097 3.920572e-06 2.0892202e-07 0.013355901 3.141657e-06 8.860391e-06 0.004339384 1.3010045e-06 0.0028407203 2.6081518e-06 2.2113638e-06 6.717399e-06 4.2229763e-06 5.0624317e-06
0.23235786 0.4062983 0.7173345 0.25821292 0.15527323 0.09114301 0.615061 0.21923667 4.1661277e-22 0.09268093 0.23632891 0.3177387 0.070601605 0.027509646 0.037376467 0.13681123 0.032964338 0.07557876 0.060387075 0.02468234 0.03693942 0.056058176 0.021826161 0.01324119 0.059646435 0.0143219195 0.13352273 0.01635114 0.014119605 0.012134339 0.5275222 0.4711114 0.021506254 0.0059832805 0.14251302 0.0012480066 0.005665607 0.07345381 0.029398734 0.012419282 0.0003988669 0.0002977115 0.0006664546 0.35949442 0.004602459 0.0001656769 0.2824686 6.789601e-05 4.413252e-05 9.309838e-05 9.7998396e-05 0.00039242994 0.28603664 0.043163233 0.00018593938 8.5811575e-05 0.011548169 3.3791497e-05 9.884249e-05 0.027201403 0.0009179027 0.03578106 2.036454e-06 0.23915008 3.3488486e-05 0.023327865 0.14924277 0.023542155 0.0005420431 0.00022035094 0.016703278 0.0006212037 0.08663847 0.0043999096 0.10584192 0.0040185037 0.03653258 0.050787188 0.002761253 0.005936358 0.010479165 5.2229992e-05 2.8489626e-06 0.00013932287 6.6024295e-06 0.0054255025 6.3307465e-07 0.015540567 1.4530622e-06 2.0542385e-07 0.002603038 5.492839e-08 3.070205e-07 0.0025510516 4.0571683e-07 0.000971185 1.1795481e-06 0.002245553 7.015696e-07 5.833715e-07 0.0020027244
0.10500405 0.14624439 0.24047035 0.028548894 0.31173706 0.17399804 0.05762509 0.6580328 0.09268093 2.0121104e-23 0.5022515 0.017747039 0.4431921 0.26344943 0.252518 0.00998312 0.2460393 0.3597869 0.004313528 0.2360438 0.001814634 0.36241016 0.24650957 0.18458886 0.06565091 0.13513494 0.46422762 0.12821037 0.113908485 0.15794022 0.030883366 0.056837715 0.15164423 0.13914977 0.03423693 0.064233385 0.067930594 0.012488096 0.0008693429 0.08093886 0.007174673 0.0045611104 0.025416272 0.018305536 0.03458057 0.011343658 0.0072262012 0.0010104978 0.0014125699 0.0018610838 0.0014910337 0.021278907 0.018290522 0.0037948333 0.00511172 0.0021324067 0.04563829 0.00060225266 0.0012421106 0.00031394023 0.010253298 0.020491602 2.545916e-05 0.0046760254 0.0006392326 0.016444357 0.000569408 0.0091610085 0.0017467631 0.009738042 0.047333244 0.0022065337 0.00062476395 0.0060306937 0.00013551512 4.0287603e-05 0.0020400747 1.3655667e-05 0.0006553292 1.1904173e-06 9.230521e-05 0.0023558454 3.3396762e-05 0.00046167898 0.0007768487 0.005884432 3.8674343e-06 1.5046985e-05 3.5083118e-05 4.7384933e-06 0.00091822754 6.0797895e-05 0.00017546477 0.017277766 7.5096036e-06 0.0053429673 3.1048385e-05 1.2069273e-06 8.554194e-05 4.067982e-05 2.0126133e-06
0.046612788 0.30047753 0.42814285 0.0349213 0.4847062 0.11321367 0.055240426 0.7331112 0.23632891 0.5022515 2.7484225e-25 0.018320456 0.45889425 0.19253883 0.07795097 0.00862157 0.19238333 0.4005019 0.005553931 0.26627168 0.003662944 0.2991848 0.19197665 0.139229 0.027855314 0.08192831 0.63233256 0.03560074 0.035544187 0.10014883 0.10506874 0.18419938 0.12831755 0.052210554 0.021986503 0.03006017 0.008895303 0.015992204 0.006746653 0.013014942 0.005735516 0.005608691 0.0045585423 0.06386392 0.03527865 0.0016234202 0.03647939 0.0011428741 0.0012853405 0.0009994893 0.0010011435 0.0028196678 0.070879884 0.007192416 0.0010375194 0.0004908737 0.09203165 0.0004199476 0.0013628796 0.003788749 0.011632967 0.0135967815 5.792895e-05 0.029843353 0.00020562133 0.100352615 0.0048893923 0.06652016 0.0040260064 0.01175172 0.012819869 0.012597858 0.016477766 0.03509587 0.003401397 0.00045510902 0.023472266 0.00044525403 0.00038864923 5.950846e-05 0.0057305023 0.00026484742 1.0389774e-05 0.0051649758 0.00020763958 0.0032164585 2.5045708e-06 0.00014332113 1.7592806e-06 2.8861746e-07 0.0084824385 3.0607553e-06 1.2516334e-05 0.0069542625 2.9358291e-06 0.004250567 2.3658993e-06 5.10937e-07 3.7883714e-05 1.08097765e-05 6.916881e-07
0.37310952 0.03940605 0.10676773 0.12340054 0.024237134 0.018288122 0.43047327 0.017627446 0.3177387 0.017747039 0.018320456 4.516014e-22 0.0131282825 0.0047861882 0.005870318 0.7468672 0.0046557123 0.014645728 0.5138288 0.0048956634 0.2145367 0.0061458154 0.0025666389 0.0021535803 0.029644366 0.0021000584 0.014481893 0.0030264829 0.0023026138 0.0023055614 0.15693417 0.07046544 0.0069676824 0.0003204018 0.11391131 9.395071e-05 0.0023066401 0.09026192 0.1389504 0.0058746054 0.00020883529 0.00028156693 9.9394245e-05 0.08351504 0.0012319703 9.051338e-05 0.11192704 3.7242888e-05 5.8868307e-05 4.5480403e-05 0.0001703827 0.00013764956 0.06147525 0.08075865 7.553133e-05 3.453568e-05 0.0007691316 1.7147231e-05 0.00056094053 0.102985345 0.00040063824 0.07299065 6.1315804e-06 0.116127625 1.7046565e-05 0.0016507036 0.12464333 0.0006922111 0.00022438115 9.082562e-05 0.011131723 7.634038e-05 0.0041029756 0.00027612539 0.040358182 0.007524401 0.0012601031 0.053958714 0.0019817576 0.019701576 0.0001913004 1.228952e-05 8.990571e-06 9.616079e-05 6.83796e-07 0.0039255065 7.822803e-06 0.01755067 4.5968677e-06 2.6402867e-07 0.000106180036 1.6263765e-08 5.5894354e-08 0.002215135 2.5260927e-06 0.0008155599 2.5035654e-06 0.02816754 6.351865e-07 1.6247745e-07 0.036755864
0.15483493 0.07996018 0.2121039 0.027397886 0.22074383 0.10154901 0.03399299 0.64053583 0.070601605 0.4431921 0.45889425 0.0131282825 4.6643622e-23 0.29450047 0.13791494 0.0070366166 0.32092777 0.5437225 0.004585578 0.39720255 0.0022090822 0.60106015 0.42837968 0.32844365 0.0488244 0.20920683 0.66735935 0.11933452 0.113768294 0.3799415 0.027362917 0.058265988 0.2445034 0.3005598 0.02167108 0.18914083 0.11605793 0.011491847 0.0028435786 0.09946321 0.016822834 0.011454607 0.058218107 0.015042783 0.03904118 0.032542616 0.0065509304 0.0024391732 0.0043478673 0.0046195122 0.003650077 0.04665545 0.016331403 0.0058726026 0.01970886 0.0068574185 0.05364435 0.0018408756 0.004190385 0.00023132343 0.01482844 0.014142784 0.0002502262 0.0036753628 0.003247475 0.03243683 0.0008349179 0.030718844 0.0068534273 0.025827486 0.04983729 0.013066622 0.0008791154 0.014319175 0.00050217594 3.4887612e-06 0.007060742 3.327284e-05 6.4039246e-05 1.6295858e-06 0.0003625552 0.0037190309 0.00022088389 0.0025319778 0.0035486596 0.000850931 6.7890964e-05 4.6273293e-05 0.00017114663 6.7361216e-05 0.003912687 0.00043718956 0.00059398357 0.01605109 6.882192e-05 0.0134469895 0.00017625235 4.815225e-06 0.0005315408 0.00019418067 7.1617137e-07
0.6846567 0.09842917 0.10738076 0.019179745 0.1929681 0.16416548 0.019708108 0.32600045 0.027509646 0.26344943 0.19253883 0.0047861882 0.29450047 4.9986377e-22 0.51835936 0.0025297054 0.3953922 0.38598895 0.001265607 0.4111415 0.000789773 0.2762636 0.26028273 0.42404154 0.12449804 0.3752089 0.18720053 0.16790003 0.16103826 0.09646439 0.015928276 0.026342005 0.056016024 0.1705727 0.03667095 0.08363442 0.20144995 0.011724769 0.0003744862 0.15962885 0.0046606567 0.0077371746 0.02601418 0.0059911455 0.01785472 0.014432012 0.0023778721 0.0013995322 0.0016086404 0.0024321757 0.0021704878 0.03021664 0.0066620964 0.004445682 0.006111819 0.0029034652 0.016977226 0.00088438444 0.002226434 6.432153e-05 0.008722304 0.02650371 0.00045183144 0.0023381275 0.00057413254 0.006049192 0.00033518695 0.006214132 0.0011014747 0.0038354779 0.058793444 0.0022274086 0.0001216687 0.0022265527 0.00037247542 6.867005e-06 0.0014416527 5.6055225e-05 3.424784e-05 2.8105396e-06 8.965359e-05 0.004151748 0.00027507017 0.00035188513 0.0002919343 0.00073527056 5.4992943e-05 0.00041829405 0.00016680635 2.671244e-05 0.0011405653 7.020663e-05 0.00015546904 0.01222369 2.8207796e-05 0.0055771153 5.2521442e-05 2.0199068e-06 0.00027857628 0.00020651687 2.2118659e-06
0.89376074 0.12938756 0.124046735 0.023943229 0.18200366 0.6279838 0.029088512 0.1912345 0.037376467 0.252518 0.07795097 0.005870318 0.13791494 0.51835936 2.8066035e-22 0.0027968925 0.1421447 0.17400819 0.0012633085 0.21756035 0.0017346091 0.10978351 0.11449942 0.22048765 0.121896006 0.67725736 0.060354214 0.5387754 0.5966766 0.039222453 0.017397309 0.03166432 0.022073923 0.15375076 0.054890964 0.053725634 0.27937227 0.020369112 0.00029737267 0.23296666 0.00490778 0.0049553607 0.023040144 0.0062144096 0.007580613 0.007809658 0.005037507 0.0007389953 0.0026366306 0.0008907536 0.0023492652 0.014864496 0.0069389795 0.009299378 0.0024657224 0.0012020066 0.0074919756 0.0004101714 0.0026320922 0.00019216034 0.0052361856 0.08211855 0.0007427524 0.0045964606 0.00013883796 0.0053705303 0.00058127847 0.004799986 0.0016297756 0.0022203717 0.111169875 0.0017120026 0.00079694594 0.002580718 0.0021499193 2.4128996e-05 0.0030682313 0.00037416795 0.00016954711 1.8497574e-05 0.0003815418 0.0020677014 0.00035164898 0.00064058887 0.00013356502 0.00038210562 8.096154e-05 0.001442271 0.00012694472 2.6835613e-05 0.0016659371 2.203025e-05 4.1170253e-05 0.011720225 3.2817214e-05 0.006190241 6.639288e-05 2.9649873e-06 3.4519413e-05 3.335863e-05 3.162703e-06
0.17196505 0.018542958 0.044753034 0.05781179 0.011600257 0.007809021 0.20039031 0.009941227 0.13681123 0.00998312 0.00862157 0.7468672 0.0070366166 0.0025297054 0.0027968925 1.7413439e-22 0.0018480902 0.008419672 0.5170326 0.0024711804 0.18354395 0.0032439078 0.001185903 0.0014510808 0.012385714 0.0012060588 0.007874941 0.001482805 0.0012618984 0.0014677102 0.08178372 0.040074058 0.0048902617 0.00016444859 0.058663324 4.35831e-05 0.0018392655 0.04734199 0.15343077 0.0037861736 0.00022158901 0.00016766215 4.930574e-05 0.040464792 0.00073653384 4.963718e-05 0.05506757 1.6378692e-05 4.9283928e-05 1.3822238e-05 8.642277e-05 5.4177388e-05 0.029979683 0.053892206 2.9445033e-05 1.3267398e-05 0.0006807694 7.4227723e-06 0.00038216487 0.10596901 0.00021333147 0.03928958 3.398072e-06 0.07049224 7.518927e-06 0.0011875898 0.09125588 0.0004295687 8.5838015e-05 4.8058642e-05 0.00623873 6.2641506e-05 0.002711651 0.0002197357 0.023540953 0.008987053 0.00096399535 0.02952503 0.0019265404 0.015716355 9.499237e-05 4.257908e-06 5.718767e-06 6.0955404e-05 4.108138e-07 0.0025974822 3.929885e-06 0.008816279 3.0787712e-06 1.5810123e-07 5.350495e-05 1.8047798e-08 1.8146933e-08 0.0010414257 1.1412017e-06 0.00012531749 1.8917304e-06 0.023899354 1.9298132e-07 6.5901496e-08 0.02730344
0.83642083 0.060882732 0.10241852 0.013000725 0.21580358 0.09591598 0.017436832 0.50369537 0.032964338 0.2460393 0.19238333 0.0046557123 0.32092777 0.3953922 0.1421447 0.0018480902 3.7315466e-21 0.39703304 0.0017989615 0.47467953 0.0016048762 0.40860164 0.46199837 0.39245096 0.11304082 0.19837035 0.29717383 0.13827358 0.16019127 0.2976156 0.022775797 0.040857323 0.07790816 0.51575214 0.02190313 0.26967406 0.16562143 0.010333223 0.00076500204 0.1408733 0.02118183 0.013346665 0.0683403 0.016251978 0.024694769 0.024868129 0.0065016616 0.0020316183 0.004077996 0.008004704 0.007090899 0.055526793 0.02430733 0.0022265455 0.013249237 0.008164953 0.038939834 0.0016620596 0.005916862 4.708162e-05 0.017936783 0.0071324226 0.00095506595 0.0033651746 0.0020706947 0.026770046 0.00027596825 0.037683725 0.0038644776 0.013210118 0.027839808 0.0135983955 0.0016001746 0.020328717 0.0012644143 3.3990443e-06 0.011373892 8.719043e-05 1.4908588e-05 1.5000697e-06 0.0014389408 0.005461374 0.0006350057 0.0029223163 0.0005584923 5.789101e-05 0.00014513521 0.00047609446 0.000495199 6.3278014e-05 0.009240332 0.00037809054 0.00024752997 0.009828664 6.613454e-05 0.0038692737 0.00013238551 2.5154466e-05 0.00058693613 0.0006916403 2.3052611e-05
0.2946572 0.102770135 0.24406616 0.029549012 0.19819124 0.11765851 0.03257449 0.5725137 0.07557876 0.3597869 0.4005019 0.014645728 0.5437225 0.38598895 0.17400819 0.008419672 0.39703304 6.1481446e-23 0.0031233996 0.49392447 0.001214141 0.6030876 0.5334378 0.50618535 0.061218444 0.28744593 0.62545747 0.20627552 0.16493073 0.46718153 0.025414448 0.053982813 0.26640117 0.3904351 0.016787047 0.39219102 0.27589923 0.006250894 0.0009203741 0.24781834 0.02267635 0.018823186 0.08597116 0.021338742 0.0566404 0.06377342 0.00315722 0.0053529 0.005848391 0.012969322 0.007602583 0.082400255 0.019392181 0.0022776264 0.028638043 0.012620579 0.046413653 0.0037975828 0.008128741 5.028555e-05 0.02460592 0.010054162 0.001536563 0.0048529506 0.004079274 0.02871042 0.00063380995 0.029875584 0.010082085 0.029659912 0.062490895 0.011755442 0.00023626727 0.010945475 0.0012196273 7.0531805e-06 0.005618662 5.5297434e-05 0.00010815743 6.763775e-07 6.436314e-05 0.0075331386 0.0007898725 0.003046252 0.005466783 0.0009578755 0.00024859808 0.000276255 0.0007389449 0.00033327166 0.0046382644 0.0008322206 0.0013917203 0.02080457 0.00033706508 0.010412536 0.0004589791 3.4739007e-06 0.0014353156 0.0011877134 1.290315e-06
0.92773736 0.015757253 0.025645802 0.12248955 0.015236499 0.0049354886 0.17886253 0.013787621 0.060387075 0.004313528 0.005553931 0.5138288 0.004585578 0.001265607 0.0012633085 0.5170326 0.0017989615 0.0031233996 1.0230329e-19 0.0010248127 0.7622767 0.0023117063 0.0004399339 0.0010211483 0.016114397 0.0009817854 0.0054916376 0.0011498332 0.0009988447 0.00038167753 0.038921263 0.015065466 0.00095730834 0.00018565712 0.1518129 2.1440748e-05 0.00042491726 0.11585147 0.4301045 0.0017514714 6.574387e-06 6.2357994e-06 2.0842532e-05 0.02647608 0.00026152257 3.8589606e-06 0.030361477 1.7987392e-07 1.214024e-07 1.9435882e-07 1.3577733e-06 1.717869e-05 0.025504215 0.1277338 1.9680904e-06 2.1862122e-07 0.00030905238 6.128324e-08 4.2613365e-06 0.22253826 0.00014198177 0.059870094 4.8815846e-08 0.055598497 4.675942e-08 0.0003126885 0.10150524 0.0002012911 2.5481508e-05 3.0092647e-06 0.0016801165 8.052032e-05 0.0006332813 0.00020246203 0.020177945 0.028903903 0.0005479811 0.042086117 0.005421582 0.02311466 0.00014952637 1.386851e-06 6.7525065e-08 9.626306e-06 5.4567053e-09 0.0053335894 1.5795445e-07 0.009827243 9.604077e-08 1.3499133e-09 4.087469e-05 1.876375e-10 1.2206593e-10 0.00010693386 1.0756344e-07 1.7269198e-05 1.7199345e-07 0.07882622 7.2053075e-10 4.0680995e-10 0.12560046
0.81466407 0.06425989 0.09043906 0.011352094 0.15535547 0.10259976 0.01220936 0.41719368 0.02468234 0.2360438 0.26627168 0.0048956634 0.39720255 0.4111415 0.21756035 0.0024711804 0.47467953 0.49392447 0.0010248127 4.1479546e-22 0.0007252311 0.46021017 0.44314474 0.6113149 0.100453705 0.31433722 0.42824116 0.21848826 0.18030341 0.35833046 0.0066925217 0.016145455 0.14672522 0.4606294 0.013034668 0.40810814 0.29172245 0.0032584758 0.00036985285 0.24804851 0.023365706 0.034885686 0.10870825 0.006081254 0.044482253 0.08178217 0.0015356812 0.007867172 0.0094941165 0.018954648 0.007981988 0.10710515 0.0074650873 0.0010532637 0.033883065 0.016503375 0.03234599 0.006044899 0.00799299 9.301359e-06 0.023426589 0.006763151 0.002545819 0.0018548167 0.004528249 0.009843363 0.00024399118 0.011034337 0.007734715 0.017296907 0.08782354 0.0028299843 4.0069197e-05 0.003665735 0.0007068274 4.2019055e-06 0.0022569457 0.00010316114 2.1926036e-05 2.1888754e-06 5.4166434e-05 0.015510415 0.0016832149 0.001004136 0.003857024 0.00026924376 0.00039252258 0.00030271427 0.0010669439 0.0006593095 0.002023362 0.0013599693 0.00176914 0.025767023 0.00045671128 0.010582123 0.0005845377 1.8883453e-06 0.0018510042 0.0024380363 2.1409573e-06
0.9588863 0.01765918 0.02286757 0.10479485 0.009658901 0.0063183317 0.12075538 0.008406778 0.03693942 0.001814634 0.003662944 0.2145367 0.0022090822 0.000789773 0.0017346091 0.18354395 0.0016048762 0.001214141 0.7622767 0.0007252311 3.8676776e-21 0.0010690909 0.00035249983 0.0004744537 0.02692057 0.0006585124 0.0020827253 0.0014263791 0.0011906183 0.00028106174 0.016871043 0.0068660234 0.0006491581 0.00025596065 0.22365102 1.882693e-05 0.0007355588 0.19531356 0.29257813 0.002728979 2.2274498e-06 6.0515054e-06 2.4029332e-05 0.0107841855 0.00019127305 5.245894e-06 0.016890641 1.388678e-07 5.6214034e-08 9.593897e-08 9.4756933e-07 2.18934e-05 0.008794529 0.1909412 1.3322458e-06 1.41342e-07 8.1656464e-05 3.6559918e-08 3.038718e-06 0.082804084 6.563234e-05 0.106521875 3.0510385e-08 0.019906927 3.358448e-08 4.85461e-05 0.03372807 1.4099119e-05 1.7505401e-05 7.453964e-06 0.0050204834 3.2861408e-05 0.00011245339 2.3891409e-05 0.006357014 0.009571766 2.7635868e-05 0.009272991 0.0034083042 0.0035858057 6.716105e-06 7.8283887e-07 5.2980816e-08 4.7534063e-06 8.771486e-09 0.004004211 8.2300616e-08 0.005594241 1.8847812e-08 7.980022e-10 5.218958e-06 6.104969e-11 1.14340315e-10 0.0002849259 7.2138405e-08 1.0088965e-05 1.4505265e-07 0.048990175 1.13088e-10 2.4733582e-11 0.08221739
0.2931783 0.06411514 0.16592766 0.009886428 0.1362559 0.052109107 0.013104491 0.54914415 0.056058176 0.36241016 0.2991848 0.0061458154 0.60106015 0.2762636 0.10978351 0.0032439078 0.40860164 0.6030876 0.0023117063 0.46021017 0.0010690909 2.0279544e-22 0.56943536 0.4106079 0.03262022 0.22304559 0.68425846 0.07222367 0.09301987 0.6212173 0.019876543 0.036288805 0.3306095 0.4312173 0.009862795 0.38314167 0.16041242 0.0053038835 0.0010537163 0.14282984 0.046549786 0.022806805 0.09871066 0.011561497 0.04756814 0.048814125 0.0040701358 0.007035811 0.010455413 0.01451231 0.011571518 0.074388616 0.0119628 0.0014177084 0.033372343 0.014758549 0.056669835 0.0043199765 0.009458955 9.040714e-06 0.026097653 0.010496013 0.0016361964 0.0014651231 0.005501663 0.030162642 0.00014194536 0.036705527 0.01261887 0.04009637 0.0513861 0.02725429 0.00027016999 0.016551321 0.00032931258 1.2712685e-07 0.004197664 1.682024e-05 1.6606073e-05 1.8135732e-07 0.00018844579 0.0060632788 0.0015940698 0.0038223395 0.004643731 0.00024404937 0.00039308352 4.6278103e-05 0.0010866657 0.0006298866 0.00537312 0.0010369907 0.00090901717 0.017221741 0.00023220647 0.013835526 0.00043275414 1.8461858e-06 0.002142324 0.0015857653 5.4404677e-07
0.7206509 0.039815582 0.062130723 0.0047527864 0.11219558 0.05588351 0.0066390387 0.40851948 0.021826161 0.24650957 0.19197665 0.0025666389 0.42837968 0.26028273 0.11449942 0.001185903 0.46199837 0.5334378 0.0004399339 0.44314474 0.00035249983 0.56943536 2.967e-22 0.4387924 0.04700994 0.2241188 0.47010824 0.1072737 0.12649386 0.5295574 0.015917283 0.023731856 0.17204416 0.54694134 0.00945189 0.46753067 0.20309743 0.0037129053 0.00033324427 0.18880406 0.06152399 0.04938159 0.13878658 0.009046532 0.044227753 0.06191282 0.003494246 0.010724019 0.023456406 0.03403225 0.01884069 0.11292209 0.007938019 0.0005867648 0.042373568 0.02929619 0.053808864 0.006416671 0.014487219 2.2398156e-06 0.037419263 0.003588941 0.0053758137 0.0008873194 0.008056256 0.026585653 8.977072e-05 0.03472056 0.014009606 0.041500177 0.04372331 0.027122121 0.0003772846 0.024638025 0.0007995178 1.3090674e-07 0.003962892 3.7186743e-05 6.6070015e-06 2.1966054e-07 0.00050984166 0.013312298 0.0029240462 0.004731032 0.0058416324 3.2942142e-05 0.00060839317 0.00017973324 0.0018542425 0.0008361808 0.0063393484 0.0024630066 0.0011866824 0.016530823 0.0005737089 0.007758532 0.0010591972 6.8300897e-06 0.0022662685 0.002713891 3.813893e-06
0.8283562 0.048929736 0.052381825 0.005861082 0.111454986 0.05788044 0.007987881 0.26715207 0.01324119 0.18458886 0.139229 0.0021535803 0.32844365 0.42404154 0.22048765 0.0014510808 0.39245096 0.50618535 0.0010211483 0.6113149 0.0004744537 0.4106079 0.4387924 1.1940663e-22 0.054561023 0.40079808 0.34028244 0.16109787 0.16497384 0.32510853 0.0026578133 0.007241827 0.14297934 0.47621363 0.011454285 0.4357807 0.38169515 0.0016311058 0.0001748874 0.32763818 0.03274852 0.046740644 0.1756143 0.002532967 0.043631054 0.14588572 0.00059095107 0.017755918 0.0177201 0.03771015 0.0101601025 0.14600143 0.0029757791 0.00078454334 0.075288475 0.03247002 0.018203711 0.011056192 0.009764815 6.4047335e-06 0.019893931 0.006322605 0.0043697637 0.0006320242 0.008020281 0.00350527 0.00013931158 0.0027043317 0.009187833 0.016265709 0.1626334 0.0009168227 6.4134006e-06 0.0013379366 0.00016551645 4.215086e-06 0.0005183478 1.8018349e-05 3.9186336e-05 1.1210153e-06 9.273212e-06 0.032378454 0.0024306083 0.00027871606 0.0043691033 0.00012497221 0.00042713844 7.367674e-05 0.0013500373 0.0021020563 0.0005395863 0.003273679 0.0043530636 0.06430012 0.00034303786 0.020493772 0.00046486998 8.6393595e-07 0.0030952373 0.0043769586 3.2985693e-06
0.99216676 0.2396445 0.18227492 0.2773175 0.22457163 0.6918028 0.13892989 0.1408323 0.059646435 0.06565091 0.027855314 0.029644366 0.0488244 0.12449804 0.121896006 0.012385714 0.11304082 0.061218444 0.016114397 0.100453705 0.02692057 0.03262022 0.04700994 0.054561023 1.1719744e-18 0.09113663 0.008740357 0.22329096 0.13132146 0.0071306988 0.023461774 0.027081758 0.002266823 0.09178605 0.42990676 0.013301372 0.15534405 0.19399957 0.0044769854 0.24614178 6.1164625e-05 0.00017598999 0.015464222 0.0074567054 0.0014157365 0.003141686 0.005665261 1.3914077e-05 5.38854e-06 0.00013111635 2.6532203e-05 0.008311408 0.0074204593 0.118805245 0.0009274114 0.0001290901 0.0011007056 5.0958006e-06 6.843193e-05 0.0011639885 0.0010325012 0.45974582 3.965235e-06 0.0038448 5.668395e-06 0.00039227467 0.0010652875 0.0011563344 0.00017455581 0.000105001665 0.32544786 0.00031997432 0.002315806 0.00025292241 0.0025088105 0.00016568448 0.0033055055 0.00055710686 0.00048391114 2.5685818e-05 0.0030491455 0.0006568321 5.9201943e-07 6.005475e-05 4.8399875e-07 0.00064773177 1.2696856e-06 0.0022356883 7.404895e-07 4.4076636e-08 0.0033274144 1.3559182e-07 1.8699462e-06 0.014502743 1.213086e-06 0.0059303977 3.7493255e-06 0.00045600208 1.8922111e-07 9.528683e-08 0.0012203684
0.90335554 0.0513191 0.041141488 0.010626995 0.113602005 0.09163622 0.008594373 0.18176419 0.0143219195 0.13513494 0.08192831 0.0021000584 0.20920683 0.3752089 0.67725736 0.0012060588 0.19837035 0.28744593 0.0009817854 0.31433722 0.0006585124 0.22304559 0.2241188 0.40079808 0.09113663 1.155539e-20 0.11145292 0.22605544 0.25435773 0.12060456 0.0050064456 0.0101692965 0.05854412 0.25176784 0.025876941 0.13909607 0.33651063 0.007792814 0.00022268148 0.2744778 0.008697236 0.009202995 0.06275866 0.0048672147 0.020286633 0.05194064 0.0012551101 0.0018624045 0.0033173258 0.0061912215 0.0044692536 0.06803259 0.006551021 0.001957777 0.017417246 0.0061787143 0.0069412263 0.0010073716 0.004277097 5.4703476e-05 0.012048919 0.033005115 0.0015836727 0.002204322 0.0009482262 0.0045417515 0.00038103358 0.00367469 0.0036551573 0.0041662254 0.20488264 0.0028376107 0.00010873784 0.002885962 0.001035337 1.3568497e-05 0.0027905765 0.0002571392 3.6137033e-05 1.8323737e-05 0.00031099666 0.012154126 0.0008755352 0.0006261675 0.0004824695 0.0002044101 0.00010488287 0.0016193634 0.0005251781 0.00022489142 0.0024310208 0.0002544592 0.00062690966 0.04147802 7.5858494e-05 0.019050635 0.00024369608 1.5146456e-05 0.0005859202 0.00087919086 2.6008925e-05
0.058587454 0.11774648 0.22370355 0.020580532 0.17376007 0.046888903 0.04044852 0.5269881 0.13352273 0.46422762 0.63233256 0.014481893 0.66735935 0.18720053 0.060354214 0.007874941 0.29717383 0.62545747 0.0054916376 0.42824116 0.0020827253 0.68425846 0.47010824 0.34028244 0.008740357 0.11145292 5.2110003e-23 0.01804843 0.027796214 0.5724166 0.066386305 0.13918927 0.62500286 0.115612365 0.0050611477 0.14278053 0.016371166 0.0037829543 0.0075431345 0.017411832 0.055876553 0.026185729 0.01861801 0.023345323 0.1653663 0.008188296 0.012381959 0.011972462 0.014994293 0.012752576 0.006502301 0.00955682 0.034985892 0.0014205247 0.008100107 0.0065234588 0.12895493 0.0058353627 0.006849523 0.0013637397 0.08600749 0.010717574 0.0021639452 0.010799521 0.0023374977 0.052443817 0.0035028108 0.037446804 0.02111826 0.08207679 0.008298192 0.071482934 0.002243969 0.038641628 0.00081998535 4.6605313e-05 0.0058558946 9.368265e-05 6.9699745e-05 2.3125605e-05 0.0004160859 0.0009354672 0.000639367 0.010384341 0.002800294 0.0007426901 0.00016049841 2.623092e-05 0.00020219074 0.00013193945 0.0053458186 0.0002049762 0.00036855802 0.00660636 0.00011721269 0.007989569 7.854885e-05 9.87204e-07 0.0025684352 0.0011476432 7.1131814e-07
0.97701687 0.10378985 0.06888975 0.04032522 0.118489996 0.23019674 0.022689361 0.11226558 0.01635114 0.12821037 0.03560074 0.0030264829 0.11933452 0.16790003 0.5387754 0.001482805 0.13827358 0.20627552 0.0011498332 0.21848826 0.0014263791 0.07222367 0.1072737 0.16109787 0.22329096 0.22605544 0.01804843 4.2966106e-19 0.6902672 0.018897643 0.0063897227 0.00820434 0.0054424303 0.11624052 0.054379374 0.05801831 0.30234984 0.030340077 0.00030788948 0.31721428 0.0010710818 0.0014409015 0.029891184 0.0023300773 0.00201752 0.0147341555 0.0014252287 0.00023975575 0.00024399399 0.0010153268 0.0004031839 0.02456066 0.002094674 0.019892223 0.0037899092 0.001364539 0.0022483782 8.5805856e-05 0.00031168788 5.7610563e-05 0.0010964635 0.14629634 0.000209328 0.0012868461 9.745366e-05 0.0014929206 0.00024012646 0.005958567 0.0004965681 0.0003095072 0.23542513 0.0021987057 0.0033496234 0.0026500786 0.0043184096 7.34946e-06 0.013134262 0.0012340633 8.74626e-05 1.8148208e-05 0.004638581 0.002471812 2.245058e-05 0.0008914874 1.0985871e-05 0.00018531519 4.300599e-06 0.0043420293 1.3152958e-05 1.8018493e-06 0.014834062 8.973131e-06 2.7226646e-05 0.020165509 4.3960695e-06 0.010333933 3.0500629e-05 2.0734207e-05 2.1506328e-06 3.1416541e-06 4.483122e-05
0.93692714 0.07581317 0.055045255 0.03055025 0.1101509 0.13678339 0.013181928 0.1313781 0.014119605 0.113908485 0.035544187 0.0023026138 0.113768294 0.16103826 0.5966766 0.0012618984 0.16019127 0.16493073 0.0009988447 0.18030341 0.0011906183 0.09301987 0.12649386 0.16497384 0.13132146 0.25435773 0.027796214 0.6902672 3.7695663e-18 0.039547674 0.008526845 0.011245285 0.00887782 0.115442574 0.042577036 0.066661365 0.24241804 0.017685683 0.00069190393 0.21893547 0.0017727974 0.0019127122 0.035493586 0.0033739232 0.0038474996 0.022635525 0.002120814 0.00037423347 0.00048302312 0.0016511034 0.0004672098 0.029967628 0.0035495602 0.017112616 0.0059674266 0.0020954802 0.0038607866 0.0002081005 0.00031992182 0.000107876825 0.0027667051 0.08691752 0.00012496673 0.0014067327 0.00017983696 0.0030182437 0.00017071757 0.008333512 0.00034900242 0.00038828436 0.19506072 0.00473181 0.0066855275 0.00467311 0.004982561 1.0000881e-05 0.020845551 0.0009596067 6.0230373e-05 1.1630447e-05 0.010698017 0.0035965713 2.0688403e-05 0.0021947848 2.3691584e-05 0.0002384758 8.847547e-06 0.0047009345 2.4482293e-05 5.7701154e-06 0.025904998 1.04709225e-05 5.60215e-05 0.020357423 4.294959e-06 0.011798638 5.888605e-05 4.675989e-05 1.9401454e-05 2.0779795e-05 4.9036622e-05
0.30074272 0.01995168 0.029878937 0.0024136498 0.03922294 0.015553771 0.0033296049 0.17095691 0.012134339 0.15794022 0.10014883 0.0023055614 0.3799415 0.09646439 0.039222453 0.0014677102 0.2976156 0.46718153 0.00038167753 0.35833046 0.00028106174 0.6212173 0.5295574 0.32510853 0.0071306988 0.12060456 0.5724166 0.018897643 0.039547674 1.1490372e-21 0.01340696 0.0148745775 0.46063405 0.3939428 0.0017623672 0.47044435 0.14094861 0.00050190854 0.0002526464 0.14094989 0.30886382 0.15521093 0.13105462 0.00483142 0.07093948 0.0627127 0.0029651078 0.05056401 0.12993275 0.0722855 0.10936599 0.10614419 0.003450523 0.00023893882 0.05684281 0.057965126 0.04154723 0.037011348 0.063732155 3.5566532e-07 0.06412093 0.0036562153 0.049502373 0.00028353697 0.019414948 0.021225171 8.4427396e-05 0.015355947 0.044044334 0.08395615 0.048722513 0.019518184 3.3214506e-05 0.014083067 0.00022273416 6.70442e-08 0.0005663824 2.1431526e-05 7.6188335e-06 2.0693255e-07 5.0466573e-05 0.0167962 0.005980231 0.0031643598 0.020072496 0.00015343753 0.0024293754 2.7572765e-05 0.0035625098 0.0050511523 0.0039676265 0.0073090843 0.0047975397 0.019528318 0.0017385607 0.014679225 0.0022587113 1.4880997e-06 0.00937792 0.010416041 5.0471914e-07
0.07651678 0.14425734 0.41416773 0.13271582 0.08668071 0.0458534 0.34311792 0.1232008 0.5275222 0.030883366 0.10506874 0.15693417 0.027362917 0.015928276 0.017397309 0.08178372 0.022775797 0.025414448 0.038921263 0.0066925217 0.016871043 0.019876543 0.015917283 0.0026578133 0.023461774 0.0050064456 0.066386305 0.0063897227 0.008526845 0.01340696 2.2438958e-20 0.5427637 0.011620691 0.0020571959 0.02664 0.0009298136 0.0014193032 0.014984672 0.01205382 0.0033965788 0.0015226664 0.0008631257 0.00022271993 0.5431449 0.0045256913 8.9292145e-05 0.4127379 0.0002398397 0.00037115352 0.00017024836 0.0005347817 8.259497e-05 0.425182 0.0070734364 0.00012046 6.2711384e-05 0.029712649 0.00015006865 0.00054410135 0.0154781435 0.0033933702 0.0062623555 6.4253916e-05 0.28177345 4.459843e-05 0.057813432 0.18687257 0.041631684 0.00560779 0.0026258256 0.006497853 0.004593139 0.06260778 0.01552129 0.07192129 0.0015320205 0.037906736 0.03423376 0.0020215025 0.002141879 0.012662637 1.5136636e-05 5.889841e-05 0.0016712911 2.4026858e-05 0.0037833585 1.7542252e-05 0.015230543 5.0480197e-05 6.2992167e-06 0.0071466537 1.4084623e-06 1.7219785e-06 0.0020630024 3.612053e-05 6.3775835e-05 8.7893546e-05 0.001040695 3.3413355e-05 7.475142e-06 0.0037793966
0.05269117 0.1723206 0.43701816 0.10001657 0.13199653 0.066834375 0.24177359 0.19506145 0.4711114 0.056837715 0.18419938 0.07046544 0.058265988 0.026342005 0.03166432 0.040074058 0.040857323 0.053982813 0.015065466 0.016145455 0.0068660234 0.036288805 0.023731856 0.007241827 0.027081758 0.0101692965 0.13918927 0.00820434 0.011245285 0.0148745775 0.5427637 6.6552476e-21 0.016263172 0.0040978002 0.016871983 0.0017971885 0.002759001 0.010857175 0.0056453245 0.006923406 0.0015163221 0.0013369258 0.0005271308 0.48579842 0.007328023 0.00019643983 0.2837501 0.00027635277 0.0004885635 0.00034480178 0.00051006116 0.0003529987 0.4117343 0.0060133873 0.00024123212 0.00015116793 0.056062773 0.00018154569 0.00033740536 0.0039211498 0.0061140605 0.0106879985 7.1322764e-05 0.19519506 9.452606e-05 0.1290879 0.03744957 0.10799264 0.0101842 0.009812696 0.0110216895 0.016283495 0.09110951 0.030347824 0.035005942 0.00080971344 0.07468885 0.011843422 0.0011589918 0.000831176 0.025992667 0.00010506938 0.00025366666 0.0041852347 0.000118418284 0.0023598433 9.8967466e-05 0.0062058223 0.00011980433 5.5825614e-05 0.017550236 1.7426333e-05 1.7010369e-05 0.0036547272 6.93063e-05 0.0004173668 8.7185435e-05 0.0006135359 0.00012156872 2.1444734e-05 0.0014457213
