7.933605e-27 0.9999465 0.9995573 0.9921173 0.9956138 0.9788734 0.9998643 0.99277806 0.9854287 0.9413271 0.99424815 0.9888768 0.99174744 0.9703419 0.9462123 0.93771315 0.99780524 0.98958623 0.8187972 0.9469643 0.97378063 0.93227804 0.9688077 0.9329258 0.95285875 0.96888846 0.9480383 0.887412 0.92764205 0.93816364 0.448984 0.9382145 0.93630594 0.91786236 0.8817394 0.9156066 0.851811 0.8765041 0.8714725 0.9006966 0.86231977 0.47771612 0.6381488 0.81341046 0.81928474 0.85695744 0.6710334 0.75905806 0.33652943 0.49943715 0.6544611 0.5103026 0.60369146 0.5768134 0.61984307 0.5060768 0.316047 0.40981966 0.14806163 0.31720284 0.021028735 0.3037123 0.2710005 0.30316615 0.041378137 0.35193023 0.42706555 0.23076436 0.15002063 0.20751558 0.23065403 0.09699266 0.11054214 0.1036175 0.031013886 0.09148313 0.06487257 0.0434476 0.070314996 0.0690229 0.10562369 0.0371504 0.065748416 0.06621819 0.0484597 0.00077160157 0.012081961 0.038341045 0.030546727 0.07136395 0.03865873 0.016117362 0.016587816 0.017672667 0.011191118 0.028100964 0.03329507 0.018563889 0.016968284 0.018175619 0.029577363
0.9999465 4.599968e-10 0.013303973 0.485653 0.089416526 0.3316242 0.14313379 0.051802438 0.19905135 0.00262841 0.0066445335 0.17345996 0.07872467 0.5597103 0.00047100594 0.0013527521 0.07731621 0.0142648 0.010245196 0.06464972 0.019437788 0.0073715537 0.022364503 0.00019102167 0.0752456 0.0007642736 0.028543778 0.016062392 0.11925045 0.026978018 4.6027217e-05 0.009728922 0.0011933312 0.0024589126 0.0004924217 0.007052297 0.07076193 0.12028334 0.04200742 0.23972495 0.00067926355 0.0036057876 0.00015986066 0.0012077836 0.019768972 0.14671893 0.020456403 0.0016097353 0.0041072746 0.002519986 0.027841374 0.004605519 0.008119296 0.009990787 0.012067865 0.016932907 8.828882e-05 0.00020563093 0.00016640086 0.00021893057 0.00016512057 0.0028962018 0.0012061145 0.0005705005 8.789578e-06 0.008942174 0.0713615 0.007982905 0.001299842 0.0059299585 0.033532295 0.0011104521 0.0043306956 0.0010143648 0.000133927 0.0006446038 0.000950506 0.00096845656 0.0010775278 0.0009505386 0.0182105 0.00036385882 0.005767937 0.002487603 0.0005958408 1.343506e-07 0.00032154113 0.0006439673 0.0013468197 0.0006448583 0.0019038322 0.0012932675 0.0011903651 0.00027835718 0.0002870842 0.0006114092 0.00045158545 0.0018561243 0.0017924232 0.0017005899 0.0010024993
0.9995573 0.013303973 6.637498e-14 0.021894865 0.0028148866 0.0034443648 0.01451406 8.935519e-05 0.0046384903 0.8636078 9.539658e-06 1.2814839e-05 0.15862432 0.0030630669 0.48938432 0.30242884 0.11781126 0.092418864 1.1022633e-05 1.4244121e-05 0.058050647 0.069118164 0.048552576 1.9745132e-09 0.023391195 0.17033851 0.038274974 0.0001383819 0.0065830583 0.0001366916 0.016255131 0.029262936 0.10864273 0.065792695 0.09418414 0.019713277 0.001654755 0.0029427586 0.0075470284 0.0053998427 0.029895417 0.00029211142 0.0055248155 0.012118211 0.0066039385 0.006477216 0.0037693866 0.010468028 6.5160784e-05 0.0062225233 0.002398046 0.003578512 0.0017946237 0.0014863417 0.0019414024 0.0020499763 0.004030555 0.002154632 1.8272019e-06 0.007297261 8.1435864e-08 0.0011388381 1.9357717e-06 0.008886523 5.3120307e-06 0.002073403 0.0008916426 0.0015768008 0.00061754265 0.001163837 0.0002734999 0.0001247775 0.00083608 0.00051696005 0.00066213653 4.363198e-08 6.069837e-05 0.00037743847 0.00016248065 0.00040932736 0.0004382225 0.0009774566 0.0006757178 9.848983e-05 0.00014508454 3.0110503e-08 4.1932686e-05 0.0001743096 0.00012925542 0.001576785 0.00037593074 2.7020436e-05 0.00021103135 4.5982382e-05 1.0495175e-05 0.00011084159 2.755949e-05 0.00041914958 0.00018999679 0.00038150814 0.0003910788
0.9921173 0.485653 0.021894865 3.8914235e-17 0.25183713 0.38363233 0.11549269 0.05871354 0.3193173 0.0071379077 0.0056115724 0.01732413 0.22274235 0.20318285 0.00042379383 0.006480692 0.018030975 0.024082102 0.009539913 0.00316218 0.04400428 0.010450363 0.04141753 1.7783243e-05 0.08796443 4.475787e-05 0.020341212 0.02617146 0.12933975 0.013143585 8.61485e-05 0.0038714276 0.0005195514 0.0018830701 0.00018028481 0.0015934443 0.029742515 0.019078003 0.013319898 0.022828395 0.0003067956 0.0062229596 5.9165113e-06 0.00054230506 0.0035710717 0.019416066 0.0049303845 0.00016727549 0.0018195787 0.0008001036 0.004288515 0.00056298083 0.00096272514 0.0014344848 0.0017137913 0.0028975222 3.7815257e-06 2.0783648e-06 8.115424e-05 5.5628763e-05 3.005674e-06 0.00046254098 0.00046167814 5.7790065e-05 3.4246461e-09 0.0008863691 0.0028283573 0.0019229252 0.00013609495 0.00082387764 0.0017159411 0.00012793693 0.0017636846 0.00011700318 3.884204e-06 1.1465935e-05 0.00012015882 6.687558e-05 0.00010332064 0.00014043368 0.00089655735 5.268049e-06 0.0005946087 0.0004598258 4.125905e-05 5.1099687e-11 8.41467e-05 1.952539e-05 0.00038589793 6.095325e-07 0.00024902113 0.00023775843 0.00025397117 9.469439e-06 1.4483881e-05 9.114907e-06 5.3198557e-05 0.00018039832 0.00037358413 0.00035060206 4.029248e-05
0.9956138 0.089416526 0.0028148866 0.25183713 8.1038093e-16 0.20645508 0.25600025 0.53266656 0.06967382 0.00039818426 0.086661056 0.3126025 0.016972233 0.09215779 1.032961e-06 7.560917e-05 0.0021501386 0.0014069267 0.059193026 0.052076392 0.006719136 0.0016879039 0.011530044 0.005994315 0.018939275 3.960171e-08 0.0036719856 0.18119591 0.043257717 0.12081768 2.46077e-08 0.00039342055 4.952539e-07 5.2106552e-05 1.01724275e-07 0.00023042293 0.021884337 0.014625469 0.0034357468 0.013984765 1.4273811e-06 0.016044041 2.5162251e-08 6.4921755e-06 0.0009064188 0.012530978 0.0012198886 2.3725602e-06 0.012891411 1.8051767e-05 0.0018111347 4.6634083e-05 0.00019644508 0.00024243668 0.0004026544 0.0012012507 5.5947368e-08 6.695091e-08 0.0019758057 1.5933409e-07 0.0004627049 7.208755e-05 0.0023405638 2.078024e-06 2.1449436e-07 0.00041337463 0.0027233714 0.0007273901 8.346037e-06 0.0001650527 0.0031730325 3.6202832e-06 0.0008730143 2.5692923e-05 7.4717924e-08 0.00037266372 6.424407e-06 8.483575e-06 2.0638132e-05 5.5932673e-05 0.0013263521 4.0312005e-07 0.00036859862 0.00080434285 1.26661325e-05 1.97689e-10 2.461479e-06 1.929357e-05 0.0024418836 6.6419034e-07 0.00023998634 0.0006994583 0.0010979107 1.2096659e-05 2.0325172e-06 1.0299212e-05 2.4070574e-05 0.00019474278 0.00040601433 0.00049870106 0.00010263104
0.9788734 0.3316242 0.0034443648 0.38363233 0.20645508 8.476592e-18 0.12622666 0.11961678 0.32209736 0.00030852438 0.012093563 0.061265193 0.07966394 0.38604742 2.2403079e-07 2.9716613e-05 0.00020772198 0.0042458777 0.052731458 0.003694704 0.022977142 0.0036272127 0.057271697 0.00015483175 0.13611314 2.3278812e-09 0.018606702 0.050596643 0.26747116 0.12449572 1.3985995e-09 0.0008978836 3.8478166e-07 2.3435317e-05 3.5605275e-08 0.0004003144 0.103584476 0.0942397 0.020355746 0.10647744 2.7790531e-07 0.028930178 6.148107e-09 1.3016077e-06 0.0035706814 0.051289022 0.0062483754 4.2030575e-07 0.0017354843 1.2045017e-05 0.008333079 9.344877e-05 0.00034239137 0.00068371487 0.0009849293 0.0045233374 6.068904e-09 6.937717e-09 0.00010008729 9.897661e-09 2.0530399e-07 7.47608e-05 0.0012674942 7.994e-08 2.299553e-10 0.0013503437 0.025979765 0.0041008536 1.054862e-05 0.0012662654 0.02634184 6.642226e-07 0.0042288043 3.068288e-05 4.521206e-09 7.8576863e-07 7.286395e-07 6.878635e-07 1.3285656e-05 0.00018576656 0.012261682 1.5951569e-08 0.0036604265 0.0038847197 7.3656615e-06 2.0441344e-13 1.7409852e-07 7.5249095e-06 0.0012591342 4.2962412e-08 0.00057765463 0.00017527444 0.00046970314 2.4219935e-06 2.2311033e-07 1.3587005e-06 1.1266409e-06 0.0008379742 0.0013174042 0.0012063113 2.196044e-05
0.9998643 0.14313379 0.01451406 0.11549269 0.25600025 0.12622666 6.230678e-11 0.21317321 0.039638642 0.003046788 0.08976127 0.24864985 0.011669089 0.018718611 0.0005283395 0.00085074565 0.10210606 0.0025803265 0.02718844 0.23111519 0.004200009 0.0027903798 0.0048859874 0.055630174 0.0061666965 0.0006459003 0.0037174548 0.092923366 0.009049884 0.027509095 1.921313e-05 0.0020309722 0.0013145045 0.0013870389 0.00026146296 0.002033259 0.0055325553 0.005167582 0.003144718 0.006564514 0.0009967608 0.0031388167 0.00030079996 0.0008756049 0.0021210688 0.0032885077 0.001168663 0.0008715224 0.008540709 0.0006015876 0.0012046495 0.00047509893 0.0008762577 0.00082225905 0.0011295393 0.0007596412 0.00015139012 0.0011078526 0.00462723 0.00041158716 0.0020901652 0.00039501852 0.0024735157 0.0007995464 0.0020808936 0.00084749144 0.002467029 0.00033691357 0.00023692568 0.0002650316 0.0022842088 0.00023791946 0.0003820918 0.00022958941 0.00064934604 0.0026694536 0.0002709854 0.0015574291 9.293126e-05 0.00012133267 0.00091108447 0.0010937602 0.0005051752 0.0006110467 0.00011703733 3.1814316e-06 0.0010470244 0.00017792055 0.0016020733 0.001483121 0.00025974883 0.0016285644 0.001123202 0.00012518525 0.0005638478 0.0003858122 0.00032236276 0.00022302322 0.00023732914 0.00029789153 0.0002662928
0.99277806 0.051802438 8.935519e-05 0.05871354 0.53266656 0.11961678 0.21317321 1.007707e-18 0.013158717 1.7019446e-06 0.08080148 0.5994483 0.0029451116 0.0756399 7.6233386e-10 3.0619478e-07 8.9297555e-06 4.5021072e-05 0.35315958 0.08118607 0.00090830517 8.299997e-05 0.001912456 0.005855275 0.0062448075 2.8997457e-11 0.0006311439 0.4889954 0.050772563 0.42616925 1.2279818e-11 5.1074776e-06 7.8021e-09 3.8608582e-07 1.0020211e-09 5.4925295e-06 0.034888417 0.014891141 0.00094052136 0.016130973 1.6645672e-08 0.07059095 4.5318227e-10 6.014401e-08 6.314732e-05 0.00982063 0.00028881893 3.6792866e-08 0.015076353 3.2433462e-07 0.00065941486 7.6414744e-07 5.4694783e-06 7.744349e-06 1.5102765e-05 0.00038509574 3.5593646e-09 5.770194e-09 0.00047549506 5.195317e-09 0.00042190094 2.037571e-06 0.019499086 6.226707e-08 2.0232611e-10 1.8626835e-05 0.0037168874 0.0002864746 4.848123e-07 3.8907685e-05 0.0074409 1.0892377e-07 0.0004795017 1.0517956e-06 5.9996403e-09 0.00023474966 1.687514e-07 5.0344516e-07 8.7393556e-07 1.1145239e-05 0.0027589865 1.7774163e-08 0.00022444663 0.0034860629 8.3720215e-07 7.561372e-14 4.3686885e-07 6.222003e-07 0.0070658918 2.6939912e-08 3.097049e-05 0.0037473724 0.0034434781 4.31808e-07 3.9373518e-07 2.2003353e-07 1.8638438e-07 2.7737155e-05 0.00026215558 0.0001670136 2.5077113e-06
0.9854287 0.19905135 0.0046384903 0.3193173 0.06967382 0.32209736 0.039638642 0.013158717 4.4704934e-20 0.0010706815 0.002651843 0.004107259 0.14296187 0.7405058 3.5471874e-06 0.00048098533 0.000120190794 0.006933373 0.005534471 0.00020254527 0.035199042 0.004841207 0.051670697 5.017042e-06 0.24240544 3.826011e-09 0.021104828 0.0017838712 0.40221453 0.011619074 1.3569563e-08 0.0028164384 3.3122126e-06 0.00033765225 1.834524e-07 0.0007328764 0.08481665 0.07612726 0.036421333 0.094066635 6.605269e-06 0.006626606 2.1742036e-08 6.7560206e-05 0.006141764 0.056420967 0.013115163 1.1910343e-05 0.00015107138 0.00030362792 0.014847882 0.00064234826 0.0014180803 0.0027533432 0.0028854841 0.0062514865 2.0826775e-07 7.617808e-08 5.700621e-05 2.3047146e-06 5.0893167e-08 0.00045948738 0.00018534876 3.3420479e-06 5.7080863e-12 0.0017184452 0.014685673 0.0071208584 0.00017549757 0.002934935 0.0047542434 0.00013169205 0.0067358655 0.00023083224 3.9807452e-07 1.13059265e-07 9.566821e-05 4.1663698e-05 0.00039030195 0.00076181616 0.004641707 7.4889454e-07 0.003683479 0.0011581703 0.00017638905 8.390951e-14 3.0713298e-05 0.000101922626 0.00020291666 1.4233731e-07 0.0011822229 9.914847e-05 0.000111023444 5.7886762e-05 2.4456494e-06 1.702072e-05 7.0949915e-05 0.0008327906 0.0019525614 0.0018166035 0.00023989941
0.9413271 0.00262841 0.8636078 0.0071379077 0.00039818426 0.00030852438 0.003046788 1.7019446e-06 0.0010706815 5.2844276e-15 1.43802845e-05 1.8599293e-06 0.2131682 0.00045090748 0.17082594 0.67948484 0.018547976 0.39570776 1.2449199e-06 1.1995232e-05 0.12891068 0.23041135 0.10561251 7.3790864e-07 0.0146014765 0.004652536 0.08569131 4.952164e-06 0.0003726673 1.3453908e-05 0.00020292655 0.11864963 0.047056824 0.1638539 0.020237522 0.08233457 6.732615e-05 0.00012887914 0.0048020277 0.0008239133 0.02783349 8.1942983e-07 0.00014520746 0.056537054 0.01276632 0.00271977 0.00625293 0.0652384 1.5728207e-05 0.03700844 0.0015726123 0.02295363 0.011507525 0.009816697 0.008336079 0.0024489115 0.0029566367 0.00014333685 9.557602e-05 0.014091296 6.6431916e-08 0.008107864 5.4255743e-08 0.024537846 6.3001204e-07 0.00573924 0.00016960841 0.0025902588 0.0056077745 0.0034147296 2.039376e-05 0.004750527 0.0006306731 0.003195285 0.0016267258 6.2294424e-07 0.002736631 0.004991012 0.0013574023 0.0009436268 2.0002457e-05 0.0043711313 0.00014030703 4.083687e-06 0.00077420095 2.1224889e-09 0.0020516133 0.0006001427 1.4173718e-06 0.000838499 0.00012472503 1.1720061e-06 4.732744e-06 0.0001257727 0.00088339363 0.00033441235 0.00057736796 2.4926885e-05 1.2168975e-05 2.7602651e-05 7.778736e-05
0.99424815 0.0066445335 9.539658e-06 0.0056115724 0.086661056 0.012093563 0.08976127 0.08080148 0.002651843 1.43802845e-05 7.2969436e-11 0.06272164 0.0009149993 0.0072361864 2.2571896e-07 1.5100188e-05 0.00013702769 0.00014171097 0.029284565 0.5521524 0.0013481388 0.00042038335 0.0011330608 0.4772524 0.0013240558 2.1304722e-06 0.0009242677 0.1388086 0.0020475653 0.0071102395 2.5922493e-06 9.265331e-05 1.7178232e-05 3.318098e-05 3.7834807e-06 6.664911e-05 0.002011137 0.0011506269 0.0005204339 0.0012920398 1.4471759e-05 0.0018214288 4.0886855e-05 4.1939147e-06 0.0006701611 0.0013978195 0.00038174287 3.5381195e-06 0.034819573 1.234739e-05 0.0003859259 1.7730881e-05 0.0001484832 0.00015307347 0.00019910201 0.00046677535 9.806524e-07 1.1080316e-05 0.006238623 1.1022355e-06 0.0071580517 3.0956693e-05 0.0018994923 6.3471816e-06 2.3001508e-07 0.0005243506 0.0007911805 0.00020730085 6.843678e-06 0.0001345022 0.00097091595 2.7850533e-06 0.000101087135 1.5168847e-05 1.4218203e-06 0.005240009 3.2564549e-06 1.5609576e-05 4.593502e-06 2.9968198e-05 0.0004239636 2.6025043e-06 0.00012321354 0.00041206513 9.119045e-06 6.380536e-12 1.0192412e-05 2.1243199e-05 0.0013684212 4.518217e-06 9.40016e-05 0.0014477433 0.001159517 5.968376e-06 5.439557e-06 1.994455e-05 7.1867244e-06 9.383697e-05 0.0003539395 0.00022506308 3.6850688e-05
0.9888768 0.17345996 1.2814839e-05 0.01732413 0.3126025 0.061265193 0.24864985 0.5994483 0.004107259 1.8599293e-06 0.06272164 6.1410413e-16 0.00022000808 0.0013286824 5.054457e-10 1.1089233e-08 2.0007035e-07 3.997091e-07 0.8207439 0.038213316 1.1095744e-05 7.4663177e-07 0.00013737784 0.020132404 0.0002603892 1.1029329e-11 8.0339676e-05 0.2725913 0.009348774 0.21614496 2.8325825e-12 1.8784316e-07 1.2156452e-10 4.2273416e-09 4.1147013e-11 1.153425e-07 0.017883657 0.006756578 0.000104524006 0.005675181 3.1702402e-10 0.035325356 7.366756e-10 7.819109e-10 5.6989255e-05 0.005651204 7.1561226e-05 3.61865e-10 0.015793426 2.6341059e-08 0.00017112771 3.3762916e-07 2.2170316e-06 4.2351803e-06 5.680755e-06 0.0001639525 5.4839033e-10 6.34887e-10 0.00059237215 2.4619506e-10 0.00010096563 9.361441e-07 0.12067226 1.9658966e-09 1.2931767e-10 3.9415452e-05 0.0037086748 0.00013796301 2.5986685e-07 3.228413e-05 0.0090152435 1.3072162e-07 0.0001701802 5.4697625e-07 3.7741303e-09 0.000113025904 9.5560566e-08 4.8310505e-07 1.5869375e-06 5.445334e-06 0.002319869 1.032505e-08 0.00034071534 0.006611263 5.2599535e-07 1.2038871e-13 3.378627e-07 4.2121502e-07 0.015768971 3.575859e-09 1.2301329e-05 0.0058996254 0.00492339 1.9114547e-07 9.547531e-08 1.0116702e-07 1.08409544e-07 7.2883445e-06 0.00021546485 0.00010202922 1.1734641e-05
0.99174744 0.07872467 0.15862432 0.22274235 0.016972233 0.07966394 0.011669089 0.0029451116 0.14296187 0.2131682 0.0009149993 0.00022000808 8.3775496e-18 0.03624485 0.0007119028 0.010143406 0.0013769065 0.4296492 8.863877e-05 2.3384102e-05 0.37683144 0.18103291 0.42462447 1.2386068e-06 0.18662639 4.120867e-07 0.30760425 0.00010200577 0.017420169 8.9585905e-05 1.6053361e-08 0.12744793 0.0015072686 0.043000568 6.7613444e-05 0.05587334 0.001310816 0.004088062 0.042862453 0.015958602 0.00072492583 2.25236e-05 5.106404e-07 0.01251177 0.059024535 0.033680644 0.043606948 0.005404345 7.3944444e-05 0.018752808 0.019229019 0.02514931 0.029598242 0.034682263 0.02822887 0.024141515 5.633167e-06 9.355827e-07 0.0006915882 0.00014444742 1.04023e-06 0.017222967 1.2342392e-06 0.00023844554 1.2941576e-08 0.0270933 0.0022338373 0.018197976 0.0120937005 0.015749132 0.0003044424 0.006007801 0.011521454 0.00784329 3.0302676e-06 8.121057e-06 0.0033139535 0.0010873189 0.0038446058 0.0039769174 0.0011293895 1.2556746e-05 0.004383822 4.5229055e-05 0.002203474 5.193244e-10 0.00035084737 0.002512505 2.1110593e-05 2.8879715e-06 0.0034959675 4.282787e-06 2.6655462e-05 0.00087042636 7.783997e-05 0.0010943679 0.0005539474 0.0017631733 0.00045467023 0.0013626495 0.0013095358
0.9703419 0.5597103 0.0030630669 0.20318285 0.09215779 0.38604742 0.018718611 0.0756399 0.7405058 0.00045090748 0.0072361864 0.0013286824 0.03624485 1.11672654e-14 4.4974435e-08 9.85883e-07 3.8216283e-05 0.00052275363 0.00016917901 0.00038289686 0.0070587024 0.00040081004 0.016914522 0.00063374586 0.72107434 1.8658977e-09 0.0143218655 0.00017784913 0.63858265 0.002571121 2.7836096e-11 0.0005559496 5.989916e-07 3.9429735e-05 8.439402e-08 0.00032066624 0.04596439 0.08834627 0.03145575 0.15285707 4.5150662e-07 0.0008584457 3.5876504e-09 1.0023931e-05 0.010043701 0.24811074 0.016715 1.3546224e-06 0.00017688515 0.00015923863 0.027027126 0.0005931209 0.001762837 0.0038630976 0.0041102823 0.013864082 3.082661e-08 2.312631e-09 0.0015766917 6.4466924e-08 5.4160955e-07 0.0006132423 8.334175e-05 9.808755e-08 1.656061e-08 0.00411757 0.042797986 0.014402629 0.00024145906 0.0067925197 0.011669028 5.7007026e-05 0.020049762 0.00037501106 6.5456867e-09 7.173327e-07 2.538892e-05 1.5060357e-06 0.00122526 0.002375949 0.02295529 1.3945725e-08 0.03184797 0.0011071122 0.00058014924 5.130676e-10 1.2271718e-07 0.0006817713 0.00031394232 6.4763905e-09 0.015763806 2.7582235e-05 0.0001305103 0.0001503566 4.6842167e-08 7.7985904e-05 1.492756e-06 0.022196656 0.014262289 0.01978855 0.0017742133
0.9462123 0.00047100594 0.48938432 0.00042379383 1.032961e-06 2.2403079e-07 0.0005283395 7.6233386e-10 3.5471874e-06 0.17082594 2.2571896e-07 5.054457e-10 0.0007119028 4.4974435e-08 9.268035e-20 0.8155569 0.0139847975 0.0070594056 9.117187e-11 3.0461543e-08 0.0054189637 0.011926565 0.0027297821 7.0331665e-09 1.3506527e-05 0.009897574 0.006494269 4.6151736e-09 3.3655212e-08 2.3338462e-10 0.0013407094 0.012014513 0.5782683 0.049728546 0.5539802 0.010163354 2.9189817e-09 1.2463371e-08 3.0277675e-05 8.731795e-08 0.05545079 2.428284e-10 0.00081636413 0.023616346 0.0008066966 4.0800182e-07 0.00032548 0.01849349 3.9674746e-06 0.008151695 2.2598348e-05 0.0025981867 0.0009643116 0.0007002712 0.00040422246 0.0001236907 0.028639711 0.0006916156 0.0004844405 0.07670184 1.5311418e-08 0.0006606085 2.268025e-10 0.04621224 3.4233979e-06 0.00021585316 1.4551554e-07 3.9714403e-05 0.00018327554 4.7907273e-05 1.4939032e-07 9.061607e-05 2.0908876e-06 4.2771808e-05 0.02222746 2.2566008e-08 2.1719525e-05 0.00093689305 4.424067e-06 1.301079e-06 2.1200795e-07 0.015876463 3.1068285e-07 3.0970898e-07 7.7871226e-07 7.9203e-08 0.00062826014 3.5373483e-07 5.2534936e-08 0.012560639 6.6230416e-07 2.47116e-08 2.9528184e-07 2.8922366e-07 0.0019582056 4.0893008e-07 6.315325e-06 7.258417e-07 3.4521616e-07 7.1939957e-07 1.8211426e-06
0.93771315 0.0013527521 0.30242884 0.006480692 7.560917e-05 2.9716613e-05 0.00085074565 3.0619478e-07 0.00048098533 0.67948484 1.5100188e-05 1.1089233e-08 0.010143406 9.85883e-07 0.8155569 4.1383513e-19 0.00508833 0.10699467 1.669833e-08 5.1949263e-07 0.02571831 0.114767894 0.009944825 5.726527e-08 0.0003601703 0.00020232903 0.015276757 4.6166844e-07 1.9562174e-06 3.903142e-08 2.103515e-05 0.045995858 0.11787863 0.2247635 0.021648912 0.031125987 3.771263e-07 2.659291e-06 0.00012299832 8.560115e-06 0.048344687 8.7984e-08 4.2949123e-05 0.064387545 0.0027026134 1.2468096e-05 0.0010908934 0.033467323 4.350411e-05 0.021996193 0.00011204328 0.012489388 0.006338417 0.0051966514 0.0027443632 0.00048406204 0.005357545 2.9140647e-05 0.003044068 0.038689464 5.6476074e-07 0.004287068 7.49633e-08 0.012667499 4.5386074e-07 0.0015038077 2.3211544e-06 0.0003560597 0.0023360334 0.0010972454 3.694011e-06 0.0022562828 5.489192e-05 0.0010072204 0.0053335237 4.758568e-06 0.0011410881 0.0043312884 0.00021631681 8.3256906e-05 1.0953609e-05 0.004153936 1.7942386e-05 2.8747022e-06 8.0890146e-05 4.4027228e-08 0.0029571203 2.530755e-05 2.7128167e-06 0.00088919234 6.37821e-05 1.4482382e-06 7.339577e-06 1.3653388e-05 0.0025682442 1.7503233e-05 0.00028377256 2.8798704e-05 6.9751377e-06 1.3340352e-05 3.176546e-05
0.99780524 0.07731621 0.11781126 0.018030975 0.0021501386 0.00020772198 0.10210606 8.9297555e-06 0.000120190794 0.018547976 0.00013702769 2.0007035e-07 0.0013769065 3.8216283e-05 0.0139847975 0.00508833 4.4328126e-12 0.0009872478 8.350185e-08 7.640258e-07 0.0012769382 0.001990466 0.0005503195 3.3796067e-07 0.00029789069 0.22369918 0.0015985508 7.403606e-06 2.3889907e-05 6.9900307e-07 0.03745752 0.0009093826 0.0056818253 0.0012973774 0.007921261 0.0014252015 2.8692432e-06 1.2217524e-05 0.00021800365 5.2391475e-05 0.0017209471 3.6409065e-07 0.070832364 0.0017473296 0.000612166 5.3479853e-05 0.00020994116 0.0018465953 1.1616319e-06 0.0016995337 4.5940873e-05 0.0008613623 0.0004984702 0.00035372746 0.0003821255 0.00015824416 0.002686209 0.03604348 0.008575952 0.0014204861 1.5134477e-08 0.0005694753 3.0058498e-09 0.0029942417 0.023252118 0.0006962023 3.037475e-06 0.00022333462 0.0004566022 0.00033475348 1.5752089e-07 0.00045932835 2.2295611e-05 0.00027815445 0.0019208385 2.2196473e-07 0.00029168386 0.0006123654 0.00010260775 7.82356e-05 6.5239806e-07 0.0021294334 7.2440234e-06 4.85673e-09 8.5655e-05 0.030007537 0.00049907056 8.141704e-05 3.3613894e-08 0.007174317 4.7355406e-05 9.790096e-09 5.160605e-08 2.428575e-05 0.00034228706 3.9478728e-05 4.253174e-05 1.6229016e-06 2.0535391e-07 5.490553e-07 9.943306e-06
0.98958623 0.0142648 0.092418864 0.024082102 0.0014069267 0.0042458777 0.0025803265 4.5021072e-05 0.006933373 0.39570776 0.00014171097 3.997091e-07 0.4296492 0.00052275363 0.0070594056 0.10699467 0.0009872478 1.3525308e-18 6.4917295e-08 1.2889966e-06 0.5349949 0.7900441 0.23080763 4.283022e-07 0.009559047 4.7043627e-06 0.15170904 6.666576e-07 7.800487e-05 1.6562846e-07 5.190059e-07 0.16092093 0.0025042822 0.14233992 0.00020346488 0.061950713 7.25312e-06 5.5504817e-05 0.0047941804 0.00024489008 0.0052228128 5.614655e-07 6.8006857e-06 0.023663966 0.029338263 0.0013118952 0.0145650245 0.012281852 1.9340216e-05 0.02274118 0.0025129209 0.032537743 0.026353752 0.024526294 0.017033013 0.0054486673 0.00011916973 7.8264065e-06 0.0018584968 0.0020221649 1.2431487e-06 0.013553735 3.6230617e-07 0.0011140952 3.5126536e-07 0.010582542 2.54714e-05 0.005452363 0.009681995 0.008380066 1.1077464e-05 0.006196898 0.0008793074 0.0056878845 0.0003198547 4.9029913e-06 0.0037953435 0.0027873968 0.0021891848 0.002014552 2.0008734e-05 0.0003610567 0.00017584638 6.1219976e-06 0.001244806 2.4728523e-08 0.00095364626 0.0010856081 2.154819e-06 1.9675077e-05 0.00050355133 1.0805567e-06 4.7856606e-06 0.00025283825 0.0002121786 0.0007804335 0.0012972952 0.00011172403 1.883156e-05 4.570794e-05 0.00039094884
0.8187972 0.010245196 1.1022633e-05 0.009539913 0.059193026 0.052731458 0.02718844 0.35315958 0.005534471 1.2449199e-06 0.029284565 0.8207439 8.863877e-05 0.00016917901 9.117187e-11 1.669833e-08 8.350185e-08 6.4917295e-08 1.2477532e-14 0.036281303 2.434185e-06 1.3647374e-07 2.2663375e-05 0.03102272 5.3336375e-05 2.404883e-10 3.3510735e-06 0.27803347 0.0043666395 0.5341135 1.09820625e-10 5.7871155e-08 3.4313202e-10 1.8702563e-08 3.1330366e-10 2.6034373e-08 0.016892398 0.0054703373 5.2351163e-05 0.002778363 3.837747e-10 0.14220694 8.193798e-09 2.0260271e-09 1.7129563e-05 0.0022938554 5.5816563e-05 7.2910056e-10 0.04135311 1.6499422e-07 4.441067e-05 1.1193146e-06 2.614552e-06 6.2528547e-06 4.942879e-06 0.000112095106 6.5697864e-10 1.1438623e-08 0.0048451335 7.4799117e-10 0.000107700325 5.415995e-06 0.5599786 1.40751695e-08 1.3744636e-08 0.00010066941 0.0023243302 0.00021153004 2.3072726e-06 0.000105453866 0.018755816 8.116972e-07 0.00011785519 7.714496e-06 1.8766992e-08 0.00027909165 8.9773806e-07 2.1342446e-06 2.7861238e-06 1.8210309e-05 0.0018013058 1.6726933e-07 0.00023527905 0.013039255 3.3426056e-06 8.187229e-11 4.495532e-06 4.5471925e-06 0.031778432 2.5417275e-08 5.027802e-05 0.024000457 0.014963395 1.4919491e-06 1.0987292e-06 1.7534097e-06 4.7207376e-07 4.791366e-05 0.0006752826 0.00028950005 2.2561373e-05
0.9469643 0.06464972 1.4244121e-05 0.00316218 0.052076392 0.003694704 0.23111519 0.08118607 0.00020254527 1.1995232e-05 0.5521524 0.038213316 2.3384102e-05 0.00038289686 3.0461543e-08 5.1949263e-07 7.640258e-07 1.2889966e-06 0.036281303 6.5353917e-10 3.3061362e-05 7.3940096e-06 6.7100904e-05 0.32927266 5.7633148e-05 4.5363487e-07 0.00015299566 0.42048904 0.0006105286 0.019925667 9.527611e-08 2.12752e-06 2.171421e-06 5.870203e-07 2.040229e-06 2.0397974e-06 0.0008408838 0.0007763088 7.385021e-05 0.001189611 5.0666216e-07 0.0048140804 2.0215334e-06 1.8332001e-07 0.00025652102 0.0008573955 0.00018740844 6.228191e-08 0.16243955 5.104865e-07 0.00016986935 1.1061708e-06 1.3037676e-05 3.101772e-05 3.877415e-05 0.0005281123 9.009796e-08 3.124213e-07 0.016604334 6.413921e-08 0.038879476 3.5127223e-06 0.058271017 6.060587e-07 1.1604758e-08 0.00049528567 0.00031980866 0.0005330742 1.5404071e-06 0.00042072867 0.0006810276 9.787371e-07 0.00015137727 4.326305e-06 5.5106545e-07 0.013694336 1.1939086e-06 6.98446e-07 6.078273e-06 7.058223e-05 0.00015192483 7.104835e-07 0.00018000581 0.00019790068 8.8462475e-06 2.4520283e-11 3.247473e-06 7.931896e-06 0.0022723272 1.11659624e-07 7.172063e-05 0.001453327 0.0012593298 3.294253e-06 2.912375e-07 9.07689e-07 6.02279e-07 8.712065e-06 0.00017538146 0.00015721648 1.4156002e-05
0.97378063 0.019437788 0.058050647 0.04400428 0.006719136 0.022977142 0.004200009 0.00090830517 0.035199042 0.12891068 0.0013481388 1.1095744e-05 0.37683144 0.0070587024 0.0054189637 0.02571831 0.0012769382 0.5349949 2.434185e-06 3.3061362e-05 6.309733e-17 0.59678453 0.74898136 0.0001174367 0.11667443 7.0762017e-06 0.53370756 1.1880145e-05 0.0026324776 1.03932325e-05 3.7288858e-06 0.33590904 0.0014712067 0.147906 0.00012374368 0.1312241 0.00043684157 0.0017018515 0.060479365 0.0034001698 0.002640954 8.769541e-06 5.8338093e-05 0.033888042 0.23148327 0.009718758 0.12675484 0.013592374 0.00041399046 0.05579927 0.030266974 0.13884264 0.17879912 0.17769139 0.13573392 0.046081707 5.6101486e-05 6.205145e-05 0.010535741 0.0011055318 5.368067e-05 0.07039324 1.4695976e-06 0.0007701378 2.695852e-06 0.053006157 0.00069716066 0.03194912 0.031847194 0.04029124 0.0003471576 0.024260513 0.0049532396 0.018421125 0.00012633193 0.00015924241 0.012824118 0.0025223591 0.014001746 0.010432882 0.0003746209 0.00012431356 0.0012266004 4.6850462e-05 0.0069428678 3.1621948e-07 0.00075352826 0.004902078 1.793527e-05 2.9269771e-05 0.0019961668 4.821631e-06 2.3278772e-05 0.0017559729 0.00016722316 0.002983362 0.0050712023 0.0005222812 0.00017632329 0.0003176366 0.001267846
0.93227804 0.0073715537 0.069118164 0.010450363 0.0016879039 0.0036272127 0.0027903798 8.299997e-05 0.004841207 0.23041135 0.00042038335 7.4663177e-07 0.18103291 0.00040081004 0.011926565 0.114767894 0.001990466 0.7900441 1.3647374e-07 7.3940096e-06 0.59678453 3.1333185e-17 0.31762683 0.000102489415 0.012614887 5.7263995e-05 0.26722234 2.2761399e-06 8.843502e-05 5.3037667e-07 1.8498507e-05 0.4650936 0.0073213344 0.44590193 0.0005865802 0.21935508 2.8547734e-05 7.154437e-05 0.008519853 0.00022478528 0.01779025 3.9428568e-07 0.00014317958 0.09581425 0.095618 0.0010744729 0.03818901 0.043028317 0.00032701608 0.1201088 0.0038627808 0.1420979 0.09311193 0.07467421 0.05269166 0.0106142135 0.00028465455 6.737227e-05 0.008937616 0.005971568 1.3762153e-05 0.04186024 5.5786336e-07 0.0029610542 7.208456e-06 0.022213552 4.7951147e-05 0.009200017 0.021326462 0.01409881 6.8989626e-05 0.019497918 0.0011278089 0.008444125 0.00060647394 8.907577e-05 0.009909862 0.0075243292 0.0042978916 0.0024028372 3.417629e-05 0.00075974 0.00014045135 3.1129202e-05 0.0014912307 3.681082e-07 0.0024016516 0.00097215374 4.160507e-06 0.0001316496 0.00040236366 2.9127102e-06 1.0359241e-05 0.0003894544 0.00069149816 0.00092632853 0.0066230707 8.688688e-05 2.2801103e-05 4.0117488e-05 0.00044484535
0.9688077 0.022364503 0.048552576 0.04141753 0.011530044 0.057271697 0.0048859874 0.001912456 0.051670697 0.10561251 0.0011330608 0.00013737784 0.42462447 0.016914522 0.0027297821 0.009944825 0.0005503195 0.23080763 2.2663375e-05 6.7100904e-05 0.74898136 0.31762683 3.9720065e-17 0.00012868484 0.3204251 1.4273525e-06 0.58726484 1.5260899e-05 0.0050932895 1.8736833e-05 3.8624486e-07 0.29095358 0.00055625505 0.06683179 3.8746683e-05 0.14423716 0.0009262367 0.0031074407 0.16377437 0.009465449 0.0008249976 1.8689523e-05 7.754489e-06 0.024072459 0.32386386 0.018728057 0.17572512 0.013040131 7.920895e-05 0.045950428 0.07460903 0.15940288 0.21792701 0.20937976 0.18914533 0.09107483 2.1018746e-05 9.688325e-06 0.0077893217 0.00024675735 8.507338e-06 0.09467831 5.2150597e-07 0.00024372236 3.2721914e-06 0.091389805 0.0011709813 0.05279378 0.04222642 0.06256333 0.00030757283 0.026499668 0.012776357 0.027130412 3.7209305e-05 7.4557984e-06 0.017003337 0.002514877 0.016552364 0.016953524 0.00072721264 3.814819e-05 0.003508088 4.8709753e-05 0.010978129 2.4241666e-07 0.0003537212 0.011107274 1.2572609e-05 6.5294057e-06 0.004074954 5.2203222e-06 2.8124769e-05 0.0036807156 7.2960334e-05 0.0062152487 0.006785385 0.0015164018 0.00025493724 0.0006708104 0.002467362
0.9329258 0.00019102167 1.9745132e-09 1.7783243e-05 0.005994315 0.00015483175 0.055630174 0.005855275 5.017042e-06 7.3790864e-07 0.4772524 0.020132404 1.2386068e-06 0.00063374586 7.0331665e-09 5.726527e-08 3.3796067e-07 4.283022e-07 0.03102272 0.32927266 0.0001174367 0.000102489415 0.00012868484 2.0864008e-09 0.0002323837 1.210013e-07 0.0004222153 0.11829366 0.002620437 0.035308108 2.6535098e-08 2.3840266e-05 4.0335152e-07 3.0475958e-06 1.2675706e-08 2.9498802e-05 0.0064714556 0.003664749 0.00021860677 0.004597787 3.3863064e-06 0.012530488 1.9655197e-07 6.128178e-06 0.00016632282 0.004371029 9.084676e-05 1.6490118e-06 0.092109166 4.9007194e-06 0.00023209643 3.970143e-06 8.219739e-06 9.643212e-06 2.0614369e-05 0.00026781045 1.2424628e-07 1.6687021e-07 0.054086354 9.374369e-07 0.05543166 5.8876813e-06 0.116241194 4.628391e-06 1.7308025e-09 0.00018433956 0.010528932 0.0005448449 5.672137e-06 0.00029080475 0.018932633 1.4803921e-06 0.0010249647 1.8504172e-05 6.951099e-08 0.16957295 1.4485184e-06 2.5271963e-06 1.43668785e-05 9.8247874e-05 0.004370443 1.4909769e-07 0.0016302598 0.004903041 9.272822e-06 9.56101e-13 3.809863e-07 1.9012467e-05 0.019780573 2.0331812e-07 0.00022407896 0.04420687 0.015058866 9.872106e-07 1.1466409e-08 6.925241e-06 3.408162e-08 0.00019849854 0.0019703854 0.0011724541 3.5933244e-05
0.95285875 0.0752456 0.023391195 0.08796443 0.018939275 0.13611314 0.0061666965 0.0062448075 0.24240544 0.0146014765 0.0013240558 0.0002603892 0.18662639 0.72107434 1.3506527e-05 0.0003601703 0.00029789069 0.009559047 5.3336375e-05 5.7633148e-05 0.11667443 0.012614887 0.3204251 0.0002323837 2.1004742e-18 3.4750753e-09 0.17092583 9.759052e-06 0.07426254 9.281488e-05 5.3184773e-10 0.0068143657 1.2386552e-06 0.0003210175 1.2317082e-07 0.0025099532 0.0049951407 0.020422105 0.7027678 0.044821963 1.8367587e-06 4.9240898e-05 3.643955e-08 0.00011802628 0.21270369 0.27381662 0.29205233 6.488328e-05 2.261374e-05 0.0014839275 0.3325854 0.010080151 0.039231032 0.057560243 0.06521492 0.19940281 1.0023662e-07 1.7579655e-08 0.0077350135 1.4548434e-07 2.1335322e-06 0.010067335 1.0770144e-06 1.8247136e-06 1.5818863e-06 0.042359564 0.011191156 0.1234823 0.005210798 0.056169443 0.0017835734 0.0024233188 0.07979904 0.0077195927 3.026985e-07 2.2210183e-06 0.0018348612 0.00022731897 0.015479 0.022127789 0.006780623 4.783728e-07 0.020826142 0.0005637002 0.011509571 3.783343e-08 2.2111075e-05 0.011154204 3.852149e-05 8.1309835e-08 0.024356307 1.7631236e-06 2.9369086e-05 0.0047871927 2.9657424e-06 0.0033034196 0.0006360516 0.010060641 0.0057546017 0.007556538 0.0082294075
0.96888846 0.0007642736 0.17033851 4.475787e-05 3.960171e-08 2.3278812e-09 0.0006459003 2.8997457e-11 3.826011e-09 0.004652536 2.1304722e-06 1.1029329e-11 4.120867e-07 1.8658977e-09 0.009897574 0.00020232903 0.22369918 4.7043627e-06 2.404883e-10 4.5363487e-07 7.0762017e-06 5.7263995e-05 1.4273525e-06 1.210013e-07 3.4750753e-09 9.986353e-16 8.6044265e-06 2.2774381e-08 2.8910225e-09 2.8988154e-08 0.8592603 2.6272694e-06 0.004507811 6.341932e-05 0.100061744 1.6390333e-05 5.7928555e-09 3.4775354e-09 1.0694128e-08 4.1030597e-09 0.00061249564 7.658129e-09 0.6657897 1.9303601e-05 3.3978725e-07 3.0306808e-08 2.3356043e-07 6.815083e-05 1.0323456e-06 7.262482e-05 1.645394e-08 8.8906845e-06 3.355786e-07 2.0049436e-07 5.6388537e-08 1.2815056e-07 0.009129061 0.2495011 0.008930195 0.00036831768 2.2511456e-08 1.6909514e-06 2.5310793e-08 0.000662951 0.00091796357 2.2971924e-06 2.2163982e-07 1.9864076e-06 2.6203954e-06 3.3893177e-06 1.0070071e-06 9.434419e-06 3.5076357e-07 2.1014887e-06 0.0015305236 1.5992362e-06 7.119428e-06 0.00025663548 1.2319954e-06 5.8920654e-07 2.0215013e-07 0.000853321 1.0007841e-06 5.3168577e-07 5.5936994e-07 0.00023572017 9.507448e-05 2.6823076e-07 5.5765085e-08 0.009437358 1.803168e-06 1.3833142e-07 4.7872646e-07 4.5911787e-07 0.00014223765 7.367337e-07 1.938458e-06 3.7058368e-07 4.582841e-07 5.9220065e-07 4.6270864e-07
0.9480383 0.028543778 0.038274974 0.020341212 0.0036719856 0.018606702 0.0037174548 0.0006311439 0.021104828 0.08569131 0.0009242677 8.0339676e-05 0.30760425 0.0143218655 0.006494269 0.015276757 0.0015985508 0.15170904 3.3510735e-06 0.00015299566 0.53370756 0.26722234 0.58726484 0.0004222153 0.17092583 8.6044265e-06 1.3271976e-15 6.512347e-06 0.0017180461 2.8839613e-06 3.337651e-07 0.5422933 0.001122198 0.12699874 0.00013984404 0.39413077 0.00012549401 0.00089619117 0.2101911 0.0023725717 0.003448531 2.017941e-06 2.0446741e-06 0.10422689 0.54227465 0.022407504 0.32314494 0.07292244 4.955821e-06 0.21744117 0.09990527 0.5054096 0.51935345 0.46880972 0.46556428 0.13544928 3.9832365e-05 1.7078434e-06 0.009845471 0.00165577 1.2672498e-07 0.33011684 4.264054e-07 0.002417118 3.0061697e-06 0.30025253 0.0022164756 0.12280001 0.19322556 0.15218957 0.00063082797 0.16542424 0.024881043 0.135833 0.00011480187 6.282235e-07 0.111385606 0.020008285 0.08560394 0.05575894 0.0010734748 0.00024021532 0.0047485614 4.152574e-05 0.053522658 6.028933e-07 0.0013672622 0.04402952 2.78678e-06 1.6862354e-05 0.00746555 3.321452e-06 6.42936e-06 0.020293519 0.0003052599 0.031534426 0.055627137 0.002309594 0.00035454237 0.0007032145 0.0060443394
0.887412 0.016062392 0.0001383819 0.02617146 0.18119591 0.050596643 0.092923366 0.4889954 0.0017838712 4.952164e-06 0.1388086 0.2725913 0.00010200577 0.00017784913 4.6151736e-09 4.6166844e-07 7.403606e-06 6.666576e-07 0.27803347 0.42048904 1.1880145e-05 2.2761399e-06 1.5260899e-05 0.11829366 9.759052e-06 2.2774381e-08 6.512347e-06 1.8108258e-14 0.0004827072 0.043275356 5.3245293e-09 2.3361748e-07 3.1514876e-08 1.8160412e-07 5.2425527e-08 3.107273e-07 0.0013526102 0.0012833592 8.666075e-06 0.0011568522 2.8597693e-08 0.015759552 8.65218e-09 2.4910687e-08 1.944595e-05 0.0006115168 7.652855e-06 1.0163229e-08 0.866203 1.8412476e-07 4.381479e-06 1.9106818e-07 3.5677928e-07 6.0573336e-07 5.076092e-07 1.6434582e-05 9.466742e-09 5.207778e-09 0.02602203 6.0629803e-09 0.01573448 3.237981e-07 0.4155619 2.5380794e-08 1.080369e-08 1.3117794e-05 0.0008436811 4.6604295e-05 1.5745931e-07 1.1325125e-05 0.0037144974 3.0955812e-07 1.5385873e-05 1.381176e-07 5.603718e-08 0.0032039126 2.8768724e-07 6.626813e-07 9.4751516e-07 9.213234e-06 0.0005523256 7.40511e-08 0.00011153645 0.0010886614 1.146255e-06 2.4581297e-11 3.562555e-06 2.9042295e-07 0.0050277472 2.9920717e-08 1.8578066e-05 0.003519993 0.0027944236 8.059845e-07 8.897364e-07 9.828438e-08 5.0209013e-07 7.2423586e-06 7.394868e-05 4.4410033e-05 4.3429477e-06
0.92764205 0.11925045 0.0065830583 0.12933975 0.043257717 0.26747116 0.009049884 0.050772563 0.40221453 0.0003726673 0.0020475653 0.009348774 0.017420169 0.63858265 3.3655212e-08 1.9562174e-06 2.3889907e-05 7.800487e-05 0.0043666395 0.0006105286 0.0026324776 8.843502e-05 0.0050932895 0.002620437 0.07426254 2.8910225e-09 0.0017180461 0.0004827072 3.0798478e-18 0.0054848436 7.8128637e-10 7.4574054e-06 9.883947e-09 5.9695526e-07 1.388611e-08 5.1808784e-06 0.6991989 0.7124109 0.021006204 0.73461545 1.121398e-08 0.016251357 7.5742285e-08 2.8099726e-07 0.0012714579 0.6496175 0.00746039 1.2478434e-07 0.00081358047 6.809746e-06 0.048052598 1.9648378e-05 0.000104122155 0.00034430265 0.00042846825 0.021480853 2.0698495e-08 8.973883e-08 0.013492405 8.137046e-09 2.2801602e-05 5.5959885e-05 0.0009194342 1.4630753e-08 7.075989e-07 0.0011150093 0.26857767 0.025241148 0.00014968046 0.010105229 0.1027969 7.901384e-05 0.031936057 0.0004157955 1.6935712e-07 2.8553533e-05 0.000113103866 7.282828e-06 0.0014080266 0.0061097993 0.08279078 8.9097725e-08 0.0513659 0.013725179 0.0011019198 9.919906e-09 2.882023e-06 0.0009075947 0.0024704523 8.9361016e-08 0.019196415 0.0004753928 0.0013948607 0.00059076963 3.2949038e-06 0.00018376032 6.3541374e-05 0.024246017 0.05101178 0.04582305 0.003904721
0.93816364 0.026978018 0.0001366916 0.013143585 0.12081768 0.12449572 0.027509095 0.42616925 0.011619074 1.3453908e-05 0.0071102395 0.21614496 8.9585905e-05 0.002571121 2.3338462e-10 3.903142e-08 6.9900307e-07 1.6562846e-07 0.5341135 0.019925667 1.03932325e-05 5.3037667e-07 1.8736833e-05 0.035308108 9.281488e-05 2.8988154e-08 2.8839613e-06 0.043275356 0.0054848436 2.769316e-15 1.0745245e-08 7.125854e-08 6.7500943e-09 2.0219014e-08 3.0423102e-08 5.9977786e-08 0.070877895 0.015648466 1.5825934e-05 0.007862485 1.4422143e-09 0.8049919 1.2626815e-07 7.213204e-09 3.692458e-06 0.0075610615 2.8119379e-05 5.318135e-09 0.01864092 2.1442543e-07 0.0001650628 5.3962464e-07 9.810097e-07 2.5258757e-06 2.0025523e-06 0.00020379714 1.141526e-08 9.1007315e-08 0.01662329 8.826953e-09 0.00048758715 1.5420724e-06 0.38818035 1.5783238e-08 4.065909e-08 5.3562442e-05 0.026661037 0.00035202884 1.1195643e-06 0.00010611515 0.092055656 1.9693146e-06 0.0009358586 2.8437153e-06 1.5147711e-07 0.00080702396 2.0361122e-06 1.6168441e-06 1.4859915e-05 4.2669835e-05 0.018081155 4.9159134e-08 0.0021494655 0.089598514 9.381868e-06 3.9708922e-10 3.8095163e-06 7.5766557e-06 0.045823615 5.4320353e-08 0.0003851345 0.01643401 0.017161278 7.6948845e-06 2.38418e-06 2.4675783e-06 3.0808712e-06 0.00034802547 0.0029516714 0.0013146951 6.754726e-05
