6.4205088e-37 0.7192823 0.30392876 0.8821632 0.9391558 0.55988127 0.8869223 0.5589282 0.8395718 0.35217103 0.5466225 0.8851444 0.044170476 0.37281024 0.006181652 0.30286428 0.085484415 0.14139488 0.9507839 0.96528107 0.015359017 0.02754005 0.029840564 0.2574738 0.004864521 0.2879202 0.0073086596 0.08367058 0.020608312 0.59910905 0.009354008 0.022954773 0.007972589 0.0029366473 0.0030666576 0.0023868454 0.006362057 0.008702628 0.0010336658 0.9865346 0.876556 0.007280936 0.0009157776 0.00095466495 0.9565811 0.001331398 0.9840268 0.0012328794 0.97861636 0.98304266 0.011355358 0.0012253809 0.004309959 0.0036050605 0.027835447 0.9905509 0.0015993941 0.7663363 0.0009302273 0.0022323667 0.9985466 0.99697906 0.0059268973 0.9954128 0.022017578 0.9925721 0.00013573862 0.0052553057 3.236542e-05 0.99025476 0.967594 0.0039456994 0.0033496523 0.00027910733 0.99884444 0.00016047867 6.9588685e-07 0.67047495 9.753329e-06 0.09147023 0.91528964 0.9311474 0.82407767 0.0001485886 0.9947745 0.99965405 3.4389604e-06 4.291201e-06 1.0234818e-06 0.9869442 0.23244737 0.63298887 0.06279417 0.9962458 0.016697569 7.1364394e-07 0.9955843 9.804916e-07 0.99722105 0.5930486 9.938432e-08
0.7192823 6.791923e-21 0.58502406 0.7932072 0.5764928 0.2837074 0.2352049 0.1565955 0.1506417 0.09529072 0.14613204 0.15841936 0.1519389 0.046941735 0.105190106 0.005179727 0.028914902 0.023061248 0.017499112 0.10318303 0.05951921 0.13250136 0.1269326 0.0063778483 0.07042308 0.0054978994 0.051919516 0.00021117931 0.046566058 0.0012496274 0.003961278 0.009780039 0.06242192 0.075452596 0.039261002 0.04571644 0.06050359 0.00072537985 0.028610786 0.019581039 0.29534534 0.009340155 0.028280156 0.039347213 0.09479588 0.032478545 0.14383282 0.031336024 0.019668339 0.06803688 4.5099707e-05 0.00010332695 0.0031379368 0.0096430695 0.0017034418 0.028915634 0.00033846745 0.008644697 0.011066547 4.3700507e-05 0.15445974 0.17566347 0.00089110824 0.025353437 0.00038903084 0.008785095 0.00018893399 0.00038944252 0.005420026 0.022929935 0.005693219 0.00020359647 1.3670332e-06 0.00017014156 0.03529756 1.8444181e-05 0.002307134 0.00022236657 0.0039890134 3.110788e-06 0.0011155827 0.0007134807 2.8369019e-05 0.00020737124 0.0037191105 0.034438495 8.844594e-06 1.5986485e-05 0.000274362 8.456043e-05 1.6893513e-07 0.0005388859 4.5749657e-06 0.0042652343 5.0247408e-08 1.4803718e-05 0.0051750415 0.0001461051 0.0030126735 4.638616e-06 4.9837417e-06
0.30392876 0.58502406 1.1096379e-24 0.23813406 0.2075332 0.75952715 0.6456069 0.035688713 0.03463979 0.026258783 0.48890883 0.150415 0.0648065 0.12934345 0.19042464 0.06275528 0.09845295 0.089833975 0.064345144 0.19593053 0.033035368 0.08328966 0.06918852 0.005005064 0.08647804 0.0027138288 0.08361001 0.008626525 0.03179751 0.021587262 0.029219573 0.009052073 0.036865447 0.053605642 0.058866404 0.05635371 0.03729457 0.009181453 0.041047536 0.09147576 0.27379626 0.026435845 0.038485426 0.031951718 0.16645536 0.01786228 0.039899528 0.019003041 0.008222524 0.020799411 0.0026683302 0.0017271078 0.0020646206 0.00350998 0.0002654358 0.011994981 0.0054164655 0.0044542886 0.002984281 0.00036352413 0.08675516 0.10666511 0.00040447348 0.037900213 0.0005127649 0.0033361206 0.0009626714 0.000116491574 0.0020136563 0.026698377 0.014055475 8.8681045e-05 0.00016238258 3.799182e-05 0.026063276 8.260916e-05 0.0012936332 0.0013676618 0.0022662524 0.0016389842 0.0029294682 0.0037290445 0.0014641257 5.027164e-05 0.006594954 0.025567828 9.962717e-06 1.37321185e-05 4.684932e-06 0.00095917715 6.0718976e-05 4.4709795e-05 0.0006918594 0.008160649 1.5487334e-05 1.0685366e-07 0.012067785 3.442897e-05 0.0071431682 0.0009643419 4.672991e-06
0.8821632 0.7932072 0.23813406 2.1155577e-20 0.76431066 0.12483968 0.1273721 0.33465743 0.42269474 0.29350471 0.11568324 0.23190534 0.28951335 0.07978448 0.14981844 0.009931063 0.054943338 0.036122583 0.010607413 0.084370136 0.19165853 0.2639385 0.27373102 0.03409918 0.0891168 0.014621305 0.06720895 0.0021217992 0.14580004 0.0024959808 0.0051851617 0.04521783 0.12329419 0.10937523 0.033084877 0.03345473 0.10316868 0.0021003417 0.019345447 0.013906256 0.07495845 0.010921889 0.016146986 0.06243355 0.040095825 0.028356414 0.3556384 0.023147054 0.060050443 0.25193346 0.00048101656 0.00058533147 0.013032294 0.021150686 0.0032812976 0.09104775 0.0016082892 0.010167561 0.015036148 0.0003020199 0.2514501 0.30224097 0.0018529929 0.016325666 0.0008657609 0.023789847 0.00030993135 0.0011555622 0.007823102 0.0077499766 0.0017159363 0.0009675463 1.0133224e-05 0.00036782888 0.046397544 1.3103878e-05 0.0022269373 4.0539624e-05 0.002631968 9.445456e-06 0.00018096436 0.00024535222 1.6321934e-05 0.0004876725 0.0020990914 0.0139168445 6.920131e-06 7.1220297e-06 0.0005779638 1.3475931e-05 7.804482e-07 0.0005720554 1.385687e-05 0.0016022085 3.9558662e-07 5.844351e-05 0.0024315796 2.8440289e-05 0.0009217216 1.1739011e-06 5.4369434e-06
0.9391558 0.5764928 0.2075332 0.76431066 1.9729482e-19 0.21916075 0.28890896 0.23200102 0.27042422 0.19699456 0.2330935 0.4600514 0.23296015 0.06413553 0.098376215 0.0045259544 0.04674558 0.04361015 0.012325791 0.07241882 0.11738201 0.1805915 0.17841715 0.01772521 0.066271305 0.013630544 0.05779255 0.00042796126 0.08549734 0.002230809 0.002657319 0.025080638 0.082058996 0.05980968 0.03452145 0.03192075 0.072901405 0.00072537677 0.013911981 0.012336392 0.09314902 0.011569813 0.013334483 0.038712244 0.05093583 0.028253919 0.34553745 0.023036359 0.068874404 0.22257397 0.00010056836 0.00015067555 0.0070779743 0.016005753 0.0030714169 0.09532164 0.00046372807 0.0111067565 0.01741624 7.627881e-05 0.2627195 0.29708 0.0012339681 0.028529674 0.0008782962 0.0140478825 8.3138606e-05 0.00042044732 0.008402654 0.017841892 0.0034839474 0.00035957978 1.9891638e-06 0.000296808 0.07627986 5.185737e-06 0.0017242383 5.016848e-05 0.0010785615 8.8763245e-06 0.00023157112 0.00026248378 2.2211147e-05 0.00019331153 0.0023971598 0.03038217 5.8119217e-06 3.7240065e-06 0.0002376317 4.0399485e-05 8.913109e-07 0.0009780426 4.1989774e-06 0.0014675759 7.3477494e-08 2.1578531e-05 0.0019794258 2.5828931e-05 0.0008027489 1.6799167e-06 3.0136848e-06
0.55988127 0.2837074 0.75952715 0.12483968 0.21916075 1.2238607e-24 0.6109305 0.02588058 0.029673498 0.021359244 0.7895943 0.4692675 0.044971187 0.09062017 0.15421484 0.043486636 0.07064809 0.058719236 0.05029054 0.1373914 0.038402084 0.062485173 0.05656432 0.0036106068 0.05925875 0.0013737227 0.05519486 0.008287725 0.024379132 0.014103483 0.023661269 0.0075131287 0.028664617 0.0430294 0.035794523 0.03634578 0.028470822 0.008772269 0.022705635 0.09002274 0.4044695 0.025486156 0.019901812 0.02682804 0.25157237 0.013481601 0.044518027 0.014442544 0.0071344026 0.021825485 0.0014166528 0.0008989928 0.0015434584 0.003421055 0.00011729097 0.011648098 0.0037232325 0.0025169596 0.0033439498 0.00022201524 0.14058441 0.13696772 0.00027660088 0.04173455 0.0002936647 0.0027072476 0.000391115 8.699666e-05 0.0016867766 0.0279334 0.012269281 6.9885915e-05 0.00017888131 2.3654899e-05 0.0491803 3.9879196e-05 0.00026202784 0.00029948755 0.0009776723 0.0013346467 0.0013699443 0.0016573489 0.0003553448 3.879475e-05 0.0029493528 0.037482712 7.207652e-06 6.796037e-06 3.4923369e-06 0.00027951138 3.352076e-05 2.7363674e-05 0.00039345297 0.0057377424 1.0717281e-05 8.876256e-08 0.01580377 1.7048695e-05 0.008032177 0.0004559332 1.7271576e-06
0.8869223 0.2352049 0.6456069 0.1273721 0.28890896 0.6109305 1.811093e-20 0.06105002 0.035713118 0.02720091 0.49526533 0.11834985 0.059307065 0.34578463 0.13559946 0.0720261 0.15028195 0.18677533 0.09421868 0.37600777 0.013863823 0.09691854 0.067193404 0.0011780368 0.072713204 0.0011168084 0.088932894 0.006648438 0.01030904 0.016136518 0.019106172 0.0011423435 0.023711978 0.02671997 0.047172256 0.037508566 0.022171333 0.0053349477 0.020547584 0.20162824 0.12881027 0.047563817 0.017576046 0.0103112515 0.042218238 0.010433827 0.0567438 0.00890062 0.008151042 0.0330479 0.0025359904 0.0008768514 0.00040961476 0.0011500345 0.00020579356 0.02889804 0.0017959018 0.0027393505 0.0010293943 0.00054045155 0.22189566 0.25552404 6.494203e-05 0.21424352 0.00038597742 0.0025466883 0.0005184424 2.99271e-05 0.0009372005 0.17192385 0.064874016 6.041697e-06 9.730915e-05 2.9222745e-05 0.15126197 0.00016916095 0.00034353256 0.0060738404 0.0015125193 0.0013323404 0.009015028 0.013878091 0.003959762 6.455195e-06 0.028053455 0.1441456 0.0001310206 0.00011723216 1.4808553e-06 0.004030934 8.121844e-05 0.00012333826 0.00048551656 0.02876024 6.269687e-06 3.8173024e-08 0.026463173 0.000542085 0.024884334 0.0011438468 4.3813598e-05
0.5589282 0.1565955 0.035688713 0.33465743 0.23200102 0.02588058 0.06105002 8.0112494e-19 0.6186915 0.7001289 0.02423395 0.0507117 0.45066917 0.00866097 0.07429312 0.0005720087 0.015387018 0.012329717 0.0039286283 0.032482985 0.35668868 0.2653821 0.3354573 0.10352223 0.041256916 0.09252301 0.03589673 4.6063713e-05 0.2519255 0.00030853262 0.0036666894 0.10108027 0.18824951 0.11530001 0.032258026 0.039066244 0.1522102 0.00043312652 0.04797066 0.0016349417 0.023496943 0.014156063 0.04238726 0.138469 0.013443027 0.06623303 0.13433371 0.057336777 0.102118 0.12449139 9.096709e-05 0.00032765226 0.055117313 0.071188405 0.022239208 0.109850325 0.0026482367 0.03278932 0.07600727 0.0002824833 0.09538772 0.08660971 0.009328005 0.009030384 0.0036837845 0.047594085 0.0006263246 0.0047177025 0.020172227 0.0039040342 0.0015158615 0.0032384675 1.1507265e-05 0.003044881 0.014198965 8.100231e-05 0.010363107 0.00012517486 0.0041158088 6.056147e-06 0.00033160212 8.170234e-05 2.2636892e-05 0.00967271 0.0011340267 0.004509735 1.6702863e-05 2.2345828e-05 0.0033322955 3.4975415e-05 7.562081e-06 0.0074160798 1.3226606e-05 0.000679034 4.3695505e-07 0.0024154645 0.0012427403 9.379367e-05 0.00010394576 2.0311349e-05 3.719068e-05
0.8395718 0.1506417 0.03463979 0.42269474 0.27042422 0.029673498 0.035713118 0.6186915 9.898229e-20 0.6420775 0.027597917 0.06495611 0.3926907 0.009292565 0.031078326 0.0017653118 0.010538425 0.0068114647 0.0048106746 0.022687208 0.35162842 0.097730465 0.2300355 0.32559994 0.023653198 0.13203466 0.016913256 0.00018445369 0.26214054 0.0004447102 0.0018109776 0.19827211 0.16554417 0.07633603 0.013653767 0.015928784 0.1298352 0.00058251154 0.01992758 0.0016535314 0.0107661765 0.005669379 0.015484034 0.08287706 0.0061879843 0.041702613 0.22845975 0.030881375 0.33769628 0.39355522 0.00012408686 0.00034080958 0.07125774 0.06745476 0.03167936 0.21426974 0.0016916313 0.08422702 0.04634785 0.00022547039 0.120354794 0.11703666 0.017649129 0.0033877084 0.0077556144 0.12400129 0.00024851869 0.007277701 0.010122688 0.0016668866 0.00037231916 0.0049145194 7.968646e-06 0.0052249418 0.013139714 8.074682e-06 0.001664811 8.531209e-06 0.00064567 1.6596533e-06 3.0322435e-05 2.6456275e-05 7.8239145e-06 0.0067147156 0.00043853608 0.0032638765 6.612839e-06 8.853768e-06 0.0037730515 4.1058843e-06 1.0825349e-06 0.0028995622 5.069805e-06 7.390426e-05 3.0957492e-07 0.0027432456 0.00023083972 2.4767245e-05 4.1701267e-05 2.6005304e-07 1.0883821e-05
0.35217103 0.09529072 0.026258783 0.29350471 0.19699456 0.021359244 0.02720091 0.7001289 0.6420775 1.790718e-19 0.019084286 0.044954512 0.5432984 0.014734879 0.060115334 0.0013075392 0.015634412 0.011444459 0.0025705756 0.031785645 0.38678035 0.21836749 0.32068238 0.17500122 0.034396004 0.09801684 0.042216934 0.00011221716 0.28026578 0.00037277592 0.0033273443 0.15884194 0.20626019 0.11171967 0.028937295 0.03546618 0.15159729 0.00046536676 0.03877222 0.0026781466 0.0133029185 0.008315146 0.035586204 0.14339629 0.006844227 0.058370296 0.0945956 0.048130956 0.08022903 0.0987838 3.8853697e-05 0.00021752599 0.055764284 0.06514285 0.020613065 0.068575 0.0017038155 0.03631399 0.056860812 0.00021872856 0.06394352 0.05481101 0.011416601 0.008405732 0.004465413 0.045454364 0.0003586874 0.006183088 0.015117394 0.0027267418 0.001654318 0.0040314584 3.1257046e-06 0.003461414 0.0083120465 2.348763e-05 0.0079968 8.1246006e-05 0.0025833526 1.2706777e-06 0.00023866212 4.2185464e-05 9.038912e-06 0.0078103985 0.00084116415 0.0023123745 7.563747e-06 8.454241e-06 0.004952961 1.537128e-05 1.3194183e-06 0.0063494346 9.006456e-06 0.000259498 2.5733604e-07 0.0032932123 0.0012305648 6.0106086e-05 8.237134e-05 1.5735505e-06 1.6741218e-05
0.5466225 0.14613204 0.48890883 0.11568324 0.2330935 0.7895943 0.49526533 0.02423395 0.027597917 0.019084286 1.4399283e-23 0.6770662 0.03861226 0.08824786 0.11364078 0.02669291 0.058829967 0.047753055 0.047705997 0.16662934 0.03066866 0.044712123 0.043390214 0.0014135496 0.03554284 0.00095643004 0.027118174 0.005217276 0.015423933 0.009236963 0.015715143 0.0039289654 0.018100616 0.027765753 0.017341627 0.01708361 0.016379513 0.005260368 0.011555836 0.10499537 0.47321406 0.017578295 0.010659624 0.01569116 0.32915038 0.0062119067 0.03837189 0.006908948 0.0037389973 0.015034528 0.0008406878 0.0006528671 0.00075313647 0.001629454 7.7231045e-05 0.00969143 0.0022937797 0.0012042567 0.0018267893 0.00020096426 0.13835353 0.15430687 0.00014757519 0.04987542 0.00012768706 0.0013562798 0.00015524916 5.5535897e-05 0.00071146537 0.035855986 0.013356628 3.5142926e-05 0.00013614779 1.0708852e-05 0.067816585 2.481169e-05 9.509007e-05 0.000120749144 0.00044142897 0.0006500155 0.0007833139 0.0008318639 0.00016045939 1.1092072e-05 0.002224931 0.036422443 3.4725629e-06 4.4357353e-06 1.0818816e-06 0.00014780465 6.1847295e-06 9.980272e-06 0.0001446444 0.0039511407 5.497991e-06 7.1776896e-08 0.018245302 1.456826e-05 0.0067125326 0.00028741127 9.634042e-07
0.8851444 0.15841936 0.150415 0.23190534 0.4600514 0.4692675 0.11834985 0.0507117 0.06495611 0.044954512 0.6770662 4.445982e-22 0.07092663 0.05252791 0.045849387 0.021551928 0.0341038 0.023794658 0.022717204 0.084530726 0.05402421 0.054377057 0.063101634 0.0050663734 0.01909314 0.0033957076 0.014312369 0.0040766215 0.032167878 0.0064224876 0.006951053 0.010637404 0.028997526 0.020658428 0.010165389 0.00915761 0.024719635 0.0037062033 0.0047262 0.04607316 0.42223105 0.006447172 0.004758816 0.018663822 0.28294638 0.0070601767 0.17858301 0.0064602913 0.012435886 0.08468594 0.00042958753 0.00024599303 0.002685602 0.004011516 0.00083752326 0.03595927 0.0006785436 0.0036604127 0.004486641 0.00010924956 0.30626655 0.3708234 0.00042061677 0.04168606 0.00020080103 0.0056921383 5.936528e-05 0.00013555402 0.0013085384 0.02941668 0.005373607 5.3315984e-05 4.8339585e-05 3.2183823e-05 0.13063245 5.017592e-06 0.00011895503 2.8237295e-05 0.000319523 4.8355407e-05 0.0003375943 0.00012723573 1.3158765e-05 1.977721e-05 0.0014781394 0.047627844 1.220416e-06 2.1863596e-06 5.114141e-06 1.4307005e-05 8.850978e-07 2.4990532e-05 5.1638966e-05 0.0014659974 1.7443499e-06 5.237948e-07 0.0053019314 5.8085916e-06 0.0014258174 2.8984081e-05 5.426937e-07
0.044170476 0.1519389 0.0648065 0.28951335 0.23296015 0.044971187 0.059307065 0.45066917 0.3926907 0.5432984 0.03861226 0.07092663 1.7414646e-21 0.055366993 0.17237283 0.0047876057 0.060986098 0.043219138 0.01096495 0.057906944 0.36276045 0.2481234 0.3699567 0.06880818 0.066817716 0.043460086 0.0486219 0.00023492792 0.29986408 0.00075504655 0.009606025 0.07559971 0.24895763 0.18772861 0.046614245 0.0567205 0.18901373 0.0003997614 0.10052654 0.0039598243 0.027557299 0.030604878 0.09297236 0.16436614 0.017512107 0.06805464 0.080738164 0.070365205 0.035202157 0.055160124 2.8941404e-05 0.00012381109 0.027811194 0.054847173 0.008100931 0.03325781 0.0053232913 0.009380366 0.042399105 0.0001429362 0.03265775 0.021628264 0.0027471308 0.0033597893 0.0036508706 0.014019864 0.001822366 0.00068869727 0.015053251 0.00046514336 0.0002861259 0.00038025656 1.1812429e-05 0.00084071344 0.0015144477 0.00015933235 0.007051634 8.7760374e-05 0.0043715416 5.9655064e-05 0.00018573273 0.0005567624 6.836089e-05 0.00037069593 0.0013143636 0.0023161604 2.8227537e-06 1.3939231e-05 0.00016963655 0.00017733664 1.6425025e-05 0.0034825357 4.4627322e-05 0.001985651 7.3899137e-06 5.573435e-06 0.0010919732 3.2518325e-05 0.00088062836 4.964698e-05 9.97366e-06
0.37281024 0.046941735 0.12934345 0.07978448 0.06413553 0.09062017 0.34578463 0.00866097 0.009292565 0.014734879 0.08824786 0.05252791 0.055366993 1.84167e-21 0.16120322 0.78126687 0.58258337 0.66476506 0.33267128 0.4522663 0.016396213 0.089683235 0.08857335 0.00016646675 0.08323967 9.3819435e-05 0.2171581 0.35270002 0.0051691667 0.20260923 0.30986422 0.0008366966 0.019122021 0.07167557 0.086593375 0.068026625 0.0148238875 0.18383205 0.07500864 0.22382452 0.021079328 0.2386286 0.054262605 0.021099726 0.007833976 0.015421197 0.002336859 0.017718898 0.00021583134 0.00044351773 0.048651587 0.03386209 0.00027668846 0.000811534 2.297852e-06 0.0002818837 0.060449656 5.758837e-05 0.0017801687 0.021393903 0.0084351385 0.008765734 6.9260664e-06 0.042223293 5.8257705e-05 1.9970741e-05 0.011613657 3.2672115e-06 0.0010270125 0.011848702 0.018920805 6.9473017e-06 0.005137784 8.978737e-06 0.0032974645 0.0051935054 0.00035152357 0.013380068 0.0010854834 0.027316814 0.012920822 0.027940167 0.021943199 6.984397e-06 0.027839297 0.0064464835 0.0008767221 0.0003031025 6.5879783e-07 0.012048448 0.0044600205 0.0005241277 0.004202695 0.026053349 0.0011430873 8.463271e-09 0.015113184 0.00019123584 0.026579445 0.00871532 8.59891e-05
0.006181652 0.105190106 0.19042464 0.14981844 0.098376215 0.15421484 0.13559946 0.07429312 0.031078326 0.060115334 0.11364078 0.045849387 0.17237283 0.16120322 1.3778553e-26 0.040490054 0.36885586 0.3595323 0.011679099 0.030886222 0.055009678 0.5323461 0.30281323 0.0016256929 0.6035275 0.0003701438 0.59822947 0.0014642096 0.029024916 0.0019376893 0.06932791 0.00247034 0.09173853 0.3093752 0.32622164 0.30837515 0.076516464 0.0038051545 0.21694061 0.0021359439 0.010499767 0.14623092 0.16049375 0.06352399 0.0042848685 0.065672 0.004231632 0.0802087 0.00041967418 0.0011163063 0.0002755953 0.00080758677 0.00023075718 0.0031364993 8.384211e-06 0.0014959918 0.030247482 0.0001677023 0.007407082 0.00046984738 0.00056862895 0.0009770292 5.3784156e-06 0.0008337307 1.4792273e-05 3.0709285e-05 0.002824073 3.5991773e-06 0.008474818 0.00011342413 0.00011592372 4.091027e-06 4.85473e-05 4.809266e-07 0.0001366774 0.0015504992 0.0015708847 0.00021569985 0.0052522547 0.00024632827 0.00047756537 0.00091067137 0.00017145833 3.0211393e-07 0.00016145545 0.00068138645 5.4857555e-06 8.2210456e-05 6.839926e-08 0.00017517385 1.2640309e-05 0.00021692914 0.00010289948 0.001260213 1.3730992e-05 4.9528015e-10 0.0007479096 4.2992113e-05 0.0016088008 5.1905838e-05 7.905171e-06
0.30286428 0.005179727 0.06275528 0.009931063 0.0045259544 0.043486636 0.0720261 0.0005720087 0.0017653118 0.0013075392 0.02669291 0.021551928 0.0047876057 0.78126687 0.040490054 1.1703726e-22 0.4766827 0.5780108 0.38925603 0.3364456 0.0030581832 0.013742455 0.018160691 4.8426984e-05 0.016195057 1.7820916e-05 0.043591823 0.73821837 0.0005515968 0.53754365 0.38763383 0.00020910554 0.0026773652 0.01499719 0.020049833 0.013949113 0.0017729454 0.40366414 0.028170224 0.123257056 0.0041410774 0.16545863 0.0146189 0.0050576716 0.0011463175 0.0021869352 0.00028173535 0.0025665131 5.923707e-05 0.000121459096 0.2515374 0.09871764 7.00339e-05 0.00020011779 8.9420746e-07 2.4140756e-05 0.06036186 1.9715422e-05 0.00065786525 0.051121075 0.0015974825 0.0019061405 3.6789497e-06 0.020743288 2.320598e-05 1.2362595e-06 0.008471925 8.321109e-07 0.0009000879 0.007942457 0.01423121 1.0225784e-06 0.011554502 1.5317216e-06 0.0009869545 0.0027713263 0.00024409709 0.017276308 0.00042655878 0.04548786 0.013262484 0.030302553 0.037469566 8.2920445e-07 0.011028402 0.003121152 0.0034421517 0.00028218844 3.1412634e-07 0.013501268 0.0065827915 0.00025626327 0.0058798483 0.019363772 0.002872366 1.7465712e-09 0.014408337 9.791471e-05 0.018340083 0.011518383 0.00011759326
0.085484415 0.028914902 0.09845295 0.054943338 0.04674558 0.07064809 0.15028195 0.015387018 0.010538425 0.015634412 0.058829967 0.0341038 0.060986098 0.58258337 0.36885586 0.4766827 7.9067876e-24 0.84260035 0.13593812 0.26664606 0.023013065 0.17644116 0.11747314 0.000295215 0.19771151 8.265052e-05 0.3987883 0.050333664 0.008346181 0.020549234 0.42128795 0.000604155 0.026558792 0.14432263 0.18074626 0.14780714 0.019627135 0.13291197 0.15671694 0.046395928 0.0050700977 0.29433775 0.11153577 0.03366568 0.0014486866 0.02708996 0.00197105 0.031005345 0.00015845256 0.00048622175 0.009941231 0.021563007 9.484988e-05 0.00087002805 2.225906e-06 0.00013027528 0.068285346 0.000107866734 0.0014813717 0.00531272 0.0008007033 0.001341617 1.4678103e-06 0.008174256 4.9350056e-05 2.086614e-05 0.010076206 5.9217865e-07 0.001101727 0.003954186 0.005548227 9.643566e-07 0.0011163771 9.886388e-07 0.0006640257 0.005736577 0.00047331053 0.008345724 0.002250325 0.0075665475 0.006066995 0.0057968856 0.0050637964 2.3115097e-06 0.0022301422 0.0019519156 0.00037848702 0.00089092436 5.610443e-07 0.002968247 0.0005378898 0.00022425491 0.001536829 0.008265459 0.000118879485 8.085789e-09 0.006270717 0.00045677854 0.007362635 0.0016610897 0.00012519064
0.14139488 0.023061248 0.089833975 0.036122583 0.04361015 0.058719236 0.18677533 0.012329717 0.0068114647 0.011444459 0.047753055 0.023794658 0.043219138 0.66476506 0.3595323 0.5780108 0.84260035 2.1356065e-23 0.14116874 0.2591654 0.014695634 0.17871207 0.11590269 0.00015214071 0.20323162 6.4246e-05 0.47362593 0.110267386 0.005918786 0.038588654 0.4968388 0.00044196373 0.020355893 0.12317236 0.19620389 0.14885408 0.015891323 0.21734063 0.14620976 0.038496822 0.0042555416 0.3706358 0.1074622 0.027330196 0.0013297172 0.025571749 0.0015256315 0.028878864 0.00010854668 0.00038540323 0.01566303 0.03148631 6.580023e-05 0.0006757255 1.6805417e-06 0.00015078955 0.06710589 8.430824e-05 0.0014113337 0.009291758 0.0015542211 0.0012841717 1.6425611e-06 0.0076676677 4.9157894e-05 9.6452895e-06 0.007839488 4.2227887e-07 0.00095469534 0.0047262 0.005502739 6.724812e-07 0.0016855112 1.2469947e-06 0.00078814296 0.0061120167 0.0004107165 0.0066256737 0.0027837323 0.008382096 0.0057883835 0.0077516465 0.00636796 2.166775e-06 0.0025257075 0.0025936193 0.0004327795 0.0008890732 4.5972425e-07 0.0036928952 0.00091481826 8.1239734e-05 0.0016507569 0.009096923 0.00015810161 9.934562e-09 0.009946133 0.00055128493 0.008991875 0.0018040952 0.00012576058
0.9507839 0.017499112 0.064345144 0.010607413 0.012325791 0.05029054 0.09421868 0.0039286283 0.0048106746 0.0025705756 0.047705997 0.022717204 0.01096495 0.33267128 0.011679099 0.38925603 0.13593812 0.14116874 2.9526315e-19 0.65554583 0.002360575 0.0053982898 0.0050592227 0.0006982899 0.006695418 0.0004478038 0.011265813 0.29514247 0.0017243839 0.75680816 0.1079212 0.0006438125 0.00265875 0.005117495 0.008010947 0.005950883 0.0027174507 0.093795285 0.008028772 0.65629685 0.013007889 0.0520218 0.0043904097 0.0024896904 0.0040647597 0.0025128718 0.002992091 0.0020360989 0.0007192792 0.0020916397 0.101606324 0.033435605 0.0006552442 0.0012936974 7.997565e-05 0.0009266264 0.021577856 6.647378e-05 0.0018132043 0.024020823 0.015113179 0.028774653 3.4354878e-05 0.43501866 0.00017677198 4.1244766e-05 0.0057442174 2.2220533e-05 0.000102959166 0.44922972 0.37686142 1.4202654e-05 0.013362074 7.472142e-06 0.04348754 0.0007977958 1.3050799e-05 0.22159909 0.00022399181 0.1857891 0.25504947 0.21045734 0.22632094 1.505297e-05 0.2446289 0.1679484 0.0012970596 0.00016519302 6.477775e-07 0.11557908 0.025969671 0.00019654984 0.02045115 0.3074578 0.011657076 2.7343596e-08 0.1810586 0.00016233735 0.26040155 0.120032065 3.4811987e-05
0.96528107 0.10318303 0.19593053 0.084370136 0.07241882 0.1373914 0.37600777 0.032482985 0.022687208 0.031785645 0.16662934 0.084530726 0.057906944 0.4522663 0.030886222 0.3364456 0.26664606 0.2591654 0.65554583 3.85288e-20 0.010537344 0.019479845 0.017814724 0.00092589227 0.017250443 0.00055515405 0.019574877 0.065977745 0.0058584474 0.28588954 0.045080356 0.0014565121 0.0066726706 0.008839224 0.010743745 0.008064141 0.004967495 0.022409847 0.0071958597 0.70215917 0.0642916 0.034326486 0.0039977594 0.0029345304 0.03208735 0.0015558146 0.050783098 0.0013852713 0.0036522148 0.016427547 0.021225203 0.0055203335 0.00050820643 0.0010432309 0.00013751115 0.003901808 0.005343168 0.00020683341 0.0008226281 0.0019959451 0.2115398 0.4481141 3.968237e-05 0.49783137 0.00010454095 0.00051681686 0.0006233927 2.436941e-05 0.00017332828 0.47559908 0.39789963 1.8192863e-05 0.003475323 1.9447941e-06 0.37917483 7.028983e-05 1.4042356e-05 0.06409363 6.8682726e-05 0.044817977 0.115403086 0.08709909 0.0477282 1.0382875e-06 0.15053122 0.3222311 6.156903e-05 5.2906067e-05 3.9078964e-07 0.040245548 0.009888879 7.602557e-05 0.009193539 0.19666499 0.0032592448 4.5696805e-08 0.2181427 8.398684e-05 0.21418649 0.039380062 1.6068136e-05
0.015359017 0.05951921 0.033035368 0.19165853 0.11738201 0.038402084 0.013863823 0.35668868 0.35162842 0.38678035 0.03066866 0.05402421 0.36276045 0.016396213 0.055009678 0.0030581832 0.023013065 0.014695634 0.002360575 0.010537344 2.4789647e-22 0.1678684 0.3136559 0.12140551 0.029875146 0.10269529 0.03183581 0.00022487299 0.5011342 0.0004439519 0.0037760823 0.24432692 0.35634756 0.14310125 0.027587354 0.03095708 0.31465772 0.00040429126 0.067044385 0.00073329057 0.0072379773 0.02199219 0.060939614 0.2395019 0.0044527017 0.0950073 0.037143882 0.08201166 0.033156823 0.032898385 2.0688776e-05 0.0001545718 0.093602374 0.15240093 0.025271388 0.028280944 0.0041834153 0.016953038 0.10482154 0.00035692923 0.0061852075 0.00793719 0.007911458 0.001383307 0.0047037313 0.019055407 0.0014922962 0.003365417 0.029397773 0.00016002126 8.629528e-05 0.0021999788 5.591307e-06 0.0035586185 0.0005781851 0.0002551026 0.0108947465 2.4780215e-05 0.0060945265 2.007592e-05 4.1662228e-05 5.8614314e-05 1.4090085e-05 0.012656424 0.00044697543 0.0009385354 2.34826e-06 1.3614887e-05 0.0060655293 3.9550287e-05 8.720561e-06 0.0033246754 1.7133665e-05 0.0009374512 1.4007131e-06 0.0019890938 0.0006924455 5.225465e-05 0.000468202 4.4986286e-06 1.0319927e-05
0.02754005 0.13250136 0.08328966 0.2639385 0.1805915 0.062485173 0.09691854 0.2653821 0.097730465 0.21836749 0.044712123 0.054377057 0.2481234 0.089683235 0.5323461 0.013742455 0.17644116 0.17871207 0.0053982898 0.019479845 0.1678684 2.3487894e-24 0.5734872 0.009712443 0.49664518 0.005019837 0.5331074 0.00062775647 0.10840111 0.0011007964 0.02076401 0.0113000525 0.3240285 0.4959972 0.38255575 0.3933542 0.27529764 0.0012608729 0.28762147 0.0017246759 0.008854575 0.25949556 0.29028323 0.15137844 0.0030715396 0.20938902 0.011523229 0.21629347 0.0039509237 0.004869443 0.00012718234 0.0009497462 0.0027533183 0.030899199 0.00042139005 0.006560296 0.02333356 0.0034483485 0.05460552 0.0006315844 0.0015795836 0.0020671668 0.00016986481 0.00091907603 0.0005978734 0.001435343 0.0055059562 5.774368e-05 0.032456797 0.00029391967 0.00022877677 5.1492225e-05 1.4043601e-05 2.8145592e-05 0.00042800678 0.003980366 0.0116449045 0.00010015756 0.026228992 1.848632e-05 0.00042124503 0.0001137796 1.1384553e-05 3.5998997e-05 0.00020615912 0.0014252436 1.455565e-05 0.00046690894 6.291493e-05 4.2271648e-05 8.044721e-06 0.0023375065 1.7021013e-05 0.0005981109 1.0790327e-06 8.571858e-07 0.0018949555 0.0013604045 0.0008058554 6.382289e-06 0.00013230031
0.029840564 0.1269326 0.06918852 0.27373102 0.17841715 0.05656432 0.067193404 0.3354573 0.2300355 0.32068238 0.043390214 0.063101634 0.3699567 0.08857335 0.30281323 0.018160691 0.11747314 0.11590269 0.0050592227 0.017814724 0.3136559 0.5734872 1.0216669e-21 0.032097764 0.261637 0.01994239 0.31080848 0.00064475345 0.266333 0.0011724127 0.013486366 0.03398017 0.4340429 0.425541 0.21828978 0.2325927 0.383292 0.0011120051 0.20102103 0.0010149976 0.009516983 0.15923364 0.19684318 0.24326919 0.0027351177 0.22296177 0.015506694 0.21954922 0.010851921 0.010672527 9.635072e-05 0.00068011624 0.012742224 0.056012433 0.0019050863 0.01104577 0.019179167 0.009184032 0.06960822 0.0007052101 0.00366823 0.0059431475 0.0004803138 0.0019289405 0.0020075107 0.0039183293 0.0071505527 0.00030170757 0.041019227 0.00070268486 0.0005411777 0.00023719383 9.121994e-06 0.00017713582 0.00084583095 0.0029649397 0.014538235 0.00013437016 0.021987006 1.9714089e-05 0.00046122176 4.0294173e-05 8.091517e-06 0.0008280086 0.000370653 0.0011537303 1.4329767e-05 0.00014815928 0.0007620745 3.500361e-05 8.71574e-06 0.0041776225 2.3899498e-05 0.0006009282 1.3156249e-06 6.8440866e-05 0.003062357 0.0005500283 0.00068123377 6.5136205e-06 7.473128e-05
0.2574738 0.0063778483 0.005005064 0.03409918 0.01772521 0.0036106068 0.0011780368 0.10352223 0.32559994 0.17500122 0.0014135496 0.0050663734 0.06880818 0.00016646675 0.0016256929 4.8426984e-05 0.000295215 0.00015214071 0.0006982899 0.00092589227 0.12140551 0.009712443 0.032097764 8.272444e-23 0.0017152582 0.83124846 0.0010744509 2.5217925e-05 0.12576269 6.318871e-05 0.0005303081 0.39197513 0.04830889 0.013242308 0.001692509 0.002167722 0.039075535 0.00010061249 0.0047555114 8.297915e-05 0.00020103651 0.0010294552 0.0035733625 0.030632911 0.00012938134 0.0099128205 0.030340087 0.0058204117 0.26470906 0.056862775 3.6011547e-06 8.048831e-05 0.16609047 0.06009599 0.30127192 0.061127663 0.00064742914 0.27877802 0.039498333 9.895425e-05 0.0032136852 0.0039845915 0.09190298 8.8324865e-05 0.0381718 0.10217002 0.00021712556 0.04307614 0.0041600456 3.5394205e-05 1.7940212e-05 0.022203704 2.5733889e-06 0.022036659 0.0004532105 3.0835727e-06 0.00017932951 3.0043211e-06 0.0001851214 5.092878e-07 3.8216153e-06 1.0827646e-07 9.2922215e-07 0.022904867 5.016903e-06 0.00043908932 7.6410447e-07 1.189717e-06 0.0023740735 3.1907717e-08 5.8886187e-08 0.006409446 4.933528e-07 1.6912979e-06 4.1105967e-08 0.0036217803 2.1967879e-05 1.1577577e-06 2.1216179e-06 3.2100978e-08 7.4119106e-07
0.004864521 0.07042308 0.08647804 0.0891168 0.066271305 0.05925875 0.072713204 0.041256916 0.023653198 0.034396004 0.03554284 0.01909314 0.066817716 0.08323967 0.6035275 0.016195057 0.19771151 0.20323162 0.006695418 0.017250443 0.029875146 0.49664518 0.261637 0.0017152582 2.9544784e-27 0.0005158778 0.64276284 0.00068400445 0.01690695 0.0011919236 0.030845974 0.0016619907 0.08026684 0.31113935 0.41451052 0.39951274 0.06637932 0.0017475147 0.2957309 0.0015174889 0.0046113976 0.19594148 0.24307032 0.059844416 0.0013985642 0.07044659 0.001924515 0.091690645 0.000599414 0.00069197785 6.9376656e-05 0.00046342274 0.00019908379 0.0024690628 2.0337884e-05 0.0011599085 0.03176823 0.00037456906 0.006667407 0.00039764238 0.00024964486 0.0007361276 1.4702937e-05 0.0007814225 0.00011623346 6.642993e-05 0.0050149565 2.95311e-06 0.007919818 0.00026501846 0.0003654779 2.819595e-06 2.7289478e-05 2.055219e-06 0.0002767101 0.003984732 0.0050070332 0.00036535767 0.01559594 9.942364e-05 0.0007809646 0.0010088388 0.00016204194 1.1020915e-06 0.0001434015 0.0009068092 1.4396996e-05 0.00028794352 9.530051e-07 5.8585643e-05 1.0216909e-05 0.00028284773 3.753459e-05 0.00095234235 1.530898e-06 1.0114299e-09 0.0010817884 0.00033221015 0.0008766958 2.3141312e-05 4.1125637e-05
0.2879202 0.0054978994 0.0027138288 0.014621305 0.013630544 0.0013737227 0.0011168084 0.09252301 0.13203466 0.09801684 0.00095643004 0.0033957076 0.043460086 9.3819435e-05 0.0003701438 1.7820916e-05 8.265052e-05 6.4246e-05 0.0004478038 0.00055515405 0.10269529 0.005019837 0.01994239 0.83124846 0.0005158778 5.439586e-22 0.00040850198 2.2480285e-06 0.106541306 1.8265253e-05 0.00011495107 0.4078853 0.04408905 0.006084224 0.00073352625 0.00090179034 0.03823232 8.784306e-06 0.0014496436 7.951312e-05 0.0002520688 0.00036626786 0.0014389297 0.022674397 0.00015228573 0.008554517 0.027092408 0.0044728545 0.14577647 0.04022947 3.9997377e-07 6.208113e-06 0.22029792 0.09165064 0.30734435 0.055929694 0.00028206172 0.18471844 0.07061924 8.037758e-06 0.003334039 0.0035840415 0.105286375 0.00011873515 0.025448162 0.057746246 0.00010956048 0.073453 0.009564783 8.778297e-05 6.217566e-05 0.045557972 2.175049e-07 0.03317959 0.00035451585 1.4213649e-06 0.0004313139 1.6201907e-06 0.0001361757 1.8312859e-08 4.470086e-06 1.953068e-07 2.0460716e-07 0.06971227 1.3454743e-05 0.00044138855 1.3590089e-06 6.3080927e-07 0.005320049 1.5278715e-08 3.1829228e-09 0.012153655 3.8888448e-08 4.3108976e-06 1.9288695e-09 0.008270348 3.248556e-05 2.564466e-06 5.152904e-06 7.917064e-09 7.991237e-07
0.0073086596 0.051919516 0.08361001 0.06720895 0.05779255 0.05519486 0.088932894 0.03589673 0.016913256 0.042216934 0.027118174 0.014312369 0.0486219 0.2171581 0.59822947 0.043591823 0.3987883 0.47362593 0.011265813 0.019574877 0.03183581 0.5331074 0.31080848 0.0010744509 0.64276284 0.00040850198 3.6309964e-26 0.0019882964 0.014564483 0.002928669 0.07855927 0.00087513536 0.10537643 0.38373372 0.57195646 0.5259641 0.08280949 0.0058160587 0.44558173 0.0020968555 0.0040652365 0.4210629 0.37318048 0.07245948 0.0011380733 0.113395005 0.0010709324 0.13731891 0.00027405837 0.00041920654 0.00033853765 0.0013587682 0.00011762152 0.0015187761 1.5814421e-05 0.0005861736 0.06598013 0.00035169424 0.0061946763 0.0012716064 0.00018581229 0.00069845363 1.0702134e-05 0.00073689915 0.00010905604 3.04112e-05 0.010750299 2.9096896e-06 0.010260199 0.00043543344 0.00056079216 2.420137e-06 5.7121906e-05 1.619568e-06 0.00040630443 0.009544364 0.0036309087 0.0007208577 0.014215196 0.00029759877 0.0011049615 0.0012340434 0.00021326068 1.2671079e-06 0.00019883845 0.0010360536 5.1700765e-05 0.0009418637 3.6438695e-07 0.00011313807 5.5300705e-05 0.00029316102 0.00012037123 0.0014777554 6.8946574e-06 1.1532005e-09 0.002083832 0.0006735024 0.0015240385 3.18025e-05 0.000120055156
0.08367058 0.00021117931 0.008626525 0.0021217992 0.00042796126 0.008287725 0.006648438 4.6063713e-05 0.00018445369 0.00011221716 0.005217276 0.0040766215 0.00023492792 0.35270002 0.0014642096 0.73821837 0.050333664 0.110267386 0.29514247 0.065977745 0.00022487299 0.00062775647 0.00064475345 2.5217925e-05 0.00068400445 2.2480285e-06 0.0019882964 8.396216e-22 0.00011550371 0.74206126 0.26382235 4.9181246e-05 0.00012571082 0.00027802767 0.0008096423 0.00040437956 5.934043e-05 0.4991972 0.00088434573 0.026974184 7.516787e-05 0.01864408 0.0002940994 9.217748e-05 3.223558e-05 3.633661e-05 2.859858e-05 3.198628e-05 2.7379177e-05 2.6967302e-05 0.66213375 0.2618708 2.0921852e-05 1.5485059e-05 2.9708448e-07 2.9860502e-07 0.027969742 2.5937034e-06 6.380832e-05 0.12355605 0.00011037598 0.00026867024 6.547716e-07 0.006925423 1.1198249e-06 8.170222e-08 0.003146326 2.4509157e-07 5.7677633e-05 0.00263738 0.0055064578 2.4834605e-07 0.032446194 1.016279e-07 0.00015927873 0.00028531635 7.4192976e-06 0.010027647 1.7299626e-05 0.061477046 0.00757791 0.019121788 0.040187076 1.01268576e-07 0.0037425149 0.0011654948 0.005249198 2.0729856e-05 2.04641e-08 0.010932346 0.010582229 1.3073683e-05 0.0061381278 0.009448389 0.00806281 1.2451358e-10 0.008936547 2.2787724e-06 0.010600071 0.009791714 3.9675388e-06
0.020608312 0.046566058 0.03179751 0.14580004 0.08549734 0.024379132 0.01030904 0.2519255 0.26214054 0.28026578 0.015423933 0.032167878 0.29986408 0.0051691667 0.029024916 0.0005515968 0.008346181 0.005918786 0.0017243839 0.0058584474 0.5011342 0.10840111 0.266333 0.12576269 0.01690695 0.106541306 0.014564483 0.00011550371 2.1370593e-21 0.0003545591 0.0010796636 0.3260347 0.37742335 0.08534026 0.014891354 0.019443138 0.32817358 7.5529824e-05 0.03363731 0.0010176863 0.0033340119 0.010663589 0.031334482 0.2477455 0.0013692887 0.093017675 0.025166262 0.075260594 0.03773181 0.02440367 2.7850585e-06 6.38166e-05 0.13944812 0.241332 0.03865241 0.020225927 0.0027837907 0.023758894 0.15602638 0.00022230847 0.0073192334 0.0091091115 0.0145856105 0.002966552 0.006099262 0.020081911 0.0007339682 0.0082695745 0.038041566 0.0010962032 0.00062041153 0.0055478597 1.1671798e-06 0.0042138183 0.001702331 6.0821036e-05 0.007287939 0.00010251396 0.003604053 8.664208e-06 0.0001279732 2.873215e-05 1.1667976e-05 0.020755863 0.0003878073 0.0010136081 1.2901834e-06 2.9792789e-06 0.014180398 6.2968866e-06 1.6963379e-06 0.005208204 2.7914405e-06 0.0003600401 1.4023993e-07 0.007283569 0.0012519164 1.084323e-05 0.0003279705 1.4133534e-06 2.8396396e-06
0.59910905 0.0012496274 0.021587262 0.0024959808 0.002230809 0.014103483 0.016136518 0.00030853262 0.0004447102 0.00037277592 0.009236963 0.0064224876 0.00075504655 0.20260923 0.0019376893 0.53754365 0.020549234 0.038588654 0.75680816 0.28588954 0.0004439519 0.0011007964 0.0011724127 6.318871e-05 0.0011919236 1.8265253e-05 0.002928669 0.74206126 0.0003545591 4.438499e-19 0.09791455 0.00012215922 0.0004827638 0.00076658576 0.0019836128 0.0012999882 0.00043028558 0.20370717 0.0035102228 0.22062339 0.0003910721 0.026928151 0.0014734443 0.00077301345 6.967476e-05 0.00083257107 0.00010737256 0.00067785283 9.173661e-05 0.000107952044 0.5727918 0.08462496 0.0002743086 0.00042489663 4.2621127e-06 1.1801292e-05 0.03037165 9.486242e-06 0.0010677153 0.07189933 0.0016333878 0.0013681453 8.738818e-06 0.047591437 3.097146e-05 1.060949e-06 0.0064869616 3.6914475e-06 0.00010573643 0.03325052 0.049365774 3.4511263e-06 0.041077968 3.6738838e-06 0.001624784 0.0016390568 1.0295284e-05 0.13348196 1.9253519e-05 0.42697227 0.09520131 0.16731356 0.27565202 4.6178666e-06 0.06375728 0.018633785 0.0054171267 9.6249874e-05 5.221985e-08 0.15769888 0.0458754 6.851584e-05 0.024712505 0.10795366 0.024979884 1.2178436e-09 0.04810229 6.6557614e-06 0.103360765 0.110643655 2.6203645e-05
0.009354008 0.003961278 0.029219573 0.0051851617 0.002657319 0.023661269 0.019106172 0.0036666894 0.0018109776 0.0033273443 0.015715143 0.006951053 0.009606025 0.30986422 0.06932791 0.38763383 0.42128795 0.4968388 0.1079212 0.045080356 0.0037760823 0.02076401 0.013486366 0.0005303081 0.030845974 0.00011495107 0.07855927 0.26382235 0.0010796636 0.09791455 6.002838e-23 0.00020946578 0.004541405 0.02244163 0.038194425 0.029617077 0.0037844754 0.5545404 0.069961645 0.011183447 0.000777835 0.37026942 0.040353186 0.0036134385 0.00031132932 0.005070209 0.00020612139 0.0061876294 0.0001499688 0.0001741838 0.09304851 0.25560558 3.2630094e-05 0.00015116202 5.1563457e-06 9.586143e-06 0.22613102 7.801804e-05 0.00084503397 0.04743218 0.00019471494 0.00045869933 3.750745e-06 0.0046144486 3.960347e-05 4.2989095e-06 0.03976405 2.4640412e-06 0.00083956483 0.0022032103 0.0038300515 3.6212673e-06 0.0047806045 8.0707747e-07 0.00061455404 0.013645411 0.00014210505 0.008353061 0.00075716863 0.01663286 0.0077568274 0.007941476 0.010761537 8.843494e-07 0.0026708748 0.0012618557 0.005319643 0.0017594671 3.8288513e-07 0.010088167 0.004587201 0.00014945451 0.0030258035 0.014608357 0.0011551963 1.8578684e-09 0.0144955795 0.00011150816 0.016866032 0.005781402 0.0001985542
0.022954773 0.009780039 0.009052073 0.04521783 0.025080638 0.0075131287 0.0011423435 0.10108027 0.19827211 0.15884194 0.0039289654 0.010637404 0.07559971 0.0008366966 0.00247034 0.00020910554 0.000604155 0.00044196373 0.0006438125 0.0014565121 0.24432692 0.0113000525 0.03398017 0.39197513 0.0016619907 0.4078853 0.00087513536 4.9181246e-05 0.3260347 0.00012215922 0.00020946578 1.370561e-22 0.06727308 0.015127221 0.0009103253 0.0014202152 0.05307531 8.286764e-05 0.004315682 0.0003577638 0.0008113939 0.0011707082 0.0037534526 0.060768962 0.00043036725 0.013900847 0.01696432 0.009523493 0.08235464 0.028247366 6.4964856e-06 7.8209865e-05 0.37885845 0.12332061 0.1702698 0.024184192 0.0006929522 0.067793556 0.053974487 0.00016803863 0.0022903502 0.0028268604 0.0657837 0.00032842092 0.017769633 0.028853571 0.00025958387 0.03096673 0.0067983232 4.7528512e-05 5.413689e-05 0.01808187 3.6627534e-07 0.0279375 0.000334726 2.3048455e-05 0.0014778152 4.6288897e-06 0.00015842477 4.92428e-06 1.2197302e-05 2.9175087e-06 2.7734548e-06 0.038314573 3.9845814e-05 0.00051724183 1.7443483e-06 1.9475783e-06 0.005879353 1.2755769e-06 2.5943466e-06 0.005869417 1.7944276e-06 2.0490612e-05 1.4965498e-07 0.008448321 4.472587e-05 2.7948154e-06 2.0993026e-05 1.0569565e-07 8.9258003e-07
