2.5816583e-32 0.98965955 0.9872936 0.982754 0.89077955 0.9929717 0.99126774 0.88529134 0.9602485 0.6379572 0.9555089 0.8154754 0.64287484 0.9655676 0.9818403 0.9489109 0.988342 0.3703861 0.9604207 0.92786336 0.98133785 0.7410194 0.9511564 0.6448071 0.993134 0.9858863 0.9879317 0.9559215 0.97482115 0.7919893 0.16039418 0.4465459 0.047913004 0.063038506 0.8340141 0.36257294 0.95749724 0.33745247 0.08255996 0.8657601 0.7391278 0.93677026 0.28669092 0.66617095 0.4010698 0.98898166 0.990355 0.33953324 0.1633903 0.017178446 0.074785836 0.08275918 0.057748113 0.024587676 0.011208283 0.043930124 0.45319748 0.020984089 0.39061648 0.013132928 0.038008485 0.03042776 0.0049073584 0.92145663 0.36563048 0.92379826 0.0074011013 0.0049769906 0.08988386 0.119066775 0.00842529 0.761035 0.003589071 0.051131584 0.0033631485 0.006973928 0.00049144536 0.020248817 0.9960088 0.00048229538 0.0021540404 0.8386063 0.00905241 0.013521137 0.024341475 0.7938433 0.0014147351 0.00047361598 0.7874099 0.002398738 0.0012009668 0.0012939825 0.9588386 0.99696076 0.0007539816 0.00092725223 0.0017192311 0.006849771 0.044796165 0.0031932974 0.001457338
0.98965955 2.3825278e-19 0.18522286 0.11305529 0.2968876 0.633758 0.23759852 0.1283696 0.115167804 0.120625466 0.10113842 0.21712168 0.2158851 0.12187775 0.12277257 0.0026409794 0.3375745 0.14697947 0.17445296 0.0012187955 0.023669116 0.122674815 0.0007412371 0.025025664 0.013075337 0.4161238 0.2144469 0.0058624744 0.4055391 0.017936444 0.028715268 0.004679023 0.037411474 0.036637086 0.0016855143 0.0012677034 0.0020460028 0.04036907 0.021246959 0.00021032311 0.0044497265 0.00066670345 0.017600419 7.227369e-05 0.0073233666 0.052700493 0.34821233 0.013429347 0.01588068 0.010866378 0.009073421 0.004652474 0.012781768 0.016028559 0.0073729283 0.0058593466 1.9279885e-05 0.005906691 0.00045244413 0.0076584443 0.0037222386 0.0036639243 0.0065658474 0.00082399073 0.025218187 0.0023447115 0.001183991 0.0059940317 0.0013910772 0.000720846 0.003444861 0.018880837 7.6186414e-05 6.1978144e-06 1.580634e-05 0.0008180198 0.0022139542 2.9184033e-05 0.13102546 0.0086567635 1.8968278e-05 0.0008207282 9.800364e-07 2.3033932e-05 2.1079823e-06 7.128795e-05 1.0544104e-05 0.013052674 4.887986e-06 2.3800615e-06 2.5512934e-06 6.040933e-07 0.00017845364 0.022628756 2.1046888e-07 1.3881954e-06 1.2607887e-05 1.6227714e-06 4.6244216e-07 3.99785e-07 7.042104e-06
0.9872936 0.18522286 1.8929612e-21 0.44325405 0.06477522 0.11574219 0.4067866 0.028683793 0.019869445 0.114690915 0.012227608 0.0243393 0.058323298 0.0069127344 0.00917603 0.14201064 0.016931703 0.035404395 0.005174553 0.05272564 0.0010703278 0.009659477 0.035298117 0.09975601 0.0006953735 0.35717386 0.063581236 0.00022912699 0.16867495 0.0010098076 0.040469084 0.031803787 0.015275069 0.014645561 0.07945042 0.020907702 8.3784675e-05 0.0070992075 0.025673088 0.004070462 0.00016614003 0.011073208 0.0016591416 0.0027172137 0.0002636934 0.009667407 0.34952414 0.0010696339 0.0020378793 0.0034844575 0.0011317147 0.01019153 0.0030875616 0.006745315 0.003100857 0.0009573431 0.0010645406 0.0079159485 2.3876602e-05 0.0068121427 0.00037861321 0.0004231184 0.0026335435 3.2724518e-05 0.053936508 0.02046784 0.0023401808 0.0029230493 0.0001889738 0.00016171095 0.0005111922 0.06629567 0.00022229849 1.0212213e-05 0.00016750026 0.00017963281 0.00034710363 3.0068022e-05 0.060598183 0.00041247794 4.1965093e-05 5.121508e-05 4.7962218e-05 2.6043652e-05 6.2546496e-06 1.1795931e-06 0.00011112121 0.00064516807 3.28963e-07 9.166071e-05 1.7936449e-05 2.9515418e-06 0.012922068 0.003909151 8.2450515e-06 5.0227893e-05 5.6912402e-05 2.3594505e-06 2.7861117e-07 2.2474978e-05 6.1744754e-06
0.982754 0.11305529 0.44325405 8.963128e-22 0.015378497 0.06911216 0.4291584 0.004359163 0.002714449 0.07814967 0.0018861472 0.0059884805 0.012787724 0.0009146521 0.0019460169 0.20205246 0.006864419 0.009016426 0.0011962123 0.096163325 0.00031296807 0.0035138282 0.076535895 0.095611975 0.00033635448 0.32338953 0.032811478 0.00010008203 0.11332136 0.0002677356 0.027163964 0.027712295 0.0067379694 0.0062903743 0.11262549 0.022201074 4.4677872e-05 0.002571413 0.018531634 0.004951169 8.0968326e-05 0.022410965 0.00058815733 0.0031585693 7.6906406e-05 0.003735061 0.32975006 0.00033476658 0.0010042776 0.0019991247 0.0005700915 0.009904311 0.0018082542 0.0036823184 0.0015630051 0.00054806995 0.0016709126 0.0073180012 1.2687759e-05 0.0052654594 0.00018147317 0.0002317728 0.0011855513 6.637771e-06 0.047676206 0.032426916 0.0017366401 0.001460461 0.00012364399 3.9106817e-05 0.0002740362 0.07796667 0.00032523985 1.6842093e-06 0.00025432094 8.5975e-05 0.00014595942 9.699807e-06 0.06006286 0.00021234843 8.039049e-05 3.8963753e-05 9.960044e-05 8.705504e-06 8.2433644e-07 6.0883013e-07 0.00011372525 0.00034707633 2.2251916e-07 0.0001277292 7.552932e-05 8.715389e-06 0.022681724 0.0035774612 1.414874e-05 6.471829e-05 0.00011877886 4.9681785e-07 1.653573e-07 5.6090474e-05 2.8966795e-06
0.89077955 0.2968876 0.06477522 0.015378497 1.831658e-21 0.22582981 0.08029829 0.61426306 0.5905554 0.091864586 0.34333846 0.3313937 0.41109 0.19476025 0.14643721 0.0009375568 0.7350858 0.16804609 0.12354447 0.0010624832 0.01864684 0.12076474 0.00031506404 0.0072566913 0.009572623 0.16927889 0.12889583 0.006543859 0.18679903 0.018038837 0.033238582 0.0017343552 0.09031299 0.113728724 0.0008046778 0.0004192333 0.002050324 0.048000786 0.032253046 8.8735185e-05 0.0034919973 0.00019244626 0.0234486 2.8500292e-05 0.013172421 0.04663004 0.125102 0.010399749 0.020144232 0.044737767 0.013758028 0.0035504978 0.032960944 0.032095805 0.033279683 0.011549486 9.625774e-06 0.0054406035 0.00093262614 0.007770043 0.006688927 0.0062478124 0.0177758 0.0013477558 0.0033882526 0.00055766845 0.0012769565 0.023356948 0.002032061 0.0015235821 0.004540803 0.0006012555 0.00030058718 0.00015545585 5.7096586e-05 0.0014189873 0.008356587 0.00017037294 0.014411195 0.016507564 2.4235842e-05 0.0014005671 1.0531576e-06 0.00013420367 5.4434528e-05 2.8715414e-05 1.4735109e-05 0.0064034616 1.0545481e-05 8.3058285e-06 9.825894e-07 1.0668866e-06 6.137796e-05 0.009700534 6.52255e-07 7.593706e-06 7.555139e-06 2.036061e-05 8.48754e-06 4.3796592e-07 2.8660641e-05
0.9929717 0.633758 0.11574219 0.06911216 0.22582981 2.7981948e-19 0.13908343 0.09803908 0.08948279 0.06735328 0.093721546 0.11126006 0.14955136 0.09570982 0.10551722 0.0010555156 0.65315926 0.09632586 0.062076524 0.0007878487 0.028294085 0.055606388 0.00032958025 0.0129631935 0.011788015 0.33866522 0.25655192 0.006002077 0.39456272 0.025818016 0.012109501 0.002900096 0.026712684 0.02134668 0.00040227216 0.0008898255 0.0027051312 0.03724636 0.009299285 0.000113988994 0.004752999 0.00019900025 0.013651351 2.7312493e-05 0.0068252045 0.052799266 0.26298335 0.0058199344 0.008825103 0.005924151 0.005460851 0.0013776704 0.007178906 0.006607469 0.0048859776 0.0034534102 9.884583e-06 0.0023907116 0.00068661146 0.0030506188 0.0025520967 0.0028169705 0.0057426887 0.00089106796 0.021451384 0.00084025617 0.00058533624 0.005930884 0.0012206286 0.0009373613 0.0028483893 0.0051753744 5.6960616e-05 3.5126e-05 1.9472263e-05 0.001092142 0.0016123935 0.00011513573 0.14286669 0.0038194826 1.532222e-05 0.0010530362 2.36775e-06 8.380665e-05 2.1003158e-05 5.8357684e-05 2.4635421e-05 0.012304409 9.269542e-06 1.0256339e-05 3.3688511e-06 1.2004392e-06 1.2206798e-05 0.022998715 4.0129538e-07 6.9809475e-06 8.3918585e-06 9.85687e-06 9.696199e-06 1.4427942e-06 3.0317087e-05
0.99126774 0.23759852 0.4067866 0.4291584 0.08029829 0.13908343 5.1342325e-20 0.048924964 0.02734064 0.13005705 0.013603435 0.03865136 0.060339674 0.015035626 0.013717543 0.20360935 0.016344655 0.039642688 0.01435686 0.0857144 0.0027515318 0.02030224 0.05524758 0.10862268 0.0020942136 0.28548932 0.030759128 0.0009058065 0.09116831 0.004729757 0.03178435 0.040273584 0.011700714 0.0119906645 0.0373371 0.028475402 0.00036184004 0.01736707 0.018569175 0.012412686 0.0010321513 0.0108191995 0.0043882933 0.0067619644 0.0013001823 0.0065890793 0.26034462 0.0019350817 0.0034446307 0.0034909532 0.0022153417 0.007786692 0.004179354 0.0045239306 0.002921631 0.0014354271 0.0044634417 0.0052177315 0.00010880578 0.0037074902 0.00054601993 0.000251829 0.0037995772 0.00023431575 0.048590858 0.011827997 0.0012336134 0.0026808346 0.00046864944 0.000323119 0.000713738 0.060607586 0.00016640245 5.9701673e-05 8.801442e-05 0.0001591659 0.0011503339 4.5981018e-05 0.14025667 0.0015288001 4.207313e-05 3.4649987e-05 9.1457354e-05 5.658379e-05 1.2724343e-05 4.219538e-06 0.00025546 0.0019357959 1.3574793e-06 0.0001729998 3.417746e-05 1.5952612e-05 0.004447022 0.003971957 1.9323401e-05 9.454491e-05 5.640782e-05 5.7836237e-06 6.4512653e-07 2.5970212e-05 7.269286e-05
0.88529134 0.1283696 0.028683793 0.004359163 0.61426306 0.09803908 0.048924964 9.0648445e-21 0.5033839 0.067607574 0.34693432 0.50984544 0.5007323 0.2615879 0.15497561 0.00043676805 0.5735166 0.3091556 0.24928762 0.00026009584 0.036903683 0.23442043 4.1949927e-05 0.0017009444 0.017010985 0.11424835 0.15607333 0.009814478 0.16435532 0.028931025 0.025436435 0.0006176287 0.11016254 0.1469106 0.00066715374 9.087934e-05 0.0038169243 0.07285561 0.03090513 2.1695983e-05 0.0055471137 4.5535126e-05 0.04300394 5.892394e-06 0.023479795 0.076821215 0.084679596 0.029639807 0.05242853 0.047119357 0.025180088 0.0039681676 0.06040406 0.036814887 0.030270552 0.027223073 1.525078e-06 0.006660635 0.00070803234 0.008511673 0.012694509 0.010135487 0.022748912 0.0031198156 0.003633207 0.00056609104 0.0010967292 0.028675811 0.0047943196 0.0024429902 0.009271139 0.0002940318 0.00023857724 0.00018063986 1.5878693e-05 0.003274914 0.012445805 0.0001374047 0.010441064 0.02596998 7.662561e-06 0.0020776824 2.1454387e-07 0.0001220344 0.00010303548 0.000121973666 6.34228e-06 0.012108086 3.123483e-05 2.5767065e-06 1.4854666e-06 8.582786e-07 2.8503635e-05 0.018372245 1.7436072e-07 2.1846815e-06 5.0374133e-06 3.017353e-05 2.1480166e-05 1.1855347e-07 2.5132693e-05
0.9602485 0.115167804 0.019869445 0.002714449 0.5905554 0.08948279 0.02734064 0.5033839 7.309558e-20 0.04242593 0.6748183 0.23517157 0.22665045 0.4839973 0.32833368 0.00016575702 0.617707 0.12563853 0.224614 6.0486644e-05 0.07299959 0.1421394 1.708012e-05 0.00087325077 0.023869758 0.112774216 0.16651885 0.016018542 0.18696776 0.044867754 0.012828582 0.00031228058 0.07857499 0.0827463 0.00027617993 4.1065676e-05 0.005868401 0.07294294 0.015156608 1.1030499e-05 0.009213696 9.991606e-06 0.047485013 1.2836971e-06 0.03104731 0.09816908 0.07364339 0.026924279 0.04501622 0.029145353 0.02723824 0.0014952268 0.03806679 0.018233735 0.019017614 0.021606278 7.8122866e-07 0.0032662975 0.001366976 0.0037650035 0.012219709 0.014181751 0.013056308 0.0027814314 0.0018427428 0.00028979202 0.0008901294 0.022101006 0.0058050784 0.003246413 0.007573232 0.00017790901 0.0001285585 0.0002658011 1.5532209e-05 0.0034854945 0.008671363 0.0002867419 0.0155465705 0.017187929 6.5303957e-06 0.0035479895 1.6025223e-07 0.00022768653 0.00013862296 0.000111796726 5.5695778e-06 0.0047854013 4.418537e-05 2.7252297e-06 6.161126e-07 5.366874e-07 1.5250626e-05 0.02836056 1.7366307e-07 2.6307644e-06 5.000104e-06 3.110938e-05 3.5030927e-05 1.3106265e-07 3.697661e-05
0.6379572 0.120625466 0.114690915 0.07814967 0.091864586 0.06735328 0.13005705 0.067607574 0.04242593 5.7776425e-19 0.03336621 0.22219038 0.37257457 0.030886354 0.024152337 0.014690456 0.015707958 0.3285103 0.03647767 0.027586332 0.005211523 0.09674285 0.024231076 0.39932474 0.0017758458 0.060072385 0.016526109 0.0023387698 0.040729273 0.007997986 0.50551283 0.20783119 0.15241496 0.2753273 0.011834863 0.05451895 0.0004955845 0.06552437 0.431585 0.012245812 0.0019832456 0.020153891 0.03150635 0.014429485 0.008358847 0.0035921242 0.03119932 0.015124741 0.04085211 0.072588824 0.02176378 0.21298502 0.07750699 0.17040327 0.058652394 0.023183517 0.00311419 0.13041607 0.00018199118 0.103743635 0.011210553 0.007748587 0.033309877 6.835451e-05 0.005489226 0.021323945 0.03205716 0.01567283 0.00826135 0.0033942119 0.0069074593 0.0055961437 0.00834644 0.00016088998 0.0020224177 0.0017409009 0.007326685 0.0005082731 0.00569073 0.009367757 0.00029285252 9.379488e-06 0.00017530302 0.00038688348 4.7540754e-05 1.1026108e-06 0.0001428502 0.015179421 4.5005785e-07 0.0002952243 3.783526e-05 2.5335514e-05 0.0059334296 0.003590658 3.6759113e-05 0.000111223315 0.000556518 1.698887e-05 1.0181003e-06 1.28998845e-05 5.513614e-05
0.9555089 0.10113842 0.012227608 0.0018861472 0.34333846 0.093721546 0.013603435 0.34693432 0.6748183 0.03336621 2.7225193e-20 0.19877194 0.18135527 0.6546687 0.4872956 9.939794e-05 0.5722273 0.122759685 0.31001976 1.8234203e-05 0.18204255 0.16231897 8.507305e-06 0.00044562743 0.051155273 0.09354087 0.26945734 0.037413456 0.24593481 0.07000437 0.011217034 0.00032818955 0.09023027 0.09670809 0.00013696525 2.6721766e-05 0.012503242 0.10790561 0.013479384 7.2921407e-06 0.020125542 2.2005945e-06 0.07461694 5.046166e-07 0.055523362 0.18322699 0.06692909 0.045017168 0.07084735 0.03122772 0.04610519 0.001325222 0.05953387 0.013245819 0.018368041 0.036868747 3.362741e-07 0.0020199649 0.0036070414 0.002550548 0.024595303 0.023562016 0.010644147 0.0058687846 0.0009086656 0.000111035195 0.00047600275 0.02526397 0.0085787205 0.0051435763 0.009381583 3.292942e-05 4.100052e-05 0.00058543147 4.873761e-06 0.0041543306 0.008935814 0.0004648986 0.018725688 0.012495018 2.0858129e-06 0.0080571985 1.18417994e-07 0.00034228037 0.00024031477 0.0003751427 1.7433654e-06 0.0025348978 0.00015710061 2.0613534e-06 8.915944e-08 1.0896781e-07 4.753384e-06 0.043080203 7.366342e-08 1.2353272e-06 1.1045652e-06 5.8238704e-05 0.00012316808 7.0922404e-08 4.4088265e-05
0.8154754 0.21712168 0.0243393 0.0059884805 0.3313937 0.11126006 0.03865136 0.50984544 0.23517157 0.22219038 0.19877194 3.1875023e-21 0.6522364 0.23608503 0.17661305 0.0011733288 0.34488067 0.5800397 0.4208198 0.00048760953 0.054659046 0.46592063 0.00014013347 0.0047299424 0.04097837 0.06722006 0.12823129 0.02588113 0.095187664 0.046278175 0.07002371 0.0028801518 0.21992631 0.29212198 0.0012950603 0.00036024427 0.0095504 0.12361731 0.08623834 0.00011478489 0.010425433 0.00011098322 0.086077414 4.653714e-05 0.028789796 0.08945782 0.043174062 0.07668183 0.15189253 0.09497281 0.043019142 0.013303554 0.12628368 0.0915496 0.0692511 0.045833945 2.2922009e-06 0.013063121 0.0013505529 0.021008072 0.021220123 0.015213035 0.057621423 0.005219626 0.0013045971 0.0009266568 0.0030230128 0.048141226 0.009722512 0.0047392687 0.018923558 0.00079180923 0.00019388055 0.00024540137 1.6254782e-05 0.0043697264 0.018158067 0.00016654296 0.0114185605 0.04173974 3.9201454e-06 0.0012598855 1.6182364e-07 0.00012239057 0.00017527779 0.00020272208 1.6161274e-06 0.024081033 4.55731e-05 2.3850898e-06 5.206751e-07 2.7128132e-07 2.9231636e-05 0.022881735 3.9278394e-08 1.189016e-06 2.8019542e-06 5.1825955e-05 1.11921045e-05 3.5775322e-08 2.6908985e-05
0.64287484 0.2158851 0.058323298 0.012787724 0.41109 0.14955136 0.060339674 0.5007323 0.22665045 0.37257457 0.18135527 0.6522364 2.6115055e-22 0.19855548 0.112879306 0.0023604266 0.30877185 0.6682973 0.28014544 0.0018157158 0.029868709 0.475817 0.00063427706 0.009390184 0.018630398 0.085016854 0.14166534 0.009392791 0.12117605 0.028577844 0.10097631 0.0041454006 0.21619244 0.3561815 0.0021407402 0.0007346892 0.0040581366 0.055101115 0.12525408 0.00052536826 0.0064314944 0.00090258033 0.038428966 0.00025909816 0.012867204 0.055487968 0.059926797 0.026339341 0.09133222 0.11173589 0.023225907 0.014882835 0.12573364 0.10742772 0.086813115 0.031436168 1.2000472e-05 0.014691009 0.0013952552 0.028537711 0.013750688 0.0064213607 0.052133746 0.0025763467 0.0014802576 0.0019957044 0.002046544 0.036348812 0.0043981164 0.002584193 0.013098095 0.0010683095 0.0001624332 0.00019890824 2.0307105e-05 0.0022084862 0.015819114 8.224057e-05 0.011908351 0.030350171 8.877221e-06 0.00027968368 5.225868e-07 6.455265e-05 4.710583e-05 7.0879505e-05 2.0551859e-06 0.01607879 1.2769771e-05 2.5527588e-06 1.7622107e-06 6.833044e-07 0.00021215451 0.010955745 3.633198e-08 1.2285635e-06 4.7197495e-06 1.6048962e-05 4.6299933e-06 3.3783387e-08 1.051397e-05
0.9655676 0.12187775 0.0069127344 0.0009146521 0.19476025 0.09570982 0.015035626 0.2615879 0.4839973 0.030886354 0.6546687 0.23608503 0.19855548 1.0549606e-18 0.47298792 7.6232995e-05 0.2725039 0.1491783 0.48974758 3.1935866e-05 0.24532618 0.23731835 1.1767364e-05 0.000429548 0.12258561 0.09630659 0.23042431 0.109072775 0.21703956 0.12441523 0.01141475 0.00024217836 0.07381384 0.08149844 0.000103378006 1.7809465e-05 0.05142332 0.15620333 0.014330007 5.9228e-06 0.057827882 2.6133107e-06 0.10546881 1.0497253e-06 0.08273993 0.22603938 0.085942544 0.08665607 0.090871215 0.030487254 0.06054644 0.0012032929 0.06539129 0.021129517 0.019207507 0.044746503 1.4126223e-07 0.0029785917 0.0090388395 0.004372782 0.031184832 0.03295721 0.014786993 0.017109737 0.0012510016 0.0001676292 0.00039932437 0.023547286 0.019991893 0.015171915 0.020450024 0.00014600703 2.5687657e-05 0.0009833984 3.3809883e-06 0.010607484 0.008411373 0.0010405526 0.02523114 0.017650263 1.3808567e-06 0.009820405 3.423277e-08 0.0006367067 0.0004539264 0.00102597 1.3521212e-06 0.003744057 0.0004946909 1.1187936e-06 2.1710493e-07 1.7859911e-07 3.3638557e-06 0.072939865 1.1421592e-07 6.249412e-07 1.3116826e-06 0.00010019941 0.00016004598 3.9329368e-08 8.6034306e-05
0.9818403 0.12277257 0.00917603 0.0019460169 0.14643721 0.10551722 0.013717543 0.15497561 0.32833368 0.024152337 0.4872956 0.17661305 0.112879306 0.47298792 3.8684382e-17 0.00014315227 0.19022693 0.08760093 0.38992068 3.630152e-05 0.4584098 0.18511035 9.657938e-06 0.00050235074 0.30474645 0.10173761 0.29055896 0.17281187 0.3147781 0.18140778 0.0058943364 0.00015165168 0.06425788 0.050929554 0.00014137026 1.2824814e-05 0.109041885 0.15667805 0.005829581 6.697435e-06 0.10576319 1.9829474e-06 0.11106812 9.721139e-07 0.10880855 0.31315643 0.1283386 0.088549174 0.073561974 0.020316605 0.056321163 0.00051992387 0.04435371 0.010328849 0.009751655 0.03408369 1.7812452e-07 0.0014262479 0.026355071 0.0016318011 0.026830493 0.03460322 0.006896733 0.034048807 0.0010069602 0.000113040456 0.00027890166 0.012857728 0.022024058 0.024063751 0.014284674 0.00011186893 1.1522563e-05 0.0017363504 1.8246823e-06 0.008686133 0.0038671782 0.0022234102 0.0469259 0.008076169 1.2179662e-06 0.018490158 4.8110017e-08 0.0010331322 0.00038976892 0.0010281847 2.661727e-06 0.00094005064 0.0003521213 1.2474002e-06 2.1316072e-07 3.433093e-07 2.1967887e-06 0.10203793 1.1158086e-07 7.422861e-07 9.336192e-07 0.00011418169 0.00015840995 4.024883e-08 0.00010251719
0.9489109 0.0026409794 0.14201064 0.20205246 0.0009375568 0.0010555156 0.20360935 0.00043676805 0.00016575702 0.014690456 9.939794e-05 0.0011733288 0.0023604266 7.6232995e-05 0.00014315227 2.4202596e-19 0.00012825456 0.0029571077 6.0823357e-05 0.44015682 2.6547947e-05 0.00091987394 0.27991503 0.07150593 2.9074079e-05 0.063017145 0.00048964703 5.5050577e-06 0.0042427364 2.9565212e-05 0.0072105164 0.03352057 0.0039498955 0.0019904403 0.30174634 0.084486805 2.4985015e-06 0.0010079213 0.0031885852 0.0719089 5.824223e-06 0.08195031 0.00028509414 0.049256034 7.2998782e-06 9.308809e-05 0.07130707 2.450112e-05 0.00035145384 0.0008917464 0.00023075455 0.0027310243 0.0011970116 0.0012412018 0.0009619409 0.00030624022 0.020488555 0.001573163 1.8937602e-07 0.0012275166 0.00019019167 7.4149866e-05 0.0015941914 7.441924e-08 0.081569225 0.04667787 0.0013150575 0.0025922654 1.8527126e-05 6.8813424e-06 0.000767465 0.6476232 0.0008384351 1.034982e-07 0.00057464384 8.355838e-05 0.00014378686 2.3080825e-06 0.021293001 0.00041012678 0.0006587533 1.4568718e-07 0.00016633375 2.5094002e-06 7.141801e-08 5.2298965e-09 0.0007289808 0.00080174545 1.7515821e-09 0.005090119 0.0037517848 0.0011539031 0.025080139 0.00022091632 0.00091624755 0.002380047 0.0037458232 1.838093e-07 3.225466e-08 0.0005263833 5.391352e-06
0.988342 0.3375745 0.016931703 0.006864419 0.7350858 0.65315926 0.016344655 0.5735166 0.617707 0.015707958 0.5722273 0.34488067 0.30877185 0.2725039 0.19022693 0.00012825456 1.7939324e-18 0.15940462 0.18877238 5.9875976e-05 0.052268483 0.16125031 4.6854122e-05 0.0015622965 0.025715979 0.110195614 0.71968645 0.01567266 0.32202858 0.048167717 0.0038405452 0.00024621506 0.03250242 0.025651788 2.8316419e-05 3.89454e-05 0.0050475528 0.04795504 0.0037706865 3.4229372e-06 0.012463332 4.076858e-06 0.023214282 5.253141e-07 0.015018443 0.09177563 0.07722553 0.018725768 0.01523047 0.00810818 0.010357345 0.00024373073 0.011815392 0.0056663714 0.0048485585 0.0071167243 5.6526805e-08 0.0005926753 0.0014422936 0.00065062987 0.0048051313 0.0047497703 0.00383874 0.0013306839 0.002723896 2.931592e-05 3.0905045e-05 0.0071940487 0.0032815107 0.0024617212 0.0042830817 3.911174e-05 1.37507395e-05 2.6693084e-05 3.1397435e-06 0.0019568538 0.0036945066 0.0001566028 0.16672711 0.0073749362 3.0872038e-06 0.0012309614 1.8734267e-08 6.0538634e-05 2.7325245e-06 9.662576e-05 1.7118613e-06 0.017152017 3.150819e-05 1.0973949e-06 3.3940023e-07 1.6410948e-07 2.940179e-07 0.06783296 3.9914745e-08 9.1300046e-07 1.7571964e-06 6.0507926e-07 2.3130754e-06 3.2770224e-08 1.0480033e-05
0.3703861 0.14697947 0.035404395 0.009016426 0.16804609 0.09632586 0.039642688 0.3091556 0.12563853 0.3285103 0.122759685 0.5800397 0.6682973 0.1491783 0.08760093 0.0029571077 0.15940462 1.2035785e-22 0.25219688 0.0019571134 0.028505031 0.56749177 0.00080637546 0.0096945 0.020897182 0.04447305 0.08385551 0.009283658 0.059573933 0.031449668 0.14951044 0.0058156457 0.34922904 0.5381364 0.0023817453 0.0011538217 0.0035046618 0.093032055 0.18300422 0.0005986128 0.0066039595 0.0008066089 0.073798686 0.00020800863 0.015398924 0.051016938 0.02495203 0.038781226 0.11986069 0.19257292 0.034591947 0.02113093 0.1745055 0.1981227 0.15921126 0.044481255 2.1046306e-05 0.017435221 0.0017551022 0.036137804 0.018644359 0.008713312 0.09680102 0.002796791 0.0006555349 0.0015317268 0.0025313732 0.05686142 0.0046185497 0.0020006045 0.014452919 0.0010624549 0.00017306498 0.00025660248 3.282213e-05 0.0032712305 0.017649129 0.0001575599 0.009793526 0.03489404 1.595494e-05 0.00060610066 6.4415144e-07 9.345278e-05 0.00014748177 0.00018810444 2.803892e-06 0.020713279 3.4224628e-05 2.566602e-06 2.1814046e-06 6.473803e-07 9.3581744e-05 0.011687243 5.9054223e-08 1.0272329e-06 6.1282017e-06 3.733973e-05 2.075102e-05 3.683612e-08 2.1234611e-05
0.9604207 0.17445296 0.005174553 0.0011962123 0.12354447 0.062076524 0.01435686 0.24928762 0.224614 0.03647767 0.31001976 0.4208198 0.28014544 0.48974758 0.38992068 6.0823357e-05 0.18877238 0.25219688 4.1605432e-19 4.077055e-05 0.22919898 0.56620604 1.5705515e-05 0.00045905312 0.13888787 0.04089371 0.098326415 0.24224694 0.07409369 0.36743242 0.015113545 0.0002774672 0.10492522 0.12157586 6.218711e-05 6.876508e-06 0.11416097 0.32340318 0.01988134 7.204934e-07 0.19157879 7.960719e-07 0.26517478 9.659502e-08 0.21904424 0.15240937 0.03399682 0.27273253 0.23763424 0.058609847 0.12563168 0.0018748738 0.16115195 0.03775821 0.031781152 0.10764884 2.9097837e-08 0.002231775 0.05004306 0.0070066904 0.08345159 0.06915017 0.025146391 0.0585481 0.00022917395 5.2730928e-05 0.00032514744 0.039205942 0.07262671 0.055784203 0.043183964 0.000120179684 1.49840635e-05 0.0042953407 2.2820955e-06 0.02409203 0.014148437 0.003321619 0.0142559325 0.0303681 6.896501e-07 0.02078443 1.5776678e-08 0.0021025273 0.0014535745 0.005936197 2.5397222e-07 0.013856269 0.0023143454 1.9570952e-07 1.5143277e-07 4.695613e-08 2.7083731e-06 0.10132336 8.032557e-09 1.3951758e-07 9.715559e-07 0.00019441433 0.0007591842 1.6476426e-08 0.0004584369
0.92786336 0.0012187955 0.05272564 0.096163325 0.0010624832 0.0007878487 0.0857144 0.00026009584 6.0486644e-05 0.027586332 1.8234203e-05 0.00048760953 0.0018157158 3.1935866e-05 3.630152e-05 0.44015682 5.9875976e-05 0.0019571134 4.077055e-05 1.9345825e-18 5.3553326e-06 0.0002388527 0.7312068 0.20379667 3.2264754e-06 0.016846145 0.00027277548 2.85167e-06 0.001912136 3.6220703e-05 0.026278548 0.13145597 0.0041042557 0.0034826603 0.38626215 0.36653268 8.0596675e-07 0.001143753 0.012901152 0.3471622 2.3186433e-06 0.42961445 0.00024074671 0.318013 2.1515756e-05 4.5490426e-05 0.02627395 3.602895e-05 0.00048448762 0.0026881683 0.00030862677 0.011643284 0.0030312794 0.0024597202 0.0025549703 0.0011744942 0.07461155 0.0046332646 1.047859e-06 0.0038585507 0.0006170841 5.016231e-05 0.0030633865 2.9591487e-08 0.017238997 0.10208552 0.0037877702 0.0017962556 0.00010953227 3.818142e-05 0.0009333922 0.33088586 0.001647426 1.9791312e-06 0.0012017149 0.00013143811 0.000104114515 1.5394151e-05 0.0064166347 0.0002348744 0.000437532 1.7504199e-07 0.0020023226 3.217305e-05 1.3399073e-06 5.554976e-09 0.00069575396 0.00065117015 3.624482e-09 0.008055089 0.00090833334 0.0008707543 0.053677056 8.8668276e-05 0.002904317 0.0033338845 0.0015317627 2.9180985e-06 9.095282e-08 0.0028072584 2.3987226e-05
0.98133785 0.023669116 0.0010703278 0.00031296807 0.01864684 0.028294085 0.0027515318 0.036903683 0.07299959 0.005211523 0.18204255 0.054659046 0.029868709 0.24532618 0.4584098 2.6547947e-05 0.052268483 0.028505031 0.22919898 5.3553326e-06 2.9145624e-18 0.08230976 2.4112467e-06 0.00019419752 0.65298146 0.03247745 0.16349262 0.32744732 0.153784 0.18738334 0.0027983745 0.00016154895 0.029125787 0.019746784 4.4688266e-05 1.00982925e-05 0.30625156 0.13620816 0.0029273105 4.0181335e-06 0.16091213 9.691702e-07 0.09595681 4.0888682e-07 0.1206296 0.30183285 0.06608341 0.0910062 0.062723584 0.01044068 0.05729616 0.0004525296 0.027002897 0.003235527 0.005341757 0.03212895 3.853986e-07 0.00090217014 0.04545114 0.0012130104 0.030602636 0.040327463 0.003751216 0.036542032 0.00033502205 1.6861308e-05 0.00037676684 0.01231713 0.02738947 0.028345661 0.011161642 2.712108e-06 1.1905097e-05 0.007265142 5.8539367e-06 0.009233945 0.0032204168 0.0053742016 0.032325167 0.005261083 3.334137e-06 0.042660102 5.372651e-07 0.0046799686 0.004878463 0.0040228097 1.8434325e-06 0.0008340858 0.0012996127 3.5683663e-06 2.4073762e-07 3.005085e-07 1.4729476e-07 0.097576514 2.681852e-07 1.5240848e-06 1.7897755e-06 0.0017587598 0.0015238066 1.1883635e-07 0.00081502734
0.7410194 0.122674815 0.009659477 0.0035138282 0.12076474 0.055606388 0.02030224 0.23442043 0.1421394 0.09674285 0.16231897 0.46592063 0.475817 0.23731835 0.18511035 0.00091987394 0.16125031 0.56749177 0.56620604 0.0002388527 0.08230976 1.8489646e-19 0.00015349593 0.0045930143 0.059506863 0.035213396 0.058063358 0.08240887 0.051500984 0.19829811 0.07051436 0.004674906 0.27080968 0.34181926 0.0005376888 0.0009091363 0.034046315 0.35264203 0.09032114 4.066031e-05 0.07743048 3.4457513e-05 0.27131647 1.2216324e-05 0.1516127 0.08348084 0.020347401 0.25636002 0.3143685 0.11595145 0.13224776 0.011270617 0.23868832 0.10475076 0.07616171 0.12085069 2.02508e-06 0.01326602 0.011902119 0.023794398 0.069586776 0.05311001 0.07201864 0.023496857 0.0007259525 0.00067566684 0.003211435 0.07446332 0.046086024 0.027538374 0.043497752 0.0008705721 0.00052096223 0.0039350195 0.00014304939 0.019049898 0.033360828 0.0025492057 0.013304682 0.06508215 3.0093697e-05 0.0110462345 3.6810223e-07 0.0024443287 0.0024511428 0.0055720755 9.820015e-06 0.041563746 0.0026368923 6.7677406e-06 1.1064202e-05 3.7554591e-06 3.752003e-05 0.046264958 1.04833916e-07 9.293087e-06 2.3589138e-05 0.00085467135 0.00072367664 1.0827048e-07 0.000663092
0.9511564 0.0007412371 0.035298117 0.076535895 0.00031506404 0.00032958025 0.05524758 4.1949927e-05 1.708012e-05 0.024231076 8.507305e-06 0.00014013347 0.00063427706 1.1767364e-05 9.657938e-06 0.27991503 4.6854122e-05 0.00080637546 1.5705515e-05 0.7312068 2.4112467e-06 0.00015349593 4.831468e-21 0.27349484 1.4131336e-06 0.018520456 0.00027677792 1.3906375e-06 0.0032181218 1.4731513e-05 0.0233055 0.2156226 0.0026007688 0.0016126356 0.2252985 0.4820258 4.7606764e-07 0.0007651075 0.012246017 0.4853698 2.9069683e-06 0.23560132 9.1251575e-05 0.27742672 6.774767e-06 6.257773e-05 0.029448293 1.1115316e-05 0.0001955283 0.0013568096 0.000105757215 0.01356756 0.0015220217 0.0015985644 0.0011605696 0.0003093263 0.1551219 0.0038892902 1.7200722e-07 0.0025908665 0.00014584462 3.945167e-05 0.0012631157 4.1597077e-09 0.0141731445 0.09391989 0.0029516811 0.0013418607 3.6719623e-05 4.5881084e-06 0.0003319445 0.17391415 0.0018339898 3.3882424e-07 0.0026541215 5.093588e-05 4.9243525e-05 2.249532e-06 0.0025019902 0.00010656126 0.00042558176 9.958318e-08 0.0044616563 2.9984076e-06 2.906579e-07 9.428679e-10 0.001328263 0.000317028 1.3350824e-09 0.016788784 0.0016963672 0.0015791589 0.10096611 0.00014349591 0.0040323716 0.0062144427 0.0021111257 2.8546944e-07 8.409703e-09 0.0033787694 3.9256934e-06
0.6448071 0.025025664 0.09975601 0.095611975 0.0072566913 0.0129631935 0.10862268 0.0017009444 0.00087325077 0.39932474 0.00044562743 0.0047299424 0.009390184 0.000429548 0.00050235074 0.07150593 0.0015622965 0.0096945 0.00045905312 0.20379667 0.00019419752 0.0045930143 0.27349484 1.1462759e-19 3.207933e-05 0.03561962 0.0032709592 4.3594904e-05 0.011688552 0.00019507401 0.17525873 0.6800458 0.022854326 0.022899657 0.07222787 0.5935554 1.4669323e-05 0.0029520371 0.13099186 0.14323138 7.764298e-05 0.06543451 0.0011383675 0.10441163 0.00018279375 0.00014384913 0.023392553 0.00060450746 0.0033241014 0.0068651033 0.0021647883 0.1126126 0.008485295 0.021672774 0.006926196 0.0030243336 0.039978933 0.040091302 1.307685e-05 0.03141167 0.001966977 0.0014123861 0.006297868 2.294169e-06 0.0061635827 0.048107542 0.014480208 0.0040768604 0.002628168 0.00036011427 0.0033781007 0.0069524855 0.009974802 1.598572e-05 0.0065828986 0.0010060511 0.007000165 5.592137e-05 0.0014300374 0.0069264737 0.0011786835 1.2824654e-07 0.0037820453 4.0745595e-05 2.2674822e-06 4.6035598e-09 0.0017027444 0.008077027 4.0981947e-09 0.0033419684 0.0014043883 0.0010549858 0.023907235 0.0002390879 0.0020005377 0.0020573786 0.0020138924 2.5762324e-06 4.0056355e-07 0.0018132637 9.63754e-06
0.993134 0.013075337 0.0006953735 0.00033635448 0.009572623 0.011788015 0.0020942136 0.017010985 0.023869758 0.0017758458 0.051155273 0.04097837 0.018630398 0.12258561 0.30474645 2.9074079e-05 0.025715979 0.020897182 0.13888787 3.2264754e-06 0.65298146 0.059506863 1.4131336e-06 3.207933e-05 9.306236e-18 0.028568877 0.088176094 0.29489574 0.097752996 0.1605249 0.000676933 4.8927643e-05 0.016084718 0.009118854 2.4363622e-05 8.574511e-06 0.43174604 0.12436703 0.00074049877 1.2478309e-06 0.12678023 3.223306e-07 0.0943995 1.5332452e-07 0.095504686 0.35567924 0.051953297 0.07192775 0.041101225 0.005978261 0.045888692 0.000113885995 0.016095988 0.0018412425 0.0030239313 0.019759122 9.256149e-08 0.00048408215 0.060940795 0.00049527927 0.020093525 0.030170346 0.002750375 0.07005238 0.00019742377 4.583993e-06 0.000118759155 0.007028675 0.022965461 0.027894508 0.0074656284 6.192234e-07 8.604919e-06 0.008081458 3.115223e-06 0.0087283 0.0019999263 0.0074631833 0.04652856 0.0029427544 2.7712917e-06 0.052819453 2.4464416e-07 0.0063382774 0.0062939394 0.0044726115 1.9341867e-06 0.00082545803 0.0010280155 1.1538679e-06 3.3759858e-07 2.0309506e-07 9.829107e-09 0.12350619 8.03929e-08 5.4260164e-07 1.6800194e-06 0.0025214236 0.0024116104 1.1615538e-07 0.0011007361
0.9858863 0.4161238 0.35717386 0.32338953 0.16927889 0.33866522 0.28548932 0.11424835 0.112774216 0.060072385 0.09354087 0.06722006 0.085016854 0.09630659 0.10173761 0.063017145 0.110195614 0.04447305 0.04089371 0.016846145 0.03247745 0.035213396 0.018520456 0.03561962 0.028568877 1.03869955e-19 0.12840578 0.008818907 0.27045614 0.019362561 0.0123625845 0.012170967 0.013585964 0.009249771 0.0084659085 0.007103082 0.0042471914 0.02455614 0.009277401 0.002938664 0.0044849357 0.004083937 0.013092805 0.0008068732 0.0069644405 0.04941768 0.3199168 0.0070568416 0.006096968 0.0040687714 0.006532028 0.0030151785 0.004928236 0.0026061207 0.0025410189 0.0028054852 0.00059874356 0.00208983 0.0006980129 0.002069162 0.0015329962 0.001630556 0.0029572123 0.001973146 0.032284357 0.009003211 0.0002744719 0.0055262065 0.0011907881 0.0010692086 0.0013143742 0.0072036805 1.9932155e-05 8.788777e-05 8.977214e-06 0.00044646417 0.003920058 0.00016939147 0.38911211 0.004456496 1.2090511e-05 0.00049992127 6.660454e-06 9.166578e-05 4.2860167e-05 0.00013379562 1.2724817e-05 0.0034171012 5.579065e-05 2.33951e-05 1.04327855e-05 3.832923e-06 0.00023891834 0.01668244 4.784722e-07 1.2642937e-05 1.9627347e-05 1.0134859e-05 2.2874414e-05 8.775267e-07 4.061706e-05
0.9879317 0.2144469 0.063581236 0.032811478 0.12889583 0.25655192 0.030759128 0.15607333 0.16651885 0.016526109 0.26945734 0.12823129 0.14166534 0.23042431 0.29055896 0.00048964703 0.71968645 0.08385551 0.098326415 0.00027277548 0.16349262 0.058063358 0.00027677792 0.0032709592 0.088176094 0.12840578 1.6350898e-18 0.04117336 0.38504547 0.083630055 0.0031330462 0.0014760173 0.016991561 0.009587387 0.00010659928 0.00032884433 0.013640069 0.066166535 0.0026686061 5.3032963e-05 0.029940147 7.8504214e-05 0.029228803 2.9032035e-06 0.020594953 0.16709796 0.090935916 0.017658034 0.010346299 0.003052225 0.009008475 0.0004548264 0.005350368 0.002343836 0.0021539256 0.0038141028 2.700236e-06 0.0007001379 0.00268118 0.0010474564 0.0031131639 0.0038503478 0.0023939544 0.004242429 0.003831208 0.0002741245 0.00015886943 0.0044022813 0.0024132046 0.002340018 0.002556891 3.2841013e-05 1.6464639e-05 0.00014351013 1.0995001e-05 0.0010608333 0.0026063805 0.00038889158 0.33368093 0.004438847 1.3073671e-05 0.003215635 6.231534e-07 0.00015796702 3.450187e-05 0.0005672816 6.9700245e-06 0.008790948 0.0002890035 4.583879e-06 1.3659684e-06 1.1193359e-06 8.4295357e-07 0.07472372 2.9728065e-07 2.846529e-06 5.332277e-06 6.4453025e-06 8.420161e-05 3.9367214e-07 3.0837364e-05
0.9559215 0.0058624744 0.00022912699 0.00010008203 0.006543859 0.006002077 0.0009058065 0.009814478 0.016018542 0.0023387698 0.037413456 0.02588113 0.009392791 0.109072775 0.17281187 5.5050577e-06 0.01567266 0.009283658 0.24224694 2.85167e-06 0.32744732 0.08240887 1.3906375e-06 4.3594904e-05 0.29489574 0.008818907 0.04117336 4.809115e-18 0.05702288 0.30117315 0.001535217 5.414934e-05 0.014606032 0.008466106 1.0421162e-05 1.56193e-05 0.67062813 0.15324824 0.0015248497 1.6593496e-06 0.4124937 7.2803454e-07 0.1296332 8.0569475e-07 0.17614609 0.1982431 0.019125614 0.14404446 0.070752464 0.009422653 0.07874272 0.0003198169 0.028443784 0.0029939206 0.004911954 0.046416808 1.0820091e-07 0.0009859818 0.19467571 0.0014357085 0.05127084 0.06739597 0.0036052493 0.14914088 4.1680272e-05 1.5738862e-05 0.00040913475 0.011583283 0.062120892 0.07685198 0.020302307 6.459755e-07 3.1276802e-05 0.024850441 4.321468e-06 0.024699075 0.0025791368 0.019303266 0.011863063 0.004097267 2.38338e-06 0.06539365 2.2507538e-07 0.016040975 0.017241338 0.011695059 3.3196563e-06 0.0007911363 0.0044270195 1.3763182e-06 2.0886765e-07 2.2555048e-07 7.390322e-08 0.08487426 5.620811e-07 8.264862e-07 2.6795194e-06 0.007443398 0.0072722128 1.2826916e-07 0.0026146707
0.97482115 0.4055391 0.16867495 0.11332136 0.18679903 0.39456272 0.09116831 0.16435532 0.18696776 0.040729273 0.24593481 0.095187664 0.12117605 0.21703956 0.3147781 0.0042427364 0.32202858 0.059573933 0.07409369 0.001912136 0.153784 0.051500984 0.0032181218 0.011688552 0.097752996 0.27045614 0.38504547 0.05702288 5.0515112e-20 0.06403602 0.011018732 0.006652925 0.011253475 0.008942928 0.00061574526 0.0014794453 0.018204434 0.059732504 0.0076069594 0.0008196593 0.016178137 0.00053106685 0.03188488 7.538338e-05 0.01907115 0.12346308 0.17754178 0.017594008 0.010942684 0.0034411717 0.012766546 0.0018200588 0.006567063 0.0027391468 0.0024533917 0.0043697823 8.331831e-05 0.0014001718 0.002386594 0.0018112193 0.0035601002 0.005918173 0.0025342945 0.0038250342 0.008046525 0.001150634 0.00011306224 0.00509386 0.003021942 0.0023400302 0.0020273186 0.0004754452 5.2830665e-06 0.00016233567 3.7286156e-06 0.0008288673 0.0034142088 0.00026429206 0.35856086 0.0028884576 1.7995568e-06 0.0019828258 3.7930272e-07 0.00016164465 5.0298786e-05 0.00042604434 1.3415274e-06 0.0023951307 0.00012967162 3.4409748e-06 1.476662e-07 1.5367924e-07 2.2546265e-06 0.054613158 3.747334e-08 7.845047e-07 8.832065e-07 1.9034182e-05 5.8050562e-05 7.513178e-08 4.5177887e-05
0.7919893 0.017936444 0.0010098076 0.0002677356 0.018038837 0.025818016 0.004729757 0.028931025 0.044867754 0.007997986 0.07000437 0.046278175 0.028577844 0.12441523 0.18140778 2.9565212e-05 0.048167717 0.031449668 0.36743242 3.6220703e-05 0.18738334 0.19829811 1.4731513e-05 0.00019507401 0.1605249 0.019362561 0.083630055 0.30117315 0.06403602 8.2513763e-19 0.0068524405 0.00024228945 0.04852548 0.033137508 0.00020687583 2.759631e-05 0.23565795 0.29063958 0.009048512 1.1953813e-05 0.41769007 8.568453e-06 0.24533662 1.7654387e-06 0.29231083 0.18488659 0.026891269 0.28272587 0.23326465 0.029984009 0.14500295 0.0012673383 0.07610777 0.009989962 0.015406577 0.09247969 2.3844882e-07 0.001795132 0.18006743 0.003550652 0.07756965 0.08648252 0.009703981 0.13061273 0.0002556016 0.00016913432 0.00049203436 0.027546123 0.07343059 0.0712261 0.030777222 1.4192782e-05 2.3828674e-05 0.024893586 6.11338e-06 0.025575047 0.010916151 0.012213866 0.008552078 0.010953662 3.5776277e-06 0.056679696 1.0254788e-06 0.010139644 0.019821642 0.021735705 1.1984696e-06 0.0040548733 0.0147483125 1.0093645e-06 1.7063887e-07 1.9464206e-07 3.1131503e-06 0.05858769 3.5510798e-08 7.2086584e-07 1.7939708e-06 0.0076834713 0.015120752 1.5228636e-07 0.0025565985
0.16039418 0.028715268 0.040469084 0.027163964 0.033238582 0.012109501 0.03178435 0.025436435 0.012828582 0.50551283 0.011217034 0.07002371 0.10097631 0.01141475 0.0058943364 0.0072105164 0.0038405452 0.14951044 0.015113545 0.026278548 0.0027983745 0.07051436 0.0233055 0.17525873 0.000676933 0.0123625845 0.0031330462 0.001535217 0.011018732 0.0068524405 9.753139e-20 0.15466633 0.1889974 0.25912997 0.0038145755 0.032531656 0.00048187858 0.02784567 0.6285427 0.015473842 0.0033732865 0.012372828 0.021604253 0.014038876 0.007057245 0.0011687437 0.008680149 0.0142657105 0.048447344 0.104195125 0.023598267 0.38456115 0.08856199 0.17247032 0.08107736 0.032450914 0.0041838344 0.24964525 0.0010866963 0.22398469 0.01363553 0.01152469 0.04982087 7.19933e-05 0.00046206155 0.013017456 0.0462011 0.024118235 0.012119518 0.005616035 0.011883285 0.0012324974 0.008793469 0.0015807304 0.0068165204 0.0032935545 0.009944455 0.0014407539 0.0011594556 0.015440311 0.00266966 3.4369832e-06 0.00033999316 0.0016717381 0.00028466922 1.4116251e-06 0.000853511 0.026727699 3.9405e-07 0.0004863004 0.0004572192 0.00034409025 0.0068691703 0.0004012851 7.525e-05 0.00033529694 0.0037246689 7.448794e-05 8.281854e-06 3.7151116e-05 0.000108242355
