4.2957462e-32 0.010731012 0.010031252 0.0031821583 0.045929287 0.02029475 0.0038077154 0.023682088 0.02093922 0.013530178 0.043589506 0.14454915 0.10416725 0.015387825 0.011021395 0.0001641595 0.016295688 0.18845542 0.1363495 0.17464918 0.04622303 4.5384128e-05 0.39681742 0.2812638 0.0002899463 0.0012717163 0.4466128 0.0006498856 0.66241294 0.7794035 0.056434423 0.33207932 0.036227684 0.01208453 0.4760911 0.0012480833 0.60208595 7.184806e-06 0.4031787 0.8950468 0.3910926 0.0010745599 0.5004509 0.42391595 0.017829765 0.00016729208 1.2986703e-06 0.14211535 0.8791979 0.7713477 0.855928 0.6870251 0.12322182 0.9175443 0.578003 0.0012074864 0.5533227 0.0030216728 0.74446875 0.693633 0.29459828 0.12264811 0.5793142 0.83285713 0.4622402 0.15711735 0.78359234 0.6942679 0.48915786 0.00019855326 0.0007247115 0.09268893 0.18195015 0.8223839 0.6081077 0.0076799407 0.009334529 0.9019673 0.81603 0.82499564 0.008237425 0.73954064 0.9840318 0.2478533 0.57380533 0.9916742 0.97081596 0.9935143 0.004404601 0.997596 0.34401396 0.99516004 0.9983731 0.9986668 0.003623373 0.9978911 0.5502749 0.5919419 0.99927104 0.99902946 0.998375
0.010731012 2.5802069e-20 0.86033833 0.5393465 0.7172004 0.76415104 0.7911278 0.38246477 0.6945317 0.1590019 0.26419738 0.2922061 0.435976 0.113753 0.07300335 0.022046922 0.4045822 0.1700859 0.19155782 0.11104455 0.041011125 0.002787332 0.031078402 0.01990557 0.0006098959 0.0013952145 0.03154956 0.0012780848 0.015797073 0.024189483 0.011605862 0.06614311 0.0130205415 0.006097328 0.029377475 0.0006131177 0.024165543 0.0018098017 0.017605549 0.013296254 0.008190159 0.00036326263 0.007545697 0.009583803 0.0017491544 0.0001260162 0.0004758832 0.00068498624 0.0033528672 0.0014488779 0.0029030915 0.0023407792 0.00053074706 0.00817964 0.0039986153 0.00019591262 0.0039153597 0.00018039315 0.0042990823 0.002979397 0.0013388939 0.0009237592 0.001004579 0.0004399647 0.0013108822 0.0008035601 0.0005676735 2.5254196e-05 0.00013960498 5.987661e-05 2.6228121e-05 0.00015427696 9.0309455e-05 0.00065280235 0.0010959868 5.328378e-06 1.2817232e-05 0.00036137068 0.00044773312 0.00039002104 2.8232246e-06 0.0008017092 0.0014774044 0.00017189138 8.515808e-05 0.0020038814 0.00204426 0.0021362586 4.745829e-06 0.0021481516 1.0288613e-06 0.001543451 0.004021137 0.001329825 9.122106e-06 0.0010300071 0.00029921177 0.00074792106 0.000119575016 0.00034345902 0.00050475454
0.010031252 0.86033833 1.1565412e-18 0.21056391 0.5250878 0.7203144 0.85996294 0.15475254 0.7697164 0.018871106 0.15827027 0.22443219 0.44601873 0.020792663 0.0023091757 0.0021805344 0.5542108 0.14203091 0.19520617 0.08438997 0.021104978 0.00012629664 0.02456432 0.017893558 2.5976404e-05 5.7721045e-05 0.017498694 5.0604598e-05 0.012341723 0.01357394 0.002031935 0.09343557 0.06504707 0.00061289174 0.025588145 5.3486794e-05 0.024505788 9.095044e-05 0.021340515 0.007805533 0.005362214 2.9780047e-05 0.0074035716 0.007956838 0.0063051437 2.4953428e-05 3.1800166e-05 0.00065555744 0.002039279 0.0048065707 0.0025865217 0.0011319197 0.0017262868 0.0057948097 0.0026218293 3.495107e-05 0.0017081082 6.230857e-05 0.007404232 0.0013754766 0.002514739 0.0016099464 0.001204004 0.0007233789 0.0011786149 0.0019116937 0.00041821942 6.63806e-05 0.00038777216 2.0371155e-05 7.3772326e-06 0.0017123733 0.00056276773 0.00088916393 0.0007165301 4.022125e-06 1.2534264e-05 0.0003006649 0.0006973568 0.001293669 2.750924e-06 0.0017970736 0.0016622544 0.00048366867 0.0005482004 0.0023802342 0.0019636792 0.0029807214 1.5138889e-05 0.00439393 3.7683099e-06 0.0051703006 0.010270557 0.0031543146 0.00017010636 0.0046457173 0.0006020565 0.008316601 0.0001721941 0.0039110025 0.0007253259
0.0031821583 0.5393465 0.21056391 2.3659886e-20 0.099457406 0.03683006 0.58319783 0.31530344 0.029075257 0.29580867 0.05028373 0.0070940037 0.0059089814 0.061017163 0.54018986 0.67381585 0.012515722 0.0065359445 0.00053224334 0.0012089907 0.0021481721 0.21855284 0.0015131218 0.002165222 0.097188786 0.05225843 0.00062387413 0.042419575 0.0005708763 0.0011893755 0.0155876875 0.0013016358 0.00030134723 0.026020011 0.000117411175 0.015903534 0.00043673656 0.14514284 0.0002253294 0.0011786869 0.0024661138 0.0077391523 0.00044695986 0.0005604964 3.5056462e-05 0.010142071 0.026159955 0.0014298282 0.0001560232 1.1748401e-05 8.469804e-05 2.613733e-05 2.3042765e-05 0.0004195757 3.7930604e-05 0.0043028453 6.679279e-05 0.0016006544 0.0011876929 9.096466e-05 8.329217e-05 0.00086673774 0.0001555196 1.9430563e-05 6.522843e-05 8.738127e-06 0.00010346588 4.8356833e-07 8.877119e-06 0.0008861325 0.0008588596 4.320341e-05 3.032319e-05 3.804414e-05 6.3311345e-05 7.70604e-06 1.5253114e-05 1.6751135e-05 1.6282616e-05 2.9077519e-05 1.0806117e-05 7.002508e-05 1.5526004e-05 1.079805e-05 4.6177915e-06 0.00046757728 6.932249e-05 0.00056976354 3.9289574e-07 0.00010854792 4.6350803e-07 3.235539e-05 0.0005262287 0.0001557069 6.825109e-08 0.00025083355 2.575801e-05 2.1448855e-06 0.00042891578 0.00020008573 0.00046667786
0.045929287 0.7172004 0.5250878 0.099457406 4.7626632e-21 0.70216423 0.34645122 0.56980014 0.5140251 0.23743261 0.6557664 0.7366438 0.45739704 0.40053016 0.039819095 0.0063769 0.09894975 0.6677478 0.27330428 0.4374108 0.29659158 0.0005013158 0.1540588 0.15976629 0.000108103806 0.00074555 0.17769718 0.000878915 0.08609738 0.1097886 0.034975592 0.068662114 0.008821918 0.009947277 0.07034448 0.0004586241 0.046244346 3.686436e-05 0.02066919 0.052846573 0.044649076 0.00017583146 0.03706631 0.029566878 0.0014462646 1.4612369e-05 7.37141e-06 0.004866393 0.0072406703 0.00054164574 0.0048062843 0.012601102 0.0002038051 0.027694007 0.008837568 0.00011143087 0.018483015 0.0004688463 0.008175746 0.011804501 0.00023227643 0.0013151967 0.004169777 0.00034001615 0.0064585786 2.4531304e-05 0.0008277591 1.1486258e-05 1.9903167e-05 5.6863546e-06 7.4339373e-06 5.65463e-05 5.902864e-05 0.00061431405 0.0022969113 1.8251418e-06 4.023567e-06 0.0009816912 0.00014191761 0.00038959627 2.9490714e-06 0.0005832292 0.0021731337 2.437113e-05 1.5195662e-05 0.001407132 0.002098758 0.00055549113 9.4759565e-07 0.00095215807 1.6670622e-07 0.00099606 0.00029996634 0.0005023098 3.1887278e-06 0.0003404037 5.4355725e-05 0.00013908817 0.000108371154 0.00011056192 0.0006331209
0.02029475 0.76415104 0.7203144 0.03683006 0.70216423 3.4745654e-20 0.52222884 0.19553305 0.8322221 0.021782203 0.20835102 0.64868695 0.7451659 0.05133691 0.0013682124 0.00036706863 0.51243854 0.22604834 0.4757215 0.30995154 0.06407783 2.2626964e-05 0.043479867 0.018784333 7.615411e-06 1.5209421e-05 0.16383038 2.3993427e-05 0.037218645 0.08178664 0.0019232627 0.21320096 0.15188088 0.00034758067 0.17574073 1.1740271e-05 0.11332102 7.902337e-06 0.081000015 0.06190618 0.007265382 1.0224678e-05 0.01492068 0.0099612605 0.022990678 8.683878e-06 4.0287196e-06 0.00038920317 0.0115204 0.013441104 0.014459827 0.015672628 0.0027875206 0.015087134 0.024774896 1.3215194e-05 0.031705342 1.9802217e-05 0.003992785 0.011503992 0.006359342 0.00022852185 0.0010376392 0.0013821822 0.009738394 0.002080494 0.0006936964 0.00016644309 0.00060641783 1.2810414e-05 1.1656075e-05 6.9938054e-05 3.7919315e-05 0.00082725164 0.0035028087 3.2358246e-06 8.399e-06 0.0012098027 0.0005710489 0.0013812829 3.7150496e-06 0.001491952 0.0027987561 0.00015298108 4.881299e-05 0.003276212 0.007306886 0.0021022737 2.642947e-05 0.0032218774 3.517469e-06 0.002484187 0.002214514 0.002477202 6.7760244e-05 0.00087931036 0.00078350405 0.0024692463 3.7682792e-05 0.0002013222 0.00044165005
0.0038077154 0.7911278 0.85996294 0.58319783 0.34645122 0.52222884 1.6284107e-18 0.2017489 0.6455109 0.060644533 0.13928896 0.0947129 0.29060367 0.02471576 0.013209898 0.025559606 0.64715624 0.06257281 0.07489779 0.02611173 0.011012627 0.0034392492 0.009211087 0.0063391393 0.00023931876 0.0001590072 0.0036557673 0.00021447752 0.0036817987 0.004383548 0.001968726 0.047953535 0.08575105 0.0010839751 0.0041201366 8.6296845e-05 0.0073924037 0.004694284 0.00970817 0.0026563082 0.001804287 6.346864e-05 0.0019151755 0.0026422138 0.012991128 0.00018327693 0.0015150444 0.00043329678 0.00057900953 0.0023466698 0.0010268617 0.00037638453 0.0028229312 0.0016952716 0.00092390156 0.00018465046 0.0007985649 0.00032945644 0.0029306586 0.0013361636 0.0022734208 0.0024851575 0.00081131957 0.00022643339 0.00089574937 0.0011396807 0.0003750949 1.5172883e-05 0.00016471634 2.663658e-05 2.546586e-05 0.0012615133 0.00078328705 0.00060019887 0.0006055097 1.0943699e-05 2.3393985e-05 0.00011572015 0.0004527012 0.0008328828 9.679164e-06 0.0015767294 0.00034036135 0.00030903972 0.00046235495 0.0019329679 0.0004162645 0.0014772691 2.5337591e-05 0.0037277413 5.163234e-06 0.0014967774 0.0054710647 0.0018827074 7.1601164e-05 0.0012821617 0.0005415655 0.0015358898 0.00017777654 0.0018104439 0.00076278707
0.023682088 0.38246477 0.15475254 0.31530344 0.56980014 0.19553305 0.2017489 1.6757979e-21 0.08966248 0.8268281 0.6729312 0.14537802 0.099512264 0.69138443 0.48118696 0.046082675 0.022321682 0.36317 0.036649402 0.075372204 0.1818954 0.023228636 0.101626635 0.1819431 0.01586716 0.02907328 0.051450074 0.021221556 0.044747666 0.03693922 0.24783881 0.022868903 0.0006591627 0.10945196 0.01997509 0.016710361 0.02004503 0.005024126 0.0065899678 0.018905869 0.109934196 0.006434593 0.036683068 0.047913246 0.00021792672 0.0014959027 0.0017958239 0.030904723 0.0025085644 0.00020018002 0.0018835552 0.002658148 4.4074688e-05 0.013777729 0.0026533457 0.00271149 0.004726984 0.004856465 0.015252666 0.0025387988 0.00018355208 0.003984386 0.006620049 8.323237e-05 0.00067729 1.405436e-05 0.00018141017 7.675231e-07 1.4249243e-05 0.0002865366 0.00020569173 8.647256e-05 0.000110054556 0.00015972197 0.00038466204 6.3320063e-06 1.2636392e-05 7.7807235e-05 0.00016476664 0.00012314717 1.2445443e-05 0.00048074164 0.00031139463 9.378509e-05 7.751144e-05 0.00064874283 0.00051029935 0.00064087514 2.118186e-07 0.000728667 2.85638e-07 0.00070674374 0.0007831757 0.0003787208 1.9267311e-07 0.00048680083 4.439771e-05 5.7936133e-05 0.00040949852 0.0003239669 0.0010259866
0.02093922 0.6945317 0.7697164 0.029075257 0.5140251 0.8322221 0.6455109 0.08966248 2.7817725e-19 0.0062912055 0.09780589 0.40210456 0.6424033 0.015851505 0.00047115196 0.00011406914 0.71107817 0.14682823 0.4081125 0.24619651 0.031640474 1.9009149e-05 0.028291121 0.012048811 8.975073e-06 7.731923e-06 0.10071456 1.3320952e-05 0.018357648 0.049422983 0.0005846972 0.25798368 0.37707925 7.710888e-05 0.13366511 8.7016115e-06 0.08941533 1.2112324e-05 0.105892785 0.038051244 0.0021206269 8.701645e-06 0.009473829 0.007037667 0.09445169 1.4905887e-05 3.3107565e-06 0.00019083158 0.005405309 0.022296466 0.0105416365 0.006517452 0.008837315 0.013969427 0.013166958 2.0041409e-05 0.010585974 2.8634797e-05 0.004405284 0.004547438 0.01033415 0.00058973226 0.0008939973 0.0015433149 0.004031947 0.0067534507 0.00046800447 0.0004122245 0.0012522353 1.4360083e-05 6.863292e-06 0.00019049228 7.699175e-05 0.0006903757 0.0015963244 1.43063e-06 4.7458784e-06 0.00061049307 0.0008433807 0.0012685783 1.2899842e-06 0.0020760554 0.0030303707 0.00016279626 0.00029026304 0.0030158714 0.0041674078 0.003562379 6.679183e-05 0.004248652 2.8248933e-05 0.0021547687 0.00721763 0.004539693 0.0010479854 0.0016393233 0.002246778 0.02066347 2.7963659e-05 0.0012567613 0.00042334644
0.013530178 0.1590019 0.018871106 0.29580867 0.23743261 0.021782203 0.060644533 0.8268281 0.0062912055 4.300603e-23 0.50468796 0.025559263 0.005850698 0.69783455 0.6782935 0.10244123 0.0006018209 0.09819487 0.0016479524 0.01090754 0.04648747 0.043510854 0.036474906 0.09270803 0.046975356 0.08808646 0.0089115165 0.056887295 0.0138574 0.008232933 0.2836718 0.0009380858 1.6145414e-05 0.15831867 0.0027237374 0.036373958 0.002154025 0.017121546 0.00020104782 0.004880166 0.11120874 0.014747306 0.013451062 0.020056674 3.1713564e-06 0.010308163 0.0035597724 0.034489866 0.0004984201 1.4722537e-05 0.000615192 0.001091014 2.4388764e-06 0.0034487974 0.0010945615 0.006491213 0.0015157815 0.0064135236 0.0051796976 0.0008504799 7.3719507e-06 0.0049015004 0.0017064589 5.9354493e-06 0.00022749095 1.9249433e-06 4.4083637e-05 2.3257654e-08 1.1396876e-06 0.0007044683 0.0005750337 2.6526788e-05 3.7413585e-05 3.481657e-05 6.266356e-05 7.325423e-06 7.86536e-06 1.3460532e-05 5.2556763e-05 3.8655555e-05 6.9369535e-06 0.0001789808 0.00024011113 1.852573e-05 1.8219498e-05 0.000311819 0.00016967166 0.00027188935 2.3341112e-08 0.0001565077 2.3503548e-08 0.0006138277 0.00014897979 9.309564e-05 2.330449e-09 0.0003047866 2.671049e-06 1.1806944e-05 0.00034426866 7.956812e-05 0.0006687182
0.043589506 0.26419738 0.15827027 0.05028373 0.6557664 0.20835102 0.13928896 0.6729312 0.09780589 0.50468796 2.161374e-23 0.24388261 0.106149375 0.81451094 0.1565149 0.0062907375 0.023516662 0.6636274 0.04105949 0.09413979 0.42288968 0.0020134372 0.23213515 0.44866368 0.001074975 0.003570995 0.08403011 0.0034566785 0.12192266 0.06886862 0.2581887 0.014755585 0.00075596443 0.044283718 0.027705887 0.0027063957 0.012797984 0.00032357476 0.0022384683 0.03158278 0.1591422 0.00082542014 0.055571437 0.0725628 0.00017062855 6.995366e-05 3.8744987e-05 0.021977222 0.005521792 8.4412975e-05 0.0022977921 0.01042946 2.4575349e-05 0.028791355 0.0053742426 0.00051469967 0.014626633 0.0016690341 0.023973811 0.010710201 2.948207e-05 0.0025323257 0.008290058 7.763121e-05 0.0029572148 3.5276178e-06 0.0006649043 2.8324357e-07 1.9605973e-06 2.051171e-05 1.9744211e-05 0.00017256991 9.488101e-05 0.0002869627 0.0005736791 1.0076801e-05 1.1553053e-05 0.0001762927 0.00012586653 0.00010096476 6.718546e-06 0.0006584757 0.0004523324 5.6714474e-05 2.9515431e-05 0.00038737577 0.0013497869 0.00045785186 1.6011079e-07 0.00051710923 6.611892e-08 0.0009585682 0.00028614202 0.00022143692 1.9561512e-07 0.0003595513 1.869323e-05 3.9152907e-05 0.00021012686 0.00036486998 0.00096464687
0.14454915 0.2922061 0.22443219 0.0070940037 0.7366438 0.64868695 0.0947129 0.14537802 0.40210456 0.025559263 0.24388261 2.7228414e-20 0.6659712 0.064733274 0.0010355845 0.00016364336 0.09869166 0.600972 0.6638851 0.8575336 0.16269468 2.1902193e-05 0.1834415 0.055512577 9.248994e-06 5.4774206e-05 0.40873915 8.432222e-05 0.1985015 0.43852037 0.0030605702 0.16149986 0.033677075 0.0006832573 0.3750759 4.702508e-05 0.21556786 8.473298e-06 0.10974652 0.37810123 0.009074727 2.6321635e-05 0.053808775 0.019435324 0.007578065 6.21326e-06 2.822386e-07 0.000756921 0.048599474 0.004636237 0.03799049 0.04110623 0.0016974246 0.10442958 0.032634858 5.877379e-05 0.06052275 0.00018161963 0.0042364937 0.0402331 0.0019932468 0.00026922397 0.007225047 0.0027086088 0.02068795 0.0008408441 0.0048925616 0.000249823 0.00017396966 1.3265614e-05 5.170542e-06 0.00010409346 0.000109021006 0.0031330986 0.009226635 6.4796313e-06 8.236783e-06 0.0068226694 0.0024814142 0.001842127 8.535073e-06 0.002616641 0.0031986143 4.9428956e-05 0.00010820117 0.012079344 0.010037961 0.001957409 3.4706393e-06 0.0030895192 9.701967e-07 0.004813768 0.0008654578 0.001883582 5.5143264e-06 0.0007569484 0.00045188726 0.00092872744 0.00017703029 0.00014497693 0.0011168068
0.10416725 0.435976 0.44601873 0.0059089814 0.45739704 0.7451659 0.29060367 0.099512264 0.6424033 0.005850698 0.106149375 0.6659712 9.289246e-18 0.01849528 0.0003237433 3.249907e-05 0.3436947 0.25534734 0.8339456 0.4686987 0.044052955 2.7799888e-05 0.04582031 0.016341342 1.2466326e-05 1.02033355e-05 0.18213286 1.8291523e-05 0.046063464 0.16978131 0.0005986422 0.33995062 0.1914272 0.00010267374 0.33539173 8.139657e-06 0.2543231 2.0248492e-05 0.26524875 0.20644256 0.0032162503 1.7833088e-05 0.0164453 0.008241967 0.047877755 9.042784e-06 8.268639e-07 0.00030750656 0.031016046 0.042729747 0.039801672 0.016792268 0.010789179 0.04999987 0.022611225 5.344478e-05 0.034298275 3.5762514e-05 0.0028920851 0.019272847 0.009352327 0.00040709024 0.003240448 0.0063349996 0.010270792 0.006075956 0.0012168651 0.0014881848 0.0017955815 1.4511091e-05 3.1683937e-06 0.0001446557 0.0001176075 0.00096962566 0.004786316 2.3952036e-06 6.355788e-06 0.0023945586 0.0016234372 0.0018555791 5.822235e-06 0.0021720913 0.0029748515 4.086327e-05 0.0001565677 0.007100772 0.012232314 0.0031794633 7.0371396e-05 0.0055002933 3.898821e-05 0.0056135664 0.0039824448 0.0048807873 0.00059228233 0.0021072568 0.002495092 0.021288935 0.00021631268 0.00061095785 0.0011756647
0.015387825 0.113753 0.020792663 0.061017163 0.40053016 0.05133691 0.02471576 0.69138443 0.015851505 0.69783455 0.81451094 0.064733274 0.01849528 2.6122315e-23 0.29872954 0.014618224 0.000668775 0.35879606 0.0071016327 0.025026944 0.28178796 0.0062766694 0.13115057 0.4299183 0.0061010835 0.016808584 0.030672966 0.01365987 0.05810745 0.020937987 0.5308124 0.003237141 7.694624e-05 0.16177218 0.009682054 0.013826892 0.00591026 0.0013126711 0.00066198024 0.011677473 0.2517708 0.005021647 0.043444045 0.06828974 7.789882e-06 0.0017520869 0.00036709313 0.08051417 0.0023872748 7.222456e-05 0.0021567023 0.0055025914 1.8041725e-06 0.018866194 0.005472056 0.002996374 0.010034089 0.0058653574 0.031657226 0.0059121773 6.230765e-06 0.012139154 0.012795757 6.3477775e-05 0.0019012376 3.1508716e-06 0.0007623558 1.0914822e-06 2.1881556e-06 0.0003294734 0.00030559633 0.0003303865 0.0003073699 0.00028623806 0.00052969356 2.594954e-05 5.2732335e-05 0.00024696122 0.00025861035 0.00015907652 3.8523438e-05 0.00075909 0.0009042858 0.00016396612 6.844667e-05 0.00078271946 0.00070751057 0.00041148646 3.35766e-08 0.00017735388 7.491142e-08 0.0020129697 0.0001413619 9.2615315e-05 3.4688718e-08 0.0002773349 1.6573846e-05 1.09263465e-05 0.00021149938 3.976291e-05 0.0009101977
0.011021395 0.07300335 0.0023091757 0.54018986 0.039819095 0.0013682124 0.013209898 0.48118696 0.00047115196 0.6782935 0.1565149 0.0010355845 0.0003237433 0.29872954 1.6876174e-18 0.4900446 0.00011423123 0.0033473228 3.8379472e-05 0.0004200273 0.0027236661 0.37159038 0.0022063358 0.014072462 0.4829886 0.4304342 0.00063057867 0.3497629 0.0009939609 0.0015235821 0.22688504 3.168704e-05 5.4040297e-06 0.3218033 3.3201744e-05 0.22372651 2.430273e-05 0.19333467 4.8764996e-06 0.0018003328 0.04189446 0.080048546 0.0011933687 0.0026014894 1.7979872e-06 0.060339645 0.034847658 0.020806849 0.00012358493 1.1588048e-06 3.054735e-05 5.4718657e-05 1.8259809e-06 0.00081139937 7.5423435e-05 0.01687112 0.000114482726 0.007119759 0.0012584211 3.419448e-05 3.362316e-06 0.0010626437 0.0001824136 9.892453e-07 1.8986828e-05 3.047655e-07 1.818367e-05 2.1414177e-09 2.8546643e-07 0.0017872403 0.0010842982 6.5285835e-06 4.1131734e-06 4.545285e-06 4.536105e-06 1.9824929e-05 1.1219719e-05 2.289457e-06 2.8921168e-06 3.3499396e-06 9.299355e-06 1.8122835e-05 4.5417815e-05 1.9642596e-06 4.5074494e-06 0.0004034695 3.1825348e-05 0.0006507952 2.5110808e-08 0.00026838083 4.5984194e-08 7.1308954e-05 0.00025042053 0.0001721974 3.058005e-09 0.00041691726 1.2331639e-06 2.4091437e-06 0.0023732507 0.00027087686 0.0010996968
0.0001641595 0.022046922 0.0021805344 0.67381585 0.0063769 0.00036706863 0.025559606 0.046082675 0.00011406914 0.10244123 0.0062907375 0.00016364336 3.249907e-05 0.014618224 0.4900446 1.4731876e-22 1.7744025e-05 0.00021908995 2.0338202e-06 2.3989494e-05 4.332484e-05 0.51019984 5.832469e-05 9.613879e-05 0.1946115 0.05555323 3.8192054e-05 0.047045745 8.80153e-06 3.0387602e-05 0.009115203 5.394998e-06 6.2711734e-07 0.015484292 5.3741087e-06 0.021709451 9.6641015e-06 0.20307626 2.2055403e-06 1.9195053e-05 0.0011703734 0.007239245 1.6130132e-05 1.9054723e-05 2.4292882e-07 0.009602498 0.026385406 0.00036039398 1.2206448e-05 1.808987e-07 9.774951e-06 2.67585e-06 2.9621768e-07 1.8901968e-05 4.420537e-06 0.0029784564 4.338973e-06 0.0005514861 8.5297965e-05 5.604755e-06 6.9254725e-06 1.306583e-05 4.618963e-06 3.816864e-07 4.065525e-06 9.91427e-07 2.5797726e-06 1.7700545e-08 2.818916e-07 0.00043286764 0.0002650953 1.8809402e-06 8.8472814e-07 1.9198797e-06 4.064587e-06 1.9287755e-07 4.3143464e-07 1.7719216e-07 1.6659885e-06 2.7820615e-06 1.940928e-07 1.4504442e-06 1.4289202e-06 6.48299e-07 1.6975167e-07 1.364243e-05 8.257048e-07 9.454829e-06 5.8224097e-09 1.265024e-06 1.1628865e-08 7.0172877e-07 6.826798e-07 1.1609917e-06 1.2909734e-10 2.3040336e-06 4.7238902e-07 1.546492e-08 4.0814334e-06 2.4475895e-07 2.2065764e-05
0.016295688 0.4045822 0.5542108 0.012515722 0.09894975 0.51243854 0.64715624 0.022321682 0.71107817 0.0006018209 0.023516662 0.09869166 0.3436947 0.000668775 0.00011423123 1.7744025e-05 5.1202166e-17 0.020729281 0.17142607 0.030617993 0.0011631242 5.119176e-06 0.0024663724 0.0005350582 2.531176e-06 1.86071e-06 0.004561935 3.4340903e-06 0.0011952093 0.0040558707 6.407138e-05 0.23852646 0.609679 4.8675203e-05 0.013415167 9.976533e-06 0.02223115 1.5876e-05 0.06532604 0.0015701518 0.00010048649 6.1291075e-06 0.00048070474 0.0005761494 0.30045116 7.317952e-06 5.2359183e-06 7.808495e-05 0.00015122935 0.010744433 0.0011950464 0.00010009721 0.10467775 0.001120053 0.00067910587 2.0002039e-05 0.00021574633 0.00012204231 0.0007870099 0.00032054057 0.0070924577 0.0005397549 0.00031313318 0.00048172908 0.00029270677 0.0056770346 8.8167064e-05 0.00013962788 0.0005721801 8.243118e-06 3.207797e-06 0.00028498677 0.00020586856 6.456829e-05 0.00019959878 3.4283019e-06 6.8758845e-06 1.3419207e-05 0.0002071392 0.00033773197 3.3074148e-06 0.00083747174 0.00028790452 0.00015571165 0.0003453599 0.0015571796 9.6546915e-05 0.0029594975 0.0006354416 0.0075547583 0.0007652644 0.0027211357 0.011829735 0.0076043746 0.008941427 0.0021145141 0.008722275 0.15483329 0.00015134508 0.0036151723 0.00051561097
0.18845542 0.1700859 0.14203091 0.0065359445 0.6677478 0.22604834 0.06257281 0.36317 0.14682823 0.09819487 0.6636274 0.600972 0.25534734 0.35879606 0.0033473228 0.00021908995 0.020729281 2.5258816e-22 0.12352388 0.46651193 0.7739883 2.5430843e-05 0.7000866 0.6179119 1.4091778e-05 0.0002597644 0.38086733 0.00031218884 0.59032667 0.19939059 0.038591854 0.023306303 0.0051423917 0.005474648 0.07174791 0.00020284702 0.029726097 7.705401e-06 0.00793842 0.12303498 0.11457473 4.2782704e-05 0.16304046 0.10110751 0.0014346087 3.260168e-06 1.0761822e-07 0.006129459 0.012673733 0.00012573312 0.0061315694 0.028401472 0.00024346448 0.19984572 0.011007953 0.00015740356 0.0350632 0.0005777251 0.0121836485 0.03408981 4.3319753e-05 0.0016980699 0.014892356 0.00032268418 0.007890567 1.9994257e-05 0.0029286372 3.0021504e-06 1.6391732e-06 7.4644563e-06 5.868616e-06 0.00013578782 0.00020857694 0.001966613 0.0035790186 9.409682e-06 1.3794701e-05 0.0015756058 0.0010597605 0.00047565994 3.937797e-06 0.0012528505 0.0016167703 5.284843e-05 8.994032e-05 0.0021623524 0.0035963415 0.00059006637 2.6771045e-07 0.00095393177 8.3814754e-08 0.00318617 0.00030389326 0.00049459015 4.891257e-07 0.00039566078 2.8069519e-05 0.00023221642 0.00012328265 0.00042225292 0.0009509847
0.1363495 0.19155782 0.19520617 0.00053224334 0.27330428 0.4757215 0.07489779 0.036649402 0.4081125 0.0016479524 0.04105949 0.6638851 0.8339456 0.0071016327 3.8379472e-05 2.0338202e-06 0.17142607 0.12352388 1.22505614e-17 0.60067666 0.024176495 7.790201e-06 0.020653171 0.0035816173 3.1997063e-06 5.866931e-06 0.25672683 8.318409e-06 0.03451471 0.29744014 3.164901e-05 0.47934124 0.13780434 8.788723e-06 0.59880644 4.6063737e-06 0.47908184 5.148331e-06 0.46422338 0.38215882 0.00024951773 9.3296985e-06 0.006206497 0.0019692471 0.050551463 6.11443e-06 8.1634774e-08 1.5851958e-05 0.0655655 0.07263637 0.111125365 0.026674656 0.008373743 0.029112997 0.04008753 1.4079595e-05 0.038756102 7.618783e-06 0.00031840146 0.027319575 0.010973182 1.4134902e-05 0.00067094254 0.013719985 0.019658664 0.005695554 0.00062176347 0.0015396009 0.00093823514 2.66274e-06 2.0136233e-06 9.044345e-06 1.37673915e-05 0.0008942207 0.010428405 8.086622e-07 2.4211274e-06 0.0045822277 0.000858336 0.00093045575 6.0760362e-06 0.0017296864 0.0028504438 8.757715e-06 2.6471773e-05 0.020203296 0.023044731 0.0034891062 3.511358e-05 0.0049667796 2.1213904e-05 0.003399463 0.0018179693 0.003766629 0.0003772846 0.0011196712 0.002032288 0.021038674 8.926311e-05 3.8654376e-05 0.0005181105
0.17464918 0.11104455 0.08438997 0.0012089907 0.4374108 0.30995154 0.02611173 0.075372204 0.24619651 0.01090754 0.09413979 0.8575336 0.4686987 0.025026944 0.0004200273 2.3989494e-05 0.030617993 0.46651193 0.60067666 1.1079403e-19 0.089553736 1.637663e-05 0.12186257 0.023319105 7.839307e-06 5.854331e-05 0.6267049 6.503246e-05 0.18931897 0.57432044 0.0015006487 0.14888313 0.01539046 0.00024688517 0.44958442 6.0945815e-05 0.22666112 1.0753451e-05 0.1180299 0.47414544 0.00554706 2.7651897e-05 0.04096524 0.012092806 0.009444511 7.4161503e-06 1.5088123e-07 0.00033978632 0.080665864 0.006931965 0.06751869 0.067297176 0.0016287616 0.15005518 0.056801315 5.1760708e-05 0.09710804 0.00011770018 0.0031201711 0.08900106 0.0028392256 0.00014600634 0.010243543 0.0036612244 0.03562201 0.0007345343 0.010202197 0.00020617803 0.00012337684 6.7128008e-06 4.023732e-06 5.573157e-05 0.00012562847 0.0067161024 0.024658 5.3376243e-06 9.0371805e-06 0.01465701 0.0032185344 0.00142242 9.700362e-06 0.0025544148 0.005891692 1.618928e-05 8.3221974e-05 0.024143431 0.024985263 0.003550484 5.962128e-07 0.0020614252 7.89812e-07 0.0087980535 0.0005484561 0.001098141 4.7117487e-06 0.001186781 0.00044788021 0.0016334944 0.00016037172 2.5909678e-05 0.00091058057
0.04622303 0.041011125 0.021104978 0.0021481721 0.29659158 0.06407783 0.011012627 0.1818954 0.031640474 0.04648747 0.42288968 0.16269468 0.044052955 0.28178796 0.0027236661 4.332484e-05 0.0011631242 0.7739883 0.024176495 0.089553736 5.38339e-24 4.365654e-06 0.61023766 0.70281446 3.5593255e-06 0.0001299571 0.12102543 0.0001448096 0.37941045 0.05121921 0.05009103 0.0071523334 0.0002542775 0.0067259506 0.01864104 0.00016174596 0.008037068 1.4665817e-06 0.0021181346 0.032358397 0.15888388 3.1262127e-05 0.15099074 0.09295662 4.440258e-05 3.010921e-06 1.9604828e-08 0.0084972195 0.003432452 1.1808261e-05 0.0026118583 0.017679207 5.653462e-06 0.10844757 0.009763177 0.000108989916 0.032387726 0.00075731735 0.015529544 0.019666053 2.5636423e-06 0.0019677305 0.014253627 3.8301478e-05 0.00626892 2.8735287e-06 0.0028910094 4.6774386e-07 1.2014911e-07 4.879598e-06 2.7752296e-06 0.00016378074 0.00022932417 0.0015985874 0.0025464601 3.255166e-06 6.4558844e-06 0.0010787656 0.0006314624 0.00022195172 5.5991513e-06 0.0009292564 0.0016915707 0.00010275171 8.6128624e-05 0.0013310038 0.0015565493 0.00047784531 6.200929e-08 0.00048400342 4.0223888e-08 0.0036921238 8.4874475e-05 0.00024481045 4.077908e-08 0.00026063368 1.1305872e-05 1.5957847e-05 4.135016e-05 4.5820325e-05 0.0010145496
4.5384128e-05 0.002787332 0.00012629664 0.21855284 0.0005013158 2.2626964e-05 0.0034392492 0.023228636 1.9009149e-05 0.043510854 0.0020134372 2.1902193e-05 2.7799888e-05 0.0062766694 0.37159038 0.51019984 5.119176e-06 2.5430843e-05 7.790201e-06 1.637663e-05 4.365654e-06 6.3508407e-22 2.8688451e-05 3.6855607e-05 0.45846924 0.079079464 1.2740092e-05 0.061736666 6.9878884e-06 2.3194185e-05 0.012021567 7.403508e-06 4.3956354e-07 0.030150395 8.294366e-06 0.03529808 1.4996042e-05 0.5194436 4.411466e-06 4.2253005e-06 0.00055212947 0.013785226 9.953296e-06 1.3852629e-05 2.5867135e-07 0.01582124 0.03397286 0.0005332188 5.074366e-06 5.8900486e-07 1.6566859e-05 4.050216e-06 1.6693325e-07 1.1415484e-05 1.4549851e-05 0.0041235215 1.2547563e-05 0.00072687457 4.3461692e-05 5.4450124e-06 6.175894e-06 1.8823857e-05 1.8753815e-05 1.4664789e-07 3.4879165e-06 4.8833334e-07 1.0556294e-06 3.651683e-09 9.414222e-08 0.00054411637 0.0005268008 5.9909307e-06 4.028793e-06 1.9024845e-06 5.975638e-06 1.0016587e-06 7.950212e-07 1.7173218e-07 6.16846e-06 3.0690535e-06 3.3584433e-07 6.206994e-06 8.694735e-06 3.6110769e-06 7.432962e-07 4.7188154e-05 4.504823e-06 0.00015505504 2.361777e-09 8.0777545e-06 1.1713323e-08 4.1787732e-07 1.1482491e-05 1.5517788e-05 2.7397796e-11 7.205168e-05 3.0817455e-07 6.1266374e-09 1.123427e-05 2.5392816e-07 3.507713e-05
0.39681742 0.031078402 0.02456432 0.0015131218 0.1540588 0.043479867 0.009211087 0.101626635 0.028291121 0.036474906 0.23213515 0.1834415 0.04582031 0.13115057 0.0022063358 5.832469e-05 0.0024663724 0.7000866 0.020653171 0.12186257 0.61023766 2.8688451e-05 1.8455229e-22 0.7115116 1.6258207e-05 0.00019400724 0.22035939 0.00017449372 0.8083975 0.09335405 0.030671079 0.0075784125 0.0015493672 0.0045872116 0.017425612 0.00020093264 0.0084671145 1.0081578e-05 0.0024019792 0.0692302 0.13057972 5.103035e-05 0.30758768 0.15994857 0.00029756557 1.2580598e-05 6.0573775e-08 0.011778289 0.00606837 4.636862e-05 0.0032103343 0.02130903 5.049902e-05 0.49869934 0.01067499 0.00017503073 0.033648748 0.00066830637 0.02123685 0.050530087 2.6494656e-05 0.0035256674 0.025755638 8.212348e-05 0.009025923 1.4712684e-05 0.0057636807 1.2624846e-06 1.9691333e-07 2.534194e-05 5.2603806e-05 0.00078761845 0.001332887 0.00371293 0.005912817 5.0085968e-05 0.000121690864 0.0022138983 0.0014506885 0.00056023913 5.63303e-05 0.0013857199 0.0021001478 0.0002933417 0.00031145316 0.004716128 0.0067122867 0.0014352656 1.0898009e-07 0.0021809794 3.0200934e-07 0.013870099 0.001031162 0.0015876355 9.630405e-07 0.0015848407 4.807281e-05 0.000586234 0.00023931079 0.00035696704 0.0020833998
0.2812638 0.01990557 0.017893558 0.002165222 0.15976629 0.018784333 0.0063391393 0.1819431 0.012048811 0.09270803 0.44866368 0.055512577 0.016341342 0.4299183 0.014072462 9.613879e-05 0.0005350582 0.6179119 0.0035816173 0.023319105 0.70281446 3.6855607e-05 0.7115116 2.6087648e-24 5.885371e-05 0.0018640377 0.04929386 0.0015043046 0.47222415 0.036705613 0.29053512 0.0012926417 0.0001979424 0.019159457 0.002599969 0.0017171527 0.0019126192 1.1473942e-05 0.00018907296 0.028240975 0.6306039 0.00042400887 0.411919 0.42309445 1.4671644e-05 4.732024e-05 1.7850017e-07 0.07875747 0.0033413742 7.97814e-07 0.0010901201 0.0133415805 3.1940845e-06 0.27802005 0.0047234762 0.0004964551 0.02178854 0.0016378645 0.06640999 0.028771158 7.5892785e-07 0.010030244 0.029301027 1.0914526e-05 0.0047187055 3.7554213e-07 0.0042266026 4.065839e-08 1.53729e-08 1.9494766e-05 3.6429945e-05 0.000886638 0.0007575334 0.0020373373 0.0019386917 4.161212e-05 0.0001046889 0.0015310798 0.0006392621 0.00021806684 5.7617104e-05 0.0008355962 0.0020156167 0.000423044 0.00014570824 0.0036059236 0.0039056984 0.0012385383 9.215172e-09 0.0018189325 7.1553234e-09 0.01083847 0.00065228087 0.0018222296 4.5865416e-08 0.0013899314 3.9813967e-06 6.993839e-05 0.0004206936 0.0006919319 0.0025718594
0.0002899463 0.0006098959 2.5976404e-05 0.097188786 0.000108103806 7.615411e-06 0.00023931876 0.01586716 8.975073e-06 0.046975356 0.001074975 9.248994e-06 1.2466326e-05 0.0061010835 0.4829886 0.1946115 2.531176e-06 1.4091778e-05 3.1997063e-06 7.839307e-06 3.5593255e-06 0.45846924 1.6258207e-05 5.885371e-05 1.7371318e-21 0.360187 3.9431075e-06 0.43453828 6.294389e-06 1.23054115e-05 0.026724916 2.2993645e-06 3.5099242e-07 0.07139712 2.8144875e-06 0.24387193 3.3409647e-06 0.40336683 9.708519e-07 2.0909536e-06 0.0019996823 0.066773735 1.3179035e-05 2.1194734e-05 1.367661e-07 0.06876033 0.13363954 0.0026514917 1.1156644e-06 1.529295e-07 4.0568225e-06 1.539429e-06 3.695907e-08 8.016652e-06 4.834547e-06 0.009165006 5.4533944e-06 0.0013657238 6.639566e-05 2.6019086e-06 1.0403769e-06 6.67372e-05 1.4126293e-05 2.046496e-08 1.6364381e-06 2.5329001e-08 9.42988e-07 4.808438e-10 9.292691e-09 0.00090800424 0.0016236973 1.0400524e-06 1.2656792e-06 6.987818e-07 3.7745033e-06 2.677042e-06 6.582515e-07 2.1205265e-07 2.5214426e-06 2.2781683e-06 6.5105434e-07 3.822246e-06 6.169778e-06 3.0169601e-06 3.517048e-07 4.0557796e-05 3.3511278e-06 0.00013770326 1.1607076e-09 1.2063271e-05 1.3262861e-08 4.7014052e-07 9.127529e-06 9.176598e-06 7.723984e-12 5.2139458e-05 2.4431748e-07 4.0563637e-09 0.00014993077 5.5677907e-07 8.472454e-05
0.0012717163 0.0013952145 5.7721045e-05 0.05225843 0.00074555 1.5209421e-05 0.0001590072 0.02907328 7.731923e-06 0.08808646 0.003570995 5.4774206e-05 1.02033355e-05 0.016808584 0.4304342 0.05555323 1.86071e-06 0.0002597644 5.866931e-06 5.854331e-05 0.0001299571 0.079079464 0.00019400724 0.0018640377 0.360187 3.2863488e-23 5.055005e-05 0.73624104 5.105308e-05 5.223497e-05 0.08881948 3.845753e-06 2.2819745e-07 0.2856706 1.8927944e-05 0.53454256 1.13407095e-05 0.040834222 2.379673e-06 6.8787704e-06 0.0146979615 0.15534227 0.0001448393 0.00080089265 5.055445e-08 0.10397022 0.03384185 0.022722479 1.0615199e-06 6.9836574e-08 4.4873464e-06 3.443384e-06 7.293281e-08 1.736659e-05 4.2709016e-06 0.016502338 9.560387e-06 0.005346546 0.0006075156 3.7854836e-06 8.9840523e-07 0.0013998414 3.8068127e-05 4.5047155e-08 1.4648778e-06 1.37017615e-08 1.2069331e-06 3.1295488e-10 8.1424325e-09 0.00076052075 0.00087838713 1.5051182e-06 1.1379414e-06 4.7073584e-07 1.6987469e-06 2.853022e-06 1.1532935e-06 1.6926977e-07 1.013899e-06 6.601167e-07 1.528214e-06 3.3890071e-06 1.9616837e-06 2.632388e-06 5.5492796e-07 2.205266e-05 2.528884e-06 0.00014305962 1.8789152e-09 2.1449929e-05 1.3131017e-08 1.4865238e-06 2.5015093e-05 1.1398959e-05 5.7947362e-12 9.347836e-05 3.6509485e-07 1.3058711e-08 0.0004099098 3.3024128e-06 0.00015265244
0.4466128 0.03154956 0.017498694 0.00062387413 0.17769718 0.16383038 0.0036557673 0.051450074 0.10071456 0.0089115165 0.08403011 0.40873915 0.18213286 0.030672966 0.00063057867 3.8192054e-05 0.004561935 0.38086733 0.25672683 0.6267049 0.12102543 1.2740092e-05 0.22035939 0.04929386 3.9431075e-06 5.055005e-05 4.386186e-19 9.4766794e-05 0.48379844 0.7837486 0.0027342623 0.082313396 0.0047138524 0.0006511143 0.270205 8.730209e-05 0.13049473 3.0899782e-06 0.06185739 0.5543424 0.011588647 3.46854e-05 0.079801016 0.024672266 0.0032620265 5.7434336e-06 5.7639387e-08 0.0013730914 0.09672721 0.0019290886 0.05298363 0.19733952 0.0004719561 0.28575045 0.091655724 0.0001385212 0.22219013 0.0011419372 0.01225503 0.2214741 0.0009413604 0.0008014362 0.025458166 0.002387345 0.07583302 0.0005798453 0.036081534 0.00020147894 5.6049936e-05 2.040012e-05 9.554938e-06 0.00032635807 0.0010402157 0.025866788 0.0698989 4.331447e-05 8.119411e-05 0.038728263 0.012107739 0.004501764 8.291247e-05 0.007567421 0.027256077 0.00048253254 0.0011142133 0.064292185 0.09962476 0.017492428 5.4574343e-07 0.007720042 1.8360128e-06 0.043357182 0.0017465692 0.0029645297 1.4371606e-05 0.005141634 0.00041394096 0.00043553166 0.00051122607 3.687853e-05 0.003682877
0.0006498856 0.0012780848 5.0604598e-05 0.042419575 0.000878915 2.3993427e-05 0.00021447752 0.021221556 1.3320952e-05 0.056887295 0.0034566785 8.432222e-05 1.8291523e-05 0.01365987 0.3497629 0.047045745 3.4340903e-06 0.00031218884 8.318409e-06 6.503246e-05 0.0001448096 0.061736666 0.00017449372 0.0015043046 0.43453828 0.73624104 9.4766794e-05 9.032561e-23 6.6342436e-05 9.2358736e-05 0.054025225 8.224555e-06 3.4081052e-07 0.21837565 2.8904886e-05 0.56053054 3.540214e-05 0.047168996 5.614936e-06 1.5022795e-05 0.012285901 0.14751889 0.0002937039 0.0010693732 8.464016e-08 0.10844169 0.05806531 0.018660339 2.3292305e-06 2.511877e-07 1.5621445e-05 6.6824614e-06 7.905073e-08 3.5575154e-05 7.957536e-06 0.018796396 1.5306696e-05 0.0069302167 0.0012956335 1.000545e-05 1.0552207e-06 0.0018746308 8.193369e-05 1.5508408e-07 3.1673574e-06 2.367524e-08 3.0718907e-06 1.7115225e-09 1.3339835e-08 0.0009150573 0.0016861905 3.4854922e-06 3.329393e-06 1.6797534e-06 5.4809134e-06 4.501615e-06 3.5513747e-06 5.265821e-07 2.5523182e-06 3.7363968e-06 2.5258637e-06 4.158917e-06 4.424915e-06 5.1835023e-06 9.178982e-07 8.696874e-06 2.7612484e-06 6.657726e-05 1.7009554e-09 8.48347e-06 6.710801e-09 1.782876e-06 1.2220891e-05 5.5033624e-06 3.9140032e-12 6.325365e-05 2.866701e-07 2.9821738e-09 0.00013385549 6.404333e-07 9.655778e-05
0.66241294 0.015797073 0.012341723 0.0005708763 0.08609738 0.037218645 0.0036817987 0.044747666 0.018357648 0.0138574 0.12192266 0.1985015 0.046063464 0.05810745 0.0009939609 8.80153e-06 0.0011952093 0.59032667 0.03451471 0.18931897 0.37941045 6.9878884e-06 0.8083975 0.47222415 6.294389e-06 5.105308e-05 0.48379844 6.6342436e-05 3.8590855e-21 0.17145914 0.015153081 0.011992379 0.002165863 0.0017710628 0.026825862 7.900088e-05 0.0099999895 2.0897296e-06 0.003710054 0.1126351 0.086894885 3.93659e-05 0.48670024 0.16688305 0.00063523505 6.361841e-06 2.9298771e-08 0.0057106093 0.0049327686 8.707177e-05 0.0049297214 0.04090508 0.00016369956 0.58673376 0.023200436 0.00027342528 0.08571254 0.0006108171 0.02059457 0.12146536 4.514274e-05 0.0023088467 0.038931925 0.00010473943 0.016210856 1.77637e-05 0.016207023 2.113159e-06 2.8350217e-07 7.800766e-06 1.4977805e-05 0.00090569985 0.0017501764 0.012771952 0.015848152 3.062097e-05 8.063443e-05 0.005221134 0.0028807302 0.00061292393 2.7472292e-05 0.0016194483 0.003767058 0.0003083623 0.00051049335 0.0068506002 0.011944026 0.0017448051 6.831282e-08 0.0017697299 2.44716e-07 0.021885462 0.000556454 0.0014144384 2.9863605e-07 0.0017218115 1.2920506e-05 0.00032287106 0.00023694446 6.3770174e-05 0.0012371908
0.7794035 0.024189483 0.01357394 0.0011893755 0.1097886 0.08178664 0.004383548 0.03693922 0.049422983 0.008232933 0.06886862 0.43852037 0.16978131 0.020937987 0.0015235821 3.0387602e-05 0.0040558707 0.19939059 0.29744014 0.57432044 0.05121921 2.3194185e-05 0.09335405 0.036705613 1.23054115e-05 5.223497e-05 0.7837486 9.2358736e-05 0.17145914 1.7808916e-15 0.0030939018 0.081163615 0.009128496 0.00066090317 0.41635397 0.00013267735 0.18008438 7.930989e-06 0.07123474 0.70152307 0.013283605 7.5727294e-05 0.040721588 0.016269999 0.007009261 1.4520877e-05 1.0161122e-07 0.0016120567 0.21703002 0.009006405 0.13348931 0.13195613 0.0017959027 0.25662234 0.1368968 0.00014802485 0.12285924 0.00043621854 0.005403152 0.15272632 0.004835787 0.0007943744 0.015427235 0.01266088 0.0757482 0.0026700979 0.02202129 0.0016183669 0.0003937561 6.934738e-06 1.0102261e-05 0.00022392644 0.00093177176 0.015550486 0.074514985 6.309615e-05 0.00014805264 0.042177133 0.004807004 0.0011659712 7.916982e-05 0.0028249244 0.010929531 0.00016187913 0.00058790634 0.123538785 0.09109763 0.024701942 7.3587385e-06 0.022848127 4.1894076e-05 0.032837782 0.0063326918 0.007443966 0.00015691975 0.008588933 0.001086843 0.008533841 0.0008564921 0.00040532084 0.0026027986
0.056434423 0.011605862 0.002031935 0.0155876875 0.034975592 0.0019232627 0.001968726 0.24783881 0.0005846972 0.2836718 0.2581887 0.0030605702 0.0005986422 0.5308124 0.22688504 0.009115203 6.407138e-05 0.038591854 3.164901e-05 0.0015006487 0.05009103 0.012021567 0.030671079 0.29053512 0.026724916 0.08881948 0.0027342623 0.054025225 0.015153081 0.0030939018 1.3123368e-21 6.1744606e-05 5.4087996e-06 0.7840549 9.310975e-05 0.14836673 8.8683155e-05 0.0036352556 6.8937957e-06 0.0017491954 0.76947117 0.097247995 0.05618691 0.17895612 2.136831e-06 0.04141287 0.00042789048 0.65075123 0.00012629507 4.2178823e-07 0.000126545 0.0023429554 2.7387857e-06 0.01832842 0.0014691128 0.035783313 0.0040517715 0.08531978 0.067029566 0.0034896636 3.3456133e-06 0.07399146 0.01674259 1.1137074e-06 0.0007539035 4.1053966e-07 0.00030872188 3.2808793e-09 7.50218e-08 0.0014976199 0.001780916 0.00088944245 0.0003144124 7.5781914e-05 0.00014391525 0.000204857 0.0001487874 5.036421e-05 2.8089253e-05 9.503137e-06 6.132531e-05 0.00012332991 0.00040546214 8.540834e-05 3.8089373e-05 0.0001383319 0.00022111974 0.0003773715 4.8098922e-08 4.663399e-05 7.0183193e-09 0.0029865087 3.513639e-05 1.7142016e-05 1.647498e-08 0.0001230983 8.3401216e-07 4.712677e-07 0.00015463594 1.4892815e-05 0.0006912074
