1.3250115e-31 0.0018179266 0.01224555 0.0021708582 0.036705937 0.14732324 0.105320774 0.0007426745 0.021893257 0.19121899 0.5345114 0.002333751 0.5556445 0.6916427 0.0015376962 0.016410846 0.68181497 0.04089836 0.4179698 1.4118015e-06 0.0006809899 0.0015351541 0.5034799 0.52394414 0.19333829 0.00049585255 0.967934 0.49261376 0.012882121 0.020390064 0.4349989 0.5694774 0.020645339 9.4685754e-05 0.11046819 9.830416e-06 0.043165047 0.024315948 0.52387244 0.22226395 0.00026852702 0.8087082 0.86967635 0.9288254 0.92285615 0.33690766 0.58634806 0.03956361 0.0026713614 0.89254534 0.9249122 0.7682075 0.17910859 0.7513737 0.004407679 0.12312647 0.00748875 0.9214502 0.6405507 0.63753307 0.014313182 0.082884744 0.11162768 0.0057763676 0.012614594 0.7245831 0.88291955 0.99312055 0.0029763172 0.84036905 0.8161424 0.015904794 0.9302766 0.25548735 0.33412895 0.9369784 0.8640981 0.012407094 0.9626499 0.009198095 0.42307752 0.9899217 0.8691309 0.012344512 0.06387383 0.9952973 0.1643784 0.6214284 0.99660945 0.9981873 0.8952213 0.64676565 0.9975939 0.9992668 0.99780333 0.9940589 0.99978197 0.9975969 0.99786484 0.06313634 0.00135189
0.0018179266 1.600772e-22 0.6004828 0.58381075 0.6623655 0.19162175 0.30873567 0.25018075 0.36696988 0.03360962 0.018527972 0.02852234 0.004168588 0.0056381556 0.00868118 0.0067701857 0.00047249693 0.0027167927 0.0010988796 0.11986271 0.0020378463 0.001224071 0.00031483758 6.2918414e-05 0.0006545653 0.0021970132 0.000118176074 9.449694e-05 0.0021156366 3.624821e-05 6.478127e-05 0.00010528835 0.00034644472 0.0012794719 5.702885e-06 0.003446169 1.6857587e-06 1.5186508e-05 3.904447e-05 1.0318668e-05 0.0011754545 0.00015790829 2.5516501e-05 1.5652851e-05 3.364252e-05 3.259063e-05 7.93585e-05 1.0835327e-06 0.0005600305 1.7116663e-05 2.9422072e-05 1.1260281e-05 1.5122439e-05 1.8187746e-05 2.2670767e-05 2.213232e-05 2.1682986e-06 2.575687e-06 6.156031e-06 2.8513e-06 3.5843589e-06 3.240239e-05 5.3043104e-06 9.8907785e-06 9.917637e-07 3.0257068e-05 2.3310395e-06 3.768139e-05 4.216648e-05 1.5875241e-05 8.292267e-07 5.099546e-07 2.3083696e-05 4.9220097e-07 5.7574476e-07 3.0109857e-07 3.4491293e-06 2.8935178e-08 1.2398334e-08 3.4889955e-09 1.0447277e-06 2.9614313e-05 4.790455e-08 2.7140883e-09 1.4944174e-09 2.5730933e-05 1.300412e-09 1.3122111e-07 0.00020861335 0.0016823708 0.00028708228 4.349727e-05 8.041955e-07 5.82386e-05 2.392237e-05 0.00021924377 0.00040264367 0.0017658531 0.00072523626 3.8180956e-12 4.728644e-15
0.01224555 0.6004828 8.85759e-22 0.79167145 0.09077335 0.7003873 0.047997158 0.11254948 0.024509033 0.5471819 0.05989192 0.06932712 0.012399773 0.06737896 0.022335269 0.15939465 0.012570621 0.078119434 0.046820585 0.008599453 0.0048291446 0.004259795 0.015583176 0.0069572013 0.0017269142 0.0018599952 0.0052398695 0.009771434 0.007592128 0.008071372 0.004097871 0.0070438166 0.0073642116 0.0015875865 0.0019076072 0.0015186688 0.0012352184 0.002104346 0.00033477708 0.0012859891 0.0032009305 0.00044552312 0.00059558195 0.00013572646 0.00018705633 0.0012363486 0.0009133676 0.00048663098 0.0023070492 4.406481e-05 0.0001999768 0.00014670953 0.00013086176 0.0003542117 0.0012062675 0.0001997797 0.00015886291 5.396143e-05 4.1089334e-05 5.0461516e-05 9.8107244e-05 0.0008408966 6.199573e-05 0.00011769659 4.3334385e-05 3.4622735e-05 8.410581e-06 0.0008222171 0.00014560016 9.7076314e-05 7.5423823e-06 4.1737592e-05 6.4010426e-05 1.8905681e-05 7.69313e-06 6.9489915e-06 3.38781e-05 3.0262274e-06 1.9697961e-07 2.419868e-07 1.8473623e-06 1.678395e-05 1.9772153e-07 3.799294e-07 3.851787e-08 3.1625146e-05 2.6673376e-08 1.0468491e-06 0.00048277123 0.0029187724 0.0003643309 0.0005069761 9.392522e-06 0.00022159301 0.00058725383 0.0009933568 0.00039788632 0.001771861 0.00045052383 8.420023e-09 4.0553075e-11
0.0021708582 0.58381075 0.79167145 2.4720334e-22 0.026275298 0.16217238 0.010747091 0.4823546 0.010722547 0.14223926 0.0059551215 0.12558873 0.0016226508 0.011622386 0.050749242 0.08065244 0.0027204743 0.020479515 0.010300666 0.023078974 0.007085538 0.0071731326 0.003006884 0.0017756241 0.00012028952 0.0042077284 0.00075882114 0.0012833949 0.015752453 0.0022945993 0.00047882405 0.0007068779 0.004603142 0.0019318954 0.00023789587 0.0026853739 0.00016302218 0.0011375708 3.2370328e-05 0.00020371204 0.0021147984 0.0001806297 0.000120172226 4.0620544e-05 3.5829256e-05 0.00023725082 0.0003383527 2.2313821e-05 0.0021621927 2.8095334e-05 3.6134108e-05 6.392221e-05 5.6521283e-05 0.00016695801 0.00055214524 6.653461e-05 2.2637736e-05 7.2257594e-06 2.0069814e-05 4.9590694e-06 2.1399197e-05 0.00011206486 1.8895587e-05 3.9698385e-05 7.350925e-06 3.7444315e-05 3.4163234e-06 4.7654463e-05 4.7767437e-05 4.392547e-05 7.157266e-06 3.4594732e-06 3.3167627e-05 6.0632724e-06 8.169218e-06 1.1299454e-06 7.540372e-07 3.5765376e-07 2.1361318e-08 5.4469513e-09 8.0438036e-07 6.020255e-06 3.8396255e-08 7.126163e-09 1.6927605e-09 3.1150335e-06 4.11655e-09 1.6345554e-08 3.4077544e-05 0.0011759057 0.00019733811 4.466586e-05 7.834072e-07 8.359364e-06 0.00030315312 9.7997e-05 0.00010300915 0.0011937016 0.000121874255 3.3919154e-09 7.623505e-12
0.036705937 0.6623655 0.09077335 0.026275298 1.0910654e-22 0.23168108 0.87618726 0.0055315504 0.8096232 0.0334925 0.3130411 0.0015767956 0.11189051 0.022394413 0.0006773035 0.0017683076 0.007706841 0.0022967446 0.0019605702 0.0022839396 0.00014941946 7.6413875e-05 0.0021218578 0.00073177076 0.0971342 0.00025531216 0.0014392 0.000587043 0.00054577214 0.00020774416 0.00018488218 0.00020418759 0.00021868224 7.774561e-05 2.148754e-05 8.25726e-05 2.413864e-05 4.8443057e-05 0.0054470594 2.5415859e-05 4.3013028e-05 0.0032207284 0.00020931242 0.0007288814 0.00082021015 2.7593838e-05 0.00026088458 6.531168e-06 8.3741856e-05 0.0018111414 0.0013061315 1.294378e-05 1.064651e-05 2.0781401e-05 2.3596273e-05 1.8920922e-05 3.153976e-05 2.712848e-06 2.2358405e-05 5.50416e-06 1.11635045e-05 2.7021004e-05 1.0153733e-05 1.1403635e-05 2.19571e-06 6.75623e-06 1.1837029e-06 0.0016511332 6.3837535e-05 0.00025412574 4.3812008e-07 2.3418172e-06 3.5186316e-05 4.882835e-07 4.1376583e-07 1.5934793e-05 0.0008121332 5.833907e-08 4.3380277e-09 6.386024e-09 1.3500538e-07 5.8790432e-05 3.5448589e-09 1.2111866e-08 7.126948e-10 1.100334e-05 4.4860965e-10 1.230389e-08 0.000827211 0.0056121238 0.0038600797 0.0014547609 2.8860319e-05 9.089702e-05 0.00036843063 0.009189761 0.0025083849 0.010169864 0.0020526652 4.7658616e-10 1.1552516e-14
0.14732324 0.19162175 0.7003873 0.16217238 0.23168108 1.6054594e-18 0.20643772 0.01506377 0.06467954 0.8694695 0.5030751 0.0147231 0.1584194 0.52665603 0.010540134 0.10664438 0.14687067 0.13779944 0.18201691 0.00019431906 0.0028684926 0.0026951183 0.06527969 0.020476013 0.024889586 0.00023349733 0.023758616 0.030216519 0.003507171 0.021522967 0.005531823 0.0037479228 0.011913964 8.040544e-05 0.0039838143 4.167109e-05 0.005750175 0.005650913 0.0039234594 0.0026914992 0.00057949865 0.0028812208 0.005754992 0.0010652484 0.0011082045 0.00029883222 0.0043983217 0.0017114753 0.0022276593 0.001165496 0.00093534146 0.00022684169 6.993332e-05 0.00012973495 0.0013680115 0.00023116973 0.00085726933 3.245722e-05 0.00025414853 7.691514e-05 0.00038868224 0.0006337858 2.4486988e-05 0.0004939441 0.00010223551 1.292137e-05 1.0470143e-05 0.0035211581 0.00051294855 0.00018132819 2.1029002e-06 2.8943225e-05 3.5525518e-05 1.9365592e-05 4.4757894e-06 1.9229921e-05 0.0017244348 1.6212873e-05 9.3957816e-08 7.704497e-06 3.4199172e-07 0.00021949167 1.1020872e-08 2.4433837e-06 1.7501344e-07 0.00012620103 2.2728944e-08 1.1646052e-07 0.00021695005 0.0020359862 0.0017724475 0.0015787426 2.093275e-05 0.00013496773 0.00023202538 0.008156844 0.0018615843 0.0053413697 0.00028599906 5.910863e-07 8.2058715e-09
0.105320774 0.30873567 0.047997158 0.010747091 0.87618726 0.20643772 9.775211e-23 0.00070142146 0.91455066 0.025086403 0.5191897 0.00039828342 0.28531286 0.04006495 0.00012243868 0.00068332406 0.02565008 0.0016027679 0.0022749389 0.00019884185 1.4162646e-05 6.5679824e-06 0.0029129647 0.00080149097 0.30395004 8.860949e-06 0.0026349956 0.0006132215 0.00014524072 0.00016780995 0.00012304433 0.00011729555 6.1778e-05 9.43773e-06 1.8636998e-05 7.169931e-06 1.47762e-05 2.8709035e-05 0.016170131 8.819528e-06 1.674746e-05 0.0061612646 0.0005119545 0.0018945597 0.0018864243 2.3747954e-05 0.00029889037 1.9561166e-06 7.648518e-05 0.0043239235 0.003113305 6.246954e-06 1.2469529e-06 3.213501e-06 2.615668e-05 4.3835057e-06 1.3002311e-05 7.7915126e-07 2.58377e-05 5.176596e-06 1.7981259e-06 1.0020567e-05 2.6516989e-06 5.519788e-06 6.7973946e-07 1.9214915e-06 7.3056475e-07 0.0049921023 4.3508677e-05 0.0003741473 1.3474259e-07 4.237962e-07 3.2047315e-05 1.1684099e-07 8.313617e-08 1.8395085e-05 0.0026024487 1.2708001e-08 5.0070104e-09 1.2188383e-09 3.0198155e-08 5.9542435e-06 1.2326199e-09 6.277875e-09 2.1838897e-10 2.6805903e-06 1.7508461e-10 3.3399974e-09 0.00015902129 0.0038815758 0.008549224 0.0067529427 6.218726e-06 4.931089e-06 0.00011449594 0.032320477 0.001895796 0.013218775 0.0013365917 3.8385817e-10 7.666012e-15
0.0007426745 0.25018075 0.11254948 0.4823546 0.0055315504 0.01506377 0.00070142146 7.1733175e-21 0.0007966386 0.026561761 0.00013542171 0.6497338 0.0001129493 0.0014516399 0.377627 0.11256955 0.0001973225 0.016746687 0.0022463722 0.3227373 0.077675544 0.076178536 0.00030320662 0.00010892632 6.9395874e-06 0.039349567 1.845414e-05 0.00023437274 0.035814933 0.000897308 9.3668525e-05 0.0001964949 0.0058892993 0.01146182 2.7637976e-05 0.010389567 8.515897e-05 0.00064409256 6.5852623e-06 2.9877338e-05 0.0061239693 6.232301e-05 6.057516e-06 6.203095e-06 4.8887323e-06 1.3887284e-05 1.9863575e-05 7.813013e-06 0.003519226 4.985881e-06 4.840096e-06 1.2416563e-05 1.583484e-05 3.343736e-05 0.00037191052 1.4208303e-05 9.294452e-06 2.2733718e-06 5.6594286e-06 1.5113563e-06 1.6144106e-05 4.64331e-05 6.9377743e-06 1.5741369e-05 9.963763e-06 2.3625995e-05 2.1561036e-06 2.0539857e-05 3.6793095e-05 4.37565e-06 1.3504626e-06 1.6591944e-06 6.2047743e-06 2.5602753e-06 5.3759715e-07 4.0711853e-08 1.3990064e-07 3.5672144e-07 4.7927555e-09 2.5381423e-08 2.9250208e-07 9.163655e-06 8.860301e-09 1.459413e-08 2.0339257e-09 4.3900695e-06 7.2113195e-09 1.27372894e-08 5.5339853e-05 0.00015124134 7.695791e-05 6.4234578e-06 1.1309394e-06 6.248852e-05 0.000204129 1.2453219e-05 4.1314284e-05 0.0006421152 0.00026165775 1.4357185e-08 9.8201204e-11
0.021893257 0.36696988 0.024509033 0.010722547 0.8096232 0.06467954 0.91455066 0.0007966386 5.8586905e-21 0.008207595 0.27778426 0.00032126036 0.10324245 0.012890133 8.013613e-05 0.00033085412 0.0046981713 0.00041735245 0.0009459442 0.00019409478 1.1730645e-05 4.8892543e-06 0.0021160673 0.00042949966 0.33612043 1.126099e-05 0.0008398952 0.0004545103 3.5901423e-05 4.4284592e-05 6.217383e-05 8.093281e-05 3.0477544e-05 7.0189785e-06 1.0944346e-05 1.4306595e-05 8.748399e-06 1.2874088e-05 0.013445739 6.0652737e-06 1.8202252e-05 0.0025894402 0.0002654153 0.0006876439 0.00028147403 1.858005e-05 0.00027134691 1.0360876e-06 0.0002626002 0.0012550359 0.0010043227 4.808163e-06 4.144287e-06 6.0298394e-06 6.2145577e-06 6.189922e-06 5.582958e-06 1.1397551e-06 3.265011e-05 6.6645775e-06 1.7336895e-06 1.6462896e-05 3.1957813e-06 4.293546e-06 6.43311e-07 6.737879e-06 8.749263e-07 0.0021830448 8.255091e-06 0.00013180288 5.00735e-07 2.7895496e-07 4.6510297e-05 1.3756005e-06 3.5513727e-07 2.4269648e-06 0.0033651616 6.5122535e-08 2.0027603e-08 9.631386e-09 1.7837476e-07 9.7154625e-06 2.1407898e-08 1.8670557e-08 3.4588872e-09 3.6032916e-06 2.6919351e-09 2.0951e-07 0.00013909626 0.0018688854 0.011483975 0.010067124 3.7963516e-06 1.7392214e-05 1.9261857e-05 0.04883764 0.0011274865 0.009257762 0.0023672276 4.2429474e-13 2.064521e-17
0.19121899 0.03360962 0.5471819 0.14223926 0.0334925 0.8694695 0.025086403 0.026561761 0.008207595 1.6407193e-18 0.12111159 0.059506215 0.043479186 0.61934906 0.029493427 0.43037862 0.14885768 0.68115765 0.69948536 0.00028287148 0.012427717 0.018332506 0.28110632 0.06707513 0.0035849388 0.0021065052 0.052004606 0.14396262 0.031390145 0.11077291 0.0157523 0.011388143 0.05944613 0.0009380669 0.025281182 0.00020968403 0.033186894 0.035042968 0.0013902648 0.010348765 0.0021672961 0.002586619 0.01220183 0.0011720711 0.003928508 0.0014644163 0.011678028 0.0064927605 0.0031846648 0.0012304592 0.0017937606 0.0024798494 0.00036609115 0.0010036462 0.006714428 0.001009065 0.0013230676 0.00047572708 0.00094012864 0.00048979325 0.0006826672 0.0005764722 4.6767338e-05 0.0004996696 0.00010006763 7.3129675e-05 0.00014030797 0.0023167403 0.00047859212 0.00046950942 6.5036643e-06 1.5710068e-05 0.0001088173 1.9557501e-05 7.862721e-06 0.00015417078 0.00034709158 5.8208807e-06 5.153265e-07 2.417376e-06 1.3004624e-06 0.0012900691 1.5143256e-08 7.192329e-07 1.1964373e-07 0.00046475363 1.8318728e-08 8.917271e-08 0.0009177684 0.005401205 0.0016373282 0.0014994106 0.00013106472 0.0010140591 0.0007071777 0.007402336 0.002197686 0.0029554078 0.00046301057 2.8510797e-06 9.685367e-08
0.5345114 0.018527972 0.05989192 0.0059551215 0.3130411 0.5030751 0.5191897 0.00013542171 0.27778426 0.12111159 8.3027355e-22 0.00020256922 0.9010686 0.41157675 7.135685e-05 0.0020126242 0.3368414 0.007134515 0.016073417 2.5320596e-06 9.5666255e-06 2.998931e-06 0.02041515 0.0073835645 0.28089797 1.579188e-06 0.037261646 0.0059049586 1.46463e-05 0.001741047 0.0006954219 0.0011811253 0.00022186515 2.749479e-06 0.00046644956 1.5348098e-06 0.0002474089 0.00018550013 0.08277957 8.63184e-05 2.8962995e-05 0.024826467 0.011154549 0.01186953 0.0043941247 9.45376e-05 0.0063463193 5.1625822e-05 0.00019847204 0.017002674 0.007082286 0.0003673022 2.7603637e-06 2.2399252e-05 0.0001400051 9.022049e-06 0.00023609902 5.366421e-06 0.00035286878 0.00043535684 5.3159198e-05 2.4655965e-05 2.381569e-06 0.00038258132 1.700936e-05 1.9716147e-06 1.7349828e-06 0.014956896 0.00067180727 0.0015194555 2.3904605e-07 2.4417915e-05 3.1734515e-05 4.796528e-07 4.7189053e-07 0.00026048583 0.01559971 7.45013e-07 1.8017943e-08 2.0788515e-07 7.757455e-08 0.00021557954 7.2248624e-10 5.1763016e-07 2.8200693e-09 6.1041035e-05 4.0599218e-10 6.4888535e-09 0.0008151521 0.0045018243 0.024368199 0.02003691 0.0001344922 0.00046297794 0.00018902606 0.14705236 0.00345411 0.017987447 0.0009452684 3.1816668e-07 3.728421e-11
0.002333751 0.02852234 0.06932712 0.12558873 0.0015767956 0.0147231 0.00039828342 0.6497338 0.00032126036 0.059506215 0.00020256922 7.902035e-21 0.00014446367 0.0033945048 0.7548929 0.5728703 0.0005039984 0.06763215 0.009016743 0.048048854 0.19151363 0.18818986 0.0018223758 0.0007807718 9.179294e-06 0.07108998 7.938545e-05 0.003440993 0.07273302 0.005516926 0.0005104062 0.0007132259 0.015947107 0.020897841 0.00024973726 0.0101152565 0.0009104065 0.0033927716 6.888125e-06 0.00021252084 0.0076496964 4.0457475e-05 1.8024002e-05 3.820821e-06 1.1363099e-05 5.9616676e-05 8.82804e-05 6.1216095e-05 0.0046880185 4.478377e-06 9.664433e-06 1.4738244e-05 3.288294e-05 8.983599e-05 0.0017189835 2.5274965e-05 2.456333e-05 7.615659e-06 4.8636944e-06 2.4203748e-06 1.5063424e-05 5.1039402e-05 1.7928942e-05 1.18897115e-05 7.0487285e-06 2.801122e-05 1.9830231e-06 4.4654313e-05 1.7058112e-05 5.7580655e-06 1.5158298e-06 1.2251716e-06 1.0259048e-05 1.3359888e-06 6.042293e-07 1.8162872e-07 4.060091e-07 2.5687436e-07 1.2194109e-08 1.1674536e-08 3.2027728e-07 8.855727e-06 6.0460623e-09 1.6366082e-08 3.790449e-09 7.524371e-06 2.2935311e-09 1.4276548e-08 7.92381e-05 0.00015822108 4.4471275e-05 5.669773e-06 1.7949908e-06 8.084109e-05 0.00028272584 2.9586396e-05 0.000113229595 0.00038324445 0.00012306978 7.0605495e-08 6.523622e-10
0.5556445 0.004168588 0.012399773 0.0016226508 0.11189051 0.1584194 0.28531286 0.0001129493 0.10324245 0.043479186 0.9010686 0.00014446367 1.00832166e-19 0.2460531 0.000101551894 0.0006218868 0.34010845 0.0036961979 0.015280218 4.4473713e-06 2.3807483e-05 1.2753998e-05 0.029106343 0.017129213 0.5798578 1.0701603e-05 0.12579212 0.005892136 3.3174743e-05 0.0011540974 0.0024290557 0.006106039 0.00012634843 1.2746386e-05 0.0009311957 7.0681967e-06 0.00026539 0.00022770737 0.2983388 0.0002539988 8.307037e-05 0.1693693 0.06410173 0.10604726 0.019786112 0.0019597067 0.021621516 0.00011588481 0.0005446597 0.12806092 0.036495797 0.0032960682 7.487439e-05 0.00034241343 0.00032280607 0.00010002859 0.00073146936 7.408399e-05 0.0017248994 0.0028088477 0.00016326069 0.00022618499 3.5866447e-05 0.0015509356 0.00012767574 4.216616e-05 1.7118442e-05 0.09600143 0.0020144023 0.008116005 7.309108e-06 0.00018782982 0.00018508946 5.552308e-05 1.4931399e-05 0.0007285148 0.14232747 2.1053753e-05 1.391754e-07 3.305354e-05 3.5328833e-06 0.0015890009 1.0825265e-08 2.2892222e-05 1.1037513e-06 0.00029017532 1.3934127e-07 4.975049e-07 0.0020910364 0.01046698 0.08073826 0.07816934 0.00034016246 0.00075727806 0.0008203448 0.40749398 0.005593924 0.033363413 0.001968927 1.5561455e-06 2.1303288e-09
0.6916427 0.0056381556 0.06737896 0.011622386 0.022394413 0.52665603 0.04006495 0.0014516399 0.012890133 0.61934906 0.41157675 0.0033945048 0.2460531 4.4888126e-20 0.0028358155 0.055781916 0.87030566 0.14918648 0.4527856 3.893335e-06 0.0010333948 0.0007642546 0.32785353 0.13955827 0.01654864 2.9713552e-05 0.37787047 0.09133762 0.0031533234 0.04904799 0.024206318 0.024078954 0.017748902 8.850113e-06 0.028928017 1.9533222e-06 0.041799497 0.022889286 0.012582165 0.015384415 9.357977e-05 0.0096492525 0.056878794 0.014181364 0.012053488 0.0066331523 0.024502242 0.011664994 0.0014779286 0.0094949 0.013076764 0.0062687225 0.0015183481 0.0012848392 0.004674014 0.003943625 0.0027671936 0.0006533246 0.0038812293 0.0038204442 0.001671841 0.0009988309 0.0001556469 0.0018505178 0.00022646946 0.00014589359 0.00013255732 0.027705386 0.0005743951 0.0059597287 1.1669445e-05 2.8114686e-05 0.00016767942 2.0949605e-05 7.1717573e-06 0.0010226545 0.02152214 2.8008575e-05 5.327496e-07 4.946213e-06 1.3176567e-06 0.0043829633 4.9447454e-08 1.0809117e-05 7.0173957e-07 0.0017157268 3.3180108e-08 3.1991556e-07 0.0017350806 0.006562802 0.017724434 0.01749021 0.00086654804 0.0012922252 0.000927059 0.08523285 0.00478972 0.011628125 0.0011144921 1.8551314e-05 1.1425715e-08
0.0015376962 0.00868118 0.022335269 0.050749242 0.0006773035 0.010540134 0.00012243868 0.377627 8.013613e-05 0.029493427 7.135685e-05 0.7548929 0.000101551894 0.0028358155 7.146765e-22 0.61036503 0.0005595455 0.060609046 0.010395023 0.041438874 0.48452133 0.43322027 0.0023319758 0.0010230389 4.7996145e-06 0.12082616 8.6758446e-05 0.0049373484 0.14358655 0.009402771 0.00051447854 0.00070856087 0.022258293 0.021003878 0.00045737662 0.012053866 0.0017135789 0.0067034937 2.3271366e-06 0.00034713873 0.010810052 1.6224983e-05 1.4717527e-05 3.2281805e-06 1.0606431e-05 9.491567e-05 3.695528e-05 9.1694805e-05 0.010678432 3.0613623e-06 9.410022e-06 1.36541175e-05 3.612294e-05 0.00011251924 0.003515511 4.5102417e-05 3.1238975e-05 1.0239539e-05 4.375161e-06 2.425308e-06 1.0640787e-05 2.9616403e-05 1.1248893e-05 9.607413e-06 4.2093056e-06 1.9973693e-05 1.9863244e-06 1.5535528e-05 1.3730847e-05 6.6599073e-06 2.0225843e-06 8.0014104e-07 1.7137421e-05 9.407729e-07 6.733238e-07 1.8929241e-07 1.7339448e-07 7.448073e-08 1.4781829e-08 4.584895e-09 4.8652043e-07 1.1329148e-06 7.74518e-09 1.6592324e-08 5.2521665e-10 1.39187e-06 6.6363964e-10 6.0199867e-09 7.5189196e-06 3.635602e-05 1.1104393e-05 5.413472e-07 6.25117e-07 9.310909e-06 0.00013334496 1.3338215e-05 4.7664187e-05 0.00017675513 3.0673753e-05 8.1604725e-08 6.1890715e-10
0.016410846 0.0067701857 0.15939465 0.08065244 0.0017683076 0.10664438 0.00068332406 0.11256955 0.00033085412 0.43037862 0.0020126242 0.5728703 0.0006218868 0.055781916 0.61036503 8.5891365e-21 0.011246786 0.8282251 0.26185 0.008525039 0.21905948 0.2824577 0.050440256 0.013635986 4.1099174e-05 0.059608646 0.002954733 0.11114643 0.3173457 0.2792127 0.018961495 0.008822162 0.21463443 0.034781627 0.041049205 0.009891176 0.14331234 0.1315264 4.6807716e-05 0.019229107 0.02810877 7.28919e-05 0.00060991576 1.3972039e-05 0.00011674549 0.0017119236 0.0007917722 0.01943825 0.057787202 4.3086784e-06 4.3962304e-05 0.00020915797 0.00040795322 0.0005673977 0.053842627 0.0010650315 0.003082063 0.00017422585 9.9429504e-05 8.648872e-05 0.00082997594 0.0006075278 5.7650188e-05 0.00043083786 0.00013066846 7.3034396e-05 3.235758e-05 0.0002666773 0.0007397935 3.279203e-05 3.8294997e-06 6.125461e-06 5.7442692e-05 1.2377595e-05 4.0032623e-06 1.7141762e-06 1.9520373e-06 2.7551225e-06 4.1089842e-07 8.891451e-07 2.918534e-07 1.9144778e-05 2.7271042e-08 4.794891e-07 5.5221147e-08 1.8392417e-05 1.4831619e-08 4.3577753e-08 0.0001293811 0.000109410554 4.5434233e-05 1.1688846e-05 7.801629e-06 0.00036325972 7.682555e-05 7.6067634e-05 0.00025210774 0.00029051036 4.1190087e-05 9.461481e-07 6.44877e-08
0.68181497 0.00047249693 0.012570621 0.0027204743 0.007706841 0.14687067 0.02565008 0.0001973225 0.0046981713 0.14885768 0.3368414 0.0005039984 0.34010845 0.87030566 0.0005595455 0.011246786 1.15111294e-20 0.03950697 0.17904499 5.186986e-07 0.00017998282 0.00016161244 0.27492777 0.172476 0.07956456 3.3192213e-05 0.6524713 0.060334582 0.0007787673 0.02750619 0.03503047 0.05576519 0.0053204186 2.2763536e-05 0.036967568 2.3249606e-06 0.017529929 0.012557327 0.05316116 0.026841523 0.00014292773 0.05361905 0.1362123 0.0798215 0.06672022 0.02986932 0.05351079 0.009742292 0.00092515 0.039326217 0.064081684 0.018428702 0.0063588354 0.009049203 0.0033615693 0.010238572 0.0014163037 0.0018277852 0.008276837 0.008276001 0.0011322194 0.0029013918 0.00040071947 0.0017608242 0.00034134337 0.00067746313 0.0002917286 0.08724062 0.0007959446 0.021826198 0.00013905222 0.00011877829 0.0005689368 0.00023053546 7.6110446e-05 0.0027894191 0.07605898 9.088602e-05 2.3516532e-06 2.1306136e-05 1.0544717e-05 0.008649093 1.9872591e-07 1.666409e-05 3.876278e-06 0.0016955076 4.3871879e-07 5.4025384e-07 0.0032198683 0.008777796 0.04274542 0.04190182 0.0006495102 0.00043205536 0.0009030013 0.23275939 0.0032342945 0.021131966 0.0016932761 5.492184e-06 1.0021382e-08
0.04089836 0.0027167927 0.078119434 0.020479515 0.0022967446 0.13779944 0.0016027679 0.016746687 0.00041735245 0.68115765 0.007134515 0.06763215 0.0036961979 0.14918648 0.060609046 0.8282251 0.03950697 3.934657e-22 0.74963427 0.00027705918 0.027308445 0.05332326 0.22620784 0.07168895 0.0002329995 0.010266718 0.025674341 0.46572703 0.19941765 0.5723132 0.07812634 0.031894702 0.2593041 0.0060418216 0.18610002 0.0004453292 0.32556114 0.19717295 9.873697e-05 0.100992665 0.009265402 0.00025389876 0.004868366 7.438153e-05 0.0010210918 0.0053051356 0.0064476915 0.065846145 0.030540645 6.63544e-05 0.00011148062 0.0028632816 0.0022631015 0.0028848872 0.06381191 0.006937163 0.009908704 0.00080769695 0.00045754653 0.00027549913 0.0045634923 0.0015735875 0.000108647866 0.0017806087 0.00023453396 9.244959e-05 0.0001536037 0.00036921483 0.0011560438 9.509316e-05 8.728515e-06 2.8401757e-06 6.5741086e-05 9.327084e-06 4.4137e-06 1.1590331e-05 1.9153351e-06 1.0570063e-06 3.4818626e-07 2.1837243e-07 4.7022883e-07 5.676539e-05 6.0663807e-09 1.4666118e-07 1.5613022e-08 2.4578561e-05 4.6638347e-09 1.43465915e-08 8.5107014e-05 0.00018179587 4.3531505e-05 2.7490873e-05 6.6531534e-06 0.0002213647 5.078813e-05 0.00016646387 0.00018819793 0.0003265511 3.5467052e-05 1.0479708e-06 4.8534726e-08
0.4179698 0.0010988796 0.046820585 0.010300666 0.0019605702 0.18201691 0.0022749389 0.0022463722 0.0009459442 0.69948536 0.016073417 0.009016743 0.015280218 0.4527856 0.010395023 0.26185 0.17904499 0.74963427 3.1153374e-22 2.2861057e-06 0.00482111 0.008020618 0.8063288 0.51439095 0.0013277733 0.00035504502 0.27155128 0.64470285 0.051895857 0.3441485 0.13854067 0.08894424 0.14036398 0.00013995664 0.30798838 2.016502e-06 0.20766254 0.13310838 0.001019554 0.12930536 0.0010715928 0.0025357464 0.03336404 0.0017358263 0.009379172 0.017022314 0.029635342 0.061353605 0.0061067995 0.0019251904 0.0038518629 0.01375646 0.0054177106 0.0052623497 0.02948896 0.009101635 0.009825074 0.0029476332 0.0029997064 0.0033838064 0.0074604936 0.0017153586 0.00019295567 0.0019357828 0.00019577405 0.00022168137 0.0009155566 0.0035496193 0.0006151078 0.0024592958 2.4576942e-05 2.4710234e-06 0.00025564767 1.0981734e-05 6.0026373e-06 0.0011408736 9.1256785e-05 9.742281e-07 9.406769e-07 1.2803342e-07 2.7173803e-07 0.00066204753 1.110481e-08 1.7879594e-07 7.62138e-09 0.002198146 9.905249e-10 8.864476e-09 0.0010415509 0.0013681942 0.0012868595 0.0006248992 0.0004748244 0.0010560422 0.0013621928 0.0044317404 0.0018271613 0.003142531 0.0005830645 4.467235e-06 1.5217058e-08
1.4118015e-06 0.11986271 0.008599453 0.023078974 0.0022839396 0.00019431906 0.00019884185 0.3227373 0.00019409478 0.00028287148 2.5320596e-06 0.048048854 4.4473713e-06 3.893335e-06 0.041438874 0.008525039 5.186986e-07 0.00027705918 2.2861057e-06 7.8881834e-28 0.029413959 0.018349234 6.5039035e-07 6.176045e-07 3.9752635e-07 0.09378787 7.831296e-08 3.2886437e-06 0.020835668 0.00036348993 5.2537143e-06 7.834191e-07 0.0024800706 0.020744028 6.3510714e-07 0.38423756 0.000103915125 0.0008753858 1.3094875e-08 2.8409722e-06 0.020982604 2.9902864e-08 3.145088e-07 2.7899977e-08 7.43355e-09 1.149861e-07 2.2761907e-07 3.08477e-06 0.015682226 3.1649023e-08 1.4347468e-08 4.6272337e-08 2.2694215e-07 1.8373045e-07 0.0015136556 5.768923e-07 1.1671247e-05 1.4822513e-08 2.7927289e-08 3.700033e-08 2.124639e-06 3.3992164e-06 1.18705415e-07 3.84315e-06 1.1861076e-06 4.153819e-08 1.13533964e-08 1.1817131e-08 7.94508e-05 1.6716207e-08 1.4061887e-08 1.9663409e-07 4.174493e-08 1.3808244e-07 7.946398e-09 2.514711e-10 9.488153e-11 4.3048436e-09 1.4494988e-11 5.125558e-11 4.059124e-10 4.543538e-06 3.3201452e-11 7.862551e-11 5.400866e-12 7.071483e-07 4.3011626e-11 2.8539126e-11 1.3845569e-06 1.5895131e-07 6.8762383e-06 5.049654e-08 3.6115516e-08 6.67618e-08 2.115513e-07 1.8746144e-07 4.3756156e-08 3.526235e-06 5.9969607e-10 5.788743e-14 2.0274282e-15
0.0006809899 0.0020378463 0.0048291446 0.007085538 0.00014941946 0.0028684926 1.4162646e-05 0.077675544 1.1730645e-05 0.012427717 9.5666255e-06 0.19151363 2.3807483e-05 0.0010333948 0.48452133 0.21905948 0.00017998282 0.027308445 0.00482111 0.029413959 1.564943e-22 0.72080535 0.0007469146 0.0003024981 2.686743e-06 0.4081606 2.329136e-05 0.0029902023 0.3094685 0.008221419 0.00038976947 0.00042607682 0.034388795 0.04499239 0.00020542709 0.022989286 0.0016732782 0.006995173 1.713264e-06 0.00027022616 0.029943604 4.761292e-06 7.1097465e-06 2.0551151e-06 6.922303e-06 7.652355e-05 1.6995644e-05 9.847563e-05 0.02241801 1.7873193e-06 5.2437385e-06 4.944161e-06 3.1970605e-05 9.378866e-05 0.0053692274 4.0783925e-05 5.0110815e-05 7.0381357e-06 3.207182e-06 7.612416e-07 7.804695e-06 1.9986173e-05 7.4250665e-06 6.2764834e-06 2.115712e-06 2.1971668e-05 3.5132148e-06 5.313632e-06 2.3025059e-05 5.663802e-06 9.1660354e-07 3.7923252e-07 1.2405427e-05 3.184663e-07 3.0587987e-07 2.2771962e-07 5.6415107e-08 1.5684657e-08 1.7527059e-08 1.1066935e-09 4.0519984e-07 4.4129905e-07 8.493025e-09 3.441317e-09 1.3561012e-10 5.909465e-07 5.583378e-10 5.9005214e-09 2.2990268e-06 1.7242375e-05 5.7074726e-06 1.5145848e-07 3.295942e-07 3.42523e-06 7.692724e-05 3.6679394e-06 1.2657727e-05 5.1796258e-05 4.595763e-06 2.5405011e-08 9.92974e-11
0.0015351541 0.001224071 0.004259795 0.0071731326 7.6413875e-05 0.0026951183 6.5679824e-06 0.076178536 4.8892543e-06 0.018332506 2.998931e-06 0.18818986 1.2753998e-05 0.0007642546 0.43322027 0.2824577 0.00016161244 0.05332326 0.008020618 0.018349234 0.72080535 8.876459e-23 0.00064706686 0.00024515227 9.676962e-07 0.3715097 1.9305682e-05 0.004520252 0.39872354 0.012018099 0.00059517036 0.00042680415 0.058542043 0.07069748 0.00025289465 0.02335922 0.001998913 0.009621507 8.839278e-07 0.00032468233 0.040342797 6.4639976e-06 4.2221104e-06 9.558441e-07 3.102105e-06 7.1811235e-05 1.5443293e-05 0.00015701151 0.02669333 5.0739953e-07 2.0409104e-06 1.9362426e-06 3.2083368e-05 3.5884037e-05 0.0061074463 3.5026118e-05 8.1080754e-05 5.1683433e-06 2.522874e-06 3.5915224e-07 1.4185922e-05 1.6609938e-05 5.152501e-06 7.644548e-06 2.7115339e-06 2.0457224e-05 1.6518892e-06 7.198509e-06 1.8883662e-05 1.7716776e-06 4.7545961e-07 2.7813599e-07 6.137027e-06 1.3910454e-07 1.4832533e-07 6.2428924e-08 6.987494e-08 1.8421247e-08 8.745875e-09 1.2795919e-09 1.18544094e-07 9.979725e-07 1.2642357e-09 6.2453656e-09 8.237624e-10 2.5656282e-06 4.0254547e-10 7.199926e-09 1.8724384e-05 5.759244e-05 1.2188244e-05 4.5493843e-07 1.1595224e-06 2.0225254e-05 0.00019305377 5.4179627e-06 0.000106688676 0.00013063445 2.2458933e-05 7.3437285e-08 5.8765737e-10
0.5034799 0.00031483758 0.015583176 0.003006884 0.0021218578 0.06527969 0.0029129647 0.00030320662 0.0021160673 0.28110632 0.02041515 0.0018223758 0.029106343 0.32785353 0.0023319758 0.050440256 0.27492777 0.22620784 0.8063288 6.5039035e-07 0.0007469146 0.00064706686 7.2244467e-22 0.8105476 0.004879328 4.494544e-05 0.60579395 0.43865332 0.004843733 0.107643336 0.13259438 0.17416063 0.041371446 1.8120865e-05 0.18025742 1.1026929e-06 0.09508803 0.05917786 0.005418204 0.11231791 0.00024417136 0.007718525 0.12698597 0.013687286 0.023680942 0.057116345 0.06930232 0.052045472 0.0024852995 0.0069425767 0.017147405 0.03320713 0.017676804 0.014172963 0.012335085 0.026964508 0.011052983 0.0044610263 0.009647122 0.012955655 0.012650891 0.008856662 0.002175063 0.0042654984 0.0016760323 0.0014730585 0.001145552 0.028731264 0.0011719114 0.011769392 0.00024404727 7.097752e-05 0.000871364 0.0001506471 7.453186e-05 0.0029434394 0.010657992 1.855073e-05 4.0869368e-06 3.719949e-06 1.978899e-06 0.005510209 1.4785573e-07 7.86302e-06 2.777368e-07 0.0020523656 1.2199715e-08 7.4948716e-08 0.0014398878 0.0029119174 0.015056066 0.023680339 0.0009913709 0.0012582014 0.0014139574 0.08071176 0.0014983814 0.005069754 0.0008428079 3.2157346e-05 2.0529507e-08
0.52394414 6.2918414e-05 0.0069572013 0.0017756241 0.00073177076 0.020476013 0.00080149097 0.00010892632 0.00042949966 0.06707513 0.0073835645 0.0007807718 0.017129213 0.13955827 0.0010230389 0.013635986 0.172476 0.07168895 0.51439095 6.176045e-07 0.0003024981 0.00024515227 0.8105476 6.3520076e-21 0.003244723 2.7472839e-05 0.7801286 0.3678117 0.0016203367 0.051272888 0.22901793 0.37671617 0.016858857 1.8906907e-05 0.20549819 1.946787e-06 0.065516144 0.03615659 0.004562168 0.17216407 0.0002587618 0.009488237 0.2061406 0.019551028 0.054461557 0.106182456 0.10173048 0.047786217 0.0014158998 0.007128659 0.031514835 0.048282336 0.032429263 0.038462926 0.0070736557 0.054360308 0.008099969 0.016943874 0.015809674 0.020355059 0.019348554 0.016690604 0.006123306 0.0033434064 0.0031685554 0.0047334307 0.0025896626 0.03831194 0.0016208899 0.02396449 0.0005800854 0.00015196568 0.0019178787 0.0003980125 0.00016724742 0.0053379075 0.012240477 5.5846966e-05 1.8605884e-05 1.5378333e-05 5.984843e-06 0.010133028 6.362105e-07 2.2000166e-05 2.4658443e-06 0.0033068738 1.0529683e-07 1.2111734e-07 0.0015982452 0.0016074566 0.01760547 0.030535962 0.0016312357 0.00082938967 0.0017489892 0.15935655 0.000537022 0.0038140719 0.0005986308 3.0491845e-05 4.6699792e-08
0.19333829 0.0006545653 0.0017269142 0.00012028952 0.0971342 0.024889586 0.30395004 6.9395874e-06 0.33612043 0.0035849388 0.28089797 9.179294e-06 0.5798578 0.01654864 4.7996145e-06 4.1099174e-05 0.07956456 0.0002329995 0.0013277733 3.9752635e-07 2.686743e-06 9.676962e-07 0.004879328 0.003244723 2.6513398e-19 1.4831649e-06 0.014142435 0.00057933154 4.0806663e-06 4.1320392e-05 0.00015637312 0.00053397194 7.690805e-06 7.522495e-07 8.604735e-05 8.7276203e-07 2.7387428e-05 2.3831422e-05 0.8850181 5.238703e-05 5.040623e-06 0.26456404 0.013799716 0.047338445 0.004892179 0.00021908054 0.005586053 1.5511692e-05 5.644312e-05 0.10316189 0.013682705 0.00034850586 1.970813e-05 1.2204434e-05 2.272354e-05 7.333682e-05 0.00025262733 1.6790086e-06 0.0007027878 0.00043550527 0.00022248513 0.0003102652 4.122062e-05 0.00094561855 9.52311e-05 8.580913e-05 1.6553032e-06 0.05908736 0.00036062827 0.0012146113 1.515102e-05 0.00029745864 0.00037442156 2.5761401e-05 1.4831514e-05 2.0506095e-05 0.44150007 4.526655e-05 6.850933e-08 8.287231e-05 1.644482e-05 0.001621319 1.6762465e-07 1.2634861e-05 1.4132005e-05 3.3551016e-05 1.07138355e-07 2.1967803e-06 0.0011372303 0.011561376 0.09307889 0.13694173 2.7497452e-05 9.1185015e-05 2.7427159e-05 0.46545586 0.0011004218 0.031279102 0.0010080814 3.5214025e-08 1.4988362e-13
0.00049585255 0.0021970132 0.0018599952 0.0042077284 0.00025531216 0.00023349733 8.860949e-06 0.039349567 1.126099e-05 0.0021065052 1.579188e-06 0.07108998 1.0701603e-05 2.9713552e-05 0.12082616 0.059608646 3.3192213e-05 0.010266718 0.00035504502 0.09378787 0.4081606 0.3715097 4.494544e-05 2.7472839e-05 1.4831649e-06 1.1624487e-21 2.8560871e-06 0.0001462562 0.4319724 0.0026989006 6.9227746e-05 4.4508954e-05 0.0327601 0.4303309 2.3640825e-05 0.36757144 0.00047920478 0.0040128985 1.3378975e-06 3.834179e-05 0.16164114 9.700649e-06 2.872055e-06 2.7877024e-06 1.1511004e-06 4.1629046e-06 7.731923e-06 2.951836e-05 0.034510676 9.695547e-07 1.1375735e-06 2.3446773e-06 5.257358e-06 1.0912059e-05 0.0027707093 8.951729e-06 1.993873e-05 2.7590163e-06 4.9932046e-06 9.4567537e-07 8.650361e-06 2.3903258e-05 5.0499334e-06 5.7711936e-06 6.107967e-06 6.3220077e-06 6.6298253e-06 6.4565857e-06 2.6226218e-05 1.6340584e-06 2.856192e-07 7.823127e-07 3.6490917e-06 5.3827745e-07 1.6692512e-07 4.7841635e-08 1.763147e-08 1.6811933e-07 1.8657245e-08 9.559662e-09 1.4057952e-07 6.6019476e-07 3.6015133e-09 1.3955252e-08 1.6894867e-09 2.1115936e-06 4.9493383e-09 7.905415e-09 9.618303e-06 4.8281054e-06 7.423523e-06 1.7211944e-07 2.539473e-07 4.9346504e-06 7.1319904e-05 9.1887836e-07 9.991081e-06 6.661454e-05 5.572165e-06 7.584246e-08 4.075664e-10
0.967934 0.000118176074 0.0052398695 0.00075882114 0.0014392 0.023758616 0.0026349956 1.845414e-05 0.0008398952 0.052004606 0.037261646 7.938545e-05 0.12579212 0.37787047 8.6758446e-05 0.002954733 0.6524713 0.025674341 0.27155128 7.831296e-08 2.329136e-05 1.9305682e-05 0.60579395 0.7801286 0.014142435 2.8560871e-06 9.141458e-19 0.37200195 0.00078541215 0.022163281 0.38886705 0.6411365 0.0052222023 2.3073055e-06 0.13212173 1.2608018e-07 0.04401563 0.015053121 0.029180055 0.205432 2.4551478e-05 0.024251351 0.50318784 0.08687759 0.44378707 0.2991632 0.22981563 0.034321237 0.00011426164 0.033142865 0.1924709 0.16353433 0.10774097 0.17781377 0.0015722495 0.086287946 0.0034348064 0.055001624 0.024905864 0.04739155 0.010286069 0.03183035 0.012806696 0.0013390145 0.0024625862 0.007646192 0.013188146 0.15870437 0.0007749097 0.06849969 0.0009584388 0.00011968375 0.003629441 0.00033622637 0.00021806623 0.02116369 0.048179414 0.000116061885 2.4535633e-05 2.4266717e-05 6.7142355e-06 0.045929357 8.7547215e-07 8.203933e-05 3.119671e-06 0.048078913 1.9311905e-07 1.7992978e-06 0.024315145 0.013894028 0.057885163 0.041733067 0.00858618 0.0037173463 0.005755376 0.4060109 0.0054558613 0.016740805 0.002056023 3.7886857e-05 3.9672546e-08
0.49261376 9.449694e-05 0.009771434 0.0012833949 0.000587043 0.030216519 0.0006132215 0.00023437274 0.0004545103 0.14396262 0.0059049586 0.003440993 0.005892136 0.09133762 0.0049373484 0.11114643 0.060334582 0.46572703 0.64470285 3.2886437e-06 0.0029902023 0.004520252 0.43865332 0.3678117 0.00057933154 0.0001462562 0.37200195 3.1521564e-22 0.03679217 0.56474996 0.64144087 0.548184 0.2886531 0.00011491732 0.74761736 4.930346e-06 0.5481188 0.31514758 0.00095633656 0.5940359 0.0010865637 0.0027723138 0.060405295 0.0029653723 0.012888 0.09914052 0.035963606 0.23663457 0.01039305 0.0021715777 0.007564336 0.020577434 0.03327985 0.031517036 0.048640378 0.08403457 0.045023233 0.014755952 0.006453751 0.011866768 0.03992352 0.026644124 0.0048037567 0.021018008 0.008452444 0.0012778477 0.005397505 0.009449749 0.00685834 0.007448599 0.00041854221 7.23101e-05 0.0011117263 0.00012066639 0.000101060716 0.003933138 0.0018944748 2.9289175e-05 2.7779854e-05 2.9107414e-06 2.7610301e-06 0.0028919997 9.2027096e-07 5.412256e-06 5.6586106e-07 0.0066373064 2.7309301e-08 2.2095453e-07 0.0011324883 0.0016606407 0.012891215 0.009006306 0.0030621772 0.0007908666 0.0022616847 0.051288083 0.0029670584 0.0036503535 0.000961896 1.72556e-05 1.9979417e-08
0.012882121 0.0021156366 0.007592128 0.015752453 0.00054577214 0.003507171 0.00014524072 0.035814933 3.5901423e-05 0.031390145 1.46463e-05 0.07273302 3.3174743e-05 0.0031533234 0.14358655 0.3173457 0.0007787673 0.19941765 0.051895857 0.020835668 0.3094685 0.39872354 0.004843733 0.0016203367 4.0806663e-06 0.4319724 0.00078541215 0.03679217 1.3862117e-18 0.2817837 0.008089142 0.00470878 0.72455966 0.39089224 0.0069345403 0.10865918 0.1453133 0.34334671 1.925991e-05 0.009900897 0.5282573 7.164427e-05 4.1694628e-05 5.188626e-06 3.307536e-05 0.00040939334 0.00017870568 0.031257454 0.4807459 5.1917496e-06 6.41082e-06 6.806477e-05 0.00037921016 0.0016179146 0.22814721 0.00065127236 0.0118119335 0.0016753884 7.5789794e-05 1.744582e-05 0.0013743275 0.0013269607 0.00017726325 0.0008124877 0.00020720222 4.616592e-05 0.00043027592 0.00010215617 0.0016604736 4.9566247e-06 6.327799e-06 2.9972483e-05 3.505723e-05 1.4489504e-05 4.3651794e-06 1.6203157e-06 2.504738e-06 6.148855e-06 1.5690702e-06 4.1941485e-07 6.059645e-07 3.754197e-05 3.6812732e-08 4.4399823e-07 7.985679e-08 5.708967e-05 4.9274128e-08 1.8416023e-07 0.00081385986 0.00022759642 5.833159e-05 9.080939e-06 3.1651278e-05 0.0013593235 0.001072894 0.00010835771 0.0007272483 0.0003897585 0.00037268185 4.3179334e-06 1.1940128e-07
0.020390064 3.624821e-05 0.008071372 0.0022945993 0.00020774416 0.021522967 0.00016780995 0.000897308 4.4284592e-05 0.11077291 0.001741047 0.005516926 0.0011540974 0.04904799 0.009402771 0.2792127 0.02750619 0.5723132 0.3441485 0.00036348993 0.008221419 0.012018099 0.107643336 0.051272888 4.1320392e-05 0.0026989006 0.022163281 0.56474996 0.2817837 2.7541331e-24 0.18251981 0.08119018 0.78616655 0.0037300244 0.5302318 0.0003034322 0.84475106 0.6686008 0.0001400732 0.46575397 0.017916627 0.0006312261 0.00779855 0.00021331152 0.0016297988 0.03967447 0.013167121 0.46462658 0.09973551 0.0003027108 0.0005221916 0.008358623 0.025362797 0.019803653 0.33184457 0.052713446 0.121788174 0.0072178226 0.0035306336 0.0017314928 0.05504725 0.02357127 0.0074266116 0.017903509 0.0071026986 0.0052688103 0.0029075688 0.000598217 0.011515819 0.0006128833 0.0010179179 1.0698654e-05 0.0008244541 0.00030387208 0.00016991553 9.90124e-05 5.711145e-05 2.5580957e-06 2.2051123e-05 5.4916864e-08 4.3165892e-05 1.3019696e-05 4.7804446e-07 9.673571e-08 2.5212982e-08 0.00037617644 8.509827e-08 1.2733483e-07 0.00010413894 0.00014943999 0.00036530365 0.00024189556 0.00012263021 0.00033489813 0.00043910585 0.000622617 0.00030115733 0.0004241816 4.831774e-05 3.909844e-06 1.2057751e-07
0.4349989 6.478127e-05 0.004097871 0.00047882405 0.00018488218 0.005531823 0.00012304433 9.3668525e-05 6.217383e-05 0.0157523 0.0006954219 0.0005104062 0.0024290557 0.024206318 0.00051447854 0.018961495 0.03503047 0.07812634 0.13854067 5.2537143e-06 0.00038976947 0.00059517036 0.13259438 0.22901793 0.00015637312 6.9227746e-05 0.38886705 0.64144087 0.008089142 0.18251981 6.184615e-20 0.68241286 0.076456815 0.00012039959 0.7361488 1.1831133e-05 0.3146267 0.124369025 0.0009813827 0.69520235 0.0015889526 0.004127769 0.1199834 0.0060828663 0.028876593 0.37795636 0.07676017 0.21292022 0.0074564423 0.0026317646 0.015010782 0.04733822 0.15208605 0.15463777 0.029123906 0.23254189 0.0462775 0.06961884 0.023605974 0.028580766 0.070720285 0.07337058 0.025221933 0.022081334 0.027363995 0.021834817 0.016229961 0.016969506 0.007881896 0.019935636 0.0051404503 0.0004986533 0.008480915 0.0010772184 0.0013026528 0.0077004493 0.0021878176 0.00015434157 0.00022231779 4.1053885e-05 4.974124e-05 0.011393782 1.817937e-05 2.2364611e-05 7.2741927e-06 0.014930225 7.484997e-07 1.458838e-05 0.0034750013 0.0029085658 0.014458226 0.013257787 0.005548378 0.0030730895 0.0035211914 0.080790505 0.0011974443 0.002228505 0.0006041121 9.5939584e-05 6.147884e-07
