2.5405115e-30 0.0044761463 0.35902926 0.4030316 0.116319574 0.38627574 0.81621325 0.0016650341 0.15459305 0.82856196 0.08427613 0.7515338 0.037248585 0.00024033814 0.8321026 0.0008261491 0.07306605 0.8948429 0.845568 0.9051672 0.00034055745 0.7245971 0.34616908 0.5557432 0.6406875 0.4334419 0.033559624 0.38172126 0.9553793 0.9571331 0.021086795 0.8436 0.22412682 0.35785565 0.039313726 0.6820743 0.90204 0.107883826 0.0035559873 0.26967657 0.09491973 0.83740544 0.9319794 0.9108807 0.99721646 0.0056938566 0.52546024 0.09090728 0.99275374 0.9178215 0.05443336 0.9408466 0.014588699 0.9477483 0.0018794255 0.34105477 0.0076407357 0.75500506 7.4607483e-06 0.69257295 0.00417717 3.645097e-05 0.9473493 0.9061188 0.9994562 0.95234156 0.017159494 0.13501751 0.0010270919 0.66624045 0.9968585 0.062512934 0.59500027 0.99870086 0.19091038 0.19617571 0.7698489 0.99567515 0.8554975 0.52760434 0.00031543264 0.0047850152 0.9406436 0.3830078 0.4372317 0.009209239 0.06696139 3.1450642e-07 0.007245776 0.99799967 0.48215517 0.020604152 0.99991226 0.99976486 0.005377229 1.2789809e-05 0.00026448217 0.0020336711 0.0011695571 0.03194863 0.99835193
0.0044761463 6.182377e-19 0.5130603 0.10089461 0.82388896 0.050548222 0.037884604 0.14245732 0.10107442 0.010026633 0.040088575 0.020030778 0.14052473 0.05196034 0.007549594 0.055531718 0.012776272 0.0016409203 0.0053031067 0.0011109324 0.019079506 0.0010119632 0.00021333247 0.0034467059 4.4279815e-05 8.3011955e-06 0.00018005389 3.8594685e-06 0.00034227368 0.007890481 0.000810994 8.728794e-05 1.1403916e-05 8.2195675e-06 3.7152782e-05 0.00020141438 7.4695236e-05 3.647232e-05 0.0006864841 1.09212515e-05 4.241674e-05 4.084396e-06 3.1929743e-05 2.269296e-05 0.00488708 0.00081861176 5.0910744e-06 1.7391385e-05 0.0075934385 1.3685171e-05 1.4888967e-05 0.018385693 6.0924335e-06 6.4734295e-06 0.06589846 8.38821e-06 1.9838755e-05 8.2921554e-07 0.00020987191 3.7656803e-06 3.1649317e-05 0.0006080935 6.272995e-06 6.9249304e-06 0.003852484 6.6353537e-06 6.139093e-06 1.9604242e-05 1.1672616e-05 1.5731109e-06 6.8956633e-06 6.7414912e-06 1.4736922e-05 0.00037087823 2.453803e-06 1.2089341e-06 6.641824e-06 0.00011626727 1.1948542e-06 1.273573e-05 3.027268e-05 4.1589483e-06 7.433742e-07 1.3659745e-05 1.0578438e-05 1.06500245e-07 7.8202365e-06 7.308355e-06 1.6993049e-07 1.4182776e-08 1.0510712e-05 2.651858e-06 3.2802167e-05 6.7950816e-05 2.0204636e-06 1.0015245e-05 1.8634526e-07 1.643716e-06 4.2065298e-07 0.07719249 7.976893e-05
0.35902926 0.5130603 2.4054407e-19 0.720919 0.6371981 0.54357487 0.38032672 0.008581155 0.11394328 0.2434171 0.03743253 0.55104566 0.49079373 0.0037211967 0.03297614 0.017654171 0.29112697 0.06344486 0.014697436 0.044392474 0.0029860917 0.016769871 0.00559018 0.027385427 0.0005010745 0.00016024652 0.0010223391 0.000115628805 0.021175414 0.11936013 0.0049636476 0.00041931833 0.00021585193 0.00019781086 0.00023521244 0.0049033496 0.0021058454 0.00025343985 0.002579892 2.8341923e-05 0.00032794208 6.1432314e-05 0.0002906664 0.00020715281 0.10821382 0.0007248754 3.0820425e-05 2.4023191e-05 0.07628464 0.00075771403 5.836723e-06 0.02840659 2.8728316e-05 4.0641975e-05 0.028793786 1.5182119e-05 4.91205e-05 2.9158284e-06 5.6239216e-05 1.2958421e-06 2.662312e-05 0.00013479397 0.0003997006 3.2014388e-05 0.02811851 3.3315243e-06 3.5273617e-06 0.00014082932 6.9093953e-06 6.368078e-07 0.0011208304 4.4451494e-06 1.3056837e-05 0.006527361 7.68925e-06 3.5174824e-06 1.422938e-06 0.0068197325 2.6272469e-06 1.4269688e-06 9.895543e-06 4.535261e-06 1.51439435e-05 6.346646e-07 6.3391594e-06 3.098536e-08 4.2061074e-06 1.3793247e-06 5.9557824e-08 1.8887325e-08 1.3655894e-06 1.369583e-06 0.0004170242 0.0006438177 2.967051e-07 6.1921246e-06 1.7430071e-07 3.0955513e-07 1.6156982e-07 0.31705254 9.895492e-05
0.4030316 0.10089461 0.720919 1.490999e-19 0.16463986 0.8555079 0.77234846 0.002433958 0.32435647 0.5564919 0.06978131 0.20420024 0.06955737 0.00053408375 0.10053632 0.00073202106 0.040337097 0.1486325 0.046172075 0.06533424 0.000826086 0.006227465 0.0023454584 0.044558197 6.9459005e-05 1.5720965e-05 0.00042293846 1.4866308e-05 0.058513395 0.3353715 0.00054013054 0.00021087323 5.8406516e-05 3.2057647e-05 0.000106704654 0.005829105 0.0026820751 0.00010791715 7.4031515e-05 1.5862697e-05 0.00014102904 1.0606644e-05 0.0005747713 0.00055871584 0.20732896 0.00013199217 1.608201e-05 7.0060314e-06 0.157289 0.00083998166 4.8236184e-06 0.050605223 1.2261025e-05 5.8796602e-05 0.031578857 1.4728477e-05 1.6423348e-05 4.0158e-06 2.8905022e-05 8.739672e-07 1.7847618e-05 2.02117e-05 0.0006514329 7.1942915e-05 0.11336226 2.9403936e-06 2.3552936e-06 7.3382995e-05 6.727773e-06 2.1583841e-07 0.0028256304 4.9332953e-06 1.4161875e-05 0.018665988 9.577348e-07 3.1030473e-07 6.805457e-07 0.016702602 6.2809263e-06 3.5067058e-07 1.92899e-06 6.760252e-06 2.7339074e-05 3.7225306e-07 3.3416623e-06 9.33074e-08 1.6181863e-06 4.993554e-07 3.954646e-08 6.5403583e-07 5.422333e-07 8.835553e-07 0.00056099246 0.00040599226 5.515744e-07 6.433343e-07 2.2172342e-08 1.5566258e-07 1.3149055e-07 0.24666874 2.0599258e-05
0.116319574 0.82388896 0.6371981 0.16463986 2.3425142e-19 0.08320756 0.07141811 0.02699019 0.022569073 0.03587941 0.024486888 0.21106198 0.7853625 0.060318097 0.020990275 0.32706305 0.17834565 0.0048947413 0.0064605223 0.007611082 0.0011820673 0.00685612 0.0017571296 0.0075583686 0.00029736955 6.224057e-05 0.0019792786 5.9460406e-05 0.0014884794 0.0109168375 0.027045647 0.00022106469 9.841481e-05 0.000101429556 0.0003867228 0.0010802548 0.00046265995 0.00077476335 0.0620244 0.00027312792 0.0012153083 2.9785815e-05 0.0001765895 9.868257e-05 0.032729063 0.018217102 8.839379e-05 0.00044174545 0.048506767 0.0005744291 0.0005118769 0.047158312 0.0011450594 0.000104170635 0.017883066 0.00016455306 0.0011695147 1.6410948e-05 0.0027739073 1.5455626e-05 0.0010169155 0.0023786265 0.00026791415 0.00012622065 0.0070382743 8.851345e-06 0.00061499904 0.0016843476 0.00043397682 1.1970983e-05 0.00017057697 0.00072715466 0.00013653656 0.0006826643 0.00012722371 7.320587e-05 1.1434223e-05 0.003066289 6.8786e-06 2.0558142e-05 0.00023925281 7.446621e-05 1.1678217e-05 1.6390379e-05 7.771432e-05 1.1490138e-05 1.2554806e-05 0.00014039363 6.625414e-06 2.0731642e-08 8.7750755e-05 9.569619e-06 0.00017601349 0.0003478564 4.6747136e-05 0.00014546847 4.254243e-06 4.2406164e-06 1.4871164e-06 0.12343842 0.00026905586
0.38627574 0.050548222 0.54357487 0.8555079 0.08320756 2.2676133e-18 0.4832588 0.00018825303 0.1200996 0.6941684 0.03204286 0.51545495 0.18744886 0.0002003284 0.03154083 0.0009174747 0.19490637 0.5302375 0.018854052 0.34434316 0.00025913448 0.06113816 0.021600232 0.31411228 0.0016187003 0.0006265304 0.0040914435 0.00075908494 0.24666841 0.21619613 0.0041833036 0.0036307513 0.0015867599 0.0009420183 0.0013842605 0.027064862 0.009085539 0.0015284773 0.00040465617 0.00050987524 0.0016790432 0.00030016637 0.0033066722 0.0031926776 0.10392517 0.0005508811 0.00026548086 0.00035297158 0.07519149 0.0027178952 0.00010353479 0.032329004 0.00010947954 0.0006303472 0.014799669 0.00010201228 0.00011631829 0.00013282432 7.706632e-05 2.3243476e-05 8.864976e-05 0.0001471519 0.0018976093 0.00031849594 0.07442114 2.8068687e-05 2.5460082e-05 0.0002010718 1.6005704e-05 7.5054654e-06 0.0065973066 1.5271076e-05 9.21627e-05 0.027091086 1.7390024e-05 5.7767334e-06 3.2975124e-06 0.034558266 3.1878113e-05 5.83418e-06 3.8035974e-05 1.9520867e-05 5.632096e-05 1.0258113e-06 2.1022737e-05 5.307055e-07 2.9410681e-05 1.5924758e-06 4.980176e-07 1.5423886e-06 1.7442102e-06 5.116306e-06 0.00072280277 0.0006782864 6.0346947e-06 3.2321454e-06 1.3784798e-07 2.2887648e-06 4.5587313e-07 0.16502394 0.00011777362
0.81621325 0.037884604 0.38032672 0.77234846 0.07141811 0.4832588 1.6784157e-20 0.0026877632 0.6350518 0.7260688 0.14406967 0.06815079 0.030936673 0.00034197446 0.17430273 0.0003021242 0.015200593 0.24063179 0.12812313 0.04406055 0.0020015626 0.0017527931 0.0004560423 0.03799408 2.0781143e-05 4.12852e-06 0.00023388286 2.3448094e-06 0.08567889 0.7136706 0.00027698072 6.1354505e-05 2.3580482e-05 9.6572e-06 3.4293535e-05 0.0057687815 0.0015474577 3.088554e-05 2.4151555e-05 2.354793e-06 3.7564532e-05 2.8515124e-06 0.00020433388 0.00044240948 0.40967247 2.709235e-05 2.6478174e-06 7.113497e-06 0.42630634 0.00015761911 2.896859e-06 0.19676797 1.8443374e-05 2.6282405e-05 0.012547709 2.1778337e-06 1.4666973e-05 1.2484116e-06 7.5474195e-06 7.3900836e-08 5.389717e-06 6.491488e-06 0.00023335173 1.0528218e-05 0.49470097 5.1014194e-07 1.9337936e-06 7.967438e-06 2.9968052e-07 1.05666755e-08 0.0049359687 8.530398e-07 5.0770933e-07 0.062106617 2.3625981e-08 1.1806589e-08 2.0635268e-08 0.017582584 1.693774e-06 1.1953144e-08 1.6709627e-06 8.474773e-07 3.2936346e-06 1.2335613e-08 5.238185e-08 2.0442801e-08 4.1738563e-08 1.7456438e-07 9.186215e-09 1.7428358e-07 5.5452723e-08 2.8928724e-08 0.00038382274 0.00019340926 1.3048795e-07 1.0902941e-06 8.8594604e-08 1.754081e-07 1.6201588e-07 0.3512423 3.1461457e-06
0.0016650341 0.14245732 0.008581155 0.002433958 0.02699019 0.00018825303 0.0026877632 1.3688336e-19 0.017796775 0.00015259102 0.023494897 0.00026501718 0.002608413 0.63394344 0.016544623 0.0026077428 0.0005806759 2.7295134e-06 0.00689265 2.3508057e-06 0.17600971 1.7193786e-05 1.0390904e-05 2.3942673e-06 4.03845e-07 5.169166e-08 5.363536e-06 3.138339e-08 1.2344069e-07 0.001755658 0.000104355575 1.9077443e-06 1.9725915e-07 1.5168297e-07 1.4088465e-06 5.713335e-07 2.819599e-07 3.1775594e-06 2.2091485e-06 3.628345e-07 5.1222964e-06 8.420654e-08 1.7180565e-06 7.0390314e-07 0.029186923 4.3471828e-06 3.3145713e-07 1.2509777e-06 0.1768116 2.4278352e-06 1.2956037e-06 0.3580987 9.307166e-07 1.7994616e-07 0.003975402 4.2030655e-07 4.4413164e-07 1.6604473e-07 8.046701e-06 4.690466e-08 1.654007e-07 5.915817e-06 6.434392e-07 1.7077659e-07 0.001043498 2.0968944e-08 1.7630849e-06 6.040942e-06 1.447115e-07 5.6610638e-08 8.325405e-07 5.194959e-06 4.3268474e-07 1.3162242e-05 4.6697096e-07 4.144036e-07 5.746605e-08 7.725215e-06 6.8790065e-08 2.0936321e-07 3.5309043e-07 1.5847606e-07 4.2717282e-08 6.9858316e-07 6.3402456e-07 1.3828519e-06 8.949236e-06 5.244786e-07 1.5293593e-07 2.2216782e-09 3.024251e-06 4.215733e-06 1.7731438e-05 4.1931286e-05 4.84325e-06 1.1032167e-06 1.3239591e-07 1.0271907e-06 9.389422e-08 0.032189105 2.1912325e-05
0.15459305 0.10107442 0.11394328 0.32435647 0.022569073 0.1200996 0.6350518 0.017796775 7.006743e-22 0.27404615 0.8296267 0.0059324135 0.008765395 0.0024855707 0.49657243 0.0013236412 0.00026983806 0.12482199 0.5929523 0.0042040683 0.025143197 0.00018483176 3.4252185e-05 0.008784948 5.102728e-07 5.7487096e-08 5.3498807e-06 3.9380485e-08 0.0131196845 0.47005695 9.864121e-06 7.4914283e-06 2.4621374e-07 9.258339e-08 3.4983685e-07 0.0011737368 9.5847754e-05 1.2808771e-06 0.00037911127 2.2920247e-07 1.8807233e-06 1.269932e-07 1.8063289e-05 3.9468378e-05 0.29520622 1.3275942e-05 1.5280749e-07 4.6589008e-07 0.39419112 2.1974018e-05 2.0094728e-07 0.6528661 4.659323e-07 4.931428e-06 0.08597408 2.1252296e-07 1.0591325e-06 6.92462e-08 1.51102295e-05 5.1129692e-08 3.87175e-07 2.4401477e-05 1.550795e-05 2.5379536e-06 0.04634242 7.804579e-07 1.7403661e-07 8.321657e-07 2.215257e-07 4.1391402e-08 6.736128e-05 3.0722381e-07 1.0694416e-06 0.0026125894 2.8514306e-08 1.4422893e-08 2.474066e-07 7.845153e-05 1.3706282e-06 1.4259464e-07 1.233162e-05 4.1772668e-07 2.8620516e-07 4.10559e-08 9.638944e-08 7.9031235e-09 1.2686677e-06 2.1058753e-09 1.2357579e-07 5.616931e-09 8.348142e-09 8.7283816e-08 1.0146442e-07 9.599388e-08 2.262295e-07 2.656205e-07 1.08877805e-08 5.480681e-07 4.6585473e-08 0.4164321 8.567734e-10
0.82856196 0.010026633 0.2434171 0.5564919 0.03587941 0.6941684 0.7260688 0.00015259102 0.27404615 4.055103e-20 0.051015478 0.3146489 0.027531475 3.6680285e-05 0.06343373 3.1618994e-05 0.03480342 0.82275325 0.036248475 0.37223232 0.0001604017 0.014427958 0.0035605838 0.4337575 0.00028687675 9.594452e-05 0.00045556913 6.8984235e-05 0.4028931 0.6173797 0.00018595623 0.00046680943 0.00019289846 0.00010488957 0.00013222589 0.019462185 0.0068020322 0.00018881708 3.0891977e-06 3.1990643e-05 0.00020106568 3.3341454e-05 0.00071664184 0.0023155313 0.278582 1.4027687e-05 2.1385078e-05 3.6035202e-05 0.31130314 0.00068554893 1.04468645e-05 0.1088234 1.6761633e-05 0.00014164449 0.008142276 2.9728417e-06 1.5759828e-05 8.86953e-06 6.963108e-06 7.3878886e-07 9.359196e-06 1.1375545e-05 0.00065086817 6.319829e-05 0.48037654 1.0725737e-05 1.1107268e-06 1.730395e-05 4.5678047e-07 2.1483623e-07 0.012191366 3.5740234e-06 5.5412543e-06 0.1579285 3.5596736e-07 1.2746179e-07 1.112196e-06 0.03984977 1.9801857e-05 3.3200885e-07 7.162182e-06 1.1888119e-06 7.5536045e-06 1.0858503e-07 4.1760603e-07 1.4380125e-08 2.8441235e-07 1.06349226e-07 1.0180793e-07 2.4680804e-07 4.368594e-08 1.6087056e-07 0.00079649995 0.00037983217 1.0780791e-06 2.4699373e-06 8.720626e-08 9.797691e-07 6.32189e-07 0.17029311 5.8680725e-06
0.08427613 0.040088575 0.03743253 0.06978131 0.024486888 0.03204286 0.14406967 0.023494897 0.8296267 0.051015478 4.7012548e-21 0.004697688 0.0076417276 0.00582087 0.41539666 0.0067084148 0.00027189375 0.016733853 0.5054996 0.0025375364 0.09281134 9.331563e-05 5.8054717e-05 0.005038324 7.458738e-07 1.5909964e-07 5.80135e-06 1.4055057e-07 0.0036109993 0.14828019 3.8184156e-05 2.78201e-05 3.5287934e-07 2.4211008e-07 9.956794e-07 0.00033507575 2.1537187e-05 4.3103555e-06 0.0024895812 2.041878e-06 5.8422474e-06 1.3883687e-06 1.02775175e-05 1.297761e-05 0.5164589 0.0001519109 1.29417e-06 7.085535e-06 0.6600318 7.844173e-05 1.5844439e-06 0.7707398 3.8841667e-06 2.630121e-05 0.4352691 1.132148e-06 4.4618537e-06 1.0334902e-06 0.00027617783 6.809034e-07 3.897834e-06 0.0001927995 2.0328169e-05 1.4285832e-05 0.04774886 2.2410738e-06 1.4886858e-06 7.1465165e-06 7.5656594e-06 3.225766e-07 1.2100559e-05 7.8396926e-07 4.6127698e-06 0.0015360502 1.6919198e-07 6.177744e-08 2.5231589e-07 2.9743787e-06 3.455505e-07 2.0847837e-07 7.5450414e-05 1.9417605e-06 2.649737e-08 2.2005292e-08 5.2860267e-09 2.7981406e-08 4.528879e-07 2.8337013e-08 5.1403585e-08 1.87703e-10 1.8032399e-10 3.799383e-08 1.11256135e-07 2.595825e-07 2.0657133e-07 2.9958025e-07 9.47189e-09 7.547433e-08 2.5298148e-08 0.3133858 4.083165e-10
0.7515338 0.020030778 0.55104566 0.20420024 0.21106198 0.51545495 0.06815079 0.00026501718 0.0059324135 0.3146489 0.004697688 6.0779234e-18 0.5526131 0.00046079638 0.0058325115 0.0031243293 0.91756755 0.14943962 0.003464634 0.3170618 0.00024358083 0.51927614 0.16032772 0.07254123 0.026642306 0.025859253 0.10096112 0.013529928 0.16688058 0.09384943 0.1711642 0.0046910127 0.011549925 0.006076446 0.032974888 0.0049250433 0.0036562032 0.026751474 0.017344125 0.015591643 0.023302507 0.0047729104 0.006849817 0.0024487947 0.042558808 0.028919455 0.0037980503 0.009380168 0.044432823 0.00092908234 0.0050917016 0.018297866 0.013022261 0.00066221575 0.00030461082 0.0013048435 0.011424007 0.00071819965 6.24691e-05 0.0005493473 0.008308701 0.00011066942 0.0012006719 0.00023784346 0.059109565 6.9555324e-05 0.002274591 0.0061704875 0.00083422585 7.65705e-05 0.0108306995 0.00018662582 1.1177822e-05 0.03232753 3.1443204e-05 1.0036768e-05 7.5476714e-06 0.013387688 1.5511101e-05 3.239111e-07 1.2486207e-05 0.00016427538 8.842225e-06 9.1277064e-07 7.51186e-06 5.336133e-06 4.7695403e-06 3.1473082e-05 1.2450315e-06 9.076873e-07 1.4348214e-07 5.67655e-07 0.0012896411 0.0032653008 4.7577964e-06 3.1841253e-05 9.166962e-07 1.930906e-06 1.0732239e-06 0.09454327 3.655938e-05
0.037248585 0.14052473 0.49079373 0.06955737 0.7853625 0.18744886 0.030936673 0.002608413 0.008765395 0.027531475 0.0076417276 0.5526131 3.511813e-18 0.01751732 0.0040821186 0.51021993 0.85884416 0.005977038 0.0034065605 0.010856062 0.0046550464 0.021083761 0.0038328995 0.0070854644 0.0014301739 0.0018956757 0.058140643 0.0016767598 0.0041142334 0.047681868 0.6412112 0.00042125647 0.0020010108 0.0014806465 0.014817908 0.0016410588 0.0007810045 0.01063502 0.6115801 0.008614515 0.010767229 0.00052278227 0.00080915797 0.0004609788 0.008772219 0.49985075 0.0008665526 0.01659489 0.011796152 0.000853548 0.020512093 0.009867947 0.09864573 0.0002709125 0.008410731 0.0007204075 0.08824199 3.374969e-05 0.016368434 0.00028356697 0.10602089 0.02090067 0.0009489314 0.00023103176 0.0128036365 9.853529e-05 0.0050251298 0.0114478255 0.042779557 0.000185057 0.00048282137 0.0030391847 0.00014159533 0.0025732184 0.0003194685 0.00022875733 4.535064e-05 0.0052813794 6.514127e-05 6.9298556e-05 0.005039912 0.0072374158 8.7836146e-05 0.00015985836 0.00029382185 0.00022772103 0.00015015756 0.0012122038 7.822188e-05 1.2469673e-06 0.00063779997 3.803768e-05 0.0008630199 0.005491569 0.00053045107 0.0005712711 0.00015777267 0.00011245123 4.2638716e-05 0.041604433 0.0017844317
0.00024033814 0.05196034 0.0037211967 0.00053408375 0.060318097 0.0002003284 0.00034197446 0.63394344 0.0024855707 3.6680285e-05 0.00582087 0.00046079638 0.01751732 6.2776576e-17 0.0023177506 0.6943685 0.001751685 2.0191346e-06 0.0019402094 4.853804e-05 0.0820473 5.3496537e-05 1.0958592e-05 7.461699e-05 5.0718213e-06 1.9356905e-06 3.2222273e-05 7.8202777e-07 7.302868e-07 0.00079021486 0.0009090635 5.3738377e-06 8.2079384e-07 6.0580385e-07 9.429553e-06 5.774032e-05 4.9891582e-06 1.55567e-05 0.004873394 1.1657999e-05 3.1678635e-05 6.534996e-07 1.6635318e-05 7.9353e-06 0.0033987903 0.0006673571 4.1298626e-06 6.416084e-05 0.009341933 1.358481e-05 0.000144873 0.014867755 0.00011020653 7.674394e-06 0.0058884392 1.0997737e-05 0.00012673787 1.090314e-06 0.04397226 1.9024128e-05 5.7359535e-05 0.0041987053 3.1495005e-05 1.4206148e-05 0.00078868394 2.4695804e-05 7.339048e-05 9.341554e-05 4.4810833e-05 2.8141943e-05 2.6730917e-05 8.446073e-05 6.070618e-05 9.093205e-05 1.2221754e-05 1.2769138e-05 2.6819802e-05 4.246033e-05 2.6149573e-05 7.5735465e-05 5.5338165e-05 2.6633837e-05 8.0124255e-06 7.686571e-05 2.6064497e-05 7.08031e-05 7.182582e-05 0.00085242215 1.0133292e-05 8.871095e-06 6.46725e-05 1.1380971e-05 0.00012439895 9.1311114e-05 2.7181117e-05 0.00036858136 4.294941e-05 4.427769e-06 8.091633e-06 0.003977653 0.00024721338
0.8321026 0.007549594 0.03297614 0.10053632 0.020990275 0.03154083 0.17430273 0.016544623 0.49657243 0.06343373 0.41539666 0.0058325115 0.0040821186 0.0023177506 9.838454e-19 0.002660154 0.000876155 0.04494782 0.7990341 0.0025991471 0.023067221 0.0003293647 3.7692178e-05 0.0033812835 1.0272005e-06 9.952812e-08 2.1630638e-05 9.636022e-08 0.016386302 0.26816794 2.3633114e-05 2.7301694e-06 8.878461e-07 2.9528016e-07 4.1268313e-06 0.00021380276 1.4838447e-05 9.2206216e-07 0.001604933 4.2826763e-08 1.1429007e-06 7.5900346e-08 1.2681446e-05 1.3184052e-05 0.2495852 1.5981012e-05 2.434669e-07 7.077474e-07 0.28114608 2.0082965e-05 3.459633e-07 0.2886099 4.69646e-06 3.4884154e-06 0.07980336 6.648922e-08 9.686624e-06 6.654539e-07 5.165377e-06 1.319863e-09 4.295914e-06 2.5289514e-06 2.5757126e-05 3.427404e-07 0.19876316 1.2890605e-08 3.2845205e-07 2.9254993e-08 3.4337575e-07 3.2295258e-10 0.00078444416 9.642802e-09 2.5107822e-09 0.04489149 2.589736e-10 1.14975175e-10 3.0846106e-10 0.0042544804 5.857586e-09 3.9691413e-11 5.5910647e-07 5.2924383e-07 2.5322985e-10 1.6007877e-10 6.831089e-11 7.143514e-09 5.0953725e-10 3.0491886e-08 3.8559014e-09 9.758434e-14 2.6292903e-13 5.0625688e-11 2.916575e-07 3.7889837e-08 2.9715959e-09 8.441558e-08 2.9283013e-08 6.879278e-09 3.2113782e-08 0.63159597 1.7840619e-13
0.0008261491 0.055531718 0.017654171 0.00073202106 0.32706305 0.0009174747 0.0003021242 0.0026077428 0.0013236412 3.1618994e-05 0.0067084148 0.0031243293 0.51021993 0.6943685 0.002660154 4.4361824e-18 0.02167617 1.1998167e-06 0.0023490994 3.9424925e-05 0.00038150465 0.000105232946 9.738821e-06 6.4199274e-05 4.1866692e-06 1.1662386e-06 4.882449e-05 1.1240535e-06 3.0004716e-07 0.0031776673 0.00957128 3.5405228e-06 5.668354e-07 1.2770508e-06 4.9699397e-06 3.7624694e-05 2.712641e-06 1.762405e-05 0.20439555 1.2018592e-05 3.5011755e-05 1.0239064e-06 3.5649514e-06 7.2785156e-06 0.0036501654 0.008518432 2.4172284e-06 3.6090918e-05 0.0089907 1.1751372e-05 4.2432115e-05 0.024007335 5.8304453e-05 2.4220626e-06 0.0011109345 5.067987e-06 7.253455e-05 5.769452e-07 0.105072476 2.3882742e-06 7.11724e-05 0.008846511 1.0606239e-05 3.1327295e-06 0.0010587765 1.7355023e-06 1.18136895e-05 3.9138304e-05 4.8676553e-05 2.7311255e-06 1.4028998e-05 2.1919474e-05 1.6071936e-05 3.1452022e-05 6.380555e-06 4.8543575e-06 2.5443128e-06 7.1118186e-05 5.711932e-06 1.7124386e-05 1.2298667e-05 1.4519258e-05 1.5781297e-06 1.4094145e-05 1.4610334e-05 2.023635e-05 9.693251e-06 0.00067353284 4.988416e-06 2.4411e-07 4.1589665e-05 1.1487178e-05 9.978887e-05 0.00018852306 3.3924043e-05 1.2604617e-05 2.7579483e-06 6.626804e-06 1.9234606e-06 0.016132858 0.0002946921
0.07306605 0.012776272 0.29112697 0.040337097 0.17834565 0.19490637 0.015200593 0.0005806759 0.00026983806 0.03480342 0.00027189375 0.91756755 0.85884416 0.001751685 0.000876155 0.02167617 2.5495547e-19 0.009579673 0.0004515717 0.043728467 0.0013519472 0.16416617 0.060361195 0.026289279 0.03214322 0.032441717 0.6385327 0.022973718 0.012187734 0.0088490285 0.76122165 0.005595039 0.020285038 0.013232846 0.18393457 0.0031377603 0.0022334186 0.09801392 0.14702241 0.07151687 0.08578023 0.009927342 0.006030213 0.0011384005 0.0017745169 0.24075523 0.0068779867 0.13517731 0.0028295428 0.0008289504 0.095286466 0.0028632244 0.24534439 0.0005187837 0.00018597735 0.002480649 0.14777288 0.00031871774 0.0025650533 0.002110381 0.11088529 0.0088002635 0.00063045364 0.0001981768 0.0028498094 0.00018078739 0.025630044 0.03743219 0.034579184 0.0004985042 0.0011941919 0.005210144 3.3250668e-05 0.0020816133 0.0002065618 0.00010469849 1.5704198e-05 0.0024212291 5.5684736e-06 8.602024e-06 0.004178547 0.009612403 9.679173e-06 1.2458244e-05 2.6431308e-05 0.00021173026 3.3801778e-05 0.0002993762 2.2568283e-05 1.2846045e-06 9.835677e-06 2.7680694e-06 0.00045217806 0.0018112462 1.4021253e-05 0.00025658705 2.1503982e-05 9.761807e-06 8.777799e-06 0.004848822 0.00014175975
0.8948429 0.0016409203 0.06344486 0.1486325 0.0048947413 0.5302375 0.24063179 2.7295134e-06 0.12482199 0.82275325 0.016733853 0.14943962 0.005977038 2.0191346e-06 0.04494782 1.1998167e-06 0.009579673 1.895014e-20 0.03880345 0.5583845 3.114013e-05 0.039100274 0.0124644 0.72252333 0.0014135488 0.0010040023 0.00024713133 0.0006354682 0.82168263 0.5093231 1.7024877e-05 0.0014802257 0.00094597804 0.00074417895 0.00017492643 0.14047281 0.023490556 0.0004566592 5.882153e-06 0.00011122841 0.0004343023 0.00026057602 0.0025272036 0.006746582 0.19743437 6.743369e-06 9.0154994e-05 1.8294855e-05 0.27635574 0.0032538646 5.831048e-06 0.15696432 2.415028e-06 0.00044694194 0.005711769 1.0806108e-05 3.6778556e-06 6.332698e-05 1.7584704e-06 3.9474758e-06 4.1734706e-06 4.9426994e-06 0.0030954615 0.00018197644 0.61060697 4.5939334e-05 1.2779939e-06 2.8495929e-06 8.416018e-07 2.271339e-06 0.040353104 3.7880263e-06 1.1081816e-05 0.43712446 6.83959e-07 2.7588626e-07 2.3924983e-06 0.16297533 1.450622e-05 7.220692e-07 2.0947639e-06 1.3104234e-06 2.3765595e-06 6.419541e-07 5.888824e-07 2.3203642e-08 3.9724588e-07 3.3819685e-08 3.5644806e-07 1.3877956e-06 5.3010233e-08 3.2441363e-08 0.00637978 0.0019526146 3.6633367e-07 5.730469e-07 2.1669795e-08 4.3599306e-07 1.2136489e-07 0.08126166 6.7781075e-06
0.845568 0.0053031067 0.014697436 0.046172075 0.0064605223 0.018854052 0.12812313 0.00689265 0.5929523 0.036248475 0.5054996 0.003464634 0.0034065605 0.0019402094 0.7990341 0.0023490994 0.0004515717 0.03880345 9.4530304e-20 0.0033502863 0.016822586 0.00017176653 3.5927835e-05 0.0018355438 1.3437746e-06 6.59986e-08 1.1556997e-05 5.02847e-08 0.0151518965 0.23237878 2.1926385e-06 1.7427803e-06 6.969708e-07 1.9881178e-07 3.751228e-06 0.0002844212 1.8603827e-05 1.3883742e-06 0.0012863467 1.4536438e-07 2.8454624e-06 6.8248745e-08 1.4800416e-05 1.8912426e-05 0.10059168 1.7439506e-06 2.7073182e-07 8.121339e-07 0.21426192 1.724568e-05 5.7657223e-07 0.24794964 9.720054e-07 3.12529e-06 0.06100539 6.197181e-08 8.460802e-07 3.3812123e-07 5.0041468e-05 5.737862e-09 7.640599e-07 5.1966185e-06 1.8336932e-05 4.5334167e-07 0.18127917 5.891944e-08 1.696502e-07 1.5265789e-07 9.183276e-08 2.3170106e-09 0.00041927848 1.970406e-08 5.885067e-09 0.067362644 3.485748e-10 7.914505e-11 7.7379253e-10 0.001781909 1.1706952e-09 2.59777e-10 2.5160966e-07 8.20015e-08 3.676994e-11 3.587847e-10 2.2194985e-11 1.4418025e-08 6.802358e-10 8.44724e-09 1.9543513e-09 5.4105934e-14 7.493648e-14 1.5568866e-11 1.332855e-07 1.4686363e-08 2.116514e-09 1.075058e-07 4.5391526e-09 4.9501314e-09 2.7953828e-08 0.7225056 5.055848e-13
0.9051672 0.0011109324 0.044392474 0.06533424 0.007611082 0.34434316 0.04406055 2.3508057e-06 0.0042040683 0.37223232 0.0025375364 0.3170618 0.010856062 4.853804e-05 0.0025991471 3.9424925e-05 0.043728467 0.5583845 0.0033502863 1.1842117e-18 0.00017778536 0.33719882 0.23232378 0.8339675 0.0715782 0.042739354 0.0072860518 0.020329682 0.5060617 0.1087561 0.009512033 0.09536203 0.012690865 0.013994155 0.0075821104 0.12228276 0.2005417 0.007910062 0.00019034863 0.009247942 0.0067030904 0.0214891 0.10515981 0.09672408 0.079248525 0.0004397491 0.004840955 0.0050043385 0.041076653 0.022851305 0.0016772597 0.013511359 0.00066987384 0.007069306 0.0010779912 0.0016508561 0.0004893308 0.0047578337 0.0002234842 0.00043738785 0.00025843357 0.0006316714 0.013835691 0.0037341388 0.11621948 0.00040589916 0.0005580928 0.0025833107 5.6670357e-05 0.00011436586 0.23252724 0.0002438986 0.00037678823 0.10767774 0.00010304521 4.3497646e-05 1.8698473e-05 0.14646293 0.0002937042 9.249769e-06 5.1892377e-05 4.829489e-05 0.00015219992 7.5472826e-06 2.4811077e-05 3.0011071e-05 7.968866e-06 4.903751e-05 1.46852935e-05 5.5624998e-05 4.691444e-07 1.2269079e-06 0.0060255965 0.004550058 7.467045e-05 2.3651311e-05 2.3410466e-06 5.2460846e-06 2.3835594e-06 0.02629812 0.00021868767
0.00034055745 0.019079506 0.0029860917 0.000826086 0.0011820673 0.00025913448 0.0020015626 0.17600971 0.025143197 0.0001604017 0.09281134 0.00024358083 0.0046550464 0.0820473 0.023067221 0.00038150465 0.0013519472 3.114013e-05 0.016822586 0.00017778536 1.8595756e-18 4.9149667e-06 1.2332796e-05 6.994392e-05 1.9001219e-06 2.9160008e-06 4.7301157e-05 3.4102918e-06 3.4192572e-06 0.018044634 0.0014530416 3.4775474e-06 4.1353765e-06 2.298891e-06 2.7340953e-05 3.5157806e-05 2.548123e-06 2.4553328e-05 1.1376109e-05 2.4519481e-06 2.814178e-05 6.3880896e-07 7.678149e-06 6.1063247e-06 0.08028745 4.645261e-06 1.2818602e-05 1.0289992e-05 0.06986075 2.4081226e-05 1.8750863e-05 0.10706476 5.829002e-06 5.3849235e-06 0.041309338 1.1589248e-05 1.988614e-06 2.4592357e-06 0.0003271012 8.719954e-06 1.1273837e-06 0.00031133406 7.696646e-06 3.917712e-06 0.0056779557 2.3791366e-05 1.3394673e-05 6.0473143e-05 2.2892757e-06 1.16950905e-05 7.817537e-06 3.6717873e-05 3.042878e-05 0.00014490008 1.8541446e-05 1.9898802e-05 3.4190634e-05 4.47862e-06 1.9735438e-05 7.556995e-05 5.234293e-05 3.2208338e-06 8.490191e-07 1.7003085e-05 1.8289516e-05 2.0672337e-06 5.3447275e-05 0.0001877632 1.0797341e-05 4.1237917e-07 4.198058e-07 1.8704912e-05 2.0571204e-05 1.1113939e-05 2.1242895e-05 0.0003612294 2.600016e-06 1.0282738e-06 2.8622563e-07 0.00813195 2.8219756e-06
0.7245971 0.0010119632 0.016769871 0.006227465 0.00685612 0.06113816 0.0017527931 1.7193786e-05 0.00018483176 0.014427958 9.331563e-05 0.51927614 0.021083761 5.3496537e-05 0.0003293647 0.000105232946 0.16416617 0.039100274 0.00017176653 0.33719882 4.9149667e-06 3.6795747e-19 0.92630225 0.15346976 0.6299886 0.39306307 0.11902466 0.25693434 0.26275015 0.007616898 0.08153805 0.20918283 0.14644887 0.14047614 0.1047549 0.06762566 0.11311104 0.10622394 0.00033127307 0.13267235 0.08394489 0.14251599 0.17760785 0.09134066 0.0126680415 0.008830891 0.027695263 0.036375113 0.0086580925 0.01774021 0.012082023 0.0015295051 0.01395319 0.014318963 6.344002e-05 0.0019480104 0.008719518 0.003971728 9.042028e-05 0.00061178196 0.004793545 0.00031219568 0.012645597 0.0052452795 0.00911323 0.0009650848 0.0016352315 0.0075730546 0.00025042315 0.00012002733 0.074291386 0.0002709678 0.0002454793 0.017155558 6.003453e-05 2.2310227e-05 5.7665922e-05 0.0248351 0.0003747349 2.8467002e-06 3.15179e-05 0.00018151556 0.00025960593 4.442988e-06 3.5316756e-05 4.2529995e-05 6.9532143e-06 6.3401635e-06 6.4907886e-06 0.0001521918 2.021114e-07 8.4392207e-07 0.00016826924 0.0010757335 2.3247245e-05 2.4787616e-05 8.1007556e-07 7.700067e-06 6.347363e-06 0.01179496 5.5752458e-05
0.34616908 0.00021333247 0.00559018 0.0023454584 0.0017571296 0.021600232 0.0004560423 1.0390904e-05 3.4252185e-05 0.0035605838 5.8054717e-05 0.16032772 0.0038328995 1.0958592e-05 3.7692178e-05 9.738821e-06 0.060361195 0.0124644 3.5927835e-05 0.23232378 1.2332796e-05 0.92630225 1.1912935e-18 0.1286611 0.7388977 0.34844145 0.06025758 0.23970947 0.06482877 0.0033035958 0.025545448 0.3720137 0.2423406 0.23334084 0.06157856 0.06636922 0.08388842 0.09144761 2.5242685e-05 0.07841151 0.07611785 0.13506733 0.16493139 0.07395141 0.0024687941 0.0015301085 0.033893675 0.02146651 0.0021434757 0.026419034 0.00573849 0.0006676499 0.009305522 0.010173017 5.5641547e-05 0.0045669274 0.0037258698 0.00593262 1.6597682e-05 0.00063186086 0.00115598 2.8418815e-05 0.010241932 0.0040886034 0.002741631 0.00048432828 0.0016543693 0.004684707 1.1192819e-05 9.9911806e-05 0.057677552 0.0003444447 0.0003783257 0.009449303 0.0001264667 4.058883e-05 2.92851e-05 0.01885459 0.00032785826 1.4098231e-05 7.3175397e-06 1.3804137e-05 0.00021808932 1.3538264e-05 8.823007e-05 5.7421108e-05 1.28991705e-05 2.1981573e-06 4.146185e-06 8.7124106e-05 6.170799e-07 5.481115e-07 0.00046800938 0.0017537028 1.6837606e-05 1.6147755e-05 6.6406875e-07 3.0359893e-06 4.018091e-06 0.0028696086 0.00013051253
0.5557432 0.0034467059 0.027385427 0.044558197 0.0075583686 0.31411228 0.03799408 2.3942673e-06 0.008784948 0.4337575 0.005038324 0.07254123 0.0070854644 7.461699e-05 0.0033812835 6.4199274e-05 0.026289279 0.72252333 0.0018355438 0.8339675 6.994392e-05 0.15346976 0.1286611 3.8122373e-20 0.03708882 0.014986365 0.0058382438 0.010974825 0.7284384 0.08987273 0.0033147044 0.13382761 0.015794294 0.01881817 0.00624843 0.74254614 0.3725939 0.009800757 6.4503794e-05 0.0068058996 0.010525151 0.0132744815 0.117474854 0.0803115 0.02831673 0.00011472208 0.009663374 0.0049928995 0.023461081 0.085642695 0.0028474033 0.007242114 0.0007257452 0.013199111 0.00050729286 0.0076651233 0.00033694666 0.011060105 0.00029389025 0.00083659403 0.0001694233 0.0016718793 0.030500364 0.005849665 0.0874939 0.000760524 0.002253066 0.003409796 4.6494665e-06 0.00029023565 0.13656847 0.0012252595 0.0010310583 0.12004726 0.00034023265 0.00011732543 7.4814154e-05 0.1958176 0.00032186633 4.1596923e-05 0.00013225287 3.77975e-05 0.00020237555 9.7234515e-06 2.6617257e-05 1.2343128e-05 3.3305794e-05 5.6132553e-06 3.1389005e-05 2.9399467e-05 1.3907688e-06 2.5488373e-06 0.011448214 0.0072148046 4.0018098e-05 5.6101002e-05 1.9559636e-06 5.101006e-05 1.8925164e-05 0.007972132 7.452673e-05
0.6406875 4.4279815e-05 0.0005010745 6.9459005e-05 0.00029736955 0.0016187003 2.0781143e-05 4.03845e-07 5.102728e-07 0.00028687675 7.458738e-07 0.026642306 0.0014301739 5.0718213e-06 1.0272005e-06 4.1866692e-06 0.03214322 0.0014135488 1.3437746e-06 0.0715782 1.9001219e-06 0.6299886 0.7388977 0.03708882 9.494777e-19 0.8202638 0.11936905 0.66252315 0.01792772 0.00029864762 0.04014949 0.8297109 0.6912684 0.7157348 0.18734118 0.05288329 0.15216625 0.2541047 2.3866587e-05 0.2474633 0.19506846 0.43138263 0.30449128 0.14020652 0.00086308125 0.0026572847 0.09200881 0.046315845 0.0004971516 0.029045457 0.011133825 6.923323e-05 0.019229298 0.010935506 2.6350103e-06 0.007684703 0.007379847 0.013641969 1.580144e-05 0.0008250562 0.002762571 1.7421016e-05 0.010729297 0.0036009974 0.001148638 0.0005585829 0.0018856785 0.005449145 5.9192407e-05 7.960273e-05 0.032040842 0.000388102 0.00023164133 0.0030275772 3.2400476e-05 1.274686e-05 2.0947207e-05 0.005361406 0.00019730971 7.144233e-06 3.2599488e-05 0.00016440343 0.00018603091 1.0011454e-05 4.135966e-05 3.938716e-05 3.1287136e-06 1.1565284e-06 1.4865705e-06 0.00017346106 1.4014387e-06 4.747696e-07 0.00021382824 0.0011631042 4.019954e-06 1.3730821e-05 5.670831e-07 3.021907e-06 2.8094164e-06 0.00018813924 0.00016796686
0.4334419 8.3011955e-06 0.00016024652 1.5720965e-05 6.224057e-05 0.0006265304 4.12852e-06 5.169166e-08 5.7487096e-08 9.594452e-05 1.5909964e-07 0.025859253 0.0018956757 1.9356905e-06 9.952812e-08 1.1662386e-06 0.032441717 0.0010040023 6.59986e-08 0.042739354 2.9160008e-06 0.39306307 0.34844145 0.014986365 0.8202638 1.0781413e-20 0.14265825 0.83922136 0.009541242 4.2519412e-05 0.04198028 0.41996375 0.73738086 0.6423176 0.23880209 0.020672975 0.06955684 0.31788266 2.9434814e-05 0.3403315 0.26747748 0.43352646 0.24927312 0.09694474 0.00032076717 0.0063735526 0.25065005 0.06262869 8.5148175e-05 0.022839164 0.016053922 1.1951601e-05 0.022142455 0.014044582 3.4003476e-06 0.020732716 0.010828728 0.023812735 2.0505764e-05 0.004633468 0.0074430117 2.201343e-05 0.00812065 0.0046043927 0.0002636461 0.0011259074 0.0027487413 0.012989089 0.0003472553 0.00016876376 0.018469445 0.00048643257 0.0002912977 0.0009848386 4.4525845e-05 1.2498419e-05 3.618304e-05 0.0021537938 0.00017991004 7.5381045e-06 6.39984e-05 0.00044116657 0.000114509596 1.81053e-05 4.4410626e-05 3.259719e-05 1.7139228e-06 2.8524205e-06 1.0776587e-06 0.0002588771 2.426969e-06 5.6342924e-07 0.00020340006 0.0010522447 2.5160573e-06 3.28339e-05 1.3111146e-06 1.8739916e-06 2.8810803e-06 0.00025160142 9.302241e-05
0.033559624 0.00018005389 0.0010223391 0.00042293846 0.0019792786 0.0040914435 0.00023388286 5.363536e-06 5.3498807e-06 0.00045556913 5.80135e-06 0.10096112 0.058140643 3.2222273e-05 2.1630638e-05 4.882449e-05 0.6385327 0.00024713133 1.1556997e-05 0.0072860518 4.7301157e-05 0.11902466 0.06025758 0.0058382438 0.11936905 0.14265825 7.052206e-19 0.11578634 0.0017559428 7.195732e-05 0.55904067 0.0364885 0.06014167 0.055319976 0.8079393 0.004850274 0.0087949615 0.3822576 0.005053393 0.33287963 0.29142484 0.05783631 0.04769054 0.016161367 0.00030628167 0.077138625 0.027817382 0.5791064 0.00011770176 0.0023894247 0.3089294 0.00026753245 0.40568095 0.0018608858 3.1920794e-05 0.005201528 0.14092547 0.002194964 4.119586e-05 0.004159782 0.08739586 0.0009698512 0.0011777638 0.0006430378 0.00018842117 0.0018120433 0.054758463 0.07434005 0.014608762 0.0010222007 0.0010793301 0.0143159395 0.00026670477 0.0002787974 0.00042956517 0.00022888523 0.00041358027 0.00030681142 0.00010035997 0.00016071837 0.0030542617 0.0073452876 7.314592e-05 6.368163e-05 8.626854e-05 0.00028184283 0.00011633238 5.1006802e-05 2.0666967e-05 0.00012742747 9.381143e-06 1.2482528e-05 0.00014904446 0.000648484 1.2818039e-05 0.0005324437 3.422946e-05 8.132287e-06 2.1285867e-05 2.3321389e-05 9.02097e-05
0.38172126 3.8594685e-06 0.000115628805 1.4866308e-05 5.9460406e-05 0.00075908494 2.3448094e-06 3.138339e-08 3.9380485e-08 6.8984235e-05 1.4055057e-07 0.013529928 0.0016767598 7.8202777e-07 9.636022e-08 1.1240535e-06 0.022973718 0.0006354682 5.02847e-08 0.020329682 3.4102918e-06 0.25693434 0.23970947 0.010974825 0.66252315 0.83922136 0.11578634 2.0569714e-20 0.006900407 1.9446856e-05 0.029019015 0.33251905 0.79869545 0.70041716 0.20110643 0.017347805 0.045652904 0.31701767 1.222707e-05 0.32655624 0.2806087 0.47510526 0.21863301 0.06435249 0.00021733709 0.004892121 0.32094675 0.054410994 4.8080514e-05 0.022476433 0.017000834 5.106737e-06 0.019256942 0.017385988 4.302527e-06 0.041893393 0.010839835 0.030768232 8.813079e-06 0.011452362 0.0071204416 2.6817552e-05 0.00793465 0.0053198133 0.0002732595 0.0013659771 0.0038733238 0.017365333 0.0002600527 0.00062243745 0.01978063 0.0009009493 0.00047508354 0.0009425776 0.00015494904 4.878549e-05 7.059274e-05 0.0020592944 0.00023479042 2.81653e-05 8.8829685e-05 0.00040987128 0.00017401877 4.0570565e-05 7.748645e-05 7.5314754e-05 6.243327e-06 2.9866953e-06 4.3717496e-06 0.00021572637 2.612573e-06 1.0537815e-06 0.00025522767 0.0016542278 6.9834773e-06 3.959637e-05 2.111324e-06 3.4446489e-06 3.9555775e-06 8.5068146e-05 0.0001586334
0.9553793 0.00034227368 0.021175414 0.058513395 0.0014884794 0.24666841 0.08567889 1.2344069e-07 0.0131196845 0.4028931 0.0036109993 0.16688058 0.0041142334 7.302868e-07 0.016386302 3.0004716e-07 0.012187734 0.82168263 0.0151518965 0.5060617 3.4192572e-06 0.26275015 0.06482877 0.7284384 0.01792772 0.009541242 0.0017559428 0.006900407 1.3918164e-20 0.13370906 0.0010610579 0.03686804 0.0055089314 0.006613975 0.0016502619 0.3324553 0.14900333 0.002351899 7.66096e-06 0.0022852307 0.0019824156 0.007808459 0.06572955 0.07213311 0.076913 8.487289e-06 0.0041750553 0.00045915254 0.15018441 0.04734156 5.03234e-05 0.085340224 1.9042534e-05 0.015484957 0.00012809603 0.0008154223 4.932768e-06 0.0055561927 1.4603878e-06 0.00015510635 5.0655563e-06 1.6428478e-06 0.024854152 0.0070936005 0.3789332 0.00039607415 1.0531993e-05 4.4464832e-05 2.4745714e-07 3.5496527e-05 0.23366934 1.9338462e-05 0.00012249452 0.51756334 1.9815705e-05 1.2194673e-05 2.0204512e-05 0.3541157 0.00023708708 4.7660847e-06 8.9045066e-08 1.3754891e-06 3.8350674e-05 2.2372387e-06 3.8322437e-06 2.7086716e-07 1.5002515e-06 1.6521624e-07 1.3653198e-06 5.6752588e-06 1.778906e-07 3.684808e-07 0.034392133 0.0109191295 1.3940406e-06 2.512435e-07 9.021214e-08 1.4128292e-06 2.4791441e-07 0.0023623405 5.1881434e-05
0.9571331 0.007890481 0.11936013 0.3353715 0.0109168375 0.21619613 0.7136706 0.001755658 0.47005695 0.6173797 0.14828019 0.09384943 0.047681868 0.00079021486 0.26816794 0.0031776673 0.0088490285 0.5093231 0.23237878 0.1087561 0.018044634 0.007616898 0.0033035958 0.08987273 0.00029864762 4.2519412e-05 7.195732e-05 1.9446856e-05 0.13370906 1.4897751e-21 1.7340442e-05 0.00053487153 1.698035e-05 1.5668713e-05 3.665525e-05 0.01198385 0.002500832 1.1068372e-05 0.0024198568 5.0190424e-06 1.1942259e-05 1.3811736e-05 0.00038705356 0.0010697471 0.16956122 5.810647e-06 2.7446872e-06 5.2430558e-05 0.2634467 0.00018593317 2.8050705e-05 0.19248547 1.7951484e-06 3.857101e-05 0.050399326 1.3493092e-06 2.3853331e-06 1.1984923e-06 0.00059271714 1.2941539e-06 2.7579667e-06 0.0015346205 6.7994704e-05 2.6622192e-06 0.24617507 2.3822347e-06 1.1568842e-05 1.7212195e-05 5.4787915e-06 1.3273409e-07 0.0011340025 5.161915e-06 7.550573e-08 0.20765631 3.1142605e-08 1.15020695e-08 3.007211e-08 0.018154968 5.057471e-08 2.335339e-09 7.63698e-05 1.6948557e-07 1.3427515e-09 1.2490231e-09 5.8575383e-10 4.229564e-07 6.5357932e-09 1.159425e-06 2.4739884e-07 2.5115174e-11 1.133803e-12 6.1482325e-10 5.5556924e-05 2.2727972e-06 2.9864673e-08 1.0981012e-05 1.9484541e-07 8.113064e-07 1.2089145e-06 0.07897964 4.1317253e-12
0.021086795 0.000810994 0.0049636476 0.00054013054 0.027045647 0.0041833036 0.00027698072 0.000104355575 9.864121e-06 0.00018595623 3.8184156e-05 0.1711642 0.6412112 0.0009090635 2.3633114e-05 0.00957128 0.76122165 1.7024877e-05 2.1926385e-06 0.009512033 0.0014530416 0.08153805 0.025545448 0.0033147044 0.04014949 0.04198028 0.55904067 0.029019015 0.0010610579 1.7340442e-05 1.8163939e-19 0.008979767 0.008837257 0.008884337 0.19479209 0.0015105711 0.00645764 0.09025235 0.33723196 0.10895195 0.07506735 0.011080772 0.006184232 0.0036489738 0.00014066287 0.69541615 0.0038995482 0.3708739 3.6370027e-05 0.0005915747 0.28184557 0.00037418294 0.61500263 0.0002071392 2.124563e-05 0.0011256213 0.5652403 3.7957707e-05 0.005543181 0.001657949 0.5221336 0.04118539 0.0003751427 0.00013463823 7.646877e-05 0.00032353526 0.057393126 0.05509564 0.3248635 0.00064449594 0.00018125903 0.020065846 6.0117323e-05 5.290052e-05 0.00013364069 7.853709e-05 8.542325e-05 0.00010874499 2.3813043e-05 2.6621166e-05 0.058048904 0.105878286 1.1410619e-05 7.519483e-05 3.7974034e-05 0.00038204677 5.062729e-05 0.003639442 9.221334e-05 4.106207e-05 9.787853e-06 6.5346503e-06 0.00012806292 0.0011381515 3.95274e-05 0.007558372 0.00091088586 2.5399939e-05 5.333012e-05 2.3676743e-05 0.00037793067
