8.396541e-36 0.8955562 0.8169202 0.6554553 0.43567485 0.43497813 0.6536071 0.79084665 0.07382179 0.70083183 0.18100703 0.1331848 0.1320225 0.04234961 0.5511448 0.8305711 0.1129303 0.041751035 0.8682834 0.059102144 0.033261016 0.01634969 0.308749 0.35255274 0.024822237 0.9920538 0.019859247 0.309121 0.6015453 0.006658485 0.978362 0.016024241 0.34033126 0.9961788 0.058587957 0.07801354 0.9694721 0.023041446 0.0020541935 0.99850714 0.0015670214 0.00049617037 0.0024223425 0.001773895 0.05160573 0.00070271664 0.0006299968 0.009275154 0.3960367 0.081193894 0.00081375905 0.0004336804 0.00033520104 0.9995402 0.80099446 0.00022817712 0.48683608 0.1820071 0.51173514 0.03042446 0.39018932 0.00036400373 0.89131415 0.0005227519 0.99967617 0.00324506 0.98538774 0.00010594981 0.042420145 8.169611e-05 8.242202e-05 0.99639535 0.0075227143 0.9102984 7.544114e-05 0.0061941743 0.9962547 0.0035908208 0.005048472 0.7096747 0.0115583 0.00014678441 0.0007903517 0.9980938 0.0004093623 0.99416995 0.99958444 0.19094732 0.01172183 8.900669e-06 0.007524437 0.99842644 6.909382e-06 9.60248e-05 4.2208845e-07 8.992578e-06 1.1135492e-06 2.213956e-05 1.7823021e-07 1.430195e-06 0.88086295
0.8955562 1.5352364e-22 0.49529034 0.836695 0.25955588 0.14726502 0.2943698 0.26539186 0.09330994 0.06725736 0.14913692 0.15374887 0.05013606 0.08763667 0.012710723 0.2840112 0.06793385 0.012399571 0.04156034 0.015846336 0.026295694 0.0029842113 0.086554445 0.15779406 0.048021894 0.55445755 0.0114442995 0.044575326 0.0079662 0.033087786 0.48308277 0.01569784 0.030536141 0.6284688 0.01053936 0.04057887 0.004349321 0.011616127 0.0042088884 0.49929643 0.001805157 0.00013050047 0.0021784217 4.5857814e-06 0.0025754943 0.0016836171 0.00023287619 0.0020171995 0.003317829 0.00050513475 0.0004463356 0.0007744719 0.00033545782 0.5973117 0.00042925988 0.0005199901 0.00067917677 0.0001613985 0.0008552314 0.002943918 0.00034568878 0.00030926173 0.0005012014 0.00026696103 0.017380824 0.0018188094 0.0026690606 0.00038659244 0.0003890993 0.00015996055 0.00018971814 0.11471066 0.00012635879 0.004951976 8.518383e-05 4.0404728e-05 0.004676228 4.128776e-06 2.9756582e-06 0.00029786341 5.041748e-06 9.61166e-05 7.810242e-06 0.03131691 8.335713e-06 0.009646612 0.03657229 4.0718733e-06 2.4207615e-05 8.004619e-06 3.223094e-05 0.0022714431 4.9198043e-05 9.612751e-05 1.2927816e-05 1.7609567e-05 4.610661e-05 1.61182e-05 3.5818305e-06 3.2399454e-05 0.00035775852
0.8169202 0.49529034 8.3810927e-19 0.10440615 0.8974915 0.089379415 0.46003267 0.62418133 0.09765395 0.03281941 0.06979708 0.41530988 0.060765993 0.3097095 0.03462016 0.34045818 0.058723662 0.044699218 0.028581394 0.18277001 0.14755711 0.042715173 0.050549738 0.07888177 0.037105292 0.1871245 0.12347062 0.033452615 0.0126582775 0.16894531 0.31461474 0.0327898 0.01849772 0.28098136 0.013916578 0.04410112 0.002285273 0.018354952 0.038054604 0.1680931 0.029801624 0.003082394 0.00727058 0.00054295576 0.0031516624 0.014501933 0.0018543169 0.0056662573 0.00341944 0.0008582484 0.0033004484 0.012776575 0.0024671974 0.16737506 0.0011878237 0.0033974403 0.00028870325 0.0019429007 0.0014166622 0.0013587273 0.0031433387 0.0024200333 0.0011512146 0.0009300343 0.0061792415 0.0007373118 0.003156034 0.0010301338 0.0016717828 0.0011028674 0.00036281583 0.037621565 0.00015513091 0.007012279 0.00010658616 7.422373e-05 0.012465732 1.5073613e-05 0.0001524998 0.00021524655 0.00011448578 0.00013345155 2.8360417e-05 0.02901025 4.253312e-05 0.011100032 0.011945238 0.0001368318 0.00010492319 1.7591421e-05 8.7937566e-05 0.0031966337 4.2067473e-05 0.00020655373 4.3149965e-05 1.9590747e-05 4.3495733e-05 3.5312245e-05 2.1317455e-05 1.8697723e-05 0.00092118024
0.6554553 0.836695 0.10440615 1.08112304e-20 0.023500375 0.9042462 0.036556505 0.20644942 0.42723307 0.19917232 0.26325077 0.051945403 0.1777722 0.025502477 0.001032611 0.029517123 0.09710553 0.00020982568 0.071198866 0.0016607895 0.005539831 6.254462e-05 0.1601573 0.10347078 0.052679498 0.29438752 0.0025983395 0.062601365 5.5603992e-05 0.014771361 0.046079047 0.033657778 0.017115684 0.33912393 0.044375543 0.05983446 0.011303508 0.019729748 0.009600136 0.19476861 0.0022924899 1.3573001e-05 0.014757562 2.932105e-06 0.00615415 0.008026889 2.4839484e-05 0.008952357 0.025025243 1.336229e-05 0.0044225384 0.0015120145 0.0041282075 0.16096905 0.0014682731 0.00049232756 0.0013275899 2.119852e-06 0.0022860514 0.0035504405 1.7085218e-05 0.00220737 0.0017764303 0.0004406729 0.03724924 0.0008737248 0.0021064982 0.0008545886 1.77668e-05 0.0004393647 9.2130715e-05 0.013977856 0.0004409571 0.0006113203 8.792264e-05 0.00032524354 0.0020334073 1.825167e-05 1.2702367e-06 0.0008325381 8.513168e-07 9.0708934e-05 8.703098e-06 0.012895298 8.189147e-06 0.0031195804 0.010365207 1.0677772e-06 5.6265497e-05 6.4048677e-06 3.8188813e-05 0.0076838047 1.7530965e-05 4.6437744e-05 1.7584571e-06 7.067711e-06 5.3751032e-06 1.8611883e-05 8.393814e-07 2.9726746e-06 9.582299e-05
0.43567485 0.25955588 0.8974915 0.023500375 1.9070312e-19 0.04432725 0.32286787 0.23437692 0.06466938 0.008215352 0.030589331 0.7054607 0.018715492 0.62473404 0.21034427 0.19330904 0.026421327 0.25541872 0.005151021 0.66070193 0.35635456 0.26973033 0.01091117 0.023652028 0.015100268 0.016530547 0.22666134 0.005527667 0.04045962 0.12250726 0.1477122 0.013043117 0.0021128107 0.03710709 0.0022864244 0.009683029 4.429211e-05 0.004244724 0.030655712 0.021237874 0.029413069 0.011372878 0.0054192506 0.0038005519 0.0034583437 0.0051736697 0.004166235 0.0038126006 0.0010715452 0.023049127 0.001281584 0.010850043 0.0017770437 0.024834057 0.00017991725 0.004448167 1.7279017e-05 0.0027294753 0.0003437423 0.0021301177 0.0028171022 0.0011984942 0.0001101541 0.00064993 0.0009319993 0.0023433063 0.00038773596 0.0015135664 0.006892081 0.0012521894 0.0018813236 0.024366181 0.00012464715 0.009675948 0.00075336994 3.0594114e-05 0.012729029 6.4618594e-06 0.0024051093 2.0444295e-05 0.0021940966 0.00014834407 6.1282684e-05 0.060106035 0.00013437246 0.024237964 0.010773433 0.0025495219 9.826409e-05 2.6177593e-05 0.000108907734 0.00045302638 9.62151e-05 0.00022403474 3.230994e-05 3.2365482e-05 6.0743012e-05 6.4521635e-05 6.002188e-05 2.0031894e-05 0.005991949
0.43497813 0.14726502 0.089379415 0.9042462 0.04432725 2.9930926e-20 0.015887927 0.07322156 0.39353576 0.5885403 0.4756217 0.047443494 0.047443684 0.03763514 0.0012061963 0.020469926 0.0376023 0.0009179114 0.29617968 0.0013194411 0.006248819 0.00015050308 0.1553038 0.27853253 0.05452952 0.30395463 0.0044525047 0.16648649 6.59273e-05 0.017752718 0.043886464 0.025389738 0.12908795 0.27147904 0.037385758 0.10025008 0.04120171 0.057352535 0.0065559396 0.120477445 0.0029367101 0.00031643384 0.011036599 2.228271e-05 0.03299406 0.0045452327 0.00046646385 0.021057528 0.050789196 0.00010692407 0.0022149396 0.0014557539 0.0024728447 0.11105478 0.0036844152 0.0009741984 0.009317763 1.4581784e-05 0.0044409847 0.020972276 8.398275e-05 0.0035550026 0.002528268 0.000743853 0.11756264 0.015572353 0.008987635 0.004437735 0.00015225873 0.0022773475 0.00046693764 0.00838869 0.0037215126 0.0010998977 0.0002626513 0.0036468564 0.0014434619 0.0027322173 7.502486e-05 0.0027831653 5.123579e-05 0.00044947668 0.00065142976 0.0029521906 0.000416795 0.0013520466 0.0034863937 2.6012722e-05 0.0008257651 0.00023359177 0.0007604758 0.008586885 0.000414276 0.001251719 8.9002115e-06 0.00012993121 3.2590597e-05 0.00034371295 2.763875e-06 7.205065e-05 9.341135e-05
0.6536071 0.2943698 0.46003267 0.036556505 0.32286787 0.015887927 3.2012597e-21 0.27049342 0.05447817 0.010757638 0.042865887 0.23616497 0.031968594 0.13164459 0.09038827 0.9417866 0.033496417 0.023778923 0.0073997425 0.08530157 0.038091946 0.014466047 0.022060787 0.035734944 0.012540453 0.060429018 0.015216736 0.008310301 0.015994476 0.02263153 0.2764352 0.00490158 0.0009976913 0.080498405 0.002748077 0.008899364 9.63035e-05 0.0053997855 0.0019156806 0.120895445 0.0010988413 0.00020823748 0.0003832695 4.4526445e-05 0.0006724896 0.00027695246 0.00016688016 0.00022853883 0.0006807779 0.0007899074 3.8473543e-05 0.00029374845 0.00011565185 0.13782173 1.8750026e-05 0.0001082662 9.888572e-06 0.0008699799 1.3356977e-05 8.5117e-05 0.0018548211 2.0371564e-05 2.5026262e-05 2.4968309e-05 0.00763429 3.2399115e-05 9.9569574e-05 2.7379127e-05 0.0008228673 1.2707838e-05 1.3612434e-05 0.10668521 1.0516316e-05 0.012874311 1.9535952e-05 1.2839494e-06 0.008867573 4.728275e-07 5.262409e-06 9.438478e-06 1.5894513e-05 1.1487694e-05 9.217721e-07 0.056816977 1.3864715e-06 0.026986193 0.06603033 0.00047304406 1.5899082e-06 3.145268e-05 1.4159558e-06 0.00030762446 1.7288889e-05 6.789294e-06 8.491175e-06 1.8550854e-05 1.4429588e-05 7.5451555e-07 4.3563423e-06 8.66472e-06 0.0065995366
0.79084665 0.26539186 0.62418133 0.20644942 0.23437692 0.07322156 0.27049342 2.116938e-20 0.15903659 0.058774564 0.047493473 0.24355635 0.83673143 0.17073461 0.0048888233 0.18842456 0.60715955 0.002296219 0.016034551 0.013021175 0.10389268 0.0012543292 0.26520914 0.045818776 0.11929514 0.15357026 0.16935696 0.019397262 0.001608737 0.60048366 0.122623 0.3207702 0.009238482 0.20463812 0.13688633 0.042709854 0.0011661913 0.01787213 0.19904087 0.054410547 0.16467541 0.0009676229 0.09399525 2.8822169e-05 0.00440445 0.15155146 0.00084845786 0.03488236 0.0032699192 0.00015295089 0.06898968 0.09179419 0.06069808 0.022370229 0.0005899513 0.04736329 3.7561702e-05 0.00048334402 0.0012696258 0.00021354173 0.0012005316 0.024502365 0.00080203183 0.02015576 0.0026105945 0.00047088676 0.0032174727 0.010600152 0.0005406503 0.010910858 0.0030554552 0.0056128623 0.00018832793 0.0031681235 0.00063770206 4.298002e-05 0.003098368 8.535147e-06 7.239582e-06 0.00014572505 5.39128e-06 0.0006509032 2.071223e-05 0.0057631396 0.00010203924 0.0030235362 0.0018637195 3.4119268e-05 2.9381694e-05 5.7426747e-05 2.9532945e-05 0.001901446 1.3120033e-05 0.00023127867 1.5171234e-05 7.2597295e-06 3.5353423e-05 2.463272e-05 1.9094417e-05 2.8341906e-06 0.00027913312
0.07382179 0.09330994 0.09765395 0.42723307 0.06466938 0.39353576 0.05447817 0.15903659 6.731398e-25 0.174607 0.8721306 0.017107313 0.43314072 0.011685683 0.001363436 0.033114146 0.22242725 0.00045729897 0.079132505 0.0017030154 0.006683896 9.759977e-05 0.31935024 0.06665711 0.19228569 0.14944114 0.0062169204 0.06319932 1.3711808e-05 0.03007199 0.055832583 0.0649531 0.089977086 0.115062416 0.050404023 0.05817224 0.011296055 0.027358385 0.029533954 0.043056384 0.00993023 8.9122084e-05 0.056400903 8.365872e-06 0.019536197 0.036645733 4.97272e-05 0.02337755 0.026031833 1.4411916e-05 0.020248175 0.013947105 0.030225288 0.023559751 0.0013421327 0.0036045448 0.0018054033 1.690071e-06 0.002761324 0.008165589 1.172663e-05 0.021951178 0.00093070255 0.0021439153 0.014290779 0.0035043594 0.005578527 0.021519067 2.4097513e-05 0.008877854 0.00016341021 0.0012421183 0.0022155142 0.0009223186 5.0827035e-05 0.0010144156 0.0009578271 0.0005721803 1.4294485e-05 0.0005036503 1.2196022e-05 0.0007838512 9.2641734e-05 0.0014336862 0.000105234845 0.0014187412 0.00034010762 6.9539974e-06 0.00025893858 4.558057e-05 0.00014831536 0.0028698072 8.324007e-05 0.0002742294 3.114846e-06 9.747165e-06 1.20987115e-05 3.0757827e-05 2.4128547e-06 6.269245e-06 6.7492845e-05
0.70083183 0.06725736 0.03281941 0.19917232 0.008215352 0.5885403 0.010757638 0.058774564 0.174607 1.7050583e-16 0.70890427 0.009753586 0.058724154 0.004402499 5.432235e-05 0.012097964 0.047412623 1.4455262e-05 0.8591381 9.000689e-05 0.0008485217 1.703254e-05 0.2653787 0.761364 0.07483085 0.24730408 0.0012032572 0.4573866 2.9599107e-06 0.009231749 0.014988159 0.032415837 0.27140445 0.21976355 0.12135027 0.26927298 0.10740493 0.16141868 0.0061117373 0.094464615 0.0017268582 4.8989787e-05 0.027944878 1.7038812e-05 0.1379763 0.014337007 1.824024e-05 0.07032289 0.34889078 4.318753e-06 0.011953626 0.0017952699 0.01671638 0.080432735 0.018258478 0.0005821752 0.01013248 1.8428593e-06 0.016095167 0.058313146 1.5322923e-05 0.021852998 0.007185454 0.0030234423 0.17736249 0.015896423 0.03000655 0.024842104 1.0908042e-05 0.01486015 0.00016448137 0.0010286825 0.026323993 0.0003373941 0.00043715312 0.018213611 0.00094221736 0.013545129 9.667715e-06 0.0047361627 3.7069524e-06 0.0014403458 0.007841227 0.0026649288 0.0026035805 0.001425349 0.0007461578 2.1160006e-06 0.0013602747 0.00060003117 0.00096552406 0.020872949 0.0010124656 0.001997377 2.0250056e-05 0.0001841489 0.00016313289 0.0011742511 2.012743e-05 0.00016166052 8.665868e-06
0.18100703 0.14913692 0.06979708 0.26325077 0.030589331 0.4756217 0.042865887 0.047493473 0.8721306 0.70890427 6.632329e-23 0.009017397 0.052799456 0.006577919 0.00017744677 0.03218985 0.03332835 9.43796e-05 0.34421873 0.00021091365 0.0035295733 7.726475e-06 0.11681547 0.27510655 0.04088248 0.3137317 0.0020465995 0.11798754 6.8643008e-06 0.016464429 0.026545132 0.023205744 0.14358547 0.26042905 0.03851976 0.065017596 0.050271563 0.045290135 0.0135153085 0.111649565 0.0058386275 8.799147e-06 0.020370817 3.840241e-06 0.05658058 0.015007362 1.066932e-05 0.026152775 0.060454294 6.615337e-06 0.008060138 0.0033730597 0.011215115 0.068553634 0.006826639 0.00071912527 0.008083593 7.4997666e-07 0.00811601 0.015391246 7.4923064e-06 0.0123221995 0.003827072 0.00065374153 0.08944476 0.008251341 0.020126032 0.012632139 4.7477756e-06 0.0047490667 3.829958e-05 0.0006102064 0.006998536 9.605365e-05 2.1241638e-05 0.0038621821 0.0009473752 0.0029819796 2.8896243e-06 0.0018799237 7.3365703e-07 0.0007174833 0.0006840227 0.0010870819 0.0004040912 0.0007692889 0.00021284191 4.044848e-07 0.0007168476 0.00019864248 0.00025045924 0.016845936 0.00027344408 0.00048579584 7.3220776e-06 8.204585e-06 1.8416025e-05 3.3535624e-05 9.10588e-06 1.13961e-05 3.5407863e-06
0.1331848 0.15374887 0.41530988 0.051945403 0.7054607 0.047443494 0.23616497 0.24355635 0.017107313 0.009753586 0.009017397 6.9681776e-21 0.008721452 0.93099403 0.056308355 0.16772379 0.007541495 0.056321163 0.0051370123 0.22975965 0.42696774 0.08147403 0.0010860285 0.0036527093 0.002374644 0.010449317 0.19246651 0.00146929 0.014348038 0.057867967 0.048173215 0.007710889 0.005145799 0.015055906 0.002079172 0.00094201695 3.1588435e-05 0.00081276934 0.014005571 0.011610118 0.017173663 0.016512403 0.0025270772 0.0026964052 0.00031541882 0.0045915907 0.0039126333 0.00334566 0.00054361223 0.004498749 0.0011549887 0.009694828 0.0010726156 0.0071187066 0.00012331475 0.0034331132 3.4412948e-05 0.0012384852 0.00016381606 6.729303e-05 0.0012309598 0.0009920517 9.548993e-05 0.00048118288 0.0016245152 0.00012965567 0.00027089522 0.00042060312 0.003965096 0.00026306818 0.0002806083 0.02216304 4.6187055e-05 0.008458963 6.8118985e-05 6.1552555e-06 0.0072513567 1.902303e-06 0.0006886769 7.364243e-06 0.00019433149 3.6664896e-05 1.2323668e-06 0.015691452 2.3068224e-05 0.012774829 0.00783716 0.00038522118 8.977617e-06 8.548702e-06 1.4674514e-05 0.00023758026 1.3428105e-05 2.6755142e-05 3.2578462e-06 4.5618863e-06 5.345551e-06 1.5905466e-06 4.464356e-06 1.3050644e-06 0.005531205
0.1320225 0.05013606 0.060765993 0.1777722 0.018715492 0.047443684 0.031968594 0.83673143 0.43314072 0.058724154 0.052799456 0.008721452 7.776665e-24 0.0039285887 0.00016465936 0.015427837 0.8644185 2.09886e-05 0.018870763 9.410439e-05 0.0013229261 7.4716213e-06 0.49551326 0.031272512 0.29279104 0.039900143 0.0033963132 0.021656774 1.5620885e-06 0.07978582 0.0056693847 0.29394996 0.0072757234 0.031796362 0.10717027 0.03757125 0.00075778086 0.013608852 0.029413778 0.00750896 0.015516644 2.094559e-05 0.14059797 1.3092042e-06 0.0023301537 0.06864574 6.5694774e-05 0.02621919 0.0029842611 2.1364376e-06 0.034981743 0.019509237 0.03647768 0.0021984049 0.00017301945 0.009789884 1.1185287e-05 5.100962e-07 0.00022756234 8.6613276e-05 1.9465087e-06 0.013861808 0.00025366765 0.023169681 0.0005338521 4.289092e-05 0.00035229194 0.008263772 4.1657363e-06 0.0052928505 0.0009051179 0.00017129033 5.6306188e-05 3.0641182e-05 0.000857138 6.626671e-06 0.00024553481 1.3574121e-06 6.032844e-07 7.850332e-05 9.369868e-08 0.0012388194 2.290968e-06 0.0005685374 1.4130684e-05 0.00019297536 8.611812e-05 2.5061223e-07 2.959747e-06 2.6358337e-05 1.5549039e-06 0.0005227187 8.352009e-06 1.9033818e-05 1.79169e-06 3.5547291e-06 8.666885e-06 2.9841983e-06 1.1899065e-06 7.913351e-07 5.9376765e-07
0.04234961 0.08763667 0.3097095 0.025502477 0.62473404 0.03763514 0.13164459 0.17073461 0.011685683 0.004402499 0.006577919 0.93099403 0.0039285887 1.4599567e-22 0.077071324 0.10299016 0.0053978297 0.092353635 0.0031794256 0.3241784 0.5612842 0.15774873 0.0004985451 0.0026653456 0.0013394156 0.0039042237 0.2873438 0.0013350941 0.01063818 0.066308886 0.03311043 0.004715467 0.001013628 0.006170655 0.0017031177 0.00052235194 2.8037734e-05 0.00038251583 0.012569619 0.0044993176 0.01981859 0.029999383 0.0017211874 0.0042241467 0.000160256 0.0030350385 0.006912744 0.0039885337 0.0005384316 0.00583104 0.0005189685 0.00897344 0.0004668312 0.0026145186 0.00011960137 0.0022515648 1.4068709e-05 0.0011325963 4.2643795e-05 1.0403546e-05 0.00091680075 0.0005090225 0.0001055875 0.00013027887 0.0007009614 1.9855031e-05 8.0439495e-05 0.00012114618 0.0030005777 0.000103788254 0.00013686313 0.012971702 4.279364e-05 0.0044367616 2.2571985e-05 2.685826e-06 0.006426326 9.369364e-07 0.00093900773 6.511105e-06 0.00021460783 1.8441173e-05 4.0236876e-07 0.0109667005 6.4781107e-06 0.009331137 0.005384 0.00022510106 2.957693e-06 9.344275e-06 3.4770862e-06 9.26678e-05 9.865664e-06 5.848797e-06 8.1239574e-07 2.6740972e-06 2.4610774e-06 2.7946993e-07 1.0199419e-06 6.6337753e-07 0.0030185464
0.5511448 0.012710723 0.03462016 0.001032611 0.21034427 0.0012061963 0.09038827 0.0048888233 0.001363436 5.432235e-05 0.00017744677 0.056308355 0.00016465936 0.077071324 1.3885283e-20 0.07181005 0.00018456683 0.8083777 3.8558795e-05 0.5278099 0.07394302 0.43125784 4.8430258e-05 0.000101187245 6.5147484e-05 0.0017893591 0.021121424 2.7015023e-05 0.58731383 0.0047591403 0.09667469 0.00013509189 8.564153e-05 0.0060789264 3.7740232e-05 7.261533e-05 6.559832e-06 4.840343e-05 0.00042246378 0.0074313795 0.0005305381 0.003461693 1.119535e-05 0.006981198 3.4273948e-05 7.09516e-05 0.0004159488 7.790072e-05 1.393329e-05 0.22589374 2.7858227e-05 0.00022203896 2.3781206e-05 0.01421201 1.257544e-05 0.00014989903 1.2691614e-06 0.04296033 2.3987708e-05 1.826041e-05 0.036026355 2.0760226e-05 2.711707e-06 3.1722684e-05 0.00029864506 2.462699e-05 7.308046e-05 6.407731e-05 0.052103702 3.6263144e-05 0.00010751774 0.08734184 3.902878e-06 0.07362105 5.0409377e-05 3.1461395e-06 0.17548086 7.2074835e-07 0.007773986 1.6930302e-07 0.0037980666 6.270169e-05 1.1620297e-06 0.354171 2.071311e-06 0.21871486 0.060979366 0.007734523 4.2193872e-07 8.423176e-06 1.208971e-06 7.4358766e-05 3.7068196e-05 1.7673146e-05 1.4821377e-05 1.51632785e-05 1.4884679e-05 9.139941e-06 1.30389435e-05 3.541377e-06 0.022269435
0.8305711 0.2840112 0.34045818 0.029517123 0.19330904 0.020469926 0.9417866 0.18842456 0.033114146 0.012097964 0.03218985 0.16772379 0.015427837 0.10299016 0.07181005 1.553335e-20 0.015373576 0.0133116115 0.0078373905 0.053455662 0.021458842 0.006329724 0.01292351 0.03012923 0.0056397417 0.093132935 0.0074027884 0.008747336 0.01256442 0.007278135 0.48256198 0.0016425456 0.002450325 0.08355374 0.0021403392 0.009890077 0.00030197584 0.0067841453 0.00076186634 0.16326275 0.0007221554 0.00020281762 0.0001758935 1.8838999e-05 0.0011718867 0.000100341415 0.00016449769 0.00046358898 0.0010660844 0.00073884457 4.7499783e-05 0.0003026623 7.093144e-05 0.19284445 7.757267e-05 0.00017682982 0.00010847673 0.0010308374 0.00017508482 0.0005755123 0.001366826 5.404337e-05 0.00024172815 6.913953e-05 0.017194387 8.355909e-05 0.00087742554 8.969098e-05 0.0009421575 7.428066e-05 8.437194e-05 0.16175927 9.582574e-05 0.009063302 5.261996e-05 6.296634e-06 0.007032772 1.0102771e-05 1.1493743e-05 5.9606493e-05 1.8806184e-05 7.914339e-05 2.7592074e-05 0.078006975 2.0452191e-05 0.024439704 0.073629536 0.00020616778 2.7542476e-06 0.00029222926 2.5130764e-06 0.0012282608 0.00025321444 3.2942644e-05 3.8754926e-05 0.00022601873 6.146097e-05 6.403976e-06 1.9678982e-05 9.189984e-05 0.0025882192
0.1129303 0.06793385 0.058723662 0.09710553 0.026421327 0.0376023 0.033496417 0.60715955 0.22242725 0.047412623 0.03332835 0.007541495 0.8644185 0.0053978297 0.00018456683 0.015373576 9.827659e-25 4.857078e-05 0.015225111 0.0002616196 0.0020740388 1.4691415e-05 0.48757336 0.023732586 0.49027354 0.025437532 0.007240467 0.017466107 1.997016e-06 0.21679133 0.008577354 0.51945734 0.004831337 0.023031643 0.1664473 0.04096591 0.00020925894 0.017944004 0.052812967 0.0046578753 0.025921078 4.18454e-05 0.22032331 1.5931942e-06 0.0034952776 0.13407108 0.00017540203 0.041114338 0.0018520989 3.2922214e-06 0.05045368 0.035139207 0.080171205 0.0012879357 9.881441e-05 0.0150337545 4.6256814e-06 7.0829026e-07 0.00018999171 7.967457e-05 5.5773858e-06 0.020779843 7.6339944e-05 0.031996425 0.00023213007 0.000101439815 0.00021720446 0.0142877735 5.6407844e-06 0.010060271 0.0016700309 0.0001568889 6.866314e-05 3.735483e-05 0.0026190705 4.6557407e-06 0.00017562933 2.1152518e-06 3.5863698e-06 1.7079827e-05 6.770674e-07 0.0033825869 2.464187e-06 0.00059317914 1.0816758e-05 0.00018410379 8.11794e-05 1.4603487e-06 2.6014175e-06 6.1968654e-05 2.9170608e-06 0.00010667667 9.235738e-06 2.645948e-05 1.4856151e-06 7.2629214e-06 1.2683429e-05 2.1770384e-06 1.7699736e-06 1.8267419e-06 4.689952e-06
0.041751035 0.012399571 0.044699218 0.00020982568 0.25541872 0.0009179114 0.023778923 0.002296219 0.00045729897 1.4455262e-05 9.43796e-05 0.056321163 2.09886e-05 0.092353635 0.8083777 0.0133116115 4.857078e-05 6.9703344e-20 6.2620807e-06 0.66847974 0.11419729 0.60193753 5.4835905e-06 2.2352031e-05 5.0673276e-05 0.00043636502 0.024298232 8.58663e-06 0.3916803 0.0032180022 0.03805654 7.308269e-05 8.9524925e-05 0.00083174295 1.276181e-05 2.5832747e-05 2.617114e-06 3.2398988e-05 0.0006029675 0.0016322869 0.00091573474 0.007997478 9.4172356e-05 0.017433306 2.7806756e-05 0.00024516231 0.0007201809 6.103731e-05 3.743234e-06 0.23658466 4.042307e-05 0.00057522836 7.7900426e-05 0.0019916135 8.480282e-06 0.00026007876 9.346985e-06 0.03937876 1.4600056e-05 4.2442032e-05 0.023509057 3.925276e-05 1.1253479e-06 3.2043463e-05 9.660885e-06 2.6504207e-05 3.5977308e-05 8.41061e-05 0.055689175 2.562245e-05 0.00022612588 0.032665554 3.481413e-06 0.029716587 8.155031e-05 1.1134981e-06 0.040242918 3.9645641e-07 0.031184504 1.8347411e-07 0.008135565 7.748801e-05 9.581357e-07 0.08069508 1.6925162e-06 0.034468446 0.013560478 0.010450747 5.1066377e-07 3.4998906e-05 1.9341792e-06 4.8630545e-06 5.4881762e-05 1.925451e-05 1.1684077e-05 6.7296365e-05 4.6521924e-05 4.1531935e-06 1.1439471e-05 4.076928e-06 0.011464072
0.8682834 0.04156034 0.028581394 0.071198866 0.005151021 0.29617968 0.0073997425 0.016034551 0.079132505 0.8591381 0.34421873 0.0051370123 0.018870763 0.0031794256 3.8558795e-05 0.0078373905 0.015225111 6.2620807e-06 9.3606425e-17 7.837622e-05 0.00025533943 8.28899e-06 0.18543334 0.6939243 0.043093786 0.4082818 0.00021258631 0.4182514 1.0442077e-06 0.0021748098 0.0056425175 0.0060080844 0.8483895 0.37838435 0.050878912 0.20161618 0.43160054 0.1342666 0.0005120649 0.16818798 0.00014543586 8.787021e-06 0.0046213716 2.2856348e-06 0.13081701 0.0014029926 5.614728e-06 0.021372195 0.46265885 2.029254e-06 0.00082169584 0.00037015261 0.0012207025 0.12895977 0.036030427 0.00023941211 0.07416796 3.5593882e-07 0.027295556 0.11815094 5.6643476e-06 0.002589629 0.02365989 0.00045957504 0.3843291 0.031038228 0.086069375 0.003930905 3.0951987e-06 0.0017238322 7.859418e-05 0.00087607146 0.024640163 5.2190455e-05 0.00018466437 0.022775026 0.00039290686 0.015494647 3.1106574e-06 0.008022113 1.4156803e-06 0.00030631645 0.003083457 0.0017189983 0.001126965 0.00023005207 0.0007442819 3.880385e-07 0.0021759756 0.00014597975 0.0012503815 0.035728753 0.00036033706 0.0013745883 4.262259e-06 2.0843008e-05 1.3313687e-05 0.00085698604 2.3882876e-06 1.942506e-05 1.070565e-06
0.059102144 0.015846336 0.18277001 0.0016607895 0.66070193 0.0013194411 0.08530157 0.013021175 0.0017030154 9.000689e-05 0.00021091365 0.22975965 9.410439e-05 0.3241784 0.5278099 0.053455662 0.0002616196 0.66847974 7.837622e-05 1.0069096e-22 0.49006408 0.8754411 3.1693264e-05 0.000103319166 0.00021521801 0.0013757081 0.24909751 7.715853e-05 0.18277836 0.025678374 0.039251268 0.0011253551 0.0008480408 0.002974348 8.807866e-05 0.00012577714 7.993802e-06 0.00010245874 0.0025805417 0.004548095 0.0068171113 0.045010608 0.00045998432 0.14781883 0.00027680036 0.0005788171 0.003451316 0.00056916394 0.00010310391 0.062891036 0.0001022991 0.0024248166 4.7880912e-05 0.0042990227 1.2726733e-05 0.001130967 6.915233e-05 0.01331134 1.4608649e-05 3.3532233e-05 0.011196841 0.00013315408 5.0507856e-06 2.0921552e-05 3.859147e-05 0.00011081896 5.9429683e-05 0.00012257724 0.013955107 7.2838804e-05 0.000134881 0.03897879 2.4489205e-05 0.016678432 1.0987767e-05 1.1835708e-06 0.05014135 1.5341917e-07 0.0061320425 4.5844322e-07 0.0013690152 8.625196e-06 6.590788e-07 0.1334912 1.3359494e-06 0.058661487 0.015304115 0.002519157 8.059037e-07 6.151823e-06 1.1036377e-06 1.4629004e-05 8.30872e-06 4.1281382e-06 1.5945213e-06 2.7192327e-06 1.8551657e-06 1.7815545e-07 1.2394445e-06 2.2313245e-07 0.006608849
0.033261016 0.026295694 0.14755711 0.005539831 0.35635456 0.006248819 0.038091946 0.10389268 0.006683896 0.0008485217 0.0035295733 0.42696774 0.0013229261 0.5612842 0.07394302 0.021458842 0.0020740388 0.11419729 0.00025533943 0.49006408 4.419049e-21 0.2734814 0.0005513383 0.00081578904 0.0012993226 0.00091059104 0.8792508 0.000414135 0.01303721 0.14846493 0.013068673 0.003925248 0.0010750232 0.001933022 0.001803394 0.00046845948 2.5840434e-05 0.00028799326 0.0152819455 0.0016560322 0.054024052 0.19954513 0.0019448843 0.057093173 0.00032100402 0.0037227888 0.124040395 0.0035325873 0.00070915953 0.007079199 0.00086173526 0.019322943 0.00058733614 0.0008994194 0.00040421393 0.0065216175 3.924157e-05 0.0026467117 0.00014753017 1.7107131e-05 0.0020432873 0.0006570511 0.00014759814 0.0005409122 0.00014815491 2.2448181e-05 5.3003434e-05 0.00028156047 0.0042875726 0.0003281567 0.0006085858 0.008316402 8.175869e-05 0.00721592 0.00011426849 7.506926e-06 0.01318704 3.3694516e-06 0.00187842 1.0020161e-06 0.00038405086 3.0527663e-05 6.762328e-06 0.021689432 4.748153e-05 0.01851017 0.004484938 0.0012363563 8.34603e-06 9.927422e-05 2.8436518e-05 4.0332157e-05 5.8119695e-05 4.394026e-05 1.5193322e-06 8.392634e-06 4.2676365e-06 1.6369532e-06 3.0330923e-06 2.4816648e-06 0.004130515
0.01634969 0.0029842113 0.042715173 6.254462e-05 0.26973033 0.00015050308 0.014466047 0.0012543292 9.759977e-05 1.703254e-05 7.726475e-06 0.08147403 7.4716213e-06 0.15774873 0.43125784 0.006329724 1.4691415e-05 0.60193753 8.28899e-06 0.8754411 0.2734814 2.126402e-25 2.0659154e-06 2.7494843e-06 1.4946976e-06 5.7864683e-05 0.07524657 2.2664497e-05 0.079753794 0.0015412241 0.011286062 2.6603855e-05 1.931675e-05 0.0004174679 3.2056898e-06 4.52598e-06 4.51759e-07 3.7628172e-07 0.00026541352 0.0005613278 0.00068950915 0.030915773 3.4073073e-06 0.16369341 6.266286e-06 1.5561633e-06 0.0023579425 8.5024425e-05 3.3289107e-06 0.12951535 6.5530514e-07 7.011369e-05 2.980947e-08 0.00012724119 3.315297e-06 2.6135462e-05 2.0642244e-07 0.007784377 7.655008e-08 1.015254e-07 0.004137787 9.2033673e-07 9.161605e-07 1.5829607e-06 1.6629274e-07 9.8208666e-08 5.118934e-07 2.5731174e-07 0.0149986185 5.724368e-07 2.6773687e-06 0.016126549 2.3132873e-06 0.005887297 1.5136441e-06 4.755161e-08 0.025529116 2.5236206e-09 0.059723046 3.0465028e-08 0.0019612892 7.588486e-08 1.145076e-08 0.046908338 1.5928645e-08 0.023051959 0.008187571 0.0024601298 8.444808e-09 3.53634e-07 1.4354366e-08 2.3177756e-07 4.987828e-07 2.6631065e-07 1.9655975e-08 1.4802701e-07 1.2749378e-07 3.924235e-09 1.3823297e-08 1.4624057e-08 0.002411861
0.308749 0.086554445 0.050549738 0.1601573 0.01091117 0.1553038 0.022060787 0.26520914 0.31935024 0.2653787 0.11681547 0.0010860285 0.49551326 0.0004985451 4.8430258e-05 0.01292351 0.48757336 5.4835905e-06 0.18543334 3.1693264e-05 0.0005513383 2.0659154e-06 6.0254584e-23 0.21583678 0.8777885 0.038444452 0.0026887632 0.17000887 5.5073286e-07 0.06663486 0.0015622244 0.48207182 0.08346866 0.03445832 0.6343303 0.23361287 0.009283384 0.12906498 0.026147306 0.0043205293 0.009175242 5.319125e-05 0.33547994 1.3004053e-06 0.05903211 0.13843447 2.8522889e-05 0.16608718 0.04366497 7.389748e-07 0.06552893 0.023082938 0.098607585 0.0010966408 0.00071438454 0.012448856 0.000169893 2.1718135e-07 0.00076286204 0.0030770265 1.4405573e-06 0.04694564 0.00075048464 0.030731782 0.000925082 0.00044212202 0.0013614882 0.043598052 1.4169176e-06 0.02446535 0.0021057993 3.404308e-05 0.0019355088 1.166308e-05 0.0022189799 0.0002180292 0.00022204954 6.4734704e-05 1.2160199e-06 0.00086905 6.770888e-07 0.011393221 0.00010607599 0.00028199848 0.00023842802 8.794646e-05 5.634277e-05 3.7204654e-07 2.7819862e-05 0.00068966666 1.9957355e-05 0.0010225667 8.656968e-05 0.0002455369 1.5091628e-06 5.3124128e-05 4.1935567e-05 1.9799025e-05 1.6190013e-06 1.9467696e-05 4.29576e-07
0.35255274 0.15779406 0.07888177 0.10347078 0.023652028 0.27853253 0.035734944 0.045818776 0.06665711 0.761364 0.27510655 0.0036527093 0.031272512 0.0026653456 0.000101187245 0.03012923 0.023732586 2.2352031e-05 0.6939243 0.000103319166 0.00081578904 2.7494843e-06 0.21583678 1.2557099e-19 0.07415064 0.289543 0.0012514199 0.92829794 1.7924385e-06 0.019663123 0.017687337 0.02658163 0.60127157 0.18977611 0.13176544 0.32898366 0.20462988 0.23799622 0.0077178115 0.053594943 0.0044553736 3.0602692e-05 0.032889593 1.2272409e-05 0.38459283 0.012423808 9.042559e-06 0.10349173 0.36180517 9.542552e-06 0.0057183634 0.005503245 0.014358072 0.01828337 0.028856399 0.0018582391 0.039061017 2.4488377e-06 0.024117403 0.076743565 3.7873997e-05 0.027129771 0.015708594 0.0024626825 0.07985328 0.028979667 0.054312307 0.032422718 1.1609989e-05 0.0124010965 0.00011382659 0.0002593592 0.053298146 5.9303376e-05 0.000271423 0.027084729 0.00030888885 0.021169752 3.2213273e-05 0.0095933955 8.082456e-06 0.005707277 0.010117785 0.0005990091 0.006999447 0.00021252752 0.00021915032 1.4883365e-06 0.0057499115 0.0036461768 0.0030869273 0.02591445 0.0042010765 0.0060901893 1.1095606e-05 5.5112174e-05 7.976922e-05 0.0012738518 8.784926e-06 0.00011947961 8.404704e-06
0.024822237 0.048021894 0.037105292 0.052679498 0.015100268 0.05452952 0.012540453 0.11929514 0.19228569 0.07483085 0.04088248 0.002374644 0.29279104 0.0013394156 6.5147484e-05 0.0056397417 0.49027354 5.0673276e-05 0.043093786 0.00021521801 0.0012993226 1.4946976e-06 0.8777885 0.07415064 6.2924733e-25 0.012623366 0.003801045 0.07908799 3.0543242e-07 0.1361588 0.0009211948 0.68602 0.015954707 0.00970678 0.6804346 0.1380312 0.001453113 0.074741215 0.0581528 0.0016940868 0.020764336 3.8967544e-05 0.43987754 3.5177104e-06 0.033313256 0.17881829 8.02292e-05 0.16848987 0.010337007 7.447058e-06 0.0757294 0.038608864 0.13962457 0.00044055164 0.00025563812 0.013794553 0.00013279798 1.3716665e-06 0.00026646882 0.00034662714 9.875775e-06 0.07654765 0.00020430484 0.018719506 0.00018810392 0.00017577696 0.00020202479 0.053412758 3.823551e-06 0.03109301 0.002487952 2.4612875e-05 0.0011284535 1.7501729e-05 0.0033574332 5.9544338e-05 0.00022538184 2.1123158e-05 1.8141596e-05 0.00011677678 2.951868e-06 0.01105558 5.7983998e-05 0.0002494376 0.000104733444 0.0001098329 6.351617e-05 1.7432458e-06 1.6093654e-05 0.0006302044 1.518752e-05 0.00027785008 0.0001522998 6.683816e-05 3.8061755e-06 6.535751e-05 6.92829e-05 6.2461263e-06 3.304218e-06 2.6033345e-05 5.820847e-06
0.9920538 0.55445755 0.1871245 0.29438752 0.016530547 0.30395463 0.060429018 0.15357026 0.14944114 0.24730408 0.3137317 0.010449317 0.039900143 0.0039042237 0.0017893591 0.093132935 0.025437532 0.00043636502 0.4082818 0.0013757081 0.00091059104 5.7864683e-05 0.038444452 0.289543 0.012623366 1.122238e-17 0.00027387732 0.10555682 2.4730613e-07 0.0014774122 0.05095374 0.0020460472 0.13940306 0.6976726 0.004374953 0.06325888 0.1229196 0.029189887 0.00078299496 0.5859985 0.0006953582 9.580636e-05 0.0007756561 1.6272277e-05 0.0077892183 0.00044070295 0.00012822593 0.0031248254 0.050607797 5.710042e-06 0.00045649073 0.00082932325 0.00042765855 0.39784548 0.023493782 0.00081688317 0.009802426 1.0755616e-05 0.011585188 0.025374144 5.6360124e-05 0.0019231435 0.009414264 0.00079041655 0.45030367 0.0068347496 0.030697612 0.00197995 4.0226764e-06 0.0020692302 0.0014278074 0.025513694 0.0014138011 0.00059159164 0.0017908933 0.00080825255 0.0002141219 0.000262933 2.1669196e-06 0.013574795 1.8228953e-07 0.0027442374 0.00014365582 0.0056873444 0.00045249076 0.00033556615 0.02271708 1.1538727e-07 0.00045316707 0.00218483 0.00035666995 0.009920017 0.0011813099 0.00024042412 0.00020893071 0.0015255435 0.00078280305 0.00043665664 0.00033597634 0.0005921177 1.2130015e-06
0.019859247 0.0114442995 0.12347062 0.0025983395 0.22666134 0.0044525047 0.015216736 0.16935696 0.0062169204 0.0012032572 0.0020465995 0.19246651 0.0033963132 0.2873438 0.021121424 0.0074027884 0.007240467 0.024298232 0.00021258631 0.24909751 0.8792508 0.07524657 0.0026887632 0.0012514199 0.003801045 0.00027387732 8.4249715e-20 0.0011516555 0.005544752 0.2933114 0.0044694985 0.012823121 0.007607308 0.0009669791 0.009774262 0.0015810975 2.1635404e-05 0.00078243064 0.09349297 0.0009880853 0.2485108 0.5858231 0.008643222 0.2860459 0.002690102 0.023247626 0.5699553 0.035717018 0.002778559 0.005053489 0.007509257 0.13596922 0.0083266 0.0010896742 0.0003199188 0.106707744 9.93823e-05 0.0017732133 0.0003530891 9.85484e-06 0.0014298289 0.01707658 8.701325e-05 0.015633719 0.00016946693 3.7301896e-05 6.0898405e-05 0.008096645 0.00408338 0.0073650056 0.024462912 0.0031509064 0.0013528082 0.005125102 0.0041529024 2.5583093e-05 0.010205642 1.786308e-05 0.0039532264 1.2015114e-06 0.00070803304 0.00301497 0.00015234586 0.021583516 0.00020793326 0.022975411 0.002530649 0.0018546628 8.132698e-06 0.0025107278 1.9900395e-05 3.990811e-05 0.0010699333 0.00025632806 0.00040817723 0.0001371383 9.061858e-05 2.70334e-05 0.00028940593 2.9168756e-05 0.0026490337
0.309121 0.044575326 0.033452615 0.062601365 0.005527667 0.16648649 0.008310301 0.019397262 0.06319932 0.4573866 0.11798754 0.00146929 0.021656774 0.0013350941 2.7015023e-05 0.008747336 0.017466107 8.58663e-06 0.4182514 7.715853e-05 0.000414135 2.2664497e-05 0.17000887 0.92829794 0.07908799 0.10555682 0.0011516555 1.9233304e-19 1.5070831e-06 0.011876427 0.0046555637 0.016201783 0.4639657 0.07863173 0.20673972 0.57197136 0.16664498 0.555092 0.007138125 0.018784503 0.0033457186 8.043106e-05 0.04120704 3.9268936e-05 0.7410904 0.013605006 6.671725e-06 0.17244777 0.5569537 7.0236792e-06 0.009608596 0.0028382468 0.024581546 0.006340179 0.024264865 0.001045751 0.02005348 1.4414107e-06 0.018329509 0.06935412 7.964566e-06 0.06266498 0.010352477 0.0035588031 0.021338832 0.024326907 0.028072564 0.078685686 1.077648e-05 0.033920858 0.00011424748 9.871325e-05 0.13809983 4.8842376e-05 0.00030651136 0.03946439 4.452296e-05 0.050801553 0.0001379917 0.005528043 2.296232e-05 0.0070403414 0.035009407 0.0002016429 0.014165449 2.4950716e-05 6.50381e-05 1.5124045e-06 0.0023428213 0.0069418023 0.0025737644 0.010794321 0.0068107494 0.009346201 5.1240017e-06 0.00039709403 5.951363e-05 0.0014826098 1.0091053e-05 0.00069191115 6.9492654e-07
0.6015453 0.0079662 0.0126582775 5.5603992e-05 0.04045962 6.59273e-05 0.015994476 0.001608737 1.3711808e-05 2.9599107e-06 6.8643008e-06 0.014348038 1.5620885e-06 0.01063818 0.58731383 0.01256442 1.997016e-06 0.3916803 1.0442077e-06 0.18277836 0.01303721 0.079753794 5.5073286e-07 1.7924385e-06 3.0543242e-07 2.4730613e-07 0.005544752 1.5070831e-06 9.2004115e-18 0.00027370185 0.20609388 6.819666e-07 8.6697774e-08 5.5214758e-05 8.8032344e-08 1.4259186e-06 2.0405493e-07 5.5633347e-08 6.46181e-06 0.0003247842 8.232147e-05 0.001577374 1.8699149e-07 0.0054628323 4.6374015e-07 2.1556977e-07 1.5297692e-05 1.5936434e-05 5.293852e-07 0.68558836 3.9982123e-07 3.2949854e-06 5.344288e-09 0.0025546341 6.357953e-08 3.8117516e-06 1.2189359e-07 0.64026356 8.550156e-09 5.0073336e-06 0.69329995 9.377963e-07 1.05703705e-07 5.325967e-07 3.028937e-07 1.3789849e-05 2.5415807e-07 2.5050616e-07 0.22361566 7.369416e-07 1.1935564e-05 0.49713293 1.1549688e-06 0.7642788 3.6927995e-06 3.7192645e-08 0.8165777 8.434377e-09 0.009516928 1.2563374e-06 0.019660613 1.0334074e-06 1.020751e-07 0.58483523 9.272565e-08 0.4488012 0.13258596 0.021722054 5.144311e-08 4.260948e-07 7.3595414e-09 4.239973e-08 1.9980218e-06 7.9180165e-07 1.1154102e-06 2.9198995e-06 3.4600705e-06 2.2124892e-07 9.94571e-07 3.931589e-07 0.08151647
0.006658485 0.033087786 0.16894531 0.014771361 0.12250726 0.017752718 0.02263153 0.60048366 0.03007199 0.009231749 0.016464429 0.057867967 0.07978582 0.066308886 0.0047591403 0.007278135 0.21679133 0.0032180022 0.0021748098 0.025678374 0.14846493 0.0015412241 0.06663486 0.019663123 0.1361588 0.0014774122 0.2933114 0.011876427 0.00027370185 2.518484e-21 0.023338329 0.674604 0.0016129762 0.0014035153 0.20236877 0.022949155 2.1276734e-05 0.015302777 0.6539158 0.00056282996 0.5900907 0.009723319 0.25543132 0.00026948212 0.0042807516 0.34771812 0.015354719 0.08455709 0.00062804087 0.00027315502 0.08012217 0.36455345 0.08332782 0.00030906772 0.00022844819 0.12433492 2.847656e-06 0.0002504067 7.382494e-05 0.00012810543 0.00038956138 0.04004875 0.0002771863 0.018309804 0.00014202484 4.5354922e-05 4.508969e-05 0.020392923 0.0005550246 0.014237589 0.013193385 0.00060256175 3.1724743e-05 0.0013185882 0.0039017154 2.930713e-06 0.0011295836 1.3292861e-06 0.00013222866 2.975847e-05 3.0507787e-05 0.0034266235 1.688336e-06 0.0018036376 2.3619077e-05 0.0010438384 0.00027336247 0.00016471477 5.3651215e-06 0.00016390794 2.2873028e-06 0.0002458331 3.2221844e-05 6.0866e-05 6.4054155e-05 6.393895e-06 8.591418e-05 5.776215e-06 8.8366396e-05 6.919227e-06 0.0014484061
0.978362 0.48308277 0.31461474 0.046079047 0.1477122 0.043886464 0.2764352 0.122623 0.055832583 0.014988159 0.026545132 0.048173215 0.0056693847 0.03311043 0.09667469 0.48256198 0.008577354 0.03805654 0.0056425175 0.039251268 0.013068673 0.011286062 0.0015622244 0.017687337 0.0009211948 0.05095374 0.0044694985 0.0046555637 0.20609388 0.023338329 1.6037363e-22 0.00038513538 0.0006301867 0.042213038 0.00059629354 0.0015720554 0.0003345805 0.0007256019 0.0015483118 0.06659826 0.0034181913 0.0010273829 5.6007084e-05 0.0005260591 0.00019728675 2.3074825e-05 0.0006861873 0.0033796362 0.0016949626 0.024522653 1.959013e-05 0.00091492466 7.443947e-06 0.09335962 6.556415e-05 0.000974236 0.00011520735 0.0049088984 3.2831274e-05 0.0002436868 0.006060897 0.00024292618 0.00031762084 0.00014381265 0.01795114 0.0012127229 0.00037869663 0.0007011857 0.010863938 0.0010516477 0.002254879 0.40074363 0.0011048398 0.061341997 0.0009842982 9.1947964e-05 0.0057285787 5.5153552e-05 0.0005045594 0.00024666748 0.0010894722 0.00053774874 0.00043597835 0.041534 0.00049548625 0.007401884 0.12954353 0.0032026344 3.5962607e-06 0.005857419 1.0548348e-05 0.00025825147 0.005321013 0.00024354183 6.394855e-05 0.0041910224 0.0009703823 0.0002479077 3.8694285e-05 0.0012856728 0.010504334
