2.406509e-31 0.94979906 0.9754702 0.97734445 0.8688843 0.949116 0.989714 0.9896294 0.99373823 0.974809 0.8919939 0.9777083 0.9424519 0.47976407 0.9542692 0.9877689 0.95745724 0.9222986 0.8642002 0.9875015 0.9949212 0.9024644 0.937668 0.87422585 0.84062386 0.86828196 0.6227417 0.87956655 0.73772854 0.86874366 0.8557548 0.68429273 0.31292513 0.8995274 0.40771142 0.101385325 0.9323702 0.97259504 0.18954583 0.31781417 0.14237405 0.09217421 0.17796814 0.83332014 0.05100487 0.106000766 0.09940745 0.06545322 0.12202446 0.78291327 0.17259784 0.054371297 0.11002778 0.9921297 0.012788547 0.031081349 0.72061205 0.024346009 0.04503927 0.05293888 0.029036764 0.05116431 0.13621052 0.034618203 0.020661876 0.9157924 0.01042747 0.026619392 0.027568948 0.017646806 0.01301575 0.059081163 0.0068994337 0.032198407 0.14431274 0.07328337 0.02089434 0.9979068 0.006713455 0.019141708 0.3262473 0.01486251 0.012164481 0.0031204254 0.00907378 0.0072330167 0.0021883373 0.0028679278 0.0034183217 0.0771418 0.0049683168 0.011308176 0.02022574 0.00034530408 0.0010634245 0.004322804 0.001971128 0.9278889 0.001288166 0.00014761729 0.9973697
0.94979906 8.57798e-19 0.10786934 0.030106582 0.059709013 0.0406209 0.4580891 0.32874992 0.031680167 0.20992957 0.01615867 0.32810578 0.25846964 0.0039573913 0.045297198 0.037759934 0.09111204 0.21720631 0.3516863 0.1182104 0.0070511564 0.17531104 0.0660233 0.06257588 0.059726253 0.04454303 0.04169802 0.019515611 0.004743058 0.021946242 0.0038293812 0.03281 0.023493424 0.0051397225 0.0019748656 0.018709168 0.00019179106 0.0029532874 0.012621079 0.013445962 0.056352288 0.012061634 0.008161391 0.00010354722 0.0047832634 0.006395451 0.0005893032 0.0031209255 0.0017613204 4.1341442e-05 0.0016302753 0.0030890298 0.0022522227 0.03090676 0.004803033 0.0017610332 6.111245e-05 0.0056796176 0.002639115 0.0029677006 0.0027095336 8.7170556e-05 0.0001741036 0.0036968943 0.0047489554 0.0010398602 0.0014869696 0.0038477015 0.00029592786 0.0027090348 0.0018703163 0.00019984963 0.0028609165 0.0006121992 3.6595626e-05 8.0723614e-05 0.0009267328 0.0050721113 0.0022211985 0.004233812 0.00029523415 0.00011142237 0.0015278063 0.0016945245 0.00010356105 0.0022879718 0.0021356617 0.0012553895 0.0028428764 2.0314312e-05 0.001190548 0.00012179814 8.316679e-08 0.00021082215 6.6743814e-07 6.208779e-05 3.4251956e-05 0.00013369512 0.0004987988 0.00090687495 0.0048602503
0.9754702 0.10786934 1.870995e-19 0.42386472 0.0029762306 0.47765383 0.28398395 0.094744995 0.055540018 0.026045362 0.00039717887 0.063044004 0.042177938 6.083183e-05 0.0004587564 0.03350106 0.06030948 0.017159043 0.06916681 0.04214981 0.01727367 0.07739797 0.09321716 0.04655052 0.055211972 0.04157112 0.02992828 0.02443748 9.172052e-05 0.028670684 0.00013810885 0.030001143 0.01714702 0.0002515851 2.6688376e-05 0.016155312 0.00012810239 0.0016824518 0.023960687 0.010700452 0.009589206 0.012564322 0.02105334 7.859598e-05 0.008148182 0.0010632453 0.00016330194 0.008319631 0.0003717277 2.1381653e-05 0.0056804796 0.0055088764 0.004984051 0.024948671 0.0045110253 0.00041580643 4.2601645e-05 0.0043651112 0.0008060879 0.0044442047 0.0037534668 8.699296e-06 1.0815536e-06 0.0018038389 0.0023388756 3.117809e-06 0.004950106 0.0043539526 6.2639024e-06 0.0038177108 0.0034203746 0.0021252795 0.0024385906 0.0023931067 0.00014275638 0.00029486834 0.0028645464 0.008518177 0.0021473726 0.0028526343 1.3361635e-06 0.0013786509 0.00026206882 0.0021936006 0.00075681345 0.0027898038 0.00062563596 0.0012267284 0.00050101255 5.450294e-05 0.0022661542 0.00072553067 4.0032563e-07 1.9452867e-05 1.0624582e-07 0.00029541805 0.00012238567 0.00013016065 0.0012712087 0.00030015522 0.009916631
0.97734445 0.030106582 0.42386472 3.0727887e-22 0.00026051936 0.84877825 0.15529133 0.03624618 0.05614734 0.002838963 3.0565738e-05 0.029234769 0.006246186 2.7756294e-06 7.4018412e-06 0.019664524 0.05292957 0.0011546225 0.022453945 0.019881794 0.015663514 0.06206733 0.063105226 0.041802097 0.04373162 0.043642096 0.026923522 0.015482491 1.8866714e-06 0.019510617 3.1512052e-06 0.03133876 0.014584595 6.05281e-06 7.36043e-08 0.010396049 1.19156375e-05 0.0010634537 0.017629575 0.011788549 0.0013747496 0.008585272 0.015201069 1.5256825e-05 0.008812753 4.686811e-05 9.618051e-07 0.007002629 3.73354e-06 2.8142304e-06 0.003326334 0.00535746 0.004608641 0.018891584 0.0019103668 2.61749e-05 2.2457464e-06 0.0019195457 1.5598414e-05 0.0038486114 0.0035388756 1.9119224e-08 6.2293526e-09 0.00010161118 0.00017441921 2.616455e-08 0.0032052665 0.0047887107 2.248931e-08 0.0038955745 0.003057927 0.0007782405 0.0011841897 0.0013851208 1.8738378e-06 7.340728e-05 0.0014789776 0.006413658 0.0009060329 0.0006917811 4.520206e-09 0.00084510405 9.663254e-06 0.0016086766 0.00040047363 0.0028054586 4.347508e-05 0.0002676478 2.1912554e-05 1.5130236e-06 0.0011083942 0.00010608956 2.6331148e-09 1.5136802e-06 1.5643097e-08 4.0762967e-05 1.3286924e-05 5.0986713e-05 0.00039588969 0.00014371776 0.008762269
0.8688843 0.059709013 0.0029762306 0.00026051936 3.895517e-20 0.00040021286 0.049702987 0.07330178 0.0015453916 0.20916796 0.76419276 0.12128357 0.20976034 0.24241495 0.22387317 0.0015343233 0.0040624174 0.18569393 0.16698669 0.47378567 6.996467e-05 0.03131674 0.004470754 0.0041518076 0.0047370885 0.0046159117 0.003933845 0.0013102934 0.042390473 0.002304558 0.03174907 0.003437941 0.0021810345 0.038030304 0.030566819 0.0018160352 2.7406986e-06 4.039652e-05 0.0019900824 0.0010548031 0.0155306775 0.0015055784 0.0016327748 9.167899e-07 0.00054039404 0.007924352 0.010160998 0.00053998886 0.011520158 9.2408726e-08 8.587282e-05 0.0003723179 0.00030169662 0.010653994 0.00057209656 0.0035228257 2.9691287e-07 0.00046923166 0.002475675 0.00026347142 0.00021376362 0.0017141657 0.00041540133 0.0013148268 0.0010714291 0.0010148031 0.00022249384 0.00021148064 0.00039601262 0.00020380609 0.00022454833 1.3415946e-05 0.00015536707 9.782772e-05 3.5663675e-07 1.7219918e-06 0.00010312967 0.00016154109 0.00020885878 0.000419938 0.00034132155 3.1806234e-05 0.0013922505 0.00066905376 3.2368756e-05 0.000551535 0.0008245406 0.00021624276 0.0013662754 1.2468745e-06 0.00049455854 1.2621963e-05 1.0717192e-10 0.0017406461 1.3364361e-06 1.2196324e-05 5.521215e-06 1.1037301e-08 0.00029159983 4.8464033e-05 0.0014408261
0.949116 0.0406209 0.47765383 0.84877825 0.00040021286 7.6211815e-19 0.105686925 0.28811762 0.07496625 0.0054064873 9.288599e-05 0.07203681 0.006190525 2.326733e-06 2.0098696e-05 0.055534493 0.30233636 0.0011721723 0.029305559 0.013594247 0.028183606 0.35453254 0.12171304 0.37505493 0.31617856 0.23904215 0.22183754 0.01270727 2.1358326e-06 0.020315213 3.1579773e-06 0.1378335 0.08724996 4.1595513e-06 2.3671416e-07 0.023648966 2.8088556e-05 0.0021597012 0.022910886 0.094611526 0.0022366233 0.022455174 0.015642578 1.3349757e-05 0.018413277 0.00010777543 1.2577653e-06 0.010099753 7.0004676e-06 3.902368e-06 0.0037437337 0.011810503 0.010967166 0.0076149222 0.006359406 1.1182321e-05 1.7014967e-06 0.0044318205 5.993091e-06 0.012665584 0.009116107 4.359596e-08 3.45376e-08 0.00012230156 0.00018454184 6.8987055e-07 0.006517685 0.025866488 3.56368e-08 0.013238407 0.006917743 0.0009847494 0.0026220796 0.0022928198 1.0554088e-06 7.0323156e-05 0.0033036463 0.007849871 0.0016058225 0.0012912748 1.2077189e-07 0.0013368895 4.129705e-06 0.008443924 0.0005117124 0.015499939 1.0831582e-05 0.00078405003 9.114419e-06 1.2219673e-06 0.0031332884 5.5338485e-05 7.119584e-10 3.5765785e-07 1.2214639e-08 9.936955e-06 3.4173695e-06 8.166261e-05 0.00011877388 0.00016833552 0.0063600247
0.989714 0.4580891 0.28398395 0.15529133 0.049702987 0.105686925 1.7413892e-16 0.42794564 0.18724434 0.2387396 0.008047077 0.37867075 0.20129159 0.0030437617 0.051398583 0.19728887 0.18114562 0.14114836 0.19025294 0.10185338 0.07014274 0.1438365 0.22852242 0.054978695 0.06853133 0.05674453 0.025523828 0.095194854 0.003188141 0.0702519 0.008663725 0.031034345 0.010908611 0.0036911906 0.001284971 0.01008998 0.0134435855 0.06990715 0.017930122 0.008061706 0.008559843 0.007783303 0.022856634 0.0032215302 0.006341068 0.0021317967 0.00076811895 0.006514233 0.001637257 0.0013848521 0.0071143047 0.003617907 0.003880791 0.26653138 0.0023447303 0.0016460087 0.0029957124 0.00176771 0.002193272 0.0025702128 0.0023263858 2.2147206e-05 0.00032574518 0.0026199224 0.0021577692 0.000773744 0.0027878142 0.0009754581 0.00015594317 0.0011004291 0.0014209226 0.0022824134 0.00080416026 0.0017110087 0.0006871192 0.0012336104 0.0014215874 0.09323511 0.0006738962 0.0011367506 0.00020724845 0.0014290826 0.00043461073 0.00022677658 0.0009475663 0.00089972786 0.00054246123 8.1701015e-05 0.00049315504 0.000118261414 0.0009641599 0.00084376166 4.77863e-07 8.529169e-05 3.8494e-08 0.00022098294 0.00011674983 0.0013548501 0.0013646699 2.8411094e-05 0.19326745
0.9896294 0.32874992 0.094744995 0.03624618 0.07330178 0.28811762 0.42794564 1.5465777e-19 0.042018518 0.18466878 0.014506706 0.40080065 0.14374848 0.0008462905 0.0043348093 0.04007366 0.10608111 0.09149253 0.24457456 0.1229996 0.0077852937 0.25844526 0.09227126 0.08596789 0.074543536 0.06836339 0.077338316 0.02329169 0.00035854362 0.033699438 0.0011441462 0.061230864 0.056577627 0.00055850274 0.00013844037 0.06582221 6.671341e-05 0.0010167852 0.026926577 0.03899818 0.048638944 0.049207658 0.014943094 1.7138846e-05 0.012901516 0.0028253216 0.00019586293 0.0071478668 0.00093252474 2.49454e-06 0.0022005602 0.0075855493 0.0060791667 0.014486023 0.0076682637 0.00043575227 4.825417e-06 0.010138832 0.00057471654 0.007385065 0.00448549 3.42104e-05 5.248349e-05 0.0023085943 0.0029283816 0.0017435877 0.0022629092 0.0066241757 1.3402237e-05 0.0048006196 0.0030710783 0.0002663423 0.005101585 0.00062148785 3.5811063e-06 5.355912e-05 0.000668069 0.0066813338 0.004015406 0.0028687932 0.0001870071 0.00031042448 0.00011569719 0.0016704632 0.000108915105 0.0010580508 0.00042748463 0.0010472342 0.00040461952 4.9057367e-06 0.0003492029 0.00010849163 9.567396e-09 2.6706912e-05 3.98125e-07 0.00010766397 4.1902866e-05 0.0013765369 0.00010162087 0.00028546932 0.005296713
0.99373823 0.031680167 0.055540018 0.05614734 0.0015453916 0.07496625 0.18724434 0.042018518 1.1127519e-19 0.00086500944 2.740018e-05 0.05213131 0.0018396514 1.9288466e-06 2.973755e-06 0.44557577 0.21941118 0.00029982536 0.013660826 0.013723726 0.15505928 0.037433363 0.2598218 0.058713134 0.07255882 0.10322426 0.032221187 0.24083619 4.916469e-07 0.19196826 4.1708662e-07 0.09202959 0.01811337 4.413477e-06 4.5527674e-08 0.0048100557 0.011729126 0.13789119 0.08087684 0.018742973 0.00022530317 0.0047079087 0.104094915 0.008818999 0.019867932 7.424854e-06 4.1022338e-07 0.04476935 9.515598e-06 0.002138509 0.055905573 0.018379427 0.020938745 0.076175086 0.0012670972 8.598062e-06 0.0032609815 0.0008049099 1.8468789e-05 0.009194696 0.011913203 9.309087e-08 1.3388922e-09 2.6338486e-05 5.039525e-05 3.9990873e-08 0.0133834565 0.0057863053 1.8813905e-08 0.0072441106 0.00790481 0.016675076 0.00069225073 0.008944791 0.0018374544 0.0042968523 0.007888573 0.026076334 0.00041220192 0.00034954253 5.362055e-09 0.0073830467 5.2121268e-05 0.0009611473 0.005242789 0.003596997 5.435251e-05 0.00014971958 5.61101e-05 0.0010696135 0.003809998 0.0043448107 4.2550946e-06 5.987058e-06 1.1975417e-08 0.0010677845 0.0004132347 0.0029283382 0.003858753 0.0003280825 0.026125068
0.974809 0.20992957 0.026045362 0.002838963 0.20916796 0.0054064873 0.2387396 0.18466878 0.00086500944 2.2685825e-18 0.08503279 0.2502842 0.4072435 0.041824877 0.22793093 0.0010588124 0.007092322 0.40463153 0.33389893 0.12027425 0.00048029164 0.09538302 0.0019513089 0.017904714 0.0064850934 0.0060570086 0.023357222 0.00013159162 0.05217228 0.00059021695 0.017008876 0.005405193 0.017522674 0.038163815 0.013609917 0.020115243 4.5927445e-06 3.8487968e-05 0.0016924388 0.004897279 0.18381843 0.012804284 0.0011469141 2.986718e-06 0.00094492355 0.038039286 0.005862541 0.00044167996 0.013416803 5.0864566e-07 0.00010430394 0.0005954034 0.0005886329 0.0018517219 0.0042796703 0.009979045 1.9843683e-06 0.0069266954 0.009592613 0.0011993472 0.000982692 0.0009574512 0.00091095973 0.010620349 0.011321611 0.028261727 0.00024829386 0.0017270508 0.0015585019 0.0012842052 0.0006400582 4.8456965e-05 0.0018200309 8.994186e-05 1.2676368e-05 5.2402964e-05 9.9881996e-05 0.00019461356 0.00266447 0.005986125 0.006167328 3.667018e-05 0.0017708668 0.0011838323 4.6668032e-05 0.0007192004 0.0017813925 0.0011624489 0.0023801797 6.295433e-06 0.0002660108 1.773734e-05 2.1313497e-08 0.0001216383 1.201277e-05 2.7095579e-05 1.508106e-05 0.00024394768 0.00017462374 0.00032629303 0.00031856154
0.8919939 0.01615867 0.00039717887 3.0565738e-05 0.76419276 9.288599e-05 0.008047077 0.014506706 2.740018e-05 0.08503279 8.2843584e-21 0.027823118 0.06610659 0.7156865 0.1887801 6.640111e-05 0.0009969547 0.065986894 0.042160597 0.18489383 9.903196e-07 0.008341623 0.0003102652 0.00091201154 0.0008978824 0.0012395108 0.0011634596 2.4235424e-05 0.04631675 0.00013536644 0.18991525 0.00088436925 0.00066176377 0.071628064 0.06722758 0.0013558745 3.328423e-09 2.3791094e-07 0.00026018714 0.00034743 0.005504334 0.00093644066 6.8595924e-05 7.072784e-09 0.00012622245 0.009451043 0.009860444 3.6161615e-05 0.014496989 9.722098e-10 2.701962e-06 4.6340152e-05 3.1416195e-05 0.0006510817 0.00036354666 0.004835128 7.96119e-09 0.00029058516 0.0035862485 3.433994e-05 2.74588e-05 0.0028085662 0.0005592561 0.0016837969 0.0016068603 0.0026436858 2.3975725e-05 4.085298e-05 0.0013122725 2.9351251e-05 1.543206e-05 6.1076787e-07 2.978323e-05 4.8826187e-06 9.130875e-09 2.5895904e-08 7.6130373e-06 7.677424e-06 6.751615e-05 0.00057438255 0.001462765 4.8104844e-06 0.0041304026 8.1673206e-05 3.9360516e-06 4.7483612e-05 0.0032015487 7.931575e-05 0.005672094 1.458453e-08 1.6730732e-05 7.120267e-07 7.054621e-13 0.026945658 0.0006395475 6.131726e-08 1.7003076e-08 1.5375454e-11 5.830703e-06 1.5562755e-05 0.00054153963
0.9777083 0.32810578 0.063044004 0.029234769 0.12128357 0.07203681 0.37867075 0.40080065 0.05213131 0.2502842 0.027823118 5.943646e-21 0.17465433 0.0037653772 0.013522084 0.03821587 0.08881609 0.11139434 0.36020657 0.10664487 0.012995439 0.28296807 0.06272857 0.0978384 0.076550916 0.0839958 0.11798165 0.008655863 0.00096107397 0.019336745 0.0034861425 0.07622497 0.0915056 0.0010827534 0.0005083911 0.09134243 3.0477948e-05 0.00058280496 0.022239452 0.057142742 0.071951635 0.077500395 0.014847741 6.1998003e-06 0.019246463 0.007258483 0.00024504965 0.007584027 0.00089856854 7.720004e-07 0.0022757072 0.009542475 0.008306522 0.003740126 0.016984686 0.0010906406 9.728614e-07 0.02401356 0.0020213244 0.013286272 0.010451414 1.3465371e-05 0.00010521067 0.009771909 0.012267221 0.0063745617 0.003477546 0.015838875 6.604391e-05 0.009982777 0.0055668093 0.00023661905 0.010285231 0.0006908163 5.69849e-07 4.6131194e-05 0.0010559369 0.0035938527 0.008237535 0.01192515 0.0003380687 0.00036673743 0.0001983048 0.002405747 0.0001285748 0.0020422637 0.00049799104 0.002808533 0.0004165995 2.2381796e-06 0.00047234353 3.7156362e-05 9.424704e-10 1.9856794e-05 5.482077e-07 5.557293e-05 1.7996537e-05 0.0008765971 6.817307e-05 0.0002940879 0.0011188973
0.9424519 0.25846964 0.042177938 0.006246186 0.20976034 0.006190525 0.20129159 0.14374848 0.0018396514 0.4072435 0.06610659 0.17465433 1.429668e-20 0.06499003 0.27708095 0.00071597577 0.0023985778 0.5683638 0.29865757 0.077508844 0.0008516881 0.046941586 0.0008956046 0.0044336086 0.0025956621 0.00085747073 0.0064189485 6.323217e-05 0.07689525 0.00023561026 0.05177621 0.0012777507 0.0054894304 0.050744444 0.009108559 0.010334672 4.325872e-06 3.16164e-05 0.0003961941 0.0016585783 0.11371531 0.0069377157 0.00039222938 6.049195e-07 0.00045171013 0.051348656 0.008865294 0.00010909568 0.01880903 2.187053e-07 1.2551598e-05 0.0002608647 0.00030651136 0.00056070846 0.006118975 0.013101405 2.5477812e-07 0.009949426 0.016428502 0.00085023453 0.00090849755 0.0008502135 0.0012494683 0.018492723 0.01870477 0.03576135 0.00023291264 0.0013818856 0.0023462884 0.0010058079 0.00072091405 1.9346893e-05 0.002752536 5.4826625e-05 1.806358e-07 7.8951425e-06 7.68792e-05 0.00022924785 0.0025745686 0.009625388 0.008420121 4.0875235e-05 0.0021200476 0.00022868776 2.1933862e-05 0.00021514454 0.0014441414 0.0007876042 0.002024544 5.341115e-07 9.45485e-05 8.088355e-06 1.1991227e-09 0.00011144958 0.00017063311 9.214315e-06 2.4059202e-06 0.0001918346 4.6684545e-05 0.0001078511 9.722048e-05
0.47976407 0.0039573913 6.083183e-05 2.7756294e-06 0.24241495 2.326733e-06 0.0030437617 0.0008462905 1.9288466e-06 0.041824877 0.7156865 0.0037653772 0.06499003 1.2465911e-16 0.58498925 4.8705365e-06 2.1309508e-05 0.093587816 0.028088659 0.03363678 2.3869852e-06 0.0009431131 1.4161484e-05 0.00013676162 8.229007e-05 4.2835e-05 0.00025568862 6.186334e-06 0.3251367 6.338628e-06 0.58035433 0.00010229852 0.00044431005 0.21035348 0.45488092 0.0014690504 1.4012284e-07 1.3194492e-07 4.3715718e-05 0.00035913137 0.014737106 0.0011020139 3.7725727e-05 9.793103e-09 0.00030755697 0.030891852 0.12025073 2.634351e-05 0.099556305 5.096405e-09 1.5972029e-06 0.00017759304 2.77709e-05 1.6477015e-05 0.0017538941 0.03310827 9.095468e-09 0.0013832588 0.020286739 0.00014208893 0.00038704122 0.021794224 0.003517528 0.0044529694 0.0036777137 0.03826627 0.00024431973 0.0005387153 0.01124927 0.00033901533 0.0005067982 4.8180294e-07 0.0009985181 4.2463957e-06 2.1274912e-08 3.047411e-07 1.2534718e-05 2.269951e-06 0.0009354717 0.002016557 0.01662237 8.297777e-06 0.0038039025 0.00073309586 3.0059548e-06 0.0009774985 0.0007197603 0.0004730109 0.0024658516 1.8005534e-07 0.00027009088 1.7994074e-06 2.0948572e-10 0.00084316154 0.0018297159 2.2186887e-05 1.19002725e-05 3.5732853e-07 1.853729e-05 4.5371708e-05 6.9224607e-06
0.9542692 0.045297198 0.0004587564 7.4018412e-06 0.22387317 2.0098696e-05 0.051398583 0.0043348093 2.973755e-06 0.22793093 0.1887801 0.013522084 0.27708095 0.58498925 5.282359e-20 7.956561e-07 7.911951e-06 0.44050732 0.0653066 0.10306542 1.1542635e-05 0.0012324709 2.4968579e-06 2.3444794e-05 1.1285211e-05 5.1597444e-06 4.7998456e-05 4.7170022e-07 0.6385727 1.1367613e-06 0.12472984 1.5308171e-05 8.1861675e-05 0.41593936 0.17601135 0.0005753436 3.3457503e-08 1.2642718e-07 1.8706969e-06 3.660086e-05 0.056451697 0.0003609529 2.1102128e-06 2.7960214e-09 2.4174095e-05 0.09899328 0.09859304 3.8313665e-06 0.11574132 9.616881e-10 4.6225213e-07 2.3303113e-05 2.107708e-05 0.00013342484 0.0011765816 0.040074337 1.7792945e-09 0.0011308199 0.043556217 0.0002313338 0.0002836008 0.01768531 0.0032850176 0.01170633 0.006739621 0.058086675 6.1836945e-05 0.0005146216 0.010446383 0.00031360175 0.00020722179 4.3334714e-07 0.00069764984 4.5734605e-06 8.928311e-09 1.1200711e-07 1.7847244e-05 2.4008947e-05 0.0009696788 0.0031261444 0.031067943 5.166096e-06 0.0074519813 0.00029513365 3.4311636e-06 0.00016838129 0.0015091499 0.0004597429 0.004114243 2.3884562e-08 0.00013138309 8.171277e-07 1.3237676e-10 0.0011888874 0.002150994 4.539852e-06 2.5266108e-06 8.6533155e-06 5.8259982e-05 0.00019911758 0.00010940668
0.9877689 0.037759934 0.03350106 0.019664524 0.0015343233 0.055534493 0.19728887 0.04007366 0.44557577 0.0010588124 6.640111e-05 0.03821587 0.00071597577 4.8705365e-06 7.956561e-07 3.5012426e-20 0.30572823 0.00012282145 0.01002506 0.0065805097 0.17893067 0.040213753 0.5687105 0.07308151 0.09991677 0.14602004 0.034359083 0.44839302 1.5484541e-07 0.33436948 1.2784315e-06 0.14267924 0.022561388 5.221773e-07 1.2309319e-07 0.0044281683 0.0076709264 0.15018249 0.1288482 0.036696542 0.000527673 0.004061954 0.14311768 0.00492467 0.04137113 9.76527e-06 1.0255277e-06 0.07232345 2.260352e-05 0.00074700336 0.0995674 0.03808822 0.04026547 0.030285576 0.0041457815 1.345378e-05 0.0012720879 0.0026670187 8.229977e-06 0.032501917 0.036522705 1.229687e-07 1.56388e-08 0.00011470446 0.0002152878 2.9564757e-07 0.02883761 0.013817818 5.540356e-08 0.020751627 0.020090932 0.030533088 0.002264995 0.027771128 0.0013676482 0.007139936 0.022437932 0.027904088 0.00088316156 0.0006059362 1.5880873e-07 0.016177945 4.0324985e-06 0.0013136317 0.00822703 0.0058919 1.7271224e-05 0.00016223677 8.54589e-06 0.0010764928 0.0073283757 0.007401909 7.420928e-07 5.6904423e-07 8.813998e-09 0.0017698793 0.0005609777 0.013911184 0.0040324335 4.084683e-05 0.007039674
0.95745724 0.09111204 0.06030948 0.05292957 0.0040624174 0.30233636 0.18114562 0.10608111 0.21941118 0.007092322 0.0009969547 0.08881609 0.0023985778 2.1309508e-05 7.911951e-06 0.30572823 4.1522513e-19 0.00028432033 0.030228734 0.025292097 0.11924433 0.27939543 0.5419293 0.452572 0.46953347 0.46374902 0.23487742 0.1506258 6.248804e-07 0.20052177 3.3270808e-05 0.32601258 0.12579192 1.1119627e-06 3.5796566e-07 0.060074776 0.0007338013 0.021001507 0.13530712 0.13046637 0.004195653 0.057039525 0.08986277 0.0001325835 0.063344635 8.302e-05 1.213293e-06 0.056052856 1.4418982e-05 5.8130558e-05 0.03190323 0.052367195 0.064220406 0.007108151 0.015851295 1.5296262e-05 0.00011617672 0.014837784 1.9925577e-05 0.050633956 0.042606413 2.6795055e-07 2.781039e-07 0.0005322566 0.00086597924 2.078826e-05 0.021273853 0.041928664 1.820489e-07 0.030251011 0.024114234 0.0073887524 0.0081626875 0.011158374 2.7759963e-05 0.0004637143 0.01245116 0.010230194 0.0038289267 0.0014686219 1.233432e-06 0.0035751776 3.5793614e-06 0.0063400343 0.0013001736 0.015304588 2.4577857e-05 0.00044881043 1.0303691e-05 1.3884106e-05 0.003874107 0.0003522797 8.771083e-09 1.707753e-07 5.6118763e-09 7.8437384e-05 2.0644944e-05 0.0045106146 0.00022000722 0.00017605998 0.0024847733
0.9222986 0.21720631 0.017159043 0.0011546225 0.18569393 0.0011721723 0.14114836 0.09149253 0.00029982536 0.40463153 0.065986894 0.11139434 0.5683638 0.093587816 0.44050732 0.00012282145 0.00028432033 9.63006e-21 0.24859649 0.06024694 0.00035512677 0.008101441 0.00010536509 0.00028935983 0.0002112881 0.00014562739 0.00069269416 1.9606206e-05 0.16144198 4.951076e-05 0.07808328 0.00049075176 0.0010193517 0.107890956 0.016260223 0.0025446878 1.901592e-06 1.0527415e-05 5.8240432e-05 0.00047903619 0.1454459 0.002266019 4.9171536e-05 1.2892112e-07 0.00016632851 0.09494949 0.015365735 2.3689214e-05 0.032394636 4.4123233e-08 5.7499933e-06 0.000107668064 0.00021185428 0.0004727829 0.004649744 0.023903912 8.841044e-08 0.0058061634 0.034989614 0.00054775097 0.0006409662 0.002869851 0.0021326407 0.0232872 0.022501823 0.045490753 0.00027846658 0.0010555906 0.004715885 0.0006873263 0.00048924633 3.9849065e-06 0.0023400546 2.2638404e-05 4.397025e-08 1.9444085e-06 7.438778e-05 0.00019673022 0.0032739055 0.014290301 0.01573743 2.3524975e-05 0.0075879833 0.00058459403 1.3946877e-05 0.0002810585 0.0038170828 0.0019734171 0.0059536025 7.58769e-08 9.712326e-05 3.6029342e-06 5.040401e-10 0.0006273629 0.00069216883 3.9830184e-06 1.5100584e-06 0.00019975456 2.2098133e-05 0.00022519857 0.0001252218
0.8642002 0.3516863 0.06916681 0.022453945 0.16698669 0.029305559 0.19025294 0.24457456 0.013660826 0.33389893 0.042160597 0.36020657 0.29865757 0.028088659 0.0653066 0.01002506 0.030228734 0.24859649 7.010088e-21 0.06515767 0.004038801 0.2668569 0.012880205 0.04934692 0.027689924 0.01947318 0.06458296 0.0009108581 0.012857212 0.0052318675 0.031702302 0.013526792 0.054405626 0.009160191 0.0040838593 0.06470455 8.576515e-06 0.00019031868 0.007825583 0.011585453 0.2474124 0.04273957 0.0046788645 3.8997564e-06 0.00799521 0.025811682 0.0023677784 0.0025468087 0.004533328 1.1627492e-06 0.00024948706 0.0037231524 0.0023770446 0.0010414779 0.024778757 0.005973673 1.5570333e-06 0.027264215 0.007356424 0.004100101 0.0054359306 0.00015188224 0.000775209 0.021919632 0.024727184 0.026444234 0.0016892655 0.007039579 0.0009285752 0.0042826035 0.002538696 0.00011644538 0.009836119 0.000280025 6.074799e-07 3.2379965e-05 0.0003255508 0.000402554 0.006474601 0.015458545 0.0045901765 0.00013829958 0.00046769503 0.0010150379 9.038063e-05 0.00051681296 0.0018695558 0.0018362247 0.0014162678 2.0550565e-06 0.00017769706 5.8836595e-05 9.518246e-10 4.3016928e-05 4.406006e-05 6.7103174e-06 1.283374e-06 0.00091725256 3.640369e-05 0.00018423743 0.00010681756
0.9875015 0.1182104 0.04214981 0.019881794 0.47378567 0.013594247 0.10185338 0.1229996 0.013723726 0.12027425 0.18489383 0.10664487 0.077508844 0.03363678 0.10306542 0.0065805097 0.025292097 0.06024694 0.06515767 2.7982394e-10 0.011203078 0.036691405 0.018764334 0.013110248 0.012082375 0.017207697 0.010749074 0.009045023 0.015473966 0.013519319 0.11532201 0.013193902 0.0055833072 0.015085155 0.021337401 0.0037134932 0.000832071 0.0028619578 0.009173833 0.0047347643 0.008119331 0.0023920683 0.008758305 0.0004207008 0.002866906 0.003876099 0.004319553 0.0038851437 0.0055953725 0.00049065065 0.0019014934 0.0017182953 0.0029379665 0.13147983 0.001126215 0.002793599 0.0010311423 0.0008519667 0.002196257 0.0020293489 0.0016149542 0.0025615175 0.014660668 0.0011083963 0.0011721823 0.028879028 0.0017700269 0.0012101125 0.01827814 0.0011724491 0.0010926451 0.0010343253 0.0003332478 0.0022124061 0.00023417972 0.0003251536 0.0019679358 0.043723326 0.00031876 0.0010762409 0.029740319 0.0019574622 0.0032793847 0.00039294208 0.002148455 0.0011447935 0.0053867367 0.00015808774 0.00652751 3.547318e-05 0.0011750286 0.0010323029 8.804607e-07 0.005232145 0.000117972144 0.00018204987 3.6992908e-05 5.6714638e-05 0.001096303 0.00013757226 0.055730794
0.9949212 0.0070511564 0.01727367 0.015663514 6.996467e-05 0.028183606 0.07014274 0.0077852937 0.15505928 0.00048029164 9.903196e-07 0.012995439 0.0008516881 2.3869852e-06 1.1542635e-05 0.17893067 0.11924433 0.00035512677 0.004038801 0.011203078 2.6129016e-10 0.014437684 0.19733621 0.034013107 0.05794349 0.071014054 0.011472334 0.1752831 4.7635652e-07 0.14966664 3.0637134e-06 0.049243484 0.003937781 1.1806515e-05 5.262723e-07 0.0013859486 0.2689146 0.4963408 0.039189134 0.007620302 0.00041997005 0.0014512301 0.07229082 0.21160145 0.011579395 3.0120485e-05 1.2239384e-06 0.018072836 2.5051739e-05 0.13318299 0.06624881 0.008596463 0.012253541 0.1866153 0.0009454532 3.3679244e-05 0.09796751 0.00085370115 8.227501e-05 0.00573974 0.005759549 1.6140001e-08 5.054587e-08 0.00011972473 0.00041710754 5.8648553e-08 0.007061382 0.0027359172 3.6578054e-08 0.0037723968 0.0044307387 0.028960329 0.0011801108 0.014147573 0.03746884 0.02795778 0.00781526 0.160032 0.0010622557 0.0004968698 1.5451091e-08 0.014832478 2.704129e-05 0.0014264417 0.011281221 0.008063351 3.1319993e-05 0.00033488055 1.124988e-05 0.023106847 0.008056023 0.0150686195 0.004519237 1.019853e-05 4.569515e-08 0.005445953 0.0026268288 0.014250304 0.010538047 0.0007596183 0.2950963
0.9024644 0.17531104 0.07739797 0.06206733 0.03131674 0.35453254 0.1438365 0.25844526 0.037433363 0.09538302 0.008341623 0.28296807 0.046941586 0.0009431131 0.0012324709 0.040213753 0.27939543 0.008101441 0.2668569 0.036691405 0.014437684 2.317632e-22 0.11984592 0.49993432 0.3262529 0.26864585 0.51713985 0.024756381 9.218573e-05 0.061916944 0.0018088648 0.24176414 0.42580017 0.00012413539 8.185567e-05 0.32043934 1.823156e-05 0.0011624766 0.06590735 0.21251047 0.04760322 0.21379104 0.018138433 6.987275e-06 0.038911935 0.001850856 0.00020571683 0.022712503 0.0005173339 5.6442555e-06 0.0033276 0.028353743 0.02295999 0.00080604805 0.04689992 0.00033006497 3.0657418e-06 0.036399648 0.00042933726 0.02399851 0.01888037 1.2450262e-05 5.820936e-06 0.0040161284 0.0046794894 0.00094167155 0.0071222098 0.02496115 1.4066818e-05 0.014341821 0.009158732 0.0003192175 0.01478181 0.0008269384 2.0940226e-06 1.6601354e-05 0.0009422456 0.00070342136 0.012450798 0.008353492 0.00016981737 0.0002112039 3.394061e-05 0.007983499 0.000112952526 0.0040023276 0.00020989351 0.0038321249 0.00011916405 5.9152956e-07 0.00025147066 5.6228488e-05 6.619634e-10 3.0816589e-06 2.863171e-07 1.7472195e-05 6.269885e-06 0.0007007936 4.576085e-05 0.00033333618 0.00030647538
0.937668 0.0660233 0.09321716 0.063105226 0.004470754 0.12171304 0.22852242 0.09227126 0.2598218 0.0019513089 0.0003102652 0.06272857 0.0008956046 1.4161484e-05 2.4968579e-06 0.5687105 0.5419293 0.00010536509 0.012880205 0.018764334 0.19733621 0.11984592 7.748723e-21 0.26163554 0.35654402 0.40255958 0.14263058 0.39113215 3.3158486e-07 0.47672343 3.1197571e-06 0.37671968 0.08341941 3.554741e-07 1.4050981e-07 0.026523603 0.0035222042 0.07015647 0.29310706 0.1163619 0.0039671063 0.027339976 0.22494905 0.0009101148 0.115982175 9.1524445e-05 2.1310677e-06 0.11770441 4.0334315e-05 0.00032494593 0.10248381 0.08605467 0.08139807 0.016325478 0.01680719 5.4952256e-05 0.0006740064 0.011582847 4.219987e-05 0.052552864 0.065737285 6.620055e-07 1.0896449e-07 0.00044781363 0.0007327649 2.6605644e-06 0.049677268 0.03197004 1.8723595e-07 0.03779252 0.036021095 0.020976292 0.007695975 0.031020306 0.00044072582 0.0029249468 0.024815656 0.016118191 0.0034694714 0.0012555637 1.4939237e-06 0.013716622 1.004099e-05 0.007376794 0.006555446 0.013993449 5.059423e-05 0.0010278081 2.1061145e-05 0.00030445543 0.008261231 0.0030772127 1.3844716e-07 6.712689e-07 5.99151e-09 0.0006211661 0.00014934581 0.017819107 0.0016494727 0.00046002603 0.0031974143
0.87422585 0.06257588 0.04655052 0.041802097 0.0041518076 0.37505493 0.054978695 0.08596789 0.058713134 0.017904714 0.00091201154 0.0978384 0.0044336086 0.00013676162 2.3444794e-05 0.07308151 0.452572 0.00028935983 0.04934692 0.013110248 0.034013107 0.49993432 0.26163554 1.1598752e-21 0.5381297 0.47787243 0.52262956 0.055384222 1.9104643e-06 0.109522305 0.00015300822 0.3550389 0.3396524 3.165292e-06 1.1802728e-06 0.13899171 8.7847795e-05 0.003282816 0.113194056 0.27794224 0.008637384 0.11961877 0.038122837 3.9486633e-05 0.06820077 0.00020162463 8.964406e-06 0.03948085 5.1917817e-05 2.680336e-05 0.010974784 0.052707914 0.04724992 0.0012433059 0.033517197 8.651628e-05 2.3060811e-05 0.021608358 6.980559e-05 0.040522434 0.033959482 1.4097027e-06 5.004787e-07 0.0009234769 0.001616791 5.212271e-05 0.014881061 0.046332434 4.220345e-07 0.02809221 0.0188166 0.0013261877 0.013683502 0.0025556844 5.056555e-06 7.005381e-05 0.0045905425 0.0014884771 0.009078477 0.005461866 2.8452398e-06 0.0007470442 1.1094263e-05 0.018637538 0.00038484164 0.018239118 5.859749e-05 0.0038458782 3.1505188e-05 1.8838432e-06 0.0031032974 0.000111871916 1.843762e-09 9.988694e-07 1.8311532e-08 4.0003866e-05 2.3544031e-05 0.0027244817 0.00014679322 0.0009722887 0.00022932113
0.84062386 0.059726253 0.055211972 0.04373162 0.0047370885 0.31617856 0.06853133 0.074543536 0.07255882 0.0064850934 0.0008978824 0.076550916 0.0025956621 8.229007e-05 1.1285211e-05 0.09991677 0.46953347 0.0002112881 0.027689924 0.012082375 0.05794349 0.3262529 0.35654402 0.5381297 1.2699484e-21 0.54675156 0.41329792 0.07429558 7.395784e-07 0.15215589 4.027235e-05 0.40299568 0.26387516 1.2913331e-06 5.1600176e-07 0.08722127 0.00020504367 0.00746434 0.13153316 0.24655911 0.0064986795 0.07517663 0.05158074 0.00013664429 0.070519015 0.00014726618 3.3462547e-06 0.04306871 3.497308e-05 8.748896e-05 0.015799535 0.05152667 0.042863347 0.001448511 0.03103174 3.6046444e-05 5.9881237e-05 0.016440531 4.224932e-05 0.03597803 0.034717347 6.797071e-07 2.1564952e-07 0.0006449057 0.0010863539 1.40244765e-05 0.018721845 0.033607554 2.2348215e-07 0.023305204 0.016212905 0.0025046892 0.010350226 0.004207576 2.2052933e-05 0.00017653799 0.0052123684 0.0016195033 0.005986322 0.002094665 1.4197662e-06 0.0013560996 4.51218e-06 0.012635296 0.0006352132 0.01354898 3.1679392e-05 0.0022388045 1.3442737e-05 4.7447606e-06 0.002720251 0.00024355226 9.65725e-09 3.0965668e-07 2.4778182e-09 6.114982e-05 2.7047092e-05 0.003616234 0.00013692174 0.0004937532 0.00034122932
0.86828196 0.04454303 0.04157112 0.043642096 0.0046159117 0.23904215 0.05674453 0.06836339 0.10322426 0.0060570086 0.0012395108 0.0839958 0.00085747073 4.2835e-05 5.1597444e-06 0.14602004 0.46374902 0.00014562739 0.01947318 0.017207697 0.071014054 0.26864585 0.40255958 0.47787243 0.54675156 5.5651447e-21 0.4062451 0.13130485 3.6196184e-07 0.2252537 2.2934812e-05 0.48168632 0.27186948 9.908078e-07 2.507124e-07 0.11020798 0.00034796487 0.013257768 0.20593368 0.3166831 0.0036375911 0.1061472 0.073251605 0.00015917333 0.09595148 0.00011256572 1.0715354e-06 0.066590175 1.2091722e-05 0.00011351028 0.02677147 0.077533126 0.08946215 0.0024658903 0.025368312 3.0216608e-05 9.1320944e-05 0.021344215 4.8914717e-05 0.06727523 0.052737217 1.17278596e-07 9.748028e-08 0.00059536134 0.0013052729 9.541851e-06 0.022491138 0.07082491 2.9364898e-08 0.04474307 0.02882881 0.004608153 0.01673169 0.008168918 3.031035e-05 0.00037817095 0.0115544535 0.0038067605 0.010348312 0.005287142 1.281854e-07 0.0021292395 7.1318104e-06 0.02326354 0.001226152 0.031211743 5.7800542e-05 0.00285815 1.8573195e-05 8.467765e-06 0.0073357285 0.00023268395 6.1156515e-09 1.89844e-07 5.2034097e-09 5.5475597e-05 2.0909269e-05 0.006099882 0.0002805222 0.0006454847 0.00056009914
0.6227417 0.04169802 0.02992828 0.026923522 0.003933845 0.22183754 0.025523828 0.077338316 0.032221187 0.023357222 0.0011634596 0.11798165 0.0064189485 0.00025568862 4.7998456e-05 0.034359083 0.23487742 0.00069269416 0.06458296 0.010749074 0.011472334 0.51713985 0.14263058 0.52262956 0.41329792 0.4062451 5.082837e-23 0.038981058 3.653883e-06 0.09532561 0.00032239567 0.45764887 0.6069961 1.3029993e-05 3.579232e-06 0.39807785 6.218752e-05 0.0012941454 0.14176397 0.48573732 0.015964363 0.33610737 0.031663783 2.5040297e-05 0.08195435 0.0003514993 2.0018526e-05 0.037290715 5.9396087e-05 1.840965e-05 0.0053938413 0.0548144 0.045646634 0.0004155414 0.053076558 0.00011407904 5.256787e-06 0.03769368 0.00010040517 0.04869861 0.036568414 1.1151836e-06 4.2574877e-07 0.001874746 0.0036816387 4.5611145e-05 0.012822865 0.06249179 7.256403e-07 0.03146965 0.020046994 0.0005388939 0.024094367 0.0016581498 1.0564057e-06 2.28474e-05 0.004017331 0.00051523227 0.016636444 0.014845731 2.3173545e-06 0.00045070777 2.0420464e-05 0.020938661 0.00026942973 0.014823216 9.85555e-05 0.0055990582 4.4202734e-05 5.866828e-07 0.0018661917 3.917064e-05 1.3286447e-10 5.0703824e-07 1.1856121e-08 1.830688e-05 9.925542e-06 0.0012717665 8.536307e-05 0.0015556826 2.391416e-05
0.87956655 0.019515611 0.02443748 0.015482491 0.0013102934 0.01270727 0.095194854 0.02329169 0.24083619 0.00013159162 2.4235424e-05 0.008655863 6.323217e-05 6.186334e-06 4.7170022e-07 0.44839302 0.1506258 1.9606206e-05 0.0009108581 0.009045023 0.1752831 0.024756381 0.39113215 0.055384222 0.07429558 0.13130485 0.038981058 2.024742e-19 1.5080097e-07 0.6566133 2.773624e-06 0.21120428 0.021566268 1.7848554e-07 4.6581384e-08 0.0051119444 0.016820876 0.3089138 0.3612467 0.058591936 0.0006318205 0.0058180196 0.3896109 0.008536588 0.12008654 3.812139e-05 5.970486e-07 0.1807219 1.0666574e-05 0.0026392885 0.34619057 0.09657155 0.10262316 0.01358208 0.007623609 2.379679e-05 0.0042367987 0.0050777937 1.2805796e-05 0.061041012 0.079906344 3.1805698e-08 7.2782824e-09 9.251636e-05 0.00016699718 1.9803858e-07 0.060333945 0.026718462 3.977969e-08 0.04342527 0.046996698 0.083138935 0.0026706327 0.07366017 0.0042168833 0.03246348 0.053200703 0.013289365 0.0008337339 0.00072154717 1.6058546e-07 0.040705584 2.0985708e-06 0.0016077937 0.021422897 0.016544504 1.0886094e-05 0.00018170816 5.835348e-06 0.0017924908 0.015240147 0.016370572 8.435153e-06 1.4394882e-07 1.1810816e-09 0.0036472338 0.00092149747 0.035226904 0.0058392617 6.950049e-05 0.0024628257
0.73772854 0.004743058 9.172052e-05 1.8866714e-06 0.042390473 2.1358326e-06 0.003188141 0.00035854362 4.916469e-07 0.05217228 0.04631675 0.00096107397 0.07689525 0.3251367 0.6385727 1.5484541e-07 6.248804e-07 0.16144198 0.012857212 0.015473966 4.7635652e-07 9.218573e-05 3.3158486e-07 1.9104643e-06 7.395784e-07 3.6196184e-07 3.653883e-06 1.5080097e-07 5.368738e-20 1.7428493e-07 0.20136878 1.248999e-06 1.9532115e-05 0.76533353 0.44452497 0.0001614042 1.39681395e-08 6.0776033e-09 1.1989977e-06 1.228577e-05 0.04356642 0.00015859361 1.3929138e-06 7.253559e-09 9.225631e-06 0.12991 0.3127333 2.2584009e-06 0.28867286 6.5492327e-09 1.9463853e-07 1.5359337e-05 5.331128e-06 7.226866e-05 0.00065717334 0.0981911 1.5037854e-08 0.0017011211 0.044955224 7.354329e-05 0.00012475834 0.032496307 0.0015282724 0.009543454 0.006349913 0.023479054 4.2843985e-05 0.00030168713 0.007731521 0.00019498139 0.00014409752 8.086692e-07 0.0007583408 4.4272956e-06 8.678596e-08 5.823987e-07 9.506183e-06 2.9162611e-05 0.0007378356 0.0014472042 0.01764344 5.7659454e-06 0.0025094985 0.0001802965 3.982832e-06 0.0001625806 0.00047582964 0.0002249337 0.001093084 2.9611133e-08 4.776767e-05 1.7362509e-06 4.706312e-11 0.00019277706 0.0031350548 6.9748653e-06 3.8846006e-06 5.8505607e-06 1.6142058e-05 5.9037764e-05 2.0388667e-05
0.86874366 0.021946242 0.028670684 0.019510617 0.002304558 0.020315213 0.0702519 0.033699438 0.19196826 0.00059021695 0.00013536644 0.019336745 0.00023561026 6.338628e-06 1.1367613e-06 0.33436948 0.20052177 4.951076e-05 0.0052318675 0.013519319 0.14966664 0.061916944 0.47672343 0.109522305 0.15215589 0.2252537 0.09532561 0.6566133 1.7428493e-07 9.238671e-19 9.450997e-06 0.3852088 0.06959859 2.6332353e-07 7.540153e-08 0.021872398 0.00830428 0.15959084 0.5121599 0.14584151 0.0020497309 0.023814045 0.47244412 0.003957976 0.2032815 5.3322237e-05 5.1222355e-07 0.27132207 8.518777e-06 0.001756895 0.3207356 0.171991 0.1775942 0.007275536 0.013964181 2.4755698e-05 0.0024489767 0.013070854 2.7054753e-05 0.094225414 0.10631507 1.7505476e-08 3.0042752e-08 0.00040864362 0.0007753247 1.0154569e-06 0.06923941 0.05604822 4.283485e-08 0.06493351 0.06768328 0.059923973 0.010619954 0.06918426 0.0022831361 0.018125195 0.066291325 0.008411485 0.0045072413 0.002208165 1.2471497e-07 0.030356279 1.078276e-05 0.009104469 0.017536584 0.03376176 4.2084605e-05 0.001516767 2.2506638e-05 0.00065250514 0.021629313 0.008501385 2.0780833e-06 1.1554249e-06 3.9982004e-09 0.0019294096 0.00046689846 0.03011302 0.004954969 0.0004769989 0.0013845621
0.8557548 0.0038293812 0.00013810885 3.1512052e-06 0.03174907 3.1579773e-06 0.008663725 0.0011441462 4.1708662e-07 0.017008876 0.18991525 0.0034861425 0.05177621 0.58035433 0.12472984 1.2784315e-06 3.3270808e-05 0.07808328 0.031702302 0.11532201 3.0637134e-06 0.0018088648 3.1197571e-06 0.00015300822 4.027235e-05 2.2934812e-05 0.00032239567 2.773624e-06 0.20136878 9.450997e-06 1.4025856e-16 4.748579e-05 0.00089003314 0.114831634 0.66325355 0.0030245583 2.2124055e-08 1.837802e-07 3.0696694e-05 0.00037810585 0.06411342 0.002990268 1.1870758e-05 3.4286547e-08 6.562501e-05 0.023557354 0.27222583 1.5523414e-05 0.18140157 1.329338e-08 4.2158553e-07 0.000119300275 8.91447e-05 1.2475329e-05 0.0026757391 0.02211525 3.5746336e-08 0.005761238 0.014744395 0.000496835 0.00023714133 0.07735287 0.062053967 0.017977422 0.02041222 0.23474503 7.729862e-05 0.00080855517 0.14592238 0.00034664318 0.00024532113 3.1994653e-06 0.0029809219 8.422454e-06 1.9018158e-07 1.3516867e-06 9.980158e-06 4.3474333e-07 0.003588171 0.009227585 0.13361026 7.888046e-06 0.008113363 0.0009846678 6.2985205e-06 0.0002461897 0.009477919 0.0010996182 0.010370318 8.194662e-08 7.684387e-05 6.5959593e-06 7.085185e-11 0.0006107985 0.0071449056 1.3120766e-06 3.4380534e-07 4.8652154e-12 1.0377594e-05 5.6785375e-05 1.4785279e-05
