2.3220867e-34 0.00052207784 0.002620977 0.00045539258 0.0030012303 0.012772513 0.023065526 0.028467385 0.13955611 0.070022255 0.013584475 0.38191965 0.00081420696 0.0021706605 0.12054442 0.12644117 0.09300673 0.005097485 0.3375104 0.6693012 9.5176765e-06 0.014763165 0.06424719 0.0014551369 0.01322339 0.7682706 0.6079105 0.039866447 0.70683205 0.0013690308 0.7850566 0.13793997 0.8374996 0.6029088 0.05881937 0.38989577 0.78371286 0.80723923 0.87277424 0.7487051 0.8742953 0.27807033 0.5667187 0.72463095 0.0897626 0.8856806 0.5160277 0.96176416 0.9372903 0.22416595 0.5119413 0.4774733 0.005468316 0.900323 0.96020716 0.48589867 0.93585485 0.0014942909 0.9150504 0.96591234 0.94306344 0.73799384 0.25557837 0.4720683 0.97615707 0.8993434 0.70491755 8.963517e-06 0.7974256 0.95491356 0.4816892 0.4520612 2.5084622e-08 1.1426147e-05 0.97164595 0.20804474 0.9895718 0.2363549 0.9955479 0.9383602 0.010718125 0.0006064181 0.20812681 0.44900963 0.07301647 0.39343 0.99902105 0.9972498 0.9970162 0.9993568 0.9860292 0.99820435 0.5514677 0.982432 0.9903543 0.99533266 0.9995179 0.9993353 1.4233494e-06 8.336599e-07 0.0011272138
0.00052207784 3.3992583e-21 0.810817 0.72593176 0.18870245 0.21876532 0.21440732 0.023210296 0.17414148 0.012986829 0.017573005 0.053183243 0.0030064066 0.0009811057 0.004917888 0.0004080752 0.00082910457 0.0031540226 0.0014489068 0.011386491 1.8395242e-05 0.000699586 0.00076375075 1.4698491e-05 0.0019294382 0.0024001396 0.0002695865 3.843324e-05 0.00026585557 0.00033213096 0.0009826582 0.0018774879 0.0011120084 4.196954e-05 3.2429455e-06 0.00012953235 2.1482767e-05 0.00011421294 1.6598728e-05 6.8116395e-05 3.283365e-05 7.897527e-05 2.1441012e-05 4.6909696e-05 0.0043173907 0.000119166325 0.0011456852 0.00012124048 9.7583295e-05 0.0016914706 5.0861127e-05 1.713512e-05 4.304158e-07 2.7825006e-05 2.9433411e-05 4.7171397e-06 2.2512993e-05 1.9994113e-06 4.6388595e-06 1.2314604e-05 3.7906136e-06 2.3542236e-05 3.9283527e-06 5.318975e-06 3.910838e-05 2.9837931e-05 7.1148743e-06 9.184445e-07 5.87894e-06 4.3568075e-06 8.5553565e-06 1.0985421e-05 9.242478e-08 3.124256e-06 0.007772359 4.748615e-05 0.0012654776 2.8414194e-08 1.8290075e-05 0.000121384524 0.010268481 2.9451657e-09 2.036722e-08 2.3982424e-05 1.3268277e-08 3.0490667e-06 4.5607878e-05 0.00011499713 0.0002038959 3.400445e-06 7.568181e-05 0.000115198985 1.0768147e-05 3.8569942e-05 0.0001842529 2.4906332e-05 9.350511e-05 8.062486e-06 2.3115856e-09 1.0067631e-08 2.5093414e-09
0.002620977 0.810817 1.7538446e-21 0.29527074 0.73334646 0.56629413 0.82747865 0.037566602 0.7464479 0.059918813 0.009444614 0.49065405 0.007990887 0.00022803617 0.018929353 0.008637102 0.0025091837 0.0014300641 0.005881483 0.13018508 4.7165995e-06 0.00055632426 0.00097601366 4.3069387e-05 0.010495022 0.02419343 0.0023547807 2.9004099e-05 0.0032823745 0.001043502 0.0075487522 0.012473818 0.020334937 0.0007634799 3.4880231e-06 6.976046e-05 0.00014472014 0.0017685969 0.00032999009 0.0009469394 0.0009283719 0.00013166392 1.528569e-05 0.00010021575 0.005798953 0.001857842 0.002613869 0.0013124602 0.000714158 0.002547604 0.0006847733 1.803119e-05 2.8743852e-07 6.972442e-05 0.0007525746 5.4157777e-06 0.00012278586 6.063669e-07 8.125504e-06 0.00024558304 1.9664629e-05 1.7559392e-05 1.9898848e-06 2.2334632e-06 0.0006111102 0.00043016436 2.1891125e-05 4.0610124e-07 4.739038e-05 3.2797423e-06 3.1006806e-05 5.5122426e-05 4.612527e-08 8.10431e-07 0.0060052173 7.289718e-05 0.002468281 1.5923938e-08 0.0003561358 0.0007034056 0.02118343 7.1335338e-09 3.9631256e-08 1.649604e-05 3.529499e-08 3.661325e-05 0.00033202997 0.00038247532 0.001321952 2.8095656e-05 0.00010242386 0.00055402034 3.5211528e-05 8.549994e-05 0.00071028474 0.000120701035 0.0005008943 1.4967168e-05 6.1344836e-09 1.1939291e-08 1.4184157e-08
0.00045539258 0.72593176 0.29527074 3.3317743e-18 0.01435016 0.44393188 0.09997165 0.2532105 0.0008192568 0.021480909 0.3574471 0.01223001 0.00075490936 0.3588205 0.011529269 8.541848e-06 0.0088091735 0.13334267 0.0019086597 0.0005685867 0.064145714 0.102980725 0.061816584 0.036411382 2.2410579e-05 0.000567254 0.0014981478 0.0017595895 0.0006904304 5.552594e-05 0.0004503778 0.00054645963 8.6024615e-05 0.00014153213 0.0011779817 0.0024308376 0.0005583805 0.00013476502 0.00027350042 5.6552068e-05 0.00053790445 0.00011928094 0.00021524959 0.00027123073 0.00070533715 0.00022026207 0.00026395704 0.00016407686 7.3670075e-05 0.0004493794 0.00019646889 4.9509176e-06 1.9033076e-05 1.2938912e-06 0.000103483355 0.00020102177 4.972182e-06 9.9386845e-05 2.5296895e-06 3.92771e-05 4.0149713e-05 1.7061708e-05 5.0982558e-06 1.9397088e-05 9.742095e-05 3.6097993e-06 1.5185913e-05 2.6235852e-05 5.3802498e-05 1.9897293e-06 5.398583e-05 6.978801e-05 6.795678e-05 0.00016296713 0.001759379 0.00013085801 0.00010373868 6.5762116e-08 0.00032045928 2.4345065e-05 0.028937185 1.4258431e-07 2.3898917e-06 4.2566353e-05 4.886744e-07 4.7861283e-07 0.00034601777 0.00033141684 5.966297e-05 0.0001219104 0.0003576932 0.000100059704 2.8338407e-05 0.0002078363 9.411562e-05 0.00012449568 6.664491e-05 0.00015122951 5.179117e-07 1.1138136e-06 2.685654e-08
0.0030012303 0.18870245 0.73334646 0.01435016 5.9403645e-19 0.0065977783 0.0466815 0.00038068547 0.5788793 0.0018601273 1.5458883e-05 0.0224271 0.84238595 4.161942e-05 0.0011528312 0.41679168 3.8026403e-05 5.3443378e-06 9.0989815e-05 0.01843543 5.8720757e-06 4.1405146e-06 2.6292257e-05 1.7970528e-06 0.11925897 0.0037346124 1.726966e-05 5.8572624e-07 2.8495373e-05 0.026086595 0.0013339462 0.01680888 0.010598999 2.5898953e-05 1.4342558e-06 1.1306649e-05 1.2348308e-05 0.00013315713 4.192187e-06 0.00014997895 8.304775e-06 2.9142342e-05 3.6959743e-06 8.162348e-06 0.034295205 0.00073616096 0.006265313 0.00019544031 6.8517016e-05 0.008644867 0.0004011018 4.8082597e-06 2.8925526e-06 6.261215e-06 0.00012374745 1.5273552e-05 1.03162465e-05 1.4958677e-05 2.2598208e-06 7.943917e-06 2.2931827e-06 7.80142e-06 2.5832612e-06 5.0725566e-06 4.1195548e-05 0.0008872888 1.0184611e-05 1.3625765e-06 5.0949407e-06 9.158495e-07 8.038585e-06 5.0034196e-06 9.132291e-08 1.6315062e-06 0.05550339 0.00042777642 0.012583616 1.1202062e-06 4.0197185e-05 0.00022817146 0.0309295 3.720327e-09 6.125671e-08 4.776088e-05 1.3435796e-08 2.6892003e-05 4.443342e-05 0.0006486553 8.032807e-06 1.945258e-06 0.00027181156 1.7968508e-06 2.2730845e-05 5.2782798e-05 0.00031206384 3.2295509e-06 6.912335e-06 3.1037619e-06 4.018131e-09 3.7176047e-08 3.0429355e-09
0.012772513 0.21876532 0.56629413 0.44393188 0.0065977783 1.8112528e-19 0.87389237 0.89880073 0.03207027 0.73098314 0.53280985 0.5508209 0.00010809618 0.029841924 0.2743871 2.565775e-06 0.44242373 0.10740846 0.11910289 0.03321021 8.459253e-05 0.08698887 0.13720141 0.0011924057 1.47497585e-05 0.023860842 0.02673976 0.041660316 0.016700769 2.3960249e-05 0.013992248 0.00023166079 0.00059816794 0.0080729965 6.563215e-05 0.0030975363 0.002598068 0.0042582923 0.0010150799 0.0024620155 0.0027311672 0.00090055075 8.094725e-05 0.0002539024 8.195029e-06 0.0010794676 0.00033779492 0.0013861131 0.0006392161 0.00012245504 0.0002126865 6.412814e-06 2.7429434e-07 1.1814557e-05 0.00042492614 3.456047e-06 3.259147e-05 8.268071e-07 5.1245934e-06 0.00010515489 2.685397e-05 1.2097859e-05 4.6913004e-07 5.6114004e-07 0.00022851357 3.9012462e-05 2.1745245e-05 1.8682748e-07 5.1318973e-05 2.5236557e-06 1.9814155e-05 3.8212824e-05 1.1614431e-07 1.322245e-06 0.00048741334 6.069385e-05 0.00026698827 5.249144e-09 0.00012395428 6.9154434e-05 0.0019622105 3.0472045e-09 5.4342525e-08 3.008622e-06 1.0203105e-08 1.206467e-06 0.00010653799 0.00021166628 0.00026926043 8.546354e-06 0.00014586632 7.2881674e-05 4.5401334e-06 4.650413e-05 6.2857966e-05 7.971226e-05 0.00014409835 4.439191e-05 6.0925176e-09 1.2416461e-08 5.296452e-09
0.023065526 0.21440732 0.82747865 0.09997165 0.0466815 0.87389237 4.6734525e-20 0.38261563 0.6835837 0.70614994 0.12261887 0.8472432 0.00062517077 0.004010668 0.31456897 0.00082074077 0.08677898 0.016482817 0.17977132 0.30090675 9.039516e-06 0.0082906345 0.009345738 9.102801e-05 0.0018199468 0.09151376 0.026510006 0.006946229 0.01842421 0.00035503518 0.029787466 0.0056045395 0.035071306 0.00932567 2.335609e-05 0.00025654864 0.0024086568 0.008413254 0.0020856003 0.0050809304 0.0050292504 0.0022040938 5.6059347e-05 0.0004397084 0.00046460785 0.0054250057 0.0016294048 0.0036047255 0.0021956693 0.0007722056 0.0020263828 6.134666e-05 3.14543e-07 0.00031891142 0.0025453928 5.3162926e-06 0.00048394853 3.5711324e-07 8.3089144e-05 0.0007173703 0.00018426099 9.975804e-05 1.7391609e-06 1.4317288e-06 0.0017014496 0.0016044639 5.3127067e-05 2.4968392e-06 0.00026693684 3.6585225e-05 0.00023124075 0.00036256594 2.4068825e-07 3.3847825e-06 0.0017565858 0.00033173405 0.0033978245 4.9096136e-09 0.00076345913 0.0015827843 0.006388791 7.49634e-09 1.01267986e-07 2.0008638e-05 4.3756824e-08 2.6638867e-05 0.0007242404 0.0005917045 0.0012906931 0.00012881451 0.0007204601 0.00052989036 6.5996435e-05 0.0003478635 0.0011902397 0.00073442224 0.0012679572 0.00022227371 2.8050875e-08 7.709648e-08 3.9315868e-08
0.028467385 0.023210296 0.037566602 0.2532105 0.00038068547 0.89880073 0.38261563 6.2912715e-18 0.0005404987 0.65349436 0.87162936 0.223632 0.00011344177 0.107832864 0.28136235 1.2777244e-06 0.80883086 0.2719645 0.13131477 0.004237532 0.0009173894 0.2537478 0.36412174 0.01876188 2.6809098e-06 0.01989114 0.04055846 0.198251 0.027946312 9.0804664e-05 0.015885148 5.0515642e-05 0.00013478959 0.035118192 0.007550116 0.02416004 0.018124452 0.007197672 0.010945715 0.005717377 0.007927083 0.0047490117 0.0020814652 0.002570284 2.6941584e-06 0.0009533175 0.0001984327 0.0021640987 0.0011350698 3.487995e-05 0.0002611928 0.0001056963 5.7661957e-05 6.203577e-05 0.00074173807 0.00013695493 0.0001496285 4.618344e-05 2.2998129e-05 0.00035088515 0.000312375 4.5412748e-05 6.335449e-06 9.655874e-06 0.00025891414 4.628684e-05 0.0003253019 2.5003666e-05 0.00020334403 3.365677e-05 4.535648e-05 5.8244652e-05 2.058662e-06 6.1599334e-05 1.9768442e-05 0.0001688241 4.9578328e-05 4.71635e-07 0.00037768783 2.7122207e-05 0.0022875867 3.5570946e-07 8.049041e-06 2.488399e-05 2.7566807e-06 2.1703807e-05 0.0004375385 0.0003517231 0.00035322312 0.00012594265 0.00087695377 0.00015084176 4.7084584e-05 0.00025123 8.924388e-05 0.00024112906 0.00016963476 0.0005247698 8.831922e-07 7.514077e-07 1.5841712e-07
0.13955611 0.17414148 0.7464479 0.0008192568 0.5788793 0.03207027 0.6835837 0.0005404987 8.1545605e-19 0.008076392 0.0001039073 0.69414306 0.039753426 9.89804e-05 0.0027611752 0.6793896 3.2704054e-05 0.001067751 0.0012026883 0.76469684 2.2119416e-06 0.00014695234 9.028345e-05 3.6235666e-05 0.2697578 0.13368163 0.00021399675 1.2472599e-06 0.00035437066 0.013387439 0.01089986 0.2609369 0.52682525 0.0003060732 1.8314064e-06 1.1761877e-05 1.4691332e-05 0.0030601863 1.4671085e-05 0.0014753038 0.00026009633 0.00012004062 2.2538159e-06 2.3173467e-05 0.03559815 0.016883144 0.06626822 0.0015712115 0.00069946924 0.04834977 0.0019650073 3.4114955e-06 2.6720258e-07 0.00018165461 0.0011010453 2.0937907e-06 0.00015759266 2.2613523e-07 3.413388e-05 0.00010064521 1.7796918e-05 4.191933e-05 2.9802806e-07 1.7644305e-06 0.00066665834 0.029820003 6.2207064e-06 1.0113553e-06 1.3439161e-05 2.0479967e-05 7.107201e-05 4.833692e-05 1.8789116e-07 6.3313055e-06 0.06235504 3.53425e-05 0.119632974 1.1122594e-08 0.0017010523 0.0066614295 0.074944556 4.199289e-08 4.432872e-08 7.0668275e-06 5.650233e-08 2.9264718e-05 0.008088757 0.011468665 0.0010406229 7.770691e-05 0.00019423458 0.00027032744 2.0110181e-05 5.091723e-05 0.0062180557 8.966556e-05 0.0005198652 4.7145197e-05 1.6382707e-07 2.9389008e-07 4.955426e-07
0.070022255 0.012986829 0.059918813 0.021480909 0.0018601273 0.73098314 0.70614994 0.65349436 0.008076392 6.025352e-20 0.32093123 0.6710702 0.00023575839 0.008773395 0.9248155 1.7789009e-05 0.71687496 0.077221386 0.6747013 0.0586634 6.731122e-06 0.10273271 0.23130071 0.0008650684 2.4461475e-05 0.099612124 0.1886281 0.15067092 0.09818616 9.100406e-05 0.07565146 0.002558423 0.003604136 0.14561947 0.00037525577 0.016658109 0.039036416 0.057221804 0.024278231 0.044050224 0.03439412 0.014127134 0.0011970522 0.0029394182 2.5237196e-05 0.004350806 0.001961131 0.011984018 0.0076330407 0.0005057083 0.003729418 0.0009904746 5.2407313e-07 0.0035891102 0.007503924 9.2551665e-05 0.004460346 8.756997e-06 0.0040079094 0.0041643027 0.002410363 0.003272376 2.1768526e-05 1.3000887e-05 0.0047279266 0.0017318586 0.00022763094 3.854308e-06 0.0014579749 0.001279782 0.001556951 0.00200416 5.205455e-07 7.969193e-06 0.00041083814 0.0022403602 0.0017327409 3.427543e-08 0.0037292577 0.0018710361 0.0010936793 7.543505e-08 5.2703825e-07 4.9297752e-05 1.531509e-07 6.455813e-05 0.0017117488 0.0015185985 0.0017463609 0.0010405055 0.0006410261 0.001077198 0.00014401853 0.00034581704 0.0018048524 0.0014975686 0.0014463322 0.0009693386 5.3339036e-08 5.789147e-08 6.5022256e-08
0.013584475 0.017573005 0.009444614 0.3574471 1.5458883e-05 0.53280985 0.12261887 0.87162936 0.0001039073 0.32093123 2.588182e-20 0.049048737 1.4595253e-05 0.5812152 0.16820107 7.5576435e-07 0.6830443 0.6710706 0.08034076 0.00079832395 0.003691712 0.615021 0.74655026 0.15322708 1.5507455e-06 0.0030074923 0.02744778 0.3697247 0.012000618 2.0226885e-06 0.003356857 8.441008e-05 1.5021564e-05 0.025191206 0.14851598 0.09747851 0.012146987 0.0013098975 0.0038897817 0.0008868921 0.0018461095 0.006264942 0.0143239545 0.0062319417 5.107249e-06 5.2350562e-05 5.038405e-05 0.00033026774 0.00013497869 5.873918e-06 3.669288e-05 0.00027263816 0.0054622777 8.0257705e-06 0.000119735225 0.0014334968 1.603221e-05 0.0030918873 1.5595559e-05 4.6946305e-05 0.00013532037 4.1142113e-05 3.4435303e-05 0.00029967155 4.3003467e-05 3.836406e-07 8.933542e-05 0.0001591776 0.000112057176 3.964199e-06 4.199568e-05 3.5341793e-05 3.1926942e-05 0.0002328147 4.9182863e-06 6.609009e-05 1.4723141e-05 1.0047758e-06 0.00013487948 4.7367175e-06 0.0022190951 1.5045871e-06 1.3891869e-05 6.410884e-05 3.668681e-06 1.5705202e-05 9.4310235e-05 0.00010982713 2.3706456e-05 6.668497e-05 0.0004009427 1.9607307e-05 1.7279297e-05 8.653881e-05 7.3567004e-05 0.00018329389 3.7543185e-05 0.00020975684 7.4343586e-07 1.0725414e-06 6.002245e-07
0.38191965 0.053183243 0.49065405 0.01223001 0.0224271 0.5508209 0.8472432 0.223632 0.69414306 0.6710702 0.049048737 9.450764e-19 0.00055139774 0.0033699472 0.5831324 0.0022251243 0.05075505 0.020613281 0.56067604 0.75308967 2.2226266e-06 0.0114361225 0.010398498 6.891986e-05 0.0027691785 0.5893054 0.21295498 0.005782055 0.19350424 0.00030144496 0.3016648 0.015878703 0.27080193 0.039240807 1.7944902e-05 0.00018318903 0.011955485 0.053388238 0.005975399 0.03103599 0.022829277 0.0041706776 4.4932323e-05 0.00070291106 0.0007346927 0.08119817 0.010976741 0.020903287 0.010046676 0.0026488416 0.01819422 0.00021561161 4.5366386e-07 0.0041369176 0.012045345 7.253868e-06 0.0035389552 1.1819815e-06 0.0014933912 0.0022524216 0.00097122206 0.00091079075 1.2556332e-06 1.2003294e-06 0.0054710233 0.02802596 1.9347004e-05 4.0632494e-06 0.0005973736 0.0006156304 0.00094790704 0.0011677484 8.054462e-06 5.739204e-05 0.017019976 0.00041480537 0.028479332 7.709438e-09 0.012009759 0.013356265 0.012309608 7.1893496e-08 5.1889717e-08 9.270727e-06 1.2663094e-08 1.6533006e-05 0.024556257 0.022008125 0.0052559148 0.0012683418 0.00031842277 0.0026389023 3.299109e-05 0.0001247787 0.011167573 0.0009462375 0.0016971456 0.0005876339 3.646752e-07 1.7976735e-06 3.1898668e-07
0.00081420696 0.0030064066 0.007990887 0.00075490936 0.84238595 0.00010809618 0.00062517077 0.00011344177 0.039753426 0.00023575839 1.4595253e-05 0.00055139774 8.618327e-18 0.00015512841 0.00017344866 0.067999184 0.0002071056 0.00016946273 3.886878e-05 0.0017969571 5.3752337e-05 0.00018514207 0.00013752203 2.52747e-05 0.10064597 0.0003311502 1.3667875e-05 2.1790249e-05 2.3717854e-05 0.73350394 0.0004137124 0.0127764 0.0049290303 5.5917473e-05 2.3352738e-06 4.4957702e-05 5.9077585e-05 8.7144625e-05 2.0695448e-05 0.000108945955 5.575751e-05 0.00024108903 8.452838e-06 1.0508156e-05 0.02845079 0.00043704346 0.009220992 0.0003016244 0.00012959745 0.013259354 0.00025884202 1.441839e-05 8.253666e-06 5.1020128e-05 0.0001994321 3.5261075e-06 0.00013143898 0.00014634314 2.1426436e-05 4.237607e-05 4.7477235e-05 5.2415064e-05 3.4535035e-06 2.5337918e-06 7.192995e-05 0.0006054323 1.0426341e-05 3.2526415e-05 3.5216497e-05 7.654176e-06 1.4433799e-05 1.2485219e-05 4.322655e-06 5.5423305e-05 0.099283196 0.0002760988 0.024221772 4.0367746e-07 4.000703e-05 0.0007601814 0.25927365 1.2003184e-07 1.3023055e-06 3.058134e-05 3.8039963e-07 3.2105745e-05 0.00033514446 0.0021186369 3.3880493e-05 6.2192e-06 0.00012642979 5.6318618e-06 2.0449617e-05 8.1295926e-05 0.0021194804 7.0893266e-06 2.0791014e-05 1.566471e-05 6.635797e-08 1.8012078e-07 8.107395e-09
0.0021706605 0.0009811057 0.00022803617 0.3588205 4.161942e-05 0.029841924 0.004010668 0.107832864 9.89804e-05 0.008773395 0.5812152 0.0033699472 0.00015512841 3.7690327e-19 0.010354531 6.752336e-07 0.037438467 0.76721156 0.0048364797 0.0007600226 0.3023717 0.37634695 0.18853143 0.6845274 2.8360753e-06 0.0006311294 0.003087035 0.016721338 0.0014158499 2.8043708e-06 0.00088105584 0.00014782565 2.3005041e-05 0.00056744204 0.16444702 0.013844553 0.0014351903 0.0003192157 0.00082235935 0.00018154932 0.00044467716 0.000636081 0.00079388893 0.00064529054 2.1643658e-05 5.664669e-05 1.629495e-05 0.00044455717 0.00027619206 9.003561e-06 1.2983774e-05 6.1643e-05 0.017409666 9.877775e-05 6.325901e-05 0.00016409344 0.00013517847 0.03656599 9.2321396e-05 8.583598e-05 8.5980246e-05 0.00013046339 2.1127875e-05 6.728514e-05 5.1195842e-05 4.2182768e-07 3.166701e-05 0.0028763914 5.3201547e-05 1.6639744e-05 9.893486e-06 1.1177832e-05 0.0022006505 0.0025575873 9.608475e-06 4.9315454e-06 2.7723465e-06 4.580379e-06 4.6619323e-05 1.0209092e-06 0.0039837877 0.00024997458 2.0053301e-05 2.0811387e-05 5.8131473e-06 1.4801022e-05 0.00011146883 0.000110279594 6.809476e-05 3.479327e-05 0.00023259986 4.5789355e-05 8.680195e-06 7.948492e-05 5.837745e-05 7.1340924e-05 3.2099255e-05 0.00012845482 6.8667296e-06 1.836891e-05 7.6177284e-06
0.12054442 0.004917888 0.018929353 0.011529269 0.0011528312 0.2743871 0.31456897 0.28136235 0.0027611752 0.9248155 0.16820107 0.5831324 0.00017344866 0.010354531 5.2933927e-20 3.6836456e-05 0.6652848 0.07018504 0.89659315 0.035505615 3.6061829e-06 0.093298644 0.19154146 0.0020902827 6.190469e-05 0.11563686 0.32488808 0.12903519 0.19718435 0.0001785178 0.110525034 0.003525649 0.0039324407 0.23478174 0.0013370094 0.021790285 0.10579974 0.07091352 0.07159142 0.0661062 0.06027549 0.024446333 0.002607437 0.007027482 7.548632e-05 0.0047744466 0.0030154532 0.018071854 0.015079323 0.0007532309 0.0044489303 0.0027149797 1.4005462e-06 0.010497388 0.009379816 0.00036415926 0.0088691795 2.6633914e-05 0.011753986 0.008001903 0.005836985 0.009621643 0.00014204599 0.00010294474 0.007051402 0.0022537096 0.0010326687 1.1753849e-05 0.004146992 0.0036903478 0.0034840405 0.0040683257 2.8277352e-06 2.9411607e-05 0.00040440212 0.0033516414 0.002702964 6.383942e-07 0.008387162 0.0027601984 0.0010695982 5.044949e-07 1.8007054e-06 0.00037203412 5.1086926e-07 0.0003260333 0.0040150406 0.0031946711 0.0041199615 0.0023156172 0.0010193721 0.0028932313 0.00045753174 0.00055910705 0.0036528995 0.0022459845 0.0024621084 0.0021520578 8.8990056e-08 2.7510802e-07 2.891459e-07
0.12644117 0.0004080752 0.008637102 8.541848e-06 0.41679168 2.565775e-06 0.00082074077 1.2777244e-06 0.6793896 1.7789009e-05 7.5576435e-07 0.0022251243 0.067999184 6.752336e-07 3.6836456e-05 2.8971613e-24 1.6967189e-07 3.532098e-08 1.6753722e-05 0.05788402 2.1613408e-08 4.9025136e-08 4.698525e-08 1.4658204e-07 0.88721913 0.002495669 1.3703448e-06 4.113279e-08 6.628599e-06 0.22438446 0.00046464373 0.7750325 0.12943554 4.600065e-06 1.9825674e-08 3.6648164e-08 3.2475737e-07 3.474572e-05 3.6726766e-07 1.8212133e-05 3.3419842e-06 2.0973923e-06 8.374169e-09 5.67264e-08 0.77874744 0.005923117 0.2313491 0.00050386984 0.00012839076 0.4033786 0.0017803343 2.8953522e-07 1.2703275e-08 1.6106751e-05 0.00065424916 1.0730109e-08 2.3082748e-05 7.338828e-08 6.81161e-06 2.672151e-05 1.171395e-06 4.9810624e-06 4.540235e-09 1.9345922e-08 0.00035793788 0.028624166 3.675206e-07 4.4412843e-08 4.945602e-07 3.6038105e-06 1.8251383e-06 1.0260062e-06 1.3090493e-10 1.888872e-09 0.5814215 7.598316e-07 0.29998234 1.0273499e-09 0.0008873642 0.007797862 0.02830039 7.4341036e-09 1.10955675e-10 9.389905e-08 4.7111797e-11 6.60854e-08 0.003554355 0.011560985 0.00029045358 3.0035478e-06 2.2181798e-06 4.8050075e-05 9.081622e-08 1.6533595e-06 0.005584055 7.1341774e-06 1.8422788e-05 2.299233e-06 1.3434348e-10 1.1001937e-10 4.07919e-09
0.09300673 0.00082910457 0.0025091837 0.0088091735 3.8026403e-05 0.44242373 0.08677898 0.80883086 3.2704054e-05 0.71687496 0.6830443 0.05075505 0.0002071056 0.037438467 0.6652848 1.6967189e-07 5.3796034e-20 0.25689262 0.6333432 0.0018048144 1.0969466e-05 0.40554255 0.65805984 0.012669382 1.3838184e-07 0.013001036 0.18745285 0.8860489 0.08989023 0.00014773164 0.023636822 2.3970075e-05 5.2227846e-05 0.21779737 0.105908796 0.46060294 0.15408447 0.022122663 0.078596815 0.02263137 0.028077597 0.0652423 0.15400892 0.066209376 6.0675677e-07 0.00031035283 0.00021139534 0.002374242 0.0022569222 8.850493e-06 0.00033772117 0.0057379673 9.1555354e-05 0.0007334903 0.0011835935 0.004940987 0.0011727504 7.255414e-05 0.0023858852 0.0014999884 0.0033122334 0.0018748051 0.0002941454 0.00087811274 0.00075979804 3.791675e-05 0.0013657948 7.4751774e-06 0.0031643626 0.00088915543 0.0012823897 0.0014786244 4.69747e-07 6.12046e-05 4.3800796e-06 0.0013419151 0.000103071055 5.6738195e-06 0.0009854338 0.0001994243 0.0023941442 1.6178019e-06 3.7230035e-05 0.00019264733 6.300485e-06 9.686555e-05 0.00059345696 0.00038000915 0.0012671957 0.0009413788 0.0013234266 0.0006247643 0.00012824197 0.00049878977 0.00043495945 0.0012890268 0.00081798085 0.0017672305 6.267718e-07 6.303486e-07 3.50709e-07
0.005097485 0.0031540226 0.0014300641 0.13334267 5.3443378e-06 0.10740846 0.016482817 0.2719645 0.001067751 0.077221386 0.6710706 0.020613281 0.00016946273 0.76721156 0.07018504 3.532098e-08 0.25689262 9.851261e-19 0.06468792 0.0034112209 0.045642376 0.69664425 0.547547 0.57571656 1.0043226e-06 0.006145057 0.03476823 0.15341382 0.020794239 1.4030374e-07 0.007932823 1.5601376e-05 6.384789e-05 0.017663341 0.5895022 0.11225308 0.026423305 0.0034436472 0.010727283 0.0025311462 0.005418116 0.0064325277 0.036833923 0.022761177 7.895135e-06 8.7983455e-05 8.581726e-06 0.00087300554 0.0007506987 2.1815815e-06 8.5419255e-05 0.000786554 0.20016009 0.0006417139 0.0002370258 0.004470102 0.00059950777 0.10775566 0.00089354254 0.00019989957 0.00027704492 0.0009704096 0.00048821696 0.0046425215 0.00010528474 7.654074e-08 0.00022037575 0.02196573 0.00020645642 8.6588916e-05 4.4505723e-05 5.7953042e-05 0.003518305 0.009607463 1.220564e-06 0.00013911986 2.8937582e-06 0.0032365716 0.00019176437 2.4173921e-06 0.0030394397 0.006655619 0.002918715 0.000115994386 0.005994389 0.00020634364 7.599332e-05 8.0726306e-05 7.3983516e-05 0.00012205268 0.00010496111 3.5629273e-05 7.058573e-05 3.4382276e-05 8.349601e-05 0.000101489546 5.1938863e-05 0.00013956185 0.00024672912 0.00033502397 0.0016805251
0.3375104 0.0014489068 0.005881483 0.0019086597 9.0989815e-05 0.11910289 0.17977132 0.13131477 0.0012026883 0.6747013 0.08034076 0.56067604 3.886878e-05 0.0048364797 0.89659315 1.6753722e-05 0.6333432 0.06468792 1.8130225e-19 0.048125587 3.482507e-07 0.10372235 0.1403516 0.00044979353 1.7968807e-05 0.28923923 0.72345203 0.11830105 0.56116766 0.00019314642 0.286948 0.0040178923 0.0023925372 0.52380234 0.00036390204 0.020878697 0.33288914 0.12450023 0.2732767 0.12139154 0.16592348 0.039787494 0.0043138405 0.014737676 1.3524236e-05 0.00417579 0.0035683173 0.024435421 0.023804594 0.00052349846 0.0057810815 0.0033192153 1.2345477e-06 0.014284783 0.012522968 0.00050246814 0.011669266 9.768838e-06 0.029498143 0.01458886 0.01367971 0.016066229 0.00026457777 0.00017651408 0.010828955 0.0023093112 0.0012015705 8.786376e-06 0.008186071 0.007472285 0.0062709195 0.0066539655 6.7630244e-06 5.911517e-05 0.0011051312 0.0023507285 0.004030338 6.4428974e-07 0.020441908 0.0040797777 0.0014294825 6.576203e-07 6.2234926e-07 0.0004049687 7.615819e-08 0.0008124419 0.009413223 0.006788229 0.005482637 0.0050424454 0.0017900231 0.0031780354 0.0006722007 0.0012092732 0.005806701 0.0024993585 0.0041607004 0.0041425275 1.8506272e-07 7.6464386e-07 6.9115856e-07
0.6693012 0.011386491 0.13018508 0.0005685867 0.01843543 0.03321021 0.30090675 0.004237532 0.76469684 0.0586634 0.00079832395 0.75308967 0.0017969571 0.0007600226 0.035505615 0.05788402 0.0018048144 0.0034112209 0.048125587 5.8283636e-17 2.2006952e-06 0.0013997646 0.00055571686 0.00036806802 0.030464787 0.8476478 0.013216866 0.00026698117 0.018875498 0.0055509023 0.28620258 0.18302758 0.8459377 0.004989527 5.199908e-05 0.00012459807 0.0012858089 0.045218818 0.0013917759 0.017764837 0.007849067 0.0030808996 3.4219567e-05 0.0003340971 0.005596053 0.25037894 0.13989356 0.045059882 0.026180055 0.043885645 0.06034032 0.00047407986 8.01008e-06 0.015869923 0.036961824 3.9969775e-05 0.010468302 2.5886091e-05 0.0031353014 0.004954659 0.0009719513 0.0018037606 9.740474e-06 2.731424e-05 0.024527973 0.18141478 0.0001044182 9.734187e-06 0.0008855103 0.001510258 0.0011958985 0.0012016599 1.575952e-06 4.096542e-05 0.08371281 0.00026769884 0.33635643 9.8692574e-08 0.0597828 0.07377585 0.024567325 6.28267e-06 4.886245e-07 4.265181e-05 7.1650334e-07 0.0001110836 0.15034826 0.1423327 0.012424229 0.0019359564 0.0004373449 0.0069556683 4.1673076e-05 0.00019365786 0.051682826 0.0007710554 0.0034424078 0.0007633699 1.8049933e-06 3.0136619e-06 7.5807393e-06
9.5176765e-06 1.8395242e-05 4.7165995e-06 0.064145714 5.8720757e-06 8.459253e-05 9.039516e-06 0.0009173894 2.2119416e-06 6.731122e-06 0.003691712 2.2226266e-06 5.3752337e-05 0.3023717 3.6061829e-06 2.1613408e-08 1.0969466e-05 0.045642376 3.482507e-07 2.2006952e-06 2.4606248e-19 0.010168448 0.0053123045 0.4057975 9.1338585e-08 1.1194693e-06 4.844509e-07 1.6026469e-06 2.441966e-07 4.970096e-06 4.0560058e-06 1.1326837e-06 1.5138903e-07 3.3715105e-07 0.0058623147 5.3479016e-06 1.4202558e-07 8.329526e-07 1.9298115e-07 6.0033847e-07 1.9528027e-06 6.293053e-07 8.41367e-08 1.17422964e-07 4.5802892e-07 4.2486454e-07 2.007561e-07 3.727712e-06 1.8928728e-06 2.0200522e-07 8.902401e-08 6.5585496e-08 0.0075309407 4.7368778e-07 8.8019874e-07 5.882938e-08 5.277801e-07 0.04206161 3.964224e-07 1.7023115e-06 1.2304139e-06 1.7410817e-07 2.1630768e-08 1.8161098e-08 1.0223872e-06 9.664474e-09 3.6138377e-07 0.008968435 7.9765573e-07 1.24337864e-08 6.04565e-08 5.4139342e-08 0.03940412 0.005186828 9.7030444e-08 3.483492e-08 1.2969077e-08 1.2367158e-08 2.126005e-06 9.702406e-10 0.0002949738 0.00024961962 1.9618734e-07 1.1487491e-06 2.1281458e-07 1.1912195e-07 3.953926e-06 2.036889e-06 6.832112e-07 3.2637905e-07 8.5687765e-07 4.9291447e-07 2.0042114e-07 3.518487e-07 5.0695553e-07 4.404195e-07 1.3985715e-07 9.564989e-07 3.225585e-05 9.772038e-05 4.6559717e-06
0.014763165 0.000699586 0.00055632426 0.102980725 4.1405146e-06 0.08698887 0.0082906345 0.2537478 0.00014695234 0.10273271 0.615021 0.0114361225 0.00018514207 0.37634695 0.093298644 4.9025136e-08 0.40554255 0.69664425 0.10372235 0.0013997646 0.010168448 2.9988327e-18 0.82420844 0.47411847 3.5108883e-07 0.004581692 0.06860073 0.35814372 0.036514286 2.0859214e-07 0.011940535 3.6915285e-06 2.0805315e-05 0.06671296 0.7665914 0.25773934 0.06501445 0.007852047 0.028663032 0.008262437 0.0073577045 0.02168395 0.13137257 0.06238202 4.6449104e-06 5.336476e-05 3.530674e-06 0.0009419222 0.0011001442 6.098581e-07 7.888441e-05 0.004108152 0.36137876 0.00057181163 0.00031900723 0.021175183 0.0004868138 0.20851417 0.0012473771 0.00025638723 0.00074547034 0.0016633597 0.0028768042 0.025902687 0.00012462742 9.55602e-08 0.0007539014 0.0299545 0.00088826765 7.791595e-05 0.00017783811 0.00022397365 0.0024114274 0.01821078 8.319023e-07 0.0004357739 1.608921e-06 0.042849552 0.000351322 1.554379e-06 0.0028410903 0.01912255 0.022169238 0.0003258794 0.042482268 0.0015778876 0.00014947049 0.00013118953 0.00011301545 0.00028728685 0.00033562488 9.6849384e-05 0.0001921642 5.8631478e-05 6.005956e-05 0.00025604368 0.00015829758 0.000339315 0.0010796725 0.0011688626 0.009796469
0.06424719 0.00076375075 0.00097601366 0.061816584 2.6292257e-05 0.13720141 0.009345738 0.36412174 9.028345e-05 0.23130071 0.74655026 0.010398498 0.00013752203 0.18853143 0.19154146 4.698525e-08 0.65805984 0.547547 0.1403516 0.00055571686 0.0053123045 0.82420844 5.177522e-20 0.28916925 6.31124e-07 0.0034526018 0.06795771 0.74456364 0.050649017 5.0050204e-07 0.008425523 2.1975713e-05 5.593193e-05 0.078950405 0.7104434 0.45047596 0.08069217 0.005434057 0.047848914 0.004719507 0.009857502 0.040970434 0.23765294 0.11002101 8.763208e-07 3.5095833e-05 2.022194e-05 0.0006575526 0.0004959554 4.6552213e-06 9.769476e-05 0.01377082 0.22584864 0.00011075431 0.0002321398 0.0531346 0.00013364106 0.107428536 0.00055478414 0.0002492376 0.00156205 0.00078929035 0.0064080027 0.04505277 6.333942e-05 4.184025e-07 0.0017905448 0.0072965166 0.0031994458 0.000112895235 0.0006553489 0.0007684149 0.00032011868 0.0068471874 1.4729033e-06 0.0005379552 4.615925e-06 0.029526077 0.0002046873 7.360564e-06 0.004998696 0.007881305 0.011430431 0.0006709256 0.021240214 0.0023164577 0.00018149911 0.00015928662 0.00024192972 0.00042881718 0.001746047 0.00017017013 0.00026414817 0.0004107161 8.2098806e-05 0.0006293363 0.00017906155 0.0006287981 0.0001341576 0.00019916565 0.002716808
0.0014551369 1.4698491e-05 4.3069387e-05 0.036411382 1.7970528e-06 0.0011924057 9.102801e-05 0.01876188 3.6235666e-05 0.0008650684 0.15322708 6.891986e-05 2.52747e-05 0.6845274 0.0020902827 1.4658204e-07 0.012669382 0.57571656 0.00044979353 0.00036806802 0.4057975 0.47411847 0.28916925 7.513279e-19 9.1872585e-07 0.00050494424 0.0012950558 0.013553387 0.0006559845 2.9158145e-06 0.0011817861 2.1776208e-05 4.341453e-06 0.0008610317 0.6791854 0.01370211 0.00062291964 0.0007046282 0.00032554145 0.00054998323 0.000640507 0.00031993163 0.0008090515 0.00043249544 5.79751e-07 1.7369572e-05 5.3999497e-06 0.00028889798 0.00037832174 3.1943628e-07 3.3054297e-05 9.198336e-06 0.323712 0.00057048333 7.299533e-05 0.00040281494 0.0005677371 0.341123 0.00029305622 5.828216e-05 5.3359217e-05 0.0004183086 1.394987e-05 0.00034326056 1.0066225e-05 1.9853147e-08 8.735194e-06 0.06627339 1.6644999e-05 8.723689e-06 9.231405e-06 1.0540112e-05 0.021697938 0.0245105 2.916781e-07 1.5413932e-06 2.4120436e-07 0.00012236339 8.972044e-06 7.4284975e-07 0.0075899237 0.042783532 0.00069520174 6.1856617e-06 0.0019353519 1.3358876e-05 5.0398926e-06 1.4120903e-05 3.6834837e-05 4.9325477e-06 1.47033425e-05 1.5787855e-05 4.008217e-06 6.4815467e-06 5.699175e-05 6.4165943e-06 6.5082745e-06 2.590402e-05 0.0010715999 0.0007738724 0.0056264456
0.01322339 0.0019294382 0.010495022 2.2410579e-05 0.11925897 1.47497585e-05 0.0018199468 2.6809098e-06 0.2697578 2.4461475e-05 1.5507455e-06 0.0027691785 0.10064597 2.8360753e-06 6.190469e-05 0.88721913 1.3838184e-07 1.0043226e-06 1.7968807e-05 0.030464787 9.1338585e-08 3.5108883e-07 6.31124e-07 9.1872585e-07 5.98181e-22 0.0033440248 3.7977257e-05 7.393763e-08 0.00013942801 0.44552693 0.0009023414 0.7123547 0.092779785 3.1163927e-05 4.1318895e-09 2.7480241e-06 9.3946e-06 0.00022182519 1.12647385e-05 7.458106e-05 4.9346247e-05 1.1694734e-05 3.5310055e-07 1.372114e-06 0.9122641 0.0028848473 0.17555079 0.0011969949 0.00032285592 0.45412108 0.00094441953 1.4760523e-07 4.749009e-07 1.9659905e-05 0.0012681513 1.2072663e-07 4.5697045e-05 4.793757e-07 3.4994478e-06 5.4053115e-05 5.5498435e-06 5.714623e-06 7.7248945e-09 1.8968734e-08 0.000595377 0.008514766 7.166131e-06 1.246321e-07 9.105367e-06 3.1241666e-06 6.2385416e-06 2.0178545e-06 5.4765453e-10 1.9328994e-08 0.5121597 9.37006e-07 0.10448544 5.987817e-10 0.0002921426 0.0055953753 0.05221271 1.7347528e-08 9.272662e-10 1.4173906e-06 5.1768667e-10 1.1253351e-06 0.0009221189 0.00360737 0.00023270436 1.5674914e-07 8.2826637e-07 1.7766037e-05 5.2263715e-07 2.6964947e-06 0.0052151596 1.5193554e-06 1.949364e-06 2.2458387e-06 2.2770276e-10 3.4382516e-10 6.677739e-10
0.7682706 0.0024001396 0.02419343 0.000567254 0.0037346124 0.023860842 0.09151376 0.01989114 0.13368163 0.099612124 0.0030074923 0.5893054 0.0003311502 0.0006311294 0.11563686 0.002495669 0.013001036 0.006145057 0.28923923 0.8476478 1.1194693e-06 0.004581692 0.0034526018 0.00050494424 0.0033440248 1.9342126e-19 0.20390964 0.006465564 0.2540638 0.0015532648 0.92054844 0.02747879 0.31573352 0.13433096 8.682219e-05 0.0020507877 0.019918216 0.21962152 0.01875782 0.14066833 0.10474682 0.009848067 0.0002980177 0.002638648 0.0009778943 0.14637679 0.030037077 0.10089634 0.08159297 0.007950342 0.069862284 0.002193562 9.642008e-06 0.10091696 0.071320936 0.00012864963 0.0521328 4.9575254e-05 0.017098155 0.017767709 0.00670702 0.010251905 8.499362e-05 5.111432e-05 0.08494086 0.11391825 0.00051515264 5.9544136e-06 0.0048234737 0.006647509 0.006521835 0.006106933 1.0966114e-06 5.5956472e-05 0.02746139 0.0019858263 0.07474057 1.9686901e-07 0.13230059 0.097662196 0.0051164557 2.5524762e-06 4.935796e-07 0.0002005819 3.2826102e-07 0.00013320413 0.1918552 0.16442955 0.031048361 0.027526911 0.0015338619 0.024776384 0.00021000984 0.001518104 0.06334432 0.0047846525 0.022342086 0.00690408 4.679201e-07 4.8505785e-07 1.0984369e-06
0.6079105 0.0002695865 0.0023547807 0.0014981478 1.726966e-05 0.02673976 0.026510006 0.04055846 0.00021399675 0.1886281 0.02744778 0.21295498 1.3667875e-05 0.003087035 0.32488808 1.3703448e-06 0.18745285 0.03476823 0.72345203 0.013216866 4.844509e-07 0.06860073 0.06795771 0.0012950558 3.7977257e-05 0.20390964 1.1717733e-18 0.04754336 0.950095 1.424734e-05 0.31091502 0.00024304808 0.00084527134 0.72038144 0.0023371475 0.01599964 0.37522292 0.18069491 0.35415843 0.16049662 0.21412346 0.04780566 0.0041065225 0.015822742 5.887782e-06 0.0016537326 0.0007476347 0.024052093 0.035198037 0.000110804605 0.005414844 0.0042465986 1.2655632e-06 0.037935987 0.012398224 0.00024718107 0.030852716 5.074395e-06 0.09373223 0.058797278 0.020064969 0.041203648 0.00025435752 0.00038990425 0.027544266 0.0051759593 0.0009524251 4.099194e-06 0.0123994 0.024727266 0.00478877 0.004968793 3.0549754e-06 4.228836e-06 0.00048320927 0.0015816903 0.0031964052 2.5003465e-06 0.05256811 0.0064362036 0.0005616758 2.2512734e-07 3.5496782e-06 0.0001762688 8.9535087e-07 0.00018320075 0.03183729 0.014840938 0.019385925 0.056481212 0.0038664094 0.025787607 0.00011710576 0.0036571622 0.0103922915 0.012044072 0.023312753 0.019565422 5.4565213e-08 5.021146e-07 1.0648095e-07
0.039866447 3.843324e-05 2.9004099e-05 0.0017595895 5.8572624e-07 0.041660316 0.006946229 0.198251 1.2472599e-06 0.15067092 0.3697247 0.005782055 2.1790249e-05 0.016721338 0.12903519 4.113279e-08 0.8860489 0.15341382 0.11830105 0.00026698117 1.6026469e-06 0.35814372 0.74456364 0.013553387 7.393763e-08 0.006465564 0.04754336 1.3750227e-22 0.023522316 4.4410226e-06 0.011346449 2.2583095e-05 5.9949944e-06 0.1279494 0.29952848 0.86538017 0.08096306 0.005600073 0.031108528 0.007619524 0.0034848745 0.17114909 0.5715929 0.17951356 7.3937946e-07 9.268835e-06 2.611436e-05 0.0001123718 0.00014179695 2.0779407e-06 2.7132452e-05 0.0766811 0.0036041564 5.593665e-06 4.3587628e-05 0.09916155 1.9824703e-05 0.0010887933 7.829352e-05 0.00020236029 0.0009196902 0.0004625682 0.011551683 0.06433251 2.2846856e-05 1.0600338e-06 0.001772593 3.354684e-06 0.0010520595 5.51607e-05 0.0007883011 0.0011168473 1.1951532e-07 0.00015952073 1.9736447e-06 0.0018296312 1.0576926e-05 0.0070939222 3.0079065e-05 5.0034478e-06 0.00010886256 0.00024892096 0.0015595418 0.00046846172 0.00048456778 0.0013052132 1.0668017e-05 3.5850037e-05 4.1730746e-05 0.00029558036 0.0008585366 3.5649635e-05 0.00017056738 0.0004460875 3.0743573e-05 0.0005553103 0.00019170238 0.00095056987 7.4699363e-07 9.988476e-07 1.662685e-05
0.70683205 0.00026585557 0.0032823745 0.0006904304 2.8495373e-05 0.016700769 0.01842421 0.027946312 0.00035437066 0.09818616 0.012000618 0.19350424 2.3717854e-05 0.0014158499 0.19718435 6.628599e-06 0.08989023 0.020794239 0.56116766 0.018875498 2.441966e-07 0.036514286 0.050649017 0.0006559845 0.00013942801 0.2540638 0.950095 0.023522316 4.1601647e-18 3.5467394e-05 0.41883263 0.0007488824 0.0014007014 0.56650025 0.00071036746 0.010603768 0.27836552 0.20339552 0.32098585 0.17633267 0.27794322 0.019375311 0.0020317733 0.005945696 1.964343e-05 0.0039834366 0.0017082166 0.042762566 0.05123089 0.0003022755 0.0071514393 0.0026384708 8.1944546e-07 0.05007186 0.022626838 0.00016964626 0.04145765 4.104142e-06 0.0999724 0.07701078 0.033065967 0.03938272 0.00013260005 0.00025931938 0.0427675 0.009443466 0.0012215225 1.9389681e-06 0.01452617 0.027206514 0.004825261 0.005616185 1.5603465e-06 3.975148e-06 0.0019078116 0.0011404364 0.005317218 1.9996478e-06 0.09354987 0.008081974 0.0008475646 7.1173275e-07 2.1731241e-06 0.00020999102 1.1438973e-06 0.00012564789 0.08213057 0.033319578 0.02862346 0.13814409 0.0063249427 0.04154926 0.0001467322 0.0058364533 0.012182127 0.019153157 0.040489543 0.033567123 5.1440168e-08 2.8061567e-07 1.4225304e-07
0.0013690308 0.00033213096 0.001043502 5.552594e-05 0.026086595 2.3960249e-05 0.00035503518 9.0804664e-05 0.013387439 9.100406e-05 2.0226885e-06 0.00030144496 0.73350394 2.8043708e-06 0.0001785178 0.22438446 0.00014773164 1.4030374e-07 0.00019314642 0.0055509023 4.970096e-06 2.0859214e-07 5.0050204e-07 2.9158145e-06 0.44552693 0.0015532648 1.424734e-05 4.4410226e-06 3.5467394e-05 1.8285113e-19 0.0020172428 0.07031039 0.016387427 0.0003215396 4.148601e-08 3.3707342e-06 3.9607625e-05 0.00060011324 2.9757963e-05 0.00074960524 5.2777214e-05 0.0007995476 1.2472456e-06 5.618166e-06 0.4412887 0.0014559462 0.03523355 0.0002887261 0.00014056017 0.047650136 0.00037031007 5.575921e-05 6.72092e-07 8.723343e-05 0.00027696803 5.2601467e-06 8.414245e-05 7.668595e-07 8.0065554e-05 0.00012462909 2.4542418e-05 7.218848e-05 3.5005326e-06 2.961574e-06 6.538849e-05 0.008255198 0.00022324688 2.0027306e-07 4.7473022e-05 0.00010136932 4.7679692e-05 3.7375532e-05 1.1668591e-08 2.0546008e-07 0.22852504 0.00044515537 0.1684254 6.2116534e-08 8.321262e-05 0.009141685 0.84430546 4.0665893e-09 4.479224e-09 1.5579237e-05 3.7573806e-09 8.6067e-06 0.0007359012 0.008568696 6.837725e-05 1.1413432e-06 7.785998e-06 5.93391e-06 8.214689e-07 2.5113e-05 0.010749962 5.651812e-06 1.0929119e-05 2.7090991e-06 2.6553043e-10 2.1014886e-10 8.307062e-10
0.7850566 0.0009826582 0.0075487522 0.0004503778 0.0013339462 0.013992248 0.029787466 0.015885148 0.01089986 0.07565146 0.003356857 0.3016648 0.0004137124 0.00088105584 0.110525034 0.00046464373 0.023636822 0.007932823 0.286948 0.28620258 4.0560058e-06 0.011940535 0.008425523 0.0011817861 0.0009023414 0.92054844 0.31091502 0.011346449 0.41883263 0.0020172428 3.0357896e-19 0.013939299 0.059217818 0.3177959 0.00042210318 0.0055047353 0.097580075 0.645883 0.13482808 0.47150412 0.4359414 0.018751461 0.0014229973 0.005555544 0.00041469245 0.08164258 0.01121087 0.15590747 0.15685605 0.0028158424 0.054648254 0.004241968 2.4852163e-05 0.24755667 0.09513134 0.00047380012 0.14774752 0.00021300862 0.15037785 0.08327377 0.022805778 0.046471782 0.00034293925 0.00026461083 0.15017448 0.044616792 0.0016968015 4.9456674e-05 0.01582499 0.024732757 0.015629433 0.015317086 1.4275943e-05 0.000372007 0.010477305 0.004033666 0.02875102 1.5150189e-06 0.21332024 0.06339235 0.0034517471 1.0665505e-05 2.544114e-06 0.0007437681 1.4495979e-06 0.0004921802 0.23620977 0.14925614 0.067716435 0.11483196 0.006153701 0.06298987 0.00087611115 0.006812013 0.060727175 0.014158562 0.05946799 0.021996448 3.816389e-06 1.4587757e-06 9.033371e-06
