6.2236475e-33 0.2347225 0.20532747 0.51379013 0.58861005 0.30207503 0.39012796 0.056870375 0.13766088 0.004232042 0.0024729143 0.093828596 0.0036737998 0.019167878 0.27111837 0.22391996 0.10266375 0.17140967 0.53463805 0.73120326 0.0031619961 0.010296277 0.0113398945 0.0011663671 0.005711399 0.00011759697 0.00013318597 0.003067276 0.015344669 0.010732895 0.0032824574 0.020273667 0.021677608 0.8011826 0.89606684 8.950273e-05 0.00014880541 0.0015942713 0.015342372 0.0014188053 0.0015840806 3.9430583e-06 0.00015546296 1.2319332e-06 0.001082563 0.00084525597 0.0009238813 0.9530557 0.5908162 0.105302095 0.8138068 7.1659397e-06 1.333864e-06 9.883543e-07 0.8226219 0.010594457 0.688024 0.18453199 0.027735073 0.10751574 0.046432406 5.9100426e-08 0.000985602 0.8580157 0.54444486 0.47395247 0.0010523169 0.0004792436 0.9876257 0.0007444321 0.9456252 0.056268297 0.009514411 0.9254671 0.69597286 0.02060428 0.1917919 0.964601 0.001111721 0.33656353 0.38273048 0.91437846 0.9301045 0.9961745 0.99841946 0.92946887 0.99938786 0.99887806 0.99960077 0.5889198 0.9978562 0.9997031 0.9998595 0.04624947 0.7018918 0.0149052 0.45787272 0.12138887 0.90175915 0.0384507 0.9967
0.2347225 1.552832e-19 0.916834 0.7170218 0.5257643 0.4825751 0.23888746 0.6167933 0.1183647 0.16134334 0.16171141 0.2878681 0.107906334 0.1980685 0.09085504 0.06086407 0.22188148 0.04312832 0.054370094 0.30392364 0.08993263 0.07181878 0.05991904 0.063224845 0.06737046 0.081503086 0.024821943 0.023521397 0.019808967 0.035354987 0.015793255 0.027490579 0.03372598 0.18801928 0.116671704 0.013079246 0.005322147 0.0088882735 0.01455219 0.015201825 0.012213458 0.0011466236 0.0033734776 0.0008825603 0.0016836803 0.006908259 0.0030483752 0.22698501 0.07539769 0.06696914 0.2632662 0.00032269096 0.00012015217 0.00012210739 0.07031417 0.035081085 0.04243697 0.0015539936 0.001658047 0.0012038174 0.00030362356 0.00012864215 3.9315364e-05 0.024089703 0.0031318248 0.014480797 0.00070569385 4.201483e-05 0.05637965 0.00018488128 0.028444251 0.00014249087 2.6032478e-05 0.014402161 0.008531713 4.5665265e-06 0.0020826461 0.005482642 1.0625211e-05 0.0057738144 6.0317084e-06 0.007611942 0.009497449 0.016920824 0.022269955 0.0059379977 0.009521041 0.009707577 0.008453503 8.809109e-05 0.0015592184 0.004662682 0.0029871126 2.610781e-05 0.0144307185 3.522943e-05 1.6608275e-05 4.434003e-05 0.0004297805 0.00019119607 0.00029603599
0.20532747 0.916834 2.338425e-19 0.68079317 0.40821964 0.16034582 0.06778488 0.39374343 0.02840804 0.11550089 0.15362334 0.6573829 0.12650155 0.042814095 0.015453888 0.08020928 0.032712784 0.027715223 0.013280369 0.54376763 0.039199412 0.027032958 0.3776687 0.06240196 0.020124737 0.14557597 0.052420568 0.12665641 0.101956666 0.014142988 0.0062173647 0.08337801 0.010756642 0.16471182 0.027451163 0.014145914 0.012070968 0.0051329234 0.004427444 0.005272593 0.004384198 0.0009323367 0.0016089435 0.0007743268 0.00081050955 0.015449866 0.011446094 0.17052832 0.044809043 0.11132934 0.24394019 9.2307484e-05 3.2489213e-05 4.5095756e-05 0.017822048 0.054459635 0.005374896 0.0004748998 0.0011738094 0.00041860068 9.760042e-05 4.154154e-05 6.78999e-05 0.0030174926 0.00071423565 0.03360025 0.0018485794 5.321489e-05 0.0687188 0.00032371675 0.0043250085 5.927674e-05 1.734997e-05 0.035765734 0.016888846 8.286637e-07 0.0022431836 0.011311234 1.1008177e-05 0.004912341 2.1098113e-07 0.0081356 0.0024514515 0.03007229 0.0067143706 0.0006294065 0.006641654 0.012143414 0.0037766283 2.322143e-05 0.00011514573 0.002780653 0.0012577618 7.094359e-06 0.021722313 1.50362985e-05 1.1451154e-06 9.08074e-06 3.2515778e-05 7.092143e-05 7.5341195e-05
0.51379013 0.7170218 0.68079317 5.23642e-18 0.91323715 0.16497728 0.13600221 0.29346856 0.0616743 0.08802342 0.07884287 0.22245005 0.09517945 0.071350835 0.034810573 0.11183118 0.0376874 0.045530107 0.03539837 0.48285356 0.042009246 0.034448996 0.043297667 0.033177786 0.026679594 0.043385986 0.013348937 0.021878496 0.046992816 0.010126348 0.0054140226 0.04904013 0.009131978 0.33171046 0.04040793 0.0065534925 0.0027641128 0.0024024628 0.003826886 0.0043845302 0.002713913 0.00023809582 0.0005953821 9.547518e-05 0.00025896548 0.0049486 0.0020852077 0.35699093 0.09830082 0.076608084 0.3125477 2.4901581e-05 1.7958066e-05 1.4444072e-05 0.087336786 0.04044936 0.016483093 0.00041141233 0.00027421786 0.00049244374 0.00014601859 3.8637092e-05 1.780904e-05 0.00955163 0.00051480567 0.01972548 0.0011158849 1.0962406e-05 0.09388783 0.0004148732 0.01972981 5.098129e-06 1.0081818e-05 0.029171834 0.02119763 2.7060483e-07 0.004592769 0.010188367 3.478695e-06 0.0073967334 2.2596515e-07 0.009500709 0.0046046693 0.050407484 0.046617433 0.0032517114 0.026813034 0.02642407 0.017311776 2.2568089e-05 0.0011111671 0.016770476 0.0055689677 1.4057396e-06 0.004994402 9.402177e-07 7.3273685e-07 3.75213e-06 2.1699918e-05 9.138468e-06 0.00019336665
0.58861005 0.5257643 0.40821964 0.91323715 7.681005e-21 0.106227554 0.16712917 0.1727527 0.062470414 0.037683588 0.025772123 0.0636351 0.023003826 0.07296092 0.055198 0.3112151 0.062952645 0.069151364 0.05293076 0.29441464 0.01682443 0.017779853 0.011796146 0.011103192 0.01759473 0.016097201 0.004194479 0.0078081572 0.02212416 0.015792705 0.0017062221 0.031499874 0.009623038 0.45807645 0.08810018 0.0020176333 0.00032444985 0.001072829 0.003880365 0.003061929 0.0021113632 2.6167434e-05 0.0002535397 3.6064528e-05 0.00031690043 0.0036121858 0.0008776808 0.5852226 0.19382225 0.11682354 0.57957214 2.0530379e-05 7.159778e-06 9.296658e-06 0.16133067 0.080929734 0.04772395 0.0015034034 0.0001791051 0.0009363183 0.00015711965 3.1381537e-06 1.0356091e-05 0.05133916 0.0039847987 0.029029638 0.00091522885 1.1693039e-05 0.1439909 0.00037131194 0.08015091 3.1299598e-05 4.9635687e-06 0.03136287 0.024989802 3.162284e-06 0.0047499356 0.012198338 3.4689583e-06 0.008330946 8.2359935e-07 0.014476432 0.012057506 0.097737685 0.18840857 0.01549639 0.10170257 0.05236659 0.027864868 3.4546847e-05 0.0013863451 0.04486682 0.0114671495 1.7376705e-06 0.014563039 2.0041266e-06 2.577665e-06 4.2923143e-06 6.7111985e-05 1.0543189e-05 0.00092364463
0.30207503 0.4825751 0.16034582 0.16497728 0.106227554 9.396933e-22 0.6101387 0.7792664 0.7799465 0.30114448 0.21298029 0.019347057 0.19109415 0.79722846 0.19943331 0.050685436 0.70127165 0.046919096 0.17507114 0.1426925 0.4673483 0.46461198 0.003541781 0.11695469 0.36469635 0.03444294 0.0043818387 0.0005426079 0.0013012858 0.033659473 0.12398102 0.0031391762 0.07383388 0.1064974 0.31456855 0.010900375 0.0040908423 0.036402397 0.02174618 0.046479575 0.04226817 0.0020993187 0.017624438 0.00081739906 0.013173319 0.0003348908 0.00024124105 0.06210929 0.038167525 0.0025875836 0.025200298 0.0037286675 0.0005755392 0.0010983598 0.06888759 0.0010318869 0.008748033 0.0008686265 0.000727608 0.0007235028 0.0003026623 0.0008750773 8.1543774e-05 0.005981526 0.000560643 0.00012336532 1.8432225e-05 1.7515422e-05 0.004084338 7.987355e-06 0.00753023 1.4101512e-05 5.211791e-06 0.0012494379 0.0010881197 2.6894463e-07 0.00013170084 0.000705855 8.511399e-07 0.00034458036 2.1625645e-07 0.0015764768 0.0027145422 0.00080729194 0.003119271 0.0007890232 0.006695855 0.0014143303 0.0024563507 6.249415e-06 9.366129e-05 0.00034577266 0.0011868936 7.531044e-07 0.00051382324 1.8075367e-07 3.0117512e-06 3.3484446e-06 4.1489595e-05 6.1331125e-06 0.00012143905
0.39012796 0.23888746 0.06778488 0.13600221 0.16712917 0.6101387 1.8756803e-22 0.2985405 0.82874984 0.05448423 0.03396727 0.007377571 0.031515356 0.28654194 0.34518197 0.11264722 0.34482056 0.22807764 0.4433463 0.0783821 0.09214042 0.097017966 0.0007746821 0.027631344 0.088289544 0.0070125666 0.0002657864 0.00011772533 0.00016404445 0.022674305 0.030766202 0.00085168565 0.025551228 0.18064418 0.27560583 0.0018005124 8.3502135e-05 0.008430703 0.010257235 0.013184198 0.011725239 2.7490032e-05 0.000382682 7.2441544e-06 0.0028348395 4.2840435e-05 1.2352867e-05 0.1367366 0.0722914 0.0026900044 0.0716912 5.8601177e-05 4.621572e-06 1.563055e-05 0.15296698 0.0009464942 0.01588068 0.0009408591 0.0004132617 0.00042454057 0.00027344775 2.578731e-05 1.6407412e-05 0.015422072 0.002555276 0.0002432208 2.086591e-06 4.7795347e-06 0.009884882 2.9575574e-06 0.02446694 2.326755e-06 8.7662005e-07 0.0014721246 0.0013011454 1.9720218e-07 5.3455435e-05 0.0007907067 9.045267e-08 0.00013185253 1.7894759e-07 0.0009558441 0.00615922 0.0027019808 0.017899858 0.0043185125 0.012907294 0.0025071423 0.005578427 2.6312714e-06 0.0003518496 0.0014869032 0.0023646352 7.428537e-08 0.00021999379 1.0180147e-08 2.883135e-07 7.6434065e-07 1.083959e-05 1.4996637e-06 0.00028240407
0.056870375 0.6167933 0.39374343 0.29346856 0.1727527 0.7792664 0.2985405 1.3249533e-20 0.21923098 0.6141493 0.5178843 0.06742646 0.4561647 0.58625287 0.17562704 0.056703597 0.45507798 0.042860482 0.09622272 0.15299803 0.42107037 0.4148231 0.022903604 0.22724047 0.30339363 0.09782084 0.01698283 0.0042158845 0.004608839 0.034727138 0.11656972 0.0061281817 0.10983726 0.1148938 0.17385884 0.027748818 0.012891388 0.037650388 0.041217726 0.066056974 0.0681528 0.0047070603 0.0221585 0.002412986 0.019457221 0.00066062406 0.0006653943 0.07265711 0.039097574 0.007573417 0.04576861 0.006044334 0.0006306439 0.0013062387 0.06724035 0.0051897573 0.012711561 0.001123327 0.0028572232 0.001597286 0.00055339566 0.00089610356 0.00017949838 0.006742524 0.001322836 0.00065023464 9.810893e-05 4.9227376e-05 0.0046869367 1.0347372e-05 0.0069366368 2.8316688e-05 2.394686e-05 0.0029908156 0.0026137682 8.714653e-07 0.00032888792 0.0012316725 1.0643308e-06 0.00067329174 5.773745e-07 0.0022923858 0.0009454279 0.0022582612 0.0021531747 0.00021317974 0.0026707589 0.0011729853 0.0022947711 7.341205e-05 0.00046173407 0.00045559736 0.0007922262 3.660597e-06 0.0026828588 6.071052e-07 8.636523e-06 2.6829292e-05 0.00020716053 1.2950434e-05 0.0001830659
0.13766088 0.1183647 0.02840804 0.0616743 0.062470414 0.7799465 0.82874984 0.21923098 9.605313e-25 0.07139978 0.02804336 0.001417816 0.02645277 0.528738 0.3961282 0.049795516 0.5996018 0.112984635 0.27140087 0.018229198 0.15288629 0.124100775 0.00013673436 0.01606733 0.13431458 0.0051837815 0.0002491278 9.489544e-06 1.2902469e-05 0.044863522 0.023053747 7.5834476e-05 0.047453675 0.062472127 0.16504379 0.00091225206 6.4711065e-05 0.009294377 0.019850954 0.03042948 0.021555483 2.2578592e-05 0.0006229003 1.5132797e-05 0.0047336654 1.6912683e-05 1.8373517e-05 0.041008215 0.05346523 0.00048238665 0.020054748 0.0002192517 1.2636992e-05 5.014571e-05 0.07692952 0.000476716 0.028983155 0.0019884415 0.0024356341 0.0014159526 0.00068878266 3.790648e-05 7.0992144e-05 0.025715815 0.004031543 4.7410133e-05 5.6808094e-06 2.4969522e-05 0.0020447825 1.7172622e-06 0.025111716 7.676183e-05 4.0162754e-06 0.00030517054 0.0002886314 2.28213e-06 1.5603324e-05 0.00014401645 3.4541063e-06 4.962184e-05 1.1979918e-06 0.00010369229 0.009467705 0.0002468503 0.007955476 0.0043072263 0.008022052 0.00057077396 0.0029159538 8.620722e-06 0.0002893949 0.00035584567 0.001076476 9.72124e-07 0.0007158098 4.2115158e-07 2.4331082e-06 4.2347524e-06 3.6282345e-05 1.7130675e-05 0.0002328702
0.004232042 0.16134334 0.11550089 0.08802342 0.037683588 0.30114448 0.05448423 0.6141493 0.07139978 1.307998e-22 0.57428294 0.024745941 0.6243201 0.30411482 0.070595644 0.017999133 0.13384427 0.02242861 0.024012944 0.024379713 0.32179803 0.27140713 0.019802907 0.3502648 0.16209157 0.13165204 0.018469587 0.0018398645 0.0008570424 0.026903939 0.14982247 0.0007429292 0.0730625 0.017755063 0.044403154 0.08074158 0.019947883 0.1286432 0.04578443 0.05860022 0.06047296 0.005853494 0.062398024 0.0036771595 0.040201243 8.246873e-05 0.00036020856 0.0045308736 0.0043730508 0.00060717907 0.0053527774 0.008029292 0.001162145 0.0017797827 0.0056675575 0.00079220196 0.005249568 0.0015380952 0.0023620948 0.0013314399 0.00021964684 0.001370356 0.0006538195 0.0038527227 0.0016761394 0.00023823074 9.762919e-05 5.9050377e-05 0.0007713014 1.5866175e-05 0.0014006618 8.416171e-05 5.3161333e-05 0.0015867554 0.000930944 8.626924e-06 0.00010054362 0.0013444829 1.6895225e-05 0.00010025934 3.6825975e-06 0.00067477755 0.00024938644 0.00043291406 0.000622279 5.480383e-05 0.00092066254 0.00016231631 0.0009272611 7.771269e-05 0.00021938515 0.00022299196 0.00019905454 3.3190252e-05 0.0007389449 5.788833e-06 3.68516e-05 5.1071733e-05 0.00046239837 2.7898875e-05 1.3666311e-05
0.0024729143 0.16171141 0.15362334 0.07884287 0.025772123 0.21298029 0.03396727 0.5178843 0.02804336 0.57428294 6.616968e-22 0.025255563 0.6300689 0.107303314 0.023656616 0.014030511 0.047440138 0.011885915 0.009138278 0.029804949 0.1653518 0.13461266 0.025345521 0.4889532 0.06227281 0.19330364 0.028332485 0.0015376523 0.0006043178 0.008694938 0.08231229 0.0006249017 0.02657131 0.0171262 0.017240107 0.11945242 0.03740295 0.07763245 0.014201897 0.016567132 0.023001874 0.008722878 0.069387 0.0056839692 0.014466537 2.4711258e-05 0.00027992675 0.0047693886 0.0028676784 0.0004924212 0.007079375 0.003525479 0.00049906 0.00054198987 0.0026819715 0.00046265524 0.0018295405 0.0003320024 0.00045224122 0.0002608418 4.4554985e-05 0.0004998736 0.00022332396 0.0016028465 0.0005615976 0.0001279921 5.640271e-05 3.5446497e-05 0.0004205931 5.138698e-06 0.00063458836 4.2903725e-05 5.9937765e-06 0.00068692357 0.00039427634 1.9304273e-06 7.87386e-05 0.0005802466 7.206916e-06 7.404663e-05 3.8841318e-07 0.00019440247 0.00018490579 0.000574411 0.00020730202 2.569128e-05 0.0004294032 0.00020583243 0.00062392623 1.2952943e-05 0.000112243164 0.00019204016 0.000118582946 1.0905203e-05 0.0006550331 2.2275728e-06 8.839595e-06 1.2090638e-05 0.00013052425 1.173191e-05 8.283956e-06
0.093828596 0.2878681 0.6573829 0.22245005 0.0636351 0.019347057 0.007377571 0.06742646 0.001417816 0.024745941 0.025255563 3.8626517e-20 0.032824855 0.0026898633 0.00075740303 0.012984785 0.0011713464 0.004977036 0.0013345837 0.65742606 0.0037218768 0.004448642 0.8199445 0.0136178695 0.0014298277 0.105420284 0.07277361 0.5472843 0.5452481 0.00024404682 0.00033979863 0.4493149 0.0006585802 0.02684924 0.0023544696 0.00943249 0.022620618 0.00047339292 0.00081510074 0.00025276927 0.00046300155 0.0010847446 0.0006939799 0.00020898512 0.00025715833 0.11206784 0.15647322 0.03215483 0.0033501824 0.06650175 0.07920376 5.2784308e-05 2.3066607e-06 3.02827e-05 0.002691 0.04063908 0.00048753418 6.793676e-05 0.0005540209 8.9221154e-05 7.342542e-05 1.03618895e-05 8.092193e-05 0.00015192655 0.00012684803 0.029823003 0.0047589433 2.7209466e-05 0.043048065 0.00066585105 0.0003626526 6.1749815e-06 1.2370374e-05 0.028196268 0.00765171 2.8756162e-07 0.0026952766 0.022151675 2.1526766e-06 0.0035371196 3.887717e-08 0.024774626 8.056471e-05 0.0073989383 0.0017562717 1.8926734e-05 0.0039848057 0.0066592856 0.0017413808 5.9254044e-06 1.8769868e-05 0.0012838654 0.00037552102 4.19817e-07 0.0027270487 1.0773771e-06 1.95808e-06 3.6327474e-06 4.062938e-05 7.3012084e-06 2.0690335e-05
0.0036737998 0.107906334 0.12650155 0.09517945 0.023003826 0.19109415 0.031515356 0.4561647 0.02645277 0.6243201 0.6300689 0.032824855 7.571299e-22 0.12098736 0.031470947 0.012311335 0.051222973 0.01197233 0.013543611 0.023273794 0.21187402 0.19570069 0.038112428 0.5856293 0.09358358 0.2574488 0.044980507 0.006129973 0.0020740766 0.01813596 0.17674863 0.0015272357 0.060164444 0.014573278 0.03263371 0.17793508 0.05582455 0.18068053 0.053738225 0.045301203 0.05873759 0.017433306 0.20918871 0.010999952 0.05240632 7.1700444e-05 0.00048827546 0.0030780728 0.002460369 0.0006570527 0.004993569 0.016391538 0.004253562 0.003512654 0.0025515808 0.00057428505 0.002656037 0.000964072 0.0049250927 0.0009019091 0.00040930838 0.0029715593 0.0013359105 0.0018939194 0.001299723 0.00042829916 0.0001764099 0.00018935409 0.00098768 1.5130185e-05 0.000748084 6.411918e-05 6.061622e-05 0.0017324433 0.0012662377 5.2005007e-06 0.00013745947 0.0012029296 2.2713813e-05 0.0001178807 1.4486995e-06 0.0005715202 0.00016030582 0.00042324633 0.0006373048 2.2018385e-05 0.0009341001 0.00011974985 0.0012742402 5.3149466e-05 0.00029614498 0.0005453499 0.0002142886 2.2746783e-05 0.002268606 7.651264e-06 1.8070923e-05 1.5426174e-05 0.000321076 2.6281426e-05 1.8058689e-05
0.019167878 0.1980685 0.042814095 0.071350835 0.07296092 0.79722846 0.28654194 0.58625287 0.528738 0.30411482 0.107303314 0.0026898633 0.12098736 1.00066e-23 0.29995206 0.04135371 0.79347336 0.05330235 0.11624431 0.017046014 0.5948228 0.6830077 0.0005737048 0.050971538 0.61071354 0.016306033 0.0012252443 7.2948365e-05 6.255202e-05 0.16757165 0.16758892 0.00023642978 0.29585314 0.038746107 0.1899695 0.005459267 0.00096704456 0.04369415 0.10317133 0.16504164 0.11041875 0.0006144324 0.002594307 0.00023949797 0.03243643 5.2624822e-05 6.690876e-05 0.011313931 0.022819493 0.0009778976 0.0074559166 0.0026518255 7.072825e-05 0.00042027194 0.032670997 0.0010322571 0.012856496 0.004076297 0.00398768 0.003659608 0.0022618908 0.00023246814 0.000571964 0.011690709 0.0058848215 0.00014045135 5.6197503e-05 0.00011964494 0.0006817453 1.5630296e-05 0.007157372 0.00066707935 7.0376096e-05 0.00057717034 0.00017932882 1.2156981e-05 5.8132886e-05 0.0005627371 6.6288135e-06 0.00012030364 4.639673e-06 0.00029752104 0.0017267487 0.00027135908 0.00044230843 0.00028988434 0.0014285776 0.00011819444 0.00048542555 4.043846e-05 0.00012126154 4.2480096e-05 0.0002649133 7.152278e-06 0.0009512564 3.7854259e-06 1.7305369e-05 1.2264945e-05 0.00026630017 2.6338059e-05 4.5152647e-05
0.27111837 0.09085504 0.015453888 0.034810573 0.055198 0.19943331 0.34518197 0.17562704 0.3961282 0.070595644 0.023656616 0.00075740303 0.031470947 0.29995206 5.8090596e-22 0.033848707 0.64288044 0.15545525 0.91085094 0.0111917965 0.11777941 0.13198347 0.00011709025 0.012859076 0.2163251 0.0041350713 0.0002149872 1.8724759e-05 5.6844e-05 0.19895662 0.038264737 0.00022957887 0.19210699 0.05002671 0.72574645 0.002028778 7.761315e-05 0.012281121 0.0702397 0.07830505 0.055157658 2.8863731e-05 0.00064973754 1.4246321e-05 0.012795678 2.9788516e-05 3.0104431e-05 0.03004209 0.0673587 0.00027942186 0.019881424 0.00041295675 2.0063748e-05 8.2657774e-05 0.105372496 0.00022156282 0.20785165 0.02156814 0.017992267 0.021691427 0.013219066 5.0681152e-05 0.0008332117 0.17766383 0.046803273 1.099263e-05 8.23036e-06 0.00020876003 0.0014279913 4.0065815e-06 0.16945107 0.0006505467 0.00016370627 0.00127466 0.0010330597 1.20303575e-05 9.6261254e-05 0.00034151235 1.0288461e-05 0.00011495513 1.4624539e-05 0.0001754917 0.029142784 0.0010426019 0.05650757 0.025387391 0.03049936 0.0011439166 0.013179603 0.00043127095 0.006391381 0.001514234 0.004544642 4.238973e-05 0.00045492224 3.8361608e-07 2.0956259e-05 6.898074e-05 0.0003259307 6.743977e-05 0.0005430392
0.22391996 0.06086407 0.08020928 0.11183118 0.3112151 0.050685436 0.11264722 0.056703597 0.049795516 0.017999133 0.014030511 0.012984785 0.012311335 0.04135371 0.033848707 1.2958149e-23 0.03612285 0.87108296 0.052814852 0.06358483 0.013379882 0.020275803 0.0031560955 0.0039741397 0.020159705 0.003156791 0.0008637408 0.0015676582 0.004792576 0.013989632 0.0020510908 0.008939725 0.016479352 0.74788266 0.0855444 0.00016264405 4.235425e-05 0.00031433627 0.014581835 0.0062727295 0.0030022063 2.845685e-06 4.8050028e-05 3.6375593e-06 0.0003968103 0.0004972265 5.549386e-05 0.27281523 0.39844316 0.03329688 0.23660806 3.4060274e-06 9.49497e-07 1.8888642e-06 0.24419755 0.03529359 0.06161544 0.0063595423 0.0015095465 0.0051705893 0.0035095066 4.7573633e-07 1.9134757e-05 0.056990072 0.015239943 0.010299287 0.00019728467 2.324217e-05 0.05672269 7.306603e-05 0.12406564 4.7107358e-05 8.183276e-06 0.009772445 0.010103008 7.737358e-06 0.0012532371 0.0029887415 1.2868164e-06 0.00411356 1.9172357e-06 0.0055509894 0.016533125 0.04207922 0.23234862 0.030075302 0.21047218 0.0382482 0.1237626 1.3036307e-05 0.011958853 0.07627948 0.045186 1.1878055e-06 0.0065367483 1.9427812e-06 8.099512e-07 3.5726362e-06 8.1164544e-05 1.3990864e-05 0.003195558
0.10266375 0.22188148 0.032712784 0.0376874 0.062952645 0.70127165 0.34482056 0.45507798 0.5996018 0.13384427 0.047440138 0.0011713464 0.051222973 0.79347336 0.64288044 0.03612285 2.6328815e-22 0.054622337 0.30858266 0.018302316 0.40972444 0.51673156 4.715271e-05 0.019311167 0.65177757 0.0049334206 0.00027649512 1.8374009e-05 3.2020587e-05 0.6751516 0.09896156 0.00020727239 0.5933821 0.057916153 0.6372869 0.0023498286 0.00021083964 0.024231207 0.28981066 0.26735196 0.17125612 0.00014542394 0.00069910643 3.5503235e-05 0.031742204 6.222039e-05 4.19699e-05 0.022606757 0.045739964 0.00017785151 0.009320824 0.0022851303 4.493318e-05 0.00034396822 0.11181888 0.00042803984 0.14976986 0.018033024 0.02201398 0.014520186 0.009997215 0.00037767176 0.0024306548 0.09022492 0.036705796 2.5777375e-05 7.373547e-06 0.0007771406 0.00034618613 3.362329e-06 0.059546407 0.0011959651 0.000274176 0.00035451818 0.00056271703 2.1177357e-05 4.449121e-05 0.00022836607 5.379621e-06 0.00011586966 4.0659535e-05 0.00016485355 0.009445282 0.00016882298 0.002192766 0.004509552 0.0039562234 0.00041191012 0.0026433254 6.483065e-05 0.0012415978 0.00017288189 0.0015061903 0.00012280424 0.00072976365 3.6325262e-06 5.5943612e-05 0.0003151518 0.0005280509 0.00020873333 0.0002783829
0.17140967 0.04312832 0.027715223 0.045530107 0.069151364 0.046919096 0.22807764 0.042860482 0.112984635 0.02242861 0.011885915 0.004977036 0.01197233 0.05330235 0.15545525 0.87108296 0.054622337 8.916632e-25 0.3965015 0.025841387 0.025109554 0.030968465 0.0006796125 0.0031537053 0.033217814 0.0018926815 0.00035102057 0.0002656959 0.0015691122 0.029639807 0.002817391 0.0045527234 0.03591759 0.14828368 0.23767847 9.171623e-05 4.5604575e-05 0.0004123495 0.020301586 0.012629972 0.00721497 3.5574014e-06 6.544445e-05 5.7533066e-06 0.0009776662 0.00014137756 5.2406114e-05 0.078944854 0.21929863 0.010320066 0.10448503 1.1673563e-05 2.6541654e-06 4.8732777e-06 0.42443088 0.0128411595 0.17018753 0.014038555 0.009648479 0.0158501 0.02014254 1.9890879e-06 0.0001688787 0.14320625 0.047779273 0.0030188886 0.00016112429 0.00021708147 0.01419466 2.8285407e-05 0.19835754 0.0012225597 0.00019769695 0.0033081484 0.005068345 6.4822365e-05 0.00065755285 0.00084210327 5.5295454e-06 0.0022607092 6.0112852e-05 0.0025770557 0.034627456 0.009900014 0.13850494 0.036821023 0.116054945 0.008632908 0.081034094 0.00014159722 0.023967348 0.021816527 0.03317708 2.5082576e-05 0.0014495794 1.52512675e-05 1.0932652e-05 7.430298e-05 0.00043565832 0.00013401566 0.0033093411
0.53463805 0.054370094 0.013280369 0.03539837 0.05293076 0.17507114 0.4433463 0.09622272 0.27140087 0.024012944 0.009138278 0.0013345837 0.013543611 0.11624431 0.91085094 0.052814852 0.30858266 0.3965015 3.8392318e-22 0.024553347 0.044273097 0.065031454 5.511401e-05 0.008621751 0.0913509 0.0015237435 5.55493e-05 2.0976075e-05 3.6705092e-05 0.06067715 0.027171593 0.00023086087 0.06917547 0.07453787 0.7195881 0.00083489437 1.9173867e-05 0.0070413994 0.023084478 0.02849498 0.022129139 5.8291685e-06 0.00030634916 3.924039e-06 0.0068750884 1.797592e-05 1.3595814e-05 0.03252722 0.048465367 0.00028304663 0.024888448 5.341125e-05 3.031077e-06 1.538715e-05 0.18274948 0.00012274299 0.088735215 0.011559882 0.0049384264 0.009131535 0.0046756975 5.5198825e-06 0.0001697356 0.09158948 0.029683568 5.3578948e-05 1.6411894e-06 7.723871e-05 0.002939082 3.2702198e-06 0.10289665 0.00011612853 4.4890694e-05 0.0017132955 0.0015465934 4.1427975e-06 4.326497e-05 0.00065967394 1.7776113e-06 0.00013637832 4.975066e-06 0.00074422616 0.026617477 0.0021896055 0.059772734 0.027722495 0.058186583 0.0028847137 0.016863761 0.00023493511 0.003930948 0.0018782195 0.0071366653 1.4364535e-05 0.00030819824 8.706599e-08 1.1469084e-05 3.123391e-05 0.00014057585 1.0215243e-05 0.0007635338
0.73120326 0.30392364 0.54376763 0.48285356 0.29441464 0.1426925 0.0783821 0.15299803 0.018229198 0.024379713 0.029804949 0.65742606 0.023273794 0.017046014 0.0111917965 0.06358483 0.018302316 0.025841387 0.024553347 7.75962e-18 0.009043293 0.011124098 0.2765819 0.0060585104 0.008799144 0.030855756 0.022710843 0.24177389 0.487548 0.0037522353 0.0005499158 0.5413249 0.0031066923 0.30923814 0.021447757 0.0028506694 0.0034747925 0.0001996205 0.0007193599 0.0004238686 0.0006217276 4.622768e-05 6.370064e-05 1.1799334e-05 6.955977e-05 0.07850834 0.06541939 0.41445145 0.040131286 0.30498785 0.3641086 4.2703477e-06 1.0184548e-06 1.9811594e-06 0.06983797 0.14748216 0.002290422 0.00012433597 0.00024272216 7.169525e-05 4.344553e-05 1.5041568e-06 1.2521803e-05 0.0015009164 9.4601455e-05 0.32582554 0.019766001 8.3762425e-06 0.53215295 0.0078049265 0.0027782503 5.500988e-07 4.732674e-07 0.3402757 0.1797319 1.2715443e-08 0.040900953 0.35315406 2.9141452e-07 0.04196732 6.0221006e-09 0.26913217 0.0015459561 0.13255301 0.025904983 0.00015636819 0.019945519 0.077144325 0.01111941 3.4335108e-06 9.565371e-05 0.03151707 0.0053543067 7.5120745e-08 0.05564632 6.3927175e-08 3.4076436e-07 1.2120117e-06 8.3121995e-06 1.8893434e-06 0.00089969614
0.0031619961 0.08993263 0.039199412 0.042009246 0.01682443 0.4673483 0.09214042 0.42107037 0.15288629 0.32179803 0.1653518 0.0037218768 0.21187402 0.5948228 0.11777941 0.013379882 0.40972444 0.025109554 0.044273097 0.009043293 1.2995133e-22 0.7721816 0.0017061871 0.20242667 0.57525456 0.030608753 0.0043186257 0.00014971058 5.545788e-05 0.07673251 0.40262133 0.00010691744 0.16373837 0.013082621 0.09082121 0.019597659 0.0031611547 0.20027518 0.11255587 0.1670318 0.1838704 0.0014634926 0.036672786 0.0012566947 0.12302591 1.0086376e-05 0.0001205093 0.002322646 0.0028679506 0.00030396628 0.0028888378 0.02280808 0.0023690842 0.0033994291 0.0048658196 0.0004073798 0.0058634193 0.0037404436 0.005477118 0.0037254062 0.0017445406 0.0016148394 0.004611439 0.0063366704 0.004080439 6.47015e-05 9.917439e-05 0.00061755243 0.00040153906 9.024838e-06 0.0020504552 0.00042313273 3.7195256e-05 0.0016323929 0.00027134718 2.8857237e-05 3.5607976e-05 0.0014549482 2.913873e-05 4.367097e-05 8.60624e-06 0.0005058229 0.0011810334 0.00013582033 9.085378e-05 0.00012659255 0.0004755486 5.1518604e-05 0.00031946087 2.1470905e-05 8.7550055e-05 4.6588655e-05 0.0002003154 8.059491e-05 0.0003221762 1.6652159e-05 7.0041846e-05 6.6847075e-05 0.00082261517 5.425639e-05 3.2126816e-05
0.010296277 0.07181878 0.027032958 0.034448996 0.017779853 0.46461198 0.097017966 0.4148231 0.124100775 0.27140713 0.13461266 0.004448642 0.19570069 0.6830077 0.13198347 0.020275803 0.51673156 0.030968465 0.065031454 0.011124098 0.7721816 2.0565613e-22 0.0018694986 0.18716475 0.72879946 0.019884847 0.0026630538 0.00023510544 0.00010826795 0.12470317 0.550262 0.00015044482 0.32071587 0.014630847 0.22305356 0.013763584 0.0029451267 0.32830325 0.2168142 0.28706607 0.3072929 0.0016357634 0.046382345 0.00066631474 0.2717458 1.8686778e-05 0.00017230761 0.0036448017 0.004183521 0.00033834367 0.0033999688 0.029740332 0.0017721232 0.0050669485 0.011803837 0.0003712381 0.011740619 0.005278907 0.00776321 0.004617984 0.0016724558 0.002155889 0.004075352 0.0108254645 0.0033743095 0.000263799 0.000105409315 0.00028618868 0.00044500997 1.3012323e-05 0.0031937952 0.00038147665 5.6753383e-05 0.0020236939 0.00049972034 2.0919439e-05 5.7405014e-05 0.001437968 3.3398705e-05 6.368419e-05 8.118099e-06 0.0006760643 0.0008950568 0.0002026067 0.00046904333 0.00019121853 0.0014325168 9.870685e-05 0.0008864182 0.00020129782 0.00013695819 4.175443e-05 0.0003732563 0.00012345123 0.00018656194 1.5159894e-05 0.00021256298 0.00021902038 0.0012537158 9.882722e-05 2.8014907e-05
0.0113398945 0.05991904 0.3776687 0.043297667 0.011796146 0.003541781 0.0007746821 0.022903604 0.00013673436 0.019802907 0.025345521 0.8199445 0.038112428 0.0005737048 0.00011709025 0.0031560955 4.715271e-05 0.0006796125 5.511401e-05 0.2765819 0.0017061871 0.0018694986 3.494226e-19 0.053152908 0.0005024296 0.29065907 0.36401784 0.64383864 0.2383829 2.5793286e-05 0.0017611174 0.15478113 0.0002740963 0.0039482606 0.00014707838 0.06895995 0.19490461 0.0020155255 0.0003956672 0.00042092236 0.0006722789 0.011101741 0.0035689063 0.0035548753 0.0002125551 0.111182354 0.3797598 0.0016968583 0.00044878662 0.011488078 0.011832605 6.423363e-05 1.3117469e-05 2.6315134e-05 5.9451733e-05 0.0034920955 0.0001723436 1.7652072e-05 0.00013797708 1.2858627e-05 7.0210876e-06 7.054862e-06 7.32264e-05 4.9657636e-05 0.0001453754 0.0035223453 0.005309653 2.4139583e-05 0.011300996 0.00022033205 1.9920544e-05 2.055229e-06 6.3151833e-07 0.0078066755 0.002416505 7.7398816e-08 0.00034251076 0.0059585245 2.5565935e-06 0.00033943428 1.3882139e-08 0.002778253 1.5494365e-05 0.001103129 9.998149e-05 1.2924642e-06 0.0006105018 0.001084081 0.00022355624 2.3065572e-06 5.4179422e-06 0.0002391472 1.9196426e-05 4.967099e-07 0.0012718041 6.085329e-07 1.928853e-07 9.415996e-07 5.0960534e-06 1.4203648e-06 1.7315051e-06
0.0011663671 0.063224845 0.06240196 0.033177786 0.011103192 0.11695469 0.027631344 0.22724047 0.01606733 0.3502648 0.4889532 0.0136178695 0.5856293 0.050971538 0.012859076 0.0039741397 0.019311167 0.0031537053 0.008621751 0.0060585104 0.20242667 0.18716475 0.053152908 1.202863e-21 0.059622064 0.4243628 0.13652141 0.0028497262 0.0003411317 0.0059768925 0.26866472 0.00030575317 0.030773554 0.0034400234 0.0056744227 0.5294929 0.24978128 0.32823685 0.021637006 0.032543037 0.076612376 0.12258716 0.52897155 0.1281312 0.104939036 7.6007336e-06 0.0001729678 0.00090834935 0.0005705233 0.0003397178 0.0008632944 0.042857416 0.045688704 0.011176138 0.0004429969 6.5286054e-05 0.0005643075 8.996931e-05 0.0013949265 5.8538673e-05 2.9255954e-05 0.017424872 0.00044429413 0.0007216414 0.00010772826 4.459616e-06 0.0001608648 5.9572114e-05 5.7430254e-05 1.2699576e-05 2.2218139e-05 1.8172368e-05 2.3465097e-06 0.0005800505 0.00029438254 3.979935e-06 1.07191e-05 0.00057895295 1.23287755e-05 9.437496e-06 1.9254428e-06 8.7067456e-05 0.00024430506 0.0001136552 6.511115e-05 4.1622203e-05 0.00018051414 0.0003038556 0.0002987681 8.497721e-06 3.3189048e-05 0.00043993955 5.016092e-05 0.00013125785 0.0023842074 2.2533311e-05 8.9814785e-06 5.779188e-05 0.00031023033 4.453791e-05 4.129658e-06
0.005711399 0.06737046 0.020124737 0.026679594 0.01759473 0.36469635 0.088289544 0.30339363 0.13431458 0.16209157 0.06227281 0.0014298277 0.09358358 0.61071354 0.2163251 0.020159705 0.65177757 0.033217814 0.0913509 0.008799144 0.57525456 0.72879946 0.0005024296 0.059622064 1.399685e-21 0.009829606 0.0017257659 4.6751018e-05 3.6684447e-05 0.27246684 0.27393457 8.2525614e-05 0.4423303 0.01546673 0.27640566 0.0043070107 0.0009620382 0.093081705 0.3073257 0.34865612 0.28589803 0.00052647793 0.008649947 0.0002922429 0.16788907 7.1648733e-06 0.0001137157 0.0033281492 0.006320634 0.00030867182 0.0044778157 0.013249261 0.00042755314 0.0020432132 0.020250518 0.00033771247 0.025390057 0.011258923 0.015124437 0.0077840234 0.0044740126 0.00076413434 0.008926682 0.018166633 0.011556205 0.00010246215 8.707318e-05 0.001968791 0.000502599 1.1461616e-05 0.0086046085 0.0015854529 0.00017132578 0.0015732793 0.00028609208 8.338523e-05 3.3390996e-05 0.0010707536 4.9671227e-05 2.646786e-05 2.5459814e-05 0.00036432254 0.00260261 0.00026701041 0.00063925784 0.0005034198 0.0010710728 7.469467e-05 0.0011845935 0.00031518695 0.000599637 5.1777293e-05 0.00061210466 0.00042376714 0.00040845678 5.0500366e-05 0.000358493 0.0011091105 0.0017634913 0.0006616795 0.00013604033
0.00011759697 0.081503086 0.14557597 0.043385986 0.016097201 0.03444294 0.0070125666 0.09782084 0.0051837815 0.13165204 0.19330364 0.105420284 0.2574488 0.016306033 0.0041350713 0.003156791 0.0049334206 0.0018926815 0.0015237435 0.030855756 0.030608753 0.019884847 0.29065907 0.4243628 0.009829606 5.771287e-23 0.5846541 0.055329055 0.0045241932 0.0010113762 0.013110822 0.0023844086 0.0072060446 0.001876542 0.0014765235 0.5875469 0.68922436 0.016670885 0.007228238 0.0033307006 0.0060144104 0.07630787 0.044172812 0.03264316 0.003234569 0.00029415183 0.009569054 0.0008895748 0.00039103813 0.001015566 0.0012459968 6.8479385e-05 0.00016412849 3.8169663e-05 4.843793e-05 7.143508e-05 0.0009945252 4.107096e-05 0.0050645038 4.8503105e-05 9.557074e-05 0.00020561446 0.00023517678 0.00037342042 0.00019623557 8.33551e-05 0.0007546689 0.00016036486 0.00020348138 2.9507635e-05 5.0905623e-05 8.178864e-05 5.5542328e-06 0.0011019188 0.000330212 4.162077e-05 0.000109101704 0.0012946263 1.2831616e-05 9.170076e-05 4.0587533e-06 0.00029573264 0.00025951408 0.0010303471 0.00117886 9.569213e-05 0.0006637095 0.0008257363 0.0013042694 6.1201856e-05 0.000884651 0.0010032611 0.0001727026 4.74987e-05 0.0013245288 8.131248e-06 6.9467515e-06 1.328833e-05 0.00021789887 9.543626e-06 8.988377e-06
0.00013318597 0.024821943 0.052420568 0.013348937 0.004194479 0.0043818387 0.0002657864 0.01698283 0.0002491278 0.018469587 0.028332485 0.07277361 0.044980507 0.0012252443 0.0002149872 0.0008637408 0.00027649512 0.00035102057 5.55493e-05 0.022710843 0.0043186257 0.0026630538 0.36401784 0.13652141 0.0017257659 0.5846541 4.179581e-21 0.07979925 0.0051362356 8.361474e-05 0.0019003368 0.0032883086 0.0011068648 0.0012952487 0.00034493135 0.19281957 0.7646601 0.0026998967 0.0017206344 0.00042900737 0.0007950789 0.026929172 0.013288876 0.010822972 0.00034882993 0.0021872178 0.03378539 0.0005070354 0.00026063318 0.0009677738 0.0018330639 1.3628996e-05 1.4533278e-05 1.39641925e-05 3.5743215e-05 0.00015049374 0.00025369643 2.646329e-05 0.000829989 3.0746796e-05 3.2032985e-05 4.8723923e-05 8.863648e-05 0.00022446504 0.00038813366 0.00011643338 0.0007749696 5.06626e-05 0.0002121784 1.8473014e-05 5.1042854e-05 2.2971059e-05 1.2620186e-06 0.00072728546 0.00013454583 8.881736e-06 5.1713632e-05 0.00062028674 2.341875e-06 3.1166335e-05 4.5440126e-07 0.00017811444 8.896507e-05 0.00045978068 0.00041197118 1.9344958e-05 0.00045911004 0.00048923003 0.0009519733 3.1475876e-05 0.00016900517 0.0004164533 9.060796e-05 5.227122e-06 0.0027005728 3.3757203e-06 9.535479e-07 2.3938812e-06 4.661176e-05 2.4364867e-06 9.207252e-06
0.003067276 0.023521397 0.12665641 0.021878496 0.0078081572 0.0005426079 0.00011772533 0.0042158845 9.489544e-06 0.0018398645 0.0015376523 0.5472843 0.006129973 7.2948365e-05 1.8724759e-05 0.0015676582 1.8374009e-05 0.0002656959 2.0976075e-05 0.24177389 0.00014971058 0.00023510544 0.64383864 0.0028497262 4.6751018e-05 0.055329055 0.07979925 7.6645486e-23 0.35314986 3.1980835e-06 5.932572e-05 0.29235673 1.9636163e-05 0.0024182696 6.731235e-05 0.0053025736 0.029322661 8.3777486e-05 2.4913646e-05 2.2234564e-05 7.432602e-05 0.00038386026 8.548241e-05 2.7439428e-05 2.3886534e-05 0.34121212 0.5230887 0.0010938905 0.00039209347 0.0141640445 0.014201951 2.3441028e-06 1.7781936e-07 2.707082e-06 2.3884026e-05 0.006887094 4.7976722e-05 3.6507067e-06 4.7936724e-06 1.9964332e-06 7.2677676e-07 1.3248875e-07 3.1926468e-06 2.6917482e-05 7.621388e-05 0.004503602 0.009781148 1.1658049e-06 0.00701823 0.0005205587 8.855035e-06 2.808724e-07 3.3673185e-08 0.007744225 0.002167411 2.3402764e-08 0.00060015736 0.004749506 8.334893e-08 0.00036799765 2.0897821e-09 0.0036197086 6.555911e-06 0.0021591142 7.5035874e-05 4.5934124e-07 0.00034365067 0.0012770698 0.00011307227 6.307834e-07 1.424452e-06 0.00019705172 7.2214884e-06 2.3017623e-08 0.0010974538 2.5804491e-08 3.695484e-08 1.6207343e-08 6.5141825e-07 1.4036912e-08 2.772845e-07
0.015344669 0.019808967 0.101956666 0.046992816 0.02212416 0.0013012858 0.00016404445 0.004608839 1.2902469e-05 0.0008570424 0.0006043178 0.5452481 0.0020740766 6.255202e-05 5.6844e-05 0.004792576 3.2020587e-05 0.0015691122 3.6705092e-05 0.487548 5.545788e-05 0.00010826795 0.2383829 0.0003411317 3.6684447e-05 0.0045241932 0.0051362356 0.35314986 2.5882654e-24 5.2952228e-06 4.0112495e-06 0.73060924 1.1586375e-05 0.010303732 4.2488162e-05 0.0003928186 0.00080989336 1.0983274e-05 1.8695477e-05 7.4279205e-06 1.3600612e-05 9.579526e-06 2.271455e-05 1.32541e-06 3.5018986e-06 0.32081655 0.26401693 0.011609824 0.0023515278 0.13816759 0.075215526 1.4912619e-06 1.3719092e-07 5.7497e-07 0.0002521253 0.079545185 5.0340295e-05 1.3632601e-06 2.0747943e-06 9.2802316e-07 3.3976553e-07 2.6869708e-08 1.3042358e-06 1.963193e-05 1.0779728e-05 0.087033436 0.02372118 3.2315148e-07 0.08578727 0.003578964 8.965608e-05 5.7220397e-08 1.651062e-08 0.044018846 0.010764579 1.26780275e-08 0.005978805 0.07310639 8.309465e-08 0.004093022 4.9390847e-10 0.05522277 1.1020278e-05 0.0072336965 0.00023057021 3.889223e-06 0.0010767239 0.0064995913 0.0006468565 2.4987077e-07 6.8340323e-06 0.0008658402 7.997985e-05 1.4100105e-08 0.004485554 4.0710826e-09 1.812815e-08 4.2926775e-08 1.962186e-07 4.2271903e-08 1.1900823e-06
0.010732895 0.035354987 0.014142988 0.010126348 0.015792705 0.033659473 0.022674305 0.034727138 0.044863522 0.026903939 0.008694938 0.00024404682 0.01813596 0.16757165 0.19895662 0.013989632 0.6751516 0.029639807 0.06067715 0.0037522353 0.07673251 0.12470317 2.5793286e-05 0.0059768925 0.27246684 0.0010113762 8.361474e-05 3.1980835e-06 5.2952228e-06 2.1947953e-19 0.032185577 4.7910562e-05 0.66310453 0.007926811 0.56943595 7.8271274e-05 1.1230917e-05 0.008068998 0.6183465 0.30482754 0.20625597 7.947427e-06 0.00023352315 9.511044e-06 0.028797617 1.3279868e-05 4.6958085e-05 0.0019227592 0.012430029 0.00010528414 0.0037371137 0.0001538051 9.1274405e-06 3.8700153e-05 0.024239613 0.00035647492 0.16778545 0.047949955 0.22268641 0.058768008 0.16712835 3.1224823e-05 0.022470748 0.09450818 0.15392269 4.316902e-05 2.611523e-05 0.007532373 2.179048e-05 1.2349768e-05 0.06467758 0.016365735 0.0040891767 0.0008553901 0.00082261674 0.00038639214 3.3904635e-05 0.00058219524 0.0004103534 4.389883e-05 0.0007451156 8.861105e-05 0.022788854 0.00028668912 0.0045246272 0.006264324 0.0037694369 0.0005797607 0.006505706 0.0016114588 0.026895212 0.00052873185 0.0042263386 0.0054806317 0.0013202302 7.6456e-05 0.0009257595 0.0055497647 0.0032217666 0.0025607103 0.0022961523
0.0032824574 0.015793255 0.0062173647 0.0054140226 0.0017062221 0.12398102 0.030766202 0.11656972 0.023053747 0.14982247 0.08231229 0.00033979863 0.17674863 0.16758892 0.038264737 0.0020510908 0.09896156 0.002817391 0.027171593 0.0005499158 0.40262133 0.550262 0.0017611174 0.26866472 0.27393457 0.013110822 0.0019003368 5.932572e-05 4.0112495e-06 0.032185577 3.5655427e-23 1.876031e-05 0.15932618 0.0011089816 0.05030253 0.01795478 0.0038256326 0.7032663 0.16654117 0.28069347 0.3893064 0.003498676 0.20011054 0.0025876884 0.50095236 1.772274e-06 4.2275235e-05 0.00023837846 0.00049950427 0.00025702102 0.00091945915 0.106610864 0.027018124 0.03400976 0.0015858068 4.6615984e-05 0.0018905574 0.0006778296 0.00378521 0.0003404633 7.4291005e-05 0.017521914 0.010790482 0.0010763681 0.00039921488 1.2891921e-06 2.2749711e-05 0.00039970462 1.5719284e-05 1.958676e-06 0.00017033005 2.9779623e-05 2.1775439e-05 0.00023763826 0.00019361945 6.652712e-07 3.1328746e-05 0.00012398904 4.6392062e-05 1.5187984e-05 2.5580334e-07 6.034902e-06 8.534923e-05 6.820181e-05 0.00029707872 2.3348271e-05 0.0006530664 0.00016316774 0.00079051446 4.3251188e-05 0.0002551318 0.00014714895 0.00025414804 0.00016134401 9.532433e-05 9.739322e-06 4.096921e-05 0.00013344901 0.00035844208 5.1097162e-05 7.4526206e-06
