1.5445805e-17 0.8123399 0.96496755 0.6446725 0.91132444 0.9822955 0.9773057 0.78092796 0.520921 0.87755555 0.37552267 0.9418942 0.96217006 0.93257225 0.93150455 0.5025689 0.08277042 0.99499977 0.98945206 0.90181476 0.3406634 0.8839046 0.074476466 0.88676447 0.7912485 0.95730597 0.9286104 0.77473557 0.93989974 0.71806604 0.94738317 0.29006103 0.23266195 0.009954128 0.28264394 0.96998876 0.9378079 0.9534724 0.8043045 0.9909378 0.9876385 0.07877627 0.9556618 0.77927285 0.9020174 0.0020733043 0.5812318 0.9174682 0.75004834 0.33625972 0.9524145 0.9946644 0.9458773 0.14149489 0.9732618 0.99822 0.9297068 0.88158154 0.9993646 0.9587578 0.9550371 0.9242091 0.7877572 0.65335065 0.19128792 0.8095063 0.9542627 0.6329445 0.7098218 0.42168078 0.010147393 0.6500045 0.81681347 0.99653774 0.70285606 0.37410098 0.23964605 0.94832855 0.77746296 0.0022387789 0.41824237 0.96856713 0.26900524 0.6658484 0.1600568 0.047916017 0.0027519558 0.33466724 0.95068836 0.06845366 0.011504765 0.0035176792 0.01217493 0.00048407383 0.6132048 0.82573116 0.03758298 0.9999956 0.0032589901 0.81464475 0.236768
0.8123399 1.3210121e-12 0.77445 0.9675958 0.21517918 0.97638077 0.26267827 0.19143839 0.96223146 0.008992977 0.21678935 0.00060248934 0.012223703 0.022995606 0.0013950522 0.023530088 0.09426703 0.3049001 0.029339304 0.00010861202 0.0075266687 0.03161932 0.14786327 0.0062689767 0.04474526 9.1324785e-07 0.0002685762 0.010577952 2.3204296e-07 0.014073978 3.6110716e-05 0.00035691427 0.010820861 0.0028162545 0.043518916 1.858689e-07 0.00019624097 5.405298e-06 0.007934828 0.051039018 2.4807647e-05 0.0016469414 9.796799e-06 0.0016250939 1.2113576e-06 0.00030264384 8.325373e-05 0.0024527365 5.423057e-07 3.8394923e-05 5.7254358e-08 0.0041585146 5.351598e-05 2.425913e-05 3.3768843e-05 0.001609235 3.298129e-06 3.4379439e-06 0.000373523 0.00034272316 0.0002540373 6.695242e-07 3.5509325e-07 7.5265466e-06 7.984237e-05 5.0645852e-08 1.0910606e-08 8.535332e-08 0.00046240454 3.247628e-06 1.7438975e-06 3.781073e-05 2.3358627e-05 3.25166e-06 1.0310862e-06 5.2631976e-06 2.1676433e-06 1.4920892e-07 2.6433505e-05 4.5752707e-08 2.7430897e-07 8.5028485e-05 1.0914776e-05 5.265397e-06 1.3886535e-08 7.8395277e-07 4.7014717e-07 6.720036e-07 1.1516997e-06 8.4034376e-08 3.3746198e-06 6.814796e-07 1.6630456e-06 6.5143377e-07 2.873886e-09 3.7856607e-06 7.1971913e-06 0.0009682321 6.1149613e-06 1.4688435e-08 1.3099399e-06
0.96496755 0.77445 1.0604026e-12 0.83126074 0.9553015 0.88889664 0.87363845 0.91685754 0.29040658 0.5357351 0.5167861 0.066440105 0.4307341 0.0034400877 0.10529722 0.0039589447 0.21568462 0.79831123 0.46662 0.005023561 0.00054570084 0.009250385 0.034267258 0.00028363918 0.02649596 3.153988e-05 4.3283584e-05 0.006833964 1.2014214e-05 0.37230602 0.0029951727 1.3890979e-05 0.1671576 2.4403085e-05 0.300816 9.873834e-06 0.0020570029 0.00012454591 0.004247635 0.043761663 0.0010324362 0.070087895 1.8859572e-06 0.11594777 1.2879823e-05 2.99424e-05 3.0973188e-06 0.0008900072 1.0792101e-07 4.5615384e-06 2.1702328e-06 0.004206609 0.00030603324 9.142481e-07 2.989163e-06 0.0060519883 2.6599088e-05 0.0012572155 0.00049464416 0.00070375623 0.0005345536 3.4486868e-05 0.00013141279 0.00040934648 0.010839054 3.329487e-05 1.8090544e-05 1.6595552e-08 0.007898163 6.062096e-05 3.3016553e-05 5.425869e-06 0.0008816337 9.80041e-07 6.5097856e-07 4.653603e-05 6.269502e-06 2.5242816e-06 9.752255e-07 2.0693847e-07 2.0725695e-06 0.0001575213 5.307739e-05 1.8193783e-05 5.516441e-08 1.0198709e-06 9.3225035e-06 1.4956601e-06 3.0758808e-06 4.963678e-06 2.5505407e-05 1.8601395e-07 3.4600046e-06 1.6984956e-08 1.862257e-09 3.4069762e-06 3.5861538e-06 0.0023500784 3.4709008e-06 7.922037e-08 1.4020986e-05
0.6446725 0.9675958 0.83126074 9.204243e-13 0.6074359 0.81743103 0.30236492 0.62475497 0.97790307 0.020658888 0.79907286 0.0032055296 0.01412271 0.0067763827 0.0035377133 0.030515159 0.48775217 0.15767021 0.01890502 0.00038333016 0.023550063 0.007352798 0.89092094 0.0020264941 0.013669995 8.139325e-06 4.378348e-05 0.0035790973 7.862952e-06 0.080832414 9.447361e-05 0.0011360754 0.06193872 0.011572495 0.15711212 7.726416e-06 0.00034347095 3.3034725e-05 0.0015765805 0.0073191877 3.3145618e-05 0.008687454 9.733639e-06 0.0139665445 4.1521007e-06 0.000577772 6.3955413e-06 0.0005918255 2.454368e-07 4.8053626e-06 1.5377218e-07 0.00089991494 2.3220278e-05 1.1503722e-05 1.8942677e-05 0.00068385864 2.3822868e-06 1.2929703e-05 0.00032393166 7.4346215e-05 6.864187e-05 2.521409e-06 1.189338e-06 5.0669452e-05 0.0003594601 1.596704e-07 4.6587516e-08 2.0003962e-07 0.0012705463 2.4199167e-05 4.5446604e-06 7.9978745e-06 0.00025991013 1.2935062e-06 4.830056e-07 8.007689e-06 4.6598716e-06 1.2724742e-07 2.1252042e-06 1.8269643e-07 1.07241604e-07 2.3836037e-05 1.4022248e-06 1.9239433e-06 7.774648e-09 1.5205208e-06 1.1438505e-06 4.171365e-08 1.9002478e-07 1.6422408e-07 3.0100514e-06 1.7043702e-07 1.9379024e-05 7.359391e-08 1.5520584e-09 3.1560037e-07 6.3457956e-06 0.00030910366 1.1176734e-05 6.4066086e-08 2.368988e-06
0.91132444 0.21517918 0.9553015 0.6074359 8.011502e-13 0.6912635 0.92493504 0.9737359 0.018418442 0.5806045 0.83074415 0.22236483 0.48187688 4.3189117e-05 0.15118076 0.00046762012 0.40176016 0.49602804 0.23970069 0.013431583 3.2681328e-05 0.000891382 0.02188303 1.893475e-05 0.0037838726 0.00015645576 8.9176916e-07 0.0012220315 6.281954e-05 0.7342976 0.0013358704 2.4586075e-06 0.33544064 2.0692565e-05 0.44789198 3.3735047e-05 0.0013352534 0.00010008719 0.0006370851 0.006055316 0.0002303904 0.17093983 5.727694e-07 0.27673346 6.7888077e-06 2.1827376e-05 3.164554e-07 9.583396e-05 2.3498348e-08 3.34016e-07 2.8165377e-07 0.0004929152 3.0679577e-05 1.4664133e-07 1.0336618e-06 0.0010180061 2.3794373e-06 0.0021040095 8.5858155e-05 0.00040696101 0.00029532678 2.427048e-06 8.505419e-05 0.000681968 0.045686122 6.5657005e-05 1.475258e-06 3.9576037e-08 0.025977036 0.00016564642 0.0003134699 3.0917088e-06 0.0039960193 4.3441057e-07 3.153326e-07 1.64875e-05 5.3618382e-06 1.2975587e-06 7.740111e-06 6.6882753e-06 1.9550525e-07 6.5510954e-05 2.0550007e-05 1.7592906e-06 1.1359825e-07 5.65628e-07 2.9297586e-05 9.880196e-07 1.3619803e-06 1.0638006e-05 3.2252003e-05 8.582852e-07 2.2116243e-05 1.746693e-07 1.27567645e-08 3.1829518e-06 2.1383548e-05 0.00023033349 3.153173e-05 8.941012e-08 0.00018423497
0.9822955 0.97638077 0.88889664 0.81743103 0.6912635 1.2142136e-13 0.66970336 0.46748602 0.6705152 0.14580339 0.25902012 0.0043731136 0.0965017 0.07414962 0.016354453 0.043281853 0.08624208 0.8234019 0.31257603 0.00054206717 0.010137319 0.22569948 0.06751081 0.013874947 0.35840726 2.4472688e-06 0.0007305672 0.05396518 1.1525646e-06 0.05015131 0.00052290945 0.00020149373 0.019244645 0.00022206563 0.10058154 9.1523134e-07 0.00047725165 1.2285032e-05 0.02714047 0.16226101 0.00023970888 0.0043292213 2.3416396e-05 0.0071686604 2.2583708e-06 0.000112546186 0.000171895 0.0039167283 4.6158716e-06 5.1356867e-05 3.0153652e-07 0.013319143 0.00028249703 3.8707978e-05 3.54878e-05 0.015992554 1.7926839e-05 7.818026e-05 0.0010116366 0.0025230711 0.0009665738 5.7800066e-06 7.988658e-06 6.8262125e-05 0.00018141381 1.0220548e-06 2.8560723e-07 5.862739e-07 0.0015469354 8.771733e-06 2.9148664e-06 8.566522e-05 0.00030075494 1.1219077e-05 1.4429704e-06 2.4029494e-05 1.911319e-06 1.1762354e-06 3.435278e-05 1.3103666e-07 4.2411016e-06 0.00040397793 4.8063503e-05 4.6550856e-05 4.3080654e-08 2.1049289e-06 8.240839e-06 5.6915137e-06 9.614699e-06 8.1124296e-07 2.7089145e-05 8.848412e-07 2.7282385e-06 2.9027703e-07 2.78432e-08 1.102971e-05 9.244439e-07 0.00561713 8.302922e-06 8.7975764e-08 4.951324e-06
0.9773057 0.26267827 0.87363845 0.30236492 0.92493504 0.66970336 3.2307546e-12 0.88411343 0.02031429 0.9052507 0.3076295 0.37637195 0.7174925 0.0005599625 0.3512649 0.0010904061 0.09862694 0.86078304 0.7408745 0.030637175 0.00015358804 0.006112973 0.005076157 0.0001770068 0.021442782 0.00033014335 2.6331729e-05 0.0036688475 0.00013455494 0.3674882 0.015606436 1.1907108e-05 0.13398293 1.7140143e-06 0.23823167 4.257691e-05 0.0030806528 0.0002189239 0.0019768206 0.02122448 0.0020232305 0.06837946 2.4268327e-06 0.28965443 1.7659313e-05 2.0901929e-05 3.6983222e-06 0.0003711928 4.630958e-07 2.8523118e-06 2.1512258e-06 0.0015126326 0.00029952414 2.4379278e-06 4.1564226e-06 0.0053450614 3.6026373e-05 0.011901013 0.0003324263 0.0010835204 0.0006882652 0.00031537158 0.00054850057 0.00107869 0.02636152 0.000246074 0.00027463032 2.0344265e-07 0.05273996 0.00015144196 9.943757e-05 6.068797e-06 0.006109517 1.5730434e-06 1.7290992e-06 9.338606e-05 3.0227764e-05 1.320601e-05 2.8086424e-06 4.0979094e-07 8.475003e-06 0.00023710178 4.471649e-05 3.117335e-05 3.145217e-07 1.5545792e-06 2.1240483e-05 9.530429e-06 8.259225e-06 8.70542e-06 0.0001744643 3.8825874e-07 5.034709e-06 3.5021852e-08 3.4015834e-08 3.2480552e-06 3.953926e-06 0.0027574028 5.7407115e-06 1.6004635e-07 4.4437526e-05
0.78092796 0.19143839 0.91685754 0.62475497 0.9737359 0.46748602 0.88411343 1.0283725e-14 0.022554256 0.6070103 0.9601121 0.539104 0.32160679 8.195561e-06 0.14812206 0.00014453188 0.71096295 0.25631297 0.15398632 0.03074942 1.1180626e-05 0.00026333024 0.08282 1.9305946e-06 0.0009781931 0.000581531 7.8023426e-08 0.0005534054 0.00032299606 0.91162115 0.002434595 1.6688628e-07 0.45484766 1.1296551e-05 0.4639829 6.33573e-05 0.0011067529 0.00019758313 0.00025457985 0.0013465403 0.00015487002 0.47547114 7.642009e-08 0.57620186 7.549521e-06 5.4929646e-06 9.421672e-09 0.00010490128 7.1027557e-09 1.0073835e-08 7.568235e-08 0.00019842267 9.159286e-06 1.1170153e-08 3.013985e-07 0.0009513393 2.4412464e-07 0.0027736134 0.00010414251 7.784784e-05 0.00014850586 1.713207e-06 6.0113194e-05 0.00069407426 0.08049418 0.00010260374 1.4220075e-06 2.0186404e-09 0.021712774 9.15015e-05 0.0005262932 1.233796e-07 0.0015648598 2.8319993e-08 1.6720833e-08 1.8216337e-05 1.6536167e-06 3.6808254e-07 1.5612984e-07 5.188255e-06 3.9082597e-08 9.233711e-06 2.2986192e-06 9.053225e-08 1.2703856e-08 7.913189e-08 1.6933145e-05 3.6402103e-08 4.6333878e-07 2.7853162e-06 7.1886375e-06 6.3877444e-08 1.7191645e-06 1.2477498e-08 5.722157e-09 9.864333e-07 6.363254e-06 0.00023147064 1.1567092e-06 1.9838913e-08 0.00014943186
0.520921 0.96223146 0.29040658 0.97790307 0.018418442 0.6705152 0.02031429 0.022554256 3.3931618e-14 0.0009905666 0.12873426 0.00012352096 0.00068707427 0.5530931 0.00026677296 0.72079545 0.067212254 0.06744865 0.0037129426 3.441436e-05 0.58129597 0.22163714 0.9267934 0.13330078 0.103616856 5.6073113e-06 0.003390729 0.029336026 1.0415691e-06 0.0018432154 1.3171007e-05 0.1082485 0.0015134588 0.1779495 0.003714469 2.1178073e-06 3.6941507e-05 7.073449e-06 0.009622818 0.035126664 8.012563e-06 0.00029863507 9.137043e-05 0.0019637 2.703055e-06 0.03256128 0.0014974057 0.0022241143 1.750845e-06 6.141978e-05 5.219655e-08 0.0035455916 4.2395346e-05 0.0020241176 0.00019735977 0.0007389055 1.2797318e-06 1.0551491e-06 0.0015186195 0.0001370801 0.00013066198 1.9991348e-06 4.848465e-07 7.543138e-06 4.4668222e-06 1.1043077e-07 3.4187075e-09 1.8888308e-07 1.4426381e-05 5.8314927e-06 2.838872e-07 6.778131e-05 5.9099217e-05 1.8249964e-05 4.001054e-07 5.7885874e-05 2.9159676e-06 1.4652342e-06 7.8500845e-05 2.1401522e-07 3.0477102e-07 3.8657625e-05 2.276485e-06 1.6206371e-06 1.2154424e-08 3.3226922e-07 6.466929e-07 2.9832748e-07 5.21328e-07 3.9395058e-08 1.1049756e-05 2.9325844e-07 2.1661168e-05 6.217936e-08 5.1655586e-08 1.5356738e-06 9.921738e-06 0.00052929233 1.9390947e-05 1.8758625e-07 0.00010192525
0.87755555 0.008992977 0.5357351 0.020658888 0.5806045 0.14580339 0.9052507 0.6070103 0.0009905666 2.5845394e-14 0.09741938 0.95115125 0.95669925 8.88665e-06 0.9101623 7.15514e-05 0.017463725 0.78240967 0.88193 0.8306375 1.386685e-05 0.0006915347 0.0008350537 2.0056363e-05 0.005649986 0.02537046 1.0390393e-06 0.0017063359 0.008178014 0.24886185 0.08518457 4.3111174e-07 0.049009398 3.914129e-07 0.040195998 0.0016617781 0.03700539 0.0034017265 0.0012075751 0.011030632 0.010412132 0.06268446 2.525706e-07 0.37083834 0.00025233792 9.3166955e-07 4.6211746e-08 0.00029669085 2.1303054e-08 6.810336e-08 8.164988e-06 0.0019167534 0.0010318456 5.556124e-08 6.8888306e-07 0.011434497 0.000107492226 0.04052006 0.00052881707 0.002157084 0.003440166 0.005132984 0.0026786893 0.0044797077 0.05139127 0.001144995 0.00064415275 8.60938e-09 0.09501691 0.00026815955 0.00019737877 2.5519312e-06 0.011111985 5.0763043e-07 3.232279e-07 0.0009383116 4.2453124e-05 1.4681751e-05 9.595567e-07 5.49942e-07 7.9043605e-07 0.00043160853 2.652335e-05 9.8100745e-06 7.012261e-08 9.120006e-07 3.7319718e-05 2.578774e-06 1.1803376e-05 3.099593e-05 8.2899656e-05 5.2619374e-08 3.1028535e-06 5.9167165e-09 8.396368e-09 2.9588014e-06 4.8758297e-06 0.0023120139 3.4375813e-07 3.7453454e-09 8.91045e-05
0.37552267 0.21678935 0.5167861 0.79907286 0.83074415 0.25902012 0.3076295 0.9601121 0.12873426 0.09741938 1.3532923e-14 0.10334902 0.031793013 5.6289864e-05 0.013904295 0.0010017753 0.9981151 0.038316205 0.019725371 0.00597923 0.00018475861 0.00075298274 0.36172572 5.713613e-05 0.0005462796 0.00017860124 2.220994e-07 0.00019007237 0.00024094355 0.13311766 0.00078493106 1.8031026e-06 0.08344464 0.00011593068 0.0884855 4.4125067e-05 0.00013115925 1.8399962e-05 0.00017672799 0.00040958158 7.651045e-06 0.029995784 1.5746044e-06 0.025917843 7.811799e-06 0.00012192132 3.0980235e-07 0.00013698718 3.8316e-08 6.908327e-08 1.1841732e-07 0.00029438423 1.1610189e-05 2.1042132e-07 7.369367e-07 0.0001456078 2.887301e-07 5.983705e-05 0.00012653861 2.3537947e-05 6.0988197e-05 1.6365763e-07 7.6800933e-07 3.790858e-05 0.005573888 1.6818781e-07 1.547209e-08 8.514568e-08 0.0006781972 5.8224796e-06 5.7279507e-05 2.8060642e-06 0.00041343694 8.448775e-08 1.1274583e-07 4.386592e-06 6.6488684e-07 1.2132167e-08 2.4762699e-06 3.80727e-07 1.931185e-07 6.9273716e-05 1.1211434e-06 1.7629594e-07 1.0691803e-08 1.0506953e-07 1.4484701e-06 6.720513e-08 2.8849984e-08 4.0376623e-08 1.6276831e-06 1.1646252e-07 1.5578605e-06 2.7508218e-08 3.0704204e-08 1.5943069e-06 5.6098943e-06 7.67491e-05 8.142445e-06 1.2018252e-08 4.2347037e-06
0.9418942 0.00060248934 0.066440105 0.0032055296 0.22236483 0.0043731136 0.37637195 0.539104 0.00012352096 0.95115125 0.10334902 4.0495756e-13 0.80388176 8.441201e-07 0.85107696 2.4807548e-05 0.010187192 0.40039977 0.5633122 0.9027961 4.889133e-06 0.00015168349 0.0003987199 2.315894e-06 0.0005823029 0.13997073 1.3091162e-07 0.00071630493 0.19195557 0.7614744 0.7860816 2.2672799e-07 0.12050812 1.3951872e-06 0.052550558 0.008445836 0.053429015 0.011698471 0.00037447264 0.006559414 0.021336403 0.337576 1.5920588e-07 0.9163611 0.001443912 1.1777535e-05 3.346599e-08 8.914784e-05 9.503014e-09 2.5170506e-08 6.438241e-05 0.0007837102 0.004945911 5.9683934e-08 1.6089449e-07 0.01154731 0.00030631034 0.6537715 0.0002697125 0.0026392296 0.0019337495 0.028524114 0.03728225 0.17009938 0.34228194 0.034051422 0.01919367 1.7599485e-08 0.739308 0.02084834 0.0025508984 5.106121e-07 0.1744829 4.0881723e-08 3.1933791e-07 0.0064393072 0.00033396488 3.5987017e-05 6.433914e-07 0.00013259449 1.2099619e-06 0.0005619319 6.843858e-05 8.601817e-06 4.3737555e-06 2.6708798e-05 0.0015506827 2.826843e-06 1.8722205e-05 0.0020609174 0.0026230009 2.489353e-07 0.00019468059 2.8835128e-08 1.9215483e-08 2.6623426e-05 5.323459e-05 0.002665024 1.5739175e-05 7.97077e-07 0.0021939992
0.96217006 0.012223703 0.4307341 0.01412271 0.48187688 0.0965017 0.7174925 0.32160679 0.00068707427 0.95669925 0.031793013 0.80388176 3.953077e-12 0.00012604454 0.9373767 0.00027640152 0.0068012476 0.88576835 0.935708 0.6800898 4.7225836e-05 0.0017855774 0.0006430224 4.4829598e-05 0.022927832 0.024999935 1.6557304e-05 0.0031231032 0.017885821 0.14914085 0.19618636 1.4601314e-06 0.021612845 1.2672106e-06 0.031031268 0.0064323563 0.1434884 0.004559736 0.0012593786 0.021950562 0.02668892 0.023050947 3.2432981e-06 0.39062166 0.00087420066 4.5600747e-05 7.2846824e-06 0.00027661142 7.456228e-07 2.1440592e-06 2.7735989e-05 0.0012964801 0.0035414856 2.0959126e-06 4.5095044e-06 0.01829353 0.00023289883 0.10458359 0.00042252406 0.005289586 0.0037648852 0.021798765 0.008045849 0.015566659 0.029555399 0.0039230967 0.0061104894 2.8136625e-07 0.1984204 0.0018591706 9.461716e-05 1.12297275e-05 0.089025356 2.609958e-06 6.493599e-06 0.00062821736 3.6247762e-05 3.9309893e-05 7.108357e-06 1.3305392e-06 2.972211e-05 0.0008396534 0.0001488433 4.605941e-05 7.9208104e-07 2.5580275e-06 4.3523618e-05 6.890349e-05 1.8774645e-05 5.4333646e-05 0.00020934216 1.9846882e-06 1.42216295e-05 1.00832594e-07 1.6495538e-07 1.5558955e-05 4.3628493e-06 0.0036871887 1.6973276e-05 1.1624569e-07 0.000470041
0.93257225 0.022995606 0.0034400877 0.0067763827 4.3189117e-05 0.07414962 0.0005599625 8.195561e-06 0.5530931 8.88665e-06 5.6289864e-05 8.441201e-07 0.00012604454 5.8861136e-12 3.3897734e-06 0.998329 2.6231974e-05 0.015354161 0.00035103946 1.9175364e-07 0.14816347 0.7153509 0.0007133123 0.93463635 0.35951886 2.233462e-07 0.29588848 0.26212996 1.1608921e-08 3.216621e-07 3.8315413e-08 0.16041198 3.6162027e-07 0.004310524 1.3849398e-06 2.3209573e-08 1.0173461e-06 1.6400871e-07 0.32338813 0.4862197 7.3445864e-07 1.6138348e-07 0.028050914 8.9588724e-07 1.2179122e-07 0.012839683 0.1662371 0.2862194 0.00026320922 0.010867793 1.435349e-08 0.1719557 1.7031014e-05 0.049160536 0.0064462037 0.014069361 7.056547e-07 7.4644953e-07 0.024995856 0.0007744649 0.00082813844 1.7582748e-07 1.02549835e-08 6.8562105e-07 4.7555923e-06 9.673898e-09 2.8613336e-09 0.00062521663 4.674119e-06 8.645668e-08 5.488508e-06 0.0039068256 7.038428e-05 0.0020021754 1.0634492e-06 4.5199413e-06 3.7094824e-07 4.769595e-08 0.00083193695 7.376631e-07 2.732742e-07 0.00069873285 6.4336376e-07 2.4323308e-06 3.918902e-09 1.1217917e-06 3.2357598e-06 5.8840268e-08 1.1800448e-05 2.4149438e-07 1.2808869e-06 1.0515374e-05 1.1992659e-05 2.2220851e-05 1.2300723e-08 7.6948374e-05 1.4699087e-06 0.004797473 0.00027478486 5.505971e-08 5.364017e-06
0.93150455 0.0013950522 0.10529722 0.0035377133 0.15118076 0.016354453 0.3512649 0.14812206 0.00026677296 0.9101623 0.013904295 0.85107696 0.9373767 3.3897734e-06 3.6018906e-13 5.875955e-05 0.0015932688 0.6246147 0.89969194 0.98021394 2.6310041e-05 0.00038312495 5.1617553e-05 7.932116e-06 0.004678668 0.2746306 6.996106e-07 0.0010356663 0.118552476 0.08389433 0.36005315 4.4202437e-07 0.0063446853 5.47162e-07 0.006065471 0.040198747 0.40708914 0.038568474 0.0007742659 0.0059841927 0.10502942 0.019211767 5.4491755e-07 0.32951975 0.003589927 6.9944217e-06 4.582098e-07 0.00017013556 2.4054083e-08 1.9719484e-07 0.00046993498 0.00083828956 0.0112739615 2.6191626e-07 1.1005465e-06 0.035157885 0.0006459281 0.15734062 0.00019181301 0.0063730143 0.007232713 0.076791935 0.020945301 0.025543736 0.023862457 0.022335753 0.026347455 1.9251837e-08 0.23531896 0.0050445143 0.00010797347 1.7254159e-06 0.0716803 2.1244533e-07 2.7734613e-05 0.004791111 0.00041560762 7.0903574e-05 7.4453914e-07 9.721583e-07 4.8283793e-05 0.0010611308 0.00026603337 7.331283e-05 2.2284166e-06 2.0645513e-05 6.414701e-05 7.341373e-05 6.1654224e-05 0.00022383315 0.00027014755 2.1017341e-07 2.7206997e-05 1.0700372e-08 1.4151404e-08 5.095784e-05 7.0560322e-06 0.00418459 2.574561e-05 3.2827262e-07 0.0006696596
0.5025689 0.023530088 0.0039589447 0.030515159 0.00046762012 0.043281853 0.0010904061 0.00014453188 0.72079545 7.15514e-05 0.0010017753 2.4807548e-05 0.00027640152 0.998329 5.875955e-05 3.3092379e-12 0.00063800806 0.012005447 0.00081896625 1.5966403e-05 0.98476857 0.17760506 0.0646688 0.40733686 0.052559163 2.4292108e-06 0.02883989 0.030796694 1.5579639e-07 1.1425961e-05 2.8342881e-06 0.44439185 4.9316273e-05 0.09266635 5.2547744e-05 6.8187296e-07 2.9852172e-06 8.450082e-06 0.013801307 0.08348545 5.9776785e-06 2.9062671e-06 0.0006200555 7.0150076e-05 2.5419602e-06 0.06398003 0.08682044 0.011888499 5.8616886e-05 0.00064392365 1.3546956e-07 0.0095830625 2.675619e-05 0.027925456 0.00028614746 0.0005602159 3.1335153e-06 8.8001954e-08 0.0010482953 6.155418e-05 9.2769216e-05 1.1953563e-07 2.140778e-06 1.0845887e-05 1.1154762e-06 1.1414976e-08 9.356219e-09 3.863654e-05 9.4289715e-07 2.9198382e-06 7.190618e-06 0.00014904588 7.624412e-05 9.169044e-05 5.202532e-07 2.8276304e-06 6.112713e-07 4.902318e-06 2.3659863e-05 5.615175e-07 3.3060633e-07 0.00013931238 2.482356e-06 1.0956047e-06 1.1160954e-08 1.8140436e-07 1.9332738e-06 7.7676225e-07 8.640938e-06 4.1618068e-07 4.86997e-06 3.0565518e-06 1.7891902e-06 8.7241215e-06 1.04393145e-07 2.6625569e-06 0.00017446045 0.0005557704 0.00011187522 4.8599463e-07 1.6026653e-06
0.08277042 0.09426703 0.21568462 0.48775217 0.40176016 0.08624208 0.09862694 0.71096295 0.067212254 0.017463725 0.9981151 0.010187192 0.0068012476 2.6231974e-05 0.0015932688 0.00063800806 2.0238937e-14 0.010977552 0.0033535468 0.00023353852 0.0004912408 1.128588e-05 0.8932803 9.106262e-06 1.8961548e-05 1.3391441e-05 6.829263e-08 3.058214e-06 2.7946314e-06 0.41298333 2.1069643e-05 6.773458e-05 0.37052798 0.00053422333 0.8897922 3.3463693e-06 3.6016081e-06 2.4280134e-06 3.877842e-06 7.829967e-06 6.713505e-08 0.1374658 8.675498e-07 0.03481992 9.087651e-08 0.00012186112 2.9215414e-07 1.0556157e-05 6.8366615e-09 2.2682231e-07 2.2014655e-08 1.2544847e-05 5.6340286e-07 2.2874523e-05 8.545787e-07 4.2247166e-06 2.136087e-08 2.5526284e-05 3.3444296e-06 5.2532556e-07 5.2573955e-07 5.348013e-08 1.175554e-07 7.088667e-05 0.0006735338 6.6626296e-07 3.368019e-08 9.3627925e-08 3.9955557e-05 5.1146326e-06 5.781796e-05 5.620031e-08 0.0012750655 2.9640402e-08 1.284496e-07 2.6756035e-07 1.14668964e-07 9.4963195e-07 2.1271164e-06 9.96704e-08 4.3020382e-08 5.3464687e-06 7.3083896e-08 8.832751e-08 8.274724e-10 2.4645453e-07 1.4185766e-06 1.2611e-09 3.0583377e-07 1.3755552e-07 2.1992759e-05 1.0122841e-07 5.553981e-07 2.6574352e-08 9.3881465e-07 2.5566981e-08 5.5432733e-06 1.844608e-05 8.381261e-06 5.5787105e-08 7.621668e-06
0.99499977 0.3049001 0.79831123 0.15767021 0.49602804 0.8234019 0.86078304 0.25631297 0.06744865 0.78240967 0.038316205 0.40039977 0.88576835 0.015354161 0.6246147 0.012005447 0.010977552 1.0840229e-11 0.90794 0.20862556 0.00076223805 0.13245893 0.0024075522 0.0034298603 0.48409343 0.010944484 0.00050705083 0.06713432 0.006584496 0.02598261 0.022787416 4.1161187e-05 0.010046552 2.127785e-05 0.0140417805 0.0031399606 0.13747558 0.004028928 0.06335044 0.30407456 0.021506624 0.0052102157 5.4699765e-05 0.025892783 0.00081350445 0.00017412983 0.0001365264 0.0072103925 3.5526333e-05 2.5112231e-05 5.0547445e-05 0.02933756 0.0059104264 1.8850033e-05 0.00012411574 0.2354029 0.0007709447 0.0049684546 0.004571778 0.024632579 0.031995945 0.0023226982 0.0006816354 0.0016647642 0.0010843556 0.00017765792 0.00024414202 6.7324836e-06 0.008236538 0.0002734819 1.5231934e-05 0.00026867996 0.0061399774 5.2427207e-05 2.896783e-05 0.00034951337 2.2470671e-05 3.6968395e-05 7.261125e-05 5.21075e-07 7.1585186e-05 0.006784705 0.0001460385 0.0002051307 1.398939e-06 1.3461146e-05 2.3687993e-05 0.00027782013 8.220521e-05 5.8537644e-06 0.00019272284 9.606093e-06 1.7075496e-05 8.471181e-06 2.5619383e-06 9.639797e-05 9.464157e-06 0.013545568 5.8487953e-05 4.96847e-06 7.957168e-05
0.98945206 0.029339304 0.46662 0.01890502 0.23970069 0.31257603 0.7408745 0.15398632 0.0037129426 0.88193 0.019725371 0.5633122 0.935708 0.00035103946 0.89969194 0.00081896625 0.0033535468 0.90794 2.2124856e-12 0.71972835 8.434659e-05 0.011406431 0.00050965446 0.00014667469 0.112347454 0.08713247 2.6384065e-05 0.010064389 0.048564438 0.021448284 0.051614884 1.0283943e-06 0.00436047 2.0275281e-06 0.0049954643 0.018857839 0.49560362 0.031945575 0.010434564 0.08258651 0.13163361 0.007049721 6.0229945e-06 0.05989627 0.0029792576 5.0938695e-05 3.7680584e-06 0.0025294968 1.3254821e-06 5.140104e-06 0.0004398997 0.011145989 0.022706943 1.1582956e-06 2.0327045e-05 0.26795545 0.0022934626 0.01533922 0.0013693932 0.050954226 0.0661223 0.016013317 0.0025400547 0.003975808 0.0018653786 0.0011536484 0.0011894829 1.4841247e-07 0.012429348 0.00047555493 2.5914496e-05 8.923945e-05 0.004361441 6.911603e-06 6.201341e-05 0.00091442745 7.9395744e-05 0.0002653629 1.7626771e-05 1.1848656e-07 8.302119e-05 0.009088216 0.0004900133 0.00020579337 2.183811e-06 1.0616136e-05 1.9393518e-05 0.00039594897 0.0003433488 1.0982707e-05 0.00013418715 6.339332e-07 3.685635e-05 6.1294344e-08 1.1506124e-07 0.00046630547 1.8927312e-05 0.023501664 1.0359617e-05 1.1085373e-06 6.1992534e-05
0.90181476 0.00010861202 0.005023561 0.00038333016 0.013431583 0.00054206717 0.030637175 0.03074942 3.441436e-05 0.8306375 0.00597923 0.9027961 0.6800898 1.9175364e-07 0.98021394 1.5966403e-05 0.00023353852 0.20862556 0.71972835 5.228105e-15 7.126779e-06 0.0001104835 1.9948546e-05 2.2392771e-06 0.0007637373 0.92844254 4.2692925e-08 0.00033639793 0.6082699 0.04016934 0.68146265 6.575057e-08 0.0022210728 2.8755946e-07 0.0007000341 0.19279411 0.51674634 0.16599542 0.0002558118 0.0017694168 0.12101948 0.013757924 1.1521882e-07 0.25560638 0.008407636 2.882493e-06 1.0956171e-08 4.826805e-05 7.1902924e-09 1.075002e-08 0.0016007179 0.00037249847 0.012038978 2.07868e-08 1.3867233e-07 0.023108708 0.0011869456 0.2179588 0.00014822642 0.005975995 0.007504028 0.1521231 0.07195754 0.05574529 0.025874518 0.07018476 0.07300732 5.669738e-09 0.24466588 0.020798251 4.207979e-05 2.6724084e-07 0.068159334 6.272002e-08 1.4988966e-05 0.024080865 0.002352303 0.00018210942 1.6906763e-07 1.5590018e-06 3.6401085e-05 0.0012377077 0.0002830593 9.898861e-05 1.5623009e-05 0.00016564183 0.00014283917 3.7652582e-05 0.0001226522 0.0014326605 0.00045753215 3.1733045e-08 0.00012740742 4.453852e-10 1.4997436e-08 0.000119440185 2.3317274e-05 0.0048890053 7.0950355e-06 6.349679e-07 0.0016067844
0.3406634 0.0075266687 0.00054570084 0.023550063 3.2681328e-05 0.010137319 0.00015358804 1.1180626e-05 0.58129597 1.386685e-05 0.00018475861 4.889133e-06 4.7225836e-05 0.14816347 2.6310041e-05 0.98476857 0.0004912408 0.00076223805 8.434659e-05 7.126779e-06 8.4834716e-13 0.032678235 0.80143493 0.121001735 0.01714492 4.221764e-06 0.008554868 0.007810905 1.5610931e-07 8.734489e-07 1.5161219e-06 0.9901769 4.3312884e-06 0.8054238 8.136531e-06 8.5926223e-07 6.183202e-06 2.0691677e-05 0.003803665 0.01644217 3.6240347e-06 2.123621e-05 0.00024271382 4.0724346e-05 2.7269975e-06 0.49150255 0.0075399885 0.0017060156 1.2056464e-05 0.00034679196 2.2955414e-06 0.0014903678 2.3150385e-05 0.013694618 0.00022912154 0.0002974626 4.343267e-06 2.7159438e-06 0.0005311904 2.4443054e-05 8.2855084e-05 2.1151522e-05 2.2347672e-06 1.5735215e-05 0.00013570988 8.1008864e-07 1.1788284e-06 3.5259498e-06 6.304569e-05 9.146935e-06 1.9659294e-06 7.1036644e-05 0.0013753704 1.1907528e-05 3.1967495e-05 0.0003843095 9.713489e-06 0.0009173584 2.376225e-05 3.392826e-06 2.4431773e-07 0.00013917442 1.1751466e-06 1.9439867e-05 5.1917567e-07 4.570683e-06 2.2994096e-05 5.150094e-08 4.423109e-06 3.885677e-07 6.31419e-05 2.615658e-07 4.261514e-05 1.275024e-07 8.025742e-09 2.6275387e-05 0.0004352184 0.0005146999 0.0005020086 3.0151696e-07 0.00012697015
0.8839046 0.03161932 0.009250385 0.007352798 0.000891382 0.22569948 0.006112973 0.00026333024 0.22163714 0.0006915347 0.00075298274 0.00015168349 0.0017855774 0.7153509 0.00038312495 0.17760506 1.128588e-05 0.13245893 0.011406431 0.0001104835 0.032678235 1.3423538e-14 0.00040337603 0.9232543 0.9889808 3.1248386e-05 0.7844722 0.92172825 4.8991583e-06 0.00043529266 1.0128423e-05 0.10057884 9.5624615e-05 0.00025636936 2.6290478e-05 3.1807824e-06 0.0006506975 3.527263e-05 0.7327224 0.49687785 5.5162443e-05 4.5711648e-05 0.18332753 0.0022319334 3.3280678e-05 0.0012897738 0.074623644 0.71205235 0.0014035748 0.01053321 8.300408e-07 0.1558794 9.270281e-05 0.00817472 0.25476742 0.02866832 4.7966885e-05 1.8603578e-05 0.04171393 0.0009382512 0.009510537 3.3127766e-05 6.639345e-07 1.6901542e-05 1.6128247e-06 1.1627836e-06 8.446161e-07 0.002495787 5.0740055e-05 1.6640093e-05 1.250664e-06 0.0006526679 7.774242e-05 0.00042912623 2.4235726e-07 0.00014565476 2.882962e-05 1.3267822e-06 0.00010977824 6.086586e-08 4.5405145e-06 0.00100858 1.6287196e-07 1.6677619e-05 9.608035e-08 1.0492248e-06 2.9247237e-06 1.5554815e-05 6.9536186e-06 2.614386e-07 3.5576934e-06 0.00014059636 2.197477e-07 6.2906443e-06 4.5371557e-06 4.214306e-06 3.1811828e-06 0.002760388 4.9112303e-05 2.8303472e-08 4.1014773e-06
0.074476466 0.14786327 0.034267258 0.89092094 0.02188303 0.06751081 0.005076157 0.08282 0.9267934 0.0008350537 0.36172572 0.0003987199 0.0006430224 0.0007133123 5.1617553e-05 0.0646688 0.8932803 0.0024075522 0.00050965446 1.9948546e-05 0.80143493 0.00040337603 3.4241004e-15 0.00016781923 8.2519706e-05 7.1638624e-06 1.4071379e-05 1.5400994e-05 3.821273e-06 0.00078646035 1.0971094e-06 0.0056070625 0.0016475525 0.99806124 0.058651954 2.4782994e-06 4.6344172e-05 1.6319707e-05 1.2947472e-05 1.4888356e-05 4.4179915e-06 0.00018036306 3.99587e-06 0.00041799436 1.3164477e-05 0.06444778 2.4548855e-05 2.898668e-05 6.662772e-08 5.314987e-07 3.895456e-06 1.3828065e-05 6.847696e-05 0.0005544924 2.706416e-06 5.500618e-06 8.521815e-06 1.6170969e-06 5.405494e-06 7.0223937e-06 6.611925e-06 9.245756e-08 7.7454393e-07 4.585713e-07 2.6352529e-05 2.3555104e-07 2.6495638e-07 4.2210652e-07 9.966209e-07 5.3450685e-07 9.095508e-06 9.0770715e-07 3.6428035e-05 1.2965646e-07 2.549489e-06 3.5274966e-06 2.7616804e-06 1.9266634e-05 2.4844485e-07 5.703995e-08 9.415385e-09 2.932758e-05 2.7370573e-08 5.132979e-07 8.8532104e-08 1.237998e-07 3.2527862e-06 4.3550752e-08 1.19147225e-08 4.4116415e-08 1.0123048e-06 2.1543194e-08 1.4418954e-07 4.4253998e-10 4.123764e-09 3.743939e-07 4.870214e-05 2.3195136e-05 6.934539e-06 1.559442e-08 1.0544264e-05
0.88676447 0.0062689767 0.00028363918 0.0020264941 1.893475e-05 0.013874947 0.0001770068 1.9305946e-06 0.13330078 2.0056363e-05 5.713613e-05 2.315894e-06 4.4829598e-05 0.93463635 7.932116e-06 0.40733686 9.106262e-06 0.0034298603 0.00014667469 2.2392771e-06 0.121001735 0.9232543 0.00016781923 1.9520602e-13 0.2021338 3.118182e-07 0.9901451 0.21409054 2.3188146e-07 1.8608733e-06 3.2258722e-06 0.6530547 5.691612e-06 0.0005406113 6.8891036e-06 1.2020139e-07 1.7180198e-05 1.4684235e-06 0.33679393 0.4547677 6.0951534e-06 3.0810418e-06 0.29074922 0.00013679633 2.0125826e-06 0.0053635207 0.56152713 0.4035959 0.0074026748 0.07972407 1.4623981e-07 0.21307403 9.350703e-06 0.15008995 0.097084865 0.015225429 6.514024e-06 1.6754625e-06 0.052881144 0.00031398062 0.0011099254 2.3812044e-07 2.590614e-07 4.3967825e-06 1.6392561e-06 7.461851e-08 2.2810159e-08 0.0006529365 4.1157123e-06 1.2593874e-05 2.6426747e-07 0.0011571689 0.00011861009 0.0018068055 8.0254443e-07 6.0620558e-05 1.2707189e-06 5.0121253e-06 6.265703e-05 2.1049968e-06 7.370506e-07 0.00024968106 7.3551564e-07 2.8309074e-05 9.594831e-08 1.5319818e-06 2.4442399e-05 1.733578e-05 1.1433875e-05 3.5266604e-07 1.2815999e-05 7.574655e-06 1.4793724e-07 6.472998e-06 5.731835e-07 1.5590012e-05 6.9279e-05 0.004103011 0.00043052837 3.549172e-07 1.5633896e-06
0.7912485 0.04474526 0.02649596 0.013669995 0.0037838726 0.35840726 0.021442782 0.0009781931 0.103616856 0.005649986 0.0005462796 0.0005823029 0.022927832 0.35951886 0.004678668 0.052559163 1.8961548e-05 0.48409343 0.112347454 0.0007637373 0.01714492 0.9889808 8.2519706e-05 0.2021338 1.33919534e-14 0.00046345327 0.21400584 0.9932705 2.472097e-05 0.00023670615 9.3754774e-05 0.005761172 2.2680046e-05 1.9523884e-05 1.6051992e-05 2.5623869e-05 0.07260495 0.0023431007 0.7190554 0.5170702 0.01073613 0.00010903307 0.0049351007 0.0015034442 0.000111829235 7.276646e-05 0.0020873395 0.14266296 0.00040224352 0.00032392397 6.848794e-05 0.054949865 0.0030491704 0.0006444652 0.007865061 0.23301342 0.0006027562 4.457598e-05 0.0061746966 0.017796172 0.14078577 0.00015177595 3.9517054e-06 5.6764635e-05 5.6022277e-06 9.369417e-07 4.5881936e-07 0.00023956927 5.497333e-05 8.267761e-06 2.873881e-07 5.096124e-05 3.3076907e-05 1.29068485e-05 3.7765072e-05 0.00016238025 0.00013512486 1.488683e-06 9.373381e-06 1.1954018e-07 2.5183677e-05 0.018768046 3.0647848e-07 0.00019447145 1.7859119e-08 3.879086e-07 5.361687e-07 0.0016808707 0.00013218328 7.096612e-08 9.422177e-07 4.807008e-06 1.9705385e-07 2.801229e-07 1.097931e-06 9.1945694e-05 1.1012373e-06 0.01495753 2.5257736e-05 2.9891586e-07 8.00086e-07
0.95730597 9.1324785e-07 3.153988e-05 8.139325e-06 0.00015645576 2.4472688e-06 0.00033014335 0.000581531 5.6073113e-06 0.02537046 0.00017860124 0.13997073 0.024999935 2.233462e-07 0.2746306 2.4292108e-06 1.3391441e-05 0.010944484 0.08713247 0.92844254 4.221764e-06 3.1248386e-05 7.1638624e-06 3.118182e-07 0.00046345327 2.0693613e-14 1.0778483e-07 0.000109474415 0.96040195 0.002765373 0.87758374 3.2880246e-07 8.957531e-05 2.27348e-06 1.3676286e-05 0.9213839 0.5553927 0.6487436 1.2832816e-05 0.00026937167 0.26886633 0.001419763 1.7051109e-08 0.100388154 0.2510187 2.9628916e-05 2.2988723e-07 4.7254466e-06 4.580682e-09 1.3231304e-08 0.0075896303 9.0249196e-05 0.06340663 5.794265e-07 6.2058156e-08 0.014180609 0.0054551167 0.2980646 2.9506033e-05 0.007176811 0.0035854173 0.68735147 0.3216745 0.22723906 0.006577875 0.3489403 0.57224363 6.1596093e-09 0.21354887 0.12990002 1.3105578e-05 3.229535e-08 0.24718264 1.079405e-08 2.7188038e-05 0.10719653 0.014322091 0.00022334442 1.2626283e-07 4.227844e-06 6.5350774e-05 0.00086891104 0.0004457858 5.9084738e-05 6.530897e-05 0.00045222137 0.00017609658 2.7553682e-05 2.0013847e-05 0.008923865 0.0007096297 3.4945768e-07 0.00021829906 2.140846e-09 1.8622721e-08 4.8773487e-05 2.5835925e-05 0.0035278315 5.5317374e-05 4.700118e-07 0.0075499252
0.9286104 0.0002685762 4.3283584e-05 4.378348e-05 8.9176916e-07 0.0007305672 2.6331729e-05 7.8023426e-08 0.003390729 1.0390393e-06 2.220994e-07 1.3091162e-07 1.6557304e-05 0.29588848 6.996106e-07 0.02883989 6.829263e-08 0.00050705083 2.6384065e-05 4.2692925e-08 0.008554868 0.7844722 1.4071379e-05 0.9901451 0.21400584 1.0778483e-07 8.511243e-15 0.3621684 2.7951804e-08 1.4905119e-07 9.063314e-08 0.07141483 4.3519613e-08 5.1345214e-05 6.619313e-08 1.9178099e-08 7.5514154e-06 4.0617442e-07 0.46701407 0.32202163 1.4297844e-06 4.8447487e-07 0.887396 1.638694e-05 5.164985e-07 0.0010578681 0.36592367 0.8110099 0.08320638 0.5787254 2.7287223e-08 0.50006557 1.2843357e-05 0.04205543 0.81157327 0.01721996 1.3064005e-06 2.2596245e-08 0.24755137 0.000938484 0.0032670172 6.9503166e-08 1.1222645e-08 8.7064e-08 3.7089447e-07 1.2869201e-09 1.6504693e-09 0.016156051 4.383602e-06 3.081027e-08 1.031181e-07 0.0298696 8.697073e-06 0.029844036 2.5966335e-08 1.110585e-06 1.8909935e-07 1.0771146e-07 0.0020041526 1.3042804e-08 4.0421952e-07 0.0009003695 7.844976e-08 2.3567093e-06 8.2228363e-10 7.1368994e-08 8.8725284e-07 7.250319e-06 3.3131495e-05 3.5061287e-08 2.0376748e-07 0.00013687252 1.9502675e-08 0.0006625294 1.4526211e-05 1.20439145e-05 1.3217319e-06 0.0079594115 0.0015656942 1.8263579e-07 1.9558015e-06
0.77473557 0.010577952 0.006833964 0.0035790973 0.0012220315 0.05396518 0.0036688475 0.0005534054 0.029336026 0.0017063359 0.00019007237 0.00071630493 0.0031231032 0.26212996 0.0010356663 0.030796694 3.058214e-06 0.06713432 0.010064389 0.00033639793 0.007810905 0.92172825 1.5400994e-05 0.21409054 0.9932705 0.000109474415 0.3621684 6.611245e-13 3.7105303e-05 1.7947777e-05 6.672123e-05 0.0056861164 2.7486453e-06 4.4021e-05 1.673034e-06 6.983318e-06 0.004997101 0.00031513046 0.9671966 0.7196364 0.0012311134 8.6281536e-05 0.04003777 0.0010610095 8.368182e-05 0.0001600176 0.048091177 0.59942657 0.0017434795 0.005717227 5.2453368e-05 0.15484953 0.0008938857 0.0017431537 0.04086373 0.08250611 0.00059908885 8.248425e-06 0.035041604 0.0076649003 0.037795205 0.00015191294 1.9111442e-06 5.018185e-06 1.4669959e-06 1.2776447e-07 1.1965092e-07 0.001346403 2.9630839e-05 5.6050067e-06 9.25295e-07 0.0007516658 1.3912198e-06 0.0006671929 3.9591727e-05 4.8637434e-05 8.934449e-06 3.5678744e-07 0.00033580416 2.9110896e-07 1.5325335e-05 0.0023065102 1.6600444e-06 0.000104890474 3.4767924e-09 1.6290923e-07 1.8275332e-06 0.0005011041 0.0006552471 1.87016e-08 1.2398028e-06 6.166734e-05 6.7544256e-08 4.2707692e-05 3.6982551e-06 0.00025772376 3.4213886e-07 0.010592724 0.00020321124 1.6338115e-07 2.6012646e-07
0.93989974 2.3204296e-07 1.2014214e-05 7.862952e-06 6.281954e-05 1.1525646e-06 0.00013455494 0.00032299606 1.0415691e-06 0.008178014 0.00024094355 0.19195557 0.017885821 1.1608921e-08 0.118552476 1.5579639e-07 2.7946314e-06 0.006584496 0.048564438 0.6082699 1.5610931e-07 4.8991583e-06 3.821273e-06 2.3188146e-07 2.472097e-05 0.96040195 2.7951804e-08 3.7105303e-05 1.8704326e-14 0.00264779 0.95063436 4.937159e-08 0.00017031461 1.2682733e-06 1.1686562e-05 0.9325951 0.3894614 0.49385485 1.2680568e-06 8.606204e-05 0.22421725 0.0023353996 1.23219985e-08 0.087515734 0.20083398 7.769998e-06 4.329029e-08 1.1359397e-06 2.6810054e-09 1.3743744e-08 0.010455586 1.754018e-05 0.06408298 3.527727e-07 5.043955e-08 0.012199514 0.004200221 0.25424767 2.7334878e-05 0.0062443907 0.0032039678 0.89096576 0.45638245 0.22139536 0.0045612343 0.3364176 0.6553278 2.0185029e-08 0.09841643 0.10364889 7.171101e-06 3.534504e-08 0.12735009 4.9093213e-10 3.6517147e-05 0.14459784 0.087697074 0.0012661737 7.261397e-08 2.0728837e-06 0.00016731281 0.0012101396 0.0007185881 6.454028e-05 0.00043176828 0.001865527 0.00027546578 7.902658e-05 5.248409e-05 0.0073527065 0.000988079 2.6148498e-07 0.0014387218 1.645372e-08 2.5650932e-09 4.7858222e-05 0.00010483327 0.0042655803 2.5933668e-06 9.540745e-07 0.01593063
0.71806604 0.014073978 0.37230602 0.080832414 0.7342976 0.05015131 0.3674882 0.91162115 0.0018432154 0.24886185 0.13311766 0.7614744 0.14914085 3.216621e-07 0.08389433 1.1425961e-05 0.41298333 0.02598261 0.021448284 0.04016934 8.734489e-07 0.00043529266 0.00078646035 1.8608733e-06 0.00023670615 0.002765373 1.4905119e-07 1.7947777e-05 0.00264779 2.2236359e-17 0.019805565 3.986187e-08 0.9806917 4.238334e-05 0.4764382 0.00021612876 0.00039813397 0.00018218375 2.0577523e-05 0.00010077516 4.0616324e-05 0.97753686 4.8489784e-07 0.24464291 0.00014431206 9.482636e-07 1.670057e-07 7.187619e-05 1.5085023e-08 9.459148e-08 3.6275665e-07 5.759189e-05 4.8571892e-05 1.5804658e-06 5.5898786e-06 0.00024995266 6.532678e-07 0.0011416954 0.0002478375 6.1209386e-05 0.00026992764 2.054989e-05 3.6618912e-05 0.00017303693 0.0075551686 1.0097974e-05 3.2626408e-06 1.5647096e-08 0.0040497645 1.5190837e-05 0.00032367784 6.6578873e-06 0.0032041084 8.590532e-07 4.2846374e-08 2.7723241e-05 4.697383e-06 3.1511948e-07 6.8521554e-06 1.5315076e-05 8.977496e-08 0.00018879981 7.207556e-08 5.792947e-08 2.356891e-08 5.2428356e-07 9.406186e-05 7.713413e-08 5.884327e-07 3.9352275e-05 0.00012656394 7.725104e-08 4.8069825e-07 2.9320668e-09 1.7122352e-08 1.3379715e-06 9.2145217e-07 0.00033598562 1.2141519e-06 5.6318425e-09 0.00013743759
