1.1511855e-16 0.21237828 0.05363183 0.07856837 0.566151 0.30483463 0.89017904 0.39902246 0.6955799 0.852957 0.83486676 0.057693787 0.65910316 0.9273605 0.93271595 0.7840476 0.041524187 0.00493378 0.9018214 0.8915485 0.18099332 0.01789041 0.9871574 0.883905 0.32016537 0.8980848 0.9007663 0.82726914 0.8274165 0.012829764 0.9705791 0.9133147 0.96911985 0.65044934 0.9955571 0.8988352 0.9072638 0.32565632 0.491481 0.83417726 0.9779086 0.3879934 0.96688265 0.99478036 0.82810414 0.9513769 0.5881599 0.00036329174 0.9706971 0.8474008 0.40967947 0.95364356 0.91658485 0.83849645 0.6366669 0.916879 0.9519832 0.9865282 0.47192252 0.8661401 0.95609933 0.949709 0.16078125 0.8518051 0.14502467 0.8698908 0.7840755 0.11886451 0.9392527 0.66808474 0.99022454 0.094746985 0.99090207 0.9725258 0.7202611 0.004321998 0.45054635 0.8901304 0.99677485 0.0913077 0.8639864 0.002158016 0.97075015 0.90834516 0.9410457 0.99827564 0.6434496 0.002102272 0.8587794 0.38225538 0.0064583966 0.7707559 0.99999917 0.31585187 0.99989563 0.9758221 0.0002674021 0.79293406 0.7679565 0.017760374 0.9980712
0.21237828 4.240955e-14 0.98077923 0.9866451 0.09917754 0.30290237 0.84636843 0.013758992 0.085904896 0.028871778 0.29027596 0.81687087 0.0035595126 0.021690076 0.036311384 0.0022806064 0.0058215833 0.06469975 0.009394108 0.0020527334 0.0723165 0.00048261674 0.01741909 0.0009841536 3.9534185e-05 0.00035026853 0.00018211515 0.0036797011 8.2637125e-05 0.031530872 0.01255413 1.798597e-05 0.0002590732 0.00027500145 0.007969601 1.49663965e-05 9.157932e-06 0.0003284591 0.0004937237 4.346729e-07 8.860171e-06 0.01794848 1.266728e-05 0.00020380958 0.00059462286 2.5048728e-05 3.7528866e-05 0.0002217816 0.00025132057 3.242446e-05 2.7665506e-05 9.111235e-05 3.5856956e-06 2.1648779e-05 1.2651306e-07 2.6036907e-06 4.5919082e-06 5.836166e-06 8.027195e-06 9.353739e-07 7.259023e-06 1.5957847e-05 7.271925e-06 1.7590239e-06 1.6269693e-06 2.3796506e-06 7.429465e-06 2.1438527e-06 1.0627938e-05 3.1855486e-06 4.5508973e-06 1.1698143e-06 2.7367352e-05 5.01536e-05 1.0615796e-06 0.00015378899 1.6696072e-06 1.3693069e-05 8.062955e-06 2.0783776e-07 1.884783e-06 2.1431474e-06 9.358821e-06 1.176931e-06 1.0729623e-07 0.0011443963 1.3498678e-08 4.9682785e-07 1.13498845e-05 4.91138e-07 1.6326362e-08 4.1844023e-06 0.0010988057 2.9551495e-06 1.7886588e-05 2.231184e-05 1.0296441e-07 1.8710843e-08 3.0375605e-07 1.07252385e-08 3.485895e-06
0.05363183 0.98077923 3.132206e-14 0.2669415 0.13181813 0.9857238 0.0013665889 0.9149659 0.35404533 4.7200356e-05 0.055471953 0.00041235206 0.120799296 1.1895315e-05 0.07073959 1.315583e-05 0.046785254 5.7541267e-05 1.497215e-05 3.581658e-05 6.930729e-05 0.0057149786 0.0018935273 0.0605756 0.00034332654 2.6712922e-05 1.4445808e-05 5.461842e-06 0.0002869947 5.1053277e-05 0.022853525 1.2737898e-06 3.150005e-05 0.00015135735 0.009409714 0.0002833534 0.00013336874 1.1919553e-06 9.300313e-06 3.9046836e-06 0.00012398443 0.0052436865 3.6561592e-06 0.0005051179 3.3536136e-05 2.3530296e-05 6.3650205e-06 3.6649652e-07 9.852321e-06 2.2394084e-05 2.423472e-06 3.4101373e-05 1.4737279e-06 2.3849395e-06 3.3887904e-06 5.20648e-06 5.139957e-06 1.3989203e-06 4.49523e-05 5.2938294e-06 3.906017e-06 5.4672593e-05 4.4209837e-06 5.0091053e-06 9.995307e-07 1.0388678e-06 2.72986e-06 3.0154803e-07 0.0002643344 9.790377e-07 4.2263102e-05 4.426383e-08 0.00011859051 5.1777144e-05 2.4785807e-06 5.550351e-06 2.0133564e-06 7.351808e-06 3.6592133e-05 6.573594e-07 1.187644e-05 8.073843e-06 9.9983545e-06 1.8549324e-06 6.618161e-07 0.00050713477 1.758982e-08 1.3130435e-07 8.100629e-06 4.002321e-07 8.345706e-09 7.0371493e-06 0.00029643744 4.245853e-06 2.5055265e-06 3.392477e-06 4.2479382e-08 2.2246429e-08 1.9934927e-07 2.1234527e-09 3.3109382e-07
0.07856837 0.9866451 0.2669415 2.875606e-14 0.9953458 0.34527555 0.27212918 0.0043511298 0.0408543 0.2563354 0.2984298 0.03653165 0.0010815583 0.01619487 0.07452474 0.00801366 3.4118842e-05 0.0033211897 0.0049465504 0.032916345 0.0073137837 3.932806e-06 0.039375827 8.9048335e-05 3.2478712e-07 0.0026047563 0.001927203 0.00066227035 3.0161993e-07 0.0019222376 0.0038595994 5.7795463e-05 0.00048092482 1.6739095e-05 0.0020518235 2.646444e-06 4.0130667e-06 3.4210072e-05 4.8808568e-05 1.5615619e-07 6.34904e-06 0.009473318 2.0992844e-05 0.0002792932 0.0001502349 0.0002644842 4.7738135e-06 5.149486e-06 1.8212775e-05 1.2921757e-06 6.332284e-06 2.8590657e-06 2.2776827e-07 1.0812849e-05 1.2842775e-06 8.2498536e-07 7.922831e-06 4.5196586e-05 5.1010766e-06 5.9995473e-06 6.3887815e-06 4.2974527e-05 3.26769e-07 1.594252e-06 1.0095779e-05 6.3101027e-07 3.7578897e-07 2.1965961e-06 4.7797428e-05 1.2171488e-06 0.00010128127 4.6037644e-06 0.00069790037 0.00033054504 6.0759515e-07 3.9888855e-05 6.030517e-08 2.256825e-06 1.5955262e-05 2.3508976e-06 1.5619553e-05 3.8347272e-07 6.7908354e-06 1.5712204e-06 2.12003e-06 0.00042141316 2.420997e-07 3.6179586e-07 5.079353e-06 3.883334e-06 3.94765e-09 1.2529764e-06 0.0007542239 1.1384422e-05 4.5193136e-07 1.1156559e-06 2.4538755e-08 2.9860215e-07 7.093475e-07 3.2655855e-08 1.7593024e-06
0.566151 0.09917754 0.13181813 0.9953458 4.5407192e-13 0.43177617 0.36576542 0.005274705 0.22019427 0.72445494 0.9511527 0.025259063 0.006936002 0.07862929 0.5685955 0.10463649 1.2354893e-05 0.0010639525 0.012466974 0.5962715 0.01795127 2.0028158e-06 0.6121902 0.00049658085 1.6223807e-07 0.14078489 0.011116526 0.003189636 1.7506861e-06 0.0006155647 0.05983821 0.00931699 0.018846067 4.848454e-06 0.03833781 2.6066164e-05 1.103615e-05 0.00022703734 0.0005090313 7.9707206e-08 8.788903e-05 0.0047501195 0.0005233098 0.006779408 0.00020715638 0.03750827 9.16945e-06 4.89045e-07 4.722093e-05 9.077618e-07 5.562513e-06 1.4706889e-07 6.81924e-08 4.2842144e-05 2.1711122e-08 7.447342e-06 0.00041737373 0.004886854 1.4243745e-06 2.3221408e-05 7.8891106e-05 0.00025085054 5.795132e-09 8.317473e-06 8.3823e-06 3.1425756e-05 1.7541088e-06 2.3393406e-05 0.0003998748 4.6014094e-07 0.0012883903 2.4337253e-06 0.0094167255 0.012773755 1.0546713e-06 2.4835117e-06 5.015195e-08 8.391761e-06 4.810945e-05 1.575849e-07 9.5075025e-05 7.336951e-08 7.12347e-06 2.4647534e-06 3.804512e-05 0.0020219903 2.6746887e-08 1.4249153e-08 1.312631e-06 7.709444e-06 7.4446566e-10 3.6023604e-08 0.0033294442 1.7632774e-05 6.266809e-07 4.6695493e-07 8.927971e-09 2.5949475e-06 1.09597515e-07 3.616473e-08 9.045147e-06
0.30483463 0.30290237 0.9857238 0.34527555 0.43177617 1.253116e-12 0.02334434 0.9030737 0.9750689 0.002044458 0.5155579 0.0049788347 0.48095357 0.00020838149 0.6056546 0.00021738432 0.005039662 1.3350622e-05 0.00033051916 0.0010100917 0.00045419572 0.00010554843 0.032898583 0.045543246 1.9979238e-05 0.00030298228 0.00015457152 9.664484e-05 1.4157162e-05 2.494489e-05 0.37493923 2.5805859e-05 0.00025613108 4.8595844e-05 0.16281725 0.000250147 9.3962524e-05 1.4815087e-05 2.1180394e-06 2.9261855e-06 0.00031780626 0.014824884 0.00011026898 0.008899669 0.0002194544 0.001469829 7.5626363e-06 1.5449288e-07 0.00013730985 2.3370638e-05 9.447681e-06 4.5423767e-06 1.0349619e-06 6.831553e-05 1.2430064e-06 1.5277661e-05 2.7096457e-05 6.5468805e-05 2.3739442e-05 8.87077e-05 4.8488168e-05 0.00031003865 6.9120315e-06 3.0205385e-06 4.9781573e-07 6.4958786e-06 2.6570551e-06 1.2254971e-05 0.0006831436 4.8361716e-07 0.00068997365 6.969429e-07 0.0046627703 0.0033105628 6.2725013e-07 1.809e-06 9.748808e-08 8.267737e-06 3.072622e-05 3.7455263e-06 2.8888735e-05 4.4411368e-06 8.544521e-06 2.9455887e-06 1.9506228e-06 0.0007511409 1.0931917e-06 5.1249202e-08 2.9827443e-06 2.1544818e-06 5.5555485e-09 6.919256e-07 0.0027838426 1.674165e-05 1.7430986e-05 1.6272176e-06 3.4367535e-08 2.0414416e-06 8.48579e-08 1.6356336e-09 3.2033597e-05
0.89017904 0.84636843 0.0013665889 0.27212918 0.36576542 0.02334434 1.7188584e-11 0.00013635347 0.0070709307 0.63653266 0.52076346 0.92656446 0.00024712874 0.90987015 0.01672153 0.431129 4.603668e-06 0.45555934 0.90830195 0.21590437 0.95706016 1.1901556e-05 0.13241054 3.029599e-05 4.6786337e-07 0.12743764 0.10768562 0.63022625 5.66952e-06 0.25077394 0.007776682 0.01438986 0.060865402 0.00020395056 0.014762778 4.8520847e-06 4.887767e-06 0.034145627 0.004352678 2.1120437e-07 3.1410356e-05 0.31551796 0.0016228877 0.00074473914 0.0007514504 0.0059795207 0.00018063986 0.00041211108 0.00021103135 4.57316e-06 0.00012515757 1.8223399e-06 1.6073537e-06 0.000100839294 5.651325e-07 4.043984e-07 0.0004813171 0.0008875246 8.660837e-06 2.1778253e-06 0.00017520208 3.6225298e-05 3.2455875e-06 3.6580164e-07 2.750674e-05 1.2140206e-05 4.5047955e-07 3.2350577e-05 9.132243e-05 4.7496385e-07 0.00018488445 1.0036863e-05 0.0023223425 0.0052700313 4.0272732e-07 0.00030546082 7.463427e-07 7.089553e-05 0.00011033093 3.0541478e-06 1.949536e-05 6.0572793e-06 5.7077366e-05 1.7854292e-05 9.047045e-06 0.0060544848 1.4340656e-06 3.882323e-06 4.255379e-06 1.233329e-05 2.728435e-07 3.8993285e-06 0.0011911242 3.2241885e-05 0.00010705671 1.7848657e-05 1.501685e-07 1.9099507e-06 2.4061908e-06 1.0544219e-06 5.6355773e-05
0.39902246 0.013758992 0.9149659 0.0043511298 0.005274705 0.9030737 0.00013635347 1.805544e-12 0.91432023 5.0242455e-05 0.029380374 2.2226e-05 0.97656137 1.0696226e-05 0.23907207 1.5231948e-05 0.68665427 1.8197695e-06 1.0968358e-05 8.340177e-05 4.609847e-05 0.025127111 0.0027108842 0.93099403 0.02477883 4.3802607e-05 1.0441764e-05 3.585949e-06 0.025168883 3.83586e-06 0.6058517 2.0946618e-06 5.4500593e-05 0.00840031 0.44288608 0.020673675 0.0022434734 3.9913851e-07 1.2161927e-06 0.00029294385 0.013422946 0.00021994261 9.780294e-06 0.17164037 9.4867755e-06 0.00022919408 2.3663526e-06 1.57066e-08 2.6028217e-06 0.0003311423 1.6685756e-06 0.00044106305 4.7387348e-05 7.10511e-06 8.4179446e-05 0.0002594792 4.40746e-05 5.5597473e-05 0.0002643357 0.0046465304 4.3037007e-06 0.0047162245 8.385958e-05 0.0001218839 1.3673982e-06 1.9470435e-06 5.0707935e-05 1.1951186e-06 0.011459584 1.908928e-05 0.0048757396 1.1361803e-06 0.0058527268 0.002220719 3.11119e-05 4.3169244e-08 1.2721784e-05 1.7063156e-05 0.00071325415 1.108393e-05 2.0844082e-05 4.8242924e-05 0.00015191859 9.746751e-05 7.781039e-06 0.0010691627 1.549231e-09 1.4595552e-06 2.7326952e-05 1.9351812e-06 2.407695e-07 2.9931593e-06 0.0015851099 7.1971835e-06 0.00018119681 6.973934e-06 1.9548559e-06 5.2423825e-08 1.00129036e-07 6.485265e-09 2.4431808e-06
0.6955799 0.085904896 0.35404533 0.0408543 0.22019427 0.9750689 0.0070709307 0.91432023 3.430708e-12 0.0026112068 0.3652518 0.0018978907 0.94899637 0.00031029628 0.8912844 0.0004280407 0.02492495 2.9256553e-06 0.00055124867 0.0020443858 0.00028211498 0.0011999668 0.06670167 0.3710595 0.0005891456 0.00045372598 0.00036078203 9.436214e-05 0.0009644358 9.5661235e-06 0.8393539 0.00014911796 0.00030378287 0.0010167622 0.61951387 0.0011848573 0.00019524209 7.4161886e-05 1.13838805e-05 1.8350456e-05 0.0025306633 0.0035328548 9.4522e-05 0.117465414 0.00055161363 0.006096154 3.5816993e-05 4.496706e-08 0.0003260874 6.889403e-05 3.8546626e-05 3.85709e-05 1.8648136e-06 0.00019413013 1.2179157e-05 1.9749126e-05 9.917013e-05 0.0013790724 0.00015267645 0.0017268688 3.2943117e-05 0.002392455 5.5387532e-05 1.0813665e-05 2.1611853e-05 3.2995464e-05 5.2536298e-06 2.0099636e-05 0.006749366 1.6675161e-06 0.006559905 5.1117654e-06 0.021365792 0.010623282 1.5694786e-06 5.454729e-07 5.8076256e-07 2.1177337e-05 9.254107e-05 1.7015584e-06 3.98419e-05 5.7360767e-06 1.1554893e-05 2.2876922e-05 3.0323854e-05 0.0017198615 3.4490865e-06 1.4405539e-07 1.7431726e-06 4.8994643e-05 1.5636177e-08 2.7266714e-07 0.0041633183 2.6998643e-05 3.4644076e-05 7.221492e-07 1.8239213e-07 5.1495274e-05 5.3858376e-08 4.2791055e-09 0.00014974442
0.852957 0.028871778 4.7200356e-05 0.2563354 0.72445494 0.002044458 0.63653266 5.0242455e-05 0.0026112068 5.7881996e-15 0.6068866 0.0037932883 0.00011539691 0.86251575 0.025568128 0.9896256 1.7690369e-06 0.002554962 0.2999957 0.9421479 0.09886623 1.2509789e-06 0.4798989 1.7098684e-05 5.317286e-08 0.5546777 0.2201769 0.07835309 1.3536294e-06 0.0014594842 0.00928833 0.12145522 0.12955315 4.251805e-06 0.013385939 5.30637e-06 8.236991e-07 0.0041551115 0.0029525892 1.7101396e-08 1.0256496e-05 0.019886151 0.0019941013 0.001803243 0.0009222755 0.030405866 9.1364156e-05 3.5135397e-06 7.83594e-05 4.0419945e-07 0.00012276268 3.2149813e-08 1.7851148e-08 9.0390975e-05 2.6187166e-08 6.0826136e-07 0.0009438217 0.005666998 1.0266492e-06 4.8448483e-06 4.3195832e-05 4.6284724e-05 1.06876904e-07 6.3158575e-07 6.272244e-05 2.7212629e-05 2.6993467e-07 8.136643e-05 0.00030577357 9.870801e-08 0.0007301343 2.9643884e-06 0.018462542 0.047131617 2.1765389e-07 3.222793e-05 4.309644e-08 2.3601517e-05 3.1338128e-05 6.2923687e-07 6.828778e-05 1.130245e-06 8.603602e-07 7.4446814e-07 0.00010297655 0.006581778 2.2873419e-08 1.0693885e-06 5.989049e-07 2.5950183e-05 1.4926263e-08 5.894423e-06 0.0017240953 3.6052596e-05 1.4256827e-05 1.5078682e-06 1.7636616e-08 8.661192e-06 2.7660099e-07 4.857307e-08 5.33554e-05
0.83486676 0.29027596 0.055471953 0.2984298 0.9511527 0.5155579 0.52076346 0.029380374 0.3652518 0.6068866 4.7944487e-12 0.044328805 0.02147922 0.22883652 0.978532 0.18488598 0.0007103993 0.0005229793 0.16045864 0.299089 0.030773511 9.20835e-06 0.97116166 0.0035308173 2.1552894e-06 0.06503158 0.020158034 0.030376505 1.8504843e-05 0.00020400716 0.4506051 0.010984689 0.03973438 6.161055e-05 0.3704966 2.4274193e-05 1.3875264e-05 0.0019199165 0.0023302194 9.548314e-08 0.00019902892 0.010018584 0.0010943381 0.04323713 0.0026848926 0.080176525 0.00035542547 1.360693e-07 0.0024905466 6.9511652e-06 0.00012489893 1.07696245e-07 7.1116105e-08 0.0005395884 2.7219025e-08 2.5221545e-06 0.0010130911 0.020394672 3.225194e-07 5.0807168e-05 0.00013126773 0.0005711491 2.0315307e-08 9.840833e-07 1.2424997e-05 6.369214e-05 4.020343e-07 6.981477e-05 0.0030476702 3.0755313e-08 0.0055406946 3.2144912e-06 0.054061055 0.06563307 4.3747725e-08 3.626548e-06 9.561339e-09 5.696002e-05 6.093134e-05 5.912892e-09 7.478711e-05 1.3825031e-07 6.4230285e-06 6.2113605e-07 0.00016109616 0.012348722 2.9692504e-07 4.7353823e-09 3.7723962e-07 7.28684e-05 3.5166603e-10 1.09954094e-07 0.008229843 3.501897e-05 7.508057e-06 1.996893e-07 1.5844074e-08 4.8583704e-05 5.458787e-09 1.389535e-09 0.00086195185
0.057693787 0.81687087 0.00041235206 0.03653165 0.025259063 0.0049788347 0.92656446 2.2226e-05 0.0018978907 0.0037932883 0.044328805 3.3813125e-18 3.4770314e-05 0.0032610467 0.0014173104 0.00500603 3.2953702e-07 0.9976459 0.005985249 0.001475593 0.07878243 1.766103e-07 0.007322724 1.1176132e-06 7.239796e-08 0.0015504587 0.00047365914 0.0030101708 2.4110892e-07 0.8903478 0.0003312462 3.332889e-05 0.001031069 1.03793546e-07 0.00040338733 4.2574816e-06 7.1787854e-06 0.00025917674 3.755436e-05 8.3296445e-09 6.715807e-07 0.0038541837 1.1292964e-05 1.0902709e-05 5.413222e-06 1.9031404e-05 1.1921338e-06 5.889403e-05 7.441211e-07 7.3659595e-07 2.3568307e-06 1.8789834e-07 2.3247908e-07 5.3543616e-08 1.6827276e-08 1.4595578e-06 2.7457083e-06 7.1012146e-06 4.279263e-08 1.1548063e-07 7.523115e-08 2.5046653e-05 7.319193e-10 7.7964256e-07 6.6977828e-09 9.4802493e-07 4.2839666e-08 2.9386652e-07 2.7522021e-06 2.8711358e-07 1.8874589e-05 1.273551e-09 1.4696739e-05 3.1154625e-05 2.1920978e-07 7.102732e-06 2.222315e-08 2.2489044e-07 3.0698073e-05 1.8553232e-08 6.076656e-08 2.3130367e-09 9.8937035e-06 3.2726422e-07 2.1532935e-07 0.00017376953 1.5411901e-10 1.0855035e-09 1.6670757e-06 5.762361e-10 1.0291969e-10 5.422535e-07 7.755262e-05 3.221863e-08 3.5293103e-06 1.535301e-07 2.8593121e-11 1.666168e-08 4.695219e-08 1.0557947e-09 2.1085611e-06
0.65910316 0.0035595126 0.120799296 0.0010815583 0.006936002 0.48095357 0.00024712874 0.97656137 0.94899637 0.00011539691 0.02147922 3.4770314e-05 1.7187864e-11 1.2006873e-05 0.299868 9.9077675e-05 0.11203858 2.9223036e-06 2.0918342e-05 0.00013588005 0.00014093144 0.0024886127 0.0038768714 0.9698814 0.007564073 6.189075e-05 6.495065e-05 8.703114e-06 0.014859854 5.1538036e-06 0.8666412 7.710877e-06 5.883615e-05 0.0023898156 0.6713956 0.010452825 0.0013425411 6.6976654e-06 3.1609e-06 0.00021745608 0.015651867 0.00020031216 1.4090919e-05 0.31049538 2.33316e-05 0.00069423014 5.0629824e-06 2.1379986e-08 2.0533376e-05 0.00028393313 6.854312e-06 0.000484465 4.264803e-05 3.5874727e-05 7.899839e-05 0.00033014963 7.54348e-05 0.0001888268 0.00028132403 0.0057734186 7.556062e-06 0.0069861566 0.0001523007 0.00018103945 9.219308e-06 1.5039654e-05 8.600157e-05 8.486593e-06 0.012229164 1.7374294e-05 0.01007782 2.0377809e-06 0.012159238 0.0067402124 1.3019324e-05 1.4053904e-07 2.9982534e-06 2.5583213e-05 0.000663227 2.8883005e-05 8.244985e-05 5.9400845e-05 0.00016531721 0.00014107196 7.786121e-05 0.0018280242 1.2760951e-08 2.7835554e-06 3.8055245e-05 0.00013365305 2.972483e-07 4.0570812e-06 0.0053449725 4.457169e-05 0.0002713332 4.853584e-06 1.0206162e-06 9.387775e-06 1.3143615e-07 5.5404907e-09 5.12185e-05
0.9273605 0.021690076 1.1895315e-05 0.01619487 0.07862929 0.00020838149 0.90987015 1.0696226e-05 0.00031029628 0.86251575 0.22883652 0.0032610467 1.2006873e-05 1.039154e-14 0.005400051 0.93526953 2.3151788e-06 0.010837184 0.9727565 0.35739648 0.38803068 1.7621469e-06 0.15398194 2.4336653e-06 2.804383e-07 0.34266344 0.93025434 0.45406172 7.3811344e-07 0.0077551515 0.002961341 0.28786284 0.20893271 1.1607411e-05 0.010744068 8.3975533e-07 2.6917965e-07 0.032533005 0.008137392 6.152846e-09 4.1089743e-06 0.09513903 0.023860205 0.00056377327 0.004376735 0.019774422 0.0006132856 3.5194706e-05 0.0021290637 2.2566493e-07 0.0005061812 5.972083e-08 1.517477e-08 0.0006364891 3.320163e-08 5.7838054e-08 0.0028878117 0.011332678 2.427621e-07 3.6889818e-07 0.0016207788 5.2441437e-06 4.324399e-08 1.10170106e-07 0.000113803035 0.00017115512 4.794248e-08 0.00029495216 4.259096e-05 1.2539691e-07 0.00025012126 1.036612e-05 0.0044964496 0.032522324 1.15492746e-07 7.521642e-05 1.3923399e-08 0.000105937 1.5565025e-05 5.122973e-07 0.0001624684 6.085469e-07 9.826915e-07 5.8850065e-07 6.5005304e-05 0.007672569 3.9112578e-08 7.774849e-07 7.525961e-07 0.000107677006 2.4958819e-08 2.1207036e-06 0.0015763461 4.2814416e-05 1.4233461e-05 2.2701893e-06 1.01744845e-07 7.836542e-06 5.554214e-07 6.2024434e-08 0.0001049481
0.93271595 0.036311384 0.07073959 0.07452474 0.5685955 0.6056546 0.01672153 0.23907207 0.8912844 0.025568128 0.978532 0.0014173104 0.299868 0.005400051 1.0062183e-11 0.005981631 0.0032767975 7.6222636e-06 0.003530085 0.03470945 0.0008046747 0.00022278112 0.85623485 0.09062396 0.00013843906 0.011920316 0.0015271645 0.0005449067 0.00048161627 3.4046438e-06 0.92624456 0.0011642756 0.0054616006 0.00013466214 0.9052908 0.0006703519 6.649281e-05 0.00018516537 8.185841e-05 5.021311e-06 0.0020750742 0.00031711176 0.00026393842 0.32611504 0.00021938581 0.102447025 2.0692092e-05 3.2511046e-08 0.00028859204 2.4898613e-05 5.7544836e-05 1.9548336e-06 4.706196e-07 0.00018112287 1.3732633e-06 1.6983477e-05 0.00095175864 0.019784333 3.8229095e-06 0.0009328645 6.183612e-05 0.003256205 2.3830854e-07 7.0824335e-06 1.6180218e-05 9.773921e-05 6.003439e-06 9.264297e-05 0.019490112 1.9424837e-07 0.024468662 6.9779458e-06 0.23885171 0.18925813 2.457345e-07 4.1676594e-06 4.865652e-08 6.2591585e-05 0.0001269181 1.8574406e-08 0.00020187745 2.6111965e-07 1.3314042e-05 7.2121215e-06 0.00033552168 0.018009381 2.2720387e-06 6.0173813e-09 4.4356048e-06 0.0006373796 2.8446658e-09 6.461911e-07 0.02020555 0.00010517274 0.00012925455 7.6661314e-07 3.907827e-08 0.00060724164 2.8350096e-08 1.1489308e-08 0.001877726
0.7840476 0.0022806064 1.315583e-05 0.00801366 0.10463649 0.00021738432 0.431129 1.5231948e-05 0.0004280407 0.9896256 0.18488598 0.00500603 9.9077675e-05 0.93526953 0.005981631 6.9592423e-16 7.61928e-07 0.0020250685 0.46953893 0.7559257 0.133369 3.18634e-07 0.2252666 1.7166964e-05 2.7134675e-07 0.5680591 0.94242394 0.24241565 2.657879e-06 0.00080119865 0.0040775994 0.60718083 0.24938315 3.7644522e-06 0.009247804 1.2281975e-05 1.6643053e-06 0.014624819 0.010674268 3.033885e-08 8.361126e-06 0.040274058 0.027138323 0.0012761605 0.013359597 0.088245146 0.0022058466 2.9724097e-05 0.0061360905 5.0406015e-07 0.0006687827 1.6899847e-07 3.072166e-08 0.0018547468 2.057232e-07 2.8157618e-07 0.008582288 0.026874883 1.8767207e-06 1.0319199e-05 0.0029448434 5.505166e-05 1.5661944e-07 2.573373e-07 0.00032796862 0.0006984606 4.2940457e-08 0.0005147539 0.00017769741 1.1428205e-07 0.0008536543 4.9464932e-05 0.015220233 0.047005087 2.3441508e-07 0.00020635071 1.3828545e-08 0.0006644406 2.8992124e-05 1.4473214e-06 0.00065485446 9.350716e-07 1.1649723e-06 2.47805e-07 0.0006036001 0.0051100184 5.356137e-07 1.3584558e-06 1.6400558e-07 0.00076343474 1.0022262e-08 7.617398e-07 0.003024234 0.00017495696 5.8048317e-06 3.8846503e-07 3.3872347e-09 0.00018874345 4.4655377e-07 5.161265e-08 0.0003546643
0.041524187 0.0058215833 0.046785254 3.4118842e-05 1.2354893e-05 0.005039662 4.603668e-06 0.68665427 0.02492495 1.7690369e-06 0.0007103993 3.2953702e-07 0.11203858 2.3151788e-06 0.0032767975 7.61928e-07 2.370264e-18 1.0190974e-07 1.4020003e-06 9.79338e-06 3.0277517e-06 0.9975134 0.00032737086 0.76317436 0.9702181 7.779333e-06 8.445316e-07 5.079534e-07 0.3775426 1.442801e-06 0.025216727 1.6244832e-07 4.8529804e-05 0.008335249 0.013795018 0.1376199 0.012900052 1.8076909e-08 9.440939e-07 0.00026590275 0.0027423303 4.6590078e-05 1.9270125e-05 0.02038727 7.74829e-07 0.00085073995 1.7574494e-06 2.0120251e-07 1.0887147e-06 0.00053614826 9.727746e-08 0.0011828782 1.7721026e-05 2.7241762e-07 0.00039301065 9.853792e-05 6.863381e-05 0.00011883779 0.00028076387 0.0006701972 3.488973e-05 0.0012509527 0.00031344718 3.074272e-05 5.8029747e-07 1.12089065e-05 2.1340136e-05 2.704886e-08 0.00092223997 1.8795596e-06 0.00038456212 1.0697256e-07 0.0007369684 0.00018719054 6.1688513e-07 5.162587e-07 4.5017288e-07 5.193844e-06 0.0001014489 0.000111751 9.4213e-06 7.4152835e-05 1.9094852e-05 1.1635107e-05 3.916601e-05 9.020858e-05 1.2631698e-06 1.0413084e-07 1.8093658e-06 5.030552e-08 7.974396e-09 2.7544497e-06 0.001202037 1.4265995e-05 6.4477346e-05 7.7899824e-07 5.687813e-10 1.0954131e-05 4.4160896e-07 2.084576e-08 3.0201427e-05
0.00493378 0.06469975 5.7541267e-05 0.0033211897 0.0010639525 1.3350622e-05 0.45555934 1.8197695e-06 2.9256553e-06 0.002554962 0.0005229793 0.9976459 2.9223036e-06 0.010837184 7.6222636e-06 0.0020250685 1.0190974e-07 1.8924122e-14 0.043326084 0.00059342524 0.99038106 3.353054e-07 0.00027119298 1.9605288e-07 1.9291527e-07 0.00034455082 0.0013459076 0.102737606 2.0092851e-07 0.87363213 2.6655982e-06 0.0002333593 0.0002977183 1.0068299e-05 2.003172e-05 4.0245664e-07 1.2965814e-06 0.01705717 0.0039987923 2.7199098e-08 4.370874e-06 0.17914581 2.2587014e-05 7.129852e-06 0.00020502195 2.3962444e-05 4.9356604e-05 0.0024347648 6.27981e-05 2.8735014e-06 0.00025486576 1.0184048e-05 5.1499586e-07 8.765988e-06 5.9988173e-07 3.5207532e-07 2.3179744e-05 2.2712165e-05 3.1143322e-06 1.628962e-07 1.7516398e-06 8.353371e-06 3.6445508e-07 4.279739e-07 5.8345773e-07 6.0095766e-07 1.12935226e-07 2.0554438e-05 2.1416172e-06 5.449501e-06 2.7585416e-05 7.272136e-07 2.0172243e-05 1.06627995e-05 6.5617184e-07 5.884513e-05 7.882184e-07 3.2824305e-06 1.6183814e-05 1.1853307e-06 2.2079291e-06 4.303797e-07 1.0815393e-06 1.0775667e-07 1.7611899e-07 0.0004901285 2.423554e-07 4.55203e-08 3.002391e-06 7.719728e-08 7.149389e-09 7.84608e-07 0.0020472186 2.6549756e-06 9.825922e-07 7.211299e-07 4.7999893e-10 1.8002596e-07 7.543631e-07 2.3469905e-08 4.157342e-06
0.9018214 0.009394108 1.497215e-05 0.0049465504 0.012466974 0.00033051916 0.90830195 1.0968358e-05 0.00055124867 0.2999957 0.16045864 0.005985249 2.0918342e-05 0.9727565 0.003530085 0.46953893 1.4020003e-06 0.043326084 1.3021023e-13 0.23682189 0.7962953 1.9120444e-06 0.12523173 2.7644603e-06 4.014257e-08 0.27219367 0.8528543 0.9798462 7.3371797e-07 0.02167952 0.002116999 0.2348316 0.28832552 4.048783e-06 0.0067383233 1.2912027e-06 6.1249676e-07 0.38147843 0.08382337 5.828543e-09 5.471727e-06 0.479877 0.084557116 0.000299627 0.016417539 0.023060683 0.0030710634 0.00010619665 0.015563839 1.1491462e-07 0.0023565893 3.035297e-08 1.7220147e-08 0.0018318101 3.8518678e-08 6.025504e-08 0.0037168749 0.019450491 1.0321911e-06 2.2581285e-07 0.012632524 2.349835e-06 4.1792095e-08 8.1917236e-08 0.00012037881 0.0004962251 5.986772e-08 0.0008196202 8.469791e-06 1.6331219e-08 3.4578723e-05 1.6683536e-05 0.003385057 0.023498576 5.5516534e-08 0.00016572162 4.244996e-09 0.0006023293 4.0461814e-06 2.2908883e-07 0.00030585928 4.903863e-07 6.9355747e-07 4.0547508e-07 0.0002201978 0.0052737417 1.5226401e-07 2.2487993e-07 1.3033927e-06 0.00024391117 5.785446e-09 3.6494744e-06 0.0011226614 3.4982088e-05 1.6816808e-05 1.779214e-06 3.928234e-09 2.2059054e-05 2.5697946e-07 4.8504347e-09 0.000241521
0.8915485 0.0020527334 3.581658e-05 0.032916345 0.5962715 0.0010100917 0.21590437 8.340177e-05 0.0020443858 0.9421479 0.299089 0.001475593 0.00013588005 0.35739648 0.03470945 0.7559257 9.79338e-06 0.00059342524 0.23682189 7.105173e-15 0.036200937 1.6192715e-06 0.81372815 3.0185447e-05 1.497162e-07 0.98710525 0.1421654 0.05761208 1.2433443e-06 0.00041997564 0.025054516 0.19237651 0.3997871 6.8325403e-06 0.038465485 4.6215982e-06 8.6713453e-07 0.008344908 0.008166044 2.8084013e-08 2.0696316e-05 0.003863382 0.012941991 0.0074931076 0.008635917 0.3525081 0.0008839465 1.1338261e-06 0.00430118 7.0200866e-07 0.0008043893 1.5876777e-08 1.0696393e-08 0.0013821395 4.0105604e-08 1.9811054e-07 0.011905797 0.047799435 8.79754e-07 3.6191786e-06 0.0002760288 9.431383e-05 3.4676876e-08 5.778615e-07 0.00012221468 0.000108765955 1.0649639e-07 0.0001699502 0.0009581528 1.0580732e-08 0.0028245242 3.429013e-05 0.11770727 0.26038328 2.8270504e-08 4.5695127e-05 6.186466e-09 0.0002861742 2.1293175e-05 8.600735e-08 0.00023750846 1.7177673e-07 1.9557026e-06 7.6986716e-08 0.0004981115 0.030072577 6.229924e-07 3.2641218e-08 2.759215e-07 0.0003979284 2.6843263e-09 8.4895595e-07 0.009630912 6.5173896e-05 1.2813469e-05 1.7142096e-07 1.9245707e-08 0.00017981965 2.8091395e-07 3.744312e-08 0.0007097844
0.18099332 0.0723165 6.930729e-05 0.0073137837 0.01795127 0.00045419572 0.95706016 4.609847e-05 0.00028211498 0.09886623 0.030773511 0.07878243 0.00014093144 0.38803068 0.0008046747 0.133369 3.0277517e-06 0.99038106 0.7962953 0.036200937 7.6525696e-12 2.9596611e-05 0.026467977 2.8830005e-05 5.6425542e-06 0.031905357 0.10929999 0.95312035 9.934331e-06 0.75173736 0.00028537784 0.022153473 0.03648358 1.0075475e-05 0.0008920798 1.6479986e-05 6.522341e-06 0.23779885 0.051853556 8.940961e-08 2.1211901e-05 0.72996736 0.0056630597 0.00016315997 0.0044867047 0.005626217 0.0019377011 0.0037444374 0.001268248 7.199563e-05 0.0025059914 9.813654e-07 4.0826903e-06 0.00031850746 3.6261677e-06 2.9399675e-06 0.0009452877 0.0012082818 2.4065098e-06 3.955159e-06 0.0012504435 9.49892e-05 1.54445e-07 5.627577e-06 7.8514924e-05 0.0001709222 1.5575233e-06 0.00038374678 2.8507686e-05 2.422683e-05 0.00016750745 3.6133726e-05 0.0007065157 0.0009237716 5.702619e-06 0.00039744732 6.13566e-07 0.00015218018 5.967276e-05 1.1282849e-06 0.00010372552 7.0650253e-07 8.686497e-06 4.2471647e-06 2.3164564e-05 0.0010742316 2.0357763e-06 3.6266707e-07 4.4636154e-06 3.3210754e-06 1.4836577e-07 5.1917965e-07 0.0013364706 7.321802e-05 8.479806e-06 1.216427e-06 2.4260595e-08 1.1638258e-05 1.5096408e-06 2.2157917e-07 4.849584e-05
0.01789041 0.00048261674 0.0057149786 3.932806e-06 2.0028158e-06 0.00010554843 1.1901556e-05 0.025127111 0.0011999668 1.2509789e-06 9.20835e-06 1.766103e-07 0.0024886127 1.7621469e-06 0.00022278112 3.18634e-07 0.9975134 3.353054e-07 1.9120444e-06 1.6192715e-06 2.9596611e-05 7.4299394e-19 2.3097173e-05 0.08112373 0.88440955 2.1323372e-07 4.508917e-07 5.163404e-07 0.22219048 8.1553725e-07 0.0007464638 2.7596556e-08 2.5852673e-06 0.9817564 0.00037783536 0.03710955 0.011255875 1.3164068e-08 7.352134e-07 0.004162228 0.0011692812 6.759662e-05 1.8668618e-06 0.00040207343 1.6098844e-05 8.6507e-06 7.5589116e-07 2.0271638e-07 5.5509495e-06 0.011817212 2.9460872e-07 0.038914073 0.00021492696 1.253329e-06 0.0027733133 0.00032815605 2.4216747e-06 5.51682e-06 0.0021058926 0.0004278189 3.091569e-05 0.0004194793 0.003449289 0.00018507533 6.077607e-06 6.3247153e-06 0.00011762557 1.444737e-08 0.00037771178 0.00046294482 0.00017752107 4.253711e-08 8.60352e-05 4.5382654e-05 3.4749766e-05 4.0297746e-05 0.000102072525 2.237962e-06 0.00027678983 0.002473643 4.5671886e-06 0.0013509162 3.4284574e-05 5.7259847e-05 2.924647e-05 0.00038530256 1.6369704e-08 7.7956304e-07 4.6822184e-05 1.4761537e-07 3.7670216e-07 4.8597885e-05 0.0009488065 1.7578802e-06 0.0004591731 4.885374e-05 1.0602173e-07 1.6105178e-06 1.3544843e-06 7.054434e-07 2.3528173e-06
0.9871574 0.01741909 0.0018935273 0.039375827 0.6121902 0.032898583 0.13241054 0.0027108842 0.06670167 0.4798989 0.97116166 0.007322724 0.0038768714 0.15398194 0.85623485 0.2252666 0.00032737086 0.00027119298 0.12523173 0.81372815 0.026467977 2.3097173e-05 8.741458e-12 0.0008599046 5.152983e-06 0.4877946 0.037761137 0.02885129 3.550168e-05 9.195077e-05 0.46050096 0.039671704 0.27033994 3.6736084e-05 0.58964145 6.039021e-05 1.2866134e-05 0.0048557515 0.0038751415 7.8786144e-07 0.000210666 0.006570191 0.012300825 0.133197 0.0067254854 0.8493488 0.0008003856 3.9416463e-07 0.009447825 1.5601554e-05 0.00023587374 1.2385104e-07 1.9431432e-07 0.0013235717 1.2023406e-07 6.1864052e-06 0.016769437 0.3674788 5.4666543e-07 0.00016296403 0.000962218 0.00078375655 2.512604e-08 5.5653304e-06 0.00010235072 0.0005291195 4.123495e-06 0.00023064343 0.016540797 6.498679e-08 0.021145253 3.5016597e-05 0.5019088 0.71265316 1.2480753e-07 2.5507694e-05 2.4799803e-08 0.0005597497 0.00013540557 7.822738e-09 0.0011619551 2.0014124e-08 2.3047005e-05 5.7562365e-06 0.0032899568 0.18675952 3.477242e-06 1.3845331e-08 1.6641163e-06 0.0016850659 3.0521776e-09 3.3109427e-06 0.053689383 0.00059098174 0.00018550933 1.4794325e-06 1.2724688e-08 0.001970677 6.336331e-08 3.3230204e-08 0.027335975
0.883905 0.0009841536 0.0605756 8.9048335e-05 0.00049658085 0.045543246 3.029599e-05 0.93099403 0.3710595 1.7098684e-05 0.0035308173 1.1176132e-06 0.9698814 2.4336653e-06 0.09062396 1.7166964e-05 0.76317436 1.9605288e-07 2.7644603e-06 3.0185447e-05 2.8830005e-05 0.08112373 0.0008599046 1.7148798e-11 0.33549643 2.6678857e-05 8.159329e-06 1.086949e-06 0.71943635 4.4175928e-07 0.93449414 1.01595e-06 3.1427644e-05 0.06097666 0.84881496 0.55815905 0.09457518 1.2189416e-07 2.73768e-07 0.0145292105 0.7212946 0.0001165218 1.3198979e-06 0.82264376 2.0274895e-06 0.00011706456 5.417717e-07 1.33054545e-08 1.8510765e-06 0.0016433932 2.0070397e-06 0.0025966647 0.00023411182 2.280641e-05 0.00028837414 0.0043830797 5.9406593e-06 0.00010995646 0.00066380564 0.20298056 1.8327815e-06 0.13762385 0.00018069723 0.0013568109 3.0128513e-06 6.196978e-07 0.00064441044 1.6783099e-05 0.21594623 0.000119499324 0.10130677 6.7996774e-07 0.052946843 0.022052951 5.825182e-05 1.2092794e-07 1.3243822e-05 6.491816e-06 0.011452702 5.7141908e-05 5.869912e-05 4.526409e-05 0.0029486946 0.0015420152 0.00012184832 0.004688535 6.1316996e-09 2.198627e-06 0.00023162147 0.00018678787 2.4614215e-07 9.355385e-06 0.021677317 0.00018740077 0.0025538548 5.6008368e-05 3.466615e-07 2.4647663e-05 1.270052e-07 1.6870723e-08 0.0003757236
0.32016537 3.9534185e-05 0.00034332654 3.2478712e-07 1.6223807e-07 1.9979238e-05 4.6786337e-07 0.02477883 0.0005891456 5.317286e-08 2.1552894e-06 7.239796e-08 0.007564073 2.804383e-07 0.00013843906 2.7134675e-07 0.9702181 1.9291527e-07 4.014257e-08 1.497162e-07 5.6425542e-06 0.88440955 5.152983e-06 0.33549643 1.4581593e-14 1.8287511e-07 2.2346381e-07 2.946128e-08 0.978892 1.4497581e-06 0.0058790664 2.1502881e-08 1.527972e-06 0.9151906 0.005731691 0.29170066 0.2635535 9.762448e-08 1.9406247e-07 0.26801288 0.066531174 0.00019896403 5.845438e-07 0.010412341 8.421943e-07 3.7716245e-06 4.8598116e-07 5.898941e-07 7.7354656e-07 0.06255283 1.3174117e-06 0.02558894 0.0020086386 1.2640845e-06 0.0013409385 0.021124864 1.5874567e-06 4.929166e-06 0.0051301117 0.028711462 4.9977634e-06 0.03819527 0.0030076108 0.003820825 7.6387124e-07 5.5801024e-07 0.002281856 1.198857e-06 0.021450575 0.00022851118 0.0047249403 2.1240504e-07 0.0008336886 0.00029406883 1.11841655e-05 4.494338e-05 2.3504143e-05 6.927834e-07 0.004889884 0.0014963793 1.4850982e-06 0.00060870533 0.0013983863 0.00062834256 7.958189e-06 0.00028458508 1.3240064e-08 1.3330782e-06 0.0004239636 1.8996406e-07 2.4507872e-07 3.9235398e-05 0.00055202516 4.807512e-06 0.0018320939 9.5388445e-05 2.7687864e-07 8.729148e-06 7.288852e-06 3.275907e-06 4.4945053e-05
0.8980848 0.00035026853 2.6712922e-05 0.0026047563 0.14078489 0.00030298228 0.12743764 4.3802607e-05 0.00045372598 0.5546777 0.06503158 0.0015504587 6.189075e-05 0.34266344 0.011920316 0.5680591 7.779333e-06 0.00034455082 0.27219367 0.98710525 0.031905357 2.1323372e-07 0.4877946 2.6678857e-05 1.8287511e-07 3.227376e-14 0.2359033 0.08023322 4.852059e-07 0.0002753901 0.009597783 0.6399905 0.97076726 1.4205296e-05 0.023130257 3.896927e-06 3.0556615e-07 0.022124045 0.011229387 1.1274501e-08 5.819348e-06 0.009945854 0.051742386 0.0041538156 0.018339368 0.7137307 0.003330421 1.2414687e-06 0.026611961 5.668971e-07 0.0013344901 1.6541545e-08 5.592429e-09 0.01663317 5.971388e-08 1.1547083e-07 0.04438876 0.20887184 2.6326606e-07 4.0437435e-06 0.0031521702 6.365619e-05 6.451034e-08 1.5328257e-07 0.00052511226 0.0013280394 6.399001e-08 0.00092014205 0.00038819216 1.2068099e-08 0.00157095 0.000115444236 0.10335532 0.25738347 4.980373e-08 5.2939635e-05 7.989742e-09 0.00065742905 4.0752293e-06 4.0299145e-08 0.0009299888 2.6918917e-07 3.2816027e-07 3.7447045e-08 0.0019258618 0.04364176 8.135592e-06 2.5742107e-08 1.8721774e-07 0.0023332327 1.7950599e-09 1.5783255e-06 0.0106548155 0.0007103572 5.3874046e-06 5.974703e-08 2.5908749e-08 0.0011033945 1.1497925e-06 7.542968e-09 0.0043190396
0.9007663 0.00018211515 1.4445808e-05 0.001927203 0.011116526 0.00015457152 0.10768562 1.0441764e-05 0.00036078203 0.2201769 0.020158034 0.00047365914 6.495065e-05 0.93025434 0.0015271645 0.94242394 8.445316e-07 0.0013459076 0.8528543 0.1421654 0.10929999 4.508917e-07 0.037761137 8.159329e-06 2.2346381e-07 0.2359033 4.9735227e-14 0.5601889 1.2086816e-06 0.0012817123 0.0010306993 0.9841339 0.34730285 9.439702e-06 0.002451497 2.8080988e-06 1.6806555e-06 0.30245543 0.16051853 3.6387878e-08 2.2384049e-05 0.093046114 0.16271035 0.00035500387 0.18753086 0.03945933 0.030446097 2.282902e-05 0.17100342 1.0429746e-06 0.012303588 1.2105625e-07 5.353953e-08 0.0806848 4.1598607e-08 1.9278507e-07 0.017604228 0.029287826 2.8662333e-07 3.5638498e-06 0.019043023 2.2408718e-05 1.238076e-07 3.1420782e-07 0.0036323133 0.0056068064 4.876758e-07 0.020621631 1.8563385e-05 3.6116222e-07 0.00021546567 0.00026484486 0.0048273643 0.024037614 9.838824e-07 0.00017624798 1.7776985e-07 0.0037107125 2.4920503e-06 3.8915917e-07 0.0023472833 5.474073e-07 6.137047e-07 1.2418765e-07 0.0016638952 0.008766018 8.006735e-06 6.979013e-07 1.6649706e-06 0.0020182673 9.487476e-09 2.7739545e-06 0.0029407907 0.00038339835 7.678097e-06 3.1724544e-06 2.7341406e-08 0.00042606686 5.49879e-07 6.119435e-08 0.0027159182
0.82726914 0.0036797011 5.461842e-06 0.00066227035 0.003189636 9.664484e-05 0.63022625 3.585949e-06 9.436214e-05 0.07835309 0.030376505 0.0030101708 8.703114e-06 0.45406172 0.0005449067 0.24241565 5.079534e-07 0.102737606 0.9798462 0.05761208 0.95312035 5.163404e-07 0.02885129 1.086949e-06 2.946128e-08 0.08023322 0.5601889 7.455103e-13 3.9824232e-07 0.19309644 0.00021261106 0.15104693 0.118638866 1.4132113e-05 0.0014325401 8.2503414e-07 3.018372e-07 0.962005 0.51113784 1.8712651e-09 3.90389e-06 0.9327775 0.06670162 9.8663084e-05 0.07169464 0.014181067 0.03420091 0.0045502074 0.031238426 4.3807037e-07 0.07004727 1.9653322e-07 4.277435e-08 0.0032862222 1.6769579e-07 1.2874774e-07 0.0042843907 0.010747578 2.0238617e-06 2.3037313e-07 0.012928626 9.349339e-06 3.5489265e-08 1.2282115e-07 0.00025362748 0.000607001 4.854778e-08 0.0017143791 1.4505196e-05 1.2302817e-07 0.00013077866 1.2648122e-05 0.00083993486 0.007002605 6.582172e-08 0.002205549 4.1088878e-08 0.0005416471 7.495859e-06 2.5117788e-07 0.00025567986 2.0538641e-07 4.5957586e-06 3.3775893e-07 0.00017346868 0.0038198796 3.935524e-07 6.8673394e-08 2.7223284e-06 2.8168792e-05 4.6922803e-09 7.4935105e-07 0.002363607 7.839999e-05 1.1343229e-05 1.4949342e-06 4.7726503e-09 1.4952073e-05 4.7500964e-07 5.269889e-09 0.00032822022
0.8274165 8.2637125e-05 0.0002869947 3.0161993e-07 1.7506861e-06 1.4157162e-05 5.66952e-06 0.025168883 0.0009644358 1.3536294e-06 1.8504843e-05 2.4110892e-07 0.014859854 7.3811344e-07 0.00048161627 2.657879e-06 0.3775426 2.0092851e-07 7.3371797e-07 1.2433443e-06 9.934331e-06 0.22219048 3.550168e-05 0.71943635 0.978892 4.852059e-07 1.2086816e-06 3.9824232e-07 1.4230593e-13 7.8960205e-05 0.04902611 9.419342e-08 9.885295e-07 0.8256918 0.0346404 0.9531026 0.88028175 7.995048e-07 4.2343828e-07 0.76649 0.3899408 0.0102711255 4.6570486e-07 0.05131607 2.6176446e-07 3.3254346e-05 1.979319e-07 4.4361985e-07 3.5080336e-07 0.1825573 1.1395572e-06 0.043992024 0.008317806 5.723923e-06 0.009638266 0.09994002 1.9959743e-06 3.7588127e-06 0.0614616 0.42995352 5.0981555e-07 0.27116457 0.010314449 0.016009921 4.1605313e-06 1.0478094e-07 0.011516494 1.3023607e-05 0.35230586 0.0011261785 0.048818324 2.5542101e-06 0.013698223 0.0030110662 0.00010904107 0.00022752004 0.00014006333 6.959636e-06 0.021723157 0.0007779393 1.4187565e-06 0.0007764291 0.0062591853 0.0025312041 6.606013e-06 0.0029177465 1.8694236e-06 2.787051e-06 0.0007740056 6.716598e-06 1.0862439e-05 9.474312e-05 0.010642311 2.707406e-05 0.0063364855 0.00040251328 2.2096142e-06 4.309753e-05 7.960382e-06 7.806988e-06 0.00018133908
0.012829764 0.031530872 5.1053277e-05 0.0019222376 0.0006155647 2.494489e-05 0.25077394 3.83586e-06 9.5661235e-06 0.0014594842 0.00020400716 0.8903478 5.1538036e-06 0.0077551515 3.4046438e-06 0.00080119865 1.442801e-06 0.87363213 0.02167952 0.00041997564 0.75173736 8.1553725e-07 9.195077e-05 4.4175928e-07 1.4497581e-06 0.0002753901 0.0012817123 0.19309644 7.8960205e-05 1.1230444e-11 4.6735395e-06 0.00019811217 0.00011940021 0.00021952725 2.6298565e-06 3.2100415e-05 9.351363e-06 0.02101451 0.002301245 2.2134492e-07 3.0297319e-05 0.52861845 2.339229e-05 1.653619e-05 0.0005627635 1.8955057e-05 0.00038767012 0.9955777 0.00026557152 0.000586626 0.00042724967 0.0003903874 7.757696e-05 7.482032e-06 1.7642698e-05 8.956698e-06 5.3704785e-05 1.1684283e-06 1.3876799e-05 6.654298e-07 3.029525e-06 6.1959995e-06 5.1471775e-06 1.4624615e-06 7.924834e-06 2.468275e-06 5.326087e-06 1.438311e-05 1.17579975e-05 5.7614303e-05 6.1109415e-05 5.55641e-06 1.7642566e-05 1.0665302e-05 3.1635416e-06 0.003873344 4.4548742e-05 5.025393e-06 0.00013699307 1.4438839e-05 7.7443536e-07 1.0666405e-06 2.5599322e-05 3.0118601e-06 1.560901e-07 0.0018059491 3.3724945e-07 9.171037e-07 2.3059536e-05 8.050952e-08 5.463376e-07 3.5876967e-06 0.026945896 4.138195e-07 1.01580135e-05 5.5829764e-07 5.1125305e-08 1.132332e-07 1.4369241e-06 3.9876758e-07 9.815119e-06
