5.9700004e-15 0.26295248 0.0027386558 0.0008613261 0.43806225 3.307183e-05 0.6359121 0.025470886 0.09459676 0.5310709 0.43869746 0.82193846 0.95827216 0.92628545 0.016279217 0.7711491 0.025905468 0.01864496 0.016705789 0.6831767 0.0016982455 0.09509632 0.93287593 0.643985 0.4082607 0.008937364 0.9668848 0.96516895 0.95394975 0.78760535 0.98349184 0.77836525 0.9518742 0.06332336 0.015107405 0.56673825 0.967 0.96509594 0.95053905 0.86495316 0.9762484 0.9777302 0.9842823 0.90874946 0.7920555 0.97243863 0.90395707 0.64090586 0.8741611 0.99201953 0.9590119 0.78750485 0.45501342 0.96204776 0.85929936 0.9687548 0.9512313 0.57279724 0.6245978 0.0082528405 0.8662937 0.812626 0.93186045 0.891494 0.3483145 0.9365874 0.5564023 0.835369 0.9635947 0.9959908 0.7676842 0.9644401 0.8446773 0.054014448 0.8281554 0.49335206 0.9611434 0.67971754 0.00011977201 0.89506483 0.9137849 0.96274203 0.8379972 0.5398394 0.0002662555 0.9985271 0.8580629 0.9998774 0.8756211 0.7207554 0.27868396 0.7437138 0.99975145 3.9967792e-05 0.992761 0.98937047 0.08753132 0.99870217 0.70550215 0.6948718 0.6646769
0.26295248 1.0509556e-11 0.96147674 0.9818322 0.5792958 0.20640181 0.99454486 0.2603146 0.10850116 0.58547026 0.057929244 0.25385073 0.29065907 0.039384194 0.07354768 0.0038584438 0.00094471313 0.00016645355 0.00039596276 0.00022140524 3.6885885e-05 1.7245038e-05 0.022055443 0.0003111444 1.4133453e-06 1.172189e-05 0.020117 0.002014336 4.6656456e-05 1.9775021e-05 0.09120329 6.765666e-07 3.1518078e-07 1.8630715e-08 1.2499761e-06 9.645524e-09 0.046645362 0.0016095137 9.810028e-06 8.701017e-07 3.5398982e-06 0.047079533 0.04015367 7.730547e-07 0.00019854662 0.0043168715 0.00037200755 6.1603504e-07 4.3703927e-05 0.004989335 1.1339661e-05 1.780938e-05 7.7605813e-07 7.376891e-07 6.7457734e-08 1.01335424e-07 3.5338505e-06 7.094927e-06 3.7089926e-08 1.4082314e-06 5.58994e-07 1.4336526e-08 7.758311e-05 2.557103e-06 1.0835482e-06 0.00036161044 5.1473955e-07 3.051068e-06 1.7893103e-07 0.00024242511 1.0340113e-05 3.428823e-05 1.4135502e-06 8.215833e-07 2.1511485e-07 3.6640353e-07 2.9507044e-07 1.4937036e-07 3.6675314e-07 5.4596313e-07 1.3775613e-07 7.6627575e-06 2.6858593e-06 6.282877e-07 5.6625515e-07 1.24720455e-05 5.5197675e-06 6.8384525e-06 2.3534649e-05 2.4468662e-07 5.1241034e-10 1.9274616e-08 0.0012672669 1.9645714e-07 7.0472396e-07 7.420723e-07 8.46757e-06 0.00022154253 2.5317552e-08 6.0538923e-07 1.4730423e-06
0.0027386558 0.96147674 2.5453325e-15 0.96558267 0.020398095 0.99994355 0.046333175 0.0028109283 0.00010967098 0.53784204 0.0016217025 0.026706977 0.057665266 0.0018382169 0.535071 0.009376024 0.00083023164 4.0539435e-05 0.00010446958 0.00017120117 0.00013565502 3.4581508e-06 0.0069663106 1.6592603e-05 5.0766437e-07 1.3004693e-05 0.001376994 0.0004725393 8.2552685e-07 0.0006497853 0.0002588287 1.3818097e-09 1.1233182e-06 1.02187305e-05 2.752432e-07 2.1066828e-07 8.37092e-05 0.00012989144 1.1497635e-05 1.4973569e-08 1.5904398e-05 0.00019834923 0.00030282658 5.1006676e-08 7.494433e-05 4.4981243e-05 8.389085e-05 9.344124e-06 1.5159135e-06 8.391262e-05 2.3270556e-07 1.45894266e-08 1.2192696e-07 1.1045421e-06 5.956657e-08 1.7411937e-08 1.2180726e-07 8.842798e-06 1.472519e-07 6.420799e-08 3.5334185e-08 6.574807e-08 1.6387143e-05 1.2491215e-06 3.4987454e-07 3.549284e-05 3.8348535e-08 4.85298e-09 9.50146e-08 3.7549005e-06 3.5677264e-08 4.634479e-05 4.108943e-08 1.15091146e-08 2.0312636e-06 1.9205187e-08 5.6112693e-08 9.716819e-09 2.6786623e-07 1.2079792e-09 5.598142e-08 4.3805238e-07 6.568374e-09 1.6114502e-08 2.5222616e-07 7.4783406e-05 8.024798e-06 4.6277155e-06 4.461407e-06 5.4329472e-08 2.8198878e-08 1.1578625e-08 0.00026591364 6.730622e-08 5.68205e-08 2.089029e-07 1.8603045e-07 3.0909184e-06 4.4446065e-08 5.8013725e-08 1.042994e-07
0.0008613261 0.9818322 0.96558267 1.0866777e-17 0.026682507 0.99995464 0.0053442284 0.58254075 0.0005932479 0.026102547 0.052270155 0.03824771 0.0002024547 0.0045435755 0.0016204311 0.00017982136 0.00018848729 0.0011013519 5.736733e-06 5.348957e-06 1.5393989e-05 0.0014701037 9.687969e-05 0.0021220006 0.00014037061 9.0860016e-07 5.8863145e-05 1.891349e-05 0.00013464646 3.5849678e-06 0.00019441861 5.6259165e-07 2.7259288e-08 2.4562954e-07 8.418775e-06 3.3652707e-08 0.00011281194 1.7878623e-05 0.00014429017 8.983706e-06 5.586001e-07 7.3034884e-05 9.109428e-05 6.787707e-06 0.00020240547 1.5682257e-05 0.00023884677 4.6107613e-07 1.95432e-05 8.634208e-06 1.5417635e-06 3.929692e-07 2.5389172e-08 1.1980896e-07 8.976014e-06 3.7749982e-07 3.2771038e-06 3.5245893e-07 1.899013e-08 8.9080736e-08 5.0482768e-06 3.5446915e-06 6.475928e-05 2.7258942e-05 1.9263592e-08 5.7318248e-05 6.429316e-08 2.3855003e-07 1.7596061e-06 5.4407228e-05 1.1264502e-07 2.3328253e-06 6.615295e-09 1.6387362e-07 2.5401778e-07 5.3301785e-09 1.2574e-07 1.0385845e-08 1.1014447e-07 1.020312e-09 2.1873385e-07 1.7586139e-05 2.2408204e-07 6.1093326e-09 8.8379586e-08 2.0741e-06 1.9643242e-07 2.8942852e-08 2.1410524e-07 3.6647972e-07 2.4967948e-09 2.0256437e-10 0.00015347719 4.1198414e-09 6.100152e-07 7.37124e-10 1.5903441e-07 1.546409e-05 1.0564078e-06 6.5116734e-07 1.3017503e-08
0.43806225 0.5792958 0.020398095 0.026682507 2.6213722e-14 0.0015339224 0.5164814 0.9789317 0.95539004 0.029376103 0.98317397 0.9706393 0.032399908 0.46706823 0.0022538279 8.423703e-05 4.2049902e-05 0.08687997 3.3179902e-05 8.287617e-07 5.45009e-07 0.007994637 0.0014716418 0.03840623 0.00041327727 1.048695e-07 0.0010325796 3.719529e-05 0.0026721766 2.9249206e-05 0.21616544 1.1025461e-05 1.2121885e-06 1.4535384e-07 2.1021713e-05 3.2826275e-08 0.1265304 0.00024124682 0.00031030548 2.0450057e-06 1.8896136e-06 0.097280264 0.043822806 9.884027e-06 0.002834964 0.00039468845 0.008154943 4.5189925e-08 0.00031354435 0.0006947968 5.0445014e-05 0.00011209437 9.485272e-08 2.2943113e-06 8.2494915e-07 3.1617455e-07 0.00017660753 1.3270195e-05 3.0973954e-08 8.098651e-06 6.6037264e-06 5.7237895e-07 0.0005933647 1.979557e-05 2.396066e-07 0.0013648585 9.974506e-06 8.179869e-07 1.0924153e-06 0.00092358567 4.5255356e-06 9.668098e-05 1.3897823e-06 5.1675323e-07 1.6372951e-06 7.3794945e-07 1.3840928e-07 6.179064e-08 7.7621286e-07 2.7903263e-07 1.6828993e-06 1.3633494e-05 1.05405135e-07 5.2970637e-07 3.0289343e-07 7.172028e-05 1.3419752e-06 1.2902057e-06 3.589798e-06 1.6670217e-06 7.4146747e-09 2.985643e-07 0.0013659927 2.3274907e-07 6.821569e-06 1.5376865e-07 4.1232022e-07 0.0009242729 6.375546e-07 1.3961508e-06 1.9341496e-08
3.307183e-05 0.20640181 0.99994355 0.99995464 0.0015339224 1.23357025e-20 0.00299067 0.000291203 6.49033e-06 0.29538092 0.00055029173 0.00014251792 0.003406008 4.045157e-05 0.8996569 0.0042486256 0.00013596444 2.3677862e-06 3.2674438e-05 0.0003730851 6.7398556e-05 8.8848236e-07 0.0005044961 1.0983279e-06 2.3401737e-08 7.954349e-06 0.0003148526 8.758797e-05 2.2472415e-08 0.00036609292 1.6700524e-05 3.3979826e-09 2.2403942e-06 9.456943e-07 1.5902234e-08 3.9244316e-08 8.097207e-06 2.2387443e-05 6.5651676e-07 5.8480996e-08 3.434896e-06 1.2251887e-05 1.8487399e-05 1.2275738e-08 1.6595093e-06 1.0911102e-05 9.686782e-06 3.9233893e-07 5.1430064e-08 1.9034636e-05 4.996757e-08 4.492109e-09 6.470883e-09 9.197691e-07 1.4151951e-07 5.522586e-09 1.0124167e-08 6.480286e-06 1.4982426e-08 2.6901745e-09 1.8777124e-08 4.8666524e-09 4.475847e-07 7.887e-08 1.8092302e-07 1.0865542e-06 4.9135416e-08 6.7437504e-09 5.0557993e-09 6.4879885e-07 4.4231916e-09 7.300706e-06 1.7237357e-07 4.9132982e-08 3.1843408e-07 5.015597e-08 6.4909456e-09 1.5241167e-08 7.1697016e-11 2.197438e-08 2.9487984e-08 2.0559561e-08 4.556553e-09 4.7640347e-10 3.7623915e-10 1.3373637e-05 1.1799937e-06 1.5842701e-06 1.8063658e-06 1.4904151e-09 1.1716357e-09 3.2615e-09 5.5290557e-06 1.2223123e-08 1.0574999e-09 1.12347465e-08 9.754733e-10 2.1368054e-07 2.5460215e-08 3.227046e-09 1.2074678e-09
0.6359121 0.99454486 0.046333175 0.0053442284 0.5164814 0.00299067 8.490651e-15 0.110463254 0.05002575 0.7257527 0.023914553 0.37020937 0.99456644 0.08218507 0.026920928 0.018689863 0.0016798561 2.0614096e-05 0.00014922366 0.0006129307 9.89974e-05 1.7468165e-05 0.15348 0.0009482647 2.5474998e-05 5.4214674e-06 0.10779409 0.009917454 0.0001825753 7.833221e-05 0.5661148 1.808398e-06 1.6596241e-05 3.8794433e-06 3.892375e-07 1.6407019e-07 0.36136076 0.050045803 0.00035108236 1.7785158e-07 1.8489513e-05 0.45710328 0.49927592 3.474655e-05 0.0032784808 0.07680447 0.006298848 1.3561977e-05 0.001110942 0.10691789 3.0246852e-05 0.00011833069 5.7039324e-07 1.7500828e-05 1.6285192e-07 3.0165214e-07 0.00012678973 0.00019954187 1.5179749e-08 2.1080623e-08 1.2429779e-06 3.345712e-08 0.0020491593 4.5205124e-05 1.1812682e-06 0.004065386 2.0529292e-06 8.617462e-09 3.0710678e-06 0.0029821787 4.669928e-07 0.00029474095 6.237524e-06 1.7423e-08 3.198848e-05 7.604768e-07 3.5248413e-09 7.4594855e-09 1.7361597e-08 2.4357396e-07 3.8609226e-08 1.1154948e-05 4.2600097e-09 1.10865885e-08 8.694215e-09 0.0006068625 9.6766846e-05 1.33951835e-05 9.083862e-05 4.163659e-06 2.4906163e-07 6.7095397e-07 0.0021037247 4.06115e-08 8.4772785e-07 9.463177e-07 2.2691642e-09 0.0004014866 4.740889e-06 3.87988e-06 1.061538e-08
0.025470886 0.2603146 0.0028109283 0.58254075 0.9789317 0.000291203 0.110463254 1.2608153e-14 0.99999684 0.0032294556 0.89512444 0.1897458 0.0019630883 0.14248733 0.0003954756 4.9811615e-06 1.3814679e-06 0.7577786 2.1750814e-06 9.741448e-08 9.140917e-08 0.0941923 0.0006692666 0.20788029 0.00054839463 7.9588105e-08 0.0002714572 1.92104e-05 0.0020852792 1.3656298e-06 0.030300926 8.129716e-05 3.9083716e-08 8.940871e-09 6.069426e-05 4.7270348e-09 0.014418501 0.00011032347 0.00036894664 3.884977e-05 3.6516294e-06 0.004268581 0.0012019653 9.947826e-05 0.0015020755 3.339007e-05 0.0017740143 6.7577724e-07 0.0003116962 4.694738e-05 0.00012820259 6.983554e-05 4.2122366e-08 1.4730647e-06 7.420501e-06 1.0377831e-05 6.95666e-05 3.3560757e-06 4.8049475e-07 8.141168e-07 5.0483777e-06 4.3556856e-06 6.929625e-05 9.370646e-06 4.8445937e-08 6.366797e-05 2.7099675e-06 2.379401e-06 4.6914643e-06 6.179356e-05 7.7619586e-07 1.7761024e-05 3.284204e-07 1.4706525e-07 8.132546e-07 8.5215027e-07 1.0111507e-06 1.08100856e-07 1.1222008e-07 3.1246195e-06 2.164107e-06 9.84739e-06 1.2553654e-07 1.1838846e-06 5.9390384e-08 5.298097e-06 1.3798535e-06 1.3820385e-06 9.267389e-07 2.2955247e-07 1.6670192e-09 1.6108979e-07 0.0005521189 6.552635e-08 3.1738477e-07 1.5007701e-09 8.361177e-09 5.9618666e-05 1.04888116e-07 2.8395274e-07 2.8862404e-09
0.09459676 0.10850116 0.00010967098 0.0005932479 0.95539004 6.49033e-06 0.05002575 0.99999684 2.5119496e-14 4.2068773e-06 0.9181861 0.31278938 0.00020848724 0.22766584 5.540795e-06 2.1669725e-07 5.0433033e-07 0.9028902 1.0510666e-06 2.5621414e-08 2.3669328e-08 0.05974743 5.582402e-05 0.28552917 0.006415484 2.6398295e-08 4.1718133e-05 1.8742981e-05 0.0115779815 2.3512673e-06 0.040963776 0.0017114868 4.215081e-08 1.6876067e-08 0.003001339 1.476008e-08 0.019336719 2.2480448e-05 0.00259758 0.00031208675 2.086372e-06 0.0033179412 0.00076918036 0.00026582388 0.0032533493 9.451601e-06 0.0030436735 6.201175e-07 0.0018843357 1.3455763e-06 0.00025802798 0.0002563821 2.605078e-07 1.490996e-06 1.6154085e-05 2.2762211e-05 0.00028706284 0.00012568469 1.6732956e-08 4.5409042e-06 3.248669e-06 2.0979554e-05 0.00018407885 4.751841e-05 8.7798213e-07 0.0002064153 3.4679474e-07 7.5933974e-07 1.2048096e-05 0.00012118027 6.4815717e-06 8.539698e-06 1.9314004e-07 1.5069122e-06 1.1990492e-06 1.3248015e-07 1.3288031e-06 7.292001e-08 5.011024e-07 3.2038358e-07 7.172513e-07 2.7727738e-05 3.129558e-06 2.0941293e-07 4.858477e-07 6.1932756e-06 1.3720498e-06 2.4935133e-07 2.839225e-06 7.1538266e-06 3.995883e-09 1.7146995e-08 0.00102755 9.4659164e-08 5.5244595e-06 2.1314912e-09 7.8636276e-08 0.00015120211 1.8793571e-06 2.0160444e-06 9.404724e-09
0.5310709 0.58547026 0.53784204 0.026102547 0.029376103 0.29538092 0.7257527 0.0032294556 4.2068773e-06 1.1994451e-13 0.0019268896 0.031318888 0.88290274 0.0023297449 0.99288994 0.9880946 0.7827696 1.17247855e-05 0.067431845 0.14752778 0.02255369 1.1997063e-05 0.66586477 9.611339e-05 4.4826945e-07 0.011048709 0.32714486 0.23985143 2.303994e-06 0.015613716 0.045680262 4.599753e-08 0.00018335457 0.0010979839 3.7182365e-06 8.1160204e-07 0.024759661 0.08251991 1.3006702e-05 1.2111335e-06 0.00025630556 0.05471887 0.1021766 2.1070375e-06 0.0001817411 0.122523576 0.00020789895 8.184287e-05 3.0893876e-05 0.08635667 7.841887e-06 1.8482742e-05 1.1288532e-06 5.2384153e-06 2.1006201e-07 9.282275e-07 9.86445e-06 3.1301806e-05 4.019438e-07 4.6365987e-08 4.1974918e-06 2.1532524e-07 9.511438e-05 8.7849185e-06 6.0974326e-06 0.00026516482 0.0001301259 9.609239e-07 1.8360326e-07 0.0003418897 8.90444e-06 0.00020598581 2.5595953e-05 1.2213161e-06 4.7065594e-05 5.173393e-06 1.315827e-06 3.3575834e-08 5.6816896e-07 2.2974336e-06 2.1194137e-06 6.374589e-06 5.612937e-07 1.1413257e-06 2.7499235e-07 0.00034380078 0.000263585 1.3351081e-05 6.990011e-05 2.9445637e-06 9.392839e-09 7.0759086e-07 0.0010411736 1.062053e-07 1.2807574e-06 1.7523398e-06 3.075144e-08 0.00033134036 9.358861e-07 2.5641582e-06 1.9694554e-08
0.43869746 0.057929244 0.0016217025 0.052270155 0.98317397 0.00055029173 0.023914553 0.89512444 0.9181861 0.0019268896 3.148558e-14 0.91610426 0.0039638137 0.96820986 0.00021469998 2.6806965e-05 1.2245315e-06 0.6793634 2.6721867e-07 7.823145e-08 1.5743701e-08 0.2124351 0.00020002715 0.45555076 0.02033871 1.2560427e-08 0.00013628535 2.6485814e-05 0.037941657 3.4559944e-06 0.21188149 0.0027245467 1.0493333e-07 1.9688393e-08 0.0036642526 6.8595587e-09 0.14331366 0.0001095259 0.005373392 0.0002808916 1.2756084e-06 0.07532154 0.021529637 0.0004432279 0.010888936 0.00033366217 0.02012643 7.517292e-08 0.0051835543 0.0002585265 0.000186523 0.00025820272 6.371318e-08 9.040589e-07 1.8379196e-05 3.2863005e-05 0.00045621805 1.6462143e-05 8.082751e-09 0.00014074567 3.089146e-05 1.5106151e-05 0.002668998 0.00010258544 1.07022764e-07 0.0064768214 1.4009803e-06 3.765867e-06 3.318601e-05 0.0031475879 1.4034296e-05 1.4556025e-05 4.1530012e-07 2.407755e-07 4.2334176e-07 1.7200098e-07 4.8196796e-07 4.3944404e-09 4.5458933e-07 7.675594e-08 3.5675225e-06 0.00017264644 4.0187656e-06 1.8334929e-06 1.4672399e-07 4.758663e-06 1.5611957e-07 1.6694406e-07 9.5618915e-08 3.0034792e-06 2.2940563e-09 2.4617275e-08 0.0010292686 1.5756386e-07 2.5159698e-05 1.4401426e-08 2.56952e-07 0.00033116882 3.0017382e-06 7.397381e-06 7.825469e-09
0.82193846 0.25385073 0.026706977 0.03824771 0.9706393 0.00014251792 0.37020937 0.1897458 0.31278938 0.031318888 0.91610426 1.4453782e-13 0.13864595 0.9948461 0.00044975453 0.00084921723 0.00016822144 0.001962046 1.4357385e-05 0.00014004075 1.1216986e-06 0.0016671006 0.015096949 0.07573549 0.00015394349 4.3962729e-07 0.016561909 0.00031773356 0.0062238527 7.851522e-05 0.9320461 8.87975e-05 2.7270862e-06 2.6713499e-06 9.380319e-06 1.2348178e-07 0.7333882 0.015396068 0.0041857697 5.8211576e-06 1.42072195e-05 0.62708604 0.43119442 0.00028076975 0.017951699 0.018730612 0.06943009 8.7827686e-07 0.0055581913 0.02675382 0.00049106893 0.0005376288 4.2328242e-07 3.6939798e-06 2.1071621e-06 2.0891766e-05 0.00081357115 5.7171885e-05 7.639178e-09 2.297609e-06 3.816895e-06 1.1393366e-06 0.012860707 0.0001880354 1.1514132e-06 0.01951494 5.0303747e-06 2.520583e-07 7.265773e-05 0.009984966 2.1890717e-06 0.00025346887 6.0374973e-06 1.8739243e-07 1.905089e-05 3.4737884e-06 1.5589691e-08 5.4079585e-08 1.4968073e-06 4.129439e-07 7.816165e-08 0.00013453557 8.071767e-09 5.2831165e-08 2.5164758e-07 0.0012714004 8.955055e-05 0.0001405505 0.000209328 6.379436e-06 8.70599e-07 8.7290186e-07 0.004187826 2.8825726e-08 1.9710462e-05 8.592475e-07 3.407057e-08 0.00093700516 1.8350499e-06 8.601854e-07 1.3829065e-09
0.95827216 0.29065907 0.057665266 0.0002024547 0.032399908 0.003406008 0.99456644 0.0019630883 0.00020848724 0.88290274 0.0039638137 0.13864595 2.4807274e-12 0.021649396 0.05345058 0.37811273 0.037798893 1.1831516e-05 0.0016509538 0.017938076 0.000240066 8.226578e-06 0.91646963 0.00043190294 1.669209e-06 0.00016931072 0.8260549 0.24210282 2.5821393e-05 0.007803791 0.70325977 3.76621e-07 0.0005834336 0.00020947718 4.955299e-07 5.339172e-06 0.47465757 0.48087916 0.00032233816 9.3016644e-07 0.0007794059 0.7171521 0.8480553 4.8135982e-05 0.0023105987 0.5314283 0.0041712644 0.0001230787 0.0006137472 0.56591576 1.7480546e-05 0.00020959727 3.832583e-06 8.658934e-05 8.611076e-08 1.1290073e-06 0.00013735045 0.0001766542 1.197334e-06 5.546655e-07 4.2541146e-07 1.1734147e-07 0.0048829173 2.3521838e-05 1.0660909e-05 0.0061119767 9.410673e-05 1.2241392e-08 4.470794e-06 0.0057011954 6.2425914e-07 0.0031799152 9.957232e-05 2.8812462e-07 0.0007348549 6.018869e-05 3.5816694e-08 3.45018e-07 9.2003836e-07 2.1023277e-05 1.17368565e-07 8.591578e-06 1.5557085e-07 3.456337e-08 6.5870296e-07 0.009316994 0.0017705241 0.0010643217 0.002220088 1.5272066e-05 8.63513e-06 2.5347428e-05 0.0047168476 1.3619399e-06 3.633347e-06 0.00014217432 5.531782e-08 0.0033932554 8.606717e-06 5.690721e-06 1.297212e-08
0.92628545 0.039384194 0.0018382169 0.0045435755 0.46706823 4.045157e-05 0.08218507 0.14248733 0.22766584 0.0023297449 0.96820986 0.9948461 0.021649396 1.2165672e-12 5.3436466e-05 9.881309e-05 2.4185507e-05 0.013747868 3.2077478e-06 2.5416864e-06 2.7599575e-07 0.018587455 0.0015872299 0.45166707 0.004069594 3.499633e-07 0.0022235182 7.575273e-05 0.05055673 4.2533097e-06 0.9381032 0.0010472017 2.333892e-07 3.3927788e-07 0.0001272441 1.0861914e-08 0.85282433 0.009614076 0.022681367 6.80873e-05 1.6758587e-06 0.7208886 0.49922666 0.0013612299 0.09184748 0.011016476 0.2051848 1.4533914e-07 0.028211877 0.009829864 0.0013783834 0.0024911214 1.17522e-07 5.1705393e-07 1.793655e-05 0.00017171625 0.0045597143 1.1824331e-05 1.6462101e-08 3.855784e-05 8.503549e-06 1.6098906e-05 0.038938828 0.00088367716 2.3563932e-07 0.06273375 3.5029757e-07 8.2361987e-07 0.00053029176 0.03411189 1.6540243e-05 5.019327e-05 1.5361423e-06 1.0161758e-06 5.659477e-06 1.6832074e-06 1.7538873e-07 1.7884751e-08 4.7268912e-07 6.6009653e-07 9.887378e-07 0.0005163698 8.669617e-07 8.294252e-07 2.0076321e-07 0.0011749278 0.000120760444 6.1973085e-05 8.629232e-05 0.00016718284 1.2700635e-06 4.38207e-07 0.013948494 3.0840255e-08 0.00032214087 1.5318225e-06 1.4316556e-07 0.0063407626 9.64605e-05 3.337514e-05 2.8425347e-09
0.016279217 0.07354768 0.535071 0.0016204311 0.0022538279 0.8996569 0.026920928 0.0003954756 5.540795e-06 0.99288994 0.00021469998 0.00044975453 0.05345058 5.3436466e-05 4.4710813e-09 0.52552825 0.99496835 0.00048736823 0.05258354 0.0919626 0.4869386 0.00014866868 0.08619505 1.8307019e-05 4.1187295e-07 0.015673004 0.04311584 0.047011767 1.1652724e-06 0.020205487 0.0007281127 7.486553e-07 0.00029826874 0.0037528407 0.0007336592 2.9973287e-05 0.0006076759 0.0038031933 0.00030015095 0.00018391531 0.00017401746 0.0005201557 0.0008161913 0.00018941099 2.4778989e-05 0.0037808823 2.324137e-05 0.00014785385 1.391304e-05 0.002633031 0.00013472879 2.0080459e-05 2.0959997e-05 0.000106667 0.00033449466 1.3301098e-05 2.302275e-05 0.00038665402 1.1538145e-05 0.00013805686 0.00022625942 1.0063192e-05 3.928113e-06 6.4517386e-05 2.5892805e-05 0.0001044672 0.0010925264 7.406085e-06 5.5360883e-06 0.00013263535 2.5293614e-06 0.00049575634 5.423849e-05 0.00010489778 5.088582e-05 8.4700456e-05 5.1636114e-05 1.5733833e-05 2.2855368e-06 0.00027913047 3.826618e-05 0.00013651859 9.667323e-05 5.446617e-06 1.4819545e-06 0.00012742601 4.9040224e-05 7.272996e-05 0.00035563146 3.3521046e-05 6.0687944e-07 1.8887597e-06 0.0033934314 4.7959543e-06 9.466405e-06 2.3590164e-06 1.3969313e-06 0.00016750296 2.2617429e-05 1.031189e-05 1.3506154e-07
0.7711491 0.0038584438 0.009376024 0.00017982136 8.423703e-05 0.0042486256 0.018689863 4.9811615e-06 2.1669725e-07 0.9880946 2.6806965e-05 0.00084921723 0.37811273 9.881309e-05 0.52552825 2.3112835e-11 0.8536076 3.806518e-07 0.18935642 0.8007194 0.027935166 3.8365928e-07 0.97615033 2.3863855e-05 6.246564e-07 0.04431715 0.65120655 0.8057701 1.1379999e-06 0.06989222 0.015025333 7.705268e-08 0.0024315694 0.004962393 1.5573264e-07 3.2462365e-05 0.010707276 0.2065149 2.8923856e-05 2.397233e-06 0.0042175613 0.027032843 0.0726674 1.2651271e-05 0.00041897793 0.2886172 0.00017524252 0.00022326817 0.00012210215 0.24238479 1.0511553e-05 4.79064e-05 1.0280585e-05 0.00024654236 1.5243945e-06 1.6734856e-06 1.1757975e-05 0.0005043224 1.0408403e-06 4.4810707e-07 1.0115352e-05 3.6309655e-07 0.00016662938 3.470684e-05 4.4107313e-05 0.0005951062 0.00023933267 1.4740533e-07 1.3697306e-06 0.0005942893 7.62763e-06 0.0033168516 0.00013033021 5.0397165e-07 0.00071434095 5.649999e-05 8.9843134e-08 4.7002348e-07 7.004655e-08 3.647305e-05 7.594563e-07 2.883638e-05 4.4027337e-07 2.5010954e-06 1.9664075e-08 0.0024030712 0.0005340868 0.00020537007 0.0008427789 2.7209877e-05 8.030716e-06 7.757951e-06 0.00082262687 1.8168355e-06 1.29255595e-05 1.1110748e-05 4.6636504e-08 0.00040742566 5.0239364e-06 1.722157e-05 2.0900494e-07
0.025905468 0.00094471313 0.00083023164 0.00018848729 4.2049902e-05 0.00013596444 0.0016798561 1.3814679e-06 5.0433033e-07 0.7827696 1.2245315e-06 0.00016822144 0.037798893 2.4185507e-05 0.99496835 0.8536076 6.1471295e-14 3.4212892e-06 0.95603484 0.7450635 0.9275266 9.4615835e-08 0.20198634 3.0841625e-07 4.877239e-08 0.018940667 0.08217748 0.15975538 2.463132e-08 0.10010026 0.0007260986 6.0755205e-08 0.00044015318 0.00906465 9.23676e-06 2.0879277e-05 0.00082517974 0.014708954 5.88968e-06 3.835956e-07 0.000561732 0.00097161205 0.0024168228 5.158497e-07 2.1786926e-05 0.013043348 4.320403e-05 0.00028301476 3.9878187e-06 0.012479447 2.3535536e-06 1.9356803e-07 5.3961383e-05 1.9202376e-05 8.606495e-06 2.9087224e-07 4.6726413e-07 0.00030330004 7.67064e-06 1.5885594e-06 2.6155894e-06 3.7234024e-08 2.7589705e-05 8.325809e-07 2.4413212e-05 0.0001749261 3.3345554e-05 8.34544e-08 1.2582589e-07 0.0002168127 3.7627453e-07 8.884654e-05 4.040463e-06 7.321613e-07 5.337385e-06 5.367087e-06 4.0472733e-06 5.2045543e-06 1.3992278e-07 0.00019361098 2.0546598e-07 7.1132736e-06 1.2490882e-06 1.3054397e-07 2.704433e-07 3.9267325e-05 3.4660782e-06 9.985642e-06 7.7983816e-05 2.8241564e-08 2.9029042e-08 3.1690783e-07 0.0010083376 6.1039314e-06 2.0499347e-07 2.092205e-07 1.8055037e-07 0.00010097208 1.354191e-06 3.3760713e-08 6.4352634e-09
0.01864496 0.00016645355 4.0539435e-05 0.0011013519 0.08687997 2.3677862e-06 2.0614096e-05 0.7577786 0.9028902 1.17247855e-05 0.6793634 0.001962046 1.1831516e-05 0.013747868 0.00048736823 3.806518e-07 3.4212892e-06 1.243787e-11 3.0330634e-06 2.3617095e-07 5.544233e-07 0.9951596 6.936534e-05 0.33224466 0.086773425 1.3133734e-06 1.2553165e-05 1.6730906e-05 0.018466897 5.00578e-05 0.00038376218 0.112431474 7.4555527e-07 7.4085297e-06 0.9921195 2.8968574e-07 0.00024766408 2.0554025e-05 0.008002422 0.012969675 1.9636276e-05 4.306372e-05 4.793531e-06 0.001394703 0.0032191577 4.129252e-06 0.0020373624 3.51e-06 0.0037462323 3.0713005e-07 0.0014238424 0.0013494528 2.664936e-07 2.0333898e-06 0.0002353475 0.000115379305 0.0011930557 8.7201326e-05 1.1646131e-05 0.0010047499 0.00046173733 9.407766e-05 4.0862567e-05 0.00019685223 7.998724e-07 8.2565675e-05 0.0015454668 4.0154002e-05 3.2799442e-05 3.4334338e-05 6.632225e-05 2.5666057e-05 5.0431713e-06 4.2446445e-05 2.5861452e-06 5.3656517e-05 7.72042e-06 1.1670546e-05 4.3381726e-05 3.1523505e-06 2.4275561e-05 3.015489e-05 1.5094716e-05 1.8612345e-05 1.2411484e-05 6.8206026e-07 1.8039529e-07 4.9405946e-07 9.2355026e-07 2.8811326e-06 2.4969482e-08 5.5577665e-08 0.000780141 8.288084e-05 9.945431e-06 9.513497e-09 4.2907877e-06 0.00018345301 1.6131831e-06 1.0632236e-05 1.2259787e-07
0.016705789 0.00039596276 0.00010446958 5.736733e-06 3.3179902e-05 3.2674438e-05 0.00014922366 2.1750814e-06 1.0510666e-06 0.067431845 2.6721867e-07 1.4357385e-05 0.0016509538 3.2077478e-06 0.05258354 0.18935642 0.95603484 3.0330634e-06 8.574648e-14 0.9532284 0.9987334 1.3826283e-07 0.02281724 1.4814113e-07 1.2423558e-06 0.50699586 0.01604754 0.051081344 1.4785589e-07 0.16495804 7.486982e-05 1.0867516e-07 0.0018426249 0.015007883 6.5562044e-06 0.00023369782 4.3295266e-05 0.005242082 5.0480407e-06 1.4384899e-06 0.0030578102 0.00012117898 0.0003997774 2.0596576e-06 7.907395e-06 0.0035971787 1.2594439e-05 0.0009209862 1.9908946e-06 0.0017532762 7.3398456e-07 1.3520251e-07 0.00033810467 0.00029336155 2.4976296e-06 2.8048535e-07 3.460814e-07 0.0007941877 0.00040502238 1.3532482e-05 1.0274263e-05 2.6636312e-06 1.9018324e-05 9.601591e-07 0.00019452469 1.7900888e-05 0.0004173544 2.3943e-07 4.0875236e-07 2.0500454e-06 1.1384119e-05 0.0003890442 1.6999559e-06 6.637876e-07 6.1924824e-05 2.5659806e-06 4.9931614e-06 1.6381471e-05 3.7956906e-07 6.570247e-05 1.1527201e-07 2.0211412e-05 1.82677e-06 6.2936887e-09 1.4059716e-06 0.00025308697 2.7932365e-05 5.090252e-05 5.1388713e-05 2.4204013e-07 4.837597e-07 2.2177365e-07 0.0016848298 3.563729e-05 3.8643242e-07 8.4505285e-07 9.372169e-07 3.075307e-05 4.9348994e-08 1.0755481e-07 4.115402e-06
0.6831767 0.00022140524 0.00017120117 5.348957e-06 8.287617e-07 0.0003730851 0.0006129307 9.741448e-08 2.5621414e-08 0.14752778 7.823145e-08 0.00014004075 0.017938076 2.5416864e-06 0.0919626 0.8007194 0.7450635 2.3617095e-07 0.9532284 1.7264105e-13 0.10365724 2.76761e-08 0.6419777 8.047959e-08 1.03550475e-08 0.99234915 0.33592248 0.96606183 5.4780653e-08 0.8914187 0.001515431 2.7400074e-07 0.112673625 0.10185948 8.7768075e-07 0.0015671665 0.00287663 0.26265076 3.0337317e-06 7.0545286e-07 0.19195974 0.011417363 0.03197762 4.553172e-06 9.505562e-05 0.31709883 5.0434817e-05 0.01056941 1.826386e-05 0.18169731 2.7703775e-06 2.8990173e-06 0.00085853285 0.008421213 5.3918147e-06 1.8338568e-06 4.26703e-06 0.008982277 0.00048663997 1.1260903e-05 8.275309e-06 1.7226675e-07 0.000110491295 1.7577604e-05 0.00045648502 0.000744367 0.0017072874 9.797401e-07 9.286676e-07 0.00034791807 4.2865913e-06 0.02258279 0.00051406684 3.066922e-07 0.0022008845 0.00015898659 1.0983168e-07 2.1787486e-05 1.2611457e-07 0.00025680344 3.197484e-07 7.388396e-05 1.4778298e-07 1.4063525e-06 1.1922754e-07 0.014430077 0.004721024 0.002162138 0.0028682451 4.087264e-06 1.839117e-05 1.5403226e-05 0.0019478347 5.2276086e-05 1.138135e-05 0.0001962642 1.2871687e-08 0.00051707047 7.817493e-06 1.0801281e-06 2.1620306e-07
0.0016982455 3.6885885e-05 0.00013565502 1.5393989e-05 5.45009e-07 6.7398556e-05 9.89974e-05 9.140917e-08 2.3669328e-08 0.02255369 1.5743701e-08 1.1216986e-06 0.000240066 2.7599575e-07 0.4869386 0.027935166 0.9275266 5.544233e-07 0.9987334 0.10365724 1.5704403e-13 6.8070087e-09 0.0013162682 2.5429298e-08 1.2757008e-08 0.9898089 0.0015922441 0.0042615933 1.27068125e-08 0.06012822 6.128014e-06 6.534506e-10 0.0009588941 0.026864404 4.7784613e-07 0.00016347085 4.01343e-06 0.0006957516 1.2029703e-07 3.3467074e-08 0.0014897126 1.1602474e-05 2.783382e-05 1.9793255e-08 1.2785948e-08 0.00036710172 1.4976091e-07 0.00058634864 6.737567e-09 0.00022118553 1.6392606e-08 7.1583814e-09 9.317175e-05 0.00014833715 8.27205e-08 1.5416061e-08 1.05594886e-07 0.00035434007 1.44028745e-05 8.2679804e-08 4.1782986e-09 4.497519e-09 6.254059e-08 2.5389026e-08 9.001402e-07 3.063341e-07 3.3327782e-05 2.1407032e-09 9.437464e-09 1.2360373e-07 5.9357095e-08 0.00021086658 4.3778036e-06 1.19208664e-07 1.672191e-05 2.2203926e-07 4.0461403e-09 3.7059957e-07 4.899903e-09 9.274631e-07 1.634621e-08 2.4962056e-08 8.396288e-09 2.3090685e-10 9.310291e-09 4.7236244e-05 3.817802e-06 1.4465521e-05 2.2072343e-06 1.7715194e-09 1.33497355e-08 3.2633377e-08 8.12048e-05 2.6082875e-05 2.667014e-10 8.067504e-09 1.9734975e-08 3.5903304e-07 1.6192102e-09 4.2035483e-10 1.2000889e-08
0.09509632 1.7245038e-05 3.4581508e-06 0.0014701037 0.007994637 8.8848236e-07 1.7468165e-05 0.0941923 0.05974743 1.1997063e-05 0.2124351 0.0016671006 8.226578e-06 0.018587455 0.00014866868 3.8365928e-07 9.4615835e-08 0.9951596 1.3826283e-07 2.76761e-08 6.8070087e-09 8.333957e-15 1.6381537e-05 0.7488203 0.9995521 7.9902954e-08 1.675302e-05 3.2218892e-07 0.06404173 1.2366498e-06 0.004310107 0.5718359 5.372192e-08 1.0930046e-07 0.37914392 1.5178388e-08 0.0065530078 1.19904635e-05 0.040258963 0.035108827 5.9187823e-07 0.0015715375 0.0003151007 0.008620185 0.0062710396 1.6328908e-05 0.0060235607 4.9915116e-07 0.009753666 1.415256e-05 0.003644581 0.0023715424 3.9152432e-08 6.3563493e-07 0.00018837805 0.00042600688 0.0025729167 5.2678124e-06 2.0745845e-06 0.0036738524 0.000558694 0.00021063586 0.0005207481 0.0007883786 1.2320511e-07 0.0008957455 1.303402e-05 0.00015155494 0.00016751431 0.00058087055 3.7595066e-05 1.158969e-05 1.3224278e-06 9.97637e-06 1.232315e-06 1.1771546e-06 1.24799935e-05 8.6622904e-08 4.38439e-05 2.5354184e-06 0.00019552064 0.00028504085 1.2575201e-05 3.567259e-05 7.973868e-06 8.442091e-06 1.1182118e-07 1.8049848e-06 1.211885e-07 4.3851824e-06 3.4390668e-09 5.5994445e-08 0.0006283285 5.8629354e-07 1.7046988e-05 9.462644e-09 3.3302256e-06 0.00038748904 6.0371467e-06 2.1230378e-05 3.8897273e-08
0.93287593 0.022055443 0.0069663106 9.687969e-05 0.0014716418 0.0005044961 0.15348 0.0006692666 5.582402e-05 0.66586477 0.00020002715 0.015096949 0.91646963 0.0015872299 0.08619505 0.97615033 0.20198634 6.936534e-05 0.02281724 0.6419777 0.0013162682 1.6381537e-05 3.4698364e-09 0.00010747347 1.5288342e-05 0.0013780126 0.98017955 0.8794063 1.5499494e-05 0.21621202 0.037730105 7.848707e-07 0.28662688 0.022833055 1.7905284e-06 0.0010001711 0.039489042 0.6490775 6.237028e-05 1.3640126e-05 0.016604807 0.15138248 0.33361655 4.4818487e-05 0.00040214666 0.73948365 0.00087601383 0.0070587927 0.0001512924 0.71228856 1.2383818e-05 4.6951543e-05 0.00015162348 0.00020475307 7.646679e-07 3.486789e-06 4.5287496e-05 0.0005410642 6.4206986e-05 1.7071172e-06 5.8477212e-06 4.072838e-07 0.0010576155 2.1664762e-05 0.00011400596 0.0018704385 0.0005795619 2.3242544e-07 8.473726e-06 0.0023058173 4.280182e-06 0.0020609624 7.9475896e-05 5.034627e-06 0.0003561395 0.00011649725 3.0754742e-07 4.292159e-06 8.75481e-06 8.1614535e-06 6.5983755e-08 3.4858265e-05 7.788251e-07 7.558959e-08 2.9067965e-06 0.0062082824 0.0006455158 0.00047739365 0.0007487314 7.861993e-06 5.512421e-05 1.0177213e-05 0.0022706517 3.839406e-06 7.704489e-06 2.4843988e-05 8.124887e-07 0.00044764963 9.322517e-07 2.8373063e-06 1.2976799e-06
0.643985 0.0003111444 1.6592603e-05 0.0021220006 0.03840623 1.0983279e-06 0.0009482647 0.20788029 0.28552917 9.611339e-05 0.45555076 0.07573549 0.00043190294 0.45166707 1.8307019e-05 2.3863855e-05 3.0841625e-07 0.33224466 1.4814113e-07 8.047959e-08 2.5429298e-08 0.7488203 0.00010747347 4.9238652e-14 0.97514206 8.171995e-09 0.00013956292 5.1510324e-06 0.998492 9.283087e-06 0.12457879 0.75080866 1.4554136e-07 4.1834505e-09 0.10105685 1.6100408e-07 0.13857332 9.4590985e-05 0.22434351 0.010939485 1.386519e-06 0.047622964 0.013362662 0.024703603 0.08979709 0.00022161966 0.13420333 1.3618465e-08 0.10494209 0.00048365787 0.013112967 0.008866452 6.910584e-07 7.858923e-07 0.00024396209 0.0009989967 0.015013623 1.1843143e-05 1.4388657e-08 0.00024436516 0.00025252448 0.00022114567 0.012339763 0.003408156 7.599016e-08 0.02929025 1.9184777e-06 8.951819e-05 0.0010730781 0.014969883 7.5892e-05 2.0968215e-05 3.3102453e-06 8.8818996e-07 2.8882057e-06 1.9891943e-06 3.1411628e-06 3.356437e-08 3.8842802e-07 1.4856989e-06 3.1143307e-05 0.0005883674 3.2550606e-06 5.247075e-06 1.2301832e-07 2.3878083e-05 1.3203788e-06 1.8945432e-06 1.4278354e-05 4.844749e-05 9.847971e-08 4.3268022e-07 0.0026705195 1.810151e-08 3.6959653e-05 2.793455e-07 1.075682e-06 0.0008402521 1.6176702e-05 2.1848824e-05 4.765946e-09
0.4082607 1.4133453e-06 5.0766437e-07 0.00014037061 0.00041327727 2.3401737e-08 2.5474998e-05 0.00054839463 0.006415484 4.4826945e-07 0.02033871 0.00015394349 1.669209e-06 0.004069594 4.1187295e-07 6.246564e-07 4.877239e-08 0.086773425 1.2423558e-06 1.03550475e-08 1.2757008e-08 0.9995521 1.5288342e-05 0.97514206 3.8612145e-13 1.376538e-07 4.756545e-06 5.710905e-07 0.52473474 1.1194928e-06 0.008944506 0.9550294 4.022498e-07 7.1595823e-09 0.07445631 2.745322e-09 0.017703883 2.8975512e-05 0.26379883 0.10739497 4.698599e-07 0.0044353534 0.00085528 0.14695413 0.029955521 2.3359005e-05 0.018267764 5.2757258e-08 0.046943165 1.6760898e-05 0.020703562 0.010317856 2.7193948e-07 9.0615214e-07 0.0041380296 0.0043073148 0.016509373 4.0443854e-07 4.7244505e-08 0.0023545022 0.0017168822 0.0013961429 0.0032963182 0.0033901955 1.0780575e-06 0.0056742257 1.4434211e-07 0.0002219185 0.0015783422 0.002836592 0.0001717115 1.0288844e-05 2.7584401e-06 9.035767e-06 2.3304648e-07 8.6699096e-08 0.00011348062 4.3939814e-08 5.777394e-06 5.4935174e-07 2.372448e-05 0.0023032331 2.225489e-05 1.0488852e-05 5.047297e-07 2.6011656e-05 1.3807592e-06 1.5816767e-06 1.455091e-06 7.88426e-05 4.4346375e-09 2.2456991e-08 0.0048472546 6.2092134e-08 0.00034041767 2.4266024e-07 6.861973e-07 0.001398309 3.1650645e-05 6.897068e-05 1.081703e-08
0.008937364 1.172189e-05 1.3004693e-05 9.0860016e-07 1.048695e-07 7.954349e-06 5.4214674e-06 7.9588105e-08 2.6398295e-08 0.011048709 1.2560427e-08 4.3962729e-07 0.00016931072 3.499633e-07 0.015673004 0.04431715 0.018940667 1.3133734e-06 0.50699586 0.99234915 0.9898089 7.9902954e-08 0.0013780126 8.171995e-09 1.376538e-07 1.1638851e-12 0.00057074433 0.02663535 2.1668388e-08 0.308818 2.1822756e-07 1.041886e-08 0.05385766 0.9403411 8.6886547e-07 0.0042198324 3.4551587e-07 0.0005581505 4.0227633e-07 1.2503456e-06 0.05847145 2.5243419e-06 1.2573822e-05 3.9861334e-08 4.9295558e-08 0.00041639514 1.9704426e-07 0.016623346 2.2498064e-08 0.00021519195 1.04140575e-07 6.4638646e-09 0.0006631289 0.0031772945 2.6888216e-08 7.4374356e-09 9.730525e-09 0.0039056893 0.00097654806 3.5206858e-07 3.2132422e-07 1.4195515e-09 5.0866067e-09 1.6171924e-08 0.00053405674 8.195615e-08 0.00594886 1.0884132e-07 6.9499024e-09 5.5347684e-08 7.8312183e-07 0.00046764108 0.0003888784 3.3027434e-06 0.00017073796 0.00016543882 2.5361112e-07 0.00010863533 8.8908614e-08 0.0006808136 1.9057666e-07 2.5643901e-08 3.3774063e-07 2.6808943e-08 3.076347e-08 0.00019138033 6.451001e-05 6.783795e-05 0.00020592689 3.1446827e-09 1.9663323e-06 6.898926e-06 6.5168235e-05 0.00050261075 7.4186923e-09 1.2207147e-05 6.7946104e-08 4.253924e-07 1.2299433e-08 3.8993373e-09 1.525152e-06
0.9668848 0.020117 0.001376994 5.8863145e-05 0.0010325796 0.0003148526 0.10779409 0.0002714572 4.1718133e-05 0.32714486 0.00013628535 0.016561909 0.8260549 0.0022235182 0.04311584 0.65120655 0.08217748 1.2553165e-05 0.01604754 0.33592248 0.0015922441 1.675302e-05 0.98017955 0.00013956292 4.756545e-06 0.00057074433 1.1621986e-09 0.9223089 2.9424345e-05 0.10982799 0.079047404 2.516321e-06 0.23306122 0.009992778 2.528334e-06 0.00044370006 0.05879578 0.964563 0.00014913645 1.0427872e-05 0.05802147 0.18893854 0.49962312 3.3904667e-05 0.00050046464 0.8611068 0.0015596979 0.008525592 0.00013900953 0.78224045 1.5753158e-05 8.883197e-05 0.00026488252 0.0012012348 3.9222823e-07 1.949946e-06 3.9782823e-05 0.00067863456 8.4779014e-05 1.34293605e-05 1.5040536e-06 4.310464e-07 0.004839026 2.85218e-05 7.775977e-05 0.00775568 0.0005910917 1.2433506e-07 1.1037633e-05 0.008010298 7.438951e-06 0.0039377883 8.9220994e-05 5.361204e-06 0.0007568211 0.000114467446 5.2396338e-08 2.7540573e-05 6.158955e-06 1.7802247e-05 2.8283663e-08 2.5249354e-05 8.7597994e-07 1.0303887e-07 4.464326e-06 0.019815153 0.0018868812 0.0021149768 0.0011073921 5.681644e-06 0.00016147394 5.867278e-06 0.008650495 4.1268468e-06 5.6350314e-06 0.0001822399 4.3301193e-06 0.0017944602 7.4620755e-07 2.7085152e-06 2.4584162e-07
0.96516895 0.002014336 0.0004725393 1.891349e-05 3.719529e-05 8.758797e-05 0.009917454 1.92104e-05 1.8742981e-05 0.23985143 2.6485814e-05 0.00031773356 0.24210282 7.575273e-05 0.047011767 0.8057701 0.15975538 1.6730906e-05 0.051081344 0.96606183 0.0042615933 3.2218892e-07 0.8794063 5.1510324e-06 5.710905e-07 0.02663535 0.9223089 1.8008373e-10 5.655314e-07 0.88173145 0.0037960531 2.3729504e-07 0.9028898 0.12422291 9.044418e-07 0.025794487 0.0058555403 0.8830942 4.288689e-06 1.378199e-06 0.5729519 0.030059911 0.09692308 1.7126811e-06 4.4074477e-05 0.81768465 0.00010110159 0.21344002 1.4630888e-05 0.67499864 1.1815825e-06 5.9411745e-06 0.0023605875 0.058256656 1.8177619e-07 3.8555555e-07 6.4944415e-06 0.015638066 0.00033609525 1.7636467e-06 1.8699425e-06 4.5312657e-08 0.0005192584 2.6974233e-06 0.0011881994 0.00078451453 0.0033470432 1.4681097e-08 2.1477613e-06 0.0006750247 2.5248378e-06 0.052056566 0.0004514046 7.18e-07 0.0071881507 0.0001308655 3.8818413e-08 4.0100964e-05 5.0364524e-06 4.099821e-05 3.217914e-08 8.834896e-07 2.0852094e-07 7.2084624e-08 5.610595e-06 0.04351704 0.0069113635 0.008132765 0.005992234 4.165029e-06 0.000995194 8.000617e-05 0.0011400013 1.232841e-05 2.77369e-06 0.0002078058 4.582627e-07 0.00030962116 6.692787e-06 4.0363693e-06 7.548838e-06
0.95394975 4.6656456e-05 8.2552685e-07 0.00013464646 0.0026721766 2.2472415e-08 0.0001825753 0.0020852792 0.0115779815 2.303994e-06 0.037941657 0.0062238527 2.5821393e-05 0.05055673 1.1652724e-06 1.1379999e-06 2.463132e-08 0.018466897 1.4785589e-07 5.4780653e-08 1.27068125e-08 0.06404173 1.5499494e-05 0.998492 0.52473474 2.1668388e-08 2.9424345e-05 5.655314e-07 1.8072356e-12 3.3208644e-07 0.21512595 0.71532583 9.482523e-08 2.1476156e-08 0.004252183 4.06138e-09 0.4514068 0.00013400838 0.961111 0.042764045 5.203554e-07 0.120238595 0.017845059 0.43500218 0.64553195 0.00015857804 0.48515496 2.8574956e-08 0.64893425 0.0003526054 0.30549803 0.18473326 2.722898e-07 1.5694135e-07 0.0015245546 0.023747561 0.31467688 1.4451476e-06 1.7170917e-08 0.00037831685 0.00044442553 0.0004641479 0.064002454 0.03221693 1.5251032e-07 0.14197077 2.6666687e-06 5.9067832e-05 0.025158899 0.056057062 5.1436276e-05 2.9397306e-05 1.7113927e-06 7.532387e-07 1.0492608e-06 1.6986237e-06 2.0935192e-06 2.6729854e-08 4.5099407e-07 2.7646593e-07 1.5643345e-05 0.0076312255 3.264776e-06 1.3669068e-06 4.0468912e-08 0.00039684342 1.1993539e-05 1.100036e-05 9.522734e-06 0.00031894032 2.3592627e-07 3.9647585e-08 0.029287048 1.7840803e-08 0.00052915706 7.933209e-07 1.2106918e-07 0.020822477 7.8855526e-05 5.137078e-05 2.8622578e-08
0.78760535 1.9775021e-05 0.0006497853 3.5849678e-06 2.9249206e-05 0.00036609292 7.833221e-05 1.3656298e-06 2.3512673e-06 0.015613716 3.4559944e-06 7.851522e-05 0.007803791 4.2533097e-06 0.020205487 0.06989222 0.10010026 5.00578e-05 0.16495804 0.8914187 0.06012822 1.2366498e-06 0.21621202 9.283087e-06 1.1194928e-06 0.308818 0.10982799 0.88173145 3.3208644e-07 1.5397839e-12 0.0002771205 2.8728714e-06 0.9938605 0.9762395 9.9321376e-05 0.90263176 0.0003811383 0.12627286 1.5386035e-05 0.00032745392 0.575284 0.0017055575 0.0038572133 2.287413e-05 4.352067e-05 0.2020646 0.00013563497 0.18223685 3.7657002e-05 0.09684012 5.9068707e-06 1.5436888e-05 0.0015332338 0.0035540785 1.4353676e-05 5.219909e-06 9.143593e-06 0.006093303 0.0013430316 1.7602464e-05 2.1272006e-05 8.126143e-07 8.385878e-05 3.4584043e-06 0.0010132162 0.0002438921 0.0060034627 1.9276226e-07 1.2430206e-06 0.00019357238 2.3856117e-05 0.0131943235 0.0002560151 8.9935844e-07 0.0007949621 0.00014777348 5.850379e-07 6.95042e-05 1.8381625e-06 0.00012669955 2.1523563e-06 5.6661684e-06 3.0122007e-07 5.364208e-07 1.7559726e-07 0.0072626974 0.00094920467 0.00068567344 0.0014277346 2.0743362e-05 4.1807547e-05 4.632513e-05 0.0014374229 1.8945027e-05 4.338388e-07 0.00011248213 1.1265823e-07 0.0002717268 1.2239827e-06 2.7625154e-06 1.1352445e-06
