4.347428e-17 0.97591627 0.97732306 0.90257233 0.8151365 0.89493376 0.5389746 0.9654964 0.89718646 0.9957215 0.68165195 0.99053615 0.9331832 0.91960603 0.88078237 0.8360707 0.90710765 0.92574686 0.82114637 0.5013525 0.8097193 0.9022919 0.92323893 0.6325353 0.9479844 0.96069443 0.86613715 0.4689404 0.28700078 0.99012953 0.9212937 0.97016597 0.9883548 0.9268798 0.3410558 0.92436856 0.9533111 0.03356235 0.9422208 0.8844248 0.99048465 0.036016278 0.941189 0.9996014 0.9365163 0.97613084 0.7104886 0.8386646 0.4579887 0.45401335 0.99969834 0.95065 0.26223898 0.96025527 0.9629394 0.11606507 0.0033107854 0.043751128 0.05759659 0.51746505 0.9977386 0.7555793 0.7242736 0.9277557 0.9232541 0.98590297 0.81476533 0.8145128 0.7876321 0.45208243 0.559479 0.7655988 0.80386436 0.96894556 0.90524954 0.9661157 0.7603826 0.94498575 0.40275016 0.5084139 0.934628 0.99443 0.32375237 0.0027608906 0.48471707 0.06996381 0.0009380307 0.09237398 0.745088 0.057275403 0.02305346 0.028238095 0.0076273107 0.75130963 0.010818453 0.31213635 0.084593385 0.9998229 0.00089625857 0.64519095 0.004129682
0.97591627 2.8841987e-13 0.8576514 0.93070793 0.97019273 0.5009276 0.5788215 0.46948317 0.8854202 0.88335335 0.2999934 0.55956703 0.068651855 0.056561645 0.0031622613 0.7145331 0.055279043 0.002429168 0.12912087 0.003492049 0.020225719 0.00036337975 7.0083006e-05 0.58174205 1.683727e-05 0.0021199898 0.012556447 0.00133029 0.3550183 0.09110282 7.850979e-06 7.432753e-06 0.0009353959 0.0001339432 4.4013566e-05 0.00346791 3.305447e-06 0.033478934 0.0017007781 7.963608e-06 0.0062109292 0.00019005024 0.0003895818 0.007873628 1.7604201e-06 1.5436226e-05 8.644515e-08 0.33178294 2.8358481e-06 8.618438e-06 0.00039133138 2.3305247e-05 0.11286292 0.00042302802 0.0017773561 0.19065395 8.2840146e-05 2.5264903e-06 0.02670888 0.061847907 2.1431167e-06 3.6520352e-05 8.453611e-08 9.372362e-06 0.00014077254 0.00026076223 4.03136e-06 4.8286993e-06 6.581482e-06 2.0936403e-05 2.9817107e-05 6.364359e-06 0.0041541643 3.0334281e-06 2.3579986e-07 1.661943e-05 0.0005479863 2.6151143e-05 2.2580769e-05 7.12202e-05 3.9054585e-06 0.0021548467 2.927619e-05 8.130677e-07 7.199682e-08 0.0010431593 1.8416215e-07 0.00050503045 2.7121079e-08 1.8890984e-06 3.1552e-05 1.2547617e-06 2.0178724e-07 3.505186e-08 2.6109117e-06 9.0667413e-07 6.029552e-06 0.009333269 8.532302e-07 1.48757024e-08 7.973151e-05
0.97732306 0.8576514 4.6570164e-13 0.6814749 0.9023135 0.8060786 0.3024021 0.7017367 0.9247901 0.9129376 0.05143484 0.7197569 0.24032855 0.34472865 0.021666083 0.7934058 0.005567849 0.00047274076 0.031955577 0.000921352 0.005767065 9.641332e-05 3.1304375e-05 0.43245277 0.000115648436 0.003939546 0.004429108 7.95666e-05 0.22913301 0.0487001 7.847353e-05 2.5055655e-05 0.0020007754 0.0002545393 4.9967057e-06 0.025251674 1.8120872e-06 0.0051769544 0.0005077617 8.2018705e-06 0.0025068852 5.5170726e-06 0.00030382283 0.0054694996 2.7026863e-06 4.995286e-06 2.8526097e-07 0.44936845 1.7126957e-06 7.3141705e-06 0.00028471512 2.9286693e-05 0.14911601 0.00042167187 0.0018997634 0.16891782 2.9075689e-05 5.970805e-07 0.04526317 0.20894149 2.4138767e-06 2.8146285e-05 6.910964e-08 1.1048408e-05 0.0003640395 0.00015447616 2.4034225e-06 3.6825618e-06 1.0723098e-05 7.001089e-06 2.0438132e-05 3.1239101e-06 0.024844026 4.130749e-06 2.4474182e-06 7.6159675e-05 0.0017701028 7.336613e-05 1.8733654e-05 0.00035055724 1.3403419e-06 0.0013841325 2.1882463e-05 7.245304e-07 1.6943565e-07 0.0061470964 3.243946e-07 0.0031327445 6.12982e-08 3.0270066e-06 3.709911e-05 5.461277e-07 3.6227885e-07 5.10022e-08 5.377011e-06 1.1677432e-06 1.0910862e-05 0.006611566 1.6259006e-06 2.015037e-08 6.848725e-06
0.90257233 0.93070793 0.6814749 1.4783327e-15 0.96299314 0.02105441 0.9739871 0.03940716 0.29551867 0.5771766 0.9761284 0.07114119 0.002295328 0.00047720087 9.402932e-05 0.1928141 0.39588836 0.039777745 0.47916824 0.052480742 0.22059445 0.027690792 0.0009622621 0.39309072 3.5645857e-07 0.00029220307 0.06800714 0.05389742 0.28101188 0.24465746 8.745929e-08 2.6880667e-07 4.346791e-05 5.0894964e-06 0.00087243965 1.7487666e-05 9.841081e-06 0.24529383 0.007934118 2.603277e-07 0.011018778 0.0098107075 0.00028843826 0.0050516217 7.112629e-08 8.215058e-05 3.3178446e-07 0.037486233 3.9771403e-05 4.8470967e-05 0.0010962659 8.2403307e-07 0.010732143 0.00016663097 0.00065424177 0.02418348 0.00043412315 2.3609575e-05 0.0035810384 0.0009332222 3.934137e-06 4.6701196e-05 6.557736e-08 3.4215745e-07 2.715602e-06 0.00014414686 2.1190164e-05 1.0610129e-06 2.2256077e-07 1.1846719e-06 2.497976e-07 1.1344457e-06 0.00037729973 1.5330669e-07 1.6979644e-08 4.6113664e-06 3.0988922e-05 1.2381817e-06 6.427707e-07 6.6702487e-06 7.0532644e-07 0.0014548351 6.7774936e-06 1.0063796e-07 6.4423524e-08 2.4016228e-05 1.08984445e-07 5.989588e-06 2.012863e-08 1.0420679e-06 3.3333995e-06 3.356783e-08 1.1641272e-08 1.1661649e-08 1.1103032e-06 6.199746e-08 3.2780133e-06 0.0065804725 1.3353436e-07 2.104566e-09 9.109523e-05
0.8151365 0.97019273 0.9023135 0.96299314 1.3376076e-14 0.30538973 0.954879 0.22538479 0.8841198 0.59527075 0.311507 0.23055862 0.0283109 0.045498885 0.0023367933 0.7792248 0.038013995 0.00047088653 0.06176979 0.0014835929 0.016108848 0.0004959488 3.332146e-05 0.4655077 1.2689249e-05 0.001174166 0.0076470124 0.00046215832 0.19405295 0.031490307 8.2402175e-06 6.0277403e-06 0.0002931258 7.307112e-05 7.493547e-05 0.00043235873 9.608278e-07 0.07642197 0.0012619593 8.407302e-06 0.0018956739 0.00075246947 0.00016223337 0.002283625 3.621407e-07 1.0539017e-05 4.2604746e-08 0.090385295 1.7754968e-06 2.1502124e-06 0.00032212306 1.672439e-06 0.025218843 0.0002126366 0.00062751916 0.02896244 4.8532165e-05 8.5778026e-07 0.009530393 0.003954801 6.852249e-07 6.567851e-06 5.0133373e-09 6.1657283e-07 1.9666111e-05 0.00013619935 1.9173985e-06 7.740772e-07 3.9139982e-07 7.6225833e-06 1.2481141e-06 6.2076896e-07 0.0012820002 7.4655634e-07 1.3775367e-08 1.2371052e-06 0.00015993902 3.742795e-06 2.6957646e-06 4.701757e-06 2.113532e-06 0.0014652202 4.9870464e-06 8.689761e-08 3.0986405e-09 0.00019963572 2.020163e-08 8.47175e-05 4.1367154e-09 3.994001e-07 6.558757e-06 6.762134e-08 3.2818885e-08 1.1344045e-08 7.826462e-07 8.162511e-08 1.2586053e-06 0.003943042 1.15869824e-07 8.9508484e-10 3.75732e-05
0.89493376 0.5009276 0.8060786 0.02105441 0.30538973 4.2909524e-15 0.008972131 0.960218 0.5545192 0.7311661 0.0008463805 0.86554646 0.90908355 0.9715514 0.81270444 0.44722632 0.00037337415 5.5437545e-06 0.0043617575 5.6166693e-05 0.0012465328 7.852724e-06 1.974776e-06 0.07847587 0.016863238 0.033523183 0.001539079 6.8269583e-06 0.013608048 0.011074481 0.006264662 0.00059771404 0.0066044037 0.002023796 2.1766303e-07 0.07708021 1.01420305e-07 0.0007947771 0.00029036606 6.2139334e-05 0.0021609177 3.799149e-07 0.0010957835 0.01272404 8.986387e-06 6.28775e-07 2.2713863e-08 0.25796315 1.6974237e-08 2.111669e-07 0.00042012866 0.00013490648 0.044438902 0.0026831033 0.0029717833 0.011681047 9.4351515e-07 5.0432694e-09 0.046409313 0.17193596 4.679236e-07 9.3814115e-06 1.1862064e-09 3.3553524e-06 0.0027937922 0.00028020825 6.9818293e-07 2.1547798e-06 2.8764161e-06 1.3448296e-06 0.0002852157 3.1660138e-06 0.070637316 1.0686244e-05 3.6036578e-05 5.806546e-05 0.008756588 0.00019453895 4.291023e-05 0.0010481848 8.4622707e-07 0.0010351929 0.00010906614 6.673596e-08 8.444489e-08 0.017111948 1.1930231e-08 0.009456317 8.961102e-09 1.3987642e-06 0.00022646946 4.3880856e-08 8.6504895e-07 7.699916e-09 3.1597817e-06 2.2762299e-07 3.035975e-06 0.004895827 1.5338632e-06 1.4992766e-09 3.3040965e-07
0.5389746 0.5788215 0.3024021 0.9739871 0.954879 0.008972131 2.1734615e-12 0.011060839 0.6076653 0.13988498 0.98548 0.012566642 0.0016221602 0.0015675992 0.00013618855 0.4293185 0.012750145 0.0021576209 0.022446703 0.019674977 0.007462557 0.0012714531 0.00011433739 0.51448786 3.5405535e-06 0.00021796538 0.002630786 0.010015719 0.4051606 0.014569707 2.2122285e-06 8.900619e-06 3.9093764e-05 2.8836492e-05 0.00083352486 0.00010347999 7.710686e-06 0.77309364 0.0006948276 2.1098626e-06 0.0011015893 0.009824213 3.676097e-05 0.00046542872 1.2365967e-06 5.515834e-05 3.816249e-07 0.021443095 1.6929676e-05 1.5293082e-05 0.00023403326 1.2889979e-06 0.018438375 3.595714e-05 0.00014369324 0.023003047 0.00030149787 6.519251e-06 0.0016744387 0.0007081403 2.74407e-06 1.589756e-05 3.063085e-08 7.4430673e-06 2.5573434e-05 4.6364115e-05 3.473454e-06 5.31122e-06 1.0959579e-06 1.4585915e-05 5.3443654e-07 4.9487153e-07 0.0002233832 4.9045417e-07 8.8820223e-10 1.8109948e-05 1.3914421e-05 2.1420163e-07 2.587907e-06 1.6468006e-06 4.9059025e-07 0.00097449205 1.4388933e-06 1.0385235e-07 6.955808e-08 1.0483382e-05 1.1186598e-07 1.1228861e-05 3.4384847e-08 1.1347498e-06 3.1552288e-06 1.6272726e-07 3.0105447e-08 7.689643e-09 1.2278315e-06 8.102683e-08 6.2426843e-06 0.0018274375 9.415717e-07 2.9561515e-09 2.0206882e-05
0.9654964 0.46948317 0.7017367 0.03940716 0.22538479 0.960218 0.011060839 1.1228918e-12 0.43377098 0.86692 0.0018148017 0.96609706 0.92888486 0.8492795 0.64556265 0.2642912 0.0009884725 0.00014218898 0.01621473 0.00018334878 0.0020642679 3.371022e-05 9.031753e-06 0.053074874 0.032622274 0.093099035 0.0015054872 4.431763e-05 0.017731288 0.0303972 0.021420896 0.0039028241 0.02237059 0.0038257511 7.048906e-07 0.24116461 9.3841896e-07 0.0012580635 0.00022519857 0.0005164431 0.0016280195 1.0348572e-06 0.002345881 0.016909353 3.5997695e-05 3.72757e-06 2.3294136e-07 0.27152172 1.835393e-06 4.5635666e-06 0.00035204628 0.00017087004 0.038201302 0.002277822 0.0051794625 0.017261576 2.204305e-05 3.8132475e-07 0.025652675 0.29618016 3.2588778e-06 2.2283963e-05 3.958668e-08 3.2572858e-05 0.012299951 0.0006579788 4.969499e-06 1.464419e-05 2.7500835e-05 1.2129524e-05 0.0007782168 1.7983533e-05 0.16839452 1.4698954e-05 0.0002651001 0.0004442012 0.021130893 0.00083027437 3.612732e-05 0.0031285991 8.037489e-06 0.0028793502 0.00018784613 4.833009e-07 5.4936424e-07 0.015305275 3.9290586e-07 0.016715668 3.8788937e-07 3.5289333e-06 0.00059297105 6.4972073e-07 6.408457e-07 7.998941e-08 1.0797516e-05 3.3173778e-06 7.851885e-06 0.008873461 2.8682116e-06 7.4938e-08 5.6525405e-06
0.89718646 0.8854202 0.9247901 0.29551867 0.8841198 0.5545192 0.6076653 0.43377098 7.9753077e-13 0.45069915 0.024974894 0.22755378 0.14113104 0.45967755 0.01648233 0.9849157 0.0012516992 3.896234e-05 0.003873963 0.00040152928 0.0013500346 2.1365713e-05 1.0852524e-06 0.8378323 0.00032550888 0.0014465473 0.00091259315 8.761486e-05 0.42579585 0.006283977 0.0001411216 9.176935e-05 0.0005224533 0.00031007148 3.4017098e-06 0.0036044486 2.4822646e-07 0.029837158 0.00016848248 1.0208678e-05 0.0004951593 6.335996e-05 0.0001103442 0.0009594896 2.6065554e-06 1.7725598e-06 1.3796589e-08 0.5904382 4.6958817e-08 4.146922e-07 8.41463e-05 2.5007853e-06 0.1944535 0.00024783844 0.00090824894 0.2251244 2.420265e-05 4.8956178e-08 0.07330944 0.114922754 2.1545054e-07 2.1237577e-06 5.5217226e-09 6.196245e-07 2.140783e-05 0.00012951466 8.464095e-07 2.4080308e-07 1.9986057e-07 4.2757592e-06 0.00016093462 1.8434615e-07 0.0075597856 9.194718e-07 8.7704984e-07 2.6252858e-06 0.0011047245 0.000112119385 5.2148634e-06 0.00011767582 5.270996e-07 0.00096963486 1.0787821e-05 2.927259e-07 2.7302997e-08 0.013588233 1.5275954e-07 0.0028464545 1.2760757e-08 1.476381e-06 8.784143e-05 6.8094045e-07 2.3950928e-05 7.5841555e-09 9.275007e-06 1.8428349e-08 1.4110203e-05 0.0038139846 1.0178406e-05 4.4952206e-09 3.9621606e-05
0.9957215 0.88335335 0.9129376 0.5771766 0.59527075 0.7311661 0.13988498 0.86692 0.45069915 1.1996493e-12 0.1235836 0.89189243 0.55618894 0.36085838 0.20199122 0.23126554 0.11563844 0.013098725 0.5180756 0.008046805 0.089111686 0.0022280822 0.000591834 0.054723214 0.010200597 0.089695856 0.0683307 0.000777449 0.021853482 0.33532274 0.008390674 0.003358735 0.013324803 0.003321362 3.6212277e-05 0.039676454 3.4363886e-05 0.0021862148 0.008363012 0.0009539868 0.029650733 2.35417e-05 0.0038499497 0.16609073 0.00011348062 0.0001437907 1.62867e-05 0.065645926 4.5170644e-05 5.7151174e-05 0.0049110944 0.0005569416 0.01397104 0.01319925 0.0170349 0.012367844 0.0001221654 8.474648e-06 0.0065861354 0.02536504 4.335786e-05 0.0002596178 4.228868e-06 0.00015724047 0.0021458964 0.0019730434 3.519192e-05 0.000111129164 0.0001920083 0.00011597137 6.251386e-05 0.00021287377 0.010192099 5.8381847e-05 9.884566e-06 0.00047626294 0.003162082 0.00028541623 4.740652e-05 0.001254169 2.9826975e-05 0.009308241 0.00012998971 2.968649e-06 3.0781991e-06 0.0002881622 9.458489e-06 0.0005176665 5.7067214e-06 2.0901232e-05 9.479562e-05 7.297866e-06 3.3412528e-07 1.2102734e-06 1.904544e-05 4.2669444e-06 3.201854e-05 0.025991037 2.6181724e-06 5.285438e-07 1.9688443e-05
0.68165195 0.2999934 0.05143484 0.9761284 0.311507 0.0008463805 0.98548 0.0018148017 0.024974894 0.1235836 1.7862462e-15 0.005965176 0.0001869051 9.971829e-05 2.6218544e-05 0.01237458 0.41865084 0.31697604 0.27815393 0.73252374 0.15628916 0.21477635 0.0071500214 0.095686644 3.83086e-07 4.8567632e-05 0.0534277 0.4949613 0.09110263 0.13374752 3.73427e-08 4.7861465e-07 8.898666e-06 3.3034648e-06 0.062896416 9.7348175e-06 7.7454984e-05 0.8853336 0.0063384864 1.9605531e-07 0.008692364 0.19245283 5.8534715e-05 0.0013724361 7.195619e-08 0.00028883762 8.612615e-07 0.0021851226 0.0009664032 0.00018832379 0.0015779359 2.1533984e-07 0.0010778264 6.350278e-05 0.0005357325 0.0012755088 0.014235402 0.0013715948 0.00025725964 9.448767e-05 1.4014996e-05 8.199208e-05 2.3577318e-08 2.147364e-06 2.3366572e-06 5.2919087e-05 5.8905316e-05 2.0442997e-06 2.6806708e-07 4.666725e-06 9.220274e-08 7.129644e-07 3.3076085e-05 1.6382019e-07 3.3843413e-09 5.651799e-05 1.8039626e-06 2.1941389e-07 5.78665e-07 1.4076022e-07 1.0942243e-06 0.0008724184 2.6625698e-06 6.611187e-08 6.6864004e-08 9.301088e-07 1.2948051e-07 3.0850387e-07 1.0420574e-07 1.4539453e-06 1.151188e-06 2.9982818e-08 5.8867173e-09 3.5225177e-08 1.5571343e-06 4.1084885e-08 7.4673015e-05 0.004235734 1.1219784e-07 5.536254e-09 2.0066522e-05
0.99053615 0.55956703 0.7197569 0.07114119 0.23055862 0.86554646 0.012566642 0.96609706 0.22755378 0.89189243 0.005965176 7.68731e-13 0.92165077 0.59578866 0.69681716 0.14236075 0.009072802 0.00041463436 0.08160641 0.0005008112 0.008104678 8.940658e-05 4.1253657e-05 0.023743553 0.07138653 0.3809651 0.009035022 0.00011747019 0.006420166 0.0853247 0.042596776 0.014788021 0.102185786 0.020120643 9.1295175e-07 0.07889307 2.6336288e-06 0.0005952203 0.002066088 0.0021794026 0.012530876 2.5132779e-06 0.013867157 0.24261716 0.00044550485 2.0732112e-05 8.310277e-07 0.06015396 1.207579e-06 1.0604155e-05 0.0014219921 0.0016295153 0.008791217 0.028950144 0.033789743 0.0058802776 1.8133207e-05 2.2804038e-07 0.013167341 0.053911544 5.7133648e-06 0.00010437479 9.631337e-08 0.00030630679 0.008885117 0.0040314165 5.474154e-06 0.00010369328 0.00020544218 8.256158e-05 0.00042852896 0.0003244214 0.04556855 0.00013080162 0.00015626548 0.0011924421 0.009059336 0.0006400048 0.000116064984 0.0010720926 8.228105e-05 0.023959702 0.00033523684 3.3554406e-07 3.479856e-06 0.0005563617 2.0348008e-07 0.0024968772 1.7159924e-07 1.8262692e-05 0.00025551775 5.186385e-06 4.0469584e-07 1.1209597e-06 2.4990415e-05 9.91768e-06 1.87706e-05 0.03525465 1.1881647e-06 2.0260795e-07 6.1337796e-06
0.9331832 0.068651855 0.24032855 0.002295328 0.0283109 0.90908355 0.0016221602 0.92888486 0.14113104 0.55618894 0.0001869051 0.92165077 3.3961806e-13 0.86195844 0.98165655 0.09633137 0.00025032312 5.1473444e-06 0.0025778718 5.7236204e-05 0.00059167884 8.713486e-06 1.1698197e-06 0.01772505 0.24373353 0.26304308 0.0005843184 2.0372436e-05 0.002710429 0.006000532 0.086374864 0.024117593 0.07028379 0.02855481 2.508966e-07 0.43671548 1.6135915e-07 0.00011060252 8.3394065e-05 0.002484143 0.0008867466 1.1288209e-06 0.008162081 0.03180723 0.00048508958 1.0449738e-06 3.393716e-08 0.1417008 5.481857e-07 9.971648e-07 0.00013499206 0.00047240593 0.008797927 0.005187345 0.006253952 0.00347673 7.164716e-06 3.9326444e-08 0.021715606 0.25266284 3.7568253e-07 4.8376833e-06 5.334888e-09 6.29898e-05 0.044056863 0.0009753446 4.781607e-07 2.2199205e-05 8.284686e-05 1.9149435e-05 0.0034446407 4.1869076e-05 0.24988882 4.8461403e-05 0.0037658724 0.0009989705 0.050067145 0.00420195 0.00041549702 0.0034198102 1.4121335e-05 0.004995202 0.00069232925 1.9754947e-07 3.9563697e-06 0.0119088795 5.3307616e-08 0.030963933 3.3869135e-08 2.8354925e-05 0.0016442225 1.5863717e-06 9.207581e-07 3.11241e-07 1.794324e-05 1.888249e-05 1.3929052e-05 0.009285305 3.8722023e-06 4.8580386e-08 3.0112644e-05
0.91960603 0.056561645 0.34472865 0.00047720087 0.045498885 0.9715514 0.0015675992 0.8492795 0.45967755 0.36085838 9.971829e-05 0.59578866 0.86195844 2.0009196e-12 0.9190868 0.65217525 6.4459025e-05 6.1471457e-07 0.0006112011 2.6340394e-05 0.00030734236 1.3560417e-06 2.0900771e-07 0.14765452 0.30066052 0.049122695 0.0004832786 1.1732928e-05 0.017342553 0.0065592295 0.19486335 0.010361723 0.017553583 0.0066243587 5.507014e-07 0.87120366 1.4257955e-07 0.00035703336 0.00016152584 0.00046777268 0.0010879624 2.9184519e-06 0.004482905 0.0107587 9.512853e-05 1.3659131e-07 2.6939244e-08 0.85125744 5.9094905e-08 1.0498518e-07 0.00018015952 0.00039723117 0.13664001 0.002765567 0.0052437014 0.024553929 3.5021574e-05 4.7508998e-08 0.33431497 0.7968536 4.4879837e-08 1.665069e-06 1.0278658e-08 4.5234683e-06 0.031957954 0.00023899626 1.9711023e-07 4.132656e-06 6.3564553e-06 5.5669598e-06 0.020108951 2.5836407e-06 0.69680876 1.5342019e-05 0.004569685 0.00035471216 0.31278762 0.021015927 0.0005398365 0.052375615 1.3552233e-06 0.0022692834 0.0027048127 4.3542215e-07 2.0751575e-05 0.2461694 9.701416e-08 0.26609346 7.04778e-08 4.7900143e-05 0.020908799 5.084434e-07 4.7783207e-05 4.9455473e-08 8.380177e-05 1.5132206e-07 2.1782584e-05 0.004431529 0.00017792615 3.9171255e-08 2.7009255e-05
0.88078237 0.0031622613 0.021666083 9.402932e-05 0.0023367933 0.81270444 0.00013618855 0.64556265 0.01648233 0.20199122 2.6218544e-05 0.69681716 0.98165655 0.9190868 3.3340553e-15 0.018463492 5.9683058e-05 2.2217289e-07 0.0005417111 1.7424689e-05 0.00015766663 3.2379608e-06 1.4679972e-07 0.0041373316 0.93131715 0.4325373 0.00033453488 4.1567555e-06 0.0003516079 0.0010495151 0.66347 0.27514574 0.123600826 0.1417241 7.456644e-08 0.6360275 7.861647e-08 1.09594175e-05 1.9989777e-05 0.004412474 0.00035945378 1.3215698e-07 0.013189901 0.025408734 0.0021511735 1.7697937e-07 1.5116763e-08 0.056687403 2.1813191e-08 3.1608728e-08 9.4504605e-05 0.0011470747 0.0028226404 0.006714066 0.007223136 0.00013685125 4.050996e-06 5.2651075e-09 0.013530418 0.14432374 1.402061e-07 8.14589e-07 1.5229799e-09 8.086839e-05 0.10354183 0.00091477064 8.2247105e-08 2.962948e-05 0.0001310611 3.0208024e-05 0.022332218 2.6932039e-05 0.29517582 9.087709e-05 0.025951045 0.0015971384 0.09590604 0.014969761 0.002965262 0.010534311 2.9449613e-05 0.003733396 0.006080828 2.6636718e-08 1.7321318e-05 0.019366093 1.4673869e-09 0.045421917 3.795645e-08 0.00010961305 0.004918519 1.9113453e-07 7.8685747e-07 3.0844183e-07 3.362196e-05 3.0571657e-05 1.0695156e-05 0.009860393 5.4684197e-06 2.6373433e-08 3.642461e-06
0.8360707 0.7145331 0.7934058 0.1928141 0.7792248 0.44722632 0.4293185 0.2642912 0.9849157 0.23126554 0.01237458 0.14236075 0.09633137 0.65217525 0.018463492 2.702236e-15 0.00035261008 8.506972e-06 0.00095692725 8.722827e-05 0.00037953418 2.7418098e-06 1.7979366e-07 0.9599549 0.0004059499 0.000969229 0.00031171882 1.0095509e-05 0.6666068 0.0019311262 0.0002627643 0.00011395606 0.00028204668 0.00026229935 3.9787375e-07 0.0051132287 9.3912305e-08 0.06713609 7.160437e-05 7.168017e-06 0.00018590411 1.7857237e-05 6.981444e-05 0.00083660847 8.304057e-07 2.5703093e-07 1.3635515e-08 0.8733852 1.0741843e-08 4.692757e-08 6.505343e-05 6.104813e-07 0.43020096 0.00011812761 0.00046344844 0.20005219 1.0748397e-05 1.6984211e-08 0.27896777 0.23807484 3.9385746e-08 2.3665412e-07 2.1741489e-09 1.13482606e-07 1.5504713e-05 2.2177706e-05 2.0761529e-07 6.247526e-08 8.41855e-08 8.575431e-07 0.00011031273 1.2836658e-07 0.007167194 1.2490513e-06 3.5908322e-06 5.1292577e-06 0.0010677928 0.00014945409 2.5330837e-06 0.0001514203 5.565832e-07 0.0010004019 7.3065225e-06 7.585881e-08 5.678507e-08 0.02321557 2.6908584e-08 0.004172661 3.212444e-08 4.1248813e-07 3.6715774e-05 2.2028968e-07 2.9562672e-05 1.1695888e-08 6.0918874e-06 1.1922406e-08 8.599127e-06 0.002966954 8.296361e-06 1.252268e-08 1.9000113e-06
0.90710765 0.055279043 0.005567849 0.39588836 0.038013995 0.00037337415 0.012750145 0.0009884725 0.0012516992 0.11563844 0.41865084 0.009072802 0.00025032312 6.4459025e-05 5.9683058e-05 0.00035261008 2.2119518e-14 0.7714618 0.98708993 0.18196931 0.9492546 0.8870377 0.77137524 0.0004181907 8.637815e-06 0.00019540917 0.72289985 0.08990977 2.93559e-05 0.56581026 1.714616e-06 2.6621738e-06 6.815109e-05 2.5271274e-05 0.13907886 2.242907e-05 0.1144656 0.0004965818 0.37280837 5.239994e-06 0.10625399 0.0007448646 9.654241e-05 0.020206122 1.1701813e-06 0.14529699 0.00043330833 0.00085895543 0.03714017 0.011853682 0.030233394 1.715402e-05 8.544436e-05 0.0018972881 0.0010955286 4.70834e-06 0.0010621884 0.0017234171 1.6157754e-05 9.653836e-05 0.000200761 0.00030417857 0.0006605767 2.5433594e-06 6.814258e-05 0.000579407 4.3706972e-05 6.626075e-05 3.983257e-06 1.6908303e-06 1.7153445e-07 2.6646616e-05 2.1238722e-05 1.0259235e-05 3.390371e-08 4.36641e-05 1.0635744e-05 1.256271e-05 7.3392684e-06 8.380768e-07 8.8259947e-07 0.0037187045 4.2120396e-06 5.779643e-06 3.384138e-07 1.1229916e-06 6.9819926e-06 1.2217286e-06 2.8631941e-06 2.844646e-06 6.950943e-07 1.0412627e-07 3.8759946e-09 2.3748827e-08 1.3402901e-07 1.0035694e-07 4.9244627e-06 0.010542024 5.1564925e-08 3.1892263e-08 1.8317847e-05
0.92574686 0.002429168 0.00047274076 0.039777745 0.00047088653 5.5437545e-06 0.0021576209 0.00014218898 3.896234e-05 0.013098725 0.31697604 0.00041463436 5.1473444e-06 6.1471457e-07 2.2217289e-07 8.506972e-06 0.7714618 1.9861211e-12 0.41141656 0.99889475 0.3886888 0.94338095 0.32713977 4.3636537e-05 8.497841e-08 3.8174994e-06 0.39941308 0.1351914 4.5476674e-05 0.5297128 8.985971e-09 6.0782554e-08 3.3746617e-06 1.7956644e-07 0.1315997 2.8940494e-07 0.01195598 0.00083694875 0.29478317 8.1197e-08 0.17478375 0.00969407 2.1525484e-05 0.0082556 3.7665313e-08 0.006025373 4.425335e-05 1.7679458e-06 0.07236651 0.0042424756 0.020793984 1.1623599e-06 1.2813096e-06 0.0002586451 0.00096265995 9.3140824e-07 0.009769253 0.015182786 3.867034e-07 5.782187e-07 0.001679406 0.00192305 0.000115182294 7.4771634e-07 3.5437503e-07 0.0003609319 0.00023166674 5.1158577e-06 2.734245e-06 8.671498e-06 2.0718451e-07 4.6805798e-07 1.3840353e-06 3.6629685e-06 2.5219475e-08 2.621399e-07 6.9938585e-07 1.9063066e-07 7.8190095e-07 1.3137074e-07 1.4016252e-05 0.0118480595 1.1659994e-06 1.118686e-06 5.0261214e-08 3.822312e-06 7.0952105e-06 2.5746015e-06 6.727977e-08 7.0176666e-06 2.6639526e-07 5.166335e-07 3.303468e-08 3.2760724e-08 5.9433282e-06 8.206675e-08 3.3423096e-06 0.037610516 3.5471686e-07 5.8484684e-08 0.00013479768
0.82114637 0.12912087 0.031955577 0.47916824 0.06176979 0.0043617575 0.022446703 0.01621473 0.003873963 0.5180756 0.27815393 0.08160641 0.0025778718 0.0006112011 0.0005417111 0.00095692725 0.98708993 0.41141656 1.9515192e-14 0.06716325 0.9925089 0.18672074 0.089171275 0.0006461708 0.00013960271 0.021293828 0.7304262 0.040813763 0.00021284618 0.5556731 9.320877e-06 9.440413e-06 0.008476173 0.00070948247 0.013417348 0.00013289832 0.0038755203 0.00029181293 0.07657769 1.9482684e-05 0.03985465 5.2794734e-05 0.0018650799 0.15409808 3.9688126e-05 0.004062868 0.0001257673 0.00091892004 0.0021763265 0.0006292021 0.0059537045 0.00047566177 3.676588e-05 0.06346877 0.0041650096 3.8848343e-06 5.391396e-05 0.00016653612 6.565788e-05 6.336987e-05 7.4951868e-06 4.281172e-05 8.0707214e-05 6.659066e-05 0.00047519858 0.00838789 3.2185494e-06 0.00021447729 4.4886794e-05 1.427358e-06 4.7196525e-07 0.00060808135 9.842025e-05 0.00014020418 8.9022315e-08 7.086869e-05 5.748412e-05 5.7163734e-06 4.23553e-05 2.15242e-06 2.7212654e-05 0.0057232007 1.3997686e-05 1.0806082e-06 4.4958576e-08 6.164273e-06 5.1647976e-07 2.222368e-06 7.6654e-07 1.0826279e-06 7.423293e-07 2.537265e-07 3.2616991e-09 2.2624656e-07 5.48003e-08 1.6026019e-07 1.7557909e-06 0.020676363 2.464081e-08 1.1510804e-08 5.4053858e-06
0.5013525 0.003492049 0.000921352 0.052480742 0.0014835929 5.6166693e-05 0.019674977 0.00018334878 0.00040152928 0.008046805 0.73252374 0.0005008112 5.7236204e-05 2.6340394e-05 1.7424689e-05 8.722827e-05 0.18196931 0.99889475 0.06716325 2.3881277e-12 0.056155264 0.36412233 0.030630654 0.0008805301 1.17243e-06 7.110778e-06 0.032494016 0.9759797 0.0007426678 0.10428323 1.8129748e-07 1.4558002e-06 7.957794e-06 1.3151088e-05 0.53049695 2.7574617e-06 0.0006808243 0.06254017 0.020575464 8.980857e-07 0.008736036 0.116398916 2.8676173e-05 0.00040661357 3.2760116e-07 0.00042829488 3.085466e-05 2.6687661e-05 0.05565965 0.0011529825 0.0009068823 8.708215e-07 6.081077e-05 2.759473e-05 6.6728804e-05 8.483308e-06 0.056249425 0.017858729 9.898451e-06 8.469525e-06 7.8619814e-05 0.00022987224 1.47579485e-05 7.366954e-06 2.029968e-06 6.2237006e-05 1.3606204e-05 8.060656e-06 6.457143e-07 7.6727765e-06 1.6896117e-06 1.3673005e-06 1.1625806e-06 8.016667e-06 6.8792083e-10 1.5404476e-05 1.1664136e-07 1.2423563e-07 1.0590102e-06 1.7592143e-07 4.6120894e-07 0.0014433635 8.056691e-06 1.8482717e-06 3.028485e-08 1.5045204e-07 1.9913801e-05 7.795831e-07 2.2181638e-07 2.9200278e-06 1.8672249e-06 7.224113e-06 1.8815494e-07 4.327328e-08 6.4688506e-06 4.5322594e-08 0.00015580626 0.004571721 2.5490354e-07 1.6890823e-07 0.00012561327
0.8097193 0.020225719 0.005767065 0.22059445 0.016108848 0.0012465328 0.007462557 0.0020642679 0.0013500346 0.089111686 0.15628916 0.008104678 0.00059167884 0.00030734236 0.00015766663 0.00037953418 0.9492546 0.3886888 0.9925089 0.056155264 8.643928e-14 0.22729217 0.24408802 8.925971e-05 3.29357e-05 0.002748309 0.9531688 0.026188135 1.1300978e-05 0.81650317 1.3246135e-05 7.1764166e-06 0.0007580042 0.00023174653 0.008283735 9.30525e-05 0.031161187 3.841891e-05 0.5771203 2.6121383e-05 0.1860772 0.00011385135 0.0016042313 0.098205775 2.0779893e-05 0.035295043 0.0004719797 0.00023808834 0.02447664 0.0075401114 0.042366534 0.00032770383 1.0356426e-05 0.022912223 0.004510918 6.757064e-07 0.00011941137 0.0008492581 8.479794e-05 4.158883e-05 0.0002819907 0.00039212898 0.00042604512 0.00025688944 0.00028161178 0.004500176 9.470103e-05 0.00014889869 8.3049374e-05 8.4719e-06 7.435294e-07 0.00045193383 0.0001804064 0.00045537457 3.2008657e-08 1.8655332e-05 2.7542936e-05 7.515353e-07 3.4038436e-05 3.5124089e-07 9.487133e-05 0.017219631 1.5925647e-05 1.2316696e-05 8.273644e-08 2.5985485e-06 6.90407e-05 1.4573659e-06 3.5972969e-06 9.745124e-07 1.9213944e-06 6.248816e-07 4.3191477e-08 6.0816103e-07 6.7087434e-08 5.1152057e-07 2.4874285e-07 0.036172826 1.0786256e-07 5.683892e-08 4.1041127e-05
0.9022919 0.00036337975 9.641332e-05 0.027690792 0.0004959488 7.852724e-06 0.0012714531 3.371022e-05 2.1365713e-05 0.0022280822 0.21477635 8.940658e-05 8.713486e-06 1.3560417e-06 3.2379608e-06 2.7418098e-06 0.8870377 0.94338095 0.18672074 0.36412233 0.22729217 2.848575e-13 0.99013054 1.8538209e-05 1.0568737e-07 1.8471854e-05 0.49103716 0.22222771 1.1140882e-05 0.6365781 9.058216e-08 9.021817e-08 8.306661e-06 2.5253314e-06 0.7187594 5.309179e-06 0.32823408 0.00038028831 0.5225505 2.8823982e-07 0.2815145 0.0033472301 1.9920353e-05 0.009512373 2.7993943e-07 0.087082565 0.0059844214 5.081441e-06 0.52429014 0.110931806 0.06868023 2.960117e-06 4.0179725e-06 0.0007108974 0.0012997112 6.413893e-07 0.009702815 0.056476 2.5164218e-06 2.7048627e-06 0.0023182721 0.00064446765 0.00064446 7.63678e-06 1.1588801e-06 0.00026756816 2.3044566e-05 5.3138523e-05 6.6743695e-07 1.6500375e-06 9.7453324e-08 6.845532e-06 3.7774525e-06 1.4798495e-05 2.7173466e-09 5.9276626e-05 1.5258257e-06 2.2705626e-07 1.0732464e-06 5.070595e-07 2.6458408e-06 0.004978372 1.6378261e-06 1.5562433e-06 1.8368104e-07 5.0524744e-07 8.514821e-06 7.9062744e-07 1.5074598e-06 6.6694606e-06 1.5978868e-06 3.1456022e-06 7.254172e-08 3.8702326e-09 4.808757e-07 4.5217856e-08 4.4184148e-05 0.018083068 2.0324378e-06 1.4145205e-07 0.00044695474
0.92323893 7.0083006e-05 3.1304375e-05 0.0009622621 3.332146e-05 1.974776e-06 0.00011433739 9.031753e-06 1.0852524e-06 0.000591834 0.0071500214 4.1253657e-05 1.1698197e-06 2.0900771e-07 1.4679972e-07 1.7979366e-07 0.77137524 0.32713977 0.089171275 0.030630654 0.24408802 0.99013054 1.0768129e-14 1.006274e-07 4.0835822e-08 6.2571253e-06 0.5001703 0.018849805 1.7036342e-07 0.3252226 1.4551825e-08 2.1778396e-08 1.9316574e-06 6.6483676e-07 0.13070092 5.11364e-07 0.9021944 3.4300236e-05 0.80634195 9.476484e-08 0.40086687 0.00026131116 1.1167869e-05 0.0083699785 9.712618e-08 0.8276798 0.12146044 2.1819749e-06 0.33933106 0.65702313 0.21589373 1.4158572e-06 1.11558094e-07 0.0018673363 0.0007033268 9.1361185e-09 0.0019289624 0.022903373 3.295837e-06 1.7570655e-06 0.031587638 0.012020049 0.014049389 1.6032308e-06 5.5499044e-07 0.00054688734 0.000745089 4.789578e-06 9.769747e-07 3.7673016e-07 2.756247e-08 4.1793533e-06 2.068912e-06 2.3336383e-05 3.1839733e-09 9.828836e-07 2.8102673e-07 3.1061102e-08 5.0906544e-07 1.6785604e-08 5.5115142e-06 0.010008495 7.9995635e-07 2.1324777e-05 1.148716e-08 6.769903e-08 0.00069719355 4.5992203e-07 3.288379e-05 7.212245e-08 3.5809302e-07 1.5910162e-07 3.3835408e-09 1.3342374e-07 6.3152727e-09 1.0066767e-06 3.595064e-06 0.027999738 6.962736e-08 1.3992351e-08 0.00078590994
0.6325353 0.58174205 0.43245277 0.39309072 0.4655077 0.07847587 0.51448786 0.053074874 0.8378323 0.054723214 0.095686644 0.023743553 0.01772505 0.14765452 0.0041373316 0.9599549 0.0004181907 4.3636537e-05 0.0006461708 0.0008805301 8.925971e-05 1.8538209e-05 1.006274e-07 1.6952346e-14 0.00018144355 0.00013113723 0.00019163986 0.00032147826 0.99815226 0.00053149194 0.00018686715 4.8550126e-05 1.2085128e-05 1.4399634e-05 5.6615255e-07 0.00077939953 4.3641037e-07 0.4731431 5.353262e-05 2.446648e-06 0.00016701073 0.000119396915 1.2067633e-05 7.768942e-05 3.5482767e-08 1.7612953e-06 2.7318105e-08 0.21282572 1.6461419e-07 1.5169918e-07 5.4228716e-05 3.4411204e-07 0.12838157 8.875276e-06 8.619321e-05 0.15295509 7.2018636e-05 1.1661478e-07 0.07356305 0.031255063 1.4262116e-07 4.9199375e-06 1.3884072e-08 3.5683541e-07 1.6816239e-06 6.720229e-05 8.0523233e-07 9.07499e-08 7.249783e-07 6.967805e-06 2.3144823e-07 4.7012858e-08 0.000252603 7.108098e-08 2.0886276e-08 1.3859803e-07 5.6086832e-05 1.5908212e-06 3.5093723e-07 9.181833e-06 5.2342875e-07 0.0013620344 6.5815925e-07 6.923484e-08 3.4657308e-08 0.009986114 5.4306575e-08 0.00021890111 4.412702e-08 1.7227087e-07 1.2479885e-05 4.424478e-07 2.7629703e-05 3.0127108e-08 8.0451315e-07 2.5177757e-08 9.964555e-07 0.0028170685 3.6619974e-06 3.3427952e-09 5.885986e-06
0.9479844 1.683727e-05 0.000115648436 3.5645857e-07 1.2689249e-05 0.016863238 3.5405535e-06 0.032622274 0.00032550888 0.010200597 3.83086e-07 0.07138653 0.24373353 0.30066052 0.93131715 0.0004059499 8.637815e-06 8.497841e-08 0.00013960271 1.17243e-06 3.29357e-05 1.0568737e-07 4.0835822e-08 0.00018144355 3.694167e-15 0.5451527 7.5073767e-06 2.4387393e-06 3.551336e-05 0.00027491333 0.9681869 0.92568284 0.31759697 0.69508874 8.7419096e-08 0.80020225 2.5872735e-09 7.1105737e-06 1.4207171e-06 0.13300644 5.8237434e-05 1.4448045e-06 0.096444115 0.015148645 0.0051834406 3.2826087e-08 1.0671058e-09 0.009107023 1.09291285e-07 9.865733e-09 1.3441327e-05 0.0039520995 0.00019219719 0.002611502 0.011459486 1.3453003e-06 2.1853597e-05 2.1086788e-07 0.0025760815 0.121058 8.841563e-09 3.5715118e-08 6.491252e-10 7.9733254e-05 0.6206113 0.00047818586 6.414691e-08 2.3492894e-05 3.938648e-05 1.0580608e-05 0.11248308 2.4201336e-05 0.54139334 1.7205366e-05 0.37603745 0.011446013 0.41964528 0.29901576 0.01893615 0.08406283 5.8147557e-06 0.0024873575 0.035300888 1.7620049e-07 0.00013525509 0.0092976885 1.4367204e-09 0.057269514 2.2973982e-08 0.00023052601 0.025124786 1.6825071e-07 2.476103e-07 1.728804e-08 0.00014893846 1.4800965e-05 4.7932448e-05 0.006102148 1.0512094e-05 4.9392197e-09 4.6297704e-05
0.96069443 0.0021199898 0.003939546 0.00029220307 0.001174166 0.033523183 0.00021796538 0.093099035 0.0014465473 0.089695856 4.8567632e-05 0.3809651 0.26304308 0.049122695 0.4325373 0.000969229 0.00019540917 3.8174994e-06 0.021293828 7.110778e-06 0.002748309 1.8471854e-05 6.2571253e-06 0.00013113723 0.5451527 7.145537e-15 0.0008726864 8.862309e-06 8.035994e-06 0.025595877 0.43358123 0.5856313 0.98275 0.97089046 1.6745207e-07 0.07499006 2.1046485e-07 4.009186e-05 0.00014578679 0.33763143 0.0029125258 1.8081583e-06 0.65210366 0.54405534 0.22138645 1.4674982e-06 1.2546127e-07 0.00145066 1.3780709e-07 3.133472e-07 0.0009519625 0.07097435 2.7299497e-05 0.20795783 0.21066014 6.821507e-07 2.731669e-05 7.083679e-07 0.0003955114 0.00066616456 1.2293265e-06 1.3219897e-05 7.9864515e-09 0.008377873 0.12456514 0.017619438 6.05432e-07 0.0009997324 0.0069983792 0.0014487335 0.003572848 0.0019642552 0.013072568 0.0001409153 0.024136472 0.01788461 0.008489531 0.005582817 0.00859657 0.0025742739 0.00020648596 0.030047672 0.004427927 1.7863181e-07 0.00075977115 0.00013436528 7.15661e-08 0.001373314 6.569252e-07 0.0003497186 0.00020963464 4.957244e-06 6.3054316e-08 4.9159935e-06 0.00015358685 0.00018530794 0.00040683002 0.046985894 2.4227766e-06 1.0192739e-06 7.0983915e-06
0.86613715 0.012556447 0.004429108 0.06800714 0.0076470124 0.001539079 0.002630786 0.0015054872 0.00091259315 0.0683307 0.0534277 0.009035022 0.0005843184 0.0004832786 0.00033453488 0.00031171882 0.72289985 0.39941308 0.7304262 0.032494016 0.9531688 0.49103716 0.5001703 0.00019163986 7.5073767e-06 0.0008726864 2.6197863e-15 0.00837774 8.783293e-06 0.9899771 1.0442645e-06 9.932909e-06 0.0005355282 5.447316e-05 0.020704541 2.1577915e-05 0.14318354 2.0892641e-05 0.92704046 2.6671558e-05 0.7366023 1.2954178e-05 0.00033745234 0.06450851 1.3716921e-05 0.036201674 0.0063353893 0.00012210727 0.022909373 0.012215335 0.10160609 0.0002730584 1.4886638e-05 0.007951423 0.0032505258 2.2432688e-07 0.00010418523 0.0004399358 7.0132286e-05 1.7442095e-05 0.00017117063 0.0012170821 0.0012463433 3.8906088e-05 8.187433e-05 0.004289763 6.952959e-05 9.739541e-05 1.6291111e-05 3.565303e-07 1.6071544e-06 0.00020171887 0.00011281194 0.0002543983 1.0246947e-08 1.9208366e-05 3.4427535e-06 7.42296e-07 1.0457214e-06 2.9284985e-07 3.6596673e-05 0.012913918 1.6636246e-06 3.7381928e-06 3.0537866e-08 4.7661504e-07 9.689941e-06 5.659269e-07 7.5304844e-05 2.4449568e-08 3.4814641e-07 9.2211884e-08 8.04355e-09 1.7780478e-07 1.3120052e-08 6.60991e-09 6.550202e-07 0.03700459 8.459995e-09 7.334989e-09 4.499836e-05
0.4689404 0.00133029 7.95666e-05 0.05389742 0.00046215832 6.8269583e-06 0.010015719 4.431763e-05 8.761486e-05 0.000777449 0.4949613 0.00011747019 2.0372436e-05 1.1732928e-05 4.1567555e-06 1.0095509e-05 0.08990977 0.1351914 0.040813763 0.9759797 0.026188135 0.22222771 0.018849805 0.00032147826 2.4387393e-06 8.862309e-06 0.00837774 7.7126985e-14 0.001186549 0.04136945 7.0898736e-08 1.3682135e-06 9.353717e-06 4.3379355e-06 0.989468 4.869905e-06 0.00046122467 0.7835947 0.0032528685 3.2695305e-06 0.00207464 0.8363513 0.00017098935 0.00012468401 7.3127194e-06 0.00040737804 8.572729e-06 1.8200464e-05 0.009998131 0.0004052175 0.00043318086 1.7600518e-05 1.2003277e-05 1.3367797e-05 0.00013816117 3.1433506e-06 0.38372612 0.012935562 8.804154e-05 4.5598266e-05 1.3296177e-05 6.142059e-05 7.945679e-07 0.00024035465 5.6136705e-05 6.7265115e-05 1.3327914e-05 7.765409e-05 8.996163e-06 3.2287793e-05 2.3837617e-06 4.262176e-07 1.636105e-05 3.95036e-06 3.8232722e-07 0.004060027 4.7567037e-06 1.797993e-07 1.6143058e-05 9.600067e-06 3.1508687e-06 0.0023456304 0.000113922804 1.3448957e-07 1.4681281e-06 7.255632e-06 1.0501287e-06 2.8649642e-06 1.5481736e-07 4.7180483e-06 0.0001735539 2.4687515e-05 2.2186345e-08 2.8294887e-06 1.5043742e-05 1.02582156e-07 0.0007957294 0.0041815224 4.603591e-07 1.5914684e-07 0.00045554957
0.28700078 0.3550183 0.22913301 0.28101188 0.19405295 0.013608048 0.4051606 0.017731288 0.42579585 0.021853482 0.09110263 0.006420166 0.002710429 0.017342553 0.0003516079 0.6666068 2.93559e-05 4.5476674e-05 0.00021284618 0.0007426678 1.1300978e-05 1.1140882e-05 1.7036342e-07 0.99815226 3.551336e-05 8.035994e-06 8.783293e-06 0.001186549 7.826644e-14 2.9941002e-05 4.3322502e-06 1.4866562e-05 9.696269e-07 7.680544e-06 7.644003e-05 8.9638466e-05 7.527339e-07 0.9369536 2.4542396e-05 9.838471e-08 2.3882818e-05 0.0019291943 2.6784003e-06 3.4593068e-05 6.0427574e-08 3.8155413e-06 7.0172916e-08 0.56367475 8.787826e-06 1.5101102e-06 1.0108737e-05 1.7766155e-07 0.54062927 2.5455822e-06 6.758202e-06 0.8828211 0.00067209336 2.805472e-05 0.35066542 0.1044899 1.4246035e-07 1.647979e-06 3.2778477e-08 1.0742812e-05 1.2668856e-06 7.224774e-06 2.515004e-06 4.938499e-07 2.0237535e-06 1.340464e-05 3.2126954e-06 1.7376337e-08 8.3756466e-05 7.2426934e-07 5.1541623e-08 2.6892309e-05 5.254348e-05 1.2208341e-06 1.0199277e-07 1.1571976e-05 1.3337876e-08 0.0014469232 5.3343643e-07 6.396679e-07 7.0035284e-09 0.0026109407 1.1632194e-06 5.3831136e-05 1.0875484e-06 2.0133891e-06 2.411094e-05 1.5929952e-06 0.00014870343 8.643043e-07 5.46477e-06 8.4894947e-07 5.6306e-06 0.0017721687 3.6777557e-05 1.5005877e-08 4.9171304e-05
0.99012953 0.09110282 0.0487001 0.24465746 0.031490307 0.011074481 0.014569707 0.0303972 0.006283977 0.33532274 0.13374752 0.0853247 0.006000532 0.0065592295 0.0010495151 0.0019311262 0.56581026 0.5297128 0.5556731 0.10428323 0.81650317 0.6365781 0.3252226 0.00053149194 0.00027491333 0.025595877 0.9899771 0.04136945 2.9941002e-05 3.564168e-16 6.8845555e-05 7.899658e-05 0.01552226 0.0012052855 0.0049050194 0.00032169936 0.07652519 4.2434665e-05 0.43604478 9.7462296e-05 0.5018356 2.9006396e-05 0.009664909 0.5358533 0.00014217406 0.016373202 0.0063288556 0.00022439356 0.012952709 0.011907086 0.042739827 0.0025170739 2.9419156e-05 0.15359671 0.06658132 5.667311e-05 5.0848226e-05 0.00020377323 7.486154e-05 0.00020883608 8.488159e-05 0.00073315634 0.0011136819 0.0008648127 0.00013791998 0.11957331 2.8597027e-05 0.0010869772 0.00051879283 6.569809e-05 5.473653e-06 0.0035326646 0.0003673169 0.0067964816 3.7820828e-07 0.00036827938 4.4502158e-05 6.731302e-06 1.2436864e-05 1.0622931e-05 0.0019909774 0.30677816 3.911392e-06 2.251307e-06 1.2616613e-06 2.2125292e-05 1.26924915e-05 7.635942e-06 2.242935e-05 8.322062e-07 5.7545576e-06 9.016587e-06 5.266275e-08 1.5887754e-05 2.0336641e-07 4.6405782e-07 4.1982485e-06 0.32729152 3.2430458e-07 7.613505e-07 5.7186993e-05
0.9212937 7.850979e-06 7.847353e-05 8.745929e-08 8.2402175e-06 0.006264662 2.2122285e-06 0.021420896 0.0001411216 0.008390674 3.73427e-08 0.042596776 0.086374864 0.19486335 0.66347 0.0002627643 1.714616e-06 8.985971e-09 9.320877e-06 1.8129748e-07 1.3246135e-05 9.058216e-08 1.4551825e-08 0.00018686715 0.9681869 0.43358123 1.0442645e-06 7.0898736e-08 4.3322502e-06 6.8845555e-05 1.449082e-14 0.95289725 0.33857206 0.44824618 1.6117573e-08 0.9473205 3.2829013e-09 3.987514e-06 5.734378e-07 0.13282712 1.0102848e-05 1.0519861e-06 0.09685323 0.014965227 0.0102498755 4.3438753e-08 1.6146583e-09 0.0063561318 9.0134925e-08 9.524917e-09 5.8371184e-06 0.0057791974 0.0004904488 0.0040193563 0.014916348 1.2405159e-06 1.36014305e-05 1.3263552e-07 0.0026363025 0.024823267 6.318499e-10 7.5573006e-08 1.3893071e-09 8.757043e-05 0.86618614 0.00047422593 5.7885845e-08 3.505663e-05 5.8406906e-05 6.4654436e-05 0.30339018 5.138906e-05 0.5141699 5.178628e-05 0.62912774 0.026830396 0.500405 0.29337397 0.18269864 0.19107097 2.872978e-06 0.0025810904 0.112178296 1.8442931e-07 0.0016987243 0.0076677296 6.3107337e-09 0.04130207 1.351985e-09 0.0011441724 0.016516987 3.1151046e-06 1.4724277e-07 2.015629e-08 0.00054398616 3.4593464e-05 0.00040550972 0.0070566256 8.9779505e-06 1.5269421e-08 2.2303236e-06
