1.4900973e-16 0.00255621 0.0598451 0.07744194 0.0041112895 0.4086997 0.022688523 0.8175636 0.061208297 0.8762222 0.83301765 0.8719235 0.82991046 0.83113134 0.9070882 0.9428658 0.07449312 0.4887969 0.8846126 0.8879886 0.9417879 0.3039919 0.64582014 0.7418305 0.93132377 0.8791339 0.9043266 0.87406766 0.9713921 0.9701639 0.9756759 0.7428214 0.95713633 0.5248669 0.9392501 0.9489439 0.8781722 0.96675843 0.5162851 0.9497926 0.70815957 0.9520388 0.42375186 0.7906884 0.9670846 0.023703571 0.9669713 0.9239084 0.8736176 0.97521025 0.97576 0.9181766 0.98024076 0.79293865 0.88872534 0.9874246 0.34667754 0.9303572 0.950551 0.9205665 0.57460123 0.7976094 0.0017922797 0.7777702 0.3149806 0.7171284 0.864168 0.4936317 0.8904332 0.8411246 0.8235293 0.47319895 0.9704615 0.26388538 0.9969515 0.64256895 0.00024037529 0.9014306 0.8779947 0.7361973 0.000374072 0.9231779 0.76438975 0.5835365 0.061757647 0.9861261 0.99367285 0.0001842067 0.9929342 0.93617153 0.8523427 0.28182942 0.9920062 0.0006445537 0.45053115 0.9999887 0.986946 0.8783968 0.060759183 0.084049806 0.9999984
0.00255621 4.821393e-15 0.9779514 0.9762678 0.9884157 0.31599233 0.0007437384 0.33358392 0.012083411 0.01773792 0.0008960125 0.0018514022 0.0022587567 0.009071163 0.0033794285 0.002682089 0.0013095053 7.549029e-05 0.00018980553 2.2594339e-05 0.00039010376 5.1243487e-06 1.248491e-05 1.7745446e-05 1.0816408e-05 1.4043187e-05 1.0229623e-05 3.8249627e-06 1.0231505e-05 5.513764e-06 1.6449683e-05 3.7641216e-06 0.00020176679 0.0012786748 9.606886e-07 1.5922994e-06 7.4644777e-06 9.371602e-06 2.0225882e-06 4.452999e-06 3.9925197e-07 2.511653e-06 2.8019194e-06 1.0330079e-05 5.2406613e-05 6.393649e-05 4.107928e-06 3.6957379e-06 1.7607056e-06 1.8501347e-05 3.5968576e-06 1.0972244e-06 6.927187e-05 9.379238e-06 1.1692625e-07 2.6288824e-05 1.8296163e-05 3.919469e-06 2.6052458e-06 1.1866716e-05 1.5723303e-05 1.0710062e-06 9.625097e-05 3.1171076e-06 0.00011835043 1.0983127e-05 0.00012558978 0.00026654918 6.1509876e-05 2.6215343e-05 1.5339217e-06 9.1170494e-07 2.9149123e-05 4.7943926e-05 3.0487628e-05 2.231133e-07 1.2691069e-08 3.9919712e-07 7.622649e-06 9.013153e-07 7.775776e-09 2.0164338e-05 1.8156083e-05 1.3698489e-05 4.9221338e-08 9.000892e-06 3.640398e-06 2.2488786e-07 0.00018179949 3.579145e-05 2.0664028e-07 7.743246e-07 3.6008234e-07 1.528152e-07 1.2786082e-06 0.0003187746 2.346342e-06 1.6907116e-07 3.2970597e-06 7.779681e-08 0.000500779
0.0598451 0.9779514 4.7757974e-14 0.20961395 0.9095613 0.99036044 0.005903999 0.82534516 0.0042501898 0.27337506 0.0007304837 0.070506506 0.08972447 0.071847774 0.054398034 0.06659757 0.00224273 2.2356679e-05 0.008445651 0.00093485776 0.0025823317 2.464368e-06 2.2437354e-05 4.592799e-05 3.438303e-05 0.00024332128 9.964313e-06 3.4422053e-06 2.8350789e-05 3.6875979e-06 0.00027553723 2.261746e-06 0.002653061 4.427192e-05 2.9614043e-06 6.332003e-07 4.027982e-06 4.7237547e-05 1.4617002e-06 1.1677749e-05 7.5753735e-07 1.1678479e-06 3.2746982e-06 1.2059224e-05 0.00032204014 5.557441e-05 1.969089e-06 3.4828463e-05 1.631999e-05 1.7314349e-05 1.4730781e-05 6.175656e-07 0.0005155202 3.172595e-05 4.6975572e-08 6.799243e-05 4.2454317e-06 8.039267e-06 1.2291717e-06 2.6366117e-06 2.1751817e-05 3.490572e-06 8.221418e-06 3.3064025e-06 2.0943382e-06 1.4376697e-06 7.1093054e-06 0.0011552877 8.257367e-06 4.719088e-06 1.8765292e-06 1.4635826e-07 1.2733313e-05 5.1316797e-06 0.0001748087 1.7964489e-07 3.1591608e-08 2.4422025e-06 3.0473284e-06 2.5633194e-06 9.845831e-08 3.867117e-06 1.6675982e-05 1.5112348e-05 2.7960215e-07 1.0437971e-05 6.906549e-06 1.5178195e-07 0.0003531204 6.1051105e-05 3.1681324e-07 4.923639e-07 9.668605e-07 4.558562e-07 3.2904288e-06 0.00033708903 7.1050454e-07 3.2996252e-07 8.170838e-06 1.9636865e-08 0.00015042158
0.07744194 0.9762678 0.20961395 6.3408384e-16 0.0010650798 0.3137012 0.99031943 0.89617157 0.83189875 0.15790318 0.17329983 0.011464799 0.0024033368 0.00022473384 0.13385227 0.08613693 0.00034154247 0.00065439905 0.0006096471 0.00011621117 0.09299304 6.412976e-05 0.00033967246 5.4193714e-07 0.0054813223 5.317337e-06 0.00051595166 7.056141e-06 0.0027168419 1.5106655e-05 3.336499e-05 6.310473e-08 0.017365167 4.365038e-06 6.2332256e-06 6.463682e-08 8.037029e-06 0.0014422097 9.539194e-06 5.4286643e-06 6.444338e-06 2.8851882e-06 1.1966684e-06 3.8824098e-07 0.0052342135 1.0823744e-05 2.8669881e-05 2.9330069e-05 1.1761648e-06 1.3077311e-05 1.830653e-05 5.753402e-07 0.00084533746 1.9592214e-06 1.0833229e-06 0.0010442093 1.278929e-06 3.6560305e-06 6.45109e-06 4.6247287e-06 4.874607e-06 2.8268482e-06 0.00013172509 8.1093197e-07 1.1261543e-06 2.69013e-06 5.0371364e-07 0.00015914964 1.4932836e-05 4.151985e-06 2.4889235e-07 4.3037807e-07 4.8940406e-06 7.3082015e-06 0.00012289961 4.359779e-08 5.540025e-09 2.0532561e-06 4.8224083e-06 4.7158323e-07 1.9196973e-09 4.3878013e-06 5.497165e-05 1.4186753e-06 7.431966e-08 2.1428787e-05 1.5271746e-05 6.6314186e-08 0.00063173583 9.247495e-06 4.896255e-07 1.3031173e-07 2.9676241e-06 3.709403e-08 8.554336e-08 0.0005908187 2.9919893e-06 3.3301883e-09 1.2919638e-06 6.813984e-09 0.00018449486
0.0041112895 0.9884157 0.9095613 0.0010650798 1.6359322e-14 0.5928705 9.84141e-06 0.08787278 3.1564705e-05 0.010069471 5.365677e-05 0.010212405 0.0801819 0.7694151 0.0005464429 0.0008352149 0.97464097 2.2866811e-06 0.0052393097 0.0016265188 9.211557e-06 3.0591227e-07 1.5953274e-06 0.004346615 4.590695e-06 0.00047373006 2.3592122e-06 1.1896125e-06 5.3015797e-06 8.143307e-06 0.00023620285 0.000307197 3.2538363e-05 0.006584471 6.2339504e-06 1.12769285e-05 1.2889862e-05 4.8493275e-06 6.2352376e-07 8.292505e-05 2.9297056e-05 5.6490207e-06 4.5216484e-06 6.947603e-05 1.0500993e-05 0.00086168305 3.2524943e-06 3.220857e-05 1.4725557e-05 4.6129393e-05 2.7706963e-05 1.9133407e-05 0.00012634156 1.06868565e-05 1.2310311e-06 1.0152493e-05 2.1898402e-06 9.7745935e-05 2.4817384e-06 2.198802e-05 1.02669665e-05 1.3857774e-06 1.0365676e-05 2.0628551e-05 0.0003699021 6.283775e-05 9.367005e-05 0.0032182476 5.5852823e-05 3.9902665e-05 9.991992e-05 2.7313806e-06 0.0005279655 0.00011380868 1.124293e-05 3.3853603e-06 7.0507463e-06 3.2189564e-07 2.1516566e-06 1.4480531e-06 4.1282775e-07 5.8216938e-05 1.6049053e-05 0.00070708117 3.8176177e-07 5.450597e-06 2.1247076e-06 8.7679234e-07 0.00012586305 0.0009584365 5.048241e-07 6.423433e-06 1.4170764e-07 1.5978381e-06 2.19334e-05 7.3190095e-05 1.0145674e-06 1.5916484e-06 0.000102304664 1.4232597e-06 0.00021783447
0.4086997 0.31599233 0.99036044 0.3137012 0.5928705 5.636589e-14 0.0021493577 0.97941077 0.00060863805 0.85663944 0.00042881002 0.66630995 0.8206723 0.581193 0.2877718 0.39794248 0.05138529 2.4834513e-05 0.2723585 0.053978242 0.007867086 4.759921e-06 2.347668e-05 0.00075038977 0.000145164 0.007696144 1.024453e-05 4.1634366e-06 8.768859e-05 6.2048994e-06 0.015819967 4.2228534e-05 0.02250083 0.00019309392 3.3132992e-06 3.3272888e-06 0.00031521192 0.0007018671 3.4509665e-07 0.0010446068 4.0352737e-07 3.2540174e-06 6.5840527e-07 3.7368158e-05 0.0015337141 7.560398e-05 2.381426e-06 0.0077853524 0.00029335482 0.0044876337 0.007486579 8.260477e-08 0.013311461 6.695056e-05 5.5825314e-08 0.0016736669 1.2681917e-07 4.9347964e-06 1.5532084e-06 2.1076515e-07 2.6617534e-05 2.0944758e-06 5.387206e-07 7.5503644e-06 1.3946444e-06 6.1220476e-07 9.648523e-07 0.0016775845 7.585519e-06 5.449139e-07 2.4580598e-07 2.224765e-09 2.7983475e-07 8.410446e-06 0.00013768488 1.4470976e-08 7.071034e-08 6.236828e-06 8.912527e-06 7.456382e-06 3.4862435e-08 5.1738243e-07 0.00011718855 4.3203488e-07 1.0175396e-07 1.2558518e-05 7.664641e-05 8.308006e-08 0.0011732599 1.5908781e-05 1.2148533e-05 4.0099867e-08 8.997617e-07 1.4711674e-07 2.1173223e-08 0.0006919283 1.0039027e-05 3.2865305e-08 7.3359447e-06 1.2271618e-08 0.00026779206
0.022688523 0.0007437384 0.005903999 0.99031943 9.84141e-06 0.0021493577 1.6937703e-18 0.54789704 0.9987089 0.006485687 0.8127723 0.0005256406 6.319293e-05 8.438693e-08 0.012331951 0.0075930324 2.0068053e-05 0.003820621 6.332402e-05 9.714166e-06 0.0618682 0.0006944106 0.0006956434 4.575853e-09 0.022658808 8.718993e-07 0.0020674253 1.851676e-05 0.002943994 8.0852275e-05 5.3396816e-06 1.5041294e-08 0.003089002 2.097257e-09 9.229134e-06 7.738549e-09 2.6540147e-07 0.0010491639 7.255193e-05 1.5454291e-06 4.319935e-06 4.655794e-06 5.0642716e-06 4.0082355e-08 0.0014987487 1.17968256e-07 4.7225658e-05 7.925145e-06 3.744057e-07 1.8643798e-06 2.7163558e-06 1.1529174e-06 0.00041393418 8.608641e-07 7.159945e-07 0.00079444674 1.2708842e-09 6.2257067e-07 6.91862e-06 1.6594681e-06 4.8019497e-06 3.828751e-06 2.9931809e-05 2.5724597e-07 4.7904978e-09 2.642032e-07 4.554079e-08 5.8928243e-05 1.3855535e-07 3.849751e-07 1.2356472e-07 3.806649e-09 4.267018e-06 2.263662e-08 5.3214288e-05 9.729801e-09 8.6143365e-10 3.750026e-06 2.140935e-06 3.628158e-07 1.4048007e-11 8.6075245e-09 5.5037976e-06 4.7280023e-06 9.838237e-10 2.1816262e-05 4.9688896e-07 2.2757751e-08 0.00013594862 2.2206063e-07 2.7034598e-06 1.809012e-08 5.069858e-06 3.2625532e-08 1.4630502e-08 8.024825e-05 1.0311983e-06 1.3095089e-10 1.5753043e-08 1.3187495e-11 6.3367035e-05
0.8175636 0.33358392 0.82534516 0.89617157 0.08787278 0.97941077 0.54789704 3.642384e-12 0.23198608 0.95146006 0.09105648 0.40018377 0.1410682 0.0021159553 0.8441595 0.76690364 0.00031120316 0.0032022083 0.046174746 0.0030678145 0.29919463 8.4434636e-05 0.00016358017 3.2912355e-06 0.007473924 0.00012696469 0.0003488344 1.929254e-05 0.006736926 6.7477726e-05 0.0030957689 2.598359e-07 0.27539274 6.9200746e-07 6.015196e-05 6.679941e-07 1.0595512e-05 0.031610504 6.173147e-05 0.00012595863 1.9911633e-05 1.20195655e-05 9.260097e-06 1.2761255e-06 0.049619827 3.9017127e-06 0.00039219946 0.0020865225 3.954859e-05 0.0021198737 0.004644041 4.0800983e-06 0.011724277 1.595704e-05 1.4937043e-06 0.011388854 4.8861216e-06 1.5177732e-05 5.7684567e-05 4.832569e-06 1.0204824e-05 2.7491737e-05 4.087451e-06 2.0071104e-06 3.8093383e-08 3.7527702e-06 5.173375e-07 0.00044688594 5.3728814e-07 2.591682e-07 5.81798e-07 2.5783348e-07 1.0994969e-07 8.2195555e-07 0.001598601 1.4848298e-07 2.489386e-09 4.80948e-06 3.075687e-06 5.446565e-06 1.3037499e-09 5.5881624e-06 0.00037594154 1.0952067e-06 5.119752e-08 4.1638992e-05 0.00013931225 9.8628405e-08 0.0028024074 4.876381e-07 4.664004e-05 2.3816463e-06 1.1381578e-05 1.1515394e-08 7.0535507e-06 0.0031262026 1.14293725e-05 1.6972287e-07 4.669846e-06 1.3385636e-08 0.0011217816
0.061208297 0.012083411 0.0042501898 0.83189875 3.1564705e-05 0.00060863805 0.9987089 0.23198608 3.3050206e-14 0.0022064778 0.9794906 7.379565e-05 2.4189476e-05 6.8618724e-06 0.013152243 0.0031766933 3.215825e-06 0.23123872 3.5037843e-05 1.8196255e-06 0.14052331 0.16256063 0.009139318 8.970563e-08 0.1233859 1.0764528e-06 0.03993004 0.00025310385 0.021183657 0.003459744 1.2750155e-05 2.1330907e-08 0.0095502455 8.84575e-08 0.00015027447 1.477896e-07 1.1757228e-06 0.010956493 0.0056712804 2.0191633e-06 0.00011597635 0.000108829336 0.00012341794 1.0073206e-07 0.008663523 2.5177027e-07 0.00046707795 3.411904e-05 6.8744384e-07 3.0873568e-06 6.494659e-06 2.9159384e-05 0.0003333422 7.976876e-07 1.6058331e-05 0.001382399 1.2650752e-05 3.2679207e-05 7.3540774e-05 3.0543215e-05 3.532671e-06 2.7759594e-05 0.00948732 1.1560498e-06 1.355178e-06 4.0950204e-06 1.1320994e-06 0.00042605324 8.45499e-06 2.3865232e-06 1.0873131e-06 7.643763e-07 1.0087916e-05 1.5789419e-07 0.0005265291 1.2369182e-07 1.0528794e-08 9.103005e-06 1.6537397e-06 3.220771e-07 1.1884257e-09 1.1049313e-05 2.625067e-05 1.7633161e-05 8.153467e-09 7.793861e-05 6.9651273e-06 2.84215e-05 0.0005890734 6.070962e-06 3.3356703e-06 4.304093e-07 1.9916934e-05 5.524209e-07 1.7228369e-07 0.00027536068 2.0271107e-06 4.6228756e-08 8.2516556e-07 3.8791677e-09 0.00067580864
0.8762222 0.01773792 0.27337506 0.15790318 0.010069471 0.85663944 0.006485687 0.95146006 0.0022064778 1.1645112e-12 0.008621237 0.9333193 0.7514531 0.017568287 0.94438314 0.94588006 0.0018532553 0.00045534308 0.2481474 0.03679226 0.15121411 6.120466e-05 0.00018461508 0.00018839617 0.0013998114 0.000700182 0.00013081658 4.7630133e-06 0.0016679981 2.5234838e-05 0.03377235 4.2553875e-06 0.4663766 1.6588741e-05 1.7070286e-05 5.97596e-07 8.9354675e-05 0.037510168 1.6319975e-05 0.0007102543 3.527325e-06 1.2897904e-05 4.893644e-06 1.7914534e-05 0.09216658 2.6046246e-06 0.00013963693 0.02016895 0.0006098157 0.008696087 0.034617502 5.5393764e-07 0.08008698 0.00010855703 4.0260178e-07 0.035547245 7.8605046e-07 2.4317999e-06 3.2570126e-05 1.4977654e-06 2.199345e-05 2.3918377e-05 1.914318e-06 7.0540414e-06 3.9684375e-07 2.6550463e-06 4.6072148e-07 6.9909576e-05 1.05932995e-05 3.2101548e-07 2.5389355e-07 8.904133e-08 1.2357391e-07 1.3386428e-06 0.0050048586 6.874232e-08 9.38747e-08 6.42087e-05 1.5644404e-05 4.5684716e-05 7.878906e-09 3.4350564e-06 0.00088978105 1.5293206e-06 4.783178e-08 0.00014067965 0.0003065944 7.9338925e-08 0.012587614 1.8991445e-07 0.00019054825 1.4204028e-06 3.5058434e-05 2.2527853e-07 1.3796996e-06 0.010253114 9.94104e-06 6.671457e-08 9.258428e-06 1.38781155e-08 0.0026374317
0.83301765 0.0008960125 0.0007304837 0.17329983 5.365677e-05 0.00042881002 0.8127723 0.09105648 0.9794906 0.008621237 8.984722e-16 0.00055754936 0.00025037804 1.4804034e-06 0.1758434 0.07316526 1.2128118e-06 0.94350356 0.0015700333 8.353941e-05 0.90700984 0.37894052 0.12646301 1.4216747e-07 0.9232773 7.0504097e-06 0.60468405 0.0031464384 0.59088546 0.043815408 0.00011073931 1.8244969e-09 0.24718468 7.748962e-09 0.0013888887 2.0641674e-07 2.799063e-05 0.39078233 0.0037333553 7.325521e-06 0.0002260517 0.0012979578 0.00053938746 4.3018892e-07 0.28023073 5.293332e-07 0.011392966 0.00023513864 1.8982871e-06 2.4584093e-05 0.0002201699 0.000119292425 0.006199907 1.1606602e-05 7.5698415e-05 0.045324463 6.7715046e-06 0.00016103334 0.00079263386 0.00022385939 8.386206e-05 0.00047898822 0.000117545715 2.4134001e-06 3.7289905e-07 2.0868587e-05 9.919468e-06 0.00022331801 6.087697e-07 6.9457983e-06 3.3246465e-06 7.523528e-07 2.409147e-07 1.9259699e-06 0.011566371 1.8408122e-07 1.7776357e-07 1.0981012e-05 2.7702708e-05 1.6178752e-05 2.832662e-09 7.494311e-07 0.00013168289 7.094365e-06 4.2016048e-08 0.00072766695 1.0956428e-05 3.756109e-07 0.0066452557 1.3776341e-06 3.9731298e-05 2.3475504e-06 0.0001516041 1.700811e-07 1.6566756e-06 0.00088071736 0.0001501938 5.456625e-08 3.277682e-06 1.0378122e-08 0.0016196115
0.8719235 0.0018514022 0.070506506 0.011464799 0.010212405 0.66630995 0.0005256406 0.40018377 7.379565e-05 0.9333193 0.00055754936 3.4921846e-13 0.9906836 0.4085454 0.61428165 0.7026574 0.0071001593 4.134795e-05 0.9114378 0.4237971 0.010031616 1.0707146e-05 3.07771e-05 0.002642376 0.00012589162 0.020519368 2.4126972e-05 2.4862843e-06 0.00015804327 1.928579e-05 0.3280466 4.343269e-05 0.3824418 0.00020099014 8.339275e-06 2.8643317e-05 0.0016443057 0.013230278 1.7140143e-06 0.011032332 4.237691e-07 2.0450516e-05 1.1868057e-06 0.000107824875 0.022327479 2.3781771e-05 8.853925e-05 0.13562009 0.0027527064 0.030309126 0.1098547 6.529465e-07 0.20505299 0.00043634506 6.419097e-08 0.032056004 4.1572648e-07 6.320603e-06 6.407553e-05 1.8814517e-06 0.00016940004 3.9837152e-05 3.0164595e-06 8.448579e-05 1.2151226e-06 2.4054725e-06 3.8466536e-07 7.167939e-05 3.9759307e-05 4.0455387e-07 6.6845615e-07 1.6851871e-07 2.5608136e-07 3.1946722e-06 0.0041938727 3.6726956e-08 3.5698247e-07 0.0007571109 7.933315e-05 0.00019255713 6.661184e-08 4.5355464e-06 0.0017344239 6.463039e-07 3.1521427e-08 0.00016071714 0.001273858 3.16932e-07 0.017874738 2.1812806e-07 0.00036573084 1.2424493e-06 3.7657323e-05 1.0483911e-07 4.2956476e-06 0.0120051615 5.6814624e-05 1.7134168e-07 5.4808486e-05 1.0869521e-08 0.0028484832
0.82991046 0.0022587567 0.08972447 0.0024033368 0.0801819 0.8206723 6.319293e-05 0.1410682 2.4189476e-05 0.7514531 0.00025037804 0.9906836 1.5921314e-13 0.90698636 0.11222693 0.19804674 0.04961261 1.5717771e-05 0.9586891 0.71645933 0.002409154 4.402952e-07 9.032397e-06 0.113378696 2.0977794e-05 0.3022893 2.9057435e-06 5.865323e-07 3.271725e-05 1.5439794e-06 0.4362596 0.0006122661 0.09498821 0.0016522397 9.256754e-07 9.5356154e-05 0.012108548 0.002398881 1.6336105e-07 0.02635748 8.368105e-08 7.781584e-07 2.6896436e-07 0.00019227913 0.003656747 0.0007725297 1.1841879e-05 0.18006392 0.008145265 0.03592011 0.1064962 6.35902e-08 0.12629479 0.0007049828 2.1519078e-09 0.006777643 1.01647856e-07 6.620818e-07 1.6513435e-05 3.245388e-07 0.000539681 1.5010114e-06 2.3172474e-07 0.0002556335 8.493743e-06 1.0316036e-06 2.2236982e-07 6.692356e-05 0.00023128 1.5724878e-07 1.2077707e-07 1.01369636e-07 4.188195e-08 3.4674948e-05 0.00045810585 2.9460944e-08 1.9355677e-05 0.0009538294 0.00013665315 0.0006412502 9.256026e-08 6.822044e-06 0.0023517306 1.7227195e-06 3.4847963e-07 4.3623557e-05 0.0024358863 2.140259e-08 0.01230506 2.7299106e-07 0.0013236203 3.8048162e-07 4.1086887e-06 2.0590886e-07 5.849397e-07 0.008243409 0.0002408535 4.9663885e-07 4.5540946e-05 1.5895148e-07 0.0010729446
0.83113134 0.009071163 0.071847774 0.00022473384 0.7694151 0.581193 8.438693e-08 0.0021159553 6.8618724e-06 0.017568287 1.4804034e-06 0.4085454 0.90698636 2.8011455e-13 0.00036779203 0.008441037 0.9532154 6.1920064e-06 0.62393355 0.6725754 9.279337e-05 8.4103294e-07 2.6581322e-06 0.95199 9.552258e-06 0.95602894 8.9540555e-07 1.2888798e-06 1.1253239e-05 5.0163626e-06 0.43531135 0.26948202 0.0030608813 0.47424704 8.190529e-06 0.012380319 0.18242402 2.860521e-05 1.6445313e-06 0.093569346 1.2606918e-06 1.916285e-06 6.1012074e-06 0.013369627 0.00023525931 0.2606396 2.4837295e-06 0.20185474 0.043040596 0.08170468 0.05758139 6.908417e-07 0.015804524 0.009924153 6.325704e-08 0.0007948223 1.427947e-05 5.3285303e-06 5.2000046e-06 6.813234e-06 0.001407864 1.3795495e-06 4.660514e-05 0.0008403066 0.00010642263 1.8724892e-06 4.528862e-05 0.037574843 4.509188e-05 1.790355e-05 6.661314e-07 3.592959e-08 4.1450617e-06 0.00014514432 0.000625324 4.1784304e-07 0.00046810153 0.00049832737 0.00061039143 0.00046191088 2.3659263e-06 0.0002889459 0.001650898 0.0004239596 4.312362e-06 3.252313e-05 0.0011234389 2.5925345e-07 0.0060510933 0.0027911263 0.0002569176 1.7483128e-05 1.3735239e-06 2.542484e-06 1.4426939e-06 0.0036570646 0.0009760723 1.2640893e-06 0.0005266567 2.5991469e-07 0.00022714626
0.9070882 0.0033794285 0.054398034 0.13385227 0.0005464429 0.2877718 0.012331951 0.8441595 0.013152243 0.94438314 0.1758434 0.61428165 0.11222693 0.00036779203 2.541836e-14 0.98945683 2.8047467e-05 0.0040298537 0.036066003 0.0018660733 0.80391955 0.000294293 0.0005619059 7.922462e-06 0.012247974 2.8471037e-05 0.00081881 4.6084802e-05 0.010711499 4.581897e-05 0.00064242055 9.825532e-08 0.855312 1.7367211e-06 0.00021372692 1.6362907e-07 3.0624485e-06 0.23646465 0.00021820999 2.5748088e-05 2.6636328e-05 1.3204198e-05 9.601816e-06 7.705036e-07 0.32313296 4.625357e-07 0.00091073563 0.002446092 1.6062482e-05 0.00035194927 0.004694002 1.7713921e-06 0.06071611 1.9747224e-05 1.8026607e-06 0.0990582 1.089363e-06 2.3467803e-06 0.00029481912 8.266246e-06 2.1036392e-05 7.334577e-05 4.298467e-06 5.310957e-06 1.09219805e-07 3.6450917e-06 1.6962667e-06 3.131871e-05 2.141989e-06 5.906158e-07 4.990945e-07 3.8784057e-07 3.4732432e-07 2.3129442e-07 0.014950941 2.0060148e-07 2.77573e-08 6.1459854e-05 6.5264176e-06 6.756758e-06 1.3810771e-09 3.5930657e-06 0.00034347895 1.7233505e-06 2.4325278e-08 0.0005757797 0.00034177204 7.0557434e-08 0.018188355 6.1918615e-07 6.1639235e-05 2.4374722e-06 0.00029151532 2.039549e-07 1.645602e-05 0.012697396 1.0283953e-06 1.2453836e-07 4.0167965e-06 9.333546e-09 0.0058139735
0.9428658 0.002682089 0.06659757 0.08613693 0.0008352149 0.39794248 0.0075930324 0.76690364 0.0031766933 0.94588006 0.07316526 0.7026574 0.19804674 0.008441037 0.98945683 1.8208392e-13 0.0007448847 0.000990076 0.19371141 0.024629913 0.55468744 0.00017488172 0.0002208026 0.00027316363 0.002630648 0.00038664573 0.00019332314 1.4662342e-05 0.0033183717 1.4434873e-05 0.010196007 3.121114e-06 0.8687185 1.2611903e-05 0.00010553052 1.9369759e-06 0.00016022252 0.1451974 0.00011852223 0.00063313305 5.807916e-06 2.2999928e-05 9.387775e-06 1.46865395e-05 0.2695781 6.6247376e-06 0.0002610725 0.014645699 0.00032500603 0.0021453826 0.024124412 9.196103e-07 0.15802854 0.0002479829 1.0786086e-06 0.116960384 7.331087e-07 9.23048e-06 0.00010525522 5.129483e-06 0.00011175174 8.278084e-05 5.5029636e-06 2.7469303e-05 2.2751979e-06 6.9173598e-06 1.5466277e-06 0.00013221202 2.2413164e-05 9.55959e-07 9.860636e-07 1.7478602e-06 3.283675e-07 6.7043527e-07 0.020367092 2.438738e-07 4.0967214e-07 0.00055780733 3.6070687e-05 6.085771e-05 1.4513934e-08 2.529962e-06 0.000745551 2.756163e-06 2.1023085e-08 0.0008435661 0.00042390538 2.1438413e-07 0.034234248 2.4358627e-07 0.00034251125 2.5439028e-06 0.00014631131 4.83602e-07 2.5558804e-05 0.01609361 1.3913213e-05 3.647682e-08 1.2178495e-05 3.656283e-09 0.0060442733
0.07449312 0.0013095053 0.00224273 0.00034154247 0.97464097 0.05138529 2.0068053e-05 0.00031120316 3.215825e-06 0.0018532553 1.2128118e-06 0.0071001593 0.04961261 0.9532154 2.8047467e-05 0.0007448847 9.3327005e-15 5.5866435e-06 0.013979504 0.018754477 3.6820442e-05 2.8360805e-06 3.9080755e-05 0.6866673 6.378018e-06 0.083852105 6.3494754e-06 8.028986e-06 1.1034918e-05 1.7884182e-05 0.0054069357 0.13427657 0.00028594641 0.58664376 5.625493e-05 0.0018241337 0.0028464328 1.1317728e-05 1.6406973e-05 0.0018254508 6.778127e-06 2.1594402e-05 0.00016856864 0.035139818 3.547088e-05 0.986027 2.1305646e-05 0.0020715964 0.00040169212 0.00075159414 0.0005133841 3.0283134e-05 0.000396478 0.00012194715 5.525534e-06 1.8201368e-05 0.00042342074 0.0014168217 1.2260711e-05 0.00018687392 5.406332e-05 2.0220357e-05 0.00023558713 0.000119131444 0.0064525516 0.0021514404 0.0014086062 0.003095987 0.00035043192 0.0014809156 0.0021809556 0.00030797435 0.0012907275 0.00027829083 5.1509807e-05 0.00011331807 3.4320226e-05 1.4166068e-06 0.00017782742 4.237582e-05 5.5872646e-05 0.014847026 1.820503e-05 0.0015642353 2.0462825e-05 1.1589248e-05 2.6088768e-05 5.0846065e-06 0.0003976824 0.0020425692 2.9520244e-05 0.0057647885 3.3431556e-07 0.00010076315 0.002022052 0.00027257967 0.0001420926 7.873484e-05 0.0002980825 1.4625292e-05 0.00013082071
0.4887969 7.549029e-05 2.2356679e-05 0.00065439905 2.2866811e-06 2.4834513e-05 0.003820621 0.0032022083 0.23123872 0.00045534308 0.94350356 4.134795e-05 1.5717771e-05 6.1920064e-06 0.0040298537 0.000990076 5.5866435e-06 7.095198e-17 0.00029698835 2.4423734e-05 0.1839756 0.9942736 0.93871737 2.4859673e-07 0.5519734 8.723788e-06 0.7806069 0.15766585 0.17138818 0.21970452 7.494062e-05 1.7911585e-08 0.013621462 4.0921918e-07 0.015142313 6.865807e-08 8.2853025e-05 0.066060625 0.05823254 7.26055e-05 0.002754806 0.0023361905 0.0028385487 2.4331507e-07 0.01986933 9.2340764e-07 0.0087009575 6.686806e-05 1.4764256e-05 2.1354834e-05 0.0003150713 0.00022383059 0.0010794187 6.039006e-06 0.0044846795 0.004089434 0.0024102964 3.0029994e-05 0.0012879184 0.00034372753 1.5510643e-05 0.00044653701 0.001026869 5.931417e-07 5.0525055e-06 7.688324e-05 0.00015647143 0.0073151616 1.0451861e-06 4.1591964e-05 1.1296173e-05 3.7165927e-07 4.401084e-05 1.0988308e-06 0.0018472223 3.3369474e-07 3.7114265e-08 1.8547095e-06 0.000107982014 2.4178971e-06 7.7905726e-10 2.40659e-06 3.3851036e-05 4.663319e-05 1.3336503e-08 0.00012170131 1.5603278e-05 1.7131367e-06 0.001082629 3.7876524e-07 1.2672928e-06 2.433816e-06 9.265853e-05 6.2093534e-07 3.2620558e-06 0.00039156622 1.1195691e-05 2.0178677e-08 1.8172428e-06 1.4014012e-08 0.0009114716
0.8846126 0.00018980553 0.008445651 0.0006096471 0.0052393097 0.2723585 6.332402e-05 0.046174746 3.5037843e-05 0.2481474 0.0015700333 0.9114378 0.9586891 0.62393355 0.036066003 0.19371141 0.013979504 0.00029698835 3.57703e-14 0.9909915 0.0027700714 6.151122e-05 0.00018098007 0.07940161 6.3869324e-05 0.279437 5.5119917e-06 7.703056e-06 0.0001251997 1.0024246e-05 0.7160869 0.0024937172 0.21205004 0.0012549569 5.237022e-06 0.0011227261 0.007840236 0.001786601 1.8736503e-06 0.05324076 5.454531e-07 8.138183e-06 2.1147819e-06 0.00076093874 0.0065289796 7.8260375e-05 5.9256567e-05 0.33935884 0.011215297 0.057742722 0.17842694 9.16719e-07 0.26700553 0.001667766 1.7939252e-07 0.019183196 1.8204413e-06 2.2866811e-06 6.702927e-05 4.8765414e-06 0.00045936732 3.3698812e-05 5.8045493e-06 0.00025661642 3.6511312e-06 5.6553276e-06 1.0531245e-06 7.219323e-05 0.00014754536 6.770081e-07 1.3240596e-06 9.745049e-07 3.667241e-07 1.44522155e-05 0.0026283888 5.3408905e-07 4.03116e-06 0.0014018413 7.1706396e-05 7.033107e-05 4.0513683e-07 5.228927e-06 0.0019257149 1.2445638e-06 8.217341e-08 0.00021590422 0.0026219657 3.1348422e-06 0.01905917 9.065368e-07 0.00024424167 2.9100809e-06 8.833093e-05 6.2688564e-08 6.2250447e-06 0.021312809 3.4334567e-05 4.8146586e-07 8.956656e-06 7.2973435e-08 0.003510678
0.8879886 2.2594339e-05 0.00093485776 0.00011621117 0.0016265188 0.053978242 9.714166e-06 0.0030678145 1.8196255e-06 0.03679226 8.353941e-05 0.4237971 0.71645933 0.6725754 0.0018660733 0.024629913 0.018754477 2.4423734e-05 0.9909915 7.140039e-13 0.00074932934 1.7672479e-06 8.96934e-06 0.22817717 1.7150845e-05 0.84325093 9.0131095e-07 6.0337305e-07 1.2240651e-05 5.225998e-07 0.983874 0.012389347 0.14086345 0.0062133167 3.9802438e-07 0.0020788212 0.17093259 0.00043091117 1.7818229e-07 0.4039455 4.3442313e-08 9.0641834e-07 3.4128084e-07 0.00072559254 0.0025232795 0.0016232342 6.322424e-06 0.60995114 0.07353 0.15061434 0.29615673 3.739195e-08 0.24287495 0.00689335 7.0491883e-09 0.012122522 1.7621393e-07 5.339729e-07 1.7429242e-05 4.179578e-07 0.0022171366 2.957295e-06 1.6515316e-06 0.00036844276 4.9938157e-05 9.4653154e-07 7.644098e-07 8.098987e-05 0.00013625702 1.4507118e-07 2.2374634e-07 6.096472e-08 5.1401333e-08 2.0514213e-05 0.0016353074 3.2252323e-08 7.607533e-05 0.007273 0.00037399872 0.0008169837 2.3313181e-07 2.0188131e-06 0.011912509 1.539755e-06 8.190552e-08 9.2296395e-05 0.011291548 7.1305855e-08 0.02045943 5.4951858e-08 0.0014644995 9.2665846e-07 2.4920895e-05 9.994773e-07 1.6372983e-06 0.021042801 0.00017215863 4.2581753e-08 5.6180106e-06 3.242305e-08 0.0026429775
0.9417879 0.00039010376 0.0025823317 0.09299304 9.211557e-06 0.007867086 0.0618682 0.29919463 0.14052331 0.15121411 0.90700984 0.010031616 0.002409154 9.279337e-05 0.80391955 0.55468744 3.6820442e-05 0.1839756 0.0027700714 0.00074932934 5.744681e-14 0.021547304 0.052657872 2.8995995e-05 0.88790387 1.8441964e-05 0.16982843 0.012076114 0.9125678 0.021510907 0.00094007666 6.3164543e-07 0.96885693 1.1783642e-06 0.009269538 1.1038386e-06 3.7985967e-06 0.85615456 0.002021658 8.002715e-05 0.0022357106 0.0013890158 0.00022019717 3.7641362e-06 0.6980803 1.617782e-06 0.024198037 0.0017486499 9.7977005e-05 0.00020239157 0.004001106 0.00019506714 0.049049325 0.000100821024 0.0016965808 0.19361767 0.00020224802 7.222277e-05 0.0027022874 0.00024832203 7.432792e-05 0.00077786174 1.3657504e-05 3.2546184e-05 2.1756498e-06 4.8392216e-05 6.844759e-05 0.001985296 2.3504816e-05 1.6280956e-05 1.1120863e-05 2.5346255e-06 4.2511115e-06 2.9026553e-06 0.049843874 8.998629e-07 3.548539e-07 0.0002598784 4.149915e-06 3.0307028e-05 8.799772e-09 7.178607e-06 0.0005837901 6.61295e-05 2.3611296e-08 0.003660517 0.0011385152 8.506112e-08 0.03262417 8.689939e-07 0.00014240175 1.7367179e-06 0.0014875967 1.7700133e-07 2.740351e-06 0.010947015 1.1314124e-05 4.0953663e-07 6.0594402e-06 7.597812e-08 0.011119701
0.3039919 5.1243487e-06 2.464368e-06 6.412976e-05 3.0591227e-07 4.759921e-06 0.0006944106 8.4434636e-05 0.16256063 6.120466e-05 0.37894052 1.0707146e-05 4.402952e-07 8.4103294e-07 0.000294293 0.00017488172 2.8360805e-06 0.9942736 6.151122e-05 1.7672479e-06 0.021547304 1.5766695e-15 0.9897021 2.6836713e-07 0.266039 1.8619648e-06 0.5747228 0.6352818 0.0810969 0.24316217 3.4608278e-05 1.0847195e-08 0.0024630243 5.0199374e-06 0.53841335 1.9087861e-07 1.2769394e-05 0.029720252 0.7601777 1.129264e-05 0.1050195 0.014482316 0.037497014 2.978246e-07 0.007094694 1.3047295e-06 0.013545472 2.884978e-05 8.179378e-07 1.2920963e-05 9.423624e-05 0.00059764826 0.00037168074 1.2407827e-07 0.03258848 0.0024024318 0.022259379 0.000144761 0.0012366924 0.001496091 3.2868818e-06 0.00024220212 0.023140168 3.9755932e-07 2.8321183e-06 5.398578e-05 0.0003214593 0.029343724 6.370662e-06 0.00011037809 2.1589009e-05 1.3390706e-06 3.782693e-05 3.2319403e-07 0.002595901 1.3469821e-06 8.4617324e-10 2.0512039e-07 2.209379e-05 2.0552946e-07 2.2396912e-10 9.088181e-06 9.850274e-06 3.528814e-05 3.0171425e-09 0.0001129926 1.4285312e-05 9.370753e-06 0.0014363596 9.504637e-07 2.5391364e-07 3.05327e-07 2.9993502e-05 1.5739715e-07 1.0511608e-06 0.00049579534 8.351667e-06 1.0611276e-07 2.0510956e-06 4.4394213e-08 0.0006384658
0.64582014 1.248491e-05 2.2437354e-05 0.00033967246 1.5953274e-06 2.347668e-05 0.0006956434 0.00016358017 0.009139318 0.00018461508 0.12646301 3.07771e-05 9.032397e-06 2.6581322e-06 0.0005619059 0.0002208026 3.9080755e-05 0.93871737 0.00018098007 8.96934e-06 0.052657872 0.9897021 2.1550022e-15 1.4856747e-06 0.46826 2.0139047e-05 0.88422006 0.9647039 0.19927363 0.5478904 5.1999228e-05 5.2158327e-08 0.008871463 2.746371e-06 0.15344392 9.675827e-07 5.4090397e-05 0.12855579 0.10424793 3.1071457e-05 0.018705701 0.11451888 0.0049046637 1.6969673e-06 0.018271483 4.293252e-06 0.13619392 7.13344e-05 1.1680223e-05 2.0329197e-05 0.0001295033 0.011088066 0.0008285449 7.0755545e-06 0.023373315 0.006723004 0.0023355957 0.0008100065 0.018017637 0.008616836 4.4524444e-05 0.0042659156 0.0009021039 1.9839918e-06 4.14524e-06 0.0006569565 0.00083839434 0.0439247 1.236812e-05 0.00093373284 0.00036671347 0.00013422083 0.00052808155 7.7376495e-07 0.012438538 3.4179513e-05 7.7312365e-08 5.88024e-06 2.415667e-05 4.5903053e-06 3.4495336e-08 0.00011152901 5.503565e-05 0.00039143907 1.3365003e-07 0.0012908154 1.4808166e-05 1.1064425e-05 0.0027052502 1.9227446e-05 2.7683493e-06 2.4205514e-05 0.0005540494 7.216235e-06 3.7658436e-05 0.00078818505 2.0714926e-06 1.9302524e-06 7.7643876e-05 1.722776e-07 0.001948526
0.7418305 1.7745446e-05 4.592799e-05 5.4193714e-07 0.004346615 0.00075038977 4.575853e-09 3.2912355e-06 8.970563e-08 0.00018839617 1.4216747e-07 0.002642376 0.113378696 0.95199 7.922462e-06 0.00027316363 0.6866673 2.4859673e-07 0.07940161 0.22817717 2.8995995e-05 2.6836713e-07 1.4856747e-06 5.7264665e-14 4.054807e-06 0.9768466 1.8008608e-07 8.587817e-08 1.5481315e-06 5.521028e-07 0.08911412 0.9472788 0.0011237346 0.8172243 3.2204701e-07 0.54325193 0.78320163 2.8220982e-05 2.9696425e-06 0.21311182 8.1664986e-08 3.0643722e-07 4.2102266e-07 0.7742273 0.00014189475 0.43389535 2.2867443e-06 0.18898427 0.15738003 0.22714461 0.04385852 2.1641821e-07 0.0077341176 0.10771438 1.2899133e-07 0.00037934526 1.9379718e-06 3.3060774e-06 3.7708157e-06 7.657217e-07 0.033004373 1.7721744e-06 2.1458767e-05 0.007548802 0.0020112293 4.184143e-06 2.0847015e-06 7.053493e-05 0.0007371751 2.6979558e-06 6.413431e-06 2.6773978e-07 1.0845852e-06 0.0003181902 0.0006325603 1.9139556e-07 0.00076691154 0.0046557635 0.03596365 0.0138697745 3.0356927e-05 4.9652375e-05 0.008057967 1.4528779e-06 4.3323682e-05 0.00015370247 0.005797256 3.8402717e-07 0.0029128562 4.3155783e-06 0.0048632897 1.0594674e-05 3.5888877e-06 6.7306956e-07 1.839062e-06 0.003912987 0.0017675506 6.563584e-07 1.2962259e-05 5.4655693e-09 0.0006148905
0.93132377 1.0816408e-05 3.438303e-05 0.0054813223 4.590695e-06 0.000145164 0.022658808 0.007473924 0.1233859 0.0013998114 0.9232773 0.00012589162 2.0977794e-05 9.552258e-06 0.012247974 0.002630648 6.378018e-06 0.5519734 6.3869324e-05 1.7150845e-05 0.88790387 0.266039 0.46826 4.054807e-06 2.0226726e-12 1.8502805e-06 0.95504445 0.32537702 0.9797054 0.43450835 1.9305073e-05 1.2993671e-07 0.14570442 1.5214498e-07 0.24902113 3.7323833e-08 5.518817e-07 0.78173506 0.07150402 3.4585003e-06 0.049165953 0.023124445 0.0080763465 5.789862e-07 0.29670313 5.0135094e-07 0.21728116 5.03595e-05 1.318072e-05 1.7969474e-05 0.00017918079 0.0030929903 0.0063807713 1.587182e-05 0.057450052 0.07272756 0.0029671376 0.00034318806 0.007897 0.0018663626 3.3427445e-05 0.0015097734 0.00012744022 2.749492e-06 4.5552935e-07 0.00018094262 0.0013674186 0.024082135 3.942893e-06 0.00074123393 0.00016272285 2.4287347e-05 0.00010081256 9.4896836e-07 0.066739276 1.1995312e-05 4.1681602e-08 4.1595713e-06 2.7245193e-07 5.191019e-07 7.538092e-09 1.6630926e-05 9.087275e-05 0.0002909881 1.5849155e-08 0.004761129 8.865483e-05 5.470743e-07 0.013873063 3.89198e-06 1.0107224e-05 5.74334e-06 0.0016446027 2.9105178e-07 1.60268e-05 0.003017304 7.65296e-07 2.6345293e-07 7.561836e-06 1.6863623e-07 0.00794371
0.8791339 1.4043187e-05 0.00024332128 5.317337e-06 0.00047373006 0.007696144 8.718993e-07 0.00012696469 1.0764528e-06 0.000700182 7.0504097e-06 0.020519368 0.3022893 0.95602894 2.8471037e-05 0.00038664573 0.083852105 8.723788e-06 0.279437 0.84325093 1.8441964e-05 1.8619648e-06 2.0139047e-05 0.9768466 1.8502805e-06 4.594397e-11 2.4453055e-07 1.5728499e-06 2.7806848e-06 5.43691e-07 0.7957629 0.37565145 0.00091278856 0.17392989 2.257502e-07 0.37039486 0.9490256 2.3841767e-05 1.1827104e-07 0.7689615 1.1466546e-07 9.662584e-07 7.2639915e-07 0.032558348 0.00017385455 0.03525316 2.7930728e-06 0.6434348 0.26950088 0.55353767 0.2563913 2.853943e-07 0.024177011 0.069839664 3.1163923e-09 0.0007398909 1.421064e-08 7.3538166e-07 7.816471e-06 1.5621602e-06 0.011299865 2.4117008e-07 3.159051e-07 0.003188599 0.00023508148 2.6652247e-06 3.2954395e-07 6.5530454e-05 0.00092602026 4.6248587e-07 5.2759447e-07 1.3272023e-08 1.02948306e-07 8.057801e-05 0.000121801626 1.1524117e-08 0.00043108733 0.0048560267 0.00076917995 0.0020525928 4.063885e-06 1.3847925e-05 0.005687323 4.016097e-07 1.6014308e-06 8.208382e-06 0.0047610067 5.2147886e-08 0.0060028015 7.0502274e-08 0.0022767794 7.3682855e-07 6.85674e-07 1.9002668e-08 5.2547495e-07 0.007884557 0.0007763565 4.903844e-07 2.4475582e-06 6.06783e-08 0.0005706213
0.9043266 1.0229623e-05 9.964313e-06 0.00051595166 2.3592122e-06 1.024453e-05 0.0020674253 0.0003488344 0.03993004 0.00013081658 0.60468405 2.4126972e-05 2.9057435e-06 8.9540555e-07 0.00081881 0.00019332314 6.3494754e-06 0.7806069 5.5119917e-06 9.0131095e-07 0.16982843 0.5747228 0.88422006 1.8008608e-07 0.95504445 2.4453055e-07 1.1333603e-15 0.9562054 0.6543463 0.96750623 5.0647886e-06 9.579558e-09 0.016788825 1.7775008e-08 0.6683766 2.8717013e-08 1.7206906e-07 0.5774759 0.17532405 8.0811174e-07 0.12169859 0.11959866 0.043623514 3.5099227e-08 0.08360342 1.2013388e-07 0.40186247 1.5115748e-05 2.9088642e-07 3.83841e-06 0.00012743646 0.0040111598 0.0026576307 3.5314686e-06 0.15126297 0.026979942 0.01667914 0.00015651397 0.020222412 0.0019579076 4.00306e-06 0.0032967457 0.00033761826 4.311282e-07 2.0378052e-07 5.3855474e-05 0.005733897 0.052264195 8.7260133e-07 0.00056309334 9.619592e-05 7.0093364e-07 9.096527e-05 3.3893255e-07 0.06803491 3.5221585e-06 1.7038884e-08 7.6076735e-06 2.349546e-06 2.747504e-07 7.187125e-09 1.7204455e-06 5.6223445e-05 0.00055913744 1.3492989e-08 0.0022876444 6.0571383e-05 4.5996194e-07 0.005873017 1.0668633e-06 9.167807e-06 8.59236e-07 0.0012748594 5.0789674e-07 7.00153e-06 0.0018680141 5.15681e-07 1.9201632e-08 8.1691705e-06 4.862505e-07 0.00526483
0.87406766 3.8249627e-06 3.4422053e-06 7.056141e-06 1.1896125e-06 4.1634366e-06 1.851676e-05 1.929254e-05 0.00025310385 4.7630133e-06 0.0031464384 2.4862843e-06 5.865323e-07 1.2888798e-06 4.6084802e-05 1.4662342e-05 8.028986e-06 0.15766585 7.703056e-06 6.0337305e-07 0.012076114 0.6352818 0.9647039 8.587817e-08 0.32537702 1.5728499e-06 0.9562054 2.789021e-14 0.18523723 0.8986089 6.3018606e-06 2.4788214e-08 0.003453341 1.3827457e-07 0.93006915 1.366171e-07 4.1893177e-06 0.15518111 0.38907325 1.0432153e-06 0.25720257 0.88003165 0.09427685 1.4749702e-07 0.01735295 9.1648036e-07 0.45096776 5.6124954e-06 5.115718e-07 1.3877916e-06 2.281139e-05 0.45299825 0.00058695144 4.14607e-06 0.30440018 0.007317073 0.036950625 0.034526914 0.07972935 0.23685946 2.3799988e-05 0.021821462 0.00042598008 1.2840044e-06 6.24918e-07 0.0071039996 0.005766152 0.08906491 2.2507961e-06 0.00842746 0.002226747 0.00078354444 0.0032729423 1.2781888e-06 0.056046106 0.00014046958 1.1205443e-09 3.7639512e-07 1.2944335e-05 1.1934038e-07 4.361732e-09 0.0010358753 1.1946473e-05 0.0014400884 6.161504e-08 0.0071429736 4.574459e-06 4.6228674e-06 0.004575289 1.2697517e-05 9.913996e-07 0.0005753241 0.0018036128 4.0153946e-06 0.0007447619 0.0005397932 5.7471783e-07 2.817517e-06 6.234589e-05 4.1522725e-07 0.0035642395
0.9713921 1.0231505e-05 2.8350789e-05 0.0027168419 5.3015797e-06 8.768859e-05 0.002943994 0.006736926 0.021183657 0.0016679981 0.59088546 0.00015804327 3.271725e-05 1.1253239e-05 0.010711499 0.0033183717 1.1034918e-05 0.17138818 0.0001251997 1.2240651e-05 0.9125678 0.0810969 0.19927363 1.5481315e-06 0.9797054 2.7806848e-06 0.6543463 0.18523723 6.831779e-15 0.36897683 2.4359906e-05 5.2732787e-07 0.3660162 1.5920582e-06 0.15966696 6.992041e-08 9.1920253e-07 0.94279206 0.0176627 7.0232036e-06 0.021005508 0.023432607 0.0031802745 3.367478e-07 0.38716364 1.7575414e-06 0.71688044 0.00011929561 1.1796239e-05 1.2624467e-05 0.00019361151 0.004607024 0.011554107 1.3804256e-05 0.032814037 0.15666628 0.0016225185 0.0006367258 0.042758487 0.001824693 1.02315435e-05 0.0061393254 1.2545482e-05 3.1471086e-06 2.0006205e-06 0.00028210823 0.0007710201 0.012340739 1.1044609e-06 0.0004369478 0.00020375205 7.009123e-05 0.00016232065 3.2709448e-07 0.1463971 6.235633e-06 9.905032e-08 9.5961e-05 1.4071024e-06 8.9769867e-07 1.5275655e-08 0.00010489618 0.00018807001 0.00056768185 6.100029e-09 0.013735728 0.00011814215 9.311259e-07 0.029014518 3.4837146e-06 8.620131e-06 3.5050743e-05 0.0113153495 1.5776482e-06 4.292967e-05 0.0069409446 6.37319e-08 3.5872435e-07 3.3732827e-05 5.7943172e-08 0.02086976
0.9701639 5.513764e-06 3.6875979e-06 1.5106655e-05 8.143307e-06 6.2048994e-06 8.0852275e-05 6.7477726e-05 0.003459744 2.5234838e-05 0.043815408 1.928579e-05 1.5439794e-06 5.0163626e-06 4.581897e-05 1.4434873e-05 1.7884182e-05 0.21970452 1.0024246e-05 5.225998e-07 0.021510907 0.24316217 0.5478904 5.521028e-07 0.43450835 5.43691e-07 0.96750623 0.8986089 0.36897683 9.145689e-13 9.626493e-07 4.493174e-08 0.010212088 4.157005e-08 0.86246437 8.589718e-08 2.9355897e-07 0.49444616 0.30823687 6.5802493e-07 0.37028202 0.81373006 0.1543901 6.136254e-08 0.059259385 1.92349e-06 0.9466148 6.118863e-06 6.4412563e-07 1.1594914e-06 3.503457e-05 0.17255402 0.0015045393 3.4867958e-06 0.60884744 0.039322484 0.18154114 0.022178425 0.23357216 0.041114435 4.0174396e-06 0.06683916 0.00047351458 1.3316882e-06 4.984719e-07 0.0028458494 0.07308071 0.3676995 1.5792017e-06 0.027648874 0.0026255127 0.00026570883 0.004069449 4.000924e-07 0.18898408 0.00012010956 2.7238852e-07 9.181902e-06 1.0397381e-06 5.3855494e-08 6.81898e-08 0.00030619232 6.1100676e-05 0.0129612535 7.23386e-08 0.021510126 2.294376e-05 3.2311282e-06 0.011777615 2.2411092e-05 2.1175024e-06 9.269254e-05 0.009747383 5.7940188e-06 0.00025380484 0.0020914252 6.246382e-08 8.062443e-07 6.6739114e-05 1.5249993e-06 0.014882565
