2.9621606e-14 0.58838207 0.7580991 0.89825755 0.012064631 0.43712497 0.011324462 0.001146199 0.5594999 0.011999037 0.7866989 0.5528764 0.3009459 0.99080443 0.022572739 0.973614 0.70596 0.9683976 0.7656671 0.65044874 0.3556211 0.9561969 0.96551406 0.9573074 0.8206361 0.29995808 0.5501875 0.8525109 0.012750363 0.7495264 0.89286095 0.70446944 0.0011963861 0.006394289 0.95980996 0.098851465 0.9461292 0.9869374 0.9723201 0.039485104 0.87768906 0.00030532046 0.7448746 0.9880629 0.7625756 0.005930032 0.9191023 0.9402049 0.9839831 0.9244657 0.97512853 0.8610207 0.96792346 0.017426709 0.86322165 0.935789 0.9142876 0.96783143 0.90255964 0.9943043 0.87857175 0.49438533 0.62252533 0.761327 0.118423745 0.976583 0.8826056 0.77110136 0.020674838 0.5975266 0.95237774 0.6713358 0.8521154 0.48521993 0.41959867 0.16503218 0.94915926 0.98920697 0.8731762 0.9237488 0.6518508 0.709165 0.98999906 0.9561343 0.99981207 0.0025583303 0.7351278 0.9644215 0.97475773 0.018536633 0.76359004 0.12465605 0.78328127 0.75810146 0.99959266 0.86353266 0.10031587 0.82591057 0.99923754 0.9999987 0.055334345
0.58838207 4.075738e-12 0.9863688 0.99347514 0.9607468 0.15296946 0.023201171 0.032221247 0.87985563 0.008680836 0.0032862064 0.0494766 0.21128662 0.680415 0.0047412845 0.022631649 0.0001930897 0.003151422 0.022884315 0.0032024297 0.0025434822 0.038771924 0.0027088593 2.3080152e-05 0.000304716 0.00229763 7.3051255e-05 0.0005923798 5.4886998e-05 9.748145e-07 7.1015034e-05 8.291559e-06 3.6406465e-05 8.459321e-06 0.0006554049 3.2245697e-07 0.00043251607 0.010884772 0.00065579463 4.829927e-07 1.170769e-05 2.2012705e-06 1.2244824e-08 0.00016270424 1.3579811e-05 0.00015415931 4.3386012e-06 2.4146148e-05 3.182401e-07 5.6231755e-07 5.16034e-06 2.2201903e-06 5.046671e-07 1.1384493e-06 1.728701e-05 1.83735e-07 0.00029339286 2.2452325e-06 9.730864e-06 0.0035188417 0.00048217556 1.8354183e-05 1.1517614e-06 1.6517458e-06 3.566691e-05 0.0005128275 7.627502e-07 7.946293e-07 2.0779607e-06 1.5618948e-08 8.4649656e-07 5.8415816e-07 8.336833e-08 1.7120139e-07 3.4418753e-07 5.2358576e-08 2.9567977e-05 1.4749955e-07 4.7213855e-09 1.0936771e-05 1.2146384e-06 5.9771e-07 0.00022471069 1.2287346e-06 4.3811197e-06 1.1373403e-06 2.092249e-07 6.596425e-06 1.0013622e-05 9.676634e-08 1.5490795e-10 5.477551e-07 1.6248386e-08 1.3682468e-07 1.8449055e-05 3.839779e-08 3.260748e-07 1.14319505e-08 2.049155e-07 0.0019025353 1.5355215e-06
0.7580991 0.9863688 6.918556e-13 0.991603 0.83271486 0.9181344 0.11834651 0.076413915 0.1644695 0.119094536 0.19329697 0.0027326029 0.0017002802 0.86382306 0.06333189 0.86086136 0.10364893 0.47078705 0.008579562 0.00042701096 0.00029858126 0.02800128 0.14969262 0.011887276 0.00011050036 2.5619716e-05 7.0633214e-05 0.00012515506 9.864074e-06 0.0005944627 5.6874418e-05 3.0114986e-06 3.3678438e-07 3.435069e-08 0.06554014 9.996733e-06 0.0006455173 0.014386513 0.079765946 0.0002290193 1.5375363e-06 0.00067658117 2.056683e-05 0.033668824 6.303926e-05 3.2566318e-06 0.0012270496 2.0748013e-05 1.3962394e-07 0.0001715002 0.0032088712 6.612414e-05 4.5129723e-06 0.00010547528 2.1565573e-05 0.00024437218 0.0005476073 0.000553006 8.6409e-05 0.014815422 0.0013628477 6.6141324e-06 6.3534037e-07 5.500508e-06 3.790869e-05 0.0018315349 4.0695013e-06 1.3724262e-05 1.5541902e-05 1.0902021e-07 1.5060537e-05 3.0243134e-05 7.359854e-08 2.217188e-06 3.0420017e-05 1.1813531e-07 6.93586e-05 9.571093e-07 4.424873e-06 0.00030701805 4.1903906e-05 1.3867022e-05 0.0007912394 8.614723e-06 0.00019659783 1.1072347e-06 3.1071143e-06 0.0003823415 1.1037381e-05 2.1267338e-07 2.1413125e-08 7.846465e-06 6.7277274e-06 1.0506577e-06 7.004779e-05 1.7945894e-07 1.8748288e-07 4.0308697e-07 3.4493115e-07 0.0028369925 1.4456164e-06
0.89825755 0.99347514 0.991603 1.9361145e-14 0.09176887 0.09688735 0.006376477 0.004851632 0.7966934 0.002861997 0.009008226 0.038433384 0.015080192 0.941753 0.002092241 0.6448313 0.0007117246 0.09676722 0.06938002 0.0017155206 0.0015557687 0.21590212 0.070741504 0.00027278485 8.170959e-05 0.0006794126 8.90019e-05 0.0010732501 4.7988733e-06 1.7728953e-05 1.6751934e-05 3.3612166e-06 9.76182e-07 6.9924006e-08 0.058416758 1.357527e-06 0.004150482 0.08041238 0.07496378 2.4364613e-06 1.1376234e-06 4.2586533e-05 4.113132e-07 0.015708273 0.00012840277 5.7808497e-06 0.0003733414 7.5801145e-05 1.2595363e-07 3.7934672e-06 0.0013844824 2.9290447e-06 1.2395993e-08 6.430859e-07 1.2050515e-06 3.0034975e-05 0.0028269954 0.00012627496 0.0003816531 0.10610403 0.005780903 1.9153442e-06 6.970018e-08 1.558964e-07 4.6772243e-07 0.0064416253 3.2007654e-06 1.086216e-05 1.9941373e-07 2.3579825e-09 4.8077392e-05 9.281333e-06 1.25267166e-08 2.6934737e-07 2.896192e-05 1.4759487e-08 6.265429e-05 2.4959864e-08 3.1167376e-05 5.518143e-05 3.4330947e-06 1.8700675e-06 0.0054687723 3.6485503e-07 0.00012440499 3.1995352e-08 5.582561e-07 0.0007797746 4.6744085e-06 3.739095e-08 1.213929e-09 8.115068e-07 6.707096e-07 2.1104855e-05 0.00035564092 6.059538e-08 2.5094826e-07 7.3288255e-08 1.4170615e-07 0.013258205 2.949368e-07
0.012064631 0.9607468 0.83271486 0.09176887 3.6138146e-14 0.9932151 0.66134447 0.98518413 0.017610695 0.022316765 0.035485126 0.00083862984 0.000101139776 0.20859683 0.011012166 0.007971722 0.00181965 0.00021995897 0.0017151649 0.0003771404 5.734471e-05 0.0010866331 0.00026580234 7.287038e-06 3.0048815e-05 2.3050303e-05 1.6308825e-06 9.9839945e-06 3.7772273e-07 1.686741e-08 1.4894058e-06 1.5434274e-06 4.365712e-08 5.2106426e-08 5.8540965e-05 2.71362e-07 5.4406966e-05 8.9791705e-05 8.451213e-05 1.1849961e-06 3.9097935e-07 8.342998e-06 3.52388e-07 3.4747376e-05 4.6203372e-08 1.3023266e-06 7.7540676e-08 6.455058e-08 2.447027e-07 1.1064772e-07 1.5577646e-07 7.514869e-08 2.7057528e-08 1.9436455e-07 5.5553503e-08 8.1902624e-10 1.1226886e-06 5.3289186e-09 6.630432e-08 7.6714925e-05 1.7240418e-05 5.539387e-07 5.2969873e-09 2.641032e-07 1.5854422e-07 2.9142231e-05 3.0120844e-08 1.6508457e-07 1.3039646e-08 3.2465625e-08 6.644954e-08 2.9950122e-08 2.39132e-07 1.5528815e-09 1.41214755e-08 2.7259757e-08 2.0390104e-07 7.048207e-09 4.197093e-09 6.998885e-08 2.0977882e-10 1.971514e-09 2.9671135e-05 2.9584825e-08 8.640291e-09 1.7607753e-07 1.22515e-09 1.6502302e-07 1.1044699e-07 2.5113713e-09 5.04734e-09 8.564834e-08 7.9256074e-11 1.5407288e-06 1.4224728e-06 8.672023e-09 3.1487538e-08 9.6923754e-11 1.1506853e-08 0.0001506237 4.0973756e-08
0.43712497 0.15296946 0.9181344 0.09688735 0.9932151 9.175121e-15 0.9683602 0.11875837 0.0055485102 0.85493404 0.83400774 0.00020650015 2.1067513e-05 0.48041672 0.12835929 0.87975526 0.109972335 0.44345477 0.0014317944 4.5066e-05 2.2447475e-05 0.00350584 0.25282273 0.01882342 2.262635e-06 1.2383564e-06 1.8945342e-06 3.9263487e-06 5.648862e-07 0.00030520227 1.4250825e-06 9.57289e-07 2.3365388e-08 1.6796354e-09 0.084580086 1.2523045e-05 0.0002539075 0.0015979611 0.11091795 0.00016239622 3.9922074e-07 0.0011911237 1.2482183e-05 0.05177162 2.818436e-06 4.2542325e-07 0.00027570385 3.379702e-06 1.10849655e-07 4.8263075e-05 0.0042588566 1.4047218e-05 3.1652892e-06 3.773224e-05 2.2194143e-07 7.611103e-05 2.0342111e-05 0.000377473 1.2579638e-05 0.0024827467 0.0002618235 2.4129513e-06 1.5152963e-08 1.6623089e-07 2.9723909e-08 0.00052434386 4.7900096e-07 5.923582e-07 2.9503133e-07 3.901201e-07 8.44789e-06 2.1661037e-06 5.179013e-07 1.560715e-07 9.011482e-06 1.7640419e-08 7.8268695e-06 5.1303704e-07 9.841273e-07 4.1038697e-05 2.6604744e-07 1.9181438e-07 0.0004923681 4.1317594e-07 3.3407403e-05 8.731145e-08 2.3798015e-07 2.205821e-05 4.3220305e-07 2.949933e-09 8.174473e-09 1.215147e-06 3.3901063e-08 9.92611e-06 4.3464675e-05 2.2795165e-07 1.3618575e-07 6.955114e-09 4.35412e-08 0.0005631591 1.9410457e-08
0.011324462 0.023201171 0.11834651 0.006376477 0.66134447 0.9683602 2.8197178e-14 0.9992326 0.00033494827 0.985326 0.31866664 3.1044976e-05 2.510257e-06 0.016384779 0.12193365 0.0734318 0.07185074 0.015160367 0.00014169786 4.44321e-05 8.3408095e-06 9.931456e-05 0.010955564 0.0020861374 0.00011969721 5.439212e-07 7.9021896e-07 1.1349739e-06 8.760668e-07 0.00028228937 1.1030057e-05 1.3413342e-06 7.182808e-09 6.149013e-08 0.0018722027 5.7673402e-05 6.997949e-05 0.0003079162 0.0015927491 0.00017744457 1.664145e-06 0.00021887087 3.299144e-05 0.00090824586 1.0354707e-05 2.2794406e-05 0.00022843994 6.663821e-06 7.214704e-07 5.287843e-05 0.00039969775 0.00031460315 5.1621614e-06 1.5271513e-05 1.7102443e-06 5.037888e-06 1.182741e-05 2.5197132e-05 5.7222096e-06 0.00016411864 2.9035344e-05 4.6078167e-05 8.4535424e-07 3.4599667e-05 5.4402037e-05 3.5969282e-05 5.755024e-06 5.849299e-06 6.428593e-06 9.619358e-06 3.2968337e-06 1.31287325e-05 8.9413066e-07 1.5379792e-06 7.33449e-06 1.5555875e-06 6.72359e-06 4.996648e-06 4.2161314e-06 1.2024565e-05 1.9401536e-08 7.9110947e-07 0.0002103528 3.2784542e-06 8.328926e-06 4.5184908e-07 2.2931367e-06 1.3050936e-05 3.1606663e-07 1.2317294e-07 6.967851e-08 7.10619e-07 1.2277957e-07 1.7080454e-06 4.535821e-05 2.770684e-08 9.944482e-08 7.824683e-08 5.5898195e-08 0.0004246912 8.987991e-06
0.001146199 0.032221247 0.076413915 0.004851632 0.98518413 0.11875837 0.9992326 6.7720264e-14 0.0003380086 0.94277185 0.057432234 2.7669044e-05 9.773063e-07 0.007636911 0.5142912 0.0047865626 0.010259196 0.00064342 0.0001356593 6.323123e-06 1.1334206e-06 0.00010619381 0.00043075136 2.7504191e-05 1.4616209e-06 2.3218885e-07 1.2187417e-07 9.725127e-07 9.3032654e-08 4.2608003e-06 1.6086749e-07 3.8656805e-07 6.9025646e-10 1.1975937e-09 0.00014729497 4.3401033e-06 4.187654e-05 0.0001371001 0.00011831714 1.1494016e-05 9.162549e-07 8.1187296e-05 5.960405e-07 6.389156e-05 1.4286444e-07 1.2884553e-07 4.996634e-06 3.7067664e-07 3.5615682e-07 5.803346e-07 3.304766e-06 3.3130434e-06 3.1786158e-07 1.4690245e-06 3.0552243e-07 7.7601634e-08 2.4049334e-06 1.0084034e-06 5.8645736e-07 4.82472e-05 5.2675264e-06 1.705233e-06 1.6131015e-08 3.501696e-07 4.6833662e-07 3.6442245e-05 5.3210094e-08 2.0538427e-07 4.3581828e-08 1.6353694e-08 6.010591e-07 2.581415e-07 2.4645228e-08 4.9375355e-08 1.1637918e-08 1.9537675e-08 5.880462e-07 1.0808802e-08 2.8278432e-08 3.37336e-07 9.008533e-10 5.2797895e-09 2.9413293e-05 1.4403258e-07 3.4303244e-07 4.1422954e-06 2.3204072e-09 1.688758e-06 3.22106e-07 4.3222055e-08 7.3783013e-10 2.7176085e-07 1.2052306e-10 4.745258e-08 1.3145113e-06 7.232267e-10 1.8141051e-08 2.4870677e-11 4.358206e-09 0.00011834535 3.0103655e-07
0.5594999 0.87985563 0.1644695 0.7966934 0.017610695 0.0055485102 0.00033494827 0.0003380086 1.6469501e-13 0.00048592695 0.00018719982 0.99681133 0.97131145 0.91806847 0.0001527388 0.014685015 1.439756e-05 0.0009758182 0.55623084 0.2666256 0.047978714 0.4480382 0.0025669243 9.488794e-06 0.008722179 0.00988014 0.00345901 0.012665976 8.860817e-05 1.6669359e-06 0.0006293981 0.0002075974 3.641133e-05 2.4849367e-05 0.010644046 4.636999e-07 0.013367983 0.09898992 0.008444193 8.031876e-07 2.3902301e-05 2.1705248e-06 7.317941e-07 0.002093948 0.0005157639 8.259356e-05 6.174096e-05 0.00037752202 1.3187679e-06 1.7519924e-06 0.00062647276 5.785248e-07 9.9751425e-08 6.705133e-07 1.1666741e-05 5.770329e-06 0.0041627106 5.7681813e-05 0.0005757959 0.05352318 0.0051530176 9.939685e-06 1.4989215e-06 1.2553338e-06 1.025561e-06 0.0037479491 7.161793e-06 2.9136993e-06 6.7039946e-07 7.689807e-08 5.2796597e-05 9.650821e-06 8.5513996e-08 2.0019517e-07 1.1453404e-06 2.8703377e-08 9.8698365e-05 5.5058138e-08 7.9817055e-06 0.00010499546 2.5222218e-06 7.206789e-07 0.001273193 8.754304e-07 0.00015305667 1.3157486e-07 5.1107634e-07 0.00012938553 7.952202e-06 5.0050636e-07 3.9955495e-08 9.755892e-07 5.6693165e-07 5.332152e-07 0.00015095746 1.3994647e-08 2.352557e-08 6.606309e-08 3.521351e-07 0.0036749372 2.3693879e-06
0.011999037 0.008680836 0.119094536 0.002861997 0.022316765 0.85493404 0.985326 0.94277185 0.00048592695 5.8247246e-15 0.8895833 1.0336297e-05 1.1276718e-06 0.0042493916 0.98981035 0.26923922 0.7337368 0.117823236 5.2379186e-05 5.3865388e-05 7.1800446e-06 5.4761043e-05 0.04382218 0.01169246 4.022422e-05 1.7533452e-07 1.6164727e-06 8.3567534e-07 2.1083449e-07 0.0028866623 2.9811008e-06 1.5161463e-08 1.1307818e-08 8.2973486e-08 0.00782239 5.026273e-05 2.9800789e-05 0.00012235265 0.005973739 0.00027562893 2.2551306e-07 0.000649648 0.00013309924 0.004078857 4.9483805e-07 5.085103e-07 0.0009059357 9.246502e-07 2.1726876e-07 0.00010877507 0.00036422806 0.00021582906 3.1667427e-05 0.0002789644 6.0777194e-07 9.6002e-05 1.471726e-05 0.0001237261 4.545876e-07 0.00015313215 1.5230265e-05 7.474265e-06 2.914316e-08 1.5766067e-05 9.978216e-06 4.134369e-05 3.3567335e-07 8.4300825e-07 8.888819e-06 8.1351294e-07 6.224757e-07 2.5173485e-06 2.8514905e-06 5.8121323e-06 2.8526068e-05 2.7667645e-07 1.541746e-06 2.7211318e-06 1.6317505e-06 2.6396927e-05 3.7035914e-08 3.8990217e-07 0.0002911719 6.5694013e-07 3.151772e-05 8.341172e-07 4.0954362e-07 5.5041705e-06 3.1535578e-07 2.1596317e-07 4.3659366e-08 3.1826409e-07 6.229157e-07 5.482166e-07 1.2866981e-05 3.6387025e-09 3.4188005e-08 9.7539605e-08 2.903216e-07 0.00017947837 3.3031404e-06
0.7866989 0.0032862064 0.19329697 0.009008226 0.035485126 0.83400774 0.31866664 0.057432234 0.00018719982 0.8895833 1.2195799e-13 4.7227663e-06 6.756039e-07 0.047600843 0.79557884 0.941104 0.9881789 0.9662223 0.0002025277 1.5652195e-05 4.7389585e-06 0.0004965221 0.7068794 0.31574282 2.29369e-06 8.9598934e-08 1.3314391e-06 4.082593e-06 6.733752e-07 0.031863593 1.3589325e-06 8.651987e-08 2.1147917e-08 8.8022173e-10 0.1938217 0.00014011195 0.00018035446 0.00096212665 0.27750978 0.015752684 1.3228333e-07 0.031839687 0.00038584034 0.17989586 1.4284311e-06 2.0686654e-08 0.0071878354 8.762464e-07 2.976697e-08 0.0003376389 0.0306485 0.000118160504 2.239955e-05 0.0024643976 2.2109683e-07 0.0026383926 7.84882e-05 0.009573631 1.0183028e-05 0.0020895302 0.0005505172 7.0684416e-07 7.702428e-09 1.7912074e-05 9.06883e-08 0.0004688434 1.492981e-06 2.06346e-06 1.0584474e-05 2.1136586e-08 2.5445092e-06 8.138149e-05 2.8400864e-08 2.025867e-05 8.887077e-05 1.4208722e-07 1.1845752e-05 8.332581e-06 4.1208557e-05 0.00018985913 3.0571202e-06 1.0386118e-05 0.00023043985 3.143088e-07 0.00018216814 2.7284298e-07 2.0619796e-05 4.4239216e-05 2.7962658e-06 2.450598e-07 3.54334e-08 2.6462244e-06 1.23893105e-05 5.7271227e-06 2.233249e-05 2.5179787e-07 1.105724e-07 2.4735368e-06 7.897915e-06 0.0013087019 5.756542e-07
0.5528764 0.0494766 0.0027326029 0.038433384 0.00083862984 0.00020650015 3.1044976e-05 2.7669044e-05 0.99681133 1.0336297e-05 4.7227663e-06 2.9545558e-13 0.99882483 0.83528996 4.2034726e-06 0.0012233136 3.6451436e-08 0.00010383697 0.66620123 0.68550104 0.13787732 0.3880701 0.00019518101 2.5360774e-07 0.07791351 0.020308366 0.011584029 0.02990082 6.68937e-05 6.2904874e-08 0.0028890858 0.00038433773 7.011416e-05 8.391818e-06 0.001978002 9.423204e-08 0.016976207 0.09558503 0.0015704767 1.8318195e-07 3.069614e-05 3.383149e-08 5.7146124e-08 0.0002471549 0.0017064019 4.2832915e-05 5.8896526e-06 0.0010121558 7.3151336e-06 1.5764444e-07 0.000108206026 1.3081876e-07 1.7767654e-08 5.253657e-07 3.5918925e-05 6.7976276e-07 0.006883916 7.090327e-06 0.001067701 0.04811432 0.0073104296 1.5349058e-05 6.5605645e-06 3.2468478e-08 1.8705668e-06 0.0043833116 4.2656444e-05 4.713052e-06 4.0522824e-08 1.3555562e-07 0.000101254336 3.0446383e-06 2.730822e-07 2.6344435e-07 5.38686e-06 4.0343675e-08 4.92315e-05 3.5872553e-08 3.4575867e-06 1.7412412e-05 2.5312677e-06 6.397789e-07 0.001043024 4.966743e-07 1.5002279e-05 9.297376e-08 1.07502515e-07 0.0002533398 2.1661572e-06 4.0714164e-07 4.4435704e-09 1.9327097e-06 2.1221634e-07 1.1369444e-06 0.00012429792 2.7709325e-08 1.922427e-09 1.0289309e-08 6.413749e-08 0.0018950376 3.8137657e-08
0.3009459 0.21128662 0.0017002802 0.015080192 0.000101139776 2.1067513e-05 2.510257e-06 9.773063e-07 0.97131145 1.1276718e-06 6.756039e-07 0.99882483 3.5023102e-13 0.62487674 2.0701752e-06 0.00011445762 9.446919e-09 8.701346e-06 0.73946387 0.92528397 0.31225914 0.4199417 3.067305e-05 1.6844487e-08 0.7981172 0.9293534 0.07836784 0.11838812 0.0005623584 2.1977011e-09 0.0077156005 0.038369842 0.00324345 6.62157e-05 0.0001268721 1.40943515e-08 0.039244767 0.10907038 0.00012663372 8.4699444e-08 0.0008519732 6.414727e-08 2.0471987e-08 2.4874498e-05 0.0011322707 0.00156591 3.4331848e-07 0.0016860014 1.1502779e-05 1.4834428e-07 2.035165e-06 4.783725e-08 2.4208731e-08 3.816016e-07 0.0002658505 3.270747e-08 0.0103550395 4.975932e-07 0.001376988 0.022400314 0.0048953174 1.4077889e-05 8.514699e-06 7.958989e-09 2.3749473e-05 0.0033483587 4.8035457e-05 1.2651603e-06 1.37286795e-08 4.0299204e-09 6.8874186e-05 1.9886943e-07 1.4795545e-07 5.4636518e-09 3.0838727e-08 6.9977676e-07 6.918181e-05 3.8601566e-08 9.793888e-09 2.8616655e-06 9.657786e-07 7.101391e-08 0.0008213515 1.1236032e-06 3.807973e-06 5.264495e-07 4.7363965e-08 0.0001160289 2.1843764e-05 4.0542616e-08 1.5312804e-10 8.2378403e-07 3.7105827e-09 2.9109174e-07 7.838728e-05 7.1818493e-09 2.6793046e-08 2.450759e-09 6.332851e-08 0.0013136041 3.457979e-08
0.99080443 0.680415 0.86382306 0.941753 0.20859683 0.48041672 0.016384779 0.007636911 0.91806847 0.0042493916 0.047600843 0.83528996 0.62487674 1.729375e-15 0.0077724513 0.36908904 0.003157735 0.010585131 0.6683575 0.028004006 0.029273003 0.9441268 0.04134892 0.00035365846 0.002293677 0.0071024727 0.0010823566 0.013951961 1.9934074e-05 7.3436513e-06 0.00019421958 3.1165295e-05 3.7936314e-07 1.4893133e-08 0.4164541 2.1465132e-07 0.08010663 0.5154939 0.27307573 9.402025e-07 2.0644675e-06 8.14012e-05 1.6273161e-05 0.08745942 0.003349855 4.3928508e-06 0.0005592238 0.0015974947 7.413127e-07 5.0767717e-06 0.0063050888 3.3312353e-06 1.7591034e-07 2.843325e-06 1.4041827e-06 0.0002121262 0.01573061 0.0012761932 0.0041138446 0.52174187 0.031215718 3.698407e-06 1.9948828e-07 6.4898506e-07 4.1351376e-07 0.056601457 3.4267066e-06 5.8514894e-07 1.3586934e-07 2.637402e-09 0.00038798637 6.880663e-05 2.3436233e-07 7.704632e-07 2.566246e-05 4.1185782e-08 0.00018976173 4.7818417e-06 0.00030358188 0.00076567504 1.3254784e-06 1.2211298e-06 0.0147403255 1.10407186e-07 0.0007113935 4.523358e-07 4.4751105e-06 0.0032548453 1.8934317e-05 1.06754065e-07 5.6369075e-08 3.258059e-07 4.3484724e-06 1.5053186e-05 0.0011337369 6.7779355e-09 3.056467e-08 4.920184e-07 7.567521e-06 0.018655116 4.2173474e-07
0.022572739 0.0047412845 0.06333189 0.002092241 0.011012166 0.12835929 0.12193365 0.5142912 0.0001527388 0.98981035 0.79557884 4.2034726e-06 2.0701752e-06 0.0077724513 7.580511e-09 0.14355654 0.9920062 0.11392488 0.00027556033 0.00017705544 2.7956457e-05 0.00011772556 0.054062814 0.05073964 0.00083566114 3.2294722e-07 1.3775783e-05 4.335092e-05 8.796084e-06 0.02452077 0.00012613834 5.6729896e-05 1.2668221e-07 4.298682e-07 0.0046208585 0.0035121096 0.00020321549 0.0003213339 0.0050311284 0.44921252 0.00027386058 0.9631487 0.0005297713 0.0011797351 1.7193934e-05 5.2510124e-05 0.0010494466 3.487908e-05 9.019375e-06 0.00035930556 0.00039419177 0.002984456 0.0001832605 0.005112595 0.000107578155 0.00014941803 0.00023839528 0.00025521577 8.653097e-05 0.0001877453 6.653125e-05 0.0012782316 2.5806079e-05 0.0014009185 0.0030633106 0.0001548288 5.454053e-05 0.00041092667 0.0007243115 4.701237e-06 2.6768363e-05 8.052454e-05 2.0744321e-06 0.00016656487 3.6469017e-05 3.3106793e-05 0.00028678073 0.00013695596 2.4142012e-06 0.00028535392 4.193057e-05 8.441886e-05 0.0010917947 0.0003115693 0.00030297044 0.0003078117 0.00011461469 9.098254e-05 2.1735023e-05 6.959875e-06 2.1331473e-08 0.00017713617 3.3534347e-05 7.0184838e-06 7.574189e-05 1.2500672e-07 1.21014355e-05 8.844426e-06 2.2629532e-05 0.0007743829 7.738241e-05
0.973614 0.022631649 0.86086136 0.6448313 0.007971722 0.87975526 0.0734318 0.0047865626 0.014685015 0.26923922 0.941104 0.0012233136 0.00011445762 0.36908904 0.14355654 1.2793832e-11 0.6062298 0.90045816 0.0018474753 0.0001755282 0.0002981877 0.009557012 0.9153382 0.3153056 0.00012023723 0.00020327151 8.1471175e-05 6.854714e-05 7.83244e-06 0.011634331 2.7269367e-05 1.6541127e-05 6.216632e-06 2.851137e-06 0.9009497 0.00038238216 0.0018055479 0.011325223 0.8264978 0.0018138146 1.4082562e-05 0.00068491866 0.003900597 0.5858408 0.00017954975 5.412974e-06 0.04039147 7.7556324e-05 5.246247e-07 0.0005942764 0.041253384 0.00071849907 9.2782495e-05 0.00010532169 2.7315644e-05 0.0010506839 0.0006656561 0.006746257 0.00017306548 0.047247242 0.0040478916 8.4610525e-05 2.2763938e-06 0.00012481047 2.115368e-05 0.009125515 2.3682302e-05 5.4629254e-06 6.7349465e-05 5.164909e-06 0.000133157 0.00034159105 1.499731e-06 2.1558664e-05 0.00017790632 8.12732e-07 0.00010706172 8.558025e-06 0.0002177132 0.0003702566 5.209679e-06 5.2452964e-05 0.00758645 9.300476e-07 0.00023603688 7.983539e-06 1.7631784e-05 0.00057624525 2.5297728e-05 1.3403015e-07 1.5217951e-07 3.644365e-06 2.1891324e-06 7.386927e-06 0.00034473522 6.0400345e-07 7.076306e-07 6.4939053e-07 8.33578e-07 0.026965138 2.074917e-06
0.70596 0.0001930897 0.10364893 0.0007117246 0.00181965 0.109972335 0.07185074 0.010259196 1.439756e-05 0.7337368 0.9881789 3.6451436e-08 9.446919e-09 0.003157735 0.9920062 0.6062298 2.9291863e-14 0.7898656 2.1864897e-05 1.1305312e-05 1.5297435e-06 1.2226872e-05 0.5239213 0.87261534 8.788944e-07 2.7983795e-09 6.4390457e-07 9.716208e-07 1.6240045e-07 0.71900934 8.4857226e-07 9.099082e-08 4.570672e-09 4.2830317e-10 0.110496975 0.051593106 1.1088044e-05 5.5881115e-05 0.17034061 0.5118733 2.3422314e-07 0.6638615 0.070468776 0.11195995 4.5967536e-08 1.4756327e-09 0.013364414 1.3546413e-07 1.980569e-07 0.0355974 0.029590623 0.022129854 0.0014784763 0.048731875 1.04175136e-07 0.0017573256 3.1341504e-05 0.0085621895 4.978661e-07 0.0001604998 1.330578e-05 2.8434035e-06 1.24449855e-08 0.0022305942 1.3885219e-05 5.3971416e-05 6.299562e-07 1.7451038e-06 0.0023958033 1.4746333e-06 5.7151055e-07 0.00016051509 1.6987515e-08 0.00015517708 9.558706e-05 1.1083528e-07 2.1198928e-06 0.000100450845 2.3107308e-05 0.00021590029 3.063287e-06 3.495121e-05 0.00024161753 4.7490224e-07 0.00016984569 6.8904446e-06 1.2866416e-05 1.225912e-05 3.861775e-07 1.0788649e-06 6.100102e-08 4.3693714e-07 1.4359208e-05 1.601288e-07 3.2629457e-06 1.0524216e-08 4.4098817e-07 3.4954155e-06 3.3578203e-06 0.0015392904 3.710337e-06
0.9683976 0.003151422 0.47078705 0.09676722 0.00021995897 0.44345477 0.015160367 0.00064342 0.0009758182 0.117823236 0.9662223 0.00010383697 8.701346e-06 0.010585131 0.11392488 0.90045816 0.7898656 2.9703802e-11 0.00014224254 9.152645e-05 2.6291807e-05 0.00019260966 0.9637708 0.90403223 1.820213e-05 1.1710382e-05 1.4266756e-05 9.364249e-06 1.6502659e-06 0.18080395 1.8372459e-06 2.342181e-06 2.120387e-07 2.6710705e-07 0.7712926 0.013083263 0.00024918103 0.001338396 0.7834108 0.09638352 4.740654e-06 0.00930936 0.017562952 0.6302184 1.5773678e-05 2.675578e-07 0.28410715 4.222646e-06 3.922015e-08 0.040225834 0.109046645 0.01027088 0.0010725692 0.0006392737 1.5857328e-05 0.0064932816 0.0002217539 0.027179953 1.7415918e-05 0.00896649 0.0008446895 1.678835e-05 1.4945616e-07 0.0013041649 2.4448182e-05 0.0010748873 9.196892e-07 3.6518435e-07 0.0015615294 1.628684e-05 2.9985124e-05 0.00062873785 5.1567586e-08 0.0001938615 0.0003654382 5.9260827e-08 6.6683792e-06 7.78376e-05 0.000513749 0.00062733877 1.9533474e-07 0.0003522911 0.0010423991 1.6620268e-07 0.00042639486 3.9367196e-06 9.585965e-05 0.00014948587 4.022805e-07 7.017847e-06 3.9276088e-07 7.3813743e-07 4.166199e-05 1.1701774e-07 5.3604243e-05 4.512599e-09 1.5243995e-07 1.0002703e-05 9.163471e-06 0.013442983 1.6257029e-05
0.7656671 0.022884315 0.008579562 0.06938002 0.0017151649 0.0014317944 0.00014169786 0.0001356593 0.55623084 5.2379186e-05 0.0002025277 0.66620123 0.73946387 0.6683575 0.00027556033 0.0018474753 2.1864897e-05 0.00014224254 4.597503e-10 0.89699525 0.9924631 0.99202853 0.0004977695 1.1277927e-05 0.11640816 0.1110004 0.076638095 0.34200177 0.0008021971 7.678955e-06 0.0028348533 0.0049693403 4.7998412e-05 5.715019e-05 0.00877552 5.0889726e-06 0.43213725 0.7115718 0.0071173655 2.1352014e-06 0.00048558158 2.3266344e-05 5.9296613e-06 0.0020921694 0.016484044 0.0005610224 0.00032692502 0.005026247 3.4945675e-05 2.3788325e-05 0.0002901925 4.665119e-06 4.076584e-07 5.6700144e-05 0.00013823944 2.0341742e-05 0.030028773 2.9967712e-05 0.00582491 0.40499273 0.031077059 4.8598115e-05 1.3754504e-05 5.66529e-07 4.9265013e-06 0.03436987 1.0643122e-05 9.774513e-06 9.978049e-07 4.215846e-06 0.0001488903 6.203358e-05 1.6604448e-06 5.641048e-06 7.830973e-05 2.804383e-07 5.5791555e-05 1.2221865e-06 2.4107789e-05 5.539202e-05 1.187198e-05 4.477395e-06 0.0054449406 3.42042e-07 0.00017728862 5.1982147e-06 7.045503e-06 0.0005647546 4.891945e-06 1.101273e-06 1.8775916e-07 7.140709e-07 2.710629e-06 1.5280871e-06 0.00045134628 2.242985e-08 5.985425e-08 4.4707576e-07 1.205855e-06 0.010308326 6.4152487e-06
0.65044874 0.0032024297 0.00042701096 0.0017155206 0.0003771404 4.5066e-05 4.44321e-05 6.323123e-06 0.2666256 5.3865388e-05 1.5652195e-05 0.68550104 0.92528397 0.028004006 0.00017705544 0.0001755282 1.1305312e-05 9.152645e-05 0.89699525 6.2703713e-09 0.99552727 0.2591825 0.0001214957 4.0814875e-06 0.98126304 0.6091604 0.8022472 0.5090274 0.0059578936 1.5150999e-06 0.05729205 0.039846335 0.00060807844 0.00043718395 0.00040146345 2.3572127e-06 0.1864602 0.45687416 0.0005662747 5.9064927e-08 0.0019363314 8.113366e-07 8.5182603e-07 0.00018123708 0.01294143 0.0012650602 6.577144e-05 0.0078036906 0.00015165673 1.0208484e-05 5.400653e-05 1.1592088e-05 1.2273246e-06 6.629355e-05 0.0011877808 1.0095687e-06 0.04017225 7.697351e-06 0.005250244 0.14038599 0.018873395 6.826838e-05 4.1488685e-05 2.1553944e-06 0.00022217938 0.0119514605 0.000111503905 5.3204134e-05 1.3869329e-06 7.707781e-06 0.00025779798 1.5163033e-05 1.4011563e-05 4.773611e-07 3.880261e-06 4.2997544e-06 0.00018291968 3.8031062e-06 4.5043143e-07 5.08053e-06 1.0081222e-05 9.291833e-07 0.0026048843 9.840791e-06 7.893328e-06 2.0367055e-05 2.9806288e-06 0.00031024983 3.6822374e-05 1.2968367e-07 1.6554264e-08 4.6243053e-06 1.17068524e-07 4.676776e-06 0.00025325044 2.8756932e-07 3.917462e-06 1.2313147e-07 3.0280464e-06 0.0045249965 5.6711116e-05
0.3556211 0.0025434822 0.00029858126 0.0015557687 5.734471e-05 2.2447475e-05 8.3408095e-06 1.1334206e-06 0.047978714 7.1800446e-06 4.7389585e-06 0.13787732 0.31225914 0.029273003 2.7956457e-05 0.0002981877 1.5297435e-06 2.6291807e-05 0.9924631 0.99552727 1.9244198e-12 0.5628617 6.940683e-05 3.611853e-07 0.5652033 0.094257586 0.8528515 0.7644282 0.00057555543 6.922992e-07 0.106719114 0.0056910254 0.0001624828 7.2834984e-05 0.00051182584 1.1116053e-06 0.3238412 0.43578908 0.00052420964 1.6979845e-07 0.000540326 9.964602e-07 6.9174416e-07 0.0002680882 0.050843466 0.0010019449 2.0904161e-05 0.0051393253 3.6643887e-05 8.1307314e-07 4.1944048e-05 4.940751e-07 9.521362e-08 1.2094715e-06 0.00023170917 8.3916694e-07 0.0315173 4.5526986e-06 0.008297389 0.09325175 0.021306109 2.0134303e-05 1.2053889e-05 7.9957836e-08 1.1590209e-05 0.014309674 0.00037867512 2.9326295e-05 3.238966e-07 2.2667082e-06 0.00043597815 8.014833e-06 3.8630515e-06 3.2095303e-07 3.4833395e-06 8.8684175e-07 0.000106753716 1.2079077e-07 1.5116576e-06 5.7751854e-06 1.1861727e-05 4.2850237e-07 0.0030407603 1.129842e-06 1.0254422e-05 2.3105688e-06 7.638399e-07 0.00051907124 8.142818e-06 5.665471e-08 4.7841993e-08 4.3222512e-06 7.882624e-08 9.662443e-06 0.0004209946 1.2010285e-07 3.665196e-07 9.158188e-09 1.3165656e-07 0.002087907 2.0582104e-06
0.9561969 0.038771924 0.02800128 0.21590212 0.0010866331 0.00350584 9.931456e-05 0.00010619381 0.4480382 5.4761043e-05 0.0004965221 0.3880701 0.4199417 0.9441268 0.00011772556 0.009557012 1.2226872e-05 0.00019260966 0.99202853 0.2591825 0.5628617 5.559937e-13 0.00095253595 1.876872e-05 0.026517509 0.015317532 0.008087788 0.22064604 0.00012535477 7.887294e-06 0.00090395205 0.0015791393 2.769469e-06 5.6157396e-06 0.10663979 5.752116e-06 0.63896734 0.94728434 0.056328923 9.689714e-07 9.503278e-05 1.8434563e-05 2.2804616e-06 0.010250516 0.01655017 8.335137e-05 0.00044322934 0.0023731794 7.755332e-06 5.58586e-06 0.0016079999 4.0034533e-06 1.1929089e-07 4.3433124e-06 8.487735e-06 3.9161267e-05 0.070075646 0.00011215628 0.0029956084 0.81586117 0.10516879 1.6104601e-05 1.2195715e-06 5.7139016e-07 8.438674e-07 0.13028945 1.0746408e-05 3.641353e-06 1.9036605e-06 1.625464e-07 0.000153119 0.0001367658 1.4068863e-06 4.128091e-06 0.00013268708 1.6246318e-07 3.782754e-05 1.8826111e-06 0.00019930793 0.00026204382 1.0586008e-05 1.839468e-05 0.024337577 2.3712086e-07 0.0003589545 1.45471e-07 6.5605955e-06 0.0009910495 3.9443557e-06 1.9091338e-07 3.3982825e-08 7.1267687e-07 7.972797e-06 3.5703372e-06 0.00045339874 1.53952e-08 1.5883955e-08 4.7750683e-07 1.6348627e-06 0.02137565 1.5666e-06
0.96551406 0.0027088593 0.14969262 0.070741504 0.00026580234 0.25282273 0.010955564 0.00043075136 0.0025669243 0.04382218 0.7068794 0.00019518101 3.067305e-05 0.04134892 0.054062814 0.9153382 0.5239213 0.9637708 0.0004977695 0.0001214957 6.940683e-05 0.00095253595 2.0212015e-10 0.9042174 4.8272745e-05 4.434418e-05 5.6351633e-05 1.9092211e-05 1.9733632e-05 0.12310014 1.505389e-05 1.2213086e-05 7.3485796e-07 2.3605364e-05 0.9668572 0.018398738 0.0005528729 0.0030557113 0.8600079 0.04433543 1.6855569e-05 0.003283104 0.016736206 0.70922023 3.4648405e-05 4.048115e-06 0.5726672 1.3630387e-05 3.1628642e-07 0.060241498 0.16393165 0.0061741867 0.0025659378 0.00069445523 1.3294909e-05 0.030838678 0.00036580584 0.034751132 4.7627836e-05 0.031262044 0.0025482639 0.00016526629 1.5055776e-06 0.0009222848 5.9583024e-05 0.00693453 3.1945656e-06 4.318337e-06 0.0014900629 4.8488564e-06 5.314891e-05 0.0015464871 1.0463709e-06 0.00044510374 0.0013713168 9.4743115e-07 2.702505e-05 0.00022194411 0.0021276209 0.007532941 1.1017427e-06 0.0010249481 0.0069364817 1.1138487e-06 0.009683453 0.00010374086 0.0003305753 0.0006881392 3.3933827e-06 3.2231404e-05 1.9591355e-06 4.2696674e-06 0.00029863423 4.5991264e-06 0.00019031542 2.3627424e-08 2.448505e-07 5.6667435e-05 5.4494933e-05 0.031961203 2.4483812e-05
0.9573074 2.3080152e-05 0.011887276 0.00027278485 7.287038e-06 0.01882342 0.0020861374 2.7504191e-05 9.488794e-06 0.01169246 0.31574282 2.5360774e-07 1.6844487e-08 0.00035365846 0.05073964 0.3153056 0.87261534 0.90403223 1.1277927e-05 4.0814875e-06 3.611853e-07 1.876872e-05 0.9042174 4.5092e-13 5.786385e-07 2.8649432e-09 9.644633e-07 6.968173e-07 6.9415596e-06 0.9975107 3.1340605e-07 2.0883058e-07 4.3041315e-08 2.1475472e-07 0.44454136 0.07669748 8.748111e-05 0.0006544174 0.67227536 0.14505422 2.2885759e-07 0.003915242 0.19892673 0.626673 6.379341e-07 5.9038996e-07 0.6137826 3.7917795e-07 9.730134e-09 0.3084005 0.68267137 0.0916734 0.019873267 0.005313576 1.5331985e-07 0.14768949 2.2363778e-05 0.2344115 1.4895095e-06 0.007077424 0.00020767601 2.7075441e-06 2.1818643e-08 0.007773879 5.198785e-06 0.00064483593 1.1133107e-07 4.1981407e-06 0.011727207 4.0877963e-05 6.833341e-06 0.001293492 8.743761e-08 0.00096128386 0.0006317931 5.3449315e-07 3.2668408e-06 0.00083297445 0.0019486328 0.0022127584 5.028531e-07 0.0006052026 0.0020178102 1.0546079e-06 0.0025392105 6.567009e-07 8.8119654e-05 6.862615e-05 1.0366223e-06 3.325639e-06 2.9850196e-07 4.989025e-06 1.1283823e-05 5.404538e-07 2.6636199e-05 2.3754806e-08 1.4570426e-07 3.041159e-06 5.2882362e-05 0.022858655 1.0581345e-05
0.8206361 0.000304716 0.00011050036 8.170959e-05 3.0048815e-05 2.262635e-06 0.00011969721 1.4616209e-06 0.008722179 4.022422e-05 2.29369e-06 0.07791351 0.7981172 0.002293677 0.00083566114 0.00012023723 8.788944e-07 1.820213e-05 0.11640816 0.98126304 0.5652033 0.026517509 4.8272745e-05 5.786385e-07 6.5860117e-09 0.9551893 0.97929937 0.7453067 0.05373793 1.0396944e-06 0.8439783 0.94235486 0.007341853 0.010519582 0.00012386493 3.733392e-07 0.25593194 0.4051359 0.00032726253 2.5293227e-08 0.6215757 6.1584825e-07 1.11598744e-07 4.844601e-05 0.14281406 0.052158065 2.6508907e-05 0.12793854 0.018246103 2.4306266e-06 4.0778286e-05 2.0948246e-05 3.1949452e-07 6.813277e-05 0.10632553 4.0176255e-07 0.21489055 1.8503827e-06 0.06606477 0.12869103 0.05758081 0.0061035217 0.0016571166 6.510823e-07 0.0053049633 0.03693014 0.0045869015 0.0015312757 2.0376604e-06 7.6130445e-06 0.009948343 5.523827e-06 7.5105204e-06 1.6941496e-07 1.3452536e-05 3.145232e-05 0.0034361202 9.3123066e-07 1.7350844e-07 2.0949913e-06 0.00051788404 1.0059301e-06 0.009793129 0.00081595546 6.35614e-06 1.3158165e-05 1.7360785e-06 0.008223037 0.00060409453 1.1566336e-07 6.5685115e-09 0.00012106359 2.4693165e-07 0.00010030716 0.002701075 4.4797225e-06 2.819154e-06 4.2655405e-08 9.969779e-06 0.008555276 8.032623e-06
0.29995808 0.00229763 2.5619716e-05 0.0006794126 2.3050303e-05 1.2383564e-06 5.439212e-07 2.3218885e-07 0.00988014 1.7533452e-07 8.9598934e-08 0.020308366 0.9293534 0.0071024727 3.2294722e-07 0.00020327151 2.7983795e-09 1.1710382e-05 0.1110004 0.6091604 0.094257586 0.015317532 4.434418e-05 2.8649432e-09 0.9551893 4.737968e-12 0.201385 0.1019931 0.9998687 2.097277e-09 0.19355254 0.97490555 0.4628996 0.0007716571 0.00027767656 1.1884332e-08 0.015332015 0.032219797 0.00045939276 1.3071818e-08 0.007371365 2.110778e-08 3.789395e-08 0.00012934717 0.044130463 0.00033445607 2.0008142e-07 0.015967652 0.0003367464 3.5615326e-08 2.1730793e-05 5.335268e-08 4.004062e-09 4.092088e-08 0.00056508486 3.6108057e-09 0.016899979 4.3028123e-07 0.008298853 0.012047765 0.0048800237 4.9095444e-05 4.176634e-05 2.1996689e-08 0.00025552872 0.0011491134 3.9594674e-05 2.3274863e-05 5.0822524e-09 1.294787e-08 4.7501646e-05 1.8996163e-06 8.924699e-06 2.824221e-08 9.78236e-07 4.305232e-06 6.605254e-05 2.1983573e-07 3.6114812e-07 1.1866349e-06 1.4195693e-07 1.2490877e-07 0.00050460873 1.5669392e-06 1.3685242e-06 1.3084622e-05 1.6980785e-07 1.6169251e-05 2.6188778e-07 5.183776e-09 7.368531e-09 5.276558e-07 6.812389e-08 1.0479968e-06 1.4519035e-05 1.08935204e-07 1.5774549e-07 5.020734e-09 1.1423661e-07 0.0008779475 1.917656e-08
0.5501875 7.3051255e-05 7.0633214e-05 8.90019e-05 1.6308825e-06 1.8945342e-06 7.9021896e-07 1.2187417e-07 0.00345901 1.6164727e-06 1.3314391e-06 0.011584029 0.07836784 0.0010823566 1.3775783e-05 8.1471175e-05 6.4390457e-07 1.4266756e-05 0.076638095 0.8022472 0.8528515 0.008087788 5.6351633e-05 9.644633e-07 0.97929937 0.201385 2.8426506e-11 0.95581156 0.0017410646 1.2221841e-06 0.9896672 0.08215188 0.00040739554 0.00029230758 0.00015092896 7.846457e-08 0.26321217 0.23112854 0.0002530855 1.9362977e-08 0.01845922 1.684305e-07 1.7493169e-07 5.6661007e-05 0.14027171 0.002034483 1.8934643e-05 0.026582437 0.0021510946 3.435325e-06 1.9904706e-05 3.608663e-06 3.124463e-07 9.067529e-07 0.0029944428 8.090611e-07 0.068451904 8.19417e-06 0.009074926 0.0766184 0.026492842 6.5319255e-05 0.00014619234 2.0098811e-07 4.4213564e-05 0.017233703 0.0019589954 0.00015183575 1.7355215e-07 2.2276036e-07 0.001083693 4.932637e-06 2.4296278e-06 2.3751173e-07 1.7815503e-06 3.339268e-07 0.00035235108 1.8742649e-06 5.2364e-07 6.396609e-06 4.978419e-05 6.907366e-08 0.0034370986 2.1750595e-05 9.059702e-06 1.3277771e-06 9.500052e-07 0.00054811256 9.048715e-05 9.846394e-08 7.119126e-09 2.8028535e-05 2.1446778e-07 1.6376349e-05 0.000597624 2.1301594e-06 1.3786322e-07 7.5244635e-08 9.649739e-07 0.0029296062 5.5602084e-07
0.8525109 0.0005923798 0.00012515506 0.0010732501 9.9839945e-06 3.9263487e-06 1.1349739e-06 9.725127e-07 0.012665976 8.3567534e-07 4.082593e-06 0.02990082 0.11838812 0.013951961 4.335092e-05 6.854714e-05 9.716208e-07 9.364249e-06 0.34200177 0.5090274 0.7644282 0.22064604 1.9092211e-05 6.968173e-07 0.7453067 0.1019931 0.95581156 1.2985462e-12 0.0006282068 3.389419e-07 0.9606697 0.06528718 0.0001908272 4.5674085e-05 0.0006148427 6.6581134e-07 0.9865046 0.86414903 0.00052600796 2.4549754e-08 0.010329435 7.8011635e-07 6.448946e-07 0.00017938578 0.80360496 0.0019553883 4.9599414e-05 0.16851772 0.0020015617 1.1079655e-06 6.508321e-05 4.1023573e-06 8.214678e-08 2.8442946e-07 0.001070093 7.9668257e-07 0.4321726 3.7840186e-06 0.107965544 0.53957677 0.2312344 5.2388827e-05 4.2469685e-05 3.097208e-07 3.5070472e-05 0.14706413 0.001713422 7.832982e-05 5.0464985e-07 4.5515e-08 0.0042959983 2.0291058e-05 7.871167e-06 4.737316e-07 1.9136036e-05 9.4276055e-07 0.0004448797 2.5935128e-06 1.5011468e-05 1.8811423e-05 2.2377775e-05 1.1001813e-06 0.032807965 5.074487e-06 5.4759577e-05 1.6844521e-06 1.2937727e-06 0.005687323 1.7943516e-05 7.2764955e-08 1.1342466e-08 1.805881e-05 1.1540901e-06 2.3682504e-05 0.0023576638 1.9160686e-07 7.497302e-08 1.9065183e-08 2.5858478e-07 0.009755661 1.2199856e-06
0.012750363 5.4886998e-05 9.864074e-06 4.7988733e-06 3.7772273e-07 5.648862e-07 8.760668e-07 9.3032654e-08 8.860817e-05 2.1083449e-07 6.733752e-07 6.68937e-05 0.0005623584 1.9934074e-05 8.796084e-06 7.83244e-06 1.6240045e-07 1.6502659e-06 0.0008021971 0.0059578936 0.00057555543 0.00012535477 1.9733632e-05 6.9415596e-06 0.05373793 0.9998687 0.0017410646 0.0006282068 4.126848e-13 1.6102288e-06 0.003295974 0.5753481 0.9986091 0.17500234 2.1925252e-06 7.6205805e-07 0.00010951787 0.00018014388 1.6327202e-06 3.8292237e-07 0.058756612 2.3579343e-08 9.870731e-07 2.2848468e-07 0.001174888 0.0014665162 4.2832502e-07 0.0010588961 0.0003117274 1.7318776e-05 9.261055e-07 5.7750396e-05 8.285836e-06 3.9081345e-07 0.0003740415 3.6666603e-09 0.0003339757 4.7656297e-08 0.00049469154 5.5760484e-05 0.00012302121 0.0003424634 0.000116357674 9.4112465e-07 0.004264754 4.9644612e-05 6.0465987e-05 2.6209991e-05 1.3450739e-07 9.682468e-08 2.1504686e-06 5.4599536e-07 1.3069768e-05 3.1018695e-05 2.160149e-07 5.9973994e-05 1.34780275e-05 2.4382847e-05 2.5700702e-08 1.4664586e-06 1.499926e-05 2.7391724e-08 0.00011575767 0.00023250804 3.61114e-07 4.48725e-05 1.5357778e-06 5.1929774e-06 2.1100418e-06 8.3729475e-07 2.2428996e-08 1.8165038e-05 2.610608e-06 2.0248626e-07 4.4672315e-06 1.8242979e-06 1.5829336e-06 8.444634e-08 4.1801044e-07 0.00044455397 9.75357e-08
0.7495264 9.748145e-07 0.0005944627 1.7728953e-05 1.686741e-08 0.00030520227 0.00028228937 4.2608003e-06 1.6669359e-06 0.0028866623 0.031863593 6.2904874e-08 2.1977011e-09 7.3436513e-06 0.02452077 0.011634331 0.71900934 0.18080395 7.678955e-06 1.5150999e-06 6.922992e-07 7.887294e-06 0.12310014 0.9975107 1.0396944e-06 2.097277e-09 1.2221841e-06 3.389419e-07 1.6102288e-06 6.007172e-14 1.485317e-07 1.07651275e-07 8.405533e-09 2.3207713e-08 0.06290132 0.86586976 2.0858777e-05 7.5492375e-05 0.18571691 0.09784321 1.063042e-07 0.00041771578 0.97860116 0.21824238 3.1722593e-07 4.6921238e-07 0.38517308 8.49588e-08 9.173434e-09 0.7073224 0.4735153 0.67030036 0.07851115 0.043104395 7.0508224e-07 0.09042061 3.6651347e-06 0.28907514 4.947243e-07 0.00027542163 1.8737512e-05 6.788485e-06 2.7628474e-08 0.09556931 0.0006882836 1.875564e-05 3.3454168e-07 1.9822028e-06 0.22763024 0.006340237 1.8320237e-07 0.002908932 2.1375584e-08 0.002462517 0.00070862105 1.296493e-07 2.7861887e-07 0.0022018144 0.0008133967 0.0016279954 7.1110826e-08 0.0010951102 0.00024377047 2.081236e-07 0.0009702361 3.586823e-05 0.00037559282 3.851754e-06 1.6771915e-07 2.7781443e-05 5.9118975e-06 6.4988495e-07 6.71066e-05 1.8954405e-07 9.986322e-07 1.5799653e-08 8.5975154e-07 2.0402342e-05 0.000100812744 0.0058815647 0.00018782051
