5.219628e-18 0.99653035 0.9756826 0.99273413 0.95430756 0.9991165 0.93275684 0.9993362 0.9990232 0.9076831 0.9530872 0.9932992 0.8574024 0.998815 0.99583036 0.978251 0.9787519 0.8948507 0.93741834 0.81476253 0.8057208 0.7414332 0.9345477 0.86898935 0.7684911 0.9058453 0.97029036 0.9133624 0.8382334 0.4065284 0.6753245 0.99986565 0.78453636 0.36726773 0.65679944 0.68735915 0.83748114 0.7969606 0.518053 0.99974436 0.9993221 0.49900007 0.64050674 0.85618895 0.6714606 0.97086525 0.22018299 0.6574582 0.6601131 0.99427706 0.3520451 0.11347436 0.21640392 0.5779993 0.099917725 0.99887663 0.98213035 0.33660772 0.9163781 0.6974199 0.8275164 0.243886 0.91657907 0.012446191 0.92261267 0.09130578 0.8388309 0.636952 0.6515738 0.93315303 0.040975586 0.18936868 0.186431 0.0021170047 0.10483631 0.88627344 0.7941473 0.7444008 0.6893396 0.117993444 0.41378316 0.00041134408 0.7431653 0.30941212 0.003483087 0.0012121713 0.4203517 0.00028482292 0.95755225 0.042862307 0.8778644 0.00071001187 0.16725188 0.42885488 0.6512381 0.0003016874 0.1377026 0.8248407 0.00056573027 0.37822133 0.00043468454
0.99653035 8.385892e-11 0.913605 0.46525022 0.93863904 0.74524266 0.89468503 0.2956355 0.2768616 0.4469289 0.018539092 0.84280705 0.56470644 0.0015643048 0.021463387 0.32190964 0.0052448767 0.0031201292 0.004370433 0.00813766 0.056325275 0.078168415 0.820035 0.0017730749 0.04063012 0.0015915398 0.0032452971 0.23528902 0.00053895067 0.0036276013 0.02458637 0.024583966 0.30464804 0.0037998182 0.0071110115 0.0013574581 0.5800847 0.5971898 0.0007973025 0.011196686 0.0053507895 0.2045084 0.2897353 0.025209982 0.2861311 0.00011121303 0.001149393 5.041275e-05 7.290058e-05 0.0016513097 0.0024640872 6.802045e-05 2.750102e-05 4.6541e-05 0.038711146 0.0007841436 6.9214344e-05 4.156623e-05 0.0019988385 0.0018240057 0.2170543 0.0003231113 0.0006248167 9.738087e-06 0.0002810521 0.0125375595 0.00016808625 0.3095317 0.00012600608 0.00015405835 2.6642803e-05 3.692076e-05 0.006623724 8.4074545e-06 0.0001411095 0.00030004676 8.182336e-05 4.9252212e-05 0.00015851876 0.00016729096 2.28978e-06 5.713243e-07 1.6903716e-05 0.00014480975 0.00075344107 0.00012245479 7.848003e-05 3.191778e-07 0.0008990892 0.003151838 2.0687446e-06 5.8918426e-06 3.186764e-06 8.012131e-05 0.0029859282 0.00025279846 5.774219e-05 1.3403546e-06 3.753055e-05 0.0007602481 1.2604051e-05
0.9756826 0.913605 1.0083931e-11 0.60265565 0.9667948 0.9025686 0.8916186 0.23288576 0.06852727 0.23509766 0.009636989 0.20371324 0.38208756 0.0002355552 0.008676657 0.017683946 0.0038451517 0.0009315225 0.0005218971 0.0020817036 0.02511793 0.016614707 0.86700547 0.0003788982 0.0038906184 0.00023767569 0.0021164587 0.09932832 4.1307274e-05 0.0016191319 0.007889201 0.010812655 0.086594015 0.0016134778 0.0010963496 0.0001679361 0.5362992 0.7350259 0.00021369573 0.0059985747 0.002496668 0.11662378 0.11137116 0.011054506 0.23843905 3.2136133e-05 0.00019747064 5.6244708e-06 4.9920352e-05 0.0013137307 0.00028762515 2.159743e-05 6.6263806e-06 3.503806e-06 0.03749013 0.0002832721 5.3440826e-06 1.1463934e-05 0.00017224568 0.0002414533 0.045051053 0.00012114156 0.000439341 2.3963162e-06 0.00049085636 0.03222837 0.00014151122 0.4277634 4.0147188e-05 0.000112767295 7.784358e-06 3.373912e-06 0.003328322 1.960266e-06 0.000105997315 3.2828422e-05 7.2040307e-06 2.77709e-05 0.00012351813 4.028933e-05 8.82612e-07 1.4736978e-07 1.9677424e-05 4.5693887e-06 0.0010380667 0.00019251049 4.542639e-05 7.0080057e-07 0.00031232496 0.012409124 2.1542294e-06 1.2092634e-05 2.7982344e-06 6.8466748e-06 0.0007472773 0.0012710148 8.042849e-06 4.7170604e-07 0.00021953313 0.00016132294 2.4005238e-05
0.99273413 0.46525022 0.60265565 2.7275631e-11 0.4164264 0.86041105 0.69486856 0.8885607 0.012552214 0.9507854 0.84392726 0.026906831 0.8070866 0.08736276 0.0008645129 0.003196699 0.00037077832 0.06103792 0.00015218584 0.00015489674 0.8741212 0.0012621415 0.06044422 0.00017717638 0.0008687259 0.024471577 0.0003050018 0.007759876 4.1747662e-05 0.2515603 0.0005138034 0.003531203 0.009745707 0.14537902 0.00022152183 6.831442e-05 0.45880938 0.03479919 0.114015475 0.004023379 0.012696621 0.06419141 0.004722413 0.6641622 0.031152692 1.6244383e-05 1.6413294e-05 2.3832742e-07 5.9258e-06 0.0044894917 2.3395816e-05 5.898905e-06 1.0231256e-06 8.447708e-07 0.0011927201 0.01641548 1.7893504e-06 1.3329683e-05 0.05679927 0.038696934 0.0005988315 0.0072315442 0.0010653556 2.0459098e-07 0.001086547 0.03714267 0.0002147526 0.156452 0.004768397 8.4828265e-05 2.3744049e-06 0.0003361986 5.88341e-06 4.304655e-07 0.03360009 0.003860207 0.0015532256 0.0006329085 6.139067e-05 0.00046789716 6.410524e-07 1.9608129e-07 0.00015704251 0.00061074697 3.156615e-05 0.00043985897 0.000110496985 1.1562119e-06 0.0002719241 0.0037736204 2.929063e-05 4.1682702e-05 7.716921e-05 0.00072446547 0.00054404297 3.1196963e-05 7.823844e-05 4.183504e-06 7.4607483e-06 0.0001496325 4.561693e-05
0.95430756 0.93863904 0.9667948 0.4164264 2.0187e-11 0.82541937 0.93532264 0.15452491 0.06713645 0.21162547 0.0041924217 0.45755455 0.19185777 0.00012972506 0.013400704 0.07581556 0.004483405 0.00033321 0.001323268 0.0049616904 0.013991801 0.06902639 0.93008 0.00041265637 0.013788415 9.8368735e-05 0.0025477607 0.23056477 7.7118e-05 0.00090941467 0.015816625 0.009340026 0.08150476 0.0010794485 0.0017118532 0.00032609704 0.4064618 0.7732358 0.00014819758 0.0030468928 0.00071942195 0.06384884 0.08790721 0.0017548827 0.16193387 2.979968e-05 0.00044250165 6.339117e-06 4.078225e-05 0.0005452893 0.00025182514 1.9621786e-05 1.9371844e-06 3.0482206e-06 0.026203172 1.3147953e-05 4.3964087e-06 6.8529203e-06 9.307682e-05 9.246864e-05 0.047755793 2.6975069e-05 0.00016286274 2.3572195e-06 7.702421e-05 0.019649254 2.2368471e-05 0.24553415 5.63944e-06 7.1717e-05 2.414314e-06 1.1994895e-06 0.0024904658 4.2402783e-07 7.301218e-05 5.57258e-06 1.6815292e-06 8.678249e-06 1.6881211e-05 7.4382774e-06 1.8855903e-06 1.5957801e-07 2.082027e-06 2.7400765e-06 0.0010745 0.00010560572 2.1790293e-05 3.1594396e-07 7.624936e-05 0.0053821052 2.3797686e-06 9.447496e-07 6.5702346e-07 1.1236493e-06 0.00018476795 0.0009852953 2.0684643e-06 5.0292666e-08 0.00012846009 2.3483306e-05 4.4138897e-06
0.9991165 0.74524266 0.9025686 0.86041105 0.82541937 2.3073281e-11 0.8914336 0.86605155 0.20889392 0.8524072 0.6822699 0.1541492 0.70501095 0.06753134 0.008057148 0.02821035 0.0016220985 0.046692062 0.0011002276 0.0024080193 0.68000776 0.00846806 0.15286711 0.0010089418 0.006118908 0.022816854 0.0014928109 0.020946834 0.00039182877 0.08762144 0.0045879995 0.018570695 0.019577548 0.0645282 0.00087539665 0.000531981 0.46943378 0.08861098 0.024023458 0.0070998142 0.031063845 0.07014532 0.010802354 0.38888913 0.04695314 0.00018760533 0.0003373338 3.8528196e-06 9.718441e-05 0.007153322 8.992728e-05 1.6064258e-05 1.2244107e-05 7.4048635e-06 0.0033078976 0.016515719 9.7767086e-05 3.52261e-05 0.024561476 0.014528538 0.0019867886 0.0026519229 0.0023420977 1.173938e-06 0.0015307594 0.022565834 0.00042423682 0.13654046 0.0034157375 0.00021242458 2.5383786e-05 0.00017592654 6.9314387e-06 2.4764588e-06 0.003583852 0.0027123746 0.00096934964 0.00040938923 0.00024675217 0.0005013895 2.1469648e-06 8.8551235e-07 9.062273e-05 0.00021147217 5.726831e-05 0.00014758772 0.0001555558 1.7173718e-06 0.0022691006 0.00106152 4.4106746e-06 8.752539e-06 1.2824655e-05 0.0004213696 0.0044420115 3.697153e-05 6.614003e-05 1.0075225e-05 2.2086408e-06 0.0012433402 4.5089775e-05
0.93275684 0.89468503 0.8916186 0.69486856 0.93532264 0.8914336 1.1011044e-11 0.19550066 0.008022354 0.86712736 0.004539045 0.021926276 0.86807585 0.00026063592 0.0023530556 0.003439049 0.0005510064 0.00065458566 7.890834e-05 0.00016154123 0.11575591 0.005983049 0.7596844 3.445199e-05 0.0010575202 0.00018569783 0.00036950226 0.05440121 3.1556172e-06 0.007008234 0.004522354 0.0019816707 0.03291806 0.0044833664 0.00027218793 2.4129595e-05 0.84241164 0.82328767 0.00087856356 0.0011614637 0.00032561691 0.2309283 0.030208258 0.025500787 0.40109318 1.4464246e-06 2.081496e-05 3.822492e-07 3.28649e-06 0.0002639077 6.292183e-05 2.8503675e-06 4.444367e-07 2.2674185e-07 0.020212803 2.3138797e-05 7.1823735e-08 3.0705114e-06 0.00013132546 0.00024557766 0.006185243 0.00010422588 4.2082516e-05 3.6378628e-07 7.5159405e-05 0.10995776 7.2555417e-06 0.38037968 1.2438263e-05 1.1345653e-05 2.53918e-07 2.4806027e-06 0.00034430166 2.3324657e-07 0.0005413325 1.4414941e-05 1.3700558e-06 4.5526467e-06 1.0417182e-06 1.4045007e-05 7.280702e-08 4.609871e-08 3.110272e-06 3.767995e-07 0.00046011136 0.00044469262 1.5728117e-05 7.702737e-07 1.7921376e-06 0.022348994 3.3070203e-06 7.844759e-06 3.5994296e-07 2.5077122e-07 2.5571421e-06 0.00047866785 3.0396816e-07 2.4085022e-08 0.00024223307 5.4199194e-07 6.932787e-06
0.9993362 0.2956355 0.23288576 0.8885607 0.15452491 0.86605155 0.19550066 3.2131483e-12 0.036788046 0.45098338 0.9644425 0.005479529 0.25394902 0.67540544 0.0012440833 0.000578686 0.0001432588 0.23636003 0.00011059229 0.00012439504 0.6829732 0.00014739363 0.010661137 0.0001780168 7.725035e-05 0.10312011 0.0003291054 0.00065389805 2.989421e-05 0.19363482 0.0003304735 0.0067479857 0.0010608454 0.09793897 1.4038474e-05 1.1003707e-05 0.05821933 0.006180331 0.2171719 0.00927986 0.22326542 0.007146091 0.0008398428 0.4509746 0.0028896274 1.7432567e-05 1.727956e-05 1.5495841e-07 2.261773e-05 0.07249162 3.6718275e-06 3.756555e-06 2.198438e-06 9.985879e-08 0.00030510625 0.111577936 6.7677925e-06 9.41785e-06 0.07695655 0.07971814 6.707154e-05 0.017875463 0.016217824 9.757757e-08 0.0073544243 0.0053477664 0.004531852 0.011533987 0.02083611 0.0006675258 1.3577921e-05 0.0017280903 2.722901e-07 1.5303141e-06 0.009380415 0.018972121 0.004339686 0.0037058797 0.00061396736 0.0031282827 6.7318894e-07 1.5468033e-06 0.0009860882 0.002587754 7.438355e-06 0.000114171875 0.0005447239 6.2483423e-06 0.0022388995 0.00025805994 2.7948221e-05 0.00016481095 0.00042798967 0.0035215477 0.0034975614 3.9323462e-05 0.0003725694 8.888518e-05 9.519119e-06 0.0006222496 0.00010557461
0.9990232 0.2768616 0.06852727 0.012552214 0.06713645 0.20889392 0.008022354 0.036788046 1.0399561e-12 0.0023148851 0.00056969473 0.76792455 0.0022291152 0.00018822055 0.9437658 0.871804 0.45404723 0.00020230918 0.93842906 0.8319129 0.00059335 0.24645048 0.07755538 0.43041208 0.54493797 4.93873e-05 0.1684335 0.07375733 0.2925499 0.00035779024 0.110571735 0.32014504 0.018153004 0.000117304284 0.41411233 0.40771797 0.0035294974 0.015766595 1.6774955e-05 0.057254378 0.011024154 0.0004041895 0.007961811 7.741363e-05 0.0004896053 0.0035360588 0.23657991 0.062499624 0.006855663 0.0050710356 0.014473512 0.02571144 0.013048566 0.37608513 0.00046579944 0.00044919364 0.0020533043 0.00962666 5.16704e-05 7.805838e-05 0.018909037 5.26986e-05 0.001474313 0.005919565 0.00021743741 0.0006698786 0.00034407288 0.00052339333 8.864312e-06 0.00076228305 0.0008847472 2.2935237e-06 0.0011307216 7.6246666e-05 2.1359478e-05 0.00022924042 6.93536e-06 6.014909e-05 0.00024829432 4.957979e-05 4.0637206e-05 7.3455076e-06 7.580035e-05 8.3952755e-06 0.00034975662 1.229176e-05 0.00011257635 2.7611446e-05 0.0014547706 0.00057808944 5.7905004e-06 5.080215e-06 7.85272e-05 8.977775e-05 0.0031375152 0.00016951138 0.00013810162 4.746517e-06 6.735435e-05 0.0017229464 2.0781321e-05
0.9076831 0.4469289 0.23509766 0.9507854 0.21162547 0.8524072 0.86712736 0.45098338 0.0023148851 1.6435526e-12 0.28317413 8.1563914e-05 0.9851394 0.0016878211 0.0002828515 1.1035349e-05 9.112382e-05 0.004085513 3.258797e-06 9.019409e-06 0.9391568 8.587098e-06 0.002152024 3.993535e-06 8.811487e-07 0.0006039589 0.00025828622 0.00014909406 3.4423616e-07 0.08617397 4.2421558e-05 0.0016380582 0.00018527384 0.07479973 3.5546495e-07 1.7816675e-06 0.6136549 0.010660041 0.006842325 0.0015730894 0.0002117971 0.15036069 0.00050437247 0.5347557 0.029809505 6.3141147e-06 1.3176642e-06 6.619666e-08 3.1023326e-06 0.00028902115 2.3274454e-06 1.698175e-06 3.07803e-07 7.1710396e-08 0.00043604366 4.3238324e-05 1.3725065e-06 5.812066e-06 0.000117642056 0.0005827535 0.0002569343 0.0005796523 5.5602613e-05 3.1231284e-07 0.00016160935 0.47047982 9.927473e-06 0.41785356 1.8166753e-05 5.0829174e-05 2.8656842e-07 6.8812246e-06 4.7039457e-06 1.4474042e-06 0.03461597 1.34397515e-05 7.4234976e-07 8.247412e-06 2.8854593e-05 4.026932e-05 1.7336158e-07 1.8690484e-07 4.5448382e-06 1.0356006e-06 2.128284e-05 0.002038368 2.9041075e-05 8.9057e-07 1.5106368e-05 0.043540347 5.2933647e-06 3.59944e-05 1.6996397e-06 2.229894e-06 1.1522234e-05 0.00013981483 1.3403622e-06 9.552248e-08 7.833026e-05 5.3039516e-06 1.3315807e-05
0.9530872 0.018539092 0.009636989 0.84392726 0.0041924217 0.6822699 0.004539045 0.9644425 0.00056969473 0.28317413 6.7884727e-15 1.1196236e-05 0.06759848 0.21455772 2.8774051e-05 3.1844547e-06 2.7390552e-06 0.27761665 1.0205139e-06 2.031996e-06 0.95955193 3.1940021e-06 0.00023508999 9.876757e-07 2.1880082e-07 0.09084365 5.5109547e-05 2.4190374e-05 2.2793971e-07 0.8712055 7.375523e-06 0.0007946896 2.1260872e-05 0.44453812 3.1565995e-07 1.2787754e-06 0.0149201825 0.00036556157 0.88974726 0.0018363509 0.0034065624 0.0010975762 2.9144261e-05 0.87304467 0.00018563392 2.0021857e-06 1.5650238e-07 2.742424e-08 3.71373e-07 0.0007546398 8.643229e-08 4.2047654e-07 4.6357055e-08 1.9499439e-08 1.5174417e-05 0.004423542 8.745679e-08 1.4312892e-06 0.41934922 0.34559444 1.837953e-05 0.14256778 0.00022402256 9.033712e-09 0.00034581884 0.0138831735 4.430829e-05 0.004236573 0.008577621 2.2714636e-05 4.1579725e-08 0.0010317502 3.7545956e-08 8.9400395e-08 0.041899797 0.0008936763 0.00067249377 0.0004371293 1.6067874e-05 0.008330416 1.7412178e-07 8.380017e-09 1.532117e-05 0.0009393825 6.0747325e-08 0.0003397034 3.2693388e-05 6.664911e-07 4.8089614e-06 0.00047500085 3.9552815e-05 0.0010235946 7.6587725e-07 7.127785e-06 3.2524292e-06 7.135357e-07 3.0753645e-06 7.030394e-08 1.0723563e-06 9.420092e-07 2.554695e-06
0.9932992 0.84280705 0.20371324 0.026906831 0.45755455 0.1541492 0.021926276 0.005479529 0.76792455 8.1563914e-05 1.1196236e-05 8.441972e-13 0.00032712275 6.75422e-06 0.039040472 0.9526222 0.06973255 2.058933e-06 0.008511214 0.03902656 1.2184177e-05 0.84043914 0.6624966 0.0017665674 0.42710757 5.0179676e-07 0.003394628 0.88223135 0.0003224261 8.217938e-06 0.587557 0.01778294 0.46373758 3.2912718e-05 0.11790072 0.001747517 0.002318168 0.08649914 1.0360569e-06 0.005537588 8.239585e-05 0.00064235623 0.3233599 1.2694127e-05 0.00596756 3.8129387e-05 0.0020632287 7.411695e-06 5.255281e-05 6.0456998e-05 0.058980536 3.754634e-05 3.1212094e-06 0.00014475425 0.013358627 3.6336186e-07 1.3666037e-05 2.7290986e-05 2.555037e-07 3.3848062e-07 0.6512376 2.8264589e-07 2.5245477e-05 3.8614184e-05 2.0445543e-05 1.4070091e-05 2.2081931e-05 0.0013939538 1.5693583e-07 5.8582627e-05 2.988533e-06 5.4420116e-08 0.07699271 3.1434372e-06 1.1095009e-06 1.6038311e-07 2.4098442e-08 8.62304e-08 5.0928593e-05 6.116317e-07 2.5981917e-06 4.50942e-07 1.6523057e-07 5.9199624e-07 0.006264157 1.9809631e-06 2.0992973e-06 4.7672555e-05 2.047198e-05 0.00015194294 2.7825656e-06 2.8178504e-06 5.364561e-07 5.927318e-07 2.965518e-05 0.0009857365 2.8016202e-06 1.0583988e-07 4.937774e-05 1.0108255e-05 2.540098e-05
0.8574024 0.56470644 0.38208756 0.8070866 0.19185777 0.70501095 0.86807585 0.25394902 0.0022291152 0.9851394 0.06759848 0.00032712275 5.4256693e-11 0.0014936611 0.0004180635 0.0001097258 0.00028793007 0.0016206111 3.00524e-05 1.3211616e-05 0.8179796 0.000111047484 0.007966321 2.14575e-05 5.722324e-06 0.00020880344 0.00017504374 0.0010055307 2.3435978e-06 0.021180017 0.00017620157 0.0006186326 0.0011827118 0.07155691 3.5567093e-06 7.0358406e-06 0.977674 0.0723607 0.0015461819 0.00076554465 0.00013447464 0.58276147 0.0023345647 0.5508432 0.3645902 2.3647139e-05 3.4166333e-06 1.5876996e-07 1.5322366e-05 0.00015856972 5.2344753e-06 4.2403535e-06 1.6003728e-06 1.5612703e-07 0.0018322163 1.51372e-05 2.749256e-06 2.2072732e-05 0.00015321994 0.00026655756 0.0009293357 0.00011404673 1.318863e-05 2.1258356e-07 6.5253684e-05 0.86122376 3.932656e-06 0.6621322 1.3397546e-05 3.5356425e-05 3.7543612e-07 4.0470345e-06 2.1748583e-05 7.328599e-07 0.04603259 2.6193826e-05 6.3487397e-07 3.2971793e-06 2.1052942e-06 2.687026e-05 2.9791696e-07 1.6776738e-06 7.862795e-06 1.074171e-06 6.142059e-05 0.0022965355 3.299087e-05 2.2087545e-06 1.1852589e-05 0.053698327 1.7198803e-05 2.9268598e-05 4.2181664e-06 1.1988867e-06 6.6109983e-06 0.00010095244 3.3378565e-06 1.9787302e-07 0.00026336187 2.1752162e-06 3.581344e-05
0.998815 0.0015643048 0.0002355552 0.08736276 0.00012972506 0.06753134 0.00026063592 0.67540544 0.00018822055 0.0016878211 0.21455772 6.75422e-06 0.0014936611 8.8502843e-13 1.4043053e-05 9.935359e-07 6.7476403e-06 0.99258906 4.59103e-07 2.0029735e-07 0.0110818595 2.182677e-07 2.8127436e-06 1.2950564e-06 4.808846e-08 0.7708577 0.00011605934 1.3841554e-06 1.800294e-07 0.030310804 8.1302426e-07 0.003011194 7.0106597e-07 0.010309855 6.416343e-08 1.4006298e-07 0.00012161232 5.7840484e-06 0.26634496 0.025113067 0.05486676 3.3927958e-05 1.7400765e-06 0.016888162 6.4775613e-06 5.394597e-06 1.4158215e-07 1.1870625e-08 2.089594e-06 0.01680651 8.426168e-07 9.687996e-07 1.9943313e-07 1.0565708e-08 6.8838103e-06 0.25788605 2.1815315e-06 3.242052e-06 0.46534964 0.2703332 2.5531165e-06 0.09407701 0.0039590425 2.8052748e-08 0.0054289186 0.00011747008 0.00138951 5.8719892e-05 0.12757157 0.00040427837 2.1132367e-07 0.009698535 1.475782e-07 5.011822e-07 0.000953138 0.031427868 0.008152987 0.0029183687 0.0007674496 0.02072342 1.3751446e-07 1.2508514e-06 0.00026022363 0.017463418 2.9420514e-08 1.3796503e-05 0.00011296244 4.8567716e-07 0.00020540769 2.0527697e-05 0.0008454383 0.0009970036 4.252785e-05 0.0014789297 0.0008102738 1.3078578e-06 0.000118647644 4.4414144e-05 1.8427135e-06 0.00024570816 0.00018956025
0.99583036 0.021463387 0.008676657 0.0008645129 0.013400704 0.008057148 0.0023530556 0.0012440833 0.9437658 0.0002828515 2.8774051e-05 0.039040472 0.0004180635 1.4043053e-05 1.6210392e-13 0.19322361 0.96114165 1.489702e-05 0.8723618 0.60191846 3.874491e-05 0.023343688 0.0053612785 0.8007271 0.12670156 2.1931924e-06 0.7069543 0.008016637 0.72909975 4.0340426e-05 0.010476368 0.43433776 0.002590375 9.144571e-06 0.10949174 0.3932049 0.0007644828 0.0015115086 4.125479e-07 0.037908114 0.0015967408 3.8322127e-05 0.0010318417 7.1609793e-06 3.651485e-05 0.022395523 0.10886094 0.4389784 0.022888955 0.00247416 0.0023012557 0.07437381 0.13123232 0.34685594 6.12966e-05 3.2395656e-05 0.006523966 0.03572886 6.3900848e-06 1.0433115e-05 0.0035905726 2.107351e-06 0.0005506731 0.0033287492 4.310308e-05 5.755296e-05 0.00061602157 0.000112755464 7.618916e-07 0.0015284269 0.017561294 1.6808423e-07 0.00011410722 0.00016390857 2.3623064e-05 1.2188947e-06 4.3231603e-07 5.6897557e-06 0.0005242094 4.843093e-06 0.0002777388 1.1089809e-05 4.302513e-05 1.7593351e-07 0.00027520736 6.614479e-06 3.4925284e-05 8.68662e-06 0.007905134 0.00012344937 7.4925316e-07 1.941066e-06 7.290771e-06 3.4651127e-06 0.011242904 0.00018631623 2.7363098e-05 2.0721594e-05 4.0526906e-05 0.004205125 4.8865015e-05
0.978251 0.32190964 0.017683946 0.003196699 0.07581556 0.02821035 0.003439049 0.000578686 0.871804 1.1035349e-05 3.1844547e-06 0.9526222 0.0001097258 9.935359e-07 0.19322361 5.283063e-13 0.1503594 2.989669e-07 0.049398005 0.2464607 1.9833144e-06 0.9918557 0.08254258 0.010150814 0.8746291 4.9054606e-08 0.011554679 0.40418637 0.0015309923 3.6640492e-07 0.5058919 0.019960921 0.07090093 2.857109e-06 0.24189079 0.013968823 0.00045615496 0.00779173 2.1735518e-07 0.010431489 3.82553e-05 0.00021618584 0.03235278 2.9307826e-06 0.0009425058 0.00016088368 0.0234422 0.00042098458 0.00024102766 4.3914453e-05 0.0670601 0.00088859804 4.333244e-05 0.0016191767 0.00081141404 1.5661645e-07 4.1692318e-05 2.2737957e-05 6.459505e-08 1.0100353e-07 0.22878893 1.7230026e-07 2.0692803e-05 0.00018306906 3.4480406e-06 1.0443627e-05 2.4179766e-05 0.00024304529 1.0582186e-08 7.8315854e-05 5.9796575e-06 5.1746283e-09 0.013451652 1.5937694e-05 5.178198e-07 2.085275e-07 9.793776e-09 6.010479e-08 3.7354544e-05 9.6349375e-08 4.0749383e-06 6.531021e-07 1.0911611e-07 1.2416042e-07 0.00074728543 2.8390994e-07 1.0047183e-06 7.68575e-05 3.9121438e-05 8.09102e-05 2.2843622e-06 2.5450929e-05 2.6806325e-07 1.111925e-07 3.1371797e-05 0.00012627893 3.4649722e-07 6.7594776e-08 3.7342616e-05 2.2987759e-05 5.624393e-05
0.9787519 0.0052448767 0.0038451517 0.00037077832 0.004483405 0.0016220985 0.0005510064 0.0001432588 0.45404723 9.112382e-05 2.7390552e-06 0.06973255 0.00028793007 6.7476403e-06 0.96114165 0.1503594 2.7550913e-15 1.0271006e-06 0.83695245 0.41947597 5.3039894e-05 0.024270518 0.008103898 0.9517954 0.07499228 3.4833803e-07 0.7300313 0.01619273 0.954166 2.6668533e-05 0.0048909145 0.20171309 0.0031205565 1.0116269e-05 0.05013785 0.44941747 0.0006699892 0.0010421843 5.6428018e-08 0.0353039 9.860167e-05 4.9575443e-05 0.0014948866 2.2027298e-06 3.2305903e-05 0.07239778 0.05429444 0.51238126 0.058379162 0.00049531023 0.0017514604 0.0995494 0.2285034 0.35212642 7.347971e-05 5.8767755e-06 0.011201854 0.06393424 1.1484598e-06 8.797246e-07 0.005359906 5.832738e-08 0.00010759551 0.0019338023 7.782382e-06 2.4305908e-05 0.00012035551 9.581385e-05 3.669342e-08 0.000612672 0.009371384 7.1486014e-08 0.000149871 9.591762e-05 5.91378e-06 1.7716709e-06 1.4370741e-07 6.931508e-07 0.00012545632 8.9054744e-08 0.0012644873 7.04148e-06 9.936737e-06 2.7258615e-08 0.000100492725 1.7255738e-06 1.063686e-05 7.6904535e-06 0.009691556 8.394592e-05 1.970605e-08 1.8085679e-07 1.0665816e-06 2.8908633e-07 0.010490748 4.547819e-05 1.835885e-06 4.803452e-06 3.6755307e-06 0.0055919713 4.256903e-05
0.8948507 0.0031201292 0.0009315225 0.06103792 0.00033321 0.046692062 0.00065458566 0.23636003 0.00020230918 0.004085513 0.27761665 2.058933e-06 0.0016206111 0.99258906 1.489702e-05 2.989669e-07 1.0271006e-06 9.161875e-13 4.5615013e-07 5.0970664e-07 0.06992428 3.938982e-07 3.1816742e-06 1.1689555e-06 5.4061434e-08 0.9859469 7.191095e-05 1.6014797e-06 1.4838714e-07 0.24218062 3.4026817e-07 0.0008410498 2.3139933e-06 0.04848265 5.821669e-08 1.8156342e-07 0.0003603477 7.723292e-06 0.77026045 0.0049968297 0.00954471 8.590198e-05 9.145272e-07 0.043161537 2.2491191e-05 5.472369e-06 1.9506591e-07 3.7059518e-08 1.3116525e-06 0.0052596685 1.0872263e-07 1.2474679e-06 3.8190817e-07 2.1176568e-07 2.9276148e-06 0.14413863 4.8404536e-07 2.169072e-06 0.77607095 0.56728154 9.168751e-06 0.22735128 0.0011305939 3.4937592e-08 0.001532049 0.00053191 0.0003348499 0.000108726126 0.33876637 0.00024215525 5.6134105e-08 0.034530677 2.2151407e-07 1.9628355e-07 0.0034575588 0.047653228 0.009359299 0.0029157563 0.00016888547 0.06787304 3.0280822e-07 8.038551e-07 0.00027088978 0.028844714 3.8528228e-08 2.2150332e-05 0.00027371623 2.6418443e-06 9.399874e-05 2.5249137e-05 0.0011304223 0.004605381 0.00014331374 0.0013237932 6.739297e-05 7.100277e-07 0.00015500758 3.5908135e-05 1.0674637e-06 4.744835e-05 1.2089669e-05
0.93741834 0.004370433 0.0005218971 0.00015218584 0.001323268 0.0011002276 7.890834e-05 0.00011059229 0.93842906 3.258797e-06 1.0205139e-06 0.008511214 3.00524e-05 4.59103e-07 0.8723618 0.049398005 0.83695245 4.5615013e-07 1.8515508e-12 0.9893837 5.835295e-07 0.02608208 0.0009451299 0.79978406 0.1687163 3.5782128e-07 0.0552263 0.0071125715 0.22441514 9.3816755e-07 0.011595518 0.012694024 0.0012376904 3.6651313e-06 0.17917663 0.88420945 1.3214086e-05 0.00017997542 2.3156787e-07 0.010018164 4.227463e-05 7.6027413e-06 0.0005374642 4.6359887e-06 1.4466901e-05 0.00084460905 0.30896434 0.22344972 0.0020688868 0.00012674282 0.0070660003 0.19513334 0.025425963 0.54624623 4.0973315e-05 2.505212e-07 0.00060516014 0.0006337758 4.3388226e-07 2.860218e-07 0.0058299643 3.0175772e-07 1.8631064e-05 0.0061416435 2.8175493e-06 7.331252e-06 2.0142294e-05 1.552032e-05 2.6653437e-08 5.5845263e-05 0.0039892737 1.8929594e-08 0.00032534223 0.00040107602 3.7662119e-06 5.6033207e-07 2.6447735e-08 1.5106336e-07 5.127788e-05 6.6943477e-07 4.22173e-05 2.3085206e-06 4.8433816e-07 1.5471169e-07 7.664692e-05 7.818264e-07 3.5803207e-06 0.00016489741 0.00024711722 4.3332093e-06 1.1232678e-06 1.5545287e-06 3.8534165e-07 1.5323857e-07 0.00040783093 2.462478e-05 1.6411049e-06 1.7335728e-07 1.9310164e-06 0.00035180847 8.841892e-05
0.81476253 0.00813766 0.0020817036 0.00015489674 0.0049616904 0.0024080193 0.00016154123 0.00012439504 0.8319129 9.019409e-06 2.031996e-06 0.03902656 1.3211616e-05 2.0029735e-07 0.60191846 0.2464607 0.41947597 5.0970664e-07 0.9893837 2.6443494e-12 1.6019425e-06 0.1533363 0.0015152242 0.22668391 0.62447256 6.518632e-07 0.013166606 0.0225534 0.062265314 4.717171e-06 0.03924674 0.008282835 0.0017335103 1.1392754e-05 0.51851624 0.99147236 6.0144223e-05 0.00046674776 5.1372567e-06 0.0050684875 4.4152348e-05 1.0101499e-05 0.0005328887 8.24392e-06 3.0391077e-05 0.000105190295 0.63524145 0.10488254 0.0002774717 0.00012209121 0.016513554 0.24928047 0.002794373 0.662525 1.780201e-05 5.5516404e-07 8.110813e-05 0.00010383261 8.404059e-07 6.3114567e-07 0.009240557 1.3768605e-06 1.9406563e-05 0.012609078 5.1479633e-06 8.374589e-06 4.1866297e-06 1.2688438e-05 2.6993403e-08 7.509192e-05 0.00052736356 3.9157733e-08 0.00062300253 5.1473467e-05 1.7499244e-05 2.436022e-06 8.140107e-08 5.4669e-07 4.2132473e-05 9.0162564e-07 3.936928e-05 1.2006213e-06 2.1682033e-06 5.3967575e-08 0.00021371694 5.7078233e-07 1.5132147e-05 0.00035204226 0.000104155435 2.056972e-06 3.593383e-05 1.7299148e-05 4.537874e-06 9.54953e-07 7.440715e-05 1.0866885e-05 1.2347548e-06 1.6242966e-06 1.1597036e-06 0.000116091986 9.160452e-05
0.8057208 0.056325275 0.02511793 0.8741212 0.013991801 0.68000776 0.11575591 0.6829732 0.00059335 0.9391568 0.95955193 1.2184177e-05 0.8179796 0.0110818595 3.874491e-05 1.9833144e-06 5.3039894e-05 0.06992428 5.835295e-07 1.6019425e-06 5.8054723e-14 6.6128264e-06 2.5879697e-05 5.890995e-06 5.0916157e-07 0.014446243 0.00022935151 2.2081784e-05 1.2547821e-06 0.970242 2.7345943e-06 0.0010643274 7.5897024e-06 0.8400934 3.5653338e-07 7.0546403e-06 0.014727805 0.00011023364 0.38796026 0.0024883838 0.00045291707 0.0033297664 2.3158578e-05 0.90761656 0.00063111144 1.920158e-06 4.3554323e-08 1.8011656e-08 1.5226292e-06 0.00024483638 2.4486542e-07 4.205038e-07 1.2668583e-07 6.364893e-08 3.2986463e-05 7.709219e-05 2.0457253e-06 4.5121647e-07 0.0010999013 0.0042324835 1.5130085e-05 0.004296748 3.5090612e-05 2.9636219e-08 0.00018598177 0.20321159 1.0737076e-05 0.011900558 0.00012498484 2.8475735e-05 2.9703634e-07 3.6311838e-05 9.011704e-08 9.14611e-07 0.1221298 5.504415e-05 1.2990655e-06 1.1437813e-05 2.0327683e-05 9.600456e-05 3.684587e-07 1.5569123e-07 1.6302231e-06 8.6207837e-07 3.1020424e-08 0.0031590697 1.1113282e-05 9.418295e-07 9.888977e-06 0.007128795 8.483745e-06 0.0013808779 1.4606286e-06 3.44688e-06 1.9757897e-06 3.6651886e-07 1.7444222e-07 4.0621646e-08 2.5199344e-05 5.097315e-07 2.0137204e-05
0.7414332 0.078168415 0.016614707 0.0012621415 0.06902639 0.00846806 0.005983049 0.00014739363 0.24645048 8.587098e-06 3.1940021e-06 0.84043914 0.000111047484 2.182677e-07 0.023343688 0.9918557 0.024270518 3.938982e-07 0.02608208 0.1533363 6.6128264e-06 1.0582715e-11 0.03438496 0.0030540477 0.9796154 6.635417e-08 0.0008947628 0.34701997 0.0005558486 1.3878036e-06 0.93554676 0.00094147667 0.0518594 9.24933e-06 0.32050264 0.0038326879 7.0202346e-05 0.00499682 1.4264259e-06 0.00117587 1.2255053e-05 3.5091147e-05 0.017530864 4.823563e-06 0.00046019474 1.3650927e-05 0.003595738 2.2681885e-05 2.767337e-05 8.337215e-06 0.19772576 0.000166458 1.2426111e-05 0.00037307123 0.00048618304 1.449806e-07 3.8755456e-06 1.05971585e-05 3.0513834e-07 1.9109225e-07 0.28733158 1.4464086e-07 1.5222662e-06 7.472801e-05 7.3105234e-06 2.1775728e-05 6.5090654e-07 0.000111835754 6.730326e-08 6.137612e-06 2.8518439e-06 4.4298886e-08 0.015868062 1.3176572e-05 1.0920998e-06 2.4951143e-07 7.2753856e-08 1.4567898e-07 1.1393813e-06 1.07552964e-07 6.325726e-07 1.872638e-07 3.6278846e-07 9.5248126e-08 0.0012123702 4.6206483e-07 2.8936397e-06 0.00010814609 4.128957e-06 2.5467683e-05 9.4715193e-07 3.1349275e-05 1.2063969e-06 6.0057323e-07 1.9249433e-06 0.00019264936 3.9305502e-07 7.9328636e-08 1.4692871e-05 2.271249e-07 3.229146e-05
0.9345477 0.820035 0.86700547 0.06044422 0.93008 0.15286711 0.7596844 0.010661137 0.07755538 0.002152024 0.00023508999 0.6624966 0.007966321 2.8127436e-06 0.0053612785 0.08254258 0.008103898 3.1816742e-06 0.0009451299 0.0015152242 2.5879697e-05 0.03438496 1.4449345e-13 0.0002376691 0.0035514613 4.4420452e-07 0.0011008016 0.8514142 1.6516946e-05 6.3215075e-06 0.06162771 0.0027069997 0.98728424 4.8672282e-05 0.0017512551 4.6961977e-05 0.0043199793 0.94010395 1.224598e-06 0.0018337686 3.5682933e-05 0.0017534819 0.66553026 9.156107e-06 0.06063576 7.4981676e-06 2.25383e-05 6.687711e-07 3.0366118e-06 3.212421e-05 0.007409385 3.2735086e-06 2.3878445e-07 1.2889401e-06 0.06555562 1.7713589e-07 6.2696577e-06 1.2389081e-06 4.9234295e-08 3.559237e-08 0.5672514 2.7374124e-08 2.017839e-06 1.1517955e-06 1.6536489e-05 0.00012286151 3.9834813e-06 0.0035652593 2.5331463e-08 8.89736e-06 4.7875795e-07 3.518563e-08 0.04513304 4.5905833e-07 1.2326312e-06 3.5416438e-08 2.1544755e-08 1.5841636e-07 7.0903516e-05 4.865151e-08 1.3161684e-06 4.1356127e-08 2.603955e-07 3.6229356e-08 0.009222624 2.3874632e-06 1.3801799e-06 3.5826968e-05 4.2503575e-06 0.00076556916 3.1415536e-07 2.3133182e-06 1.7815026e-06 9.1175883e-07 8.034822e-06 0.0053726025 8.8451725e-07 1.817565e-08 0.0003978753 1.2412426e-06 5.1609204e-06
0.86898935 0.0017730749 0.0003788982 0.00017717638 0.00041265637 0.0010089418 3.445199e-05 0.0001780168 0.43041208 3.993535e-06 9.876757e-07 0.0017665674 2.14575e-05 1.2950564e-06 0.8007271 0.010150814 0.9517954 1.1689555e-06 0.79978406 0.22668391 5.890995e-06 0.0030540477 0.0002376691 8.263218e-12 0.024152018 9.041813e-07 0.1973377 0.002133792 0.9882375 2.699634e-06 0.002307769 0.020632667 0.000398223 1.36940735e-05 0.03709696 0.64153385 2.677291e-05 0.000104459425 4.796569e-07 0.01004508 6.817814e-05 1.7828446e-05 0.00016590791 1.3527217e-05 4.5217907e-06 0.004066743 0.16960998 0.9202857 0.010482164 0.00022410527 0.0017962144 0.3886997 0.1869772 0.5371877 7.834846e-06 6.077007e-07 0.005429105 0.008474862 1.2634878e-06 3.8841208e-07 0.00064622355 4.877255e-07 3.828249e-05 0.010288825 1.7275431e-06 3.200508e-05 4.8767183e-06 1.9364983e-05 3.6581053e-08 0.00024694498 0.03059346 6.00341e-08 0.0001018719 0.00037241413 2.386044e-05 1.0504343e-06 2.1315462e-07 2.6731207e-06 6.0501872e-05 8.750047e-07 0.00018373826 8.704068e-06 1.5811593e-06 1.7119861e-07 4.3852724e-05 1.3201905e-05 1.5371985e-05 0.00011459545 0.00050312723 5.081531e-05 6.8141894e-06 3.0481813e-05 2.8882632e-06 1.2747353e-06 0.0006065031 1.0418409e-05 2.9267717e-06 9.58814e-07 3.3901437e-05 0.00068274105 0.00019938342
0.7684911 0.04063012 0.0038906184 0.0008687259 0.013788415 0.006118908 0.0010575202 7.725035e-05 0.54493797 8.811487e-07 2.1880082e-07 0.42710757 5.722324e-06 4.808846e-08 0.12670156 0.8746291 0.07499228 5.4061434e-08 0.1687163 0.62447256 5.0916157e-07 0.9796154 0.0035514613 0.024152018 1.1875901e-12 1.5097507e-09 0.006663752 0.18047337 0.002491636 2.6944522e-07 0.8411302 0.0017984684 0.0152064925 1.958179e-06 0.99461275 0.083605535 2.0140391e-05 0.0009529752 1.4155164e-07 0.0029813568 1.0831282e-05 9.314523e-06 0.0059027183 6.0703985e-07 3.4851255e-05 0.00011799352 0.051283896 0.00069466454 0.00027172812 1.4682157e-05 0.19258316 0.0020939978 9.273826e-05 0.006783637 0.00011035272 3.1530988e-08 0.00010379232 1.6424632e-05 4.6003828e-07 4.5068236e-07 0.11888183 5.321416e-08 1.833542e-06 0.00076603435 3.0878896e-06 6.5104527e-06 9.110973e-07 1.7399894e-05 3.7857543e-08 8.206049e-06 1.0453422e-05 8.289107e-08 0.0063302037 3.4451008e-05 3.007691e-07 2.6624184e-07 1.016403e-07 2.1214589e-07 4.1362796e-06 5.420185e-08 1.5448344e-05 4.7481532e-07 1.0467144e-06 1.6676529e-08 0.00037103318 1.5918023e-07 1.93512e-06 0.00091025454 9.759739e-06 6.4484934e-06 2.5139718e-07 1.2782871e-05 1.2847981e-06 3.3080786e-07 9.753618e-06 0.00012558608 1.4884976e-07 4.4605976e-08 1.2839118e-05 3.0885228e-06 0.00011021137
0.9058453 0.0015915398 0.00023767569 0.024471577 9.8368735e-05 0.022816854 0.00018569783 0.10312011 4.93873e-05 0.0006039589 0.09084365 5.0179676e-07 0.00020880344 0.7708577 2.1931924e-06 4.9054606e-08 3.4833803e-07 0.9859469 3.5782128e-07 6.518632e-07 0.014446243 6.635417e-08 4.4420452e-07 9.041813e-07 1.5097507e-09 3.5914928e-12 2.0646754e-05 3.7964037e-07 4.6275428e-08 0.14773351 1.7111194e-07 0.00033997366 1.6653286e-07 0.018620176 5.1212073e-08 2.1474439e-06 4.329671e-05 2.3890555e-06 0.9319178 0.007164956 0.0086297095 1.7783988e-05 2.219005e-06 0.0050858706 2.7007538e-06 2.6520856e-06 2.2744775e-08 5.5629497e-09 3.9609208e-07 0.003191679 4.614111e-08 1.803284e-07 4.0227878e-08 8.624945e-09 2.6717228e-07 0.26802257 1.1177576e-07 5.386348e-07 0.9418031 0.75392044 4.7749472e-06 0.28274524 0.0013794221 6.046166e-09 0.0035959815 0.00015834939 0.00034397002 7.2733815e-06 0.684933 0.00019608309 1.9223107e-08 0.20509279 5.6201166e-08 9.8017786e-08 0.0007519107 0.15901694 0.0070894076 0.0025366133 0.00010989964 0.2553409 3.666965e-07 9.986013e-08 0.0004039756 0.0732493 8.164376e-09 5.4397497e-06 0.00013399663 1.2417587e-06 6.633358e-05 5.9202816e-06 0.004414092 0.010017319 0.0001740372 0.000697041 4.8416776e-05 2.3446383e-07 0.00012489442 6.15631e-05 3.475881e-07 2.9043265e-05 1.224653e-06
0.97029036 0.0032452971 0.0021164587 0.0003050018 0.0025477607 0.0014928109 0.00036950226 0.0003291054 0.1684335 0.00025828622 5.5109547e-05 0.003394628 0.00017504374 0.00011605934 0.7069543 0.011554679 0.7300313 7.191095e-05 0.0552263 0.013166606 0.00022935151 0.0008947628 0.0011008016 0.1973377 0.006663752 2.0646754e-05 5.870087e-14 0.001065548 0.6227217 0.00024216124 0.00047269702 0.9814119 0.0005109607 1.5292571e-05 0.0026461617 0.010871691 0.0005427081 0.0002266475 2.5525153e-06 0.24734662 0.0011030232 4.3289318e-05 0.00020602313 4.1873423e-05 3.4315726e-06 0.9740459 0.0019531827 0.1086977 0.79322517 0.011298453 0.000363175 0.0035762314 0.21966591 0.00815383 6.9843773e-06 0.00064178556 0.62502867 0.42431763 0.00014055574 0.0001134037 0.0007509182 2.739823e-06 0.0038288794 0.0003045292 0.00027180716 8.937112e-05 0.00894945 7.550015e-05 2.2504126e-05 0.040499277 0.016992178 4.858637e-06 2.0101783e-05 0.0005087835 7.709091e-06 0.00033456643 3.6400183e-05 0.00026183447 0.0031174792 1.7245111e-06 0.11429973 0.00029605828 0.00051898515 1.7124229e-06 3.5264204e-06 7.5547104e-07 8.972725e-05 3.0101346e-06 0.6620229 0.00015843623 2.756564e-05 4.767794e-06 8.290124e-05 0.00013248085 0.49315992 1.2458588e-05 0.00022811946 0.0009553161 2.1194572e-05 0.49997157 0.00016358704
0.9133624 0.23528902 0.09932832 0.007759876 0.23056477 0.020946834 0.05440121 0.00065389805 0.07375733 0.00014909406 2.4190374e-05 0.88223135 0.0010055307 1.3841554e-06 0.008016637 0.40418637 0.01619273 1.6014797e-06 0.0071125715 0.0225534 2.2081784e-05 0.34701997 0.8514142 0.002133792 0.18047337 3.7964037e-07 0.001065548 2.6340136e-13 0.0003319138 2.9003918e-06 0.97871464 0.0012723889 0.9639364 2.1638025e-05 0.07898111 0.0033498423 0.00051414286 0.10779518 1.0196559e-06 0.0013049463 1.0864842e-05 0.00040432502 0.49904227 4.4489003e-05 0.012057621 3.7431018e-06 0.0012908592 2.3508539e-05 2.7920034e-05 5.5235896e-06 0.7041279 0.00018545467 5.7663688e-06 2.659181e-05 0.021305345 2.3000257e-07 1.3860451e-05 9.481466e-06 1.2662854e-06 1.653884e-07 0.8903255 2.485273e-07 1.1941758e-05 0.00034597158 2.9002578e-05 9.0742426e-05 2.3696002e-06 0.0014986778 1.393943e-07 2.24934e-05 2.7500794e-06 2.1132728e-07 0.21331191 1.2738633e-05 2.0118016e-06 5.692005e-07 1.4201773e-07 1.8630093e-06 4.7050853e-06 3.429227e-06 1.0746824e-06 2.9404762e-07 4.0393106e-06 9.479937e-08 0.028647479 1.2550956e-06 2.8154773e-05 0.00036094154 5.43175e-06 0.00078029465 1.0974536e-06 8.2786e-06 4.5030065e-06 4.217599e-06 4.1109834e-05 0.0061293417 4.944939e-06 1.5519772e-07 0.00017015665 5.0597096e-06 0.0001967126
0.8382334 0.00053895067 4.1307274e-05 4.1747662e-05 7.7118e-05 0.00039182877 3.1556172e-06 2.989421e-05 0.2925499 3.4423616e-07 2.2793971e-07 0.0003224261 2.3435978e-06 1.800294e-07 0.72909975 0.0015309923 0.954166 1.4838714e-07 0.22441514 0.062265314 1.2547821e-06 0.0005558486 1.6516946e-05 0.9882375 0.002491636 4.6275428e-08 0.6227217 0.0003319138 2.341905e-13 3.93211e-07 0.00042304577 0.05592172 3.6234662e-05 1.6814845e-06 0.009762222 0.35034958 2.925209e-06 3.732244e-06 7.6706904e-08 0.018777803 4.9974034e-05 3.2934302e-06 3.0478994e-05 5.05133e-06 5.6624754e-07 0.07308379 0.013564306 0.9342281 0.253061 0.0004450959 0.00014351752 0.25193548 0.864329 0.27636337 1.1469253e-06 4.13769e-07 0.02277654 0.1811012 1.01433464e-07 9.2253224e-08 0.0001513386 1.205179e-08 6.178201e-05 0.0014675158 1.3515706e-06 2.3062175e-05 4.1114734e-05 3.9945976e-06 1.1089062e-08 0.0003327587 0.22188634 9.632765e-09 6.4620563e-06 0.003560601 1.2717597e-05 3.06782e-07 3.4862303e-08 1.4134721e-06 0.00012067778 6.451819e-07 0.0020637377 0.00017117063 1.7447509e-06 2.1912605e-08 2.0727712e-06 1.8363978e-06 5.9346967e-06 8.205259e-06 0.0023494442 1.8467908e-05 4.2780331e-07 1.730782e-06 1.6869067e-06 1.3684165e-07 0.0026332985 1.3129415e-06 8.8672365e-08 1.3981295e-06 1.3306717e-05 0.0019079571 0.00054294645
0.4065284 0.0036276013 0.0016191319 0.2515603 0.00090941467 0.08762144 0.007008234 0.19363482 0.00035779024 0.08617397 0.8712055 8.217938e-06 0.021180017 0.030310804 4.0340426e-05 3.6640492e-07 2.6668533e-05 0.24218062 9.3816755e-07 4.717171e-06 0.970242 1.3878036e-06 6.3215075e-06 2.699634e-06 2.6944522e-07 0.14773351 0.00024216124 2.9003918e-06 3.93211e-07 1.6121246e-14 2.9313682e-07 0.0007447995 1.3076732e-06 0.9985935 9.1512796e-08 2.1121516e-06 0.00021074075 5.144366e-06 0.8731305 0.0019757275 0.0007098981 0.00012060058 1.5012621e-06 0.47086877 1.1391373e-05 4.064573e-07 2.2949686e-07 3.149913e-08 1.905214e-07 0.00044119137 4.76937e-07 7.499401e-07 3.4489233e-07 3.7822594e-09 1.7240902e-06 0.00062400626 1.2764335e-06 1.8528026e-07 0.0029990557 0.010628121 9.597851e-08 0.011620132 0.00014226438 1.09390136e-07 0.00039253943 0.0029519359 1.0547584e-05 0.00010912294 0.00035586944 3.599258e-05 3.1321363e-07 0.00015673772 1.3567881e-08 9.555971e-07 0.032697134 0.00023563499 1.3143077e-05 3.6108613e-05 1.5291771e-05 0.00042234396 2.4438225e-07 2.091398e-08 6.280711e-06 9.697019e-05 1.7819026e-09 0.00011483175 1.7789129e-05 7.0015994e-07 5.6434155e-06 0.0007310129 1.2538047e-06 0.0010254153 1.1682456e-06 1.4511152e-06 3.1502468e-06 3.794221e-07 8.057742e-08 2.1473957e-07 6.1453843e-06 1.4337566e-06 1.6776954e-05
0.6753245 0.02458637 0.007889201 0.0005138034 0.015816625 0.0045879995 0.004522354 0.0003304735 0.110571735 4.2421558e-05 7.375523e-06 0.587557 0.00017620157 8.1302426e-07 0.010476368 0.5058919 0.0048909145 3.4026817e-07 0.011595518 0.03924674 2.7345943e-06 0.93554676 0.06162771 0.002307769 0.8411302 1.7111194e-07 0.00047269702 0.97871464 0.00042304577 2.9313682e-07 5.33651e-15 0.00062472554 0.25453782 1.7160311e-06 0.8619545 0.007391248 7.4456264e-05 0.007879916 2.7161576e-07 0.0011040113 7.575543e-06 3.5133373e-05 0.06923048 7.9156075e-07 0.0012985788 5.8495843e-06 0.0072892937 7.595705e-06 6.121356e-06 5.1189418e-06 0.9752296 0.00019905437 1.728771e-06 0.00016897054 0.00051404594 4.8550007e-08 1.130232e-06 1.8094331e-06 3.102161e-06 8.486151e-07 0.42417827 3.0447545e-08 1.5856176e-07 0.0003355519 8.792239e-07 1.3349553e-05 5.312643e-08 0.00029371234 6.1400236e-08 1.5726318e-05 2.6594332e-06 4.6422292e-07 0.017880013 2.5504787e-06 1.4446365e-06 1.740538e-06 4.70038e-08 1.09510594e-07 8.915531e-09 1.7073458e-07 1.2465082e-06 1.2577999e-08 8.250411e-07 2.3003963e-09 0.0061739073 3.040888e-07 3.7491643e-06 0.008061192 1.0380246e-07 2.5854313e-05 1.6904328e-07 1.6743428e-06 5.407105e-07 8.350233e-08 1.9311885e-07 0.0012615182 1.1535854e-09 4.97327e-09 4.6480018e-05 9.673879e-09 1.5160474e-05
