2.132202e-17 0.9968825 0.9825095 0.98905385 0.99923706 0.9841552 0.99868035 0.99874645 0.95402664 0.75470376 0.94875544 0.81021625 0.988099 0.86264354 0.6455448 0.9452336 0.942168 0.55630356 0.63335603 0.9021521 0.8331661 0.93711466 0.8318285 0.9630192 0.84959275 0.872053 0.9967246 0.99934644 0.90799856 0.85733116 0.6920039 0.7788866 0.955084 0.99300027 0.9975698 0.9418965 0.8740672 0.9231271 0.73057544 0.9456698 0.7579494 0.9133582 0.9874885 0.9992921 0.5737299 0.68950176 0.99965405 0.7319901 0.89586276 0.9870184 0.80065143 0.4369842 0.46849826 0.90976536 0.1731649 0.9020875 0.051661458 0.18837209 0.79736537 0.9646641 0.34119505 0.8538029 0.02997619 0.09476786 0.34940854 0.9447046 0.20979783 0.72449696 0.885706 0.25230056 0.56104016 0.46807325 0.60535336 0.9432984 0.76524615 0.5277859 0.09891403 0.81452405 0.07867057 0.24268077 0.10700987 0.0003676893 0.7568719 0.046052955 0.0046554124 0.6398826 0.00063607306 0.002066883 0.0005437035 0.0009626163 0.0627136 0.82579273 0.07403413 0.24323046 0.0015044158 0.04596214 0.018686682 0.11729907 0.016343985 0.038989656 0.0014794426
0.9968825 2.195738e-11 0.60146403 0.9394999 0.68566406 0.16923416 0.057098266 0.064113945 0.003509776 0.87957877 0.5016056 0.91878617 0.0020596478 0.7958554 0.8510028 0.012081401 0.8246734 0.74093145 0.57427734 8.726588e-05 0.55554706 0.00933427 0.0008245634 0.0032179912 0.00015278687 0.00876351 0.0012241714 0.01703542 0.7153089 0.0860393 0.5290748 0.010859712 0.0003961501 0.0035646374 0.0005184533 5.6065706e-05 9.6009964e-05 0.002156364 0.76058465 0.000105247185 0.00011590659 0.00085265236 7.333976e-05 0.0055716718 4.5530225e-05 0.00029177257 0.013832979 0.014558025 0.00017375428 7.23155e-06 0.007949118 1.46873235e-05 0.09674689 0.00044973652 4.1793992e-05 2.1518083e-06 0.0040655388 0.00019459928 4.2957647e-05 2.1760512e-05 0.00035165335 2.535179e-06 0.00023412523 0.44249743 1.0676623e-06 3.022364e-05 4.070157e-06 0.00042734318 8.183588e-06 3.718802e-05 4.6338982e-06 1.0886685e-05 9.6826725e-06 2.0004602e-06 4.6043797e-06 5.516154e-07 3.4121935e-05 1.0692952e-05 1.21506755e-05 1.830502e-06 0.0003264988 0.00029113083 2.8279537e-06 0.12789355 3.739477e-06 9.085516e-05 4.6790578e-07 3.231099e-05 5.184316e-05 0.00032771946 3.6285283e-07 2.6577129e-05 2.1660632e-07 4.626244e-05 0.00015021012 9.0719664e-07 1.8138267e-06 2.4794151e-06 5.713125e-06 2.2042575e-06 1.9674037e-06
0.9825095 0.60146403 4.6599486e-13 0.4487598 0.96172607 0.8135325 0.0059952894 0.35629147 0.03963941 0.105990276 0.96230763 0.88442045 0.026511524 0.94466513 0.24763995 0.3401919 0.01925594 0.0810465 0.73199415 0.0034495457 0.015523407 0.00073684857 0.018675102 0.0002910442 0.0030592217 0.098649256 7.12456e-05 0.008865125 0.01668147 0.003587165 0.7637027 0.00031057725 0.00012183927 0.001578303 0.001923937 8.962201e-06 1.7966375e-05 0.000781231 0.038405005 4.628329e-06 1.7435608e-05 0.00032654923 0.0004863785 0.0067169094 3.870456e-06 3.6150577e-05 0.008362276 0.0001485291 0.0003528188 2.6113887e-05 0.11249024 7.3023597e-07 0.26834103 0.00063944014 0.004009544 3.753406e-05 0.00010725098 0.0001659709 1.0538042e-05 0.00082616287 2.196153e-05 4.6158016e-06 0.008126485 0.14260319 4.897089e-06 2.693055e-05 1.2361876e-06 0.00014668463 3.7624335e-07 0.00012966408 2.6461676e-05 0.00035785855 0.00020013095 2.5629075e-07 1.6970216e-05 8.470276e-06 0.0008386058 2.0766652e-06 1.9226318e-06 4.0951218e-06 0.008764722 0.00012796684 2.5936276e-07 0.15949045 1.0214127e-06 5.246237e-05 1.2359548e-07 1.6575805e-05 6.5980857e-06 8.647512e-05 2.578801e-06 6.277259e-05 2.874858e-08 6.460897e-06 0.0015165478 5.7461066e-06 1.6734919e-06 3.0684473e-06 1.0108158e-05 1.1026176e-05 1.6388316e-07
0.98905385 0.9394999 0.4487598 1.518032e-13 0.47670665 0.10535946 0.081400745 0.03344869 0.0014585443 0.9477212 0.06778554 0.839106 0.00083279307 0.31006312 0.8875272 0.0014477294 0.9098637 0.75965345 0.1762538 1.8065683e-05 0.68118995 0.013505312 0.00022206012 0.0023563793 3.7120557e-05 0.00042898182 0.0005632168 0.023285966 0.79774123 0.1767871 0.10677011 0.011022546 0.0005077704 0.0035178838 0.00010913554 7.3141106e-05 0.00010670576 0.0016178014 0.7689552 8.0864076e-05 0.00012318557 0.00070315343 1.5090931e-05 0.002355177 5.047013e-05 0.00054352515 0.013090058 0.040682383 1.959458e-05 9.447001e-07 0.00039195438 2.1177215e-05 0.029000686 0.00011162839 3.2402033e-06 3.124758e-07 0.011469063 0.00012059173 1.7452545e-05 1.3853111e-06 0.0008584944 4.2143122e-07 4.1315703e-05 0.4011788 4.6270375e-07 2.5511878e-05 1.3912621e-06 0.00013247607 4.1542667e-06 4.658414e-06 4.822944e-07 9.2795227e-07 3.3649673e-07 8.1248095e-07 4.3528104e-07 5.529187e-08 7.7313325e-06 5.416377e-06 8.862724e-06 4.1784622e-07 5.2469324e-05 0.0004777086 3.1849729e-07 0.08497856 4.8211487e-06 1.7794591e-05 6.2685547e-07 7.183165e-05 0.00017246313 0.0011977851 4.1380748e-08 1.920777e-06 2.944336e-08 1.2368238e-05 6.616022e-05 2.0913932e-07 1.4098687e-07 5.920465e-07 2.9099155e-07 8.6666165e-07 5.313061e-07
0.99923706 0.68566406 0.96172607 0.47670665 6.667109e-15 0.9660248 0.067444436 0.8348848 0.50686336 0.02207255 0.67807823 0.1555831 0.17582762 0.33907518 0.047992922 0.51578885 0.027532263 0.01860507 0.1567278 0.101037145 0.012650041 0.005897694 0.084403425 0.0024650968 0.027229402 0.2337697 0.003281268 0.19638878 0.009482931 0.004016017 0.26055056 0.0009033712 0.003667102 0.07313408 0.021859642 0.00055062893 0.000299278 0.028279064 0.0024827884 0.0005681265 0.00057316147 0.009218236 0.0012755538 0.01979149 0.00013331648 0.00041862208 0.016436113 0.00033367297 0.0006791512 0.0030884317 0.09639875 2.3849158e-05 0.032827977 0.0023705815 0.0077374554 0.0009390112 5.733454e-05 0.0009354672 6.017606e-05 0.024530834 0.00027205405 0.00017209035 0.004815906 0.004939635 3.6146237e-05 0.00020219287 9.778308e-06 0.00783803 7.703215e-05 0.00035421018 0.00029862768 0.0041936547 0.0010572842 1.7934808e-05 3.5934514e-05 3.8295966e-05 0.0010303529 2.1071974e-05 2.5479467e-05 1.9595325e-05 0.008920444 2.9319094e-06 2.0763503e-06 0.0055014635 1.31619545e-05 0.00025495596 3.1832417e-07 4.599694e-05 3.9074718e-07 3.3269098e-05 2.498286e-05 7.330193e-05 7.9887604e-07 1.5124818e-05 0.00028691557 9.7745315e-06 9.545788e-05 3.1262348e-06 0.00015055492 7.59607e-07 2.760809e-06
0.9841552 0.16923416 0.8135325 0.10535946 0.9660248 5.0417304e-13 0.013166563 0.8579079 0.792593 0.0061536743 0.86782074 0.05869605 0.36383373 0.4356866 0.010499567 0.9498394 0.009058463 0.006419049 0.2021963 0.5460378 0.002728127 0.0011795695 0.6043755 0.00059287064 0.13037933 0.8120746 0.0008124489 0.014383013 0.0038426353 0.0012125662 0.34248778 0.00020309594 0.00046509373 0.00814584 0.0075159487 0.00027444024 7.451842e-05 0.0028032868 0.0013220918 0.0002093731 0.00029770183 0.0010234254 0.0013499742 0.005850954 5.8783487e-05 0.00029313168 0.004075531 0.00015172617 0.0007374549 0.016170232 0.4851552 7.965865e-06 0.08485994 0.00076176174 0.055629715 0.0038062034 1.0128268e-05 0.00022240431 4.2264594e-05 0.09209547 4.6905447e-05 0.00025005997 0.01947386 0.0035917885 6.832401e-05 4.6087793e-05 3.5286778e-06 0.00065388746 2.4647043e-06 0.00036665107 0.0006530608 0.014144162 0.002361497 1.6735908e-06 3.1660875e-05 0.00020581261 0.0070899082 6.9460034e-06 3.9579213e-06 3.9791437e-05 0.040328372 2.1203152e-06 3.1136876e-06 0.008471165 3.093251e-06 0.00032516973 1.829276e-07 2.3538129e-05 4.2034384e-07 2.6870623e-05 6.925674e-05 3.446277e-05 5.230161e-07 3.262261e-06 0.0005720115 1.938882e-05 0.0002526071 4.898556e-06 2.072962e-05 1.0636692e-06 7.649896e-07
0.99868035 0.057098266 0.0059952894 0.081400745 0.067444436 0.013166563 9.5067244e-14 0.0030992855 0.00037254897 0.018474827 6.3595326e-05 0.0020223395 0.00015644457 0.00025024006 0.005033967 1.4220707e-05 0.81648207 0.0044946643 0.0002984062 2.277763e-05 0.59503424 0.9634184 4.7904487e-05 0.5866887 1.9341562e-05 8.1619055e-06 0.22510791 0.18276496 0.41571623 0.9282351 0.00021426652 0.8653154 0.016646445 0.018866837 0.00012312754 0.0005696996 0.0040473356 0.013023447 0.07005695 0.0044056536 0.0063448516 0.004295523 8.670667e-05 0.0025546805 0.03865418 0.24271312 0.042766605 0.66676885 6.617252e-05 1.04557e-06 1.0269327e-05 0.010327115 0.00020001686 0.0009184622 1.873116e-06 1.0278408e-07 0.02995861 0.0003298419 0.00053536374 3.056008e-07 0.26911926 1.4726222e-06 4.0939817e-06 0.0020006082 3.868397e-06 0.00013356691 1.0121808e-05 0.0013093755 0.0001578053 1.5881313e-05 9.051959e-07 1.7097321e-06 2.7368603e-07 3.4506214e-05 2.485457e-06 6.7147056e-07 1.7320443e-05 0.00017849465 0.0011666341 8.8682475e-07 9.487743e-06 1.8210934e-05 0.00044822352 2.035564e-05 0.0022854584 5.191368e-06 0.00038214517 0.0031374283 0.00043549552 9.0616246e-05 8.837061e-07 0.00018236908 2.87088e-06 0.045159 6.187219e-06 1.2456846e-06 7.8938893e-07 6.686847e-06 4.6528e-05 4.111764e-05 0.000109966524
0.99874645 0.064113945 0.35629147 0.03344869 0.8348848 0.8579079 0.0030992855 2.2801676e-12 0.9709449 0.0016388419 0.41130745 0.015300268 0.9040732 0.091570534 0.0031684288 0.75776917 0.00079867954 0.0020818277 0.03624248 0.65201354 0.00032192806 0.0003619424 0.41652444 0.00025702812 0.29811567 0.6323724 0.00019286387 0.015634956 0.0007495065 0.00018371601 0.101286285 1.7611868e-05 0.00034866296 0.009388895 0.10498646 7.1792274e-05 2.5549738e-05 0.0037472614 0.000503549 9.6076365e-05 2.3494687e-05 0.0013988978 0.005748892 0.03651233 7.4617305e-06 1.9192912e-05 0.019584876 1.3944989e-05 0.0020073766 0.05451456 0.35928592 2.5418643e-07 0.014271943 0.004833058 0.038446534 0.011873991 1.5361e-06 0.00021616257 1.644755e-05 0.19245829 1.2767568e-05 0.00081288104 0.006330702 0.0002508955 0.00031308242 0.0003997427 6.010554e-06 0.0032128196 9.861854e-06 0.0004407269 0.0025575554 0.03024975 0.006316404 5.604408e-06 8.5035615e-05 0.00081030314 0.0090348665 1.2500284e-06 3.871527e-06 0.00013941246 0.021153552 1.17767044e-07 1.0847372e-06 0.0012068871 4.5507255e-07 0.0008406056 2.7280095e-08 6.285424e-05 1.0098527e-06 1.2932046e-05 9.1621994e-05 0.004441982 4.0831088e-07 3.292725e-07 0.00015957764 5.6398625e-05 0.000304716 1.318917e-05 0.0003415845 2.1272148e-05 5.1522284e-07
0.95402664 0.003509776 0.03963941 0.0014585443 0.50686336 0.792593 0.00037254897 0.9709449 5.3919366e-14 6.185636e-05 0.1271941 0.0020336555 0.94626296 0.01823864 0.00020852641 0.56939447 5.02084e-05 0.0001870492 0.007371853 0.9569342 1.2623768e-05 1.3417544e-05 0.9015782 8.806669e-06 0.8104078 0.43996206 4.0416576e-06 0.0029096869 0.0002772445 9.35601e-06 0.019751709 1.96145e-06 1.6402686e-05 0.0012935117 0.046694912 6.166937e-06 4.764994e-06 0.00045695787 0.00017786237 4.3758205e-06 1.0888374e-06 0.00014063163 0.0035990693 0.009080277 5.229912e-07 3.9553342e-07 0.004964102 2.2900302e-05 0.0033347656 0.24603967 0.5465638 1.194977e-08 0.0051329085 0.0014809113 0.047055926 0.038219705 4.780276e-07 1.1955341e-05 8.7928975e-06 0.46820962 2.4400188e-06 0.0017903843 0.004006125 0.00017924095 0.00048005898 9.496763e-05 1.2029749e-07 0.00020195873 2.9937348e-07 0.0008083663 0.007946919 0.1043129 0.028795445 1.1947897e-07 0.000117482974 0.005082985 0.040214088 2.2383236e-07 8.053978e-08 0.00048040797 0.034157433 2.2486815e-07 2.9935518e-07 0.0019581765 4.3030585e-07 0.0031651654 3.5863387e-08 1.5021241e-06 2.3780862e-07 3.6981e-06 0.0008299308 0.00024053648 2.1892552e-08 1.275077e-06 0.00011159689 0.00034755582 0.0022707295 3.6415495e-05 7.012867e-05 5.0841704e-06 3.191738e-07
0.75470376 0.87957877 0.105990276 0.9477212 0.02207255 0.0061536743 0.018474827 0.0016388419 6.185636e-05 4.201808e-14 0.000252683 0.40778157 4.6473855e-05 0.0011110246 0.9841657 1.3838277e-05 0.5854737 0.9880651 0.0037049542 4.298016e-06 0.49098155 0.0031497348 6.1452236e-05 0.00060154864 1.124218e-05 2.8653809e-05 5.868238e-05 0.0010050508 0.6034897 0.017687278 0.00074607524 0.00081411103 9.947e-05 0.0003220948 9.233499e-06 4.372575e-06 0.00010389066 0.0003412916 0.6036775 8.962261e-06 5.955774e-05 6.166998e-05 7.8321597e-07 0.00029274783 7.184977e-06 6.2959225e-05 0.0024003661 0.0028458482 1.7922982e-06 3.571614e-08 7.694914e-06 1.6238884e-05 0.0004555309 4.971791e-05 9.3064654e-07 1.055149e-08 0.014198796 3.0125055e-05 8.224233e-06 1.09077405e-07 5.5880373e-05 1.9943047e-07 6.1713254e-06 0.12897371 4.2460854e-07 8.953965e-06 1.448897e-06 5.177179e-06 3.3507555e-07 4.4195085e-06 2.8891958e-07 3.4360443e-07 2.385796e-07 2.6042617e-08 6.585237e-08 2.8855885e-07 3.1797329e-06 4.14053e-06 2.7151386e-06 1.4411599e-07 1.5341559e-06 0.0001057204 1.9794888e-07 0.0047225305 2.508521e-05 1.12718635e-05 1.7013684e-06 4.207698e-05 9.952476e-05 0.0012304281 7.507591e-08 2.7030282e-07 1.2085467e-08 1.2922263e-06 1.384827e-05 2.5068862e-06 1.0397902e-05 9.2335574e-07 1.9588292e-06 1.8410105e-07 5.427572e-06
0.94875544 0.5016056 0.96230763 0.06778554 0.67807823 0.86782074 6.3595326e-05 0.41130745 0.1271941 0.000252683 8.110405e-14 0.6218986 0.079801254 0.95569 0.00099011 0.8525895 8.364436e-06 0.000515459 0.884176 0.017533038 4.4180397e-05 4.4043404e-06 0.1578219 1.6770164e-06 0.019695463 0.62778896 6.002163e-08 0.0003820448 0.00022138348 8.892135e-06 0.9450212 4.526789e-07 2.5645911e-06 0.00010378648 0.0011089124 1.9322036e-07 4.1028616e-06 7.730127e-05 0.00075075665 4.2405794e-08 1.109402e-07 1.33237845e-05 0.00015320518 0.0018409485 1.4138185e-08 4.8756757e-08 0.0028981802 1.72417e-05 0.00026052434 1.1758916e-05 0.2821217 1.7947322e-08 0.5092223 0.00037544867 0.017517585 9.361875e-06 6.783016e-06 1.198948e-05 1.6537397e-06 0.00015394819 2.093801e-06 6.3716225e-06 0.32484496 0.01686915 1.4584552e-05 3.441239e-05 1.928955e-06 4.4750896e-06 1.665616e-07 6.809055e-05 9.481615e-05 0.00048298232 0.00041562007 9.6935736e-08 5.712711e-06 9.519052e-05 0.023342062 8.7732417e-07 1.4706835e-07 1.3808232e-05 0.05442799 2.5077077e-05 9.3491826e-07 0.28189513 6.686072e-07 0.00068604795 2.3483396e-07 8.835397e-06 1.0612425e-06 5.537646e-06 1.9851359e-05 2.2212249e-05 9.4011774e-08 2.4750385e-05 0.00927021 1.5209406e-05 0.00011038325 4.2213356e-05 2.5039748e-05 2.3257202e-05 6.7183346e-06
0.81021625 0.91878617 0.88442045 0.839106 0.1555831 0.05869605 0.0020223395 0.015300268 0.0020336555 0.40778157 0.6218986 1.1743097e-12 0.0017227171 0.913492 0.8653709 0.0030595413 0.003521984 0.85967666 0.9702123 5.055593e-05 0.006062695 0.00039645116 0.0007636062 0.00016123266 0.00013191391 0.0013229488 2.6389675e-05 0.00046435973 0.019498914 0.0006762886 0.8588658 9.6805445e-05 3.1387088e-05 8.2445455e-05 1.6926784e-05 8.781811e-06 0.00010123685 0.00012012342 0.20100573 5.1186976e-06 2.135178e-05 3.7075781e-06 4.306538e-06 0.00024208064 3.3889942e-06 1.2638319e-05 0.0009527271 0.00079558516 3.4095065e-05 2.2887627e-06 0.00046655146 2.2187742e-06 0.39647272 5.7447587e-06 1.9534647e-05 4.7674868e-07 0.0015281355 9.521752e-06 7.308857e-06 9.643488e-06 3.1608233e-05 1.8232178e-06 0.00067763217 0.86601233 1.0433264e-05 3.7943173e-06 3.222003e-05 6.4573095e-07 3.532804e-07 4.3919772e-05 1.9503206e-05 1.1349289e-05 5.0047174e-06 3.3294405e-08 5.6756085e-07 2.858586e-06 4.4676504e-05 7.913468e-06 5.005459e-07 5.1072193e-06 0.00015709267 0.0015696052 3.820125e-06 0.87359333 2.0357307e-05 0.00020882732 1.6598211e-06 2.4318797e-05 5.203721e-06 0.00083092164 1.2801773e-06 6.018039e-08 1.5863013e-07 0.00015242289 0.0012530213 4.5846837e-06 2.5511828e-05 1.8054403e-05 6.5427724e-07 1.5881427e-06 1.3468415e-05
0.988099 0.0020596478 0.026511524 0.00083279307 0.17582762 0.36383373 0.00015644457 0.9040732 0.94626296 4.6473855e-05 0.079801254 0.0017227171 1.13625316e-13 0.017563246 0.0002125389 0.32860857 1.6928529e-05 0.00042759714 0.01381704 0.95286626 1.6210506e-05 5.992611e-06 0.76203364 1.0971225e-05 0.81320244 0.4147144 6.537842e-06 0.0017007474 0.0001323547 3.2837706e-06 0.026873969 8.1568425e-07 2.5634894e-05 0.0024995396 0.5954717 6.250601e-06 2.2738097e-06 0.00086508377 0.00017573472 6.704228e-06 2.900995e-06 0.000433969 0.07051271 0.092288814 3.2038665e-07 1.6265525e-07 0.038592454 3.8403214e-06 0.030080214 0.7435703 0.5137432 3.7689244e-08 0.0034047775 0.024219947 0.08177756 0.2111628 2.537529e-07 4.015914e-05 7.230867e-06 0.81507576 1.4525676e-06 0.023206707 0.0034748206 2.4681209e-05 0.005548881 0.0010488178 3.5081638e-07 0.0020182433 6.6080577e-07 0.006495839 0.035247374 0.21812738 0.11848978 1.0040761e-05 0.0008946276 0.06993102 0.04763387 8.399864e-08 2.1414014e-07 0.0014510537 0.038959157 1.1246179e-07 1.2145729e-07 0.00079281005 2.463476e-07 0.011233967 1.11631095e-07 4.662063e-06 7.87247e-07 6.5012327e-06 0.0033173354 0.013123362 2.1848346e-07 1.7055565e-06 7.134222e-05 0.000552714 0.008108402 0.00043202468 0.0017287191 0.0002915598 7.301155e-07
0.86264354 0.7958554 0.94466513 0.31006312 0.33907518 0.4356866 0.00025024006 0.091570534 0.01823864 0.0011110246 0.95569 0.913492 0.017563246 1.656274e-14 0.0038825325 0.026842022 2.6084888e-05 0.00278671 0.9943536 0.00018202227 2.2373655e-05 2.3070337e-05 0.0022079356 2.137256e-05 0.00024205851 0.014308486 1.151946e-06 0.0006049593 0.0004044301 1.3124177e-05 0.64292794 1.217078e-06 1.568634e-05 8.063013e-05 0.00023732596 1.4001436e-07 2.2476233e-06 2.8812823e-05 0.0021433877 1.7615646e-07 6.5501587e-07 1.5169275e-06 2.049681e-05 0.0017113907 2.2191202e-07 1.3881576e-07 0.0045318305 3.2429347e-05 0.00012363127 1.0730315e-06 0.0053078583 9.992828e-09 0.13989693 0.00014297792 0.0004153019 6.0975924e-07 2.054849e-06 2.1490891e-06 1.0315588e-07 9.921909e-06 1.0678419e-07 1.3487038e-07 0.0023186677 0.030006759 5.0161975e-07 2.501682e-06 1.1088033e-07 2.88831e-06 2.683625e-09 3.1230375e-06 1.565026e-06 8.6036225e-06 1.0583095e-06 5.175781e-10 2.6504445e-08 5.023613e-07 0.0003877792 6.231614e-08 1.6709004e-08 1.9291565e-07 0.00028732058 2.6865291e-05 1.4273218e-09 0.26916096 2.4191495e-06 1.3368624e-05 2.2520058e-07 8.948506e-07 1.8836806e-07 4.4643373e-05 1.7241607e-08 2.3760845e-07 4.1925063e-10 1.582876e-08 0.0002018688 2.2698632e-07 5.0185445e-06 1.9513905e-07 1.1914518e-06 1.6412536e-06 4.2646968e-07
0.6455448 0.8510028 0.24763995 0.8875272 0.047992922 0.010499567 0.005033967 0.0031684288 0.00020852641 0.9841657 0.00099011 0.8653709 0.0002125389 0.0038825325 2.6708228e-13 3.9274295e-05 0.06026622 0.99850804 0.014632667 1.1124839e-05 0.07131456 0.00030553894 6.340814e-05 0.00020061096 5.7171124e-05 0.00010188025 2.7707201e-05 0.0005658352 0.23327567 0.0019349515 0.0018915557 6.410206e-05 1.9914522e-05 5.8226822e-05 2.8177577e-05 9.928359e-07 3.913898e-05 1.5855361e-05 0.27529487 7.5928614e-07 4.1600038e-06 7.0675327e-07 1.4760349e-06 0.00033821882 2.8492177e-06 3.2504508e-06 0.0025000894 0.00014418151 5.896621e-06 1.4148631e-07 1.9173794e-05 6.428608e-07 0.0034471236 4.038111e-05 1.4712874e-06 2.5339098e-08 0.0024277507 5.004679e-06 1.3784186e-06 7.589973e-07 3.0952992e-06 4.952504e-08 5.8695728e-06 0.31007594 3.9639968e-07 1.6101951e-06 3.4085406e-07 6.55467e-07 5.106878e-08 1.9016427e-06 2.233147e-07 6.23958e-07 2.0165875e-07 1.2169171e-09 2.1478082e-08 9.3411565e-08 2.4563176e-06 1.2701119e-06 6.9557836e-07 4.8614964e-08 1.335957e-06 0.00034243678 4.9701715e-08 0.028571248 4.180049e-05 1.0986536e-06 1.8292822e-06 8.190006e-06 6.2685314e-05 0.0017030886 7.640538e-08 1.3711795e-07 3.7080428e-09 1.22283e-06 2.7097232e-05 8.931812e-07 7.0953056e-06 2.9582355e-07 4.2186628e-07 1.3365419e-06 1.5173773e-06
0.9452336 0.012081401 0.3401919 0.0014477294 0.51578885 0.9498394 1.4220707e-05 0.75776917 0.56939447 1.3838277e-05 0.8525895 0.0030595413 0.32860857 0.026842022 3.9274295e-05 1.739328e-12 4.3740704e-07 6.8528774e-05 0.034922265 0.09835819 4.953456e-07 4.85654e-07 0.92470014 2.5495143e-07 0.30782297 0.98977464 4.802357e-08 0.00028333074 3.1073265e-05 4.4201175e-07 0.14027236 2.0515914e-07 2.434308e-06 8.3851824e-05 0.0026702993 2.378946e-07 5.7019804e-07 5.3750187e-05 4.2672968e-05 1.2360408e-07 1.0118844e-07 1.2897744e-05 0.00032785136 0.0030199252 5.0087518e-08 5.3902976e-08 0.003256688 5.5179303e-06 0.00075520715 5.5253786e-05 0.6911368 1.6121263e-08 0.07123552 0.0007787194 0.18643571 1.7472645e-05 8.2931206e-07 6.468271e-06 3.3760039e-06 0.00828118 1.4119698e-06 1.1527366e-05 0.18855251 0.00052388123 1.0661508e-05 1.41675755e-05 1.5009042e-06 1.19896395e-05 4.0863577e-07 0.000116016614 0.0001297618 0.017195929 0.0020206093 5.0603756e-08 1.41547325e-05 0.00024349606 0.14357418 2.9306932e-06 4.0883048e-08 2.0621408e-05 0.1837878 1.2811483e-06 4.105353e-07 0.010549465 5.247603e-07 0.0005352619 4.0203355e-07 7.203436e-07 3.7864748e-07 1.3992134e-05 0.00016371236 4.46123e-05 2.9619818e-07 9.174366e-06 0.003832609 0.00012246717 0.00057648873 4.2622167e-05 3.624697e-05 5.786159e-05 1.5117168e-06
0.942168 0.8246734 0.01925594 0.9098637 0.027532263 0.009058463 0.81648207 0.00079867954 5.02084e-05 0.5854737 8.364436e-06 0.003521984 1.6928529e-05 2.6084888e-05 0.06026622 4.3740704e-07 1.3944991e-14 0.06364762 9.334028e-05 1.7133384e-07 0.9966587 0.26043946 6.6614502e-06 0.03287416 1.7658182e-07 1.4495453e-06 0.0015646061 0.012323375 0.8598165 0.8002913 4.475672e-05 0.06607734 0.00068673166 0.001559536 4.4443436e-06 3.1956704e-05 0.00032512294 0.0013463234 0.44874248 2.683211e-05 8.92289e-05 0.00030494013 1.7387072e-07 0.0007594677 3.7738067e-05 0.0014533402 0.0109054595 0.13440664 1.5242759e-07 1.08397495e-08 1.4531169e-07 0.00014557797 3.227077e-05 1.2643635e-05 1.4400655e-08 6.466685e-10 0.044832394 7.0588234e-05 1.2209126e-05 1.1749101e-08 0.0013697125 3.3727822e-08 1.2290856e-07 0.0031097073 7.071759e-09 1.6689075e-05 3.1190953e-07 3.8576418e-05 4.069433e-07 6.6006004e-07 1.4487327e-08 2.835864e-08 7.875856e-09 1.701947e-07 8.812301e-09 5.5167013e-09 2.876878e-07 4.0495686e-07 5.3155018e-06 2.0381949e-08 1.7141149e-07 2.8476845e-05 4.7965966e-07 9.932156e-05 0.00011757196 4.0431746e-07 1.7280021e-05 0.0008138533 0.00034447983 0.0004882142 6.307208e-09 1.4316393e-07 4.4126434e-08 4.33336e-05 1.2308163e-06 7.2162385e-07 2.2276645e-06 2.2697463e-07 4.0210256e-07 5.851043e-07 2.5492554e-06
0.55630356 0.74093145 0.0810465 0.75965345 0.01860507 0.006419049 0.0044946643 0.0020818277 0.0001870492 0.9880651 0.000515459 0.85967666 0.00042759714 0.00278671 0.99850804 6.8528774e-05 0.06364762 7.504168e-12 0.010594251 7.629667e-06 0.09477516 0.00020981005 6.556846e-05 0.00026817384 1.3513806e-05 7.529673e-05 5.6640583e-05 0.00035905652 0.54957604 0.004148493 0.0026805433 0.00011437732 5.144003e-06 5.237828e-05 1.5683618e-05 3.5763314e-06 1.3383143e-05 1.21392095e-05 0.75163007 1.6791064e-06 1.4231045e-05 5.924752e-07 4.676658e-07 0.00011664344 5.549949e-06 7.453658e-06 0.0011590747 0.0008870016 3.405464e-07 5.177561e-07 7.852398e-05 6.339831e-06 0.00291704 2.1585024e-06 5.047439e-06 1.2896753e-08 0.005898433 1.0781166e-05 1.3342229e-06 9.624849e-07 7.849923e-06 4.2841716e-08 7.180545e-06 0.667484 5.8250754e-07 1.49046e-06 2.8660954e-06 2.822472e-07 2.1716922e-08 3.3470844e-06 9.11621e-08 1.0097766e-06 2.363075e-07 6.6956245e-09 5.304968e-08 8.407233e-07 3.2940302e-06 4.23794e-06 7.513425e-07 2.2808681e-08 5.3038507e-06 0.00087545015 1.2495933e-06 0.08733927 1.1223411e-05 8.8188135e-06 1.7404783e-06 1.1923266e-05 9.4228504e-05 0.01199484 1.01380465e-07 5.2057352e-08 2.1602806e-09 1.9021306e-06 4.7208185e-05 5.583392e-07 3.3678584e-06 8.2383275e-07 3.9535443e-08 5.190999e-07 9.2753464e-07
0.63335603 0.57427734 0.73199415 0.1762538 0.1567278 0.2021963 0.0002984062 0.03624248 0.007371853 0.0037049542 0.884176 0.9702123 0.01381704 0.9943536 0.014632667 0.034922265 9.334028e-05 0.010594251 2.4536785e-12 0.00032001673 0.00015032176 3.596777e-05 0.0045671933 4.1656232e-05 0.00033993882 0.018824255 1.9174588e-06 0.00022217282 0.0005659005 5.7893107e-05 0.9589596 1.2859337e-05 8.3184805e-06 2.7418346e-05 6.4067775e-05 2.818256e-06 9.056368e-06 2.5089537e-05 0.0011236586 1.3836117e-06 3.1641e-06 3.5502015e-07 4.0272007e-05 0.00036573433 6.9226877e-07 7.976694e-07 0.0012373312 5.309982e-05 6.463902e-05 2.3313617e-06 0.004712736 1.31889735e-08 0.1758707 1.971753e-05 0.000439199 1.6494539e-06 1.067679e-05 1.2659598e-05 2.1025241e-07 2.0941176e-05 3.3231058e-06 1.858797e-07 0.010699512 0.12732972 2.7794308e-06 4.4595818e-06 2.3800433e-06 3.907069e-07 8.779486e-09 1.7859571e-05 2.2690256e-05 6.949883e-05 3.0278209e-06 1.0652415e-08 2.441938e-07 8.200714e-06 0.0007438753 1.8619774e-08 5.8949002e-08 1.9795712e-06 0.0008626945 4.2778905e-05 3.1774775e-08 0.6694232 1.2567792e-05 9.115406e-05 3.5036655e-06 9.168541e-06 1.4399488e-06 8.5539905e-05 1.9606625e-06 3.4597753e-07 3.947018e-09 3.967083e-07 0.001922245 7.2059987e-07 6.239753e-05 9.063949e-07 7.4932927e-06 4.9584687e-06 9.000002e-07
0.9021521 8.726588e-05 0.0034495457 1.8065683e-05 0.101037145 0.5460378 2.277763e-05 0.65201354 0.9569342 4.298016e-06 0.017533038 5.055593e-05 0.95286626 0.00018202227 1.1124839e-05 0.09835819 1.7133384e-07 7.629667e-06 0.00032001673 2.2632493e-14 2.8007773e-07 3.3867596e-07 0.8536785 1.7696715e-06 0.9929415 0.08327321 4.26283e-07 0.0007587622 7.0734427e-06 4.949334e-07 0.0026970415 1.4275915e-07 5.22981e-06 0.00058731006 0.047376443 1.9636227e-06 5.602773e-06 0.00015784716 5.153209e-06 2.0276211e-06 5.6336376e-07 3.8388735e-05 0.0023414623 0.005043054 4.640848e-07 1.0357502e-07 0.0035281328 3.048491e-06 0.003467174 0.13121168 0.3257577 1.5337108e-08 0.00019259736 0.0008691054 0.024024872 0.0140535375 1.1904318e-08 1.1708449e-05 6.781266e-07 0.51821333 8.04357e-08 0.00041657622 0.0010701467 3.2557311e-06 0.0004511595 2.2654018e-05 5.6229368e-08 4.7230118e-05 1.5006357e-07 0.0007887286 0.011374912 0.10760606 0.060083523 2.507888e-08 1.579457e-05 0.015964432 0.038197767 1.885424e-07 8.857146e-08 0.00036877193 0.012504614 7.2023056e-08 7.1156236e-09 0.0003381269 1.9274607e-07 0.0022924633 5.1551748e-08 7.973291e-08 4.7120942e-08 4.1499347e-06 0.0015080494 4.2618914e-05 4.1610884e-09 9.088692e-08 1.93554e-05 0.000114981456 0.0012604154 3.805996e-05 0.00015923058 6.386956e-07 6.316906e-07
0.8331661 0.55554706 0.015523407 0.68118995 0.012650041 0.002728127 0.59503424 0.00032192806 1.2623768e-05 0.49098155 4.4180397e-05 0.006062695 1.6210506e-05 2.2373655e-05 0.07131456 4.953456e-07 0.9966587 0.09477516 0.00015032176 2.8007773e-07 4.6006168e-14 0.17583261 1.5874182e-05 0.03445727 7.9046845e-07 6.927701e-07 0.0027808321 0.004871387 0.98455733 0.8353526 2.4124578e-05 0.10152674 0.00032644087 0.0007347957 1.1512968e-06 2.186294e-05 0.00034787826 0.00057002465 0.38288826 2.4259638e-05 9.064165e-05 0.0004104868 8.180357e-08 0.000385711 7.614457e-05 0.0037828695 0.0039154994 0.15080325 1.9154017e-07 1.2805276e-08 1.3372475e-07 0.00016484711 4.1653333e-05 3.4210607e-06 6.597393e-08 1.3887957e-09 0.079955086 5.6701494e-05 5.0448216e-06 3.4903554e-08 0.0021521903 1.25841195e-08 6.845929e-08 0.0019308841 6.9043494e-08 4.788726e-05 2.083803e-06 1.6772554e-05 1.1331807e-06 7.919693e-07 3.3325286e-08 5.2444335e-08 1.3831315e-08 3.671784e-07 9.3734025e-09 1.7804869e-08 7.3738214e-08 1.9595411e-06 4.389308e-06 2.2649276e-08 1.9944854e-07 9.865231e-06 4.177853e-07 5.173923e-05 0.00010818342 4.72851e-07 1.4532902e-05 0.0007312117 0.00030829024 0.0008637659 8.226245e-09 1.2624935e-07 9.508327e-09 1.0380088e-05 6.803471e-07 1.4439664e-07 1.095305e-06 5.3216564e-07 3.719846e-08 8.663022e-07 6.677731e-07
0.93711466 0.00933427 0.00073684857 0.013505312 0.005897694 0.0011795695 0.9634184 0.0003619424 1.3417544e-05 0.0031497348 4.4043404e-06 0.00039645116 5.992611e-06 2.3070337e-05 0.00030553894 4.85654e-07 0.26043946 0.00020981005 3.596777e-05 3.3867596e-07 0.17583261 1.6188626e-15 1.0386525e-05 0.9887241 7.2257905e-07 6.7735226e-07 0.50203365 0.0599143 0.02235068 0.7870486 2.4536594e-05 0.93434346 0.0025470783 0.0043233754 5.787999e-06 0.0006456522 0.002163411 0.0059353025 0.0022838132 0.0061551975 0.007697943 0.0029397826 4.4673548e-06 0.00032332152 0.37915212 0.7963434 0.009293234 0.4349331 2.6768848e-07 1.3644464e-08 1.5986749e-06 0.06817574 2.1667862e-05 0.00010882499 1.6054653e-07 2.6544549e-09 0.020581607 0.00024392744 0.00034794677 7.0197416e-08 0.5100063 1.7220252e-07 7.8853867e-07 0.00025910506 1.6352875e-07 3.0554867e-05 2.0397467e-06 0.000106632324 0.0001450869 1.6148609e-06 4.534646e-08 6.4592746e-07 1.8086092e-07 2.7725396e-06 8.9289124e-08 1.2514245e-07 1.3174053e-06 0.00046064286 0.010481345 2.4320547e-08 2.1259139e-06 6.080291e-06 0.0024642039 1.6610594e-06 0.030799186 1.6475971e-06 0.0021230795 0.007044314 9.5334144e-05 1.2406692e-05 1.7501945e-07 3.884967e-06 1.4701659e-07 0.2500393 9.3454736e-07 1.7902082e-07 2.1974279e-06 5.8692956e-07 3.915469e-07 2.4842957e-06 8.7677974e-05
0.8318285 0.0008245634 0.018675102 0.00022206012 0.084403425 0.6043755 4.7904487e-05 0.41652444 0.9015782 6.1452236e-05 0.1578219 0.0007636062 0.76203364 0.0022079356 6.340814e-05 0.92470014 6.6614502e-06 6.556846e-05 0.0045671933 0.8536785 1.5874182e-05 1.0386525e-05 5.786116e-14 5.8143055e-06 0.9774571 0.8382475 3.7073568e-07 0.00020924737 0.00010319302 5.753745e-06 0.0062844055 8.500995e-06 5.2202076e-06 7.707918e-05 0.003313813 1.5073498e-05 3.0028878e-05 2.37849e-05 4.583357e-05 1.2689126e-05 5.482759e-06 5.5414444e-06 0.00070131174 0.0007492157 1.9788577e-06 2.7349543e-06 0.0005597051 2.3790528e-05 0.0011070162 0.020912843 0.84339964 4.3834174e-08 0.0012894529 0.00015957248 0.25651065 0.0027629463 7.08771e-08 3.0262563e-06 2.1629123e-06 0.69208443 1.3370104e-05 0.00012651399 0.03206552 2.1247493e-05 0.00017586365 1.1597165e-05 2.551054e-05 1.1863339e-06 1.5243393e-06 0.00047554518 0.010098306 0.59077597 0.09832838 9.220753e-07 6.88778e-05 0.013359985 0.73032224 4.12138e-06 8.985736e-08 0.0005787263 0.09090522 9.705636e-08 1.2006987e-05 0.00053915166 1.1204509e-06 0.009858954 1.3459844e-06 7.925756e-06 5.284727e-07 3.2757463e-05 0.0034265649 3.096365e-06 1.3404339e-06 1.0375139e-05 0.00011837188 0.00025282064 0.010792607 5.3700845e-05 8.3065015e-06 1.0486622e-05 3.8591944e-07
0.9630192 0.0032179912 0.0002910442 0.0023563793 0.0024650968 0.00059287064 0.5866887 0.00025702812 8.806669e-06 0.00060154864 1.6770164e-06 0.00016123266 1.0971225e-05 2.137256e-05 0.00020061096 2.5495143e-07 0.03287416 0.00026817384 4.1656232e-05 1.7696715e-06 0.03445727 0.9887241 5.8143055e-06 2.8688364e-13 6.8392313e-07 7.1759064e-07 0.96469885 0.1268751 0.017744517 0.29942778 1.2457008e-05 0.6990169 0.01757784 0.021600842 1.3042812e-05 0.004153869 0.01195675 0.013980609 0.0035665582 0.02931637 0.07020518 0.0064498414 1.4289796e-05 0.0012252342 0.5714043 0.91522634 0.020446727 0.3397397 1.9743093e-06 6.00112e-08 1.6396626e-06 0.26370308 1.3491092e-05 0.00031459506 2.8869206e-07 2.5097112e-08 0.0035639983 0.0012238673 0.0046349396 2.5410574e-07 0.4582533 4.7885067e-07 6.0781196e-07 4.5835448e-05 2.6774157e-07 0.00047036225 5.352889e-05 0.0004168067 0.0016701582 2.8550196e-06 7.629135e-08 1.2008035e-06 1.9661936e-08 0.00035077246 1.7293654e-07 4.5049564e-08 7.967426e-07 0.0042022443 0.06824334 3.571982e-08 2.610989e-06 6.5873e-07 0.023041837 2.310377e-06 0.045563143 1.656867e-06 0.0019079883 0.006239718 6.0086255e-05 1.5481839e-05 1.824116e-07 8.0935904e-05 9.293579e-05 0.5102213 2.02077e-06 1.872779e-07 8.687892e-07 6.366602e-07 2.1856424e-06 1.6557982e-05 0.000935234
0.84959275 0.00015278687 0.0030592217 3.7120557e-05 0.027229402 0.13037933 1.9341562e-05 0.29811567 0.8104078 1.124218e-05 0.019695463 0.00013191391 0.81320244 0.00024205851 5.7171124e-05 0.30782297 1.7658182e-07 1.3513806e-05 0.00033993882 0.9929415 7.9046845e-07 7.2257905e-07 0.9774571 6.8392313e-07 4.6024907e-12 0.08742864 3.1355043e-07 0.00017838048 2.0111582e-05 1.8873182e-07 0.0022592165 3.3225405e-07 6.0937764e-06 0.000111796726 0.06289791 5.6821095e-06 3.5760074e-06 3.220538e-05 9.85562e-06 1.8115691e-06 8.62636e-07 1.17424315e-05 0.006247127 0.0034313193 3.1372247e-07 1.14073316e-07 0.000966194 3.9304323e-06 0.0057186913 0.54185784 0.394958 5.4593285e-09 0.000524692 0.0015900637 0.05372577 0.08451447 5.6180244e-07 2.8910908e-06 1.5576749e-06 0.8674328 4.9932473e-06 0.00219023 0.0021850632 1.2450226e-05 0.0035940753 2.8649822e-05 2.7531526e-06 3.844655e-05 1.7011112e-07 0.0030863017 0.16970038 0.31569383 0.23736984 3.4204913e-07 0.0004519084 0.06504586 0.1795924 9.827327e-07 4.066366e-08 0.004409935 0.027080618 2.1721863e-07 1.7916079e-06 0.00015602887 1.4336943e-07 0.010348584 9.746359e-07 6.239268e-06 1.4444008e-06 3.4160985e-06 0.012132839 0.00022180636 4.8578904e-08 2.6011954e-05 4.3595195e-05 0.00057304645 0.0076554366 0.0005755055 0.00051130337 1.21690455e-05 7.569011e-07
0.872053 0.00876351 0.098649256 0.00042898182 0.2337697 0.8120746 8.1619055e-06 0.6323724 0.43996206 2.8653809e-05 0.62778896 0.0013229488 0.4147144 0.014308486 0.00010188025 0.98977464 1.4495453e-06 7.529673e-05 0.018824255 0.08327321 6.927701e-07 6.7735226e-07 0.8382475 7.1759064e-07 0.08742864 2.6624994e-11 9.334441e-08 7.911624e-05 6.884057e-05 9.1177617e-07 0.3017933 1.463231e-07 2.4863862e-06 5.5668035e-05 0.0017680015 9.574233e-07 8.9024815e-07 8.58523e-06 4.633189e-05 9.630423e-07 8.861426e-07 7.249165e-06 0.0002190707 0.00096450007 1.2495593e-07 2.3454052e-07 0.0018317201 2.7935776e-05 0.0005404569 0.0002986926 0.9810797 4.5390074e-08 0.06824887 0.00020668592 0.55013263 0.00012761513 1.0803382e-06 2.4999234e-05 1.41243245e-05 0.025657402 2.3079085e-06 7.781222e-05 0.635799 0.00021175812 1.1320266e-05 6.7356304e-06 6.096467e-06 1.4346998e-05 9.511411e-07 0.00015867848 0.00044270192 0.14747229 0.003334654 8.3369486e-07 2.2881635e-05 0.0012309233 0.76245546 4.492656e-06 7.204089e-07 2.8640748e-05 0.43211147 6.11336e-07 5.8229566e-06 0.009952599 3.0748981e-06 0.00037049133 7.7787496e-07 4.887753e-06 8.134439e-07 5.685053e-06 0.0006175103 3.165508e-05 2.159435e-06 3.0087238e-05 0.011641729 0.00010640761 0.0014413345 3.266637e-05 1.5774867e-05 0.000106928455 1.5160921e-05
0.9967246 0.0012241714 7.12456e-05 0.0005632168 0.003281268 0.0008124489 0.22510791 0.00019286387 4.0416576e-06 5.868238e-05 6.002163e-08 2.6389675e-05 6.537842e-06 1.151946e-06 2.7707201e-05 4.802357e-08 0.0015646061 5.6640583e-05 1.9174588e-06 4.26283e-07 0.0027808321 0.50203365 3.7073568e-07 0.96469885 3.1355043e-07 9.334441e-08 7.765195e-16 0.53344387 0.0015894588 0.049668837 1.8850958e-06 0.26352042 0.12286457 0.074896395 1.4856671e-05 0.03288173 0.12699126 0.054090563 0.0003445771 0.33750755 0.6008602 0.020389423 6.8783966e-06 0.002457677 0.8788685 0.9375099 0.04982921 0.041729916 2.076455e-06 1.2503682e-08 2.7598202e-07 0.72296184 3.966964e-06 0.0005713308 1.6796373e-07 4.88542e-09 0.0010827199 0.0027573148 0.09380035 1.4794099e-08 0.27427995 1.0524743e-07 3.7791588e-07 1.532806e-06 1.753066e-07 0.0013698889 0.0002990857 0.0016653567 0.0037976715 1.5984937e-06 1.3468818e-08 3.6728517e-07 1.535514e-08 0.000191228 2.623177e-07 8.2448146e-08 5.1150428e-06 0.09030088 0.39293212 1.2136964e-07 1.1525618e-05 9.12919e-08 0.47843748 9.3780886e-07 0.09361532 2.6839157e-06 0.001050748 0.0028735644 4.092598e-05 5.0645713e-06 2.7997945e-07 0.0002476048 0.00011221469 0.81327707 3.149787e-06 2.2164024e-07 6.6998274e-07 2.4070491e-06 4.256722e-06 0.00024674935 0.0047394517
0.99934644 0.01703542 0.008865125 0.023285966 0.19638878 0.014383013 0.18276496 0.015634956 0.0029096869 0.0010050508 0.0003820448 0.00046435973 0.0017007474 0.0006049593 0.0005658352 0.00028333074 0.012323375 0.00035905652 0.00022217282 0.0007587622 0.004871387 0.0599143 0.00020924737 0.1268751 0.00017838048 7.911624e-05 0.53344387 6.3727295e-15 0.0008105826 0.007921703 0.00010088277 0.005723599 0.9639492 0.95721966 0.0025172706 0.8586106 0.2962043 0.26709038 0.0002318241 0.6763942 0.4001334 0.0461802 0.00091121695 0.0035567607 0.009049621 0.005058791 0.076931044 0.0005411537 7.654436e-05 5.7194353e-05 0.000708269 0.005164722 0.00015087744 0.00084409205 2.9611547e-05 9.775255e-05 0.000107127795 0.06671918 0.15008733 0.00016585948 0.001412931 0.00019570198 0.00012293349 0.00061438465 4.628989e-05 0.00039777815 0.002908677 0.016896175 0.3520385 0.0002932916 0.00010459061 0.00025549287 0.00027307376 0.0013598695 0.00011339796 1.5583925e-06 7.579067e-05 0.05125625 0.010443991 8.85145e-05 4.27826e-06 4.777726e-06 0.046943095 3.2893024e-06 0.00019614537 5.3946198e-05 2.7023012e-05 1.3593999e-05 2.2105962e-06 5.997253e-06 1.0219821e-07 0.0005980801 0.013882658 0.01824392 9.413904e-07 2.6550288e-06 2.565572e-06 2.2114039e-06 0.00012489417 7.5544376e-05 0.0010744785
0.90799856 0.7153089 0.01668147 0.79774123 0.009482931 0.0038426353 0.41571623 0.0007495065 0.0002772445 0.6034897 0.00022138348 0.019498914 0.0001323547 0.0004044301 0.23327567 3.1073265e-05 0.8598165 0.54957604 0.0005659005 7.0734427e-06 0.98455733 0.02235068 0.00010319302 0.017744517 2.0111582e-05 6.884057e-05 0.0015894588 0.0008105826 9.667124e-10 0.7201801 0.00026572074 0.041125957 0.0002541907 0.0005191693 1.1712603e-05 2.6863601e-05 0.00028255684 0.00054280326 0.9764652 0.00013234612 0.00015478527 5.1383275e-05 1.3623791e-06 0.00069119653 7.0857335e-05 0.00087527774 0.008901714 0.26903805 5.414719e-06 1.0730888e-06 1.4738854e-06 0.00010473365 0.00041673836 4.750334e-06 4.459135e-06 1.2352984e-07 0.31268045 1.958378e-05 2.3349876e-05 7.8362535e-07 0.0007490439 3.197292e-07 9.672183e-07 0.015076921 1.3031043e-06 5.6838686e-05 3.046021e-06 8.661804e-06 5.155964e-07 4.6372093e-06 9.552034e-07 1.4338194e-06 1.4838899e-07 1.4077298e-07 2.9090177e-08 1.1816817e-06 5.9031225e-07 9.198958e-06 8.958407e-06 1.0671288e-06 4.698839e-06 6.968506e-05 8.326515e-07 0.0001511848 0.000113584334 1.631918e-05 2.4423667e-05 0.0011829335 0.0031934723 0.06549296 3.4255646e-07 5.9153064e-07 2.3198464e-08 2.5478033e-05 5.3476415e-06 1.4613225e-06 3.5102996e-05 3.6361964e-06 2.3027013e-07 1.0716545e-05 1.2027414e-06
0.85733116 0.0860393 0.003587165 0.1767871 0.004016017 0.0012125662 0.9282351 0.00018371601 9.35601e-06 0.017687278 8.892135e-06 0.0006762886 3.2837706e-06 1.3124177e-05 0.0019349515 4.4201175e-07 0.8002913 0.004148493 5.7893107e-05 4.949334e-07 0.8353526 0.7870486 5.753745e-06 0.29942778 1.8873182e-07 9.1177617e-07 0.049668837 0.007921703 0.7201801 8.821561e-14 7.815159e-06 0.99375683 0.0010178145 0.0018167109 6.341122e-07 0.00021988619 0.0015144984 0.003164912 0.06514939 0.00062773254 0.0012906985 0.0014099557 1.4948309e-07 0.00022115855 0.006296824 0.19850361 0.00580903 0.9098373 4.6232665e-07 3.2367872e-08 6.603234e-08 0.009032145 2.4464603e-05 1.1548339e-05 1.2350003e-07 5.9762395e-09 0.2828329 0.00010021403 3.443708e-05 1.9297616e-07 0.091794044 1.0096673e-07 2.3134052e-07 0.0002488246 6.079557e-07 5.1076117e-05 5.7849643e-06 1.7754606e-05 9.225957e-06 1.6548329e-06 1.7129398e-07 5.043857e-07 4.9625648e-08 1.6898019e-06 3.926955e-08 1.3036977e-07 6.020246e-07 1.8547742e-05 0.000107155385 7.558339e-08 1.5710405e-06 2.3795814e-05 2.3933267e-06 2.2235816e-05 0.0012351902 6.8887647e-07 0.00023642463 0.0056357654 0.00077121425 0.0004559229 3.8416343e-07 4.14767e-07 1.2334773e-07 0.0007103552 3.5070618e-06 4.81349e-06 5.6244758e-06 2.2342367e-06 7.394514e-07 8.016843e-06 5.475624e-05
