1.5532544e-17 0.678778 0.89346266 0.24733573 0.9462428 0.8596993 0.7991663 0.035993323 0.9688595 0.93077606 0.9686971 0.8715226 0.28635803 0.9565839 0.9507892 0.90277565 0.83417475 0.03365846 0.91670316 0.6962157 0.021515941 0.724968 0.01250084 0.15061538 0.09199053 0.074950635 0.7171042 0.8935949 0.013734279 0.21571662 0.8614623 0.96072435 0.0031064688 0.9429545 0.8413718 0.90712494 0.066748425 0.9993091 0.97952783 0.8674188 0.19212669 0.35993853 0.74849033 0.4324208 0.6386718 0.8217661 0.8367039 0.979601 0.9669888 0.99270684 0.7281956 0.9214139 0.0027090777 9.8594224e-05 0.9011867 0.9994016 0.9854008 0.87950367 0.6374068 1.1087616e-06 0.9115147 0.8850087 0.8213083 0.92869776 0.9603053 0.45634085 0.9173241 0.0016737203 0.8940096 0.8773048 0.011391075 0.025728462 0.25274584 0.9051771 0.95675266 0.9997831 0.9559066 0.60608244 0.97646594 0.9274634 0.99578804 0.061244737 0.7766952 0.028160736 0.3846572 0.9520093 0.25414225 0.29962638 0.51083237 0.20849067 0.24331543 0.9984586 0.989083 0.10180638 0.9638286 0.010120681 0.99735916 0.06709667 0.98226386 0.0011351114 0.8234599
0.678778 2.0430176e-15 0.93405926 0.98450786 0.90898496 0.83490145 0.69944954 0.34104556 0.8056741 0.69001746 0.74017465 0.09399696 0.0043994333 0.0004103066 0.23844261 0.14192899 0.033104837 0.21894225 0.0033587925 0.0067043756 0.9363956 0.00033615134 0.56153333 0.25243464 0.012094549 0.048091363 6.062067e-05 0.00033929042 0.0004224616 8.663832e-05 0.0009295835 0.026238631 8.811167e-05 7.978585e-06 4.2018793e-05 0.014595637 9.510281e-06 0.16290334 0.011241142 8.040985e-06 0.00015315348 3.03462e-06 1.5331092e-07 2.2069246e-06 4.1053416e-05 4.270571e-08 9.91081e-07 1.8858942e-06 0.004082767 0.00040182387 4.3919226e-07 4.092918e-07 1.8814103e-06 1.2969747e-06 1.810694e-07 0.0015057264 3.1958592e-05 4.2281258e-08 7.1040866e-08 0.0005132779 3.58561e-06 4.166013e-05 3.4722564e-07 7.346377e-06 3.5047015e-06 1.4754984e-08 1.3458823e-07 1.9794502e-08 1.709273e-07 3.0450348e-05 1.7942462e-08 5.2834523e-05 1.6122156e-08 8.754212e-05 9.1276015e-05 0.00029302546 1.6723702e-08 5.39943e-06 5.6939623e-08 4.9494634e-08 8.778147e-05 7.0714896e-07 4.3565874e-06 5.247995e-08 2.0222158e-06 0.0001801286 6.9976807e-07 3.3588023e-07 4.5621955e-06 8.18899e-06 6.2150375e-06 0.00044201556 1.7781513e-05 4.611956e-06 1.055654e-05 6.257851e-05 9.4928706e-05 8.128984e-06 0.0005556726 0.00028672357 9.425154e-10
0.89346266 0.93405926 6.605911e-10 0.9563948 0.97427595 0.006704788 0.051917363 0.5222883 0.10906078 0.7398036 0.72884154 0.82099247 0.6060148 0.75009847 0.005571639 0.65979004 0.4344905 0.7885616 0.00023177349 0.00016404118 0.095686935 3.2968543e-05 0.035724483 0.0073863426 0.00061970163 0.0004516031 0.0072859125 0.011145001 4.1762316e-05 1.4619967e-05 2.6595966e-05 0.008246185 1.3445635e-05 4.1412018e-06 2.783078e-06 0.41091284 0.013139048 0.112394236 0.0031542093 1.1162658e-06 8.739326e-06 2.269691e-06 2.9501163e-07 1.0131712e-06 0.00061638415 1.6150095e-07 0.00026980796 0.00029997007 0.1571886 0.00025170005 0.00010260443 7.227658e-07 6.868017e-05 0.00022873814 4.6906567e-05 0.068669096 0.0031784568 6.260253e-08 1.7764318e-06 7.494591e-05 7.21284e-07 3.8096582e-06 3.1604866e-08 1.5073892e-06 5.0934227e-07 1.809081e-08 1.3077693e-06 3.618861e-08 1.7734332e-05 3.3554609e-06 5.721756e-08 8.750389e-05 3.0150056e-07 1.2499147e-05 0.0013386597 0.0014402188 2.204843e-09 2.3508941e-05 1.6407427e-07 1.1886283e-06 0.00057677715 1.9385225e-06 0.00015555254 8.571584e-08 7.3126707e-06 0.0003005531 8.504178e-07 5.5755617e-08 4.180828e-08 7.1747105e-05 4.4894355e-06 0.00065704796 0.00015233092 3.7630576e-07 5.2280643e-06 6.940319e-05 0.00017964395 4.8706524e-06 0.00026703769 0.00018442134 2.7076928e-07
0.24733573 0.98450786 0.9563948 2.1437591e-13 0.55394936 0.057243537 0.059878886 0.9716855 0.10999145 0.18781838 0.25540796 0.09934528 0.078246094 0.007092813 0.009263322 0.099275336 0.040018685 0.84307176 0.0001755041 0.00025852083 0.3008099 2.6190779e-05 0.13296512 0.009590693 0.000314491 0.000208853 0.00026198686 0.0015159043 8.889905e-06 1.6105483e-06 4.6573416e-05 0.0014765065 5.1639977e-06 3.0969052e-06 2.2742197e-06 0.013674871 0.00030093998 0.009394703 0.00040099167 1.7371502e-06 7.0861083e-06 1.2562548e-06 1.1185915e-07 4.2493016e-07 0.00026400088 2.5329276e-09 3.5624587e-05 4.6162084e-05 0.0034344397 8.317036e-06 3.1211694e-05 3.3867371e-07 1.6689124e-05 0.0001630867 1.0177847e-06 0.0018366774 0.00010215735 9.207498e-08 4.2561048e-08 0.0019389711 1.5340036e-06 2.856207e-06 1.3510328e-07 5.174944e-07 1.5744408e-06 8.634743e-08 2.4995157e-07 2.7341354e-08 2.9738144e-06 1.8782498e-06 3.4857518e-08 5.0214818e-05 1.0759668e-07 5.687428e-06 0.00013545802 0.00038750435 7.873018e-09 2.2419804e-06 7.0014224e-08 1.793987e-07 0.00010785162 5.701458e-07 1.4439898e-05 2.7787388e-08 1.2837228e-06 4.778015e-05 1.3246025e-06 9.1485083e-07 4.07358e-07 7.396606e-06 1.2136356e-06 0.0001090989 3.0931863e-06 5.7417465e-06 5.983488e-07 2.2043132e-05 5.575044e-05 3.5446851e-06 6.870887e-05 5.896338e-05 3.4614168e-08
0.9462428 0.90898496 0.97427595 0.55394936 5.523323e-13 0.07789068 0.2108519 0.12681462 0.48476523 0.96325576 0.87828875 0.4992339 0.087207 0.23812827 0.01879396 0.4892249 0.21183503 0.03765421 0.0020508454 0.0013819454 0.07150459 0.0001427538 0.018821977 0.039568752 0.002627921 0.0025770152 0.0020908958 0.003055248 0.00015062484 0.0004781687 4.068987e-05 0.028625952 2.0486295e-05 3.665717e-05 3.713835e-06 0.42939425 0.0013996165 0.40693852 0.011310598 1.8169411e-06 0.00020873873 3.7594742e-05 1.1982249e-06 1.575466e-05 0.00012973063 9.260507e-07 1.934953e-05 8.176969e-05 0.16253345 0.0007658985 8.400886e-05 1.8420108e-06 6.4827586e-06 9.398328e-06 2.4306776e-06 0.07107434 0.0025352747 9.329191e-08 4.7613553e-06 1.1134323e-06 1.3350603e-06 1.431847e-05 1.6779514e-07 3.854852e-06 2.4939678e-07 8.389489e-08 2.7841304e-07 7.9105774e-08 5.948437e-06 1.1891697e-05 1.9730722e-08 2.522442e-05 2.03682e-07 3.111965e-05 0.0011186573 0.002087021 2.8455954e-08 1.0485872e-05 1.0128923e-07 3.399717e-07 0.000818839 3.9079262e-07 3.636611e-05 5.8496173e-08 3.5507176e-06 0.00035034018 2.3840741e-07 7.619625e-08 1.9856516e-08 1.4989666e-05 9.850249e-07 0.0021872376 5.2759602e-05 3.8182712e-08 8.341255e-06 5.337423e-05 0.0005035113 1.1569475e-06 0.0011128327 3.4555116e-05 5.3795947e-08
0.8596993 0.83490145 0.006704788 0.057243537 0.07789068 3.68892e-12 0.9803903 0.0032051855 0.963967 0.1685414 0.1887709 0.0012296555 0.00012917582 5.6219695e-05 0.90624183 0.0020248832 0.00045647417 0.00015105252 0.7811244 0.67274034 0.18410186 0.08814692 0.02392899 0.4826609 0.40430275 0.41722527 5.1395135e-05 8.866024e-05 0.15353766 0.2520817 0.010302577 0.41275856 0.0037740357 0.005535812 0.0013128439 0.0040461044 3.0999045e-06 0.6750086 0.23260958 0.00032552998 0.045366306 0.001327148 0.000107411266 0.0010168898 6.3208056e-05 0.00012258916 1.1081997e-05 1.241281e-05 0.0029513424 0.018005922 1.0213679e-06 3.2621476e-05 7.6301654e-07 1.2223933e-07 7.836889e-07 0.003598318 0.00010934472 2.667297e-06 0.000110722416 4.912247e-07 3.91614e-06 5.720052e-05 3.4841747e-07 0.00011774566 9.101217e-06 3.6625121e-07 6.2583285e-07 1.0800744e-06 1.1824505e-06 0.00018714822 4.3393126e-08 1.2943902e-05 7.536602e-08 0.00029116884 0.0003247551 0.0003772116 1.07999874e-07 1.3882384e-05 1.1862218e-06 4.8835614e-07 8.861409e-05 3.1514426e-06 2.1326383e-05 1.2171621e-07 6.826203e-06 0.000350798 3.1326653e-07 5.99261e-08 1.4604176e-07 5.0418606e-05 2.4727915e-06 0.0009515113 2.0418496e-05 8.7767276e-08 1.2282279e-05 7.925934e-05 0.00029537242 5.1343545e-07 0.0007222807 3.9530587e-06 2.3693934e-07
0.7991663 0.69944954 0.051917363 0.059878886 0.2108519 0.9803903 7.546815e-15 0.017840013 0.6792604 0.19315933 0.27023178 0.002610648 0.00012478358 1.6906924e-05 0.5017404 0.0043727276 0.0009778229 0.0006598549 0.22632034 0.5825873 0.5226114 0.06382479 0.11935708 0.9557476 0.81144994 0.7048946 4.614829e-06 0.00010034524 0.59522057 0.7804232 0.0073391893 0.16061752 0.07955715 0.00069611263 0.00076444086 0.00082852517 1.721331e-05 0.27803308 0.07352255 0.00019222595 0.0458424 0.00028231117 1.1639213e-05 0.00020875265 2.9937775e-05 4.1857013e-05 7.1066415e-06 1.1079481e-05 0.00039559987 0.0017360265 3.5633807e-06 1.9225263e-05 1.1033828e-06 2.4073312e-08 4.0447554e-07 0.00023833505 1.2057333e-06 1.2279497e-06 3.7496866e-06 5.88429e-06 4.685906e-06 8.920189e-06 2.255521e-06 7.3963196e-07 9.924429e-07 3.1181063e-08 1.2741987e-07 4.9755965e-08 3.3586596e-06 2.0979614e-05 8.6537526e-08 5.0243554e-05 5.021438e-07 7.827967e-06 0.00018052912 0.00060645427 1.7563359e-07 4.2846705e-06 2.8140892e-07 2.709117e-06 3.903278e-05 8.736643e-06 1.7755866e-06 1.02893e-06 1.0218404e-06 5.199873e-05 3.263904e-06 9.726378e-07 1.4950684e-06 1.4155555e-05 3.8682697e-07 0.0005524313 0.00011784676 1.2862117e-06 2.7742587e-06 0.00029139605 5.6443336e-05 1.465564e-06 0.0010570654 2.4572653e-05 9.2139274e-08
0.035993323 0.34104556 0.5222883 0.9716855 0.12681462 0.0032051855 0.017840013 3.9466217e-15 0.00964691 0.024775138 0.030333612 0.021939272 0.041350447 0.0017818802 0.00038069783 0.012589168 0.0060163466 0.9911066 4.350839e-05 0.00012490906 0.92226696 1.0890616e-06 0.67763543 0.09555017 0.00020857932 0.00037746923 4.6278365e-05 9.211499e-05 2.7076516e-05 2.036713e-07 2.238295e-06 3.2766085e-05 3.963574e-05 1.9507188e-07 1.3974622e-07 0.0018592911 0.0021822872 0.00073641725 8.560712e-06 3.6090178e-08 1.4683066e-05 9.162549e-07 5.161804e-09 1.5033322e-06 4.0829436e-06 1.036912e-08 5.1388764e-07 3.304555e-06 0.00024563435 1.365232e-07 3.9518522e-06 9.2066905e-08 3.470936e-05 0.0010540425 1.6788293e-08 9.0949055e-05 8.3546814e-07 1.2707322e-08 9.237278e-08 0.06542043 5.907459e-07 6.069188e-07 1.5368179e-06 3.644949e-08 1.9343286e-06 4.417949e-08 2.5111715e-08 3.1529424e-08 1.3824767e-07 7.455449e-08 1.5890676e-07 8.176252e-05 8.1253404e-08 4.2853668e-07 1.5163495e-05 4.9017457e-05 1.1113568e-07 4.2853973e-08 3.9380858e-08 1.6482296e-07 2.7375506e-06 4.3283788e-07 2.6183223e-08 1.9185563e-08 6.125449e-08 1.3262521e-06 3.527088e-05 4.881308e-07 3.8238778e-07 6.129002e-08 2.50144e-07 1.913078e-05 9.0098956e-07 4.8444094e-06 4.9374133e-08 7.919297e-06 2.3287841e-06 6.3660286e-06 6.778451e-06 0.000108389344 1.2826934e-08
0.9688595 0.8056741 0.10906078 0.10999145 0.48476523 0.963967 0.6792604 0.00964691 6.7704284e-13 0.82019997 0.7557608 0.0051094606 0.0017583516 0.002463949 0.9138387 0.007540366 0.0023778789 0.0005388381 0.41243747 0.15565181 0.08822547 0.034055926 0.012593641 0.22406629 0.09673832 0.08021792 0.00043903422 0.00024800914 0.013684427 0.033123598 0.014309408 0.70256674 0.00029132076 0.002317168 0.00222925 0.026690636 1.11776935e-05 0.9011083 0.25009486 0.00037674335 0.0075983754 0.0002467343 0.00017511271 0.00025956484 0.000114145856 8.528064e-05 1.7158487e-05 5.8475234e-05 0.0114144785 0.015471598 6.3120015e-06 4.415142e-05 8.592696e-07 1.8516183e-06 1.3177597e-06 0.016169239 0.00038166132 6.245554e-06 0.000114196824 5.341492e-07 3.411767e-05 0.00045108874 3.2279559e-06 0.00013606471 1.245847e-05 3.2891674e-06 5.862448e-07 3.7800294e-06 2.2489785e-06 0.0003030288 9.293653e-08 3.145958e-05 1.3065587e-06 0.0003531684 0.00079693913 0.0018385894 6.4988313e-07 3.1213243e-05 3.2675946e-06 1.1320421e-06 0.0006440729 2.2791312e-06 0.000108697604 2.0407903e-07 7.359044e-05 0.0015259059 3.0680376e-06 1.54332e-06 5.91718e-07 0.00010759295 7.3774786e-06 0.0039954917 3.518135e-05 1.7467596e-07 0.00015462548 0.00014975644 0.0016888564 1.1978342e-06 0.004228128 0.00010383697 6.401368e-08
0.93077606 0.69001746 0.7398036 0.18781838 0.96325576 0.1685414 0.19315933 0.024775138 0.82019997 7.44815e-14 0.9898867 0.21820931 0.017915105 0.062452886 0.11861448 0.48480803 0.1058118 0.004980547 0.005393864 0.0032687094 0.021592265 0.0007288564 0.0049178908 0.029465046 0.0033556311 0.0038943791 0.0009962637 0.0025011231 0.0002999014 0.0012727887 0.00040003294 0.13270576 3.5067562e-05 0.00019977131 4.273552e-05 0.46989512 0.00018443348 0.59362787 0.014848116 1.5753323e-05 0.00029007875 3.9157083e-05 3.4845452e-06 1.1914832e-05 0.0001474209 1.6965514e-06 1.2767153e-05 0.00012098419 0.08965819 0.0011443705 5.1447314e-05 8.0201235e-06 3.183368e-06 5.104502e-06 1.1856552e-06 0.07871537 0.0018402841 9.107551e-07 6.200427e-06 2.8823266e-07 7.177827e-06 8.614505e-05 6.651411e-07 3.6790956e-05 9.4553013e-07 7.547804e-07 3.911498e-07 2.5885177e-07 4.0214263e-06 7.256874e-05 1.2871981e-08 4.143602e-05 9.991961e-07 0.00012240435 0.0009779083 0.0023305537 2.0950523e-07 2.7734377e-05 8.19662e-07 4.5752688e-07 0.001017173 1.3539934e-06 0.000120681354 6.736979e-08 2.0622196e-05 0.001452549 8.548526e-07 3.158777e-07 4.3694772e-08 3.9611215e-05 2.895003e-06 0.006446914 6.6563036e-05 7.016529e-08 0.0001814157 0.00012764482 0.0014281493 1.1377699e-06 0.0038063955 7.601216e-05 3.32444e-08
0.9686971 0.74017465 0.72884154 0.25540796 0.87828875 0.1887709 0.27023178 0.030333612 0.7557608 0.9898867 1.5001509e-14 0.15522712 0.03628985 0.14193797 0.099086024 0.6879005 0.187431 0.0043719606 0.0053272382 0.005891827 0.014236646 0.0006350839 0.0046831523 0.027588392 0.003233906 0.002851447 0.0015040594 0.004273296 0.00016757805 0.000566121 0.0003456731 0.13155192 8.968392e-06 0.00024948994 1.9501349e-05 0.6209685 0.000100247584 0.73181224 0.02472403 1.5600452e-05 0.00028998085 3.3525168e-05 5.41317e-06 1.1035403e-05 0.00030753203 1.3009189e-06 3.9162987e-05 0.00050689396 0.17885868 0.0009826929 0.00016072036 2.178412e-05 1.1002086e-06 1.5193756e-06 3.5832172e-06 0.12510093 0.001992482 2.7487893e-06 8.057605e-06 2.4259197e-07 1.48476765e-05 0.0001501696 1.5786386e-06 3.373666e-05 1.7316916e-06 1.40476e-06 5.0264666e-06 2.5843934e-07 4.1717616e-05 9.9342025e-05 1.3709001e-08 7.1687326e-05 4.8117868e-06 0.0001080432 0.0024702826 0.01028553 7.306985e-07 0.000220743 2.240121e-06 5.446539e-06 0.0025060475 4.0310756e-06 0.00036054265 3.4905702e-07 0.00015766751 0.001902578 1.5072628e-06 8.140011e-07 2.0305322e-07 0.00012443383 2.9242858e-06 0.011562252 0.00031053877 4.1150113e-07 0.00030934814 0.00041263454 0.0026666548 2.5453903e-06 0.0073156217 0.0023737303 2.1754953e-07
0.8715226 0.09399696 0.82099247 0.09934528 0.4992339 0.0012296555 0.002610648 0.021939272 0.0051094606 0.21820931 0.15522712 7.132067e-12 0.5036967 0.8482357 0.00039533735 0.96067536 0.9866052 0.07940222 3.5443627e-05 3.430727e-05 0.0023658895 1.4699263e-05 0.00065541046 0.00057050516 6.8806374e-05 3.1876076e-05 0.26973212 0.7326465 7.69451e-06 1.6065116e-05 2.6029213e-06 0.0014714368 1.4795878e-06 3.892281e-06 3.266537e-07 0.82937497 0.046230182 0.027877428 0.00038705542 1.2674258e-06 2.1487007e-05 1.8128202e-06 2.4698443e-07 3.91012e-06 0.0053712376 2.5804638e-08 0.00069589494 0.0019192611 0.48120624 3.6701524e-05 0.0034795362 2.3387715e-07 0.00055479095 5.2119176e-05 0.00012000444 0.19610116 0.026693165 9.487245e-08 6.612653e-07 8.0141933e-07 1.2358068e-06 2.7849683e-06 1.232366e-07 1.1470053e-06 1.2536356e-07 6.7695034e-08 9.303498e-06 5.233501e-08 2.7308326e-05 6.2943946e-06 9.5615995e-08 0.0002262331 0.00012192262 2.912438e-06 0.0035051461 0.0067628347 7.1215704e-09 0.00011574839 3.7522046e-08 1.7923558e-05 0.002023362 4.3036803e-06 0.00021621637 4.7958054e-07 3.748448e-05 0.00014301077 4.124917e-07 6.5540476e-08 1.0972589e-08 5.087364e-05 2.991647e-06 0.0004904008 0.00010789432 2.7308571e-08 2.8526981e-06 1.5411233e-05 8.413562e-05 2.0161772e-06 0.00016753092 1.0042254e-05 6.0999304e-07
0.28635803 0.0043994333 0.6060148 0.078246094 0.087207 0.00012917582 0.00012478358 0.041350447 0.0017583516 0.017915105 0.03628985 0.5036967 2.137612e-15 0.9968754 5.848522e-05 0.26563358 0.2499035 0.9622615 1.4089541e-06 2.1859405e-06 0.001654037 1.8051749e-07 0.0007433512 0.00020416382 1.1326177e-06 5.0180033e-06 0.79818326 0.09975256 3.8372366e-07 3.5695507e-08 1.6856878e-06 9.6218406e-05 7.0009787e-07 1.0830703e-07 2.3632732e-07 0.06545406 0.76911944 0.0011341673 3.354714e-05 5.3877383e-08 2.6679214e-07 2.104775e-07 4.6443695e-08 8.626154e-07 0.0050542457 3.6841301e-09 0.0015984809 0.0024244075 0.059685525 1.154253e-06 0.0044287657 1.5249695e-07 0.022324981 0.034117058 8.950982e-05 0.017568672 0.0036829696 5.2803163e-08 4.517543e-07 0.0056738257 2.1223757e-07 7.7253065e-07 1.3162695e-07 4.1471634e-07 8.397233e-07 2.772148e-08 6.0664825e-06 1.594008e-07 2.5482334e-05 4.1624898e-07 1.4992038e-07 0.0054801065 1.3483664e-06 1.3218933e-06 0.001353285 0.0010309077 1.1731612e-08 9.560009e-07 2.3971995e-07 4.75202e-06 0.00028874096 1.3329987e-05 3.811481e-05 1.8199474e-07 7.2767252e-06 6.7036046e-05 3.9553794e-07 1.9244138e-07 1.5818711e-06 2.8227428e-06 2.4833163e-05 0.00016396219 0.00013823232 1.4608181e-06 3.3939924e-07 8.896291e-06 7.8498975e-05 1.1217874e-06 5.5874087e-05 0.00036126008 1.0354702e-06
0.9565839 0.0004103066 0.75009847 0.007092813 0.23812827 5.6219695e-05 1.6906924e-05 0.0017818802 0.002463949 0.062452886 0.14193797 0.8482357 0.9968754 2.5167238e-12 6.532118e-05 0.667424 0.7359891 0.18711899 3.3365737e-08 4.3967482e-08 4.137635e-05 2.2788807e-08 2.1727084e-05 5.87505e-06 2.0256931e-07 4.990417e-07 0.74573326 0.73606753 1.2644298e-07 2.5993092e-08 1.4028997e-07 0.0004754629 7.3228456e-08 2.8194147e-08 5.1560402e-08 0.3011928 0.11179649 0.016529735 0.00010219467 1.4947146e-08 1.2759319e-08 7.0226875e-08 1.963457e-09 7.5526614e-08 0.10925561 2.5507885e-09 0.059804637 0.03477979 0.41160715 7.721631e-07 0.03472897 5.4786264e-09 0.00042483138 0.00055238965 0.0047953874 0.17606312 0.11247452 4.1989585e-09 1.9974577e-08 1.184128e-05 1.3685358e-08 1.5195356e-07 1.4323496e-07 6.459545e-07 3.9845966e-07 8.0406856e-08 0.001239405 4.1874202e-08 0.0041360613 8.228386e-07 9.448559e-09 0.0061965203 0.00018949427 1.4184697e-06 0.015860103 0.009840553 2.9987163e-08 0.00017596633 6.857417e-08 7.7676195e-06 0.012087168 8.901268e-05 0.0009063475 1.636784e-05 0.00021909746 0.00038225818 3.8879492e-07 1.567419e-06 7.3138244e-07 0.0001279478 2.2518393e-06 0.0014210702 0.007967546 2.7721376e-06 2.709085e-05 7.45131e-05 0.00030416492 9.073485e-06 0.0022828337 4.0672177e-05 7.998103e-06
0.9507892 0.23844261 0.005571639 0.009263322 0.01879396 0.90624183 0.5017404 0.00038069783 0.9138387 0.11861448 0.099086024 0.00039533735 5.848522e-05 6.532118e-05 1.4818546e-13 0.00081122946 0.00019989558 5.278242e-06 0.9450151 0.4840825 0.0067944922 0.3219275 0.0009017302 0.19842651 0.1221814 0.088778645 2.7796947e-05 1.9481458e-05 0.03101637 0.08767316 0.48448336 0.93651694 0.0007977483 0.03354496 0.057846066 0.0030301725 2.2885607e-07 0.8319405 0.7090028 0.009218372 0.034830514 0.0028595568 0.003713063 0.0023881616 1.3254992e-05 0.0016755521 1.2520936e-06 5.6668273e-06 0.002545795 0.08096245 5.001666e-07 0.0005161795 3.8585242e-07 3.573897e-08 1.4864194e-07 0.002671145 2.3785582e-05 4.9893413e-05 0.00088448357 7.875909e-07 0.00027191604 0.0011837013 7.860246e-06 0.00034683925 3.3339606e-05 6.628574e-06 8.560931e-08 3.265565e-05 4.383671e-07 0.0004056306 4.5669202e-07 7.201599e-06 5.849305e-08 0.00068027456 0.00010326243 0.0005223871 8.957309e-07 1.301035e-05 1.1143634e-05 5.0201453e-07 0.00016040952 8.3105226e-07 2.1166657e-05 1.148571e-07 3.1086187e-05 0.0013593364 1.3057764e-06 9.179858e-07 2.4221688e-06 6.996847e-05 1.3220312e-05 0.0039316416 3.1255138e-06 3.8811694e-07 0.00022684947 0.00015550686 0.0018203947 1.208624e-06 0.0045371563 1.5133272e-05 5.5192405e-08
0.90277565 0.14192899 0.65979004 0.099275336 0.4892249 0.0020248832 0.0043727276 0.012589168 0.007540366 0.48480803 0.6879005 0.96067536 0.26563358 0.667424 0.00081122946 3.1152435e-14 0.98031855 0.020112298 3.4793604e-05 3.102257e-05 0.0011382318 6.891837e-06 0.00065224164 0.00074805086 3.904976e-05 3.3069246e-05 0.04614367 0.18888634 2.508229e-05 5.1169995e-06 6.0297584e-06 0.0027288883 1.6076908e-06 4.747078e-06 7.529299e-07 0.9297479 0.008557251 0.04950899 0.000566377 1.6237142e-06 3.229306e-05 1.5041225e-06 1.05609395e-07 1.9071786e-06 0.0012338528 5.311721e-08 0.00051854405 0.0007733265 0.5286236 6.202825e-05 0.00085386686 6.73214e-07 5.6176017e-05 1.4470515e-05 7.054011e-05 0.2934442 0.024646897 8.951899e-08 7.082302e-07 5.4028142e-08 1.7696443e-06 4.5026136e-05 2.8350465e-07 8.7670915e-06 3.3483025e-07 6.2374646e-08 4.7945273e-06 7.660339e-08 0.00010991673 2.8180184e-05 2.3190767e-08 9.134081e-05 1.0350185e-05 4.190175e-05 0.0034315519 0.009745176 2.945774e-08 0.00078849704 1.5507973e-06 1.0520128e-05 0.0035835525 1.1407833e-05 0.00047988092 3.5821736e-07 0.0001682304 0.00079406233 4.6249954e-07 6.5217876e-08 2.0015833e-07 0.00025662498 2.991239e-06 0.0034837183 0.00035960946 2.6322436e-07 0.0002778954 4.9632017e-05 0.0011220261 1.8760246e-06 0.0020281211 0.00014847684 1.1039934e-06
0.83417475 0.033104837 0.4344905 0.040018685 0.21183503 0.00045647417 0.0009778229 0.0060163466 0.0023778789 0.1058118 0.187431 0.9866052 0.2499035 0.7359891 0.00019989558 0.98031855 3.4798436e-13 0.023367397 7.678632e-06 1.0649659e-05 0.0003029291 2.491487e-06 0.00025984642 8.486549e-05 9.743391e-06 3.5447138e-05 0.22100048 0.79539835 3.9178244e-06 5.81997e-06 1.5097515e-06 0.0008627229 6.4720564e-07 2.074086e-06 2.1892627e-07 0.86065775 0.02307348 0.019200483 0.00020913605 3.0513021e-07 1.3388784e-05 5.550942e-07 6.317156e-08 8.629256e-07 0.015801352 7.5056406e-09 0.0037905816 0.0034403317 0.5536274 2.6243284e-05 0.0034145843 1.06814134e-07 9.928634e-05 3.5714933e-05 0.00031827364 0.26613033 0.060611274 3.419922e-08 2.0049208e-07 2.3530563e-07 8.0413025e-07 4.7901535e-06 9.861731e-08 1.1396105e-06 1.017398e-07 4.7448687e-08 5.210983e-05 1.5128367e-07 0.0001471404 1.1204108e-05 2.9525015e-08 0.0003832459 0.0003831796 3.929012e-06 0.0062922076 0.015026058 2.6696737e-08 0.0009333259 7.293027e-07 6.10149e-05 0.0045442553 3.7838003e-05 0.0006952909 1.5191902e-06 0.00025150954 0.00036863604 1.4649358e-07 2.0008818e-08 3.6447403e-08 0.0005607287 2.8996008e-06 0.0015345963 0.0011471563 2.4607841e-08 5.795564e-05 4.2365682e-05 0.0003902076 2.8642075e-06 0.0010849764 2.1771431e-05 2.138629e-06
0.03365846 0.21894225 0.7885616 0.84307176 0.03765421 0.00015105252 0.0006598549 0.9911066 0.0005388381 0.004980547 0.0043719606 0.07940222 0.9622615 0.18711899 5.278242e-06 0.020112298 0.023367397 2.549899e-16 1.6772651e-07 3.7508434e-07 0.62587744 2.1855628e-08 0.2872448 0.0071471273 2.5684764e-07 1.712619e-06 0.15637487 0.0048891776 5.212638e-07 3.7031073e-10 1.4808377e-07 7.777419e-06 1.9309596e-06 2.2025363e-08 7.0726895e-09 0.0031282112 0.6652057 7.958329e-05 1.4025794e-06 1.05805515e-08 2.7738433e-06 1.9869306e-06 2.4710174e-09 8.672126e-08 0.0008170928 1.3109037e-09 7.228172e-06 5.3309373e-05 0.0006583526 2.3647306e-08 0.0006084918 6.219867e-09 0.039303813 0.11359374 1.9171871e-07 9.337207e-05 5.966561e-06 1.8187684e-08 9.883509e-06 0.28136048 1.0769528e-06 3.0067117e-08 2.2835889e-06 5.7307528e-09 9.18386e-07 1.370982e-07 9.905952e-09 5.8607068e-08 1.5584802e-06 8.128518e-08 2.2170893e-07 0.0016660363 4.047727e-07 2.663988e-07 7.058742e-05 0.0002521183 1.7063105e-07 1.870887e-09 2.6201457e-08 6.94969e-09 1.8292063e-05 1.5919017e-08 1.2946636e-08 1.530584e-08 1.7063309e-08 3.258118e-07 0.00015688397 1.6105408e-06 3.3331756e-07 3.679853e-09 9.5350096e-08 5.8281234e-06 1.7332322e-07 6.8480875e-07 1.4882655e-08 1.3875727e-05 8.721238e-07 2.8605618e-07 8.768212e-06 0.000106855165 3.028551e-10
0.91670316 0.0033587925 0.00023177349 0.0001755041 0.0020508454 0.7811244 0.22632034 4.350839e-05 0.41243747 0.005393864 0.0053272382 3.5443627e-05 1.4089541e-06 3.3365737e-08 0.9450151 3.4793604e-05 7.678632e-06 1.6772651e-07 1.2217578e-15 0.9800128 0.003475727 0.9359424 0.00011123541 0.08353751 0.07021373 0.071004696 2.5008532e-07 2.7683384e-06 0.06612767 0.3404454 0.7729875 0.6955737 0.0045274156 0.27824965 0.11825504 0.00069376716 2.9596452e-08 0.36733428 0.76597095 0.03142366 0.21604957 0.0270263 0.020098988 0.05357194 9.1009787e-07 0.04732783 4.1563233e-08 2.84363e-07 0.0003009265 0.31042552 3.1861876e-07 0.0029059667 6.4749486e-08 1.0604776e-08 1.606154e-08 0.0002510796 1.3896059e-06 0.0004703982 0.0027049857 1.18500125e-07 0.00069827784 0.0012558171 2.9821771e-05 0.00073810504 9.732271e-05 5.1528014e-06 1.9894463e-08 6.9781694e-05 6.1204624e-08 0.0006357544 4.1902462e-07 2.672434e-05 1.12540214e-07 0.00031760844 2.8479997e-05 0.00019338896 1.6036155e-07 4.197356e-06 9.5178166e-07 4.570761e-08 8.984104e-05 5.353006e-07 1.6367113e-06 3.4709586e-07 6.7882735e-07 0.0007426387 1.3729367e-05 4.2951413e-07 5.5181647e-07 1.4081971e-05 1.412582e-05 0.0015267349 1.4785115e-06 4.7122316e-07 5.9587688e-05 0.00011654848 0.00039248518 1.8932574e-06 0.003779927 1.1826675e-05 1.5033572e-07
0.6962157 0.0067043756 0.00016404118 0.00025852083 0.0013819454 0.67274034 0.5825873 0.00012490906 0.15565181 0.0032687094 0.005891827 3.430727e-05 2.1859405e-06 4.3967482e-08 0.4840825 3.102257e-05 1.0649659e-05 3.7508434e-07 0.9800128 1.4049277e-13 0.01763777 0.982525 7.365433e-05 0.27797464 0.51258636 0.27915087 4.556988e-07 3.292962e-06 0.4693236 0.8993001 0.26225653 0.28430983 0.05599263 0.08493843 0.023196382 9.165529e-05 3.9531773e-07 0.08967201 0.32777733 0.010286275 0.79333454 0.11779728 0.0077556027 0.12180353 1.7872306e-06 0.04745002 1.5570933e-07 1.4958056e-06 4.3751843e-05 0.046348806 7.584217e-06 0.00012423263 2.3348917e-07 2.4556686e-08 1.3657464e-07 0.00011423887 2.9244559e-06 2.1959311e-05 0.00067987794 1.3279778e-07 2.868725e-05 6.5867156e-05 9.792711e-07 0.00028960637 3.9568058e-05 9.4245576e-07 9.8159596e-08 4.0890263e-06 1.7169986e-06 7.46172e-05 4.384164e-07 9.301292e-05 2.616177e-07 0.00027573647 6.111123e-05 0.00013863592 1.00344316e-07 1.3032678e-05 4.5537732e-07 1.5476289e-07 1.8533296e-05 9.0027115e-06 2.9178814e-06 2.5323664e-06 1.3681508e-06 0.00017166384 1.4949885e-06 1.0270198e-07 6.779229e-07 1.5631773e-05 8.054078e-06 0.0005979456 3.863586e-06 4.9454457e-07 7.072845e-07 0.00022196189 6.335978e-05 6.0804364e-06 0.0002783492 5.047574e-06 7.476485e-07
0.021515941 0.9363956 0.095686935 0.3008099 0.07150459 0.18410186 0.5226114 0.92226696 0.08822547 0.021592265 0.014236646 0.0023658895 0.001654037 4.137635e-05 0.0067944922 0.0011382318 0.0003029291 0.62587744 0.003475727 0.01763777 2.2106884e-16 0.0018717205 0.9999814 0.8310398 0.002212729 0.0028387243 3.4762174e-06 3.1689455e-05 0.00019188365 0.0002160828 0.0019066966 0.0013893271 0.0010548243 3.814219e-05 9.416881e-06 0.0001511159 1.6721096e-05 0.0007265173 0.00020861693 4.643573e-06 0.00016147023 2.1584316e-05 1.1247794e-06 2.6544742e-06 2.6930331e-06 1.174741e-06 7.2918726e-07 8.696335e-06 1.6084769e-05 2.3912313e-05 1.8910404e-07 1.3519892e-05 1.5049108e-07 6.705053e-06 3.7964836e-07 1.2258922e-05 4.760381e-07 9.739084e-07 7.9166267e-07 0.11918882 1.52178e-06 4.7854005e-06 2.2374818e-06 6.627344e-07 4.7419694e-06 4.5593456e-08 1.983514e-07 7.9026755e-08 2.5040225e-07 1.8141061e-05 2.193393e-08 5.3388717e-06 1.570189e-07 1.899726e-05 4.6649784e-05 1.3281361e-05 4.786114e-07 1.16667074e-07 4.065771e-07 1.8857529e-07 4.9142827e-06 5.938187e-07 1.5695468e-07 1.5514593e-07 1.1396534e-07 8.774481e-05 2.8406376e-07 1.5355074e-07 1.0210708e-06 1.5760376e-08 3.897821e-07 6.6939836e-05 3.4284537e-07 5.2616574e-06 6.9299185e-06 6.9863627e-06 4.5241308e-05 1.4200607e-07 9.6307354e-05 3.6429124e-06 1.6342858e-10
0.724968 0.00033615134 3.2968543e-05 2.6190779e-05 0.0001427538 0.08814692 0.06382479 1.0890616e-06 0.034055926 0.0007288564 0.0006350839 1.4699263e-05 1.8051749e-07 2.2788807e-08 0.3219275 6.891837e-06 2.491487e-06 2.1855628e-08 0.9359424 0.982525 0.0018717205 5.3235354e-16 4.1024123e-06 0.08045378 0.18938199 0.08157924 5.5616155e-08 1.7112728e-07 0.26121876 0.8721722 0.568 0.15592572 0.039143525 0.8361628 0.1567225 1.1384662e-05 5.781982e-09 0.03204679 0.3852486 0.10753964 0.94940275 0.6484674 0.24366705 0.3693264 6.6890186e-07 0.69479436 5.186815e-08 9.587628e-07 2.1065223e-05 0.17930661 7.3576157e-06 0.02418772 6.5418085e-08 1.7270967e-08 1.1426107e-08 4.1444553e-05 2.2266863e-07 0.0051692133 0.113739 2.0029686e-06 0.003730092 0.0018976665 0.0012480161 0.0012579478 0.0006452936 0.00021685676 1.0019739e-08 0.002104087 6.788056e-08 0.000983853 8.822922e-05 1.9737472e-05 5.292903e-07 0.00086667115 2.7275723e-06 0.00010247105 2.7612432e-06 3.135714e-07 2.179183e-05 1.167108e-07 5.1700836e-06 8.961329e-08 5.588327e-08 1.847276e-08 4.97502e-07 0.00026463432 7.75642e-06 1.4102177e-06 2.7357515e-05 7.9302276e-07 1.6366637e-05 0.0005336818 3.237184e-07 5.54755e-07 2.6651496e-05 0.00084403966 0.00022061549 4.8073703e-06 0.0011119033 0.00022414824 1.20854216e-08
0.01250084 0.56153333 0.035724483 0.13296512 0.018821977 0.02392899 0.11935708 0.67763543 0.012593641 0.0049178908 0.0046831523 0.00065541046 0.0007433512 2.1727084e-05 0.0009017302 0.00065224164 0.00025984642 0.2872448 0.00011123541 7.365433e-05 0.9999814 4.1024123e-06 1.2048047e-15 0.20058343 2.7960243e-05 0.00040596438 8.910148e-06 9.530642e-07 1.6088514e-05 9.981623e-06 7.4779014e-06 8.186442e-05 4.8188525e-05 3.7973184e-06 7.422918e-07 2.7456914e-05 7.4068193e-06 0.00017082605 1.10778965e-05 7.000514e-08 4.8684883e-06 3.5357045e-06 1.17725264e-07 3.8971106e-07 2.4471497e-06 4.3736964e-08 3.4066687e-07 4.55124e-06 1.8955203e-05 9.1844676e-08 7.079958e-07 6.891334e-07 5.607244e-07 8.51863e-06 5.365167e-08 1.3238039e-05 6.056569e-08 2.7446703e-07 1.9290873e-08 0.6455066 1.3168099e-06 2.1002695e-07 1.8446204e-07 4.1537795e-08 1.4415976e-06 1.457755e-08 1.312141e-07 1.852187e-08 3.817173e-07 1.5507551e-07 3.5621963e-09 5.280755e-06 2.797879e-08 5.6048833e-08 5.9614194e-06 0.00012048724 4.679011e-08 1.289505e-09 7.132296e-07 6.1882986e-08 2.85018e-06 6.9051094e-07 3.8428492e-08 7.921294e-09 8.889773e-09 4.0356394e-07 1.477019e-06 6.4635935e-07 1.2279e-07 9.8379225e-09 1.0491028e-06 7.843825e-06 2.5222013e-07 1.7476293e-07 1.9158986e-07 4.959989e-05 1.656483e-06 6.854955e-09 9.391114e-06 6.310536e-05 2.298575e-10
0.15061538 0.25243464 0.0073863426 0.009590693 0.039568752 0.4826609 0.9557476 0.09555017 0.22406629 0.029465046 0.027588392 0.00057050516 0.00020416382 5.87505e-06 0.19842651 0.00074805086 8.486549e-05 0.0071471273 0.08353751 0.27797464 0.8310398 0.08045378 0.20058343 6.6245144e-16 0.3417376 0.9996519 1.6149764e-06 1.8847175e-05 0.060961094 0.003513143 0.006221295 0.041542623 0.004183343 0.0006071406 0.00051304203 0.000690959 2.4139088e-06 0.032625947 0.024227971 0.0002462355 0.0005840541 7.252986e-05 1.0446047e-05 1.5810032e-05 9.33308e-06 7.335308e-06 8.595643e-06 2.0616924e-05 0.00030067493 0.0002923433 2.4227465e-06 3.8114752e-06 2.0050804e-08 3.3070269e-06 6.299205e-06 0.0006724277 7.786228e-06 6.1265882e-06 2.471325e-06 4.4029435e-05 6.9951425e-06 2.7057426e-06 1.7044324e-05 3.726598e-07 6.9549055e-06 1.0606157e-07 2.3928555e-05 2.1551672e-07 1.0966543e-06 2.7672907e-06 1.324756e-07 1.220146e-06 5.588242e-06 5.78994e-07 0.00039245465 0.0003801219 8.0331134e-08 2.0832813e-07 3.1688603e-07 5.3448446e-07 0.00013288844 1.3850533e-06 4.276826e-07 9.711521e-07 6.744667e-08 3.9119254e-06 2.3729308e-08 7.920327e-07 2.2466986e-07 1.17641434e-07 5.1210384e-07 0.0002507453 1.3542409e-05 3.1554152e-06 6.097046e-07 9.581714e-07 4.8731295e-06 1.2698066e-08 8.013178e-05 4.7884086e-08 8.304524e-11
0.09199053 0.012094549 0.00061970163 0.000314491 0.002627921 0.40430275 0.81144994 0.00020857932 0.09673832 0.0033556311 0.003233906 6.8806374e-05 1.1326177e-06 2.0256931e-07 0.1221814 3.904976e-05 9.743391e-06 2.5684764e-07 0.07021373 0.51258636 0.002212729 0.18938199 2.7960243e-05 0.3417376 4.012057e-17 0.99344355 1.1354876e-07 7.717818e-07 0.99640596 0.17123239 0.011742226 0.036442205 0.028791053 0.0026651283 0.00079384353 6.3998373e-06 1.2061615e-07 0.013680761 0.03405729 0.00038143864 0.0028380097 0.0011156661 0.00035547037 0.0008452887 8.7409387e-07 0.00069527933 1.2734795e-07 9.786694e-06 1.4096295e-05 0.00074987503 9.129479e-06 0.000103405226 1.1176648e-09 3.90632e-09 3.90481e-08 1.5750496e-05 2.4068186e-07 2.1871841e-05 9.1237205e-05 5.853166e-08 1.183313e-05 4.260443e-06 7.366171e-05 2.355087e-06 8.20238e-06 1.4173096e-06 4.7264177e-07 4.2638003e-06 2.5020339e-07 3.3885806e-06 2.4527583e-07 8.578993e-06 4.6070872e-07 1.1905613e-06 8.915571e-06 0.00011233763 3.8172678e-07 3.182061e-09 6.2248284e-07 3.912877e-06 1.3602533e-05 4.5224823e-07 4.6082537e-08 1.6057916e-07 9.7613125e-08 3.2345843e-06 5.68857e-07 4.5812064e-07 3.7808838e-06 8.892486e-09 1.3247587e-05 0.00012275751 3.404207e-07 2.0820887e-06 2.0561113e-06 1.422654e-05 7.115315e-06 3.1930168e-07 0.00017287215 4.7272522e-05 1.0260339e-09
0.074950635 0.048091363 0.0004516031 0.000208853 0.0025770152 0.41722527 0.7048946 0.00037746923 0.08021792 0.0038943791 0.002851447 3.1876076e-05 5.0180033e-06 4.990417e-07 0.088778645 3.3069246e-05 3.5447138e-05 1.712619e-06 0.071004696 0.27915087 0.0028387243 0.08157924 0.00040596438 0.9996519 0.99344355 3.8460892e-16 6.505162e-07 1.3431762e-06 0.7016404 0.0151986275 0.012055229 0.024560861 0.02388127 0.00051166944 0.0004180248 1.2218852e-05 3.2714001e-07 0.007685956 0.010775344 0.00014265036 0.0011256019 0.00050400634 2.3177889e-05 0.00012819612 2.6848065e-06 0.00011089256 6.763118e-07 2.9961725e-06 3.6281686e-05 0.0002761781 7.1280024e-06 2.9301693e-05 7.761965e-09 1.2921869e-08 2.3658993e-06 3.2076274e-05 7.3982886e-07 9.968952e-06 5.731609e-06 1.7414611e-06 1.5107016e-05 4.851969e-06 5.2739147e-06 1.7499411e-05 6.9265065e-05 2.6630966e-07 1.4336225e-06 1.3678676e-06 1.0334271e-06 4.4839285e-06 3.687948e-07 4.8999154e-06 3.9828183e-07 1.07724e-05 2.981708e-05 0.00029873935 7.6946895e-07 1.9122215e-08 1.0270815e-05 1.3070522e-06 2.0669117e-05 7.400105e-06 2.4694458e-07 4.3541635e-07 1.7836828e-07 2.0298721e-05 1.3545101e-06 2.544451e-06 3.1549487e-06 2.0291415e-08 6.2306285e-06 6.2491024e-05 4.391682e-06 7.888203e-06 1.7187155e-06 1.0753657e-05 5.5614175e-05 6.350378e-08 4.6172478e-05 2.8745663e-07 3.678485e-09
0.7171042 6.062067e-05 0.0072859125 0.00026198686 0.0020908958 5.1395135e-05 4.614829e-06 4.6278365e-05 0.00043903422 0.0009962637 0.0015040594 0.26973212 0.79818326 0.74573326 2.7796947e-05 0.04614367 0.22100048 0.15637487 2.5008532e-07 4.556988e-07 3.4762174e-06 5.5616155e-08 8.910148e-06 1.6149764e-06 1.1354876e-07 6.505162e-07 4.6177488e-15 0.8875917 8.6691625e-07 2.946156e-08 3.6736432e-07 3.439523e-05 4.2720643e-07 3.3225405e-07 2.930296e-08 0.119108856 0.9949078 0.00081616646 8.133039e-06 1.2320259e-08 3.1233785e-07 1.17912336e-07 9.128123e-09 6.17836e-07 0.54938847 4.3297714e-08 0.36053002 0.5453993 0.36835754 1.8023897e-07 0.94176304 1.1346512e-08 0.08859293 0.008525471 0.105333105 0.10173408 0.46209392 1.5573821e-08 3.887178e-07 9.433947e-05 1.867662e-07 2.9080874e-07 2.452341e-06 8.233281e-08 1.0467442e-06 5.357593e-07 0.033377945 1.3014618e-07 0.06553117 3.5458834e-07 1.13886244e-07 0.39888746 0.019530967 1.356858e-06 0.031628508 0.040242344 1.3184548e-06 0.0010189017 4.816281e-08 0.0017012542 0.01267108 0.0069423355 0.0025548926 0.0035681096 0.0041613034 2.8195911e-05 4.5838487e-06 1.0570009e-05 5.2801606e-06 0.0014178591 2.2559996e-07 0.0007200507 0.0148531925 3.5501894e-06 1.0398372e-06 0.000821086 0.00036203954 8.248933e-07 0.000806954 0.00011453383 0.0012416072
0.8935949 0.00033929042 0.011145001 0.0015159043 0.003055248 8.866024e-05 0.00010034524 9.211499e-05 0.00024800914 0.0025011231 0.004273296 0.7326465 0.09975256 0.73606753 1.9481458e-05 0.18888634 0.79539835 0.0048891776 2.7683384e-06 3.292962e-06 3.1689455e-05 1.7112728e-07 9.530642e-07 1.8847175e-05 7.717818e-07 1.3431762e-06 0.8875917 1.8595441e-14 1.5250648e-06 6.223172e-07 1.5830179e-06 0.0005493869 2.2584128e-07 4.3514862e-07 6.790349e-08 0.87733 0.06688806 0.0050505674 9.228152e-05 2.558534e-07 3.4175262e-06 1.2044235e-07 2.5984317e-08 1.7547872e-07 0.97642803 1.846603e-08 0.7698541 0.68486685 0.8223964 9.653435e-06 0.22251529 2.6953956e-07 0.0033028352 6.179303e-05 0.07152079 0.41642067 0.8145747 1.34189e-07 7.011496e-07 4.187851e-08 4.8105253e-06 5.1763886e-06 8.7778155e-08 3.0565434e-06 3.0651762e-07 2.6196057e-08 0.0012771101 2.498997e-08 0.0067023425 7.7054965e-06 6.3909376e-08 0.004307902 0.0025465027 3.1303658e-05 0.02938965 0.022773366 9.7313084e-08 0.0028789204 1.6045525e-06 4.7567013e-05 0.012800725 4.6420213e-05 0.0035941424 2.6606596e-05 0.0004882987 0.00052529253 4.5476238e-05 5.543271e-07 2.2285514e-07 0.00061360124 5.6470444e-06 0.0033615984 0.005450528 1.0761746e-06 1.7414122e-05 4.522513e-05 0.0005874457 2.5057868e-06 0.0017769403 0.00022670976 4.0076226e-05
0.013734279 0.0004224616 4.1762316e-05 8.889905e-06 0.00015062484 0.15353766 0.59522057 2.7076516e-05 0.013684427 0.0002999014 0.00016757805 7.69451e-06 3.8372366e-07 1.2644298e-07 0.03101637 2.508229e-05 3.9178244e-06 5.212638e-07 0.06612767 0.4693236 0.00019188365 0.26121876 1.6088514e-05 0.060961094 0.99640596 0.7016404 8.6691625e-07 1.5250648e-06 2.4935602e-15 0.7682669 0.023117896 0.009029475 0.9893739 0.0036428592 0.0015928055 9.880078e-06 6.3168784e-08 0.0019419718 0.0069760797 0.0011584802 0.016859276 0.0013015333 0.0002546012 0.00048592762 1.7947544e-06 0.0005311735 1.5552465e-06 7.951717e-06 9.211565e-06 0.0011974836 0.00012844821 0.00019503236 5.9915672e-09 8.6164595e-09 1.545261e-06 1.0007902e-05 7.4897235e-07 3.6058853e-05 6.6955035e-05 7.3718974e-07 7.925186e-05 1.9599194e-05 9.025939e-06 3.7195714e-05 3.490221e-05 9.265321e-07 9.4501274e-07 7.830737e-06 4.0865956e-07 2.8153325e-05 1.525174e-06 9.372005e-06 3.594783e-06 7.583708e-05 4.573236e-05 0.00014577426 1.1585563e-06 4.6240203e-09 5.9504687e-06 6.9043235e-06 6.220146e-05 3.3337492e-06 5.067032e-07 4.0053374e-07 6.018394e-08 2.3561799e-05 1.107147e-06 6.117997e-07 3.2991327e-06 5.4341673e-09 2.865937e-06 9.2392744e-05 1.2686737e-06 2.0995258e-06 1.0334208e-05 7.8720426e-05 2.97547e-05 1.9751367e-07 5.897968e-05 8.276904e-06 4.728532e-09
0.21571662 8.663832e-05 1.4619967e-05 1.6105483e-06 0.0004781687 0.2520817 0.7804232 2.036713e-07 0.033123598 0.0012727887 0.000566121 1.6065116e-05 3.5695507e-08 2.5993092e-08 0.08767316 5.1169995e-06 5.81997e-06 3.7031073e-10 0.3404454 0.8993001 0.0002160828 0.8721722 9.981623e-06 0.003513143 0.17123239 0.0151986275 2.946156e-08 6.223172e-07 0.7682669 3.351472e-16 0.11097513 0.028406609 0.9973096 0.15224466 0.024576038 3.2020293e-06 1.8215006e-08 0.0062556406 0.06425745 0.020423917 0.6788767 0.036664505 0.06633088 0.019301873 1.9704369e-07 0.02362905 1.2677866e-07 1.0071703e-06 9.876735e-06 0.0207812 4.365029e-08 0.009185174 1.4041002e-09 1.0661801e-09 3.242231e-08 2.381343e-05 9.2235105e-08 0.0016425643 0.0032379793 1.5633323e-07 0.00033823802 0.00020877615 0.00019195833 0.00043118602 0.00024763477 1.1072774e-05 2.534008e-07 0.0010843804 2.8730655e-08 0.00020969345 4.9808554e-05 2.8397992e-06 1.4163847e-07 0.00015014854 7.7845125e-06 0.00012703627 1.3402722e-05 7.854236e-10 4.5967845e-06 2.5933235e-07 2.5043879e-05 4.3672777e-08 2.81749e-08 5.4264564e-07 1.4618396e-08 3.711765e-05 6.8639633e-07 6.8780776e-07 1.757851e-05 6.7722628e-09 7.907938e-06 0.00023869489 2.6366141e-08 1.0843654e-05 5.506859e-06 4.7730875e-05 7.103176e-05 1.1224166e-06 0.0013576308 7.0397873e-06 1.279845e-10
