1.4011364e-16 0.97057873 0.9739837 0.96022207 0.9871545 0.9619591 0.96468884 0.952061 0.9731253 0.9412092 0.9450161 0.99015826 0.9604058 0.97909665 0.9658766 0.94756186 0.8836317 0.83586997 0.969021 0.8545341 0.69291127 0.9934807 0.6673091 0.8506555 0.9665484 0.86525524 0.44453475 0.98302436 0.98557657 0.9198376 0.6529871 0.4668114 0.9414145 0.7236914 0.80923855 0.8836375 0.7838562 0.30282444 0.9998957 0.91996986 0.9396512 0.6041287 0.64316195 0.009001841 0.8672452 0.8796989 0.9999647 0.915556 0.5124167 0.93565685 0.9907183 0.58503944 0.37392417 0.8949795 0.9663957 0.629709 0.6992939 0.9686751 0.7379957 0.9958845 0.9218529 0.84090424 0.91431236 0.7587684 0.0057782684 0.010862736 0.9967425 0.007139208 0.13861445 0.6956771 0.552988 0.8404846 0.07448802 0.009712337 0.9519103 0.52218425 0.15316267 0.754761 0.68505234 0.7282691 0.0048701214 0.715013 0.09832862 0.9990307 0.15820466 0.36276138 0.92129403 0.0042461003 0.42944178 0.5316669 0.072382316 0.012654904 0.0005797826 0.0011485186 0.29064238 0.00095109036 0.0025779689 0.0055328906 0.77078146 0.0039800317 0.014027099
0.97057873 5.771363e-12 0.96218956 0.7260142 0.28137892 0.14516792 0.69794035 0.88470906 0.030842032 0.9596739 0.53738 0.020595336 0.8656111 0.5083732 0.14811182 0.5923157 0.005014077 0.047506396 0.0017587271 0.8339456 0.0013809319 0.002381467 0.00052871095 0.0009071638 0.098735824 0.0017249375 0.2871598 0.0071326443 4.9869726e-05 4.9718285e-05 0.0007199999 0.06661034 8.873227e-06 0.00013659713 0.6170042 0.002206058 0.0026931157 0.13742018 0.13761654 3.9135582e-05 1.1298807e-06 0.19321272 2.1638687e-05 0.011576982 1.8702021e-05 1.7064945e-05 0.026497062 4.6364774e-05 0.00034627027 0.0008312057 0.0008580217 0.00013414942 0.44745156 0.00056214526 0.00028882 4.9109326e-06 0.00014414247 0.0027118963 7.761862e-05 0.0007223965 4.538887e-06 4.7928883e-05 1.9425894e-05 7.0139336e-06 0.0041038073 0.0038594562 0.00027598615 0.000115007 0.00018517545 1.1169084e-05 6.6831685e-06 1.9769835e-05 1.7397986e-05 0.0021627455 2.2677482e-06 2.874525e-07 1.357647e-07 9.7759534e-05 0.0007146254 0.0003827997 1.5412366e-05 6.9581057e-07 0.00014886774 0.00017222676 1.090079e-06 1.9177689e-05 1.1149555e-07 2.700141e-06 2.1045432e-08 1.5148969e-05 9.683498e-07 4.9070354e-07 3.1200905e-06 5.1248153e-05 2.379596e-06 0.0006574836 0.0007934768 3.8852653e-07 1.3475005e-07 5.020002e-07 2.9767838e-07
0.9739837 0.96218956 1.0592832e-11 0.9434088 0.654278 0.7123853 0.93748486 0.08195936 0.16375524 0.6316722 0.016532786 0.06683942 0.55955833 0.219913 0.005077212 0.050638653 0.027359577 0.3407496 0.0033896586 0.8830642 0.014179627 0.000273806 0.003123489 6.7579866e-05 0.05668821 0.00026072643 0.25761732 0.005891493 3.9507468e-05 2.8873423e-05 0.0029865843 0.20149414 6.1371084e-06 0.0006358954 0.28248227 0.00067684974 0.033470403 0.22784644 0.09029307 0.00013278773 1.386063e-06 0.062383443 9.47978e-05 0.014620539 0.0001729797 4.3814685e-05 0.010463721 2.0979176e-05 0.00017202078 0.00020492285 3.8253624e-05 2.7396729e-05 0.2660773 0.00018811933 2.2306014e-05 1.13720735e-05 0.0017611877 0.00037118254 2.6860769e-06 0.00014733586 6.599297e-05 5.366555e-06 3.3927615e-06 1.7965192e-05 0.00018712378 0.00022306749 3.182371e-05 0.00035212736 3.4827728e-05 2.2080217e-06 8.982965e-07 2.5686077e-06 4.1377378e-05 0.004863018 5.6456577e-07 6.1658305e-08 2.1435245e-07 1.01071655e-05 0.00018938624 6.0554743e-05 3.804098e-05 2.132986e-07 2.1526139e-05 1.9105217e-05 3.9993356e-06 1.2170768e-06 6.8309305e-08 1.7683521e-06 8.634132e-08 6.718956e-06 2.490488e-07 1.5473454e-07 3.999671e-06 2.291107e-05 2.6913654e-07 0.0002975395 0.00018234803 1.415727e-07 3.677657e-07 1.8459041e-06 2.3562933e-08
0.96022207 0.7260142 0.9434088 1.3760137e-12 0.9366175 0.9381769 0.9210777 0.0054738675 0.8234182 0.44290292 0.0014020771 0.6342197 0.3897523 0.14528514 0.00053311256 0.006181802 0.4830312 0.65449953 0.04568499 0.56762457 0.20908797 3.9000668e-05 0.031298235 5.525413e-06 0.2012755 2.2793341e-05 0.078289405 0.02388344 0.00022487427 0.00037173604 0.018148625 0.25196037 5.204909e-05 0.0035849113 0.038007647 0.00028376718 0.12816095 0.096931614 0.11704223 0.0011124226 7.39174e-06 0.004791692 0.00036596673 0.005339753 0.0011891839 0.00016858053 0.010343064 8.9452216e-05 6.28567e-05 0.00084399176 9.778149e-06 1.666064e-05 0.036069836 0.00072977657 8.168157e-06 2.1804364e-05 0.016127896 0.00022279832 1.3693916e-07 0.0006874269 0.0004167938 1.0944696e-06 4.5549675e-07 3.8354774e-05 1.51380655e-05 2.0351717e-05 0.000111344416 0.000544749 9.836047e-05 3.5592697e-07 7.070023e-08 1.9062447e-05 0.00040006844 0.0022449393 4.473801e-06 2.2002662e-07 3.2065782e-07 4.3160726e-06 5.854733e-05 2.3120932e-05 0.0011695443 7.4102104e-08 8.1489625e-06 7.206944e-06 1.48211775e-05 2.6005006e-07 9.53206e-09 1.07856806e-07 3.928948e-08 2.7991257e-06 6.37803e-08 4.1629465e-07 3.9653296e-06 6.565638e-05 1.5034118e-07 0.00014741624 4.326018e-05 3.0104356e-08 6.7701967e-07 4.438706e-06 2.0319145e-08
0.9871545 0.28137892 0.654278 0.9366175 4.2299986e-11 0.91027415 0.876872 0.0026009597 0.9094297 0.34610328 0.0008190995 0.78015476 0.28528297 0.10035768 0.00036359174 0.0060521294 0.7497411 0.78357065 0.1251981 0.47743323 0.4230604 5.159152e-05 0.13299127 8.192833e-06 0.25914288 5.278849e-05 0.046373967 0.03996243 0.00075433607 0.0024010586 0.086590685 0.22286996 0.000120002966 0.016170494 0.02839269 0.00030520986 0.32269686 0.068507545 0.108131856 0.0060994043 6.797078e-05 0.0037667544 0.0010744841 0.0048297476 0.018484045 0.0009358318 0.009596516 0.000471691 4.7589518e-05 0.0013771529 5.2404466e-05 1.4866875e-05 0.020827612 0.0021963366 1.7882545e-05 0.00017570355 0.057500206 0.00039292072 2.0133054e-07 0.0010069885 0.011603914 6.036732e-06 3.2050143e-06 0.00032550734 1.7034086e-05 2.0464775e-05 0.00014247511 0.00068931264 0.00037275508 1.4443651e-06 7.2121725e-07 2.7215432e-05 0.0014349481 0.0022742131 4.7276262e-05 9.982771e-07 2.2095298e-06 6.8700897e-06 0.00028282884 9.0519345e-05 0.0016537525 3.1195177e-07 4.1998763e-05 1.977127e-05 0.000107869826 2.4071776e-06 4.5685997e-08 8.9428926e-07 2.6337554e-07 4.9691957e-06 1.2208981e-06 1.0737706e-06 1.4033653e-05 9.50878e-05 5.5121683e-07 5.2629195e-05 2.7436396e-05 1.2605433e-07 6.388415e-06 1.759951e-05 2.1660321e-07
0.9619591 0.14516792 0.7123853 0.9381769 0.91027415 1.3265592e-12 0.8486651 0.0005962435 0.7989522 0.08709699 0.00020083667 0.67481714 0.13895743 0.04086713 0.00011730485 0.0006520091 0.71314186 0.955261 0.051128585 0.5798978 0.5420357 5.994074e-06 0.12464621 3.1491236e-06 0.063730255 4.344269e-06 0.07334383 0.009607885 0.00024022104 0.00037470236 0.108444385 0.55609924 4.323065e-05 0.01998516 0.024833038 4.135446e-05 0.48467246 0.15082932 0.057785828 0.003635876 7.376262e-06 0.0016342183 0.00058522937 0.010623996 0.0063762465 0.00022249045 0.0034391326 8.193667e-05 1.7768478e-05 0.00012613462 2.4100123e-06 5.7951074e-06 0.024495533 0.00021946865 1.5205193e-06 2.4426461e-05 0.05407828 3.8105576e-05 4.8672394e-08 0.00017492945 0.004047052 5.7536545e-07 1.5427776e-07 0.000113928574 2.0146895e-06 1.6122027e-05 2.489524e-05 0.002471237 5.013629e-05 2.3312805e-07 4.7435023e-08 8.0606405e-06 0.0015214869 0.0036104363 4.1720855e-06 3.759987e-07 2.9539956e-07 6.8510866e-07 3.885292e-05 3.635898e-06 0.004654099 1.5294613e-07 6.320067e-06 2.9429214e-06 1.2721311e-05 4.7429413e-08 3.7366976e-09 7.8664664e-07 1.7974804e-07 4.6060745e-06 9.505847e-08 6.287624e-07 7.2040993e-06 0.00011997526 3.6145647e-07 0.00012524879 4.708405e-05 2.8921178e-07 2.6727641e-06 9.8467235e-06 1.3856643e-07
0.96468884 0.69794035 0.93748486 0.9210777 0.876872 0.8486651 2.4281159e-11 0.0044065737 0.4022476 0.18987617 0.002511827 0.3335214 0.33062238 0.099109486 0.0005618097 0.004959722 0.045635384 0.8307809 0.010057979 0.97421944 0.028844725 3.578435e-05 0.0048071304 1.1875116e-05 0.029010119 4.212729e-05 0.32840338 0.003157419 7.127292e-05 2.2355505e-05 0.019022176 0.8146589 8.921772e-06 0.0009850712 0.09900446 0.00013857087 0.20144793 0.4667253 0.045644734 2.679628e-05 9.070469e-07 0.015470048 5.3617074e-05 0.019135188 0.0003100972 7.413092e-05 0.0020641962 1.742527e-05 0.00012860792 2.4883231e-05 5.5167307e-06 2.4749066e-05 0.104290895 0.00013282572 1.0048471e-05 1.6678231e-06 0.0054152235 4.3087504e-05 7.464224e-07 5.2942003e-05 0.00017508349 2.7550354e-06 7.60389e-07 9.252276e-06 8.532367e-05 0.00030741186 7.0275855e-06 0.0032797083 1.0185446e-05 1.8016277e-06 4.6388348e-07 1.5938051e-06 0.0004730312 0.008879898 6.729825e-08 4.9824536e-08 7.9851155e-08 9.72329e-07 1.4235334e-05 2.4741078e-06 0.0024979347 6.5867914e-07 3.366895e-06 4.1857834e-06 2.1782366e-06 3.807829e-07 7.638654e-09 9.272323e-07 5.548806e-08 1.0896434e-06 5.6265737e-08 7.883319e-07 1.5679145e-05 5.5908622e-05 1.8857918e-06 0.00046965812 0.00036613917 1.6553956e-07 1.0692906e-06 2.5044646e-05 2.440953e-07
0.952061 0.88470906 0.08195936 0.0054738675 0.0026009597 0.0005962435 0.0044065737 4.8150015e-13 0.000246379 0.6990595 0.9704033 0.00036663006 0.5096543 0.20390247 0.8544797 0.98364097 1.2716033e-05 0.00024827372 4.7849786e-05 0.08340333 4.3818422e-06 0.018906482 1.8507482e-06 0.010284726 0.038136862 0.05054984 0.043286514 0.00085514504 4.922934e-07 2.6907622e-07 1.1772493e-05 0.0010647512 2.597635e-07 2.1163678e-06 0.6785474 0.15713674 0.00012481272 0.0036298288 0.14912455 7.0254075e-08 2.2798849e-08 0.46111467 2.2742424e-07 0.0009894642 6.263801e-08 8.0765267e-07 0.02385554 5.3968974e-06 0.0061704144 6.7783505e-05 0.0002760314 0.0030609933 0.39731702 3.826384e-05 0.00012624293 9.2934755e-08 8.5725367e-07 0.0011067523 0.103390515 8.762456e-05 3.440295e-08 5.814692e-05 7.777857e-06 5.694807e-07 0.2673109 0.029089386 5.543197e-05 3.1701667e-05 4.0841664e-06 6.1070286e-06 9.548532e-06 2.3962066e-06 4.905603e-07 8.139957e-05 6.874009e-08 3.6076138e-08 1.1102417e-08 0.00026266783 5.7754085e-05 0.00019629564 1.1657209e-05 8.32261e-07 0.0016361246 4.2580727e-05 2.0364228e-08 1.3563055e-06 1.9226297e-08 7.957369e-06 7.324839e-09 3.45284e-05 7.595302e-07 1.0143061e-06 1.5340636e-06 1.25750685e-05 1.8326714e-06 0.0007068544 0.0031913307 7.771083e-07 8.624784e-08 2.666806e-06 1.5304716e-06
0.9731253 0.030842032 0.16375524 0.8234182 0.9094297 0.7989522 0.4022476 0.000246379 2.0521921e-11 0.06041041 0.0001003259 0.9662922 0.0735747 0.03731512 7.4062584e-05 0.00064616284 0.96669984 0.6954297 0.6699931 0.067991436 0.75925344 1.6014592e-05 0.4040712 6.0614634e-06 0.24943095 1.0048241e-05 0.0040848036 0.068896994 0.0040171165 0.026106983 0.21941432 0.05547955 0.0023283756 0.07817676 0.0017611297 6.833469e-05 0.22440787 0.009583128 0.08262909 0.03890241 0.00036649863 0.00032169878 0.0035739283 0.0004208292 0.044541627 0.0040460895 0.006958289 0.0010251171 1.887212e-05 0.0022973253 1.0446695e-05 5.785797e-06 0.0015109438 0.0034358809 5.975695e-06 0.0002732715 0.093190156 0.00024852058 1.1995427e-07 0.0020360532 0.03148993 1.4761207e-06 9.582208e-07 0.00033377833 8.7798213e-07 3.6778029e-06 0.00031506826 0.00039319845 0.0012677795 5.1707417e-07 1.0807467e-07 0.00010798943 0.003201793 0.00015559289 9.886145e-05 6.5194617e-06 9.528874e-06 6.2041654e-06 0.00025487403 5.359724e-05 0.0018823339 3.0424076e-07 1.4158796e-05 1.0344797e-05 0.00026446983 1.9759366e-06 4.893041e-08 5.098749e-07 1.6944527e-06 6.2062954e-06 7.8108184e-07 2.1868577e-06 1.6731288e-05 0.00016487479 9.709594e-07 4.0658335e-05 1.436885e-05 7.102813e-08 1.1781253e-05 2.7007349e-05 1.1695715e-07
0.9412092 0.9596739 0.6316722 0.44290292 0.34610328 0.08709699 0.18987617 0.6990595 0.06041041 9.35661e-13 0.8329693 0.100998536 0.9840084 0.95704716 0.67537177 0.23532054 0.006397287 0.008789277 0.011799145 0.11282783 0.001667638 0.050954916 0.00047479768 0.0032814322 0.49862963 0.00305672 0.018792741 0.032438796 0.00010279071 0.00012311616 0.0002899452 0.0025571655 8.891672e-05 0.00022591917 0.10391933 0.0045491555 0.00018989969 0.006264844 0.32495737 0.00027065404 1.6011201e-05 0.014114906 2.2506638e-05 0.00015862568 4.3519427e-05 2.7511092e-05 0.06056939 0.0003637818 0.000290609 0.00079107634 0.0048060073 0.00010333651 0.03152519 0.0006359163 0.0012504304 2.1130494e-05 5.1380823e-05 0.009321554 2.4390196e-05 0.0007523737 4.918528e-07 0.00013848991 8.721896e-05 5.1982543e-06 0.00039356574 9.133332e-05 5.919167e-05 5.050834e-06 0.00061367464 3.1941625e-05 8.642347e-06 3.716864e-06 5.184254e-06 1.0780025e-05 1.4665483e-06 3.1872153e-07 6.896334e-08 0.00038705856 0.00045837465 0.00039393335 3.607125e-06 2.0265638e-06 0.0002347553 0.00026033583 3.4932893e-06 4.8380454e-05 5.933137e-07 5.9002887e-06 9.5906955e-08 9.048451e-06 3.5203703e-07 3.5122596e-08 7.9276197e-07 1.3798634e-05 7.436805e-07 6.6151515e-05 8.319627e-05 7.660266e-08 2.466165e-07 3.3885496e-07 6.125647e-08
0.9450161 0.53738 0.016532786 0.0014020771 0.0008190995 0.00020083667 0.002511827 0.9704033 0.0001003259 0.8329693 8.320858e-14 0.000209976 0.55042154 0.22094758 0.99338806 0.81376785 1.1110854e-05 0.00015736633 6.249496e-05 0.040166184 4.0206787e-06 0.06871747 3.387973e-06 0.024533084 0.05913669 0.035100948 0.0075513474 0.0013329135 1.3609947e-06 4.131129e-07 4.887096e-06 0.000104914885 4.4225422e-07 2.8658549e-06 0.40738603 0.10679297 5.5822045e-05 0.00046013703 0.19615255 3.8096707e-07 2.5571076e-08 0.32280603 1.1787491e-07 9.504502e-05 8.103812e-08 1.9819172e-06 0.045740042 1.349718e-05 0.022739666 0.0004521845 0.0025544062 0.004690444 0.15695028 0.00013432685 0.00021138546 1.9849027e-07 4.076339e-07 0.0022078408 0.19496487 0.000116344476 1.1257289e-08 6.2556195e-05 6.0915892e-05 1.1129345e-06 0.0387294 0.007386685 2.9423532e-05 3.6348026e-06 4.5532823e-05 1.169295e-05 2.6479576e-05 8.249075e-07 4.1014673e-07 4.156066e-06 8.156831e-08 2.1680211e-08 1.4148732e-08 0.0010034171 6.62116e-05 0.00020857675 5.734671e-06 1.869691e-06 0.007482082 4.0318162e-05 3.6825705e-07 3.0903702e-06 2.565184e-07 9.346932e-06 5.374024e-09 3.1818003e-05 8.908602e-06 2.955216e-07 1.1761412e-06 1.4651609e-05 1.7794124e-06 5.586865e-05 0.00031405577 1.0967871e-06 1.9060566e-08 9.862446e-06 1.9645745e-06
0.99015826 0.020595336 0.06683942 0.6342197 0.78015476 0.67481714 0.3335214 0.00036663006 0.9662922 0.100998536 0.000209976 7.8834834e-11 0.081149325 0.05135701 0.00012521475 0.0009968391 0.91977125 0.51745284 0.87982154 0.035802037 0.732646 3.339918e-05 0.41949573 9.113133e-06 0.72420776 1.9803047e-05 0.0031231602 0.54611385 0.016117778 0.08662748 0.25930488 0.039356615 0.008981201 0.09595404 0.0014139676 0.00018389427 0.22032775 0.006943173 0.16212805 0.079401396 0.00298188 0.00041310507 0.009485767 0.00040260528 0.08919364 0.010253803 0.016837938 0.006244462 2.8300328e-05 0.01134023 7.352345e-05 5.4421985e-06 0.0013019269 0.012954759 2.305866e-05 0.0010830653 0.15802327 0.0008191408 1.5212628e-07 0.005672973 0.08748033 6.5953177e-06 3.1443608e-06 0.0006053766 2.4152491e-06 3.2692626e-06 0.0009453855 0.00032794737 0.0045763906 1.1571716e-06 3.4204848e-07 0.00037883336 0.0071049617 7.5133474e-05 0.00027703276 2.5853624e-05 1.5311995e-05 2.6546048e-05 0.0007590252 0.0005232818 0.002075705 6.234958e-07 6.2736086e-05 3.1448002e-05 0.00054470776 2.6280552e-05 1.50144e-07 1.0014318e-05 2.515798e-06 1.3886742e-05 1.8967797e-06 6.9505554e-06 4.6747315e-05 0.00025340554 2.1657524e-06 6.6621724e-05 1.2391804e-05 7.634045e-07 7.9952086e-05 7.728181e-05 2.8797e-07
0.9604058 0.8656111 0.55955833 0.3897523 0.28528297 0.13895743 0.33062238 0.5096543 0.0735747 0.9840084 0.55042154 0.081149325 1.8919385e-11 0.98731816 0.34006703 0.27067807 0.009405335 0.012966155 0.013154137 0.20969409 0.0023983489 0.020571008 0.0010391973 0.003984808 0.74537015 0.0041170646 0.030918417 0.105289295 0.0002390879 0.0003789262 0.0006203973 0.0038585307 0.0002050902 0.0002624983 0.16578607 0.0061312537 0.0003723014 0.009310621 0.51730585 0.00042905382 0.00010164336 0.026894204 9.3656476e-05 0.0004899065 0.00017272285 0.00017384511 0.08658842 0.00068894227 0.00039177574 0.0046780542 0.0058833715 0.00014320813 0.07221522 0.0025549738 0.0016420537 7.430922e-05 0.00017905985 0.013834944 2.8769688e-05 0.002299128 6.2986164e-06 0.0002862752 0.00011230784 5.0419283e-05 0.0003100555 6.509562e-05 0.00021106658 1.4212762e-05 0.000914751 3.8551592e-05 1.7967539e-05 2.121532e-05 1.501131e-05 3.1383646e-05 1.1174603e-05 1.2701954e-06 2.4599007e-07 0.0007080674 0.0012926103 0.00085748016 5.64635e-06 7.469833e-06 0.00035157168 0.0005384407 8.16628e-06 0.00020334596 1.4443169e-06 7.1282675e-06 1.3331551e-07 2.8031316e-05 2.213573e-06 2.8335486e-07 1.9188417e-06 2.286462e-05 2.70189e-06 8.152061e-05 0.00017699026 3.7420364e-07 9.357888e-07 1.3648538e-06 3.0327988e-07
0.97909665 0.5083732 0.219913 0.14528514 0.10035768 0.04086713 0.099109486 0.20390247 0.03731512 0.95704716 0.22094758 0.05135701 0.98731816 2.661168e-12 0.15867181 0.106676966 0.0035173018 0.006826971 0.012312719 0.057327766 0.00088656443 0.015376077 0.0006311815 0.0030608037 0.90042365 0.0040239953 0.009707605 0.19666113 0.00034537472 0.0007168797 0.00030427516 0.00074250065 0.00033256458 0.00015264298 0.055058397 0.00462564 0.00013697517 0.0017588789 0.80549705 0.0002585652 9.7456534e-05 0.008968327 5.2731433e-05 5.4449785e-05 5.2214447e-05 0.000115491704 0.16758847 0.0014150718 0.0006018309 0.017003912 0.005939382 0.00014869633 0.020239405 0.010814558 0.0024564445 3.707481e-05 7.272081e-05 0.02636669 1.8673809e-05 0.0069332113 1.007323e-06 0.00058531086 0.00021659199 3.971228e-05 0.00021819874 7.724549e-05 0.00054230663 4.946142e-06 0.0022144895 8.729817e-05 3.8088645e-05 9.083324e-05 7.538629e-06 9.694896e-06 1.7292667e-05 1.0352836e-06 1.0627242e-06 0.0007923837 0.0046734083 0.002724457 1.795293e-05 2.009221e-06 0.0004868027 0.00084214413 1.2901448e-05 0.00024848527 4.776926e-07 3.983785e-06 3.467754e-08 1.35748905e-05 5.517254e-07 5.908924e-07 1.8356651e-07 3.7767088e-05 3.60347e-06 0.00024757316 0.00016371484 3.2480634e-07 2.1992653e-07 4.4709623e-07 1.336438e-07
0.9658766 0.14811182 0.005077212 0.00053311256 0.00036359174 0.00011730485 0.0005618097 0.8544797 7.4062584e-05 0.67537177 0.99338806 0.00012521475 0.34006703 0.15867181 3.364304e-14 0.82049465 6.071779e-06 8.722286e-05 2.7085402e-05 0.011857006 9.6442e-07 0.8598275 4.232592e-06 0.43421936 0.075332314 0.67054063 0.0034345163 0.0015566896 6.563671e-07 8.236426e-07 1.66263e-06 4.825626e-05 8.8082224e-08 2.8599877e-06 0.3002946 0.6232842 5.773528e-06 8.957087e-05 0.262624 4.7613867e-08 1.5996479e-08 0.32570857 1.5295532e-07 4.0460254e-05 6.7914364e-08 3.235627e-06 0.09525521 1.7521586e-05 0.2681162 0.00031348725 0.06213827 0.04335757 0.10175382 2.138883e-05 0.005113129 1.3959398e-07 2.6649894e-07 0.015917554 0.40148354 0.00013001687 3.9103156e-09 0.0017303405 0.0026247303 3.0146634e-07 0.15171733 0.007696595 8.4418214e-05 1.838797e-06 7.31515e-05 0.0002544645 0.00024313801 1.4621478e-06 2.99249e-07 9.213911e-06 1.1247981e-07 6.1490915e-09 1.2182577e-08 0.008339498 0.0008208151 0.00094716204 3.794015e-05 5.126218e-05 0.080473326 0.0011686753 1.6301227e-07 9.429845e-05 1.319068e-05 0.00017146897 5.568372e-10 0.0002194467 0.00013264545 6.153005e-07 8.564063e-07 6.975613e-05 2.9308958e-05 0.00018274461 0.00034288823 1.8956665e-05 1.7504415e-07 1.230263e-05 4.3678324e-06
0.94756186 0.5923157 0.050638653 0.006181802 0.0060521294 0.0006520091 0.004959722 0.98364097 0.00064616284 0.23532054 0.81376785 0.0009968391 0.27067807 0.106676966 0.82049465 2.1306882e-11 1.7438835e-05 0.00022575764 2.0026375e-05 0.07532832 6.5879567e-06 0.032054417 3.2330083e-06 0.018003639 0.012533016 0.10393843 0.07326969 0.00036770228 8.385085e-07 1.3876487e-06 5.003002e-05 0.001168697 1.966087e-06 6.8689837e-06 0.943938 0.39328536 4.693547e-05 0.0052515585 0.07511204 3.9722954e-07 1.5749777e-07 0.9261577 1.6982932e-06 0.0023177415 2.5368067e-06 7.1302325e-06 0.012894246 9.043292e-06 0.07807843 7.172832e-06 0.00045238936 0.009126719 0.5924078 7.895692e-06 0.00036477277 2.279734e-07 4.357578e-07 0.0006035688 0.35733232 1.5256329e-05 4.836103e-07 0.0001998182 2.873944e-05 2.3122166e-05 0.7714377 0.09072789 9.173329e-07 7.285909e-05 1.8961386e-05 3.9714403e-05 2.8423938e-05 2.8898765e-07 3.9311988e-07 0.00045342167 3.566833e-07 4.2771114e-07 1.0500441e-07 0.00015682817 2.2610744e-05 3.855152e-05 8.11604e-06 7.6917295e-06 0.0021315801 3.9706563e-05 1.026144e-06 2.7408996e-06 1.4304084e-07 7.416327e-06 2.0037109e-07 4.9500417e-05 1.1573217e-06 1.6788917e-06 3.355842e-06 1.421668e-05 8.495395e-06 0.0013884874 0.010109924 4.8125216e-06 3.689028e-07 2.011869e-06 5.268154e-06
0.8836317 0.005014077 0.027359577 0.4830312 0.7497411 0.71314186 0.045635384 1.2716033e-05 0.96669984 0.006397287 1.1110854e-05 0.91977125 0.009405335 0.0035173018 6.071779e-06 1.7438835e-05 2.3151739e-12 0.7750917 0.7244931 0.0038922124 0.98520267 1.0266726e-06 0.71198845 1.2911386e-06 0.055778433 3.0341005e-07 0.00046046937 0.025700795 0.01114057 0.01631925 0.32587755 0.06346273 0.0021241356 0.14612696 0.00012500964 7.050974e-06 0.3047982 0.0020297677 0.019030273 0.04376055 0.00023745818 7.7560135e-06 0.0035572508 0.000116743584 0.062490348 0.0029171067 0.00075025886 0.00069322187 1.6935044e-06 0.00063723006 2.752412e-06 1.7197353e-06 0.00018090881 0.00061632006 1.6101475e-06 8.431555e-05 0.2028398 3.0455549e-05 6.995368e-10 0.00015917713 0.070228405 4.5980272e-07 2.2128309e-07 0.00017607224 1.6563487e-08 1.046343e-06 3.4874094e-05 0.0012295248 0.00024153413 2.3452779e-07 8.0789334e-08 8.131058e-05 0.004876549 6.34753e-05 7.2785715e-06 1.3662017e-06 7.685841e-06 2.8441562e-07 1.715569e-05 8.5081126e-07 0.0048576826 1.6628148e-07 1.1875518e-06 1.7389784e-06 0.00015060013 1.06367075e-07 2.3123693e-10 7.177412e-07 2.3044015e-07 3.032388e-07 2.8986884e-08 3.3707888e-06 0.00016165622 0.0014782401 6.7699705e-07 4.1027565e-06 1.4033794e-06 6.418999e-08 3.187416e-05 8.154984e-05 3.949405e-07
0.83586997 0.047506396 0.3407496 0.65449953 0.78357065 0.955261 0.8307809 0.00024827372 0.6954297 0.008789277 0.00015736633 0.51745284 0.012966155 0.006826971 8.722286e-05 0.00022575764 0.7750917 5.337626e-13 0.03704206 0.17787473 0.56711715 4.1355497e-06 0.14238967 2.0255627e-06 0.0108452225 3.119558e-06 0.021040931 0.0017824027 0.00036659406 0.00027642498 0.50191444 0.969109 9.775833e-05 0.019773416 0.0017728574 4.704856e-06 0.967239 0.40328938 0.010811324 0.0010705349 3.2224777e-06 0.00015772347 0.00024773023 0.008597378 0.0051773395 0.00019030344 0.0001575324 3.1055726e-05 3.9988436e-06 3.7790776e-06 4.8493854e-07 2.9968926e-06 0.0024631876 2.1157231e-05 1.8040624e-06 2.3501982e-06 0.10703935 1.7009775e-06 3.402066e-10 2.5992982e-05 0.010878546 2.3840697e-07 1.4458224e-07 9.443438e-06 1.5283327e-07 2.2211666e-06 5.719075e-07 0.013190411 1.7045613e-06 2.4729528e-07 3.0399033e-08 1.7395645e-07 0.0025703793 0.0015898021 3.8737866e-08 2.1049004e-08 1.8096125e-08 2.0469497e-07 1.4724426e-06 3.348221e-08 0.019423088 2.3201604e-08 1.022237e-06 7.530146e-07 1.1792916e-06 5.461901e-09 1.3211242e-10 1.1135932e-07 3.2968646e-08 3.182366e-08 1.8802524e-09 6.4575306e-07 6.615808e-05 0.0006079787 2.4586788e-07 0.0001894482 3.7079477e-05 2.2780193e-09 6.2728936e-06 7.35265e-06 1.6368571e-07
0.969021 0.0017587271 0.0033896586 0.04568499 0.1251981 0.051128585 0.010057979 4.7849786e-05 0.6699931 0.011799145 6.249496e-05 0.87982154 0.013154137 0.012312719 2.7085402e-05 2.0026375e-05 0.7244931 0.03704206 2.6489214e-13 0.0010315136 0.48970607 1.7631834e-05 0.45862898 2.74216e-06 0.42597437 5.017403e-07 5.2401167e-05 0.9544378 0.76043093 0.95209783 0.30041814 0.004676369 0.44594792 0.29707903 5.4819517e-05 8.3280014e-05 0.023849582 0.00053501513 0.116697185 0.82555705 0.093054995 3.795461e-06 0.20981778 1.4755183e-06 0.37009332 0.24547808 0.014376596 0.11595554 4.6685277e-06 0.033286713 6.47729e-06 2.0562838e-06 8.2445134e-05 0.020197174 4.737806e-06 0.048077583 0.2551986 0.0005860389 7.6116216e-08 0.0051748883 0.41476852 5.9345973e-07 1.1405499e-06 0.0039422484 2.2432204e-08 1.6150387e-05 0.0009031882 0.00011232241 0.012582039 9.888495e-08 2.260353e-08 0.00023218365 0.013420637 9.6346175e-06 0.0009291869 2.9497845e-05 2.3237967e-06 5.1223506e-06 0.00021199614 4.3273758e-05 0.0009903555 1.4213113e-07 1.1155256e-05 3.35895e-05 0.0014345567 1.1987175e-06 1.1292925e-08 5.3675117e-06 1.2177485e-05 1.0599423e-05 5.9135047e-08 1.0224551e-05 9.8509736e-05 0.000997758 5.352062e-07 1.1284457e-05 8.7465764e-07 5.456925e-07 0.0032309482 0.0002582318 8.7750834e-07
0.8545341 0.8339456 0.8830642 0.56762457 0.47743323 0.5798978 0.97421944 0.08340333 0.067991436 0.11282783 0.040166184 0.035802037 0.20969409 0.057327766 0.011857006 0.07532832 0.0038922124 0.17787473 0.0010315136 4.1723352e-12 0.00022573331 7.849875e-05 8.054682e-05 2.959997e-05 0.010258247 3.8744765e-05 0.9988014 0.0012299153 2.9837647e-05 5.9781237e-06 4.6276116e-05 0.4313163 1.8350429e-06 9.139078e-06 0.067287706 1.2240511e-05 0.014900438 0.5680438 0.043232586 2.8373413e-06 3.0039544e-08 0.0070692417 1.1174246e-06 0.018024528 1.9675574e-06 1.89602e-06 0.0018650967 0.00013086638 1.6245622e-05 2.0739013e-05 2.4069286e-05 2.2966558e-06 0.07761889 0.00013032982 1.11827585e-05 1.4667908e-07 8.255903e-06 0.0001545239 6.3071906e-07 5.2649724e-05 2.7809526e-06 1.1229777e-06 2.2255291e-07 5.863262e-06 5.6576402e-05 0.0003465227 3.323344e-06 0.0026326305 5.2973746e-06 1.0194975e-06 1.7597563e-07 2.5207632e-07 4.9720015e-06 0.010189582 1.42575525e-08 2.971484e-08 3.0815734e-08 8.874225e-08 1.6678597e-06 4.9912135e-08 0.00012448001 7.530111e-07 9.1495383e-07 1.8479385e-06 2.5175211e-08 1.383078e-07 6.3914185e-10 1.0121966e-08 3.9695918e-09 1.6705586e-07 6.8247923e-09 5.392784e-07 1.7493902e-07 2.345523e-06 8.7055247e-07 0.0010893354 0.00025747195 3.383638e-09 2.548029e-07 1.15126106e-07 3.1025914e-07
0.69291127 0.0013809319 0.014179627 0.20908797 0.4230604 0.5420357 0.028844725 4.3818422e-06 0.75925344 0.001667638 4.0206787e-06 0.732646 0.0023983489 0.00088656443 9.6442e-07 6.5879567e-06 0.98520267 0.56711715 0.48970607 0.00022573331 6.648825e-14 3.4511837e-07 0.9934429 1.1005942e-07 0.018403951 1.0653803e-07 4.8107617e-05 0.008423912 0.0045051393 0.023978354 0.5807761 0.084497824 0.0011778717 0.29032332 1.5361067e-05 2.6674508e-07 0.2523357 0.00075675314 0.0055865906 0.01692904 8.875305e-05 4.031812e-07 0.0012660384 3.5954225e-05 0.030831851 0.0017801815 0.00026789575 0.00034306536 2.5648574e-06 0.00012792487 7.8938433e-07 1.0379657e-06 8.486754e-06 0.00012704634 3.2523374e-07 1.4765267e-05 0.15410349 7.0323526e-06 2.882975e-11 3.8375118e-05 0.014756423 3.64003e-08 9.839936e-08 2.1666645e-05 4.400563e-09 2.8601033e-07 1.7635792e-06 0.00040135338 2.5537727e-05 2.1690717e-08 1.1760603e-08 2.2528404e-06 0.0022229066 9.910754e-05 1.2094766e-07 3.0805744e-08 1.4482189e-06 6.385184e-07 2.5948918e-07 1.8942126e-08 0.0027819965 1.553955e-08 7.582015e-07 4.7607762e-07 2.0700816e-05 2.5720416e-08 2.5977935e-11 2.5504054e-08 9.803008e-09 3.888518e-08 7.14595e-10 7.5739354e-07 0.00010137801 0.0009086159 2.0790962e-08 5.613234e-06 7.386916e-07 1.6150134e-08 1.9097512e-05 4.2854244e-05 8.803973e-08
0.9934807 0.002381467 0.000273806 3.9000668e-05 5.159152e-05 5.994074e-06 3.578435e-05 0.018906482 1.6014592e-05 0.050954916 0.06871747 3.339918e-05 0.020571008 0.015376077 0.8598275 0.032054417 1.0266726e-06 4.1355497e-06 1.7631834e-05 7.849875e-05 3.4511837e-07 2.65303e-11 1.5882388e-07 0.9972261 0.07787159 0.73360294 0.00013919591 0.0016873904 7.6650497e-07 6.066717e-07 2.3877536e-07 2.6223816e-07 2.4675768e-07 3.3263703e-07 0.0051824823 0.4780504 3.1309506e-07 3.2684784e-07 0.38219178 3.174037e-08 2.8582479e-08 0.008906707 2.5713206e-08 4.534463e-07 3.6934686e-08 7.9109657e-07 0.4026584 2.1949323e-05 0.09044078 0.0008065424 0.6058306 0.08070846 0.0024648018 0.0006844018 0.089422435 3.6970913e-08 2.6466572e-07 0.27327335 0.16360435 0.00047655622 2.5234281e-09 0.03433346 0.053755354 9.670855e-07 0.009437025 0.0012936376 0.00015367815 4.0629548e-08 0.00030745962 0.0023117096 0.006079735 2.0752803e-05 8.8616366e-07 5.7993844e-07 1.13812206e-07 1.6767261e-07 2.1880908e-06 0.082537636 0.004105174 0.011812149 6.7892455e-05 0.000420306 0.34771845 0.0017149268 7.144373e-07 0.0003233212 0.00017600073 0.0012755204 1.2049302e-09 0.0019500959 0.0010009746 1.2184148e-06 6.0455784e-07 3.6053283e-05 0.00010982736 1.14117065e-05 0.00013575546 0.00012638964 1.2368776e-06 4.8365714e-06 3.7933565e-05
0.6673091 0.00052871095 0.003123489 0.031298235 0.13299127 0.12464621 0.0048071304 1.8507482e-06 0.4040712 0.00047479768 3.387973e-06 0.41949573 0.0010391973 0.0006311815 4.232592e-06 3.2330083e-06 0.71198845 0.14238967 0.45862898 8.054682e-05 0.9934429 1.5882388e-07 1.4101076e-15 1.5778055e-07 0.013742861 1.15747454e-07 1.3433011e-05 0.008122498 0.008062517 0.07434809 0.9926936 0.019490134 0.0032725146 0.74700713 1.0088252e-05 2.6018638e-06 0.12210041 0.00033879056 0.0076793544 0.1643397 0.00077069073 3.094291e-07 0.008822785 7.145099e-06 0.10200985 0.015054947 0.00041923492 0.0008217338 1.2954899e-06 0.00032099758 2.4104637e-07 1.7766044e-06 3.0904355e-06 0.00019649079 6.2846806e-07 0.00016542918 0.30804223 1.3698423e-05 3.9412157e-10 5.0736817e-05 0.07475815 5.623162e-08 7.0246166e-08 0.00017911961 7.888015e-10 7.3791915e-07 1.7870126e-06 0.0003055937 0.00011927856 1.4764635e-07 1.994857e-08 2.505451e-05 0.006130052 1.3194668e-05 6.4205886e-07 8.616009e-07 8.6081974e-07 2.7714833e-07 1.5295691e-07 1.5882897e-08 0.0044027073 7.835151e-08 9.054001e-08 1.6325436e-07 0.0010014086 3.5440564e-08 5.307239e-10 9.869234e-07 2.3872457e-07 2.8504803e-07 3.4175731e-09 7.8051e-07 0.00012773347 0.001835002 1.5984705e-08 2.3961722e-06 9.807562e-07 1.3770902e-08 0.0002453754 0.00010137366 3.089825e-08
0.8506555 0.0009071638 6.7579866e-05 5.525413e-06 8.192833e-06 3.1491236e-06 1.1875116e-05 0.010284726 6.0614634e-06 0.0032814322 0.024533084 9.113133e-06 0.003984808 0.0030608037 0.43421936 0.018003639 1.2911386e-06 2.0255627e-06 2.74216e-06 2.959997e-05 1.1005942e-07 0.9972261 1.5778055e-07 1.03981435e-10 0.0041666585 0.9945902 3.796672e-05 0.00024777607 2.6865314e-07 2.566836e-07 1.0330646e-06 6.250568e-07 2.153614e-07 7.114253e-07 0.007252737 0.6366733 3.7248196e-06 8.558448e-08 0.060825065 1.7706759e-08 6.20792e-09 0.011372526 1.2709873e-07 4.168162e-07 2.5581908e-08 2.7491067e-06 0.052079756 5.4950237e-06 0.14230613 3.6770998e-05 0.27626523 0.14895551 0.0029513717 2.7507185e-05 0.055180598 1.2147036e-07 4.4095916e-07 0.043735046 0.15296486 0.00012698116 1.196548e-07 0.020849349 0.0748556 1.972745e-06 0.01975971 0.0002726678 2.2821552e-05 7.260958e-07 2.6718222e-05 0.0020027244 0.0070164525 7.7463e-06 7.0306487e-06 1.0075363e-06 5.958927e-07 5.2484484e-07 5.7032855e-07 0.22640319 0.0022309602 0.0034535928 2.4720097e-05 0.0003319068 0.47020116 0.0022594773 3.422397e-07 0.00047598168 0.0003283589 0.003134886 8.849863e-09 0.0037807922 0.002617898 2.1934416e-06 8.74384e-07 1.4162335e-05 9.0996764e-05 3.5604867e-06 5.6770645e-05 0.00043471664 8.296016e-07 1.6190837e-05 6.8639834e-05
0.9665484 0.098735824 0.05668821 0.2012755 0.25914288 0.063730255 0.029010119 0.038136862 0.24943095 0.49862963 0.05913669 0.72420776 0.74537015 0.90042365 0.075332314 0.012533016 0.055778433 0.0108452225 0.42597437 0.010258247 0.018403951 0.07787159 0.013742861 0.0041666585 7.58284e-09 0.0044149132 0.0013405523 0.97251004 0.19578175 0.07043155 0.0068690097 0.0020131434 0.036239482 0.004352582 0.0031593754 0.004160502 0.0013675634 0.0016111084 0.98036605 0.039036416 0.014773291 0.00081974256 0.002520421 4.0795632e-05 0.0046517155 0.009313632 0.25582802 0.07246365 0.0003184619 0.41048574 0.01954708 9.576078e-05 0.00041460228 0.02839694 0.01698726 0.0064776917 0.0037724164 0.088196196 9.202109e-06 0.045304112 0.000750485 0.0016877365 0.0010391528 0.0014916653 2.064195e-05 3.9869417e-05 0.0016116594 9.745152e-05 0.0032452305 0.00032184148 0.00013407102 0.00013026372 0.00026549655 8.2104685e-05 0.0046112966 1.7347555e-05 7.001139e-05 0.0065398565 0.004634864 0.0012567757 0.00010411143 7.455631e-05 0.00080553 0.0013720094 0.00019955462 0.0010276126 1.9236048e-05 5.677146e-05 2.8407516e-05 0.0004750654 2.2332193e-05 3.178807e-05 3.6173205e-05 0.00014392284 3.5596604e-05 9.646564e-05 6.580726e-05 4.780989e-06 9.1315735e-05 3.5015863e-05 3.1983852e-06
0.86525524 0.0017249375 0.00026072643 2.2793341e-05 5.278849e-05 4.344269e-06 4.212729e-05 0.05054984 1.0048241e-05 0.00305672 0.035100948 1.9803047e-05 0.0041170646 0.0040239953 0.67054063 0.10393843 3.0341005e-07 3.119558e-06 5.017403e-07 3.8744765e-05 1.0653803e-07 0.73360294 1.15747454e-07 0.9945902 0.0044149132 8.697869e-12 5.1427643e-05 0.00022163805 1.4483922e-07 2.5694393e-07 2.5768416e-06 5.2161916e-08 1.5971214e-07 4.9368857e-08 0.0040901694 0.97860885 4.5205383e-07 1.1919183e-07 0.059772365 1.44092e-08 1.1883537e-08 0.010794918 2.2654328e-08 2.424243e-07 2.1669504e-08 3.2470334e-06 0.055868722 1.5047538e-06 0.2586087 5.4956736e-06 0.17849936 0.32331988 0.00047943243 3.300961e-06 0.030873064 5.7311603e-08 5.1574272e-08 0.01828154 0.13867132 5.9690057e-05 5.782228e-08 0.00887374 0.10653638 6.9995224e-07 0.052041564 0.0005056673 6.293434e-06 5.0873103e-07 4.4028666e-06 0.0028173428 0.012731992 4.7558072e-07 9.546729e-08 2.8963896e-06 3.4811686e-07 1.1676089e-07 2.3800172e-07 0.31924206 0.0011687087 0.002438285 3.3093393e-06 0.0006887859 0.76954013 0.0046180207 1.2787002e-07 0.00012944922 0.0002660032 0.01041777 1.1572795e-08 0.007464155 0.0024692216 4.816008e-07 8.361832e-07 6.6918424e-06 5.3324526e-05 2.1425692e-06 5.236065e-05 0.0009186808 5.3096546e-08 2.904925e-07 7.270014e-05
0.44453475 0.2871598 0.25761732 0.078289405 0.046373967 0.07334383 0.32840338 0.043286514 0.0040848036 0.018792741 0.0075513474 0.0031231602 0.030918417 0.009707605 0.0034345163 0.07326969 0.00046046937 0.021040931 5.2401167e-05 0.9988014 4.8107617e-05 0.00013919591 1.3433011e-05 3.796672e-05 0.0013405523 5.1427643e-05 8.49658e-15 4.500969e-05 9.1012464e-07 1.9118786e-06 5.1999777e-05 0.47878638 1.7922829e-06 4.5870038e-05 0.6228947 4.607241e-05 0.008969089 0.97909594 0.004064047 8.0296013e-07 4.028662e-08 0.1465784 8.16092e-07 0.6945317 5.9991526e-06 3.4155646e-06 0.00024030835 4.8268783e-05 5.397595e-05 1.5511625e-06 5.1289253e-06 3.5870196e-06 0.77307546 1.14892055e-05 1.1570397e-05 1.6826979e-07 1.5540892e-05 3.0650917e-05 3.1035786e-06 6.1460696e-06 4.0568884e-06 4.6819614e-06 2.9840871e-06 5.42253e-07 0.00707918 0.027100427 5.063883e-07 0.08349303 2.0562425e-06 3.4256675e-06 2.598376e-07 5.849528e-08 5.271823e-06 0.3773194 2.225322e-08 1.6783483e-07 2.8647591e-08 1.7961396e-08 1.8439335e-06 1.2465588e-07 0.00110045 2.7790557e-07 1.4894497e-06 2.2711029e-06 4.286131e-09 3.1895833e-09 1.0268659e-09 1.479946e-08 3.6215033e-09 1.1643121e-07 1.6686709e-08 1.5496146e-06 2.8111333e-07 4.3198365e-06 1.0295125e-05 0.12389136 0.06690918 1.2739988e-08 6.3818693e-06 1.4802066e-07 5.1998285e-07
0.98302436 0.0071326443 0.005891493 0.02388344 0.03996243 0.009607885 0.003157419 0.00085514504 0.068896994 0.032438796 0.0013329135 0.54611385 0.105289295 0.19666113 0.0015566896 0.00036770228 0.025700795 0.0017824027 0.9544378 0.0012299153 0.008423912 0.0016873904 0.008122498 0.00024777607 0.97251004 0.00022163805 4.500969e-05 1.9399155e-13 0.8750237 0.25439656 0.0031895097 0.00025615236 0.16788185 0.0041829245 0.00020451598 0.00034090286 0.0003078302 0.00031918313 0.4696853 0.0974607 0.14606783 0.00015048744 0.011386101 1.2638489e-05 0.008911249 0.031805366 0.020950241 0.84506005 3.1959327e-05 0.7767116 0.00062460784 1.0694962e-05 7.7503166e-05 0.07422009 0.0006509479 0.023930382 0.00510403 0.0027850044 7.338908e-07 0.018576464 0.013245365 9.893566e-05 7.0602364e-05 0.0025908297 6.5832114e-07 3.114613e-05 0.0007251471 3.018461e-05 0.37987766 8.240241e-06 4.4727085e-06 0.0018619535 0.00023751025 2.3664486e-05 0.033107128 0.00012811607 0.00033426285 0.0006749851 0.0004334567 0.00023641245 3.363806e-05 3.3925285e-06 3.8522594e-05 6.810574e-05 0.00044548913 5.7876765e-05 1.662917e-06 9.911865e-06 8.659189e-05 1.3736583e-05 8.595302e-07 5.3916116e-05 4.273426e-05 0.00010313487 1.1436781e-06 3.0375633e-05 3.2562189e-06 3.2358233e-07 0.0019042762 0.000113658454 1.11163224e-07
0.98557657 4.9869726e-05 3.9507468e-05 0.00022487427 0.00075433607 0.00024022104 7.127292e-05 4.922934e-07 0.0040171165 0.00010279071 1.3609947e-06 0.016117778 0.0002390879 0.00034537472 6.563671e-07 8.385085e-07 0.01114057 0.00036659406 0.76043093 2.9837647e-05 0.0045051393 7.6650497e-07 0.008062517 2.6865314e-07 0.19578175 1.4483922e-07 9.1012464e-07 0.8750237 1.2174929e-13 0.88516706 0.002067927 0.0002497544 0.9812331 0.014474637 3.1486336e-06 2.6785692e-06 0.0007644052 5.691281e-06 0.107318975 0.34150892 0.83642113 8.3714575e-08 0.10805022 1.9510331e-07 0.06274585 0.3399649 0.0056154192 0.59468925 6.685377e-07 0.14655082 6.237185e-06 6.377577e-07 2.4336257e-06 0.10445938 5.0502367e-06 0.21642116 0.015332792 0.00021144876 3.4731715e-10 0.011206007 0.20576608 2.6330673e-07 2.745047e-07 0.10006019 8.292223e-08 7.5805005e-08 0.000891555 1.577603e-06 0.0786049 1.2801888e-07 3.6421135e-08 0.0005772716 0.0008004765 7.16377e-07 0.03336863 2.0424048e-05 0.004718535 6.041432e-06 0.00012411195 6.548579e-05 2.2084155e-06 3.50843e-08 6.5460836e-06 3.354327e-05 0.009248607 2.5500456e-06 1.3053448e-09 9.340229e-08 0.0010563807 1.2844153e-07 1.8259703e-08 5.2415562e-05 7.005527e-05 4.8829424e-05 1.7018747e-08 1.6976634e-06 8.998651e-08 7.8313676e-09 0.09315899 0.0004548372 2.7367493e-08
0.9198376 4.9718285e-05 2.8873423e-05 0.00037173604 0.0024010586 0.00037470236 2.2355505e-05 2.6907622e-07 0.026106983 0.00012311616 4.131129e-07 0.08662748 0.0003789262 0.0007168797 8.236426e-07 1.3876487e-06 0.01631925 0.00027642498 0.95209783 5.9781237e-06 0.023978354 6.066717e-07 0.07434809 2.566836e-07 0.07043155 2.5694393e-07 1.9118786e-06 0.25439656 0.88516706 3.102755e-14 0.008173149 0.00019306336 0.9454788 0.118655436 9.1464767e-07 8.880592e-06 0.00095709885 6.901907e-06 0.031106357 0.9132607 0.5268793 6.321857e-08 0.7105205 6.1111884e-08 0.23796915 0.96348953 0.0009073979 0.06396725 7.988642e-06 0.013473498 4.283614e-07 4.557851e-06 4.8059053e-07 0.019346198 1.7213038e-06 0.4441365 0.061630186 3.0075249e-05 1.4836428e-08 0.001906784 0.43103215 2.6211967e-07 3.6564086e-07 0.09435081 1.4748957e-09 4.128943e-07 4.8048423e-05 2.0410806e-05 0.0062293895 1.05764215e-07 8.45603e-08 7.512157e-05 0.0029294833 5.0396857e-06 0.00051067036 1.801591e-05 0.00096130447 2.0333237e-06 4.0833896e-05 4.9561e-06 7.421155e-05 2.0726553e-07 9.863509e-06 2.3587363e-05 0.008335403 2.7543933e-07 2.120944e-08 5.9475524e-06 8.947593e-05 1.0886203e-06 6.958952e-08 2.3814953e-05 0.00024343544 0.0005721957 1.7120801e-06 3.3986037e-06 1.977011e-06 5.182145e-07 0.10818526 0.0013112336 6.7650655e-07
0.6529871 0.0007199999 0.0029865843 0.018148625 0.086590685 0.108444385 0.019022176 1.1772493e-05 0.21941432 0.0002899452 4.887096e-06 0.25930488 0.0006203973 0.00030427516 1.66263e-06 5.003002e-05 0.32587755 0.50191444 0.30041814 4.6276116e-05 0.5807761 2.3877536e-07 0.9926936 1.0330646e-06 0.0068690097 2.5768416e-06 5.1999777e-05 0.0031895097 0.002067927 0.008173149 3.716601e-14 0.019896371 0.0008750903 0.99633497 3.6537613e-06 2.9918951e-06 0.6164175 0.00033279968 0.006182949 0.024398454 7.6764256e-05 3.735839e-07 0.006183409 0.00030610475 0.29477713 0.003337726 0.00013648813 0.00065797754 3.2659857e-05 2.7466658e-05 1.8538182e-06 8.23793e-06 6.3845173e-06 4.9945542e-05 1.0499234e-06 4.6278146e-05 0.6213746 8.382028e-06 1.5503395e-09 6.503711e-05 0.1863684 1.8143376e-07 9.1141374e-07 0.0001558345 2.3684862e-08 2.3390203e-06 1.1077199e-05 0.0028322344 1.9128443e-05 1.9393935e-06 9.03537e-06 3.984473e-06 0.057031356 0.00010212228 1.126425e-06 4.0001612e-07 3.2273433e-06 1.1315749e-06 4.3484164e-07 4.990855e-07 0.067689426 6.6224794e-07 7.902171e-06 3.5830706e-06 6.618723e-05 5.7130976e-08 1.8357124e-09 1.0923341e-06 1.03398555e-07 1.6704807e-05 5.7233063e-08 3.8291455e-06 0.00048413366 0.010425004 2.1748687e-07 4.334457e-06 3.057005e-07 4.595973e-08 0.0001229812 0.00047078816 4.3682444e-06
