2.9207505e-18 0.9324744 0.9543172 0.91178364 0.61444485 0.77866644 0.9387737 0.9204572 0.7787746 0.95268 0.9208315 0.8965549 0.8948467 0.9007732 0.90783304 0.52487725 0.96416974 0.93213904 0.98166275 0.7313808 0.8804446 0.8371376 0.99957395 0.36561364 0.8030507 0.09380433 0.85182256 0.42016175 0.040144138 0.9947001 0.9222757 0.40941 0.07993249 0.0031765052 0.0033384664 0.8647935 0.07919911 0.028297726 0.45212284 0.870958 0.8875489 0.039802544 0.78387207 0.8844889 0.94164336 0.93354493 0.91788894 0.9707666 0.2870098 0.54257786 0.90843654 0.039215844 0.027241746 0.0011525784 0.9997249 0.0154578155 0.91829926 0.0052165277 0.96804273 0.7287109 0.33572853 0.99406207 0.99108356 0.84062606 0.9676936 0.81775117 0.8846798 0.6891541 0.7979628 0.9652385 0.86645925 0.04394368 0.601888 0.96244097 0.19261877 0.99970543 0.999707 0.70723903 0.9453467 0.054344654 0.89545673 0.0011076429 0.46271148 0.32198212 0.9964097 0.9984019 0.51897043 0.0021293927 0.00048567122 0.9435487 0.49981457 0.0012380695 0.9610672 0.49460557 5.523263e-06 0.96435326 0.14141639 0.11956993 0.031834755 0.6663532 0.9425904
0.9324744 7.562703e-13 0.90286714 0.9619492 0.57506806 0.6277778 0.044125814 0.16783042 0.2685631 0.11890649 0.36771423 0.83774036 0.080221534 0.05403838 0.009135523 0.13078576 0.9591746 0.0069648954 0.80825096 0.0043352125 0.00083490513 0.00049471756 0.8520562 0.0151352165 0.00029327595 0.10921856 0.0046556187 0.005830498 0.13231985 0.1773656 0.00091426435 0.003898996 0.030119736 0.025399426 0.0023372993 6.843598e-05 0.18765254 0.099478565 0.00100521 0.0042977068 0.00018222391 0.00047771182 9.5198275e-06 0.0015445377 6.899463e-05 0.00047207245 2.741458e-05 0.00017527376 2.4742247e-05 0.00019823767 0.0023557488 0.037126824 8.959339e-06 3.0587697e-05 0.00396406 0.00488925 0.0003765815 3.769192e-07 0.00019998671 6.9391313e-06 3.314954e-05 0.00016096425 9.692779e-06 1.9870016e-05 3.478821e-06 4.6965377e-07 1.3493144e-06 5.84887e-06 2.3286675e-05 1.2583832e-06 4.4986345e-07 1.2981347e-07 3.0531871e-06 0.0011973273 1.4599339e-06 0.0010164516 0.0046740165 0.00010460428 0.00058942236 4.5767283e-08 1.0755375e-06 2.150192e-06 4.1396893e-06 3.5575508e-06 0.00044206996 0.0018457168 0.000112570015 2.1493256e-07 4.9388046e-07 0.0008594557 9.889953e-05 1.6395297e-06 0.00021485623 1.1798569e-05 8.096798e-06 8.341876e-06 9.591683e-08 3.3846227e-05 6.295089e-05 2.3226933e-08 0.00012094472
0.9543172 0.90286714 2.9167944e-13 0.4808217 0.22645521 0.114065856 0.6664039 0.83771867 0.9002827 0.76404834 0.018858107 0.90703434 0.00591001 0.005814223 0.20281883 0.59334904 0.75224346 0.0002606931 0.36282519 0.0003594668 0.011032142 0.0061860657 0.9168073 0.17574744 0.0028324143 0.037337642 0.00024336396 0.00048938865 0.08553097 0.04158333 0.00014215983 0.00024345289 0.005762219 0.00600699 0.0005904813 5.7002107e-06 0.1576895 0.05760516 0.00015836736 0.025087275 1.4188467e-05 0.011871998 1.2972604e-06 0.00028767672 5.340878e-06 6.852041e-05 0.00025974412 0.005891641 7.0592564e-06 0.007022766 0.010923024 0.115269326 0.0010719673 1.2574595e-06 0.019834789 0.029846441 9.556846e-05 4.762522e-08 7.3654475e-05 4.2760676e-05 8.411942e-05 0.0008384091 3.116932e-06 0.0001961549 5.5342434e-07 1.2589426e-06 7.871716e-06 1.0265786e-06 6.726874e-06 2.3365823e-07 7.789554e-08 9.706114e-07 2.441249e-05 0.000989847 8.3170636e-07 0.0029311352 0.00619827 6.284117e-05 0.0012383636 1.5169967e-08 2.3509222e-06 2.15936e-07 5.1731217e-06 2.3258744e-06 0.0010992527 0.0019038995 3.2401742e-05 2.651705e-07 2.0689515e-06 0.0008642282 0.00026329007 1.0528122e-06 0.00023164044 4.949563e-06 3.0407325e-06 4.53666e-05 1.3052211e-08 3.191577e-05 4.8389677e-05 8.9395575e-09 4.293467e-05
0.91178364 0.9619492 0.4808217 7.894377e-15 0.9812769 0.93678784 0.00374165 0.005942011 0.0031342553 0.004246353 0.77004755 0.35393786 0.21551561 0.24894726 0.00012517738 0.0047097523 0.74250644 0.01402641 0.7761002 0.012559034 7.065821e-05 5.151988e-05 0.45324326 0.000866154 1.2143574e-05 0.23793069 0.020607503 0.01923819 0.0650814 0.28348666 0.0014916533 0.03156675 0.2576035 0.041891694 0.006434102 0.00014821567 0.077466704 0.062666856 0.0017676897 0.00086284097 0.00015962253 9.706169e-05 2.2423555e-05 0.00064085406 4.9410995e-05 0.00022962442 8.837875e-06 2.5737802e-07 7.5118237e-06 8.114662e-06 0.0001968849 0.00618473 1.6117176e-06 8.8320485e-05 0.00033615774 0.00032727252 0.00022792896 1.4196349e-06 1.4501642e-05 1.672175e-07 2.411332e-06 5.7497687e-06 1.3114211e-06 5.370097e-06 1.7020128e-06 1.6234184e-06 6.311591e-08 4.8529732e-06 1.4348726e-06 3.2313207e-07 4.3235517e-07 1.4922101e-07 3.8348717e-06 0.0002620371 9.740413e-07 0.00031422777 0.001146353 3.2344535e-05 0.00018905835 2.3406871e-08 8.2193786e-08 3.481091e-06 3.907738e-06 1.4842925e-06 0.000119956385 0.00038415068 1.6113358e-05 2.4077275e-07 1.10171165e-07 0.00013652549 2.6922513e-05 6.8723017e-07 0.00012891222 5.653961e-07 5.1831953e-06 1.5410984e-05 1.3546652e-08 3.1969248e-06 2.2942313e-05 9.045033e-10 7.878032e-06
0.61444485 0.57506806 0.22645521 0.9812769 3.740924e-14 0.9733229 0.0011545052 0.0022101896 0.002282422 0.0050640544 0.4088426 0.6469983 0.06510775 0.13189712 9.2751434e-05 0.007642219 0.22648229 0.013982117 0.2563364 0.0087016905 3.7956837e-05 2.3871982e-05 0.066704884 0.00075384777 1.030719e-05 0.9172154 0.085461825 0.14127399 0.6120358 0.053624127 0.00029191395 0.16915368 0.86333615 0.48406366 0.09039791 1.9625062e-05 0.33136398 0.3049602 0.002268115 7.5815165e-05 1.6806933e-05 0.000221187 6.2689196e-07 0.00012448512 4.859228e-05 0.00011829198 3.9766683e-06 3.9891862e-07 3.148886e-06 2.5997233e-06 3.209191e-05 0.022250377 2.8904594e-06 3.7505575e-05 8.5347274e-05 0.00025656773 4.7968573e-05 3.8168005e-06 1.700195e-05 4.1263172e-07 1.4537012e-06 2.053258e-06 2.0385933e-06 2.3061639e-06 5.3941494e-06 3.852019e-06 1.3244313e-07 3.5061692e-06 1.4221376e-06 1.2766776e-07 5.1271105e-08 1.2747857e-07 5.149598e-06 8.2466446e-05 1.1433656e-07 0.00025516463 0.0003760202 5.180774e-06 0.000137324 2.9246454e-08 3.0893947e-08 1.4019126e-05 3.4994912e-06 1.423549e-06 1.6448428e-05 0.00017236859 6.182621e-05 1.9081635e-07 2.4233827e-07 0.00017684669 4.678853e-05 1.8076807e-06 1.8603391e-06 1.4135514e-06 1.2587649e-06 2.954548e-05 5.6801866e-08 1.0857443e-06 1.03248e-05 5.902227e-07 7.873916e-06
0.77866644 0.6277778 0.114065856 0.93678784 0.9733229 1.5237067e-16 0.00019470918 0.00076407066 0.00020806755 0.0010155283 0.7867827 0.1529858 0.44943172 0.8789871 2.0981897e-05 0.00037249815 0.26070085 0.19004698 0.47439462 0.23287128 6.5863987e-06 7.788702e-06 0.06393462 8.04814e-05 3.502049e-06 0.85306585 0.70433736 0.6088139 0.20404634 0.2408105 0.018275535 0.45655662 0.9507647 0.20692343 0.06283411 0.002399905 0.07890699 0.07224468 0.08824828 2.243564e-05 0.0020749408 1.0852732e-06 0.00014465777 0.00341966 0.0008362634 0.0018663082 4.0952136e-07 6.761709e-08 9.279259e-05 1.8324346e-07 1.9706287e-05 0.0026195252 4.0403044e-08 0.00086329563 4.2512558e-05 1.1274735e-05 0.001114945 1.9139665e-05 0.00017298 5.5075365e-08 1.8511408e-07 8.323245e-07 2.6389727e-05 3.1819064e-07 1.521621e-05 4.0523656e-07 1.0794317e-08 8.815753e-06 8.1581e-06 1.9517245e-06 4.8254054e-07 1.1877601e-08 3.9798324e-06 0.0001431647 2.8994916e-07 0.0001608734 0.0018188683 4.21391e-05 4.2592847e-06 5.557406e-08 1.0612626e-08 2.1793368e-05 2.060577e-06 7.616923e-08 2.4566364e-06 0.0002457262 5.8464753e-05 6.005277e-08 1.5965023e-08 5.8474678e-05 4.1800686e-07 3.2277418e-07 2.1030075e-05 2.0882013e-08 4.1856515e-06 3.3527436e-07 1.362203e-07 4.6143555e-07 6.2210415e-07 3.3517285e-08 3.2897686e-05
0.9387737 0.044125814 0.6664039 0.00374165 0.0011545052 0.00019470918 1.6813341e-13 0.9643285 0.9199834 0.9081227 8.5860534e-05 0.13461398 4.7188223e-06 1.8657254e-05 0.9710481 0.43267187 0.056778215 1.5463977e-06 0.01968475 1.2237995e-06 0.5957315 0.4661174 0.59721816 0.45586604 0.16244909 0.000111364694 2.3001137e-07 1.3730847e-05 0.0008534472 0.0014100375 8.843405e-06 3.5952112e-06 6.186367e-05 3.313516e-05 7.1850322e-06 1.5037746e-07 0.008640453 0.0005705462 6.3409743e-06 0.272903 2.0516002e-06 0.055619553 3.0362455e-07 1.2685753e-05 5.022137e-07 2.0039297e-06 0.006158574 0.108491614 1.2443567e-07 0.038335927 0.042179335 0.0556146 0.011876126 3.9209826e-08 0.035343852 0.014592366 4.223524e-06 7.443144e-08 9.009999e-07 6.865051e-05 0.00018491126 0.0023465645 1.0398235e-06 0.00053276797 2.0630122e-07 3.142024e-05 3.0452877e-05 3.0570882e-06 1.5875975e-06 6.307355e-08 9.318502e-08 9.275834e-05 0.00024443417 5.7616282e-05 2.060904e-07 0.002006548 0.0022924708 8.345902e-06 0.00081407296 4.023448e-08 3.7214215e-06 2.9795217e-07 1.1657071e-06 1.8763583e-05 0.0005865522 0.00051166356 7.6243384e-07 2.6980251e-06 5.0705323e-05 0.0002030758 3.9309518e-05 2.0901649e-07 2.5082121e-05 4.145074e-06 2.4357976e-05 2.212006e-05 3.7097545e-09 3.0464162e-06 5.204753e-06 3.8940698e-08 4.3991497e-07
0.9204572 0.16783042 0.83771867 0.005942011 0.0022101896 0.00076407066 0.9643285 3.4235616e-13 0.68441707 0.9862634 0.00044127996 0.21682529 6.2378305e-05 6.639377e-05 0.68721026 0.25770348 0.17707779 4.805051e-06 0.027162787 2.1707835e-06 0.44974753 0.13992012 0.72880054 0.12508774 0.051868036 0.000407827 8.534279e-07 2.9014642e-05 0.000697175 0.0017354472 1.340354e-05 4.752967e-06 0.00020382825 9.260392e-05 4.1006777e-05 4.7600682e-07 0.0067770164 0.00076189754 1.08796385e-05 0.35004312 8.910708e-06 0.010959336 7.628033e-07 0.00010925977 1.5648618e-06 2.1250755e-05 0.0027751192 0.033631314 7.5759726e-07 0.011125079 0.033313215 0.019912502 0.002521325 5.8885706e-07 0.04236576 0.005328084 2.7908429e-05 5.060105e-08 5.6980684e-06 5.6772053e-05 0.00015826181 0.0018475502 1.3343946e-06 0.00038251525 1.6859265e-07 4.074466e-05 1.4061922e-05 1.1374216e-06 7.495176e-07 5.729674e-08 1.8476317e-08 4.126778e-05 0.0001026561 0.00039110528 7.6467524e-07 0.0023299751 0.0072107604 4.701589e-05 0.0010251367 7.381786e-08 1.5557567e-06 5.6447e-07 3.9075703e-06 1.4989366e-05 0.0010689001 0.0015461462 1.4727608e-05 1.1620341e-06 2.5688785e-05 0.00043963816 0.00019333641 2.7696603e-07 0.00029953042 3.6546167e-05 1.19988135e-05 4.902872e-05 3.2323557e-09 1.5795204e-05 4.464371e-05 7.313605e-08 1.064578e-05
0.7787746 0.2685631 0.9002827 0.0031342553 0.002282422 0.00020806755 0.9199834 0.68441707 5.4105005e-14 0.7218006 0.0010654231 0.27976614 0.00016094137 1.0099669e-05 0.9497391 0.99338984 0.04316486 8.328822e-06 0.016450224 4.7102188e-07 0.1406704 0.08911011 0.3256654 0.86129034 0.020193273 0.00023340758 6.265952e-08 2.6071793e-06 0.0019995011 0.0012491252 2.124013e-06 6.391831e-07 5.9339745e-05 7.374395e-05 4.2558113e-05 1.3889337e-07 0.015710354 0.0018314895 1.3454523e-07 0.020210054 1.2248516e-06 0.048275165 1.05443746e-07 1.7885717e-05 4.5358747e-06 1.9784122e-06 0.00081744976 0.001606331 1.38335565e-08 0.0068593244 0.0041636755 0.06675079 0.023059353 1.6287453e-08 0.0034395496 0.020209089 4.629869e-06 8.783442e-08 7.283629e-07 8.483138e-06 5.090164e-05 0.00013806514 2.3204084e-08 2.3654267e-05 9.673888e-07 1.5395663e-05 3.245894e-06 2.0441037e-07 2.4169782e-07 8.990931e-08 6.151477e-08 2.9732755e-06 3.6848312e-06 3.891492e-05 1.4383224e-06 0.00048810642 0.000945744 4.5153656e-06 0.000563288 3.6056305e-09 2.077672e-07 6.672371e-07 5.679826e-07 6.7214423e-06 0.00012796978 0.0002025559 3.1571028e-05 2.2104372e-07 4.7768124e-05 7.57169e-05 5.5915953e-06 4.8351094e-06 6.816435e-05 3.6296012e-07 3.8379472e-05 3.723447e-05 1.41655e-08 1.4167487e-06 4.3963837e-06 1.3901986e-08 2.6559658e-06
0.95268 0.11890649 0.76404834 0.004246353 0.0050640544 0.0010155283 0.9081227 0.9862634 0.7218006 1.5941006e-13 0.0005645849 0.2709355 4.557449e-05 0.00015141553 0.74292594 0.31616828 0.19151478 6.249558e-06 0.0321479 3.3463855e-06 0.64706695 0.11916324 0.79596174 0.19335625 0.103189886 0.0002418656 5.020428e-07 1.8307717e-05 0.00053330784 0.001929855 3.112808e-05 2.7231047e-06 0.00022172472 4.225927e-05 1.7242242e-05 1.80013e-06 0.005790297 0.00042148653 4.5929064e-06 0.5761786 1.3883934e-05 0.016437098 1.5077271e-06 0.00023987332 1.8966005e-06 1.9271116e-05 0.00747633 0.0749362 1.6368924e-06 0.031162674 0.06997324 0.016549941 0.0035638658 5.391467e-07 0.07367982 0.008990697 4.578263e-05 1.3180751e-08 6.2031354e-06 0.00014093223 0.000378582 0.0026297853 1.2934519e-06 0.0005882445 6.279971e-07 0.00014210478 6.166852e-05 7.3008067e-07 9.3166955e-07 1.4566996e-07 5.159267e-08 3.774102e-05 0.00024958584 0.00065318437 1.6668913e-06 0.009545506 0.011427968 0.00011076878 0.0027320036 2.044246e-07 1.8914681e-05 7.359721e-06 3.024124e-06 0.000110245746 0.0026618452 0.0022287655 3.5375444e-05 4.7037776e-07 1.8981757e-05 0.0009052789 0.0005317738 7.312053e-07 0.00035915806 0.0002416786 9.389396e-06 0.00043743083 8.125026e-09 0.0002092713 0.00023260186 9.480819e-07 5.648065e-05
0.9208315 0.36771423 0.018858107 0.77004755 0.4088426 0.7867827 8.5860534e-05 0.00044127996 0.0010654231 0.0005645849 5.4489745e-14 0.03406325 0.9783832 0.88980937 2.6702251e-05 0.0006996137 0.8161545 0.8028642 0.892175 0.62313324 2.5844307e-05 1.1085125e-05 0.14424 8.6286476e-05 6.0675534e-06 0.096330844 0.24516602 0.112884715 0.01610448 0.83255064 0.23231654 0.11263351 0.18502934 0.011016802 0.003145895 0.03027098 0.014057277 0.012036969 0.14664717 0.00015178045 0.028044762 1.3335022e-05 0.0047120075 0.012143228 0.0020953503 0.004077905 4.494516e-06 3.6377608e-06 0.0008327144 2.97987e-06 3.7515772e-05 0.0023719256 4.39093e-07 7.9258134e-05 0.00019093697 4.300868e-05 0.0013352648 1.5610276e-05 0.00025324972 6.411563e-07 4.1561925e-06 6.6138355e-06 1.241706e-05 3.4092348e-06 9.059832e-06 2.2047957e-06 1.2985927e-07 1.1339347e-05 2.9731693e-05 1.0711318e-06 4.7897356e-07 5.3457416e-07 1.562283e-05 0.0008211662 1.4027131e-06 0.00074901996 0.004743241 5.147313e-05 0.00015400824 1.2348825e-07 4.98508e-07 2.8948098e-06 1.5438374e-05 3.849426e-06 0.000121460136 0.0008547227 3.278678e-05 8.82628e-07 1.7392627e-07 0.00020710481 2.30979e-05 3.7308686e-07 8.916409e-05 3.177511e-06 4.8594197e-06 2.5212214e-06 2.020101e-08 5.8225182e-06 8.566167e-06 2.7111462e-08 1.3994589e-05
0.8965549 0.83774036 0.90703434 0.35393786 0.6469983 0.1529858 0.13461398 0.21682529 0.27976614 0.2709355 0.03406325 2.6697369e-14 0.00536752 0.002186656 0.035193417 0.7680114 0.34717605 0.0007645397 0.35479864 2.8660454e-05 0.003769083 0.0031729825 0.5744116 0.07492524 0.0010086993 0.8079189 0.00010481507 0.00068560446 0.83536524 0.007749311 0.00010608308 0.0009741872 0.042140543 0.6283797 0.087737285 1.431075e-06 0.9660075 0.6707952 2.9065488e-05 0.0008388182 1.0106862e-06 0.030827286 2.285176e-05 6.5920603e-06 3.417376e-06 1.390754e-06 0.00016668485 3.3081673e-05 9.889228e-07 0.00011131012 0.000594607 0.6120612 0.00013145553 1.09244596e-07 0.0007490281 0.2743535 1.1877076e-05 8.0693546e-08 5.653093e-07 9.388599e-06 1.4161227e-05 1.821804e-05 1.7800812e-06 3.0453572e-05 1.0396102e-06 1.1807969e-05 1.4083778e-06 1.11757645e-05 1.0718967e-05 7.2387087e-07 4.0515965e-07 7.943149e-05 9.259925e-07 0.0003852816 2.243206e-06 0.0018199859 0.0016922936 6.7922015e-06 0.0012710002 4.8870998e-08 3.737175e-07 3.747025e-07 1.2157706e-06 2.7637038e-06 0.00037869607 0.00069243263 0.00023656354 3.2767725e-06 4.1182563e-08 0.0010237211 2.183718e-05 2.2280278e-06 0.00010093242 4.4159354e-08 0.00043428424 0.0005859104 4.701474e-08 1.7018391e-06 2.071532e-06 1.699963e-07 0.00013801998
0.8948467 0.080221534 0.00591001 0.21551561 0.06510775 0.44943172 4.7188223e-06 6.2378305e-05 0.00016094137 4.557449e-05 0.9783832 0.00536752 1.5763446e-15 0.7672922 3.7198713e-06 7.016895e-05 0.52662355 0.97385293 0.73118454 0.49721178 1.6185581e-06 6.2386164e-07 0.055379815 8.786409e-06 2.1178084e-07 0.028989132 0.2051592 0.04469769 0.0016915102 0.85840255 0.52503484 0.060767226 0.047314946 0.001086403 0.00073931855 0.1660595 0.0011499083 0.001012541 0.2695047 2.9025157e-05 0.41054553 2.644646e-07 0.024490796 0.19600749 0.06697276 0.02934482 1.05379e-07 1.2529459e-07 0.004131819 8.49749e-07 1.810575e-05 0.00012497901 5.289549e-08 0.00014865365 6.229781e-05 1.5939556e-06 0.00494518 6.6488436e-05 0.001601172 3.1269387e-08 2.5519907e-07 1.6696852e-06 0.00018706203 6.734227e-07 0.0003246495 2.566836e-07 1.6047116e-08 0.0003038075 0.00013551099 6.0918563e-05 1.905169e-05 1.097521e-07 2.7054716e-06 0.003735574 6.035518e-06 0.00061320723 0.009235958 0.00029532227 6.834863e-05 2.0798502e-06 7.07878e-08 1.036949e-05 2.3647814e-05 9.1333663e-07 0.00027811146 0.0030051325 0.00017173424 6.056846e-08 1.0378959e-07 0.0013754708 2.0289412e-05 3.6417438e-07 0.00046896798 6.6394267e-07 7.574655e-06 1.0816149e-05 2.184016e-07 4.3783252e-06 9.360911e-06 1.8936301e-09 0.00019322248
0.9007732 0.05403838 0.005814223 0.24894726 0.13189712 0.8789871 1.8657254e-05 6.639377e-05 1.0099669e-05 0.00015141553 0.88980937 0.002186656 0.7672922 1.6449268e-15 1.8951522e-06 1.2228446e-05 0.13351898 0.7669931 0.33343074 0.98547804 1.0121378e-06 1.245857e-06 0.023865642 9.010073e-06 5.26034e-07 0.17633678 0.85413235 0.5151634 0.0031917626 0.4778301 0.2620549 0.37607878 0.58869267 0.0044593103 0.009092513 0.063188724 0.00077816966 0.0012399649 0.60426956 1.4300034e-05 0.017649667 2.3571015e-07 0.0063708965 0.01707233 0.009263918 0.013905441 3.796143e-07 3.5818815e-08 0.0032938106 1.8701378e-07 1.2570884e-05 0.00020762156 2.9421986e-07 0.0027465324 4.24477e-05 1.0281689e-06 0.005878357 6.292657e-05 0.0008349637 3.9653333e-08 4.724345e-07 6.9053067e-07 5.0369206e-05 6.077546e-07 5.5897268e-05 1.5261479e-07 2.333172e-08 2.2874608e-05 8.1962615e-05 8.774903e-06 5.562942e-06 1.04885906e-07 2.1557396e-06 0.00084147585 3.950613e-06 0.0004064182 0.004442931 0.00011845431 2.2692875e-05 1.13640404e-07 3.586715e-08 5.2067285e-06 7.3376377e-06 5.7747746e-07 3.130491e-05 0.001253414 0.00014476044 1.6349203e-08 2.3339076e-07 0.0005858134 1.1403765e-05 3.810176e-07 0.0001807329 1.6716425e-07 2.387543e-06 4.7417616e-06 1.2123283e-08 1.3831816e-06 2.1029464e-06 7.2476816e-09 3.640973e-05
0.90783304 0.009135523 0.20281883 0.00012517738 9.2751434e-05 2.0981897e-05 0.9710481 0.68721026 0.9497391 0.74292594 2.6702251e-05 0.035193417 3.7198713e-06 1.8951522e-06 4.691819e-11 0.46370393 0.008241448 8.758437e-07 0.0058049485 7.6604124e-08 0.7222422 0.81386364 0.14740093 0.9539633 0.4471055 1.1913696e-05 2.4079156e-07 1.1507325e-06 9.452985e-05 0.00039558628 3.5850445e-07 1.8802195e-06 7.870215e-06 1.1708561e-05 7.1809213e-06 5.6238697e-08 0.001910203 6.799217e-05 5.3000126e-06 0.24045885 6.2910783e-07 0.21311504 1.2297609e-07 5.1629706e-07 9.562763e-07 2.2199053e-07 0.02673301 0.7251792 9.872628e-08 0.51970875 0.068113185 0.048543308 0.3849849 6.7469195e-08 0.05411861 0.019980267 4.9657825e-07 3.6393234e-07 9.5603774e-08 0.0003188202 0.00029127186 0.002529691 6.394709e-07 0.018094566 3.0797742e-07 0.000103946055 7.839872e-05 2.585874e-06 7.351264e-07 1.233349e-07 5.9130414e-08 0.006665954 0.00041907825 3.8238744e-05 4.0450527e-07 0.0030968199 0.0014921455 6.4094447e-06 0.0015182632 3.0520805e-08 1.5743155e-05 3.6757622e-06 6.2096376e-07 4.995431e-05 0.00064267084 0.00029211558 1.7520902e-05 7.032755e-06 0.00045113236 0.00031629598 0.00014441091 2.4153826e-06 8.851295e-06 5.306663e-06 0.00016304535 0.0003065529 1.8635548e-08 2.1369738e-06 1.0205097e-05 2.3663111e-07 4.753189e-06
0.52487725 0.13078576 0.59334904 0.0047097523 0.007642219 0.00037249815 0.43267187 0.25770348 0.99338984 0.31616828 0.0006996137 0.7680114 7.016895e-05 1.2228446e-05 0.46370393 2.2140677e-13 0.011365802 8.8723045e-06 0.007686726 7.086153e-07 0.020856054 0.0101633975 0.08830323 0.96472675 0.0036703206 0.00020627437 8.1520915e-07 6.6733546e-06 0.024127008 0.00048210542 3.0356186e-06 9.776005e-06 0.0005444831 0.0021829908 0.00037704236 2.6367158e-07 0.26831737 0.06279168 1.11427835e-05 0.0031975668 1.9703045e-06 0.39298356 1.0351325e-06 4.643943e-05 7.5621892e-06 4.4657613e-06 0.00023178873 0.00058672705 2.2428496e-07 0.0011435435 0.00040456664 0.9314643 0.12072922 8.206686e-07 0.00040179957 0.68754566 3.1398897e-06 2.3589476e-07 9.596977e-07 3.8325543e-06 7.128363e-06 2.3759216e-05 1.1197768e-06 9.55204e-06 8.702027e-06 1.5083311e-06 4.8873824e-07 5.4704533e-06 2.5370464e-06 6.721266e-07 6.6832354e-07 9.783536e-07 1.1590657e-06 9.2108225e-05 7.29277e-07 0.00023771942 0.0005069055 4.009148e-05 0.00015735973 1.1006173e-07 3.9920383e-08 0.00013354246 1.9385077e-06 1.7290604e-07 9.320436e-05 0.00017426556 0.00081691245 8.376549e-07 1.0077713e-05 0.000104859275 5.392061e-06 3.2534637e-05 6.761161e-06 2.0430951e-08 0.00075569487 6.393038e-05 7.2711515e-07 1.3848585e-07 7.199329e-07 8.0067565e-08 3.9879385e-05
0.96416974 0.9591746 0.75224346 0.74250644 0.22648229 0.26070085 0.056778215 0.17707779 0.04316486 0.19151478 0.8161545 0.34717605 0.52662355 0.13351898 0.008241448 0.011365802 3.8693444e-14 0.08676617 0.95520055 0.014153985 0.0046592723 0.001439259 0.92430013 0.0016443355 0.0013091762 0.021750024 0.0112749655 0.0052787284 0.016862925 0.642261 0.012017722 0.00850748 0.013111298 0.0024726067 0.0004165371 0.0031086856 0.021442134 0.008583426 0.0027552883 0.008674518 0.003668251 5.0471914e-05 0.00016435562 0.013532675 0.0012522497 0.0023668474 0.00047832078 0.00075730874 0.000107630505 0.00015188905 0.0029457826 0.0017651931 8.18465e-06 1.6630702e-05 0.008946485 0.00030044533 0.0009887295 1.9034935e-06 0.00048314035 0.00012977976 9.887709e-05 0.00041298257 4.653537e-05 1.2354634e-05 3.703032e-05 1.4664832e-05 1.2122909e-05 3.6829415e-06 5.0513372e-05 5.2394294e-06 2.6429457e-06 3.830011e-06 8.636785e-06 0.004683503 1.6446787e-06 0.004657493 0.03341121 0.00030272812 0.0014214605 1.5925387e-07 0.00013117427 6.416977e-07 5.497424e-06 9.454531e-06 0.0017068683 0.008156327 7.588222e-05 6.5061425e-07 3.5304786e-06 0.0031778356 0.0005554411 2.8984354e-07 0.0014347915 7.689159e-05 1.6410979e-05 0.00014493547 8.840871e-09 0.00037345712 0.00016412475 1.2255718e-07 3.581074e-05
0.93213904 0.0069648954 0.0002606931 0.01402641 0.013982117 0.19004698 1.5463977e-06 4.805051e-06 8.328822e-06 6.249558e-06 0.8028642 0.0007645397 0.97385293 0.7669931 8.758437e-07 8.8723045e-06 0.08676617 2.710349e-16 0.4138131 0.72788376 8.72326e-07 5.4933236e-07 0.009546972 4.4820645e-06 1.0397088e-07 0.0176269 0.37973428 0.078916736 0.00051635475 0.827446 0.9458817 0.0727794 0.03687817 0.00054618844 0.0006053312 0.58951575 0.00016849535 5.7297428e-05 0.5646613 6.0225116e-06 0.6724211 1.3861086e-07 0.27696866 0.4746414 0.40542907 0.09106331 1.00362506e-07 3.5659507e-08 0.026373567 1.8345014e-07 2.963529e-06 1.5847365e-05 2.0883498e-07 0.0012427854 1.5262936e-05 2.0186155e-07 0.02779249 0.00040267745 0.005021405 2.4423189e-08 2.946881e-08 5.380737e-07 0.0057014446 9.898328e-08 0.0014235904 7.740103e-08 1.7000545e-08 0.0019903434 0.0011341462 9.850786e-05 6.2657695e-05 2.2496689e-08 3.4999653e-06 0.0057535702 1.8092562e-05 0.00018266411 0.01004001 0.00059406797 1.2443674e-05 4.2239426e-06 6.11155e-08 1.2561344e-05 1.9802028e-05 2.1394563e-07 1.2194197e-05 0.0020406914 0.0003921176 3.0127737e-08 5.5146496e-09 0.001189273 1.4127659e-06 1.061114e-06 0.0005933724 1.4556718e-07 4.48725e-05 1.4408762e-06 4.6996877e-07 7.3757235e-07 1.1621617e-06 7.909589e-10 0.00028155136
0.98166275 0.80825096 0.36282519 0.7761002 0.2563364 0.47439462 0.01968475 0.027162787 0.016450224 0.0321479 0.892175 0.35479864 0.73118454 0.33343074 0.0058049485 0.007686726 0.95520055 0.4138131 6.2601386e-14 0.07648243 0.0007519393 0.00037223077 0.62150764 0.00083893054 0.00023322536 0.041425336 0.044027902 0.014880181 0.01905661 0.92566675 0.093726024 0.01992687 0.028785253 0.0023573288 0.00037275153 0.036968317 0.021680694 0.006862279 0.021266034 0.0019078245 0.011593035 8.795699e-06 0.0034547981 0.19873448 0.007436445 0.022361409 7.1922404e-05 0.00019406331 0.0006383584 7.482885e-05 0.0007769443 0.00049996923 1.0042182e-06 6.70209e-05 0.0029027956 3.5345667e-05 0.006969606 6.3995744e-06 0.0029306416 4.3576198e-05 5.2103675e-05 0.00025984147 0.0015646381 4.4427125e-06 0.0005186811 3.242052e-06 4.7000312e-06 8.6837674e-05 0.00026888837 3.9603245e-05 2.540391e-05 2.1137464e-07 7.4155987e-06 0.013016302 1.0475466e-05 0.0025639187 0.04806708 0.0016723578 0.00079485786 1.9621366e-06 1.4017175e-05 1.4924373e-06 1.0939849e-05 3.3388876e-06 0.000984149 0.019749742 0.00071657007 3.4969673e-07 1.9900501e-06 0.009933209 0.00022641482 6.2419133e-07 0.0038043142 3.0314543e-05 9.846888e-05 7.324232e-05 2.0885827e-07 0.00020445064 8.0243044e-05 2.3643203e-08 0.00060517713
0.7313808 0.0043352125 0.0003594668 0.012559034 0.0087016905 0.23287128 1.2237995e-06 2.1707835e-06 4.7102188e-07 3.3463855e-06 0.62313324 2.8660454e-05 0.49721178 0.98547804 7.6604124e-08 7.086153e-07 0.014153985 0.72788376 0.07648243 3.063682e-15 2.1228137e-08 5.150104e-08 0.0023239476 2.089844e-07 3.1251798e-08 0.031158471 0.9195392 0.42752153 0.00014802426 0.23905417 0.74618334 0.28315106 0.23437823 0.00024849924 0.0038305847 0.3078238 1.0440311e-05 4.041702e-05 0.95637745 1.4598335e-06 0.074493974 1.0590263e-08 0.121868685 0.040967047 0.047524374 0.024055943 3.7724842e-08 5.5285616e-09 0.06489448 1.1106256e-07 2.3238633e-06 8.220399e-06 9.364651e-08 0.032172382 4.820114e-06 1.5087836e-07 0.010851522 0.0008751546 0.0017657083 6.363036e-08 2.5692568e-08 3.8446285e-07 0.0016251565 1.2762612e-07 0.000562515 1.0818413e-08 1.43425165e-08 0.00040030255 0.00031499195 6.0065286e-05 2.7032267e-05 2.8748525e-08 1.01416255e-07 0.0010568129 8.3452815e-06 0.00027106397 0.0026791287 7.8035155e-05 1.558817e-05 1.19062086e-07 3.279636e-08 1.3610331e-05 1.8955237e-05 4.825228e-08 1.0530336e-05 0.00070007856 0.00013113537 9.218335e-09 7.0929985e-08 0.00041493296 1.969786e-06 1.3956117e-06 7.508569e-05 3.1563103e-09 1.0093704e-06 1.5826755e-06 1.2945334e-07 7.975347e-07 3.4788258e-07 2.5793752e-09 0.0001258256
0.8804446 0.00083490513 0.011032142 7.065821e-05 3.7956837e-05 6.5863987e-06 0.5957315 0.44974753 0.1406704 0.64706695 2.5844307e-05 0.003769083 1.6185581e-06 1.0121378e-06 0.7222422 0.020856054 0.0046592723 8.72326e-07 0.0007519393 2.1228137e-08 6.7905187e-15 0.9737114 0.09168738 0.06524722 0.9801411 3.6201623e-06 3.0329016e-08 5.171486e-07 5.918864e-06 0.000144078 6.9197836e-07 1.314018e-07 1.1599543e-05 3.205852e-06 1.1157475e-06 6.353079e-08 0.00031467728 8.760229e-06 2.7985533e-07 0.9288663 4.120295e-06 0.007313857 1.4236066e-07 6.140056e-05 2.6621294e-07 8.141583e-06 0.24061337 0.52261657 2.9708719e-08 0.2695236 0.40894955 0.00069078273 0.007799986 2.0367811e-07 0.15723208 0.00044775722 1.9064375e-05 4.912192e-08 3.7096402e-06 0.0008900751 0.0015739304 0.017775258 3.6323595e-08 0.028850114 1.2856039e-07 0.0002495304 0.00015351204 1.0100217e-07 1.9232779e-07 4.2502073e-08 1.4152944e-08 0.002821092 0.0005528023 0.00019772071 4.404254e-07 0.007928925 0.0045703608 6.133215e-05 0.003729656 3.5063243e-07 6.0943576e-06 3.5850019e-06 2.4568471e-06 9.2277915e-05 0.003198363 0.0010581366 1.0074427e-05 1.0771897e-05 0.00010069168 0.00045416842 0.00032169325 1.4515194e-06 0.00017815724 0.00024764307 7.1615946e-06 0.00029290476 2.5657943e-08 3.3999506e-05 8.814235e-05 4.0856293e-07 9.156788e-06
0.8371376 0.00049471756 0.0061860657 5.151988e-05 2.3871982e-05 7.788702e-06 0.4661174 0.13992012 0.08911011 0.11916324 1.1085125e-05 0.0031729825 6.2386164e-07 1.245857e-06 0.81386364 0.0101633975 0.001439259 5.4933236e-07 0.00037223077 5.150104e-08 0.9737114 7.343167e-12 0.02855852 0.06700988 0.9917897 5.409155e-06 3.4305845e-08 5.291979e-07 2.090759e-05 0.00011332023 3.9725043e-07 5.298216e-07 4.759022e-06 3.1710538e-06 1.6065904e-06 3.7198248e-08 0.00017357823 9.495409e-06 1.7262505e-06 0.75475055 1.3289375e-06 0.009494514 2.6862986e-07 2.2127435e-06 1.7232163e-07 3.4113276e-07 0.72037184 0.7696806 1.8255987e-07 0.44846964 0.26065364 0.0008833918 0.022059144 9.9844314e-08 0.11425314 0.0002766275 7.858317e-07 1.9771136e-07 2.1979298e-07 0.000905788 0.0031109008 0.02236404 1.09764244e-07 0.2258641 3.827933e-08 0.00035020837 0.0002645074 5.836937e-07 3.7954769e-07 3.3433751e-09 7.4339477e-09 0.027319843 0.002061616 1.1379028e-05 2.514024e-07 0.0044389884 0.00043224185 1.5101815e-05 0.0030747354 2.2324897e-08 2.3556926e-05 2.2364651e-07 1.8445608e-05 3.166764e-05 0.0018916214 0.00010520494 2.032712e-07 4.0981755e-05 0.00021701523 3.3002925e-05 0.0001831527 8.430778e-08 3.7945563e-06 2.1283025e-05 8.442268e-06 9.507702e-05 1.2858846e-09 3.2351118e-06 7.930708e-06 6.240693e-07 5.1991066e-08
0.99957395 0.8520562 0.9168073 0.45324326 0.066704884 0.06393462 0.59721816 0.72880054 0.3256654 0.79596174 0.14424 0.5744116 0.055379815 0.023865642 0.14740093 0.08830323 0.92430013 0.009546972 0.62150764 0.0023239476 0.09168738 0.02855852 8.598014e-15 0.013705763 0.021996364 0.0038738446 0.0004271476 0.00035240804 0.003910089 0.122640654 0.0025072964 0.00031577272 0.0012947386 0.0003410718 9.230212e-05 0.00024988785 0.015133535 0.0022604642 0.0003802836 0.032722834 0.00021441943 0.0006858978 8.3971376e-05 0.00169008 0.0001223775 0.00043440002 0.005141757 0.021907417 2.6080563e-05 0.002392 0.009081138 0.0018161723 6.915134e-05 1.212151e-05 0.04236701 0.000385239 0.0005500254 1.8220192e-07 0.00013987884 0.00018978058 0.00030924194 0.0017153628 0.00010709429 6.529116e-05 2.8439961e-05 6.4950276e-05 5.5389482e-05 2.1849284e-05 2.7728214e-05 4.447295e-06 2.4857127e-06 3.6495926e-06 4.2961863e-05 0.004504897 1.3001611e-06 0.017424282 0.09074614 0.00032731376 0.00372144 6.07932e-07 0.00022678263 3.5392245e-07 2.4301978e-06 1.8375236e-05 0.002669109 0.020093925 0.00011608922 1.1141748e-06 1.6417312e-06 0.0072843116 0.0013494528 7.272177e-07 0.0038225616 0.00049411657 0.00018059732 0.00042226762 9.576908e-09 0.00070509774 0.00035310187 9.217267e-08 0.00011614304
0.36561364 0.0151352165 0.17574744 0.000866154 0.00075384777 8.04814e-05 0.45586604 0.12508774 0.86129034 0.19335625 8.6286476e-05 0.07492524 8.786409e-06 9.010073e-06 0.9539633 0.96472675 0.0016443355 4.4820645e-06 0.00083893054 2.089844e-07 0.06524722 0.06700988 0.013705763 2.2435229e-13 0.018128255 1.3838255e-06 2.0890498e-08 7.829796e-06 8.846277e-05 3.7816106e-05 3.947799e-06 8.727936e-07 2.4682218e-05 4.2534234e-06 1.4345628e-05 3.541902e-07 0.0068550278 0.00013859573 1.5471868e-06 0.007281415 4.752133e-06 0.9739653 3.2453354e-07 2.5557088e-06 8.483526e-06 3.4875856e-07 0.002971503 0.017577907 1.1113244e-06 0.16876137 0.001186162 0.4824658 0.8634854 1.6793602e-07 0.0014904467 0.26682514 2.3138987e-06 2.0038885e-07 1.2609641e-07 8.7797715e-05 0.00012530171 0.00012796049 2.838283e-06 0.00021684702 1.3998919e-06 8.885365e-05 2.6879784e-06 8.922052e-06 3.124621e-05 5.655837e-07 8.9121147e-07 0.00029948814 0.0004104187 3.081149e-05 1.9366313e-05 0.0005645413 0.00018595994 8.29977e-06 0.000272569 1.03063634e-07 2.571035e-07 0.00022419528 1.6026874e-05 3.0063015e-06 0.00012837583 0.000116281684 0.00011041988 9.983756e-06 0.0033559082 3.5567453e-05 1.5311776e-05 8.481273e-07 9.588172e-06 2.2628203e-08 0.0016797975 8.63555e-06 5.7410476e-09 8.151515e-07 8.323768e-07 7.346954e-07 1.3045641e-06
0.8030507 0.00029327595 0.0028324143 1.2143574e-05 1.030719e-05 3.502049e-06 0.16244909 0.051868036 0.020193273 0.103189886 6.0675534e-06 0.0010086993 2.1178084e-07 5.26034e-07 0.4471055 0.0036703206 0.0013091762 1.0397088e-07 0.00023322536 3.1251798e-08 0.9801411 0.9917897 0.021996364 0.018128255 1.4208725e-14 6.7470737e-06 3.2300157e-08 3.2626517e-07 5.001077e-06 5.184231e-05 7.689939e-08 1.0298012e-07 5.999352e-06 1.153321e-06 7.9309615e-07 1.2864225e-08 4.109474e-05 7.289422e-06 1.1235046e-06 0.84657 3.152947e-07 0.0028567305 2.5258433e-07 3.1847644e-06 2.0120156e-07 2.2403762e-07 0.8880126 0.6242856 1.527865e-07 0.21773973 0.37578005 0.00014708974 0.008319338 4.2061208e-07 0.17854814 0.00011721996 2.5635395e-06 8.953009e-08 2.3177336e-07 0.005540293 0.020894816 0.058769558 8.99932e-08 0.20800729 4.416146e-08 0.002157628 0.00062161114 2.7080077e-07 2.8701368e-07 7.1250352e-09 9.55556e-09 0.012197216 0.010296998 3.7609123e-05 4.0127892e-07 0.012379073 0.0017660081 1.14936e-05 0.009226434 9.585557e-08 0.00010192788 2.7740802e-07 1.6732487e-05 0.0003592987 0.0047275075 0.00038191257 3.9426277e-07 2.5134059e-05 0.00021296456 0.00010297036 0.0006153701 1.7588233e-07 0.00014771643 0.00050694926 7.020626e-06 0.0010778786 2.8549227e-09 0.00015486278 0.00035716244 7.2524845e-06 7.3087836e-07
0.09380433 0.10921856 0.037337642 0.23793069 0.9172154 0.85306585 0.000111364694 0.000407827 0.00023340758 0.0002418656 0.096330844 0.8079189 0.028989132 0.17633678 1.1913696e-05 0.00020627437 0.021750024 0.0176269 0.041425336 0.031158471 3.6201623e-06 5.409155e-06 0.0038738446 1.3838255e-06 6.7470737e-06 6.691336e-16 0.011686306 0.013978051 0.209891 0.01344156 0.006167216 0.019569239 0.5043203 0.6085411 0.9977642 0.000875681 0.0064108055 0.008495205 0.0014300533 1.9018713e-06 0.00014044238 8.00728e-07 9.8713535e-05 0.0002281199 0.00010046263 0.00018142765 3.858578e-06 1.0986709e-07 1.3849208e-05 5.0427985e-07 2.3742464e-06 0.00061631686 1.5725595e-09 0.0001200309 1.0974762e-05 1.7471313e-05 8.242242e-05 1.7217102e-05 1.6238853e-05 2.063625e-08 6.089163e-08 2.9768574e-07 0.00013027427 5.16242e-07 1.2205162e-06 1.5195626e-08 1.5755326e-08 5.849021e-06 3.600089e-05 4.2212022e-07 6.8387686e-07 3.7352225e-07 4.9653175e-09 1.3958042e-05 1.5235689e-06 0.000121799305 0.0001370052 2.1624935e-06 4.5428405e-06 1.4377177e-06 7.8639755e-07 2.6316354e-06 5.684085e-07 2.232081e-08 1.9448275e-06 0.00015188687 1.6978114e-05 2.1211342e-08 6.852968e-09 5.2271145e-05 1.4541587e-08 2.6416038e-07 5.0774206e-06 2.0913042e-10 3.2184468e-07 1.04675815e-08 6.8070607e-09 6.920289e-08 1.8825417e-09 3.4262097e-08 5.9887143e-06
0.85182256 0.0046556187 0.00024336396 0.020607503 0.085461825 0.70433736 2.3001137e-07 8.534279e-07 6.265952e-08 5.020428e-07 0.24516602 0.00010481507 0.2051592 0.85413235 2.4079156e-07 8.1520915e-07 0.0112749655 0.37973428 0.044027902 0.9195392 3.0329016e-08 3.4305845e-08 0.0004271476 2.0890498e-08 3.2300157e-08 0.011686306 4.5589037e-15 0.99583644 0.00027677848 0.09984259 0.46540922 0.21547401 0.056455832 0.00039525027 0.0066798492 0.17389949 2.5350316e-06 8.12309e-05 0.74646646 6.587746e-07 0.026065271 3.8260715e-08 0.045877915 0.023977658 0.018861651 0.013211969 9.303904e-08 1.24112525e-08 0.022995913 7.366117e-08 3.299902e-07 2.1597957e-06 5.129788e-09 0.034209684 3.7631762e-07 3.1417304e-07 0.010229858 0.0034044543 0.0013299913 1.0568309e-08 6.015545e-09 7.248805e-08 0.006395024 2.6722148e-07 0.00044307215 3.1310825e-07 1.3260029e-08 0.00417818 0.0010247022 7.385585e-05 1.5497617e-05 4.6183548e-08 7.160788e-08 0.0010959528 5.7157988e-05 0.00018002298 0.004683072 0.00027848862 1.8417815e-05 9.689609e-06 1.215071e-07 0.0016140357 1.9002679e-05 2.5025903e-07 3.6451976e-05 0.0023002794 0.00031205433 3.2226235e-09 2.1676573e-08 0.001142143 1.533823e-07 2.7857133e-05 0.00057662756 8.1111173e-10 3.0720548e-06 5.2490773e-06 5.879085e-06 2.0064425e-08 1.6339943e-08 8.822719e-11 0.00037141837
0.42016175 0.005830498 0.00048938865 0.01923819 0.14127399 0.6088139 1.3730847e-05 2.9014642e-05 2.6071793e-06 1.8307717e-05 0.112884715 0.00068560446 0.04469769 0.5151634 1.1507325e-06 6.6733546e-06 0.0052787284 0.078916736 0.014880181 0.42752153 5.171486e-07 5.291979e-07 0.00035240804 7.829796e-06 3.2626517e-07 0.013978051 0.99583644 3.049197e-14 0.00021814195 0.017749064 0.035516538 0.99392647 0.41755864 0.000403717 0.0062821466 0.0075835525 9.761705e-06 0.00016737888 0.23862243 8.499102e-07 0.003009311 3.3515195e-07 0.0019700914 0.0020927913 0.0017914234 0.0010305755 5.330053e-07 3.2901164e-07 0.00048486807 1.256401e-06 1.0173762e-06 1.2546773e-05 1.4766669e-06 0.0027851448 5.2845126e-06 2.769429e-06 0.0002651188 0.0007416486 0.00014831325 5.000807e-07 1.1936383e-07 7.859298e-07 0.00082947075 1.117237e-06 7.236597e-05 1.9476172e-06 1.4272819e-06 0.00020542023 0.000748231 2.1781027e-05 6.3953644e-06 1.1167305e-07 5.171486e-07 0.0002961207 2.7684142e-05 0.00028227322 0.0004574246 0.00013476066 1.6792897e-05 9.987093e-07 5.3254035e-07 9.939358e-05 4.602726e-05 9.141893e-08 1.4523772e-05 0.00045173988 4.6545087e-05 3.691715e-08 1.00064135e-07 0.00015122807 7.159504e-08 2.6384982e-06 1.1169042e-05 9.619137e-10 3.6135327e-06 1.1253877e-06 2.2534967e-07 1.3935143e-08 3.976291e-09 3.7475914e-08 1.160865e-05
0.040144138 0.13231985 0.08553097 0.0650814 0.6120358 0.20404634 0.0008534472 0.000697175 0.0019995011 0.00053330784 0.01610448 0.83536524 0.0016915102 0.0031917626 9.452985e-05 0.024127008 0.016862925 0.00051635475 0.01905661 0.00014802426 5.918864e-06 2.090759e-05 0.003910089 8.846277e-05 5.001077e-06 0.209891 0.00027677848 0.00021814195 1.5069828e-17 0.00060522073 5.7974597e-05 0.00026725166 0.0030482863 0.9950055 0.054809444 1.0509409e-05 0.58434457 0.9933609 4.90096e-05 2.950886e-06 7.926951e-06 0.00010537293 1.4688067e-05 9.866539e-06 2.3810173e-06 4.646878e-06 2.3856721e-06 2.7658064e-07 2.1222885e-07 8.971021e-07 4.8476027e-06 0.0037919611 4.3026276e-07 8.722312e-07 1.898297e-05 0.00014205858 2.4465874e-06 1.8635664e-07 1.13304935e-07 1.1202378e-07 1.5280384e-07 6.706808e-07 8.996433e-05 6.1845763e-06 1.4349952e-07 1.2689019e-07 5.5028426e-08 8.9396735e-06 5.2277428e-05 4.7747494e-07 4.6527913e-07 5.2557516e-07 1.3168066e-07 1.4705887e-06 1.682771e-06 7.07979e-05 7.40854e-05 1.2016305e-06 9.263621e-06 3.2337468e-07 1.8543009e-06 4.8025976e-07 4.3592263e-06 1.062752e-07 1.7635052e-06 8.238587e-05 2.19508e-06 3.651815e-09 2.0616461e-08 2.2041177e-05 7.713311e-08 7.3627184e-08 1.4458976e-06 1.3876778e-10 3.0612088e-07 5.967721e-08 3.4431555e-09 7.855127e-08 2.0537132e-09 1.325925e-07 1.6481125e-06
0.9947001 0.1773656 0.04158333 0.28348666 0.053624127 0.2408105 0.0014100375 0.0017354472 0.0012491252 0.001929855 0.83255064 0.007749311 0.85840255 0.4778301 0.00039558628 0.00048210542 0.642261 0.827446 0.92566675 0.23905417 0.000144078 0.00011332023 0.122640654 3.7816106e-05 5.184231e-05 0.01344156 0.09984259 0.017749064 0.00060522073 1.0468841e-15 0.5227006 0.0134157995 0.01506714 0.00041406095 0.0001986184 0.30784383 0.00048287987 0.00021002446 0.15310457 0.00054939423 0.15694802 8.536461e-07 0.05757917 0.84995914 0.18313871 0.49908838 4.7444437e-06 1.5470969e-06 0.008540415 3.24612e-06 0.0001998727 0.000118844924 1.8176733e-07 0.00027758945 0.00067421823 6.9358254e-07 0.12877306 0.00011273643 0.04186524 3.2442106e-06 8.2338465e-06 2.9936376e-05 0.021035658 8.6931544e-07 0.017476397 3.43907e-07 5.615566e-07 0.002634209 0.0046674553 0.0009184302 0.0024750403 1.6585275e-07 5.944303e-06 0.07064398 6.549565e-05 0.004339806 0.23718199 0.00542507 0.0014784009 6.832016e-05 1.36861745e-05 2.6783839e-05 4.4356442e-05 2.8101804e-06 0.0013054273 0.0636517 0.0024313515 1.3170605e-07 4.774699e-07 0.03100842 0.00032255895 3.986214e-06 0.021711228 4.5935045e-05 2.4003086e-05 9.3160816e-05 4.243883e-07 0.00022513457 0.00013720305 5.3127516e-09 0.0021127835
