5.040237e-14 0.9492228 0.944524 0.75646645 0.42918652 0.8767245 0.9545667 0.96679324 0.94368976 0.5183139 0.042051665 0.26307994 0.97680235 0.4355754 0.08179978 0.68213147 0.8471861 0.01305428 0.03377191 0.9210019 0.004071751 0.009152485 0.97162235 0.95999354 0.016324077 0.7984624 0.98524886 0.09640296 0.03866073 0.98339736 0.34687346 0.5688051 0.00028007786 0.97572106 0.9840854 0.9720737 0.991865 0.6964724 0.012985298 0.2599762 0.6686588 0.9683689 0.29420674 0.71564287 0.87320906 0.7355066 0.024423897 0.9538962 0.78611135 0.71036863 0.24411975 0.5064207 0.49687096 0.82116324 0.95204073 0.9015488 0.9773492 0.91437006 0.86634517 0.8830603 0.88370407 0.9464679 0.4240748 0.99157476 0.82696563 0.35684475 0.8605864 0.9201466 0.55428874 0.99001825 0.012681162 0.92492217 0.542 0.7994349 0.7876822 0.97174263 0.42047244 0.8790145 0.37896752 0.65458816 0.36533698 0.94250405 0.9869061 0.0005844499 0.6748353 0.96191925 0.0012755088 0.99698746 0.9999865 0.0005138289 0.99998814 0.98874474 0.43166763 0.5223057 0.0017732886 0.8390712 0.9957637 0.60755414 0.9704281 0.9428941 0.80270064
0.9492228 1.404818e-13 0.784447 0.05384039 0.72506434 0.56416386 0.7750899 0.05886224 0.09887938 0.56930846 0.7374408 0.9825361 0.90599465 0.028557697 0.0070635946 0.0026912321 0.0008216085 0.00093155814 0.02736684 0.00012261336 0.00017560874 2.2521497e-05 0.2615542 0.6330587 0.059406616 0.0014853533 8.905514e-05 3.0438998e-05 0.08559306 0.37426814 0.040015873 3.2481485e-06 0.0005126307 0.0009715425 0.88074255 0.8012548 0.45291728 2.1502463e-05 0.024438195 3.7794507e-05 6.3494066e-05 5.7340556e-05 4.442399e-06 0.0018470805 0.0032210816 0.00019750361 2.5403813e-05 0.00038538783 0.0011630714 1.783081e-05 3.5100097e-08 5.9528406e-06 2.1367383e-05 0.0002518429 3.9853647e-05 0.003455678 0.0003168832 8.712913e-06 6.728536e-06 7.502027e-05 0.0048048776 0.00025575323 3.7002203e-06 0.0014364144 4.4152176e-07 4.4204128e-07 0.00015412066 9.363173e-07 5.2071726e-07 0.001742527 5.2332425e-06 6.085562e-05 3.548886e-06 0.0003457672 0.00012698928 0.0006200516 1.4233501e-07 6.307497e-07 9.7350586e-08 7.138667e-05 1.0465944e-06 4.9512037e-05 0.0009079614 9.9807956e-08 4.9807835e-07 0.00085683854 3.8817745e-08 0.0007201846 0.0032225319 9.9026085e-09 0.047728397 3.0270663e-05 1.2075773e-07 1.770431e-06 1.2708917e-07 1.8867164e-06 3.4415374e-05 1.732644e-05 2.994817e-05 3.0289457e-05 6.5200186e-07
0.944524 0.784447 1.3748521e-11 0.98214155 0.87021315 0.025016597 0.9302803 0.7852343 0.0019961537 0.007285155 0.027366754 0.009526517 0.04206242 0.00027130966 0.20039384 0.6270595 0.59645206 0.047704086 0.072544925 0.43755373 0.003648895 0.0018150294 0.8126666 0.036259495 0.010811907 0.00012563964 0.011788993 0.028110983 0.00042409607 0.87431806 5.835045e-05 0.00054054486 0.00020642868 1.8712904e-05 0.38409865 0.13061808 0.8224082 0.0014142926 0.00012722117 1.5518588e-05 8.3787745e-06 6.280475e-05 0.00013764063 0.0001405804 0.000273544 0.00016670219 2.3885543e-06 3.542416e-05 8.794637e-05 4.2271768e-07 4.1047756e-06 1.9874222e-05 0.00011046738 2.4956047e-05 5.373904e-06 0.00092008675 0.0007549727 5.4022626e-06 1.0097329e-05 7.433991e-05 0.0011233067 2.7942118e-05 1.5463895e-05 0.000975907 4.77771e-07 1.8546951e-06 1.93945e-05 6.292816e-08 5.96169e-07 0.0059732087 1.4169609e-06 2.7908359e-06 1.4124203e-07 0.0003552655 0.00021260719 0.0003895088 4.23367e-06 2.879339e-06 1.6982194e-07 9.239037e-05 1.2657395e-06 4.621863e-06 0.00087439036 5.815548e-06 1.4762466e-07 0.0006122194 2.671905e-08 7.719077e-05 0.0055084876 1.1955021e-07 0.0105386 1.652388e-05 3.9092033e-06 2.032616e-06 2.8394797e-06 1.5000383e-08 2.1482846e-07 1.0980927e-05 2.012953e-06 1.0567019e-06 1.6377252e-09
0.75646645 0.05384039 0.98214155 9.995502e-12 0.98838276 0.00094601105 0.8812881 0.7634559 0.00011463011 0.00027349338 0.0017909588 0.0013306846 0.015428545 6.326341e-05 0.83560646 0.8322764 0.16316517 0.32490274 0.474274 0.005805729 0.043487873 0.049542513 0.21152885 0.008287528 0.0070132986 4.2850526e-05 0.0041296305 0.006191688 2.1522466e-05 0.29729965 1.293944e-06 6.115792e-05 0.0020281794 4.60839e-06 0.070841804 0.01859406 0.21614817 0.000113243856 8.2055834e-05 2.6847683e-06 2.7378104e-07 0.00022330692 1.0202304e-05 0.00040767304 0.00013300369 0.0005107283 1.0579281e-06 0.00010613145 9.6992655e-05 7.4612785e-07 8.9732544e-07 4.0147686e-05 0.00015078165 4.2062697e-05 2.0361715e-05 0.00014086666 0.00073157507 4.9522637e-06 7.511148e-05 0.00027621313 0.00040308837 2.7715578e-05 3.6496604e-05 0.0004195543 6.995843e-06 1.2895025e-05 9.0806745e-05 6.3824444e-07 3.852151e-06 0.0021358868 3.6134824e-07 7.8034445e-06 6.232339e-06 0.0007323576 0.00034967312 0.00035108134 4.036623e-06 1.4921924e-06 3.354175e-06 0.00018705812 4.4051217e-06 7.3595496e-05 0.0007632091 3.5179687e-06 1.0645186e-06 0.00049409724 3.098849e-08 0.00026950167 0.0010967329 2.8399402e-08 0.0018558303 5.2544485e-05 1.2867614e-06 2.6376316e-05 2.1400602e-07 1.1640517e-06 4.1564366e-05 7.571799e-05 2.7313821e-05 2.411156e-05 6.240642e-08
0.42918652 0.72506434 0.87021315 0.98838276 5.947633e-15 0.020514475 0.70735663 0.22636217 0.001095235 0.039288953 0.16615234 0.119825825 0.017545834 0.0020351592 0.81064445 0.108593576 0.091370985 0.07020312 0.99301285 0.0005902974 0.013313536 0.0039450238 0.10280335 0.015966807 0.46119082 5.9176375e-05 0.000215076 0.0015173246 0.0022843396 0.14352664 2.561118e-06 6.3170455e-07 0.30672345 3.920916e-06 0.07801373 0.030326685 0.118231 7.756206e-06 0.003024547 7.0288525e-06 3.8027395e-08 7.993925e-06 3.1012796e-08 0.00015944196 0.0001179331 0.00012965531 6.1525325e-06 5.0175706e-05 2.7948727e-05 4.709734e-07 4.3131942e-09 5.992714e-06 8.478111e-05 3.7697027e-05 2.0134361e-05 3.0510084e-05 2.1969387e-05 2.2926229e-06 7.738968e-06 7.9311785e-06 0.00021153368 2.2408782e-05 2.8782433e-06 7.618009e-05 1.6955768e-07 1.8711611e-06 6.9571906e-05 3.6371762e-07 4.3833847e-06 6.319907e-05 1.3299139e-06 6.890986e-07 1.4520441e-06 8.4950676e-05 4.4648525e-05 2.1820444e-05 3.1501294e-08 2.2785473e-07 2.9305536e-06 1.1842703e-05 3.6439342e-06 0.00027973036 0.0004217042 8.589255e-09 1.4892296e-06 0.00014892596 6.5604353e-09 0.00011355293 0.0004214813 1.2907475e-09 0.0005418013 2.2572879e-06 1.8266584e-06 2.6062758e-05 1.1526371e-06 6.374665e-07 5.6192594e-06 8.2217986e-05 4.2980918e-07 1.9221293e-06 1.1554533e-08
0.8767245 0.56416386 0.025016597 0.00094601105 0.020514475 7.21451e-13 0.04145809 0.00047024767 0.9883622 0.96644866 0.012583046 0.7989077 0.91615844 0.7402081 8.887984e-05 0.00019946597 7.562799e-05 1.3279576e-05 0.00011269774 2.651069e-06 3.4381765e-06 1.2647428e-06 0.029206725 0.7686159 0.0025770029 0.03969905 5.28606e-06 2.4894969e-06 0.106729895 0.055175442 0.18743348 7.459421e-07 4.5655643e-06 0.0060323565 0.6038578 0.7004571 0.07071639 5.0580525e-07 0.001131541 0.0022463412 0.00025260905 7.4714717e-06 1.7399545e-07 0.0051572947 0.015434151 3.3930446e-05 0.0017181722 0.0020029135 0.0024967797 8.860293e-05 1.9864308e-09 7.774998e-07 1.4923974e-06 0.00046562025 0.00053165696 0.00977409 0.00016566741 0.000119852215 1.9876031e-06 2.591378e-05 0.012569218 0.00093961327 2.735737e-06 0.005387931 1.2327364e-07 5.2932813e-07 0.0005821553 1.5099337e-05 1.3788415e-05 0.00094326824 2.3126819e-05 0.00023227179 6.9848365e-06 7.347025e-05 2.0527796e-05 0.00037134896 6.474063e-07 9.2667e-07 1.1766892e-05 3.03538e-05 6.521934e-07 0.00033971408 0.001999563 6.64631e-08 4.7535266e-07 0.00041219898 1.4883472e-07 0.00085388764 0.0014336172 1.8801602e-08 0.029859435 1.9079544e-05 1.4808031e-06 4.858889e-07 4.0783475e-06 9.145224e-08 2.2227823e-05 0.000110061585 1.1682416e-05 2.4731371e-05 4.0557932e-08
0.9545667 0.7750899 0.9302803 0.8812881 0.70735663 0.04145809 7.8681195e-10 0.8740502 0.0047830306 0.0035598844 0.027505461 0.015259387 0.08173489 0.00018170381 0.21710932 0.74240875 0.5045688 0.058796402 0.0860048 0.47147024 0.0046040067 0.0017951818 0.9735799 0.06825362 0.005481936 0.00015495082 0.06688803 0.019228052 0.00059497764 0.9182593 0.00011283238 0.000670109 0.00018115483 4.855846e-05 0.45718047 0.13026306 0.82487917 0.0055799377 9.691444e-05 9.325296e-06 1.7621125e-05 0.001246484 0.00046656572 0.0004489962 0.0010232988 0.0010910343 1.9639592e-05 0.00014278237 0.00018218116 3.7427412e-06 6.683331e-05 0.00012107906 0.00013914256 9.3156385e-05 1.5338626e-05 0.003918219 0.0015531795 1.8364568e-05 4.440338e-05 0.0003963829 0.0048044603 3.2196873e-05 4.447577e-05 0.006749855 1.014298e-05 2.2822618e-05 4.946328e-05 6.5649425e-07 7.6790974e-07 0.020144913 1.877871e-05 2.8395434e-05 6.956341e-07 0.0018427233 0.0004255391 0.0032220278 3.5154488e-05 9.165394e-06 8.7156843e-07 0.00035536804 1.1793783e-06 3.2729356e-05 0.0048990725 0.00012302848 5.6867226e-08 0.0037131761 1.7591336e-07 0.0010768729 0.014325103 3.7317085e-07 0.02627452 7.659117e-05 1.4025199e-05 4.8248926e-06 1.1958282e-05 4.4024286e-08 5.5526543e-06 9.320068e-06 3.905505e-05 2.9487746e-05 1.384514e-07
0.96679324 0.05886224 0.7852343 0.7634559 0.22636217 0.00047024767 0.8740502 1.779347e-11 8.8210385e-05 0.00011808796 0.0005183132 0.0004286763 0.004850251 1.3241473e-05 0.20696951 0.9176277 0.9078455 0.0626881 0.027718805 0.8829712 0.011228353 0.015850706 0.88660616 0.005360422 0.00014717829 6.7289343e-06 0.34653643 0.07128899 1.3229457e-05 0.873914 1.1151013e-05 0.011316025 7.4791924e-06 4.9436636e-07 0.10178665 0.031237157 0.7094651 0.027046753 2.6944756e-05 2.3641951e-07 4.5413046e-07 0.010491284 0.001357629 1.268903e-05 2.4396917e-05 0.0034827364 1.4283181e-06 2.7604585e-06 3.6023775e-06 2.396393e-07 6.325985e-05 0.00028152906 0.0003887931 2.701264e-06 4.3736446e-07 0.00023704591 0.0058118035 3.1218926e-07 7.5767544e-05 0.00079344586 0.00025750534 2.3593245e-06 5.4936747e-05 0.00017672025 8.8436245e-06 1.3933955e-05 2.4932579e-06 1.3752108e-08 3.6104428e-08 0.023560032 1.5073822e-06 8.8995614e-07 7.723277e-08 0.0025160813 0.0007639937 0.005670999 2.882654e-05 3.9175462e-05 5.5944913e-08 0.0003569384 3.0340513e-07 1.3365636e-06 0.0007013723 5.669625e-05 2.3599421e-07 0.0033913497 8.4871965e-07 0.00010847187 0.009557344 6.0924305e-07 0.011441457 0.00021630216 2.3940527e-06 1.3710976e-06 3.954627e-06 4.8767458e-08 1.7485145e-07 1.4813732e-05 6.351501e-05 1.1782669e-05 5.177561e-07
0.94368976 0.09887938 0.0019961537 0.00011463011 0.001095235 0.9883622 0.0047830306 8.8210385e-05 2.3222665e-13 0.5524352 0.0010114331 0.20023498 0.9062865 0.9710651 1.3826099e-05 5.5519504e-06 7.966803e-07 3.533611e-06 1.584599e-05 8.363893e-08 5.267327e-07 3.3977912e-07 0.011996526 0.8390246 0.00019642053 0.43772274 4.347645e-07 3.7498526e-07 0.08680711 0.021203304 0.19494757 4.57266e-09 4.0287046e-06 0.12178033 0.55077004 0.735178 0.01774138 3.183568e-08 0.00031029928 0.07088034 0.010511709 2.5689567e-07 1.0496631e-08 0.07266404 0.12650889 1.313103e-06 0.011938189 0.014563927 0.022002071 0.0021051057 2.8203113e-09 3.406115e-08 3.079087e-07 0.0018786798 0.0017491427 0.04107635 1.7595636e-05 0.0005613781 2.9231802e-07 1.4750469e-06 0.06334471 0.005986499 6.178427e-08 0.022674209 1.4516647e-08 2.7032714e-08 0.0014583565 7.427379e-05 7.3253505e-05 0.0002841409 0.00012107421 0.0011152279 1.7568738e-05 8.759737e-06 1.614165e-06 4.9986476e-05 5.4995372e-08 6.907326e-08 2.3065937e-05 9.258282e-07 6.2293507e-06 0.0014275365 0.01220943 9.883443e-08 3.2385844e-06 0.0006324858 1.17440884e-07 0.0061379317 0.0032730298 4.336514e-09 0.076552615 5.185475e-06 1.8228943e-06 5.0756776e-06 3.3544884e-06 4.3173057e-07 0.0003633061 0.00059804507 8.5265185e-07 6.0425555e-06 5.9998726e-08
0.5183139 0.56930846 0.007285155 0.00027349338 0.039288953 0.96644866 0.0035598844 0.00011808796 0.5524352 2.3218137e-14 0.018157844 0.58035463 0.14060985 0.98490584 4.3227763e-05 6.545278e-06 1.915349e-05 1.3073459e-05 0.0006506971 4.4060522e-07 1.1148067e-07 3.9264982e-08 0.00097028236 0.13635351 0.006200569 0.016655233 2.4490246e-06 1.4407194e-06 0.97549146 0.0012138765 0.8491058 6.233088e-08 2.6148326e-05 0.0040719025 0.08518299 0.12956274 0.0013676065 6.670121e-08 0.0051245107 0.0151713155 0.0006299223 7.647442e-06 6.559563e-08 0.0010238778 0.0020994197 2.0210928e-05 0.04812008 0.0005487188 0.00017598527 0.00011058924 6.554441e-10 6.0860435e-07 3.5015676e-06 0.000103507926 6.908068e-05 0.0002213668 5.1216957e-06 1.5805072e-05 4.873545e-07 5.639507e-07 0.00054067886 0.00013193756 2.6143312e-07 0.0004453632 2.4273243e-07 1.9411161e-06 4.8558784e-05 2.6348383e-07 7.92358e-06 1.4401748e-05 0.00010870186 3.778937e-06 9.013458e-06 1.1098776e-06 1.0552463e-05 5.521083e-06 1.44625885e-08 1.3219996e-07 2.4818127e-07 4.2439882e-07 5.257556e-07 0.00013939345 0.0005174316 8.2363435e-08 1.06466675e-08 2.7977901e-05 2.3907624e-08 0.00041023383 0.00026304586 2.3532257e-08 0.0040935487 1.7606889e-06 1.2255958e-06 2.2047253e-07 5.131437e-07 2.2467843e-07 8.871958e-06 8.590844e-07 4.2874703e-06 5.9643826e-06 4.7195694e-08
0.042051665 0.7374408 0.027366754 0.0017909588 0.16615234 0.012583046 0.027505461 0.0005183132 0.0010114331 0.018157844 1.4404732e-14 0.9993985 0.015260005 0.0010746496 0.000301004 0.00012297346 1.2764561e-05 0.0001266412 0.020696288 1.8218099e-06 4.6878395e-05 8.758167e-06 0.002185233 0.011521609 0.9391738 4.0858667e-05 1.3489407e-05 2.6019854e-06 0.013158271 0.001728247 0.00035645417 1.3650093e-07 0.008189463 2.9704883e-05 0.02089116 0.012011649 0.0032002423 1.3251195e-06 0.9147589 2.7329127e-06 4.8983196e-07 4.684425e-05 6.905202e-07 6.320721e-05 9.193385e-05 2.9319974e-05 4.899509e-06 1.4814693e-05 5.926286e-06 1.6390511e-06 1.7299212e-09 1.8729178e-06 1.6949618e-06 1.7103632e-06 9.66007e-07 1.5264508e-05 8.640344e-06 4.3725018e-07 2.684031e-06 3.7896862e-07 9.839819e-05 8.9261414e-07 8.542711e-08 8.250664e-05 4.805145e-07 1.9556737e-07 2.3957632e-06 2.2254579e-08 1.2040928e-07 2.6439151e-05 4.195827e-06 1.0103262e-07 1.0386617e-06 5.927564e-06 1.1075314e-06 2.4204683e-05 2.8436963e-08 7.3719684e-07 1.2774661e-08 1.285102e-06 1.6277319e-07 4.7060745e-05 0.0013853183 1.5445199e-08 1.6007735e-07 0.00020509529 3.7475054e-08 2.808976e-05 0.00020375516 1.1151101e-08 0.0007327146 2.4508246e-05 1.2416581e-06 2.7079713e-07 7.5303257e-07 8.2353574e-07 1.9790407e-06 1.2735245e-05 1.4776109e-06 4.232148e-06 2.588177e-07
0.26307994 0.9825361 0.009526517 0.0013306846 0.119825825 0.7989077 0.015259387 0.0004286763 0.20023498 0.58035463 0.9993985 4.0481138e-14 0.24205518 0.29315978 5.2536623e-05 6.110639e-05 3.05948e-06 3.3560325e-05 0.0014046441 1.1978437e-07 8.818103e-07 1.1380835e-06 0.0015938054 0.16373621 0.020402113 0.0062604602 6.044062e-07 7.503107e-09 0.5673477 0.0009794057 0.0019689514 3.895004e-09 0.0003758454 0.00085337926 0.12581727 0.11999278 0.0015703171 3.2750808e-07 0.45280224 0.0004895565 3.7448066e-05 1.9375899e-07 6.585487e-08 0.0015373729 0.0026930848 2.3617974e-07 0.00026139987 0.0007447324 0.00015804448 4.0881783e-05 1.7170146e-10 1.2299785e-08 4.4260286e-08 4.1167506e-05 1.4730795e-05 0.000606443 6.197873e-06 1.76016e-06 6.4553143e-07 2.6264814e-07 0.001242248 4.9336035e-05 1.0070934e-08 0.00096581865 7.180835e-09 2.8957098e-08 7.485154e-05 1.963957e-07 3.1966747e-06 3.0801562e-05 2.1543833e-06 9.596703e-07 5.868456e-07 1.8135377e-06 1.9169624e-07 2.6456364e-06 4.2932388e-10 1.7690479e-07 2.2645388e-08 6.845212e-08 4.9875234e-07 0.00042915923 0.001131494 4.1437318e-07 2.4338428e-07 5.310225e-05 2.36676e-09 0.00065261155 0.00034261614 1.4477079e-08 0.0039959373 2.1311043e-06 4.4213823e-07 2.7258056e-07 3.5203215e-08 1.6561772e-07 7.3503536e-05 1.3752326e-05 2.0254902e-07 3.6795308e-07 1.3769196e-08
0.97680235 0.90599465 0.04206242 0.015428545 0.017545834 0.91615844 0.08173489 0.004850251 0.9062865 0.14060985 0.015260005 0.24205518 8.121926e-13 0.050969347 0.00083203684 0.0015388252 0.00039585517 0.00021046879 0.00022582266 0.0004705994 5.350396e-06 2.5467827e-07 0.05587537 0.9639014 0.0003920327 0.08279828 3.8439546e-05 8.943246e-06 0.011490594 0.04624246 0.028566256 4.9582906e-07 3.907608e-06 0.2952859 0.87529534 0.8949167 0.066393375 2.8499559e-05 0.000185309 0.005527635 0.00684738 2.9827546e-05 1.2609455e-06 0.01676883 0.050034508 1.1576137e-05 0.0002491399 0.010211206 0.0019720134 0.0013876104 1.2083577e-08 9.462771e-07 2.946603e-06 0.000567671 0.00015029339 0.02081334 2.972302e-05 0.00012573108 2.5554111e-06 3.6882486e-06 0.033541914 0.00070431986 1.1160391e-06 0.02312943 9.2489316e-08 5.1339237e-07 0.00018990894 5.219466e-06 4.4859175e-06 0.00093565905 3.8402814e-06 8.9378795e-05 1.1778726e-05 8.7918364e-05 0.0001334863 0.00030901437 1.3680947e-06 8.109645e-07 1.015876e-05 1.1787064e-05 1.2549616e-06 6.69671e-05 0.006269306 1.6808646e-07 7.7809835e-07 0.00030435296 7.3638944e-09 0.0009058048 0.007076935 1.1888101e-07 0.05784539 4.700013e-06 3.758316e-07 1.5905019e-07 2.4542183e-07 6.570917e-09 2.8397558e-06 2.7038593e-06 4.3779596e-07 6.965721e-07 1.8179291e-08
0.4355754 0.028557697 0.00027130966 6.326341e-05 0.0020351592 0.7402081 0.00018170381 1.3241473e-05 0.9710651 0.98490584 0.0010746496 0.29315978 0.050969347 2.3318302e-14 3.2420223e-07 3.172686e-07 5.778692e-07 3.726964e-07 7.145048e-05 5.860696e-08 5.2232398e-08 3.53886e-09 0.00011617395 0.08259358 0.00038901358 0.25125623 3.0074415e-07 4.352376e-08 0.91963553 0.00023775002 0.95236135 7.265259e-09 4.7629248e-05 0.03793597 0.017398968 0.04985174 0.00019196252 6.796413e-08 0.0009498278 0.27376238 0.030304855 1.3876859e-06 2.360283e-08 0.006800693 0.0151294945 2.827282e-06 0.518896 0.0033778674 0.0029472003 0.0034670797 5.6385147e-10 1.2131859e-07 2.093266e-06 0.00028734305 0.00019949183 0.002619856 1.2100611e-06 0.0005243364 2.2281837e-07 1.6300217e-07 0.004965416 0.0004877497 9.4792135e-08 0.0018450719 1.6475546e-08 4.692482e-07 0.00013394079 2.6705206e-05 0.0004756216 1.2082886e-06 0.0033686748 8.234157e-05 5.483902e-05 6.851547e-08 9.126392e-07 6.771327e-07 6.830839e-08 1.3468177e-08 1.4454117e-05 1.2726393e-07 9.01381e-06 0.00029978217 0.00042220423 1.97575e-08 5.1102325e-07 1.0749259e-05 1.150218e-08 0.00027515803 0.00050624367 1.6452528e-08 0.005137267 9.432429e-08 6.115964e-06 4.6475025e-06 1.3271341e-06 2.1633919e-07 1.0626692e-05 8.914219e-06 7.570079e-07 6.850698e-08 7.753194e-08
0.08179978 0.0070635946 0.20039384 0.83560646 0.81064445 8.887984e-05 0.21710932 0.20696951 1.3826099e-05 4.3227763e-05 0.000301004 5.2536623e-05 0.00083203684 3.2420223e-07 1.2945615e-13 0.60586447 0.14303811 0.97776127 0.9968589 0.0008232052 0.8981503 0.047638595 0.036652043 0.00043821812 0.00033893454 2.2932984e-06 0.000372276 0.00704414 1.2787107e-06 0.036834266 5.2834616e-07 1.2647229e-05 0.00010867077 2.939035e-07 0.0050893277 0.0011379279 0.0166588 8.082868e-05 3.974282e-05 1.4574298e-06 2.850479e-08 1.4343726e-05 1.4398947e-05 1.3524018e-05 1.2932922e-05 0.00015714092 4.4468834e-06 7.5901075e-06 8.8312817e-07 1.0792697e-07 7.872448e-07 7.798386e-06 1.0805798e-05 2.5015547e-07 1.2006317e-06 1.3052914e-05 2.0898282e-05 2.7419915e-07 1.1068482e-06 1.7482035e-06 9.2006645e-05 3.1375745e-07 4.902904e-07 5.350613e-05 4.7291678e-07 1.5856019e-06 1.356585e-06 3.861701e-09 1.03772955e-07 8.5102714e-05 1.4138132e-06 8.601702e-08 1.3193409e-07 2.2546521e-06 1.8758537e-07 9.278404e-06 4.7715144e-08 1.6798487e-07 6.338455e-09 6.867787e-07 5.622e-09 1.648882e-05 0.0007924457 2.640347e-07 5.9587104e-09 0.00013982189 1.4539431e-07 8.43365e-06 0.0006925469 1.0104683e-08 0.0005576434 1.7127765e-07 2.998911e-06 1.13982196e-07 1.8611431e-06 5.276322e-07 5.403646e-07 1.7463373e-06 2.4833788e-08 2.5044284e-07 4.188171e-08
0.68213147 0.0026912321 0.6270595 0.8322764 0.108593576 0.00019946597 0.74240875 0.9176277 5.5519504e-06 6.545278e-06 0.00012297346 6.110639e-05 0.0015388252 3.172686e-07 0.60586447 1.0310834e-13 0.89364815 0.94226235 0.11533352 0.17874558 0.20270048 0.9921526 0.3039019 0.0017143242 0.00021943517 1.0776915e-06 0.0991469 0.10090526 3.3483312e-07 0.36326 9.143044e-08 0.0040940954 0.0001542549 3.724306e-07 0.021957953 0.005614672 0.20111719 0.004873148 9.416674e-06 4.1560045e-07 2.992774e-08 0.0062707406 0.00084243936 0.00017874506 3.573592e-05 0.0039722132 6.7919063e-07 6.528409e-06 1.5047716e-05 8.1830143e-07 0.00024086291 0.00030510826 0.00078251865 2.29931e-06 4.218468e-06 6.754854e-05 0.012244033 4.0784716e-06 0.00016792826 0.0014943621 0.0006782978 3.3869844e-06 7.497571e-05 0.00014752847 3.508385e-05 2.4004185e-05 2.3737946e-05 1.9732425e-07 7.617852e-08 0.020641923 9.110783e-07 1.0731338e-06 3.2094983e-06 0.0053864494 0.00070842775 0.002696994 7.2872185e-06 1.8432303e-06 2.8516535e-08 0.00014202499 8.111327e-08 6.5380445e-05 0.0029340812 4.5799006e-05 3.1044337e-08 0.001748479 1.0444353e-07 0.0003072805 0.0021893862 1.7677712e-07 0.002776346 3.0052224e-05 3.348481e-07 6.1798175e-08 3.639046e-07 2.0047412e-07 5.254541e-06 3.4704142e-06 0.00013585413 3.792731e-05 7.4612564e-07
0.8471861 0.0008216085 0.59645206 0.16316517 0.091370985 7.562799e-05 0.5045688 0.9078455 7.966803e-07 1.915349e-05 1.2764561e-05 3.05948e-06 0.00039585517 5.778692e-07 0.14303811 0.89364815 1.0301e-14 0.31325844 0.024157042 0.9879541 0.12252583 0.47416982 0.21665332 0.0003570727 0.00012957619 3.6279022e-07 0.49270153 0.9788234 8.1101824e-08 0.3318581 3.782353e-07 0.8732841 7.196035e-05 5.4710586e-08 0.005221961 0.0016914426 0.19597138 0.15535672 3.7487534e-06 1.8142523e-06 7.9669356e-08 0.008676111 0.007683178 5.1850322e-05 6.209875e-05 0.006985097 1.1940015e-05 1.9279685e-05 1.08718805e-05 2.2958552e-07 0.002020904 0.00072895153 0.0027119766 1.4814175e-06 3.2147336e-06 6.1849925e-05 0.0122671565 3.1963057e-06 0.0002799393 0.0008017329 0.00024099617 1.5379043e-06 0.00014520138 9.858944e-05 4.561036e-05 0.00026432358 2.3192692e-06 5.962909e-08 8.4643776e-05 0.02082715 5.7740424e-05 3.5474764e-07 1.3437104e-06 0.001665412 0.0007213346 0.0012860904 8.764658e-06 3.84827e-06 7.5463966e-08 0.00013192548 2.3138928e-07 2.6609872e-05 0.0012026178 0.0002625732 1.6472434e-08 0.0010787364 2.2355833e-08 0.00016449313 0.003084254 4.257136e-08 0.002758793 2.2406111e-05 2.280282e-05 4.827394e-07 6.579267e-06 6.8093236e-08 1.527674e-07 1.8533639e-06 8.867771e-06 3.8014127e-06 1.5564683e-07
0.01305428 0.00093155814 0.047704086 0.32490274 0.07020312 1.3279576e-05 0.058796402 0.0626881 3.533611e-06 1.3073459e-05 0.0001266412 3.3560325e-05 0.00021046879 3.726964e-07 0.97776127 0.94226235 0.31325844 9.025916e-15 0.15397975 0.005297582 0.9990375 0.61712325 0.009666065 3.4578457e-05 0.0001289036 9.5170367e-07 0.001245541 0.02396393 2.7740802e-07 0.007246038 5.3078656e-07 0.0005235182 6.7995124e-06 6.1768634e-07 0.0004334538 9.707863e-05 0.0030416131 0.00032637737 3.5151584e-06 6.1409437e-06 1.8725855e-06 0.00018376105 5.8962818e-05 5.245469e-06 9.623928e-06 0.00040510888 9.486829e-06 1.5354548e-05 1.9147672e-06 6.1314427e-07 2.8652825e-05 3.0027704e-05 3.117436e-05 2.533358e-07 1.3618971e-06 2.1924008e-05 0.00022487684 1.6012003e-06 2.0399605e-06 4.8296963e-05 2.223656e-05 2.1504e-07 2.3069974e-06 8.040671e-06 1.0756005e-05 3.0969542e-05 1.0834934e-06 3.1108232e-08 4.9424847e-07 0.00035558786 3.4790403e-06 6.32001e-07 4.3853706e-06 6.9648784e-05 5.297794e-06 3.8191e-05 6.1105743e-07 6.928322e-07 1.2881664e-07 1.9958907e-06 4.0643212e-07 1.0332799e-05 0.0007973557 5.8811156e-06 1.4366499e-08 6.862394e-05 2.2513402e-07 3.4270695e-06 0.00020192192 4.6959446e-08 0.00022739638 2.5417262e-07 4.671507e-06 2.7064596e-08 3.2562402e-06 2.005754e-06 7.472989e-08 2.1009949e-07 3.8095797e-07 4.892799e-06 1.9346458e-06
0.03377191 0.02736684 0.072544925 0.474274 0.99301285 0.00011269774 0.0860048 0.027718805 1.584599e-05 0.0006506971 0.020696288 0.0014046441 0.00022582266 7.145048e-05 0.9968589 0.11533352 0.024157042 0.15397975 1.3525575e-09 0.00039419098 0.6549932 0.018164234 0.003008635 0.00014407579 0.6542288 1.6498952e-05 6.412976e-05 0.0023972832 0.00011196904 0.004482772 1.6645388e-06 2.5463094e-05 0.86626214 1.386219e-06 0.0005899932 0.0002979427 0.002006501 3.300988e-05 0.0067447075 7.327963e-05 3.4625342e-07 2.9995103e-05 2.341357e-06 1.566828e-05 6.0138223e-06 0.00011794604 0.00029799296 4.474311e-05 1.3140087e-06 1.0150067e-06 7.388614e-07 6.9179864e-06 0.00010184101 3.8809458e-06 4.0031304e-05 2.3715627e-06 7.15645e-05 1.8171448e-05 5.1020834e-06 9.349339e-06 6.830054e-05 5.9703802e-06 3.0383267e-06 2.3959152e-05 7.918722e-06 0.00016596455 1.3018565e-05 2.650658e-07 0.00022616405 0.00022470191 0.00027997562 6.9222597e-07 8.112967e-06 1.8783529e-05 1.1206063e-05 4.7816484e-05 3.6405058e-06 2.4886115e-06 1.1198441e-06 2.6629801e-05 1.7987497e-05 5.7798934e-05 0.0012660524 1.6482414e-06 1.9222844e-05 0.00035710508 2.2260939e-07 1.8523824e-05 0.0013744914 2.1316467e-08 0.002006191 1.6942435e-05 7.1505354e-05 4.414462e-06 1.3482103e-05 5.8989923e-07 3.1624256e-06 2.3807504e-05 1.9507495e-06 2.2129134e-05 1.8395818e-07
0.9210019 0.00012261336 0.43755373 0.005805729 0.0005902974 2.651069e-06 0.47147024 0.8829712 8.363893e-08 4.4060522e-07 1.8218099e-06 1.1978437e-07 0.0004705994 5.860696e-08 0.0008232052 0.17874558 0.9879541 0.005297582 0.00039419098 1.5152759e-12 0.0045608403 0.12719892 0.4599583 0.00030554298 2.0401376e-06 5.3726428e-08 0.9592578 0.876163 2.7997103e-08 0.42676586 2.1844e-08 0.79804045 1.6573094e-06 9.053828e-08 0.009363889 0.0024611473 0.1902133 0.7633217 1.778894e-07 1.7309246e-07 7.073773e-08 0.3290662 0.022382852 8.030854e-06 7.3064666e-06 0.17550337 3.2464527e-07 1.3229166e-05 3.5020623e-06 3.0451972e-07 0.03607768 0.0028046172 0.018354885 4.8717743e-07 5.764909e-07 0.00010602006 0.09799533 2.8503064e-07 0.0067097354 0.013060492 0.0002829284 4.9834824e-07 0.0021750806 0.0001283254 0.00036321086 0.0013236575 1.6116791e-06 2.21808e-08 1.3878387e-05 0.1495704 3.1364798e-05 3.959295e-08 2.2481733e-07 0.015278564 0.0050133024 0.01780382 0.00043548242 4.490919e-05 2.0441787e-08 0.001980187 2.7828617e-07 1.3575504e-06 0.001195955 0.0019952743 8.146212e-08 0.009729102 2.1993095e-07 0.00029806007 0.0139672635 4.7560886e-07 0.0102844555 0.00022488885 1.5869642e-05 1.9088952e-07 4.4966814e-06 4.866859e-08 1.1114411e-06 3.6386732e-06 0.00014345895 3.3974226e-05 8.3944303e-07
0.004071751 0.00017560874 0.003648895 0.043487873 0.013313536 3.4381765e-06 0.0046040067 0.011228353 5.267327e-07 1.1148067e-07 4.6878395e-05 8.818103e-07 5.350396e-06 5.2232398e-08 0.8981503 0.20270048 0.12252583 0.9990375 0.6549932 0.0045608403 1.761508e-14 0.9955195 0.0015919838 9.5117554e-07 5.1569925e-05 7.885014e-08 0.001263461 0.02532267 5.3209487e-08 0.0012358524 2.0137767e-08 0.00029538648 1.8133986e-05 6.973595e-08 1.7264736e-05 1.3988357e-05 0.0007850044 0.00031256868 4.5943017e-07 3.3989033e-07 7.464456e-08 0.00012671479 9.9195095e-05 6.231183e-09 5.6726616e-08 0.00022281425 1.8705562e-06 1.424006e-07 3.3336327e-09 9.0758e-09 1.6190546e-05 1.0300523e-06 2.681883e-05 1.1823986e-08 1.2329474e-08 1.5292045e-07 0.00010156768 1.737319e-08 1.9037151e-06 1.6970474e-05 3.418365e-07 6.3638616e-08 2.103593e-07 1.1222223e-07 2.740582e-07 2.3002067e-06 3.7556056e-08 2.1530944e-09 5.972266e-08 0.00013601592 8.135001e-08 4.5869445e-08 6.832559e-08 4.6627615e-06 3.0054028e-07 2.5353713e-05 4.8286415e-09 2.1533059e-07 5.598969e-10 2.4805183e-07 2.0475217e-09 1.2266862e-07 3.678973e-05 4.305618e-06 1.2518231e-09 1.6324315e-05 1.6075239e-08 6.085227e-08 4.8979324e-05 5.646373e-09 7.85953e-05 1.62448e-07 3.5317548e-08 2.1235498e-09 5.2152362e-08 3.4505847e-09 6.8916856e-10 2.7340587e-07 2.709604e-07 1.1053567e-06 2.538927e-08
0.009152485 2.2521497e-05 0.0018150294 0.049542513 0.0039450238 1.2647428e-06 0.0017951818 0.015850706 3.3977912e-07 3.9264982e-08 8.758167e-06 1.1380835e-06 2.5467827e-07 3.53886e-09 0.047638595 0.9921526 0.47416982 0.61712325 0.018164234 0.12719892 0.9955195 4.52265e-15 0.00045818186 2.3185736e-07 9.208772e-06 2.3866436e-08 0.022400254 0.90156686 1.4818272e-08 0.00029645665 2.9580537e-08 0.016317531 2.433649e-06 1.17007515e-08 9.331995e-06 1.1855941e-06 0.00018629721 0.0065276218 3.996249e-07 3.3178967e-08 2.3960304e-08 0.0018879143 0.0009363853 3.610257e-08 2.4684699e-08 0.0015777876 2.0380803e-06 3.2723486e-07 1.1432974e-08 4.454205e-08 0.0005625233 0.00018002471 0.0008136589 5.69347e-09 1.5640353e-08 3.9595722e-09 0.00021029885 1.0074912e-08 0.00014633084 6.154936e-05 1.3638305e-07 3.417345e-09 1.22550755e-05 2.8847616e-08 1.2855758e-05 0.00015197828 4.442631e-08 1.6693441e-10 4.9018972e-08 0.00015434703 3.7662957e-07 8.635875e-09 9.036399e-09 7.030499e-05 7.1613795e-07 5.7810514e-05 1.5518573e-07 5.579399e-07 9.380672e-11 2.5208367e-06 9.675447e-09 1.1812744e-07 4.4683537e-05 7.859846e-05 2.211101e-09 3.7798185e-05 4.926743e-07 5.678778e-08 3.656304e-05 1.0276248e-06 3.196835e-05 1.783182e-06 4.269596e-07 7.49644e-09 6.1658774e-08 3.7265288e-08 7.191993e-09 1.1104837e-07 6.5070576e-06 8.699777e-06 1.9060401e-06
0.97162235 0.2615542 0.8126666 0.21152885 0.10280335 0.029206725 0.9735799 0.88660616 0.011996526 0.00097028236 0.002185233 0.0015938054 0.05587537 0.00011617395 0.036652043 0.3039019 0.21665332 0.009666065 0.003008635 0.4599583 0.0015919838 0.00045818186 7.589082e-11 0.06270159 0.00029262024 0.00011759393 0.45204574 0.0055741905 0.0001232616 0.9655815 2.6356978e-05 0.0008946353 2.2271066e-05 0.00014020552 0.4728383 0.09108301 0.94051045 0.04553384 4.15541e-05 3.2150845e-05 2.2667828e-05 0.2326284 0.004262548 0.00039001208 0.001177218 0.009415633 6.3968228e-06 8.614234e-05 0.00011977634 3.1707302e-06 0.00028794902 0.00049234444 0.0005928447 3.0302606e-05 4.5623215e-06 0.0061585912 0.04065013 3.572248e-06 0.0011640157 0.003719866 0.0049739135 4.9443e-05 0.00015193177 0.0042664544 2.202191e-05 1.883043e-05 1.8206298e-05 3.7570905e-07 1.846354e-07 0.046359748 1.3976869e-06 7.553922e-06 4.8879747e-07 0.006846342 0.001725644 0.008281358 0.0008964082 0.00017072834 1.0398928e-06 0.0007667027 1.9521238e-07 1.31806455e-05 0.0066155805 5.0120136e-05 2.2412573e-08 0.02110026 1.9523657e-07 0.0013447278 0.059478637 9.005575e-07 0.05320739 0.0005731424 6.2937343e-06 8.93825e-08 1.9107285e-06 9.384244e-09 2.8995134e-07 4.8158226e-06 4.039043e-05 7.4498917e-06 8.930445e-08
0.95999354 0.6330587 0.036259495 0.008287528 0.015966807 0.7686159 0.06825362 0.005360422 0.8390246 0.13635351 0.011521609 0.16373621 0.9639014 0.08259358 0.00043821812 0.0017143242 0.0003570727 3.4578457e-05 0.00014407579 0.00030554298 9.5117554e-07 2.3185736e-07 0.06270159 1.808445e-13 0.00038824728 0.106620714 7.943891e-05 4.4412004e-06 0.012008941 0.03800366 0.023668867 6.491482e-08 6.676982e-06 0.44993785 0.9439734 0.98040444 0.0803141 8.074201e-05 0.00012486761 0.01285967 0.018608447 3.0006519e-05 5.3574905e-07 0.3165904 0.7068512 7.26721e-06 0.00017164649 0.024915623 0.012729071 0.0032400184 3.7749246e-08 2.754819e-07 5.3520057e-07 0.0019716579 0.00033037926 0.26157987 3.7013022e-05 0.00030653123 2.3042753e-06 5.4925194e-06 0.12305885 0.0010325642 6.581002e-07 0.063750654 2.8523008e-08 1.099348e-07 0.000551701 1.4474739e-05 1.5451484e-05 0.0014570407 2.446942e-06 0.00014386766 2.1464559e-05 0.00021470466 4.305801e-05 0.00047656393 1.0129547e-06 3.2384872e-07 2.4451772e-05 3.3450613e-06 1.5722711e-06 0.0002677277 0.022129979 6.4229425e-08 6.818879e-07 0.0023710425 7.706469e-09 0.0071105408 0.01924532 2.726744e-09 0.097756475 4.984169e-06 1.3908038e-07 7.008944e-08 7.1599274e-08 1.1041576e-08 1.3111753e-05 1.1675689e-05 1.0193303e-06 4.0898703e-07 8.787477e-09
0.016324077 0.059406616 0.010811907 0.0070132986 0.46119082 0.0025770029 0.005481936 0.00014717829 0.00019642053 0.006200569 0.9391738 0.020402113 0.0003920327 0.00038901358 0.00033893454 0.00021943517 0.00012957619 0.0001289036 0.6542288 2.0401376e-06 5.1569925e-05 9.208772e-06 0.00029262024 0.00038824728 2.2497457e-16 6.925799e-07 8.5859546e-07 2.1378737e-05 0.002951701 0.00021137296 0.00010261901 4.0165872e-07 0.9998448 1.3197456e-06 0.0009849119 0.00038780324 0.0005108148 6.7402957e-06 0.99531925 2.6380367e-05 3.1626728e-06 3.0547542e-06 5.247658e-07 9.039908e-05 8.539206e-05 6.1279857e-06 5.3799366e-05 5.799954e-05 5.7701067e-07 1.4949535e-07 1.7376348e-07 9.508645e-07 2.0484964e-07 3.4897166e-08 2.7177123e-07 3.959365e-05 1.6543541e-05 8.680268e-08 9.011223e-08 1.7971573e-06 0.00011262006 1.644311e-07 5.5368456e-09 1.2925499e-05 2.5976823e-09 4.2531674e-08 4.791732e-07 1.1866188e-08 3.0750446e-08 0.00028811436 1.971484e-05 3.3245848e-07 1.1900981e-06 1.1728834e-05 8.3763936e-08 1.5178977e-05 1.8495463e-08 2.5251614e-07 6.13938e-08 8.852822e-08 3.6833137e-06 3.4265793e-06 0.00022496241 4.3811048e-07 7.581238e-08 1.0231856e-05 1.423644e-08 1.4850948e-05 7.210475e-05 2.7840719e-07 0.00022173974 7.6568887e-07 4.76776e-07 2.7323508e-09 6.169257e-07 3.3753373e-08 2.2375853e-07 9.6530695e-09 3.5011453e-07 2.1619377e-07 5.483049e-07
0.7984624 0.0014853533 0.00012563964 4.2850526e-05 5.9176375e-05 0.03969905 0.00015495082 6.7289343e-06 0.43772274 0.016655233 4.0858667e-05 0.0062604602 0.08279828 0.25125623 2.2932984e-06 1.0776915e-06 3.6279022e-07 9.5170367e-07 1.6498952e-05 5.3726428e-08 7.885014e-08 2.3866436e-08 0.00011759393 0.106620714 6.925799e-07 1.5716396e-12 3.1014525e-07 3.368655e-08 0.025843581 0.00027667265 0.12688911 4.5721845e-07 1.4983662e-07 0.9969662 0.015178842 0.05804965 0.00054158765 2.9810266e-08 6.760887e-05 0.7707364 0.9848816 1.6297257e-06 1.8050578e-07 0.09104955 0.11067315 1.476579e-05 0.2152865 0.20561245 0.09360136 0.685565 3.2683314e-09 1.936033e-07 2.7368746e-06 0.009339363 0.030851843 0.024114069 7.739588e-06 0.03036277 5.702883e-07 2.9361147e-06 0.04350849 0.03142799 9.622858e-07 0.018146737 2.6706198e-07 7.56044e-07 0.0060084253 0.0021927953 0.010218845 1.4275903e-05 0.025879147 0.0030925507 0.00049870467 1.619673e-06 6.340043e-06 1.9553343e-05 2.1680886e-07 6.6010564e-08 0.0007788011 3.1295074e-06 5.2426658e-05 0.0015082372 0.0036199056 2.240612e-08 1.0647668e-05 3.5712037e-05 4.422257e-08 0.0010215886 0.0006991864 7.045747e-09 0.017868448 4.33361e-06 6.289142e-05 6.5586623e-06 2.2782473e-05 9.568116e-07 8.976867e-05 0.00021935585 1.5737788e-06 7.640998e-06 1.6000546e-07
0.98524886 8.905514e-05 0.011788993 0.0041296305 0.000215076 5.28606e-06 0.06688803 0.34653643 4.347645e-07 2.4490246e-06 1.3489407e-05 6.044062e-07 3.8439546e-05 3.0074415e-07 0.000372276 0.0991469 0.49270153 0.001245541 6.412976e-05 0.9592578 0.001263461 0.022400254 0.45204574 7.943891e-05 8.5859546e-07 3.1014525e-07 1.3223676e-13 0.20950727 4.8264826e-07 0.39843684 2.2399693e-06 0.33235264 6.813588e-07 1.3826573e-07 0.011445592 0.0024642965 0.19902714 0.9569844 5.2859065e-07 8.558176e-07 2.7811637e-07 0.91773283 0.5464421 6.8364634e-06 8.032247e-06 0.72338176 3.322995e-06 2.8641882e-06 1.6379637e-06 2.4706733e-07 0.22447814 0.03643978 0.061403338 8.6664096e-07 3.797146e-07 0.00015930424 0.61662483 2.8168282e-07 0.0464665 0.14462106 0.00027251337 3.672034e-06 0.0039500254 0.0003192178 0.0018197229 0.00074205187 5.4025304e-06 7.5828e-08 7.694653e-07 0.6708147 4.2200514e-05 7.4413026e-07 2.403064e-07 0.090902254 0.01947578 0.10034056 0.00037599116 0.0002803831 7.54539e-08 0.004228788 7.1224164e-08 1.7484621e-06 0.0024648148 0.0022876249 7.59322e-08 0.037485752 2.279271e-07 0.0003643908 0.08528545 3.4995162e-07 0.039035123 0.00020407408 3.5175499e-06 3.471644e-07 5.3277176e-06 1.1945356e-07 6.7604026e-07 3.956181e-06 0.00018676631 7.3169754e-06 3.9146494e-06
0.09640296 3.0438998e-05 0.028110983 0.006191688 0.0015173246 2.4894969e-06 0.019228052 0.07128899 3.7498526e-07 1.4407194e-06 2.6019854e-06 7.503107e-09 8.943246e-06 4.352376e-08 0.00704414 0.10090526 0.9788234 0.02396393 0.0023972832 0.876163 0.02532267 0.90156686 0.0055741905 4.4412004e-06 2.1378737e-05 3.368655e-08 0.20950727 1.4161837e-14 8.8519565e-09 0.0036007143 1.5600758e-08 0.99993694 4.912471e-07 8.876358e-08 5.8703314e-05 5.0658102e-05 0.0009989223 0.034483675 4.8241603e-08 5.3994504e-06 1.0241594e-08 0.005700714 0.002043825 5.642482e-07 1.7745268e-06 0.006002718 3.871228e-06 1.3669863e-06 4.884118e-08 8.7695824e-08 0.0029172194 0.00029095373 0.0006423528 4.6236874e-08 3.1911628e-07 2.6579053e-07 0.00088663463 7.454429e-07 0.0001311231 0.00013201547 5.265171e-06 3.0288504e-07 6.7638925e-05 1.2158141e-05 6.5879976e-05 0.0003092685 2.6179612e-07 5.3706524e-09 2.421378e-05 0.00070310524 8.7592895e-07 4.840869e-07 1.3140118e-07 0.00014562323 3.2910048e-05 0.00017036856 8.950469e-07 5.7736047e-06 3.9512886e-09 1.2009276e-05 1.0905312e-06 1.4797915e-07 0.0002639349 9.2501985e-05 2.5664404e-08 5.2220472e-05 3.9983993e-07 8.701819e-06 0.0002567596 6.758308e-07 0.00030149787 1.341768e-06 7.158313e-07 2.3637295e-08 2.5928264e-07 5.658192e-08 1.6890914e-08 6.400379e-08 9.950943e-06 2.5518482e-06 1.3781768e-06
0.03866073 0.08559306 0.00042409607 2.1522466e-05 0.0022843396 0.106729895 0.00059497764 1.3229457e-05 0.08680711 0.97549146 0.013158271 0.5673477 0.011490594 0.91963553 1.2787107e-06 3.3483312e-07 8.1101824e-08 2.7740802e-07 0.00011196904 2.7997103e-08 5.3209487e-08 1.4818272e-08 0.0001232616 0.012008941 0.002951701 0.025843581 4.8264826e-07 8.8519565e-09 2.0918882e-16 0.00012198728 0.99999475 1.844322e-08 2.1716893e-05 0.001167132 0.0018481299 0.00614858 0.00011847916 4.2889687e-07 0.12970123 0.10399793 0.00041987913 2.9198075e-06 1.4597797e-09 0.00062224816 0.00065546203 2.3711825e-06 0.48631904 0.0002691426 0.00010922987 3.832103e-05 5.311941e-09 6.796452e-08 5.185984e-08 3.714545e-05 7.347235e-05 3.654746e-05 1.5214795e-06 3.7910926e-05 2.085969e-07 4.1302704e-07 3.604637e-05 3.9176135e-05 1.5738207e-08 4.7949226e-05 4.412601e-08 3.5845898e-07 8.22112e-06 5.631687e-07 1.5523621e-05 8.3784635e-06 0.00016535979 5.5257815e-06 1.969632e-06 2.1272837e-07 6.308222e-08 7.749277e-06 5.520004e-10 4.9886914e-08 7.438146e-07 2.8558501e-08 5.130987e-07 1.3438828e-05 0.0002264267 1.4935548e-08 1.758831e-08 1.8581964e-05 2.649705e-09 2.7685446e-06 5.8908405e-05 1.5406413e-09 0.00055311155 5.8372677e-08 2.0106881e-07 2.0809727e-08 8.910262e-07 1.253262e-08 7.7765065e-08 2.2569324e-08 8.342766e-08 5.1905165e-08 4.0251056e-08
0.98339736 0.37426814 0.87431806 0.29729965 0.14352664 0.055175442 0.9182593 0.873914 0.021203304 0.0012138765 0.001728247 0.0009794057 0.04624246 0.00023775002 0.036834266 0.36326 0.3318581 0.007246038 0.004482772 0.42676586 0.0012358524 0.00029645665 0.9655815 0.03800366 0.00021137296 0.00027667265 0.39843684 0.0036007143 0.00012198728 1.444741e-10 2.7286718e-05 0.0010453707 1.5763782e-05 0.00021232049 0.47446302 0.119587325 0.97835517 0.049403343 6.989444e-05 4.6352794e-05 3.8898892e-05 0.14018379 0.0032567624 0.00065023993 0.0018412872 0.00883976 2.7834283e-06 6.477342e-05 0.00019021906 8.927082e-06 0.00024029141 0.0004956698 0.00047724982 2.6925747e-05 4.85016e-06 0.010686898 0.05526303 7.5144176e-06 0.001104142 0.0047534616 0.008783314 3.0150346e-05 0.00020790391 0.0052930196 5.4789674e-05 1.2992594e-05 2.5462268e-05 7.279942e-07 5.739433e-07 0.16273554 2.1388475e-06 1.4053704e-05 1.2452392e-06 0.022499302 0.0045742397 0.020153562 0.0016679814 0.000574385 9.243002e-07 0.0011143503 4.9670376e-07 1.9926736e-05 0.010567701 8.559042e-05 1.243856e-07 0.043673173 7.320461e-07 0.0025166706 0.12123324 4.4180547e-06 0.07443143 0.0013152068 7.0076085e-06 1.5855072e-07 1.6924162e-06 5.771474e-08 1.8608822e-06 1.4418583e-05 0.00017205604 3.997389e-05 2.904933e-07
