3.24384e-30 0.8341187 0.54898053 0.29799783 0.08933348 0.96147895 0.10156355 0.9499622 0.9479759 0.5632903 0.9255839 0.7777282 0.8217351 0.8221866 0.85787135 0.7741326 0.87667805 0.6948371 0.5242888 0.0726997 0.7229531 0.86750424 0.8453624 0.78059006 0.08238663 0.912495 0.88950175 0.5273627 0.037759863 0.45234725 0.732069 0.9710262 0.9582865 0.91264135 0.31334537 0.31939703 0.70754844 0.8011102 0.7466515 0.033179667 0.88772094 0.10389572 0.23196363 0.1073728 0.015248164 0.9667184 0.92042583 0.96480143 0.084450096 0.4703148 0.56943434 0.959311 0.24528512 0.96576583 0.13766342 0.99969137 0.9930519 0.7608656 0.008399714 0.86821586 0.23819147 0.0014571247 0.9918409 0.0053928588 0.0023606268 0.0022716771 0.8747335 0.96489954 0.0022961413 0.13202062 0.0009848058 0.00078376185 0.741863 0.7912448 0.013167655 0.5238546 0.87370765 0.36945882 0.99944985 0.95572525 5.178238e-05 0.98033553 0.00015650755 0.97364914 5.7593315e-05 0.10044987 2.899948e-05 7.0393675e-05 0.89078534 1.9993713e-06 0.9396339 0.9818785 0.0066019543 0.9308043 0.97487456 0.99948233 0.001348342 0.9980881 2.1582896e-07 1.0348518e-05 2.8576852e-07
0.8341187 3.3303764e-18 0.9815518 0.83722293 0.4420594 0.5839605 0.30849347 0.5757775 0.10118631 0.57398105 0.034643665 0.69309026 0.80582845 0.0028733262 0.28406736 0.020614583 0.23289086 0.00012180476 0.011945591 0.12172952 0.08233254 0.023266483 0.05677286 2.342752e-05 0.10619402 0.2925575 0.059736006 9.387775e-06 0.034413368 0.023585532 1.1427579e-06 8.7661004e-07 0.020169863 0.088793814 3.852404e-06 0.008328919 0.08479237 3.449328e-07 8.2472845e-08 0.023172222 3.2277112e-05 0.060645457 3.924514e-08 1.8017653e-06 0.0047366912 0.037749268 1.5229167e-08 0.009999494 9.990643e-06 1.0812457e-07 3.5061557e-08 5.7464116e-05 2.594996e-07 0.000549153 2.788741e-07 0.08756128 0.02109164 2.0780655e-08 1.8662333e-06 7.131602e-07 6.6789056e-08 6.090752e-07 0.014340138 0.0002265816 4.4056424e-06 0.0005112229 1.3857588e-08 2.5537315e-07 0.0044039963 5.1341345e-07 5.262831e-06 4.260266e-05 1.3636814e-08 2.3993094e-08 9.4257626e-07 1.6093646e-08 4.2205684e-06 2.008441e-08 0.0044041304 3.210055e-08 1.3207232e-05 8.720075e-05 0.00016339417 1.8675712e-07 2.6201208e-06 2.3158101e-08 9.862517e-07 1.7078238e-06 6.4765545e-06 9.433497e-07 1.699638e-06 8.402893e-06 5.731915e-08 1.01593784e-07 5.998837e-06 0.0014243808 9.8610165e-08 3.6858155e-06 8.061344e-07 1.33506865e-05 5.0754984e-06
0.54898053 0.9815518 1.3759903e-19 0.95095974 0.77620935 0.36966 0.5303672 0.27720323 0.07920583 0.8463473 0.005512017 0.51928335 0.5720838 0.0013927493 0.14066966 0.026662368 0.097952604 2.4406649e-05 0.022544798 0.26837417 0.024917452 0.02320936 0.0154788 1.2095689e-05 0.31668207 0.14658009 0.02357036 1.9159563e-06 0.09238344 0.076635174 2.9474757e-07 1.0074527e-06 0.011605596 0.053892575 1.9608476e-06 0.0148886265 0.0407087 1.5103902e-07 3.403855e-08 0.06726794 1.1139809e-05 0.2567902 2.3385851e-08 6.5660066e-07 0.017693823 0.01992701 1.4747754e-08 0.004128272 4.6055216e-06 3.9204515e-08 2.3244304e-08 1.159252e-05 4.244593e-08 0.00024248385 2.3618005e-08 0.048905704 0.011079271 8.437418e-09 4.0773574e-07 2.762833e-07 2.3434477e-08 1.976859e-07 0.008051195 0.0007685886 5.7430225e-06 0.00306932 1.1827549e-08 6.940182e-08 0.020908237 9.353851e-08 6.545715e-06 6.8757894e-05 6.0919625e-08 8.757025e-09 9.702859e-08 3.6868876e-08 2.5438785e-06 6.5635897e-09 0.0027776558 2.5292792e-08 1.0467767e-05 0.00030006963 0.0010960401 1.1669933e-07 9.470116e-06 2.4173803e-08 4.0632284e-07 2.4128167e-07 1.5940591e-06 2.01822e-06 5.3788335e-07 6.952183e-05 3.8212363e-08 3.772808e-08 3.2682556e-06 0.0011299605 1.0465651e-07 1.1753804e-05 3.6554168e-06 4.0578925e-05 6.497682e-06
0.29799783 0.83722293 0.95095974 3.826899e-18 0.93708783 0.96386945 0.81219786 0.0683949 0.0054999525 0.7025178 0.00072671997 0.23307665 0.48805577 0.00026361065 0.05986923 0.002617027 0.03730469 3.9153892e-06 0.00423113 0.37837273 0.08482328 0.044627186 0.0044697267 1.083485e-06 0.35251793 0.10293772 0.005712698 2.5729358e-07 0.24955796 0.47731873 1.2200512e-07 6.372047e-08 0.0023217082 0.06332719 2.911467e-07 0.004053485 0.021645969 5.8784963e-08 1.8866622e-08 0.02298423 1.08963874e-07 0.19460353 2.9313287e-09 9.74866e-08 0.0066978605 0.009546035 8.132794e-09 0.00078972895 1.3402089e-06 1.2527791e-08 1.0672183e-08 1.3733904e-06 2.0454696e-08 6.6147666e-05 2.4492275e-08 0.042137653 0.0052565965 1.7248638e-09 3.0067477e-07 4.159202e-08 1.26567175e-08 6.291507e-08 0.001874384 3.0492078e-05 1.1636632e-06 9.745272e-05 3.2780458e-09 4.5660208e-08 0.008466405 2.1271862e-07 8.6866413e-07 3.3658516e-06 3.0778242e-09 1.1674602e-08 1.116064e-07 2.730189e-09 7.7862165e-07 2.6847922e-09 0.0011927901 3.583009e-08 4.5037627e-06 1.2188267e-05 0.0031950076 2.3612793e-07 5.504339e-06 4.783066e-09 8.842022e-08 4.054074e-07 1.0024432e-06 6.075845e-06 5.016431e-07 1.5908851e-06 1.1302255e-08 5.518448e-09 1.2221119e-06 0.00066234305 2.1701476e-08 1.4466755e-06 3.8185844e-06 1.1195551e-05 3.0014203e-06
0.08933348 0.4420594 0.77620935 0.93708783 4.3208937e-16 0.6630507 0.9760413 0.038194336 0.01262858 0.8060174 0.0029723984 0.17200142 0.35931963 0.0011584508 0.029989034 0.006175683 0.02252045 6.2131265e-05 0.013849208 0.5409624 0.030081127 0.020259604 0.0026927881 2.4705016e-05 0.4924182 0.061479118 0.002944801 7.108513e-06 0.35491946 0.39781725 3.5336143e-06 3.2056653e-06 0.0017056064 0.018630816 3.367396e-06 0.009063272 0.0072338097 3.7579792e-07 2.1606803e-07 0.0256381 5.122209e-06 0.20094886 1.859876e-08 6.5036056e-07 0.009596691 0.0031585724 8.05931e-08 0.00088626135 9.570522e-06 2.4379426e-07 1.6429738e-07 2.0292046e-05 4.0613608e-07 0.00021689832 3.7555503e-07 0.020263398 0.0017147829 3.821295e-08 1.3306953e-06 1.2120487e-06 1.8855803e-07 3.6375607e-07 0.0006834388 0.00023840414 3.272132e-06 0.00027829717 6.380415e-08 1.2006935e-06 0.019446762 4.884887e-06 8.662853e-06 2.8246184e-05 4.454638e-08 1.8387014e-07 1.4336225e-06 4.2614253e-08 5.399893e-06 6.17613e-08 0.0008924699 7.668961e-07 3.826369e-05 3.2798725e-05 0.0035990882 5.000686e-06 4.4489643e-05 1.4458182e-07 6.7262295e-07 7.737576e-07 7.349116e-06 3.6291138e-05 3.034759e-06 7.321205e-06 6.0102985e-07 2.7586307e-07 3.93014e-06 0.0011056878 7.919893e-08 6.154093e-06 2.6459076e-05 6.319949e-05 2.8476574e-05
0.96147895 0.5839605 0.36966 0.96386945 0.6630507 1.5146494e-15 0.45811597 0.0020748083 0.0005281372 0.31421533 9.053712e-05 0.048515268 0.46193424 0.00014021125 0.013992474 0.00037397907 0.0077219713 2.0253377e-05 0.00046803258 0.25106576 0.7081618 0.8825221 0.001301053 2.0416403e-06 0.203637 0.2643024 0.00056432304 1.9332017e-06 0.33710748 0.8642681 2.5357824e-07 1.1020715e-06 0.00039137766 0.56656903 1.3174895e-06 0.00021246876 0.09492594 1.06539e-06 3.2483265e-07 0.0026315614 3.1251784e-07 0.050129432 3.57922e-07 3.469051e-06 0.0008016419 0.029661035 1.9161654e-07 0.00023005623 3.3849342e-06 8.716615e-07 5.9357745e-07 2.2541049e-07 6.6640786e-07 5.7576317e-06 6.0070033e-07 0.5921763 0.004603587 1.0939995e-07 1.6923226e-06 1.6832789e-07 7.990479e-08 2.0247226e-06 0.0011305098 1.4767331e-06 3.983698e-06 2.2922479e-05 1.5685313e-08 6.652423e-08 0.0015592697 0.00021521655 4.237245e-06 1.360429e-06 4.2476383e-08 1.01971565e-07 4.7362705e-06 2.908391e-08 5.3126763e-07 1.1708751e-07 0.0014418762 2.7057991e-08 1.3187126e-06 1.948774e-05 0.0063201603 1.8449652e-09 3.0085374e-05 7.2383974e-09 2.767879e-08 1.9529487e-07 5.595836e-08 9.8992954e-05 2.550177e-08 5.1934205e-07 2.1185787e-08 5.1617937e-09 4.630677e-08 0.0008178322 2.7599718e-08 2.1964084e-07 2.3324059e-05 2.96644e-05 2.6192588e-06
0.10156355 0.30849347 0.5303672 0.81219786 0.9760413 0.45811597 5.7830476e-18 0.014266655 0.007873616 0.9522893 0.00045315712 0.13226777 0.25436246 0.0003967755 0.01503807 0.00490468 0.013121048 2.157057e-05 0.020060802 0.75791746 0.015777944 0.016999075 0.00079426076 8.50991e-06 0.6605207 0.036015715 0.0016445941 2.0116136e-06 0.4254253 0.57054704 1.2780828e-06 1.9733661e-06 0.0008780894 0.011480181 1.0909754e-06 0.015630685 0.0040920847 3.3682778e-07 1.07649214e-07 0.059374116 2.5786462e-06 0.3891353 3.7118728e-08 8.686716e-07 0.015538952 0.0014168967 4.581235e-08 0.00019950952 8.160301e-06 3.3146122e-07 1.0494355e-07 2.5411143e-06 2.228084e-07 7.500775e-05 1.3553353e-07 0.015983626 0.0009153401 2.2334564e-08 2.0706807e-06 1.1261553e-06 7.064483e-08 3.5419896e-07 0.00066673267 0.0010181931 3.4498134e-06 0.0038298941 1.3846967e-08 3.023869e-07 0.093709506 1.0972192e-06 6.472448e-06 3.4589604e-05 5.553774e-07 8.9357094e-08 9.803214e-07 1.107835e-07 2.4460041e-06 2.5728166e-08 0.0014815858 3.5521788e-07 2.227264e-05 9.539008e-05 0.0043225754 2.2955785e-06 0.00011958106 1.3264906e-07 2.9337508e-07 3.7514982e-07 2.6544997e-06 7.302879e-06 1.1917632e-06 1.9659867e-05 1.135323e-07 3.8756733e-07 3.655462e-06 0.0011566151 7.4519235e-08 1.6267528e-05 1.0915701e-05 0.00020788408 1.9360921e-05
0.9499622 0.5757775 0.27720323 0.0683949 0.038194336 0.0020748083 0.014266655 5.050841e-18 0.629935 0.27660835 0.9817348 0.7960957 0.45880947 0.35142657 0.84380835 0.30843204 0.51961297 0.05830896 0.074188985 0.0036717805 0.023913004 0.006684033 0.38342926 0.061208937 0.01015121 0.05917591 0.28880876 0.025481353 0.0017478195 0.000428724 0.012837363 0.03351689 0.19785087 0.019213334 0.005504132 0.11683126 0.055357076 0.00048525873 0.00014273473 0.028658494 0.0862477 0.001078129 0.001717164 0.002305491 0.0052742846 0.033635188 2.2820834e-05 0.12654361 0.010430832 0.00060331525 0.0002899626 0.031291027 0.00016013758 0.0717352 4.8277852e-05 0.045292024 0.036350284 6.761006e-06 0.00011487447 0.00016465402 2.1912774e-06 1.9942212e-05 0.10265837 0.0031247314 0.000113153605 8.994511e-05 6.237397e-05 0.0003590574 0.00018667283 4.2517062e-05 8.9315225e-05 0.0006090163 7.1140435e-05 2.3554812e-05 1.5935811e-05 3.4238336e-05 0.002058982 6.4023816e-08 0.01846311 4.3783064e-05 0.00015840029 0.014815272 9.2367367e-07 3.303353e-05 1.1506861e-05 8.5905e-09 4.0433074e-06 1.5947418e-06 0.0006224594 1.3859302e-05 7.8689205e-05 0.003772875 5.4622898e-08 7.2049443e-06 0.0011399672 0.010065319 2.0848871e-07 0.0016189512 8.346476e-06 0.0005789794 1.2372498e-05
0.9479759 0.10118631 0.07920583 0.0054999525 0.01262858 0.0005281372 0.007873616 0.629935 2.0291589e-17 0.5071862 0.7296359 0.059856176 0.0044829776 0.95504695 0.12665895 0.965618 0.079493806 0.59754074 0.5004166 0.0030962941 0.0028506166 0.0007188719 0.0905747 0.164535 0.011814993 0.004500854 0.07897983 0.37352782 0.0004838142 0.00015301917 0.034810998 0.10056159 0.055920642 0.0014442226 0.047050893 0.39328784 0.0032508404 0.0004848322 9.693745e-05 0.17034125 0.017890522 0.034948908 0.017120851 0.029411647 0.048980027 0.0036827277 1.852953e-05 0.028368771 0.14451656 0.00021660935 0.00045079782 0.0057128994 9.8526834e-05 0.017960303 6.0531303e-05 0.00776468 0.0034181948 1.7776791e-06 0.0046753385 0.00027389484 4.6731116e-06 0.0021500692 0.0066549396 0.103080526 0.032265134 0.020246422 3.0995423e-05 0.00022267892 0.0013188297 0.0002521527 0.01185437 0.00897424 2.7852937e-05 5.6105364e-06 0.00016988654 1.3791149e-05 0.00073403434 1.077766e-07 0.0014269867 2.37886e-05 0.0043334765 0.0005612001 2.203627e-06 6.871063e-05 1.1181212e-05 4.6877293e-08 2.6787466e-05 2.1905273e-06 0.00028511914 2.2389463e-06 9.612715e-05 0.00028991117 1.704398e-07 4.692688e-05 0.0003258614 0.0011588846 5.258404e-07 0.0004766671 5.3347794e-06 0.00077568897 5.4118746e-06
0.5632903 0.57398105 0.8463473 0.7025178 0.8060174 0.31421533 0.9522893 0.27660835 0.5071862 1.8902076e-18 0.016746584 0.46638343 0.37323794 0.0041892678 0.10356368 0.52214825 0.052968018 0.00012103115 0.65867627 0.8036 0.006504443 0.007838991 0.00955404 6.0798302e-05 0.9211774 0.04797684 0.009455027 1.1476699e-05 0.32930198 0.3075922 6.7186097e-06 1.07735195e-05 0.0051193107 0.008667957 1.877418e-05 0.42864555 0.0059186285 1.4585045e-06 2.1329573e-07 0.52404 1.3186844e-05 0.7191897 1.6953616e-07 8.3265995e-06 0.28429207 0.0029787691 5.7249657e-08 0.0012046311 0.00010106794 3.8087992e-07 7.924229e-08 2.1563308e-05 4.3919687e-07 0.00016475769 2.568006e-07 0.014738541 0.0012376434 3.0788065e-08 2.5664358e-06 2.155423e-06 4.089779e-08 2.2200463e-06 0.000898932 0.111052826 1.4736501e-05 0.13144639 9.384068e-08 3.673202e-07 0.44943646 1.55766e-06 2.9373992e-05 0.00042082721 5.0455287e-06 1.1119822e-07 1.1257516e-06 9.452687e-07 7.8758e-06 4.0621103e-08 0.0022170115 3.5765513e-07 0.0011585078 4.2925825e-05 0.0020795667 1.1958932e-05 0.00037119188 1.00750505e-07 1.2727145e-07 8.979858e-08 1.6315817e-05 8.139239e-06 1.6679322e-05 1.9353593e-05 1.6096685e-08 6.524264e-06 6.221804e-06 0.0010403799 8.4181283e-07 2.1556154e-05 2.153312e-05 0.0005103965 7.185063e-05
0.9255839 0.034643665 0.005512017 0.00072671997 0.0029723984 9.053712e-05 0.00045315712 0.9817348 0.7296359 0.016746584 5.7530985e-19 0.089861594 0.020997811 0.96038574 0.3149361 0.20779179 0.1551903 0.470945 0.028222673 0.00094142195 0.0005350034 0.00019243138 0.2910848 0.32997507 0.0021160268 0.002163515 0.24304613 0.18129908 0.00011789633 3.2203918e-06 0.07552565 0.48372233 0.19831258 0.0011460988 0.04027552 0.029809289 0.0032720373 0.00507922 0.002041508 0.00418658 0.44014797 1.3074132e-05 0.010034678 0.01429407 0.00088231923 0.004126094 0.00022595299 0.16523634 0.021178784 0.0022367097 0.0028801162 0.1268419 0.0010937282 0.16286248 0.00025643173 0.017510762 0.018181538 2.9791128e-05 0.0020949305 0.0024943664 2.4657233e-05 0.0007988338 0.088300794 0.0006238027 0.0042470214 3.6634592e-05 0.000455879 0.0033678494 1.714455e-05 4.2724434e-05 0.0014704935 0.000640663 0.00028817152 8.821467e-05 0.000118232776 0.00015612874 0.012797386 1.1351514e-06 0.021936247 0.00033408913 9.626999e-05 0.043941885 1.1728381e-06 0.00018321228 4.575472e-06 1.0727168e-07 6.158048e-05 1.7455857e-05 0.0019394954 1.1693256e-06 0.000887327 0.013290581 4.0352046e-07 0.000101690195 0.0023430425 0.01222306 2.9624891e-06 0.005178515 4.9008922e-06 0.00022050379 1.2959775e-05
0.7777282 0.69309026 0.51928335 0.23307665 0.17200142 0.048515268 0.13226777 0.7960957 0.059856176 0.46638343 0.089861594 3.7712906e-19 0.95422244 0.0048093745 0.97005683 0.040509097 0.79780626 0.0009481819 0.021199916 0.02216836 0.1634924 0.01716082 0.35074928 0.0005264689 0.05422674 0.40202123 0.34503543 0.00037806405 0.003015196 0.002021337 7.107649e-05 0.0002617928 0.16474895 0.059002645 0.00016805883 0.011162397 0.10913145 3.195268e-05 2.1661397e-05 0.0125393765 0.0018047611 0.0033406413 4.4246412e-06 2.3069962e-05 0.0026554773 0.056605805 3.0646547e-06 0.031490605 7.7632685e-05 7.191812e-06 1.0878814e-06 0.0025973236 4.542143e-06 0.010651788 1.1949589e-06 0.051828083 0.03470945 9.164344e-08 1.3226977e-06 1.9245477e-05 3.1343205e-07 4.148358e-07 0.05330732 0.00029688247 5.218849e-06 0.00014658744 7.69821e-06 5.9441478e-05 0.0017331135 4.665635e-06 1.6459944e-05 1.91433e-05 9.410278e-07 1.2088902e-06 5.9876693e-06 1.1081199e-06 0.00010187792 2.6853606e-09 0.016029568 8.611487e-06 9.202069e-05 0.0036337061 3.940455e-05 7.133711e-07 0.00037123472 3.4681755e-09 3.7325947e-07 1.2280593e-07 7.5351396e-05 2.1936621e-05 3.7999046e-06 0.00055898924 8.147326e-09 4.660865e-07 0.00020578336 0.005485618 8.96338e-08 0.0003136879 7.94202e-05 0.00087657577 5.8486057e-05
0.8217351 0.80582845 0.5720838 0.48805577 0.35931963 0.46193424 0.25436246 0.45880947 0.0044829776 0.37323794 0.020997811 0.95422244 1.4729491e-18 0.0010103205 0.5234734 0.00201325 0.6104123 0.00011743883 0.0017017719 0.06334478 0.74336714 0.21507356 0.19321391 7.651385e-05 0.053101026 0.95632124 0.32404476 7.8907315e-06 0.011131378 0.023858225 3.4098168e-06 4.300406e-06 0.13446744 0.29523253 2.8088461e-06 0.00035405683 0.24813195 3.8046658e-06 9.318073e-07 0.0038996038 3.100131e-05 0.0019319744 3.4110576e-07 3.1502257e-06 0.00047376822 0.1074877 5.1313364e-08 0.018304436 2.8970358e-06 1.0205666e-06 1.1437758e-07 0.00015979099 5.922345e-07 0.0014563537 4.6402462e-07 0.1366969 0.041210826 4.781114e-09 3.7200326e-07 4.7764433e-07 1.4092899e-08 2.2727572e-07 0.03965686 1.0731774e-05 3.9306424e-06 3.1004914e-05 6.798163e-08 4.018735e-06 0.0007509031 9.435908e-07 1.4486008e-05 8.8452525e-06 2.8371085e-08 1.0138278e-07 8.363482e-07 2.9558711e-08 5.080298e-06 7.857622e-10 0.012708717 4.4857566e-07 2.8716291e-05 8.595984e-05 0.0010378648 4.270911e-09 0.0003002855 2.785466e-09 1.570678e-08 6.385525e-09 9.430523e-06 3.8313283e-05 2.564949e-07 2.3167336e-06 2.066582e-09 1.335928e-09 1.097609e-05 0.0024500538 2.3165256e-08 1.2539107e-05 7.513203e-05 0.00042446508 4.71296e-05
0.8221866 0.0028733262 0.0013927493 0.00026361065 0.0011584508 0.00014021125 0.0003967755 0.35142657 0.95504695 0.0041892678 0.96038574 0.0048093745 0.0010103205 6.746383e-18 0.025011374 0.45964462 0.0168295 0.9270999 0.04341324 0.00066675694 0.0014716536 0.0002148837 0.023981046 0.6092167 0.0017234705 0.0008682115 0.013825139 0.5120506 0.0002813844 3.3765173e-05 0.26868635 0.4809127 0.015954578 0.0008301572 0.10797945 0.072441466 0.0015262696 0.0027004452 0.00093625224 0.006581081 0.03759999 0.00031615334 0.02629808 0.056505155 0.002451157 0.0010055595 4.199252e-05 0.021765226 0.103167154 0.0016493603 0.0071537076 0.009836564 0.0003554182 0.018866591 0.00016732846 0.0035779455 0.0021651362 9.841297e-06 0.008535289 0.00051382056 2.946537e-05 0.0049146884 0.0054909852 0.00696742 0.026982369 0.00015769112 0.0002355114 0.0010092482 2.6990896e-05 0.001087364 0.008254808 0.0037659805 0.00012314 2.797126e-05 0.0005288481 6.577557e-05 0.0022637662 1.940907e-06 0.0018578916 0.000110574365 0.000854719 0.0046668528 1.174638e-06 0.00015661624 2.6922858e-06 7.423809e-07 0.00019115834 4.422922e-05 0.00058840617 1.7176847e-06 0.00025734823 0.001594662 1.5974131e-06 3.2164553e-05 0.00079906435 0.0019566598 1.0655593e-05 0.0011421638 2.8441414e-06 0.00025533483 4.80959e-06
0.85787135 0.28406736 0.14066966 0.05986923 0.029989034 0.013992474 0.01503807 0.84380835 0.12665895 0.10356368 0.3149361 0.97005683 0.5234734 0.025011374 3.2119558e-18 0.08412274 0.9025929 0.0036512867 0.020506827 0.0021069834 0.0151120685 0.0044845236 0.74006236 0.0032924553 0.0032191868 0.24732032 0.65413713 0.0014559489 0.00049019675 0.0005637577 0.00052995473 0.0024106228 0.5047944 0.06352907 0.0004165089 0.011026468 0.19376121 6.763776e-05 3.658575e-05 0.0050520897 0.078063264 0.00032669096 2.7821954e-05 0.000104612154 0.000807263 0.11933963 1.1703069e-05 0.17106001 0.00027162264 9.224374e-06 1.6973412e-06 0.030574897 1.0296028e-05 0.073578976 3.663192e-06 0.077663705 0.082462706 1.9834524e-06 4.891544e-06 0.00013827794 2.460066e-06 5.01525e-07 0.11384606 3.4898578e-05 2.3178961e-06 9.468146e-06 6.664174e-05 0.0003267798 6.656628e-05 1.8834605e-06 9.707052e-06 3.3854394e-05 3.1225627e-05 1.9736868e-05 3.6416204e-06 1.9439403e-05 0.0014700546 1.2166393e-08 0.04388457 6.65001e-05 8.253513e-05 0.018628228 6.1186034e-07 2.5333387e-05 1.2929186e-05 1.5670084e-09 4.4867966e-07 4.5485342e-07 0.0005187627 1.3817322e-05 0.00014680343 0.0037582256 1.2029856e-08 1.3110803e-05 0.00067257165 0.016434323 1.065736e-07 0.0010044174 5.7304937e-06 2.649458e-05 7.3713395e-06
0.7741326 0.020614583 0.026662368 0.002617027 0.006175683 0.00037397907 0.00490468 0.30843204 0.965618 0.52214825 0.20779179 0.040509097 0.00201325 0.45964462 0.08412274 2.3443033e-18 0.039234653 0.2001902 0.9886971 0.013585045 0.00043383823 0.00031574475 0.031209115 0.025596462 0.07105445 0.001416509 0.02098759 0.1807671 0.0022404266 8.2432554e-05 0.009687743 0.014207356 0.012914404 0.00050124916 0.02700083 0.58223325 0.0035027137 0.00023018658 3.1486776e-05 0.1952752 0.0033023455 0.046219986 0.0022904584 0.010549542 0.07267651 0.0036934076 3.3939818e-06 0.008228467 0.081271976 2.4975714e-05 3.028634e-05 0.0011941635 2.1490103e-05 0.0043677227 6.321893e-06 0.0049680634 0.0032936833 7.0873995e-08 0.002943915 3.4015073e-05 5.8072095e-07 0.0012896035 0.0030181056 0.08929671 0.012361936 0.029842772 6.101496e-07 5.205021e-06 0.01783959 8.717039e-05 0.007431595 0.010367628 1.0770427e-05 3.7486154e-07 7.684695e-05 1.4325168e-06 8.350428e-05 2.1342705e-08 0.0009501394 3.44995e-07 0.0040630177 0.00022891426 1.2359519e-06 3.7318903e-05 3.3774482e-05 5.639657e-09 4.4740125e-05 2.4058857e-06 1.5647762e-05 5.213031e-07 2.5185433e-05 0.00014863722 8.916659e-08 6.446972e-05 2.477646e-05 0.0011366908 1.0410458e-06 0.000107500535 2.0871503e-06 0.00052865315 7.1013096e-06
0.87667805 0.23289086 0.097952604 0.03730469 0.02252045 0.0077219713 0.013121048 0.51961297 0.079493806 0.052968018 0.1551903 0.79780626 0.6104123 0.0168295 0.9025929 0.039234653 3.3610968e-18 0.0031590557 0.009306156 0.0009307177 0.056328896 0.0062049762 0.895979 0.0020359308 0.001202304 0.48007724 0.8745086 0.0007594456 0.00017202603 0.00021231238 0.00058419997 0.001191944 0.7192325 0.08439463 0.00017029577 0.0025930083 0.36670896 5.505223e-05 2.9472652e-05 0.001388737 0.033767715 0.0001191018 9.394268e-06 2.7094648e-05 0.00014744914 0.1870003 2.0159609e-05 0.2104078 0.00013003299 1.2665408e-05 2.4259277e-06 0.018395972 7.229371e-06 0.067168556 3.2275557e-06 0.0823064 0.1239505 1.2421935e-06 1.184629e-06 0.0001712544 1.0529598e-06 1.9298722e-07 0.13156757 1.3044354e-05 4.0894083e-06 7.5488156e-06 6.0116407e-05 0.00026066724 2.8927028e-05 2.060123e-06 1.1322781e-05 4.178164e-05 4.2423235e-06 3.7773195e-06 1.8271444e-06 3.9688102e-06 0.0009324514 3.8614947e-09 0.048761364 4.7538942e-05 0.00012631781 0.022849282 2.1455953e-06 5.0823573e-06 1.0564356e-05 1.3274142e-09 1.6350957e-07 1.677409e-07 0.00091539073 2.8390561e-05 0.0001708632 0.0049169105 5.1158544e-09 5.42102e-07 0.0009796814 0.029213948 6.580064e-08 0.0012669812 1.004851e-05 0.00015848657 6.0203924e-06
0.6948371 0.00012180476 2.4406649e-05 3.9153892e-06 6.2131265e-05 2.0253377e-05 2.157057e-05 0.05830896 0.59754074 0.00012103115 0.470945 0.0009481819 0.00011743883 0.9270999 0.0036512867 0.2001902 0.0031590557 1.3893563e-18 0.03477342 0.00012977171 0.0002505087 1.8643683e-05 0.007943153 0.8008063 0.00031005818 0.00014414714 0.0055718655 0.9668306 2.3757744e-05 2.4430924e-06 0.774461 0.6576068 0.0065936544 9.520096e-05 0.5992347 0.066226855 0.00031563788 0.0049713124 0.0016513016 0.0015228296 0.06606296 0.00025683505 0.20444696 0.19745028 0.0021246166 0.00018834248 0.00019823294 0.008939206 0.22462621 0.0022714941 0.025737187 0.009418669 0.0004914402 0.013718578 0.00021811532 0.00042059066 0.0002751339 4.876981e-05 0.029559296 0.0008414028 4.3315544e-05 0.015356124 0.00061486877 0.010155999 0.068977 0.00021592066 0.00019089326 0.0012564232 6.558406e-06 0.002317147 0.020330481 0.0071512484 0.00015384721 2.336803e-05 0.002907175 9.179403e-05 0.0012555824 1.087257e-06 0.00020833699 0.00021956788 0.0019944115 0.0010272226 4.23123e-07 0.00026032314 4.4637814e-06 3.8879935e-07 0.0012388449 5.2479234e-05 0.00045444764 2.3279192e-07 0.00027614334 0.00079745305 5.4014305e-07 9.774685e-05 0.00066654483 0.0010747254 2.1476026e-05 0.0011744499 8.4372573e-07 0.00026289737 5.012178e-06
0.5242888 0.011945591 0.022544798 0.00423113 0.013849208 0.00046803258 0.020060802 0.074188985 0.5004166 0.65867627 0.028222673 0.021199916 0.0017017719 0.04341324 0.020506827 0.9886971 0.009306156 0.03477342 6.7913666e-17 0.058786057 0.00034074328 0.0003171659 0.004822462 0.011393884 0.41176304 0.0010835297 0.0034292047 0.05281174 0.013713665 0.0005360509 0.006633925 0.0066179344 0.0030826982 0.00034590097 0.017504955 0.9736404 0.0008302309 0.0011625829 0.00038162855 0.7494473 0.0012801597 0.3263118 0.004730511 0.017941924 0.56094056 0.0010014806 5.9427417e-05 0.0015570275 0.29266676 0.00049476075 0.0007494365 0.00044849527 0.00023916039 0.0015415814 6.5546636e-05 0.0039896774 0.00081933034 5.4970524e-06 0.0070128907 0.00015631707 1.7370367e-05 0.0046546687 0.00073902635 0.3131889 0.030892253 0.20506233 1.9539679e-05 3.8835726e-05 0.06408458 0.00034741976 0.024684103 0.047750194 0.00012501703 2.6263099e-06 0.00014310655 3.619032e-05 8.553248e-05 6.98402e-07 0.00078911235 1.2213866e-05 0.01640965 0.00027189113 2.2955885e-05 6.218865e-05 0.00074099185 1.0637498e-07 0.00044360556 5.0311287e-06 6.2370935e-05 2.6667896e-05 5.3327727e-05 0.00027558295 6.496539e-07 0.00013298783 6.969463e-05 0.0015334385 6.2297427e-06 0.00017768536 0.00010262027 0.0029717083 0.00025202
0.0726997 0.12172952 0.26837417 0.37837273 0.5409624 0.25106576 0.75791746 0.0036717805 0.0030962941 0.8036 0.00094142195 0.02216836 0.06334478 0.00066675694 0.0021069834 0.013585045 0.0009307177 0.00012977171 0.058786057 2.7315711e-19 0.003280298 0.0014539135 0.00014540536 2.6733107e-05 0.97502327 0.004606499 0.00019379606 2.3144908e-05 0.9362262 0.7697369 1.03481725e-05 1.787356e-05 0.00011710688 0.00082809036 9.280802e-06 0.015632788 0.00040412418 3.8244573e-07 2.962572e-07 0.062466048 1.134673e-06 0.3854288 5.4003518e-08 2.0860575e-06 0.01094117 0.00017101203 5.182936e-07 0.0003925896 2.21736e-05 4.0792867e-07 6.510254e-08 1.0258075e-06 8.221845e-07 4.319076e-05 6.4864787e-07 0.004516096 0.0006619512 3.900498e-07 2.8566495e-07 1.3672678e-06 3.1427612e-07 1.00586334e-07 0.00067798636 0.0013530386 1.5421165e-06 0.0016396516 2.354493e-07 1.8687952e-07 0.07183584 2.7404633e-06 2.7921271e-06 2.9033132e-05 3.3587668e-07 1.8976283e-06 1.0276914e-06 3.137886e-07 1.8607225e-06 3.813504e-08 0.0009578969 6.5498585e-07 0.00013146053 3.743539e-05 0.003317106 5.602519e-07 0.0001270839 7.644616e-09 2.9913946e-07 3.0551078e-07 4.0691207e-06 5.184644e-06 2.3240217e-07 1.8311734e-05 6.8958734e-08 1.8244372e-06 6.86328e-06 0.00018052895 8.176812e-09 1.0413223e-05 6.527911e-06 9.714595e-05 8.634529e-06
0.7229531 0.08233254 0.024917452 0.08482328 0.030081127 0.7081618 0.015777944 0.023913004 0.0028506166 0.006504443 0.0005350034 0.1634924 0.74336714 0.0014716536 0.0151120685 0.00043383823 0.056328896 0.0002505087 0.00034074328 0.003280298 4.6186424e-17 0.98476195 0.01036791 0.000119158605 0.0010490378 0.71522176 0.019037703 4.556386e-06 0.003163097 0.041287992 5.1525994e-06 2.8627588e-05 0.0061514038 0.92645544 9.677014e-06 7.4524432e-06 0.32983536 3.0437907e-06 9.0146483e-07 0.00032542567 0.00028115022 0.0008522763 9.429404e-07 2.9611247e-06 0.00016676704 0.16235441 8.889892e-07 0.0124628255 4.6730224e-06 3.2845096e-06 8.128429e-07 0.0003721605 3.8928016e-07 0.0021724186 1.8525024e-07 0.5958979 0.043609757 2.549598e-08 5.8682264e-07 6.6571197e-06 4.5376055e-08 3.5009364e-08 0.019668303 4.399647e-06 1.8764217e-06 4.0940387e-05 2.1859664e-07 1.4431872e-05 0.015827186 8.639499e-09 1.8834857e-06 2.506022e-05 2.6150417e-07 1.2052554e-07 1.3321429e-06 1.1115221e-07 4.475685e-05 2.8257983e-09 0.049114916 5.510865e-07 7.983989e-06 0.0009170356 0.007530553 4.94446e-09 0.00014489483 1.3428558e-10 1.09612564e-07 1.6363991e-08 5.406159e-06 0.00012121724 1.0419561e-07 0.00012524915 5.348829e-08 2.3865682e-10 5.099797e-06 0.00558047 1.08910264e-07 4.427336e-05 0.00014428081 2.6683743e-05 3.613462e-05
0.86750424 0.023266483 0.02320936 0.044627186 0.020259604 0.8825221 0.016999075 0.006684033 0.0007188719 0.007838991 0.00019243138 0.01716082 0.21507356 0.0002148837 0.0044845236 0.00031574475 0.0062049762 1.8643683e-05 0.0003171659 0.0014539135 0.98476195 2.8894567e-17 0.0022439174 2.2788918e-06 0.0012753245 0.3038282 0.003230962 1.8832953e-06 0.0022099474 0.05788691 3.6895307e-07 2.2830684e-06 0.0016527592 0.91999406 2.2221752e-06 2.8171316e-05 0.3114409 7.947065e-07 1.1676502e-07 0.00034140015 2.218056e-05 0.0013885072 1.12703475e-07 1.1552166e-06 0.00011323241 0.05884174 1.9077886e-07 0.004177126 6.051165e-06 2.6537035e-07 1.8348915e-07 1.78965e-05 5.979757e-07 0.00028390222 1.1389428e-07 0.88162434 0.020434467 7.441551e-09 2.6749035e-06 1.5878541e-07 3.9501207e-09 8.847285e-08 0.0064659244 1.6827878e-05 2.6929536e-06 4.8529848e-05 1.8659831e-09 2.0944908e-07 0.00266846 1.3884351e-06 2.6259343e-06 1.0939629e-05 3.8930487e-10 1.5145472e-09 2.5833772e-06 1.0021716e-10 7.725631e-07 6.842317e-11 0.020826187 1.4444029e-09 2.8186162e-06 3.727412e-05 0.008600428 5.7243537e-12 0.00023159472 2.0036745e-11 8.3830585e-08 4.976062e-08 1.1694349e-08 7.5594246e-05 2.1849575e-09 3.5469827e-07 9.470222e-10 8.199895e-13 1.590539e-08 0.0018166641 1.1258127e-08 3.5113843e-07 0.00018182326 0.00041304735 3.988931e-05
0.8453624 0.05677286 0.0154788 0.0044697267 0.0026927881 0.001301053 0.00079426076 0.38342926 0.0905747 0.00955404 0.2910848 0.35074928 0.19321391 0.023981046 0.74006236 0.031209115 0.895979 0.007943153 0.004822462 0.00014540536 0.01036791 0.0022439174 2.4730084e-19 0.006632814 0.00023491295 0.29518488 0.96969444 0.0017580162 1.8690254e-05 7.845545e-06 0.0026450981 0.023700366 0.9115176 0.027142774 0.00034642767 0.0010255743 0.28702754 4.800308e-05 2.924837e-05 0.00026380405 0.30290815 1.0242762e-05 9.620101e-06 4.281462e-05 6.49911e-05 0.19569415 2.1257729e-05 0.46098518 7.5937096e-05 1.2857634e-05 3.0070962e-06 0.13419357 4.8304864e-06 0.26234117 3.1762445e-06 0.066765584 0.15191962 4.0981304e-06 2.594579e-06 0.0004978329 1.4489137e-06 3.9146028e-07 0.24848594 0.00014104249 3.3019543e-05 2.483122e-05 0.00024891386 0.0018567563 1.5284626e-05 7.2528437e-06 0.000100210105 0.00020236224 3.9353028e-05 3.2291e-05 5.5336873e-06 3.4844208e-05 0.009295294 2.0829622e-08 0.09043019 0.00030676986 0.0006478754 0.088190824 3.486224e-06 6.0294566e-05 1.1087652e-05 3.788685e-09 4.029486e-07 2.1756858e-07 0.0024800207 2.6323545e-05 0.0012694527 0.027446538 9.855258e-09 9.847541e-06 0.004523318 0.07117761 1.3043396e-07 0.008413218 6.8809613e-06 0.00024790489 1.0769062e-05
0.78059006 2.342752e-05 1.2095689e-05 1.083485e-06 2.4705016e-05 2.0416403e-06 8.50991e-06 0.061208937 0.164535 6.0798302e-05 0.32997507 0.0005264689 7.651385e-05 0.6092167 0.0032924553 0.025596462 0.0020359308 0.8008063 0.011393884 2.6733107e-05 0.000119158605 2.2788918e-06 0.006632814 4.2759244e-20 9.113052e-05 3.8499016e-05 0.0032494965 0.5740633 1.0001578e-05 1.6198893e-06 0.9750993 0.90614516 0.0060529145 5.5146134e-05 0.29308924 0.017487643 0.00024799025 0.13112955 0.037524845 0.00017906139 0.23533547 1.1251147e-05 0.24998997 0.15086587 0.00028394314 6.320817e-05 0.0034609966 0.012305079 0.106107 0.0535704 0.17410515 0.027934939 0.0067437226 0.025351098 0.001387795 0.00049143785 0.0003605703 0.00024918886 0.024884935 0.002810143 0.0006152137 0.0070315422 0.0014814946 0.0007022799 0.021666275 6.557534e-05 0.0009215673 0.0054468852 1.3923952e-05 0.04928097 0.0027432223 0.0013607659 0.00049919356 2.2090757e-05 0.013401202 0.000120669145 0.006480868 1.2975356e-05 0.00059195224 0.000221416 0.0003686872 0.0056558624 5.0351e-07 0.00065875734 5.305565e-06 4.748939e-06 0.0007175431 0.0004596419 0.0012046995 2.6584985e-07 0.00086612505 0.002503076 2.3213383e-06 0.00017998538 0.0017104377 0.0017103968 0.00017726526 0.0024437835 2.9362226e-07 0.000686527 8.445441e-06
0.08238663 0.10619402 0.31668207 0.35251793 0.4924182 0.203637 0.6605207 0.01015121 0.011814993 0.9211774 0.0021160268 0.05422674 0.053101026 0.0017234705 0.0032191868 0.07105445 0.001202304 0.00031005818 0.41176304 0.97502327 0.0010490378 0.0012753245 0.00023491295 9.113052e-05 5.7807265e-20 0.003368885 0.00070211216 4.405943e-05 0.8329017 0.6075213 4.1628635e-05 1.7189326e-05 0.00047628616 0.0011613059 3.3042037e-05 0.22456844 0.00044438906 5.9682284e-06 1.1615522e-06 0.4539665 2.161978e-06 0.881389 4.975428e-07 2.381343e-05 0.22044432 0.00037395145 1.03813e-06 0.0001146184 6.244884e-05 1.2082321e-06 1.0301156e-07 2.9918951e-06 2.206689e-06 4.245442e-05 2.0185146e-06 0.0043224148 0.0007096628 1.8369225e-07 1.0874458e-06 4.8909797e-06 3.9925348e-07 5.0361905e-07 0.00060940586 0.026713014 4.7553153e-06 0.091949046 6.614615e-07 6.0318143e-07 0.48063427 4.812205e-06 6.3804396e-06 0.0001265463 1.4944689e-05 1.8880725e-07 7.809493e-07 2.2005233e-06 3.5135633e-06 8.86429e-09 0.0015335503 5.8680985e-07 0.00028048793 1.4145623e-05 0.00258954 1.5700205e-06 0.0020915738 8.367639e-09 1.1362154e-07 3.380337e-08 5.1728107e-06 2.6614618e-05 6.3044666e-07 1.8039274e-05 2.1409571e-08 1.2306715e-05 1.3250101e-05 0.00018606355 1.4531142e-07 2.2194587e-05 7.535614e-05 0.0004934032 3.486189e-05
0.912495 0.2925575 0.14658009 0.10293772 0.061479118 0.2643024 0.036015715 0.05917591 0.004500854 0.04797684 0.002163515 0.40202123 0.95632124 0.0008682115 0.24732032 0.001416509 0.48007724 0.00014414714 0.0010835297 0.004606499 0.71522176 0.3038282 0.29518488 3.8499016e-05 0.003368885 1.04175656e-16 0.37312165 9.628463e-06 0.0008606926 0.004429283 1.0821669e-05 1.4583135e-05 0.20540704 0.88161457 1.1214071e-05 0.00019066676 0.92840147 3.489863e-06 3.7863666e-07 0.0011349312 0.00023754037 0.0022717346 1.7689594e-06 8.05795e-06 0.000105336956 0.6462505 1.15456615e-07 0.032707587 4.1984285e-06 2.1523297e-06 3.5816032e-07 0.0008005208 1.7320021e-06 0.004920583 6.453296e-07 0.3486492 0.14658518 4.903374e-08 1.9278937e-06 1.4300927e-06 5.0253064e-08 3.509576e-07 0.09151961 9.211371e-06 4.1527733e-06 5.8389807e-05 2.0012226e-07 6.594312e-06 0.008351173 5.8041866e-07 1.7003911e-05 1.0458687e-05 1.5629357e-07 1.2426159e-07 1.3272985e-06 1.1545056e-07 4.6130397e-05 6.0135372e-09 0.061419558 3.196255e-07 1.9731639e-05 0.0015908243 0.006093184 1.247807e-08 7.280651e-05 8.749362e-09 4.1959428e-08 1.7267178e-08 4.5832036e-05 2.4144601e-05 4.3214723e-06 9.1770045e-05 3.6796443e-08 2.2872708e-09 3.4047076e-05 0.011552845 8.207676e-08 7.658759e-05 2.7846854e-05 0.00012807355 1.26719315e-05
0.88950175 0.059736006 0.02357036 0.005712698 0.002944801 0.00056432304 0.0016445941 0.28880876 0.07897983 0.009455027 0.24304613 0.34503543 0.32404476 0.013825139 0.65413713 0.02098759 0.8745086 0.0055718655 0.0034292047 0.00019379606 0.019037703 0.003230962 0.96969444 0.0032494965 0.00070211216 0.37312165 1.119304e-19 0.0010599156 9.875646e-05 2.6613956e-05 0.0017831322 0.0024086877 0.970952 0.037763122 0.00028923567 0.00046616097 0.4387845 7.202152e-05 1.9109353e-05 0.00021056115 0.117015585 5.2990117e-06 1.3457347e-05 4.6171463e-05 4.8453407e-05 0.17495742 5.044369e-06 0.43298116 4.6250087e-05 1.8307961e-05 2.6459115e-06 0.05461326 2.1739395e-05 0.19284412 6.3265975e-06 0.05446857 0.14170095 1.2748969e-06 2.266827e-06 0.00019570049 1.2151922e-06 7.4434183e-07 0.18718196 2.134616e-05 1.3113705e-05 6.6484217e-06 9.168291e-05 0.00033966728 5.1181214e-06 1.1556909e-05 2.2849426e-05 0.00018055063 1.8033184e-05 1.3452241e-05 2.9635148e-06 2.4366085e-05 0.0028764328 8.716e-09 0.10415028 4.5755525e-05 0.00018727695 0.066895224 1.4765218e-06 8.001665e-06 1.0591714e-05 4.376039e-09 3.7809739e-06 1.4882429e-06 0.0007018755 8.627064e-06 0.00045741655 0.007952731 2.3915286e-08 6.2126935e-07 0.0021177984 0.09864839 9.745965e-08 0.00317398 7.70187e-07 0.00011079476 5.1879433e-06
0.5273627 9.387775e-06 1.9159563e-06 2.5729358e-07 7.108513e-06 1.9332017e-06 2.0116136e-06 0.025481353 0.37352782 1.1476699e-05 0.18129908 0.00037806405 7.8907315e-06 0.5120506 0.0014559489 0.1807671 0.0007594456 0.9668306 0.05281174 2.3144908e-05 4.556386e-06 1.8832953e-06 0.0017580162 0.5740633 4.405943e-05 9.628463e-06 0.0010599156 1.1770635e-19 2.3932466e-06 1.1392166e-07 0.593005 0.45473912 0.0013254152 8.646024e-06 0.98420227 0.054605797 8.280113e-05 0.00484933 0.0007518694 0.0010790158 0.023323266 6.649319e-05 0.45786554 0.39755908 0.0015897552 2.7354592e-05 8.276324e-05 0.002363499 0.28119493 0.0032855782 0.051505465 0.0030700332 0.0002769987 0.004300585 8.5297645e-05 0.00019291096 3.2367338e-05 1.9695746e-05 0.062322438 0.00028835103 9.11282e-06 0.03078031 9.5088166e-05 0.0106570525 0.07869081 0.00011464267 2.2422571e-05 0.00033133058 5.345658e-06 0.0015421018 0.022448596 0.008796265 8.774899e-05 3.5790338e-06 0.0070599406 3.4105473e-05 0.00028859204 1.6731033e-07 4.2647658e-05 2.946245e-05 0.0019872973 0.0002197518 2.0450943e-07 0.0001417691 1.4652718e-06 9.6718e-08 0.0013781696 4.793652e-05 0.00013723275 1.431219e-07 0.00013496478 0.00030364672 3.3427586e-08 0.00010065289 0.00027957058 0.0005410807 1.1079766e-05 0.00084779906 4.034835e-07 8.8266e-05 2.2261947e-06
0.037759863 0.034413368 0.09238344 0.24955796 0.35491946 0.33710748 0.4254253 0.0017478195 0.0004838142 0.32930198 0.00011789633 0.003015196 0.011131378 0.0002813844 0.00049019675 0.0022404266 0.00017202603 2.3757744e-05 0.013713665 0.9362262 0.003163097 0.0022099474 1.8690254e-05 1.0001578e-05 0.8329017 0.0008606926 9.875646e-05 2.3932466e-06 9.903942e-18 0.99036354 1.1209852e-06 1.3871143e-06 8.62164e-05 0.0005792724 3.314949e-06 0.0035291305 0.00028182537 1.0054238e-06 5.6099566e-07 0.029669449 5.4102827e-07 0.46967113 1.9112613e-07 2.1297044e-06 0.013275634 0.00015826167 2.9831185e-07 8.815681e-05 3.035578e-06 5.365078e-07 1.7543924e-07 7.2866516e-07 1.586983e-06 1.1887319e-05 2.188865e-06 0.0074717505 0.001147566 2.3156323e-07 2.6014507e-07 2.8903742e-06 3.287485e-07 8.3633026e-08 0.0005520294 0.0014502153 4.291428e-07 0.0025892844 1.7294018e-07 3.0957904e-07 0.19228362 4.1032237e-07 6.929736e-07 1.22941965e-05 8.116872e-07 2.9721077e-06 1.362411e-07 8.0757405e-07 3.077829e-06 4.7188397e-08 0.0010901695 7.261509e-06 0.000115537645 2.386902e-05 0.067038596 3.5194519e-06 0.001926568 2.7664946e-09 4.591636e-08 7.4690995e-08 1.4839379e-05 7.764039e-05 3.830641e-07 2.9600224e-05 1.06164386e-07 3.8579155e-06 1.4025988e-05 0.00055953726 4.251316e-09 1.9002007e-05 9.092988e-05 0.0007962326 5.4125125e-05
0.45234725 0.023585532 0.076635174 0.47731873 0.39781725 0.8642681 0.57054704 0.000428724 0.00015301917 0.3075922 3.2203918e-06 0.002021337 0.023858225 3.3765173e-05 0.0005637577 8.2432554e-05 0.00021231238 2.4430924e-06 0.0005360509 0.7697369 0.041287992 0.05788691 7.845545e-06 1.6198893e-06 0.6075213 0.004429283 2.6613956e-05 1.1392166e-07 0.99036354 4.2454403e-17 1.05907326e-07 2.3220012e-07 7.0656083e-06 0.010163732 2.9325844e-07 8.4998734e-05 0.0022933653 1.7194662e-06 1.3988002e-06 0.0026317006 7.285116e-07 0.14123558 2.994961e-08 3.900632e-07 0.0008427154 0.0009291107 1.6016286e-07 9.440867e-05 3.928862e-06 1.0510059e-07 4.3366647e-08 1.3647687e-07 1.6856685e-06 3.397411e-06 1.1275396e-06 0.13665992 0.0008681499 2.8798976e-07 9.251963e-07 1.649984e-06 9.154456e-08 2.0190892e-07 0.00032220047 1.6142889e-05 4.753137e-07 3.790485e-05 1.7236553e-07 4.125507e-07 0.05883113 7.738251e-06 9.184491e-07 2.071967e-06 1.3179098e-07 1.4019627e-06 3.5210718e-07 2.6327484e-07 1.7616427e-06 3.402109e-08 0.0007736189 2.6736294e-07 1.0935781e-05 5.0134786e-06 0.12565264 5.9090507e-08 0.00031633308 6.958466e-10 8.460531e-08 1.6550989e-07 1.9731635e-07 0.00011464913 1.879676e-08 3.8162125e-07 6.05367e-08 5.6885314e-09 3.236732e-08 0.0002419154 7.812316e-09 2.3649709e-07 6.518564e-05 0.00022282233 3.0613435e-05
0.732069 1.1427579e-06 2.9474757e-07 1.2200512e-07 3.5336143e-06 2.5357824e-07 1.2780828e-06 0.012837363 0.034810998 6.7186097e-06 0.07552565 7.107649e-05 3.4098168e-06 0.26868635 0.00052995473 0.009687743 0.00058419997 0.774461 0.006633925 1.03481725e-05 5.1525994e-06 3.6895307e-07 0.0026450981 0.9750993 4.1628635e-05 1.0821669e-05 0.0017831322 0.593005 1.1209852e-06 1.05907326e-07 2.7556968e-18 0.9479435 0.0026079444 9.170936e-06 0.38010904 0.011074279 1.427868e-05 0.3316954 0.10907881 0.000108229244 0.1681869 6.5274508e-06 0.32334808 0.14985466 0.0003282578 1.4820092e-05 0.01798303 0.006685652 0.083381094 0.12764674 0.261053 0.019692298 0.022453845 0.01670285 0.0047057904 7.8042816e-05 6.6461995e-05 0.00086918834 0.030594116 0.004655561 0.0014864118 0.009298212 0.00054416416 0.0009331101 0.034992557 4.0410392e-05 0.0016023499 0.004682371 4.076135e-06 0.04377278 0.006356165 0.0011044184 0.00092436373 0.00015597128 0.013740824 0.00045435017 0.0035362241 5.016011e-05 0.0002342532 0.001197321 0.00027140437 0.0036278386 2.3648376e-07 0.0019360423 2.9680511e-06 1.00653515e-05 0.0007334399 0.00047299397 0.0010743607 6.834032e-08 0.0011331997 0.0030297767 8.212335e-06 0.0009185069 0.0009368457 0.0018732001 0.00024836918 0.0022769421 1.9083201e-07 3.3427317e-05 8.08707e-07
