7.4643257e-31 0.59989214 0.4808833 0.7071205 0.36817107 0.38400927 0.22537379 0.1795473 0.7530972 0.7274342 0.61266863 0.11030832 0.059902173 0.7908397 0.04948273 0.6530941 0.24841139 0.7543809 0.9362316 0.10106987 0.4774683 0.91665214 0.23953563 0.38899538 0.37589854 0.21086791 0.5145714 0.06045644 0.735394 0.96041954 0.83473754 0.012486024 0.7848426 0.17735554 0.21584782 0.46671385 0.0018399848 0.018073723 0.00018851121 0.4353492 0.00036097405 0.42617944 0.72901607 0.9426063 0.63263106 0.0064723166 0.70558953 0.5214283 0.0028980195 0.9357173 0.00056819397 0.6799967 0.002139828 0.0058357995 0.00013712115 3.1389754e-05 0.07557971 0.0010989718 0.5892718 0.07828834 0.0031195406 5.982731e-06 0.00010947682 0.0014837258 4.398273e-05 0.06160748 0.00049518456 0.9944144 0.94875616 0.013331984 7.9129895e-05 0.9907417 3.6145426e-08 1.6885082e-08 3.132029e-05 0.9965678 0.99698335 0.9787956 7.225532e-08 0.9741715 0.40221292 0.002970878 0.010581603 0.9799512 2.350392e-07 0.99500316 4.8636506e-05 0.0019976543 2.2312897e-06 0.98254615 0.0008016484 0.9977911 0.0039175465 3.720792e-05 0.13310446 0.57011306 6.706278e-07 1.5988355e-09 0.99913055 2.548289e-09 0.99909663
0.59989214 4.0899937e-21 0.9527283 0.8751985 0.4802186 0.3369004 0.38323492 0.5880093 0.4693841 0.30916393 0.3395019 0.4493002 0.3019907 0.46410736 0.18490668 0.4414434 0.15011384 0.02791633 0.22440173 0.29220298 0.030003052 0.1044834 0.01593186 0.17352095 0.0048971926 0.0016404417 0.005715973 0.022598164 0.0003784365 0.08878266 0.08703796 0.26344296 0.003236422 0.002210488 0.021478903 3.0293531e-05 0.029975927 0.0054654353 0.05499984 1.1225231e-05 0.017541008 3.8199596e-05 0.005408674 0.0072809397 0.0010229051 0.0007199731 0.00056141877 2.45735e-05 0.0003318875 0.0005872972 0.001128092 0.051401414 3.5078832e-05 0.00018292072 0.0015750505 0.0063318466 1.7228716e-05 6.4923704e-05 9.326892e-07 6.4588426e-07 4.5768662e-05 0.008819281 0.0029285378 5.802474e-06 1.2720764e-05 5.7860454e-08 5.0910503e-06 5.9297272e-05 0.021351004 4.3828597e-05 5.6466597e-05 0.0055707605 0.0005339875 8.862102e-05 0.00020647906 0.0019525774 0.013192373 0.0013016623 0.00010321163 0.018583102 0.00016679855 0.00036633827 5.557796e-05 0.0129269175 0.00015791098 7.1611366e-06 5.873338e-09 1.2912031e-07 3.1381045e-05 9.185892e-05 7.337344e-08 0.0027683717 7.349978e-08 2.0307464e-06 2.2731788e-06 5.1310334e-08 1.0440942e-06 0.00033900465 0.005258354 0.00011421522 0.0007237097
0.4808833 0.9527283 8.019099e-21 0.6906642 0.33016464 0.6606989 0.268848 0.57505053 0.6415012 0.44672585 0.24997328 0.45505032 0.3717193 0.6081567 0.28193426 0.41411555 0.25581244 0.065337814 0.08630869 0.28503516 0.041251753 0.08100456 0.006156196 0.11435205 0.0022007374 0.00080404675 0.009141938 0.026820304 0.00012407148 0.10830338 0.053784113 0.30993652 0.0070964866 0.0030072613 0.008127175 0.00011707249 0.022043442 0.0066957683 0.045154512 0.000115555056 0.010905808 0.00010949613 0.0067872517 0.002061258 0.0015016429 0.00011871363 0.00095196423 5.7848458e-05 5.8340713e-05 0.0018503458 0.0013314328 0.036791872 1.31032275e-05 0.00043921475 0.0026274277 0.008828626 1.0110762e-05 2.2948507e-05 3.295884e-06 3.2077141e-06 4.629885e-05 0.010934213 0.00086430117 2.8558668e-06 9.838707e-06 1.8254542e-07 4.0490263e-06 0.00017725278 0.019360447 6.2110594e-05 4.3836917e-05 0.0018433915 0.0007819644 5.710361e-05 6.711684e-05 0.0021429085 0.009940724 0.0010891205 6.088424e-05 0.014520976 4.401185e-05 8.350516e-05 1.5879952e-05 0.013166934 0.0005774093 3.8268106e-05 4.0533936e-09 7.787561e-07 3.208181e-05 3.244076e-05 4.2555266e-07 0.002802068 1.6007047e-07 1.2091001e-06 5.368748e-07 9.683479e-07 1.0677529e-06 0.0003995952 0.0049213925 0.00012416214 0.0009817403
0.7071205 0.8751985 0.6906642 5.075213e-19 0.7626145 0.10931804 0.67759424 0.5425373 0.10507376 0.2193167 0.7643495 0.2604833 0.1113522 0.20869917 0.072084814 0.83220637 0.055899937 0.0020855628 0.8487687 0.1474366 0.00824155 0.29412284 0.11910704 0.26971427 0.062419616 0.020964922 0.0005472894 0.0042182873 0.009633662 0.036554713 0.23576972 0.037434075 0.00013218756 0.00014699888 0.07989937 1.7361248e-06 0.061645765 0.0004441158 0.032164603 2.325861e-06 0.036831517 1.853781e-06 0.0006575221 0.07764131 3.9283546e-05 0.014562976 5.5298915e-05 1.2505674e-06 0.009048279 5.165537e-05 0.00016689274 0.14128701 0.0022989 2.3892913e-05 0.0004531167 0.0016711062 0.00025304838 0.0020144947 3.8480215e-07 2.0671084e-07 1.9064611e-05 0.00030654614 0.006204465 0.00029086883 1.887889e-05 6.675123e-08 0.00014247824 2.258278e-06 0.05329833 4.522237e-05 3.031402e-05 0.058173873 7.224916e-05 0.0002810111 0.0013407299 0.0005599002 0.016392311 0.009036375 0.000119999415 0.07226677 0.0017801868 0.0015035395 0.0010090071 0.03630831 9.5785845e-06 1.6962441e-06 4.4025367e-07 8.324856e-07 0.0004502543 0.0016797256 1.4842259e-06 0.014368194 4.6496638e-07 1.663708e-05 0.00010270645 1.2991682e-08 9.627315e-06 9.816293e-05 0.014476212 1.8677494e-05 0.00017352759
0.36817107 0.4802186 0.33016464 0.7626145 5.9322264e-22 0.097132 0.960843 0.72336143 0.26965308 0.14668396 0.88369757 0.44648242 0.16537482 0.097983696 0.105841696 0.26809627 0.042132087 0.019560264 0.41729137 0.36708078 0.014005205 0.09736759 0.14539847 0.46916845 0.062747896 0.038046062 0.0032798839 0.02015738 0.015251558 0.027127417 0.08642956 0.16855383 0.0014103166 0.0013960616 0.12983182 2.1799437e-05 0.11712694 0.0036153914 0.082114205 3.6023055e-06 0.06440816 3.537251e-05 0.0013085684 0.041076526 0.00024219381 0.004571926 0.00011043252 2.6156831e-05 0.0027081203 6.439703e-05 0.0013409301 0.036878895 0.00082429807 0.00011677567 0.0015558124 0.0058398973 0.00021801215 0.0007051462 1.3627662e-06 6.309218e-07 4.501476e-05 0.0065247966 0.019372495 0.00010655526 1.4069421e-05 4.587898e-08 4.8076385e-05 8.147378e-06 0.0074223517 4.870367e-05 7.91231e-05 0.009703744 0.0005925479 0.00023547505 0.0022270496 0.0004955507 0.0018100346 0.001891581 0.00014678075 0.008649015 0.0010334587 0.0010428539 0.00049724337 0.003235657 3.4855508e-05 2.4601695e-06 1.7171343e-08 1.8124959e-07 0.00039410038 0.0012734657 9.53581e-08 0.0021601552 9.771055e-08 5.8012456e-06 0.00016063517 6.934823e-08 4.9995842e-06 0.00067566044 0.0010205685 9.690834e-05 0.00013083043
0.38400927 0.3369004 0.6606989 0.10931804 0.097132 1.5411418e-19 0.060745873 0.19169468 0.9064918 0.9529896 0.06849002 0.14437091 0.2923521 0.61484194 0.26691478 0.052369997 0.42704645 0.47785687 0.015051815 0.07623806 0.1466835 0.02883018 0.0043739476 0.033339713 0.0016063004 0.0004855309 0.10803167 0.10092554 0.00010351297 0.16257904 0.023000848 0.13315655 0.06465451 0.031861108 0.0022574514 0.003904408 0.009986228 0.033076495 0.014308731 0.0016311867 0.0055054 0.002538483 0.02201557 0.0010355716 0.0066448348 0.0004210737 0.005809595 0.001095139 6.534286e-05 0.010471003 0.013720069 0.02715649 2.6171654e-05 0.007872209 0.009353241 0.0086494805 2.79757e-06 2.4216275e-05 0.0004979314 0.0004771556 0.0012492432 0.017405648 0.0003322653 9.913443e-06 0.0001700371 8.809983e-05 4.9290675e-06 0.001859888 0.04287084 0.0013874801 0.00035836993 0.0010625409 0.0017710822 0.00012862362 9.146354e-05 0.015992075 0.028136214 0.00038846623 6.1050465e-05 0.027857762 5.2777166e-05 3.5225803e-05 1.3394071e-05 0.039031416 0.0011885246 0.0010614335 2.4738195e-08 8.854109e-05 1.788826e-05 1.9209574e-05 7.938545e-05 0.0031549057 1.0869983e-05 1.0408061e-05 7.032597e-07 4.141097e-05 2.785996e-06 0.0002720823 0.0122800255 0.00026913208 0.0054368847
0.22537379 0.38323492 0.268848 0.67759424 0.960843 0.060745873 5.832113e-20 0.84684813 0.1924251 0.07409873 0.88321203 0.59630495 0.23639064 0.06829162 0.14078218 0.14841661 0.06910885 0.017945904 0.23807992 0.51645887 0.020578584 0.05033592 0.086976595 0.537725 0.023455685 0.013634268 0.0022946605 0.017827062 0.0033461417 0.025677672 0.048672102 0.2888282 0.0008400635 0.0020249835 0.12208513 2.9500321e-05 0.14187229 0.004653577 0.1582373 1.1861477e-05 0.08818726 2.9312874e-05 0.0011830541 0.018638818 0.00030998632 0.0040839426 0.0001530793 2.5271638e-05 0.002246067 4.9215214e-05 0.0017360648 0.023901844 0.00073251233 0.000105551655 0.0016773908 0.009237579 0.00016178763 0.0005473327 3.01263e-06 1.683609e-06 5.9720238e-05 0.010143048 0.015730392 0.00010103355 8.706998e-06 8.428061e-08 3.697753e-05 1.0193435e-05 0.005314349 6.687392e-05 0.00013715726 0.0075404556 0.00085310126 0.00020254857 0.00086799014 0.00037935175 0.0024642588 0.0020351068 0.00015283219 0.007801432 0.0005711067 0.00048838626 0.00010019607 0.0035317654 7.016854e-05 2.215702e-06 4.427935e-09 2.6837404e-07 7.434147e-05 0.0008269902 1.6599786e-07 0.002328471 1.9930935e-07 1.7648327e-06 1.5186998e-05 7.044676e-08 2.0411808e-06 0.00054296665 0.0014887333 8.293619e-05 0.0001678402
0.1795473 0.5880093 0.57505053 0.5425373 0.72336143 0.19169468 0.84684813 3.44676e-22 0.5794205 0.18741061 0.7774483 0.9474402 0.47436097 0.17437117 0.3170068 0.16864818 0.25761324 0.034191083 0.09093063 0.6474151 0.031230636 0.055289086 0.030771822 0.4460878 0.010430782 0.004725357 0.0053074965 0.04094811 0.001457117 0.042418722 0.02834652 0.4182335 0.005007286 0.0034590429 0.05920241 0.00011123626 0.08470253 0.0064792023 0.16199438 5.5642402e-05 0.04119166 0.00014472788 0.0025777833 0.004041307 0.00046834824 0.0007234486 0.0002551797 4.1319254e-05 0.0003068319 0.00039583739 0.0021451432 0.015524658 5.357051e-05 0.00014796513 0.0037328785 0.01902144 2.6605836e-05 3.375555e-05 3.9633564e-06 4.288022e-06 2.3430513e-05 0.022571098 0.005883716 4.954077e-06 3.1754994e-06 3.4852545e-07 3.0207634e-06 1.1245558e-05 0.0037352962 5.2541334e-05 4.948371e-05 0.0023589355 0.0016871693 0.00021040217 9.8724544e-05 0.0006056913 0.0011488029 0.0009214909 0.00015215624 0.0042631193 0.00026237016 0.00017701778 3.898836e-05 0.0019770006 0.0003821113 9.667347e-06 7.0047146e-10 4.1561907e-07 2.1124168e-05 0.00036303632 2.3742678e-07 0.0012109362 1.0748816e-07 7.434621e-07 4.176058e-06 9.594992e-07 4.0023667e-07 0.0010329996 0.0008652236 5.1656356e-05 0.00011828116
0.7530972 0.4693841 0.6415012 0.10507376 0.26965308 0.9064918 0.1924251 0.5794205 1.821724e-18 0.67870164 0.097369365 0.4690013 0.6328251 0.13198346 0.6659334 0.023473978 0.89801294 0.79679763 0.009190788 0.14092578 0.75489265 0.016445894 0.0016589249 0.04834532 0.00045780535 0.00017211415 0.1715256 0.5320263 9.470482e-05 0.18242773 0.010781804 0.15348662 0.09220986 0.4333868 0.0013968028 0.021977508 0.0070467233 0.2550192 0.016563356 0.016252644 0.0015952187 0.01192342 0.064243235 0.00028536314 0.013773558 0.00014373874 0.019271482 0.0034165164 2.0740654e-05 0.027986677 0.10090613 0.013572045 6.6638972e-06 0.04845425 0.052830722 0.013118971 9.928178e-07 5.2295404e-06 0.0023121296 0.0021975485 0.0027948434 0.04169759 0.00034773332 1.7400434e-06 0.0012244709 0.0005510174 1.2885739e-06 0.0023892985 0.029478062 0.0031833532 0.0039025692 0.0006782554 0.0045072436 0.000277742 6.933663e-05 0.017506823 0.01953724 0.00010790275 3.6111367e-05 0.0057716127 7.975638e-05 1.5882299e-05 1.1553164e-05 0.0259286 0.0045573167 0.0019248866 1.1336956e-07 0.0005003632 1.943377e-05 3.5665686e-05 0.00029069162 0.0021781703 2.1485675e-05 9.450497e-05 5.315864e-07 8.029066e-05 1.0264886e-06 0.0016102213 0.0026316794 0.00092965487 0.0032431823
0.7274342 0.30916393 0.44672585 0.2193167 0.14668396 0.9529896 0.07409873 0.18741061 0.67870164 7.467269e-21 0.09447047 0.14076678 0.23522544 0.8797624 0.23498745 0.12126581 0.38434342 0.51344347 0.047258634 0.0664421 0.13878061 0.07911503 0.0042154198 0.030083545 0.0029235429 0.00022045709 0.119787745 0.069910236 0.000118840835 0.31197345 0.08215321 0.097368434 0.08512975 0.020155968 0.0011460333 0.002619895 0.0072822864 0.021514276 0.0072075706 0.00057166215 0.0026915416 0.0013418857 0.04452077 0.0027801213 0.0074145487 0.0004926427 0.007359911 0.0004643859 5.4828193e-05 0.016041303 0.0083794305 0.07164932 1.7114215e-05 0.0030442567 0.009643066 0.006606442 3.2095993e-06 4.1365343e-05 5.027188e-05 8.611639e-05 0.0002079626 0.011797828 0.00025502912 7.781751e-06 0.00010683712 6.1598835e-06 4.6404475e-06 0.001993456 0.13541399 0.0007839155 0.000440137 0.0030678317 0.00087769004 3.6451664e-05 0.00016971925 0.028712435 0.088144384 0.00067731005 5.605106e-05 0.051943537 0.00019797713 9.084304e-05 3.6578283e-05 0.08989948 0.00017875392 0.00068060524 3.3180864e-08 2.2320653e-05 2.3617726e-05 2.5239291e-05 7.3873605e-05 0.0042246385 1.5998387e-06 1.0022334e-05 3.735207e-06 9.405052e-06 6.163309e-06 0.00013838665 0.010520013 0.00018119525 0.010371144
0.61266863 0.3395019 0.24997328 0.7643495 0.88369757 0.06849002 0.88321203 0.7774483 0.097369365 0.09447047 9.557429e-18 0.62391764 0.3828619 0.06678757 0.24193256 0.17874272 0.12173959 0.0010777903 0.7165424 0.66834575 0.0191201 0.09794313 0.775726 0.8486072 0.29129112 0.42508966 0.00023736128 0.012982482 0.07780901 0.00800383 0.14350738 0.33887964 7.994275e-06 0.0007261093 0.62779397 8.5623225e-07 0.36853233 0.0037166853 0.21712382 2.0500745e-06 0.29847455 2.7489548e-06 3.6430953e-05 0.103527755 5.476556e-06 0.19187629 1.4045195e-05 1.0953697e-06 0.05560698 4.2085985e-06 0.0003228455 0.043660764 0.009530443 2.1126483e-05 0.00043004824 0.008769517 0.000554959 0.005321061 2.2808256e-07 1.7435724e-07 4.4262928e-05 0.001258058 0.08997307 0.0014396715 1.6619873e-05 1.4632902e-08 0.00034755646 1.6321584e-06 0.0036141311 1.7729546e-05 0.00011565273 0.03943653 0.0002848748 0.0023411687 0.006662599 7.069643e-05 0.0023154505 0.007957119 0.0009794259 0.017610366 0.0029499433 0.0022344287 0.0006250289 0.00616271 1.7541131e-05 5.215512e-07 1.1416343e-07 1.6399119e-07 0.0002696004 0.0026727528 3.4194903e-07 0.002716171 1.7230273e-07 1.3013192e-05 0.00015531151 3.183726e-08 1.4684426e-05 0.00070767896 0.001364513 5.0706727e-05 2.789337e-05
0.11030832 0.4493002 0.45505032 0.2604833 0.44648242 0.14437091 0.59630495 0.9474402 0.4690013 0.14076678 0.62391764 1.4369454e-20 0.64454967 0.11746799 0.4388268 0.076715924 0.31516495 0.015534307 0.034988053 0.9537056 0.040763136 0.029343985 0.022211058 0.47604686 0.008635983 0.0038500985 0.0031575048 0.051323503 0.0011446684 0.030167693 0.010873728 0.5343809 0.002554376 0.004156084 0.04682922 5.2295825e-05 0.075172946 0.0057621747 0.1678891 7.4137984e-05 0.032880664 0.00012997857 0.0017874754 0.0013756466 0.00014877987 0.00077782467 0.0001166094 2.1635342e-05 0.00020577062 0.000113069145 0.0019447536 0.0077899387 3.704074e-05 0.00021019398 0.0043104994 0.018209746 1.8493694e-05 1.9405155e-05 6.4801507e-06 7.2566836e-06 6.313925e-05 0.023760092 0.004177837 7.489321e-06 2.8562017e-06 5.192054e-07 2.8088648e-06 4.834035e-06 0.0025701835 7.653442e-05 6.452816e-05 0.0012543963 0.0023526708 0.00028766436 8.714796e-05 0.00035906114 0.0009530152 0.0004035417 0.00018697127 0.0022073104 0.00017636971 0.00016118085 6.82195e-05 0.0018520795 0.00073651585 1.1954839e-05 1.1733173e-09 2.7478015e-06 7.744313e-06 0.00013477918 9.407891e-07 0.0011294106 6.678482e-07 1.8962262e-06 2.5380798e-06 1.2285635e-06 1.2942766e-07 0.001409626 0.00074394594 3.3601733e-05 7.92539e-05
0.059902173 0.3019907 0.3717193 0.1113522 0.16537482 0.2923521 0.23639064 0.47436097 0.6328251 0.23522544 0.3828619 0.64454967 1.7638945e-22 0.113744736 0.9353049 0.04538124 0.7687593 0.046212517 0.017182002 0.59824675 0.24156152 0.022711439 0.009823163 0.32495806 0.0054803994 0.0019475124 0.008495295 0.27856463 0.00031893363 0.029020896 0.008698119 0.6763246 0.0054012304 0.01594805 0.025735117 6.92749e-05 0.028493501 0.023204636 0.08713264 0.00023029903 0.013631799 0.00020565918 0.0018896571 0.0002295419 0.00016128017 0.00014792634 0.00012593172 5.606025e-05 1.5117162e-05 0.00010432881 0.007419974 0.0028815353 4.3604737e-06 0.00031383242 0.008261471 0.034725178 1.0504913e-06 5.7500483e-06 1.35877135e-05 2.1925996e-05 7.738809e-05 0.045125615 0.0020716488 2.3995772e-06 5.902827e-06 1.1871509e-06 1.0953456e-06 1.0480114e-05 0.002479178 8.5664484e-05 0.00029657403 0.0004994905 0.0028287577 0.00016330552 5.1994026e-05 0.00044111526 0.0009530284 5.1679963e-05 6.921442e-05 0.0007756291 5.939059e-05 0.00010787229 1.3152894e-05 0.0009635077 0.0009133511 3.6502645e-06 6.067848e-10 3.609909e-06 5.3130384e-06 2.3422652e-05 2.0541984e-06 0.00052667956 8.8056987e-07 1.7857468e-06 1.922043e-06 1.8564427e-07 2.2801493e-07 0.0014162279 0.00028139728 9.710789e-05 6.945145e-05
0.7908397 0.46410736 0.6081567 0.20869917 0.097983696 0.61484194 0.06829162 0.17437117 0.13198346 0.8797624 0.06678757 0.11746799 0.113744736 1.8419397e-18 0.098054886 0.88158 0.10193663 0.18762022 0.029551629 0.05416844 0.03876051 0.5320123 0.012831268 0.024384366 0.005876544 0.00050772104 0.12576908 0.02672807 0.00029338564 0.92219 0.081222415 0.04728808 0.10258276 0.0039701113 0.0030030427 0.0041808425 0.0068410723 0.0048625567 0.006490882 0.00057346193 0.005501813 0.001617556 0.036141038 0.0034962927 0.0026334682 0.0008588752 0.0041677156 0.00022970699 0.00022912721 0.010093233 0.0021257366 0.13981529 0.0001180077 0.001496432 0.0031435513 0.0014786477 2.679365e-05 0.00019711691 0.00010162593 0.0001704677 0.00019242772 0.0038445343 0.00097232586 5.0116356e-05 7.6425385e-05 1.247759e-05 3.4355202e-05 0.0012286429 0.19326161 0.00039532376 0.0003660856 0.004672089 0.00029516767 6.838143e-05 0.00054546853 0.021791432 0.12661512 0.001353791 5.699164e-05 0.07713353 8.433694e-05 0.0011129781 0.00060893875 0.16822545 0.00014196853 0.00026875094 3.1522617e-07 0.000118272015 5.6594046e-05 2.7529939e-05 7.931288e-05 0.0074928547 4.299738e-06 3.6568865e-05 1.3049181e-05 3.5145686e-06 9.806137e-06 0.00019610854 0.036004316 8.7075256e-05 0.01645512
0.04948273 0.18490668 0.28193426 0.072084814 0.105841696 0.26691478 0.14078218 0.3170068 0.6659334 0.23498745 0.24193256 0.4388268 0.9353049 0.098054886 3.0889718e-22 0.029143289 0.9191144 0.09942963 0.009715524 0.46199027 0.35216233 0.014417532 0.0053005666 0.18802816 0.0030518756 0.0015919536 0.014561678 0.43529975 0.00012464703 0.03333343 0.004603456 0.6213629 0.010361723 0.04005324 0.010009397 0.0004957296 0.018029636 0.048094045 0.04534662 0.0014421574 0.0067967474 0.0005989517 0.0026580945 7.2967145e-05 0.00038640393 7.50446e-05 0.00022581492 0.00017802205 7.718933e-06 0.00029528484 0.011635707 0.0017475553 2.5679585e-06 0.0007442212 0.013847715 0.031192409 6.530523e-07 3.3763902e-06 4.0748975e-05 0.0001773916 0.00012744861 0.046692893 0.0010641097 2.4592475e-06 8.325527e-06 7.017132e-06 8.1242365e-07 1.8862656e-05 0.0027760044 0.00019147362 0.0003389159 0.00023824075 0.003654887 0.00014057182 2.6578547e-05 0.00038909336 0.00059940916 4.1741732e-05 6.910163e-05 0.00061585207 2.471187e-05 3.907852e-05 5.4762736e-06 0.00097465323 0.0014038868 1.7734856e-05 1.1731786e-09 1.41763885e-05 3.7788254e-06 2.3919905e-05 6.179606e-06 0.00043940975 2.8597065e-06 2.8794075e-06 1.4720143e-06 1.3707603e-06 2.3797402e-07 0.0016592017 0.0002873137 0.00016162399 5.9002527e-05
0.6530941 0.4414434 0.41411555 0.83220637 0.26809627 0.052369997 0.14841661 0.16864818 0.023473978 0.12126581 0.17874272 0.076715924 0.04538124 0.88158 0.029143289 2.5309133e-17 0.025795596 0.015592072 0.41806513 0.042431414 0.0055875555 0.96343523 0.035654463 0.06461548 0.022051178 0.004871998 0.015211099 0.0035982833 0.010221071 0.21404584 0.4280289 0.011320681 0.012193528 0.00021273032 0.010805464 0.00018812256 0.019131238 0.00013598271 0.008321603 2.2615637e-05 0.012210529 0.00034832463 0.0072395103 0.044674654 0.00074472773 0.0041609323 0.0015173189 4.7644557e-05 0.0018992097 0.0023966273 0.00029132245 0.25975266 0.00055572874 0.00010240579 5.3994485e-05 0.00021389392 0.00037579564 0.00043517145 4.3858243e-05 2.0004747e-05 0.0001693104 0.00017472186 0.0025698121 0.0002728387 4.6343288e-05 9.3486515e-06 0.00012690139 0.00032009365 0.107364945 0.0002847371 4.602406e-05 0.04002353 0.00017598712 0.00023420765 0.0011426518 0.0063173138 0.043623056 0.011754326 0.00026434954 0.107143536 0.0012289867 0.0039924234 0.0021475414 0.09709927 0.0001013348 4.4662534e-05 8.029249e-07 2.8636243e-05 0.00052562903 0.0020859067 2.7354854e-05 0.037494242 7.0502824e-06 2.4497169e-05 0.00023167316 4.1195625e-07 5.464116e-05 0.0002476851 0.0544163 0.00014645707 0.0058352067
0.24841139 0.15011384 0.25581244 0.055899937 0.042132087 0.42704645 0.06910885 0.25761324 0.89801294 0.38434342 0.12173959 0.31516495 0.7687593 0.10193663 0.9191144 0.025795596 3.4371488e-22 0.46994543 0.005257552 0.3246773 0.865755 0.015188325 0.0021618595 0.14320795 0.0009952566 0.00030484883 0.07668198 0.8907125 2.8123108e-05 0.08262876 0.0052858866 0.6244834 0.036322594 0.33080778 0.004673219 0.004978702 0.01714478 0.32148936 0.038266588 0.01510819 0.005711088 0.0033341502 0.015215683 1.9787587e-05 0.002234875 5.1398714e-05 0.0012885721 0.0016682233 4.8298416e-06 0.002506278 0.10949957 0.0024467474 1.7534181e-06 0.0069218744 0.124850474 0.051343553 1.4784868e-07 2.8650516e-06 0.00042094986 0.0012147827 0.00048413797 0.15760426 0.0012170282 9.778433e-07 0.00012923226 7.770506e-05 5.2312333e-07 0.00042950065 0.004458885 0.00047336426 0.0041625043 9.5903626e-05 0.010776183 0.00030730516 0.000103078535 0.0012179147 0.0012691065 3.579937e-05 7.6514945e-05 0.0012117039 2.9598137e-05 2.4535608e-05 3.5921032e-06 0.0019903851 0.0059730774 0.00031473432 2.115489e-09 5.650387e-05 2.1670548e-05 2.4422807e-05 3.295562e-05 0.0006650829 1.3439252e-05 7.4968e-05 9.409991e-07 4.009404e-05 4.3405606e-07 0.0043624 0.00044226288 0.0011380678 0.00038549054
0.7543809 0.02791633 0.065337814 0.0020855628 0.019560264 0.47785687 0.017945904 0.034191083 0.79679763 0.51344347 0.0010777903 0.015534307 0.046212517 0.18762022 0.09942963 0.015592072 0.46994543 3.7347262e-19 0.0003234242 0.0013631668 0.5648675 0.011360532 0.00022142382 0.0016556343 0.000104359955 2.505126e-05 0.9412956 0.19700928 5.0785975e-06 0.15402423 0.0019029855 0.005309385 0.5035359 0.47885263 0.00023345702 0.54338425 0.0008431185 0.14708608 0.00028229583 0.36442578 9.8009434e-05 0.2606024 0.23924151 1.438145e-05 0.18285339 0.00013963226 0.19570379 0.07510278 3.5095432e-05 0.14591728 0.049464606 0.0052934936 6.9250164e-06 0.1442864 0.029287048 6.5904416e-05 3.7318528e-06 8.097462e-06 0.047851212 0.056226242 0.047721483 0.0032590183 0.0001980895 3.7530958e-06 0.00540426 0.009228413 2.135902e-06 0.08481436 0.058091566 0.09240775 0.009823266 0.00014746869 9.7200726e-05 3.360571e-05 0.00019719647 0.20360167 0.0661338 2.302752e-05 1.4727144e-05 0.0044940896 2.354226e-05 4.616275e-05 2.4595396e-05 0.09345517 0.0011031458 0.033494845 6.474331e-08 0.007397604 4.192057e-05 2.526584e-06 0.0038538799 0.0014554596 0.00034121986 0.0006576711 5.83307e-07 0.0009938889 1.9198612e-06 0.00022874994 0.002619154 0.00031405338 0.045081243
0.9362316 0.22440173 0.08630869 0.8487687 0.41729137 0.015051815 0.23807992 0.09093063 0.009190788 0.047258634 0.7165424 0.034988053 0.017182002 0.029551629 0.009715524 0.41806513 0.005257552 0.0003234242 2.4328986e-16 0.023176271 0.002381393 0.45379624 0.42432657 0.36474228 0.6652049 0.30960634 8.21784e-05 0.00030561673 0.6642256 0.018714927 0.85649216 0.0020816987 0.00013878275 0.00033439035 0.26026472 1.363415e-06 0.08151409 0.00011111846 0.0014486975 2.4870631e-05 0.035992093 1.775501e-05 0.00043357952 0.7647473 1.60065e-05 0.096256115 2.9467114e-05 2.2874317e-06 0.059005596 2.1032001e-05 3.5301502e-05 0.51395804 0.044001322 1.2275816e-05 2.4864492e-05 6.979261e-05 0.037208315 0.0225056 9.3585226e-07 1.3538024e-06 0.00017775553 1.7378023e-05 0.02690219 0.014410274 2.1515487e-05 1.5910511e-07 0.008473448 2.1886917e-06 0.04770802 4.4695684e-05 0.00016285885 0.48630497 7.695879e-05 0.0003824569 0.010845192 0.00028870325 0.0110417 0.11008043 0.0010163028 0.32845455 0.003953123 0.011366865 0.008192085 0.042664904 7.034421e-05 4.423668e-07 6.194674e-05 1.0905286e-05 0.0017524012 0.0050932453 4.275898e-06 0.19508012 4.782248e-06 2.6310921e-05 0.00053394365 4.015773e-08 0.00040846557 0.0002476551 0.07427107 0.0001921171 6.9183065e-05
0.10106987 0.29220298 0.28503516 0.1474366 0.36708078 0.07623806 0.51645887 0.6474151 0.14092578 0.0664421 0.66834575 0.9537056 0.59824675 0.05416844 0.46199027 0.042431414 0.3246773 0.0013631668 0.023176271 1.1576705e-19 0.031270087 0.018363697 0.09511687 0.84948194 0.015568761 0.013193154 0.0007906846 0.06865966 0.001655226 0.01249568 0.00512617 0.90186965 7.481458e-05 0.0026113028 0.283852 1.1398796e-05 0.28424856 0.00978882 0.46496716 3.1723896e-05 0.21556611 1.6598506e-05 0.00029390483 0.0012625918 1.6122443e-05 0.004512897 2.0220627e-05 1.8127181e-06 0.0013441982 4.686496e-06 0.0032842471 0.0034405878 0.00034009284 0.00015654531 0.008019738 0.033855792 3.0964016e-05 0.0003082338 5.931324e-06 2.377701e-05 8.9100584e-05 0.044023167 0.020501342 4.129967e-05 8.725893e-06 1.7724483e-06 2.326135e-05 6.739023e-06 0.0017636594 9.373761e-05 0.00031902274 0.004107051 0.006679126 0.0022459244 0.0007573449 0.000119503195 0.00043253956 0.0009607839 0.0006064251 0.0006696941 0.00039915758 0.00019075461 0.0001235338 0.0021788133 0.00080798904 1.878919e-05 5.024192e-09 1.5358502e-05 3.9753206e-05 0.00029596174 3.9547253e-06 0.0018226181 3.825116e-06 2.027075e-05 4.054461e-05 1.1637719e-06 1.26005e-06 0.0030956343 0.00038297242 5.459918e-05 2.2601753e-05
0.4774683 0.030003052 0.041251753 0.00824155 0.014005205 0.1466835 0.020578584 0.031230636 0.75489265 0.13878061 0.0191201 0.040763136 0.24156152 0.03876051 0.35216233 0.0055875555 0.865755 0.5648675 0.002381393 0.031270087 3.507271e-20 0.0017681299 0.00031561678 0.03442317 0.00017728403 1.2413367e-05 0.07901725 0.94484323 2.597768e-06 0.039119747 0.00023966089 0.2133158 0.0407916 0.9268784 0.002655528 0.064958826 0.0029992284 0.53335494 0.0031345722 0.22742936 0.0008484275 0.023658775 0.029085238 1.0667875e-05 0.013748951 4.6930283e-05 0.008421736 0.00632668 1.0992328e-05 0.0060644588 0.18808262 0.0003721594 4.8717397e-06 0.20686719 0.150891 0.004715276 6.033356e-07 4.170745e-06 0.0032948346 0.0123236505 0.011637549 0.020437585 0.0004406796 1.8470419e-06 0.004651066 0.0006866645 9.746853e-07 0.001300248 0.005755444 0.006744077 0.04117623 7.239034e-05 0.0018579669 4.4009834e-05 0.00033093392 0.003611709 0.001742085 4.216688e-05 1.4105115e-05 0.00049386383 5.7459838e-05 1.5753398e-05 9.662553e-06 0.004477585 0.0032585706 0.001938433 1.1193785e-08 0.0002951804 4.8903057e-05 0.0001397631 0.0005716616 0.0006131905 2.267862e-05 0.0007343011 2.6954727e-05 0.00019252702 1.2984028e-06 0.0005890411 0.00013265913 0.0010978474 0.0012634807
0.91665214 0.1044834 0.08100456 0.29412284 0.09736759 0.02883018 0.05033592 0.055289086 0.016445894 0.07911503 0.09794313 0.029343985 0.022711439 0.5320123 0.014417532 0.96343523 0.015188325 0.011360532 0.45379624 0.018363697 0.0017681299 4.4312728e-20 0.034222428 0.030331139 0.015371098 0.0022502672 0.011741565 0.0014708 0.003743247 0.3285746 0.8712156 0.0029973956 0.014893442 8.997514e-05 0.0055679055 7.967351e-05 0.006244801 8.281559e-05 0.0008918471 1.7117447e-05 0.0036228755 0.000108481894 0.009007504 0.029448455 0.00058996194 0.0021283857 0.00048442342 1.8261857e-05 0.0010184379 0.0012177504 5.816228e-05 0.8176542 0.0002568052 4.2863972e-05 6.2882e-05 1.1895121e-05 0.0001946247 0.00034462885 4.17919e-06 4.9979685e-06 3.4015753e-05 1.5564432e-05 0.0014412884 0.00012280387 2.5245936e-05 1.0905104e-06 7.839753e-05 0.00018867487 0.2618327 5.054807e-05 3.9479855e-05 0.020383906 3.561256e-05 2.3085831e-05 0.0008424555 0.006434568 0.08483242 0.003629029 1.6246073e-05 0.346599 0.00041758196 0.0006820493 0.00035960553 0.18815094 6.625158e-05 3.6521607e-05 5.668716e-07 1.1326529e-05 0.00019868737 0.00017664695 9.748429e-06 0.03767994 2.6645114e-07 5.2724663e-06 2.7611446e-05 1.8269502e-07 4.025649e-05 0.00016852765 0.18312627 6.1765866e-05 0.0053949477
0.23953563 0.01593186 0.006156196 0.11910704 0.14539847 0.0043739476 0.086976595 0.030771822 0.0016589249 0.0042154198 0.775726 0.022211058 0.009823163 0.012831268 0.0053005666 0.035654463 0.0021618595 0.00022142382 0.42432657 0.09511687 0.00031561678 0.034222428 3.4198898e-19 0.78021795 0.4998796 0.9622393 8.7661e-05 0.00041464737 0.19626674 0.0021186024 0.057182577 0.014450466 1.5540254e-05 3.0459773e-06 0.86788887 1.6246389e-06 0.29877877 0.00011216591 0.028773533 2.1784047e-06 0.22987328 1.2972078e-05 2.408814e-05 0.090820625 1.5646554e-05 0.3976465 9.068598e-06 1.5485684e-06 0.23964062 1.1526646e-06 0.00023602632 0.018548427 0.1769535 3.4716259e-06 8.896304e-05 0.00036957118 0.098698296 0.09368489 1.3223736e-06 4.5067637e-07 1.3289622e-05 9.022992e-05 0.1396344 0.04809861 1.0446645e-05 1.1599143e-07 0.022432549 4.3329965e-07 0.0024589137 2.1694039e-05 0.00012640315 0.05325168 1.2502508e-05 0.0011486795 0.035804093 2.7283753e-05 0.00024256343 0.022285735 0.0015526124 0.008306031 0.008191318 0.010468926 0.005060188 0.0016646682 1.1244463e-05 5.9920217e-06 2.2180771e-05 1.3231784e-06 0.0031477918 0.0084959185 5.934637e-07 0.0041263336 3.101948e-06 7.3338533e-06 0.0008220317 3.4244065e-06 0.00036862533 0.00022778207 0.0012672349 5.3552278e-05 2.4759005e-05
0.38899538 0.17352095 0.11435205 0.26971427 0.46916845 0.033339713 0.537725 0.4460878 0.04834532 0.030083545 0.8486072 0.47604686 0.32495806 0.024384366 0.18802816 0.06461548 0.14320795 0.0016556343 0.36474228 0.84948194 0.03442317 0.030331139 0.78021795 3.4161794e-16 0.13817738 0.4165582 0.00052532187 0.042279795 0.019848919 0.0054951217 0.031915553 0.56188613 3.1166397e-05 0.003022513 0.90965974 4.007902e-05 0.6813691 0.009995518 0.66367483 0.000241343 0.6842005 5.0738316e-05 0.00027603089 0.023038076 7.576688e-05 0.24285612 0.000101375976 3.340135e-05 0.0900646 9.897158e-06 0.004098299 0.011667965 0.03319065 0.00026987822 0.0039387327 0.04843139 0.0011533437 0.026975298 1.7195624e-05 3.572761e-05 0.00078100077 0.01921632 0.3403028 0.004432778 0.00044474882 1.5810342e-06 0.0021100007 4.9457103e-05 0.005113285 0.0001989014 0.00657242 0.026430689 0.005802887 0.010124518 0.044673346 0.00025895934 0.0021861503 0.005262014 0.0070046256 0.003869001 0.00264022 0.00268614 0.0028963992 0.011596087 0.0006812374 7.030063e-05 5.8120327e-06 0.0002157811 0.00311815 0.0036851764 4.818126e-05 0.0036980282 5.307243e-05 0.0004094398 0.0005462059 4.7142636e-05 7.011309e-05 0.003631269 0.0020352749 0.00023316531 0.00020981806
0.37589854 0.0048971926 0.0022007374 0.062419616 0.062747896 0.0016063004 0.023455685 0.010430782 0.00045780535 0.0029235429 0.29129112 0.008635983 0.0054803994 0.005876544 0.0030518756 0.022051178 0.0009952566 0.000104359955 0.6652049 0.015568761 0.00017728403 0.015371098 0.4998796 0.13817738 8.6936366e-20 0.8278413 9.756916e-05 0.00020992734 0.9638037 0.0013289504 0.07115459 0.0022390424 2.9653736e-05 1.2874321e-05 0.3007382 8.5618905e-07 0.06398889 0.00015621021 0.002217097 6.689076e-07 0.041133966 3.6216954e-06 6.166887e-05 0.6173447 9.428482e-06 0.36831024 1.5133505e-05 8.695858e-07 0.26257363 1.0282419e-05 0.00027930038 0.035563048 0.3675364 3.0759775e-06 4.8367026e-05 1.6690556e-05 0.46791437 0.19825384 1.8831507e-07 1.7359676e-08 1.3551349e-05 5.0507737e-05 0.072732605 0.28133684 9.7618995e-06 1.4212781e-08 0.15370321 1.1719201e-06 0.005572437 6.0192506e-06 1.972302e-05 0.21122548 3.544241e-05 0.00029235805 0.036520876 8.818212e-05 0.0013376265 0.17735583 0.0006543035 0.028914517 0.018899797 0.08542274 0.044937093 0.004343106 6.992545e-05 4.1672482e-07 0.0015886565 5.4943316e-06 0.009985381 0.01890778 1.4232585e-06 0.039416045 3.663276e-06 5.6395957e-06 0.002103451 1.5975372e-07 0.002838623 9.335346e-05 0.007766635 0.000107711305 4.46547e-05
0.21086791 0.0016404417 0.00080404675 0.020964922 0.038046062 0.0004855309 0.013634268 0.004725357 0.00017211415 0.00022045709 0.42508966 0.0038500985 0.0019475124 0.00050772104 0.0015919536 0.004871998 0.00030484883 2.505126e-05 0.30960634 0.013193154 1.2413367e-05 0.0022502672 0.9622393 0.4165582 0.8278413 1.0766294e-19 3.5826142e-05 1.906472e-05 0.59716445 6.31348e-05 0.014979014 0.00080190384 4.3897435e-06 6.0908565e-07 0.75370544 8.774501e-08 0.08927322 6.97585e-06 0.0026245601 2.4169896e-07 0.07381292 5.680243e-07 5.9997988e-06 0.13340454 7.5142424e-07 0.5897822 1.0101668e-06 1.2385755e-07 0.40950352 3.9608716e-07 3.237212e-05 0.008574446 0.41555372 1.2053803e-06 4.083251e-06 3.8262983e-06 0.31471333 0.20917037 9.8344195e-08 1.606509e-08 6.6136467e-06 4.831189e-07 0.08146886 0.22134584 6.2512986e-06 1.5075214e-08 0.099815935 1.8604109e-07 0.00046832213 8.75359e-06 5.0201193e-06 0.08127173 9.860523e-07 8.944402e-05 0.04221233 5.642071e-06 0.00010199984 0.03332037 0.00031403272 0.0025503219 0.02519719 0.04072561 0.0246588 0.0001745863 3.3215185e-06 1.0382805e-06 0.00044488691 4.4644992e-07 0.008747249 0.014082444 2.7093978e-07 0.0033491107 2.4835613e-06 4.868233e-06 0.0034493844 4.4532982e-07 0.0028560343 7.6233286e-05 0.00034715232 1.0227096e-05 2.9211612e-06
0.5145714 0.005715973 0.009141938 0.0005472894 0.0032798839 0.10803167 0.0022946605 0.0053074965 0.1715256 0.119787745 0.00023736128 0.0031575048 0.008495295 0.12576908 0.014561678 0.015211099 0.07668198 0.9412956 8.21784e-05 0.0007906846 0.07901725 0.011741565 8.7661e-05 0.00052532187 9.756916e-05 3.5826142e-05 3.067443e-18 0.020790095 1.1157847e-06 0.28267086 0.0011311185 0.0013917274 0.938925 0.065758415 0.0001334167 0.6379836 0.00028780213 0.017021306 0.0001790491 0.084320605 0.00012635204 0.31915408 0.35468706 4.6294017e-06 0.29987776 0.00015858529 0.29256845 0.07822544 4.4807755e-05 0.1679223 0.0066082627 0.003742572 7.245453e-06 0.0132501265 0.0029248816 6.388452e-06 4.0158848e-06 2.7652989e-06 0.028034532 0.0314823 0.005924001 0.0003991593 0.00012343087 2.0301325e-06 0.00043505363 0.0059522204 8.0276874e-07 0.10726666 0.06121079 0.0069879787 0.0024429108 0.00027033003 5.4793487e-05 5.39157e-05 0.00010829263 0.1690651 0.061015494 2.4927098e-05 4.228116e-05 0.0052657137 1.855549e-05 4.7591606e-05 1.7971259e-05 0.07745098 0.0003106602 0.021767402 1.6747292e-08 0.001139497 3.254007e-05 2.5398893e-07 0.0006666892 0.00097203464 0.00021855946 0.00031035577 1.1644537e-06 0.0011059562 1.5266057e-06 6.702633e-05 0.003542651 0.00033257535 0.047138136
0.06045644 0.022598164 0.026820304 0.0042182873 0.02015738 0.10092554 0.017827062 0.04094811 0.5320263 0.069910236 0.012982482 0.051323503 0.27856463 0.02672807 0.43529975 0.0035982833 0.8907125 0.19700928 0.00030561673 0.06865966 0.94484323 0.0014708 0.00041464737 0.042279795 0.00020992734 1.906472e-05 0.020790095 3.2973002e-22 1.6857072e-06 0.01678558 1.1118943e-05 0.5359059 0.0086632 0.6778652 0.0016161206 0.0067872778 0.0045876475 0.9240572 0.03249977 0.039227065 0.0019528408 0.0035897626 0.0039199516 4.09537e-07 0.0013294555 1.2386948e-05 0.0009627674 0.0013638255 1.3003844e-06 0.0006631334 0.5885413 2.3506544e-05 8.9400703e-07 0.16755691 0.54596484 0.054034952 1.5571705e-07 1.3516301e-06 0.0008871256 0.0022007355 0.0037920135 0.25903195 0.00028014896 3.3986794e-07 0.0004771829 0.0001822691 1.0540333e-07 0.00018810623 0.0009786132 0.0006115696 0.09042532 1.735131e-05 0.021302456 0.00013987978 0.00028227593 0.00058782 0.0005910027 1.0226686e-05 4.3316162e-05 0.00012780877 1.41764685e-05 1.0573965e-06 4.543631e-07 0.00064192724 0.025369171 0.00038501679 2.2206696e-09 7.3519273e-06 2.1156798e-06 7.095654e-05 2.289246e-05 6.289663e-05 1.2954462e-05 0.00023079725 1.3728701e-05 2.383972e-05 1.3088514e-07 0.0068355324 9.490697e-05 0.00959217 0.00045170495
0.735394 0.0003784365 0.00012407148 0.009633662 0.015251558 0.00010351297 0.0033461417 0.001457117 9.470482e-05 0.000118840835 0.07780901 0.0011446684 0.00031893363 0.00029338564 0.00012464703 0.010221071 2.8123108e-05 5.0785975e-06 0.6642256 0.001655226 2.597768e-06 0.003743247 0.19626674 0.019848919 0.9638037 0.59716445 1.1157847e-06 1.6857072e-06 1.0218556e-18 5.5529697e-05 0.09065579 2.7093229e-05 1.6494846e-07 3.5414865e-07 0.11683267 1.1193785e-08 0.008120198 1.443265e-06 2.93799e-05 8.655981e-08 0.0024915596 5.1462447e-08 2.2499587e-06 0.93580747 1.2689236e-07 0.20791927 1.38535e-07 1.4206357e-08 0.17764696 6.7359e-08 4.8580578e-06 0.048967484 0.26298198 5.111965e-08 4.2642654e-07 8.0818765e-08 0.5445909 0.16764067 3.33801e-09 1.5740119e-09 8.786405e-07 2.12154e-07 0.010703896 0.20658958 4.6635105e-07 3.352793e-10 0.14591643 4.849371e-09 0.0027183504 2.658888e-06 1.0652102e-06 0.6503879 1.6778354e-06 1.2755762e-05 0.0076701688 2.4217393e-06 0.0005292429 0.5475724 8.919997e-05 0.044737887 0.06957334 0.116496034 0.04780047 0.0021255154 1.71351e-05 3.329693e-09 0.0016776731 6.13566e-07 0.0029492865 0.027071454 1.4623953e-07 0.067709714 1.3011454e-07 4.835596e-07 0.0022293264 1.2691596e-09 0.00046712003 2.7488091e-05 0.0071165 9.281555e-06 5.281699e-07
0.96041954 0.08878266 0.10830338 0.036554713 0.027127417 0.16257904 0.025677672 0.042418722 0.18242773 0.31197345 0.00800383 0.030167693 0.029020896 0.92219 0.03333343 0.21404584 0.08262876 0.15402423 0.018714927 0.01249568 0.039119747 0.3285746 0.0021186024 0.0054951217 0.0013289504 6.31348e-05 0.28267086 0.01678558 5.5529697e-05 7.3341646e-20 0.2607356 0.009487979 0.4881164 0.006882091 0.0006153516 0.020616865 0.00041710414 0.0023124185 0.00031787567 0.003920813 0.00028330044 0.00812196 0.6884184 0.0023738933 0.026466656 0.00012977023 0.043955635 0.0015714421 4.4062246e-05 0.107193045 0.00044890755 0.33241668 8.26422e-06 0.00048798986 0.0012244727 2.040847e-05 1.9933314e-05 2.1282944e-05 0.0006870022 0.0014557282 7.0123184e-05 9.297293e-05 6.944954e-05 3.403229e-06 4.378991e-05 0.00016915351 3.7917234e-06 0.0076308134 0.7219324 0.00057319726 8.067781e-05 0.006346819 7.959498e-05 2.4934396e-05 0.00011244503 0.13209054 0.6461187 0.0004320496 1.4255482e-05 0.14933187 8.549008e-05 0.00024134832 5.0734685e-05 0.47641674 0.0001372105 0.00086489064 1.6607743e-08 5.9813425e-05 1.268666e-05 2.8563595e-06 0.00016662333 0.01652686 4.6467803e-06 2.1519983e-05 5.0119966e-06 6.207544e-06 1.077527e-06 8.9505374e-05 0.12927374 6.1942126e-05 0.118776664
0.83473754 0.08703796 0.053784113 0.23576972 0.08642956 0.023000848 0.048672102 0.02834652 0.010781804 0.08215321 0.14350738 0.010873728 0.008698119 0.081222415 0.004603456 0.4280289 0.0052858866 0.0019029855 0.85649216 0.00512617 0.00023966089 0.8712156 0.057182577 0.031915553 0.07115459 0.014979014 0.0011311185 1.1118943e-05 0.09065579 0.2607356 3.7943664e-18 0.00025643708 0.0014791884 2.4372617e-05 0.011021579 1.8531526e-05 0.0023455948 3.5482838e-06 4.3997956e-05 1.5088442e-05 0.0027617586 4.8159764e-05 0.0046036043 0.44167665 0.00021114148 0.003951208 0.00027149575 2.57394e-05 0.002390308 0.00048157197 6.462019e-06 0.9233511 0.00038106611 1.9328e-06 5.0979734e-06 6.658434e-06 0.0019411219 0.00064243126 2.1973177e-05 2.4386381e-05 1.0958675e-05 2.5792671e-05 0.0014594732 0.00021732984 1.7334703e-05 4.2478537e-06 9.0661975e-05 7.995781e-05 0.16042785 1.9187331e-05 1.1213377e-05 0.1120866 4.4949255e-05 0.00022311919 0.0010872955 0.0037127743 0.0451257 0.020139087 0.00023020415 0.41273516 0.003205265 0.004362009 0.0031393138 0.090997234 3.0498855e-05 1.4721976e-05 5.889279e-07 7.568235e-06 0.0012463349 0.0023377975 5.4942843e-06 0.18209285 3.2057478e-06 1.4023341e-05 0.0007185371 4.4614214e-07 8.121688e-05 0.00039975243 0.14171652 9.05366e-05 0.003049333
