1.4614901e-28 0.88015485 0.6514149 0.42176518 0.64325047 0.6115368 0.75714374 0.7343846 0.69460076 0.5524946 0.9350577 0.9873121 0.49660802 0.18464057 0.07451715 0.1835932 0.3721232 0.6328038 0.061439052 0.03262455 0.01666743 0.85999906 0.11660955 0.0070974105 0.0038190128 0.05913789 0.80400777 0.160197 0.0010161434 0.01252049 0.0010648249 0.26517823 0.10406171 0.26505256 0.00013694525 0.63794756 1.394878e-05 0.60417956 0.9455015 0.63514304 8.477e-06 0.8710074 0.4827863 0.48662937 0.1571221 0.21956126 0.002866846 0.9097759 0.011605686 0.9889816 0.62075615 0.49416086 0.41562322 0.015868727 0.8884609 0.000625978 0.0019315802 0.9487068 3.0811796e-06 0.07281009 2.7451245e-08 5.7904945e-08 0.3232058 0.1457743 0.9912742 2.7899127e-08 0.0030291122 5.508566e-06 0.8390814 0.0043053003 0.9098952 0.99637175 0.91025347 0.9998945 1.4185184e-06 0.031053025 0.055249933 0.9838139 3.685167e-05 0.99850935 2.7119336e-07 0.00050566247 0.7611294 1.728823e-05 0.031423513 0.059675064 0.96256125 0.0037572128 1.1825498e-06 0.877971 0.021142635 0.034168053 0.010544346 0.20470372 0.94744647 0.21071258 0.93193114 0.31794447 0.9992239 0.9983934 0.9938136
0.88015485 6.4497615e-17 0.83514243 0.86389494 0.3667833 0.38364097 0.89990973 0.64912015 0.43875894 0.5678178 0.35550806 0.52084166 0.1798416 0.8222472 0.17537753 0.08534335 0.08890418 0.12274963 0.08792518 0.27213797 0.24189678 0.0137476735 0.12222822 0.44269916 0.06909952 0.027425054 0.059666473 0.046890184 0.27223024 0.035661783 0.20167483 0.021535775 0.009047797 0.0043314183 0.06544808 0.022318324 0.04523858 0.027536092 0.017757637 0.0017015293 0.0061144335 0.16275872 0.010455876 0.00025032097 0.00057114096 0.00043302227 0.0010085492 0.07091674 0.011010039 0.117434256 0.005421799 0.00278268 0.0015407789 0.0005594023 0.018127702 4.673243e-05 0.00010011659 0.01271435 0.025251197 4.7489455e-05 0.00016772628 0.00058854814 0.00055120717 0.001368414 0.001922961 0.00015992697 0.00014367994 0.010131848 0.00068154535 6.637287e-05 0.0019731019 0.030761113 0.0012592608 0.11525117 6.0258524e-05 9.547318e-05 5.934207e-05 0.024198454 0.0004992602 0.0029309269 0.0013054976 8.382116e-06 0.00013588523 2.5930369e-05 6.830843e-05 7.552913e-06 0.00056249544 8.222355e-07 9.834688e-05 0.010081824 6.746611e-06 2.2984568e-06 5.382888e-05 0.00064848247 0.009943606 0.0002647027 0.00068697275 6.675299e-05 0.0060726567 0.004558295 0.0015838292
0.6514149 0.83514243 4.7882994e-19 0.92102295 0.3212134 0.3424628 0.34593058 0.4679161 0.76002336 0.10021351 0.54932433 0.14994203 0.63074553 0.3694714 0.02833737 0.010370872 0.011185393 0.449828 0.016599022 0.10214325 0.09949791 0.07669189 0.054085452 0.22010596 0.01820011 0.008000087 0.13623807 0.0073915645 0.075058006 0.011145505 0.049672052 0.007899132 0.0019543024 0.001105488 0.0135782 0.0568137 0.00967598 0.005013443 0.003327165 0.00056660466 0.0034705536 0.12002294 0.02208054 0.0010440028 0.00015422769 0.00023358707 0.0010571572 0.114501245 0.0047493083 0.064439625 0.008878221 0.004228526 0.0019381861 0.00026512842 0.025863508 8.4209394e-05 0.00038687087 0.004903055 0.007066886 7.002675e-05 2.039456e-05 0.00023997514 0.00014556047 0.0008895685 0.00018853082 4.1437914e-05 0.0001333381 0.0026965733 0.0009253578 9.631342e-05 0.0026180367 0.045320358 0.0025267892 0.15144265 3.7485373e-05 1.4177929e-05 1.4783529e-05 0.005128588 0.00046449373 0.001570249 0.0004813288 1.2817734e-05 1.0000136e-05 5.1819923e-05 2.6812666e-05 3.1879006e-06 0.00037712653 7.8512185e-06 0.00032160094 0.009530857 1.6313693e-06 2.4450655e-05 6.616893e-05 3.2909076e-05 0.009927858 2.2014583e-05 0.00017479803 4.000816e-06 0.004320152 0.0003027076 0.00023825504
0.42176518 0.86389494 0.92102295 2.977153e-18 0.065080225 0.077700935 0.3657151 0.84556854 0.6118994 0.086496286 0.1494703 0.026425006 0.6145386 0.61144084 0.033026543 0.011222326 0.01120465 0.20219544 0.0102470275 0.1081612 0.34580132 0.13152169 0.23459846 0.25658968 0.009969909 0.0019314007 0.0695421 0.0027685938 0.2343602 0.09729391 0.09306838 0.052399486 0.00027175015 0.00021116945 0.0067237094 0.035023812 0.009354678 0.00069436023 0.0005348509 4.601603e-05 0.011532997 0.04511347 0.023674248 0.0022755 1.6224674e-05 9.816813e-06 0.0018943332 0.07350856 0.00028962627 0.037524916 0.014518594 0.003763591 0.0020834296 4.98522e-06 0.02696468 3.7187274e-05 0.00018672536 0.0010013904 0.004987118 6.170949e-06 0.00037068216 0.00026923374 3.1919633e-05 0.0008087742 2.474281e-05 2.1426478e-05 1.4805998e-06 0.00056737714 0.0005093102 1.9347272e-06 0.005196785 0.04232196 0.0028155 0.08745389 5.3270596e-05 3.504145e-07 1.0098739e-06 0.0032571445 2.2290553e-05 0.001398705 3.3175536e-05 3.594195e-07 1.1442526e-05 4.192439e-06 3.897815e-06 3.7637808e-08 0.00020952533 3.4703776e-06 2.0632819e-05 0.010556919 9.68753e-08 1.1162269e-05 1.7378634e-05 8.70064e-06 0.010944055 2.8128134e-06 3.3811706e-05 3.7018066e-07 0.009882497 0.00013249526 0.00011398171
0.64325047 0.3667833 0.3212134 0.065080225 5.1624318e-21 0.9914084 0.4001242 0.011618576 0.107789345 0.38770106 0.78138 0.51285166 0.027240233 0.036873445 0.10781184 0.033640757 0.078976445 0.077841856 0.04942806 0.15265867 0.0039251605 0.00076787686 0.00064029964 0.052698493 0.08026826 0.013198615 0.02963693 0.026548468 0.0029059986 0.00043164496 0.022295125 0.00018510412 0.008504017 0.0030073617 0.039661992 0.005367195 0.012672609 0.050667964 0.029690465 0.0060674152 5.200258e-06 0.38367972 0.0011353858 2.9017516e-05 0.0002680358 0.0002888123 3.21483e-05 0.009948155 0.008122606 0.102081 0.0003881007 0.00014722644 9.9442404e-05 0.00033382035 0.003536806 1.3213171e-06 3.0517418e-05 0.053810094 0.005897623 6.6628716e-05 6.264727e-06 2.2775634e-05 5.3722975e-05 2.6771555e-05 0.0039470373 1.0435463e-05 0.00020497091 0.0022566433 8.934194e-06 5.160914e-05 7.853911e-05 0.02838932 0.00014969874 0.16140838 7.734153e-07 2.0731992e-05 7.5214152e-06 0.07104649 0.00012278292 0.01254568 0.00013921117 1.0218141e-06 2.8397764e-05 2.634131e-06 1.496691e-05 2.42237e-06 4.7560734e-06 1.5575671e-07 0.00012872143 0.003799682 2.6697733e-06 1.4752614e-07 6.7580885e-07 4.41662e-05 0.0053011677 3.2364405e-05 0.0010250492 2.7269223e-06 0.002356395 0.0046387734 0.0008317877
0.6115368 0.38364097 0.3424628 0.077700935 0.9914084 4.135698e-20 0.3624322 0.014958493 0.11573944 0.3729904 0.78199273 0.42433184 0.035380736 0.0395728 0.09736273 0.02802552 0.06411428 0.114165924 0.041924726 0.14307265 0.004247672 0.001103973 0.0007961935 0.05339782 0.068669125 0.012000938 0.03683458 0.02050585 0.0036861023 0.00052186544 0.02367125 0.00021870644 0.006233829 0.002815171 0.038916953 0.005630984 0.011125716 0.040400192 0.018549724 0.0025467381 9.108868e-06 0.3936652 0.0018828439 5.1729665e-05 0.00022325838 0.00019329567 6.548666e-05 0.01273493 0.0056803655 0.11332097 0.0005201491 0.00024014477 0.0001907537 0.00024303485 0.0033328624 2.5509482e-06 6.80078e-05 0.03614307 0.0051304447 4.5208355e-05 6.472127e-06 2.2731041e-05 5.9626338e-05 4.8848615e-05 0.0020007056 9.891902e-06 0.00018330036 0.002020904 3.0812374e-05 4.6908088e-05 0.0001756841 0.028751293 0.00026126578 0.17618138 8.223578e-07 1.2591245e-05 3.647258e-06 0.05422911 0.00013359418 0.008462005 0.00012716428 8.392574e-07 1.38932455e-05 2.0361529e-06 9.770906e-06 1.209565e-06 7.574279e-06 7.0623037e-07 0.00014391376 0.0041251057 1.1445052e-06 3.958191e-07 1.7147959e-06 2.9123978e-05 0.005480604 1.9572111e-05 0.0005731618 8.165334e-07 0.0026088846 0.001750144 0.00035758983
0.75714374 0.89990973 0.34593058 0.3657151 0.4001242 0.3624322 1.3900727e-17 0.11346204 0.23093703 0.94038934 0.20135064 0.6063539 0.10354913 0.5762266 0.602461 0.13463654 0.12013414 0.10499453 0.19059649 0.71021587 0.0533716 0.0038664797 0.0060635624 0.5160685 0.17437458 0.02443455 0.066895224 0.02427753 0.10140045 0.0031514547 0.2489428 0.0006994639 0.003234791 0.0019869704 0.10374559 0.0105050905 0.051794346 0.00063852547 0.00046502473 0.00029759426 0.002038477 0.12500629 0.0063490043 2.7467835e-05 2.6823103e-05 0.00019444272 0.00029442774 0.03551758 0.010573548 0.063826874 0.0014426822 0.0010084242 0.00073140935 0.00050572807 0.007424377 9.458066e-06 8.223448e-06 0.0008339566 0.01918803 4.7584595e-06 1.3082176e-05 0.00031340861 2.134612e-05 0.00016521446 1.3011939e-05 0.0003139965 1.6474392e-05 0.0040392494 3.7182985e-05 5.090458e-06 0.00017275992 0.017271068 8.570665e-05 0.048510894 3.8996295e-06 9.547613e-06 8.802219e-06 0.0037251592 6.354786e-05 0.00024295955 0.0011597895 3.1177644e-06 1.6347426e-06 8.069494e-06 5.489315e-06 2.7094208e-07 2.1763854e-05 1.0709097e-05 8.610514e-05 0.00522034 2.9870614e-07 8.70513e-06 2.2708637e-05 5.26614e-06 0.004388172 2.196265e-06 7.2098314e-06 4.4886752e-07 0.00082913256 4.8927643e-05 8.968554e-06
0.7343846 0.64912015 0.4679161 0.84556854 0.011618576 0.014958493 0.11346204 9.952886e-16 0.48450506 0.00575154 0.03821937 0.0026311171 0.5515517 0.92827445 0.0036233594 0.0009102919 0.0005751151 0.20566846 0.0009835893 0.015917623 0.7871596 0.58076644 0.8144904 0.23385671 0.00018877891 0.00012546983 0.09506837 0.00020216318 0.49621716 0.61275893 0.04234854 0.28833926 1.0931484e-05 2.4541598e-05 0.0013944664 0.08739956 0.0035890301 0.00013110923 4.680964e-05 1.09974435e-05 0.080266766 0.0073184413 0.13697213 0.02813631 6.001292e-06 1.5354184e-05 0.09457794 0.105563395 5.4675515e-05 0.0099290125 0.061086494 0.04597006 0.029674279 1.0601507e-05 0.04348485 0.0018703091 0.0018187364 4.0855553e-05 0.00083046366 3.5644791e-06 0.0007544847 0.00018816617 2.8489423e-05 0.0070259613 9.260927e-06 2.6534608e-05 5.575357e-07 7.7737815e-05 0.0037370403 1.8061746e-06 0.015215378 0.027615894 0.006887081 0.02774117 0.0013629855 1.4615512e-06 1.9148035e-06 0.0017174606 2.4511404e-05 0.00022407042 3.1773943e-05 2.543636e-06 2.465936e-06 7.124543e-06 1.2557117e-05 2.6994962e-07 0.0009395818 3.239723e-05 3.617096e-05 0.013164002 4.4534383e-07 6.4858854e-05 0.00018036341 6.535336e-06 0.012544938 2.504922e-06 9.694692e-06 9.634731e-07 0.010943622 0.00037448297 1.4755332e-05
0.69460076 0.43875894 0.76002336 0.6118994 0.107789345 0.11573944 0.23093703 0.48450506 1.0016325e-18 0.052897662 0.56054956 0.060267292 0.95719117 0.2687043 0.008855074 0.005296539 0.0074600168 0.8579759 0.0048878235 0.020254236 0.08631537 0.368607 0.13039386 0.08876023 0.0020631372 0.003250707 0.41499087 0.0036064996 0.04083438 0.014647286 0.013340366 0.05379891 0.0007727684 0.00047517504 0.0010882623 0.21796985 0.0013882392 0.0020099045 0.0017080684 0.00021900953 0.0014336575 0.13501048 0.08726421 0.009176017 3.4446373e-05 6.804926e-05 0.0019547872 0.24201675 0.000508644 0.087466136 0.035098866 0.011750084 0.00494701 1.1733834e-05 0.08073005 0.00014830842 0.00057037617 0.004358221 0.0072878962 1.9315443e-05 2.906208e-05 9.093101e-05 2.681696e-05 0.0012722323 0.00016867429 1.8573459e-05 2.3171679e-05 0.00058597664 0.0012078083 5.311597e-05 0.012401493 0.12820731 0.010408717 0.33109662 2.2864575e-05 3.364552e-06 3.7358802e-06 0.008696382 0.00012976937 0.0022238193 0.00040026763 5.363449e-06 9.269569e-06 1.1889904e-05 2.170567e-05 1.0768008e-06 0.0010361024 6.9103444e-06 0.0001653284 0.027838394 1.3940567e-06 3.5779263e-05 6.372883e-05 9.991309e-06 0.030926378 8.161165e-06 0.00016151537 1.9813447e-06 0.021492235 0.00028966466 0.00020078149
0.5524946 0.5678178 0.10021351 0.086496286 0.38770106 0.3729904 0.94038934 0.00575154 0.052897662 2.9819564e-21 0.109788276 0.75398785 0.014230912 0.024731217 0.94269687 0.28759253 0.16569354 0.028730838 0.552055 0.4611523 0.0023812216 0.00038520448 7.977532e-05 0.073478736 0.29676834 0.08761393 0.011547547 0.048645258 0.005205917 7.892565e-05 0.033364654 1.4642403e-05 0.009730536 0.0035811237 0.0852073 0.0021733628 0.0193747 0.01921743 0.011994289 0.004163828 0.0001415771 0.18179297 0.0006261765 4.453636e-06 0.0004833551 0.000705081 2.9627223e-05 0.005121176 0.045215316 0.061549112 0.00069137063 0.00028035877 0.00018857775 0.0017259427 0.00078083994 2.7977487e-06 3.9808533e-06 0.008586524 0.023953304 1.4657687e-05 1.8029307e-06 0.00022461235 0.00024382905 2.4695897e-05 0.00062447216 0.00021024792 0.00012126165 0.010677495 2.0521375e-05 2.1230662e-05 4.8392634e-05 0.00439656 3.848976e-05 0.010368646 2.5536913e-06 6.61039e-05 1.7859162e-05 0.006239863 0.0007242248 0.0010544386 0.00195617 1.6191912e-06 1.14960885e-05 1.4098539e-05 8.9242985e-06 1.7891406e-06 2.6072725e-05 3.0393815e-06 0.00059169857 0.0024756978 1.0566506e-06 8.36612e-06 1.1304741e-05 2.4857425e-05 0.0017165812 7.5019734e-06 0.00018059007 4.9589056e-07 0.0005016918 0.00012765736 0.00010018718
0.9350577 0.35550806 0.54932433 0.1494703 0.78138 0.78199273 0.20135064 0.03821937 0.56054956 0.109788276 2.468674e-18 0.25868443 0.15860634 0.050816223 0.031216312 0.011204922 0.01663785 0.63307714 0.011279763 0.05879985 0.00898614 0.00813558 0.002669343 0.066795565 0.01597357 0.004411064 0.2748725 0.0044139214 0.006723774 0.0005043763 0.023184301 0.0004989358 0.00059377623 0.00036534772 0.013630822 0.036418825 0.007999302 0.01565916 0.012934082 0.0006579173 0.00015571594 0.8914028 0.006834743 0.00021849215 1.8346065e-05 0.00013098899 0.00014517258 0.21704334 0.0021588795 0.4210072 0.0020469266 0.00041058962 0.00028166792 0.00014831252 0.037697025 3.2866858e-05 7.226604e-05 0.027009971 0.0015778629 7.94569e-06 1.231252e-06 2.0634785e-05 2.4821586e-05 0.00012906585 0.00065820006 8.913114e-06 9.068065e-05 0.00033328592 9.288502e-05 2.2383792e-05 0.0010374354 0.17239225 0.00076730433 0.65184736 1.2564142e-06 1.6286902e-05 6.9819325e-06 0.20263164 0.0003230389 0.011210832 0.0001753261 2.8677878e-06 3.2925916e-06 9.351568e-06 9.986518e-06 1.409977e-06 3.2223412e-05 3.5932403e-06 0.00020931104 0.021622902 4.7824e-07 1.1885692e-06 2.1771597e-05 9.627297e-06 0.01835254 8.068593e-06 0.00029010308 4.386523e-07 0.011211217 0.00039976658 0.00010639788
0.9873121 0.52084166 0.14994203 0.026425006 0.51285166 0.42433184 0.6063539 0.0026311171 0.060267292 0.75398785 0.25868443 7.427305e-19 0.0031162635 0.034597136 0.40679199 0.85136896 0.8126922 0.016855601 0.6385575 0.42655072 0.0012066305 4.892993e-05 0.00013758408 0.063115075 0.25952667 0.75392413 0.0089301905 0.6710838 0.0034746367 0.00015213042 0.022839626 6.7238852e-06 0.4332773 0.39531907 0.043714482 0.0002458474 0.005243586 0.3444671 0.16775899 0.2870734 0.00011750583 0.55251414 0.00021958003 3.5650837e-06 0.013571908 0.07274497 0.00016281893 0.014312369 0.3171063 0.36350304 2.5643085e-05 1.4629897e-05 4.3351083e-05 0.087468445 0.0005769507 9.458382e-06 1.708007e-05 0.1906665 0.034703758 0.00014012905 7.2420958e-06 0.00011969003 0.0011830169 7.792757e-06 0.016843753 5.054282e-05 0.004733349 0.044155218 4.218609e-06 9.987542e-05 4.6632304e-05 0.02180986 4.05898e-05 0.22731435 6.16996e-06 0.00021315026 6.606363e-05 0.31779283 0.007108788 0.114211865 0.007881252 7.0561175e-05 0.00013851406 0.0007740496 3.0210183e-05 8.622252e-06 3.6555562e-06 1.7592303e-06 0.0022435237 0.0027140412 9.785948e-06 1.9565664e-06 3.7791517e-05 6.426175e-05 0.0027881041 1.10754245e-05 0.003637957 5.0314734e-06 0.0011230821 0.010975055 0.0011773128
0.49660802 0.1798416 0.63074553 0.6145386 0.027240233 0.035380736 0.10354913 0.5515517 0.95719117 0.014230912 0.15860634 0.0031162635 7.835624e-17 0.27296308 0.002924088 0.0005814301 0.00068996043 0.79278284 0.0004671717 0.009053148 0.16668501 0.79570144 0.33597672 0.0701814 0.00013688611 4.1948046e-05 0.34648457 0.0001637667 0.062341847 0.05151185 0.01289839 0.15967321 4.608307e-06 2.6909602e-05 0.00014621325 0.25413978 0.00032272725 2.5410502e-05 6.2084895e-05 7.4788354e-06 0.004941769 0.038799442 0.16166052 0.03453018 1.6413819e-06 1.0790943e-06 0.0075990744 0.24230942 1.5220318e-05 0.03640028 0.07486219 0.044953093 0.021199131 2.977607e-07 0.09798061 0.00012963626 0.0013839912 0.00029784467 8.8996465e-05 1.7464739e-06 4.8743303e-05 2.7397697e-05 6.464891e-06 0.0032359792 5.7871716e-06 9.0711055e-06 2.294693e-07 1.41480805e-05 0.0022752439 4.0825327e-07 0.026390832 0.10859864 0.0144768255 0.16073126 2.8293525e-05 1.5441908e-07 3.2942577e-07 0.0028008083 2.8900542e-06 0.0011344183 2.9268433e-05 1.3782918e-07 3.414503e-06 5.3902124e-07 7.3180604e-07 4.856378e-09 0.0011055702 1.8326933e-05 5.4826905e-06 0.027061157 1.4368555e-08 6.540814e-05 1.8883842e-05 8.0552036e-07 0.03017802 3.3586417e-07 6.998312e-06 3.769629e-08 0.03203437 3.2013595e-05 5.902563e-06
0.18464057 0.8222472 0.3694714 0.61144084 0.036873445 0.0395728 0.5762266 0.92827445 0.2687043 0.024731217 0.050816223 0.034597136 0.27296308 2.361952e-17 0.014260921 0.0025863145 0.001447202 0.08282839 0.0019490594 0.113586344 0.9144035 0.103049 0.23429914 0.58466816 0.0015455921 0.00044455504 0.04447867 0.00011981132 0.81990284 0.47517917 0.18096805 0.032052662 3.7445084e-06 8.156357e-06 0.008052304 0.029741282 0.020690821 0.00016400973 0.0002275415 3.997328e-05 0.18175018 0.011662181 0.045218624 0.0035015948 3.6122026e-06 4.787587e-06 0.012038949 0.019280188 0.00017684147 0.010906989 0.0069809016 0.005753329 0.006117542 4.0134455e-06 0.0061398637 0.0001258124 8.978742e-05 5.5927976e-05 0.0025488618 3.3831075e-06 0.00794626 0.00057295326 2.1190792e-05 0.000986837 6.461868e-05 0.0002492728 3.589425e-08 2.7035152e-05 0.00042864014 1.5616335e-07 0.00055381993 0.007597343 0.00038801023 0.004833279 0.004551989 1.0991483e-06 1.1159975e-06 0.0018847985 4.447443e-06 8.676044e-05 2.5730587e-05 2.2193127e-07 1.4334091e-06 9.508445e-07 2.6572527e-06 1.0228363e-07 0.0002742278 1.1064799e-06 7.75497e-06 0.0043540914 6.862808e-08 1.9447125e-06 1.0302139e-05 3.875077e-06 0.0036570192 1.3697266e-06 4.2549814e-06 6.5063784e-07 0.0014073788 0.0006253524 2.5187328e-05
0.07451715 0.17537753 0.02833737 0.033026543 0.10781184 0.09736273 0.602461 0.0036233594 0.008855074 0.94269687 0.031216312 0.40679199 0.002924088 0.014260921 5.2863477e-21 0.25432485 0.13560057 0.0037517345 0.9615928 0.62900484 0.0019416967 0.00023956764 2.9760233e-05 0.107865386 0.501579 0.061744012 0.0013971119 0.043056924 0.0048972997 3.0386384e-05 0.09296323 3.961652e-06 0.008795456 0.0038610278 0.19528863 0.00022710316 0.040350012 0.005626872 0.005048265 0.0020702754 7.0642374e-05 0.030511344 0.00025619072 1.6990076e-06 0.0007667583 0.00070424326 2.5986663e-05 0.00068877114 0.07099078 0.0081262635 0.00015964918 0.00013768501 4.9052385e-05 0.00220882 5.854627e-05 9.66217e-07 4.529387e-06 0.0044132587 0.02990224 4.158939e-05 7.192397e-07 0.00029438114 0.00018243745 2.2144863e-05 0.0003006577 0.00025196976 0.000119456825 0.0136125395 1.1465355e-05 2.774345e-05 4.29752e-06 0.0011485519 3.3517354e-06 0.0020205185 1.6099601e-06 3.3664888e-05 1.4047085e-05 0.000981095 0.00062754995 0.00043664913 0.0035744018 1.7451088e-06 6.2708596e-06 1.0136298e-05 3.183464e-05 1.8154846e-06 8.560213e-06 3.5930466e-07 0.00025750877 0.00021739927 1.538296e-06 2.7802078e-06 8.1849075e-06 3.4945806e-05 0.00033991467 1.4840117e-05 5.0203373e-05 1.1594637e-06 9.874319e-05 0.00029118548 0.00024524768
0.1835932 0.08534335 0.010370872 0.011222326 0.033640757 0.02802552 0.13463654 0.0009102919 0.005296539 0.28759253 0.011204922 0.85136896 0.0005814301 0.0025863145 0.25432485 8.747351e-22 0.97468084 0.004474896 0.7731026 0.11941904 0.00028585125 8.264429e-05 7.0364473e-07 0.0077058533 0.15587956 0.5027542 0.0018747371 0.36808276 0.00044702057 7.2673906e-06 0.00909733 2.8298493e-07 0.0826701 0.051367342 0.023514926 0.00014574341 0.0033727188 0.04080517 0.029271107 0.007021038 6.6652574e-06 0.070590235 0.00020240662 1.3436784e-06 0.006524622 0.010120729 1.0782452e-05 0.00078444753 0.1927117 0.025381379 9.533824e-05 3.850471e-05 3.504466e-05 0.02521542 5.8746442e-05 2.3411103e-07 1.5550893e-06 0.03146399 0.017675651 0.00029075984 2.5205627e-06 3.6350124e-05 0.0008943196 1.5155298e-05 0.0019975922 2.4238523e-05 0.00024017571 0.015932493 7.3843985e-06 6.85782e-05 6.101516e-06 0.0022656948 8.047714e-06 0.004599328 4.105459e-07 0.00037479456 0.00012850873 0.0042391084 0.0008742324 0.0030632566 0.0033016414 2.0343052e-06 0.00014083093 5.2202504e-05 1.8111967e-05 4.3541368e-06 3.998203e-06 2.24863e-07 0.0003282005 0.0002642278 1.3112485e-06 7.5488265e-07 2.6080472e-06 0.00018924559 0.0005162833 5.0641294e-05 0.0005424882 4.958483e-06 0.00016107481 0.0008038923 0.00047988206
0.3721232 0.08890418 0.011185393 0.01120465 0.078976445 0.06411428 0.12013414 0.0005751151 0.0074600168 0.16569354 0.01663785 0.8126922 0.00068996043 0.001447202 0.13560057 0.97468084 3.5803446e-23 0.0043755393 0.47853917 0.091055915 0.000290468 3.9794017e-05 9.112981e-07 0.006280241 0.10932042 0.6395931 0.001986349 0.4964668 0.0002693213 4.360324e-06 0.007701669 3.9528115e-07 0.2347246 0.17495479 0.019313568 0.00015601279 0.004057941 0.126226 0.08116649 0.051265687 9.100271e-06 0.11549354 0.00012477834 1.0979938e-06 0.017322147 0.041601848 5.7623174e-06 0.00087976287 0.22925155 0.04664173 8.5856685e-05 4.3597567e-05 2.1573594e-05 0.049748976 4.392547e-05 4.7039612e-07 1.6180103e-06 0.06554062 0.012120436 0.0006768771 5.696778e-07 4.3208805e-05 0.0026862181 1.3306546e-06 0.0077672945 1.6185219e-05 0.0010352965 0.02764449 7.7618515e-06 0.00024685363 6.8927047e-06 0.0016376185 2.1753976e-05 0.0044777305 1.7064773e-06 0.00067007734 0.0002178058 0.0084949145 0.0034935062 0.003832114 0.0051948153 1.5237063e-05 0.00027346052 0.00013313656 0.00010743904 6.532579e-05 6.01189e-06 1.3744537e-07 0.0017186811 0.00060872803 1.8889443e-05 1.3651141e-06 8.423879e-07 0.00027038727 0.0006304843 8.7288354e-05 0.0014652684 4.356361e-05 0.00026458586 0.0021983117 0.00094362954
0.6328038 0.12274963 0.449828 0.20219544 0.077841856 0.114165924 0.10499453 0.20566846 0.8579759 0.028730838 0.63307714 0.016855601 0.79278284 0.08282839 0.0037517345 0.004474896 0.0043755393 1.0111543e-16 0.0013058407 0.004211956 0.030780666 0.5102554 0.0824592 0.034182392 0.00014769656 0.0016196398 0.9414375 0.0020385284 0.01131041 0.0049480433 0.0053282897 0.07269771 0.0002280455 0.00016629965 6.0798015e-05 0.5826927 0.00022744454 0.0008206308 0.0019256715 0.00047036522 0.00039454942 0.093118906 0.3210441 0.024724755 3.993794e-06 1.802954e-05 0.0010372247 0.25562838 0.00014421341 0.0613431 0.064658605 0.034931958 0.02120991 1.1109488e-05 0.079067536 0.00012247091 0.0010124111 0.002074847 0.002725967 6.017213e-06 1.740675e-05 2.8267177e-05 1.2237033e-05 0.002011564 0.000103616774 3.2077067e-05 2.8784068e-05 0.00018265557 0.0035231246 7.346772e-05 0.015687022 0.09511235 0.0119647905 0.23560736 9.8425735e-06 3.053586e-06 5.6407525e-06 0.012140433 0.00021023829 0.001767839 0.0005780434 1.168148e-05 1.16064475e-05 1.6148864e-05 5.303534e-05 1.3631185e-06 0.0012856647 1.7260554e-05 0.0003551554 0.019995555 2.0062282e-06 8.6896645e-05 4.133793e-05 2.5957039e-05 0.022833718 1.6390632e-05 5.454001e-05 2.9004914e-06 0.023616523 0.0002555192 0.00010857359
0.061439052 0.08792518 0.016599022 0.0102470275 0.04942806 0.041924726 0.19059649 0.0009835893 0.0048878235 0.552055 0.011279763 0.6385575 0.0004671717 0.0019490594 0.9615928 0.7731026 0.47853917 0.0013058407 8.248819e-21 0.5235648 0.0012861027 3.5158042e-05 8.365665e-06 0.03417868 0.7020034 0.38981542 8.388278e-05 0.24641602 0.0009309085 1.52024895e-05 0.05482237 2.189228e-06 0.046501555 0.022300102 0.16037542 1.1051643e-05 0.024133366 0.021042144 0.012309222 0.005273214 2.5124931e-05 0.017846216 4.9252354e-05 8.971287e-07 0.0027813201 0.0029424513 1.6976595e-05 0.00014031265 0.27494135 0.003773683 1.9416744e-05 2.0541798e-05 1.3323455e-05 0.010967047 9.408649e-06 3.6976047e-07 2.3220334e-06 0.0069170003 0.051418137 0.00021726186 2.624964e-07 0.00023464403 0.0009806609 9.11495e-06 0.0019177735 0.00012906438 0.00023809468 0.030383185 2.9796795e-06 7.386036e-05 7.709703e-07 0.0005790098 1.4673652e-06 0.0010041944 4.2818377e-07 0.00017294324 0.00010109031 0.001265164 0.0016205538 0.0003589646 0.010694238 3.325176e-06 8.086824e-05 2.2238975e-05 6.279504e-05 1.2357874e-05 4.5809034e-06 2.0130577e-07 0.0009373314 2.208267e-05 6.042359e-06 1.3109495e-06 5.2375162e-06 0.00036067967 8.7881235e-05 0.00013199281 0.00052693125 2.364953e-05 4.7079153e-05 0.0023586983 0.00093147374
0.03262455 0.27213797 0.10214325 0.1081612 0.15265867 0.14307265 0.71021587 0.015917623 0.020254236 0.4611523 0.05879985 0.42655072 0.009053148 0.113586344 0.62900484 0.11941904 0.091055915 0.004211956 0.5235648 6.369432e-20 0.01061881 8.3861334e-05 0.00032759382 0.8051376 0.91117966 0.053569485 0.0018759165 0.020735277 0.064054415 0.00019758745 0.7457012 7.618092e-06 0.008181521 0.0041911923 0.7566253 0.00012163853 0.37777627 0.0006145408 0.00031526634 0.00030164025 0.000693745 0.00893682 0.00033046244 1.4422152e-06 0.00013527457 0.0003654633 1.6683935e-05 0.00024334076 0.07871785 0.0019148723 7.058836e-05 0.00013099074 1.2621661e-05 0.00090102054 1.5131353e-05 8.0882734e-07 1.738229e-06 5.857732e-05 0.1948835 7.1046634e-06 1.21014355e-05 0.0032536564 6.476416e-05 5.7997017e-06 3.710576e-05 0.0012950251 7.0347673e-06 0.026511686 4.051425e-06 8.166008e-06 1.7014139e-06 0.00074457517 3.5635032e-06 0.0009664309 4.8570664e-06 1.1834338e-05 7.590969e-06 0.00011042441 0.00042347444 0.000115537645 0.007677923 7.772629e-06 2.3753064e-06 1.8517467e-05 1.7871667e-05 7.22424e-07 1.0596098e-05 1.30086e-07 0.0011547569 5.7474248e-05 6.3709814e-07 5.63526e-07 2.480005e-05 3.502757e-06 0.00024601718 1.3037469e-06 4.436852e-06 1.4696529e-07 4.389113e-05 0.00012750308 8.793485e-06
0.01666743 0.24189678 0.09949791 0.34580132 0.0039251605 0.004247672 0.0533716 0.7871596 0.08631537 0.0023812216 0.00898614 0.0012066305 0.16668501 0.9144035 0.0019416967 0.00028585125 0.000290468 0.030780666 0.0012861027 0.01061881 4.293731e-17 0.15870564 0.48196924 0.2915696 0.00027990912 7.1531336e-05 0.015284947 0.00027594244 0.9148267 0.91991293 0.037534144 0.123074554 0.00025034318 0.00027474714 0.0017760481 0.015939642 0.008848739 8.7562155e-05 0.00010685567 2.9624425e-05 0.49628744 0.0021393423 0.032739468 0.019245548 1.0998409e-05 6.347717e-05 0.22696063 0.005693067 0.0001972572 0.00093084364 0.0072357105 0.010460893 0.008568438 6.6555425e-05 0.0016958909 0.0036771512 0.00051305885 2.810013e-05 0.00038146772 1.0889744e-06 0.07170909 0.001045705 2.5109694e-05 0.0019369426 6.822428e-06 0.0001267294 8.116229e-07 2.9792578e-05 0.0011725882 7.4908057e-06 0.0006144849 0.0037578975 0.0006717191 0.0036375145 0.05542958 1.1998624e-06 1.7449224e-06 0.000647248 4.307637e-05 0.0012296297 0.00013574367 2.5353822e-06 1.5504305e-06 1.40145685e-05 6.163979e-06 4.3962012e-07 0.00044274714 8.484214e-06 0.00012248785 0.0014800443 6.2564965e-07 2.883193e-05 1.3921615e-05 4.990291e-06 0.0015706265 3.2008231e-06 3.1194422e-06 6.5727227e-07 0.000932518 0.00021830741 2.4818033e-05
0.85999906 0.0137476735 0.07669189 0.13152169 0.00076787686 0.001103973 0.0038664797 0.58076644 0.368607 0.00038520448 0.00813558 4.892993e-05 0.79570144 0.103049 0.00023956764 8.264429e-05 3.9794017e-05 0.5102554 3.5158042e-05 8.3861334e-05 0.15870564 1.6431961e-15 0.82049495 0.020931879 7.354697e-06 1.2398495e-05 0.24307837 4.4699136e-05 0.044475462 0.16594388 0.000989192 0.87309986 1.207138e-06 4.103332e-06 3.2942422e-05 0.547196 5.802466e-05 1.0248048e-05 9.454856e-06 8.902121e-06 0.009941976 0.002353253 0.8163072 0.88247675 6.49029e-07 3.4295936e-06 0.13364549 0.26999962 1.5809157e-05 0.0050515835 0.3653493 0.3297995 0.46928236 2.6227933e-06 0.13394164 0.022378331 0.14310704 2.213132e-06 2.3627888e-05 1.5904784e-06 0.0003284676 6.318214e-05 5.7069938e-06 0.09603172 5.357051e-07 2.0954441e-05 1.298461e-06 7.625328e-05 0.043919016 1.1062635e-06 0.13264273 0.075624414 0.083940685 0.047186054 0.0036619888 1.2027202e-07 1.8657323e-07 0.0006048927 4.1523916e-05 0.00013723236 0.00015780395 4.7359157e-07 2.8729136e-07 2.622931e-06 1.0831577e-06 4.8684743e-08 0.013819984 0.00039089087 2.5987802e-05 0.04972455 6.051188e-08 0.0004420974 0.00089985656 2.3452164e-06 0.04292506 1.1321987e-06 3.9974725e-07 7.8963325e-08 0.055311628 1.3316901e-05 1.1037176e-06
0.11660955 0.12222822 0.054085452 0.23459846 0.00064029964 0.0007961935 0.0060635624 0.8144904 0.13039386 7.977532e-05 0.002669343 0.00013758408 0.33597672 0.23429914 2.9760233e-05 7.0364473e-07 9.112981e-07 0.0824592 8.365665e-06 0.00032759382 0.48196924 0.82049495 1.1630028e-14 0.0145298615 1.532325e-06 6.0859037e-07 0.05192303 6.855502e-06 0.06626724 0.96316534 0.00042068734 0.9266018 3.5592238e-06 1.4197399e-05 9.825018e-06 0.11335987 2.4088346e-05 0.00012076838 6.378496e-05 1.8753763e-05 0.040561903 0.0012129114 0.35429913 0.57318634 3.6927023e-07 1.3461539e-06 0.80829203 0.047431607 1.911528e-05 0.00051960244 0.13275947 0.1789713 0.18682942 4.3678865e-06 0.021594469 0.14993028 0.06678062 5.9375784e-06 2.2246118e-06 9.1313154e-08 0.0021407881 6.5416843e-06 1.07665755e-05 0.08553994 1.6548836e-06 7.81653e-06 4.0703e-08 4.378488e-06 0.046350997 3.2877955e-07 0.037539467 0.00551951 0.021182066 0.0018764533 0.006877285 7.0027147e-07 1.0532531e-06 0.00051681616 1.3395528e-05 0.00019699514 6.285073e-06 4.180128e-07 7.4651007e-07 8.359683e-06 8.1510416e-07 1.2008715e-07 0.016497198 0.0004961129 7.710175e-05 0.0068020197 1.8515186e-07 0.00078401534 0.0012493182 7.164713e-07 0.005048383 2.598448e-07 3.7528314e-06 5.9339207e-08 0.004465749 0.00015196916 1.3901132e-05
0.0070974105 0.44269916 0.22010596 0.25658968 0.052698493 0.05339782 0.5160685 0.23385671 0.08876023 0.073478736 0.066795565 0.063115075 0.0701814 0.58466816 0.107865386 0.0077058533 0.006280241 0.034182392 0.03417868 0.8051376 0.2915696 0.020931879 0.0145298615 7.628864e-18 0.28557774 0.0008202997 0.01970309 0.0013643452 0.78730875 0.037302814 0.9533619 0.00046733613 0.00011370096 0.00031758478 0.54951465 0.0034291898 0.56754315 6.465705e-06 6.8818217e-06 9.256976e-07 0.08316304 0.0034886685 0.0040508076 5.296662e-06 3.7287682e-06 2.9582587e-05 0.00066773297 0.0021190662 0.0012813654 0.0008149538 0.0007030542 0.00034928595 8.121216e-05 9.515603e-05 0.00011347759 7.876087e-06 6.0175225e-06 7.3234883e-06 0.0588862 3.333587e-06 0.007241316 0.0059304307 8.062921e-05 2.2827731e-05 1.6864686e-05 0.00077688234 2.6611072e-08 0.00028400705 2.0579013e-05 1.1194875e-06 1.90506e-05 0.0018008525 2.3568069e-05 0.026974717 0.0005560827 2.84619e-06 3.2679718e-06 0.0040502064 5.165392e-06 0.0016834429 0.00083971187 1.0593577e-06 8.416588e-07 9.1088367e-07 6.93407e-06 1.8068661e-07 6.677072e-06 1.0783526e-06 3.487822e-05 0.00036598957 9.360115e-08 2.8366646e-06 8.43544e-05 1.6550066e-06 0.0017734045 1.5296939e-06 3.6278661e-06 2.2832499e-07 0.00035579377 0.0005538553 7.753698e-06
0.0038190128 0.06909952 0.01820011 0.009969909 0.08026826 0.068669125 0.17437458 0.00018877891 0.0020631372 0.29676834 0.01597357 0.25952667 0.00013688611 0.0015455921 0.501579 0.15587956 0.10932042 0.00014769656 0.7020034 0.91117966 0.00027990912 7.354697e-06 1.532325e-06 0.28557774 3.668121e-21 0.04823898 2.378102e-05 0.026582055 0.0016716609 1.3321884e-06 0.4209863 2.9459468e-07 0.005669858 0.0040413802 0.82883584 3.2121502e-06 0.24391757 0.0022668415 0.00069041364 0.0013988805 5.5985106e-06 0.0030077628 6.822038e-06 1.8474036e-07 6.808081e-05 0.00014894272 1.4702717e-06 2.165425e-05 0.11502881 0.00041796625 3.7701932e-06 6.5993445e-06 9.570381e-07 0.002207007 1.8483845e-06 9.9173576e-08 1.6306764e-07 0.000103592654 0.29088157 1.31417855e-05 5.012769e-07 0.0033335509 0.000110977075 1.1395094e-06 5.6313864e-05 0.0012039472 7.444473e-06 0.037177242 5.2170196e-07 1.0760437e-05 2.5209314e-07 0.0001340801 4.7833083e-07 0.00034622703 5.6202882e-08 8.716478e-06 7.589912e-06 0.00015833596 0.00028953704 6.832537e-05 0.0133458255 3.441198e-06 1.5997654e-06 1.42004465e-05 9.3246645e-06 6.071544e-07 8.0278096e-07 3.302321e-08 0.0010244721 6.2544054e-06 1.3492699e-07 1.4348295e-07 7.734223e-06 6.3489547e-06 1.5465164e-05 6.5035465e-06 1.989255e-06 1.6242763e-06 2.719383e-06 9.694586e-05 3.0204983e-06
0.05913789 0.027425054 0.008000087 0.0019314007 0.013198615 0.012000938 0.02443455 0.00012546983 0.003250707 0.08761393 0.004411064 0.75392413 4.1948046e-05 0.00044455504 0.061744012 0.5027542 0.6395931 0.0016196398 0.38981542 0.053569485 7.1531336e-05 1.2398495e-05 6.0859037e-07 0.0008202997 0.04823898 1.0322362e-21 0.00048759257 0.98165566 4.074416e-05 7.3785272e-06 0.0028238334 5.230396e-07 0.57548016 0.43769896 0.008992102 3.167764e-05 0.0014082878 0.13122553 0.04030515 0.039977532 3.168034e-06 0.024601275 8.100717e-05 7.8696405e-07 0.10479894 0.18733078 9.365928e-06 0.0004488665 0.56926477 0.010158528 3.108696e-05 9.948286e-06 1.303315e-05 0.27507535 4.884391e-05 1.1892308e-07 2.8394976e-07 0.035500158 0.012462047 0.0016623565 2.4128764e-07 1.1786243e-05 0.0048506465 8.835061e-06 0.0074734073 6.3910056e-06 0.0023018154 0.034227632 3.1481893e-06 0.0012361788 1.1163461e-05 0.003344956 1.5696456e-05 0.007929771 2.6673996e-07 0.001676345 0.0011009587 0.0013737082 0.0071443813 0.0026244924 0.0053778747 3.8410595e-05 0.0012583329 0.0022657975 2.5348807e-05 4.320926e-05 1.6035108e-06 5.0000443e-07 0.0022730045 0.00020414127 9.477451e-06 1.736254e-06 4.637081e-06 0.0013363757 0.00032361055 0.0004932077 0.0019733482 0.00013529121 8.3493695e-05 0.005746091 0.0023083577
0.80400777 0.059666473 0.13623807 0.0695421 0.02963693 0.03683458 0.066895224 0.09506837 0.41499087 0.011547547 0.2748725 0.0089301905 0.34648457 0.04447867 0.0013971119 0.0018747371 0.001986349 0.9414375 8.388278e-05 0.0018759165 0.015284947 0.24307837 0.05192303 0.01970309 2.378102e-05 0.00048759257 7.384593e-18 0.0007867694 0.0027214058 0.005017255 0.0008137528 0.05631453 7.051973e-05 0.00014560587 8.0192285e-06 0.9554767 1.863028e-05 0.0023817238 0.002979978 0.00035305458 4.9042468e-05 0.15621807 0.44298902 0.034465387 1.1736543e-05 5.3021763e-06 0.000513674 0.7654751 6.613789e-05 0.15737936 0.17028582 0.064992055 0.034343462 1.263691e-05 0.35268158 0.00010505706 0.0011155619 0.0036218995 2.9546523e-05 7.842254e-06 3.9057522e-06 3.8061319e-06 2.2864664e-05 0.00554769 0.00021486483 8.495752e-06 5.946495e-05 2.2687595e-05 0.009659227 3.4212975e-05 0.043230105 0.29350948 0.034248333 0.54979086 3.4622917e-06 7.365472e-06 7.1148947e-06 0.041429047 4.5535344e-05 0.0024973096 0.00011987633 7.2171264e-07 1.4278354e-05 3.0408169e-06 4.239913e-06 1.8037964e-07 0.0015111173 7.433583e-06 7.2032446e-05 0.056654327 2.3894324e-07 5.4603446e-05 8.7924445e-06 3.024919e-05 0.05707322 1.09553e-05 9.265791e-05 6.315195e-07 0.04936766 0.00021886564 0.000112545655
0.160197 0.046890184 0.0073915645 0.0027685938 0.026548468 0.02050585 0.02427753 0.00020216318 0.0036064996 0.048645258 0.0044139214 0.6710838 0.0001637667 0.00011981132 0.043056924 0.36808276 0.4964668 0.0020385284 0.24641602 0.020735277 0.00027594244 4.4699136e-05 6.855502e-06 0.0013643452 0.026582055 0.98165566 0.0007867694 9.718293e-22 8.243774e-05 4.264973e-05 0.001796868 4.2263487e-06 0.6582019 0.5778898 0.0055215787 0.00018187008 0.0007124159 0.33953363 0.12139154 0.251488 2.1034768e-05 0.055589348 0.00043485945 3.547966e-06 0.26853964 0.5706455 3.1990825e-05 0.0008022721 0.48086816 0.015694391 9.782621e-05 5.3451506e-05 3.537757e-05 0.26172283 3.4374472e-05 1.2554643e-06 1.9013291e-06 0.10409582 0.0076646297 0.008843499 4.6891626e-07 6.0936687e-05 0.015086875 4.273415e-06 0.022335911 3.2764056e-05 0.011734268 0.03127288 2.1303493e-05 0.004007271 1.1406756e-05 0.0019421338 4.603885e-05 0.0020890862 1.1263154e-06 0.0041630636 0.002240342 0.004052969 0.016051121 0.0057991827 0.006071382 0.0005300286 0.0015944507 0.0062977457 0.00045561587 0.00068484835 7.1459167e-06 6.785814e-07 0.007029366 0.0004942471 0.00025484824 7.670816e-06 1.0170264e-05 0.0015369345 0.0005508167 0.00081134937 0.0030655155 0.0006826405 0.00034091147 0.0063267434 0.0025795836
0.0010161434 0.27223024 0.075058006 0.2343602 0.0029059986 0.0036861023 0.10140045 0.49621716 0.04083438 0.005205917 0.006723774 0.0034746367 0.062341847 0.81990284 0.0048972997 0.00044702057 0.0002693213 0.01131041 0.0009309085 0.064054415 0.9148267 0.044475462 0.06626724 0.78730875 0.0016716609 4.074416e-05 0.0027214058 8.243774e-05 2.8022002e-19 0.4809146 0.26484713 0.013193165 2.7350654e-05 0.00010254778 0.011703164 0.0019230207 0.03168775 0.0007785408 0.00025882252 0.00023874886 0.8122169 0.0020262313 0.0036585366 0.0016800708 7.4126256e-05 0.00032703415 0.0076761516 0.0018327974 6.5973276e-05 0.0011265755 0.0010101846 0.00080405216 0.00067024387 4.1794924e-06 0.00040931135 8.186715e-05 1.8422646e-05 2.1309774e-05 0.0030064352 8.408834e-06 0.071683675 0.0023767329 8.2849074e-05 0.00023528692 0.00018005562 0.00028004422 4.7860524e-08 1.4957964e-05 0.00013012651 5.9284594e-07 0.00015455736 0.002889535 0.00013721612 0.028056527 0.0005773209 1.4006879e-06 9.469722e-07 0.0026804935 2.0416715e-06 0.0014449493 8.139771e-05 1.7286706e-06 4.652394e-06 9.712966e-07 3.223743e-05 7.6149865e-07 1.21783105e-05 2.3640725e-06 1.4718452e-05 0.002090564 3.7423285e-07 7.962083e-06 5.7241396e-05 3.498836e-05 0.005232776 6.446197e-05 4.614646e-05 7.570423e-06 0.0016690086 0.0017644837 0.00020139228
0.01252049 0.035661783 0.011145505 0.09729391 0.00043164496 0.00052186544 0.0031514547 0.61275893 0.014647286 7.892565e-05 0.0005043763 0.00015213042 0.05151185 0.47517917 3.0386384e-05 7.2673906e-06 4.360324e-06 0.0049480433 1.52024895e-05 0.00019758745 0.91991293 0.16594388 0.96316534 0.037302814 1.3321884e-06 7.3785272e-06 0.005017255 4.264973e-05 0.4809146 2.4962146e-16 0.0018428296 0.39729145 1.2965673e-05 6.565957e-05 1.739283e-05 0.0068393233 0.00020867384 4.907014e-06 2.5685746e-05 9.318388e-06 0.36895877 3.9968785e-05 0.021424372 0.09384482 3.9946184e-07 2.2123722e-06 0.8187264 0.0020081224 2.3667038e-05 0.00013129303 0.008495858 0.013092012 0.011382235 1.2361245e-05 0.00078809785 0.10655293 0.030818379 1.434688e-06 7.421109e-06 2.862188e-07 0.113778494 3.793075e-05 1.0393183e-05 0.0041660643 2.1112735e-06 4.573121e-06 3.5614374e-08 2.8252825e-06 0.0029700068 6.106479e-07 0.0010420129 0.0015538434 0.0008239259 0.00066620327 0.22850023 6.996897e-08 1.194162e-07 0.00020701477 2.9741648e-05 0.00010908236 3.713836e-05 2.2575321e-07 4.040858e-07 4.593524e-06 1.3426229e-06 4.9977107e-08 0.0015107433 1.2888056e-05 0.00012047747 0.0010981017 9.075024e-08 3.7821443e-05 0.00024823254 1.4371372e-07 0.0013885761 7.181483e-08 3.2300113e-07 9.099042e-09 0.0006666577 5.369424e-05 5.288435e-06
0.0010648249 0.20167483 0.049672052 0.09306838 0.022295125 0.02367125 0.2489428 0.04234854 0.013340366 0.033364654 0.023184301 0.022839626 0.01289839 0.18096805 0.09296323 0.00909733 0.007701669 0.0053282897 0.05482237 0.7457012 0.037534144 0.000989192 0.00042068734 0.9533619 0.4209863 0.0028238334 0.0008137528 0.001796868 0.26484713 0.0018428296 3.6265102e-19 2.265454e-05 0.00031161684 0.000767651 0.65492505 2.248302e-05 0.776882 0.0001278545 2.0471238e-05 1.8971967e-05 0.0058904565 0.0024127052 8.064897e-05 4.005122e-06 1.1262548e-05 4.203551e-05 1.8730794e-05 7.19712e-05 0.0039160056 0.00036941151 3.5886023e-05 6.672085e-05 1.3333649e-05 4.5129353e-05 6.3606694e-06 1.3735306e-06 3.5748176e-06 5.5377448e-05 0.07509555 1.8354376e-05 0.0011252799 0.0066454015 8.945077e-05 1.452513e-05 8.111448e-05 0.0014816812 1.7355363e-07 0.0005575328 1.2777299e-05 1.8021811e-06 3.7159464e-06 0.0011600412 1.0883218e-05 0.0032753465 4.0125597e-05 1.505378e-06 1.287035e-06 0.0013192681 8.178735e-06 0.0021012104 0.0017095 1.7858385e-06 8.869771e-07 1.9650747e-06 5.1182564e-05 6.1239683e-07 5.1722877e-06 4.5588354e-07 8.806942e-05 0.0002486915 9.635468e-07 2.8697905e-06 9.807942e-06 3.4193843e-06 0.0010080171 5.468519e-06 8.005055e-06 5.475817e-07 0.00035567893 0.00037828996 1.3320189e-05
