2.082631e-28 0.0030854086 0.0062251673 0.00043360324 2.0289239e-05 0.37864095 0.09100098 0.02657791 0.010294523 0.13490406 0.07476396 4.9358036e-06 0.056985494 1.1652485e-05 0.67841667 0.077345215 0.3600536 0.010585868 0.40108523 0.41045624 4.733254e-06 0.03413058 0.82936627 1.0350368e-06 0.59117 0.00010920748 0.83787745 0.61367434 0.9176338 0.23209105 0.7394921 0.015764814 0.00024593272 0.87145865 0.03043019 0.0010611961 0.109850906 0.003288481 0.001427977 0.86699283 0.17055379 0.032753218 0.03988007 0.57677025 0.7271453 0.6486835 0.6159216 0.7178376 0.8537508 0.9291569 0.9383401 0.95094925 0.0057685366 0.12769517 0.8748811 0.84760773 0.9530765 0.10853921 0.8730855 7.897214e-06 0.9290076 1.7959496e-06 0.85004014 0.84581125 0.34012347 0.9951333 0.50019914 0.0009185087 0.9874672 0.7555059 0.6217032 0.61732656 0.38298059 0.9267006 0.31512696 0.9633869 0.98628634 6.064938e-08 0.018385444 0.67438537 4.8216156e-05 0.99467754 0.98177946 0.9210034 6.698259e-08 0.9997463 0.9291198 0.01526135 0.99670863 0.6040176 0.98697686 0.38981915 0.36385378 0.009075108 0.96450317 0.0010078362 1.5337235e-05 0.001613584 0.99871945 6.824119e-08 0.99985343
0.0030854086 7.829077e-18 0.99355835 0.4853637 0.04911473 0.29294685 0.0033986105 0.0031778992 0.015543111 8.969508e-05 0.019816754 0.002030943 0.038967527 0.00090249936 0.007991238 0.09107135 2.3888946e-05 4.6481433e-05 0.005981982 0.020583633 0.00041772457 7.704654e-05 8.7869244e-05 2.6984639e-05 6.767867e-05 1.3320412e-06 1.1911616e-07 0.0017387405 0.12010922 5.5017383e-05 2.9603583e-05 3.8142025e-06 8.142989e-06 1.3199569e-06 1.7281192e-07 1.29322e-06 6.796633e-08 3.0879178e-07 1.3505708e-06 0.00017451087 1.5943289e-07 3.752149e-07 1.0478989e-06 2.3718871e-07 9.3121207e-07 5.311486e-07 1.2374727e-07 3.3281154e-07 2.789371e-07 9.9584895e-08 1.4154292e-06 4.767619e-05 8.637674e-08 3.7127293e-08 1.8818339e-06 4.5519326e-07 4.7632784e-07 3.377419e-07 2.4394615e-07 2.0031425e-06 2.0352628e-07 1.4368042e-05 0.008514814 0.00047570484 2.8842624e-07 2.705496e-07 8.335783e-08 9.411313e-08 0.14341834 0.0015771135 1.3160233e-07 3.2621753e-07 6.1850066e-08 1.0465386e-06 9.227105e-07 2.7773072e-07 9.534319e-06 6.6960075e-07 6.893336e-08 4.231666e-07 2.9345122e-07 0.000101546764 0.003694674 8.198637e-07 4.021277e-06 0.00012559985 0.0021428708 3.3102626e-07 7.4451225e-07 3.5245594e-07 0.00058513816 1.8757607e-09 4.735084e-09 1.5571541e-07 1.736086e-07 1.7200476e-07 4.3089264e-07 1.2339856e-07 2.1390522e-07 8.3236733e-07 3.690738e-07
0.0062251673 0.99355835 4.8341113e-18 0.041263897 0.011955513 0.9491694 0.040058885 0.009312757 0.019665996 0.0029393914 0.104092084 0.00044665983 0.16760217 0.00025766034 0.082480215 0.2261162 0.00069587 7.6255424e-06 0.051790383 0.14708228 1.1759253e-05 0.00011606078 0.004138302 1.7436672e-07 0.0012783498 4.5274213e-08 3.3218592e-05 0.010649853 0.14002073 0.00029324883 0.00034014977 2.241307e-06 3.7491252e-06 1.2606781e-05 4.8306174e-07 7.535839e-08 3.171482e-07 1.6035054e-07 1.6664899e-07 0.0011938598 3.6414588e-07 1.3278625e-07 1.446922e-07 2.682722e-07 2.6220094e-05 2.7656537e-07 4.036022e-08 2.4243863e-07 1.3245388e-07 1.8703963e-07 5.3018935e-06 0.003115986 4.9926513e-08 1.6143758e-08 2.7330654e-05 2.2820615e-07 4.408055e-06 7.516001e-08 1.8066714e-07 4.0279608e-07 4.6736858e-08 1.2343122e-06 0.012406237 0.0017897328 1.7555203e-07 6.003562e-07 8.5272454e-08 1.3439204e-08 0.03703504 0.0048143053 1.4085006e-07 6.834058e-08 2.7439151e-08 9.071101e-07 2.3723835e-06 2.1528295e-07 0.000116086776 2.6501704e-07 8.0666425e-09 3.256175e-06 1.0198519e-07 0.0004528884 0.0064379987 5.802695e-06 8.0946656e-08 0.00024873397 0.0073392484 4.1336747e-07 4.5278707e-06 2.1775636e-06 0.0021391974 3.966188e-08 2.7554782e-07 1.2837063e-07 4.5978195e-06 3.2569685e-07 1.5312702e-08 2.582915e-07 2.2411068e-05 1.1053354e-08 1.8512953e-06
0.00043360324 0.4853637 0.041263897 5.051318e-20 0.89659625 0.22829114 0.036036376 0.07795157 0.16469224 0.0051037627 0.02616531 0.076292 0.009924241 0.028651737 0.0541102 0.024104705 0.0011405549 0.016424475 0.01282454 0.0075912047 0.0045028264 0.0013714058 0.0021631876 0.0008224147 0.0004978123 0.0012628977 2.8769948e-06 0.006605796 0.008554011 9.693426e-06 8.261255e-05 3.392671e-06 3.8838302e-06 1.6115679e-05 3.8130366e-07 6.589317e-07 6.793937e-08 9.5444165e-08 1.8022041e-07 0.00017753309 9.4058755e-08 1.46177825e-08 3.636505e-08 2.5792744e-07 1.2456094e-05 7.627393e-07 2.8451626e-07 4.847702e-07 1.2887263e-06 2.7934775e-06 6.4474425e-06 0.00017254523 2.656742e-07 1.0462411e-08 3.2916607e-05 6.3049865e-06 5.775301e-06 1.4261259e-07 8.417149e-07 3.268466e-07 5.665793e-07 3.7117172e-06 0.048217572 0.022722661 9.935476e-08 4.0976847e-06 8.410589e-08 9.024502e-08 0.13349545 0.047895614 2.8004783e-07 2.2691273e-07 1.0259605e-07 1.8887434e-06 4.4159253e-07 2.636823e-06 3.7457965e-05 4.4072033e-07 4.4884285e-08 1.955835e-06 2.2696749e-07 0.00015015856 0.00892147 2.806886e-06 1.367854e-07 7.279499e-05 0.0035066276 3.5012572e-08 4.903735e-06 4.935895e-07 0.00042121144 5.2192437e-09 5.44843e-08 6.677199e-08 1.0930603e-06 5.7895118e-08 1.0227427e-07 2.6335632e-08 5.164397e-06 4.6480654e-08 6.285676e-07
2.0289239e-05 0.04911473 0.011955513 0.89659625 3.5449203e-20 0.05111648 0.04166361 0.3973599 0.74563104 0.0065082065 0.0035769048 0.43352798 0.000640609 0.10038582 0.018142326 0.00078665686 0.00631838 0.3024604 0.0028230713 0.00053205306 0.01917884 0.038757354 0.0035887442 0.002906115 0.00058743166 0.0011598138 0.00017997474 0.0031214703 0.00018369585 0.00035698403 0.00039947807 0.00038328228 0.0006459626 0.00021769345 1.8300909e-05 1.1775447e-05 3.2105145e-06 1.4980762e-07 1.5411005e-06 0.00022898894 2.3615914e-06 6.662089e-07 1.049398e-06 1.6370454e-06 3.779137e-05 9.492911e-06 9.802037e-07 6.0956886e-06 4.539376e-06 2.7953856e-06 1.076522e-05 0.0011662137 2.050985e-07 2.1946582e-07 4.3358275e-05 4.8533902e-06 1.0985431e-05 1.2987917e-06 2.1287012e-06 9.336254e-07 3.945885e-07 9.452318e-05 0.0042632534 0.0016498653 2.7315488e-07 4.420301e-06 5.115125e-08 2.249992e-07 0.0036044691 0.004577152 1.1395747e-06 7.595769e-08 3.3334393e-07 1.0483027e-06 1.8207841e-07 1.7728337e-06 8.919665e-05 2.8520984e-07 1.7996572e-07 6.300613e-07 2.1285064e-06 4.875744e-05 0.000866832 3.1908542e-06 2.6772843e-06 0.00011097538 0.0011858866 3.1835015e-08 4.9292885e-06 3.195992e-06 0.00032117427 2.8018752e-07 1.6152637e-07 2.9250936e-07 2.9295697e-06 4.7123372e-08 1.2515587e-06 4.2211315e-08 6.307049e-06 6.4140174e-08 6.0195143e-06
0.37864095 0.29294685 0.9491694 0.22829114 0.05111648 1.3024156e-16 0.55597705 0.30802768 0.21450043 0.20290579 0.82544863 0.01675617 0.7303907 0.023544017 0.9396963 0.62807524 0.06313796 0.0110693695 0.69826704 0.79637706 0.0021128005 0.0056584165 0.37325773 0.0006084866 0.16048026 0.0036664952 0.0006549125 0.28916448 0.32096413 0.0007417282 0.042832553 0.000224965 5.3571028e-05 0.0011646787 2.9934763e-06 1.7182198e-05 7.1743534e-07 2.6020923e-06 5.6593177e-07 0.064303145 2.1111276e-07 9.482216e-08 3.5515605e-08 7.651943e-08 0.0018277442 5.6898125e-07 4.340521e-08 1.8261298e-07 1.998964e-07 6.7681576e-05 1.9865753e-05 0.06271489 2.9713266e-07 5.655136e-09 0.0016502305 4.8598185e-06 0.0019729175 5.1222035e-08 1.2864061e-07 1.9771544e-06 1.7153225e-06 2.699845e-06 0.12604585 0.060897727 3.4502954e-09 5.797029e-05 1.956304e-07 2.3876714e-07 0.033578426 0.037255324 8.596831e-08 2.6498444e-07 1.0936213e-08 3.2542206e-07 1.845501e-08 5.7653074e-06 0.00042857413 1.8280037e-06 1.9904323e-07 6.7741234e-07 8.415857e-07 0.00063382596 0.0050705425 4.3987635e-07 2.4570415e-06 0.0011617589 0.00771875 6.537876e-09 8.663476e-07 6.052749e-07 0.0031386628 4.923345e-08 3.4288313e-08 2.240612e-08 5.6233097e-07 8.668203e-07 6.135824e-07 8.820377e-08 1.4622119e-06 2.6620062e-06 7.964095e-06
0.09100098 0.0033986105 0.040058885 0.036036376 0.04166361 0.55597705 1.0578968e-21 0.8656854 0.3951824 0.9746166 0.2079813 0.0148003325 0.07427824 0.033109732 0.64896107 0.01593181 0.6185981 0.07732115 0.38135237 0.056284238 0.0031995324 0.06866783 0.70912695 0.0009821665 0.43907 0.008143463 0.093172826 0.32223698 0.0015708122 0.017806051 0.1897333 0.006365018 0.0010905969 0.021262238 0.00016197318 8.187699e-05 6.9450425e-06 5.011167e-05 1.1532084e-05 0.070937395 1.4583809e-06 1.6373685e-06 7.365988e-07 2.046657e-07 0.0049901386 3.7967732e-07 6.7218173e-09 1.1376369e-07 7.602901e-08 0.000889317 4.4090216e-06 0.05622176 1.4328441e-07 1.6574727e-09 0.0011523608 4.992352e-06 0.0007749625 3.580891e-08 6.5132437e-09 1.1472646e-06 1.3899188e-06 6.7521137e-06 0.0052460097 0.0052454597 5.251267e-09 0.00053231133 6.651862e-07 8.354008e-08 0.009393605 0.004401305 9.487113e-09 6.6388003e-07 1.5969582e-09 2.8095318e-08 5.174332e-09 1.1658521e-05 0.0005229259 4.316507e-07 3.5689328e-07 2.7384607e-07 1.1771505e-07 0.0005410825 0.0033626454 4.101041e-07 5.963003e-07 0.00061390555 0.0058010467 1.1347811e-08 2.2285228e-06 1.270849e-07 0.001787905 9.714503e-09 6.0946674e-09 1.9271933e-08 1.3314131e-07 6.460358e-07 1.8766607e-07 1.555164e-07 4.3891632e-07 6.667806e-08 8.98823e-06
0.02657791 0.0031778992 0.009312757 0.07795157 0.3973599 0.30802768 0.8656854 9.3716694e-20 0.95025384 0.7742504 0.06304449 0.35398793 0.005108681 0.47160572 0.3400066 0.0013024006 0.9302311 0.62734497 0.0871751 0.004995355 0.12336711 0.5415998 0.43144736 0.03942282 0.20870396 0.18669607 0.037601937 0.075256355 0.00018223624 0.053122334 0.07026283 0.041763466 0.024086889 0.006223464 0.00074581424 0.0014712433 5.958308e-05 7.3702395e-05 2.93136e-05 0.013326289 1.2010685e-05 9.114211e-06 3.9419906e-06 1.9570123e-06 0.0009323967 1.2922356e-05 1.9215639e-07 5.285052e-06 1.3966542e-06 6.515742e-05 4.025553e-05 0.0020809704 5.880097e-07 3.309268e-09 0.00016708608 8.963192e-06 7.4761505e-05 1.2839645e-07 2.0316169e-07 7.2959625e-07 2.6948983e-06 1.950356e-05 0.00069011416 0.0003550919 2.918705e-08 3.139634e-05 1.2716451e-06 4.6602958e-07 0.0013141949 0.00072616746 1.2376055e-06 9.3291067e-07 1.259707e-07 7.5751063e-07 1.0138332e-08 8.312953e-06 0.0001828642 4.6787102e-07 1.1297127e-06 2.3641398e-06 5.0175464e-07 0.00019925548 0.0035254506 9.949866e-07 2.0192654e-06 0.0002148204 0.0034107554 1.7706993e-08 6.3040243e-06 7.323729e-07 0.00052173086 2.6348508e-07 4.1702455e-07 6.5174355e-08 2.0867292e-07 8.1117565e-07 4.9541785e-07 2.6691532e-07 3.5451685e-06 1.2951188e-07 8.541351e-06
0.010294523 0.015543111 0.019665996 0.16469224 0.74563104 0.21450043 0.3951824 0.95025384 9.7676227e-20 0.31058672 0.053907573 0.7437075 0.0061136377 0.80632395 0.27612552 0.0014130063 0.47079623 0.87276506 0.09570167 0.006233945 0.40959832 0.589484 0.25988838 0.14016232 0.15903851 0.5291753 0.025707742 0.07029743 6.400322e-05 0.100328244 0.08213684 0.21804212 0.20233579 0.0075730737 0.0023972124 0.015968809 2.3175258e-05 5.5729284e-05 0.00022864372 0.004814767 1.8666339e-06 1.2139986e-05 3.2130904e-06 1.1577986e-06 0.0002659791 2.427027e-06 6.6077735e-07 1.4837022e-06 1.1438362e-06 9.555921e-06 4.163582e-05 0.00032512943 1.2576778e-06 3.716981e-08 0.00028755493 7.7373693e-07 1.5352498e-05 4.8837524e-07 1.9893866e-07 5.2363825e-06 2.882199e-06 0.00014124843 0.005669904 0.0032820862 2.2839371e-08 2.3504816e-05 1.0982352e-07 1.1473093e-06 0.0036280341 0.03003589 7.9587767e-07 2.3657469e-07 1.9281208e-07 6.232277e-07 4.356263e-08 1.507538e-05 9.5655814e-05 5.6092927e-07 5.4602015e-06 6.7142446e-07 5.3889617e-06 0.00013151008 0.0034097815 2.010299e-07 5.032249e-07 0.00021235592 0.004702159 3.403991e-08 7.753302e-07 2.638595e-07 0.0017786484 1.4576196e-07 4.923702e-08 2.0369541e-07 7.8932794e-07 5.491699e-07 6.3954593e-07 1.7334852e-07 9.489177e-07 1.8710725e-07 1.7050947e-06
0.13490406 8.969508e-05 0.0029393914 0.0051037627 0.0065082065 0.20290579 0.9746166 0.7742504 0.31058672 1.4947218e-21 0.07202094 0.013942509 0.00976949 0.027069878 0.4066777 0.0022116834 0.95291847 0.13288988 0.17065245 0.008300405 0.005986311 0.16560672 0.7671164 0.002860985 0.43033803 0.029849188 0.43516806 0.22892286 0.00032716608 0.13366285 0.25491774 0.050698496 0.0065494566 0.05418213 0.0020445504 0.0035901153 0.00034117364 0.00042864625 0.00052924716 0.051418252 8.6095286e-05 0.00017210447 3.325181e-05 1.2254971e-05 0.017025007 7.5512966e-05 1.3869237e-06 2.7300357e-05 3.30476e-06 0.005503426 0.0005311286 0.039032474 1.970937e-05 1.15502765e-07 0.00417372 0.001444465 0.0028379639 5.9855597e-07 2.4921584e-07 4.332007e-06 0.00014731998 2.7539076e-05 0.0056657176 0.007288755 8.690572e-08 0.0012574416 2.63818e-05 1.9465087e-06 0.0063606584 0.00533975 2.5249665e-07 1.4333089e-05 5.7880097e-08 2.466857e-07 1.2926755e-07 8.376015e-05 0.0012176738 1.2206384e-06 1.1003251e-06 1.4011976e-05 4.4421762e-07 0.0013648052 0.0033422108 3.5375629e-06 3.3489043e-06 0.00054263143 0.0031963016 4.3976942e-07 2.6700443e-05 1.2065522e-06 0.001199135 1.4172588e-07 1.3751657e-07 8.947362e-07 8.436171e-07 3.6483677e-06 6.871947e-07 2.0818045e-06 5.0440467e-06 1.867931e-07 4.480537e-05
0.07476396 0.019816754 0.104092084 0.02616531 0.0035769048 0.82544863 0.2079813 0.06304449 0.053907573 0.07202094 1.9574175e-17 0.0028657606 0.94830596 0.0031585016 0.78964466 0.5375891 0.02076945 0.005175453 0.91779935 0.8199059 0.0001793425 0.0035841165 0.07269313 2.6550553e-05 0.028862763 0.0003257862 0.0009786529 0.30564436 0.049303163 0.0019176201 0.0045599253 0.00022077901 4.252659e-05 0.0003097901 4.894734e-05 2.7710423e-05 1.3629087e-05 1.9566996e-05 3.1078063e-05 0.08151715 5.9895765e-06 3.2011806e-06 3.703521e-06 2.1733874e-06 0.0010639464 9.823978e-06 1.7823422e-06 3.978531e-06 2.6610112e-06 0.0001843617 0.00013536618 0.067267515 1.9576722e-05 7.1800207e-07 0.0007298486 2.0729382e-05 0.00055563764 2.6204657e-06 1.1230537e-06 5.2718783e-06 1.246258e-05 1.4791454e-05 0.16887206 0.1082878 3.2892132e-07 0.0009246159 3.9242263e-06 8.791195e-06 0.035196472 0.08101115 2.3646666e-07 2.887861e-06 3.09762e-08 1.0111818e-06 2.9081204e-07 0.00015968832 0.0013737155 1.8244127e-06 2.8709692e-05 6.6964963e-06 3.504877e-05 0.0020617144 0.003585373 1.5941258e-06 3.0968224e-06 0.0018210075 0.0025231712 3.4489693e-07 3.0108682e-05 9.838266e-08 0.0022219594 1.3175624e-08 3.3882312e-08 1.8573812e-07 2.4203297e-07 6.8939994e-06 2.1271782e-05 3.8105753e-07 7.718208e-07 2.046744e-06 3.5119938e-05
4.9358036e-06 0.002030943 0.00044665983 0.076292 0.43352798 0.01675617 0.0148003325 0.35398793 0.7437075 0.013942509 0.0028657606 4.3227996e-19 0.00037950283 0.7576192 0.019065727 1.5737362e-05 0.057092205 0.5481662 0.0014981106 0.00015587805 0.3261911 0.07912339 0.018279213 0.073851705 0.0010339048 0.1195042 0.00011404923 0.0033263946 1.1591029e-05 0.0011080725 0.00044233838 0.004361911 0.0027442598 9.853379e-05 1.5435033e-05 0.0002143354 6.7170373e-07 8.75442e-07 4.244743e-06 6.2054874e-05 3.3663122e-07 2.7751494e-07 1.2402337e-07 3.3202693e-07 1.2962383e-05 4.8679453e-06 4.1555447e-07 2.2925067e-06 2.5857184e-06 1.4513781e-06 8.673922e-06 6.378587e-05 4.6852375e-07 1.9389956e-08 1.878231e-05 5.2302285e-06 5.172998e-06 9.061261e-07 1.3816853e-06 9.066206e-07 1.6574998e-07 5.620045e-05 0.0027245285 0.004564679 4.371597e-07 1.0650268e-05 1.1169968e-07 6.388684e-08 0.0020246948 0.0027538578 1.6054371e-06 1.2473579e-07 3.1404122e-07 5.5188457e-06 6.276439e-07 6.8635413e-06 7.3980984e-05 2.9709402e-06 5.33585e-07 3.8342946e-06 6.7364107e-07 2.079992e-05 0.00034097166 5.813363e-06 2.7148901e-06 4.9176084e-05 0.00026177583 3.7073658e-08 1.2692165e-05 1.0548097e-05 0.00011774711 9.526865e-08 7.399487e-07 1.3314143e-07 9.565121e-06 2.9183616e-07 1.2466271e-06 1.0398893e-07 2.2333237e-05 2.3054103e-07 4.113805e-06
0.056985494 0.038967527 0.16760217 0.009924241 0.000640609 0.7303907 0.07427824 0.005108681 0.0061136377 0.00976949 0.94830596 0.00037950283 2.1183952e-17 0.00030343077 0.32415453 0.9671649 0.002295698 0.00019662727 0.6035753 0.91095203 8.462363e-06 0.00021800154 0.0059167547 8.592155e-07 0.0044927252 1.4382332e-06 0.00014644254 0.089411035 0.30759025 0.00024445652 0.00046471594 1.7538874e-05 6.481294e-06 0.000104489816 1.1167508e-05 3.4111115e-06 4.8712004e-06 2.3903158e-06 6.2701542e-06 0.024997912 2.1641872e-06 6.682675e-07 8.1698045e-07 7.171945e-07 0.00037631422 8.715426e-07 5.8599e-07 1.7542168e-07 2.217341e-07 3.786334e-05 2.2273001e-05 0.032684665 8.6311655e-07 8.871974e-08 0.00037009598 2.816977e-06 0.00021278103 3.6142717e-07 3.2981055e-07 1.0142849e-06 1.1831883e-06 3.9291094e-06 0.18200691 0.056797028 1.2763282e-07 7.538453e-05 1.2019565e-07 1.884375e-06 0.08118146 0.066466235 1.2704243e-08 1.4511352e-07 1.4907051e-09 1.4690461e-07 3.2496186e-07 4.1491594e-06 0.00024353137 2.1309974e-07 1.6845925e-07 4.815935e-07 3.2775192e-06 0.0014187059 0.004455903 2.87213e-07 1.8946326e-07 0.00032004967 0.0027704716 1.502089e-07 3.1177556e-06 2.5895362e-08 0.0011902533 2.1589912e-09 2.106759e-09 4.8671744e-08 1.8100656e-07 4.6894175e-07 3.2236935e-07 8.183338e-08 2.7133564e-07 1.3947142e-07 5.526119e-06
1.1652485e-05 0.00090249936 0.00025766034 0.028651737 0.10038582 0.023544017 0.033109732 0.47160572 0.80632395 0.027069878 0.0031585016 0.7576192 0.00030343077 1.1751338e-20 0.03119226 1.4610042e-05 0.12825161 0.7422767 0.0017721652 7.0819304e-05 0.18025821 0.18793598 0.03347489 0.038289275 0.0027313158 0.15813194 0.00266126 0.0037746713 2.8309598e-06 0.013208915 0.00093279645 0.034292333 0.012949504 0.00029101584 7.733283e-05 0.0011384462 1.2338897e-06 1.0892549e-06 1.4523176e-05 0.00022269721 4.5119285e-07 7.5200674e-06 1.8124969e-06 3.2889716e-07 3.8273076e-05 7.213807e-06 6.9665447e-07 3.3014524e-06 1.0348631e-06 5.874669e-06 6.15902e-06 0.00024624792 1.7965646e-06 7.5911636e-08 4.036625e-05 3.5271537e-06 1.1209527e-05 4.0647163e-07 1.0047853e-06 5.698887e-07 5.2985234e-07 4.1606207e-05 0.0027381177 0.0014329671 9.4779296e-08 1.797503e-05 4.7727525e-08 2.2704551e-08 0.00071767694 0.0026881415 7.7098207e-07 6.6571445e-08 3.1596144e-07 1.8619331e-06 1.5100113e-07 7.402759e-06 1.1431782e-05 2.65966e-07 2.60433e-07 1.0573008e-06 1.6833833e-07 8.108149e-06 9.17613e-05 1.042365e-06 8.985398e-07 4.243568e-05 0.00030358188 6.4027667e-10 9.186799e-06 4.8465076e-06 0.000107619104 4.2131182e-07 2.076266e-07 1.2265166e-07 6.298622e-06 4.711816e-08 3.775689e-07 4.039141e-08 1.3906422e-05 6.974246e-08 4.8132333e-06
0.67841667 0.007991238 0.082480215 0.0541102 0.018142326 0.9396963 0.64896107 0.3400066 0.27612552 0.4066777 0.78964466 0.019065727 0.32415453 0.03119226 1.6208755e-17 0.047643095 0.17787938 0.048747923 0.94189763 0.4959539 0.0016720436 0.02499287 0.62372154 0.0009068161 0.3229084 0.01544378 0.011847777 0.76422894 0.0130545525 0.005019804 0.09181945 0.0009021375 0.00050499913 0.0019216951 5.393026e-05 0.00016942638 6.351965e-06 8.206108e-05 3.437277e-05 0.25399092 1.1674548e-06 6.3190964e-06 2.0088971e-06 2.9502655e-07 0.0061841435 3.2442167e-06 4.247811e-07 1.0909379e-06 4.860284e-07 0.0006700927 4.8298025e-05 0.21315765 1.2268782e-05 2.0401384e-07 0.0032235507 3.2581276e-05 0.0026051886 9.522365e-07 4.8031933e-07 5.7601687e-06 2.7878876e-05 1.6693277e-05 0.1381264 0.25383413 4.9702663e-08 0.0012838471 8.328124e-06 1.9956299e-06 0.029318461 0.094528355 3.2621256e-07 4.5128513e-06 6.495718e-08 1.7467828e-07 7.090536e-08 6.3244115e-05 0.0025033113 6.0041607e-06 7.334602e-06 3.197339e-06 2.2668075e-06 0.0020693573 0.0046594567 1.7397415e-06 1.5800084e-05 0.0022577313 0.005581939 1.9300737e-08 2.2467202e-05 2.0733552e-07 0.003145384 8.528335e-08 1.2188835e-07 7.157552e-08 1.0205388e-07 5.414621e-06 8.431688e-06 8.1234697e-07 5.801934e-07 7.1886375e-06 1.8670426e-05
0.077345215 0.09107135 0.2261162 0.024104705 0.00078665686 0.62807524 0.01593181 0.0013024006 0.0014130063 0.0022116834 0.5375891 1.5737362e-05 0.9671649 1.4610042e-05 0.047643095 1.4854313e-17 0.00076154957 5.6355416e-06 0.18769394 0.8992048 8.714695e-07 9.829085e-06 0.0006405962 1.5246846e-07 0.00044929713 5.6726616e-08 7.635382e-06 0.01972054 0.947763 3.1049683e-05 0.00016026273 2.6392054e-06 1.4365226e-06 3.3051394e-05 4.9295636e-07 1.090495e-06 3.9321213e-07 1.3927331e-06 1.03834e-06 0.0069607687 3.2798067e-07 3.9592362e-07 4.0982883e-07 3.0292867e-07 0.000105819345 2.5384995e-07 1.15091865e-07 7.976393e-08 9.9216145e-08 2.8110005e-06 8.598762e-07 0.011651742 8.9453955e-08 3.3558738e-08 0.00012792242 2.223412e-07 5.1984898e-05 1.238253e-07 6.4061204e-08 4.4113582e-07 3.2082006e-08 1.4517755e-06 0.21140294 0.017767116 8.009445e-08 8.4519515e-06 2.1977975e-09 2.2156755e-07 0.28846192 0.038628455 1.7666335e-09 5.6029674e-09 1.7679676e-10 5.0515222e-08 5.3427505e-07 1.2739775e-07 7.152848e-05 2.1928172e-07 3.4858246e-08 3.7072738e-08 2.0746626e-07 0.000829167 0.00503548 7.706825e-08 1.1735155e-07 3.925265e-05 0.0037886407 5.3679617e-08 2.7474607e-06 8.532232e-10 0.0034554095 1.9398472e-11 2.8216696e-11 1.9182268e-08 1.79149e-08 9.866472e-08 5.102458e-08 4.326816e-08 1.42349e-07 4.557146e-08 1.1524172e-06
0.3600536 2.3888946e-05 0.00069587 0.0011405549 0.00631838 0.06313796 0.6185981 0.9302311 0.47079623 0.95291847 0.02076945 0.057092205 0.002295698 0.12825161 0.17787938 0.00076154957 4.474281e-20 0.4500836 0.051306553 0.0024093436 0.04638405 0.77864337 0.72333264 0.025424516 0.43501964 0.16521865 0.6188119 0.11920576 4.6582656e-05 0.68164825 0.33405033 0.48929778 0.067121826 0.12880433 0.09245425 0.04538554 0.011124311 0.004034462 0.0039609573 0.028287925 0.0012454278 0.0011256819 0.0001666332 0.00015376038 0.024282642 0.0008859385 4.1895273e-05 0.0006710644 0.00011873322 0.0069586914 0.0024277691 0.019884989 0.00015441504 1.8804741e-06 0.007896887 0.0038015617 0.0034273244 3.6685585e-06 5.494693e-06 3.610541e-05 0.0010256374 0.0003253056 0.005729942 0.004984149 3.3983295e-07 0.0019084149 7.9790916e-05 1.2996511e-05 0.0062947497 0.0058777905 4.5090055e-06 2.6492633e-05 1.8103082e-06 8.160512e-06 5.4787733e-07 0.0003315876 0.0013136794 9.282351e-06 3.093655e-06 3.56076e-05 1.4951838e-06 0.0011392656 0.0028654055 2.0562025e-05 1.9823794e-05 0.0007340522 0.0040759137 2.4220903e-06 6.614167e-05 1.0880033e-05 0.0026647418 2.1292574e-06 7.433959e-06 2.944061e-06 2.83495e-06 1.670089e-05 5.142823e-07 6.53642e-06 6.823355e-05 4.769979e-07 3.7793427e-05
0.010585868 4.6481433e-05 7.6255424e-06 0.016424475 0.3024604 0.0110693695 0.07732115 0.62734497 0.87276506 0.13288988 0.005175453 0.5481662 0.00019662727 0.7422767 0.048747923 5.6355416e-06 0.4500836 7.339686e-18 0.0033826223 5.084895e-05 0.57193655 0.9494492 0.18727867 0.25507307 0.040847093 0.8943141 0.06682412 0.005416186 8.5015506e-07 0.3018624 0.045298014 0.5907212 0.5966962 0.013497303 0.06450018 0.38325518 0.0021410047 0.006830084 0.027234245 0.00041074588 0.00011448109 0.0005270954 9.1149195e-05 3.0061945e-05 0.00022846258 0.00011317465 3.642741e-05 5.30946e-05 3.270184e-05 3.449555e-05 0.00036644723 0.00038852677 6.819615e-05 1.6123695e-06 0.00017396137 3.6951933e-05 2.1287815e-05 4.789336e-06 2.0168848e-06 0.0001827068 5.621326e-05 0.0036907822 0.0018698045 0.0032845614 3.2379992e-07 7.1834664e-05 1.0093439e-05 2.2621936e-05 0.0014916135 0.010542466 5.563648e-06 4.047883e-06 4.0864046e-07 1.6145314e-06 2.428371e-07 7.4584255e-05 0.00027147814 4.6670168e-05 3.163356e-05 8.892381e-06 1.4717484e-05 0.00015988671 0.0010652901 5.0574135e-06 9.01575e-05 0.0012822693 0.002723718 2.3837456e-08 1.4578878e-05 7.67682e-07 0.0035908015 1.7060843e-07 2.5728673e-07 1.8673806e-07 4.827375e-07 2.281647e-06 7.731768e-06 4.0562858e-07 7.413562e-06 1.2882353e-05 3.3189557e-05
0.40108523 0.005981982 0.051790383 0.01282454 0.0028230713 0.69826704 0.38135237 0.0871751 0.09570167 0.17065245 0.91779935 0.0014981106 0.6035753 0.0017721652 0.94189763 0.18769394 0.051306553 0.0033826223 7.366253e-17 0.85586965 0.00024178466 0.0034349407 0.30206797 1.5856813e-05 0.20433703 0.00045664178 0.005539876 0.89330584 0.03692939 0.0025102848 0.04313315 0.00020051688 0.00014133603 0.0015261417 5.7142945e-05 0.00015254547 1.0829123e-05 0.000115230745 4.2059208e-05 0.40133694 2.3883904e-06 1.0529995e-05 5.7131415e-06 4.2825152e-07 0.010719546 4.7557373e-06 3.952461e-07 1.0928551e-06 2.7094492e-07 0.00089873915 1.575445e-05 0.37666497 4.8984066e-06 4.2190007e-07 0.0040236213 4.2851876e-05 0.0039995476 1.3301953e-06 1.3643013e-07 3.1930308e-06 3.8498285e-05 1.0316316e-05 0.34781286 0.3307118 1.3193963e-07 0.0006710251 7.729563e-06 7.9948506e-07 0.085371986 0.24671939 4.064505e-08 3.5203789e-06 1.3623531e-08 4.3848893e-08 1.0729132e-07 4.573031e-05 0.0015365405 2.579967e-06 3.1739462e-06 2.1765193e-06 8.840905e-07 0.0035773367 0.010173347 3.6701383e-07 4.876225e-06 0.0005788944 0.004635857 2.3079696e-08 6.8968543e-06 8.785839e-08 0.0014446484 6.2646457e-09 9.849282e-09 7.356177e-08 3.9868713e-08 1.4198544e-06 6.4918904e-06 2.0041905e-07 1.467629e-07 1.1026066e-06 7.255555e-06
0.41045624 0.020583633 0.14708228 0.0075912047 0.00053205306 0.79637706 0.056284238 0.004995355 0.006233945 0.008300405 0.8199059 0.00015587805 0.91095203 7.0819304e-05 0.4959539 0.8992048 0.0024093436 5.084895e-05 0.85586965 4.741952e-17 2.0824154e-05 0.00033423828 0.011365792 3.2193875e-06 0.012337603 1.5051678e-05 0.00052721956 0.3706078 0.8903507 0.00020253792 0.0018838883 1.1015992e-05 6.866e-05 0.000185182 1.2291595e-05 8.775753e-05 1.6622542e-06 1.6723743e-05 1.0152454e-05 0.27983212 1.345797e-06 7.375031e-06 1.5884228e-06 4.3272684e-07 0.0027157331 4.0850505e-06 9.38011e-07 1.3437834e-06 4.5117386e-07 0.000196601 1.5983176e-05 0.5160271 3.9313395e-06 4.083853e-07 0.0024903044 5.286191e-06 0.0016695897 1.4069238e-06 1.14174426e-07 7.362782e-06 7.484651e-06 1.5001378e-05 0.78224266 0.1991992 3.068847e-07 9.89738e-05 2.3855958e-07 1.2829138e-06 0.3869075 0.4062288 1.7015705e-07 4.7648868e-07 2.1584034e-08 7.924531e-08 4.5562098e-07 3.122859e-06 0.001930234 1.1881397e-06 1.8934596e-06 6.620124e-07 4.564006e-06 0.006230225 0.021905025 3.1869416e-07 3.775029e-06 0.0010702405 0.009267077 8.536798e-08 2.4337253e-06 4.0388947e-08 0.0032821803 1.2624291e-08 8.46135e-09 3.332371e-07 1.7696537e-07 2.9548567e-06 3.0416838e-06 2.4012234e-06 3.935719e-07 7.619592e-07 3.295356e-06
4.733254e-06 0.00041772457 1.1759253e-05 0.0045028264 0.01917884 0.0021128005 0.0031995324 0.12336711 0.40959832 0.005986311 0.0001793425 0.3261911 8.462363e-06 0.18025821 0.0016720436 8.714695e-07 0.04638405 0.57193655 0.00024178466 2.0824154e-05 1.5658397e-21 0.10918968 0.008083382 0.6273396 0.00033944045 0.5453835 0.00018254969 0.00017790546 1.3374516e-07 0.009207262 0.00022168877 0.041179556 0.01571641 9.0357884e-05 0.00020697906 0.0027406688 6.0556968e-06 4.323257e-06 7.99418e-05 1.0501513e-05 2.9969042e-06 3.413946e-06 2.2194365e-06 1.4869519e-06 2.8329112e-05 9.171191e-06 1.2977727e-06 3.862241e-06 1.7235574e-06 2.708629e-06 8.741602e-06 5.915076e-05 1.3529931e-06 1.5887282e-07 6.517439e-05 3.05484e-05 1.1063327e-05 7.2351654e-06 1.1961779e-06 9.334202e-06 2.1001492e-07 0.00070979143 0.0017540037 0.000737534 8.061436e-07 1.9711306e-05 2.92429e-07 6.574284e-07 0.0015397917 0.00082850346 6.121572e-06 4.6148085e-07 3.6208253e-06 3.5474545e-06 1.8639513e-06 1.584178e-06 7.071166e-05 2.5643146e-06 1.027419e-06 1.0814839e-05 2.5555573e-06 7.2651037e-06 0.000109638146 1.4397244e-05 7.692207e-06 7.115434e-05 0.00028052085 2.844917e-08 1.2004455e-05 7.4679383e-06 0.0005726695 1.2932477e-07 4.059038e-07 3.5581633e-07 1.2061778e-05 3.521599e-07 3.947784e-06 1.4584175e-07 7.2117466e-05 4.4729754e-07 6.6325574e-06
0.03413058 7.704654e-05 0.00011606078 0.0013714058 0.038757354 0.0056584165 0.06866783 0.5415998 0.589484 0.16560672 0.0035841165 0.07912339 0.00021800154 0.18793598 0.02499287 9.829085e-06 0.77864337 0.9494492 0.0034349407 0.00033423828 0.10918968 3.8984772e-19 0.27067152 0.084135436 0.081301734 0.34270906 0.14752814 0.0100242095 3.2744858e-06 0.71231097 0.06769404 0.9403501 0.6752497 0.03226793 0.26062772 0.35931125 0.018882439 0.030583281 0.08176363 0.0016884989 0.0028086975 0.0034799445 0.0007656352 0.000733071 0.0012748332 0.00087148906 0.0005095303 0.0007101561 0.0010726515 0.00020327538 0.0012144306 0.00025457278 3.780482e-05 8.324161e-06 0.0004063618 0.00017884771 8.071298e-05 7.033358e-06 3.8731538e-05 4.25186e-05 1.4109933e-05 0.0012412764 0.000509557 0.00039140528 2.7765457e-06 0.00014102407 2.1988599e-06 1.6596874e-05 0.0011215131 0.00095843786 7.346209e-06 1.111863e-06 5.45139e-07 3.9263637e-06 7.3331563e-07 5.369711e-05 0.0006081677 2.2171075e-06 1.3000396e-06 3.706026e-06 8.750723e-07 0.00021851194 0.0007208394 2.0651628e-06 5.5606297e-06 0.00040835977 0.0012679603 4.1419972e-07 3.89809e-06 1.7837366e-06 0.0032617745 1.8850984e-07 3.103429e-07 3.0484313e-07 7.326034e-07 9.5948135e-06 1.969939e-07 9.0287756e-07 1.7244453e-06 6.5251504e-07 5.476859e-06
0.82936627 8.7869244e-05 0.004138302 0.0021631876 0.0035887442 0.37325773 0.70912695 0.43144736 0.25988838 0.7671164 0.07269313 0.018279213 0.0059167547 0.03347489 0.62372154 0.0006405962 0.72333264 0.18727867 0.30206797 0.011365792 0.008083382 0.27067152 8.215513e-18 0.0042664018 0.9500939 0.06352317 0.69321024 0.46497068 0.00033966562 0.35834032 0.80297893 0.122671895 0.0171955 0.36816597 0.037595402 0.017256686 0.013785556 0.006654851 0.0023236396 0.19687027 0.0018870117 0.0014218102 0.00040977943 0.00015773084 0.09357157 0.00018473253 3.59689e-05 6.785892e-05 7.502664e-05 0.015664956 0.0013811787 0.17944455 0.0005457245 1.972888e-06 0.041890927 0.0027720165 0.040651806 4.7424624e-06 7.191311e-06 3.4653393e-05 0.00086974766 5.600852e-05 0.0105248755 0.0817986 3.861123e-07 0.00796429 9.67879e-05 2.0470125e-05 0.007038949 0.022274612 6.709767e-06 2.2553178e-05 7.3409313e-07 2.955609e-06 7.948453e-07 0.00024488076 0.005446805 2.889838e-05 2.2920794e-05 7.606506e-06 2.921231e-06 0.004039415 0.0024521388 6.553373e-06 4.5640514e-05 0.002668236 0.0051211 2.6221642e-07 0.00022300813 3.4946756e-06 0.0017500296 7.623168e-07 7.161836e-07 7.241036e-07 5.990142e-06 3.7150107e-06 2.7054275e-06 1.8251383e-06 2.0156167e-05 8.428158e-06 0.0002199743
1.0350368e-06 2.6984639e-05 1.7436672e-07 0.0008224147 0.002906115 0.0006084866 0.0009821665 0.03942282 0.14016232 0.002860985 2.6550553e-05 0.073851705 8.592155e-07 0.038289275 0.0009068161 1.5246846e-07 0.025424516 0.25507307 1.5856813e-05 3.2193875e-06 0.6273396 0.084135436 0.0042664018 1.3944289e-23 9.0123365e-05 0.79460156 0.00027789673 6.0243812e-05 7.448878e-09 0.006394005 8.054529e-05 0.04031855 0.020667965 3.62348e-05 0.0007184867 0.004759685 1.383152e-05 3.8976723e-05 0.00041452245 4.6601563e-06 4.365704e-06 3.041971e-06 1.2560548e-06 2.686638e-06 2.6459053e-05 8.108481e-06 9.3484783e-07 6.505799e-06 1.6635372e-06 5.975467e-06 2.6619123e-06 1.26066125e-05 9.404495e-06 1.9749935e-07 5.8342663e-05 4.3612697e-05 1.767365e-05 7.0760807e-06 7.8438353e-07 2.524567e-05 1.2759905e-06 0.0022501845 0.00053502485 0.00027830063 1.0398769e-06 2.8289492e-06 5.5252633e-07 1.6242129e-06 0.00034551555 0.00015396111 7.506761e-06 3.7909516e-07 8.55596e-06 4.0874666e-06 2.4554909e-06 1.6705166e-06 1.0698776e-05 6.982805e-06 1.5463403e-06 4.107599e-06 1.688629e-06 1.4063806e-06 2.2431639e-05 1.0859414e-05 1.5816593e-05 1.6511576e-05 0.00010788567 5.848033e-08 8.752547e-06 6.8257664e-06 0.00016464898 1.9846284e-07 6.476163e-07 1.6637347e-07 4.0701025e-06 3.5710437e-07 1.0955818e-06 9.604956e-08 1.8940493e-05 7.168068e-07 6.3742964e-06
0.59117 6.767867e-05 0.0012783498 0.0004978123 0.00058743166 0.16048026 0.43907 0.20870396 0.15903851 0.43033803 0.028862763 0.0010339048 0.0044927252 0.0027313158 0.3229084 0.00044929713 0.43501964 0.040847093 0.20433703 0.012337603 0.00033944045 0.081301734 0.9500939 9.0123365e-05 1.2974849e-18 0.003435953 0.46952704 0.7341451 0.000113031725 0.22316627 0.96389914 0.03324381 0.0008451936 0.43451473 0.029319257 0.0024811514 0.022664474 0.003640678 0.001536114 0.39641973 0.0032190487 0.0027523232 0.00080639403 0.00020007178 0.37003034 9.962361e-05 4.901418e-05 3.4921588e-05 3.55644e-05 0.050693374 0.0009707428 0.32314047 0.00013876832 2.6856746e-06 0.11249265 0.0022418885 0.14362049 2.963108e-06 4.21776e-06 1.7660863e-05 0.0008546477 3.3246073e-05 0.019777546 0.080644876 3.657507e-07 0.029777596 0.00014930594 3.442286e-05 0.013580486 0.051984545 1.4870966e-06 5.1991396e-05 1.8027062e-07 6.4843135e-07 3.9430898e-07 0.00023434818 0.03056485 1.0741705e-05 2.910307e-05 1.2025276e-05 1.9609422e-05 0.013782834 0.008489184 2.3803586e-06 6.460488e-05 0.005837325 0.004858364 5.6203123e-07 4.4642817e-05 1.1634219e-07 0.001390349 3.3635764e-08 7.577147e-08 1.4982291e-07 1.5136766e-07 1.2596558e-06 3.984769e-06 4.1343532e-07 1.0537493e-06 8.120607e-06 6.409087e-05
0.00010920748 1.3320412e-06 4.5274213e-08 0.0012628977 0.0011598138 0.0036664952 0.008143463 0.18669607 0.5291753 0.029849188 0.0003257862 0.1195042 1.4382332e-06 0.15813194 0.01544378 5.6726616e-08 0.16521865 0.8943141 0.00045664178 1.5051678e-05 0.5453835 0.34270906 0.06352317 0.79460156 0.003435953 2.278102e-20 0.019052817 0.00020826964 3.9501824e-08 0.12983988 0.0041114734 0.31321225 0.4939911 0.0020308762 0.04780591 0.32340065 0.012308523 0.0051257866 0.045323696 1.626978e-05 0.0014813215 0.0006950204 0.00012975116 0.00023953294 4.962681e-05 0.00012519314 0.0001492964 0.0002003305 7.182973e-05 1.1751103e-05 0.00042235566 0.00016796989 0.0008174646 7.3995193e-06 0.00015551945 0.00022606032 3.501967e-05 5.7739715e-05 0.00025643074 0.0018197271 5.117605e-06 0.03843508 0.0013899992 0.0010869984 1.6758771e-05 9.66476e-05 1.829946e-05 5.3056636e-05 0.0008128143 0.0010988141 9.734331e-05 1.0930598e-05 4.2152125e-05 3.305093e-05 3.5432135e-05 0.00017401249 0.00015140239 0.00030564473 0.00012912606 3.163664e-05 1.8008574e-05 4.8949154e-05 0.00077392405 1.14239565e-05 0.00031721944 0.00013911322 0.001276587 1.1996879e-07 1.5493035e-05 2.2964752e-05 0.0026473214 9.067805e-07 9.0595995e-06 3.0090538e-07 1.8635204e-05 1.8375612e-06 4.201529e-06 4.539023e-07 3.4807505e-05 4.657322e-06 1.828303e-05
0.83787745 1.1911616e-07 3.3218592e-05 2.8769948e-06 0.00017997474 0.0006549125 0.093172826 0.037601937 0.025707742 0.43516806 0.0009786529 0.00011404923 0.00014644254 0.00266126 0.011847777 7.635382e-06 0.6188119 0.06682412 0.005539876 0.00052721956 0.00018254969 0.14752814 0.69321024 0.00027789673 0.46952704 0.019052817 4.0474285e-17 0.05288766 5.9700993e-05 0.6389251 0.7183726 0.32576317 0.033212274 0.9680352 0.5385852 0.06050912 0.5774356 0.16609718 0.07368168 0.01928259 0.4187338 0.16780059 0.060107365 0.13452207 0.231013 0.032668658 0.010129239 0.04738277 0.020332033 0.12322486 0.076254345 0.023577867 0.038708895 0.0016929345 0.1403177 0.12474566 0.10155715 0.00032646547 0.00027951328 0.0025754073 0.0329187 0.001820162 0.0045014247 0.0111301625 1.164131e-05 0.12280439 0.0061254674 0.0010206825 0.0058010053 0.014725845 0.00019772825 0.001739006 6.400011e-05 0.0002886438 3.504189e-05 0.009592824 0.03540334 0.0008631561 2.881549e-05 0.0011368133 0.00011102016 0.0055493116 0.0016130278 0.0007750405 0.00052623596 0.017112894 0.00268889 3.179002e-06 0.0019455532 0.000114131166 0.0010254178 2.9560983e-05 8.401479e-05 4.5724096e-06 0.000111162546 2.0576324e-05 2.3454938e-06 1.631364e-05 0.0006248769 4.7966154e-05 0.0013301739
0.61367434 0.0017387405 0.010649853 0.006605796 0.0031214703 0.28916448 0.32223698 0.075256355 0.07029743 0.22892286 0.30564436 0.0033263946 0.089411035 0.0037746713 0.76422894 0.01972054 0.11920576 0.005416186 0.89330584 0.3706078 0.00017790546 0.0100242095 0.46497068 6.0243812e-05 0.7341451 0.00020826964 0.05288766 2.1446936e-15 0.0067117936 0.015262611 0.42092368 0.0016866592 0.0004621973 0.06940975 0.0018816411 0.0003344376 0.001080953 0.0004141415 0.00014979242 0.9790611 0.0006163298 0.0005246442 0.00017747401 4.364478e-05 0.15361342 0.00013158385 7.2102785e-06 3.4784276e-05 1.1492942e-05 0.018800665 9.390609e-05 0.48407045 6.8265085e-06 3.281942e-06 0.035030257 0.0005346448 0.033855792 1.462401e-05 9.235988e-07 2.2916513e-05 0.0002770814 6.061293e-05 0.08592288 0.12633269 1.9687907e-06 0.008378305 2.5399695e-05 6.239761e-06 0.0384809 0.104360655 2.3938653e-06 2.505229e-05 1.3718641e-06 4.5882703e-06 1.2162193e-06 0.00031297433 0.016790634 2.384377e-05 2.8584523e-06 8.486471e-06 1.4785969e-05 0.015884882 0.01537738 2.1693988e-06 7.516357e-05 0.005718833 0.00924076 6.988801e-08 2.7459822e-05 1.5238435e-06 0.005596434 4.3632795e-07 4.8283243e-07 9.788753e-07 8.576098e-06 5.591897e-07 3.4211504e-07 4.81419e-07 3.519707e-06 2.4402758e-05 5.0039947e-05
0.9176338 0.12010922 0.14002073 0.008554011 0.00018369585 0.32096413 0.0015708122 0.00018223624 6.400322e-05 0.00032716608 0.049303163 1.1591029e-05 0.30759025 2.8309598e-06 0.0130545525 0.947763 4.6582656e-05 8.5015506e-07 0.03692939 0.8903507 1.3374516e-07 3.2744858e-06 0.00033966562 7.448878e-09 0.000113031725 3.9501824e-08 5.9700993e-05 0.0067117936 3.021824e-17 1.0315617e-05 7.386437e-05 6.4421346e-07 1.493584e-07 1.8335078e-05 2.4619777e-07 4.432069e-08 2.3910394e-07 5.9964755e-08 3.5385444e-08 0.0062239445 3.0483938e-07 1.3232042e-07 8.770686e-08 5.0360126e-07 0.00029471624 2.4153354e-07 9.1061125e-08 7.9632144e-08 9.0616886e-08 4.3281207e-06 3.674984e-06 0.0766748 1.2131895e-07 3.9721765e-08 0.00056634244 3.110048e-07 0.000111338566 1.1924038e-07 1.2142903e-07 3.717754e-06 6.5219465e-09 7.5374237e-07 0.71764904 0.13014314 4.299069e-08 1.2080806e-05 1.5922561e-09 7.582683e-08 0.94298226 0.1827522 4.1076245e-09 2.334052e-09 3.216978e-10 9.034072e-09 8.6813577e-07 3.094803e-08 0.00022075817 8.542923e-08 2.0557678e-08 2.8839624e-09 6.5221855e-08 0.018805167 0.15692022 1.5191878e-09 4.8684463e-08 0.00027469368 0.06037284 3.3814846e-08 9.661175e-09 5.66624e-11 0.04679441 9.5860125e-12 8.311175e-12 1.7806872e-08 2.6235483e-10 3.4000445e-09 1.2662748e-09 7.205586e-09 4.3755616e-10 1.4740723e-08 6.744269e-08
0.23209105 5.5017383e-05 0.00029324883 9.693426e-06 0.00035698403 0.0007417282 0.017806051 0.053122334 0.100328244 0.13366285 0.0019176201 0.0011080725 0.00024445652 0.013208915 0.005019804 3.1049683e-05 0.68164825 0.3018624 0.0025102848 0.00020253792 0.009207262 0.71231097 0.35834032 0.006394005 0.22316627 0.12983988 0.6389251 0.015262611 1.0315617e-05 6.0120916e-17 0.2930316 0.95605063 0.19936241 0.37477827 0.92930573 0.21778645 0.7036758 0.34381878 0.31049305 0.0036613587 0.19398853 0.10438176 0.024804903 0.03680598 0.030805824 0.01847344 0.014705399 0.028197244 0.034171868 0.008398199 0.028982658 0.0025191307 0.013554556 0.00039205156 0.004715442 0.006708984 0.00097112986 0.00034487512 0.0013111522 0.0025907059 0.00092237355 0.006631322 0.00082586234 0.00054372376 2.548841e-05 0.0054178634 0.00018879565 0.0006727128 0.0034604848 0.000471851 5.2042044e-05 3.371694e-05 1.7964285e-05 0.00012490823 1.0064017e-05 0.00024039616 0.0059179985 5.937632e-05 0.00012558464 3.156705e-05 8.573784e-06 0.0007456175 0.0026487254 3.4271034e-05 7.4925825e-05 0.0035516056 0.008487864 1.447913e-05 3.8512346e-05 2.4137971e-05 0.011167381 1.30186145e-05 2.8257284e-05 1.2164113e-05 2.4586623e-05 6.060842e-05 1.297456e-06 4.4562552e-05 8.801232e-05 6.13643e-06 3.41206e-05
