2.2556947e-29 0.7702894 0.6756923 0.82409316 0.5636513 0.8517454 0.8448457 0.8823525 0.92635834 0.45505792 0.5251771 0.8387458 0.61890566 0.133798 0.93156254 0.458233 0.10918109 0.46799454 0.29159617 0.26043174 0.7385391 0.7443135 0.9484095 0.60851926 0.02311451 0.021373708 0.8421427 0.19982916 0.0028064486 0.6092525 0.11723665 0.89329386 0.8472964 0.8008979 0.031852297 0.06910891 0.0003335406 0.10265046 0.109688476 0.33758315 0.89924455 0.0008451912 0.8679367 0.55505586 0.046871215 0.016917668 0.0025959392 0.8906343 0.87799495 0.47564295 0.9956746 0.012323569 0.01978549 6.7168994e-06 0.9069186 0.006357041 0.13763925 0.0046965927 1.070147e-05 0.9646715 0.0028253137 0.41406602 0.0017735948 0.23095377 0.022689538 0.29191422 1.4829789e-07 0.9989957 0.0022000198 8.450625e-05 0.07573538 0.0005641463 0.26096135 0.99970233 0.9996059 0.00039613745 0.025037823 0.8790319 0.71039975 0.0010053556 0.0025051215 0.8846649 0.94713557 0.036385182 4.029356e-05 0.9974344 2.7930193e-06 0.99571246 0.00095815223 1.3925891e-05 0.9757205 1.3450951e-06 3.9702167e-07 0.7619204 0.9943269 0.013949512 6.887619e-08 0.002158049 0.07357776 0.99394804 0.00010264269
0.7702894 6.9876115e-20 0.90718067 0.36093116 0.765639 0.95652044 0.04892927 0.5349609 0.3957543 0.17808595 0.27623487 0.21921442 0.2229869 0.34787658 0.032052662 0.02831636 0.17032358 0.0015173797 0.0020345734 0.0031952315 0.0011840644 0.009246561 0.013036309 0.0002771213 0.16486289 0.039194394 0.00035041952 0.0019593525 0.09173551 0.00060264475 0.0032792096 0.079957135 0.00013040392 0.0020151122 0.0047708717 0.0027578396 0.030899927 0.0015947609 0.00031733382 3.7617017e-05 0.3798557 0.008168224 0.00021786461 3.4060653e-05 0.00012067997 0.00016309759 0.0006802159 0.014944577 0.001685409 8.587339e-05 0.10755542 0.00015558473 0.0018904511 0.004083686 0.0007493304 5.2768355e-05 5.7459038e-06 0.004312617 0.0020938562 3.8197955e-05 8.6363536e-05 1.4458639e-05 2.6221544e-05 1.5170814e-05 2.1608887e-05 1.0173039e-05 0.0016429857 0.037060738 7.1619156e-06 0.0057818317 8.705247e-06 0.00011231555 2.859993e-06 0.08389236 0.10676785 2.6958123e-05 4.136548e-06 0.012685615 1.2824098e-06 8.715805e-06 3.0339994e-05 0.004979967 0.00411562 0.00018378504 8.626928e-05 0.005620621 3.8515777e-06 0.0066608195 1.3805459e-06 0.00044548282 0.0021389343 1.9619934e-05 0.00025007236 5.027521e-06 2.8187844e-05 4.9288324e-06 0.00011531551 1.1803487e-05 1.1772605e-05 2.3132046e-05 8.374577e-05
0.6756923 0.90718067 5.394963e-17 0.18044917 0.82447207 0.28622675 0.0140535515 0.71633065 0.2688742 0.6765113 0.58482695 0.1651084 0.9114654 0.79104584 0.007859933 0.0084151 0.7548367 0.0046881502 0.006415867 0.0015030528 0.002314937 0.0024121862 0.0066621564 0.0019040601 0.3993958 0.06217493 0.0010609501 0.003554404 0.116008304 0.00026583634 0.0021552043 0.047031477 0.00013555764 0.00076766155 0.003467396 0.024028305 0.06740155 0.004292816 0.0008314495 3.4639284e-05 0.18361717 0.014329748 0.00070487696 1.8196197e-05 4.2249198e-05 3.1183696e-05 0.000511883 0.0047119223 0.00030151196 9.848287e-05 0.023601051 0.0006102337 0.049871165 0.015193976 0.0010578576 0.00021429022 7.977946e-06 0.030486418 0.0045590643 7.279765e-06 0.0002994113 4.3181248e-05 0.00010669732 4.0276922e-05 0.00011715168 5.519959e-05 0.004965683 0.008277275 5.3540633e-05 0.02830927 4.923646e-06 6.228308e-05 2.2638491e-05 0.012930665 0.014895146 1.06636735e-05 1.2805277e-06 0.003512686 5.7315924e-06 5.0392508e-05 0.00017713818 0.0019882263 0.0007221743 6.426181e-05 0.00022618995 0.0003301824 3.3203403e-06 0.0018674806 8.4638276e-07 0.0011783361 0.0010265068 1.826102e-05 0.0039688786 4.4020935e-06 8.751925e-05 1.5733878e-05 0.00015869983 1.078166e-05 2.2035083e-05 0.00029502698 0.00010955714
0.82409316 0.36093116 0.18044917 1.1566414e-20 0.93906224 0.24332984 0.68746614 0.003018929 0.10417963 0.005986896 0.0014059341 0.011927481 0.04764805 0.34808964 0.5932918 0.53272295 0.050201263 1.0657153e-06 1.6741713e-05 0.1986361 2.263836e-05 0.17924397 0.19403055 5.1602315e-06 0.068137795 0.6537065 6.2600807e-06 4.335499e-06 0.41094056 0.016382504 0.26754645 0.03373351 0.008143836 0.046977796 0.3117071 0.00051955786 0.07008253 3.2318203e-05 6.0427574e-08 0.0071071507 0.22359154 0.28563273 2.7493036e-06 0.0006334534 0.007643275 0.0071746246 0.12750977 0.09304343 0.009794151 1.16096246e-07 0.08913694 3.3478747e-05 0.0034917209 0.008651906 4.7744987e-05 0.039859585 4.567064e-09 0.0011552669 0.031830676 0.0001378729 2.100439e-06 1.0731368e-06 1.0612891e-06 0.00025686395 0.00031589926 2.0720458e-06 0.009274663 0.11707254 1.5584178e-06 0.001808217 3.3872155e-05 0.0009173702 1.6618801e-06 0.17887105 0.087409526 2.5067966e-05 1.5958334e-05 0.0046451883 2.1333144e-06 9.0477566e-05 4.0354513e-05 0.002077733 0.0032558308 0.00021371347 5.1505438e-05 0.006085449 2.276598e-06 0.0016558932 2.7485876e-06 5.349419e-05 0.0035430817 1.063401e-05 0.00015308324 2.0459252e-05 2.9582316e-06 5.6416917e-05 0.0025349387 2.4953297e-06 2.1022945e-06 1.3155409e-06 8.784385e-05
0.5636513 0.765639 0.82447207 0.93906224 1.092057e-21 0.25759518 0.18798915 0.024754725 0.12371283 0.012387628 0.0041130637 0.02944399 0.1526896 0.91461295 0.10004586 0.12990177 0.3785924 2.5375075e-05 0.00011321793 0.018348766 7.599201e-05 0.022174705 0.03224388 3.171639e-05 0.35618645 0.50527775 2.0650754e-05 4.5721936e-05 0.41594926 0.0012373696 0.04689822 0.02597001 0.0006260753 0.0034562333 0.05517523 0.0013880591 0.15540434 0.00020308568 4.8098855e-07 0.00018296852 0.19527593 0.14818917 7.5107355e-06 4.93678e-05 0.00033244884 0.00034913977 0.015135614 0.020544542 0.0011922936 2.4836902e-07 0.035310328 5.2210118e-05 0.0066789864 0.022129674 3.9920556e-05 0.0012238673 2.2125533e-08 0.0024459963 0.009741126 8.291045e-06 2.435353e-06 2.4103708e-06 1.1706188e-06 3.309196e-05 1.0646938e-05 5.5728397e-06 0.0073864697 0.029333849 2.938004e-07 0.0039367895 1.9979702e-06 3.237734e-05 4.0839054e-06 0.039101627 0.015694601 7.277214e-07 3.3913915e-07 0.0026678948 2.757133e-06 2.308296e-06 4.419559e-06 0.0015625237 0.0011618973 0.000101941674 3.336957e-05 0.0005806798 6.534286e-07 0.0006011962 1.2365308e-06 7.366402e-05 0.0014719387 2.2136153e-06 0.00058834103 6.6194516e-06 9.092776e-06 8.371482e-06 0.0015595189 1.704277e-06 5.345296e-06 1.4366125e-05 3.156401e-05
0.8517454 0.95652044 0.28622675 0.24332984 0.25759518 8.837223e-18 0.056243002 0.44143412 0.94056183 0.10582925 0.14740954 0.56733173 0.1689136 0.087854534 0.036536224 0.025694437 0.09918647 0.004529195 0.005513641 0.0029107318 0.0061451793 0.012827126 0.024365745 0.0018181026 0.06724043 0.013027534 0.0016384113 0.006439749 0.021935334 0.0011904337 0.0030579735 0.3466558 0.00038343106 0.004101329 0.003391355 0.0068071038 0.0058252984 0.002797877 0.0010250751 0.00026907385 0.619284 0.0028428682 0.0007063041 0.00012866006 6.237545e-05 0.00022457638 0.00064079295 0.025225824 0.0026674944 0.0010074745 0.21979423 0.00023736738 0.0046512056 0.0013532308 0.0025374468 0.00015376903 3.6444573e-05 0.0032940102 0.0017299817 6.445951e-05 0.00016268964 0.0007387688 9.9929726e-05 5.0527735e-05 1.3469084e-05 0.0006183288 0.0010467364 0.050407484 2.2618011e-05 0.004246503 2.7400649e-05 4.9565468e-05 0.00013305672 0.12854265 0.23952134 1.2386144e-05 4.0257164e-06 0.034101762 2.6907343e-05 7.4976786e-05 1.8703413e-05 0.0166128 0.0060696 0.00027190152 5.4351734e-05 0.007269678 8.708984e-06 0.01703066 2.6516594e-07 0.00047762043 0.0057438253 2.3809753e-05 0.0005266103 5.3920203e-06 0.00027174028 4.5710713e-06 6.3694446e-05 1.6492304e-06 6.0747616e-06 0.00016303477 0.00010647786
0.8448457 0.04892927 0.0140535515 0.68746614 0.18798915 0.056243002 8.157583e-18 0.0001776508 0.017646048 0.0009979716 0.0002613844 0.0010616592 0.004291954 0.057606354 0.93324494 0.94932777 0.0035317368 9.4848343e-07 1.10419605e-05 0.47770536 1.3349069e-05 0.43914437 0.39658144 6.8168806e-06 0.0033230004 0.13950984 7.98038e-06 3.6605518e-06 0.049390715 0.052039403 0.39930344 0.008101042 0.05743693 0.09450309 0.35210985 2.6836075e-05 0.003628505 2.3372912e-05 4.616816e-07 0.047686346 0.123526625 0.09026267 2.0806735e-06 0.005657257 0.1354252 0.10859243 0.16283955 0.12339549 0.036817968 4.5751247e-07 0.06530986 2.4703577e-05 0.0004601447 0.0010374392 9.204742e-06 0.07638669 1.8350892e-07 1.9079253e-05 0.040083073 0.0018704181 6.8205477e-06 2.7596006e-06 5.0038343e-06 0.0020444733 0.013288337 2.5499826e-06 0.00498235 0.20106998 9.696478e-06 3.5839334e-05 0.0025725914 0.010549697 1.9290158e-06 0.20381454 0.033701047 0.0011603837 0.00032825465 0.005203552 9.02572e-07 1.8706828e-06 0.00023552914 0.0032292833 0.013393415 0.0019782144 0.00032190903 0.01996776 1.176458e-05 0.0011497334 5.480697e-07 7.824202e-05 0.025079757 3.4480356e-05 6.0687602e-05 0.00020562936 7.4068936e-07 0.0003700409 0.0033770201 9.11176e-06 4.971544e-05 1.769847e-06 1.2501042e-05
0.8823525 0.5349609 0.71633065 0.003018929 0.024754725 0.44143412 0.0001776508 1.8870827e-16 0.5610485 0.68964005 0.9119308 0.76298517 0.58995646 0.035795372 0.0001866463 0.00016598307 0.14652638 0.5746419 0.5982778 2.4913053e-05 0.5464499 7.48549e-05 0.0005117744 0.41297957 0.055901323 0.0027618927 0.28297052 0.4085415 0.00567671 6.2562967e-06 2.701464e-05 0.41582745 2.6610264e-06 1.740602e-05 4.0476578e-05 0.33208367 0.0039433762 0.22618051 0.1880199 7.498156e-07 0.31263998 0.00010494581 0.08967387 1.3313287e-06 3.0912163e-06 2.1684496e-06 4.21738e-05 0.0004794491 2.3214832e-05 0.030079195 0.09479778 0.036332842 0.19459972 0.0010067272 0.067252636 0.00014799011 0.0047360836 0.14290106 4.4440705e-05 9.75231e-07 0.007242235 0.008362271 0.003845432 1.5413843e-06 3.204784e-05 0.0049690017 0.00025654054 0.0041101193 0.001299283 0.009852173 4.9988097e-07 9.6275635e-06 0.0005508186 0.008054191 0.08219825 9.791236e-07 4.888655e-07 0.10077851 0.00041268748 0.0057207234 0.00017745116 0.040019486 0.00019787898 2.7559026e-06 3.9185365e-05 0.00021223546 3.3731416e-05 0.07198631 0.00013218631 0.0022556232 0.0002063771 0.0002091889 0.0004258414 3.1303955e-07 0.001973672 5.8966634e-07 1.4140971e-05 2.6125506e-06 1.4520413e-06 0.0034425163 0.0009892666
0.92635834 0.3957543 0.2688742 0.10417963 0.12371283 0.94056183 0.017646048 0.5610485 8.040119e-19 0.22052193 0.30859503 0.93527114 0.33446646 0.04758118 0.012294081 0.0075284853 0.12046162 0.028942918 0.021873431 0.00058894756 0.03590628 0.0047267005 0.011548554 0.013324059 0.047599725 0.004026162 0.015278665 0.01055719 0.007780895 0.0003216359 0.00056301174 0.6251885 0.00017736334 0.0011713554 0.0008573853 0.028616665 0.0016860344 0.005050531 0.0028118251 2.1709708e-05 0.7444437 0.0009201604 0.0053021614 1.9183653e-05 1.7810076e-05 0.00011270225 4.7205933e-05 0.018258383 0.0012842787 0.001774406 0.2956606 0.0006767796 0.013005356 0.00032330517 0.007060769 8.5801024e-05 0.00019331227 0.0035702083 0.00016212092 1.667288e-05 0.00024398047 0.0072929966 0.0001064742 6.8309373e-06 1.44181295e-05 0.0030149024 0.00047538715 0.043632366 3.276796e-05 0.0022954443 6.368627e-06 2.5325222e-05 0.00081151497 0.13448057 0.30968076 4.1896774e-06 2.1082174e-06 0.0915642 0.00023286465 0.000371813 1.01886035e-05 0.037480816 0.004619389 2.8551789e-05 2.3792662e-05 0.0038711007 5.5528662e-06 0.04944078 1.3961109e-06 0.0009199262 0.0040888553 4.3632877e-05 0.0005429402 6.9671165e-07 0.0010988031 1.0583085e-06 8.5052e-05 4.41286e-07 1.0276444e-06 0.0020225814 0.00032117276
0.45505792 0.17808595 0.6765113 0.005986896 0.012387628 0.10582925 0.0009979716 0.68964005 0.22052193 4.0684615e-19 0.9614906 0.2809283 0.86853254 0.021498576 0.0008187749 0.0006757123 0.08921268 0.14871167 0.27765247 0.00010776463 0.17986223 0.00036126596 0.0007151497 0.12474488 0.022617204 0.0008150522 0.0686152 0.05277003 0.0009268954 4.5176934e-05 1.9452069e-05 0.12799461 1.2843381e-05 4.8772923e-05 2.1195823e-05 0.338379 0.00092394155 0.07501865 0.01742385 7.2504713e-06 0.068572946 0.0001379751 0.02793582 8.581186e-06 2.4249146e-06 1.2894269e-06 6.866092e-05 0.00021061357 2.242084e-05 0.0063105454 0.016275622 0.008644631 0.3028819 0.00037729598 0.034354877 2.7303834e-06 0.0007375323 0.10604111 5.030147e-05 3.4695238e-06 0.0024430065 0.0008856116 0.0016735798 1.1772268e-05 8.68416e-06 0.0014541721 3.391204e-05 0.0020308367 0.00090284366 0.009270998 4.3125198e-07 2.6577243e-06 0.0007150259 0.0035864725 0.02369962 7.2232e-07 1.328579e-06 0.015290291 0.0002533647 0.004429638 6.428654e-06 0.00512725 0.00033222823 1.7108512e-06 1.648912e-05 0.00032484863 4.4230354e-05 0.008952388 5.096654e-05 0.005983194 8.3084786e-05 5.0908733e-05 0.00075481826 3.5083045e-07 0.0010204007 2.2814772e-08 6.688333e-06 1.9732126e-07 4.0582944e-07 0.00060654595 0.0024512154
0.5251771 0.27623487 0.58482695 0.0014059341 0.0041130637 0.14740954 0.0002613844 0.9119308 0.30859503 0.9614906 1.1195954e-17 0.37262502 0.6560211 0.010735577 0.00015633347 0.00017329621 0.048602097 0.39761025 0.6717689 2.6443891e-05 0.4028406 0.00018603375 0.00074606243 0.4011424 0.012218002 0.0003080008 0.21710722 0.17650314 0.0006562345 3.0390149e-05 4.212502e-06 0.19583881 6.9602006e-06 3.3432898e-05 4.3782043e-06 0.38546383 0.00085658976 0.1573065 0.085536815 1.047278e-05 0.097202174 0.00010979792 0.074734464 1.4722173e-05 3.5718836e-06 2.6461007e-06 6.421421e-05 0.00017965646 3.6980666e-05 0.023026977 0.022608735 0.025363263 0.27488515 0.0003463998 0.0763342 1.0298377e-05 0.008985861 0.06852669 5.8838057e-05 2.8545433e-06 0.008521024 0.0076068 0.005081885 2.0675896e-05 2.462909e-06 0.0034764681 7.121565e-05 0.0015438928 0.0029222928 0.004560871 6.2500976e-07 2.4209137e-05 0.0022017471 0.0034111396 0.018766735 3.3527008e-06 8.7298764e-07 0.035327725 0.0008036555 0.018001828 1.0492354e-05 0.011874942 0.000103752434 8.367125e-06 2.4629808e-05 7.181542e-05 0.00029704132 0.017078208 0.00041874207 0.0038123496 5.4418488e-05 0.00031447056 0.0002983931 4.415344e-07 0.004421967 1.9066408e-07 7.986522e-05 7.720004e-07 2.2071688e-06 0.0053458316 0.004005695
0.8387458 0.21921442 0.1651084 0.011927481 0.02944399 0.56733173 0.0010616592 0.76298517 0.93527114 0.2809283 0.37262502 2.1891702e-17 0.3495903 0.014975437 0.0007818205 0.00078949623 0.071633086 0.20215234 0.10567323 0.00024977323 0.29456532 0.0002781823 0.0015663296 0.173426 0.013668215 0.00091029407 0.19502723 0.06443239 0.002159762 3.0154228e-05 2.7129607e-05 0.86384475 1.2443413e-05 8.53039e-05 6.653125e-05 0.10710756 0.00080434134 0.0287968 0.0146091925 2.4840185e-06 0.535383 0.00012124234 0.11671188 2.5124198e-06 4.136666e-06 5.190556e-06 1.0310021e-05 0.0030128357 0.00019907771 0.006128281 0.19327721 0.0042261127 0.048925184 0.0002949125 0.17231995 3.0632888e-05 0.0007908203 0.01151136 8.416387e-05 3.5344808e-06 0.001023052 0.025436852 0.00039827393 1.3548021e-06 2.1319458e-06 0.013542172 0.00022423653 0.014502792 8.122316e-05 0.0018336463 7.024747e-07 2.1181902e-05 0.005145762 0.052806772 0.2517434 2.9675618e-06 1.9559666e-07 0.23006678 0.0026234114 0.002022589 7.680588e-06 0.095889434 0.001673599 1.949592e-05 1.7548024e-05 0.00074397353 3.4065004e-05 0.1184192 1.902567e-05 0.0015446364 0.0010449854 0.00013861357 0.00034444846 1.0255301e-07 0.0144406585 7.410663e-08 4.465197e-05 8.4812893e-07 8.424376e-07 0.013667303 0.0006922593
0.61890566 0.2229869 0.9114654 0.04764805 0.1526896 0.1689136 0.004291954 0.58995646 0.33446646 0.86853254 0.6560211 0.3495903 1.98136e-17 0.48357534 0.0022202032 0.004681069 0.8915473 0.07736799 0.10004287 0.001206905 0.12269301 0.0016006439 0.0025693243 0.046491113 0.39033544 0.010237567 0.028105855 0.027771216 0.012712451 0.00025783855 0.00047808414 0.10512322 9.524627e-05 0.00032019074 0.00026302956 0.5543345 0.011525042 0.10506581 0.0073915506 9.286314e-05 0.07373594 0.0027142782 0.0040247566 0.00012054733 9.7789325e-06 4.874291e-06 0.00089182163 0.0006471776 0.0001241689 0.0022166036 0.017080944 0.013119997 0.7324553 0.0039633983 0.017608812 0.00017588193 0.00025677262 0.656376 0.0011088843 2.5530762e-05 0.002113516 0.000467826 0.0012974337 0.00012944169 0.00018948108 0.00059566944 0.00042090204 0.0043012435 0.00042284228 0.05947891 2.8419072e-06 0.00013802314 0.00015245372 0.005687654 0.048571054 0.0001457523 3.9374177e-06 0.007845029 6.40227e-05 0.0036253727 0.00038936525 0.003412371 0.00058079633 3.90701e-05 0.0011650469 0.0033809484 0.00014238898 0.0058069504 4.206611e-05 0.015447992 0.0012705167 0.00015681128 0.0064438717 5.7711936e-06 0.00091765856 5.431253e-06 0.00014181154 6.715759e-06 5.7888165e-06 0.0003391683 0.0056120725
0.133798 0.34787658 0.79104584 0.34808964 0.91461295 0.087854534 0.057606354 0.035795372 0.04758118 0.021498576 0.010735577 0.014975437 0.48357534 7.122985e-20 0.016853753 0.04731902 0.95772594 0.00045624588 0.00043888082 0.0055333446 0.00051684986 0.0030401775 0.0026530232 0.0004207598 0.90222955 0.25124303 7.2381015e-05 0.0002063958 0.29415748 0.0002979927 0.011761188 0.004519517 0.00018108106 0.00059577683 0.013438291 0.0018195284 0.29761803 0.00043015942 2.1525484e-05 0.00018147714 0.021366285 0.050594665 2.7537631e-05 3.4774162e-05 3.763873e-05 5.331222e-05 0.0045944974 0.0031395368 0.0001201139 6.8947693e-06 0.001823384 0.00011709684 0.023594216 0.05131242 8.282151e-05 0.00019963286 9.12245e-07 0.027758365 0.011625447 8.629878e-06 2.2935881e-05 2.9426421e-05 1.1259454e-05 3.428114e-05 1.126461e-05 3.6730344e-05 0.0054725814 0.0030573744 4.3033315e-06 0.04920282 8.648667e-07 2.8532546e-05 1.9867324e-05 0.0023883132 0.0008086107 8.4411895e-06 7.6206754e-07 0.0013850112 4.427676e-06 2.614561e-05 1.4015224e-05 0.0008589833 0.00035411003 7.638269e-05 6.3612555e-05 0.00024196273 5.22207e-06 0.00060943316 1.3541988e-06 0.0014117154 0.0004307308 1.557949e-05 0.004336132 3.0570588e-06 5.290125e-06 4.9093173e-06 0.0016022872 5.7593284e-06 7.83486e-06 0.0001408335 0.0005160749
0.93156254 0.032052662 0.007859933 0.5932918 0.10004586 0.036536224 0.93324494 0.0001866463 0.012294081 0.0008187749 0.00015633347 0.0007818205 0.0022202032 0.016853753 1.8183872e-15 0.54316837 0.0010995374 9.696214e-07 1.5683168e-05 0.37662917 7.5711514e-06 0.74874926 0.79672986 2.5014197e-06 0.0016280016 0.035197522 2.1151147e-06 9.068433e-06 0.012475057 0.21520327 0.26662013 0.01093621 0.31477582 0.258312 0.15809846 4.0195e-05 0.0010775725 3.2571428e-05 6.81414e-07 0.1413995 0.09188127 0.024156276 1.2527589e-06 0.03516798 0.13233061 0.10162898 0.099439174 0.17429751 0.09822013 2.87788e-07 0.05090546 2.1744185e-05 0.0001341663 0.000512335 5.0115017e-05 0.058139585 4.1666914e-07 0.000115219314 0.015346871 0.016803503 9.800911e-06 3.947867e-06 4.3596215e-06 0.005295496 0.017971037 1.2714474e-06 0.0017908035 0.17376404 5.3467384e-06 0.00020346757 0.012122817 0.010134589 2.0050672e-06 0.1879871 0.061447464 0.0011144582 0.0009821682 0.0031079683 1.9884345e-07 9.926954e-06 0.0009248236 0.0023123117 0.028293487 0.0014667825 0.0005487719 0.035790097 1.764026e-05 0.0019418059 3.4775007e-06 0.00040082785 0.022896847 2.861271e-05 9.775403e-05 0.0024002092 9.11176e-06 0.00013252812 0.0012278756 0.00018606179 0.00020406068 1.3669367e-06 6.306775e-05
0.458233 0.02831636 0.0084151 0.53272295 0.12990177 0.025694437 0.94932777 0.00016598307 0.0075284853 0.0006757123 0.00017329621 0.00078949623 0.004681069 0.04731902 0.54316837 4.2667556e-18 0.0034533115 4.1808803e-06 5.4164184e-06 0.9716541 1.0053955e-05 0.22768292 0.20414387 6.443121e-06 0.0055754054 0.115761325 6.8114477e-06 4.489611e-06 0.048959885 0.04805647 0.6175054 0.0018515214 0.12262613 0.04861402 0.49202612 2.5633108e-05 0.0040553664 1.8624152e-05 6.619127e-07 0.110263966 0.021678347 0.08850243 4.1671274e-06 0.011688274 0.34564117 0.28248915 0.23078 0.0640687 0.029966457 5.218279e-07 0.0082022 2.0271367e-05 0.0004292114 0.0006989254 2.188189e-06 0.2671267 1.03104924e-07 0.00024163966 0.07147812 0.0046663205 6.977839e-06 2.322286e-06 3.5197509e-06 0.0032550362 0.05459993 3.6422457e-06 0.0055713817 0.055740386 3.5677194e-06 0.00014842191 0.004110206 0.026665999 3.05969e-06 0.039029874 0.008351822 0.0029007087 0.0011262699 0.002653462 5.3520903e-06 5.076418e-06 0.0010950105 0.0023904368 0.01881937 0.0065822583 0.00065059075 0.022501497 6.974639e-06 0.00040928775 3.4807192e-06 0.00013974831 0.014702502 2.3558992e-05 8.468512e-05 0.0012531062 1.3770141e-06 0.0014754852 0.008204215 5.256599e-05 0.00035354568 8.6412265e-06 7.159201e-05
0.10918109 0.17032358 0.7548367 0.050201263 0.3785924 0.09918647 0.0035317368 0.14652638 0.12046162 0.08921268 0.048602097 0.071633086 0.8915473 0.95772594 0.0010995374 0.0034533115 1.6615793e-19 0.0012923724 0.0028659087 0.001175353 0.0026083607 0.00027808655 0.0003608579 0.0011519311 0.90900403 0.04189489 0.00064577715 0.0009830365 0.065350115 3.5738034e-05 0.001217363 0.017650306 2.0516522e-05 3.139832e-05 0.0011488522 0.012334945 0.0967485 0.0013576548 8.893292e-05 1.9885143e-05 0.02566166 0.008134661 0.00031534783 1.17803775e-05 3.103043e-06 9.187723e-07 0.0005745434 0.000105239975 2.674555e-05 3.9585233e-05 0.0029146026 0.0002501124 0.12145186 0.021758066 0.0009924341 1.648706e-05 3.05617e-06 0.3484329 0.0022573827 2.8324046e-06 4.3769287e-05 7.23343e-05 2.4883706e-05 3.112671e-05 1.6111644e-06 6.158353e-05 0.0020771436 0.00059936714 1.1282015e-05 0.12752602 1.0199725e-07 8.304379e-06 6.6224224e-05 0.0009259373 0.003274686 1.943059e-06 1.0022516e-07 0.0014757238 2.3873597e-05 0.00045420238 2.6960963e-06 0.0011965762 0.00018574673 3.884588e-05 1.940286e-05 0.000153354 7.5502776e-06 0.00082844583 1.2826692e-06 0.010362814 0.0004719516 1.5401272e-05 0.01201673 5.9358086e-07 9.661562e-05 8.578637e-07 0.00016446692 1.193261e-06 6.6236134e-06 8.826769e-05 0.0027814924
0.46799454 0.0015173797 0.0046881502 1.0657153e-06 2.5375075e-05 0.004529195 9.4848343e-07 0.5746419 0.028942918 0.14871167 0.39761025 0.20215234 0.07736799 0.00045624588 9.696214e-07 4.1808803e-06 0.0012923724 7.128451e-19 0.9655282 2.6728121e-06 0.8302279 9.12238e-07 2.009013e-05 0.59651 0.000364722 7.1869704e-06 0.4714605 0.59516054 2.351188e-05 1.2860367e-07 3.9762793e-07 0.05784212 6.957333e-08 9.123738e-07 3.140023e-07 0.34082612 8.330841e-06 0.38049102 0.47988138 1.1212361e-07 0.006914211 2.1122041e-06 0.20824075 1.2401357e-07 2.4985218e-07 3.78808e-08 1.1988136e-06 8.905568e-06 1.5074438e-06 0.27106607 0.0018385351 0.12314447 0.17644578 2.4252164e-05 0.11855058 6.8569165e-07 0.059544504 0.008562524 5.0286244e-06 1.3877134e-08 0.051173415 0.066787004 0.025746716 1.69977e-07 1.203007e-07 0.03722511 5.8489427e-06 6.185063e-05 0.020284424 0.00011707641 2.524238e-08 2.5530826e-06 0.0073042414 6.629196e-05 0.002543578 1.7749592e-07 1.717095e-08 0.02214215 0.001025429 0.07332986 5.5228975e-07 0.011697183 3.3485785e-06 1.6945819e-06 2.308199e-06 9.203578e-07 0.0007702462 0.029821726 0.0011319538 0.00045646614 1.9472122e-06 0.00065453193 4.6840672e-05 9.850503e-09 0.005056787 6.3756547e-09 3.8937806e-06 1.1882321e-07 1.5031294e-07 0.0034314715 0.0056924103
0.29159617 0.0020345734 0.006415867 1.6741713e-05 0.00011321793 0.005513641 1.10419605e-05 0.5982778 0.021873431 0.27765247 0.6717689 0.10567323 0.10004287 0.00043888082 1.5683168e-05 5.4164184e-06 0.0028659087 0.9655282 5.6422543e-19 2.8991224e-06 0.6952911 2.3455566e-06 2.7397202e-05 0.45510486 0.00034545397 4.84277e-06 0.27576536 0.89111155 7.856214e-06 2.613773e-07 2.035519e-07 0.04766749 1.0043944e-06 1.2966383e-06 2.228339e-07 0.50420946 1.979541e-06 0.56397593 0.6608702 2.0883975e-07 0.008249819 1.3787064e-06 0.09263253 1.4574624e-07 3.7756948e-08 1.9278367e-08 5.397198e-07 6.7160736e-06 6.824481e-07 0.37111104 0.002398046 0.1715785 0.2994207 7.716329e-06 0.049856853 2.713315e-07 0.07278774 0.032084573 7.6852444e-07 5.8660415e-08 0.048841134 0.04050416 0.021967094 4.5434103e-07 4.9106088e-08 0.021367356 1.8138768e-06 8.6403736e-05 0.014648201 0.00022375182 2.3693717e-08 1.2035412e-06 0.0031792026 6.40536e-05 0.0022900586 2.297713e-07 1.373507e-08 0.012474623 0.0006396948 0.094538584 3.307265e-07 0.0036304116 1.4993947e-06 1.3920386e-06 7.7342116e-07 1.7548468e-06 0.0006099611 0.0058411667 0.0010741065 0.0021054358 5.4396246e-08 0.0007367776 2.2148875e-05 6.270001e-09 0.0010771347 7.829589e-09 5.621953e-07 8.090993e-08 1.2558074e-07 0.0006968911 0.013168157
0.26043174 0.0031952315 0.0015030528 0.1986361 0.018348766 0.0029107318 0.47770536 2.4913053e-05 0.00058894756 0.00010776463 2.6443891e-05 0.00024977323 0.001206905 0.0055333446 0.37662917 0.9716541 0.001175353 2.6728121e-06 2.8991224e-06 4.750402e-19 2.8067923e-06 0.2816929 0.22803776 1.3560327e-06 0.0021662484 0.03661867 4.341867e-06 2.2572253e-06 0.012311786 0.109288 0.74531716 0.00012669171 0.20110619 0.08476609 0.46425846 9.388304e-06 0.0012027485 3.5244907e-06 4.747103e-07 0.25628233 0.0068648085 0.020930223 6.492847e-07 0.041278284 0.71975756 0.6391457 0.17020334 0.072606854 0.06266162 7.299247e-07 0.0023782135 5.009798e-06 0.00045518868 0.00027488527 5.2160917e-08 0.55728155 9.320921e-08 0.00011510619 0.03359194 0.012848172 7.833907e-07 1.0943443e-06 3.2586806e-07 0.01798961 0.29554215 1.4458603e-06 0.002612937 0.05238912 9.3565586e-07 6.0141636e-05 0.04822978 0.1859638 2.331484e-06 0.021590201 0.0017880015 0.026823834 0.009739067 0.0004796535 4.0418813e-06 8.383255e-07 0.00566562 0.00053087337 0.031169904 0.005784176 0.0034049558 0.028074132 3.17523e-06 5.677785e-05 2.7248907e-07 6.621172e-05 0.019668391 1.1307361e-05 1.2910124e-05 0.0025165218 3.9436992e-07 0.003323607 0.008459981 0.0005854755 0.000537321 4.8536076e-06 1.197386e-05
0.7385391 0.0011840644 0.002314937 2.263836e-05 7.599201e-05 0.0061451793 1.3349069e-05 0.5464499 0.03590628 0.17986223 0.4028406 0.29456532 0.12269301 0.00051684986 7.5711514e-06 1.0053955e-05 0.0026083607 0.8302279 0.6952911 2.8067923e-06 2.8610572e-19 1.9495294e-06 3.7074104e-05 0.93344325 0.00029106112 5.32471e-06 0.7800893 0.6334872 8.562173e-06 2.1319102e-07 5.045464e-07 0.16647696 3.300698e-07 1.8480778e-06 5.306129e-07 0.43755212 3.939108e-06 0.46539634 0.56687367 2.5483692e-07 0.015055226 1.3869699e-06 0.43832493 7.839367e-08 4.4002128e-08 1.9036694e-08 6.850649e-07 1.942054e-05 1.2225036e-06 0.5290918 0.0050106538 0.20094204 0.20936115 8.156886e-06 0.27630168 1.1266516e-06 0.13647284 0.013660715 2.2029212e-06 4.2568274e-08 0.074579716 0.09955905 0.035287928 9.347341e-08 1.6283671e-07 0.046605457 5.358469e-06 0.00020852004 0.026135826 0.00022681247 5.6934844e-08 5.5733926e-06 0.007971114 0.00032398052 0.006754907 3.9825147e-07 5.1428497e-08 0.094486706 0.001005616 0.11095453 1.2395403e-06 0.05258912 7.649411e-06 1.993372e-06 2.235671e-06 4.415733e-06 0.00048718002 0.09402508 0.0030116623 0.00036968078 1.4573213e-06 0.0006051858 0.00013556812 9.702054e-10 0.0030405328 1.2887311e-08 2.0892792e-06 1.8496637e-07 7.154945e-08 0.001881409 0.0056541953
0.7443135 0.009246561 0.0024121862 0.17924397 0.022174705 0.012827126 0.43914437 7.48549e-05 0.0047267005 0.00036126596 0.00018603375 0.0002781823 0.0016006439 0.0030401775 0.74874926 0.22768292 0.00027808655 9.12238e-07 2.3455566e-06 0.2816929 1.9495294e-06 1.618293e-17 0.90608424 6.2401216e-07 0.0006358602 0.0069529624 8.205481e-07 1.06462685e-05 0.0017415584 0.9097807 0.20653518 0.0022595741 0.5393018 0.7175251 0.067998275 1.5256433e-05 7.549223e-05 1.2092276e-05 2.4184817e-07 0.13109162 0.027211118 0.0019794607 1.7710177e-07 0.21373056 0.27822566 0.19078043 0.010279166 0.30118573 0.25218663 2.902906e-07 0.016752128 1.2843247e-05 0.00011834964 2.9906128e-05 2.692861e-06 0.056018718 1.2560092e-08 3.702965e-05 0.0009963203 0.06253823 2.5313645e-06 1.8868863e-07 7.2278857e-07 0.04316284 0.0987177 1.3634754e-07 0.00023429678 0.17030998 5.7475893e-07 9.829887e-05 0.1556585 0.01952074 1.1192894e-07 0.13701633 0.029309519 0.0042584185 0.03816633 0.0025580996 3.9859036e-09 1.0607149e-05 0.006676506 0.002956988 0.055941537 0.0068658465 0.00082020083 0.08878218 3.8369186e-07 0.0016475188 2.1684276e-07 0.00012475478 0.030000784 1.6541261e-06 3.824133e-05 0.0042150845 5.157543e-07 0.0007111808 0.00010603999 0.001000779 0.00069255783 2.734657e-08 1.6823546e-05
0.9484095 0.013036309 0.0066621564 0.19403055 0.03224388 0.024365745 0.39658144 0.0005117744 0.011548554 0.0007151497 0.00074606243 0.0015663296 0.0025693243 0.0026530232 0.79672986 0.20414387 0.0003608579 2.009013e-05 2.7397202e-05 0.22803776 3.7074104e-05 0.90608424 2.1900734e-16 2.2373677e-05 0.0007835242 0.008143234 4.2978256e-05 6.1907165e-05 0.00264929 0.539231 0.20739776 0.00883963 0.30280104 0.8559557 0.06796443 2.4443332e-05 0.00018348542 5.4605636e-05 3.857099e-06 0.06510368 0.07557589 0.0030219292 1.17142345e-05 0.045530844 0.13580257 0.092525765 0.010937643 0.57006246 0.27640706 4.589299e-06 0.03907339 8.831628e-05 0.00017183795 7.07815e-05 0.00011457863 0.03303477 1.42289e-07 3.75927e-05 0.0010155601 0.018783957 1.1291574e-05 9.241482e-06 1.0766412e-05 0.01165217 0.031642336 1.1353598e-05 0.00035241476 0.4001936 2.3590073e-06 7.180474e-05 0.056774877 0.006033642 5.6789463e-06 0.49230018 0.07558699 0.0017225496 0.005941674 0.010049781 7.9222e-07 3.824837e-05 0.0010061936 0.006277532 0.03730734 0.0005336709 0.00029765043 0.0594994 2.7249778e-06 0.0038879164 1.5792763e-07 0.00025023482 0.022597479 6.4571095e-06 7.13755e-05 0.0022028498 0.0001403615 0.00032725596 0.00017985773 0.00034784843 0.0005657785 7.5652842e-06 0.000117257194
0.60851926 0.0002771213 0.0019040601 5.1602315e-06 3.171639e-05 0.0018181026 6.8168806e-06 0.41297957 0.013324059 0.12474488 0.4011424 0.173426 0.046491113 0.0004207598 2.5014197e-06 6.443121e-06 0.0011519311 0.59651 0.45510486 1.3560327e-06 0.93344325 6.2401216e-07 2.2373677e-05 1.9541646e-17 0.00015407831 8.019381e-06 0.89914995 0.61502504 1.1498686e-05 1.1399034e-07 9.35176e-07 0.09575567 1.905623e-07 3.5446124e-07 2.8989442e-07 0.3212177 3.14428e-06 0.41123977 0.6028707 1.4080602e-07 0.0075896597 8.734056e-07 0.6125821 4.913326e-08 7.393396e-08 7.473812e-09 1.9779181e-06 5.1387615e-06 4.0606483e-07 0.57774657 0.0033036827 0.16698757 0.07683957 1.5908205e-05 0.37506238 7.2308364e-07 0.21761654 0.0011546011 5.4851544e-06 2.8998828e-08 0.08527058 0.3391827 0.057159472 3.9264158e-08 8.841128e-08 0.29777846 5.516799e-06 8.97026e-05 0.041213423 5.673336e-05 7.465367e-08 2.378185e-06 0.07316646 0.0001617427 0.0037817913 2.3233501e-07 4.7302755e-08 0.06470803 0.01057078 0.07764278 2.0085427e-06 0.047253076 7.4089467e-06 1.3811516e-06 2.837076e-06 4.3863283e-06 0.0007241336 0.11252701 0.0038408032 7.6035365e-05 2.3019503e-07 0.000604882 0.00012209424 2.1818994e-10 0.015924266 3.8267625e-09 3.2948187e-06 1.4906156e-07 2.326817e-08 0.009398651 0.002484695
0.02311451 0.16486289 0.3993958 0.068137795 0.35618645 0.06724043 0.0033230004 0.055901323 0.047599725 0.022617204 0.012218002 0.013668215 0.39033544 0.90222955 0.0016280016 0.0055754054 0.90900403 0.000364722 0.00034545397 0.0021662484 0.00029106112 0.0006358602 0.0007835242 0.00015407831 4.0916717e-17 0.49254644 6.7196255e-05 0.00020801816 0.5864575 7.3566865e-05 0.0008245005 0.00070238335 2.5588632e-05 4.1162126e-05 0.002598695 0.0017488833 0.87130713 0.00025359384 1.0539116e-05 6.11945e-05 0.0019581635 0.19817616 4.1407653e-05 1.39743315e-05 1.2966118e-05 6.6242387e-06 0.010546257 3.125742e-05 7.9577785e-06 2.686177e-06 0.0001830345 9.7301636e-05 0.019428106 0.76412266 2.0639216e-05 2.8312747e-05 4.9679846e-07 0.58770174 0.017582862 1.2294138e-05 1.46331895e-05 2.3711013e-06 7.1554914e-06 2.7540022e-05 5.561338e-05 5.2826986e-06 0.016832775 0.00026929332 5.81597e-06 0.49784386 1.6802165e-06 1.3350215e-05 4.4428266e-06 9.3649855e-05 0.0002114897 5.7866196e-06 2.2329841e-06 8.253167e-05 6.478902e-06 8.383815e-05 6.6827386e-05 8.217197e-05 0.00015125144 2.8602073e-05 8.0345046e-05 0.0012604407 9.437082e-06 0.00021262099 3.9563097e-06 0.00753877 8.773962e-05 1.8847624e-05 0.07890449 1.4878165e-07 4.600153e-06 2.4871522e-06 0.004360911 8.670208e-06 3.3381111e-06 1.1812992e-05 0.0007185974
0.021373708 0.039194394 0.06217493 0.6537065 0.50527775 0.013027534 0.13950984 0.0027618927 0.004026162 0.0008150522 0.0003080008 0.00091029407 0.010237567 0.25124303 0.035197522 0.115761325 0.04189489 7.1869704e-06 4.84277e-06 0.03661867 5.32471e-06 0.0069529624 0.008143234 8.019381e-06 0.49254644 5.4367906e-20 1.1674047e-06 2.6287132e-06 0.9405456 0.0004506192 0.09441521 0.0004127158 0.000613168 0.0010017839 0.46235195 1.1992568e-05 0.4786825 1.0536845e-05 5.385799e-07 0.0011106756 0.0055910945 0.8456931 1.5525359e-06 1.252148e-05 3.434649e-05 0.00024414345 0.49086362 0.003157425 0.00013574833 3.0194226e-07 0.0005437496 2.4364356e-06 0.0003904002 0.12778278 7.211429e-07 0.003649661 1.5287787e-07 8.99561e-05 0.100784115 3.277888e-06 4.0634646e-07 5.7383113e-07 5.5518205e-07 5.766894e-05 4.6187956e-06 2.6395126e-06 0.06529943 0.0020146663 1.218223e-06 0.0010250444 6.3215947e-07 5.1571056e-05 2.3610555e-06 0.0024835023 0.0014097047 2.6113325e-06 6.118995e-07 0.00013275228 4.241146e-06 1.333839e-07 5.415303e-06 0.0005820637 0.00038288627 4.1605494e-05 2.8409848e-05 8.685059e-05 9.419247e-07 0.000106990985 9.3981606e-07 0.00031895915 0.00020810208 1.2282941e-06 0.0011941998 4.8577285e-06 3.7616674e-06 8.534284e-06 0.017020242 1.3511196e-06 6.1438896e-06 1.8739405e-05 1.2851688e-05
0.8421427 0.00035041952 0.0010609501 6.2600807e-06 2.0650754e-05 0.0016384113 7.98038e-06 0.28297052 0.015278665 0.0686152 0.21710722 0.19502723 0.028105855 7.2381015e-05 2.1151147e-06 6.8114477e-06 0.00064577715 0.4714605 0.27576536 4.341867e-06 0.7800893 8.205481e-07 4.2978256e-05 0.89914995 6.7196255e-05 1.1674047e-06 6.7717546e-18 0.4205748 9.063747e-06 1.3267208e-07 6.63306e-07 0.21076073 8.883454e-08 3.1826227e-07 2.3489915e-07 0.15578547 5.090419e-06 0.20306908 0.34683427 2.3053158e-07 0.018614646 1.204917e-06 0.92954826 5.48233e-08 4.627993e-08 1.9763265e-08 1.1627569e-06 1.535014e-05 4.877371e-07 0.33455324 0.008140264 0.056257408 0.046717696 5.596722e-06 0.5326967 3.3039846e-06 0.06936995 0.00060030987 5.64382e-06 6.019807e-08 0.022705449 0.25227436 0.015360826 5.804637e-08 1.7120857e-07 0.20206401 2.6239593e-06 0.00013270759 0.012573463 4.0463183e-05 3.288838e-08 2.886091e-06 0.051522195 0.0007311332 0.013210955 1.7315801e-07 1.3429386e-07 0.18567033 0.00696113 0.034171388 2.360659e-06 0.12948652 1.4016761e-05 2.3108507e-06 3.7206978e-06 5.524823e-06 0.00057468965 0.30901262 0.0027058732 5.520428e-05 7.779788e-07 0.000439803 8.280224e-05 1.6936316e-10 0.010308734 7.569371e-09 1.0076565e-06 9.614781e-08 9.271238e-08 0.005262686 0.0033716543
0.19982916 0.0019593525 0.003554404 4.335499e-06 4.5721936e-05 0.006439749 3.6605518e-06 0.4085415 0.01055719 0.05277003 0.17650314 0.06443239 0.027771216 0.0002063958 9.068433e-06 4.489611e-06 0.0009830365 0.59516054 0.89111155 2.2572253e-06 0.6334872 1.06462685e-05 6.1907165e-05 0.61502504 0.00020801816 2.6287132e-06 0.4205748 6.757042e-19 8.211765e-06 1.2733052e-06 3.4921416e-07 0.02984107 5.7257495e-07 4.7172744e-06 9.234706e-08 0.4237801 3.0042609e-06 0.7725124 0.96965045 4.6989712e-07 0.0037834325 1.831017e-06 0.140179 9.381702e-07 6.060151e-08 3.1367293e-08 1.2512545e-06 8.000239e-06 3.1762202e-06 0.22828126 0.00076726155 0.32554272 0.16198443 1.9921434e-05 0.048890032 1.0093299e-06 0.111490734 0.0068531623 2.7905353e-06 1.2665058e-07 0.15097494 0.043857686 0.10602296 1.7512574e-06 2.1390971e-07 0.012740452 2.3169612e-06 8.481855e-05 0.079860464 2.945843e-05 1.247619e-08 3.7947912e-06 0.004533644 6.141632e-05 0.0015226859 2.7114808e-07 6.678893e-08 0.0033712506 0.0020241088 0.12212898 4.999937e-06 0.0014081992 2.4725403e-05 1.0827089e-05 4.170049e-06 1.8255152e-05 0.0018932457 0.0040572635 0.0070764557 0.0013810069 5.214371e-06 0.0016564113 2.3159992e-05 5.2857168e-08 0.0018271777 4.95274e-08 4.639164e-06 1.3215357e-07 3.1289524e-06 0.0019022787 0.014077434
0.0028064486 0.09173551 0.116008304 0.41094056 0.41594926 0.021935334 0.049390715 0.00567671 0.007780895 0.0009268954 0.0006562345 0.002159762 0.012712451 0.29415748 0.012475057 0.048959885 0.065350115 2.351188e-05 7.856214e-06 0.012311786 8.562173e-06 0.0017415584 0.00264929 1.1498686e-05 0.5864575 0.9405456 9.063747e-06 8.211765e-06 1.478618e-18 0.0001482052 0.0143199805 0.00039684967 0.00023426906 0.00024336953 0.112401046 2.047108e-05 0.78416574 1.681429e-05 9.0332463e-07 0.00023404218 0.0025206734 0.6814218 7.685578e-06 1.4910523e-05 1.1903621e-05 1.2427568e-05 0.23715223 0.000986972 0.00011604328 6.141374e-07 0.00032392365 1.7125781e-06 0.00036061072 0.4045689 2.224444e-06 0.000257996 3.457321e-07 0.00030474187 0.107345045 2.4763278e-05 3.307479e-07 1.0866133e-06 2.7319604e-07 4.9736165e-05 1.603211e-06 3.6374934e-06 0.09385806 0.0011241387 4.6683695e-07 0.0046685436 4.1205448e-07 3.961954e-06 2.8914162e-06 0.0009469064 0.0006675878 5.345115e-07 2.3022378e-07 0.000356756 6.3006346e-06 4.832009e-07 2.7122787e-06 0.00062035356 0.0011635207 1.8183895e-05 1.3695681e-05 0.0005816089 8.65904e-07 0.0008368258 4.005922e-07 0.00014280758 0.00011103531 2.0216607e-06 0.0018036108 7.3111087e-06 2.1500126e-05 2.677795e-06 0.013273102 1.7933105e-06 5.683291e-06 4.0462222e-05 5.1882624e-05
0.6092525 0.00060264475 0.00026583634 0.016382504 0.0012373696 0.0011904337 0.052039403 6.2562967e-06 0.0003216359 4.5176934e-05 3.0390149e-05 3.0154228e-05 0.00025783855 0.0002979927 0.21520327 0.04805647 3.5738034e-05 1.2860367e-07 2.613773e-07 0.109288 2.1319102e-07 0.9097807 0.539231 1.1399034e-07 7.3566865e-05 0.0004506192 1.3267208e-07 1.2733052e-06 0.0001482052 3.6625096e-16 0.056468394 0.00022385106 0.73437124 0.83964145 0.01399537 6.798374e-07 5.0767817e-06 6.497586e-07 1.7608851e-08 0.16330196 0.0059917253 0.00018129325 2.7741793e-08 0.6360767 0.2585884 0.14649618 0.001348955 0.31917354 0.70386547 3.2870883e-08 0.0048778625 1.2115148e-06 5.057382e-05 4.2684583e-06 7.941615e-08 0.024842286 1.9185078e-09 5.6814697e-06 0.00029261803 0.31002066 1.672569e-07 3.5763655e-08 6.405106e-08 0.19755399 0.13756245 3.589069e-08 4.153671e-05 0.16949788 2.6064631e-08 5.4265465e-06 0.25628802 0.019082375 3.8107046e-08 0.07080884 0.0030197396 0.0078310855 0.053494886 0.00087263563 1.9885236e-09 8.351519e-07 0.012847867 0.0008334493 0.11607237 0.030512335 0.0018606286 0.15005575 1.0761351e-07 0.00014859086 3.618716e-08 5.0013277e-05 0.07740622 6.361322e-07 1.9001916e-05 0.010021976 2.1969595e-07 0.0027474742 4.8849357e-05 0.0017599746 0.0017395808 1.1274948e-09 3.951076e-06
0.11723665 0.0032792096 0.0021552043 0.26754645 0.04689822 0.0030579735 0.39930344 2.701464e-05 0.00056301174 1.9452069e-05 4.212502e-06 2.7129607e-05 0.00047808414 0.011761188 0.26662013 0.6175054 0.001217363 3.9762793e-07 2.035519e-07 0.74531716 5.045464e-07 0.20653518 0.20739776 9.35176e-07 0.0008245005 0.09441521 6.63306e-07 3.4921416e-07 0.0143199805 0.056468394 5.6337613e-18 1.7716666e-05 0.07117703 0.04464144 0.97813106 1.5639741e-06 0.0020948239 4.1499052e-07 8.885912e-08 0.11239995 0.0034886103 0.09175791 5.4360333e-07 0.013033307 0.29792497 0.2793522 0.41364053 0.03726377 0.02212834 2.3018558e-07 0.00079756527 5.7898956e-07 4.3292457e-05 0.00072818313 7.160597e-08 0.82779664 2.1060812e-08 3.0299227e-05 0.09941705 0.0037528027 4.7379257e-07 1.9771079e-07 4.3479645e-07 0.008865201 0.05509018 6.713502e-07 0.004594261 0.022548819 2.1098052e-07 6.605364e-06 0.0018696308 0.076450296 6.620673e-07 0.0050031906 0.001037938 0.008422718 0.0006060348 0.00028176757 4.883355e-06 1.0851712e-07 0.0006455096 0.0004030455 0.0073723495 0.0022592198 0.0007616171 0.0056484775 9.695362e-07 0.00010579473 6.58795e-08 2.7382861e-05 0.007221062 2.8855223e-07 2.7762479e-05 0.00090580015 1.5861531e-07 0.00085770054 0.023664644 3.3814933e-05 0.00037758303 2.1814546e-06 3.534056e-06
