8.946947e-27 5.485942e-05 0.00019629678 4.978552e-07 0.0060576615 1.549322e-06 0.018456677 1.7551221e-07 0.21849841 0.11988573 0.002473767 0.16321477 0.009614705 0.16480665 0.40779483 0.7612515 6.236332e-07 0.2472879 0.21099925 0.68216294 0.16523312 0.66882306 6.758147e-07 0.10595867 0.18762225 0.71660924 0.32659417 0.021547124 0.009656589 0.0023907116 0.23465267 0.7805981 0.8609385 0.03679182 0.0023356313 0.85635483 0.73628896 0.6369829 0.6773508 0.7564738 0.10372459 1.11681146e-07 0.9465292 0.6911707 0.80860996 0.007821226 0.9538506 0.0011945615 0.95240504 0.69361395 0.9387074 4.728983e-09 0.51109684 0.48886833 0.913567 0.7473046 0.00010565086 1.5835926e-07 0.9585142 0.09806893 0.96292907 0.88290673 0.58538145 0.87538666 0.53717643 0.9019171 0.56778437 0.118125066 0.9359022 6.480914e-07 0.0012533914 0.54479074 0.2947106 0.38729218 0.072325975 0.022953974 0.9393415 0.84607077 0.9125881 0.05426527 0.4585238 0.0029476753 0.9966731 0.89463556 0.8122526 0.91031146 0.01755657 0.9355995 0.8144708 0.97681254 0.9997606 0.9999018 0.9754368 0.9977199 0.9977087 0.9991257 0.9997812 0.17539197 0.15095 9.700182e-07 0.9925044
5.485942e-05 4.2750014e-17 0.85366064 0.400947 0.85310745 0.35748717 0.4665912 0.23957813 0.5204463 0.13816261 0.10183087 0.060809597 0.22251396 0.01141751 0.012081896 0.026882015 0.0012999721 0.016328506 0.0029599802 0.019148732 0.0029747265 0.004500609 3.7034113e-06 0.0004215243 3.111923e-05 0.0021157977 4.9734175e-05 5.9557597e-06 6.422677e-07 5.535687e-08 0.0001954429 0.0033329197 0.0006142642 3.1307734e-06 5.2064504e-08 0.00031391234 1.0260213e-05 1.4756681e-07 2.6618893e-06 7.119263e-05 1.6473922e-07 1.7831355e-05 2.1357728e-05 2.2126949e-06 7.616941e-05 7.798009e-07 6.972161e-07 4.2584156e-06 2.8465225e-05 1.0341774e-06 2.5983167e-05 4.9642523e-07 2.4504297e-07 3.022625e-06 1.5876429e-06 3.9091898e-07 4.750593e-06 8.028595e-06 1.1112227e-06 2.805972e-07 1.0355339e-05 0.00012914809 3.7857495e-05 1.5754464e-05 2.0709702e-05 3.8757344e-06 6.133852e-07 8.937653e-08 6.429918e-06 5.8946844e-05 3.848754e-08 7.116279e-06 8.406596e-08 3.111375e-08 6.4566925e-09 5.00725e-07 1.2299522e-05 1.7383294e-05 2.7945832e-06 4.2984947e-08 3.6979748e-07 2.5387948e-07 6.005973e-05 2.4781752e-07 9.306e-06 2.196726e-06 5.319642e-07 7.0832946e-05 7.323428e-09 3.9565228e-05 9.798298e-07 0.00016393374 0.00026018542 2.8061284e-06 2.2711993e-05 1.5703314e-05 1.4264892e-05 4.4925937e-07 3.4903704e-07 1.275901e-07 4.2950396e-05
0.00019629678 0.85366064 1.0799594e-15 0.78588355 0.7084346 0.047649026 0.49566874 0.0014036102 0.12795606 0.28026903 0.0075563835 0.09656856 0.8262851 0.051721122 0.038406298 0.01300883 0.008404356 0.19178095 0.03344223 0.02855768 0.002464466 0.015039498 0.0010500393 0.04905064 8.030238e-05 0.015457093 9.226964e-05 3.7570547e-07 0.01645892 1.5920747e-08 0.00513353 0.0072684027 0.0006032997 0.0015769083 2.7902054e-08 0.0024758698 0.0007643928 4.3304598e-07 3.6730044e-06 0.00018934417 1.3392805e-07 2.6512587e-06 1.1683263e-05 2.5615427e-06 0.00012620923 3.9658516e-06 2.0195678e-06 4.5496537e-05 8.968969e-05 6.414303e-07 0.00011466225 1.0964776e-06 5.9301397e-07 9.271703e-07 4.7247395e-06 3.3526962e-07 3.669334e-05 3.2096345e-05 3.4640343e-05 2.6856912e-07 3.6373047e-05 0.0006137502 6.660337e-05 1.4584905e-06 5.4886423e-05 4.7618522e-07 1.2533117e-07 2.8172751e-08 4.7072035e-06 0.0002963402 4.354068e-07 4.9268565e-05 2.2865045e-08 4.3697856e-08 1.4078149e-08 2.2590761e-07 2.1918408e-05 3.5208373e-05 0.00025533652 1.5489341e-07 2.8031353e-08 2.882464e-07 5.7057445e-05 1.3736282e-07 1.8723294e-05 0.00014945395 1.398837e-07 4.5365327e-06 5.0826426e-08 2.8673448e-06 1.6521846e-05 0.0011063375 0.001526748 1.14468364e-07 0.00011121812 4.3627533e-06 0.00024156245 1.2154779e-07 9.5828874e-08 2.9056062e-07 0.00010774172
4.978552e-07 0.400947 0.78588355 1.9867253e-14 0.14345713 0.3040809 0.047058925 0.02865884 0.012136473 0.012418962 0.012453767 0.0040538353 0.121670924 0.0011299185 0.000569667 0.001690695 0.031895157 0.0030977195 0.0004976314 0.0005738211 0.0006403369 0.0006338979 0.0061675576 0.002396623 5.2293713e-06 0.00040097677 1.1543999e-05 4.7212798e-06 0.002563481 4.9169563e-07 0.0004117118 0.0003397677 7.95666e-05 0.00017115774 1.2012662e-06 6.8408895e-05 2.143359e-05 3.3011548e-07 5.309037e-06 2.0891048e-05 1.9012148e-06 4.4724464e-05 1.9057357e-05 1.1478259e-06 4.0485185e-05 5.574653e-06 3.5807475e-06 7.734412e-05 2.2932252e-05 1.4403581e-06 3.6087615e-05 8.197413e-06 1.7421388e-06 9.771329e-07 3.144007e-06 1.2067899e-05 2.346878e-05 0.00012229665 2.878511e-05 1.4712157e-06 6.191808e-05 0.000118148346 5.5623193e-05 1.0917648e-05 6.1274215e-05 5.989754e-06 2.0267569e-06 2.5461588e-07 5.5637965e-06 0.0031657498 6.2046416e-07 7.950523e-05 6.51852e-07 4.9334244e-07 4.605699e-07 8.9027367e-07 7.723606e-05 1.8875253e-05 3.56429e-05 1.7299684e-06 1.9169925e-06 1.8971289e-06 0.00018400725 1.0506527e-06 2.8592909e-05 8.9677036e-05 2.8974625e-07 9.2423055e-05 3.0950113e-07 1.7869232e-05 3.0871965e-05 0.00017914936 0.00091838866 4.4563697e-07 5.2553303e-05 2.8262648e-05 5.370991e-05 4.1916815e-07 5.371185e-07 5.4561306e-06 8.6130516e-05
0.0060576615 0.85310745 0.7084346 0.14345713 1.238193e-16 0.13106482 0.91726166 0.03949754 0.8151931 0.52751076 0.090058796 0.3798084 0.08760218 0.13099606 0.19571613 0.12307819 0.001806832 0.089084335 0.041975264 0.19558117 0.024411997 0.090122126 7.3805827e-06 0.0053487895 0.0014129789 0.034056984 0.0023853586 0.00026549405 5.4425723e-06 4.099475e-06 0.0038720625 0.029543016 0.011499411 3.289414e-05 1.2526491e-06 0.0076853433 0.0011907897 2.7666036e-05 0.00052756834 0.0030729151 9.132709e-06 1.8285879e-06 0.00051975955 0.00016559855 0.0019255523 2.3891615e-05 4.294429e-05 4.4840457e-05 0.0015288264 5.7821762e-05 0.0005604842 7.589887e-07 5.6643286e-05 0.00010176324 1.25117285e-05 5.0523056e-05 7.3860465e-06 1.1453956e-05 2.7754537e-05 2.1726123e-06 0.00017982925 0.00046082036 0.0004506923 0.0001860208 0.0004234183 0.00011379262 1.4142885e-05 6.8987913e-07 1.8839464e-05 1.5137936e-05 1.5355133e-07 0.00016159024 3.130509e-07 7.174593e-07 9.154224e-09 7.7018336e-07 3.5240653e-05 9.109236e-05 2.377336e-05 6.221472e-08 8.998063e-07 8.139491e-07 8.432407e-05 4.410035e-06 4.445219e-05 2.1473814e-05 8.4645546e-07 1.777797e-05 8.2666674e-07 1.9678213e-05 1.2474948e-05 8.658942e-05 0.0003537716 4.324973e-06 8.383535e-05 2.5029627e-05 2.5584484e-05 1.8024631e-06 1.0572816e-06 2.170921e-07 0.00030179071
1.549322e-06 0.35748717 0.047649026 0.3040809 0.13106482 3.5660995e-16 0.012542343 0.9138634 0.09014179 0.003095835 0.5911992 0.0032319806 0.0014321338 0.00065521925 0.0010386986 0.017176546 0.000662104 0.0017067738 0.0008405988 0.0033182264 0.0078222 0.0018180264 6.330886e-07 0.00032365284 0.0005521179 0.0006274051 0.00038687847 0.00012139713 0.00024258101 2.247948e-05 0.00034341053 0.0011129547 0.0004981732 0.00016598243 5.902383e-06 3.171043e-05 3.9521087e-06 3.5749915e-06 4.9858263e-05 0.00026104238 3.1545426e-06 7.0746e-05 5.0131846e-05 5.865169e-06 0.00015840317 8.721301e-06 1.7663677e-05 0.00010867212 2.607934e-05 3.1319976e-06 7.627401e-05 8.77836e-06 1.3728549e-06 8.156669e-06 9.029262e-06 7.591968e-06 5.452651e-06 3.3096632e-05 2.6972342e-05 1.15535826e-07 9.1096525e-05 0.00017393664 6.353513e-05 6.297739e-06 3.9916136e-05 9.017095e-06 5.367197e-07 2.3442513e-07 2.6989892e-05 0.00026460073 1.6117207e-08 6.132923e-05 1.0398199e-07 9.606496e-08 2.4487008e-07 4.4998748e-07 0.000120749275 8.357937e-06 0.00018922465 6.091591e-08 2.1275615e-07 5.8676954e-07 0.00038934743 2.1591377e-07 7.309419e-05 0.00011004595 9.4326275e-08 8.890501e-05 1.608585e-08 4.452619e-05 0.000119993696 0.0008031333 0.0005265578 2.6191365e-06 6.055839e-05 0.00032180524 9.1857866e-05 2.6445983e-07 2.5443526e-07 1.1214247e-06 0.00013130919
0.018456677 0.4665912 0.49566874 0.047058925 0.91726166 0.012542343 7.826095e-17 0.000686097 0.6370861 0.7655814 0.008483928 0.6388658 0.21671566 0.47424728 0.5235066 0.11627289 0.0011304936 0.5209634 0.30090398 0.38431758 0.0080741625 0.27862376 1.1638302e-05 0.08813631 0.001287008 0.24568374 0.0015233832 2.4679573e-06 0.0010587664 1.2901987e-07 0.02686477 0.08818346 0.0061376654 3.1496053e-05 1.01357266e-07 0.042491227 0.0055081886 8.2301057e-07 6.0257033e-05 0.0040045055 5.997936e-07 1.4098916e-07 3.1600575e-05 2.255695e-06 0.004195429 2.7274968e-06 6.9607977e-06 6.3142234e-06 0.0034366706 7.3707946e-07 0.0005515844 1.0428329e-07 8.6186176e-08 1.795875e-07 4.243857e-06 8.15918e-08 5.937629e-06 9.261355e-07 0.00071742473 1.3591833e-07 0.00023391677 0.0013218384 0.0009509217 5.623202e-07 0.0004925616 1.7776374e-07 3.8527126e-08 6.8021935e-09 2.0671285e-05 6.6436456e-07 1.6378323e-08 5.459319e-05 1.8454058e-08 9.593032e-09 8.6318513e-10 2.3751545e-08 1.1522717e-05 2.4515564e-05 0.0002977098 1.32936595e-08 3.312236e-09 3.3466822e-08 3.4800873e-05 1.0295748e-08 2.5597003e-05 9.966172e-05 2.6498364e-09 1.5940698e-06 6.244401e-09 4.0883458e-07 2.7423089e-06 2.5763145e-05 0.0012784475 5.6156487e-08 8.903408e-05 5.3270895e-07 8.887188e-05 3.26744e-09 1.3413562e-09 4.121814e-09 0.00017146995
1.7551221e-07 0.23957813 0.0014036102 0.02865884 0.03949754 0.9138634 0.000686097 2.2208365e-19 0.06796709 0.0005469213 0.91045946 0.0010921482 5.7345446e-06 0.00019973436 0.0005926804 0.012610413 1.362231e-06 0.00014054085 0.00012182103 0.0017533666 0.0110694915 0.00026320922 1.7731758e-09 1.270141e-06 0.0007702436 3.4594057e-05 0.0006596863 0.0003968243 5.5110957e-07 8.7045446e-05 3.396818e-06 0.0006944715 0.0007400522 3.038412e-07 1.5074548e-05 2.4791585e-05 2.67144e-07 1.4486463e-05 0.00014943286 0.0001815779 6.360742e-06 3.7072794e-05 5.3486947e-05 3.82165e-05 0.00020560251 2.909556e-06 1.202515e-05 4.291097e-05 1.339521e-05 1.6188462e-05 1.2090223e-05 2.3634886e-06 5.965566e-06 1.573415e-05 1.7399107e-06 4.271541e-06 1.2206767e-06 8.941805e-06 4.8575203e-06 5.6166687e-07 9.449096e-06 5.9413313e-05 4.6346602e-05 1.2073653e-05 3.0418161e-05 1.5210523e-05 8.497592e-06 1.8532065e-06 1.38676705e-05 1.8660689e-05 5.3164007e-09 1.5803702e-05 5.619798e-07 2.4019216e-06 1.5278758e-06 3.1390157e-06 1.5634903e-05 6.2045615e-06 3.8846892e-06 1.5403365e-06 8.378e-06 2.4889744e-06 0.00011418092 1.0226524e-06 1.9159885e-05 1.6362291e-06 5.2405863e-07 0.00014613228 6.7742786e-07 4.261168e-05 7.871843e-06 5.990762e-05 4.1764866e-05 1.2985236e-05 3.6973947e-06 4.3639036e-05 4.476161e-06 5.128363e-06 3.6580393e-06 1.7738999e-07 8.887599e-06
0.21849841 0.5204463 0.12795606 0.012136473 0.8151931 0.09014179 0.6370861 0.06796709 5.328493e-16 0.31567684 0.5395989 0.5099047 0.00041406037 0.18400066 0.5355036 0.9621313 1.3041429e-05 0.046451136 0.0651033 0.7751539 0.72190577 0.37347466 2.8871616e-08 0.00041800868 0.13753088 0.1485427 0.16405828 0.0071400898 5.0954145e-07 0.00045220647 0.00088126684 0.20239964 0.19984728 6.8309437e-06 8.37088e-05 0.049056906 0.00016841663 0.0013571435 0.034900133 0.08137303 0.00014992476 2.2120841e-05 0.0060224636 0.0028485877 0.058090676 1.3983408e-05 0.0010583359 9.480815e-06 0.014266825 0.000418649 0.004254328 2.0424571e-07 2.8725164e-05 3.518293e-05 0.00031014453 1.6847467e-05 7.800427e-07 1.7755782e-06 0.00090539805 3.5171885e-07 0.00073657004 0.0009914379 0.00058589893 6.8342764e-05 0.00062332343 1.6026372e-05 7.548802e-06 5.271358e-07 0.00018135586 1.5034656e-06 1.628378e-07 0.00018353808 1.0303302e-06 6.4839304e-07 8.560701e-08 2.4612702e-06 0.00019043233 8.2524275e-05 7.501197e-05 1.2718998e-06 7.9636203e-07 2.724159e-06 0.00019949088 2.378946e-07 4.942589e-05 2.0573e-06 2.053838e-06 9.927749e-06 5.759367e-06 5.415793e-06 5.9364847e-06 0.0002239525 0.00054894434 5.988894e-07 7.50703e-05 5.013665e-06 7.685237e-05 5.419482e-06 5.4717893e-06 5.5618706e-08 0.00024602635
0.11988573 0.13816261 0.28026903 0.012418962 0.52751076 0.003095835 0.7655814 0.0005469213 0.31567684 1.0511178e-15 0.0012600255 0.9697079 0.21973228 0.7517642 0.5766493 0.031618405 0.0017070384 0.78323776 0.44682038 0.3368435 0.005018672 0.35800233 1.1698163e-06 0.11085365 0.0001975247 0.36904678 0.00027191034 7.631534e-05 0.0002682056 1.1966217e-06 0.07499165 0.12064065 0.013187253 1.2560528e-05 3.7833329e-06 0.0849232 0.014276231 3.6041372e-06 0.00033269814 0.016250713 2.683509e-06 1.3455819e-07 6.640998e-05 3.0988183e-05 0.019652238 8.612259e-06 3.4331195e-05 2.0294463e-05 0.014733986 3.952874e-06 0.0044792807 2.6076532e-07 3.0677395e-06 3.7627365e-06 0.00013631136 9.5710975e-06 8.13138e-06 8.4277e-06 0.004550967 2.1966066e-06 0.0024308052 0.012468764 0.015872063 1.9613638e-06 0.015033417 1.0211351e-06 5.146066e-07 3.5972226e-07 0.00014516815 4.8733937e-06 6.051188e-08 0.0023473199 1.1808091e-07 1.0125447e-07 1.31991404e-08 4.1635536e-07 0.00027088798 0.0007497421 0.004098156 2.2147564e-07 1.1907015e-07 1.1758664e-06 0.00080534915 1.1748413e-07 0.00066343707 0.0014070017 9.692778e-08 2.769585e-06 2.7408777e-07 5.5953643e-07 5.799501e-05 0.0009073541 0.0032115686 1.7877089e-07 0.00040045683 1.4454316e-06 0.0007952651 8.2508836e-07 5.248544e-07 4.700703e-08 0.0007014268
0.002473767 0.10183087 0.0075563835 0.012453767 0.090058796 0.5911992 0.008483928 0.91045946 0.5395989 0.0012600255 4.2556877e-17 0.0070181293 0.00088670646 0.00046349192 0.006940591 0.32242367 2.6473084e-05 0.0003083664 0.0008512361 0.051303502 0.9610983 0.011962081 5.8339285e-08 6.0866846e-06 0.15250367 0.0017379133 0.13123043 0.45135352 1.18074e-06 0.5056344 3.2815435e-05 0.011307583 0.0547098 2.0947018e-06 0.12746121 0.000107428175 1.7122949e-07 0.017318958 0.046286173 0.01686086 0.023437684 0.15202256 0.006576291 0.010571567 0.003557838 0.002129469 0.0021986575 0.017508602 3.1828928e-05 0.0006073534 0.00021508872 0.0018110422 0.00073166157 0.00013240924 4.8934173e-05 5.4326807e-05 9.528943e-05 0.0015559987 3.7625126e-05 3.7583898e-06 3.3345426e-05 0.00019041654 0.00031166323 3.0122525e-05 0.00015649486 1.0786392e-05 9.263576e-06 1.0615765e-06 3.0908024e-05 9.0350724e-05 1.5228927e-07 0.00018448378 1.2903458e-06 6.5937553e-07 1.495064e-06 4.784638e-06 0.00015736814 7.435869e-05 3.3540553e-05 4.869236e-06 5.4206607e-06 4.0188156e-06 0.00011450587 1.05481355e-07 0.00017069837 2.1698095e-05 4.333333e-06 0.00022098629 7.6475027e-07 5.2711817e-05 5.9923423e-06 0.0005773713 0.00025886673 7.2862113e-06 0.0003673323 0.00039018117 0.00014894783 4.4880373e-05 2.5068588e-05 7.309694e-06 2.7761316e-05
0.16321477 0.060809597 0.09656856 0.0040538353 0.3798084 0.0032319806 0.6388658 0.0010921482 0.5099047 0.9697079 0.0070181293 6.3199163e-19 0.021125045 0.7291583 0.86864054 0.08043441 0.00024951133 0.5485083 0.44439316 0.6242809 0.015287404 0.57544124 1.853096e-07 0.04116126 0.00095436355 0.45651132 0.0013179773 0.0004786982 3.251795e-05 5.3755084e-06 0.07559395 0.24922587 0.033908002 2.5689495e-05 6.7287992e-06 0.14687109 0.016634772 2.1046026e-05 0.0019678571 0.037657056 7.255687e-06 4.6543934e-07 0.0008513207 0.00022404052 0.04821959 1.0356969e-05 0.00019953292 2.5310204e-05 0.032245096 3.1801894e-05 0.008729294 5.9321417e-07 2.735137e-06 1.9250307e-05 0.00034902975 2.068775e-05 1.7148424e-05 5.1430857e-06 0.010541173 1.507119e-06 0.004734322 0.014925028 0.021444507 8.575763e-06 0.02591498 5.6339186e-06 1.9228792e-06 3.2259106e-07 0.000787175 1.018532e-05 1.13014636e-07 0.0046667033 4.7126363e-07 1.3957482e-07 4.186669e-08 1.9083747e-07 0.0008578945 0.0016062245 0.004133429 2.2927354e-07 5.644215e-07 1.0009445e-06 0.0013559036 1.7569826e-07 0.0016274806 0.00088876125 1.2054406e-07 4.075253e-06 2.3217567e-06 1.5093284e-06 9.652832e-05 0.0010718728 0.003958486 3.6217904e-07 0.0006376763 3.667131e-06 0.0009168196 2.5549652e-06 1.7735556e-06 4.3549257e-08 0.0016706432
0.009614705 0.22251396 0.8262851 0.121670924 0.08760218 0.0014321338 0.21671566 5.7345446e-06 0.00041406037 0.21973228 0.00088670646 0.021125045 6.3447823e-16 0.09518676 0.006371997 0.00018757043 0.68804514 0.86340725 0.100352615 0.0016529277 0.0003649617 0.01004011 0.8636065 0.88516986 4.9856194e-06 0.044087786 1.4866081e-05 2.8055441e-05 0.84118927 1.3811913e-06 0.35280904 0.006063141 7.004525e-05 0.085099354 1.0191864e-06 0.011345854 0.09224084 4.947607e-07 5.856846e-06 0.00010926779 5.8975064e-07 3.51225e-06 1.4061297e-06 1.0670068e-06 0.0006355919 3.072137e-06 2.6045362e-07 4.5183224e-05 0.00025695414 3.8295507e-06 5.3460375e-05 2.5827119e-06 2.2290374e-06 3.60641e-06 9.0692936e-07 1.3164597e-06 3.5465335e-05 5.4869956e-06 4.4343924e-05 6.4992344e-07 1.7758111e-05 0.03367778 0.010787107 1.7567532e-05 0.010354738 1.6466507e-05 1.2637265e-06 2.3468395e-07 2.8445456e-06 9.935894e-06 7.6722564e-08 0.0007860246 2.3799478e-08 2.438938e-07 3.127732e-08 2.4525164e-06 1.1714151e-06 0.0003840428 0.027501004 1.4183399e-06 6.324634e-07 1.8328567e-06 1.0570755e-05 7.1267785e-08 0.0015440518 0.008439769 3.4333794e-08 1.9828181e-05 1.1545408e-09 2.8922298e-06 6.359383e-08 0.00011129982 0.017320909 1.8798418e-07 0.00019207313 5.6835843e-06 0.00015372343 5.6368077e-07 5.026119e-07 7.787802e-08 0.0024554338
0.16480665 0.01141751 0.051721122 0.0011299185 0.13099606 0.00065521925 0.47424728 0.00019973436 0.18400066 0.7517642 0.00046349192 0.7291583 0.09518676 1.8755632e-17 0.77921015 0.022896763 0.00045946348 0.88780457 0.9577557 0.38678822 0.0030178165 0.56851256 1.0796955e-06 0.17583418 0.00017380781 0.64881015 0.00033721846 0.0001624794 0.0005143478 1.9341257e-06 0.18586746 0.3062822 0.019364407 4.9959028e-05 4.6302093e-06 0.28574654 0.06102298 5.908313e-06 0.0003153403 0.03089522 4.173192e-06 8.4593825e-07 0.00028915904 4.1705287e-05 0.050066844 1.0304683e-05 4.548088e-05 8.128988e-05 0.058421355 1.1318139e-05 0.01063352 8.294093e-07 3.702462e-06 7.64381e-06 0.00022322709 6.698131e-06 0.0001125302 2.855446e-05 0.022932418 1.1875212e-06 0.007837455 0.057183303 0.07893595 4.756123e-06 0.08939347 3.1803183e-06 2.1879958e-07 9.203073e-08 0.0012957503 1.3332618e-05 2.0650002e-07 0.015295112 1.0805942e-07 3.0758773e-08 2.3609854e-08 2.5265152e-07 0.0010592911 0.0062505687 0.009769981 3.8322267e-07 1.4589767e-07 5.9974275e-07 0.0019636098 1.705759e-07 0.0025572472 0.002489549 2.8814787e-08 1.553692e-05 3.9683658e-07 3.5897776e-06 0.00023382487 0.0022071586 0.0067692716 6.5529576e-07 0.0021671774 1.822718e-05 0.0025775104 4.8708637e-07 2.720661e-07 3.540205e-08 0.0024753492
0.40779483 0.012081896 0.038406298 0.000569667 0.19571613 0.0010386986 0.5235066 0.0005926804 0.5355036 0.5766493 0.006940591 0.86864054 0.006371997 0.77921015 1.1553065e-18 0.17161861 6.540565e-05 0.29241318 0.67367715 0.9504633 0.020480638 0.8226307 4.6895025e-07 0.014304092 0.0018315831 0.6300629 0.0025241459 0.0010205073 2.2695363e-05 4.272627e-05 0.039583772 0.4745848 0.047422767 4.099825e-05 1.965505e-05 0.28079426 0.018021924 6.2978506e-05 0.002401566 0.071833715 4.9809764e-06 5.2592816e-07 0.0025585499 0.00019030417 0.11189382 1.3031808e-05 0.0003514376 5.8945105e-05 0.071217485 2.6528536e-05 0.014880934 6.4649805e-07 1.3336161e-06 1.5570711e-05 0.00055542996 6.2701656e-06 8.071807e-05 1.8007338e-05 0.026147455 4.6257452e-07 0.009720621 0.020250613 0.03473764 6.5296667e-06 0.03942663 3.380466e-06 1.6430829e-06 2.3782836e-07 0.0017506916 1.7733419e-05 4.96735e-07 0.0100579355 1.6068655e-07 1.7851839e-07 1.3194334e-08 1.356045e-07 0.001984993 0.0045367125 0.003481063 1.6790447e-07 3.876638e-07 1.0663668e-06 0.0014915351 3.6096768e-07 0.0017374486 0.0013965612 1.6549126e-07 2.4360814e-05 1.8261394e-06 1.0453453e-05 5.863204e-05 0.00077082 0.0018474585 5.713411e-07 0.0015894193 5.0585995e-06 0.0015088924 1.7353552e-06 1.2597496e-06 9.2517546e-08 0.0030030124
0.7612515 0.026882015 0.01300883 0.001690695 0.12307819 0.017176546 0.11627289 0.012610413 0.9621313 0.031618405 0.32242367 0.08043441 0.00018757043 0.022896763 0.17161861 9.064967e-17 9.919278e-06 0.0028246401 0.01165915 0.6445897 0.9365947 0.25944686 4.5673534e-08 0.0014119517 0.5818978 0.082694925 0.55671436 0.21002123 2.5889472e-05 0.032849208 0.002890184 0.29799688 0.47132552 9.051882e-05 0.0072014104 0.083447754 0.00068665965 0.044402663 0.26633632 0.30717787 0.011046677 0.00020801042 0.08683934 0.056816515 0.2821618 0.0050649047 0.058641087 0.003837708 0.050854422 0.013005364 0.07625941 1.3132114e-05 0.0023008147 0.0035199712 0.011691747 0.0013533095 0.000254425 0.0002650996 0.012203511 4.1315077e-05 0.022796761 0.0024181404 0.014127756 0.0036162515 0.010483888 0.0013770354 0.00020058457 4.1295498e-05 0.009039103 0.0002915398 5.2637347e-06 0.004761145 7.649131e-05 4.6662954e-05 4.7098124e-06 4.6796737e-05 0.013174356 0.001865189 0.0004473155 9.939533e-06 0.00012807526 1.673319e-05 0.003646994 2.0621566e-05 0.000617821 0.0002669007 5.1703055e-06 0.0020968656 5.5995282e-05 0.0007576371 0.00039203026 0.0015513818 0.0057692737 0.00012308975 0.00094031513 0.00047847294 0.0006130517 4.7253e-05 7.127286e-05 1.6032645e-06 0.0015584208
6.236332e-07 0.0012999721 0.008404356 0.031895157 0.001806832 0.000662104 0.0011304936 1.362231e-06 1.3041429e-05 0.0017070384 2.6473084e-05 0.00024951133 0.68804514 0.00045946348 6.540565e-05 9.919278e-06 8.5770875e-21 0.00799993 0.000481459 1.066461e-05 2.9843108e-05 1.554058e-05 0.6676709 0.0045399675 4.1824015e-07 6.393093e-05 4.3454813e-07 2.399561e-08 0.017496284 2.1622222e-09 0.00020184838 4.924275e-06 3.236925e-07 0.0003233255 1.0792568e-08 1.3855932e-05 3.1372903e-05 4.355615e-08 4.8161644e-07 6.9779753e-07 1.6299144e-07 1.4364035e-06 3.0735157e-07 4.2925e-07 5.223001e-06 2.7728424e-07 8.853548e-08 4.0115133e-06 1.6604448e-06 4.1104383e-07 1.4566774e-07 2.568366e-07 9.771763e-08 1.3045597e-07 1.17620225e-07 3.60658e-07 5.8559585e-06 6.3296698e-06 1.2407614e-07 7.438745e-08 1.743052e-07 3.9590253e-05 2.6593518e-06 3.1227742e-07 1.4368679e-06 5.327034e-07 1.2062502e-07 4.321936e-07 2.944076e-07 4.8173133e-05 4.104744e-08 1.307909e-06 1.6056422e-08 5.0500585e-08 1.6598149e-08 2.799071e-07 1.0940872e-07 6.2697745e-07 1.165213e-05 8.998852e-09 3.9735914e-07 2.5886905e-07 1.0362714e-06 4.0406515e-08 5.733088e-07 4.7232862e-07 7.540523e-09 8.02111e-06 1.5966264e-09 8.777804e-07 2.7252648e-07 1.8905149e-06 0.00024868298 1.5817776e-08 2.5970903e-07 3.4178065e-06 8.255686e-07 2.2029566e-08 2.0787237e-08 1.6332724e-07 1.6794171e-06
0.2472879 0.016328506 0.19178095 0.0030977195 0.089084335 0.0017067738 0.5209634 0.00014054085 0.046451136 0.78323776 0.0003083664 0.5485083 0.86340725 0.88780457 0.29241318 0.0028246401 0.00799993 2.9230847e-15 0.9277414 0.09529514 0.0007284523 0.2184001 0.0006785249 0.94905484 3.707382e-05 0.38587502 2.5536048e-05 9.734159e-06 0.09403603 2.58514e-07 0.5334482 0.09329113 0.0015508079 0.0055719772 1.7988723e-06 0.10923766 0.21968202 3.7307584e-07 2.3189981e-05 0.003297021 2.2437343e-06 2.9860132e-07 3.901421e-05 1.853843e-06 0.0069308574 1.1618729e-05 6.12309e-06 3.0679486e-05 0.01276637 2.8565855e-06 0.0022500267 1.1337655e-06 6.700939e-07 4.2561555e-07 5.9149143e-06 8.2037434e-07 2.2914128e-05 2.1909816e-05 0.007084491 6.094593e-07 0.0016028556 0.09439392 0.08382914 8.0684504e-07 0.079059415 1.8925594e-07 1.2467763e-07 1.2856995e-07 1.894481e-05 7.12646e-06 6.2090244e-08 0.0144787645 6.6195526e-08 3.232074e-08 4.45179e-09 1.280731e-07 3.1698342e-05 0.004773172 0.039087716 5.270315e-08 7.927747e-09 8.3316394e-07 0.00017383335 1.883042e-08 0.002741862 0.0050340756 5.140349e-08 1.7866418e-07 4.7202263e-08 5.756226e-08 9.541683e-07 8.1863865e-05 0.006778031 9.463331e-09 0.0017499828 5.6490455e-07 0.0007555713 6.804192e-07 4.7304445e-07 9.012563e-08 0.0022060506
0.21099925 0.0029599802 0.03344223 0.0004976314 0.041975264 0.0008405988 0.30090398 0.00012182103 0.0651033 0.44682038 0.0008512361 0.44439316 0.100352615 0.9577557 0.67367715 0.01165915 0.000481459 0.9277414 1.4631097e-18 0.20274478 0.0035298239 0.6165709 1.5380466e-06 0.279615 0.00021658184 0.7277013 0.00016300786 0.00028067201 0.0019581476 7.010102e-06 0.25228402 0.3299193 0.011780929 0.00015630707 2.3503204e-05 0.3842555 0.08246043 1.4981941e-06 0.00027828923 0.024800556 8.341645e-06 1.7709478e-06 8.93967e-05 3.8123424e-05 0.044937264 3.7291364e-05 1.5160676e-05 0.00015256483 0.050163984 1.8203677e-05 0.009358076 5.3904623e-06 3.0372491e-06 1.1412077e-05 0.0001330184 5.816397e-06 7.133127e-05 4.0224182e-05 0.035194777 1.2303564e-06 0.006243012 0.09243733 0.13623714 1.5078867e-06 0.116611466 1.2387272e-06 3.0057987e-07 1.8319015e-07 0.00092785736 1.897023e-05 3.4699391e-07 0.024531333 6.4628935e-08 1.0488206e-08 2.4477655e-08 2.788608e-07 0.0005442017 0.013339011 0.024418155 1.6937732e-07 6.424756e-08 2.5534916e-06 0.0009161999 4.0801876e-08 0.004918725 0.005100661 3.0045733e-08 5.2352893e-06 6.4639906e-08 7.2646566e-07 3.8676135e-05 0.0006648929 0.010661495 8.151092e-08 0.0027759755 1.3137129e-06 0.0017645662 1.9193587e-07 8.496658e-08 4.723874e-08 0.0031609528
0.68216294 0.019148732 0.02855768 0.0005738211 0.19558117 0.0033182264 0.38431758 0.0017533666 0.7751539 0.3368435 0.051303502 0.6242809 0.0016529277 0.38678822 0.9504633 0.6445897 1.066461e-05 0.09529514 0.20274478 1.1827978e-19 0.15972748 0.9070847 3.6544634e-07 0.006734237 0.055270027 0.5619969 0.10465238 0.0067679384 4.795268e-06 0.00058272405 0.023733752 0.7207763 0.33035392 6.489312e-05 0.00061674934 0.2979887 0.008976954 0.0021533975 0.027887227 0.24602944 0.00012505257 1.3370499e-05 0.036138415 0.00510397 0.2808147 0.00010716265 0.0043492606 0.00026243197 0.13081208 0.0007036763 0.07686145 2.4313197e-06 9.147362e-06 0.00017741122 0.0047622416 2.877718e-05 3.819031e-05 9.8816665e-05 0.047690112 1.1692375e-06 0.040051043 0.009200271 0.031245848 0.00013513374 0.027596906 7.0360926e-05 1.07785445e-05 2.51804e-06 0.0037350594 9.3595394e-05 9.365567e-07 0.011663533 2.2613472e-06 8.0782513e-07 8.919232e-07 2.9232847e-06 0.006473483 0.0061587556 0.0016549183 2.2083987e-06 4.130582e-05 2.9746172e-06 0.003888873 7.405386e-06 0.0018210128 0.00022901339 1.0942889e-06 0.0004075842 2.9251603e-05 0.00011475446 0.00019525977 0.00211981 0.0030808512 3.0326197e-05 0.0016923097 0.00022743587 0.0014327834 1.6531823e-05 1.9068066e-05 1.7787363e-07 0.002625952
0.16523312 0.0029747265 0.002464466 0.0006403369 0.024411997 0.0078222 0.0080741625 0.0110694915 0.72190577 0.005018672 0.9610983 0.015287404 0.0003649617 0.0030178165 0.020480638 0.9365947 2.9843108e-05 0.0007284523 0.0035298239 0.15972748 2.7817555e-16 0.05523355 2.7669396e-08 0.0005594743 0.76805043 0.027563456 0.5416532 0.7670386 1.2464578e-05 0.33672774 0.0005553378 0.06278436 0.23443282 1.7664686e-05 0.051743973 0.0113266595 3.1387117e-05 0.28405386 0.4057263 0.143843 0.095606916 0.00081952335 0.07040285 0.11729263 0.09361382 0.01927078 0.066147655 0.009865514 0.010922217 0.016976094 0.02674398 5.6876645e-05 0.011508243 0.006665563 0.0075697335 0.0077324836 0.0017665765 0.00041120854 0.0029538958 0.0003975491 0.0050148703 0.0012329264 0.002151863 0.001809554 0.0017038271 0.0006611774 0.00047806633 0.00027882584 0.002474777 0.00015491463 9.833004e-06 0.001737137 0.00033407225 0.0001275819 2.1452608e-05 0.00010657021 0.0024043284 0.0008538041 0.00015058894 5.2282663e-05 4.119256e-05 5.5937104e-05 0.0021916402 3.598405e-06 0.00060138025 3.4542627e-05 1.41641185e-05 0.0016147163 8.19537e-05 0.00052691944 0.0013599524 0.0034556997 0.0029245187 0.00043372132 0.00083332096 0.000789857 0.0012002506 0.00029431266 0.00023071603 3.4839538e-06 0.001317628
0.66882306 0.004500609 0.015039498 0.0006338979 0.090122126 0.0018180264 0.27862376 0.00026320922 0.37347466 0.35800233 0.011962081 0.57544124 0.01004011 0.56851256 0.8226307 0.25944686 1.554058e-05 0.2184001 0.6165709 0.9070847 0.05523355 3.789479e-17 1.0816774e-06 0.043621026 0.012341575 0.93903387 0.031658623 0.007489 0.00015725772 0.00075116917 0.051561076 0.82602435 0.14801036 0.0004194823 0.0003095884 0.4889914 0.02668398 0.00051631115 0.005424266 0.123195626 2.088097e-05 2.6883347e-06 0.008679149 0.0010620035 0.17339486 0.00018110455 0.00062656717 0.00020566212 0.16665572 0.00010700497 0.048542123 3.851864e-06 3.348074e-06 7.1289985e-05 0.004650219 6.809714e-06 6.825698e-05 7.425021e-05 0.11817913 2.799254e-06 0.043105748 0.043889936 0.12138803 5.3645716e-05 0.12149003 2.4950621e-05 2.535636e-06 2.5216157e-06 0.004736327 0.0001823597 1.081538e-06 0.04514876 3.503176e-07 1.4972706e-07 2.3503044e-07 3.5799658e-06 0.009688095 0.02485579 0.019757517 2.1294404e-06 6.774599e-06 1.7893584e-05 0.0044745393 1.7873142e-06 0.0056116204 0.00484253 4.0330942e-06 9.62878e-05 5.1365273e-06 2.593655e-05 0.0001928223 0.0031349114 0.0060771033 6.202633e-06 0.0066518052 4.030374e-05 0.0072498773 4.5391944e-06 3.3092508e-06 7.073189e-07 0.0058936644
6.758147e-07 3.7034113e-06 0.0010500393 0.0061675576 7.3805827e-06 6.330886e-07 1.1638302e-05 1.7731758e-09 2.8871616e-08 1.1698163e-06 5.8339285e-08 1.853096e-07 0.8636065 1.0796955e-06 4.6895025e-07 4.5673534e-08 0.6676709 0.0006785249 1.5380466e-06 3.6544634e-07 2.7669396e-08 1.0816774e-06 2.8355844e-22 0.011401585 6.587742e-10 1.1609851e-06 4.1714343e-09 7.815669e-09 0.53748965 2.404245e-10 0.00026808155 2.2786777e-07 1.7235097e-08 0.029800294 1.1319594e-09 2.3545199e-07 3.1369495e-05 1.5239213e-09 2.1514122e-08 1.1312851e-07 1.5531779e-09 3.751308e-09 4.665083e-08 1.0138578e-09 5.5242407e-07 3.887691e-10 2.544895e-08 8.555849e-09 3.0238027e-07 4.341585e-10 4.2221462e-08 2.459436e-09 5.243938e-10 2.3257099e-10 1.7434061e-07 3.1891394e-09 8.737706e-09 6.457645e-08 3.0031367e-07 2.4087679e-09 2.4355725e-07 9.989656e-05 3.579092e-06 1.433084e-08 9.422751e-07 6.3371615e-09 1.2738796e-08 1.4559619e-09 4.2435352e-07 2.5506426e-07 1.7823232e-10 1.2901564e-06 1.2478207e-09 1.238866e-09 4.93885e-10 7.1718014e-09 3.7081577e-08 1.209565e-06 0.0003659592 3.0533598e-09 1.1853177e-09 4.746333e-09 1.0975938e-06 6.922962e-10 3.841091e-06 1.377987e-05 6.970728e-10 3.826902e-07 6.721711e-10 5.779681e-08 5.189665e-08 6.362924e-07 0.0063451095 4.7896527e-11 2.664068e-06 7.045146e-08 2.7157316e-06 1.8836686e-10 8.107695e-11 1.3444607e-09 4.0655286e-06
0.10595867 0.0004215243 0.04905064 0.002396623 0.0053487895 0.00032365284 0.08813631 1.270141e-06 0.00041800868 0.11085365 6.0866846e-06 0.04116126 0.88516986 0.17583418 0.014304092 0.0014119517 0.0045399675 0.94905484 0.279615 0.006734237 0.0005594743 0.043621026 0.011401585 8.878755e-17 0.00017880047 0.13300946 0.0001727591 0.0001461342 0.5707139 4.4131484e-06 0.9333362 0.028099932 0.0007264345 0.27287346 1.4416995e-06 0.13624056 0.406528 1.2963008e-06 7.799103e-05 0.0014333855 1.5325238e-06 1.628833e-07 8.8216686e-05 1.8177567e-05 0.0040698117 2.0541327e-05 1.469967e-05 5.259437e-05 0.020929964 1.531686e-05 0.0015679768 9.73241e-07 1.97081e-06 6.5219747e-06 3.9544043e-06 3.3105134e-06 3.7564565e-05 2.299289e-05 0.007232879 2.6936161e-06 0.0016024866 0.25769782 0.09061087 4.599832e-06 0.10141534 9.630469e-07 2.2734466e-07 6.932935e-07 5.800214e-05 2.2616545e-05 1.9328782e-07 0.01967053 4.8739278e-08 2.4037938e-08 2.6463765e-09 6.181136e-07 7.996299e-05 0.008761885 0.16927701 4.1728534e-08 3.6460058e-08 1.0402281e-06 0.00018811288 9.064559e-08 0.010268907 0.048047304 2.6329266e-07 4.8788087e-07 1.934703e-08 1.2484195e-07 3.028787e-07 4.778553e-05 0.027529232 2.0811752e-08 0.0022234526 2.354722e-07 0.0006525493 1.2638367e-07 1.110668e-07 1.3854849e-07 0.004655053
0.18762225 3.111923e-05 8.030238e-05 5.2293713e-06 0.0014129789 0.0005521179 0.001287008 0.0007702436 0.13753088 0.0001975247 0.15250367 0.00095436355 4.9856194e-06 0.00017380781 0.0018315831 0.5818978 4.1824015e-07 3.707382e-05 0.00021658184 0.055270027 0.76805043 0.012341575 6.587742e-10 0.00017880047 3.8563648e-20 0.0053258613 0.98567665 0.4409254 7.630358e-08 0.12136217 0.00035095343 0.06806781 0.66649693 2.3970774e-06 0.037598666 0.010156886 8.674265e-05 0.205048 0.6658853 0.15076809 0.029814394 4.4238244e-05 0.18318254 0.074218765 0.09670067 0.006583705 0.07503165 0.0032489651 0.017919386 0.010299943 0.043781817 4.6197606e-06 0.006326076 0.0028411758 0.035842344 0.0025362363 9.773418e-05 2.798188e-05 0.006330594 0.00033914275 0.017889395 0.0009972142 0.0028853314 0.0031555856 0.0018928214 0.0022407377 0.00030565812 8.3231585e-05 0.009386791 1.5651134e-05 4.946878e-06 0.0012260262 3.4251563e-05 3.1991098e-05 5.297435e-06 1.5528316e-05 0.0100554805 0.00046425703 3.383658e-05 3.7735101e-06 0.00020424854 1.34695965e-05 0.008107407 0.00025779012 0.0005291876 9.6969074e-05 4.6262082e-07 0.0015987323 3.529366e-05 0.0010259318 0.0020284075 0.0038380097 0.0012707923 0.00059883774 0.0008528389 0.0017336656 0.0009588603 9.875416e-06 9.635398e-06 5.342406e-08 0.0011246073
0.71660924 0.0021157977 0.015457093 0.00040097677 0.034056984 0.0006274051 0.24568374 3.4594057e-05 0.1485427 0.36904678 0.0017379133 0.45651132 0.044087786 0.64881015 0.6300629 0.082694925 6.393093e-05 0.38587502 0.7277013 0.5619969 0.027563456 0.93903387 1.1609851e-06 0.13300946 0.0053258613 4.9707905e-18 0.0048916843 0.0018127839 0.0021810003 5.219498e-05 0.10523142 0.8026261 0.04115713 0.0008601601 1.9035308e-05 0.8827896 0.09023941 4.7174657e-05 0.00060661277 0.06465813 1.96207e-05 9.296503e-07 0.00058633805 9.103262e-05 0.11540473 5.9530772e-05 1.41600785e-05 4.2916818e-05 0.1613897 4.5116594e-06 0.030345012 3.5532141e-06 4.3037107e-07 4.0894747e-06 0.0009358367 3.0636213e-07 1.7118376e-05 2.3576276e-05 0.1698305 6.568643e-07 0.04419889 0.15531197 0.21428394 2.2661982e-06 0.1950883 9.539517e-07 1.0542061e-07 2.3455708e-07 0.0019075307 9.559899e-05 8.4860136e-07 0.080537334 1.5797452e-08 5.6085594e-09 1.3098848e-08 8.7909564e-07 0.0048120334 0.044936482 0.09906689 6.994415e-08 1.10978924e-07 4.691652e-06 0.0047741667 1.11272485e-07 0.020518182 0.030129345 9.191912e-07 3.9741167e-06 1.6148753e-07 1.0569216e-06 9.5492745e-05 0.005010198 0.013906065 2.8342865e-07 0.017775292 5.0084177e-06 0.015236106 9.274578e-07 6.082619e-07 3.566619e-07 0.015302274
0.32659417 4.9734175e-05 9.226964e-05 1.1543999e-05 0.0023853586 0.00038687847 0.0015233832 0.0006596863 0.16405828 0.00027191034 0.13123043 0.0013179773 1.4866081e-05 0.00033721846 0.0025241459 0.55671436 4.3454813e-07 2.5536048e-05 0.00016300786 0.10465238 0.5416532 0.031658623 4.1714343e-09 0.0001727591 0.98567665 0.0048916843 6.0587203e-22 0.2823353 1.0492639e-06 0.09762903 0.00049635477 0.2386885 0.86050785 5.581036e-06 0.03733189 0.02647319 0.00052816264 0.21355836 0.7169299 0.4252967 0.036182392 2.6467433e-05 0.36552945 0.13577121 0.24550283 0.006582506 0.1440801 0.003574419 0.069335066 0.011170778 0.079668485 8.489086e-06 0.0033816448 0.0027452977 0.08230337 0.0016525281 0.00010584803 7.6246666e-05 0.025012488 0.00014955617 0.035888623 0.0019916126 0.009351805 0.0020543288 0.00659859 0.0014277046 8.6416e-05 2.3610904e-05 0.035091594 5.711347e-05 1.8247868e-06 0.002684437 1.3893298e-05 3.6558383e-06 1.1500348e-06 7.982702e-06 0.028626649 0.0011851975 0.00023476445 9.993735e-07 8.610826e-05 1.1147992e-05 0.010901919 3.040392e-05 0.0009498644 0.0003635588 7.146615e-07 0.001856697 1.960451e-06 0.00048435133 0.0012109177 0.0029554951 0.0008238701 0.00017734982 0.0012561278 0.0006371821 0.001540601 2.522679e-06 2.9509306e-06 6.524388e-08 0.0010488788
0.021547124 5.9557597e-06 3.7570547e-07 4.7212798e-06 0.00026549405 0.00012139713 2.4679573e-06 0.0003968243 0.0071400898 7.631534e-05 0.45135352 0.0004786982 2.8055441e-05 0.0001624794 0.0010205073 0.21002123 2.399561e-08 9.734159e-06 0.00028067201 0.0067679384 0.7670386 0.007489 7.815669e-09 0.0001461342 0.4409254 0.0018127839 0.2823353 2.1444356e-19 3.3866581e-06 0.9757627 0.00019425366 0.042821538 0.19959685 3.2271324e-05 0.5280376 0.0017617504 6.1088496e-05 0.7582884 0.5551486 0.056184288 0.6106864 0.00080591 0.115484335 0.25607017 0.01788346 0.1960491 0.1167503 0.09682437 0.0028518673 0.024004273 0.007872636 7.985585e-05 0.041512053 0.008953617 0.008827978 0.004423498 0.0061844676 0.0006227168 0.001532844 0.0013653389 0.0023763669 0.0011147643 0.00436952 0.0007696419 0.0026262838 0.000611985 0.0014042658 0.0003242389 0.0027202072 0.00044225508 3.2627886e-05 0.0006158744 0.00029273302 0.00021021764 0.00022543149 0.00029304056 0.0017836067 0.00073133473 0.00036017576 0.00015470055 2.9494777e-05 0.00015949897 0.0017192008 1.5203112e-05 0.0045663747 0.00021923729 4.9339942e-05 0.0010301466 5.2827974e-05 0.00016618708 0.00033887406 0.00089148903 0.0013473254 0.00018604014 0.0052627414 0.00016286709 0.0035362141 5.757959e-05 5.4941513e-05 1.18258085e-05 0.0019214514
0.009656589 6.422677e-07 0.01645892 0.002563481 5.4425723e-06 0.00024258101 0.0010587664 5.5110957e-07 5.0954145e-07 0.0002682056 1.18074e-06 3.251795e-05 0.84118927 0.0005143478 2.2695363e-05 2.5889472e-05 0.017496284 0.09403603 0.0019581476 4.795268e-06 1.2464578e-05 0.00015725772 0.53748965 0.5707139 7.630358e-08 0.0021810003 1.0492639e-06 3.3866581e-06 2.2073419e-17 3.0869901e-07 0.09740677 0.00016604309 1.5308397e-06 0.9847139 4.6159357e-07 0.00085235387 0.029730698 1.1463059e-07 6.621664e-07 3.759415e-06 7.1411233e-07 8.6625384e-08 1.2273937e-06 3.2793562e-07 2.6097952e-05 2.838202e-06 4.7760875e-07 9.770273e-06 0.00012332121 3.8083084e-07 1.2052716e-05 6.2680066e-08 1.2471402e-07 6.665108e-07 3.196827e-08 6.2440085e-07 2.689458e-06 2.2832862e-06 1.135753e-05 1.5945106e-06 5.6017147e-06 0.029017529 0.0008794244 1.2043449e-06 0.0009402738 1.234799e-07 2.1372577e-07 1.721904e-07 1.4423877e-07 1.8485078e-06 1.460954e-07 0.00021629228 1.0161912e-08 2.4524855e-08 1.9590979e-10 1.9950335e-07 5.3729275e-07 0.00019330876 0.07966939 8.3700125e-10 2.2331787e-07 5.369982e-07 1.0988135e-05 2.353788e-07 0.00028001968 0.0060756807 4.2188923e-09 2.0722682e-05 8.7294044e-10 3.5066341e-06 1.11802635e-07 1.469363e-05 0.02367261 1.8139934e-09 0.00018687695 5.815043e-06 1.8847608e-05 8.670071e-09 8.069534e-09 3.569081e-08 0.0010675509
0.0023907116 5.535687e-08 1.5920747e-08 4.9169563e-07 4.099475e-06 2.247948e-05 1.2901987e-07 8.7045446e-05 0.00045220647 1.1966217e-06 0.5056344 5.3755084e-06 1.3811913e-06 1.9341257e-06 4.272627e-05 0.032849208 2.1622222e-09 2.58514e-07 7.010102e-06 0.00058272405 0.33672774 0.00075116917 2.404245e-10 4.4131484e-06 0.12136217 5.219498e-05 0.09762903 0.9757627 3.0869901e-07 1.5479522e-20 6.3348507e-06 0.002168885 0.037076954 1.1452705e-06 0.8456945 6.251713e-05 2.7243712e-07 0.41947526 0.2887014 0.008811396 0.28390515 0.012242076 0.026335686 0.055794336 0.0029596286 0.11791193 0.017264927 0.1506175 0.00014459089 0.0016284551 0.0017272633 0.00038247055 0.0019070541 0.00037128944 0.00036207007 0.0005296388 0.003831283 0.0003739498 8.806934e-05 2.9836448e-05 0.0002411815 7.291908e-05 0.0001877494 5.7827387e-05 0.00012829139 2.3787348e-05 5.999876e-05 8.346698e-06 8.7444496e-05 5.9503865e-05 1.6140865e-06 0.00044689036 4.5972624e-06 1.0727726e-06 1.6722826e-06 3.117803e-06 0.00019848169 0.0004557862 1.8958293e-05 2.9678024e-06 1.1242421e-06 2.6663993e-06 0.0006539358 1.1490548e-06 0.0024008434 9.356551e-05 2.828852e-06 0.00012833482 2.8451395e-06 4.4364482e-05 0.00012523995 0.00073860213 0.00033415636 1.8927636e-05 0.007723643 3.3292934e-05 0.0022934617 2.900089e-07 2.0490084e-07 5.5203697e-07 0.0011522047
