7.175227e-30 0.80331564 0.83919376 0.8396791 0.9009077 0.9275757 0.9591585 0.2756105 0.6580938 0.7861426 0.9555597 0.7175862 0.14542808 0.2524478 0.38222668 0.5073582 0.91232663 0.9206231 0.18037975 0.05640004 0.17304549 0.4898828 0.4563666 0.15545282 0.41108438 0.67314595 0.028818 0.9439544 0.54536057 0.19775984 0.004024625 0.9019469 0.068976596 0.3288343 0.042063333 0.103341915 0.002401788 0.9070571 0.6639459 0.0113243265 0.8526005 0.008827379 0.0129169775 0.9380143 0.883131 0.0016883749 0.85607624 0.58285487 0.0028919997 0.7536396 0.9579043 0.0007011212 0.6539578 0.8980011 0.0010797157 0.001684624 0.766544 0.9496363 0.36141172 0.00025190058 0.9210309 0.008130086 9.290406e-05 0.03726158 0.0004235922 0.011848494 0.9951044 0.9740686 0.7372614 0.14112738 0.00039074718 0.91957474 0.0032074146 0.09999776 0.9964665 2.2722359e-06 0.9882868 0.29107058 2.5481497e-06 0.96063304 0.99858755 0.988423 0.97929025 0.5289735 0.07215208 0.0053754905 0.9943496 0.00011535005 0.9812534 0.58591646 5.3204443e-05 0.0039238357 0.024271956 0.9970171 0.99987006 0.24862379 1.7115422e-05 0.9990776 0.99628097 6.466362e-07 4.775466e-06
0.80331564 6.639073e-20 0.7871256 0.9538205 0.73487335 0.18561326 0.9595579 0.40737846 0.069693625 0.18775679 0.42745253 0.11231111 0.26841635 0.028641595 0.1542605 0.26304018 0.022370387 0.025474476 0.018549865 0.1536461 0.0058145807 0.00010012853 0.0007153346 0.0001675867 6.993372e-05 0.0006696091 0.16946174 0.0010408444 0.00096249516 0.019796982 0.027560148 0.0031872627 6.065433e-05 1.0308085e-05 6.901898e-05 0.02377069 0.00866782 0.002956668 4.9435363e-05 0.011494878 0.005692261 0.0003914469 7.0372e-05 0.201911 0.0029284095 0.019475339 4.836534e-06 1.743566e-05 9.709039e-05 0.0002582392 0.0041830996 8.193658e-05 3.1079875e-05 0.01336187 0.009702884 8.613063e-06 0.00013844765 9.381487e-05 7.1291615e-05 0.0013890397 9.493902e-05 7.590785e-05 0.0021828315 6.072031e-05 0.001276046 6.682688e-05 0.06146292 0.0013373804 0.00043946694 3.6258982e-06 0.00087002345 2.1453774e-05 2.7848822e-05 1.7166251e-06 0.04918973 1.3785824e-05 0.011798638 7.742888e-06 7.223324e-05 5.9992642e-05 0.020186221 0.00029491587 0.0010347532 0.0011340284 2.9528297e-07 0.0031371573 0.0010508788 0.00036274077 0.0013520306 7.3990006e-05 3.5427198e-05 3.0094197e-06 5.8920654e-07 0.0021389916 0.0020092882 3.4177702e-08 0.00023912391 0.002991995 7.976368e-05 3.7618378e-05 4.1084727e-06
0.83919376 0.7871256 1.3258886e-20 0.7524063 0.7903497 0.36331558 0.43228754 0.98483944 0.25167572 0.06336745 0.21976665 0.028335895 0.49050865 0.18637763 0.028013775 0.124154955 0.025542753 0.008774933 0.0047440464 0.5397041 0.0012512261 0.00027367836 0.0003314867 0.00047220214 0.00016969594 9.643705e-05 0.5425933 0.00021161238 0.0011909163 0.13385907 0.060713686 0.010466785 3.3797973e-05 1.0321807e-05 2.7759488e-05 0.008272674 0.026605789 0.0047569443 3.994531e-05 0.007373207 0.014371292 0.0001728789 4.936587e-05 0.06802623 0.006370648 0.12078573 5.616093e-06 8.075071e-07 0.006891299 0.00011823221 0.009369163 0.002739139 2.4253402e-06 0.005611016 0.08951889 1.0791252e-06 5.8783036e-05 2.2328124e-05 1.1577489e-06 0.00087144965 7.930623e-05 0.00044064326 0.001381161 3.467389e-05 0.018504566 5.7411166e-06 0.028233556 0.00031228352 0.0004119109 1.0244994e-06 0.0033941292 8.3125764e-05 2.0049124e-06 3.7540465e-07 0.025690071 7.379024e-05 0.006271446 3.0955234e-06 0.0004535287 2.4012703e-05 0.0018202452 0.0005442806 0.00024412875 0.0016130356 2.2516429e-07 0.00048054956 0.00015800304 5.7155918e-05 0.002246593 8.649805e-05 8.915979e-06 2.9288503e-07 4.278441e-07 0.0009661563 0.00012702114 1.1238095e-07 0.00034478254 0.0009546585 4.8865295e-05 4.9368864e-06 2.4676178e-08
0.8396791 0.9538205 0.7524063 2.7159987e-17 0.2992607 0.027729452 0.9570608 0.5210605 0.015465203 0.28922045 0.06146433 0.24599464 0.4772218 0.011818115 0.23270027 0.4210692 0.0034126996 0.055990785 0.037198927 0.19985613 0.020205794 3.0984167e-05 0.00043042778 7.2373565e-05 5.5745386e-05 0.0028772184 0.14244942 0.0052961023 0.0004893966 0.0074560298 0.041557703 0.0011464208 1.5261554e-05 3.6138983e-06 6.503838e-06 0.036574014 0.016310537 0.0016017471 9.436047e-06 0.028225753 0.0035252876 0.00025000176 6.8927875e-05 0.13697208 0.0026705118 0.032394726 9.810435e-07 0.00026888066 0.0002302687 0.001488172 0.002641289 0.00015943192 0.0002879902 0.016746985 0.015372806 2.5563936e-06 0.000711521 0.000794129 0.00030339722 0.0038654916 5.1403567e-05 2.7301503e-05 0.0066055343 0.001066693 0.0022299825 0.00054921117 0.039039932 0.0031399727 3.4899844e-05 5.8786617e-07 0.0008955678 4.458617e-06 7.2967356e-05 0.00019019586 0.03155689 7.695435e-06 0.0060448158 8.256292e-05 6.9613394e-05 0.00042768853 0.03057106 0.00017124916 0.004445061 0.00094172766 2.1549105e-05 0.0012203121 0.0032022023 0.00055971765 0.001047751 0.0009450646 2.9711657e-05 1.8831911e-06 1.8630779e-05 0.0015906324 0.004099249 2.2040726e-06 0.00045315234 0.0017165673 0.00086784194 2.7167198e-05 1.1691884e-06
0.9009077 0.73487335 0.7903497 0.2992607 3.453784e-17 0.9590152 0.43799904 0.11781199 0.67183244 0.00786214 0.9116869 0.007177919 0.019707665 0.103329025 0.005881483 0.008202059 0.51700675 0.0010103422 0.0026092762 0.03143448 0.0005240559 0.050455134 0.08855454 0.009597632 0.013509671 2.7394066e-05 0.22560269 0.00013055137 0.019686755 0.10197376 0.0048049255 0.04171929 0.0019474726 0.0011783733 0.001673481 0.0012080923 0.003929572 0.017207576 0.0016512892 0.0011147318 0.06961917 0.0014333847 0.0012056057 0.1315532 0.03864181 0.02907416 0.00020353202 5.6307476e-07 0.035413377 0.00017730755 0.055456404 0.0072438717 3.457801e-06 0.0073040603 0.029109318 6.841789e-05 0.000138699 7.768676e-05 1.1636344e-06 0.00039169803 0.0029042682 0.001949219 0.00018411591 3.5508685e-05 0.010706254 9.9645895e-06 0.09038595 0.00061778916 0.0060280454 2.6272031e-05 0.0041780407 0.002946335 3.4085426e-06 4.126229e-06 0.112112075 0.0003044421 0.08421155 1.4385168e-05 0.00041406252 9.956624e-05 0.017995726 0.0057810713 0.0005592049 0.013144695 1.5078025e-07 0.0008515809 0.00030102668 0.0003084973 0.0177483 0.00016179039 4.075523e-05 6.567472e-07 6.188721e-07 0.014209253 0.0015605527 1.9211112e-07 0.0013008589 0.014972637 0.00020441027 1.2355494e-05 9.3251884e-08
0.9275757 0.18561326 0.36331558 0.027729452 0.9590152 1.0243193e-16 0.012836979 0.025978569 0.88729095 0.0012832546 0.57050633 0.0009098358 0.005669953 0.4179168 0.000860739 0.0007341762 0.5300255 0.0001529169 0.0005094696 0.013573811 8.901692e-05 0.4478057 0.6863728 0.11576669 0.15036786 5.164658e-06 0.19760169 1.730433e-05 0.05212835 0.22861725 0.0026887953 0.08348771 0.035872314 0.021925854 0.033039182 3.708287e-05 0.0022556353 0.06982109 0.010205725 8.2759216e-05 0.11696078 0.018450912 0.021536337 0.035175726 0.09897925 0.0139788175 0.0006443702 2.6074443e-07 0.116060585 0.00011008016 0.100939795 0.04321923 1.7563084e-06 0.0014158344 0.024362553 0.00026042896 5.9865586e-05 2.6798378e-05 4.534947e-07 4.9824845e-05 0.01645148 0.036773853 1.6731052e-05 1.1468351e-05 0.02623699 1.0623006e-06 0.050314177 0.00016401146 0.020325214 0.0006484166 0.010456823 0.005246808 8.269569e-07 1.9137412e-06 0.08124077 0.0008653093 0.058775194 1.2149251e-05 0.0014935215 4.248666e-05 0.0028543856 0.0130944345 6.933935e-05 0.021348698 1.06531935e-07 0.0007205178 0.00010775857 0.00023487756 0.031274788 5.242486e-05 0.0008817641 6.765182e-07 3.9366162e-07 0.018906003 0.0004490056 1.2671579e-07 0.0008711335 0.019293321 0.00013350681 1.4862879e-05 6.709089e-08
0.9591585 0.9595579 0.43228754 0.9570608 0.43799904 0.012836979 9.6283765e-20 0.16981243 0.0072566457 0.35703236 0.42976117 0.3119956 0.16122356 0.002725785 0.13401133 0.21074286 0.0048068413 0.15716211 0.03137613 0.075560756 0.014030144 1.2538448e-05 0.00012474491 3.8628656e-05 2.6863588e-06 0.0024529914 0.06521685 0.008155121 0.00032611197 0.002157156 0.01175765 0.0024822154 3.554614e-06 4.2124998e-07 6.120492e-06 0.023809481 0.0036559382 0.0016520767 4.5442443e-06 0.012518561 0.0063195853 9.2139686e-05 2.1514237e-05 0.6950527 0.0023659423 0.0039553894 9.4258166e-07 5.8469657e-05 1.4968824e-05 0.0031480908 0.004439136 2.6105396e-05 7.53126e-05 0.1820396 0.00086192397 3.2528665e-06 0.00064097357 0.00090057007 0.000101413985 0.0018664828 2.423041e-05 4.5120423e-06 0.0022660904 0.00032331227 0.00033611705 0.00028880048 0.24141768 0.0096098175 9.343131e-05 1.359591e-06 4.449961e-05 4.7245635e-06 4.9808743e-05 1.572068e-05 0.23174839 4.7601707e-06 0.03655261 6.740184e-05 4.236528e-05 0.00017785271 0.18959732 0.00018557692 0.005777177 0.001726905 1.2490162e-05 0.0017194033 0.004205165 0.00023860135 0.0011803162 0.0005501099 1.7193312e-05 7.247129e-07 5.3735553e-06 0.0016968664 0.0142405145 2.1435366e-07 0.00019922205 0.0032464438 0.00017532075 2.366329e-05 9.456285e-07
0.2756105 0.40737846 0.98483944 0.5210605 0.11781199 0.025978569 0.16981243 3.752962e-20 0.03046412 0.06360893 0.017142067 0.022988511 0.9110917 0.03565336 0.08361793 0.43603176 0.002630085 0.005498369 0.010831222 0.9008075 0.004051889 1.6800874e-05 4.9744798e-05 5.5008208e-05 1.6940205e-05 0.0003746491 0.5733957 0.00051734055 9.833994e-05 0.04462355 0.26322827 0.0006023138 3.0225353e-06 8.0226056e-07 1.9832275e-06 0.05423437 0.056370508 0.00030394946 4.945396e-06 0.041548695 0.0010707938 0.00010500466 1.1861772e-05 0.011318145 0.0005079443 0.14943726 2.7187064e-06 5.759543e-06 0.00097401347 0.00010593457 0.0007123334 0.0005094735 8.328315e-06 0.0013526521 0.07832221 1.1282935e-06 1.5929489e-05 2.0314195e-05 5.5135642e-06 0.0028398416 6.412636e-06 0.00016039773 0.00401781 0.000103162616 0.015229105 5.5999553e-05 0.0020751636 0.0001390094 1.8652077e-05 4.5027937e-07 0.002863518 4.5617385e-06 1.3118207e-05 1.0130271e-06 0.001694397 1.8566323e-05 0.00038417155 2.229794e-06 0.0003258701 2.928996e-05 0.0005961232 3.196018e-05 0.00014023186 0.00016380246 3.2218588e-07 0.0011206124 6.919883e-05 0.000672421 0.0002836381 4.1700114e-05 1.6881693e-05 1.1875784e-07 6.600708e-07 0.00025228353 0.00017662032 2.3344154e-07 0.0006426626 0.00017748891 8.123919e-05 5.196081e-05 1.936501e-08
0.6580938 0.069693625 0.25167572 0.015465203 0.67183244 0.88729095 0.0072566457 0.03046412 6.443853e-19 0.00046820962 0.2512162 0.00048239334 0.0013332441 0.98714197 7.796761e-05 4.8858445e-05 0.29151785 6.472303e-05 0.000107982225 0.014544711 2.5958376e-05 0.078892164 0.57410395 0.050184958 0.042133953 1.9116698e-07 0.19052024 9.569806e-07 0.09480406 0.3743888 0.0024074924 0.1114873 0.013884988 0.011653086 0.017851977 8.551792e-06 0.0021401176 0.072184786 0.02051914 5.166976e-05 0.09361362 0.08841987 0.04806732 0.02150403 0.06540823 0.007838276 0.0008745997 1.4146337e-07 0.0785469 7.179268e-05 0.051221933 0.04133742 2.5738856e-07 0.0005722668 0.010843087 0.00035141062 1.5126881e-05 5.8590704e-06 5.6869943e-08 8.101825e-06 0.015928084 0.059471577 3.646135e-06 4.8929255e-06 0.01401983 3.3980818e-06 0.0254756 2.9963112e-05 0.012070011 0.00012411704 0.011835568 0.0030473475 5.536664e-06 1.0964724e-06 0.03111878 0.0012280385 0.028581986 2.247616e-05 0.0012432833 5.255724e-06 0.0007403762 0.011413068 6.052074e-05 0.018237172 1.4058375e-06 3.063619e-05 4.965872e-05 4.2007458e-05 0.02334689 0.0001074462 0.0064568697 1.4751713e-07 9.591968e-06 0.009549135 0.00012687754 1.1059503e-06 0.00018410818 0.0074876677 7.405538e-05 3.3849565e-06 1.1586446e-08
0.7861426 0.18775679 0.06336745 0.28922045 0.00786214 0.0012832546 0.35703236 0.06360893 0.00046820962 1.5927061e-16 0.003386793 0.9645324 0.22702394 0.0011551237 0.7966141 0.70906794 0.00019470694 0.68316853 0.72470564 0.064361766 0.5801713 8.877335e-07 7.2042917e-06 2.9929538e-06 4.207114e-06 0.22646852 0.04373167 0.06427765 2.3208988e-05 0.00081924204 0.018402468 6.179409e-05 6.024186e-07 3.81258e-08 7.070788e-07 0.22315626 0.0049930476 0.00011144214 1.4891529e-06 0.075995624 0.00045465853 3.4030843e-05 3.4728043e-06 0.122277655 0.00031922664 0.0062646857 2.6049872e-06 0.000682718 1.4189224e-05 0.0022658547 0.00027585958 1.519701e-05 0.000977183 0.065412685 0.0015797111 2.9767712e-06 0.0007693542 0.0018241102 0.0011855558 0.011935127 2.7552746e-06 7.3402174e-05 0.010677515 0.0026776113 0.00036540086 0.0023055724 0.015094811 0.005873476 2.9345304e-06 3.0881608e-06 0.0003565951 1.4853603e-06 0.0002882125 7.7855635e-05 0.007612751 4.346897e-06 0.00070902763 0.00027359693 1.5216763e-05 0.00047025556 0.024409935 9.576265e-06 0.004969108 6.151333e-05 1.362133e-05 0.0075391256 0.0062564015 0.0009511707 0.00020111726 0.0013440547 0.00010992416 1.7309371e-06 8.865326e-06 0.0003872306 0.0034887136 4.9317473e-06 0.00023536861 0.00082542695 0.00077994907 9.423938e-05 6.661435e-07
0.9555597 0.42745253 0.21976665 0.06146433 0.9116869 0.57050633 0.42976117 0.017142067 0.2512162 0.003386793 1.5134994e-16 0.003957314 0.0042178007 0.038666964 0.001540878 0.0023836358 0.9636089 0.001414872 0.0009626205 0.005516489 0.00013255517 0.3002612 0.049741723 0.01769427 0.051208876 2.2371883e-05 0.057965226 0.00024582676 0.24680898 0.023043593 0.00074841833 0.48224556 0.0025007806 0.0026009488 0.002062137 0.00014359652 0.00020142284 0.13021095 0.025600431 0.000115662 0.30645105 0.0006460223 0.0008143428 0.54049486 0.18756595 0.0018040048 0.00016045527 7.7698205e-06 0.0051422277 0.00051714666 0.23015934 0.0012459017 1.7841901e-05 0.045888692 0.0026181801 6.219755e-05 0.00026959268 0.00021603663 1.1364333e-05 3.614286e-05 0.020095173 0.000977148 6.29023e-06 3.5612711e-06 0.0022852253 3.758827e-06 0.35047 0.005142674 0.011775419 9.9865894e-05 0.00081763486 0.006064332 5.4936794e-07 3.318498e-06 0.5135735 9.480358e-05 0.38390848 4.4441258e-05 9.4141375e-05 0.00015725472 0.11919121 0.014727418 0.0022986666 0.06446092 3.347354e-07 3.0696112e-05 0.00097351713 0.00024864147 0.07417649 0.00012666284 3.651638e-05 6.785555e-07 1.8039857e-07 0.07509346 0.020404223 1.2188056e-07 0.0020699871 0.09986711 0.0001334886 1.3154876e-05 3.07488e-08
0.7175862 0.11231111 0.028335895 0.24599464 0.007177919 0.0009098358 0.3119956 0.022988511 0.00048239334 0.9645324 0.003957314 6.135977e-18 0.09656771 0.0013836579 0.56315714 0.43349883 8.3292565e-05 0.89993095 0.6252405 0.022646254 0.5709578 4.4807885e-07 2.1059107e-06 2.584821e-06 2.3307482e-06 0.50169796 0.03636547 0.39262563 5.199273e-05 0.00077643874 0.0056979014 8.072183e-05 7.324099e-07 4.6662127e-08 3.835645e-07 0.15125734 0.0016756983 0.00012155632 1.4941262e-06 0.027047947 0.00046488087 1.0334839e-05 2.6096548e-06 0.18484823 0.00023607338 0.0039772224 1.4639603e-06 0.0028653864 4.7927033e-06 0.02929027 0.00018642374 7.2618413e-06 0.008614958 0.24825577 0.0009475035 3.5198818e-06 0.00506455 0.009135215 0.006530854 0.0061081946 1.1658782e-06 6.413129e-05 0.0035336167 0.0088397255 0.0002410334 0.0060385144 0.026887203 0.028858159 2.3137065e-06 3.8820826e-06 0.0004727275 5.0042377e-07 0.0007351311 0.00015856216 0.009883703 1.9068193e-05 0.00076168875 0.0003529381 3.3431144e-05 0.00045855914 0.05397696 1.2258128e-05 0.011761766 9.683997e-05 4.3120963e-05 0.012168008 0.00782292 0.00046745292 0.00021654405 0.0010113737 8.151322e-05 5.0748645e-06 2.6551366e-05 0.00032442543 0.0035064837 1.5434798e-05 0.0001252095 0.00031754543 0.00093691185 7.134943e-05 3.0294152e-06
0.14542808 0.26841635 0.49050865 0.4772218 0.019707665 0.005669953 0.16122356 0.9110917 0.0013332441 0.22702394 0.0042178007 0.09656771 8.8218883e-20 0.00426547 0.48737767 0.9457472 0.00026681187 0.028027771 0.108067304 0.95852494 0.040911652 2.8996575e-07 1.6878355e-06 9.990048e-07 6.260358e-07 0.0069586947 0.5646269 0.0036866404 6.329253e-06 0.0055834404 0.66840863 3.260294e-05 9.119896e-08 1.5435186e-08 2.936333e-08 0.50415516 0.10848486 2.1325366e-05 5.3161324e-07 0.35036045 0.00015563237 1.1949094e-05 1.8431828e-06 0.007555648 0.00010249401 0.18084888 6.355943e-07 7.280734e-05 5.7696998e-05 0.00024417858 0.00010223766 1.8468401e-05 6.9605885e-05 0.0012246029 0.05630601 6.417754e-07 5.1151335e-05 0.00012340616 2.19234e-05 0.019523684 1.7032534e-06 3.3135824e-05 0.027912255 0.0003173556 0.0069115534 0.00023106305 0.00036029343 0.00014834649 8.49552e-07 3.527515e-07 0.00044704918 1.2875573e-07 1.2183317e-05 8.460403e-06 0.0003733896 3.0608428e-06 6.865922e-05 1.454172e-05 0.000104724546 0.00012256134 0.00056821806 2.396042e-06 0.00021040699 4.135775e-06 2.4558751e-06 0.008504584 5.2445714e-05 0.0015003767 2.1271986e-05 0.00016080315 1.08432505e-05 1.15386825e-07 3.7786485e-06 3.6070618e-05 0.00019517321 6.1172153e-07 0.0008986795 5.2424362e-05 0.00015011232 0.00028905642 1.565939e-07
0.2524478 0.028641595 0.18637763 0.011818115 0.103329025 0.4179168 0.002725785 0.03565336 0.98714197 0.0011551237 0.038666964 0.0013836579 0.00426547 9.91093e-19 0.00062476547 0.0008084422 0.060103957 0.0001567147 0.0005496392 0.021797663 0.00023887386 0.036954388 0.76265746 0.035557 0.024495324 1.6412638e-05 0.42051026 2.452742e-05 0.029071847 0.9134513 0.0075932285 0.032757543 0.029288936 0.014196108 0.049326938 3.949055e-05 0.010134109 0.016722502 0.005926968 0.00010765576 0.014186728 0.46510282 0.21358848 0.0020494456 0.0064455983 0.020731317 0.002396664 3.25417e-06 0.48414913 5.589817e-05 0.004376783 0.34984797 8.266909e-06 4.2884294e-05 0.03939424 0.00923664 2.4758177e-05 5.8073288e-06 7.5670187e-07 4.008288e-05 0.004308315 0.27871323 1.7877122e-05 6.05363e-06 0.07217341 4.700049e-06 0.0020430367 8.823566e-06 0.0074492497 0.00057742716 0.11394059 0.0024959298 2.4790036e-06 5.4440256e-06 0.005473426 0.021975763 0.0021061879 3.0019057e-05 0.009840776 2.9393184e-05 0.00044759628 0.0022621087 3.4468456e-05 0.0016947631 2.1681724e-06 5.3697317e-05 4.229461e-06 0.00025157045 0.0017785032 2.1910424e-05 0.042325597 8.9905015e-08 1.4646976e-06 0.0013310818 0.0006122612 3.3228523e-06 0.0013544424 0.0024267333 7.028112e-05 8.59229e-06 2.8680596e-09
0.38222668 0.1542605 0.028013775 0.23270027 0.005881483 0.000860739 0.13401133 0.08361793 7.796761e-05 0.7966141 0.001540878 0.56315714 0.48737767 0.00062476547 3.8549886e-17 0.9634074 8.9720656e-05 0.510243 0.89031374 0.08790321 0.6530848 1.6564775e-07 1.1193368e-06 4.2294627e-07 4.5042543e-07 0.23635705 0.0235085 0.02596669 5.4772345e-06 0.00039890833 0.028817479 1.7058812e-05 1.6466726e-07 2.8879052e-08 2.1036271e-07 0.4280159 0.0042707147 2.9654248e-05 6.3500966e-07 0.10460995 6.5512206e-05 1.5984653e-05 2.7214871e-06 0.022901788 6.528749e-05 0.0057622795 3.2086903e-06 0.00066129246 9.435219e-06 0.0022536798 4.7055182e-05 1.008528e-05 0.0009880522 0.020661836 0.0016000808 4.4612666e-06 0.0012257198 0.0026097517 0.0015087716 0.019247582 2.222347e-06 2.611319e-05 0.011988635 0.007390405 0.0003100304 0.0052831704 0.0031262757 0.0025260134 2.4078342e-06 1.9787105e-06 0.0004985026 7.1882494e-07 0.0004114333 8.781722e-05 0.0016550849 6.2112636e-06 0.0002428414 0.0007233205 1.2610051e-05 0.0013084399 0.008846646 3.1326845e-06 0.0040841843 2.9190242e-05 2.645383e-05 0.016074719 0.0025579853 0.0013456501 0.00014548386 0.0014382876 3.474953e-05 3.8397175e-06 2.7964032e-05 0.00026464465 0.0022209773 1.1333163e-05 0.00021664404 0.00036939903 0.0009862367 0.00013785214 2.7775495e-06
0.5073582 0.26304018 0.124154955 0.4210692 0.008202059 0.0007341762 0.21074286 0.43603176 4.8858445e-05 0.70906794 0.0023836358 0.43349883 0.9457472 0.0008084422 0.9634074 1.8995611e-18 3.404545e-05 0.303476 0.59004647 0.36760435 0.43427256 1.803885e-08 1.2522386e-07 1.0092649e-07 1.5481704e-07 0.17743401 0.057858065 0.01590641 8.1708095e-07 0.000336051 0.14254218 2.3756418e-06 3.1384644e-08 4.5201625e-09 2.99246e-08 0.8112886 0.017675802 2.4353994e-06 1.0120697e-07 0.3655561 1.5512447e-05 3.695403e-06 6.9808635e-07 0.021713588 1.1196268e-05 0.019582344 1.06202e-06 0.00029307045 8.922324e-06 0.002173231 9.210617e-06 3.620818e-06 0.00063355797 0.01315129 0.0048773973 7.9920596e-07 0.0007978223 0.0019959556 0.0005139332 0.04404493 3.6331335e-07 2.7585613e-06 0.030017398 0.0069930423 0.0007301723 0.006456238 0.0023416956 0.0017150799 7.893813e-07 6.520429e-07 0.00027166697 3.334024e-07 0.0003264944 3.9669165e-05 0.00075446203 6.314283e-06 3.0109573e-05 0.00031265157 1.5954818e-05 0.00050249096 0.0040876544 2.1131773e-06 0.002208464 1.0748326e-05 1.6759668e-05 0.027676681 0.00079044444 0.0017809543 0.00013843444 0.0009352326 6.1661076e-06 2.1122605e-06 1.3239238e-05 0.00011483132 0.0009566485 3.8608414e-06 0.00030153696 0.00016623495 0.00084040925 0.000271415 6.3886074e-07
0.91232663 0.022370387 0.025542753 0.0034126996 0.51700675 0.5300255 0.0048068413 0.002630085 0.29151785 0.00019470694 0.9636089 8.3292565e-05 0.00026681187 0.060103957 8.9720656e-05 3.404545e-05 1.181154e-16 1.6064734e-05 3.2419237e-05 0.0007191034 8.123179e-06 0.8075269 0.3745227 0.22832401 0.5022417 6.880479e-07 0.0126461815 6.249773e-06 0.59128726 0.03552017 5.6949484e-05 0.66378415 0.032738406 0.05239446 0.022876034 1.0038907e-06 2.4791729e-05 0.32510266 0.18179388 2.346384e-06 0.3377584 0.004721076 0.008245796 0.082847305 0.28443632 2.3298226e-05 0.0016515246 8.981144e-08 0.024020892 6.591086e-06 0.25359654 0.004914789 9.260763e-07 0.0012961989 0.00014555755 0.00020877874 6.252032e-06 8.510909e-06 2.3560249e-07 5.1791415e-07 0.114306845 0.0063216346 5.4173717e-07 4.6956427e-07 0.0011747563 8.906091e-07 0.063327335 6.431325e-05 0.051193137 0.00029991945 0.00060946314 0.018530583 2.3216668e-07 2.4627244e-07 0.12226828 5.7757174e-05 0.22934978 1.7717249e-06 7.479418e-05 2.0463332e-05 0.0018223026 0.047580186 0.00018514843 0.09358659 3.562212e-08 2.2824415e-06 0.00015220573 2.046708e-05 0.08364278 1.60502e-05 3.230723e-05 8.7134936e-08 4.8275016e-08 0.063265845 0.0013555745 1.1273212e-08 0.00096360326 0.0589639 3.830725e-05 7.2752994e-07 1.2259728e-09
0.9206231 0.025474476 0.008774933 0.055990785 0.0010103422 0.0001529169 0.15716211 0.005498369 6.472303e-05 0.68316853 0.001414872 0.89993095 0.028027771 0.0001567147 0.510243 0.303476 1.6064734e-05 4.347992e-17 0.5493593 0.009899183 0.6398043 1.233562e-07 1.1578371e-06 3.247713e-07 1.9440681e-07 0.84492666 0.014137755 0.9144679 4.8355014e-06 0.00012684343 0.0035310765 2.5577725e-05 2.3092721e-07 1.854803e-08 1.7357928e-07 0.101595625 0.0007270181 2.9606885e-05 1.09823716e-07 0.016732736 8.6384614e-05 1.17289455e-05 2.0037903e-06 0.18348593 3.4242614e-05 0.00011934512 6.844164e-07 0.08087282 2.9595944e-06 0.22902262 5.666144e-05 1.6189642e-06 0.102012046 0.5096996 3.1447194e-05 3.0829613e-06 0.08633003 0.10072248 0.05186384 0.0085430145 1.0774947e-07 1.2590536e-05 0.0021512085 0.08823452 1.1291801e-05 0.041618064 0.06146342 0.164394 2.861267e-06 1.6415494e-06 6.006735e-05 2.5208826e-06 0.010202319 0.004707283 0.020207385 8.8302033e-07 0.00088127813 0.002230693 2.6774735e-06 0.006723658 0.20125237 1.8948622e-05 0.11242986 6.9645794e-05 0.00052360975 0.04984512 0.07307938 0.00023246792 0.000163837 0.009225483 2.1869317e-05 1.4536937e-05 0.00021357535 0.00018555835 0.01716694 0.00012174914 8.3096595e-05 0.00028495362 0.012024227 1.2987825e-05 2.0224234e-05
0.18037975 0.018549865 0.0047440464 0.037198927 0.0026092762 0.0005094696 0.03137613 0.010831222 0.000107982225 0.72470564 0.0009626205 0.6252405 0.108067304 0.0005496392 0.89031374 0.59004647 3.2419237e-05 0.5493593 3.1531026e-17 0.02392045 0.9699344 5.337688e-07 1.5198713e-06 7.3200493e-07 1.7228032e-06 0.67247343 0.0124353 0.07633092 1.1376565e-05 0.00014387205 0.008455535 1.1374765e-05 4.0358702e-07 1.2311739e-07 3.9470177e-07 0.27328882 0.001961176 4.9525963e-05 2.2615088e-06 0.061255567 6.403046e-05 2.7894885e-05 2.6478174e-06 0.016353697 8.942492e-05 0.0017642415 2.0975883e-06 0.0036190925 1.094989e-05 0.008292061 4.9292063e-05 1.9409968e-05 0.0070814653 0.044210862 0.00020011529 2.6359205e-06 0.00303843 0.0040452676 0.010301512 0.01944338 1.8994893e-06 9.509289e-05 0.007700755 0.035452068 0.00016943284 0.01203096 0.0022632298 0.005926211 4.5460715e-07 3.5690744e-06 0.00020765682 2.0996656e-06 0.0013742193 0.00033012356 0.0011487043 1.0357413e-05 0.00026126378 0.00095726724 2.2369133e-05 0.002095924 0.0056483964 3.0217402e-06 0.005324152 9.527829e-06 3.593849e-05 0.017758196 0.0031143725 0.0007184603 8.504292e-05 0.0016270151 1.8454228e-05 1.5463662e-05 3.5207802e-05 0.00025893093 0.0015142137 2.2956454e-05 6.452441e-05 0.00037749644 0.0007949117 5.0156475e-05 4.2807374e-06
0.05640004 0.1536461 0.5397041 0.19985613 0.03143448 0.013573811 0.075560756 0.9008075 0.014544711 0.064361766 0.005516489 0.022646254 0.95852494 0.021797663 0.08790321 0.36760435 0.0007191034 0.009899183 0.02392045 3.5436124e-18 0.011940324 7.860801e-06 6.166187e-05 4.1025432e-05 2.7970884e-05 0.0037254968 0.90880543 0.0004693807 1.071017e-05 0.06094584 0.8940471 4.377567e-05 3.3389992e-06 8.815798e-07 2.065657e-06 0.16424485 0.5811885 4.5855297e-05 6.174028e-06 0.2432446 0.0002025078 0.00024385206 3.802923e-05 0.003407521 0.00034877504 0.34325618 5.2279547e-06 1.9267352e-05 0.0016548914 6.743655e-05 0.00021095488 0.0011365641 6.5055974e-05 0.00040287295 0.157009 5.051133e-06 2.4174116e-05 1.946276e-05 2.4865984e-05 0.017017225 5.76797e-06 0.00072587735 0.02069882 0.0003044064 0.041399613 0.00022757145 0.0003474189 2.3985787e-05 5.342829e-06 2.2449865e-06 0.003952486 5.618643e-06 3.5600915e-05 3.212893e-05 0.0007455557 6.145797e-05 6.239342e-05 1.2136154e-05 0.0027687917 0.00010076026 0.00032777572 4.037212e-06 6.141674e-05 7.95353e-06 9.328907e-06 0.0048807617 8.795464e-06 0.00221609 5.2586245e-05 2.6163292e-05 3.6781203e-05 6.429794e-08 4.8214292e-06 4.4258708e-05 0.00049124553 2.1953124e-06 0.0018124962 0.00010895489 0.00013286258 0.00040127037 4.8427555e-08
0.17304549 0.0058145807 0.0012512261 0.020205794 0.0005240559 8.901692e-05 0.014030144 0.004051889 2.5958376e-05 0.5801713 0.00013255517 0.5709578 0.040911652 0.00023887386 0.6530848 0.43427256 8.123179e-06 0.6398043 0.9699344 0.011940324 5.118501e-16 1.05690795e-07 6.2540624e-07 1.365189e-07 4.5381182e-07 0.92264813 0.009198946 0.31634763 4.7705507e-06 5.877014e-05 0.005191029 4.3527666e-06 1.8045844e-07 3.9278916e-08 1.5557589e-07 0.31189242 0.0007363744 1.0363589e-05 3.8747788e-07 0.051581215 1.1401111e-05 3.3106608e-05 4.1857957e-06 0.015852664 1.5388163e-05 0.00094016 3.3967403e-06 0.017932096 3.8244634e-06 0.03894309 1.2010697e-05 4.244116e-06 0.059133638 0.06437201 0.000113644914 3.5563498e-06 0.016312288 0.010558398 0.061851047 0.0158991 5.591129e-07 3.870259e-05 0.0029770834 0.16007198 9.312271e-05 0.067223415 0.0031585288 0.013654047 4.7160978e-07 4.0871587e-06 0.00034329217 2.962848e-06 0.007445453 0.0017996565 0.0011239329 7.726659e-06 0.00010881813 0.003753995 1.0476576e-05 0.0049364516 0.010743469 2.326846e-06 0.010061619 3.3005583e-06 0.00025361686 0.046739586 0.0075953905 0.0015758341 6.727403e-05 0.005397047 6.1449628e-06 0.00016084871 0.00019821063 0.00010382696 0.0020888897 5.328762e-05 2.3735096e-05 0.00022529758 0.0044076457 3.9295574e-05 6.782632e-05
0.4898828 0.00010012853 0.00027367836 3.0984167e-05 0.050455134 0.4478057 1.2538448e-05 1.6800874e-05 0.078892164 8.877335e-07 0.3002612 4.4807885e-07 2.8996575e-07 0.036954388 1.6564775e-07 1.803885e-08 0.8075269 1.233562e-07 5.337688e-07 7.860801e-06 1.05690795e-07 1.4252151e-18 0.72117907 0.9132752 0.9447967 2.4398789e-08 0.00037495402 3.8151424e-07 0.72488385 0.067009114 2.0397215e-06 0.4106686 0.2834525 0.48826846 0.25731328 7.657067e-08 7.7840417e-07 0.3847342 0.7112464 8.229167e-08 0.17770573 0.03546542 0.07550133 0.0015706002 0.14244492 4.2565986e-07 0.072641194 7.6115484e-08 0.045461446 4.1591306e-08 0.050730456 0.008004998 6.1965544e-08 4.1136955e-06 1.2570584e-05 0.0038438377 2.170988e-08 1.9589729e-08 3.7345405e-08 1.7101308e-07 0.17668696 0.14560509 2.0520667e-07 3.9176633e-08 0.00014673024 3.379768e-07 0.00068485626 3.4698928e-07 0.05198753 0.01717558 0.0006243878 0.024237538 2.0000282e-07 7.828276e-09 0.0047899466 0.00016027832 0.03682047 2.2269441e-08 8.379214e-06 3.820937e-08 1.1856489e-05 0.02167691 8.0710976e-07 0.038706053 1.0840328e-08 1.8439899e-06 3.1058715e-07 7.1113473e-06 0.021020249 1.5334105e-07 0.005043487 5.178403e-08 5.9805636e-08 0.011064352 7.604849e-05 9.36124e-08 3.3560773e-05 0.0060399203 2.8710224e-08 4.029978e-07 7.0610167e-09
0.4563666 0.0007153346 0.0003314867 0.00043042778 0.08855454 0.6863728 0.00012474491 4.9744798e-05 0.57410395 7.2042917e-06 0.049741723 2.1059107e-06 1.6878355e-06 0.76265746 1.1193368e-06 1.2522386e-07 0.3745227 1.1578371e-06 1.5198713e-06 6.166187e-05 6.2540624e-07 0.72117907 3.2733308e-19 0.77772224 0.7323479 1.15449254e-07 0.004268697 4.744878e-06 0.339128 0.60921144 4.013894e-06 0.13733512 0.811224 0.67253286 0.9354618 5.9430274e-08 1.1114033e-05 0.085452504 0.21365185 2.6926696e-07 0.05091609 0.8841326 0.8125687 0.00034444255 0.024768075 3.8945996e-05 0.19333471 7.667327e-08 0.41798717 2.510159e-06 0.00994757 0.23050807 4.37915e-07 2.2840702e-06 0.00033315213 0.12485816 3.8613882e-07 2.90096e-07 5.7656976e-08 4.7794873e-07 0.044175286 0.6971745 3.1912907e-07 1.435874e-07 0.0029897762 9.121528e-07 0.00015052533 5.8741557e-07 0.015620992 0.42457268 0.019413432 0.014153081 6.222691e-07 1.0016935e-07 0.0006640213 0.006839369 0.0016526093 1.7546134e-07 0.00014110439 2.4867882e-07 2.7291457e-05 0.0053150817 2.0301827e-06 0.0051148776 3.503587e-07 2.549799e-05 3.3017244e-07 1.0360916e-06 0.0024202724 4.792559e-07 0.15512463 5.6468824e-08 2.2974719e-07 0.0012035035 8.901845e-05 6.3648685e-08 1.1040982e-05 0.002167665 2.1931118e-07 1.18384456e-07 2.8384074e-08
0.15545282 0.0001675867 0.00047220214 7.2373565e-05 0.009597632 0.11576669 3.8628656e-05 5.5008208e-05 0.050184958 2.9929538e-06 0.01769427 2.584821e-06 9.990048e-07 0.035557 4.2294627e-07 1.0092649e-07 0.22832401 3.247713e-07 7.3200493e-07 4.1025432e-05 1.365189e-07 0.9132752 0.77772224 4.188813e-18 0.95436656 2.3671044e-08 0.00036819812 1.4694951e-06 0.26890406 0.057173897 3.6854817e-06 0.10452979 0.69857454 0.9212952 0.5496487 1.8722523e-07 3.2662301e-06 0.094734184 0.3032479 5.824959e-07 0.046930186 0.106500015 0.26987866 0.00042514325 0.029782686 2.8452941e-06 0.28740203 4.7802143e-08 0.05635286 5.279873e-08 0.009145596 0.0067467685 6.957492e-08 2.0112934e-06 1.7405322e-05 0.022295583 4.288382e-08 7.608515e-08 2.1063774e-07 3.5810924e-06 0.05895198 0.17363 3.1857733e-06 2.778825e-07 0.00013966678 1.7489958e-06 0.00039156002 1.8550179e-07 0.039861504 0.10007873 0.00053792674 0.02273269 9.2748877e-07 7.921338e-09 0.0009822372 0.00018119872 0.004391848 4.029384e-08 3.9894905e-05 2.8163228e-07 9.279917e-06 0.009321655 2.2316736e-07 0.009171034 2.3929783e-09 6.519674e-06 1.2016763e-08 2.0431917e-05 0.005357943 1.5905232e-07 0.0045098444 6.9233785e-08 2.1488736e-08 0.0020035994 2.6278647e-05 5.2423427e-08 1.1132184e-05 0.0017366079 2.0946397e-08 8.860217e-07 2.8379906e-08
0.41108438 6.993372e-05 0.00016969594 5.5745386e-05 0.013509671 0.15036786 2.6863588e-06 1.6940205e-05 0.042133953 4.207114e-06 0.051208876 2.3307482e-06 6.260358e-07 0.024495324 4.5042543e-07 1.5481704e-07 0.5022417 1.9440681e-07 1.7228032e-06 2.7970884e-05 4.5381182e-07 0.9447967 0.7323479 0.95436656 1.7559895e-18 3.1886184e-08 3.4935412e-05 2.9582893e-07 0.48758495 0.031891797 1.1544197e-05 0.25056162 0.44072855 0.77683276 0.4088762 1.2489053e-07 3.2419093e-06 0.25756243 0.6596046 1.103605e-06 0.1376432 0.061380535 0.10792753 0.00035567302 0.11572608 2.8615016e-06 0.5900488 2.4951822e-08 0.021329176 5.7177054e-09 0.033207312 0.0019454167 2.1584322e-08 7.436457e-07 8.201401e-06 0.007321119 2.2811149e-09 2.7529895e-08 7.7955e-08 9.886304e-07 0.20119937 0.07300182 1.3122279e-06 7.4293337e-07 6.68944e-05 1.7918907e-07 0.00015706632 1.0482251e-07 0.12210041 0.01692873 0.00011354492 0.041919626 7.6595065e-08 5.651912e-09 0.0016330647 2.358284e-05 0.00936722 1.9985286e-08 2.2046495e-05 3.8944265e-08 1.5032018e-06 0.02372191 1.6483396e-07 0.023408761 2.3403155e-09 1.2964554e-06 1.9590102e-08 6.448377e-06 0.013038316 1.2172084e-07 0.0004914627 1.2396442e-08 8.389037e-09 0.0036749896 4.770107e-05 6.4973125e-09 3.4958008e-05 0.0027587917 3.0082834e-08 3.5270642e-07 1.1053543e-08
0.67314595 0.0006696091 9.643705e-05 0.0028772184 2.7394066e-05 5.164658e-06 0.0024529914 0.0003746491 1.9116698e-07 0.22646852 2.2371883e-05 0.50169796 0.0069586947 1.6412638e-05 0.23635705 0.17743401 6.880479e-07 0.84492666 0.67247343 0.0037254968 0.92264813 2.4398789e-08 1.15449254e-07 2.3671044e-08 3.1886184e-08 8.413904e-17 0.00063271023 0.89426094 2.9224836e-07 1.1489152e-05 0.0011396058 1.2100045e-06 8.438706e-09 1.0200122e-09 3.574381e-08 0.2785813 0.00022084935 2.2049494e-06 6.9027397e-09 0.023491345 6.600125e-06 4.400952e-06 2.1920684e-07 0.01129179 4.241781e-06 1.0778926e-05 5.45541e-07 0.66616935 7.4233986e-07 0.3706561 1.6096147e-06 1.2982109e-06 0.71878195 0.1482998 6.571773e-06 6.5367226e-07 0.19049753 0.13276552 0.59373885 0.0105729485 5.4848822e-08 1.358965e-06 0.0012752947 0.629801 1.1341845e-05 0.36436293 0.004878521 0.06733796 2.397186e-07 4.5045803e-07 7.196151e-05 4.9740404e-08 0.14689729 0.16013348 0.000632951 1.1839095e-06 7.5519483e-06 0.047046203 5.4434026e-06 0.10366768 0.02313811 1.8433101e-07 0.047674865 4.5675648e-07 0.022494692 0.202666 0.050182257 0.00040231625 4.428132e-06 0.024474109 2.5751046e-06 0.0014010272 0.0014771282 7.0960496e-06 0.001638963 0.00036061584 1.7715922e-05 2.7021186e-05 0.028170044 2.169704e-05 0.0005601993
0.028818 0.16946174 0.5425933 0.14244942 0.22560269 0.19760169 0.06521685 0.5733957 0.19052024 0.04373167 0.057965226 0.03636547 0.5646269 0.42051026 0.0235085 0.057858065 0.0126461815 0.014137755 0.0124353 0.90880543 0.009198946 0.00037495402 0.004268697 0.00036819812 3.4935412e-05 0.00063271023 2.039805e-19 0.00021090198 0.00017942839 0.8093879 0.8219121 0.0002744868 1.6666623e-06 7.1069223e-07 5.235409e-06 0.033193253 0.8599808 0.00024478478 3.2485327e-06 0.14309281 0.0016826772 0.00012878602 3.5788515e-05 0.00052647595 0.00028732358 0.8272589 3.7371254e-05 4.7645576e-06 0.01962308 1.7349905e-05 5.0355276e-05 0.03623476 3.2339936e-05 1.583505e-05 0.69127244 4.484587e-06 2.1277676e-06 1.1580581e-06 1.1973179e-06 0.0023319568 2.192379e-06 0.004238187 0.008477226 2.3551329e-05 0.49986285 1.2375164e-05 0.00070331706 2.6671419e-06 6.0192556e-06 4.4691055e-06 0.034668908 4.121897e-05 1.002092e-05 6.755438e-06 0.0051831566 0.0010068751 0.00017331852 1.330649e-05 0.046805736 3.2032618e-05 0.0019964685 9.079899e-06 5.003505e-06 2.2955095e-05 3.1090144e-06 0.0007590893 1.193046e-06 0.00039408213 3.2212567e-05 2.9850721e-06 0.0015861653 1.5000718e-09 2.0009477e-07 6.639098e-05 0.0012704446 8.79078e-07 0.0088658305 0.0006432752 1.7688742e-05 2.304228e-05 1.7105499e-09
0.9439544 0.0010408444 0.00021161238 0.0052961023 0.00013055137 1.730433e-05 0.008155121 0.00051734055 9.569806e-07 0.06427765 0.00024582676 0.39262563 0.0036866404 2.452742e-05 0.02596669 0.01590641 6.249773e-06 0.9144679 0.07633092 0.0004693807 0.31634763 3.8151424e-07 4.744878e-06 1.4694951e-06 2.9582893e-07 0.89426094 0.00021090198 1.3713772e-14 9.724532e-07 0.00018990586 0.0002841674 1.4422241e-05 5.773938e-07 7.390971e-08 9.2574084e-07 0.03278438 5.0713494e-05 4.0068353e-05 7.271696e-08 0.002400295 5.7337387e-05 2.25472e-05 4.8151937e-06 0.091701485 5.0143943e-05 1.1222095e-05 1.3269872e-06 0.8060666 9.854403e-05 0.8603582 0.00018946716 2.1275557e-05 0.47481284 0.5661501 6.3901614e-05 1.113419e-05 0.54133016 0.45048442 0.22181109 0.004262073 2.7063926e-08 0.0001085324 7.686183e-05 0.17322704 0.00014273445 0.08357291 0.11464553 0.35064238 9.9269144e-08 5.252755e-05 0.0010259767 5.205519e-07 0.029518904 0.20686549 0.042089246 1.9306786e-05 0.00059184874 0.060669288 6.590574e-05 0.19204822 0.38042602 7.945555e-06 0.21677059 1.8725364e-05 0.020350138 0.039469678 0.23595484 0.00069565664 5.4022144e-05 0.020255467 0.00010579706 0.0011436319 0.0010136622 0.00010780483 0.049865935 0.00072795537 0.00014714741 0.00021800237 0.02753794 2.2143931e-05 9.031093e-05
0.54536057 0.00096249516 0.0011909163 0.0004893966 0.019686755 0.05212835 0.00032611197 9.833994e-05 0.09480406 2.3208988e-05 0.24680898 5.199273e-05 6.329253e-06 0.029071847 5.4772345e-06 8.1708095e-07 0.59128726 4.8355014e-06 1.1376565e-05 1.071017e-05 4.7705507e-06 0.72488385 0.339128 0.26890406 0.48758495 2.9224836e-07 0.00017942839 9.724532e-07 3.6081048e-18 0.007742128 3.0962733e-06 0.94786876 0.07741975 0.14163688 0.044852804 1.3730572e-07 4.8524316e-06 0.7258841 0.93202645 1.4462404e-07 0.33176053 0.004911699 0.0077529186 0.027631903 0.27510753 1.4692542e-06 0.010373548 1.7154247e-07 0.0031951799 3.2995433e-07 0.13432129 0.0006565065 5.9962775e-07 3.293105e-05 2.6795362e-05 0.00018650021 1.2767093e-07 2.4295244e-07 1.13901244e-07 1.2024364e-06 0.27433544 0.0039507076 2.9846337e-06 7.3050967e-07 0.00028980253 4.960637e-07 0.0127760405 9.00357e-06 0.10536126 0.0005909091 0.0004792409 0.028552093 1.2665478e-07 2.29946e-07 0.040984064 7.128448e-05 0.090962425 5.4441088e-08 5.837845e-05 1.5376462e-06 0.00017951055 0.045969196 5.959549e-06 0.053838048 8.573415e-08 5.1941885e-07 5.2207474e-07 1.5644971e-05 0.02910601 2.7609508e-08 0.00025237186 4.0391392e-09 3.7550613e-08 0.022852948 9.608938e-05 1.6006092e-08 0.0001235801 0.019249251 9.4306664e-08 2.1769758e-08 9.898274e-11
0.19775984 0.019796982 0.13385907 0.0074560298 0.10197376 0.22861725 0.002157156 0.04462355 0.3743888 0.00081924204 0.023043593 0.00077643874 0.0055834404 0.9134513 0.00039890833 0.000336051 0.03552017 0.00012684343 0.00014387205 0.06094584 5.877014e-05 0.067009114 0.60921144 0.057173897 0.031891797 1.1489152e-05 0.8093879 0.00018990586 0.007742128 8.5452634e-17 0.008630364 0.0092446385 0.011931577 0.011000876 0.019552588 3.9468563e-05 0.05673147 0.0036050365 0.0014784792 9.562964e-05 0.0037441265 0.5727447 0.09555557 0.0003556711 0.0013183393 0.13766018 0.00043819175 7.033573e-06 0.8684563 0.00012926578 0.0010135573 0.83898574 4.7028375e-06 9.1699614e-05 0.18499444 0.003104076 3.465432e-05 6.3908897e-06 1.2451205e-06 0.00015449178 0.0004063459 0.8229634 7.686468e-05 4.705287e-06 0.25357127 2.4752642e-06 0.0003075555 4.8928945e-05 0.00094746595 0.00031539082 0.65305346 0.0002668368 2.3497478e-06 1.2470261e-05 0.0013939391 0.1886641 0.00037095466 2.2915703e-05 0.04054123 5.2121566e-05 0.00022572125 0.00046553815 5.561791e-06 0.0008020205 1.8412793e-05 0.00022401573 5.633347e-07 6.907212e-05 0.0016208777 1.0739463e-05 0.2230628 1.6387157e-09 9.3620747e-07 0.0017388294 0.00024626718 2.4346178e-07 0.001955684 0.0029847436 1.0030653e-05 1.6467566e-06 2.5433394e-10
0.004024625 0.027560148 0.060713686 0.041557703 0.0048049255 0.0026887953 0.01175765 0.26322827 0.0024074924 0.018402468 0.00074841833 0.0056979014 0.66840863 0.0075932285 0.028817479 0.14254218 5.6949484e-05 0.0035310765 0.008455535 0.8940471 0.005191029 2.0397215e-06 4.013894e-06 3.6854817e-06 1.1544197e-05 0.0011396058 0.8219121 0.0002841674 3.0962733e-06 0.008630364 5.427839e-20 2.261718e-06 1.6212392e-07 1.1896267e-07 2.4457862e-07 0.34380698 0.9694262 3.815974e-06 1.259089e-06 0.6403849 8.817872e-06 9.385796e-06 1.0049636e-06 0.00027041073 1.38771975e-05 0.49997285 1.6468808e-06 4.015446e-05 5.1458697e-05 0.00013715857 5.8624178e-06 1.7077906e-05 0.00012335638 2.2412289e-05 0.26568457 6.5126676e-07 4.7731508e-05 3.4842713e-05 1.3554529e-05 0.08626725 1.4221566e-06 2.072862e-06 0.16171871 8.509761e-05 0.020749455 6.5045424e-05 9.172166e-05 1.6176115e-05 2.210652e-07 1.8945108e-06 0.00021248557 1.1949987e-06 9.804155e-06 3.5470846e-05 0.00013958194 2.944482e-06 2.3388542e-05 1.8810704e-05 0.0016378459 9.680276e-05 0.0004850436 7.4893637e-06 2.681103e-05 3.7634145e-06 1.8349756e-05 0.002071954 4.4320655e-06 0.0044284384 1.7009621e-05 1.5021993e-05 2.5457498e-06 7.5120745e-08 3.317457e-06 5.1278294e-06 0.00013331354 4.6917507e-06 0.007170811 1.2545805e-05 3.3396027e-05 0.0004729877 3.5040433e-08
