3.341584e-20 0.90584654 0.8122749 0.86568254 0.8920153 0.9342224 0.9440086 0.82638925 0.9260453 0.818802 0.85754853 0.8907112 0.94661283 0.9158653 0.9455959 0.9833996 0.9455595 0.9687493 0.9461262 0.96238947 0.70337397 0.9129046 0.9441149 0.9907753 0.82381445 0.8360682 0.6894757 0.86642313 0.51186013 0.98381335 0.96440697 0.98278016 0.9162858 0.9618745 0.9896183 0.9928331 0.8811239 0.95223475 0.5986932 0.32605174 0.14442344 0.42957214 0.8149532 0.98112315 0.08470322 0.33868116 0.9093678 0.88321733 0.72864753 0.23076852 0.4711234 0.039320223 0.96703315 0.7815216 0.98454547 0.052968938 0.19422397 0.6803008 0.50500983 0.82466394 0.009315284 0.97904974 0.9943234 0.004278334 0.5478045 0.038468268 0.99715185 0.9751639 0.96178204 0.020930093 0.99867964 0.11171626 0.17060629 0.93859875 0.9846437 0.19747603 0.98983264 0.16098326 0.23764682 0.07624975 0.98474854 0.37969524 0.99783933 0.07810416 0.006628059 0.99668014 0.088508986 0.999035 0.0023596229 0.05016442 0.00129913 0.02611778 0.72942585 0.023841737 0.2648965 0.0021956747 0.029686471 0.0012726231 0.497563 0.00077005196 0.02453364
0.90584654 5.3310265e-19 0.1897501 0.97925633 0.5978952 0.02954988 0.0045518787 0.75746655 0.62923586 0.85848266 0.0068413527 0.011171381 0.09403293 0.6902871 0.0007636813 0.62727094 0.59148824 0.09393488 0.39864734 8.2753446e-05 6.697879e-05 0.11276289 0.4600844 0.4052798 0.0001436235 0.015999403 0.120828025 0.025514947 4.526647e-05 0.04989288 0.000545144 0.0013715549 7.985809e-06 2.5992807e-05 0.000267693 0.15703769 0.000104749524 6.000737e-06 2.7204143e-07 1.738083e-06 0.032459356 0.0110106105 9.2549794e-07 7.3865535e-06 0.01696097 5.040277e-06 1.0746311e-06 1.3125426e-05 0.015262516 1.135566e-06 1.1382078e-05 0.0006728652 0.012592512 4.945387e-08 0.00023654348 0.009114522 0.013276626 3.773215e-06 1.6634212e-08 2.4765106e-08 0.0006441321 3.8038352e-06 0.0026282584 0.0008506454 0.0002837715 0.0003661975 9.1752896e-05 0.01942459 2.0850573e-06 0.018412668 0.00015653351 0.00044130604 3.2250406e-05 3.944318e-08 0.0038769545 4.553715e-06 0.038002077 2.3671937e-07 2.630402e-07 9.336753e-05 0.00551019 1.3197782e-08 0.018378476 0.0032949194 3.070659e-07 0.004794304 7.5787584e-06 0.0067704883 4.2142357e-05 1.3033981e-07 0.00041029663 3.5772136e-05 2.0856996e-06 3.228793e-06 1.3276277e-06 5.649926e-06 3.3926397e-09 2.7016364e-05 4.4975298e-08 2.207991e-05 8.866452e-06
0.8122749 0.1897501 3.0753298e-17 0.031048134 0.9860845 0.9496228 0.58580804 0.01362671 0.0017460694 0.0055015865 0.2897386 0.17226732 0.6560794 0.13140564 0.29854277 0.01495701 0.11913345 0.42430755 0.0060827243 0.06420021 0.097864576 0.00058748544 0.18662892 0.06321035 0.021889646 1.7284736e-05 0.0020943244 0.0001399166 0.0082174605 0.003928497 0.10555466 7.765824e-05 0.0028281591 6.9831407e-07 0.03206427 0.21800368 5.7375373e-06 0.00027382298 0.00035066542 0.00039034014 0.0005181424 0.10242521 4.5831473e-07 3.903609e-07 0.00014545806 4.0173863e-06 0.00027887052 6.666888e-05 1.9778096e-05 7.276423e-05 1.4206901e-06 0.003296991 0.010656828 2.2165823e-05 0.0052019567 0.008798959 3.765129e-05 1.0189648e-06 1.941392e-06 1.2935751e-06 0.00050173484 7.9636663e-07 0.04098121 0.00014834138 1.1716173e-06 0.008903808 1.1766747e-05 0.013876026 1.1548194e-07 0.0004685739 0.0033235485 9.921476e-07 0.0012723889 9.668553e-08 0.0026912156 1.3762342e-06 0.020199558 9.8746796e-08 6.174034e-08 0.011441839 0.012983905 9.1425685e-09 0.0074092722 2.4035076e-06 2.2887289e-05 0.0038559465 2.1247138e-06 0.005271127 0.00070209237 1.75049e-05 0.00045859566 1.1857745e-05 3.807942e-07 3.0128038e-07 4.1829915e-07 4.3177624e-07 7.357313e-08 5.3547146e-06 1.253161e-07 4.999524e-07 0.00018802678
0.86568254 0.97925633 0.031048134 5.8458397e-18 0.10612042 0.0071960865 0.004103753 0.89762574 0.7624578 0.6392604 0.0066005914 0.0072065317 0.01864832 0.22796097 0.0006076686 0.26239133 0.20153245 0.02151466 0.64743894 0.00016211196 7.929964e-05 0.08683706 0.707972 0.10307577 0.00018622918 0.0381666 0.23146544 0.05712791 3.0467429e-05 0.020542128 0.0007972865 0.0019821196 1.2109956e-05 7.973211e-05 0.00021798971 0.051721785 0.00025344008 7.168448e-06 2.9401818e-07 2.6319615e-06 0.06287261 0.011514468 9.754027e-06 5.517236e-06 0.055172008 2.6597592e-05 3.3851245e-06 7.5940097e-06 0.045177825 7.0541853e-07 1.9822208e-05 0.0005423252 0.008654316 1.9870527e-07 0.000103951905 0.014953508 0.053349394 7.7734e-06 9.5110515e-08 7.7030776e-08 0.00021019357 8.761433e-06 0.0011883263 0.0005227344 0.00043550506 0.00023956035 5.8940885e-05 0.005609483 1.5229807e-06 0.044169337 4.054229e-05 0.0011853517 5.190618e-05 2.1753902e-08 0.0019652378 9.149377e-06 0.010252952 8.134687e-07 2.593279e-07 0.00029277685 0.0032497307 7.2774218e-09 0.006681863 0.0076661366 5.1154205e-07 0.002031624 8.876435e-06 0.0018529751 7.527806e-05 2.9564984e-07 0.00023190548 4.2972355e-05 8.4818305e-07 3.9740107e-06 2.8172055e-06 3.361693e-05 8.564748e-09 3.979379e-05 4.3146112e-08 3.0439081e-05 2.7397316e-06
0.8920153 0.5978952 0.9860845 0.10612042 7.866138e-18 0.49072617 0.36928055 0.07366038 0.009663029 0.039268322 0.1767038 0.11809535 0.7630053 0.32512784 0.08104642 0.04604208 0.31767178 0.6182544 0.0126772635 0.005231838 0.01641704 0.0016979397 0.40745413 0.19460729 0.0017778656 9.1785805e-05 0.0056394967 0.0003870761 0.0019154805 0.008394436 0.05988698 0.00033279235 9.72327e-05 9.748308e-06 0.010642193 0.4232372 3.2549782e-05 3.610011e-05 1.6282554e-05 8.0190184e-05 0.0018021348 0.078865476 1.5541315e-06 3.5370201e-06 0.00055909104 1.6247574e-05 1.4446483e-05 3.24763e-05 0.00014328123 3.162958e-05 7.212547e-06 0.0033645378 0.035503764 8.343463e-07 0.0021183086 0.014239918 0.00013953682 3.138764e-06 7.1505106e-08 1.1206095e-07 0.0010561928 1.0329448e-05 0.027809912 0.0005502607 3.0824026e-06 0.009979997 7.509622e-05 0.025679978 1.5553755e-06 0.0017309802 0.0014657066 2.5237953e-06 0.0003412592 8.807718e-08 0.0056069316 2.8547636e-06 0.0372893 3.4080597e-07 1.6696048e-07 0.00496445 0.01822494 1.6306196e-08 0.017777555 1.3100529e-05 1.3084428e-06 0.0058053113 1.9217775e-06 0.00700508 0.00046491038 3.0093279e-06 0.00046419815 1.5555039e-05 3.4981983e-07 4.109446e-07 1.2466313e-07 7.285526e-07 3.017973e-08 5.6989275e-06 1.284893e-07 3.3809529e-06 1.332315e-05
0.9342224 0.02954988 0.9496228 0.0071960865 0.49072617 2.4717485e-16 0.9295286 0.0006125932 0.0001588755 0.00017805227 0.5351462 0.3356189 0.58897656 0.017229967 0.9150695 0.002026871 0.020623652 0.22036031 0.00061982695 0.5654133 0.6280852 0.00012331651 0.046349008 0.013455033 0.42204532 4.6463724e-06 0.0006352138 0.00011467887 0.11102769 0.0012008449 0.23845273 2.511008e-05 0.088517934 1.2625947e-07 0.10477451 0.116880015 2.8176298e-06 0.00718183 0.0032257435 0.0041929474 0.00016942315 0.09527726 3.4472908e-08 5.274481e-07 3.4406843e-05 7.765216e-07 0.0040899687 0.00033774902 1.1107735e-06 0.0005303008 4.6431543e-07 0.0026921744 0.0046389857 0.00013560224 0.035729393 0.0017867971 1.7358692e-05 1.7728834e-07 1.0942749e-05 2.4485435e-06 0.00044090726 2.8066063e-07 0.10962392 0.00027077537 9.522565e-07 0.009394807 7.0235187e-06 0.0062623387 1.1404792e-08 0.0003098016 0.008758275 5.9293443e-06 0.010788357 5.730513e-07 0.0018278043 1.5467671e-07 0.021223497 1.2471575e-08 3.3833494e-08 0.01821295 0.019318549 4.4972874e-09 0.00885493 7.912789e-06 0.00042071522 0.0022726024 7.86281e-06 0.007555551 0.00045932856 0.00016891897 5.025199e-05 2.8033857e-05 6.5063904e-07 2.8411996e-06 1.6492509e-06 5.8852874e-07 4.4104036e-07 2.9674928e-05 8.839796e-08 3.3136216e-06 0.0012785102
0.9440086 0.0045518787 0.58580804 0.004103753 0.36928055 0.9295286 1.1508995e-17 0.00045833373 9.267558e-05 0.00014587204 0.9607095 0.9169669 0.22949238 0.008496685 0.26034647 0.0011981183 0.00845152 0.0768419 0.00055977557 0.15207906 0.7781687 0.00015819498 0.18281706 0.004001524 0.27245936 6.262233e-07 0.0020765008 1.2126181e-05 0.5688416 0.0006937698 0.07781274 1.3226517e-05 0.007267717 1.2253837e-07 0.024723006 0.064997606 5.6278354e-06 0.0011401107 0.00120588 0.0029678931 0.00060053775 0.2818008 4.369327e-08 3.490009e-08 0.00029315404 3.6648044e-07 0.00020652692 0.0004576541 1.5954628e-06 0.0009624621 4.305349e-07 0.018611655 0.006553861 1.8729472e-05 0.0052386206 0.009758833 7.2916926e-05 1.8691142e-07 6.3467573e-06 1.1058258e-06 0.0025165842 4.7635695e-07 0.027405748 0.00069613423 3.597243e-07 0.0459451 5.3562926e-06 0.01196555 3.1894166e-07 0.00048189764 0.0021077802 6.341781e-07 0.050017644 2.8193676e-07 0.0011257867 5.1732098e-08 0.012508585 3.726621e-08 4.5652023e-08 0.15376966 0.009227384 1.2777195e-08 0.004836747 8.9619573e-07 2.7162485e-05 0.0013958268 1.7536112e-07 0.0051052696 0.001064301 0.00033705804 3.688627e-05 1.3985335e-06 7.79556e-08 8.66581e-08 3.7727995e-07 2.0459663e-07 8.1443474e-08 1.999114e-06 3.7452907e-08 4.957601e-07 0.008253152
0.82638925 0.75746655 0.01362671 0.89762574 0.07366038 0.0006125932 0.00045833373 2.9700294e-18 0.9764707 0.84474874 0.0018257556 0.002400208 0.009965703 0.20971584 0.00019812635 0.5109463 0.16594583 0.010855082 0.63369983 7.208391e-05 4.1881853e-05 0.452831 0.27903268 0.10166133 0.00015287477 0.32993266 0.19992289 0.30147535 2.5523996e-05 0.07702578 0.00033983364 0.021583166 9.865504e-06 0.00434502 0.00014107667 0.036019664 0.0035003913 5.8564333e-06 5.9796285e-08 9.16587e-07 0.065693066 0.00303863 0.0001616812 8.4333165e-05 0.027051818 0.0002224548 1.6889963e-06 3.9713323e-06 0.14890538 7.360489e-07 0.00014708946 0.00013708063 0.02624266 3.9240874e-08 8.8294706e-05 0.0051406734 0.08230764 0.00010067919 1.2188876e-08 2.118991e-08 7.385966e-05 0.00023101216 0.00075079466 0.00014707066 0.0067422953 5.4325825e-05 0.0006780323 0.008808707 9.1113296e-05 0.020408146 2.5223937e-05 0.009470017 9.106621e-05 9.264306e-09 0.0039061718 9.016128e-05 0.013837972 1.8367124e-05 4.698969e-06 6.664085e-05 0.0016486235 9.557548e-07 0.007650378 0.0137676215 3.5193764e-07 0.0035875586 7.6324875e-05 0.002347612 9.579115e-06 2.7429328e-07 0.00021317058 0.00017245178 1.4395803e-05 1.0665719e-05 4.0238433e-06 0.00012901035 3.4133647e-09 8.2231396e-05 1.8449089e-07 6.841998e-05 1.9012946e-06
0.9260453 0.62923586 0.0017460694 0.7624578 0.009663029 0.0001588755 9.267558e-05 0.9764707 1.08867404e-16 0.8774032 0.00070288626 0.0007550267 0.0042804354 0.0728579 0.00022983651 0.47950798 0.07032482 0.004126678 0.91057825 6.286371e-05 2.421648e-05 0.58965904 0.17498407 0.057877574 5.611845e-05 0.75472003 0.30224735 0.68883073 1.1905893e-05 0.056783527 0.0003794359 0.024187692 4.184694e-06 0.013797466 0.00010844662 0.02414312 0.030381843 2.1359672e-06 4.8766523e-08 3.3585715e-07 0.09691063 0.0010556893 0.00078991236 0.00017171625 0.045283265 0.000646696 5.7349195e-07 3.7423556e-06 0.35410511 5.1186515e-07 0.00025165852 9.189037e-05 0.016535396 3.754381e-08 3.3132124e-05 0.0021875862 0.16778007 0.000119104516 4.216376e-08 3.5173883e-08 0.00018691082 0.00021552834 0.00032521348 0.00013841476 0.01910655 4.8249458e-05 0.00059868075 0.0046105664 0.00012841086 0.018940892 1.1522056e-05 0.030275425 3.763388e-05 8.6441965e-09 0.0030044992 0.00015801916 0.009276627 3.454915e-05 3.953268e-05 2.2996443e-05 0.002136714 8.649912e-07 0.0060494025 0.025269622 3.398407e-07 0.0021975895 0.0001604577 0.0016588907 3.918004e-06 1.5198792e-07 0.00045769644 0.00035769134 1.0748571e-05 5.4919932e-05 1.0449385e-05 0.00034143194 1.1401986e-08 0.00017569114 3.869502e-07 7.739075e-05 1.4201631e-06
0.818802 0.85848266 0.0055015865 0.6392604 0.039268322 0.00017805227 0.00014587204 0.84474874 0.8774032 9.209194e-17 0.0005139744 0.00061980746 0.004187165 0.21411905 3.1999458e-05 0.9541078 0.1648918 0.008074256 0.20444788 4.0919635e-06 1.9418207e-05 0.92074895 0.02172741 0.13989307 9.211081e-06 0.3876943 0.029458307 0.21339807 1.2302654e-05 0.20791923 6.4310734e-05 0.091326654 9.620134e-07 0.01909075 2.6175798e-05 0.03332006 0.0071545574 4.9429894e-07 4.1164438e-07 1.7006823e-06 0.009246319 0.0002457712 0.0002710283 0.00028966134 0.0026164479 0.00076205266 7.7648156e-07 3.2476623e-06 0.0494313 4.327436e-06 0.00028149952 3.6260294e-06 0.062941976 5.01376e-08 1.4095125e-05 0.00069223356 0.012850581 3.2192205e-05 2.639502e-08 3.8751462e-08 8.79759e-05 0.00032506773 0.00019806986 0.00018396479 0.0033902132 1.48748595e-05 0.0011629977 0.018174032 0.00018727053 0.0014654215 1.727862e-05 0.0032854779 1.744464e-05 8.310051e-08 0.010053894 0.00020491736 0.01944338 2.3325014e-05 1.6505073e-05 1.5795721e-06 0.0018483177 2.2353821e-07 0.011102726 0.0010627102 1.3116798e-08 0.008490099 3.0990635e-05 0.0049983403 7.232519e-07 1.8243455e-07 4.9608174e-05 0.0001919647 9.147092e-06 1.0418986e-05 1.3356283e-06 0.00012932964 5.0776694e-09 8.308502e-05 9.145342e-07 6.2428326e-06 1.4695226e-05
0.85754853 0.0068413527 0.2897386 0.0066005914 0.1767038 0.5351462 0.9607095 0.0018257556 0.00070288626 0.0005139744 9.2881125e-18 0.98340327 0.12493236 0.009091616 0.06887651 0.0020881868 0.007748691 0.049188685 0.00118577 0.044122804 0.49220648 0.00030027833 0.46528623 0.005290274 0.09216414 1.2613707e-05 0.008193484 5.954769e-05 0.42312506 0.0006302606 0.0367826 1.7958922e-05 0.004130472 5.892099e-07 0.011586271 0.028233219 3.1993663e-05 0.0008273637 0.00086071144 0.0010712106 0.0016975971 0.47194794 2.6203318e-07 1.022733e-07 0.00090194226 2.6704377e-06 0.00028564906 0.0005298838 6.033478e-05 0.000519045 1.5228136e-06 0.06618313 0.0016173655 6.444649e-05 0.0026250607 0.024463788 0.00026409075 1.18340324e-07 1.7558823e-05 9.887827e-06 0.005874636 3.3589302e-07 0.0057667405 0.0012581007 2.4599371e-06 0.09617974 5.117643e-06 0.0018172248 9.946131e-08 0.0029086422 0.00078387774 9.138974e-06 0.040662564 1.6365715e-07 0.00048209832 1.2190219e-07 0.0032082421 1.4860928e-08 3.838862e-09 0.15184489 0.004958625 4.647489e-08 0.0029889294 7.766924e-06 2.6988217e-05 0.0011561221 5.9870155e-07 0.0025774145 0.0026272722 0.00021963366 0.00010291793 2.9996775e-06 1.476424e-07 7.0013954e-08 9.243094e-08 4.6972727e-07 3.353852e-08 2.1797307e-06 1.5802728e-08 9.1720693e-07 0.0056422674
0.8907112 0.011171381 0.17226732 0.0072065317 0.11809535 0.3356189 0.9169669 0.002400208 0.0007550267 0.00061980746 0.98340327 6.3026365e-17 0.045179516 0.006096968 0.024605421 0.0018030013 0.007506422 0.025821278 0.0027220508 0.0220633 0.27321818 0.00027291337 0.7333715 0.0042447355 0.028709618 9.796211e-06 0.015174101 3.5538094e-05 0.29750037 0.0006737233 0.012878314 3.9983996e-05 0.0017724694 1.2991324e-06 0.0050029787 0.014978787 3.360773e-05 0.0004992538 0.00054794113 0.0005402379 0.00662787 0.9015075 4.5982293e-07 3.1038107e-07 0.003544383 4.3114733e-06 0.0002582478 0.00027370837 6.735749e-05 0.00024397908 9.375438e-06 0.31344512 0.0009764833 3.180514e-05 0.0009529566 0.12599322 0.00065488566 5.737321e-07 2.3297738e-05 1.1408801e-05 0.032474548 5.640529e-07 0.0022809324 0.004888427 1.6232398e-05 0.3754148 2.805505e-06 0.00094192795 1.8850947e-07 0.014569789 0.00050362747 0.00010330458 0.031228364 1.9580361e-07 0.00074141735 7.655866e-07 0.0020766363 1.0364755e-07 1.4053087e-07 0.35659462 0.003562367 9.705285e-08 0.0021467428 2.2104941e-05 1.331892e-05 0.0005437509 1.352477e-06 0.002285493 0.0073642153 0.00023713411 0.0003357241 1.729712e-05 3.9540706e-07 4.0207917e-07 2.6235186e-06 5.501943e-07 4.8143896e-08 5.956373e-06 1.190714e-07 1.1885403e-05 0.004143327
0.94661283 0.09403293 0.6560794 0.01864832 0.7630053 0.58897656 0.22949238 0.009965703 0.0042804354 0.004187165 0.12493236 0.045179516 1.0161236e-15 0.14119637 0.4422731 0.018578967 0.15496798 0.98175085 0.0023602396 0.031991605 0.051158216 0.0015863915 0.017672254 0.103150114 0.009361326 0.00029259347 0.00050060597 0.00038433223 0.0065516615 0.011549627 0.33735302 0.0009937894 0.0019128146 1.2926657e-05 0.11060636 0.64802045 1.7839637e-05 0.00025203225 0.00116927 0.0008068663 3.7460428e-05 0.0073755737 4.5134625e-06 1.0886956e-05 2.5587193e-05 2.2827058e-05 0.00027350223 0.00012012421 1.7226464e-05 0.00013335932 7.445154e-06 0.000109558394 0.056827497 3.7479476e-05 0.020214487 0.0002566098 3.2110245e-05 3.0125238e-06 4.9023693e-06 7.4415693e-06 7.38034e-05 6.4943115e-06 0.17498966 0.00013827477 2.465936e-06 0.00064447406 5.8494254e-05 0.05653449 1.5408199e-06 0.0001212258 0.008999137 2.9533974e-06 0.0011987262 1.0769646e-05 0.02337059 2.0895798e-06 0.06733051 3.3901625e-07 5.1675624e-07 0.0042862548 0.04592317 3.5715476e-07 0.044273876 5.3668748e-05 1.0408617e-05 0.02580879 1.4987937e-05 0.024477731 0.0002000823 4.16552e-05 7.176201e-05 8.194605e-05 3.1422414e-06 1.3120684e-05 4.4911008e-06 3.3051018e-07 3.379832e-07 1.1762831e-05 8.404564e-07 1.2118106e-06 0.0009275605
0.9158653 0.6902871 0.13140564 0.22796097 0.32512784 0.017229967 0.008496685 0.20971584 0.0728579 0.21411905 0.009091616 0.006096968 0.14119637 1.2291479e-16 0.0056966026 0.45753503 0.9861084 0.33152905 0.022064006 0.00042614667 0.0010725614 0.02504897 0.029049708 0.892863 0.00021889947 0.006200487 0.0026557774 0.0064588217 3.1331045e-05 0.18991192 0.0049089286 0.0064051524 8.6882865e-06 0.0005263306 0.0011845387 0.5251794 0.00047022727 2.6351963e-06 1.6540234e-06 3.7651055e-06 0.0003861792 0.0006649043 5.8153735e-05 0.00012304256 0.00013561247 9.890623e-05 3.3930398e-06 2.5926943e-06 0.0015130618 1.5156114e-06 5.6406097e-05 4.446555e-05 0.14736407 5.3623774e-07 0.000539916 0.0003277626 0.00017173278 3.146219e-05 2.866973e-08 8.719313e-08 8.7475186e-05 5.973522e-05 0.0039937105 0.0001276811 1.1153012e-05 0.000156219 0.00021213022 0.06065642 8.490779e-06 0.0006675293 0.00016813644 8.365353e-06 7.102838e-05 2.6707318e-07 0.02146703 2.059256e-05 0.07306422 3.1218972e-06 3.7806257e-07 0.00013171654 0.011026931 9.722106e-08 0.043801747 0.0008575853 2.9660157e-07 0.025623892 2.6657417e-05 0.0140875345 4.3830354e-05 2.5170818e-06 0.00027559977 0.00019278518 7.5668427e-06 9.387685e-06 1.3752281e-06 4.7854874e-06 1.9964436e-07 3.1804077e-05 4.278327e-07 5.6354267e-05 4.7035217e-05
0.9455959 0.0007636813 0.29854277 0.0006076686 0.08104642 0.9150695 0.26034647 0.00019812635 0.00022983651 3.1999458e-05 0.06887651 0.024605421 0.4422731 0.0056966026 6.0406256e-15 0.000892315 0.0054073767 0.14890198 6.370058e-05 0.93963474 0.35535148 3.8646303e-05 0.0011241698 0.0069071655 0.27374035 4.292277e-06 8.16951e-05 2.2123248e-05 0.05847803 0.0011199821 0.9344366 4.8545586e-05 0.34216484 3.228547e-06 0.5104735 0.11928926 2.3695754e-06 0.046842594 0.039982975 0.0358141 1.6421014e-05 0.0010393837 2.6087812e-06 8.240473e-07 2.775893e-05 3.6172773e-06 0.02484181 0.0010827358 2.1786643e-06 0.0089321155 7.567095e-06 0.00011701055 0.010146129 0.0016956636 0.22892089 7.376786e-05 7.832148e-06 7.0444173e-07 0.00013878924 4.896746e-05 5.750501e-05 1.1380097e-06 0.26259542 2.2096066e-05 9.881832e-06 0.0007545664 1.1422823e-05 0.028622173 1.3683226e-07 1.3567293e-05 0.046399325 5.0163435e-06 0.011162345 9.045341e-05 0.0072362213 1.3492327e-07 0.053834423 2.0223952e-08 6.1068306e-08 0.008386538 0.037903808 1.2580213e-07 0.020665638 1.748553e-05 0.0037150076 0.0060734157 1.1993298e-05 0.021165557 0.00022480586 0.00054398796 5.5751098e-06 0.0001551043 7.607793e-07 4.882549e-06 2.6066675e-06 4.596125e-07 3.6773154e-06 1.311119e-05 2.412842e-07 3.9275562e-07 0.0050661657
0.9833996 0.62727094 0.01495701 0.26239133 0.04604208 0.002026871 0.0011981183 0.5109463 0.47950798 0.9541078 0.0020881868 0.0018030013 0.018578967 0.45753503 0.000892315 1.010022e-14 0.43367392 0.03480321 0.042894993 4.552297e-05 0.00021716926 0.891426 0.009763684 0.51349795 0.000110252986 0.07859574 0.003939086 0.04958066 2.8612412e-05 0.87178427 0.0009228369 0.2585376 4.1159124e-06 0.02891764 0.00029078368 0.18928005 0.0038759029 1.9476117e-06 1.0650945e-06 6.481535e-06 0.00070852746 0.000114633716 0.0011931212 0.003240797 0.0002676059 0.0017163331 7.189853e-07 1.0704144e-05 0.008332617 2.491284e-05 0.00087616843 3.5382156e-05 0.32927626 2.6715801e-07 0.00016382636 0.00015627562 0.00087139267 0.00069120486 2.4169321e-07 3.032825e-07 0.00022856718 0.0011375416 0.0017951234 0.0003546871 0.00061584916 0.0002528373 0.0031706807 0.09765549 0.0004399884 0.0009986042 0.00017053827 0.00052907766 2.8368288e-05 1.5304572e-06 0.04958481 0.000256308 0.08745727 5.9448616e-05 2.4767365e-05 8.126193e-06 0.00970195 4.4275916e-06 0.04496397 0.001115837 2.5208283e-07 0.037877683 0.00036334197 0.016636668 1.6047652e-06 5.312922e-06 0.00012410805 0.0007351244 0.00010274945 0.00012890791 6.961937e-05 7.1988354e-05 1.5892086e-07 0.00018274077 3.2369232e-06 2.1183901e-05 0.00018108505
0.9455595 0.59148824 0.11913345 0.20153245 0.31767178 0.020623652 0.00845152 0.16594583 0.07032482 0.1648918 0.007748691 0.007506422 0.15496798 0.9861084 0.0054073767 0.43367392 3.7548597e-16 0.3605749 0.029963408 0.0006267031 0.00078195025 0.027544416 0.039833788 0.93073475 0.00025845945 0.005906947 0.0032429444 0.008639365 9.167785e-05 0.28156495 0.0057906196 0.008757257 2.6252545e-05 0.00080471917 0.0015446931 0.67639023 0.0006990008 4.170884e-06 1.7057208e-06 4.995395e-06 0.00038193588 0.0005088927 5.8985872e-05 0.00025412478 0.000117738586 9.48687e-05 3.2019773e-06 4.959845e-06 0.0013455867 4.9141468e-06 7.141145e-05 4.7793506e-05 0.3551928 7.271955e-07 0.00092577084 0.00019745766 0.0001619284 9.637277e-05 6.753562e-08 1.7078017e-07 6.371134e-05 7.930448e-05 0.012785639 0.000118599004 3.226896e-05 0.000113352224 0.00034158205 0.16526781 3.8748312e-05 0.0006540168 0.00040068664 7.557345e-06 3.9581115e-05 3.5159343e-07 0.059575554 1.9465693e-05 0.13716409 5.472233e-06 1.1878961e-06 0.000103234066 0.02795978 1.1134657e-07 0.10053678 0.0011707228 1.9361602e-07 0.05905605 7.2752055e-06 0.03233364 4.9719754e-05 2.5305942e-06 0.00031204923 3.355335e-05 4.3617797e-06 3.6912818e-06 9.726498e-07 1.7701711e-06 1.7925434e-07 4.277124e-05 1.1698531e-06 4.182948e-05 3.915552e-05
0.9687493 0.09393488 0.42430755 0.02151466 0.6182544 0.22036031 0.0768419 0.010855082 0.004126678 0.008074256 0.049188685 0.025821278 0.98175085 0.33152905 0.14890198 0.03480321 0.3605749 6.518481e-15 0.0031285363 0.012826948 0.011136309 0.0025262856 0.026081264 0.30467412 0.0037169582 0.00045092512 0.0005312877 0.0007479329 0.0023897688 0.019490208 0.15760958 0.0013411634 0.000957412 4.4752538e-05 0.051948972 0.9123619 5.089252e-05 0.0001455731 0.000314282 0.00027951752 6.2451465e-05 0.0017037936 5.94968e-06 5.8973164e-05 5.210342e-05 2.6465057e-05 0.00011278536 9.279435e-05 2.100416e-05 0.0001351259 1.2221532e-05 8.128492e-05 0.2494328 2.6004014e-05 0.01581244 0.0001267635 3.163441e-05 2.2871925e-05 3.2554053e-06 3.3280028e-06 8.253387e-05 3.6540696e-05 0.2735504 0.00016605655 4.0648733e-06 0.00052685087 0.00011374303 0.18610178 1.3138139e-05 0.00011188493 0.0073351446 1.3830023e-06 0.0005622479 7.681167e-06 0.070108384 4.1388525e-06 0.18542735 1.0024767e-06 9.079643e-07 0.001478341 0.12215475 2.0864188e-07 0.12896913 5.0179435e-05 4.1124085e-06 0.06520254 1.235136e-05 0.07073457 0.00024695558 1.6397464e-05 0.00012137421 1.1289636e-05 1.9520373e-06 2.983069e-06 2.478862e-06 3.316209e-07 1.2135025e-06 1.1577097e-05 1.1401182e-06 5.56923e-07 0.00038305297
0.9461262 0.39864734 0.0060827243 0.64743894 0.0126772635 0.00061982695 0.00055977557 0.63369983 0.91057825 0.20444788 0.00118577 0.0027220508 0.0023602396 0.022064006 6.370058e-05 0.042894993 0.029963408 0.0031285363 7.022977e-17 1.3946066e-05 2.3818257e-06 0.04103613 0.53773725 0.01917381 3.050988e-05 0.41596305 0.9912274 0.65219784 1.6392263e-06 0.010969415 3.4041586e-05 0.0024930988 8.33737e-07 0.002135568 8.833106e-06 0.007276952 0.022462394 2.923841e-07 2.2928925e-09 2.8713508e-08 0.39061043 0.005534339 0.00010104704 9.22971e-05 0.15747418 9.6059885e-05 3.495412e-08 6.011692e-07 0.45559856 4.3152284e-08 0.00015290304 0.0003215531 0.0046594567 4.7260347e-09 8.734198e-07 0.0031265812 0.25151595 1.3330902e-05 1.34386156e-08 2.9397627e-08 0.00022334121 1.970127e-05 5.9476573e-05 0.0004180938 0.024708351 0.00010957562 8.007563e-05 0.0032449318 1.0116196e-06 0.025099838 5.597507e-06 0.031480238 1.8780046e-06 3.176393e-08 0.0010639215 4.3938226e-06 0.0030036569 4.0684705e-07 8.8294456e-07 1.1108874e-05 0.00025874923 7.712851e-09 0.0009612724 0.02963157 7.148053e-09 0.00048665554 6.8322755e-05 0.00040594136 8.405053e-07 8.0800426e-08 0.00080964854 0.00011172371 2.828821e-07 4.8824418e-06 3.9436186e-06 0.00030459283 6.8043043e-10 3.9145885e-05 1.0166159e-08 5.8542137e-05 7.062027e-07
0.96238947 8.2753446e-05 0.06420021 0.00016211196 0.005231838 0.5654133 0.15207906 7.208391e-05 6.286371e-05 4.0919635e-06 0.044122804 0.0220633 0.031991605 0.00042614667 0.93963474 4.552297e-05 0.0006267031 0.012826948 1.3946066e-05 1.3423402e-15 0.56272167 3.8294795e-05 0.00038506047 0.0009981729 0.9729167 1.0934028e-07 4.5481396e-05 1.0753877e-06 0.1796949 0.00023360956 0.69103307 8.142491e-06 0.8787483 3.126821e-07 0.6592922 0.030622452 1.9809063e-06 0.11932651 0.2544105 0.18747652 7.085697e-06 0.0012015344 2.377524e-07 1.6923426e-07 7.2334133e-06 6.0701194e-07 0.10719653 0.00286106 1.1647913e-06 0.04085611 3.2724818e-06 5.147087e-05 0.0047888313 0.0066187326 0.1964428 1.731339e-05 1.5413527e-05 5.888302e-07 0.00076150167 0.0004325301 1.623074e-05 1.1600018e-07 0.27800012 4.512236e-06 1.6778362e-05 0.00071555556 1.6072862e-06 0.009794399 9.654967e-09 9.1388563e-07 0.037816234 1.5662019e-05 0.07844149 0.00017465206 0.002052497 2.7576668e-08 0.025431978 1.4317998e-08 7.809608e-08 0.005932875 0.0492751 1.9296357e-08 0.016796848 7.54449e-06 0.0009987113 0.0023225597 2.4279729e-05 0.02206729 0.00011587077 0.003005912 3.2289395e-07 1.6305132e-05 3.8074502e-06 2.9560572e-06 2.098756e-05 1.1658721e-07 1.4302447e-05 1.360778e-06 3.6434804e-07 3.2258228e-08 0.0015980868
0.70337397 6.697879e-05 0.097864576 7.929964e-05 0.01641704 0.6280852 0.7781687 4.1881853e-05 2.421648e-05 1.9418207e-05 0.49220648 0.27321818 0.051158216 0.0010725614 0.35535148 0.00021716926 0.00078195025 0.011136309 2.3818257e-06 0.56272167 1.3891278e-19 2.6601676e-05 0.00035550853 0.0009171708 0.8518976 1.2596071e-07 8.4913016e-05 3.1078196e-06 0.99521947 5.283266e-05 0.15593661 3.7812913e-06 0.24657483 3.737448e-08 0.099354945 0.015389608 5.2156815e-07 0.010736155 0.0375712 0.15337908 7.4963377e-06 0.014839503 1.8720408e-08 1.9792765e-08 2.9433481e-06 1.9201165e-07 0.009303941 0.00084714475 3.4580978e-08 0.07683783 1.5190228e-07 0.0004919626 0.0015572123 0.00021842319 0.016940853 0.0001002952 1.64389e-06 1.27927535e-08 6.883026e-05 3.3917313e-05 0.00011262725 3.2589586e-08 0.017864114 8.100791e-06 4.2935196e-07 0.0030314212 1.4464947e-06 0.0022180679 4.4748372e-08 6.2219947e-06 0.0029441426 1.9887172e-07 0.3674227 3.1998527e-06 0.0009813173 1.4700973e-07 0.00279164 9.443207e-09 2.8707907e-09 0.06116013 0.0057987566 7.583447e-09 0.0040685893 3.578952e-08 0.0005753126 0.0012403067 1.9396772e-07 0.0033084953 0.00092079944 0.017351147 2.2332779e-06 1.1478402e-06 1.726722e-07 1.8507674e-08 1.9078096e-08 5.1979566e-08 8.9482586e-07 3.9819412e-07 1.01001545e-08 7.65553e-09 0.020364553
0.9129046 0.11276289 0.00058748544 0.08683706 0.0016979397 0.00012331651 0.00015819498 0.452831 0.58965904 0.92074895 0.00030027833 0.00027291337 0.0015863915 0.02504897 3.8646303e-05 0.891426 0.027544416 0.0025262856 0.04103613 3.8294795e-05 2.6601676e-05 3.1588487e-15 0.0018868495 0.046637412 3.7221373e-05 0.6759204 0.0037302163 0.39451614 8.747051e-07 0.8014546 0.000119377895 0.95814145 2.9948496e-06 0.79367083 8.8680026e-05 0.017941754 0.08881571 1.3909279e-06 5.19348e-07 2.1926467e-06 0.0005468937 5.195229e-05 0.07567211 0.10402622 0.00011164265 0.04657482 5.874537e-07 3.7915174e-06 0.10092609 4.8073884e-06 0.007791693 7.3596016e-06 0.09053345 1.1422103e-07 6.680286e-05 1.69232e-05 0.0017936808 0.009798837 7.585403e-08 1.270877e-07 5.0645226e-06 0.0074900677 0.001029181 1.600308e-05 0.025996266 7.5115086e-06 0.006449408 0.026328756 0.002827548 8.613898e-05 2.9851135e-05 0.0055749165 1.8796754e-05 1.6889938e-07 0.027839543 0.002009544 0.032738548 0.00030861323 2.866592e-05 1.6182657e-05 0.003508086 7.756161e-06 0.015207675 0.001714989 1.1129178e-07 0.014897192 0.0006158671 0.0057250974 1.2887963e-06 1.2518321e-06 3.5042187e-05 0.0009820743 0.000121929 0.000121094876 6.0675622e-05 0.0007080796 4.4931227e-08 0.00085197156 1.6313413e-06 2.7611606e-05 7.341408e-05
0.9441149 0.4600844 0.18662892 0.707972 0.40745413 0.046349008 0.18281706 0.27903268 0.17498407 0.02172741 0.46528623 0.7333715 0.017672254 0.029049708 0.0011241698 0.009763684 0.039833788 0.026081264 0.53773725 0.00038506047 0.00035550853 0.0018868495 1.5127966e-14 0.017143678 0.00019183551 0.00074195775 0.90675396 0.0073971148 0.00028964836 0.0017348779 0.000911316 9.0677364e-05 3.5965608e-05 1.8518842e-05 0.00016962539 0.015454337 0.00013713162 6.317976e-06 1.455581e-06 5.101047e-06 0.75108 0.9334109 1.726957e-06 1.6883649e-06 0.78445363 6.8545605e-06 2.5304182e-06 9.504342e-06 0.016725317 2.1517058e-06 8.037198e-06 0.47271994 0.0008879348 4.2464822e-07 1.0633077e-05 0.84440976 0.17967969 2.1171175e-07 2.4854842e-07 1.7440097e-07 0.19499388 4.4066198e-07 0.0001892871 0.15516987 0.000106862186 0.1359478 1.1443627e-05 0.0010142768 1.2683162e-07 0.65931576 3.973463e-05 0.001565112 4.4061064e-05 1.4523627e-06 0.00036792379 3.788877e-07 0.0020217514 3.786722e-08 2.402051e-07 0.003703691 0.00029369802 2.8431812e-08 0.00074332 0.012472665 4.588204e-08 0.00015053811 3.3137796e-06 0.00071263884 0.00082696055 1.5437454e-06 0.0068834233 3.8150356e-06 2.2532377e-06 2.4828284e-07 1.7483219e-06 3.022733e-07 2.0603361e-09 6.1680987e-07 3.6722426e-07 8.636945e-05 5.3689222e-05
0.9907753 0.4052798 0.06321035 0.10307577 0.19460729 0.013455033 0.004001524 0.10166133 0.057877574 0.13989307 0.005290274 0.0042447355 0.103150114 0.892863 0.0069071655 0.51349795 0.93073475 0.30467412 0.01917381 0.0009981729 0.0009171708 0.046637412 0.017143678 1.2987102e-15 0.00080240826 0.006769846 0.003195736 0.008282763 0.00013910157 0.47175562 0.007152135 0.024090473 4.9520815e-05 0.0025398766 0.0021349369 0.8477035 0.0009381058 1.6540733e-05 1.5572285e-05 1.704447e-05 0.00038204042 0.00040369466 0.00025235765 0.0007058483 0.00027333508 0.00036083898 7.89924e-06 1.9095163e-05 0.0015964926 2.3656881e-05 0.00019366636 7.334522e-05 0.7212413 2.4661476e-06 0.0013449554 0.00018801962 0.00032751387 0.00022946966 5.767295e-07 5.1634333e-07 0.0001310136 0.0002941847 0.057223726 0.00033513005 8.98616e-05 0.00024810023 0.0018073388 0.44310245 0.00020457683 0.0007651863 0.001160656 3.2832526e-05 0.000118142816 7.2804046e-06 0.19681358 6.215231e-05 0.39686516 2.2599383e-05 9.646653e-06 5.7173358e-05 0.076976694 5.2082237e-06 0.26636738 0.0020716488 1.0853653e-06 0.1441658 6.853734e-05 0.08172351 5.70011e-05 1.3814265e-05 0.00015362744 0.00028244127 4.084726e-05 8.707849e-05 5.306451e-06 7.0283763e-06 8.146697e-07 0.000114065115 3.9556003e-06 1.8083025e-05 0.0003094331
0.82381445 0.0001436235 0.021889646 0.00018622918 0.0017778656 0.42204532 0.27245936 0.00015287477 5.611845e-05 9.211081e-06 0.09216414 0.028709618 0.009361326 0.00021889947 0.27374035 0.000110252986 0.00025845945 0.0037169582 3.050988e-05 0.9729167 0.8518976 3.7221373e-05 0.00019183551 0.00080240826 3.951271e-14 1.7585585e-07 4.7270176e-05 1.558183e-06 0.80983454 0.00022487041 0.10705039 5.9990063e-05 0.8650464 7.884159e-06 0.12981501 0.008804898 8.609992e-06 0.06719186 0.8814946 0.8437375 2.1707305e-05 0.0015925342 1.1588867e-06 2.5209665e-06 1.0807014e-05 1.8881942e-06 0.29736236 0.002789793 2.83919e-06 0.52033204 1.2976198e-05 9.862913e-05 0.001373895 0.015608989 0.029443638 5.8971753e-05 2.5125648e-05 5.280505e-07 0.0021752755 0.00055895536 6.928924e-05 1.0306585e-06 0.025668228 1.6769323e-05 3.553487e-05 0.0004174896 2.2206319e-05 0.0024606762 2.447354e-07 9.753153e-06 0.021980438 9.061512e-05 0.2968961 0.0010181329 0.0009144296 1.0416695e-06 0.006530381 1.8374726e-07 8.636958e-06 0.015411883 0.008117248 9.1296215e-07 0.005562728 0.001531018 0.0031236396 0.0012066225 2.209198e-05 0.0065549584 0.00064812356 0.024053374 1.105867e-06 0.00017268842 2.2080543e-05 7.731509e-06 7.4810436e-05 2.5995632e-07 0.00010744866 3.2472005e-06 4.6573594e-05 1.9900385e-06 0.005358475
0.8360682 0.015999403 1.7284736e-05 0.0381666 9.1785805e-05 4.6463724e-06 6.262233e-07 0.32993266 0.75472003 0.3876943 1.2613707e-05 9.796211e-06 0.00029259347 0.006200487 4.292277e-06 0.07859574 0.005906947 0.00045092512 0.41596305 1.0934028e-07 1.2596071e-07 0.6759204 0.00074195775 0.006769846 1.7585585e-07 1.5810982e-20 0.034216773 0.9908543 3.04598e-08 0.08317482 5.140751e-06 0.08770425 1.2104886e-07 0.53758293 4.254754e-06 0.0066849696 0.8795648 2.6808637e-08 1.3891979e-10 8.05838e-10 0.008001068 1.6913626e-06 0.028217198 0.008060806 0.0013638912 0.035572607 3.4741476e-09 2.0347612e-08 0.42436773 6.4805796e-09 0.038937308 1.593066e-07 0.038892616 7.2517395e-11 9.826315e-07 2.567705e-05 0.045837462 0.00045842992 6.0981734e-11 2.6636132e-10 4.4351773e-06 0.00030449522 5.27266e-05 3.5717642e-06 0.14543247 5.389036e-07 0.0005075969 0.011823542 0.00013326613 0.00028276115 2.6113312e-07 0.030993057 1.6108786e-06 5.8842786e-10 0.0061959377 0.0005484143 0.0066977777 2.0191932e-05 3.4040531e-06 9.293162e-07 0.00021224294 2.2556756e-08 0.002481548 0.01275791 1.3554715e-08 0.0029124187 0.0016435797 0.000997984 8.569034e-08 1.8280498e-09 0.00011955769 0.0026364347 9.8086384e-05 0.00025483465 2.7583734e-05 0.0009291373 1.9710317e-10 0.00037273552 3.9405883e-08 5.7081776e-05 3.021661e-07
0.6894757 0.120828025 0.0020943244 0.23146544 0.0056394967 0.0006352138 0.0020765008 0.19992289 0.30224735 0.029458307 0.008193484 0.015174101 0.00050060597 0.0026557774 8.16951e-05 0.003939086 0.0032429444 0.0005312877 0.9912274 4.5481396e-05 8.4913016e-05 0.0037302163 0.90675396 0.003195736 4.7270176e-05 0.034216773 2.0328492e-15 0.15097885 5.1834653e-05 0.0015380797 4.7579626e-05 0.00039675433 4.564245e-06 0.000436751 3.7635616e-06 0.0014520325 0.008221266 1.8924089e-06 2.2694508e-08 4.0305235e-07 0.8978421 0.031301495 0.0001067366 2.114892e-05 0.7641665 0.00023885386 5.6398244e-07 3.2180615e-06 0.5411225 1.8416173e-06 0.00029681396 0.0034525753 0.0007764006 2.941378e-08 2.428489e-07 0.03153904 0.4961581 8.9695295e-06 4.1264652e-08 1.4089399e-07 0.0035594006 1.0023635e-05 1.0214016e-05 0.00648596 0.018300092 0.0009490517 1.958634e-05 0.00011343366 6.311938e-07 0.18259507 4.3416517e-06 0.092325926 7.860029e-06 5.997516e-08 0.0001063357 2.885608e-05 0.00044375804 2.1776195e-06 4.2510023e-06 0.00010274514 3.3578766e-05 2.814987e-08 0.00037277196 0.06918414 9.301669e-08 8.2403e-05 8.079909e-05 0.00015181895 6.325545e-05 2.1476188e-07 0.009428101 0.0001464135 1.0013273e-06 6.5261124e-06 5.5224573e-06 0.00023163117 7.680935e-09 6.188172e-05 4.1702296e-07 0.0005935863 2.0445004e-06
0.86642313 0.025514947 0.0001399166 0.05712791 0.0003870761 0.00011467887 1.2126181e-05 0.30147535 0.68883073 0.21339807 5.954769e-05 3.5538094e-05 0.00038433223 0.0064588217 2.2123248e-05 0.04958066 0.008639365 0.0007479329 0.65219784 1.0753877e-06 3.1078196e-06 0.39451614 0.0073971148 0.008282763 1.558183e-06 0.9908543 0.15097885 7.134246e-19 8.532695e-08 0.04109412 6.9080243e-06 0.053635534 2.9958824e-07 0.3666589 8.544602e-06 0.007490207 0.84838134 8.0868574e-08 2.7335447e-09 1.9961666e-08 0.049906697 3.8770857e-05 0.06274553 0.009168362 0.0064533977 0.044808622 2.779962e-07 1.2032916e-07 0.7325696 4.4399126e-08 0.03148783 9.2948685e-06 0.015586252 1.4338687e-08 2.9831097e-07 9.649343e-05 0.18278933 0.0011823633 7.3112862e-09 1.7678042e-08 5.2016712e-06 0.0006622407 4.3206586e-05 3.8844487e-06 0.30618128 5.320906e-07 0.0013120954 0.005997116 0.00016295485 0.00027417496 9.761652e-07 0.095750906 3.2206526e-06 1.7698003e-09 0.004866409 0.0003158375 0.003836985 2.209375e-05 2.1781607e-05 7.010453e-07 0.00057867804 3.778499e-07 0.0028049406 0.025634414 7.976176e-09 0.0018483327 0.0016662533 0.0006468873 2.7612526e-07 1.2299691e-08 0.00027478486 0.0016496484 1.5188521e-05 0.00017939998 3.9323877e-05 0.0016576471 7.9248524e-11 0.0005057423 2.7385193e-08 0.00010164482 8.6217085e-08
0.51186013 4.526647e-05 0.0082174605 3.0467429e-05 0.0019154805 0.11102769 0.5688416 2.5523996e-05 1.1905893e-05 1.2302654e-05 0.42312506 0.29750037 0.0065516615 3.1331045e-05 0.05847803 2.8612412e-05 9.167785e-05 0.0023897688 1.6392263e-06 0.1796949 0.99521947 8.747051e-07 0.00028964836 0.00013910157 0.80983454 3.04598e-08 5.1834653e-05 8.532695e-08 1.3010556e-15 1.15000585e-05 0.03662931 1.7043094e-06 0.1616868 6.071072e-08 0.022398667 0.0025613965 2.3996472e-07 0.0060829744 0.25955287 0.5517514 6.5530044e-06 0.017140357 4.3635225e-08 1.5703394e-08 1.0422295e-05 5.977268e-08 0.029226122 0.0018660325 2.166967e-08 0.6482377 9.670532e-07 0.0005037579 7.462926e-06 0.0013607276 0.0016188083 8.392927e-05 3.7482816e-06 4.6331508e-08 0.00039536995 0.00028472542 5.8754675e-05 3.0589632e-08 0.002491705 5.001578e-06 4.8867278e-06 0.0064287805 1.1904177e-07 5.1996056e-05 4.3079012e-08 2.6877067e-06 0.00063163525 4.9006726e-06 0.82951283 2.8792414e-05 1.32673495e-05 9.7673095e-08 0.0003270797 3.6459065e-09 6.6091694e-08 0.2038497 0.0011925183 9.526225e-09 0.0010376401 9.942864e-07 0.008766669 7.63533e-06 6.6604184e-07 0.0006094738 0.0059395893 0.1933698 1.4878306e-07 1.455177e-06 4.4951398e-07 1.09225006e-07 1.5405144e-06 1.3023513e-08 1.46624125e-05 1.903645e-07 2.0937121e-07 1.17684795e-08 0.116267726
0.98381335 0.04989288 0.003928497 0.020542128 0.008394436 0.0012008449 0.0006937698 0.07702578 0.056783527 0.20791923 0.0006302606 0.0006737233 0.011549627 0.18991192 0.0011199821 0.87178427 0.28156495 0.019490208 0.010969415 0.00023360956 5.283266e-05 0.8014546 0.0017348779 0.47175562 0.00022487041 0.08317482 0.0015380797 0.04109412 1.15000585e-05 8.6079533e-16 0.0019662906 0.89064986 1.5555126e-05 0.19300091 0.0007257704 0.17429033 0.015175911 2.5260384e-05 1.6657439e-06 5.5149994e-06 0.00037040195 6.303673e-05 0.021035934 0.14198199 0.00014848972 0.013524297 5.5553664e-06 1.8209163e-05 0.010599592 1.1060299e-05 0.0032677634 1.0751288e-05 0.91872233 2.1207288e-07 0.0006775856 5.2821775e-05 0.0005123611 0.008572958 2.1921689e-07 3.1639595e-07 1.5627435e-05 0.010049977 0.008813798 2.8764502e-05 0.0007322452 3.0039591e-05 0.015741872 0.47390002 0.00440344 0.00013572154 0.00019360414 0.00026983264 1.5376032e-05 1.3522528e-06 0.2995383 0.0019700762 0.29184338 0.0005486363 4.4501354e-05 4.050094e-05 0.015877256 1.2867043e-05 0.0934144 0.0035478175 2.7655958e-07 0.15611479 0.00078907853 0.027441736 2.8589975e-06 9.4666166e-07 0.0005640325 0.0016777379 0.00053713145 8.2651946e-05 9.341856e-05 0.00074632966 5.7182626e-07 0.0010356565 5.001158e-06 8.2307495e-05 7.9693724e-05
0.96440697 0.000545144 0.10555466 0.0007972865 0.05988698 0.23845273 0.07781274 0.00033983364 0.0003794359 6.4310734e-05 0.0367826 0.012878314 0.33735302 0.0049089286 0.9344366 0.0009228369 0.0057906196 0.15760958 3.4041586e-05 0.69103307 0.15593661 0.000119377895 0.000911316 0.007152135 0.10705039 5.140751e-06 4.7579626e-05 6.9080243e-06 0.03662931 0.0019662906 8.9389074e-17 0.00011115767 0.27103227 8.099797e-07 0.97169435 0.17311436 9.361949e-07 0.036864374 0.05924493 0.037118006 1.3134587e-06 0.0005700507 6.9358185e-07 7.317641e-07 1.7639996e-06 3.1390725e-06 0.05139127 0.0019132103 5.651465e-07 0.011822843 1.7319954e-06 4.901633e-05 0.038005773 0.009594036 0.41266388 2.1529057e-05 2.8865202e-06 1.7380216e-06 0.0003682341 0.0002037711 8.533462e-06 1.5132832e-06 0.56706667 2.7730975e-06 4.487257e-06 0.00032206898 5.2726123e-06 0.06298614 9.918851e-08 4.0342907e-06 0.060010757 5.741577e-06 0.00893002 0.00017886187 0.01854572 1.8627553e-08 0.08633721 1.1640405e-08 1.74039e-08 0.0064413915 0.09826556 2.4257726e-08 0.051853865 8.810449e-06 0.0008793544 0.012600826 2.184572e-05 0.034600575 0.00012113704 0.0008204308 6.5932554e-06 0.00016283774 9.0393985e-07 5.4491315e-06 1.5367074e-05 5.946835e-07 4.671846e-06 1.1654442e-05 1.8085919e-07 1.094968e-07 0.008122952
