9.861405e-28 0.18435952 0.45182902 0.55687255 0.0065096132 0.55350465 0.02825522 0.3781541 0.002977143 0.24162023 0.33221376 0.5722629 0.4728432 0.08482902 0.7262401 0.04175556 0.03441731 0.18552132 0.30955845 0.499742 0.1856165 0.17666692 0.69113845 0.36893943 0.35596627 0.0004818368 0.40589097 0.013685869 0.26375932 0.005904717 0.5224221 0.6943762 0.11896107 0.22597146 0.8810878 0.00032549395 0.8358816 0.005717385 0.9368327 0.5532394 0.00029066473 1.4947817e-06 0.14846547 0.002174826 0.722503 0.0012565958 0.0149059305 0.9947511 3.3993455e-08 0.7493183 6.418519e-07 0.0003702372 0.98811257 0.0022861124 7.440555e-06 0.02418481 0.13738127 0.92482287 0.63892686 0.50461143 0.9977939 2.8841083e-07 0.5526707 5.477039e-05 1.7731557e-09 0.5156807 0.7364997 3.080579e-07 0.76626486 0.886341 1.2608511e-07 3.395341e-08 0.7185082 0.4221146 0.20818911 0.7486307 0.982288 0.7904111 0.3695686 0.00035821722 0.12790756 1.7587176e-07 0.9880285 1.7073931e-05 0.1309674 0.99933165 0.84539527 8.594924e-09 0.94057494 1.2837875e-08 0.031515602 0.9365909 0.00034803656 3.3926703e-10 0.9799279 0.0019787871 6.965057e-07 1.101034e-09 0.9990702 0.0035211397 0.99996907
0.18435952 3.6803713e-21 0.8048113 0.96257854 0.7641743 0.41659853 0.43567446 0.59842235 0.94144845 0.5423509 0.007929288 0.003810605 0.3715462 0.0025987322 0.21631469 0.45853242 0.00020751623 0.0018572337 0.044488713 0.1496196 0.012521857 0.053722247 0.00071008527 0.16379172 0.027338699 0.34988046 0.12485155 2.7643406e-05 0.034193154 0.0069293506 0.040101137 0.0010080737 2.8737948e-06 0.001816302 0.052888017 0.18677893 0.046949655 8.00222e-05 0.017295415 3.7134043e-05 0.009647895 0.045787975 5.571262e-06 1.8243029e-06 0.021362849 3.3864935e-06 0.0058256565 0.051007133 0.002699337 0.0025278244 0.01998446 0.009970209 0.0060517974 5.0946687e-06 0.0027821704 1.7455832e-06 0.00024112008 0.0071926974 0.0007490139 0.00028140398 0.004322973 0.00043682344 0.00031939507 8.423767e-05 0.005526963 0.000773899 0.0023770244 0.00496436 0.001324333 0.0003235183 5.993765e-06 0.0007316323 0.00025462935 1.7561275e-06 0.0002181384 3.2799428e-06 0.0002380393 3.177031e-05 0.00036289648 2.134845e-06 0.00023732935 2.0204589e-05 0.00012917175 1.1006929e-07 0.00010814082 0.0021021755 2.8859766e-05 2.5153171e-05 0.00040445267 3.947651e-05 3.2829394e-05 1.138868e-05 8.604128e-05 1.8452035e-06 3.598733e-05 7.4883593e-07 1.0698363e-06 0.00024911144 0.00034819942 1.3729026e-07 0.00036246775
0.45182902 0.8048113 1.1716397e-17 0.7699615 0.6385871 0.6941115 0.5035097 0.4554801 0.19006337 0.18700399 0.25771666 0.37978142 0.18104573 0.18800762 0.973085 0.038714062 0.031735193 0.056700975 0.02822021 0.03510676 0.006288416 0.012741697 0.058905687 0.09723029 0.40451428 0.17512083 0.05866016 0.010699385 0.02267091 0.039458733 0.33526468 0.17465457 0.0005265806 0.0010181344 0.37829176 0.007747482 0.038627278 0.010238963 0.19037898 0.0041616964 0.014107748 0.013412013 0.0014884615 0.00019870308 0.026928287 0.0013373804 0.0014398481 0.05087056 0.00038076373 0.0007640218 0.00059535913 0.00073006336 0.017717488 0.00046719 0.0003259329 0.00021634488 0.001600592 0.010617762 0.024643952 0.008598386 0.08841882 0.003903353 0.01623685 0.00011618225 0.0004440711 0.0003631821 0.0019775936 0.00041088884 0.0007520038 0.0100132115 0.00016081527 0.0022537655 0.00010048227 5.6527642e-05 0.00035406207 0.0055295383 0.012514993 0.0045274873 0.000103412225 1.1605528e-05 3.551641e-05 0.00031861014 0.0043729884 5.507944e-05 2.0408235e-05 0.03538197 0.003846087 0.0005021501 0.00023886682 0.00034345133 2.02652e-05 0.0024144028 0.00035981167 0.00043196537 7.4645315e-05 2.573212e-06 2.484016e-06 0.00070888875 0.0007554286 5.6246317e-06 0.0037957833
0.55687255 0.96257854 0.7699615 7.057634e-21 0.33505425 0.15589336 0.14389183 0.9581569 0.3653697 0.64494914 0.0060546724 0.0032295221 0.6143691 0.0030015637 0.41467625 0.25279516 0.000259156 0.0006346979 0.05300724 0.1084272 0.017551977 0.11142101 3.8377824e-05 0.41847253 0.052422415 0.14632396 0.34305608 3.359693e-05 0.05427652 0.010743443 0.10253656 0.0031436593 2.9759478e-06 0.002414464 0.13869438 0.17102155 0.22817637 5.4650463e-06 0.049769074 8.815829e-06 0.0056517078 0.01846961 4.6600337e-07 2.2167069e-07 0.13110691 2.7537403e-06 0.03413679 0.23810692 0.00025881882 0.0025128836 0.016495531 0.018138034 0.03577004 1.6417687e-06 0.0041319234 3.1540327e-07 0.0012201113 0.020409144 0.0022667777 0.0006401201 0.010415345 0.00015829835 0.00044432297 0.00030577183 0.0010115252 0.0001550602 0.0035916837 0.003004737 0.0043293163 0.0011082256 1.6663381e-06 0.00026439442 0.00043709244 5.4444905e-07 6.0568895e-05 7.1263507e-06 0.00097557623 0.000327857 0.00021858675 2.6349613e-05 3.778741e-05 0.00012792267 0.00039356278 2.0050355e-07 7.2073494e-06 0.005618339 0.00012847933 2.6925722e-05 0.0006329196 8.906227e-05 8.085651e-07 4.6137266e-05 8.400342e-05 5.811174e-06 0.00015801101 7.1791305e-07 3.7097337e-07 0.00041675047 0.0021993096 1.313473e-07 0.0020311882
0.0065096132 0.7641743 0.6385871 0.33505425 1.3544648e-21 0.54533243 0.8506857 0.080343306 0.7759792 0.045571975 0.01658562 0.0049617756 0.021313617 0.0051215696 0.15903904 0.1687481 0.0007258943 0.0018735584 0.0054635513 0.021577567 0.00086642243 0.0030003544 0.00042941814 0.02426514 0.04132437 0.4821299 0.013003813 0.00015887276 0.0024292134 0.060882077 0.03559857 0.0044328053 0.00017196206 0.0009401515 0.030263105 0.07866903 0.0071823606 0.00065948244 0.019040987 0.00011117571 0.07568187 0.11070764 8.462053e-05 8.474793e-06 0.0033449484 4.805129e-06 0.0008404673 0.0089343395 0.010282284 0.0020008537 0.0140917795 0.0011909135 0.0015503598 4.2821093e-06 0.0004029909 4.58673e-06 0.0005974328 0.0012807092 0.0006809308 0.0006898071 0.0016690094 0.0007382103 0.00095630693 7.004445e-05 0.0037660182 0.00073210936 0.0006056327 0.00047711737 0.0013374715 0.00027520975 1.3235691e-05 0.0027815748 0.00022779533 1.5656694e-06 0.00022347289 0.00023295394 0.0006297932 0.0001948132 4.813405e-05 3.6745863e-07 2.1065202e-05 1.535887e-05 0.0004915321 1.2958311e-06 5.2796368e-06 0.0008149908 0.00033991973 5.0421397e-05 0.0004106501 5.3846285e-05 8.83164e-06 0.00020093971 4.4545635e-05 1.644002e-05 0.0001999417 4.338887e-06 9.261845e-06 0.00021489538 0.00019023792 9.759382e-07 0.00045086961
0.55350465 0.41659853 0.6941115 0.15589336 0.54533243 6.940964e-19 0.9668981 0.029228592 0.10515009 0.042887323 0.84457564 0.59240466 0.007550109 0.82235485 0.22583048 0.004891204 0.42595452 0.28827655 0.0003503853 0.0027615018 8.5210806e-05 0.0006162184 0.03298603 0.023315586 0.50781816 0.34771308 0.013586263 0.10336396 0.0005029102 0.65128547 0.35003516 0.08719313 0.03164277 1.850388e-06 0.045352235 0.0015696636 0.011148312 0.06873337 0.11874911 0.0014996766 0.19706827 0.008624321 0.0021673394 0.0011073584 0.0025873727 0.0005196525 9.61757e-06 0.030325301 0.0018351376 0.0003620188 4.518547e-05 1.33441945e-05 0.0044493214 3.9911454e-05 1.8291226e-05 6.8372524e-06 1.1508259e-06 0.0006851568 0.01972607 0.0060980846 0.06436819 0.027702255 0.004175519 2.3722614e-06 0.00034956037 8.231495e-05 8.801392e-05 2.8224858e-05 0.00029808222 0.0062957397 0.0010149743 0.0067451573 6.937159e-06 3.3941178e-06 0.0001064137 0.000221121 0.0025352447 0.0016796392 2.4036692e-05 1.8556905e-07 1.3080605e-05 2.3163734e-06 0.0010501023 1.0380152e-06 3.8659296e-06 0.024185153 0.002686345 0.00018635941 3.1639265e-05 8.422943e-06 9.3885365e-06 0.00043847956 6.2467905e-07 0.0002495318 6.5982e-06 2.2596312e-06 1.1247714e-05 0.00022945325 0.00011574553 1.0588289e-07 0.00026063193
0.02825522 0.43567446 0.5035097 0.14389183 0.8506857 0.9668981 1.05626424e-20 0.03127058 0.2213612 0.024009755 0.12234479 0.04245483 0.007846795 0.057865694 0.09136206 0.030909086 0.011207444 0.008366531 0.0011743217 0.006175115 0.0001387568 0.00056072423 0.0017779309 0.015756207 0.11810233 0.70973223 0.0061844788 0.0010777728 0.00047494555 0.3553263 0.08048974 0.010889112 0.0005432627 3.250834e-05 0.02254968 0.014954756 0.0033437125 0.0030566484 0.027859163 0.00029851292 0.19852078 0.056650057 0.00036907083 2.8514485e-05 0.0011536959 1.9937192e-05 4.18547e-05 0.004228346 0.01230286 0.0002370821 0.0013301872 8.779679e-05 0.0011544001 2.4422037e-05 7.3367395e-05 1.3124802e-05 1.4028475e-05 0.00024530335 0.0015970073 0.0009172258 0.0044367537 0.0057527917 0.001210217 6.788187e-06 0.0016284792 0.00010276367 0.00010289221 5.3482152e-05 0.00030228644 0.0008071853 2.4638734e-05 0.0055968324 4.441878e-06 4.7564586e-06 3.6775768e-05 0.0001507874 0.00059557863 0.00028070738 1.4412025e-05 2.1107631e-07 3.9725705e-06 2.1466494e-06 0.00032421263 1.1575293e-06 1.6915498e-06 0.0011539406 0.00034211428 3.6328223e-05 4.7945796e-05 1.2586071e-05 1.9849153e-06 7.774575e-05 1.4024228e-06 6.615296e-05 9.188928e-06 3.946098e-06 3.6250267e-06 4.64517e-05 0.00010972349 1.0370133e-07 0.00024042756
0.3781541 0.59842235 0.4554801 0.9581569 0.080343306 0.029228592 0.03127058 4.6469444e-21 0.11067223 0.95403093 0.0026842768 0.0015376603 0.92347723 0.0012773068 0.34756902 0.31611168 9.4386894e-05 0.00024404495 0.36988902 0.3133134 0.21633732 0.506384 8.73933e-05 0.7013741 0.027698113 0.03584993 0.4646736 0.00010446381 0.32160947 0.0025939457 0.068838924 0.0035916974 2.3310871e-05 0.09146407 0.13216878 0.15057324 0.32904047 4.859077e-06 0.05032714 3.312505e-05 0.0013493164 0.004346072 1.8541684e-06 7.30484e-07 0.25545707 3.8945936e-06 0.103282675 0.18695277 8.4329135e-05 0.04237474 0.009749262 0.054298066 0.06473855 1.9798183e-06 0.006809474 3.0417245e-06 0.007827665 0.08223293 0.0020377238 0.0012084161 0.0050934493 2.54411e-05 0.00043688447 0.0016029199 9.545205e-05 0.0023992846 0.026740486 0.0036858227 0.024449816 0.0015967279 4.875114e-06 2.0231602e-05 0.006851878 2.1702454e-06 0.00096304336 3.5611e-05 0.0012549754 0.0009867843 0.0025417178 4.121158e-05 0.0019753678 0.0003078792 0.0010108072 3.660801e-07 0.00037340354 0.003000167 0.0001661497 3.2187847e-05 0.0050128433 0.0001731368 0.00018430845 6.921269e-05 0.00028089483 3.6830259e-06 0.0035995382 2.8649504e-06 3.9689658e-06 0.00088176236 0.003801132 8.589874e-06 0.0072782836
0.002977143 0.94144845 0.19006337 0.3653697 0.7759792 0.10515009 0.2213612 0.11067223 5.099433e-19 0.047578823 0.0017062653 0.00027993903 0.023357349 0.0009428298 0.05528203 0.4959229 0.00018340106 0.00031924614 0.0058574923 0.029868517 0.00090044294 0.0037270836 2.3275485e-05 0.012195332 0.0034271074 0.49430677 0.013637715 9.496125e-06 0.0014778047 0.015065589 0.006061221 0.0004081009 1.5603912e-06 0.00016156095 0.0074509364 0.28957993 0.005807434 3.08702e-05 0.0036897128 5.0810486e-06 0.021472586 0.16017151 7.1201043e-07 1.1687838e-06 0.002617304 2.297874e-06 0.001604444 0.0073673096 0.010012596 0.00047312368 0.041914035 0.003347851 0.0011152299 3.997025e-06 0.0012231112 6.889251e-07 0.00033624462 0.0010645853 0.00019041162 3.1422518e-05 0.0005432404 0.00010847569 5.635744e-05 6.37799e-05 0.0081916 0.00046768365 0.00015696208 0.0030069386 0.0005457945 8.902126e-05 1.0301278e-06 0.00057488756 1.5270667e-05 5.901085e-07 0.00022701718 4.7628314e-06 5.1027917e-05 3.0108798e-05 4.4291304e-05 4.0897557e-06 8.438436e-06 3.5373556e-05 3.56959e-05 4.0794384e-07 6.2126555e-06 0.00022885381 8.914784e-05 1.4336615e-05 8.331187e-05 6.638053e-05 5.3122685e-06 3.2156306e-05 1.8673398e-05 1.2632294e-05 8.020583e-06 5.6078966e-07 8.171769e-07 0.0004408997 0.00028250052 3.0549768e-07 0.0012072705
0.24162023 0.5423509 0.18700399 0.64494914 0.045571975 0.042887323 0.024009755 0.95403093 0.047578823 2.0498967e-21 0.0006222288 0.00034645197 0.9391489 0.0003118172 0.12606606 0.45231643 2.414451e-05 6.479016e-05 0.7961325 0.6467407 0.66786206 0.7720224 5.61359e-05 0.5975969 0.006834241 0.034888193 0.23340863 6.768341e-06 0.41861418 0.00028310544 0.023723897 0.0004602292 4.300234e-06 0.21465866 0.04550802 0.13730416 0.16747996 2.465936e-06 0.019204926 1.9160341e-05 0.00077150034 0.0035825905 2.992273e-07 3.0863836e-07 0.32379368 1.1402726e-06 0.29529563 0.09311833 4.4389577e-05 0.07273051 0.008647475 0.20180455 0.064322546 1.810188e-07 0.035035558 7.096405e-07 0.06384443 0.10676883 0.00018052671 6.315732e-05 0.0014720396 1.8240577e-06 5.0903192e-05 0.008341093 6.944139e-05 0.004127001 0.040130407 0.009975486 0.033749945 0.00012864436 1.2417706e-06 2.631274e-06 0.0063562556 2.80659e-07 0.001671135 3.0847789e-06 0.00013758038 0.00014772938 0.0028698128 0.00013458946 0.0020030348 0.0017675827 0.00017660079 2.1574438e-07 0.00030044676 0.001969636 3.273538e-05 1.1348684e-05 0.006236125 0.0004307752 0.00024417182 3.3516986e-05 0.00041582188 6.240711e-07 0.0035585028 8.522226e-07 7.3328914e-07 0.0006796887 0.005291044 1.0317457e-05 0.014751716
0.33221376 0.007929288 0.25771666 0.0060546724 0.01658562 0.84457564 0.12234479 0.0026842768 0.0017062653 0.0006222288 1.5483914e-17 0.96867704 0.00026608643 0.93336636 0.061431017 0.0012154437 0.74188066 0.7630031 0.00026173686 0.0008306332 4.3619028e-05 6.865633e-05 0.39761177 0.002567409 0.42902488 0.024131069 0.0013987203 0.3846707 0.00013968488 0.3408135 0.13490872 0.27556613 0.24877948 1.9126026e-06 0.013661453 2.0188834e-05 0.0012152253 0.15734494 0.05013539 0.027612537 0.028602062 8.363651e-05 0.022394659 0.017487708 0.0011481085 0.014654251 7.5791995e-06 0.00936898 0.00018215511 0.000117147436 2.8027212e-06 1.6860198e-05 0.0021689709 0.0006832459 1.32465875e-05 0.00031804488 1.0263404e-05 0.0006397134 0.1387787 0.12612446 0.25352567 0.02597214 0.07252751 3.4738316e-06 9.050656e-07 4.398499e-05 0.00014802809 3.4226764e-06 0.00012193191 0.060752664 0.009430884 0.003856404 5.836962e-06 0.00041108363 2.4423642e-05 0.0109913545 0.065769516 0.035783432 8.946557e-06 1.3493407e-07 6.2827658e-06 3.873946e-06 0.031091973 2.9325762e-05 1.0475992e-06 0.00523453 0.013832056 0.0012276659 2.5959267e-05 3.0219649e-06 3.7061109e-06 0.004303297 4.372792e-06 0.0012812101 7.942485e-06 5.4744127e-05 0.00012430656 0.00010695762 7.819473e-05 5.895803e-07 0.00026471633
0.5722629 0.003810605 0.37978142 0.0032295221 0.0049617756 0.59240466 0.04245483 0.0015376603 0.00027993903 0.00034645197 0.96867704 4.556078e-19 0.00016130971 0.60822254 0.12218173 0.00041166917 0.47042796 0.88922954 7.854106e-05 0.00022121106 1.2172736e-05 2.5196676e-05 0.7296682 0.0039863205 0.7790828 0.011250697 0.0028522385 0.2750818 0.00013198362 0.22973399 0.34540486 0.61138123 0.28962654 7.9465434e-07 0.027858088 8.837521e-06 0.0024400924 0.1269194 0.15713175 0.049938332 0.020606156 1.8676232e-05 0.031805765 0.016032778 0.0013041014 0.008240214 1.0351637e-05 0.021128789 8.9641544e-05 8.202931e-05 1.2902436e-06 1.4176023e-05 0.003949006 0.0009053747 1.1484418e-05 0.00048270193 3.4820905e-06 0.0012095345 0.4396879 0.34645006 0.50706714 0.015150481 0.18319276 3.2252635e-06 4.831758e-06 1.8746681e-05 0.00027868123 1.5419437e-05 0.00016152937 0.19964267 0.0065397974 0.0018251706 7.1107434e-06 0.00049696246 1.1195638e-05 0.04894343 0.26437858 0.14109375 4.2196793e-06 8.376218e-08 2.2423224e-06 3.6280166e-05 0.12207096 4.778799e-05 7.4137563e-07 0.014783905 0.058229215 0.0031017945 6.59278e-05 1.2779493e-05 1.4254468e-06 0.018695144 1.3499612e-05 0.0011454985 3.3100905e-06 0.0001743658 0.001838031 0.00037586928 0.0002676067 6.8141014e-07 0.000627223
0.4728432 0.3715462 0.18104573 0.6143691 0.021313617 0.007550109 0.007846795 0.92347723 0.023357349 0.9391489 0.00026608643 0.00016130971 6.0634407e-21 0.00021511437 0.1869264 0.29666737 4.2716347e-06 1.1357237e-05 0.62962836 0.4395049 0.63617814 0.87791014 1.9903586e-05 0.7988786 0.005438526 0.011111009 0.4819699 5.9454196e-06 0.72989345 0.00027350668 0.032608416 0.000312912 2.7338642e-06 0.5443925 0.0672974 0.07905138 0.33716175 1.2377991e-06 0.019653423 5.2223886e-06 0.00036356467 0.0017566856 2.7814764e-07 4.2549465e-07 0.5879601 2.116935e-06 0.28303534 0.14704311 9.122759e-06 0.30490223 0.0025954861 0.10493335 0.13778116 8.838966e-07 0.011918907 1.3961242e-06 0.049246147 0.2239128 0.0006644181 9.002457e-05 0.0020714127 2.1376156e-06 4.8996517e-05 0.006522681 1.732783e-05 0.012783187 0.10426476 0.003647314 0.14916083 0.00021205137 1.0329846e-06 2.487743e-06 0.033976953 1.0081275e-06 0.0019977468 1.5940058e-06 0.00019840203 0.0001436283 0.0030915807 0.0004858185 0.003877611 0.0013292128 0.00016011621 7.2435256e-08 0.0013110741 0.0015180381 2.0285697e-05 4.5167826e-06 0.015306989 0.0002450326 0.0008766293 1.40603925e-05 0.0007262835 8.543164e-07 0.010020901 1.3947135e-06 3.3144195e-07 0.0010630122 0.013591882 1.9864976e-05 0.011982845
0.08482902 0.0025987322 0.18800762 0.0030015637 0.0051215696 0.82235485 0.057865694 0.0012773068 0.0009428298 0.0003118172 0.93336636 0.60822254 0.00021511437 9.8762024e-20 0.03362902 0.00032148993 0.9680554 0.72465557 5.528394e-05 0.00053640245 9.952044e-06 8.8141685e-05 0.30412155 0.0021002588 0.33445835 0.020983709 0.00084009586 0.61940235 0.00010511208 0.45072758 0.0594533 0.16406776 0.55541456 4.3492932e-06 0.008493229 8.308894e-06 0.0010709359 0.37133837 0.020013597 0.045297675 0.029981898 9.784478e-05 0.051319018 0.03284499 0.0003469554 0.017576499 4.6117666e-06 0.006194307 0.00015902844 0.00018872453 3.9134557e-06 1.1102636e-05 0.0011566036 0.00098056 1.6337694e-05 0.00045657693 3.3371478e-05 0.0001813567 0.09288854 0.082581475 0.06873821 0.03381628 0.034133397 9.333918e-06 3.947747e-06 0.00010790543 0.000101217745 1.1108143e-05 0.00018977514 0.021608606 0.0137262335 0.0031257719 7.996936e-06 0.00019672311 4.160577e-05 0.0085113505 0.022009747 0.02123776 1.5548852e-05 3.285592e-07 1.7541348e-05 1.1682217e-05 0.010485303 4.969098e-05 7.292561e-07 0.0035387916 0.0062250365 0.0019523634 3.7948004e-05 1.3990265e-05 5.6939784e-06 0.0017497258 3.683714e-06 0.0017802784 2.2115419e-05 0.00012394824 0.00042348797 0.00047071275 5.440821e-05 2.2006732e-07 0.00019998537
0.7262401 0.21631469 0.973085 0.41467625 0.15903904 0.22583048 0.09136206 0.34756902 0.05528203 0.12606606 0.061431017 0.12218173 0.1869264 0.03362902 1.7610869e-19 0.022681622 0.004711374 0.008765366 0.0046698796 0.010197805 0.0015650516 0.0085610505 0.0076978365 0.26025867 0.61127615 0.04325286 0.35270283 0.0009859165 0.019999407 0.013309568 0.7515979 0.110399865 6.0499795e-05 0.00074418954 0.9503437 0.0049431645 0.20016427 0.00077861466 0.47057104 0.0012530052 0.0016637715 0.0005655938 0.00056953233 8.296312e-06 0.10974727 2.9402801e-05 0.0005180614 0.3684486 4.940831e-05 0.0020584245 0.00016017181 0.00064382295 0.081245534 2.6707725e-05 0.00060927396 1.1157203e-05 0.00055033446 0.027326383 0.028418079 0.004522475 0.17173071 0.0005271235 0.005720235 0.00010055379 5.4219895e-06 0.00031406537 0.005226529 0.00060309813 0.0029590358 0.013018684 4.168823e-05 0.00012716647 0.0003485757 4.679377e-06 0.00012527028 0.0008110709 0.016994081 0.005308716 6.47586e-05 1.3065376e-06 7.395961e-05 5.278426e-05 0.007688617 3.41433e-06 1.5573503e-05 0.119419895 0.0022360082 1.7921984e-05 0.0010363526 0.00013763015 5.7205066e-06 0.0015394606 0.00016698078 8.333066e-06 4.340283e-05 3.3494377e-06 4.4540073e-07 0.00018139218 0.001465926 3.327438e-06 0.003860354
0.04175556 0.45853242 0.038714062 0.25279516 0.1687481 0.004891204 0.030909086 0.31611168 0.4959229 0.45231643 0.0012154437 0.00041166917 0.29666737 0.00032148993 0.022681622 1.3062454e-18 3.7751463e-05 0.000107353204 0.47931758 0.9257042 0.14368819 0.15879844 1.3816609e-05 0.10913947 0.0004778282 0.06793579 0.04232193 3.27636e-06 0.049099702 0.00034840885 0.0029518264 1.8178695e-05 7.364175e-07 0.012001412 0.012214496 0.9283755 0.032751117 7.684186e-06 0.0012181342 2.1714252e-06 0.001677526 0.05038277 8.4240156e-07 9.1765054e-07 0.036524527 2.1290676e-07 0.48495328 0.009280357 0.0011289277 0.0100155845 0.10816374 0.60394 0.010418609 5.409308e-07 0.28776857 9.057313e-07 0.1313292 0.018294543 4.285257e-05 7.852694e-06 0.00066434906 2.8541103e-06 6.7739525e-06 0.03915554 0.0034370576 0.0029162904 0.0059031346 0.14819731 0.0026199885 3.4572455e-05 1.1159751e-06 4.5861638e-05 0.0007717554 9.900249e-07 0.0021131623 1.8616639e-07 1.9774458e-05 2.381394e-06 0.0017996806 0.0022118737 0.0012420147 0.0073555005 7.172223e-06 1.4943383e-08 0.0009089746 0.0015609852 2.2917047e-06 2.3239743e-06 0.00026499244 0.009480038 0.00045529442 1.5494194e-06 0.0007778647 5.042606e-07 0.0006821859 2.8403178e-07 3.3538342e-07 0.010594392 0.0014112052 1.5044158e-05 0.004842703
0.03441731 0.00020751623 0.031735193 0.000259156 0.0007258943 0.42595452 0.011207444 9.4386894e-05 0.00018340106 2.414451e-05 0.74188066 0.47042796 4.2716347e-06 0.9680554 0.004711374 3.7751463e-05 1.0917779e-21 0.72236794 1.5019637e-06 8.695941e-05 6.680546e-07 8.4255976e-07 0.3381854 0.00034014217 0.11370587 0.003025532 5.7033674e-05 0.91032255 3.6534163e-06 0.4824651 0.0058869603 0.09727108 0.76674646 6.520249e-07 0.0016259876 2.2304415e-07 0.00014537014 0.629569 0.003079582 0.072443105 0.0100227175 3.2755354e-06 0.09276043 0.14976986 3.4336565e-05 0.06338162 1.3684771e-06 0.0009038154 7.2255802e-06 4.1908337e-05 2.5897286e-06 9.679006e-06 8.006303e-05 0.0059866076 1.172237e-05 0.0014620622 1.3515391e-05 3.5785954e-05 0.04001755 0.0657779 0.010801941 0.020818776 0.026436683 9.310358e-06 1.2647826e-06 4.2442112e-05 2.4155242e-05 3.4972627e-06 0.000121297264 0.008169541 0.023301328 0.0016142413 5.606811e-07 0.00023016814 1.2812406e-05 0.00613864 0.010773377 0.011154517 1.7199845e-06 1.4949606e-07 6.5502394e-07 1.6951639e-06 0.0057988013 0.00031561288 6.2136685e-08 0.005590684 0.005259942 0.0051346463 3.7172824e-06 3.539223e-06 4.1859886e-07 0.0018766369 3.0391686e-07 0.0026182912 3.7152374e-06 0.00011509379 0.0035568133 0.00023725943 1.4812361e-05 8.5905036e-08 0.00021862636
0.18552132 0.0018572337 0.056700975 0.0006346979 0.0018735584 0.28827655 0.008366531 0.00024404495 0.00031924614 6.479016e-05 0.7630031 0.88922954 1.1357237e-05 0.72465557 0.008765366 0.000107353204 0.72236794 1.4286601e-19 3.7133155e-05 0.00031680617 6.148509e-06 6.292756e-06 0.9756598 0.0003519877 0.26934734 0.0002951905 0.00022398368 0.5892824 3.3727072e-05 0.1116711 0.02407482 0.40021542 0.81253034 1.2794012e-06 0.004667642 1.4468198e-07 0.0004273856 0.32099757 0.008234747 0.40787745 0.0017984359 1.2445519e-06 0.2116797 0.11259496 7.9683385e-05 0.10551573 1.5513136e-06 0.0016570701 1.27615e-06 3.3872802e-05 6.028675e-07 6.5103477e-06 0.00038316916 0.01602045 2.6031148e-06 0.013559171 1.9497982e-05 0.00029375547 0.14376153 0.28505245 0.037855793 0.012116692 0.22515133 6.282409e-07 3.8774922e-07 2.3242523e-05 0.00010775508 4.6449082e-07 8.1139e-05 0.04337416 0.03041284 0.00066647236 1.220323e-06 0.0024283817 1.2859191e-05 0.056894943 0.07608648 0.103602014 1.5115712e-06 3.34794e-08 1.8826137e-07 1.2926897e-06 0.057505522 0.00039992464 4.1979998e-08 0.0023422383 0.058280658 0.0036473246 1.35800565e-05 6.9676213e-07 1.864978e-07 0.028250614 5.44756e-07 0.0010499511 6.511208e-07 0.0011035025 0.005971939 7.755906e-05 4.9511727e-06 2.3586148e-07 0.00018528868
0.30955845 0.044488713 0.02822021 0.05300724 0.0054635513 0.0003503853 0.0011743217 0.36988902 0.0058574923 0.7961325 0.00026173686 7.854106e-05 0.62962836 5.528394e-05 0.0046698796 0.47931758 1.5019637e-06 3.7133155e-05 3.6873168e-19 0.9270673 0.9605908 0.8310989 1.3839055e-05 0.1727793 0.0006233125 0.003683628 0.037772972 4.8909983e-06 0.48706436 5.5341967e-05 0.002322965 2.1019327e-05 3.5486864e-06 0.37531167 0.009940103 0.050539244 0.06329969 4.7247395e-06 0.0015740049 3.627527e-06 5.4286673e-05 0.0013689642 3.5838715e-07 5.463976e-07 0.19862927 2.0680363e-06 0.54002404 0.033718377 1.140457e-05 0.2124513 0.001810703 0.38147956 0.05154668 1.6324736e-07 0.082523055 1.2901206e-06 0.52566624 0.17327507 0.00021891907 1.4210362e-05 0.0014305648 2.9665882e-06 1.504789e-05 0.07769773 8.142073e-06 0.060065668 0.12596957 0.019165285 0.13236238 7.429901e-05 1.2004186e-06 4.117035e-06 0.06792389 7.778356e-07 0.051972017 4.6950734e-07 0.00012688081 5.852416e-05 0.02714683 0.01053662 0.016235054 0.009219467 0.0001397571 4.366064e-07 0.0061220946 0.003401944 9.247812e-06 2.9430644e-06 0.03646773 0.00295987 0.0055384813 4.14673e-06 0.009594713 3.579725e-07 0.037258703 7.6911243e-07 7.147985e-07 0.0032869384 0.043325093 0.00022879227 0.04830671
0.499742 0.1496196 0.03510676 0.1084272 0.021577567 0.0027615018 0.006175115 0.3133134 0.029868517 0.6467407 0.0008306332 0.00022121106 0.4395049 0.00053640245 0.010197805 0.9257042 8.695941e-05 0.00031680617 0.9270673 2.7146742e-16 0.72459334 0.54851985 5.489181e-05 0.14175792 0.0005014273 0.0072137457 0.03319975 4.6371893e-05 0.2380125 0.00033184886 0.0024272471 7.6612574e-05 2.0684043e-05 0.20550887 0.0105451 0.2400583 0.047507424 5.0454924e-05 0.0011919601 1.5371763e-05 0.00045975146 0.003917332 2.4059614e-06 1.179542e-05 0.08955504 1.6122794e-05 0.8113666 0.025552213 0.00012022622 0.094817765 0.013102229 0.77081543 0.04044331 9.542535e-06 0.3621001 5.6744957e-06 0.69160885 0.10704067 0.00013468858 3.1644635e-05 0.0012823847 3.9913397e-05 6.336583e-05 0.2731835 0.000315808 0.03487662 0.07957505 0.11010181 0.0930836 9.1737405e-05 1.6800075e-05 5.5444503e-05 0.03273182 2.3168606e-05 0.037943963 5.9674317e-06 0.0001056578 8.4922154e-05 0.028998723 0.054219496 0.010145433 0.052425116 0.00013207656 6.81145e-07 0.008491006 0.0031120507 1.5106439e-05 4.6541496e-05 0.022932637 0.023380632 0.008218831 1.2581114e-05 0.029616322 2.9992785e-05 0.02434024 9.135976e-06 2.2862134e-05 0.012859978 0.02682856 0.00024946278 0.020063858
0.1856165 0.012521857 0.006288416 0.017551977 0.00086642243 8.5210806e-05 0.0001387568 0.21633732 0.00090044294 0.66786206 4.3619028e-05 1.2172736e-05 0.63617814 9.952044e-06 0.0015650516 0.14368819 6.680546e-07 6.148509e-06 0.9605908 0.72459334 1.8829102e-18 0.94841975 6.4849723e-06 0.08272882 4.0948624e-05 0.0004701403 0.015021788 7.070653e-07 0.5490125 9.8587125e-06 0.00046429664 1.0897811e-05 2.1005171e-06 0.48844093 0.0018412969 0.014921505 0.022202494 1.6995538e-06 0.00027888382 3.6552215e-06 1.0198685e-05 0.00021891388 1.5098028e-07 2.886142e-07 0.11445455 1.9459073e-06 0.4740419 0.011555423 1.0553097e-05 0.15596774 0.00032201034 0.24712981 0.029637517 3.382544e-07 0.031995665 1.134132e-06 0.43734014 0.10624933 5.2599386e-05 2.5928896e-06 9.788604e-05 2.4472665e-06 3.6850952e-06 0.045332815 1.9968102e-06 0.12109689 0.08224218 0.005960343 0.09776525 1.2824251e-05 2.9253206e-06 3.7168747e-06 0.039707005 1.7203422e-06 0.082331724 5.2709783e-08 4.611039e-05 9.656381e-06 0.020020332 0.013538834 0.020042123 0.006098768 5.6783963e-05 4.3408878e-07 0.009542544 0.00029775462 1.0421275e-06 4.301202e-06 0.032582372 0.0020964604 0.010314325 4.4273165e-06 0.0053111897 3.267843e-07 0.022200014 1.2026692e-06 2.0799016e-06 0.001746396 0.025487525 0.00033533468 0.015676785
0.17666692 0.053722247 0.012741697 0.11142101 0.0030003544 0.0006162184 0.00056072423 0.506384 0.0037270836 0.7720224 6.865633e-05 2.5196676e-05 0.87791014 8.8141685e-05 0.0085610505 0.15879844 8.4255976e-07 6.292756e-06 0.8310989 0.54851985 0.94841975 1.7203776e-18 4.072514e-06 0.30083507 0.00015285099 0.00039432445 0.0602538 1.6622274e-06 0.93196523 1.6842298e-05 0.0013581263 2.3972225e-05 8.376186e-06 0.77962995 0.005179878 0.011395362 0.05213656 1.74987e-06 0.001148689 2.7067385e-06 2.3038567e-05 0.00018228458 1.5781802e-07 7.452325e-07 0.26428542 1.6415072e-06 0.37453002 0.035251793 1.0045252e-05 0.3281043 8.86064e-05 0.16967462 0.059697468 2.3411505e-07 0.016955303 1.5737772e-06 0.26284662 0.1476783 6.7218694e-05 6.7075534e-06 0.00037267493 8.2803496e-07 1.9857247e-05 0.018132975 7.1826923e-07 0.104314424 0.104642056 0.00362883 0.13079673 3.9910312e-05 3.538958e-07 2.537819e-07 0.04324886 1.7683607e-06 0.047626823 7.386416e-07 8.021543e-05 7.619142e-05 0.01298756 0.0027286694 0.012284769 0.0036054698 0.000121435936 3.0930667e-07 0.006115857 0.00085720344 7.6271285e-06 2.720527e-06 0.039650906 0.0018747558 0.003862435 7.332836e-05 0.0035259838 1.8783653e-07 0.014746652 6.107897e-06 3.488467e-07 0.000685663 0.024871003 0.00040791126 0.02184985
0.69113845 0.00071008527 0.058905687 3.8377824e-05 0.00042941814 0.03298603 0.0017779309 8.73933e-05 2.3275485e-05 5.61359e-05 0.39761177 0.7296682 1.9903586e-05 0.30412155 0.0076978365 1.3816609e-05 0.3381854 0.9756598 1.3839055e-05 5.489181e-05 6.4849723e-06 4.072514e-06 3.8958733e-20 0.00023942468 0.59182256 7.205223e-05 0.00014861679 0.2132731 1.12127245e-05 0.032574512 0.07357688 0.73663056 0.58168954 5.9556544e-07 0.0046934914 6.124056e-07 0.00019430908 0.14430133 0.021869931 0.44234335 0.001277621 1.5472505e-06 0.24886419 0.039282173 0.00021934917 0.024221761 1.1028963e-05 0.003592602 3.9914253e-06 5.325292e-05 9.337821e-07 3.8142496e-06 0.00085023127 0.008040445 3.0819792e-06 0.009967918 1.3318365e-06 0.0002712957 0.55557376 0.6368233 0.27624518 0.005279091 0.63889706 1.0888135e-06 2.5254255e-06 4.39617e-06 5.1779116e-05 7.150164e-06 7.1560404e-05 0.30174708 0.0047757127 0.00024997696 4.5262996e-06 0.0036892006 3.5675055e-06 0.20397612 0.44049773 0.52213687 1.9305191e-06 8.726368e-08 1.753159e-06 1.8556535e-05 0.38527983 0.0005077975 6.5706604e-07 0.005411893 0.36206234 0.0022119577 3.1947107e-05 6.5959657e-06 1.1960853e-06 0.19539858 2.3886112e-06 0.00083608716 1.0900061e-06 0.0012166227 0.0065721124 7.860272e-05 7.65075e-05 2.0382696e-07 9.267796e-05
0.36893943 0.16379172 0.09723029 0.41847253 0.02426514 0.023315586 0.015756207 0.7013741 0.012195332 0.5975969 0.002567409 0.0039863205 0.7988786 0.0021002588 0.26025867 0.10913947 0.00034014217 0.0003519877 0.1727793 0.14175792 0.08272882 0.30083507 0.00023942468 1.7456164e-19 0.022912748 0.003417792 0.9866591 4.137923e-05 0.47896737 0.00011873855 0.039216284 0.0024811102 4.162595e-06 0.1548202 0.10505838 0.014291037 0.81450284 3.1236945e-05 0.051402714 3.901313e-05 0.00011598719 0.00031698175 5.848887e-06 1.2742638e-06 0.54579306 1.2460429e-05 0.025828784 0.19227579 1.4675366e-05 0.104420744 0.00012724484 0.01506849 0.11384736 4.5438654e-07 0.0024048719 1.0916988e-06 0.0364975 0.14941643 0.0035434333 0.00027020992 0.020389417 4.978075e-06 0.00036036439 0.0011917605 1.062772e-06 0.012791469 0.049399786 0.0010615893 0.040488657 0.0013337503 1.3909532e-06 1.1762309e-06 0.004190091 3.248079e-07 0.0066980743 1.7505936e-05 0.0016339322 0.00051887083 0.0025184497 2.5929601e-05 0.001953137 0.00046644048 0.0011244202 7.379558e-07 0.00065842044 0.025030691 0.0003989922 4.7819926e-06 0.01372423 0.00027300869 0.00025614185 0.0002900771 0.001062163 1.3026321e-06 0.006877364 9.723512e-07 2.1461548e-07 0.0002766101 0.016490411 1.7653252e-05 0.085233934
0.35596627 0.027338699 0.40451428 0.052422415 0.04132437 0.50781816 0.11810233 0.027698113 0.0034271074 0.006834241 0.42902488 0.7790828 0.005438526 0.33445835 0.61127615 0.0004778282 0.11370587 0.26934734 0.0006233125 0.0005014273 4.0948624e-05 0.00015285099 0.59182256 0.022912748 1.924657e-21 0.011941792 0.026805442 0.040109124 0.00087307504 0.088281274 0.7916276 0.98812467 0.0031845402 1.1257222e-05 0.14039212 9.410328e-06 0.02664479 0.009220378 0.53378314 0.064456694 0.0031254513 1.9343517e-05 0.016327914 0.00017507096 0.014827543 0.00082016754 3.8093058e-06 0.08520977 1.2275675e-05 0.00011817235 5.588887e-06 2.6196574e-05 0.012003244 0.00038955672 1.5584563e-06 0.0006295998 0.0005076213 0.006842798 0.27450347 0.07635731 0.46400878 0.0017983124 0.084336594 2.2950837e-06 1.13532074e-07 3.9662285e-05 0.0008158991 1.6646784e-06 0.00022347717 0.12206645 0.00017998676 9.322864e-05 5.8400356e-06 0.0003171444 4.6825313e-05 0.021799129 0.14391515 0.049070165 4.926755e-06 4.999551e-08 4.3554737e-06 2.263304e-06 0.08197261 2.1873177e-05 1.9246707e-07 0.08982562 0.03950537 0.00016311408 6.0888648e-05 2.5021118e-06 3.5774386e-07 0.033660524 3.8677554e-06 7.208151e-05 1.4369186e-06 6.8970053e-06 5.3945714e-06 8.188749e-06 0.00019073221 2.8038667e-07 0.0025904241
0.0004818368 0.34988046 0.17512083 0.14632396 0.4821299 0.34771308 0.70973223 0.03584993 0.49430677 0.034888193 0.024131069 0.011250697 0.011111009 0.020983709 0.04325286 0.06793579 0.003025532 0.0002951905 0.003683628 0.0072137457 0.0004701403 0.00039432445 7.205223e-05 0.003417792 0.011941792 9.305867e-21 0.0012276713 0.0003225602 3.895885e-05 0.4366237 0.006717976 0.0001820926 5.6182285e-05 1.0144067e-06 0.004582946 0.14707933 0.0008013993 0.0019223588 0.0009799892 1.5544945e-06 0.9589613 0.4912054 3.571793e-07 1.4081153e-05 6.0661852e-05 1.0403725e-05 3.996981e-05 0.0009371191 0.12595367 4.910914e-06 0.04178506 3.0740317e-05 1.0973055e-05 6.0844036e-06 2.7890535e-06 1.3691665e-06 3.993693e-05 2.4341933e-05 3.9336668e-05 7.0891233e-06 0.000692528 0.010294317 1.1196748e-05 6.254802e-07 0.033830684 1.1682193e-05 5.6246367e-06 0.00080934435 9.9805475e-06 2.1754617e-05 2.7738026e-05 0.027600788 1.3182599e-06 2.1140832e-07 4.009813e-05 1.1112571e-05 3.8476002e-05 2.683166e-06 3.8985922e-06 2.5846964e-07 1.2421791e-06 1.1437637e-05 6.6410835e-06 4.2558128e-08 1.0952646e-05 0.0026153217 1.05659265e-05 3.8939605e-05 3.1229306e-06 9.7778975e-06 1.5618398e-06 9.561272e-06 1.665748e-07 0.000108396074 1.7278134e-06 2.090503e-06 8.964663e-06 0.0002941524 4.9412363e-05 5.393859e-07 0.00044046366
0.40589097 0.12485155 0.05866016 0.34305608 0.013003813 0.013586263 0.0061844788 0.4646736 0.013637715 0.23340863 0.0013987203 0.0028522385 0.4819699 0.00084009586 0.35270283 0.04232193 5.7033674e-05 0.00022398368 0.037772972 0.03319975 0.015021788 0.0602538 0.00014861679 0.9866591 0.026805442 0.0012276713 3.1197868e-21 1.0486612e-05 0.10988415 0.0001637845 0.08287418 0.0041463613 8.413474e-07 0.02336508 0.27975434 0.0048511024 0.9765803 1.0495726e-05 0.08197976 2.5867163e-05 8.010381e-05 5.8801932e-05 3.0848905e-06 4.4453165e-07 0.59424627 1.6352635e-06 0.00515776 0.6923374 2.7756773e-06 0.024359109 3.584884e-05 0.0031248627 0.15808731 9.020531e-07 0.0005636795 1.030801e-06 0.013989899 0.1500276 0.0044983006 0.00043259506 0.027990555 3.440663e-06 0.00046130142 0.00034043894 4.3637746e-07 0.0048487545 0.038319796 0.0001999808 0.017471781 0.0016700301 1.5745819e-06 6.634272e-06 0.001995024 4.1122811e-07 0.0010771923 2.6483036e-05 0.0034581856 0.0008510491 0.00074164115 5.5944756e-06 0.00066845905 2.700055e-05 0.0019041826 4.3927855e-07 0.00017688346 0.043168016 0.0004992219 2.1200037e-06 0.006643532 3.539181e-05 0.00017847217 0.0001841707 0.0008883545 3.1918356e-07 0.0037582612 7.4710124e-07 1.5746711e-07 7.230106e-05 0.010913278 4.126044e-06 0.03447681
0.013685869 2.7643406e-05 0.010699385 3.359693e-05 0.00015887276 0.10336396 0.0010777728 0.00010446381 9.496125e-06 6.768341e-06 0.3846707 0.2750818 5.9454196e-06 0.61940235 0.0009859165 3.27636e-06 0.91032255 0.5892824 4.8909983e-06 4.6371893e-05 7.070653e-07 1.6622274e-06 0.2132731 4.137923e-05 0.040109124 0.0003225602 1.0486612e-05 2.6055377e-20 4.390907e-06 0.42127636 0.0016000441 0.026636671 0.87605757 8.724008e-07 0.00030470671 2.9721415e-08 2.233085e-05 0.9199874 0.0002752507 0.08834075 0.0094091175 4.6731516e-06 0.10353195 0.36598724 2.782586e-05 0.22312132 1.4742242e-06 0.00035990073 4.534158e-06 1.2071455e-05 1.5530869e-06 3.0304557e-06 1.6633685e-05 0.02178725 7.955468e-07 0.005021046 6.51167e-06 8.153168e-06 0.009080238 0.030565253 0.002205386 0.021783039 0.01329496 6.0232327e-07 4.05595e-07 1.7671124e-05 6.5929403e-06 8.079874e-06 3.9286617e-05 0.0015769873 0.04437803 0.001356155 3.2308122e-07 0.00043712347 1.4401969e-05 0.0037175827 0.0020677792 0.0035201441 5.5501077e-06 2.0026086e-07 7.3458125e-07 3.0570443e-06 0.0018740811 0.0013009898 6.4399603e-07 0.0056059565 0.0025130275 0.00950889 1.8300882e-06 1.372377e-06 7.908523e-07 0.0008395721 1.6513481e-07 0.004166009 7.40486e-07 0.00029192204 0.014355176 0.00011564115 1.7723274e-05 9.0392955e-09 2.5573067e-05
0.26375932 0.034193154 0.02267091 0.05427652 0.0024292134 0.0005029102 0.00047494555 0.32160947 0.0014778047 0.41861418 0.00013968488 0.00013198362 0.72989345 0.00010511208 0.019999407 0.049099702 3.6534163e-06 3.3727072e-05 0.48706436 0.2380125 0.5490125 0.93196523 1.12127245e-05 0.47896737 0.00087307504 3.895885e-05 0.10988415 4.390907e-06 5.035142e-19 8.493726e-06 0.004290422 0.00013504138 7.437958e-06 0.9900017 0.016501967 0.0021112005 0.08219061 7.265887e-06 0.004854013 7.486679e-06 2.1727852e-05 3.979933e-05 5.3915653e-07 1.0863802e-06 0.43249485 8.353691e-06 0.17180066 0.059544254 3.4470904e-06 0.5490075 1.7549932e-05 0.04989394 0.08160454 8.44236e-07 0.0041594366 2.2615477e-06 0.14816011 0.23207629 0.0005195965 0.000116957664 0.0018402691 3.3064812e-06 0.00019275685 0.0051462115 5.8695815e-07 0.20508206 0.1752111 0.00058614876 0.22734438 0.0003103534 1.8537651e-06 1.2447168e-06 0.12945488 2.1714748e-06 0.067432076 6.4473193e-06 0.00049340975 0.0003474065 0.02466912 0.0015788359 0.017590862 0.00093168207 0.00036274732 3.0416882e-07 0.0055168783 0.0019073098 7.470642e-05 2.711834e-06 0.087645344 0.00031541818 0.0023773406 0.00011645892 0.0019639255 2.1415545e-07 0.055756573 8.149561e-06 1.1430429e-07 0.00021692646 0.06679443 0.0004339545 0.03805872
0.005904717 0.0069293506 0.039458733 0.010743443 0.060882077 0.65128547 0.3553263 0.0025939457 0.015065589 0.00028310544 0.3408135 0.22973399 0.00027350668 0.45072758 0.013309568 0.00034840885 0.4824651 0.1116711 5.5341967e-05 0.00033184886 9.8587125e-06 1.6842298e-05 0.032574512 0.00011873855 0.088281274 0.4366237 0.0001637845 0.42127636 8.493726e-06 1.956528e-18 0.008855099 0.034070946 0.145109 3.6863477e-07 0.0020572569 9.14611e-05 6.448448e-05 0.73943174 0.0017326458 0.005813233 0.9198512 0.013952926 0.0018802662 0.14687733 0.0001033513 0.0141800465 1.4057308e-05 0.00015801752 0.0109009 1.3548673e-05 0.00013176654 2.1413243e-05 2.02757e-05 0.0009589257 1.6316462e-06 9.552955e-05 6.050825e-06 9.220192e-05 0.0010305701 0.0006128979 0.0018239996 0.30023313 0.0003583956 3.583633e-05 0.00075573596 5.254446e-06 1.4987265e-05 8.0027996e-05 2.099739e-05 0.00075251254 0.12433216 0.22394565 1.4278468e-06 8.094744e-06 1.2955896e-05 0.00016837021 0.0011599815 0.0002445594 2.1599542e-06 1.7443699e-06 3.5263983e-07 3.266662e-05 0.00040001044 9.787157e-05 1.833668e-06 0.0040006386 0.00029997292 0.01270504 4.0323403e-06 1.3137463e-05 1.0857013e-07 8.38723e-05 2.2448383e-08 0.015057559 6.918372e-07 0.000104688006 0.009434824 0.00023526582 0.00012109546 6.714146e-08 0.00038131842
0.5224221 0.040101137 0.33526468 0.10253656 0.03559857 0.35003516 0.08048974 0.068838924 0.006061221 0.023723897 0.13490872 0.34540486 0.032608416 0.0594533 0.7515979 0.0029518264 0.0058869603 0.02407482 0.002322965 0.0024272471 0.00046429664 0.0013581263 0.07357688 0.039216284 0.7916276 0.006717976 0.08287418 0.0016000441 0.004290422 0.008855099 1.2897307e-21 0.5432656 0.000115471106 0.00022519211 0.9348708 5.511401e-05 0.10687056 0.0007119972 0.98343086 0.01160226 0.0004377165 4.2747546e-05 0.0029975974 8.91904e-06 0.034406576 1.8910188e-05 7.6292636e-05 0.17328586 1.0852634e-05 0.0006486102 2.085311e-05 0.00015488773 0.025808062 3.277918e-05 5.8550036e-06 0.00012989008 0.0024777807 0.011011729 0.11188105 0.014235919 0.41702268 0.00036153427 0.016441826 8.8711795e-06 1.4602094e-06 0.00016095382 0.0028678796 5.0773237e-06 0.0010792385 0.04980464 3.9508748e-05 0.0001187604 6.2846324e-05 8.219689e-05 0.00012115265 0.006368051 0.056510087 0.011391847 1.3126555e-05 3.3773708e-07 1.3692729e-05 4.0184436e-06 0.022623196 7.767464e-06 2.5658608e-06 0.20729557 0.01209775 3.959146e-05 0.000565995 1.961884e-06 3.0362385e-06 0.00978406 6.0496044e-05 6.0204784e-06 1.0053361e-05 8.261085e-06 5.7375973e-06 1.3962582e-05 0.0010908116 3.080551e-06 0.006966165
