8.897867e-27 0.9109993 0.9613789 0.81611145 0.8005242 0.89901835 0.676826 0.76341903 0.7140909 0.9902159 0.7204441 0.89987546 0.42586538 0.43655232 0.5288915 0.7922628 0.39405513 0.90424836 0.8021896 0.26970628 0.9542684 0.9948502 0.3992858 0.85381544 0.108939976 0.10901901 0.6920083 0.244638 0.8861394 0.8658911 0.4895972 0.9948228 0.30421117 0.10785691 0.098370895 0.89417475 0.17907031 0.067630984 0.012899116 0.54123557 0.29611576 0.85839903 0.47336167 0.39913562 0.98737675 0.6519885 0.02069488 0.19682793 0.020076731 0.008075541 0.00072076765 0.010617999 0.7366212 0.023552844 0.84967095 0.40881857 0.9831113 0.10643315 0.9881237 0.051958002 0.002504154 0.00025682992 0.3937994 0.012532914 0.5066814 0.0015154078 0.5472357 0.00914183 0.0004871879 3.841065e-06 0.09013857 4.123367e-07 0.97356886 4.739797e-05 0.9257338 0.10786106 2.3224343e-06 1.561781e-05 0.16999166 0.004469622 0.99578667 0.0010757576 0.9989274 0.9361603 0.05235433 0.99437433 0.9070185 2.811226e-06 0.9987976 2.190355e-07 0.9991249 0.011486112 0.9986101 0.03600791 2.7474725e-05 0.18304831 0.011469479 0.99952364 0.22761533 0.0022763778 5.029524e-05
0.9109993 5.271874e-19 0.91761285 0.21269351 0.16664305 0.46492812 0.5340675 0.8780781 0.4321974 0.52028096 0.72184926 0.45820752 0.24446571 0.07717475 0.4303704 0.07175214 0.07514954 0.23354334 0.005598455 0.022539945 0.08508128 0.114842996 0.17696922 0.3196023 0.17246124 0.19652098 0.00029152894 0.003800271 0.00046708886 0.01183282 0.0021340973 0.011853308 0.00020746025 0.0446584 0.041505244 0.00029544934 0.013701678 0.18831365 0.119683005 4.125877e-05 8.907846e-06 2.0566615e-05 0.00018660039 6.9913705e-07 0.017466167 1.1607848e-06 4.921078e-06 3.5807034e-06 6.337035e-05 0.0988463 0.026295682 0.0595488 1.235999e-06 0.021805773 1.0492508e-06 9.668553e-08 0.0006967652 5.182412e-05 0.004277018 1.1441647e-06 0.0050082416 5.2391526e-05 2.159386e-06 8.9808316e-05 1.0363336e-06 7.423551e-06 0.0014020411 8.6577194e-05 1.5974854e-05 1.7362285e-05 0.00015076008 0.00017378494 0.0004155995 0.00845084 7.403829e-05 9.561026e-06 0.0002177757 0.0044302824 0.00013430367 4.8975073e-07 0.026303314 4.1232315e-06 0.002859606 2.5466224e-07 3.665521e-07 0.0007552172 9.721834e-05 9.937709e-05 0.009365889 0.00016335397 0.004194575 1.3341892e-05 0.0004852462 6.6334275e-07 5.783011e-08 5.4634356e-08 0.00014529985 0.002169248 6.693294e-07 1.5167879e-05 1.0225828e-05
0.9613789 0.91761285 2.3452168e-17 0.21952097 0.1596806 0.6396628 0.22064836 0.45487106 0.60750026 0.90693283 0.4125064 0.5925951 0.08452347 0.06751568 0.28298682 0.17898756 0.08030405 0.55468506 0.014705909 0.027754204 0.24784042 0.29222023 0.09306193 0.2552123 0.11369368 0.13654818 0.0010491083 0.004019799 0.0010629083 0.04006514 0.009969177 0.10677951 0.0025742247 0.051707532 0.04819693 0.0011614144 0.0083668735 0.1321945 0.0573353 8.937564e-05 1.6989552e-05 7.4667456e-05 0.0015873107 4.218641e-06 0.045109123 6.6627535e-06 2.4734895e-06 3.9276165e-05 4.3351538e-05 0.034216996 0.010896992 0.04966413 2.4956369e-06 0.0048072673 1.2142822e-05 3.6260204e-07 0.002893659 0.00040244823 0.020563688 3.9195284e-06 0.0010003243 1.5576104e-05 1.0952506e-06 0.00019924028 1.830124e-07 8.103696e-06 0.009508614 0.00017416157 1.213061e-05 6.0382636e-06 0.0006768781 5.20619e-05 0.0048873266 0.002546403 0.00038299855 0.00021699142 8.124353e-05 0.0026665407 0.0008403527 8.0387656e-07 0.09164953 2.1090913e-05 0.016057359 2.4862544e-07 1.4808286e-06 0.00696651 0.0012431908 0.00015205498 0.06977712 8.797146e-05 0.030714143 5.613772e-05 0.003842725 8.159542e-07 4.0468856e-07 3.2987767e-08 6.801857e-05 0.024683816 1.9232726e-07 0.0001791297 2.2878688e-05
0.81611145 0.21269351 0.21952097 2.2706157e-19 0.9804786 0.51068133 0.8162624 0.31318703 0.36082327 0.0042067533 0.065624505 0.40156975 0.3147442 0.48581377 0.04161869 0.00025820694 9.8895194e-05 0.15253355 0.48526475 0.25104222 0.24508634 0.0562546 0.35173878 0.0032279345 0.045138247 0.018449891 0.14676334 0.09507476 0.0877606 0.18556708 7.1593613e-06 0.00046004707 1.4105377e-06 0.0008123269 0.00041948966 0.042928644 0.22892846 0.01626836 0.01760161 0.0070434613 0.008641433 0.0036828802 2.6531736e-06 0.0029389586 0.10123783 0.0005153153 0.012783517 0.0003961061 0.013233805 0.037457656 0.0013420853 0.0023197485 0.0002768001 0.1101689 0.0011200012 5.419046e-05 0.020727634 1.5599018e-06 0.00014431385 0.00060723553 0.03138134 0.004218563 0.0003623506 1.6507639e-07 4.308401e-05 0.0008819735 0.00017972139 2.0643447e-05 0.00039191346 8.387365e-05 8.9923753e-07 0.00020635957 2.9810253e-05 0.0026226272 0.002765476 1.539945e-07 0.00025170343 0.0004934493 2.9965552e-06 1.2527608e-05 0.0033615488 0.00040812776 0.00059221993 0.0002629776 8.73506e-06 0.017709827 8.156505e-06 6.0373704e-06 0.0036267333 0.00013399585 0.000687598 6.1367547e-07 0.0067327023 6.432884e-05 2.0592125e-07 1.3829502e-05 4.5381944e-06 0.0011581609 5.455759e-05 2.539737e-07 2.6843127e-06
0.8005242 0.16664305 0.1596806 0.9804786 4.303777e-20 0.38324034 0.7025478 0.18573503 0.31784406 0.0030610387 0.047661 0.38250977 0.20944485 0.47656536 0.027483555 4.760958e-05 1.48394665e-05 0.13855049 0.5672441 0.24186203 0.20999892 0.053148344 0.26470563 0.002146586 0.020621946 0.014493631 0.25509292 0.12506975 0.19947502 0.21877113 8.3648706e-07 9.894303e-05 1.4681818e-07 0.00040713896 0.0001884855 0.10348711 0.23975158 0.012513472 0.010519918 0.02034241 0.0138076935 0.00830472 1.3877077e-07 0.0080643855 0.11932856 0.0014469207 0.021174457 0.0009229046 0.022785123 0.018113764 0.00061179855 0.0015638162 0.00041114696 0.113666415 0.0016196253 6.045406e-05 0.03563049 4.0004056e-07 3.5067762e-05 0.00084675057 0.030000208 0.005243739 0.0003515529 3.760365e-08 4.197394e-05 0.0004964743 7.999949e-06 1.0146918e-05 0.0003819732 6.0264218e-05 2.860469e-07 0.0001184568 2.659106e-06 0.0006693151 0.0042432444 2.9033696e-08 0.00011136884 0.0001223865 2.0058121e-07 7.7437435e-06 0.0028912257 0.00067726645 0.00030535014 0.00035081292 3.9261095e-06 0.04226754 3.4912725e-07 1.2908837e-06 0.0055279066 7.9045196e-05 0.000537536 5.4708604e-08 0.0113650765 8.827737e-05 6.39195e-08 4.6730245e-05 2.4602869e-06 0.0016178244 0.000115184936 4.346088e-08 9.736317e-07
0.89901835 0.46492812 0.6396628 0.51068133 0.38324034 3.0798126e-18 0.4549184 0.41114405 0.9561918 0.0437211 0.22461775 0.8257745 0.21478082 0.17160419 0.15346919 0.0028249796 0.0010308552 0.5513299 0.11207434 0.07944991 0.48421273 0.14732167 0.22041856 0.012453482 0.08636712 0.043162934 0.023839133 0.019628003 0.016344389 0.10937712 0.0002020695 0.00082870456 2.989441e-05 0.0025345024 0.0018422033 0.010381357 0.034441598 0.037360474 0.022568082 0.0011064995 0.0013420898 0.0007865465 5.0088358e-05 0.0008865522 0.06615792 0.0003406585 0.00038109394 0.00027985548 0.0009708716 0.025473157 0.002695914 0.0034747825 9.196542e-05 0.01966586 0.00025451914 3.8214865e-05 0.0060869255 5.3056432e-05 0.001020647 0.00012378734 0.0065709027 0.00040390223 0.00015684358 5.6754857e-06 8.194163e-06 4.8456313e-05 0.0009991119 0.00010175247 7.215235e-05 3.9964325e-05 1.5042293e-05 6.6276356e-05 0.0003019672 0.0013249704 0.0013971578 1.5954521e-06 0.00011622846 0.0007193001 2.5709396e-05 4.6434134e-06 0.011150884 9.88506e-05 0.0019635854 1.9964056e-05 3.675096e-06 0.015240102 2.9215862e-05 4.327743e-05 0.022087792 0.0003589785 0.0039055848 1.659598e-06 0.005495703 6.3038865e-06 6.6692854e-07 4.0257933e-06 1.05829995e-05 0.009063432 7.656381e-06 8.409764e-06 1.4953214e-05
0.676826 0.5340675 0.22064836 0.8162624 0.7025478 0.4549184 1.6886725e-19 0.7993042 0.36773312 0.010443951 0.22260955 0.37561622 0.93530613 0.81950796 0.109204106 0.0013519293 0.0014654774 0.07617821 0.48369104 0.4185284 0.13224639 0.030425569 0.62512225 0.018795509 0.14830714 0.0451159 0.06285801 0.086451165 0.053632155 0.05588838 9.10459e-05 0.0016382653 1.9389523e-05 0.0018678681 0.0011990098 0.041175954 0.43403754 0.07695628 0.09596725 0.008462906 0.0036391853 0.0028664004 6.366554e-05 0.001187331 0.02658622 0.00049250526 0.0055222767 0.00061272935 0.0094615985 0.19108517 0.011407055 0.020762023 0.00089563616 0.25798583 0.0013107122 0.00010961001 0.0069516 3.57744e-06 0.0003984409 0.00022063967 0.088268876 0.005541828 0.0010543008 4.6015455e-07 1.8419449e-05 0.0013722902 0.00013630757 3.7063215e-05 0.0012808143 0.0005452883 2.6674293e-06 0.00055162155 2.4446505e-05 0.0108662015 0.00179289 8.324015e-07 0.0013550104 0.0011766365 7.83856e-06 1.879991e-05 0.0012270011 0.00030730484 0.00066664786 0.00016588306 9.990148e-06 0.004634391 2.1018544e-05 1.6431604e-05 0.00095595996 0.00068207405 0.00040467427 3.0074746e-06 0.002821042 6.202819e-05 2.279508e-07 5.6976045e-05 1.5758025e-05 0.00034775023 0.00012951998 1.157528e-06 7.541858e-06
0.76341903 0.8780781 0.45487106 0.31318703 0.18573503 0.41114405 0.7993042 6.484141e-20 0.36772537 0.045616712 0.9451805 0.34198323 0.85986835 0.13150507 0.76229435 0.008697726 0.016828386 0.09983174 0.013478265 0.028076962 0.06620856 0.03526704 0.72842145 0.09561747 0.5036309 0.33677417 0.0020704092 0.0043339883 0.007522776 0.018913284 0.0004956249 0.002289219 0.000115887684 0.00707627 0.0052957432 0.006608978 0.090615936 0.2848414 0.2790708 0.00084427075 0.00013050283 0.00022428358 0.00055188517 7.18731e-05 0.012193284 1.9305811e-05 9.898096e-05 5.7838475e-05 0.0007545875 0.40390822 0.041599073 0.03480109 0.00011179939 0.08063717 2.3642086e-05 3.9738366e-06 0.0024036074 5.6774347e-06 0.00038539112 4.03649e-05 0.037663728 0.000356991 0.000113027956 4.2206693e-06 2.6961013e-06 6.669222e-05 0.00024907035 0.00014563934 9.6655254e-05 3.982952e-05 8.585828e-06 9.962248e-05 1.8111292e-05 0.022407928 0.00012839028 9.034539e-07 0.00040461952 0.0018948381 1.3053972e-05 1.2176405e-05 0.0026626412 2.060073e-05 0.0006988788 6.1758765e-06 6.764438e-06 0.0034457084 2.8083012e-05 5.2142244e-05 0.0020622502 0.00035405683 0.00095310924 4.2595325e-06 0.0015592421 1.1443639e-05 1.3090512e-07 3.2995513e-06 3.657504e-05 0.0007500414 1.1835522e-05 2.4645678e-06 8.404079e-06
0.7140909 0.4321974 0.60750026 0.36082327 0.31784406 0.9561918 0.36773312 0.36772537 9.549923e-18 0.062494785 0.22899726 0.8777227 0.1918721 0.14750859 0.15621197 0.0026989675 0.0017146979 0.6405864 0.129026 0.06937993 0.46736562 0.25973666 0.2314247 0.019256908 0.09605336 0.05245713 0.035763994 0.022697678 0.03190366 0.19701174 0.00028054597 0.0015508729 4.515712e-05 0.0032728938 0.0025343103 0.02312271 0.023872586 0.037697688 0.022088174 0.0033837238 0.0019324757 0.0016088784 0.00012466889 0.0009730354 0.10348383 0.0006569311 0.0007326077 0.0003760055 0.0015523592 0.01733974 0.0021932628 0.0028263673 0.00020197047 0.008016901 0.00039110772 4.567609e-05 0.011949665 5.2160998e-05 0.0013699464 0.00016497356 0.0028937266 0.00032935248 0.00023447358 8.647022e-06 8.440191e-06 0.00011377384 0.000991378 4.5248296e-05 0.0001421327 4.8631635e-05 1.4009183e-05 8.3835585e-05 0.00037882954 0.00087097066 0.0021909652 1.0927217e-06 0.00012917741 0.00087476696 1.837464e-05 6.5478876e-06 0.022885075 0.00023361469 0.0018838397 6.955201e-05 2.5745055e-06 0.021905083 3.499116e-05 3.4389162e-05 0.03833262 0.0003892394 0.004853529 8.0604445e-07 0.008351493 2.5417798e-05 5.551746e-07 9.933184e-06 9.877893e-06 0.012410793 1.3809589e-05 3.2300065e-06 1.7398817e-05
0.9902159 0.52028096 0.90693283 0.0042067533 0.0030610387 0.0437211 0.010443951 0.045616712 0.062494785 9.253591e-19 0.116839595 0.09038452 0.0046014166 0.0032481428 0.08869053 0.7628955 0.5914737 0.405668 0.00021611742 0.0007211705 0.028518867 0.355633 0.001463063 0.51954246 0.0114206895 0.04600538 6.711642e-06 0.00010438893 8.007731e-05 0.0049305465 0.41953424 0.8175716 0.14660984 0.109706424 0.1029793 8.269483e-05 0.0003788628 0.09892329 0.00808391 2.3415927e-05 3.4544687e-06 6.101993e-06 0.03443538 2.9665175e-06 0.013613338 1.4459982e-06 5.680243e-07 1.5188707e-05 5.62575e-05 0.00036339363 0.0016904097 0.06529439 2.3191058e-06 0.0008492228 1.2602735e-06 2.2796732e-07 0.00043061256 0.005255489 0.2734141 5.39735e-06 8.081689e-05 2.7273293e-07 7.6464096e-07 0.0026315842 6.800238e-08 1.0451188e-05 0.05888002 0.0058154687 2.9492723e-05 3.7183638e-06 0.0026128998 5.2524574e-06 0.019782461 3.6553e-05 4.5771412e-05 0.0006719171 1.2674094e-05 0.00081580225 0.005133415 1.3471088e-05 0.45186892 5.920016e-06 0.10083612 1.5921447e-08 6.9288376e-07 0.0020201285 0.0054806187 0.0002311748 0.1661309 1.0398715e-05 0.3297558 0.00020191038 0.0006342132 9.5125534e-07 6.939035e-07 9.106543e-09 0.0003608314 0.09078198 1.6455863e-07 0.00058550935 0.00013835524
0.7204441 0.72184926 0.4125064 0.065624505 0.047661 0.22461775 0.22260955 0.9451805 0.22899726 0.116839595 1.9619587e-21 0.2321498 0.44253808 0.015921054 0.97222716 0.022582095 0.043039538 0.059994463 0.0018028198 0.004381147 0.02342675 0.019241387 0.54380745 0.2650447 0.55968964 0.4891626 0.00015305492 0.0010474743 0.0005989446 0.0028458291 0.0011513908 0.0038814628 0.00022644721 0.022023028 0.016648255 0.00026665415 0.019593291 0.34995535 0.31013677 2.3192813e-05 1.817605e-06 4.866126e-06 0.0009871505 1.0254065e-06 0.0041469876 3.0987917e-07 2.348146e-06 1.4736914e-06 4.9899412e-05 0.33285993 0.054538906 0.05198022 3.968901e-06 0.028717883 8.2758334e-07 9.91957e-08 0.00025547386 7.846577e-06 0.0011128084 1.2075905e-06 0.008154375 5.6251498e-05 6.741543e-06 8.548319e-06 3.0733895e-07 1.28308075e-05 0.0006093602 0.00012680364 2.0029793e-05 1.3220338e-05 1.41392975e-05 4.754153e-05 9.283329e-05 0.013481621 3.103888e-05 1.6325973e-06 0.00012221668 0.0033317436 2.0218526e-05 1.1076464e-06 0.0024856052 2.9424948e-06 0.0010877716 8.904825e-07 9.0540664e-07 0.0010158959 4.449346e-05 6.485972e-05 0.0022208851 0.00015311083 0.0013234246 1.0873343e-05 0.0009603351 6.101274e-07 4.2856012e-08 1.6984625e-07 1.910653e-05 0.0008575149 1.1254124e-06 6.8099275e-06 3.0032757e-06
0.89987546 0.45820752 0.5925951 0.40156975 0.38250977 0.8257745 0.37561622 0.34198323 0.8777227 0.09038452 0.2321498 2.5138439e-17 0.16669555 0.16641352 0.15717275 0.0028952847 0.0013454282 0.7962599 0.17308192 0.08354914 0.6934253 0.49415946 0.16790137 0.020799113 0.065325595 0.036517594 0.041624937 0.03537728 0.035985168 0.27624008 0.00046720178 0.0012891308 6.834889e-05 0.0021118396 0.0017803021 0.029147035 0.020552933 0.02066682 0.018526267 0.0056087156 0.0031893668 0.0017868738 0.00018697178 0.002408287 0.1507293 0.0015515075 0.0011697831 0.0011543274 0.0033269129 0.007520756 0.0017177594 0.0019069304 0.0004529275 0.003764142 0.00036578946 0.00022085714 0.0149903605 0.00023177922 0.0006521148 0.000577189 0.0005999027 0.000142114 0.0007536318 3.5816236e-05 4.0779607e-05 0.00020791481 0.00063721725 7.775992e-05 0.0002478888 8.911656e-05 0.00015643876 0.00012254113 0.00021723886 0.0002578843 0.0018770967 3.530519e-06 7.676718e-05 0.0005522353 3.163824e-05 1.1052718e-05 0.035983805 0.00022392986 0.0016734146 8.9581634e-05 1.1133585e-05 0.02208962 2.1376758e-05 4.0068393e-05 0.08688299 0.00039550025 0.004114722 7.729651e-06 0.00787945 0.00024726408 1.6510875e-06 2.7414266e-05 2.705708e-05 0.021155756 0.00020498733 1.883027e-05 3.8086862e-05
0.42586538 0.24446571 0.08452347 0.3147442 0.20944485 0.21478082 0.93530613 0.85986835 0.1918721 0.0046014166 0.44253808 0.16669555 2.0715084e-19 0.87758476 0.2783456 0.0014498011 0.0014541893 0.023868198 0.24342698 0.6890233 0.032840956 0.0065949853 0.8940281 0.020150874 0.19321233 0.11371279 0.02034368 0.11753943 0.00945456 0.0093463035 0.0001965879 0.00073872646 2.8354143e-05 0.0029554216 0.0019242781 0.0061992 0.59887123 0.13157213 0.09124753 0.0014374511 0.001458545 0.0007751628 9.933947e-05 0.00029018667 0.006360215 0.00013587072 0.0026512097 0.0002109064 0.0057808645 0.22859691 0.012158866 0.026486624 0.00024877477 0.3187374 0.000239839 2.7769973e-05 0.0019901327 3.5656892e-06 0.00021673064 5.0413946e-05 0.151024 0.0065698684 0.00026235014 5.618774e-07 2.2411978e-06 0.00042009942 4.354093e-05 7.633135e-05 0.00072355825 0.0005359604 2.1022065e-06 0.0009076973 1.36077215e-05 0.016793445 0.00042141514 1.5273719e-06 0.0031537293 0.0010587058 3.832474e-06 1.353283e-05 0.0006309161 0.0002889349 0.000553359 4.239957e-06 7.783458e-06 0.004286332 4.4770848e-05 3.4181814e-06 0.00063014944 0.0012059432 0.00028836835 2.5158556e-06 0.0014227265 1.966865e-06 3.8383934e-07 7.2203457e-06 2.3870343e-05 0.0001987408 7.917809e-06 9.991991e-07 3.0606325e-06
0.43655232 0.07717475 0.06751568 0.48581377 0.47656536 0.17160419 0.81950796 0.13150507 0.14750859 0.0032481428 0.015921054 0.16641352 0.87758476 4.4494817e-20 0.009580304 0.00038381084 0.00038395176 0.029631726 0.8405013 0.9422786 0.050994813 0.007863123 0.45911 0.0022406874 0.011073663 0.007454562 0.4010959 0.61024934 0.12768745 0.049985256 1.615843e-05 0.00019654758 6.008834e-06 0.000510908 0.0004553865 0.05330021 0.5800948 0.009004287 0.007660811 0.018291157 0.01842256 0.006774199 1.569403e-05 0.0028052041 0.021283302 0.0016003638 0.042325936 0.0016306944 0.0654888 0.024894329 0.00087955146 0.0060257236 0.0019739987 0.24124926 0.002248907 0.0003119787 0.009219119 1.1183447e-06 3.77971e-05 0.00038236717 0.06591182 0.032115407 0.0009337786 1.2260955e-07 4.188964e-05 0.0028677993 1.1524211e-05 5.8569635e-06 0.0033986995 0.0020313207 7.980529e-07 0.0011245238 1.1117395e-05 0.0027904648 0.00269022 1.02157294e-07 0.00077669614 4.8940245e-05 4.3965784e-07 1.1228647e-05 0.0009158348 0.00047058103 0.00052113214 5.4640015e-05 9.341968e-06 0.010197849 9.906799e-06 4.2520338e-07 0.0011580135 0.00016258031 0.00061193807 2.4970876e-07 0.004487807 1.820036e-05 5.6273757e-07 7.813032e-05 4.279627e-06 0.000968905 9.59555e-05 6.83454e-08 7.925722e-07
0.5288915 0.4303704 0.28298682 0.04161869 0.027483555 0.15346919 0.109204106 0.76229435 0.15621197 0.08869053 0.97222716 0.15717275 0.2783456 0.009580304 5.1121093e-20 0.015469245 0.039712522 0.03288742 0.0020798235 0.0019349607 0.012977753 0.0091833 0.653123 0.4879935 0.9160296 0.8383655 0.00013172584 0.00053688046 0.0009418346 0.0018273119 0.00094815023 0.0031107645 0.00037678212 0.041555233 0.032468613 0.00039543465 0.011086231 0.50682694 0.43677816 5.615807e-05 1.780336e-06 1.0985598e-05 0.0018742277 1.5600518e-06 0.0018522447 1.1649679e-06 8.2144936e-07 3.6447893e-06 2.3555442e-05 0.4423962 0.09490353 0.13500196 2.5234718e-05 0.023897603 2.6968291e-06 2.854395e-07 0.00012329157 1.00604e-05 0.0010283131 2.3064806e-06 0.010773932 4.097007e-05 1.7979539e-05 7.633481e-06 2.7180857e-07 1.3687049e-05 0.0005077825 0.00012738495 1.1508045e-05 1.2514103e-05 1.6303764e-05 6.26996e-05 5.483672e-05 0.026975244 9.324309e-06 1.943159e-06 0.00029904806 0.00911197 1.8029848e-05 1.2450541e-06 0.0013116876 4.780752e-06 0.00093269645 9.73498e-07 1.6450379e-06 0.0010475817 6.633307e-05 0.00020118344 0.0011583907 0.0004245685 0.0010113438 5.928474e-06 0.0007424744 9.82459e-07 2.1165913e-08 5.6100953e-07 3.131584e-05 0.00066044764 3.045103e-06 6.217409e-06 3.911556e-06
0.7922628 0.07175214 0.17898756 0.00025820694 4.760958e-05 0.0028249796 0.0013519293 0.008697726 0.0026989675 0.7628955 0.022582095 0.0028952847 0.0014498011 0.00038381084 0.015469245 8.875182e-21 0.9919859 0.031025548 2.3197812e-05 0.00018182411 0.0023552668 0.04100623 0.00031839177 0.4165857 0.002117645 0.030432118 9.734767e-07 1.7648708e-05 3.4110675e-05 0.00021517838 0.4007949 0.61095816 0.18701479 0.19266772 0.18338865 5.8373495e-05 3.5734764e-05 0.07270719 0.0056467163 7.277558e-06 9.110765e-07 9.4943186e-07 0.07962052 2.5966062e-06 0.0017147756 1.1377568e-06 1.8456665e-06 1.9441193e-06 4.334823e-05 0.0004486386 0.0037047083 0.10515152 5.824876e-07 9.258997e-05 5.991899e-07 3.465202e-08 7.5128315e-05 0.041975517 0.21105145 5.411642e-06 5.74445e-05 1.942668e-06 2.4245678e-06 0.015994195 8.9121016e-08 1.4524645e-05 0.05500985 0.076771215 1.8946545e-05 1.1809533e-05 0.0029469489 1.37177985e-05 0.025377888 0.0002346136 2.7651631e-05 0.0007193729 2.3288805e-05 0.0015227593 0.0057793707 2.9668647e-05 0.104568556 0.00012742881 0.07608413 3.0666735e-07 7.364456e-07 0.001092318 0.010336451 0.00046369553 0.01287951 6.3735395e-05 0.10883616 0.0005569594 0.00037227938 5.5692435e-06 3.9635847e-07 9.946232e-07 0.0022068513 0.0090836845 2.582749e-06 0.00049729244 0.0010969833
0.39405513 0.07514954 0.08030405 9.8895194e-05 1.48394665e-05 0.0010308552 0.0014654774 0.016828386 0.0017146979 0.5914737 0.043039538 0.0013454282 0.0014541893 0.00038395176 0.039712522 0.9919859 1.097754e-21 0.009928644 2.3147692e-05 0.00020732616 0.0011196387 0.009096389 0.0019288542 0.82689404 0.006860758 0.09872422 7.1136157e-07 7.724626e-06 4.673383e-06 1.5972297e-05 0.24572289 0.2628188 0.14458889 0.47768825 0.4596568 1.915202e-06 2.6642017e-05 0.27413043 0.01946944 9.924978e-07 3.949473e-07 5.467812e-07 0.2746806 5.442925e-06 0.00027451484 3.1834512e-07 1.92589e-07 7.465527e-07 1.683894e-05 0.0018906195 0.011743805 0.3087766 1.5947653e-07 0.00022975149 7.812409e-08 4.70963e-09 4.7719745e-06 0.16084136 0.088206545 4.5169097e-07 0.00012332968 2.7520628e-06 1.8529194e-07 0.03883963 5.0375903e-08 1.9072693e-06 0.03726084 0.2698106 6.140616e-06 2.9083021e-06 0.011879728 5.577072e-06 0.020947665 0.00075830566 9.739303e-06 0.0018855617 1.6935925e-05 0.010902413 0.006963049 4.7922435e-07 0.013819074 3.2173237e-05 0.03904199 1.9746189e-07 6.2458196e-07 0.00021271022 0.009902026 0.0034909737 0.002466702 6.2527324e-05 0.02893409 0.0014190536 0.00024747427 3.210317e-07 1.4776242e-07 8.374013e-08 0.012634687 0.0025367658 1.17410764e-07 0.0014661239 0.0037735894
0.90424836 0.23354334 0.55468506 0.15253355 0.13855049 0.5513299 0.07617821 0.09983174 0.6405864 0.405668 0.059994463 0.7962599 0.023868198 0.029631726 0.03288742 0.031025548 0.009928644 1.8205708e-18 0.020926937 0.0069221645 0.84112215 0.93881774 0.018904276 0.014069234 0.012514641 0.010174142 0.0045362 0.0014028703 0.0135338 0.15145002 0.0043278798 0.030783359 0.0009939789 0.0024691096 0.0016962563 0.018169448 0.0009771615 0.005971292 0.0066276984 0.001748574 7.691375e-05 0.0026702278 0.0009394932 0.00012625701 0.17218594 0.00012264062 1.1248657e-05 0.00016656693 0.00010873607 0.000254866 0.00096323626 0.0011013409 7.256334e-05 0.00043787682 0.00028274552 3.100051e-05 0.010774856 0.0006874108 0.012805138 9.946807e-06 0.00017724703 1.9047438e-05 0.00015573793 0.00012202707 6.235924e-06 2.5547131e-05 0.0074810516 5.2756935e-05 2.728591e-05 4.052472e-06 0.0007376554 2.8928105e-05 0.005192772 5.566177e-05 0.0032844192 0.00014484953 4.509188e-05 0.00027270577 0.0006737491 4.185468e-06 0.120554015 1.7748866e-05 0.016716242 2.247721e-05 3.6306762e-06 0.029107612 0.0019804984 3.3223453e-06 0.19752881 2.8630646e-05 0.038901374 6.6168424e-05 0.012538503 1.063822e-05 5.721765e-07 9.057897e-06 0.00012701629 0.06994585 5.2283385e-06 0.00012262694 1.974794e-05
0.8021896 0.005598455 0.014705909 0.48526475 0.5672441 0.11207434 0.48369104 0.013478265 0.129026 0.00021611742 0.0018028198 0.17308192 0.24342698 0.8405013 0.0020798235 2.3197812e-05 2.3147692e-05 0.020926937 7.712164e-19 0.802721 0.06937618 0.010482979 0.3528391 0.000249858 0.0037450125 0.0013736775 0.9133534 0.8895414 0.6333938 0.16588147 2.716773e-06 1.677721e-05 7.472593e-07 4.690397e-05 1.9170411e-05 0.1990803 0.6255272 0.0017864954 0.0016109716 0.11816819 0.3176677 0.059593927 1.0454254e-06 0.12032687 0.050889328 0.03498288 0.43365794 0.03973289 0.42506278 0.003258931 8.5476626e-05 0.0005111018 0.021187654 0.21701765 0.021435177 0.003117539 0.06294538 3.0625026e-07 8.529466e-06 0.00409087 0.016875178 0.054579467 0.0019216208 1.08173666e-07 0.0006519264 0.024826078 2.0882594e-06 1.2357622e-06 0.030771323 0.0022274097 5.813372e-07 0.00089216355 9.651346e-06 0.0009962566 0.011966611 1.5461478e-07 0.0006188034 0.00015397828 1.9261634e-07 0.00019402242 0.0010074163 0.0053024217 0.00015933857 0.00046738406 8.958403e-05 0.023615066 4.111487e-06 3.6260155e-06 0.0014643486 0.00061219226 0.00012926935 2.874066e-06 0.011072934 0.00020846936 2.6255236e-06 0.00016336408 2.088589e-05 0.000761168 0.00039497408 9.288288e-07 3.4853263e-06
0.26970628 0.022539945 0.027754204 0.25104222 0.24186203 0.07944991 0.4185284 0.028076962 0.06937993 0.0007211705 0.004381147 0.08354914 0.6890233 0.9422786 0.0019349607 0.00018182411 0.00020732616 0.0069221645 0.802721 3.0610475e-19 0.019976115 0.0027551474 0.41789657 0.0011709706 0.0025055064 0.0012513114 0.5093758 0.9409582 0.063280545 0.02148224 1.324122e-05 0.00013357928 4.118033e-06 0.00019228115 9.769187e-05 0.02226036 0.788787 0.0025306526 0.0014314614 0.006791959 0.041216664 0.0038238142 1.4753994e-05 0.0028244138 0.0055499314 0.0014554027 0.116396196 0.0013823911 0.24643584 0.0075937645 4.7600548e-05 0.0005181523 0.0019780758 0.2867912 0.0011366188 0.00032772726 0.0061535747 1.0168185e-06 4.4381195e-05 0.0005549984 0.0546793 0.14878559 0.00080778246 6.576713e-08 3.4379915e-05 0.007032417 1.40869815e-05 3.3914998e-06 0.015234639 0.007301696 1.2801884e-06 0.0028492522 1.9275914e-05 0.00062603585 0.0018433394 2.293853e-07 0.0010393204 1.918766e-05 5.5491523e-07 2.9172596e-05 0.0006956574 0.00075612665 0.0007239026 0.0001635844 1.911845e-05 0.0063841804 1.079974e-05 3.6858805e-07 0.0013698012 0.00011955243 0.0008791338 2.4014957e-06 0.0033460986 9.428176e-06 1.650025e-06 2.358959e-05 3.913612e-06 0.0009609594 3.4367622e-05 5.181088e-07 4.790133e-07
0.9542684 0.08508128 0.24784042 0.24508634 0.20999892 0.48421273 0.13224639 0.06620856 0.46736562 0.028518867 0.02342675 0.6934253 0.032840956 0.050994813 0.012977753 0.0023552668 0.0011196387 0.84112215 0.06937618 0.019976115 1.4533828e-15 0.7456413 0.021949666 0.002176538 0.0054469113 0.004073864 0.024092896 0.007121779 0.13669492 0.86396295 0.00024496997 0.0012946064 3.7068618e-05 0.00041414172 0.00026131712 0.14893925 0.0034147473 0.0034077952 0.00295324 0.0311368 0.0023605772 0.03207161 6.0380484e-05 0.0051852358 0.80186915 0.007971574 0.00034688343 0.0039723874 0.0016783435 0.00013368874 0.00024270457 0.0007511775 0.0030916778 0.0016078951 0.0052774074 0.00054244004 0.15364486 0.0003588537 0.0013065145 0.0005243506 0.00067649083 3.3619042e-05 0.0032189994 0.000101206635 0.00012119701 0.00012373387 0.00083831674 9.5368705e-05 0.00019839047 2.4734223e-05 0.00020849878 0.00014353765 0.0006501141 0.0001831693 0.0066847913 1.2617883e-05 0.00010699262 0.00022773712 2.1628122e-05 1.9390744e-05 0.050760906 0.0006371508 0.0039559444 0.000846219 1.805287e-05 0.12188094 2.6821872e-05 1.2428718e-05 0.21882017 0.0003963035 0.010688967 1.4564204e-05 0.021411508 0.0013146518 4.314361e-06 0.00050057896 0.0002533463 0.07541501 0.0007460667 3.4966375e-05 8.32793e-05
0.9948502 0.114842996 0.29222023 0.0562546 0.053148344 0.14732167 0.030425569 0.03526704 0.25973666 0.355633 0.019241387 0.49415946 0.0065949853 0.007863123 0.0091833 0.04100623 0.009096389 0.93881774 0.010482979 0.0027551474 0.7456413 2.722571e-20 0.0013293363 0.0033636924 0.0019821897 0.0014450299 0.0033464448 0.00077666383 0.028899582 0.23069404 0.006123782 0.06281209 0.0015355479 0.0006227139 0.0005105442 0.042363383 0.0002610068 0.00083684025 0.00032285502 0.004848979 0.000100502875 0.00826287 0.0011905496 0.00026645968 0.42508522 0.0005518902 4.1856238e-06 0.00024013332 0.00014672002 1.5023204e-06 8.469849e-06 7.190457e-05 0.00044787145 7.0375354e-05 0.0015587173 5.3161682e-05 0.023112264 0.00013388843 0.021208549 2.1371623e-05 3.9829174e-05 5.9257525e-07 0.00038331904 0.00010245239 3.144787e-06 3.865414e-06 0.009156396 1.0265655e-05 1.7951927e-06 4.4098775e-07 0.00023644266 1.9737518e-06 0.0031420335 7.94102e-07 0.0032001475 0.00018025163 2.946128e-06 2.0674537e-05 0.0006476015 6.929412e-07 0.44435653 4.75376e-06 0.015399079 6.158994e-05 1.5263998e-07 0.051346373 0.0014542796 4.998309e-07 0.5535198 2.871058e-06 0.0940839 3.6199206e-06 0.010548999 4.404464e-05 2.2757044e-07 4.7575654e-06 6.423108e-06 0.18298829 2.143819e-05 3.24137e-05 8.280878e-07
0.3992858 0.17696922 0.09306193 0.35173878 0.26470563 0.22041856 0.62512225 0.72842145 0.2314247 0.001463063 0.54380745 0.16790137 0.8940281 0.45911 0.653123 0.00031839177 0.0019288542 0.018904276 0.3528391 0.41789657 0.021949666 0.0013293363 1.6462191e-16 0.11612528 0.8025472 0.51970977 0.010166975 0.08949943 0.0051020305 0.0121722855 8.455745e-05 4.7336307e-05 2.9452037e-06 0.00907343 0.0041097994 0.0039198208 0.9103447 0.37212873 0.40285248 0.0014342155 0.0004265368 0.00046788156 3.1926942e-05 0.00025314974 0.0036219552 0.00030192774 0.000517496 0.00052698754 0.005579911 0.7417231 0.049880397 0.024391292 0.00023521893 0.8054038 6.37987e-05 1.7526281e-05 0.00035415142 4.5977054e-06 5.2350715e-05 1.4975549e-05 0.39015734 0.008948989 0.00013170474 1.2852172e-06 4.069961e-07 0.00057089404 1.4034537e-05 5.8081463e-05 0.0020174487 0.0017192261 6.2886825e-06 0.0022176905 8.952497e-06 0.051017504 0.000103362625 9.51813e-06 0.015421908 0.0016556279 2.873977e-07 1.3967802e-05 0.00037037543 0.0001479681 0.00036846893 7.586872e-06 9.155164e-06 0.003992825 6.6050866e-06 1.8819283e-05 0.00041719648 0.0055049825 0.0005322457 1.2750106e-05 0.0025324016 4.3876007e-06 2.2458418e-07 1.2172962e-06 8.887772e-05 0.00018166588 3.1272266e-05 1.4397025e-05 2.0256323e-06
0.85381544 0.3196023 0.2552123 0.0032279345 0.002146586 0.012453482 0.018795509 0.09561747 0.019256908 0.51954246 0.2650447 0.020799113 0.020150874 0.0022406874 0.4879935 0.4165857 0.82689404 0.014069234 0.000249858 0.0011709706 0.002176538 0.0033636924 0.11612528 1.0641274e-18 0.20378569 0.5919381 2.5119585e-05 0.0002390838 0.00012604755 0.00025670894 0.11685237 0.109571494 0.023147523 0.7491749 0.74937135 2.8052897e-05 0.03967335 0.7896923 0.35365582 1.6536978e-05 1.11392455e-05 2.1887606e-06 0.06178306 4.3258433e-06 0.00010427221 3.327022e-06 3.6044552e-05 1.4666049e-05 0.00024270434 0.16917513 0.13249546 0.57352597 2.2376686e-05 0.018089373 6.924821e-07 1.3372827e-06 3.5306268e-06 0.0039279745 0.012256748 3.8801095e-06 0.004743146 0.00018651677 6.654539e-05 0.0054014754 3.203497e-05 0.0003241143 0.0057414016 0.0875299 0.00021662668 0.000109041786 0.0011687299 0.00023700525 0.00077614107 0.020340383 1.6861999e-05 0.00031616114 0.0011898883 0.03845928 0.0007671218 0.00066102296 0.0034009856 0.00056063174 0.0029536665 3.0124004e-06 9.0896334e-05 0.001988102 0.00059448957 0.0073014866 0.0029381092 0.0008093081 0.0047473093 0.0007431233 0.00021122282 1.5521786e-05 1.1916313e-06 1.982546e-05 0.005673176 0.0011217003 3.9168586e-05 0.00019952552 0.003905859
0.108939976 0.17246124 0.11369368 0.045138247 0.020621946 0.08636712 0.14830714 0.5036309 0.09605336 0.0114206895 0.55968964 0.065325595 0.19321233 0.011073663 0.9160296 0.002117645 0.006860758 0.012514641 0.0037450125 0.0025055064 0.0054469113 0.0019821897 0.8025472 0.20378569 2.130819e-18 0.9671972 0.00015158602 0.0004294292 0.0011221364 0.0024250967 9.658698e-05 0.00032129468 2.4420175e-05 0.021202458 0.014261268 0.00036995835 0.018382804 0.5393565 0.5473657 8.0707214e-05 1.8019165e-06 4.303933e-05 0.00021648998 4.534063e-06 0.000968108 1.739048e-06 9.4011557e-07 9.987261e-06 1.4914988e-05 0.5588505 0.09696809 0.08664213 7.217155e-05 0.0800285 9.49963e-06 7.0976023e-07 5.679929e-05 8.802941e-06 4.375013e-05 9.7537295e-06 0.040034056 1.5760324e-05 5.0182738e-05 7.73582e-07 3.0690927e-07 7.348304e-06 1.1308978e-05 7.006322e-05 2.14459e-05 1.056362e-05 2.1448934e-06 6.878013e-05 4.300295e-06 0.039144486 2.2185213e-05 3.243884e-07 0.00043976883 0.0033042214 2.9977028e-07 7.689346e-06 0.00069618534 5.895182e-06 0.00019934635 4.006291e-06 1.7768231e-06 0.0034820577 8.5033225e-06 5.404976e-05 0.00070509245 0.000741726 0.0005958854 9.477329e-07 0.00045338122 1.5686063e-06 5.525455e-08 2.0846894e-06 1.3417966e-05 0.0007989828 5.9413505e-06 8.9210175e-07 3.132111e-06
0.10901901 0.19652098 0.13654818 0.018449891 0.014493631 0.043162934 0.0451159 0.33677417 0.05245713 0.04600538 0.4891626 0.036517594 0.11371279 0.007454562 0.8383655 0.030432118 0.09872422 0.010174142 0.0013736775 0.0012513114 0.004073864 0.0014450299 0.51970977 0.5919381 0.9671972 8.135382e-21 4.1471794e-05 0.00028565887 0.00031325294 0.00055450987 0.0010415022 0.0018146365 0.00045114875 0.106798805 0.07843571 0.00040237742 0.002375558 0.78326607 0.6912347 2.2331298e-05 4.832848e-07 1.6852031e-05 0.0018082162 6.2089384e-07 0.0002962074 8.39556e-07 2.0794303e-07 1.0870486e-06 3.6111314e-06 0.52651316 0.23779933 0.31198943 3.548184e-05 0.012878712 1.0926658e-05 8.7206104e-08 3.883073e-05 1.5247385e-05 0.00081036234 1.8647177e-06 0.0069961506 9.249885e-06 1.247358e-05 1.1346963e-05 1.527451e-07 9.3259805e-06 9.7592325e-05 0.0001529169 4.2288706e-05 1.9971047e-05 8.548986e-06 6.263129e-05 2.6681784e-05 0.026925758 3.543406e-05 2.7028539e-06 0.00036503954 0.019898681 3.4194888e-06 3.046991e-06 0.000503631 3.5893122e-06 0.0003693858 2.7799663e-06 1.8747386e-06 0.0005626196 8.145222e-05 0.00046411162 0.00039245465 0.0006017276 0.00013082195 6.392407e-06 0.00038812403 8.476041e-07 8.4505e-08 3.5819944e-06 5.1175877e-05 0.00017492728 2.3454536e-06 2.996621e-06 8.035987e-06
0.6920083 0.00029152894 0.0010491083 0.14676334 0.25509292 0.023839133 0.06285801 0.0020704092 0.035763994 6.711642e-06 0.00015305492 0.041624937 0.02034368 0.4010959 0.00013172584 9.734767e-07 7.1136157e-07 0.0045362 0.9133534 0.5093758 0.024092896 0.0033464448 0.010166975 2.5119585e-05 0.00015158602 4.1471794e-05 6.2337696e-18 0.8473603 0.8637375 0.10998851 2.837819e-07 1.9590045e-06 7.695222e-08 5.9001877e-06 1.7893368e-06 0.3108108 0.25052923 2.9964482e-05 2.9138006e-05 0.19635674 0.780653 0.10384856 3.8755513e-07 0.5880166 0.036763333 0.16808704 0.5194094 0.20082696 0.48984462 3.1771324e-06 4.286622e-07 8.644622e-06 0.10783276 0.037976455 0.0456974 0.055767525 0.091125734 1.8779532e-07 2.0282862e-06 0.058231343 0.0009093579 0.038032454 0.015004356 6.535934e-08 0.0054812697 0.037919078 4.0483678e-07 3.588311e-07 0.026051486 0.0014727791 6.768499e-07 0.0002506007 1.0563351e-06 2.0993546e-05 0.027037973 1.4631485e-07 5.89138e-05 1.3757587e-05 3.0586443e-07 0.004930151 0.0005130826 0.027283983 4.4575216e-05 0.0044758157 0.001193355 0.04576366 1.498319e-07 4.4917627e-07 0.00085436983 6.685205e-05 5.1238432e-05 1.3341211e-06 0.022630874 0.0007876801 8.354762e-05 0.0004309587 3.4916025e-05 0.00028446948 0.0014602437 4.1652373e-07 1.6016538e-06
0.244638 0.003800271 0.004019799 0.09507476 0.12506975 0.019628003 0.086451165 0.0043339883 0.022697678 0.00010438893 0.0010474743 0.03537728 0.11753943 0.61024934 0.00053688046 1.7648708e-05 7.724626e-06 0.0014028703 0.8895414 0.9409582 0.007121779 0.00077666383 0.08949943 0.0002390838 0.0004294292 0.00028565887 0.8473603 8.6389937e-19 0.20474754 0.023622742 1.1176057e-06 1.2222734e-05 2.8886228e-07 1.8420678e-05 1.7412112e-05 0.05866612 0.7144671 0.00034598922 0.00019687889 0.031534106 0.45696726 0.009465119 3.5978044e-06 0.047277685 0.0042095687 0.017552806 0.60821116 0.017876418 0.80346227 0.0010507957 8.955973e-06 0.00021227816 0.010918406 0.20351222 0.0023263893 0.001965695 0.006976892 1.8655608e-06 5.312532e-06 0.009084148 0.023375763 0.31160456 0.0021637531 7.575629e-08 0.00029948272 0.058282394 5.110128e-06 9.394098e-06 0.123885825 0.016988588 1.7755933e-06 0.0038790219 2.2747986e-06 0.00012985799 0.0020892625 2.779742e-07 0.00020567505 1.0154042e-05 1.8399362e-07 0.0006738943 0.00030381966 0.021945463 0.000101371916 0.00012052894 0.00017471635 0.010547307 1.9968006e-06 4.2140627e-07 0.00058150024 9.430726e-05 0.00018831267 2.2191214e-06 0.0037116841 5.7995785e-05 7.063075e-06 8.7542954e-05 7.706377e-06 0.00032011137 0.00020555643 3.8166345e-07 1.3655634e-06
0.8861394 0.00046708886 0.0010629083 0.0877606 0.19947502 0.016344389 0.053632155 0.007522776 0.03190366 8.007731e-05 0.0005989446 0.035985168 0.00945456 0.12768745 0.0009418346 3.4110675e-05 4.673383e-06 0.0135338 0.6333938 0.063280545 0.13669492 0.028899582 0.0051020305 0.00012604755 0.0011221364 0.00031325294 0.8637375 0.20474754 5.940575e-17 0.52367365 9.325082e-06 0.00025057056 1.0693722e-06 9.836601e-05 3.6348534e-05 0.88524747 0.042001802 0.00025084193 0.0006066458 0.38393694 0.42812923 0.24737462 5.420878e-06 0.7727795 0.076730624 0.68935907 0.25779468 0.4451892 0.15954988 2.5587167e-05 7.869393e-05 0.00019995068 0.28592345 0.0076399343 0.13723387 0.17825171 0.17891146 1.1084522e-05 0.00015779433 0.051225584 0.00066499214 0.022048423 0.043242782 4.9473592e-06 0.013435203 0.022868782 7.241954e-05 7.748937e-06 0.0074764155 0.0010186991 5.244594e-06 0.0003220945 9.0419686e-05 7.557737e-05 0.07142668 2.7293133e-06 0.00019510287 3.4089993e-05 1.4130388e-05 0.003505967 0.0040149717 0.007510475 0.00076615706 0.030520162 0.004532615 0.07041672 8.132186e-06 3.3028914e-06 0.02515933 5.306119e-05 0.0007623794 5.2259984e-05 0.068662465 0.00023808901 0.0003545642 0.00027351762 7.357879e-05 0.0034771662 0.00041003412 2.7441261e-05 1.9170411e-05
0.8658911 0.01183282 0.04006514 0.18556708 0.21877113 0.10937712 0.05588838 0.018913284 0.19701174 0.0049305465 0.0028458291 0.27624008 0.0093463035 0.049985256 0.0018273119 0.00021517838 1.5972297e-05 0.15145002 0.16588147 0.02148224 0.86396295 0.23069404 0.0121722855 0.00025670894 0.0024250967 0.00055450987 0.10998851 0.023622742 0.52367365 5.4801308e-17 1.603134e-05 0.0012538981 1.1212771e-06 3.6050496e-05 3.0689116e-05 0.8588898 0.006987026 0.0006600638 0.00044994868 0.22847189 0.016830865 0.56120217 7.5722346e-06 0.05241977 0.87388283 0.10926916 0.010231307 0.017150177 0.0030222705 0.00026233387 2.9483528e-05 7.041617e-05 0.087966144 0.0014169278 0.1279607 0.010040756 0.55724096 3.906555e-05 0.0007999271 0.0016030178 0.0005878424 0.0003282797 0.01690055 5.6432864e-06 0.00028145095 0.00040997786 0.0005965586 2.6800626e-05 4.9481117e-05 7.3175047e-06 4.493774e-06 1.6029535e-05 0.0011578986 0.00027121732 0.04528345 5.10871e-06 2.743456e-05 7.40104e-05 1.5915019e-05 3.911021e-05 0.018072441 0.0004825857 0.005511149 0.007624562 4.9120874e-05 0.18352978 0.00012623148 2.4983585e-06 0.09257126 2.4143566e-05 0.007773463 3.7519794e-06 0.04122484 0.0005390308 2.0167079e-06 0.0005285816 1.1557339e-05 0.038789272 0.0005372589 3.3560916e-06 9.525259e-06
0.4895972 0.0021340973 0.009969177 7.1593613e-06 8.3648706e-07 0.0002020695 9.10459e-05 0.0004956249 0.00028054597 0.41953424 0.0011513908 0.00046720178 0.0001965879 1.615843e-05 0.00094815023 0.4007949 0.24572289 0.0043278798 2.716773e-06 1.324122e-05 0.00024496997 0.006123782 8.455745e-05 0.11685237 9.658698e-05 0.0010415022 2.837819e-07 1.1176057e-06 9.325082e-06 1.603134e-05 9.3485634e-21 0.8673539 0.9842927 0.044675946 0.04760567 2.1404837e-06 6.735515e-06 0.0043337923 0.00047399758 3.107996e-07 1.6956834e-07 1.5448536e-07 0.45297316 2.8462426e-07 0.0004122719 4.7314213e-08 2.4544837e-08 1.5710008e-07 1.952745e-06 5.3289928e-06 9.21816e-05 0.010467105 4.0279627e-08 2.5173595e-05 1.8378326e-08 3.2358538e-09 8.40553e-06 0.28036162 0.49482757 1.4669139e-07 2.5548301e-05 6.5945665e-07 1.0614191e-07 0.07164254 3.3940847e-08 7.447022e-06 0.07972908 0.07236473 9.318761e-06 2.1352257e-06 0.018944556 5.328246e-06 0.060728665 0.00030212072 2.5491802e-06 0.0031171555 4.4661087e-05 0.0007720664 0.004325922 1.6140634e-06 0.080066204 1.626925e-05 0.110305384 8.943054e-09 1.7202946e-06 0.00046368293 0.006017827 0.00036218372 0.0059921425 7.49424e-05 0.059522737 0.0015877711 1.9211719e-05 1.3052542e-07 5.0529582e-08 6.880738e-08 0.02026547 0.0060497206 3.3593896e-08 0.0009879562 0.0010243377
