1.9897913e-31 0.72127736 0.42629987 0.67919606 0.62132794 0.3269095 0.07118244 0.07226269 0.37797463 0.1721651 0.6889408 0.3118522 0.14063232 0.39981413 0.20007268 0.7383873 0.08619992 0.095007755 0.22111961 0.011325936 0.8186937 0.65634125 0.71529 0.26959872 0.061047766 0.10897912 0.7142483 0.93235576 0.48698816 0.8982817 0.014768489 0.7334537 0.23228182 0.01139031 0.046969578 0.6414338 0.2673484 0.47296533 9.3247574e-05 0.0014230815 0.40232196 0.004939797 0.037708007 2.474274e-05 0.99692297 0.99942076 0.6201252 0.8052251 1.7588528e-06 0.6160559 6.375832e-05 0.0016155165 6.136345e-05 0.059230525 0.6374574 1.4605932e-07 0.3781585 3.8800815e-07 0.00011116139 0.7601759 0.6872916 0.00078046956 0.3840773 4.1991276e-05 0.9914592 0.006409396 0.8095815 0.9998554 0.005782069 0.8643936 1.9776899e-06 1.3851611e-05 1.2863245e-08 0.87331617 0.32179004 0.08266679 0.997189 0.9986933 0.29465207 0.98709226 0.20563202 8.197398e-06 0.0031353869 0.9872118 2.0467408e-09 0.013659277 0.9850651 1.6834886e-06 0.02259503 9.097221e-07 3.016546e-08 9.747507e-08 7.751018e-09 0.99754703 1.2452576e-09 1.2455748e-05 0.71076155 0.055386506 8.907377e-08 0.06427739 0.011198233
0.72127736 3.9969273e-20 0.918263 0.94091827 0.6461463 0.69928896 0.5815536 0.2996188 0.053683262 0.04573663 0.3767748 0.18158242 0.41544843 0.30289117 0.0434967 0.46126428 0.10701344 0.011463591 0.0027588627 0.14133783 0.67996603 0.16442497 0.018896278 0.020665776 0.00022809401 0.00046167703 0.017589128 0.15762773 0.073317565 0.053140055 6.638142e-05 0.041421168 0.0010031926 0.049662944 0.0009891185 0.0022973658 0.0008144617 0.0073826844 0.028744707 5.960516e-06 0.0038563767 0.0006810288 0.00010235765 0.074245155 0.22929837 0.28260204 5.32256e-05 0.006151266 0.0017101392 0.006682739 3.3014854e-05 0.00015446365 0.009927295 0.00011608468 0.0008654554 0.01097269 1.0161589e-05 0.01581314 8.142601e-06 0.011443198 0.0093148 1.8317673e-05 1.4348927e-05 0.00029663992 0.0049360227 2.3911285e-05 4.609155e-06 0.04262704 4.357859e-06 0.005296943 1.7737925e-06 7.1832915e-06 0.0025534006 0.0017563446 4.190604e-06 4.0553873e-06 0.016974311 0.0015110496 1.6392669e-06 0.00010116603 1.3999433e-07 1.7210577e-06 5.0546746e-06 6.058793e-06 0.0011753839 2.7525434e-06 8.38238e-06 2.3875213e-05 4.4781573e-05 1.3894478e-05 0.00020717851 5.8796322e-05 0.000109808294 0.0050551547 0.0012165791 3.515923e-06 2.7780274e-07 1.8093856e-07 0.00010074643 8.57663e-06 8.8980596e-07
0.42629987 0.918263 1.622643e-19 0.5969125 0.95357984 0.39440724 0.67159814 0.20379393 0.017444236 0.012948139 0.3153488 0.027625797 0.8225097 0.1039506 0.16801533 0.2038928 0.38539112 0.0050284234 0.0015766008 0.34988585 0.14517403 0.09193568 0.0035097273 0.122518584 0.0002162007 0.0007524006 0.024230273 0.030544044 0.051235713 0.029850785 8.366179e-05 0.02392308 0.0013116406 0.12515439 0.0060305237 0.00096855825 0.0023718714 0.008981025 0.019529346 1.4927824e-05 0.0032274604 0.0037449766 0.00081692805 0.102923065 0.032146692 0.09965498 3.506151e-05 0.0021998333 0.00093044474 0.0027830356 2.847033e-05 0.0009407425 0.036120277 0.00046489036 0.0013727712 0.019612454 7.450301e-05 0.033680122 1.1606946e-05 0.0052994043 0.0024025326 1.5553065e-05 0.000100340454 0.00011084623 0.0030050003 5.3432752e-05 1.6686083e-05 0.015428898 3.2422126e-06 0.003691478 1.2129518e-06 3.2576818e-06 0.008306423 0.0014030616 7.228723e-06 5.2359746e-07 0.004471562 0.0013585732 1.7455415e-06 0.00014666797 3.7680596e-07 7.7222575e-07 1.6547177e-06 1.0732571e-05 0.0012222986 2.8695388e-06 2.1574682e-07 0.00011855568 2.796211e-05 4.1307943e-05 0.0010999406 3.2130156e-05 0.0002120265 0.0015380923 0.0038604517 4.564071e-06 2.2833515e-06 2.2843217e-07 5.9194943e-05 1.7822378e-05 1.6873556e-06
0.67919606 0.94091827 0.5969125 2.9339709e-19 0.21542302 0.9419749 0.7227765 0.5801029 0.35791495 0.28121325 0.10172107 0.5199516 0.3408897 0.10609168 0.0054270444 0.21379234 0.019087585 0.09144039 0.010361406 0.048658084 0.7460757 0.042855278 0.11113869 0.0065710656 0.0015741399 0.0016518569 0.0018301174 0.29109913 0.013527327 0.010686908 0.00022999436 0.0103733 0.0049218386 0.018330723 0.0002346991 0.005820931 0.00011909976 0.0010278214 0.08479984 0.00011282506 0.001487823 0.0005276096 1.7512431e-05 0.10473358 0.2790629 0.15190947 0.0005124716 0.028673438 0.010853779 0.017345652 0.00017327062 0.00010330114 0.00080073916 6.9784284e-05 0.00021703904 0.01756904 2.2496456e-06 0.008072454 1.2965758e-05 0.0039536864 0.018109284 2.1402095e-05 3.8633902e-06 0.0011066546 0.013043962 2.6824408e-05 1.925755e-06 0.010624559 9.2146665e-06 0.0009026293 3.8423473e-06 1.365684e-05 0.0016085884 0.00063771947 2.7244344e-06 4.2311494e-05 0.04139454 0.00037272522 1.0591617e-06 5.7765603e-05 8.716752e-08 2.8213271e-06 3.3035687e-06 6.4428323e-06 0.002122286 1.9760553e-06 0.00010762157 1.2387456e-05 8.898705e-05 2.7635182e-05 2.554662e-05 6.4757674e-05 0.00012283586 0.008484975 0.0011336736 4.947623e-06 7.8342066e-07 2.741782e-07 0.00037966517 1.2810048e-05 7.0251366e-07
0.62132794 0.6461463 0.95357984 0.21542302 2.613104e-19 0.09519341 0.13034073 0.0089317495 0.00083941355 0.00038860293 0.90970933 0.005061346 0.62325 0.6572539 0.46425638 0.6169425 0.665597 0.000167365 6.097221e-05 0.4489988 0.14573672 0.47285423 0.0007374581 0.26210934 4.081145e-06 2.7085915e-05 0.16525376 0.00978511 0.22743192 0.19259045 3.1940233e-06 0.12886797 7.989066e-05 0.19257426 0.012735057 4.1916574e-05 0.016847149 0.060840268 0.0016905023 3.2363555e-06 0.013820024 0.009106627 0.0033433666 0.018110543 0.027152184 0.2441596 6.810729e-07 0.0011994605 0.00017478902 0.00054918154 1.385276e-05 0.0027404937 0.07661407 0.0020086013 0.004499708 0.0039239796 0.00076625583 0.019200942 6.5350305e-06 0.029155813 0.00072023954 8.560653e-06 0.00025680836 5.0544404e-05 0.0009509897 0.00010650629 6.4472486e-05 0.114792764 1.5382924e-05 0.01591024 1.4594855e-06 3.5637684e-06 0.003043991 0.0045780474 4.4268207e-05 2.3760235e-07 0.0025010274 0.005728801 1.2569733e-05 0.0008428295 5.3436343e-06 1.6199217e-06 1.9200583e-05 9.3029244e-05 0.0003251459 2.4114295e-05 1.55275e-07 0.0003872949 5.406621e-05 5.6952475e-05 0.0019395591 0.0004396363 0.0007371627 0.0014229565 0.0015394782 4.1760745e-06 3.2415696e-06 5.656582e-07 7.832989e-05 9.346557e-06 1.0099583e-05
0.3269095 0.69928896 0.39440724 0.9419749 0.09519341 3.4108108e-18 0.88665 0.8506391 0.76911163 0.6654832 0.028532252 0.43988886 0.26038042 0.021326842 0.00553105 0.05895181 0.011938264 0.45779258 0.074439585 0.035528835 0.32965 0.010321006 0.048786152 0.005605705 0.021888014 0.006727876 0.0012658639 0.17064938 0.0032667522 0.0032143334 0.002465197 0.00179505 0.008156657 0.010148089 0.00018951108 0.006585567 0.00013096438 0.0006320332 0.16147539 0.0010581391 0.0005494725 0.0005591353 3.2971588e-05 0.1194727 0.09242255 0.01470183 0.0012323052 0.030458387 0.032487143 0.013970654 0.0011502664 0.00023448297 0.00024375909 0.00023027902 7.421276e-05 0.027438583 8.246459e-06 0.0076387897 0.00011028223 0.0009797622 0.0080319615 0.00011126735 1.5495798e-05 0.0072369287 0.008463054 4.6141533e-05 6.693342e-06 0.0022359558 1.1997315e-05 0.00028016738 3.88137e-05 5.112046e-05 0.002346953 0.0002279866 1.93429e-06 4.4350396e-05 0.008483616 0.000119105775 5.9464946e-07 2.988791e-05 6.69361e-08 2.161876e-05 8.089651e-06 4.1708363e-06 0.006931965 6.3009234e-06 0.00010036217 5.6553094e-05 8.302411e-05 7.842265e-05 1.6119997e-05 9.160347e-05 0.00014614592 0.0018345288 0.0011169757 6.4967085e-06 3.1699533e-06 9.907436e-07 0.0028998898 2.5456588e-05 1.5175858e-06
0.07118244 0.5815536 0.67159814 0.7227765 0.13034073 0.88665 1.3234882e-20 0.9669321 0.2017603 0.20089583 0.10371759 0.10819884 0.4156557 0.020625649 0.0052220277 0.062222295 0.009369605 0.21556225 0.011663554 0.029107232 0.13278171 0.017807528 0.010844984 0.0055023343 0.0017133992 0.0035681662 0.005025317 0.06423537 0.0033858044 0.0034626522 0.0012690738 0.0023046194 0.0027712511 0.015662828 0.00011967073 0.0028777977 2.8825634e-05 0.0012721614 0.15513551 0.00019738518 0.00030123576 0.00028740964 7.4710447e-06 0.11216049 0.024907576 0.010817915 0.00016161166 0.004794427 0.019670893 0.0034879004 6.735062e-05 0.00017661275 0.0033888007 3.741883e-05 4.7595055e-05 0.03157227 1.6927512e-05 0.01592412 2.4300298e-05 0.0008406817 0.002607611 4.2128537e-05 1.3313128e-05 0.001513391 0.002931957 7.68862e-06 1.6212647e-06 0.0039751027 3.1879401e-06 7.8880046e-05 1.651637e-06 3.787777e-06 0.0030240018 9.4379866e-05 1.4846308e-06 1.2926293e-06 0.0034283004 5.799971e-05 6.522749e-07 1.5439287e-05 1.4335001e-07 1.6864242e-06 4.9573407e-07 4.5211914e-06 0.0032240348 1.0396012e-06 1.1582271e-06 1.6835278e-05 4.643228e-06 1.5511e-05 3.332063e-05 3.0875854e-05 5.0801547e-05 0.0021474042 0.002910052 2.2831248e-06 3.2583994e-06 3.260499e-07 0.00025693723 4.513572e-07 3.6728517e-07
0.07226269 0.2996188 0.20379393 0.5801029 0.0089317495 0.8506391 0.9669321 4.441209e-19 0.6357846 0.635205 0.016481725 0.3046735 0.22399682 0.0040106014 0.0013699528 0.010469641 0.003028656 0.8965859 0.13409299 0.012519261 0.049430408 0.0027284902 0.026242536 0.0010838598 0.032710753 0.017122354 0.00023370405 0.060225137 0.00012940553 0.0005039857 0.010455956 0.0002462888 0.006776412 0.0044126255 2.0625814e-05 0.0043343008 1.1097003e-05 6.771276e-05 0.2884736 0.0050735073 3.0298765e-05 0.0001089123 2.937204e-06 0.12823617 0.025974337 0.005173485 0.0014912506 0.019529747 0.099460594 0.007943032 0.002000717 0.00011039345 0.0005076283 2.5465326e-05 1.6812239e-05 0.05160439 1.2982958e-05 0.005504287 0.00019757464 0.00021867224 0.0027432796 0.00019263041 9.74158e-06 0.020473514 0.0048845196 5.7811917e-06 4.5685846e-07 0.0033193405 2.2957363e-06 5.2311992e-05 1.4703384e-05 2.307115e-05 0.0011009991 0.000116039075 1.0339752e-06 1.283481e-05 0.0043135425 0.00019775578 6.2816065e-07 1.0675651e-05 9.940557e-08 5.825862e-06 5.1769786e-07 5.361173e-06 0.0070911557 1.1513232e-06 9.043923e-06 0.00015871905 7.732085e-06 4.567905e-05 1.6512393e-05 4.173827e-05 5.9390764e-05 0.0012703859 0.0019958043 1.0036002e-05 4.411087e-06 4.0679507e-07 0.0049799867 9.819037e-07 5.4456643e-07
0.37797463 0.053683262 0.017444236 0.35791495 0.00083941355 0.76911163 0.2017603 0.6357846 7.309917e-21 0.9874779 0.0040437477 0.6809967 0.0064318716 0.0055616857 7.332711e-05 0.019457491 0.00022174354 0.77976346 0.7311925 0.00052413065 0.10463576 0.0014195667 0.1964724 2.6235975e-05 0.2722972 0.30206588 3.38319e-05 0.20535837 0.00013357213 0.0005114348 0.09389149 0.00013729009 0.12958992 9.376004e-05 1.2006701e-05 0.10176741 7.98533e-06 4.78028e-05 0.05311709 0.028758554 0.00015080652 2.0396621e-05 1.556751e-06 0.007945457 0.07039353 0.0042678993 0.05137208 0.24882048 0.019953376 0.13680547 0.007891285 1.7012235e-05 1.8624855e-06 3.5310593e-05 5.995575e-05 0.0015831044 2.8563647e-06 4.8735546e-05 0.002818876 0.0004738028 0.0748434 0.00053085765 1.1347503e-05 0.024747863 0.065388165 1.5318905e-05 5.6612663e-07 0.0004661957 4.197548e-06 3.3775676e-05 0.00027780002 0.00045728986 1.8134402e-05 7.6838005e-05 8.054427e-07 0.002571213 0.025465585 1.32998675e-05 3.8764756e-07 4.725686e-06 5.9269986e-08 7.426445e-05 4.4721287e-06 2.630767e-06 0.0009566111 2.4970057e-06 0.0016695037 1.7058454e-05 1.5863649e-05 1.5479685e-05 4.080694e-06 5.611091e-05 2.2426506e-05 0.004376351 0.00013585907 2.2606248e-06 1.0726518e-06 1.7352838e-06 0.003256784 1.7467963e-05 3.759921e-06
0.1721651 0.04573663 0.012948139 0.28121325 0.00038860293 0.6654832 0.20089583 0.635205 0.9874779 6.179592e-20 0.00026026706 0.52059 0.0044368426 0.0023937754 8.814996e-06 0.009122273 4.007588e-05 0.8853363 0.63086134 0.00013998934 0.0534163 0.00083288114 0.13977319 7.724581e-06 0.218019 0.18440776 6.0510324e-06 0.1264881 2.816409e-05 0.00014244196 0.054067075 8.5999935e-05 0.065603286 1.2114403e-05 6.125756e-07 0.052873075 8.940471e-07 6.5957893e-06 0.071955375 0.018911665 1.2419631e-05 1.902764e-06 1.2182004e-07 0.0063002594 0.047311123 0.0031710996 0.011770962 0.14354849 0.02583111 0.0954134 0.0066744075 1.0018488e-06 4.128498e-07 4.631075e-06 8.016713e-06 0.00070053834 5.020806e-07 2.8014372e-05 0.0009908008 0.00018526394 0.04699022 0.00020588643 1.0307962e-06 0.032717854 0.045353323 4.2831158e-07 5.5485625e-08 0.0003476634 4.0549114e-08 2.028272e-05 0.00015512544 5.313249e-05 5.518209e-06 2.5047724e-05 6.170266e-08 0.00020378492 0.01726809 1.953696e-05 2.209677e-08 6.437197e-07 2.6008156e-09 1.17571335e-05 2.3371895e-08 3.7978702e-07 0.00066322635 4.6380666e-08 0.00013171215 5.6938648e-06 1.4984671e-06 1.0959345e-05 5.921244e-07 1.297209e-05 8.438992e-06 0.003607277 1.5474518e-05 8.8178166e-07 2.2765686e-07 7.50012e-08 0.002745947 1.1511991e-06 6.882405e-08
0.6889408 0.3767748 0.3153488 0.10172107 0.90970933 0.028532252 0.10371759 0.016481725 0.0040437477 0.00026026706 6.6354904e-16 0.0038548359 0.12119093 0.88122565 0.82546884 0.18163633 0.8890909 0.0003824934 0.00024186051 0.24199711 0.051669665 0.67819625 0.00025092208 0.7313676 1.7279808e-05 8.0762955e-05 0.7073213 0.0049563437 0.59416455 0.61993325 1.6526621e-05 0.23678714 0.00011213736 0.33411244 0.2269301 0.0001376027 0.40434548 0.5115414 0.00090370595 2.4384683e-05 0.07800752 0.10647457 0.075437486 0.0029136075 0.05601199 0.23987277 1.0939432e-05 0.002180057 4.1535954e-05 0.0012522831 2.6906828e-05 0.031269845 0.07056012 0.10834326 0.020069508 0.0010827772 0.11261722 0.003441999 0.00019479016 0.14126897 0.00070075446 7.0948654e-06 0.0059262756 0.0009325541 0.0020848864 0.0069654635 0.00095487066 0.2223368 0.00114957 0.09069158 5.4004186e-06 1.7631899e-05 0.0034653132 0.018771518 0.0019069078 2.1931892e-07 0.019202547 0.032592583 0.001521714 0.031980388 0.0005234071 1.9212807e-06 0.00033757402 0.0067797992 0.0006790308 0.0006471017 8.825275e-08 0.0069585317 0.0009733514 0.001609499 0.0010464101 0.0012982655 0.0012997292 0.0055266917 0.0030003975 0.0001555196 3.3973545e-05 4.9952187e-06 0.00023236175 0.00051864056 4.5931843e-05
0.3118522 0.18158242 0.027625797 0.5199516 0.005061346 0.43988886 0.10819884 0.3046735 0.6809967 0.52059 0.0038548359 4.1314917e-18 0.0121567445 0.03491812 0.0010227223 0.25564152 0.0064898515 0.14167488 0.41383567 0.002011186 0.40660203 0.030888645 0.984366 0.000681601 0.053129856 0.20327407 5.5237193e-05 0.5989887 0.0010712602 0.0061662165 0.009230067 0.0009991233 0.063878514 0.00012193505 1.525441e-05 0.14024204 1.0495956e-05 0.0004126985 0.010564291 0.0053467136 7.639354e-05 2.5730245e-05 5.539688e-07 0.0020414272 0.18587004 0.113873065 0.005121701 0.18527855 0.0037242058 0.066750884 0.009728703 4.940131e-06 1.9235213e-06 2.4141656e-05 6.720728e-05 0.0008856974 1.3061844e-05 2.9833775e-05 0.0022990052 0.0031969128 0.08107068 0.0004488584 1.7637014e-05 0.010790909 0.09294144 1.383425e-05 3.7998595e-07 0.017358625 3.0968815e-06 0.0008527479 0.00041897432 0.00044569923 0.00018235552 0.0004383364 3.281213e-06 0.00019919622 0.13344814 0.0006054681 5.8953646e-07 4.124382e-05 1.35056e-07 8.356786e-05 4.7384615e-06 9.412055e-07 0.0018068303 5.488508e-06 0.0011714086 0.00016807935 1.8962133e-06 2.3804188e-05 6.401827e-06 6.4568354e-05 6.619335e-05 0.06267723 0.00071018585 3.4806494e-06 8.008792e-07 7.0064146e-07 0.003408746 3.5583278e-06 7.8849655e-07
0.14063232 0.41544843 0.8225097 0.3408897 0.62325 0.26038042 0.4156557 0.22399682 0.0064318716 0.0044368426 0.12119093 0.0121567445 1.2948435e-20 0.06258472 0.27764985 0.115120396 0.54510355 0.0048837652 0.0012246607 0.975784 0.05288408 0.052121803 0.0031380956 0.19639485 0.0001106939 0.00094653084 0.014986345 0.010802471 0.0066789864 0.005167028 2.9547818e-05 0.0034255814 0.0009101065 0.17906363 0.0036405495 0.00019788653 0.00022204148 0.0011302155 0.06898863 1.6502807e-05 0.00064452266 0.005448472 0.00013670971 0.25088948 0.0056032115 0.00958816 0.00027344667 0.0011265588 0.002892732 0.0011177668 2.1624346e-05 0.0014450927 0.10288343 0.0001438752 9.1221635e-05 0.066129155 7.0394824e-05 0.11865748 2.1466096e-05 0.0012832944 0.0017202152 1.0207735e-05 5.4304797e-05 0.00066697533 0.0005108535 1.3828011e-05 2.9350997e-07 0.0011440082 4.34698e-06 0.00022164607 3.779654e-06 7.780104e-06 0.033381943 0.0005354421 3.9327456e-06 2.4017649e-05 0.0010561721 0.00011961322 4.317847e-06 0.00034330983 1.127288e-06 4.939778e-06 6.894539e-06 8.8224355e-05 0.007028314 4.38333e-06 1.9736173e-05 0.00014417629 0.0001020552 9.674157e-05 0.008775829 0.00031681583 0.0011380652 0.0003298689 0.022196254 1.535941e-05 1.7213342e-05 7.04525e-07 0.00044111966 1.8885698e-05 2.1294463e-06
0.39981413 0.30289117 0.1039506 0.10609168 0.6572539 0.021326842 0.020625649 0.0040106014 0.0055616857 0.0023937754 0.88122565 0.03491812 0.06258472 2.6531004e-19 0.12728429 0.96912605 0.30979496 0.00021580436 0.0011688318 0.07093904 0.25020927 0.9563671 0.007491911 0.11251936 7.2739815e-05 0.00044737433 0.061025035 0.022762425 0.24070132 0.3103306 1.657111e-05 0.07995012 0.0003059582 0.03125762 0.006014413 0.0007089709 0.019073583 0.089317515 0.00015047537 1.9597943e-05 0.01724665 0.003186076 0.0014491432 0.0009553037 0.07392686 0.28791204 1.1098263e-05 0.0057949782 0.00017329819 0.004240936 1.4103986e-05 0.00046132668 0.0013194638 0.0034980818 0.005040573 0.00030823733 0.009704957 0.0003508551 5.75278e-06 0.024588913 0.004821103 7.66202e-06 0.00086891477 9.76832e-05 0.0078172665 0.00034698236 0.00027435177 0.16786303 3.7771555e-05 0.018495148 1.0070618e-06 1.2279322e-06 0.00057346304 0.00977981 8.202931e-05 2.5409724e-07 0.042061258 0.021849502 3.3003995e-05 0.010773829 4.5321567e-06 2.988318e-07 2.1965176e-05 0.00027320712 0.00024592265 3.101222e-05 1.3368688e-07 0.0006821684 1.7445838e-05 4.7665733e-05 1.1816518e-05 0.00013080561 9.361691e-05 0.003012086 0.0007825198 3.4301152e-05 6.97722e-06 1.3667751e-06 0.0001230022 3.3995937e-05 3.4167113e-06
0.20007268 0.0434967 0.16801533 0.0054270444 0.46425638 0.00553105 0.0052220277 0.0013699528 7.332711e-05 8.814996e-06 0.82546884 0.0010227223 0.27764985 0.12728429 1.14026815e-23 0.08714761 0.9650291 8.6941545e-06 3.5617177e-05 0.33155942 0.011015726 0.14415033 0.00047389997 0.965325 1.3412676e-06 2.442488e-05 0.6101133 0.0030761347 0.19008689 0.17166272 3.2467008e-07 0.13292916 0.00014596456 0.5201088 0.12619707 0.00012061541 0.08297574 0.081298105 0.000116876814 4.0858825e-07 0.016924568 0.08383766 0.04749223 0.0022262852 0.0042523937 0.025699476 6.859203e-06 0.00041341488 2.2923594e-05 0.00066077424 3.429201e-06 0.017781787 0.1621889 0.007238738 0.011043153 0.0005621251 0.009276419 0.0032245207 2.7170474e-06 0.016211173 0.0011603317 1.8309663e-06 0.0026515878 5.6163102e-05 0.00082450797 0.0006588752 0.00053502765 0.010400918 0.0001568231 0.012478185 8.442119e-07 2.0989871e-06 0.0011380076 0.005002463 0.00024319738 2.59863e-06 0.0009409063 0.0042741983 0.00027080998 0.0024798717 0.0001508399 1.003303e-06 0.00014670884 0.0008940633 4.6327645e-05 0.00020026516 9.631034e-06 0.00096661295 0.0045538694 0.0012469601 0.006932957 0.0010563892 0.0011067392 0.0005878214 0.0007830992 0.00038376654 5.9951515e-05 1.9041281e-05 1.2136362e-05 0.0003357925 4.319134e-05
0.7383873 0.46126428 0.2038928 0.21379234 0.6169425 0.05895181 0.062222295 0.010469641 0.019457491 0.009122273 0.18163633 0.25564152 0.115120396 0.96912605 0.08714761 1.6379715e-21 0.1650904 0.0010346051 0.00637306 0.064924814 0.8447649 0.9217813 0.09601568 0.06713414 0.00025961708 0.0035934858 0.027614767 0.260968 0.099441424 0.14417557 9.064399e-05 0.08737678 0.004152366 0.01229645 0.00070811645 0.0034866 0.0046119145 0.0488305 0.00022139298 1.8251218e-05 0.011740036 0.00070845685 8.689632e-05 0.0014128304 0.4577119 0.75939584 0.0004707736 0.03470401 0.0001434156 0.024004724 5.0670227e-05 0.00034578555 0.0006248375 0.00067110284 0.0042307465 0.00052663963 0.0014621451 0.0006811707 7.892053e-05 0.03203806 0.04117494 4.0174575e-05 0.00040336078 9.3654686e-05 0.05017821 0.00017203651 4.125814e-05 0.38025114 2.4609355e-05 0.023977812 1.4775262e-06 6.091464e-06 0.0002670089 0.012132654 5.6845573e-05 8.400361e-06 0.2623816 0.015512005 3.0286716e-05 0.0031867994 3.1327684e-06 5.887168e-07 7.1416243e-06 4.686547e-05 0.00018128927 2.0794763e-05 0.0001094718 9.0138834e-05 1.2020827e-05 2.0667401e-05 2.8218372e-05 3.7454138e-05 3.8258e-05 0.06536556 0.00082911004 1.2385803e-05 8.559131e-07 2.24506e-07 5.0047773e-05 6.1441533e-06 1.6411973e-06
0.08619992 0.10701344 0.38539112 0.019087585 0.665597 0.011938264 0.009369605 0.003028656 0.00022174354 4.007588e-05 0.8890909 0.0064898515 0.54510355 0.30979496 0.9650291 0.1650904 8.016808e-20 0.00017443002 0.00016714855 0.7459207 0.02473577 0.28716138 0.0024172377 0.875934 3.505691e-06 0.00010692244 0.37174025 0.0076217405 0.13528766 0.15765633 1.44366e-06 0.070295304 0.0003204553 0.7757921 0.055252414 0.00025314878 0.010257298 0.02320646 0.00050188915 1.6566852e-06 0.0076724766 0.06877771 0.007525039 0.0060785203 0.005236755 0.032294895 4.516169e-05 0.0005022492 5.8971193e-05 0.0009739151 2.6651153e-06 0.024396298 0.3008685 0.0014707565 0.0053807455 0.0023169892 0.0017797241 0.012508902 5.0699205e-06 0.010503038 0.004202493 3.7442762e-06 0.0005107159 5.171985e-05 0.0011417363 6.22481e-05 6.072952e-05 0.012609217 1.0278037e-05 0.009099292 7.44726e-07 9.698691e-07 0.004557384 0.003936307 7.3687705e-05 3.2273404e-06 0.0036299708 0.0047425264 7.348672e-05 0.0015382374 1.1295656e-05 1.7208599e-07 9.8444325e-06 0.00014445692 0.00010893255 1.2475947e-05 2.542496e-06 0.00055715017 0.0002514117 0.00044641798 0.02586579 0.0015186478 0.00388237 0.005153163 0.0029707775 0.00010275484 2.4802464e-05 1.197141e-06 1.4977605e-05 3.230224e-05 4.234845e-06
0.095007755 0.011463591 0.0050284234 0.09144039 0.000167365 0.45779258 0.21556225 0.8965859 0.77976346 0.8853363 0.0003824934 0.14167488 0.0048837652 0.00021580436 8.6941545e-06 0.0010346051 0.00017443002 1.7077702e-19 0.7238037 0.00038111428 0.0048949555 9.999188e-05 0.02759047 1.1145675e-05 0.8531376 0.28482118 3.0254874e-05 0.021188138 1.4514778e-06 1.4918174e-05 0.7437483 4.0950517e-06 0.07584933 0.00011034661 2.3767634e-06 0.03222648 5.291283e-07 1.0951268e-05 0.4677365 0.6730494 3.1049728e-06 1.2735366e-05 1.4844893e-06 0.011176682 0.0044134036 0.00062178366 0.03714772 0.045802876 0.32292968 0.02924756 0.4807772 9.3458975e-06 5.156046e-06 5.921241e-06 2.2635327e-06 0.0051330086 1.1688896e-06 7.817974e-05 0.09391593 2.0991902e-05 0.0063996087 0.0040571396 4.297684e-06 0.5854193 0.0054488312 7.3137835e-07 1.9889873e-08 0.0004258215 8.9229026e-08 4.9953765e-06 0.01581523 0.0017716388 0.000112311594 7.848673e-06 1.7344212e-07 8.9650515e-05 0.0046451436 5.8663132e-05 6.698438e-08 3.445332e-06 1.8248352e-08 0.00015979494 4.659732e-07 1.2730958e-05 0.0064249714 2.8778467e-07 0.00016267227 8.856644e-05 1.5782757e-06 3.5945104e-05 3.4977097e-06 4.3920238e-05 3.3980545e-05 0.001397549 0.0002909884 2.245693e-06 1.5831239e-06 1.0020891e-07 0.06114386 3.9018805e-06 1.1296287e-06
0.22111961 0.0027588627 0.0015766008 0.010361406 6.097221e-05 0.074439585 0.011663554 0.13409299 0.7311925 0.63086134 0.00024186051 0.41383567 0.0012246607 0.0011688318 3.5617177e-05 0.00637306 0.00016714855 0.7238037 4.521032e-21 0.00011488588 0.013722745 0.00063649757 0.12419836 1.0856775e-05 0.8909008 0.9771062 8.844157e-06 0.04238556 7.131239e-06 0.00023044557 0.34131166 3.863123e-05 0.5152015 3.0901992e-06 5.3004064e-06 0.44927436 5.6695353e-06 1.1107411e-05 0.0028142477 0.15974483 8.197453e-06 1.6113634e-05 1.331897e-07 0.00018309733 0.01623791 0.002856857 0.18170662 0.16450723 0.0066944184 0.18049176 0.09071976 1.4784523e-06 2.2936034e-07 7.2698654e-06 7.9315105e-06 2.7476746e-05 7.215606e-07 3.0273675e-06 0.036986936 0.00029529186 0.18566254 0.019992098 8.0967243e-07 0.054480802 0.07595079 3.5827593e-06 9.113185e-08 0.0003702859 9.4986837e-07 5.423725e-05 0.009956872 0.006091066 2.4038973e-06 1.5574453e-05 3.9597992e-07 0.002904016 0.041441534 1.9584902e-05 9.739237e-08 3.2034725e-07 1.3419302e-08 0.0021445574 3.2432888e-06 1.3472462e-07 0.0003316685 2.9553948e-06 0.007348966 3.7990914e-05 8.540011e-07 6.0397783e-06 2.8387649e-06 4.992638e-06 6.4582055e-06 0.013267596 3.72447e-05 1.0190154e-06 2.1178143e-07 4.129758e-07 0.0041149277 5.926054e-06 3.5145067e-07
0.011325936 0.14133783 0.34988585 0.048658084 0.4489988 0.035528835 0.029107232 0.012519261 0.00052413065 0.00013998934 0.24199711 0.002011186 0.975784 0.07093904 0.33155942 0.064924814 0.7459207 0.00038111428 0.00011488588 7.757718e-20 0.007340848 0.06255425 0.00036648382 0.20984349 5.0945764e-06 0.00011904399 0.038459506 0.0018269401 0.008692779 0.013378638 1.6625065e-06 0.004776328 0.00013774201 0.5122643 0.005638158 7.1384486e-05 0.0008403122 0.0018217493 0.0046585193 1.1401855e-06 0.00040114505 0.012514205 0.0010392728 0.09142294 0.00082785625 0.003553033 2.1257505e-05 8.462771e-05 0.0002674156 0.00032242146 5.407309e-06 0.006498262 0.306175 0.00024565894 0.00012466902 0.042117577 0.00010944518 0.0882074 2.9949356e-06 0.0008595537 0.0009251447 5.246274e-06 0.00012590387 0.00017718872 6.2649575e-05 2.7178447e-05 8.5597594e-07 0.0012075515 6.0712864e-06 0.0002595824 1.5876643e-06 1.8975248e-06 0.029460324 0.00042365908 7.058456e-06 2.4434817e-06 0.00067615585 0.0005577294 7.1598183e-06 0.0005428302 1.4840491e-06 1.1512672e-06 9.327358e-06 0.000102258426 0.0027453748 6.401076e-06 6.846035e-06 0.00028365868 0.00016030048 0.00010556575 0.04409173 0.00064997113 0.0051886784 0.00043037054 0.020615513 1.7387769e-05 1.0595461e-05 5.3622034e-07 7.8888464e-05 1.9503785e-05 2.9047071e-06
0.8186937 0.67996603 0.14517403 0.7460757 0.14573672 0.32965 0.13278171 0.049430408 0.10463576 0.0534163 0.051669665 0.40660203 0.05288408 0.25020927 0.011015726 0.8447649 0.02473577 0.0048949555 0.013722745 0.007340848 2.3544482e-18 0.26683512 0.5351309 0.0062606363 0.0019072215 0.0050492496 0.0028161097 0.9023299 0.037212405 0.07702974 0.0002837934 0.033391416 0.006129254 0.000967336 0.00014453035 0.010827276 0.000302441 0.016041214 0.00020444403 5.044348e-05 0.0041128662 8.02025e-05 4.4954204e-06 0.00035993505 0.7759896 0.7423544 0.00042064546 0.10450411 5.056152e-05 0.028217198 0.00012277953 6.5477375e-06 3.1688196e-06 0.00013405835 0.0015085246 0.0001310246 0.00013796709 8.252734e-05 6.897541e-05 0.02090881 0.04609573 3.684025e-05 3.792449e-05 0.00035392365 0.069080606 8.502792e-05 3.8504795e-06 0.16044056 2.4320236e-05 0.011677939 2.0197114e-05 6.8689864e-05 0.00039692476 0.004397611 1.0151011e-05 8.791296e-06 0.25401533 0.0040031844 1.1895603e-06 0.00018299173 1.2539991e-07 1.7143373e-05 6.406743e-06 1.2494004e-06 0.0004957145 4.8366264e-06 5.057001e-05 0.000107037624 4.2709242e-05 0.00013760244 2.6447144e-05 0.00010738597 0.000106124164 0.13292466 0.0021710133 3.8853883e-05 1.9119498e-06 4.2597317e-06 0.00024960344 0.00014353203 1.2003083e-05
0.65634125 0.16442497 0.09193568 0.042855278 0.47285423 0.010321006 0.017807528 0.0027284902 0.0014195667 0.00083288114 0.67819625 0.030888645 0.052121803 0.9563671 0.14415033 0.9217813 0.28716138 9.999188e-05 0.00063649757 0.06255425 0.26683512 9.412477e-20 0.008765115 0.115015544 2.4525945e-05 0.0002674587 0.09770435 0.036566444 0.27922183 0.72893006 1.4726005e-05 0.17009814 0.00049224915 0.03280751 0.0051327934 0.00064658717 0.038125027 0.10774659 5.9061582e-05 1.0207198e-05 0.035999004 0.0029250085 0.0015392749 0.0005929385 0.1627676 0.72430784 1.7618606e-05 0.011609443 5.2646057e-05 0.00731074 5.232916e-05 0.0007657466 0.0012212441 0.003382277 0.00797003 0.0011097518 0.008390938 0.0012283054 1.7255585e-05 0.07023838 0.009811633 1.3798911e-05 0.0014740598 0.00027247833 0.013521266 0.0012572623 0.00039480458 0.57029265 0.00022561128 0.03653638 2.3212286e-05 2.6980383e-06 0.00093327207 0.015381875 0.00027167005 3.970355e-06 0.05983243 0.021584293 7.3940144e-05 0.0057542315 2.3458015e-05 1.3082594e-06 0.00017239424 0.00017721609 0.00067721703 0.0003456286 4.020176e-06 0.0008412696 0.00018078067 0.0002864571 0.00021938265 0.00037601698 0.00039230872 0.017665608 0.0033269685 0.00018335559 1.3847702e-05 8.379351e-06 0.000767071 7.5502954e-05 2.3223845e-05
0.71529 0.018896278 0.0035097273 0.11113869 0.0007374581 0.048786152 0.010844984 0.026242536 0.1964724 0.13977319 0.00025092208 0.984366 0.0031380956 0.007491911 0.00047389997 0.09601568 0.0024172377 0.02759047 0.12419836 0.00036648382 0.5351309 0.008765115 3.483934e-21 0.00018782874 0.024042813 0.083867945 5.2748155e-06 0.8499203 0.00073430844 0.003283148 0.0028086975 0.00075417786 0.060537804 1.771317e-05 8.6544674e-07 0.19603662 4.1878096e-07 0.00010659714 0.00036811066 0.0008878209 0.00028341368 4.6135133e-06 8.804291e-08 7.597186e-05 0.5921628 0.097222246 0.0059990725 0.7659717 0.0003226568 0.42842022 0.00160672 9.431265e-07 9.465175e-08 2.7360838e-06 8.525043e-06 9.601115e-05 5.3857143e-06 3.6011272e-06 0.0006683762 0.006129359 0.32027298 0.00014741624 9.05373e-07 0.003156472 0.5004318 8.217227e-07 8.757126e-09 0.012102111 1.6733603e-07 0.0013057959 6.4001084e-05 5.99374e-05 1.1263686e-05 0.00074164395 4.0734827e-07 8.1223705e-05 0.46570554 0.00018490475 7.9768036e-08 9.230877e-06 1.789021e-08 7.553453e-06 3.3837088e-07 3.8727894e-08 0.00015066017 1.7347604e-07 0.0005619944 1.817845e-05 5.887114e-08 1.1807776e-05 2.379013e-06 1.0006195e-05 3.3291171e-06 0.18127744 5.199595e-05 1.692237e-06 1.407007e-08 6.9850925e-09 0.0007523511 2.8806807e-07 1.3753426e-07
0.26959872 0.020665776 0.122518584 0.0065710656 0.26210934 0.005605705 0.0055023343 0.0010838598 2.6235975e-05 7.724581e-06 0.7313676 0.000681601 0.19639485 0.11251936 0.965325 0.06713414 0.875934 1.1145675e-05 1.0856775e-05 0.20984349 0.0062606363 0.115015544 0.00018782874 8.885146e-20 3.517417e-07 1.2435974e-05 0.8374698 0.00097225583 0.33633515 0.16632958 1.5655507e-07 0.16724275 6.882521e-05 0.7839954 0.6462744 1.5926496e-05 0.24729228 0.23131512 0.00029782252 3.751412e-07 0.06696399 0.5326718 0.23997 0.0054711457 0.00053137605 0.025522582 4.189869e-06 5.2145428e-05 8.1164464e-05 0.00032808125 2.1677424e-06 0.29968128 0.29975092 0.021595756 0.024678502 0.00081072596 0.039942067 0.0035393822 1.4872355e-06 0.0325772 0.0006982602 2.2532872e-06 0.0074354024 7.050185e-05 0.0002560417 0.0011516308 0.0028041808 0.015934337 0.00023382377 0.021858495 1.3193593e-06 1.4149381e-06 0.0015572013 0.009070449 0.0007699491 2.9373637e-06 0.00023095401 0.005323076 0.00064378366 0.0049323076 0.00025536818 3.2705486e-07 0.00025333447 0.001119967 0.000112959315 0.00033292887 3.1823633e-06 0.0064796777 0.025342131 0.011101296 0.01883385 0.0060905404 0.0068787606 0.0012752534 0.0007179059 0.003931867 0.00014398487 2.8681041e-05 1.675783e-05 0.0004665337 4.8575548e-05
0.061047766 0.00022809401 0.0002162007 0.0015741399 4.081145e-06 0.021888014 0.0017133992 0.032710753 0.2722972 0.218019 1.7279808e-05 0.053129856 0.0001106939 7.2739815e-05 1.3412676e-06 0.00025961708 3.505691e-06 0.8531376 0.8909008 5.0945764e-06 0.0019072215 2.4525945e-05 0.024042813 3.517417e-07 1.4350672e-19 0.6837186 3.8455405e-06 0.011820594 1.5587893e-06 8.141032e-06 0.9647845 3.343087e-06 0.3474439 1.432077e-06 8.709029e-07 0.13476656 2.99751e-06 7.475734e-06 0.0011267173 0.35134715 6.221917e-06 1.5809662e-06 9.435237e-08 6.651723e-05 0.0027763206 8.208238e-05 0.5342588 0.06649437 0.0024805695 0.102892235 0.1489971 1.5343834e-07 9.792025e-08 3.8765256e-06 2.3942863e-07 4.234494e-06 3.0001354e-06 8.5075123e-07 0.17224105 3.3699842e-05 0.070762664 0.066453144 1.7968166e-06 0.061357766 0.017198667 4.3719763e-07 6.225341e-08 3.605686e-05 2.5205782e-07 1.3189541e-06 0.011738134 0.014868698 6.596834e-06 4.5234856e-06 1.1153171e-07 0.021221638 0.0032589652 5.542666e-06 5.621671e-08 8.9116213e-07 9.068323e-09 0.004254345 3.8373358e-07 1.3694968e-06 0.00012075169 4.4129993e-07 0.010262172 3.3803758e-06 7.992598e-06 2.0289763e-05 1.8603408e-06 2.373958e-05 6.0168113e-06 0.0029574307 5.6433862e-05 8.7264635e-07 8.3449754e-07 1.2118758e-07 0.0035457066 1.091262e-05 3.1409724e-07
0.10897912 0.00046167703 0.0007524006 0.0016518569 2.7085915e-05 0.006727876 0.0035681662 0.017122354 0.30206588 0.18440776 8.0762955e-05 0.20327407 0.00094653084 0.00044737433 2.442488e-05 0.0035934858 0.00010692244 0.28482118 0.9771062 0.00011904399 0.0050492496 0.0002674587 0.083867945 1.2435974e-05 0.6837186 8.1376255e-19 1.9376585e-05 0.018153852 1.1243274e-05 0.000104042454 0.32196158 2.9253139e-05 0.95917636 1.821703e-05 1.3376316e-05 0.658194 1.268903e-05 7.559031e-06 0.0002982972 0.1315727 1.09896855e-05 8.325329e-06 9.819786e-07 4.3949814e-05 0.006443161 0.00090964325 0.5322997 0.12304906 0.0013237332 0.14423442 0.07310198 2.534276e-07 1.0263251e-06 2.3416642e-05 2.9253624e-06 1.5451675e-05 8.3050713e-07 1.1988216e-06 0.07713936 0.00014357777 0.17998452 0.06616657 4.4992655e-07 0.029751545 0.07090203 1.0270159e-05 2.6707076e-08 0.00024879992 1.3881636e-06 2.647604e-05 0.014533494 0.012115415 1.0475177e-05 1.6694981e-05 2.486667e-07 0.0056494204 0.025108404 1.5934032e-05 7.509095e-08 1.9947116e-07 1.1316923e-08 0.0042494363 4.2709667e-06 3.6624826e-08 0.0002527035 2.8389788e-06 0.015514099 2.532894e-05 6.084136e-06 6.729672e-06 3.7578272e-06 1.1165729e-05 7.4368727e-06 0.015247554 9.139518e-05 1.2556463e-06 9.990128e-08 3.800914e-07 0.0012798606 6.5715976e-06 8.132887e-07
0.7142483 0.017589128 0.024230273 0.0018301174 0.16525376 0.0012658639 0.005025317 0.00023370405 3.38319e-05 6.0510324e-06 0.7073213 5.5237193e-05 0.014986345 0.061025035 0.6101133 0.027614767 0.37174025 3.0254874e-05 8.844157e-06 0.038459506 0.0028161097 0.09770435 5.2748155e-06 0.8374698 3.8455405e-06 1.9376585e-05 3.1281473e-17 0.00031089614 0.30034128 0.15340415 2.2312831e-06 0.22910099 8.9050125e-05 0.35812324 0.88131255 2.0092488e-05 0.9421903 0.44702226 1.9929968e-05 1.4489192e-06 0.14978307 0.4927424 0.7306118 0.00039106148 0.002348527 0.060172293 3.7115457e-05 0.00024252015 4.2033084e-06 0.00026195537 9.657771e-06 0.26407695 0.023930307 0.56090194 0.08047559 7.515189e-05 0.34009403 0.0012737219 1.5282103e-05 0.16632211 0.00048291858 1.8221417e-06 0.1511641 0.00035579206 0.00042645546 0.13551922 0.08804371 0.06845985 0.08222907 0.12982485 1.01007e-05 1.1883351e-05 0.0005072794 0.04240319 0.051868085 1.7917078e-05 0.0041008852 0.061715383 0.02899425 0.066332065 0.025106559 9.240804e-06 0.0070571373 0.034389485 6.6621215e-05 0.011238686 6.702537e-05 0.027272366 0.11624797 0.025781153 0.0034415296 0.006797004 0.0057346057 0.0035287521 0.0002906276 0.041712936 0.002196721 0.0010446481 0.00018091382 0.022942808 0.0014096334
0.93235576 0.15762773 0.030544044 0.29109913 0.00978511 0.17064938 0.06423537 0.060225137 0.20535837 0.1264881 0.0049563437 0.5989887 0.010802471 0.022762425 0.0030761347 0.260968 0.0076217405 0.021188138 0.04238556 0.0018269401 0.9023299 0.036566444 0.8499203 0.00097225583 0.011820594 0.018153852 0.00031089614 1.2005945e-20 0.004576223 0.010241468 0.0010047848 0.0032336116 0.013921703 0.00015151895 1.0060639e-05 0.019455362 4.1943847e-05 0.0027840761 0.0005258995 0.0005193268 0.0011316176 1.7241568e-05 1.7408067e-06 0.00018749658 0.89423335 0.3348892 0.0027028196 0.52747476 0.00053380115 0.08518321 0.00068365847 2.2778988e-06 8.853671e-07 2.8837401e-05 2.0073507e-05 0.0003126104 3.6489924e-05 5.4495034e-05 0.00025590576 0.009600136 0.07728447 4.930574e-05 7.978866e-06 0.0012146883 0.26232785 7.42994e-06 2.9176573e-07 0.036561564 3.4670963e-06 0.0011752751 8.71733e-05 1.3590356e-05 0.0002740832 0.0007134245 9.683997e-07 3.0956962e-05 0.51147914 0.00018959044 4.3157286e-07 4.7206945e-06 8.61722e-08 6.6909743e-06 1.2943502e-06 4.5930374e-08 0.0005435656 1.2084085e-06 9.3657894e-05 3.597669e-05 3.519754e-06 4.539837e-05 3.4630666e-05 2.1973721e-05 2.9501838e-05 0.29038912 0.0007673849 5.9510357e-06 6.581482e-08 1.5638436e-07 0.0023081994 5.0082026e-06 3.3577276e-06
0.48698816 0.073317565 0.051235713 0.013527327 0.22743192 0.0032667522 0.0033858044 0.00012940553 0.00013357213 2.816409e-05 0.59416455 0.0010712602 0.0066789864 0.24070132 0.19008689 0.099441424 0.13528766 1.4514778e-06 7.131239e-06 0.008692779 0.037212405 0.27922183 0.00073430844 0.33633515 1.5587893e-06 1.1243274e-05 0.30034128 0.004576223 2.2304631e-20 0.8304411 1.2800687e-06 0.9569386 7.0296433e-06 0.07870212 0.06730281 1.6357199e-05 0.1275207 0.63461876 1.8592502e-06 3.9907687e-07 0.7113689 0.021475967 0.01807406 5.005171e-06 0.03663747 0.2870293 1.7244659e-07 0.0013281794 4.410317e-06 0.00082002836 2.2071782e-07 0.006899318 0.0005739442 0.021044739 0.22255945 2.4071169e-05 0.112023495 1.949471e-05 3.4412122e-07 0.47258124 0.00046986062 4.1185177e-07 0.023950787 2.6430212e-06 0.0036135039 0.0034321423 0.009322807 0.437679 0.0006643782 0.22348778 9.034817e-08 7.512118e-08 4.444558e-05 0.08910408 0.006340134 3.1347238e-09 0.013660032 0.115196474 0.0035731648 0.07282803 0.0014269961 2.6627067e-08 7.9714475e-05 0.0055324365 5.9233366e-06 0.0002854832 7.812323e-11 0.00046457947 0.0007276191 8.27458e-05 7.3910983e-06 8.69008e-05 4.809147e-05 0.0017593403 0.00026533936 0.00019299948 0.00023087827 3.625841e-05 5.898573e-06 0.00010248404 1.6462456e-05
0.8982817 0.053140055 0.029850785 0.010686908 0.19259045 0.0032143334 0.0034626522 0.0005039857 0.0005114348 0.00014244196 0.61993325 0.0061662165 0.005167028 0.3103306 0.17166272 0.14417557 0.15765633 1.4918174e-05 0.00023044557 0.013378638 0.07702974 0.72893006 0.003283148 0.16632958 8.141032e-06 0.000104042454 0.15340415 0.010241468 0.8304411 2.8000967e-18 1.1988153e-05 0.9675666 0.00014483431 0.030842356 0.0045280503 0.00014550883 0.025395043 0.093228735 1.3423547e-05 7.020385e-06 0.052119292 0.002226936 0.001381669 1.9426727e-05 0.037675973 0.64403373 4.720927e-05 0.005821736 2.9956713e-05 0.004886842 2.220939e-05 0.0009818049 0.00031952513 0.0023776793 0.01335247 6.256419e-05 0.0049140393 6.6212226e-05 2.7940678e-05 0.24412182 0.00872028 6.1037217e-06 0.0012193064 7.811416e-05 0.009422384 0.000927748 0.0013940934 0.7109418 0.00067837536 0.05148561 1.3853355e-05 2.6984499e-06 0.0002432556 0.01651849 0.00087611907 2.0965565e-06 0.03449878 0.027880335 0.00081424415 0.0074868617 0.00018884211 2.9958294e-06 0.00015493501 0.00056993193 0.00012758811 0.00044679284 3.4899795e-06 0.0003262529 0.0010861239 0.00045433023 7.054953e-05 0.00018465046 0.000236279 0.045940775 0.00092267006 0.0005574074 0.00012638097 8.47171e-05 0.00023756962 0.00036499114 0.00013228972
0.014768489 6.638142e-05 8.366179e-05 0.00022999436 3.1940233e-06 0.002465197 0.0012690738 0.010455956 0.09389149 0.054067075 1.6526621e-05 0.009230067 2.9547818e-05 1.657111e-05 3.2467008e-07 9.064399e-05 1.44366e-06 0.7437483 0.34131166 1.6625065e-06 0.0002837934 1.4726005e-05 0.0028086975 1.5655507e-07 0.9647845 0.32196158 2.2312831e-06 0.0010047848 1.2800687e-06 1.1988153e-05 2.0973985e-19 8.559025e-07 0.22887388 4.4128268e-07 3.496737e-07 0.035094395 1.8752661e-06 2.6816156e-06 0.00034567804 0.9328146 7.5727365e-07 1.1939998e-06 6.244928e-08 4.9288396e-05 0.0005242724 4.9752056e-05 0.42188466 0.009336349 0.0017719945 0.018299595 0.5229841 9.247079e-08 3.3478887e-08 2.6274474e-06 3.081763e-07 3.1481175e-06 1.8919578e-06 3.10155e-07 0.7723722 8.346938e-06 0.0075167376 0.39449862 1.3249551e-06 0.16055004 0.0023882936 1.497302e-07 1.25384e-07 1.8464527e-05 3.292472e-08 4.009249e-06 0.11834241 0.18391915 3.1517761e-06 1.432323e-06 9.7149886e-08 0.015057975 0.00095268217 6.9873017e-06 4.271557e-08 2.8486158e-07 1.4761909e-08 0.06623693 6.2658535e-07 5.320682e-07 7.1594404e-05 5.082447e-07 0.0038915887 1.596172e-06 6.2060144e-07 1.367436e-06 1.3268518e-06 1.1657181e-06 9.915415e-07 0.0003121918 9.609818e-05 3.3428414e-08 8.123461e-07 1.17304886e-07 0.0040029474 1.30128e-06 4.9984135e-07
