3.1398332e-21 0.8805065 0.9751697 0.9940639 0.8070076 0.9845065 0.97535264 0.87665606 0.91005623 0.97733617 0.90269136 0.8856452 0.9827276 0.80269545 0.72522056 0.8536113 0.9533294 0.8712566 0.98766637 0.86735296 0.92421234 0.915064 0.84868175 0.86079216 0.9536081 0.8413799 0.9241504 0.97072154 0.983575 0.905902 0.8457507 0.87512964 0.98911977 0.9718869 0.9965662 0.9454328 0.9570547 0.9469607 0.98670673 0.9064152 0.93611234 0.9983247 0.9616288 0.90841484 0.94958854 0.9949313 0.9615209 0.9736443 0.9987785 0.98491466 0.7996715 0.69766235 0.986058 0.54827106 0.48436502 0.5101122 0.9969637 0.3633785 0.13508187 0.81152457 0.9110597 0.15593018 0.95469224 0.17508723 0.11266707 0.7131277 0.09789688 0.91278124 0.07787527 0.7347205 0.029031748 0.016491702 0.019512368 0.01886477 0.012217858 0.9362403 0.89003825 0.124403596 0.3050912 0.01698713 0.0013865018 0.7333857 0.39554858 0.36484662 0.0051593687 0.0012721844 0.00017249143 0.008124629 0.056157246 0.044648506 0.57213306 0.15524198 0.009951015 0.019307 0.0029881983 0.085932165 0.0009286868 0.004406666 0.0004126249 0.23525569 0.0145400725
0.8805065 8.164164e-15 0.7762387 0.99193 0.3903006 0.17010956 0.059403725 0.90176696 0.024858542 0.018025517 0.095596105 0.6595089 0.006618187 0.17365536 0.19172437 0.020471325 0.047300607 0.0023013644 0.0019150304 0.007219995 0.00028309115 0.00025969459 0.08702194 0.002114024 0.0021460224 0.0008952621 0.0013489034 0.014077361 0.054398045 9.253304e-05 0.0008233651 4.3459495e-05 0.0005201341 0.00015609912 0.119978994 3.6492325e-05 0.18491693 0.00013484077 0.010022832 1.5597983e-05 3.905125e-05 0.0070847343 1.7876833e-05 5.1041325e-06 2.9467676e-05 4.3802607e-05 2.9243376e-05 0.000801546 0.008428014 3.7325775e-05 0.00630297 1.1723331e-05 1.4584038e-05 0.00013607391 0.00015641935 0.014603593 5.274609e-06 0.0006334891 0.00073855603 5.2676264e-06 4.3683507e-05 0.00019280484 1.6001983e-05 0.00065242144 4.8735496e-05 4.658001e-06 7.654556e-06 5.2913356e-06 1.9878717e-05 1.06897105e-05 9.083705e-05 0.0015287214 4.4282817e-05 6.270447e-06 0.0026759917 2.7742005e-06 3.4175455e-06 0.09587668 1.4897452e-06 3.4228035e-06 0.014128677 8.882184e-06 5.46806e-06 2.1647902e-06 0.0061332854 0.0003179724 0.0012627754 4.3826867e-06 4.392072e-06 5.0076127e-05 2.953876e-08 2.2583602e-06 3.7655816e-05 0.000113590955 2.0648331e-05 1.4526452e-06 0.00010365808 0.00016482023 6.873095e-05 4.253894e-06 2.0063707e-07
0.9751697 0.7762387 2.8309453e-16 0.17076576 0.98753107 0.4788289 0.58178926 0.0066404096 0.020513741 0.016875982 0.54098386 0.0634037 0.00053986633 0.2197774 0.083036035 0.21796964 0.46797004 7.7074255e-05 9.381586e-05 0.14422083 1.7958922e-05 1.6985032e-05 0.0005631994 0.00065606146 0.02058864 3.0035724e-05 0.00019437709 0.16596748 0.4642103 1.5947082e-06 0.00095565186 1.6403991e-06 0.00022539344 5.483412e-06 0.25330868 2.269081e-06 0.10043957 2.0710502e-06 0.06602084 7.5307497e-07 5.424237e-05 0.036945667 1.4241436e-06 1.0710971e-06 5.708749e-07 6.2512986e-06 2.8156205e-06 0.0008891372 0.012722117 1.9325795e-07 0.02759353 1.2411993e-05 9.555105e-07 0.0012282667 0.00024991168 0.008344272 2.5649626e-06 0.0016119529 0.0017797827 2.1542412e-08 1.2952405e-06 0.0004270114 2.3247043e-05 0.0048924075 3.5009602e-06 9.2074055e-09 4.051452e-06 2.3789173e-08 4.982107e-06 1.29847955e-08 5.01792e-05 0.0031254366 0.0001227862 2.707864e-06 0.0015009308 3.2427256e-08 1.8359889e-07 0.0002929601 1.1498976e-08 6.3593325e-05 0.00081849546 3.1338228e-08 1.0287248e-08 3.1657596e-08 0.0067324326 0.0008488597 0.0001948524 4.3433639e-07 2.451356e-10 5.8465275e-08 1.7657838e-10 2.0766369e-10 3.3743183e-07 1.0950909e-06 1.1098305e-05 2.8480032e-10 4.1155099e-07 1.3489051e-06 2.4041254e-05 4.943062e-10 6.9070416e-10
0.9940639 0.99193 0.17076576 1.4114215e-14 0.03409156 0.074545406 0.022423761 0.31307727 0.007330403 0.01185765 0.018235423 0.09265968 0.002827803 0.013814944 0.014557644 0.005562892 0.045903668 0.0014378391 0.0014906827 0.002070293 0.00027955568 0.00018909153 0.051671613 0.0005164067 0.00084106746 0.00063606334 0.00080755097 0.035977703 0.27995208 0.00014938712 0.00015718515 5.2162788e-05 0.00048574022 0.00013031454 0.7221806 4.2111184e-05 0.040372685 0.0002412565 0.049316376 3.2788994e-05 3.8022197e-05 0.024680326 2.6290427e-05 2.1403237e-05 1.3012731e-05 2.7754882e-05 8.577607e-05 0.00057071896 0.035745606 1.2641128e-05 0.000662087 1.5898831e-05 7.727418e-06 7.312417e-05 0.000102335995 0.002501921 4.699619e-06 0.00023149978 0.00017781097 4.5698243e-06 1.900614e-05 0.00016823136 1.9454184e-05 0.0001318988 2.379225e-05 1.6432308e-05 1.1872885e-05 7.2163048e-06 2.0977533e-05 3.8131986e-06 2.2975311e-05 0.00018837785 2.5122987e-05 3.5839146e-06 0.00048819953 3.4136303e-06 1.745494e-05 0.042533703 5.0404933e-06 1.6277096e-06 0.0010750729 4.366795e-06 2.743655e-07 1.1590762e-07 0.0009173242 0.000106758394 0.00027529636 6.4647526e-07 3.7504677e-07 3.2897606e-06 2.0183788e-07 2.8519108e-07 6.9212297e-07 2.291447e-06 2.5190943e-06 5.701018e-07 6.326664e-06 2.0638515e-06 1.346107e-05 3.267313e-07 3.0211075e-07
0.8070076 0.3903006 0.98753107 0.03409156 8.706156e-18 0.020262629 0.1497373 0.63429993 0.0017464684 0.0021398903 0.77554184 0.87205106 0.00014989403 0.85662156 0.7441125 0.3296672 0.035341382 1.17203135e-05 2.6162568e-05 0.3666932 7.6520155e-06 4.920017e-06 0.015440393 4.5752255e-05 0.014001272 2.898878e-05 8.066112e-05 0.008078384 0.043091144 8.1659954e-07 0.00011050532 7.3298224e-07 4.738342e-05 1.050286e-06 0.0212325 2.1985754e-07 0.7109086 1.4213676e-06 0.007605708 1.9163227e-07 1.1734444e-06 0.0055681365 1.1201778e-07 3.8272173e-08 1.0716376e-06 6.4752085e-06 1.0864163e-06 0.00064887153 0.0030450628 4.0988436e-07 0.18700498 1.4558627e-06 8.7687414e-07 0.00041175145 0.00012716767 0.09564668 1.275825e-06 0.009579476 0.012306363 1.8036725e-07 1.5051442e-06 0.0011004243 1.7172235e-07 0.031603564 1.116252e-06 7.13661e-09 1.3298294e-05 3.6673757e-08 6.598649e-07 2.1220405e-08 0.00013299708 0.016292473 0.00017920745 1.0395873e-06 0.0061569703 4.459262e-08 4.180214e-08 0.009185227 3.8190557e-09 0.00030572372 0.00439901 8.034412e-07 8.877712e-08 2.5249555e-08 0.013498331 0.0016883089 0.000497039 4.2391383e-07 6.3642186e-10 2.8308273e-08 5.6207217e-10 5.4989235e-10 3.3791233e-07 6.3822074e-07 8.981932e-06 6.04008e-09 3.8488074e-07 1.1183745e-06 6.7926867e-06 1.0241008e-08 3.4006554e-08
0.9845065 0.17010956 0.4788289 0.074545406 0.020262629 3.948575e-17 0.689733 8.094821e-06 0.9636385 0.9260702 0.08810137 0.00018517191 0.27358353 0.004140667 0.0011741632 0.051449183 0.7950397 0.106448196 0.027939184 0.0174507 0.010994001 0.008573715 3.6823877e-07 0.05663785 0.03218992 0.024522359 0.026387595 0.24981855 0.2515581 0.006481764 0.015643256 0.0046675066 0.029749878 0.003500009 0.11914463 0.0014448528 0.0017442139 0.0038255414 0.11983917 0.0006744099 0.0053104707 0.04174877 0.0021914835 0.0001313648 8.901617e-05 0.00020058245 0.00016152815 0.0037442038 0.012263951 2.0989823e-05 0.00041667177 0.0004272833 3.2029446e-05 0.0011364026 0.0018376086 4.1421084e-05 1.8692874e-05 0.0007952943 0.00031098834 6.493159e-06 4.3187058e-05 0.00061813305 0.0011815291 0.00036894344 4.2922264e-05 2.0430016e-06 4.960528e-05 9.2207273e-07 8.90948e-05 2.372652e-05 0.00031677415 4.13799e-05 0.00014590014 1.5916614e-05 4.0664477e-06 2.7379997e-06 8.056338e-06 8.869148e-08 9.70614e-07 0.00017968763 2.3961575e-05 5.424899e-07 1.7244025e-06 1.3556383e-06 0.0023403673 0.0002829006 4.2222273e-06 3.791539e-06 8.910453e-08 2.0737816e-06 1.1670483e-08 4.7625383e-07 9.861411e-06 2.4041194e-06 0.00019971872 2.562527e-08 1.2460887e-06 5.2571127e-06 5.523056e-05 3.2912146e-09 3.7926324e-09
0.97535264 0.059403725 0.58178926 0.022423761 0.1497373 0.689733 2.4325072e-17 2.9008233e-06 0.7342689 0.14755514 0.95347744 0.00045867526 0.02038656 0.011375769 0.0032274188 0.8444069 0.34720558 0.011040252 0.0023993086 0.66596943 0.0005179589 0.00090756227 5.095723e-06 0.38022673 0.86959344 0.0026561155 0.014038286 0.10332647 0.13190487 2.9467448e-05 0.20331436 5.4827724e-05 0.0045510908 7.002548e-05 0.06188968 2.2420796e-05 0.019740717 2.4376663e-05 0.039703444 3.2124074e-06 0.005667717 0.018714236 6.236629e-05 2.0775822e-06 4.6287264e-06 4.3892305e-05 1.6377286e-05 0.0012741867 0.007479004 1.2942774e-06 0.048637405 0.0007324404 2.9609441e-06 0.08506197 0.018930342 0.002153945 2.1146176e-05 0.14569782 0.06586204 3.56533e-07 7.6240444e-06 0.04355185 0.0007116164 0.02947401 0.00020437111 1.7646416e-07 0.00054176955 3.1811996e-07 0.00013231079 5.9386514e-07 0.004553305 0.0006082971 0.004578469 0.000492044 7.126626e-05 6.2140634e-07 8.0864373e-07 5.659973e-06 4.631342e-07 0.0034756064 6.961681e-06 5.9798197e-07 7.907301e-07 1.3760242e-06 0.002083206 0.0017141707 2.4027765e-06 4.735067e-05 9.2083186e-09 1.9004952e-06 7.3838944e-09 1.5502367e-08 0.00010131576 1.3125333e-06 0.0015073066 1.4947004e-08 1.3086275e-06 2.9259875e-06 0.00019739232 6.4516703e-09 2.0401385e-09
0.87665606 0.90176696 0.0066404096 0.31307727 0.63429993 8.094821e-06 2.9008233e-06 7.4467664e-19 8.3259565e-06 7.0367396e-06 4.5306183e-06 0.840139 1.8654228e-07 0.11127162 0.17308487 2.2037827e-06 0.0010336092 5.9275184e-08 4.155594e-08 1.2172157e-05 1.7641426e-08 4.6470787e-09 0.9943246 7.042147e-09 6.7009904e-07 2.5666557e-08 9.998362e-08 0.0051521016 0.12952216 1.881709e-09 2.7650142e-08 7.342026e-10 1.9733511e-06 6.217696e-09 0.38939205 3.0053453e-09 0.1912335 2.84158e-09 0.010571915 1.1718904e-09 2.3497395e-09 0.020218005 4.126374e-10 7.7188805e-10 1.3018223e-08 9.963563e-08 2.3528713e-08 0.00040400526 0.02290761 6.174395e-09 0.0017781412 1.1913404e-08 5.2864632e-08 5.80551e-07 2.376454e-07 0.021432815 2.3683374e-06 1.2758384e-06 1.1260925e-05 8.388552e-10 1.0376088e-07 3.4403726e-07 1.3446941e-09 0.00028497374 3.1598043e-07 6.921681e-10 1.1222882e-06 1.2614477e-07 2.625152e-07 3.2910122e-10 4.4448316e-06 0.001132532 1.298214e-05 6.228397e-07 0.0021420901 5.242943e-08 1.214589e-07 0.08849544 7.7184026e-08 4.6953987e-06 0.0039562252 2.445322e-07 1.162039e-09 3.099257e-08 0.0011251275 0.00011130661 0.00041731066 1.3253353e-08 1.5334352e-09 1.830769e-08 9.001153e-09 3.7163672e-10 2.0300988e-07 1.9553966e-08 3.1563752e-06 5.330263e-08 1.3466378e-08 3.4033288e-08 1.0858768e-06 3.8014846e-08 2.733027e-10
0.91005623 0.024858542 0.020513741 0.007330403 0.0017464684 0.9636385 0.7342689 8.3259565e-06 3.615424e-16 0.49609888 0.037846938 4.8182e-05 0.83014756 0.00092903624 0.00023865826 0.029460102 0.1213266 0.93774617 0.057076816 0.0052988403 0.035280976 0.03203853 7.1795006e-07 0.59702134 0.05789173 0.60292023 0.61604136 0.026677785 0.031377688 0.33858886 0.21627887 0.24203897 0.01703286 0.003839571 0.023310568 0.002448978 0.00010486367 0.007143641 0.030583154 0.0021610062 0.06653966 0.019274056 0.012836415 0.00014156656 0.00011099602 0.00036863887 0.0002323828 0.004780096 0.011428115 5.6717614e-05 0.0003283536 0.006845344 4.3867403e-05 0.0062762178 0.017555753 4.2693766e-05 0.00012572101 0.00062662066 0.0003284043 5.547978e-05 0.00010138912 0.0004114343 0.013636537 0.00014579651 0.000742609 3.6174686e-05 0.00035664203 1.1553323e-06 0.00019132174 0.00016092265 0.00056894356 2.690905e-06 0.00020420043 0.00015764407 7.816631e-07 3.788792e-06 4.420453e-06 9.57874e-08 8.373726e-06 4.7813883e-05 1.0737746e-06 5.986256e-07 4.9656187e-06 2.0920437e-05 2.0502752e-05 7.845193e-06 1.5417224e-06 5.5225766e-05 5.965241e-08 1.234394e-05 2.9698635e-08 1.8777867e-07 8.3637075e-05 6.6741304e-06 0.00033790126 1.0645536e-07 1.5584868e-05 2.3411216e-05 3.300541e-05 3.26424e-08 8.058337e-09
0.97733617 0.018025517 0.016875982 0.01185765 0.0021398903 0.9260702 0.14755514 7.0367396e-06 0.49609888 5.132657e-16 0.009821397 8.9029665e-05 0.8754422 0.00071932556 0.00048591587 0.0126392 0.8932035 0.25974476 0.6515856 0.0035836964 0.34271237 0.22979876 2.1374485e-06 0.08330594 0.013070443 0.09331641 0.07357264 0.27254814 0.18777764 0.09264937 0.026400723 0.044536393 0.16014045 0.038397238 0.14780617 0.01711314 0.00018545946 0.032648183 0.2125119 0.012234886 0.020289164 0.07493496 0.03351423 0.0032568306 0.0019881218 0.004344966 0.0025374058 0.0141885895 0.03114058 0.0007989237 0.00015203656 0.002755706 0.00057131145 0.0009444366 0.0038932927 3.8485618e-05 0.00036357905 5.3726406e-05 3.9290775e-05 0.0004327209 0.0005736725 7.424263e-05 0.017470747 0.00012716792 0.00040237492 0.00012651784 0.0002363119 2.7614054e-05 0.00031272345 0.00019347273 0.000330424 1.0280488e-05 0.00011899042 4.4394194e-05 1.5816508e-06 0.000111915135 0.0001368852 2.3546166e-07 3.970255e-05 3.2988606e-05 7.891281e-06 1.2777228e-05 6.639712e-05 2.548418e-05 0.0004440739 8.1659804e-05 6.345632e-06 8.509135e-05 2.400551e-07 2.8846945e-05 3.0303758e-07 1.3953401e-06 0.0002079985 5.707995e-06 0.00074315484 2.876316e-07 6.671012e-06 1.92196e-05 8.1893544e-05 3.6236333e-08 1.4994355e-07
0.90269136 0.095596105 0.54098386 0.018235423 0.77554184 0.08810137 0.95347744 4.5306183e-06 0.037846938 0.009821397 3.4655923e-19 0.0047517368 0.0006953914 0.36180222 0.06403801 0.90242976 0.05321636 5.9232498e-05 0.00014405602 0.95540816 3.2671574e-05 7.66535e-05 3.7220696e-05 0.003432455 0.5232655 7.517038e-05 0.00023664502 0.0098306285 0.033748552 1.124789e-06 0.0117827775 4.986095e-06 0.0005074129 5.0589565e-06 0.014333547 1.7133656e-06 0.30154562 1.5838516e-06 0.0057698623 2.8750625e-07 8.38176e-05 0.005065501 2.3772418e-06 2.9626344e-07 1.4740231e-06 7.781344e-06 3.1612585e-06 0.00046251743 0.0030330997 6.6105343e-07 0.37938598 9.648377e-05 6.6992266e-07 0.061369754 0.0018781577 0.03145495 3.4887485e-06 0.36421424 0.2681708 1.3298738e-07 9.504792e-07 0.105631255 3.413961e-05 0.2059799 3.5798035e-05 1.9399168e-08 0.00036272244 1.3565882e-07 4.9284732e-05 2.6661283e-07 0.009431424 0.001773188 0.00836721 0.00012336487 0.00019224393 4.8757784e-08 1.87371e-07 5.602118e-07 1.3503983e-08 0.012434482 8.150848e-05 9.750646e-07 3.9728736e-08 3.4929393e-08 0.004917457 0.00240163 5.283445e-06 2.5008747e-05 1.2984269e-09 2.700334e-06 9.25464e-10 1.5138049e-09 1.5420732e-05 1.5021786e-06 0.00053567375 5.3039124e-09 8.7531225e-06 1.00698835e-05 2.4150957e-05 1.2209044e-09 8.729487e-10
0.8856452 0.6595089 0.0634037 0.09265968 0.87205106 0.00018517191 0.00045867526 0.840139 4.8182e-05 8.9029665e-05 0.0047517368 3.2756417e-19 8.746755e-06 0.9471855 0.9610585 0.0008602232 0.00496593 2.9442378e-06 1.9206343e-06 0.004106223 4.3449842e-07 2.5152738e-07 0.8903891 4.241067e-07 7.7319484e-05 6.298042e-07 9.364258e-06 0.002988576 0.06885972 2.6665692e-08 6.7047713e-06 8.067507e-08 5.0212708e-05 1.07441025e-07 0.0697839 8.41733e-08 0.885174 3.372847e-08 0.004089518 8.181789e-09 1.9596614e-07 0.009620207 5.3331714e-08 4.867905e-09 9.785826e-08 1.3300267e-06 9.327448e-08 0.0006036675 0.005274373 1.1432435e-07 0.16100521 1.0658474e-06 2.0001711e-07 0.00011985336 5.9496906e-06 0.26172915 8.4102285e-06 0.00080409355 0.004800698 3.5931014e-09 9.227505e-08 5.5646065e-05 4.802036e-08 0.013018437 3.376559e-07 9.3107785e-11 7.069086e-06 1.6711236e-06 7.934979e-07 2.026004e-09 0.0001352619 0.0087435255 0.00021309052 3.1172472e-06 0.0080477595 1.705768e-08 4.359654e-08 0.1335912 3.5174332e-09 0.00027529532 0.004544353 4.528346e-06 2.8734163e-08 1.8641617e-07 0.001807993 0.00016489065 0.00070075085 2.3201133e-05 9.951928e-10 7.333091e-08 3.5484224e-10 6.435321e-10 3.285163e-05 5.3901744e-08 6.327482e-05 2.2694928e-09 2.0269086e-07 3.5982828e-07 9.257801e-06 3.1274978e-09 9.902353e-11
0.9827276 0.006618187 0.00053986633 0.002827803 0.00014989403 0.27358353 0.02038656 1.8654228e-07 0.83014756 0.8754422 0.0006953914 8.746755e-06 4.1063425e-15 9.986456e-05 8.892699e-05 0.0013236183 0.34156808 0.93780994 0.6584107 0.00029828612 0.48394954 0.64198923 6.5517014e-07 0.10608577 0.0048950305 0.5992203 0.45619634 0.08645411 0.048043024 0.77041703 0.028388351 0.46310592 0.1666743 0.03457921 0.044264622 0.016044855 7.2217845e-06 0.0631715 0.07621159 0.015319111 0.056307886 0.06551499 0.10341342 0.0017697685 0.0016906547 0.0012949355 0.00187689 0.014417278 0.02833537 0.00039120094 1.826372e-05 0.007435739 0.0003842351 0.00079061405 0.0036360128 9.825618e-06 0.00043579255 2.6739379e-05 1.1698091e-05 0.00091586483 0.00046148177 5.2478586e-05 0.045748994 3.0237969e-05 0.00079183374 0.0006947355 0.00043823442 1.053353e-05 0.0006121137 0.0012395221 0.00040784627 2.8843547e-06 0.00022545083 0.0004194187 1.8893379e-06 5.1716834e-05 6.2558705e-05 2.222918e-07 0.000129207 0.000110636814 2.2070953e-06 3.72922e-06 4.835342e-05 0.0002010141 0.000370477 1.1041624e-05 2.218203e-06 0.00040970757 1.0823718e-06 8.179043e-05 5.0566774e-07 3.2957614e-06 0.0006121934 3.22255e-05 0.00068509334 3.7455848e-07 4.964144e-05 0.00020030396 4.4945053e-05 3.4705927e-08 5.7624213e-08
0.80269545 0.17365536 0.2197774 0.013814944 0.85662156 0.004140667 0.011375769 0.11127162 0.00092903624 0.00071932556 0.36180222 0.9471855 9.986456e-05 2.6877772e-18 0.9922746 0.12164029 0.005130777 5.5830144e-05 1.6849799e-05 0.2832965 6.905285e-06 1.6915425e-05 0.09021099 0.00013643672 0.0050500254 2.6680844e-05 9.092936e-05 0.0018338307 0.020308102 1.5418311e-06 0.00021270617 3.2267028e-06 0.00010248902 6.666341e-07 0.011773242 8.048154e-07 0.7920726 8.1495415e-07 0.0022221373 8.274998e-07 2.629661e-06 0.0036795624 3.9040037e-07 3.1909988e-07 6.924082e-07 2.7361882e-06 1.0901663e-06 0.0004606712 0.0016723042 2.1126078e-07 0.3025004 2.4470948e-05 2.4797544e-07 0.0008110736 7.218683e-05 0.19635181 1.3480153e-06 0.0030225746 0.015057408 4.0833328e-08 7.3932443e-07 0.0009935586 2.427499e-06 0.033173334 4.0035106e-06 1.5783328e-08 2.6685248e-05 1.034346e-06 3.326886e-06 4.0194803e-07 0.0005973357 0.0064147348 0.0008210194 1.9632605e-05 0.0031939615 6.661539e-08 6.130145e-07 0.006615975 4.287073e-08 0.00035089575 0.00043773276 2.663677e-06 1.3053264e-07 1.5537046e-06 0.001531318 0.00014084022 5.4591994e-05 9.552076e-06 5.115435e-09 1.1590282e-06 8.93816e-09 5.9953393e-09 2.6122827e-05 1.3091257e-06 2.4855575e-05 4.3165516e-09 4.9237956e-06 3.997475e-06 8.723938e-06 3.670306e-09 4.5762347e-10
0.72522056 0.19172437 0.083036035 0.014557644 0.7441125 0.0011741632 0.0032274188 0.17308487 0.00023865826 0.00048591587 0.06403801 0.9610585 8.892699e-05 0.9922746 1.0840356e-18 0.018754056 0.0024730924 3.3063065e-05 7.784141e-06 0.0304476 2.5052611e-06 4.0725954e-06 0.21618418 1.0286019e-05 0.0008157112 6.9581697e-06 3.4880646e-05 0.000735644 0.014564213 2.3588173e-07 3.7147645e-05 7.2519265e-07 6.761848e-05 3.7417152e-07 0.010611835 5.089664e-07 0.7667356 2.2717278e-07 0.0013327319 2.246975e-07 5.0345096e-07 0.0031342192 1.139736e-07 1.05368954e-07 5.563778e-07 2.3618954e-06 5.9860844e-07 0.00043691217 0.0017210947 1.184216e-07 0.17026123 8.337946e-06 1.7054434e-07 0.0002716439 1.1208031e-05 0.13522807 2.6868122e-06 0.0017122214 0.00514573 4.9917537e-09 3.3049503e-07 0.00035040782 3.696367e-07 0.013319403 1.7635439e-06 4.8168944e-09 1.1857722e-05 1.4817042e-06 2.0063371e-06 3.6834155e-08 0.00018782732 0.0053549423 0.0002361114 5.1824445e-06 0.0028436545 3.2045065e-08 2.4780334e-07 0.0055105425 8.648122e-09 0.00018082187 0.00059662486 1.4871009e-06 1.8405935e-08 5.3636353e-07 0.00082535885 6.122463e-05 6.121943e-05 8.003131e-06 1.9421742e-09 9.0977585e-07 1.1325059e-09 3.267696e-09 1.0908292e-05 6.9394775e-07 1.1297585e-05 8.9685015e-10 2.6602931e-06 2.151878e-06 3.0762826e-06 1.8811026e-09 1.2751473e-10
0.8536113 0.020471325 0.21796964 0.005562892 0.3296672 0.051449183 0.8444069 2.2037827e-06 0.029460102 0.0126392 0.90242976 0.0008602232 0.0013236183 0.12164029 0.018754056 5.8711124e-19 0.021624109 0.00019632372 0.0002844993 0.9735377 5.2879284e-05 0.0001505585 8.869226e-06 0.044112444 0.91849095 0.00020478765 0.0005692315 0.0046760472 0.009849852 2.6508494e-06 0.07668541 1.51894765e-05 0.0005760483 8.280749e-06 0.005125075 3.911448e-06 0.12087845 7.922197e-06 0.0028976398 1.122727e-06 0.00024525187 0.0032588206 9.184766e-06 7.11173e-07 3.3046056e-06 3.480042e-06 5.586058e-06 0.00038645387 0.001523609 1.3594473e-06 0.38049304 0.00025957025 2.1109423e-07 0.2229146 0.010612063 0.02737441 1.3339303e-06 0.55408514 0.36915174 8.742994e-08 2.7144602e-06 0.23177837 0.000100751815 0.24550657 0.00015240486 3.5612132e-08 0.00032733244 1.0491973e-07 0.000107286985 2.3590285e-07 0.043171443 0.0019943486 0.02943363 0.00050447136 0.00026705017 7.323781e-08 2.3864152e-07 3.2106385e-07 8.43959e-09 0.043028705 4.811546e-05 1.8281355e-07 3.9712678e-08 9.264415e-08 0.00290944 0.0027019393 5.750158e-06 8.494185e-05 3.7389434e-09 3.686132e-06 2.9118699e-09 1.5225847e-09 2.5041682e-05 9.242887e-07 0.000804334 1.1017782e-08 3.7325863e-06 8.509463e-06 6.850094e-05 2.172093e-09 1.7535812e-09
0.9533294 0.047300607 0.46797004 0.045903668 0.035341382 0.7950397 0.34720558 0.0010336092 0.1213266 0.8932035 0.05321636 0.00496593 0.34156808 0.005130777 0.0024730924 0.021624109 1.1946265e-15 0.08583573 0.77858275 0.0061896513 0.3406112 0.14530124 5.9153717e-06 0.019924164 0.008634794 0.024636691 0.013087138 0.9628415 0.6379437 0.021171857 0.003728207 0.01080529 0.80138046 0.42449751 0.36727047 0.066502646 0.0024133532 0.10500569 0.65559554 0.016511705 0.003827059 0.13813193 0.021908155 0.008269788 0.039384134 0.1382866 0.01182396 0.021046214 0.02585767 0.02411344 0.00054052984 0.000543021 0.0039963503 0.00043449632 0.0006792315 0.00015384002 0.0004128843 0.0006689246 0.00048510163 0.0031856613 0.005023836 0.00032689478 0.0013513672 0.00036230154 1.4738258e-05 0.0010138948 2.7256247e-06 0.00088438485 1.4238171e-05 9.035349e-05 8.496364e-05 7.1692106e-05 0.00012099918 1.1798952e-05 9.022454e-06 0.00059056655 0.0006466627 1.1290837e-06 0.00063442584 0.00010490268 0.00019117219 8.9931906e-05 0.00011704861 0.00012244546 0.0005890661 0.0001745638 4.060637e-05 2.2780878e-06 3.168921e-05 0.00030104048 1.2744916e-05 4.901194e-05 8.47884e-05 4.9895367e-05 4.0701125e-05 3.288868e-05 2.087432e-05 0.00013177472 2.2271726e-05 8.105771e-07 1.3746883e-07
0.8712566 0.0023013644 7.7074255e-05 0.0014378391 1.17203135e-05 0.106448196 0.011040252 5.9275184e-08 0.93774617 0.25974476 5.9232498e-05 2.9442378e-06 0.93780994 5.5830144e-05 3.3063065e-05 0.00019632372 0.08583573 4.178648e-17 0.17849931 7.0066235e-05 0.17913459 0.22375013 1.2472556e-07 0.35575387 0.0051595974 0.84270984 0.8483387 0.017422447 0.0123632215 0.87960786 0.124815665 0.7556021 0.038830742 0.008412956 0.013220894 0.0036228928 2.1886522e-06 0.012563886 0.021455856 0.0030475582 0.2901627 0.015218432 0.12607107 9.490471e-05 0.00018587432 0.00037360456 0.00017998934 0.0027513506 0.007913393 5.5787616e-05 1.36008075e-05 0.04109406 9.889115e-05 0.006042654 0.021918897 5.74173e-06 7.643625e-05 1.5945723e-05 5.568972e-06 3.634929e-05 6.609602e-05 4.7635374e-05 0.11344857 2.8312017e-05 0.009684755 0.00010131916 0.005458812 3.5694418e-06 0.008369744 0.0009964048 0.0007030753 1.7473453e-06 0.0003069323 0.0008787889 8.550867e-07 1.3240564e-05 1.795954e-05 5.326838e-08 9.858844e-06 2.2785147e-05 1.393927e-07 2.3517946e-06 1.3513678e-05 8.8467255e-05 1.3848376e-05 1.974906e-06 3.5854032e-07 0.00060238794 1.2560264e-07 0.00060070073 6.710833e-07 4.159129e-07 0.0025271578 8.888726e-06 0.00023194109 3.6445613e-07 5.3635842e-05 4.4687247e-05 1.3958854e-05 2.4449848e-08 6.65712e-08
0.98766637 0.0019150304 9.381586e-05 0.0014906827 2.6162568e-05 0.027939184 0.0023993086 4.155594e-08 0.057076816 0.6515856 0.00014405602 1.9206343e-06 0.6584107 1.6849799e-05 7.784141e-06 0.0002844993 0.77858275 0.17849931 3.0202238e-16 5.1676012e-05 0.9411951 0.9004312 4.491527e-07 0.013168647 0.0011911367 0.118896574 0.05724903 0.43618634 0.18985742 0.3367265 0.007698471 0.14030342 0.789169 0.40568727 0.14428729 0.11462178 5.357291e-07 0.15796874 0.35569242 0.06949458 0.026365252 0.26956838 0.23808004 0.020927671 0.007915534 0.048840784 0.008982049 0.09362918 0.08319025 0.001992457 3.5655837e-06 0.006017176 0.002314403 0.00024587646 0.0011366014 1.2710583e-06 0.0013302247 2.4794742e-06 4.9132586e-07 0.0069251857 0.0034533457 6.588635e-06 0.0801727 1.193508e-06 0.00046662625 0.0031534918 0.00029088574 9.1036e-05 0.0007082653 0.005092002 3.6351445e-05 2.456381e-06 2.2700971e-05 0.000108558386 2.9756131e-06 0.0005107865 0.0012197343 1.6250766e-07 0.00053522974 3.9475617e-06 8.180904e-06 3.011701e-05 0.00044462032 0.0003709244 0.00022490087 2.0154339e-05 5.3772e-06 0.00024884098 1.6835986e-05 0.00011721762 1.0880101e-06 4.6948542e-05 0.00090620405 4.8979182e-05 0.00018168667 9.784002e-07 2.9707942e-05 0.00013764536 3.3010292e-05 5.339085e-08 2.2099692e-07
0.86735296 0.007219995 0.14422083 0.002070293 0.3666932 0.0174507 0.66596943 1.2172157e-05 0.0052988403 0.0035836964 0.95540816 0.004106223 0.00029828612 0.2832965 0.0304476 0.9735377 0.0061896513 7.0066235e-05 5.1676012e-05 2.2316833e-17 5.620985e-06 1.554061e-05 1.5675454e-05 0.012623084 0.8225289 8.1071936e-05 0.00011389652 0.00082668656 0.0036646754 1.9166177e-06 0.0112468945 3.958227e-06 0.00019534974 1.3555077e-06 0.0023804328 1.5094924e-06 0.35561222 1.447643e-06 0.0014056807 4.4928294e-07 8.044748e-05 0.002309225 2.6320492e-06 4.818485e-07 1.7046101e-06 1.687182e-06 2.7095487e-06 0.00011633692 0.0011035182 1.8313845e-07 0.5353253 8.0491445e-05 6.8661734e-08 0.17286019 0.008787139 0.039669406 5.3446513e-07 0.6276976 0.4530247 4.9839745e-08 1.7152147e-06 0.19897228 4.335613e-05 0.28123465 0.00030492386 4.098509e-08 0.00028402734 2.0155225e-07 9.442056e-05 7.6853645e-08 0.018962758 0.0027734255 0.017389985 0.00031938043 0.00029359022 1.318419e-07 2.562497e-07 8.756725e-07 3.3853695e-08 0.034856316 7.0070375e-05 8.988217e-07 3.02193e-08 1.083725e-06 0.002214743 0.0009670099 1.9510593e-05 0.0001613991 1.4748927e-09 2.7968017e-06 4.908537e-09 1.738601e-09 2.8452658e-05 2.6759903e-06 0.0004702044 1.2824537e-08 3.9484507e-06 8.400738e-06 3.2497894e-05 7.106753e-09 1.3353677e-09
0.92421234 0.00028309115 1.7958922e-05 0.00027955568 7.6520155e-06 0.010994001 0.0005179589 1.7641426e-08 0.035280976 0.34271237 3.2671574e-05 4.3449842e-07 0.48394954 6.905285e-06 2.5052611e-06 5.2879284e-05 0.3406112 0.17913459 0.9411951 5.620985e-06 1.5509056e-15 0.9861996 1.8905752e-07 0.009322056 0.00041847455 0.13030566 0.03620918 0.12503275 0.04878176 0.43238476 0.0033350978 0.15340377 0.5634576 0.4021481 0.051025428 0.17778824 2.292075e-07 0.27114362 0.08530705 0.08613432 0.027736945 0.08031722 0.27291733 0.024238609 0.0073974496 0.016830118 0.009279866 0.032000273 0.03306945 0.0014844555 9.958551e-07 0.0058467514 0.0011574024 0.00016460927 0.0008893678 1.8976961e-07 0.00059854996 2.7699352e-07 7.7643826e-08 0.0070647225 0.0018112719 1.2235731e-06 0.11372673 6.098168e-07 0.0003968839 0.0076946653 0.00012599323 4.2891617e-05 0.00055744726 0.010215512 1.3358633e-05 1.1730148e-06 5.4851853e-06 3.1849788e-05 5.4936424e-07 0.00027797118 0.00055172096 5.21449e-08 0.00069653935 9.2123514e-07 3.9325655e-06 7.867837e-06 0.00019683815 0.00028008726 2.6529571e-05 7.793575e-06 3.1610539e-06 0.0001908747 1.1016171e-05 0.00016917288 9.0481535e-07 3.392061e-05 0.00043039804 2.799712e-05 0.00024922215 5.880041e-07 5.299085e-05 3.6222813e-05 1.4746735e-05 1.29162245e-08 1.13782356e-07
0.915064 0.00025969459 1.6985032e-05 0.00018909153 4.920017e-06 0.008573715 0.00090756227 4.6470787e-09 0.03203853 0.22979876 7.66535e-05 2.5152738e-07 0.64198923 1.6915425e-05 4.0725954e-06 0.0001505585 0.14530124 0.22375013 0.9004312 1.554061e-05 0.9861996 3.0768684e-16 1.0705461e-07 0.009952595 0.0005929987 0.14272463 0.045683082 0.059535544 0.027568754 0.60682344 0.0035951897 0.21929839 0.43372175 0.37585694 0.0254002 0.16595918 1.0037668e-07 0.3699655 0.052244253 0.09838478 0.020943327 0.04868909 0.27768457 0.018268868 0.0065312646 0.005547444 0.007933886 0.016882027 0.020349836 0.0015949457 1.2819867e-06 0.0046798307 0.000967454 8.6236134e-05 0.0009028932 1.1260034e-07 0.0006170211 1.7247858e-06 4.3955936e-07 0.005889667 0.0014008797 3.9864267e-06 0.08752339 8.12498e-07 0.0003883184 0.0058911643 8.810361e-05 4.3810505e-05 0.00040570894 0.008087769 2.2917911e-05 1.4289666e-06 1.1475058e-05 2.2041893e-05 5.929924e-07 0.00020992816 0.0004945291 2.1505013e-08 0.0008532144 4.569434e-07 3.0533588e-06 7.480377e-06 9.34805e-05 0.00062028226 2.4018475e-05 1.2036176e-05 1.625127e-06 0.0001810253 1.2320924e-05 0.0004073926 2.0878372e-06 1.41079145e-05 0.00043782187 2.9911234e-05 0.00021795748 1.0268303e-06 6.9329755e-05 3.968646e-05 1.0293879e-05 1.00735855e-08 1.4519452e-07
0.84868175 0.08702194 0.0005631994 0.051671613 0.015440393 3.6823877e-07 5.095723e-06 0.9943246 7.1795006e-07 2.1374485e-06 3.7220696e-05 0.8903891 6.5517014e-07 0.09021099 0.21618418 8.869226e-06 5.9153717e-06 1.2472556e-07 4.491527e-07 1.5675454e-05 1.8905752e-07 1.0705461e-07 4.3718894e-18 5.456667e-08 8.4686076e-07 1.2864231e-07 3.8312513e-07 2.9694345e-05 0.0028854138 5.8138898e-08 2.8170817e-08 1.9119186e-08 2.1681724e-06 1.5066311e-07 0.03621061 9.630675e-08 0.83211523 2.0993363e-07 9.5391275e-05 5.4359635e-08 5.3616858e-09 0.00090993213 2.0358247e-08 3.87525e-08 1.8567596e-07 4.348667e-08 4.0509667e-07 2.9075054e-05 0.0023275597 2.8748704e-07 0.0461876 4.3927244e-08 4.3073094e-08 3.809811e-06 6.3304935e-07 0.34416866 4.833336e-07 5.623358e-05 0.0004850746 1.4622021e-08 5.0040177e-07 4.0560094e-06 5.3005853e-09 0.005780203 5.337708e-07 5.642732e-10 1.8446265e-06 4.6474602e-07 3.6050218e-07 1.3624407e-09 1.0468246e-05 0.051182576 4.7218276e-05 2.2543307e-07 0.067347325 1.2618122e-07 7.922461e-08 0.825534 6.38117e-08 1.342283e-05 0.046524543 1.8050493e-07 1.2293141e-09 1.546374e-08 0.0018267955 0.000101866164 0.0031927023 4.4459483e-07 2.562808e-10 2.3942988e-08 1.6083601e-09 6.138504e-11 8.6618235e-07 1.6067174e-08 7.1889112e-06 4.7874744e-09 1.679413e-07 6.099346e-08 3.7102448e-06 1.0530234e-09 2.6214225e-10
0.86079216 0.002114024 0.00065606146 0.0005164067 4.5752255e-05 0.05663785 0.38022673 7.042147e-09 0.59702134 0.08330594 0.003432455 4.241067e-07 0.10608577 0.00013643672 1.0286019e-05 0.044112444 0.019924164 0.35575387 0.013168647 0.012623084 0.009322056 0.009952595 5.456667e-08 5.725572e-21 0.8576803 0.48028395 0.75109214 0.0053245537 0.0057467185 0.08667909 0.98744875 0.21761921 0.003978729 0.0004092042 0.0035868248 0.00016972523 3.2436274e-05 0.00013903154 0.0049880026 1.571215e-05 0.62852323 0.0061972826 0.00036215523 2.3131881e-06 8.220963e-06 1.2413626e-05 7.4258874e-06 0.00059025944 0.0018295074 2.5279387e-06 0.00070626475 0.10237228 2.0400637e-06 0.20615162 0.38233382 2.2354312e-05 3.9806637e-06 0.0070085214 0.002509355 5.1385253e-08 2.3048447e-06 0.005207854 0.04650814 0.0007849381 0.03161365 5.005784e-07 0.056871034 2.3636e-07 0.015093062 7.8731655e-06 0.009934327 2.387065e-06 0.0031859407 0.02032551 2.2445077e-07 1.8084437e-07 2.5549494e-07 5.3007168e-09 4.5647234e-08 0.00033330786 1.975941e-07 7.3279175e-08 3.5213287e-08 1.1427339e-06 1.4578426e-06 4.017681e-06 3.390145e-08 0.0013218422 3.2717933e-09 1.6258704e-05 2.8519238e-09 2.0567237e-09 0.00070418854 3.4894785e-07 0.00049445976 5.258473e-09 1.5462141e-05 2.0903823e-05 3.7083032e-06 9.769046e-11 5.737192e-10
0.9536081 0.0021460224 0.02058864 0.00084106746 0.014001272 0.03218992 0.86959344 6.7009904e-07 0.05789173 0.013070443 0.5232655 7.7319484e-05 0.0048950305 0.0050500254 0.0008157112 0.91849095 0.008634794 0.0051595974 0.0011911367 0.8225289 0.00041847455 0.0005929987 8.4686076e-07 0.8576803 3.7405595e-18 0.0026016906 0.020229839 0.0015340279 0.0031644502 0.0001060138 0.88822925 0.00017470088 0.0012931653 2.8757291e-05 0.0013626306 8.926325e-06 0.0043112086 3.6657202e-05 0.0022144483 6.823209e-06 0.053780418 0.0024680255 7.883831e-05 1.5866547e-06 1.9614163e-06 5.0886333e-06 6.9329258e-06 9.3953655e-05 0.000627016 1.0484946e-06 0.08830226 0.0059812837 1.9919533e-07 0.8555948 0.54889214 0.005274853 6.4282585e-07 0.71645606 0.2930156 7.967525e-07 7.4472277e-06 0.45666927 0.001985208 0.11043835 0.0027138924 7.1542524e-07 0.01945575 4.512574e-07 0.0013021291 1.6586707e-06 0.1817522 0.00043044667 0.07377246 0.031858232 0.000108791566 2.242533e-07 5.3449264e-07 3.9778266e-07 3.1270474e-07 0.07988711 1.22012925e-05 1.8560472e-06 2.654192e-07 8.900008e-06 0.0019174407 0.00020914742 1.8429693e-05 0.0012894308 2.5273987e-08 2.8856271e-05 2.3380545e-08 1.1869494e-08 0.00019415643 4.487847e-06 0.0058404375 1.1265995e-07 2.9251492e-05 3.03275e-05 5.9867696e-05 2.8383842e-09 5.0073354e-09
0.8413799 0.0008952621 3.0035724e-05 0.00063606334 2.898878e-05 0.024522359 0.0026561155 2.5666557e-08 0.60292023 0.09331641 7.517038e-05 6.298042e-07 0.5992203 2.6680844e-05 6.9581697e-06 0.00020478765 0.024636691 0.84270984 0.118896574 8.1071936e-05 0.13030566 0.14272463 1.2864231e-07 0.48028395 0.0026016906 7.602804e-18 0.974673 0.0066650263 0.0049151243 0.8416566 0.25227347 0.94250894 0.037402835 0.0061936574 0.00549968 0.0029770494 7.3395904e-06 0.01200981 0.009963112 0.0030231483 0.6077866 0.011222925 0.1270983 0.00042020623 0.000351447 0.00028558203 0.00025604563 0.0030164267 0.0045724777 0.0001111086 4.51396e-05 0.19354196 0.00016560945 0.011821789 0.086868905 6.5613717e-06 6.835933e-05 4.0967298e-05 1.8643115e-05 5.5994537e-05 0.00011537248 9.340306e-05 0.4756497 1.9365832e-05 0.06186895 0.00014038132 0.042133123 6.9122166e-06 0.04854942 0.000781674 0.0007177409 4.5051024e-06 0.00024064594 0.0027591628 6.983048e-07 2.6418758e-05 3.9218223e-05 1.2747765e-08 1.8820216e-05 2.2618011e-05 3.7778867e-07 1.0979729e-06 1.8536095e-06 0.0015402155 1.1690753e-05 1.2730812e-05 4.3818486e-07 0.0013312881 1.4531606e-06 0.0028712268 7.190443e-07 2.4464823e-06 0.0068440936 2.6716285e-05 0.00024943473 3.2315117e-07 0.00012703483 0.00010435368 1.0055518e-05 6.053505e-09 2.0237534e-08
0.9241504 0.0013489034 0.00019437709 0.00080755097 8.066112e-05 0.026387595 0.014038286 9.998362e-08 0.61604136 0.07357264 0.00023664502 9.364258e-06 0.45619634 9.092936e-05 3.4880646e-05 0.0005692315 0.013087138 0.8483387 0.05724903 0.00011389652 0.03620918 0.045683082 3.8312513e-07 0.75109214 0.020229839 0.974673 1.271595e-16 0.0018178859 0.003000662 0.6948897 0.6031211 0.79857564 0.019501764 0.0033671763 0.0027071638 0.0016613622 7.3156284e-06 0.0031590557 0.005105362 0.00073364837 0.8807056 0.0059619346 0.083816834 0.0001594827 0.00020995118 0.00017483388 0.00014202132 0.0021650165 0.0032033385 8.8376764e-05 8.658595e-05 0.29750443 3.6956833e-05 0.01977501 0.15574577 1.2836659e-05 4.5090073e-05 9.6311036e-05 4.3622145e-05 3.4690856e-05 0.00010730285 0.00020511424 0.31108427 5.7840458e-05 0.063508 0.000118896845 0.06334766 1.0940078e-05 0.054609787 0.0001714634 0.0010543134 8.737951e-06 0.0004202539 0.009404569 2.3853331e-06 1.4450603e-05 2.916642e-05 2.9792476e-08 2.0542639e-05 8.77115e-05 4.3932005e-07 1.9095116e-06 1.2110816e-06 0.0003540364 2.4902956e-05 1.9568399e-05 8.3250393e-07 0.0022749628 3.6029977e-07 0.0011937966 3.6941398e-07 2.5042135e-07 0.006162695 1.7389826e-05 0.000540583 2.93834e-07 0.00017326168 0.00014068608 1.5656493e-05 2.2396634e-08 2.3349306e-08
0.97072154 0.014077361 0.16596748 0.035977703 0.008078384 0.24981855 0.10332647 0.0051521016 0.026677785 0.27254814 0.0098306285 0.002988576 0.08645411 0.0018338307 0.000735644 0.0046760472 0.9628415 0.017422447 0.43618634 0.00082668656 0.12503275 0.059535544 2.9694345e-05 0.0053245537 0.0015340279 0.0066650263 0.0018178859 1.0822003e-12 0.9395432 0.015434321 0.00084137515 0.0037309297 0.5335804 0.2224137 0.40998247 0.09017107 0.0021596001 0.047869183 0.89798313 0.02168444 0.0022245173 0.34126315 0.012904808 0.009250455 0.045582306 0.24006149 0.023983724 0.14401568 0.04898387 0.05247007 0.00023136691 0.00017208673 0.009934474 0.00011441636 0.00045643217 0.00016289535 0.0011445336 0.00017584504 8.320468e-05 0.0022062967 0.0073827407 7.935729e-05 0.0025609764 6.0375874e-05 1.895072e-05 0.0013693696 2.6113887e-05 0.0040274966 4.6856e-05 0.00015454351 2.7863138e-05 6.07407e-05 2.334776e-05 4.3011056e-05 3.9948547e-05 0.005705527 0.0059724543 3.7978454e-05 0.0007298555 3.4300596e-05 0.00017260744 0.00035724643 0.00028069183 0.00023830825 0.00044336254 0.00013131219 3.96009e-05 3.0425472e-05 0.00076550385 0.00014274739 0.00055566547 0.00027722464 5.0319846e-05 1.1075721e-05 0.00010236292 0.00023744548 7.5217463e-06 1.7035303e-05 4.010804e-05 2.2723432e-05 1.0719381e-06
0.983575 0.054398045 0.4642103 0.27995208 0.043091144 0.2515581 0.13190487 0.12952216 0.031377688 0.18777764 0.033748552 0.06885972 0.048043024 0.020308102 0.014564213 0.009849852 0.6379437 0.0123632215 0.18985742 0.0036646754 0.04878176 0.027568754 0.0028854138 0.0057467185 0.0031644502 0.0049151243 0.003000662 0.9395432 5.0854367e-15 0.0033144278 0.0021423518 0.0027827767 0.15720294 0.07137023 0.9581375 0.018974533 0.021930147 0.010543863 0.58970344 0.004939105 0.0007440122 0.24459778 0.0029646978 0.0046218275 0.014958044 0.100645304 0.0071695326 0.024204517 0.0766282 0.02152115 0.00078050006 9.995299e-05 0.004615456 0.00017409664 0.00072248635 0.0015012763 0.00075057417 0.0009626724 0.00046071227 0.0005784623 0.003133904 0.00045408763 0.0006272322 0.00023373748 4.1767777e-05 0.00073586754 1.5968473e-05 0.0013416042 9.6174546e-05 0.00040322525 0.00013705513 0.0006713599 9.266736e-05 4.386887e-05 0.00060538435 0.0032194525 0.0027991033 0.01168755 0.00037799662 2.5558926e-05 0.0024100859 0.00034034884 0.00015422032 0.00017526642 0.0027860205 0.000512859 8.996939e-05 9.585585e-06 0.00015786357 0.00053776265 0.000156875 0.00033911556 0.00012132145 0.00015338676 9.55711e-05 0.0002385504 8.344458e-05 0.0001760719 0.00013371833 1.1549241e-05 9.025514e-07
0.905902 9.253304e-05 1.5947082e-06 0.00014938712 8.1659954e-07 0.006481764 2.9467448e-05 1.881709e-09 0.33858886 0.09264937 1.124789e-06 2.6665692e-08 0.77041703 1.5418311e-06 2.3588173e-07 2.6508494e-06 0.021171857 0.87960786 0.3367265 1.9166177e-06 0.43238476 0.60682344 5.8138898e-08 0.08667909 0.0001060138 0.8416566 0.6948897 0.015434321 0.0033144278 1.9051063e-17 0.022630602 0.97603875 0.12327572 0.051143184 0.004786031 0.03678028 3.0195853e-08 0.23740844 0.02354831 0.07133428 0.2715235 0.018266693 0.6375095 0.004873406 0.0019186911 0.0016611633 0.0011943046 0.006689603 0.011451839 0.0005859274 3.879223e-07 0.08081364 0.00065278646 0.00047154288 0.007538604 1.9673726e-07 0.00062223483 6.364265e-07 2.3884755e-07 0.0007577624 0.00035996133 1.0204769e-06 0.5048506 3.850386e-07 0.01875688 0.002351372 0.0037316007 4.0894924e-05 0.014462536 0.008636275 7.0716116e-05 4.7737154e-07 4.626213e-05 0.0006346843 1.0792862e-07 8.555329e-05 0.00016044379 3.141447e-08 0.0001565462 3.7181471e-06 1.4374442e-07 9.746866e-06 1.8728775e-05 0.0041997787 1.7907845e-06 2.7420265e-06 1.4444015e-07 0.00031970468 4.342782e-06 0.008325992 2.0763819e-06 3.7684213e-06 0.007525143 0.0001667106 0.0001948368 1.4306138e-06 0.0005147411 0.00027492223 2.211075e-06 1.9440133e-08 1.9758565e-07
0.8457507 0.0008233651 0.00095565186 0.00015718515 0.00011050532 0.015643256 0.20331436 2.7650142e-08 0.21627887 0.026400723 0.0117827775 6.7047713e-06 0.028388351 0.00021270617 3.7147645e-05 0.07668541 0.003728207 0.124815665 0.007698471 0.0112468945 0.0033350978 0.0035951897 2.8170817e-08 0.98744875 0.88822925 0.25227347 0.6031211 0.00084137515 0.0021423518 0.022630602 1.7116321e-18 0.06567174 0.002053381 0.0002484817 0.0012835704 0.0001358285 1.4976806e-05 0.00021384702 0.0016455262 9.274896e-05 0.79138017 0.002148289 0.0002904843 9.544963e-06 4.9358973e-06 4.015789e-06 7.926066e-06 0.0003610302 0.00077602157 1.1857377e-06 0.0008256465 0.14787066 9.456316e-08 0.2903593 0.6188386 0.000109124296 2.6216043e-07 0.006684269 0.001973207 1.102453e-06 8.340595e-06 0.008456838 0.036524396 0.0011423152 0.043568715 1.8324436e-05 0.08227962 1.347304e-07 0.021918776 2.1744113e-06 0.012376157 2.4866315e-05 0.004918196 0.04156489 1.1168066e-06 8.986229e-07 2.3222635e-06 1.4427316e-09 4.388573e-07 0.0009711313 1.9617688e-07 2.1645167e-07 6.3992566e-08 2.0417521e-05 4.115259e-05 1.6863962e-05 1.3510018e-07 0.0037486053 2.7141869e-09 0.00012615265 8.705183e-09 4.1875614e-09 0.000950729 3.168738e-06 0.00074768957 4.096946e-08 4.20321e-05 4.039991e-05 5.321644e-06 2.150767e-09 2.396139e-09
