1.9531105e-28 0.67730045 0.7833633 0.5889311 0.87781096 0.35037705 0.8983329 0.83570856 0.8119053 0.6987405 0.8039908 0.21414304 0.23205228 0.7572229 0.26242587 0.6105633 0.8036391 0.904476 0.85651827 0.07246974 0.3890479 0.9717672 0.068189986 0.35601276 0.85728794 0.018991888 0.7500417 0.012732781 0.2009576 0.01160909 0.9426947 0.008096305 0.54403526 0.23880465 0.017801959 0.7962966 0.49806324 0.1280388 0.051769074 0.8514552 0.004517468 0.0071758493 0.78512746 0.8308062 0.92366034 0.011382399 0.016829116 0.19028871 0.96068454 0.0002466322 0.006612748 0.8807909 0.011143052 0.9948956 0.00474287 4.962284e-05 0.09090518 0.09883147 0.5067271 0.8790503 0.3659789 0.99705255 3.3014036e-05 0.10976152 0.0031760372 0.013085328 4.4658147e-05 0.00026059043 0.0008102672 0.33536005 0.007121548 0.09153816 0.32879448 0.971493 0.9564019 0.0024344872 0.74147075 0.36353314 0.1581717 0.9570502 5.833459e-05 0.00051539025 0.039806385 7.009317e-05 0.99365693 0.011694121 2.7608732e-07 9.0448404e-05 0.3662501 1.0328163e-06 1.8548333e-06 0.9758152 3.8760615e-07 0.7956332 0.056488495 0.9999401 0.9863004 2.9386627e-05 0.99565965 0.99659693 0.9993362
0.67730045 6.31891e-17 0.9212444 0.92619336 0.6595757 0.7711693 0.6857636 0.078452356 0.087696284 0.06920046 0.06129073 0.4733389 0.33440137 0.021950608 0.30279794 0.07010997 0.010987524 0.025392346 0.014129803 0.14965594 0.01393005 0.2604054 0.2711237 0.024529828 0.057103656 0.21902223 9.2043774e-05 0.10284183 0.1619085 0.03281164 0.013322763 0.04682736 0.003727336 0.0008207478 0.013598655 0.0011166683 0.006961007 0.00020080448 0.00032045745 0.10885447 0.045863852 0.002375004 0.09994882 0.0011189209 0.0023703836 0.24021308 5.93783e-05 0.0014231275 0.109809585 0.0011071867 0.0076751374 0.005084202 0.00074499944 0.004643609 0.0003533242 0.00010859793 7.8301964e-05 0.00043519467 0.00030339722 9.0988346e-05 6.671843e-05 0.0501756 0.000498883 4.673301e-05 0.005986902 3.734236e-05 1.981183e-05 0.043146666 6.1101805e-06 4.7401812e-05 1.35570235e-05 9.5657315e-06 8.14057e-05 7.4375086e-05 8.9434645e-05 5.015506e-06 0.0011722886 8.248571e-05 6.72811e-05 0.00060138 8.764374e-06 7.20118e-06 0.00029275424 2.3622975e-05 0.00053297833 3.944988e-06 1.6675494e-06 1.3218881e-06 6.3324046e-06 3.1986565e-06 0.00010631815 0.0017035207 0.0010964379 0.000106404055 1.7118573e-05 0.0026681062 0.00024113963 0.003300612 0.0018515533 0.002226007 0.0033243601
0.7833633 0.9212444 1.2628503e-16 0.6069382 0.95311534 0.43195203 0.3159004 0.17153932 0.108906195 0.21945648 0.108051784 0.3559856 0.18810478 0.016096141 0.22149794 0.05890153 0.00632262 0.08957927 0.007217788 0.059148956 0.009513399 0.6821831 0.16306084 0.011752869 0.08793601 0.13802573 0.00045406338 0.042942274 0.069009736 0.018389288 0.035422716 0.025193654 0.009282698 0.0020925915 0.006929787 0.00073517306 0.011201715 0.00043435424 0.00039573174 0.16416442 0.019155638 0.0011463322 0.14761727 0.00276265 0.0046223984 0.10680138 8.004906e-05 0.0010424785 0.17767489 0.0004877588 0.0031000054 0.011765026 0.00033000298 0.009138504 0.0008523913 9.319761e-05 0.00015141697 0.00068071263 0.0004027804 0.00027971008 9.7832366e-05 0.13035662 0.00011532331 8.217534e-05 0.0022908712 4.0997347e-05 1.2198977e-05 0.013884384 1.2813957e-05 8.657414e-05 2.6681964e-05 1.6854008e-05 0.00010203223 9.338641e-05 0.0003292306 5.3094577e-06 0.003016608 0.00012756 7.876691e-05 0.0013255492 7.816881e-06 5.0828803e-06 0.0005968204 2.5594512e-05 0.00086586823 5.7748603e-06 5.5045693e-06 2.7433107e-06 1.1230146e-05 1.7420101e-05 0.00012671467 0.0051523596 0.000338445 0.00010538359 4.2839205e-05 0.011527576 0.00037141837 0.0022225622 0.0072986223 0.010131389 0.018052606
0.5889311 0.92619336 0.6069382 3.2104593e-19 0.39766634 0.9427805 0.79530317 0.03551628 0.050613474 0.036234714 0.06083257 0.5975302 0.5295398 0.03403465 0.4316118 0.055336785 0.016379395 0.014349489 0.021604449 0.29559195 0.017201472 0.12317483 0.4438078 0.0431532 0.037221488 0.4318487 1.056781e-05 0.18641438 0.39466792 0.034550834 0.0062275394 0.0707094 0.0016543614 0.00027615938 0.009830609 0.0007110398 0.0052971123 3.9645947e-05 0.0002475951 0.0674403 0.06315302 0.0016482424 0.06414244 0.00046298193 0.0015951062 0.47737822 1.5561938e-05 0.000530678 0.058657266 0.0011482252 0.009733283 0.0023955852 0.0003220383 0.0025259785 8.555247e-05 0.00023862865 1.0079626e-05 6.837492e-05 8.213014e-05 3.002587e-05 7.850436e-05 0.011699665 0.00045238461 4.947611e-05 0.005349644 8.522515e-06 1.4432643e-05 0.061124325 1.056374e-05 2.3523655e-05 1.7904704e-06 2.0882412e-06 1.79253e-05 9.205988e-06 2.4115954e-05 2.8045472e-06 0.00052981783 5.111276e-05 2.1341255e-05 0.00014178694 1.8514746e-05 4.4806243e-06 0.00012382974 3.5984238e-05 0.00042884704 2.8657892e-06 1.9069148e-06 1.1945806e-06 3.4405123e-06 2.8361862e-06 6.9727874e-05 0.0019965144 0.001557727 3.109173e-05 1.4160457e-05 0.00076874805 0.0001322235 0.004522071 0.0008093583 0.00054992887 0.00057736295
0.87781096 0.6595757 0.95311534 0.39766634 2.2657824e-16 0.28836793 0.20101675 0.30272722 0.12675396 0.40308836 0.119076006 0.29747695 0.12670133 0.012840793 0.24184833 0.11092095 0.0036958475 0.24840441 0.003323539 0.02995593 0.009374432 0.95132625 0.14401762 0.0056807958 0.11788397 0.1316114 0.001515457 0.05744776 0.037742864 0.025357185 0.18379197 0.039460935 0.05126012 0.007254235 0.007511363 0.00035408608 0.013056677 0.0013542243 0.00061954744 0.20963947 0.016902654 0.0015721745 0.21881184 0.011471546 0.0077770036 0.08239167 0.000269196 0.00054495066 0.2104977 0.00079397106 0.0015641988 0.04651523 0.00015326291 0.010634224 0.001433043 0.00019468766 0.00058591936 0.0006137583 0.0020243896 0.0011916964 0.0005528826 0.2046411 0.00021866642 0.00034277202 0.0019183195 3.4452092e-05 1.6092179e-05 0.014135025 3.8166894e-05 0.00010910754 9.744752e-05 2.6228921e-05 6.129076e-05 0.00033436806 0.0015066406 3.0591287e-05 0.010747967 0.00015922982 0.00014375163 0.0033366869 9.878684e-06 3.640091e-05 0.0006397073 8.893733e-05 0.0007149243 1.9212825e-06 4.928593e-06 1.22168585e-05 1.4697651e-05 2.5041396e-05 0.0002347378 0.01976621 0.0003741412 8.461754e-05 2.6998054e-05 0.016695915 0.0002928489 0.003678063 0.02650862 0.041200083 0.053490482
0.35037705 0.7711693 0.43195203 0.9427805 0.28836793 1.6315205e-17 0.69363487 0.022356233 0.035673555 0.019682173 0.032386597 0.8724127 0.57827497 0.01874544 0.58237255 0.05096041 0.011493004 0.009447903 0.019301131 0.42374977 0.012742395 0.07702801 0.50929254 0.035588916 0.023490751 0.5159231 9.701194e-06 0.16646548 0.27661085 0.034864895 0.004030734 0.053040102 0.0010107368 0.00016447087 0.009538004 0.0010049344 0.00314674 1.5266125e-05 0.0004840219 0.027304593 0.06399295 0.0024653815 0.02670438 0.00029197073 0.0013518241 0.4212889 2.761388e-06 0.000500837 0.02507769 0.0009887399 0.005413155 0.0013098924 0.0002881204 0.0028079073 7.8130994e-05 0.0004236334 7.831663e-06 8.106088e-05 5.201004e-05 6.456392e-05 3.2057007e-05 0.007999736 0.0014310975 4.4914864e-06 0.002507654 8.140411e-06 5.4542425e-06 0.045208983 1.16645815e-05 3.7759564e-05 3.2341002e-06 1.407897e-06 2.9865785e-06 3.960239e-06 5.342391e-06 1.1653591e-06 0.00022794722 9.388943e-05 3.0725673e-06 0.000109650064 1.03554385e-05 2.7187268e-06 0.00024390186 1.766019e-05 0.00086521235 7.310045e-07 8.1009176e-07 8.0433205e-07 1.13062715e-05 1.1710587e-06 3.22153e-05 0.0015510339 0.0014555991 0.00013539278 1.352572e-05 0.00073241524 0.00028182537 0.0039765453 0.00075919606 0.0008695436 0.0007641037
0.8983329 0.6857636 0.3159004 0.79530317 0.20101675 0.69363487 9.763991e-16 0.0025291531 0.0030935537 0.0012471047 0.59422886 0.41113386 0.85159427 0.5730906 0.17630903 0.0026786074 0.54592586 0.00017917479 0.72619677 0.7051558 0.0007844531 0.09471153 0.26296052 0.7295729 0.2113016 0.30566412 4.225594e-08 0.13313463 0.7906328 0.032631654 0.0002877003 0.041090455 4.089048e-05 5.3584026e-06 0.012688547 0.119604595 0.16520956 5.5478193e-07 1.070585e-05 0.18941231 0.07907897 0.0007456392 0.06789636 8.584453e-06 0.054468323 0.38030854 9.2060094e-07 0.07764097 0.07538583 0.00010416477 0.21575372 5.2463372e-05 0.07934562 0.05558119 4.933841e-06 2.8436818e-05 2.670123e-07 0.0021728673 3.2821706e-06 2.1325843e-06 6.694648e-07 0.029865384 0.00031138305 6.7507005e-07 0.1235509 8.0824284e-05 6.794815e-07 0.16785711 6.0767867e-05 0.00013875283 6.972185e-08 2.506414e-07 7.698668e-07 1.6051142e-06 1.7177518e-06 1.724836e-07 6.825113e-05 0.00023417638 2.1971262e-06 1.469105e-05 5.633551e-07 6.3583445e-07 0.0013600609 2.8688107e-06 0.0054505095 7.801149e-05 7.8992207e-07 3.695817e-05 0.00021266378 8.1373335e-05 0.0017677512 0.00091606536 0.00062045146 0.0024195316 0.00033330312 0.0033901501 0.001954942 0.010194884 0.00034461307 0.00058090274 0.0021089797
0.83570856 0.078452356 0.17153932 0.03551628 0.30272722 0.022356233 0.0025291531 1.9647393e-19 0.9503785 0.9375283 0.00072107906 0.039327547 0.004481413 0.0003256629 0.15131871 0.43063706 0.0001238366 0.64208007 0.0002847697 0.00065043435 0.4333292 0.17376864 0.06164552 0.00011767449 0.0028982258 0.0046099443 0.14064938 0.048515465 0.00059215527 0.10012805 0.24138457 0.1054546 0.3356392 0.28975558 0.15441102 1.7885206e-05 0.0005501812 0.04319667 0.19386083 0.021842493 0.15153927 0.0989938 0.03486972 0.13748787 0.00026175412 0.019292803 0.06197636 5.79895e-06 0.0505519 0.018076232 3.0459527e-05 0.17383055 3.9026954e-06 0.0008260463 0.033255808 0.0038623945 0.026738217 3.3674505e-06 0.04045169 0.04487047 0.014270473 0.017170848 0.0015447845 0.011797231 0.00031004427 1.6184779e-06 0.00024948255 0.00022859835 0.0032266018 2.5416864e-06 0.00072105665 0.00030430942 0.0034089459 0.014463102 0.018237257 0.00010746588 0.055353533 2.1943138e-06 0.002056382 0.03372991 0.00013838745 3.5380708e-05 2.101577e-06 5.8235044e-05 0.000120537115 7.316912e-08 1.6870508e-05 1.5007745e-07 1.1144267e-06 7.300376e-07 1.5401808e-06 0.038655158 0.00016496584 8.272097e-06 4.5909267e-08 0.0010305746 2.2543456e-05 6.499327e-05 0.029031733 0.03850138 0.012225399
0.8119053 0.087696284 0.108906195 0.050613474 0.12675396 0.035673555 0.0030935537 0.9503785 6.24236e-18 0.73507494 0.00074822595 0.09818415 0.005505368 0.0005125967 0.32714218 0.76180744 0.00017195762 0.28794658 0.0002586947 0.00079134235 0.79032093 0.06289685 0.123639 6.957814e-05 0.0013308217 0.005589591 0.14185116 0.12554508 0.00081517495 0.27841708 0.119187795 0.2655115 0.1374569 0.3034554 0.39357376 9.00929e-06 0.0005509717 0.06332154 0.46078214 0.0101369135 0.3960102 0.32052487 0.014342107 0.07367659 0.00052974885 0.03731177 0.15785803 4.6333944e-06 0.022791522 0.064099774 4.623765e-05 0.07885059 3.1040431e-06 0.00096546835 0.06616638 0.013223977 0.028119335 1.4868696e-06 0.0217891 0.03228743 0.0058462387 0.013471434 0.003284574 0.004691742 9.212474e-05 5.4929933e-07 0.00030960815 0.0003621202 0.0337361 1.8082669e-06 0.00056138606 0.0002318409 0.0007455731 0.010247619 0.010123103 0.00014307229 0.019021962 2.6978503e-06 0.00040434257 0.020362806 7.8588266e-05 3.775607e-05 6.1899577e-06 2.9970543e-05 0.00031874084 8.823422e-08 0.00022527867 5.227558e-07 2.5023526e-06 7.5417967e-07 3.7099264e-06 0.023300799 0.0001874358 4.176148e-05 2.1368257e-07 0.0019785352 0.00011772018 1.570583e-05 0.01108529 0.025473552 0.014165813
0.6987405 0.06920046 0.21945648 0.036234714 0.40308836 0.019682173 0.0012471047 0.9375283 0.73507494 2.4561807e-18 0.0014153983 0.037739422 0.004310329 0.00052649126 0.13732618 0.36636698 0.0001881005 0.9502216 0.00020391165 0.0012312543 0.30288342 0.25098535 0.03814505 6.75923e-05 0.0044753505 0.0032287089 0.44918248 0.044950992 0.00035486443 0.10599467 0.29619765 0.0968766 0.510024 0.4433259 0.15701324 1.12532925e-05 0.00036353176 0.0834429 0.24969846 0.028462512 0.11700785 0.086874604 0.0268717 0.13797855 0.0003267517 0.00383498 0.07825184 1.1462512e-05 0.034158193 0.013573754 3.171869e-05 0.13715972 4.7799863e-06 0.00043643455 0.03808834 0.003570547 0.048565514 3.922475e-06 0.07258627 0.05698851 0.026474746 0.020785477 0.00067980046 0.017338665 0.00019991731 1.0975374e-06 0.0005650587 0.00091738894 0.0037628394 2.3641267e-06 0.0016533684 0.0008731875 0.0059195203 0.023104401 0.017830217 0.00041959755 0.054894723 9.195187e-06 0.0029060112 0.03415804 0.00028634677 0.00024552873 6.2649424e-06 9.054369e-05 7.421715e-05 1.5830581e-07 7.4112213e-06 1.1714703e-07 6.742095e-06 1.6754625e-06 5.3600024e-06 0.026573418 0.00018188551 1.0257933e-05 1.9521629e-07 0.0016547872 1.2206204e-05 0.00010377796 0.020559346 0.029826978 0.01703857
0.8039908 0.06129073 0.108051784 0.06083257 0.119076006 0.032386597 0.59422886 0.00072107906 0.00074822595 0.0014153983 1.5626973e-18 0.0062592453 0.2643562 0.96269274 0.005373866 0.0008242328 0.7092644 0.00028495985 0.44545877 0.12163991 7.91841e-05 0.25301018 0.007386639 0.25658342 0.8424238 0.011427689 2.5067462e-07 0.001624987 0.3169175 0.00087717915 0.0020818159 0.00093395985 0.00020820192 1.832875e-05 0.00024800823 0.17688076 0.72912306 8.609191e-07 2.3170849e-06 0.30946177 0.0011185975 2.0420814e-05 0.084745765 0.00015522192 0.23153834 0.011931502 6.8835607e-06 0.057642307 0.1209694 1.8194565e-05 0.057712343 0.00048114592 0.027147103 0.3029411 0.00011252451 1.7932054e-05 3.3856604e-06 0.008953091 8.550144e-06 1.9172796e-06 1.1729611e-06 0.19096343 4.488337e-05 2.8925745e-06 0.049976673 0.00026609428 1.5630983e-05 0.008874035 3.2296262e-05 0.00032864994 4.4631324e-07 2.238259e-06 1.940866e-06 5.184805e-07 3.4893405e-06 6.351671e-07 0.00089734566 6.0445927e-05 8.438597e-06 4.5176977e-05 1.3701847e-05 1.2568457e-06 0.0011012764 1.2461095e-05 0.018853856 6.448559e-05 1.7893198e-06 0.003183374 0.00014835072 8.36555e-05 0.00054440624 0.0018672589 3.3560485e-05 0.0006328442 0.00036559204 0.046862286 0.0028737537 0.0023683284 0.0016652199 0.004824263 0.016771156
0.21414304 0.4733389 0.3559856 0.5975302 0.29747695 0.8724127 0.41113386 0.039327547 0.09818415 0.037739422 0.0062592453 6.517992e-20 0.24954914 0.002569344 0.96990067 0.21955661 0.0025291846 0.014127182 0.0043960153 0.13833705 0.083982 0.05378897 0.7752213 0.00554065 0.0066329692 0.60710174 1.957423e-06 0.36174902 0.16046044 0.081557065 0.003683934 0.12634633 0.00058858434 9.191518e-05 0.014399965 8.782476e-05 0.00033808695 9.825383e-06 0.00062719785 0.008773922 0.08941502 0.0026791976 0.011585829 0.00011093115 0.00010950919 0.51374453 7.885715e-06 2.5066865e-05 0.0059473887 0.0020004117 0.0010595603 0.00022463614 9.497303e-06 0.00014053952 2.4985124e-05 0.00095867884 2.9205762e-06 9.426379e-06 1.6255619e-05 2.8102124e-06 7.448968e-06 0.0018828089 0.0022160339 4.192011e-06 0.00073058746 7.148537e-07 3.742895e-06 0.032095443 3.4072327e-06 4.9347213e-06 4.045442e-07 4.647159e-07 2.2943705e-06 3.1072832e-06 2.428268e-06 2.845309e-07 6.0341164e-05 5.527848e-06 3.4096156e-06 4.7652327e-05 6.200746e-06 5.130175e-07 2.8895181e-05 8.9359155e-06 0.00021275769 9.56397e-08 2.6304886e-06 6.972916e-08 2.3664024e-06 1.9827046e-07 9.041619e-06 0.0019922643 0.0014764402 6.1033547e-06 2.6212856e-06 0.00032962175 3.210409e-05 0.0030368567 0.0002923483 0.0002942624 0.00050147314
0.23205228 0.33440137 0.18810478 0.5295398 0.12670133 0.57827497 0.85159427 0.004481413 0.005505368 0.004310329 0.2643562 0.24954914 1.2696064e-18 0.21967031 0.12134868 0.0035750393 0.15380149 0.00060621405 0.26048183 0.9726094 0.0016418626 0.04055587 0.21812055 0.57495165 0.044255905 0.2795625 3.686109e-07 0.039027918 0.712078 0.006937689 0.00058580784 0.00843121 4.5788438e-05 1.970022e-05 0.0021617443 0.007006841 0.013127062 2.0067084e-06 1.3121798e-05 0.03954847 0.016837785 0.00026953072 0.020338895 3.927422e-05 0.0027226894 0.3712437 1.427746e-06 0.0076041706 0.009278268 0.0003457549 0.093039796 6.989458e-05 0.013488069 0.003560073 2.6927724e-05 0.00013934082 1.5820597e-06 0.00023580043 2.9441215e-05 5.4704487e-06 1.0374665e-05 0.0068060425 0.00039211384 1.549933e-05 0.043087024 1.2671509e-05 5.8459423e-06 0.067489766 3.7419904e-05 8.890544e-05 2.2909246e-06 2.4426147e-06 3.0667667e-05 5.0991844e-06 2.9308665e-06 2.1466924e-06 8.4510044e-05 9.636377e-05 2.879538e-05 6.231386e-05 8.059748e-06 2.6287557e-06 0.00053085876 1.5692383e-05 0.0023084644 2.0132566e-06 1.7387329e-06 8.942633e-06 2.5009893e-05 6.8861546e-06 0.00021290992 0.0013852199 0.00064465817 0.0003097916 5.21917e-05 0.0012765054 0.00082080485 0.0061877095 0.0004166112 0.00061159965 0.0010015953
0.7572229 0.021950608 0.016096141 0.03403465 0.012840793 0.01874544 0.5730906 0.0003256629 0.0005125967 0.00052649126 0.96269274 0.002569344 0.21967031 5.609488e-17 0.0032015746 0.00025218588 0.95285964 6.826265e-05 0.6164013 0.08535756 7.1743816e-05 0.03118211 0.0021379574 0.3606065 0.70583296 0.0028847768 8.144254e-08 0.0002872751 0.29116872 0.00044941626 0.000291552 0.00033592185 5.2543033e-05 7.4110444e-06 0.00012175378 0.4257006 0.7355819 4.920226e-07 2.2401937e-06 0.13471542 0.00014397896 2.2180011e-05 0.029780807 3.2330532e-05 0.25029373 0.0034676092 2.1232108e-06 0.17663813 0.048409577 1.1604213e-05 0.067512326 4.745985e-05 0.06797166 0.29771575 5.43093e-05 2.6460264e-05 2.0462464e-06 0.07930171 9.384583e-07 5.293226e-07 2.9218288e-07 0.16257459 2.0244282e-05 1.8355776e-07 0.07448635 0.0017004473 6.6381263e-06 0.0022878002 6.95951e-06 0.003337508 2.3744559e-07 8.839725e-07 9.1797396e-08 1.0785695e-08 3.9795168e-08 5.065636e-07 0.0002722373 0.0024829768 7.267567e-07 1.7020202e-05 3.1450234e-06 8.4977e-07 0.0082813185 7.0569554e-06 0.053795487 0.0011906954 8.1454385e-07 0.0063243574 0.0011748325 0.00021488596 0.0007806087 0.0018070035 1.5529278e-05 0.0024584082 0.0019519835 0.044384312 0.008294356 0.0029477472 0.000970033 0.0017835513 0.007184711
0.26242587 0.30279794 0.22149794 0.4316118 0.24184833 0.58237255 0.17630903 0.15131871 0.32714218 0.13732618 0.005373866 0.96990067 0.12134868 0.0032015746 5.683833e-21 0.607512 0.0019479232 0.06384272 0.003909617 0.05356404 0.46723112 0.0467237 0.8297127 0.0033144704 0.0031493113 0.49884823 4.5087498e-05 0.6789299 0.06419345 0.38748315 0.01532714 0.45797744 0.0034815047 0.0009240323 0.15492247 3.9330742e-05 0.00010545678 0.00013379869 0.0089300545 0.0066279485 0.3136066 0.01988152 0.006262383 0.0008868672 0.00012397082 0.5583472 0.00019357496 1.7443908e-05 0.004356428 0.0076143523 0.0001440747 0.0017372116 6.0562334e-06 0.00014536305 0.00013591298 0.0034768062 1.5233389e-05 6.0804445e-07 0.00019392419 9.2372655e-05 0.00015669707 0.0016964464 0.0048638624 5.5368415e-05 9.177704e-05 2.1324306e-07 4.0455716e-06 0.023895605 9.047825e-05 1.0641918e-06 7.706124e-07 9.0171335e-07 1.6771115e-05 5.9257753e-05 3.6476493e-05 6.0577787e-07 0.00017112037 2.5251918e-06 1.1531423e-05 0.00023983694 4.6791006e-06 5.133763e-07 1.8656647e-05 4.177022e-06 0.00012832247 6.2035674e-08 6.9009e-06 7.821802e-08 1.3272037e-06 1.3043905e-07 3.4953823e-06 0.0009015402 0.0011316268 2.9036355e-06 9.4238834e-07 0.00040883129 2.359094e-05 0.0013988578 0.00028548238 0.00054210075 0.0006784767
0.6105633 0.07010997 0.05890153 0.055336785 0.11092095 0.05096041 0.0026786074 0.43063706 0.76180744 0.36636698 0.0008242328 0.21955661 0.0035750393 0.00025218588 0.607512 4.0552265e-20 0.00030216883 0.14714812 0.00023049786 0.0011729372 0.98178214 0.0333924 0.21583378 5.0283965e-05 0.0004327626 0.024721866 0.0023851013 0.24620543 0.0010508416 0.3371709 0.05215099 0.34436643 0.031743683 0.015099843 0.3483382 8.878221e-06 9.75139e-05 0.002675174 0.077689044 0.0027442952 0.23486438 0.08172588 0.005782135 0.010281896 4.3997286e-05 0.08487792 0.0030808025 7.4730683e-06 0.0031605656 0.009421692 4.00525e-05 0.018846216 4.096735e-06 5.4896263e-05 0.0022246065 0.0020685247 0.00079275295 1.5816254e-06 0.0025705965 0.0028813581 0.0010108718 0.000905231 0.0029852772 0.0012575303 1.7402235e-05 2.8450527e-06 7.8256046e-05 0.00023287398 0.0016978943 5.3170784e-06 2.2661388e-05 4.5188854e-06 0.00022649084 0.0005930575 0.0021597713 1.1639979e-05 0.0024908897 1.7473318e-06 0.00018143145 0.0036790925 4.047488e-05 1.4104054e-05 5.536179e-06 3.2503347e-05 7.102614e-05 2.549541e-07 5.490307e-05 6.53019e-08 1.4118042e-06 7.049098e-08 1.9485647e-06 0.0033068077 0.00020363084 2.1725305e-05 4.0306466e-07 0.0002468256 9.5399715e-05 0.000111125984 0.00091581425 0.0012662045 0.00079802476
0.8036391 0.010987524 0.00632262 0.016379395 0.0036958475 0.011493004 0.54592586 0.0001238366 0.00017195762 0.0001881005 0.7092644 0.0025291846 0.15380149 0.95285964 0.0019479232 0.00030216883 1.0971247e-16 3.0092146e-05 0.92575586 0.057601012 3.4919154e-05 0.009505155 0.0022083092 0.40605572 0.3130274 0.0009733812 2.3456122e-08 0.00037402258 0.21346384 0.0004674627 9.776495e-05 0.00044695922 7.4189575e-06 2.228304e-06 0.000101318576 0.7017535 0.39907563 2.7061697e-07 1.3249993e-06 0.03626417 0.000119594966 1.1519157e-05 0.0076563493 4.74325e-06 0.120001845 0.002888339 1.3039546e-06 0.26733953 0.017658733 7.818916e-06 0.052412167 2.102436e-05 0.08817843 0.14334814 3.393689e-05 1.6324704e-05 2.9497363e-07 0.11943009 3.8447425e-07 6.650555e-07 1.0751277e-07 0.07616945 3.1295418e-05 6.706325e-08 0.059521493 0.0055150217 2.0915597e-06 0.004102057 6.1966202e-06 0.0044300053 1.34905e-07 1.4996393e-06 7.5452895e-08 3.1174683e-09 1.1316881e-08 3.3098775e-07 4.771472e-05 0.0047590476 1.6666656e-06 8.4459725e-06 4.5902e-06 8.543734e-07 0.0101747 1.2446902e-05 0.060051836 0.0010266732 3.8567586e-07 0.009426846 0.0020925484 0.00038292093 0.001205066 0.0008879729 2.4785299e-05 0.0039119795 0.0026876403 0.017949026 0.008690827 0.0020094684 0.00063429395 0.0014235837 0.0039124335
0.904476 0.025392346 0.08957927 0.014349489 0.24840441 0.009447903 0.00017917479 0.64208007 0.28794658 0.9502216 0.00028495985 0.014127182 0.00060621405 6.826265e-05 0.06384272 0.14714812 3.0092146e-05 7.28185e-17 4.403221e-05 9.6643176e-05 0.07856613 0.25442052 0.0059232526 7.824303e-06 0.00096214644 0.0003496674 0.4572324 0.004864307 5.296357e-05 0.02507685 0.6386843 0.02043705 0.85192317 0.30672577 0.036469243 1.7136874e-06 0.00029322284 0.04916841 0.07713439 0.032440897 0.018513532 0.027362684 0.04014791 0.40193197 0.00017168284 0.00054135703 0.039073374 3.468174e-06 0.085224226 0.0036590463 2.8103748e-05 0.32664934 6.545434e-06 0.00061507116 0.01273858 0.0006662633 0.025364572 1.3546323e-05 0.097938314 0.114183165 0.01947343 0.022949813 9.9287005e-05 0.012760612 0.000433722 2.3100906e-06 0.00011370464 4.3689757e-05 0.00047620985 1.100874e-06 0.0014213236 0.0002418718 0.0024592958 0.030943396 0.041324418 0.00028260346 0.1967704 1.6196993e-06 0.0015657123 0.111152306 0.0001575829 0.00017970393 2.4746455e-06 8.727371e-05 8.285532e-05 3.4630068e-07 1.20803215e-05 2.38418e-06 2.2609224e-06 2.410504e-06 1.2197535e-05 0.1245303 0.00014238818 9.306151e-06 1.202828e-07 0.0021758939 2.4307807e-05 6.309128e-05 0.11393874 0.16519248 0.048116136
0.85651827 0.014129803 0.007217788 0.021604449 0.003323539 0.019301131 0.72619677 0.0002847697 0.0002586947 0.00020391165 0.44545877 0.0043960153 0.26048183 0.6164013 0.003909617 0.00023049786 0.92575586 4.403221e-05 4.3407686e-16 0.15237698 3.468907e-05 0.007135447 0.00537122 0.8133798 0.09860731 0.004064273 3.8953104e-08 0.0016316744 0.4241672 0.0019240496 8.157567e-05 0.0021216322 9.364178e-06 3.2684113e-06 0.00032464424 0.9312139 0.21437682 1.1178563e-06 1.7377184e-06 0.023855183 0.0007456058 4.8713144e-05 0.0054150815 3.8327075e-06 0.07568222 0.012505234 1.9097758e-06 0.5318733 0.010091251 4.4792247e-05 0.18219821 1.37028655e-05 0.2706868 0.08604606 5.3880856e-05 6.823401e-05 3.6321396e-07 0.28378788 3.6426452e-06 1.3114472e-06 1.2631747e-06 0.029683795 0.00011752858 7.051542e-07 0.14228976 0.01681673 3.856374e-06 0.015210119 1.6886332e-05 0.0053060967 4.834332e-07 4.658761e-06 3.8079436e-06 6.552107e-07 1.5185549e-07 2.0920445e-06 1.3405214e-05 0.007222529 1.2753341e-05 1.173886e-05 1.2867337e-05 1.0960829e-05 0.01233284 3.8894625e-05 0.049037196 0.003246585 1.9632578e-06 0.022404067 0.0020723979 0.0010920154 0.0056827334 0.0017335739 6.5787804e-05 0.00388386 0.0024829183 0.00574161 0.008732125 0.004355757 0.0003057103 0.00039514434 0.0013348695
0.07246974 0.14965594 0.059148956 0.29559195 0.02995593 0.42374977 0.7051558 0.00065043435 0.00079134235 0.0012312543 0.12163991 0.13833705 0.9726094 0.08535756 0.05356404 0.0011729372 0.057601012 9.6643176e-05 0.15237698 4.582887e-19 0.0001730074 0.015510429 0.17472333 0.722664 0.023867076 0.2891017 3.0726405e-08 0.023897301 0.9361934 0.0062595974 0.00012751523 0.007723473 1.1769586e-05 3.2849105e-06 0.0009818788 0.012143714 0.00693174 1.7900528e-07 2.5581521e-06 0.009201333 0.014206306 0.000107797634 0.004077294 1.1617244e-05 0.0018207507 0.31383878 2.2828864e-07 0.013522226 0.0028412826 0.00010178654 0.15115528 1.8396382e-05 0.0193849 0.0031620504 2.2790853e-06 6.1002214e-05 2.3646979e-07 0.00052571355 2.9771459e-06 9.965744e-07 5.315251e-07 0.007245713 0.00014596693 5.058969e-07 0.06939711 1.9268766e-05 3.96748e-07 0.08077343 3.0871533e-06 7.539553e-05 1.4897871e-07 6.2021627e-07 5.369132e-07 5.5321703e-07 1.6946925e-07 1.5836139e-07 3.6480578e-06 0.00021761312 5.9337394e-06 1.103274e-05 1.4743704e-06 3.4145043e-07 0.0008941533 1.9072385e-06 0.003514785 5.553833e-07 2.0611772e-07 2.705019e-05 0.00014912577 1.953927e-05 0.00038640853 0.00054162386 0.00037955152 0.0005909283 8.1211765e-05 0.0015433591 0.00064942375 0.012680032 0.00023026191 0.0005729382 0.0014208723
0.3890479 0.01393005 0.009513399 0.017201472 0.009374432 0.012742395 0.0007844531 0.4333292 0.79032093 0.30288342 7.91841e-05 0.083982 0.0016418626 7.1743816e-05 0.46723112 0.98178214 3.4919154e-05 0.07856613 3.468907e-05 0.0001730074 2.5962423e-19 0.0017329243 0.1388668 1.3536082e-05 2.1164315e-05 0.0018146929 0.027621891 0.1233696 0.000112685055 0.5627359 0.026128404 0.4765614 0.035419136 0.17048806 0.6998269 3.1721395e-06 9.743502e-06 0.053390592 0.6181345 0.00013766819 0.42582947 0.47725198 0.0004615672 0.012811087 5.367803e-06 0.0064352183 0.21149538 9.430932e-07 0.00013948893 0.11112099 8.975099e-06 0.012967529 1.3639585e-06 9.668766e-06 0.063738145 0.023691904 0.01758686 4.936032e-07 0.007163142 0.010540632 0.0043521337 0.00022835955 0.0060130917 0.0036413134 9.9451745e-06 3.6321603e-07 0.0018896173 5.66128e-06 0.054314625 1.2108205e-06 0.000118030104 2.5841373e-05 0.00037401295 0.0017034459 0.0039000693 4.352353e-05 0.002876944 7.2465616e-07 0.00035203385 0.0043150424 0.000101669626 2.8303593e-05 3.1445109e-06 6.325291e-05 3.262751e-05 6.0716744e-08 0.0014575167 8.6780496e-08 2.280319e-07 2.1061975e-08 7.9772644e-07 0.0020502245 0.0001520924 4.4064536e-06 1.5436049e-07 8.018598e-05 1.2823615e-05 1.9305866e-05 0.0008768358 0.0023716688 0.0012625322
0.9717672 0.2604054 0.6821831 0.12317483 0.95132625 0.07702801 0.09471153 0.17376864 0.06289685 0.25098535 0.25301018 0.05378897 0.04055587 0.03118211 0.0467237 0.0333924 0.009505155 0.25442052 0.007135447 0.015510429 0.0017329243 1.0034496e-17 0.0137271825 0.004859814 0.34118035 0.014732076 0.0014296244 0.008044575 0.010673657 0.0054477607 0.42319426 0.0061950493 0.1351092 0.005541028 0.0016255054 0.0005683882 0.03006558 0.00044275218 3.717476e-05 0.650393 0.002149953 0.0004231725 0.6965248 0.028163504 0.013899483 0.0047897585 1.1848995e-05 0.0005500304 0.52735984 0.00020476773 0.00093217834 0.10325764 0.00021254152 0.033398062 0.0003034357 2.2311948e-05 7.4168674e-05 0.00026651815 0.0006923092 0.00041327847 0.00010602168 0.5086201 3.030882e-05 5.2279374e-05 0.0017682555 2.1273874e-05 2.176376e-06 0.0024997997 1.0397188e-05 9.891472e-05 2.4312307e-05 5.0610465e-06 3.2241837e-06 1.5623664e-05 0.00046109335 5.226105e-06 0.010807588 0.0004690259 1.3345391e-05 0.001308516 3.0139406e-06 2.8508678e-06 0.0006408378 8.599833e-06 0.0016798866 4.084295e-06 2.9911918e-05 6.462518e-06 1.558573e-05 5.395405e-06 0.00019476844 0.02301635 0.00010235678 0.00014649576 7.9652045e-06 0.14342731 0.00061943254 0.005896628 0.040397573 0.1129586 0.25340527
0.068189986 0.2711237 0.16306084 0.4438078 0.14401762 0.50929254 0.26296052 0.06164552 0.123639 0.03814505 0.007386639 0.7752213 0.21812055 0.0021379574 0.8297127 0.21583378 0.0022083092 0.0059232526 0.00537122 0.17472333 0.1388668 0.0137271825 1.8182933e-19 0.007571752 0.002582935 0.95956373 5.7551833e-06 0.7692572 0.15311028 0.2622754 0.0007575359 0.38777393 0.00018749999 0.000170735 0.0630821 0.00029822328 0.00011240889 2.1070266e-05 0.0011916542 0.0008686377 0.2155771 0.010467534 0.0008391594 5.13135e-05 4.5845944e-05 0.5449194 1.9572242e-05 9.201911e-05 0.00053097133 0.0049717035 0.001570595 9.211437e-05 5.544873e-05 3.1603045e-05 2.2892353e-05 0.0022401959 6.8262552e-06 1.6390068e-05 5.4316704e-05 2.941806e-05 1.34687625e-05 0.0004734223 0.004938212 2.8335166e-05 0.0011585752 8.609975e-06 4.7428784e-06 0.04938152 2.7164686e-05 0.00011129992 4.115642e-06 2.961777e-06 1.3811564e-05 8.8129955e-06 4.7414946e-06 2.2530467e-06 1.8693925e-05 5.06812e-05 2.026866e-05 2.1414528e-05 4.492986e-06 3.3017325e-06 0.00011905852 3.3895325e-05 0.00044955578 5.9294376e-07 8.091895e-06 8.0438423e-07 2.5876614e-05 2.3281169e-07 6.152298e-06 0.00052029936 0.0037672736 3.88511e-05 9.160326e-06 0.00025085628 0.00014661707 0.0028630237 0.00021235128 0.00033709593 0.00036181364
0.35601276 0.024529828 0.011752869 0.0431532 0.0056807958 0.035588916 0.7295729 0.00011767449 6.957814e-05 6.75923e-05 0.25658342 0.00554065 0.57495165 0.3606065 0.0033144704 5.0283965e-05 0.40605572 7.824303e-06 0.8133798 0.722664 1.3536082e-05 0.004859814 0.007571752 1.8573798e-16 0.04597215 0.01676895 1.01052615e-08 0.0025347539 0.9340842 0.0017121863 8.740627e-06 0.0017961015 3.826451e-06 1.1377222e-06 0.0002304027 0.6178303 0.06605319 2.6821513e-07 5.778675e-07 0.0064231274 0.002926296 6.435629e-06 0.0018489434 9.2598003e-07 0.022084385 0.07050971 6.248047e-07 0.7252401 0.0015920287 5.1166967e-06 0.5898089 3.8132984e-07 0.61207247 0.013500148 1.7534684e-06 4.484869e-06 4.0537742e-08 0.31780925 1.7415806e-06 1.4840675e-06 5.211301e-07 0.002113387 0.00011097603 3.860685e-07 0.4322509 0.0062883804 7.0140635e-07 0.10169803 0.00017014335 0.004269717 1.9575116e-07 6.839551e-07 6.4276187e-06 1.0033117e-06 5.0294994e-07 3.0156758e-07 3.1375237e-07 0.0045457925 6.6946445e-06 4.2282954e-06 1.0936297e-06 2.1951782e-06 0.0068887398 1.1249053e-05 0.013180445 0.0029682543 2.4768684e-07 0.017615331 0.0022386324 0.003267187 0.019010039 0.00031317587 0.00011744488 0.004911167 0.001892383 0.0012234303 0.004230044 0.021924514 4.461626e-05 0.00011352738 0.00024661477
0.85728794 0.057103656 0.08793601 0.037221488 0.11788397 0.023490751 0.2113016 0.0028982258 0.0013308217 0.0044753505 0.8424238 0.0066329692 0.044255905 0.70583296 0.0031493113 0.0004327626 0.3130274 0.00096214644 0.09860731 0.023867076 2.1164315e-05 0.34118035 0.002582935 0.04597215 5.842502e-16 0.0027529062 1.0847858e-06 0.0020390805 0.043934345 0.00031279115 0.011701161 0.0002381006 0.0004047486 1.8159235e-05 5.0035647e-05 0.0885333 0.8849848 1.8777965e-06 4.9144887e-06 0.5098183 0.000113601025 3.4729223e-05 0.16909532 0.00026362675 0.4372464 0.001303552 1.4952508e-06 0.028647153 0.1531033 7.871754e-06 0.0052573965 0.001612821 0.0030988022 0.6672032 3.5067864e-05 1.6095042e-06 1.3957141e-06 0.023821259 5.8869623e-06 1.1411373e-06 4.3373788e-07 0.36331037 1.28937845e-05 1.0450336e-06 0.0035986386 0.0017513869 1.8402399e-07 0.005620571 6.0483522e-05 0.0024897796 7.27473e-07 1.7220574e-06 2.8170564e-07 3.882443e-07 1.50996975e-05 1.0996653e-06 0.001845078 0.006265633 4.1952107e-06 0.00011550041 1.857523e-07 4.884754e-07 0.006290452 3.7141251e-06 0.026711378 0.00019169213 3.1602085e-07 0.00021976522 0.0016036079 7.996566e-05 0.00016776066 0.006614095 1.5820591e-05 0.001416975 0.00090810383 0.13072942 0.003595817 0.000834221 0.006035734 0.021949379 0.07491779
0.018991888 0.21902223 0.13802573 0.4318487 0.1316114 0.5159231 0.30566412 0.0046099443 0.005589591 0.0032287089 0.011427689 0.60710174 0.2795625 0.0028847768 0.49884823 0.024721866 0.0009733812 0.0003496674 0.004064273 0.2891017 0.0018146929 0.014732076 0.95956373 0.01676895 0.0027529062 7.974873e-19 4.084922e-08 0.6685896 0.29516667 0.08929262 0.00015362453 0.1990832 2.5759216e-05 2.9450775e-06 0.010183413 0.00042585153 0.00015508122 2.1857622e-07 7.970349e-06 0.00072361797 0.13900796 0.0006255206 0.0007206287 3.3643755e-06 2.3577219e-05 0.8978805 6.45747e-07 0.00011213736 0.00041785627 0.0010959748 0.009523656 8.027752e-06 0.00020726169 6.400482e-05 1.1758327e-06 0.00013746013 2.1020388e-07 6.1122526e-05 3.5361193e-06 1.3344443e-06 8.4760006e-07 0.0015360123 0.002660694 8.9322805e-07 0.0041121915 6.5731706e-06 7.2096833e-07 0.1064347 2.1012522e-06 5.8264155e-05 6.381976e-07 1.1925164e-07 2.4561967e-07 4.0405726e-07 4.4471335e-08 4.940609e-07 3.2840134e-07 4.9473656e-05 2.7336373e-06 6.8040686e-07 2.6954226e-06 6.379201e-07 0.00022299709 2.6688772e-06 0.000670559 2.9903478e-07 1.7282402e-06 5.588932e-07 6.3677624e-05 3.2695945e-07 3.6449233e-05 5.6096138e-05 0.0038448987 0.00014384434 2.2298802e-05 0.00043388893 0.00018018117 0.013324414 8.17332e-05 0.00032338442 0.00088049733
0.7500417 9.2043774e-05 0.00045406338 1.056781e-05 0.001515457 9.701194e-06 4.225594e-08 0.14064938 0.14185116 0.44918248 2.5067462e-07 1.957423e-06 3.686109e-07 8.144254e-08 4.5087498e-05 0.0023851013 2.3456122e-08 0.4572324 3.8953104e-08 3.0726405e-08 0.027621891 0.0014296244 5.7551833e-06 1.01052615e-08 1.0847858e-06 4.084922e-08 7.852873e-21 3.4594764e-06 2.8437613e-08 0.00066695974 0.21222347 0.0004182735 0.7126456 0.9643567 0.0033986382 1.1244993e-08 1.295558e-06 0.82603014 0.1056047 0.00056327216 0.0015155849 0.010821723 0.0021319196 0.6370198 1.37997e-07 2.1206388e-06 0.35045046 6.9498887e-09 0.0018547254 0.0010305102 3.7808114e-08 0.18826693 3.7974757e-09 1.9498382e-06 0.11459782 0.0003601924 0.49226448 6.282142e-08 0.7267917 0.6989072 0.3767196 0.00037777447 5.0750677e-06 0.39480537 5.2469073e-07 2.646089e-07 0.005253815 4.5054784e-07 0.010444434 1.35363445e-08 0.02987707 0.015098713 0.007513348 0.29021344 0.23204143 0.006705233 0.25358915 1.3095968e-07 0.014579485 0.3249579 0.0043778555 0.005812892 1.5361972e-07 0.003059594 6.9054585e-07 2.2501325e-08 1.9637203e-06 1.9284878e-08 1.10773996e-07 2.2173483e-08 5.68234e-07 0.054571204 3.596398e-06 2.7392784e-07 2.3397586e-08 0.00015174151 1.6944034e-07 5.866828e-07 0.030675095 0.02274269 0.0077098664
0.012732781 0.10284183 0.042942274 0.18641438 0.05744776 0.16646548 0.13313463 0.048515465 0.12554508 0.044950992 0.001624987 0.36174902 0.039027918 0.0002872751 0.6789299 0.24620543 0.00037402258 0.004864307 0.0016316744 0.023897301 0.1233696 0.008044575 0.7692572 0.0025347539 0.0020390805 0.6685896 3.4594764e-06 1.24383546e-17 0.03352294 0.8710321 0.00096407486 0.94862217 0.0002882867 0.000172797 0.6572065 0.00012416476 7.849302e-06 1.6894546e-05 0.004242053 9.502871e-05 0.8151141 0.13030082 0.000100154124 3.0581043e-05 2.6886553e-06 0.77365345 1.9875853e-05 9.67807e-05 8.322443e-05 0.04249995 0.0005810005 1.760787e-05 4.3171658e-05 6.217107e-06 6.432077e-06 0.012210076 1.3633954e-06 2.0989e-05 2.1398604e-05 2.5365034e-05 2.3112241e-05 0.0023307186 0.016556539 9.245255e-06 0.0012518371 3.0376718e-06 9.41763e-07 0.04629313 7.3527655e-05 9.918687e-05 7.4744895e-07 6.537128e-07 4.23814e-07 7.646362e-06 1.2702197e-06 3.9565566e-07 7.6071365e-06 6.359455e-05 3.6406932e-06 2.2961773e-05 8.088219e-07 1.0212159e-06 4.156306e-05 3.731536e-06 0.0002753922 3.3489536e-07 2.8627615e-05 1.0651264e-07 5.0859475e-05 1.7546083e-07 1.9660195e-06 0.000509132 0.0032382794 2.9953626e-05 3.4050045e-06 0.00027275883 2.0014975e-05 0.00090200023 0.00030912226 0.0004189112 0.00020111956
0.2009576 0.1619085 0.069009736 0.39466792 0.037742864 0.27661085 0.7906328 0.00059215527 0.00081517495 0.00035486443 0.3169175 0.16046044 0.712078 0.29116872 0.06419345 0.0010508416 0.21346384 5.296357e-05 0.4241672 0.9361934 0.000112685055 0.010673657 0.15311028 0.9340842 0.043934345 0.29516667 2.8437613e-08 0.03352294 3.2417478e-16 0.004319921 4.508113e-05 0.00731234 3.227271e-05 5.149225e-06 0.00022050313 0.12477305 0.008953368 3.4286433e-07 2.3350133e-06 0.0028671056 0.01873305 2.3525585e-05 0.0011062769 7.4516042e-06 0.0011028145 0.67043453 3.4095633e-06 0.21926925 0.00073029456 3.284499e-05 0.841392 7.491328e-06 0.49410105 0.0014230529 2.048816e-06 4.851916e-05 1.7950667e-07 0.010812913 1.5790338e-05 4.5498864e-06 5.6877866e-06 0.0054835123 0.0010383396 9.524704e-06 0.52071893 0.00026792308 2.535375e-06 0.7252844 0.00019423124 0.00045296806 1.5156043e-06 1.6861959e-06 7.3374636e-06 2.0523125e-06 3.109532e-07 1.5960168e-06 2.0269752e-06 0.0011006285 2.3952505e-05 4.4575236e-06 6.8425884e-06 8.739027e-06 0.00157724 1.6827558e-05 0.004569106 3.6285357e-05 2.082041e-06 0.0034577122 0.0007363976 0.00072286435 0.021496488 0.00016249862 0.005472286 0.0011328885 0.0007321851 0.0026920487 0.0011192304 0.14176178 9.659416e-05 0.00047839887 0.0016962166
0.01160909 0.03281164 0.018389288 0.034550834 0.025357185 0.034864895 0.032631654 0.10012805 0.27841708 0.10599467 0.00087717915 0.081557065 0.006937689 0.00044941626 0.38748315 0.3371709 0.0004674627 0.02507685 0.0019240496 0.0062595974 0.5627359 0.0054477607 0.2622754 0.0017121863 0.00031279115 0.08929262 0.00066695974 0.8710321 0.004319921 1.7755621e-20 0.0071206214 0.95316726 0.0038311456 0.0057471953 0.9359505 0.00013054864 4.1547723e-05 0.0005935784 0.2438846 0.00047728646 0.8183178 0.5323263 0.00010066423 0.0010121847 1.9719637e-05 0.26089758 0.0021850986 8.027029e-05 5.68208e-05 0.17686404 0.00012990012 0.00017178387 4.408772e-05 2.011402e-05 0.00020906763 0.031031674 9.536862e-05 4.828497e-06 9.056864e-05 0.00013349904 0.00015273398 0.0025142008 0.014168963 0.00020670683 0.00029918295 3.0243362e-07 2.7210293e-05 0.00019220066 0.0022149943 2.1749744e-05 8.316727e-06 6.487521e-06 1.2041699e-05 0.0001427459 2.7279826e-05 2.7596795e-06 5.5084533e-05 1.0931526e-05 7.883969e-06 5.7176305e-05 4.251193e-06 2.8749212e-06 4.8683914e-06 5.878923e-06 8.7538196e-05 1.1216146e-07 0.0005081073 6.3541215e-08 3.9228717e-06 1.122552e-07 1.2059838e-06 0.0002924643 0.001129185 3.741874e-06 1.1490367e-07 0.0005050636 4.6399367e-05 0.00017012046 0.0003872622 0.0008309787 0.0006065011
0.9426947 0.013322763 0.035422716 0.0062275394 0.18379197 0.004030734 0.0002877003 0.24138457 0.119187795 0.29619765 0.0020818159 0.003683934 0.00058580784 0.000291552 0.01532714 0.05215099 9.776495e-05 0.6386843 8.157567e-05 0.00012751523 0.026128404 0.42319426 0.0007575359 8.740627e-06 0.011701161 0.00015362453 0.21222347 0.00096407486 4.508113e-05 0.0071206214 3.2505505e-17 0.0024075704 0.96014 0.04843641 0.0048613646 5.876675e-06 0.0014741125 0.016830297 0.0026421596 0.07494952 0.0010666854 0.0010808917 0.086020015 0.7254735 0.0016917345 1.2530284e-05 0.0020894296 2.7799372e-06 0.11966267 9.1990325e-05 1.3886397e-05 0.633575 2.1607063e-06 0.0047128615 0.00096888933 2.8283868e-05 0.0039227316 2.7304473e-05 0.047131866 0.08183343 0.013063434 0.116159275 1.9139994e-05 0.0047154943 4.600102e-05 2.618959e-06 1.6573735e-05 4.6556186e-05 3.814143e-05 1.3962733e-06 0.0003747706 0.000115649644 0.00025391328 0.009659758 0.038559794 7.710866e-05 0.29313368 8.979774e-06 0.00019423034 0.124540426 6.3626634e-05 8.635043e-05 5.2474857e-06 8.862415e-05 0.0008674766 3.5466715e-07 7.216029e-06 1.8705907e-07 1.8553303e-06 1.0420957e-06 1.5449332e-05 0.20357357 5.5633485e-05 2.7903612e-05 1.6840673e-07 0.030197054 0.00017053208 0.0001154197 0.21673027 0.33596322 0.24396138
