2.700531e-26 0.8767255 0.89903706 0.9261415 0.85376585 0.9371735 0.94124687 0.8790208 0.9307936 0.9344432 0.8032309 0.94204444 0.7942496 0.9344596 0.75255156 0.69108266 0.8086686 0.92930335 0.21004573 0.17356764 0.20348696 0.9129192 0.6174554 0.9299481 0.9459026 0.19344363 0.82212275 0.97525555 0.7795229 0.6609346 0.86332875 0.020525433 0.78240246 0.9392032 0.951464 0.9591233 0.20698164 0.022601115 0.9950848 0.7316539 0.6210232 0.9930999 0.8368173 0.72350925 0.8336074 0.14626412 0.45896938 0.86815846 0.017900916 0.98873246 0.33795547 0.8023758 0.13267942 0.139282 0.84004027 0.9988982 0.049233153 0.91754913 0.031002643 0.035052948 0.0049291593 0.019927219 0.44849056 0.9970898 0.9623671 0.68641615 0.0037885073 0.012750297 0.6654932 0.9788215 0.15948308 0.9790875 0.031028762 0.0014139622 0.0022139521 0.17868897 0.0044326913 0.0024104929 0.9976054 0.15320486 0.04402561 0.75746655 0.0005582724 0.1967578 0.33646184 0.00085134536 6.8661575e-05 0.96037555 0.0008059919 0.9998155 2.5247498e-05 0.004729814 0.90584433 1.2011888e-05 1.2668875e-05 1.1633703e-06 0.41334933 0.9999979 3.180975e-05 0.9992276 8.464919e-05
0.8767255 2.9535904e-18 0.78426445 0.9473154 0.35716575 0.9606013 0.51254463 0.39922196 0.03361834 0.3586252 0.006784262 0.13280845 0.1688359 0.012430242 0.030423637 0.0058882353 0.0033914389 0.00064234453 0.0142789055 0.036079824 0.21867798 0.0049946434 0.0007400741 0.029783702 0.09007239 0.22774456 0.00055835943 0.010596595 0.001404381 0.00024176802 0.004387448 0.023016032 0.0011106438 0.0007006613 0.0009574133 3.9118157e-05 0.004993519 0.12226055 0.11844826 0.0005552062 0.0001231279 0.03360367 0.000102144295 0.000110361565 0.0001868686 0.0016261069 0.0052710944 0.00016177328 0.021033572 0.0062463265 0.042429827 6.9999976e-07 0.00034522623 9.461887e-05 2.5380397e-05 0.018695617 0.13445091 0.00016786325 0.00062221935 0.0026732332 0.0064315405 0.009348885 1.8088291e-06 4.4774097e-05 0.0038399922 0.00019424161 5.5736717e-05 0.0005560402 3.4031539e-06 0.0013281236 4.63661e-05 0.0026061018 1.8840257e-05 0.008063116 0.037227504 1.1893233e-06 5.9503178e-05 0.00135608 0.0035196356 8.854751e-07 1.01880505e-05 6.987795e-06 3.271881e-05 1.4936339e-07 5.3629683e-06 5.337176e-06 0.00019145316 0.0012063654 4.1000108e-06 0.0034443056 1.1001136e-05 9.104741e-06 2.2788288e-06 1.0925189e-05 3.0483325e-05 3.725905e-05 8.561584e-08 0.00093787553 2.3815373e-06 0.00015961356 4.2588294e-06
0.89903706 0.78426445 2.7931302e-18 0.68013096 0.980362 0.39068946 0.46108145 0.26904595 0.31825957 0.7603428 0.055432864 0.5440328 0.06493803 0.11846003 0.044676416 0.020987907 0.009599948 0.0017176005 0.024891907 0.0380932 0.11548784 0.010223001 0.007673721 0.121655285 0.32386383 0.120864294 0.002266959 0.03656852 0.001967205 0.00051165477 0.011045745 0.016296497 0.0039708195 0.003380834 0.003699693 7.701033e-05 0.010673035 0.055724557 0.21326682 0.001108195 0.00017069708 0.18637677 2.4180412e-05 0.00019002361 0.00052030064 0.002792986 0.017628262 0.00021790658 0.004236433 0.024386039 0.013155593 7.3322234e-08 0.0031725042 7.226604e-05 1.969542e-06 0.06720611 0.03022303 7.906419e-05 0.0018483308 0.0020777625 0.0020741567 0.0009329682 7.956492e-07 6.629544e-05 0.016563568 5.9261194e-05 0.00018018168 0.00026721446 6.0793946e-07 0.0057895067 2.6550124e-05 0.014549532 1.49577645e-05 0.0019860659 0.004671036 9.76101e-07 8.032508e-06 0.00013538233 0.040186148 7.5798205e-08 1.714706e-06 3.1481534e-06 5.7312514e-05 7.3258732e-09 1.4176496e-07 8.7570265e-07 6.889304e-05 0.00044695302 2.4565966e-06 0.03473107 3.8220273e-06 2.049123e-06 4.049097e-09 1.9952218e-05 4.1310584e-05 4.0323503e-05 8.9197455e-10 0.0029200625 8.093516e-06 0.00021505059 1.6665615e-05
0.9261415 0.9473154 0.68013096 6.6130956e-18 0.16143578 0.9033782 0.09702084 0.9573553 0.003573744 0.60592556 0.0011728331 0.057239704 0.7298668 0.2307172 0.0017399665 0.2059858 0.0012025678 9.9902e-05 0.0009343648 0.0033505675 0.18847044 0.0022302156 0.03757991 0.019364256 0.24034064 0.16313067 0.014976621 0.0044950326 0.0007803917 0.0001238771 0.07005456 0.008757331 0.048809957 0.00016308732 0.00022423032 5.5575597e-06 0.0004597484 0.03687071 0.10511642 0.0022212113 0.002125259 0.16786587 9.5002015e-06 0.00086974475 0.0013372701 0.00026625954 0.06962968 0.0011607378 0.0010033582 0.048293114 0.28282544 5.6588185e-08 0.004526276 0.0014220999 3.3966447e-07 0.019346572 0.47000685 3.314739e-05 0.005567308 0.00073588715 0.09556792 0.07018292 8.802998e-08 5.8172236e-06 0.012762553 5.261878e-06 0.0003930519 3.063651e-05 3.373257e-07 0.0049591926 7.164068e-06 0.007106443 8.613191e-05 0.024731265 0.046916537 4.0823534e-07 2.9019926e-05 0.008487165 0.014283277 2.9537028e-07 4.0209547e-06 3.6316476e-07 3.2937365e-05 3.3511725e-08 1.9280924e-06 0.00023493645 0.0005927635 0.00020622481 3.828448e-06 0.005840365 1.2717319e-05 9.253149e-06 5.43051e-07 1.8144832e-05 0.00011603476 7.085863e-05 9.7342e-09 0.00088811637 3.0976837e-05 3.947993e-05 1.1194464e-05
0.85376585 0.35716575 0.980362 0.16143578 4.298285e-18 0.12952706 0.7678102 0.01759139 0.5452284 0.4026205 0.14316359 0.9488611 0.005222862 0.004721384 0.0750659 0.000987964 0.02436542 0.02248724 0.033710305 0.05672875 0.03435809 0.14941719 0.00039812084 0.2388132 0.12708503 0.033543546 0.00022770475 0.06518579 0.023584178 0.0068365224 0.0014991018 0.026308605 6.36259e-05 0.01034075 0.013372854 0.0011970247 0.023424122 0.04856628 0.20462367 0.00026864436 5.384451e-06 0.058814894 0.0013031579 2.0246716e-05 7.2727225e-06 0.005322873 0.0008974946 1.2048878e-05 0.033355832 0.0069293273 0.0006819436 2.6995862e-05 0.00024629678 7.3774013e-06 0.0008631277 0.11120685 0.003480333 0.0016889015 6.0068494e-05 0.0044103535 0.00010145848 2.5662363e-05 2.698863e-05 0.0011335721 0.0054964917 0.0007124944 9.26621e-06 0.0017196911 5.822949e-05 0.0016107567 0.0001881746 0.0040911115 7.0347005e-06 0.00014332522 0.00072211405 2.051831e-06 5.3854914e-05 9.954018e-06 0.0061007543 1.5427586e-05 6.3254997e-06 0.00011678324 9.411553e-05 1.8862486e-06 6.274775e-05 8.014426e-08 6.5576154e-05 0.0050108405 2.6025639e-06 0.016199503 3.8292987e-06 4.5393824e-07 8.26145e-07 1.8315506e-05 1.833877e-05 2.3922246e-06 6.5748694e-08 0.0033496346 2.4308596e-07 0.0006186125 3.8127002e-06
0.9371735 0.9606013 0.39068946 0.9033782 0.12952706 2.8949746e-16 0.7409136 0.54770607 0.0783792 0.10901994 0.023999436 0.04951383 0.4015458 0.03201289 0.20151907 0.017004855 0.014998297 0.004413467 0.18345656 0.4190683 0.8110798 0.0064067803 0.0014310764 0.02934525 0.04440043 0.72567207 0.0023624566 0.014322146 0.0031673787 0.0011074417 0.002496038 0.42515868 0.00133258 0.001325041 0.0026260198 0.00032244885 0.03220712 0.6037093 0.048793156 0.00073164445 0.00018841596 0.025273291 0.00036920464 0.00012927293 0.00021355762 0.0073176557 0.058740772 0.00015593425 0.21284297 0.0062272246 0.18712546 6.571416e-06 0.0017577481 0.00016235765 0.00022475184 0.018191494 0.5839313 0.00015219064 0.006440597 0.023436576 0.07940304 0.09713474 8.509991e-06 7.603703e-05 0.0028731495 0.0005449353 0.00013025466 0.0028595338 6.655253e-06 0.0013686743 6.564085e-05 0.0028799144 2.15103e-05 0.06580938 0.21976593 1.0863828e-05 0.00046931513 0.015334267 0.0064261784 5.336652e-06 5.4632433e-06 1.7395912e-05 0.0008358779 6.7916534e-07 1.41507635e-05 0.00022816907 0.0030719484 0.00084656087 1.4215284e-05 0.0032382698 0.00045674088 8.588776e-06 2.984362e-05 0.00013571623 0.00057914486 0.00156221 1.3652482e-06 0.0005749067 0.00023138656 0.00049569417 0.00010282395
0.94124687 0.51254463 0.46108145 0.09702084 0.7678102 0.7409136 4.8847384e-17 0.0049998183 0.75547415 0.0400968 0.4127543 0.30086064 0.005340565 0.0003625749 0.9482984 0.00014383184 0.30761024 0.068636075 0.73077285 0.8842736 0.23072834 0.017861318 4.8041413e-05 0.070787035 0.015514586 0.2225845 2.801814e-05 0.022371938 0.012550306 0.0027431478 9.282755e-05 0.36599103 1.9419253e-06 0.0033816802 0.007970171 0.0007451658 0.32101402 0.45055538 0.09341518 5.294256e-05 2.5856434e-07 0.0029800648 0.0008304419 9.139056e-07 2.681613e-06 0.03920762 0.0001920768 1.1632637e-06 0.43795466 0.0001990948 0.0006716938 6.2083914e-06 1.8490888e-05 3.0945392e-07 0.00020077654 0.015009307 0.016188208 0.00028443366 7.182185e-05 0.03167453 0.00033627622 7.97693e-05 2.441838e-05 6.2228755e-05 0.00024740322 0.005166013 5.0756244e-06 0.027451813 5.2516607e-06 0.00012355276 0.0013605447 0.0008955346 1.4555685e-06 0.00069042644 0.015845014 1.4996693e-06 0.0011259413 3.2870776e-05 0.0013160487 1.5531728e-06 8.706585e-06 3.1069383e-05 0.00037050332 1.0504428e-07 6.196177e-06 4.7236915e-07 0.001941506 0.0007343592 1.8654007e-06 0.0018833387 7.587007e-05 2.9431822e-06 8.6526757e-07 9.938955e-06 1.8405313e-05 2.278591e-05 1.2972029e-07 0.00045075765 8.0314624e-07 0.0002058668 1.6441134e-05
0.8790208 0.39922196 0.26904595 0.9573553 0.01759139 0.54770607 0.0049998183 1.3603032e-17 0.00030703883 0.35694838 5.5731198e-05 0.010572177 0.98187023 0.5213172 1.8974337e-05 0.49775755 9.035848e-05 2.214504e-06 2.0989663e-05 0.00025786486 0.02668547 0.00015008713 0.1865787 0.0029768832 0.19985595 0.020129055 0.10074581 0.00044482813 7.90924e-05 6.4515198e-06 0.12449542 0.00044314613 0.28211984 5.538328e-06 1.2405815e-05 5.5553903e-07 1.8128444e-06 0.0009042176 0.045782745 0.008894433 0.01992929 0.17794788 2.6068724e-07 0.0016256062 0.0042155283 6.8309015e-07 0.19112267 0.0019979677 5.1962892e-05 0.08393237 0.2944564 4.7134314e-09 0.019720715 0.0055525308 1.8523814e-08 0.0060214526 0.2982259 3.2075795e-06 0.012974072 2.1584521e-05 0.064369984 0.071127556 1.0389807e-08 6.4815134e-07 0.02750314 1.9561735e-07 0.0011900875 1.8813315e-06 1.0551718e-07 0.007117145 3.5823103e-07 0.010948769 0.00013428893 0.009836236 0.008145832 9.491679e-08 4.3477385e-06 0.008964493 0.022324588 1.1007979e-07 1.2208154e-06 7.4376665e-08 6.7576025e-06 2.5860056e-09 7.5004675e-07 0.0005685374 3.393527e-05 2.1640832e-05 4.5043507e-06 0.0031480065 2.193023e-06 1.9539464e-06 3.6969698e-07 9.812938e-06 5.1684394e-05 0.0001082662 1.2210976e-09 0.00036978847 9.70168e-05 6.820932e-06 5.0421277e-06
0.9307936 0.03361834 0.31825957 0.003573744 0.5452284 0.0783792 0.75547415 0.00030703883 9.478342e-20 0.03055712 0.9691709 0.7360622 0.0011361946 3.8111935e-05 0.653903 1.3568057e-05 0.5699512 0.45656982 0.33176816 0.26020688 0.016867165 0.39926 8.260068e-06 0.34357387 0.009855969 0.016417345 2.2555867e-05 0.13065974 0.1066262 0.048870884 6.976565e-05 0.042171 1.9903441e-06 0.0351789 0.04001897 0.013234544 0.37747186 0.0543142 0.15980968 8.0167636e-05 5.184345e-07 0.0028949191 0.0023026313 3.0281935e-06 4.5280567e-06 0.13328762 6.9052156e-05 1.3233778e-06 0.112466134 0.00026442367 5.424941e-05 2.8008764e-05 1.758951e-05 1.7258553e-06 0.00073474064 0.09904115 0.0012099833 0.0007984754 2.7137732e-05 0.071015105 1.4208817e-05 1.2537037e-05 0.000107285654 0.00028146544 0.00028310978 0.025134183 1.2493556e-05 0.03587468 1.1894101e-05 0.00012079971 0.005055044 0.00059936487 2.2865646e-05 0.00017852103 0.0007423527 3.8792473e-06 0.001773687 2.607397e-05 0.0008876181 1.4708748e-06 9.707206e-05 2.2622931e-05 0.00070439104 4.1728433e-07 4.4679596e-06 1.2455789e-06 0.0013847054 0.00075462606 2.8664223e-05 0.0046119164 4.69303e-06 1.8014776e-05 2.3737539e-07 0.00014827463 3.0537245e-05 1.6004697e-05 2.6651406e-08 0.0010094749 8.698769e-07 0.00024767354 5.286839e-05
0.9344432 0.3586252 0.7603428 0.60592556 0.4026205 0.10901994 0.0400968 0.35694838 0.03055712 3.589244e-17 0.005437945 0.32688478 0.089097515 0.73147386 0.0032529272 0.53578836 0.0011988714 0.00039223707 0.0020764472 0.0029871028 0.021549486 0.007391663 0.20133275 0.14198108 0.9584744 0.02318345 0.1506925 0.059579846 0.0028084512 0.0005351052 0.26302156 0.0019123766 0.031501133 0.0044517173 0.005083259 0.00012259536 0.000108798005 0.002880553 0.521627 0.005046133 0.0028376742 0.5738611 2.1031157e-05 0.008088814 0.00076885876 3.4999318e-06 0.01876396 0.001780511 0.00014835242 0.1716348 0.015830258 1.3624725e-06 0.006171985 0.0014831325 4.0825157e-06 0.14936407 0.0037639947 0.00031418042 0.0003634125 0.000111284746 0.0012702065 0.0014547491 3.6717384e-07 0.00081746775 0.039898284 2.3070535e-05 0.00012589569 4.851513e-07 9.2099e-07 0.02310398 8.975493e-06 0.06584324 3.0150159e-06 0.00012517438 0.0001528787 7.486339e-07 7.0888327e-06 2.7564065e-05 0.13860643 4.0032944e-07 1.1601329e-06 8.781367e-06 1.030146e-05 4.977279e-07 5.066919e-06 6.944755e-07 4.152738e-06 0.0020640467 1.0936213e-06 0.19321659 1.4798763e-07 5.2977964e-07 7.180956e-06 1.4922493e-06 4.065304e-06 4.4643202e-05 4.8480047e-08 0.02471027 9.789318e-06 0.00025342655 6.0203124e-06
0.8032309 0.006784262 0.055432864 0.0011728331 0.14316359 0.023999436 0.4127543 5.5731198e-05 0.9691709 0.005437945 5.950299e-19 0.29977992 0.00038097147 1.1487705e-05 0.5407382 2.7355047e-06 0.87534636 0.8550866 0.20063825 0.110122025 0.0066888123 0.4717576 1.6136586e-06 0.26123628 0.0020437394 0.0076653897 9.581577e-07 0.14385074 0.21422815 0.1321715 8.217498e-06 0.0129245315 2.531585e-07 0.0767704 0.10278209 0.06847707 0.36784554 0.023737617 0.08006365 4.785747e-06 6.353346e-08 0.00079520023 0.07400318 2.781702e-07 3.6325412e-07 0.18520431 1.22528445e-05 1.0349524e-07 0.05844949 9.8805824e-05 3.9210114e-05 0.00078841316 2.144675e-06 5.7483916e-08 0.04450544 0.08879639 0.0004195113 0.006059528 7.569795e-06 0.06712994 1.5296087e-05 4.427608e-06 0.001161029 0.002172717 8.161255e-05 0.11246082 1.9776144e-06 0.04113598 0.0006083023 8.860881e-06 0.017710011 0.00047707578 3.837107e-06 5.2285057e-05 0.00019618802 6.859279e-05 0.009215318 1.5158334e-05 0.000545716 0.00015776197 0.00034093214 0.00027103114 0.0017950935 1.5055856e-05 0.00019715114 6.1653816e-07 0.002208128 0.005114736 4.6236943e-05 0.0025419982 4.373288e-06 1.6480459e-05 1.963504e-05 0.00013700339 1.5957618e-05 6.836288e-06 2.5658458e-06 0.0027355496 1.5769736e-07 0.0015316246 2.330476e-05
0.94204444 0.13280845 0.5440328 0.057239704 0.9488611 0.04951383 0.30086064 0.010572177 0.7360622 0.32688478 0.29977992 2.0884575e-18 0.0039866325 0.011227251 0.07865247 0.00083731435 0.053141944 0.07421535 0.027268799 0.023427013 0.013642099 0.32527128 0.0006317232 0.9250281 0.12973312 0.010995658 0.00033096204 0.442414 0.05807082 0.020901283 0.001289721 0.010211474 1.9299165e-05 0.052057475 0.07164961 0.008374486 0.029343167 0.010874646 0.733013 0.0002852829 1.7748738e-06 0.04223024 0.0021189712 1.8631206e-05 3.877513e-06 0.010815965 0.0010743821 8.223159e-06 0.008386246 0.0053145876 0.00020709298 4.0683663e-05 6.695382e-05 6.025206e-06 0.00036648568 0.19081046 0.002250001 0.0032552797 0.00017450239 0.009952519 2.861424e-05 3.8905882e-06 5.1075385e-05 0.002068301 0.0059576547 0.001975199 4.9049297e-05 0.0021322307 4.6645204e-05 0.0021810492 0.00026749825 0.01068108 5.0824005e-06 0.00068434956 0.0020952784 5.303752e-05 0.000157813 8.6134954e-05 0.026121026 1.6276592e-05 1.1165207e-05 1.7303504e-05 0.00020075795 6.1875113e-07 4.5820043e-06 2.3261096e-06 0.0004528195 0.0028614146 4.125076e-06 0.1485727 1.3266867e-05 2.1704896e-06 1.7026612e-07 3.7619673e-05 6.192387e-05 4.5732533e-05 2.256773e-08 0.02464708 9.93905e-06 0.00087398477 9.472657e-05
0.7942496 0.1688359 0.06493803 0.7298668 0.005222862 0.4015458 0.005340565 0.98187023 0.0011361946 0.089097515 0.00038097147 0.0039866325 1.4822856e-15 0.39271995 0.000105129526 0.3892119 0.00032955135 6.6809924e-05 0.00027057013 0.001088241 0.092974685 0.0003720641 0.2057215 0.001087841 0.05909655 0.06310394 0.10329676 0.00030875867 0.00019094424 3.5720896e-05 0.05375469 0.0012851265 0.5317836 2.1651442e-05 5.296377e-05 3.2027012e-06 2.3790619e-05 0.0047563617 0.011874801 0.010473176 0.040850107 0.047346685 1.2122065e-05 0.0019121323 0.00581595 6.724052e-06 0.84068906 0.0024352348 0.00039719857 0.030386705 0.8304238 1.0110139e-06 0.3878515 0.0682421 1.0459898e-06 0.0027568075 0.73513365 6.010009e-06 0.2649363 0.00035318374 0.37159553 0.5020824 4.8641374e-07 1.7697762e-06 0.010238519 2.6470018e-06 0.01750145 2.032528e-05 1.425039e-06 0.0040136087 6.392798e-06 0.0043644304 0.0010625019 0.05451374 0.028182946 1.20755885e-05 4.1237843e-05 0.05682952 0.008407262 4.100691e-06 3.1068803e-06 2.0744203e-06 0.00022622856 1.3600243e-06 6.7346737e-06 0.0045854887 0.00042188965 4.8186317e-05 7.844408e-06 0.001662796 2.5250042e-06 1.0489053e-05 3.7196796e-06 9.03952e-05 0.000112268004 0.0009226556 1.4564209e-06 0.0002602368 0.0012095443 1.1036812e-05 5.7368507e-05
0.9344596 0.012430242 0.11846003 0.2307172 0.004721384 0.03201289 0.0003625749 0.5213172 3.8111935e-05 0.73147386 1.1487705e-05 0.011227251 0.39271995 5.248402e-17 2.1972078e-06 0.9787112 2.2989008e-05 2.5655988e-06 3.1523114e-06 2.4239842e-05 0.0052309 7.017771e-05 0.55159533 0.0018168798 0.52081597 0.0040721605 0.3811995 0.00018030065 3.3274777e-05 5.9386143e-06 0.6661595 7.0147e-05 0.52268445 8.083558e-06 1.1411379e-05 1.8100286e-06 1.9702952e-06 0.00013405133 0.06266707 0.013537259 0.08107058 0.43515483 1.1193935e-06 0.01254114 0.01086969 1.5282154e-06 0.2701419 0.002035203 1.2974713e-05 0.35207763 0.27078304 7.068701e-08 0.061126035 0.044332705 1.472394e-07 0.005249641 0.01954477 6.825051e-06 0.05097324 3.6521225e-05 0.0076209265 0.032478623 5.795411e-08 2.3052646e-06 0.058846913 5.1950483e-06 0.0009973081 4.390932e-06 9.8115244e-08 0.032718733 4.032506e-06 0.041914113 0.0017569594 0.00023225429 9.6396034e-05 2.0836707e-07 2.5249801e-06 0.00086179445 0.04780844 6.3139275e-08 1.5059754e-06 5.611904e-07 3.0730436e-05 4.548983e-08 1.0158211e-06 0.00015543628 3.5129284e-05 0.000112670015 2.4344868e-06 0.010823571 2.8834347e-07 1.1250717e-05 4.9714396e-07 2.547547e-06 1.3939656e-05 1.7010723e-05 8.736271e-09 0.0013003038 8.797427e-06 4.1668604e-06 9.051234e-07
0.75255156 0.030423637 0.044676416 0.0017399665 0.0750659 0.20151907 0.9482984 1.8974337e-05 0.653903 0.0032529272 0.5407382 0.07865247 0.000105129526 2.1972078e-06 2.5390335e-19 5.777309e-07 0.7896608 0.31223178 0.93578047 0.6974861 0.02662409 0.042168204 4.679745e-07 0.04354377 0.00054874015 0.022957873 2.5869133e-07 0.0129093565 0.020189354 0.0059088175 3.4009834e-06 0.12786514 4.571476e-08 0.0028938109 0.005091869 0.0010685562 0.7627728 0.1821059 0.015957398 6.3715556e-06 2.6178828e-08 8.323841e-05 0.00208722 1.7356786e-07 5.934382e-07 0.30350542 3.432533e-07 7.457013e-08 0.28275356 8.511412e-06 2.0805662e-06 3.8720456e-05 1.7350597e-07 2.6895759e-08 0.000647733 0.0064633815 0.00022090874 0.00044360067 8.203517e-07 0.09030099 7.41766e-07 1.0966846e-06 2.1773236e-05 6.827638e-05 7.851271e-06 0.013335755 4.366212e-06 0.07280137 1.5072728e-06 1.653611e-05 0.0037454537 0.00020887752 4.1107264e-06 1.985115e-05 0.001374796 3.51e-06 0.0025486723 2.5998004e-06 0.00013529237 1.548765e-06 5.048084e-06 1.7392547e-05 0.0006794748 2.3515904e-06 1.8121349e-05 8.2314585e-08 0.0052462798 0.00058730005 3.1258298e-06 0.00064192055 4.5750485e-06 4.4936155e-06 4.107537e-06 7.7071825e-05 2.788564e-06 4.233541e-06 1.6505497e-07 0.00029314647 2.0477543e-07 0.00027691072 8.336969e-06
0.69108266 0.0058882353 0.020987907 0.2059858 0.000987964 0.017004855 0.00014383184 0.49775755 1.3568057e-05 0.53578836 2.7355047e-06 0.00083731435 0.3892119 0.9787112 5.777309e-07 6.841317e-17 2.3858997e-06 1.4326311e-07 8.337068e-07 1.05502895e-05 0.0029400475 1.30498665e-05 0.8575145 0.000357403 0.3539745 0.0020547432 0.5470971 1.903589e-05 4.793046e-06 4.4429686e-07 0.7095127 9.0341855e-05 0.6587819 1.6139002e-06 4.8527745e-06 1.05103e-07 1.4798566e-07 6.596586e-05 0.011123817 0.105447285 0.12308019 0.3326544 1.1027607e-07 0.014593792 0.019084718 6.9065884e-08 0.34174225 0.006515115 7.164894e-06 0.29481295 0.3019734 2.2586752e-09 0.12411058 0.10511856 8.559702e-09 0.00093960116 0.009400139 1.4880307e-07 0.06773387 1.2712766e-06 0.0060957735 0.02743461 1.3020154e-09 6.7676176e-08 0.09685041 1.4527005e-08 0.0012264876 2.7006138e-07 7.56559e-09 0.031848643 9.6579e-08 0.038293533 0.0009254328 3.5273068e-05 5.5275636e-06 4.4815573e-09 5.7477865e-07 0.00019759328 0.04955262 2.798828e-09 2.6185933e-07 9.6756004e-08 5.5072604e-07 6.9135664e-10 1.23040085e-08 0.00010139165 7.6040546e-06 7.488952e-07 1.4090622e-07 0.003168426 1.1069627e-07 8.789976e-07 3.4191119e-09 3.163652e-07 2.603604e-06 1.6648983e-05 7.2630346e-11 0.00047946098 5.3714084e-06 2.5134395e-07 1.5599635e-07
0.8086686 0.0033914389 0.009599948 0.0012025678 0.02436542 0.014998297 0.30761024 9.035848e-05 0.5699512 0.0011988714 0.87534636 0.053141944 0.00032955135 2.2989008e-05 0.7896608 2.3858997e-06 2.1651186e-17 0.976368 0.33506742 0.14612208 0.0075203083 0.17065094 1.2811018e-06 0.06442607 0.0008406846 0.0058787945 8.493997e-07 0.04144417 0.12449823 0.06734633 4.2130405e-06 0.016440641 4.5715046e-07 0.030430458 0.042840395 0.03816338 0.5530779 0.027673282 0.030376533 5.1184047e-06 4.2832298e-07 0.0006051974 0.11185491 2.8900334e-07 6.1873044e-07 0.35889876 1.595129e-05 2.3562946e-07 0.058872394 0.00010813866 5.9445105e-05 0.0019989882 2.9899354e-06 3.1393554e-07 0.15962203 0.029952899 8.2183484e-05 0.008686087 1.3583515e-05 0.12890533 1.7946613e-05 1.4649554e-05 0.003695035 0.00627095 9.004819e-05 0.16827463 1.2223742e-06 0.0900912 0.002022295 4.590734e-06 0.04379516 0.00010296947 1.4924293e-05 0.00015918168 0.00022572902 0.00020230802 0.03228258 1.9752799e-05 0.0006269413 0.00014482313 0.0018399953 0.00071274315 0.0059430427 3.5847985e-05 0.00050178723 7.01282e-07 0.010849323 0.0072275354 4.8075468e-05 0.0029766378 6.6968787e-06 5.495514e-05 0.00010491749 0.00064441294 1.0460431e-05 1.2556375e-05 7.027217e-06 0.0013022379 4.528343e-07 0.0025203284 6.574967e-05
0.92930335 0.00064234453 0.0017176005 9.9902e-05 0.02248724 0.004413467 0.068636075 2.214504e-06 0.45656982 0.00039223707 0.8550866 0.07421535 6.6809924e-05 2.5655988e-06 0.31223178 1.4326311e-07 0.976368 1.3368709e-17 0.076326266 0.018941976 0.0015204431 0.60898167 2.5274963e-07 0.1301117 0.00016511475 0.00088788994 4.2681936e-08 0.12166782 0.49606642 0.39117202 3.6760182e-06 0.0032168238 6.8945454e-08 0.2374578 0.23828158 0.47814658 0.27011997 0.0010721755 0.03311912 1.0287977e-06 2.1233078e-08 8.5092084e-05 0.62986135 8.0123634e-08 2.2355023e-08 0.18186243 2.2694726e-06 7.807594e-09 0.005171702 2.5274625e-05 3.4979932e-06 0.07611385 5.78366e-07 1.0226276e-07 0.5698917 0.12212261 7.3015144e-06 0.10240608 9.596891e-06 0.082891665 7.0286404e-07 1.9022005e-07 0.03920949 0.068561 3.505977e-05 0.33392256 1.8517244e-06 0.014481935 0.029998982 1.3348178e-05 0.08511502 0.00023440339 9.57795e-07 4.0322407e-06 4.9880236e-05 0.00071076007 0.030939307 2.6755667e-06 0.0003618414 0.000779352 0.013734371 0.003991538 0.0047062594 7.696709e-05 0.003660793 4.1773586e-07 0.0032675217 0.04828222 0.000309708 0.0023511793 1.0090451e-06 0.00017744543 0.00083688804 0.0006381751 1.0613509e-06 1.095972e-05 4.1688818e-05 0.0040720655 2.3839674e-07 0.012710743 0.0002732843
0.21004573 0.0142789055 0.024891907 0.0009343648 0.033710305 0.18345656 0.73077285 2.0989663e-05 0.33176816 0.0020764472 0.20063825 0.027268799 0.00027057013 3.1523114e-06 0.93578047 8.337068e-07 0.33506742 0.076326266 1.3886676e-18 0.97691894 0.028443363 0.017890062 3.8441448e-07 0.009767655 0.00024470448 0.029339606 5.3636967e-07 0.0038293612 0.0053057754 0.0018288228 5.1016555e-06 0.29426563 8.691998e-08 0.00074208755 0.0018858217 0.0010194081 0.68565196 0.25205788 0.0063858577 5.3929202e-06 1.0076684e-07 2.8400744e-05 0.0013694009 3.0646822e-07 1.1293431e-06 0.22876729 5.35172e-07 1.4923438e-07 0.49307996 1.3971692e-05 2.3190657e-06 5.7418645e-05 1.669681e-07 2.3019162e-08 0.00028785237 0.0024098298 0.0003765508 0.00020150238 5.832024e-07 0.07951908 2.2230315e-06 2.1706655e-06 3.0899977e-05 5.7515594e-05 4.92135e-06 0.004429258 1.8792908e-06 0.044551995 2.1570538e-06 1.1829947e-05 0.00094435824 8.438852e-05 2.587359e-06 2.7259304e-05 0.0027770766 3.9339757e-06 0.0010590033 6.9315374e-06 0.00014933826 3.5727353e-06 5.350743e-06 1.7559778e-05 0.000481288 2.330455e-06 8.386722e-06 1.21132e-07 0.0053899847 0.00031707154 6.2063605e-06 0.00037603386 1.2989323e-05 5.811362e-06 4.708151e-06 0.00011079941 8.257808e-06 9.292847e-06 3.3320597e-07 0.00019820573 7.387945e-07 0.00028752725 1.4304466e-05
0.17356764 0.036079824 0.0380932 0.0033505675 0.05672875 0.4190683 0.8842736 0.00025786486 0.26020688 0.0029871028 0.110122025 0.023427013 0.001088241 2.4239842e-05 0.6974861 1.05502895e-05 0.14612208 0.018941976 0.97691894 7.980602e-17 0.15001397 0.0053801266 4.4577873e-06 0.0040136506 0.00034760105 0.118508734 9.215694e-06 0.0019773901 0.0030286487 0.00085559406 7.655827e-06 0.82726055 8.9954636e-07 0.00047601864 0.0014251084 0.00047481607 0.47287226 0.58716804 0.0066211196 1.0241521e-05 3.018815e-07 9.052901e-05 0.00042241567 3.879567e-07 2.6920009e-06 0.06981617 1.3304841e-05 3.6976292e-07 0.8585616 4.403519e-05 3.903892e-05 2.0186197e-05 1.6349625e-06 1.3807532e-07 9.902241e-05 0.0022526924 0.0029428808 3.274703e-05 6.650971e-06 0.035978794 1.3786928e-05 2.112741e-05 1.0615245e-05 5.5427794e-05 7.765434e-06 0.0011069871 4.589688e-06 0.033884726 2.4834949e-06 4.5923003e-05 0.0002691901 0.00011029894 6.610752e-06 0.0002612932 0.01844182 2.5319969e-06 0.00071490934 3.4345016e-05 0.00041474146 5.8064734e-07 2.538133e-06 1.3144279e-05 0.00044617773 3.5962623e-07 3.4378913e-06 1.1894355e-06 0.0050341045 7.213329e-05 7.355651e-06 0.0005222421 8.323611e-05 3.1307958e-05 7.305313e-07 8.089384e-05 2.7282815e-05 2.334482e-05 2.0318186e-07 0.00017728252 3.189552e-06 0.0002622366 2.4094505e-05
0.20348696 0.21867798 0.11548784 0.18847044 0.03435809 0.8110798 0.23072834 0.02668547 0.016867165 0.021549486 0.0066888123 0.013642099 0.092974685 0.0052309 0.02662409 0.0029400475 0.0075203083 0.0015204431 0.028443363 0.15001397 1.441158e-17 0.002116162 0.0007644718 0.0015274361 0.004653202 0.99569124 0.00031587514 0.0005925566 0.0009457864 0.00015360152 0.00033206795 0.28716928 0.00050525635 8.715552e-05 0.00010766879 4.204295e-06 0.0038459753 0.6594952 0.0033381209 0.00032053448 0.00016409297 0.0010928155 1.7254908e-05 2.1921041e-05 0.00018844595 0.0011667837 0.0022540558 4.0680672e-05 0.06423622 0.00026731234 0.019664332 2.8286554e-06 0.00030721136 2.4897852e-05 3.0995867e-05 0.00030917765 0.35081926 8.053187e-06 0.00051860686 0.0020173658 0.0116988905 0.010843304 2.8239058e-06 2.58285e-06 0.00031260058 0.00017918865 3.7763773e-05 0.00061115593 9.9238205e-06 0.000115341565 4.84153e-05 0.00020495079 4.6717232e-05 0.014212757 0.051433448 1.102278e-05 6.474606e-05 0.0020155292 0.0004674955 3.921342e-06 1.6432175e-06 4.594208e-06 5.694861e-05 7.877029e-07 8.049295e-06 5.957768e-05 0.00033740792 0.00018956656 3.2714581e-06 0.00060001883 0.00052283885 6.447289e-06 1.2280516e-06 1.693368e-05 0.00045718323 0.0005451276 6.088966e-08 8.5579966e-05 0.00016327857 0.00011981588 4.0959267e-06
0.9129192 0.0049946434 0.010223001 0.0022302156 0.14941719 0.0064067803 0.017861318 0.00015008713 0.39926 0.007391663 0.4717576 0.32527128 0.0003720641 7.017771e-05 0.042168204 1.30498665e-05 0.17065094 0.60898167 0.017890062 0.0053801266 0.002116162 6.099225e-17 1.8286133e-05 0.56425923 0.003651534 0.001640666 1.5978529e-05 0.54804665 0.9547471 0.9346778 1.0987087e-05 0.0025566947 2.9194678e-06 0.49986148 0.4487231 0.5518392 0.052652363 0.0018174379 0.12774399 1.8643239e-05 6.636743e-07 0.0012110748 0.06814169 1.3426243e-06 2.0738842e-06 0.056313023 4.102477e-05 4.6992488e-07 0.0027057002 0.00028759855 1.9417652e-05 0.011371664 7.707215e-06 1.4601775e-06 0.054715164 0.20346235 2.3279592e-05 0.046192806 6.820174e-05 0.030093297 6.7845876e-06 1.4029078e-05 0.0062681064 0.021909742 0.00019123912 0.08830955 4.2298183e-05 0.004499757 0.006930048 0.00034763516 0.014915147 0.0020350264 4.3931333e-05 8.4196225e-05 0.00021015712 0.0013682549 0.011313192 2.4501585e-05 0.0022699025 0.0005929648 0.0016152184 0.0012321388 0.0032091893 0.000158746 0.00014858095 2.7668657e-06 0.0013838394 0.005804846 0.0001243413 0.020986963 4.338564e-06 0.00019878535 7.308757e-05 0.00067845755 3.302427e-05 2.1939653e-05 8.150401e-06 0.030473677 2.4325536e-06 0.0058938083 0.0002689276
0.6174554 0.0007400741 0.007673721 0.03757991 0.00039812084 0.0014310764 4.8041413e-05 0.1865787 8.260068e-06 0.20133275 1.6136586e-06 0.0006317232 0.2057215 0.55159533 4.679745e-07 0.8575145 1.2811018e-06 2.5274963e-07 3.8441448e-07 4.4577873e-06 0.0007644718 1.8286133e-05 1.5970866e-16 0.0001518776 0.14531153 0.00035281308 0.972481 1.3262035e-05 9.84864e-06 5.262919e-07 0.69333196 9.252298e-05 0.7086149 1.8435818e-06 2.6175383e-06 4.7894865e-08 3.3930186e-07 5.7674384e-05 0.0052099004 0.46202213 0.32046 0.21020927 2.7007115e-07 0.107978426 0.2008027 2.4462219e-07 0.29007214 0.09391148 2.0576304e-05 0.26793027 0.2500089 7.1219914e-09 0.1804323 0.20314324 9.917755e-08 0.00068823603 0.0056802626 6.8209836e-08 0.09434382 1.3436176e-05 0.004210986 0.029152727 5.8449747e-09 4.3862524e-08 0.109048255 2.2316843e-07 0.0034599635 8.1668054e-07 3.069226e-08 0.041691866 3.365468e-07 0.028876854 0.00789767 6.88958e-05 3.5385227e-05 4.5027825e-08 4.184422e-06 0.00033514926 0.033687737 1.8626805e-08 5.361308e-07 2.9517486e-07 5.846846e-06 8.518057e-09 5.194349e-08 0.0005294794 2.2921933e-05 4.8099406e-07 8.7482533e-07 0.0037024638 2.2711538e-07 6.124883e-06 1.0251463e-08 9.989827e-07 2.4348049e-06 1.7368844e-05 7.133176e-10 0.000309142 2.0335441e-05 1.376e-07 4.5496583e-07
0.9299481 0.029783702 0.121655285 0.019364256 0.2388132 0.02934525 0.070787035 0.0029768832 0.34357387 0.14198108 0.26123628 0.9250281 0.001087841 0.0018168798 0.04354377 0.000357403 0.06442607 0.1301117 0.009767655 0.0040136506 0.0015274361 0.56425923 0.0001518776 1.7139907e-18 0.08437625 0.002498229 0.00025466311 0.97066647 0.18569857 0.07804724 0.00081732427 0.0011401905 1.4055648e-05 0.22081761 0.2899416 0.031979825 0.015143481 0.0011708578 0.8339626 0.0002509271 2.3671655e-06 0.034635786 0.0038119336 0.00011340337 6.7785286e-06 0.0058233715 9.8095654e-05 1.7487964e-05 0.00046750976 0.0049481047 3.9721333e-05 0.0006474366 1.7461101e-05 2.8713264e-06 0.0029696627 0.5969934 0.0001784853 0.0067646345 1.2308687e-05 0.0033625842 3.117952e-06 5.9610843e-06 0.00031562912 0.0058024656 0.008416777 0.0059986664 3.2774913e-06 0.00068020547 0.00075726106 0.0053464333 0.00044597907 0.018134775 4.2197594e-06 0.00036833118 0.0014366084 5.795155e-05 0.00011275825 4.281421e-05 0.047278453 5.117778e-05 1.7664535e-05 0.000595745 0.00011020432 1.607287e-05 0.0002453581 3.25126e-06 0.00011398933 0.0057293447 5.042176e-06 0.38625473 1.8211107e-05 1.3493009e-05 9.780294e-06 3.1717995e-05 0.00011238369 2.5273492e-05 1.1817211e-06 0.13974969 2.5166187e-06 0.0052306405 1.4795871e-05
0.9459026 0.09007239 0.32386383 0.24034064 0.12708503 0.04440043 0.015514586 0.19985595 0.009855969 0.9584744 0.0020437394 0.12973312 0.05909655 0.52081597 0.00054874015 0.3539745 0.0008406846 0.00016511475 0.00024470448 0.00034760105 0.004653202 0.003651534 0.14531153 0.08437625 2.2904965e-17 0.0049044834 0.15158333 0.029824682 0.0014391142 0.00031602822 0.36987144 0.00014678748 0.036712125 0.0037037667 0.004384445 0.00016815166 1.0835869e-05 0.00014193264 0.5709801 0.01012261 0.0037516826 0.9505191 9.942012e-05 0.013460936 0.0015934671 9.256145e-07 0.009977637 0.0027765513 3.3381586e-06 0.38843507 0.0034332082 6.360275e-06 0.0039484776 0.0010493775 1.539913e-05 0.21310215 0.0009669334 0.00053406594 0.00035665938 1.7190376e-05 7.308882e-05 0.00017859273 3.722811e-07 0.00082607503 0.09301533 4.922179e-05 7.2004004e-05 7.911412e-07 5.1861575e-06 0.029809427 3.5601726e-05 0.14632368 1.9794476e-05 0.00027239491 0.00030940006 3.2917708e-07 8.770101e-06 2.6059553e-05 0.29375008 5.859933e-07 9.145443e-06 0.00012743233 9.519337e-06 4.012047e-07 6.248703e-05 5.49905e-06 4.7419603e-06 0.0036378163 9.4941197e-07 0.37668118 3.9674937e-06 8.0473404e-07 7.0011097e-06 1.1062076e-06 1.1523716e-05 1.6598522e-05 4.024484e-08 0.07849969 1.5654e-05 0.00027165763 2.2574836e-06
0.19344363 0.22774456 0.120864294 0.16313067 0.033543546 0.72567207 0.2225845 0.020129055 0.016417345 0.02318345 0.0076653897 0.010995658 0.06310394 0.0040721605 0.022957873 0.0020547432 0.0058787945 0.00088788994 0.029339606 0.118508734 0.99569124 0.001640666 0.00035281308 0.002498229 0.0049044834 2.3645418e-15 0.0005691769 0.000984457 0.00073864695 0.00011119818 0.00018939021 0.39434487 0.00018266586 0.00010736139 0.00015093372 1.219294e-05 0.0012635031 0.82547474 0.0073795095 0.00020965963 6.0847433e-05 0.0015757576 1.257135e-05 1.37675215e-05 6.529776e-05 0.00051808066 0.0009345386 2.6197324e-05 0.09185525 0.00033838142 0.008189863 6.407229e-07 9.558431e-05 1.1809691e-05 3.547915e-06 0.0007660855 0.3665517 1.4365795e-05 0.00025664066 0.0009960285 0.0112863425 0.0042688213 1.0339465e-06 1.1660756e-05 0.0001745375 2.9209234e-05 3.4461584e-05 0.00017625687 2.1519518e-06 0.00036093395 2.6727297e-05 0.00022572729 1.6283035e-05 0.033091806 0.15332837 1.99614e-06 4.2545373e-05 0.0015440002 0.0010288536 2.5905415e-06 4.7021135e-07 1.5528647e-06 7.647278e-05 1.0111455e-07 1.6405847e-05 8.776523e-05 0.0001647932 0.00012776625 3.465354e-06 0.0009605049 0.0007343803 3.9470915e-06 4.160698e-06 1.1946588e-05 0.00083037495 0.0005026522 6.3770564e-08 9.762574e-05 0.00012991548 0.0003489655 2.3645416e-06
0.82212275 0.00055835943 0.002266959 0.014976621 0.00022770475 0.0023624566 2.801814e-05 0.10074581 2.2555867e-05 0.1506925 9.581577e-07 0.00033096204 0.10329676 0.3811995 2.5869133e-07 0.5470971 8.493997e-07 4.2681936e-08 5.3636967e-07 9.215694e-06 0.00031587514 1.5978529e-05 0.972481 0.00025466311 0.15158333 0.0005691769 1.9611322e-17 4.906158e-06 9.6137455e-06 1.630213e-07 0.8769743 6.821007e-05 0.52134085 5.5261637e-07 1.7561828e-06 1.105081e-07 7.8868914e-07 0.00012708959 0.0016498733 0.84340054 0.25212118 0.24754366 3.9380544e-07 0.31072178 0.29313153 3.079918e-07 0.1473197 0.3334031 1.3680629e-05 0.45222485 0.09198247 3.381212e-09 0.097024076 0.15843996 7.6713924e-08 0.00023026849 0.0016232313 5.694212e-08 0.04435165 3.6031063e-06 0.0014471946 0.006351336 7.0773996e-09 1.1972312e-08 0.23505189 8.530178e-07 0.0017365541 1.8269179e-06 9.1648154e-08 0.0847023 4.1114458e-07 0.0343124 0.006088636 1.6205546e-05 1.4820429e-05 5.8289128e-08 6.7486126e-06 0.0001702771 0.034361236 2.3533154e-08 1.204754e-06 2.7982384e-07 8.171227e-06 3.4071463e-09 3.169947e-08 0.00012548144 1.4319044e-05 5.439135e-07 2.2386034e-07 0.0032445667 1.3779146e-07 5.5827445e-06 2.2093853e-09 7.331857e-07 2.1623719e-06 9.519583e-06 2.9749003e-10 0.00029864762 6.4461697e-06 2.563417e-08 2.2201382e-07
0.97525555 0.010596595 0.03656852 0.0044950326 0.06518579 0.014322146 0.022371938 0.00044482813 0.13065974 0.059579846 0.14385074 0.442414 0.00030875867 0.00018030065 0.0129093565 1.903589e-05 0.04144417 0.12166782 0.0038293612 0.0019773901 0.0005925566 0.54804665 1.3262035e-05 0.97066647 0.029824682 0.000984457 4.906158e-06 9.030753e-19 0.2530618 0.17438456 3.7214595e-05 0.0004533157 2.19921e-06 0.48077974 0.5358579 0.13649479 0.0061535127 0.00036505813 0.60755837 1.1011927e-05 2.633381e-07 0.008913952 0.017743409 1.2816811e-06 8.0808474e-07 0.0036385865 1.51629465e-05 2.1026364e-07 0.00018357027 0.0008650131 5.601528e-06 0.0014571296 1.4148517e-06 2.4713333e-07 0.008970275 0.74567235 7.060247e-06 0.025579542 5.9332533e-06 0.0022858311 5.6755164e-07 4.655934e-07 0.0013679162 0.011486977 0.0013891715 0.0050057992 2.4010722e-06 0.00020804511 0.0022067104 0.00056161446 0.0008352838 0.00669611 5.1955755e-07 4.4281463e-05 7.0758004e-05 0.00010082717 0.00011830529 7.0145957e-06 0.012635917 0.00024727962 0.00013577098 0.0003536296 0.00019553762 3.9008406e-05 0.00073095335 3.2531534e-07 4.28263e-05 0.016559249 1.5078459e-05 0.16841583 2.4400792e-06 2.5406175e-06 2.2763448e-05 8.324587e-05 1.6292044e-05 2.0442929e-05 6.4905907e-06 0.2156749 2.1106152e-06 0.009005421 2.1389913e-05
0.7795229 0.001404381 0.001967205 0.0007803917 0.023584178 0.0031673787 0.012550306 7.90924e-05 0.1066262 0.0028084512 0.21422815 0.05807082 0.00019094424 3.3274777e-05 0.020189354 4.793046e-06 0.12449823 0.49606642 0.0053057754 0.0030286487 0.0009457864 0.9547471 9.84864e-06 0.18569857 0.0014391142 0.00073864695 9.6137455e-06 0.2530618 2.5151218e-15 0.9566026 5.4347192e-06 0.0011452357 5.637864e-06 0.5028699 0.42851448 0.7871409 0.020778377 0.00035331765 0.05287339 5.083254e-06 3.6519305e-07 0.00043773212 0.14535469 1.9180202e-06 7.4114445e-07 0.033543285 1.8845396e-05 1.0084183e-07 0.0006784042 0.00012341568 5.5576975e-06 0.044056192 1.5914691e-06 3.7358566e-07 0.17340317 0.12076713 6.8362224e-06 0.20641176 1.2437174e-05 0.01024432 1.3146467e-06 6.933762e-07 0.022699429 0.091636315 0.00019913087 0.12561907 1.4328372e-05 0.0009593414 0.03159651 0.00016318534 0.0142679205 0.0014891403 2.0572224e-05 2.441563e-05 6.339036e-05 0.0023820098 0.00973572 2.1637528e-05 0.0009478903 0.0010981432 0.00718384 0.0020867465 0.002087006 0.00013272987 0.0011809433 1.945505e-06 0.00058675086 0.015437523 0.00032238953 0.008663415 7.739565e-06 8.390486e-05 0.00023282024 0.0011280215 4.898049e-05 3.823229e-05 4.6506306e-05 0.024095902 2.1898193e-06 0.0075718453 0.00029476712
0.6609346 0.00024176802 0.00051165477 0.0001238771 0.0068365224 0.0011074417 0.0027431478 6.4515198e-06 0.048870884 0.0005351052 0.1321715 0.020901283 3.5720896e-05 5.9386143e-06 0.0059088175 4.4429686e-07 0.06734633 0.39117202 0.0018288228 0.00085559406 0.00015360152 0.9346778 5.262919e-07 0.07804724 0.00031602822 0.00011119818 1.630213e-07 0.17438456 0.9566026 9.0533555e-17 5.593097e-07 0.00022553836 4.2691684e-07 0.53839964 0.34320787 0.95166 0.006033141 5.6986315e-05 0.019381342 4.7117913e-07 3.016707e-08 7.547754e-05 0.15919787 3.766337e-08 3.6157147e-08 0.011680858 6.4666174e-06 9.456726e-09 0.00014776559 1.837974e-05 1.5501171e-06 0.049286257 3.8146075e-07 5.050713e-08 0.12576672 0.08787766 4.152738e-06 0.31017444 2.8817922e-06 0.0048384676 1.0976587e-06 5.549248e-07 0.016500095 0.13014118 1.3812696e-05 0.09589609 1.8413467e-06 0.0003426362 0.052212812 1.639553e-06 0.007889431 0.0004998719 4.2797537e-06 1.1816632e-05 2.6412235e-05 0.0014325394 0.004774893 6.217184e-06 0.00045612737 0.0015106173 0.0061394977 0.0034698206 0.0009193017 0.00017510937 0.0018079662 2.494065e-07 0.00015733181 0.028661415 0.00016372219 0.0039131106 1.4795213e-06 9.183825e-05 0.0006287061 0.0003128126 6.3631574e-06 1.20336845e-05 0.000105201325 0.022243476 3.6841058e-07 0.010250239 8.750806e-05
0.86332875 0.004387448 0.011045745 0.07005456 0.0014991018 0.002496038 9.282755e-05 0.12449542 6.976565e-05 0.26302156 8.217498e-06 0.001289721 0.05375469 0.6661595 3.4009834e-06 0.7095127 4.2130405e-06 3.6760182e-06 5.1016555e-06 7.655827e-06 0.00033206795 1.0987087e-05 0.69333196 0.00081732427 0.36987144 0.00018939021 0.8769743 3.7214595e-05 5.4347192e-06 5.593097e-07 6.9715444e-16 3.7666916e-05 0.17186865 3.1088573e-06 4.524953e-06 7.0463665e-07 1.7213351e-06 1.1606037e-05 0.0054535307 0.35513178 0.05654175 0.55402 7.6423925e-07 0.63146585 0.06524456 1.2944959e-06 0.03701111 0.054301433 1.9165082e-06 0.9529484 0.00936802 5.3608335e-07 0.017796852 0.020315291 3.5176686e-07 0.00041386255 0.0004131612 3.1261146e-07 0.003573499 1.2690761e-05 0.000120885816 0.00034712083 8.224036e-08 6.896255e-08 0.18055837 0.00013053097 0.000583968 5.6253907e-07 1.2662302e-07 0.03563068 1.5799587e-05 0.058529913 0.00036547182 5.5568955e-05 7.341114e-05 5.610213e-07 5.551352e-06 6.794745e-05 0.062044 1.6442733e-07 1.28565e-06 5.687908e-07 1.8784378e-06 9.628581e-08 1.4281513e-07 4.7215235e-06 7.8612914e-07 8.265005e-07 6.3116306e-07 0.022008505 5.030878e-08 7.030579e-07 1.0100771e-08 3.3928163e-08 3.6545262e-07 9.42886e-06 3.7563703e-09 0.001273165 1.9082692e-05 3.892837e-08 3.4120158e-06
