3.0092768e-30 0.64687616 0.35357612 0.1726632 0.79421765 0.15264045 0.32133886 0.42290774 0.76560247 0.14947897 0.44095567 0.4350206 0.13948911 0.72180957 0.62003547 0.36587834 0.6713543 0.021505285 0.13315696 0.67372906 0.32118902 0.4625322 0.04549178 0.07497258 0.036564693 0.051739637 0.020281458 0.54713774 0.8256391 0.00012779549 0.07926555 0.053764828 0.10088153 0.0047216523 0.0049337097 0.00010124719 0.6235877 0.008716442 0.00040365328 0.0001324129 0.8855225 0.8397897 0.00030121018 0.00018644189 0.9400785 0.12519406 0.08774738 0.70478684 0.02829668 0.0007806173 0.18734698 1.3420411e-05 0.9448023 0.9266262 0.8381585 0.6401599 0.86248076 0.993882 0.00011212827 0.7679162 0.6263048 0.2666076 0.99148303 6.5386936e-05 0.34587836 3.2345379e-06 1.4569656e-06 0.09571153 0.0262299 0.40081728 3.1350904e-08 0.842107 0.757696 1.925082e-05 0.0019014508 1.6298726e-07 0.9940819 0.95015717 1.1353711e-06 1.90157e-06 2.9439654e-08 0.012592596 0.9990824 0.22700243 2.7605523e-07 4.852603e-08 5.373898e-10 0.9830457 2.951119e-10 0.0006069991 0.9932029 0.9956155 1.5316406e-05 0.97940004 7.520765e-11 0.99846286 0.99800575 3.9804265e-05 0.0334974 0.99275106 2.112235e-09
0.64687616 2.1764675e-21 0.9620469 0.8649435 0.40001094 0.7628963 0.4316998 0.21741591 0.44047034 0.13526203 0.09870525 0.06878104 0.075596 0.64128447 0.07569483 0.03506765 0.0057616336 0.44981074 0.004149316 0.0016131394 0.012552124 0.0031539868 0.0006313871 0.0018070836 0.00042215368 0.009995232 0.029911367 0.14116785 0.022248615 0.01382926 0.0012448459 0.0002681235 0.0001265538 0.0015911605 0.021143833 0.055666234 0.040517155 0.0061549097 0.06244273 0.0062720175 0.027517386 0.1407539 0.13406199 0.0092686545 0.119006716 0.00019337422 0.00033932974 0.0034334816 0.00027891758 0.0019028574 0.00033388304 0.014086579 0.0004629071 0.07353974 0.00033693734 0.0043720272 0.024369743 0.26317033 0.00071632885 0.0002838952 0.00027074464 0.00015190744 0.02329861 0.00012327454 5.7129757e-05 0.00049198256 0.019426104 5.953928e-05 0.00016424576 1.1789874e-05 0.003730378 3.2608878e-05 0.021870537 9.882378e-06 1.430244e-06 0.019944914 0.0054002777 0.0006813426 9.5282616e-05 1.0608035e-06 0.0007018882 6.1752144e-05 0.009557777 7.565973e-05 2.802586e-07 2.7649074e-05 0.0036103327 0.023707759 0.0020761306 4.0450643e-05 0.0015536062 0.008248997 1.7290422e-05 0.0047908374 0.001503315 0.00030295976 0.0028729741 1.9601868e-05 4.732568e-06 0.00023709703 2.2850776e-05
0.35357612 0.9620469 2.663483e-20 0.3723935 0.95001227 0.8972352 0.050888296 0.57366264 0.15527023 0.43044573 0.015030422 0.22387289 0.21106268 0.6224938 0.20484959 0.0059798546 0.0013172245 0.41594884 0.0008330905 0.00037926476 0.03980249 0.000987228 9.2685565e-05 0.0065562055 0.0020773774 0.031616468 0.06513991 0.04322703 0.082035184 0.0381441 0.008365051 3.228179e-05 1.9992598e-05 0.005007738 0.0034687517 0.14505167 0.08581423 0.011325444 0.013760434 0.014088098 0.006419958 0.15346725 0.1340785 0.002765232 0.04262329 0.0013483908 2.5010679e-05 0.011240497 0.0012475265 0.0007475991 0.0021040468 0.0030804528 0.0025366074 0.058058828 0.0020637652 0.0013760356 0.037838884 0.13134952 0.0018046767 0.00091436383 0.00086418906 0.0010738367 0.0056006387 1.6344988e-05 0.00047855967 0.0015145314 0.03622925 3.1712777e-06 2.4750552e-05 0.00012804107 0.001466444 0.0001850441 0.023872279 0.00012440239 4.4347753e-06 0.008773536 0.0009506361 0.0024291507 3.6143276e-05 3.7899088e-06 0.00018024734 8.517566e-06 0.0022727954 3.765996e-06 1.8824135e-06 0.00012692511 0.0029821105 0.022017369 0.0014961147 6.904923e-06 0.0024737138 0.00836881 5.3454387e-06 0.0015935265 0.0014488979 0.00084421516 0.003747747 5.96581e-06 5.903666e-06 9.055228e-06 5.3835036e-05
0.1726632 0.8649435 0.3723935 2.4214774e-20 0.07842414 0.6254604 0.981594 0.07868661 0.36946854 0.059027564 0.1522499 0.019229405 0.058090888 0.073663704 0.011363603 0.076430716 0.02277229 0.46759328 0.025586354 0.008508494 0.0034683433 0.011357433 0.0040873364 0.0005130393 5.673259e-05 0.0030452658 0.02866611 0.033944927 0.0025677911 0.030203784 0.00012016363 0.0018948506 0.0012979597 0.0007857526 0.3533883 0.04499095 0.00493582 0.00709165 0.5382499 0.016282324 0.011891874 0.008442112 0.23389383 0.15381831 0.02428159 2.1368687e-05 0.0016497513 0.0006051175 2.2078479e-05 0.03589642 4.599396e-05 0.16329993 4.9727583e-05 0.008089149 0.00024316121 0.0058067096 0.0022763899 0.014908213 0.0013401433 4.6825713e-05 2.8229919e-05 1.1513225e-05 0.017189715 0.0009664028 5.594561e-06 0.0020915777 0.023372166 0.0003707152 0.00082622626 7.577873e-07 0.03112419 3.5395403e-06 0.0022738294 3.730141e-06 1.6569016e-06 0.0852109 0.0097321365 0.00016337624 0.0033221685 5.3644277e-07 0.013963555 0.00013151033 0.012314528 0.00023614813 1.12801104e-07 0.00010931584 0.010126289 0.007111673 0.009263392 0.000111107125 0.0004543031 0.0026280652 0.00017709495 0.0015271645 0.0038867726 0.00041349963 0.0006576144 4.419827e-05 1.7837059e-06 0.0004442897 9.590582e-05
0.79421765 0.40001094 0.95001227 0.07842414 5.1663524e-21 0.38633218 0.0078424085 0.89156497 0.15591913 0.57176435 0.008242159 0.71798277 0.29374716 0.7641907 0.88697827 0.006083885 0.0006295317 0.08965408 3.238991e-05 7.037354e-05 0.40314463 0.00016342876 1.6711984e-06 0.0888155 0.03572618 0.04449631 0.16201788 0.08518161 0.5046783 0.047721982 0.053689905 3.5151252e-06 1.7421871e-06 0.0085514095 0.00063774956 0.096901 0.3479061 0.032870393 0.0023200072 0.028047673 0.014733845 0.5746034 0.019605098 0.00031114943 0.15210684 0.010061792 1.5056221e-06 0.10131772 0.004465664 8.278605e-05 0.012924299 0.0007998672 0.052063677 0.27491194 0.019102091 0.00091873383 0.1953119 0.38722235 0.008016511 0.00613639 0.006310741 0.0045007034 0.008383203 7.878366e-07 0.002531625 0.0022703386 0.016901324 8.6958084e-07 5.5196724e-06 0.0010212053 0.00019183058 0.0017302805 0.19393755 0.00038311142 5.8812334e-06 0.0010782889 0.0011929568 0.025195967 3.4363755e-05 1.14036775e-05 4.684898e-05 1.4874171e-06 0.0022934265 2.065592e-06 1.0272045e-06 0.00016237205 0.0011305831 0.18849029 0.0012547702 1.0335124e-05 0.026536033 0.11705121 1.8346649e-06 0.008126962 0.0013784997 0.014768713 0.028599981 2.1583398e-06 5.5696682e-06 4.8827587e-06 5.9954087e-05
0.15264045 0.7628963 0.8972352 0.6254604 0.38633218 1.559141e-20 0.055117015 0.51010805 0.09077933 0.6082839 0.019844068 0.094455674 0.47599226 0.2493391 0.05272569 0.005440048 0.0010605628 0.95693195 0.00058539235 0.0003544239 0.012551544 0.0010228155 0.00011486122 0.0011442085 0.00015710466 0.046868138 0.24879684 0.015800908 0.009775666 0.16892281 0.00067348505 2.3610228e-05 1.3062541e-05 0.0022311206 0.012016243 0.3894997 0.02123242 0.030418474 0.05873687 0.05732525 0.0017710679 0.047588862 0.38056082 0.005295554 0.010438698 5.107456e-05 8.056879e-05 0.0023705428 5.7083682e-05 0.00047524073 0.00017947699 0.016319625 0.00010840972 0.010626509 0.0003663101 0.0006278921 0.0062953853 0.0198226 0.005322142 0.00023389334 0.00014807185 0.000104820574 0.0018439724 5.885565e-06 6.877567e-05 0.003537818 0.11783857 1.0437622e-05 9.91645e-06 2.3889052e-06 0.005520134 1.409311e-05 0.003044119 1.4464805e-05 1.0194119e-06 0.046028905 0.0010944754 0.00056288636 0.0001642685 8.095844e-07 0.00048030444 1.1985262e-05 0.0016095083 1.0325441e-05 8.6287336e-08 0.00041918736 0.02147698 0.0059789764 0.0067199245 5.4220647e-05 0.0009452075 0.0024120864 6.152439e-06 0.0010981065 0.008908372 0.0004185035 0.0018545302 6.691721e-06 1.0865843e-06 9.986057e-05 0.00029797907
0.32133886 0.4316998 0.050888296 0.981594 0.0078424085 0.055117015 3.2566023e-20 0.0049811546 0.4433412 0.0044515617 0.5211585 0.0002681176 0.0037559555 0.03176333 0.00027032098 0.25306606 0.1523792 0.038463514 0.29103428 0.08577762 2.5034376e-05 0.11699934 0.08188724 2.0309819e-05 2.8341312e-06 9.756841e-05 0.0011558774 0.06597529 0.00056189677 0.0017879741 8.368489e-06 0.017634686 0.011042879 1.8585277e-05 0.5301164 0.0029967658 0.0015056259 0.0004834266 0.35959926 0.0004420579 0.04974956 0.004064397 0.008625349 0.26386535 0.03553782 2.553253e-06 0.025376165 2.9650035e-05 4.258269e-06 0.16556233 1.0835735e-05 0.06696304 6.099471e-07 0.005441662 1.2855561e-05 0.02161045 0.0004894027 0.014542318 1.5625334e-05 6.7653336e-06 3.6127574e-06 9.1179004e-07 0.1173524 0.015957681 2.2531657e-07 2.8183436e-05 0.0005803224 0.0009491549 0.0018178452 7.8567304e-08 0.01178697 3.1438495e-07 0.0002079271 1.8784905e-07 4.8387506e-07 0.022600705 0.02876572 1.2718022e-05 0.007851751 9.620192e-08 0.011167136 0.00027553068 0.0359568 0.0005587124 1.8414154e-08 6.2217628e-06 0.00055394694 0.0016456092 0.002227395 0.00044341918 4.9541224e-05 0.0003893994 0.00024232572 0.0018397461 0.0001281581 3.1540058e-05 0.000141211 0.00018426996 5.6875064e-07 0.0016821822 2.4473575e-06
0.42290774 0.21741591 0.57366264 0.07868661 0.89156497 0.51010805 0.0049811546 1.8829236e-19 0.023396442 0.9425477 0.0043742065 0.897019 0.7804743 0.16893661 0.60698754 0.0020887763 0.000327507 0.11695461 6.5859625e-05 4.349702e-05 0.34898517 0.000113376555 4.639859e-06 0.07598624 0.048223414 0.34938848 0.45061925 0.0055302475 0.23551172 0.115063615 0.1777903 2.342342e-06 3.5505416e-06 0.05792371 0.0017326914 0.114296824 0.085268736 0.20262222 0.004675637 0.107376255 0.0016843276 0.064391166 0.024188954 0.00094017026 0.007883223 0.017236918 2.1393043e-06 0.03879026 0.022611963 0.00016109539 0.019773453 0.0017314119 0.016335623 0.021558017 0.01160833 5.884877e-05 0.050834544 0.017431803 0.037261713 0.0045909123 0.004257135 0.007018411 0.00030639328 1.853028e-06 0.0040923506 0.009550464 0.022680685 4.50933e-07 9.971567e-06 0.0031075946 0.00025971615 0.0012764848 0.026010294 0.0023782533 2.0840902e-05 0.0007991641 0.00015842008 0.009263313 4.2917472e-05 8.139134e-05 3.9446964e-05 2.887704e-06 0.00023377694 7.779143e-07 9.776919e-06 0.0017280213 0.002030367 0.009581463 0.0010851149 8.893351e-07 0.004532792 0.004261959 1.3817498e-06 0.00020119168 0.0017112598 0.0036469386 0.0027948925 4.990616e-07 5.2951447e-05 1.4005056e-05 0.00017310528
0.76560247 0.44047034 0.15527023 0.36946854 0.15591913 0.09077933 0.4433412 0.023396442 1.5199765e-20 0.010245815 0.9175274 0.009301001 0.006554593 0.8995556 0.021775162 0.6696099 0.45835236 0.040192943 0.09758836 0.14497891 0.001257007 0.051138163 0.0043369075 9.647603e-05 4.4769295e-06 0.00031285975 0.0003647841 0.74137753 0.0090458635 0.002292364 4.579617e-05 0.0009202377 0.0012247034 5.801843e-06 0.079104036 0.0036730608 0.13347977 0.00025970326 0.11478842 0.00089880376 0.34392726 0.26967284 0.004894797 0.034239016 0.40406957 1.8156679e-06 0.000415927 0.0013265671 1.1944651e-05 0.0035762228 8.45841e-06 0.026381897 0.00013750877 0.11424329 3.0245154e-05 0.011768953 0.04008421 0.39234105 5.0102786e-05 2.0307582e-06 1.4893631e-06 2.5936006e-07 0.16971307 0.00010645836 1.3242784e-07 0.00013320247 0.0011935604 0.00018725517 5.906592e-05 1.235273e-08 0.0039633303 7.263516e-08 0.016656678 9.21682e-06 3.5612354e-07 0.0120063005 0.016763696 0.00014857897 0.0004622282 1.6823643e-07 0.0038071305 2.2369718e-06 0.019621698 4.5165005e-05 1.922813e-08 3.1968882e-06 0.0009731051 0.14616787 0.0018304384 1.4016446e-06 0.00066881167 0.024425544 6.4497362e-06 0.04099493 0.000308502 9.960879e-05 0.001485667 4.079386e-06 4.159543e-08 4.158582e-05 4.928396e-06
0.14947897 0.13526203 0.43044573 0.059027564 0.57176435 0.6082839 0.0044515617 0.9425477 0.010245815 1.3632356e-21 0.0020701487 0.57929504 0.97281116 0.044185333 0.2023878 0.00074713223 0.000112685055 0.15958786 5.8242425e-05 2.124713e-05 0.08284593 7.91354e-05 4.579038e-06 0.014278674 0.007204199 0.44937018 0.5056344 0.0016639619 0.039480276 0.16620146 0.08215748 7.993745e-07 8.0775584e-07 0.105901115 0.0012303487 0.13781348 0.014796367 0.21299344 0.0020772386 0.13056658 0.0004141026 0.009351114 0.04263084 0.00046740432 0.00221181 0.0031751213 1.6135309e-06 0.0051975315 0.005268667 1.96971e-05 0.0039900346 0.0006330705 0.0016901025 0.0037390187 0.0021894707 5.1369705e-05 0.0075492347 0.0035432016 0.031040378 0.0009886295 0.00081629446 0.0021167889 0.0002556357 6.3638646e-07 0.0014587168 0.008704102 0.030796316 4.6743486e-07 2.4553692e-06 0.0006431681 0.00011715357 0.00055805466 0.004910577 0.00071048463 4.4274943e-06 0.001175519 0.00023834617 0.0031377766 3.6400357e-05 7.417487e-06 2.5250776e-05 9.785439e-07 0.000270238 7.542753e-07 2.1504995e-06 0.0010733653 0.0018932637 0.0019000793 0.0007299662 8.8858985e-07 0.0021620544 0.0012034822 7.819017e-07 5.9056798e-05 0.0016195851 0.0017220839 0.001257959 7.5122216e-07 1.073768e-05 1.4082361e-05 0.00020504872
0.44095567 0.09870525 0.015030422 0.1522499 0.008242159 0.019844068 0.5211585 0.0043742065 0.9175274 0.0020701487 5.010195e-19 0.0012130295 0.0014496476 0.3648689 0.00076463004 0.9648456 0.7835611 0.009205506 0.4634564 0.5090264 0.00020890641 0.46535316 0.096028306 3.781661e-05 8.1696334e-07 0.0003443437 0.0005461616 0.1921167 0.0013749731 0.00033726092 0.0001518136 0.036522813 0.041557 2.3362685e-05 0.18069498 0.0005906482 0.010994458 0.00048331407 0.10470075 0.000189638 0.17500891 0.014493886 0.0006968097 0.070608824 0.10805573 6.337422e-07 0.019464565 6.053962e-05 1.9753705e-05 0.04880124 3.6985657e-06 0.018852118 8.623469e-06 0.008835432 1.0679663e-05 0.07814726 0.0025723253 0.04720605 2.1573038e-05 2.123399e-06 1.1008194e-06 1.6710479e-07 0.38264483 0.0026861874 9.521089e-08 2.4572653e-05 0.00011863779 0.001985832 0.0017218777 2.8046971e-08 0.0025565706 2.806491e-07 0.0017793991 4.7700273e-06 1.4181289e-06 0.0061056027 0.06493954 5.0192553e-05 0.0019959405 7.788526e-07 0.0025561634 0.00023452278 0.06748216 0.00076633866 3.4047964e-08 1.0597513e-05 0.00017718838 0.009873373 0.00031064835 0.00015347397 0.0005506282 0.0031282275 4.0409697e-05 0.012102556 5.7771333e-05 2.1399788e-05 0.00081409625 1.7139253e-05 1.3852865e-07 0.00075535435 1.0621989e-05
0.4350206 0.06878104 0.22387289 0.019229405 0.71798277 0.094455674 0.0002681176 0.897019 0.009301001 0.57929504 0.0012130295 3.1868247e-19 0.52733904 0.1872863 0.9421582 0.00045527358 5.8655245e-05 0.010094528 1.7726266e-05 6.8071417e-06 0.83169186 5.9798145e-05 2.4763642e-06 0.36628914 0.22891589 0.4879219 0.3384612 0.002217904 0.4161259 0.06952567 0.6761173 1.5737878e-06 8.707983e-07 0.11112375 5.139597e-05 0.022621196 0.11593257 0.23391925 0.00013706651 0.10551946 0.0004298937 0.037783194 0.00058515347 0.0001077632 0.0018718616 0.08799102 6.2497666e-06 0.08392677 0.15632504 5.2182963e-06 0.09276733 9.262379e-05 0.054070648 0.017057203 0.04736524 2.0818634e-05 0.048582934 0.025026076 0.060708087 0.031878017 0.025914028 0.026840147 0.00021209462 4.9319446e-08 0.01402205 0.018203044 0.003947696 2.6544907e-07 7.730606e-07 0.00586541 4.2102347e-05 0.005808656 0.03935323 0.0075381477 0.0001492648 5.052079e-05 5.674997e-05 0.055991717 5.6366653e-06 0.00012767951 2.471285e-06 4.976909e-07 0.00070057646 3.1436187e-07 1.9737246e-05 0.0018708577 0.0004674025 0.02964822 8.2694125e-05 4.2973912e-07 0.021758618 0.017939556 3.121217e-07 0.00043273455 0.000367477 0.019102864 0.010963847 9.5045415e-08 0.0001641678 2.1717171e-06 3.8694543e-05
0.13948911 0.075596 0.21106268 0.058090888 0.29374716 0.47599226 0.0037559555 0.7804743 0.006554593 0.97281116 0.0014496476 0.52733904 2.0503672e-20 0.034703992 0.17523731 0.0006964061 4.6079265e-05 0.1373868 4.6572928e-05 1.0536434e-05 0.11149839 6.209839e-05 3.2330636e-06 0.024909474 0.010123204 0.7123326 0.738121 0.0008702143 0.046203185 0.3118366 0.20950402 5.570048e-07 3.766066e-07 0.23063801 0.001103353 0.18885365 0.024950637 0.454987 0.0026671267 0.29553917 0.00018191537 0.006448556 0.036727358 0.0006694833 0.0010519361 0.0026717256 1.1600943e-06 0.009279834 0.00418938 1.2240907e-05 0.0040963395 0.0004980962 0.003455492 0.0033845147 0.0034827716 1.020645e-05 0.0060069817 0.0028829 0.11915336 0.001536684 0.0010479604 0.0019105199 8.4686246e-05 9.794785e-07 0.0016366475 0.041196603 0.048405506 2.1030094e-07 9.994983e-07 0.00030182785 0.00015853629 0.0005878192 0.0053033675 0.0019551478 4.0306413e-06 0.0018734018 0.00010970477 0.0050622537 6.333888e-05 1.2183874e-05 2.2922173e-05 1.8299712e-06 0.00023793873 9.571595e-07 1.6530126e-06 0.009671515 0.0024640474 0.004900645 0.0012032567 7.498629e-07 0.0026212195 0.0018975197 1.4305728e-06 0.00011395596 0.0033395728 0.002049507 0.00073468284 4.1394304e-07 6.8011072e-06 5.0603658e-06 0.0010081396
0.72180957 0.64128447 0.6224938 0.073663704 0.7641907 0.2493391 0.03176333 0.16893661 0.8995556 0.044185333 0.3648689 0.1872863 0.034703992 1.555478e-17 0.36620396 0.38210192 0.09391274 0.068133466 0.017051209 0.009103042 0.19691083 0.006410671 0.0007509067 0.0119142365 0.0011174439 0.012183573 0.01308722 0.7791255 0.4535533 0.007345196 0.001693305 0.00015858273 0.00023620106 0.00018564845 0.005228566 0.0058942046 0.5412926 0.0040565263 0.006527059 0.004866314 0.062187202 0.83361524 0.0013686634 0.0005475008 0.2719968 0.0012445466 0.0001947595 0.0500734 0.00013220799 0.0005221263 0.0010002031 0.0015355656 0.0070966464 0.35674408 0.0036075297 0.0017378652 0.16762513 0.5954948 0.00012866582 0.00062810443 0.00035751416 3.9495106e-05 0.016582923 4.049571e-06 3.719057e-05 0.00050115545 0.0016175507 0.00020083762 5.9989095e-05 3.094709e-06 0.0012147473 7.828086e-06 0.08861955 2.5859541e-05 7.088423e-07 0.0036851692 0.004577971 0.0033970713 1.7660223e-05 6.426794e-07 0.00014127848 1.2339497e-06 0.009168345 2.6794363e-05 1.4316488e-07 1.04619985e-05 0.0028031252 0.38157076 0.0017771784 4.1421e-05 0.008429485 0.14933981 1.8767558e-05 0.1786297 0.0010021197 0.0005248114 0.017516885 4.253768e-06 8.62873e-07 2.008014e-06 1.3271195e-05
0.62003547 0.07569483 0.20484959 0.011363603 0.88697827 0.05272569 0.00027032098 0.60698754 0.021775162 0.2023878 0.00076463004 0.9421582 0.17523731 0.36620396 1.4250841e-19 0.000623743 8.65483e-05 0.006655885 1.7843176e-05 8.646081e-06 0.94184464 8.188839e-05 1.4498439e-06 0.45388958 0.27322719 0.15354338 0.1364554 0.023014301 0.82314134 0.015028515 0.20574436 3.0001008e-06 1.9858355e-06 0.040786564 0.00028118643 0.0112071065 0.38129896 0.118431546 0.00021022145 0.01991741 0.0027435964 0.25241938 0.00034302234 0.00024396142 0.01876165 0.12234978 4.583285e-06 0.29073536 0.08839567 2.7957443e-05 0.14709692 7.481928e-05 0.21409659 0.14954075 0.1715843 0.00011400258 0.18416664 0.06949105 0.02333276 0.07791202 0.07506145 0.045894425 0.0011046544 1.9796446e-06 0.0199961 0.0045084464 0.0033806872 2.597343e-07 2.4155011e-05 0.0075186803 2.947754e-05 0.017001895 0.20825003 0.0017161975 5.6471014e-05 3.765118e-05 0.00014114166 0.08204285 3.154418e-05 4.072279e-05 1.5380607e-05 5.9146046e-06 0.00069109636 9.2100225e-07 7.4140844e-06 0.0003618645 0.00023927286 0.19170773 8.495569e-05 1.2854704e-05 0.08466145 0.106312715 3.838549e-06 0.001161744 0.00019405702 0.052995697 0.050049063 2.4979538e-06 0.00030679413 4.735376e-06 1.9801764e-05
0.36587834 0.03506765 0.0059798546 0.076430716 0.006083885 0.005440048 0.25306606 0.0020887763 0.6696099 0.00074713223 0.9648456 0.00045527358 0.0006964061 0.38210192 0.000623743 9.111656e-19 0.9420141 0.0031768444 0.27335796 0.6193789 0.0001323624 0.34624228 0.09000619 2.4234154e-05 3.642322e-06 0.00035272044 0.00072478165 0.34989637 0.0007801317 0.00023351892 0.000231779 0.032156706 0.0362128 3.669159e-05 0.14088257 0.00039921753 0.009975601 0.0005107178 0.07499709 0.00015860374 0.2589807 0.010814992 0.00025872578 0.06355402 0.13221307 8.991754e-06 0.013462747 2.881692e-05 7.2702016e-05 0.037614856 9.3288e-06 0.015905455 8.429911e-06 0.0072017917 1.1111893e-05 0.13377379 0.0027119946 0.05900528 2.1095439e-05 5.7591474e-06 3.1722093e-06 8.37123e-07 0.5195397 0.002633064 7.69709e-07 2.4232006e-05 0.00021909016 0.0011625225 0.0013628685 8.76883e-08 0.0018191763 1.71024e-07 0.0013080685 2.4860461e-05 2.7117123e-06 0.004544975 0.084387355 3.3353695e-05 0.0018736692 5.9887225e-07 0.0017589083 9.056674e-05 0.09156001 0.0006936408 1.5984425e-07 0.00011140102 0.00016982495 0.014603907 0.00041982386 5.8995156e-05 0.00028470074 0.004143094 5.2227348e-05 0.016559865 0.000108343556 1.1830952e-05 0.0009621983 5.851038e-05 5.8833564e-07 0.0005614948 9.205712e-05
0.6713543 0.0057616336 0.0013172245 0.02277229 0.0006295317 0.0010605628 0.1523792 0.000327507 0.45835236 0.000112685055 0.7835611 5.8655245e-05 4.6079265e-05 0.09391274 8.65483e-05 0.9420141 5.814853e-20 0.00024529026 0.37205952 0.94908476 1.5727324e-05 0.55957454 0.17711085 1.4689797e-06 3.2759118e-07 5.189495e-05 3.767744e-05 0.34537026 0.0002835686 5.9607432e-06 5.5468776e-05 0.06794513 0.06490673 5.1162237e-06 0.12839387 9.575369e-06 0.0045627463 0.00010029233 0.024822082 6.517119e-06 0.4094483 0.0072665107 4.94671e-07 0.044037633 0.12624383 7.898083e-07 0.032132227 1.1345469e-05 1.6408654e-06 0.061454758 1.5894382e-06 0.0037700215 9.841424e-07 0.0034682027 1.5910169e-06 0.40462792 0.001533413 0.03231324 9.873542e-06 6.2355946e-07 3.4043336e-07 1.0493474e-07 0.7629204 0.0054043815 9.138737e-08 4.443916e-06 1.6825544e-06 0.0034248608 0.0013501666 3.1575105e-08 0.0007352113 2.0656088e-07 0.0005405763 3.2955384e-06 9.446748e-07 0.000114775044 0.214514 1.2112727e-05 0.0014461272 2.2616448e-06 0.00089800445 0.00022152942 0.22125924 0.0012445686 1.6710575e-07 4.077914e-05 4.640379e-05 0.011925262 9.279285e-05 0.00011602126 0.00010584398 0.0015290756 7.222953e-05 0.012316989 2.5805048e-05 1.3297876e-05 0.00037812552 8.7599576e-05 1.1007711e-06 0.0012771703 1.0341651e-05
0.021505285 0.44981074 0.41594884 0.46759328 0.08965408 0.95693195 0.038463514 0.11695461 0.040192943 0.15958786 0.009205506 0.010094528 0.1373868 0.068133466 0.006655885 0.0031768444 0.00024529026 1.22930485e-20 0.0003916577 3.3838285e-05 0.00083300157 0.00010620312 3.304112e-05 6.567848e-05 7.7448e-06 0.0053748777 0.15667222 0.0008773561 0.0006567532 0.24633783 3.4960074e-05 4.4657995e-06 2.2252289e-06 0.00032893437 0.009753047 0.48113367 0.0013237086 0.008323667 0.17418359 0.042928703 9.3663446e-05 0.0010084012 0.9067858 0.009161069 0.00042525472 6.791521e-06 3.3325794e-06 0.00012955803 2.5635982e-06 2.4002284e-05 2.288781e-05 0.061496682 2.2726629e-06 0.00036006552 2.9305103e-05 4.6954723e-05 0.00022750116 0.00068194134 0.001808707 1.3365387e-05 1.0305568e-05 8.966895e-06 5.5025044e-05 1.8370268e-06 6.025533e-06 0.0034616068 0.26084262 5.4009934e-07 2.1874919e-06 1.7519797e-07 0.016503014 1.3990058e-06 3.8334805e-05 2.2134746e-07 2.1460711e-07 0.11830672 6.4813714e-05 2.4748051e-05 0.00012479737 1.4191536e-07 0.003302687 1.4577981e-06 0.00011333483 2.936347e-06 1.9430756e-08 0.00027600193 0.06921666 0.00024134395 0.031306855 7.694921e-06 6.076005e-05 0.00022745515 7.1008594e-07 0.000645706 0.026171848 0.00016386855 0.00014469889 2.3098505e-06 3.0691749e-07 6.3410826e-06 0.0009599655
0.13315696 0.004149316 0.0008330905 0.025586354 3.238991e-05 0.00058539235 0.29103428 6.5859625e-05 0.09758836 5.8242425e-05 0.4634564 1.7726266e-05 4.6572928e-05 0.017051209 1.7843176e-05 0.27335796 0.37205952 0.0003916577 2.249056e-19 0.62480235 2.1047438e-06 0.8418746 0.9690297 7.2631263e-07 7.229695e-08 3.8148082e-05 0.00011514748 0.026631713 5.1446335e-05 1.4583286e-05 6.2638515e-05 0.2941951 0.25727904 1.8261979e-05 0.21638714 3.262017e-05 0.00080785225 0.00018927609 0.03082977 4.13267e-05 0.04475565 0.0010029 4.1984486e-06 0.0938367 0.013346493 6.89712e-07 0.42724875 6.470646e-06 8.437069e-06 0.21715996 7.746059e-07 0.005979652 5.884013e-07 0.00065344106 1.7859322e-06 0.27158707 0.00015318839 0.0035953114 1.666854e-05 4.269539e-07 3.15014e-07 5.2059143e-08 0.36675584 0.04252112 8.902706e-08 2.2334878e-05 5.0499406e-05 0.016404612 0.009086787 1.5504556e-08 0.0008088305 4.4861178e-08 2.8929566e-05 1.9759016e-05 2.854573e-06 0.0008590747 0.113298796 2.6547857e-06 0.0067724423 1.4672406e-06 0.0013065756 0.0017963635 0.067203574 0.0046214047 7.638061e-08 8.0004036e-05 5.8465983e-05 0.0017295141 0.00016039482 0.0012493731 1.4832449e-05 0.0004629912 0.00077337585 0.0018612506 4.136388e-05 9.240194e-06 0.00011059641 0.00046260015 6.0041316e-08 0.0033736352 2.5064477e-05
0.67372906 0.0016131394 0.00037926476 0.008508494 7.037354e-05 0.0003544239 0.08577762 4.349702e-05 0.14497891 2.124713e-05 0.5090264 6.8071417e-06 1.0536434e-05 0.009103042 8.646081e-06 0.6193789 0.94908476 3.3838285e-05 0.62480235 2.055623e-19 3.0562198e-06 0.94531995 0.44229788 1.1949669e-06 2.2588695e-07 2.046427e-05 1.6769452e-05 0.1055594 6.1204715e-05 2.887685e-06 1.3781868e-05 0.32513115 0.35840297 1.4314422e-06 0.14140297 4.589566e-06 0.0006236728 1.6847116e-05 0.00951368 4.9500964e-06 0.23278946 0.001674426 9.331397e-08 0.033908084 0.032558013 4.784088e-07 0.1618073 7.394955e-06 4.1943326e-07 0.11140493 8.2673614e-07 0.0008537382 3.255801e-07 0.00083364366 7.767178e-07 0.70812714 0.0004619556 0.0056241546 2.539341e-06 1.2766776e-07 6.3391234e-08 4.2252477e-08 0.7753306 0.012430106 2.3236325e-08 2.7103758e-06 3.5439194e-07 0.02464454 0.015716266 2.0484485e-08 0.00032815698 6.4006244e-08 0.00012209854 1.5599344e-06 2.390262e-07 3.1976153e-05 0.30235067 1.7785235e-06 0.0025205605 1.0935619e-06 0.0006102288 0.0015334163 0.2890012 0.007957821 5.6464195e-08 1.0691912e-05 1.7840814e-05 0.0044349786 4.7664416e-05 0.0006521549 2.5636384e-05 0.00037819747 0.00040158138 0.0035600506 8.531631e-06 4.2043625e-06 0.000108840446 0.00020517882 5.448859e-07 0.0051727104 3.6661415e-06
0.32118902 0.012552124 0.03980249 0.0034683433 0.40314463 0.012551544 2.5034376e-05 0.34898517 0.001257007 0.08284593 0.00020890641 0.83169186 0.11149839 0.19691083 0.94184464 0.0001323624 1.5727324e-05 0.00083300157 2.1047438e-06 3.0562198e-06 2.901767e-21 4.7420937e-05 4.216945e-07 0.8316654 0.6395235 0.22531796 0.12691753 0.0032546557 0.7766704 0.010583592 0.5614352 1.0863781e-06 1.4607484e-06 0.09544717 7.915125e-05 0.0024999664 0.24054332 0.13318801 1.981835e-05 0.022252064 0.00041093177 0.040949725 3.658622e-06 8.8176064e-05 0.0016174064 0.38357672 3.8408743e-06 0.28037325 0.5305878 2.7851754e-06 0.34758016 1.0298003e-05 0.19064552 0.014547506 0.3095796 9.037939e-06 0.091335215 0.016783725 0.036788393 0.22975911 0.22030482 0.18036842 0.00014946122 1.7674105e-07 0.11355262 0.007200731 0.0003707918 9.924567e-08 7.0726255e-06 0.057751697 9.669891e-06 0.061748702 0.07477838 0.0053925836 0.0018745689 5.213337e-06 2.4933115e-05 0.19135498 1.956334e-05 0.00034509884 5.3484423e-06 1.2488583e-06 0.00019925111 3.091492e-07 7.711594e-05 0.00026980153 4.3906286e-05 0.043915663 5.656512e-05 1.402907e-06 0.088956855 0.02516902 9.40154e-07 0.0005157383 4.5281493e-05 0.053882685 0.017206188 2.4163626e-07 0.0017646975 2.5838426e-06 8.315997e-06
0.4625322 0.0031539868 0.000987228 0.011357433 0.00016342876 0.0010228155 0.11699934 0.000113376555 0.051138163 7.91354e-05 0.46535316 5.9798145e-05 6.209839e-05 0.006410671 8.188839e-05 0.34624228 0.55957454 0.00010620312 0.8418746 0.94531995 4.7420937e-05 4.379319e-17 0.7642433 1.0717004e-05 1.4049382e-06 8.132764e-05 0.0002043407 0.030794326 0.0002780311 4.2139305e-05 8.3438936e-05 0.66726965 0.6999933 1.48451e-05 0.23216659 5.6926136e-05 0.0006452019 0.00025030592 0.013349217 3.0416855e-05 0.05034636 0.0015518907 2.115639e-06 0.075834244 0.00910156 4.1462954e-06 0.507331 2.5808418e-05 2.182107e-05 0.21037391 1.2441479e-05 0.0017861481 3.3001677e-06 0.00052516186 9.900008e-06 0.7042576 0.0004995543 0.0032626253 1.6145244e-05 4.467512e-06 2.2589288e-06 8.6337343e-07 0.55698097 0.044930678 8.705242e-07 2.1408505e-05 1.0361108e-05 0.11535245 0.07774238 1.12725516e-07 0.00047722273 2.2030167e-07 8.803943e-05 4.766903e-06 3.1926043e-06 0.00013845965 0.24661374 6.248915e-06 0.0076315496 1.7970273e-06 0.00079512055 0.012919326 0.18369263 0.023127211 1.6199054e-07 3.9437222e-05 5.9369304e-05 0.0020339398 0.00022190009 0.0040097595 2.7773445e-05 0.00024636654 0.0020677072 0.0017536525 6.258132e-05 6.6709235e-06 0.00013867216 0.00096867594 1.0870683e-06 0.0110901585 1.571927e-05
0.04549178 0.0006313871 9.2685565e-05 0.0040873364 1.6711984e-06 0.00011486122 0.08188724 4.639859e-06 0.0043369075 4.579038e-06 0.096028306 2.4763642e-06 3.2330636e-06 0.0007509067 1.4498439e-06 0.09000619 0.17711085 3.304112e-05 0.9690297 0.44229788 4.216945e-07 0.7642433 2.28681e-19 2.4135508e-07 1.9567358e-08 4.28351e-06 1.3120684e-05 0.0034474328 2.3609575e-05 1.2179256e-06 1.30858325e-05 0.6079883 0.5037924 5.3896116e-07 0.2547337 1.0084655e-05 8.544374e-06 7.0402107e-06 0.020036893 5.406113e-06 0.0074494025 7.7235645e-06 2.8125853e-06 0.091117986 0.0023068348 1.15524244e-07 0.82595736 3.8106432e-06 2.4621388e-06 0.354366 1.8782954e-07 0.0021015632 1.6926104e-07 5.018078e-05 1.6669215e-06 0.30733603 4.4472104e-06 0.0007348773 9.4558067e-07 1.6304152e-07 8.972309e-08 1.46421435e-08 0.16800776 0.1422973 2.0521911e-08 1.8974727e-06 1.6587317e-05 0.063014634 0.09898506 9.856517e-09 0.00025507974 1.7874452e-08 7.661911e-06 2.8444913e-06 6.3201963e-07 0.00016481426 0.08775207 8.319245e-07 0.0106458375 1.8300453e-07 0.00044275052 0.018888399 0.0358666 0.016051153 7.688675e-09 3.4939521e-06 3.6645844e-05 0.00057738175 6.718536e-05 0.0056987246 3.4061543e-06 0.00011078504 0.0055432264 0.00034365215 1.2166607e-05 2.0034654e-06 3.618214e-05 0.0015345723 2.6788294e-08 0.0076390053 6.5328004e-06
0.07497258 0.0018070836 0.0065562055 0.0005130393 0.0888155 0.0011442085 2.0309819e-05 0.07598624 9.647603e-05 0.014278674 3.781661e-05 0.36628914 0.024909474 0.0119142365 0.45388958 2.4234154e-05 1.4689797e-06 6.567848e-05 7.2631263e-07 1.1949669e-06 0.8316654 1.0717004e-05 2.4135508e-07 1.7573002e-21 0.98070014 0.16470385 0.046042074 0.00033862115 0.6060862 0.001949841 0.5065205 2.2068562e-07 4.2104193e-07 0.09751628 7.536045e-05 0.00023948199 0.06206756 0.0856362 3.887136e-06 0.0045190104 0.00023026697 0.0060592354 1.0016796e-06 3.7769933e-05 0.00048329338 0.44144496 4.984424e-07 0.22957045 0.620006 6.5815134e-06 0.378488 1.7453774e-05 0.15931986 0.0027391505 0.31655276 8.2549495e-06 0.026245037 0.0019502372 0.018850606 0.2156116 0.20773272 0.19362576 4.4089607e-05 3.203344e-07 0.12247188 0.002677816 9.061279e-05 1.2103743e-07 8.07633e-06 0.059483558 1.0290218e-05 0.057027467 0.021620719 0.008068959 0.010179921 4.113644e-06 1.18070675e-05 0.1455655 5.3592403e-06 0.00049271807 9.632728e-07 3.3197896e-06 5.868361e-05 4.1520306e-07 0.00013409185 6.951898e-05 3.6585818e-05 0.010621296 3.8442333e-05 2.232967e-06 0.037659537 0.00654713 1.3806407e-06 2.1488073e-05 2.3499504e-05 0.04350766 0.0064618867 3.0433742e-07 0.0018797758 8.9199966e-07 7.660449e-06
0.036564693 0.00042215368 0.0020773774 5.673259e-05 0.03572618 0.00015710466 2.8341312e-06 0.048223414 4.4769295e-06 0.007204199 8.1696334e-07 0.22891589 0.010123204 0.0011174439 0.27322719 3.642322e-06 3.2759118e-07 7.7448e-06 7.229695e-08 2.2588695e-07 0.6395235 1.4049382e-06 1.9567358e-08 0.98070014 1.821215e-20 0.13313308 0.033168327 2.0871712e-05 0.58096755 0.00029362104 0.48006997 1.7462723e-08 4.692408e-08 0.08516828 0.000103697035 3.584894e-05 0.018375179 0.077770025 3.0610938e-06 0.00073593424 1.583558e-05 0.0024288113 6.0844354e-07 3.1450354e-06 6.918643e-05 0.52877444 3.0065166e-08 0.2342341 0.70738715 1.2790741e-06 0.39102665 3.407896e-06 0.19379771 0.00076140324 0.37597126 1.2008848e-06 0.011208069 0.0010814603 0.0119152935 0.2716963 0.26625964 0.21720836 3.961168e-06 4.018792e-08 0.14185518 0.0013248275 2.7118713e-05 1.0067554e-08 1.4103441e-06 0.059334397 1.6182557e-06 0.046146 0.012802843 0.008722812 0.012859676 1.2768012e-06 9.956947e-07 0.11906514 5.162473e-07 0.00022457786 1.16566746e-07 3.185076e-07 5.7203215e-06 3.7476198e-08 9.6897806e-05 4.2761287e-05 2.1069402e-05 0.009855824 1.5337835e-05 2.2797178e-06 0.022010874 0.0025885266 2.614506e-07 1.8219489e-06 1.0211054e-05 0.030833108 0.0036645026 4.8274284e-08 0.0014681254 1.0263736e-07 2.9520006e-06
0.051739637 0.009995232 0.031616468 0.0030452658 0.04449631 0.046868138 9.756841e-05 0.34938848 0.00031285975 0.44937018 0.0003443437 0.4879219 0.7123326 0.012183573 0.15354338 0.00035272044 5.189495e-05 0.0053748777 3.8148082e-05 2.046427e-05 0.22531796 8.132764e-05 4.28351e-06 0.16470385 0.13313308 3.2370117e-18 0.8277329 2.9220655e-05 0.13891518 0.19345036 0.7491048 1.4231472e-06 1.2164618e-06 0.9499417 0.0003691039 0.037550673 0.012751001 0.89436704 0.00013002282 0.31111968 8.090766e-05 0.0009332872 0.0010341011 0.000484752 2.86009e-05 0.080900125 1.2747607e-06 0.054596048 0.21013072 4.1965873e-06 0.08447875 0.00025703674 0.022456331 0.0003356934 0.040088367 8.736077e-06 0.003914941 0.0013586691 0.3903771 0.018164702 0.019147584 0.037127852 2.2542987e-05 4.323575e-06 0.021641992 0.14213517 0.0018061076 1.0180382e-06 2.2637798e-05 0.015902419 4.175503e-05 0.0075743585 0.0025059066 0.09854002 0.0044207796 6.692899e-05 4.046515e-05 0.0109873405 0.0002207967 0.002159517 6.553702e-05 8.880727e-06 0.00013772375 1.545816e-05 0.00129906 0.023661964 0.00017562047 0.0083267 0.00033502496 2.8887689e-05 0.0014116259 0.0019178475 1.471363e-06 0.00015910839 0.00043454545 0.00987656 0.0008326811 6.094288e-06 0.004988307 0.00031764113 0.0012575303
0.020281458 0.029911367 0.06513991 0.02866611 0.16201788 0.24879684 0.0011558774 0.45061925 0.0003647841 0.5056344 0.0005461616 0.3384612 0.738121 0.01308722 0.1364554 0.00072478165 3.767744e-05 0.15667222 0.00011514748 1.6769452e-05 0.12691753 0.0002043407 1.3120684e-05 0.046042074 0.033168327 0.8277329 4.7149295e-18 0.00028659098 0.042520605 0.7609495 0.30963108 1.9589374e-06 1.2654076e-06 0.24933791 0.0005042215 0.48146996 0.012051907 0.8862004 9.8944445e-05 0.86289865 0.00012016008 0.0024568497 0.030222945 0.00013755194 0.00017017694 0.011157928 1.2676373e-06 0.011866909 0.00941672 2.2286738e-06 0.012862123 0.00041351636 0.0014839269 0.0004185472 0.004661952 5.9258e-06 0.003444025 0.0034983722 0.50813156 0.0023274964 0.0021658828 0.002738307 5.1149284e-05 1.4786018e-06 0.0019059705 0.4026927 0.11086195 5.8990054e-08 2.2263478e-06 0.00019754222 6.213388e-05 0.00039288867 0.0008101115 0.0054694186 1.5322294e-05 0.0010651575 2.046872e-05 0.0007658437 0.0002594401 1.8170791e-05 9.585059e-05 2.6937678e-06 4.538997e-05 9.34272e-07 1.1516708e-05 0.11645927 0.0020953114 0.003025643 0.0014927718 4.590244e-06 0.00071761606 0.0016525614 1.2327499e-06 0.0002620156 0.0036834562 0.0010836739 0.0034987691 3.5492449e-06 0.00020660118 2.4465116e-05 0.013087987
0.54713774 0.14116785 0.04322703 0.033944927 0.08518161 0.015800908 0.06597529 0.0055302475 0.74137753 0.0016639619 0.1921167 0.002217904 0.0008702143 0.7791255 0.023014301 0.34989637 0.34537026 0.0008773561 0.026631713 0.1055594 0.0032546557 0.030794326 0.0034474328 0.00033862115 2.0871712e-05 2.9220655e-05 0.00028659098 4.140601e-23 0.022784902 7.505433e-05 3.6707585e-05 0.0037010994 0.0033047805 1.6305286e-05 0.0037808986 2.90354e-05 0.0861442 4.524575e-05 0.0025492616 4.644687e-05 0.96672493 0.25569376 4.3023447e-05 0.00065223355 0.8744518 1.3708578e-05 0.0014830517 0.0033036524 7.839943e-06 0.0008935399 1.6393802e-05 0.0005666171 0.0012694199 0.15466297 0.00026959163 0.010390642 0.020911815 0.4292931 1.7209575e-06 7.6410375e-05 3.101651e-05 1.4556377e-06 0.246196 0.00010710767 2.0633122e-06 2.3199373e-06 7.290267e-05 0.0041015167 0.0026297087 4.2775272e-07 0.00053082756 2.2350273e-06 0.021366183 5.516291e-07 3.116465e-08 0.0030339924 0.027768977 0.0014441016 4.6642577e-05 1.6884366e-07 0.00066953566 7.520691e-06 0.08262271 0.0033069213 4.2228386e-08 3.724763e-06 0.0008166339 0.13186792 0.00064774754 1.4138624e-05 0.0064309663 0.062311187 1.1454076e-05 0.16605987 0.0005804976 0.00013145439 0.012251513 1.7890357e-05 6.447934e-08 0.0016566047 6.2552344e-06
0.8256391 0.022248615 0.082035184 0.0025677911 0.5046783 0.009775666 0.00056189677 0.23551172 0.0090458635 0.039480276 0.0013749731 0.4161259 0.046203185 0.4535533 0.82314134 0.0007801317 0.0002835686 0.0006567532 5.1446335e-05 6.1204715e-05 0.7766704 0.0002780311 2.3609575e-05 0.6060862 0.58096755 0.13891518 0.042520605 0.022784902 1.1929592e-16 0.0035461325 0.2015295 3.2675216e-05 3.1717904e-05 0.07175358 5.8205005e-05 0.00092937826 0.845997 0.06699883 4.0151932e-05 0.009398166 0.0031372635 0.2492278 1.2684954e-05 8.466089e-05 0.015189231 0.5081714 6.055163e-05 0.82987666 0.1872668 3.1748892e-05 0.49249297 4.688497e-05 0.68816334 0.09675502 0.5725118 0.00011282376 0.33823505 0.042666245 0.009721251 0.42037082 0.35769066 0.18283999 0.001186011 6.641254e-06 0.12741123 0.0014666538 0.00023051568 1.1228754e-05 4.226141e-05 0.058110774 1.7354356e-05 0.07296131 0.2519999 0.0015080494 0.0010282033 9.392087e-05 0.00086896954 0.2693103 2.8248285e-05 0.00017837316 1.4282616e-05 1.0205466e-05 0.0020637286 3.074662e-05 3.1204283e-05 3.352581e-05 9.3633695e-05 0.21355484 4.847194e-05 2.6805636e-05 0.27586794 0.15217775 4.529158e-06 0.008733157 0.00029106112 0.061782446 0.14222223 4.239294e-06 0.0043798606 7.2027938e-06 3.5486984e-05
0.00012779549 0.01382926 0.0381441 0.030203784 0.047721982 0.16892281 0.0017879741 0.115063615 0.002292364 0.16620146 0.00033726092 0.06952567 0.3118366 0.007345196 0.015028515 0.00023351892 5.9607432e-06 0.24633783 1.4583286e-05 2.887685e-06 0.010583592 4.2139305e-05 1.2179256e-06 0.001949841 0.00029362104 0.19345036 0.7609495 7.505433e-05 0.0035461325 3.911821e-21 0.012389867 5.751301e-07 4.1404257e-07 0.030219385 7.427486e-05 0.6083436 0.0019363414 0.34509152 2.8762583e-05 0.63057876 2.7437442e-05 0.00039080175 0.15805125 2.0238202e-05 0.00010147038 0.00022628336 8.289989e-07 0.0004792331 0.00022557708 5.129289e-07 0.00031755207 5.345926e-05 4.1620333e-05 0.0001163823 0.00010919654 4.5046563e-06 0.00037243668 0.0005443832 0.107779704 0.000116264826 0.00014250855 5.453039e-05 4.1593907e-05 2.2495672e-07 3.2973887e-05 0.14516772 0.1268769 4.8948053e-08 1.86911e-06 7.715577e-06 2.6594432e-06 1.4109381e-05 0.00022013082 9.45822e-06 5.0602046e-07 0.0003078525 1.3369085e-05 7.865072e-05 5.159385e-06 8.8424436e-08 8.323495e-06 3.3144798e-07 2.296681e-05 1.5840541e-06 1.5479846e-07 0.023086973 0.001107428 0.00041845243 0.0007254829 3.7897877e-07 0.00014867747 0.0011062094 1.8480522e-07 3.3816545e-05 0.003608825 0.00031030222 0.0013571928 8.1556993e-07 8.800687e-07 3.2328326e-06 0.014471705
0.07926555 0.0012448459 0.008365051 0.00012016363 0.053689905 0.00067348505 8.368489e-06 0.1777903 4.579617e-05 0.08215748 0.0001518136 0.6761173 0.20950402 0.001693305 0.20574436 0.000231779 5.5468776e-05 3.4960074e-05 6.2638515e-05 1.3781868e-05 0.5614352 8.3438936e-05 1.30858325e-05 0.5065205 0.48006997 0.7491048 0.30963108 3.6707585e-05 0.2015295 0.012389867 1.0149378e-16 6.696656e-06 7.1072923e-06 0.67199 0.00026821453 0.000777118 0.009534298 0.38292843 1.0923721e-05 0.046154726 4.4355096e-05 0.00040558184 7.760745e-05 0.00013297096 0.00012982605 0.37843996 4.242194e-06 0.11019009 0.87203556 1.9059003e-06 0.29076573 7.6570934e-05 0.061792664 0.0008710221 0.14925031 2.9784294e-06 0.0052500437 0.0056082313 0.18481085 0.12724099 0.14572994 0.25091246 5.9517428e-05 2.35322e-07 0.1392439 0.053691667 0.000112177026 1.8304514e-06 1.1456032e-05 0.15853849 2.2094171e-05 0.046124674 0.005785447 0.86317295 0.13256113 6.515273e-06 4.118903e-05 0.1072391 1.34382135e-05 0.024951242 1.477296e-05 8.966211e-06 9.055672e-05 8.261077e-06 0.02223313 0.00941879 4.3423246e-05 0.07018682 8.6221495e-05 4.7224803e-05 0.014912828 0.011392646 1.8217821e-06 8.933925e-05 8.6843305e-05 0.041417964 0.0034549201 1.9217664e-06 0.014979649 1.4347413e-06 0.00014276209
