3.2419293e-26 0.9339679 0.8559114 0.9220606 0.7053617 0.8322662 0.9290899 0.93755054 0.91517156 0.83771557 0.72739506 0.78824306 0.82184935 0.9445943 0.7872633 0.91588557 0.89950925 0.79720855 0.5787353 0.916331 0.92931855 0.9568334 0.32406104 0.9172579 0.90322053 0.9322583 0.8943807 0.87195575 0.23350975 0.2609043 0.7034395 0.94332427 0.3058338 0.9747879 0.9450076 0.88716483 0.8998174 0.19041502 0.97504973 0.44985825 0.9458715 0.4808408 0.97264487 0.93722427 0.98457384 0.7701887 0.97846365 0.07166681 0.9056811 0.06068672 0.99537945 0.04208091 0.08745597 0.56617254 0.06256427 0.016617497 0.90967816 0.044674456 0.8960512 0.97287947 0.9915274 0.050852004 0.028863149 0.0018213566 0.0033952105 0.9180226 0.27741826 0.8538714 0.016143207 0.0006448934 0.00040088574 0.50505155 0.0023075545 0.002606128 0.68201464 0.98188967 0.0023668034 0.98567355 0.9896586 0.0023916487 0.011812057 0.17156187 0.0005929877 0.0020158684 0.6368949 0.51355594 0.94647527 0.00118929 0.998939 0.0007890815 0.9997324 0.9998615 0.0002574722 0.99655133 0.26730514 0.57707644 0.95810664 0.002845395 0.0012930376 0.25681794 0.00034893988
0.9339679 2.5109382e-18 0.9768641 0.91786915 0.6891984 0.6636175 0.51075125 0.7364909 0.4662399 0.016291548 0.0065440806 0.14892633 0.34580296 0.05312991 0.00078903185 0.018760154 0.018630074 0.016097317 0.1855848 0.43134823 0.00046221624 0.2405142 0.040985953 0.0075719142 0.007672557 0.104938485 0.0002724523 1.7876357e-05 0.058735553 0.030863674 0.043520793 0.0028616004 0.00018896407 0.09554744 1.4108345e-05 5.7094458e-05 0.026459055 0.03987505 0.0051626666 0.0013461128 3.4291832e-05 9.407326e-05 0.014064545 7.076948e-05 0.00051342597 9.1524623e-07 0.0022050694 0.00016335536 0.013452844 8.548518e-05 0.16290295 0.00028406174 2.8230888e-05 2.8193285e-06 2.8696086e-05 9.803701e-05 4.887941e-07 0.024427455 0.006016633 3.003237e-07 0.027161218 4.4345023e-05 2.1582626e-05 0.00010083631 0.0022127142 0.0007787866 0.0004567346 0.00039661623 0.00066236104 1.005059e-05 9.429759e-06 1.6325825e-07 0.0018530441 4.095618e-06 1.0669885e-06 0.0025324414 1.5820756e-07 0.00019049735 0.01061763 6.7117675e-05 6.5998194e-07 3.584405e-07 3.725543e-05 0.0012084552 3.5886842e-07 7.566445e-08 0.006271802 0.0010889584 5.565482e-05 3.5755285e-05 0.010935 0.00162338 0.00019172614 0.0024892595 2.8829452e-05 5.0896663e-08 1.3617998e-06 3.0256002e-05 0.0007590332 1.7625571e-06 5.8830592e-05
0.8559114 0.9768641 6.74396e-19 0.8004342 0.89830476 0.88205403 0.12972204 0.8608069 0.51664037 0.0006970304 0.0021147893 0.089441605 0.4939654 0.0020804622 0.0002513194 0.023632443 0.037145905 0.0074517755 0.2139917 0.14000773 0.0011405696 0.1253325 0.10816198 0.0013138741 0.0010425969 0.038141113 0.00016400583 0.000550331 0.10439413 0.07843347 0.12440431 0.00088696956 0.00013035332 0.028808927 7.4066826e-05 0.00022748424 0.01467737 0.13381672 0.00042972132 0.0016096064 3.1799256e-05 0.0008047001 0.009215361 0.00025259965 0.0011704381 4.0789255e-05 0.0014352704 0.00017202766 0.0026169957 0.00038834562 0.061745655 0.0002452893 0.0001481316 8.1893216e-07 2.8423992e-05 0.0001502395 1.4986307e-05 0.09858763 0.0044925367 2.2138156e-06 0.0046971636 7.139994e-05 4.1385585e-05 0.00018890334 0.007513161 0.0009165185 0.0009795679 0.0008633133 0.002549212 2.4274403e-05 8.033684e-07 1.0819889e-06 0.011861576 4.6918667e-06 1.608408e-05 0.0024244075 3.9965098e-08 0.0002256427 0.0052163037 7.986522e-05 5.621562e-07 9.468775e-07 1.8825976e-05 0.00052952743 8.27121e-07 1.2531825e-07 0.001782877 0.0062681935 5.280319e-05 6.367623e-05 0.0036161635 0.0012262244 0.00013023514 0.0009087839 7.175764e-05 1.587615e-07 3.1051445e-06 3.4469392e-06 0.0010804553 5.7669325e-07 4.409108e-05
0.9220606 0.91786915 0.8004342 9.14488e-18 0.50622606 0.2684184 0.95623386 0.7984274 0.020205602 0.41297522 0.7193258 0.85165244 0.36508566 0.2366 0.23733924 0.0009480991 0.0018060732 0.66941124 0.630126 0.095837995 0.00017637693 0.014239749 0.012695641 0.02172378 0.0154113155 0.025470607 0.043859817 7.3641017e-06 0.037217356 0.26092276 0.0049560177 0.008759841 0.01453149 0.03294294 5.2540578e-05 2.5913654e-05 0.0009843903 0.05097984 0.010397892 0.16222613 0.00031040728 5.9601607e-05 0.00082195085 2.2012442e-05 0.00015414871 4.0779782e-06 0.007922594 0.022182588 0.015011483 9.1276015e-05 0.028046489 0.02953132 1.2653346e-05 5.6186247e-05 0.00024835663 0.00801097 1.2557637e-06 0.003742961 0.00014033608 4.451311e-07 0.013155525 5.11336e-06 5.8293354e-06 0.0042829243 0.00061627367 7.972155e-05 1.3122886e-05 1.5985217e-05 3.1254705e-05 0.00070342474 5.020612e-06 8.453611e-08 0.00031849777 9.063552e-05 9.3166324e-07 0.0005375272 3.7733136e-07 2.8955486e-05 0.0011383566 1.236838e-05 2.8436924e-07 3.5136787e-07 0.0018550298 0.0035684893 2.7109198e-07 3.45666e-08 0.0015907486 0.0006706268 4.5322904e-06 0.00030285463 0.0013530004 0.0002183582 5.9380734e-05 0.0008457781 6.85864e-06 7.7873715e-08 8.7908137e-07 4.9644113e-06 0.0009742026 3.242146e-07 0.00013796524
0.7053617 0.6891984 0.89830476 0.50622606 7.0068033e-20 0.98195255 0.009152066 0.9000384 0.4694226 9.418816e-05 0.00038246912 0.018046236 0.7107493 0.00022574257 5.043294e-05 0.012456522 0.06748605 0.000928634 0.12725146 0.027840048 0.0012161407 0.04593806 0.24704678 0.00046284127 0.00032973744 0.010240028 1.5578733e-05 0.0007083231 0.17465582 0.048944306 0.29528576 0.00015784489 7.275026e-06 0.00830899 6.388053e-05 0.00024985446 0.0063673556 0.15409203 4.8536327e-05 0.000337217 2.7846736e-06 0.0010170848 0.0044321734 0.00032753948 0.0010532743 3.471846e-05 0.00016780627 9.8148805e-05 0.0010785095 0.00024860402 0.019990103 0.0001017192 0.00014913773 1.0103146e-07 1.226119e-05 4.5393004e-05 1.2524097e-05 0.25890347 0.0020792247 2.3631324e-06 0.0011462225 0.00016466706 6.712081e-05 6.989631e-05 0.023472736 0.00049902697 0.002705121 0.0004917923 0.014217935 4.965401e-06 4.4696662e-07 9.666253e-07 0.03207928 5.9199795e-07 5.7275056e-06 0.0013133492 1.29354545e-08 0.00014271215 0.0014558581 0.00017749179 2.207933e-06 5.5850586e-07 5.6686276e-06 0.00023283668 3.237036e-07 2.207095e-08 0.00036223087 0.015035977 5.652258e-05 9.472459e-05 0.0007436072 0.00070513244 0.0002587115 0.0004507299 0.00011015388 8.7915716e-08 2.5690804e-06 8.586336e-06 0.0010357297 3.8161286e-07 3.26422e-05
0.8322662 0.6636175 0.88205403 0.2684184 0.98195255 7.6789574e-20 0.0018314827 0.8353681 0.68696815 2.0836787e-05 0.00011480307 0.0066424585 0.6903746 5.1144012e-05 1.501615e-05 0.06781526 0.19413565 0.00029603427 0.060758155 0.017462758 0.0034735086 0.068587564 0.37686452 0.00015555564 6.960078e-05 0.010594347 2.859295e-06 0.0022186441 0.282935 0.020251414 0.46360293 3.4339675e-05 1.6100615e-06 0.0054977555 0.00025410662 0.0006413224 0.010236166 0.17652002 7.047734e-06 8.9656336e-05 3.2257725e-07 0.0031076022 0.007995142 0.000938288 0.0020186051 4.9349917e-05 1.857261e-05 2.9216948e-05 0.0005898635 0.0005620353 0.019070905 5.9425773e-05 0.00017876143 1.4455784e-07 4.3879604e-06 2.9901308e-05 2.5290685e-05 0.3794424 0.0026011956 2.167139e-06 0.0010825045 0.00041930212 0.000105186584 3.5395962e-05 0.038321137 0.0007096232 0.005849345 0.0005032854 0.030739412 1.0844523e-05 1.9300893e-07 2.8265006e-06 0.04448521 1.0680167e-06 1.2209778e-05 0.0019296387 1.2565146e-08 0.00024576276 0.0026609416 0.00033551958 4.640966e-06 2.421042e-06 5.9869208e-06 0.000103382146 7.8482645e-07 1.9619726e-07 8.64785e-05 0.017243411 0.00011651313 5.9003425e-05 0.0014025546 0.0012097236 0.0005335014 0.00025542834 0.0003506731 3.037039e-07 1.7155753e-05 1.5902455e-05 0.0005624825 2.135181e-06 3.735248e-05
0.9290899 0.51075125 0.12972204 0.95623386 0.009152066 0.0018314827 1.1228088e-15 0.05009425 0.005200543 0.87722594 0.5617996 0.30975285 0.004149686 0.92044526 0.16334371 0.00038417024 0.00023263336 0.315889 0.05510906 0.49382982 1.20644345e-05 0.027297875 0.00028952767 0.22161259 0.22150585 0.09350541 0.07880204 1.537163e-07 0.0010775627 0.010160151 0.00014462398 0.19472554 0.022349004 0.12247627 5.6919316e-06 4.2040256e-06 0.0007442751 0.00063511933 0.23198965 0.10302931 0.0020384565 6.2379286e-06 0.00061298447 6.58513e-06 3.907263e-05 4.579468e-07 0.066372894 0.015376434 0.14519604 4.4900284e-05 0.08010159 0.012510893 8.581718e-06 0.00042320657 0.0028515994 0.004399851 2.2720333e-07 5.7791003e-05 0.00054206274 2.0170587e-07 0.073897704 2.8858735e-06 9.938775e-06 0.0021024179 7.156351e-06 6.7313056e-05 2.1146881e-05 1.462504e-05 9.68825e-06 0.0005525664 9.484048e-05 4.9447642e-08 1.0486091e-05 0.00027131717 1.6772691e-06 0.00022485455 1.3566394e-06 1.238083e-05 0.002891798 8.131682e-06 4.1136815e-07 8.407622e-08 0.0011238166 0.002880108 1.0057905e-07 5.27532e-09 0.013591708 1.5364054e-05 4.411108e-06 3.762035e-05 0.0046669417 0.00018138715 2.6041578e-06 0.0060102483 6.5732183e-07 3.8993466e-08 2.2566537e-07 2.8353584e-06 6.777219e-05 5.7073255e-08 2.5218262e-05
0.93755054 0.7364909 0.8608069 0.7984274 0.9000384 0.8353681 0.05009425 2.291116e-18 0.08311296 0.0011524191 0.0013228114 0.35745415 0.96055555 0.0004544186 0.0001832923 0.006071707 0.014729485 0.015799355 0.66146946 0.03007737 0.0008801296 0.016237972 0.33797863 0.00050911185 0.00045492203 0.009489264 1.2047453e-05 0.0002501983 0.35150018 0.24311693 0.37266287 0.0004300821 1.653791e-05 0.014792296 5.586572e-05 0.00022915694 0.0026827222 0.33846003 9.413644e-05 0.0023404865 3.190924e-06 0.00012420632 0.0031616415 0.00025533943 0.00059879664 2.5287152e-06 0.00016560109 0.00036968727 0.0010278444 8.1248254e-05 0.010189343 0.00045158976 1.5197227e-05 4.8608774e-07 7.035982e-06 0.00028016738 1.6137033e-06 0.26831642 0.00046235733 5.521228e-07 0.0010501604 6.0478505e-05 2.9175682e-05 0.0003541031 0.021946814 0.00011526536 0.0025793486 5.292686e-05 0.008093806 2.6533746e-05 1.39991e-07 1.506935e-08 0.03687813 1.0771182e-06 5.5394236e-07 0.0005972508 7.8637996e-10 4.0510637e-05 0.00047402858 0.00019529107 5.9804927e-07 1.0514791e-07 0.00016188406 0.00266532 1.0004734e-07 1.37661225e-08 0.000106832435 0.04009981 3.1231955e-06 0.00028964033 0.00025264613 0.0003446481 0.00048537325 0.00015899948 6.643177e-05 1.8776372e-08 1.1472567e-06 1.0936552e-05 0.007997174 2.1543534e-07 0.0001756806
0.91517156 0.4662399 0.51664037 0.020205602 0.4694226 0.68696815 0.005200543 0.08311296 5.897359e-17 8.789741e-05 0.001061754 0.0034794784 0.047254067 0.0034037663 0.00018270192 0.9882824 0.76020825 0.00090871897 0.0067440416 0.33506486 0.4031493 0.55696106 0.30528003 0.008654386 0.0037572095 0.13707337 1.0002856e-05 0.062052 0.06270442 0.0014302776 0.36123577 0.000955836 3.3743268e-06 0.049529146 0.013709527 0.03571051 0.37828988 0.014414756 0.00042566194 8.939857e-05 2.4078274e-06 0.033179834 0.14536577 0.022089519 0.0880714 0.005107281 0.0018420584 1.7439383e-05 0.004860104 0.008076184 0.299938 2.902878e-05 0.0022481265 1.1386768e-07 3.5237176e-06 1.8034163e-05 0.0012370917 0.10509332 0.10277384 0.00019136189 0.043875318 0.0020869316 0.0008957809 2.4643763e-05 0.013995264 0.038907427 0.0248892 0.023889964 0.039485462 1.1027702e-05 2.2825449e-07 0.00010281767 0.008828786 2.8597094e-06 0.00039710692 0.03662837 4.965699e-08 0.0066184644 0.07019519 0.0019396212 2.727137e-05 8.4356165e-05 1.4716409e-06 8.9009365e-05 8.084708e-06 2.3420805e-06 0.0022902607 0.003634089 0.0017758238 4.3315875e-05 0.019808343 0.0055663763 0.0012370939 0.0034609966 0.0005339129 3.2464266e-06 3.4402416e-05 2.0379724e-05 0.00059386966 5.95403e-07 9.0628655e-06
0.83771557 0.016291548 0.0006970304 0.41297522 9.418816e-05 2.0836787e-05 0.87722594 0.0011524191 8.789741e-05 1.3086451e-17 0.9612541 0.26505697 7.7503166e-05 0.9638232 0.87607986 1.4866655e-06 3.988325e-06 0.48363474 0.0079243025 0.0339804 2.564125e-07 0.00016129263 3.1334656e-07 0.1177512 0.15926689 0.006454183 0.62610775 4.6237028e-09 1.5277894e-05 0.0008399292 1.7288443e-07 0.2327677 0.18367885 0.014713941 1.2447306e-07 7.760045e-08 4.315644e-06 4.238358e-05 0.39903167 0.31736603 0.059055544 1.1877403e-07 3.2207724e-06 1.8283238e-07 1.9981675e-07 5.2653686e-09 0.08466532 0.08393542 0.07322838 2.1643257e-06 0.0045178337 0.043514837 1.0464573e-07 0.026078194 0.035696916 0.020966982 1.4030542e-08 8.383646e-07 2.71445e-06 5.411484e-09 0.019733375 1.4070621e-06 4.29045e-07 0.0053058867 1.8844414e-06 4.782081e-07 2.8273928e-06 8.003932e-08 3.1335975e-07 0.0010090456 0.00056765834 2.044002e-09 7.710127e-06 0.0014054239 7.9636386e-08 1.9597185e-06 3.656995e-05 5.814333e-08 7.0542534e-05 5.3036933e-06 4.9117524e-08 1.5950716e-08 0.00049314747 0.00019418217 8.235664e-09 1.641284e-09 0.015618073 4.5040547e-06 3.7325112e-08 4.687989e-06 0.0004947222 1.5755935e-05 5.0618432e-06 0.0030578976 1.159489e-08 7.957562e-09 3.7521954e-09 2.1203618e-06 1.2318551e-05 1.7581467e-08 8.9751717e-07
0.72739506 0.0065440806 0.0021147893 0.7193258 0.00038246912 0.00011480307 0.5617996 0.0013228114 0.001061754 0.9612541 1.5327935e-18 0.5171084 0.00027746428 0.25334918 0.97312415 6.192169e-05 4.793935e-05 0.78786534 0.0328139 0.0147623485 2.453651e-06 0.00088449195 4.6253635e-06 0.037147313 0.050361913 0.0028204033 0.5372119 3.0154066e-08 0.00011750796 0.008296207 1.3698437e-07 0.05884063 0.2592723 0.005542312 9.96974e-08 1.01489974e-07 2.6905444e-05 0.00022085418 0.10610062 0.6399271 0.026656754 1.859728e-07 1.0155669e-05 3.9393277e-07 1.7539784e-06 1.6312853e-08 0.02047523 0.2729437 0.012842261 4.870367e-07 0.0019093087 0.15379539 2.1258405e-08 0.040864706 0.09585584 0.10469111 1.9700378e-08 2.1462483e-06 1.5001714e-06 2.9045146e-09 0.0040671113 3.2411228e-07 7.12981e-08 0.018311098 9.701171e-07 9.811398e-07 4.3396433e-08 6.1514996e-08 2.905454e-07 0.003857888 0.000405392 3.341412e-09 8.653068e-06 0.0049691675 4.8850403e-08 1.181546e-05 0.00016405103 1.6960651e-07 8.596115e-05 2.5602315e-06 1.1301937e-07 1.1503409e-08 0.0038737082 0.0034990327 1.1510745e-07 2.1318327e-09 0.0021265151 1.8276352e-05 7.092308e-08 2.1406342e-05 0.00025643173 6.0951683e-05 1.66868e-05 0.00056314573 6.9790667e-07 8.637209e-09 1.078204e-07 4.436664e-07 0.00016406793 1.3796924e-07 5.6226607e-05
0.78824306 0.14892633 0.089441605 0.85165244 0.018046236 0.0066424585 0.30975285 0.35745415 0.0034794784 0.26505697 0.5171084 6.3511594e-21 0.23346078 0.056176573 0.2046423 0.00010899149 0.0005395853 0.97966754 0.93339986 0.020095618 3.1194526e-05 0.0029026982 0.00023535379 0.0073424545 0.0056152935 0.0036332954 0.021588976 6.438778e-08 0.004065803 0.51091313 4.891486e-05 0.005030874 0.026820133 0.012491122 1.5195575e-07 1.3881426e-06 0.00022361126 0.01895121 0.006378295 0.5641221 0.0002012819 8.2938476e-07 4.59357e-05 3.4865134e-06 3.7403076e-06 2.4817734e-08 0.0031176666 0.15508156 0.005034923 1.4700265e-06 0.0036414508 0.15033266 1.04396726e-07 1.9995172e-05 0.0008089836 0.03322018 7.3229396e-09 0.0009030637 2.3365534e-05 6.544488e-09 0.001809857 1.9404897e-07 9.2704084e-08 0.008598599 0.00013452272 9.832873e-06 6.5454816e-07 8.087143e-06 4.373991e-05 0.0009769145 8.599701e-06 5.303174e-09 0.00020511447 0.0001424194 8.690622e-08 4.7605045e-05 1.42912e-07 5.5988953e-06 0.00012438543 2.0241857e-06 8.943929e-08 8.932962e-09 0.010037027 0.026347462 1.7048736e-08 2.9841025e-09 0.00035386463 0.00078364456 1.4884928e-06 0.00077175716 0.0001653713 0.00021138466 7.871214e-06 0.00028189257 9.274078e-06 6.8629484e-09 1.9267846e-07 2.6569194e-07 0.0035947678 1.8877493e-08 0.0017439568
0.82184935 0.34580296 0.4939654 0.36508566 0.7107493 0.6903746 0.004149686 0.96055555 0.047254067 7.7503166e-05 0.00027746428 0.23346078 1.3198049e-17 2.4508176e-05 9.287137e-05 0.005094798 0.018788505 0.0064659985 0.79334027 0.0035001594 0.001729566 0.0043990538 0.84297246 0.00013929112 7.0248214e-05 0.0013108191 7.923497e-06 0.000626808 0.928389 0.6430007 0.75867623 0.00012865184 3.8165495e-06 0.0018847869 0.00012795915 0.00030978268 0.0006663497 0.8289967 3.6564506e-05 0.00051003735 8.733973e-07 0.0013374225 0.00066542416 0.00022464064 0.00032960542 2.6929882e-05 4.1527757e-05 0.00023782645 0.00025361974 0.00033236895 0.0019940236 0.00024798812 9.106866e-05 1.37861e-07 6.2188565e-06 0.0001016867 1.0755492e-05 0.57729733 0.000321087 1.3123681e-06 0.0003225774 0.00017166417 0.0001302441 0.00033840982 0.108876646 0.0003138513 0.011160386 7.317865e-05 0.0492972 2.8291097e-05 2.8965053e-08 4.798017e-08 0.11627349 1.1329699e-06 5.36148e-06 0.00020145666 1.0523102e-10 2.887893e-05 0.00013244979 0.0008676851 1.2039912e-06 1.7214121e-06 0.00010163076 0.0018979759 2.5453383e-07 9.335617e-08 2.1655655e-05 0.08346412 1.7145696e-05 0.0005869257 6.214211e-05 0.00012315855 0.0016299955 5.737502e-05 7.390045e-05 6.0857235e-07 6.002374e-06 2.2062777e-05 0.015549797 4.930957e-08 0.0004191254
0.9445943 0.05312991 0.0020804622 0.2366 0.00022574257 5.1144012e-05 0.92044526 0.0004544186 0.0034037663 0.9638232 0.25334918 0.056176573 2.4508176e-05 4.022108e-18 0.23426288 0.00018132696 3.9768904e-05 0.14525715 0.0011351488 0.20565778 4.0559285e-06 0.004266713 7.8239145e-06 0.5664497 0.7249886 0.03734736 0.3091727 1.6038914e-08 1.684151e-05 0.00019973454 2.6652333e-07 0.76661277 0.06879508 0.07213168 1.9959325e-06 4.4359786e-07 6.0189264e-05 2.9421202e-05 0.545487 0.06950588 0.06628094 1.7542042e-06 5.9779442e-05 9.639649e-07 1.1104261e-06 3.0108822e-07 0.26786312 0.011105918 0.18937609 4.2774072e-06 0.020412035 0.008462522 6.1856525e-07 0.015628316 0.011641402 0.0063830693 8.490308e-08 2.001487e-06 3.1193544e-05 5.3833723e-08 0.060681805 3.42593e-07 1.3035772e-07 0.0012779483 6.4525625e-07 3.1360237e-06 4.2402502e-07 1.4429897e-06 3.5068947e-06 0.00048646968 0.000113519905 2.5451861e-08 1.7957663e-06 0.0016906167 3.5759e-07 6.129911e-05 7.7934674e-05 7.9649874e-07 0.0003559239 2.3196276e-06 2.4678393e-08 5.817983e-08 0.0034783913 0.0008628496 1.0955059e-09 2.1154685e-09 0.061691124 7.9856945e-06 7.5354365e-08 4.6920617e-05 0.0017835939 7.7827724e-05 2.0159196e-06 0.0123118395 4.631119e-08 9.915725e-09 8.439522e-10 4.2034463e-07 9.5346244e-05 2.6888611e-09 7.458789e-05
0.7872633 0.00078903185 0.0002513194 0.23733924 5.043294e-05 1.501615e-05 0.16334371 0.0001832923 0.00018270192 0.87607986 0.97312415 0.2046423 9.287137e-05 0.23426288 2.5989278e-19 3.7729956e-06 7.5010507e-06 0.7203423 0.0053537064 0.002496107 7.098198e-07 9.524336e-05 1.394159e-06 0.025416115 0.034843612 0.00071719324 0.8670987 3.8499635e-09 4.119865e-05 0.003334896 1.1278777e-07 0.05075792 0.7308398 0.0018697351 2.0613435e-08 3.216981e-08 6.2718794e-07 0.00016756624 0.14128494 0.74056774 0.07251214 1.0028883e-07 8.959735e-07 1.7233938e-07 2.0245109e-07 5.176879e-09 0.026160829 0.3607438 0.011529642 3.3301285e-07 0.00076996343 0.2191978 8.050411e-09 0.13827656 0.2503457 0.13929772 6.466849e-09 7.129553e-06 7.618114e-08 1.9004216e-09 0.0029576733 1.7819173e-06 3.1134586e-08 0.018981991 1.6302013e-06 1.5148406e-07 3.1570707e-08 3.2709757e-09 4.3322277e-07 0.005712031 0.006318055 1.6304943e-09 2.14917e-05 0.023702977 9.909014e-09 1.0845903e-06 0.003342874 1.2539339e-08 6.7386304e-06 3.602089e-06 3.927135e-08 2.755967e-09 0.0030920848 0.0017610491 4.659969e-08 1.4924463e-09 0.0037324352 2.267734e-05 3.4242106e-08 3.3209155e-05 0.00013971499 1.761647e-05 4.036498e-05 0.0009913312 3.441943e-08 4.9009317e-09 1.5667187e-07 1.0892813e-07 0.00024069347 4.466276e-08 6.5166e-05
0.91588557 0.018760154 0.023632443 0.0009480991 0.012456522 0.06781526 0.00038417024 0.006071707 0.9882824 1.4866655e-06 6.192169e-05 0.00010899149 0.005094798 0.00018132696 3.7729956e-06 2.2042357e-18 0.8449815 9.313404e-06 0.0006612824 0.12039879 0.81601727 0.55756885 0.039025217 0.0016498283 0.00069993536 0.10755548 8.9287545e-07 0.17805924 0.0041341307 0.00012395771 0.10957507 9.353865e-05 5.0268767e-07 0.030296173 0.16088048 0.24955735 0.51925325 0.00052504614 5.5363347e-05 3.3194221e-06 1.3611667e-07 0.08185935 0.25741717 0.30441332 0.36204085 0.03459765 0.00028303635 8.163753e-07 0.0019281138 0.011810695 0.26524958 1.6952672e-06 0.0067964434 6.0856298e-09 5.0018326e-07 1.8979666e-06 0.011140675 0.013617836 0.27468854 0.0026913416 0.020198878 0.011142179 0.0025730012 2.033541e-06 0.0015174621 0.15128574 0.07181342 0.07985841 0.021303257 1.2448855e-06 1.0743999e-07 0.00030782138 0.00059318537 1.4631229e-06 0.00064953463 0.098730855 2.2824782e-08 0.022011448 0.13903545 0.0013286703 0.00017081432 0.00012843926 1.57472e-06 2.600367e-05 1.0512415e-05 4.110507e-06 0.002190354 0.00085442356 0.011632179 3.5850277e-05 0.02985487 0.024922248 0.00057313446 0.0022043134 0.0024420302 5.9966637e-06 0.00015496058 7.398634e-05 0.00013257413 2.631495e-06 1.4651789e-05
0.89950925 0.018630074 0.037145905 0.0018060732 0.06748605 0.19413565 0.00023263336 0.014729485 0.76020825 3.988325e-06 4.793935e-05 0.0005395853 0.018788505 3.9768904e-05 7.5010507e-06 0.8449815 2.4329622e-17 3.442273e-05 0.0013838257 0.018204624 0.9292179 0.09471277 0.21305087 0.00016439025 4.5531782e-05 0.013666899 1.061895e-07 0.94981885 0.027516086 0.0007277107 0.46248412 1.3032331e-05 4.3765698e-07 0.0066600763 0.08945521 0.2556122 0.07130017 0.007361916 1.9883653e-06 9.864008e-06 4.026194e-07 0.7270777 0.054748688 0.09452659 0.11784118 0.34538108 6.622353e-05 2.8047557e-06 0.00011340867 0.16821715 0.047672942 1.6599044e-05 0.10049144 1.4588154e-07 4.2794818e-07 8.3595e-06 0.03574996 0.1715747 0.035711557 0.0021077371 0.003491611 0.10279055 0.036414124 3.953366e-05 0.030658264 0.03592908 0.40991348 0.026437426 0.20367567 1.7438253e-05 1.0573633e-06 0.00040408171 0.012040838 7.5236107e-06 0.0014197244 0.023363493 6.865793e-08 0.011963222 0.017403306 0.018245598 0.00025574007 0.00042061997 4.1133617e-06 0.00023951787 5.0890285e-05 3.549802e-05 0.000108607564 0.0014180201 0.017968062 0.00017162734 0.0051704315 0.007413421 0.004105896 0.00048370974 0.0019708169 4.1218344e-05 0.00027096085 0.00062667445 0.00021061196 1.7291246e-05 2.4018998e-05
0.79720855 0.016097317 0.0074517755 0.66941124 0.000928634 0.00029603427 0.315889 0.015799355 0.00090871897 0.48363474 0.78786534 0.97966754 0.0064659985 0.14525715 0.7203423 9.313404e-06 3.442273e-05 3.9295928e-19 0.3818504 0.008163272 2.1447322e-06 0.0006564336 1.2210965e-05 0.026577594 0.025462853 0.0020681962 0.3346639 1.8225014e-08 0.00029081805 0.12188307 2.0342102e-06 0.018113714 0.22897433 0.0064983857 7.384461e-08 2.1509332e-07 1.2508972e-05 0.0014001289 0.03346286 0.9318219 0.00381675 2.2125354e-07 2.1755689e-06 8.6682945e-07 8.929982e-07 2.3681881e-08 0.009593917 0.5509727 0.006243506 1.3156726e-06 0.0015849073 0.4511467 7.133401e-08 0.006528967 0.060760867 0.18218169 1.1307709e-08 2.7997761e-05 1.0923956e-06 7.0767925e-09 0.0017685075 1.714656e-07 2.6504054e-07 0.037700437 7.501938e-06 1.2119631e-06 5.985711e-08 1.1951418e-07 1.239311e-06 0.006384822 0.00033247608 6.7777033e-09 3.8768383e-05 0.0038511814 2.1081318e-07 9.781656e-06 1.6840835e-05 3.8972e-07 9.854741e-05 2.434221e-07 1.6148108e-07 8.5272625e-08 0.02780906 0.03387006 2.3641805e-08 6.5469106e-09 0.0007914476 0.00010404861 6.246513e-08 0.00034436307 0.00022267787 6.820929e-05 5.0805543e-06 0.00046969368 3.857702e-06 1.3961241e-08 8.3550805e-07 4.6843172e-07 0.00051681197 1.9551354e-08 0.00044031558
0.5787353 0.1855848 0.2139917 0.630126 0.12725146 0.060758155 0.05510906 0.66146946 0.0067440416 0.0079243025 0.0328139 0.93339986 0.79334027 0.0011351488 0.0053537064 0.0006612824 0.0013838257 0.3818504 1.3167158e-19 0.009133982 0.00021197979 0.0032143125 0.008312621 0.0008466881 0.0005542426 0.0029792523 0.0001822969 4.7007798e-06 0.08206295 0.988536 0.0029193177 0.00050538435 0.00048655784 0.0045546144 2.4100468e-06 1.15141265e-05 0.00028872336 0.19513758 0.00042103676 0.1267215 1.7241124e-05 2.2432045e-05 0.00012003387 1.2040721e-05 6.982932e-06 4.227898e-07 0.00048143946 0.013598851 0.0015366775 1.32214855e-05 0.001981051 0.014717666 7.2001455e-07 2.421304e-07 2.6789257e-05 0.0054255235 6.595896e-08 0.016364595 3.4347537e-05 1.6110914e-07 0.00093055516 4.961943e-07 2.3881978e-07 0.0028458086 0.0012855986 1.5280384e-05 6.7192734e-05 7.3934816e-06 0.00047598028 0.00016608315 3.9653784e-08 1.9434166e-08 0.001274281 6.7299793e-06 4.1547958e-07 5.2068754e-05 2.8033262e-09 1.616683e-05 5.8850906e-05 1.6813667e-05 2.887696e-08 4.064668e-08 0.0023631214 0.017444052 4.7392884e-08 1.5198118e-08 2.3735163e-05 0.0062864195 1.3592781e-05 0.0016167132 0.00019700114 8.752258e-05 1.9699786e-05 8.796424e-05 1.0337017e-05 1.29093785e-08 1.4400698e-06 1.269622e-07 0.007053628 9.131641e-09 0.0036494953
0.916331 0.43134823 0.14000773 0.095837995 0.027840048 0.017462758 0.49382982 0.03007737 0.33506486 0.0339804 0.0147623485 0.020095618 0.0035001594 0.20565778 0.002496107 0.12039879 0.018204624 0.008163272 0.009133982 1.2092587e-20 0.0021923657 0.8178383 0.0007842539 0.519594 0.34095064 0.98258156 0.0016088667 0.00014342941 0.00017402641 0.00010891344 0.00019118695 0.100448534 9.6409545e-05 0.95120704 0.00093395944 0.00031207097 0.19916606 9.6730455e-06 0.0031668518 0.00058302673 7.947748e-05 2.6608019e-05 0.16243905 0.0025885007 0.011780052 8.615159e-06 0.010550281 6.226514e-05 0.406005 1.520494e-05 0.68204635 1.1122729e-05 2.5041288e-06 5.1483386e-07 4.382724e-06 5.6284953e-06 2.7566416e-06 5.185364e-05 0.019729862 9.073836e-05 0.28480202 5.308108e-07 6.2310465e-07 5.4792517e-06 1.176182e-05 0.008622034 5.185618e-06 0.0016371524 1.5180641e-05 1.4356872e-06 4.794573e-06 2.3916816e-06 3.6678503e-05 4.7575082e-07 9.080436e-06 0.0211083 5.826856e-08 0.0020437024 0.08040133 3.6792833e-06 6.532632e-08 2.32204e-06 3.107027e-05 0.0001695628 1.5750858e-07 1.6432715e-07 0.061757524 0.0020893342 0.0008220262 0.00014442384 0.08241841 0.021855036 3.4533376e-05 0.034212034 0.00010244203 1.2295405e-07 1.33353915e-05 1.3420456e-06 0.0055095833 3.588795e-08 0.00021364113
0.92931855 0.00046221624 0.0011405696 0.00017637693 0.0012161407 0.0034735086 1.20644345e-05 0.0008801296 0.4031493 2.564125e-07 2.453651e-06 3.1194526e-05 0.001729566 4.0559285e-06 7.098198e-07 0.81601727 0.9292179 2.1447322e-06 0.00021197979 0.0021923657 2.2009107e-16 0.057729006 0.017217966 8.706558e-06 3.5144446e-06 0.0025896733 2.7426333e-08 0.89633507 0.0029733495 0.00010977122 0.09561401 3.227311e-07 1.6880742e-07 0.0010797554 0.6212391 0.8606438 0.07131721 0.0004307715 4.0268088e-07 3.0885099e-07 2.9688965e-07 0.589906 0.06042313 0.56727475 0.32222646 0.7079373 6.442636e-06 3.1702027e-07 5.7496673e-05 0.14968108 0.022705065 1.4654787e-06 0.20232573 1.7199032e-07 2.1136045e-06 1.3797023e-06 0.19451508 0.008357802 0.06902269 0.011082673 0.0007299617 0.1290486 0.08408137 8.048205e-06 0.0027087377 0.06176041 0.27696615 0.08571324 0.033946797 8.101942e-06 6.275002e-07 0.0013710965 0.0006083891 1.9574602e-06 0.0051024486 0.040777657 1.723616e-07 0.045386024 0.021053461 0.0023839152 0.0021241356 0.00074346643 1.1505828e-05 0.0005606397 7.181062e-05 9.956036e-05 0.00010517044 0.00041863302 0.038029876 2.1043395e-05 0.0060015763 0.017927019 0.0006203171 0.00026836857 0.0020680306 0.00047472434 0.00036914827 0.0021384836 0.0002367177 0.00035627373 2.0071384e-05
0.9568334 0.2405142 0.1253325 0.014239749 0.04593806 0.068587564 0.027297875 0.016237972 0.55696106 0.00016129263 0.00088449195 0.0029026982 0.0043990538 0.004266713 9.524336e-05 0.55756885 0.09471277 0.0006564336 0.0032143125 0.8178383 0.057729006 7.931644e-18 0.0071694604 0.01930518 0.005065182 0.7380205 3.1375355e-05 0.02813162 0.0013725742 0.00018319566 0.007794475 0.002648108 2.3376044e-06 0.3768363 0.016122844 0.014818855 0.92554307 0.00020859804 0.00010415493 4.164523e-05 3.4825787e-06 0.004300739 0.77727515 0.038995467 0.16939743 0.0010042805 0.0018103438 4.8999805e-06 0.04657111 0.0014759202 0.87303597 8.098581e-06 0.00026930255 2.5639952e-07 4.2264373e-06 2.6336966e-06 0.00072654604 0.005401823 0.3368124 0.00087125483 0.16606727 7.558263e-05 0.00017466473 1.7243872e-05 0.0009534552 0.09094663 0.0025065758 0.024835141 0.004576629 5.5554083e-06 8.5598816e-07 0.00043573393 0.002131064 5.231089e-07 0.00044922368 0.09964149 6.101789e-08 0.019083872 0.30817845 0.00024554323 4.9290907e-06 0.00022422413 2.332815e-05 0.00023162147 6.592762e-05 1.8347393e-05 0.038257815 0.011883127 0.0028976123 0.00038576272 0.17947364 0.058113825 0.0018302168 0.021777084 0.00084229076 2.4890967e-05 0.00032415387 4.273617e-05 0.005256592 4.242797e-06 5.7330715e-05
0.32406104 0.040985953 0.10816198 0.012695641 0.24704678 0.37686452 0.00028952767 0.33797863 0.30528003 3.1334656e-07 4.6253635e-06 0.00023535379 0.84297246 7.8239145e-06 1.394159e-06 0.039025217 0.21305087 1.2210965e-05 0.008312621 0.0007842539 0.017217966 0.0071694604 2.772914e-20 4.187444e-06 7.278822e-06 0.00052472955 3.290457e-08 0.010152596 0.8146836 0.07739524 0.9919484 4.4792528e-06 1.00405915e-08 0.00028098322 0.0004338825 0.0006168702 0.0038422118 0.5074742 7.911197e-06 6.783665e-07 1.0368333e-07 0.023507768 0.0020440016 0.00015530277 0.00063449756 0.00028221213 6.2210506e-06 3.788017e-07 1.3539542e-05 0.002251717 0.00061601604 8.8003253e-07 0.00047133828 6.1744068e-09 9.251645e-09 9.708353e-07 1.3065886e-06 0.52778727 0.00021068667 9.973702e-07 7.910944e-05 0.0006501246 6.272915e-05 2.7764554e-06 0.21098867 0.00031171224 0.14784269 4.6398924e-05 0.2549663 4.5227978e-07 8.300954e-09 8.60244e-08 0.08793828 1.6786443e-07 1.0964995e-06 0.00023953794 8.5502333e-10 3.793024e-05 0.00024306682 0.011766697 6.728604e-07 3.0427602e-06 9.54418e-08 1.3783379e-05 6.3831166e-08 1.5376123e-08 1.0026111e-05 0.024685565 3.0080153e-05 6.3877305e-05 0.0002716794 0.00013542209 0.004549199 0.000104323444 2.7214835e-05 5.340921e-07 4.059233e-06 2.693855e-06 0.0024706076 1.4513664e-07 9.042051e-06
0.9172579 0.0075719142 0.0013138741 0.02172378 0.00046284127 0.00015555564 0.22161259 0.00050911185 0.008654386 0.1177512 0.037147313 0.0073424545 0.00013929112 0.5664497 0.025416115 0.0016498283 0.00016439025 0.026577594 0.0008466881 0.519594 8.706558e-06 0.01930518 4.187444e-06 9.347405e-17 0.9784098 0.087848604 0.07699783 1.3123086e-07 1.1152203e-05 0.00027491382 4.8513743e-07 0.6917662 0.011743094 0.26880452 7.805209e-06 2.2286908e-06 0.0021055022 1.2681844e-05 0.060924448 0.004717545 0.023747075 3.101874e-06 0.00071569753 4.830562e-05 9.236807e-05 6.013452e-07 0.09340528 0.000717304 0.92073613 2.3955006e-06 0.03249058 0.00047968398 1.8082021e-07 0.0022720306 0.00075941585 0.00074577396 4.0402372e-07 1.955432e-06 0.00080871827 1.8907609e-07 0.21174486 1.7294592e-07 2.280917e-07 0.0005059758 1.4341437e-06 9.5597265e-05 6.522833e-06 2.4879031e-05 4.934662e-05 0.00024791245 6.0228762e-05 8.318868e-08 2.6061216e-05 0.0010876236 1.15332e-06 0.0007519286 0.00010851067 5.924583e-05 0.0064407196 4.064257e-06 7.742529e-07 1.3727599e-07 0.004623177 0.002119343 1.6952203e-08 1.04962705e-08 0.1054194 0.0007271408 5.108476e-06 0.000118976815 0.026954198 0.0018885923 1.3011466e-05 0.03605358 2.2804527e-06 3.7989825e-09 7.23484e-08 1.4198731e-06 0.0016111898 2.4041987e-07 0.0003556954
0.90322053 0.007672557 0.0010425969 0.0154113155 0.00032973744 6.960078e-05 0.22150585 0.00045492203 0.0037572095 0.15926689 0.050361913 0.0056152935 7.0248214e-05 0.7249886 0.034843612 0.00069993536 4.5531782e-05 0.025462853 0.0005542426 0.34095064 3.5144446e-06 0.005065182 7.278822e-06 0.9784098 3.8851176e-18 0.037055 0.11413006 3.6940957e-08 1.5146081e-05 0.0001153474 2.592636e-07 0.91548866 0.016170649 0.15206787 2.79457e-06 5.440857e-07 0.00021488513 8.203412e-06 0.26523107 0.004999001 0.024649136 1.6337016e-06 0.00026469186 5.3793597e-06 1.626086e-05 1.8195638e-07 0.34269258 0.0009497819 0.8183951 1.3324325e-06 0.016047226 0.0005412938 5.7528233e-08 0.0021704172 0.0010071002 0.0005780812 8.39799e-08 8.996986e-06 0.00016749323 1.8951702e-08 0.1459561 1.7810719e-07 3.081556e-08 0.00058485975 7.688275e-06 4.7989306e-05 4.1216276e-06 2.8769673e-06 5.7763944e-05 0.00028604377 0.00016878339 5.1066515e-09 0.00010327149 0.0010611885 7.972287e-08 0.00044413935 0.0003762403 6.426129e-06 0.0037748546 8.097222e-06 1.5674466e-07 3.1885694e-08 0.003435134 0.0015655144 5.200403e-09 4.8133217e-09 0.18906331 0.0008660247 5.303519e-07 0.000109686145 0.01363555 0.0011336824 7.5554854e-06 0.02728259 1.6815655e-07 1.4498266e-09 5.6517604e-09 3.9850866e-07 0.0013337007 1.1979341e-07 0.00046147194
0.9322583 0.104938485 0.038141113 0.025470607 0.010240028 0.010594347 0.09350541 0.009489264 0.13707337 0.006454183 0.0028204033 0.0036332954 0.0013108191 0.03734736 0.00071719324 0.10755548 0.013666899 0.0020681962 0.0029792523 0.98258156 0.0025896733 0.7380205 0.00052472955 0.087848604 0.037055 9.535762e-18 0.00046501495 0.00044493462 9.204623e-05 0.000120043704 0.0002248897 0.019506317 4.012774e-05 0.8950495 0.0011727023 0.00041241423 0.2168071 2.111484e-05 0.0014031451 7.546178e-05 2.9198092e-05 8.0531914e-05 0.16245742 0.003898494 0.01946885 1.1687498e-05 0.0072131786 7.844415e-06 0.30041364 4.4523218e-05 0.7291919 3.9681745e-06 3.7793802e-06 1.7938382e-07 2.7615542e-06 1.4063403e-06 1.5676978e-05 1.8682038e-05 0.039674345 0.00011316224 0.33345315 7.128039e-07 2.9712007e-06 1.6943912e-06 9.236213e-06 0.0152389025 1.4420812e-05 0.005872616 2.8997487e-05 1.3730748e-06 7.9169286e-07 1.40576985e-05 7.3229334e-05 6.460685e-07 5.2542182e-05 0.02782044 7.026614e-08 0.0055404627 0.14033277 7.177546e-06 3.866374e-07 2.4035842e-05 1.0075935e-05 3.5976416e-05 5.266813e-06 8.038382e-07 0.073830456 0.002304605 0.0010985684 6.1178864e-05 0.13830031 0.03639434 2.6036276e-05 0.04076958 0.00026760084 1.038856e-06 4.8791997e-05 2.5752374e-06 0.0023132754 1.6203921e-07 7.31165e-05
0.8943807 0.0002724523 0.00016400583 0.043859817 1.5578733e-05 2.859295e-06 0.07880204 1.2047453e-05 1.0002856e-05 0.62610775 0.5372119 0.021588976 7.923497e-06 0.3091727 0.8670987 8.9287545e-07 1.061895e-07 0.3346639 0.0001822969 0.0016088667 2.7426333e-08 3.1375355e-05 3.290457e-08 0.07699783 0.11413006 0.00046501495 5.1465105e-19 3.541149e-09 1.5612889e-06 0.00032528606 2.1610143e-09 0.15926985 0.9917164 0.0035782286 3.9635317e-09 1.1591083e-09 2.7401968e-06 1.345575e-06 0.4415041 0.32191068 0.6887155 5.0961235e-09 1.3131681e-06 9.911249e-08 6.5797245e-08 2.3699671e-09 0.12198787 0.11908793 0.025265409 5.8509453e-08 0.00017582877 0.059268665 8.2700895e-09 0.4765804 0.38807738 0.039814483 1.568752e-09 3.7124977e-07 7.957903e-07 4.6075392e-09 0.007464133 2.0953519e-07 7.6204095e-08 0.0031218512 1.5283312e-07 2.0130847e-07 7.1370486e-08 5.9453633e-08 1.9556661e-07 0.0018617956 0.009667918 1.2486563e-09 1.2823928e-06 0.017666036 2.38857e-08 3.389272e-06 0.0070546474 2.6126463e-07 1.6092825e-05 2.4479878e-06 2.5240058e-07 1.5445346e-08 0.0011520229 0.0005201818 1.3491322e-07 3.0716487e-09 0.015119434 6.089494e-06 1.7739515e-08 4.560442e-06 0.00024867634 1.8747254e-05 3.1249892e-06 0.004441048 1.3474555e-07 6.060159e-09 6.590501e-08 1.1961156e-07 5.2149957e-05 3.487454e-08 1.4840215e-05
0.87195575 1.7876357e-05 0.000550331 7.3641017e-06 0.0007083231 0.0022186441 1.537163e-07 0.0002501983 0.062052 4.6237028e-09 3.0154066e-08 6.438778e-08 0.000626808 1.6038914e-08 3.8499635e-09 0.17805924 0.94981885 1.8225014e-08 4.7007798e-06 0.00014342941 0.89633507 0.02813162 0.010152596 1.3123086e-07 3.6940957e-08 0.00044493462 3.541149e-09 2.1530783e-16 0.0015458722 4.0449217e-05 0.09407506 2.9915583e-08 3.2170102e-09 3.026682e-05 0.2599666 0.7365109 0.04462865 0.00042400972 1.4925338e-06 3.6391048e-09 4.651125e-08 0.97462523 0.031451162 0.099001296 0.05893363 0.859833 6.3788605e-07 2.158284e-08 1.7716625e-06 0.45460185 0.0041874805 5.9888514e-08 0.40005052 7.083669e-08 3.8597957e-08 3.718837e-07 0.1253337 0.0044294395 0.03400204 0.009681662 6.70216e-05 0.19274999 0.12724881 1.1570579e-06 0.0016388708 0.022442902 0.32992333 0.028212031 0.031249471 3.565524e-07 6.551386e-08 7.610109e-05 0.00028861462 1.6487398e-06 0.00038467842 0.008946468 4.8331104e-09 0.005197742 0.0028412784 0.008581085 0.0039875563 6.142505e-05 4.0114384e-07 1.8202252e-05 1.7589175e-05 5.234041e-06 0.00028697582 0.00013466546 0.014003889 6.6948555e-06 0.0012902118 0.0033387686 0.0010638804 8.8771165e-05 0.0017849816 2.7800765e-05 0.000305506 0.005766919 0.000115536095 0.00020490114 2.047693e-06
0.23350975 0.058735553 0.10439413 0.037217356 0.17465582 0.282935 0.0010775627 0.35150018 0.06270442 1.5277894e-05 0.00011750796 0.004065803 0.928389 1.684151e-05 4.119865e-05 0.0041341307 0.027516086 0.00029081805 0.08206295 0.00017402641 0.0029733495 0.0013725742 0.8146836 1.1152203e-05 1.5146081e-05 9.204623e-05 1.5612889e-06 0.0015458722 4.043381e-19 0.59855884 0.7152148 9.201547e-06 8.0803545e-07 0.00021737709 7.2090785e-05 9.286854e-05 0.0002375125 0.9830118 1.7610826e-05 9.236037e-06 9.998387e-07 0.0016811055 0.00023288818 1.7545448e-05 0.00010119061 8.095305e-05 1.3853182e-05 3.988275e-06 2.779138e-05 0.00037480245 0.0003129224 6.384219e-06 8.395664e-05 8.103193e-08 4.6286664e-07 4.15649e-06 2.0622795e-06 0.73586535 4.265844e-05 5.639593e-07 2.7236334e-05 4.3587672e-05 2.638429e-05 1.7382745e-05 0.48757684 3.996505e-05 0.0155862905 2.4664289e-05 0.2178516 5.186128e-06 1.6379419e-08 1.681729e-07 0.28484643 8.0479886e-08 1.9143233e-06 8.8834335e-05 3.0672347e-09 3.7386726e-05 7.910204e-05 0.0057064085 1.0644517e-06 2.6402677e-06 5.0918757e-06 0.0003147541 2.0595486e-07 8.99033e-08 1.949098e-06 0.09933252 4.902926e-06 0.0004075323 6.827671e-05 5.4138753e-05 0.00955281 1.4023821e-05 9.4890365e-06 4.0187712e-07 2.5525153e-06 8.983851e-06 0.016515601 8.129522e-07 0.0001769945
0.2609043 0.030863674 0.07843347 0.26092276 0.048944306 0.020251414 0.010160151 0.24311693 0.0014302776 0.0008399292 0.008296207 0.51091313 0.6430007 0.00019973454 0.003334896 0.00012395771 0.0007277107 0.12188307 0.988536 0.00010891344 0.00010977122 0.00018319566 0.07739524 0.00027491382 0.0001153474 0.000120043704 0.00032528606 4.0449217e-05 0.59855884 1.4063626e-16 0.031471323 8.163925e-05 0.0007066046 0.00030850555 6.888894e-06 1.4529729e-05 1.8221237e-05 0.83284485 0.00010025618 0.23213276 1.2494808e-05 0.00031124233 4.43297e-06 3.7986729e-06 8.848746e-06 2.17258e-05 6.925779e-05 0.09904011 6.3323896e-05 0.00019356095 0.00044174332 0.14663273 4.3266824e-05 2.021458e-06 0.00014443997 0.11480856 2.6304058e-06 0.25873795 6.6660523e-06 3.6306624e-06 0.00013049388 1.7298093e-05 0.00018409571 0.0938367 0.07466449 2.3686955e-05 0.0012685425 5.0830304e-06 0.0034717452 0.0052708327 1.010957e-06 1.6331422e-06 0.059176814 0.00022554866 1.8161538e-05 4.9708902e-05 1.4361376e-08 5.1233033e-06 0.00013857643 0.00011312404 1.3810147e-06 1.5272211e-05 0.04777535 0.39838618 1.7460593e-06 3.2952696e-07 2.6528204e-07 0.09156167 1.2682437e-05 0.08019386 0.00012406401 5.6712583e-05 0.0010008872 2.0595231e-05 4.7294256e-05 6.1464243e-07 2.2540104e-05 9.648971e-06 0.10307385 8.173666e-08 0.043069832
0.7034395 0.043520793 0.12440431 0.0049560177 0.29528576 0.46360293 0.00014462398 0.37266287 0.36123577 1.7288443e-07 1.3698437e-07 4.891486e-05 0.75867623 2.6652333e-07 1.1278777e-07 0.10957507 0.46248412 2.0342102e-06 0.0029193177 0.00019118695 0.09561401 0.007794475 0.9919484 4.8513743e-07 2.592636e-07 0.0002248897 2.1610143e-09 0.09407506 0.7152148 0.031471323 1.6198926e-17 3.1441104e-07 2.6257125e-09 0.00010381795 0.005288965 0.006680302 0.009339065 0.3971491 2.637409e-06 2.450522e-08 4.0285064e-09 0.2953777 0.005022564 0.0021385252 0.0033342454 0.009568671 1.9727038e-06 1.1157213e-07 7.0765395e-06 0.03251697 0.00053906656 1.5679548e-07 0.006105277 8.29032e-09 1.112565e-08 2.260199e-07 2.9863606e-05 0.6782548 0.00080240914 5.762383e-06 7.988068e-05 0.01952571 0.0010911046 1.6538334e-07 0.39682373 0.0005115182 0.47969913 0.00037504503 0.5445716 1.0550953e-07 1.5061268e-09 1.3553249e-07 0.15305088 5.1592764e-08 3.5626435e-06 0.0013065145 1.0538391e-09 0.00019333069 0.0009780636 0.0613987 5.326871e-07 4.476374e-06 9.491733e-08 3.5151922e-06 1.3414876e-06 2.670225e-07 6.7633855e-06 0.039057564 0.00022323645 7.3282776e-05 0.0006161344 0.0011018818 0.020689199 4.920034e-05 9.145936e-05 1.0880557e-06 4.7207464e-05 5.6807094e-05 0.0028062372 3.941496e-07 4.0928767e-06
