7.4747546e-31 0.8772467 0.19258225 0.90441066 0.8773944 0.8228533 0.9619869 0.918523 0.9231538 0.7219922 0.40556502 0.9179849 0.8612859 0.68088514 0.4950551 0.72251856 0.54347056 0.6653108 0.73254913 0.199126 0.16722044 0.90873396 0.061540827 0.10991544 0.5668494 0.046875156 0.85460067 0.25004235 0.24029797 0.04320807 0.19605641 0.764027 0.8208838 0.47102642 0.02129199 0.087239996 0.0038720071 0.021716243 0.67895895 0.09641194 0.10426819 0.004535486 0.9946545 0.58242255 0.024814088 0.027371656 0.728672 0.91086155 0.9262155 0.04764548 0.0010521146 0.76531166 0.01617857 0.93266344 0.0020824126 0.00010598297 0.9812265 0.00015162752 0.8730579 0.98965734 0.0001675052 0.0054323757 1.1159108e-05 0.90256697 0.44382963 0.00011052345 0.0012724575 0.97244734 0.98510027 0.025276672 0.5013101 0.00015156 0.0020517102 0.0022931772 0.0010580074 8.337784e-05 0.0013570788 0.0055637676 0.99320894 0.98921764 0.99917483 0.99853355 2.7519175e-07 0.9224331 0.0001924224 0.9970994 0.99237144 5.127932e-06 0.9972747 0.02451601 1.1030157e-06 0.08237724 0.99954844 1.0675115e-08 3.7127597e-07 0.0024359769 9.048447e-05 0.03469536 4.7118524e-06 5.9508316e-08 6.222786e-09
0.8772467 7.44497e-21 0.9886211 0.9228059 0.73448205 0.5547437 0.35076815 0.11256227 0.30970204 0.24449873 0.43821588 0.019344931 0.0030925507 0.222658 0.0951212 0.0008097713 0.007245489 0.001227251 0.027569942 0.010033419 0.019387905 0.0745036 0.18381427 0.09482645 0.00022965332 0.1686603 0.31501412 0.0012873316 4.3739325e-05 0.016993709 0.001828338 0.035810836 0.1585077 0.0010359671 0.26581758 0.010552646 0.13517334 0.19042991 0.006239694 0.0020381017 0.0012225299 0.109757096 0.0060178963 7.2368484e-06 4.5953093e-05 7.5273897e-07 0.0013432499 0.00013747023 0.06506145 9.864708e-07 0.040796474 0.13651296 0.007302438 0.016400458 0.016003417 0.0066297124 0.04243527 0.005103836 0.0019292679 0.012405976 0.0010155098 6.6410194e-06 0.007448777 0.037955754 1.0478374e-05 0.01877261 0.0002910911 0.002153066 0.025721451 0.000105453655 3.617838e-05 1.1697802e-05 9.135627e-06 0.00014196879 3.5302714e-05 0.0077558584 3.596086e-06 9.454897e-05 0.041621402 1.7690178e-05 0.014272146 0.02995645 2.3887991e-05 6.277732e-05 1.25170745e-05 0.0047878427 0.00026586064 0.0011582967 0.0023175338 1.726411e-05 0.00059972366 2.2690732e-05 0.0019132176 1.7973023e-05 5.876297e-05 1.3509349e-05 6.56431e-05 2.0115722e-09 2.708659e-05 0.00019046103 3.0323015e-05
0.19258225 0.9886211 8.959894e-19 0.41355857 0.5748788 0.5710374 0.2013824 0.038081106 0.04837818 0.055542577 0.87466013 0.007288595 0.00420173 0.041176975 0.18980286 0.0009762231 0.003704355 0.0026448066 0.0059396173 0.015942067 0.046654936 0.0113599785 0.47696042 0.26799685 0.00024726335 0.47320855 0.03898112 0.0033299113 0.00011298042 0.024649687 0.006702186 0.005847206 0.015304865 0.0005851814 0.5098474 0.024261024 0.26201648 0.32809263 0.002777764 0.00070135953 0.0009832802 0.20948842 0.0019824835 1.2473342e-05 8.86353e-05 1.5234099e-05 0.0006370085 0.00023296062 0.009084248 1.011217e-05 0.09249945 0.014632806 0.011531171 0.0036691308 0.021033578 0.0200329 0.0045760307 0.014822671 0.00087479444 0.0027467525 0.0063614193 6.299457e-06 0.012253821 0.004938358 7.146843e-06 0.020269828 0.00087582174 0.0011368324 0.0064757676 5.161578e-05 2.0528147e-05 9.985909e-06 2.5187015e-05 0.000119364704 4.7020778e-05 0.012913819 3.5138048e-06 0.00017989495 0.0064880475 0.000113933565 0.0028972086 0.0058956044 3.9052775e-05 5.22144e-05 1.204666e-05 0.0011825183 0.00024708186 0.0044499342 0.0006293009 3.897373e-06 0.0029120976 3.092313e-06 0.00073446776 0.00024035948 0.00027352542 7.692089e-06 9.188454e-06 6.22782e-09 7.12757e-05 0.00017379537 9.84701e-05
0.90441066 0.9228059 0.41355857 3.8080384e-19 0.5477199 0.19159837 0.42126653 0.41577122 0.957285 0.561815 0.31747708 0.18153544 0.030475894 0.5493721 0.08026479 0.017012479 0.02359528 0.0039754724 0.052509826 0.04059926 0.019398142 0.0930964 0.1306405 0.070074156 0.0016414438 0.14443576 0.4443346 0.0016469005 0.0001434851 0.023516204 0.0013984856 0.19462672 0.18200707 0.002598841 0.11631289 0.0015649291 0.040540583 0.12368476 0.020609424 0.0024741644 0.002730833 0.02492153 0.017540982 1.3284718e-05 3.0277502e-05 1.13096685e-05 0.0026556824 0.00063290057 0.08386939 1.5622816e-05 0.014527217 0.19512837 0.0067197382 0.077162534 0.019332247 0.0078376 0.05260022 0.0062964936 0.0024195223 0.029462857 0.0012929032 2.6216017e-05 0.0013908797 0.07681821 4.23699e-06 0.010411001 0.00026538974 0.0060287644 0.103783794 0.00015177552 0.00012550922 2.0141659e-05 1.6936538e-05 0.00035376 0.00010195627 0.01751387 2.7983224e-06 0.00075656554 0.15294042 0.00016990371 0.1075524 0.19706878 1.5101543e-05 0.00014734526 3.416505e-05 0.032312773 0.0018057828 0.009408628 0.04698423 1.1985593e-05 0.008097996 3.773722e-06 0.014151332 2.0297059e-05 0.0025435474 1.7457805e-05 0.0001768487 1.2468196e-08 0.00035522145 0.000981894 2.8728782e-05
0.8773944 0.73448205 0.5748788 0.5477199 1.0682026e-18 0.28654477 0.08155844 0.8920131 0.2108734 0.044393033 0.90549886 0.32718158 0.0008325064 0.42230582 0.2616359 0.00027740392 0.2098467 0.00024489476 0.0018684543 0.80210453 0.025865309 0.008613709 0.35375145 0.22896095 0.00025632928 0.36823535 0.049720652 0.00011261114 7.0604525e-05 0.63901067 0.00078231463 0.16045426 0.15501164 8.183897e-05 0.6395889 0.019853977 0.20289283 0.78791577 0.00076615345 0.08695299 0.054474376 0.121185176 0.099855 1.9856745e-06 6.0344178e-06 9.588665e-08 0.0002594616 1.532355e-05 0.012669829 4.5098722e-07 0.030177426 0.048947714 0.4781289 0.034255978 0.31024143 0.00885024 0.0055705216 0.006658606 0.039571866 0.0014581284 0.0011761301 1.9229728e-06 0.005435161 0.018330213 7.88591e-06 0.04319827 0.0013125548 3.8801856e-05 0.018688241 0.0025924682 2.305625e-06 7.813632e-06 9.106752e-05 0.0029471905 0.0012238072 0.07439369 1.0169606e-05 0.061745 0.0064475043 2.63284e-06 0.0016931281 0.010219034 1.725876e-05 0.0010190106 7.2186274e-05 0.010649686 5.9245092e-05 0.024305325 0.002685479 0.0003368729 0.006866007 9.130858e-05 0.00028432682 1.5110301e-05 0.001602621 0.00018970783 0.0003344899 2.1235426e-08 0.0011499099 0.00059439545 0.000108638545
0.8228533 0.5547437 0.5710374 0.19159837 0.28654477 2.1709294e-20 0.9104739 0.010406151 0.061661493 0.3289462 0.63811946 0.0014841717 0.084353745 0.012273013 0.8575394 0.013223548 0.00080717413 0.07535827 0.09812701 0.0016128549 0.61270446 0.12446957 0.67993003 0.7276063 0.0035573528 0.5846957 0.09672571 0.08276597 0.0018018194 0.006038725 0.12303577 0.00092771975 0.0079723755 0.007459735 0.39808312 0.3696428 0.1887573 0.26265407 0.026006095 2.7679387e-05 9.759815e-06 0.37230614 0.0001516566 0.00015796175 0.0013362858 0.00014547136 0.0051504215 0.0014240637 0.028573599 0.00019117091 0.15107192 0.010808541 0.0048715593 0.0008483251 0.036784276 0.075925484 0.011189951 0.065509185 2.5820507e-05 0.0127306795 0.045183282 6.464056e-05 0.016438628 0.0032686628 0.0001788235 0.012577234 0.02110985 0.0063206675 0.0020662257 7.790551e-06 0.0009029164 6.839291e-05 0.0009386007 1.9808676e-05 9.0200965e-06 0.005602514 1.4392481e-05 0.00011314109 0.0059504863 0.0011740664 0.0062586605 0.0048139105 0.0006016717 9.074922e-06 0.0005560341 0.0006566934 0.0017717935 0.0010322684 0.00042082657 3.525006e-07 0.0009701825 1.3490466e-06 0.0031294092 0.0002954713 6.330415e-05 4.4602345e-07 7.5390994e-07 1.406196e-07 4.4247295e-06 8.4797044e-05 6.38904e-05
0.9619869 0.35076815 0.2013824 0.42126653 0.08155844 0.9104739 4.0893626e-17 0.005340443 0.10026492 0.73935664 0.07966852 0.0012761013 0.7762267 0.04057079 0.69121 0.25033158 0.00029388996 0.704236 0.43583137 0.00049508 0.35836768 0.2843332 0.16486429 0.23617937 0.1536903 0.13988042 0.15495515 0.5695976 0.05018569 0.002090267 0.43096212 0.0009439594 0.011238107 0.03491401 0.06541384 0.28568453 0.025362052 0.025094643 0.17327149 3.6690013e-05 3.7808513e-06 0.069922514 3.288053e-05 0.004706019 0.010000882 0.0027877095 0.07213231 0.011060243 0.08506305 0.0019800393 0.029595885 0.036118217 0.00033653673 0.0013549954 0.00951275 0.029490063 0.06357787 0.053946722 1.8653589e-05 0.18477349 0.06260665 0.0004755942 0.0032981262 0.012653806 0.00037013934 0.004672615 0.08544571 0.035391334 0.0032701215 4.456164e-06 0.0043809423 0.00019875124 0.0009999145 1.3593895e-05 4.6124833e-06 0.0010696125 4.849492e-05 2.8492927e-05 0.10744361 0.0016467043 0.1398839 0.020147137 0.0011568082 8.501191e-06 0.0029688445 0.00048244486 0.017579911 0.0004714041 0.00081783027 1.2225007e-05 0.0008572165 3.6679742e-06 0.033013433 0.00034563252 9.7377844e-05 1.1478199e-07 4.574625e-06 5.1905165e-08 1.080689e-05 0.00017877949 6.767667e-05
0.918523 0.11256227 0.038081106 0.41577122 0.8920131 0.010406151 0.005340443 6.779272e-19 0.10054078 0.0049021877 0.08618105 0.72467875 6.180717e-05 0.39042804 0.0036842716 2.7548978e-05 0.7791617 1.67155e-05 0.00024537355 0.94996303 0.0005165759 0.0008856179 0.012386594 0.0038617682 1.5741247e-05 0.00758726 0.016808938 7.852125e-06 3.1290956e-06 0.61150473 3.100725e-05 0.6516188 0.16174279 4.5822027e-05 0.029065317 0.00010202912 0.0061331047 0.1954797 0.00018451491 0.5322093 0.37685546 0.0022738338 0.3997072 4.973085e-07 1.2362359e-06 7.995448e-08 2.0638585e-05 4.2065485e-06 0.0032302532 1.305548e-07 0.0001475635 0.025796702 0.24465665 0.13487788 0.13388394 0.00049008575 0.0010773988 0.00034574364 0.11037191 0.00034104547 0.00015461839 1.1188439e-06 0.0001553555 0.019378616 1.45380045e-05 0.0057340395 0.0011556972 2.1388994e-05 0.07845278 0.0608842 4.3534433e-06 4.951305e-06 5.8054495e-05 0.097659886 0.05334542 0.053775787 1.6490301e-05 0.44078898 0.0037640505 2.413667e-06 0.0009044643 0.020796115 1.2117465e-05 0.0027192798 9.449992e-05 0.097469494 4.2031197e-06 0.031010691 0.037605945 0.00026049052 0.01340824 0.00012744559 0.00020693742 3.163961e-06 0.0077997767 0.00070225983 0.0014590995 1.3766865e-07 0.013005104 0.0022831382 1.20296e-05
0.9231538 0.30970204 0.04837818 0.957285 0.2108734 0.061661493 0.10026492 0.10054078 1.0652031e-19 0.57536805 0.040369153 0.075830646 0.0045748916 0.89963883 0.0055325446 0.0015475464 0.008403603 0.0006655552 0.02860691 0.011749607 0.001277794 0.093658395 0.016756473 0.007977536 0.0005655927 0.019011253 0.8773646 0.000110391346 8.596746e-05 0.0027527274 1.1308546e-05 0.22257636 0.57724786 0.0010806042 0.0072198985 3.65315e-05 0.0023757587 0.012483326 0.022909079 0.00070023845 0.0010911123 0.0006965014 0.007335096 6.960605e-06 7.188284e-07 5.8467367e-07 0.0038464286 0.00029504384 0.2396119 7.1346876e-06 0.00022931542 0.5450067 0.00037572288 0.08632352 0.0023494642 7.037193e-05 0.07270808 2.8153967e-05 0.0013797589 0.024605809 1.4474712e-05 1.0287863e-05 2.630111e-05 0.115294434 1.2024135e-06 0.0004953834 3.959333e-06 0.0056492668 0.09666891 2.0859256e-05 9.592403e-05 3.0027345e-06 2.558485e-07 5.8179805e-05 3.4510194e-05 0.0019894505 6.1243367e-07 1.3574023e-05 0.1982791 0.0002731032 0.11334192 0.26257214 1.9806344e-06 3.4963043e-05 1.219562e-06 0.021231566 0.0010822841 0.00082014524 0.041760776 1.2407199e-05 0.0006990064 1.9970407e-06 0.021010842 1.0953289e-06 0.00010060021 4.324195e-07 4.583171e-06 5.615228e-09 5.7748963e-05 3.7120233e-05 5.2779656e-06
0.7219922 0.24449873 0.055542577 0.561815 0.044393033 0.3289462 0.73935664 0.0049021877 0.57536805 2.4611586e-20 0.030269098 0.0017483531 0.40565675 0.0950681 0.15114895 0.20336096 0.00039981137 0.11233394 0.9566388 0.00041551387 0.068386756 0.93655235 0.05443393 0.078517534 0.0783928 0.059905034 0.696997 0.030590404 0.009498047 0.000594062 0.018953912 0.0056831944 0.03720594 0.066511065 0.0139272595 0.04652271 0.0067563793 0.005829336 0.42893368 3.0322612e-05 1.8585437e-05 0.007744989 0.00028045746 0.0021235454 0.00083328487 0.00074984506 0.048220776 0.013753784 0.16029562 0.0015309893 0.0033672198 0.08765669 0.00022944449 0.008870004 0.0012177387 0.0031987897 0.08112654 0.0037470737 4.079295e-05 0.17048879 0.0032956533 0.0005250862 0.0003573543 0.025760857 8.769696e-05 0.00032958246 0.0005996742 0.0647478 0.018572107 1.6545254e-06 0.009394045 0.00010920082 0.00010714926 3.852353e-06 2.019982e-06 0.0002466329 2.5792451e-05 5.489663e-05 0.15905356 0.0063281492 0.18826404 0.14793816 2.7063295e-05 2.791479e-07 8.882417e-05 0.0010206138 0.026212858 2.7881106e-05 0.006708795 1.2394387e-06 0.00010579392 8.701072e-08 0.070538 7.2420407e-06 3.5935267e-05 2.1659918e-08 3.6414968e-07 5.3929796e-07 2.0340056e-05 2.0149018e-05 3.4761513e-06
0.40556502 0.43821588 0.87466013 0.31747708 0.90549886 0.63811946 0.07966852 0.08618105 0.040369153 0.030269098 1.5762565e-20 0.007717403 0.00043122593 0.017462026 0.19406626 4.2675976e-05 0.002952654 0.00010830513 0.00077711546 0.008226026 0.12532346 0.0026943549 0.7604824 0.60237205 3.51259e-05 0.8358397 0.020763084 0.000101303005 1.1034119e-05 0.054175947 0.001624131 0.0012229002 0.0033266798 6.192107e-06 0.78525484 0.07397272 0.43510777 0.66087234 1.0954036e-05 0.0005716491 3.5990382e-05 0.40327474 0.00038585137 1.6313513e-07 4.2472416e-06 4.0290712e-07 1.0845463e-05 1.095843e-06 0.0021770135 4.469841e-07 0.13534681 0.001790671 0.03263264 0.00040691363 0.043038886 0.021190122 0.0002570198 0.013824828 0.00017501754 8.060583e-05 0.0048791673 1.0384637e-06 0.017633457 0.00083789794 1.5973811e-06 0.03129883 0.0014360624 1.6375445e-05 0.0005734887 1.1782006e-05 3.8869243e-06 1.1504304e-05 5.0444464e-06 1.1870903e-05 3.1059856e-06 0.017852763 4.016743e-06 0.00020948634 0.00054814713 9.535884e-06 0.00041257098 0.00071176025 2.4907948e-05 4.361503e-05 3.0039906e-05 0.0006174564 2.2981905e-05 0.0024300579 0.00012561087 1.7482272e-06 0.0016122212 4.2661145e-06 0.00014272412 8.8909765e-05 7.863557e-05 2.993242e-06 2.8055533e-06 5.8065504e-09 3.4158643e-06 9.272332e-05 0.00012560752
0.9179849 0.019344931 0.007288595 0.18153544 0.32718158 0.0014841717 0.0012761013 0.72467875 0.075830646 0.0017483531 0.007717403 4.4726987e-18 5.2301813e-05 0.45576632 0.00015101937 1.6297716e-05 0.9827273 2.6430125e-05 0.0003123589 0.5442644 0.00031480094 0.00032362813 0.0009152829 0.0004949754 2.0345993e-05 0.0009864356 0.011628729 2.6457512e-05 1.475588e-05 0.18813069 0.00025573277 0.8477009 0.1914823 7.1693816e-05 0.0024614579 0.0009997282 0.0007052377 0.009497879 0.00022306983 0.19944645 0.2618775 0.00047616396 0.57343006 3.5925038e-06 4.920663e-05 8.763007e-07 4.936333e-05 1.6596938e-05 0.0035038914 4.8650727e-06 0.00010078929 0.01971929 0.033194195 0.2005306 0.02107996 0.00026052285 0.0015695663 0.0005168174 0.026932782 0.0006709707 0.0010307529 5.111629e-06 0.00016554045 0.02414542 7.63918e-05 0.0005050239 0.0026668748 9.735622e-05 0.09145034 0.048581194 2.2352287e-05 6.0499973e-05 0.00031332645 0.079401806 0.03737528 0.002556606 1.6599708e-05 0.24843827 0.008862247 6.690595e-05 0.0024580497 0.05813967 0.00029874477 0.001116088 0.00038833896 0.356308 7.069312e-05 0.0043521444 0.0754805 0.00028858322 0.0030963637 0.00027355546 0.00058568496 6.5840286e-05 0.0015418371 0.0016313803 0.0010733663 3.3720237e-06 0.0050689955 0.0011750342 3.125864e-05
0.8612859 0.0030925507 0.00420173 0.030475894 0.0008325064 0.084353745 0.7762267 6.180717e-05 0.0045748916 0.40565675 0.00043122593 5.2301813e-05 2.7575265e-18 0.00078845787 0.12996054 0.96650344 1.2269507e-05 0.8954045 0.4907258 9.014998e-06 0.043659348 0.1260115 0.0030210055 0.008862568 0.79266584 0.0021474655 0.01854626 0.5042105 0.55829966 0.00010530934 0.37641808 4.222249e-05 0.00035698246 0.5015254 0.0003235698 0.13002704 0.00017950147 0.00016397347 0.34203306 1.0344493e-05 1.542104e-07 0.0022217073 1.2631602e-06 0.21286814 0.12423216 0.13681889 0.33278248 0.18075572 0.014551099 0.06950416 0.0013273297 0.0019549606 2.5596175e-05 5.846687e-05 0.00025306188 0.0036611438 0.011384065 0.0069938954 2.1269134e-06 0.12125628 0.017442912 0.0056620175 6.684657e-05 0.0014090561 0.0022480758 3.1041753e-05 0.066817135 0.11795283 0.00050792634 5.1945276e-06 0.01596415 0.001965072 0.01981522 2.0166115e-06 1.7107027e-06 1.2354846e-05 0.00094008516 8.514459e-07 0.010155723 0.012027927 0.024634918 0.0035984586 0.0007078385 2.979874e-07 0.018367104 2.6985823e-05 0.030077545 3.129766e-05 2.6023616e-05 5.7018934e-07 6.846972e-05 1.7076609e-06 0.026206184 4.1257903e-05 2.7988735e-05 3.3204813e-07 1.2457892e-06 5.2014206e-05 4.3707678e-05 3.3885142e-05 2.928595e-06
0.68088514 0.222658 0.041176975 0.5493721 0.42230582 0.012273013 0.04057079 0.39042804 0.89963883 0.0950681 0.017462026 0.45576632 0.00078845787 3.0734484e-20 0.0005905522 0.00017603715 0.11652954 5.357756e-05 0.008019515 0.0751614 0.00019624754 0.03469149 0.0029922079 0.0010754247 0.00013150669 0.0027566995 0.5368908 3.841827e-06 1.9004108e-05 0.009706189 2.5433594e-06 0.88931227 0.93052346 9.164621e-05 0.002140921 1.263127e-05 0.00031498654 0.004529817 0.002689612 0.010882945 0.01625741 6.174084e-05 0.12511446 7.37006e-06 8.676408e-07 7.7367935e-07 0.0006377608 0.00017300327 0.13065585 1.2978433e-06 6.683621e-06 0.6044835 0.0013246664 0.5835386 0.0022339106 4.8785787e-06 0.049155556 2.4482772e-06 0.014510648 0.019001842 1.7583212e-06 2.0523535e-06 8.529995e-06 0.23960815 1.2810749e-06 7.490367e-05 1.6742614e-06 0.0035514918 0.2586977 0.00017261402 9.317455e-06 3.4012883e-06 6.9717294e-07 0.00012496626 4.4150453e-05 0.00037025096 2.0483638e-07 0.00045356047 0.1440436 0.00013327248 0.06700939 0.26010847 9.634667e-07 0.0009392939 3.2493383e-06 0.106945015 0.00068382215 0.001563207 0.09619456 0.00013638742 0.0006573557 0.00012906203 0.010658404 1.2001085e-06 0.000440877 5.6729947e-05 0.000104083345 1.6382227e-08 0.0001063221 0.00010125742 4.2836036e-06
0.4950551 0.0951212 0.18980286 0.08026479 0.2616359 0.8575394 0.69121 0.0036842716 0.0055325446 0.15114895 0.19406626 0.00015101937 0.12996054 0.0005905522 3.592262e-22 0.011605238 0.0001144443 0.07350714 0.040973395 0.00028344395 0.9516561 0.03129111 0.3997603 0.53934073 0.007062156 0.28868055 0.0133884465 0.13114406 0.0035898073 0.0023022844 0.66322315 0.00014849384 5.8954378e-05 0.004559932 0.07635997 0.7924827 0.042490464 0.0764168 0.007082002 6.5372064e-06 8.259216e-08 0.14364302 4.348765e-05 0.0005746088 0.0011772854 0.00016957283 0.0018002342 0.0011865745 0.0032962933 0.00010544299 0.057965606 0.00045020296 0.001528185 0.00011392324 0.00582546 0.035152297 0.0012430148 0.044067524 1.0431662e-05 0.0017620891 0.05326126 4.438221e-05 0.0052899616 0.00068917725 0.00028600614 0.0045673917 0.0906816 0.0016996843 0.0004206587 2.239068e-06 0.001563597 0.00014257841 0.004088415 2.8821382e-06 2.5761856e-06 0.00019462452 2.8991846e-05 1.655159e-05 0.00095797644 0.0011145022 0.00092023454 0.00028203506 0.00095760875 2.4273846e-05 0.008453605 0.000735225 0.00038478093 7.346829e-05 0.00011318739 4.3595443e-07 6.9327914e-05 1.0320665e-05 0.0010172677 0.00013813507 1.0786257e-05 2.1081773e-06 1.5419282e-06 6.470834e-07 3.4963155e-06 4.1573403e-05 1.4557914e-05
0.72251856 0.0008097713 0.0009762231 0.017012479 0.00027740392 0.013223548 0.25033158 2.7548978e-05 0.0015475464 0.20336096 4.2675976e-05 1.6297716e-05 0.96650344 0.00017603715 0.011605238 4.398283e-19 4.053423e-06 0.58421147 0.536407 1.1498643e-05 0.005229102 0.10371161 0.0006540633 0.0010454286 0.7616368 0.00040318968 0.021609548 0.25118542 0.58493 3.0833624e-05 0.17738585 4.915405e-05 0.00010282542 0.8451032 0.00015580122 0.023334894 0.000112602334 7.463286e-05 0.36876282 3.5778737e-06 1.6020671e-07 0.00042647743 6.2457474e-07 0.26304528 0.12421202 0.12563778 0.45101634 0.24178967 0.014234486 0.047563218 0.00026798135 0.0022738315 1.0491884e-05 7.010406e-05 9.290229e-05 0.0013270038 0.011084438 0.001551896 1.1415065e-06 0.13734049 0.0022030065 0.00641252 9.797468e-05 0.0013182708 0.001605494 3.3271033e-05 0.01305319 0.14972973 0.000291313 5.6979006e-06 0.028452689 0.0022725905 0.01672184 2.6829152e-06 2.61653e-06 1.2354493e-05 0.0006262714 1.271932e-05 0.020142987 0.025406705 0.033916008 0.0020758484 7.3445306e-05 5.684546e-07 0.004458083 4.1760646e-05 0.04180429 9.9976816e-05 6.4947635e-06 8.4338785e-07 0.00017757814 3.7172008e-06 0.03586594 2.6182135e-05 9.318641e-05 7.2733707e-07 4.5245083e-06 6.0845457e-05 8.863269e-05 0.00012585788 8.1599355e-06
0.54347056 0.007245489 0.003704355 0.02359528 0.2098467 0.00080717413 0.00029388996 0.7791617 0.008403603 0.00039981137 0.002952654 0.9827273 1.2269507e-05 0.11652954 0.0001144443 4.053423e-06 1.159679e-16 3.5965422e-06 2.4824732e-05 0.42369744 9.400842e-05 6.0069295e-05 0.00087026076 0.0002497113 1.4996835e-06 0.00034905536 0.0031692826 2.6078656e-06 1.4296468e-06 0.115489185 9.098995e-06 0.6286367 0.057496812 2.4260482e-06 0.00073533825 1.6414626e-05 0.00012365084 0.00091727916 8.342393e-06 0.6437244 0.5767892 3.1162086e-05 0.73426896 7.987766e-08 5.303109e-07 7.541807e-08 1.2409064e-06 2.625357e-07 0.0015565538 4.1769145e-08 4.8974443e-06 0.009125693 0.016935522 0.09790164 0.0058190464 9.925542e-06 0.0008087429 2.1886615e-05 0.11368693 0.00024739333 1.71919e-05 3.301372e-07 7.967316e-06 0.013723171 3.6745894e-07 1.1563249e-05 4.982219e-05 2.3835073e-06 0.031075075 0.116478205 7.771031e-09 1.9241854e-06 2.106977e-06 0.13501783 0.07623704 0.00013595847 8.4375307e-07 0.15307939 0.002449429 1.0219194e-06 0.0008409985 0.01514388 1.2958737e-05 0.0032815263 2.203975e-05 0.21206598 5.2788864e-06 0.002990254 0.026532173 0.005008581 0.0011949426 0.0015774664 0.00012693442 3.9209453e-06 0.00036720553 0.007149959 0.005299356 8.032776e-08 0.002303901 0.0003889218 9.356716e-06
0.6653108 0.001227251 0.0026448066 0.0039754724 0.00024489476 0.07535827 0.704236 1.67155e-05 0.0006655552 0.11233394 0.00010830513 2.6430125e-05 0.8954045 5.357756e-05 0.07350714 0.58421147 3.5965422e-06 5.32101e-19 0.23071553 2.1358937e-06 0.027646797 0.038588174 0.0013402608 0.0021283065 0.71807134 0.00038604552 0.0068056076 0.9508285 0.73791885 1.9396884e-05 0.52848387 3.5387911e-06 1.1608252e-05 0.2878706 0.0003584363 0.0996951 0.00010896601 2.6726351e-05 0.14362921 5.9319127e-06 2.4691904e-08 0.0009033096 1.834567e-06 0.23076703 0.45307413 0.396849 0.16263564 0.1317458 0.00593393 0.14930132 0.0005955016 0.00021636963 9.252443e-06 6.8554036e-06 6.333688e-05 0.0030459294 0.0034574305 0.0068028984 1.1864084e-06 0.036011912 0.02632521 0.013731929 0.00011820932 0.0005537679 0.004296975 3.8751674e-05 0.0820569 0.06089035 0.00017323474 9.915253e-07 0.019352768 0.003302772 0.044127032 9.989179e-07 3.884402e-07 1.0070277e-05 0.0011483165 6.8914136e-07 0.002121078 0.0148669975 0.0033760862 0.0002413246 0.0012227905 1.076233e-06 0.03382705 1.49018515e-05 0.009364987 2.2588263e-05 8.111467e-06 3.2786963e-07 2.7247608e-05 8.631486e-07 0.0039137695 1.9123556e-05 9.528874e-06 7.2240994e-08 2.4002262e-07 3.6436548e-05 1.1061343e-05 8.002238e-06 2.645404e-06
0.73254913 0.027569942 0.0059396173 0.052509826 0.0018684543 0.09812701 0.43583137 0.00024537355 0.02860691 0.9566388 0.00077711546 0.0003123589 0.4907258 0.008019515 0.040973395 0.536407 2.4824732e-05 0.23071553 1.29932125e-20 5.5638524e-05 0.01550756 0.95658875 0.0064953035 0.009551016 0.24364099 0.0045035915 0.16865015 0.047857158 0.04153721 0.00014444436 0.038253974 0.0002084105 0.0035510005 0.28586644 0.0005796299 0.013153661 0.00015469774 0.00022479043 0.8336623 1.6700107e-05 9.773809e-07 0.0003842183 2.6001596e-06 0.005179833 0.0049419226 0.0052390452 0.5281569 0.18104331 0.08627137 0.0035933163 7.972983e-05 0.016792908 3.660903e-05 0.0012387846 7.577397e-05 0.0004116741 0.044761024 0.00067684415 3.7075251e-06 0.43070984 0.0018278679 0.0010947051 1.4733998e-05 0.006509619 0.00032114028 5.948545e-06 0.0027364027 0.15919717 0.0034001924 1.8372194e-06 0.015659647 0.00040536397 0.0006294836 8.748066e-06 5.8479222e-06 7.4687646e-06 8.059845e-05 1.2601726e-06 0.09547734 0.01593765 0.15852545 0.039464492 3.964916e-05 1.3333865e-07 0.0006543706 0.000120131896 0.051184725 1.38312425e-05 0.00093430025 2.2925691e-07 2.7311999e-05 1.4846911e-07 0.12194768 6.8967097e-06 2.2982016e-05 2.4795687e-08 2.0774604e-07 1.5715314e-05 1.31603965e-05 1.0554667e-05 1.85394e-06
0.199126 0.010033419 0.015942067 0.04059926 0.80210453 0.0016128549 0.00049508 0.94996303 0.011749607 0.00041551387 0.008226026 0.5442644 9.014998e-06 0.0751614 0.00028344395 1.1498643e-05 0.42369744 2.1358937e-06 5.5638524e-05 4.673221e-20 0.00017878547 3.183582e-05 0.00091333326 0.00033868555 8.467643e-06 0.00039393615 0.00320654 1.4574033e-06 1.2855066e-06 0.9668066 2.0489233e-06 0.12960875 0.01925819 6.230842e-06 0.0021646118 0.000107975015 0.00080526655 0.018888446 1.1061281e-05 0.42733032 0.2739514 0.00043123434 0.13160186 9.9511595e-08 6.122427e-07 1.4110417e-07 1.1416856e-05 4.297686e-07 0.00070741953 7.03211e-08 7.2478826e-05 0.0031420484 0.36298618 0.011726783 0.08042758 0.00012458274 0.00012416866 0.00011380857 0.1057816 2.9794284e-05 6.0459188e-05 1.0070108e-06 6.447722e-05 0.0020204678 7.525075e-06 0.001483208 2.3945926e-05 9.723466e-07 0.004770562 0.013563776 2.2913111e-06 8.726309e-06 4.7328476e-06 0.031234082 0.014684518 0.021402903 1.384345e-05 0.31354773 0.0005031709 2.4961864e-06 0.00022205821 0.0010692397 1.5315705e-05 0.0046652057 3.353828e-05 0.018385263 1.2723257e-06 0.01986242 0.0035689522 0.0029748983 0.007779682 0.0018459633 5.6400666e-05 3.199737e-06 0.005935891 0.0020422852 0.001346405 4.763692e-07 0.0094621405 0.0016579372 2.2152552e-05
0.16722044 0.019387905 0.046654936 0.019398142 0.025865309 0.61270446 0.35836768 0.0005165759 0.001277794 0.068386756 0.12532346 0.00031480094 0.043659348 0.00019624754 0.9516561 0.005229102 9.400842e-05 0.027646797 0.01550756 0.00017878547 1.8750016e-21 0.0123607805 0.6175118 0.78832906 0.0040140664 0.43514246 0.0038951735 0.046855554 0.0025096794 0.0011223716 0.48533013 1.5434709e-05 1.18833295e-05 0.002493604 0.19423173 0.95029616 0.08711114 0.13286766 0.0029814008 1.6484695e-06 2.2575126e-07 0.33471513 5.8914047e-06 0.00038593877 0.00061723765 0.00020066282 0.0006018229 0.00059822504 0.00084886735 0.00015195526 0.14207642 8.436003e-05 0.0034569788 8.887633e-06 0.009607125 0.097177364 0.00029960214 0.11137508 2.9844741e-06 0.0005540571 0.13072743 4.352175e-05 0.0120391045 0.00018669758 0.00011723774 0.009911373 0.1369271 0.00060740905 0.00011119998 4.1464122e-07 0.00062207633 6.545582e-05 0.0013992214 9.23251e-07 5.0865106e-07 0.0030493636 1.2716216e-05 1.3535695e-05 0.0005773115 0.0011131277 0.0005337556 0.00019566745 0.0022510237 2.0740406e-06 0.011520273 0.00011342631 0.0003658205 0.00048592762 8.046808e-06 1.8482811e-07 0.00066001667 5.6294584e-07 0.00052094087 0.0006308719 2.281139e-05 3.2348307e-08 1.2753877e-07 2.7765125e-07 1.0869585e-06 2.9865456e-05 5.7555215e-05
0.90873396 0.0745036 0.0113599785 0.0930964 0.008613709 0.12446957 0.2843332 0.0008856179 0.093658395 0.93655235 0.0026943549 0.00032362813 0.1260115 0.03469149 0.03129111 0.10371161 6.0069295e-05 0.038588174 0.95658875 3.183582e-05 0.0123607805 1.1058538e-20 0.01026196 0.01245069 0.016985882 0.0062264972 0.6681821 0.008608983 0.0029876 8.905293e-05 0.0042834776 0.00087256567 0.027145358 0.030984242 0.0010436449 0.0041993763 0.0004652487 0.00023145873 0.40752918 1.3804374e-05 1.466565e-06 0.0010073977 3.240554e-05 0.0006547539 0.00082788855 0.000281217 0.1661749 0.010973564 0.28817013 0.0006696752 0.00024702342 0.086931944 1.2340421e-05 0.0025351683 0.00036623902 0.00034298928 0.11163565 0.00061379554 2.4144074e-05 0.5121271 0.0011786357 0.00017478685 5.3269017e-05 0.025549082 7.630239e-05 1.1229117e-05 0.00053173176 0.07902168 0.006564116 5.633358e-07 0.0031624422 0.00013572387 0.0001591404 1.5670364e-06 1.1087943e-06 1.3668605e-05 4.912357e-06 1.4304677e-06 0.22660246 0.003693892 0.34205616 0.09743346 6.082109e-05 6.0890557e-07 9.572827e-05 0.0008110659 0.03122139 2.7402033e-05 0.0013228833 1.2660588e-07 3.1509273e-05 4.2204655e-07 0.20949797 9.759349e-06 2.73685e-05 2.2418131e-08 8.158169e-08 1.5820137e-07 9.80021e-06 1.3937224e-05 2.6878195e-06
0.061540827 0.18381427 0.47696042 0.1306405 0.35375145 0.67993003 0.16486429 0.012386594 0.016756473 0.05443393 0.7604824 0.0009152829 0.0030210055 0.0029922079 0.3997603 0.0006540633 0.00087026076 0.0013402608 0.0064953035 0.00091333326 0.6175118 0.01026196 6.279364e-23 0.9439076 0.00018771683 0.95036936 0.014425441 0.0020075147 0.0001470558 0.005704627 0.016605806 0.00050247536 0.0011978035 0.00051899994 0.57061976 0.44247973 0.432884 0.3986984 0.00084005017 1.9766501e-05 4.9740146e-07 0.5578135 5.637276e-05 2.0028494e-05 2.2236984e-05 3.0291988e-06 0.00014227755 0.00021155746 0.0029793673 1.5140382e-06 0.21917053 0.0008867631 0.0045686876 0.00024426242 0.014569907 0.065128714 0.0007676806 0.053297885 3.5073365e-06 0.00047248884 0.020643283 7.683814e-07 0.025169255 0.0005903717 1.5585664e-06 0.023263227 0.0078061023 9.754134e-05 0.00052240276 6.931012e-07 4.5048084e-05 6.5510176e-06 3.5516455e-06 3.7396887e-07 2.5292803e-07 0.0045208535 1.8566474e-06 4.6567798e-06 0.0007555954 0.0002659319 0.00077212526 0.00037653014 0.0003566247 2.5953163e-06 7.0468974e-05 0.00025919874 5.1950752e-05 0.00032952902 7.108896e-05 2.7025308e-07 0.0003004227 7.0014727e-07 0.0004317971 0.00030856882 0.00010080842 6.472467e-08 1.472074e-07 4.4049994e-08 3.9301776e-06 9.678697e-05 0.000104610954
0.10991544 0.09482645 0.26799685 0.070074156 0.22896095 0.7276063 0.23617937 0.0038617682 0.007977536 0.078517534 0.60237205 0.0004949754 0.008862568 0.0010754247 0.53934073 0.0010454286 0.0002497113 0.0021283065 0.009551016 0.00033868555 0.78832906 0.01245069 0.9439076 2.811415e-22 0.0003815265 0.9142029 0.0130472295 0.0032884965 0.00033289773 0.0021838746 0.045767356 0.00012491847 0.00033661796 0.0011231422 0.4374116 0.66588813 0.3026458 0.39322203 0.0012606006 1.993277e-06 7.319927e-08 0.5914316 1.1789953e-05 6.485217e-05 2.7184096e-05 4.2292836e-06 0.00028145174 0.00029453053 0.0025872372 4.564088e-06 0.26624113 0.0004939604 0.00443786 0.00011972816 0.010556586 0.094250396 0.0005428703 0.07769556 8.336957e-07 0.000467952 0.050278984 2.1369635e-06 0.025244733 0.00031795484 1.0789858e-05 0.017131157 0.022600202 0.00010921497 0.00029708553 1.4759256e-07 0.00013000087 4.450354e-06 9.057802e-06 2.1118545e-07 9.337042e-08 0.0029956098 3.219624e-06 3.6485205e-06 0.0005527698 0.00034136925 0.00092260673 0.0002647595 0.0007858111 6.513294e-07 0.0003142946 0.00018724712 3.3463934e-05 0.00019289092 5.6182605e-05 1.0651751e-07 0.00018816654 1.5617094e-07 0.0007499852 0.00048457613 6.572999e-05 1.064821e-08 3.6576935e-08 8.3274095e-08 2.301315e-06 7.6863435e-05 8.279016e-05
0.5668494 0.00022965332 0.00024726335 0.0016414438 0.00025632928 0.0035573528 0.1536903 1.5741247e-05 0.0005655927 0.0783928 3.51259e-05 2.0345993e-05 0.79266584 0.00013150669 0.007062156 0.7616368 1.4996835e-06 0.71807134 0.24364099 8.467643e-06 0.0040140664 0.016985882 0.00018771683 0.0003815265 6.985982e-21 0.00013015345 0.0053367466 0.50450873 0.96888316 1.7255074e-05 0.36927766 2.9931924e-05 8.649838e-05 0.77768224 5.0510676e-05 0.05723298 2.1319998e-05 5.8119414e-05 0.20436643 2.1198825e-06 1.5482865e-08 0.00015791206 1.2981384e-07 0.6123076 0.40886238 0.4137541 0.3973144 0.3037864 0.005976591 0.30516118 3.641546e-05 0.00073080836 6.625691e-06 3.2420754e-05 7.884143e-06 0.00028725484 0.0021044433 0.00035915792 2.3185183e-07 0.0481214 0.0023493299 0.063262664 2.1519594e-05 0.00081715046 0.008223897 7.4605346e-06 0.031848412 0.118693374 0.0002844627 9.398305e-07 0.030057617 0.010914382 0.09269916 3.5131728e-07 2.4079412e-07 1.3705237e-06 0.004382873 1.3768934e-06 0.0023299938 0.02781633 0.0036055676 0.0004112309 3.5510817e-05 2.109663e-08 0.02352072 2.4802807e-06 0.019996328 5.085761e-06 1.4694217e-05 7.0007815e-08 1.5341917e-05 9.7521564e-08 0.0074844304 1.1148279e-05 4.4819703e-06 2.6482413e-08 3.4931126e-08 0.00027986188 4.0421783e-06 9.269356e-06 1.4067722e-06
0.046875156 0.1686603 0.47320855 0.14443576 0.36823535 0.5846957 0.13988042 0.00758726 0.019011253 0.059905034 0.8358397 0.0009864356 0.0021474655 0.0027566995 0.28868055 0.00040318968 0.00034905536 0.00038604552 0.0045035915 0.00039393615 0.43514246 0.0062264972 0.95036936 0.9142029 0.00013015345 3.111766e-20 0.01420084 0.00042376755 0.00010653118 0.0039108777 0.006145889 0.00022069481 0.000806749 0.00014740907 0.766814 0.35451844 0.5662317 0.5148477 0.00031460315 5.60714e-06 3.5332522e-07 0.7171476 1.7537535e-05 3.358714e-06 2.5128752e-06 5.600526e-07 0.00013353635 5.3442283e-05 0.0032772073 4.2366852e-07 0.37214777 0.0011761766 0.0035327775 0.00015758333 0.015043019 0.07556846 0.00093916483 0.05763919 4.492789e-06 0.00037200592 0.02035353 7.3715034e-07 0.049078956 0.0007079692 9.939178e-07 0.047662705 0.00413214 0.00015588847 0.00053622806 7.6264183e-07 2.387442e-05 2.7529502e-06 2.0778834e-06 5.5539965e-07 1.6912294e-07 0.008772281 3.1371721e-06 1.1238257e-05 0.0016007652 0.0005298802 0.0015856678 0.0011856627 0.00041521262 1.5633524e-06 5.471949e-05 0.00031931736 0.00027672015 0.0004014619 0.000121710356 1.1283054e-06 0.00020877854 1.2462505e-06 0.0009436804 0.0005534909 6.7870445e-05 6.668493e-08 1.7893497e-07 2.8535252e-08 4.188139e-06 2.7547085e-05 0.00018538625
0.85460067 0.31501412 0.03898112 0.4443346 0.049720652 0.09672571 0.15495515 0.016808938 0.8773646 0.696997 0.020763084 0.011628729 0.01854626 0.5368908 0.0133884465 0.021609548 0.0031692826 0.0068056076 0.16865015 0.00320654 0.0038951735 0.6681821 0.014425441 0.0130472295 0.0053367466 0.01420084 9.9852e-18 0.001301334 0.0016052774 0.0012525554 0.0005569467 0.02344808 0.30580854 0.0044341353 0.008006888 0.00054993806 0.0024558227 0.0053688916 0.08492308 0.00042318055 0.0005503037 0.00094072724 0.0014763454 0.00013719349 4.2207997e-05 1.4314839e-05 0.024097554 0.0035621158 0.9578949 2.0545205e-05 0.00031127114 0.75985616 0.00021002928 0.037297327 0.00045930297 0.0004993274 0.3617859 0.00033143928 0.00085680257 0.1152946 0.00017334316 5.646207e-05 0.00014095429 0.09258809 3.1727555e-05 0.00079168996 0.0011288259 0.02318377 0.055717584 9.824437e-06 0.0005719035 7.67731e-05 6.515301e-05 4.921559e-05 3.413951e-05 0.00068545114 2.8228842e-05 0.00012372881 0.4331046 0.0023381663 0.35922965 0.35057345 0.00010507851 0.00019740325 3.684373e-05 0.004736431 0.013645839 0.0004275776 0.012695059 2.6979262e-05 0.00036784308 6.8984787e-06 0.07464739 0.00012334579 0.00033961996 2.120101e-06 2.6778856e-05 9.011632e-07 3.217465e-05 0.00013864266 6.3058375e-05
0.25004235 0.0012873316 0.0033299113 0.0016469005 0.00011261114 0.08276597 0.5695976 7.852125e-06 0.000110391346 0.030590404 0.000101303005 2.6457512e-05 0.5042105 3.841827e-06 0.13114406 0.25118542 2.6078656e-06 0.9508285 0.047857158 1.4574033e-06 0.046855554 0.008608983 0.0020075147 0.0032884965 0.50450873 0.00042376755 0.001301334 1.0695348e-20 0.5205347 2.7641167e-05 0.9644999 4.3492482e-06 8.0059743e-07 0.0776365 0.00053741323 0.17862695 0.00018319795 3.55344e-05 0.0372119 1.0721606e-05 2.1287132e-08 0.0020038134 9.003025e-07 0.10580055 0.6862809 0.4872299 0.03587019 0.038054775 0.00095455424 0.1785884 0.0015259947 1.5563806e-05 6.9876546e-06 1.8827961e-06 7.865649e-05 0.0051207193 0.00049533194 0.0102656605 5.872683e-07 0.0042258333 0.03426663 0.014000797 0.00020533678 4.7761976e-05 0.002443195 2.0882782e-05 0.13152808 0.0075241243 1.7274535e-05 3.5440783e-07 0.009184552 0.0028457923 0.112556554 1.1841657e-06 3.5639195e-07 1.9194433e-05 0.00096945453 7.1650203e-07 0.00055364775 0.008176763 0.00080822245 0.000100463585 0.0008777306 4.78142e-07 0.04587053 5.1331435e-06 0.00216561 2.6166312e-05 3.06131e-06 2.1052308e-07 4.0473606e-05 2.6700647e-07 0.0012322117 1.09679395e-05 1.0631394e-05 9.268087e-09 9.341264e-08 4.8987727e-05 5.07009e-06 1.8244431e-05 2.6106777e-06
0.24029797 4.3739325e-05 0.00011298042 0.0001434851 7.0604525e-05 0.0018018194 0.05018569 3.1290956e-06 8.596746e-05 0.009498047 1.1034119e-05 1.475588e-05 0.55829966 1.9004108e-05 0.0035898073 0.58493 1.4296468e-06 0.73791885 0.04153721 1.2855066e-06 0.0025096794 0.0029876 0.0001470558 0.00033289773 0.96888316 0.00010653118 0.0016052774 0.5205347 1.778694e-20 2.0763164e-06 0.28665268 1.9685185e-06 1.5885298e-05 0.5743221 1.7440865e-05 0.026093261 1.04832225e-05 7.7162695e-06 0.05375124 6.573117e-07 1.9313699e-08 7.990909e-05 4.4188504e-08 0.8334502 0.50587344 0.67743343 0.1312591 0.16826488 0.0018050986 0.66200197 9.875341e-06 0.0002194086 1.2782778e-06 8.074328e-06 5.542095e-06 0.00016884874 0.0008238701 0.00046827702 5.7971587e-08 0.008972092 0.0011629462 0.30819076 3.5546816e-06 0.00038949505 0.018990366 1.056296e-06 0.02319461 0.039849136 0.0001050191 7.285922e-07 0.025211869 0.031054135 0.122821204 4.1969855e-07 1.757938e-07 5.9891795e-07 0.015653934 7.3961644e-07 0.0009461477 0.016491788 0.0018620114 9.0687914e-05 6.179315e-05 6.8647155e-09 0.014053463 7.507587e-07 0.007062328 6.239711e-07 8.28067e-06 1.4908488e-07 2.2436357e-06 3.6105735e-08 0.0023806281 4.0614364e-06 9.454238e-07 7.800508e-09 8.95294e-08 0.0012430379 5.63382e-07 1.5384309e-06 4.864114e-07
0.04320807 0.016993709 0.024649687 0.023516204 0.63901067 0.006038725 0.002090267 0.61150473 0.0027527274 0.000594062 0.054175947 0.18813069 0.00010530934 0.009706189 0.0023022844 3.0833624e-05 0.115489185 1.9396884e-05 0.00014444436 0.9668066 0.0011223716 8.905293e-05 0.005704627 0.0021838746 1.7255074e-05 0.0039108777 0.0012525554 2.7641167e-05 2.0763164e-06 1.6663245e-22 1.0997737e-05 0.016438995 0.002943695 3.5465043e-06 0.02595772 0.00092320965 0.006430317 0.1474571 1.1685892e-05 0.09571605 0.064264 0.004840159 0.02918707 4.42274e-07 6.0173414e-07 2.7094e-07 9.925656e-06 2.4093135e-06 0.00019048173 3.057091e-08 0.0011337525 0.0004125942 0.87422436 0.0024539998 0.25202662 0.0015583131 9.06293e-05 0.0014239121 0.012236386 1.0406612e-05 0.0002721241 4.076413e-07 0.0011477537 0.0005894719 2.1050442e-05 0.018285872 2.9759778e-05 5.867284e-06 0.0013780679 0.0059339586 1.8270226e-06 7.042775e-06 3.417665e-05 0.024274718 0.0074967067 0.14606036 2.491637e-06 0.36448845 0.00016820538 4.0641935e-05 2.219025e-05 0.0005680699 2.2210703e-05 0.00063395896 3.0174335e-05 0.0032057485 3.203268e-05 0.2054072 0.003095478 0.000107092754 0.09588521 0.00016121958 2.7190745e-06 1.7378883e-05 0.06571644 0.00070439174 0.00033597712 1.2173693e-06 0.032880023 0.0184981 6.634396e-05
0.19605641 0.001828338 0.006702186 0.0013984856 0.00078231463 0.12303577 0.43096212 3.100725e-05 1.1308546e-05 0.018953912 0.001624131 0.00025573277 0.37641808 2.5433594e-06 0.66322315 0.17738585 9.098995e-06 0.52848387 0.038253974 2.0489233e-06 0.48533013 0.0042834776 0.016605806 0.045767356 0.36927766 0.006145889 0.0005569467 0.9644999 0.28665268 1.0997737e-05 2.095639e-19 2.2314491e-06 5.436936e-07 0.043492142 0.002532461 0.8299089 0.00074825063 0.00062547275 0.02177821 7.717851e-06 3.6366576e-08 0.0065621417 8.476079e-06 0.044379264 0.5176685 0.2150537 0.0147345485 0.025313621 0.0003620817 0.06531464 0.0026403207 8.454168e-06 1.4910323e-05 1.6608203e-06 0.0003859134 0.011294909 0.0005922936 0.03624154 3.6413949e-06 0.0017623026 0.12478272 0.017424572 0.00028575014 2.1089985e-05 0.0055305716 1.8882418e-05 0.3635408 0.0036311338 2.5561133e-06 2.9927112e-06 0.015606228 0.0071463026 0.51349133 2.3938986e-07 2.0942073e-07 4.518958e-06 0.002463823 2.289438e-05 0.00044767934 0.0109943105 0.0007467002 0.00026194815 0.0030991866 1.2431741e-05 0.2706879 1.0341336e-05 0.0022434006 1.9193169e-05 1.0490653e-05 1.2716876e-06 3.7784415e-05 1.5744677e-06 0.0011687794 9.17385e-06 1.0581002e-05 1.7745368e-08 1.328093e-07 0.00013789276 5.7128746e-06 2.00804e-05 4.2764404e-06
