1.0855404e-28 8.569173e-06 0.0002517255 0.006657092 6.829901e-08 2.4190238e-05 0.007915141 0.030137943 1.8253777e-05 0.21142898 7.3068354e-06 0.01521561 0.004759224 0.059411444 0.106912896 0.08732642 0.16293259 3.6248136e-07 0.08482904 3.076146e-07 0.13857958 0.31636518 0.5608458 0.3971556 0.6851279 0.7153577 0.6078791 0.0058765267 0.039093994 0.7753885 0.8252386 0.18871622 0.19957498 0.7533964 0.74131215 0.66646004 0.74529475 0.8858641 0.010509269 0.00031277054 0.6873326 0.39424688 0.30713868 0.8986657 0.5809242 0.9272716 0.92081976 0.44737232 0.7705811 0.0016862403 0.81468916 0.3237588 0.42184588 0.9350895 0.8855535 0.9294818 0.710709 0.96731204 0.025946962 1.5869973e-07 0.56393987 0.86466396 0.000782727 0.8775813 0.7415468 0.9696656 0.9323951 0.1909493 4.1648764e-05 0.5462618 0.99777925 0.9835449 0.25493804 0.72365755 6.5224404e-10 0.73358864 0.99737984 0.42572334 0.99978834 2.8249724e-06 0.9926087 2.5573177e-08 0.009318163 0.046133023 0.102155305 0.14290765 0.9995888 0.21450208 0.513943 0.77915746 0.018466411 2.9953096e-08 0.8814244 7.5288935e-06 0.0046082283 0.9930853 0.9999087 0.025185518 0.9908691 0.99966204 0.00964136
8.569173e-06 8.386909e-20 0.8906172 0.3544774 0.23234372 0.037487898 0.065583915 0.05780142 0.011096121 0.032137323 0.0035309738 0.0016216615 0.0021699795 0.001165383 0.00034369098 7.5804615e-05 0.00059169484 8.972014e-05 0.0019598952 1.6009689e-07 1.7570388e-06 2.6563117e-05 4.9645537e-06 0.00013712718 4.2307824e-05 9.895793e-05 5.3336424e-07 1.2794682e-06 2.0008828e-07 1.4826995e-06 1.6370273e-05 8.1293505e-09 2.2428823e-08 6.1707134e-08 1.492018e-07 1.2465547e-06 3.3297063e-05 1.1466083e-06 5.871815e-09 1.4346311e-09 0.00044237042 3.4848745e-06 1.1378545e-06 1.7246632e-07 6.9760246e-09 4.4786372e-08 1.2193813e-07 2.1792785e-05 1.5599428e-05 9.054981e-09 3.0371505e-06 1.2569911e-09 4.9132654e-10 6.6486274e-07 1.6368611e-08 1.9186917e-08 3.8103795e-07 0.0033696226 1.07977565e-08 2.0974364e-06 4.796585e-10 3.9210647e-08 2.8070518e-08 2.6050518e-08 6.514606e-05 3.474665e-05 9.596479e-06 1.2505529e-10 4.9937734e-07 4.0694057e-09 4.6323385e-06 5.266328e-07 1.090619e-09 9.073705e-09 3.532489e-08 7.646507e-10 1.2519683e-06 3.0117266e-09 9.116271e-06 4.879416e-08 1.8894639e-08 5.8954146e-07 3.2638587e-09 2.280258e-09 5.149418e-11 4.3367244e-11 4.379538e-05 8.067287e-09 8.0697776e-10 3.5404634e-07 3.0528866e-10 1.476065e-07 2.2298767e-08 1.2567257e-08 3.5208567e-09 8.05722e-08 6.6693836e-08 2.708543e-10 5.404081e-12 1.3299762e-09 2.1405101e-10
0.0002517255 0.8906172 3.7646068e-19 0.123059206 0.0037431144 0.009803173 0.011523784 0.4391417 0.003227882 0.3866682 0.0002660524 0.005610853 0.003115102 0.04078652 0.004930229 0.0011687231 0.0075251544 1.3615317e-05 0.06969988 5.7999564e-08 3.0513866e-05 0.0011220234 0.00018692491 0.011814261 0.002225745 0.0072691413 1.3240362e-05 2.0985808e-06 3.7417062e-06 0.001483878 0.004246736 1.6584555e-06 1.7006189e-06 4.8840952e-06 4.3938286e-05 0.0006130788 0.010600856 0.00033074684 6.963334e-08 2.5545193e-08 0.016738929 0.0031842396 0.0015986415 1.8598168e-05 2.1403348e-06 1.6342485e-06 5.499013e-06 0.00015924728 0.0040270356 1.3212912e-07 7.751846e-05 1.4639267e-08 8.325214e-07 7.74534e-06 1.8440964e-05 2.4833482e-06 9.728567e-05 0.01552297 1.0596977e-07 1.6137386e-06 3.202573e-06 8.220783e-06 1.466658e-07 1.715509e-06 0.0006501423 0.00013814864 0.00013638247 1.8260766e-06 3.4207378e-06 1.5989464e-06 1.6885639e-05 3.1074314e-06 2.725192e-07 8.3255045e-06 2.7345733e-08 1.1173767e-06 1.7248524e-07 1.4640545e-07 7.316804e-05 5.3527003e-07 1.1979758e-08 6.492509e-08 4.5524555e-08 3.5513932e-07 1.3297361e-08 1.16379635e-08 6.0509487e-05 6.422505e-07 1.1620712e-07 4.3300053e-05 1.3591588e-07 2.9097505e-08 6.596903e-06 3.990354e-09 5.8023716e-07 1.3540807e-05 3.7500225e-08 1.2605902e-07 1.518471e-07 1.9419195e-08 2.0275358e-08
0.006657092 0.3544774 0.123059206 2.70203e-15 0.0028164415 0.007881137 0.98687285 0.6437553 0.00026580133 0.0977551 9.198183e-05 0.0010483302 1.1938604e-05 0.0006092464 0.0008032911 0.00017622713 0.0018221644 0.00015048514 0.050098274 4.795684e-06 8.9598e-06 9.1258444e-05 2.7526812e-05 0.00819686 0.00027622047 0.001354728 5.019198e-05 4.069218e-06 0.00016687652 0.00022909313 0.0011207262 3.6999063e-06 4.0158677e-05 3.9723454e-05 2.8163848e-05 0.00017142057 0.020637538 0.0008974081 0.00015548016 4.528048e-06 0.05267915 0.0014769692 0.0010337239 0.00019662295 1.366712e-05 4.408414e-05 0.00015105843 0.00059781095 0.0060435534 1.0024801e-05 0.0008584253 1.2015623e-05 5.339712e-06 9.152978e-05 6.539108e-06 2.0278194e-05 0.00086065737 0.02072814 1.8351226e-05 7.15342e-05 3.180585e-06 3.7283025e-06 1.29242535e-05 2.382772e-05 0.0010686194 0.00056446594 0.00069251785 6.0619427e-06 2.6274662e-05 2.852765e-05 0.000105261046 2.4472747e-05 1.1578621e-05 8.1766026e-05 2.5376416e-06 1.5364669e-05 3.6552894e-05 2.07538e-06 0.0012553268 2.4856536e-06 4.2227866e-06 5.5887485e-06 8.6769005e-06 2.7568885e-06 3.8520315e-07 3.0367087e-07 0.00065707025 2.6500364e-05 2.87667e-05 9.307415e-05 1.5607996e-07 1.2102203e-06 2.0635454e-05 1.8106145e-07 1.5856002e-06 8.0590995e-05 7.947312e-06 2.8384306e-07 9.5121585e-08 6.1614637e-06 3.7686885e-07
6.829901e-08 0.23234372 0.0037431144 0.0028164415 1.4227172e-17 0.6754018 9.431989e-06 0.003121467 0.22547457 0.007931039 0.37611637 0.053259492 0.29189283 0.028330242 0.002582531 0.005680582 0.0019995174 0.18910615 6.274692e-05 0.012898268 0.019533116 0.0017066183 0.0013490076 3.2293738e-05 0.001101985 0.0005199107 0.0024462962 0.0052080653 0.0004199584 0.0002749403 7.515934e-05 1.3190666e-05 2.8951536e-05 4.0584186e-05 3.0601932e-05 2.6590644e-05 2.9249763e-05 1.1209014e-05 2.17768e-06 5.0767596e-07 1.3997793e-05 7.242466e-05 5.062724e-05 1.9495434e-05 2.946943e-06 1.3727744e-05 2.253558e-06 4.2703905e-05 3.7364182e-06 6.1084093e-06 9.368556e-06 3.4489003e-07 1.5512973e-06 9.469492e-06 9.0923595e-06 3.1977022e-06 1.639819e-06 0.000103493716 1.9811255e-06 0.00012893176 4.2975094e-07 2.2477134e-06 1.3052648e-06 5.940058e-06 3.3032727e-06 1.5388514e-05 3.1073812e-06 6.3948036e-08 2.490702e-05 5.40676e-07 1.1519168e-05 2.3855731e-05 2.3534513e-07 1.9208503e-06 1.7043892e-06 1.0045334e-06 0.00013012081 6.137726e-07 6.6854736e-05 1.0741051e-05 1.1751674e-05 5.7069636e-05 2.55188e-06 6.5525575e-07 4.7037435e-08 9.041006e-08 0.00022049349 1.3998077e-06 2.1283468e-07 2.9022609e-05 1.515248e-07 2.333456e-05 6.715215e-06 1.0278815e-06 2.8340975e-07 7.674544e-05 5.9464237e-06 2.5249884e-07 4.0047226e-07 6.2773697e-06 1.366054e-07
2.4190238e-05 0.037487898 0.009803173 0.007881137 0.6754018 5.334854e-18 0.00010550697 0.05707622 0.5203397 0.27710322 0.39331964 0.29077655 0.71109205 0.3903008 0.0983983 0.137446 0.06748479 0.007566316 0.0045620548 0.0026834987 0.19098787 0.066296875 0.052700907 0.0020572785 0.034861285 0.034940504 0.01907839 0.0065946924 0.0029959525 0.016532945 0.009603534 0.00030419946 0.000113987146 0.0020820452 0.00036525907 0.00051253533 0.0009995747 0.0003975527 2.6122876e-07 1.2161705e-08 0.00015851922 0.00012015791 4.461511e-05 6.118131e-05 3.2017547e-06 1.1798748e-05 1.1868402e-05 4.7459172e-05 5.0645347e-05 8.477961e-08 1.7140872e-05 2.420616e-07 3.972006e-06 1.8702718e-05 4.389758e-05 1.1968625e-06 6.473504e-06 0.00056092476 3.011115e-07 1.2552842e-05 6.8333446e-07 1.5681764e-05 7.7421305e-07 2.1927888e-06 6.7088615e-05 7.256396e-05 2.385912e-05 5.522041e-08 7.919591e-06 6.763076e-08 7.007492e-05 5.5991673e-06 6.708615e-08 2.216727e-06 4.196695e-08 2.547917e-07 0.0003290862 2.1694483e-08 0.001280153 6.637838e-07 4.8908767e-08 3.2633532e-06 4.058223e-08 4.4485077e-08 6.1675447e-09 1.5449237e-08 0.016429044 1.003535e-07 1.4021185e-07 6.2367127e-07 3.4393373e-08 1.3390961e-06 3.5133235e-07 1.32615465e-08 5.8996807e-08 1.3633221e-05 1.6885284e-05 1.2158395e-07 2.8479029e-08 1.0210213e-06 8.242111e-08
0.007915141 0.065583915 0.011523784 0.98687285 9.431989e-06 0.00010550697 3.6597144e-17 0.40920272 1.7426705e-06 0.0047284 1.212058e-06 2.6857235e-06 1.3746384e-07 4.2055376e-06 1.3449482e-05 1.2665112e-06 3.459284e-05 1.6723416e-06 0.16449726 4.6909673e-08 1.13764884e-07 1.3943505e-06 1.0603937e-06 0.06416781 9.303142e-06 0.00010934514 1.7014657e-06 2.5429202e-08 4.0953773e-07 1.9268637e-05 0.0001520515 9.7070426e-08 5.185116e-07 2.443004e-06 1.7076578e-06 7.109899e-05 0.085696444 5.1375926e-05 4.8305395e-07 2.4398744e-08 0.68128765 0.004791929 0.002379576 2.8918573e-06 1.395764e-07 9.530333e-07 1.1708571e-05 0.0011761221 0.13045329 5.075135e-08 0.00087610784 6.321218e-08 3.347646e-08 6.957055e-06 3.6150337e-07 4.6207455e-07 0.00073492643 0.37493291 1.6486997e-07 2.7057465e-07 1.8272594e-08 3.5314363e-07 1.2240534e-07 1.5991118e-07 0.0009924687 0.0009969476 0.00045745424 1.889763e-08 1.8685984e-08 6.3504984e-08 7.677538e-05 8.2872066e-07 9.592941e-09 3.598805e-07 8.300621e-09 3.2419525e-08 1.10952044e-07 2.5198752e-08 0.00063073443 7.736912e-09 3.665271e-08 3.7234663e-08 2.2073099e-08 8.883217e-08 1.7583e-09 1.9100224e-09 5.872442e-05 2.7480267e-08 2.205887e-08 2.2085997e-07 9.293613e-09 1.3828915e-08 3.8048342e-09 1.6529644e-09 1.5714473e-07 6.092669e-09 6.5795994e-08 2.3880007e-08 1.8138843e-11 1.3075402e-09 8.081996e-09
0.030137943 0.05780142 0.4391417 0.6437553 0.003121467 0.05707622 0.40920272 1.9293582e-17 0.0065996535 0.95913446 0.00046616234 0.059049353 0.0015644815 0.113771066 0.18275411 0.025120912 0.27353108 3.9602073e-05 0.9576057 4.4209883e-06 0.00028360862 0.013158435 0.0046911063 0.30824333 0.026365893 0.1168947 0.001584558 1.9039211e-05 0.00035560687 0.015028034 0.10639378 7.6978606e-05 0.00018934254 0.00065469585 0.00096935604 0.0034527152 0.24728917 0.014241426 7.355438e-05 2.4799756e-06 0.1628357 0.06811376 0.04959837 0.0011506235 1.20581435e-05 4.610265e-05 0.00337827 0.008464257 0.045809846 8.9974117e-07 0.0057084057 8.482454e-07 6.158362e-06 0.00094863644 7.2243743e-06 1.4439761e-05 0.004588422 0.027465418 3.6023262e-06 1.899696e-06 7.04758e-06 2.8996548e-05 1.9581277e-05 5.1253195e-05 0.0013968148 0.0012623745 0.00077114697 4.0216963e-07 2.8511004e-05 3.9815445e-06 0.0004543016 3.395793e-05 1.4949628e-06 1.6003864e-06 1.6427106e-07 1.9198713e-07 1.0433801e-05 1.5294759e-07 0.00026638043 8.665159e-06 1.869535e-07 5.036385e-06 5.2741086e-07 5.6866986e-07 1.04637286e-08 4.8324558e-09 0.0003433624 1.9318978e-07 1.5493374e-07 6.6646905e-08 5.6154775e-08 3.5123774e-06 1.7360867e-08 1.5371704e-07 1.0033318e-06 1.973623e-07 1.4830813e-06 4.6001765e-07 2.9458079e-08 1.380721e-06 1.9822886e-07
1.8253777e-05 0.011096121 0.003227882 0.00026580133 0.22547457 0.5203397 1.7426705e-06 0.0065996535 2.413908e-18 0.075252295 0.69388723 0.28677312 0.75603163 0.28091392 0.04910835 0.10242328 0.028382309 0.06422356 0.0015795385 0.028742522 0.37993973 0.053538624 0.05116208 0.00024009991 0.026062708 0.016892962 0.0834662 0.019701704 0.012667438 0.018306969 0.0044373204 0.0010432494 0.0013434248 0.0043239524 0.0017287284 0.0017954052 0.00032319297 0.0014635444 3.8805596e-05 4.7485472e-07 5.232162e-05 0.00012799466 3.736399e-05 0.00039834515 8.724616e-05 0.00023357548 3.1328207e-05 3.947323e-05 5.682557e-05 6.7371496e-07 1.5772128e-05 4.3605405e-06 4.6864847e-05 8.673082e-05 0.00041769567 2.9117537e-05 1.852946e-05 0.0005569738 2.2716767e-06 6.0455728e-05 3.027811e-05 7.8146266e-05 9.813985e-06 4.68304e-05 9.775897e-05 0.0001049357 4.360297e-05 1.4056324e-06 1.5211423e-05 1.1656804e-06 0.00013091993 0.00013108896 3.4846497e-07 1.2428054e-05 9.179494e-08 2.2438542e-06 0.0010709359 1.9169731e-07 0.00084932934 2.8637348e-06 1.0992924e-05 4.587833e-06 6.709335e-07 1.3510288e-07 6.583864e-09 3.3670037e-08 0.0090258885 3.0603363e-07 2.1313876e-07 1.56749e-05 9.377001e-08 1.6017439e-06 1.4887334e-05 4.4176875e-08 1.2957402e-07 0.000109102235 5.1388517e-05 1.2303897e-07 1.2338985e-07 5.0018905e-05 9.698474e-08
0.21142898 0.032137323 0.3866682 0.0977551 0.007931039 0.27710322 0.0047284 0.95913446 0.075252295 1.6789002e-15 0.014300909 0.5069615 0.09010419 0.80481744 0.9084349 0.47491404 0.9378283 0.0014329051 0.59675574 0.00021140823 0.050467104 0.3019933 0.09822498 0.21238178 0.2762348 0.52109164 0.0033392624 0.002004925 0.00078797835 0.11189164 0.14498971 4.7852336e-05 4.3405154e-05 0.002232187 0.0035090845 0.01148529 0.21217492 0.02237834 3.3208235e-05 1.1406402e-06 0.042908434 0.11934729 0.07233097 0.0030743557 1.6624694e-05 5.2266758e-05 0.0062985113 0.021484746 0.008339478 9.305299e-06 0.01137169 2.963502e-07 1.2651457e-06 0.0007782194 4.0055405e-05 1.36511235e-05 0.0059662913 0.014773953 9.164703e-06 5.6453805e-06 8.071067e-07 2.8407381e-05 6.4348865e-06 3.9289127e-05 0.0020324127 0.0017124452 0.0012243927 4.681671e-08 1.6381831e-05 4.4708855e-07 0.00069078896 6.53481e-05 5.129441e-07 1.3872849e-06 4.2222666e-08 1.1805153e-07 4.700867e-05 8.4782684e-08 0.00023837073 8.084891e-06 7.0836995e-07 9.640564e-06 3.2304472e-06 2.0157646e-07 4.3871795e-09 9.856592e-09 0.010181237 1.8612859e-07 1.0733184e-07 9.598272e-08 2.2896117e-08 2.0050825e-06 2.1117446e-08 5.7457726e-08 1.5195944e-06 6.939729e-07 6.5805593e-06 2.8580752e-07 1.3664831e-08 5.6484635e-07 3.0589706e-07
7.3068354e-06 0.0035309738 0.0002660524 9.198183e-05 0.37611637 0.39331964 1.212058e-06 0.00046616234 0.69388723 0.014300909 6.225221e-16 0.17094752 0.739608 0.11210146 0.015599183 0.04528984 0.005701747 0.2151366 0.0002681744 0.14223866 0.32967103 0.018287303 0.025718102 0.00022257447 0.009941396 0.0070504877 0.046747927 0.041964315 0.009152707 0.0076155397 0.0021876215 0.0004735049 0.00075266865 0.0048896205 0.0012579063 0.0015517229 0.00042369543 0.0010099247 2.4808163e-05 1.8504552e-06 2.1651917e-05 6.081373e-05 3.5380235e-05 0.0003604572 0.00020897773 0.0006120729 1.989977e-05 2.3357446e-05 4.700997e-05 1.8174749e-06 3.98989e-05 4.5416928e-06 7.218917e-05 6.809009e-05 0.0006706655 0.00012037732 4.06974e-05 0.0007787781 7.929892e-06 0.00075634406 3.976139e-05 0.000102624785 9.87793e-06 9.432705e-05 0.00010704427 7.9703e-05 5.7417496e-05 4.8156894e-06 2.257237e-05 8.545417e-06 0.000100877674 0.0001878094 2.069439e-06 6.404505e-05 4.054053e-06 9.559593e-06 0.0009400232 1.2201129e-05 0.00044605648 8.85838e-06 8.8880945e-05 0.00011182807 3.2764005e-06 2.5550821e-06 3.7252153e-07 1.7313201e-06 0.005161118 1.641018e-05 2.7732851e-06 0.00036539946 6.778861e-07 4.1474086e-05 0.000106012485 5.4284595e-07 2.1337987e-06 0.0003359712 2.4441002e-05 1.3295764e-06 1.5384127e-05 0.00016314114 5.789918e-07
0.01521561 0.0016216615 0.005610853 0.0010483302 0.053259492 0.29077655 2.6857235e-06 0.059049353 0.28677312 0.5069615 0.17094752 2.9314693e-16 0.9048704 0.8278454 0.5550676 0.6597764 0.3944002 0.010838414 0.014232858 0.0019070078 0.54980844 0.5502805 0.4152232 0.0058186916 0.3584129 0.30615568 0.08553908 0.004684698 0.0030508863 0.10525988 0.068252906 0.0021320272 0.0028951205 0.00976706 0.0062091765 0.0080827875 0.0015906538 0.0069021187 4.1517105e-05 8.366634e-07 0.00016845581 0.0012403274 0.00057311746 0.0011575426 4.437989e-05 0.00011600124 0.00096989656 0.00049117947 0.00022398797 2.5609786e-06 0.00011843037 2.4052683e-06 2.4483147e-06 0.00025045327 6.0907347e-05 2.121014e-05 2.6950023e-05 0.00071712246 1.0034394e-05 4.807045e-06 3.1186923e-06 3.5928828e-05 1.5759559e-05 4.2827116e-05 8.597951e-05 0.00014608516 6.6073524e-05 2.1548097e-07 6.268029e-05 1.8961114e-07 0.00016627919 3.441305e-05 2.2313245e-07 3.977389e-06 3.999606e-08 1.7431782e-07 4.995974e-05 1.6784651e-07 0.00016088015 7.640495e-06 2.90688e-06 3.268645e-06 6.713207e-07 8.113818e-08 6.6534858e-09 6.129969e-09 0.0027385852 1.15759704e-07 3.1316898e-08 3.1199265e-06 3.6544368e-08 1.6779154e-06 8.125762e-07 1.2160732e-08 3.692125e-07 5.271632e-06 2.2663029e-05 6.319157e-08 1.5057908e-07 2.1678354e-06 4.9425292e-08
0.004759224 0.0021699795 0.003115102 1.1938604e-05 0.29189283 0.71109205 1.3746384e-07 0.0015644815 0.75603163 0.09010419 0.739608 0.9048704 7.753233e-17 0.60410213 0.22004253 0.4297801 0.07476038 0.14039403 0.001122451 0.08086636 0.7876407 0.2554798 0.22400165 0.0005067528 0.12270901 0.04343893 0.116054714 0.071770884 0.015898773 0.03682277 0.011882725 0.0015149129 0.002367491 0.010686271 0.003676183 0.0024553414 0.00018142452 0.001905933 0.0001203143 1.188941e-06 4.4742787e-06 0.00025879688 0.00014189543 0.00053838687 0.00056830316 0.0005710391 1.9968304e-05 8.237495e-05 3.2402048e-05 1.0187684e-06 4.275007e-05 1.3556636e-05 7.59547e-05 6.2419735e-05 4.7005396e-05 7.028192e-05 1.9499525e-05 0.00016657489 7.4748004e-06 2.3962695e-05 3.2485932e-05 1.4365945e-05 2.0053993e-05 1.565957e-05 7.7913646e-05 5.231224e-05 6.186396e-05 1.5707888e-06 9.038076e-06 5.8947153e-06 3.1953958e-05 1.597554e-05 5.296632e-06 3.5099783e-05 2.1339422e-07 4.47076e-06 4.3258493e-05 1.8139399e-07 0.00012293407 7.166708e-07 1.2098972e-06 6.986735e-06 1.9022505e-06 4.1472427e-07 1.2722794e-08 1.4865576e-08 0.0011630548 1.8551506e-07 4.03225e-07 1.3565163e-06 4.6212715e-08 4.478347e-06 2.0250566e-06 3.329841e-08 1.5941441e-06 1.1192062e-05 7.61332e-06 9.963111e-07 4.881082e-08 6.768916e-06 2.07472e-07
0.059411444 0.001165383 0.04078652 0.0006092464 0.028330242 0.3903008 4.2055376e-06 0.113771066 0.28091392 0.80481744 0.11210146 0.8278454 0.60410213 8.9164644e-17 0.83476704 0.9573494 0.5308732 0.004916069 0.049123827 0.0015903056 0.39108783 0.6151784 0.37672606 0.010146231 0.41203824 0.4183056 0.038536556 0.0021984938 0.0033313197 0.1114889 0.086507626 0.0002080983 0.00049422355 0.019079516 0.012492843 0.024852587 0.009652179 0.023719784 4.586221e-05 8.7957443e-07 0.0013743726 0.010985877 0.006409305 0.0049450886 0.00014116548 9.340912e-05 0.0031864054 0.0026967663 0.0009860797 1.039128e-05 0.0025832308 1.6630265e-06 7.3824262e-06 0.0010011889 0.0001602236 1.8515188e-05 0.00041293312 0.0016367544 6.4518094e-06 2.6976804e-06 4.245205e-06 7.892806e-05 5.01073e-06 0.00013393184 0.00014892794 0.00045978854 8.058777e-05 1.2740146e-06 1.7573464e-05 3.1764203e-06 0.00071509613 0.00030584764 1.4878881e-06 2.1565827e-06 1.5261996e-08 5.3819633e-07 0.0005288281 4.582439e-07 0.00080680207 3.5462404e-06 8.617299e-05 1.0982069e-05 4.474215e-06 1.0347012e-06 1.9458831e-08 4.1215173e-08 0.012199083 6.3005535e-07 3.09761e-07 1.8338724e-06 8.2988045e-08 5.6777463e-07 2.9854039e-07 3.8208864e-08 2.381158e-06 4.274019e-06 6.32881e-05 3.983369e-07 7.8682184e-08 1.8615274e-05 4.156115e-07
0.106912896 0.00034369098 0.004930229 0.0008032911 0.002582531 0.0983983 1.3449482e-05 0.18275411 0.04910835 0.9084349 0.015599183 0.5550676 0.22004253 0.83476704 1.6294183e-17 0.7763508 0.95341855 0.0011778007 0.14380684 0.00043581793 0.25256833 0.7401021 0.4350194 0.048333623 0.6070356 0.6910404 0.030270591 0.0020763979 0.00246998 0.30584198 0.3078583 0.00023388487 0.0005686428 0.02122508 0.028579438 0.06921298 0.06863621 0.08941875 0.00020463459 1.1599227e-06 0.0068456926 0.07357657 0.059712727 0.012810585 0.00024218202 0.00037072616 0.016287595 0.016497701 0.0032255126 1.10714545e-05 0.013210686 2.4321037e-06 3.1263975e-05 0.0069543687 0.0006269685 2.994386e-05 0.0032095904 0.006363131 2.922294e-05 1.1537792e-05 9.567054e-06 0.0007144697 1.7067649e-05 0.00077798526 0.0012697161 0.001839205 0.0009451927 1.3448462e-06 5.2507818e-05 2.1438016e-06 0.0024534534 0.0008493225 2.1696865e-06 5.5517116e-06 4.5513e-08 2.2274583e-06 0.0012260596 3.065919e-07 0.003430135 2.3995579e-05 0.00010815599 1.2738355e-05 5.228698e-06 1.4483128e-06 6.861051e-09 3.7030052e-08 0.045441214 1.3882616e-06 4.1318228e-07 4.372329e-06 1.2989433e-07 1.4693522e-06 3.8509367e-07 5.4278615e-08 5.210971e-06 3.4997652e-06 0.0002304148 8.93056e-07 3.070832e-07 4.3977023e-05 4.40952e-07
0.08732642 7.5804615e-05 0.0011687231 0.00017622713 0.005680582 0.137446 1.2665112e-06 0.025120912 0.10242328 0.47491404 0.04528984 0.6597764 0.4297801 0.9573494 0.7763508 9.6197855e-20 0.43943566 0.0040407097 0.03288761 0.0020350195 0.5246333 0.8582942 0.6275376 0.008232025 0.5926384 0.44577858 0.09453919 0.009333789 0.009143185 0.2203376 0.13396306 0.00081996457 0.0016429019 0.04225011 0.030443028 0.06241951 0.011692745 0.046903573 0.00019823825 2.3800046e-06 0.0018512909 0.009084253 0.009337492 0.008937574 0.0013049225 0.0011726223 0.005956518 0.0034153776 0.0010640909 5.7817597e-06 0.0035940702 5.6321087e-06 8.616396e-05 0.0033116792 0.00069773867 8.8538996e-05 0.0012496287 0.003946098 9.22535e-06 1.1409726e-05 2.2097289e-05 0.00036262264 4.056996e-06 0.00064386777 0.0008781731 0.00074516935 0.00022579165 5.416264e-06 9.700409e-06 6.7211545e-06 0.0009350819 0.0005060528 1.2432067e-06 1.1284565e-05 2.998745e-08 4.2468e-06 0.0011519449 8.626722e-07 0.0012955649 3.83923e-06 8.015219e-05 5.694804e-06 4.0431573e-06 4.5308877e-07 1.3195692e-08 3.331175e-08 0.005502266 2.603095e-06 5.5523236e-07 5.286529e-06 7.9235946e-08 5.047239e-07 8.753719e-07 1.893815e-08 3.3668148e-06 2.0254874e-06 5.907871e-05 7.8880714e-07 1.4232374e-07 1.9825571e-05 4.8922277e-07
0.16293259 0.00059169484 0.0075251544 0.0018221644 0.0019995174 0.06748479 3.459284e-05 0.27353108 0.028382309 0.9378283 0.005701747 0.3944002 0.07476038 0.5308732 0.95341855 0.43943566 1.172444e-18 0.0012091055 0.2160927 0.00040069615 0.10170012 0.618801 0.23907368 0.063755624 0.641208 0.77086323 0.02324304 0.0018418318 0.002992543 0.27063838 0.4239758 0.00022510641 0.00026792794 0.012326608 0.020421175 0.04236113 0.09561424 0.072190054 0.00020671847 4.53054e-06 0.017310396 0.110248476 0.0708364 0.008774403 0.0002549596 0.00011440873 0.020475535 0.021920485 0.0035212755 1.9779756e-05 0.018153897 1.4384747e-06 1.6819793e-05 0.005123289 0.00030997096 1.0690597e-05 0.0045437636 0.007249916 6.155694e-05 1.0529985e-05 5.4003413e-06 0.00070600986 4.3813176e-05 0.000397123 0.0011970064 0.0015630797 0.00093416794 5.589865e-07 4.184979e-05 2.11724e-06 0.0017607334 0.00039037585 1.215373e-06 3.982353e-06 1.3052018e-07 1.1250959e-06 0.0004120278 1.6624645e-07 0.0013220314 1.7005308e-05 1.61283e-05 8.437584e-06 3.1172592e-06 4.5543638e-07 4.1687067e-09 1.1478028e-08 0.042589717 2.6726758e-07 4.115453e-08 1.8312631e-06 6.4836485e-08 1.2497256e-06 4.7874586e-08 6.2255786e-08 2.4934432e-06 8.340599e-07 7.9242935e-05 2.7207724e-07 6.357771e-08 2.975474e-06 2.5279496e-07
3.6248136e-07 8.972014e-05 1.3615317e-05 0.00015048514 0.18910615 0.007566316 1.6723416e-06 3.9602073e-05 0.06422356 0.0014329051 0.2151366 0.010838414 0.14039403 0.004916069 0.0011778007 0.0040407097 0.0012091055 7.7002045e-18 4.6706497e-05 0.7583977 0.0957886 0.0018229961 0.0054351995 1.2751821e-05 0.0014384014 0.00036376118 0.021826874 0.25113124 0.005939493 0.00088934536 8.35007e-05 0.00031813834 0.00030710766 0.0006379311 0.00016489397 0.0004783069 7.15559e-05 0.00016755154 3.776255e-05 1.0929889e-05 1.9825024e-05 0.000104171624 4.5519755e-05 6.5841414e-05 4.1594307e-05 0.00013290138 2.4064122e-05 8.922865e-05 4.8890233e-05 2.347565e-05 2.8442159e-05 8.490341e-06 1.3272764e-05 5.0452854e-05 7.301762e-05 5.654662e-05 3.4414654e-05 0.0001644089 4.80787e-06 0.00024972062 9.354066e-06 2.8414126e-05 2.2908152e-06 4.5981677e-05 0.00023800343 2.303167e-05 6.6939196e-05 2.3110647e-06 5.2887608e-05 5.2981577e-06 4.719765e-05 0.00017096719 1.1607925e-06 3.39914e-05 3.3885158e-06 2.2500692e-05 0.000892584 5.0283415e-06 0.00020430758 1.5525375e-06 8.782048e-05 1.7745955e-05 3.61567e-06 4.039923e-06 4.3607378e-07 7.270936e-07 0.010362256 6.5602826e-06 1.2658965e-06 0.00011996051 3.7584507e-06 3.725875e-06 2.9153489e-05 8.282138e-08 3.2059404e-06 0.00026404165 8.789808e-05 6.1184227e-07 5.2398095e-06 0.00011127137 1.7964172e-06
0.08482904 0.0019598952 0.06969988 0.050098274 6.274692e-05 0.0045620548 0.16449726 0.9576057 0.0015795385 0.59675574 0.0002681744 0.014232858 0.001122451 0.049123827 0.14380684 0.03288761 0.2160927 4.6706497e-05 3.737584e-15 4.057832e-06 0.00049739087 0.024388814 0.010181077 0.98510045 0.02853223 0.07590014 0.0022865864 6.3100274e-06 0.00021941509 0.023137197 0.080414444 0.0002811929 0.0005174104 0.0007238978 0.0016995394 0.007083596 0.3867438 0.02563795 9.4156734e-05 5.6402846e-06 0.14913838 0.10114382 0.0783315 0.001796683 6.016189e-05 3.8915885e-05 0.02214417 0.034286924 0.07446302 4.081402e-06 0.020047648 2.5063414e-06 2.7088292e-05 0.003572543 2.982985e-05 1.5820033e-05 0.029364713 0.051459488 1.7185572e-05 1.6817194e-05 8.65344e-06 6.2357074e-05 3.597329e-05 0.00027250274 0.008886808 0.008011107 0.0058639087 9.502281e-07 2.3114735e-05 2.0364596e-06 0.0031674514 0.00022178689 5.9402173e-06 9.450492e-06 2.0770582e-07 1.3150756e-06 0.00020610448 2.8472962e-07 0.0035196173 1.2427e-05 2.1719204e-06 1.15133025e-05 1.2537678e-06 8.088712e-07 2.1892049e-08 1.37438745e-08 0.0017379498 8.057708e-07 8.646473e-07 2.890385e-06 1.2226522e-07 1.2833353e-05 3.9563378e-07 1.0556906e-06 1.3923081e-06 2.897138e-06 2.134952e-05 2.9785629e-06 2.7389529e-08 2.81514e-06 2.718014e-06
3.076146e-07 1.6009689e-07 5.7999564e-08 4.795684e-06 0.012898268 0.0026834987 4.6909673e-08 4.4209883e-06 0.028742522 0.00021140823 0.14223866 0.0019070078 0.08086636 0.0015903056 0.00043581793 0.0020350195 0.00040069615 0.7583977 4.057832e-06 8.695465e-19 0.085307084 0.0013859862 0.004060099 9.888566e-07 0.0008460665 7.867202e-05 0.0283155 0.7049763 0.011308101 0.0013607438 4.3523905e-05 0.0012870835 0.0016460794 0.0023964113 0.00022846999 0.00039896523 3.308754e-05 6.0221988e-05 0.00053469354 8.98293e-05 5.6317623e-07 5.5158176e-05 2.2509408e-05 6.061622e-05 0.00037011236 0.00039751307 6.4875576e-06 2.0090496e-05 3.467678e-06 0.00015061047 1.5768564e-05 0.00012222985 7.160738e-05 3.0253143e-05 3.306612e-05 0.00016587343 1.4620161e-05 1.4872292e-05 1.2118297e-05 0.0006348977 2.2070162e-05 2.738124e-05 4.5730817e-06 1.8784389e-05 9.996909e-05 7.501451e-06 1.9043007e-05 4.6393548e-06 0.0001384145 1.26340165e-05 2.2522505e-05 9.8651784e-05 4.6938944e-06 0.00017129915 2.6958674e-06 7.352758e-05 0.0002110565 1.813013e-05 7.651874e-05 1.1773269e-05 2.6648648e-05 1.2049877e-05 8.5242955e-06 6.304433e-06 1.0825185e-06 1.1710889e-06 0.0019073223 2.6219917e-05 3.0711994e-06 0.00023938654 1.9297445e-06 2.4318995e-06 8.8500405e-05 4.2600767e-08 6.7822853e-06 0.0003262977 4.0908244e-06 2.981146e-06 2.6063602e-05 3.3162727e-05 1.7262338e-06
0.13857958 1.7570388e-06 3.0513866e-05 8.9598e-06 0.019533116 0.19098787 1.13764884e-07 0.00028360862 0.37993973 0.050467104 0.32967103 0.54980844 0.7876407 0.39108783 0.25256833 0.5246333 0.10170012 0.0957886 0.00049739087 0.085307084 6.699202e-16 0.55828846 0.77118504 0.00012240904 0.5087754 0.1971437 0.94983673 0.69703984 0.64679235 0.3107974 0.070891045 0.20982355 0.1677887 0.2575643 0.1409853 0.13152081 0.0017606664 0.03058161 0.014632709 0.000372935 1.0355754e-05 0.0013130329 0.00057788607 0.008204286 0.0709532 0.01627269 0.0013791419 0.00033947182 1.3487169e-05 6.992338e-05 0.00041537618 0.0033000472 0.0068651657 0.0007835728 0.00080714916 0.0040388918 0.000102443686 0.0005998947 0.00041080324 0.00019345038 0.00047629158 0.0008280998 2.3510422e-05 0.000390736 0.00017734744 0.000118485834 5.9312933e-05 6.518306e-06 8.466279e-06 9.89509e-06 6.671194e-05 0.00017502689 2.6592343e-05 6.846313e-05 4.023235e-07 8.5835845e-06 0.00060705835 2.8079862e-06 0.0011595546 1.6965839e-06 7.195801e-05 1.2951997e-06 7.452543e-06 1.5994283e-06 2.416501e-07 1.4006632e-07 0.0051051816 9.1666647e-07 1.9139446e-07 3.4864952e-05 6.868357e-07 1.5562271e-06 8.517266e-06 6.858372e-08 9.982652e-06 3.466265e-05 1.2939201e-05 7.955684e-06 9.592018e-07 3.04808e-05 7.60549e-06
0.31636518 2.6563117e-05 0.0011220234 9.1258444e-05 0.0017066183 0.066296875 1.3943505e-06 0.013158435 0.053538624 0.3019933 0.018287303 0.5502805 0.2554798 0.6151784 0.7401021 0.8582942 0.618801 0.0018229961 0.024388814 0.0013859862 0.55828846 4.669819e-19 0.94466025 0.011702365 0.8649874 0.6224172 0.20171514 0.020517971 0.01858866 0.4534174 0.26564878 0.0020874778 0.003222298 0.05580558 0.060817834 0.16464877 0.021585248 0.124548115 0.0009632835 1.247697e-05 0.001702193 0.027016837 0.019540804 0.017488116 0.0015818677 0.0031522547 0.015922893 0.007247828 0.002012941 3.396389e-05 0.0059330696 3.6341735e-05 8.651785e-05 0.0072695264 0.0011359891 0.00016771557 0.0020136964 0.0031721066 1.7962588e-05 1.6813088e-05 1.1913195e-05 0.00081535155 1.0412162e-05 0.0014879174 0.0011003908 0.0015294374 0.00052348943 1.1608047e-06 3.2428296e-05 6.0825414e-06 0.0014049335 0.00077873725 1.0530572e-06 9.293237e-06 3.7803286e-08 3.2837265e-06 0.00059543917 7.103108e-07 0.0009782693 9.318006e-06 4.8599784e-05 1.226271e-05 4.746725e-06 8.8029617e-07 1.8399057e-08 7.0969904e-08 0.0019179684 2.6411844e-06 1.319665e-06 7.133837e-06 1.1463233e-07 2.523497e-06 1.2133555e-06 1.0506251e-07 4.759903e-06 2.5516415e-06 1.8245875e-05 2.8029885e-06 6.371917e-07 3.3613593e-05 6.16671e-07
0.5608458 4.9645537e-06 0.00018692491 2.7526812e-05 0.0013490076 0.052700907 1.0603937e-06 0.0046911063 0.05116208 0.09822498 0.025718102 0.4152232 0.22400165 0.37672606 0.4350194 0.6275376 0.23907368 0.0054351995 0.010181077 0.004060099 0.77118504 0.94466025 5.1575923e-20 0.004341294 0.9198281 0.57903236 0.66264814 0.13558805 0.12721175 0.67755055 0.29045174 0.07231682 0.106565826 0.32290697 0.21551198 0.30734798 0.00663637 0.18915272 0.006191611 0.0002458462 0.00046426477 0.013374792 0.009106197 0.063927986 0.020442415 0.04729019 0.02028492 0.0044738697 0.00035851094 0.00029538482 0.0051579266 0.00097086694 0.0022060317 0.019922141 0.005884322 0.0031889547 0.0011410043 0.0016764735 0.00026159914 7.209519e-05 0.00022161395 0.0025066105 4.2192263e-05 0.003026642 0.001592179 0.001029844 0.0002943907 1.6537138e-05 9.944563e-05 1.5256343e-05 0.0011182823 0.0017374103 3.2279897e-06 8.656943e-05 1.7787822e-07 3.8696093e-05 0.0019435771 6.629939e-06 0.00093659025 7.729305e-06 0.00028290765 3.038088e-05 1.23342215e-05 3.775137e-06 2.610447e-07 3.6029155e-07 0.0030060385 5.7866167e-05 7.5316943e-06 3.653662e-05 9.668568e-07 9.309195e-06 1.6227832e-05 1.05267915e-07 2.0966854e-05 4.4274373e-05 4.1287385e-05 2.5216772e-05 2.9999997e-05 0.0005382488 4.726623e-06
0.3971556 0.00013712718 0.011814261 0.00819686 3.2293738e-05 0.0020572785 0.06416781 0.30824333 0.00024009991 0.21238178 0.00022257447 0.0058186916 0.0005067528 0.010146231 0.048333623 0.008232025 0.063755624 1.2751821e-05 0.98510045 9.888566e-07 0.00012240904 0.011702365 0.004341294 1.5558296e-15 0.026947457 0.08661429 0.0007190581 1.0088027e-06 3.600528e-05 0.012748284 0.09440267 7.804334e-05 0.00025533017 0.0009716273 0.0007732343 0.007169628 0.8844946 0.034017462 7.723128e-05 2.4203562e-06 0.774947 0.3166098 0.25232205 0.0013957316 3.3887438e-05 5.108766e-05 0.0766016 0.24443914 0.518942 1.7453716e-06 0.18755138 1.8925641e-06 1.5095039e-06 0.0076651815 1.5767375e-05 6.543169e-06 0.29332235 0.4375827 5.4282705e-06 1.4121442e-05 1.2897849e-06 2.35202e-05 1.2346295e-05 0.000131271 0.1933151 0.06990818 0.08848278 1.09507454e-07 1.7111977e-05 6.110416e-07 0.024330303 8.059146e-05 6.9638685e-07 2.2324155e-06 5.0186777e-08 2.0771176e-07 0.00039224344 1.3447482e-07 0.04174269 1.5501193e-05 7.278977e-07 4.8216175e-06 2.2206149e-07 5.0086182e-06 1.3713919e-08 2.1022322e-08 0.003399361 1.8887451e-06 3.180881e-07 3.6494725e-07 3.4268874e-07 3.638996e-06 7.422587e-08 7.515815e-08 1.0031783e-05 9.561596e-07 1.7408709e-05 7.246317e-06 1.350321e-08 2.175513e-06 1.3449521e-07
0.6851279 4.2307824e-05 0.002225745 0.00027622047 0.001101985 0.034861285 9.303142e-06 0.026365893 0.026062708 0.2762348 0.009941396 0.3584129 0.12270901 0.41203824 0.6070356 0.5926384 0.641208 0.0014384014 0.02853223 0.0008460665 0.5087754 0.8649874 0.9198281 0.026947457 2.3006798e-18 0.9072158 0.33822817 0.041957982 0.045210194 0.86862534 0.6035126 0.013166424 0.019193055 0.15980189 0.13758537 0.2964124 0.04196592 0.29235214 0.0048343907 0.00022595322 0.01089758 0.09854277 0.06005238 0.052158687 0.004193953 0.008028608 0.09339212 0.0387242 0.0048677414 0.00048842304 0.032812722 0.00030947177 0.00031814835 0.038526665 0.004652765 0.00023335729 0.0068130433 0.0066520465 5.2082607e-05 5.363334e-05 3.264015e-05 0.0025826518 1.0222035e-05 0.004596888 0.0024002574 0.0051052645 0.0016277238 4.733245e-06 6.330548e-05 3.7237257e-06 0.00648905 0.0019294493 1.8195509e-06 2.6304846e-05 3.1134365e-07 6.0217185e-06 0.0026153154 9.5274527e-07 0.0033563592 5.258075e-06 0.00011880627 1.2801487e-05 5.97952e-06 1.6356332e-06 1.4411674e-08 6.900557e-08 0.006604587 5.42708e-06 1.6436799e-06 1.9151244e-05 5.4993257e-07 3.8878065e-06 3.831443e-06 1.1616358e-07 1.835224e-05 1.4825759e-05 0.00011424082 1.751068e-05 2.5714312e-06 0.0002644567 1.6711157e-06
0.7153577 9.895793e-05 0.0072691413 0.001354728 0.0005199107 0.034940504 0.00010934514 0.1168947 0.016892962 0.52109164 0.0070504877 0.30615568 0.04343893 0.4183056 0.6910404 0.44577858 0.77086323 0.00036376118 0.07590014 7.867202e-05 0.1971437 0.6224172 0.57903236 0.08661429 0.9072158 4.765031e-19 0.09120305 0.0060431347 0.016543543 0.7941266 0.9060909 0.003941079 0.0046700533 0.0349999 0.058531366 0.14183316 0.15641205 0.24700789 0.00080787914 2.4951976e-05 0.05583192 0.18629996 0.13124838 0.028306525 0.00040692877 0.00045401813 0.16450924 0.08542407 0.021820871 5.2186224e-05 0.065502994 4.95931e-06 2.2270982e-05 0.038361363 0.0006766573 5.610515e-06 0.019466728 0.021948803 1.7601022e-05 1.0986133e-05 1.6890768e-06 0.0012278679 3.70697e-06 0.0019402565 0.006653109 0.011991156 0.005990865 1.4703944e-07 1.1861286e-05 1.5157784e-07 0.018223671 0.0010967276 1.7735802e-07 1.987628e-06 2.437171e-07 3.05189e-07 0.0035192778 4.5860954e-08 0.0086937165 1.6161673e-06 1.4377884e-05 7.072384e-06 9.927885e-07 2.0766244e-07 7.750215e-10 5.7201275e-09 0.01474526 2.3105322e-07 1.4098957e-07 1.0470178e-06 4.262035e-08 2.5412378e-06 1.3871956e-07 4.386328e-08 3.017058e-06 9.0677884e-07 0.0001306504 1.5707964e-06 7.422716e-08 2.9160832e-05 8.138047e-07
0.6078791 5.3336424e-07 1.3240362e-05 5.019198e-05 0.0024462962 0.01907839 1.7014657e-06 0.001584558 0.0834662 0.0033392624 0.046747927 0.08553908 0.116054714 0.038536556 0.030270591 0.09453919 0.02324304 0.021826874 0.0022865864 0.0283155 0.94983673 0.20171514 0.66264814 0.0007190581 0.33822817 0.09120305 5.3366446e-18 0.4489245 0.8789091 0.30470756 0.07933706 0.6592208 0.55197155 0.48008028 0.32281348 0.29103816 0.0022760718 0.08464653 0.28141502 0.021987058 0.00017081824 0.00988147 0.0056932294 0.07371173 0.22532257 0.12524845 0.0073374296 0.0045249467 0.00036673204 0.0126677165 0.003222392 0.04243437 0.04047532 0.012606373 0.014158238 0.05675272 0.0006054964 0.0030278354 0.014253587 0.00078057486 0.011198176 0.006676576 0.0041598966 0.005798494 0.000703021 0.001218111 0.00043429088 0.0015851166 0.0057076225 0.0010814511 0.001325768 0.0013237515 0.0010780416 0.0025445386 7.836751e-06 0.0011257678 0.0021031762 0.00015840633 0.0015732994 0.00025113803 0.00073299656 0.00033939932 0.00012001258 4.473048e-05 1.4370647e-05 1.690794e-05 0.015825072 0.00025432286 2.6520416e-05 0.0016512647 9.051007e-06 5.957456e-05 0.00030518073 3.5308707e-07 7.6193384e-05 0.00030418468 0.00022057236 8.537487e-05 0.00021215918 0.0017499287 1.8028404e-05
0.0058765267 1.2794682e-06 2.0985808e-06 4.069218e-06 0.0052080653 0.0065946924 2.5429202e-08 1.9039211e-05 0.019701704 0.002004925 0.041964315 0.004684698 0.071770884 0.0021984938 0.0020763979 0.009333789 0.0018418318 0.25113124 6.3100274e-06 0.7049763 0.69703984 0.020517971 0.13558805 1.0088027e-06 0.041957982 0.0060431347 0.4489245 3.103805e-16 0.9628116 0.029143082 0.000646936 0.22936326 0.20010433 0.1335526 0.031633575 0.015074879 0.00087369565 0.0004183088 0.57818127 0.38522705 9.331897e-06 0.0053704716 0.0016678114 0.00046169927 0.09326688 0.0139378505 0.00035797252 0.0013030461 3.1010593e-05 0.25828665 0.00038025642 0.047326576 0.014269962 6.644647e-05 7.964214e-05 0.0089650145 0.00091322046 0.00082617975 0.03306048 0.24040774 0.0012987385 0.00026715916 0.0015038981 0.00019733285 0.0010729625 0.002435035 0.0003775094 6.759482e-05 0.020383133 2.7402637e-05 0.00037447872 0.0002807869 0.0012893176 0.000112541566 0.002450153 5.0824005e-06 0.00095426757 1.4796012e-05 0.004112613 9.313e-05 0.00012673557 0.00032357755 6.9585217e-06 9.3191975e-06 7.852465e-07 4.977545e-07 0.009995094 6.2636154e-06 1.6155593e-07 0.0002636519 3.4478646e-07 1.4401735e-05 4.7264315e-05 2.0194234e-06 1.1052992e-05 0.0001518873 6.769462e-05 7.57134e-06 3.1490272e-06 5.20845e-05 2.0129024e-05
0.039093994 2.0008828e-07 3.7417062e-06 0.00016687652 0.0004199584 0.0029959525 4.0953773e-07 0.00035560687 0.012667438 0.00078797835 0.009152707 0.0030508863 0.015898773 0.0033313197 0.00246998 0.009143185 0.002992543 0.005939493 0.00021941509 0.011308101 0.64679235 0.01858866 0.12721175 3.600528e-05 0.045210194 0.016543543 0.8789091 0.9628116 9.411127e-17 0.04040734 0.007867901 0.71739924 0.4060062 0.17019004 0.106988415 0.070496626 0.0002530638 0.009673212 0.77378273 0.16499265 1.0443557e-05 0.0006912638 0.0003060134 0.01606734 0.25435877 0.059553165 0.0013522452 0.0014963486 2.320735e-05 0.061223067 0.00041005955 0.19254124 0.060245275 0.0024504173 0.0034864668 0.037383612 0.00027347097 0.001339935 0.05102482 0.0012821617 0.012887915 0.00094520126 0.004981784 0.0009277723 0.0003117539 0.0007639118 0.00019517285 0.0017941488 0.007548136 0.0015295417 0.0006920738 0.0007262226 0.0020458729 0.0005551337 2.1307538e-05 0.00012140003 0.0014893071 0.00031960438 0.0031143634 0.0002430402 0.0007442478 0.00015476209 0.0003843049 0.00012665306 1.3477821e-05 4.6213667e-05 0.016089397 0.00011231619 6.6790203e-06 0.0003845801 2.528598e-05 3.7591733e-05 7.703648e-05 1.4040126e-06 0.00010565286 0.0003438923 0.0001724184 6.422297e-05 0.0001522249 0.00077110616 7.152779e-05
0.7753885 1.4826995e-06 0.001483878 0.00022909313 0.0002749403 0.016532945 1.9268637e-05 0.015028034 0.018306969 0.11189164 0.0076155397 0.10525988 0.03682277 0.1114889 0.30584198 0.2203376 0.27063838 0.00088934536 0.023137197 0.0013607438 0.3107974 0.4534174 0.67755055 0.012748284 0.86862534 0.7941266 0.30470756 0.029143082 0.04040734 1.2153193e-16 0.95277494 0.082299836 0.20982133 0.42810646 0.5980573 0.4907638 0.015405475 0.4704036 0.042336978 0.0012596314 0.0071485923 0.07075369 0.05010116 0.129046 0.030744694 0.0630263 0.19230974 0.06944418 0.0049683666 0.0007610686 0.04731113 0.0050184275 0.0025127865 0.116970554 0.02488191 0.004223041 0.011995982 0.013182953 0.0008415649 0.00022601204 0.00041039073 0.017015303 8.407707e-05 0.033427637 0.009391475 0.027298499 0.011139019 2.0015013e-05 6.1664636e-05 1.1774336e-05 0.059431203 0.018963914 0.000118880394 0.00018638161 1.3329344e-06 8.754646e-05 0.04111922 1.3599127e-06 0.024064487 6.2913878e-06 0.00082848093 2.9240337e-05 2.441284e-05 9.127833e-06 7.500063e-08 2.900421e-07 0.024855293 3.8188777e-05 9.559903e-06 0.0002539421 1.1306978e-06 9.557179e-06 0.00012581816 1.9925727e-07 2.169286e-05 0.00029837145 0.0005393373 1.2424878e-05 2.5198307e-05 0.0004700977 1.6860875e-05
