9.805322e-21 0.93289036 0.9747662 0.98103076 0.9738716 0.98209953 0.9471104 0.92168003 0.8788972 0.97218686 0.8960073 0.7790309 0.9932813 0.8359035 0.9354492 0.9221604 0.9590776 0.8452939 0.78643256 0.961711 0.96074486 0.98657024 0.9132138 0.96102124 0.9756534 0.99536335 0.97910076 0.9584276 0.98433226 0.9618365 0.9941152 0.82224065 0.94467664 0.9808719 0.9413069 0.85527307 0.9922539 0.940374 0.8966983 0.9487437 0.99841815 0.8420265 0.80342954 0.8380372 0.99904686 0.99745154 0.9846201 0.7357599 0.920371 0.50047266 0.8434671 0.81515646 0.9989546 0.717826 0.8793819 0.7184061 0.92948985 0.60275817 0.8947821 0.7476338 0.3537574 0.78248394 0.23670888 0.8774151 0.43800324 0.61966604 0.4932814 0.216154 0.06858217 0.6887198 0.14917856 0.056021273 0.27604902 0.7322221 0.10864492 0.22617514 0.90596676 0.9521637 0.038235318 0.029547252 0.04356085 0.0073011285 0.0024218978 0.3895373 0.083664276 0.01212357 0.014455986 0.025210178 0.0055475263 0.02010277 0.029171646 0.0052921865 0.0039246567 0.0018985552 0.038350016 0.0024178857 0.12959634 0.009120334 0.00023922404 0.005967515 0.0058830567
0.93289036 8.6251115e-16 0.98863447 0.58297473 0.4221583 0.3408709 0.19632496 0.40646586 0.13579336 0.028133463 0.040713273 0.21241924 0.5558236 0.6457822 0.008681296 0.022894833 0.0109168375 0.31253302 0.22826381 0.16816047 0.32675046 0.003342565 0.06182383 0.001705399 0.13614675 0.00023902953 0.00018583568 0.0017692302 0.0021284872 0.00017207836 0.018171493 0.009608637 0.010561822 0.059865296 1.8214061e-05 0.005949459 0.11574546 3.470383e-05 7.0321476e-05 0.017504085 0.0005769216 0.00031151465 0.00016957977 0.005658514 0.10052005 0.044319768 0.031772267 0.00013610377 0.0008929483 0.0002773373 0.002424256 0.0038695005 0.024591 0.003202564 5.6973463e-06 0.00024115229 0.021435194 8.7218286e-05 7.182661e-06 2.6313942e-06 4.506748e-06 1.9041415e-06 6.615662e-05 1.8907194e-07 1.1970856e-07 4.4391822e-07 2.4447284e-06 1.2661676e-05 0.00021036284 0.0015685024 8.357403e-08 0.00014519958 0.00048466673 7.134453e-05 0.00012377437 9.71655e-07 5.7291163e-06 2.4773199e-05 1.6071843e-05 0.00017193696 2.8971988e-06 6.397564e-05 6.430755e-05 1.32110745e-05 4.300361e-06 6.885087e-05 0.001077016 6.138584e-06 2.3502618e-07 1.1696753e-05 9.2299044e-05 9.736972e-06 0.0002738201 3.035687e-05 9.907441e-06 5.235508e-08 3.6904075e-05 6.518428e-05 2.3159131e-05 5.5268565e-08 7.104124e-05
0.9747662 0.98863447 1.9563511e-16 0.4943239 0.30808875 0.47977898 0.107723944 0.1332292 0.060589597 0.05605755 0.048930924 0.09822885 0.77328825 0.29843438 0.0075188167 0.01283884 0.007854496 0.12502265 0.08774482 0.071330674 0.69043386 0.0031146472 0.04610447 0.001341537 0.4501352 0.00094056845 0.0003544146 0.0024357145 0.0018530027 0.0002802259 0.055024527 0.0092062745 0.0068011144 0.21556783 1.25170745e-05 0.008942962 0.46548307 0.00021185103 5.3984597e-05 0.018750833 0.0010366659 0.00038248862 0.00013433171 0.0035441632 0.3299645 0.17261255 0.1363116 0.00018804903 0.0010736033 0.00024363985 0.0014928991 0.0034067978 0.09578534 0.0032224287 3.852401e-06 9.9815144e-05 0.015587234 9.315265e-05 2.361884e-06 6.7533597e-07 2.122148e-06 8.9697386e-07 4.9439983e-05 1.326436e-07 3.9102187e-07 3.545383e-07 1.07154e-05 1.8025e-05 0.00013814284 0.0010865502 3.7367295e-07 0.00017480236 9.1638685e-05 7.976497e-05 8.0051585e-05 9.646536e-07 3.6318468e-06 7.539398e-06 4.635675e-06 4.055745e-05 1.9246975e-06 3.8610055e-05 6.656196e-05 1.6674168e-05 3.7284306e-06 2.5924184e-05 0.0006340593 4.637072e-06 8.8415334e-08 1.2802708e-05 5.2452368e-05 9.526239e-06 0.00014917187 2.5322324e-05 2.242178e-05 7.5595636e-08 1.0975127e-05 1.4616467e-05 9.1596785e-06 4.705994e-07 5.548634e-05
0.98103076 0.58297473 0.4943239 3.8816572e-15 0.049675826 0.82589465 0.023262184 0.058126383 0.020195644 0.25474656 0.79174304 0.95934576 0.19089496 0.7010792 0.0013170481 0.0020364542 0.0013457591 0.42245546 0.6098414 0.040378027 0.40556055 0.00030324998 0.51838595 0.00016520343 0.10397091 0.0011705502 0.0017445248 0.036743626 0.00026834093 0.00090605795 0.0017350325 0.09884966 0.002726942 0.057922065 1.9736653e-06 0.051247098 0.11197171 0.0003995352 5.005338e-06 0.04581917 0.0001562777 9.155124e-05 0.0011254136 0.0018234404 0.079242066 0.042535923 0.010984543 0.0005566483 0.005572758 0.0020211893 0.0003004101 0.0025523219 0.018604733 0.0052061384 5.9258346e-06 0.0012937309 0.013026086 5.49625e-06 9.583633e-07 3.0477773e-07 5.670663e-07 4.3579607e-07 0.000282298 1.2496118e-07 7.4450793e-07 1.4819227e-07 3.6993613e-05 7.62631e-05 0.00066896284 0.009427184 1.6305458e-07 0.00048230018 0.00011279537 0.0012040557 0.0009155016 1.905248e-06 3.560952e-06 0.00015942098 8.035336e-06 0.00021742353 0.00021036546 0.00035378462 0.00040586392 0.00015771113 0.0001952797 0.00014965991 0.0006763809 6.558828e-05 3.0257482e-08 0.00017951602 9.565239e-06 0.00025626083 0.0003356178 0.00022857699 0.00016116348 1.8090534e-08 0.00011268537 0.00015801977 1.9863744e-05 3.1747817e-08 0.00075789687
0.9738716 0.4221583 0.30808875 0.049675826 2.0372197e-15 0.02750236 0.9836724 0.59192294 0.41354275 0.0025021299 0.0035461192 0.010795525 0.89044386 0.0868111 0.10556249 0.2182224 0.14041495 0.030088425 0.011542201 0.28490248 0.26676756 0.040244773 0.003929462 0.015855106 0.18522108 3.2108197e-05 1.695711e-05 3.287893e-05 0.016548734 2.5295001e-05 0.22930437 0.00071768 0.090445854 0.077346355 0.00018254672 0.0005142804 0.25371507 9.843588e-06 0.0013470227 0.0028739688 0.0069731 0.0048267893 6.9431753e-06 0.043320384 0.20918539 0.07968531 0.18664075 2.8585193e-05 2.975433e-05 1.8939174e-05 0.02331428 0.026024804 0.08505996 0.00074938004 7.223524e-05 1.2364936e-05 0.0233082 0.0056941393 5.0931892e-05 7.2594696e-05 0.00011491513 1.612032e-05 6.300244e-06 1.8528036e-06 1.0584533e-07 4.788391e-06 1.2384758e-06 1.0170065e-06 6.167181e-05 6.8274625e-05 8.0951995e-06 0.00015148544 0.003295034 1.056765e-05 2.0416917e-05 6.066688e-07 2.0835458e-05 1.0034083e-06 6.0744347e-05 0.000119952834 7.4350964e-07 8.598583e-05 0.00013562269 7.028089e-06 4.3160213e-07 0.00018964251 0.00020084642 1.5833668e-06 5.918342e-07 3.3107187e-06 0.0004249874 2.3577636e-06 9.14991e-06 2.1659e-05 4.7088965e-06 2.6229094e-07 1.5626198e-05 6.881962e-05 7.081123e-06 3.8906865e-07 2.093824e-05
0.98209953 0.3408709 0.47977898 0.82589465 0.02750236 3.077244e-16 0.011489179 0.0120678535 0.0055349353 0.90347904 0.70519024 0.21113214 0.2034846 0.04422209 0.0012721759 0.0018649641 0.0023539905 0.029459918 0.08253036 0.0038857274 0.9113428 0.00069334847 0.054997377 0.00022267597 0.46809027 0.0070493044 0.08824131 0.1473924 0.0006021004 0.0056009297 0.0067684543 0.07154557 0.0011050084 0.29495353 1.1176478e-05 0.037798908 0.32220066 0.0035281663 1.01539845e-05 0.01449744 0.00018362123 0.000120251905 0.012801598 0.0006046776 0.124189205 0.1632229 0.01761397 0.0062536392 0.019091034 0.013317054 0.00017129915 0.00078198005 0.026663592 0.0016952731 5.292658e-06 0.003910708 0.0035143914 7.931609e-06 1.2253493e-06 2.0537996e-07 6.951526e-07 1.6181637e-07 0.0014684412 2.3754728e-07 2.2213976e-06 1.7247058e-07 4.1879135e-05 0.00033654168 0.0003275173 0.007946673 5.457981e-07 0.00016618693 9.090358e-06 0.00135077 0.0003037539 2.6182374e-06 2.668933e-06 0.0003262448 2.769028e-06 5.299651e-05 4.7691057e-05 1.5064071e-05 5.306352e-05 0.0003493904 0.00081215065 9.164931e-06 0.0002407171 0.00012875286 4.2681936e-08 0.0003315455 3.9789767e-05 0.0009659628 0.0007685197 0.0003411502 9.35854e-05 6.232791e-08 0.000121808596 1.4015331e-05 5.6466328e-05 5.849952e-08 0.0009239838
0.9471104 0.19632496 0.107723944 0.023262184 0.9836724 0.011489179 4.3999182e-16 0.7628929 0.55107903 0.0014165178 0.0022487417 0.0051292535 0.53870046 0.077257484 0.32745326 0.5613263 0.28239956 0.021022828 0.008545035 0.33898142 0.056780156 0.082355164 0.0025317366 0.03953322 0.056248847 1.22792935e-05 3.9912425e-06 1.1221709e-05 0.0234492 5.054424e-06 0.13533254 0.00038831303 0.25258905 0.024979737 0.00038173393 0.00033041328 0.0770061 1.1232507e-06 0.00376064 0.0015170613 0.007934026 0.01129605 3.961131e-06 0.123321794 0.07196521 0.028934246 0.06385138 2.9780206e-06 2.0679487e-05 1.8428533e-05 0.09156114 0.037227336 0.027053365 0.0005835343 9.959169e-05 1.2608668e-05 0.017280048 0.019016212 0.00018119681 0.00051044126 0.00061962544 3.5360434e-05 2.2232605e-06 5.1827906e-06 8.4936126e-08 1.32269715e-05 3.2805013e-07 4.1968252e-07 5.6816792e-05 2.8026237e-05 9.792745e-06 6.732622e-05 0.01037017 6.6013336e-06 2.4002513e-05 1.373359e-06 2.8529119e-05 3.7674115e-06 8.799318e-05 0.0002450793 7.9296984e-07 0.00015180997 0.00019905985 3.4364227e-06 7.227616e-07 0.00024298595 6.342798e-05 2.5397455e-06 2.913416e-06 7.117209e-06 0.0015986317 1.6012582e-06 1.2316789e-05 4.078622e-05 9.947603e-06 1.9759203e-07 7.824067e-05 0.0001489761 5.481917e-06 2.3094738e-06 8.36594e-05
0.92168003 0.40646586 0.1332292 0.058126383 0.59192294 0.0120678535 0.7628929 4.33114e-17 0.98268473 0.00064702146 0.0024825362 0.034150455 0.38788185 0.42520076 0.060004 0.4204424 0.053530034 0.09074049 0.0458618 0.8556901 0.04633979 0.012633585 0.0053367163 0.003445587 0.027267836 3.4890327e-05 1.7859137e-06 5.177929e-06 0.0034238258 2.5495387e-05 0.027874364 0.00011938359 0.26737675 0.0067796116 0.000115954674 0.0002147147 0.04264187 3.0446097e-06 0.000107155895 0.0069809076 0.0024075336 0.0014787245 3.46042e-06 0.15831864 0.027547857 0.007273524 0.018134238 9.511578e-06 2.052067e-05 7.856154e-06 0.019237539 0.0824952 0.009937364 0.004128999 4.571884e-05 8.341215e-06 0.1838515 0.0038081438 1.2877858e-05 2.934007e-06 1.3199413e-05 1.1486362e-06 3.4549034e-06 1.3157535e-07 1.8252878e-08 3.9348933e-07 1.5555838e-07 5.519227e-07 0.0008704899 8.155505e-05 1.0019032e-06 0.0004241391 0.0762484 1.7054792e-05 0.0002359309 1.3841054e-06 1.9534564e-06 2.81282e-07 0.0018864466 0.01870036 7.55125e-06 0.0010258115 0.00041066244 1.0746076e-06 2.0607815e-06 0.00061148097 0.0029430268 2.8819131e-06 5.292695e-07 5.5221835e-06 0.00036466512 1.2265704e-05 3.0024294e-05 2.9351197e-05 1.0033414e-06 2.9024003e-08 9.883946e-07 0.00020485796 6.995913e-05 5.830389e-07 5.7889374e-06
0.8788972 0.13579336 0.060589597 0.020195644 0.41354275 0.0055349353 0.55107903 0.98268473 2.0807461e-16 0.0001887258 0.0012691385 0.0052934433 0.21436083 0.15265119 0.31580496 0.93110317 0.11299285 0.04218239 0.011456771 0.7819448 0.014326176 0.03331814 0.0013157418 0.058113646 0.017159624 2.806185e-06 1.6397634e-07 9.429143e-07 0.008743075 1.1871317e-06 0.0426817 5.0609666e-05 0.6277282 0.0048038415 0.00061205303 0.000128471 0.02648074 4.9552348e-08 0.0018501317 0.006076909 0.0039590425 0.02223851 9.581165e-07 0.3783171 0.017671403 0.0054898886 0.019276353 1.185064e-06 6.522012e-06 2.1835297e-06 0.18956415 0.191265 0.00735041 0.0030635267 7.54453e-05 3.1469945e-06 0.16319554 0.035925917 0.00023573883 0.00010321045 0.00054494623 2.896446e-05 9.2196365e-07 1.458446e-06 4.023108e-09 6.647223e-06 3.137549e-08 9.4253075e-08 0.00052904786 3.4808305e-05 3.281337e-05 0.0003598659 0.18873256 1.3731266e-05 0.00011236965 4.778876e-07 5.330833e-06 2.1528808e-07 0.0039688963 0.020329304 3.2850298e-06 0.0008785719 0.0003493346 3.6752958e-06 2.019502e-06 0.0008722616 0.0010752724 5.966135e-06 1.0900161e-05 3.346001e-05 0.0033209804 7.740466e-06 6.2394697e-06 2.3968294e-05 7.244179e-07 1.3157535e-07 7.112873e-06 0.00040510425 2.7206452e-05 5.2854707e-06 4.4509097e-06
0.97218686 0.028133463 0.05605755 0.25474656 0.0025021299 0.90347904 0.0014165178 0.00064702146 0.0001887258 3.2606848e-17 0.9681564 0.09231306 0.036344867 0.0016709182 5.981223e-05 3.1005507e-05 0.00016005697 0.0024486277 0.02143229 0.00024431228 0.77959096 8.423389e-05 0.02114015 1.7671375e-05 0.32572603 0.047792085 0.6325463 0.6596433 0.000103645034 0.061358113 0.000702306 0.09183561 2.8990797e-05 0.2628963 1.1433324e-06 0.05429783 0.17799743 0.021456636 8.4811757e-07 0.0031133092 1.6876156e-05 3.7338803e-05 0.09421605 2.4205214e-05 0.05464788 0.09690381 0.0046451925 0.07826145 0.05883495 0.058782436 1.314492e-05 5.4867163e-05 0.010973868 0.00040797543 4.9433993e-07 0.01817267 0.00026362573 6.998002e-07 4.1952163e-07 2.3694803e-08 5.8116814e-07 4.488934e-08 0.008402329 3.559305e-08 7.723807e-06 3.732212e-08 8.542895e-05 0.0019685843 5.3767923e-05 0.007253176 3.3232914e-07 4.9559087e-05 1.178698e-06 0.0047470196 8.724491e-05 9.432758e-07 2.2732285e-08 0.00056799245 8.574834e-07 1.0270257e-05 2.5169007e-05 4.342144e-06 1.7687309e-05 0.0004666483 0.0025253834 4.259703e-06 3.4081847e-06 0.0006969366 1.2077587e-08 0.0004805395 1.1389331e-05 0.0009039068 2.784311e-05 0.00022491932 0.0006949287 6.824298e-09 7.775917e-05 2.4778064e-05 9.1957e-07 6.514204e-08 0.0009612674
0.8960073 0.040713273 0.048930924 0.79174304 0.0035461192 0.70519024 0.0022487417 0.0024825362 0.0012691385 0.9681564 3.6136038e-16 0.93112975 0.018709289 0.14527689 5.3123928e-05 9.119728e-05 0.00016342159 0.16090918 0.5762463 0.001642349 0.0850479 0.00010113708 0.64670676 6.931019e-05 0.028134203 0.003419714 0.08628747 0.76734376 6.599021e-05 0.005277845 0.00078836316 0.674925 0.00034430198 0.029521432 1.027812e-06 0.3864124 0.035719775 0.002331024 2.0957007e-06 0.05007587 2.5384728e-05 1.843574e-05 0.08532433 0.00021427571 0.019023877 0.014191722 0.0032481023 0.008744918 0.118144244 0.05088313 2.7951017e-05 0.00026977886 0.0055182884 0.0062481104 1.3115199e-06 0.011209618 0.003996985 6.013779e-07 2.754451e-07 7.193135e-08 5.6329714e-07 9.5375206e-08 0.0016072419 2.7619622e-08 2.3323003e-06 5.1915066e-08 4.8636462e-05 0.00033004893 0.0009803422 0.10911857 1.2111052e-07 0.00021669736 1.1826699e-05 0.048925605 0.0017107556 2.400067e-06 6.857387e-07 7.154662e-05 1.2862055e-06 3.0342771e-05 0.0021004821 1.3980555e-05 5.8003854e-05 8.209575e-05 0.0023758265 4.5185275e-06 0.000105120394 0.00024094449 5.187082e-08 0.00033100307 1.1632998e-05 0.0026559357 0.0003162854 0.0004789019 0.00014792154 3.141044e-09 8.885603e-05 4.990479e-05 8.479845e-06 2.8840905e-08 0.0007083167
0.7790309 0.21241924 0.09822885 0.95934576 0.010795525 0.21113214 0.0051292535 0.034150455 0.0052934433 0.09231306 0.93112975 2.9164562e-16 0.02746842 0.88953424 7.405983e-05 8.4381354e-05 6.966512e-05 0.7758651 0.869576 0.09111303 0.065461 2.8493363e-05 0.86325115 1.0588997e-05 0.018376697 0.00048775022 0.00014210708 0.021324988 3.3219858e-05 0.00024760433 0.0001990329 0.39641684 0.0002602234 0.010487708 1.1632859e-06 0.17322132 0.02318417 0.00017645516 1.7068289e-06 0.21270487 4.0842388e-05 1.4914477e-05 0.0003880754 0.0005912558 0.01793402 0.009732852 0.001795597 5.0279934e-05 0.0071047614 0.0009974925 3.671402e-05 0.0021725046 0.0056790086 0.028967606 5.327047e-06 0.0007652735 0.022805465 4.096501e-06 1.6368393e-06 1.9907323e-07 1.2283363e-06 2.0619323e-07 0.000316843 6.500973e-08 3.0401688e-07 1.3764003e-07 1.9806106e-05 5.752404e-05 0.0075734598 0.041958384 1.2969456e-07 0.0036919985 0.00018206722 0.006772991 0.012068601 2.530293e-06 1.9437912e-06 3.30284e-05 2.9003393e-06 0.0007109095 0.0020904222 7.049055e-05 0.00039648157 9.483528e-06 0.00014545168 5.484503e-05 0.0029720953 8.181677e-06 1.7227178e-08 6.4595944e-05 1.3551717e-06 0.00078239857 0.0015055563 0.00016235842 9.868091e-06 2.0610553e-09 1.7022091e-06 0.00011853669 2.2385884e-05 9.508617e-09 4.8071477e-05
0.9932813 0.5558236 0.77328825 0.19089496 0.89044386 0.2034846 0.53870046 0.38788185 0.21436083 0.036344867 0.018709289 0.02746842 4.330252e-15 0.106775336 0.103134386 0.09879399 0.21244733 0.047214054 0.029751992 0.12381293 0.59668875 0.047534198 0.019602893 0.03471445 0.5084486 0.00024930394 0.0008588072 0.005045093 0.0059123267 0.00021561985 0.34365636 0.006665703 0.07847452 0.14734983 0.0005318114 0.006884494 0.831837 7.421976e-05 0.004944928 0.0064719487 0.0020245046 0.009531721 0.0005074086 0.024584362 0.5911165 0.09905285 0.39371872 0.00016250573 0.0010345528 0.00054826494 0.034832135 0.010975218 0.07190362 0.0013779423 0.00029894168 0.00015919641 0.0138787385 0.006237587 0.00056107296 0.0009372411 0.0008318826 0.00017987282 7.001026e-05 8.0620215e-05 4.228703e-06 0.00010461445 6.165452e-05 3.3500462e-05 0.00028098215 0.0009879589 9.878048e-05 0.0005252207 0.0010258418 0.0003971728 0.00028474387 1.13914275e-05 0.00032558557 0.00014690093 0.00018329092 0.0011130167 2.072124e-05 0.00014520608 0.00023468677 0.0002951691 6.1102706e-05 0.0003298123 0.001415167 2.7727394e-05 4.2169677e-06 0.000102365266 0.0018694398 4.1278847e-05 3.8357077e-05 0.00011349242 0.0008279166 7.191897e-07 0.00025694162 0.00040319446 8.601449e-06 3.5282535e-06 0.00089328096
0.8359035 0.6457822 0.29843438 0.7010792 0.0868111 0.04422209 0.077257484 0.42520076 0.15265119 0.0016709182 0.14527689 0.88953424 0.106775336 4.347011e-18 0.0006090866 0.012811319 0.0004415738 0.97659254 0.66027105 0.74622077 0.013457696 0.00026011223 0.51769066 7.5947384e-05 0.015750175 1.42925355e-05 1.9156255e-06 2.1080315e-05 0.00030860383 4.0311447e-06 0.0019808498 0.01912203 0.0016233954 0.0048343143 8.725345e-06 0.017894514 0.034562 1.9206066e-06 7.35596e-06 0.3085821 0.00013567004 9.218002e-05 4.790117e-06 0.0017767819 0.022833828 0.0046719643 0.0045869537 3.2297544e-06 0.00012591096 6.517908e-06 5.9068734e-05 0.0055207233 0.0066183694 0.104724795 9.192539e-06 1.14211125e-05 0.32271203 1.3836138e-05 1.1989954e-06 8.1240536e-08 1.0422935e-06 1.9907988e-07 6.89811e-06 2.3414954e-08 2.9589962e-08 4.8463217e-08 2.4755153e-07 3.8654377e-07 0.016519807 0.00905646 2.867487e-08 0.013486481 0.00922807 0.00070053997 0.0053245863 1.2594258e-07 3.603427e-07 1.943161e-06 0.000253671 0.008655822 0.00047802465 0.00053349964 0.00036725245 2.4361916e-06 4.994933e-06 0.00013025888 0.012320261 2.2049157e-06 3.0405513e-07 1.7546387e-05 8.685105e-06 7.917201e-05 0.001029173 2.6666597e-05 1.9388056e-06 8.3817714e-10 3.3486884e-07 4.9318343e-05 2.272987e-05 6.643265e-09 1.1615145e-06
0.9354492 0.008681296 0.0075188167 0.0013170481 0.10556249 0.0012721759 0.32745326 0.060004 0.31580496 5.981223e-05 5.3123928e-05 7.405983e-05 0.103134386 0.0006090866 5.71308e-14 0.92428994 0.9376554 0.0005287175 0.00019032504 0.021407614 0.013022199 0.5017323 9.5085816e-05 0.89622945 0.02822352 1.7630496e-06 2.184818e-07 2.0019777e-06 0.27569488 1.414366e-06 0.2770136 5.9499635e-06 0.21975863 0.0075615845 0.033536207 1.08991935e-05 0.06705757 1.0763567e-07 0.32249862 7.913955e-05 0.045807645 0.21486926 1.4529334e-06 0.058906265 0.032702107 0.0072130775 0.047277916 1.3930465e-06 3.1797847e-06 2.83025e-06 0.36295208 0.02429541 0.025715392 0.00013429904 0.0008576569 6.4674136e-06 0.0024156177 0.12225376 0.021358069 0.026308233 0.031724676 0.0018206976 3.113802e-07 5.974405e-05 5.017587e-08 0.000269328 9.323801e-08 6.139146e-08 2.164399e-05 1.9809459e-06 0.0072572515 4.986663e-05 0.0013078939 7.768612e-06 7.1971913e-06 9.735314e-07 0.00024736076 2.626836e-06 9.748806e-05 7.0036236e-05 2.0380103e-06 0.00019227876 0.00017180976 4.964449e-06 8.980566e-07 0.0004303662 8.82834e-06 1.9971567e-06 0.00093131914 2.1595764e-05 0.014115849 8.600571e-06 1.1439209e-05 2.4125477e-05 1.9165731e-05 2.6494492e-06 6.310283e-05 0.0005385823 8.749663e-07 4.7794005e-05 0.00027074205
0.9221604 0.022894833 0.01283884 0.0020364542 0.2182224 0.0018649641 0.5613263 0.4204424 0.93110317 3.1005507e-05 9.119728e-05 8.4381354e-05 0.09879399 0.012811319 0.92428994 6.494625e-16 0.23002505 0.0027708637 0.00047945074 0.57534015 0.006013011 0.08629264 0.00015835754 0.46429262 0.007702392 1.4426389e-06 2.0199037e-07 1.2218001e-07 0.03396574 6.2444855e-07 0.07743007 5.9805243e-06 0.935955 0.00276827 0.006879059 8.6866334e-05 0.026121447 2.5679926e-08 0.02998933 0.00040245842 0.009821037 0.27156237 1.113417e-07 0.5576872 0.01792184 0.0035355277 0.02217107 6.888249e-08 3.1275115e-06 8.7125187e-07 0.6830418 0.29204988 0.010957783 0.00041481844 0.00028142062 9.106534e-07 0.02845245 0.27486214 0.0013904505 0.0031648169 0.007746341 9.862461e-05 1.6286467e-07 3.0580156e-06 7.1727864e-09 2.0210678e-05 2.1822014e-08 2.6167847e-08 0.00014580124 4.7405133e-06 0.00062355975 0.00011453318 0.09486166 3.1210134e-06 5.997262e-05 4.7291593e-07 8.135522e-06 1.3697762e-06 0.0014878024 0.002822674 6.33615e-06 0.0010522336 0.00067529385 1.0040641e-06 3.5042953e-07 0.0011427952 0.00015967811 4.968269e-07 1.2974763e-05 3.976437e-06 0.018778676 9.900018e-06 1.4755048e-05 3.4539862e-05 8.143976e-06 1.0688179e-07 7.926263e-06 0.000745737 4.4150515e-06 1.001576e-05 6.214644e-05
0.9590776 0.0109168375 0.007854496 0.0013457591 0.14041495 0.0023539905 0.28239956 0.053530034 0.11299285 0.00016005697 0.00016342159 6.966512e-05 0.21244733 0.0004415738 0.9376554 0.23002505 9.5602425e-17 0.0010909813 0.00032402098 0.010815207 0.049525958 0.9640996 0.00018064985 0.6954359 0.07163657 1.4376121e-06 1.2949434e-07 1.1743389e-06 0.47938624 1.2976762e-06 0.60853654 8.143245e-06 0.08958279 0.019898755 0.035227552 6.416166e-06 0.10539575 6.192491e-08 0.34834954 3.7528116e-05 0.06250176 0.11255766 7.2960256e-07 0.038614128 0.0731708 0.014998019 0.14241257 8.7449496e-07 1.1151463e-06 2.078579e-06 0.2543096 0.012727597 0.04126161 4.8699305e-05 0.0020848785 8.74274e-07 0.001388784 0.11080656 0.058573082 0.067756854 0.041932825 0.009928653 9.535901e-08 0.00020675315 1.951879e-08 0.0005141448 3.8298246e-08 3.6496793e-08 1.9389904e-06 5.1499933e-07 0.010533336 3.73619e-06 0.0006977366 3.1049015e-06 1.6915109e-06 7.702164e-07 0.00038970276 8.042814e-07 2.7274491e-05 2.1960755e-05 5.738426e-07 1.5183595e-05 1.0444603e-05 7.4810973e-06 6.3297443e-07 2.7360542e-05 9.805871e-07 1.9001924e-06 0.00053154613 1.3552164e-05 0.0074339095 2.7505334e-06 4.534556e-06 3.2088177e-05 4.655601e-05 6.6511107e-06 4.7333964e-05 0.00026348748 1.2050021e-06 1.8769257e-05 0.00010509083
0.8452939 0.31253302 0.12502265 0.42245546 0.030088425 0.029459918 0.021022828 0.09074049 0.04218239 0.0024486277 0.16090918 0.7758651 0.047214054 0.97659254 0.0005287175 0.0027708637 0.0010909813 3.1861123e-16 0.94848734 0.6225639 0.015052992 0.00044070295 0.7660284 0.00025685047 0.008031268 1.8840525e-05 2.9895307e-06 5.112973e-05 0.00029822811 7.583855e-06 0.0010570614 0.09865302 0.0016539462 0.0039992784 1.1198777e-05 0.07950672 0.0151955625 1.5758183e-06 1.1967877e-05 0.69024444 6.272903e-05 0.00015507339 3.6062396e-05 0.0018589277 0.015569933 0.0037115992 0.0040206695 1.1449937e-05 0.0005223614 4.7343034e-05 0.00015178087 0.0045808246 0.0030191925 0.29732394 6.5366758e-06 4.1244723e-05 0.5693948 1.836187e-05 6.876704e-06 2.3101202e-07 3.8035087e-06 7.4443557e-07 2.3750834e-05 7.4108755e-08 1.1295746e-08 2.7474408e-07 6.5759014e-07 2.3237149e-06 0.05306778 0.055148188 1.3422432e-07 0.06419614 0.011091624 0.0021390312 0.035252783 2.2627698e-07 1.0854941e-07 1.1719637e-06 0.00037227565 0.020143706 0.0016798528 0.00024844095 0.00039228177 9.451448e-06 5.518296e-05 0.0001515668 0.04185085 4.140177e-05 5.590169e-07 8.7245e-05 3.1848485e-05 0.0001966824 0.0016993134 8.7591805e-05 4.709853e-06 1.8475005e-09 1.1381519e-06 6.7346125e-05 4.050844e-05 4.3509985e-08 5.846701e-06
0.78643256 0.22826381 0.08774482 0.6098414 0.011542201 0.08253036 0.008545035 0.0458618 0.011456771 0.02143229 0.5762463 0.869576 0.029751992 0.66027105 0.00019032504 0.00047945074 0.00032402098 0.94848734 4.3835983e-17 0.23065965 0.030919988 0.00017875836 0.97514516 9.328352e-05 0.009905761 0.00033269907 4.508126e-05 0.0036104019 0.00015453555 0.00022420636 0.0005543097 0.35356614 0.00030535483 0.00550409 1.08899985e-05 0.2726455 0.01717738 0.000113532784 1.1497613e-05 0.5954574 3.423543e-05 0.00010048112 0.00021567126 0.00084421114 0.014391742 0.0050892183 0.0014927149 0.00012569895 0.0033927602 0.00019996823 5.473807e-05 0.0016554605 0.0030497038 0.16565987 2.735724e-06 0.00015121323 0.17638424 8.392074e-06 1.0722162e-06 2.8663168e-08 4.392865e-07 7.952497e-08 8.767613e-05 1.3580515e-08 5.6294266e-07 2.0723776e-08 7.921517e-06 2.0814841e-05 0.038711257 0.12125052 9.394616e-08 0.02419389 0.0036804941 0.011469676 0.048022628 4.1691405e-07 4.228295e-08 1.004056e-05 0.00014655152 0.007582794 0.006975604 0.00025574642 0.00033575963 5.383442e-05 0.00024003121 8.303654e-05 0.020754373 8.4679545e-05 2.5438553e-07 8.943098e-05 1.7474844e-05 0.00072638155 0.0030758062 0.0001772651 6.9849766e-06 1.1237591e-09 1.060941e-06 9.535252e-05 6.419199e-05 2.6620821e-08 2.0026011e-05
0.961711 0.16816047 0.071330674 0.040378027 0.28490248 0.0038857274 0.33898142 0.8556901 0.7819448 0.00024431228 0.001642349 0.09111303 0.12381293 0.74622077 0.021407614 0.57534015 0.010815207 0.6225639 0.23065965 3.963327e-13 0.00726727 0.0034391822 0.075135276 0.0043538464 0.0064212317 4.0405052e-06 2.7645422e-06 3.1911874e-05 0.0011013193 4.9958526e-06 0.0049029007 0.0002775953 0.8892048 0.0017716711 0.00026567563 0.0007732037 0.030758897 2.3574272e-07 0.0005072784 0.12894103 0.00075034297 0.0056524007 3.4545478e-06 0.7199067 0.014621473 0.0017238841 0.007690209 1.5274081e-06 0.00012454152 3.642557e-05 0.07957673 0.5250185 0.0067432886 0.041278254 0.00013390987 5.38761e-06 0.9332935 0.0134299835 0.00016522831 7.083809e-05 6.452619e-05 9.844103e-06 4.05485e-06 2.7455799e-06 1.0639314e-09 8.368362e-06 9.579412e-07 3.8631117e-07 0.019998664 0.0006294425 5.5364744e-06 0.014126306 0.4483631 4.6366764e-05 0.0029645765 2.2943865e-07 5.470613e-05 1.567777e-05 0.05446452 0.26377556 8.8096545e-05 0.018745543 0.009029195 3.113964e-06 1.2167351e-05 0.008006101 0.076273926 2.7395279e-06 2.686634e-07 4.973005e-05 0.00049155834 0.0001837174 0.0010013942 2.202609e-05 9.6496464e-05 6.4881607e-09 1.3552525e-05 0.0006267874 9.423579e-05 1.07749884e-07 0.0005351131
0.96074486 0.32675046 0.69043386 0.40556055 0.26676756 0.9113428 0.056780156 0.04633979 0.014326176 0.77959096 0.0850479 0.065461 0.59668875 0.013457696 0.013022199 0.006013011 0.049525958 0.015052992 0.030919988 0.00726727 2.6988042e-16 0.014845597 0.016798249 0.0066183573 0.9491183 0.051831968 0.6822441 0.41508216 0.0024729355 0.11220563 0.093423255 0.037711248 0.007230641 0.5084733 0.00040669346 0.01421898 0.64837354 0.017709987 0.00086837634 0.00398119 0.00020062474 0.0012294339 0.07803243 0.0014159923 0.22416027 0.35663506 0.044540197 0.078548916 0.018950192 0.023950337 0.003868012 0.00068669074 0.034663964 0.0007387723 7.026423e-05 0.011470732 0.0009944165 3.701821e-05 8.603848e-05 6.0409973e-05 5.153187e-05 4.250585e-06 0.004300829 6.510618e-07 0.00024919413 5.395407e-07 0.0023157322 0.0030518235 7.662889e-06 0.0031182377 6.039933e-08 1.6967124e-05 9.4195086e-05 0.00078176457 1.5402285e-05 4.0748173e-06 1.7284596e-06 0.0010068531 4.574076e-06 7.7414144e-05 2.1839911e-05 2.9192508e-06 5.3637714e-06 0.000364219 0.0021128599 1.5792333e-06 1.11757545e-05 0.00090935134 1.1922878e-05 0.00043112846 0.00034382375 0.00032862238 4.6315366e-05 0.00018797748 0.002497324 4.0785514e-07 0.00030822557 8.521328e-06 2.8930601e-06 2.1286695e-07 0.0011290939
0.98657024 0.003342565 0.0031146472 0.00030324998 0.040244773 0.00069334847 0.082355164 0.012633585 0.03331814 8.423389e-05 0.00010113708 2.8493363e-05 0.047534198 0.00026011223 0.5017323 0.08629264 0.9640996 0.00044070295 0.00017875836 0.0034391822 0.014845597 1.3137427e-16 7.6841236e-05 0.67360055 0.059991244 1.3316882e-06 1.6995237e-07 9.261214e-07 0.73083836 2.0225746e-06 0.82369304 5.731308e-06 0.04187912 0.021341577 0.14228381 9.615635e-06 0.17707175 1.9222678e-07 0.6669849 1.3274435e-05 0.15537815 0.15249139 6.5629456e-07 0.013465462 0.16244215 0.018271012 0.45650548 8.819187e-07 1.4057879e-06 1.3123581e-06 0.2105317 0.0059055192 0.09043659 6.490454e-06 0.005264086 4.3593448e-07 0.000396571 0.07871012 0.108999185 0.12588042 0.052394565 0.023422506 3.5274815e-07 0.0004888301 9.125744e-08 0.0011271312 1.6627054e-07 1.6180294e-07 1.2419648e-06 1.4877022e-06 0.021748144 2.412024e-06 0.00011873424 4.0171676e-06 2.662118e-06 4.839471e-07 0.0022511159 3.3999715e-06 1.5619331e-05 1.9326571e-05 3.756331e-07 1.329742e-05 1.8075609e-05 8.4601976e-05 4.9701957e-06 3.057772e-05 1.8979938e-06 9.920697e-06 0.0010332089 2.5132384e-05 0.009163996 7.608363e-06 8.886895e-06 2.8342596e-05 5.425774e-05 2.9509494e-05 0.0001291236 0.00026356918 3.545067e-06 6.65746e-05 6.857951e-05
0.9132138 0.06182383 0.04610447 0.51838595 0.003929462 0.054997377 0.0025317366 0.0053367163 0.0013157418 0.02114015 0.64670676 0.86325115 0.019602893 0.51769066 9.5085816e-05 0.00015835754 0.00018064985 0.7660284 0.97514516 0.075135276 0.016798249 7.6841236e-05 1.5312933e-16 4.1096584e-05 0.004230694 0.00017895042 6.4967375e-05 0.0109906355 3.655488e-05 0.00015332681 0.00021738828 0.71585196 7.152684e-05 0.00358275 1.6038747e-06 0.57208556 0.010797837 4.5136887e-05 1.598948e-06 0.9124498 1.1237516e-05 2.5832822e-05 0.0005150929 0.00030175646 0.010438101 0.002559326 0.0018059785 0.0001236782 0.015803514 0.00031760358 1.530509e-05 0.0004370893 0.0019216713 0.27725542 2.0443622e-06 0.00018901957 0.13429983 6.484697e-07 3.395317e-07 9.136729e-09 6.078778e-08 4.234889e-08 0.00012674439 1.2571116e-08 1.5351091e-07 5.0383203e-08 3.415661e-05 2.3723149e-05 0.057272345 0.3018671 1.3836539e-08 0.03508752 0.0008868709 0.02891738 0.096770324 5.9144435e-07 4.8802534e-08 1.0375783e-05 4.7040776e-05 0.0029819 0.016829766 0.000213501 0.00021161762 6.191827e-05 0.00018140776 8.592467e-05 0.021669153 7.072009e-05 1.3540446e-07 7.1753326e-05 7.1194895e-06 0.0011506367 0.0060394537 0.00013959272 1.8131961e-05 8.663157e-10 2.7024234e-06 5.828966e-05 3.983974e-05 1.0021745e-08 3.0684492e-05
0.96102124 0.001705399 0.001341537 0.00016520343 0.015855106 0.00022267597 0.03953322 0.003445587 0.058113646 1.7671375e-05 6.931019e-05 1.0588997e-05 0.03471445 7.5947384e-05 0.89622945 0.46429262 0.6954359 0.00025685047 9.328352e-05 0.0043538464 0.0066183573 0.67360055 4.1096584e-05 2.2891025e-14 0.011016871 5.5717743e-07 8.058311e-08 4.6218997e-07 0.28004834 2.4503012e-07 0.30023474 3.3561443e-07 0.2860541 0.0033920596 0.13450886 1.2314832e-06 0.030395344 1.2649285e-08 0.86539114 1.8947774e-05 0.051388986 0.96694356 1.0972328e-06 0.049136046 0.0291189 0.0032426396 0.05780283 9.12587e-07 9.622019e-06 7.875294e-07 0.63339424 0.023261186 0.027829349 8.383407e-05 0.0028765602 2.4718765e-06 0.0006904383 0.29034582 0.13027896 0.2656223 0.2309835 0.008942152 2.5649075e-07 0.00034890944 1.6601408e-08 0.0011482827 2.489709e-07 6.9416785e-08 2.05904e-05 2.6698572e-06 0.047460735 3.701316e-05 0.0017282692 1.7418424e-05 1.6021786e-05 1.2212823e-06 0.00027491752 1.2159149e-05 8.511805e-05 3.0628096e-05 1.2035647e-05 7.190664e-05 1.8072196e-05 9.361379e-05 5.339152e-06 0.0003058733 4.1147505e-06 7.756493e-06 0.0001001952 3.4884506e-05 0.038792375 1.1333113e-06 1.4368693e-06 7.1746513e-06 6.901575e-05 3.302904e-06 5.9090595e-05 0.0007354497 2.3855117e-07 0.0002656797 0.0006054961
0.9756534 0.13614675 0.4501352 0.10397091 0.18522108 0.46809027 0.056248847 0.027267836 0.017159624 0.32572603 0.028134203 0.018376697 0.5084486 0.015750175 0.02822352 0.007702392 0.07163657 0.008031268 0.009905761 0.0064212317 0.9491183 0.059991244 0.004230694 0.011016871 6.2558324e-13 0.04869656 0.4443327 0.13061793 0.009038892 0.06517913 0.25772312 0.013895546 0.01100449 0.9273281 0.0011154964 0.0054983217 0.8681125 0.035959132 0.0057213693 0.00256543 0.0009705457 0.0019388627 0.018767625 0.001278092 0.46519944 0.3874615 0.26772988 0.0240008 0.0036300637 0.004394221 0.0060122884 0.00054841925 0.07271997 0.00015193004 0.00021857489 0.0013220112 0.0010181586 0.00034300188 0.000979565 0.00046927333 0.00018514736 0.0006101324 0.0011535164 2.133745e-05 0.002791997 2.540231e-05 0.002635653 0.0012599721 7.981119e-06 0.0029110555 1.340508e-06 4.3792796e-05 0.00024282935 0.0014134296 6.377237e-05 2.928482e-05 7.452653e-05 0.002526681 2.2297674e-05 6.513611e-05 4.457084e-05 7.891867e-06 7.640918e-06 0.00085021555 0.00044283117 6.4634487e-06 0.00022751525 0.00018123967 3.245094e-05 5.2398173e-05 0.0010498541 6.600254e-05 4.085341e-05 6.98462e-05 0.0027102635 2.6385335e-06 0.0014489421 2.1558004e-05 1.750738e-06 2.607652e-06 0.0009259881
0.99536335 0.00023902953 0.00094056845 0.0011705502 3.2108197e-05 0.0070493044 1.22792935e-05 3.4890327e-05 2.806185e-06 0.047792085 0.003419714 0.00048775022 0.00024930394 1.42925355e-05 1.7630496e-06 1.4426389e-06 1.4376121e-06 1.8840525e-05 0.00033269907 4.0405052e-06 0.051831968 1.3316882e-06 0.00017895042 5.5717743e-07 0.04869656 1.7688333e-15 0.13395812 0.011270724 2.3350979e-06 0.95072114 3.1201995e-05 0.00020894586 2.0608206e-06 0.2624483 5.3914005e-07 0.00046865092 0.06024 0.91913867 8.4541233e-07 7.5919247e-06 1.3595808e-06 3.8621856e-06 0.014983394 2.4453184e-06 0.041552182 0.7762838 0.00128471 0.036732905 0.0018745179 0.0028991145 1.7295575e-06 1.778047e-06 0.03710816 5.1298985e-06 1.179673e-06 0.0037101533 3.582992e-06 1.2851766e-08 1.7778986e-07 3.5078813e-08 4.688085e-07 2.3859326e-07 0.007225278 1.8150656e-06 0.06362888 8.431756e-07 0.024992716 0.009095244 7.892711e-06 0.0003475702 1.5355471e-07 6.0163347e-06 9.150489e-07 0.0003107716 7.348969e-06 0.0041046333 2.9568835e-06 0.055662643 4.9190608e-06 1.03288085e-05 1.346986e-06 7.673581e-06 4.233864e-06 0.004983956 0.0005483241 3.2128519e-06 6.784523e-06 0.0005784289 2.7834108e-07 0.0004999477 2.2366145e-05 4.826731e-05 7.735341e-05 6.522787e-05 0.0046516694 2.157749e-08 0.01011557 3.6518873e-06 3.754786e-06 7.619563e-09 0.0002559211
0.97910076 0.00018583568 0.0003544146 0.0017445248 1.695711e-05 0.08824131 3.9912425e-06 1.7859137e-06 1.6397634e-07 0.6325463 0.08628747 0.00014210708 0.0008588072 1.9156255e-06 2.184818e-07 2.0199037e-07 1.2949434e-07 2.9895307e-06 4.508126e-05 2.7645422e-06 0.6822441 1.6995237e-07 6.4967375e-05 8.058311e-08 0.4443327 0.13395812 3.4225708e-16 0.65583354 9.651662e-07 0.62805074 1.2819959e-05 0.0035195951 2.7163788e-08 0.60836846 7.7947675e-09 0.0040681376 0.1272278 0.08316762 2.7386395e-08 4.8177724e-05 1.1994459e-06 1.2560932e-06 0.5235854 1.3742512e-08 0.07323361 0.2678679 0.0013313313 0.98320276 0.060585223 0.22751316 1.5588116e-08 2.7005452e-08 0.014922729 9.61182e-06 2.030748e-08 0.2088663 1.2508202e-06 7.3082285e-10 1.4084999e-08 6.9288536e-10 6.5019368e-09 3.1524539e-09 0.13065459 1.844002e-08 0.0040247627 1.250857e-08 0.028856901 0.07363311 1.6653134e-06 0.0012176087 7.2216015e-09 2.5643046e-06 4.1239154e-08 0.0077540237 1.68834e-05 0.00021417643 3.115645e-06 0.11947779 5.491972e-07 1.4951381e-06 8.640601e-06 4.8249203e-06 1.0204926e-06 0.055174828 0.010851626 2.934658e-05 2.4258306e-06 0.0070121824 3.00981e-08 0.002623394 5.9856563e-07 0.0009997925 4.657579e-06 0.0006282248 0.0178874 1.7412891e-09 0.009341113 2.687052e-05 1.3087343e-07 9.369256e-09 0.0014862353
0.9584276 0.0017692302 0.0024357145 0.036743626 3.287893e-05 0.1473924 1.1221709e-05 5.177929e-06 9.429143e-07 0.6596433 0.76734376 0.021324988 0.005045093 2.1080315e-05 2.0019777e-06 1.2218001e-07 1.1743389e-06 5.112973e-05 0.0036104019 3.1911874e-05 0.41508216 9.261214e-07 0.0109906355 4.6218997e-07 0.13061793 0.011270724 0.65583354 1.8083275e-17 5.9219894e-07 0.02886387 1.2063249e-05 0.50083953 2.2775869e-07 0.12627472 2.1295865e-08 0.3132703 0.04350381 0.006466341 1.0268904e-07 0.002997433 1.0793855e-06 2.5546633e-06 0.96950805 1.8337474e-07 0.020456476 0.04798128 0.00078438624 0.34374416 0.8540129 0.77546227 4.1367407e-08 1.685376e-06 0.005871592 0.00041836366 2.2450645e-07 0.74613684 6.5349406e-05 5.7264367e-09 1.920874e-08 4.2909465e-10 7.470591e-09 6.459896e-09 0.023805132 2.6030587e-09 2.3157331e-06 8.446032e-09 0.0011847749 0.009437573 4.224956e-05 0.0657521 8.482449e-10 1.7436307e-05 2.5692262e-07 0.19512749 0.0007357717 1.8195908e-06 8.612665e-07 0.024937024 5.687623e-08 1.2896569e-06 0.0011974712 4.579916e-06 6.2061176e-06 0.030740444 0.10157997 9.245096e-06 6.0284187e-06 0.028991546 6.248845e-09 0.022847595 5.9727125e-07 0.0070460946 0.00018802678 0.0024344625 0.0050298185 4.3712817e-10 0.00045823565 4.1338328e-05 2.787898e-07 7.3420576e-09 0.004181506
0.98433226 0.0021284872 0.0018530027 0.00026834093 0.016548734 0.0006021004 0.0234492 0.0034238258 0.008743075 0.000103645034 6.599021e-05 3.3219858e-05 0.0059123267 0.00030860383 0.27569488 0.03396574 0.47938624 0.00029822811 0.00015453555 0.0011013193 0.0024729355 0.73083836 3.655488e-05 0.28004834 0.009038892 2.3350979e-06 9.651662e-07 5.9219894e-07 2.783601e-17 5.1560014e-06 0.90548486 2.204979e-06 0.01002967 0.003296241 0.9140087 2.1257951e-07 0.058741067 1.2188498e-07 0.47457296 1.3549262e-06 0.7632726 0.04156117 4.6000886e-07 0.0037395537 0.054897685 0.005764646 0.43164796 6.618571e-07 9.468788e-08 3.1863732e-07 0.06932387 0.0014943777 0.08928532 4.5102118e-07 0.35121843 7.544253e-08 4.2595508e-05 0.0058280267 0.3204656 0.12997836 0.031283487 0.18291804 5.25876e-07 0.037121497 1.6293706e-07 0.027014447 3.7201778e-07 1.3578529e-07 6.1493205e-07 9.877012e-07 0.007259689 7.554206e-07 0.00011344426 1.5040821e-06 7.8709616e-07 1.517863e-07 0.070118375 8.645257e-06 1.1024274e-05 2.7778078e-05 3.1250547e-08 1.1243884e-05 4.2999222e-06 1.7667046e-05 7.728973e-06 2.1442997e-05 6.8212665e-07 8.609384e-06 0.0010694115 8.438211e-06 0.004121345 1.1074026e-06 5.738881e-07 6.8465242e-06 5.9331207e-05 0.00010863957 2.2579217e-05 0.00023031022 6.929736e-07 3.7722704e-05 1.9810066e-06
0.9618365 0.00017207836 0.0002802259 0.00090605795 2.5295001e-05 0.0056009297 5.054424e-06 2.5495387e-05 1.1871317e-06 0.061358113 0.005277845 0.00024760433 0.00021561985 4.0311447e-06 1.414366e-06 6.2444855e-07 1.2976762e-06 7.583855e-06 0.00022420636 4.9958526e-06 0.11220563 2.0225746e-06 0.00015332681 2.4503012e-07 0.06517913 0.95072114 0.62805074 0.02886387 5.1560014e-06 1.2781421e-14 3.143139e-05 0.00019278094 3.4708393e-07 0.3086854 2.537979e-07 0.0003432031 0.06292104 0.90776545 1.1950941e-07 6.6410576e-06 2.6100204e-06 8.997668e-07 0.05327879 4.7287895e-07 0.030707974 0.43971205 0.0013327636 0.51188326 0.0012914157 0.007009828 9.871667e-08 5.839387e-07 0.015025541 5.868582e-06 7.17911e-07 0.0066384426 1.289159e-06 1.4640021e-08 2.3206441e-07 4.307143e-09 9.052723e-08 1.05760975e-07 0.05168058 9.663414e-07 0.102198645 4.7216378e-07 0.24066149 0.055437017 2.116594e-06 0.00024680162 3.0688806e-08 1.7597588e-06 1.4896493e-07 0.00029274923 6.015864e-06 0.0052706823 3.433668e-06 0.15137838 1.7872613e-06 2.8994627e-06 1.1418571e-06 9.757116e-06 8.140201e-06 0.024467072 0.0009250763 1.1996663e-05 6.2467875e-06 0.0007640378 3.526385e-07 0.00028667165 1.8811063e-05 8.251234e-06 1.7594208e-05 0.00022396081 0.0049631125 1.6294567e-08 0.017985431 2.0010377e-05 2.2469162e-06 3.7245957e-08 0.0012037348
0.9941152 0.018171493 0.055024527 0.0017350325 0.22930437 0.0067684543 0.13533254 0.027874364 0.0426817 0.000702306 0.00078836316 0.0001990329 0.34365636 0.0019808498 0.2770136 0.07743007 0.60853654 0.0010570614 0.0005543097 0.0049029007 0.093423255 0.82369304 0.00021738828 0.30023474 0.25772312 3.1201995e-05 1.2819959e-05 1.2063249e-05 0.90548486 3.143139e-05 2.2093213e-17 4.59156e-05 0.032903533 0.068827264 0.19243923 2.1993093e-05 0.5078827 6.7624505e-06 0.21550654 3.3422508e-05 0.4581453 0.033850644 1.0795621e-05 0.0052773394 0.6070447 0.045550756 0.9193054 7.5287285e-06 2.596032e-06 3.612265e-06 0.05109741 0.0027790614 0.37373608 1.36357185e-05 0.07235704 9.150507e-07 0.00042082102 0.0060612643 0.06954616 0.036364693 0.009124309 0.037835173 1.3296849e-05 0.01207118 4.24743e-07 0.0077152173 1.3384151e-05 3.1772718e-06 1.9861112e-05 7.078831e-05 0.0013313828 4.737402e-05 0.0004891409 7.8668796e-05 2.458088e-05 2.462485e-07 0.019278754 0.00015446836 8.741181e-05 0.00023999988 2.7838955e-06 4.6787773e-05 4.5629764e-05 0.000402275 2.3193168e-05 0.00015462149 1.4164631e-05 6.139108e-05 0.0002452727 4.268428e-05 0.004911753 7.930436e-06 9.038163e-06 7.7351935e-05 0.0007604123 3.9116512e-05 0.000109713554 0.0009270555 3.6401657e-06 3.9706865e-05 9.579703e-05
