2.6728604e-25 0.7748761 0.5229482 0.7244251 0.014891425 0.6797497 0.17386413 0.87025785 0.49100506 0.00975307 0.9245741 0.0006970656 0.008485008 0.031491313 0.6160334 0.000102857884 0.00014817157 0.5686693 0.7572332 0.0003269484 0.6768229 0.36433953 0.0057088747 0.23919332 0.018212672 0.0011284195 0.0008731875 0.96380943 0.21338329 0.5865181 0.13656838 0.0031097857 0.35531613 0.18121104 0.89836514 0.32301384 0.08980588 0.34224904 0.9401897 0.0024182086 0.026040094 0.7477993 0.7408924 0.21145236 0.0049020476 0.7344144 0.00085878884 0.5951514 0.0003974568 0.24599218 0.36706114 0.3429124 0.00019157847 0.003500116 0.00025100203 0.9085437 5.4829816e-05 0.0042483425 0.02279213 0.8155503 0.2188557 1.2137172e-05 0.0014552992 0.7268362 0.0055181202 0.84843147 0.00046889772 0.89114314 0.012751719 0.80939484 0.9956359 0.96845734 7.918753e-06 0.16483839 3.1074953e-05 4.2806536e-05 6.8387917e-06 0.9554812 0.99922484 0.9899972 0.000351116 0.0022912 2.476127e-07 0.85340565 0.025478503 0.9569483 0.98968923 1.0608028e-09 0.15898028 0.9993913 0.00598447 0.9953357 2.7636327e-06 0.19809984 1.0868608e-08 0.9879706 0.9972405 0.9973693 0.9995188 5.959753e-10 0.99978
0.7748761 1.7024456e-16 0.86186326 0.67213863 0.9490174 0.24189672 0.7570839 0.5455103 0.09194447 0.21067362 0.91858834 0.26240513 0.43953806 0.16265354 0.5653934 0.5863994 0.5783035 0.0250882 0.12257398 0.06679244 0.005098261 0.11687553 0.5067007 0.011731312 0.020988792 0.0031614776 0.10506493 0.4805415 0.0044504055 0.09793692 0.0024765711 0.012662853 0.00024019906 0.00082877016 0.0434929 0.0070059346 0.011031522 0.0013612027 0.004480073 0.0007738374 0.0004164382 0.5035962 0.00079957664 0.0044567334 0.0008646139 9.41272e-05 0.002805433 0.27445948 0.0017643676 0.0020743732 0.025760563 0.17786859 0.0005431668 8.1520915e-07 0.115008764 0.15565261 0.00097619236 0.00015795845 2.7213304e-05 0.2895418 0.00031986722 0.00016825079 2.4416378e-05 0.118090965 5.6623358e-05 0.020066135 9.562444e-05 0.22253218 8.915771e-05 0.032031693 0.13691007 0.082196884 7.6150336e-06 0.0002070681 8.0613205e-07 1.0775702e-06 1.3588171e-06 0.018938296 0.02659802 0.0012094012 1.0225267e-06 2.9183615e-05 0.0003442787 0.01694587 0.00052318303 0.0003383516 0.004360867 9.344155e-05 2.8763323e-05 0.010786321 9.384664e-05 0.0027634485 1.7707225e-05 0.0025111756 6.8126496e-06 0.005798804 0.0049810456 0.0015968718 0.034126837 5.735401e-07 0.024473885
0.5229482 0.86186326 4.4975262e-17 0.95734924 0.710624 0.6960063 0.005336974 0.7531376 0.4662024 0.000877098 0.042636573 0.002426996 0.86246616 0.85354316 0.005022775 0.049364746 0.0071885823 0.08989318 0.19791652 0.0007547099 0.031842284 0.00054327276 0.53717846 0.38943478 0.33304113 0.11842544 0.31099135 0.21451339 0.0051816814 0.11717455 0.022603609 0.00023919372 0.0014502346 0.0009463679 0.032595433 0.013765743 0.00054709736 0.001725463 0.005114931 5.8395322e-05 0.001898507 0.028052138 0.00066563615 0.00014306737 0.012012916 0.00027763657 0.07150504 0.03926251 0.043241743 9.064113e-05 0.0009018987 0.0018241205 4.1345702e-05 3.52377e-05 0.21534835 0.033800147 0.031458043 0.00097941 0.00017003939 0.01769206 2.4580318e-05 9.8975404e-05 2.9966925e-06 0.0026473932 2.0807816e-05 4.1963693e-05 1.3775625e-05 0.0056033717 0.00012388325 0.030461563 0.0037072727 0.014946971 4.1215273e-05 0.00023437565 1.2493413e-05 9.590413e-06 2.903857e-06 0.00081274373 0.00570185 0.0014984714 8.9513316e-07 1.2905743e-05 0.0072605326 0.008530115 8.170718e-05 0.0001529783 0.0012542037 0.0025033853 2.1719627e-05 0.00015490044 2.6939333e-05 0.0007500311 2.6125641e-05 0.0006438463 6.629513e-05 0.0028092226 0.00012244754 0.0011705402 0.0010498579 8.88937e-06 0.00048380453
0.7244251 0.67213863 0.95734924 2.6535772e-18 0.2603327 0.8956418 0.026737858 0.96724766 0.38465992 0.0041917115 0.10921306 0.003598045 0.34334707 0.62647414 0.009060838 0.0029120452 0.003973655 0.078132264 0.43971735 0.0007883196 0.041392516 0.0017343818 0.33754373 0.17844704 0.23158017 0.09626314 0.15782025 0.538619 0.003907452 0.28019387 0.031741735 0.0008670143 0.0051706485 0.00208814 0.1100388 0.013211573 0.0017625034 0.0020897565 0.008864 0.00050784566 0.0013077175 0.05217284 0.0015330758 0.000535342 0.011855574 0.00015132099 0.09944962 0.083930135 0.02971124 6.955898e-05 0.0016918306 0.0036818618 0.0001215635 0.0002255274 0.10530152 0.072607934 0.024884708 0.0007431304 0.00021810722 0.031301323 7.0860888e-06 9.1370865e-05 1.1829592e-06 0.004920905 3.6709087e-05 0.00012610671 2.0034863e-06 0.010746881 0.00010451444 0.10729238 0.010715314 0.042339027 4.2890406e-06 8.62409e-05 1.930789e-05 7.66578e-05 4.669732e-07 0.0016200084 0.03264407 0.0043596574 4.4847425e-07 1.9561885e-05 0.0055388594 0.02109373 4.4365246e-05 0.00023627606 0.0021162943 0.00040257876 1.0759678e-05 1.3649927e-05 1.5825561e-06 0.012854387 1.5163133e-05 7.523694e-05 0.00022927257 0.015069992 2.4328308e-05 0.010124571 0.0017217638 1.994847e-05 0.00027716253
0.014891425 0.9490174 0.710624 0.2603327 2.0367872e-20 0.044970296 0.037673857 0.09555389 0.027603203 0.0070588137 0.17310858 0.014345664 0.6095359 0.11811081 0.03638932 0.95828277 0.10604912 0.012120281 0.005875451 0.0061136526 0.0036737423 0.0040404554 0.49804562 0.0071636513 0.008872475 0.0016992282 0.09999346 0.046459522 0.0010275877 0.006876665 0.0036881575 0.0006604338 0.00038493288 0.00033956976 0.0019175778 0.0011462935 0.0005236058 0.0002606026 0.00018234803 8.829172e-06 0.0002693796 0.05003899 0.00019812143 0.00025173486 0.0006037208 9.1968395e-05 0.0021688973 0.021857413 0.0010243373 9.526852e-05 0.0005215684 0.007247562 4.4697713e-06 1.2437795e-06 0.13873027 0.00462851 0.0010667834 4.2191823e-05 6.5551985e-06 0.01708443 8.796982e-06 1.9563713e-05 2.833038e-07 0.0053466265 1.807205e-06 0.00080987904 2.1578255e-06 0.009703434 1.8757037e-05 0.0019052934 0.0052167894 0.0030147329 2.8819459e-06 9.996332e-06 8.449726e-08 1.0030619e-06 1.1137308e-06 0.0014788113 0.0013595835 0.000571811 2.0661072e-07 3.782467e-06 0.0004014024 0.0022016747 9.246793e-05 0.00016821534 0.003547739 0.00025991432 1.6029375e-06 0.0031024173 4.7138296e-06 0.0010044423 4.14571e-06 0.00042299597 1.9931109e-05 0.0016163988 0.0012720244 0.0016593505 0.0024182189 3.5305966e-06 0.002402727
0.6797497 0.24189672 0.6960063 0.8956418 0.044970296 4.074507e-17 0.0006414915 0.6593781 0.9408157 5.677021e-05 0.0038401019 0.0005537288 0.25054258 0.684157 0.00035106944 0.00029297767 0.00055915985 0.27750662 0.8894228 5.0614493e-05 0.15191369 5.692293e-05 0.18128584 0.42533743 0.48812354 0.30744523 0.103655495 0.22260484 0.010678482 0.7419955 0.06867815 4.7890415e-05 0.013188625 0.003141674 0.32543036 0.031931408 0.000116808966 0.002632081 0.015808376 2.8455506e-05 0.013991195 0.012241883 0.0013841497 3.3828313e-05 0.046526153 0.00036869984 0.24056244 0.040139556 0.10792389 1.7962544e-06 0.00026057553 0.00030908303 2.93046e-05 0.0003794739 0.08885449 0.026613439 0.0893261 0.004100539 0.00024133058 0.00871566 7.7678897e-07 2.494886e-05 3.8508745e-07 0.0003683168 7.0371796e-05 1.25114e-06 1.138103e-06 0.0023364034 0.00014321631 0.14671859 0.0017348209 0.021700474 3.6057904e-06 0.00011740904 4.955984e-05 0.0001726415 6.684908e-08 1.4688067e-05 0.020698419 0.005418052 4.083771e-07 3.870187e-06 0.0042541903 0.019841988 2.5717302e-06 0.00014046677 0.002504504 0.00048174628 1.349194e-05 4.8400705e-07 6.1221056e-07 0.008348829 1.44434935e-05 1.06653215e-05 8.105415e-05 0.013718741 4.089855e-07 0.014787726 8.833884e-05 3.4450153e-05 5.9323197e-06
0.17386413 0.7570839 0.005336974 0.026737858 0.037673857 0.0006414915 7.5723623e-16 0.025484882 9.7790406e-05 0.9096688 0.9318486 0.669672 0.0011222969 8.5270556e-05 0.96911865 0.035292696 0.23903212 2.9516419e-05 0.00029089433 0.15813074 8.3667655e-06 0.8276088 0.0051815007 3.6192268e-06 6.294584e-05 7.0081833e-06 0.0008337208 0.105378374 2.5313486e-05 0.0020859723 1.8095452e-06 0.40643033 1.8423725e-06 9.374408e-06 0.00013179747 7.2493145e-05 0.059252262 7.5986536e-06 1.7113252e-05 0.014847543 5.514963e-06 0.41337472 7.839838e-06 0.044988304 4.3702153e-06 3.3752036e-07 2.7815283e-06 0.10205104 2.1787248e-06 0.008660041 0.10987096 0.47490978 0.0032600858 8.901319e-07 0.0034581425 0.019596044 1.24656235e-05 2.5562886e-06 2.4161278e-07 0.16837834 0.00036085412 0.0016121243 5.4209744e-05 0.1385248 1.3697148e-06 0.07390999 0.00016389544 0.32935703 8.588477e-07 0.00093451893 0.22762169 0.005746567 0.00015888139 1.8253593e-06 1.137299e-06 3.078547e-07 1.7144665e-05 0.19475499 0.0011736348 8.674542e-06 2.6891206e-07 6.890585e-07 1.3260739e-06 0.00072441273 0.0003867739 1.7575543e-05 0.0004675989 2.3937523e-07 4.0569694e-06 0.07695964 0.000101344376 7.934178e-05 2.324781e-06 0.0055202283 8.621573e-07 0.00032334987 0.0073810616 0.00024827066 0.03509183 1.466693e-07 0.032258358
0.87025785 0.5455103 0.7531376 0.96724766 0.09555389 0.6593781 0.025484882 2.6505119e-18 0.12706585 0.0013495333 0.16227119 0.0024841337 0.1581199 0.31940943 0.010703018 0.0005701973 0.0012255965 0.023520488 0.3523867 5.4996086e-05 0.01569687 0.0012849844 0.13540441 0.05113225 0.077809975 0.037171483 0.060999114 0.9647886 0.001319331 0.5947628 0.004032226 3.6368576e-05 0.00028074672 0.00042446185 0.14652267 0.012943004 0.001034727 0.001250177 0.008533108 0.00022494097 0.00030085593 0.16410148 0.0007593387 0.00042407503 0.0018836241 4.9681836e-05 0.016440421 0.21331932 0.00485756 0.00011318922 0.004259661 0.010561692 0.00010081563 6.6942293e-06 0.02024827 0.16384035 0.0036985113 0.00015989586 7.0682e-05 0.0666383 8.415556e-06 0.00012026119 2.092248e-06 0.0065538143 5.616484e-06 0.0002839637 1.2841599e-06 0.016374063 3.7833423e-05 0.35064036 0.01866004 0.15124059 6.7705237e-06 6.454582e-05 1.9066912e-06 6.798514e-06 2.7179664e-07 0.0029631082 0.067443766 0.005621833 1.1102994e-07 1.1248964e-06 0.00046571554 0.04098338 4.9223476e-05 0.00022239117 0.0028374658 8.119326e-05 7.2288776e-07 0.00017384728 5.036053e-06 0.017468281 2.9484806e-06 0.00022872484 1.0456104e-05 0.033498973 2.6969024e-05 0.01585026 0.006770627 7.077561e-07 0.0017169298
0.49100506 0.09194447 0.4662024 0.38465992 0.027603203 0.9408157 9.7790406e-05 0.12706585 1.5042308e-18 8.455994e-07 0.00070868316 4.265657e-05 0.28736433 0.7520833 2.6894337e-05 0.00039931637 0.00039142318 0.90940076 0.7494875 6.0929247e-05 0.51906604 2.6511095e-06 0.19973738 0.89314294 0.73837084 0.38974038 0.10251773 0.03758627 0.05189924 0.28620732 0.40008622 4.297606e-06 0.13030899 0.027775008 0.15645441 0.058560584 1.5504062e-05 0.008611947 0.019316867 5.526071e-06 0.056173343 0.0018905771 0.0074446863 2.739097e-06 0.15240097 0.0011986846 0.38149962 0.007175326 0.26157883 3.759234e-07 5.5131837e-05 3.6576886e-05 1.1000454e-05 0.002849604 0.122910336 0.007104596 0.169385 0.023237865 0.00033916425 0.0020357375 8.826082e-08 1.7283319e-05 5.8801785e-08 6.438978e-05 0.00019340281 1.686187e-07 6.3125765e-07 0.000711364 0.0001769253 0.023329038 0.000384994 0.0039988705 2.423493e-06 0.00018583053 0.00013586502 0.00064253906 4.0805358e-07 4.5889924e-06 0.002155 0.006266929 3.2831613e-07 1.16013025e-05 0.007500296 0.007269231 1.5758453e-06 0.00028382646 0.003020549 0.00092897686 1.8383596e-05 9.787567e-07 1.2632589e-06 0.0030643435 7.291574e-05 1.0845298e-05 0.00012012421 0.0026496588 1.3869726e-06 0.0024224531 7.7243865e-05 8.962093e-05 3.7319915e-06
0.00975307 0.21067362 0.000877098 0.0041917115 0.0070588137 5.677021e-05 0.9096688 0.0013495333 8.455994e-07 6.400557e-21 0.4018947 0.9816817 3.0923723e-06 4.1721032e-07 0.4895368 0.018622907 0.17576604 1.6224318e-07 3.5943683e-06 0.20461576 1.2811049e-07 0.80523926 2.247247e-05 9.628563e-08 2.762048e-07 2.323327e-08 1.8199986e-06 0.0055591566 4.6557204e-07 6.0136932e-05 1.460621e-07 0.6535166 2.190873e-07 2.0163048e-07 6.9750117e-06 1.6279114e-06 0.19383095 1.430238e-07 4.3700635e-07 0.060315836 2.8489012e-07 0.099505216 3.135499e-07 0.071598455 6.16074e-08 8.529437e-09 7.683631e-09 0.0054962244 4.8766036e-09 0.013727581 0.11732253 0.34052297 0.007018126 1.5753585e-08 1.5213506e-06 0.0012127546 9.047924e-08 2.6979093e-08 2.5330161e-08 0.035667703 0.0005407931 0.0017801044 0.00010746917 0.071827345 2.183925e-08 0.0676103 0.00018086292 0.12978892 6.269995e-07 6.49727e-05 0.034349278 0.00045379763 0.00016911626 2.1123851e-08 2.2776335e-08 8.3173255e-09 6.396725e-06 0.124820285 5.2873842e-05 2.3387618e-06 2.3008309e-09 5.971818e-09 2.7035293e-08 0.00025644735 0.000796968 4.5228407e-07 0.0002724697 2.416297e-08 2.4348964e-07 0.057424374 0.00014288725 5.2880037e-05 5.8860806e-08 0.003925887 3.697599e-08 0.00021678043 0.004663362 0.00014866074 0.016315354 3.388152e-09 0.01472362
0.9245741 0.91858834 0.042636573 0.10921306 0.17310858 0.0038401019 0.9318486 0.16227119 0.00070868316 0.4018947 1.0271953e-16 0.0624655 0.017058365 0.003116265 0.96626997 0.027341267 0.055392716 0.00034204917 0.0017174123 0.0215922 0.00014039283 0.295873 0.0137881795 8.397971e-05 0.0014357708 0.00023578896 0.0029048156 0.49520597 7.04923e-05 0.04953661 1.2383463e-05 0.07454866 2.4133542e-06 2.3008399e-05 0.008246027 0.0014432946 0.038106117 7.782223e-05 0.00023318066 0.016284885 5.370758e-06 0.7314844 2.493207e-05 0.011475322 2.9034125e-05 1.9503234e-06 0.00026816953 0.33204857 0.00027067956 0.0050052595 0.05706277 0.5798233 0.0016731275 1.7763674e-06 0.006368686 0.1609442 6.339097e-05 9.262641e-06 1.4153194e-05 0.43161562 0.00039491418 0.0006048387 0.00010549209 0.2727409 1.7143226e-05 0.07015127 0.00058919145 0.51947707 8.556753e-06 0.05556003 0.5303483 0.16055593 0.00012681597 3.76755e-05 4.472862e-06 1.221099e-05 5.318138e-06 0.27595815 0.082513005 0.0005585318 2.214597e-06 1.7133189e-05 4.788854e-05 0.01980451 0.00016916837 0.00033878293 0.0012871836 2.5710671e-05 8.624842e-06 0.17952491 6.146899e-05 0.0037155442 1.7121232e-05 0.0029488467 1.3672412e-05 0.015228501 0.003147618 0.0061995196 0.11100267 2.9530113e-06 0.11835164
0.0006970656 0.26240513 0.002426996 0.003598045 0.014345664 0.0005537288 0.669672 0.0024841337 4.265657e-05 0.9816817 0.0624655 1.2042659e-17 8.1580096e-05 8.909179e-06 0.13802342 0.08147384 0.6474671 2.6279296e-05 1.1809601e-05 0.72515506 7.593264e-06 0.17876457 0.00042336402 1.099377e-06 4.2335032e-05 1.7131614e-06 1.8949995e-05 0.003832039 1.7745277e-05 6.982629e-05 1.6315505e-05 0.76875645 7.756294e-06 8.726734e-06 1.3324383e-05 1.0661712e-05 0.012222379 4.7814087e-06 1.3737317e-05 0.021772286 3.3867214e-05 0.012231683 2.4372455e-05 0.0036528192 9.241324e-06 2.3361401e-06 1.9906213e-06 0.00038577593 4.094237e-07 0.0023905882 0.008975185 0.05523628 0.004336145 6.233151e-07 0.0003693097 0.00036921588 9.7714565e-06 3.3920983e-06 1.3878962e-06 0.0022242013 0.00013411116 0.002250674 3.80173e-05 0.0058494257 1.38173e-06 0.0033382846 9.160469e-05 0.010812258 1.2865153e-05 6.318937e-05 0.00392111 0.00018265593 0.00021045735 1.434967e-06 1.4044954e-07 3.2489152e-07 8.138151e-06 0.0062635443 6.654742e-05 2.5508714e-05 3.2350144e-07 7.0066824e-07 3.6753394e-07 9.816761e-05 0.00025032955 3.59629e-05 0.0012482214 5.7742593e-08 1.9551031e-05 0.005194996 1.107777e-05 0.00024977062 1.1161938e-05 0.00012862263 8.6314947e-07 0.00034644507 0.0006414148 0.00052674534 0.0025642843 5.327163e-08 0.001167304
0.008485008 0.43953806 0.86246616 0.34334707 0.6095359 0.25054258 0.0011222969 0.1581199 0.28736433 3.0923723e-06 0.017058365 8.1580096e-05 8.167507e-20 0.94277716 0.000982033 0.24797088 0.0020209765 0.07794682 0.0377278 0.00011722836 0.017033258 9.881139e-05 0.8126806 0.16603914 0.26279223 0.12938641 0.52517706 0.033835392 0.0028271438 0.014436196 0.039540414 6.111614e-06 0.002217922 0.00083433767 0.0036236632 0.0006327838 1.4175117e-05 0.00019749814 0.00025913818 2.105577e-06 0.0047585526 0.0025537743 0.00026829308 1.6502636e-05 0.013375494 0.0001361048 0.038208682 0.0033940577 0.01741214 2.7143126e-06 0.0001909357 4.4279608e-05 1.8794908e-05 6.693895e-05 0.4254537 0.0018065296 0.035098355 0.0020191027 5.710696e-06 0.0016615326 9.645437e-08 0.000118894124 4.3063977e-08 0.0008131792 2.3236295e-05 3.2339998e-05 1.3773463e-06 0.0011328296 8.662935e-06 0.0012090254 0.00063405995 0.0005728011 4.3628632e-05 1.4579477e-05 1.1600394e-05 2.3550667e-06 2.3687451e-05 0.0001446066 0.00023991909 0.00032390418 1.0133093e-06 1.2328429e-06 0.007660863 0.00061274425 2.4800927e-05 3.213049e-05 0.001077089 0.0016654304 1.7799513e-05 3.528491e-05 2.4956437e-06 0.00023961333 1.7626588e-05 9.934477e-05 0.00012216283 0.0003878556 6.5769425e-05 0.0007227083 0.00045437788 6.6230887e-06 0.00016196129
0.031491313 0.16265354 0.85354316 0.62647414 0.11811081 0.684157 8.5270556e-05 0.31940943 0.7520833 4.1721032e-07 0.003116265 8.909179e-06 0.94277716 9.164743e-20 0.00012859578 0.012023132 0.00045094316 0.31747368 0.16891299 4.160577e-05 0.08298199 1.989128e-06 0.62166494 0.6174361 0.6613453 0.59798455 0.4178891 0.045515202 0.006475051 0.095360406 0.10098353 3.0370927e-06 0.0036318214 0.0014791102 0.025328157 0.004256427 5.104561e-06 0.0007516637 0.001493476 5.806014e-07 0.0061259028 0.0030405053 0.0002699294 8.3221385e-06 0.027464394 0.00034925496 0.13380039 0.007264553 0.04816815 4.846477e-07 0.00013331902 3.9911953e-05 1.571192e-06 7.9292004e-05 0.39570057 0.004022591 0.09843175 0.0014810752 1.8779265e-05 0.0032942016 1.4996371e-07 2.3663653e-05 5.9901076e-08 0.00037439924 6.284226e-05 6.47606e-06 2.9152752e-06 0.000944696 6.044155e-05 0.0051585124 0.0005219038 0.0022896328 1.8895397e-06 3.797005e-05 1.5243284e-05 1.7368503e-06 1.0142161e-06 6.861169e-05 0.00084367074 0.0005570874 3.6966946e-07 6.298324e-07 0.005260722 0.0035167485 1.1380167e-05 2.9882865e-05 0.0011282221 0.0015310282 9.419656e-06 9.409915e-06 1.0543012e-06 0.00022607196 5.2857026e-06 2.951349e-05 3.004065e-05 0.00090217235 2.543522e-06 0.001582782 0.00024674277 9.736082e-06 0.000120416815
0.6160334 0.5653934 0.005022775 0.009060838 0.03638932 0.00035106944 0.96911865 0.010703018 2.6894337e-05 0.4895368 0.96626997 0.13802342 0.000982033 0.00012859578 2.0133826e-18 0.01220333 0.07634959 9.957778e-06 7.403532e-05 0.06457049 2.5812765e-06 0.9765441 0.0016506428 1.0739616e-05 5.3662094e-05 2.650369e-06 9.1123635e-05 0.034255307 3.629721e-06 0.0022805424 1.2594853e-06 0.28054446 2.0454231e-06 1.683254e-06 0.00013022323 7.4809934e-05 0.14204288 4.0505597e-06 4.9543755e-06 0.0955107 4.986566e-06 0.5260136 3.464584e-06 0.0415733 5.6573235e-06 9.0830945e-08 5.160045e-06 0.0597342 4.9932473e-06 0.012452453 0.215756 0.7596465 0.0095997155 3.3972148e-07 0.00014528878 0.032811303 3.2430382e-06 1.7903337e-06 5.153683e-07 0.23130214 0.0013516953 0.0013938526 0.00031347648 0.26670605 1.6457834e-06 0.1301552 0.00025577252 0.47287557 6.217572e-07 0.0050009247 0.40655902 0.016989002 0.00013635035 2.7897797e-06 8.140609e-07 1.4480642e-06 1.8752833e-05 0.34873676 0.009832442 2.9485385e-05 1.5509917e-07 2.5454304e-07 2.1708413e-06 0.0018731429 0.00087760005 3.138592e-05 0.0005113228 8.122005e-07 3.892414e-06 0.2120623 0.00014337114 0.00045904284 3.2200508e-06 0.00538092 9.2461755e-07 0.0026107784 0.0061629014 0.0006181861 0.14678232 1.2556384e-07 0.09549417
0.000102857884 0.5863994 0.049364746 0.0029120452 0.95828277 0.00029297767 0.035292696 0.0005701973 0.00039931637 0.018622907 0.027341267 0.08147384 0.24797088 0.012023132 0.01220333 3.1456493e-20 0.8163467 7.245892e-05 1.1226902e-05 0.33404276 1.5366883e-05 0.0012214094 0.5378591 0.00093075307 0.0016243035 0.00012284219 0.15993053 0.00089645956 3.966272e-06 4.059127e-05 0.00025885412 0.010280832 4.7722883e-06 2.506769e-06 3.3827491e-06 2.9629016e-06 0.00010637971 2.2309002e-06 1.1283059e-05 0.00010897006 0.0001357671 0.002616025 2.1197584e-05 0.00033808194 0.00018867398 8.536229e-06 0.00015577313 1.7430124e-05 0.00015677747 0.0001083198 0.00017247826 0.00066007866 4.3610664e-05 6.751933e-06 0.23410077 6.549584e-05 0.000831827 0.00012034736 1.3625941e-05 0.0011154976 1.4081086e-05 0.00017461175 2.8717316e-06 0.0012509892 1.0656141e-05 0.00014968903 1.72151e-05 0.00201549 6.9335215e-06 0.00011315231 0.0025342559 0.00025326444 5.3777e-05 2.0211584e-05 6.589279e-07 6.423929e-06 2.3721236e-06 0.0004453262 0.00022045331 0.00015961629 1.1457429e-07 3.255056e-07 0.00021652218 4.4747205e-05 6.42324e-05 2.1115466e-05 8.3190556e-05 0.00053131656 5.7163516e-06 0.00027923376 2.5430709e-06 2.5955478e-05 2.1779384e-05 1.9963849e-05 4.55505e-05 0.0003810583 0.00012282579 0.00058159226 0.004092056 3.1034217e-06 0.00057941
0.00014817157 0.5783035 0.0071885823 0.003973655 0.10604912 0.00055915985 0.23903212 0.0012255965 0.00039142318 0.17576604 0.055392716 0.6474671 0.0020209765 0.00045094316 0.07634959 0.8163467 4.2671603e-19 6.172635e-05 0.00028854195 0.98225826 0.000114636336 0.049771376 0.0006298445 0.00020144395 0.00012962933 3.031486e-05 6.157907e-05 0.0048586465 6.106939e-05 0.0007232164 0.00014092041 0.6090646 0.00020054152 5.8523827e-05 7.6879274e-05 7.4092684e-05 0.002802724 0.00011606244 0.00014029954 0.0012767026 0.0001228382 0.01486784 0.00016892605 0.0019995936 5.462752e-05 5.052966e-05 7.8259445e-06 0.0006185037 6.866599e-06 0.0017144036 0.0028958232 0.024121372 0.00044336932 1.999846e-06 0.001372641 0.0013286208 7.620748e-05 4.1494795e-06 2.1651605e-05 0.004507615 0.00016410986 0.0007272698 3.0335537e-05 0.0036013732 9.876174e-05 0.0009621551 0.00015351086 0.0058424566 6.3140695e-05 0.0010791715 0.0042368895 0.0019156606 0.00010677214 8.08884e-06 1.5467789e-07 4.046166e-06 1.7892464e-06 0.0039841905 0.00094138144 0.0003549707 6.277349e-07 9.119345e-07 1.4295535e-05 0.00074888207 7.99299e-05 4.094019e-05 0.0008825085 5.463801e-06 2.2962497e-05 0.0032269836 2.8117664e-05 0.00064530835 7.1845593e-06 2.183102e-05 9.679966e-06 0.001060584 9.2515475e-05 0.0027236387 0.0038652923 2.1253146e-07 0.0024366565
0.5686693 0.0250882 0.08989318 0.078132264 0.012120281 0.27750662 2.9516419e-05 0.023520488 0.90940076 1.6224318e-07 0.00034204917 2.6279296e-05 0.07794682 0.31747368 9.957778e-06 7.245892e-05 6.172635e-05 5.55027e-18 0.57964134 7.787839e-06 0.9434779 1.3788984e-06 0.02176554 0.8883427 0.5717741 0.16287597 0.033959165 0.017300684 0.4074555 0.09421054 0.7806888 8.997364e-06 0.9161701 0.33625838 0.16310753 0.21772261 1.3436113e-05 0.1638708 0.11917084 4.400935e-06 0.31108811 0.00078697945 0.1406236 2.682905e-06 0.33505312 0.12402621 0.25020954 0.0019798658 0.23182927 2.2906568e-07 2.9117979e-05 1.5312857e-05 4.500525e-06 0.051071282 0.019660046 0.002446583 0.11248413 0.20272277 0.021527633 0.0008919364 2.6796828e-08 1.9584826e-05 4.4755968e-08 3.9703948e-05 0.0053586406 2.8386853e-07 5.0090125e-07 0.00045615932 0.0041442737 0.00957438 0.0001765459 0.0020317899 1.1944177e-06 0.0019133153 0.0022228525 0.019247297 2.1522402e-07 1.2426509e-06 0.0018425732 0.06641521 4.7355774e-05 0.00058573886 0.0058187246 0.011500092 4.3686528e-06 0.0044490555 0.011044892 0.00048138114 0.00020503897 3.3876384e-07 7.1868305e-07 0.012423322 0.00207091 1.0688487e-05 0.0002208386 0.0034481757 7.905265e-07 0.0028229987 2.1713351e-05 0.00014171326 5.974142e-07
0.7572332 0.12257398 0.19791652 0.43971735 0.005875451 0.8894228 0.00029089433 0.3523867 0.7494875 3.5943683e-06 0.0017174123 1.1809601e-05 0.0377278 0.16891299 7.403532e-05 1.1226902e-05 0.00028854195 0.57964134 3.1465315e-16 2.2135508e-05 0.7682327 2.2205282e-05 0.009611367 0.37861258 0.30322567 0.10717254 0.011493619 0.19686668 0.5024933 0.94547695 0.14948384 0.00024569573 0.117808536 0.26064208 0.75915796 0.6323156 4.7504724e-05 0.15691805 0.34010002 5.932795e-06 0.01767994 0.0075972485 0.090293005 1.6663455e-05 0.062493745 0.007250154 0.098205455 0.028791826 0.07393677 2.5219524e-06 6.702844e-05 0.000147115 2.0948655e-06 0.0013118295 0.0075704376 0.022901831 0.033915255 0.008270991 0.0013245124 0.0044545643 7.9005616e-07 3.1502198e-06 7.200286e-08 0.00019688433 9.7494834e-05 2.7713196e-07 4.341782e-07 0.0006231811 0.0006447003 0.28208375 0.0011365945 0.024750609 3.806232e-07 0.0003558976 3.1904146e-05 0.00035099027 1.9785254e-08 8.718362e-05 0.026118027 0.078700885 2.2253903e-06 8.741545e-06 0.0037456965 0.08538885 1.5888994e-05 0.0016951436 0.01326559 0.00047023915 5.7755573e-05 4.377329e-07 2.2303852e-06 0.067912824 9.651552e-05 1.0652006e-05 0.0003084352 0.045474324 4.4913727e-07 0.042282872 8.089099e-05 9.567743e-05 2.1093587e-05
0.0003269484 0.06679244 0.0007547099 0.0007883196 0.0061136526 5.0614493e-05 0.15813074 5.4996086e-05 6.0929247e-05 0.20461576 0.0215922 0.72515506 0.00011722836 4.160577e-05 0.06457049 0.33404276 0.98225826 7.787839e-06 2.2135508e-05 2.810241e-18 3.419484e-05 0.1028129 0.00014437937 7.671522e-05 2.1981585e-05 9.127328e-06 1.0554416e-05 0.0013502433 2.4203484e-05 2.3958924e-05 5.5865614e-05 0.9232016 3.235382e-05 1.7276398e-05 2.2698407e-06 1.0337411e-05 0.018562319 1.9544357e-05 1.2137427e-05 0.007710411 3.0364572e-05 0.0070293024 3.2520154e-05 0.0046906928 5.8913065e-05 1.430826e-05 9.839217e-07 0.00012489918 1.49488e-06 0.0035093194 0.006468342 0.021051487 0.003660215 3.1319437e-06 0.00040141254 0.00021264046 2.7129116e-05 9.6354715e-06 2.021039e-05 0.003108951 0.00048207465 0.0020445054 0.0006271177 0.0035549551 0.00013753056 0.002439236 0.0013721345 0.004289444 2.571577e-05 0.00041565936 0.0028019585 0.000572062 0.0006924607 1.8771567e-05 1.5224033e-07 1.11283525e-05 1.5058656e-05 0.002829315 0.00028415982 4.2190375e-05 2.0323768e-07 3.5311874e-07 1.1951561e-06 0.00016324854 0.0004655175 3.564875e-05 0.000748806 2.9824784e-07 2.9811876e-05 0.005937358 0.00032699297 0.00017196944 4.680645e-06 0.00044252552 1.6951234e-06 0.0005732763 0.0007058004 0.000272542 0.0025296425 3.6701326e-08 0.0017453303
0.6768229 0.005098261 0.031842284 0.041392516 0.0036737423 0.15191369 8.3667655e-06 0.01569687 0.51906604 1.2811049e-07 0.00014039283 7.593264e-06 0.017033258 0.08298199 2.5812765e-06 1.5366883e-05 0.000114636336 0.9434779 0.7682327 3.419484e-05 5.250244e-17 5.3326255e-07 0.006355377 0.56276137 0.2964864 0.0338153 0.0064534773 0.014326031 0.9452136 0.13352044 0.4906797 1.8344892e-05 0.8626556 0.60394895 0.28915995 0.562221 9.461179e-06 0.5014952 0.3402477 3.1508116e-06 0.20496202 0.0010245069 0.45542765 1.882464e-06 0.21224728 0.3698159 0.09535519 0.0035393042 0.09433541 6.189443e-08 2.0867672e-05 2.7259617e-05 2.094282e-06 0.032009445 0.005389394 0.00419933 0.040437322 0.18666147 0.04535841 0.00125878 1.2934246e-08 1.4127761e-05 2.0590681e-08 2.3119255e-05 0.0076064053 4.5038135e-08 3.4971137e-07 0.00052136905 0.0071618995 0.03385646 0.00026042396 0.00259111 1.3290592e-06 0.0015953443 0.0008808143 0.027473358 4.884256e-07 1.59151e-06 0.0037721198 0.11348365 3.4243694e-05 0.0001807305 0.003965858 0.044802804 1.5931912e-06 0.0038604243 0.020499231 0.0002733591 0.00019158651 8.370372e-08 4.1031453e-07 0.04808485 0.0042104037 7.674357e-06 0.00024448172 0.0084984265 1.8506341e-07 0.010115147 5.5853252e-05 0.00017262982 3.171795e-06
0.36433953 0.11687553 0.00054327276 0.0017343818 0.0040404554 5.692293e-05 0.8276088 0.0012849844 2.6511095e-06 0.80523926 0.295873 0.17876457 9.881139e-05 1.989128e-06 0.9765441 0.0012214094 0.049771376 1.3788984e-06 2.2205282e-05 0.1028129 5.3326255e-07 6.634117e-18 4.5277433e-05 4.0197046e-06 4.784949e-06 5.940526e-07 9.154338e-07 0.012701975 1.2281242e-06 0.0003744607 4.443075e-07 0.7551981 1.3781354e-07 5.30663e-07 2.1146943e-05 2.4847683e-05 0.93184996 2.3638313e-06 5.969447e-06 0.55606925 8.038099e-07 0.10370879 3.4241423e-06 0.33940622 3.2876042e-07 2.1124427e-07 3.3201903e-07 0.011094215 4.8265072e-08 0.11870994 0.5668927 0.6731166 0.076165624 1.377548e-07 4.3772627e-05 0.005417388 4.0530887e-07 9.049664e-07 6.746195e-07 0.05535387 0.016865449 0.009629575 0.0025496043 0.15100093 2.0667173e-06 0.3106094 0.0021188005 0.22576167 9.2097594e-07 0.00058380235 0.068518765 0.0030646343 0.0009086188 1.6406543e-06 1.214032e-07 3.7050984e-07 0.00014382019 0.418899 0.0011686167 4.0661494e-06 5.8857328e-08 6.891482e-08 2.79248e-07 0.0005742911 0.0016932922 4.012278e-06 9.967008e-05 3.2700857e-08 2.9891087e-06 0.29624027 0.0005737622 6.373692e-05 4.248352e-06 0.0075841816 5.0985784e-07 0.00093771104 0.0070368447 0.00021612215 0.08107224 1.0187024e-08 0.097101994
0.0057088747 0.5067007 0.53717846 0.33754373 0.49804562 0.18128584 0.0051815007 0.13540441 0.19973738 2.247247e-05 0.0137881795 0.00042336402 0.8126806 0.62166494 0.0016506428 0.5378591 0.0006298445 0.02176554 0.009611367 0.00014437937 0.006355377 4.5277433e-05 1.0167492e-20 0.04218505 0.14174533 0.128002 0.9595259 0.027324492 0.00041281854 0.0051139873 0.0042500664 1.6492297e-05 0.0005153757 6.567153e-05 8.731417e-05 0.00013298124 5.354252e-05 6.386195e-05 1.51152435e-05 3.1213017e-06 0.000455431 0.010868477 3.0233874e-05 9.645552e-05 0.004582597 3.5729314e-05 0.0173452 0.0033565466 0.0080392035 2.489396e-05 0.00016771557 0.00059281045 3.5403575e-06 3.2732992e-06 0.4158988 0.0010840449 0.015704198 0.00016901146 5.6827225e-06 0.002454317 4.7455437e-06 1.463732e-05 1.2499945e-07 0.00030901615 8.550993e-06 2.6001437e-05 8.491883e-07 0.0011334904 4.2161673e-06 0.0012906444 0.0020243733 0.0022265527 3.6433275e-07 2.2066931e-06 2.2905498e-07 6.943867e-07 3.3918994e-07 0.00027114205 0.0012418275 0.000174134 2.022588e-08 6.15574e-07 0.0002816201 0.0006316256 7.454629e-05 1.96522e-05 0.00033533308 8.863015e-05 2.0822533e-06 0.00011491797 9.843817e-07 8.131399e-05 4.9253435e-07 4.1649044e-05 1.5873386e-06 0.00089260144 0.00040324504 0.0018003888 0.0033881785 3.2847566e-08 0.00034231987
0.23919332 0.011731312 0.38943478 0.17844704 0.0071636513 0.42533743 3.6192268e-06 0.05113225 0.89314294 9.628563e-08 8.397971e-05 1.099377e-06 0.16603914 0.6174361 1.0739616e-05 0.00093075307 0.00020144395 0.8883427 0.37861258 7.671522e-05 0.56276137 4.0197046e-06 0.04218505 1.7914157e-18 0.8575585 0.5784473 0.14827704 0.01203321 0.15449198 0.10171335 0.93890643 1.4830007e-06 0.5977783 0.060710587 0.100087464 0.05297907 9.153802e-06 0.026677256 0.020153347 1.7334944e-06 0.49987328 0.00029388434 0.012827176 2.4301005e-06 0.41163054 0.01456476 0.36424085 0.0013940508 0.32331014 3.5664456e-07 1.183076e-05 1.4421912e-05 1.0592461e-05 0.024429655 0.2617645 0.0010730485 0.315726 0.19311033 0.0039043878 0.00033398304 4.766284e-08 3.816388e-05 4.8823022e-08 3.2037722e-05 0.0006881563 3.555263e-07 2.1335893e-06 6.58899e-05 0.0008701629 0.005679672 3.835898e-05 0.0009957684 2.8776835e-06 0.0003595632 0.0013551073 0.0053451126 3.2155215e-06 1.4852406e-05 0.00090678147 0.0057591014 6.5187533e-06 0.0001291343 0.017044999 0.006475484 4.5847755e-06 0.00080489105 0.004389643 0.007744697 0.00014452662 2.3471407e-06 1.1861098e-06 0.0013002951 0.0023619442 7.0316055e-05 0.00048672815 0.0008045726 1.532225e-05 0.00080310425 7.27138e-05 0.00078540534 3.0265843e-05
0.018212672 0.020988792 0.33304113 0.23158017 0.008872475 0.48812354 6.294584e-05 0.077809975 0.73837084 2.762048e-07 0.0014357708 4.2335032e-05 0.26279223 0.6613453 5.3662094e-05 0.0016243035 0.00012962933 0.5717741 0.30322567 2.1981585e-05 0.2964864 4.784949e-06 0.14174533 0.8575585 1.1235042e-20 0.94518715 0.21940532 0.010041183 0.0460796 0.09112444 0.67424196 3.6306799e-06 0.0837033 0.015755644 0.048674144 0.018086957 8.182379e-06 0.0042272294 0.004708551 1.5103492e-06 0.43317443 0.00065280363 0.0025836914 2.033767e-05 0.30764595 0.0056865285 0.4158819 0.0014364652 0.252874 3.8189978e-07 0.00016195835 4.6756457e-05 3.2824646e-06 0.0063321097 0.4347765 0.0009383734 0.31996045 0.08597332 0.001952585 0.00055081624 1.2820826e-07 2.3836561e-05 6.672399e-08 2.7701253e-05 0.00090890186 8.086553e-07 5.315504e-07 6.840393e-05 0.00097360444 0.00344656 6.5433844e-05 0.0012464466 5.16302e-07 0.00017812735 0.0007767627 0.00035344335 6.145411e-07 1.5379652e-05 0.00048128568 0.00183733 1.3759771e-06 2.260932e-05 0.016665133 0.0019580803 1.6566908e-05 0.00024146664 0.002836941 0.007822808 4.979981e-05 3.0171616e-06 2.94817e-07 0.001088046 0.00042005014 6.3656495e-05 0.00039023365 0.00091702904 4.4853186e-06 0.001470985 0.00011087002 0.0003112726 8.68737e-05
0.0011284195 0.0031614776 0.11842544 0.09626314 0.0016992282 0.30744523 7.0081833e-06 0.037171483 0.38974038 2.323327e-08 0.00023578896 1.7131614e-06 0.12938641 0.59798455 2.650369e-06 0.00012284219 3.031486e-05 0.16287597 0.10717254 9.127328e-06 0.0338153 5.940526e-07 0.128002 0.5784473 0.94518715 2.5478336e-19 0.2168568 0.0037642946 0.00299063 0.019465232 0.18782905 1.1092152e-06 0.0036237878 0.00066331116 0.0068480237 0.0018517845 1.2923052e-06 0.00045294603 0.0005144319 4.62623e-07 0.12531278 0.00022756928 0.00024704885 6.712894e-07 0.1934987 0.00022132501 0.5052101 0.0001609575 0.24679926 9.461674e-08 1.1231527e-05 5.325325e-06 1.5602661e-06 0.00054343883 0.373266 0.00033087967 0.32118136 0.024719913 2.3931361e-05 0.0003579172 3.918568e-08 5.8279734e-06 1.8930098e-08 1.3549113e-05 5.2592368e-05 2.3769663e-07 1.5787643e-07 6.0351285e-05 8.407218e-05 0.00096926367 0.00018152941 0.00044141719 8.6002956e-07 1.1330678e-05 9.700723e-06 8.815513e-05 6.8258636e-08 1.0527756e-05 0.00019465644 0.00063844025 5.221636e-08 1.435735e-06 0.006005137 0.0002574781 1.8288531e-06 5.394132e-05 0.00033263944 0.0038830657 2.4690423e-06 3.9403367e-06 6.950211e-08 4.951251e-05 0.00012297898 1.4381319e-06 8.952126e-05 0.00047088004 8.313979e-07 0.0010523676 0.00010607265 6.220562e-05 3.6064117e-05
0.0008731875 0.10506493 0.31099135 0.15782025 0.09999346 0.103655495 0.0008337208 0.060999114 0.10251773 1.8199986e-06 0.0029048156 1.8949995e-05 0.52517706 0.4178891 9.1123635e-05 0.15993053 6.157907e-05 0.033959165 0.011493619 1.0554416e-05 0.0064534773 9.154338e-07 0.9595259 0.14827704 0.21940532 0.2168568 9.84032e-21 0.013463883 0.00025585963 0.0034041444 0.015307499 2.0496175e-06 0.0014099388 4.1991076e-05 0.0001367684 5.244131e-05 8.735336e-06 2.4869423e-05 0.000121653735 7.561558e-07 0.002788733 0.0024791528 0.00011696302 2.5233563e-05 0.03220263 4.5303823e-05 0.14217371 0.0015358409 0.07049648 2.7732137e-06 3.0005318e-05 4.4396817e-05 3.125627e-06 4.376728e-05 0.73827046 0.00050627004 0.08544192 0.002590695 9.888572e-06 0.0020913915 9.402303e-07 7.5948783e-06 2.3079389e-08 8.557924e-05 4.6100493e-05 6.185573e-06 4.621671e-07 0.00033538076 5.350837e-05 0.0009841331 0.001625035 0.0016747734 9.1952124e-08 5.481823e-06 1.0761736e-06 1.9896752e-05 2.3486699e-08 0.00014625161 0.0006840084 0.00071905536 5.5938834e-08 2.2787463e-06 0.00085088593 0.0008579329 7.417986e-05 3.7259582e-05 0.0005018212 0.001178711 5.8546348e-06 0.00020290082 3.8348992e-07 0.00024150235 1.817034e-05 6.511764e-06 1.5311178e-05 0.0012466885 2.698307e-05 0.0020402605 0.00255849 5.3720637e-06 0.0005148143
0.96380943 0.4805415 0.21451339 0.538619 0.046459522 0.22260484 0.105378374 0.9647886 0.03758627 0.0055591566 0.49520597 0.003832039 0.033835392 0.045515202 0.034255307 0.00089645956 0.0048586465 0.017300684 0.19686668 0.0013502433 0.014326031 0.012701975 0.027324492 0.01203321 0.010041183 0.0037642946 0.013463883 4.998291e-16 0.00582313 0.6213878 0.0016045672 0.0011113515 0.0016250605 0.0026090525 0.33580387 0.02705855 0.0036127993 0.004023358 0.030473076 0.00038305737 9.9562065e-05 0.6855111 0.002606333 0.0021807507 0.00047988162 0.00022571499 0.0020914532 0.6934501 0.00059742737 0.00018515038 0.009962594 0.066586435 0.000120984994 9.2543405e-06 0.0050084544 0.50732005 0.00015715591 1.9707415e-05 4.684943e-05 0.21897443 4.8148602e-05 0.00027343235 7.3662723e-06 0.020014543 2.5343777e-05 0.00048674605 1.2351065e-05 0.045094993 0.00018041329 0.5247559 0.11139522 0.42805392 2.3131184e-05 5.9137787e-05 7.1589584e-06 1.4053583e-05 1.4295458e-06 0.0031776808 0.2254236 0.025277438 4.276877e-06 5.8531496e-06 0.001688664 0.085788645 1.283421e-05 0.00019912157 0.006227257 9.2633956e-05 9.574858e-06 3.2778495e-05 9.2566216e-07 0.02254224 0.0001214072 4.513078e-05 0.0002837582 0.111989476 9.491752e-06 0.071081154 0.0072308136 5.6951944e-06 0.0020746272
0.21338329 0.0044504055 0.0051816814 0.003907452 0.0010275877 0.010678482 2.5313486e-05 0.001319331 0.05189924 4.6557204e-07 7.04923e-05 1.7745277e-05 0.0028271438 0.006475051 3.629721e-06 3.966272e-06 6.106939e-05 0.4074555 0.5024933 2.4203484e-05 0.9452136 1.2281242e-06 0.00041281854 0.15449198 0.0460796 0.00299063 0.00025585963 0.00582313 3.3603788e-18 0.030014992 0.32615066 1.0633159e-05 0.6448346 0.9817981 0.05951287 0.51291215 9.187946e-06 0.6699474 0.2558226 8.256477e-06 0.14875314 0.0008469243 0.45501423 7.0133856e-06 0.057877675 0.5448606 0.010127023 0.0016230663 0.010949797 2.3057183e-07 3.890149e-05 3.9514583e-05 4.9895198e-06 0.036605697 0.00061446085 0.0015799061 0.0022251273 0.10996812 0.078045204 0.0009974198 5.4172602e-08 1.723907e-05 6.744333e-08 7.398641e-05 0.016826596 3.7251445e-07 1.5520253e-06 0.000296412 0.022238875 0.012028593 0.00045491575 0.0009225161 8.1248487e-07 0.0045641433 0.00057220925 0.030241556 8.7587e-08 6.04813e-06 0.0013107683 0.09736916 8.303346e-05 0.0003811868 0.00054586376 0.017309768 1.0158648e-06 0.0125340745 0.02742643 2.1965301e-05 0.00026704787 1.3511178e-07 5.609212e-07 0.03361004 0.004665775 1.2715833e-06 8.2776336e-05 0.0033545273 6.2726116e-08 0.00538024 6.0742786e-05 6.732166e-05 2.3696703e-06
0.5865181 0.09793692 0.11717455 0.28019387 0.006876665 0.7419955 0.0020859723 0.5947628 0.28620732 6.0136932e-05 0.04953661 6.982629e-05 0.014436196 0.095360406 0.0022805424 4.059127e-05 0.0007232164 0.09421054 0.94547695 2.3958924e-05 0.13352044 0.0003744607 0.0051139873 0.10171335 0.09112444 0.019465232 0.0034041444 0.6213878 0.030014992 1.155122e-17 0.02106493 0.00020227271 0.006013972 0.020012233 0.9873267 0.2323491 0.00038696904 0.0105992025 0.2257962 0.00018509671 0.0012091366 0.10191634 0.008029952 0.00039807797 0.004602784 0.002862658 0.011760448 0.18229614 0.0048721675 2.0102243e-05 0.0010052253 0.0045719394 1.4877726e-05 0.000110753885 0.0018755803 0.07972398 0.0006828186 0.00054549973 0.0005144834 0.019717785 2.5264587e-06 1.9103796e-05 5.8589944e-07 0.001560599 2.6423473e-05 3.9182298e-05 2.0176349e-06 0.0034417873 0.00046545066 0.5822143 0.0045784665 0.08230905 1.8769498e-06 0.00017872053 3.6432114e-06 2.8695977e-05 3.0762428e-07 0.00075728126 0.069373734 0.030880049 2.1612977e-06 1.6525579e-05 0.00029703425 0.121572964 1.5516485e-05 0.000791325 0.011469118 5.7273715e-05 1.5035681e-05 8.983509e-06 6.1710552e-06 0.04552733 3.4556237e-05 2.2977501e-05 4.6491186e-05 0.07272061 1.3955745e-06 0.058993824 0.0023145298 2.0492373e-05 0.0004201587
0.13656838 0.0024765711 0.022603609 0.031741735 0.0036881575 0.06867815 1.8095452e-06 0.004032226 0.40008622 1.460621e-07 1.2383463e-05 1.6315505e-05 0.039540414 0.10098353 1.2594853e-06 0.00025885412 0.00014092041 0.7806888 0.14948384 5.5865614e-05 0.4906797 4.443075e-07 0.0042500664 0.93890643 0.67424196 0.18782905 0.015307499 0.0016045672 0.32615066 0.02106493 5.732621e-17 2.872e-06 0.91057855 0.26205987 0.04288864 0.17053728 4.5827474e-06 0.15730992 0.0607019 2.9739308e-06 0.95875955 0.0001663363 0.10870841 1.0645338e-06 0.45193946 0.34194717 0.07597415 8.530065e-05 0.18266822 3.205783e-07 5.635144e-06 4.1183e-06 1.4996893e-06 0.42455524 0.014089179 7.294711e-05 0.074948736 0.43687233 0.14871517 9.369792e-05 1.3452677e-07 1.0979253e-05 1.4048624e-07 1.7234819e-06 0.115841664 1.642543e-07 2.0260186e-06 2.1336107e-05 0.03320725 0.002104474 1.04390965e-05 0.00031235532 6.313377e-07 0.009569405 0.06085942 0.05407293 1.3176502e-06 1.7434103e-06 0.0002754408 0.048707865 0.0003343113 0.005080138 0.007309509 0.004194967 1.3191968e-06 0.012574578 0.017536541 0.0005225059 0.0019888596 8.462932e-07 1.226313e-07 0.0013334813 0.017248059 3.3704757e-05 0.00066033925 0.0005656148 5.380668e-06 0.000593483 2.8350978e-05 0.0009921979 8.310194e-06
