2.0647184e-24 0.012858083 0.012759614 0.02427529 0.005046831 0.10188112 0.023430767 0.099777706 0.4419828 0.6934445 0.08789173 0.0024722565 0.00025712157 0.3122471 0.010315713 0.007810995 0.0035281766 0.0001412506 0.0051024635 0.03110292 0.0021923603 3.7089874e-05 0.33735737 5.4617954e-06 0.743518 0.0144634945 3.3354154e-06 0.00088497635 0.71784234 0.008095343 0.78966844 2.7917597e-06 6.312988e-08 0.7599751 0.024701405 0.0006995236 0.7678755 1.0152032e-08 2.9205192e-05 2.9466815e-10 0.7237966 0.5182591 0.039192878 0.35618755 0.5054501 0.62850726 1.8406527e-05 0.91681165 0.005209553 0.7514909 0.44445363 0.20293073 0.23576492 0.66858196 0.052682348 0.00015834697 0.75202304 0.75528663 0.69981927 0.9555232 0.49399975 0.7778908 5.1028743e-05 0.0002185707 0.062336802 0.09285526 0.0025567436 0.9950837 0.96927214 0.9939692 0.85844797 3.583951e-05 0.3398836 0.00017411905 0.7590798 0.012105159 0.9718139 0.15457204 0.81080925 1.07189e-06 0.00048025453 0.7131776 0.70687026 0.8249981 0.00036144516 0.21128578 0.4516748 2.553723e-06 5.5108652e-05 0.9971623 0.7147578 0.9987018 0.9994316 0.009791494 0.9995342 0.06649102 0.99312186 0.99641544 0.99594647 0.99768615 0.91387856
0.012858083 2.3639033e-21 0.92499316 0.60683507 0.90247566 0.47318548 0.5449409 0.3194865 0.5246772 0.6173844 0.041977704 0.3881312 0.010594634 0.04053089 0.46855193 0.021915881 0.0012624316 0.13995817 0.20774849 0.0014684747 0.05701855 0.092727415 0.062387034 0.11882153 0.1124621 0.0020009603 0.052624866 0.0012340952 0.37699428 9.105979e-05 0.22918648 0.0025377737 0.00063103286 0.0061907787 0.00029352304 0.00018728554 0.0034626701 0.001684233 9.228073e-05 1.3140633e-05 0.24733019 5.4593347e-05 0.00015666883 0.017271943 0.002662311 0.089529075 3.7331465e-05 0.008120477 2.5413627e-05 0.033911318 0.00037639207 1.3869906e-05 0.0006862325 0.025323201 1.1648824e-06 2.2393583e-06 0.007905108 0.00023247277 8.004112e-05 0.003899024 0.01931566 2.7030179e-05 4.158643e-06 3.3863108e-07 5.4488714e-06 1.4041893e-06 2.0250566e-06 0.0027120167 0.0012558153 0.0017642264 5.9119534e-06 2.020633e-06 5.3409367e-05 1.2479563e-07 2.3882298e-05 6.180183e-08 6.596076e-05 4.9303744e-06 0.0011172601 9.12088e-06 4.3500214e-07 6.2414635e-08 2.0062369e-05 4.394797e-05 8.380805e-08 0.00021593037 2.6181788e-05 1.729306e-07 1.0946617e-06 4.7132903e-06 1.5160698e-06 0.0008547675 0.00015532396 1.6592006e-06 0.00074517605 7.402689e-06 0.0003453424 8.849844e-06 0.0013706258 1.2572238e-07 2.634204e-06
0.012759614 0.92499316 1.9247598e-21 0.23584367 0.8829241 0.1877445 0.64969194 0.37797078 0.33994114 0.60432345 0.0033328438 0.67627543 0.05761955 0.13378637 0.3070134 0.002565616 0.016255194 0.112596065 0.07493812 0.015757155 0.012501166 0.045547318 0.008038222 0.09211864 0.038826212 0.0013572393 0.023017365 0.0014092895 0.33896556 0.000982768 0.41293532 0.0003311161 0.00016778675 0.036101017 0.00032841152 0.0002783508 0.0005553982 0.0004561669 0.00070753787 5.259986e-06 0.18905547 0.000513294 0.00063252496 0.0737642 0.00016313742 0.06251344 9.805809e-06 0.00048562814 1.2119684e-05 0.015692769 0.00020156734 1.3566983e-05 0.0044564363 0.055433568 2.0460961e-06 7.3825468e-06 0.0026757454 0.0015039669 6.622335e-05 0.0014593833 0.012668374 1.1555556e-05 5.689023e-06 5.822732e-07 1.4975034e-05 8.101366e-07 2.1835028e-06 0.0016538186 0.0068066265 0.0046076896 4.397652e-05 4.0407363e-06 6.3533495e-05 6.2094976e-08 1.3327077e-05 3.440912e-08 1.1400415e-05 1.5369396e-06 0.0021334235 1.0211326e-05 2.2814077e-06 2.0624614e-07 5.0167568e-05 1.4871441e-05 5.2441433e-08 7.0400194e-05 1.3351195e-05 1.3893695e-07 1.5551456e-06 2.208769e-06 6.0835475e-07 0.0015110561 0.00022049602 3.7006828e-06 0.00095981226 3.2942455e-05 0.0005384587 9.582185e-06 0.0029677772 1.2037266e-07 6.2562785e-06
0.02427529 0.60683507 0.23584367 5.3668977e-19 0.45726418 0.9660034 0.061825544 0.052304976 0.5583657 0.23840798 0.7866755 0.0077332724 0.00030354626 0.0006256813 0.53855604 0.4072379 0.00020722375 0.055242736 0.74387616 5.949864e-05 0.5527969 0.23633885 0.2642293 0.10068005 0.39761862 0.033521105 0.13221438 0.014448054 0.22508192 4.2858697e-05 0.034728333 0.107661776 0.0131021105 0.00016898375 0.0034698439 0.0044351732 0.041014962 0.011000236 1.5932192e-05 0.00030689334 0.2317067 1.4606162e-06 3.3421707e-05 0.00042490952 0.021137504 0.14821199 0.0005847596 0.043541018 0.00062454684 0.09975691 0.0042906506 0.0011665728 1.4085034e-05 0.004685319 6.889764e-05 4.359106e-06 0.030730655 3.8134492e-06 0.0013339303 0.012341834 0.012119494 0.0030166972 1.9254262e-06 9.111877e-07 1.5513677e-05 4.415306e-05 9.702768e-06 0.0027960513 0.000247112 0.0005147914 2.346363e-05 7.112239e-05 6.3381385e-06 2.9869486e-06 0.00014888095 3.1823056e-06 0.0016670718 5.676117e-05 0.00046398016 4.181775e-05 6.7807073e-06 2.732526e-07 7.80494e-06 0.00036447562 2.4994454e-06 0.0011327064 0.00024089782 2.1479436e-06 2.9899058e-05 5.1223382e-05 2.9453682e-05 0.0010965351 0.0003335193 0.00013159313 0.00061229646 5.653368e-05 6.6536195e-05 4.4980297e-05 0.0010316529 1.9866332e-06 3.0003972e-05
0.005046831 0.90247566 0.8829241 0.45726418 1.1821085e-18 0.17166105 0.37186968 0.23954009 0.2483911 0.4542829 0.02331205 0.8916575 0.010595862 0.035186492 0.85611105 0.049784835 0.0013808556 0.5617452 0.49679282 0.0025934312 0.15341182 0.27265567 0.0151372515 0.44494757 0.020187767 0.0011609244 0.14044298 0.0006217149 0.24287501 0.00012293924 0.13188247 0.00079837913 0.0006517464 0.005139737 0.00020161367 0.00022626501 0.001067073 0.0018673338 0.0001914771 3.0111123e-05 0.10525629 4.9061226e-05 0.0005713028 0.00944108 0.0003454803 0.024733536 0.00014989315 0.0006336147 0.00019848661 0.0042951973 0.00013592154 2.7868164e-05 0.00022173274 0.009395161 1.5688629e-05 1.6697737e-05 0.0013052599 8.599681e-05 0.00010299757 0.00057153654 0.0013948361 7.723974e-05 1.3276017e-05 1.7677114e-06 3.772756e-05 3.0804806e-06 5.8555506e-06 0.0004545062 0.00019315378 0.0007743442 0.00019681639 8.411143e-06 9.682372e-05 1.3408948e-07 3.0516314e-05 2.4753453e-07 0.00010447009 9.992634e-06 0.00086968875 2.1691598e-05 3.4399181e-06 1.8849745e-07 4.2998672e-05 5.07844e-05 1.9902578e-07 0.00026180528 2.762928e-05 5.440909e-07 1.1903292e-05 1.8170062e-05 5.2661853e-06 0.0010503792 0.00022301772 1.08633085e-05 0.00044401904 8.475585e-06 7.8424e-05 6.0307125e-06 0.0023837006 8.592934e-07 7.269334e-07
0.10188112 0.47318548 0.1877445 0.9660034 0.17166105 1.7061943e-19 0.09415216 0.1418703 0.9664257 0.495514 0.6364242 0.0030703899 0.0005437579 0.001649543 0.3292551 0.0854188 0.00033613757 0.025400154 0.5093993 7.0874776e-05 0.37400234 0.15533881 0.36272526 0.031385213 0.62001103 0.022899086 0.07256178 0.0046144463 0.38947672 9.8834666e-05 0.048010148 0.057546448 0.0070679476 0.00015856125 0.0024931782 0.0027393638 0.045781907 0.0063924384 3.2145756e-05 0.00011425957 0.32336292 3.26652e-06 3.946476e-05 0.0012950047 0.034838762 0.23634027 0.00033705367 0.073743075 0.00036066215 0.16662392 0.005932142 0.0009422096 4.1512118e-05 0.005208646 6.503029e-05 7.503805e-06 0.066387475 8.035994e-06 0.0010529062 0.03620648 0.040186927 0.004104048 4.3050636e-06 2.0099654e-07 1.68149e-05 3.915929e-05 5.6528906e-06 0.0094286185 0.0011711818 0.0018337914 1.9656793e-05 4.025369e-05 5.205671e-06 6.2567856e-06 0.00047897542 6.6440793e-06 0.0030055924 9.368541e-05 0.00029895426 2.3767598e-05 7.943638e-06 6.450071e-07 3.265856e-06 0.00052568346 1.5981855e-06 0.0013666821 0.00029627973 3.7806024e-06 1.9915089e-05 5.198123e-05 1.8953395e-05 0.001668769 0.00092788954 3.6607908e-05 0.0010508292 4.4573815e-05 7.1891955e-05 2.889433e-05 0.0005015719 1.8573273e-06 4.666146e-06
0.023430767 0.5449409 0.64969194 0.061825544 0.37186968 0.09415216 3.9580547e-20 0.96588933 0.1865479 0.78827816 0.00760242 0.5315982 0.3302044 0.47384492 0.33386377 0.000894202 0.14260031 0.090736344 0.087695315 0.09131012 0.013763801 0.030762615 0.004704754 0.07639998 0.020387277 7.067708e-05 0.022050006 3.1099145e-05 0.29768234 0.00096805586 0.43450347 6.308358e-05 2.5545742e-05 0.034333955 2.7471295e-05 5.752498e-05 0.00026321097 0.0002342302 0.00023226648 8.7610437e-07 0.1385422 0.0005309453 0.001252418 0.069092624 0.0005237362 0.04855082 1.1933755e-05 0.0013116231 5.6349027e-06 0.012993468 0.00015520565 1.3386576e-05 0.007907249 0.059461042 2.2739863e-07 7.427432e-06 0.005342269 0.0020488182 6.209277e-05 0.006306978 0.025918942 1.7717883e-05 2.0178293e-06 1.3032547e-06 8.4422085e-05 2.908886e-07 9.986013e-06 0.009214945 0.015811188 0.018360851 0.0005046207 3.9126584e-07 0.0003254673 5.2088737e-08 1.0796785e-05 1.158585e-08 8.1856604e-05 9.129034e-06 0.004042209 4.3367874e-07 5.169154e-07 4.62216e-09 0.00010147009 8.9564295e-05 1.1501828e-08 0.00024878522 6.305606e-06 1.0960253e-07 1.7956687e-06 5.7608995e-06 4.955124e-07 0.0012260034 0.00027924177 7.2631394e-07 0.00090062624 3.3434924e-06 0.00034042352 1.7778417e-06 0.001891368 1.0346919e-07 2.3484058e-06
0.099777706 0.3194865 0.37797078 0.052304976 0.23954009 0.1418703 0.96588933 2.7733658e-22 0.3780099 0.88264334 0.010285652 0.35814103 0.103370026 0.5197482 0.26135626 0.001151421 0.042806264 0.069712415 0.06711547 0.080692194 0.012728713 0.023710934 0.009107965 0.036593247 0.04732052 0.00015995612 0.010269827 0.00015220384 0.43827656 0.002331322 0.5534909 0.00011322983 4.556484e-05 0.062044766 3.8765975e-05 5.6554443e-05 0.0005075223 0.00014847287 0.0006259797 1.1761905e-06 0.23361549 0.0011049046 0.0019797762 0.07262499 0.0006786106 0.08881873 1.6011812e-05 0.0035921154 7.0608658e-06 0.033555314 0.00014532883 1.5611362e-05 0.010541657 0.0845445 6.3685087e-07 4.364411e-05 0.014908477 0.0024296013 9.0816095e-05 0.011449102 0.04252865 0.0001383522 9.862597e-06 2.631373e-05 0.00011828261 1.0868299e-06 2.2544165e-05 0.018907143 0.025607884 0.031227374 0.00030564299 7.74531e-06 0.0006739756 1.7320359e-07 1.2199104e-05 1.4534164e-07 8.311926e-05 1.5123189e-05 0.0073495447 3.4465907e-06 7.635462e-06 3.0725587e-08 0.00036910427 5.4207667e-05 1.2078479e-07 0.0003673882 2.6668175e-05 3.6013006e-07 1.6923193e-06 3.843901e-06 2.4255218e-07 0.00053135736 7.412802e-05 8.493968e-06 0.00054635305 6.3641375e-05 0.00093483046 4.4127464e-07 0.0022651579 3.5616802e-07 1.1241385e-05
0.4419828 0.5246772 0.33994114 0.5583657 0.2483911 0.9664257 0.1865479 0.3780099 2.3033558e-20 0.9131117 0.29809126 0.0052926056 0.001111958 0.011834993 0.39748096 0.02431698 0.00063689804 0.044134915 0.5031396 0.00045141752 0.29500493 0.13028663 0.25060958 0.03744557 0.7255224 0.009399077 0.05219565 0.0023800344 0.8356486 0.00032632166 0.2508656 0.030121457 0.003235302 0.0008912289 0.00083634676 0.00081885845 0.027847322 0.0036523906 0.00014144983 3.462921e-05 0.6266614 3.2686596e-05 0.0006492027 0.0095952945 0.028508693 0.39274746 0.000113652706 0.089627855 0.00028961882 0.23723786 0.0043091616 0.0007599183 0.00053008745 0.032275014 3.6358862e-05 0.00015108881 0.11550932 0.00036201332 0.0014833106 0.08305772 0.13516544 0.0059707626 1.8471379e-05 1.1717452e-05 9.762631e-05 2.881505e-05 6.907409e-05 0.03853456 0.0048143556 0.009505246 6.886887e-05 6.629481e-05 5.996913e-05 3.55287e-05 0.00051146356 1.380107e-05 0.005267946 0.00037982946 0.0010972136 3.423762e-05 2.0105734e-05 8.051709e-07 4.3304677e-05 0.00055675284 9.458409e-06 0.003215836 0.00038143588 1.0152861e-05 2.2600696e-05 9.39576e-05 1.7172662e-05 0.0014039524 0.0010309146 2.2466837e-05 0.0015223105 0.000109673914 0.00014961096 1.8577979e-05 0.0005093814 3.3422552e-06 4.0457144e-06
0.6934445 0.6173844 0.60432345 0.23840798 0.4542829 0.495514 0.78827816 0.88264334 0.9131117 2.5841177e-20 0.08147719 0.24025336 0.01907774 0.47202888 0.5002326 0.0029446955 0.004055252 0.13468838 0.31353447 0.022273535 0.12100531 0.06956535 0.04777932 0.07979833 0.32007986 0.0011428546 0.027477853 0.0024052516 0.79542875 0.0018630656 0.8000027 0.0010697696 0.00017408302 0.029474212 9.322481e-05 0.00044194394 0.0023780821 0.0007555983 0.00049036834 2.3444761e-06 0.5750713 0.00058187934 0.0016650659 0.063509025 0.0043732114 0.30167314 4.5018794e-05 0.016433252 5.9823185e-05 0.14177321 0.00065676385 0.0001267195 0.003830607 0.15616766 2.787737e-06 0.0002007009 0.0811814 0.0014781231 0.00030028148 0.070817016 0.1768901 0.0012112117 2.3088936e-05 8.501373e-05 0.00035970565 4.8064812e-06 0.00016966583 0.057156898 0.036074884 0.05381219 0.00048509744 2.0042595e-05 0.000901275 2.0879365e-06 6.751351e-05 6.87162e-07 0.0013454603 0.00011193712 0.0059773633 5.5676924e-06 4.9055237e-05 2.026242e-07 0.0006122655 0.00027988965 9.502453e-07 0.0015663677 0.00022856938 4.02153e-06 1.0406324e-05 3.1024527e-05 6.125303e-06 0.0010937242 0.00034537486 2.8020891e-05 0.0015618147 0.0006515422 0.0010955698 1.0529864e-05 0.0020847663 3.5716416e-06 0.0001215947
0.08789173 0.041977704 0.0033328438 0.7866755 0.02331205 0.6364242 0.00760242 0.010285652 0.29809126 0.08147719 4.5199696e-18 0.0019044988 0.00032419284 0.00014281641 0.043229673 0.93558705 9.033755e-05 0.0032804215 0.14225267 2.3325058e-05 0.16590895 0.055897165 0.8694133 0.0092311585 0.4940958 0.4823101 0.021554891 0.089883745 0.065181285 5.1049916e-05 0.0036288092 0.10565993 0.0057065394 5.059007e-05 0.09145952 0.06744399 0.30583796 0.0027350185 4.058225e-05 0.0002077503 0.08367821 3.0926228e-06 1.3004854e-05 0.0002115938 0.21369502 0.09858441 0.008858313 0.28321648 0.003566691 0.11493503 0.04939789 0.0065594357 1.0504027e-05 0.0006959951 0.002241369 5.7836405e-06 0.023675878 2.1188073e-06 0.0027495385 0.0064068264 0.0043368023 0.007257591 1.7771315e-06 5.476832e-06 1.1763425e-05 0.00082044257 3.5300356e-05 0.0006837566 0.00019148641 0.00011805238 3.5218761e-06 0.000168563 5.163737e-06 3.095643e-05 0.0015409655 1.320076e-05 0.0027417173 0.00064978655 5.4740627e-05 0.00015982895 2.3293871e-05 2.2288385e-05 3.7890668e-06 0.0015638571 8.851463e-06 0.007506615 0.004539831 2.7056329e-05 3.1743686e-05 0.00020638556 0.00046387818 0.0017149178 0.0004909022 0.00021373956 0.0007106862 0.0010129727 0.00020535637 0.0001581556 0.0001202784 5.0304396e-05 8.755361e-06
0.0024722565 0.3881312 0.67627543 0.0077332724 0.8916575 0.0030703899 0.5315982 0.35814103 0.0052926056 0.24025336 0.0019044988 2.4767306e-17 0.8641893 0.46951324 0.73506105 0.0013209664 0.7486438 0.6259015 0.011266926 0.52410877 0.00067234435 0.025671393 0.0019146797 0.71347314 0.00028682203 0.0008472911 0.016136372 0.0007546153 0.003138383 0.033490572 0.22954151 0.00013317949 9.271483e-05 0.33794537 0.00068085705 0.0011517769 0.0015880005 0.00070350827 0.21785423 6.0956278e-05 0.00074080063 0.016869552 0.039645974 0.16745144 6.483566e-05 0.00019765811 0.0011114057 8.9829555e-05 0.005787467 0.00022488479 0.00014678258 0.00027628976 0.078058496 0.053406492 6.925905e-05 0.0062900446 0.0011030637 0.004849661 0.0009273888 0.000506785 0.00037840783 0.00040603022 0.00043126786 0.0010766464 0.0011896326 2.0886326e-05 0.00017479052 7.777408e-05 0.0016748875 0.0004024987 0.0025571997 0.0005582777 0.0010186962 5.4418663e-08 8.251011e-05 1.5812354e-07 2.8243168e-05 0.00010790388 0.008680514 0.00037219064 0.0016400637 2.674184e-06 0.00052278227 3.3604556e-05 1.5166873e-06 0.00032530498 6.8352936e-05 1.0305372e-05 6.707244e-05 3.1897619e-06 0.00010180877 0.018080069 0.0020711462 0.0018419239 0.0067438646 0.0007518404 0.0016730587 1.46535085e-05 0.0075580874 1.0703717e-05 0.00011241521
0.00025712157 0.010594634 0.05761955 0.00030354626 0.010595862 0.0005437579 0.3302044 0.103370026 0.001111958 0.01907774 0.00032419284 0.8641893 1.1551869e-19 0.3054698 0.017376069 6.583482e-05 0.94576836 0.005016221 0.0004928873 0.56622857 2.4236651e-05 0.00027651223 0.00044842903 0.0058063525 0.00057908485 3.387826e-05 0.00028776727 7.432956e-05 0.0028027948 0.049695835 0.056983918 2.274047e-05 9.039266e-06 0.17243895 0.00020618488 1.2880781e-05 0.00010751457 2.7186381e-05 0.07029482 8.331655e-07 0.0021656598 0.007282731 0.017073387 0.05157846 6.0848706e-05 0.0010528404 6.5037384e-06 8.870337e-05 9.8529e-05 0.00030466457 0.000105604915 3.687442e-05 0.042494394 0.01431968 9.395011e-06 0.00060722686 0.0013275449 0.005600671 0.0008045151 0.0008308685 0.0013488133 0.00015723627 2.7740722e-05 0.0003364528 0.0021769055 1.4008569e-05 0.00011498968 0.00052878883 0.0032381664 0.0015355392 0.002343608 5.193946e-05 0.001222801 4.6566663e-07 0.00016842288 8.539897e-07 2.9058754e-05 2.488012e-05 0.006657714 4.3156488e-06 2.9183226e-05 1.0482318e-06 0.001339857 0.00015815906 7.7318447e-07 0.00049215165 3.6196874e-05 2.942639e-07 4.5663787e-06 0.00011474408 3.336658e-05 0.0023319435 0.00031801546 5.8574078e-05 0.00030642163 7.175496e-05 0.00040804018 0.00014033032 0.0015366656 4.2960637e-05 3.0795276e-05
0.3122471 0.04053089 0.13378637 0.0006256813 0.035186492 0.001649543 0.47384492 0.5197482 0.011834993 0.47202888 0.00014281641 0.46951324 0.3054698 9.1539813e-20 0.08960976 1.954183e-06 0.50749975 0.020849448 0.0011144506 0.9724852 3.1986096e-05 0.0017549683 0.00015903967 0.019430226 0.0040900703 4.7959315e-06 0.0028311855 9.4975485e-06 0.32166448 0.17756924 0.8680212 3.9937786e-06 8.4708694e-07 0.80315226 5.614912e-07 2.5369169e-05 1.0790927e-05 6.6514904e-06 0.015025426 4.54874e-08 0.12652238 0.08389199 0.10970143 0.46543142 4.9544058e-05 0.021054983 8.245996e-06 0.00018166329 9.303439e-07 0.00446039 4.087855e-05 1.824531e-06 0.20351921 0.22861473 2.3232107e-07 0.0031443879 0.0024305296 0.065832786 3.301536e-05 0.003094635 0.019550383 1.6046024e-05 0.00041290774 0.0015684013 0.015216625 3.0011353e-07 0.0011961802 0.008489928 0.18112832 0.08845939 0.015951572 9.650103e-06 0.014951277 1.207544e-07 8.128355e-06 7.5669064e-08 1.9656944e-05 2.5133616e-06 0.060059834 1.910304e-06 0.0014709563 2.376455e-08 0.0069023725 2.9942257e-05 2.0060952e-07 0.00021727078 1.707157e-05 3.8021756e-07 6.729293e-06 8.361242e-07 9.216305e-07 0.0005806942 4.8632428e-05 0.0015880406 0.00071971223 0.006870566 0.0072864615 1.3439552e-06 0.01198568 1.0263673e-06 0.0012982766
0.010315713 0.46855193 0.3070134 0.53855604 0.85611105 0.3292551 0.33386377 0.26135626 0.39748096 0.5002326 0.043229673 0.73506105 0.017376069 0.08960976 1.0671996e-20 0.0869331 0.002866846 0.90253186 0.6605255 0.0041812873 0.35634995 0.40649742 0.062662855 0.39325818 0.0996388 0.0066214255 0.079600036 0.001946974 0.4014467 0.0009936803 0.24808457 0.0029232306 0.0007106754 0.004860723 0.0005910277 0.0017748943 0.0044454187 0.0007135188 0.0022506502 9.882624e-06 0.21674211 4.972023e-05 7.147379e-05 0.016594494 0.0004661088 0.04827643 0.00018867129 0.0007273058 0.00026670098 0.011561778 6.329251e-05 1.1330136e-05 0.00049843214 0.03587227 3.5085075e-06 6.6330096e-05 0.0012513584 1.7447327e-06 2.8469027e-05 8.47184e-05 0.0030250577 1.3997032e-05 1.3449497e-05 7.0975393e-06 5.295546e-06 1.8465053e-07 4.82998e-06 9.193605e-05 0.00034991628 0.000100817175 4.0632845e-06 3.0786523e-05 1.3693551e-05 7.41628e-07 4.082628e-06 1.4874263e-07 1.3403628e-07 4.3675132e-07 0.00019983934 1.7008275e-05 1.2804197e-05 9.1374176e-07 6.8986633e-06 3.0425093e-07 1.0312794e-07 5.918752e-06 1.6034242e-07 1.0794565e-06 2.0425907e-06 4.2052605e-08 6.292792e-08 0.0011937267 8.942838e-06 0.0001386387 0.00090840657 0.0013130512 0.0017382267 3.7264806e-07 0.0020431567 7.568231e-07 7.637621e-05
0.007810995 0.021915881 0.002565616 0.4072379 0.049784835 0.0854188 0.000894202 0.001151421 0.02431698 0.0029446955 0.93558705 0.0013209664 6.583482e-05 1.954183e-06 0.0869331 4.7564636e-17 5.901919e-05 0.010337007 0.50238883 2.021089e-07 0.67319745 0.26945612 0.29297343 0.017854568 0.03638206 0.2619795 0.10955603 0.81754214 0.0038246296 1.4043341e-06 0.0011207776 0.3971897 0.098049626 1.8233707e-06 0.050633222 0.20051275 0.13136418 0.01963117 3.9887254e-05 0.0011523279 0.004635649 9.763287e-08 5.0367885e-06 2.6049214e-05 0.0709778 0.006334308 0.12808855 0.048957646 0.011123971 0.003898535 0.023215827 0.002735792 6.3100266e-08 1.1149683e-05 0.0010956267 5.102371e-06 0.00077557616 8.781651e-08 0.00089531724 0.00022760552 2.0212181e-05 0.0011731139 2.060135e-06 9.033664e-08 4.4815494e-07 8.834281e-05 3.713836e-07 6.8788984e-05 2.2711158e-06 2.954989e-06 4.038764e-06 0.0002762002 1.2783602e-07 9.532202e-06 0.00014475548 1.2365166e-06 0.0005197858 0.00017186286 2.1505118e-06 9.900939e-05 7.389234e-07 8.7049475e-06 3.8569993e-08 0.00030204267 1.8180167e-07 0.0005283223 0.0003091886 1.3590772e-05 3.7878963e-06 1.8789351e-05 1.6706097e-05 0.00031656394 0.00010183586 2.523325e-05 0.00027345243 4.2225815e-06 2.5402578e-05 3.1021063e-05 0.00016935529 1.1023307e-05 7.8070957e-07
0.0035281766 0.0012624316 0.016255194 0.00020722375 0.0013808556 0.00033613757 0.14260031 0.042806264 0.00063689804 0.004055252 9.033755e-05 0.7486438 0.94576836 0.50749975 0.002866846 5.901919e-05 4.4530674e-19 0.002147014 2.768253e-05 0.8515122 1.7157095e-05 0.00015560759 0.000112208494 0.0035288632 5.3207234e-05 8.579517e-06 0.0001398671 2.751285e-05 0.0014748205 0.42290977 0.04384353 2.3166795e-05 2.4426545e-06 0.43447378 4.7499245e-05 8.703404e-06 4.1730906e-05 5.618038e-06 0.34584135 6.9208696e-08 0.0006963948 0.031043418 0.08970744 0.06254946 3.7361173e-05 0.00017156072 9.968419e-06 1.2706468e-05 2.8745226e-05 7.402332e-05 2.573248e-05 2.4834488e-05 0.09391033 0.0043649655 3.4210577e-06 0.002526794 0.0004054237 0.011147781 0.00052985974 0.00021912358 0.0010829332 0.00019077642 0.0006916529 0.0043810736 0.016899664 2.1089634e-06 0.0018688854 6.644698e-05 0.004221098 0.0005687437 0.011160274 1.1452089e-05 0.008205259 3.27405e-07 6.1731065e-05 1.4334571e-06 1.890955e-06 4.9671057e-06 0.008880262 1.2501058e-06 0.0017406736 3.7274176e-06 0.003799713 2.5823092e-05 1.0757549e-06 1.8179422e-05 4.88315e-06 1.8202824e-07 5.600625e-06 8.116288e-06 9.634121e-06 0.0012438128 4.783628e-05 0.0015351168 0.00015734292 0.0008479895 0.00062950223 3.7714828e-05 0.0024974942 1.953299e-05 0.00025987
0.0001412506 0.13995817 0.112596065 0.055242736 0.5617452 0.025400154 0.090736344 0.069712415 0.044134915 0.13468838 0.0032804215 0.6259015 0.005016221 0.020849448 0.90253186 0.010337007 0.002147014 4.368182e-21 0.31457078 0.003253399 0.13207194 0.34024432 0.0014794826 0.63460237 0.004253148 0.00016847011 0.07823046 0.00050452957 0.051780637 0.00016727357 0.05816705 0.00029058987 0.00015665746 0.0035793483 2.5134756e-05 0.00010147213 0.00023504069 0.0004886854 0.00028938384 3.9779275e-06 0.018060291 4.3711556e-05 8.5769854e-05 0.004877607 1.1847481e-05 0.0043851826 8.916396e-06 2.0313226e-05 1.6178028e-05 0.00028414195 2.712672e-06 2.5347524e-07 0.0001608648 0.0021947862 6.0376794e-07 1.7694292e-05 0.00013387528 2.275518e-05 3.0588494e-06 3.0358518e-05 0.0001931317 2.9413698e-06 1.9644526e-06 8.995481e-07 3.5326423e-07 2.0046484e-08 1.9258917e-07 8.10908e-05 0.00010889153 0.0002785715 9.254173e-06 8.0867454e-07 4.881511e-06 5.329419e-08 2.5044739e-07 1.556426e-08 4.7218944e-07 4.6417106e-09 0.0005850377 2.9995317e-06 1.8919433e-06 6.722792e-07 3.4629588e-06 2.421923e-07 5.352e-09 2.0755019e-07 2.3301258e-08 1.4400959e-08 1.4934459e-07 5.9318722e-08 4.0122742e-08 0.00047294976 2.0970834e-05 3.1069972e-05 0.00025642462 8.203745e-05 0.00037952946 2.3480261e-07 0.0023664262 1.5086053e-07 1.8814293e-05
0.0051024635 0.20774849 0.07493812 0.74387616 0.49679282 0.5093993 0.087695315 0.06711547 0.5031396 0.31353447 0.14225267 0.011266926 0.0004928873 0.0011144506 0.6605255 0.50238883 2.768253e-05 0.31457078 4.2095985e-21 8.97545e-06 0.75777376 0.590844 0.22057353 0.21713065 0.38480914 0.05049313 0.19046707 0.011474479 0.3466811 4.8700975e-05 0.034355942 0.058231425 0.013650707 0.0001595072 0.0016210654 0.0013177686 0.034942385 0.008152858 0.0005090169 2.557114e-05 0.19574691 2.3031262e-06 2.5652233e-05 0.002181202 0.012182138 0.07289207 0.00027258668 0.016673295 0.00011098745 0.034202173 0.0006977846 7.775977e-05 0.00020907761 0.0012814325 1.1989296e-05 1.831755e-05 0.004720432 1.1490631e-05 5.659129e-05 0.00097068824 0.0034376262 0.0001437807 8.132616e-07 8.5193574e-07 2.2836325e-06 2.7233018e-06 7.810766e-07 0.0003367197 0.00013396314 6.180069e-05 5.005221e-07 0.00011819579 5.322621e-07 2.9479045e-06 8.655684e-06 1.5728598e-07 1.6688613e-05 1.2577677e-06 4.772455e-05 6.076665e-05 7.956803e-07 1.311793e-07 2.9592655e-07 6.474507e-07 2.3072337e-07 2.5641102e-05 7.173488e-06 2.4522872e-06 1.8845835e-06 2.5128762e-07 3.1949938e-07 0.0020300117 0.00012082956 1.5185058e-05 0.0007765369 0.00013165563 0.00029107556 4.1375006e-07 0.00010085699 4.9188582e-08 1.0968263e-05
0.03110292 0.0014684747 0.015757155 5.949864e-05 0.0025934312 7.0874776e-05 0.09131012 0.080692194 0.00045141752 0.022273535 2.3325058e-05 0.52410877 0.56622857 0.9724852 0.0041812873 2.021089e-07 0.8515122 0.003253399 8.97545e-06 6.863862e-21 1.3343857e-06 1.3444597e-05 1.1422257e-05 0.006469021 7.286173e-05 3.182234e-07 0.00018960761 5.298519e-07 0.010566119 0.76795006 0.34634775 1.6670899e-06 1.6776319e-08 0.94549733 2.2334365e-07 2.6789792e-05 2.9970826e-07 2.3654616e-06 0.12338687 4.469685e-08 0.0031330523 0.14483902 0.26305535 0.2360815 4.9114196e-06 0.00051540154 7.387779e-06 5.9672616e-06 5.648367e-07 0.000111177615 7.966139e-06 7.696246e-07 0.2321172 0.043520242 2.6504699e-08 0.01023395 7.029741e-05 0.0496183 3.697497e-06 0.00024151914 0.00061228103 1.1654246e-06 0.002207847 0.0053163795 0.038443133 3.5164625e-08 0.0024164324 0.00039340532 0.045603905 0.0074545117 0.020221476 8.3889245e-07 0.018834757 3.4878536e-08 1.0463411e-06 7.532061e-08 1.3690646e-06 7.509277e-07 0.040232033 9.634548e-07 0.0024146237 2.1205434e-08 0.008730306 2.125575e-06 4.415127e-08 1.9096839e-05 8.859943e-06 4.981325e-07 8.344875e-06 1.9501458e-07 4.2035947e-07 0.00023074573 1.3118757e-05 0.0015757238 0.00020291783 0.0038816237 0.0030858705 5.747326e-07 0.0070395865 2.2945478e-06 0.0005837728
0.0021923603 0.05701855 0.012501166 0.5527969 0.15341182 0.37400234 0.013763801 0.012728713 0.29500493 0.12100531 0.16590895 0.00067234435 2.4236651e-05 3.1986096e-05 0.35634995 0.67319745 1.7157095e-05 0.13207194 0.75777376 1.3343857e-06 1.2341922e-19 0.68271804 0.24664256 0.18257691 0.27786824 0.03660891 0.30698735 0.09322692 0.13816926 3.3210832e-05 0.004471298 0.17201343 0.12058117 4.002115e-05 0.0014877457 0.0016185119 0.029916435 0.050975874 7.0849026e-05 0.00090500317 0.086653024 8.169657e-07 6.803248e-06 0.0001323614 0.009439616 0.026031567 0.00057442964 0.010616091 8.747936e-05 0.012145533 0.00077602454 0.000113785136 1.1269122e-05 4.5906316e-05 1.8903589e-05 1.0532093e-05 0.0010650681 1.6410391e-06 3.6554153e-05 0.00034578305 0.00044026983 0.0002981425 1.5978975e-06 2.686319e-07 1.0285896e-06 3.5711407e-06 3.671507e-07 0.00019095845 4.066194e-05 9.8421415e-06 7.176591e-07 4.657288e-05 8.182229e-08 2.2824743e-06 1.6262007e-05 5.092708e-07 0.00013163843 4.4990143e-06 1.2295839e-05 2.7529939e-05 1.6971558e-07 3.1299671e-06 4.2004267e-08 4.3707114e-06 5.0825943e-08 1.8439538e-05 4.3470936e-05 1.1687647e-06 3.0002855e-07 1.5359212e-06 1.6052275e-06 0.00062319834 7.97948e-05 2.8401894e-06 0.00021114148 2.4268907e-06 0.00013683012 2.5321806e-06 4.3534328e-05 1.3317496e-07 1.7106836e-07
3.7089874e-05 0.092727415 0.045547318 0.23633885 0.27265567 0.15533881 0.030762615 0.023710934 0.13028663 0.06956535 0.055897165 0.025671393 0.00027651223 0.0017549683 0.40649742 0.26945612 0.00015560759 0.34024432 0.590844 1.3444597e-05 0.68271804 6.366566e-20 0.054502774 0.628868 0.08121821 0.016494337 0.5916405 0.03410536 0.08012193 5.2217736e-05 0.0091321785 0.25393128 0.19106841 0.0004950434 0.0011158476 0.008963506 0.009179982 0.0771165 0.0006556314 0.0022102667 0.04141234 1.1508582e-05 6.021487e-05 0.0005964807 0.0019840961 0.010354432 0.0025480867 0.0022184823 0.00024055003 0.0037053833 0.00035005697 3.912334e-05 5.0507977e-05 0.0012633252 1.5319933e-06 2.930126e-06 0.0009442002 2.3779128e-06 7.654001e-06 0.0003087887 0.0008165585 2.1651009e-05 1.2480094e-06 3.2268215e-07 1.3212227e-06 3.5699863e-08 3.3600773e-07 0.000519045 0.00067852385 0.0005572267 1.168557e-05 6.9630814e-06 6.534697e-07 1.8531836e-08 5.100181e-06 6.735399e-08 3.91761e-05 5.6295875e-07 0.0002374328 2.5801577e-05 4.363148e-08 1.2604683e-06 4.4885233e-08 8.6809604e-07 3.1872118e-09 2.8156635e-06 8.3973134e-07 2.2985611e-07 3.7946918e-07 1.2259512e-06 4.823719e-08 0.0027419198 0.0001928521 5.817836e-07 0.0017327128 5.6696354e-07 0.00015464921 4.3973793e-07 0.00044331772 2.223712e-06 3.1893542e-06
0.33735737 0.062387034 0.008038222 0.2642293 0.0151372515 0.36272526 0.004704754 0.009107965 0.25060958 0.04777932 0.8694133 0.0019146797 0.00044842903 0.00015903967 0.062662855 0.29297343 0.000112208494 0.0014794826 0.22057353 1.1422257e-05 0.24664256 0.054502774 1.3167574e-17 0.0014905916 0.9625694 0.7953905 0.026312433 0.088545054 0.066845424 3.24325e-05 0.007755902 0.10729396 0.0121395355 0.00018940683 0.20580906 0.023391355 0.924994 0.002229467 1.4242272e-05 9.4337935e-05 0.12278928 2.7352776e-06 2.0944752e-05 0.0010444444 0.44036484 0.14094481 0.0010276993 0.5196443 0.007519774 0.18938446 0.11000318 0.02013794 9.205352e-05 0.003465308 0.009121017 3.8884928e-06 0.13023037 2.4834842e-05 0.011642568 0.10583276 0.035714846 0.034659687 7.2989343e-07 1.8431125e-06 2.8233391e-05 0.0016672038 1.4729362e-05 0.016174296 0.00087065256 0.001556959 4.4572666e-05 0.00038029446 2.3742068e-05 0.0003403495 0.00440946 0.00034212324 0.0196046 0.0016835529 0.00068081263 1.3721344e-05 6.4944047e-06 2.7904065e-05 9.8760565e-06 0.0027714877 1.0414436e-05 0.0037557944 0.0049465434 2.53984e-06 5.9066847e-06 0.00045535585 0.0005273518 0.0063253706 0.004522203 8.083889e-06 0.0030678231 4.1566902e-05 0.00013144976 0.0001670577 0.00019039366 3.2473756e-05 7.366862e-06
5.4617954e-06 0.11882153 0.09211864 0.10068005 0.44494757 0.031385213 0.07639998 0.036593247 0.03744557 0.07979833 0.0092311585 0.71347314 0.0058063525 0.019430226 0.39325818 0.017854568 0.0035288632 0.63460237 0.21713065 0.006469021 0.18257691 0.628868 0.0014905916 7.977881e-20 0.004471251 0.00027503865 0.71859396 0.00048737868 0.026731243 0.00012740292 0.032743346 0.00033238003 0.00070472166 0.0031587635 0.00024693675 0.00034542923 0.0011157454 0.0102590015 0.0049305796 0.00011736583 0.01164144 9.6072974e-05 0.000520452 0.0021621936 1.8597955e-05 0.0030978005 0.00010612386 1.0785065e-05 0.00011622226 0.00024732042 3.734258e-05 1.50136875e-05 0.0003149463 0.0089517385 5.4243997e-06 0.00014530873 0.00033041078 1.1340731e-05 3.0342077e-05 0.000117805524 0.00069364184 3.2048418e-05 7.886007e-06 4.8152624e-06 4.0587147e-06 2.9543028e-07 4.2688185e-07 0.00021780144 0.0012716064 0.0019101193 0.00011687983 1.3431052e-05 5.6864985e-05 2.9004415e-08 1.0020576e-05 1.375935e-08 6.0334946e-07 2.6830392e-07 0.009086635 7.988059e-05 4.350766e-06 3.1572815e-06 3.122536e-05 2.653328e-06 1.7929118e-08 1.8436488e-06 7.610649e-08 1.1290945e-06 6.498701e-07 6.2995326e-07 1.02207956e-07 0.0056309626 8.7394386e-05 2.2876595e-05 0.00095087267 4.4733595e-05 0.00085367466 9.2006516e-08 0.0072347135 1.9211031e-06 3.1409098e-05
0.743518 0.1124621 0.038826212 0.39761862 0.020187767 0.62001103 0.020387277 0.04732052 0.7255224 0.32007986 0.4940958 0.00028682203 0.00057908485 0.0040900703 0.0996388 0.03638206 5.3207234e-05 0.004253148 0.38480914 7.286173e-05 0.27786824 0.08121821 0.9625694 0.004471251 2.7571806e-17 0.050404515 0.020330355 0.006086354 0.60559464 0.00011264648 0.08103018 0.026806355 0.0032606206 0.00022931652 0.011178286 0.0014698702 0.23895204 0.0012955074 2.9987124e-05 4.6869227e-05 0.64585996 2.4289259e-06 6.201577e-05 0.0033145857 0.1452006 0.6659051 8.572129e-05 0.5163899 0.00067827286 0.7506267 0.011385623 0.0008888909 0.00034921634 0.021807773 0.0007244777 5.185183e-06 0.5411086 5.726296e-05 0.0019964627 0.34802538 0.19423908 0.026293207 6.073646e-07 1.6000293e-06 8.964954e-06 5.947232e-05 4.9819837e-06 0.08069066 0.0034699345 0.010306375 1.2982909e-05 0.00010066144 7.0711026e-06 5.5762084e-05 0.001425644 1.5736101e-05 0.015119565 0.0001711633 0.0005661526 1.6313981e-05 1.2267511e-06 5.6610425e-06 1.9649622e-06 0.0011785565 3.3940237e-06 0.0017748435 0.00032663022 1.1035677e-05 1.1832706e-06 0.00012094277 1.6088714e-05 0.012853069 0.0028105518 1.7606895e-07 0.0151443845 1.5444692e-05 0.00013851421 2.7243426e-05 0.000534057 1.6956003e-06 6.077007e-07
0.0144634945 0.0020009603 0.0013572393 0.033521105 0.0011609244 0.022899086 7.067708e-05 0.00015995612 0.009399077 0.0011428546 0.4823101 0.0008472911 3.387826e-05 4.7959315e-06 0.0066214255 0.2619795 8.579517e-06 0.00016847011 0.05049313 3.182234e-07 0.03660891 0.016494337 0.7953905 0.00027503865 0.050404515 3.1791994e-19 0.0046185385 0.274438 0.0019727903 5.480746e-06 0.0008766239 0.05823612 0.004278646 3.0782753e-06 0.9576964 0.8252011 0.7743189 0.0012882163 8.1314766e-07 4.9647548e-05 0.0038623314 7.1530036e-07 2.8755655e-06 6.859684e-05 0.20714678 0.009282981 0.030678548 0.10390292 0.33202767 0.01029747 0.192724 0.103388324 3.1199475e-06 9.21802e-05 0.08972905 1.0226584e-06 0.008727999 7.5373346e-06 0.055798396 0.0039284504 0.002074832 0.03153371 9.79684e-07 1.2476136e-07 5.210446e-07 0.0032034698 2.0908945e-07 0.00059169007 1.7769902e-05 9.892274e-05 1.0904371e-05 0.0007253058 9.595659e-07 0.00015892278 0.00972919 0.00010647004 0.0049326257 0.005533573 0.00021108892 2.2990827e-05 4.730916e-08 7.5656346e-05 5.952523e-08 0.013228404 1.1779798e-06 0.0064854706 0.0051322207 1.5508181e-06 1.6261542e-05 0.0015807914 0.0012360798 0.0016076805 0.0037067332 4.047949e-06 0.00094732683 2.0145912e-06 4.981069e-05 0.0006633032 0.00018861766 2.370702e-05 3.1946095e-07
3.3354154e-06 0.052624866 0.023017365 0.13221438 0.14044298 0.07256178 0.022050006 0.010269827 0.05219565 0.027477853 0.021554891 0.016136372 0.00028776727 0.0028311855 0.079600036 0.10955603 0.0001398671 0.07823046 0.19046707 0.00018960761 0.30698735 0.5916405 0.026312433 0.71859396 0.020330355 0.0046185385 8.2055134e-20 0.0019011198 0.021353113 5.5262062e-05 0.006310871 0.012649475 0.019774873 0.0012395724 0.0016473444 0.001904349 0.0027286485 0.18906806 0.00075735967 0.0033841047 0.013231306 2.0511532e-05 0.00046452676 0.0001434944 0.000480451 0.0035099885 0.00028882388 0.00037806729 0.0009964005 0.0009827015 0.00012512533 0.00017943079 5.673184e-05 0.003290506 3.1721154e-06 2.9539397e-05 0.001484682 9.534947e-06 0.00016022436 0.0003825948 0.0018815676 0.00024824226 2.8900708e-06 4.9248997e-06 5.2351443e-06 7.441991e-07 8.335231e-07 0.00049168355 0.0027399294 0.0020691243 0.0002862561 0.0002437765 7.504582e-05 1.13044926e-07 8.712194e-05 1.0854548e-07 2.4512314e-05 8.213511e-06 0.005520689 0.00013415965 1.6633452e-06 8.434518e-06 2.7734983e-05 2.7158962e-05 3.0079104e-08 6.96517e-05 6.663249e-06 9.743762e-06 4.460446e-06 3.7997781e-06 9.4226885e-07 0.0058530504 0.0019194459 3.4776618e-05 0.00095399044 1.6058222e-05 0.0005978566 2.610105e-06 0.0020659785 1.6473277e-05 1.5454123e-05
0.00088497635 0.0012340952 0.0014092895 0.014448054 0.0006217149 0.0046144463 3.1099145e-05 0.00015220384 0.0023800344 0.0024052516 0.089883745 0.0007546153 7.432956e-05 9.4975485e-06 0.001946974 0.81754214 2.751285e-05 0.00050452957 0.011474479 5.298519e-07 0.09322692 0.03410536 0.088545054 0.00048737868 0.006086354 0.274438 0.0019011198 2.5432725e-17 3.6149133e-05 1.6761928e-06 3.2042306e-05 0.40066352 0.00672171 4.758782e-06 0.16664605 0.19993816 0.14836602 0.00018413222 6.839793e-05 0.0034029759 4.0285642e-05 2.3668434e-07 1.276302e-06 1.3025128e-06 0.033722315 4.486373e-05 0.598938 0.0089436695 0.04049237 7.390778e-05 0.031494975 0.009869664 2.3757107e-07 2.7496328e-05 0.0068945894 1.4042845e-06 3.8443137e-05 1.893408e-07 0.0045665856 2.3660876e-05 6.927239e-05 0.0020030863 1.9747034e-07 2.8646787e-07 1.478632e-07 0.0021883582 5.5619132e-08 1.0691973e-05 1.6994267e-05 6.7745927e-06 2.530108e-05 0.0018124954 3.0450084e-07 4.5374003e-05 0.00066852756 2.418599e-05 0.0004010647 0.0011342987 7.8121084e-05 0.0012529341 1.2038437e-07 0.000117590906 8.550943e-08 0.0004136828 5.5617065e-06 0.00053389405 0.0013500856 0.0002921847 1.6101912e-05 0.0002031037 0.0004006704 0.0015943055 0.00094569934 8.7027524e-07 0.0019346554 7.1781244e-07 8.780458e-05 0.00038565364 0.00037086 3.9091414e-05 1.41695e-08
0.71784234 0.37699428 0.33896556 0.22508192 0.24287501 0.38947672 0.29768234 0.43827656 0.8356486 0.79542875 0.065181285 0.003138383 0.0028027948 0.32166448 0.4014467 0.0038246296 0.0014748205 0.051780637 0.3466811 0.010566119 0.13816926 0.08012193 0.066845424 0.026731243 0.60559464 0.0019727903 0.021353113 3.6149133e-05 9.497344e-20 0.0015886785 0.91669923 0.0028545447 0.00062284037 0.011810605 0.00058402895 0.00015330984 0.0096136825 0.00051450747 9.556062e-05 1.5109148e-05 0.9506915 0.00038615122 0.0014030148 0.18717909 0.0045961714 0.51912695 1.0498289e-05 0.041935124 0.00021406657 0.2744824 0.000678445 9.5435396e-05 0.007940071 0.26141104 6.209087e-05 7.706492e-05 0.17148465 0.0024446086 0.0002661887 0.17910647 0.38979387 0.0051881243 1.0944278e-06 7.705643e-06 4.359341e-05 3.9666156e-06 1.5236947e-05 0.1579473 0.055170313 0.071473286 0.000105270075 4.2934338e-05 0.00012816359 1.6960961e-05 0.00025385324 1.7732355e-05 0.0039369226 1.0109402e-05 0.0045505054 1.2812185e-05 3.514845e-07 6.8903745e-07 3.6219222e-05 0.00063500216 7.6166134e-07 0.0010796951 9.8668635e-05 5.1894276e-06 1.9253437e-06 3.8776183e-05 2.7649826e-06 0.008226999 0.002146756 1.9360182e-07 0.010663025 0.00012608146 0.0013931496 1.3524469e-05 0.0034823895 2.909802e-07 7.098364e-06
0.008095343 9.105979e-05 0.000982768 4.2858697e-05 0.00012293924 9.8834666e-05 0.00096805586 0.002331322 0.00032632166 0.0018630656 5.1049916e-05 0.033490572 0.049695835 0.17756924 0.0009936803 1.4043341e-06 0.42290977 0.00016727357 4.8700975e-05 0.76795006 3.3210832e-05 5.2217736e-05 3.24325e-05 0.00012740292 0.00011264648 5.480746e-06 5.5262062e-05 1.6761928e-06 0.0015886785 3.9501704e-18 0.082926475 5.603403e-06 1.6310582e-06 0.89120454 2.3650184e-05 5.1503866e-05 1.2222663e-05 5.8717114e-06 0.8903804 1.0282879e-07 0.0012196337 0.40288574 0.9426859 0.041819625 0.00010496792 0.00031892603 3.2744829e-06 6.9175876e-05 1.6091537e-05 0.00018626543 0.000121457 7.66301e-05 0.1348176 0.015678653 1.0286504e-06 0.18701136 0.0005215677 0.02089002 0.0009390082 0.00034023784 0.0008401011 0.0005566581 0.008140773 0.1244126 0.225202 2.4821097e-06 0.031849857 0.00028684337 0.009740201 0.001457284 0.12321548 9.689262e-05 0.10801197 3.9460942e-06 0.00038426975 5.1665247e-06 4.395243e-06 9.252999e-06 0.051646907 4.988649e-06 0.006471585 5.587757e-06 0.057266932 0.00014999298 3.9622037e-06 0.00040451012 0.00010037414 9.914701e-06 8.1096456e-05 1.2043063e-05 2.425219e-05 0.0008272481 8.4997555e-06 0.004425808 0.0002658328 0.01107738 0.007488353 3.3035703e-05 0.010333786 5.3834938e-05 0.0017898601
0.78966844 0.22918648 0.41293532 0.034728333 0.13188247 0.048010148 0.43450347 0.5534909 0.2508656 0.8000027 0.0036288092 0.22954151 0.056983918 0.8680212 0.24808457 0.0011207776 0.04384353 0.05816705 0.034355942 0.34634775 0.004471298 0.0091321785 0.007755902 0.032743346 0.08103018 0.0008766239 0.006310871 3.2042306e-05 0.91669923 0.082926475 6.4760892e-18 0.00040861886 2.306541e-05 0.5853332 0.00018918837 0.00018698197 0.0008490463 0.0001521075 0.0014945273 4.1466556e-06 0.54610157 0.054574355 0.023998674 0.88965505 0.0007203275 0.13272151 0.00011127106 0.0041593076 4.755794e-05 0.04648466 0.00035073195 2.9238468e-05 0.15574051 0.64894557 1.6514686e-06 0.00083616294 0.037249118 0.036155213 0.000114692426 0.038191985 0.18407479 0.00044957615 6.141568e-05 0.0010085984 0.0015184704 1.3728522e-06 0.00064226583 0.08724083 0.36087942 0.23536633 0.0015504106 1.2604316e-05 0.0017648598 1.0871296e-06 5.9562626e-05 3.2166488e-07 0.000514137 6.942857e-06 0.04010858 1.7303899e-05 5.8465477e-05 6.261124e-08 0.0012803746 0.00021997679 6.878613e-08 0.00070526154 7.25293e-05 4.647773e-06 2.5542295e-06 2.8577888e-05 2.7811197e-06 0.007233996 0.00073271006 2.3412198e-05 0.008357237 0.001554488 0.005389789 3.321147e-05 0.033644978 5.5620512e-06 0.00018482577
