2.608819e-28 0.6181084 0.7153801 0.72276056 0.5137015 0.78455037 0.47801188 0.7445665 0.87885183 0.36998922 0.1609149 0.5545061 0.6264895 0.6950998 0.6048002 0.7522742 0.8527114 0.79654664 0.18412934 0.43188745 0.29226026 0.9051724 0.4576382 0.9471812 0.2606374 0.69351417 0.008747954 0.9586161 0.07435686 0.00574043 0.790383 0.021078302 0.33145744 0.0041714376 0.264494 0.5406572 0.00017929224 0.24999644 0.25136977 0.79530144 0.009628096 0.01634036 0.58700675 0.002161292 0.9964748 0.42557767 0.86635584 0.728189 9.446834e-06 0.005028622 0.0020014977 0.020319065 0.86149913 0.9734134 0.0007423736 0.0004455922 0.00089055527 0.28527343 0.011309476 1.0025346e-05 9.8739336e-05 5.8682517e-06 5.412091e-06 0.015339745 2.247064e-06 0.9858977 0.3451091 0.066633545 0.84414095 8.234195e-07 0.7168099 0.9931348 0.003563276 0.97987425 0.082572065 2.2175175e-08 2.9804025e-07 0.024709392 0.9941013 0.8526248 2.24705e-07 0.5653668 0.63234293 2.8744193e-08 0.99724287 0.0059963125 0.003269871 0.9992925 9.505462e-09 0.17308407 0.9998886 2.4685055e-06 1.3978081e-06 2.9471005e-06 1.1742767e-05 0.34556034 0.9923146 0.66087145 0.9999247 0.99542147 2.1405725e-07
0.6181084 8.263626e-20 0.8786504 0.89713603 0.9365293 0.4720953 0.18382105 0.34762558 0.59077734 0.02350914 0.9363011 0.031568553 0.0016378154 0.077789314 0.032020964 0.017522274 0.02058919 0.077325076 0.24527887 0.00047741755 0.051083352 0.06570135 0.0013883398 0.0018206766 9.387744e-05 0.0026230249 0.30148044 0.06880057 3.4950306e-05 0.38603735 0.0005921547 0.00049111247 0.0081685325 0.14947455 0.00020286598 0.00013414852 0.11280759 0.00027459653 9.813756e-05 0.010903915 0.202275 0.0047423816 4.7376707e-06 0.008283048 0.0023125198 1.5095076e-05 9.079635e-05 3.9732827e-06 0.022009706 0.00050042523 0.00034115248 0.00012763495 0.00756096 0.039694935 0.0005074521 0.15372895 0.00044148098 0.00011092629 0.00023729427 0.095736474 0.00011444409 0.0020648332 0.0002400841 7.5879866e-06 0.002777372 0.000584659 8.5488115e-05 2.7891226e-06 0.00030157264 0.0014301187 2.9424386e-06 0.001739025 1.2578517e-06 0.0045327554 8.003516e-05 0.0016664028 0.022020308 1.481821e-05 8.157298e-06 0.00040828192 0.0016783004 6.1127507e-06 0.0007028705 0.017801682 0.0019964837 3.3592619e-06 4.508492e-05 0.0029784113 5.1171482e-05 5.3399463e-06 0.00047585502 0.000103322214 6.0823644e-05 3.629809e-05 5.234001e-06 3.1484702e-05 0.00045328116 3.5989713e-06 0.00055775436 5.6686868e-06 7.5033216e-07
0.7153801 0.8786504 6.659368e-19 0.7643989 0.92016435 0.91740435 0.83301127 0.26997706 0.23412254 0.43964595 0.48917827 0.48078135 0.030979441 0.08063898 0.008337355 0.0034351896 0.0055661695 0.13399366 0.035584453 0.009015724 0.013872104 0.37105212 0.00068536785 0.05777775 0.0012020037 0.001101455 0.111111134 0.14333214 0.00086662907 0.45270026 0.00023964103 0.0028868755 0.0012743782 0.32541913 7.825239e-05 7.217567e-05 0.041241493 0.00012108392 3.0430232e-05 0.007509042 0.1138711 0.0012513048 0.00031915298 0.03368598 0.035372157 0.0003952635 0.0011632611 4.8403963e-06 0.0035941869 5.0292645e-05 0.0012446619 5.342674e-05 0.008936798 0.060217947 0.0021262534 0.2408944 4.831461e-05 0.00083051674 5.332661e-05 0.05508242 0.000538258 0.0005182677 6.093018e-05 2.1416326e-05 0.0055915983 0.004134752 0.00071732595 1.6254137e-06 8.219148e-05 0.00023843463 3.4045708e-05 0.0012135055 3.3027968e-06 0.008304296 0.00022815689 0.00071089395 0.021176253 2.6860769e-06 0.00021259826 7.2232964e-05 0.004139992 3.0429026e-06 0.00030244677 0.008162723 0.0028736673 2.917876e-06 5.7276093e-06 0.0049405578 3.3573288e-05 2.1069924e-05 0.002396664 0.00013856917 0.00019247396 1.43870875e-05 1.1077378e-05 0.00023490419 0.00011011377 9.179657e-05 0.0007681943 3.8868668e-05 2.618296e-05
0.72276056 0.89713603 0.7643989 3.984692e-18 0.48818022 0.5222186 0.18751897 0.97288823 0.7757137 0.033032615 0.6254304 0.023251204 0.00448214 0.5376188 0.11224508 0.04168626 0.081693634 0.4310911 0.15753338 0.006330041 0.06280026 0.23678125 0.005613968 0.0094320625 0.00042867384 0.010694274 0.1317566 0.15001589 0.00021967555 0.05883399 0.0020431958 0.00030211525 0.011273353 0.016618425 0.0005540373 0.0009315172 0.034197323 0.0007837133 0.00047535566 0.0415881 0.06911567 0.0055585145 3.3114247e-05 0.0013393582 0.019647282 9.295563e-05 0.0011795099 3.8022306e-05 0.00459602 0.00022795309 0.00026007876 0.00076465594 0.0403772 0.15999846 0.00040181816 0.015058305 0.0003177278 0.0005105932 0.00056650094 0.019346954 5.8575697e-05 0.001385952 0.0002900475 4.4445493e-05 0.0017500846 0.002801743 0.00040852965 6.918316e-06 0.004519955 0.00045004586 4.1189534e-05 0.010631253 3.1940144e-06 0.03352873 0.00047697543 0.00087295857 0.0032337948 1.0810148e-05 8.455156e-05 0.0013830926 0.0005918475 2.5030198e-05 0.0012003593 0.003931533 0.01824599 1.8869063e-05 2.5375411e-05 0.020994334 3.8229333e-05 6.333636e-06 0.0015390783 3.2159463e-05 5.2498606e-05 2.120011e-05 6.822545e-06 0.00018435925 0.0006150533 1.7836353e-05 0.008110988 4.3570297e-05 2.914105e-06
0.5137015 0.9365293 0.92016435 0.48818022 1.7918787e-20 0.57426006 0.54074126 0.11377353 0.15102968 0.25613114 0.8412395 0.6195426 0.00737621 0.025213715 0.005828141 0.0027026392 0.0028743676 0.031428833 0.08524026 0.004096929 0.021720765 0.09143417 0.000371637 0.008006094 0.0003671642 0.0005345304 0.35493812 0.031556994 0.00035262253 0.7073863 8.8145454e-05 0.006220532 0.0044649146 0.5656938 0.0001080529 4.7006426e-05 0.07335757 0.0002187901 2.8147495e-05 0.00069717766 0.18732005 0.0023007721 0.00014322507 0.08214197 0.015706878 9.780122e-05 0.00072064117 1.0209263e-05 0.010879382 8.669948e-05 0.0036388643 2.9465822e-05 0.0014851763 0.011063776 0.005102641 0.34198877 0.00018397391 0.00027654177 4.773834e-05 0.11599597 0.00067341723 0.00092288526 0.00012642906 1.1023253e-05 0.02866337 0.0027470207 0.00026140758 9.38598e-07 1.1537992e-05 0.00057070976 5.633205e-06 0.00033049806 1.9253748e-06 0.0023653388 2.473236e-05 0.000875473 0.042413086 6.560602e-06 5.1126604e-05 9.400842e-05 0.011739673 2.3261584e-06 5.5344128e-05 0.018934496 0.00035204022 2.7628462e-07 1.0770879e-05 0.0007662905 1.7289318e-05 3.038944e-06 0.0017225987 0.00020837293 0.0009098619 1.5855074e-05 5.4686125e-06 2.9432484e-05 0.00013769079 4.283477e-06 0.00047923633 7.107475e-06 4.8838832e-05
0.78455037 0.4720953 0.91740435 0.5222186 0.57426006 3.9554325e-18 0.95823735 0.105928734 0.027662503 0.67976683 0.11804377 0.6538751 0.32477963 0.054604914 0.0021851496 0.0006276675 0.0015271069 0.107466795 0.0041149333 0.17661186 0.0016822929 0.70151335 7.477806e-05 0.4062137 0.034609884 0.00018020092 0.01647841 0.15911506 0.008105459 0.14714016 5.3672433e-05 0.0062493323 6.397942e-05 0.21862756 7.303262e-06 1.1047291e-05 0.0032269605 1.5328607e-05 3.7222096e-06 0.002934578 0.007872287 3.9105285e-05 0.00082740193 0.028008798 0.1503152 0.001243947 0.0093214465 1.4051412e-07 3.2964137e-05 6.675416e-06 0.0020355708 1.0592228e-05 0.005121987 0.097212784 0.003301448 0.08340374 4.633487e-06 0.0018401418 4.602439e-06 0.007487554 0.00022647226 1.5189911e-05 2.0722237e-06 6.845216e-05 0.0018142057 0.017859055 0.0017458538 3.9243326e-07 4.4367738e-05 9.048314e-06 0.0003139923 0.000981898 7.5865396e-06 0.0119718565 0.0010057609 1.0083876e-05 0.002428955 4.0455387e-07 0.0010194358 1.06233665e-05 0.0014319309 6.86949e-07 0.00017062514 5.991374e-05 0.0028630916 1.6367613e-06 3.8563317e-07 0.0064930925 3.2665355e-06 0.00017825444 0.008526552 3.3160446e-05 0.00015829157 3.2169112e-06 1.153821e-05 0.00090107595 3.5822315e-05 0.00041505546 0.00094672805 0.00050059444 1.636386e-05
0.47801188 0.18382105 0.83301127 0.18751897 0.54074126 0.95823735 2.1496877e-17 0.029968772 0.010346816 0.9341296 0.057670407 0.84344137 0.6349056 0.016757865 0.0006747992 0.00021552651 0.0005076571 0.033604976 0.0028061569 0.33188537 0.0018564579 0.42695737 7.004953e-05 0.37195772 0.080938436 8.022315e-05 0.010249994 0.06901227 0.030113854 0.1519498 2.5027668e-05 0.016921066 0.00017455265 0.22420572 7.41644e-06 1.9827652e-05 0.0014414294 3.7499318e-05 2.506241e-06 0.00095678994 0.005295867 6.934457e-05 0.0067506563 0.05084891 0.1411043 0.003826045 0.018387739 9.09644e-07 9.847917e-06 1.8958222e-05 0.006577514 6.8659897e-06 0.0010361894 0.021323882 0.011367868 0.09409738 8.603984e-06 0.0028963606 2.777295e-06 0.0039202073 0.00089054246 3.9239512e-05 1.3139656e-05 0.00021085191 0.0053515118 0.028371606 0.0030148004 8.409246e-07 2.3839608e-05 1.6317186e-05 0.00052467076 0.00039590104 2.3539227e-05 0.004854205 0.0015651211 2.36697e-05 0.0025295017 3.0299282e-07 0.0019073087 1.9197709e-05 0.0025686726 6.6288425e-07 0.00012710401 3.1410746e-05 0.0015794565 1.237399e-06 2.211292e-06 0.0022147154 9.374472e-06 0.0001802432 0.010789921 8.7752174e-05 0.001332003 7.675462e-06 1.450903e-05 0.0013735668 4.8749625e-05 0.0006105527 0.00043127933 0.00076439243 9.938808e-05
0.7445665 0.34762558 0.26997706 0.97288823 0.11377353 0.105928734 0.029968772 9.187855e-18 0.9004487 0.0051348694 0.2969415 0.0024532333 0.00095123413 0.9343569 0.27207473 0.08804166 0.21922548 0.62230986 0.13835688 0.0026779168 0.06175049 0.32602054 0.015590424 0.005999459 5.786534e-05 0.042202983 0.060345653 0.20729664 3.5986093e-05 0.016328856 0.0033858384 0.00013266355 0.021232447 0.0053105922 0.0009054905 0.00073181686 0.017059432 0.0007626667 0.00087999407 0.094496876 0.043454375 0.0095964065 1.1652996e-05 0.0003152973 0.016069531 8.366954e-05 0.0011086279 4.829784e-05 0.002449271 0.00021332495 7.88111e-05 0.00064298965 0.11435477 0.31024694 0.00041592025 0.0061171656 0.00035739076 0.00028546687 0.00047306909 0.0077003026 1.7658926e-05 0.0013238033 0.00017848478 2.2555867e-05 0.00021291905 0.0028082007 0.00041005408 3.244198e-06 0.012772915 0.00037588974 1.570881e-05 0.027083725 6.1730356e-07 0.081014864 0.00041595893 0.0004883604 0.0014997988 1.1948155e-06 5.50304e-05 0.0025438762 7.55946e-05 5.555083e-05 0.0020118288 0.0020385303 0.06173244 4.1728217e-06 1.4493912e-05 0.030635355 4.5616405e-05 1.0739344e-06 0.0012869528 6.2549598e-06 2.6695658e-05 9.287133e-06 1.9726342e-06 0.00019307918 0.0008249704 1.0962135e-05 0.016595056 2.2049671e-05 7.5140986e-07
0.87885183 0.59077734 0.23412254 0.7757137 0.15102968 0.027662503 0.010346816 0.9004487 1.1609006e-16 0.0013577811 0.5377677 0.00076715293 4.1991472e-05 0.64700305 0.85822874 0.85994655 0.65228415 0.20626903 0.8387941 0.00012289514 0.64422923 0.055204153 0.19238786 0.00026705195 8.993165e-07 0.25870517 0.18992183 0.10476842 1.0674567e-06 0.038807668 0.04638481 2.359024e-05 0.6518751 0.0056746313 0.008474406 0.018911097 0.06110128 0.02293762 0.024591919 0.16590565 0.48529688 0.16085814 1.348324e-06 0.0010036012 0.00136875 2.6305988e-06 0.00012003008 0.0021811563 0.03444852 0.013963048 0.00016393342 0.009074161 0.11852891 0.16430773 6.3643565e-05 0.015190968 0.008005414 1.7715922e-05 0.0050139474 0.029984394 1.784134e-05 0.01558643 0.0043291533 4.7189665e-06 0.0012998878 0.00034686373 9.7547245e-06 0.0004192547 0.020406852 0.007593928 1.2055067e-06 0.035303243 7.1921065e-08 0.0404653 2.0287536e-05 0.003621321 0.0024024558 0.00044010128 3.344551e-06 0.013277412 8.316779e-05 0.00079729565 0.0055915667 0.011737775 0.04054189 6.1929546e-05 0.0002741556 0.020834997 0.0006794039 6.433867e-08 0.0015628993 5.6620927e-05 5.4611053e-05 0.00014310397 2.6149535e-06 6.965622e-05 0.007034231 2.0865322e-07 0.04330127 1.4366274e-05 1.4460837e-06
0.36998922 0.02350914 0.43964595 0.033032615 0.25613114 0.67976683 0.9341296 0.0051348694 0.0013577811 1.845942e-18 0.0062539405 0.96750295 0.8296495 0.0039820485 0.00013846678 8.764495e-05 7.646242e-05 0.0070880465 0.00062996947 0.36895266 0.0006557837 0.15232024 3.2706394e-05 0.27736574 0.1298597 3.6348563e-05 0.0038177527 0.022636278 0.13635467 0.116150886 5.3097865e-06 0.06045457 3.387051e-05 0.27621162 3.857658e-06 8.16283e-06 0.00018091226 2.0820262e-05 9.425618e-07 2.0582233e-05 0.0015158023 0.00011104283 0.04241653 0.14764656 0.12783945 0.013344055 0.038677838 1.8537112e-07 2.2607435e-06 4.0278555e-06 0.026102876 2.5389027e-06 5.045911e-05 0.007430057 0.04441762 0.116729744 4.1692138e-06 0.010302003 3.720105e-06 0.0012464271 0.0044247154 1.1477016e-05 3.0687609e-06 0.0004653306 0.013753692 0.04460705 0.008635016 2.8113587e-07 8.140419e-06 6.477518e-06 0.0003959586 0.00023825731 5.921301e-05 0.0019976143 0.0017438238 1.2861706e-05 0.0009353263 3.5713808e-07 0.0038544203 1.5340629e-05 0.004935072 5.6203015e-07 1.3959957e-05 2.0634196e-05 0.00047702208 2.6930599e-07 1.3360947e-06 0.00092042814 5.423934e-06 0.0002883373 0.019186128 0.0003204953 0.0064022825 5.552024e-06 1.070193e-05 0.0010401909 3.781697e-05 0.00046243033 0.00025721107 0.00043211554 0.0008635662
0.1609149 0.9363011 0.48917827 0.6254304 0.8412395 0.11804377 0.057670407 0.2969415 0.5377677 0.0062539405 1.1278843e-20 0.00495594 0.00014256847 0.07746858 0.0483542 0.046691995 0.022370627 0.041771203 0.7263601 0.0002554958 0.2574316 0.026664414 0.0019460124 8.531798e-05 2.9225573e-06 0.0035898327 0.98373383 0.024137894 3.5386088e-06 0.38044736 0.00028187857 7.5209384e-05 0.029001046 0.060056143 0.00023585957 6.935793e-05 0.3833529 0.00025495523 0.00013606808 0.0042374227 0.38586873 0.0121227885 5.119105e-07 0.0013669499 0.001150737 4.712427e-06 3.3185315e-05 7.925593e-07 0.045380704 0.0005035516 3.620807e-05 0.00016600397 0.0032249112 0.014601519 8.19899e-05 0.06396181 0.00052191527 1.2782932e-05 0.00010679861 0.10333302 9.928274e-07 0.0023329856 0.0001584589 5.7192824e-07 0.0014228623 5.731349e-05 6.5975137e-06 6.995439e-07 0.00023392748 0.0009195491 3.6422335e-07 0.00032198115 2.301543e-08 0.0017598495 1.674382e-05 0.0051369118 0.019610537 5.6341987e-06 1.1496241e-07 0.0006937242 0.0009917117 5.622336e-06 0.00033453008 0.018429797 0.0005090237 7.481949e-07 6.700725e-06 0.00047945228 0.00027965885 6.874117e-07 6.0047074e-05 4.627508e-06 0.00017670727 1.5043944e-05 3.213371e-07 4.07124e-06 0.0005115592 4.1692354e-07 4.2376672e-05 1.656919e-06 7.411044e-08
0.5545061 0.031568553 0.48078135 0.023251204 0.6195426 0.6538751 0.84344137 0.0024532333 0.00076715293 0.96750295 0.00495594 8.866866e-19 0.7395522 0.0011294838 0.0001331057 4.574187e-05 7.002401e-05 0.0019991503 0.0008450134 0.28524107 0.0012538789 0.08429759 1.8040959e-05 0.17744896 0.095175214 2.084269e-05 0.007612454 0.005724663 0.4384112 0.4281408 4.1437775e-06 0.5050864 2.034611e-05 0.63705564 3.2571502e-06 4.539138e-06 0.0017908625 1.9426596e-05 3.9827577e-07 1.1718938e-05 0.0032491216 6.120892e-05 0.046359353 0.52764285 0.092827596 0.0071762674 0.016874243 1.7915369e-07 2.5138255e-05 2.8312431e-06 0.20660612 5.0370236e-06 1.4167305e-05 0.003466204 0.30435428 0.2782142 7.087765e-06 0.0052998364 3.2328974e-06 0.0069421893 0.06711341 7.0065835e-05 2.8915198e-05 0.00043899968 0.09335195 0.02744672 0.0028931152 5.246214e-08 1.5814241e-05 4.5411052e-05 0.00011289858 8.913161e-05 3.533822e-05 0.00077335484 0.000473246 5.773024e-05 0.0034774763 1.4792238e-06 0.0010868342 9.921454e-06 0.020950766 1.0522531e-06 1.4720109e-05 0.00017142875 9.658035e-05 4.455065e-07 4.4346825e-06 0.00039310943 5.8043943e-06 4.6324243e-05 0.010993965 0.001613671 0.03713532 7.859541e-06 6.514046e-05 0.0001275639 8.348359e-05 4.6465833e-05 0.00028333667 7.45131e-05 0.0051845186
0.6264895 0.0016378154 0.030979441 0.00448214 0.00737621 0.32477963 0.6349056 0.00095123413 4.1991472e-05 0.8296495 0.00014256847 0.7395522 1.0597807e-18 0.00055452646 8.052819e-06 1.8642961e-06 1.1335227e-05 0.0009817914 2.826804e-05 0.901925 2.313968e-05 0.057213496 1.9911872e-06 0.45114246 0.9666444 3.182029e-06 2.4387056e-05 0.0049434397 0.8248185 0.0017678009 2.0529017e-06 0.25702587 7.037183e-06 0.068416476 3.6904987e-07 2.4720016e-06 1.504349e-06 2.97739e-06 1.1937043e-07 1.2241316e-05 0.00033961496 8.434108e-06 0.7659337 0.11638707 0.1239331 0.11225241 0.21244808 5.5225676e-08 1.3096125e-06 8.304264e-07 0.11484615 5.823793e-07 4.2119536e-05 0.0026172402 0.10913915 0.014953153 2.702519e-06 0.062154416 3.7223554e-06 2.4846024e-05 0.039437488 1.2565082e-05 2.6615949e-06 0.0046897 0.0048976545 0.10862268 0.047575273 9.461674e-08 5.421617e-06 4.3985117e-05 0.018397642 0.00010717163 0.001957831 0.0010678028 0.015628958 3.1003732e-05 0.00014691548 1.3960901e-07 0.024114344 2.892031e-06 0.000897792 1.10296675e-07 1.6277338e-05 1.2875132e-05 0.00035364076 1.9154108e-07 2.9944815e-06 0.00046542313 7.355244e-06 0.003176534 0.030352993 0.004461924 0.010696967 9.929948e-07 0.00042113537 0.0047309324 3.0607713e-05 0.0017573363 0.00038319055 0.0014566461 0.0032404275
0.6950998 0.077789314 0.08063898 0.5376188 0.025213715 0.054604914 0.016757865 0.9343569 0.64700305 0.0039820485 0.07746858 0.0011294838 0.00055452646 8.3482593e-19 0.58455414 0.11900096 0.5520621 0.98031086 0.07480105 0.004838689 0.039255984 0.33864915 0.041240416 0.009214593 8.172728e-05 0.12091802 0.009931011 0.43992153 7.968304e-06 0.0016261062 0.040774196 2.277485e-05 0.015414088 0.00042685194 0.0036299184 0.00846247 0.0005720884 0.0049803597 0.0047571147 0.34765851 0.017017014 0.0028598448 2.6772193e-05 2.8013437e-05 0.03501945 0.00013031454 0.0035405569 0.0010223971 0.0004608808 0.00019786145 0.0001277387 0.0019089474 0.27067462 0.5190754 0.00013385115 0.00017884327 0.00018275279 0.000458947 0.0011842032 0.0010912498 5.300728e-05 0.0005662374 0.00016340741 1.2477769e-05 6.722741e-05 0.0074119754 0.0007632316 0.00012874597 0.032585014 7.968665e-05 3.3831962e-05 0.071782745 9.4630957e-07 0.15457878 0.00046514135 0.0002005951 0.00032442322 3.2877533e-06 0.0006398068 0.01026896 6.7662084e-05 0.00092698383 0.0061590583 0.0006100402 0.12708822 8.404497e-06 5.916867e-06 0.10125637 2.6127138e-05 6.5276436e-06 0.0026983933 1.6646514e-06 9.17008e-06 6.122605e-06 1.029742e-06 0.00059843954 0.005010704 4.02911e-05 0.055077855 0.00010313291 6.8733897e-07
0.6048002 0.032020964 0.008337355 0.11224508 0.005828141 0.0021851496 0.0006747992 0.27207473 0.85822874 0.00013846678 0.0483542 0.0001331057 8.052819e-06 0.58455414 2.1577134e-18 0.68769425 0.9852692 0.14900969 0.36247486 4.8382528e-05 0.2694928 0.045894876 0.35864785 0.00010113534 3.308801e-07 0.67859524 0.015462901 0.17807192 1.5817633e-07 0.0017363799 0.17478693 1.4577189e-06 0.2559872 0.0001786808 0.025478078 0.06695843 0.0027709273 0.0431507 0.025015322 0.5449367 0.17845485 0.044495393 2.9778317e-07 1.0377969e-05 0.0017553843 4.7605042e-07 3.084798e-05 0.0023361314 0.002823295 0.006882928 9.3586605e-06 0.0058676177 0.2877581 0.25247815 3.2524788e-06 0.00013950554 0.002077953 1.1092465e-05 0.0025569082 0.00094246306 2.510238e-06 0.004442813 0.00070255116 1.6509505e-06 1.595488e-05 0.00027144683 3.5513035e-06 0.0005924227 0.07197488 0.0019037841 7.123038e-07 0.12886643 9.4639475e-08 0.05154518 8.276919e-06 0.00061248924 0.000118974196 3.0247025e-05 1.6558275e-06 0.008409084 1.297722e-06 0.0013512635 0.007149646 0.00030559546 0.104894765 4.960051e-05 1.6539047e-05 0.022105753 8.3430416e-05 4.646275e-08 0.00014906222 7.392054e-07 7.646348e-06 2.3654537e-05 1.1711418e-07 5.9656286e-06 0.0086966725 1.811504e-07 0.040434837 6.581762e-07 5.655676e-07
0.7522742 0.017522274 0.0034351896 0.04168626 0.0027026392 0.0006276675 0.00021552651 0.08804166 0.85994655 8.764495e-05 0.046691995 4.574187e-05 1.8642961e-06 0.11900096 0.68769425 7.2060165e-19 0.6852438 0.055617426 0.3514633 2.3795417e-06 0.4631702 0.006068471 0.9576884 2.0527923e-06 2.0339344e-08 0.8418933 0.017855639 0.04678078 9.147108e-08 0.0015950089 0.43749478 5.1441693e-06 0.6997419 9.387681e-05 0.14019158 0.33372316 0.0037905688 0.36908188 0.369232 0.38778278 0.3678793 0.26771614 1.0903164e-07 1.3330711e-05 0.0003284911 1.7432447e-07 6.6582243e-06 0.08282907 0.0051642074 0.07043273 5.9652816e-06 0.090240575 0.19074665 0.07081462 3.2238981e-06 4.0566967e-05 0.018765857 9.0616936e-07 0.011400276 0.0035231952 9.911283e-07 0.017295182 0.007216893 5.8658037e-07 2.6754125e-05 4.8531794e-05 2.7286796e-07 0.002902874 0.16759355 0.006339269 8.137997e-08 0.18639642 2.5030996e-08 0.02009712 4.266867e-06 0.00052061904 8.7169064e-05 0.0006098064 2.5396352e-07 0.044926085 6.8338136e-07 0.004987584 0.02046883 0.0003396049 0.053012904 0.0003173928 0.0006133526 0.009371621 0.00022343047 4.2172665e-09 0.00015336981 1.3557599e-06 1.4297749e-06 0.0007086058 2.2380824e-07 3.207026e-06 0.019961301 1.0344664e-08 0.020918513 1.2001641e-07 7.893261e-08
0.8527114 0.02058919 0.0055661695 0.081693634 0.0028743676 0.0015271069 0.0005076571 0.21922548 0.65228415 7.646242e-05 0.022370627 7.002401e-05 1.1335227e-05 0.5520621 0.9852692 0.6852438 1.2438673e-19 0.1742554 0.28253713 8.864037e-05 0.24374339 0.06813833 0.4056348 0.00016213421 2.7964109e-07 0.8157347 0.012452661 0.22967222 4.937665e-07 0.00075320073 0.31129816 3.970397e-06 0.28055426 0.0001391505 0.04039073 0.11353156 0.0019546081 0.09250731 0.04165278 0.7794394 0.17067596 0.05221966 1.275156e-06 1.564982e-05 0.0023011023 1.7964652e-06 3.3502733e-05 0.00403789 0.0023442316 0.009154134 1.4885901e-05 0.006782936 0.485798 0.3848621 7.1158183e-06 2.107535e-05 0.0035943342 2.8033135e-05 0.0025031262 7.2818446e-05 4.605701e-06 0.00522357 0.0014321427 8.754075e-06 5.7055236e-06 0.00079326646 2.546511e-05 0.0003080131 0.11514589 0.0015973173 2.1273272e-06 0.250984 3.6044926e-07 0.09395059 0.00012857567 0.00027283662 0.00014270587 4.2581945e-05 1.6155656e-05 0.011864624 5.1137504e-06 0.0013129854 0.008960449 0.00020081425 0.21208043 0.00015155971 2.7994638e-05 0.0229322 0.00012960425 3.866735e-07 0.0002933014 1.1326729e-06 5.438323e-06 0.0001133184 7.963089e-07 9.284755e-05 0.015494329 5.1524225e-06 0.05156341 1.23138525e-05 1.3607391e-06
0.79654664 0.077325076 0.13399366 0.4310911 0.031428833 0.107466795 0.033604976 0.62230986 0.20626903 0.0070880465 0.041771203 0.0019991503 0.0009817914 0.98031086 0.14900969 0.055617426 0.1742554 3.85097e-20 0.020602338 0.013492367 0.021479173 0.5611657 0.0065610064 0.03227313 0.00014109522 0.034602534 0.0017689924 0.9589021 2.7122853e-05 0.003912605 0.011093639 6.923435e-05 0.0066961935 0.0013334483 0.00058360724 0.0016919322 7.3506904e-05 0.0007089174 0.0006787993 0.22300516 0.0044798744 0.00338293 7.1038405e-05 6.038192e-05 0.06890192 0.00020146645 0.0033139712 9.533742e-05 2.857056e-05 0.00018581706 7.514071e-05 0.00022795505 0.23644099 0.6381405 0.00032524078 0.0009666337 0.00015970248 0.00046772 0.0005873238 0.00036354666 6.851276e-05 0.00034831217 0.00013084552 9.596095e-06 3.586464e-05 0.016171629 0.0004106256 1.933568e-05 0.018632952 6.884234e-05 1.1644198e-05 0.034695715 2.2152203e-06 0.22430444 0.000267372 3.376395e-05 0.00022879727 3.6881343e-07 0.00052461046 0.0022948978 5.92846e-05 5.8885606e-05 0.0018479755 4.839785e-05 0.12794463 1.5122503e-06 7.2759617e-06 0.16138814 5.470631e-06 3.3330082e-06 0.008145374 6.22995e-06 8.367879e-05 1.0009554e-05 3.851637e-06 0.00025521527 0.0007085105 1.5006959e-05 0.0512134 9.1965514e-05 3.7071288e-06
0.18412934 0.24527887 0.035584453 0.15753338 0.08524026 0.0041149333 0.0028061569 0.13835688 0.8387941 0.00062996947 0.7263601 0.0008450134 2.826804e-05 0.07480105 0.36247486 0.3514633 0.28253713 0.020602338 3.017845e-20 5.2105857e-05 0.99082947 0.005033468 0.072396435 4.702759e-05 8.273056e-07 0.070201896 0.60416305 0.014117041 1.5056415e-07 0.008594472 0.0067460514 1.4160976e-06 0.44525573 0.00042524847 0.0037238752 0.002274413 0.17637299 0.004528398 0.0025514313 0.019609539 0.87898415 0.35400462 3.8424403e-07 6.0251972e-05 0.00020925334 1.1990371e-05 1.7492785e-05 0.00040710464 0.08933711 0.009671999 2.6057899e-06 0.0010102622 0.011237989 0.010120429 2.323019e-06 0.0024339415 0.0087331245 2.9001636e-05 0.00020308782 0.03202555 1.2112317e-06 0.03502093 0.005237676 1.654601e-06 6.0015533e-05 4.406128e-05 6.031426e-06 9.682229e-06 0.0020648488 0.022349859 4.038791e-06 0.0042389752 2.253692e-07 0.0042946795 9.003025e-05 0.008958229 0.0013285816 2.9199344e-05 9.305693e-07 0.00067629834 1.8647772e-05 0.00019843533 0.0007985958 0.0161839 0.002571413 1.1920036e-05 2.8893006e-05 0.00067396404 0.0018772176 8.0838623e-07 0.00012533637 2.298913e-06 7.4723625e-06 0.0004277899 2.3821515e-07 1.2497561e-05 0.00092755025 3.5574726e-06 0.0021062815 2.846236e-06 2.6303505e-06
0.43188745 0.00047741755 0.009015724 0.006330041 0.004096929 0.17661186 0.33188537 0.0026779168 0.00012289514 0.36895266 0.0002554958 0.28524107 0.901925 0.004838689 4.8382528e-05 2.3795417e-06 8.864037e-05 0.013492367 5.2105857e-05 4.5551198e-20 8.369475e-05 0.46716523 1.3736118e-06 0.9411043 0.9898858 5.888703e-06 3.6046476e-05 0.05919815 0.42082423 0.00051193766 2.5019065e-06 0.08005441 4.19078e-06 0.016711662 2.9136697e-07 8.45593e-07 7.0204646e-06 1.3125797e-06 1.6058023e-07 0.00023637254 4.50847e-05 1.4461866e-05 0.3584411 0.026883919 0.32530934 0.40608785 0.52725405 1.2309501e-08 3.0695523e-07 5.992065e-07 0.031384196 6.510599e-07 0.00082505663 0.027231103 0.015526961 0.0013416389 1.2967731e-06 0.12807778 9.3739925e-07 2.0028426e-06 0.011356512 3.8109588e-06 1.069663e-06 0.0028719523 0.0013641752 0.23104031 0.15383296 1.8773696e-07 7.477706e-05 2.0171426e-06 0.0061575663 0.00039853816 0.00067564787 0.008788405 0.026758874 9.885837e-06 4.0631592e-05 4.9231478e-08 0.0586537 1.4583502e-06 0.00038409373 1.145098e-06 2.504228e-05 2.4762628e-06 0.0013429227 2.5719913e-07 2.1690491e-06 0.0080846995 3.2202227e-06 0.0024626954 0.1127075 0.0009027507 0.0007216387 4.772081e-07 0.00022877633 0.00814781 1.8081782e-05 0.0018928441 0.0002712595 0.006521792 0.0004468075
0.29226026 0.051083352 0.013872104 0.06280026 0.021720765 0.0016822929 0.0018564579 0.06175049 0.64422923 0.0006557837 0.2574316 0.0012538789 2.313968e-05 0.039255984 0.2694928 0.4631702 0.24374339 0.021479173 0.99082947 8.369475e-05 2.6485006e-18 0.0030640864 0.26583147 2.7840853e-05 2.8520099e-06 0.16973534 0.17681125 0.012030146 1.8198008e-06 0.0037521943 0.049376246 8.709731e-06 0.8439568 0.0008919352 0.051357068 0.035206385 0.044815924 0.055642616 0.089448914 0.061245058 0.75093925 0.579138 4.0670297e-06 0.00022185288 0.00011633992 4.004383e-05 1.9418021e-05 0.007474522 0.05020474 0.114018954 6.3670945e-05 0.048059072 0.033117045 0.017098792 0.00012693503 0.0015027941 0.07126386 0.00010605191 0.0040221578 0.011642051 8.880198e-05 0.103159845 0.0298058 3.2330623e-05 0.0001311256 4.3442506e-05 3.7969545e-05 0.00032055462 0.016552791 0.041286927 6.5075394e-05 0.015854683 2.095499e-06 0.012710493 0.00049004814 0.0068504536 0.00076868135 0.0012964183 1.317624e-06 0.024240907 7.141703e-05 0.003591168 0.012014742 0.0069489526 0.004019688 0.00056418637 0.005773426 0.0026072168 0.0042076623 4.8035527e-06 0.00011849793 6.766889e-06 3.017445e-05 0.0072927214 2.8767315e-06 9.317851e-05 0.0067942133 7.17549e-05 0.002091915 2.818349e-05 1.4023727e-05
0.9051724 0.06570135 0.37105212 0.23678125 0.09143417 0.70151335 0.42695737 0.32602054 0.055204153 0.15232024 0.026664414 0.08429759 0.057213496 0.33864915 0.045894876 0.006068471 0.06813833 0.5611657 0.005033468 0.46716523 0.0030640864 3.751706e-18 0.00017795399 0.9204503 0.06831654 0.0024290164 0.000926204 0.8432579 0.009932158 0.012539705 0.0012478833 0.002017716 0.00047972717 0.017329326 7.945168e-06 8.997686e-05 2.379731e-05 4.4596774e-05 2.5197996e-05 0.047805727 0.0018154051 8.602716e-05 0.0046284376 0.0024481458 0.80880123 0.0256704 0.13046688 2.1782012e-06 4.220953e-07 2.1819154e-05 0.0010153045 7.502703e-06 0.091103256 0.54041034 0.0013560742 0.002114371 1.6893757e-05 0.018277302 8.2055136e-05 0.00075606426 0.00092325895 0.00071240676 8.567658e-05 0.0001879058 0.0010188783 0.15152982 0.010626444 2.2078593e-06 0.004150988 0.00028940925 0.0020068819 0.017879376 5.6701927e-05 0.19756222 0.004531861 9.554887e-05 0.0005803861 7.3761207e-06 0.014354142 0.001712784 0.00062569324 9.522079e-06 0.0014491045 0.00024664254 0.048950724 7.479143e-06 0.00022709406 0.18100016 4.219118e-05 0.0003573744 0.16143996 0.0002509259 0.00052505743 1.9285531e-05 4.7182308e-05 0.0063436725 0.00084457797 0.0013855963 0.048254017 0.007197771 0.00018786277
0.4576382 0.0013883398 0.00068536785 0.005613968 0.000371637 7.477806e-05 7.004953e-05 0.015590424 0.19238786 3.2706394e-05 0.0019460124 1.8040959e-05 1.9911872e-06 0.041240416 0.35864785 0.9576884 0.4056348 0.0065610064 0.072396435 1.3736118e-06 0.26583147 0.00017795399 9.801337e-18 4.40717e-07 4.2141732e-08 0.9321457 0.0018279403 0.0059179678 9.4254695e-08 7.3455885e-05 0.58928394 4.680056e-06 0.7230243 2.0193802e-05 0.5152343 0.52795255 0.00011179096 0.55789286 0.70646507 0.21593274 0.17090411 0.22016376 1.9621767e-07 8.819772e-06 5.1067203e-05 3.0069714e-07 5.3749445e-06 0.13362442 0.00034874643 0.12807257 4.676299e-06 0.22691649 0.0874683 0.021462081 2.0600503e-06 6.5407485e-06 0.028451916 4.343277e-07 0.038934812 0.00011789566 8.08727e-07 0.018355936 0.012785853 1.6882684e-06 1.2431837e-05 1.090667e-05 9.045647e-08 0.017521221 0.17512824 0.0021245265 8.009434e-07 0.1023411 6.677352e-08 0.0065874984 4.0005907e-06 8.6426306e-05 2.499747e-05 0.0019828875 1.3288823e-07 0.08228141 6.000219e-07 0.011676337 0.02639354 2.715368e-05 0.011930984 0.00077561976 0.0017330995 0.0054457844 3.0851952e-05 2.4689314e-08 1.8397592e-05 4.9168585e-07 1.9712181e-06 0.0015835657 1.1780669e-07 1.0889963e-06 0.027947877 3.970018e-08 0.0054676277 6.775871e-08 3.277841e-08
0.9471812 0.0018206766 0.05777775 0.0094320625 0.008006094 0.4062137 0.37195772 0.005999459 0.00026705195 0.27736574 8.531798e-05 0.17744896 0.45114246 0.009214593 0.00010113534 2.0527923e-06 0.00016213421 0.03227313 4.702759e-05 0.9411043 2.7840853e-05 0.9204503 4.40717e-07 6.502272e-20 0.6095271 4.2542674e-06 9.530938e-06 0.19286898 0.037149053 0.00094981503 4.763931e-06 0.010166373 8.178165e-06 0.006058938 1.4289128e-07 5.5156806e-07 6.235996e-06 2.3934123e-07 9.077634e-07 0.000543941 0.00015784414 4.3711657e-06 0.03554284 0.007982509 0.9380659 0.15204974 0.5705813 1.2211472e-08 1.2948989e-07 3.7985026e-06 0.0023787024 1.5299873e-06 0.0017052477 0.113508984 0.0019246497 0.00032579488 2.1770736e-06 0.037868716 3.0785748e-06 1.511688e-06 0.00084555114 5.5291213e-05 3.13754e-06 0.0004992378 2.7471582e-05 0.34848562 0.048029266 1.0388802e-07 0.00011699192 3.9449465e-06 0.0019213742 0.0002919616 3.5251276e-05 0.040197685 0.0032502776 1.2265207e-06 2.989974e-05 1.8611757e-07 0.03362259 2.2024087e-06 6.2597916e-05 3.6331702e-08 6.388943e-05 3.0564643e-06 0.0023733207 7.6060054e-08 1.6413584e-06 0.06782251 1.6276103e-06 0.00046616857 0.25450122 0.00030419018 0.00016371079 2.0901937e-06 3.6784117e-05 0.0032364656 2.0124839e-05 0.00078958477 0.00054418977 0.003393417 1.6662643e-05
0.2606374 9.387744e-05 0.0012020037 0.00042867384 0.0003671642 0.034609884 0.080938436 5.786534e-05 8.993165e-07 0.1298597 2.9225573e-06 0.095175214 0.9666444 8.172728e-05 3.308801e-07 2.0339344e-08 2.7964109e-07 0.00014109522 8.273056e-07 0.9898858 2.8520099e-06 0.06831654 4.2141732e-08 0.6095271 6.749848e-21 5.6283337e-08 1.2272064e-06 0.0034609651 0.5732313 4.0956984e-05 3.9460485e-08 0.113114454 3.3777152e-07 0.002733123 3.6137406e-09 2.101695e-08 4.2938186e-07 6.315069e-09 7.736867e-09 6.6971756e-07 2.8014306e-06 1.4605361e-07 0.686269 0.0067539727 0.12618597 0.58734703 0.6330677 2.1266142e-09 1.1459091e-07 1.0397043e-08 0.036072273 1.3752843e-08 5.897279e-06 0.0031082008 0.010474564 8.592746e-05 9.3363965e-09 0.16552454 1.1379434e-08 3.1797646e-07 0.0098115355 2.731106e-07 2.3717728e-08 0.006172886 0.0002954696 0.24084951 0.21479183 1.0943035e-08 8.687792e-07 3.5598873e-07 0.022908641 7.1409986e-06 0.0042386437 0.0014480919 0.08621889 4.444405e-07 6.9877683e-06 2.088232e-09 0.12145816 4.2970033e-08 4.6558052e-05 5.973117e-09 3.1251633e-07 7.073871e-07 0.00029539666 8.618202e-09 1.1172119e-07 0.00088109076 2.0043416e-07 0.007141867 0.10310035 0.001511077 0.0006216075 3.9728505e-08 0.00044687118 0.01957432 7.0263995e-06 0.004810356 6.586923e-05 0.009975668 0.0002824224
0.69351417 0.0026230249 0.001101455 0.010694274 0.0005345304 0.00018020092 8.022315e-05 0.042202983 0.25870517 3.6348563e-05 0.0035898327 2.084269e-05 3.182029e-06 0.12091802 0.67859524 0.8418933 0.8157347 0.034602534 0.070201896 5.888703e-06 0.16973534 0.0024290164 0.9321457 4.2542674e-06 5.6283337e-08 7.4424576e-17 0.001487581 0.033457078 2.3740708e-07 0.00015352946 0.9517771 9.343357e-06 0.504447 8.5808795e-05 0.50415736 0.62394685 0.000138658 0.5176695 0.3222028 0.6595581 0.14055723 0.12167489 7.6229213e-07 3.0405516e-05 0.00027475134 4.7442967e-07 4.068531e-06 0.2007395 0.00035889648 0.036580093 8.236415e-06 0.07889184 0.2993553 0.06171322 2.807783e-06 1.3214011e-05 0.01181568 5.7576426e-06 0.017064663 0.00013694447 1.4921966e-06 0.009740563 0.00657976 6.9188245e-06 1.03993e-05 9.608517e-05 7.609876e-07 0.0035119506 0.37844723 0.0017130423 8.717604e-07 0.23738346 1.8980434e-07 0.020757262 4.8097296e-05 0.00023988269 0.00013744926 0.00038009378 1.9973415e-06 0.08061951 6.5547106e-06 0.0069684964 0.03116486 0.00020733206 0.06505629 0.00046975733 0.00049831736 0.005864915 9.9460056e-05 1.0037227e-07 6.320443e-05 1.8684648e-06 7.409759e-06 0.0006258681 5.7600397e-07 7.259792e-06 0.02062688 8.1460763e-07 0.0108302925 1.1323597e-06 3.341729e-06
0.008747954 0.30148044 0.111111134 0.1317566 0.35493812 0.01647841 0.010249994 0.060345653 0.18992183 0.0038177527 0.98373383 0.007612454 2.4387056e-05 0.009931011 0.015462901 0.017855639 0.012452661 0.0017689924 0.60416305 3.6046476e-05 0.17681125 0.000926204 0.0018279403 9.530938e-06 1.2272064e-06 0.001487581 7.6771933e-22 0.00082093844 5.8753267e-07 0.18461049 8.9802656e-05 5.8271844e-06 0.016564611 0.008345927 2.969865e-05 4.036798e-05 0.9758031 0.00013191352 3.713482e-05 3.349548e-05 0.69821787 0.008740136 1.1735721e-06 0.000100285164 3.2322823e-05 2.8067868e-06 6.422135e-06 8.567085e-07 0.20709363 0.00029439264 1.5129269e-06 3.431663e-05 1.4253333e-05 0.0005105888 1.6572477e-06 0.03141505 0.00039270197 1.9262336e-05 1.3678555e-05 0.21849282 1.9776058e-07 0.002005506 0.00013625507 6.736777e-07 0.0001821023 4.715777e-06 2.1448865e-05 1.9707725e-06 8.185633e-06 0.0013266052 2.8894895e-06 1.9132585e-05 1.4947753e-07 0.00016911209 2.5788415e-05 0.0087822415 0.014098165 8.903913e-06 2.872963e-07 4.443291e-05 0.00022809488 2.8817153e-06 3.14212e-05 0.040563274 0.00020785612 3.06303e-06 1.7163165e-07 5.294211e-05 0.00024988997 2.9885814e-06 3.9875754e-06 6.923576e-08 1.5378889e-07 1.1461081e-05 5.1475205e-08 8.182105e-06 6.987032e-05 3.3702008e-06 0.00014125086 3.4330785e-06 4.0399655e-08
0.9586161 0.06880057 0.14333214 0.15001589 0.031556994 0.15911506 0.06901227 0.20729664 0.10476842 0.022636278 0.024137894 0.005724663 0.0049434397 0.43992153 0.17807192 0.04678078 0.22967222 0.9589021 0.014117041 0.05919815 0.012030146 0.8432579 0.0059179678 0.19286898 0.0034609651 0.033457078 0.00082093844 1.674311e-19 0.0005058058 0.005393378 0.022612277 0.00015816087 0.004059371 0.002086057 0.00062243274 0.0037823445 2.9396522e-05 0.0012347132 0.00056324236 0.20805192 0.0010761876 0.0022176798 0.00058938784 9.925027e-05 0.21816142 0.0031821192 0.016352208 0.00012499926 6.383452e-06 0.00015809906 0.0001223928 0.00022559901 0.2670699 0.91191125 0.0004362462 0.0014231316 7.075578e-05 0.004423112 0.00050064485 0.0009704855 0.00026569312 0.00032509316 8.041366e-05 1.4754134e-05 8.487982e-05 0.039752316 0.0025683334 1.844893e-05 0.017405838 5.0250266e-05 0.00014475438 0.029661285 2.5978943e-06 0.457243 0.0017464042 4.2004052e-05 0.0007494408 6.619827e-07 0.0027283079 0.0020732083 0.00022226438 3.8223792e-05 0.0024737103 0.000439816 0.11515979 1.6975306e-06 4.1446588e-06 0.37792584 6.6747925e-06 9.4793184e-05 0.0418215 1.2221543e-05 7.4356e-05 8.383755e-06 9.172913e-06 0.0022422713 0.0005341826 0.00039102748 0.090725854 0.00089401565 5.962227e-06
0.07435686 3.4950306e-05 0.00086662907 0.00021967555 0.00035262253 0.008105459 0.030113854 3.5986093e-05 1.0674567e-06 0.13635467 3.5386088e-06 0.4384112 0.8248185 7.968304e-06 1.5817633e-07 9.147108e-08 4.937665e-07 2.7122853e-05 1.5056415e-07 0.42082423 1.8198008e-06 0.009932158 9.4254695e-08 0.037149053 0.5732313 2.3740708e-07 5.8753267e-07 0.0005058058 2.3971599e-19 0.00039778027 4.0463453e-07 0.985232 4.5907623e-07 0.012898888 4.4374826e-08 6.980701e-08 1.38254e-07 1.8041646e-07 2.6595089e-08 5.95486e-07 6.2910965e-07 1.1394262e-07 0.883087 0.05017753 0.024437252 0.3553498 0.16386226 6.599778e-10 1.5077228e-08 3.99236e-07 0.29120606 7.961483e-08 3.075483e-07 0.00032238706 0.1600257 0.0010704253 1.5563585e-07 0.16459721 6.4153363e-07 5.005221e-07 0.15028487 1.1884242e-06 5.1867187e-07 0.042887837 0.0019865034 0.046058815 0.15209094 1.0506311e-07 1.9164798e-07 2.2061715e-06 0.04777496 7.527188e-07 0.023829803 8.042753e-05 0.055684514 1.5726399e-06 5.5031916e-05 2.6929588e-06 0.032162055 6.019454e-07 0.0009667208 7.0418146e-08 7.393485e-07 3.2359233e-06 6.8250893e-06 5.3751774e-07 9.823083e-07 5.90849e-05 2.3476398e-06 0.006139706 0.007868231 0.030965786 0.021725504 4.9339604e-07 0.0112685 0.013612571 3.98813e-06 0.0027797583 6.056003e-06 0.004219599 0.015254549
0.00574043 0.38603735 0.45270026 0.05883399 0.7073863 0.14714016 0.1519498 0.016328856 0.038807668 0.116150886 0.38044736 0.4281408 0.0017678009 0.0016261062 0.0017363799 0.0015950089 0.00075320073 0.003912605 0.008594472 0.00051193766 0.0037521943 0.012539705 7.3455885e-05 0.00094981503 4.0956984e-05 0.00015352946 0.18461049 0.005393378 0.00039778027 1.3716923e-20 2.9210763e-05 0.0111666145 2.6649564e-05 0.9773121 5.567884e-06 9.079769e-06 0.091438636 1.110809e-05 2.5749207e-06 3.9244493e-05 0.004827558 8.593205e-05 2.641065e-05 0.5108299 0.000455494 5.9220147e-06 1.3979743e-05 1.4229308e-07 0.0009575942 2.3528198e-06 0.0047010803 1.4929795e-06 7.184583e-05 0.0017374759 0.050006002 0.71067643 7.294985e-06 6.199886e-05 1.1989131e-06 0.1417881 0.00091158977 6.071634e-06 1.5344702e-06 1.1348808e-06 0.09717546 0.00013684615 3.72366e-05 7.5428034e-07 1.0576472e-05 4.634835e-06 6.0985726e-06 7.374303e-05 7.5460804e-08 0.00047045582 4.9349303e-05 7.826717e-05 0.05840411 1.0672026e-05 1.216166e-06 8.2347855e-05 0.07017017 8.171828e-06 0.00021848443 0.0061230497 0.0004457297 3.0244992e-06 9.803401e-07 0.00043629034 9.0854996e-07 2.9576195e-06 0.00017398062 1.3797977e-05 0.002303635 2.8393877e-06 1.5003938e-07 1.6192662e-05 0.00024596252 7.1561876e-06 0.00055457937 7.1348645e-06 4.090776e-05
0.790383 0.0005921547 0.00023964103 0.0020431958 8.8145454e-05 5.3672433e-05 2.5027668e-05 0.0033858384 0.04638481 5.3097865e-06 0.00028187857 4.1437775e-06 2.0529017e-06 0.040774196 0.17478693 0.43749478 0.31129816 0.011093639 0.0067460514 2.5019065e-06 0.049376246 0.0012478833 0.58928394 4.763931e-06 3.9460485e-08 0.9517771 8.9802656e-05 0.022612277 4.0463453e-07 2.9210763e-05 8.826576e-18 8.148466e-06 0.39065233 1.6355652e-05 0.53812766 0.9507154 1.5862652e-05 0.7770286 0.3283257 0.78440756 0.046459608 0.0639049 4.8927825e-07 1.2034477e-05 0.00017008623 4.9344925e-07 1.4079815e-06 0.39490718 1.936563e-05 0.027650118 1.8963881e-05 0.0703871 0.46388483 0.045629106 1.251846e-05 3.4051358e-05 0.010032205 3.6111594e-06 0.02388083 1.4669854e-05 6.1291544e-06 0.0065580504 0.0047275997 4.020978e-06 6.6490616e-06 0.00011696056 2.096948e-06 0.010169699 0.72745067 0.0007182357 1.7067607e-06 0.4513371 3.540717e-07 0.021403898 3.830411e-05 4.1349762e-05 0.00011541464 0.0011568562 1.6576256e-06 0.222943 8.005719e-06 0.018284094 0.09202742 0.00012348386 0.06683794 0.00092299527 0.00036959123 0.008114938 2.8840619e-05 2.171041e-07 0.00013761989 1.9276897e-06 1.779354e-05 0.00096128933 6.6216967e-07 1.6289932e-05 0.038673166 9.4307796e-07 0.017996928 9.329801e-07 8.70064e-06
