4.203213e-28 0.9066682 0.9355833 0.9333277 0.9239705 0.9341591 0.7735128 0.82527065 0.7341433 0.90693873 0.8373972 0.8744382 0.8629268 0.7215154 0.960761 0.77867514 0.8320695 0.93934184 0.656771 0.6337918 0.8830612 0.26295823 0.31103188 0.58066916 0.6501481 0.93863493 0.08225434 0.63589686 0.8942007 0.3561659 0.14862873 0.90420276 0.033624906 0.75266534 0.7938569 0.22984362 0.75191 0.95118505 0.66906345 0.024288235 0.026661871 0.85568625 0.0711016 0.93989646 0.84701765 0.0037553662 0.22819798 0.6234217 0.8424116 0.00097082386 0.041669223 0.017177923 0.47257575 0.015913844 0.8324069 0.00041739226 0.000208807 0.9760742 0.9228228 0.13413464 0.8601924 0.00012521786 1.1894055e-05 0.9948836 0.38821527 0.98627925 0.0033141512 0.9837724 0.0216021 0.92825544 0.015830206 0.0007325937 0.15519497 0.0024842757 0.51262563 0.8555465 0.00068562606 0.023006989 0.042679735 0.00036982252 0.9994694 0.98597026 0.89336824 0.00053131755 3.4073203e-06 1.8771316e-05 2.3052678e-05 5.6627835e-07 0.40512156 0.017400227 0.99975306 0.09914133 0.82257956 0.9997527 0.99461126 0.01815747 5.5348426e-08 0.9903263 0.9972619 1.7825283e-05 0.1770417
0.9066682 1.3773983e-18 0.8052871 0.6451776 0.95096076 0.6702701 0.14049393 0.1332548 0.074759915 0.88292295 0.78861105 0.25078157 0.09938779 0.27055052 0.0007224457 0.002111588 0.0007970691 0.055293158 0.5078861 0.03798475 0.003441505 0.2717222 0.26547456 0.71624804 0.010674716 0.014972787 0.077185676 0.00013085503 0.0006861844 0.00026058147 0.3575552 0.04050222 0.02657698 0.016932292 0.028094297 0.07071575 0.01282909 0.000114297385 3.0784074e-06 0.071005255 0.21043384 0.009961602 9.137374e-05 2.0076111e-05 9.9949975e-06 0.010481149 0.020219369 2.5498912e-07 0.0056005805 0.00026337567 0.24122354 0.09990629 0.0010699639 0.09330141 1.4141791e-07 0.0028748778 0.0016875401 0.005435793 3.2173513e-05 0.0015887502 2.9587309e-06 0.0005436493 1.941045e-05 0.007578572 3.5034347e-08 0.0031774733 0.054033782 0.012896601 0.0004464169 2.9179982e-06 0.018536134 0.013009941 5.8325798e-09 0.0004731269 3.2575306e-07 1.4879846e-06 0.0001809371 5.8640055e-08 1.5958638e-07 0.00085063116 0.003249811 1.2427143e-05 7.402088e-08 2.6753332e-05 0.00016256339 0.00016235626 0.00017204556 3.3384724e-05 2.9236917e-06 1.0009368e-06 0.0017095236 2.2171749e-08 1.3188378e-05 0.0033094313 1.9821413e-05 2.152627e-08 7.561544e-05 6.3823077e-06 8.7749584e-05 2.309083e-05 9.215791e-08
0.9355833 0.8052871 2.2737124e-17 0.90390366 0.48094887 0.31867218 0.82874143 0.568612 0.46306017 0.4358017 0.5516494 0.8369066 0.79127175 0.04054911 0.007434325 0.0024429096 0.0059827296 0.20810215 0.17445146 0.009650279 0.018102653 0.22631067 0.1895845 0.23917025 0.20234385 0.05043415 0.07229389 0.0003503958 0.0048914584 0.0003584393 0.041294225 0.30575264 0.024235776 0.1800265 0.25661105 0.01233301 0.04546548 0.0009328592 8.306462e-06 0.029523008 0.022160793 0.10663253 0.0033970112 5.4028224e-05 8.8446075e-05 0.0045918515 0.003842956 3.7516932e-06 0.025939764 0.00019142141 0.020657599 0.01733579 0.00044526087 0.0048739337 1.2634446e-06 0.0013924942 0.0007938023 0.030998131 0.00059858913 0.0004493974 2.6049936e-05 0.0006052984 8.2502236e-05 0.048361637 1.519338e-06 0.021071162 0.0026029474 0.09844696 0.00037003492 1.3189448e-05 0.002543629 0.0014578776 1.4047264e-06 0.00015645458 5.3801496e-06 1.5833071e-05 0.00020006645 2.8099903e-06 1.8936953e-05 0.00019483753 0.020803442 0.00013539226 2.1522987e-06 1.2559907e-05 9.3394956e-05 9.828425e-05 0.0001084792 1.8853216e-05 8.539055e-06 1.9538347e-06 0.0093227215 1.8668341e-05 0.00015035503 0.036450654 0.0006889272 2.760085e-06 4.4175173e-05 7.779856e-05 0.00047164896 9.932947e-06 0.00013912359
0.9333277 0.6451776 0.90390366 5.818386e-18 0.10048846 0.014632081 0.7877562 0.92328435 0.5146884 0.31467807 0.83628595 0.24131018 0.4429048 0.008951887 0.06486223 0.00020266815 0.0010770906 0.019341517 0.28422084 0.0029532202 0.00093891856 0.5621683 0.38615242 0.1705871 0.120429374 0.0038892848 0.25208998 4.6464458e-05 0.0003929059 0.00023186745 0.023683872 0.04066234 0.087903336 0.023475012 0.08477122 0.005131807 0.02744572 0.00012444382 9.6760805e-06 0.11755378 0.015358372 0.03218223 0.010265749 3.768114e-05 1.3058169e-05 0.017482398 0.0022514896 1.3593162e-06 0.020206079 0.0004547763 0.03945089 0.029400963 0.00013605498 0.00154713 1.8432935e-06 0.0030926114 0.0012671999 0.03206174 7.6760516e-05 0.0005013713 7.17052e-06 0.0007824138 6.3608306e-05 0.004125818 2.3265451e-07 0.019712042 0.003018785 0.029201534 4.1352447e-05 9.01418e-06 0.00074500235 0.0024568648 1.7666336e-07 4.0008097e-05 6.207547e-07 4.627583e-06 2.9313514e-05 1.0745531e-06 2.1782926e-06 3.853347e-05 0.003433015 2.4676663e-05 1.3773904e-07 2.030759e-05 0.00029082998 6.202938e-05 6.038445e-05 7.901176e-06 3.782236e-06 1.5597484e-06 0.0017208747 1.2847601e-06 1.49476255e-05 0.011178623 3.65869e-05 2.618668e-07 1.838109e-05 4.547138e-07 5.336039e-05 5.2398645e-06 2.1359643e-05
0.9239705 0.95096076 0.48094887 0.10048846 7.756889e-20 0.92959005 0.016821126 0.008111374 0.0038492116 0.8475774 0.1732593 0.30170226 0.040654946 0.51348466 6.3604064e-05 0.0132906325 0.014885072 0.09317197 0.35036343 0.22728322 0.034199923 0.025661336 0.06313504 0.75431746 0.005332926 0.05943947 0.007997291 0.0015444036 0.007704861 0.0010319602 0.45962644 0.047574285 0.005969849 0.013989013 0.014175111 0.24488364 0.0037509422 0.0018368878 7.002768e-05 0.026300913 0.3531924 0.0055916565 5.858494e-06 0.00030129147 0.00012974598 0.006992906 0.06541083 1.6006836e-05 0.0024284082 2.3443477e-05 0.27198544 0.108279064 0.013230713 0.3199991 2.0729153e-06 0.0013700646 0.000806239 0.0023967952 0.00068518973 0.010101216 7.46921e-05 0.00016488422 5.395183e-06 0.018759688 3.0108638e-06 0.0018798637 0.10589248 0.012211177 0.004175362 4.870023e-05 0.17491506 0.019956162 8.51247e-07 0.0030792798 3.0234973e-05 3.887456e-05 0.0018428226 5.2410333e-06 8.365872e-06 0.0033912673 0.0044348817 0.0004602637 7.721997e-06 6.694507e-05 0.00012896484 0.0005123604 0.00034368146 8.7741544e-05 1.6938993e-05 5.0776775e-06 0.0011514007 5.5305554e-07 0.0005232639 0.0029195002 0.0006506711 1.4061017e-06 1.910786e-05 9.465885e-05 0.0006378578 3.819814e-05 1.4769114e-05
0.9341591 0.6702701 0.31867218 0.014632081 0.92959005 2.0680483e-21 0.0011007171 0.00037583755 0.00062034937 0.51529706 0.011896593 0.30864197 0.008955043 0.94963086 1.3257103e-05 0.19082545 0.11966173 0.15362297 0.07246985 0.7551913 0.13129532 0.001536657 0.006199026 0.60596937 0.0009924355 0.1402066 0.0002094608 0.016443904 0.023460118 0.0027126127 0.3626029 0.041642513 0.0005930632 0.010375541 0.0059534437 0.4273926 0.0006205082 0.0060297824 0.00027866397 0.002038437 0.2026638 0.0032690275 6.2185535e-08 0.0013296121 0.0004495067 0.00059413625 0.18969035 7.316351e-05 0.0009559148 5.434966e-07 0.0727615 0.020821933 0.07078862 0.3100894 5.1097722e-06 0.00027678953 0.0001438077 0.00064624444 0.0038331319 0.023777395 0.00030304154 3.344741e-05 2.4878448e-06 0.024716787 4.7365916e-06 0.00061468297 0.03205249 0.0067962036 0.017464317 0.00020976465 0.19472945 0.0026104127 1.1888822e-06 0.0064426884 0.00021820415 0.00012792414 0.0058528213 3.3961493e-05 0.00010781758 0.0005553426 0.0048609804 0.0011416683 5.9634636e-05 0.00051187444 8.8531386e-05 0.00093918724 0.0008592091 4.0713316e-05 2.356524e-05 3.4467303e-05 0.00071509276 2.296932e-06 0.0011652804 0.0013703044 0.0013123438 8.899304e-06 6.6594944e-06 0.00086314464 0.0012049029 0.00014034077 0.00025302253
0.7735128 0.14049393 0.82874143 0.7877562 0.016821126 0.0011007171 1.7174728e-18 0.8992963 0.9666414 0.07779143 0.4462771 0.37535632 0.8010709 0.0012263015 0.3266561 3.4037304e-05 0.0002828526 0.029517848 0.07909312 0.00040548903 0.0007852036 0.34182364 0.16871044 0.023237398 0.37230602 0.0042977724 0.1444342 4.5807155e-06 0.00043065366 3.720267e-05 0.000927587 0.050740696 0.04446388 0.038063385 0.13998649 0.0005973021 0.06226964 0.00019136282 4.768349e-06 0.026604505 0.0005769274 0.044660505 0.024705322 2.452031e-05 6.723087e-07 0.002026725 0.00028195657 9.5280336e-07 0.05380834 0.0005546854 0.0010238724 0.0021427942 1.611932e-05 8.2355546e-05 4.0917195e-07 0.00057552883 0.00025580128 0.056104902 0.00011224948 3.8041744e-05 1.0418925e-05 0.00031809797 5.987592e-05 0.007691397 1.4380022e-07 0.020583024 4.6609763e-05 0.04786633 3.1934615e-05 7.990959e-06 7.121789e-05 0.00017382886 4.0382556e-08 1.1162196e-05 3.5656734e-07 3.2706128e-06 2.7899512e-05 2.9308342e-07 1.1540781e-06 2.7269602e-05 0.0059485342 2.8664661e-05 5.6856816e-08 8.781727e-06 2.5758258e-05 9.481109e-05 7.5399126e-05 3.3833105e-06 2.929693e-06 1.2534341e-06 0.0035758577 1.1927934e-06 1.6256192e-05 0.016690062 6.950732e-05 8.963431e-08 1.3359531e-06 7.9159173e-07 0.00010084708 6.559595e-06 2.5283125e-06
0.82527065 0.1332548 0.568612 0.92328435 0.008111374 0.00037583755 0.8992963 6.1830647e-18 0.8723305 0.108167596 0.66184485 0.032088917 0.27919817 0.0008733703 0.8170841 8.591287e-07 2.4753124e-05 0.0026995968 0.14731963 0.00026589667 6.9809445e-05 0.68851185 0.34877905 0.018201768 0.1691648 0.0007168677 0.37953347 3.307804e-07 2.9565466e-05 1.6803038e-05 0.002346127 0.019539922 0.14929739 0.010912061 0.054210808 0.0003641695 0.039881155 1.8181556e-05 9.2268937e-07 0.11137559 0.0012962662 0.022814607 0.09968426 1.7344947e-06 3.48213e-08 0.018457262 0.000104144005 5.7531636e-08 0.029051129 0.0045849397 0.0032560746 0.009955775 5.016563e-06 0.00021734703 8.4286235e-08 0.0041846163 0.0016309175 0.044043075 8.857079e-06 1.377539e-05 2.048012e-07 0.0028093553 0.00080453657 0.0008727222 3.661505e-08 0.020404672 0.0002905608 0.027364582 1.6116108e-05 3.1159942e-07 0.0001525404 0.00045669122 2.006495e-09 2.4926467e-06 8.779201e-09 2.9142381e-08 4.376025e-06 3.252308e-08 4.5677197e-08 6.47686e-05 0.0012767611 1.0288053e-06 3.9181378e-10 4.2071742e-06 0.00024245589 2.1710619e-05 1.9660503e-05 9.917301e-06 7.753965e-06 2.9803033e-07 0.0015079272 1.2007078e-07 4.067276e-07 0.0077010924 1.1473926e-06 1.4617216e-09 9.356322e-06 3.524606e-09 4.308095e-06 2.9980445e-06 7.030055e-09
0.7341433 0.074759915 0.46306017 0.5146884 0.0038492116 0.00062034937 0.9666414 0.8723305 3.8497714e-17 0.029060079 0.17647913 0.05417252 0.8739277 0.000719459 0.7951036 5.295453e-07 5.9089775e-06 0.0057675764 0.022435637 5.5538643e-05 0.000121716635 0.22112827 0.07317737 0.0012194139 0.8344015 0.00083533797 0.07630412 1.6931368e-07 4.2443287e-05 4.4233075e-06 0.00032066135 0.06146918 0.022466367 0.032131936 0.11247552 8.094091e-05 0.13988467 2.2218373e-05 3.1045272e-07 0.00824712 0.000258269 0.07462283 0.04737095 2.9401158e-06 1.9491557e-08 0.0017909913 8.6572814e-05 2.6845326e-08 0.07520744 0.0014556802 0.00014705917 0.0004845061 1.5019335e-06 0.00010932345 1.8514523e-08 0.0006172612 0.0002554322 0.11593486 1.0508907e-05 3.5035455e-06 2.896783e-07 0.00019209839 0.00016582453 0.0020495423 9.432915e-08 0.041986313 1.7497858e-05 0.035995465 3.7212958e-05 3.7701878e-07 8.1386686e-05 5.6541063e-05 2.6751468e-09 7.5811154e-06 9.899795e-09 1.4233805e-08 4.976655e-06 4.4241215e-08 2.7280876e-08 7.09648e-05 0.005000405 3.6835786e-07 1.0164363e-10 1.9534789e-06 8.733719e-06 4.2462274e-05 4.2054235e-05 4.907098e-06 1.7029197e-05 3.7889276e-07 0.0028951152 6.9672126e-08 2.2676498e-07 0.033787016 8.471556e-07 9.333209e-09 4.1942366e-07 4.2953134e-09 1.7412071e-06 2.9426828e-06 6.7171904e-09
0.90693873 0.88292295 0.4358017 0.31467807 0.8475774 0.51529706 0.07779143 0.108167596 0.029060079 4.1903626e-18 0.7408297 0.14141403 0.042696327 0.38470617 0.0012448869 0.01246093 0.007641366 0.04366322 0.9131817 0.051755674 0.0119736325 0.15569025 0.37440294 0.92701846 0.0039098873 0.02327446 0.06223465 0.0020792135 0.0009982429 0.0013489414 0.57474613 0.019660389 0.03162689 0.0072789057 0.009058083 0.1252859 0.0011449802 0.00011606608 3.5811354e-05 0.074016124 0.34498948 0.0032937115 7.2149005e-06 5.457898e-05 0.00014810039 0.017416582 0.032320138 4.0225427e-06 0.00213116 5.624726e-05 0.38377646 0.19302872 0.0025447074 0.1746075 8.7656315e-07 0.0032356721 0.002218234 0.0013266623 0.00011300457 0.0033562023 1.6589105e-05 0.0005763145 9.985195e-06 0.001731762 6.6170753e-07 0.0023254894 0.13849466 0.0022808283 0.0015099036 2.943765e-05 0.063609414 0.04889152 1.3415483e-07 0.0013884662 2.9804285e-05 3.2089338e-05 0.00071085774 1.3175109e-06 1.586874e-06 0.0065826564 0.001227848 0.00011299929 4.025655e-06 2.6967096e-05 0.0009411791 0.0004959531 0.0003198169 0.0002923614 1.0490347e-06 3.0152744e-06 0.0010396813 3.0390659e-06 0.00017881667 0.0032278313 0.00023735108 1.5499027e-06 3.1904663e-05 0.00025898425 0.0006209896 9.833098e-06 7.912102e-06
0.8373972 0.78861105 0.5516494 0.83628595 0.1732593 0.011896593 0.4462771 0.66184485 0.17647913 0.7408297 6.3751963e-19 0.026165528 0.08762334 0.00565965 0.04064058 1.50953365e-05 1.2441691e-05 0.0051729963 0.93052864 0.00030255958 1.7413822e-05 0.82681566 0.92766935 0.12414256 0.016497167 0.0004944692 0.49996746 2.3029309e-06 3.3357844e-06 2.5789363e-06 0.015687231 0.0040562423 0.27262047 0.0023387072 0.008162173 0.0012691489 0.010054243 6.2662116e-07 4.8574922e-08 0.34595248 0.010329405 0.0032616965 0.011123605 6.702799e-07 1.12613336e-07 0.06100329 6.575746e-05 1.0086833e-08 0.004137941 0.0022917958 0.04496185 0.057031244 1.8381309e-06 0.0046550375 9.663294e-09 0.0062418836 0.0034874198 0.0075899707 2.859546e-06 1.696956e-06 9.7155635e-08 0.0025868965 0.00050284254 7.770224e-05 6.439118e-09 0.0026467722 0.016384646 0.0012217083 1.784441e-06 1.7067173e-07 0.0035966656 0.011542074 1.0118371e-09 1.056569e-06 2.6150792e-07 1.264951e-07 1.3784488e-06 3.9911317e-08 3.62729e-07 0.0008217323 0.000195862 1.1684968e-07 3.215797e-08 9.448027e-07 0.0003413282 1.4330573e-05 7.4807335e-06 2.386447e-05 6.1192018e-06 1.7259795e-07 0.00029856813 1.2015731e-06 1.0730201e-06 0.0015716882 2.0065918e-06 2.3137538e-07 1.1851922e-05 1.5372591e-06 3.4425782e-05 2.0411303e-06 1.989862e-06
0.8744382 0.25078157 0.8369066 0.24131018 0.30170226 0.30864197 0.37535632 0.032088917 0.05417252 0.14141403 0.026165528 1.27080394e-17 0.5701058 0.048273437 0.000643165 0.09043565 0.21345621 0.9726554 0.023585336 0.024843449 0.6345875 0.008629829 0.008575375 0.0627194 0.12975647 0.80658984 0.0011002952 0.0074629984 0.25306875 0.0041056983 0.015369713 0.23881775 0.00035996473 0.23329504 0.14412591 0.0096290475 0.041134555 0.06862186 0.0002952119 0.00058000814 0.005289707 0.07966899 1.2009248e-06 0.0006566094 0.00034007878 4.4355813e-05 0.007933883 0.00011988479 0.022255108 1.5170141e-06 0.0027137913 0.0014151216 0.00040332982 0.0011311859 1.9952808e-05 1.0824734e-05 6.754387e-06 0.022264095 0.031603154 0.00019944979 0.0009488472 6.1996643e-06 4.4181536e-07 0.27699104 1.4471897e-05 0.020146813 0.0008941917 0.113197036 0.00011687438 0.00041886565 0.001549212 0.00025365842 1.434944e-06 0.00022932352 9.043417e-05 0.00010960887 0.00028017728 5.3298468e-06 4.164191e-06 7.7434306e-05 0.19282845 0.0025610265 1.32353125e-05 2.6387297e-06 2.9104736e-05 5.0102975e-05 1.5947518e-05 2.810635e-05 4.811406e-06 2.8228868e-07 0.067052275 6.9235267e-07 0.0022625069 0.038586754 0.005452298 8.5640386e-07 4.3385825e-07 0.0009045695 0.0032111015 1.8869376e-06 7.1070826e-06
0.8629268 0.09938779 0.79127175 0.4429048 0.040654946 0.008955043 0.8010709 0.27919817 0.8739277 0.042696327 0.08762334 0.5701058 3.5729896e-16 0.001695088 0.1322926 8.9124296e-05 0.00032011868 0.29515278 0.013523117 0.00031651353 0.0010278532 0.044741385 0.019909173 0.0036011585 0.9541377 0.03976955 0.014497067 1.21395105e-05 0.00060541934 0.00011115429 0.00061596726 0.24535732 0.0014256072 0.32994077 0.39583796 0.00047767445 0.17416818 0.00021673455 4.6033256e-06 0.0010098168 0.0005943235 0.21681117 0.0031217216 7.322085e-06 7.1872387e-06 0.00010935327 0.00018223851 1.2365153e-06 0.14258058 0.00014222681 0.00016485371 0.00017511388 4.7509275e-06 0.0001031101 5.313193e-07 6.845444e-05 4.1962892e-05 0.09012632 0.00032295202 3.838057e-05 7.748265e-06 3.4428933e-05 3.9961483e-06 0.018482745 4.6520637e-07 0.06712481 3.12993e-05 0.12617172 5.4660395e-05 3.8593803e-06 0.0003392312 2.0648133e-05 1.1069009e-08 1.3595114e-05 4.924916e-07 2.693462e-06 2.6386617e-06 1.7657189e-07 1.0914125e-06 2.2095308e-05 0.025527438 1.1463737e-05 8.079966e-08 6.389272e-07 2.0554104e-05 2.5107981e-06 9.747522e-07 3.9263637e-06 1.1030289e-05 2.9047876e-06 0.022752801 3.4296602e-07 8.310451e-05 0.073976114 6.285052e-05 5.911869e-08 4.207116e-07 1.1274862e-05 0.00018370373 5.5496236e-07 1.6633176e-05
0.7215154 0.27055052 0.04054911 0.008951887 0.51348466 0.94963086 0.0012263015 0.0008733703 0.000719459 0.38470617 0.00565965 0.048273437 0.001695088 3.4205534e-20 4.364865e-05 0.06848747 0.049249656 0.016916724 0.04379833 0.9806849 0.023312677 0.00033589304 0.0034015253 0.6731438 0.0003441313 0.014361688 0.00011950707 0.010393352 0.0041052736 0.0027462286 0.6268247 0.003425261 0.0003748183 0.00072974316 0.001103344 0.72383493 0.00019644584 0.00092027494 0.00034235007 0.001607012 0.30586034 0.00054561684 5.3170623e-08 0.0004523803 0.0010651016 0.0005445732 0.44175616 7.677443e-05 0.00040472212 5.7826865e-06 0.076077625 0.02710959 0.08542676 0.37243137 7.2219295e-06 0.00032913487 0.00015594317 0.00015976967 0.00047669036 0.019501386 9.987989e-05 2.361739e-05 2.9453597e-07 0.002898444 1.3629802e-05 0.0003291069 0.043847963 0.0013932713 0.026474552 0.0001233204 0.22551705 0.0046620257 1.2654572e-06 0.019397631 0.00015950005 0.00012930918 0.00887834 3.3167566e-05 5.778092e-05 0.0015335195 0.0006197945 0.0003896773 3.158376e-05 0.00054858794 0.00022890791 0.002574803 0.001735607 0.00023601392 5.857218e-05 0.00024519363 0.00030894484 6.9895746e-06 0.0006221108 0.0011985714 0.0006705242 3.3129534e-05 5.4633897e-06 0.00018192925 0.000619447 0.00031328193 9.9390825e-05
0.960761 0.0007224457 0.007434325 0.06486223 6.3604064e-05 1.3257103e-05 0.3266561 0.8170841 0.7951036 0.0012448869 0.04064058 0.000643165 0.1322926 4.364865e-05 1.7563523e-17 1.8714196e-08 4.5598136e-07 6.6916546e-05 0.013611696 4.877704e-06 1.9698123e-06 0.29412484 0.068701535 0.00033650658 0.6972494 4.111046e-05 0.11423032 2.0334536e-08 1.1389706e-06 3.1156765e-07 9.960528e-05 0.005384541 0.115048915 0.0021175996 0.035270523 4.6404343e-06 0.6711199 3.0882535e-07 1.0001084e-08 0.036174312 2.6643998e-05 0.023412943 0.9436068 4.8169545e-07 7.453469e-09 0.0071159983 2.4348537e-06 5.5153437e-09 0.27146578 0.0719656 0.00019998557 0.0008932426 3.105337e-06 4.5785314e-06 4.9327324e-09 0.002512891 0.0009585819 0.76905 3.8237737e-08 1.3858408e-06 2.9777403e-09 0.0051515265 0.009788185 1.460394e-05 4.7120925e-09 0.17361437 4.057099e-05 0.0055921823 4.4980106e-06 1.187529e-08 2.0575932e-05 0.00027086269 2.7506865e-11 1.553058e-07 1.838284e-09 2.9364533e-10 1.7056866e-06 3.835036e-08 2.8832599e-08 2.0005127e-05 7.613753e-05 4.5568987e-10 3.3663294e-12 4.708398e-06 0.00027672938 2.0223392e-06 2.7802078e-06 1.7868743e-06 1.2268342e-06 5.2080617e-07 0.00013918037 9.553833e-08 9.285884e-10 0.010910193 1.9531655e-10 1.8626476e-09 4.120079e-06 1.5754942e-11 2.9768203e-09 1.5895139e-06 2.6576682e-08
0.77867514 0.002111588 0.0024429096 0.00020266815 0.0132906325 0.19082545 3.4037304e-05 8.591287e-07 5.295453e-07 0.01246093 1.50953365e-05 0.09043565 8.9124296e-05 0.06848747 1.8714196e-08 2.4474521e-20 0.9902511 0.0736116 0.0010994582 0.41566056 0.65682226 1.140154e-06 2.100636e-05 0.02896622 7.3659353e-06 0.20780644 1.9281384e-08 0.92027664 0.16265175 0.52324885 0.018258236 0.0045738993 1.3031863e-06 0.00047598095 0.00015039662 0.07192787 1.3855217e-05 0.06578461 0.23750715 6.233626e-07 0.0052663386 0.00016967587 1.0090296e-08 0.0754917 0.12047452 1.6059647e-07 0.4027195 0.004763316 4.71074e-05 3.099452e-08 0.00056509697 4.1613825e-05 0.4942429 0.0114416145 0.00048379804 3.9257213e-07 2.7161835e-07 9.170789e-06 0.034943238 0.117650904 0.012052838 1.6036248e-07 3.849099e-08 0.08337521 0.00021857822 0.0002561978 0.00032257463 0.0019251398 0.05615956 0.0013514722 0.005735896 3.1469364e-05 3.238821e-05 0.022468526 0.0010450542 0.001705233 0.014932126 1.9211187e-05 1.8973542e-05 2.8675297e-05 0.017956065 0.010120872 0.0013350629 0.0036937296 2.064702e-06 0.00014338332 0.00018278157 1.6343944e-05 0.00032117584 0.0069484953 0.0047943383 2.6165637e-07 0.003915244 0.0013459852 0.0039623454 4.1955929e-07 2.2602097e-07 0.0033531373 0.0023135303 0.00036468354 4.617082e-06
0.8320695 0.0007970691 0.0059827296 0.0010770906 0.014885072 0.11966173 0.0002828526 2.4753124e-05 5.9089775e-06 0.007641366 1.2441691e-05 0.21345621 0.00032011868 0.049249656 4.5598136e-07 0.9902511 2.857905e-19 0.091482654 0.00073094293 0.22861014 0.8200958 3.4874108e-06 5.7378245e-05 0.015312786 0.00029676242 0.2786361 4.0363128e-07 0.8047016 0.34828672 0.6176719 0.012422291 0.011381981 5.6175955e-05 0.0015806204 0.0013705827 0.050655436 0.00037916514 0.14800672 0.44587666 8.636704e-06 0.008068335 0.00082898 1.2176544e-07 0.2681503 0.31058255 2.2590236e-06 0.18927541 0.013709893 0.00021763657 9.767454e-07 0.0005113397 4.7413658e-05 0.38170537 0.0050795977 0.0011835106 1.4410032e-05 1.0619244e-05 0.00022275583 0.08355996 0.07490465 0.022851625 2.3687462e-06 5.7441974e-07 0.181833 0.0010795958 0.0004746078 0.00012239163 0.0046106344 0.029160047 0.0043990808 0.00204422 5.9980626e-05 0.00016808303 0.014658403 0.0028808073 0.0028933308 0.009178721 0.00033100147 0.0005155778 8.207783e-05 0.030253874 0.01921303 0.0022994021 0.0031246587 2.4089918e-06 0.00042262825 0.00038153413 2.747858e-05 0.0011512492 0.0061521195 0.005362869 4.549925e-06 0.0063504637 0.0014219134 0.0053623165 1.2314886e-05 1.6166777e-06 0.0046969214 0.002334724 0.00024752383 0.00011745709
0.93934184 0.055293158 0.20810215 0.019341517 0.09317197 0.15362297 0.029517848 0.0026995968 0.0057675764 0.04366322 0.0051729963 0.9726554 0.29515278 0.016916724 6.6916546e-05 0.0736116 0.091482654 1.2873142e-18 0.004539342 0.012449484 0.48787865 0.0009221339 0.0012526169 0.0104860775 0.082841784 0.9297619 2.4631614e-05 0.008325258 0.2759075 0.0027557758 0.0021167526 0.528639 2.4268336e-05 0.3771755 0.20039673 0.0024225295 0.043372057 0.1624154 0.00030164796 5.3526543e-05 0.0010884725 0.06379671 1.4944439e-08 0.0018896417 0.00049357803 2.873156e-06 0.0042564063 0.00014038908 0.030070499 2.6021107e-07 0.00017071057 1.803375e-05 0.00025765126 0.00035720025 2.127795e-05 1.052531e-06 6.918002e-07 0.021659356 0.102264196 0.00013577643 0.0061375652 1.4778235e-06 8.015374e-08 0.60056794 2.0035543e-05 0.031079637 0.00013173703 0.25288677 2.5786721e-05 0.0009645171 0.00072596775 4.326014e-05 3.4749514e-06 5.1154846e-05 0.00021966382 0.00046195736 0.00017380167 9.050825e-06 1.6709986e-05 8.818556e-05 0.44540116 0.006019776 6.097721e-05 6.576287e-06 1.7277549e-05 0.00024692496 0.00011671243 1.0084675e-05 6.7211124e-07 1.1042993e-07 0.17350252 1.6905062e-06 0.003244635 0.06972543 0.008302222 2.2251377e-06 9.649261e-07 0.0027802263 0.0044264155 1.1655119e-05 2.7279416e-06
0.656771 0.5078861 0.17445146 0.28422084 0.35036343 0.07246985 0.07909312 0.14731963 0.022435637 0.9131817 0.93052864 0.023585336 0.013523117 0.04379833 0.013611696 0.0010994582 0.00073094293 0.004539342 9.310847e-19 0.0069931624 0.00073069724 0.6865057 0.9259982 0.76915276 0.0021148992 0.0014235143 0.35522023 0.0003054958 0.00010177266 0.00014943743 0.37184185 0.00071595696 0.5484383 0.000518711 0.0015638274 0.019096363 0.0008125221 1.1134924e-05 1.5700587e-05 0.7413984 0.31560507 0.001346188 0.000563114 5.3195363e-05 7.1133174e-05 0.34550026 0.0008730543 1.5920825e-06 0.0013325324 0.0011674616 0.6877393 0.7431879 6.988252e-05 0.079897486 5.2234117e-07 0.06504434 0.049119353 0.0010452705 1.4644637e-05 0.00017154404 3.2653581e-06 0.0076674228 0.00051473646 0.00013220975 4.1055375e-07 0.0007686794 0.19483206 0.0006088554 4.2687006e-05 7.2235207e-06 0.016297346 0.18451223 3.983899e-08 5.0121995e-05 8.876824e-06 7.846046e-06 2.0940617e-05 1.067284e-07 4.2967557e-07 0.00874699 0.00015135677 8.0945625e-05 1.3184737e-06 7.6078554e-06 0.0016639802 5.945814e-05 4.0092204e-05 9.295103e-05 6.842217e-06 1.1908804e-06 0.0002166618 3.6185609e-06 0.000100695914 0.0016660651 0.000121130346 7.482253e-06 3.3621287e-05 2.8252339e-06 7.2340306e-05 6.7196484e-06 5.1257125e-06
0.6337918 0.03798475 0.009650279 0.0029532202 0.22728322 0.7551913 0.00040548903 0.00026589667 5.5538643e-05 0.051755674 0.00030255958 0.024843449 0.00031651353 0.9806849 4.877704e-06 0.41566056 0.22861014 0.012449484 0.0069931624 2.0846915e-19 0.07626205 1.4929675e-05 0.00044485382 0.12854098 9.617042e-05 0.02567614 1.7969809e-06 0.11290889 0.0109406905 0.020345781 0.3127915 0.0021626928 2.5489866e-05 0.00057445315 0.0009843743 0.92191386 5.5579978e-05 0.00506791 0.003475659 8.569905e-05 0.09490855 0.00047996998 3.19233e-08 0.004020773 0.0132065145 1.3129809e-05 0.8824169 0.00088148954 0.00012208818 4.2953377e-07 0.012497996 0.003248025 0.6424533 0.17143327 9.941852e-05 2.2795819e-05 1.4407766e-05 0.00016235812 0.0026352874 0.18562292 0.0005977748 9.882029e-06 9.713438e-07 0.0030268051 0.00022313536 0.00017409147 0.01341871 0.00023366616 0.1929902 0.0008746068 0.10756168 0.0013950276 3.693689e-05 0.14253792 0.00089089543 0.00073966803 0.098236695 0.00019033537 0.00048454473 0.00061986415 0.0013971865 0.0014665652 0.00082851725 0.009279985 5.1281157e-05 0.010357331 0.0074821757 0.00015058777 0.00058509654 0.0026969798 0.00048981217 2.2303566e-05 0.0017911084 0.00055360893 0.00178157 0.00025183114 6.131668e-06 0.0014174746 0.001466989 0.0036371243 0.0014282113
0.8830612 0.003441505 0.018102653 0.00093891856 0.034199923 0.13129532 0.0007852036 6.9809445e-05 0.000121716635 0.0119736325 1.7413822e-05 0.6345875 0.0010278532 0.023312677 1.9698123e-06 0.65682226 0.8200958 0.48787865 0.00073069724 0.07626205 1.6238399e-17 7.1536356e-06 3.3929347e-05 0.002830258 0.00010598822 0.8938908 7.740772e-07 0.3442188 0.943935 0.36632675 0.002219617 0.04992024 9.5039576e-07 0.016261917 0.004720657 0.010828407 0.00022775536 0.55476385 0.369563 2.9890632e-06 0.00050544075 0.002078703 1.09309624e-07 0.47978935 0.12858331 2.0979483e-06 0.02364966 0.054198593 0.0007148602 1.7626972e-07 6.0256974e-05 1.9983085e-05 0.04789214 0.00032568898 0.007263528 3.7688708e-06 2.745562e-06 0.00046448575 0.35968578 0.006417283 0.09643213 2.4019675e-06 1.8518736e-07 0.37533653 0.0048003797 0.0022564593 0.0001359839 0.012607882 0.0022252642 0.05500539 0.0007293393 5.5375647e-05 0.00077265827 0.004475101 0.012424292 0.015545422 0.0018340396 0.0011746594 0.0009919193 0.0001892382 0.24817765 0.09125321 0.0055254214 0.00035067325 7.466404e-05 0.0002053779 0.00010542671 6.681235e-05 0.00017954326 0.00015219208 0.04376613 4.3477114e-05 0.027526453 0.0047822166 0.045497898 9.045238e-05 2.1116391e-07 0.013794867 0.011046265 9.2034286e-05 0.00056023966
0.26295823 0.2717222 0.22631067 0.5621683 0.025661336 0.001536657 0.34182364 0.68851185 0.22112827 0.15569025 0.82681566 0.008629829 0.044741385 0.00033589304 0.29412484 1.140154e-06 3.4874108e-06 0.0009221339 0.6865057 1.4929675e-05 7.1536356e-06 1.7531994e-17 0.9093062 0.005228723 0.012996399 5.3635587e-05 0.981896 4.4781524e-07 5.2643218e-06 5.472664e-07 0.00043571193 0.0009157522 0.6186806 0.0002108539 0.0015769489 1.7529075e-05 0.008316938 1.5526588e-06 9.656298e-08 0.17749044 0.00045459828 0.0011642561 0.041396506 9.746554e-07 2.6259794e-08 0.052031666 1.3252761e-06 1.1234489e-08 0.0025589378 0.030847164 0.004653493 0.018913386 7.897522e-08 9.4389674e-05 3.9387096e-08 0.008507278 0.0039653983 0.006797538 3.4910913e-06 1.16971876e-07 2.4775937e-07 0.006740759 0.005055878 2.2018572e-05 8.4062435e-08 0.0021339771 0.00034275666 0.00041461238 1.5175733e-07 2.2422013e-07 7.043857e-06 0.0016834572 9.683147e-09 2.1418998e-07 3.4855572e-07 1.4087719e-07 4.8408003e-07 1.3843699e-07 2.7940624e-07 3.5232722e-05 0.00010868093 6.2297516e-07 2.3999593e-08 7.6604164e-07 7.227045e-05 2.2395825e-06 1.8619064e-06 3.4124e-06 8.107278e-07 3.371155e-08 0.00040274923 7.869659e-06 1.6371719e-06 0.0020441264 8.027706e-06 1.2069929e-06 5.560476e-06 9.5334464e-08 2.1476251e-05 1.7764876e-06 2.4848503e-06
0.31103188 0.26547456 0.1895845 0.38615242 0.06313504 0.006199026 0.16871044 0.34877905 0.07317737 0.37440294 0.92766935 0.008575375 0.019909173 0.0034015253 0.068701535 2.100636e-05 5.7378245e-05 0.0012526169 0.9259982 0.00044485382 3.3929347e-05 0.9093062 1.6354693e-19 0.0639724 0.003935992 0.00010473774 0.88579184 5.411307e-06 7.481704e-06 5.5777264e-06 0.009148073 0.00022272291 0.85843366 7.395869e-05 0.000438558 0.00044186402 0.0017923582 1.0110534e-06 6.2756425e-07 0.7602916 0.011152162 0.00018193721 0.014899985 1.4621156e-06 1.0399206e-06 0.29751107 6.8524027e-06 2.2125489e-08 0.0008628315 0.024605293 0.14202815 0.31911996 6.614028e-07 0.0030866284 2.6825823e-08 0.09629318 0.061938338 0.0010055172 1.3240165e-06 6.7526895e-07 2.6787848e-07 0.026010176 0.006598851 2.10688e-05 2.102513e-08 0.0005483591 0.045522887 0.000255034 5.807215e-07 3.3828536e-07 0.0010363486 0.044546172 9.444198e-09 4.751143e-07 9.339514e-07 7.6895475e-07 2.3957895e-07 1.0930894e-08 1.8626459e-07 0.00089878106 5.3512304e-05 2.4966555e-06 1.480626e-07 4.7060252e-07 0.00046549685 5.201438e-06 6.734808e-06 5.4204434e-06 2.2090135e-06 1.2020058e-07 0.00014494073 4.7849596e-07 3.6374884e-05 0.0011067132 3.979284e-05 4.1948886e-07 2.0919617e-05 4.4442868e-07 4.9899456e-05 8.6906596e-07 2.7224476e-06
0.58066916 0.71624804 0.23917025 0.1705871 0.75431746 0.60596937 0.023237398 0.018201768 0.0012194139 0.92701846 0.12414256 0.0627194 0.0036011585 0.6731438 0.00033650658 0.02896622 0.015312786 0.0104860775 0.76915276 0.12854098 0.002830258 0.005228723 0.0639724 1.3626191e-18 0.00022732679 0.002552647 0.0030537404 0.0021888309 5.153846e-05 0.00052261556 0.97265315 0.0013441867 0.005946158 0.0005480624 0.0006336181 0.40869814 4.2823238e-05 6.2208875e-07 2.01198e-06 0.012136467 0.6002151 0.0003393859 2.5882437e-07 2.2358115e-06 6.3606e-05 0.0071341167 0.024535658 2.7517834e-07 0.0005203011 1.3664337e-06 0.45943066 0.25167054 0.0022342838 0.22676055 1.2828777e-07 0.0007309422 0.0005837149 0.00041369346 2.922783e-06 0.0030502623 1.5796658e-06 2.5061583e-05 2.1295793e-07 0.0004658097 1.3124463e-07 0.0001909528 0.17871808 0.00019068457 0.00126834 2.8549568e-06 0.11321827 0.03138374 2.8182049e-08 0.0011774679 4.2588867e-06 3.2139824e-06 0.0004209304 5.397692e-07 1.8859562e-07 0.004757239 0.0007702671 2.0254072e-05 2.695703e-06 6.367364e-06 0.00045231215 0.0005702984 0.0002964739 0.00039061904 1.7340052e-06 1.2711456e-06 0.0010431851 3.55417e-06 4.4830027e-05 0.005174316 8.241542e-05 1.6163954e-06 0.00011363331 0.00021094625 0.00041625497 4.8860243e-06 1.570219e-07
0.6501481 0.010674716 0.20234385 0.120429374 0.005332926 0.0009924355 0.37230602 0.1691648 0.8344015 0.0039098873 0.016497167 0.12975647 0.9541377 0.0003441313 0.6972494 7.3659353e-06 0.00029676242 0.082841784 0.0021148992 9.617042e-05 0.00010598822 0.012996399 0.003935992 0.00022732679 1.5773071e-15 0.0069706496 0.0018973406 1.6101276e-06 8.252049e-05 3.8357848e-05 0.00026898633 0.05320177 0.000300421 0.0805286 0.16237181 5.3835036e-05 0.9619888 2.9826577e-05 1.8714679e-06 0.00034919605 0.0001417107 0.16984458 0.0043759085 1.3802655e-06 5.6755323e-07 5.353221e-05 2.8565351e-05 1.8571191e-07 0.5623616 0.00012697474 2.0369036e-05 6.8031215e-05 1.1576743e-05 1.50728365e-05 1.0300762e-07 3.4450382e-05 1.7001252e-05 0.48267058 2.5573629e-05 4.520851e-06 3.2100507e-07 8.571085e-06 3.7445764e-06 0.0008451746 2.079948e-07 0.2093129 2.153953e-05 0.033488594 2.0594798e-05 8.152709e-08 3.993632e-05 8.557283e-06 3.9492245e-09 8.97807e-06 4.5657056e-09 5.542964e-09 1.4671238e-05 9.006692e-07 8.033493e-07 1.960568e-05 0.0025166178 9.1006264e-08 1.7508396e-10 5.3661656e-06 8.2293955e-06 3.2098533e-06 2.12666e-06 1.0225574e-05 2.5537853e-05 1.5935391e-06 0.00428827 5.9022304e-06 6.2113963e-07 0.042340927 1.7356433e-06 1.0489792e-07 1.9322184e-07 5.1904863e-08 2.4820542e-05 1.3208258e-06 2.6029534e-06
0.93863493 0.014972787 0.05043415 0.0038892848 0.05943947 0.1402066 0.0042977724 0.0007168677 0.00083533797 0.02327446 0.0004944692 0.80658984 0.03976955 0.014361688 4.111046e-05 0.20780644 0.2786361 0.9297619 0.0014235143 0.02567614 0.8938908 5.3635587e-05 0.00010473774 0.002552647 0.0069706496 1.534824e-18 1.7443899e-06 0.0474224 0.82773775 0.022518722 0.001350636 0.26539594 5.9106683e-06 0.1088891 0.042909354 0.002876545 0.008939065 0.5582917 0.00426037 1.0604883e-05 0.0004949374 0.010792231 2.66595e-07 0.046401408 0.013776369 1.7303412e-06 0.011958227 0.0016724957 0.0062117856 1.2673605e-06 8.682525e-05 9.896609e-06 0.0031554564 0.00028172942 0.0003801632 5.7261727e-06 2.9608086e-06 0.008834845 0.2742199 0.0014473642 0.042998146 9.210238e-06 3.583373e-07 0.7532182 0.00019270612 0.014403845 0.00017571411 0.11838935 0.00042940277 0.0059518763 0.0011152731 0.000133517 0.00012530937 0.00065986783 0.0016457826 0.0019500856 0.0014554047 8.633676e-05 0.0001601405 0.00038440718 0.472969 0.033769913 0.000788837 0.00014694575 5.188589e-05 0.0008520252 0.00048790866 6.468465e-05 0.000100852754 4.939425e-06 0.184619 1.06833295e-05 0.010320002 0.0432443 0.025110709 2.5312136e-05 9.212869e-07 0.009459966 0.009324412 0.00017605527 0.000696192
0.08225434 0.077185676 0.07229389 0.25208998 0.007997291 0.0002094608 0.1444342 0.37953347 0.07630412 0.06223465 0.49996746 0.0011002952 0.014497067 0.00011950707 0.11423032 1.9281384e-08 4.0363128e-07 2.4631614e-05 0.35522023 1.7969809e-06 7.740772e-07 0.981896 0.88579184 0.0030537404 0.0018973406 1.7443899e-06 4.3927985e-20 2.2740915e-08 4.1892594e-07 5.496664e-08 0.00029001848 0.0003762432 0.9566478 2.1567177e-05 0.00033467464 1.3032335e-06 0.0014670946 1.0362975e-07 4.2703574e-09 0.51097035 0.0003413458 0.0002284994 0.2687967 9.156656e-08 3.6285766e-09 0.11661903 7.056564e-08 1.0401362e-09 0.0007248069 0.2315221 0.0055863857 0.03576031 4.979297e-09 2.2612252e-05 1.5383627e-09 0.041988894 0.020786332 0.0014674177 8.200729e-08 9.998453e-09 6.1086913e-09 0.04668311 0.058045004 1.0595041e-06 2.4170148e-09 0.0005949099 0.00075658865 6.643278e-05 2.8402596e-08 4.459441e-08 1.5742824e-05 0.0036792469 3.2538933e-10 1.1798933e-08 1.5617063e-09 4.5659054e-09 8.139638e-09 6.5046746e-10 2.926787e-09 2.5581729e-05 3.367237e-05 6.825421e-08 2.4126334e-10 1.1387365e-07 0.0002006276 1.9834515e-07 3.6877123e-07 1.1088165e-06 9.6456205e-08 8.718394e-09 0.00014683971 4.3397346e-08 3.368533e-08 0.0010705779 1.6171086e-07 5.2150746e-09 2.1597689e-06 6.019697e-10 7.0127527e-07 3.253234e-07 3.9180876e-09
0.63589686 0.00013085503 0.0003503958 4.6464458e-05 0.0015444036 0.016443904 4.5807155e-06 3.307804e-07 1.6931368e-07 0.0020792135 2.3029309e-06 0.0074629984 1.21395105e-05 0.010393352 2.0334536e-08 0.92027664 0.8047016 0.008325258 0.0003054958 0.11290889 0.3442188 4.4781524e-07 5.411307e-06 0.0021888309 1.6101276e-06 0.0474224 2.2740915e-08 3.075875e-21 0.06587596 0.97511363 0.0022193384 0.00092468475 1.4999767e-06 7.093117e-05 2.7228518e-05 0.0692563 1.0196112e-06 0.049137823 0.45701942 8.1200614e-07 0.00092060235 8.858434e-05 1.3158997e-08 0.21499144 0.8829839 5.5765537e-07 0.28728354 0.0999103 4.5805034e-05 6.791009e-08 3.0206784e-05 2.2037702e-06 0.5235424 0.0019444514 0.009095869 3.311892e-07 2.840727e-07 1.3830023e-06 0.03783216 0.13436982 0.018399911 4.6484223e-07 4.4258854e-08 0.037966967 0.0061030416 5.1182702e-05 4.232958e-05 0.0005492197 0.095270544 0.009587926 0.0018678732 1.597088e-05 0.000302409 0.028078094 0.011912781 0.009691695 0.012444886 0.000292637 0.0011173347 2.1396972e-05 0.010287085 0.018327886 0.0062149316 0.0075075994 4.7383867e-07 4.8319907e-05 7.90755e-05 6.8953545e-06 0.010704692 0.04087707 0.0041989996 5.921241e-06 0.0140113635 0.00027535282 0.0068393173 3.027479e-05 2.521016e-07 0.0069394363 0.0047153337 0.00048961304 0.000115299335
0.8942007 0.0006861844 0.0048914584 0.0003929059 0.007704861 0.023460118 0.00043065366 2.9565466e-05 4.2443287e-05 0.0009982429 3.3357844e-06 0.25306875 0.00060541934 0.0041052736 1.1389706e-06 0.16265175 0.34828672 0.2759075 0.00010177266 0.0109406905 0.943935 5.2643218e-06 7.481704e-06 5.153846e-05 8.252049e-05 0.82773775 4.1892594e-07 0.06587596 5.1555124e-18 0.07946486 9.256004e-05 0.06525542 5.109516e-07 0.016425252 0.0065483823 0.00066589715 0.00016874637 0.92244184 0.10516425 8.5144995e-07 4.3759937e-05 0.0016011653 2.1883774e-07 0.52187026 0.0442877 5.2322565e-07 0.0032591128 0.03684652 0.0010465598 5.940979e-07 1.5001808e-05 3.843234e-06 0.0055034445 2.3700219e-05 0.00990894 1.8892766e-06 9.411588e-07 0.00018687196 0.6428597 0.0010149168 0.32658234 4.2402603e-06 1.05395884e-07 0.56949794 0.0042122435 0.0031802396 3.3717006e-05 0.022719493 0.00016026349 0.09927082 0.00013497689 4.1862048e-05 0.001597181 0.00035799094 0.0113432845 0.023261627 0.00013000656 0.0012759967 0.0024958476 0.00032070873 0.34391734 0.1791727 0.0059909625 0.00030299934 6.080978e-05 0.00027896627 8.117801e-05 3.8021473e-05 0.00014157832 8.291919e-05 0.10595086 0.0002508032 0.041914437 0.009898886 0.07371716 0.00028644997 8.0786447e-07 0.03292593 0.022763751 6.801448e-05 0.0017764793
0.3561659 0.00026058147 0.0003584393 0.00023186745 0.0010319602 0.0027126127 3.720267e-05 1.6803038e-05 4.4233075e-06 0.0013489414 2.5789363e-06 0.0041056983 0.00011115429 0.0027462286 3.1156765e-07 0.52324885 0.6176719 0.0027557758 0.00014943743 0.020345781 0.36632675 5.472664e-07 5.5777264e-06 0.00052261556 3.8357848e-05 0.022518722 5.496664e-08 0.97511363 0.07946486 6.812147e-18 0.00065679365 0.0008739027 3.3639712e-06 4.4564717e-05 0.00013852953 0.009194632 2.6528334e-05 0.059502497 0.87883365 5.094178e-06 0.00015202323 5.147283e-05 7.339796e-07 0.37172157 0.9112459 4.328583e-06 0.021318402 0.40884835 2.953917e-05 1.1649024e-06 6.843346e-06 4.8305324e-06 0.12123641 0.00015996893 0.21293184 9.367607e-06 1.1866489e-05 7.483409e-06 0.0413098 0.022399817 0.037107255 2.8500986e-06 4.3842311e-07 0.01969535 0.1661099 6.248477e-05 7.573932e-06 0.00041735862 0.008406329 0.058188833 0.00022170316 1.0782349e-05 0.027397607 0.0038955992 0.049444117 0.04801357 0.0011573179 0.017994232 0.0511021 4.1113206e-05 0.00486105 0.033922937 0.018183907 0.0016144699 2.955857e-06 0.00015801616 0.00011517801 7.46529e-06 0.03479421 0.00932054 0.0014520829 0.00031878948 0.027053686 0.00033253824 0.012612711 0.0013611844 1.2746539e-06 0.014771658 0.0062126773 9.390269e-05 0.0014177314
0.14862873 0.3575552 0.041294225 0.023683872 0.45962644 0.3626029 0.000927587 0.002346127 0.00032066135 0.57474613 0.015687231 0.015369713 0.00061596726 0.6268247 9.960528e-05 0.018258236 0.012422291 0.0021167526 0.37184185 0.3127915 0.002219617 0.00043571193 0.009148073 0.97265315 0.00026898633 0.001350636 0.00029001848 0.0022193384 9.256004e-05 0.00065679365 4.9258626e-19 0.00020675198 0.00059188425 4.3183925e-05 0.00010126177 0.819857 2.7831324e-05 1.0240861e-06 7.2950475e-06 0.0016470192 0.9653009 2.766266e-05 4.233048e-08 1.0260409e-05 0.00031321976 0.0010583228 0.063944824 2.5403787e-07 8.5317006e-05 5.600975e-07 0.61134773 0.2476102 0.00404749 0.6482081 4.5952743e-07 0.00015048169 0.00010654948 0.00018710076 4.364139e-06 0.005009856 1.0675666e-06 9.498598e-06 8.415917e-08 0.00018160543 8.060682e-07 5.8648144e-05 0.2701909 0.000100006466 0.002915772 5.529303e-06 0.4522424 0.035034813 1.2628368e-07 0.0028415306 8.303081e-06 4.5181787e-06 0.001968388 3.4447683e-07 2.309389e-07 0.010788722 0.00012875261 3.7696886e-05 3.0440374e-06 2.1956233e-05 0.00037209428 0.0023805327 0.0012008424 0.000938071 1.7164903e-05 2.4906854e-05 0.000248522 4.2546567e-06 0.000101992824 0.001063137 3.9484414e-05 9.408389e-06 0.00015755284 0.00010258956 8.940599e-05 5.796421e-05 8.814261e-07
