2.3174403e-27 0.002826199 0.003838383 0.022355586 0.0046114284 0.0004506368 1.3896094e-05 6.592639e-06 1.5331854e-05 0.2731926 0.021628821 0.0034501592 8.127949e-07 3.008467e-08 0.5642377 0.008809147 2.2053089e-06 4.219159e-08 0.5857715 0.26873776 1.8453085e-05 0.045228824 0.27686286 0.40791437 0.035218988 0.3083288 9.718996e-11 0.14420058 0.00029818373 0.3288158 0.1714884 0.34412426 0.6818671 0.15866786 0.5429252 0.41235825 0.71985996 0.38384357 0.05031538 0.004595045 0.2589021 0.54401654 1.1287009e-07 0.42002848 0.8572477 0.0007510897 0.0012073246 0.06862533 0.06358169 1.926113e-06 6.220819e-06 1.9412501e-07 0.24279688 0.0011247628 0.097360164 0.7982911 0.5527496 2.2986116e-05 0.8434115 0.9394005 0.3758018 0.72332585 0.119134665 0.76123327 0.015274632 0.37292564 0.6223104 1.0439557e-10 0.43438488 0.0004037963 0.43351504 0.43218088 0.8879925 7.92144e-10 0.06595401 0.0032559908 0.00077682536 0.75051606 0.24732877 0.6970459 0.9347502 0.988519 7.6603425e-11 0.9064073 7.9184923e-07 0.0016961228 0.9867158 0.99963164 0.6820145 0.91910905 0.99777246 0.99736357 0.9970267 0.98777103 0.9992484 0.9838558 0.44217932 0.8585026 0.99904144 0.016330376 0.0001195358
0.002826199 1.1556973e-13 0.7257781 0.6435821 0.42758322 0.360283 0.46876225 0.54164505 0.07026178 0.12983699 0.13117799 0.08276704 0.101466306 0.19504184 0.19343299 0.03803979 0.02466852 0.021521421 0.266531 0.096257806 0.01291414 0.0043014465 0.046185642 0.34351695 0.006742372 0.29657578 0.060520977 0.013355539 0.0023511937 0.013960332 0.0040418357 0.0012738203 0.016070206 0.0003325982 0.0032834357 9.907334e-05 0.044623815 0.14984448 0.000121707344 0.00017355969 0.13207263 0.0147769265 0.000417529 0.09085587 0.006241878 0.00034003917 0.00012876047 9.4602896e-05 1.6914666e-05 7.765686e-06 3.0326817e-08 5.5488992e-05 2.1600274e-05 7.5363896e-05 3.7189454e-06 0.017764099 0.009424654 5.645211e-05 0.0065041366 0.021497903 0.0020376937 0.0020141967 0.0010185064 0.015966335 0.00011824911 0.00074280455 6.413667e-05 9.724388e-06 1.6327196e-05 7.06539e-05 0.00020395695 0.00027913286 0.00012252547 9.94159e-06 5.2521038e-05 1.7412944e-05 1.8156674e-05 0.00036834631 0.00024234329 0.00083160406 0.00035730796 0.0062573925 0.0004656802 0.0039012835 7.0920514e-06 4.1857296e-05 6.0048795e-05 0.0011930546 1.8646973e-05 2.3821063e-05 0.0035436628 6.9033194e-05 0.0056602545 0.0044911206 6.8361085e-05 0.000208528 6.471088e-07 0.00022448217 0.0018971516 1.0762891e-05 2.0814591e-06
0.003838383 0.7257781 3.6901592e-19 0.09776736 0.85506654 0.8079314 0.089485355 0.08754995 0.007608934 0.2863826 0.31528002 0.30353716 0.009719679 0.019576585 0.045674667 0.11129293 0.1663808 0.0051713362 0.40484592 0.042227946 0.004445207 0.0063012782 0.033642113 0.31716928 0.0551416 0.261191 0.0046712756 0.038853645 0.0016108326 0.012067255 0.0013803059 0.0038338192 0.03711452 0.0004752568 0.008008575 4.043726e-05 0.10231413 0.09908489 0.000104581035 1.1541809e-05 0.10645838 0.04137142 6.1198552e-06 0.057599597 0.016633296 0.0007211251 9.32082e-05 0.00012934335 0.00025135823 3.8896625e-05 1.0529181e-07 2.0980965e-06 0.00039654016 6.2531384e-05 6.4420616e-05 0.029338984 0.00618627 4.520775e-07 0.0049181157 0.037542578 0.0028730207 0.0065196124 0.00023321781 0.013484038 1.6155349e-05 0.00092116586 0.0007227869 1.2468774e-05 6.2306906e-05 9.628481e-06 0.00050031074 0.0009974721 0.001962263 1.1215669e-06 0.00010446142 3.2163603e-05 2.9725668e-06 0.0013031752 0.0004479663 0.0012003432 0.0008582283 0.014839333 6.639952e-05 0.0043677245 4.3195953e-07 1.815965e-05 0.0002688422 0.0042417007 0.00024626296 0.00024535364 0.0020424807 0.00011421784 0.004121439 0.0020687743 0.0002756823 0.0013674278 3.724449e-05 0.00031986175 0.0016627333 2.3497196e-05 4.699466e-08
0.022355586 0.6435821 0.09776736 1.01047896e-17 0.008915291 0.003540805 0.9463953 0.3868035 0.8992508 0.0019759669 0.0014686974 0.0005416277 0.7201224 0.08325379 0.9113234 0.0006599569 1.2810573e-05 0.22764479 0.029328858 0.67089015 3.249907e-05 0.6347703 0.5202314 0.108577654 6.464359e-05 0.032179244 0.026445162 0.00015932992 0.26668614 0.33890566 0.085299596 0.033922315 0.31983337 0.007945843 0.10172 0.0010846053 0.0038686576 0.1613858 0.00067380944 0.00045315103 0.021365933 0.00046961627 0.005395889 0.011172371 0.10033647 0.00024595903 1.6160526e-05 0.00012121123 0.00027978237 1.231822e-07 4.9735853e-08 1.0771762e-05 4.110803e-05 5.4676743e-06 1.9304485e-05 0.007511134 0.00026505534 4.389735e-06 0.000120328994 0.008027248 2.9330546e-05 0.00010871648 1.5422174e-05 0.03415736 9.936135e-07 3.3673627e-05 0.00019201946 4.439483e-05 5.595124e-05 2.602376e-07 0.0016594699 6.7900646e-06 3.5021424e-06 9.931559e-07 1.859361e-05 2.7768237e-06 2.9335132e-07 0.0065895966 1.1768391e-06 0.0018720599 0.0008428765 0.00047173645 0.0010419731 0.0027354255 8.6148695e-08 1.7495096e-06 0.0002034117 3.569573e-05 1.7685867e-06 9.088788e-06 0.0018781854 0.00015504203 0.0044366075 0.0006723091 2.3246026e-05 6.16684e-05 4.9558423e-07 1.5838299e-05 0.00034399412 9.769765e-07 3.429971e-07
0.0046114284 0.42758322 0.85506654 0.008915291 5.263012e-19 0.84354377 0.009836907 0.02595089 0.0008877434 0.5029026 0.58118623 0.5234185 0.00040777118 0.0048761256 0.005912084 0.4137194 0.3988205 0.00033780895 0.4250272 0.0065874793 0.08502915 0.0007615362 0.003415433 0.17722833 0.18505032 0.232523 0.00080234127 0.112294085 0.00067050854 0.0048570437 0.0003453823 0.0018306322 0.003880715 0.00030797021 0.0027545579 5.9422604e-05 0.16309959 0.02209106 0.00013769748 2.8716784e-05 0.058303546 0.12036866 9.42761e-06 0.017395882 0.0054039173 0.015846215 3.1769065e-05 0.00011257731 0.00015922345 0.0014061526 2.5918007e-05 2.4148092e-06 0.0006590313 2.5183199e-05 1.9207999e-05 0.0343814 0.020329999 1.7113814e-06 0.012506711 0.018625077 0.015068649 0.011963525 0.0076129474 0.0035774114 0.000948295 0.0074632014 0.0011497181 1.9204163e-06 4.9534374e-05 0.00010601966 0.00032035538 0.004472701 0.0046449485 4.362826e-07 0.0012890834 1.9842255e-05 2.4804618e-05 0.00043995402 0.0025834523 0.0005716954 0.00030149237 0.010588452 8.190522e-06 0.0020644795 5.1856705e-07 0.000109479006 0.00017219048 0.004712637 0.0009456488 5.496064e-05 0.000664401 4.0810926e-05 0.0023825788 0.0014648408 0.0006183285 0.0004334046 9.518176e-06 0.00096251443 0.0005472521 8.766556e-06 8.782622e-08
0.0004506368 0.360283 0.8079314 0.003540805 0.84354377 1.2481934e-18 0.005320663 0.01864723 0.00016272409 0.23037432 0.35985214 0.40195978 0.00016191002 0.0038717615 0.002057966 0.25590956 0.53429925 0.00033149178 0.18932833 0.0009652997 0.11231583 0.0006457556 0.0009194469 0.073961124 0.06488792 0.09769973 0.00043329928 0.030198824 0.00020374895 0.00042877445 5.9198668e-05 0.0005270755 0.001009227 3.524546e-05 0.000609789 1.1476732e-05 0.04697098 0.0039593615 2.5648807e-05 1.7350863e-05 0.020728823 0.03590955 3.6127299e-06 0.0062446613 0.0014179986 0.008833422 3.654223e-05 4.1130854e-05 1.7085187e-05 0.00028119338 4.2947363e-07 9.919127e-06 3.256223e-05 3.0638173e-05 1.5413865e-05 0.013961277 0.004807744 5.538621e-07 0.0031164035 0.008724487 0.0021137064 0.002406805 0.00049123476 0.0018808248 5.677958e-05 0.0013673756 0.00024773425 5.6497593e-06 1.8645069e-05 2.5296713e-05 0.00016593495 0.00080742664 0.0012506021 1.6577236e-06 0.00014867818 1.927928e-05 1.6660515e-05 0.00023523351 0.0007763173 0.00041224633 0.00024379395 0.0044440944 3.1542524e-05 0.0010420332 6.306487e-07 3.9804647e-05 0.00025126355 0.0021884092 0.00042022785 0.00013407921 0.0012617427 0.00015565299 0.0013122481 0.0007784885 0.00039012614 0.00027481318 3.4880097e-06 0.00021128246 0.0007319058 1.9579438e-06 2.7533149e-08
1.3896094e-05 0.46876225 0.089485355 0.9463953 0.009836907 0.005320663 2.1098033e-20 0.6733208 0.40803015 0.0004994938 0.0005058984 0.00023283823 0.5801134 0.3911616 0.14163223 9.398215e-05 0.00010827395 0.39267397 0.016207462 0.055279426 0.00014729146 0.035436597 0.045937702 0.051485807 2.219169e-05 0.01777659 0.14828284 4.7411853e-05 0.018527765 0.011999994 0.0014917343 0.00082203397 0.016814701 0.000112153495 0.0007873593 6.403933e-06 0.0011985194 0.0485356 5.9170475e-06 4.6009554e-06 0.008397911 0.00017956225 0.0022611015 0.004705824 0.0028624039 4.1816893e-06 1.391099e-06 1.6385637e-06 3.3437661e-06 2.854494e-06 5.810051e-09 1.7982651e-06 7.3679516e-06 1.2299398e-06 4.804934e-07 0.00019669252 4.109192e-05 1.1988519e-07 2.5501806e-05 0.002644402 4.0193197e-05 1.1302434e-05 1.7031347e-06 0.0015735882 8.493855e-08 5.726288e-06 9.583309e-06 4.745448e-06 8.1817625e-06 1.4380338e-07 4.5911394e-05 6.2248787e-06 3.5286746e-06 1.0212452e-06 4.978913e-07 2.8752984e-07 4.8264802e-08 0.00012580545 9.009956e-07 0.00015953091 9.456141e-05 0.00033552517 0.0026557366 0.00042721548 1.9062645e-07 1.8435351e-07 6.285898e-05 3.5256926e-05 1.1583905e-06 2.3130258e-05 0.0012628116 1.9668512e-05 0.0021819293 0.0015534032 1.2759984e-05 0.00018561711 6.2838286e-09 4.7067973e-05 0.00091869617 4.9611145e-07 4.7896876e-08
6.592639e-06 0.54164505 0.08754995 0.3868035 0.02595089 0.01864723 0.6733208 2.1138647e-19 0.08327258 0.011074744 0.0093933055 0.0066708154 0.18397044 0.5392717 0.024978694 0.0028140198 0.0015243161 0.04892931 0.027539326 0.0045983894 0.0013069969 0.0041438392 0.003436125 0.03173593 0.00095109583 0.0155649 0.145709 0.0016876175 0.0018090518 0.0004593211 0.000108375396 0.00015438162 0.0005323429 4.3894564e-05 4.5552846e-05 3.2190992e-06 0.008691801 0.010765068 1.0853576e-05 9.5190427e-07 0.007243464 0.0025821654 0.00039221873 0.0048486134 0.00046611324 0.0016380146 1.8384482e-06 1.7932773e-05 1.6580049e-06 3.1035976e-05 2.540156e-07 2.9091137e-07 2.6989285e-06 2.0224802e-06 4.0453674e-06 0.0023048548 9.2202084e-05 1.6395544e-08 2.42502e-05 0.007328523 9.8776814e-05 5.0138206e-05 2.0912417e-05 0.0021553338 1.3645623e-06 3.8892398e-05 1.17998625e-05 2.1476426e-06 4.702618e-06 4.2422953e-06 3.9239625e-05 6.318708e-05 1.9219417e-05 1.2400524e-06 4.874584e-06 4.6976803e-07 5.247948e-07 1.5073627e-05 6.130896e-06 0.000105068175 4.8429847e-05 0.0006065447 0.0004237395 7.036871e-05 1.6241053e-07 3.382267e-05 3.4954006e-05 2.1382468e-05 5.9406084e-06 6.103705e-06 0.0019874962 1.7561219e-05 0.0018813587 0.00270187 6.202057e-05 2.4854202e-05 2.596401e-06 0.00020233174 0.001657646 2.3065354e-06 1.7976683e-08
1.5331854e-05 0.07026178 0.007608934 0.8992508 0.0008877434 0.00016272409 0.40803015 0.08327258 9.119158e-21 1.7136983e-05 1.786388e-05 1.2765316e-05 0.51058376 0.016532037 0.26602715 2.6516673e-05 1.2090125e-06 0.18561275 0.0016248854 0.09812651 1.9205186e-06 0.102901556 0.076931536 0.004771199 8.387386e-06 0.0018713592 0.017258605 1.5599278e-05 0.056157675 0.03637425 0.0054779723 0.003996103 0.031993642 0.0009383644 0.008209282 0.00012078278 3.5961188e-05 0.0066915904 5.8820322e-05 8.3849984e-05 0.0007064288 4.192805e-05 0.0032892148 0.00024671288 0.0047140797 1.510613e-06 5.4956104e-06 2.1276714e-05 1.24694525e-05 3.167584e-08 3.631928e-09 6.144078e-06 1.8797471e-05 9.048581e-06 4.040586e-06 2.3343931e-05 6.144142e-06 4.5501048e-07 1.1442945e-06 0.0002885813 2.1438548e-06 1.7154958e-06 9.288846e-07 0.00032973275 3.08419e-08 1.5563355e-06 3.5824953e-05 6.3231837e-06 2.2268265e-05 2.2254195e-08 0.00013442399 9.581121e-07 5.1034675e-07 3.892089e-07 4.6653696e-07 3.7165664e-06 3.589069e-08 0.00013571906 5.2201847e-07 0.0001653131 3.950939e-05 5.866154e-06 0.0006513612 0.00010183499 2.742538e-07 2.554647e-07 1.5134602e-05 2.1893118e-06 2.6176917e-07 7.746085e-06 0.0002084789 1.9659585e-05 0.0003992364 0.00039246702 3.5289265e-06 3.527115e-05 2.3527737e-07 9.208929e-06 0.00030972186 1.6050622e-06 1.4441372e-07
0.2731926 0.12983699 0.2863826 0.0019759669 0.5029026 0.23037432 0.0004994938 0.011074744 1.7136983e-05 2.6554215e-17 0.9283759 0.7079227 1.59733e-05 0.0021268954 0.00047298946 0.82120526 0.080359474 0.00014049771 0.92600006 0.0021842986 0.09838314 2.4358884e-05 0.0005986793 0.5613046 0.6889776 0.739578 0.00012324633 0.4910802 8.962115e-06 0.00055951404 3.2028038e-05 2.6568867e-05 0.0016817772 1.9019739e-05 6.373181e-05 8.1533346e-07 0.6838772 0.067506 2.6447748e-07 1.6675487e-07 0.3013523 0.51653725 8.9914096e-08 0.1154106 0.004717725 0.02321315 1.267224e-06 1.0018622e-06 9.009376e-06 0.00022088642 2.4497545e-05 1.0461538e-07 2.3849636e-05 1.0603685e-06 9.840006e-07 0.21612234 0.26243183 2.6050856e-07 0.1687629 0.06736347 0.22677341 0.2858298 0.01990176 0.00721108 0.0016003867 0.09771028 3.892284e-06 3.9880656e-06 2.6083471e-05 0.00032255345 3.7586495e-05 0.10900342 0.12505616 1.1724131e-06 0.007891015 1.3950063e-06 0.00066438894 0.00030166985 0.020890329 0.00017172785 7.775443e-05 0.06813787 9.161313e-06 0.0014422028 6.2498735e-08 0.000111675996 4.7995254e-05 0.096997246 0.004589695 3.1042443e-06 0.00055902463 2.1638025e-05 0.004579272 0.0007110831 0.010571099 0.00020086864 1.197969e-06 0.016413987 0.00020311608 1.7849651e-06 1.0202449e-07
0.021628821 0.13117799 0.31528002 0.0014686974 0.58118623 0.35985214 0.0005058984 0.0093933055 1.786388e-05 0.9283759 2.0567221e-18 0.8982936 1.2726733e-05 0.0012524109 0.0014666687 0.87952393 0.31237456 5.5302608e-05 0.8279052 0.0016214349 0.15774775 7.6994256e-05 0.00058579916 0.3933732 0.57040554 0.54787296 3.5527348e-05 0.31532457 7.7553064e-05 0.0018886059 0.00012767038 0.00019504444 0.0017960679 0.000102976344 0.000781232 1.151902e-06 0.52163565 0.019062936 2.108515e-06 9.803233e-07 0.16904745 0.46177745 3.4378533e-07 0.036922533 0.0038395545 0.008311609 2.544216e-06 4.276636e-06 8.5028405e-05 0.00017209625 2.4675921e-06 4.1400975e-07 0.00019133744 1.1449222e-06 7.4989043e-06 0.086050004 0.09064089 3.5566057e-07 0.049233273 0.0133415805 0.07373794 0.07000916 0.009016924 0.0015522483 0.0005289709 0.025595224 8.342024e-05 2.8432191e-06 0.00019902759 1.0010891e-05 0.00017790205 0.023813508 0.025292862 2.050067e-06 0.0015645829 3.87789e-06 4.641844e-05 0.00041011043 0.005507175 0.0007284728 0.0004739174 0.0222605 1.0462758e-05 0.0005496636 1.3437494e-07 1.0739319e-05 0.00012015619 0.027186895 0.0019119217 1.0101143e-05 0.0002691593 1.2313875e-05 0.001287765 0.0002791366 0.002825758 0.0006055221 2.022296e-07 0.00302984 0.00012610022 3.148377e-07 7.708781e-08
0.0034501592 0.08276704 0.30353716 0.0005416277 0.5234185 0.40195978 0.00023283823 0.0066708154 1.2765316e-05 0.7079227 0.8982936 1.28800765e-17 1.0415459e-05 0.00062187825 0.0007438952 0.8780185 0.44306007 0.000140295 0.5075401 0.0010001663 0.22630748 0.00018599331 0.00074480736 0.10950041 0.3956094 0.21330333 5.407755e-05 0.15518709 7.944672e-05 0.001258673 0.000292673 0.0005531179 0.001613835 0.00018382868 0.0006468518 6.1375654e-06 0.18447 0.005373105 4.3205696e-06 1.994863e-06 0.029827746 0.21421248 2.5693512e-07 0.008527919 0.0019656795 0.005851649 2.3590355e-05 1.5460135e-05 6.441773e-05 0.00013237326 2.1508279e-06 1.2608506e-06 0.00028910497 4.2950332e-06 1.32504165e-05 0.023947207 0.029529743 6.084656e-07 0.017993452 0.0037258416 0.018659256 0.02319756 0.0029262374 0.00070591865 0.0001471171 0.0064283977 0.00010182693 2.1835765e-05 0.00018684524 1.4471675e-05 0.00019970254 0.0057804836 0.00903196 8.20306e-06 0.0008079023 1.128448e-05 3.1703115e-05 0.00020165347 0.0023778859 0.0007773642 0.0010465248 0.008614313 8.865897e-05 0.0004708207 8.09772e-07 1.4755035e-05 0.00045847168 0.008222194 0.0012685686 3.8676873e-05 0.0005188802 7.1599665e-05 0.0007044535 0.0002919343 0.0017488868 0.00079394766 3.9843118e-07 0.0014117154 0.00030155768 4.6589273e-07 6.0363027e-07
8.127949e-07 0.101466306 0.009719679 0.7201224 0.00040777118 0.00016191002 0.5801134 0.18397044 0.51058376 1.59733e-05 1.2726733e-05 1.0415459e-05 1.7538858e-20 0.09475324 0.2547598 1.3615927e-05 4.8942834e-06 0.63120353 0.003391298 0.077431604 7.838567e-06 0.073332295 0.06045595 0.00424897 1.8952996e-05 0.0014637378 0.15023524 1.1945483e-05 0.061478 0.024579387 0.004235793 0.0039227842 0.021776214 0.00068212673 0.0042906245 0.00011455754 4.7342e-05 0.0059621674 7.3193725e-05 0.00010012099 0.00049661496 5.093559e-05 0.013351873 0.00016333838 0.0022480404 3.5271132e-06 1.8541426e-05 2.3739782e-05 1.12775515e-05 8.9989385e-07 1.8155104e-08 2.036284e-05 5.061305e-05 1.6047461e-05 4.8139238e-05 3.501429e-05 2.8782504e-05 4.2060933e-07 1.7576282e-05 0.00025262806 1.7029666e-05 1.6074358e-05 5.6808253e-06 0.0001389793 1.1580553e-07 1.2659139e-05 8.622355e-05 7.9546335e-05 9.939036e-05 1.3627071e-07 0.0004306267 3.7701793e-06 5.971918e-06 1.3576139e-06 7.4439714e-07 3.949893e-06 5.7242122e-08 0.00015877293 1.5482909e-06 0.00023058758 0.00018972735 4.333711e-05 0.008783314 9.267257e-05 7.145313e-07 5.086326e-07 0.00018507251 3.806025e-05 1.2344923e-06 0.00014574647 0.00021167393 0.00011777194 0.000713348 0.0007808775 1.8339137e-05 0.0007243574 4.911492e-07 2.0153419e-05 0.00062701484 1.5150718e-05 2.797107e-07
3.008467e-08 0.19504184 0.019576585 0.08325379 0.0048761256 0.0038717615 0.3911616 0.5392717 0.016532037 0.0021268954 0.0012524109 0.00062187825 0.09475324 4.896746e-20 0.007699382 0.00034834258 0.0001578878 0.044220224 0.004634537 0.0011136135 0.00016969998 0.0010289114 0.0011214467 0.003144739 2.882885e-05 0.0014629513 0.50623554 0.00026069084 0.0007039509 0.000211274 1.4926144e-05 1.3842698e-05 0.0001580814 9.224567e-06 9.318895e-06 2.5683455e-06 0.00078947784 0.0012828356 2.9680796e-06 1.1168919e-06 0.00048206086 0.00011283539 0.00029139355 0.00022140818 0.00011577976 0.000109549714 6.8679806e-06 5.156862e-06 7.2964565e-07 1.6192682e-06 2.7779283e-08 1.6981185e-06 1.0952182e-06 9.857979e-06 2.1682158e-06 0.0001235219 1.052358e-05 1.22743575e-08 5.4918905e-06 0.0010256252 7.733781e-06 2.1193076e-05 4.0049613e-06 0.00042165778 1.8084522e-07 3.9419906e-06 6.4737883e-06 2.9100388e-06 1.4806491e-06 2.4908645e-06 1.8100536e-05 8.93612e-06 5.7942016e-06 1.2246262e-06 1.5904071e-06 1.2655656e-06 4.5819405e-07 6.931273e-06 2.0249001e-06 1.59463e-05 6.94291e-06 9.940429e-05 0.0003391246 5.9179587e-05 3.046911e-07 1.3654991e-05 1.5987245e-05 9.849785e-06 3.0915319e-06 7.6050333e-06 0.00077404844 1.696554e-05 0.00023767816 0.00062724814 2.921132e-05 1.8053506e-05 4.851541e-07 1.2294936e-05 0.00028726002 1.5614542e-06 2.1608502e-08
0.5642377 0.19343299 0.045674667 0.9113234 0.005912084 0.002057966 0.14163223 0.024978694 0.26602715 0.00047298946 0.0014666687 0.0007438952 0.2547598 0.007699382 2.153453e-19 9.352447e-05 8.900555e-05 0.039900597 0.006066851 0.92720306 0.00034314537 0.94598204 0.7295745 0.014836771 5.7892885e-05 0.0045745997 0.0026841464 2.7773494e-05 0.2464457 0.5691782 0.5833595 0.42620048 0.36853564 0.26481128 0.35730514 0.11263005 0.00074069406 0.021979282 0.084735535 0.06212704 0.006460254 0.0002511433 0.010400532 0.001938091 0.054112807 1.0445499e-05 0.0020078104 0.0049647978 0.04607201 3.5382018e-07 7.5388726e-08 0.002566715 0.017716752 0.0015581221 0.005104184 0.0011056493 0.00045789772 0.000768909 5.7082645e-05 0.004928191 1.9430821e-05 0.00014704894 1.3969161e-05 0.02208598 1.6275978e-06 1.8543671e-05 0.021550382 0.0012345288 0.0017627312 6.889389e-07 0.04871064 6.418259e-06 3.9753486e-06 1.1731921e-05 1.7211446e-06 0.00039667313 4.1465405e-06 0.036491852 5.1722927e-06 0.04402594 0.051549584 0.0009789935 0.002045994 0.012621289 1.21392095e-05 2.2212905e-07 0.016973048 0.00025145078 5.935157e-07 0.0022348282 0.010869099 0.00813062 0.0015266503 0.0021792175 1.5167662e-05 0.0065399283 1.7611054e-06 4.894232e-06 0.0016669446 3.498599e-05 7.789878e-05
0.008809147 0.03803979 0.11129293 0.0006599569 0.4137194 0.25590956 9.398215e-05 0.0028140198 2.6516673e-05 0.82120526 0.87952393 0.8780185 1.3615927e-05 0.00034834258 9.352447e-05 1.9187075e-18 0.40243778 4.733893e-05 0.6558918 0.00015941732 0.5625911 6.2344857e-06 5.317771e-05 0.13104942 0.8906736 0.35139924 8.928934e-05 0.4354781 3.7839844e-05 3.526772e-05 1.5745016e-05 1.7148279e-05 3.6198326e-05 1.771778e-05 2.5046462e-05 3.5015992e-07 0.34033567 0.0033203312 2.3119662e-06 1.1397909e-06 0.026097815 0.482142 1.5079881e-07 0.007647636 0.00041177386 0.1235727 7.2521448e-06 1.3384948e-06 1.0822811e-06 0.001082181 0.00016644705 8.9236806e-07 1.2909483e-05 6.293005e-07 6.225517e-07 0.041803893 0.08790712 9.4339816e-07 0.04728424 0.0032538474 0.09444772 0.08315657 0.044835333 0.00023562014 0.012267875 0.103378244 1.1362816e-05 2.298125e-05 1.6290474e-05 0.0020568469 2.543118e-05 0.03856667 0.04198182 3.4467587e-06 0.0034614836 1.5024423e-06 0.0010338329 2.3575916e-05 0.0124429865 0.00021986145 0.0003033755 0.009482544 7.301734e-05 0.0001273683 2.8906814e-07 0.00025705216 7.8100304e-05 0.014203224 0.0025206506 1.3975095e-06 0.000101520425 4.2247443e-06 0.00015255653 8.351392e-05 0.0035284439 0.0003859285 5.470477e-07 0.005893735 4.5116183e-05 1.996457e-07 5.4746107e-07
2.2053089e-06 0.02466852 0.1663808 1.2810573e-05 0.3988205 0.53429925 0.00010827395 0.0015243161 1.2090125e-06 0.080359474 0.31237456 0.44306007 4.8942834e-06 0.0001578878 8.900555e-05 0.40243778 7.7751675e-20 3.2351167e-05 0.03246455 1.4924877e-05 0.9103526 3.021978e-05 1.9286268e-05 0.0038375687 0.09981051 0.008903455 8.852607e-05 0.011861694 4.548248e-07 1.1513149e-05 4.3154305e-06 3.5518606e-05 1.6285054e-05 4.8123793e-06 2.1860831e-05 2.041428e-06 0.0068357596 0.00011701501 1.0645628e-05 1.0059892e-05 0.0009847282 0.012161876 9.48976e-08 4.9801525e-05 3.614148e-05 0.008706132 1.850583e-05 4.6728037e-06 8.1860935e-06 0.00019643253 3.6467188e-06 1.1282473e-06 1.4279756e-05 5.522842e-06 1.7185779e-06 0.0033461992 0.0009663097 9.667963e-08 0.00029719376 0.000990059 0.0005823477 0.0005861376 0.0006434518 0.00010870404 6.825152e-05 0.0007337477 4.3513617e-05 1.1496247e-06 4.966893e-06 5.447046e-05 1.8470057e-05 0.00034505373 0.00021767913 1.2539244e-06 5.206443e-05 2.2528748e-06 7.8629455e-06 1.8081868e-05 0.00010710318 4.0617215e-05 4.1182626e-05 0.0002659451 3.49091e-05 3.4154233e-05 3.3508675e-07 1.2598488e-05 1.6367216e-05 0.0003099949 0.00012601294 2.6399592e-05 6.581661e-05 4.1946823e-06 3.1142506e-05 0.00012325855 2.752424e-05 4.8897975e-05 1.1429578e-07 6.6577227e-06 0.00021344238 1.1202634e-07 1.100602e-08
4.219159e-08 0.021521421 0.0051713362 0.22764479 0.00033780895 0.00033149178 0.39267397 0.04892931 0.18561275 0.00014049771 5.5302608e-05 0.000140295 0.63120353 0.044220224 0.039900597 4.733893e-05 3.2351167e-05 4.1975623e-18 0.0016741665 0.00859159 3.2214823e-06 0.014890339 0.0066025774 0.001610137 4.9453047e-05 0.0003505226 0.744739 3.4965407e-05 0.03668099 0.0026940247 0.0007438647 0.001000237 0.0017924892 9.7165226e-05 0.0009816941 5.1759223e-05 0.0001424717 0.0007381448 6.0803693e-05 0.00026090848 0.00025766133 0.00015425475 0.05860278 6.4977656e-05 0.00069217617 4.4983e-05 5.872342e-05 0.000110497516 1.6415159e-05 6.0068606e-07 4.4161375e-08 0.00028580494 3.8109138e-05 9.496972e-05 5.919562e-05 0.00017434386 4.9275655e-05 9.697856e-06 4.8343874e-05 0.0008736935 8.179733e-06 2.3584642e-05 1.9540275e-05 0.00038710947 1.8607951e-06 9.952737e-06 0.00018142677 0.00023343698 0.00015182664 1.4085021e-05 0.00028478543 1.3816728e-05 1.0236453e-05 3.2862816e-05 4.0073724e-06 1.6293177e-05 5.356714e-07 0.00016432334 2.3605173e-06 0.0002611716 0.00013442924 6.8126916e-05 0.04296902 8.398387e-05 8.376642e-06 1.4866677e-05 0.00014726393 2.9922221e-05 3.032135e-06 6.499191e-05 0.0002579116 0.00021201395 0.0006478937 0.0008403026 0.00010521919 0.00065426546 1.3663171e-05 6.042486e-06 0.00047603092 4.2468513e-05 1.1991979e-06
0.5857715 0.266531 0.40484592 0.029328858 0.4250272 0.18932833 0.016207462 0.027539326 0.0016248854 0.92600006 0.8279052 0.5075401 0.003391298 0.004634537 0.006066851 0.6558918 0.03246455 0.0016741665 8.0765587e-16 0.0056500696 0.05244053 0.0015966608 0.008655983 0.7648333 0.5542046 0.9119392 0.0002875722 0.5920997 0.00015896263 0.005395382 0.0005484197 0.00016666975 0.034811653 0.00012733963 0.0018562217 1.5895208e-05 0.7047292 0.06406474 1.6301276e-05 9.473332e-06 0.18178788 0.50119203 7.854117e-06 0.07232091 0.028366422 0.12648933 2.7414424e-05 2.2992474e-05 0.00014661862 0.00029083915 1.4374538e-05 1.3627384e-05 0.00020761622 1.119943e-05 1.2501995e-05 0.29670566 0.13980557 4.5790617e-07 0.074903816 0.12907484 0.097047396 0.13847758 0.0046838424 0.04101512 0.0009788534 0.007901524 0.00029593744 9.22089e-06 7.988799e-05 0.00014818487 0.0012396917 0.028169239 0.02763492 4.6791047e-06 0.0019122489 1.1155782e-06 0.00037040634 0.006302177 0.0051806117 0.00339751 0.0011977904 0.1265345 0.00040725528 0.013460994 6.1505176e-07 4.4999266e-05 0.00062876067 0.1620307 0.0023783532 0.00040107602 0.012244172 0.0006611796 0.033864763 0.007969638 0.006797736 0.00047256926 7.5649305e-06 0.004563164 0.005824379 1.0538785e-05 1.4661518e-07
0.26873776 0.096257806 0.042227946 0.67089015 0.0065874793 0.0009652997 0.055279426 0.0045983894 0.09812651 0.0021842986 0.0016214349 0.0010001663 0.077431604 0.0011136135 0.92720306 0.00015941732 1.4924877e-05 0.00859159 0.0056500696 9.042741e-21 2.8723192e-05 0.45977783 0.95438576 0.018639455 3.784587e-05 0.007233958 0.00046409966 1.9493667e-05 0.11637937 0.81432456 0.64072233 0.27055225 0.46991137 0.11522875 0.34567478 0.030458093 0.00096926786 0.030782523 0.021029912 0.008754121 0.010631162 0.00018791278 0.0011301611 0.00327364 0.101071306 6.614155e-05 0.0003127446 0.0054397346 0.044233542 3.9828734e-08 1.17223085e-08 0.00017423098 0.012259244 0.00019740175 0.006635143 0.0016878418 0.00028683982 0.00011060188 7.301608e-05 0.00993779 2.9630273e-05 9.715587e-05 4.7143178e-05 0.019945808 4.1857234e-06 1.6705366e-05 0.017130455 2.0026011e-05 0.002716466 5.922814e-07 0.05218577 2.4110352e-06 1.1147287e-06 4.734055e-07 1.3809199e-06 0.00016671776 3.2391574e-07 0.05566171 2.5188974e-06 0.053492274 0.05638072 0.0022088715 6.6767316e-05 0.010535666 4.3572772e-06 1.3239112e-07 0.019217016 5.2889925e-05 2.1746818e-07 0.003023421 0.017440867 0.0063028256 0.002487418 0.0022133978 4.981874e-06 0.00487151 5.9871576e-07 1.9408448e-07 0.003185684 7.696785e-06 4.2174743e-06
1.8453085e-05 0.01291414 0.004445207 3.249907e-05 0.08502915 0.11231583 0.00014729146 0.0013069969 1.9205186e-06 0.09838314 0.15774775 0.22630748 7.838567e-06 0.00016969998 0.00034314537 0.5625911 0.9103526 3.2214823e-06 0.05244053 2.8723192e-05 5.255692e-18 4.5316312e-05 1.3567449e-05 0.006562577 0.4924352 0.019618323 6.571018e-05 0.10475453 8.927099e-06 5.9518247e-06 6.062926e-06 2.2525513e-05 8.295149e-06 4.00365e-05 3.0645508e-05 4.9353e-06 0.019470045 0.00020609741 3.2998562e-06 1.8164839e-06 0.0027404425 0.06908808 1.1071992e-07 0.00050998584 6.598316e-05 0.22226727 2.9140658e-06 1.4238992e-06 9.434004e-06 0.004437647 0.00012893138 6.015729e-07 1.3172188e-05 5.274797e-07 7.713447e-07 0.00790907 0.005360422 1.2027294e-07 0.0032704617 0.0035088004 0.00882741 0.0053279977 0.019668082 0.00038208577 0.021869281 0.019559678 1.3754753e-05 1.594433e-06 1.2618616e-05 0.013704213 1.3687467e-05 0.0058612223 0.005422104 3.44821e-07 0.0057358555 1.3511615e-07 0.0042470684 7.944516e-06 0.009246107 3.6466718e-05 2.6025029e-05 0.0025527664 3.096793e-06 1.3604959e-05 2.237678e-08 0.002180706 1.2634077e-05 0.0010940523 0.0023094015 2.1834257e-06 9.563365e-05 1.6342719e-06 0.00017888678 0.00035458582 0.0018948506 1.1442635e-05 1.8382963e-07 0.0012230482 5.6617253e-05 7.405742e-09 7.0050216e-10
0.045228824 0.0043014465 0.0063012782 0.6347703 0.0007615362 0.0006457556 0.035436597 0.0041438392 0.102901556 2.4358884e-05 7.6994256e-05 0.00018599331 0.073332295 0.0010289114 0.94598204 6.2344857e-06 3.021978e-05 0.014890339 0.0015966608 0.45977783 4.5316312e-05 5.894699e-19 0.2822314 0.003217508 3.7770742e-06 0.00068649626 0.0008073997 4.8024212e-06 0.846875 0.2257081 0.51818806 0.33372504 0.05400544 0.28137383 0.18917203 0.32017177 3.240934e-05 0.0035956404 0.5700332 0.61160904 0.0010951787 2.2090671e-05 0.02616947 0.00015133369 0.010702206 1.7362267e-05 0.0674561 0.051736742 0.056046516 8.8398465e-08 2.8797315e-08 0.06508019 0.026780242 0.016764369 0.017251842 0.0001427233 0.00024699516 0.021631587 6.817319e-05 0.00041265145 8.597373e-06 1.9101026e-05 1.0246156e-06 0.0029492443 2.766928e-07 5.38307e-06 0.039076902 0.0047264546 0.0050232518 4.6909338e-07 0.048121102 2.9807368e-06 6.890756e-07 0.0005872059 2.6615808e-07 0.0034083547 8.350539e-07 0.008663626 9.515131e-07 0.011806201 0.015865186 4.757622e-05 0.0041779527 0.0034196994 0.0001502402 7.6862113e-07 0.009118998 1.6336806e-05 2.8719327e-07 0.0036343124 0.001567961 0.009625673 0.0003258785 0.00067012815 5.9141757e-06 0.009371978 4.105843e-05 4.2165175e-06 0.00053165614 0.00040613767 0.00011629011
0.27686286 0.046185642 0.033642113 0.5202314 0.003415433 0.0009194469 0.045937702 0.003436125 0.076931536 0.0005986793 0.00058579916 0.00074480736 0.06045595 0.0011214467 0.7295745 5.317771e-05 1.9286268e-05 0.0066025774 0.008655983 0.95438576 1.3567449e-05 0.2822314 1.0449819e-21 0.029875789 2.778979e-05 0.010147959 0.00038691904 2.9023522e-05 0.0874463 0.9384895 0.6956627 0.39841422 0.6010257 0.089967124 0.54436713 0.010409854 0.0014147338 0.05695685 0.006920778 0.00412609 0.020963721 0.00035941316 0.00061379845 0.0069561563 0.21160899 5.23639e-05 0.00018921438 0.0023391165 0.072391294 8.60615e-08 2.704963e-08 6.014141e-05 0.012820248 0.00012826179 0.0029014281 0.0026987975 0.00037468254 4.4222805e-05 0.00020475329 0.01569478 8.120519e-05 0.00012930103 4.1168445e-05 0.0635042 5.936281e-06 2.4901414e-05 0.017618623 1.1172334e-05 0.001493072 1.2897418e-06 0.05889044 5.0446865e-06 9.987642e-06 8.5762076e-07 2.490779e-06 7.722589e-05 5.021208e-07 0.09992642 4.68891e-06 0.10825596 0.09031012 0.0036373015 7.560391e-05 0.026565146 2.9096896e-06 2.3535412e-07 0.02342688 7.7864024e-05 1.6138047e-06 0.0011795802 0.036290575 0.005498314 0.0030405023 0.004808269 1.0540283e-05 0.0035875551 1.9278929e-07 1.1397846e-06 0.0042726337 1.5255957e-06 2.108173e-06
0.40791437 0.34351695 0.31716928 0.108577654 0.17722833 0.073961124 0.051485807 0.03173593 0.004771199 0.5613046 0.3933732 0.10950041 0.00424897 0.003144739 0.014836771 0.13104942 0.0038375687 0.001610137 0.7648333 0.018639455 0.006562577 0.003217508 0.029875789 1.53167e-20 0.07871552 0.9806501 0.00022492146 0.19302477 0.00028076785 0.0125773 0.00063505146 0.0005636655 0.14338419 0.00025832662 0.010273129 3.045616e-05 0.7363825 0.54252344 1.2895616e-05 1.7584092e-05 0.6592903 0.3422908 2.0399782e-06 0.3109688 0.32454 0.006087799 1.1693117e-05 6.259523e-05 0.0019917265 1.0787152e-05 1.1496412e-06 9.315625e-06 0.0014715955 6.758995e-06 2.7201186e-05 0.47034028 0.07390307 1.1763599e-06 0.029907579 0.3472871 0.027237663 0.039904803 0.0014442462 0.24519981 0.00029828813 0.0014190746 0.001396073 6.21217e-06 0.00015674281 2.2807235e-05 0.0074724024 0.0070437766 0.0049168286 7.5086905e-07 0.0016218525 3.4336938e-06 8.2834464e-05 0.03729417 0.0025969334 0.015935486 0.00741603 0.13851051 0.00016723275 0.03616104 9.3072416e-08 7.1805516e-06 0.0022385365 0.086553805 0.000915245 0.00045123138 0.03031084 0.000555139 0.086519554 0.020479826 0.002884267 0.0008598234 1.6542365e-06 0.0011713811 0.017762804 1.4362349e-06 3.1799328e-08
0.035218988 0.006742372 0.0551416 6.464359e-05 0.18505032 0.06488792 2.219169e-05 0.00095109583 8.387386e-06 0.6889776 0.57040554 0.3956094 1.8952996e-05 2.882885e-05 5.7892885e-05 0.8906736 0.09981051 4.9453047e-05 0.5542046 3.784587e-05 0.4924352 3.7770742e-06 2.778979e-05 0.07871552 7.3698537e-16 0.244015 1.1809557e-05 0.978526 1.3283998e-05 1.9467994e-05 8.0274385e-06 1.837152e-05 8.4380874e-05 2.8687152e-06 5.0898434e-05 4.095772e-07 0.19081034 0.0033360077 6.244032e-07 6.8998503e-07 0.027862178 0.45788738 1.146594e-06 0.005396087 0.0005377621 0.6587182 2.3923271e-06 3.0351437e-06 1.361379e-06 0.0072434195 0.0019729435 3.4685252e-06 5.0334315e-06 1.6677421e-06 1.2285624e-06 0.028239978 0.12523691 7.4065264e-07 0.07478628 0.0049827467 0.16011511 0.14901362 0.121028684 0.0007555633 0.044204224 0.103138186 4.4455668e-05 2.3946213e-06 4.058374e-06 0.0159979 5.722395e-06 0.08747683 0.08326085 6.7040364e-06 0.01863401 3.2382556e-07 0.006464886 1.4744485e-05 0.023494622 4.6083922e-05 5.5801982e-05 0.013262775 1.2596992e-06 0.00016339152 2.8974156e-07 0.00086890865 3.0161878e-05 0.017134566 0.0093404725 1.1314626e-06 0.00017224469 1.2735888e-05 0.00038192858 0.00014365473 0.0072026504 6.436495e-06 9.1650395e-07 0.0147459 7.736234e-05 4.7220118e-07 1.410266e-08
0.3083288 0.29657578 0.261191 0.032179244 0.232523 0.09769973 0.01777659 0.0155649 0.0018713592 0.739578 0.54787296 0.21330333 0.0014637378 0.0014629513 0.0045745997 0.35139924 0.008903455 0.0003505226 0.9119392 0.007233958 0.019618323 0.00068649626 0.010147959 0.9806501 0.244015 8.165135e-21 1.7357517e-05 0.49626675 5.354957e-05 0.0052945213 0.00026318035 0.00021039674 0.036128595 6.381361e-05 0.0039174324 3.862716e-06 0.82155377 0.091940545 4.529793e-06 3.67195e-06 0.28139046 0.6042261 1.0094715e-06 0.10172028 0.08028399 0.053954516 1.7203586e-06 3.0100186e-05 0.00058786344 0.000616184 0.00011753553 3.42786e-06 0.000435804 3.4201227e-07 1.9874497e-06 0.482071 0.19341633 1.254352e-07 0.12858874 0.27124888 0.13547917 0.07484229 0.022235077 0.13521028 0.0021265242 0.015338283 0.00024133819 1.0375975e-06 1.2223665e-05 0.00027556534 0.002044288 0.023707414 0.022891842 1.6131854e-07 0.0036707022 7.4823413e-07 0.000393011 0.025917113 0.009168012 0.012884567 0.006842873 0.18398759 1.1236606e-05 0.032060828 3.8142094e-08 2.7108088e-05 0.0007989386 0.14449973 0.004320628 5.7388537e-05 0.028107699 0.00021109456 0.05784001 0.0130641805 0.009183856 0.00027960978 2.4911625e-07 0.0036441064 0.014909564 6.978531e-08 1.4428471e-09
9.718996e-11 0.060520977 0.0046712756 0.026445162 0.00080234127 0.00043329928 0.14828284 0.145709 0.017258605 0.00012324633 3.5527348e-05 5.407755e-05 0.15023524 0.50623554 0.0026841464 8.928934e-05 8.852607e-05 0.744739 0.0002875722 0.00046409966 6.571018e-05 0.0008073997 0.00038691904 0.00022492146 1.1809557e-05 1.7357517e-05 1.8964553e-18 2.2008202e-05 0.00551422 0.0001073224 5.3732324e-06 7.736105e-06 3.5345565e-05 8.526084e-06 8.542386e-06 4.6956625e-06 3.4616005e-05 6.176716e-05 6.5027025e-06 1.8782132e-05 3.7928105e-05 2.0432639e-05 0.012369018 1.7006345e-05 3.8350277e-05 6.9751713e-06 5.3080526e-05 1.5324384e-05 1.3377789e-06 1.4344773e-06 1.7411962e-07 0.0001561256 1.4641194e-06 8.459366e-05 1.5294298e-06 9.9442885e-05 2.0974194e-05 2.4726405e-06 1.0063797e-05 0.00023629567 2.3740947e-06 2.1324835e-05 1.717362e-06 0.0002749136 6.340348e-07 5.427432e-06 1.3725179e-05 0.00018947855 2.9549922e-06 4.3491405e-06 3.147978e-05 3.1511781e-06 3.982798e-06 3.1203806e-05 2.673149e-06 6.654663e-06 8.546048e-07 3.0634492e-05 5.2571177e-06 3.9138868e-05 1.0913329e-05 8.166464e-05 0.16157873 4.6618523e-05 9.07654e-06 9.649624e-06 2.4801282e-05 1.838712e-05 1.120889e-06 0.00011834817 0.00028191193 4.005804e-05 0.0003549592 0.0006039695 1.3167993e-05 0.0001186326 4.5855558e-07 6.082646e-06 0.00029866042 4.4658254e-06 4.4881014e-07
0.14420058 0.013355539 0.038853645 0.00015932992 0.112294085 0.030198824 4.7411853e-05 0.0016876175 1.5599278e-05 0.4910802 0.31532457 0.15518709 1.1945483e-05 0.00026069084 2.7773494e-05 0.4354781 0.011861694 3.4965407e-05 0.5920997 1.9493667e-05 0.10475453 4.8024212e-06 2.9023522e-05 0.19302477 0.978526 0.49626675 2.2008202e-05 4.3808733e-17 2.2428623e-05 3.58133e-05 1.0381485e-05 4.983445e-05 0.00016128649 8.941558e-06 6.156938e-05 7.294968e-07 0.65498513 0.0044242064 2.8822042e-06 9.36345e-07 0.11816142 0.9353263 5.150013e-07 0.032543316 0.00046246225 0.56069833 2.4212636e-06 3.1390305e-06 2.8401828e-05 0.0018606774 0.00075616094 2.6358275e-06 1.3258253e-05 1.7768588e-06 2.9196126e-06 0.21013518 0.3922636 1.6379761e-06 0.27114835 0.03418951 0.39205816 0.42318538 0.36998138 0.0045920266 0.120543554 0.30353922 6.542012e-05 2.1192389e-05 1.4708427e-06 0.01551836 0.00012407561 0.19583656 0.22210121 4.0436084e-06 0.06010453 1.9622823e-06 0.010315791 0.00041392553 0.11309681 0.00042925417 0.00018412169 0.12515527 7.3837923e-06 0.0027411995 1.0109002e-06 0.00070548017 8.8249835e-05 0.15266466 0.029602928 6.526277e-07 0.0014975349 2.4651497e-05 0.007556001 0.0014428515 0.049474705 4.5771365e-05 2.6140333e-06 0.06723933 0.00048178347 3.8695553e-06 2.5886667e-08
0.00029818373 0.0023511937 0.0016108326 0.26668614 0.00067050854 0.00020374895 0.018527765 0.0018090518 0.056157675 8.962115e-06 7.7553064e-05 7.944672e-05 0.061478 0.0007039509 0.2464457 3.7839844e-05 4.548248e-07 0.03668099 0.00015896263 0.11637937 8.927099e-06 0.846875 0.0874463 0.00028076785 1.3283998e-05 5.354957e-05 0.00551422 2.2428623e-05 1.06127054e-16 0.086240746 0.14173175 0.0968373 0.018125195 0.061175022 0.052217986 0.05062099 5.6548346e-05 0.0001921858 0.11284958 0.32722196 4.4931636e-05 3.4217217e-05 0.23557691 8.092451e-06 0.00167106 3.857973e-05 0.058149453 0.009848772 0.0078870915 2.0607979e-07 7.2712205e-09 0.09278172 0.0021333026 0.028546786 0.0017641059 8.128446e-05 0.00024131933 0.048499044 0.0001458079 4.524515e-05 8.765887e-06 1.3387801e-05 6.835114e-06 0.00024974893 2.9953296e-06 7.1057543e-06 0.00086105923 0.017832572 0.00054182246 1.2618598e-06 0.0019392483 1.1048249e-05 6.7387655e-06 0.011711901 4.3123737e-06 0.0032223933 5.664858e-07 0.0004572931 3.939747e-06 0.0007427294 0.00074584543 6.3387733e-06 0.02724462 0.00020167907 0.0030464148 1.0877532e-05 0.00028765312 1.0321611e-05 3.094936e-06 0.0002180525 0.0007146796 0.00049211655 5.0193845e-05 8.2956525e-05 7.411455e-06 0.0011264664 6.751835e-05 2.858924e-06 0.00023736851 0.0003863236 0.00045263645
0.3288158 0.013960332 0.012067255 0.33890566 0.0048570437 0.00042877445 0.011999994 0.0004593211 0.03637425 0.00055951404 0.0018886059 0.001258673 0.024579387 0.000211274 0.5691782 3.526772e-05 1.1513149e-05 0.0026940247 0.005395382 0.81432456 5.9518247e-06 0.2257081 0.9384895 0.0125773 1.9467994e-05 0.0052945213 0.0001073224 3.58133e-05 0.086240746 7.7001706e-19 0.81099313 0.87392706 0.83782256 0.45510155 0.9512317 0.15447053 0.0010348237 0.034898613 0.06409241 0.014923391 0.01162655 0.0005006766 0.00052802486 0.0045577623 0.30019602 0.00034001534 0.0012878111 0.004992971 0.35014462 1.2752636e-07 4.1944862e-08 0.0005033658 0.060397934 0.00044567147 0.0061419425 0.002597274 0.0001859438 0.00019478254 6.888522e-05 0.013180514 7.1407565e-05 0.000121328725 1.8301173e-05 0.075579606 2.2784865e-05 6.853005e-06 0.12403868 3.6799764e-05 0.0045989887 3.4720858e-06 0.29712397 1.6580752e-05 2.7393307e-05 3.648361e-06 3.5246753e-06 0.00029258901 2.5024697e-06 0.19306321 4.05485e-06 0.24548423 0.27796918 0.0037571143 0.00037679973 0.043671288 4.0370774e-06 9.41676e-07 0.08921057 0.00018118403 6.468462e-06 0.0050518294 0.07578221 0.039022427 0.006689463 0.009526504 7.4962454e-06 0.019133136 9.404738e-06 3.3802212e-06 0.009013713 1.230134e-05 5.4670377e-06
0.1714884 0.0040418357 0.0013803059 0.085299596 0.0003453823 5.9198668e-05 0.0014917343 0.000108375396 0.0054779723 3.2028038e-05 0.00012767038 0.000292673 0.004235793 1.4926144e-05 0.5833595 1.5745016e-05 4.3154305e-06 0.0007438647 0.0005484197 0.64072233 6.062926e-06 0.51818806 0.6956627 0.00063505146 8.0274385e-06 0.00026318035 5.3732324e-06 1.0381485e-05 0.14173175 0.81099313 1.4379323e-20 0.9537876 0.21984717 0.94583035 0.48674825 0.7445807 0.00028648277 0.003946256 0.40423903 0.08794664 0.0024461048 0.00029667866 0.0021246998 0.00051566534 0.077262014 0.00015600907 0.00789313 0.09006052 0.5656973 1.28060105e-08 2.5532856e-09 0.0046650744 0.2366336 0.0015077057 0.10898639 0.0011753603 0.00023093111 0.0014529064 6.41467e-05 0.0066961427 7.079797e-05 7.373853e-05 1.9226583e-05 0.012475002 5.5676023e-06 1.08728245e-05 0.23397313 2.858882e-05 0.072996445 5.338243e-07 0.31851643 1.5279365e-05 5.048773e-06 5.0293825e-06 3.309183e-07 0.0008717788 1.8432752e-07 0.06778623 1.8620734e-06 0.09391974 0.13388878 0.0007437064 5.3364463e-05 0.00698188 4.2169795e-06 4.7673913e-07 0.07726555 2.9737508e-05 6.7404403e-07 0.046743944 0.009075571 0.07241292 0.0016137848 0.0008273838 4.1614358e-06 0.03887431 1.3268145e-05 8.7226226e-08 0.0010109335 0.00014104533 2.2326018e-05
