2.307734e-14 0.9822761 0.98235667 0.5342478 0.73826736 0.60696566 0.9017422 0.87791264 0.9706727 0.79415274 0.93856055 0.42769212 0.9779375 0.57966346 0.8988418 0.9685118 0.49964103 0.644767 0.87338006 0.3289383 0.9929904 0.9507958 0.91599125 0.98344857 0.43243566 0.7477931 0.98837376 0.26657918 0.9701358 0.8614721 0.82607967 0.9786947 0.9963965 0.3999592 0.97901577 0.9872907 0.88497347 0.71341103 0.92238164 0.9292767 0.40493003 0.9687209 0.9702267 0.95791173 0.700505 0.906865 0.9708348 0.99472505 0.37447244 0.98949283 0.9781063 0.9410098 0.70221823 0.9398989 0.97378755 0.30149597 0.93556917 0.9517466 0.9685219 0.009548834 0.00074535195 0.20385323 0.9101364 0.53029495 0.98826313 0.6028911 0.9727514 0.00013803433 0.9863131 0.94913036 0.13088542 0.9735394 0.06023789 0.98481023 0.8111629 0.0067343204 0.9250493 0.9866008 0.027427582 1.2951033e-06 0.96942705 0.972649 0.8416555 0.9813706 0.79224 0.903768 0.00021687246 0.787349 0.00054031005 0.03516798 0.869275 8.261923e-05 0.9865448 0.98798597 0.85539114 0.0019123612 0.70858395 0.9339525 0.99971277 0.99985653 0.99883664
0.9822761 6.8791496e-12 0.8883725 0.5548899 0.88860655 0.2836334 0.73050773 0.85547024 0.13814794 0.057531305 0.12925391 0.51009613 0.8637111 0.5709979 0.0045130732 0.0017041673 0.6370365 0.0009118868 0.00015089687 0.3329063 0.00028078043 0.5103037 0.00018985658 0.3889649 1.1083412e-05 7.0676233e-06 0.005225909 8.602376e-06 3.746279e-05 0.9368205 0.7855914 0.0013843311 6.5480817e-06 2.6500506e-06 2.3366807e-05 0.004938669 0.2954982 0.7550413 0.00031421604 0.0008493204 1.8521685e-07 1.5200185e-05 6.545319e-05 0.00095439865 0.2073369 5.795912e-05 4.2676587e-05 0.0001070558 0.78962165 3.1935804e-07 8.1039936e-05 0.00048509048 0.000120367215 1.3834278e-05 4.57828e-07 9.016283e-05 3.1952572e-06 1.5171337e-05 0.0005964346 0.0016637872 9.393516e-06 0.18208541 4.6000338e-08 0.016654931 1.37341085e-05 0.0008624715 9.208206e-05 2.6255861e-06 0.0004399366 0.00018941458 0.49311453 0.00020019128 0.034680177 6.515584e-06 2.3355888e-05 8.751662e-06 0.00010834893 0.00020606912 0.25524783 6.0624225e-06 4.3469754e-06 2.4483532e-05 4.0317846e-07 2.5060373e-08 2.579779e-07 1.4226485e-05 1.3776866e-08 5.5965618e-08 0.0192981 0.0035864334 1.5666947e-07 2.0565876e-06 0.000120322795 3.922062e-05 0.00020401395 0.20684285 0.00011782856 1.2332385e-05 0.00016987405 0.00020351863 8.88771e-06
0.98235667 0.8883725 1.123745e-11 0.20059103 0.75556475 0.08370286 0.50435996 0.31956643 0.8560418 0.0066642347 0.055140097 0.89568955 0.82666683 0.25082096 0.0006640577 7.69745e-05 0.645092 5.9341506e-05 4.1884346e-06 0.4623155 0.07034551 0.009299404 1.6780283e-05 0.36116144 1.1955813e-06 1.8690315e-06 0.04569406 1.3934213e-06 5.201458e-06 0.9339729 0.9239221 0.05592464 0.00013581399 1.1602302e-06 0.00046475275 0.0068560545 0.026762463 0.7187138 0.00244824 0.00057976233 2.3706285e-08 2.5105085e-06 3.74234e-05 0.00082048756 0.026645979 4.3387732e-05 1.8287057e-05 0.00055456825 0.6209008 4.627393e-06 7.0211856e-05 0.0043708575 2.4830555e-05 0.0002136073 2.3462344e-06 2.2788647e-05 9.974815e-07 0.0002849827 0.00046362277 0.00033111672 9.0490425e-07 0.045915492 1.8339353e-08 0.23627262 3.855297e-06 0.00977842 3.9498464e-05 1.7863351e-07 0.0010966084 0.001837635 0.6680166 0.00055940816 0.16599517 4.1017825e-06 0.0002971411 7.811839e-07 0.00010284875 0.0002595747 0.05445361 1.7962981e-07 2.5390347e-05 0.00012550179 3.6663932e-06 1.6210691e-07 1.55016e-06 0.00018879006 1.2627722e-10 2.9321747e-08 0.011043237 0.028607765 3.9875868e-06 8.741377e-08 0.0003020758 0.00016678742 8.608995e-05 0.2809681 0.0010855487 6.643652e-05 0.00017881853 0.00021945733 2.7724868e-06
0.5342478 0.5548899 0.20059103 2.87255e-12 0.895406 0.99144125 0.95032454 0.70542127 0.5688551 0.9059219 0.72062 0.07991617 0.5789038 0.21803781 0.25364888 0.14554934 0.026934395 0.08127501 0.010739842 0.008596168 0.0005239897 0.015010553 0.006593413 0.36490616 0.00021688777 1.885307e-05 0.048200354 7.701467e-05 0.00042235243 0.012952759 0.0041112485 0.0010668684 1.4176874e-05 2.359977e-06 1.8832441e-05 0.026325215 0.0019690883 0.00083770417 9.9906574e-05 0.0068017463 5.0421757e-08 2.0182963e-05 0.00037477203 0.011232091 0.00076943566 5.325358e-07 3.4219178e-05 0.00033488887 0.0005383396 2.5034221e-06 0.0005679551 0.00017927137 2.3949788e-05 6.5476756e-06 4.110807e-07 8.2245975e-07 1.734221e-07 4.517933e-06 0.0005062357 4.802598e-05 2.0399332e-08 0.00025432554 2.5328215e-09 0.0009991553 4.3686963e-05 4.7470214e-05 0.00033306287 3.153771e-09 0.0002742741 5.603844e-05 0.00057467754 3.704922e-05 0.00071934203 7.321268e-06 9.516742e-06 1.0974719e-09 4.0020197e-05 0.00031058793 0.00016922984 1.6909325e-11 2.9840146e-07 1.4732735e-05 1.327658e-08 1.0742539e-08 1.4699899e-08 3.6441338e-07 1.273999e-15 6.415268e-11 7.762162e-06 1.0289128e-05 3.5180392e-08 2.5402416e-10 0.0003990668 2.4785582e-05 2.039277e-05 4.9972892e-05 7.022135e-07 3.19067e-07 0.0003683821 0.00054423517 1.0589855e-05
0.73826736 0.88860655 0.75556475 0.895406 3.5000967e-11 0.7957661 0.815508 0.98230696 0.76903754 0.51414806 0.35026202 0.8703006 0.58730954 0.9221386 0.10010487 0.06453099 0.56989443 0.23495482 0.004320323 0.27740735 0.0041485764 0.36574283 0.0031696332 0.28932524 4.7175196e-05 1.6737687e-05 0.030479072 8.764546e-05 3.1941654e-05 0.5047193 0.24784783 0.0054724454 3.9805593e-05 6.708577e-06 8.029541e-05 0.017462693 0.065791205 0.09882235 0.0004443732 0.0034491247 1.03228686e-07 2.3280922e-05 0.00015658264 0.006399743 0.022801507 1.9714341e-06 1.0983745e-05 0.0003498901 0.092595614 5.643876e-07 0.00011541221 0.0014445119 1.7850207e-05 5.2874116e-06 6.721811e-07 3.7078487e-05 8.062616e-08 1.0187146e-05 0.00022709451 0.009447794 6.690349e-06 0.040024444 1.9892148e-08 0.05759659 1.2534503e-05 0.00082303415 7.106381e-05 5.1944184e-08 0.00023470065 0.00028650762 0.07543675 4.9441303e-05 0.033034794 2.1635456e-06 2.0644826e-05 2.3420506e-07 2.636779e-05 0.00030722865 0.036148265 1.2834576e-07 3.2448372e-07 8.234648e-06 1.1261462e-07 4.3679167e-09 6.749429e-08 1.8450628e-06 4.845016e-13 3.096016e-10 0.0011550862 0.0031936595 1.5445796e-07 1.5140195e-08 0.00014411469 6.404322e-05 6.0381885e-06 0.026470829 4.7582984e-05 6.953761e-07 0.00017073206 0.00014227687 8.358456e-06
0.60696566 0.2836334 0.08370286 0.99144125 0.7957661 4.072554e-11 0.9169452 0.6506748 0.3039777 0.9644258 0.77168 0.043688513 0.5109503 0.20306917 0.48767385 0.3408236 0.021341665 0.13854991 0.059288565 0.0071867555 0.00016009177 0.05222227 0.026314868 0.3803172 0.0012545034 0.00018869575 0.017715225 0.00026743603 0.0016408163 0.02368197 0.0034886817 0.00028884533 5.1155307e-06 1.7483913e-05 1.0532425e-05 0.02103934 0.005673939 0.0014818904 4.014259e-05 0.008264446 5.180124e-07 0.00029980505 0.0009660739 0.014524563 0.0030462362 1.2782626e-05 9.281612e-05 0.00016762264 0.0016623655 7.8122116e-07 0.00090198265 0.00011563035 6.17047e-05 3.8923363e-06 2.3522216e-07 2.195483e-05 4.3262553e-06 5.104181e-06 0.00054921425 0.0003900729 4.5365087e-07 0.0015070797 1.0310611e-07 0.0010383826 0.00015978276 8.364097e-05 0.0002845346 1.6270343e-08 0.00021339087 0.00013109922 0.0011015678 1.8036795e-05 0.0006488932 3.7554895e-05 7.1732215e-06 1.0683288e-07 8.924124e-05 0.00036066628 0.000627755 1.6913654e-10 1.7109006e-07 8.502673e-06 1.0394387e-08 3.892316e-09 6.1790844e-09 3.1180605e-07 1.6633211e-14 4.6653004e-10 1.7203693e-05 1.3702722e-05 2.6565127e-08 5.624047e-10 0.00024264878 1.8692179e-05 5.3814147e-05 9.592568e-05 2.969695e-07 6.9193256e-08 0.0005732014 0.0005261715 2.3814635e-05
0.9017422 0.73050773 0.50435996 0.95032454 0.815508 0.9169452 1.6712683e-10 0.508719 0.8990429 0.6195328 0.8894585 0.23248267 0.9677354 0.22748685 0.25889874 0.02161575 0.06905542 0.014216267 0.0035601421 0.030525927 0.021832528 0.033443376 0.0049759466 0.8008296 0.00027244142 0.000107570675 0.47200763 0.00022233094 0.00018144808 0.0969934 0.05413136 0.012185873 0.00028305498 4.092965e-05 0.00038365327 0.12281523 0.006597923 0.010054272 0.0012639705 0.013772467 1.4716016e-06 0.00013191316 0.0017914644 0.024770265 0.0022415272 8.3880495e-06 5.017226e-05 0.0015500765 0.00744757 6.7689293e-06 0.0013216803 0.00252892 7.552795e-05 5.6401204e-05 3.9857428e-06 1.2182143e-07 2.9835153e-06 0.00012115044 0.0038241427 8.304562e-06 1.386599e-07 0.005071065 2.3963014e-07 0.013755515 0.00010117914 0.0010032644 0.00066627987 2.9497196e-09 0.0024595892 0.0009359157 0.008303088 0.0010037314 0.007452671 0.00012298836 0.00075874914 5.4693267e-08 0.00026788682 0.0017765947 0.0002621518 2.3824218e-09 3.241013e-06 0.00031022113 2.1394052e-07 1.3583036e-07 6.211183e-07 3.7427878e-06 4.430429e-12 3.562767e-09 2.299563e-05 0.0005415577 1.5361718e-06 4.316809e-08 0.0019019103 0.0013528483 0.00017975636 0.0010946221 1.1991447e-05 4.347958e-06 0.00069816795 0.0022802996 9.2033144e-05
0.87791264 0.85547024 0.31956643 0.70542127 0.98230696 0.6506748 0.508719 2.0172874e-11 0.11967186 0.51358205 0.32119104 0.6451041 0.5078914 0.9663606 0.24080987 0.51102424 0.5429269 0.6589748 0.06758941 0.20659913 0.00010788042 0.8988069 0.017132351 0.22850597 0.00032061577 0.0003017136 0.0019969142 0.0019768255 0.0006970862 0.6751375 0.261787 0.00029169075 1.8341437e-06 2.5304025e-05 2.5658678e-06 0.004131417 0.5107832 0.18161339 2.9165558e-05 0.0010146346 3.330697e-07 4.95692e-05 5.9896425e-05 0.002692222 0.22153346 0.0026733542 5.1673454e-05 7.27377e-06 0.28230926 2.7773982e-08 5.0216302e-05 0.00014422784 5.2806965e-05 5.754193e-07 5.675042e-08 0.005593377 9.416966e-07 1.0701904e-06 1.7057786e-05 0.0506186 0.00072779437 0.28085655 3.1906318e-08 0.019104408 5.0835642e-06 0.000310383 9.460854e-06 5.3000855e-07 1.7467297e-05 5.910232e-05 0.10957689 4.6288806e-06 0.02422774 2.384237e-06 1.3212202e-06 2.911466e-06 2.1648633e-05 4.2224186e-05 0.17353497 1.4426305e-06 1.8876116e-07 9.902236e-08 2.5892941e-08 9.913167e-10 6.527845e-09 5.9887515e-07 3.1285428e-12 4.0934447e-09 0.0031265514 0.0006197365 6.082326e-08 1.5579683e-07 4.2678444e-06 1.2398382e-06 2.2591614e-06 0.05412821 3.0759846e-05 4.3800688e-07 0.00013395229 3.7805647e-05 3.9350944e-06
0.9706727 0.13814794 0.8560418 0.5688551 0.76903754 0.3039777 0.8990429 0.11967186 3.1325973e-12 0.037754167 0.13603769 0.856946 0.8159197 0.13233793 0.007290556 0.00056787056 0.2429577 0.0017130569 7.5553304e-05 0.19934213 0.8854998 0.00201436 0.00026393993 0.51214516 1.5838707e-05 2.3960856e-06 0.9659833 2.3424034e-05 8.839113e-06 0.12608801 0.1462627 0.50267655 0.36369902 9.7186685e-06 0.26418656 0.094713904 0.00038416107 0.010315152 0.20434761 0.006528286 1.7058844e-07 8.534492e-05 0.0003126563 0.010058909 0.00014923676 4.3966244e-07 7.978249e-06 0.097325124 0.001072451 0.0031373114 0.0003397486 0.079342164 1.091715e-05 0.0070858393 0.0004405891 2.947279e-07 2.7136772e-07 0.013734758 0.011792625 3.1295538e-05 2.0930632e-07 0.00023695167 4.1652115e-08 0.27053437 2.1378188e-05 0.055425026 0.00084006187 1.2661668e-08 0.057125524 0.108402096 0.039217602 0.012499117 0.0842786 0.00017487274 0.0023404812 4.472141e-08 0.00037321218 0.009542057 6.072132e-06 2.2758042e-09 0.00031830402 0.005893463 2.3969824e-05 1.3331932e-05 6.598007e-05 0.0008563819 5.4905413e-13 7.111237e-10 1.00444195e-05 0.05464895 1.7948889e-05 2.3525706e-08 0.013999309 0.0048078313 0.00018965916 0.0014868464 0.005078593 0.00119407 0.0016316682 0.0055339807 9.759242e-05
0.79415274 0.057531305 0.0066642347 0.9059219 0.51414806 0.9644258 0.6195328 0.51358205 0.037754167 4.0527498e-10 0.94037944 0.013246135 0.37145814 0.24185017 0.9753434 0.87706095 0.013581554 0.58349997 0.51216054 0.0031996411 5.7603313e-05 0.14585339 0.3137146 0.4681873 0.044983972 0.018806042 0.008254285 0.014614265 0.026921108 0.013177762 0.00082561467 7.236266e-05 6.7716983e-06 0.0006178702 8.095462e-06 0.03457299 0.015164287 0.0010155017 9.583574e-06 0.01940686 1.056231e-05 0.0027027847 0.005366831 0.048062243 0.0051811277 0.0011859279 0.00045046542 0.00011551329 0.00082623697 3.262107e-07 0.002184811 4.93542e-05 0.0003683486 1.5549201e-06 4.586684e-07 0.0013342121 4.795275e-05 3.081997e-06 0.0011165341 0.0035334295 1.2878275e-05 0.005847331 6.035486e-07 0.00036865223 0.0004343524 1.8188915e-06 0.0006085919 1.7792885e-08 0.00056657766 3.9079634e-05 0.0003700245 2.062489e-05 3.4657325e-05 6.4314416e-05 4.371414e-05 4.5091215e-06 0.00024713087 0.0008044909 0.0003822233 4.249168e-09 1.03040044e-07 1.2253288e-05 6.238711e-09 6.9893438e-09 6.4656396e-09 1.2631764e-07 8.986296e-13 2.9261114e-09 3.5803926e-06 8.3623024e-07 8.5643926e-08 4.1998556e-09 0.0004143521 7.548086e-05 0.00012861601 8.06674e-06 4.2786738e-07 1.9540572e-07 0.0010822652 0.0006848507 0.00029946415
0.93856055 0.12925391 0.055140097 0.72062 0.35026202 0.77168 0.8894585 0.32119104 0.13603769 0.94037944 5.06154e-13 0.017249169 0.84458137 0.11424114 0.97357476 0.5241756 0.009028075 0.13979885 0.16645654 0.0029876085 0.00025451454 0.036866896 0.13028315 0.9387569 0.011262419 0.0026636876 0.12354582 0.002162034 0.00853312 0.008504406 0.0013852925 0.00036347803 9.002505e-06 0.00012462528 7.082582e-06 0.31735513 0.004429816 0.00057006755 3.82518e-05 0.12955223 9.599838e-06 0.0032315843 0.020528316 0.15899934 0.0008176151 8.0665355e-05 0.00078765 0.00022111468 0.0005775299 4.842296e-07 0.008888019 0.00010666446 0.00070364575 2.6027376e-06 2.0420832e-07 4.5704433e-06 0.00022122687 2.2475506e-06 0.009469227 1.4711001e-05 9.872929e-08 0.00029156898 5.3827616e-06 0.00027303654 0.00081185525 1.0913662e-05 0.0033949902 1.1900907e-09 0.004255219 4.2560143e-05 6.2510815e-05 0.00019669459 3.9063165e-05 0.00047552906 0.0002805829 6.3112157e-07 0.0021130978 0.0036261887 5.849093e-06 5.844259e-10 2.396523e-07 0.00030878693 1.0898584e-08 1.0455909e-08 3.8428126e-08 3.708874e-07 9.659017e-13 1.473243e-08 2.635512e-07 1.9544664e-06 7.317135e-08 8.197769e-09 0.002316271 0.0012624052 0.0021833437 1.3498008e-06 1.106129e-07 2.2796645e-07 0.0039978107 0.004513138 0.0010368755
0.42769212 0.51009613 0.89568955 0.07991617 0.8703006 0.043688513 0.23248267 0.6451041 0.856946 0.013246135 0.017249169 2.8150054e-14 0.18226045 0.8974029 0.0017925035 0.00037691023 0.9698639 0.00080819626 3.486924e-05 0.970261 0.112278745 0.010204246 4.901395e-05 0.0401169 3.226343e-06 1.0811051e-06 0.066338316 5.77616e-06 1.5574714e-06 0.6553199 0.45954695 0.054640114 0.0018828285 2.3349598e-06 0.005252896 0.0061534606 0.0038140519 0.06985839 0.008025969 0.0010098378 7.552575e-08 2.7224894e-06 1.3277411e-05 0.0008292449 0.00211006 1.7271634e-07 4.06059e-07 0.0015674026 0.02045929 3.2869837e-05 4.8560403e-05 0.005097541 2.882123e-07 0.00018040228 1.6433703e-05 1.733095e-07 4.7802113e-09 0.00021734662 0.00026616763 0.00015840391 8.167339e-08 0.0015216842 5.5215466e-08 0.07235727 4.332631e-06 0.0030217692 0.00017490408 3.0698992e-08 0.00044379107 0.0011063123 0.024241265 0.00037797802 0.054177273 8.312818e-06 6.541295e-05 5.734186e-09 2.1211861e-05 0.0005149363 0.0022312377 3.6940634e-10 4.0307723e-06 2.8602319e-05 5.112787e-07 1.03850375e-07 2.1008644e-07 1.1381416e-05 1.5921336e-14 7.826716e-11 0.00028057944 0.013069876 4.1246608e-07 6.0366365e-09 0.00088352594 8.682715e-05 1.2855366e-05 0.011253255 0.00025237066 2.062977e-05 0.00028409698 0.00021196199 1.3084579e-06
0.9779375 0.8637111 0.82666683 0.5789038 0.58730954 0.5109503 0.9677354 0.5078914 0.8159197 0.37145814 0.84458137 0.18226045 4.2898196e-09 0.17532295 0.23059358 0.062135793 0.1069057 0.01056079 0.008785417 0.05672573 0.2372534 0.10291797 0.005991754 0.92509127 0.00060209446 0.0004903604 0.6372905 0.0007647942 0.00080583856 0.24897884 0.19427633 0.090315975 0.004044064 0.00015083961 0.006772397 0.29763728 0.032524467 0.07109145 0.008093436 0.04565215 1.5745543e-05 0.0009236553 0.0076154163 0.04691279 0.011198245 0.0006687351 0.00047970636 0.007705353 0.036403067 0.00014653767 0.0072625726 0.012949936 0.0003336593 0.0005628163 5.1615727e-05 5.434331e-06 0.0002554327 0.0007557943 0.01681345 0.00029738713 1.8529132e-06 0.020733526 8.930846e-06 0.04325172 0.00035123958 0.008218111 0.0021089485 5.6806194e-08 0.0142341945 0.0054268944 0.034394365 0.00468733 0.019813301 0.00029842783 0.0021321531 7.823064e-06 0.0011872072 0.008293628 0.0007424702 3.8230517e-08 0.00023080518 0.002273398 4.3366776e-06 1.1908163e-05 2.3874554e-05 0.00015638431 2.2228437e-09 2.7488065e-07 8.052001e-05 0.010106251 3.1764674e-05 8.081774e-07 0.0053594196 0.0025482578 0.0026145598 0.0071043046 0.00060304435 0.0002178004 0.003771758 0.0062043285 0.0004257224
0.57966346 0.5709979 0.25082096 0.21803781 0.9221386 0.20306917 0.22748685 0.9663606 0.13233793 0.24185017 0.11424114 0.8974029 0.17532295 1.9629989e-14 0.07269272 0.32874537 0.9442791 0.90600324 0.1663194 0.81989205 0.00011030128 0.9306411 0.01117202 0.0649899 0.0032268604 0.0015445186 0.0017723647 0.011853856 0.0014538975 0.55192524 0.047977015 6.29707e-05 4.219454e-06 9.987133e-05 7.057971e-06 0.0030790565 0.20380518 0.032731142 9.932786e-06 0.0010332734 1.8570456e-06 2.3779547e-05 1.539515e-05 0.0030173792 0.04839288 0.000621693 2.1641988e-05 6.2700224e-06 0.038883124 7.033439e-08 1.9279812e-05 0.00013566253 1.724591e-05 3.0226047e-08 6.067773e-08 0.005422308 3.4612057e-08 1.8653799e-07 1.6098718e-05 0.043108117 0.0011785666 0.028691795 1.9550944e-08 0.0055618635 4.125887e-06 3.7067064e-05 2.796907e-05 7.2672246e-06 2.1680678e-05 1.2731759e-05 0.008651729 3.7994462e-07 0.007883759 4.7563063e-07 2.1192469e-07 1.04169485e-05 2.6589337e-06 4.944564e-05 0.031667423 4.631473e-06 2.7294929e-08 8.785684e-09 1.0766267e-09 1.0495265e-09 2.6310716e-09 3.187633e-08 7.5654733e-13 1.2455849e-10 0.0003002136 0.0001741212 1.5630004e-08 7.0783614e-08 1.1399165e-05 1.9292686e-07 6.780354e-07 0.0044134795 4.6994774e-07 3.7473896e-07 0.0002598353 1.5877726e-05 9.272163e-07
0.8988418 0.0045130732 0.0006640577 0.25364888 0.10010487 0.48767385 0.25889874 0.24080987 0.007290556 0.9753434 0.97357476 0.0017925035 0.23059358 0.07269272 8.384209e-12 0.9494515 0.0022668901 0.41818509 0.64042944 0.0003780107 3.2647945e-06 0.06490907 0.78786105 0.57917124 0.18012705 0.041521683 0.007888702 0.01967698 0.19253585 0.0020144244 6.826408e-05 1.318844e-05 9.1044075e-07 0.0031088176 5.4239314e-07 0.08066942 0.0067073205 6.150107e-05 1.9405848e-06 0.077592246 0.00013794313 0.03993713 0.020174386 0.14949553 0.0014222362 0.0041423966 0.0029525186 2.5060628e-05 0.00011254339 9.597046e-08 0.0052619963 9.482976e-06 0.0015822906 2.3534268e-07 4.50597e-08 0.002443738 0.00025510066 5.5955695e-08 0.0029846907 0.0005741585 3.363583e-06 0.00040623298 1.1078456e-05 3.0017913e-05 0.0011967052 3.5852017e-07 0.0013170618 3.17564e-09 0.0013868028 8.084869e-06 2.8694334e-05 1.1054889e-05 1.7006694e-06 0.0003918269 1.8586252e-05 1.4303404e-05 0.0017889191 0.001981567 6.027677e-06 1.5384536e-09 1.8109073e-08 3.8971855e-05 1.7799836e-09 5.922924e-10 2.1148996e-09 4.6332747e-08 2.56575e-12 3.324973e-08 1.2648447e-07 3.5801347e-07 6.2601666e-09 5.985433e-09 0.0006367778 0.00019766112 0.0009599953 7.596596e-08 6.614113e-08 4.5341878e-08 0.0033734874 0.0016886952 0.0006508017
0.9685118 0.0017041673 7.69745e-05 0.14554934 0.06453099 0.3408236 0.02161575 0.51102424 0.00056787056 0.87706095 0.5241756 0.00037691023 0.062135793 0.32874537 0.9494515 3.6883487e-09 0.0061855293 0.87106025 0.97365487 0.00072309404 5.006527e-06 0.86137927 0.7431654 0.21651255 0.49000388 0.6209531 0.0007635666 0.27059278 0.54556805 0.01830044 0.00026163657 9.996843e-05 5.4498986e-07 0.06007721 2.534206e-07 0.006686985 0.55957407 0.0070458464 7.0417445e-07 0.01364422 0.0007054304 0.028290812 0.00616952 0.028479917 0.35640815 0.5507221 0.0034684674 7.659777e-06 0.007485223 2.9373526e-08 0.0021686524 1.0580346e-05 0.0016086511 1.9915298e-07 2.8083424e-08 0.43146515 0.00045947597 1.9376786e-07 0.00020930104 0.07138613 0.00486673 0.29614273 3.96172e-06 0.00019370017 0.000341131 3.683556e-06 0.0002665565 0.00023281734 0.00014741077 8.404568e-06 0.0003543156 2.7095923e-06 5.436278e-05 0.00010208187 1.3255606e-06 0.0003883449 0.00032677635 0.00027556665 0.050874308 5.543377e-05 8.277211e-08 2.422126e-07 3.5165417e-09 3.6882433e-09 4.020132e-09 2.2881024e-07 1.8049692e-08 4.682136e-06 9.639709e-06 1.0356475e-05 8.919533e-08 1.1042773e-05 3.239479e-05 2.0142197e-05 0.00023700613 1.2333138e-05 3.2209537e-06 3.0163343e-07 0.0014766275 0.00054508034 0.00016370876
0.49964103 0.6370365 0.645092 0.026934395 0.56989443 0.021341665 0.06905542 0.5429269 0.2429577 0.013581554 0.009028075 0.9698639 0.1069057 0.9442791 0.0022668901 0.0061855293 3.1711607e-13 0.0051772627 0.00034120586 0.99065644 0.004845346 0.40387064 0.00022925268 0.02830426 1.1441588e-05 2.5441452e-06 0.0015539433 9.756092e-06 2.740308e-05 0.87689507 0.45935902 0.0050116363 8.562389e-05 6.1500864e-06 0.00010365472 0.0012896301 0.0622977 0.20621587 0.0003745789 0.00015262594 1.4030247e-06 1.446497e-05 6.838211e-06 0.0003017245 0.029411461 2.6496902e-05 6.7022843e-06 6.0040777e-05 0.17556638 1.9976596e-06 1.8537961e-05 0.0007183384 6.5268714e-06 5.5152364e-06 1.313073e-06 5.9197595e-05 1.0795497e-07 3.0065872e-05 1.2847913e-05 0.006988815 1.6235696e-05 0.024206273 2.2967423e-07 0.029640352 1.0715921e-05 0.0005646776 8.907743e-06 4.946559e-07 2.3072536e-05 0.00019674019 0.058410827 9.849832e-06 0.02687336 1.5953137e-06 2.7320398e-06 1.030373e-07 1.0537493e-06 3.2600485e-05 0.024301153 7.5015185e-09 1.3211534e-06 2.555449e-07 8.229779e-08 2.4793321e-08 4.971186e-08 2.0999823e-06 4.8501818e-14 3.5085986e-11 0.002897395 0.0026721116 1.6830782e-07 6.326075e-09 3.7427002e-05 5.567042e-07 1.0547246e-06 0.03672722 8.517002e-05 5.1362476e-06 0.00017484221 1.616902e-05 5.516281e-07
0.644767 0.0009118868 5.9341506e-05 0.08127501 0.23495482 0.13854991 0.014216267 0.6589748 0.0017130569 0.58349997 0.13979885 0.00080819626 0.01056079 0.90600324 0.41818509 0.87106025 0.0051772627 1.1037547e-13 0.966934 0.00069138804 4.19998e-07 0.8473944 0.36259812 0.018646166 0.83229244 0.7857841 0.00028827984 0.98186034 0.1436681 0.003867704 1.11126665e-05 3.6826077e-06 2.105831e-07 0.046494413 3.2866825e-07 0.0017031446 0.206226 0.00018346634 5.85614e-07 0.0021864078 0.0007466204 0.01172013 0.00088842906 0.0045419205 0.04649933 0.08733589 0.0010920586 2.3307325e-06 0.0010067287 2.5562107e-08 9.010068e-05 1.7789891e-05 0.0013758492 2.7595505e-08 2.8659342e-08 0.14630096 4.346451e-05 3.7945522e-08 3.359545e-05 0.17107777 0.018750407 0.015158039 1.7030055e-07 3.6296708e-05 2.2922304e-05 9.5129394e-08 0.00013612986 0.0024033322 9.998792e-06 3.1011922e-07 6.608971e-05 4.273951e-07 9.340426e-06 3.3572312e-06 1.9335494e-07 0.00017040771 2.9738616e-05 7.794806e-05 0.0051151817 2.7177332e-05 1.4897082e-08 9.248345e-09 1.0324356e-09 2.5064617e-09 1.2550243e-09 6.3181047e-09 3.2871175e-13 5.026931e-10 4.5322254e-06 1.527948e-07 1.5616655e-08 1.1827032e-06 1.725578e-05 1.1736564e-07 7.0539404e-06 1.0966673e-07 3.1196887e-08 1.4262619e-07 0.0008033115 3.4470693e-05 3.557347e-06
0.87338006 0.00015089687 4.1884346e-06 0.010739842 0.004320323 0.059288565 0.0035601421 0.06758941 7.5553304e-05 0.51216054 0.16645654 3.486924e-05 0.008785417 0.1663194 0.64042944 0.97365487 0.00034120586 0.966934 4.3307669e-10 6.235036e-05 6.6191325e-07 0.76817334 0.82958746 0.038975835 0.9227165 0.7481976 6.742137e-05 0.58719784 0.67811775 0.0027452048 2.8712348e-05 3.473058e-05 2.5045074e-07 0.17932127 9.326255e-08 0.0024986865 0.4495499 0.00083552476 1.679703e-07 0.0057802335 0.0026814563 0.070392564 0.005447106 0.018018885 0.25161162 0.6923823 0.00991526 2.4463518e-06 0.0021412743 9.1629415e-09 0.0006863378 8.526823e-06 0.0031614443 1.9006002e-08 3.384382e-08 0.58191913 0.00068531197 9.949201e-09 2.5842775e-05 0.10969963 0.007790207 0.1858192 5.388895e-06 6.614634e-05 0.00039658954 7.255019e-07 6.0681752e-05 0.0011277483 2.4069952e-05 3.3405793e-06 0.0001252341 2.0061985e-07 2.361561e-05 4.9086168e-05 1.5919701e-06 0.000765533 5.5219236e-05 0.00012011058 0.01682512 7.280228e-05 2.1714062e-08 1.13724745e-07 1.4456183e-09 3.6519896e-09 4.146242e-09 6.692308e-08 1.0213424e-08 1.3598011e-06 5.1260404e-06 2.153804e-06 6.642989e-08 2.1342234e-05 5.7904836e-06 5.777218e-06 3.9820367e-05 5.455208e-07 5.651912e-07 3.66158e-07 0.00069913943 0.00015304748 5.990317e-05
0.3289383 0.3329063 0.4623155 0.008596168 0.27740735 0.0071867555 0.030525927 0.20659913 0.19934213 0.0031996411 0.0029876085 0.970261 0.05672573 0.81989205 0.0003780107 0.00072309404 0.99065644 0.00069138804 6.235036e-05 1.0829957e-15 0.011856484 0.28449768 3.5536465e-05 0.011686925 1.5421165e-06 1.0244632e-06 0.002150708 3.2080354e-06 5.5969194e-06 0.9481982 0.5379199 0.013396679 0.00043000767 1.6373406e-06 0.0009787404 0.0009829334 0.031630058 0.18445727 0.0036877845 6.578574e-05 7.8057765e-09 9.03973e-08 7.811736e-07 0.00016300319 0.007966192 1.8884344e-07 7.4828483e-07 0.00024295883 0.038438138 9.199959e-06 5.8318547e-06 0.0025084731 1.9136144e-07 6.548528e-05 2.0534264e-06 2.597612e-06 8.129766e-10 6.608253e-05 1.5156022e-05 0.0016905514 4.862377e-08 0.0016567778 4.26802e-09 0.035935912 4.7459847e-07 0.0013006931 2.0004938e-05 1.9508294e-08 3.913603e-05 0.00028407908 0.016499907 5.2923075e-05 0.034384757 1.3814277e-07 7.168065e-06 2.079123e-09 1.870913e-06 7.107228e-05 0.0063276784 1.7313793e-10 6.97902e-07 4.6410824e-07 3.624558e-07 7.1675245e-08 1.902106e-07 4.5676024e-06 5.0365516e-16 1.8205554e-12 0.00030722338 0.0023141548 1.9032402e-07 9.0516433e-10 0.00016415495 8.395432e-07 8.247533e-07 0.008166737 9.557813e-05 1.0677667e-05 0.00016982722 2.5006078e-05 1.2213027e-07
0.9929904 0.00028078043 0.07034551 0.0005239897 0.0041485764 0.00016009177 0.021832528 0.00010788042 0.8854998 5.7603313e-05 0.00025451454 0.112278745 0.2372534 0.00011030128 3.2647945e-06 5.006527e-06 0.004845346 4.19998e-07 6.6191325e-07 0.011856484 4.7966455e-15 2.1310016e-05 9.72125e-07 0.14411551 4.2502887e-08 1.813005e-08 0.5669773 1.3892873e-07 6.0815374e-08 0.038335238 0.17826454 0.9671833 0.633854 1.3942342e-07 0.8108318 0.03447082 0.00031296897 0.03759161 0.68036115 0.0012439564 2.1325728e-09 2.67512e-06 1.0554275e-05 0.0021443672 0.0007250607 1.1822036e-06 2.5114267e-07 0.1407255 0.0135496445 0.0075160423 5.56129e-05 0.53560877 3.8542566e-06 0.038292684 0.0012151888 7.2800184e-09 2.818635e-08 0.04447814 0.013281611 5.660797e-05 3.7475678e-07 0.00060001307 7.974396e-09 0.8235248 5.7308216e-06 0.7361518 0.00036890403 3.31352e-08 0.069808275 0.30025512 0.2651986 0.012740044 0.42713305 3.946715e-06 0.003438287 2.8898587e-06 4.2361764e-05 0.010743889 6.19079e-06 2.7282218e-07 0.00095307425 0.0053983936 0.00029616815 3.9376623e-06 8.591877e-05 0.009737053 1.0429493e-09 9.481066e-10 3.1228337e-05 0.4664999 8.259694e-05 1.2723383e-07 0.010204275 0.006426841 5.434945e-05 0.045703225 0.49673498 0.11287581 0.00080594374 0.004753042 2.8172537e-06
0.9507958 0.5103037 0.009299404 0.015010553 0.36574283 0.05222227 0.033443376 0.8988069 0.00201436 0.14585339 0.036866896 0.010204246 0.10291797 0.9306411 0.06490907 0.86137927 0.40387064 0.8473944 0.76817334 0.28449768 2.1310016e-05 1.5196464e-12 0.042815983 0.04936323 0.009682308 0.23490526 7.068958e-06 0.3239329 0.07230406 0.5548204 0.0015616671 2.4135828e-05 1.7868378e-07 0.0035994987 4.0093198e-07 0.00011507206 0.97581524 0.15931235 2.7227204e-06 0.00038632913 3.949526e-05 0.0005739423 2.4724814e-05 0.001516085 0.6400545 0.33441335 0.0003339442 6.311619e-07 0.32555398 8.869787e-09 6.7524043e-06 3.309565e-05 0.000887324 7.3670726e-08 2.126526e-08 0.4452465 2.5120327e-05 2.1981016e-07 8.5557085e-06 0.36491734 0.027898759 0.62528086 8.2723534e-07 0.004994619 8.889252e-06 5.476911e-06 3.5089156e-06 0.00058157847 2.3107175e-05 1.8245466e-06 0.022845317 3.662858e-07 0.009320157 9.626235e-07 4.1241066e-07 0.005116507 6.68118e-06 2.205287e-05 0.58539015 0.00064859283 6.025834e-09 4.353495e-09 2.8130279e-08 4.0796622e-10 1.1553917e-08 2.0959463e-08 5.248363e-09 2.0111446e-07 0.004609298 0.0011925956 1.6647894e-08 2.2584818e-05 8.8374657e-07 1.8051413e-08 5.572067e-07 0.003491576 1.6207576e-06 4.64468e-08 0.00048108055 6.7491205e-06 6.897923e-07
0.91599125 0.00018985658 1.6780283e-05 0.006593413 0.0031696332 0.026314868 0.0049759466 0.017132351 0.00026393993 0.3137146 0.13028315 4.901395e-05 0.005991754 0.01117202 0.78786105 0.7431654 0.00022925268 0.36259812 0.82958746 3.5536465e-05 9.72125e-07 0.042815983 1.5616095e-11 0.12356515 0.97942555 0.37954894 0.0010378119 0.12851776 0.986288 0.00010957794 4.083773e-06 2.6830458e-06 4.8208517e-07 0.13826464 4.0990585e-07 0.025101397 0.006375826 1.2627024e-06 4.987291e-07 0.10477607 0.06752446 0.5661288 0.14010623 0.32388076 0.0005792274 0.10436431 0.10350224 3.6810332e-05 9.533869e-07 6.1867524e-08 0.016527465 6.048704e-07 0.0460454 3.760523e-08 1.6414751e-07 0.025806349 0.014352588 8.7348395e-09 0.0046835723 0.00370998 5.91937e-05 0.0002768397 0.0004417815 7.073135e-07 0.027862458 2.4399721e-08 0.004648246 1.7348837e-06 0.0024516091 9.552285e-08 8.349239e-06 3.6589918e-06 3.9477126e-08 0.007438303 1.6914602e-05 0.0003383427 0.0040163924 0.004723046 5.7813213e-07 2.0341362e-08 2.1030143e-08 3.781437e-05 2.3724414e-09 1.5667484e-09 3.1502978e-08 5.8378995e-09 8.23372e-08 7.514285e-05 3.4374337e-09 3.7007812e-08 3.9212424e-09 2.0897801e-07 0.00042066327 0.00020886435 0.0037689353 1.5215752e-08 1.46867e-08 1.5558294e-08 0.01280087 0.004904051 0.004147425
0.98344857 0.3889649 0.36116144 0.36490616 0.28932524 0.3803172 0.8008296 0.22850597 0.51214516 0.4681873 0.9387569 0.0401169 0.92509127 0.0649899 0.57917124 0.21651255 0.02830426 0.018646166 0.038975835 0.011686925 0.14411551 0.04936323 0.12356515 1.8630518e-10 0.005421864 0.0012638405 0.7407751 0.001772865 0.018641181 0.03892464 0.02233451 0.04617041 0.013799835 0.000428474 0.01193742 0.9393166 0.018779965 0.007852979 0.00721259 0.6496236 0.00011723919 0.04022057 0.17561169 0.5759757 0.0024026814 0.00023695483 0.0051040794 0.015012221 0.0035576054 0.00055963756 0.15691629 0.0047066095 0.0005601916 0.0009835677 0.00015444272 3.5663013e-06 0.0010822883 0.000668098 0.20212522 0.00035206994 7.4889567e-06 0.0013244505 4.102586e-05 0.013062287 0.011528671 0.0008240595 0.05615032 1.9841212e-07 0.07493174 0.0032550064 0.0030504833 0.007182542 0.004140477 0.0021976365 0.0021706987 9.913353e-05 0.0064047957 0.06491116 4.862978e-05 2.9376508e-07 0.00015450327 0.0064058187 2.1951857e-05 9.249144e-06 0.00011994437 5.1955358e-05 2.4671191e-08 1.0973384e-06 7.843959e-06 0.0030431554 2.4104225e-05 1.4360432e-06 0.022399262 0.009179837 0.014720285 0.0020299593 9.2208866e-05 6.403217e-05 0.033594154 0.027381647 0.0076548858
0.43243566 1.1083412e-05 1.1955813e-06 0.00021688777 4.7175196e-05 0.0012545034 0.00027244142 0.00032061577 1.5838707e-05 0.044983972 0.011262419 3.226343e-06 0.00060209446 0.0032268604 0.18012705 0.49000388 1.1441588e-05 0.83229244 0.9227165 1.5421165e-06 4.2502887e-08 0.009682308 0.97942555 0.005421864 1.0791409e-13 0.97731394 2.4675652e-05 0.7538486 0.79043114 4.451228e-06 4.1687028e-07 8.0192585e-08 5.3171544e-08 0.9466258 2.3286374e-08 0.0016799017 0.0032712976 4.168727e-07 1.1066244e-08 0.0065595075 0.58091086 0.42253628 0.012907805 0.017772842 0.0004026141 0.12504433 0.09883189 3.392365e-07 7.555946e-08 8.783271e-09 0.00059596356 6.3335494e-07 0.07180303 7.1700645e-09 1.7420573e-08 0.090043396 0.0059364573 9.112498e-10 6.609955e-05 0.019825555 0.00017921154 1.135363e-05 0.001220776 6.6928147e-09 0.0017374111 2.0092255e-09 0.00018839097 0.00015756126 3.92172e-06 1.6190103e-08 4.1764267e-07 1.0120138e-07 1.8084384e-09 0.00084019563 1.7736335e-06 0.0043258555 0.00031877003 0.0001338463 2.674134e-07 4.199193e-08 2.3881317e-09 1.894816e-08 3.943968e-10 6.623692e-09 1.5713183e-09 9.2030294e-10 1.1871531e-08 6.0681174e-05 6.367533e-10 1.9450102e-09 2.4519513e-09 1.1412571e-06 3.2697676e-06 1.461494e-06 0.00022974535 1.5415076e-10 2.0380655e-09 3.060218e-08 0.0009398727 0.000127235 0.00016060821
0.7477931 7.0676233e-06 1.8690315e-06 1.885307e-05 1.6737687e-05 0.00018869575 0.000107570675 0.0003017136 2.3960856e-06 0.018806042 0.0026636876 1.0811051e-06 0.0004903604 0.0015445186 0.041521683 0.6209531 2.5441452e-06 0.7857841 0.7481976 1.0244632e-06 1.813005e-08 0.23490526 0.37954894 0.0012638405 0.97731394 1.6821337e-12 2.3213072e-06 0.98828244 0.74488175 1.0041019e-05 1.0653625e-06 5.0265867e-06 9.289683e-08 0.90123177 2.1683968e-07 0.00011340208 0.23623098 6.66886e-05 2.007634e-07 0.00045133615 0.036253296 0.08534669 0.0017696725 0.0010557129 0.1548931 0.78906006 0.07088904 1.7848518e-07 0.0020490165 2.8356573e-09 6.459817e-05 8.019924e-06 0.023662068 1.2865453e-08 9.116854e-08 0.7299928 0.007847618 1.9631013e-07 8.449803e-07 0.11810645 0.025231468 0.10343468 0.00030379763 3.5900896e-06 0.00022186623 1.6625388e-07 9.034793e-06 0.010489863 5.1266187e-07 3.5291504e-07 3.874838e-05 5.736333e-08 2.7710132e-07 0.00020100431 2.359771e-07 0.009147647 3.6233072e-05 1.2885616e-06 0.004205486 0.00023804657 6.5399995e-08 2.8642986e-09 5.5289417e-09 5.6555702e-08 1.05058255e-08 2.5384765e-08 6.119001e-07 7.4811156e-05 4.9927587e-07 1.534695e-07 1.5995039e-07 0.00065394107 3.2967753e-07 3.033295e-08 1.0577642e-05 1.6025245e-08 5.6729243e-07 5.129096e-08 0.0006773123 6.342135e-06 1.5201808e-05
0.98837376 0.005225909 0.04569406 0.048200354 0.030479072 0.017715225 0.47200763 0.0019969142 0.9659833 0.008254285 0.12354582 0.066338316 0.6372905 0.0017723647 0.007888702 0.0007635666 0.0015539433 0.00028827984 6.742137e-05 0.002150708 0.5669773 7.068958e-06 0.0010378119 0.7407751 2.4675652e-05 2.3213072e-06 2.0333599e-16 4.0801997e-06 5.7371846e-05 0.0003566305 0.0012616637 0.0741244 0.769371 5.478844e-06 0.4225916 0.9355516 1.5037954e-06 2.098916e-05 0.3045505 0.38703495 2.3011205e-07 0.001242549 0.013952014 0.09976126 7.48227e-07 2.697023e-07 2.2411134e-05 0.7467278 1.8495597e-07 0.08088037 0.065365724 0.019356132 2.9659082e-05 0.13920985 0.036492426 1.5274606e-08 3.5356336e-06 0.08106667 0.41756448 8.0675235e-08 8.1111795e-10 2.8052738e-05 1.2098826e-07 0.0034400662 0.00039524838 0.0062368503 0.018854333 2.0395432e-09 0.5670537 0.030564094 1.4926116e-05 0.4078202 0.0001705939 0.00043101166 0.20634454 8.537592e-09 0.0027345803 0.12516074 7.949297e-08 3.08958e-10 0.0014478399 0.16130473 0.0012096497 0.00029416953 0.00082117366 0.0010265033 4.9417675e-11 4.71169e-08 1.7066434e-08 0.00014083576 0.00035504485 1.8708832e-09 0.39330763 0.5046299 0.0068932115 3.2877251e-06 0.0001966046 0.00040179284 0.022785813 0.1362546 0.00011651625
0.26657918 8.602376e-06 1.3934213e-06 7.701467e-05 8.764546e-05 0.00026743603 0.00022233094 0.0019768255 2.3424034e-05 0.014614265 0.002162034 5.77616e-06 0.0007647942 0.011853856 0.01967698 0.27059278 9.756092e-06 0.98186034 0.58719784 3.2080354e-06 1.3892873e-07 0.3239329 0.12851776 0.001772865 0.7538486 0.98828244 4.0801997e-06 6.94074e-15 0.1657815 0.00010200878 4.656025e-06 4.7413e-06 2.9082761e-07 0.8914724 7.2519475e-07 0.0001448777 0.15210474 4.40517e-05 4.9899216e-07 0.00016123927 0.03335922 0.006780329 0.0001352169 0.0016956344 0.05516952 0.70326656 0.0042635426 7.873112e-08 0.0004366716 4.5310323e-08 2.8002914e-05 2.3357492e-05 0.0034341053 1.0809832e-08 4.1838913e-08 0.4044425 0.000355035 7.336514e-09 5.5608684e-06 0.2623631 0.03435184 0.004410095 3.6860688e-06 6.9268003e-06 6.043644e-06 4.8191873e-07 2.8422339e-05 0.027200552 3.7924613e-06 9.453844e-08 6.531246e-05 2.7211394e-08 3.5092114e-07 3.107384e-06 6.40652e-09 0.08928708 5.1152233e-06 1.1852929e-05 0.002644456 0.00039120918 3.5588844e-08 7.630729e-10 1.7009003e-09 8.290669e-09 1.8667627e-09 3.020857e-09 2.833354e-09 7.2522585e-07 3.0253589e-06 3.2823442e-07 3.8864123e-08 9.9233235e-05 2.073285e-06 3.5121843e-09 1.5735942e-06 7.70859e-08 4.1483556e-08 2.7353755e-07 0.0004007409 6.288646e-06 1.1143258e-06
0.9701358 3.746279e-05 5.201458e-06 0.00042235243 3.1941654e-05 0.0016408163 0.00018144808 0.0006970862 8.839113e-06 0.026921108 0.00853312 1.5574714e-06 0.00080583856 0.0014538975 0.19253585 0.54556805 2.740308e-05 0.1436681 0.67811775 5.5969194e-06 6.0815374e-08 0.07230406 0.986288 0.018641181 0.79043114 0.74488175 5.7371846e-05 0.1657815 8.7385504e-10 9.933582e-06 2.006163e-06 8.235268e-06 2.3962452e-08 0.58655834 2.8659723e-08 0.00400202 0.05398749 1.1558502e-06 9.892433e-09 0.032155037 0.30554703 0.921299 0.13978647 0.075030744 0.019340511 0.8791005 0.73320305 1.2799637e-06 4.3867303e-06 7.485896e-09 0.0078094346 6.1861596e-07 0.23574956 6.142562e-09 2.5178236e-08 0.32714018 0.06339017 7.2963102e-09 0.0012766394 0.01643985 0.0013300045 0.007288064 0.0045347684 5.016436e-07 0.059866276 1.4542884e-07 0.0027563185 0.00016911821 0.00046218626 5.0388778e-08 2.490152e-06 6.815606e-06 2.738116e-07 0.017192796 2.1060068e-06 0.0075525143 0.009245988 0.0012299985 1.7783565e-05 6.2758077e-06 3.791376e-08 9.4906335e-07 6.2179337e-09 2.2700439e-08 7.8191775e-08 1.6770562e-08 7.418467e-05 0.012961156 1.52285e-08 1.2140669e-07 2.0318833e-08 3.064311e-05 0.00010198067 1.1002059e-05 0.008465613 4.2015326e-08 7.3669604e-08 2.0392875e-08 0.014268915 0.0011291774 0.011481665
0.8614721 0.9368205 0.9339729 0.012952759 0.5047193 0.02368197 0.0969934 0.6751375 0.12608801 0.013177762 0.008504406 0.6553199 0.24897884 0.55192524 0.0020144244 0.01830044 0.87689507 0.003867704 0.0027452048 0.9481982 0.038335238 0.5548204 0.00010957794 0.03892464 4.451228e-06 1.0041019e-05 0.0003566305 0.00010200878 9.933582e-06 7.637203e-15 0.9437714 0.031025179 0.00025660565 1.2833071e-05 0.0013197374 0.0004961425 0.47795466 0.9541285 0.0061512133 0.00018710217 5.916449e-08 1.5582543e-06 1.7473369e-06 6.5883934e-05 0.33156595 6.620288e-05 3.1333689e-06 0.00020193927 0.8196511 8.460156e-07 2.9746968e-06 0.009974422 2.4410288e-06 1.7802027e-05 8.760292e-07 0.00035144162 1.7867876e-08 4.932171e-06 1.2416882e-05 0.05486672 0.00019320499 0.16262276 2.147337e-08 0.46154103 1.3568825e-06 0.009909016 6.8348536e-06 1.1291713e-05 7.11965e-05 0.0007243592 0.58390856 8.785181e-07 0.48128438 3.65462e-07 2.4501364e-06 5.1522882e-05 7.386493e-07 0.00015384721 0.2929849 1.7734756e-05 1.0419959e-07 1.5941359e-07 3.9619408e-07 7.1425704e-10 2.1854035e-07 1.8234472e-06 1.6480267e-11 8.6497176e-10 0.027052417 0.2458949 3.4273597e-08 2.0793543e-06 9.761756e-05 1.412002e-06 9.193472e-07 0.6240868 0.001390682 1.648684e-05 0.00020067947 1.7401802e-05 1.2910868e-06
0.82607967 0.7855914 0.9239221 0.0041112485 0.24784783 0.0034886817 0.05413136 0.261787 0.1462627 0.00082561467 0.0013852925 0.45954695 0.19427633 0.047977015 6.826408e-05 0.00026163657 0.45935902 1.11126665e-05 2.8712348e-05 0.5379199 0.17826454 0.0015616671 4.083773e-06 0.02233451 4.1687028e-07 1.0653625e-06 0.0012616637 4.656025e-06 2.006163e-06 0.9437714 3.2587245e-14 0.38148695 0.004094269 2.8749145e-07 0.020460203 0.0005312996 0.008357089 0.98499644 0.077844106 5.002506e-05 1.9438455e-09 1.8677629e-06 3.1894515e-06 3.686095e-05 0.030787565 1.5659712e-06 5.5595533e-06 0.0016619026 0.7255717 6.885941e-05 2.059192e-06 0.061186265 9.631484e-06 0.00028011127 2.5159505e-05 9.64512e-07 6.7843544e-08 0.00014198151 9.17196e-06 0.0013735085 3.467688e-06 0.038576983 3.4462783e-08 0.65129226 3.491016e-07 0.032170434 5.883278e-07 1.3206022e-07 0.00021807037 0.0059413738 0.9344193 0.0003843603 0.7526483 8.7534687e-07 0.00012809639 1.134408e-06 3.0535334e-06 8.654293e-05 0.068092026 9.257165e-06 1.242777e-05 2.7219327e-05 1.1043689e-05 3.8495452e-07 5.340924e-06 0.00040624748 3.019156e-10 7.307978e-10 0.10651601 0.3967817 3.5433804e-06 2.556451e-07 6.646339e-05 1.5536905e-05 5.058322e-07 0.8508898 0.005937587 0.0004806158 7.955245e-06 8.915622e-06 6.58556e-07
