1.0360057e-17 0.9332522 0.9545516 0.97330445 0.9519065 0.957278 0.9216675 0.91049314 0.9593474 0.8474298 0.9309275 0.3428588 0.9020803 0.9448526 0.29735148 0.8837323 0.97674674 0.09333795 0.9289161 0.68944836 0.97214985 0.82067925 0.2685215 0.9826735 0.09372886 0.8440059 0.9116116 0.96250325 0.95566773 0.97668916 0.9811988 0.0075292746 0.9255579 0.95079046 0.95251065 0.93866515 0.98519677 0.9578311 0.98390746 0.9529613 0.00044347165 0.0006161549 0.043963496 0.80693614 0.96224225 0.9846482 0.9656522 0.95466846 0.9798343 0.9498392 0.9752588 0.86537987 0.2142685 0.941016 0.98569167 0.00015406864 0.94263023 0.9008133 0.97985315 0.0027796337 0.95156264 0.9951022 0.96617144 0.92721 0.9292683 0.9829268 0.96024454 0.979926 0.9876462 0.9691684 0.5922483 0.07303629 0.9903966 0.0002599396 0.9998458 0.96898544 0.9635899 0.9732798 0.00023975187 0.9559406 0.9837775 0.38321003 0.7990376 0.00058447226 0.965507 0.0010198442 0.997395 0.99737483 0.0050659506 0.055613548 0.19298771 0.97932935 6.176663e-05 0.9696993 5.5886577e-08 0.9771762 0.99439985 0.048534296 0.9952766 0.996175 2.7038952e-08
0.9332522 1.3064737e-12 0.8469258 0.93091106 0.9531287 0.7928957 0.932974 0.93327194 0.81718117 0.04872631 0.021325042 0.5170012 0.27770004 0.05157004 0.0057020565 0.039886557 0.6314426 1.4729729e-05 3.1419764e-05 0.009406197 0.24010685 0.6387326 7.072687e-06 0.001269026 0.1089891 1.3364788e-05 4.389836e-06 0.065847576 8.368266e-06 1.8073886e-05 0.017851315 0.0029559121 0.0072870003 1.2343393e-06 8.4055536e-08 1.5174577e-07 0.023014737 1.6903925e-07 0.00087967265 0.025643295 0.0019928077 0.0003058716 0.06063196 4.0486166e-06 6.829788e-05 5.7039247e-06 3.0224993e-07 7.815111e-05 1.0043537e-05 4.359904e-08 0.007952219 0.0042283726 3.814073e-07 3.450544e-06 0.006229188 9.500532e-05 0.000444216 1.563055e-05 0.0041500838 0.02436247 0.0019951677 5.478413e-07 0.0011038336 0.0020273952 0.001199648 0.002126501 7.987626e-05 0.06663321 0.00090708723 0.0041996245 0.0055166995 0.088478856 8.88567e-05 0.0017699914 1.731425e-05 0.0009772487 0.00053314766 0.0017314894 2.8321558e-08 0.000540792 0.0005650514 0.00327817 0.0015465195 1.914633e-05 0.0033570316 5.875022e-06 0.0009102316 0.007971988 3.705238e-08 0.0025964852 0.0005217254 0.002902568 1.7685403e-05 0.0011762183 4.925848e-10 0.00043667582 0.0017958788 0.0009191781 0.003324428 0.0054018125 2.7662996e-13
0.9545516 0.8469258 8.896319e-13 0.44200635 0.30438927 0.9356383 0.7110401 0.6739133 0.52395576 0.8291678 0.6753005 0.9688635 0.4286675 0.45889568 0.028041853 0.229358 0.036831472 8.9828274e-05 4.0188483e-05 0.047579587 0.03950956 0.79704285 3.229186e-05 0.00072568434 0.8664814 1.6613662e-05 1.1492602e-05 0.0017585395 5.2118057e-06 7.0530527e-06 0.0001027521 0.05875248 7.1004666e-05 8.7478605e-07 3.4817597e-07 5.531996e-07 0.0064394264 1.775203e-07 0.0005490938 0.0021533205 0.15864657 0.057376094 0.44023705 1.1258467e-05 5.7661575e-05 3.9179554e-06 1.0780379e-06 2.673535e-05 2.7744518e-06 5.131281e-07 0.0017471396 0.00033921195 4.5346053e-05 4.2689835e-06 0.0001821565 0.015865806 0.00043412048 3.7626127e-05 0.00026940941 0.44713393 0.00024422817 2.5048632e-07 0.00064876204 0.0001408488 9.81226e-05 0.00044248835 4.5279423e-05 0.00042237013 0.000302136 0.0007281571 0.00010751016 0.0466143 3.429085e-05 0.121120304 1.1282672e-05 2.077193e-05 0.00022394332 0.00016881687 1.228724e-08 0.00021246471 0.00015391501 0.00021284964 4.9181526e-05 0.0004235383 0.0009210516 0.00027169415 6.526471e-05 0.00037204497 5.1908382e-06 0.000644142 6.974532e-06 0.001174095 0.003500388 0.00015210357 9.721958e-08 1.0405262e-05 0.0001766648 0.00010913762 0.001008417 0.0009988504 2.0688527e-10
0.97330445 0.93091106 0.44200635 9.730714e-12 0.9511527 0.52897745 0.89689213 0.8777272 0.8415137 0.058780354 0.016223274 0.14276306 0.16149227 0.03206042 0.0034485373 0.01772637 0.8397918 2.4120483e-05 7.636911e-06 0.0024750663 0.37046126 0.6337464 1.0730689e-05 0.00026353853 0.053018685 4.823609e-06 9.278036e-07 0.28338534 1.9007526e-06 2.1131893e-06 0.06499697 0.00091387733 0.019042196 1.2852851e-07 1.2138699e-07 7.66294e-08 0.033834506 2.8434089e-08 0.0005590095 0.09627158 0.00094670546 0.00014720524 0.027730793 2.893998e-06 1.7096076e-05 2.0678233e-06 1.9279075e-07 1.7449982e-05 3.449203e-07 6.787409e-08 0.01322964 0.0138787 8.0930033e-07 1.0272682e-06 0.020948423 0.00012383446 0.0003442163 8.173628e-06 0.011790038 0.008742895 0.0041656513 5.155558e-08 0.001831472 0.0051551196 0.0030897092 0.0036602854 8.811764e-05 0.44129944 0.0006373884 0.009065559 0.08122106 0.16034295 0.00015299203 0.000541066 4.5288552e-06 0.0062386882 0.000683328 0.0025229834 4.311921e-08 0.00080966245 0.00026660663 0.024768647 0.0058153546 3.868047e-06 0.0075186975 5.429205e-07 0.00036111058 0.015252199 8.03175e-08 0.042536046 0.00080606213 0.0050133234 2.7428754e-05 0.0026561776 6.847337e-09 0.0026332862 0.0030570533 0.002101985 0.0049520424 0.006658739 2.1589848e-11
0.9519065 0.9531287 0.30438927 0.9511527 1.1367073e-11 0.41333866 0.940996 0.93213135 0.74055535 0.017558012 0.004194159 0.1253756 0.07232273 0.009498482 0.0016290002 0.004360372 0.753965 3.8163926e-06 7.3429587e-06 0.0013228303 0.2139256 0.66220796 4.1085473e-06 8.563279e-05 0.056132693 5.4390753e-06 2.7707407e-07 0.45752186 3.794203e-07 5.932051e-07 0.11359275 0.00079753366 0.031223813 4.2815984e-08 3.055989e-08 3.966604e-08 0.019984799 2.717317e-08 0.00018411591 0.076268256 0.00075507065 6.587244e-05 0.039512094 6.912495e-07 7.1898367e-06 7.1780283e-07 5.2114178e-08 1.6386753e-05 2.1194774e-07 1.06800435e-08 0.010097354 0.012460628 1.0023452e-07 3.2352582e-07 0.02190372 3.0067045e-05 0.0003755606 1.4321045e-06 0.010611542 0.01220301 0.00278914 2.5610467e-08 0.0010215394 0.0061056637 0.004761272 0.0023483746 8.838199e-05 0.5151591 0.00063068693 0.006738526 0.07453771 0.1908414 0.00012893655 0.00054787553 8.546826e-06 0.004888096 0.00046354742 0.0019588114 8.402648e-09 0.00062057195 0.00026464465 0.037019607 0.006357462 4.953215e-07 0.005820437 1.11134824e-07 0.0006719629 0.022192804 1.0112202e-08 0.025789656 0.0015938965 0.0037102806 1.5430014e-05 0.0019302525 1.0122039e-09 0.0028157767 0.0035449069 0.0018980781 0.005391733 0.007142946 1.2033138e-12
0.957278 0.7928957 0.9356383 0.52897745 0.41333866 6.6035363e-12 0.38027573 0.32011843 0.96239936 0.5244304 0.51321846 0.3937519 0.9523177 0.6826359 0.041497774 0.6722629 0.40229556 0.002107296 0.000675972 0.09437295 0.703444 0.13528019 0.00019212975 0.18979652 0.021058159 0.00030916915 0.00062690635 0.008373994 7.394134e-05 0.00029517023 0.00092535384 0.0005409845 0.0007882248 1.38661235e-05 4.360671e-07 2.9100542e-07 0.14590444 1.5690656e-06 0.01544557 0.025350822 0.00040501042 5.5279088e-05 0.0031515767 1.0271443e-05 0.0004668715 5.1198087e-05 2.534153e-07 0.00037712778 0.0001948377 7.3824157e-07 0.026712663 0.0015484816 1.5454909e-06 1.2550268e-05 0.0017388243 5.104001e-06 0.0044109696 0.00016255937 0.0014760834 0.0016795422 0.0030807012 1.2999504e-06 0.004360599 0.000812595 0.00050712336 0.0030794104 0.00035452397 0.0001892306 0.0030172078 0.0069408193 6.832973e-05 0.0037335153 0.00064128655 0.00022971816 9.84746e-05 5.5317432e-05 0.0014350206 0.0012981319 2.7115442e-08 0.0011229211 0.002974907 5.4871874e-05 3.67487e-05 4.727133e-06 0.0048332517 1.074166e-06 0.0009174883 0.0036502858 3.3831103e-08 0.00012505996 1.5490265e-06 0.003551693 3.856939e-05 0.0012563837 1.0090272e-09 1.8954695e-05 0.00096761785 5.996481e-06 0.0046849856 0.0060969447 2.3097268e-12
0.9216675 0.932974 0.7110401 0.89689213 0.940996 0.38027573 5.5774244e-15 0.95674807 0.53129613 0.004070072 0.0007828285 0.21896785 0.0223516 0.002484271 0.00025566423 0.0007020174 0.41949397 1.6966476e-07 4.3144902e-07 0.000435384 0.05247203 0.9338445 6.491027e-07 2.6751164e-05 0.2676953 2.2633179e-07 4.3281037e-08 0.18542504 2.8080788e-07 3.865843e-07 0.030708147 0.0026959395 0.0118173305 2.6591744e-08 8.69896e-09 1.43894265e-08 0.0047190273 1.11740315e-08 7.585958e-05 0.017700836 0.01684111 0.00013764405 0.3119359 6.466593e-08 4.0449468e-06 5.214513e-07 5.6053754e-08 3.537735e-06 1.3795687e-07 6.723532e-10 0.004422743 0.005441449 4.1487276e-08 3.861856e-07 0.006092771 0.00023579277 0.00012542533 6.394465e-07 0.0033519801 0.19825092 0.0008143211 5.990782e-08 0.00042696475 0.0018076145 0.002193134 0.0010914735 3.4445817e-05 0.6569738 0.00044335745 0.0035461343 0.17629662 0.579995 2.9351422e-05 0.005294713 6.1628975e-06 0.0038321195 0.00022994942 0.0017079178 2.0755857e-08 0.00030205044 0.00014338046 0.041261263 0.00469327 3.0778247e-05 0.003245 4.998874e-06 0.00041372524 0.018976519 7.933934e-09 0.05498765 0.0007449363 0.0032489588 0.003530344 0.0012307501 7.203095e-10 0.002753817 0.001726095 0.00093398796 0.002895768 0.006374698 1.10880624e-13
0.91049314 0.93327194 0.6739133 0.8777272 0.93213135 0.32011843 0.95674807 1.2607866e-14 0.45366925 0.005972753 0.00054217083 0.23410212 0.019704796 0.0020806359 0.00015507944 0.00063488615 0.3715456 1.0562672e-07 2.3668392e-07 0.00028401517 0.039026283 0.9514878 2.2755961e-07 1.3037041e-05 0.28653154 1.4633997e-07 2.0641604e-08 0.1657757 6.572086e-08 1.7773425e-07 0.0239232 0.0016637826 0.0093648 1.1153207e-08 2.583161e-09 1.04824265e-08 0.0033094736 8.115408e-09 3.0354407e-05 0.013183021 0.015514889 0.000102222744 0.33792782 3.7807894e-08 1.6936804e-06 1.527243e-07 2.3768948e-08 2.1617616e-06 6.72663e-08 4.154694e-10 0.0030931127 0.0046361024 2.2037886e-08 1.5427938e-07 0.006318748 8.5616455e-05 6.4344116e-05 1.9932266e-07 0.0027639887 0.21527666 0.0005147276 1.708979e-08 0.00021461255 0.00205719 0.002744858 0.00070675695 2.134158e-05 0.7129995 0.0002169012 0.0022311844 0.18461119 0.62870884 2.013872e-05 0.00500337 4.409291e-06 0.0038044488 8.860556e-05 0.0010442811 4.995487e-09 0.00012878553 6.976339e-05 0.05447157 0.0047984687 9.236609e-06 0.0017737605 6.008055e-06 0.0002636305 0.013702631 2.5898705e-09 0.07730672 0.000565309 0.0022166383 0.0059978683 0.0006160436 1.1066275e-10 0.0031165981 0.000992498 0.0006341161 0.0019060494 0.003972819 2.8042393e-14
0.9593474 0.81718117 0.52395576 0.8415137 0.74055535 0.96239936 0.53129613 0.45366925 2.9237848e-13 0.04940453 0.03677068 0.06764665 0.7243459 0.12309495 0.0043824003 0.16653533 0.94816107 0.0001702331 0.00012574055 0.0016842594 0.8964862 0.11199698 1.2641152e-05 0.07320809 0.0054596607 4.195589e-05 3.1523006e-05 0.054436427 1.4824019e-05 4.8371825e-05 0.025537195 2.2869548e-05 0.006735968 2.4153826e-06 1.647037e-07 2.0591479e-07 0.21352868 3.3597954e-07 0.008537862 0.17354956 7.623765e-05 1.7358038e-06 0.0023291819 4.799006e-06 0.00017271527 1.1628662e-05 2.5482063e-07 0.00014778842 2.380941e-05 1.4297319e-07 0.06320654 0.008991756 7.518381e-08 6.7223527e-06 0.014706577 5.557205e-08 0.003294285 3.4426866e-05 0.014523103 0.00026581655 0.009988448 2.0911419e-07 0.0073464406 0.0040349723 0.00264124 0.0111043295 0.00035567622 0.0036614423 0.005689512 0.027900288 0.0011017848 0.013572283 0.00094082777 1.3439405e-05 4.4431763e-05 0.0005450403 0.0023932492 0.005947762 3.0657783e-09 0.0020421077 0.0058022505 0.0005190257 0.00022827876 1.0626751e-07 0.020118624 3.1370266e-09 0.0021501582 0.01652771 4.832815e-09 0.00048170745 3.494994e-05 0.0123108355 3.472429e-05 0.0047326293 6.7701544e-10 0.00020872537 0.005134436 6.0905146e-05 0.010278303 0.014538491 1.4507177e-12
0.8474298 0.04872631 0.8291678 0.058780354 0.017558012 0.5244304 0.004070072 0.005972753 0.04940453 8.8698195e-13 0.9886837 0.86018795 0.27152777 0.72839355 0.91167635 0.3877299 0.0032479644 0.4783266 0.3657092 0.89251184 0.009650196 0.1059878 0.33839694 0.020483494 0.52120835 0.009881215 0.02217563 6.828342e-05 4.99656e-05 0.000661389 4.691128e-06 0.1535424 4.410414e-06 2.4570008e-05 1.4749196e-05 2.7606377e-06 0.006849758 4.4484063e-06 0.004820064 0.00019019964 0.030465784 0.080095656 0.011371132 0.000121998106 0.00016613638 0.00011825295 2.513237e-06 0.00011563674 5.87683e-05 7.3405495e-06 0.0002124082 1.4816007e-05 0.0041438723 4.2495026e-06 1.3664388e-06 0.012805023 0.00063509296 4.079474e-05 2.4413478e-06 0.012224174 4.337755e-05 1.9459762e-06 0.00012391397 2.7462556e-06 2.2709448e-06 2.4308967e-05 0.000109052715 2.9309674e-06 3.748162e-05 1.5270885e-05 1.6893691e-07 0.00076379854 7.27979e-05 0.010398126 4.0388317e-05 1.722927e-07 2.3646508e-05 3.222607e-06 2.0240055e-05 2.8393e-05 4.1349012e-05 9.772462e-06 2.910629e-07 0.0039026286 3.2702403e-05 0.0017835513 6.607018e-05 6.350345e-05 3.512282e-05 9.9565485e-05 6.0115795e-08 4.246353e-05 7.5848034e-06 7.3642564e-06 3.4602365e-07 4.6619982e-07 2.3632305e-05 5.4225684e-06 0.00029441874 0.00043856844 1.4054077e-09
0.9309275 0.021325042 0.6753005 0.016223274 0.004194159 0.51321846 0.0007828285 0.00054217083 0.03677068 0.9886837 7.1679034e-13 0.6638896 0.3977287 0.83073986 0.8934421 0.5937741 0.0012445182 0.7570555 0.62534463 0.8752476 0.010899072 0.018931698 0.56004405 0.07691347 0.3410365 0.17666155 0.1602179 2.2920707e-05 0.0003668436 0.003598479 4.1554574e-07 0.08508126 6.7410184e-07 0.0002309983 0.00026607804 0.00011996966 0.0087392945 4.3826927e-05 0.0095566055 0.00014214775 0.011035483 0.038550023 0.0018017895 0.0010546785 0.0010040047 0.00035951703 1.4930002e-05 0.00030908745 0.0001473062 2.7180778e-05 0.00013268975 4.4586336e-06 0.015759928 3.1087788e-05 5.907532e-07 0.0042059114 0.0017952417 6.5875516e-05 2.7723386e-06 0.0017276084 5.224369e-05 2.9721728e-06 0.000118489785 7.5225444e-07 3.0057927e-07 3.337059e-05 0.00024551398 1.2664465e-07 4.3981636e-05 1.2738889e-05 2.782616e-08 7.3062097e-06 0.00014148587 0.005028023 6.290023e-05 4.7936812e-08 3.676048e-05 4.089986e-06 9.561348e-05 3.4299024e-05 3.0205289e-05 3.356634e-07 1.9733668e-07 0.0017396553 3.6619083e-05 0.00071685406 3.4956505e-05 2.650274e-05 7.7786244e-05 1.5510288e-05 2.6665795e-08 5.041837e-05 2.4261708e-06 9.626323e-06 2.5425044e-07 1.1171843e-07 5.279425e-06 3.7750433e-06 0.0004824396 0.0005394726 1.2693362e-09
0.3428588 0.5170012 0.9688635 0.14276306 0.1253756 0.3937519 0.21896785 0.23410212 0.06764665 0.86018795 0.6638896 5.7882873e-15 0.119182415 0.19385347 0.9120986 0.09584948 0.01434455 0.045047455 0.009710804 0.8275325 0.014462143 0.5002471 0.0088222595 0.0021390312 0.9711212 6.161737e-05 0.00015529833 0.0025270302 9.982423e-06 0.000117608295 0.0005951388 0.4347423 0.00024246884 6.3496573e-06 4.0324883e-07 2.7476716e-07 0.004304073 1.2640917e-06 0.00056334253 0.001374718 0.26015946 0.16671924 0.060858406 3.36896e-06 2.8345543e-05 1.746818e-05 2.8560885e-07 1.251655e-05 6.9783778e-06 8.600472e-08 0.0008691195 0.0002154745 5.7956026e-05 2.3762943e-06 3.6302805e-05 0.10316143 0.00028847592 7.835263e-06 4.9835966e-05 0.12864968 3.8451573e-05 1.7240623e-06 0.0001247091 2.2631668e-05 0.00012262599 9.714114e-05 0.00010344112 0.00031705157 0.000101202975 0.00021259382 2.2027541e-05 0.050756276 5.232117e-05 0.06001385 1.8664123e-05 1.42593835e-05 1.525198e-05 8.7452994e-05 1.1693835e-08 3.508626e-05 0.00017546643 3.312388e-05 4.3632776e-06 0.011240578 0.00021638614 0.0020602108 9.100319e-05 0.0006498407 1.7107719e-07 0.00020516943 2.4263733e-07 7.465279e-05 0.00025876652 6.1761384e-05 7.261758e-08 3.1175741e-06 2.3946748e-05 3.2325537e-05 0.00016882653 0.0006771899 1.8739742e-11
0.9020803 0.27770004 0.4286675 0.16149227 0.07232273 0.9523177 0.0223516 0.019704796 0.7243459 0.27152777 0.3977287 0.119182415 2.5186167e-15 0.889954 0.035428435 0.95928764 0.34797814 0.011718135 0.00523642 0.024358409 0.8969367 0.013731686 0.0010848904 0.79919493 0.010365923 0.007932124 0.029212613 0.00244296 0.0027321966 0.01230817 0.0010715079 0.0007894635 0.00045895117 0.00046655195 2.4753339e-05 9.899957e-05 0.34299436 5.0731105e-05 0.10076941 0.041653693 0.00033025796 1.9122717e-05 0.00021451106 0.00022432102 0.0023506333 0.00030300888 3.5729587e-05 0.0031862748 0.0012980074 1.4339775e-05 0.055142667 0.0016502462 1.3722515e-06 0.00019216951 0.001321473 1.6809896e-07 0.03099706 0.0006814631 0.0028042237 8.233662e-05 0.0071922927 4.083514e-05 0.0155229485 0.000442285 0.0002883689 0.008495263 0.0038234622 4.0529862e-06 0.010183985 0.007383054 4.837706e-06 4.840011e-05 0.008362623 2.899536e-05 0.0014242315 4.9007094e-06 0.0049528023 0.0024532909 4.5609703e-09 0.0030978522 0.016451934 1.8681136e-06 1.4515075e-07 7.720092e-07 0.006562533 9.772024e-08 0.005469821 0.0022457992 4.2427235e-08 4.7000667e-06 2.990748e-08 0.0074280454 1.9443196e-06 0.0012561477 4.1457785e-11 1.0529814e-05 0.003441669 1.6056951e-07 0.0121292295 0.011728236 5.178923e-13
0.9448526 0.05157004 0.45889568 0.03206042 0.009498482 0.6826359 0.002484271 0.0020806359 0.12309495 0.72839355 0.83073986 0.19385347 0.889954 5.10262e-13 0.2697625 0.97346777 0.048645444 0.14485575 0.6585695 0.48311284 0.49504828 0.0046606367 0.14446165 0.89920646 0.02714713 0.4711436 0.6120695 0.0003863033 0.09382041 0.16674075 4.454309e-05 0.0054204213 7.8159006e-05 0.012216763 0.0039844983 0.0009012325 0.2355628 0.0014366248 0.29678062 0.012809982 0.0008889646 0.0010566416 0.00028480607 0.0021428717 0.016285475 0.0059064147 0.00021802129 0.011459158 0.012319014 0.00046199744 0.027843552 0.00015661237 0.0046321293 0.00023262603 0.00023469394 0.00021229923 0.06270902 0.001978316 0.0002529719 0.00029420038 0.0040830667 0.00013152575 0.009421746 0.00018509018 4.104457e-05 0.002507287 0.0060398597 3.6156805e-06 0.0034205848 0.0031825819 4.6277814e-06 2.256893e-05 0.010404182 0.0005212977 0.010303097 2.51138e-06 0.002173144 0.0010175161 2.032749e-05 0.0019791927 0.008539308 9.891109e-06 8.096801e-07 0.00020539397 0.0022263955 0.0015094386 0.0030922145 0.0018405017 3.0727333e-05 7.129875e-05 4.972459e-07 0.001997999 1.9490044e-05 0.0006986956 9.844704e-08 9.43791e-06 0.00057779154 7.032567e-06 0.00975414 0.005046323 1.1431834e-09
0.29735148 0.0057020565 0.028041853 0.0034485373 0.0016290002 0.041497774 0.00025566423 0.00015507944 0.0043824003 0.91167635 0.8934421 0.9120986 0.035428435 0.2697625 6.1892088e-15 0.087393925 0.00091053674 0.9249729 0.60019785 0.97830105 0.002676099 0.002798169 0.9344994 0.004376562 0.4550076 0.06012287 0.027261412 6.876649e-05 0.00022914643 0.00094263966 3.4996236e-05 0.26804087 2.5563437e-05 0.00024791955 0.00032262233 0.000143915 0.0023182181 4.808583e-05 0.0019768178 0.00016715923 0.02659713 0.052946616 0.0015696187 0.0007822758 0.0004773381 0.00016436173 2.7482536e-05 0.00017255412 0.00012612656 3.2322918e-05 4.9845763e-05 2.3161912e-05 0.0025045543 2.8492765e-05 2.0291202e-06 0.008920394 0.0006106709 0.00015326173 3.6125232e-06 0.0015086688 3.2521593e-06 2.343105e-05 1.8924964e-05 1.3726755e-06 3.1706713e-05 3.5732206e-05 0.00015966427 4.1245625e-07 3.0441117e-05 2.182134e-05 9.108614e-08 3.7911702e-06 0.00022793506 0.001690055 0.00020042241 4.122988e-06 1.6733922e-05 6.898808e-06 8.4472285e-06 2.1818656e-05 9.2763206e-05 4.1785503e-07 1.2117782e-06 0.0025334693 2.7007733e-05 0.009271824 4.8042697e-05 0.0013723628 3.2861408e-05 2.4117044e-06 5.8204915e-08 3.8193913e-05 7.793894e-08 2.5374904e-05 2.1038408e-08 6.667921e-06 4.7313406e-06 2.6006046e-07 8.777929e-05 0.00030056425 6.1457706e-10
0.8837323 0.039886557 0.229358 0.01772637 0.004360372 0.6722629 0.0007020174 0.00063488615 0.16653533 0.3877299 0.5937741 0.09584948 0.95928764 0.97346777 0.087393925 1.657377e-14 0.06540688 0.07937836 0.09821557 0.07262446 0.67212087 0.003113262 0.014299395 0.91654515 0.014148869 0.19498932 0.43687013 0.00044467844 0.100975975 0.23043437 3.934886e-05 0.0022756462 2.9457533e-05 0.022639778 0.0006496263 0.0011364929 0.29588106 0.0034534608 0.2803186 0.012232062 0.0009086465 0.00022090769 7.443618e-05 0.0017244752 0.033600226 0.009077384 0.00035920364 0.018737517 0.014952425 0.00015644338 0.029376691 0.0004938878 0.00036037917 0.0009367922 0.00012667866 7.514532e-06 0.060511936 0.0028828627 0.00020926772 7.998008e-05 0.0049522542 8.7288856e-05 0.011719398 7.4055024e-05 1.2651163e-05 0.0040974156 0.009032903 1.7679474e-06 0.007528349 0.0026689242 2.267986e-06 1.4357748e-06 0.013186247 0.00012972864 0.006738185 3.2575062e-07 0.0028272811 0.00080794777 1.1216098e-06 0.0023040469 0.011311984 1.0242131e-06 7.074771e-08 1.6292664e-05 0.0019540559 5.240139e-06 0.0031157376 0.0004041829 3.0270528e-06 5.6582408e-06 3.469289e-08 0.0017937664 1.7387744e-06 0.0010548283 2.2509514e-09 7.084031e-07 0.0009621625 1.9716438e-07 0.009061392 0.005683178 1.0425483e-11
0.97674674 0.6314426 0.036831472 0.8397918 0.753965 0.40229556 0.41949397 0.3715456 0.94816107 0.0032479644 0.0012445182 0.01434455 0.34797814 0.048645444 0.00091053674 0.06540688 1.8481634e-16 2.0008507e-05 3.469516e-05 0.00019656877 0.94293404 0.030206801 5.5033465e-06 0.06899253 0.00089572795 1.194079e-05 1.2378775e-05 0.26751775 1.3514361e-05 2.17315e-05 0.6516994 4.2727038e-07 0.041857887 7.976465e-07 3.3386124e-07 4.168667e-07 0.32594046 1.174139e-07 0.008324576 0.875298 5.1054394e-07 2.9451222e-08 0.000379719 1.2947564e-06 0.00010701323 2.700643e-06 1.1041441e-06 0.00022877 4.5012594e-06 7.3594755e-08 0.18159 0.13795815 1.3761922e-08 1.30215085e-05 0.2579829 1.8716326e-09 0.007381093 2.0325182e-05 0.26804364 8.497745e-06 0.05416715 2.5069662e-07 0.019827485 0.03143682 0.011586062 0.053362567 0.0010890244 0.007608741 0.017888268 0.14995782 0.0017982746 0.0038690688 0.0022080627 2.8822663e-07 7.302548e-05 0.0024685175 0.0074490933 0.056631234 3.504267e-10 0.0057708113 0.013179666 0.0006737526 0.0008708191 2.4117421e-09 0.113639124 5.5907307e-10 0.004312393 0.10136299 5.785424e-09 0.00054771075 0.00020935774 0.05514433 4.9541404e-07 0.04652594 2.0388187e-10 0.0009103596 0.028010014 0.00043304352 0.013313504 0.03553174 2.0788553e-11
0.09333795 1.4729729e-05 8.9828274e-05 2.4120483e-05 3.8163926e-06 0.002107296 1.6966476e-07 1.0562672e-07 0.0001702331 0.4783266 0.7570555 0.045047455 0.011718135 0.14485575 0.9249729 0.07937836 2.0008507e-05 7.656473e-18 0.8695051 0.5143341 0.0021066903 7.9473085e-07 0.995548 0.028200382 0.008943368 0.6719474 0.27774775 3.42544e-07 0.016798498 0.025245937 9.7639564e-08 0.021738466 9.009246e-08 0.024343403 0.07938899 0.029526077 0.00033799585 0.012705245 0.009315621 5.288753e-06 0.0004377386 0.0033159847 1.0221825e-06 0.069418706 0.0131697655 0.008539894 0.002413239 0.0017892679 0.005099739 0.00796235 9.075484e-06 9.691028e-07 0.07748288 0.0017721619 9.466962e-08 0.00017126289 0.0013052815 0.0020406875 4.1181875e-07 1.6276203e-07 5.647704e-07 0.00058240455 6.319241e-06 6.809151e-09 3.7843034e-08 1.319935e-05 0.00028622142 3.3767782e-09 1.5621936e-05 7.0826934e-07 6.973494e-10 2.471201e-09 0.00029250002 3.311118e-05 0.0018610269 3.2028144e-08 7.3827086e-06 4.3971863e-07 0.00019212847 1.2000668e-05 4.8280435e-05 1.297269e-08 1.8183269e-09 0.0013525921 1.203228e-06 0.010846473 2.473873e-05 0.00011680718 0.00044292855 2.146693e-09 2.539549e-10 4.5044153e-06 2.8616894e-12 3.7562975e-06 4.6272798e-11 2.8025755e-07 1.7786098e-08 2.2088659e-10 6.357429e-05 0.00017667357 1.2031744e-11
0.9289161 3.1419764e-05 4.0188483e-05 7.636911e-06 7.3429587e-06 0.000675972 4.3144902e-07 2.3668392e-07 0.00012574055 0.3657092 0.62534463 0.009710804 0.00523642 0.6585695 0.60019785 0.09821557 3.469516e-05 0.8695051 6.830935e-14 0.7769562 0.0025230423 7.2803687e-06 0.89590347 0.11056489 0.0042966804 0.98108435 0.95659715 1.2331116e-05 0.20619039 0.117190495 2.7931446e-08 0.086920604 1.0679943e-06 0.12996432 0.473549 0.26578754 0.0031592306 0.06721069 0.012943749 0.00013705617 0.0020989734 0.039633702 2.6929588e-06 0.12188086 0.02913726 0.015329186 0.004878665 0.007924896 0.010715749 0.028427912 0.00023745227 4.9772298e-06 0.27540892 0.0014292004 2.9937248e-06 0.001189257 0.0069420235 0.0031638436 6.4058027e-06 1.2099739e-05 5.9033933e-05 0.0003989194 0.0005191812 3.7288255e-06 5.593865e-07 0.0001244304 0.0018825798 6.9751906e-08 0.00018747477 4.702934e-05 7.239009e-08 5.3849025e-08 0.001880017 7.946703e-05 0.005505746 9.6817665e-08 0.00038857496 9.405815e-06 0.01157345 0.00029291204 0.0006391283 1.2305428e-06 2.6526257e-07 0.00082616636 0.00013639795 0.0050345464 0.00068305887 1.0336859e-05 0.009167244 3.3691915e-06 5.679991e-08 0.00014960539 1.4322848e-06 1.7593871e-05 1.5138664e-06 5.449129e-07 2.1541082e-06 1.3628105e-06 0.001169459 0.00036435836 5.4321674e-07
0.68944836 0.009406197 0.047579587 0.0024750663 0.0013228303 0.09437295 0.000435384 0.00028401517 0.0016842594 0.89251184 0.8752476 0.8275325 0.024358409 0.48311284 0.97830105 0.07262446 0.00019656877 0.5143341 0.7769562 1.418335e-11 0.00045638625 0.0037875588 0.86546546 0.003099349 0.88886154 0.07667337 0.009358559 7.076449e-05 0.0003292887 0.0003483012 1.2344593e-06 0.9192163 2.3172739e-05 0.00011336379 0.00078120787 0.000188084 0.00053979066 3.2743592e-05 0.0017697602 0.0001003283 0.54442054 0.70026016 0.032528978 0.0029684212 0.0002536183 0.000120902405 0.00010354525 0.000528807 0.00012896323 0.00045562888 0.00020117596 7.790105e-06 0.013027583 5.0376555e-05 2.0394957e-06 0.45211142 0.00059264735 0.00021077167 1.1000838e-06 0.0252732 3.405828e-05 9.705377e-06 0.0001775187 9.2950677e-07 4.6266605e-06 2.0776071e-05 0.00031714383 5.924128e-06 1.943173e-05 9.975191e-06 4.5623932e-07 4.0429935e-05 0.0001379684 0.15825123 6.828595e-05 5.912563e-06 0.0002095659 7.6252184e-07 0.00038652922 0.00015782955 0.00012551795 1.6333877e-05 3.3486904e-06 0.17508322 2.2169352e-05 0.13542306 6.164212e-05 0.00015966807 0.0015444604 3.9765073e-05 1.6027103e-07 3.81733e-05 0.00034324077 2.9430223e-06 0.00020594317 7.778338e-06 2.1079159e-06 2.9058005e-05 0.00021825287 0.00013354272 1.1867791e-05
0.97214985 0.24010685 0.03950956 0.37046126 0.2139256 0.703444 0.05247203 0.039026283 0.8964862 0.009650196 0.010899072 0.014462143 0.8969367 0.49504828 0.002676099 0.67212087 0.94293404 0.0021066903 0.0025230423 0.00045638625 4.1082834e-16 0.0017106213 2.2050219e-05 0.85306627 0.00024961797 0.0018178477 0.0129338475 0.014516427 0.013931897 0.06086843 0.106783815 8.346192e-07 0.003266193 0.00069675385 0.00011512321 0.00028365976 0.90929127 0.00018462124 0.55715555 0.52415276 4.9090477e-07 7.1859456e-09 3.441454e-06 5.4202348e-05 0.010667988 0.0006441917 0.00039621754 0.020867081 0.0021688365 1.9009537e-06 0.2930154 0.046566114 2.2102749e-07 0.0015318153 0.045431778 3.9896384e-09 0.321451 0.0011176794 0.15595798 8.625833e-07 0.11910956 0.00011273923 0.1077554 0.008177207 0.0013215699 0.084719494 0.038357414 4.0992505e-05 0.065470874 0.12012614 8.053479e-06 3.4318036e-05 0.02571955 8.270816e-07 0.0023423166 3.9833543e-05 0.030705994 0.046542272 2.150562e-09 0.023080297 0.03027953 6.1761007e-06 2.4533374e-06 8.830136e-09 0.056709547 5.045444e-09 0.025960272 0.011653292 7.937329e-08 2.104139e-05 3.542735e-06 0.03683084 5.8842204e-07 0.026765896 2.021826e-10 4.9911978e-05 0.020900456 3.3464844e-06 0.035225324 0.04073127 1.9358886e-11
0.82067925 0.6387326 0.79704285 0.6337464 0.66220796 0.13528019 0.9338445 0.9514878 0.11199698 0.1059878 0.018931698 0.5002471 0.013731686 0.0046606367 0.002798169 0.003113262 0.030206801 7.9473085e-07 7.2803687e-06 0.0037875588 0.0017106213 6.349559e-14 2.4765499e-05 4.295214e-06 0.7743857 1.6985807e-07 1.05902274e-07 0.096617386 1.7617714e-07 9.053332e-07 0.0027354425 0.023265729 0.0060071135 7.52857e-08 1.2519725e-07 2.4675614e-08 8.446476e-05 2.922822e-08 1.1497426e-05 0.001453937 0.41098583 0.030205498 0.9797346 8.553455e-08 1.8198666e-06 1.5153e-07 3.5023255e-08 5.752936e-07 2.3194295e-07 1.5684557e-09 0.00033826608 0.00017322417 3.174515e-06 4.785724e-08 0.0001427734 0.15729956 9.894109e-06 4.146275e-08 0.00019305672 0.70718503 4.428987e-05 7.783332e-08 4.846214e-05 0.00010142975 0.0012528074 0.00017743796 3.388183e-06 0.54615384 4.346828e-05 0.00086848316 0.15344733 0.83202904 4.5723964e-06 0.27505994 9.79999e-07 0.0043949066 5.267971e-05 0.0002704729 5.936431e-09 3.571422e-05 1.1437136e-05 0.06217113 0.0045310827 3.2021868e-05 0.00070421037 5.344383e-06 1.6447204e-05 0.0037488826 1.4005964e-07 0.17985743 0.000107806576 0.0010163392 0.11509528 0.00010157465 1.890887e-09 0.00096366805 7.073527e-05 0.0011783687 0.00014138657 0.0016018647 3.2642678e-14
0.2685215 7.072687e-06 3.229186e-05 1.0730689e-05 4.1085473e-06 0.00019212975 6.491027e-07 2.2755961e-07 1.2641152e-05 0.33839694 0.56004405 0.0088222595 0.0010848904 0.14446165 0.9344994 0.014299395 5.5033465e-06 0.995548 0.89590347 0.86546546 2.2050219e-05 2.4765499e-05 1.0751563e-11 0.00060019654 0.024973761 0.5576006 0.2441545 3.0340586e-06 0.004496437 0.005533505 3.6817698e-07 0.26364335 5.5246466e-07 0.010662389 0.14644396 0.035571918 2.7990873e-05 0.002497601 0.0005956973 6.249141e-06 0.01856089 0.12324412 3.8058002e-05 0.10351335 0.0016625162 0.000652191 0.00088824646 0.00044747934 0.00040086874 0.009227507 5.7345997e-06 7.479096e-07 0.43654913 0.00016268375 9.774746e-08 0.035302363 0.00015832945 0.00035762822 5.6938075e-07 3.0145427e-05 8.26352e-06 8.0842794e-05 1.0403983e-05 9.168592e-08 3.4547932e-07 8.740035e-06 6.259033e-05 6.273688e-08 5.4248135e-06 9.4241983e-07 7.125446e-08 8.613473e-08 7.177385e-05 0.00053106225 0.00057779736 3.6365864e-07 5.4835746e-06 7.511183e-07 0.03526821 1.4109637e-05 9.0207595e-06 5.3733066e-07 3.5086092e-07 0.040057823 9.963586e-07 0.24426623 2.137199e-05 0.0017307524 0.006133616 3.98088e-06 1.4314674e-07 1.3108158e-06 5.182461e-09 4.1645726e-06 6.6494516e-07 1.5576926e-06 1.7519965e-07 4.8395304e-07 1.9870336e-05 2.2021513e-05 2.3391108e-07
0.9826735 0.001269026 0.00072568434 0.00026353853 8.563279e-05 0.18979652 2.6751164e-05 1.3037041e-05 0.07320809 0.020483494 0.07691347 0.0021390312 0.79919493 0.89920646 0.004376562 0.91654515 0.06899253 0.028200382 0.11056489 0.003099349 0.85306627 4.295214e-06 0.00060019654 6.8584066e-17 2.1572483e-05 0.3646336 0.7630095 6.3939256e-06 0.8091947 0.8473702 3.058676e-05 3.5398373e-06 2.5563836e-06 0.34012094 0.0029584249 0.03843448 0.48544252 0.15499856 0.79806083 0.026954511 7.905272e-07 1.8438367e-08 8.6402615e-08 0.0011551308 0.22604963 0.108362176 0.0046308413 0.2998622 0.12795319 8.671866e-05 0.055680204 7.141233e-05 2.407972e-06 0.019278133 0.00012692269 5.322163e-09 0.1992975 0.020754453 0.0014992575 3.5877292e-07 0.002294607 0.000740729 0.020239998 4.5496152e-05 1.3172866e-05 0.0037981027 0.032434694 1.1853522e-08 0.01054043 0.0043503023 2.165017e-08 1.3019782e-07 0.021297859 7.590405e-06 0.016524006 2.8820736e-07 0.008543767 0.0014877493 2.083924e-08 0.006364226 0.01557104 2.4421418e-08 4.2347983e-09 1.1667664e-07 0.0045616715 9.200335e-08 0.0124533335 0.00038158832 3.537996e-07 7.1987176e-07 1.0364611e-08 0.0078897355 2.1739747e-07 0.0011902862 4.3442272e-10 1.1616353e-06 0.0007557254 2.4876975e-08 0.02053163 0.013528354 4.779477e-11
0.09372886 0.1089891 0.8664814 0.053018685 0.056132693 0.021058159 0.2676953 0.28653154 0.0054596607 0.52120835 0.3410365 0.9711212 0.010365923 0.02714713 0.4550076 0.014148869 0.00089572795 0.008943368 0.0042966804 0.88886154 0.00024961797 0.7743857 0.024973761 2.1572483e-05 9.618122e-15 1.3733007e-05 3.9853647e-05 0.00039987732 1.6742088e-06 2.0118565e-05 2.313423e-05 0.9843174 6.0998085e-05 2.9566775e-06 1.942528e-07 3.1291987e-07 0.00013198992 6.0156896e-07 4.050793e-05 7.431312e-05 0.8929431 0.6564591 0.58484894 1.2079551e-05 6.233546e-06 9.364808e-07 4.6741853e-08 2.677287e-06 1.458531e-06 6.513397e-08 2.0615902e-05 8.4972464e-07 0.00023578962 1.2878324e-07 3.398673e-07 0.5705149 3.5621474e-06 1.4186733e-07 2.5126835e-06 0.32551003 2.8748403e-07 3.3312907e-07 3.2539247e-06 3.3172938e-07 5.524151e-05 4.3242717e-06 1.6873332e-06 0.00021578028 4.108594e-06 2.9214536e-06 7.580967e-05 0.1081987 1.5650395e-06 0.18721776 1.2376079e-06 5.8447415e-05 3.3500942e-07 9.2546094e-07 3.1025115e-07 4.2909286e-07 1.0800193e-05 8.407266e-05 6.6184853e-06 0.008083394 2.2798633e-06 0.0031906655 2.5513473e-06 0.0003783048 7.2917164e-06 0.00012595346 4.799994e-08 4.506022e-06 0.0015710978 2.864158e-06 1.832619e-06 6.63448e-06 2.6850219e-06 4.48206e-06 8.959168e-06 4.605185e-05 1.3664243e-10
0.8440059 1.3364788e-05 1.6613662e-05 4.823609e-06 5.4390753e-06 0.00030916915 2.2633179e-07 1.4633997e-07 4.195589e-05 0.009881215 0.17666155 6.161737e-05 0.007932124 0.4711436 0.06012287 0.19498932 1.194079e-05 0.6719474 0.98108435 0.07667337 0.0018178477 1.6985807e-07 0.5576006 0.3646336 1.3733007e-05 2.3596795e-12 0.9743574 4.6072805e-07 0.5881158 0.41384044 6.9802707e-07 0.00070033025 1.5271729e-07 0.63279265 0.8965573 0.83612174 0.014263052 0.52640253 0.07945747 0.00011314659 2.514342e-06 1.2972283e-06 4.3097586e-08 0.15143232 0.19692746 0.13790412 0.12090717 0.044733535 0.13810876 0.05132746 0.00012217402 9.308147e-06 0.05478018 0.02099023 6.2044523e-07 6.396743e-08 0.03415971 0.07337796 9.576064e-06 9.013114e-08 3.789376e-05 0.010266551 0.0001711721 2.6948908e-06 8.356896e-07 6.163512e-05 0.006951667 3.150069e-08 0.0005640481 6.428554e-05 3.687879e-08 4.8489825e-09 0.011088848 9.204983e-07 0.030386893 1.3272258e-07 0.0003889416 7.6213735e-05 0.00043076387 0.00032073414 0.0015283045 2.2479696e-07 1.2457832e-08 0.00011550933 0.00014131257 0.0043657334 0.0011676765 0.000114859366 0.0011612421 3.049398e-08 2.060455e-08 0.0003599186 9.2676006e-11 0.00023188116 8.9512064e-10 3.9488816e-07 1.1337238e-05 1.6700009e-09 0.004516135 0.0042363484 3.6353012e-10
0.9116116 4.389836e-06 1.1492602e-05 9.278036e-07 2.7707407e-07 0.00062690635 4.3281037e-08 2.0641604e-08 3.1523006e-05 0.02217563 0.1602179 0.00015529833 0.029212613 0.6120695 0.027261412 0.43687013 1.2378775e-05 0.27774775 0.95659715 0.009358559 0.0129338475 1.05902274e-07 0.2441545 0.7630095 3.9853647e-05 0.9743574 1.3434302e-13 3.916928e-06 0.8276261 0.7200664 1.6205297e-07 0.00039126756 1.8653141e-07 0.72186816 0.49199426 0.5754684 0.06224262 0.59987056 0.22651178 0.00026448318 3.638406e-06 5.1633874e-06 8.113771e-08 0.076443 0.2902227 0.27545354 0.080885544 0.11225632 0.2065115 0.02913201 0.0010191486 1.2378504e-05 0.007597332 0.023074465 2.254734e-06 7.660368e-08 0.10666079 0.08538052 1.930246e-05 5.75287e-07 0.00018779542 0.010200038 0.0014148422 1.8081591e-05 2.220781e-06 0.00017747993 0.030216612 7.1469075e-09 0.001294546 0.00015141092 5.465392e-09 2.8111076e-08 0.028688941 1.6459717e-06 0.06396262 7.09133e-09 0.0011540588 0.00023100358 0.0001710272 0.0010233956 0.007053407 4.1546034e-08 8.566726e-09 1.2828985e-05 0.00093346974 0.0010282155 0.005343301 0.00016351778 0.0005831702 8.9207575e-08 2.0075717e-08 0.0008803576 4.2392696e-08 0.0004213414 1.5170516e-08 4.3336576e-07 0.0001229465 2.4229843e-08 0.011764891 0.004350055 5.1189484e-09
0.96250325 0.065847576 0.0017585395 0.28338534 0.45752186 0.008373994 0.18542504 0.1657757 0.054436427 6.828342e-05 2.2920707e-05 0.0025270302 0.00244296 0.0003863033 6.876649e-05 0.00044467844 0.26751775 3.42544e-07 1.2331116e-05 7.076449e-05 0.014516427 0.096617386 3.0340586e-06 6.3939256e-06 0.00039987732 4.6072805e-07 3.916928e-06 6.891417e-19 1.7938355e-08 3.0628968e-07 0.9278952 6.029537e-07 0.9875564 2.1900947e-08 3.1477074e-07 5.837758e-08 0.005825013 3.6233325e-10 0.00015292753 0.25986606 2.0695634e-06 9.832881e-08 0.021138115 6.5996437e-07 1.2938189e-05 8.9105936e-07 1.4269519e-07 1.713153e-08 9.92638e-07 9.2395695e-08 0.01483308 0.19514868 9.698881e-08 3.622189e-08 0.25075606 3.846442e-08 0.000763406 2.631674e-07 0.14144404 0.00011928652 0.0040114867 2.1176858e-08 0.0021167283 0.1513964 0.7286048 0.010348135 0.00021720922 0.462496 0.0029967972 0.066068046 0.07178665 0.07755867 0.0006505045 2.547616e-07 7.127856e-05 0.32171094 0.0022662706 0.029963799 9.3472015e-11 0.0013783275 0.0025314612 0.046376165 0.17810456 2.855759e-07 0.11477468 1.2746866e-06 0.0021342365 0.717978 1.7615132e-08 0.02731028 0.030644206 0.052412413 3.8632377e-05 0.059032153 7.256212e-10 0.22368437 0.07452359 0.048916426 0.02882984 0.063795604 7.989791e-12
0.95566773 8.368266e-06 5.2118057e-06 1.9007526e-06 3.794203e-07 7.394134e-05 2.8080788e-07 6.572086e-08 1.4824019e-05 4.99656e-05 0.0003668436 9.982423e-06 0.0027321966 0.09382041 0.00022914643 0.100975975 1.3514361e-05 0.016798498 0.20619039 0.0003292887 0.013931897 1.7617714e-07 0.004496437 0.8091947 1.6742088e-06 0.5881158 0.8276261 1.7938355e-08 5.6916065e-19 0.9626422 4.2125802e-07 4.7140566e-07 1.12877565e-08 0.93230695 0.1789337 0.42518517 0.03770378 0.83640254 0.50247014 0.0005709155 1.26916495e-08 3.6468104e-09 4.6894795e-09 0.008108281 0.6199784 0.6682002 0.107083246 0.44988346 0.6132496 0.009730892 0.0016980715 8.24683e-06 0.00037102043 0.17710695 5.2228615e-06 4.4811962e-10 0.13560452 0.16998176 5.547142e-05 4.633829e-09 0.00036722058 0.025936238 0.0037676813 1.5252903e-06 5.7155933e-08 0.00041140174 0.054316126 1.9102737e-09 0.0018193742 0.00029349784 5.227932e-09 2.0819761e-09 0.030948345 1.321822e-07 0.10465266 3.4638388e-09 0.0027608487 0.0003173577 5.5773803e-08 0.0030107505 0.0073358235 1.2562944e-08 1.172717e-10 1.13187745e-07 0.0008189678 0.00013136353 0.0127719175 1.4134565e-05 9.9074845e-05 3.3103934e-08 4.4561528e-11 0.0024452556 3.52812e-11 0.0003391301 2.6273315e-12 2.8183983e-08 0.00013666188 5.4818722e-11 0.023193965 0.016387513 2.96624e-12
0.97668916 1.8073886e-05 7.0530527e-06 2.1131893e-06 5.932051e-07 0.00029517023 3.865843e-07 1.7773425e-07 4.8371825e-05 0.000661389 0.003598479 0.000117608295 0.01230817 0.16674075 0.00094263966 0.23043437 2.17315e-05 0.025245937 0.117190495 0.0003483012 0.06086843 9.053332e-07 0.005533505 0.8473702 2.0118565e-05 0.41384044 0.7200664 3.0628968e-07 0.9626422 1.2465571e-17 6.932268e-07 1.7843321e-06 8.656823e-08 0.8807238 0.087843284 0.14862582 0.16586512 0.63962823 0.81746274 0.0011056066 4.970947e-07 1.4084523e-07 4.5465005e-09 0.0058694556 0.7489295 0.64563715 0.049720008 0.5307041 0.6518283 0.003947967 0.007919535 1.1907698e-05 0.00013452428 0.059531413 6.019371e-06 3.5005674e-09 0.26897317 0.11311731 5.880412e-05 6.6621783e-07 0.0005122605 0.008515874 0.0081255855 1.8413451e-06 1.1048176e-07 0.0004909219 0.06819049 1.5631367e-09 0.0034559534 0.00048450683 3.4706242e-09 8.791216e-09 0.08448062 1.4343501e-06 0.0781399 4.93166e-09 0.0050159846 0.00031878523 1.1556252e-08 0.0038537406 0.02163302 1.8393372e-08 8.292926e-10 4.9710817e-08 0.0015244347 1.1979398e-07 0.0152708655 4.14946e-06 3.2152133e-05 9.795873e-08 6.926264e-10 0.0025584132 4.1353562e-10 0.00038415857 1.6633585e-11 1.1733499e-07 6.690908e-05 3.1703684e-09 0.02105774 0.010679639 1.2817981e-12
0.9811988 0.017851315 0.0001027521 0.06499697 0.11359275 0.00092535384 0.030708147 0.0239232 0.025537195 4.691128e-06 4.1554574e-07 0.0005951388 0.0010715079 4.454309e-05 3.4996236e-05 3.934886e-05 0.6516994 9.7639564e-08 2.7931446e-08 1.2344593e-06 0.106783815 0.0027354425 3.6817698e-07 3.058676e-05 2.313423e-05 6.9802707e-07 1.6205297e-07 0.9278952 4.2125802e-07 6.932268e-07 1.5938276e-12 1.9769637e-08 0.90912807 1.216036e-08 1.9781783e-08 1.19944366e-08 0.0030921216 6.2780425e-09 7.294683e-05 0.5185211 1.0103074e-06 5.0315476e-09 0.0010830994 1.3069899e-08 1.7728447e-05 2.8484584e-07 3.3225496e-09 1.2149344e-05 9.048291e-07 8.5590555e-11 0.010851652 0.9103633 4.0162846e-09 1.06681995e-07 0.6983288 7.251751e-08 0.00026651457 7.5646454e-07 0.33298054 0.00013433261 0.0063639497 1.8742167e-08 0.0006870582 0.7902657 0.8116507 0.0058508622 7.1027425e-05 0.3983975 0.00061532843 0.10128082 0.07990303 0.019267017 0.00021724508 5.158773e-07 3.695491e-06 0.32534772 0.00077887054 0.022338111 5.414719e-08 0.0009746644 0.0028174983 0.07304227 0.19851726 1.6033984e-07 0.19166934 2.9567335e-08 0.0019059469 0.93089604 5.2936038e-09 0.012025776 0.05155042 0.05708905 3.392221e-06 0.09206468 1.2366279e-09 0.111609876 0.1614745 0.04061074 0.008887489 0.044493187 1.6221832e-10
