1.7288257e-17 0.97841316 0.77600175 0.77681637 0.5340813 0.9749202 0.87694633 0.7239417 0.92173946 0.9508081 0.9572191 0.8738801 0.9435799 0.9061829 0.941386 0.875503 0.51181257 0.9503871 0.9711227 0.9397718 0.91977334 0.9643499 0.9457895 0.13144037 0.9852706 0.91511774 0.95053124 0.861351 0.97431314 0.9820715 0.9479349 0.95604074 0.9429221 0.5980945 0.048750646 0.9820924 0.07589745 0.95908016 0.9640838 0.96205276 0.013042334 0.32719076 0.9865013 0.98477626 0.9855058 0.9463458 0.96520233 0.95047367 0.9628332 0.98117024 0.9152111 0.97582906 0.07687072 0.9061372 0.0071035563 0.94825345 0.99590844 0.9684788 0.95560503 0.057022557 0.014266744 0.012897899 0.009730173 0.96510446 0.8648798 0.97148204 0.98824435 0.9828841 0.967469 0.9999369 0.7738848 0.98588556 0.9820628 0.993055 0.9832002 0.7880276 0.91914415 0.9683572 2.2851737e-05 3.0642674e-05 0.9516746 0.9737646 0.9727419 0.98604465 0.97351444 0.6931246 0.948394 0.0445151 0.9998068 0.84376425 0.06667207 0.9867798 3.6432252e-06 0.0002500168 4.584382e-06 0.99977994 0.17025936 5.40394e-07 0.9998474 8.3984986e-07 1.9054414e-05
0.97841316 2.4030452e-13 0.9388911 0.80685633 0.80783904 0.8216477 0.9403068 0.6139313 0.38323846 0.677492 0.4860142 0.017370451 0.85496 0.5845779 0.3724656 0.11954707 0.5455409 0.00022275794 0.004743691 0.00014602917 0.0018981533 0.03332706 0.06793404 0.30660015 0.039573826 0.0038824882 0.000102220205 8.085821e-05 0.008768404 0.0005060154 5.786336e-05 0.0006436023 2.982143e-05 0.00067916873 0.12914397 0.0020850126 0.24562709 0.00031587185 6.641308e-05 3.5395184e-05 0.040959273 0.0019499145 0.013592348 0.00074626814 0.008891275 8.680124e-05 0.0034455147 0.00068649196 0.00013081796 0.00036408374 0.00030045936 2.3958557e-05 0.026531864 2.9528285e-06 0.0002383062 0.00051343674 1.5709686e-06 0.0007930089 0.0034361086 0.2936293 0.012558134 3.2459237e-05 0.0034963377 0.0002155199 4.0353087e-05 0.0005024761 1.6182717e-05 6.693276e-05 0.0004701811 0.00012293748 0.0005083734 0.00015848943 3.9498835e-07 0.00029534678 0.00026996701 6.3187684e-07 5.3281467e-05 0.00021813798 2.010416e-05 4.8925307e-07 1.8635764e-06 0.00027774172 0.00023500415 0.00025409958 5.0544022e-05 9.246952e-09 3.992611e-07 0.0003326575 0.00043084152 4.0853197e-06 1.9051669e-07 0.00096970046 3.651908e-08 2.2010006e-05 2.3587248e-09 0.0017448361 2.73479e-06 3.5219826e-05 0.0004929853 2.828148e-06 0.004239592
0.77600175 0.9388911 1.3078978e-15 0.92114514 0.94431627 0.16765597 0.94320565 0.95082074 0.06943274 0.6299084 0.10591283 0.0059609767 0.529224 0.14210989 0.052561056 0.0919585 0.6220459 0.00025730798 0.0040068896 0.00014456206 0.0017974037 0.013046333 0.03671621 0.64622015 0.005163196 0.001043133 0.0003696697 0.00019224336 0.005256875 0.0007029955 0.00014139224 0.00038289465 5.96511e-06 0.001339201 0.17363922 0.0011279698 0.13373518 0.00039871666 4.13683e-05 1.662401e-05 0.0171583 0.0044997274 0.0052036634 0.00023994401 0.0047975467 6.1683924e-05 0.0018268885 0.0002701615 0.00024734472 0.00021218751 0.0005624603 0.0005486512 0.018915731 2.8813703e-05 0.00068111194 0.00044707902 1.7655895e-05 0.00037239408 0.0018642811 0.14803123 0.022741476 6.003267e-06 0.2780775 1.2014627e-05 0.00017122958 0.00015391604 4.479417e-05 3.5618097e-05 0.00061268057 0.0004773912 0.00017388904 9.3752715e-05 2.5874922e-06 0.00069097185 0.0001315841 1.1580702e-06 0.00013128476 0.00012781755 1.9501094e-06 7.4366e-07 1.5750364e-05 9.525681e-05 6.0207974e-05 0.00017047337 4.2449723e-05 1.6322633e-07 1.5711139e-06 5.838374e-05 0.00029989085 4.987921e-06 6.985003e-08 0.0006318045 2.2331157e-08 3.431041e-05 9.896769e-10 0.0027845502 7.005941e-07 4.4849487e-05 0.005331573 1.3256819e-06 0.00013779865
0.77681637 0.80685633 0.92114514 4.3086504e-15 0.09909439 0.95788765 0.7087125 0.036084715 0.7725046 0.014909615 0.50493646 0.34819597 0.3130334 0.14367914 0.19317414 0.000118395365 0.9778598 0.13253619 0.104919545 0.13483466 0.072812796 0.09910148 0.0005426193 0.6445773 0.0025211256 0.3643311 3.9565037e-07 6.92295e-06 0.021385167 0.011747782 4.98239e-07 2.0755415e-05 5.2597102e-08 6.4306164e-06 0.29870278 0.00023107628 0.59708023 2.9739804e-05 1.1516692e-06 6.6422643e-07 0.072553195 0.17855448 0.0014103173 3.0866166e-05 0.0049877246 7.1494205e-06 0.00016572209 5.3749314e-05 0.002908096 2.0720725e-05 8.5907224e-05 0.0021201659 0.21106686 0.00018395232 1.7360056e-06 0.0018711879 1.834002e-06 0.0013037627 0.00049906934 0.46469486 0.02177618 1.8261654e-08 0.030007487 9.7592325e-05 0.0011616083 0.0002872036 0.00027551857 0.00017501054 0.00026307948 1.9240688e-05 0.04685084 0.0001275251 0.00028295672 0.00018545662 0.00011075727 0.00012779927 0.0004339305 0.0004511343 4.2520338e-07 6.5667454e-09 4.960618e-05 8.537951e-05 5.5351946e-05 0.00012573312 0.00011371192 8.393955e-06 3.1394302e-05 0.019134924 0.00020880761 0.00015410478 4.459994e-06 0.00088466035 6.096141e-10 0.0009767865 1.11495806e-10 0.0017412206 5.469426e-06 0.00029839482 0.0024977135 3.5285798e-06 0.00050795835
0.5340813 0.80783904 0.94431627 0.09909439 8.773273e-17 0.00040294538 0.6639752 0.9838007 0.0009628992 0.96260405 0.0069128326 2.3498966e-05 0.4137505 0.10486856 0.013634172 0.81672645 0.04398556 4.365086e-07 2.4293648e-05 2.0639429e-07 6.2685695e-06 0.00035566653 0.425427 0.22841704 0.022394124 1.9095488e-07 0.21254283 0.07043036 0.0020574608 1.0655979e-05 0.06681508 0.023462044 0.00430536 0.12653124 0.03342938 0.024604276 0.006699895 0.029909397 0.012482256 0.0021642433 0.00050147605 8.581784e-06 0.01725134 0.007401584 0.0020924956 0.0015781443 0.02186315 0.0023523925 3.18905e-06 0.01013164 0.0039369226 7.3775986e-06 5.402528e-05 4.129388e-07 0.020585082 4.2527725e-05 0.00076115347 6.560099e-05 0.0037807813 0.0015065608 0.009977204 0.0003630912 0.15582275 1.0073903e-06 8.202521e-06 5.4867945e-05 4.281715e-07 2.6758755e-06 0.0007071139 0.003155757 2.2465487e-07 2.704725e-05 1.4595167e-07 0.00073537894 5.4037188e-05 1.099639e-08 3.5229982e-06 2.4409857e-05 4.9780077e-08 2.8220509e-06 3.5907757e-07 4.3441305e-05 5.355177e-05 0.00015945623 1.0297503e-05 1.5787686e-09 5.4243037e-07 1.1694014e-08 0.00017999172 4.2872202e-08 5.100159e-09 0.00025972008 2.053778e-07 3.4420262e-07 1.3186333e-08 0.0006711771 1.353737e-09 2.425131e-07 0.0010285671 2.2936852e-08 4.9726705e-06
0.9749202 0.8216477 0.16765597 0.95788765 0.00040294538 2.1002733e-11 0.033583727 6.0640046e-05 0.9651748 0.00016414009 0.8569653 0.5413015 0.27655908 0.14101304 0.3251337 1.0842858e-05 0.8912786 0.47469845 0.29527506 0.48061502 0.17569982 0.3449638 1.5221203e-05 0.07824066 0.0007946229 0.6899835 4.435209e-07 6.640285e-06 0.028811714 0.01294159 6.49929e-07 1.6697115e-05 1.0207203e-06 8.473929e-06 0.08915671 3.4925215e-05 0.51845515 7.3427063e-06 7.978185e-07 9.2870397e-07 0.04862778 0.43816695 0.0013796214 2.0228224e-05 0.005892813 1.1053751e-05 0.0001703965 0.00012921944 0.0013176724 1.5135178e-05 0.0001077147 0.0005399497 0.65012294 0.000115148134 2.3502225e-06 0.0023376625 2.28283e-07 0.0017975726 0.0005460715 0.7328421 0.0015269759 3.2400674e-06 0.00041726528 0.00033734742 0.0004343926 0.0007708738 0.00043249584 0.00038745263 0.0001459327 9.861083e-06 0.018867243 0.00066071696 0.00011344512 0.000120711156 0.0002890104 0.000113579576 0.0007772885 0.0011817918 2.3955602e-06 5.944433e-08 9.482537e-05 0.00033710897 0.00038720737 0.0004068457 0.00034701347 3.5338437e-06 0.00011005256 0.03453032 0.0002953586 0.00015809256 2.320217e-05 0.0020327782 1.7339556e-08 0.0031600322 2.6561656e-10 0.0022664708 6.7411405e-05 0.0004742483 0.001977163 0.00011867787 0.0061375275
0.87694633 0.9403068 0.94320565 0.7087125 0.6639752 0.033583727 2.0952017e-13 0.91007566 0.0074600945 0.64697045 0.024914738 0.0005095038 0.35531527 0.038570598 0.0054771053 0.006407933 0.67711514 2.348362e-05 0.0001705952 2.1803035e-05 0.0001329238 0.00064164173 0.0019401446 0.95324576 0.00078308047 5.051853e-05 0.000112082074 0.00052265846 0.00042760166 9.142665e-05 7.540143e-05 0.00016674875 0.00010915989 0.0017924609 0.7633537 0.0001934491 0.69322443 9.274189e-05 1.8938867e-05 4.0755385e-05 0.57868475 0.003514056 0.0015171575 0.00014976099 0.000544808 7.7156255e-05 0.00049802405 0.0003867617 0.00010617792 0.0001349532 0.0003984483 1.7266018e-05 0.052046627 4.401571e-05 0.0024764838 0.00011352262 1.0405788e-05 0.00023465253 0.00048778186 0.81188077 0.31476608 0.00021154074 0.3705917 2.4419149e-05 3.0171517e-05 0.00011977531 7.678076e-06 4.554349e-06 0.0002171094 8.265534e-05 0.0001648075 7.53754e-05 2.6092214e-06 8.897712e-05 2.2034537e-05 1.3162474e-06 8.327612e-05 5.456441e-05 0.007430738 0.00023001521 6.395987e-06 0.000102177415 6.78258e-05 0.0001501159 6.330974e-06 8.777464e-08 9.481285e-06 0.0010065683 0.00010188833 5.35499e-06 2.3595608e-06 0.00018053429 6.701799e-06 0.00024053833 2.4903954e-07 0.00033491792 5.6919375e-06 0.00029542172 0.0007327405 1.068758e-05 0.092080176
0.7239417 0.6139313 0.95082074 0.036084715 0.9838007 6.0640046e-05 0.91007566 4.2835643e-13 0.000116207746 0.9526915 0.00054891186 1.2409199e-05 0.17824769 0.01660723 0.0008454378 0.70773375 0.027367597 1.2361221e-07 4.001976e-06 6.31459e-08 3.2974374e-06 1.77367e-05 0.3987143 0.5772882 0.00056427356 5.814924e-07 0.29696533 0.11799085 0.00013521407 1.07102305e-05 0.088415384 0.009397579 0.009186939 0.5716228 0.18720894 0.0050554895 0.02920843 0.015018192 0.005476943 0.0015493132 0.03854906 7.4705886e-06 0.0017239818 0.0021152038 0.00013800868 0.00041560052 0.005624589 0.0007363926 9.039938e-06 0.001146165 0.0010324122 4.222042e-06 0.0005731568 1.0853767e-06 0.18812403 1.22090805e-05 0.00010038668 1.7628907e-05 0.00037596482 0.07144989 0.064117946 0.004129292 0.5053036 9.412356e-06 4.131517e-06 3.2284162e-05 4.393389e-07 2.5342872e-06 7.334088e-05 0.0014326072 3.3517672e-06 2.0260179e-05 1.4193988e-07 0.00014696048 2.6273257e-05 5.6118903e-08 1.17506215e-05 4.1341464e-06 8.131375e-05 7.526614e-05 1.8938154e-06 2.4718473e-05 2.8195238e-05 2.8870782e-05 5.9276595e-06 1.977533e-08 4.1886804e-07 8.198962e-08 5.7253787e-05 5.498622e-07 2.2201256e-07 3.7503647e-05 2.430892e-05 4.0069176e-06 6.8135097e-07 0.00036515528 2.9068008e-07 2.5895633e-06 0.004194685 1.0722156e-07 0.000272966
0.92173946 0.38323846 0.06943274 0.7725046 0.0009628992 0.9651748 0.0074600945 0.000116207746 3.1378913e-11 6.347106e-05 0.94870734 0.9441202 0.17288107 0.1463602 0.41532156 2.355917e-05 0.2572109 0.67423695 0.7230348 0.5752719 0.6218276 0.7370439 1.595751e-05 0.0031142032 0.0069004996 0.3520982 7.5738706e-07 4.883173e-06 0.22723065 0.2182063 3.1997598e-07 2.7560174e-05 2.2260598e-07 3.6785093e-07 0.0012662641 0.00010171599 0.015477361 1.5280631e-05 9.732594e-07 5.188965e-07 0.00016012492 0.031915165 0.0029332782 2.0454592e-05 0.025488554 1.7480663e-05 0.00030252754 0.00015486573 0.016634185 2.012265e-05 5.728808e-05 0.0036314367 0.03825611 0.00054632494 9.2541507e-07 0.01082482 2.716283e-06 0.0055782455 0.00081801077 0.041197162 1.5153276e-05 4.804134e-08 1.8338e-07 0.0016171797 0.002108106 0.0013301111 0.0032116144 0.0015607196 0.00025176033 2.3838196e-05 0.024802959 0.0012169452 0.00055750285 0.00011212986 0.0008526511 0.00022753631 0.002667174 0.0019889488 1.4057838e-08 3.4866893e-08 0.00028965055 0.00060475536 0.00047426778 0.00067152444 0.00067176396 1.803941e-05 0.00028812015 0.006766874 0.000818209 0.0005562505 1.8846942e-05 0.002334549 5.9154757e-09 0.0005300488 5.3712135e-10 0.006567764 5.5247096e-05 7.234865e-05 0.0041235215 6.370371e-06 0.00028104783
0.9508081 0.677492 0.6299084 0.014909615 0.96260405 0.00016414009 0.64697045 0.9526915 6.347106e-05 2.0615593e-12 0.00043647553 1.951703e-05 0.4565726 0.06596681 0.0017288635 0.9749829 0.0029343779 4.908173e-07 5.303051e-06 2.0418047e-07 3.0380832e-06 0.00013356055 0.9018697 0.06104301 0.06880254 1.8723792e-07 0.37615177 0.054903034 0.0028689438 4.5689027e-05 0.17578742 0.18574145 0.02624239 0.25469214 0.03382957 0.11245806 0.008186438 0.14568147 0.07063796 0.005427847 0.0025257966 1.3024533e-06 0.01588995 0.02083079 0.0025011338 0.0025432494 0.03222972 0.011435218 6.824507e-05 0.012345696 0.004079945 3.3917943e-06 2.3552702e-05 9.053043e-06 0.045168832 0.00039847335 0.00056475267 0.0006246177 0.0073844064 0.0043479754 0.006993339 0.006165276 0.014274107 0.00011715011 1.3129696e-05 0.0009041952 1.3611123e-05 4.2480096e-05 0.0029000172 0.004197016 8.564549e-06 0.00020049562 2.810683e-07 0.0016063295 0.00036443427 1.4036492e-07 6.592617e-05 0.00043428282 2.1957594e-05 1.1197027e-05 2.4599606e-06 0.0004446258 0.00036333504 0.0008852241 0.0001104123 2.982016e-08 4.1412845e-06 6.6542575e-06 0.0020251255 3.589309e-06 7.0142505e-07 0.00054279325 1.7160384e-05 1.9585975e-06 5.2830615e-06 0.00070880214 2.3497498e-06 2.7892372e-06 0.00023812715 1.9645489e-07 0.0028765586
0.9572191 0.4860142 0.10591283 0.50493646 0.0069128326 0.8569653 0.024914738 0.00054891186 0.94870734 0.00043647553 1.0376379e-12 0.5116457 0.64275885 0.63057816 0.94750845 0.00011403423 0.04234529 0.15517308 0.4322503 0.14038257 0.20395099 0.9479769 0.00034304982 0.00087484583 0.18549712 0.032668922 2.4161946e-07 1.13198985e-05 0.69155544 0.34691623 3.7195855e-07 9.1838156e-05 3.551745e-07 7.3184367e-07 9.019525e-05 0.00056301145 0.003934363 2.611563e-05 2.438093e-06 5.5779736e-07 1.2140263e-05 0.0031963715 0.026142314 7.329585e-05 0.13779008 5.3413034e-05 0.0008289153 0.0011496829 0.011284637 0.00014455889 0.00016001302 0.002615682 0.003225808 0.0007209663 6.1578595e-07 0.026814932 5.9108374e-06 0.019430527 0.004577266 0.0065216487 1.4796343e-06 1.5433685e-08 1.06885e-08 0.0033524658 0.002530048 0.0038559774 0.0041055433 0.0019742302 0.00071566476 7.7872945e-05 0.0019583493 0.0025289867 2.2986093e-05 0.0010830695 0.0022510302 1.588798e-05 0.0035416358 0.0055708396 1.1160309e-09 4.3278273e-10 0.00017898934 0.0018682529 0.0013722326 0.0039391965 0.0011226265 3.1310643e-07 8.056633e-05 0.00073823665 0.0026148364 7.883846e-05 1.0383117e-07 0.0077565503 3.2645545e-10 0.0001358022 3.4856066e-11 0.016604817 3.0896983e-06 0.00011921168 0.0074517787 6.929806e-06 3.6628582e-05
0.8738801 0.017370451 0.0059609767 0.34819597 2.3498966e-05 0.5413015 0.0005095038 1.2409199e-05 0.9441202 1.951703e-05 0.5116457 2.1378966e-12 0.013344832 0.010363491 0.08357512 2.5107695e-06 0.089830615 0.9154203 0.92064774 0.90572315 0.9612997 0.68608356 2.7632927e-06 0.0006082426 0.00044249115 0.60359824 2.1780319e-07 1.7464489e-06 0.1268365 0.41478628 1.00755884e-07 5.6094023e-06 1.0234628e-07 7.248833e-08 0.00020293605 1.5551315e-05 0.002240623 1.3518917e-06 7.800528e-08 1.0864407e-07 8.621281e-06 0.06341383 0.0006973023 4.442755e-06 0.01394227 1.9872336e-06 3.422554e-05 2.3631019e-05 0.10456569 2.6549226e-06 3.4547093e-06 0.029483216 0.023857543 0.0074712625 5.649037e-08 0.01625686 1.06929306e-07 0.0046365866 0.00042099238 0.016759612 1.7490007e-06 1.1380062e-08 3.8387884e-09 0.0010967585 0.008595668 0.0009972851 0.01233508 0.0033589161 0.00018740844 7.9001065e-06 0.06505451 0.0013036687 0.0073676044 0.00018706454 0.00059916655 0.00064158725 0.007989931 0.002470648 1.07199104e-10 6.8750505e-10 0.0015426521 0.00043816064 0.00044573564 0.0005551598 0.0007680727 4.8938608e-05 0.0018664392 0.009673941 0.0012739054 0.0024563915 2.0738853e-05 0.005273938 2.3608074e-10 0.00015102715 3.458666e-11 0.0069880853 0.0002372377 6.534199e-07 0.010151376 3.3971114e-07 1.6944559e-06
0.9435799 0.85496 0.529224 0.3130334 0.4137505 0.27655908 0.35531527 0.17824769 0.17288107 0.4565726 0.64275885 0.013344832 8.1036827e-13 0.9781824 0.90574497 0.36500773 0.038827296 0.00068505807 0.0076590697 0.00037973837 0.0028253568 0.15643284 0.6186176 0.006858821 0.92874736 0.0015205694 0.0026243797 0.0015478134 0.48730943 0.03814589 0.0017018222 0.09827757 0.00043766745 0.0062108464 0.0017102157 0.20907578 0.0071511664 0.027254837 0.0021072677 0.00021953814 0.00045685217 0.0004986609 0.29723334 0.0077181538 0.2376299 0.00077127083 0.025100714 0.019195024 0.00069852336 0.011817629 0.0029428273 0.00036999185 0.003129688 0.00014654844 0.0009252162 0.01101914 0.00032161872 0.02478277 0.053827345 0.037033416 0.0003909317 4.0654028e-05 0.0014401076 0.0049524056 0.00024183445 0.010331652 0.0005492721 0.00072404044 0.01006797 0.0074247555 0.0006577056 0.0030743324 2.0939888e-06 0.010099035 0.004375846 7.0583576e-07 0.0010659633 0.0053290413 9.933927e-07 7.442066e-08 6.730137e-05 0.0049006357 0.003426666 0.010863938 0.0013733532 1.07046034e-07 2.5022442e-05 0.00042691873 0.00832849 8.0563295e-06 4.7827655e-07 0.0065699597 2.0070967e-08 3.803583e-05 1.8787145e-09 0.017947514 1.0927196e-06 0.00047484206 0.0027147168 9.094138e-06 0.0027017293
0.9061829 0.5845779 0.14210989 0.14367914 0.10486856 0.14101304 0.038570598 0.01660723 0.1463602 0.06596681 0.63057816 0.010363491 0.9781824 1.9474541e-15 0.9549771 0.10320081 0.018188693 0.00020774911 0.006496471 0.0001310176 0.0012369242 0.26547876 0.3936867 0.0015230724 0.90809315 0.00036142633 0.000625242 0.0007405344 0.6390457 0.0655192 0.0018250898 0.09173689 8.4436004e-05 0.0008269212 0.00031263276 0.23860858 0.0024116943 0.026112087 0.0041957973 0.0004681819 8.322194e-06 0.0001594196 0.29575187 0.011588106 0.24570344 0.0017359819 0.03687938 0.02531393 0.0005350809 0.013726293 0.0033891124 0.00035734288 0.0013876513 3.81626e-05 0.0002703893 0.012352804 0.00021854257 0.021502307 0.05182624 0.0071419864 5.9518134e-06 6.620648e-07 1.1941985e-05 0.0052733845 0.00047024837 0.010784067 0.0006092591 0.0007420398 0.0095764855 0.004192787 5.3249063e-05 0.0038590233 1.7275802e-07 0.011166705 0.0053863465 5.7960083e-08 0.00055511354 0.0032374992 3.438914e-10 1.6556907e-09 4.221935e-05 0.0046518645 0.003217787 0.012208399 0.0014415277 1.2466145e-09 2.9261855e-06 1.48981835e-05 0.005137473 1.0749488e-06 8.280965e-09 0.00448264 5.614336e-10 1.6009711e-06 1.0057751e-11 0.012154259 8.654111e-09 8.867081e-05 0.0014363782 1.0057747e-06 6.554048e-06
0.941386 0.3724656 0.052561056 0.19317414 0.013634172 0.3251337 0.0054771053 0.0008454378 0.41532156 0.0017288635 0.94750845 0.08357512 0.90574497 0.9549771 1.3441842e-16 0.0028013024 0.014814051 0.0047300463 0.0677268 0.0036842716 0.022734705 0.7915418 0.019955812 0.00013402205 0.78198385 0.002116698 8.264764e-06 9.305489e-05 0.8945033 0.3081495 9.026701e-05 0.002483943 7.5842327e-06 1.5630161e-05 9.380755e-05 0.016884329 0.001304912 0.0007489256 2.72036e-05 2.907009e-05 9.0292065e-07 0.00031387314 0.11419111 0.00024641238 0.3400932 0.000225416 0.0031469679 0.0033579182 0.0016829909 0.0008834096 0.00058169797 0.0037535832 0.0017891938 0.00040877692 1.8287814e-06 0.038897716 3.109956e-05 0.036196087 0.021972721 0.0037396199 6.9568716e-07 6.219217e-08 1.7450212e-07 0.005887609 0.0031387405 0.012777613 0.0038160111 0.004615641 0.004536243 0.0006185769 0.00011410342 0.0062280498 3.7423325e-07 0.0086409515 0.0072510913 2.4794707e-07 0.0027063596 0.008396253 7.541939e-11 1.5147233e-09 0.0002651183 0.0059372503 0.0037495992 0.014613165 0.0029199708 4.860029e-09 2.544996e-05 5.003536e-05 0.009415903 2.3915993e-06 1.8021241e-08 0.019212151 1.1633351e-11 7.793196e-06 1.5362022e-12 0.022091396 5.984466e-08 3.0483414e-05 0.005157858 1.3440705e-06 1.0622005e-06
0.875503 0.11954707 0.0919585 0.000118395365 0.81672645 1.0842858e-05 0.006407933 0.70773375 2.355917e-05 0.9749829 0.00011403423 2.5107695e-06 0.36500773 0.10320081 0.0028013024 7.091326e-14 9.739953e-06 8.028855e-08 5.0419663e-07 8.91676e-08 1.0302281e-06 1.4602089e-05 0.9783157 0.00044843522 0.21590428 2.3624571e-09 0.86594975 0.22584482 0.0016098537 1.2514603e-05 0.8576184 0.551851 0.05938999 0.09486104 5.1928164e-05 0.4065035 8.353602e-06 0.59596366 0.51443213 0.16250084 2.0696154e-07 7.518611e-08 0.09189129 0.14657843 0.01377861 0.021418279 0.2202969 0.042776298 1.8474591e-06 0.14463086 0.09525082 8.382875e-06 1.0570331e-05 4.4796133e-07 0.0076143923 0.00027613252 0.011403227 0.00029286678 0.026418893 5.8035475e-06 6.265005e-05 0.00045998942 0.015856126 2.0408197e-05 5.616265e-06 0.00042653256 2.380672e-06 3.168232e-05 0.0071616876 0.028482478 2.8571522e-08 3.8701e-05 2.8695114e-08 0.005666982 0.00057770865 9.00536e-09 9.026121e-06 0.00021575682 4.743362e-10 4.472263e-07 5.576405e-07 0.0005444935 0.00043361896 0.0015279629 0.00018220965 3.3489982e-09 1.6115862e-07 1.3201129e-08 0.0013983449 6.432972e-08 5.1094284e-09 0.0015325708 7.564731e-07 7.39959e-08 3.3803286e-07 0.0018820907 5.0389404e-10 2.1208873e-08 9.791153e-05 5.8107304e-08 1.5158544e-06
0.51181257 0.5455409 0.6220459 0.9778598 0.04398556 0.8912786 0.67711514 0.027367597 0.2572109 0.0029343779 0.04234529 0.089830615 0.038827296 0.018188693 0.014814051 9.739953e-06 1.6078828e-15 0.19764614 0.0345508 0.21368401 0.028147345 0.011854654 1.9118468e-05 0.959559 4.2069798e-05 0.48489204 4.4184776e-07 4.9466557e-06 0.0009115011 0.0010318639 4.6057295e-07 2.619711e-06 1.5191459e-07 4.547943e-06 0.6531504 5.6222263e-05 0.9125945 1.0498499e-05 3.7968599e-07 1.2819867e-06 0.24250448 0.48875418 0.00011655624 6.728318e-06 0.0005076409 5.504391e-06 2.2439213e-05 4.5590245e-06 0.0008130744 4.881008e-06 3.5279709e-06 0.0014826304 0.4678719 0.00025434783 1.4131237e-05 0.00060053007 1.0794978e-06 0.000101446865 5.2082956e-05 0.61516017 0.10727003 2.102518e-07 0.08538508 2.2693664e-06 5.0614206e-05 2.1535772e-05 4.1078638e-05 2.8577915e-05 3.179328e-05 1.2580142e-05 0.04467083 3.3758253e-05 0.00024512046 1.8960664e-05 2.173583e-05 7.997909e-05 0.00011173458 4.8939542e-05 0.00019274178 1.513945e-07 0.00010723196 4.0527e-06 6.928313e-06 2.455766e-05 1.0369155e-05 4.1726903e-06 4.364599e-05 0.040625684 1.446319e-05 2.3228475e-05 2.3182243e-05 0.000352076 1.0926179e-09 0.006744115 2.434642e-10 0.0010050538 4.2808965e-06 0.0019684567 0.0051086987 3.3132786e-05 0.0076674265
0.9503871 0.00022275794 0.00025730798 0.13253619 4.365086e-07 0.47469845 2.348362e-05 1.2361221e-07 0.67423695 4.908173e-07 0.15517308 0.9154203 0.00068505807 0.00020774911 0.0047300463 8.028855e-08 0.19764614 8.416421e-14 0.85954714 0.97742444 0.92606467 0.34848118 2.5310166e-08 0.00014569519 1.62002e-05 0.9443733 2.465537e-09 5.429902e-08 0.031005109 0.18833637 6.5124244e-09 6.4358346e-07 1.7779307e-09 2.9684064e-09 0.00013124572 7.47717e-07 0.010440366 7.078105e-08 8.587567e-09 2.1829674e-08 7.800019e-05 0.5282161 0.00011555594 4.4915402e-07 0.003957578 4.453523e-07 5.2064456e-06 5.387877e-06 0.18063349 4.50542e-08 8.832234e-07 0.05169427 0.27283087 0.014597536 4.8692915e-08 0.016455757 4.3960522e-08 0.0019661265 0.000103055536 0.12285091 1.2889997e-05 1.9278293e-08 2.5593183e-08 0.00083332247 0.0117703 0.0003311041 0.018353485 0.003429924 6.674077e-05 2.4080136e-06 0.6473895 0.00077394256 0.19789444 6.378952e-05 0.0003074004 0.041712776 0.0065535023 0.002692562 6.8785164e-09 6.838122e-09 0.0031230007 0.00032642155 0.00043139764 0.000156568 0.00063974573 0.006200407 0.009777758 0.19524887 0.0003811664 0.005886 0.0023453431 0.0051511214 4.8154036e-10 0.007890202 2.9841733e-11 0.0054016043 0.00082455284 1.6658338e-05 0.046806194 2.9859591e-05 1.3125641e-05
0.9711227 0.004743691 0.0040068896 0.104919545 2.4293648e-05 0.29527506 0.0001705952 4.001976e-06 0.7230348 5.303051e-06 0.4322503 0.92064774 0.0076590697 0.006496471 0.0677268 5.0419663e-07 0.0345508 0.85954714 3.1916678e-11 0.8436037 0.9682984 0.817834 4.1508508e-07 0.00010049234 9.455726e-05 0.45725727 1.11264626e-07 1.0315297e-06 0.33467346 0.77848893 4.8859164e-08 3.4887948e-06 1.4358781e-07 3.2722772e-07 0.00010628591 4.3315154e-06 0.0013912829 3.385029e-07 7.458792e-08 2.614107e-07 8.136573e-05 0.0288162 0.0008055204 5.620755e-06 0.03572601 5.337584e-06 2.524921e-05 4.6909696e-05 0.35187906 3.2587053e-07 2.8725835e-06 0.15198734 0.024637872 0.032337952 6.4758035e-07 0.10058857 1.09957234e-07 0.010656848 0.0008267335 0.011974758 4.1481862e-06 6.6720936e-08 6.752146e-08 0.0051576192 0.03710331 0.0016303539 0.058931466 0.0128975045 0.00024575947 6.179824e-06 0.31405202 0.0020746847 0.0976146 0.00022896797 0.0007777668 0.0065524173 0.013738557 0.007941714 5.1730398e-09 8.889399e-09 0.0034424914 0.0010520626 0.0011421882 0.00054450496 0.0013563038 0.003493961 0.00783466 0.018344766 0.0010856014 0.0042829383 0.0005380758 0.0105871195 1.1879635e-09 0.00019771431 4.3896714e-10 0.01377252 0.0009590509 4.876748e-07 0.02653907 7.542113e-07 0.00012315737
0.9397718 0.00014602917 0.00014456206 0.13483466 2.0639429e-07 0.48061502 2.1803035e-05 6.31459e-08 0.5752719 2.0418047e-07 0.14038257 0.90572315 0.00037973837 0.0001310176 0.0036842716 8.91676e-08 0.21368401 0.97742444 0.8436037 1.078067e-13 0.91256243 0.2935908 1.1170984e-08 0.00011642683 9.487879e-06 0.9557707 1.9105508e-09 3.390682e-08 0.025111662 0.16361831 5.98007e-09 3.168063e-07 1.1236349e-09 2.877018e-09 9.7630305e-05 4.2418964e-07 0.011569052 4.1827423e-08 1.0665915e-08 1.1195941e-08 4.138211e-05 0.5447019 5.4956712e-05 3.1626686e-07 0.0030210197 2.7342722e-07 3.1823056e-06 7.9358315e-06 0.18969126 5.635606e-08 2.6816733e-07 0.04162476 0.24961561 0.01681746 4.883224e-08 0.0103254905 2.1854419e-08 0.0014910958 5.285246e-05 0.095553175 9.673636e-06 7.081937e-09 2.5477993e-08 0.00067941746 0.008430751 0.00019622545 0.011811411 0.0021558818 4.7050024e-05 1.5015397e-06 0.67034405 0.0005065709 0.29334384 4.7530735e-05 0.00016586376 0.042186216 0.007189275 0.0015473797 5.289251e-10 1.2105209e-09 0.003225591 0.00015524086 0.0002181619 0.0001193368 0.000314488 0.008985596 0.011252333 0.17429958 0.00032976668 0.0077329925 0.0025930542 0.0032527647 1.2452664e-10 0.0063697943 1.103859e-11 0.004079085 0.00062667974 1.0724469e-05 0.040995978 1.4739748e-05 1.7471152e-06
0.91977334 0.0018981533 0.0017974037 0.072812796 6.2685695e-06 0.17569982 0.0001329238 3.2974374e-06 0.6218276 3.0380832e-06 0.20395099 0.9612997 0.0028253568 0.0012369242 0.022734705 1.0302281e-06 0.028147345 0.92606467 0.9682984 0.91256243 3.6099897e-11 0.6120373 3.0479603e-07 5.078421e-05 3.0839477e-05 0.47684175 5.6419843e-08 9.150629e-07 0.14915241 0.5695167 5.451299e-08 1.332604e-06 5.8397955e-08 1.1471064e-07 5.005622e-05 1.8707649e-06 0.00077381445 2.9825864e-07 6.4686404e-08 1.504354e-07 1.5588555e-05 0.03424692 0.000230836 2.0861135e-06 0.016406817 4.3139325e-06 1.4387651e-05 3.668655e-05 0.41248178 4.2555104e-07 1.3157454e-06 0.22506766 0.015577633 0.07315167 1.3130935e-07 0.049059767 7.282563e-08 0.0066181174 0.00045388998 0.010781229 6.5873814e-07 4.184035e-08 1.5035155e-08 0.0034186463 0.04133187 0.0009349535 0.05232478 0.008660103 0.0002134613 7.4582877e-06 0.20660108 0.0009997205 0.09628827 0.00018661587 0.0004319532 0.0062671895 0.021208981 0.0038792088 8.94189e-10 2.3397086e-09 0.0050598285 0.0007229365 0.00068228703 0.0002437851 0.0007913925 0.004263083 0.012040981 0.01986072 0.0012329441 0.013176574 0.000702374 0.0071069915 2.350662e-10 0.00010752739 7.253067e-11 0.008604621 0.0011608585 2.2788254e-07 0.032756317 5.123164e-07 1.0136926e-05
0.9643499 0.03332706 0.013046333 0.09910148 0.00035566653 0.3449638 0.00064164173 1.77367e-05 0.7370439 0.00013356055 0.9479769 0.68608356 0.15643284 0.26547876 0.7915418 1.4602089e-05 0.011854654 0.34848118 0.817834 0.2935908 0.6120373 3.558902e-13 3.8198104e-05 2.0329448e-05 0.10786101 0.037386686 1.6143089e-07 5.8570586e-06 0.8702761 0.96009934 2.8613093e-07 2.801838e-05 3.0477253e-07 3.7354187e-07 5.3398335e-06 7.55546e-05 0.0005168605 3.851894e-06 4.3025577e-07 9.38367e-07 5.16271e-07 0.0037210425 0.01614373 1.2146644e-05 0.19447085 2.2057413e-05 0.0002363475 0.00021237133 0.07954889 1.744108e-05 3.4453766e-05 0.072204344 0.0016831018 0.005046162 9.685308e-07 0.16165549 8.507154e-07 0.04205882 0.0035525488 0.00045993936 1.939374e-07 8.292788e-09 1.1083391e-09 0.011048451 0.018987836 0.0069978023 0.030877402 0.022443429 0.0011697669 3.7174897e-05 0.0068617063 0.006319926 0.0013158334 0.0012727166 0.0032161106 0.00037887937 0.011629217 0.02283736 1.4130278e-09 6.8734374e-10 0.0010514145 0.0022033392 0.0024126375 0.0060301987 0.0039219465 4.158239e-06 0.0008641869 0.0018168252 0.0050447234 0.0010099781 1.0358604e-06 0.027255306 1.8749119e-10 4.107131e-05 6.7494704e-11 0.025718546 3.0749434e-05 5.6465296e-07 0.022079945 1.4862671e-06 1.283169e-05
0.9457895 0.06793404 0.03671621 0.0005426193 0.425427 1.5221203e-05 0.0019401446 0.3987143 1.595751e-05 0.9018697 0.00034304982 2.7632927e-06 0.6186176 0.3936867 0.019955812 0.9783157 1.9118468e-05 2.5310166e-08 4.1508508e-07 1.1170984e-08 3.0479603e-07 3.8198104e-05 6.5651755e-14 0.00017218704 0.7223442 7.74611e-09 0.490244 0.07631411 0.026020993 4.535959e-05 0.6187277 0.8681974 0.020187678 0.016895369 1.937167e-05 0.78402203 6.5508425e-06 0.733918 0.6262069 0.11369145 7.529633e-08 1.6398025e-07 0.23195983 0.24349758 0.052395415 0.024442438 0.2798188 0.0994097 6.85509e-06 0.17993674 0.1189135 7.996188e-06 2.276269e-05 5.866957e-07 0.0021347476 0.000450892 0.0082457485 0.0010002112 0.07114603 0.00010221553 7.8892386e-05 5.998452e-05 0.0011332235 0.00026001822 1.5467922e-05 0.0016113297 6.385943e-06 8.738505e-05 0.022059392 0.04699834 6.367431e-08 0.00015663521 2.7715863e-09 0.015829315 0.0011787099 2.1661024e-09 0.00014144053 0.00023881168 7.2843376e-09 8.458385e-08 9.825013e-07 0.0016537437 0.0012715482 0.0054908805 0.00053451816 7.7602735e-10 4.8447323e-08 3.7127455e-07 0.0055893697 3.11929e-08 4.0912593e-09 0.00191807 2.4254028e-08 2.6054803e-07 7.1978974e-08 0.0032385602 2.7333047e-09 5.3474825e-08 0.0002610907 7.121588e-08 1.3242092e-05
0.13144037 0.30660015 0.64622015 0.6445773 0.22841704 0.07824066 0.95324576 0.5772882 0.0031142032 0.06104301 0.00087484583 0.0006082426 0.006858821 0.0015230724 0.00013402205 0.00044843522 0.959559 0.00014569519 0.00010049234 0.00011642683 5.078421e-05 2.0329448e-05 0.00017218704 3.125535e-17 2.2318865e-07 0.0020207837 4.8617538e-05 0.0010764011 2.7225622e-06 2.3281666e-06 7.863313e-06 6.5783854e-07 6.915642e-05 0.0030148535 0.98057526 6.5556296e-06 0.8627143 1.1739235e-06 1.7594692e-07 1.7362904e-06 0.51617587 0.0041083638 1.4066631e-05 4.32925e-07 1.1527751e-05 5.6355293e-07 1.0134896e-05 1.5766435e-06 7.938965e-06 9.556489e-07 1.1131192e-06 4.6989326e-06 0.1069005 5.663737e-06 0.0028498075 1.855824e-06 3.4896314e-07 2.0387683e-06 4.431317e-06 0.54818946 0.37542722 3.9171653e-05 0.66036785 7.8584385e-08 6.0831127e-07 1.5999302e-06 1.31317e-07 1.818783e-07 6.6698544e-06 4.9382732e-05 1.6982067e-05 1.7475934e-06 1.616253e-07 3.9301963e-06 3.3229255e-06 3.952427e-09 1.171586e-06 3.5071173e-07 0.002402175 0.0003956891 2.392449e-07 1.5846313e-06 1.4090024e-06 2.999183e-06 5.455317e-07 1.3390078e-08 5.067071e-07 1.769367e-05 4.1017825e-06 1.0735124e-08 3.7839984e-09 5.0505714e-05 4.5922584e-06 9.060714e-06 5.285112e-08 0.00022394073 1.7564163e-09 7.413968e-05 0.024125898 2.3265652e-07 0.0045318734
0.9852706 0.039573826 0.005163196 0.0025211256 0.022394124 0.0007946229 0.00078308047 0.00056427356 0.0069004996 0.06880254 0.18549712 0.00044249115 0.92874736 0.90809315 0.78198385 0.21590428 4.2069798e-05 1.62002e-05 9.455726e-05 9.487879e-06 3.0839477e-05 0.10786101 0.7223442 2.2318865e-07 2.9212855e-18 1.01448755e-07 0.0027535702 0.00025856815 0.8046672 0.06256151 0.022838367 0.7218176 1.4677298e-05 5.260804e-06 8.247375e-07 0.8372481 1.1799993e-06 0.26017535 0.111542955 0.00522423 6.7841053e-09 2.605048e-07 0.80597526 0.10081754 0.5074691 0.015176771 0.18231516 0.2631309 4.875204e-05 0.08793938 0.020514175 0.00017000256 8.999741e-06 9.988289e-06 4.2628812e-06 0.02736659 0.0006331318 0.055303294 0.15235814 3.9656003e-05 1.7851396e-07 2.7635956e-08 6.1765064e-08 0.004629517 5.40308e-05 0.019494165 0.0004794578 0.0029643278 0.03149321 0.0098361755 1.3167825e-06 0.0045204675 3.4618441e-09 0.020156289 0.010964709 3.2073302e-09 0.00022785075 0.011581748 8.703407e-09 1.5433648e-09 2.0355697e-05 0.009959365 0.008891779 0.017855417 0.0058480953 1.1420572e-08 4.3784544e-06 1.2604689e-05 0.018157348 1.0863454e-07 9.067009e-09 0.02395325 1.9397851e-10 4.6463657e-07 1.4813341e-10 0.017139427 9.9359445e-09 2.932537e-07 0.00088435755 8.2467025e-08 7.501151e-06
0.91511774 0.0038824882 0.001043133 0.3643311 1.9095488e-07 0.6899835 5.051853e-05 5.814924e-07 0.3520982 1.8723792e-07 0.032668922 0.60359824 0.0015205694 0.00036142633 0.002116698 2.3624571e-09 0.48489204 0.9443733 0.45725727 0.9557707 0.47684175 0.037386686 7.74611e-09 0.0020207837 1.01448755e-07 1.5917593e-15 1.0797978e-09 8.368165e-09 0.001930224 0.012223643 6.052555e-10 1.37929295e-08 1.384059e-10 1.4458692e-09 0.0022277283 7.439752e-08 0.08521528 1.144742e-08 6.173838e-10 8.1052254e-10 0.0028695802 0.9868844 2.0647672e-06 1.571595e-08 0.00015731636 1.9551504e-08 2.448073e-07 4.233462e-07 0.062060274 1.2011607e-08 2.4881674e-08 0.010655228 0.5076609 0.0070500337 5.3343263e-10 0.0021685436 1.4599607e-09 0.00024198373 3.1080658e-06 0.43111533 1.5409296e-05 1.2791356e-09 1.2506317e-06 1.9432306e-05 0.0017539787 3.942688e-05 0.0010943408 0.00015698186 2.218588e-06 2.0613503e-07 0.7514193 7.708226e-05 0.11535624 2.1868452e-06 2.36978e-05 0.050803818 0.0022232404 0.00060372765 5.8561813e-08 2.462102e-09 0.0025720617 3.3397428e-05 2.607454e-05 2.439108e-05 8.136736e-05 0.009815971 0.009683744 0.4370211 2.231082e-05 0.004807444 0.004923557 0.0009175106 1.02655606e-10 0.030505205 1.0557353e-11 0.0025983802 0.0015571536 0.0005942723 0.023308694 9.523892e-05 0.00094251026
0.95053124 0.000102220205 0.0003696697 3.9565037e-07 0.21254283 4.435209e-07 0.000112082074 0.29696533 7.5738706e-07 0.37615177 2.4161946e-07 2.1780319e-07 0.0026243797 0.000625242 8.264764e-06 0.86594975 4.4184776e-07 2.465537e-09 1.11264626e-07 1.9105508e-09 5.6419843e-08 1.6143089e-07 0.490244 4.8617538e-05 0.0027535702 1.0797978e-09 2.6332953e-13 0.96919185 0.00028113602 1.8390408e-06 0.9638698 0.17761308 0.9744351 0.44764218 2.1274787e-05 0.08596507 1.8946121e-06 0.4376389 0.510939 0.81150657 3.6646014e-07 1.0615304e-07 0.012424407 0.14899501 0.0008923605 0.1967373 0.15301804 0.031816937 1.7699211e-06 0.10307962 0.24120799 4.2150435e-07 6.5676445e-06 1.01713994e-07 0.03709203 4.9505947e-05 0.10528603 1.0747537e-05 0.012726431 1.6307953e-06 0.00011110702 0.009599829 0.0060898056 1.10875035e-05 1.32266e-06 4.2106803e-05 1.2998122e-07 8.378487e-06 0.0045794426 0.13722746 1.0801774e-08 9.2547025e-06 1.3514153e-07 0.0063288254 6.2919615e-05 3.0387845e-08 1.6102804e-05 4.613256e-05 3.4631849e-09 3.7194326e-07 5.3668105e-06 0.00011134866 0.00013298023 0.0007977649 5.077258e-05 1.2843184e-09 2.950683e-08 1.5764428e-07 0.003086462 1.9964722e-07 3.6311263e-08 0.00015061823 2.5363156e-06 7.038833e-08 1.6540267e-06 0.00031745914 1.514779e-08 3.670098e-08 2.076066e-07 4.796834e-09 5.947901e-07
0.861351 8.085821e-05 0.00019224336 6.92295e-06 0.07043036 6.640285e-06 0.00052265846 0.11799085 4.883173e-06 0.054903034 1.13198985e-05 1.7464489e-06 0.0015478134 0.0007405344 9.305489e-05 0.22584482 4.9466557e-06 5.429902e-08 1.0315297e-06 3.390682e-08 9.150629e-07 5.8570586e-06 0.07631411 0.0010764011 0.00025856815 8.368165e-09 0.96919185 2.2572335e-12 2.1063313e-05 1.8727891e-06 0.54136586 0.008282171 0.9800548 0.9901549 0.0010316375 0.006239598 1.930896e-05 0.038594764 0.065735966 0.30202684 3.6608366e-05 4.1461885e-08 0.0010206387 0.020077296 0.00019518027 0.047868855 0.010091799 0.0049097156 6.179317e-06 0.014936961 0.051039744 1.286251e-06 5.065177e-07 7.087792e-06 0.80244094 3.618635e-05 0.06702861 6.3998465e-05 0.002384461 2.2934306e-05 0.00356171 0.25816277 0.08019815 2.8275142e-06 3.7054397e-06 0.00011213275 1.1165383e-06 3.4885767e-07 0.0019293056 0.059947707 4.479107e-08 9.5839405e-06 7.129838e-08 0.001992004 0.00011518185 1.3923699e-07 1.2646929e-05 1.0069971e-05 7.772592e-06 3.035545e-05 2.1592027e-06 0.00027234503 0.00023210284 0.00075366773 6.8510767e-06 6.9293593e-09 1.9619738e-06 9.831264e-07 0.0017570256 6.8245265e-07 1.5820515e-07 5.7770885e-05 4.2033946e-05 3.3203705e-07 0.00020373419 0.00011189677 7.6439775e-08 1.714808e-07 7.728575e-06 4.8071653e-09 2.5247764e-05
0.97431314 0.008768404 0.005256875 0.021385167 0.0020574608 0.028811714 0.00042760166 0.00013521407 0.22723065 0.0028689438 0.69155544 0.1268365 0.48730943 0.6390457 0.8945033 0.0016098537 0.0009115011 0.031005109 0.33467346 0.025111662 0.14915241 0.8702761 0.026020993 2.7225622e-06 0.8046672 0.001930224 0.00028113602 2.1063313e-05 6.699078e-15 0.93543655 0.000860517 0.03440273 2.4030237e-06 2.6391851e-06 1.4435251e-06 0.07676966 2.1680762e-05 0.0031581584 0.0007085954 0.00089447317 2.4993497e-08 1.5401758e-05 0.56115115 0.00258874 0.8957845 0.0034988543 0.031300038 0.03389305 0.016291346 0.0057384246 0.0016328216 0.10946989 9.795664e-05 0.0035414468 1.45227195e-05 0.67358875 0.0002595658 0.2192361 0.14831668 0.000113050264 1.1558927e-07 5.1657164e-08 4.362181e-09 0.09417591 0.07213727 0.116726205 0.1360647 0.17874257 0.042514045 0.0016129771 0.00019514418 0.068875626 4.7519403e-05 0.01868086 0.061422486 1.00685675e-05 0.021707999 0.12604254 2.3438043e-09 1.1392981e-09 0.0013875191 0.036736354 0.027063675 0.03250625 0.0462829 3.7968834e-06 0.00017557021 0.00014169664 0.03220892 0.000115936426 3.8011046e-06 0.089464724 2.9384142e-10 2.2364302e-06 6.77266e-10 0.069580294 1.6396461e-05 7.031256e-07 0.015756981 6.3088214e-07 1.9978866e-06
0.9820715 0.0005060154 0.0007029955 0.011747782 1.0655979e-05 0.01294159 9.142665e-05 1.07102305e-05 0.2182063 4.5689027e-05 0.34691623 0.41478628 0.03814589 0.0655192 0.3081495 1.2514603e-05 0.0010318639 0.18833637 0.77848893 0.16361831 0.5695167 0.96009934 4.535959e-05 2.3281666e-06 0.06256151 0.012223643 1.8390408e-06 1.8727891e-06 0.93543655 2.873465e-16 2.9238063e-06 0.00014990431 2.3864058e-07 4.770459e-08 2.494433e-06 0.00020643359 2.420369e-05 1.7442144e-05 2.107759e-06 1.5687807e-05 1.256429e-07 0.00068962626 0.015707659 2.1501766e-05 0.2809664 0.0002434459 0.00071736117 0.00074555137 0.21405219 1.953858e-05 6.485551e-05 0.79175466 0.00072260806 0.05267013 5.971309e-08 0.8350869 8.423284e-07 0.13940445 0.011346925 7.329868e-06 5.9485618e-08 2.7455838e-09 3.0431604e-10 0.05318857 0.31597558 0.021238064 0.44709635 0.30764142 0.0035157006 6.896305e-05 0.002188595 0.049289227 0.011312058 0.004414831 0.017495966 0.003156973 0.093416296 0.14475648 3.5115277e-09 4.431382e-09 0.0088841375 0.011568357 0.00841177 0.022309588 0.05518807 5.9666723e-05 0.0070741754 0.00044776103 0.010419747 0.00862806 0.00018691171 0.15407807 2.8835045e-10 5.889377e-06 1.2915867e-10 0.101405464 0.0019306613 2.995995e-08 0.17863816 2.526513e-07 6.772844e-07
0.9479349 5.786336e-05 0.00014139224 4.98239e-07 0.06681508 6.49929e-07 7.540143e-05 0.088415384 3.1997598e-07 0.17578742 3.7195855e-07 1.00755884e-07 0.0017018222 0.0018250898 9.026701e-05 0.8576184 4.6057295e-07 6.5124244e-09 4.8859164e-08 5.98007e-09 5.451299e-08 2.8613093e-07 0.6187277 7.863313e-06 0.022838367 6.052555e-10 0.9638698 0.54136586 0.000860517 2.9238063e-06 8.9656615e-14 0.43407562 0.5558973 0.09356381 1.6040829e-06 0.20700206 2.55873e-06 0.705777 0.9167803 0.96972585 3.913877e-08 2.1950251e-08 0.029581325 0.4229578 0.002046057 0.4303764 0.20645006 0.078298666 1.965441e-07 0.16841725 0.44648996 1.1343965e-07 3.5177257e-07 2.2500638e-08 0.010464186 3.158587e-05 0.201774 4.124929e-05 0.029227104 3.3812913e-08 6.2499216e-06 0.0037565965 0.0003558348 0.00012724749 3.9653958e-07 0.0003570659 5.991879e-08 1.3961316e-05 0.014701983 0.17028119 9.9121715e-09 5.100534e-05 4.3912647e-09 0.010543653 0.0003922056 5.2032584e-10 1.3726049e-06 4.0063005e-05 8.834721e-12 6.3690706e-08 1.5741712e-07 0.00088883453 0.001022242 0.0024525293 0.00027484776 3.6243262e-11 5.692981e-09 8.346837e-09 0.0072084256 1.5216187e-08 7.886676e-10 0.0003513783 1.5083226e-06 1.1960421e-08 2.6266382e-06 0.0010957752 8.3019265e-11 1.6013864e-10 3.5303067e-08 4.0655557e-10 1.3682774e-08
