4.1869753e-18 0.91454315 0.9767779 0.95358765 0.9750182 0.9744492 0.9693724 0.97009295 0.9779522 0.9691902 0.97120684 0.9783815 0.98057556 0.9710383 0.9836464 0.9749764 0.9706794 0.97248954 0.9951705 0.97817945 0.9815782 0.9723502 0.9585935 0.99015146 0.97355455 0.929619 0.97858673 0.94921046 0.92391706 0.9734173 0.92208874 0.98022676 0.9711345 0.93892443 0.9445606 0.98660487 0.92080957 0.83226264 0.8917915 0.923418 0.9403064 0.9627975 0.9413101 0.91505843 0.77089816 0.979601 0.7004016 0.9282862 0.9778789 0.44743425 0.92053795 0.70357174 0.9626674 0.9892157 0.8250585 0.8059435 0.98603153 0.9156714 0.99503875 0.0253093 0.98831344 0.90728706 0.8915805 0.9764344 0.43649077 0.10977676 0.95373535 0.9848181 0.16826822 0.93073195 0.017337715 0.00461503 0.9848003 0.9780018 0.9488185 0.9373323 0.051259797 0.0028442903 0.04546909 0.95166266 0.9957231 0.0061054924 0.000105996 0.002113765 0.96881795 0.8153184 0.00021871939 0.4890651 2.5613486e-05 2.8896948e-05 0.09733522 0.9984672 0.5212492 0.987543 0.012003387 0.97912985 0.40077642 0.00011662653 0.9983045 0.98862505 0.619989
0.91454315 1.8334984e-19 0.8943726 0.97053915 0.94935614 0.08209418 0.57472104 0.06956269 0.91069764 0.1132887 0.46602446 0.46292612 0.8363189 0.50075585 0.18233684 0.43350476 0.5980659 0.028643765 3.3048766e-06 0.17135562 0.00011588138 0.00060239993 0.0024263712 0.18056242 0.09417968 0.024719462 9.875934e-06 0.12711951 0.27176735 0.0022155996 1.2119754e-05 1.9823765e-06 0.0013079027 0.012672888 0.058845323 0.034496315 0.0045599383 0.00085013284 0.00013724387 6.52116e-06 0.0108745685 0.0006036689 0.0006402716 7.901651e-06 0.055992857 0.0011669011 0.010188201 0.015920365 0.028261507 0.0018645426 5.0302074e-06 0.000116235016 1.09288685e-05 0.0025969471 0.009206753 1.9861109e-07 0.0007777119 0.0006620674 0.0113576 6.595833e-08 0.00037690433 0.0047246134 2.7026492e-05 1.2597839e-05 0.00013047097 0.0002859846 6.1985115e-06 8.112418e-06 1.1473339e-09 0.00018910125 2.6315362e-05 4.487967e-06 0.00030525352 0.013014048 0.00034541296 2.126949e-07 1.5005829e-05 8.898382e-07 3.875526e-05 3.8217177e-06 0.0013475688 1.0989889e-08 1.6537095e-08 1.4862911e-08 0.022796297 6.209356e-06 1.5976224e-09 0.00084800157 4.48322e-11 3.832402e-09 3.9745293e-10 0.073264316 1.5099273e-08 0.016624093 4.6874256e-06 3.8022994e-05 7.830202e-09 2.9657895e-05 0.0042299395 5.654276e-06 2.1137244e-07
0.9767779 0.8943726 7.77999e-16 0.90405065 0.85054034 0.60939866 0.9525929 0.35149488 0.35910383 0.64111716 0.84994864 0.87499344 0.319689 0.4661721 0.46411496 0.065479204 0.08380596 0.18307891 0.00040449065 0.04642233 0.0030283944 0.011584564 0.024205009 0.124996476 0.2349303 0.0056663277 0.00054340356 0.12975384 0.11781412 0.00051652075 0.0006171117 3.570748e-05 0.021379044 0.04432857 0.017069373 0.045019776 0.00096766115 0.010947073 0.0020858392 0.00013571636 0.040260863 0.00019790653 0.00014012358 0.00019642297 0.08650745 0.00019351719 0.048789095 0.015487046 0.042311136 0.009924488 4.8258382e-05 0.0028711814 6.282466e-06 0.0021695448 0.018833926 1.30209255e-05 0.0008698396 0.0003167246 0.08732619 3.9594956e-06 0.00021731966 0.0032354638 1.248273e-05 1.4760623e-05 0.00059480296 4.4839773e-05 3.3856697e-06 9.658132e-06 2.9220124e-07 0.00035262186 0.00012410994 3.842078e-07 0.00014875605 0.034398604 0.0005550895 1.02690024e-07 0.00021308301 6.70819e-05 6.245569e-05 1.7314134e-05 0.0029572162 4.218234e-08 3.0057356e-07 6.927394e-08 0.06547911 1.527565e-05 1.6109922e-08 0.00017345297 1.8419587e-09 4.757683e-08 5.592603e-08 0.16072398 3.807958e-08 0.020280719 6.392886e-05 6.998409e-05 9.0171164e-07 7.681771e-05 0.00838119 1.0436617e-05 4.0161067e-06
0.95358765 0.97053915 0.90405065 1.8419557e-16 0.8910184 0.04049389 0.39373815 0.024553724 0.92924637 0.035154045 0.3131154 0.37609208 0.87314737 0.35213572 0.10216194 0.35375202 0.48885015 0.01792109 6.3868742e-06 0.23355128 8.553558e-05 0.00053788954 0.0015279773 0.37370977 0.101549394 0.020972455 4.2067673e-05 0.22496432 0.1568456 0.0016067369 4.404464e-05 5.2742416e-06 0.000588826 0.009133072 0.10173956 0.07361447 0.0050842385 0.0010032835 0.00027747222 4.004253e-05 0.011879258 0.000841719 0.0004042344 2.9363122e-05 0.051128585 0.00054182427 0.011963747 0.027668737 0.039545663 0.0016880046 7.047572e-06 0.00035502046 2.1347401e-05 0.0043503353 0.010819576 1.1373673e-06 0.0023965817 0.0005049695 0.026261386 3.572304e-07 0.000508166 0.012342882 7.435324e-05 1.100038e-05 6.9193564e-05 0.0006695434 7.118824e-06 3.0527633e-05 7.641991e-09 0.00036831188 0.00010759509 8.888269e-06 0.00016772212 0.021268854 0.0003723978 6.211936e-07 2.7555534e-06 1.4246382e-06 4.3608623e-05 3.6282003e-05 0.0023944273 3.4158384e-06 1.8670699e-08 4.8865877e-06 0.03640166 3.254845e-05 8.3046864e-10 0.0068846843 7.723814e-10 2.0484008e-09 4.3502635e-10 0.13212411 2.6802056e-07 0.019371672 7.242393e-06 5.42744e-05 4.299323e-08 1.1406049e-05 0.008689986 2.587808e-06 7.311001e-07
0.9750182 0.94935614 0.85054034 0.8910184 2.948099e-17 0.11290234 0.42826298 0.051219758 0.79619914 0.33934918 0.3030385 0.38346544 0.44850394 0.94495744 0.0352639 0.2999511 0.7721896 0.21623206 2.086013e-05 0.09499225 0.00039041459 0.0027853854 0.009842256 0.085210875 0.042830702 0.017934117 3.8471637e-05 0.067271665 0.78073645 0.00036192048 8.1293525e-05 7.3841693e-07 0.0150155565 0.09567683 0.36085272 0.03110473 0.003010251 0.015372828 0.00094147486 1.4858697e-05 0.008498995 0.00039377785 0.00010066576 7.5545955e-05 0.34974822 0.000269966 0.15563406 0.2384602 0.014791865 0.028998025 2.2676961e-06 0.0049853944 2.4101223e-06 0.0022446045 0.12086905 8.780324e-07 0.006714034 0.00034559332 0.02261259 3.4022505e-05 0.00020898193 0.09386989 5.1251163e-06 6.1980086e-06 0.0008005124 0.006326885 8.595168e-06 2.4194194e-06 8.6780496e-08 0.00013864927 0.002107316 0.00047892198 6.507595e-05 0.011260412 0.00012686715 1.4877044e-07 0.0030835567 0.0002129682 0.0018761687 4.161496e-06 0.0007105056 0.00012882041 1.2824465e-06 0.00014884702 0.019723536 8.671362e-05 1.3647895e-07 0.025377436 1.6335706e-08 2.3228517e-07 7.806432e-09 0.10340657 2.0803736e-08 0.016253792 5.4046e-05 1.5451262e-05 9.404028e-08 5.572604e-05 0.0031034173 7.4438583e-07 1.4014402e-06
0.9744492 0.08209418 0.60939866 0.04049389 0.11290234 1.3924671e-16 0.72582763 0.9734484 0.0032768731 0.9203939 0.68945014 0.84383184 0.006330256 0.18111959 0.8417638 0.0006007964 0.0011656666 0.4668332 0.27387813 0.0002729191 0.4172736 0.38675752 0.4691308 0.00329712 0.24889292 5.156053e-05 0.1697626 0.02703651 0.03503793 7.3410683e-06 0.10633839 0.0030185578 0.3340587 0.09446479 0.0008067743 0.0035254252 3.044293e-06 0.0971452 0.118451215 0.016105462 0.33073515 3.88594e-07 1.4814882e-06 0.056717243 0.03419596 6.813078e-06 0.044095334 0.0020317219 0.02448124 0.00404694 0.0039109704 0.027285283 4.5314584e-07 2.8517721e-05 0.0011031021 0.0011131823 1.0053197e-05 2.8777868e-05 0.26950598 0.00047970522 1.291293e-05 1.2310581e-06 3.4073073e-06 2.5498667e-07 0.00026521616 1.6337506e-07 9.257791e-08 4.6797872e-08 0.00018799843 2.5986763e-05 2.8506273e-07 2.0514581e-09 7.734046e-06 0.054275766 8.1868166e-05 1.1908815e-08 2.23206e-06 2.0592431e-06 1.9200315e-06 2.419642e-07 0.00073766976 1.93476e-10 2.984705e-06 3.1422354e-10 0.107350014 1.0797949e-07 1.2321127e-08 4.164824e-07 3.333089e-11 7.387265e-08 5.378131e-07 0.15762219 6.685702e-11 0.01194456 0.00039042722 4.893831e-06 2.9461955e-08 7.7528775e-06 0.004545879 6.751853e-07 2.4243886e-07
0.9693724 0.57472104 0.9525929 0.39373815 0.42826298 0.72582763 5.2571785e-17 0.44502813 0.06798283 0.52817136 0.9658229 0.92177 0.13036259 0.21143402 0.72957444 0.014306275 0.017651621 0.1303727 0.0010423315 0.01629426 0.005918154 0.01868577 0.023181424 0.07596376 0.4136455 0.0029773845 0.0017886171 0.12058912 0.01965702 0.000871763 0.0011869252 6.0590504e-05 0.0071676355 0.0110494895 0.0014591558 0.033083014 0.0003495009 0.005114994 0.0008010592 0.00021954087 0.10523926 8.3089464e-05 0.00014979042 0.00010030734 0.015764272 0.00019300186 0.009552374 0.003308708 0.055270027 0.0023925737 7.918696e-05 0.00078567804 7.119456e-06 0.0011851025 0.0019838877 5.5857113e-06 8.06782e-05 0.0002995527 0.12936047 6.25997e-07 0.0002973772 0.00012767123 5.6689737e-06 6.6419448e-06 0.00030700988 3.2364883e-06 2.5709628e-06 2.2640054e-06 1.4341586e-08 0.00025418733 1.3559008e-06 3.6799744e-08 7.694404e-05 0.060528148 0.00037305488 8.2515164e-08 2.0028456e-05 6.309498e-06 1.269794e-05 1.9625155e-05 0.0031449595 3.8045347e-10 2.7669396e-08 5.30892e-10 0.109501265 1.0933878e-06 1.1817667e-09 1.0370574e-06 5.314479e-11 1.5411477e-08 1.9539947e-08 0.22813533 9.239635e-09 0.030977411 5.241626e-05 6.11511e-05 3.903365e-08 3.954482e-05 0.010618132 1.2130137e-05 3.1622284e-07
0.97009295 0.06956269 0.35149488 0.024553724 0.051219758 0.9734484 0.44502813 2.5280545e-19 0.0021079741 0.9582233 0.42166522 0.5333443 0.0019764656 0.107152656 0.5776124 0.0005869666 0.0010241083 0.5898126 0.32162666 9.590445e-05 0.703602 0.67695594 0.74892867 0.0024072996 0.095461525 3.2004133e-05 0.38415062 0.013118045 0.09402784 4.7236804e-06 0.29791972 0.017686922 0.3356381 0.07995994 0.0009672764 0.0023068963 7.562135e-07 0.17936607 0.17096171 0.08966015 0.4901061 4.799417e-08 2.7853042e-07 0.09927349 0.017267272 1.235943e-05 0.03060614 0.0022709072 0.0221606 0.004955983 0.026219646 0.030049693 2.4997752e-07 2.202504e-05 0.0008240473 0.004109943 2.7963881e-06 2.2475408e-05 0.17358261 0.00075378164 2.0580386e-05 1.0758519e-05 1.4658503e-06 3.5407876e-07 0.0009499151 2.6797073e-07 5.3948334e-08 2.1084404e-08 0.0007563693 3.9258488e-05 3.9996922e-07 2.847083e-08 7.678926e-06 0.045466635 4.0746567e-05 1.8451209e-08 5.4365264e-05 1.5958181e-05 8.612295e-07 3.1238076e-07 0.0002039591 1.397786e-09 6.5181193e-06 2.3322453e-09 0.10329844 4.4392266e-08 7.618197e-09 2.0663713e-07 9.052274e-12 2.420191e-07 1.7111146e-05 0.18271363 4.579716e-11 0.01682499 0.00023589085 2.9136909e-06 9.81434e-10 6.395893e-05 0.0048859264 2.8880816e-06 8.224429e-08
0.9779522 0.91069764 0.35910383 0.92924637 0.79619914 0.0032768731 0.06798283 0.0021079741 3.4696274e-11 0.0032316784 0.06082362 0.04151812 0.95352805 0.20644255 0.016865185 0.8616841 0.89808595 0.004139465 5.004827e-06 0.70782274 5.131775e-05 0.00021755959 0.00036395827 0.72233087 0.070938736 0.3562562 3.5490433e-05 0.14214534 0.22033831 0.060798798 1.3369581e-05 2.3484752e-06 0.0006004069 0.0108735105 0.39949942 0.10597868 0.10203842 0.0009874009 5.9827747e-05 1.1383294e-05 0.0034101019 0.013962749 0.0069196336 5.7529967e-05 0.046829794 0.005012752 0.0052729878 0.1372706 0.03283863 0.0009109129 2.4768344e-06 9.5714764e-05 0.00042567836 0.01745475 0.02233504 1.0049253e-06 0.19024181 0.00165052 0.016453998 1.3998225e-06 0.0013851273 0.058786657 0.0010525418 0.00023007423 2.4927907e-05 0.0036588823 4.7645015e-05 0.0022858812 5.102049e-08 0.0009895497 0.0002918583 0.00015382448 0.00081493054 0.015517812 0.0013826707 3.2121363e-05 9.903115e-06 5.2931123e-06 0.00018560508 0.0003093151 0.0046410672 0.0015497662 6.665184e-07 0.0011278676 0.025348518 0.0015596526 2.831351e-08 0.16692287 2.7327394e-07 2.1682775e-08 4.4304798e-08 0.0984406 1.61009e-05 0.021239534 1.5830914e-05 0.00044083473 1.554817e-05 2.5607626e-05 0.0069326027 9.281267e-05 3.3807355e-05
0.9691902 0.1132887 0.64111716 0.035154045 0.33934918 0.9203939 0.52817136 0.9582233 0.0032316784 2.199574e-18 0.3665301 0.5507331 0.0012148448 0.6301581 0.22112347 0.00034760137 0.002114266 0.94296473 0.22281083 0.00027122066 0.3483759 0.71074706 0.6373096 0.0031506438 0.06843501 6.808522e-05 0.26535183 0.009570742 0.21881017 6.1839623e-06 0.05102646 0.0015944507 0.6184394 0.41605255 0.0032084826 0.0029866714 8.518062e-06 0.3375732 0.13138542 0.021549318 0.06871318 1.0684689e-06 2.9232176e-06 0.07126915 0.14431068 1.32678915e-05 0.22320803 0.009922907 0.009496082 0.06500374 0.0027730393 0.11179721 6.195353e-07 7.697083e-05 0.023497384 0.002673232 2.2304395e-05 2.9131035e-05 0.061208237 0.007926483 2.937486e-05 0.00041096058 1.3111285e-06 2.6492455e-07 0.003049279 1.3929471e-06 1.7212554e-07 1.0674239e-08 0.00054864807 2.9397193e-05 7.118645e-05 3.0831507e-07 5.6261392e-06 0.015080459 2.3767736e-05 7.59478e-09 0.0015375444 5.9816222e-05 3.15969e-05 9.415731e-08 0.00027076012 7.2625577e-09 6.660898e-06 5.31632e-09 0.02656266 4.6991076e-08 2.0515404e-07 9.210195e-06 1.99194e-09 1.0849939e-06 1.7364645e-06 0.07337364 4.8137877e-10 0.007072 0.00027005794 8.436755e-06 1.0766128e-08 1.6580327e-05 0.00249758 9.097225e-08 1.4261559e-07
0.97120684 0.46602446 0.84994864 0.3131154 0.3030385 0.68945014 0.9658229 0.42166522 0.06082362 0.3665301 1.6581291e-18 0.9436996 0.183527 0.14626649 0.8949809 0.013437605 0.0155553585 0.08802304 0.0011092449 0.019939214 0.0064903093 0.015327469 0.020869063 0.09297394 0.4801662 0.0017922524 0.0032239351 0.15436184 0.013397074 0.00083702465 0.0012299622 9.2734015e-05 0.0042458572 0.005504098 0.00089400576 0.037031535 0.00016802037 0.0016397971 0.00075049716 0.00040622833 0.21495825 2.2330065e-05 7.487825e-05 6.5754e-05 0.005270559 0.00030946676 0.0023670245 0.0012793335 0.068091236 0.0009050173 0.00014252361 0.0005222409 4.5170927e-06 0.0012900605 0.00045991284 4.2282754e-06 1.22909505e-05 0.00028233434 0.1505747 3.9601807e-07 0.0002721402 4.6981462e-05 1.8770437e-05 8.965048e-06 0.00015615362 3.8928597e-06 2.685457e-06 2.5255868e-06 1.7902055e-08 0.0001978703 6.942523e-07 7.611375e-08 0.00010923227 0.08682849 0.00021608814 6.447749e-08 1.02177655e-05 1.922538e-06 4.4648245e-06 2.1081843e-05 0.0031286217 1.9017658e-10 2.0182487e-08 5.346509e-10 0.14987987 2.1192577e-08 2.8470704e-09 1.7434793e-07 1.776861e-11 1.5914463e-08 1.4594714e-08 0.26263374 9.081184e-09 0.04011486 6.923521e-05 9.0857415e-05 1.1362516e-08 4.2751293e-05 0.015878946 2.30023e-05 5.712858e-08
0.9783815 0.46292612 0.87499344 0.37609208 0.38346544 0.84383184 0.92177 0.5333443 0.04151812 0.5507331 0.9436996 9.9783615e-15 0.06947321 0.25269338 0.8871491 0.012484363 0.025815122 0.24298249 0.0062665707 0.0089466395 0.031035166 0.043556888 0.06703901 0.051252376 0.48689005 0.0016376702 0.019042073 0.12607773 0.02341722 0.00046173888 0.0024600723 0.00020872738 0.042316496 0.042558532 0.004238444 0.03375011 0.0003747858 0.01513832 0.008756455 0.0014565642 0.25686184 4.833825e-05 4.624907e-05 0.002338444 0.03287771 0.0003035396 0.032864757 0.0074954377 0.066543676 0.003695562 0.00035836856 0.0064960835 7.2466078e-06 0.0015447241 0.0055895215 6.917449e-05 0.00035213074 0.00023325026 0.21157289 2.9478215e-05 0.00020195854 0.00066342467 1.2673635e-05 6.1548976e-06 0.00023515479 2.2911048e-05 1.7035734e-06 8.912791e-06 6.150485e-06 0.0001462272 1.1106152e-05 2.5998287e-07 6.0247836e-05 0.09815344 0.00017253404 8.926392e-08 4.4380013e-05 2.0274965e-05 5.500243e-05 4.2057964e-05 0.0035826538 1.8557799e-08 6.256252e-07 2.7338539e-08 0.14410777 3.6470124e-07 8.612061e-08 8.985831e-06 4.6267816e-09 1.8256492e-07 7.38042e-08 0.23056933 3.688688e-08 0.030713946 9.773735e-05 0.00012735555 2.4180827e-07 8.77587e-05 0.0107902605 1.0904829e-05 5.039111e-07
0.98057556 0.8363189 0.319689 0.87314737 0.44850394 0.006330256 0.13036259 0.0019764656 0.95352805 0.0012148448 0.183527 0.06947321 1.1595834e-13 0.039248742 0.19176598 0.7815133 0.4921841 0.00078863057 1.7302721e-06 0.8885183 1.36920235e-05 0.000107295484 9.3340816e-05 0.913456 0.16377558 0.24062575 1.8042205e-06 0.4471771 0.03716424 0.14987545 8.105389e-06 2.4625308e-06 3.833177e-05 0.0014853624 0.03288152 0.19754043 0.06772161 4.0727333e-05 1.1930715e-05 1.7908905e-06 0.012535783 0.010482928 0.013671252 4.8692127e-06 0.005605459 0.011820943 0.00034631125 0.0054283645 0.06937718 9.792525e-05 2.4621436e-06 1.22624415e-05 0.0006186624 0.0219023 0.0013629978 3.9137407e-07 0.009967489 0.0029989555 0.025009997 1.5396103e-07 0.0020627654 0.0038149813 0.0008861202 0.00023047566 1.2081526e-06 0.00057011214 0.0001213549 0.0017616304 1.9920474e-08 0.0012525955 6.2417705e-05 2.8376811e-05 0.0007155768 0.027060913 0.0014609408 2.858781e-05 3.5735374e-07 1.176204e-06 1.7409207e-05 0.0005571565 0.0053467597 5.0023864e-05 2.6061164e-07 9.672193e-05 0.043635216 0.00013789369 3.436149e-09 0.025865072 2.7314182e-09 1.25238735e-08 4.4605875e-09 0.15527469 8.709776e-05 0.03306318 1.127009e-05 0.00044928404 5.2511474e-05 1.1968768e-05 0.010537329 0.00013897679 8.8859924e-05
0.9710383 0.50075585 0.4661721 0.35213572 0.94495744 0.18111959 0.21143402 0.107152656 0.20644255 0.6301581 0.14626649 0.25269338 0.039248742 7.3835266e-17 0.02635729 0.07106167 0.473499 0.86231506 0.00012308317 0.034053955 0.0040000146 0.024672784 0.035944056 0.02797271 0.029872298 0.011029912 0.0018253736 0.017368099 0.9651481 0.00037478274 9.489141e-05 1.06169855e-05 0.3434465 0.7543912 0.40672332 0.01889196 0.0036786802 0.13214916 0.0055138012 0.00024469537 0.0053445855 0.00034377555 7.61106e-05 0.0016380826 0.6119325 0.00021434666 0.54212147 0.30873066 0.010403249 0.2611345 4.3826258e-05 0.041006163 6.1909373e-06 0.0014220442 0.28059372 1.10901165e-05 0.0032989439 0.00023056756 0.017223172 0.0020701587 9.91986e-05 0.094332315 6.6417288e-06 4.245391e-06 0.0058581843 0.0057958513 2.2979814e-06 3.4932461e-06 2.3974373e-05 5.7622216e-05 0.004487109 0.0007651922 4.869066e-05 0.008475844 4.616134e-05 3.7779694e-07 0.017058926 0.0012679046 0.007883308 2.9999208e-06 0.00016719941 0.00014556297 2.9893528e-05 0.00014821383 0.01276234 1.1835567e-05 1.5924643e-05 0.029522052 1.6944252e-06 2.2683041e-06 6.904287e-07 0.07143307 7.236606e-08 0.008952216 0.00018833872 5.1381463e-05 6.020622e-08 0.000117873744 0.0025019592 8.55284e-07 4.493909e-07
0.9836464 0.18233684 0.46411496 0.10216194 0.0352639 0.8417638 0.72957444 0.5776124 0.016865185 0.22112347 0.8949809 0.8871491 0.19176598 0.02635729 9.809009e-17 0.0012945693 0.0015012663 0.06408231 0.017489493 0.005542204 0.03373809 0.054773137 0.06013777 0.15865062 0.8618664 0.00021518763 0.018644698 0.57146305 0.00377244 0.00068912463 0.010246245 0.0012030117 0.0047407807 0.0033139237 0.00038554423 0.05987747 3.3121196e-05 0.003997696 0.0032765397 0.0032893578 0.90015584 4.184596e-05 6.6721805e-05 0.0018341569 0.0015061407 0.00034502053 0.00024984113 0.00041426695 0.12766229 0.00020520407 0.00048136277 0.00032020782 3.0702522e-05 0.00078858726 0.0001562388 3.0592335e-05 1.7406699e-05 0.00042712726 0.36292404 4.6245964e-06 0.00015966319 7.1502527e-06 2.347668e-05 1.0969247e-05 4.1686035e-05 1.3011398e-06 1.886711e-06 1.8285296e-05 2.6562495e-06 0.0003654516 3.359156e-06 1.3084659e-07 0.00019353806 0.11900116 0.00058920577 2.2457464e-06 1.9241945e-06 1.3521109e-06 1.102369e-06 0.00012323834 0.0029071644 1.16398766e-11 2.7185575e-07 6.187015e-11 0.20041125 4.269203e-08 3.8090988e-08 1.5689936e-06 2.5300198e-10 5.841442e-09 2.955613e-07 0.27007326 7.745003e-07 0.034520365 0.00016476678 0.00035264052 9.1137945e-06 2.307914e-05 0.011734233 7.110293e-05 7.039438e-06
0.9749764 0.43350476 0.065479204 0.35375202 0.2999511 0.0006007964 0.014306275 0.0005869666 0.8616841 0.00034760137 0.013437605 0.012484363 0.7815133 0.07106167 0.0012945693 1.6798604e-12 0.9565806 0.0008541043 1.9801564e-06 0.90590894 5.726211e-06 4.876432e-05 7.444221e-05 0.37457886 0.02406612 0.95229864 1.4301827e-06 0.06391681 0.1592123 0.18007606 7.4844083e-06 3.1204252e-07 2.5955058e-05 0.0011188308 0.26983744 0.09396893 0.6839194 5.5656994e-05 3.4331665e-06 2.6047117e-06 0.002468487 0.20728275 0.022459164 8.9524576e-07 0.02451985 0.013645274 0.0012875096 0.062215205 0.020546496 0.0005467359 3.4781624e-07 4.603492e-06 0.0014593186 0.05234522 0.010260576 2.2792298e-07 0.24745528 0.005417672 0.008863446 1.1023275e-07 0.0031165655 0.07873191 0.0028741127 0.00090963155 7.711347e-06 0.009189783 0.0013655043 0.013090763 1.8182066e-08 0.0024763492 0.00012628181 0.00022972145 0.0025082494 0.0097122025 0.0021683897 0.0001920887 9.548409e-07 1.0710215e-06 5.8120917e-05 0.0007586985 0.004942071 0.0001797502 6.0761784e-07 0.0003974765 0.016227724 0.015131795 2.6868582e-08 0.46544123 1.794738e-09 8.202992e-09 3.4344666e-08 0.098621815 0.00033543573 0.021599187 6.5599575e-06 0.0011325169 0.00022794114 5.002668e-05 0.008482851 0.0001627435 0.0006043389
0.9706794 0.5980659 0.08380596 0.48885015 0.7721896 0.0011656666 0.017651621 0.0010241083 0.89808595 0.002114266 0.0155553585 0.025815122 0.4921841 0.473499 0.0015012663 0.9565806 3.9575559e-13 0.0059103197 3.1583597e-06 0.50990087 4.3952583e-05 0.00020968924 0.00058950676 0.15740491 0.009708776 0.63941884 5.3174335e-06 0.020492135 0.81547225 0.008720636 3.4509915e-06 3.9976175e-07 0.000914608 0.019079268 0.9666615 0.03167644 0.20769325 0.00096057774 3.2192787e-05 1.7757476e-06 0.00076142023 0.016854767 0.0020703995 1.6102205e-05 0.12346581 0.0018604166 0.010672945 0.50801367 0.005222237 0.0051197065 3.5246768e-07 0.00019212955 8.823107e-05 0.009443309 0.109577656 1.14265376e-07 0.16633604 0.0012000743 0.003270348 8.43139e-06 0.0009870925 0.47052366 0.000120212804 0.00014751611 9.0463414e-05 0.08380131 0.00011945808 0.0004348095 2.5343544e-08 0.0005688424 0.0032176953 0.0065866695 0.0003626574 0.0025480331 0.0006553167 1.5367585e-05 0.0010494015 0.00016876955 0.0014286968 0.00012865503 0.0007233461 0.005881761 8.412109e-07 0.0060720225 0.0063364105 0.00409784 1.4958162e-07 0.7001009 7.1235846e-08 4.8932186e-08 2.0157646e-07 0.040524814 1.7535343e-05 0.010197621 7.713035e-05 0.00015898961 1.1928292e-05 7.289106e-05 0.0036987157 9.549489e-06 1.4474615e-05
0.97248954 0.028643765 0.18307891 0.01792109 0.21623206 0.4668332 0.1303727 0.5898126 0.004139465 0.94296473 0.08802304 0.24298249 0.00078863057 0.86231506 0.06408231 0.0008541043 0.0059103197 2.59691e-16 0.081939444 0.00068555615 0.23509897 0.72221464 0.56617224 0.0046265926 0.028184615 0.00025069006 0.23828308 0.004406618 0.5930346 2.7030332e-05 0.009747751 0.0009544964 0.92627394 0.91624844 0.007994314 0.0029677812 6.448356e-05 0.7662202 0.28140777 0.011417847 0.02965529 2.4853737e-06 2.5429314e-05 0.08548311 0.31808847 3.7060847e-05 0.5284325 0.03068606 0.0035705743 0.2968384 0.005333493 0.34682867 1.6672873e-06 8.404669e-05 0.10282227 0.004789259 4.8972972e-05 0.00016301472 0.033555456 0.033034604 3.1851097e-05 0.0032003885 3.2238179e-06 2.2109232e-06 0.02412829 2.0678974e-05 4.349623e-07 1.2020557e-06 0.0013000298 0.000117212134 0.0013289504 1.17880645e-05 1.8136598e-05 0.0066614267 2.7406139e-05 1.477992e-07 0.016280118 0.001181768 0.00032300563 1.1572213e-06 0.000119298915 5.3089966e-08 0.00027829985 3.9424073e-08 0.01672302 7.466008e-08 1.7896093e-05 3.405032e-05 2.2788385e-07 2.8076074e-05 1.9253794e-05 0.07927086 2.0589818e-08 0.0065413914 0.0005737346 3.4676734e-05 1.1656147e-06 0.00017375677 0.0021638572 3.126253e-06 1.4167798e-06
0.9951705 3.3048766e-06 0.00040449065 6.3868742e-06 2.086013e-05 0.27387813 0.0010423315 0.32162666 5.004827e-06 0.22281083 0.0011092449 0.0062665707 1.7302721e-06 0.00012308317 0.017489493 1.9801564e-06 3.1583597e-06 0.081939444 1.40448236e-14 3.2293553e-07 0.75515896 0.4801881 0.55850655 3.3121808e-06 0.00017444632 4.3878092e-08 0.7137639 2.0828464e-05 0.00026942661 9.316708e-08 0.8626975 0.970651 0.15070117 0.0013025783 2.657922e-06 3.8734433e-06 8.716764e-09 0.060635146 0.25097147 0.6323493 0.8597492 2.6307405e-09 1.524329e-08 0.38508785 1.9901667e-05 9.7357834e-08 0.00011455709 2.4510913e-05 0.00016094245 5.4007513e-05 0.47097334 0.0132745765 1.1968431e-08 1.7498225e-07 3.7797083e-06 0.124409325 1.1532672e-06 2.9850736e-07 0.34786662 0.0007257781 1.6558994e-07 2.617542e-07 2.2168443e-07 1.0995906e-08 6.683733e-05 4.4966633e-08 1.6076026e-09 1.9724439e-08 0.02360716 1.2832925e-07 6.006706e-09 7.78039e-09 3.9118618e-08 0.02543155 8.412066e-08 1.5983181e-08 1.5972356e-07 5.483271e-08 3.3970384e-08 1.6818204e-07 3.2576708e-07 1.36235355e-11 9.1804736e-08 2.3706476e-11 0.16432562 8.0820695e-10 1.4150262e-09 3.1616445e-08 3.879835e-12 4.2283034e-08 0.004294542 0.25657 2.1401794e-10 0.0011298334 0.0010691531 1.4913999e-08 1.29824675e-08 1.7591715e-06 0.000425866 1.0140987e-07 5.1308472e-08
0.97817945 0.17135562 0.04642233 0.23355128 0.09499225 0.0002729191 0.01629426 9.590445e-05 0.70782274 0.00027122066 0.019939214 0.0089466395 0.8885183 0.034053955 0.005542204 0.90590894 0.50990087 0.00068555615 3.2293553e-07 4.0549803e-12 1.902127e-06 2.6017115e-05 1.3163649e-05 0.9503321 0.11082878 0.8684817 8.689375e-07 0.28769964 0.012279207 0.9138546 1.913048e-06 1.5737487e-06 2.2471937e-05 0.0003387049 0.0903479 0.3840039 0.4966567 8.372441e-06 1.7873789e-06 1.2660365e-06 0.0047925916 0.33258003 0.26540664 6.6415196e-06 0.0029857655 0.19542629 0.00011120284 0.01565492 0.12152352 2.7353784e-05 3.262499e-07 3.894174e-06 0.02378043 0.16211121 0.0007106838 3.160639e-07 0.42020985 0.02749366 0.020899447 3.070372e-07 0.016189134 0.017104395 0.013936022 0.002354947 8.435202e-06 0.0010192166 0.0010025759 0.08367439 2.1496639e-07 0.0064965826 1.7283053e-05 2.0718118e-05 0.006251818 0.04790684 0.007901264 0.00050720683 1.0254769e-06 4.2004686e-07 5.9956146e-05 0.007493743 0.02143092 0.0005786449 2.5982883e-06 0.00071672007 0.042690814 0.012719739 5.864296e-08 0.5329258 2.9523397e-07 2.5564152e-08 7.311582e-08 0.11910709 0.0007259238 0.05552966 7.4791496e-06 0.0025446503 0.00024312247 5.0335184e-06 0.025430832 0.0004184175 0.0005892827
0.9815782 0.00011588138 0.0030283944 8.553558e-05 0.00039041459 0.4172736 0.005918154 0.703602 5.131775e-05 0.3483759 0.0064903093 0.031035166 1.36920235e-05 0.0040000146 0.03373809 5.726211e-06 4.3952583e-05 0.23509897 0.75515896 1.902127e-06 1.5641363e-16 0.917053 0.9620818 6.91276e-05 0.0038245583 1.5121587e-07 0.9356311 0.00025661127 0.003117448 4.177273e-08 0.29538885 0.04656244 0.69453865 0.07148797 5.4668217e-05 0.000113482885 3.3896985e-08 0.55251753 0.7181088 0.14299335 0.125063 1.450258e-09 1.0374204e-08 0.7198712 0.010133283 1.9745171e-07 0.020444278 0.0006868011 0.0019126969 0.0028102663 0.1677962 0.15580937 8.67995e-09 1.2631228e-06 0.0018064358 0.2152437 1.5550684e-06 1.1027149e-06 0.1054589 0.010842274 1.0688186e-06 4.4604535e-06 1.0208483e-07 1.7684515e-08 0.0012109854 1.3687179e-07 7.756311e-09 2.4429558e-09 0.05368238 3.467934e-07 4.4453823e-06 7.1851275e-08 1.9935648e-07 0.014798109 1.5784368e-06 3.8425083e-10 0.00060039776 3.6896083e-05 8.227191e-06 3.1628993e-08 3.4034543e-05 6.97266e-09 4.0916224e-05 1.45090615e-08 0.053208034 1.5358324e-09 6.519076e-08 2.0767857e-08 6.593461e-10 5.9413223e-06 0.00044338114 0.13929197 1.3977987e-10 0.005490375 0.0010292068 1.6526952e-05 8.96813e-09 0.00016123588 0.0042520976 4.9602754e-06 4.614287e-08
0.9723502 0.00060239993 0.011584564 0.00053788954 0.0027853854 0.38675752 0.01868577 0.67695594 0.00021755959 0.71074706 0.015327469 0.043556888 0.000107295484 0.024672784 0.054773137 4.876432e-05 0.00020968924 0.72221464 0.4801881 2.6017115e-05 0.917053 3.1348382e-16 0.972046 0.0002849816 0.009377656 1.2707444e-06 0.9063062 0.0007857938 0.013322839 7.3104076e-07 0.07559513 0.009681159 0.81068885 0.22364943 0.00042427707 0.0003286641 1.7128859e-07 0.6699803 0.710588 0.078756765 0.08688422 1.6767972e-08 7.004775e-08 0.7265734 0.020353215 5.462095e-07 0.035821013 0.001989295 0.0016685926 0.017645132 0.1040106 0.28106037 5.1305243e-08 1.1470243e-05 0.004222401 0.20475566 5.155038e-06 3.8140822e-06 0.042169474 0.030611891 3.3304254e-06 1.803917e-05 1.836136e-07 2.9753009e-08 0.007181501 3.9388055e-07 1.8076392e-08 1.01199396e-08 0.04848059 5.0129927e-07 2.3947045e-05 4.756937e-07 1.2820215e-07 0.008371244 4.5837416e-07 3.6459882e-10 0.002487538 6.587263e-05 4.0851894e-05 1.6872463e-08 5.060393e-05 7.595142e-09 0.00040106545 1.5112727e-08 0.023227507 2.4370093e-08 7.5401925e-07 4.2186426e-07 3.4685594e-09 3.2892884e-05 0.0013361806 0.06515254 2.4445254e-10 0.0038217234 0.00092314754 8.900754e-06 1.9459275e-08 0.0002526753 0.0025982182 1.5220614e-06 2.7228785e-08
0.9585935 0.0024263712 0.024205009 0.0015279773 0.009842256 0.4691308 0.023181424 0.74892867 0.00036395827 0.6373096 0.020869063 0.06703901 9.3340816e-05 0.035944056 0.06013777 7.444221e-05 0.00058950676 0.56617224 0.55850655 1.3163649e-05 0.9620818 0.972046 1.2327771e-17 0.00025317146 0.0067588347 1.9075678e-06 0.9236819 0.00031893392 0.025073407 2.9561912e-07 0.36180323 0.08152475 0.5255814 0.07289807 0.00021074837 0.00022245247 1.0946041e-08 0.3551463 0.47000653 0.17978343 0.12501326 2.2268314e-10 7.6521384e-10 0.46791726 0.0074848654 1.1071744e-06 0.008007537 0.0005330925 0.0023266887 0.003849505 0.06033894 0.05236163 2.5690854e-08 2.6120722e-06 0.00031258655 0.034751963 2.670836e-07 1.1788419e-06 0.053940948 0.004759152 7.6676446e-07 3.2755322e-06 1.4743107e-07 6.235169e-08 0.0014776349 1.1018398e-07 3.580693e-08 3.1140985e-09 0.010284063 5.9261197e-07 9.634418e-07 4.9019715e-08 2.5057255e-07 0.00901223 1.7381741e-06 2.381822e-09 0.00019189424 2.548123e-06 1.0874296e-07 5.395554e-08 3.9029692e-05 2.0765568e-11 8.950355e-06 2.8593341e-11 0.035163123 1.8549355e-10 2.7486804e-09 1.940815e-09 1.5782904e-12 9.747837e-07 0.00024974512 0.101703495 4.1793008e-10 0.006581135 0.0005122109 1.3924801e-05 3.9178538e-10 0.00030221723 0.0032095246 1.1076122e-05 5.488741e-09
0.99015146 0.18056242 0.124996476 0.37370977 0.085210875 0.00329712 0.07596376 0.0024072996 0.72233087 0.0031506438 0.09297394 0.051252376 0.913456 0.02797271 0.15865062 0.37457886 0.15740491 0.0046265926 3.3121808e-06 0.9503321 6.91276e-05 0.0002849816 0.00025317146 2.372828e-11 0.42245936 0.14099917 1.8014534e-05 0.9065541 0.0044322917 0.6581675 1.9204868e-05 1.4549023e-06 0.00011841535 0.0007749629 0.013145598 0.87245643 0.07262175 0.00012692559 3.1574942e-05 7.797047e-06 0.05028627 0.016068894 0.068597406 8.596102e-06 0.0034634746 0.14414205 0.00041407673 0.0032571023 0.2842567 0.00025182345 1.200911e-06 4.5072407e-05 0.007782788 0.16894968 0.0012546913 1.3956536e-07 0.020832747 0.015435946 0.063706465 1.8854598e-07 0.012364071 0.0018167394 0.0031850992 0.0005974043 5.0248086e-06 0.0003041333 0.00031641906 0.013494586 3.0446716e-07 0.0040314524 2.270805e-05 3.1882308e-05 0.002984564 0.09364251 0.0042877346 0.000142318 4.4160915e-06 7.83729e-06 5.2271793e-05 0.002299787 0.021447558 0.0003079021 1.1180795e-07 0.00033549973 0.07941833 0.00035069886 1.6370727e-07 0.058803648 2.5514516e-06 1.8489397e-08 6.9625203e-09 0.20619512 0.00024676678 0.07558668 2.707352e-05 0.0021642866 0.00024096399 1.9571223e-06 0.032483965 0.00015627754 0.00013225389
0.97355455 0.09417968 0.2349303 0.101549394 0.042830702 0.24889292 0.4136455 0.095461525 0.070938736 0.06843501 0.4801662 0.48689005 0.16377558 0.029872298 0.8618664 0.02406612 0.009708776 0.028184615 0.00017444632 0.11082878 0.0038245583 0.009377656 0.0067588347 0.42245936 3.908801e-17 0.0054860236 0.00059976307 0.97156036 0.0015951914 0.04292925 0.0013161992 0.00019406441 0.0007074242 0.0003147304 0.00050741003 0.74324465 0.0010514342 0.00026729374 0.0004374244 0.00025190273 0.9295395 0.0006264578 0.0038351265 8.4644256e-05 0.0003200091 0.046379108 6.688464e-05 0.0004208469 0.88213664 5.444158e-05 0.000100775265 7.289495e-05 0.00041535875 0.0983293 0.00014515984 7.740576e-06 5.1702835e-05 0.013973218 0.5939186 2.533556e-07 0.0072444966 1.9350768e-05 0.00057973416 0.00023438573 1.715878e-05 5.13637e-06 3.646331e-05 0.00044286685 1.7197451e-06 0.0036279687 1.0985793e-06 2.2792862e-07 0.0022085914 0.5082101 0.0047539375 4.7379376e-06 2.3414398e-06 1.184625e-05 7.0003475e-06 0.0003697758 0.021774055 2.813881e-08 7.988101e-08 1.1970845e-07 0.27470756 9.474411e-05 4.590975e-06 0.00014597793 5.14542e-08 7.8289816e-08 5.9220463e-07 0.2390837 7.0089654e-06 0.09665724 3.123364e-05 0.00036742815 1.0782225e-05 3.6046855e-05 0.04536721 2.5243095e-05 8.381932e-06
0.929619 0.024719462 0.0056663277 0.020972455 0.017934117 5.156053e-05 0.0029773845 3.2004133e-05 0.3562562 6.808522e-05 0.0017922524 0.0016376702 0.24062575 0.011029912 0.00021518763 0.95229864 0.63941884 0.00025069006 4.3878092e-08 0.8684817 1.5121587e-07 1.2707444e-06 1.9075678e-06 0.14099917 0.0054860236 4.9389123e-15 3.5376875e-08 0.027158143 0.013552365 0.35546485 3.457377e-07 2.3814598e-08 8.0609976e-07 9.0331174e-05 0.10145769 0.069117814 0.9840958 2.8164318e-06 3.442161e-07 5.2164825e-07 0.0014929555 0.7804528 0.06818502 4.5634355e-08 0.0024683385 0.05978221 0.0001333934 0.00775168 0.014615561 3.656304e-05 1.503852e-07 9.978316e-07 0.003375695 0.08600999 0.0010637622 2.964832e-08 0.77483946 0.012248739 0.004416688 3.303115e-08 0.0065502585 0.026048698 0.011936317 0.003728177 1.3561408e-05 0.007039392 0.0072816405 0.09261473 1.2968015e-08 0.0039982223 2.7308613e-05 0.0002168522 0.0067615127 0.012724575 0.0025637278 0.0011286779 1.7387827e-06 2.03428e-06 1.0118604e-05 0.00521078 0.006663345 2.1646704e-06 3.5585126e-07 1.0157151e-05 0.014955918 0.3014133 1.2586039e-08 0.59993297 1.4203018e-09 1.0215295e-08 1.1419909e-10 0.052335527 0.0024237323 0.022026775 3.6387496e-06 0.0034842729 0.000478223 9.005188e-05 0.011916582 0.00035876472 0.0003268745
0.97858673 9.875934e-06 0.00054340356 4.2067673e-05 3.8471637e-05 0.1697626 0.0017886171 0.38415062 3.5490433e-05 0.26535183 0.0032239351 0.019042073 1.8042205e-06 0.0018253736 0.018644698 1.4301827e-06 5.3174335e-06 0.23828308 0.7137639 8.689375e-07 0.9356311 0.9063062 0.9236819 1.8014534e-05 0.00059976307 3.5376875e-08 4.3231465e-19 0.00011545095 0.00450728 1.4317724e-08 0.87003803 0.23481113 0.7131176 0.050834868 2.2682534e-05 3.7128237e-05 1.1984374e-08 0.75026405 0.8716901 0.7594528 0.100235656 3.2974398e-10 3.6934666e-09 0.9152846 0.00065801333 4.6365987e-08 0.0016087325 0.00018275558 0.0012899644 0.0015440246 0.5135687 0.15827438 1.0506601e-09 7.3984995e-07 8.769044e-05 0.3021517 2.6218316e-07 3.6304326e-07 0.045768555 0.034571446 1.5396118e-07 1.1221703e-08 2.3860962e-09 8.853713e-09 0.002345389 3.5056305e-10 7.281768e-09 5.1802346e-10 0.06366464 2.5780793e-07 3.246428e-07 1.3279555e-10 2.7062134e-07 0.005844959 5.944368e-07 5.034442e-11 5.338345e-05 1.1975544e-06 7.1907344e-08 1.9012166e-08 2.5951173e-05 1.8803008e-11 9.4681645e-06 2.3359337e-11 0.02777249 2.1529833e-09 1.8799404e-09 1.0220805e-09 2.5633287e-12 1.2687016e-06 0.0021028793 0.08899072 1.0624566e-10 0.0040093833 0.0008577354 5.369127e-07 2.3011555e-09 0.000120560915 0.0016713325 2.6546236e-06 2.491854e-07
0.94921046 0.12711951 0.12975384 0.22496432 0.067271665 0.02703651 0.12058912 0.013118045 0.14214534 0.009570742 0.15436184 0.12607773 0.4471771 0.017368099 0.57146305 0.06391681 0.020492135 0.004406618 2.0828464e-05 0.28769964 0.00025661127 0.0007857938 0.00031893392 0.9065541 0.97156036 0.027158143 0.00011545095 5.878475e-15 0.0017961125 0.2688596 6.162736e-05 3.1785185e-05 0.00027790255 0.00024249889 0.0024897617 0.95204324 0.011785564 0.000121695164 5.0470906e-05 1.3063724e-05 0.6344121 0.0069707897 0.044981018 2.5019506e-05 0.00090015965 0.2645208 4.621005e-05 0.00053755625 0.9039861 2.7332637e-05 1.5142808e-06 2.613105e-05 0.0076588504 0.4463224 0.00025343552 1.05407146e-07 0.0016072328 0.08444951 0.42512906 4.7527763e-08 0.040025126 0.00044247275 0.003513768 0.0009098033 5.4413245e-05 4.4497236e-05 0.00025294194 0.0034483485 7.450684e-09 0.016140174 4.942252e-06 3.0388599e-06 0.008161179 0.5019709 0.017923001 0.00019694744 4.848033e-06 1.1544628e-05 4.2804535e-05 0.002561973 0.09715973 0.00012255854 2.6036893e-09 0.00019186993 0.24925123 0.0002513537 6.9190185e-07 0.013528664 1.978471e-06 3.0403482e-09 6.0878365e-09 0.17548153 0.00023810106 0.1573514 3.7740625e-05 0.0035780938 8.040698e-05 1.07608175e-05 0.07498371 0.00025179682 9.640457e-05
0.92391706 0.27176735 0.11781412 0.1568456 0.78073645 0.03503793 0.01965702 0.09402784 0.22033831 0.21881017 0.013397074 0.02341722 0.03716424 0.9651481 0.00377244 0.1592123 0.81547225 0.5930346 0.00026942661 0.012279207 0.003117448 0.013322839 0.025073407 0.0044322917 0.0015951914 0.013552365 0.00450728 0.0017961125 4.0795463e-17 0.00010221279 0.0018519621 0.0001468411 0.085038915 0.7877334 0.95605254 0.002210041 0.015451736 0.1270418 0.0068372665 0.001600093 0.0013421455 0.0009067871 3.030041e-05 0.0022967272 0.8731237 0.0003482592 0.49765748 0.8930074 0.0012545548 0.3930026 0.00041295163 0.068663806 7.652192e-06 0.00052467326 0.56368065 0.00014010032 0.011198367 0.00019480704 0.002818079 0.008958558 7.6223325e-05 0.11165572 8.131454e-05 1.5528078e-05 0.004171191 0.019363467 9.94455e-06 1.7779734e-05 9.101603e-07 4.8220107e-05 0.018119285 0.006204423 0.00017589855 0.00062553724 6.647163e-05 1.4432758e-06 0.007121813 0.0005957314 0.0043276753 7.884617e-06 0.00032577472 9.758284e-05 3.4277068e-06 0.00011003818 0.0031801881 3.227142e-05 2.9282849e-06 0.03650815 6.5300065e-07 7.948256e-07 1.1473043e-07 0.038784932 1.4878185e-06 0.0027128726 0.00035642614 0.00022286462 1.5101447e-06 0.000115494135 0.0016464436 1.6322416e-05 9.914374e-07
0.9734173 0.0022155996 0.00051652075 0.0016067369 0.00036192048 7.3410683e-06 0.000871763 4.7236804e-06 0.060798798 6.1839623e-06 0.00083702465 0.00046173888 0.14987545 0.00037478274 0.00068912463 0.18007606 0.008720636 2.7030332e-05 9.316708e-08 0.9138546 4.177273e-08 7.3104076e-07 2.9561912e-07 0.6581675 0.04292925 0.35546485 1.4317724e-08 0.2688596 0.00010221279 2.5325673e-15 1.5469176e-07 6.708039e-08 4.397629e-08 1.4703686e-06 0.00057480857 0.5909866 0.2821529 1.00152924e-07 3.604812e-07 1.8041905e-07 0.0051719556 0.6183677 0.980692 7.3145774e-09 2.1053012e-05 0.8917529 3.0209449e-06 0.00017127546 0.22096467 7.6876194e-07 5.1160015e-07 6.757721e-07 0.31664073 0.6564898 3.8896756e-06 5.1675002e-08 0.014942945 0.3193911 0.02461937 1.0508765e-09 0.13071406 0.00010526565 0.32842696 0.031380344 2.534391e-06 8.503306e-06 0.025391422 0.09993791 5.0814894e-08 0.045580372 9.0028394e-08 3.42243e-07 0.042785134 0.14002913 0.02427979 0.0066044605 1.3596533e-08 2.0340897e-08 1.2578073e-06 0.010775638 0.10023246 1.1209067e-07 2.8944524e-07 1.9024554e-06 0.09875422 0.0058196983 8.00663e-09 0.123799615 4.228557e-10 3.49503e-09 3.4834752e-10 0.14212757 0.0036254555 0.11834818 8.1480806e-07 0.010203901 0.0012307437 7.941888e-06 0.033711825 0.00023056119 0.00054458773
0.92208874 1.2119754e-05 0.0006171117 4.404464e-05 8.1293525e-05 0.10633839 0.0011869252 0.29791972 1.3369581e-05 0.05102646 0.0012299622 0.0024600723 8.105389e-06 9.489141e-05 0.010246245 7.4844083e-06 3.4509915e-06 0.009747751 0.8626975 1.913048e-06 0.29538885 0.07559513 0.36180323 1.9204868e-05 0.0013161992 3.457377e-07 0.87003803 6.162736e-05 0.0018519621 1.5469176e-07 2.678853e-17 0.976407 0.04083013 0.0063398588 2.8353193e-07 6.755106e-05 6.072552e-09 0.10817526 0.35337704 0.9807584 0.18800285 1.8865631e-10 5.866942e-10 0.73745596 0.00016135725 1.3971291e-07 0.0002343124 1.2358145e-05 0.0008853085 0.0003177996 0.6852082 0.022754943 4.3378474e-08 1.1161422e-06 4.7806793e-06 0.48638517 2.8974721e-08 5.92606e-08 0.0664412 0.0050004097 9.938002e-07 1.2544626e-08 2.6565445e-07 3.1979123e-08 0.00039554498 6.497591e-11 3.7831325e-09 1.9109067e-10 0.21098912 1.9892387e-07 2.2603261e-09 6.827273e-11 3.3436194e-08 0.005683075 8.021443e-07 1.3749321e-09 6.307705e-06 1.7568854e-07 1.3920611e-08 1.0036437e-08 4.9574923e-05 1.0133898e-13 4.9801474e-07 2.0570569e-13 0.029895624 1.2774757e-12 3.631959e-11 1.3142347e-11 1.0312441e-14 3.3088842e-08 0.030748477 0.045558207 3.0043735e-11 0.002080645 0.0009652124 1.0290173e-06 1.0678328e-09 1.4680995e-05 0.0013222924 9.638453e-07 2.1845408e-09
