1.5769565e-17 0.8759613 0.947366 0.9753957 0.8982388 0.95745033 0.9578286 0.95506597 0.9713147 0.88972014 0.95317745 0.92830205 0.8863123 0.9677544 0.9424744 0.97594315 0.93797296 0.87384266 0.97108793 0.052048735 0.97713375 0.9678004 0.9379133 0.909155 0.97379005 0.9436526 0.61412585 0.08866522 0.98208153 0.98109454 0.12131992 0.71264875 0.91454864 0.87785476 0.97447896 0.8876039 0.9545093 0.76624346 0.9616433 0.13274102 0.27674738 0.91308063 0.97413176 0.99646145 0.96819687 0.96365255 0.82564056 0.76046044 0.9788422 0.11466861 0.945324 0.9856192 0.024066115 0.98084974 0.98453027 0.9835013 0.006226411 0.97078866 0.9725698 0.9678798 0.5684801 0.9851803 0.9833496 0.9862505 0.97724086 0.927243 0.98259723 0.00129859 0.0005022744 7.686659e-05 0.9647472 0.9162584 0.910501 0.97452694 0.98333424 0.0012230506 0.00025866707 0.9832243 0.029498257 0.96391994 0.9746855 0.94954085 0.0007233088 0.0022549436 0.983955 0.96175647 4.1886407e-05 0.9727181 0.00019008902 0.9546498 0.9912137 0.99801403 0.9917017 1.01114495e-08 0.9995955 0.3142558 0.9692646 0.00149766 0.99975747 0.018585412 5.7614432e-08
0.8759613 1.3568312e-13 0.61867785 0.47301427 0.993413 0.89044464 0.5235836 0.71214426 0.5784515 0.2219175 0.6345855 0.93388045 0.009660766 0.3249513 0.00023164002 0.19803657 0.037530072 0.23497553 0.0016409915 0.7642106 0.07783501 0.17548412 0.038626216 0.06597158 0.11663972 1.1382805e-05 0.009437299 0.4776427 0.0068654926 0.0025419907 0.07408834 0.22770223 0.10183187 8.080109e-05 2.5058132e-06 9.90252e-06 2.25864e-06 7.101317e-06 0.031241508 0.0005937876 0.054564856 1.6484364e-06 5.491286e-05 0.036475014 0.0085364375 3.4572455e-05 8.692114e-08 2.4305987e-08 0.00011049436 0.08583561 1.424806e-05 0.00973668 4.304265e-05 1.6008209e-05 0.00018848965 4.288926e-06 0.00096356194 0.00026051264 1.0686163e-05 0.00034230453 6.3682805e-08 0.00075056485 1.4107873e-07 2.777286e-07 2.4600136e-05 1.0626128e-06 0.0007676923 5.097315e-05 3.881396e-05 4.6782014e-05 2.3335906e-06 1.12239356e-07 1.4778946e-07 8.146881e-06 7.0214395e-05 5.3441136e-06 3.5552122e-05 0.0013394551 6.1176024e-08 0.00046553393 4.1184135e-06 0.0050693625 0.0013067146 1.0617072e-06 0.00035595617 2.5794282e-06 9.718863e-06 5.8865694e-06 2.4084288e-08 7.1869367e-06 1.355899e-05 0.002136326 8.553986e-06 2.964094e-10 7.133739e-05 2.7989935e-09 0.0001372821 6.0835614e-10 0.0048952824 7.3984423e-09 4.37059e-10
0.947366 0.61867785 5.2054848e-20 0.7107876 0.19749771 0.58559686 0.12710953 0.9379666 0.9647163 0.085940376 0.8235976 0.23934627 0.0035598266 0.17814629 3.8070088e-05 0.6571914 0.20906435 0.0003433439 0.0044109 0.008980648 0.4108776 0.62110704 0.3989802 0.15178864 0.5646316 6.976748e-06 9.762546e-05 0.0012124447 0.023419792 0.009888295 0.00023413304 0.00920519 0.0077431323 1.6697928e-05 4.53258e-06 8.224932e-06 2.9588028e-07 9.380995e-07 0.09125674 6.881887e-06 0.0008687508 1.771322e-07 0.00019143819 0.12451449 0.051910855 0.00014778716 8.595273e-08 2.1413328e-08 0.0011448186 6.884227e-05 7.241389e-05 0.027085697 4.36682e-06 7.312075e-05 0.0006112976 7.719987e-06 1.5073203e-06 0.0005540925 2.9787745e-05 0.0005609277 6.742507e-08 0.0040261294 1.878565e-08 1.4619155e-07 2.0409812e-05 6.893296e-08 0.0039057266 5.0014197e-08 5.5114032e-08 1.4252966e-07 1.6629116e-07 5.7066934e-08 9.534169e-09 3.8865073e-05 0.00024934078 4.639321e-09 5.9116155e-06 0.0022463626 3.9093408e-08 0.0009750056 2.9501768e-06 0.026356824 2.0657666e-05 2.2294346e-08 0.0016152877 2.2072868e-06 7.824518e-08 1.3247131e-07 7.297155e-10 4.4308904e-06 8.015673e-06 0.0040839077 2.6736589e-06 6.38409e-12 0.00038626743 4.905278e-10 9.219387e-06 1.7484627e-11 0.019390993 6.664659e-10 2.4798555e-13
0.9753957 0.47301427 0.7107876 3.300694e-17 0.15762742 0.061424084 0.9129137 0.32075554 0.8130866 0.92855775 0.18739563 0.010151735 0.81800395 0.00434288 0.23102467 0.13894278 0.0037241594 0.13025582 0.7767144 0.02136723 0.8597862 0.24150501 0.19849089 0.009002283 0.21472944 0.103516996 0.050184682 0.00053761725 0.0006732304 0.517383 0.007871311 0.00048175888 1.8252089e-05 0.008250782 0.054170147 0.004956415 9.9721816e-05 0.0006156145 0.21793349 0.010619134 0.007954786 5.0061808e-05 0.034167174 0.03379447 0.044071484 0.0111797415 2.8292404e-06 1.4662405e-06 0.0152317695 2.7897835e-07 0.001171018 0.041581646 7.268136e-05 0.0009860237 0.008596767 0.00017614446 1.3733781e-05 0.0030739794 0.0015013822 0.0013504088 2.3178254e-06 0.017155297 8.798987e-06 3.450182e-06 0.00020957908 4.2749275e-06 0.0043026856 7.879361e-08 1.5395979e-06 6.2913483e-09 3.1541233e-05 6.608369e-06 2.1002727e-06 0.0006346537 0.0021057432 3.164655e-08 6.601556e-09 0.0051153996 1.011392e-06 0.0020762275 8.340576e-05 0.022149134 8.1112645e-08 1.5081176e-07 0.0036395325 0.00022179176 1.7252128e-07 4.321831e-06 9.19395e-08 0.00030700283 9.072788e-05 0.00543499 0.0001023559 3.6718566e-11 0.0009745455 4.79939e-08 0.0006650819 1.3570229e-09 0.024233675 3.8754422e-08 5.243015e-11
0.8982388 0.993413 0.19749771 0.15762742 2.045675e-13 0.3749496 0.74280554 0.19996499 0.19656055 0.21163882 0.09915676 0.4918784 0.011330306 0.020602144 0.00063028437 0.016396355 0.0010808819 0.69031286 0.0018004333 0.90955734 0.017934253 0.025876887 0.0033179354 0.0031876639 0.0071371617 7.616636e-05 0.25839123 0.8534147 0.00021950423 0.0020917624 0.51991445 0.122806326 0.015454301 0.00028377693 1.1455551e-05 0.00061013974 3.5688765e-06 2.1696418e-05 0.0049844645 0.038904384 0.71275675 3.792794e-06 0.0002525009 0.00390786 0.0018921646 4.2412332e-05 1.5083477e-07 7.503497e-08 0.00043480642 0.13084072 8.6824e-05 0.0014444878 0.068635635 7.077792e-05 0.00016183268 3.4603706e-06 0.19999678 0.00022437451 4.357672e-06 0.00023410424 8.09425e-06 0.00040825116 6.337428e-09 7.8483026e-07 1.0872984e-06 9.3974796e-07 0.00024808085 0.08756274 0.0073064747 0.0021647625 2.2570175e-05 2.4226807e-07 2.752231e-06 2.5716445e-06 5.283626e-06 0.0055501745 0.0014174307 0.00018303937 2.6993043e-06 8.544778e-05 2.6484538e-06 0.0030664073 0.014666001 7.583523e-06 0.00010487807 5.299709e-06 0.0006566599 2.7909853e-06 0.00022059907 5.1429797e-05 8.333665e-07 0.0002718468 8.4014226e-07 1.513675e-07 2.836822e-06 2.9227158e-08 7.54534e-06 2.9366538e-07 0.0010970377 3.479534e-08 2.7106717e-07
0.95745033 0.89044464 0.58559686 0.061424084 0.3749496 7.734491e-13 0.0006652481 0.7706972 0.29942575 0.0019426433 0.91182643 0.96580607 4.848678e-05 0.9628713 5.3537366e-07 0.3911391 0.54702765 4.0015464e-05 3.2355703e-05 0.032875594 0.019830123 0.20849632 0.09006551 0.40002418 0.19242314 1.0662036e-07 8.1901345e-07 0.017379688 0.15673396 5.7487243e-05 0.00010799015 0.56709003 0.59777963 7.64692e-07 6.3706615e-08 2.2676952e-07 7.281813e-08 9.808081e-08 0.020167157 1.3042015e-07 0.00017810237 3.8309054e-08 1.8400635e-06 0.24403767 0.011346796 9.149914e-07 1.9934689e-08 5.3965588e-09 6.692286e-05 0.07698198 1.51436825e-05 0.008047587 3.942428e-07 3.8887333e-06 5.0716353e-05 3.247896e-07 5.5534747e-06 0.0001346855 2.1989038e-06 0.00037330578 1.36953595e-08 0.0003954848 3.6893688e-09 1.5717568e-08 1.3617642e-05 5.1030128e-08 0.001066249 1.0038649e-06 1.585563e-07 0.0002168338 7.3056576e-08 2.153625e-08 4.939587e-09 1.6850996e-06 2.7896534e-05 1.1974133e-07 0.00067488925 0.000881358 2.6107172e-08 0.00052734977 6.469927e-07 0.026352068 0.0008868828 1.08829276e-07 0.00043151304 6.8431325e-07 3.4336398e-07 4.4225843e-07 8.654074e-10 2.5283762e-07 4.9512955e-06 0.0035196 2.2710606e-07 2.1024198e-09 1.0203587e-05 7.5123e-09 8.658417e-06 1.1146087e-11 0.026318474 7.482909e-10 1.2714357e-11
0.9578286 0.5235836 0.12710953 0.9129137 0.74280554 0.0006652481 8.084997e-14 0.005368838 0.114523605 0.9637072 0.0008538575 0.0008149243 0.9208179 3.026157e-05 0.61770433 0.0018719072 3.5698184e-05 0.78553075 0.48698238 0.1540308 0.25642562 0.0072343717 0.003332478 0.0005432039 0.0039543957 0.10775653 0.674075 0.089199685 2.5116087e-05 0.23253402 0.16070452 0.00095632154 3.021053e-05 0.32716537 0.04208413 0.70895183 0.017869053 0.023224555 0.05075724 0.12024902 0.5075855 0.008630418 0.025888741 0.0021766233 0.003269208 0.0060690674 0.00045712068 0.00013686209 0.014371908 0.0007377884 0.0046795583 0.0061130053 0.025599772 0.0014998653 0.007548428 0.00023866781 0.007717064 0.0017576097 0.0019570927 0.0018875038 0.010809367 0.0052987467 5.645714e-06 4.8076843e-05 0.00027219238 2.5954885e-05 0.00026457754 0.0048593692 0.001755756 4.884822e-06 0.0012729095 3.7286813e-05 4.416481e-05 0.0001996936 0.00041155185 0.0016864897 2.2652527e-07 0.000810154 0.001618796 0.0015957033 3.1291358e-05 0.0046792016 0.0014295392 0.000311739 0.0015743374 0.00023893292 9.708808e-05 0.00013586877 6.40354e-05 0.00022218279 6.3169544e-05 0.0028732538 3.335672e-05 3.6053418e-09 0.00080575014 2.4453779e-05 0.00025185134 7.5006787e-06 0.009122203 4.3308087e-06 3.689293e-08
0.95506597 0.71214426 0.9379666 0.32075554 0.19996499 0.7706972 0.005368838 2.3705e-17 0.8626453 0.017101964 0.95730025 0.56821525 0.00015973949 0.45573288 1.0249734e-06 0.81326354 0.38522702 0.00014553314 0.00010430891 0.014343845 0.2558519 0.71197504 0.44905347 0.49323574 0.65539676 1.844221e-07 3.5018918e-06 0.0015007181 0.09248386 0.0017502932 0.000114059905 0.043326244 0.031928945 1.6308653e-06 8.047375e-08 3.2945343e-07 1.6017363e-08 9.889797e-08 0.104619235 3.0558815e-06 0.00015501498 1.5058546e-08 2.0810356e-05 0.2434854 0.051986553 7.766531e-06 6.4665526e-09 1.855531e-09 0.00049327355 0.00036737998 1.9706982e-05 0.041358788 3.61067e-06 1.0185844e-05 0.0003012343 6.6030054e-07 1.5519572e-06 0.0005196872 3.55023e-06 0.0008715299 5.760045e-09 0.0023866373 1.0327547e-09 6.782501e-09 2.1266012e-06 9.528642e-09 0.0021000465 9.023808e-09 4.519492e-08 8.1697107e-07 3.000484e-08 4.9255022e-09 3.8002052e-10 2.7268286e-06 4.2981123e-05 6.2761e-10 3.5316066e-06 0.0018918045 1.34894895e-08 0.0006840351 5.0603825e-07 0.029017756 4.3991201e-07 6.1943304e-09 0.0006109442 9.0769686e-07 5.879514e-09 8.439237e-09 4.8117843e-11 1.273669e-07 3.3255836e-07 0.0024980956 1.4663057e-07 7.880033e-13 2.4359091e-05 1.4634953e-10 2.8241536e-06 1.5707458e-13 0.024477184 8.2589005e-12 4.3767043e-14
0.9713147 0.5784515 0.9647163 0.8130866 0.19656055 0.29942575 0.114523605 0.8626453 2.4891655e-18 0.14047542 0.6552391 0.15697518 0.013275171 0.064022444 0.00013227887 0.66279936 0.058759846 0.0020110144 0.016110377 0.01962636 0.7804048 0.7482716 0.4661358 0.1001346 0.6477105 1.2223328e-05 0.0004441052 0.0009912049 0.007736153 0.04936743 0.0007362277 0.006810993 0.0038711044 4.8842838e-05 4.457056e-06 9.1992215e-06 7.512064e-07 3.418804e-06 0.2205792 0.00017069513 0.0008968072 2.350542e-07 0.0011047976 0.10293495 0.07781874 0.00019162724 2.0554435e-07 6.9362656e-08 0.0033676533 1.9761637e-05 0.00012447312 0.06908983 2.1022535e-05 0.00011814632 0.001706074 6.616864e-06 8.6876225e-06 0.0016809651 4.915006e-05 0.0016630726 2.0910242e-07 0.008530997 2.2737444e-08 1.3556105e-07 1.1476349e-05 1.5064285e-07 0.0049886447 4.2764955e-07 4.4757064e-07 1.4825792e-08 3.4620294e-07 1.4816612e-07 6.422955e-08 3.661898e-05 0.00024244963 3.9956847e-09 3.665944e-07 0.0026892798 5.3723966e-08 0.0008255351 1.6207994e-06 0.017764837 2.5796913e-08 7.113388e-08 0.0012777708 2.7836406e-06 1.1931961e-08 7.4609254e-08 2.2203521e-09 3.062887e-06 2.0949694e-06 0.0035686663 9.6487e-07 2.9231335e-12 0.00015153573 1.7585315e-09 3.9865277e-05 2.1828308e-11 0.02089993 1.371106e-09 4.036012e-13
0.88972014 0.2219175 0.085940376 0.92855775 0.21163882 0.0019426433 0.9637072 0.017101964 0.14047542 7.858111e-15 0.003961913 0.0005071872 0.95602304 0.00020925673 0.6572906 0.00454335 0.0003753862 0.5335294 0.6560856 0.062928036 0.23847914 0.018236361 0.008716799 0.0018876947 0.013296006 0.15925921 0.3504101 0.0085526705 6.779236e-05 0.2820464 0.054168947 0.0008642083 2.3051554e-05 0.20594493 0.06858639 0.36320412 0.010462972 0.018645614 0.060704 0.07232467 0.11105088 0.005006754 0.027072387 0.0038940446 0.0076578273 0.010874365 0.0005810992 0.00021547143 0.012160421 3.9009075e-05 0.0037765848 0.013668235 0.009794417 0.0018820702 0.007915008 0.00010239299 0.0032729 0.0021400359 0.0016838073 0.0018364901 0.005091429 0.00990474 7.3712195e-06 4.8148147e-05 0.00010760494 5.665755e-05 0.00082365284 0.0020516503 0.0025078598 1.999686e-06 0.0021396065 1.9578234e-05 2.7265023e-05 0.00031432486 0.00086905 0.00011622314 3.451923e-08 0.0023726814 0.00073931675 0.0017268128 0.00016926987 0.0078105214 8.1773106e-07 0.00011693313 0.0018122342 0.00032390913 2.2550114e-06 3.9196686e-05 5.0697563e-06 0.00024514433 7.139817e-05 0.003492352 2.0340018e-05 1.3566366e-10 0.0005527996 6.70874e-07 0.00017884871 5.802632e-07 0.0076517686 1.697576e-06 6.4386363e-10
0.95317745 0.6345855 0.8235976 0.18739563 0.09915676 0.91182643 0.0008538575 0.95730025 0.6552391 0.003961913 1.4009799e-18 0.5646908 3.4506375e-05 0.86887586 1.647411e-07 0.82339 0.72134894 2.3701008e-05 7.437146e-05 0.00753859 0.0862318 0.6024151 0.4234692 0.62102735 0.60615313 5.6472917e-08 9.4617064e-07 0.00030236083 0.20504871 0.00037502716 1.529285e-05 0.051010806 0.041732203 3.6622646e-07 2.7793908e-08 2.5438759e-08 4.4047703e-09 7.2317734e-09 0.04543284 4.135652e-08 2.9120312e-05 6.7922237e-09 5.592902e-06 0.24758592 0.03285304 6.060238e-06 3.2063576e-09 1.183901e-09 0.00012238882 0.0003466519 2.5035367e-06 0.019700969 3.4925247e-07 7.4007967e-06 0.00010098585 2.4379406e-07 1.9104343e-07 0.0002827555 6.672298e-06 0.0006439301 2.8081963e-09 0.0020987282 9.474198e-10 2.0444544e-09 4.6130335e-06 2.1584066e-09 0.003329476 2.0052897e-09 8.814772e-09 1.0041492e-06 5.562653e-09 2.8410383e-09 4.863374e-10 4.9567902e-06 5.4357177e-05 4.5445728e-10 5.289179e-05 0.0022798777 4.661069e-09 0.00070335896 2.2886262e-07 0.04526877 4.4462536e-07 2.3393918e-09 0.00090437924 2.3742861e-07 2.0550779e-08 5.283197e-08 1.141736e-10 9.040796e-07 1.0256392e-06 0.002614608 8.6732015e-08 2.5190822e-12 4.44896e-05 1.3311152e-10 7.716206e-07 3.7611754e-12 0.03258676 9.009555e-12 5.520066e-14
0.92830205 0.93388045 0.23934627 0.010151735 0.4918784 0.96580607 0.0008149243 0.56821525 0.15697518 0.0005071872 0.5646908 1.6491223e-13 1.6090646e-05 0.8751536 8.1925873e-07 0.24711993 0.3985871 0.00029458612 1.07829865e-05 0.11128144 0.007682457 0.11056167 0.024697376 0.32679787 0.100729324 1.3215484e-07 2.4934088e-05 0.11414617 0.12506412 4.673461e-05 0.00026407512 0.95938236 0.9777854 2.2580823e-06 5.8338063e-08 5.134937e-07 1.16636144e-07 5.335779e-07 0.0054371776 6.9949317e-07 0.00057735725 1.7003505e-07 1.6792617e-06 0.22597261 0.003364825 6.522469e-07 1.4141528e-08 2.6059797e-09 3.0573116e-05 0.33649755 8.349946e-06 0.0049471916 2.296013e-07 1.0540917e-05 6.799872e-05 2.1977862e-06 8.8556044e-05 6.896252e-05 2.428356e-06 0.00030818267 4.9577682e-08 0.00062527775 5.4055525e-09 4.0465594e-08 2.3243854e-05 5.980256e-08 0.00069409545 2.665653e-05 2.3455351e-07 0.0010076377 5.2945058e-08 2.3460101e-08 1.4239101e-08 1.0978273e-06 3.197783e-05 1.2391633e-06 0.0022903022 0.0004660874 6.3458216e-09 0.0005490302 1.2591659e-06 0.01967504 0.0031512568 9.7351155e-08 0.000266775 2.1171752e-06 3.9406414e-06 3.6065353e-07 8.539367e-09 1.2925775e-06 1.951142e-06 0.002038961 5.123457e-07 2.8731846e-09 8.762126e-06 6.9595096e-08 6.41482e-06 2.8937564e-11 0.018157566 7.105045e-09 1.4999538e-10
0.8863123 0.009660766 0.0035598266 0.81800395 0.011330306 4.848678e-05 0.9208179 0.00015973949 0.013275171 0.95602304 3.4506375e-05 1.6090646e-05 8.344192e-17 6.5668614e-06 0.94056 7.879223e-05 1.3164025e-05 0.388333 0.8780459 0.008099103 0.10043285 0.0011536643 0.0010951834 0.00014261702 0.00092205004 0.7710148 0.31038132 0.0006797804 5.346825e-06 0.36391357 0.020928755 3.4604942e-05 1.4969501e-06 0.49246868 0.3867288 0.5350806 0.10133035 0.10277472 0.03407666 0.11942784 0.04290906 0.0518862 0.044506293 0.0007145024 0.0018522278 0.041588932 0.007181176 0.0071907775 0.01568647 4.1388503e-07 0.006413958 0.00747159 0.010601315 0.005851532 0.009119769 0.0007866456 0.0014442425 0.0037291618 0.0064137136 0.0016591733 0.020549627 0.012097998 0.00020504228 9.095503e-05 0.0005768242 0.00032138356 0.0010279978 0.00020814476 0.0016402015 9.5937285e-09 0.006340953 0.00012334532 0.00033672582 0.0022709484 0.0028159725 5.441903e-06 3.814731e-09 0.0037694569 0.00089038495 0.0021119665 0.00018662387 0.008421714 1.7688935e-08 0.0002806257 0.0037785394 0.00029974844 1.1837023e-07 0.00011369238 3.7573776e-07 0.00062964245 0.00024452904 0.0038700488 8.447628e-05 5.3857315e-13 0.0012041999 3.2908414e-07 0.00030744146 7.482559e-08 0.0062072724 8.267149e-07 4.736983e-12
0.9677544 0.3249513 0.17814629 0.00434288 0.020602144 0.9628713 3.026157e-05 0.45573288 0.064022444 0.00020925673 0.86887586 0.8751536 6.5668614e-06 4.4339495e-14 1.3043656e-07 0.39115468 0.9571565 6.6471025e-06 2.3263281e-05 0.0027821134 0.008256332 0.14082171 0.08408672 0.7212932 0.19356729 6.8936906e-08 8.283944e-07 0.00034206026 0.66246724 3.5250334e-05 1.0424839e-05 0.4019888 0.5702373 4.4901267e-07 3.941483e-08 1.6759715e-07 3.8016516e-08 1.6621267e-07 0.008941564 2.6713849e-08 5.703351e-05 3.0680727e-08 1.7450088e-06 0.47029147 0.009516507 5.8858586e-07 2.9433703e-08 3.8861137e-09 7.6933255e-05 0.018822636 2.0553123e-05 0.0066290386 1.3420704e-07 6.662124e-06 4.9932783e-05 3.0787552e-07 2.2178678e-07 0.00024434327 3.866509e-06 0.0008523251 3.84895e-09 0.0006674872 5.695249e-10 9.010841e-09 1.49410835e-05 1.2209049e-08 0.0020815658 2.5798439e-08 6.67372e-09 0.00053872843 8.044992e-09 4.1018464e-09 7.703555e-10 1.9036079e-06 1.8518771e-05 3.6189782e-08 0.0026444397 0.0016769149 1.0517755e-08 0.0003291487 6.6887696e-07 0.04656575 8.581085e-05 1.9418344e-08 0.0002641638 7.9012736e-08 1.5746673e-08 5.2617366e-08 1.9757289e-10 9.409371e-09 8.5590403e-07 0.001430341 4.0374672e-09 1.261935e-09 5.4829106e-06 2.2681514e-09 5.861467e-08 6.2355607e-12 0.0539508 1.07578044e-10 3.820075e-13
0.9424744 0.00023164002 3.8070088e-05 0.23102467 0.00063028437 5.3537366e-07 0.61770433 1.0249734e-06 0.00013227887 0.6572906 1.647411e-07 8.1925873e-07 0.94056 1.3043656e-07 2.0898188e-12 2.3767793e-06 3.9699214e-07 0.46553457 0.75123405 0.00056863 0.012799688 8.71182e-05 8.991921e-05 1.0269425e-05 4.2388838e-05 0.9220745 0.42804754 7.418551e-05 4.2029973e-07 0.10638162 0.02186316 1.4890692e-06 6.7750314e-08 0.9476709 0.4691676 0.9060613 0.49694538 0.6594709 0.003733396 0.19992207 0.11386627 0.30792317 0.021221768 3.5967256e-05 0.000112657326 0.024200939 0.15189192 0.14521511 0.004302029 1.2327645e-07 0.0027521143 0.00037523804 0.020264905 0.0020500838 0.0028157525 0.00080959254 0.0010424522 0.0005612375 0.0041259853 0.00057033513 0.15682492 0.002028211 0.0002697007 0.00032811318 0.00030066518 0.00045119974 9.3898205e-05 0.00032862206 0.00043697012 2.3330474e-08 0.019841155 0.00017622174 0.0005530883 0.0010330025 0.0010119223 0.00011894278 2.0137718e-09 0.0005403304 0.0069675697 0.00071990956 0.00014721717 0.0014638368 9.015246e-08 0.0016117793 0.002043421 0.00032285473 1.4255446e-06 0.00039158485 9.506183e-06 0.0009382674 0.00020013991 0.0024407639 9.382616e-05 6.6035987e-12 0.00096644805 5.0419374e-05 0.00029725046 8.104005e-06 0.002693443 6.0184553e-05 1.784742e-10
0.97594315 0.19803657 0.6571914 0.13894278 0.016396355 0.3911391 0.0018719072 0.81326354 0.66279936 0.00454335 0.82339 0.24711993 7.879223e-05 0.39115468 2.3767793e-06 5.621405e-15 0.6774596 0.00013382472 0.00011039218 0.0033211515 0.41875538 0.9081284 0.91717 0.8701037 0.91679084 4.424862e-07 9.162702e-06 0.000109673696 0.3360746 0.005068517 4.0230738e-05 0.01935641 0.018146046 4.8951747e-06 1.1047817e-07 2.641037e-07 5.652066e-08 1.1186427e-07 0.32822108 8.613831e-07 9.41113e-05 4.289003e-08 0.00011596982 0.51506245 0.19474168 2.1752752e-05 4.271889e-09 7.416934e-10 0.0018581621 3.0767507e-05 5.9586713e-05 0.08481416 6.582176e-07 3.6832345e-05 0.0008572901 2.5880795e-06 8.03929e-08 0.0026323795 3.797628e-05 0.003473906 8.867486e-09 0.010144238 8.208815e-09 1.520262e-07 1.1301776e-05 9.572658e-08 0.013130231 3.4282932e-09 3.5335452e-09 1.2454583e-07 4.8374936e-08 5.3170428e-08 7.180438e-09 1.7885957e-05 0.00012946257 5.258363e-09 2.1306705e-05 0.004386549 4.500121e-08 0.0010477451 9.03768e-06 0.07210336 4.7616777e-06 1.9636639e-08 0.0007759369 5.775312e-06 9.786237e-08 1.8846957e-07 8.482401e-10 1.0786694e-06 6.9964503e-06 0.0047662626 5.2230484e-07 1.7144515e-11 5.233649e-05 1.3700682e-09 4.670447e-06 5.4807957e-11 0.06952441 2.2557725e-10 2.5564964e-13
0.93797296 0.037530072 0.20906435 0.0037241594 0.0010808819 0.54702765 3.5698184e-05 0.38522702 0.058759846 0.0003753862 0.72134894 0.3985871 1.3164025e-05 0.9571565 3.9699214e-07 0.6774596 1.0443225e-17 4.490566e-06 0.00012995154 0.00026366848 0.013956104 0.15588239 0.37312332 0.9725985 0.27700052 4.240299e-07 3.6591922e-07 2.2304715e-05 0.9348645 9.256049e-05 5.7022166e-06 0.06491164 0.07774482 1.531355e-06 2.2207948e-07 1.2171076e-07 4.504724e-08 3.9026486e-07 0.021206949 2.7220427e-08 1.842711e-05 4.6236522e-08 1.5705577e-05 0.65063256 0.01878095 7.695383e-06 8.5054594e-09 1.7919297e-09 0.0004798473 0.00042838758 2.9749393e-05 0.008473206 2.3168717e-07 5.0718718e-05 0.0003940801 4.2277798e-06 1.1561826e-07 0.00071868405 9.272424e-06 0.001815335 1.2588218e-09 0.0015359309 1.720474e-09 4.780606e-08 3.146561e-05 4.637817e-09 0.0062601017 1.022685e-09 9.6641e-10 6.009568e-06 7.0193895e-09 7.669853e-09 1.6945018e-09 9.314878e-06 6.478745e-05 3.887834e-09 0.001180489 0.003459345 1.0353408e-08 0.0004926699 2.235317e-06 0.08668052 1.1052364e-06 6.6035715e-09 0.0005312378 8.4712167e-07 1.0939942e-09 2.261776e-08 3.2755985e-11 2.4052122e-07 2.782531e-06 0.0023130008 3.0028147e-08 1.2409866e-10 1.14114455e-05 2.3084023e-11 1.8400537e-07 1.9966194e-12 0.07849548 6.3316422e-12 3.2177584e-13
0.87384266 0.23497553 0.0003433439 0.13025582 0.69031286 4.0015464e-05 0.78553075 0.00014553314 0.0020110144 0.5335294 2.3701008e-05 0.00029458612 0.388333 6.6471025e-06 0.46553457 0.00013382472 4.490566e-06 1.3885281e-13 0.01645021 0.78375787 0.013627262 0.0006166514 0.00021436687 2.3465687e-05 0.00027916802 0.057486944 0.9890945 0.40655842 2.1442534e-06 0.012274213 0.88700813 0.0015267646 2.3365377e-05 0.29692972 0.0022746937 0.5394204 0.004345563 0.008606779 0.0022974403 0.6571476 0.8330161 0.0023872256 0.0003625073 6.2483334e-05 0.00020273485 8.377317e-05 9.4258976e-05 2.5982868e-05 0.00016829172 0.023002421 5.369967e-05 0.00013342661 0.30929235 2.0169357e-05 8.1189384e-05 9.535743e-07 0.11370533 3.3557862e-05 2.5216877e-06 6.536424e-05 0.047667123 3.1474436e-05 2.2556037e-07 1.5723417e-06 1.486752e-06 9.036534e-06 5.709824e-06 0.09846299 0.02456819 6.846756e-05 6.9570386e-05 7.5421417e-07 2.776596e-06 2.031773e-06 3.8578128e-06 0.036257558 1.9498595e-05 3.1443116e-05 0.008735832 4.6600388e-05 8.414337e-06 0.00013458844 0.004414265 0.0053065424 3.905866e-05 3.5711785e-06 0.0014604464 2.743664e-06 0.0050470736 2.7807155e-05 6.0797026e-07 0.00016890463 1.3625506e-06 9.406639e-10 8.5888005e-06 2.5567482e-07 4.56347e-06 5.4745406e-06 0.0006623016 3.6904248e-07 3.2925286e-08
0.97108793 0.0016409915 0.0044109 0.7767144 0.0018004333 3.2355703e-05 0.48698238 0.00010430891 0.016110377 0.6560856 7.437146e-05 1.07829865e-05 0.8780459 2.3263281e-05 0.75123405 0.00011039218 0.00012995154 0.01645021 4.9296813e-18 0.00048863504 0.33545953 0.0032790736 0.0034674122 0.00031253352 0.0007466895 0.8684496 0.017294934 8.625697e-06 2.3856142e-05 0.9030926 0.0018111925 1.3408936e-05 3.1160954e-07 0.25766104 0.919503 0.10249872 0.29148817 0.089591935 0.1578236 0.016726552 0.0011993786 0.12132397 0.3193789 0.00068832823 0.0108131245 0.595194 0.03182594 0.023510743 0.100662164 2.6799638e-08 0.09335601 0.025016597 0.00029763908 0.058356762 0.049435038 0.07973788 1.5197494e-06 0.018146116 0.0865453 0.007878634 0.0016915312 0.026739135 0.02847486 0.0092511475 0.022223119 0.013762345 0.005988758 4.4976243e-08 2.6355733e-06 1.685293e-09 0.027556527 0.0022762476 0.0035439315 0.03881606 0.035369273 2.589773e-08 5.9207244e-09 0.012225054 2.9777182e-05 0.013695662 0.0062686834 0.018698376 7.3568183e-09 1.1521101e-05 0.020488212 0.0021111884 2.5925804e-08 0.0024749467 1.0677687e-07 0.00561287 0.0040796064 0.022017352 0.0022235066 1.0557358e-10 0.009450579 7.914732e-07 0.0067016366 1.07684755e-07 0.018000918 2.4429876e-06 1.6940549e-10
0.052048735 0.7642106 0.008980648 0.02136723 0.90955734 0.032875594 0.1540308 0.014343845 0.01962636 0.062928036 0.00753859 0.11128144 0.008099103 0.0027821134 0.00056863 0.0033211515 0.00026366848 0.78375787 0.00048863504 9.44525e-19 0.00452894 0.005766603 0.000358195 0.00082898315 0.0014497999 3.9303744e-05 0.43707266 0.99506927 5.713662e-05 0.000121212855 0.91915035 0.037717707 0.0033551336 0.00045211552 2.6124233e-06 0.00037661326 3.68062e-06 1.0441027e-05 0.00044331033 0.09812778 0.4810163 2.6763655e-06 8.2354645e-06 0.00094023126 9.880244e-05 1.1391525e-05 7.853884e-08 2.5756155e-08 3.4272164e-06 0.04017692 3.6406811e-07 0.00023595296 0.0038628585 5.0056383e-06 5.1858065e-06 1.7104579e-06 0.021247089 5.5764604e-06 1.3752791e-06 1.4876987e-05 3.1634073e-07 4.611131e-05 1.4064703e-08 5.2198766e-07 2.1509825e-07 6.690355e-08 2.0066924e-05 0.0044843457 0.00033698604 3.4052886e-05 1.3848295e-07 1.2767372e-09 7.5105845e-08 1.6613296e-07 1.6099088e-07 0.0019762074 1.4963357e-05 9.973051e-06 6.697416e-06 2.493553e-06 8.575292e-07 9.307344e-05 0.008885481 1.5840465e-06 2.2812665e-06 4.8014044e-08 0.00017431809 4.3288287e-07 1.3210299e-06 5.4799653e-05 4.023795e-07 7.230051e-05 9.4852953e-07 4.211449e-12 1.5005362e-06 9.174164e-10 0.00077539904 8.478854e-11 0.00014288319 1.0012518e-08 2.1279225e-11
0.97713375 0.07783501 0.4108776 0.8597862 0.017934253 0.019830123 0.25642562 0.2558519 0.7804048 0.23847914 0.0862318 0.007682457 0.10043285 0.008256332 0.012799688 0.41875538 0.013956104 0.013627262 0.33545953 0.00452894 1.2255721e-14 0.8185341 0.7889087 0.07350519 0.6292258 0.0027552566 0.006977104 0.00021854903 0.005223634 0.89266384 0.001947039 0.00091612345 0.00046764265 0.003262711 0.0017351783 0.0018224678 0.00028103736 0.00045477002 0.897208 0.0008413475 0.0019147426 0.00010080006 0.21226202 0.344255 0.38670588 0.044500094 2.2738997e-05 3.5015414e-06 0.14741094 9.905382e-06 0.027775213 0.28946143 2.5198307e-05 0.010318432 0.05493768 0.00093034445 1.3076757e-06 0.042709917 0.007286997 0.032685876 1.0537197e-05 0.1469241 8.423987e-06 0.00023518685 0.0012121702 0.0002990609 0.046588857 3.380158e-07 1.1775811e-06 6.1671686e-09 0.00012933458 0.00015755554 1.582886e-05 0.005446218 0.011293988 1.4066958e-06 7.962545e-08 0.018329578 3.676586e-06 0.00894681 0.00063065893 0.041907236 5.679106e-07 0.0012794201 0.011898861 0.00051211123 6.4499363e-07 1.9026196e-05 0.00032447834 0.00040862258 0.0006901315 0.016551938 0.0003907595 3.9384054e-10 0.0038833655 3.712115e-07 0.00039442335 2.3316506e-08 0.060479783 2.9959796e-07 6.5124456e-10
0.9678004 0.17548412 0.62110704 0.24150501 0.025876887 0.20849632 0.0072343717 0.71197504 0.7482716 0.018236361 0.6024151 0.11056167 0.0011536643 0.14082171 8.71182e-05 0.9081284 0.15588239 0.0006166514 0.0032790736 0.005766603 0.8185341 3.3592256e-14 0.9395796 0.344345 0.9372516 2.3332914e-05 0.00012993506 0.0003507676 0.05584327 0.034372084 0.00012815895 0.006173607 0.00834859 8.772472e-05 1.8976834e-05 2.6571477e-05 2.2216539e-06 4.8544734e-06 0.64320403 1.4296612e-05 0.00048239683 5.7213936e-07 0.0025244672 0.4691267 0.45802292 0.00033152846 4.034077e-07 1.4597478e-07 0.011300236 4.4261873e-05 0.001116126 0.22315302 2.3413137e-05 0.00048624913 0.0051385066 4.376044e-05 2.2672054e-06 0.0058397716 0.00015318414 0.007693799 4.503043e-07 0.0252699 1.6344332e-07 2.954386e-06 0.00016022283 4.069986e-06 0.041908607 6.296781e-07 1.8351172e-07 4.450861e-07 3.8739512e-07 1.3981468e-06 3.3376047e-08 0.00011083176 0.0010322585 1.2905237e-07 1.0691764e-06 0.013152263 7.860598e-08 0.0039686896 6.282475e-05 0.08101437 3.954303e-06 8.39556e-07 0.0045030415 3.7739435e-05 6.7159993e-07 6.517501e-07 5.4343666e-08 5.899591e-06 0.00011181101 0.013033188 9.424662e-06 5.68315e-10 0.000818636 1.3297469e-07 9.870195e-05 2.8460104e-10 0.07859147 1.1235024e-08 7.956016e-12
0.9379133 0.038626216 0.3989802 0.19849089 0.0033179354 0.09006551 0.003332478 0.44905347 0.4661358 0.008716799 0.4234692 0.024697376 0.0010951834 0.08408672 8.991921e-05 0.91717 0.37312332 0.00021436687 0.0034674122 0.000358195 0.7889087 0.9395796 2.2329363e-16 0.562425 0.9426878 2.2464632e-05 5.858369e-05 8.025407e-05 0.15803687 0.0747218 3.5611134e-05 0.0027580499 0.001829613 3.6621426e-05 3.2670887e-05 2.9428442e-05 1.0094398e-06 1.8688461e-06 0.6180667 1.0454902e-06 0.00032191363 1.2614111e-06 0.008454511 0.3990241 0.48779333 0.0013997138 1.5626287e-07 2.4559778e-08 0.01714308 3.8737758e-06 0.0024487737 0.13640895 4.6003415e-06 0.0005676905 0.011943194 0.00015954295 5.1463945e-07 0.018365545 0.0002671011 0.02459728 6.7357846e-08 0.021141652 4.700414e-07 2.41638e-06 0.00032740363 4.7928654e-07 0.0441771 2.2767042e-08 9.9258166e-08 2.7276764e-08 4.832993e-08 1.17393306e-07 2.0741957e-09 0.00029250167 0.0008916039 2.3910495e-08 4.460756e-06 0.016309876 8.1879755e-08 0.0025889177 0.00051635696 0.10510041 2.9858181e-06 8.601095e-08 0.0025622284 6.419707e-05 1.9676952e-07 3.0475448e-07 1.1269229e-09 1.0752816e-05 0.00027654783 0.012676302 1.1419675e-05 5.332947e-12 0.00082223234 3.1150846e-09 5.3533993e-05 1.8819583e-11 0.0752995 1.6490187e-09 3.766967e-13
0.909155 0.06597158 0.15178864 0.009002283 0.0031876639 0.40002418 0.0005432039 0.49323574 0.1001346 0.0018876947 0.62102735 0.32679787 0.00014261702 0.7212932 1.0269425e-05 0.8701037 0.9725985 2.3465687e-05 0.00031253352 0.00082898315 0.07350519 0.344345 0.562425 1.6037724e-15 0.580992 5.2672144e-06 5.601095e-06 2.7440949e-05 0.96512055 0.0016097162 1.9529656e-05 0.05109364 0.07900491 7.2179014e-06 1.0233148e-06 4.039369e-06 2.5923097e-07 6.5150897e-07 0.3418217 2.6108705e-07 0.00017045584 5.400145e-08 0.00026304307 0.7978611 0.28697792 7.144734e-05 2.2193582e-08 4.498523e-09 0.0028136116 0.00023720718 9.076951e-05 0.17981227 4.6857092e-08 0.00010909162 0.0019888112 1.7942557e-05 6.2805814e-09 0.0034539187 5.9024926e-05 0.0044004023 7.4181933e-10 0.013409812 8.10925e-09 2.6449212e-07 6.220799e-05 1.5758092e-08 0.02780121 2.0774689e-10 1.1382157e-10 3.1222723e-06 6.7578765e-09 2.1357276e-09 2.6505734e-10 3.650054e-05 0.00025603073 2.269691e-10 0.0007238202 0.008605548 2.876118e-09 0.0011013425 2.4780005e-05 0.109341055 5.003283e-07 1.0436257e-09 0.0009672008 1.1279213e-06 9.1982555e-10 2.433823e-08 9.646319e-12 2.2722456e-07 1.5648746e-05 0.005660438 4.779405e-07 4.032323e-11 4.570729e-05 1.7586245e-10 1.2470838e-06 2.8310524e-13 0.07360991 2.8429434e-11 1.6886778e-13
0.97379005 0.11663972 0.5646316 0.21472944 0.0071371617 0.19242314 0.0039543957 0.65539676 0.6477105 0.013296006 0.60615313 0.100729324 0.00092205004 0.19356729 4.2388838e-05 0.91679084 0.27700052 0.00027916802 0.0007466895 0.0014497999 0.6292258 0.9372516 0.9426878 0.580992 9.270167e-14 5.6646118e-06 5.954377e-05 0.00010466065 0.151289 0.008881576 5.2716696e-05 0.010951608 0.008735983 3.506127e-05 2.868469e-06 6.438428e-06 4.1700983e-07 1.0417788e-06 0.46786126 5.763136e-06 0.00021185366 8.638284e-08 0.0018088431 0.5728936 0.40883285 0.0002092286 5.8381147e-08 3.0394627e-08 0.006702151 2.66234e-05 0.0007307969 0.16194274 6.2761123e-06 0.00016473679 0.0037830663 1.3391224e-05 6.19563e-07 0.005213765 5.1341394e-05 0.007796036 7.280508e-08 0.013449529 3.463226e-08 4.4534767e-07 3.7510046e-05 1.0715322e-06 0.028005768 1.8185125e-07 7.826011e-08 1.6750319e-07 2.0801326e-07 2.3981758e-07 1.2349715e-08 2.7662763e-05 0.00015696464 7.1056995e-08 1.0489617e-06 0.009456232 2.3680615e-08 0.0015548564 5.3423424e-05 0.09402892 3.8494755e-07 1.7664954e-07 0.0009900646 2.3834062e-05 8.160301e-08 4.6309358e-07 1.3938279e-08 1.3011683e-06 1.3536094e-05 0.008718695 8.808681e-07 2.6720433e-11 0.0002574324 3.990424e-08 1.9781324e-05 1.0489695e-10 0.09173801 1.7104488e-09 2.4783814e-12
0.9436526 1.1382805e-05 6.976748e-06 0.103516996 7.616636e-05 1.0662036e-07 0.10775653 1.844221e-07 1.2223328e-05 0.15925921 5.6472917e-08 1.3215484e-07 0.7710148 6.8936906e-08 0.9220745 4.424862e-07 4.240299e-07 0.057486944 0.8684496 3.9303744e-05 0.0027552566 2.3332914e-05 2.2464632e-05 5.2672144e-06 5.6646118e-06 1.9782147e-13 0.053271707 6.3746793e-06 3.344857e-08 0.14633085 0.0027159313 6.219796e-07 2.6207104e-08 0.7692363 0.9606442 0.56507665 0.8128635 0.7174858 0.0022540665 0.03983534 0.0026819676 0.68529236 0.056433924 1.0314811e-05 0.0001024179 0.16065453 0.4121808 0.37914878 0.009078056 9.740817e-08 0.009870022 0.00035378462 0.005976035 0.008955777 0.0053274943 0.010643604 9.918015e-05 0.0007776547 0.022657111 0.00059601443 0.17976439 0.003051714 0.022583054 0.003149586 0.0018529788 0.0057989284 0.0002496415 2.6967184e-06 0.00035719652 6.4970274e-09 0.19537772 0.0012145551 0.007848243 0.01009605 0.0051454944 6.421599e-07 1.4524505e-09 0.0025266362 0.0060312576 0.002426179 0.0014556018 0.003104024 5.106681e-09 0.0006159575 0.0054877657 0.0014603754 7.812469e-08 0.0022554214 2.2552832e-07 0.005649027 0.001116924 0.0055162995 0.00073607813 2.9521522e-12 0.0047484823 0.00048048125 0.0016529766 1.08795975e-05 0.0039055475 0.0016000945 2.6863517e-11
0.61412585 0.009437299 9.762546e-05 0.050184682 0.25839123 8.1901345e-07 0.674075 3.5018918e-06 0.0004441052 0.3504101 9.4617064e-07 2.4934088e-05 0.31038132 8.283944e-07 0.42804754 9.162702e-06 3.6591922e-07 0.9890945 0.017294934 0.43707266 0.006977104 0.00012993506 5.858369e-05 5.601095e-06 5.954377e-05 0.053271707 5.171214e-13 0.094514914 7.819241e-07 0.011665351 0.9255502 0.0001147013 3.3671906e-06 0.30918825 0.0049513364 0.76458704 0.00804527 0.016120644 0.00072487915 0.8419423 0.8770696 0.0060082017 0.00063434086 1.1332482e-05 9.838571e-05 0.0003013705 0.00069291785 0.0003949221 0.00021353808 0.0060916347 6.459699e-05 7.3728195e-05 0.50093603 1.7469596e-05 8.186114e-05 5.7801662e-06 0.20047446 3.1667067e-05 5.3384592e-06 4.7171823e-05 0.32623398 2.6068723e-05 6.700454e-07 3.1440852e-06 1.4850996e-06 3.007548e-05 1.998363e-06 0.13494869 0.042708155 5.512812e-06 0.0004297899 1.2752837e-06 6.2856066e-06 7.1715663e-06 5.5070113e-06 0.061854146 7.0048227e-06 1.1303857e-05 0.02947644 2.4109284e-05 8.3135465e-06 1.6053324e-05 0.006589487 0.012998055 2.2448032e-05 2.0015862e-06 0.0018871482 3.0708188e-06 0.008114052 4.3112082e-05 4.8102066e-07 0.00014177829 1.4341394e-06 1.0837155e-10 6.623752e-06 4.1934986e-06 2.4185542e-06 2.7886455e-05 0.00024195189 9.369583e-06 1.1231939e-08
0.08866522 0.4776427 0.0012124447 0.00053761725 0.8534147 0.017379688 0.089199685 0.0015007181 0.0009912049 0.0085526705 0.00030236083 0.11414617 0.0006797804 0.00034206026 7.418551e-05 0.000109673696 2.2304715e-05 0.40655842 8.625697e-06 0.99506927 0.00021854903 0.0003507676 8.025407e-05 2.7440949e-05 0.00010466065 6.3746793e-06 0.094514914 1.3508488e-12 1.1617543e-05 1.9491716e-05 0.90702856 0.05999825 0.0052917856 5.4643977e-05 1.0772014e-06 0.00010392167 3.0962556e-06 3.3644362e-06 4.108957e-05 0.0178871 0.86733174 3.9786637e-06 3.4840637e-06 0.00012842812 2.4283641e-05 2.2132647e-06 2.625287e-07 8.176941e-08 1.0118594e-05 0.40343133 2.8153574e-06 2.7202252e-05 0.019338839 2.5837367e-06 7.86692e-06 3.1141274e-06 0.27966693 7.8350995e-06 3.1817726e-07 1.2932897e-05 5.7315597e-06 3.1967902e-06 4.6380666e-08 5.082825e-07 1.8164577e-06 4.2859187e-07 9.723448e-07 0.1964806 0.040574085 0.004992445 2.3883151e-06 1.4053575e-08 1.6330473e-06 1.3114503e-07 2.3352703e-07 0.09547901 0.0010681502 9.3702477e-07 3.6688576e-05 2.6231462e-06 2.6866033e-07 2.6823358e-05 0.29994392 2.3073397e-05 7.1637425e-07 5.6533917e-08 0.014344542 6.7279907e-06 2.2532517e-05 4.5795645e-05 6.6173556e-08 1.07514825e-05 4.055594e-07 6.831934e-08 2.454017e-07 1.566113e-08 0.0008399273 1.6729619e-10 0.00017592184 3.84884e-09 5.1158278e-08
0.98208153 0.0068654926 0.023419792 0.0006732304 0.00021950423 0.15673396 2.5116087e-05 0.09248386 0.007736153 6.779236e-05 0.20504871 0.12506412 5.346825e-06 0.66246724 4.2029973e-07 0.3360746 0.9348645 2.1442534e-06 2.3856142e-05 5.713662e-05 0.005223634 0.05584327 0.15803687 0.96512055 0.151289 3.344857e-08 7.819241e-07 1.1617543e-05 8.879903e-18 8.531586e-05 2.1222857e-06 0.04395205 0.05647066 2.183182e-06 3.3000923e-08 5.2669883e-08 1.0617242e-08 1.5912377e-07 0.01293003 5.290397e-08 9.607558e-06 1.3498265e-08 1.3032802e-05 0.95128053 0.006817749 7.6006036e-06 1.6009572e-08 7.452986e-09 0.0002315658 6.6336615e-05 1.6390537e-05 0.0037968876 8.809062e-08 1.2841887e-05 0.00013084717 5.3429386e-07 1.1720743e-08 0.0003258135 5.4937505e-06 0.00046966173 3.3294898e-09 0.00035945346 1.8822008e-09 2.3077584e-08 3.7590996e-06 3.4659402e-09 0.003653535 5.6978484e-09 7.407334e-10 8.7872895e-06 7.28728e-10 1.0332886e-09 4.660169e-10 3.1451405e-06 1.3948554e-05 3.3890375e-09 0.0003246628 0.0008746769 7.8283655e-09 0.00011789667 5.4427977e-07 0.21179515 4.3942666e-08 5.785899e-09 6.6417575e-05 4.4530577e-08 2.348627e-10 4.607882e-09 3.1440336e-10 3.5857486e-09 1.4087868e-07 0.00021942177 2.932731e-10 2.25585e-10 2.714508e-07 1.4761445e-10 6.2800637e-10 1.7691978e-11 0.14771003 3.125258e-11 2.204708e-13
0.98109454 0.0025419907 0.009888295 0.517383 0.0020917624 5.7487243e-05 0.23253402 0.0017502932 0.04936743 0.2820464 0.00037502716 4.673461e-05 0.36391357 3.5250334e-05 0.10638162 0.005068517 9.256049e-05 0.012274213 0.9030926 0.000121212855 0.89266384 0.034372084 0.0747218 0.0016097162 0.008881576 0.14633085 0.011665351 1.9491716e-05 8.531586e-05 3.0716161e-15 0.0010021236 3.710279e-05 3.0141964e-06 0.027398735 0.20826891 0.033225037 0.015987048 0.013025093 0.66141516 0.0027319335 0.0010660045 0.0054013566 0.9370372 0.027981507 0.10673433 0.7626079 0.0014193845 0.00054592075 0.5874465 2.5609307e-07 0.35727918 0.110453546 0.00022988736 0.25723734 0.23453243 0.11989132 1.6878819e-06 0.10813988 0.220221 0.066692054 0.00030157808 0.30134264 0.0010467469 0.011921424 0.03101586 0.007002665 0.039932907 2.6130265e-06 0.00011537491 1.939299e-08 0.014774122 0.0014689139 0.0021186408 0.057907026 0.06799763 1.3596244e-05 3.0427616e-09 0.029466758 0.0009414305 0.041542914 0.0061374954 0.02704366 7.183839e-08 0.032764956 0.046238557 0.0036412633 1.9675895e-06 0.0003630493 0.0038270704 0.0047447863 0.006979873 0.04443663 0.001972542 1.3859722e-09 0.030188845 1.960054e-05 0.0014275713 0.0033951732 0.059105944 9.58969e-06 7.375839e-10
0.12131992 0.07408834 0.00023413304 0.007871311 0.51991445 0.00010799015 0.16070452 0.000114059905 0.0007362277 0.054168947 1.529285e-05 0.00026407512 0.020928755 1.0424839e-05 0.02186316 4.0230738e-05 5.7022166e-06 0.88700813 0.0018111925 0.91915035 0.001947039 0.00012815895 3.5611134e-05 1.9529656e-05 5.2716696e-05 0.0027159313 0.9255502 0.90702856 2.1222857e-06 0.0010021236 3.2642082e-16 0.0009902642 4.5217497e-05 0.036740534 0.0005749588 0.06283667 0.0011012815 0.0037639928 0.0004362506 0.918923 0.9807655 0.00063543435 6.094436e-05 7.679918e-05 0.00010758309 0.00024434025 3.146165e-05 9.062105e-06 3.4524845e-05 0.005911938 3.3065407e-06 0.0001429366 0.4237323 3.1905118e-05 3.8822658e-05 1.2696233e-05 0.3058309 3.4503024e-05 5.2729747e-06 2.7444325e-05 0.016292838 8.045569e-05 4.0067e-06 8.5541005e-06 1.7572734e-06 2.0333819e-06 1.06484e-05 0.062148 0.035300303 3.5596706e-05 9.0496025e-05 5.6538017e-08 4.24529e-06 1.0473174e-06 1.2516125e-06 0.029974641 4.3844134e-06 1.0618464e-05 0.00510224 7.667503e-06 5.6966346e-06 1.609149e-05 0.013245353 0.004774376 5.0628373e-06 1.462774e-06 0.00077651575 3.2424784e-06 0.00066004373 0.00043217055 3.732383e-06 0.000118132564 4.1944528e-05 5.048413e-11 1.311293e-05 4.184386e-08 0.0017349434 2.3366903e-08 0.00039992327 3.6855533e-07 5.385986e-10
