1.541788e-20 0.95544916 0.9726895 0.9397159 0.88807386 0.93235636 0.99466276 0.9908713 0.9779382 0.90064454 0.9497512 0.9932494 0.9649517 0.95111924 0.9880445 0.9580465 0.9402003 0.9950565 0.7617782 0.97097707 0.8464062 0.9567983 0.9256735 0.9741147 0.9746704 0.94598675 0.7858144 0.89258194 0.76242125 0.95047176 0.6854428 0.9701761 0.98919356 0.903082 0.8681088 0.9161675 0.85487086 0.888508 0.46127397 0.7787888 0.87489754 0.8984083 0.87398833 0.92441845 0.97675097 0.9937229 0.98917866 0.4925525 0.93194634 0.9756033 0.9488697 0.9549592 0.9842345 0.71648824 0.78082114 0.7374684 0.9396879 0.7801283 0.9869896 0.37569782 0.91843945 0.9018135 0.8689622 0.018321585 0.018370507 0.96285856 0.07228032 0.00086579676 0.9993457 0.66349083 0.44177306 0.010355109 0.7349289 0.037394334 0.99364114 0.010271375 0.8962392 0.68066347 0.38408893 0.008368286 0.5140684 0.66808546 0.14381738 0.9076767 0.9179156 0.1469681 0.93152606 0.89754283 0.996411 0.9996732 0.0036434638 0.9721121 0.01423697 0.9996236 0.16918331 0.0350427 0.9381075 0.056693014 0.9977374 0.99983406 0.007983598
0.95544916 1.978422e-17 0.9194087 0.8782464 0.98982185 0.6762313 0.11727463 0.91682655 0.55925536 0.15996036 0.5532496 0.1681382 0.16684613 0.0086173415 0.58175534 0.004578718 0.38660422 0.06820949 0.0011785992 0.0015464257 8.950717e-05 0.046914905 0.015329924 0.3024012 0.018821873 0.19626085 0.0003477257 0.12754036 0.106740534 2.3848499e-05 0.00035619998 0.006467504 0.023838341 0.011220598 0.14256422 0.047184866 0.0036109579 3.6197638e-05 0.06736849 3.0655858e-05 0.07150536 0.07221404 0.00065975985 5.8299497e-07 0.23008512 0.0050799325 0.019521233 8.819827e-07 0.058602504 0.0086941505 0.00019894485 5.585732e-06 0.0007876042 0.0019490027 1.935372e-05 0.0017783627 0.00062949414 9.3826365e-08 0.09228976 0.00031471238 0.00036912767 0.017160099 0.003892114 5.9445465e-08 1.0394083e-09 0.00010716387 1.2574569e-08 8.740314e-05 0.035931185 6.3144453e-06 1.18949e-06 1.6983946e-05 7.526994e-07 2.814657e-06 0.0011401781 3.7072911e-10 2.262786e-06 0.008296657 0.00021353866 7.025788e-14 0.00047027593 3.0843548e-08 0.027162453 0.00081698876 0.0013600653 1.1951795e-05 0.0007150024 2.559445e-06 3.5340476e-05 0.0064446237 1.8043383e-07 1.1731329e-05 0.00035116271 0.0034038068 0.00934413 2.5631936e-05 4.5900973e-07 1.7934797e-08 4.9324394e-06 0.002473598 0.0013385357
0.9726895 0.9194087 2.3033428e-16 0.8853654 0.9738568 0.20886998 0.0015305207 0.22301395 0.6784589 0.9436605 0.013259993 0.66283804 0.003446121 4.4379674e-05 0.14160423 1.2120955e-05 0.28911018 0.004331753 0.02747701 1.2140553e-05 0.009428797 0.016419059 0.1339583 0.041802995 0.38012534 0.1269515 7.2328266e-06 0.0064679324 0.007440254 0.0027778673 6.2420886e-06 0.00022396339 0.54963607 0.0042738174 0.05921779 0.002205283 0.02979792 0.0034866098 0.07253073 0.0004358489 0.011200472 0.48592702 0.011837798 1.7866421e-05 0.16211613 0.1653345 0.0018610429 5.001e-08 0.0020360122 0.0003901743 3.917793e-05 6.782586e-05 0.014972851 0.016741896 6.3531377e-07 0.01619284 9.759102e-05 4.8619604e-06 0.078993484 2.7168444e-05 1.543309e-05 0.00363116 0.00050613773 1.709326e-06 3.3094363e-10 5.403525e-06 3.056762e-06 0.005237599 0.015596602 5.8947204e-08 0.0001593749 3.4202747e-06 2.3409639e-08 2.2707768e-07 0.000273485 1.8601695e-09 2.5387862e-08 0.0026380743 1.679969e-05 3.8970023e-13 3.7202844e-05 9.777799e-09 0.008270265 0.015611855 9.295972e-05 0.0003472455 3.133771e-05 2.3379533e-07 0.0010084631 0.0044153803 5.8926638e-08 2.5952127e-06 4.8214177e-05 0.00084658194 0.0041451333 2.0452933e-07 2.3400388e-07 9.473655e-10 1.0941973e-06 0.0045406017 0.0008319472
0.9397159 0.8782464 0.8853654 1.2714307e-15 0.64877576 0.9571796 0.065863624 0.29685593 0.9870877 0.5483636 0.111907326 0.07520924 0.17128684 0.014105144 0.15542796 0.0027185616 0.10049846 0.014228426 0.028150318 0.00081097806 0.0028077455 0.48544806 0.012040212 0.08412918 0.0755089 0.056751676 0.0005021374 0.019259693 0.01228203 0.0007538238 0.00012969214 0.0023391566 0.14916302 0.070273034 0.029228704 0.04544715 0.0030440972 0.0019286969 0.015840808 0.0002981621 0.008221548 0.29723245 0.0059564332 3.1311e-05 0.41367507 0.03687632 0.009274477 3.932236e-06 0.010133665 0.0023613 0.00018674564 3.7635462e-05 0.0075500836 0.003572451 7.479275e-05 0.00052824896 0.00039927984 8.7314993e-07 0.10144875 0.0001590486 0.00015945578 0.0028152869 0.0009116528 5.263496e-07 2.5701244e-08 3.6186593e-05 4.369292e-07 4.5674566e-05 0.029559076 9.746035e-07 7.374602e-06 5.9784972e-05 3.113885e-07 1.03015e-05 0.00052101165 1.17460364e-11 3.2607073e-07 0.00034945607 1.0635288e-05 1.0111206e-14 0.00024855352 9.647843e-09 0.0010380811 0.00022403708 0.00016692553 0.00032024054 0.00038314122 2.2956838e-06 9.364879e-05 0.011602232 6.266761e-07 1.8382387e-05 2.484144e-06 0.0033233503 0.0014394671 5.924752e-07 1.12290316e-07 3.6946926e-09 4.8159075e-07 0.015146522 5.930038e-05
0.88807386 0.98982185 0.9738568 0.64877576 2.3386504e-17 0.19433987 0.0086871395 0.70241034 0.289594 0.65245473 0.16961543 0.74733627 0.018333582 0.0005243616 0.520909 0.00086999696 0.70717525 0.013381095 0.008658563 0.00018377576 0.0010322034 0.008014845 0.30353367 0.12150748 0.10323578 0.2533874 7.7262725e-05 0.03880132 0.039088484 0.0018252812 3.1074036e-05 0.0028828287 0.12024369 0.0016329096 0.11864477 0.0016785692 0.030873844 0.0061095897 0.13718012 0.00046448183 0.028820379 0.10934956 0.032890018 3.3422266e-06 0.046012964 0.031233279 0.0024961 1.9058666e-07 0.0070546945 0.001974363 0.00013039235 2.692264e-05 0.0015008971 0.016083544 5.8648557e-06 0.0060874857 0.00033442513 7.705595e-07 0.021128893 9.02937e-05 0.00019563909 0.005687643 0.00086166133 1.0918841e-06 4.80313e-10 4.0613228e-05 1.4883372e-07 0.0020223057 0.008811757 3.1233847e-07 2.1017986e-05 2.0772097e-06 2.034339e-07 2.8197172e-07 0.00020395928 1.916497e-12 1.452337e-07 0.0025151183 8.7034705e-06 1.0887825e-15 1.0619593e-06 1.578041e-08 0.011220918 0.0063991905 0.00021731012 2.0889186e-06 7.984911e-06 1.8881815e-08 5.0495943e-05 0.0021800094 7.7626204e-08 1.4919148e-06 2.8084407e-05 0.00056285167 0.0020639934 2.286403e-07 4.848042e-08 1.7142986e-10 9.616775e-07 0.0015127509 0.00040739533
0.93235636 0.6762313 0.20886998 0.9571796 0.19433987 2.2359845e-19 0.26902983 0.27128965 0.9038137 0.024853194 0.28734 0.0010398022 0.9561433 0.27333677 0.03853384 0.014192413 0.004584356 0.008329412 0.0004678641 0.00569745 1.2505571e-05 0.9340659 0.0002446821 0.023283735 0.0028177078 0.00333488 0.0027053894 0.020954635 0.012802213 9.815498e-07 0.0011714587 0.0041676224 0.008151871 0.5476816 0.0017815072 0.8122157 2.424488e-05 1.8587926e-06 0.000602473 1.4409477e-06 0.0022705877 0.026108174 8.753674e-06 1.0606905e-07 0.5951357 0.00128624 0.09448745 2.2292148e-05 0.004982742 0.001998121 0.00069394056 7.096263e-07 0.00035291945 7.181302e-05 3.6554185e-05 1.9127387e-05 0.0002987849 1.37786005e-08 0.22466695 0.00024016493 0.00020024837 0.0008398684 0.00076670386 3.605816e-09 5.151326e-10 0.0002319933 5.7752363e-09 1.5127819e-07 0.11269525 1.474471e-05 4.2696506e-08 9.50694e-05 1.07771e-06 1.3009686e-06 0.002646058 2.1152042e-11 8.849809e-06 0.00013047559 1.3604699e-05 2.3704674e-14 0.002335951 2.833166e-08 1.3047465e-05 1.7061031e-06 0.00017635153 2.6312362e-06 0.0021893517 1.4912627e-05 4.2594106e-06 0.03471387 1.04491356e-07 7.8084886e-05 4.6649848e-06 0.008301208 0.0003680921 3.8548023e-07 2.7735828e-07 7.764878e-10 1.3867909e-05 0.026683092 8.867796e-06
0.99466276 0.11727463 0.0015305207 0.065863624 0.0086871395 0.26902983 1.1360185e-14 0.5186521 0.0039874534 5.1067153e-05 0.96360165 6.6906265e-05 0.78860354 0.6065619 0.073458776 0.90413845 0.0034422912 0.68368834 1.4284768e-05 0.72245157 2.7691323e-07 0.004021567 5.9696147e-05 0.30003944 0.0005410817 0.012947237 0.03317145 0.364094 0.13308495 2.053863e-08 0.0207485 0.5622537 0.0003241038 0.0021464275 0.036607016 0.14381652 8.169319e-06 4.82414e-07 0.003372027 8.199086e-08 0.06869523 0.0049456162 3.7730422e-06 2.6237313e-08 0.03137095 0.00060684443 0.54503167 0.00051320647 0.49260008 0.664526 0.0018486747 3.7550453e-07 3.779552e-05 2.6540758e-05 0.022724068 0.00026700762 0.47271243 1.7708446e-08 0.058834046 0.034864325 0.17081557 0.17802475 0.4273285 1.8447796e-08 3.6819645e-10 0.0012831788 1.0047283e-07 4.0360264e-06 0.1859227 9.819299e-05 1.931753e-08 0.0010964813 3.3917055e-05 4.0666826e-05 0.010693836 6.83309e-09 5.113377e-05 0.06400884 0.12581927 7.848171e-10 0.0050763316 3.3663077e-06 0.016082577 7.018774e-05 0.48173374 0.00011423309 0.0020286087 0.00095406687 6.9420234e-06 0.006154394 0.00017609543 0.00022331651 0.035360802 0.014026404 0.11844596 0.0022363823 5.8600144e-06 7.8604666e-07 0.00012427753 0.0013851506 0.0022492607
0.9908713 0.91682655 0.22301395 0.29685593 0.70241034 0.27128965 0.5186521 7.5773873e-17 0.08440031 0.025009954 0.95896995 0.07950845 0.21141465 0.0071767764 0.94286287 0.1859488 0.4729233 0.5796764 0.00045154954 0.003042865 3.2381045e-05 0.006578286 0.011115073 0.7795558 0.01621061 0.38818863 0.00027481894 0.67354095 0.5235895 4.5203033e-06 7.371968e-05 0.130357 0.017322883 0.002870056 0.29416883 0.02032034 0.0017763844 2.5443893e-05 0.07212827 4.567668e-06 0.24316183 0.05638735 0.000121170546 5.0665494e-07 0.14116079 0.004992212 0.09787636 1.5811487e-06 0.14106104 0.059397087 0.00018843086 2.4860472e-06 0.00052770623 0.00056759146 3.7898164e-05 0.0030214104 0.0072824294 2.6617965e-07 0.12717272 0.00083363097 0.0020663745 0.062424768 0.022616249 2.540287e-07 5.5333377e-10 0.00010776536 4.2903883e-07 6.67232e-05 0.06413687 3.2795926e-06 3.9535618e-07 7.8950825e-06 4.96707e-07 9.458061e-07 0.0011028528 4.892796e-09 3.4292334e-06 0.014231445 0.0020747036 3.7900693e-11 0.00033616222 3.840966e-08 0.02025094 0.00023213096 0.011949932 1.8212411e-05 0.0009493564 3.214928e-05 4.1990155e-05 0.0028731453 1.0229505e-05 8.7236585e-05 0.0022803454 0.0050253384 0.024473477 3.657183e-05 9.794915e-07 2.91246e-08 4.8007137e-06 0.0016439379 0.0034404632
0.9779382 0.55925536 0.6784589 0.9870877 0.289594 0.9038137 0.0039874534 0.08440031 8.7039696e-17 0.62137884 0.022511251 0.021335931 0.090657055 0.0025961893 0.0330464 4.1945805e-05 0.023499731 0.001301488 0.049686782 9.447595e-05 0.0034286221 0.8516173 0.0039595827 0.011741828 0.232207 0.01001368 6.347705e-05 0.004181275 0.0029688827 0.0013560955 1.2119268e-05 0.00041697925 0.58940375 0.3905282 0.004237597 0.039517485 0.0015383569 0.0021239128 0.003291713 0.00012060151 0.0013154099 0.74887604 0.0034308792 2.9388671e-05 0.71340793 0.07901654 0.0021137216 5.5622604e-07 0.00089952064 0.00057452003 4.6980167e-05 0.00021279299 0.0360535 0.0028913405 6.624949e-07 0.0005146174 1.0992893e-05 8.3306463e-07 0.2235964 7.3106908e-06 1.1111448e-05 0.00079312123 7.271013e-05 2.657634e-07 2.341665e-08 2.6221555e-06 9.0936385e-07 0.00012808455 0.03302322 9.430397e-08 4.8966826e-06 4.3923733e-06 8.948054e-09 4.4727344e-06 0.0002222684 4.4227018e-09 5.6659356e-08 6.5907254e-05 2.0508814e-05 4.001786e-13 7.7009965e-05 8.4391516e-10 0.0005594463 3.848569e-05 4.2614243e-05 0.005940756 6.4335705e-05 2.8281173e-07 0.0018941532 0.047861096 3.1117094e-07 8.1943773e-07 2.3895864e-06 0.0024490526 0.00079133257 8.372716e-07 1.2568701e-07 6.835775e-09 1.9771296e-06 0.12512133 3.1361298e-05
0.90064454 0.15996036 0.9436605 0.5483636 0.65245473 0.024853194 5.1067153e-05 0.025009954 0.62137884 1.7921908e-15 0.0003418431 0.81715804 0.00025512985 9.319761e-05 0.021432929 1.8116691e-06 0.30490005 0.00018499944 0.9685339 2.8343743e-06 0.84578973 0.011799048 0.2848756 0.004420276 0.93271136 0.037983213 1.2523558e-05 0.00095826335 0.0027865812 0.8359506 3.8548337e-06 6.456601e-05 0.8695582 0.003411704 0.008445707 0.00030224837 0.107365735 0.6126468 0.074475184 0.36263162 0.0028036875 0.76014733 0.66149294 0.015439761 0.036430106 0.60813904 0.00016942315 1.049441e-08 0.00015301815 0.0001599131 6.0771403e-05 0.0065495498 0.17533071 0.43421736 1.1209382e-06 0.024932599 2.169762e-05 0.0002051616 0.0147601385 1.8332378e-06 1.1505384e-06 0.000968821 6.642024e-05 0.0021658116 2.939897e-08 5.3628276e-07 6.587074e-05 0.16083492 0.0025884637 4.062273e-08 0.08176785 2.4034307e-07 2.3433495e-08 6.3122934e-07 5.183683e-05 8.113891e-09 3.8629334e-08 0.0017462751 6.6535745e-07 1.0299608e-10 1.3889753e-06 2.2191083e-08 0.011235931 0.01218932 4.2648207e-06 0.00395528 3.7320755e-05 2.7250206e-07 0.0008518627 0.007709157 8.421918e-09 1.5852685e-05 1.8187582e-06 0.00036960922 0.0004829181 3.768263e-08 1.5312338e-06 3.578501e-12 9.762318e-08 0.011179433 9.371133e-05
0.9497512 0.5532496 0.013259993 0.111907326 0.16961543 0.28734 0.96360165 0.95896995 0.022511251 0.0003418431 4.4783965e-20 0.0013838738 0.47219032 0.2460371 0.53960454 0.9491975 0.022691282 0.84604895 5.9207705e-05 0.18249592 4.560738e-06 0.005673025 0.0002817536 0.47360748 0.0013491209 0.036033195 0.0035882723 0.64212596 0.47073185 3.653749e-07 0.0051050065 0.75897676 0.00050183915 0.0009222738 0.036997225 0.07625094 7.041476e-05 1.806004e-06 0.00818286 8.5306095e-07 0.104413815 0.0075373175 2.7617136e-05 2.2438023e-08 0.021354167 0.00071544264 0.19403425 4.8873266e-05 0.2775564 0.19171269 0.00042252787 1.0243455e-07 1.669264e-05 2.6212292e-05 0.0029499393 0.00026905356 0.037634045 1.7637751e-09 0.03738829 0.0059992326 0.011941474 0.045526206 0.06620101 1.9973498e-09 5.057586e-12 0.00031146887 1.8263596e-09 3.6243856e-07 0.06076505 7.55152e-05 4.387464e-09 0.00025275483 1.0628363e-05 3.4074246e-06 0.0020698884 6.0293236e-11 1.0663532e-05 0.006102884 0.0037604407 5.129787e-13 0.0017802173 2.845119e-07 0.0020646143 6.6613425e-06 0.014178905 3.8869683e-08 0.0010367365 1.3108677e-05 7.05928e-07 0.0017268023 3.4107812e-05 3.4014913e-05 0.0014403309 0.005188755 0.004620708 4.030555e-05 1.1328198e-06 4.40126e-09 3.2652306e-06 0.00040525477 0.0006436547
0.9932494 0.1681382 0.66283804 0.07520924 0.74733627 0.0010398022 6.6906265e-05 0.07950845 0.021335931 0.81715804 0.0013838738 7.990868e-17 4.694783e-05 4.7178864e-06 0.16535681 1.5623283e-06 0.9212003 0.00037256317 0.04097868 3.3570743e-06 0.08798747 0.00015954721 0.9815607 0.02840831 0.69612783 0.50831026 2.9028213e-06 0.00077913876 0.0027502344 0.06576655 9.276718e-07 3.8843915e-05 0.73498136 0.000106494415 0.1225209 2.5973259e-05 0.68009895 0.15965548 0.4312122 0.013566332 0.016854212 0.44075277 0.6050612 0.00017142843 0.02513061 0.34057516 0.0007438912 3.7567876e-08 0.00024376372 7.891978e-05 4.460481e-05 0.0003437736 0.039483506 0.44942373 1.4547406e-07 0.29171118 1.8922727e-05 9.300938e-05 0.025903646 1.473074e-05 6.891969e-06 0.0047348845 0.00045286052 6.4590706e-05 4.568508e-10 1.0824414e-05 0.00044788385 0.14803067 0.004106961 5.619956e-08 0.0127202915 1.0300841e-07 1.3550813e-08 5.995857e-08 0.00024119025 2.5062274e-09 8.229198e-08 0.002884403 2.5875415e-06 1.556834e-10 3.61577e-06 1.9764094e-08 0.03161366 0.21638268 1.9344494e-05 0.00073709426 8.381836e-06 5.4259806e-07 0.00016672714 0.00074166205 1.1688981e-07 2.1273812e-05 5.2449566e-05 0.00026143578 0.0038353682 1.2297e-07 1.3771138e-06 2.2802481e-10 1.5187628e-06 0.00059676607 0.0023555702
0.9649517 0.16684613 0.003446121 0.17128684 0.018333582 0.9561433 0.78860354 0.21141465 0.090657055 0.00025512985 0.47219032 4.694783e-05 1.9254294e-12 0.92606986 0.03663671 0.18142046 0.0007103969 0.110147335 6.433276e-05 0.24921659 1.0178358e-05 0.67324936 1.7133189e-05 0.06577599 0.00029911334 0.0021638055 0.2657136 0.06256787 0.023824388 7.0216295e-08 0.1972084 0.07320024 0.00033476402 0.16012764 0.003622188 0.95557827 4.8701327e-06 7.0919434e-08 0.00041208437 8.453591e-07 0.0033315262 0.0032354193 1.0607169e-05 1.8264345e-07 0.16007565 0.00027114773 0.5990014 0.009678842 0.032806635 0.05301114 0.0020412588 1.2436834e-06 0.0003138854 1.4332117e-05 0.007769621 2.3411327e-05 0.037865583 2.5792238e-08 0.09087378 0.009731635 0.025493655 0.006492826 0.030176995 1.8138454e-08 7.0951724e-09 0.0016030307 1.305624e-07 1.0329724e-07 0.45781857 0.0018827812 3.890523e-07 0.009579956 9.454238e-05 0.00079995184 0.010938792 4.1880486e-09 0.0007297396 0.0012328295 0.0036005923 7.288538e-12 0.021919016 6.5431373e-06 0.00011732185 4.0603254e-06 0.01390968 0.00024726335 0.028532991 0.0014048398 2.5611018e-05 0.03548408 0.00037845978 0.00026795067 0.0007227866 0.039655022 0.015174456 0.00040121426 4.8441023e-05 6.199194e-07 0.0004457505 0.04572055 0.00011218731
0.95111924 0.0086173415 4.4379674e-05 0.014105144 0.0005243616 0.27333677 0.6065619 0.0071767764 0.0025961893 9.319761e-05 0.2460371 4.7178864e-06 0.92606986 1.0453329e-13 0.0006386065 0.38898733 4.1522293e-05 0.0056122122 5.0311737e-05 0.88851523 3.5655055e-06 0.021292564 5.5551177e-06 0.0011348008 0.00020518959 6.0344963e-05 0.97267044 0.0074425144 0.0031773765 4.991321e-07 0.6936302 0.027589776 0.00024229754 0.0056638373 0.00014159398 0.85631853 5.140913e-06 4.8926686e-06 3.707523e-05 4.2030997e-06 0.0006875911 0.0031790857 4.0966082e-05 6.632295e-07 0.018145924 0.00017123546 0.90668947 0.03920943 0.0010302615 0.0033420052 0.12658751 1.9173144e-06 0.00010207068 7.4518666e-06 0.02937968 2.5681018e-05 0.009020218 7.393876e-08 0.033622418 0.013972905 0.013363126 0.00054856174 0.002975132 1.3050399e-07 3.2104945e-09 0.02781702 3.4529073e-06 2.45078e-07 0.27612266 0.00908599 2.3415668e-08 0.046492334 0.00056193164 0.0036237 0.035668086 7.734662e-07 0.006205568 0.00020971482 0.0015332125 2.7654081e-09 0.07983393 3.0024268e-05 5.178018e-06 1.8787891e-06 0.0017689553 7.3173556e-05 0.010524655 0.0024866734 1.8297524e-05 0.016437262 0.0015155631 0.0007833673 6.5930384e-05 0.022791833 0.0005967324 0.00065884436 0.00011994151 1.531737e-05 0.001443689 0.02880459 1.6506405e-06
0.9880445 0.58175534 0.14160423 0.15542796 0.520909 0.03853384 0.073458776 0.94286287 0.0330464 0.021432929 0.53960454 0.16535681 0.03663671 0.0006386065 4.1201916e-18 0.013961569 0.9029324 0.44920596 0.0002810832 0.0007101459 0.00025388837 0.0013153127 0.06755838 0.911389 0.042856116 0.9510406 4.378373e-05 0.60571474 0.7551874 1.8566518e-05 1.4745498e-05 0.031980913 0.06307228 0.00049178244 0.7931877 0.0027733212 0.034262065 4.031489e-05 0.42441216 3.2869034e-06 0.5589332 0.090941474 0.00018394356 1.8119248e-06 0.06830182 0.017030286 0.064277746 9.174222e-07 0.02782499 0.008330854 0.00025199694 7.2747616e-06 0.0014953808 0.0007094906 9.31165e-07 0.00931651 0.00037071115 2.3913394e-06 0.09202711 0.00027708957 6.583739e-05 0.06829583 0.007928161 1.7085706e-07 5.0478477e-10 8.8686196e-05 6.6161795e-07 0.00028660684 0.025409473 1.0563251e-06 5.0781373e-06 7.780004e-07 1.3632479e-07 3.9584567e-08 0.00078693335 1.3076974e-09 1.4145509e-06 0.024750466 0.00017245904 1.6421966e-11 2.5989959e-05 5.5969785e-08 0.03955631 0.0009700025 0.004627857 5.0331823e-06 0.0002178565 1.4710776e-05 4.464422e-05 0.0009645557 7.7589976e-07 0.00011355922 0.0020914064 0.0019296185 0.02638019 2.9187663e-06 1.2106439e-06 8.523046e-09 9.629069e-06 0.00038565768 0.005523794
0.9580465 0.004578718 1.2120955e-05 0.0027185616 0.00086999696 0.014192413 0.90413845 0.1859488 4.1945805e-05 1.8116691e-06 0.9491975 1.5623283e-06 0.18142046 0.38898733 0.013961569 8.563892e-18 0.00023581213 0.5167879 3.8486863e-07 0.9249057 8.695132e-08 7.376807e-05 6.164443e-06 0.06473613 2.8613422e-05 0.00052660774 0.044361856 0.20880309 0.08710434 6.0417507e-09 0.1282932 0.9660239 6.889222e-06 2.5863734e-05 0.0030055768 0.045357056 5.579796e-06 2.8557574e-08 0.0007835896 1.0898958e-08 0.042139158 0.0005923083 5.4575906e-07 2.8933014e-09 0.0009902432 4.629479e-05 0.3890915 0.0047213435 0.17145617 0.59490407 0.0028245025 1.3802081e-09 4.1854182e-07 1.3646625e-06 0.33719856 0.0001216187 0.6130435 3.8075165e-11 0.0056727733 0.3057002 0.56772757 0.07963787 0.31904212 4.3505624e-10 1.2707279e-11 0.0032571957 3.3618025e-10 6.75699e-08 0.049500015 0.0012659605 8.049244e-09 0.010003743 0.00038953798 0.0003196922 0.0064150896 6.2007927e-10 0.00021643277 0.031399943 0.17290047 2.620365e-12 0.002185277 9.4010165e-06 0.0010698333 4.5827474e-06 0.25344628 1.4780392e-08 0.0017093908 0.00012448215 2.4156577e-07 0.00066575484 0.011887621 0.000118704455 0.0062114 0.0066828188 0.03382099 0.0086997915 5.7020266e-06 1.8807692e-05 4.660876e-06 0.00012078186 0.0003093989
0.9402003 0.38660422 0.28911018 0.10049846 0.70717525 0.004584356 0.0034422912 0.4729233 0.023499731 0.30490005 0.022691282 0.9212003 0.0007103969 4.1522293e-05 0.9029324 0.00023581213 1.3575499e-18 0.0135049755 0.0029145319 8.804271e-05 0.0029387763 0.0003219572 0.9442431 0.22332245 0.20652813 0.97123617 1.2188128e-05 0.027325874 0.11548129 0.0008226834 1.5160445e-05 0.0016808104 0.26739663 4.2552594e-05 0.5867002 7.3089584e-05 0.729742 0.0024181462 0.755244 9.781605e-05 0.1803787 0.11414557 0.044419017 3.604091e-05 0.020826342 0.057395574 0.0032955196 3.75333e-07 0.0034440053 0.0006158204 0.000104796694 4.9387345e-05 0.0024711639 0.020322027 6.231686e-08 0.11274085 9.2145216e-05 2.2781226e-06 0.013882239 4.080326e-05 2.0721378e-05 0.014076099 0.0008793074 7.866275e-06 5.6832905e-10 1.7286087e-05 9.0011696e-07 0.01393314 0.0042207157 6.263502e-08 0.00020346195 2.8304106e-07 2.2295493e-08 2.1589429e-08 0.00021003328 7.162635e-11 2.2477819e-08 0.005964132 3.1290554e-05 3.0132084e-13 4.919949e-07 1.5380456e-09 0.026597086 0.04982472 0.00044546532 4.780184e-07 1.0871647e-06 8.825543e-08 3.959135e-05 0.0003333762 7.203995e-08 4.5242064e-06 0.00028345585 0.00082014763 0.0057087573 4.277556e-07 8.408617e-08 4.6505083e-10 1.7657864e-07 0.0001542102 0.0022646785
0.9950565 0.06820949 0.004331753 0.014228426 0.013381095 0.008329412 0.68368834 0.5796764 0.001301488 0.00018499944 0.84604895 0.00037256317 0.110147335 0.0056122122 0.44920596 0.5167879 0.0135049755 3.346857e-14 5.6889526e-06 0.043561008 7.868811e-06 0.00039499498 0.00027801943 0.83431256 0.0007896427 0.09120394 0.0020605035 0.96721226 0.7323864 6.904438e-07 0.0009120994 0.77147466 0.00048636232 0.00027487188 0.28724238 0.008385678 8.272678e-05 2.3054015e-07 0.009947016 5.0708326e-07 0.47160953 0.0046661603 3.784365e-06 3.218803e-07 0.023275785 0.00088764017 0.15099554 2.8405268e-05 0.77920663 0.64413154 0.00035331902 4.937967e-07 6.8093526e-05 1.3733833e-05 0.0016149072 0.0020557486 0.17759927 1.5297996e-07 0.04340552 0.018003846 0.0713525 0.5114654 0.34786448 8.241403e-08 1.8988093e-09 0.0007621261 2.8832835e-07 2.4097628e-05 0.07824199 0.000100439065 1.1772179e-07 8.362231e-05 4.9912167e-05 1.8469044e-06 0.0023920138 6.309494e-09 4.185314e-05 0.2862543 0.14965874 5.076059e-10 0.00095515023 5.0983526e-06 0.056908336 0.001628524 0.5735655 6.6142015e-06 0.0006646187 0.00022296942 7.332346e-07 0.00051951624 0.00010410757 0.00019263886 0.1316447 0.0049408106 0.3539489 0.0013569733 1.7437056e-05 3.565762e-07 0.00019981457 0.00032149698 0.022957116
0.7617782 0.0011785992 0.02747701 0.028150318 0.008658563 0.0004678641 1.4284768e-05 0.00045154954 0.049686782 0.9685339 5.9207705e-05 0.04097868 6.433276e-05 5.0311737e-05 0.0002810832 3.8486863e-07 0.0029145319 5.6889526e-06 4.158072e-17 8.149103e-06 0.99451154 0.005807033 0.010810979 0.00016547745 0.7850239 0.00039079992 4.2854344e-06 2.3790186e-05 0.00011236816 0.6982042 1.3401731e-06 2.4108156e-05 0.72337246 0.0017139436 0.00017827486 0.0005591556 0.0073838113 0.28011498 0.0010894617 0.39770582 8.3438055e-05 0.8566797 0.16457267 0.106180325 0.014615918 0.6240886 8.694266e-05 4.6514533e-08 2.688104e-06 2.483779e-06 5.1667885e-05 0.08262717 0.7324942 0.094840035 2.2978101e-08 0.0022428068 1.3057148e-07 0.001326055 0.006001247 1.105022e-07 1.4441234e-07 8.628582e-05 1.1554822e-06 0.014110195 3.9647155e-05 1.0896766e-06 0.00020585855 0.0072153625 0.0013393434 6.407574e-08 0.105166465 1.5572047e-07 1.4842712e-08 1.3585264e-07 5.6085977e-05 2.6768424e-08 2.1093653e-08 2.8671959e-05 9.552758e-08 3.2378525e-10 6.0374973e-06 1.03686105e-07 0.00012797538 0.0017109009 2.9275714e-07 0.0587051 0.0001868538 1.1053318e-07 0.00041432775 0.008816094 3.8868574e-08 4.522433e-08 7.3938054e-08 0.00026246774 1.4795279e-05 6.5656465e-08 1.1152804e-06 2.6076303e-09 9.834204e-06 0.12930721 1.7584309e-05
0.97097707 0.0015464257 1.2140553e-05 0.00081097806 0.00018377576 0.00569745 0.72245157 0.003042865 9.447595e-05 2.8343743e-06 0.18249592 3.3570743e-06 0.24921659 0.88851523 0.0007101459 0.9249057 8.804271e-05 0.043561008 8.149103e-06 1.8654526e-13 7.589858e-07 0.00035776486 1.5811525e-05 0.008776851 9.108055e-05 0.00044998387 0.7332606 0.018012887 0.009015836 8.590356e-08 0.93268746 0.46863917 1.0790022e-05 0.00041532036 0.0010978547 0.07220079 6.5930412e-06 5.458658e-07 0.0004432382 1.6516913e-07 0.008865396 0.001441149 2.38283e-06 6.5315724e-08 0.0045504244 0.0001881195 0.72395164 0.09653525 0.033859976 0.18110704 0.31475475 2.3970086e-08 4.303668e-06 6.0189054e-06 0.90579414 8.320007e-05 0.64851165 9.322445e-09 0.013376967 0.6504061 0.8202697 0.025629647 0.16085845 4.3216037e-08 9.64225e-09 0.029015793 2.0033652e-07 4.1973135e-07 0.09472736 0.011943233 1.15919555e-07 0.17318846 0.0018923548 0.0024689496 0.03049854 1.3689568e-07 0.009026104 0.022377241 0.29122418 1.0681098e-09 0.022919307 0.00024172469 0.0006210209 1.4574361e-05 0.27517667 2.78791e-06 0.0073157027 0.0047210692 7.013472e-06 0.0025663208 0.03821913 0.00070138875 0.006443229 0.022628382 0.02440926 0.20988292 7.593825e-05 0.0010542229 0.00083200075 0.0008147196 0.00026586116
0.8464062 8.950717e-05 0.009428797 0.0028077455 0.0010322034 1.2505571e-05 2.7691323e-07 3.2381045e-05 0.0034286221 0.84578973 4.560738e-06 0.08798747 1.0178358e-05 3.5655055e-06 0.00025388837 8.695132e-08 0.0029387763 7.868811e-06 0.99451154 7.589858e-07 8.501605e-15 0.0003225199 0.022867104 0.00017810662 0.5460302 0.0008474358 1.022947e-06 3.082316e-05 0.00011180067 0.9678695 2.2668736e-07 6.741552e-05 0.58294743 7.878937e-05 0.00056656444 6.794388e-05 0.016992662 0.5813013 0.0016167101 0.5936807 0.00027743782 0.71737605 0.40109286 0.3399926 0.0012872922 0.49391475 7.9231495e-06 9.76384e-09 8.425872e-07 1.778991e-05 1.0011501e-05 0.13342676 0.6391621 0.48045245 4.1251175e-07 0.0054256655 4.995686e-06 0.0014433799 0.00055872276 1.6615355e-07 7.18635e-07 0.00027333718 8.348641e-06 0.043382905 0.0001007278 4.481532e-07 0.0003773368 0.030857354 0.00017983782 5.6752476e-08 0.5310231 5.5048267e-06 4.1943564e-09 6.0829125e-06 2.683852e-06 1.8925957e-07 5.094083e-09 0.00026514888 4.2477868e-07 1.2801736e-08 1.353119e-07 1.6422524e-08 0.00083968375 0.010643919 8.999823e-07 0.029863117 4.068702e-06 4.663748e-08 0.0010550753 0.0011523196 1.0297751e-08 2.2122948e-09 2.7420936e-07 6.193864e-05 5.2269475e-06 2.7305082e-06 2.2051553e-08 4.211453e-10 1.6551391e-08 0.024848431 2.375602e-05
0.9567983 0.046914905 0.016419059 0.48544806 0.008014845 0.9340659 0.004021567 0.006578286 0.8516173 0.011799048 0.005673025 0.00015954721 0.67324936 0.021292564 0.0013153127 7.376807e-05 0.0003219572 0.00039499498 0.005807033 0.00035776486 0.0003225199 1.3624406e-13 3.7619022e-05 0.00063728564 0.025060099 0.0004660463 0.0028797237 0.001201413 0.0006054935 2.2000982e-05 0.00065918063 0.00023036053 0.26833418 0.9796137 8.752493e-05 0.8432988 1.828275e-05 2.736123e-06 6.4203006e-05 2.8604634e-05 9.3884686e-05 0.33615306 3.893463e-05 5.027488e-06 0.8062268 0.033656564 0.032410793 1.2312689e-05 1.6038925e-05 3.7025522e-05 0.00078302296 6.3867614e-05 0.013454513 7.770698e-05 4.3532273e-06 4.038402e-06 1.06733905e-05 1.6952898e-06 0.54011977 7.699891e-06 2.9249243e-06 3.4402972e-05 6.607138e-05 1.570216e-07 1.368515e-08 0.0002420638 6.7412753e-07 7.1645417e-07 0.29996988 1.1038996e-06 1.3984481e-06 0.00012963812 2.1736079e-07 1.9914396e-06 0.0019531772 3.3571075e-09 2.0130242e-06 9.480489e-06 9.512731e-06 2.1557835e-11 0.0058175926 1.1174138e-08 2.63857e-05 7.775346e-07 4.555229e-05 0.0073611964 0.009653191 1.6045335e-05 0.00026953433 0.5673564 3.3331148e-07 0.00013663438 3.0052354e-06 0.016951494 0.0001966509 2.358382e-06 3.733962e-07 9.2363575e-09 8.664451e-07 0.66317886 3.545892e-06
0.9256735 0.015329924 0.1339583 0.012040212 0.30353367 0.0002446821 5.9696147e-05 0.011115073 0.0039595827 0.2848756 0.0002817536 0.9815607 1.7133189e-05 5.5551177e-06 0.06755838 6.164443e-06 0.9442431 0.00027801943 0.010810979 1.5811525e-05 0.022867104 3.7619022e-05 9.0048595e-17 0.007709881 0.50793296 0.5133506 3.528193e-06 0.00033871573 0.002730165 0.019779066 1.7830071e-06 0.00010018746 0.5084194 9.585357e-06 0.12734218 4.2323904e-06 0.97469157 0.144748 0.63847476 0.0068924264 0.014994185 0.17803305 0.7515095 0.00037629757 0.0031418595 0.15544637 0.0003717584 2.899125e-08 0.00019123346 0.00012720455 7.298928e-05 0.00054268114 0.011790336 0.6277512 1.1124086e-07 0.5478822 3.231669e-05 5.81812e-05 0.0051072366 2.0138355e-05 7.106235e-06 0.0051642074 0.00038854734 0.00045632682 6.771062e-09 1.8680772e-05 0.00014387013 0.4162862 0.00082536123 7.652599e-08 0.019068504 9.1066e-08 3.6405158e-08 1.1491391e-08 0.0005407157 2.3328326e-09 3.275037e-07 0.0040153833 8.8467243e-07 6.867773e-11 2.8939473e-07 5.7666217e-08 0.070558 0.37786916 1.8929497e-05 2.0983856e-05 7.51258e-07 1.8492845e-07 0.00014520691 0.00017886938 7.46494e-08 8.745129e-06 6.876616e-05 0.00012524532 0.0017362129 4.7000506e-07 6.253412e-07 5.228275e-11 6.006299e-07 0.00016343889 0.0035672013
0.9741147 0.3024012 0.041802995 0.08412918 0.12150748 0.023283735 0.30003944 0.7795558 0.011741828 0.004420276 0.47360748 0.02840831 0.06577599 0.0011348008 0.911389 0.06473613 0.22332245 0.83431256 0.00016547745 0.008776851 0.00017810662 0.00063728564 0.007709881 7.414174e-18 0.01073781 0.5690612 0.00030214147 0.9256787 0.9737817 1.9106948e-05 9.25799e-05 0.15493214 0.014487821 0.00033068564 0.6149437 0.0036699127 0.0038503627 2.1785345e-05 0.11279984 2.4771227e-06 0.6719286 0.051651943 0.00020295616 2.8344743e-06 0.052092265 0.0052078087 0.07597082 6.649404e-06 0.083291486 0.018451756 0.0002991533 1.0189031e-05 0.00039415134 0.00023160379 2.151002e-06 0.0055940407 0.0010163629 1.4006357e-06 0.06457212 0.00076111103 0.00048273185 0.10165256 0.013009116 1.1145579e-07 1.3581621e-09 0.0002757399 3.6546058e-07 0.00027909855 0.03877126 1.0174233e-05 1.1102524e-06 2.710474e-06 2.1369551e-06 5.5982916e-08 0.0009403352 3.0031508e-09 8.052358e-06 0.038585342 0.0010828535 3.0615894e-12 8.00872e-06 2.764947e-07 0.04109839 0.0009195797 0.015091176 2.1534652e-06 7.8768266e-05 1.4488592e-05 3.5315712e-05 0.0010280778 1.5995319e-06 0.00012674306 0.006282389 0.0031725166 0.04417139 1.4054977e-05 3.5965147e-06 2.283471e-08 5.8232043e-05 0.00030154703 0.0076982724
0.9746704 0.018821873 0.38012534 0.0755089 0.10323578 0.0028177078 0.0005410817 0.01621061 0.232207 0.93271136 0.0013491209 0.69612783 0.00029911334 0.00020518959 0.042856116 2.8613422e-05 0.20652813 0.0007896427 0.7850239 9.108055e-05 0.5460302 0.025060099 0.50793296 0.01073781 1.0299661e-11 0.11486843 2.9597739e-05 0.0020624911 0.0025428974 0.5530087 4.740292e-06 0.00073823 0.9416207 0.0029169952 0.022568047 0.00027458894 0.55887073 0.49174067 0.067402616 0.2380352 0.0058862106 0.9075778 0.8454572 0.026460012 0.010629571 0.50666195 4.416494e-05 9.038692e-09 0.0020369864 0.0025597324 7.949841e-05 0.0017992945 0.13442571 0.8647117 0.000115044415 0.31261483 0.0007137281 0.00023370761 0.007092834 0.00016445377 0.00023370807 0.005962762 0.00091091543 0.0014364185 4.59746e-06 7.179549e-05 0.00012901687 0.058522955 0.0007655334 1.448042e-08 0.6871091 2.0233927e-06 1.9226233e-07 5.060636e-08 0.00012334238 1.6629289e-09 1.2125181e-08 0.011316564 0.0005167358 2.617768e-08 1.0096322e-06 5.5377757e-07 0.08823372 0.7587122 0.00018157235 0.0034842782 2.523634e-06 1.6663533e-07 1.735055e-05 0.0033807356 8.134392e-07 6.0435385e-05 0.00010889175 5.489145e-05 0.003864876 0.00022435203 1.5554436e-08 1.3646019e-09 1.3926953e-09 0.015146826 0.009409843
0.94598675 0.19626085 0.1269515 0.056751676 0.2533874 0.00333488 0.012947237 0.38818863 0.01001368 0.037983213 0.036033195 0.50831026 0.0021638055 6.0344963e-05 0.9510406 0.00052660774 0.97123617 0.09120394 0.00039079992 0.00044998387 0.0008474358 0.0004660463 0.5133506 0.5690612 0.11486843 3.3305086e-15 2.9615245e-05 0.14639036 0.40464672 0.00011350237 9.5764835e-06 0.0026758935 0.13154382 0.00013031416 0.94905657 0.00016486504 0.53840804 0.00010768214 0.9116857 1.8625396e-05 0.49703583 0.1246204 0.0045887544 2.6784068e-05 0.037895106 0.02953594 0.013842085 4.2660227e-07 0.016211234 0.0009856604 6.928356e-05 1.662696e-05 0.0025044563 0.0022469882 2.256658e-07 0.10326384 0.00014746503 2.4168259e-07 0.02458253 9.438823e-05 0.00010643715 0.040372927 0.0018086198 1.2119851e-06 1.0092851e-09 2.791748e-05 4.3528183e-07 0.0032750843 0.0077153277 6.876409e-08 1.4170372e-05 6.265652e-08 4.3793205e-09 8.479267e-09 0.0002583355 9.646379e-11 1.5368317e-07 0.018648049 9.254857e-05 8.8870465e-12 4.6381712e-07 1.9288584e-09 0.05708924 0.061381884 0.0010335894 9.3750515e-08 1.1445975e-05 1.3187114e-06 7.6146493e-06 0.0003172267 1.2609641e-07 1.1760463e-05 0.0008808164 0.00096434145 0.018090667 1.4629121e-06 2.0005547e-07 1.4236594e-09 2.2705983e-06 0.00016617631 0.0043921475
0.7858144 0.0003477257 7.2328266e-06 0.0005021374 7.7262725e-05 0.0027053894 0.03317145 0.00027481894 6.347705e-05 1.2523558e-05 0.0035882723 2.9028213e-06 0.2657136 0.97267044 4.378373e-05 0.044361856 1.2188128e-05 0.0020605035 4.2854344e-06 0.7332606 1.022947e-06 0.0028797237 3.528193e-06 0.00030214147 2.9597739e-05 2.9615245e-05 7.392005e-18 0.00093086273 0.0006882711 2.7667616e-07 0.99416363 0.014532183 1.7934397e-05 0.00088524143 0.00019089655 0.458735 3.6944041e-07 1.9929662e-07 1.5924386e-05 2.629717e-07 0.00041360967 0.000944013 2.802398e-06 1.8018767e-08 0.004361953 3.0518553e-05 0.55530566 0.50296164 0.00029948616 0.0018265115 0.7073233 3.5449958e-08 4.0757524e-05 2.1547755e-06 0.22025196 4.977628e-06 0.010094104 2.9307515e-10 0.005343823 0.0467552 0.05107242 0.0006321822 0.0025101327 1.4193004e-08 6.3121636e-10 0.30650008 5.155789e-10 1.201068e-06 0.09302673 0.08044317 1.8584071e-09 0.21026142 0.003959003 0.007911194 0.07680192 5.7313e-09 0.03650675 0.00017585476 0.0030228859 2.8337818e-12 0.45002815 0.00025776972 5.622162e-07 1.0352031e-07 0.0018969597 1.4030113e-06 0.08341607 0.007335974 3.9977928e-07 0.008710401 0.00592902 0.00080350257 6.6565524e-05 0.041176613 0.00055699743 0.0058006207 0.0006282644 0.0010400238 0.006894149 0.0038889728 9.834471e-07
0.89258194 0.12754036 0.0064679324 0.019259693 0.03880132 0.020954635 0.364094 0.67354095 0.004181275 0.00095826335 0.64212596 0.00077913876 0.06256787 0.0074425144 0.60571474 0.20880309 0.027325874 0.96721226 2.3790186e-05 0.018012887 3.082316e-05 0.001201413 0.00033871573 0.9256787 0.0020624911 0.14639036 0.00093086273 7.557222e-21 0.9870238 2.7581666e-06 0.0010690383 0.5123078 0.0012125385 0.0006555005 0.165049 0.007621352 0.00041651528 2.9240014e-06 0.019184051 3.8451458e-07 0.4441713 0.004082416 3.148191e-05 2.9269446e-08 0.011442936 0.0009529025 0.04478699 6.301341e-05 0.2031678 0.07800471 0.00045701864 7.1611396e-07 0.0002139337 7.099736e-05 0.0002789849 0.0011136315 0.0058556823 5.260262e-08 0.023930484 0.0018971696 0.0017396486 0.07415979 0.021012396 5.9466414e-09 1.8057557e-10 0.00069166115 3.5696304e-09 1.9216925e-05 0.024141468 1.229557e-05 1.671353e-08 3.4249508e-05 2.5753186e-06 1.3588917e-07 0.00150629 8.287582e-10 1.574287e-05 0.020378673 0.003944039 4.3193677e-13 5.3006064e-05 2.4175245e-07 0.01022399 0.00031177734 0.017887589 1.0679576e-06 0.00029176174 5.5084765e-06 1.4673576e-05 0.0015333281 4.8586626e-05 0.00021344563 0.0062201614 0.0033811014 0.02024372 5.6459703e-05 4.413534e-05 3.125706e-07 0.0006743237 0.00017419744 0.00776975
0.76242125 0.106740534 0.007440254 0.01228203 0.039088484 0.012802213 0.13308495 0.5235895 0.0029688827 0.0027865812 0.47073185 0.0027502344 0.023824388 0.0031773765 0.7551874 0.08710434 0.11548129 0.7323864 0.00011236816 0.009015836 0.00011180067 0.0006054935 0.002730165 0.9737817 0.0025428974 0.40464672 0.0006882711 0.9870238 5.475342e-18 7.683372e-06 0.00024359733 0.4499741 0.0027057375 0.00020362192 0.51864517 0.002123277 0.0032664626 4.9849186e-05 0.08691826 3.890752e-06 0.91612166 0.0055307695 0.0008904843 1.4594993e-06 0.008948764 0.0016326014 0.014234901 7.425272e-06 0.2803136 0.08835183 0.00043420724 1.4059755e-06 9.4137344e-05 0.0002583616 9.971771e-05 0.011421849 0.005991522 6.211843e-08 0.015142529 0.0014100792 0.0023515783 0.123603836 0.025364641 6.646044e-08 9.736107e-10 0.00024227281 9.006665e-09 0.00010236175 0.010440704 2.564997e-06 1.4204481e-07 4.1342605e-06 5.83915e-06 1.09334856e-07 0.00041566367 3.233925e-11 3.2594621e-06 0.039105803 0.0053086937 5.067819e-13 3.762783e-06 1.4785573e-07 0.048698902 0.0036441935 0.022063484 7.0203704e-08 2.1610904e-05 3.5632552e-06 5.017618e-07 0.00050903275 4.534969e-05 2.6624517e-05 0.008575448 0.00065741275 0.030101608 4.9065206e-05 2.5914745e-05 2.9960233e-08 3.1696465e-05 0.00016216328 0.010971963
0.95047176 2.3848499e-05 0.0027778673 0.0007538238 0.0018252812 9.815498e-07 2.053863e-08 4.5203033e-06 0.0013560955 0.8359506 3.653749e-07 0.06576655 7.0216295e-08 4.991321e-07 1.8566518e-05 6.0417507e-09 0.0008226834 6.904438e-07 0.6982042 8.590356e-08 0.9678695 2.2000982e-05 0.019779066 1.9106948e-05 0.5530087 0.00011350237 2.7667616e-07 2.7581666e-06 7.683372e-06 3.0908526e-18 1.907966e-08 1.19279e-06 0.5370666 2.0431997e-05 4.6485642e-05 1.2211892e-06 0.009198942 0.9009216 0.0003893025 0.97168463 4.3933724e-05 0.66474074 0.6443849 0.87465084 0.0020430135 0.6610436 1.4708033e-06 9.71687e-10 1.05858255e-07 8.642458e-07 6.381735e-06 0.22181366 0.6349959 0.5888051 5.895426e-09 0.015738564 2.8095093e-07 0.009478317 0.0016724716 3.821375e-08 1.2542854e-08 1.3180016e-05 6.6886105e-07 0.1425388 0.00013065277 8.868552e-07 0.0023631912 0.040343434 0.0001467718 9.605355e-09 0.7460968 1.9012138e-07 2.2530475e-09 2.9922276e-07 7.687355e-07 2.6864583e-08 1.4812416e-09 2.7288617e-05 4.6264482e-08 4.5837346e-08 3.616473e-08 5.608717e-10 0.00050837366 0.010152194 7.287816e-08 0.0018220706 1.3107059e-06 1.5603764e-08 0.00035985388 0.001500892 1.18883206e-08 1.1395746e-08 1.2807506e-07 3.0031653e-05 1.3252225e-05 1.4206947e-07 4.8255937e-09 1.8603202e-11 1.4844176e-09 0.011437093 2.4818555e-05
0.6854428 0.00035619998 6.2420886e-06 0.00012969214 3.1074036e-05 0.0011714587 0.0207485 7.371968e-05 1.2119268e-05 3.8548337e-06 0.0051050065 9.276718e-07 0.1972084 0.6936302 1.4745498e-05 0.1282932 1.5160445e-05 0.0009120994 1.3401731e-06 0.93268746 2.2668736e-07 0.00065918063 1.7830071e-06 9.25799e-05 4.740292e-06 9.5764835e-06 0.99416363 0.0010690383 0.00024359733 1.907966e-08 1.6949604e-17 0.018982511 3.6605428e-07 0.0003133438 9.552076e-06 0.3027883 8.368617e-08 6.572249e-08 1.8618051e-06 6.471648e-09 0.0001007669 0.00018039231 2.9826758e-08 1.9651363e-08 0.0018199468 3.6001004e-06 0.39559078 0.89505935 0.00014033313 0.0038048804 0.85949516 2.0144643e-08 9.891444e-07 3.5218193e-08 0.5682624 8.98329e-07 0.017953513 6.408689e-11 0.0053237667 0.13142432 0.07613244 0.00027574622 0.003223646 1.355781e-09 2.661714e-10 0.60142297 1.498639e-09 6.1129573e-09 0.09946504 0.17606513 2.8365213e-10 0.6053293 0.0050080554 0.051081773 0.12319377 6.1442145e-09 0.06901938 3.2697597e-05 0.0031048618 2.4013156e-11 0.46186155 0.0002296104 3.6083446e-07 1.0552965e-07 0.0019618205 1.060648e-07 0.08023734 0.014647698 1.7311639e-07 0.0107111465 0.0552644 0.0012261963 2.0661253e-05 0.059918772 0.00017863564 0.0097650895 0.0003308945 0.0021993537 0.007577408 0.0008604255 4.5296352e-07
