1.18917826e-17 0.9095168 0.23194931 0.58999443 0.6648032 0.01922912 0.6871543 0.7918697 0.5318535 0.0077728448 0.9226442 0.92969996 0.08211957 0.9720613 0.9731013 0.93840754 0.8048161 0.6556578 0.190668 0.88086927 0.75999445 0.86709493 0.9888864 0.04464741 0.96018684 0.9746405 0.07295322 0.7895049 0.9510709 0.77938235 0.19213504 0.3546629 0.9335275 0.9063193 0.5695344 0.9159417 0.9716396 0.9442191 0.7790061 0.80710006 0.008994615 0.024446722 0.5282059 0.8296412 0.91954195 0.9324565 0.83324295 0.9803036 0.9471361 0.74706864 0.7718245 0.77153534 0.90582216 0.70356035 0.8601452 0.7882039 0.82544833 0.056855608 0.95801634 0.9960424 0.95333713 0.37276688 0.90063816 0.7839985 0.9328688 0.890296 0.7844345 0.14367664 0.93855345 3.8549384e-05 0.9076664 0.8761516 0.99837494 0.5810874 0.53476727 0.71172607 0.8289707 0.7926721 0.51556534 0.5825693 0.2489098 0.79072046 1.1993768e-05 0.9266557 0.99992037 0.77798325 0.00046385694 0.81378114 0.9980672 0.03750649 0.9905434 0.014623982 2.035887e-06 0.8983959 0.998976 0.5668175 0.998713 0.13901335 0.92080486 0.99501264 0.9999525
0.9095168 2.9301615e-16 0.9963618 0.9224012 0.83922666 0.74437225 0.48036444 0.8459871 0.62956613 0.10817239 0.85215384 0.523537 0.594013 0.22759542 0.0034293928 0.49307474 0.0072301542 0.0005403304 0.02326073 0.022806345 0.004547321 0.012275817 0.145765 0.0001457655 0.015157894 0.00032147704 0.0005629016 1.5204976e-06 0.0009096688 8.496959e-06 0.0001185938 1.651649e-05 0.007594977 0.0035196508 4.92135e-06 0.0010880512 9.103478e-05 4.7724e-07 0.00012359531 0.00021514618 0.0005294711 0.004475009 0.0008122087 0.00045364053 0.001933913 0.0012197914 0.00085383386 0.00036659863 0.00058217446 8.33785e-08 0.00056280853 7.73082e-05 1.1711162e-05 5.4527216e-05 2.8654877e-05 0.00020198143 4.722665e-05 0.00041175127 2.1446624e-06 0.0010823192 1.1022566e-06 6.340741e-07 1.6452262e-06 0.0006076979 0.0003680954 0.00024485015 3.6780907e-06 8.4908635e-07 0.0017729261 6.3202384e-07 0.0005618097 0.00034536255 0.0007867814 7.4618475e-07 5.0982044e-07 6.637582e-06 3.6614088e-07 0.00057904376 1.2425944e-07 5.128402e-06 0.00029948185 1.6898557e-07 2.0984986e-08 1.1498336e-05 0.0024555554 2.3995348e-05 3.013331e-08 1.754184e-08 0.00048650728 8.751632e-09 0.0010904196 1.9175e-05 5.493611e-09 4.9542286e-06 0.00057494675 2.6937241e-06 0.0017113033 7.693293e-06 4.127342e-10 5.143966e-05 0.0033464353
0.23194931 0.9963618 9.598512e-15 0.6454101 0.88317716 0.92943954 0.24783608 0.33861163 0.0568197 0.06731898 0.20385309 0.026917085 0.97727567 0.000867866 0.021724029 0.068072066 0.1583002 0.004584599 0.35187295 0.0053496133 0.0002461761 0.00308096 0.0052368823 2.1613596e-06 0.00014593729 0.000499017 0.06965427 0.00018448518 0.00027406885 0.00013194788 1.3396511e-05 0.00013999602 1.7524011e-05 9.887045e-06 3.9383587e-05 6.626355e-06 8.03213e-05 1.5810861e-05 5.7649668e-06 2.0622176e-05 6.400304e-05 0.08990568 2.290362e-05 2.13821e-05 4.980145e-06 4.7057114e-05 1.9451849e-05 9.1030176e-07 2.5945915e-06 7.2557526e-07 5.633103e-06 7.968008e-06 1.6863213e-06 6.7106816e-06 1.6525131e-06 1.6413514e-05 1.0058913e-05 0.00042143624 7.8039386e-07 8.924341e-06 1.7964721e-06 9.948495e-06 5.904438e-06 1.5072039e-06 3.2025364e-06 9.829985e-06 4.859142e-06 2.4910392e-07 2.5593636e-05 4.5168217e-06 6.0396055e-06 1.1575882e-05 5.4730237e-05 2.9272363e-07 1.6276863e-06 5.391187e-06 4.5198095e-07 2.4656679e-06 4.0171212e-08 2.6525345e-07 1.7918146e-06 4.8002416e-08 9.7855086e-08 4.0396515e-07 0.00016072403 1.17704275e-07 2.0454465e-06 2.3662456e-07 2.2576138e-05 7.769713e-09 7.452638e-05 1.0739385e-06 1.0400257e-06 3.643991e-07 2.5250725e-05 1.0136524e-06 4.6952846e-05 6.7343296e-07 1.3987141e-09 1.1914018e-06 1.4163996e-05
0.58999443 0.9224012 0.6454101 7.247414e-14 0.98716474 0.029010464 0.9516731 0.96247125 0.010406922 0.0021288334 0.5906385 0.23158771 0.1413277 0.0014921114 0.043690965 0.50015086 0.038689177 0.0022757775 0.04398246 0.034713637 0.00053517916 0.00518266 0.11120858 1.1657042e-05 0.0034749864 0.00035583938 0.0033596223 0.0003644386 0.00062622095 0.00030172366 1.00616e-05 0.00015946718 0.0010180003 0.00049026054 0.00015399077 0.00032903915 0.00014223956 5.157553e-05 4.2833322e-05 0.00014083416 3.332381e-05 0.0015033359 0.0005286991 0.00039074293 0.000384418 0.00041483008 0.0005616975 7.204034e-05 0.00013251143 2.7798007e-05 0.00029028548 4.4696193e-05 4.1099483e-05 5.6229448e-05 3.250096e-05 0.00020911191 4.3767155e-05 0.0012120586 6.6998628e-06 0.0001440258 3.8724424e-06 1.839376e-06 1.3620057e-05 0.00019653802 0.00014539814 4.475216e-05 1.6057656e-05 3.8705525e-06 0.0006731543 6.3742146e-07 0.00015081155 0.0001905328 0.00027065867 2.1527546e-06 1.4504475e-07 4.5701863e-06 2.5495399e-06 7.8417266e-05 3.9407328e-07 9.192381e-06 1.8143604e-05 1.4312129e-06 4.8978684e-08 7.948806e-06 0.00072975183 5.372249e-06 8.504535e-07 5.06388e-08 0.00015620542 3.4107453e-07 0.00033204802 1.070681e-05 1.34277265e-08 6.6252173e-06 0.0006853165 1.2073084e-06 0.0009338837 2.4599371e-06 3.6929894e-08 1.0446884e-05 0.00021631146
0.6648032 0.83922666 0.88317716 0.98716474 9.81977e-14 0.032389186 0.98982364 0.5379758 0.00083583524 0.000282137 0.29864034 0.017482415 0.47373965 4.8446105e-05 0.69760907 0.4363838 0.46229172 0.05005156 0.28507555 0.054656744 5.4695698e-05 0.0058671418 0.019692779 6.0195e-07 0.00018571608 0.0048387144 0.06608115 0.004788731 0.0025146867 0.0037281536 1.4189514e-08 0.0017020365 1.841418e-05 2.826885e-05 0.00070800056 2.8212047e-05 0.00047840865 0.0005862844 8.952617e-06 3.7590587e-05 1.7471219e-06 0.018676138 0.00011716687 0.00038958702 1.5031502e-06 0.00027604852 0.00029785433 2.583143e-06 7.7408015e-07 9.5517156e-05 0.000122059544 1.4194204e-05 5.8413705e-05 3.3625088e-06 7.955248e-05 2.4458677e-05 6.0537973e-06 0.0008349755 3.0074332e-05 5.5800992e-06 6.971108e-06 3.35746e-05 1.1654719e-05 1.1713988e-07 0.000108014465 3.9891478e-05 3.845509e-05 4.438215e-06 0.00019346441 1.3107496e-06 7.5702024e-05 3.5558904e-05 0.00013049686 3.9986453e-06 8.13779e-07 1.2840002e-05 1.0340113e-05 2.472829e-06 1.2656766e-08 7.3170454e-06 2.3637173e-07 6.951029e-07 1.467293e-07 4.4619005e-06 0.000503934 8.03468e-07 3.0399237e-06 1.318177e-06 9.8795936e-05 2.9703043e-07 0.00017406692 7.161071e-07 4.9077374e-07 1.46219745e-05 0.00034298602 1.9397967e-06 0.00031079532 4.4873613e-07 5.3869776e-08 1.3021099e-05 5.491267e-06
0.01922912 0.74437225 0.92943954 0.029010464 0.032389186 3.3062044e-15 0.004546872 0.02421701 0.14630353 0.99974835 0.004806919 0.00062127365 0.99045247 9.308951e-05 4.4524404e-05 6.396911e-05 7.842647e-05 3.0796405e-06 0.002451621 7.953887e-06 1.9588226e-05 4.724996e-06 9.952054e-06 2.4695357e-05 5.261943e-06 3.522194e-07 0.0004816337 4.538852e-08 8.220943e-07 1.4544007e-07 7.634776e-06 2.138736e-07 5.645378e-05 3.9862025e-06 2.0564503e-08 1.8945794e-06 4.907648e-07 4.833887e-08 2.6346536e-06 2.2821018e-06 0.0011436384 0.00043654154 1.2402717e-05 5.0000895e-06 5.3574063e-06 2.9596622e-06 4.3027567e-06 5.070745e-07 4.547923e-07 3.3910292e-09 8.904843e-07 1.3853044e-06 1.2038741e-06 8.285065e-07 3.900632e-07 6.0459447e-06 1.0823512e-06 4.4492273e-05 1.8690555e-07 1.3704461e-05 2.3543289e-07 3.5657996e-07 2.7595704e-07 4.1183408e-05 9.359196e-06 2.8135457e-06 2.5565313e-07 1.813977e-08 0.00011993717 2.0801217e-06 6.757716e-05 5.172377e-06 2.3125738e-05 3.818291e-07 6.3710667e-07 1.6439894e-07 5.278e-08 5.287492e-06 1.4368042e-07 2.432615e-07 5.3114407e-05 7.800561e-07 9.259089e-10 3.2714643e-06 0.000102284655 1.3234913e-06 2.9796442e-07 9.4665523e-07 0.00010809535 2.306345e-09 9.403936e-05 3.3558723e-07 6.950698e-09 1.0830063e-05 8.99953e-05 1.1949719e-07 0.00010083746 1.3312646e-07 2.5595183e-08 1.4364335e-06 4.9933544e-05
0.6871543 0.48036444 0.24783608 0.9516731 0.98982364 0.004546872 1.4255661e-14 0.9417363 0.0007966888 0.00016000403 0.70884955 0.20237081 0.059606355 0.00011747837 0.42349303 0.89204586 0.11663869 0.013891737 0.050778244 0.32170144 0.00011393292 0.06442652 0.25317055 6.2413596e-07 0.005716984 0.0059342356 0.009938045 0.0009293163 0.007719991 0.0030162456 3.045864e-08 0.00043472517 0.0003222902 0.00040814688 0.0006973694 0.0006095206 0.0011153375 0.00057775236 7.118943e-05 0.000585351 4.861302e-06 0.0024182962 0.0020763562 0.0013148122 7.679574e-05 0.004981497 0.0038838137 3.0148994e-05 3.54748e-05 0.00020005787 0.00083887775 0.00013721245 0.00025205774 9.35764e-05 0.00018913913 0.00053811015 7.072993e-05 0.00056725054 5.94793e-05 3.4205797e-05 2.076272e-05 1.1370112e-05 5.8704773e-05 2.4216124e-06 0.00033831075 0.00016534401 9.756134e-05 1.3713155e-05 0.0031199346 5.2829176e-07 0.0007234575 0.00033583108 0.00034813315 2.0907253e-05 1.6218307e-06 2.1572936e-05 1.948852e-05 1.01874475e-05 2.6239565e-08 0.0001240412 5.045906e-07 4.3521027e-06 6.649429e-08 4.7872927e-05 0.0015741825 3.0954527e-06 5.769732e-07 1.0184975e-06 0.0009852101 1.3587576e-06 0.0010501349 3.499902e-06 7.8178495e-08 0.00016105422 0.0016121321 7.1971567e-06 0.0012008864 8.2079146e-07 6.9961527e-07 0.0008186016 1.7876919e-05
0.7918697 0.8459871 0.33861163 0.96247125 0.5379758 0.02421701 0.9417363 3.0288455e-14 0.0074615637 0.0018622733 0.9813652 0.82704914 0.053732187 0.0027116067 0.09396173 0.8264839 0.019583456 0.0009480589 0.011946566 0.08267322 0.0002824073 0.008607954 0.5383725 2.2141155e-06 0.0838812 0.00021025051 0.0006643817 4.7944748e-05 0.0008222583 3.3210166e-05 1.5531203e-05 0.00019184685 0.00332166 0.0053636665 5.2135685e-05 0.003823382 4.2482367e-05 2.7918663e-06 0.0004497155 0.003256253 9.706609e-06 0.0003336596 0.007402153 0.00012865466 0.00064061355 0.0024922502 0.016482284 0.00057080825 0.00042595188 1.8471085e-06 0.0002242701 0.00030967404 6.6891366e-06 0.00017892482 1.2083756e-05 0.0009526849 0.00019068312 2.2604449e-05 1.6361464e-06 0.00017688936 4.831032e-07 4.861506e-06 2.6694422e-06 6.900272e-05 0.0001988193 0.00043493084 1.9518138e-06 2.738308e-06 0.003579162 6.849992e-08 0.0009610657 0.00063776807 0.0008551833 3.8752964e-07 1.7744328e-07 5.190457e-06 4.181312e-07 7.2182076e-05 7.841281e-08 2.5348552e-06 0.000112612215 8.293303e-07 2.638011e-09 3.930282e-06 0.0021962277 6.827859e-07 6.0897555e-08 3.1220024e-09 0.00028293865 1.4613664e-07 0.0013244651 3.4184566e-05 5.9060135e-10 4.1562427e-05 0.001727456 3.6037795e-06 0.0028659562 2.1155518e-05 3.1518606e-08 0.00012696082 0.00044667817
0.5318535 0.62956613 0.0568197 0.010406922 0.00083583524 0.14630353 0.0007966888 0.0074615637 9.626298e-13 0.42116082 0.011356095 0.021499855 0.0007843271 0.9968082 1.2190998e-07 0.00014103066 2.265605e-05 1.0550585e-06 7.1695836e-06 7.966207e-06 0.9962753 1.5657897e-05 0.00062256126 0.13192524 0.004636569 1.9264905e-07 2.3779436e-05 9.357076e-07 6.5104445e-07 1.1740019e-06 0.09324768 1.163332e-05 0.0839766 0.014824502 5.883435e-07 0.00084748823 5.9295337e-07 3.133811e-08 0.00089866755 0.00019393658 0.09840881 0.00095204916 0.00020516748 2.8491716e-06 0.11359475 2.4842968e-05 9.808498e-05 0.0055130734 0.006970171 2.520981e-06 7.895617e-06 0.0001975473 1.8896045e-06 0.0002158935 6.654603e-07 0.00015569471 0.00017981861 1.8401715e-05 3.152887e-07 0.032716144 9.8254574e-08 7.6750934e-05 1.8434403e-07 0.16233338 2.0851696e-05 8.05293e-05 3.233881e-06 1.0452808e-06 9.911217e-05 2.4790722e-06 0.00031952088 0.00011648358 0.0016490514 9.855638e-08 1.4171641e-07 3.8570142e-06 7.323652e-07 0.013392475 0.001484556 1.3391965e-05 0.0420636 8.077697e-07 2.0152754e-06 2.4965866e-06 0.0011759746 8.241982e-05 4.359266e-05 7.0425936e-06 2.4066992e-05 1.8978228e-05 0.00027017822 0.0031946255 3.1771442e-08 6.462451e-06 4.0921455e-05 4.0353432e-05 0.00035863082 0.0002644388 2.7582244e-08 1.1022944e-06 0.05691018
0.0077728448 0.10817239 0.06731898 0.0021288334 0.000282137 0.99974835 0.00016000403 0.0018622733 0.42116082 3.432087e-17 0.0004921181 0.00039311542 0.054603834 0.00045443728 2.462092e-06 6.3813764e-06 2.5957645e-06 2.0193097e-06 7.2143885e-05 8.971017e-06 0.0039142803 2.252256e-06 2.5602583e-06 0.0026865767 1.8976745e-05 2.3794816e-07 3.5747307e-05 5.6481078e-09 7.006576e-07 1.1327792e-07 0.0008808399 5.5936886e-07 0.00024398422 1.6537026e-05 1.9160073e-08 3.2457333e-06 1.1762274e-06 1.2208916e-07 7.7183256e-07 1.3716665e-06 0.9985905 1.5479463e-05 3.0909039e-06 1.4290354e-05 0.00014167435 8.7514485e-07 3.4321095e-06 1.8253914e-07 9.432785e-07 3.8288455e-08 1.3264539e-05 2.6249827e-08 1.6805466e-06 2.4516825e-07 1.3126016e-05 3.5970293e-06 6.487542e-07 8.972964e-07 5.993848e-07 3.870953e-05 3.3002198e-07 3.3304525e-07 4.8164008e-08 0.0009338935 4.328288e-05 1.3410813e-07 4.256239e-06 6.302599e-10 4.8789763e-05 3.2955842e-07 5.729876e-06 4.1183094e-07 1.0839316e-06 7.019089e-07 5.266107e-07 2.1241992e-06 9.448622e-07 0.00010394279 2.110694e-06 1.5219003e-06 0.00063996634 3.6248018e-08 6.0716536e-11 6.9415825e-07 6.661025e-06 7.983581e-07 2.0023347e-06 2.8772154e-09 4.5523166e-06 3.585044e-09 1.1511107e-05 3.555894e-05 1.2289929e-09 2.9076324e-07 1.7154354e-06 6.8643004e-08 4.033983e-06 2.4189657e-07 8.648228e-11 1.13312936e-07 0.00022995225
0.9226442 0.85215384 0.20385309 0.5906385 0.29864034 0.004806919 0.70884955 0.9813652 0.011356095 0.0004921181 7.846209e-14 0.98470277 0.0018950956 0.01082577 0.12495364 0.816541 0.019830607 0.002554399 0.007703745 0.062867045 0.0012469329 0.008518607 0.9069986 3.0873216e-06 0.50151944 0.0010996863 0.0002314669 0.00022410035 0.0009879256 0.00028195386 4.8230362e-05 0.0001056025 0.005525103 0.016191728 0.00013594513 0.015514452 7.442673e-05 2.8087165e-05 0.0011479639 0.011407441 1.2518006e-05 2.5404104e-05 0.01647841 0.00012279334 0.00043162334 0.0061996086 0.062265344 0.0011494281 0.00052339165 2.9270272e-05 0.0002108332 0.0007688364 3.8635473e-05 0.00088595966 3.6179725e-05 0.0077620847 0.0016202163 3.5182977e-06 3.0088172e-06 0.0002789543 2.484478e-06 5.905699e-06 1.5154214e-05 2.4594903e-05 0.0001650897 0.0021610176 1.5693178e-05 3.0445253e-06 0.017255552 1.15499354e-07 0.005223933 0.0014817907 0.003559698 4.7424855e-06 8.4823483e-07 5.27939e-06 5.6803026e-07 2.2500222e-05 2.0609984e-07 1.0042245e-05 1.1308223e-05 3.3466024e-06 2.5916805e-08 6.5850045e-06 0.009152035 7.798947e-07 9.2129966e-08 1.11459194e-07 0.00024782383 3.166969e-07 0.003931619 1.9263804e-05 1.5304206e-08 1.2007422e-05 0.0030732946 5.901088e-06 0.015641766 7.1697054e-06 9.508513e-08 0.00010068534 0.0009998536
0.92969996 0.523537 0.026917085 0.23158771 0.017482415 0.00062127365 0.20237081 0.82704914 0.021499855 0.00039311542 0.98470277 3.9056115e-13 4.3853306e-05 0.18649459 0.013720723 0.42217785 0.00055767933 0.00019210244 0.00031908148 0.011189565 0.0023041128 0.001201496 0.9515653 4.4180547e-06 0.9714378 1.0872389e-05 4.859763e-06 3.027896e-06 7.761433e-05 3.2656478e-06 0.00013463528 6.434365e-06 0.1850535 0.36024463 1.151494e-05 0.13979623 2.2821323e-06 1.2168802e-07 0.020683315 0.06442101 2.8159633e-05 1.41225e-06 0.030843329 2.6463138e-05 0.0044105593 0.0022803934 0.038530286 0.018489232 0.007141503 2.20317e-07 0.00010670058 0.010647701 3.2031137e-06 0.0083540175 1.7539752e-06 0.017042283 0.015726238 1.3236025e-06 2.2346892e-07 0.0036136452 1.276752e-07 3.788279e-06 6.775138e-07 0.0006886674 8.759039e-05 0.0060180794 1.8010436e-06 5.280495e-07 0.013702841 5.4598394e-07 0.008736812 0.0068720076 0.02231544 3.3623658e-07 1.442026e-07 4.0760146e-06 2.0552966e-07 0.0002409746 3.6513035e-07 3.2446962e-06 0.000114640825 4.0512296e-07 2.7912858e-08 1.7724803e-06 0.016431566 2.1574273e-05 8.047744e-08 2.8596165e-08 0.00016201274 7.227337e-08 0.005506781 0.0002058022 5.319677e-09 6.6632556e-06 0.0018769365 5.471161e-07 0.014364756 3.2206302e-05 6.05205e-09 0.00017163438 0.0059434962
0.08211957 0.594013 0.97727567 0.1413277 0.47373965 0.99045247 0.059606355 0.053732187 0.0007843271 0.054603834 0.0018950956 4.3853306e-05 1.9694336e-11 6.402266e-06 0.016164143 0.0010478934 0.68489605 0.024426067 0.929313 6.5610555e-05 3.348341e-05 3.1564345e-05 7.5371594e-05 1.9582462e-06 2.1478309e-06 2.7331356e-05 0.81171334 0.0002630002 2.56098e-05 1.3858549e-05 2.475401e-06 0.07730829 1.3266905e-05 1.6433914e-06 0.00015436865 2.6308924e-06 3.1346408e-05 1.4065281e-06 9.587756e-07 2.0309924e-06 0.00018698376 0.98333335 1.5360378e-05 8.846046e-06 5.550992e-06 6.3465095e-06 3.2044272e-06 1.3354768e-06 3.228447e-07 9.269781e-06 1.7410153e-07 1.2951941e-05 5.759383e-06 2.004008e-06 5.3683207e-06 8.0063755e-06 5.2655423e-06 0.06827532 3.247785e-05 8.501231e-06 1.6348909e-06 2.6883283e-05 1.2606973e-05 3.6147944e-06 4.8400643e-06 1.1289711e-05 3.0133747e-06 2.822078e-06 1.1195702e-05 0.0030857706 2.5312968e-06 7.778665e-06 8.203408e-05 5.9286634e-07 1.8654966e-06 9.1989896e-05 5.7593756e-05 2.0109578e-06 1.3949057e-07 1.6649682e-07 6.783799e-06 7.272888e-08 1.2971565e-06 5.1098013e-08 0.00044322663 8.4014795e-07 0.00080706406 2.644143e-06 0.0010550275 3.279178e-07 0.00016037066 7.111384e-07 1.1577102e-06 2.4374148e-07 0.00017029303 3.0119752e-06 0.00024434002 6.1500565e-08 1.868552e-08 1.7429101e-06 0.0002805088
0.9720613 0.22759542 0.000867866 0.0014921114 4.8446105e-05 9.308951e-05 0.00011747837 0.0027116067 0.9968082 0.00045443728 0.01082577 0.18649459 6.402266e-06 9.994339e-12 1.362459e-07 9.5190066e-05 6.1529875e-07 2.4179673e-07 3.8698545e-06 7.2747616e-06 0.3951116 6.123574e-06 0.003512743 0.009968849 0.2130743 2.1922231e-07 6.954339e-05 5.393113e-07 4.494445e-07 9.038351e-08 0.062304042 8.03473e-06 0.95423883 0.69431806 2.7676958e-07 0.028974846 3.4178078e-07 2.7289461e-08 0.051302746 0.0011784054 0.00020322304 0.00041458488 0.00028095779 2.168375e-06 0.6244672 4.5756093e-05 0.00016830006 0.39448798 0.39260557 4.4678893e-07 1.0064689e-05 0.0059874183 1.2105631e-06 0.0038274499 7.238764e-07 0.0014605403 0.010448977 1.04894825e-05 3.834336e-07 0.46019682 7.779488e-08 4.926048e-05 7.5135534e-07 0.029522937 6.769077e-06 0.0005504108 3.6153804e-06 5.3849853e-06 9.482203e-05 2.2720972e-06 0.0005424359 0.0032321408 0.30262274 4.598749e-06 1.3048254e-06 7.5766843e-06 1.2052536e-06 0.0305456 0.0042646015 5.738208e-05 0.0011479782 1.5708576e-06 9.711816e-07 5.12269e-07 0.07055422 0.0005762263 7.497202e-06 5.1955135e-06 0.00010899948 1.4319596e-06 0.006359002 0.0008391634 6.4150674e-07 6.037221e-06 0.0002105732 5.6506406e-07 0.006239459 0.00013409813 3.842904e-10 9.368783e-05 0.31559083
0.9731013 0.0034293928 0.021724029 0.043690965 0.69760907 4.4524404e-05 0.42349303 0.09396173 1.2190998e-07 2.462092e-06 0.12495364 0.013720723 0.016164143 1.362459e-07 8.6696356e-14 0.80812037 0.70736533 0.99271697 0.2043012 0.8804969 1.7583076e-08 0.54122406 0.075523056 3.8208627e-09 0.00035389027 0.6878235 0.24540389 0.20226309 0.81228983 0.5655892 5.3104493e-10 0.07259679 1.2109332e-05 6.83197e-05 0.098397546 0.00014294533 0.44653255 0.024253832 2.5809072e-06 0.00026878246 1.5386274e-06 0.060437348 0.0022207634 0.042078 6.818457e-07 0.019108554 0.010511494 9.056311e-07 4.849772e-06 0.004619836 0.01658429 5.559474e-06 0.019423747 3.6549775e-06 0.0042717513 0.0012366541 7.941168e-06 0.06951653 0.0056449585 3.9273596e-06 7.321642e-05 0.0005643982 0.00020224029 7.147497e-08 0.0053106076 9.4947536e-05 0.00082663336 8.819221e-05 0.023092873 5.561044e-06 0.0023281502 2.3541585e-05 0.00030544773 4.0871764e-05 8.938915e-06 0.00021452823 0.00011651091 5.3958313e-08 8.30843e-09 2.6007936e-05 7.101093e-08 3.864531e-05 3.2599985e-07 5.3423988e-05 0.0004896564 1.205694e-06 0.0001510165 0.00014881238 0.0012677172 1.4917612e-06 0.00018236699 9.414977e-06 2.0830041e-06 8.488176e-05 0.002632416 3.2111042e-05 0.0011059789 1.233466e-06 9.968771e-08 0.0013387259 9.875721e-05
0.93840754 0.49307474 0.068072066 0.50015086 0.4363838 6.396911e-05 0.89204586 0.8264839 0.00014103066 6.3813764e-06 0.816541 0.42217785 0.0010478934 9.5190066e-05 0.80812037 8.600666e-16 0.32758883 0.045024693 0.05596108 0.973513 7.705749e-05 0.92565525 0.9652867 5.1540763e-07 0.13491295 0.07006317 0.0019357036 0.0057816394 0.18045667 0.012939461 1.9402278e-06 0.0008844553 0.00030518483 0.0015739185 0.0013289407 0.003095413 0.004490241 0.0018761206 0.00023349065 0.017526636 1.0335775e-05 0.00045515833 0.081309564 0.005534978 1.9614472e-05 0.31194142 0.41209182 0.00027268706 0.00013366173 0.00046859038 0.0076443977 0.0003414311 0.00023679127 0.00055393105 0.0004251862 0.023271037 0.0010759468 0.00023119376 0.00012911264 2.6632795e-05 1.0863248e-05 4.030493e-05 0.00029673017 2.1121234e-06 0.0032980037 0.0042670565 0.00013139211 6.106526e-05 0.13794124 1.1913098e-06 0.028129334 0.0014475962 0.00115719 9.72885e-06 4.5012807e-06 3.0369087e-05 3.6096975e-05 1.2275581e-05 5.113272e-08 4.6107045e-05 1.3796878e-06 4.0130573e-05 5.512413e-08 3.52615e-05 0.0063108495 1.4050092e-06 1.4764247e-06 1.1917148e-07 0.0034827683 1.6407731e-06 0.003924 6.106945e-05 6.399415e-08 5.180653e-05 0.01231299 5.120065e-06 0.025158523 3.8429557e-06 1.2665782e-07 0.0006737982 0.0002189951
0.8048161 0.0072301542 0.1583002 0.038689177 0.46229172 7.842647e-05 0.11663869 0.019583456 2.265605e-05 2.5957645e-06 0.019830607 0.00055767933 0.68489605 6.1529875e-07 0.70736533 0.32758883 5.330427e-15 0.9804388 0.9878986 0.23312393 3.2345056e-07 0.06618461 0.0017252836 1.2958365e-07 2.691073e-05 0.10854055 0.5640465 0.5698753 0.1017889 0.13957882 4.1041726e-08 0.9083719 8.128775e-06 2.9346618e-06 0.30327782 1.8705125e-05 0.0341049 0.020882063 4.1080241e-07 8.183939e-06 1.894836e-06 0.16494131 2.8748816e-05 0.00092330034 2.8388231e-07 0.0001535312 5.1942032e-05 3.2258172e-06 1.5373273e-05 0.0055203126 6.608442e-05 4.15991e-07 0.00033537563 3.8686827e-07 6.0459995e-05 1.1638069e-05 2.4870891e-07 0.16089909 0.0031125585 5.2573858e-05 2.0283242e-05 0.0029589147 4.2782944e-05 4.3472486e-08 3.589249e-05 2.8139132e-06 0.00050313637 9.383806e-05 0.00024600967 3.8300423e-05 4.6499787e-05 2.1068668e-06 1.6436368e-05 8.478738e-06 1.6762704e-07 3.7289321e-06 0.00016789639 2.1177284e-06 8.694995e-09 7.95743e-06 3.1538042e-07 1.1778929e-05 7.1384204e-07 2.1370286e-06 6.936038e-05 2.5748543e-06 0.013926689 6.7117035e-05 0.00013170148 1.2603775e-07 4.441122e-05 6.669435e-06 2.188816e-05 5.231009e-07 0.00011605702 1.3797899e-05 0.00019915443 2.6973255e-06 1.8308912e-08 1.5348209e-05 5.5314315e-05
0.6556578 0.0005403304 0.004584599 0.0022757775 0.05005156 3.0796405e-06 0.013891737 0.0009480589 1.0550585e-06 2.0193097e-06 0.002554399 0.00019210244 0.024426067 2.4179673e-07 0.99271697 0.045024693 0.9804388 7.601047e-15 0.4244812 0.14681086 2.3781543e-07 0.029104184 0.0014426032 2.5857108e-08 1.8974826e-05 0.3183772 0.49985525 0.93644696 0.116738066 0.4810513 6.9678077e-09 0.61416274 1.1048824e-06 3.2677476e-06 0.4581012 6.711585e-06 0.044073734 0.050988834 6.526389e-07 6.635724e-05 6.6852687e-07 0.13222143 0.0002148792 0.002414626 6.267003e-08 0.00091307634 0.0003304448 1.3258418e-07 3.72983e-07 0.0069106976 0.00050169224 1.1931131e-06 0.0006615549 4.3683613e-06 0.00073622307 5.7371955e-05 3.4796105e-06 0.2911883 0.0044938587 4.932811e-06 0.00012339733 0.009706693 0.00063589966 1.2419754e-08 0.0002028832 1.2500923e-05 0.0010289326 0.0003276501 0.0004420457 2.1375841e-05 5.792823e-05 6.321363e-06 1.4447584e-05 7.7400786e-05 3.0473923e-06 5.3380594e-05 0.00037160917 3.8345482e-07 1.0643257e-08 2.9963454e-05 9.007082e-08 6.738018e-05 2.8301015e-06 1.38902915e-05 4.2678133e-05 6.5844426e-07 0.025525058 0.0004138975 0.0004504753 9.685156e-06 0.00011165298 1.7051589e-07 0.00017568312 4.656442e-06 0.000105517334 0.00012871859 9.0829526e-05 1.1102418e-06 1.1976172e-06 0.000104280465 1.3704331e-05
0.190668 0.02326073 0.35187295 0.04398246 0.28507555 0.002451621 0.050778244 0.011946566 7.1695836e-06 7.2143885e-05 0.007703745 0.00031908148 0.929313 3.8698545e-06 0.2043012 0.05596108 0.9878986 0.4244812 1.0216272e-15 0.06924224 4.1955968e-07 0.010687209 0.00045541773 7.857761e-07 1.5395914e-05 0.014974172 0.98477685 0.2032899 0.011070093 0.020192813 4.448684e-07 0.90352434 1.46041775e-05 5.7821017e-06 0.09160486 4.9940945e-06 0.005015442 0.005727206 8.170019e-08 5.8406545e-06 2.1942982e-05 0.22413975 6.932992e-06 0.00012445128 7.742334e-08 2.2888269e-05 6.6725397e-06 3.4648596e-07 2.7161977e-06 0.0011133533 3.855271e-06 1.1001619e-07 5.325911e-05 9.427363e-07 4.9969603e-05 1.0607589e-06 5.387546e-07 0.65062916 0.000931193 1.0735867e-05 2.9082328e-06 0.0023533811 4.812919e-05 1.0043809e-08 7.594184e-06 1.0621833e-06 8.682508e-05 2.3994846e-05 3.240925e-05 0.0018477828 7.270496e-06 4.920778e-06 2.0339881e-05 1.2214338e-06 1.1339509e-07 5.535022e-06 0.00014081899 1.1737769e-06 9.665156e-09 4.7899823e-07 3.0713168e-06 1.2432233e-06 6.4582796e-06 2.1594465e-07 0.00010408622 4.2929753e-07 0.048089936 1.526675e-05 5.7054833e-05 6.3244865e-06 5.1810635e-05 3.940049e-07 0.00020518294 3.9776373e-07 5.694905e-05 6.412315e-05 6.159563e-05 4.616048e-06 6.1137855e-09 7.1903783e-06 3.756052e-05
0.88086927 0.022806345 0.0053496133 0.034713637 0.054656744 7.953887e-06 0.32170144 0.08267322 7.966207e-06 8.971017e-06 0.062867045 0.011189565 6.5610555e-05 7.2747616e-06 0.8804969 0.973513 0.23312393 0.14681086 0.06924224 2.9454603e-15 5.9939994e-06 0.9903809 0.45471615 5.6415754e-08 0.0041786744 0.40648285 0.011035641 0.04299016 0.7920837 0.080142185 5.845446e-08 0.0014363714 9.181442e-05 0.00010717327 0.0038322746 0.0007999999 0.089394614 0.081987634 0.00012158577 0.0026948561 9.4006083e-07 0.0016266312 0.02596268 0.09659753 2.4170233e-06 0.41708884 0.21924731 1.632894e-05 2.576763e-06 0.0027829122 0.064634405 0.00017960712 0.0035020674 0.00019461544 0.009313618 0.0093159145 0.000860366 0.001093706 0.0013866362 1.7421639e-06 0.0002305271 0.00026463557 0.002523822 1.5398945e-06 0.031459127 0.0032593522 0.00040971945 0.00015935165 0.20478913 2.1357005e-06 0.027834458 0.0009585225 0.00057858805 9.803999e-05 4.2188927e-05 0.00015171836 0.0004487139 7.854749e-07 7.641642e-09 0.00035446024 9.370475e-08 0.00022925703 1.4685362e-07 0.00027435494 0.004026805 6.149063e-07 5.950355e-06 3.077411e-05 0.02736969 1.3245667e-05 0.0038935356 7.4128513e-07 1.1174917e-06 0.00026187245 0.0240748 1.28925185e-05 0.038081728 4.5402524e-07 1.7123723e-06 0.0062965024 3.4732566e-05
0.75999445 0.004547321 0.0002461761 0.00053517916 5.4695698e-05 1.9588226e-05 0.00011393292 0.0002824073 0.9962753 0.0039142803 0.0012469329 0.0023041128 3.348341e-05 0.3951116 1.7583076e-08 7.705749e-05 3.2345056e-07 2.3781543e-07 4.1955968e-07 5.9939994e-06 9.0117794e-14 1.4890301e-05 0.0001683593 0.9996049 0.0016831773 1.0019357e-08 3.5066505e-06 1.0214423e-07 8.899545e-07 8.008478e-09 0.07623417 1.8660081e-07 0.22954945 0.02109304 9.929224e-08 0.002175174 6.731956e-08 3.7313935e-08 0.0024230343 0.00045520475 0.09779953 8.578274e-06 0.0021566972 9.37489e-08 0.8061251 1.1563316e-05 0.0005585331 0.03526115 0.09820162 2.5742344e-07 8.0825976e-07 0.0012503362 1.901991e-06 0.0015867054 3.4291095e-06 0.0015176234 0.0014536951 2.6775208e-05 3.7320498e-07 0.33979473 6.0395166e-07 3.930215e-06 3.306645e-06 0.13204461 8.681991e-06 0.002230628 1.5805097e-06 2.3566013e-06 0.00028918163 1.933259e-06 0.0012020066 0.0010091399 0.0074216053 2.2169837e-05 2.036893e-06 1.2513357e-06 6.3091335e-07 0.15010495 0.0034068837 8.550649e-08 0.015838014 1.7435075e-07 2.5927633e-08 5.791685e-07 0.007853964 0.002203043 7.6024986e-07 1.7310304e-05 2.0933969e-05 5.226833e-06 0.0036842942 0.0010229701 2.931817e-08 5.254373e-07 0.00014324035 4.3083267e-07 0.0027187418 0.00013362222 1.2499257e-10 9.3372655e-06 0.13397215
0.86709493 0.012275817 0.00308096 0.00518266 0.0058671418 4.724996e-06 0.06442652 0.008607954 1.5657897e-05 2.252256e-06 0.008518607 0.001201496 3.1564345e-05 6.123574e-06 0.54122406 0.92565525 0.06618461 0.029104184 0.010687209 0.9903809 1.4890301e-05 5.753807e-17 0.6048927 3.9825014e-08 0.0049923095 0.27406147 0.0016745522 0.017693063 0.97490644 0.046546157 1.6405087e-08 0.00076761027 0.00020476109 0.00017590156 0.0029140315 0.00098706 0.054736316 0.041308433 5.243176e-05 0.012544467 1.0948569e-06 7.9016405e-05 0.05100025 0.120516956 7.941171e-07 0.80787915 0.39240214 1.1319715e-05 4.257693e-06 0.0028417935 0.13368987 0.00014436299 0.0076304865 0.0002610357 0.005565623 0.016021613 0.00050520623 0.0019153153 0.003846703 2.07155e-06 0.0005203733 0.00021679552 0.0039735544 1.9892927e-06 0.05346602 0.0040110243 0.0002682657 9.320623e-05 0.30090195 2.9848175e-07 0.051313434 0.0015301362 0.00044505874 9.226471e-05 2.3409093e-05 7.742595e-05 0.00016229572 7.692473e-07 1.6190373e-09 0.00017305938 1.1189451e-08 0.00023685905 1.9529962e-08 0.00014330527 0.004727185 8.006425e-07 2.8118466e-05 2.3346514e-05 0.027909318 9.608878e-06 0.0040009343 3.0064035e-07 2.3586281e-07 0.00024148599 0.039653767 1.008832e-05 0.030190136 7.083152e-07 1.6305177e-05 0.008832407 2.8584676e-05
0.9888864 0.145765 0.0052368823 0.11120858 0.019692779 9.952054e-06 0.25317055 0.5383725 0.00062256126 2.5602583e-06 0.9069986 0.9515653 7.5371594e-05 0.003512743 0.075523056 0.9652867 0.0017252836 0.0014426032 0.00045541773 0.45471615 0.0001683593 0.6048927 1.1051983e-12 5.26778e-07 0.9172425 0.016321352 2.426642e-05 0.00016170616 0.07528742 0.002463802 5.58528e-06 6.1030205e-05 0.001178529 0.028001647 0.00023670797 0.13159794 0.0014241314 0.0006214215 0.0042345566 0.6056357 6.431368e-05 1.1965515e-05 0.64490634 0.0061494797 6.178525e-05 0.27466822 0.82308036 0.0015434754 0.00057488424 0.0001213248 0.008340346 0.009019685 0.0006240188 0.021989057 0.0010858029 0.37552467 0.06506079 1.6513339e-05 4.5267203e-05 0.00016323623 0.000121256904 2.9967143e-05 0.00011253084 2.3464236e-05 0.0035841374 0.06532619 0.00037049782 8.459814e-06 0.24650648 3.4117997e-07 0.18754864 0.018299786 0.01581421 4.9397895e-05 2.8631792e-05 4.6517664e-05 1.8036588e-05 2.6639247e-05 6.7303296e-07 0.0001551963 3.2071728e-06 3.2271386e-05 1.0114291e-07 0.00022542375 0.039071787 1.747216e-05 1.0659073e-06 2.8817178e-06 0.0054241726 5.399136e-06 0.031439938 0.00048935553 1.1180178e-07 0.000117606716 0.033725675 1.00611105e-05 0.12290161 1.2777824e-05 1.6986513e-06 0.0024811372 0.0007075501
0.04464741 0.0001457655 2.1613596e-06 1.1657042e-05 6.0195e-07 2.4695357e-05 6.2413596e-07 2.2141155e-06 0.13192524 0.0026865767 3.0873216e-06 4.4180547e-06 1.9582462e-06 0.009968849 3.8208627e-09 5.1540763e-07 1.2958365e-07 2.5857108e-08 7.857761e-07 5.6415754e-08 0.9996049 3.9825014e-08 5.26778e-07 3.0807473e-14 1.6670989e-05 3.5140356e-08 3.415304e-06 8.129972e-07 5.786928e-08 1.7054711e-07 0.9996996 1.141575e-06 0.0059952033 6.6342494e-05 7.080225e-08 3.2187538e-05 8.687572e-08 4.321742e-07 3.993693e-05 3.3967533e-06 0.1690455 2.7725728e-05 1.4108291e-05 1.06076335e-07 0.11701421 7.877427e-07 8.0081736e-07 0.00019098268 0.00029847052 4.1389882e-07 1.4053421e-07 1.7780258e-05 2.3680042e-07 1.2872406e-05 1.3956216e-07 4.6330765e-06 3.1391146e-06 0.00037835297 3.170124e-07 0.006532639 1.8639966e-07 1.39249605e-05 3.4795842e-06 0.117008604 3.049554e-07 3.1854966e-06 1.0651147e-06 6.217762e-07 2.035294e-07 4.656253e-07 5.3355914e-05 1.960729e-05 0.00010132824 1.8556543e-06 6.3783494e-07 2.6208154e-06 1.5216494e-06 0.0029386387 0.00011312037 9.499956e-08 0.048249505 3.6768088e-07 9.837073e-10 1.3814744e-06 0.00032869383 2.2882356e-05 6.2478416e-06 7.737554e-07 9.277643e-06 1.3399067e-07 0.00031252843 0.0007940544 3.5552085e-07 7.916763e-07 4.965747e-06 2.8621403e-06 8.886272e-05 2.2025586e-05 4.5835374e-10 1.5713636e-07 0.012455584
0.96018684 0.015157894 0.00014593729 0.0034749864 0.00018571608 5.261943e-06 0.005716984 0.0838812 0.004636569 1.8976745e-05 0.50151944 0.9714378 2.1478309e-06 0.2130743 0.00035389027 0.13491295 2.691073e-05 1.8974826e-05 1.5395914e-05 0.0041786744 0.0016831773 0.0049923095 0.9172425 1.6670989e-05 8.9303884e-13 1.3615057e-05 9.168209e-06 1.6574832e-06 0.0002562364 1.2634813e-05 0.00010761644 1.0791643e-06 0.18969253 0.93819684 7.0949473e-06 0.9756344 1.8901606e-05 2.8157979e-06 0.3516933 0.5791741 3.9773306e-05 0.0006295353 0.108851075 0.00013434401 0.003239283 0.004200782 0.024847187 0.12503684 0.014823413 4.533358e-06 0.0002732121 0.2562034 5.1263847e-05 0.36121172 2.8374536e-05 0.08038529 0.3385548 9.698276e-05 5.9299634e-07 0.0030499233 2.759506e-06 1.9827187e-06 1.0676547e-05 0.000678819 0.00036282087 0.047094338 2.1457477e-05 7.767783e-06 0.00724392 1.8077875e-06 0.017237771 0.07101089 0.31213468 6.876789e-06 5.123633e-07 1.7129987e-05 5.079641e-07 0.0005024066 4.1756125e-06 1.3312607e-05 1.9501998e-05 5.4722223e-06 1.927345e-07 1.5203214e-05 0.12096159 0.00011990652 1.4522857e-07 6.6375907e-07 0.0005607515 1.6857288e-07 0.0312988 0.00022115748 2.8828765e-07 2.9841969e-05 0.005976813 5.5200803e-07 0.055404272 0.000120506185 4.1389248e-09 0.00024160968 0.00975348
0.9746405 0.00032147704 0.000499017 0.00035583938 0.0048387144 3.522194e-07 0.0059342356 0.00021025051 1.9264905e-07 2.3794816e-07 0.0010996863 1.0872389e-05 2.7331356e-05 2.1922231e-07 0.6878235 0.07006317 0.10854055 0.3183772 0.014974172 0.40648285 1.0019357e-08 0.27406147 0.016321352 3.5140356e-08 1.3615057e-05 2.5531243e-13 0.017400205 0.21500078 0.8924535 0.9897902 8.330689e-10 0.016979145 6.1079436e-06 3.8927757e-07 0.12626928 8.099493e-06 0.94128877 0.7025698 1.9475718e-07 0.00029929797 8.198097e-07 0.004964907 0.0027006217 0.18453431 2.1040826e-07 0.04004562 0.034524865 1.2953461e-07 1.5185368e-06 0.113478705 0.06877102 1.5757446e-06 0.08844982 1.526175e-06 0.08901649 0.0011480111 1.1630469e-05 0.02758482 0.15166338 2.3567979e-07 0.024116846 0.006216443 0.07183623 1.6926872e-08 0.055945564 0.0005964735 0.029720953 0.0028381506 0.08569528 2.1236463e-06 0.0040321103 2.166906e-05 4.6249912e-05 0.003652032 8.190541e-05 0.0010752109 0.0062850555 7.978687e-09 1.8874422e-09 0.0013607139 1.9004978e-09 0.0008238658 3.0296363e-07 0.0004560419 0.0004352686 5.1645566e-07 9.988133e-05 0.003966701 0.013983082 5.6424553e-05 0.00034205194 9.911594e-07 1.3523309e-05 6.708101e-05 0.023875045 0.0010653764 0.006026474 1.6256982e-07 5.4061667e-07 0.008269109 5.0102567e-06
0.07295322 0.0005629016 0.06965427 0.0033596223 0.06608115 0.0004816337 0.009938045 0.0006643817 2.3779436e-05 3.5747307e-05 0.0002314669 4.859763e-06 0.81171334 6.954339e-05 0.24540389 0.0019357036 0.5640465 0.49985525 0.98477685 0.011035641 3.5066505e-06 0.0016745522 2.426642e-05 3.415304e-06 9.168209e-06 0.017400205 5.7930315e-13 0.15116058 0.0014562024 0.019496538 7.0665724e-06 0.91806966 7.497757e-05 4.3578897e-05 0.07915345 5.3032665e-05 0.0014512965 0.0077295713 1.8923078e-06 2.152294e-05 0.0008445703 0.98615646 5.7943318e-05 2.924371e-05 6.7266654e-07 6.9672196e-06 9.020433e-06 9.2528177e-07 4.004862e-06 0.0011645915 2.2153342e-06 7.102742e-07 5.21691e-05 8.188795e-06 1.33314625e-05 6.8070053e-06 1.5441467e-05 0.9706593 0.00075780036 6.393886e-05 8.480331e-06 0.010672852 0.000525136 7.7719943e-07 8.022227e-06 1.5579386e-05 3.09358e-05 0.00042141354 1.660191e-05 0.09435757 1.0480378e-06 1.8988745e-05 0.00012816091 6.447941e-06 1.4809542e-06 9.9493445e-05 0.00020977705 2.4424597e-05 1.1136883e-06 1.6688462e-06 5.112885e-05 8.2432794e-05 0.00093117973 9.746416e-07 0.0003026398 2.1683027e-06 0.06962133 0.00060537516 6.290005e-05 4.0539548e-05 9.634135e-05 6.5278766e-07 0.04211893 6.78439e-07 6.574378e-05 0.0013566769 7.379903e-05 3.6285235e-06 1.3428368e-06 1.3424891e-05 8.113289e-05
0.7895049 1.5204976e-06 0.00018448518 0.0003644386 0.004788731 4.538852e-08 0.0009293163 4.7944748e-05 9.357076e-07 5.6481078e-09 0.00022410035 3.027896e-06 0.0002630002 5.393113e-07 0.20226309 0.0057816394 0.5698753 0.93644696 0.2032899 0.04299016 1.0214423e-07 0.017693063 0.00016170616 8.129972e-07 1.6574832e-06 0.21500078 0.15116058 4.400166e-14 0.09138254 0.69172895 2.6037872e-10 0.9919241 3.6930723e-07 3.46161e-07 0.9865857 3.2161504e-06 0.08061293 0.11473812 3.886523e-08 5.5173778e-06 1.4534975e-06 0.08174321 5.86924e-05 0.003672024 3.4853393e-08 0.00028995125 4.0726012e-05 2.3934545e-08 3.1372215e-07 0.059452243 0.00048230984 1.2979329e-07 0.001983241 2.918918e-07 0.0016137741 4.4333774e-05 3.7779768e-07 0.5307179 0.015303247 1.7043094e-06 0.00060405215 0.061893404 0.003483283 1.6639189e-07 0.0005422551 5.5143005e-06 0.002479861 0.0025075155 0.0002473926 5.295074e-05 3.821982e-05 4.789409e-06 1.139121e-05 0.0001608401 1.3803189e-05 0.00039186148 0.0014097383 1.3144015e-07 6.1028366e-08 2.4538162e-05 1.5259376e-08 0.00065701414 4.4629173e-06 1.3004371e-05 5.3404885e-05 5.3633846e-07 0.09762764 0.004572177 0.0010266394 0.0003723367 5.7192334e-05 2.0588965e-07 0.0012132244 5.4558583e-05 0.00021731947 0.0026034687 8.173087e-05 1.9038374e-07 1.827074e-05 0.0013285568 1.1149262e-06
0.9510709 0.0009096688 0.00027406885 0.00062622095 0.0025146867 8.220943e-07 0.007719991 0.0008222583 6.5104445e-07 7.006576e-07 0.0009879256 7.761433e-05 2.56098e-05 4.494445e-07 0.81228983 0.18045667 0.1017889 0.116738066 0.011070093 0.7920837 8.899545e-07 0.97490644 0.07528742 5.786928e-08 0.0002562364 0.8924535 0.0014562024 0.09138254 1.0915022e-15 0.3143296 1.6242902e-08 0.0020721774 6.2203685e-06 5.82414e-06 0.018856227 0.00014255501 0.94138765 0.5898514 2.4875412e-06 0.0017851272 7.2726215e-07 0.00090648275 0.024093667 0.79632145 2.538181e-08 0.83767045 0.24551862 8.065342e-07 1.4685644e-07 0.056202315 0.48929018 1.0798381e-05 0.28380433 0.0001046343 0.47606292 0.008894594 0.00042161194 0.0036171295 0.110727385 2.1943148e-07 0.034483064 0.0028157458 0.07220184 3.9818724e-07 0.29813486 0.0032726957 0.02635827 0.0021916854 0.38936463 1.1284119e-06 0.058818918 0.0007905058 0.00037227015 0.0040636356 0.0011285197 0.0010996261 0.010517958 1.2362772e-06 7.715632e-09 0.0074998997 1.1988512e-08 0.0030469336 1.503049e-07 0.0030061356 0.0018373247 1.0324924e-06 0.00019310351 0.0009143725 0.19175942 0.00019227783 0.004347399 4.1035915e-07 2.9921805e-06 0.0045555765 0.08462512 0.00019685223 0.026794381 1.0806236e-06 0.00033144024 0.08209854 2.670835e-06
0.77938235 8.496959e-06 0.00013194788 0.00030172366 0.0037281536 1.4544007e-07 0.0030162456 3.3210166e-05 1.1740019e-06 1.1327792e-07 0.00028195386 3.2656478e-06 1.3858549e-05 9.038351e-08 0.5655892 0.012939461 0.13957882 0.4810513 0.020192813 0.080142185 8.008478e-09 0.046546157 0.002463802 1.7054711e-07 1.2634813e-05 0.9897902 0.019496538 0.69172895 0.3143296 4.1794816e-15 3.083277e-09 0.09905041 4.962698e-06 4.3480577e-06 0.97894967 2.5100646e-05 0.39200774 0.96535146 1.0903555e-06 0.00040222317 1.4577635e-06 0.0011773887 0.0012820846 0.03794153 1.738122e-07 0.009494301 0.00369897 4.910546e-07 2.0333625e-06 0.2399373 0.009878737 8.558866e-06 0.020719359 1.5470283e-05 0.012372203 0.00018023529 1.2470322e-05 0.10472919 0.07177107 2.6064783e-06 0.0040352396 0.038107958 0.057751585 7.898441e-08 0.009975606 8.6432985e-05 0.010657382 0.005800615 0.006459835 5.1485347e-07 0.00049607345 2.3303848e-05 3.6093224e-05 0.0013273797 7.852271e-05 0.0024864564 0.004623838 1.9243018e-07 1.110231e-08 0.0006214327 1.5016192e-07 0.0017183451 4.4564717e-07 0.00019187194 0.0001059672 1.9329501e-07 0.011387393 0.008567638 0.0032166305 0.00018055443 0.00016602091 3.4810244e-06 0.00012389541 0.00018419704 0.0021561007 0.0007024996 0.0003843997 1.992397e-06 1.0097112e-06 0.0025149083 1.3488717e-06
