1.827773e-18 0.23574422 0.2564966 0.733473 0.019540664 0.47289836 0.52785283 0.4033999 0.49268183 0.8322425 0.9580162 0.9629594 0.69986814 0.009912863 0.83406585 0.83975893 0.0019258488 0.7289211 0.013165195 0.8919064 0.8119023 0.92247885 0.0033545415 0.8053816 0.9708438 0.885508 0.8415992 0.9034041 0.6765876 0.80673075 0.38205144 0.46318063 0.8647731 0.7492518 0.9493606 0.93253356 0.9737954 0.25396007 0.80417925 0.95695895 0.9260229 0.9839448 0.72096205 0.9744198 0.35442236 0.36378378 0.68778867 0.8426454 6.340723e-05 0.9112558 0.8845573 0.85115075 0.0042736377 0.8631109 0.0021232255 0.795219 0.71384 0.94212085 0.74171096 0.40457824 0.002694368 0.7038674 0.87821263 0.48174438 0.051321976 0.89867204 0.9260428 0.00019068457 0.7370935 0.36137494 0.8415166 0.9139364 0.5300544 0.9998944 0.86364174 0.9912689 0.52186596 0.9078373 0.8094677 0.80863243 0.0023490926 0.3491217 0.8699022 0.88659245 0.80949944 0.99522024 0.82803524 0.83229697 0.89241284 0.974606 0.693668 0.99986166 0.311979 0.99460346 0.9997554 0.9984243 0.6635992 0.99917877 0.97382784 0.015742121 0.99879515
0.23574422 5.0766897e-17 0.9890929 0.9929825 0.14370623 0.29791203 0.5954665 0.021069007 0.6665558 0.6772344 0.48934865 0.0010938123 0.1672642 0.25321308 0.09289047 0.62399566 0.0005110442 0.0064597614 0.29719618 0.007976687 0.014442551 0.043787714 0.024371104 0.00019656951 0.02200363 0.0005108413 0.011436047 0.00025696025 0.00014632667 3.723202e-05 5.7137928e-05 0.008223943 0.00034778437 0.00016182972 0.00043828017 9.787343e-07 0.00016038978 7.585339e-06 1.7273365e-05 2.6813232e-05 5.1692455e-06 1.4861574e-05 9.316438e-07 7.0668684e-06 0.0005373597 7.445762e-05 1.1250813e-05 8.915622e-06 4.0862647e-05 4.159188e-07 9.658264e-07 7.059883e-06 1.358479e-06 2.667251e-06 2.5017824e-08 2.3570767e-05 4.310538e-07 1.5529772e-06 4.9071214e-06 3.0566307e-06 1.0115829e-08 3.781621e-07 9.004519e-07 1.6617502e-06 3.752654e-05 0.00019730142 6.4705074e-07 1.1266543e-05 2.310378e-07 0.0004418333 5.320551e-07 2.625535e-05 1.5226002e-06 7.46199e-07 1.3829857e-07 2.573774e-06 2.2209251e-06 1.4533762e-05 4.936568e-07 2.950302e-07 1.691768e-07 1.9233617e-06 2.0456355e-06 2.9735946e-07 2.1424096e-06 3.6622978e-06 1.0137849e-06 3.0142912e-06 4.150681e-07 1.5937361e-05 8.9120505e-08 1.2281038e-05 3.5377243e-10 6.10905e-06 3.7688685e-07 9.784408e-06 6.083199e-07 6.9075113e-06 7.2162497e-06 8.896901e-08 2.2597992e-06
0.2564966 0.9890929 5.124054e-14 0.7238001 0.021579111 0.024847355 0.9669304 0.001929855 0.9342445 0.48926452 0.33057675 0.00017851609 0.22718802 0.5008943 0.017773157 0.8093365 0.00018306293 0.00018870852 0.34849513 0.0006261028 0.041139048 0.036396254 0.09404026 4.129601e-05 0.016287379 0.0028884755 0.00070958567 1.28939555e-05 0.00045812377 2.9821501e-06 0.00019973038 0.08867563 0.0001137476 0.00112925 0.00010629291 1.5957626e-06 0.00010372196 6.644032e-05 7.3287185e-05 0.00077806914 3.6255056e-05 3.0300467e-05 1.5164494e-05 1.3788472e-06 0.0016772372 4.139557e-05 5.53492e-05 2.3729051e-05 0.0011115604 7.057806e-07 1.2507267e-05 3.7571715e-06 0.00065209303 7.082302e-07 2.6387675e-06 1.9916211e-05 2.962698e-06 3.8320754e-06 6.9695325e-06 3.2304629e-06 6.721218e-08 3.7456232e-06 1.0546603e-06 1.3696327e-06 0.0014617735 0.0067184567 2.8692338e-07 1.1910662e-05 7.559618e-07 0.0017166999 8.8957006e-07 2.7997388e-05 1.5280428e-05 5.4995116e-06 1.2940194e-06 1.7370168e-05 1.8465204e-06 2.6394357e-05 1.7422526e-07 7.5541334e-07 8.014332e-05 0.0003098498 6.2115537e-06 9.319654e-07 1.8531564e-05 3.132008e-05 1.6791256e-06 5.061273e-06 0.00017448142 0.0007468373 3.1931738e-06 2.9610077e-05 9.5720404e-11 2.8165488e-05 1.1143295e-05 7.88708e-05 1.2375406e-06 6.472847e-05 2.4499624e-05 5.2208948e-06 9.399462e-05
0.733473 0.9929825 0.7238001 1.8732816e-14 0.036527965 0.21006203 0.5981999 0.008415309 0.71666974 0.96177787 0.9046657 0.0007329008 0.39741153 0.095462285 0.2927201 0.28366315 0.00048577588 0.009699812 0.109620415 0.018045366 0.1360323 0.26536003 0.0057595153 0.0013753186 0.23984851 0.00789782 0.1097418 0.005479172 0.0009483488 0.0011266039 0.00027473405 0.003325281 0.0102505265 0.0003257831 0.021886494 1.1749578e-05 0.00868682 0.0003417189 0.00015186977 0.00011828307 3.966319e-05 0.0009897044 9.126428e-05 0.00010600338 0.0006704625 9.210862e-06 0.00020980545 0.00035396655 1.5774232e-05 1.0985807e-05 1.9507466e-05 0.00010132736 1.1205123e-05 8.5851614e-05 3.664572e-08 0.00047213433 8.162396e-06 2.8554758e-05 6.009806e-05 5.130787e-05 1.2662756e-08 3.1011332e-05 8.6246415e-05 1.8970013e-05 0.00023012844 0.00011246068 7.392301e-05 7.2106836e-06 2.3594022e-05 0.0005730923 5.938637e-06 0.00016641547 0.00011376723 5.8552017e-05 1.4683738e-05 4.5190896e-05 0.0001229764 0.00017478803 3.306193e-05 1.911836e-05 4.5145237e-07 2.0726802e-06 5.354763e-05 9.010365e-06 0.0001251306 6.3281695e-05 8.953296e-05 9.327906e-05 1.016323e-06 0.00065540074 6.3793623e-06 6.780044e-05 1.6052586e-09 9.8642005e-05 1.9642943e-05 6.4831576e-05 4.8423794e-07 0.00017982478 0.00022040497 6.051676e-07 5.1975603e-06
0.019540664 0.14370623 0.021579111 0.036527965 2.6853217e-15 0.98470646 0.015885195 0.9441957 5.4383418e-05 0.010611602 0.017165469 0.0602921 2.8980458e-05 0.0005417633 0.24428132 0.004475848 0.9998365 0.08101531 3.8883016e-05 0.022472894 3.134853e-07 2.7121847e-05 1.1391014e-05 0.005368382 4.7233498e-05 2.33977e-06 0.0008038701 0.00016361933 7.15602e-07 0.00062823406 0.5012337 1.2815325e-07 0.00021494273 3.2726095e-06 0.00012464037 0.0001487247 5.825501e-06 1.2118348e-06 3.111607e-06 8.567564e-06 0.0005322073 1.6307145e-06 6.625316e-07 3.665967e-06 2.5742725e-06 4.5054443e-05 7.787575e-07 7.2933744e-07 3.1534778e-06 2.2011654e-06 6.62398e-06 1.1064635e-05 2.6799808e-07 5.105598e-06 3.0901874e-06 4.717542e-05 1.167068e-05 1.0576039e-05 1.1663196e-06 1.8060273e-05 3.865045e-06 5.4611314e-07 6.3168886e-07 1.2475684e-05 7.169518e-07 1.7385282e-05 3.2588886e-07 0.0030804016 1.8766402e-06 2.4758308e-06 6.1482683e-06 5.1589843e-05 5.2759063e-08 1.5231833e-05 1.7467689e-06 8.5365955e-06 9.881318e-05 2.8372644e-05 1.7871806e-05 1.573826e-05 4.5477127e-06 3.448886e-06 0.00015688098 0.00012048149 1.444036e-06 2.6496728e-05 3.2664186e-05 6.281044e-05 2.0926444e-05 0.00010736897 3.0704498e-06 0.000114501185 1.6986552e-07 0.000106610256 9.732405e-06 0.0011291247 1.7877326e-07 0.00013073203 9.70516e-05 3.8790585e-08 9.706289e-07
0.47289836 0.29791203 0.024847355 0.21006203 0.98470646 1.09198175e-14 0.092502825 0.98186415 0.00030963268 0.033735685 0.20449549 0.85632104 0.00040203967 0.00024535882 0.92062974 0.0008367289 0.014082959 0.43571848 4.3208394e-05 0.22966051 3.5079686e-06 0.00037257024 4.636686e-05 0.04687814 0.003585749 2.0707985e-05 0.017014135 0.0041609225 3.7332159e-06 0.016921824 0.10467474 2.9428481e-06 0.0009000102 9.880733e-07 0.00093773915 0.0007935218 0.00010165762 2.593096e-07 1.6888514e-06 1.1397729e-07 0.0011716599 6.0898665e-06 6.795035e-07 9.734489e-05 1.1845441e-06 0.0002662075 3.3278806e-07 2.5450176e-05 5.0893075e-08 6.3063425e-07 1.0486063e-05 8.4519515e-06 4.72851e-07 2.1103515e-06 1.1293534e-07 2.5481118e-05 1.5956903e-07 5.302866e-05 2.0799382e-07 8.8348025e-07 9.646044e-08 3.812493e-08 4.930958e-06 2.7859937e-06 9.254702e-08 9.2368333e-07 9.175065e-06 7.29147e-05 7.325357e-07 2.6410271e-05 3.526492e-07 6.760417e-05 1.2083999e-07 5.7237976e-06 2.9299722e-06 1.1070937e-05 6.105967e-05 8.2326886e-05 7.22659e-05 2.5767802e-06 2.2948274e-08 5.0652835e-07 0.00017402376 1.9601419e-05 1.3018144e-05 3.874188e-05 6.9211244e-05 1.4096699e-05 4.7143867e-08 0.00011254319 1.6920837e-06 0.00010132987 5.606353e-10 2.0651973e-05 8.677728e-06 0.00019344024 3.3400929e-09 5.3332205e-05 4.833152e-05 1.6214509e-09 4.3658915e-06
0.52785283 0.5954665 0.9669304 0.5981999 0.015885195 0.092502825 1.12898596e-13 0.001693267 0.6005059 0.7163035 0.50809276 5.9034945e-05 0.27075422 0.9936495 0.018633751 0.93535143 0.00022633321 7.1210074e-05 0.059903882 0.00015857017 0.021639224 0.079169095 0.0022928712 1.5205738e-05 0.008999965 0.0006143149 5.0769242e-05 1.2602273e-05 2.0186235e-05 3.0204208e-06 1.769227e-05 0.0048955064 1.6427678e-06 0.00019358752 2.5595125e-05 4.4344475e-07 1.950875e-05 8.5847427e-07 1.6096576e-06 1.2636101e-05 5.0426068e-05 1.324011e-05 6.9407486e-07 9.83942e-06 5.620517e-05 6.507328e-05 3.5781093e-06 1.174041e-06 0.00035946575 1.4447542e-07 7.406145e-07 1.853263e-06 3.117207e-07 9.0137627e-07 3.996701e-06 5.679913e-07 2.3868245e-07 1.48104255e-05 9.754599e-07 1.2370089e-07 6.1122144e-08 4.3509343e-07 9.6387616e-08 1.1242591e-08 0.00014061098 0.00016861413 1.3690188e-06 1.4984621e-05 6.6961866e-07 0.00016911901 5.4040505e-08 0.00015599927 9.3956527e-07 1.5525457e-05 1.5167648e-05 5.120768e-06 1.7206547e-05 0.00013695819 4.1866297e-06 9.4128353e-07 8.1646715e-07 7.0709602e-06 0.00014905867 1.322906e-06 3.578518e-06 1.4923697e-05 3.076001e-06 5.8725122e-06 8.575374e-05 0.0066904137 2.2580457e-06 4.0771443e-05 4.3124615e-09 0.00016480907 4.460807e-06 0.00046954994 5.6300518e-08 0.00010521619 0.00020840357 2.1645371e-07 4.1665768e-05
0.4033999 0.021069007 0.001929855 0.008415309 0.9441957 0.98186415 0.001693267 1.065539e-14 1.1939748e-06 0.00026637915 0.005059071 0.99023813 4.7261472e-07 1.1081754e-05 0.41523916 0.00011078304 0.1269974 0.4317018 2.367713e-07 0.16022652 2.003429e-08 5.088897e-07 1.20918485e-05 0.15616697 8.497806e-05 2.8920944e-08 0.0042679724 0.008351962 7.2829245e-08 0.078718856 0.5884458 2.1910068e-07 0.00034242176 9.491693e-07 5.0889554e-05 0.014232139 1.0810807e-05 1.6481431e-07 1.0563517e-07 2.2920128e-06 0.032292526 3.33274e-07 7.2736235e-08 0.0007029986 1.1455426e-06 0.003966213 1.1581911e-07 1.1379213e-05 5.4725618e-08 1.2499031e-08 1.0521427e-06 9.4532095e-07 1.2618364e-07 1.4859886e-07 1.2821243e-05 8.521011e-06 6.920791e-08 0.0015039346 1.103745e-06 4.2810495e-07 1.9422041e-05 3.40403e-08 2.2231904e-06 2.731666e-07 1.6145675e-07 2.5506746e-05 3.242641e-05 0.003484265 7.466567e-07 1.4752516e-05 3.4018235e-08 0.0045276084 4.4427843e-08 4.9566574e-06 0.0003101975 1.463829e-06 0.000360593 0.001164326 0.00023230967 6.207843e-07 1.3926648e-07 2.8381965e-06 0.011755307 0.00055223895 0.0002975083 2.1754453e-05 0.0008275187 0.00046713516 2.158904e-06 0.005952705 7.013328e-07 0.0024828084 6.9001462e-09 0.007295525 0.0001762068 0.01022597 5.5837248e-08 0.0010965739 0.0032815482 7.2877604e-08 1.4742292e-05
0.49268183 0.6665558 0.9342445 0.71666974 5.4383418e-05 0.00030963268 0.6005059 1.1939748e-06 4.4901962e-14 0.7074788 0.10451945 1.7835163e-07 0.9881101 0.4930231 0.00095362525 0.96414876 1.2722123e-05 8.836573e-05 0.52563703 9.562772e-05 0.83725107 0.25639278 0.4659361 1.5258352e-05 0.049263645 0.015886012 0.0048970175 2.4992012e-05 0.0047838106 1.7902125e-06 5.4477237e-06 0.377001 0.0039385566 0.014449667 0.0046398877 1.8053946e-06 0.002309953 0.0011004139 0.0007720826 0.008129046 2.3936439e-06 0.0015030492 0.00027982984 2.3817847e-06 0.007772718 6.127617e-06 0.00093073625 0.00030243062 0.00043892642 4.4463177e-05 0.00019269086 0.0002293152 0.014258883 8.3692925e-05 7.3657525e-08 0.0007634253 5.8985537e-05 2.1724838e-06 7.73402e-05 3.831686e-05 5.5052327e-09 6.4620406e-05 7.200648e-05 1.9732015e-05 0.00071845285 0.001406429 1.3059689e-05 2.1681972e-06 4.5205015e-06 0.00080669124 2.4340272e-06 8.110275e-06 3.499106e-05 2.8315526e-05 3.3534377e-07 6.250035e-06 2.758047e-05 2.4213132e-05 4.392553e-06 2.7532494e-06 1.3018553e-05 5.791171e-05 6.0005965e-07 1.6066626e-06 1.5731493e-05 1.3686489e-05 4.2218485e-06 5.5584724e-06 0.00019980638 0.0006294716 4.188047e-06 1.4266022e-05 8.7418397e-07 3.0724711e-06 1.0836097e-05 1.0555256e-06 8.437037e-06 0.000101491576 3.109975e-06 3.9700466e-05 1.3743201e-05
0.8322425 0.6772344 0.48926452 0.96177787 0.010611602 0.033735685 0.7163035 0.00026637915 0.7074788 1.0666159e-12 0.9911571 0.00017068503 0.92682004 0.040978994 0.07590676 0.4265769 1.5461108e-05 0.0024305305 0.065251686 0.0074375793 0.6567407 0.72189856 0.015788926 0.00037501176 0.5660322 0.059055742 0.1755982 0.0047573866 0.0051807966 0.0004761876 6.9183065e-05 0.011179011 0.013816328 0.00097459846 0.056331173 2.3534154e-05 0.026916262 0.00022039551 0.00020237111 0.0008103048 9.244607e-05 0.0021137851 0.00013256326 0.00013976538 0.00091397675 2.1337132e-06 0.00019772355 0.0014114146 2.164597e-05 4.989432e-05 0.00025700266 0.00022501715 0.00026734243 0.00046253638 2.9232346e-08 0.00039507388 2.6543416e-05 5.9019632e-05 0.0002155341 0.00013849465 9.030902e-09 0.00019850857 0.0005867388 5.1570805e-05 9.394479e-05 0.00019136684 0.0005974693 4.1204953e-06 0.000144021 0.0005307203 5.1520838e-06 0.00015189093 8.080456e-05 0.00043008005 6.462818e-05 0.00012440738 0.00091709505 0.0008243535 0.00024999463 6.504629e-05 5.2509324e-07 8.921755e-06 3.6560043e-05 8.686699e-05 0.00032321177 5.022636e-05 0.00035939584 0.00024621974 2.6379987e-05 0.0018043843 1.7447186e-05 8.221336e-05 8.7878334e-08 3.4056782e-05 5.319191e-05 1.5452384e-05 6.08246e-06 0.00020170138 5.7747864e-05 4.6001614e-06 1.2179007e-05
0.9580162 0.48934865 0.33057675 0.9046657 0.017165469 0.20449549 0.50809276 0.005059071 0.10451945 0.9911571 6.6492527e-15 0.0031187714 0.44820693 0.008607776 0.764735 0.12971023 0.00015214637 0.05417265 0.015559053 0.22294953 0.17776525 0.7075902 0.0025917685 0.005301373 0.91993624 0.07242081 0.73032403 0.099473715 0.0025957758 0.0067120558 0.00024399583 0.0007319868 0.15120496 0.00018063624 0.65043277 0.00016624478 0.34720376 0.00023899626 5.768473e-05 7.443127e-05 0.0003243063 0.0021918535 3.444148e-05 0.0011156858 0.00015942217 1.6768605e-05 4.1385465e-05 0.0041138213 1.307743e-06 6.648307e-06 0.001806248 0.00055124605 1.2875923e-06 0.0017386916 1.5660703e-07 0.000685868 5.188156e-06 0.00037849837 0.00011745584 0.00010685791 1.9433202e-08 3.193681e-05 0.0012754797 3.254004e-05 1.4667364e-05 6.42484e-05 0.0011579561 5.9773593e-06 0.00018777502 0.00019064239 3.7697332e-06 0.00074725086 3.7434107e-05 0.0021119255 0.00044315876 0.00011417983 0.0019427082 0.002903148 0.0007212314 5.1586987e-05 1.9852799e-07 1.5785965e-06 0.00029228948 0.00069043867 0.0010305863 9.47676e-05 0.0010955051 0.0005707522 5.5513096e-06 0.010873868 0.00017870484 0.0003476647 6.038597e-08 0.0006374737 0.00048645324 0.00017735049 1.7041785e-07 0.001476434 0.00038252768 3.67466e-07 3.2648306e-05
0.9629594 0.0010938123 0.00017851609 0.0007329008 0.0602921 0.85632104 5.9034945e-05 0.99023813 1.7835163e-07 0.00017068503 0.0031187714 2.537423e-14 1.1396344e-06 6.6276476e-07 0.8705017 0.000298099 0.0045645745 0.9204014 6.533566e-08 0.5040492 3.83489e-08 7.825962e-07 4.7320736e-07 0.7059648 0.00053987873 2.0718756e-08 0.046966832 0.1643748 7.924698e-08 0.48465064 0.8573804 7.181579e-08 0.00618121 1.3602856e-07 0.0013571279 0.23064683 8.745325e-05 2.4910653e-07 5.1997016e-08 2.5926447e-06 0.25883588 2.712001e-07 2.98754e-07 0.009651774 1.6651795e-05 0.0010240912 1.5348311e-07 0.0001922949 3.5174217e-08 3.946077e-09 2.7466056e-05 6.232901e-07 1.6977152e-08 1.1202078e-05 1.16499405e-05 3.384253e-06 8.117908e-07 0.019709133 2.0390046e-07 3.007968e-06 6.589157e-06 1.2598889e-08 0.00016136249 1.6497733e-06 2.470586e-07 1.8213086e-07 0.0010232164 0.00014530623 2.2665029e-06 2.773936e-06 2.111806e-07 0.07432726 4.038918e-08 0.0003571034 0.0027584222 2.5910245e-05 0.0033246803 0.009548143 0.002786686 3.22552e-05 8.5850814e-08 1.3037295e-06 0.05581099 0.0043968917 0.0016983063 0.00032397092 0.0037705875 0.003641447 2.2532786e-06 0.013903572 1.2454049e-05 0.0037502893 6.845626e-09 0.020732958 0.0020774386 0.0322036 1.6439565e-09 0.0024979573 0.009491151 6.194256e-10 4.1399853e-06
0.69986814 0.1672642 0.22718802 0.39741153 2.8980458e-05 0.00040203967 0.27075422 4.7261472e-07 0.9881101 0.92682004 0.44820693 1.1396344e-06 2.1904576e-16 0.02016214 0.0008159757 0.5474255 1.3949624e-06 7.834939e-05 0.08313031 6.733437e-05 0.9759792 0.70083505 0.0632449 6.4358687e-06 0.22593462 0.098347254 0.023763886 0.00018601726 0.015239034 7.778917e-06 7.4096242e-06 0.057214558 0.005537195 0.008650755 0.015872806 1.4720949e-07 0.014039472 0.000898782 0.00052630925 0.0064264457 9.661397e-07 0.0031209863 0.00020105245 1.84801e-05 0.0010782406 3.0634666e-07 0.0001918357 0.0005218523 0.00012513262 8.09745e-05 0.00013553281 9.700913e-05 0.0022385458 0.00010852702 7.717294e-09 0.00023425299 2.0959777e-05 4.2807947e-06 3.578442e-05 4.4090746e-05 3.3547629e-10 6.560699e-05 0.00023523084 1.274815e-05 0.00013184725 0.00010077488 0.00019894485 6.3642403e-07 1.4667798e-05 0.00031773263 1.8375507e-06 2.1448375e-05 5.8032187e-05 0.00016264047 9.893641e-07 1.9982437e-05 0.00011016817 7.92976e-05 1.1030204e-05 1.901651e-05 1.0360017e-06 7.757633e-06 3.8862904e-06 2.3637726e-06 3.839397e-05 3.1913518e-05 1.0377306e-05 5.261135e-06 2.0702197e-05 0.0005107843 3.3444823e-05 7.521968e-06 1.5672754e-08 4.025198e-06 1.2553632e-05 1.6282762e-06 1.4317494e-06 9.2309165e-05 6.888585e-06 1.091538e-05 4.3730483e-07
0.009912863 0.25321308 0.5008943 0.095462285 0.0005417633 0.00024535882 0.9936495 1.1081754e-05 0.4930231 0.040978994 0.008607776 6.6276476e-07 0.02016214 7.645773e-15 1.0262464e-05 0.8777768 2.4792933e-05 1.0942973e-06 0.99720293 3.6693596e-06 0.0067400327 0.000583939 0.39783552 6.2560787e-07 0.00040746602 0.00018277354 4.3773963e-07 4.699014e-06 1.7720806e-05 1.0520528e-07 2.020061e-06 0.023502741 2.4338541e-07 0.00025358322 3.180491e-06 3.434904e-07 9.9182e-06 2.5376366e-06 1.6452192e-05 6.1771843e-06 1.6622742e-07 1.3575219e-06 5.073698e-06 3.3116155e-06 0.00015774167 2.0036041e-05 4.7289586e-06 1.941129e-06 0.31378025 2.1196166e-07 2.797382e-07 2.9128338e-07 0.008246703 6.2148627e-07 1.2310846e-07 6.67605e-07 4.3172786e-06 1.3959869e-06 1.6833922e-06 1.2504223e-07 3.4245748e-09 1.4256214e-07 1.167826e-07 1.6055986e-07 0.00017888522 2.1538668e-05 2.1869612e-07 3.6094255e-07 1.9847477e-07 5.597179e-05 6.974739e-08 4.6901177e-06 1.0410185e-07 3.304495e-06 7.0844493e-07 1.2893163e-06 7.021021e-06 1.9889752e-05 6.221564e-07 2.2872428e-07 9.215202e-06 4.6321726e-05 5.574692e-07 3.5076656e-07 1.0616783e-07 3.2626e-06 3.097898e-06 3.9141123e-06 9.0281475e-07 1.1638891e-05 5.393879e-07 1.2092321e-05 2.311674e-09 3.860271e-06 2.8390912e-07 6.236049e-06 2.6237464e-08 7.994541e-06 2.5936663e-06 1.5270747e-06 1.0397173e-06
0.83406585 0.09289047 0.017773157 0.2927201 0.24428132 0.92062974 0.018633751 0.41523916 0.00095362525 0.07590676 0.764735 0.8705017 0.0008159757 1.0262464e-05 1.4066002e-14 0.0010333691 0.0009900609 0.97997147 2.7472108e-05 0.9718448 0.00023495349 0.003759003 0.00014140102 0.20976362 0.03302284 0.00019111695 0.18303834 0.038015746 0.00015048227 0.034216415 0.030739838 1.180333e-05 0.007237284 1.1949629e-05 0.017413134 0.0010075532 0.0017509611 1.615122e-05 2.2933695e-05 1.037308e-07 0.0009964358 3.6456706e-05 2.706744e-06 0.0024392733 5.667811e-06 4.65454e-05 5.8899896e-06 0.0013885053 2.5981542e-08 4.092873e-06 0.00035969264 0.00012129021 9.4548506e-07 0.00023949912 4.0181025e-08 0.00019981628 1.8102216e-06 0.0005126888 1.4119193e-05 2.7738899e-05 1.6860977e-08 6.6990065e-06 0.00027266055 2.1144886e-05 1.3732772e-07 1.4265328e-05 0.00075808045 1.4144874e-06 9.7215925e-05 4.369438e-05 1.1472798e-06 0.0006133783 2.579902e-05 0.00023231166 0.00018926672 0.0004767606 0.00063358666 0.0018449865 0.00053542934 7.510632e-05 9.789168e-08 5.6338894e-07 0.00065214216 0.00023402991 0.00046113448 0.00025391256 0.00035394728 0.00014142987 5.3188717e-07 0.006070743 1.816516e-05 0.001062543 5.849971e-09 0.0003696697 0.00044067376 0.00015965209 2.3488523e-07 0.0012314393 0.00010273387 1.2638987e-08 4.966895e-05
0.83975893 0.62399566 0.8093365 0.28366315 0.004475848 0.0008367289 0.93535143 0.00011078304 0.96414876 0.4265769 0.12971023 0.000298099 0.5474255 0.8777768 0.0010333691 3.076521e-13 0.0003392781 3.9406506e-05 0.8036733 3.4613233e-05 0.60652256 0.25595537 0.9055914 3.9705614e-05 0.06562094 0.07593133 0.0010445729 0.00027519686 0.029576493 4.58346e-06 0.00018715838 0.809564 0.0008529585 0.18533827 0.0022468755 2.3670515e-05 0.0039193905 0.021893455 0.01853217 0.08624043 3.439369e-05 0.0043819034 0.004684113 0.00012355889 0.12070993 4.919316e-05 0.00473743 0.00031599717 0.005757967 0.0005278202 0.00012686774 0.00037696524 0.5346792 0.00014400025 0.00017787289 0.0010380499 0.0012378199 0.00016635645 8.526421e-05 2.269545e-05 2.851973e-07 0.00024723224 8.8047585e-05 6.590068e-06 0.06370177 0.010178412 0.00038687553 6.361337e-06 1.3408475e-05 0.019837763 3.228139e-05 0.00093937805 0.00018854735 0.00020302393 6.634187e-05 6.0443683e-05 0.0004163062 0.0055593206 0.00028102557 1.7580573e-05 0.0055639376 0.020592056 1.7137669e-05 1.0845681e-05 0.002236763 9.68942e-05 1.9605084e-05 0.0006143425 0.0019834915 0.0348558 0.0003907528 0.0010678986 5.4471316e-06 0.0001268779 8.022614e-05 5.7489024e-06 1.5383746e-05 0.00062482833 0.0002075592 0.00039368775 5.888813e-05
0.0019258488 0.0005110442 0.00018306293 0.00048577588 0.9998365 0.014082959 0.00022633321 0.1269974 1.2722123e-05 1.5461108e-05 0.00015214637 0.0045645745 1.3949624e-06 2.4792933e-05 0.0009900609 0.0003392781 2.3237208e-16 0.0021672256 3.377725e-07 0.00035464976 6.2746375e-07 9.36136e-07 4.370311e-06 0.0002676603 1.8874613e-06 4.8384904e-06 8.444338e-06 1.7104097e-05 3.937046e-06 7.098206e-05 0.03982969 1.484241e-05 2.1634053e-06 4.1100582e-05 1.9556457e-05 5.9392514e-05 1.0719611e-05 8.6568855e-07 4.1058797e-06 2.2638417e-06 0.00023140929 4.2147967e-06 1.7211396e-06 5.47969e-06 1.0680957e-05 0.00015680378 3.301528e-06 1.4624247e-05 7.157675e-08 3.8642675e-06 8.007361e-06 3.0736667e-06 3.8917307e-08 4.1822277e-06 3.2923355e-05 1.759602e-05 7.022012e-06 0.00014743734 1.2804942e-05 1.492023e-06 9.692387e-05 1.0013258e-05 1.6066824e-06 3.2827936e-06 3.4161098e-07 0.00014357599 7.0824067e-06 0.9997976 4.8445386e-06 1.5378451e-05 3.7635332e-06 0.0008556291 2.2584472e-05 8.015543e-06 8.6831205e-05 1.97251e-06 5.2542386e-05 4.855045e-05 1.8280954e-05 1.3606269e-05 1.6790975e-07 1.1713279e-06 0.00047790565 2.3234146e-05 1.078133e-05 5.548568e-06 7.891022e-05 6.105617e-05 5.828418e-06 6.27459e-05 1.8588238e-05 7.305498e-06 1.3797693e-08 6.827203e-05 5.6478525e-06 0.0011682662 2.2353842e-07 8.074089e-06 5.9290935e-05 1.3827331e-08 1.0508701e-06
0.7289211 0.0064597614 0.00018870852 0.009699812 0.08101531 0.43571848 7.1210074e-05 0.4317018 8.836573e-05 0.0024305305 0.05417265 0.9204014 7.834939e-05 1.0942973e-06 0.97997147 3.9406506e-05 0.0021672256 1.7022953e-17 4.4842463e-07 0.9567301 1.7302705e-06 2.5435937e-05 2.986228e-06 0.958784 0.001242309 4.189102e-06 0.21545872 0.29085866 1.9472477e-06 0.45543858 0.19520004 7.49301e-07 0.0064774537 3.5832823e-06 0.0030509518 0.1017791 6.863644e-05 6.0838323e-07 2.3643213e-07 2.2658902e-07 0.04426457 5.612209e-07 2.4671158e-07 0.025741119 7.038636e-07 0.00655413 5.2605003e-07 0.0004331127 6.7358924e-10 3.699673e-08 2.5900585e-05 2.737274e-06 3.0995466e-08 1.8165125e-05 6.4457145e-06 1.2191883e-05 5.004464e-08 0.011579345 1.3998477e-06 1.449537e-06 1.5018377e-06 1.99616e-07 0.00022591786 6.603792e-07 3.1352143e-09 6.135154e-06 0.001244431 4.1509702e-05 3.072537e-05 7.3171286e-06 2.0572398e-07 0.021433052 3.7356665e-06 0.00022922382 0.0012836414 0.00013149841 0.0030954601 0.0038407594 0.0012728835 6.689271e-06 9.336721e-08 2.7239278e-08 0.018389013 0.00090507005 0.0020347566 4.9086684e-05 0.0012210525 0.001002341 2.5357474e-06 0.0051838043 1.3098925e-06 0.0028813225 1.1030099e-09 0.0056917635 0.0008882524 0.005033975 1.8398451e-07 0.0015256235 0.0018713905 1.8618673e-08 4.3648715e-06
0.013165195 0.29719618 0.34849513 0.109620415 3.8883016e-05 4.3208394e-05 0.059903882 2.367713e-07 0.52563703 0.065251686 0.015559053 6.533566e-08 0.08313031 0.99720293 2.7472108e-05 0.8036733 3.377725e-07 4.4842463e-07 8.666848e-20 7.228468e-08 0.17475474 0.01295279 0.9974001 6.332936e-08 0.0019248105 0.00632582 1.1689928e-05 7.4940607e-07 0.0061032306 6.839547e-08 1.6126823e-07 0.27994284 1.1571981e-06 0.018437888 1.1824365e-05 1.656528e-07 4.4095203e-05 0.0005788474 0.00059402094 0.0035335268 1.2499014e-07 3.230948e-05 5.988963e-05 2.4610435e-07 0.0015365594 9.09638e-07 8.6043816e-05 1.4010953e-06 0.025474925 5.0554263e-06 1.7584166e-06 2.0375574e-06 0.013055804 1.0966888e-06 1.6955664e-08 4.575847e-06 1.427631e-05 2.1633332e-06 1.732269e-05 1.7443617e-06 2.1664514e-11 1.573165e-06 2.5837798e-07 1.6063209e-06 0.00089320267 0.00034684854 4.4130326e-07 1.2122381e-08 2.4749062e-07 0.00024000605 6.159918e-08 2.1235105e-06 6.0000644e-07 2.1445887e-06 1.4262763e-06 4.0932613e-07 4.2062777e-05 0.00012089642 1.5812295e-05 6.559385e-07 3.5962283e-05 0.0014518691 1.0740763e-07 7.321592e-07 5.402121e-07 1.1604561e-06 4.4473286e-06 7.392036e-06 5.584864e-06 0.0001423446 1.0592814e-05 1.1311437e-05 4.1357662e-10 2.6308774e-06 1.8201845e-06 1.6850922e-07 1.4550722e-07 3.5826415e-05 1.14153735e-07 1.4342921e-05 6.270085e-07
0.8919064 0.007976687 0.0006261028 0.018045366 0.022472894 0.22966051 0.00015857017 0.16022652 9.562772e-05 0.0074375793 0.22294953 0.5040492 6.733437e-05 3.6693596e-06 0.9718448 3.4613233e-05 0.00035464976 0.9567301 7.228468e-08 3.5316404e-19 1.5872442e-05 0.00036669723 5.7671223e-06 0.9553703 0.018303486 1.5681031e-05 0.6188468 0.88261956 5.0010963e-06 0.4745184 0.01982449 3.71869e-06 0.14457886 1.5841418e-06 0.07018065 0.043992694 0.0014787731 7.2286235e-07 1.3201326e-07 1.7352194e-08 0.0040765083 1.5713703e-06 4.5283365e-08 0.1745476 1.1428833e-06 5.0707018e-05 1.713943e-07 0.0022239785 6.697795e-09 2.1193143e-08 0.00015239905 7.6296965e-06 2.8279025e-08 6.570624e-05 9.628173e-09 9.391742e-06 2.989442e-08 0.033136275 2.928627e-07 1.8925477e-06 1.5516921e-08 1.5091621e-07 0.0018769427 4.465427e-07 2.0873967e-08 2.8740592e-07 0.016321896 1.8201515e-06 2.1228192e-05 6.114389e-06 5.163884e-08 0.05248034 2.7014573e-06 0.0014731064 0.0038540068 0.00012469245 0.009775759 0.03731582 0.0071235313 1.0588351e-05 5.37418e-08 7.6136686e-08 0.0073325112 0.0031544617 0.0060662464 0.00032822302 0.0034558761 0.0026722876 2.1440357e-07 0.032070495 0.0001027132 0.0073331166 4.273916e-10 0.0030761098 0.0022342708 0.0010325825 1.3149682e-07 0.008664522 0.0007489839 5.0950644e-09 0.000106075284
0.8119023 0.014442551 0.041139048 0.1360323 3.134853e-07 3.5079686e-06 0.021639224 2.003429e-08 0.83725107 0.6567407 0.17776525 3.83489e-08 0.9759792 0.0067400327 0.00023495349 0.60652256 6.2746375e-07 1.7302705e-06 0.17475474 1.5872442e-05 3.6553372e-15 0.94333196 0.16237232 4.2973766e-06 0.38595474 0.9326695 0.00411347 2.7484371e-05 0.8208253 4.7712894e-07 2.4685445e-05 0.50234044 0.0019088291 0.8723982 0.018900761 1.6171441e-07 0.06589399 0.1691361 0.14481689 0.41034836 4.0707678e-07 0.027598944 0.016203508 8.960115e-06 0.08590233 4.949268e-07 0.007589414 0.0023229849 2.208741e-05 0.0031400805 0.0017407008 0.0014403107 0.01359568 0.0028636982 6.0574092e-09 0.0016532147 0.00059634645 3.993228e-07 0.0002873362 0.00015958739 3.0909195e-09 0.0004738288 0.0006027229 4.4075234e-05 0.0020665913 0.0010145617 0.0003921471 2.5499274e-09 0.00018372423 0.0009943763 8.12067e-06 5.5185274e-07 0.00017739617 0.000983511 3.3410377e-08 0.0003911109 6.563399e-06 3.780276e-05 6.6584374e-07 2.3062681e-05 8.229042e-06 3.949368e-05 3.4337708e-07 2.3122428e-07 1.134018e-05 9.9684345e-05 1.578129e-07 6.513071e-07 3.864052e-05 0.00070559356 2.0185924e-05 6.5317904e-06 1.890579e-07 5.863276e-07 7.2985204e-06 7.285978e-07 2.1045112e-06 5.6686193e-05 5.958058e-07 1.2515063e-06 6.6082503e-06
0.92247885 0.043787714 0.036396254 0.26536003 2.7121847e-05 0.00037257024 0.079169095 5.088897e-07 0.25639278 0.72189856 0.7075902 7.825962e-07 0.70083505 0.000583939 0.003759003 0.25595537 9.36136e-07 2.5435937e-05 0.01295279 0.00036669723 0.94333196 1.7447071e-16 0.009091251 6.2496592e-06 0.96331406 0.96708757 0.090003684 0.00035667844 0.28544307 1.9074778e-05 4.119985e-06 0.009240143 0.00937829 0.019955622 0.3064703 3.0226352e-07 0.5603211 0.004203842 0.049113646 0.0073678046 3.0513356e-06 0.042645052 0.0022764103 2.4933399e-05 0.0024631443 1.4252694e-07 7.50104e-05 0.008222931 8.3374016e-07 0.0013646906 0.0036615715 0.0047256052 5.2290492e-05 0.008441499 5.2019537e-08 0.0063721095 1.6775883e-05 8.5928805e-06 0.0011763567 0.0006881612 7.0765044e-10 6.867571e-05 0.0019940843 0.00010542219 1.24595035e-05 3.615041e-05 0.0018125151 1.1288775e-07 0.00036076325 0.00011869914 2.0893767e-06 2.8989305e-05 9.569236e-06 0.006408495 2.6128757e-05 3.5934e-05 0.00045316922 0.00097060634 0.000108257525 9.687987e-05 6.5281974e-08 2.8146674e-06 6.701729e-06 1.9968587e-05 0.00020773643 3.651499e-05 5.037598e-05 0.00012510146 8.14981e-06 0.009630857 0.00019249525 2.7815777e-05 2.095279e-08 1.3194342e-05 9.2472175e-05 2.0848067e-06 1.0503201e-06 0.00068316935 2.275429e-05 3.770087e-07 8.106076e-06
0.0033545415 0.024371104 0.09404026 0.0057595153 1.1391014e-05 4.636686e-05 0.0022928712 1.20918485e-05 0.4659361 0.015788926 0.0025917685 4.7320736e-07 0.0632449 0.39783552 0.00014140102 0.9055914 4.370311e-06 2.986228e-06 0.9974001 5.7671223e-06 0.16237232 0.009091251 1.0053669e-14 1.0486551e-05 0.002914372 0.004114068 2.0542444e-05 1.5436683e-05 0.007622417 2.07653e-06 8.193826e-06 0.5129996 1.1584574e-05 0.038711376 9.046652e-05 1.5111236e-05 0.0014446544 0.002873773 0.002840956 0.029873565 1.5824846e-05 0.00081037084 0.0011112113 1.710971e-05 0.06571902 9.224813e-06 0.0020056851 0.00024997268 0.9807838 0.0002646608 0.00012218917 0.00022849723 0.60328674 8.833109e-05 1.05035255e-07 5.4826676e-05 0.0012329952 4.5949677e-05 0.00033037958 7.659908e-06 4.8508025e-10 0.00010279914 7.889969e-05 2.4163213e-05 0.032725412 0.013216891 6.721792e-05 1.8235793e-08 5.2541982e-05 0.0035594248 3.9448583e-05 2.474758e-05 0.00042344377 5.1247473e-05 1.4592009e-05 0.00021530526 0.000177406 0.00027329262 1.810392e-05 0.0001009797 0.0017186131 0.020254264 1.8145395e-06 5.606555e-05 2.6021135e-05 0.00016461429 6.1102015e-05 0.00019325844 0.00024606366 0.0003930635 0.0001230015 0.0001314123 1.3292031e-05 2.6145482e-05 0.00012236153 2.6031904e-07 3.575771e-05 0.0006935922 3.5482058e-06 0.00058579614 0.00011471541
0.8053816 0.00019656951 4.129601e-05 0.0013753186 0.005368382 0.04687814 1.5205738e-05 0.15616697 1.5258352e-05 0.00037501176 0.005301373 0.7059648 6.4358687e-06 6.2560787e-07 0.20976362 3.9705614e-05 0.0002676603 0.958784 6.332936e-08 0.9553703 4.2973766e-06 6.2496592e-06 1.0486551e-05 7.468962e-14 0.00041242957 1.1374531e-06 0.102353066 0.69570094 4.018442e-07 0.98729295 0.03633692 2.4520111e-06 0.01760778 2.146327e-05 0.0052808686 0.5925745 0.00016352089 1.2388089e-06 2.1382874e-07 6.41448e-09 0.03976371 6.18806e-07 2.7457517e-07 0.26764485 4.4493757e-07 0.008993857 5.724963e-07 0.00036968975 2.7692906e-07 2.289485e-08 5.7171885e-05 1.5641182e-05 4.356703e-08 2.3165425e-05 1.4384604e-05 7.5509474e-06 2.544838e-07 0.08063369 5.9574413e-06 2.3711668e-06 6.176316e-05 7.0286404e-07 0.00068880164 4.394891e-06 4.8482725e-08 2.8983318e-06 0.0043748985 8.344816e-05 1.190654e-05 3.0797713e-05 1.3318335e-07 0.069449 1.0334765e-06 0.00028310332 0.011926981 8.204739e-05 0.0124238245 0.025042545 0.012900968 4.590222e-06 6.955276e-08 3.2490905e-06 0.0210884 0.006584412 0.005040996 5.5355373e-05 0.0073495978 0.009463098 8.943545e-06 0.006152372 1.1792151e-06 0.013186348 3.678557e-08 0.012691615 0.0033541927 0.008588699 8.022296e-06 0.0042043533 0.0034849874 5.593102e-07 4.9048034e-05
0.9708438 0.02200363 0.016287379 0.23984851 4.7233498e-05 0.003585749 0.008999965 8.497806e-05 0.049263645 0.5660322 0.91993624 0.00053987873 0.22593462 0.00040746602 0.03302284 0.06562094 1.8874613e-06 0.001242309 0.0019248105 0.018303486 0.38595474 0.96331406 0.002914372 0.00041242957 1.6167813e-13 0.7157889 0.44441342 0.0120023405 0.105689116 0.00038305667 0.000113806615 0.0025485433 0.085312165 0.0053678704 0.88196814 2.2353586e-05 0.9658601 0.0025831899 0.018843694 0.0023634448 2.0502048e-05 0.07467683 0.0031362239 0.0010643975 0.0014496264 4.72906e-07 0.0011894295 0.19034234 8.9130026e-08 0.0039027315 0.091548294 0.014954128 2.0666848e-05 0.103952594 4.770086e-08 0.01902975 0.00052572857 0.0002689281 0.0012257159 0.0028291987 1.0978225e-07 0.00083819084 0.038144857 0.00083539734 4.3209882e-05 0.0005996195 0.030103598 7.2037585e-07 0.004161972 0.0001384087 0.00020956031 0.0001884163 0.00022790811 0.085400894 0.00023064915 0.0017116794 0.0021139614 0.015403567 0.00044567528 0.0007853061 3.8245176e-08 5.958751e-05 0.00011676853 0.0003835419 0.0008843276 0.0006841636 0.00050469895 0.00056026527 7.0280454e-05 0.08947315 0.0004200872 0.00057618757 1.6598378e-07 0.00040315258 0.0009913439 0.00021708499 7.52318e-06 0.009519179 7.995811e-05 1.6259423e-06 0.00019049429
0.885508 0.0005108413 0.0028884755 0.00789782 2.33977e-06 2.0707985e-05 0.0006143149 2.8920944e-08 0.015886012 0.059055742 0.07242081 2.0718756e-08 0.098347254 0.00018277354 0.00019111695 0.07593133 4.8384904e-06 4.189102e-06 0.00632582 1.5681031e-05 0.9326695 0.96708757 0.004114068 1.1374531e-06 0.7157889 3.1997574e-14 0.010063386 4.892946e-05 0.9894917 3.8770763e-06 4.7045196e-06 0.0148068825 0.0030599895 0.25996053 0.15504202 6.128324e-08 0.83885413 0.11868568 0.5350301 0.059562348 5.381845e-07 0.57580036 0.0916231 2.2242371e-05 0.010459007 1.3670846e-07 0.0041935453 0.02464883 5.462683e-07 0.062609546 0.05175353 0.08128824 0.0005869677 0.08759573 4.1237033e-08 0.13418087 0.0017539392 5.2283535e-06 0.018347204 0.0093185175 7.557927e-10 0.008598214 0.0058873366 0.0036506616 0.0002877338 0.0008923508 0.0031606124 4.380459e-08 0.008615542 0.0004974431 0.00049885566 1.6231746e-05 0.0011956738 0.027268311 7.0340498e-06 0.0013697596 0.00056312693 0.0016070197 3.810398e-05 0.0031849276 3.9860748e-07 0.00016337376 7.505537e-06 1.5972266e-05 0.0002346579 0.0010734737 4.213786e-05 0.00010012413 5.8296e-05 0.022332797 0.005267564 6.0388484e-05 9.1916667e-07 1.8267081e-05 0.00027922206 7.474151e-06 5.712297e-06 0.0020636981 5.2190404e-05 1.1843369e-05 0.00030735965
0.8415992 0.011436047 0.00070958567 0.1097418 0.0008038701 0.017014135 5.0769242e-05 0.0042679724 0.0048970175 0.1755982 0.73032403 0.046966832 0.023763886 4.3773963e-07 0.18303834 0.0010445729 8.444338e-06 0.21545872 1.1689928e-05 0.6188468 0.00411347 0.090003684 2.0542444e-05 0.102353066 0.44441342 0.010063386 2.3117066e-15 0.9784051 0.0004126038 0.06867196 0.00049590715 3.5484445e-05 0.99565816 2.0104239e-05 0.9445666 0.01543218 0.07412274 2.7294476e-05 0.00011265121 3.009651e-07 0.00069183 0.000104289305 8.692861e-06 0.22728026 8.140706e-06 8.429054e-05 3.3439098e-06 0.13315925 6.487864e-09 2.8494978e-06 0.009898579 0.0005381438 1.2122995e-06 0.0119088795 2.8870555e-09 0.0002654082 1.7599735e-06 0.014502563 1.0318756e-05 7.991253e-05 3.6905652e-09 4.8591837e-06 0.09892419 0.00012993628 1.704346e-07 4.578715e-06 0.39736092 3.2318724e-07 0.00033965398 4.1967032e-06 4.422021e-06 0.004697791 4.5247975e-06 0.06887071 0.0034532687 0.0007468882 0.046826255 0.29397964 0.01810198 0.000440558 8.9150596e-08 6.8537815e-08 0.00075052475 0.002584672 0.028431185 0.00077079836 0.008164961 0.00853319 3.7907944e-06 0.1948901 0.00012690647 0.022668356 7.925026e-09 0.004429374 0.01276262 0.00041908503 2.5558768e-06 0.046304483 0.0001825974 4.048281e-08 7.69916e-05
0.9034041 0.00025696025 1.28939555e-05 0.005479172 0.00016361933 0.0041609225 1.2602273e-05 0.008351962 2.4992012e-05 0.0047573866 0.099473715 0.1643748 0.00018601726 4.699014e-06 0.038015746 0.00027519686 1.7104097e-05 0.29085866 7.4940607e-07 0.88261956 2.7484371e-05 0.00035667844 1.5436683e-05 0.69570094 0.0120023405 4.892946e-05 0.9784051 1.531259e-15 1.057863e-05 0.86222947 0.0013472778 1.8941422e-06 0.9440666 7.200191e-06 0.15053743 0.36911276 0.00094713934 3.0063304e-06 9.695002e-07 8.019151e-08 0.0038966802 5.295362e-07 2.7835807e-07 0.9703622 9.323055e-06 0.00044162752 8.085751e-07 0.0049422076 3.7053226e-08 1.4434177e-08 0.0004315556 2.6996304e-05 2.6569347e-07 0.0003993021 2.4548365e-07 1.5328711e-05 7.884112e-08 0.13388936 1.350182e-06 1.784648e-05 3.2981652e-07 2.1170126e-07 0.009850387 1.0810024e-05 3.090846e-07 2.711663e-06 0.20894453 2.7624415e-06 5.0731247e-05 1.3357792e-05 1.04332024e-07 0.059841465 3.3643994e-07 0.008386594 0.014630294 0.000109725595 0.109365165 0.29886195 0.072003104 1.4166644e-05 1.83528e-07 3.0047224e-06 0.004734076 0.0065699657 0.06447025 4.9603437e-05 0.012868313 0.016208569 1.4999296e-06 0.061466057 3.2862426e-06 0.036015064 4.0444604e-08 0.008653378 0.014020366 0.0014817689 6.366523e-07 0.029330324 0.0012948941 1.0450609e-07 8.146756e-06
0.6765876 0.00014632667 0.00045812377 0.0009483488 7.15602e-07 3.7332159e-06 2.0186235e-05 7.2829245e-08 0.0047838106 0.0051807966 0.0025957758 7.924698e-08 0.015239034 1.7720806e-05 0.00015048227 0.029576493 3.937046e-06 1.9472477e-06 0.0061032306 5.0010963e-06 0.8208253 0.28544307 0.007622417 4.018442e-07 0.105689116 0.9894917 0.0004126038 1.057863e-05 2.1814498e-14 5.020825e-07 3.8677554e-06 0.035309657 0.00019354506 0.94351155 0.013278324 2.3190998e-07 0.23070076 0.7394436 0.95272815 0.08078001 4.1870626e-07 0.4425617 0.27163574 1.4042571e-05 0.03435035 4.630437e-07 0.033949573 0.0035331396 1.99791e-07 0.17112456 0.008931507 0.01826832 0.0019680473 0.019456755 1.2058917e-08 0.04450336 0.009978408 1.3859109e-06 0.019404802 0.009247337 1.5880948e-09 0.0195153 0.0011439063 0.0035174692 0.0010465048 0.0036889403 0.0006381313 5.2664633e-09 0.0036564593 0.00089277513 0.0015968443 2.8488184e-06 0.0032248916 0.0033737174 2.4402084e-07 0.0013873848 0.0001150002 0.00028678947 5.419684e-06 0.0024642907 1.5030125e-06 0.0006531816 1.2333944e-06 9.810518e-07 4.7910104e-05 0.0007739905 5.0171155e-07 7.2094253e-06 7.815223e-05 0.0018592528 0.0021094333 1.02489175e-05 8.035837e-07 1.3985682e-06 2.6186732e-05 1.428758e-06 2.4500398e-05 0.00017546158 3.4888944e-06 1.201709e-05 0.00026739622
0.80673075 3.723202e-05 2.9821501e-06 0.0011266039 0.00062823406 0.016921824 3.0204208e-06 0.078718856 1.7902125e-06 0.0004761876 0.0067120558 0.48465064 7.778917e-06 1.0520528e-07 0.034216415 4.58346e-06 7.098206e-05 0.45543858 6.839547e-08 0.4745184 4.7712894e-07 1.9074778e-05 2.07653e-06 0.98729295 0.00038305667 3.8770763e-06 0.06867196 0.86222947 5.020825e-07 1.177277e-15 0.025129018 6.643873e-07 0.023394948 2.5822685e-06 0.004962324 0.9922408 0.00010154066 3.3124036e-07 1.4831286e-07 5.634679e-09 0.1034442 6.843231e-07 4.6044136e-08 0.7922747 4.40976e-07 0.0074833953 5.876882e-08 0.00075078785 1.1090374e-08 1.1017951e-08 7.809263e-05 1.1016349e-05 4.9405127e-08 3.7213387e-05 1.0511684e-05 6.0598677e-06 1.6028059e-08 0.38741636 9.155307e-07 2.8252905e-06 8.628529e-06 1.2592277e-07 0.0011394433 2.8249485e-06 1.00491935e-08 4.6749145e-07 0.018320486 1.5749732e-05 1.0186029e-05 3.946083e-06 1.4186584e-07 0.13930668 6.631289e-07 0.000473371 0.027889302 3.106405e-05 0.03359463 0.04842643 0.04478738 2.044173e-06 2.3140085e-08 2.3492109e-07 0.07953901 0.013876985 0.023335008 1.1115115e-05 0.015166961 0.019926155 1.000242e-06 0.0143120065 6.496161e-07 0.04788867 4.9300073e-08 0.026371231 0.010689431 0.012731178 1.9850015e-07 0.010394037 0.007701229 1.9343783e-08 9.9957415e-06
