8.652361e-24 0.07853062 0.07442241 0.84914523 0.059439633 0.011616807 0.1569864 0.72413325 0.31170508 0.3108429 0.13384981 0.8841324 0.741581 0.72706604 0.5883904 0.08443567 0.04390279 0.9661766 0.034139182 0.8972391 0.18882802 0.95017636 0.54213494 0.035335172 0.9586451 0.7052787 0.91985315 0.68982893 0.733712 0.81425256 0.50339764 0.19301717 0.002956007 0.8905234 0.558232 0.92284507 0.25927418 0.8903424 0.9661103 0.9709211 0.57601905 0.5884757 0.36800402 0.0005067079 0.799704 0.77192396 0.9643877 0.87116474 0.93970823 0.031500347 0.9004683 0.53112745 0.91779196 0.972886 0.97028106 0.892697 0.9002842 0.93318355 0.9575814 0.00045858143 0.82636255 0.9205524 0.0002578602 0.92810214 0.95455873 0.9758757 2.8081442e-06 0.9789309 0.9411769 0.265137 0.10699686 0.9500273 0.96469015 0.86090934 3.9050283e-05 0.9338304 0.9539259 0.09298961 0.16754177 0.6478159 2.9770524e-06 0.9577958 0.93563116 0.023849536 0.94075835 2.3255836e-08 0.99903256 0.08318483 0.9861298 0.9670326 0.9929752 0.96118325 0.9592138 0.986659 0.9858977 0.0052220053 0.0006258275 0.99840105 0.9014647 0.2600461 0.99999076
0.07853062 1.0648141e-17 0.994383 0.8649068 0.85114115 0.49251804 0.013023814 0.28127784 0.0060713245 0.02455189 0.011877632 0.15034296 0.1400394 0.02512937 0.0025364307 0.0013487542 0.0019717044 0.054419942 0.0005553793 0.0033999267 0.34049845 0.013222313 0.00036983824 0.044553727 0.048998795 0.000112270034 0.000305234 0.00015599746 0.00260144 0.002370475 8.668071e-05 2.0163416e-05 0.005575198 0.00093231036 6.648875e-05 0.0026278647 3.0419611e-05 3.732837e-05 0.00023290285 0.004292808 8.022346e-05 5.9206803e-05 4.5398283e-05 0.00012517355 2.457514e-05 4.7826106e-05 0.00031660075 9.472292e-06 0.00031251294 0.00025620635 0.0007613441 4.8952938e-05 0.001518978 0.00021750586 0.0010735659 3.5617963e-05 0.00059172395 0.0021108107 0.003574818 8.46755e-05 8.1387025e-06 4.0602925e-05 1.047278e-05 0.0019144854 2.892034e-06 0.0002271627 4.6255158e-05 0.00012915881 0.00015561307 2.351521e-06 1.2681446e-05 0.00017822726 0.00023531025 5.1405304e-06 3.7846464e-06 0.0009785077 0.00032916717 3.6037196e-05 4.889709e-05 2.294238e-05 6.1474275e-05 0.0001543825 0.00010832909 2.3855937e-05 5.6480545e-05 2.6995488e-06 0.0009207859 8.4587197e-07 0.0009922652 0.0026091966 0.0004935568 0.00046335315 0.00089607184 0.00020034082 0.0016085062 2.5755335e-05 4.672924e-06 0.00048830593 3.988661e-05 3.0619188e-07 5.63415e-06
0.07442241 0.994383 2.8906693e-17 0.8453751 0.8472108 0.46682847 0.013369813 0.26057935 0.009611478 0.016172422 0.007819947 0.15399204 0.14864449 0.024516819 0.0014631216 0.0010257659 0.0012649318 0.045292933 0.0004686724 0.0019674075 0.17710009 0.008036946 0.00040555518 0.021706952 0.045219548 0.00010321744 0.00041123442 0.00012689292 0.0027804982 0.0031150186 0.00028082542 6.397259e-05 0.0034960078 0.0014557255 4.6642403e-05 0.0023338923 5.162164e-05 4.9544957e-05 0.00020558701 0.005012229 9.837709e-05 7.916476e-05 5.7221474e-05 0.00010866102 2.6257878e-05 5.2524745e-05 0.00036744602 1.1660077e-05 0.00067532447 0.0005414503 0.0013008595 0.000104604376 0.002191358 0.0004109057 0.0017637697 9.947361e-05 0.001529067 0.0025256278 0.0043408824 0.00018140809 3.038421e-05 6.250473e-05 1.2064399e-05 0.002581114 6.428256e-06 0.00041499131 4.1586452e-05 0.00024027145 0.00021495647 2.7568885e-06 1.6914666e-05 0.000317943 0.00051285437 4.186079e-06 4.7340077e-06 0.0012070903 0.00060043787 4.2227206e-05 9.8690936e-05 3.9538412e-05 6.392825e-05 0.0001387891 0.00018598123 2.44445e-05 9.509887e-05 2.5603658e-06 0.0012946015 2.0510759e-06 0.001041519 0.0034642243 0.0006052738 0.00055058324 0.0006023833 0.00028394692 0.0018486588 3.6650807e-05 4.7548165e-06 0.00061979506 5.959473e-05 6.609702e-07 8.958082e-06
0.84914523 0.8649068 0.8453751 8.7357075e-16 0.8604787 0.5855229 0.38585746 0.69949305 0.07728348 0.11533727 0.076901704 0.5994503 0.5434205 0.41040272 0.038710307 0.014381952 0.0078296745 0.579652 0.0061425515 0.049451683 0.24282071 0.15638 0.0016869825 0.1456752 0.30959713 0.00055014057 0.0021628765 0.00061731774 0.09953744 0.12979633 0.0026278147 0.000771624 0.018179884 0.0162274 9.889652e-05 0.026880698 0.0001260776 2.547881e-05 0.0005434549 0.037757423 7.0433496e-05 0.00010584509 1.2269425e-05 0.0011870391 0.00048185885 0.00017973204 0.00010930875 9.785109e-06 0.00405507 0.0039151525 0.007277653 2.1450338e-05 0.009648244 0.0024731655 0.013798553 0.00080642663 0.0033391207 0.004059493 0.036073975 0.00011070943 2.8816727e-05 8.753169e-05 1.808173e-05 0.0025187763 3.6278277e-06 0.0007356223 9.7174685e-05 0.0020139115 0.0008447862 3.6183258e-06 2.586609e-06 0.00053602323 0.00097550784 2.288587e-05 4.0539526e-06 0.0041316934 0.00019298695 5.848444e-05 0.00015606072 0.00028378773 6.399559e-05 7.805935e-05 3.9692175e-05 4.4348028e-05 0.00051934604 1.5823909e-05 0.0011269919 2.419994e-06 0.005326778 0.010903998 0.0023913146 0.0024538923 0.004516611 0.000101600526 0.002118671 8.3393985e-05 0.00034779467 0.0005013312 4.8513375e-05 1.2475595e-08 0.00016810965
0.059439633 0.85114115 0.8472108 0.8604787 7.4697875e-18 0.98188853 0.19122054 0.4199757 0.3325991 0.003134485 0.0012528606 0.15780732 0.49245903 0.13526067 0.00040983903 0.0007971501 0.00032791015 0.10009985 0.00027320816 0.00033238984 0.33124712 0.0022632612 3.550503e-05 0.00398138 0.027548611 9.47789e-05 4.7588426e-05 1.400651e-05 0.0029002174 0.002794533 0.0009034375 0.0004299685 0.0021934062 0.001041454 7.0710616e-06 0.0016574471 2.1473702e-06 6.953784e-06 2.897826e-06 0.0024983492 1.1586409e-05 1.1960393e-05 7.2671965e-06 4.0183077e-05 1.6832331e-06 3.4942154e-06 1.8012423e-05 3.9133247e-06 0.00028710335 5.465404e-05 0.0009838403 3.6716451e-06 0.00091239176 0.0003063588 0.0008817645 9.607549e-06 0.00091177324 0.001242235 0.004748419 2.6849413e-05 2.676054e-06 2.5733643e-06 2.7114359e-06 0.0011134505 1.1763577e-06 5.2996762e-05 5.1886334e-05 6.7391295e-05 0.000693409 2.1299277e-06 4.8537972e-06 0.0009369985 0.0005569026 2.4019388e-07 5.440525e-07 0.00056623685 7.362119e-05 1.6184184e-05 9.528692e-06 1.744741e-06 2.78747e-05 6.712126e-05 4.069651e-05 1.0959386e-05 0.00018249085 2.631673e-06 0.00055136275 5.026004e-07 0.0031735636 0.004311453 0.0005763945 0.0007234133 0.00069631083 1.892058e-05 0.00039882865 2.099773e-05 4.421591e-06 0.00010383449 3.068178e-06 6.581152e-09 6.103428e-05
0.011616807 0.49251804 0.46682847 0.5855229 0.98188853 3.3461815e-17 0.1577695 0.1341132 0.70261854 0.00086293014 0.000582155 0.019967094 0.29802835 0.044509083 0.00027916217 0.00031010754 0.0001771872 0.016911216 0.00011509676 0.00012992055 0.98615324 0.00017285238 8.802521e-06 0.001478757 0.0027553448 5.373181e-06 3.2166394e-05 3.6282122e-06 0.00046218824 0.00040897127 0.0012035539 0.00023700048 0.0010016358 0.00027326785 7.964236e-07 0.000294671 1.3419354e-06 3.1679042e-06 1.8836475e-06 0.0008166414 2.8333288e-06 5.3067747e-06 1.5928221e-06 0.00012361121 1.3418945e-06 3.942739e-06 1.2262312e-05 3.570661e-06 1.2765218e-05 4.4719072e-06 0.00037852293 2.5150064e-06 0.0004519284 9.8004384e-05 0.00013788856 1.2478428e-06 0.0003278667 0.00073841587 0.0019466092 4.6522855e-05 7.4229456e-07 1.8143301e-06 1.0708923e-05 0.0007237515 6.6073767e-07 3.0085203e-05 0.0002120111 0.00010441133 0.00046523806 4.126965e-06 9.506437e-06 0.00039065533 0.00017932353 9.249002e-08 1.2165546e-06 0.00024483382 1.5893573e-05 1.9889658e-05 5.478405e-06 1.0166838e-06 4.467348e-05 1.1570784e-05 3.125931e-06 5.5976193e-06 2.9740655e-05 4.925092e-06 0.00015078408 1.15307955e-07 0.0015663925 0.0026602286 0.00015351335 0.00051900937 0.00044165005 1.0009712e-06 0.00022098249 4.6119974e-05 4.587111e-06 1.2289087e-05 9.382006e-07 7.5110634e-10 6.493795e-05
0.1569864 0.013023814 0.013369813 0.38585746 0.19122054 0.1577695 1.6122396e-20 0.7496536 0.99515337 0.00020803759 6.779113e-05 0.428558 0.8892528 0.6164719 2.065486e-06 4.271951e-05 1.0450592e-05 0.63457245 4.94121e-06 5.691188e-06 0.059753556 8.626261e-05 1.3635145e-07 6.146489e-07 0.0082947705 1.1453693e-07 1.743712e-07 1.2065527e-07 0.095850945 0.029821252 0.050047606 0.014634928 6.190188e-06 0.027655335 2.8320049e-08 0.0032101136 2.83417e-09 7.1650335e-09 8.1140186e-08 0.001415659 1.6601845e-07 3.1121647e-08 1.5688254e-07 8.525993e-08 9.238652e-08 1.8860155e-07 9.962365e-08 1.8128105e-09 3.224436e-06 3.4591183e-09 0.023044514 2.8878926e-09 0.014882282 6.1831044e-05 0.00027628135 5.006142e-07 0.0018647258 0.010126245 0.037178706 9.4165564e-08 2.4708429e-09 3.5274408e-07 3.0604923e-08 0.0023378767 1.26510225e-08 0.0004329056 2.5872355e-06 5.4601318e-05 0.000111769856 6.1330914e-09 8.952389e-09 6.933413e-05 5.8952496e-06 6.5367414e-07 2.4991353e-08 0.002071475 2.507398e-06 1.654078e-07 3.391123e-07 1.4580746e-08 4.5607837e-07 2.6282141e-06 9.827819e-08 1.1853052e-07 1.1154033e-05 3.3194723e-08 0.00020092592 1.0161234e-08 0.0016446122 0.0023349165 0.00016693556 0.0022025716 0.004906362 1.1953294e-06 0.00042962213 6.1389116e-08 2.4604404e-07 0.00014144444 6.288568e-08 7.813574e-11 2.2722175e-05
0.72413325 0.28127784 0.26057935 0.69949305 0.4199757 0.1341132 0.7496536 1.5486279e-17 0.31118593 0.00091140857 0.00076791126 0.98749715 0.82956344 0.66885275 9.695429e-05 0.0004461452 0.0008968888 0.6703766 0.00024674746 0.00032070017 0.11602877 0.008604058 2.0724778e-05 0.00014904389 0.04319942 1.278726e-05 4.106477e-05 1.5850463e-05 0.111222416 0.06345183 0.0024820731 0.0049208417 0.00018794861 0.027675953 3.5288492e-06 0.012379084 2.0968723e-06 1.3689693e-06 6.320239e-05 0.0075417254 7.8989797e-07 4.508083e-07 3.2698456e-06 7.8863866e-07 9.762683e-06 1.6349079e-06 1.304337e-05 2.951477e-08 0.00022429493 1.652484e-07 0.0071261507 5.2105906e-07 0.0062975083 0.0004200662 0.0044046934 2.5665791e-05 0.0016055468 0.0064189485 0.016044585 2.7898475e-05 1.0721119e-06 6.5268244e-07 4.8796396e-06 0.0019918035 9.719952e-07 0.000976786 2.1893054e-06 0.00033528928 0.00018206741 3.9242167e-07 5.309632e-07 0.00017596161 4.110109e-05 1.8825323e-06 1.2753555e-06 0.0015120347 1.6401208e-06 1.3639494e-06 1.1316638e-05 2.3979621e-06 2.2370177e-05 4.045074e-06 1.6739348e-07 1.678903e-06 2.4883017e-05 7.484083e-07 0.0006615962 4.0571006e-08 0.0017985585 0.0010166353 0.00030071364 0.0012810073 0.0019893767 5.4528275e-08 0.00016207917 1.1634807e-05 1.3071837e-05 3.0023608e-05 2.7025858e-06 4.299192e-08 0.00016825224
0.31170508 0.0060713245 0.009611478 0.07728348 0.3325991 0.70261854 0.99515337 0.31118593 8.109328e-20 2.757116e-07 4.4539436e-07 0.17077358 0.87196064 0.38744286 1.27886e-07 2.5125095e-07 8.430682e-08 0.4923699 1.3360174e-07 6.1231006e-08 0.39905322 6.387998e-07 3.3690082e-08 1.252407e-07 0.0001002254 7.206768e-09 1.0684363e-08 1.02495274e-08 0.00615351 0.0011575414 0.24220963 0.08770184 7.417384e-07 0.0038283095 7.408836e-09 0.00015029065 3.0174536e-09 3.9378962e-09 8.228425e-09 5.0236034e-05 4.5414215e-09 4.336489e-09 4.593824e-09 4.817182e-08 1.7924151e-09 1.5752052e-08 3.9740634e-08 2.468256e-10 2.7118662e-07 3.30183e-08 0.015244478 3.687856e-09 0.013611585 6.280525e-06 6.319175e-06 1.1754145e-08 0.0006254454 0.011588598 0.11707513 2.1104411e-07 5.0412236e-08 1.6727467e-08 4.39156e-08 0.0015045034 3.190466e-09 0.00010955431 4.7897583e-07 3.4681777e-06 4.111938e-06 1.3366341e-09 4.5604747e-09 2.0418115e-06 6.705197e-07 5.8018596e-08 4.9913282e-08 0.002335117 2.8564864e-07 1.9556502e-08 2.3401023e-08 2.261832e-08 4.4333058e-07 1.033461e-07 2.7961389e-09 2.5362732e-09 9.3869204e-07 4.948255e-08 5.9309652e-05 6.846482e-11 0.0068156426 0.0049842675 2.271795e-05 0.003093014 0.019016286 9.995421e-09 0.00013304733 1.20649e-08 3.005689e-09 1.2656123e-05 7.5438994e-10 3.008821e-13 2.1250311e-05
0.3108429 0.02455189 0.016172422 0.11533727 0.003134485 0.00086293014 0.00020803759 0.00091140857 2.757116e-07 1.24187736e-17 0.99221295 0.005421455 2.1876704e-05 2.8523786e-05 0.84629005 0.3877055 0.26938313 8.003288e-05 0.17235735 0.7671264 0.017395783 0.3239127 0.14578846 0.23292886 0.06790381 0.050210584 0.13497908 0.025683181 0.00041301918 0.002848126 3.7160542e-05 3.856255e-05 0.0030850542 4.85913e-05 0.0025554905 0.0010828526 0.0038033638 0.00049391494 0.0303056 0.0066252314 0.00051513495 7.066063e-05 0.00012055918 3.113633e-05 0.0012932663 0.0006737818 0.0020653117 6.9325097e-06 0.0076901354 0.0035400842 2.7366832e-05 1.4336767e-05 2.620432e-05 0.001470584 0.0010263997 0.0008683503 5.4021988e-05 5.639045e-05 0.00016952431 0.00016862476 1.2398743e-05 7.2010425e-06 3.755719e-05 6.032948e-05 2.0093282e-06 2.4550262e-05 1.5471646e-06 0.00038946018 0.00014011195 1.6822366e-06 2.4550577e-06 6.9588765e-05 0.00021465635 8.383742e-07 1.1016585e-06 2.1290374e-05 4.790857e-06 1.9012908e-06 1.6721933e-06 4.0875448e-06 8.271735e-06 5.765093e-06 3.149745e-06 2.0357063e-06 1.816509e-05 2.7022443e-07 0.00011372395 6.411254e-08 0.0004700939 0.00033378723 1.7666827e-05 3.3503085e-05 0.00020002505 3.2859289e-06 0.00021586531 6.49748e-07 1.7677924e-06 0.00031460915 1.8020684e-07 3.7361274e-09 1.4341606e-05
0.13384981 0.011877632 0.007819947 0.076901704 0.0012528606 0.000582155 6.779113e-05 0.00076791126 4.4539436e-07 0.99221295 5.8171245e-17 0.0036995097 6.0846392e-05 2.7784197e-05 0.84013146 0.34959126 0.22196817 6.2065774e-05 0.16513152 0.70763344 0.0077263354 0.2970846 0.19597244 0.15467213 0.05356306 0.04235395 0.09990665 0.03275738 0.00032386402 0.0022518514 2.4174808e-05 9.32221e-06 0.0014272887 5.7777503e-05 0.003858674 0.0009581331 0.0020230878 0.00084600813 0.01903511 0.0065990617 0.00072653603 0.00015319978 0.00030927497 1.3008438e-05 0.0011333952 0.00061211287 0.0015407385 1.9331383e-05 0.009371344 0.0008298746 5.5097822e-05 6.0326143e-05 4.7924634e-05 0.0015453916 0.0013008806 0.0007127829 5.885994e-05 5.421967e-05 0.0001201067 0.00013586917 4.6605895e-05 7.824377e-06 2.4237646e-05 5.0299794e-05 1.0993795e-05 2.5453917e-05 5.85466e-07 0.00037570624 0.00014074233 3.1883717e-06 2.8028305e-06 5.288947e-05 0.00016103027 2.9944442e-06 1.422211e-06 1.52283465e-05 4.7821563e-06 3.9442807e-06 4.650837e-06 3.0313747e-06 1.1740114e-05 3.714189e-06 3.0154902e-06 1.7205521e-06 2.0973075e-05 2.5414158e-07 7.9558704e-05 9.564809e-08 0.00032245592 0.00032952902 3.512138e-05 1.5065895e-05 0.00012959547 4.1093194e-06 0.00015730571 3.3081983e-07 8.987788e-07 0.0002994979 1.6524327e-06 3.5869064e-08 9.146655e-06
0.8841324 0.15034296 0.15399204 0.5994503 0.15780732 0.019967094 0.428558 0.98749715 0.17077358 0.005421455 0.0036995097 5.559209e-19 0.4913331 0.48318872 0.0002466174 0.0012146976 0.00091273413 0.85091084 0.00046406867 0.0009206726 0.06173032 0.059719887 3.5169913e-05 0.00082373543 0.3188938 1.2558326e-05 6.765853e-05 1.7145547e-05 0.5026798 0.41709182 0.0011133831 0.0010612259 0.0006479576 0.14935815 6.7410024e-06 0.0935683 6.985349e-06 2.5075965e-06 0.0001456553 0.038746975 6.013197e-06 1.8268919e-06 1.6884101e-06 2.1635374e-06 4.0143128e-05 2.2164193e-05 3.4942943e-05 7.1049534e-08 0.0006068217 8.7261964e-07 0.008274652 6.9608404e-07 0.018141694 0.0019164097 0.029715702 7.3595285e-05 0.0030097729 0.008912733 0.02801137 2.3354285e-05 8.6749685e-07 6.3377397e-06 5.811983e-06 0.004416094 5.146861e-07 0.0043298346 5.6408817e-06 0.0015064329 0.00046605853 7.5782594e-08 6.2258255e-07 0.00028467085 2.0191741e-05 5.858475e-07 8.610551e-06 0.0026139363 3.0607841e-06 8.4307027e-07 1.3167872e-06 3.5396315e-06 7.9466954e-05 7.290646e-06 3.0693593e-07 6.4687674e-07 0.000116212956 2.1749343e-06 0.0028236907 2.6338343e-08 0.0022308556 0.0011405587 0.0019787587 0.002342739 0.0037616102 5.202849e-07 0.00034475228 1.2264955e-05 0.00039681804 9.026125e-05 1.0018659e-06 6.0510117e-09 0.00016390983
0.741581 0.1400394 0.14864449 0.5434205 0.49245903 0.29802835 0.8892528 0.82956344 0.87196064 2.1876704e-05 6.0846392e-05 0.4913331 3.0547515e-17 0.9806643 5.226968e-06 0.000105732695 7.008561e-05 0.76943856 9.271367e-05 4.671271e-06 0.11618149 0.00028182642 1.0659419e-06 7.4700576e-05 0.0031613086 1.1820819e-06 3.9801074e-07 6.1998384e-07 0.059393857 0.013184819 0.10655233 0.18836734 5.030032e-05 0.044342764 4.2558966e-07 0.0014062438 2.7316503e-07 7.320457e-08 9.900023e-07 0.002245297 1.5006937e-06 4.4764445e-07 1.6637007e-06 1.6360246e-06 2.0016225e-06 4.5692076e-07 6.579408e-07 1.1996724e-08 1.4496346e-05 1.2785558e-06 0.01685246 2.2219338e-06 0.014744493 0.00018843787 0.0005831143 5.2083074e-06 0.0009765434 0.012945521 0.05648286 1.0644116e-05 1.0793898e-06 5.2171266e-08 4.892477e-06 0.0019221625 2.1146086e-06 0.000457542 1.3976117e-05 4.7294976e-05 1.796826e-05 1.0602795e-06 1.7519673e-06 2.444858e-05 1.36509025e-05 1.7761828e-06 9.065242e-06 0.0012522603 5.6991746e-07 3.3034553e-06 5.2971547e-05 3.5841694e-07 0.0001814041 8.6107104e-07 2.046371e-08 1.4760813e-06 7.9813935e-06 5.475757e-06 0.0005194664 1.1879963e-07 0.0025191894 0.0012539388 0.00010212539 0.0012690878 0.0072645363 2.2398984e-08 0.00010417489 3.3954284e-06 0.0001213454 4.190115e-05 4.982831e-07 2.763763e-09 0.00014669832
0.72706604 0.02512937 0.024516819 0.41040272 0.13526067 0.044509083 0.6164719 0.66885275 0.38744286 2.8523786e-05 2.7784197e-05 0.48318872 0.9806643 3.8200105e-20 1.6991016e-06 4.4855813e-05 2.4051504e-05 0.9142752 6.1483945e-05 4.518338e-06 0.008379491 0.00045113236 1.2959737e-07 1.0361366e-05 0.0130488025 1.0809504e-06 3.1054628e-07 2.1713373e-07 0.5133447 0.12497667 0.41918743 0.5905635 5.848647e-06 0.28243625 4.143682e-08 0.011770553 6.800783e-08 2.125974e-08 1.3896258e-06 0.003142131 1.947592e-07 4.6586358e-08 4.2285154e-07 5.108839e-07 4.344897e-07 1.4208194e-07 5.661477e-07 7.5674516e-09 2.2045087e-05 5.35535e-07 0.09375892 9.978416e-08 0.046663683 0.00025313502 0.0016951455 2.9778075e-06 0.007665047 0.031709015 0.09268462 3.2263954e-06 2.0694638e-07 6.7141167e-07 4.8739304e-07 0.0073696356 3.0758437e-07 0.0011845009 1.4390757e-06 0.00015966427 8.331496e-05 2.9912503e-08 5.3123927e-07 7.031974e-05 4.1242016e-05 5.4157545e-07 5.4838495e-07 0.004436967 3.2886075e-07 1.638255e-07 6.9026214e-07 3.4142928e-07 2.1861686e-05 8.497279e-07 4.7362856e-09 8.0751397e-07 1.4532695e-05 5.6430525e-07 0.0006951799 9.859883e-09 0.0015150197 0.0012174913 0.00010125559 0.0025508169 0.003470671 4.219061e-09 6.207666e-05 1.0654226e-06 3.9135225e-06 2.1746519e-06 2.6643425e-08 1.8414898e-11 5.8026093e-05
0.5883904 0.0025364307 0.0014631216 0.038710307 0.00040983903 0.00027916217 2.065486e-06 9.695429e-05 1.27886e-07 0.84629005 0.84013146 0.0002466174 5.226968e-06 1.6991016e-06 1.9940236e-16 0.9030922 0.7685595 6.0491684e-06 0.848344 0.9377898 0.06658797 0.41490328 0.82630795 0.5058014 0.052270252 0.61915934 0.5120411 0.35730574 5.370151e-05 0.00047090536 1.6346243e-06 8.9629486e-07 0.0065574623 1.21623625e-05 0.13773558 0.00022923824 0.09723425 0.030553646 0.11976513 0.0030955207 0.023805898 0.0016015356 0.003953679 0.0001110297 0.009476304 0.0050836084 0.00931142 0.000100898644 0.007934257 0.13219142 1.2658131e-06 0.00020216145 2.0611076e-06 0.0007194055 0.00020093455 0.0022012938 3.9732827e-06 5.6761146e-06 1.5748801e-05 0.0017838966 9.434036e-05 1.923601e-05 0.0017906548 4.170331e-06 4.4323464e-05 6.023896e-06 2.0269965e-06 0.00018731588 2.3015178e-05 5.028845e-06 8.101169e-06 1.6854203e-05 0.00013193367 1.2452222e-05 1.3040436e-05 5.8036303e-06 4.640235e-06 1.3588859e-06 0.00046072938 3.6774452e-06 6.4446576e-06 7.897229e-06 3.6343622e-06 2.0083053e-06 3.9213846e-05 5.8328027e-07 8.9449655e-05 8.374844e-08 0.00014984599 0.0001005839 6.928745e-05 1.06765665e-05 7.896269e-05 4.815446e-06 0.00019896212 2.1513774e-06 5.0917497e-06 0.00019703402 1.7018441e-06 2.4857187e-07 2.4154979e-06
0.08443567 0.0013487542 0.0010257659 0.014381952 0.0007971501 0.00031010754 4.271951e-05 0.0004461452 2.5125095e-07 0.3877055 0.34959126 0.0012146976 0.000105732695 4.4855813e-05 0.9030922 1.577847e-17 0.9724067 0.00012218136 0.963072 0.33319777 0.002555247 0.060308103 0.49143374 0.39768764 0.015290319 0.61448014 0.07735248 0.06908151 5.6203342e-05 0.00046413904 1.0077589e-05 2.7989524e-06 0.004074252 2.5117695e-05 0.02716248 0.0003878504 0.04718265 0.0051283753 0.016422002 0.002234042 0.0050537544 0.001210498 0.0020397233 0.0003686795 0.0031127469 0.0013663947 0.0020873614 0.00023303926 0.004560243 0.029579952 2.2560447e-05 0.00024656588 6.756156e-05 0.0008181774 0.0005732344 0.0005281936 2.4135163e-05 2.834446e-05 5.2649473e-05 0.0010082121 0.00016524266 2.0003412e-05 0.00046674575 6.5931206e-05 2.3181248e-05 1.1668743e-05 2.5062145e-06 0.00011530241 0.00016689496 5.0928447e-05 3.9526913e-05 0.0001411134 0.0003764508 3.0886938e-06 2.8754669e-06 1.2300672e-05 4.333447e-05 3.0428868e-05 0.00014581652 7.466628e-06 1.4358331e-05 1.890415e-05 2.9505612e-05 5.0786502e-06 3.258056e-05 4.960372e-07 2.0531712e-05 2.5761915e-07 0.0003179709 0.00045311754 4.7271576e-05 8.3809655e-06 0.00010760259 1.4722551e-05 0.0004800466 4.113285e-07 5.572981e-07 0.00033694314 2.053973e-06 1.14721466e-07 2.9480757e-06
0.04390279 0.0019717044 0.0012649318 0.0078296745 0.00032791015 0.0001771872 1.0450592e-05 0.0008968888 8.430682e-08 0.26938313 0.22196817 0.00091273413 7.008561e-05 2.4051504e-05 0.7685595 0.9724067 1.5093885e-16 3.1154508e-05 0.97434986 0.29264107 0.0027873279 0.027456408 0.34106743 0.77893484 0.012042233 0.5662088 0.07011204 0.056919828 2.0675641e-05 0.00020097346 1.8023632e-06 1.2726326e-06 0.030696027 5.9949257e-06 0.020540249 0.00021917625 0.16102074 0.0038711857 0.012480202 0.0022011523 0.003463542 0.0007032842 0.0019081256 0.0023650774 0.0024788668 0.0011498096 0.0015242129 0.00012946675 0.0037059719 0.10729973 2.0881129e-05 0.00033048735 1.2811245e-05 0.0006499024 0.00020975925 0.00021883477 1.6943226e-05 2.5925447e-05 4.5637775e-05 0.0072066355 0.000112672155 1.1826281e-05 0.0020098248 5.4869255e-05 1.2567048e-05 7.6074266e-06 3.4321572e-05 3.1008934e-05 4.8581987e-05 1.8087214e-05 2.2341865e-05 1.9506073e-05 5.9425834e-05 2.8160798e-06 3.385746e-05 4.109049e-06 1.6136317e-05 1.2262827e-05 3.985452e-05 2.5179812e-05 0.00022748184 1.27345775e-05 1.2978562e-05 7.0293213e-06 8.912077e-06 9.234513e-06 3.6298663e-06 1.5546392e-07 9.2854185e-05 0.0005360097 1.3084784e-05 6.648377e-06 2.4082534e-05 4.9405553e-06 0.00019297756 2.7438514e-07 2.7164178e-06 0.0001628104 1.9055313e-06 6.6379734e-08 1.5789126e-06
0.9661766 0.054419942 0.045292933 0.579652 0.10009985 0.016911216 0.63457245 0.6703766 0.4923699 8.003288e-05 6.2065774e-05 0.85091084 0.76943856 0.9142752 6.0491684e-06 0.00012218136 3.1154508e-05 4.0188256e-18 6.6021305e-05 7.371536e-06 0.024539717 0.0010000509 7.44726e-07 5.9737722e-05 0.09477134 9.438904e-07 5.8771263e-07 6.3075635e-07 0.78760093 0.18188588 0.02144706 0.06031749 6.4581225e-05 0.7297343 2.1767943e-07 0.06310287 1.2167605e-07 3.2919512e-08 2.0729194e-06 0.009875469 1.3733073e-07 7.638556e-08 2.0845215e-07 2.8023364e-06 7.457238e-07 2.7523188e-07 2.1488623e-07 4.8144146e-09 7.9845195e-05 8.266352e-07 0.24578689 6.866199e-08 0.22813827 0.0008424615 0.018231675 1.2072288e-06 0.053547665 0.059682794 0.14380907 2.6706655e-05 2.0795574e-07 1.9194393e-07 9.133563e-06 0.03335015 1.3267005e-07 0.02451653 2.8673342e-06 0.00086767937 0.0003366017 2.3931895e-08 1.480071e-07 0.00022484125 2.608643e-05 1.038628e-06 5.711986e-06 0.015392677 2.3183748e-07 7.925181e-08 6.903915e-06 1.5000139e-06 0.00010049349 7.556101e-07 2.7041587e-08 2.4937154e-07 0.00021942303 1.5663131e-06 0.0032464967 3.9843396e-08 0.0074368413 0.0050613894 0.0019600654 0.010321266 0.017892485 1.15509486e-07 0.0008099737 3.8426697e-06 7.589923e-05 4.890035e-05 1.8210663e-06 3.0169525e-09 0.0003883232
0.034139182 0.0005553793 0.0004686724 0.0061425515 0.00027320816 0.00011509676 4.94121e-06 0.00024674746 1.3360174e-07 0.17235735 0.16513152 0.00046406867 9.271367e-05 6.1483945e-05 0.848344 0.963072 0.97434986 6.6021305e-05 3.6820635e-17 0.2467364 0.0003982422 0.042050608 0.53249234 0.5282627 0.009752018 0.81646425 0.057691034 0.08244812 1.4271233e-05 0.00012360685 1.6358031e-06 7.2145184e-07 0.0031547055 1.4249433e-05 0.029871292 0.00021970864 0.2755384 0.008327526 0.018710716 0.0020759178 0.0065003936 0.001727013 0.0059873215 0.0004780545 0.0032957192 0.0014550334 0.0019232627 0.0003215209 0.0043609026 0.056796916 1.1036297e-05 0.00061249564 2.7104805e-05 0.0006862583 0.00025098023 0.00042019133 6.051465e-06 2.4554733e-05 3.160612e-05 0.0027231777 0.00020047632 1.2247178e-05 0.0011019612 4.8168396e-05 5.769397e-05 4.9559726e-06 3.3740275e-06 3.7802693e-05 0.00013416541 0.00011211222 6.925033e-05 0.00014384626 9.329667e-05 5.6189115e-06 1.973269e-05 1.3855364e-05 1.9973502e-05 9.067296e-05 0.00018152075 1.3024266e-05 8.887578e-05 1.2633632e-05 1.7313292e-05 1.920192e-05 1.1186438e-05 2.3090356e-06 6.2229024e-06 2.7238409e-07 6.3634274e-05 0.00031957755 2.6697948e-05 4.873185e-06 2.5614756e-05 1.1185116e-05 0.00014217013 7.1575414e-07 2.4559054e-06 0.00014476308 3.9577963e-06 7.457156e-08 2.0664984e-06
0.8972391 0.0033999267 0.0019674075 0.049451683 0.00033238984 0.00012992055 5.691188e-06 0.00032070017 6.1231006e-08 0.7671264 0.70763344 0.0009206726 4.671271e-06 4.518338e-06 0.9377898 0.33319777 0.29264107 7.371536e-06 0.2467364 2.1611331e-17 0.021822218 0.92009586 0.89383334 0.22307354 0.22510226 0.4032169 0.87444943 0.57743126 0.00018326576 0.003437959 4.4356593e-06 2.4185636e-06 0.0010565465 7.136144e-06 0.18044956 0.001959628 0.04277217 0.055265296 0.4324062 0.020507677 0.028188586 0.0041758455 0.0050976747 4.686427e-05 0.012441011 0.0074757277 0.030735625 0.00023091877 0.059523687 0.026115559 6.3075963e-06 0.00021487754 9.746253e-06 0.0091222515 0.0015532684 0.008457519 4.6845635e-05 1.9074434e-05 0.00011325033 0.0008089566 3.7299116e-05 0.0002847811 0.0003343304 7.458159e-06 2.2156586e-05 4.167924e-05 2.7618883e-06 0.0032921883 0.00024922573 4.604419e-06 5.0345507e-06 3.0059105e-05 0.000524639 4.7121307e-06 4.9925495e-07 1.3047862e-05 2.112886e-05 6.826017e-07 9.1044334e-05 3.2494156e-06 6.064458e-06 2.9145997e-06 6.4818873e-06 1.0297929e-06 0.00011434579 3.300506e-07 0.00013567768 1.4010084e-08 0.00023975255 0.00019403962 0.00016658554 7.359859e-05 0.0003594632 4.6445784e-06 0.0012469264 9.541278e-06 3.8721214e-06 0.000243618 1.2281565e-07 2.8925964e-08 3.4489338e-05
0.18882802 0.34049845 0.17710009 0.24282071 0.33124712 0.98615324 0.059753556 0.11602877 0.39905322 0.017395783 0.0077263354 0.06173032 0.11618149 0.008379491 0.06658797 0.002555247 0.0027873279 0.024539717 0.0003982422 0.021822218 2.016284e-14 0.0006248996 0.0021397586 0.25863385 0.006152856 0.00021348613 0.00087543216 0.00084010785 0.0004181923 0.00038218693 0.004963905 0.0014649687 0.39386648 1.441424e-05 0.00025568498 1.8591909e-05 2.3397399e-05 0.00023724334 0.00014411016 0.0012854348 2.9567607e-05 0.00027916694 5.7868485e-05 0.006991885 0.0004903333 0.0004643137 0.0018736502 0.000118618 0.00029914788 0.0029718997 0.00073609845 0.00060895534 0.00051128876 0.00020396727 0.0008259427 0.0027378579 0.00028854772 0.0015745572 0.07496995 0.00035354315 0.0018114558 0.0057223435 0.00015898279 0.0007003557 0.018354917 2.7548163e-05 0.73424214 9.671187e-05 0.0005918589 0.0003024456 0.0009828224 0.00060846825 0.0030399717 0.001803414 4.7589087e-06 0.0016060331 0.059815615 0.0028124475 1.7049524e-05 0.00016869648 6.905051e-05 0.039537422 0.00026440676 0.00065185985 0.00016147348 6.201873e-05 3.1394364e-05 7.943743e-06 0.001983514 0.0027546287 0.0005290234 0.009006276 0.007153905 3.657596e-06 0.0004357302 0.00014116603 0.0002339112 1.2592938e-07 3.0228468e-06 8.4260265e-10 0.00040858128
0.95017636 0.013222313 0.008036946 0.15638 0.0022632612 0.00017285238 8.626261e-05 0.008604058 6.387998e-07 0.3239127 0.2970846 0.059719887 0.00028182642 0.00045113236 0.41490328 0.060308103 0.027456408 0.0010000509 0.042050608 0.92009586 0.0006248996 1.4238567e-18 0.3482719 0.0133310435 0.8757326 0.14844069 0.86810106 0.49855158 0.0067396946 0.25532284 2.1475002e-05 4.8124413e-05 6.754088e-05 0.00021406882 0.08898681 0.11117205 0.0046740947 0.10529109 0.6500323 0.3721619 0.014978186 0.0075779357 0.0017662767 8.896622e-06 0.029047985 0.0153607745 0.11403446 0.0007715758 0.3097668 0.000432139 0.0007154785 0.00033721476 0.0032791328 0.09890629 0.07420589 0.017459521 0.0046865144 0.0007914692 0.004102084 6.249278e-06 1.477482e-05 0.0006925043 1.4924962e-07 0.0009376207 4.1375188e-06 0.012811167 6.8601457e-06 0.06084081 0.016240513 3.155224e-07 1.7473469e-06 0.0013270361 0.003719588 4.892321e-07 2.9631235e-07 0.0011004416 0.00010506327 8.789762e-08 2.1394317e-07 4.850648e-07 9.389986e-06 1.9535299e-05 1.531965e-05 1.1238073e-07 0.0015312106 7.0823794e-06 0.0037216137 5.086102e-09 0.002444759 0.0017147986 0.0014234086 0.0033609092 0.0057716677 1.1845742e-05 0.0022890826 5.611095e-07 2.4674993e-05 0.00059956405 3.7641876e-09 3.7531528e-10 0.00035604512
0.54213494 0.00036983824 0.00040555518 0.0016869825 3.550503e-05 8.802521e-06 1.3635145e-07 2.0724778e-05 3.3690082e-08 0.14578846 0.19597244 3.5169913e-05 1.0659419e-06 1.2959737e-07 0.82630795 0.49143374 0.34106743 7.44726e-07 0.53249234 0.89383334 0.0021397586 0.3482719 2.8314194e-17 0.11914509 0.014879082 0.8088995 0.86916584 0.9514576 2.7701388e-05 0.0002801353 9.227739e-07 7.3489025e-07 0.0006743976 5.383501e-06 0.80873394 0.0001719068 0.14077751 0.4170622 0.31379935 0.0049044695 0.36198893 0.13351451 0.11165572 3.099776e-05 0.030078629 0.017295497 0.0374715 0.004547447 0.018244816 0.03234467 3.2107166e-06 0.0030682662 4.3202194e-06 0.002683559 0.00060733693 0.008798333 6.477926e-06 1.0681578e-05 1.0998105e-05 0.0012970038 0.000648144 0.0006519046 0.00069078105 6.990828e-06 0.00021008815 2.0865702e-05 3.3299665e-07 0.0010260537 0.00011137362 1.29132395e-05 1.7933968e-05 2.9434841e-05 0.00037006364 8.264398e-05 1.7280152e-05 4.4899148e-06 3.8423237e-05 3.472331e-06 0.0001380945 3.5674595e-05 6.6128455e-06 2.888554e-05 4.513086e-05 1.5347923e-06 0.000120802026 1.0332048e-07 6.935106e-05 1.8674697e-07 0.0001916766 0.00013273848 0.00011587862 2.0426287e-05 0.00010810485 3.7940514e-05 0.0005501214 2.1267044e-06 6.852037e-06 0.00046333522 2.3031084e-06 5.5503597e-07 4.441289e-06
0.035335172 0.044553727 0.021706952 0.1456752 0.00398138 0.001478757 6.146489e-07 0.00014904389 1.252407e-07 0.23292886 0.15467213 0.00082373543 7.4700576e-05 1.0361366e-05 0.5058014 0.39768764 0.77893484 5.9737722e-05 0.5282627 0.22307354 0.25863385 0.0133310435 0.11914509 8.280687e-15 0.011176804 0.4298944 0.030023366 0.036234207 4.3279642e-06 0.0001515655 1.2192517e-06 4.6274658e-07 0.97328746 9.006566e-08 0.014355798 7.790937e-06 0.5997166 0.0017398061 0.0014117503 0.0032112314 0.010071345 0.00046832635 0.02636106 0.9640892 0.000108427084 2.2482871e-05 4.916352e-05 9.891581e-06 0.00031782474 0.67302823 1.8159826e-05 0.00037087614 2.709005e-05 0.00024106237 8.108385e-05 0.00018722856 3.647688e-05 0.00026590732 0.010623728 0.2861032 8.702328e-05 3.335495e-06 0.053966522 6.777039e-05 5.3683485e-05 2.1958787e-05 0.06595969 0.00016825624 7.7580735e-05 1.0499446e-06 1.0063956e-06 3.77873e-05 0.00019735901 1.1308396e-05 0.0037396448 0.0001366843 0.00023960788 2.0934225e-07 4.0679704e-05 5.260779e-06 0.0044682752 4.0587052e-05 3.845148e-06 1.6185372e-07 0.0006579842 0.003416617 3.6831014e-05 4.1949164e-09 0.00076730433 0.0017301994 0.0018872274 0.0008276008 0.00093740784 1.2463685e-05 0.003364647 8.2244565e-05 0.0008381441 0.00032393972 1.7744753e-05 5.4005056e-08 0.00023554152
0.9586451 0.048998795 0.045219548 0.30959713 0.027548611 0.0027553448 0.0082947705 0.04319942 0.0001002254 0.06790381 0.05356306 0.3188938 0.0031613086 0.0130488025 0.052270252 0.015290319 0.012042233 0.09477134 0.009752018 0.22510226 0.006152856 0.8757326 0.014879082 0.011176804 3.4403454e-17 0.0021844911 0.072867036 0.015978254 0.5161666 0.92822516 7.379678e-05 0.00014376821 0.0009997438 0.037340507 0.005883553 0.905252 0.00021914384 0.006265113 0.067099445 0.88663495 0.002182615 0.0016753786 0.00020336517 8.415969e-05 0.007904342 0.0050097513 0.021790389 0.00016095227 0.49570736 7.208536e-05 0.004134474 0.00017758914 0.025148652 0.2866199 0.36664373 0.031736236 0.03018008 0.004883884 0.012875022 0.00064815447 0.00016960452 0.0009813898 1.9040408e-05 0.01081676 0.00010645278 0.055725276 3.643107e-06 0.22118133 0.04730237 2.1445449e-05 3.0675892e-05 0.020217368 0.005704869 0.00014191342 4.8596125e-05 0.007330903 0.0015876447 7.449707e-06 7.439807e-05 2.6298678e-05 0.00024846796 0.002029489 0.00014260002 1.3530176e-06 0.026221815 1.1528366e-05 0.04765055 3.4414768e-08 0.023134606 0.010606523 0.06684029 0.0063135494 0.020132203 0.00035772086 0.017651942 1.2957032e-05 0.00044773202 0.0027939118 1.463473e-06 2.0590171e-08 0.0005926239
0.7052787 0.000112270034 0.00010321744 0.00055014057 9.47789e-05 5.373181e-06 1.1453693e-07 1.278726e-05 7.206768e-09 0.050210584 0.04235395 1.2558326e-05 1.1820819e-06 1.0809504e-06 0.61915934 0.61448014 0.5662088 9.438904e-07 0.81646425 0.4032169 0.00021348613 0.14844069 0.8088995 0.4298944 0.0021844911 2.1324321e-15 0.37298545 0.45867696 2.838911e-06 8.3045095e-05 1.955803e-08 2.7208554e-07 0.0006004851 3.8421143e-07 0.5395048 2.9621828e-05 0.9673041 0.29240686 0.19611315 0.0025265554 0.5520566 0.193541 0.7202658 0.00033537787 0.039851233 0.017849756 0.024874115 0.012464715 0.0038495476 0.36126775 2.3066048e-07 0.05845462 8.2702246e-07 0.0016779748 0.00020222893 0.002929193 2.4594212e-06 1.1486615e-06 4.484912e-06 0.01963008 0.00067494746 0.00013427254 0.0034687023 3.7307675e-06 0.0006353211 2.9639557e-06 1.2939183e-06 0.00015118957 2.6052048e-05 3.3330198e-05 8.2769395e-05 1.6641014e-05 0.00019367134 2.228222e-05 0.00022215398 2.2955849e-06 2.1113976e-05 2.6052843e-05 0.0027775017 5.534851e-05 0.00010815309 3.5000372e-05 2.2831762e-05 6.200072e-06 1.857068e-05 4.029039e-06 7.995221e-06 2.509418e-07 9.971267e-05 0.00020702503 8.359624e-05 7.0606603e-07 7.928527e-05 1.23746095e-05 0.00030798433 7.0759896e-05 0.00011438135 0.00013653135 1.7483906e-06 4.901429e-08 2.997177e-05
0.91985315 0.000305234 0.00041123442 0.0021628765 4.7588426e-05 3.2166394e-05 1.743712e-07 4.106477e-05 1.0684363e-08 0.13497908 0.09990665 6.765853e-05 3.9801074e-07 3.1054628e-07 0.5120411 0.07735248 0.07011204 5.8771263e-07 0.057691034 0.87444943 0.00087543216 0.86810106 0.86916584 0.030023366 0.072867036 0.37298545 4.4234217e-19 0.9489497 4.4788274e-05 0.0008062751 6.174584e-07 7.059045e-07 0.000108054744 9.961002e-07 0.73176765 0.0002817063 0.03879924 0.6042864 0.87493384 0.0110971 0.3222997 0.14132743 0.052931953 5.5695778e-06 0.15731966 0.10595645 0.35079056 0.009130036 0.083878025 0.0150895 1.952866e-06 0.002750838 4.184063e-06 0.012752006 0.0017043364 0.02599554 1.382937e-05 5.786702e-06 3.6922134e-05 0.00015950308 0.0003824675 0.0018138052 2.094511e-05 6.665613e-06 0.00028732358 1.3676403e-05 9.3391577e-07 0.00804303 0.0011125908 1.3079643e-05 1.7919796e-05 7.624841e-05 0.0023393072 6.440649e-05 1.3673676e-07 1.1614919e-05 0.00012581829 5.214565e-06 0.00028349098 9.748889e-05 1.2550144e-06 2.2550641e-05 6.8184316e-05 1.0981635e-06 0.0003846087 1.5080168e-07 0.00014439892 3.6499788e-08 0.00015860208 0.00019779502 0.00031517583 9.742132e-05 0.0002532521 4.6506975e-05 0.0016577364 2.1627184e-06 3.4948587e-06 0.00033801488 7.0401194e-07 2.2245426e-07 3.808843e-05
0.68982893 0.00015599746 0.00012689292 0.00061731774 1.400651e-05 3.6282122e-06 1.2065527e-07 1.5850463e-05 1.02495274e-08 0.025683181 0.03275738 1.7145547e-05 6.1998384e-07 2.1713373e-07 0.35730574 0.06908151 0.056919828 6.3075635e-07 0.08244812 0.57743126 0.00084010785 0.49855158 0.9514576 0.036234207 0.015978254 0.45867696 0.9489497 3.289846e-17 2.9537143e-05 0.00036807344 5.1623607e-07 4.951902e-07 0.00016618994 2.574135e-06 0.9324115 0.00016172622 0.074896984 0.62347984 0.6248995 0.0053973733 0.4079052 0.25906622 0.11488981 4.5407223e-06 0.11215394 0.065107554 0.1154379 0.016720125 0.031797007 0.023262385 2.9868092e-06 0.008572484 6.4651813e-06 0.0060878634 0.00089909916 0.018160162 7.7565455e-06 5.473084e-06 1.3022092e-05 0.0005477721 0.000985066 0.0015771879 0.00012465606 8.093571e-06 0.0006744588 9.082393e-06 2.1819321e-07 0.0026630256 0.00047907227 2.873185e-05 3.443412e-05 6.391636e-05 0.0011266608 0.00020075717 1.070856e-06 4.2922484e-06 0.00013799366 1.3505445e-05 0.00055018935 0.00027657714 1.4368021e-06 7.724446e-05 9.0922345e-05 6.884095e-07 0.00019954644 7.724014e-08 5.5916247e-05 1.4257208e-07 6.5693326e-05 9.823982e-05 0.00016112767 1.123876e-05 7.6523844e-05 8.968798e-05 0.0005477191 1.0511649e-06 1.3745279e-06 0.00042053615 1.5918334e-06 8.9470984e-07 7.4519103e-06
0.733712 0.00260144 0.0027804982 0.09953744 0.0029002174 0.00046218824 0.095850945 0.111222416 0.00615351 0.00041301918 0.00032386402 0.5026798 0.059393857 0.5133447 5.370151e-05 5.6203342e-05 2.0675641e-05 0.78760093 1.4271233e-05 0.00018326576 0.0004181923 0.0067396946 2.7701388e-05 4.3279642e-06 0.5161666 2.838911e-06 4.4788274e-05 2.9537143e-05 5.005526e-22 0.9375344 0.004068836 0.023328604 4.4389562e-06 0.98899955 1.7702099e-06 0.6293846 1.4204711e-07 5.962227e-06 2.744558e-05 0.17977439 1.3337362e-07 7.849436e-08 1.3917718e-06 2.667195e-08 4.581974e-06 2.0438279e-06 1.2678797e-05 6.1501865e-08 0.0016078376 1.7456514e-06 0.2155535 8.922511e-08 0.14119162 0.004646311 0.08112628 1.0855946e-05 0.08277236 0.11035163 0.031127501 2.6254675e-05 1.3476753e-07 1.1903525e-06 8.3159575e-06 0.031874344 2.534577e-08 0.028401945 4.2562917e-08 0.0038888596 0.0016596495 8.5884714e-08 6.0312644e-08 0.001880771 4.031958e-05 3.8192272e-07 6.2397794e-06 0.018451525 2.3862626e-07 1.854056e-07 9.202437e-07 2.8126687e-08 3.3633314e-05 1.5254662e-06 6.865135e-09 2.0694735e-07 0.00021164182 7.197894e-09 0.01060894 2.4273344e-10 0.01704807 0.0057695736 0.0019574435 0.0070091197 0.006412563 3.7540083e-08 0.0003878565 7.891574e-08 1.02696595e-05 7.533451e-05 5.466334e-08 4.73915e-09 0.00029531945
0.81425256 0.002370475 0.0031150186 0.12979633 0.002794533 0.00040897127 0.029821252 0.06345183 0.0011575414 0.002848126 0.0022518514 0.41709182 0.013184819 0.12497667 0.00047090536 0.00046413904 0.00020097346 0.18188588 0.00012360685 0.003437959 0.00038218693 0.25532284 0.0002801353 0.0001515655 0.92822516 8.3045095e-05 0.0008062751 0.00036807344 0.9375344 8.5157675e-20 0.003647613 0.0040969253 5.5444554e-05 0.47279072 0.00012056757 0.96377486 2.211426e-05 0.00016288555 0.00092597964 0.676377 3.6451577e-06 4.4327667e-06 2.6292457e-05 3.1910279e-06 0.00010312317 8.275945e-05 0.0005759543 2.9387227e-06 0.05888443 0.000109360466 0.12560695 1.015365e-06 0.1389811 0.06438847 0.34915906 0.0003246108 0.19975244 0.043634884 0.03339076 0.00080843404 9.5194555e-06 4.111764e-05 9.03952e-05 0.03873492 7.2245365e-07 0.07182971 1.0462462e-06 0.025553739 0.0152501045 3.3850225e-07 1.02731754e-07 0.011302074 0.00019416641 2.168532e-06 4.5878744e-05 0.031800903 6.3535035e-06 1.3469538e-06 1.8292071e-06 8.488819e-06 0.00042398868 1.8791323e-05 4.6177848e-07 4.666651e-07 0.0015600915 1.5623566e-06 0.022349004 1.7010301e-09 0.018000644 0.00878587 0.010357034 0.01027672 0.01264049 4.0074833e-06 0.0010863958 9.835362e-07 0.00046927237 0.00032614806 5.7210798e-08 4.17849e-09 0.00043494703
