3.2403902e-22 0.9850656 0.9740292 0.9255455 0.7905552 0.9534672 0.96132886 0.7445654 0.8670116 0.9610187 0.9046794 0.96856457 0.8606933 0.8993483 0.90208066 0.9929127 0.82813275 0.90856105 0.9837837 0.8539821 0.9038032 0.82741743 0.94641024 0.83477294 0.9523172 0.97090805 0.71352875 0.7610869 0.8578637 0.77740186 0.82676584 0.9948634 0.8177747 0.7790598 0.917498 0.8611516 0.998201 0.50448793 0.89299273 0.9388951 0.85554135 0.7912655 0.39967513 0.6474996 0.9447987 0.83756995 0.82284474 0.55293363 0.9973735 0.73672354 0.86735946 0.9059879 0.99439573 0.2187506 0.1778805 0.560015 0.34301534 0.61869925 0.03860314 0.094267905 0.23527789 0.023501312 0.99273646 0.06386912 0.0013944197 0.0007652608 0.05155992 0.6346594 0.019479653 0.00012930832 0.022471443 0.09639716 0.0022703095 0.03168009 0.98724544 0.9574423 0.08377645 0.037780575 0.99960285 0.0013886151 0.95815676 0.5131917 0.27965942 0.80640125 0.5998068 0.0014066616 0.0004986509 0.00013550698 0.0001543426 0.5523945 0.92181975 0.61810076 0.92658556 0.9736128 0.0014346463 0.00054672256 0.9844697 0.6140691 0.0014078091 5.375552e-05 0.2673142
0.9850656 1.9958653e-16 0.86861616 0.84210235 0.84246093 0.5052836 0.08709039 0.5935968 0.66019875 0.012283334 0.5885675 0.19288006 0.058149427 0.0059496635 0.0005542505 0.7109706 0.00022870913 0.55588263 0.01388683 0.00020797331 0.5660634 0.010590714 0.024657458 0.2821516 0.0055775326 0.11259958 2.7821849e-05 0.00043131493 0.030393885 0.29738095 0.0006873154 0.0335719 0.19869602 0.2554695 0.41478115 0.10618973 0.10510703 0.08635764 0.30723017 5.3527765e-07 0.018377373 3.310275e-05 0.021736637 0.016857082 3.0349788e-06 0.12662835 0.0034209925 0.13349813 0.0003584699 0.001416201 0.16940336 0.00066706055 4.2299616e-06 0.024157919 0.019462077 0.09008497 0.029824467 0.06814704 5.5578912e-05 3.481581e-05 3.151228e-07 0.00052872935 0.0019950003 0.00023099077 2.2726706e-05 0.00023181815 0.0130241485 1.9815212e-05 0.00020388074 1.3935204e-05 0.001429158 0.00010996937 0.000236206 0.0003751915 0.00022839592 8.658347e-05 1.4652201e-06 0.0011860472 0.010888842 8.411885e-05 0.0014497922 0.0005752248 4.9056803e-06 4.4325047e-06 3.0327396e-06 0.00019977381 7.168602e-05 2.9679992e-05 5.654851e-05 2.2023361e-05 0.001552671 3.5801058e-06 0.0010509696 0.0017245944 0.0004472515 0.00013073167 0.0021283675 0.0016459177 1.1033676e-05 0.00010721722 3.8463597e-07
0.9740292 0.86861616 5.695025e-16 0.8853408 0.65123606 0.13845603 0.013187165 0.47914553 0.43634874 0.0019172267 0.72580576 0.7796565 0.013020566 0.000330494 0.00012411608 0.72573084 0.000112516456 0.2873232 0.0045570256 1.944443e-05 0.4362873 0.001948159 0.11097751 0.58249235 0.032332826 0.22805944 7.410967e-06 0.0001064269 0.10031364 0.21031299 0.01653046 0.09397456 0.3760546 0.110992804 0.5876739 0.26008528 0.07011928 0.028511897 0.35262582 5.3577942e-08 0.0019071177 0.00043935358 0.008771462 0.007592436 3.8872375e-05 0.042932265 0.0004900458 0.15122598 0.0016145076 0.00043290667 0.26715946 0.00012107895 5.4743083e-05 0.041884135 0.025615431 0.07177848 0.0643767 0.036207754 1.691465e-05 1.5117376e-05 3.4970674e-07 9.1539194e-05 0.0006307895 0.0012002648 2.5572897e-05 0.00013626365 0.010596524 0.0009841227 0.0007431138 1.5110992e-05 0.0030666078 0.000643424 0.0002744303 0.00036946335 0.00036742075 0.00014995951 7.578972e-05 0.0027852594 0.0054637105 0.00010076123 0.0009190777 0.00034901494 2.0221745e-05 4.192629e-05 4.541145e-05 0.00024397325 9.228619e-05 2.3474619e-05 6.074e-05 0.0001551312 0.0018770528 1.549283e-05 0.0004726608 0.001160226 0.00068218657 0.0001379355 0.0018836223 0.00058677874 3.4538312e-05 0.00019304329 1.3810141e-05
0.9255455 0.84210235 0.8853408 7.797312e-16 0.8657827 0.09849984 0.007902632 0.61532855 0.53683186 0.000856577 0.8012127 0.51836467 0.0101214945 0.0004245697 0.00018817354 0.25619367 0.00014737814 0.32686627 0.003022543 3.533283e-05 0.55869025 0.0010217075 0.034269046 0.5273022 0.014811868 0.09514082 7.4389795e-06 5.0985254e-05 0.020956932 0.2881693 0.0048867026 0.04442863 0.33209503 0.1405716 0.59218484 0.17754777 0.027164262 0.04570958 0.45515367 1.2182734e-07 0.0017026047 0.00043701305 0.01572578 0.0061964286 3.3097007e-05 0.14137344 4.7482576e-05 0.3195409 0.0003990668 0.0002115811 0.28432223 0.00012322905 1.6159633e-05 0.09736609 0.06485405 0.2796673 0.09649535 0.14036456 1.4810398e-05 3.8997864e-06 5.5553716e-08 0.00025316013 0.00029297546 0.0017202274 1.2148458e-06 6.196747e-05 0.04544506 0.0002865314 0.002182463 1.3040889e-06 0.021541528 0.000808613 0.0013164572 0.0020129438 0.0001362105 3.8484293e-05 3.3696462e-05 0.022428386 0.0034028068 0.00050579925 0.0003865519 0.0001275858 3.902316e-06 4.3873997e-06 5.964368e-07 0.0006582741 9.236992e-05 4.379787e-06 3.3670156e-05 1.5439493e-05 0.00073325605 7.410833e-06 0.0002747639 0.00056595233 0.0010484958 9.857457e-05 0.0014379639 0.00032411556 1.2838862e-05 8.836396e-05 3.2669698e-07
0.7905552 0.84246093 0.65123606 0.8657827 1.348544e-17 0.19974455 0.0035063084 0.8539857 0.8134308 0.0009468748 0.6896323 0.13642062 0.021030156 0.0008318568 0.00020263414 0.049835388 0.00024609582 0.4761097 0.0032362242 9.679989e-05 0.507887 0.00040564223 0.0028145886 0.08277653 0.0014186822 0.010519111 8.443581e-06 0.000110727065 0.0005330912 0.2728559 0.0005792837 0.0032735746 0.033021107 0.120880544 0.18371339 0.008376546 0.004070355 0.032129984 0.14958271 5.345364e-07 0.002140077 6.1833416e-05 0.0101655 0.005231678 2.6589385e-06 0.07143322 4.4862318e-05 0.13420132 1.0552011e-05 0.0002705392 0.032912776 4.126503e-05 1.3829494e-06 0.02840235 0.016597874 0.19922018 0.03712748 0.11963722 0.00010719852 9.597403e-06 1.6990067e-07 0.0011615346 0.000119835066 0.00012496293 8.675113e-06 0.00028192133 0.033529025 3.563104e-05 0.00058919616 8.057705e-06 0.011786229 8.8257926e-05 0.00097623945 0.006721151 4.318397e-05 7.670363e-06 3.0266142e-06 0.009297408 0.0018765992 0.00038869225 0.00026154425 7.673885e-05 2.2038938e-08 8.722643e-07 2.2062657e-08 0.00096845475 7.6753706e-05 1.3366522e-05 5.816855e-05 9.355769e-06 0.00030335787 1.6862143e-07 0.00016432302 0.00040379495 0.0007500672 6.252882e-05 0.00065358944 0.00018290555 4.192207e-06 5.245537e-05 4.366903e-08
0.9534672 0.5052836 0.13845603 0.09849984 0.19974455 5.175039e-18 0.6506556 0.09761975 0.23140095 0.34336096 0.0029858127 0.0016616902 0.90603274 0.61177355 0.030314121 0.102564156 0.014769615 0.81188387 0.052982923 0.008648581 0.54287827 0.51442665 0.001838444 8.0590304e-05 0.0004561876 0.007582591 0.0016929877 0.12638909 4.3020486e-07 0.28029594 3.3952136e-05 0.006668726 0.00093434565 0.67144006 0.00445017 1.40690845e-05 0.05084366 0.62104475 0.031793125 4.1438627e-05 0.71397567 5.202326e-06 0.43180522 0.5396119 2.756083e-07 0.6501924 0.005538447 0.03128825 0.000109981316 0.0045082406 0.0005117048 0.0014109792 9.656984e-07 0.0064498046 0.0057821795 0.13662666 0.0005937941 0.33991328 0.17075984 0.00024996744 7.4766467e-06 0.034537982 0.0027734705 5.519177e-06 0.0012718434 0.003886904 0.043533277 1.1637959e-05 2.926791e-06 7.8166544e-05 0.0010832961 2.0898392e-06 0.0008392334 0.016013134 9.6524534e-05 0.000112584305 1.01309e-06 0.00012418228 0.0058583273 9.886832e-05 0.0013233324 0.001170969 2.426055e-08 9.567903e-06 1.0216114e-06 0.0008085702 1.1503294e-05 2.6976382e-05 9.4545714e-05 8.093228e-05 0.0014676158 1.36848355e-08 0.00088892056 0.0009301196 0.0017602651 1.2455904e-05 0.0009855448 0.0013878387 6.228771e-07 4.5159406e-05 2.3504917e-06
0.96132886 0.08709039 0.013187165 0.007902632 0.0035063084 0.6506556 2.6811633e-17 0.0012375986 0.0026155447 0.9394729 7.472516e-05 0.00043415587 0.50518304 0.7893374 0.4795488 0.34063938 0.4029839 0.04102835 0.6093215 0.2526607 0.011859669 0.44859847 0.0014327329 2.322533e-05 0.000399288 0.0116801 0.071908064 0.2404076 2.2586141e-06 0.0016160188 4.409907e-05 0.008354411 5.9924252e-05 0.006577395 4.9940095e-06 2.4238095e-06 0.31776828 0.027179183 2.3798673e-05 0.025830416 0.11804688 9.076514e-06 0.017926762 0.047288645 1.3957289e-06 0.0061160955 0.02611044 1.0608212e-05 0.00094119256 0.018764583 9.2054916e-07 0.007245568 3.1821023e-06 7.282716e-06 1.5239738e-05 2.1070144e-05 2.7624878e-07 0.00080930267 0.0067169997 0.002103837 0.0013816134 0.000516019 0.027344853 4.363564e-08 0.00034871732 0.00022779402 1.9774438e-05 1.4781697e-05 2.2608953e-07 3.5595993e-05 1.1180077e-06 9.4646117e-07 2.5713084e-06 0.00010914136 0.0005647672 0.00013560483 2.3096832e-06 2.8140113e-07 0.013443598 4.8480656e-06 0.004667106 0.007159707 3.0040533e-07 0.000100453144 2.26288e-05 4.0707648e-05 2.211429e-06 6.8598306e-06 3.0068253e-05 0.00017040105 0.0042130426 2.806424e-07 0.0036319185 0.0045586554 5.068468e-05 5.8947376e-06 0.005228506 0.003974407 1.389765e-06 3.936333e-06 1.210518e-06
0.7445654 0.5935968 0.47914553 0.61532855 0.8539857 0.09761975 0.0012375986 2.3712843e-19 0.8840952 0.00039939026 0.42530352 0.039302696 0.009532412 0.00022651309 8.8651956e-05 0.014836489 5.8836093e-05 0.48501414 0.0012595977 2.0093063e-05 0.5891429 9.182099e-05 0.0012047781 0.046406828 0.0009673295 0.0036568223 9.432389e-07 2.19461e-05 9.06983e-05 0.43666345 0.00020114315 0.0014805152 0.01822706 0.1932795 0.21890807 0.001955905 0.0019871674 0.041069124 0.20252931 8.704789e-08 0.0012741185 2.2723043e-05 0.008538091 0.0040044077 8.4118045e-07 0.09655996 1.5480783e-06 0.18668006 1.1878208e-05 2.756246e-05 0.020608518 1.2622276e-05 2.5908145e-07 0.04765438 0.02483928 0.32289973 0.019605963 0.26820087 0.00015641353 4.634097e-06 8.2048906e-08 0.00072040304 4.3260017e-05 0.00011952291 1.26455525e-05 6.173342e-05 0.08058213 1.0623033e-05 0.000361612 4.066421e-06 0.024752937 3.7372396e-05 0.0022445424 0.015541679 9.610289e-06 8.872257e-07 7.089762e-07 0.0067715826 0.0008211424 0.00067966635 6.227245e-05 3.974166e-06 1.4996262e-08 4.7674845e-08 2.3565394e-09 0.001209143 3.9986397e-05 3.930862e-05 0.00014176653 2.7289254e-08 4.2045172e-05 5.7655548e-08 1.235401e-05 0.00011680674 0.00085935893 3.304837e-05 0.00019865781 1.0117648e-05 7.976937e-07 2.7454114e-05 6.589957e-09
0.8670116 0.66019875 0.43634874 0.53683186 0.8134308 0.23140095 0.0026155447 0.8840952 1.6251225e-17 0.0007739739 0.2533453 0.02012574 0.030498784 0.0009117989 0.0001551037 0.011451621 0.0002087232 0.69464546 0.0019733296 5.8795988e-05 0.77649873 0.0009805998 0.001487513 0.017506823 0.0012922757 0.004038148 5.8451787e-06 0.00012356348 6.107457e-05 0.61291325 0.00012036595 0.0024184368 0.0211463 0.39482546 0.32254717 0.0029183312 0.0016005102 0.110035285 0.38831267 1.1556007e-07 0.006521079 5.0783165e-06 0.02144626 0.015581154 4.0080315e-07 0.22138852 2.790147e-06 0.28077847 5.49166e-06 3.1228756e-05 0.036942966 3.8241076e-05 2.94005e-07 0.058656715 0.048535433 0.5493449 0.03253 0.49983764 0.00063081 1.6437856e-05 1.8219393e-07 0.0016923452 8.248697e-05 0.00024274322 1.7942659e-05 0.0002979711 0.15212871 2.5518386e-06 0.0008660545 6.1918236e-06 0.032385565 7.950273e-05 0.002881439 0.04048322 2.4723574e-06 1.4152214e-06 6.5615876e-07 0.015099152 0.0008315363 0.0010565338 4.175933e-05 3.174685e-06 1.129823e-07 6.5101304e-08 5.2961386e-09 0.0020074311 0.00014024806 7.595455e-05 0.00015316384 9.464485e-09 7.626488e-06 8.199353e-08 1.2159091e-05 4.8745773e-05 0.0024417813 6.505479e-05 4.5336714e-05 1.04942055e-05 5.663618e-06 0.000110737616 5.9870433e-09
0.9610187 0.012283334 0.0019172267 0.000856577 0.0009468748 0.34336096 0.9394729 0.00039939026 0.0007739739 5.939623e-17 1.9421874e-05 7.268725e-05 0.29505137 0.7499507 0.8644609 0.065325156 0.86696696 0.01179879 0.59563243 0.5934227 0.0019889951 0.44448113 0.00040830782 7.5527405e-06 8.4429084e-05 0.003179894 0.31469166 0.31884634 1.0845716e-06 0.0003070069 1.3799596e-05 0.0014751554 1.606893e-05 0.0007480958 1.6679687e-07 2.378397e-07 0.07740113 0.0050648395 1.2235008e-06 0.24058811 0.13350631 1.8497669e-06 0.0054097003 0.02606335 1.08530784e-07 0.000775938 0.119923115 5.2613984e-07 0.00027045794 0.034933854 1.1723522e-07 0.012271111 8.859998e-07 5.969404e-07 1.7477536e-06 1.9288952e-07 6.243511e-08 5.2398467e-05 0.0050802785 0.0021085856 0.0010823668 0.00026619327 0.035400335 1.03502344e-07 0.00026171992 0.00024586474 1.5546273e-05 8.967349e-06 6.396545e-07 3.484298e-05 1.1891124e-06 5.9055606e-07 2.2432764e-06 2.2640867e-05 0.00073119317 0.00017888985 1.6944462e-06 4.42919e-07 0.024907436 2.697912e-06 0.0069168555 0.010384599 2.7860677e-08 0.00018054101 3.700282e-05 8.62252e-05 2.3464065e-06 2.855894e-06 1.9758281e-05 0.00019797412 0.0037598189 2.4722218e-07 0.00899293 0.007397873 4.4985063e-05 7.132103e-06 0.0041003926 0.008274312 1.0820035e-06 7.7172956e-07 1.5810945e-06
0.9046794 0.5885675 0.72580576 0.8012127 0.6896323 0.0029858127 7.472516e-05 0.42530352 0.2533453 1.9421874e-05 3.3717182e-17 0.5777824 3.2043847e-06 4.76703e-06 3.005376e-06 0.028619545 4.9425958e-06 0.043182973 8.406697e-05 2.3139611e-07 0.24057429 6.221419e-06 0.00925481 0.8591841 0.0069721555 0.015410038 7.3937105e-07 5.700523e-07 0.031119648 0.2984065 0.004318883 0.0107529815 0.6987938 0.038036995 0.86412966 0.19474652 0.00078353763 0.006821417 0.6654174 1.4230385e-08 9.073701e-06 0.00038353095 0.001829011 0.00062703784 1.2596398e-05 0.04497836 7.699931e-07 0.35742548 3.7088812e-05 7.6064116e-06 0.3696547 3.4317202e-06 2.4099893e-06 0.16324419 0.099010244 0.32666424 0.27149707 0.102236494 9.4822843e-07 5.6288894e-07 1.0965266e-08 5.761565e-06 3.1445994e-05 0.008021773 2.5610578e-07 1.0207462e-05 0.057605542 0.0001738582 0.016117264 3.1521745e-07 0.05439011 0.0010233237 0.0029906686 0.004120775 3.55938e-06 4.2123493e-06 1.7945738e-05 0.14698566 0.0003779224 0.0014305817 1.0460133e-05 3.205063e-08 8.902024e-07 2.4509603e-07 4.261986e-08 0.0012301945 0.00068843167 2.1235287e-06 1.9165513e-05 1.010529e-06 0.00011429552 1.8111871e-06 7.355623e-06 9.6363125e-05 0.0008275976 0.00017727305 0.00027782912 1.7904073e-06 0.00011386905 0.00033654636 3.8559054e-07
0.96856457 0.19288006 0.7796565 0.51836467 0.13642062 0.0016616902 0.00043415587 0.039302696 0.02012574 7.268725e-05 0.5777824 5.3319697e-16 1.0913392e-05 4.470425e-05 1.0636627e-05 0.7358031 1.6085292e-05 0.010518263 0.00061418547 6.1889153e-07 0.031631656 6.9280126e-05 0.72662514 0.77597857 0.8165494 0.64041924 2.3930552e-06 6.3258135e-06 0.7940993 0.010235454 0.76121163 0.41516596 0.5394026 0.002739928 0.34435517 0.6696064 0.059754606 0.0017972295 0.09595333 6.46869e-08 4.7616004e-06 0.046585694 0.00030206857 4.4467968e-05 0.010405506 0.00096608355 0.00015368195 0.024278415 0.040781286 0.0007622616 0.5470192 0.00022577573 0.010565454 0.006020694 0.0034086127 0.0016806036 0.06608073 0.00036521573 1.7907154e-05 5.900784e-06 1.15086806e-07 1.5170323e-05 0.00082752074 0.012962063 6.445844e-06 0.0001024182 0.00039316004 0.0040123058 0.0010918957 1.9745343e-05 0.00029419252 0.03944386 7.635101e-05 0.0002649841 0.0015161415 0.0010489232 0.0005272507 0.0038548692 0.006323884 6.6906774e-05 0.0007725624 0.00058207335 0.008181775 0.00027105052 0.00033692 0.0010031582 1.2306913e-05 1.9051669e-07 1.4717182e-06 0.001407032 0.0071580615 0.00020575647 0.0008787947 0.0025175577 0.0006379755 0.00016128017 0.0051812883 0.0011993197 0.0002680785 4.492491e-05 0.0005894176
0.8606933 0.058149427 0.013020566 0.0101214945 0.021030156 0.90603274 0.50518304 0.009532412 0.030498784 0.29505137 3.2043847e-06 1.0913392e-05 7.8622884e-20 0.8802682 0.026557583 0.0042824545 0.04181086 0.4990052 0.01798338 0.009532639 0.045739878 0.83476967 4.5355505e-06 7.6292696e-07 3.458622e-06 1.6991753e-05 0.038300823 0.27455232 3.43866e-09 0.016161492 4.9427393e-07 1.860892e-05 5.9584413e-06 0.4356954 1.4160814e-06 2.9165125e-08 0.003064877 0.5512559 3.6293874e-05 0.00014032044 0.7382376 1.0926919e-07 0.37685663 0.31489712 7.1335475e-09 0.32237494 0.00014998425 0.0005005701 7.906203e-08 0.0011501025 5.756937e-07 0.00024090608 2.542919e-09 5.9734994e-05 0.00022437065 0.011369434 1.1570855e-06 0.06634478 0.24346137 0.001660138 3.0037669e-05 0.035107568 0.00031339936 2.8587113e-08 0.00782343 0.011611541 0.004219865 4.6652872e-08 6.1547745e-08 0.00095553795 7.417582e-05 3.1522553e-09 8.519894e-05 0.0016912015 2.5487557e-07 1.6179108e-07 1.1479713e-08 3.9692097e-07 0.0012894886 9.39701e-06 7.4248295e-05 9.178405e-05 2.603375e-10 1.0898854e-08 1.1412309e-10 0.00019568238 1.5001964e-07 3.159199e-05 0.00016514577 4.7916515e-08 5.7891946e-05 1.6763582e-09 0.00014649547 0.00036286772 0.00037026947 1.0081106e-07 0.00044472885 0.00021048023 2.9494903e-08 6.763724e-07 5.1455546e-09
0.8993483 0.0059496635 0.000330494 0.0004245697 0.0008318568 0.61177355 0.7893374 0.00022651309 0.0009117989 0.7499507 4.76703e-06 4.470425e-05 0.8802682 2.0800933e-18 0.245153 0.006427487 0.8311598 0.036854748 0.1518382 0.1935358 0.0026423587 0.9010357 4.995741e-05 4.6287837e-06 5.241856e-05 0.00015561782 0.66698056 0.66769713 1.01921984e-07 0.002352415 1.0048874e-05 0.0001315891 2.4059098e-05 0.021555766 1.5702017e-06 6.987658e-07 0.011247039 0.10377116 1.1126814e-05 0.059182417 0.5722786 3.4217132e-06 0.109284766 0.28504574 4.6603094e-07 0.11620747 0.0066315522 1.1986703e-05 7.964308e-06 0.008956878 2.7317403e-06 0.0014495115 1.097416e-06 1.4839267e-05 1.5659944e-05 0.000108475266 2.3960558e-06 0.005041816 0.13155147 0.005127468 0.0012443165 0.020146402 0.003198114 1.0273847e-06 0.0021639648 0.0035107166 0.0004962949 6.184414e-07 2.0813857e-06 0.00034332718 7.711671e-06 1.2397773e-07 6.636642e-05 8.048531e-05 5.941722e-05 9.009995e-06 2.5938107e-07 3.0166737e-07 0.005015889 3.0754745e-05 0.0006411209 0.00077500136 1.525059e-08 9.612521e-07 6.179913e-08 0.000112403206 6.2243714e-07 9.941433e-07 7.161793e-06 3.5119451e-06 0.00064386654 3.0704967e-08 0.00091970473 0.0005917268 0.00012834693 7.5276653e-06 0.00038620515 0.0021025024 3.0215975e-07 4.45457e-06 2.3088474e-07
0.90208066 0.0005542505 0.00012411608 0.00018817354 0.00020263414 0.030314121 0.4795488 8.8651956e-05 0.0001551037 0.8644609 3.005376e-06 1.0636627e-05 0.026557583 0.245153 1.1667609e-16 0.05133457 0.8638722 0.00067541876 0.6319501 0.96908414 0.00018356627 0.1447129 6.6714805e-05 1.0599296e-06 1.253974e-05 0.0009598818 0.23688239 0.14133628 1.7776578e-07 3.4037756e-05 3.2934524e-06 0.00044625477 1.3666681e-06 0.000119869466 2.1340345e-08 4.0158884e-08 0.11245322 0.00028843 7.519572e-08 0.49541515 0.04184718 4.9463944e-07 0.000591441 0.003866911 2.5457057e-08 0.00030277923 0.28549856 3.4662133e-08 0.00022976198 0.077344105 5.6059207e-08 0.028197054 1.3817063e-06 9.7159706e-08 3.8567586e-07 8.307055e-08 3.0073597e-08 5.834469e-06 0.0013062473 0.0057838582 0.008169518 9.832437e-05 0.10740445 1.9058865e-07 5.6474564e-05 9.1604954e-05 3.1981992e-06 2.0635878e-06 2.3673358e-07 1.2560301e-05 2.480152e-07 2.1959258e-06 6.7114473e-07 1.8686742e-05 0.0016067469 0.00024479808 4.6904685e-07 1.0787567e-08 0.048287608 6.247046e-07 0.014934069 0.02203016 8.259843e-09 0.00025361998 9.402101e-06 1.1120682e-05 1.2163846e-07 2.5773025e-07 2.238005e-06 9.248734e-05 0.0045411796 6.192537e-08 0.014733355 0.008820926 2.5481944e-07 7.100778e-07 0.004702865 0.018036695 8.8363905e-08 5.401742e-08 1.4039215e-06
0.9929127 0.7109706 0.72573084 0.25619367 0.049835388 0.102564156 0.34063938 0.014836489 0.011451621 0.065325156 0.028619545 0.7358031 0.0042824545 0.006427487 0.05133457 1.092205e-17 0.0021731502 0.010554342 0.42358255 0.006313194 0.011617999 0.0009145574 0.6466716 0.014732701 0.35462606 0.75223976 3.2260737e-05 0.00012976144 0.010190573 0.0022243615 0.037756715 0.3271485 0.008890007 0.003131829 0.0021113202 0.009154724 0.76514494 0.0030958422 0.00095014204 7.3963447e-06 0.00045565233 0.0045125317 0.0007239462 0.0001673666 0.0054485034 0.00023766661 0.24276096 0.00026586064 0.17719018 0.04634399 0.00027278435 0.046672396 0.005537789 0.0003691495 0.00039441398 8.6183594e-05 1.0983964e-05 0.00012573277 0.00037654737 0.00032085957 1.0823361e-05 2.7839289e-05 0.039165147 1.0369422e-05 0.00013606029 0.0001321156 0.00034111494 0.00017571627 7.2709604e-06 4.1857576e-05 2.5353445e-05 0.0002150141 9.046203e-05 0.002375789 0.0036443602 0.010189742 3.1268048e-06 0.0005894831 0.06670777 1.6676586e-05 0.012575801 0.00870839 2.7254546e-05 0.0004123743 0.008092518 0.0013225749 3.37099e-05 6.4341502e-06 8.635023e-06 0.0007766808 0.012357658 6.190575e-05 0.0073419157 0.009215133 0.008972164 1.1872228e-05 0.010735684 0.004236872 1.2319572e-05 6.79934e-05 0.0001607363
0.82813275 0.00022870913 0.000112516456 0.00014737814 0.00024609582 0.014769615 0.4029839 5.8836093e-05 0.0002087232 0.86696696 4.9425958e-06 1.6085292e-05 0.04181086 0.8311598 0.8638722 0.0021731502 2.0117261e-16 0.00048790278 0.14192149 0.9522752 8.8916975e-05 0.1788428 3.367539e-05 2.0801556e-06 1.42154995e-05 0.00012381333 0.8553 0.33249164 1.0080669e-06 8.0658196e-05 1.528754e-05 6.057883e-05 4.8861543e-06 0.00017583546 9.488566e-08 1.0071155e-06 0.011866938 0.0006048768 6.5733747e-07 0.7635008 0.078784235 5.575328e-06 0.001327091 0.012508072 5.6412335e-07 0.0004648188 0.014730445 6.910568e-08 2.1523636e-05 0.017289089 4.2020936e-08 0.00724486 6.311204e-07 2.0987867e-08 1.6756023e-07 2.8038053e-07 6.2378067e-09 1.10382225e-05 0.0055789026 0.023898903 0.021598361 0.00038476757 0.010489189 7.282744e-08 0.00029531243 0.00022054375 2.4675476e-06 4.3294316e-05 3.8751966e-07 3.596163e-05 7.2014124e-08 9.112551e-06 7.207435e-07 4.584913e-05 6.534866e-05 3.0743337e-05 2.4692777e-06 2.311071e-08 0.015032177 1.9472986e-07 0.0031504408 0.004932901 7.190295e-08 5.4093052e-06 3.588992e-07 1.2077317e-05 2.3495716e-07 7.296784e-07 9.355913e-06 3.435679e-06 0.0012106943 1.9625848e-07 0.0029358827 0.0033389453 2.8839024e-05 1.4881946e-06 0.0016859203 0.008395585 2.3567036e-07 6.643547e-08 1.2802956e-08
0.90856105 0.55588263 0.2873232 0.32686627 0.4761097 0.81188387 0.04102835 0.48501414 0.69464546 0.01179879 0.043182973 0.010518263 0.4990052 0.036854748 0.00067541876 0.010554342 0.00048790278 8.9420454e-17 0.0012130525 6.554433e-05 0.8426018 0.025636217 0.00020442433 0.00030408314 0.0002697007 0.00051674887 6.867474e-05 0.0020152247 8.2320287e-07 0.73532826 4.545443e-05 0.0010014735 0.0005076881 0.9153705 0.013198652 1.9265404e-05 0.0018279344 0.76389545 0.07493869 1.1123742e-06 0.3482372 4.2477686e-06 0.3710555 0.1443469 2.4961581e-08 0.56194395 1.3263136e-05 0.15924814 1.5039016e-06 0.0003073462 0.0013892894 6.604026e-05 5.835821e-08 0.028602852 0.021692064 0.37741387 0.0037093712 0.5632969 0.02639868 6.0840586e-05 5.1496494e-07 0.015899744 0.0004113215 2.4872709e-06 8.8437984e-05 0.0031062244 0.14479722 9.693166e-08 1.6010683e-05 1.438252e-05 0.022297854 1.6786557e-07 0.0044943965 0.07906103 2.5008546e-06 3.3350275e-06 5.4882097e-08 0.0045422735 0.0016894136 0.00068902643 0.00023273102 7.230913e-05 4.357723e-09 1.04724194e-07 1.2224399e-09 0.0023067722 6.936137e-05 0.00042504395 0.0008264785 1.6442671e-07 0.00011405435 1.2416717e-09 9.2952e-05 0.00012984946 0.011365402 3.479571e-06 0.0002838454 0.00025521065 8.36732e-07 3.6462337e-05 1.9184354e-08
0.9837837 0.01388683 0.0045570256 0.003022543 0.0032362242 0.052982923 0.6093215 0.0012595977 0.0019733296 0.59563243 8.406697e-05 0.00061418547 0.01798338 0.1518382 0.6319501 0.42358255 0.14192149 0.0012130525 2.89723e-15 0.56897473 0.0004656893 0.015482993 0.0053914706 3.0738e-05 0.0009864478 0.07593551 0.01686316 0.011087378 2.7377246e-05 9.893878e-05 0.00010698261 0.05086816 2.1696998e-05 0.00081546465 4.918709e-06 4.2562597e-06 0.7865254 0.0020917496 1.2611878e-05 0.011845331 0.010756053 4.8662536e-05 0.002760155 0.0023983433 0.00015755103 0.00046528515 0.8124702 4.192829e-05 0.037891395 0.3624136 2.8067893e-06 0.28642738 0.00056512957 3.718174e-05 6.364666e-05 2.1210788e-05 1.2566886e-06 0.00036180657 0.006086456 0.0016391661 0.0018007415 0.00085695786 0.3987907 0.000114285176 0.0022439142 0.004038564 0.00084225787 0.00047452518 4.7213816e-05 0.0019965218 0.00070051197 9.1176145e-05 0.0009986262 0.019255174 0.022917379 0.021793423 3.7069203e-06 0.0056083305 0.36659348 0.002379373 0.11823603 0.20009357 9.0048325e-06 0.0049709305 0.003712939 0.056741748 0.0001473846 2.8360659e-05 3.4856872e-05 0.0030607672 0.02964313 1.2396745e-05 0.07936665 0.04684178 0.03898978 6.940292e-05 0.027914926 0.07811695 6.248763e-05 0.0043110214 0.00014293687
0.8539821 0.00020797331 1.944443e-05 3.533283e-05 9.679989e-05 0.008648581 0.2526607 2.0093063e-05 5.8795988e-05 0.5934227 2.3139611e-07 6.1889153e-07 0.009532639 0.1935358 0.96908414 0.006313194 0.9522752 6.554433e-05 0.56897473 7.3806987e-20 4.417486e-06 0.043342616 1.4771973e-05 1.10384434e-07 1.6770371e-06 0.0001363835 0.3349995 0.05346632 4.41382e-09 2.3108596e-06 1.6326682e-07 5.816344e-05 6.553473e-08 4.6176745e-05 2.4727191e-09 2.427956e-09 0.06335161 0.00017443433 1.9872761e-09 0.56881535 0.009340525 2.4448214e-08 0.00029485373 0.0009777987 1.4674184e-08 5.0959687e-05 0.33914334 9.580215e-09 3.8631086e-05 0.1274955 2.0089276e-08 0.043446284 6.744011e-08 2.7773877e-08 8.6386954e-08 2.5990861e-08 1.3873026e-09 8.0978674e-07 0.00079646654 0.009509013 0.0048133135 0.0001946247 0.09329106 1.758653e-08 8.24699e-05 9.142631e-05 2.0215796e-06 5.8287238e-08 9.168068e-08 8.592799e-06 9.6213114e-08 1.411893e-06 7.375241e-08 1.0709434e-05 0.00064462994 3.246323e-05 5.256561e-08 7.986757e-09 0.06690816 6.2032946e-08 0.03595721 0.029713046 1.9220567e-09 5.0499937e-05 1.1877872e-08 2.151912e-07 7.6730316e-08 6.266429e-08 2.8002032e-07 1.8051603e-06 0.004533616 1.6098763e-09 0.020906756 0.0143360095 4.436594e-08 1.7841796e-07 0.0053652627 0.021325093 2.8587877e-08 6.44921e-09 5.1504547e-09
0.9038032 0.5660634 0.4362873 0.55869025 0.507887 0.54287827 0.011859669 0.5891429 0.77649873 0.0019889951 0.24057429 0.031631656 0.045739878 0.0026423587 0.00018356627 0.011617999 8.8916975e-05 0.8426018 0.0004656893 4.417486e-06 1.31465e-16 0.0011951015 0.00035408186 0.004926549 0.00041949548 0.0009094597 1.7186841e-06 6.0895843e-05 1.6740163e-05 0.94578594 0.00017687115 0.0020973966 0.006347121 0.77502954 0.09323138 0.000182177 0.0018382643 0.41915625 0.1415214 7.3652465e-08 0.008001774 2.2546446e-05 0.06720163 0.020045236 1.3832167e-07 0.28405324 8.721255e-07 0.24538775 2.9512069e-06 9.3581475e-05 0.0034210873 9.909832e-06 3.1564883e-07 0.07165821 0.061058026 0.34698796 0.009506493 0.42891148 0.0003212521 8.0922655e-06 3.9935767e-08 0.001712117 0.00031566917 5.890178e-05 1.2282724e-05 0.00034882227 0.09666229 4.904284e-07 0.0002764171 2.090732e-06 0.019587822 6.6025423e-06 0.0028934588 0.03211579 2.1467538e-06 4.6586188e-06 1.7300582e-07 0.00472751 0.0006578 0.00042992583 0.00013962988 1.1184592e-05 2.4794065e-09 4.673588e-08 1.8603683e-09 0.0013023292 0.00019087871 0.00016175721 0.00033587703 2.7520196e-07 5.5449684e-05 2.7312517e-09 1.6395525e-05 4.3973585e-05 0.0054087765 1.114253e-05 0.00013434685 0.000102643186 8.251348e-07 8.917496e-05 2.7127287e-08
0.82741743 0.010590714 0.001948159 0.0010217075 0.00040564223 0.51442665 0.44859847 9.182099e-05 0.0009805998 0.44448113 6.221419e-06 6.9280126e-05 0.83476967 0.9010357 0.1447129 0.0009145574 0.1788428 0.025636217 0.015482993 0.043342616 0.0011951015 1.8632345e-16 3.0575855e-05 3.8017206e-06 3.3031232e-05 4.912429e-05 0.5447001 0.94087654 4.5891915e-07 0.0013239518 7.782568e-06 0.00016550114 2.5379162e-05 0.020980028 3.9016572e-06 9.540927e-07 0.0017211308 0.25860542 2.4388171e-05 0.01044061 0.877907 2.7263918e-06 0.2721318 0.4234114 1.327812e-07 0.28704563 0.00013070635 1.6615752e-05 1.0487796e-06 0.002049121 1.3982215e-06 0.0005387422 3.3660172e-07 7.2993976e-06 3.385998e-05 0.00051906577 3.5212938e-07 0.04875641 0.48076355 0.049917713 0.012385171 0.071965024 0.0012160752 2.8752586e-06 0.038340032 0.022844702 0.00076572906 1.37870065e-05 5.2891585e-07 0.002552131 4.1964113e-06 1.5104838e-07 2.4901747e-05 0.0011067956 7.691679e-06 3.1444476e-06 1.0198592e-06 8.5570986e-07 0.0015763656 8.046293e-06 0.00027196092 6.701285e-05 3.3154482e-08 1.4249949e-07 4.2932986e-09 8.905955e-05 2.9262512e-07 5.5304983e-05 0.00034870085 3.453813e-08 0.0001191869 5.753229e-08 6.998716e-05 0.00019055804 0.00016293902 6.753203e-06 0.00019812294 0.00020148084 2.5801134e-07 1.1270472e-06 2.5162347e-08
0.94641024 0.024657458 0.11097751 0.034269046 0.0028145886 0.001838444 0.0014327329 0.0012047781 0.001487513 0.00040830782 0.00925481 0.72662514 4.5355505e-06 4.995741e-05 6.6714805e-05 0.6466716 3.367539e-05 0.00020442433 0.0053914706 1.4771973e-05 0.00035408186 3.0575855e-05 2.085377e-14 0.024890903 0.9457534 0.89683926 4.366472e-07 4.212269e-06 0.0818866 0.00010913709 0.5957622 0.7984728 0.014555701 6.470539e-05 0.0009525632 0.02307567 0.44911456 9.52133e-05 0.0002048142 9.05476e-08 8.525816e-06 0.3496648 4.6029236e-05 1.7039723e-05 0.44688374 6.904333e-05 0.0026764385 4.003808e-06 0.51834834 0.0053009023 0.0038004303 0.0031550876 0.28220066 4.46029e-05 4.0770778e-05 1.1852013e-05 0.00010482777 0.00018144824 0.00022331523 8.6050626e-05 2.2671536e-06 1.4589325e-05 0.0069024577 4.69506e-05 0.00012194447 8.255851e-05 0.00026986536 0.010158978 3.2536656e-05 4.4983215e-05 2.1373864e-05 0.002272535 1.35132395e-05 0.0010421878 0.017854447 0.016913032 0.00074328313 0.0003708335 0.0261125 1.1173206e-05 0.0045198794 0.0026937218 0.00087789935 0.0034785112 0.014502127 0.00077385246 6.2672307e-06 5.2242837e-07 1.8946715e-06 0.006698247 0.025555585 0.00043949418 0.0028901962 0.006493916 0.0013219557 2.5805513e-05 0.011441207 0.002584193 4.5029633e-06 3.3096912e-05 0.010484523
0.83477294 0.2821516 0.58249235 0.5273022 0.08277653 8.0590304e-05 2.322533e-05 0.046406828 0.017506823 7.5527405e-06 0.8591841 0.77597857 7.6292696e-07 4.6287837e-06 1.0599296e-06 0.014732701 2.0801556e-06 0.00030408314 3.0738e-05 1.10384434e-07 0.004926549 3.8017206e-06 0.024890903 2.915295e-19 0.037910834 0.030565998 4.0870727e-08 3.0975684e-07 0.8041767 0.006222849 0.08859267 0.015966319 0.8869033 0.00045528184 0.52496725 0.67372525 0.00034795955 0.00013137732 0.16799614 7.0899917e-09 1.396583e-07 0.0021283615 0.00010520865 4.5368743e-06 0.00042155548 0.0035071692 1.2922966e-06 0.067802876 0.00010165471 3.0712068e-05 0.6254208 5.050131e-06 7.718179e-05 0.018094558 0.011847799 0.029328417 0.28485295 0.0040270165 7.7412e-07 3.603362e-07 4.2274304e-09 4.44559e-06 8.061952e-05 0.060714234 3.5022624e-06 4.6413308e-05 0.004775581 2.18239e-05 0.016951932 4.9428313e-06 0.008479312 0.019943407 0.00040573446 9.493558e-05 5.7499637e-05 7.4588706e-06 2.1938433e-06 0.061991017 0.0014602353 0.0002471912 0.00015097806 1.3276462e-05 0.0006195238 1.1451198e-06 6.6138604e-08 0.00012613654 0.0005033204 1.1444812e-06 2.374346e-06 1.130183e-05 0.0004744012 1.8330367e-06 5.504667e-05 0.00022603039 9.4328665e-05 0.0005520189 0.00043163303 0.00012963181 0.0015490267 0.0001559927 3.6349326e-07
0.9523172 0.0055775326 0.032332826 0.014811868 0.0014186822 0.0004561876 0.000399288 0.0009673295 0.0012922757 8.4429084e-05 0.0069721555 0.8165494 3.458622e-06 5.241856e-05 1.253974e-05 0.35462606 1.42154995e-05 0.0002697007 0.0009864478 1.6770371e-06 0.00041949548 3.3031232e-05 0.9457534 0.037910834 3.9900716e-13 0.8195205 1.1872302e-06 2.6414918e-06 0.1950651 0.00023265755 0.91821736 0.76849455 0.026165716 7.893016e-05 0.0018321569 0.05156143 0.098882765 9.247393e-05 0.00054919405 4.2371028e-08 5.2171267e-06 0.6698314 2.4156809e-05 2.130707e-05 0.581805 0.00013859084 0.0006789016 1.0489312e-05 0.36819232 0.0013702724 0.018064117 0.00034960604 0.38634536 6.07841e-05 5.3998298e-05 1.38532505e-05 0.0004289374 0.00019554619 2.2856553e-05 1.7362516e-05 1.1155129e-07 3.5380826e-06 0.0020568303 0.00036031386 2.6886732e-06 7.447853e-06 5.285372e-05 0.025404228 2.5291962e-05 4.436455e-06 6.1714663e-06 0.013587586 4.051398e-06 0.0001611083 0.0056980527 0.008489569 0.0021769213 2.5103876e-05 0.007360076 1.0251484e-06 0.002264913 0.0012354801 0.009875446 0.0023547502 0.0056566983 4.8937392e-05 1.0443482e-06 1.03638655e-07 5.5042995e-07 0.005801487 0.013457625 0.0007767124 0.001675156 0.0034849443 2.6330601e-05 1.0889769e-05 0.007182052 0.0020323342 6.444123e-06 8.328938e-07 0.010785543
0.97090805 0.11259958 0.22805944 0.09514082 0.010519111 0.007582591 0.0116801 0.0036568223 0.004038148 0.003179894 0.015410038 0.64041924 1.6991753e-05 0.00015561782 0.0009598818 0.75223976 0.00012381333 0.00051674887 0.07593551 0.0001363835 0.0009094597 4.912429e-05 0.89683926 0.030565998 0.8195205 1.7952956e-17 5.8707684e-07 3.3037863e-06 0.040939018 0.0002395656 0.36552802 0.85360795 0.014210019 0.00032840087 0.001530755 0.012381421 0.577355 0.00045609754 0.00016961002 1.09349465e-07 9.876715e-06 0.18524353 0.0003076538 2.6823816e-05 0.29778016 9.671565e-05 0.038356416 1.5174924e-05 0.573256 0.012252997 0.0009048263 0.016765472 0.25930774 5.3973687e-05 6.623724e-05 7.294968e-05 7.7733814e-05 0.00055574864 0.00031144777 9.831143e-05 8.018189e-06 0.000117464704 0.014940921 4.953603e-05 0.0005308605 0.00028423735 0.00067305256 0.0052081617 8.338897e-05 0.0002523834 0.00021749403 0.0013950135 0.00016618456 0.0028565207 0.020796891 0.03988147 0.00038689177 0.0049927905 0.033722043 5.9686077e-05 0.005371565 0.0027309242 0.000103899074 0.005166902 0.064256534 0.0046149213 0.00014810363 1.811486e-06 7.884886e-06 0.00943905 0.028309159 0.0005213101 0.003598932 0.007782866 0.015654413 0.00011694149 0.018930951 0.0026536784 2.3334316e-05 0.00063295075 0.011239077
0.71352875 2.7821849e-05 7.410967e-06 7.4389795e-06 8.443581e-06 0.0016929877 0.071908064 9.432389e-07 5.8451787e-06 0.31469166 7.3937105e-07 2.3930552e-06 0.038300823 0.66698056 0.23688239 3.2260737e-05 0.8553 6.867474e-05 0.01686316 0.3349995 1.7186841e-06 0.5447001 4.366472e-07 4.0870727e-08 1.1872302e-06 5.8707684e-07 1.5642856e-16 0.9332556 5.9814167e-09 6.0813227e-06 1.2619573e-06 9.163003e-07 2.2520207e-07 2.4307506e-05 1.6117697e-08 1.8793283e-08 0.0005042217 0.0005127908 2.4554052e-07 0.9337658 0.15487611 4.855628e-07 0.0039620283 0.043982066 9.284152e-09 0.0010731514 0.0049066027 8.382834e-08 9.386808e-08 0.0071857516 5.0924434e-08 0.0009792119 6.814296e-09 1.407099e-07 9.3904426e-08 5.062753e-07 5.561104e-09 6.239099e-05 0.09191679 0.057670534 0.046713706 0.004077222 0.0033880216 1.248236e-07 0.0051079383 0.0019506807 2.0262119e-06 4.6878347e-07 4.4685967e-07 0.0005192022 8.912662e-08 2.1940303e-07 3.7213098e-07 1.2709098e-05 3.3642937e-05 2.665827e-06 7.326697e-07 2.3453303e-08 0.00440302 2.798991e-07 0.00071470684 0.00088489865 9.031575e-09 2.3693686e-07 1.6174571e-09 2.9240823e-06 1.060555e-07 2.5438203e-06 1.2536762e-05 1.9333814e-07 0.00025500287 1.8669925e-07 0.0005383781 0.0005004159 3.506883e-05 6.2105587e-06 0.00025086393 0.0026340308 1.5460195e-07 7.2605354e-07 2.143408e-09
0.7610869 0.00043131493 0.0001064269 5.0985254e-05 0.000110727065 0.12638909 0.2404076 2.19461e-05 0.00012356348 0.31884634 5.700523e-07 6.3258135e-06 0.27455232 0.66769713 0.14133628 0.00012976144 0.33249164 0.0020152247 0.011087378 0.05346632 6.0895843e-05 0.94087654 4.212269e-06 3.0975684e-07 2.6414918e-06 3.3037863e-06 0.9332556 4.2856472e-17 2.1540728e-08 0.00012012593 1.8592325e-06 1.0738377e-05 8.9805485e-07 0.00038485305 1.0090782e-07 4.237402e-08 0.0006048918 0.030817036 8.4629073e-07 0.6249206 0.84930414 1.4548682e-07 0.10543969 0.3222812 1.6894907e-08 0.030714158 0.0003784219 5.3241286e-07 1.3510224e-07 0.0034963677 2.142666e-07 0.0008981398 5.3450457e-08 1.164247e-06 2.688212e-06 6.058296e-06 2.4721498e-08 0.0012696343 0.54633826 0.2719293 0.13689847 0.06035826 0.0017189736 3.8713804e-07 0.08294403 0.045915753 6.312041e-05 1.9416734e-06 2.2958466e-07 0.011926319 4.1734683e-07 5.238205e-08 1.6677388e-06 0.0001755498 4.320607e-06 4.766012e-06 4.1298057e-07 4.3972342e-08 0.0021970698 3.016937e-06 0.0004186155 0.0007980986 2.945649e-09 1.333136e-07 5.4363234e-09 2.2994425e-05 1.2992085e-07 1.9105435e-05 0.00028140453 4.1564525e-07 0.00039441208 1.927594e-08 0.00035587605 0.00033640742 3.26328e-05 1.5762586e-06 0.00022196949 0.0009510677 4.1908077e-08 1.837334e-07 6.50189e-08
0.8578637 0.030393885 0.10031364 0.020956932 0.0005330912 4.3020486e-07 2.2586141e-06 9.06983e-05 6.107457e-05 1.0845716e-06 0.031119648 0.7940993 3.43866e-09 1.01921984e-07 1.7776578e-07 0.010190573 1.0080669e-06 8.2320287e-07 2.7377246e-05 4.41382e-09 1.6740163e-05 4.5891915e-07 0.0818866 0.8041767 0.1950651 0.040939018 5.9814167e-09 2.1540728e-08 2.6413487e-17 0.00031496008 0.9093443 0.05730193 0.62641674 5.751545e-06 0.036314495 0.9419666 0.00011664922 5.254922e-06 0.008345935 1.9436563e-09 6.633936e-08 0.17659135 2.018872e-05 3.9232137e-07 0.01434626 5.3535325e-05 1.6364428e-08 0.0026331493 0.0009912053 7.850346e-07 0.7366299 4.5998874e-07 0.0031847982 0.003933121 0.0024925855 0.0010499802 0.11765452 0.0002731631 1.0644577e-06 1.5643613e-07 3.8245958e-09 1.5787772e-06 2.5415517e-05 0.20206037 4.370249e-06 3.8236736e-05 0.0002253556 0.0051070442 0.004868148 9.650277e-06 0.00020599246 0.58773035 1.977672e-05 2.283516e-05 0.00020248462 0.000112523216 0.0013213117 0.0022188718 0.001085237 1.3999943e-05 2.2518727e-05 1.7279343e-07 0.13808139 7.176465e-06 7.022203e-07 3.3505705e-05 1.4641425e-05 1.01198864e-07 3.076762e-07 0.00012716172 0.002947795 7.501519e-05 1.3238203e-05 0.00038989235 1.1457053e-06 0.0004111913 0.0010896425 3.6472877e-05 0.004222427 8.369184e-06 1.9077963e-05
0.77740186 0.29738095 0.21031299 0.2881693 0.2728559 0.28029594 0.0016160188 0.43666345 0.61291325 0.0003070069 0.2984065 0.010235454 0.016161492 0.002352415 3.4037756e-05 0.0022243615 8.0658196e-05 0.73532826 9.893878e-05 2.3108596e-06 0.94578594 0.0013239518 0.00010913709 0.006222849 0.00023265755 0.0002395656 6.0813227e-06 0.00012012593 0.00031496008 1.6373205e-15 0.00022551685 0.00024532533 0.0085355295 0.8000187 0.19456111 0.0012635627 0.00023053677 0.17548531 0.50010693 3.765732e-07 0.0013608749 2.4181125e-05 0.025108129 0.004810102 2.3273486e-07 0.24696085 2.588846e-07 0.8478845 2.741696e-07 3.0029709e-05 0.0034257348 7.2935945e-06 2.4621423e-07 0.33652654 0.27378398 0.7172969 0.017197717 0.44230893 0.0001820851 1.0816655e-05 9.586581e-08 0.002346598 8.9403e-05 0.000116655014 1.9299037e-05 0.00047508665 0.0977705 3.3714095e-06 0.0008086723 6.134979e-06 0.029956842 1.0742024e-05 0.0064679296 0.02632406 1.2232078e-06 6.6984894e-06 2.3083122e-07 0.0030980238 0.00057249557 0.0015261329 0.0001911022 1.6525879e-05 1.682339e-08 2.936322e-08 4.8128994e-09 0.003483499 0.00033778124 0.0006637158 0.0006136354 5.829999e-07 0.00010510516 2.9110161e-08 4.5486435e-05 5.6786295e-05 0.009854376 6.8233945e-05 0.00010009788 0.00019451207 3.806782e-06 0.00039996026 2.1093103e-07
0.82676584 0.0006873154 0.01653046 0.0048867026 0.0005792837 3.3952136e-05 4.409907e-05 0.00020114315 0.00012036595 1.3799596e-05 0.004318883 0.76121163 4.9427393e-07 1.0048874e-05 3.2934524e-06 0.037756715 1.528754e-05 4.545443e-05 0.00010698261 1.6326682e-07 0.00017687115 7.782568e-06 0.5957622 0.08859267 0.91821736 0.36552802 1.2619573e-06 1.8592325e-06 0.9093443 0.00022551685 8.498042e-14 0.20338084 0.0634979 4.227318e-05 0.0027895418 0.44002736 0.002601873 0.000111312984 0.0003735745 3.5302524e-08 1.48558765e-05 0.9578804 0.00015336176 2.9810111e-05 0.4377231 0.00014558532 3.595033e-06 5.2496955e-05 0.03612309 2.195355e-05 0.23310879 2.2324633e-05 0.18351394 0.00013177787 0.00014872442 6.056494e-06 0.0053102477 4.6779027e-05 2.2226934e-05 1.17584905e-05 1.6484199e-07 1.4789424e-05 0.00021460334 0.041214965 2.7179873e-05 9.7285956e-05 4.575003e-05 0.10583695 0.00015365616 1.2648303e-05 2.4815274e-06 0.52542293 8.939017e-06 3.200358e-05 0.00076393766 0.0009438675 0.0057388153 2.350217e-05 0.00216949 1.7044491e-06 0.00014623682 2.2103042e-05 0.30223992 0.00030904738 0.00029723402 0.00010322944 2.451616e-06 1.8236706e-07 1.9996726e-06 0.0010744026 0.0022669462 0.0016168789 0.0001062003 0.00038053628 4.4674336e-05 0.000104232946 0.0012956273 0.00014996508 0.00096947217 1.0528394e-06 0.0022265282
