2.3681957e-24 0.9753391 0.9723165 0.79861486 0.976824 0.988465 0.8637276 0.771716 0.98466307 0.9189735 0.9391049 0.8601805 0.84726536 0.71694326 0.97770524 0.9559208 0.9935111 0.86174124 0.90159035 0.7447085 0.8228991 0.6586203 0.9382326 0.8001972 0.99878323 0.9159897 0.9669157 0.8663761 0.9256036 0.88462615 0.9332133 0.9929314 0.8914115 0.78635 0.6152326 0.7872488 0.6917432 0.86991274 0.62388587 0.8197848 0.994996 0.32401907 0.8011523 0.8517578 0.9958965 0.7876931 0.3921378 0.7635576 0.7948211 0.91624403 0.5306428 0.52901983 0.08803169 0.9811341 0.43896207 0.55769295 0.9999495 0.9877987 0.80616033 0.028533507 0.06829842 0.8017629 0.32065827 0.95727587 0.99600863 0.9970998 0.33122218 0.68120724 0.99826986 0.9470114 0.53326494 0.993535 0.27885234 0.8891552 0.78095543 0.1949176 0.0654937 0.042121027 0.3483681 0.8756725 0.0019811306 0.2148273 0.80147105 0.0058556013 0.8818859 0.0012285701 0.55867803 0.010597605 0.59019095 0.03294792 0.051516246 0.00052063784 0.0050473963 0.044791695 0.011721377 0.007454451 0.0011648419 0.00022905163 0.00014415992 0.00034217234 0.000108677086
0.9753391 7.400558e-17 0.88678896 0.9681143 0.45917422 0.6348446 0.5145761 0.58506584 0.009295817 0.7622207 0.18841033 0.18353178 0.30799186 0.36653316 8.681747e-05 9.091823e-06 0.0033042512 0.67862165 1.254255e-05 4.0002302e-05 5.27173e-05 2.281387e-05 0.0069402694 0.13772579 0.09655685 0.04776156 3.7742964e-05 0.32380813 0.00077944004 1.2755756e-06 2.0436535e-07 4.7790356e-05 2.2433856e-06 0.008066947 0.073270485 0.0007479517 0.02523547 1.4503466e-07 0.1732563 0.00012370144 0.11401063 0.0671228 1.1858333e-07 0.002180891 1.3106876e-05 0.13177297 3.4970324e-08 2.3345118e-08 1.8435288e-10 0.0151245175 6.1316676e-08 1.2662122e-07 0.029533984 0.0059307534 0.012842457 1.9946658e-09 0.032515567 8.0025546e-07 0.010353879 0.010706561 0.0044891234 2.96527e-10 1.9603985e-10 0.0050474373 0.00023261539 0.007442997 4.929328e-07 0.0024262462 0.00222106 0.0005423428 0.00052007294 0.00075119606 5.745093e-06 4.2118896e-05 3.718651e-06 5.3037535e-08 1.2683593e-06 8.026386e-07 4.623154e-06 0.00014510848 0.0001680005 4.2966286e-07 4.556805e-09 0.0015687366 0.0001464593 3.7159214e-06 0.0011397216 5.2520463e-06 2.4551106e-05 1.5776436e-06 0.0014833305 9.0808993e-07 2.1866718e-08 1.8398707e-08 2.1006903e-05 3.675035e-05 9.630239e-05 2.7001258e-06 1.6878932e-06 1.18408225e-08 7.139653e-07
0.9723165 0.88678896 9.793088e-16 0.7171293 0.93889004 0.7096377 0.8300636 0.4540371 0.114424996 0.40573758 0.4995069 0.57531065 0.44812438 0.39389226 0.002916881 0.00032269894 0.021596897 0.32191455 0.00042534297 0.0010314801 0.0017698944 0.00066373544 0.042352505 0.030256232 0.08407766 0.007888359 0.0007943733 0.5957683 0.0056289653 7.349912e-05 5.6734134e-06 0.0003299633 7.356279e-05 0.03420108 0.18478833 0.005878074 0.113562174 4.721969e-06 0.026832866 0.0022830227 0.02059841 0.008708702 3.0456285e-06 0.012817882 0.00012257852 0.20145166 6.684006e-07 2.7060883e-06 5.3126605e-09 0.0062286234 5.8770784e-06 3.031609e-06 0.031380363 0.001994458 0.019816868 7.153948e-08 0.015303056 3.237439e-06 0.002777996 0.013932806 0.00664301 1.0464801e-09 1.0523654e-08 0.002085851 0.00019717237 0.0034991498 9.10153e-06 0.0008045887 0.00209533 0.00040003142 0.00029713174 0.001013668 0.000116986776 4.2749787e-05 2.2210808e-05 1.4940648e-06 8.821976e-06 3.9573283e-06 1.2211908e-05 3.0057383e-05 0.0007811438 9.649904e-07 2.6366944e-08 0.00406344 0.00013648957 5.580062e-06 0.00019199932 4.5957433e-05 3.094666e-05 5.4217704e-05 0.0104593765 2.5252737e-06 9.88455e-07 2.6261544e-08 0.00029772767 0.0005294077 0.0002033962 4.756109e-06 1.0576301e-05 9.0993424e-08 3.3248941e-06
0.79861486 0.9681143 0.7171293 1.3228247e-16 0.43847832 0.16197103 0.7747789 0.89805984 0.0026554496 0.910803 0.032427594 0.0738008 0.23497652 0.4241762 4.7044505e-05 4.6872196e-06 0.0005863299 0.070100695 4.091644e-06 2.3601697e-05 3.0212057e-05 7.818872e-06 0.0010588078 0.016702125 0.011558685 0.00477779 1.4864153e-05 0.18014053 4.032381e-05 2.0172625e-07 2.14387e-07 8.297025e-06 2.258877e-06 0.0029549045 0.034088507 0.0004041307 0.015158321 1.5093781e-07 0.07482043 6.3813975e-05 0.011737187 0.025832554 1.5544316e-07 0.0013306288 3.6703327e-06 0.058518052 3.547566e-08 8.524786e-09 1.6128884e-09 0.0028845954 8.31917e-08 5.8163412e-08 0.015248243 0.0008310119 0.008026406 9.998548e-09 0.008649423 6.6254e-08 0.0017650096 0.0084706405 0.0029505722 2.764268e-10 4.4367523e-09 0.00090668816 3.1310763e-05 0.0022654885 1.4199219e-06 0.0008441829 0.0006628508 0.00014928913 0.0002478311 0.00014729511 7.3814695e-06 1.2213137e-06 2.3329707e-07 1.0830807e-07 2.0714829e-06 1.1241564e-06 1.4727775e-07 2.5770174e-05 0.00030155107 8.098507e-09 2.603292e-09 0.00091290916 2.2464672e-05 2.030327e-07 0.00012810397 6.819689e-06 1.982545e-06 6.2552526e-06 0.0007363274 1.0148702e-06 1.7483986e-08 2.0257953e-09 9.102408e-06 1.4911618e-05 1.2510343e-05 4.981211e-07 6.953801e-07 1.0312867e-08 3.611674e-07
0.976824 0.45917422 0.93889004 0.43847832 4.2369488e-16 0.7675429 0.870315 0.22686799 0.5548961 0.069720015 0.7427875 0.73467016 0.48349887 0.30953148 0.019814005 0.0012459141 0.07736603 0.106513135 0.0012080238 0.0031844992 0.0035973585 0.0014815534 0.100632876 0.009000339 0.16183007 0.0034480672 0.0032067436 0.68256027 0.010779287 0.00023768249 5.2603602e-05 0.0018053997 0.0004763338 0.09105943 0.24593629 0.011349394 0.20744714 0.00012747207 0.007603888 0.003591636 0.00939121 0.0027615163 2.6430074e-05 0.02858358 0.00051811524 0.2556329 4.1816857e-06 5.7460828e-05 6.460922e-08 0.0017304363 7.62602e-05 5.8385907e-05 0.044187654 0.00077917916 0.02487644 4.553456e-07 0.010671066 3.691692e-05 0.00092717307 0.013138146 0.0076890937 6.2325526e-08 1.8806918e-07 0.00089873094 0.0002478037 0.0014063471 4.5331915e-05 0.00012026337 0.0009306009 5.9194605e-05 2.887348e-05 0.00055922463 0.0003615565 3.652004e-05 1.5860986e-05 1.8652574e-05 2.3149854e-05 1.283902e-05 1.8033528e-05 1.6251146e-06 0.00093098485 1.6436212e-05 5.675083e-07 0.0053125606 4.208481e-05 2.3335251e-05 4.281903e-05 8.827333e-05 1.7180508e-05 0.00044342046 0.023373246 4.6547466e-06 2.2693903e-06 1.6347404e-07 0.0007084835 0.0015916179 0.0004495959 8.147999e-06 1.571001e-05 2.3213259e-07 5.1881116e-06
0.988465 0.6348446 0.7096377 0.16197103 0.7675429 8.278022e-14 0.10274052 0.02058324 0.34727216 0.018817743 0.06813036 0.038797446 0.017074209 0.011670932 0.037729133 0.008050658 0.503817 0.9118998 0.002487048 0.0034729906 0.0015737339 0.0011614575 0.010281351 0.48021755 0.73770034 0.39398748 0.13145225 0.0076650246 0.0011553869 0.00015855128 0.0003709704 0.063732594 0.048895184 0.0024725075 0.00419134 0.000705312 0.003172349 0.0035411902 0.003148679 7.924596e-05 0.30011523 0.0002602591 5.0857343e-05 0.00016310661 0.07273916 0.003979846 1.0661213e-05 1.4425144e-05 9.545387e-07 0.07345521 8.455071e-06 2.115592e-05 0.0014539362 0.01563503 0.00099623 1.8318065e-06 0.114590004 0.0007789243 0.0114718415 0.0015272009 0.000862553 7.915887e-07 3.0859408e-06 0.010318634 0.007864217 0.019499978 1.976948e-05 0.0013331209 0.0069716703 0.0019138665 0.0024542385 0.0057997555 6.534211e-05 0.005871947 0.0024424088 1.4752419e-05 0.00012548229 5.987592e-05 0.00066462153 0.0004257411 0.0007773189 0.0007738075 5.5131227e-06 0.0013341077 0.0010245224 7.146888e-05 0.0013819654 0.00028191594 0.00044559516 0.0024731902 0.0065768715 0.0002443188 0.00011480307 1.991929e-05 4.1601525e-05 2.9586337e-05 4.2981537e-05 0.00020548684 0.00070843217 2.3328075e-06 2.4411336e-06
0.8637276 0.5145761 0.8300636 0.7747789 0.870315 0.10274052 1.0345681e-17 0.68225795 0.10140884 0.13032505 0.5059124 0.901851 0.8836494 0.65283006 0.0011251727 4.7179874e-05 0.005049493 0.016958544 3.3769942e-05 0.0004681587 0.000274176 0.00011138328 0.02256889 0.0024843798 0.010683209 0.0007605455 0.00014033675 0.7294908 0.002258635 1.9550293e-06 1.3529191e-05 7.970284e-05 6.611657e-05 0.16242674 0.4344935 0.030816281 0.36349252 1.1541106e-05 0.031402145 0.0033591674 0.0016564325 0.0052327914 6.1325627e-06 0.1154553 1.0804841e-05 0.49222568 2.966451e-07 9.101082e-07 1.8519741e-09 0.00043000726 5.000991e-06 6.0995612e-06 0.17590818 0.00010338235 0.21265168 4.202791e-08 0.0019854978 2.0264602e-07 8.2765524e-05 0.08680967 0.07659086 4.484018e-10 1.3253353e-08 8.6700806e-05 4.339044e-06 0.00020147087 0.00043681343 1.5496627e-05 7.161188e-05 5.2822857e-06 1.2846107e-06 1.9478875e-05 0.0042904257 8.5244534e-07 2.7297415e-07 0.00013850337 0.00016385074 0.00010085256 9.608713e-08 6.309151e-07 0.0007111974 7.324354e-08 6.4705963e-10 0.0025448252 2.2633903e-06 4.905678e-05 1.3836771e-05 0.00030295856 2.8629879e-07 0.00031524105 0.010020568 2.6050135e-05 5.669262e-07 3.3997736e-08 5.934971e-05 0.0001104322 2.6760299e-05 1.2460478e-05 8.3601575e-05 4.3262798e-08 6.2305656e-07
0.771716 0.58506584 0.4540371 0.89805984 0.22686799 0.02058324 0.68225795 1.472254e-16 0.0007605113 0.9462267 0.002572415 0.029558426 0.46734825 0.95742035 3.0124422e-05 4.4503286e-06 0.00028567223 0.016945772 2.6683908e-06 1.0643943e-05 1.0511113e-05 3.029002e-06 0.00017253551 0.0021556257 0.0008471905 0.0009918622 8.604615e-06 0.5270588 6.877183e-06 7.3458045e-07 2.9604585e-06 4.875546e-06 1.4146627e-06 0.0016659579 0.17487839 0.00014311064 0.02924775 4.714353e-07 0.20209552 2.3195491e-05 0.0019728423 0.068329856 3.2429622e-07 0.0040947124 9.37057e-07 0.391131 9.4767195e-08 1.1444123e-08 4.6194604e-10 0.0003232423 4.0293532e-08 4.145026e-08 0.20664605 0.00012191505 0.08819632 1.1334227e-08 0.0022299613 2.0693994e-08 0.00030679652 0.15051788 0.053259578 1.8476969e-10 1.4001322e-08 0.00025716325 1.9739391e-05 0.00052476913 1.1525035e-05 0.00010685719 0.00013157267 0.00013833547 6.7117066e-06 3.782281e-05 8.9431735e-05 4.2474664e-07 2.1065824e-07 3.2128116e-06 7.5361063e-06 6.0483612e-06 1.0863973e-07 2.4146962e-06 0.002218714 6.6751835e-09 1.4040117e-09 0.014507555 3.1886332e-06 1.6593368e-06 5.9937567e-05 8.137062e-05 4.2314193e-07 0.00011417678 0.0017357973 4.89878e-06 1.787095e-07 2.140145e-08 1.6746648e-05 2.1930386e-05 4.9921637e-05 1.9918443e-06 5.4001716e-06 2.5962584e-07 1.6458445e-06
0.98466307 0.009295817 0.114424996 0.0026554496 0.5548961 0.34727216 0.10140884 0.0007605113 4.881034e-16 5.608386e-06 0.8849908 0.42691717 0.008004177 0.0017156334 0.8763806 0.46539766 0.69831437 0.023788804 0.40335044 0.8553051 0.65059555 0.58126444 0.78914183 0.0019922196 0.23996648 0.0007566514 0.040797155 0.08957265 0.59037757 0.19057544 0.0033129617 0.016189883 0.0016590214 0.24858275 0.06303167 0.2948758 0.21493807 8.864773e-05 0.000485753 0.15721178 0.004844477 4.7495823e-06 0.012436805 0.14180607 0.00025087065 0.029066011 2.0992104e-05 0.064280085 8.556663e-06 0.0003876306 0.025858656 0.0072659636 0.0010915213 0.00044608882 0.014033576 0.00015977607 0.008839541 5.3693957e-06 0.0004054639 0.00044826115 0.0010903011 2.0656334e-08 1.0239196e-07 0.0007109791 6.474409e-05 0.0011667709 0.02306523 0.00015169493 0.00033891253 6.404041e-05 5.023005e-05 0.00024627728 0.021303466 3.6654128e-05 5.834969e-06 0.012348786 0.0053525856 0.0039035985 2.7857757e-06 2.595517e-06 0.00022321453 9.100379e-07 7.39205e-06 0.00020546491 1.30804665e-05 0.00017016997 0.00013860431 0.0016744643 3.1914813e-06 0.0021813102 0.043610316 0.00019140553 0.00031359697 1.8154411e-08 0.0056083114 0.004452825 0.00017988586 9.306324e-05 0.00012320354 8.2637433e-07 1.9390061e-05
0.9189735 0.7622207 0.40573758 0.910803 0.069720015 0.018817743 0.13032505 0.9462267 5.608386e-06 5.429457e-19 3.3168874e-06 8.960547e-05 0.003388311 0.5655233 1.3470611e-07 1.37347556e-08 1.3808658e-06 0.07071078 4.742966e-09 6.355236e-08 3.8450633e-08 2.3871854e-08 1.9249498e-07 0.033875085 2.1101234e-05 0.01102528 1.6748091e-08 0.3337844 9.039571e-09 2.7126137e-09 1.2414827e-08 6.362793e-08 1.4253938e-08 3.1282943e-05 0.03362037 8.397233e-07 0.0012021774 3.309022e-09 0.8641012 5.120553e-08 0.012976323 0.92195433 1.1467284e-08 2.4092344e-05 1.40415715e-08 0.3835995 1.762182e-08 1.06648884e-10 3.6630986e-11 0.0039630486 4.122944e-10 2.4960912e-08 0.29330578 0.0012562927 0.062467713 1.8354042e-09 0.003790511 8.5412855e-10 0.0040746434 0.24951087 0.07096002 7.2787575e-12 4.8112153e-11 0.0013464467 8.9165434e-07 0.0014018018 5.434344e-07 0.0022079048 0.00010855611 0.00011700731 0.0002904328 1.0760278e-06 2.2123384e-06 2.232804e-07 3.2162205e-08 1.5695498e-07 3.7985208e-06 1.4021152e-06 2.976534e-07 2.3389937e-06 0.007901799 5.4647337e-10 2.228885e-09 0.14493938 1.4003913e-06 3.7903223e-07 0.00048172582 2.8555478e-06 2.4080434e-06 4.6242014e-05 0.0037711954 4.5390186e-07 2.703519e-08 3.1595164e-08 2.8894535e-06 1.0078789e-05 0.00016690373 8.0011844e-08 6.0580567e-07 3.0346488e-08 1.5850969e-06
0.9391049 0.18841033 0.4995069 0.032427594 0.7427875 0.06813036 0.5059124 0.002572415 0.8849908 3.3168874e-06 2.5088525e-17 0.932864 0.18837965 0.015498668 0.23149678 0.05146893 0.03889702 0.0016131072 0.024140565 0.11502892 0.17244759 0.059744038 0.88638073 0.00042292534 0.030440098 9.329908e-05 0.0021912255 0.6700194 0.6600078 0.0011498019 9.992514e-05 0.002323264 0.0003642765 0.6004028 0.41327477 0.6049873 0.604777 9.999093e-05 0.0018664125 0.17174889 0.00043403974 2.2224558e-05 1.3713873e-05 0.46625003 9.020248e-05 0.47070593 4.489213e-06 0.002875419 1.0582993e-08 4.0479936e-05 0.0048973397 0.00012088684 0.056328148 4.0298746e-05 0.28361818 7.477491e-07 0.0014571163 5.6858776e-06 2.6443035e-05 0.030002166 0.051149003 2.6841571e-09 1.2624217e-08 5.348358e-05 5.162176e-06 0.00011173384 0.02274074 5.724731e-06 4.718397e-05 2.9317246e-06 1.0423402e-06 2.0306215e-05 0.084883384 7.745804e-06 9.743767e-07 0.022696862 0.003892947 0.0020758098 2.816437e-06 1.8707264e-07 0.00029864535 3.1349575e-07 3.2569656e-07 0.00033670221 1.474691e-06 0.00023088022 6.318298e-05 0.003677766 1.0260608e-06 0.019376645 0.047555156 0.00029331117 0.00014366927 1.4350594e-07 0.0046648723 0.003283655 5.5734014e-05 8.532139e-05 0.00019214183 5.8787204e-08 1.9886327e-06
0.8601805 0.18353178 0.57531065 0.0738008 0.73467016 0.038797446 0.901851 0.029558426 0.42691717 8.960547e-05 0.932864 3.484524e-18 0.86443895 0.1363804 0.0094444305 0.0015615503 0.0043467977 0.00036667346 0.00071008323 0.004655397 0.004893231 0.0018385132 0.33897203 0.00019531733 0.0060399286 8.991878e-05 7.3840856e-05 0.823842 0.045033254 1.8022112e-05 5.352126e-06 6.409087e-05 1.6462174e-05 0.6833918 0.52756125 0.53093237 0.6792861 2.239085e-06 0.004991241 0.019098662 9.475802e-05 6.443923e-05 6.611723e-06 0.26156428 7.613988e-06 0.45635602 1.4803223e-07 1.0487892e-05 5.376656e-10 1.2606529e-05 0.00015943601 8.890294e-06 0.10174887 1.8919243e-05 0.26902613 3.2038102e-08 0.0009926896 7.9214644e-08 4.6754653e-06 0.045291096 0.07044388 1.1654796e-09 9.000209e-09 2.3012852e-05 5.5555967e-07 4.9420894e-05 0.00093593664 3.161649e-07 2.0200428e-05 7.609658e-07 2.4877309e-08 3.6636704e-06 0.010569476 2.7267103e-07 3.379312e-08 0.00089630944 0.00028586327 0.00014552409 9.9451025e-09 1.746682e-08 0.00066161953 1.1339567e-08 1.4135058e-08 0.00085613603 2.2304268e-07 8.000147e-06 8.458994e-07 0.00075105747 5.5622206e-08 0.001632923 0.010195516 2.0408508e-05 1.9913277e-06 1.082894e-08 0.00036926166 0.00055886555 4.417564e-05 2.5063414e-06 2.1996366e-05 6.7125288e-09 4.0778636e-07
0.84726536 0.30799186 0.44812438 0.23497652 0.48349887 0.017074209 0.8836494 0.46734825 0.008004177 0.003388311 0.18837965 0.86443895 3.1767296e-17 0.95852375 0.00027804307 3.1688185e-05 0.00057218905 0.00035347993 1.5018012e-05 7.391814e-05 6.743154e-05 1.878102e-05 0.0056402013 0.00012695864 0.0019170229 6.266911e-05 4.5785866e-05 0.79686755 0.00017415942 2.6274524e-06 1.5322645e-05 4.6337103e-05 1.107289e-05 0.15841097 0.45729396 0.012289247 0.36844274 7.3123842e-06 0.0653065 0.0006680327 0.00017488023 0.006553877 4.0950054e-06 0.044887207 4.8921597e-06 0.6429159 4.5257786e-07 1.7568713e-06 5.889267e-09 4.7028693e-06 1.7649598e-05 1.0709925e-05 0.36691788 7.306383e-06 0.32621577 2.4751142e-07 0.00049763685 1.4955938e-07 2.4403098e-06 0.17296651 0.12736616 3.1306908e-09 2.4906129e-08 9.077657e-06 6.4922216e-07 5.4385196e-06 0.00014914398 5.787152e-07 8.741569e-06 7.443865e-07 2.3430635e-08 6.6886804e-07 0.0077520646 9.319201e-07 4.815896e-08 9.551899e-05 5.0806633e-05 4.365094e-05 5.351643e-09 1.3510629e-08 0.0012780932 6.6211555e-08 7.079006e-09 0.006679222 2.3488624e-08 1.5569418e-05 4.5762897e-07 0.00040614174 4.238129e-08 0.0012809108 0.021881578 1.6018852e-05 1.1679481e-06 6.70818e-08 8.292797e-05 0.000521805 0.00020140842 3.411261e-06 2.5114268e-05 1.6047369e-07 9.979819e-07
0.71694326 0.36653316 0.39389226 0.4241762 0.30953148 0.011670932 0.65283006 0.95742035 0.0017156334 0.5655233 0.015498668 0.1363804 0.95852375 1.1305518e-18 5.502756e-05 7.2110556e-06 7.6316144e-05 0.0009306359 1.0348207e-06 9.0823505e-06 1.0053053e-05 3.1298446e-06 0.00029579582 0.00021666822 0.000470415 0.00012438164 3.0383876e-06 0.78145695 6.8759764e-06 1.2324425e-07 5.183979e-07 1.2156199e-06 3.653195e-07 0.023961628 0.45125183 0.00032076624 0.17860714 1.2869681e-07 0.45498693 3.475079e-05 0.00013718485 0.16436744 2.816256e-07 0.01086586 5.28508e-07 0.57751596 2.7296075e-08 5.6860397e-08 2.6966307e-10 0.00012991014 3.085907e-07 3.2742656e-07 0.4354053 5.2622316e-05 0.18410331 1.4502504e-08 0.0008945418 8.44484e-09 4.4892833e-05 0.2455865 0.08320497 4.8467425e-10 9.383742e-09 0.00011869688 2.7466814e-07 8.434402e-05 3.9929047e-05 6.652823e-06 4.2295196e-05 8.823095e-06 1.4827567e-07 9.731555e-07 0.00014108085 8.0377106e-08 9.042089e-09 7.3870256e-06 5.051525e-05 3.0274587e-05 2.6453824e-09 7.756745e-08 0.009109867 9.380395e-09 4.28506e-09 0.027380237 8.054009e-08 1.5043505e-06 4.4310107e-07 0.000107811094 3.7150674e-08 0.000101821875 0.0071801827 1.7580394e-06 2.5451584e-07 4.222474e-09 6.478092e-06 2.0210813e-05 0.00017955386 3.1429863e-07 2.4995002e-06 1.5412592e-08 8.888798e-07
0.97770524 8.681747e-05 0.002916881 4.7044505e-05 0.019814005 0.037729133 0.0011251727 3.0124422e-05 0.8763806 1.3470611e-07 0.23149678 0.0094444305 0.00027804307 5.502756e-05 5.6799277e-15 0.898576 0.79395616 0.0044563026 0.8006024 0.8650787 0.64482707 0.6735062 0.63371986 0.00028400976 0.14075142 5.0702085e-05 0.22684188 0.011200241 0.66432476 0.69106215 0.11498341 0.06814718 0.026288161 0.068905555 0.016242456 0.18480437 0.05101376 0.0017314267 8.696198e-05 0.34787604 0.0005167994 1.292564e-06 0.47056934 0.09588989 0.00087911874 0.0067385444 9.177714e-05 0.46944365 0.0043316125 6.880683e-05 0.24585037 0.29044306 0.00017679018 9.377472e-05 0.0035243414 0.026043057 0.00338354 5.0497045e-05 9.2921524e-05 0.00016698826 0.00027451562 6.617116e-08 1.0331955e-06 0.00013592218 6.4058004e-05 0.0004443933 0.22476146 6.3686915e-05 0.0003180734 1.1712056e-05 2.4291772e-05 0.0001299276 0.039675727 3.852487e-05 4.176082e-06 0.0893051 0.039500732 0.028986821 1.9004715e-06 3.017311e-06 8.254434e-05 4.355844e-06 0.01737915 6.4636435e-05 5.2665114e-06 0.0023116588 8.8507084e-05 0.004898194 2.0137097e-06 0.0035933692 0.013559902 0.0002197011 0.002539145 1.2724476e-07 0.00666735 0.0057589035 0.00018844793 0.00031252368 0.0001212384 7.158583e-06 5.309883e-06
0.9559208 9.091823e-06 0.00032269894 4.6872196e-06 0.0012459141 0.008050658 4.7179874e-05 4.4503286e-06 0.46539766 1.37347556e-08 0.05146893 0.0015615503 3.1688185e-05 7.2110556e-06 0.898576 9.227309e-16 0.83315516 0.00034161838 0.9436031 0.7545571 0.40977672 0.48392996 0.23886456 4.7117963e-05 0.1086268 1.0533711e-05 0.33760655 0.0013844745 0.34752545 0.82291716 0.56210935 0.12693068 0.06805832 0.015294498 0.0027698427 0.03554049 0.007923906 0.046424042 5.5443256e-06 0.13688497 0.00021241022 3.5138294e-07 0.6733206 0.026345992 0.0047725346 0.0024734992 0.0062907585 0.42189375 0.08312663 3.730289e-05 0.16602765 0.3337359 2.7481565e-05 6.573363e-05 0.00080470496 0.08636472 0.0023663226 0.0007382775 3.501723e-05 1.7062455e-05 0.00022146605 4.139334e-06 5.3285024e-05 6.8939444e-05 0.00010485006 0.00034241017 0.16123772 9.660526e-06 0.0003991481 5.1466673e-06 4.199618e-06 0.00018913878 0.008479863 9.5879026e-05 1.5372996e-05 0.036157023 0.040302046 0.022860955 1.9153507e-05 2.913941e-06 2.8979503e-06 9.550879e-05 0.09107268 2.6964113e-05 1.519646e-05 0.0044752117 7.7250945e-05 0.0019042336 8.6388445e-06 0.0012098228 0.0009964533 0.000120532735 0.0024316364 6.220825e-06 0.0022654487 0.0022800062 0.00012425253 0.00014417394 9.1798844e-05 1.545045e-05 2.0052066e-06
0.9935111 0.0033042512 0.021596897 0.0005863299 0.07736603 0.503817 0.005049493 0.00028567223 0.69831437 1.3808658e-06 0.03889702 0.0043467977 0.00057218905 7.6316144e-05 0.79395616 0.83315516 1.7673603e-14 0.36124748 0.3172832 0.11736391 0.028083136 0.031169213 0.024837267 0.040342193 0.8285601 0.037540294 0.857793 0.00013248035 0.02124915 0.08022844 0.72063404 0.5820042 0.77136904 0.002370465 0.00035651433 0.0037100438 0.0010351875 0.13386725 0.00051005196 0.0023860536 0.020884672 3.8005246e-06 0.0648273 0.00034035288 0.2121986 0.0002965791 0.0016180451 0.0050322684 0.0038611365 0.00610177 0.0008077837 0.017815065 3.7413014e-05 0.0038689068 0.00019428386 0.001728749 0.034429085 0.011088959 0.0025913077 4.273344e-05 0.00014802146 0.00014888364 0.00033811238 0.0033116946 0.0027287344 0.004238755 0.00018564155 0.0009323317 0.0021472361 0.00036894044 0.0010963386 0.0017896051 5.4059714e-05 0.0025541761 0.00023068854 1.8293458e-05 0.00054236816 0.0004447185 0.0003306377 5.0042618e-05 0.00015756337 0.00035734885 0.00055856217 6.82564e-05 0.00012877287 0.00015066694 0.0006430915 0.00015013837 0.00015798512 0.0007963253 0.008223998 7.1595765e-05 5.2637122e-05 7.884064e-05 0.0003787965 0.0011793008 4.2333537e-05 6.209543e-05 8.330074e-05 8.118494e-06 2.7579192e-06
0.86174124 0.67862165 0.32191455 0.070100695 0.106513135 0.9118998 0.016958544 0.016945772 0.023788804 0.07071078 0.0016131072 0.00036667346 0.00035347993 0.0009306359 0.0044563026 0.00034161838 0.36124748 9.884989e-19 2.7281725e-05 0.00014738967 2.0068874e-05 1.5716092e-05 0.0001624165 0.98894775 0.5773329 0.80349463 0.08868338 0.00017061048 2.1008657e-06 1.1172126e-06 6.227934e-05 0.08020713 0.0083418405 6.25969e-05 2.4571576e-05 8.201824e-06 2.0810832e-05 0.002354353 0.0008343571 3.589615e-07 0.419272 0.00022247157 2.9836165e-05 3.973078e-08 0.103609666 0.0004618314 2.6559417e-07 1.5715829e-08 1.3915542e-08 0.64242035 6.458753e-08 6.224048e-08 0.00018454342 0.13248324 2.1701376e-06 3.640417e-09 0.15057427 0.00030872304 0.05309568 6.299797e-05 2.015462e-06 1.3394467e-09 8.833016e-09 0.06919875 0.02697302 0.0488715 2.5177985e-07 0.0040909597 0.010919988 0.022362571 0.010181412 0.007137598 4.4890708e-08 0.015927676 0.01647338 7.31175e-08 1.9458821e-07 5.9621016e-08 0.0029816455 0.00045074688 0.0004650199 0.00022924852 1.7022709e-08 0.0014214829 0.0025234383 2.377685e-07 0.0014680715 4.4499848e-06 0.0011357904 6.02956e-07 3.4558212e-05 8.0927364e-08 1.42375525e-08 3.6091467e-05 6.805e-06 6.4611436e-06 7.8664445e-05 7.0085266e-09 2.5548214e-08 1.0853192e-09 6.560311e-07
0.90159035 1.254255e-05 0.00042534297 4.091644e-06 0.0012080238 0.002487048 3.3769942e-05 2.6683908e-06 0.40335044 4.742966e-09 0.024140565 0.00071008323 1.5018012e-05 1.0348207e-06 0.8006024 0.9436031 0.3172832 2.7281725e-05 3.2987084e-15 0.9113796 0.60431755 0.6484545 0.38719237 1.6835633e-05 0.03303377 7.581585e-06 0.08191652 0.0006225271 0.5764063 0.91864026 0.29907906 0.04594778 0.013195153 0.025146559 0.0031387988 0.08958327 0.017027015 0.007405662 3.8909743e-06 0.2666265 2.7404934e-05 1.2732026e-07 0.701455 0.06291102 0.0009817849 0.0025175803 0.0005430796 0.5174488 0.006308485 1.8295063e-05 0.2887878 0.430302 1.4228358e-05 1.2647929e-05 0.002276291 0.024728052 0.0016220785 0.00018867289 5.3257313e-06 6.453957e-06 0.00011817393 9.019567e-07 9.876339e-06 1.8366827e-05 1.2648447e-05 6.272047e-05 0.2567749 1.0517825e-06 6.7196255e-05 1.2209213e-06 1.428737e-07 2.3115792e-05 0.031255923 8.444176e-06 1.4628674e-06 0.113580346 0.06942825 0.04359596 1.0314923e-06 7.2163283e-07 4.257244e-07 1.1161071e-06 0.05899443 2.0320347e-06 1.7274724e-06 0.0048685167 1.7984134e-05 0.0051206583 4.310554e-07 0.0037795717 0.00031378155 0.00065224356 0.008702646 4.8931184e-07 0.0009502336 0.001379905 6.378395e-06 0.00044894437 0.0002569046 2.3707348e-06 6.5862764e-07
0.7447085 4.0002302e-05 0.0010314801 2.3601697e-05 0.0031844992 0.0034729906 0.0004681587 1.0643943e-05 0.8553051 6.355236e-08 0.11502892 0.004655397 7.391814e-05 9.0823505e-06 0.8650787 0.7545571 0.11736391 0.00014738967 0.9113796 6.4832075e-18 0.9411088 0.9554056 0.50595874 4.614747e-05 0.016271511 4.9000837e-06 0.023209417 0.0004959273 0.6393167 0.8780095 0.052880466 0.0042753033 0.0011424911 0.03150981 0.0023519315 0.11425005 0.013561046 0.00060078007 1.8265497e-05 0.19357511 5.361053e-05 8.093338e-08 0.11300081 0.03767774 0.00012810067 0.003969025 0.00038264735 0.27536893 8.7255816e-05 9.846995e-06 0.16322426 0.027413735 0.00022682677 3.445692e-05 0.010417685 0.0002746413 0.0011886794 1.8976038e-05 8.75264e-06 0.0001074458 0.00038620832 2.0220902e-08 1.1856937e-06 2.1447086e-05 4.9808295e-06 5.067902e-05 0.16079903 3.896858e-07 7.7660756e-05 2.9246346e-06 1.12586164e-07 2.1867381e-05 0.03204816 1.2849084e-06 1.0482251e-07 0.06298455 0.026088448 0.014843033 3.2776473e-08 1.16948236e-07 2.6090795e-06 8.5997826e-08 0.0007268711 9.281015e-06 1.3151157e-06 0.008362363 1.0299319e-05 0.012599972 2.90439e-07 0.009757116 0.0006321095 0.0022350817 0.006279604 4.678261e-08 0.00077448745 0.0007463962 4.397277e-06 0.0009820545 0.0008395701 7.5961646e-07 1.5687043e-07
0.8228991 5.27173e-05 0.0017698944 3.0212057e-05 0.0035973585 0.0015737339 0.000274176 1.0511113e-05 0.65059555 3.8450633e-08 0.17244759 0.004893231 6.743154e-05 1.0053053e-05 0.64482707 0.40977672 0.028083136 2.0068874e-05 0.60431755 0.9411088 6.1336164e-17 0.96717995 0.7349783 8.077817e-06 0.0051720715 8.353188e-06 0.0049301423 0.0014361904 0.8462727 0.38459808 0.008083124 0.0051185344 0.00058168825 0.069253884 0.008213045 0.42961028 0.02915642 0.00015558102 6.665064e-05 0.5855152 1.8620725e-05 3.7344248e-07 0.011926816 0.11543247 7.135276e-05 0.01191114 2.5214775e-05 0.3793714 5.3987706e-06 3.7929533e-06 0.40964285 0.0081700515 0.00050920923 2.653505e-06 0.02044354 3.634371e-05 0.0007031323 1.6846576e-06 8.340249e-07 0.00022033184 0.0017593303 4.973791e-09 3.566638e-08 4.1186177e-06 1.3869607e-06 7.571968e-06 0.30333483 9.2894524e-08 1.7038714e-05 2.2282751e-07 4.9358007e-09 1.6340647e-06 0.23238146 1.1807501e-06 5.7357205e-08 0.21182153 0.04064049 0.028477473 8.14293e-09 3.4236162e-08 2.6344513e-05 7.983151e-08 2.2204264e-05 5.802175e-06 2.68226e-08 0.0015087442 7.80164e-07 0.030151483 2.1910306e-08 0.043390363 0.0038336602 0.0017468756 0.0065916996 1.1085383e-08 0.0037367698 0.003098093 2.7818853e-05 0.00072038075 0.00052842457 9.1739855e-07 8.219908e-07
0.6586203 2.281387e-05 0.00066373544 7.818872e-06 0.0014815534 0.0011614575 0.00011138328 3.029002e-06 0.58126444 2.3871854e-08 0.059744038 0.0018385132 1.878102e-05 3.1298446e-06 0.6735062 0.48392996 0.031169213 1.5716092e-05 0.6484545 0.9554056 0.96717995 6.2026246e-18 0.4143651 8.227441e-06 0.0056862817 2.9733578e-06 0.0055365087 0.00014689504 0.74625427 0.6249307 0.014227355 0.0023194628 0.00038825045 0.033155214 0.0015776491 0.26530102 0.011588443 0.00020934956 9.266255e-06 0.45223698 1.4518926e-05 5.8819168e-08 0.06014305 0.0602383 8.0051585e-05 0.0056169108 5.572131e-05 0.41605306 1.1874278e-05 2.5829902e-06 0.44646654 0.017219814 0.0003481431 4.910441e-06 0.015238954 5.366076e-05 0.0006816364 3.5413634e-06 1.5679483e-06 0.00019237486 0.0011287628 2.0953228e-08 2.946714e-07 5.2916334e-06 1.6716289e-06 7.726681e-06 0.22470726 4.5909612e-08 2.4130537e-05 6.9900506e-07 9.403379e-09 4.2542915e-06 0.08616951 4.0848226e-07 3.1134768e-08 0.11345082 0.029518016 0.01924828 1.5066046e-08 3.3856796e-08 2.4626813e-06 4.1969752e-08 2.4901463e-05 2.3349396e-06 1.8732258e-07 0.003922463 1.5044525e-06 0.024048252 1.3086556e-07 0.01998431 0.000191594 0.0024489723 0.0050361045 2.3448472e-08 0.0013648585 0.0013186856 5.5117084e-06 0.00095003383 0.00074544124 4.851097e-07 1.56321e-07
0.9382326 0.0069402694 0.042352505 0.0010588078 0.100632876 0.010281351 0.02256889 0.00017253551 0.78914183 1.9249498e-07 0.88638073 0.33897203 0.0056402013 0.00029579582 0.63371986 0.23886456 0.024837267 0.0001624165 0.38719237 0.50595874 0.7349783 0.4143651 8.6259003e-16 5.2504114e-05 0.017804982 7.0756796e-05 0.0013576348 0.058372535 0.87665135 0.019010328 0.0035480405 0.00075537886 0.00029615403 0.7213507 0.085411 0.9429404 0.4017274 0.00011406904 0.00015288017 0.63636607 0.0004799459 1.7892506e-07 4.161855e-05 0.4866534 3.5369474e-05 0.09937945 7.9598084e-07 0.010736549 8.745708e-09 5.713757e-06 0.04550737 8.731658e-05 0.006072443 4.255158e-05 0.09608538 6.0773664e-07 0.0013190384 6.693508e-08 5.366355e-06 0.002165671 0.009602884 4.1137926e-10 1.1229384e-09 2.8996687e-05 4.2419165e-07 5.7041612e-05 0.15114526 4.935778e-07 2.8646898e-05 1.0717164e-06 4.321348e-08 1.5260468e-06 0.2405963 3.2739642e-06 9.5879706e-08 0.07843753 0.011019414 0.0065811877 4.222758e-08 2.7552693e-08 0.0001528564 2.8514739e-08 2.1728233e-08 1.7150127e-05 1.9299955e-07 0.00013952646 8.788572e-06 0.023354888 4.612307e-08 0.051780418 0.06551481 0.002220057 0.0032065066 8.579267e-09 0.016448993 0.009568355 6.7540495e-05 0.00053234946 0.00065033673 1.6535772e-08 5.0252825e-06
0.8001972 0.13772579 0.030256232 0.016702125 0.009000339 0.48021755 0.0024843798 0.0021556257 0.0019922196 0.033875085 0.00042292534 0.00019531733 0.00012695864 0.00021666822 0.00028400976 4.7117963e-05 0.040342193 0.98894775 1.6835633e-05 4.614747e-05 8.077817e-06 8.227441e-06 5.2504114e-05 2.0023332e-15 0.18837313 0.9830742 0.008466393 0.00010906676 4.3541118e-06 4.7157137e-06 2.0642325e-05 0.015808653 0.0015020361 9.07252e-05 5.2619056e-05 1.4592274e-05 0.00011807131 0.00023272433 0.002939547 3.4621894e-06 0.5158926 0.0012280945 2.0933248e-05 1.3370505e-06 0.00924813 0.0028695075 2.92447e-06 8.536656e-07 1.28128255e-08 0.74389046 1.1200834e-06 1.2134863e-06 0.0006140066 0.12957253 0.0004608463 1.4901687e-08 0.065816365 0.000108976405 0.19792375 0.0005639529 0.00023044381 4.761975e-09 2.7689616e-08 0.081079334 0.018950438 0.057134625 7.6195597e-06 0.01638031 0.014356572 0.05521281 0.07258134 0.009762585 3.1887477e-05 0.010032171 0.017545918 2.815411e-06 1.2630042e-05 3.20086e-06 0.002078358 0.006329643 0.0011656471 0.00015383108 8.249774e-07 0.001976353 0.0067202128 1.1074822e-05 0.0019827266 0.00013765493 0.0015333565 0.00020806934 0.0003020078 1.0583313e-05 2.9159634e-07 9.083597e-06 9.949591e-05 0.00014714194 0.00025964086 1.0798963e-06 1.0280096e-05 2.1416263e-07 7.735249e-06
0.99878323 0.09655685 0.08407766 0.011558685 0.16183007 0.73770034 0.010683209 0.0008471905 0.23996648 2.1101234e-05 0.030440098 0.0060399286 0.0019170229 0.000470415 0.14075142 0.1086268 0.8285601 0.5773329 0.03303377 0.016271511 0.0051720715 0.0056862817 0.017804982 0.18837313 2.995953e-17 0.2721031 0.7360506 0.0005900734 0.014885683 0.0072431983 0.0995108 0.75571764 0.7015105 0.0014269117 0.00053148606 0.0025615222 0.0012582134 0.31856596 0.0009939149 0.0006732481 0.22856486 6.1039405e-05 0.0019048593 0.00044248288 0.7346405 0.0017393939 0.00030513504 0.00081070396 8.904894e-05 0.06168596 0.00020472791 0.001202897 0.00085090013 0.025252253 0.0019065595 0.00011043083 0.25316185 0.054997206 0.010927566 0.0010270954 0.0006701739 5.8528574e-05 8.400999e-05 0.015033159 0.06719668 0.020255417 0.00017851169 0.0011734137 0.012260706 0.0042481986 0.0038086562 0.016807385 0.00081575394 0.15787773 0.03182784 0.00019463863 0.00043616572 0.00019255622 0.00493506 0.0009142217 0.001861263 0.150775 0.00010938331 0.000940586 0.002125843 0.00024949302 0.0011363261 0.000998576 0.0016935384 0.013671305 0.0060123545 0.0011798514 0.00029724085 0.00027676736 0.00035896822 0.0010622749 0.00017688076 0.00061806967 0.0025597324 1.5711283e-05 1.3302278e-05
0.9159897 0.04776156 0.007888359 0.00477779 0.0034480672 0.39398748 0.0007605455 0.0009918622 0.0007566514 0.01102528 9.329908e-05 8.991878e-05 6.266911e-05 0.00012438164 5.0702085e-05 1.0533711e-05 0.037540294 0.80349463 7.581585e-06 4.9000837e-06 8.353188e-06 2.9733578e-06 7.0756796e-05 0.9830742 0.2721031 8.858616e-19 0.011330662 7.931515e-05 2.9906e-06 1.1401139e-06 4.2907345e-06 0.01820241 0.0010176344 3.0928455e-05 0.000100471545 1.1059999e-06 5.265686e-05 0.0002242051 0.00048274768 2.2100946e-06 0.94458973 0.00021783261 1.1682466e-06 6.6709714e-07 0.030238679 0.0011410696 8.1913066e-07 2.4432566e-07 6.762982e-09 0.6071127 2.1399623e-07 1.8636499e-07 0.0003764115 0.11914875 2.0043188e-05 2.7074357e-08 0.32165548 0.00017368718 0.098248266 0.0003778341 0.00011262404 8.017267e-09 5.2355986e-08 0.05597517 0.01945311 0.06742475 1.2268179e-06 0.008879395 0.02477713 0.023188869 0.02630453 0.016675457 4.391043e-07 0.019068904 0.019209797 5.236614e-07 1.4946406e-06 6.211355e-07 0.0074686375 0.0037686569 0.0008345334 0.0011148535 8.8300055e-08 0.0017444965 0.009416487 9.386477e-06 0.0025378389 1.8029918e-05 0.0041407873 6.049564e-05 0.0001507871 1.151154e-06 1.9208528e-07 1.6066066e-05 4.0272236e-05 0.00016967766 5.363334e-05 4.37715e-07 3.0070743e-07 8.810238e-08 9.281045e-07
0.9669157 3.7742964e-05 0.0007943733 1.4864153e-05 0.0032067436 0.13145225 0.00014033675 8.604615e-06 0.040797155 1.6748091e-08 0.0021912255 7.3840856e-05 4.5785866e-05 3.0383876e-06 0.22684188 0.33760655 0.857793 0.08868338 0.08191652 0.023209417 0.0049301423 0.0055365087 0.0013576348 0.008466393 0.7360506 0.011330662 1.9327549e-16 8.847737e-07 0.0009414924 0.022679903 0.7172314 0.9020938 0.9037927 7.388325e-05 3.974943e-06 6.067319e-05 7.708116e-05 0.78331906 4.3928405e-05 0.00015211503 0.009302762 1.6154317e-07 0.07790669 1.2525625e-05 0.55346954 9.871927e-05 0.065058485 0.0010075936 0.0727568 0.003444715 0.00010982315 0.015937576 2.0553554e-05 0.0030984788 8.355917e-05 0.005929054 0.028773911 0.45108485 0.00091169676 9.124613e-06 4.6118526e-05 0.0091492385 0.015404859 0.0022739195 0.026460445 0.0033984922 8.191354e-05 0.00025636447 0.0045065726 0.00020679653 0.0002709727 0.009482999 7.1277886e-05 0.046628207 0.0069626705 1.0986428e-05 0.00034000966 0.00011013445 0.009195609 0.00016905514 3.5797493e-05 0.11108126 0.0012383494 6.140209e-05 0.0015553675 4.5338486e-05 0.00034335142 8.4686086e-05 0.0015064273 0.0001851477 0.00094360474 1.1092971e-05 3.8792346e-05 0.003929923 5.4436778e-06 0.000101386235 1.027888e-05 3.343143e-05 0.00018899326 4.9414175e-06 1.0610726e-06
0.8663761 0.32380813 0.5957683 0.18014053 0.68256027 0.0076650246 0.7294908 0.5270588 0.08957265 0.3337844 0.6700194 0.823842 0.79686755 0.78145695 0.011200241 0.0013844745 0.00013248035 0.00017061048 0.0006225271 0.0004959273 0.0014361904 0.00014689504 0.058372535 0.00010906676 0.0005900734 7.931515e-05 8.847737e-07 4.7671238e-18 0.00086256326 3.154176e-06 1.0385786e-06 2.1378053e-06 5.7464496e-07 0.08515685 0.9845822 0.008123695 0.48017576 1.4554317e-07 0.11817112 0.0010526261 0.00078725646 0.017069448 8.528807e-08 0.09684284 1.2717034e-06 0.5093831 7.820102e-08 6.098706e-08 1.2558456e-09 1.4165563e-05 1.8315663e-07 2.2232445e-07 0.2072142 2.3937204e-05 0.29681265 1.0724318e-08 0.000994704 1.4252727e-06 8.991274e-06 0.07685012 0.0911376 3.4294771e-09 4.7908455e-09 3.802698e-05 4.535518e-07 6.793034e-05 1.6668134e-06 3.4264156e-06 3.6592242e-05 3.7408856e-06 1.4865229e-07 2.9774326e-06 0.00060157094 1.7504133e-05 1.1634151e-07 3.9760366e-07 2.8494246e-06 6.615618e-07 2.8077507e-06 2.8277837e-08 0.0025132804 2.2041031e-07 6.6171126e-09 0.0026331819 1.562853e-06 2.1992182e-06 2.8184779e-05 0.00014135719 3.3383162e-07 0.00011056962 0.06671143 7.4382133e-06 4.6156495e-07 2.7684007e-07 0.00013887596 0.00014374901 0.0002199013 7.189336e-06 1.9574743e-05 3.4021152e-08 5.944825e-06
0.9256036 0.00077944004 0.0056289653 4.032381e-05 0.010779287 0.0011553869 0.002258635 6.877183e-06 0.59037757 9.039571e-09 0.6600078 0.045033254 0.00017415942 6.8759764e-06 0.66432476 0.34752545 0.02124915 2.1008657e-06 0.5764063 0.6393167 0.8462727 0.74625427 0.87665135 4.3541118e-06 0.014885683 2.9906e-06 0.0009414924 0.00086256326 4.3848358e-17 0.37604338 0.012257286 0.0007681368 0.0001995651 0.2798574 0.0069129947 0.75404406 0.06190118 0.00010010198 9.820259e-06 0.98035985 0.00016941103 3.1577514e-08 0.0016489759 0.27616423 2.2952949e-05 0.0137885 8.775104e-06 0.0820128 1.2581665e-07 2.0246655e-07 0.23875959 0.0018279237 0.0006642287 6.454111e-06 0.02790007 6.9182634e-06 0.0003424255 3.0570342e-07 1.564985e-07 0.00013106548 0.0013631654 1.6731478e-09 6.254915e-09 5.2634336e-06 1.9208932e-07 6.424334e-06 0.18678781 2.1728855e-08 4.4492253e-06 8.982342e-08 1.2082372e-09 1.0829841e-06 0.14062054 2.1275991e-06 3.093198e-08 0.13372962 0.02087557 0.009954375 5.6492528e-08 1.7419071e-09 9.743837e-06 2.196061e-07 1.4631842e-06 5.580828e-06 2.309326e-08 0.0010040752 4.988283e-06 0.018998748 2.4383159e-08 0.030514123 0.005144685 0.0019021807 0.0057043876 3.1702374e-08 0.009589581 0.0048162523 2.9242372e-05 0.00092449324 0.0004945043 6.328576e-08 1.0391364e-06
0.88462615 1.2755756e-06 7.349912e-05 2.0172625e-07 0.00023768249 0.00015855128 1.9550293e-06 7.3458045e-07 0.19057544 2.7126137e-09 0.0011498019 1.8022112e-05 2.6274524e-06 1.2324425e-07 0.69106215 0.82291716 0.08022844 1.1172126e-06 0.91864026 0.8780095 0.38459808 0.6249307 0.019010328 4.7157137e-06 0.0072431983 1.1401139e-06 0.022679903 3.154176e-06 0.37604338 6.281493e-16 0.57195127 0.020936511 0.0080756685 0.001549959 0.0003682933 0.03488864 0.0021515572 0.011740713 1.1676619e-06 0.3531374 2.9979215e-06 2.0131202e-08 0.9078665 0.020063577 0.00030096897 0.00015981232 0.0044400636 0.88513553 0.072261155 1.1508533e-06 0.78140545 0.8033677 3.1428617e-06 9.2770193e-07 0.0009529807 0.106427744 0.00033041707 0.00023687305 3.5044923e-07 3.7262375e-06 0.000118308446 5.4135007e-06 2.9166978e-05 6.331604e-07 4.7667986e-06 4.279631e-06 0.52891743 3.323838e-08 1.8186862e-05 1.7194589e-07 3.7467602e-09 9.738458e-06 0.024462948 8.921108e-06 4.145811e-07 0.18991905 0.17910162 0.11998495 4.109102e-07 2.3516384e-07 7.2277366e-08 6.1192395e-07 0.4228234 2.3195379e-07 2.0917373e-06 0.0823469 8.905043e-06 0.01513806 4.415504e-07 0.0062216506 2.3968294e-05 0.0032840606 0.033946883 1.3982201e-06 0.00014729425 0.00032212643 5.344585e-07 0.0026163333 0.00062103255 7.385684e-05 5.3403582e-08
0.9332133 2.0436535e-07 5.6734134e-06 2.14387e-07 5.2603602e-05 0.0003709704 1.3529191e-05 2.9604585e-06 0.0033129617 1.2414827e-08 9.992514e-05 5.352126e-06 1.5322645e-05 5.183979e-07 0.11498341 0.56210935 0.72063404 6.227934e-05 0.29907906 0.052880466 0.008083124 0.014227355 0.0035480405 2.0642325e-05 0.0995108 4.2907345e-06 0.7172314 1.0385786e-06 0.012257286 0.57195127 3.367687e-14 0.48045346 0.5405416 0.00018558117 1.3269082e-05 0.0004487597 9.0352885e-05 0.9278076 1.5058987e-05 0.010070192 4.65221e-05 1.7902354e-07 0.9028899 0.00018340701 0.053948123 3.6808713e-05 0.6936947 0.22900552 0.8506983 4.8512175e-05 0.026113715 0.65131617 5.9321956e-06 8.912591e-05 2.2502496e-05 0.54088205 0.0029320938 0.024993055 2.2239676e-05 2.4765393e-06 3.2840882e-05 0.00035418753 0.026370663 8.3422856e-05 0.000597328 0.00041209147 0.01254361 4.7352046e-06 0.0005885265 1.2832864e-05 1.9371937e-06 0.0006645322 9.304517e-06 0.00077387504 0.00010395389 0.000664994 0.0049341684 0.0032036395 0.00034658946 3.1992213e-06 1.1170501e-07 0.0006099748 0.5333289 1.0395057e-05 0.00011070721 0.009248536 0.00014081776 0.00011550735 0.00018777126 4.2394175e-05 9.0762755e-05 1.3913758e-05 0.00025553288 0.00020128707 5.147998e-06 2.7923019e-05 2.1580745e-06 3.129318e-05 4.494891e-05 0.00035656433 7.876988e-08
