3.7911236e-19 0.005640521 0.00024275921 0.040478203 0.5042728 0.1722131 0.10917549 0.3365576 1.1072278e-05 0.00032059435 0.26945588 0.6007965 0.18787283 0.050245967 0.42378095 0.810279 0.094945215 0.8381798 0.00028380426 0.959707 0.3818222 0.054278757 0.9359843 0.74933916 0.787812 0.91811967 0.30745167 0.7173129 0.83751297 0.05240035 0.7933773 0.77309376 0.7381438 0.15386322 0.9737834 0.7966478 0.0006273881 0.89524645 0.9634946 0.8112993 0.859279 0.022212956 0.92381865 0.55065423 0.98002964 0.82118833 0.9631021 0.776453 0.8478007 0.8830074 0.90397596 0.92797416 0.25744686 0.5543037 0.88394034 0.74137163 0.8301726 0.00014555603 0.73947304 0.77606773 0.8547886 0.87569517 0.94235903 0.7941584 0.8666207 0.89084536 0.0019890342 0.16743949 0.65023637 0.11755946 0.9285529 0.79259914 0.7893762 0.7525068 0.91955465 0.8130861 0.9731177 0.9168916 0.13717924 0.9692954 0.9479543 0.9474977 0.12463801 0.011337888 0.8451611 0.988026 0.99178505 0.9184706 0.9431557 0.7347772 0.80101967 0.9998883 0.9917719 0.9785963 0.99797195 0.9276317 0.06827106 0.9991188 0.25292125 0.9998727 0.9995197
0.005640521 1.9799393e-17 0.99767566 0.97437626 0.9527137 0.08894745 0.026035888 0.1635484 0.013552953 0.00017380317 0.011670976 0.1003312 0.021309443 0.025958488 0.016057521 0.062722154 0.00013576425 7.73754e-05 3.73804e-06 0.004704536 3.247131e-05 0.00019791107 0.016464263 0.010567233 0.0049616853 0.004428259 0.0013987384 0.00013940647 0.001036752 9.750386e-07 0.00031305404 2.0269048e-05 4.5343466e-05 7.0907054e-06 0.002299513 0.00012135663 1.8645194e-05 9.215642e-06 1.05779645e-05 2.5986228e-06 1.6651102e-06 1.0922861e-06 5.21697e-07 1.8913138e-06 0.00027209683 1.0525266e-05 2.1975819e-05 8.1818325e-06 4.2873435e-06 3.815521e-07 6.0150353e-07 8.049136e-07 3.1521972e-06 1.5603406e-06 3.976949e-06 6.8482836e-07 2.6379132e-07 9.699469e-07 5.3264193e-07 9.119718e-07 2.7224698e-07 2.0615488e-07 8.326973e-06 2.772155e-07 3.7692786e-07 5.193933e-06 1.7200615e-06 9.33742e-07 7.905073e-08 4.568393e-07 5.307126e-07 2.040377e-06 1.5698237e-07 1.4140883e-06 3.1743216e-06 1.9356592e-06 1.352403e-07 1.8178944e-06 8.2828376e-07 1.7525377e-07 2.486067e-07 1.3396365e-06 5.8636226e-07 1.04685455e-07 2.1284912e-05 2.5148853e-05 6.299874e-07 1.3325487e-05 0.00033781328 3.2362306e-05 3.145727e-05 1.10668725e-05 2.191011e-05 9.493748e-05 7.901814e-05 1.4391136e-05 1.2011966e-09 5.373107e-05 1.2919656e-07 8.811302e-05 9.512822e-06
0.00024275921 0.99767566 5.869257e-18 0.06328516 0.9622346 0.3325539 0.0014381271 0.15563212 0.85425276 0.18552099 7.875017e-05 0.010959383 0.4161451 0.00039353946 0.00012830729 0.015416882 0.015897159 0.0015952257 0.0008452936 7.64361e-05 0.001249177 0.011584845 0.0005555751 0.007135815 0.0008210245 0.00042789822 0.00044008243 0.00022049852 0.00013205224 0.0006362697 9.979735e-05 0.0006826874 2.990416e-05 6.650936e-07 0.0002094618 9.708016e-06 4.7634103e-07 5.163023e-06 5.013397e-06 9.634222e-06 2.7341487e-06 1.12836936e-07 2.905096e-09 3.2554502e-07 7.350725e-05 1.0663888e-05 3.845082e-06 1.4638961e-06 1.4319017e-05 4.972106e-06 3.5316132e-06 3.231313e-06 0.0001568922 5.039556e-06 3.4342458e-05 2.0127113e-06 9.47502e-08 3.4588942e-05 1.4688409e-06 1.9131525e-07 1.8313932e-07 2.009677e-06 0.00011608568 4.131123e-06 2.616318e-06 3.2528063e-05 2.3268116e-07 1.0749884e-05 3.7757002e-07 3.231464e-06 3.6449665e-06 1.1700216e-06 3.0736871e-06 8.477533e-06 1.6196322e-05 1.3461976e-06 8.117216e-06 2.810585e-06 1.31671395e-05 2.6498053e-06 7.2710923e-06 1.1039907e-05 2.5817795e-07 1.2947322e-07 1.1184466e-05 1.2279749e-05 1.647356e-05 1.6725546e-05 0.00015260324 5.4138413e-06 4.3816228e-05 3.986748e-05 1.3026464e-05 6.930477e-05 2.6739494e-06 2.376334e-05 6.0102266e-08 6.3919565e-06 2.6576126e-08 0.0001215722 2.202042e-05
0.040478203 0.97437626 0.06328516 7.5951204e-11 0.969303 0.95655054 0.5330682 0.552195 0.0018726874 3.2102143e-06 0.26199618 0.23528212 0.010798465 0.94577956 0.11463813 0.013319345 0.00042588264 5.2467523e-05 8.5294625e-05 0.059030406 0.0010917197 0.0031472426 0.022053286 0.00015937202 0.0004772416 0.0012226197 2.6485055e-05 8.404031e-06 0.00025109493 1.0389991e-05 1.4438839e-05 0.00038033127 3.6569054e-06 0.011756658 0.0017896971 0.00025450237 0.00282771 6.928187e-06 6.4743995e-06 6.0850066e-06 7.5636967e-06 0.0015771377 5.2517807e-06 4.9752245e-05 0.00012169271 1.39166505e-05 3.7935501e-06 2.4464987e-06 7.937746e-06 5.5585065e-07 1.2662105e-06 7.760511e-06 0.0002531063 6.127418e-06 8.428994e-06 2.0173043e-06 8.5009056e-08 0.00013403725 3.949168e-05 3.5800135e-06 9.228803e-07 1.7155058e-06 2.297327e-05 1.0078429e-06 8.559658e-06 1.3302454e-05 0.0001081595 3.850689e-06 1.6853118e-06 1.0981514e-05 1.3888573e-06 1.7025364e-05 5.9836873e-07 1.1231055e-05 6.7797955e-06 5.7852453e-06 1.8542416e-05 2.1095297e-05 0.00016329727 1.410529e-07 4.0294705e-07 6.783148e-07 1.0943177e-05 2.7578733e-07 1.126809e-05 0.0009642536 1.187592e-05 0.00040941985 0.0006237281 5.423989e-05 0.00013587408 0.00015319687 0.0002059204 0.0009445285 0.0017538841 0.00010999957 1.4151824e-06 0.00018223486 0.00011897625 0.0008539279 0.00047723638
0.5042728 0.9527137 0.9622346 0.969303 1.1337279e-15 0.80590945 0.26035264 0.8516311 0.003918763 0.27772528 0.089063294 0.5959517 0.58866364 0.11271534 0.10683438 0.5471557 0.03242236 0.051664047 0.0038241681 0.039849136 0.031968206 0.018686103 0.2563521 0.31638524 0.08545936 0.13802433 0.044159085 0.0036884479 0.037455417 0.001462339 0.01298777 0.0013268841 0.000810229 0.00015062197 0.047735695 0.00020018496 2.3629667e-05 0.0002163915 0.0012152195 0.0001077032 3.1488592e-06 1.5594951e-05 1.4075063e-06 1.6588061e-05 0.013144401 0.00010462782 0.0044481987 0.00037216258 5.5930388e-05 0.00063065893 0.00018838198 8.30672e-05 0.00022877741 4.7141625e-06 4.3604592e-05 2.0636844e-06 5.0314855e-05 0.00014051433 5.8327278e-06 0.00023434617 8.6143e-05 0.000106778236 0.00021287215 5.783169e-05 6.011901e-06 4.3408545e-05 0.0001550747 1.7235616e-05 9.108954e-06 1.8586546e-06 1.841671e-05 1.3613511e-05 1.0663207e-05 2.911623e-05 0.000129478 7.6511365e-05 1.17956215e-05 6.54678e-05 6.6603105e-05 6.569245e-05 9.143781e-05 0.00018806086 8.189802e-06 2.7219767e-07 9.555957e-06 3.7242535e-05 2.5122388e-05 0.013479474 0.012921778 0.00051981333 0.0007715776 0.00010736262 7.037113e-05 0.0204782 0.00090993947 0.0008768626 5.370858e-07 5.184832e-06 7.367141e-05 0.00017473154 0.00034922134
0.1722131 0.08894745 0.3325539 0.95655054 0.80590945 1.2813537e-15 0.98236966 0.9407025 0.002188764 2.3808843e-05 0.41294748 0.40391326 0.041177377 0.8904262 0.15636623 0.05684814 0.002285804 0.0011035062 7.297911e-05 0.10454238 0.012527411 0.0042516333 0.07660879 0.0018010181 0.0015360364 0.0052844402 0.00014706688 2.3215518e-05 0.00016794442 0.00021359895 1.8123665e-05 0.0010698333 1.8182153e-06 0.060110994 0.010561023 0.016292231 0.0065137767 1.6131478e-06 5.2529635e-06 2.0565014e-06 1.5358328e-05 0.0017225003 6.9103708e-06 0.00024986707 0.00013143697 5.383309e-07 1.0577606e-06 4.875751e-06 6.447488e-07 1.8194919e-06 4.741777e-07 1.0547195e-06 0.0001332974 6.1134244e-07 5.837174e-06 1.6510236e-07 1.7289787e-08 4.475463e-05 9.906808e-06 1.1606392e-07 2.3009154e-08 1.0911777e-07 1.740134e-05 3.1718204e-07 9.335545e-08 2.5796137e-07 0.0004802632 4.428837e-06 2.1637425e-07 6.1843284e-06 2.659589e-07 9.08481e-08 1.2855132e-07 5.3625973e-07 4.0372137e-07 6.937814e-08 3.4423252e-07 1.4334133e-06 0.00037912428 2.0241211e-07 1.238931e-07 5.0183746e-07 1.5654374e-05 1.1753876e-06 6.089858e-07 0.0005752989 3.0761257e-05 0.000118379554 3.8881128e-05 2.0218523e-07 3.6004133e-06 8.909226e-05 3.2609114e-06 0.00030618592 0.00021939604 3.4047785e-05 2.0890012e-07 1.5884092e-06 2.7374974e-05 0.00043187223 1.4657996e-05
0.10917549 0.026035888 0.0014381271 0.5330682 0.26035264 0.98236966 1.564202e-16 0.7175797 4.3073387e-06 3.8902965e-09 0.9953847 0.39417303 0.00024675595 0.8857828 0.49881873 0.055224914 2.9923902e-05 2.7951246e-06 9.900021e-09 0.25275412 0.00014274969 8.182636e-06 0.115283266 0.00019298898 0.0005195333 0.0018300205 4.6494024e-05 2.6369764e-06 5.973559e-06 6.595063e-07 8.8743394e-07 3.532368e-06 6.693955e-08 0.33322382 0.023242448 0.15913655 0.014221114 1.7838217e-06 1.407754e-05 6.684089e-07 0.0010925597 0.01351549 0.00060735777 0.0045900783 0.00031599146 3.1987253e-07 1.6428736e-05 0.00031743068 1.7302373e-06 2.8645134e-06 6.2905866e-07 4.9197265e-06 3.3335712e-06 7.403214e-07 1.2393193e-06 9.261253e-08 1.2936961e-06 1.1333108e-07 6.847168e-05 8.749451e-06 7.593839e-09 4.539605e-08 3.352077e-06 7.818935e-07 3.6984034e-08 6.847406e-08 0.00041284692 1.8267916e-07 8.609992e-06 2.0049036e-07 1.07067876e-07 2.9644532e-08 1.2501339e-07 3.0843548e-06 1.0989628e-06 1.6519434e-07 4.1849145e-07 2.0748853e-06 2.356343e-06 3.60168e-08 2.4261118e-07 1.2259092e-06 6.8325826e-05 3.058374e-08 3.5485982e-06 0.00034017768 4.9322884e-06 1.6785252e-06 2.3346136e-05 1.3819528e-06 1.0280801e-05 5.706074e-06 2.4517446e-06 5.6689816e-05 0.00028327046 1.7919718e-06 9.0870705e-10 6.666176e-07 3.3199784e-05 5.644912e-06 4.1305063e-07
0.3365576 0.1635484 0.15563212 0.552195 0.8516311 0.9407025 0.7175797 1.2305414e-16 0.00047547196 0.00071143964 0.76218987 0.990343 0.21889521 0.037897553 0.5691684 0.85715044 0.008844153 0.009369637 1.8770115e-05 0.09204407 0.0020907752 0.003233886 0.37822545 0.026565962 0.03386314 0.09497023 0.0022395274 0.00090605795 0.004132607 0.00017477405 0.0004765647 0.0016661421 0.0001795739 0.00010891625 0.06939644 0.004174703 1.4506123e-05 0.00038897406 0.003108785 7.9221034e-05 1.918691e-05 2.8196124e-05 7.6118573e-07 0.00018386393 0.026448892 3.9634568e-05 0.0010496418 0.0005301092 0.000117076066 0.00040318636 0.000112405134 3.9082992e-05 5.1087686e-06 4.69588e-05 1.276041e-05 3.8891918e-05 8.657777e-05 2.7508272e-06 2.477287e-05 9.152126e-06 2.1620162e-05 8.4922e-05 1.9768668e-05 7.690442e-05 2.6885707e-06 9.9654735e-06 4.317707e-06 1.6418244e-05 3.0888382e-06 2.8240529e-05 1.9062512e-06 4.800388e-06 1.6404061e-05 7.2850294e-06 2.8399823e-05 5.8303804e-06 1.3544017e-06 1.378794e-05 1.7333467e-05 1.8373465e-05 9.884201e-07 1.687342e-05 4.1940784e-06 1.6626523e-06 1.0888342e-06 7.3921175e-05 7.701852e-06 0.00042372677 0.00019372934 2.2799438e-06 6.550196e-05 0.00039539242 3.1332074e-06 0.00039014712 5.1944015e-05 0.000107763706 6.8978037e-09 4.445652e-05 7.272854e-06 0.00013119128 4.9953924e-05
1.1072278e-05 0.013552953 0.85425276 0.0018726874 0.003918763 0.002188764 4.3073387e-06 0.00047547196 2.2853425e-21 0.9258998 5.797913e-07 9.71009e-06 0.014859647 4.2318763e-05 2.6199284e-06 9.689461e-06 0.0019958739 7.374163e-05 0.60265005 8.549048e-07 0.0046053566 0.0029493738 3.82807e-07 0.00013208587 2.4869942e-07 1.1116917e-07 3.6719641e-06 2.677873e-05 4.5823907e-07 0.00013212039 2.3546334e-06 9.346312e-05 2.1835945e-06 1.1021172e-07 1.6775257e-07 8.8102625e-10 2.104751e-07 1.7524727e-07 4.9996743e-08 7.428792e-08 6.683847e-09 4.052466e-09 2.8972787e-08 7.286874e-11 1.478931e-07 6.877605e-07 2.678552e-09 3.9954848e-10 1.0110158e-08 1.9198412e-08 1.1049455e-08 7.1422477e-07 0.00018946247 2.7585227e-09 7.1093264e-06 3.2892817e-09 1.6196088e-09 0.0012013832 4.2169774e-09 3.4223266e-10 1.5878343e-09 6.5569448e-09 2.8124484e-06 5.503259e-09 8.649199e-08 3.5781173e-07 1.717108e-08 7.41656e-06 3.4850034e-10 2.4179315e-06 1.2738839e-07 1.3497305e-09 9.095039e-08 1.079858e-08 1.1248989e-07 5.1873396e-08 9.2969645e-07 1.5599387e-08 2.2379002e-06 5.8292017e-08 5.163527e-09 4.504604e-08 8.187471e-09 1.5908453e-08 2.2177078e-08 2.5841903e-06 1.4873079e-06 8.7536773e-07 3.618093e-07 6.6145636e-09 8.811108e-09 1.194141e-06 1.3572833e-07 1.3106221e-06 1.4184272e-07 6.275807e-08 4.4207134e-08 4.9393916e-06 1.7133917e-08 1.5047156e-05 2.2608737e-07
0.00032059435 0.00017380317 0.18552099 3.2102143e-06 0.27772528 2.3808843e-05 3.8902965e-09 0.00071143964 0.9258998 2.2954742e-24 3.4674943e-09 2.9172734e-05 0.50229895 6.7876556e-08 7.68483e-06 0.0008481706 0.054821637 0.02497511 0.96904016 8.534682e-08 0.040411994 0.08057844 4.0765435e-06 0.013782322 0.00043669288 2.8322469e-05 0.001669385 0.003222759 3.543673e-05 0.0034057063 0.0002486237 0.009680591 0.00058011466 4.4619764e-08 5.5487476e-06 1.03661584e-07 2.06741e-09 6.92896e-06 2.630806e-05 1.2397371e-05 1.5684565e-08 5.4362122e-08 7.555654e-09 1.7236676e-08 3.1907308e-05 0.00012113508 3.762196e-07 3.1591807e-07 0.0003256017 2.0330475e-05 4.8165116e-06 1.2796061e-06 0.003786062 4.052316e-05 0.0003314374 7.1252775e-06 2.4151221e-08 0.0024603608 9.820057e-09 9.795257e-08 2.0976383e-06 1.3434242e-05 7.858189e-05 2.582276e-06 8.585508e-06 5.7800753e-05 2.967832e-11 5.255852e-05 6.855962e-07 2.8097331e-06 6.150849e-06 4.635786e-06 1.3605379e-06 2.7709177e-07 1.0760869e-05 7.029372e-05 2.468641e-05 5.9457943e-08 1.1491572e-05 9.620858e-07 3.1227563e-07 1.01580135e-05 3.3103706e-10 1.5105472e-07 7.717516e-07 1.5479108e-07 9.780173e-06 0.00010614207 6.444132e-05 2.0042422e-05 2.1846317e-06 4.418984e-05 2.933835e-07 0.0001608375 1.0511758e-08 1.414509e-06 8.622532e-06 3.264849e-05 1.8657509e-10 0.00042680337 1.6275482e-06
0.26945588 0.011670976 7.875017e-05 0.26199618 0.089063294 0.41294748 0.9953847 0.76218987 5.797913e-07 3.4674943e-09 1.830581e-15 0.6025241 0.0005316463 0.16713664 0.98805517 0.1879618 0.00010162582 1.2012811e-06 7.2648425e-09 0.7663448 3.8554976e-05 4.7917943e-06 0.3031312 0.0006845422 0.0032449765 0.013641012 0.0002941858 3.7641705e-05 0.00030989145 4.144951e-06 1.544422e-05 8.2266415e-06 2.0602174e-06 0.2956675 0.12000887 0.40629426 0.0057747946 1.9606505e-05 0.0004570359 4.880338e-06 0.011688017 0.016159102 0.00012376126 0.014875925 0.01255419 3.4036084e-06 0.003569866 0.01978674 1.6694295e-05 9.480991e-05 2.7408448e-06 1.5630818e-05 1.8862917e-06 1.7742503e-05 4.7287938e-07 5.3066783e-06 0.00032194096 1.1927774e-08 0.0004581476 0.0003334204 7.910785e-07 6.445085e-07 3.22447e-06 3.1261397e-06 3.5111094e-07 3.6327214e-07 0.0003155879 1.326278e-07 0.00041821305 1.43171455e-05 2.0257683e-07 1.6860158e-06 8.751616e-07 8.162676e-06 4.1655653e-06 1.01678115e-05 1.6130085e-07 1.6226577e-05 3.95313e-06 9.440619e-08 6.83412e-07 1.787212e-06 2.794758e-05 8.4932794e-10 7.685959e-06 0.00018442572 9.117392e-08 2.3802078e-05 0.0009590217 6.313745e-05 5.7184378e-05 4.7423764e-06 1.970748e-06 0.00030972247 0.0003156445 1.6901516e-06 8.000128e-09 1.7306432e-06 5.041844e-06 5.1620627e-06 2.488908e-06
0.6007965 0.1003312 0.010959383 0.23528212 0.5959517 0.40391326 0.39417303 0.990343 9.71009e-06 2.9172734e-05 0.6025241 2.9520615e-16 0.023016345 0.0020181576 0.8501887 0.98102486 0.0012143865 0.0022001131 8.782706e-08 0.36827493 0.0003157309 0.0004044839 0.82699776 0.021445574 0.113870606 0.3358526 0.0018023034 0.0002312328 0.0036643157 2.338941e-05 0.00019124239 0.0005379506 0.00010434513 4.3776257e-05 0.22808436 0.010333283 1.4183718e-05 0.00025355685 0.0035336216 0.0001213145 2.3657718e-05 2.4742314e-05 3.645987e-07 0.00045044476 0.04448433 4.4744946e-05 0.0066458485 0.0027725676 0.00013135088 0.0002387427 0.00020859804 9.092043e-05 1.292434e-05 5.397631e-05 1.8599269e-05 4.253762e-05 0.00018521854 3.5196604e-06 7.148606e-05 4.8068043e-05 6.6936846e-05 4.67384e-05 3.065407e-05 0.00020609153 1.310834e-05 1.600375e-05 3.0282972e-06 2.9512519e-06 1.6259402e-05 0.00013847774 9.58873e-06 6.658244e-06 6.177052e-05 7.5040693e-06 3.5482855e-05 4.4580407e-05 6.430439e-06 2.670057e-05 1.9946816e-05 4.43271e-05 0.000115706345 3.7022022e-05 3.527922e-07 6.356716e-08 5.7423435e-06 1.2738476e-05 1.5158557e-06 0.0006777504 0.0006859312 5.291177e-05 0.0002809347 0.0002181359 3.7264788e-06 0.00071027904 1.1106913e-05 4.4344895e-05 4.999217e-08 1.8823212e-05 4.5062375e-06 7.535204e-05 2.431889e-05
0.18787283 0.021309443 0.4161451 0.010798465 0.58866364 0.041177377 0.00024675595 0.21889521 0.014859647 0.50229895 0.0005316463 0.023016345 1.3841373e-15 0.0005582964 0.00078429386 0.15104723 0.9869691 0.99371725 0.031777866 1.3245616e-05 0.607559 0.8172992 0.0019788835 0.44273007 0.019458005 0.0050687394 0.059752773 0.103686094 0.018696344 0.15004262 0.04716896 0.42521378 0.011550587 2.0479807e-07 0.00013803368 4.3111113e-06 4.6101192e-07 0.0007218046 0.0006935181 0.0013611955 8.904027e-07 2.0326247e-07 3.667388e-09 7.5396926e-08 0.00015373941 0.0006298608 1.2320507e-06 3.3303283e-07 0.0003241335 0.00026985968 0.00012017177 0.00046748013 0.020356398 0.00013211598 0.0009796075 0.00014519182 7.7327513e-07 0.022877859 7.0675793e-07 1.5800175e-07 1.1281165e-05 2.6642858e-05 0.00030077502 4.023789e-06 1.884065e-05 0.0001147247 8.370321e-07 0.00029080114 2.5457118e-07 0.0008042623 7.5335474e-06 1.3719788e-05 1.1206347e-06 5.6401257e-07 2.1590018e-05 2.6164491e-05 3.081906e-06 9.273472e-07 0.00018930281 1.7072523e-06 3.934158e-07 1.692417e-05 7.978703e-07 1.6840802e-05 3.287391e-07 2.9687762e-06 1.0425163e-06 0.00010906499 5.1398863e-05 2.331811e-06 4.368199e-06 4.014845e-05 9.252041e-07 5.3521697e-05 1.2990109e-06 1.8327869e-06 2.1992086e-07 2.4315388e-05 2.5475407e-07 0.00045384327 1.2927859e-06
0.050245967 0.025958488 0.00039353946 0.94577956 0.11271534 0.8904262 0.8857828 0.037897553 4.2318763e-05 6.7876556e-08 0.16713664 0.0020181576 0.0005582964 1.9930153e-13 0.015559506 0.00024707057 5.93286e-05 2.6999764e-06 1.033344e-05 0.039404877 0.00021323282 0.00012077252 0.0008050692 2.2068163e-05 7.299836e-06 2.2569853e-05 1.1236713e-05 7.559194e-05 1.0023195e-05 2.0480767e-05 1.9959622e-05 0.0017322409 1.35827895e-05 0.91596603 0.00024509264 0.030130673 0.99540305 1.4360411e-05 4.596859e-06 9.0955e-06 0.00044396633 0.1426854 0.012461613 0.0033014321 6.0542912e-05 2.114049e-05 4.984778e-06 2.1045282e-05 3.188763e-05 4.403118e-06 1.7912013e-06 4.2404045e-05 0.00027119557 9.8750115e-06 3.3325367e-05 3.1313016e-06 2.9331608e-07 0.00014571325 0.00040708212 1.2998903e-05 5.8414537e-07 1.3429712e-06 2.590019e-05 4.2619054e-06 4.909261e-06 5.2271196e-05 0.048721615 1.1384933e-05 3.8749067e-06 0.00036424593 2.608622e-06 3.3536855e-06 4.087995e-07 9.92012e-06 1.3545549e-05 7.054798e-07 9.462608e-07 1.9050836e-05 0.00041763097 2.2112636e-07 1.04885906e-07 9.640132e-06 0.00039609344 3.7899306e-06 2.6505484e-06 0.0013633788 4.3293676e-06 4.635381e-05 2.3242612e-05 2.3170142e-06 2.1512471e-05 6.471967e-06 1.1132576e-05 2.7780674e-05 0.00047812518 4.7564677e-06 1.22139e-07 1.1407816e-06 8.689549e-05 7.714606e-06 6.8477e-06
0.42378095 0.016057521 0.00012830729 0.11463813 0.10683438 0.15636623 0.49881873 0.5691684 2.6199284e-06 7.68483e-06 0.98805517 0.8501887 0.00078429386 0.015559506 8.4959356e-14 0.32745466 0.00051054056 8.290804e-05 9.103578e-08 0.995499 1.105606e-05 2.3145572e-05 0.6626004 0.000689716 0.007865988 0.07836805 0.00029649623 6.223042e-05 0.00021872438 6.2670874e-06 1.8521298e-05 1.6803006e-05 6.444104e-06 0.033375748 0.35327145 0.1527686 0.0008419162 8.585996e-05 0.0023459548 5.172384e-05 0.001196098 0.0006396335 0.0001320851 0.0038658932 0.04741226 4.6711753e-05 0.017155362 0.024396991 0.00020688372 0.0003138639 0.000112586335 2.940314e-05 3.4952989e-06 0.00011488894 1.8226928e-06 2.4091494e-05 0.0013374767 2.6263987e-07 0.00017800591 0.0004679737 0.00017453184 8.195323e-05 1.6916214e-05 0.00023414957 1.2003312e-05 3.47151e-06 1.798369e-05 5.7533146e-07 0.0006788682 2.787381e-06 1.91766e-06 1.6098627e-05 9.020858e-05 4.6776884e-05 3.3566856e-05 0.00016696454 4.8292543e-07 0.0002537855 5.5632445e-06 7.201039e-05 0.00022313853 4.1544554e-05 1.1553825e-05 7.6880916e-08 8.615615e-05 0.00022802484 9.27333e-07 0.00056618877 0.0012118702 0.00051677943 0.00094386126 0.00019036369 9.292727e-05 0.00071743916 9.753929e-05 0.00034129713 5.4379857e-08 6.224253e-05 3.586161e-06 0.0003765795 0.000100289464
0.810279 0.062722154 0.015416882 0.013319345 0.5471557 0.05684814 0.055224914 0.85715044 9.689461e-06 0.0008481706 0.1879618 0.98102486 0.15104723 0.00024707057 0.32745466 2.85356e-14 0.021892255 0.17275117 6.9342644e-07 0.0898321 0.00035658252 0.001956088 0.93192875 0.63345504 0.82189286 0.95521504 0.082538955 0.0022443284 0.14784445 0.0001193507 0.014002854 0.0009943175 0.0005498463 1.3825824e-05 0.31864992 0.003977042 2.3639486e-06 0.0064886943 0.02968243 0.002199056 7.587379e-06 5.4018815e-06 2.929666e-07 4.026283e-05 0.13221748 0.00040967375 0.005418514 0.00072632125 0.0024156617 0.0025823808 0.0026947625 0.000601645 7.309091e-05 0.00058988633 0.00025479624 0.00039833068 9.375468e-05 1.4618772e-06 1.9422689e-05 2.5812209e-05 0.0021591017 0.0007024155 0.00046666386 0.0010575363 0.0006829381 0.00049159914 5.342857e-07 2.4820602e-06 2.4846666e-05 0.0001820464 0.00016394797 0.0001610189 0.0003336348 1.0887392e-05 0.00018842278 0.00024370052 0.00014761896 0.00017866478 4.264815e-05 0.0003593823 7.764957e-05 6.889981e-05 1.790279e-06 3.2308292e-06 2.0803639e-06 2.9475574e-05 4.460258e-06 0.0015876757 0.0007891681 4.1945164e-05 0.00016537019 0.00067614415 8.341828e-06 0.00086967717 3.228213e-05 0.00010320228 6.858987e-08 0.00018731088 3.1346688e-06 0.0009875859 3.5561956e-05
0.094945215 0.00013576425 0.015897159 0.00042588264 0.03242236 0.002285804 2.9923902e-05 0.008844153 0.0019958739 0.054821637 0.00010162582 0.0012143865 0.9869691 5.93286e-05 0.00051054056 0.021892255 7.8400565e-15 0.9534649 0.02526917 0.00014546499 0.5399329 0.98611236 0.000851483 0.38505182 0.014881998 0.0017789623 0.058973674 0.45941374 0.027436888 0.33734035 0.12056695 0.9043183 0.1314672 8.9677236e-08 0.00025904033 7.3886667e-06 5.0099175e-06 0.0050882427 0.001721785 0.014051045 8.910955e-06 1.7123739e-06 2.0102318e-07 8.526827e-07 0.0006175612 0.02576931 9.3789695e-06 1.3644569e-06 0.0010292564 0.0011222444 0.0004229068 0.0042576 0.19877201 0.00023060408 0.018544942 0.00038109082 2.1244423e-06 0.03685622 1.4593915e-07 4.865785e-07 7.3756746e-05 4.4964643e-05 0.016245803 1.6446089e-05 0.00026763373 0.0025306295 3.3118336e-06 0.002391431 1.9409171e-07 0.0049658897 9.582363e-05 0.00020120665 9.314817e-06 8.2624035e-07 0.00035627268 0.00080078235 0.0008960381 1.0130514e-06 0.0014142711 4.9574755e-06 1.7847268e-06 0.00037322319 5.5862733e-07 0.00020119782 2.1834132e-06 1.334373e-06 1.1821907e-05 0.00045696046 3.552816e-05 2.0021496e-06 2.3693312e-06 0.00023295707 7.505841e-07 0.00020294667 3.2678238e-07 1.5267981e-06 5.2202446e-05 0.0010342521 1.6810266e-07 0.0010702236 2.0570831e-05
0.8381798 7.73754e-05 0.0015952257 5.2467523e-05 0.051664047 0.0011035062 2.7951246e-06 0.009369637 7.374163e-05 0.02497511 1.2012811e-06 0.0022001131 0.99371725 2.6999764e-06 8.290804e-05 0.17275117 0.9534649 3.476044e-16 0.001793887 1.0612669e-06 0.27357993 0.24627888 0.00063576864 0.922962 0.088607736 0.0132248225 0.35215572 0.85973257 0.25521675 0.03907679 0.47924873 0.8768334 0.37694493 5.4700468e-08 4.2124237e-05 1.1904914e-07 2.4528708e-07 0.0238458 0.005333048 0.058383286 4.3872134e-07 3.349639e-06 9.427587e-09 6.3616284e-08 7.406894e-05 0.019198775 7.053802e-09 1.3993892e-09 0.00067707984 0.00071476406 0.00016282997 0.0031928332 0.06995125 3.6975973e-05 0.011988291 3.0087354e-05 7.0847567e-10 0.0012679215 1.12841676e-07 1.1317868e-09 3.913104e-06 1.0484916e-06 0.006386196 1.6467e-08 7.9970505e-06 0.0003197376 4.0310294e-08 0.00047335163 8.908286e-10 0.0012176505 2.8968038e-06 6.56548e-07 1.6681968e-08 2.495044e-08 9.384758e-06 1.3919983e-05 2.6021804e-05 5.577838e-08 9.546512e-06 1.6078742e-07 1.6862031e-09 5.9542376e-06 1.9536518e-08 2.4225812e-07 2.0076827e-08 1.2485813e-07 3.910875e-09 0.00049613946 3.3361218e-06 4.9777043e-08 2.6804036e-08 3.2205284e-05 1.164412e-07 6.276984e-05 1.5878336e-06 4.2901817e-08 2.3173698e-08 4.109639e-05 4.197992e-08 0.00028567412 1.7645189e-07
0.00028380426 3.73804e-06 0.0008452936 8.5294625e-05 0.0038241681 7.297911e-05 9.900021e-09 1.8770115e-05 0.60265005 0.96904016 7.2648425e-09 8.782706e-08 0.031777866 1.033344e-05 9.103578e-08 6.9342644e-07 0.02526917 0.001793887 4.120308e-15 9.788272e-08 0.99455273 0.05828187 4.254206e-08 0.00033899708 3.22012e-07 4.0971727e-08 1.861348e-05 0.00028087632 1.5524708e-06 0.04568548 2.9958883e-05 0.01071652 0.00012458606 4.2222227e-06 4.065009e-08 1.00063176e-07 2.998013e-06 6.3458765e-07 1.056106e-07 1.0024003e-06 7.658805e-08 2.3151215e-06 4.3719037e-06 7.442464e-08 2.6948749e-08 7.0045285e-06 2.7860148e-08 1.47384185e-08 1.0090923e-06 1.8977558e-07 3.4014388e-07 1.6260727e-06 0.003880715 7.28987e-07 0.0004919396 1.3332618e-07 4.4575195e-08 0.09457344 1.0126605e-07 1.4537926e-08 8.486147e-08 1.7564231e-07 6.490922e-05 1.4831252e-08 3.8029225e-07 7.0507126e-06 1.9260431e-08 0.0015011476 3.764915e-08 0.001936686 1.9902682e-06 3.1933183e-07 1.0975225e-08 3.383025e-07 2.633468e-06 1.1832086e-06 1.0840242e-05 3.5458346e-08 0.00090892386 3.5337557e-08 1.798896e-08 3.0390788e-07 3.1026815e-08 3.0984105e-05 6.2147826e-08 2.00159e-06 4.6401492e-05 1.8430608e-05 6.800669e-07 1.3811827e-07 2.0695179e-08 3.8749877e-06 1.2524501e-07 3.6172805e-06 2.7478865e-07 1.3729229e-08 0.000109011016 7.558101e-06 1.2506203e-09 5.4430424e-05 3.5186883e-07
0.959707 0.004704536 7.64361e-05 0.059030406 0.039849136 0.10454238 0.25275412 0.09204407 8.549048e-07 8.534682e-08 0.7663448 0.36827493 1.3245616e-05 0.039404877 0.995499 0.0898321 0.00014546499 1.0612669e-06 9.788272e-08 1.3327841e-14 9.753636e-06 1.6639078e-05 0.84156895 0.00022975498 0.0065744095 0.11300029 0.00017925324 8.136531e-06 0.00039000186 8.134296e-06 6.493742e-06 1.6127185e-06 4.888095e-07 0.26953596 0.86982375 0.7772042 0.0028124272 2.9262514e-05 0.011181582 9.508232e-06 0.09106636 0.010812836 0.012192587 0.09723806 0.37389502 7.016583e-06 0.29851207 0.3727359 0.0001658554 0.0018173201 0.0004844331 3.7575068e-05 1.2479607e-06 0.00012931807 1.7683504e-06 6.335471e-05 0.07043757 1.6639038e-06 0.008544048 0.049648367 0.0007029312 0.00060383364 1.6245814e-06 0.0020910555 1.3561408e-05 8.1763645e-08 0.00015217715 7.0369776e-07 0.025694525 8.244958e-06 1.9088262e-05 4.7852656e-05 0.00078990636 0.0023894385 6.832686e-05 0.00020869094 2.2901412e-07 0.011230453 3.4458302e-05 0.00049083884 0.0044299527 2.9245355e-05 0.00035185495 1.7833623e-08 0.004995608 0.002311076 3.3665498e-07 0.0033258311 0.0244943 0.007093378 0.00996595 0.0013980336 0.004976065 0.014463778 0.0039339894 0.002745837 4.0106812e-07 0.00016768069 1.8046774e-05 0.0018154007 0.0010799519
0.3818222 3.247131e-05 0.001249177 0.0010917197 0.031968206 0.012527411 0.00014274969 0.0020907752 0.0046053566 0.040411994 3.8554976e-05 0.0003157309 0.607559 0.00021323282 1.105606e-05 0.00035658252 0.5399329 0.27357993 0.99455273 9.753636e-06 1.045866e-12 0.89259297 3.0644103e-05 0.12114335 0.0014611854 0.00026678186 0.013717486 0.1701457 0.010312938 0.94626975 0.03699401 0.5986237 0.07226863 0.00024168068 5.913079e-05 1.0257044e-05 7.263101e-06 0.00018152784 3.317623e-05 0.0018590102 1.960013e-05 2.9478553e-05 1.6859724e-06 2.112331e-06 1.636709e-05 0.00723152 1.0795997e-06 8.682342e-07 2.2895607e-05 2.972462e-06 5.8741366e-06 0.0036060784 0.2676395 3.6868494e-06 0.04880045 5.5789073e-06 5.4852933e-07 0.2893763 2.516986e-06 5.730701e-06 4.816454e-07 4.9141255e-07 0.019941045 1.16484074e-07 2.5528306e-07 0.0022036398 1.2117482e-06 0.010602669 3.3987183e-07 0.034768097 3.7161337e-06 5.7297206e-07 4.58363e-08 2.0609878e-06 9.852866e-06 7.703673e-06 0.0019180343 1.305741e-05 0.007972303 3.729716e-07 1.4995478e-06 1.6849559e-05 7.6039345e-07 0.0019338584 4.2643632e-07 7.1609247e-06 0.0008593266 0.020790745 0.0039103813 1.5382102e-05 9.666599e-06 0.0027100272 2.9081027e-06 0.028475717 2.175546e-06 5.2060506e-05 0.00046505488 0.00039337942 4.1627178e-08 0.0009282007 5.7803514e-05
0.054278757 0.00019791107 0.011584845 0.0031472426 0.018686103 0.0042516333 8.182636e-06 0.003233886 0.0029493738 0.08057844 4.7917943e-06 0.0004044839 0.8172992 0.00012077252 2.3145572e-05 0.001956088 0.98611236 0.24627888 0.05828187 1.6639078e-05 0.89259297 4.1222104e-15 8.3178886e-05 0.10411919 0.0013076321 0.00014447923 0.011784058 0.27041975 0.0035586555 0.97811025 0.03512578 0.9073823 0.10371146 2.6873286e-07 7.518659e-05 4.854989e-07 3.8094234e-07 0.0010649436 0.0003985435 0.0058447835 9.14823e-07 1.071139e-06 7.90055e-08 1.490345e-08 0.00025104056 0.024423348 4.228171e-06 1.5932329e-07 0.0006464954 0.00037479028 0.00014023026 0.0017009183 0.5473915 5.3942087e-05 0.027781235 4.653346e-05 1.334044e-07 0.46353167 1.108763e-07 1.614158e-07 5.4758666e-06 7.5644252e-06 0.024303602 3.0806393e-06 3.829677e-05 0.0099409325 2.4774108e-06 0.014551572 2.0830974e-08 0.010318481 1.4447846e-05 9.990704e-05 1.4069145e-06 1.3040659e-07 0.00031964705 0.0004757153 0.0028099702 7.4574365e-07 0.010898816 2.3480004e-06 1.2127101e-06 0.00032407042 5.6611174e-08 0.0015589203 4.9972317e-07 1.4735461e-07 0.002595177 0.00072785164 1.4367577e-05 4.673499e-08 3.200416e-07 0.00067827513 1.8935505e-07 0.00040868085 4.2322e-08 1.09743e-05 0.0007420016 0.0015308763 4.190208e-08 0.0018118013 1.7803113e-05
0.9359843 0.016464263 0.0005555751 0.022053286 0.2563521 0.07660879 0.115283266 0.37822545 3.82807e-07 4.0765435e-06 0.3031312 0.82699776 0.0019788835 0.0008050692 0.6626004 0.93192875 0.000851483 0.00063576864 4.254206e-08 0.84156895 3.0644103e-05 8.3178886e-05 7.233076e-15 0.04061015 0.3535671 0.9630888 0.009471552 7.2067276e-05 0.050692987 8.334357e-05 0.00062310323 0.00010613579 2.2967073e-05 0.00029239876 0.97247106 0.04481601 1.4883402e-05 0.0022487384 0.09114959 0.00015087068 0.00036270462 4.285821e-05 6.846087e-06 0.0014507674 0.45928633 0.00010770442 0.07956889 0.016307076 0.0019783832 0.005336347 0.0032975052 0.00015746812 1.0504499e-05 0.00043194575 2.4434175e-05 0.00014316144 0.0020470263 1.4298977e-06 7.6712364e-05 0.0003869888 0.0033230572 0.0014844117 8.3557665e-05 0.0024218874 0.00021829655 8.52176e-06 4.5781208e-06 1.5308309e-06 0.00036673187 8.092806e-06 2.6991951e-05 0.0003228778 0.0011294633 2.5487827e-05 0.00017230728 0.0006879817 7.0421374e-06 0.00047523057 1.8878585e-05 0.0014055681 0.0011083662 0.0002059738 2.6140087e-06 8.084263e-07 9.328974e-05 9.2096634e-05 6.725209e-07 0.0044690277 0.0038181294 0.001137227 0.0012780835 0.0015902191 0.00019087561 0.005469915 3.185064e-05 0.0015227513 1.8438543e-08 0.00016293592 3.057024e-06 0.0016298152 0.000585346
0.74933916 0.010567233 0.007135815 0.00015937202 0.31638524 0.0018010181 0.00019298898 0.026565962 0.00013208587 0.013782322 0.0006845422 0.021445574 0.44273007 2.2068163e-05 0.000689716 0.63345504 0.38505182 0.922962 0.00033899708 0.00022975498 0.12114335 0.10411919 0.04061015 1.0322445e-13 0.9511422 0.38611016 0.98098576 0.4980413 0.90034086 0.039735515 0.8361662 0.24503334 0.1363511 2.6515912e-07 0.0083178505 5.8826136e-06 9.0958465e-06 0.18749867 0.10928198 0.09879232 1.2031929e-07 1.1301852e-05 3.0252707e-07 1.022433e-06 0.011079735 0.005473348 1.1142891e-05 8.660098e-07 0.0033621995 0.003489702 0.0015830349 0.0037058056 0.0013789072 0.00039861453 0.001383627 0.000371671 8.926779e-07 9.6944204e-05 4.341809e-06 1.0221104e-06 0.00042573948 9.950397e-05 0.0008532876 3.8138227e-05 0.0002626458 0.00031109247 4.5032684e-06 6.3674284e-05 1.2976304e-06 0.0004169978 7.706139e-05 0.00012888075 2.5891968e-05 4.1156495e-06 0.00027758442 0.0003101484 6.4399486e-05 1.1287665e-05 3.9276914e-05 7.47655e-05 1.6805337e-06 0.00015760183 4.1302014e-06 8.482344e-06 1.828866e-07 3.4487493e-05 4.9362175e-06 0.0019478719 0.00012536554 1.2941366e-06 1.6699489e-05 0.00046224997 2.6323494e-07 0.00050616596 4.1123503e-06 1.3741707e-05 4.5428814e-07 8.464934e-05 7.1554914e-06 0.00063137 1.539493e-05
0.787812 0.0049616853 0.0008210245 0.0004772416 0.08545936 0.0015360364 0.0005195333 0.03386314 2.4869942e-07 0.00043669288 0.0032449765 0.113870606 0.019458005 7.299836e-06 0.007865988 0.82189286 0.014881998 0.088607736 3.22012e-07 0.0065744095 0.0014611854 0.0013076321 0.3535671 0.9511422 2.3222431e-14 0.9788168 0.78974044 0.03553258 0.94927144 0.0010871051 0.38695806 0.0072688814 0.022734076 2.4895883e-07 0.10476337 0.0006007022 8.0716984e-07 0.22111745 0.50826627 0.049487047 3.3127717e-06 6.046861e-06 5.891461e-08 2.7615727e-06 0.118670344 0.0033844567 0.0008685068 0.00010743196 0.032535385 0.023234459 0.010522723 0.010666208 0.00042761082 0.0057664597 0.0009124709 0.0030005504 1.3836548e-05 1.5705072e-06 2.7785588e-06 1.2597117e-05 0.004441385 0.0007372366 0.00042104936 0.00047688177 0.001544498 0.0005948265 1.03621e-06 9.061819e-06 6.9141943e-06 0.00078696414 0.0004029957 0.0015968771 0.00035294535 4.613047e-06 0.000607462 0.0015168103 0.00046901696 5.583094e-05 5.2153282e-05 0.0005404069 9.811474e-05 0.0002479543 1.195e-06 4.793238e-06 1.1501478e-06 3.6584875e-05 7.547988e-06 0.0061666043 0.00080454844 0.00015691614 8.003524e-05 0.0011769177 2.7315916e-06 0.0018719946 4.223439e-06 6.986686e-05 2.1033953e-08 0.0010416686 7.741558e-06 0.002122782 5.183005e-05
0.91811967 0.004428259 0.00042789822 0.0012226197 0.13802433 0.0052844402 0.0018300205 0.09497023 1.1116917e-07 2.8322469e-05 0.013641012 0.3358526 0.0050687394 2.2569853e-05 0.07836805 0.95521504 0.0017789623 0.0132248225 4.0971727e-08 0.11300029 0.00026678186 0.00014447923 0.9630888 0.38611016 0.9788168 5.5653768e-14 0.12998733 0.002326511 0.4094382 8.025246e-05 0.058484875 0.00028626894 0.0012604395 2.136823e-06 0.6405474 0.0022864458 3.713523e-06 0.055903964 0.5459107 0.0062071695 6.7491655e-06 2.7796402e-06 1.3172539e-07 3.556986e-05 0.5677508 0.0002861966 0.018255234 0.0013524083 0.016194439 0.04394763 0.011398014 0.0034518084 0.0001143579 0.0035587933 0.0001257433 0.0015254949 0.00017962887 1.7688633e-06 5.912687e-06 3.693689e-05 0.007479022 0.0015366905 0.00016614795 0.0012347709 0.00087181706 0.00010922476 9.932857e-07 4.6223827e-06 4.060881e-05 0.00012837375 0.00016309961 0.0012347144 0.00069429306 2.2482986e-06 0.00052438636 0.002108483 6.4120955e-05 0.00023211325 7.9468655e-06 0.0023201786 0.0006699621 0.00037536028 5.530999e-07 1.983591e-06 3.2155353e-05 3.3304557e-05 7.0275416e-07 0.01608672 0.002327714 0.0005247458 0.00056141417 0.0026446641 0.00011125949 0.0063929018 1.6457969e-05 0.0004781352 1.3632862e-08 0.0008306882 2.9993143e-06 0.0036894856 0.00025148984
0.30745167 0.0013987384 0.00044008243 2.6485055e-05 0.044159085 0.00014706688 4.6494024e-05 0.0022395274 3.6719641e-06 0.001669385 0.0002941858 0.0018023034 0.059752773 1.1236713e-05 0.00029649623 0.082538955 0.058973674 0.35215572 1.861348e-05 0.00017925324 0.013717486 0.011784058 0.009471552 0.98098576 0.78974044 0.12998733 1.1174259e-13 0.40104824 0.9688771 0.010188721 0.96593755 0.14249553 0.25003478 1.3945042e-07 0.0030284664 1.9976149e-05 3.7527311e-06 0.28863612 0.11135028 0.21731985 8.5583963e-07 4.577567e-06 3.9908335e-07 3.1115624e-06 0.0037987872 0.026886133 2.659295e-05 2.4747626e-05 0.009763251 0.0048761168 0.0014746446 0.016636113 0.0017228033 0.0014239822 0.0035386886 0.00078706734 3.3880926e-06 2.7762982e-05 3.468472e-06 3.9977e-06 0.00039986585 8.62729e-05 0.001140885 0.00012042508 0.00069980515 0.00066802505 1.3954926e-05 7.894891e-05 2.248749e-06 0.00058498915 0.00018696304 0.00053884345 0.00012314576 3.7570314e-06 0.00062398723 0.0014824233 0.0002081507 1.9055524e-05 6.872145e-05 0.00012136334 4.26053e-05 0.00042773728 9.400949e-07 1.8091752e-05 8.8356285e-07 1.5829539e-05 9.378174e-06 0.0017383583 0.00025033648 1.3014122e-05 5.6943347e-05 0.0005774024 1.0279149e-06 0.0005659299 2.2000993e-06 4.9756658e-05 3.7980624e-07 0.0005594044 8.90709e-06 0.0006641105 3.43708e-05
0.7173129 0.00013940647 0.00022049852 8.404031e-06 0.0036884479 2.3215518e-05 2.6369764e-06 0.00090605795 2.677873e-05 0.003222759 3.7641705e-05 0.0002312328 0.103686094 7.559194e-05 6.223042e-05 0.0022443284 0.45941374 0.85973257 0.00028087632 8.136531e-06 0.1701457 0.27041975 7.2067276e-05 0.4980413 0.03553258 0.002326511 0.40104824 3.756452e-15 0.30624002 0.28893834 0.96059525 0.9263599 0.98862094 3.3626975e-08 0.0001864595 1.7909076e-06 3.7824452e-06 0.17731303 0.017601551 0.4790181 1.8813125e-07 2.5595514e-07 1.0599477e-08 3.7996966e-07 0.00022278495 0.375963 2.6035877e-07 3.1218391e-07 0.003276343 0.0028910704 0.00048920343 0.09473759 0.03953433 0.00079000613 0.04481343 0.0006387063 2.2240226e-07 0.00117418 3.6094357e-07 1.7741198e-07 8.3628285e-05 2.9269435e-05 0.067772284 1.8054969e-05 0.0005628971 0.008775604 1.670401e-05 0.0016031767 4.868695e-07 0.0014551119 0.00014616683 0.0016353361 1.6845444e-05 7.4650717e-07 0.0022429642 0.007941979 0.000667612 5.0177596e-06 3.6545123e-05 0.0001169745 4.957679e-06 0.0018604555 2.8584483e-07 8.780164e-05 2.4960283e-07 1.0494366e-05 4.3877762e-06 0.0035875586 0.00010670576 1.7164041e-06 5.578615e-06 0.00132901 1.4575082e-07 0.00047850946 7.674214e-07 1.3144906e-05 1.0924142e-06 0.0007502997 6.0653167e-07 0.0026234249 2.8606137e-05
0.83751297 0.001036752 0.00013205224 0.00025109493 0.037455417 0.00016794442 5.973559e-06 0.004132607 4.5823907e-07 3.543673e-05 0.00030989145 0.0036643157 0.018696344 1.0023195e-05 0.00021872438 0.14784445 0.027436888 0.25521675 1.5524708e-06 0.00039000186 0.010312938 0.0035586555 0.050692987 0.90034086 0.94927144 0.4094382 0.9688771 0.30624002 4.3435036e-15 0.0039188117 0.9367353 0.08686541 0.2781334 1.0152444e-07 0.015986096 4.4968376e-05 8.031892e-07 0.8749991 0.7901394 0.46502158 1.6239163e-07 1.188346e-06 9.315961e-08 4.1680153e-07 0.029642042 0.07367213 9.280904e-05 1.8040908e-05 0.16935623 0.096942544 0.01570327 0.16037518 0.0008440679 0.01721964 0.006538048 0.007811576 6.680616e-07 8.758567e-06 5.762908e-07 1.1619234e-06 0.0020675582 0.00015879201 0.0016168228 0.00013736448 0.0023561947 0.00066998403 2.1157131e-05 1.3269044e-05 6.8396946e-07 0.00012953085 0.0001268219 0.0042028152 0.00011176505 3.0566468e-07 0.0009775913 0.018442385 0.00012574511 7.0286783e-06 2.8476792e-05 0.00046193312 3.3061548e-05 0.0012396693 8.5436234e-08 2.8583404e-06 3.245241e-06 8.091348e-06 2.8624786e-06 0.008661321 0.0004313493 0.00015583272 0.00017649659 0.0012037037 4.3971636e-06 0.0011281387 5.015128e-06 3.4583798e-05 4.245462e-07 0.00064926094 2.3016662e-06 0.0020151343 4.727748e-05
0.05240035 9.750386e-07 0.0006362697 1.0389991e-05 0.001462339 0.00021359895 6.595063e-07 0.00017477405 0.00013212039 0.0034057063 4.144951e-06 2.338941e-05 0.15004262 2.0480767e-05 6.2670874e-06 0.0001193507 0.33734035 0.03907679 0.04568548 8.134296e-06 0.94626975 0.97811025 8.334357e-05 0.039735515 0.0010871051 8.025246e-05 0.010188721 0.28893834 0.0039188117 5.081866e-16 0.0459871 0.89232266 0.20105068 5.152877e-07 5.7202426e-05 6.0872935e-08 5.2907126e-07 0.0016350242 9.61574e-05 0.014338593 2.523331e-06 1.0561494e-05 7.170821e-08 9.67728e-08 8.978408e-05 0.07403902 1.6347542e-07 2.7135218e-07 0.00045925018 3.4779307e-05 1.8161867e-05 0.0068530384 0.81998706 2.7940492e-05 0.118100084 2.318921e-05 1.5252887e-08 0.98568404 9.170247e-06 5.270739e-07 3.7976586e-06 4.415026e-06 0.14224605 5.2831774e-06 3.2882126e-05 0.062004928 2.3107107e-07 0.17253336 9.958869e-08 0.15499428 9.248834e-06 9.923692e-05 2.086939e-06 3.1435766e-07 0.00039708285 0.0012220596 0.05451895 2.5288104e-05 0.11876145 6.8095534e-07 7.8432373e-07 0.0014516246 8.501486e-09 0.0048899567 1.4075479e-06 1.799307e-07 0.0027201786 0.0048837857 0.00010336322 1.1257473e-06 2.1583728e-06 0.0008130174 1.6013253e-06 0.00095837476 1.4294095e-08 2.5002655e-06 0.019903477 0.0036839112 2.9874971e-09 0.0012026859 1.8808014e-05
