1.7674753e-25 0.83924645 0.9317356 0.838661 0.9340631 0.9202207 0.8027879 0.936817 0.93528956 0.9156448 0.24128109 0.9497325 0.986737 0.930805 0.96016634 0.7044915 0.9826699 0.97295713 0.98429734 0.74365973 0.91948026 0.7972487 0.98305213 0.014248824 0.16839285 0.4561844 0.343665 0.09550818 0.066257164 0.96112585 0.26555276 0.96062934 0.9845828 0.9582393 0.033712085 0.6066682 0.831186 0.044162966 0.02009787 0.981608 0.9655825 0.9857856 0.9667929 0.081141815 0.98932815 0.98182076 0.9810456 0.9418417 0.93212634 0.99483246 0.99923736 0.86914486 0.3255032 0.25284424 0.9562218 0.7988066 0.6493144 0.98229545 0.97368073 0.97850686 0.02989628 0.9191535 0.9536456 0.92971355 0.99660736 0.00015668929 0.9504989 0.9998216 0.051868726 0.552225 0.9758762 0.71090955 0.0031594671 2.4867952e-05 0.8031861 0.9842906 0.0030586647 0.92921984 0.9899865 0.085299395 0.9856566 0.04235036 1.9332509e-05 0.39222 0.7242978 0.0014124124 0.002694873 0.46383548 0.046149768 0.99940467 0.14970498 0.9977936 0.9978424 0.42964277 2.0938448e-06 0.99881405 0.00013614284 0.9652688 9.444295e-06 0.6297412 0.0037204092
0.83924645 8.73648e-22 0.9734931 0.57441086 0.17620231 0.0836689 0.62946314 0.011352229 0.6123339 0.05428904 0.7125308 0.56348044 0.0841512 0.5035625 0.10673985 0.51118124 0.1257301 0.09515849 0.12050353 0.00019630275 0.020112904 2.3305647e-05 0.12334399 0.0980441 0.07461941 9.497163e-05 4.654158e-05 7.349394e-05 5.0539733e-05 0.0033802101 0.042517103 0.0002614794 0.075130865 0.09168487 0.00477931 0.0019646457 6.9448574e-06 0.005444782 0.004014034 0.02780586 0.006381231 0.008048969 0.008814312 7.489316e-07 0.0010751494 0.008568459 0.00331124 0.0010587402 0.00069498236 0.0031715278 0.13193129 0.00017976119 1.1213681e-06 5.1416857e-05 7.942399e-05 7.966265e-05 2.598681e-07 7.1748295e-06 4.952906e-06 5.549335e-06 0.00011194309 3.0147816e-05 3.5316978e-06 8.087664e-05 0.0061250934 0.00014250772 1.9282717e-05 0.0061689517 5.344707e-07 2.4879836e-07 5.040777e-06 1.8988237e-07 0.0014297109 2.8798606e-06 3.8749488e-07 5.294008e-09 4.0258737e-08 0.00021767373 0.0035609729 2.6909975e-06 0.00015785905 4.940852e-06 1.9031097e-05 5.1009664e-07 8.420104e-07 6.5564177e-06 0.0008565934 2.229779e-08 1.10930245e-07 0.059878197 2.136902e-08 0.007890304 0.0018617912 2.1703164e-09 3.5490942e-07 0.0027948406 6.4634123e-06 0.0001204291 1.3982302e-07 8.3814194e-10 1.207275e-08
0.9317356 0.9734931 8.68039e-18 0.5372638 0.100612625 0.010222504 0.8196396 0.0025174327 0.18697841 0.005210924 0.6253584 0.24653226 0.00922167 0.024455339 0.029999757 0.27176476 0.09386232 0.016615476 0.094514914 0.00019430682 0.011998134 3.5796296e-05 0.029980056 0.09461049 0.33140203 2.9274292e-05 3.135188e-05 5.936681e-05 7.420773e-05 0.0015484461 0.2811601 3.2616717e-05 0.044370033 0.0063964142 0.031558033 0.0035718803 2.5293506e-05 0.0077791517 0.04315316 0.01215242 0.0015006335 0.0024339997 0.0009946427 9.388218e-05 6.7853674e-05 0.0040009534 0.0014039691 0.0003485772 0.00021062118 0.0013749101 0.042441063 2.6665324e-05 1.4515948e-05 0.00016861221 0.00029298523 3.6029705e-05 4.8640286e-06 5.3449264e-07 1.323552e-06 1.288832e-06 0.00022378833 2.3866518e-05 6.743076e-07 4.576327e-06 0.002890177 0.00017783098 1.9675565e-05 0.0029438003 1.0345479e-05 3.4010613e-06 6.06534e-07 1.7644927e-06 0.002021814 5.363362e-06 2.7849828e-07 6.455083e-08 1.4441998e-06 4.9294413e-05 0.0006551452 2.0014842e-05 9.9090525e-05 0.00011772589 0.00014158183 5.6108042e-06 2.166555e-07 9.603982e-05 0.0020834734 2.2685258e-07 3.3127433e-06 0.029293578 4.0542363e-07 0.0020186533 0.00062793674 1.07250806e-07 5.241451e-07 7.326007e-05 7.043101e-05 1.8330334e-06 4.855103e-06 1.5861477e-06 3.1577105e-07
0.838661 0.57441086 0.5372638 9.288972e-16 0.9324195 0.14589092 0.9688337 0.051849984 0.007882008 0.03468011 0.3015507 0.009794847 0.019983722 0.036210697 0.0008412772 0.013087887 0.0046344623 0.0008517551 0.012698512 0.008228011 0.00021002747 0.0010905886 0.010206012 0.22494963 0.17912133 0.0024369818 0.0012932126 0.0019105129 0.0009220223 1.1709275e-05 0.01439443 0.0012520436 0.0054660034 0.0008593479 0.5227244 6.749432e-05 6.8609144e-05 0.00024771038 0.16615921 0.0008978656 0.00049329095 5.0535633e-05 7.610769e-05 0.00020921006 6.9908406e-06 0.0076560574 0.00015077415 2.3059889e-05 4.5074667e-06 6.9930116e-05 0.022055613 0.00021406473 3.0393949e-05 6.656825e-07 0.00016329056 1.6131291e-06 3.2841137e-05 1.1163153e-05 6.055783e-08 1.14367104e-07 3.7437765e-06 1.4576312e-06 7.4378163e-06 7.76552e-05 0.0009927299 0.011405338 8.336337e-05 0.0015634189 6.883558e-05 2.0710945e-07 1.0957234e-05 1.0477705e-05 0.004988495 0.0010857753 9.39107e-06 1.4034709e-09 4.492155e-06 3.3911213e-06 0.00017635658 1.0260345e-06 2.3023972e-06 1.1571115e-05 0.00036940008 7.710098e-06 4.1680153e-07 0.011823886 0.00035283662 3.7119438e-08 1.5351738e-07 0.002530568 4.9526836e-08 0.0003324599 1.5802345e-05 4.5336254e-08 4.336138e-05 2.7851369e-05 0.0006623746 1.1427835e-05 3.3987183e-07 1.4095992e-06 7.6641646e-07
0.9340631 0.17620231 0.100612625 0.9324195 1.45553e-15 0.9401043 0.20904315 0.73637533 0.009568575 0.23345348 0.026348436 0.0050041545 0.2648789 0.10052922 0.0011149775 0.0024751462 0.005679916 0.0038849455 0.157135 0.88128513 4.7368823e-05 0.5641944 0.10671924 0.014843239 0.029424503 0.4808252 0.37855425 0.7207603 0.54975307 1.897088e-05 0.0037252943 0.033710048 0.037071463 0.0034182258 0.39181504 3.7271882e-05 0.0006985936 2.4364415e-05 0.01947149 0.009537022 0.008459842 0.00024027766 0.00053712836 0.03076191 1.7498358e-05 0.09724684 0.00075752364 0.00014093693 5.344108e-06 0.000110751665 0.08523083 0.010215984 0.001088634 9.65563e-07 0.0004626857 9.770389e-07 0.00010998918 6.68154e-05 5.4149956e-07 1.07076e-06 2.5231072e-06 2.3216194e-06 3.934432e-05 0.001364046 0.024123615 0.014769749 8.958326e-05 0.02144611 0.00022963014 6.5261776e-07 0.00029204594 5.1136456e-05 0.0021964079 0.0052735102 0.00021411496 7.098588e-08 0.00043608522 6.8419627e-06 0.00036471905 2.010094e-07 0.0002474889 4.8118218e-05 4.3265754e-05 8.274259e-06 3.220464e-07 0.16349947 0.00046565005 2.6887997e-07 2.6059809e-08 0.027184652 1.1975875e-06 0.001610954 0.00030057685 2.709881e-07 6.223594e-05 0.00042825018 0.00013596845 1.8402436e-05 4.6029723e-07 6.4790006e-06 1.908819e-05
0.9202207 0.0836689 0.010222504 0.14589092 0.9401043 2.6603189e-17 0.01300155 0.9544794 0.009341029 0.864868 0.006037043 0.00310731 0.4205662 0.5476263 0.0040407134 0.0011937119 0.0009645379 0.031165231 0.13541906 0.5616571 0.00018435539 0.47999632 0.19694586 0.0031171986 0.00273631 0.19276305 0.15161394 0.13630441 0.09280764 1.9774097e-05 0.0012475413 0.046438076 0.046931595 0.07855927 0.023921665 2.2288938e-05 0.011513678 3.1418025e-05 0.0018312923 0.0107325055 0.0532604 0.0035800443 0.010172813 0.018739475 6.7626475e-05 0.15678889 0.009239553 0.00039032017 1.4861119e-05 0.0025118294 0.13704847 0.033438172 0.012611603 1.4738671e-06 0.0049546002 7.2553894e-06 0.0009877725 0.00084734114 5.2689956e-07 3.0491888e-06 6.389061e-06 1.0030979e-05 0.00066907454 0.0026825457 0.057761997 0.0006362997 0.0006702199 0.0588517 0.0015997434 3.943532e-06 0.00041254837 0.00047452273 0.0017381768 0.00017792903 7.1336435e-05 3.7687428e-07 0.0003947472 0.00027961805 0.0024189905 1.4643875e-06 0.00067126384 0.00048645114 8.2186e-05 0.00032534593 2.8888158e-05 0.008229122 0.0068755634 1.018616e-06 7.864932e-08 0.0766822 3.620772e-05 0.0077258754 0.0025959506 1.0992548e-05 1.7239825e-05 0.0062461924 8.290187e-05 0.0010402118 6.2744635e-07 8.417306e-06 6.5506145e-05
0.8027879 0.62946314 0.8196396 0.9688337 0.20904315 0.01300155 4.1093338e-16 0.0061594257 0.018215148 0.0021682666 0.8885951 0.06769404 0.009868172 0.010621358 0.0017383881 0.20821095 0.006806688 0.0023066862 0.019928692 0.0005713569 0.00086994335 1.7381702e-05 0.00672497 0.67380816 0.7007551 0.00017922692 0.0001298902 0.00046711866 0.00037608444 0.00012743076 0.44972673 0.00013187378 0.012871615 0.0003636649 0.45837322 0.0005831235 5.7307316e-05 0.012351972 0.40951473 0.0047352817 0.00036596096 9.609231e-05 0.00015985013 0.000107328946 1.413125e-05 0.0056367386 0.00026920627 3.5925194e-05 1.1038939e-05 0.00016611768 0.03296263 0.0001943098 1.2838042e-05 7.832962e-06 0.00011749507 2.0969703e-06 2.8263106e-05 5.86696e-06 3.2265908e-07 8.987981e-08 4.799553e-05 1.496796e-06 5.1915163e-06 6.257666e-05 0.0012637146 0.006398925 5.2674688e-05 0.0020541935 1.3750949e-05 8.6534607e-07 1.20712475e-05 2.9746484e-06 0.039823394 0.00010053356 4.2505444e-06 2.7652778e-08 1.5359562e-06 6.7833716e-06 0.00012314423 5.4274733e-06 2.4219713e-05 4.147017e-05 0.002988643 4.233569e-06 6.3276985e-07 0.00062957907 0.00841382 3.6858276e-07 7.0075316e-07 0.009221151 1.1878672e-07 0.0005793967 0.00018015418 4.502828e-07 3.410173e-05 6.235934e-05 0.0024128929 2.5316347e-06 2.3508515e-05 2.8524314e-06 7.60081e-07
0.936817 0.011352229 0.0025174327 0.051849984 0.73637533 0.9544794 0.0061594257 3.7738415e-17 0.0007762492 0.8252408 0.0009849386 0.0001421521 0.4276552 0.1013238 0.0001570789 0.00013226889 0.00011540737 0.0009194806 0.01723861 0.6804107 1.33921185e-05 0.6678582 0.0499891 0.0024607964 0.0017409058 0.39046925 0.35430536 0.26235533 0.24698442 2.342932e-06 0.00033683918 0.22585839 0.02241662 0.009124557 0.022144346 3.7643908e-06 0.049329005 3.443458e-05 0.005235339 0.005924648 0.042678688 0.0008495927 0.0029265136 0.080883324 3.6615468e-06 0.13476801 0.0063296123 1.3364598e-05 1.9005985e-06 0.0024275377 0.11238312 0.048569765 0.03009758 6.9668835e-07 0.0038087575 2.0935693e-06 0.001067393 0.0012243653 4.5175444e-08 1.8954476e-07 5.216316e-06 1.2025935e-06 0.0007829009 0.0036037199 0.06727016 0.0008157618 0.0008418322 0.06769402 0.00860533 6.216137e-07 0.0008802152 0.00037872983 0.0017651023 0.0002372436 8.606195e-05 7.413349e-08 0.0029124073 1.8065442e-05 0.00048425296 4.949843e-07 0.00023028605 0.00029587568 2.8672452e-05 0.0003617781 0.00033470785 0.010064437 0.00020691649 1.2203725e-07 4.448381e-08 0.08036179 0.00083747733 0.0070218854 0.0010058137 0.00027527194 1.0084213e-05 0.0065885824 7.788557e-05 0.0028928064 3.814262e-07 0.00015707381 0.00065244356
0.93528956 0.6123339 0.18697841 0.007882008 0.009568575 0.009341029 0.018215148 0.0007762492 1.5618317e-20 0.003626652 0.13113481 0.92317677 0.011658761 0.35374856 0.92859924 0.31009665 0.824136 0.7757 0.4146506 4.47308e-06 0.5914062 6.4517997e-07 0.11007769 0.0038955063 0.0023128034 3.1814864e-06 1.8781602e-06 2.9054331e-06 2.8509764e-06 0.16739115 0.016634732 3.9878637e-06 0.28328112 0.11959918 0.0010601012 0.019117495 2.3223104e-06 0.0070207166 0.0004732674 0.24409571 0.005496725 0.07812232 0.029312793 2.4599606e-06 0.005578033 0.008943729 0.0046061478 0.0072110835 0.010246969 0.026416494 0.123044804 4.196829e-05 2.271311e-06 0.001907246 3.921587e-05 0.0016544189 2.9110117e-07 1.7603774e-05 0.00014505952 0.000659518 0.0014909272 0.0005714638 1.2741878e-05 2.3562565e-05 0.013832826 4.1647154e-06 4.365704e-06 0.010852097 3.885038e-06 0.00018221591 1.6873412e-06 3.2052694e-07 3.8713515e-05 2.3098781e-07 6.3914536e-07 1.8666098e-05 8.025762e-08 0.0029058587 0.013017561 0.00026500606 0.004015494 0.0003242763 5.7442876e-06 2.0190026e-07 2.8987408e-06 2.8964032e-06 0.00040576948 6.876737e-06 6.141146e-05 0.19111319 1.020751e-07 0.014860504 0.012972487 3.2301514e-08 1.3474627e-08 0.004401318 4.7908134e-07 0.00016999332 2.9573275e-07 7.936387e-09 5.1419665e-08
0.9156448 0.05428904 0.005210924 0.03468011 0.23345348 0.864868 0.0021682666 0.8252408 0.003626652 1.5626845e-19 0.0015419379 0.00024640604 0.94495994 0.49233365 0.00025838675 8.88968e-05 0.00025498052 0.003926709 0.037143663 0.53638554 1.5133447e-05 0.7608354 0.16554 0.0010480098 0.0005694873 0.35966805 0.3485203 0.1531048 0.1381367 2.1069352e-06 0.0001138509 0.37545788 0.016541049 0.17858802 0.011630144 2.5848826e-06 0.2591169 1.6883456e-06 0.00013857656 0.006468179 0.35144654 0.008162027 0.04048575 0.04077616 3.432386e-05 0.29613626 0.1325489 0.0001327234 1.0243963e-05 0.007293557 0.15066715 0.20800266 0.18837579 1.4519395e-07 0.19602169 1.7098984e-06 0.04736778 0.0056866016 5.106847e-07 3.4082889e-06 1.0459759e-06 1.0495456e-05 0.0043555554 0.031868875 0.1903437 0.00016232977 0.022202184 0.19715238 0.013336957 1.1326405e-06 0.004279472 0.005635134 0.0001455895 5.254173e-05 0.0027261479 5.5917366e-07 0.00092176726 0.000601839 0.0034388856 5.4531165e-07 0.0012821475 2.22998e-05 2.383814e-06 0.008979916 0.015448679 0.00085111725 3.6765494e-05 3.5383862e-06 4.193894e-08 0.14077652 0.005017846 0.03379169 0.0052619707 0.008048316 3.989325e-06 0.0234632 1.1743787e-05 0.029531842 2.7646818e-08 0.0026193378 0.0004400948
0.24128109 0.7125308 0.6253584 0.3015507 0.026348436 0.006037043 0.8885951 0.0009849386 0.13113481 0.0015419379 9.122046e-21 0.5027836 0.0010351287 0.013613408 0.020812046 0.9634943 0.08418841 0.012070718 0.012301922 1.7356128e-05 0.028001396 9.363222e-08 0.0019928904 0.68803304 0.6491122 5.07821e-06 4.443937e-06 8.685933e-06 3.9730103e-06 0.014726562 0.84306484 7.1529803e-06 0.01197135 0.00019166601 0.049978174 0.075410984 1.29545615e-05 0.5351093 0.055851605 0.004978721 3.465501e-05 0.00032747295 0.00014736706 6.0912776e-06 0.00013760624 0.00039912487 4.2491036e-05 0.00053924083 0.000238416 0.00014237812 0.0060706763 3.2644162e-05 4.353603e-05 0.0007942399 3.968871e-06 0.00011138975 9.663553e-07 4.0234863e-08 1.8112847e-05 6.5902755e-06 0.0017385083 4.3700176e-05 3.462896e-08 1.5272008e-05 0.00029637298 0.00046150692 3.6910499e-06 0.00021971577 8.852822e-06 2.2255092e-06 6.008115e-07 1.721523e-07 0.0036476254 9.781833e-06 1.3790827e-06 3.9807315e-08 4.7416464e-07 1.2992891e-05 0.00020710699 5.438658e-05 0.00030764763 0.0002193477 0.0004741301 4.363908e-07 9.2887046e-07 4.575018e-06 0.024540707 2.074458e-06 9.714789e-07 0.0024047068 1.8306154e-06 0.00023551569 9.0106005e-05 7.397346e-08 1.1429116e-06 1.1380059e-05 8.177718e-05 3.499735e-08 0.00011751949 2.2932303e-08 7.3549603e-07
0.9497325 0.56348044 0.24653226 0.009794847 0.0050041545 0.00310731 0.06769404 0.0001421521 0.92317677 0.00024640604 0.5027836 1.8116062e-18 0.00064765086 0.012555154 0.57175636 0.90029645 0.8921653 0.15389797 0.15519665 8.415576e-07 0.7533816 3.9014672e-08 0.014281031 0.01616735 0.026494425 1.7761631e-07 1.0016897e-07 3.9854288e-07 2.2277823e-07 0.57918024 0.27172047 9.3797246e-07 0.13087554 0.0036082575 0.0030469375 0.28397256 3.0469475e-06 0.12705192 0.003406723 0.11198334 0.00018543981 0.008530203 0.0015617036 9.1533695e-07 0.0008927534 0.00023589759 0.0002828186 0.00214127 0.010985465 0.0025752622 0.021468963 1.8255962e-06 1.2199612e-06 0.029337026 1.610242e-05 0.00047304726 2.6674252e-07 2.4859864e-07 8.197816e-05 0.00019301384 0.013332512 0.00021873857 1.5162584e-07 3.2707328e-07 0.000578582 1.3942422e-05 7.9092547e-07 0.0007022645 7.735923e-07 6.699508e-05 5.391395e-09 1.0704639e-08 0.0006315307 5.8831597e-07 2.0374989e-08 1.1907833e-05 7.3724e-08 0.00040522037 0.0019888359 0.00036116087 0.0008052181 0.0040011196 6.785309e-05 1.6827661e-08 1.1424407e-08 3.0271162e-06 0.0070318836 4.091476e-06 0.00028492886 0.050867014 3.282546e-08 0.004279054 0.0022528805 1.2725215e-09 7.477452e-08 0.00011578991 5.152541e-06 2.0559544e-06 1.8987661e-05 4.1150134e-08 1.2284592e-08
0.986737 0.0841512 0.00922167 0.019983722 0.2648789 0.4205662 0.009868172 0.4276552 0.011658761 0.94495994 0.0010351287 0.00064765086 3.0713535e-18 0.7711245 0.0016068082 0.00012815834 0.00029988083 0.01610945 0.19439207 0.23018014 2.449967e-05 0.30172163 0.48743677 0.0007362835 0.0002831419 0.14062671 0.14230014 0.04729194 0.054039277 3.5113057e-06 8.224433e-05 0.3688057 0.05453315 0.5040712 0.006782832 3.3623387e-06 0.07175116 2.1651906e-06 0.00069762423 0.04119461 0.7146465 0.016216338 0.23854241 0.016423114 0.0002600393 0.5062674 0.34740984 0.0005705457 1.0245156e-05 0.017874822 0.46649095 0.22944069 0.05320427 1.7486354e-06 0.3200392 3.2442601e-06 0.017971877 0.0060376995 1.8379686e-07 4.0708323e-06 3.4801083e-06 1.610004e-05 0.0039323918 0.03990145 0.48353186 0.00022068745 0.01777347 0.41209465 0.0053313216 2.6630523e-06 0.007125954 0.00885344 0.00015725411 1.1522629e-05 0.0006797483 1.4101659e-07 0.0010516297 0.0014534103 0.018608885 2.5706145e-06 0.003320236 2.3621265e-05 1.4793874e-06 0.005777114 0.0016063562 0.00025237328 1.6599266e-05 5.009275e-07 7.5289435e-08 0.45426854 0.0017942806 0.19067849 0.015020012 0.0014974356 7.060209e-07 0.145361 3.5100184e-05 0.11333383 2.5865791e-08 0.0022491247 0.0002538857
0.930805 0.5035625 0.024455339 0.036210697 0.10052922 0.5476263 0.010621358 0.1013238 0.35374856 0.49233365 0.013613408 0.012555154 0.7711245 9.89907e-18 0.13396846 0.005456839 0.01134024 0.20846453 0.7677189 0.042251613 0.009981506 0.064215854 0.922381 0.0017993271 0.000929779 0.013523645 0.012738739 0.004028219 0.0042918418 0.0007610003 0.000697046 0.065841794 0.20714782 0.7092076 0.005977064 0.00031939353 0.014956268 0.00013868444 0.00081664795 0.04970222 0.3013379 0.102122925 0.19425185 0.0011112032 0.010828583 0.09640039 0.16871771 0.010471113 0.0016978214 0.03574781 0.28347823 0.019268032 0.0033318328 0.0001351817 0.120132565 0.00029803277 0.004478465 0.00097128877 3.4395493e-05 7.2061026e-05 6.6849185e-05 0.0009673309 0.00062939356 0.0067195785 0.059881426 0.0007374503 0.014664134 0.061148316 0.00026920243 2.8798346e-05 0.0010786412 0.0011680975 0.0015550196 4.3439853e-05 0.0008314396 1.4062202e-07 1.8481704e-05 0.0074753705 0.031740885 6.131408e-05 0.0039584613 6.247749e-05 0.00021215531 0.00050725107 1.2058454e-05 4.3210417e-05 0.001298777 1.9505821e-06 2.2592822e-06 0.09036286 3.1365619e-06 0.03288045 0.011147823 2.488939e-06 7.72436e-06 0.01925167 0.0003700199 0.022439303 1.3156055e-07 0.0001067245 1.7842435e-06
0.96016634 0.10673985 0.029999757 0.0008412772 0.0011149775 0.0040407134 0.0017383881 0.0001570789 0.92859924 0.00025838675 0.020812046 0.57175636 0.0016068082 0.13396846 8.676871e-20 0.100672945 0.795636 0.8707526 0.25036502 3.948206e-06 0.8030302 7.925741e-08 0.070142 0.001603849 0.0012087583 4.8493785e-06 5.263755e-06 3.935113e-06 7.5612593e-06 0.25937676 0.004807985 8.7846206e-07 0.33481157 0.0809843 0.00046201437 0.018781139 4.850722e-07 0.0029088377 1.8111949e-05 0.38837063 0.0013533167 0.19130643 0.023242647 4.5622864e-06 0.07527001 0.002398372 0.00195923 0.100619696 0.19791925 0.038342472 0.078797236 2.4114688e-05 8.666368e-07 0.011715973 2.5226247e-05 0.0266256 1.112806e-06 2.070347e-06 0.0022021208 0.0052340687 0.005665272 0.006956471 1.6483373e-06 1.1323062e-05 0.0073911767 3.956843e-07 4.9576884e-06 0.0073871813 2.5477123e-06 0.0027748595 2.7038698e-06 3.9113118e-07 5.6427354e-05 8.768959e-07 1.0445185e-06 0.00036319182 2.2960151e-07 0.019476444 0.024146358 0.003614898 0.023562223 0.0029876211 1.4659959e-06 3.3513885e-07 2.9159537e-06 4.2200736e-06 0.00047345116 0.0006075371 0.00086637045 0.31313443 6.454344e-08 0.022305194 0.046187557 5.8253004e-08 4.29154e-08 0.0044554016 7.686344e-07 0.0005402544 4.4622976e-07 6.664501e-08 4.9211103e-08
0.7044915 0.51118124 0.27176476 0.013087887 0.0024751462 0.0011937119 0.20821095 0.00013226889 0.31009665 8.88968e-05 0.9634943 0.90029645 0.00012815834 0.005456839 0.100672945 3.7564156e-19 0.42888364 0.018272964 0.022733493 9.430447e-07 0.27498728 2.0983785e-08 0.0031223933 0.17443775 0.12375767 3.713004e-07 3.317598e-07 3.50349e-07 5.786959e-07 0.33099392 0.7645817 7.5054976e-07 0.033055183 0.00049191195 0.007841151 0.6235224 4.699753e-06 0.7381271 0.012441159 0.014910694 2.0835378e-05 0.00081761816 0.00021118758 1.5489909e-06 0.00063617015 0.00013120954 5.5102664e-05 0.0011389343 0.002729445 0.00058932597 0.014526475 3.2570324e-06 4.7036947e-06 0.04087101 4.8224406e-06 0.00049361476 7.6793026e-07 4.60944e-08 0.0001904999 6.9085356e-05 0.032277916 0.000284578 3.6074898e-08 1.3215956e-06 0.00018430914 8.231558e-05 2.3824232e-06 0.00029931965 2.4720935e-06 0.00010872914 1.1315548e-07 1.8563082e-07 0.0023234128 1.1752117e-06 4.129632e-07 1.0553671e-05 6.424453e-07 0.00016893556 0.00047787215 0.0003112827 0.0003835322 0.014312102 0.00024264185 3.9411086e-07 8.769449e-08 1.6542919e-06 0.02441384 9.084646e-06 0.00010858871 0.005949408 7.381758e-08 0.0006717704 0.00035366436 1.7695921e-08 2.0903462e-07 8.794709e-06 4.092606e-05 3.0431477e-07 0.00019333069 3.729083e-07 7.442421e-08
0.9826699 0.1257301 0.09386232 0.0046344623 0.005679916 0.0009645379 0.006806688 0.00011540737 0.824136 0.00025498052 0.08418841 0.8921653 0.00029988083 0.01134024 0.795636 0.42888364 1.2445086e-18 0.30100754 0.23403417 3.0397005e-06 0.91964823 1.08348e-06 0.018712834 0.0036492015 0.00948998 9.799924e-07 1.6521585e-06 2.0356754e-06 5.1100988e-06 0.74904215 0.12361298 1.3160304e-06 0.2619874 0.011874829 0.0022915455 0.31269547 2.1303076e-06 0.046150584 0.0070296237 0.30499715 0.0003763625 0.04642273 0.0050300015 9.561728e-06 0.008828761 0.00024848265 0.00050798256 0.010590255 0.09335923 0.010980935 0.046571467 2.2688905e-06 2.049678e-06 0.054693878 9.225851e-06 0.0028897142 4.421652e-07 1.4673351e-07 0.00035822333 0.0020544305 0.029223276 0.00048317423 1.0701357e-07 1.986198e-07 0.002199532 2.225972e-06 5.51323e-07 0.0023446768 6.2529916e-06 0.00054285896 1.4812507e-08 9.342903e-08 0.0016564816 2.086593e-06 7.000794e-08 0.0001761223 1.4827519e-06 0.0021666947 0.010350804 0.0029948226 0.009422685 0.023119863 0.00011282796 2.3865127e-07 1.8483895e-08 2.6511338e-05 0.012347657 0.00012743914 0.007928588 0.17470473 1.361107e-07 0.008974621 0.019064832 8.726596e-09 2.504137e-07 0.0012651868 3.893003e-05 8.1712395e-05 9.5449774e-05 7.451199e-08 1.1515257e-07
0.97295713 0.09515849 0.016615476 0.0008517551 0.0038849455 0.031165231 0.0023066862 0.0009194806 0.7757 0.003926709 0.012070718 0.15389797 0.01610945 0.20846453 0.8707526 0.018272964 0.30100754 3.479211e-18 0.9020775 0.00011090429 0.14750676 1.3428414e-05 0.19858487 0.0011608729 0.0007312253 7.6124605e-05 6.166493e-05 7.368813e-05 7.623808e-05 0.02068114 0.002186952 1.7174138e-05 0.78070354 0.45233977 0.0005940439 0.0061938553 1.5045909e-05 0.0008949168 0.00010049866 0.6512846 0.0047996794 0.17363133 0.10873075 4.7269452e-05 0.10879968 0.0054564467 0.0054586823 0.07177521 0.20542705 0.08539585 0.1218308 0.00012171918 2.2683462e-05 0.00399317 0.00033349547 0.008560847 1.8773517e-05 8.229835e-06 0.0013450637 0.0014421486 0.0019009784 0.007369878 3.5079718e-06 3.092592e-05 0.00968525 1.3286252e-05 4.441122e-05 0.011681265 4.6054793e-05 0.0014573111 3.4527002e-06 2.8550605e-06 0.0005139359 5.099491e-06 5.765475e-07 3.6246794e-05 4.511582e-06 0.032062717 0.09522632 0.002287507 0.025209842 0.002063892 5.4442524e-05 6.421118e-06 1.7660129e-06 2.3046345e-05 0.0025748056 0.00022351553 0.00082297216 0.28322515 5.612808e-07 0.064217374 0.10330428 2.6614362e-07 4.2859432e-07 0.009376073 1.737239e-05 0.0062322505 3.995051e-06 9.115075e-07 3.1161727e-07
0.98429734 0.12050353 0.094514914 0.012698512 0.157135 0.13541906 0.019928692 0.01723861 0.4146506 0.037143663 0.012301922 0.15519665 0.19439207 0.7677189 0.25036502 0.022733493 0.23403417 0.9020775 3.0754453e-18 0.0033977611 0.042986866 0.0011660791 0.7607912 0.0017679553 0.002528022 0.001869117 0.0010635497 0.00069500913 0.000986843 0.033867247 0.007352885 0.0011460775 0.74711895 0.5316636 0.0038272454 0.008521147 5.520981e-05 0.0009401918 0.0010889798 0.44228464 0.0414364 0.13914706 0.26537618 0.00014282977 0.019310595 0.02659486 0.023216086 0.016331192 0.017696345 0.14325447 0.36237875 0.00084849825 7.922028e-05 0.0028872942 0.0012250748 0.0018933162 5.580603e-05 5.891882e-06 0.00016097545 0.0002277395 0.0011248514 0.0016700802 2.2087565e-06 5.5693523e-05 0.044319686 6.9152724e-05 9.234447e-05 0.047344014 2.8475244e-05 0.00024369538 3.033425e-06 1.5678757e-05 0.0013954827 5.218572e-07 1.0999148e-06 1.8092243e-06 4.0801956e-06 0.0047037955 0.060741093 0.00031465988 0.009142156 0.0015131355 5.9791073e-05 1.2330915e-05 3.3543142e-07 6.3585653e-06 0.0033273064 1.9828447e-05 0.00020544647 0.40422747 5.9677554e-08 0.06019087 0.048447464 6.142507e-08 6.4256056e-07 0.0123445485 0.0004707273 0.007904542 1.6461931e-06 1.685302e-06 1.0830146e-07
0.74365973 0.00019630275 0.00019430682 0.008228011 0.88128513 0.5616571 0.0005713569 0.6804107 4.47308e-06 0.53638554 1.7356128e-05 8.415576e-07 0.23018014 0.042251613 3.948206e-06 9.430447e-07 3.0397005e-06 0.00011090429 0.0033977611 5.5313137e-17 2.2299014e-07 0.9362123 0.01411017 1.5064358e-05 2.0968873e-05 0.90230495 0.85998195 0.7980935 0.7013377 1.2058555e-07 1.6058868e-05 0.16757542 0.001984943 0.0003941842 0.0026804053 1.412559e-07 0.06289589 3.0781903e-06 0.00040946656 0.00062528974 0.012652611 0.000108030225 0.0005251318 0.56775975 1.8134718e-06 0.058999944 0.0017833633 3.5329406e-06 8.3077055e-08 0.00043001628 0.017254928 0.05787336 0.08784364 6.656887e-09 0.0014758639 5.988563e-07 0.00060602464 0.0018020713 3.9398742e-08 2.8278336e-07 2.3595237e-07 8.4591727e-07 0.0019491039 0.008055255 0.01689989 0.0012221127 0.00033332314 0.020817792 0.005730385 6.348002e-07 0.00092283374 8.818994e-05 3.026532e-05 0.00039034718 0.00014588665 1.00995045e-07 0.0058390866 2.953414e-06 0.00052529434 2.5716702e-07 6.0995612e-06 7.020221e-05 9.760358e-07 5.803462e-05 1.0405977e-05 0.037432943 2.8599647e-05 8.524592e-07 3.3004447e-08 0.013845682 7.512415e-05 0.004917698 0.00016275824 1.0033447e-05 2.1553842e-06 0.0012740457 1.6952623e-06 0.00013142369 4.3123652e-08 1.838016e-05 0.0005948537
0.91948026 0.020112904 0.011998134 0.00021002747 4.7368823e-05 0.00018435539 0.00086994335 1.33921185e-05 0.5914062 1.5133447e-05 0.028001396 0.7533816 2.449967e-05 0.009981506 0.8030302 0.27498728 0.91964823 0.14750676 0.042986866 2.2299014e-07 4.303315e-21 6.325352e-09 0.003812659 0.0009911212 0.00059896405 2.3375027e-07 2.976375e-07 5.7313677e-08 1.00081884e-07 0.94193727 0.009952658 1.4805087e-07 0.08963217 0.0032747437 0.00049795926 0.25739297 3.3000057e-07 0.025112594 3.7177808e-05 0.15586828 1.32973555e-05 0.04386078 0.0010586024 3.8847875e-07 0.03766912 1.9245865e-05 6.890487e-05 0.055232562 0.446853 0.005405902 0.0077949655 4.4577345e-07 1.94247e-06 0.13772781 4.993697e-07 0.023051722 2.8991305e-08 5.1540734e-08 0.0088449875 0.005192686 0.03184765 0.005160304 5.0285276e-08 1.1961555e-07 0.0005654946 1.5999584e-07 1.427808e-07 0.00038303816 5.4462375e-06 0.0030353498 3.0808136e-09 1.149207e-08 4.8771573e-05 2.083794e-07 4.6061967e-08 0.00027865544 1.0930984e-07 0.003888903 0.009326151 0.011225382 0.006224449 0.013603189 4.5079005e-06 1.6824965e-08 2.3769672e-08 5.8753835e-07 0.0027079757 0.0003752128 0.010692693 0.048700977 6.1829304e-08 0.004650904 0.014299947 2.6968106e-10 1.1929527e-08 0.00023224854 3.916911e-07 1.7573069e-06 1.3532701e-05 6.932056e-09 1.5164153e-08
0.7972487 2.3305647e-05 3.5796296e-05 0.0010905886 0.5641944 0.47999632 1.7381702e-05 0.6678582 6.4517997e-07 0.7608354 9.363222e-08 3.9014672e-08 0.30172163 0.064215854 7.925741e-08 2.0983785e-08 1.08348e-06 1.3428414e-05 0.0011660791 0.9362123 6.325352e-09 4.0891087e-19 0.013898321 7.5806014e-08 9.2963444e-07 0.8608058 0.82997745 0.59936297 0.49121094 7.516642e-09 1.0923912e-06 0.48715618 0.0013685183 0.0012473764 0.00048160707 1.7918145e-08 0.43492708 2.0462102e-07 3.7157156e-06 0.001179727 0.061224002 0.00018565907 0.00049680134 0.511418 6.224163e-07 0.12741561 0.004888534 4.8715145e-07 6.69974e-08 0.00018206272 0.027575247 0.22890818 0.4923544 4.685535e-10 0.001911003 1.9213138e-08 0.014139406 0.008193897 7.2773254e-09 3.8956745e-08 1.3079499e-08 2.494159e-08 0.0050085546 0.03798934 0.05525065 8.145489e-06 0.00087524264 0.081964694 0.018819015 5.3799307e-09 0.005765223 0.00052082166 1.7393523e-07 4.5694715e-06 0.0011042993 3.838388e-08 0.0059956955 2.1613143e-06 0.00020226384 4.0188304e-08 5.1884854e-05 6.282301e-07 1.42042165e-08 0.0003309933 0.00023717301 0.0009911204 4.7362023e-06 3.8304158e-08 2.224574e-09 0.043212872 0.0012036659 0.0042727496 0.00028112126 0.000116180374 6.8594543e-09 0.0030983707 9.732121e-09 0.0006968044 1.2759144e-09 9.458644e-06 0.00055035367
0.98305213 0.12334399 0.029980056 0.010206012 0.10671924 0.19694586 0.00672497 0.0499891 0.11007769 0.16554 0.0019928904 0.014281031 0.48743677 0.922381 0.070142 0.0031223933 0.018712834 0.19858487 0.7607912 0.01411017 0.003812659 0.013898321 3.6500073e-19 0.0003265564 0.00024101505 0.007058665 0.0053124973 0.0015092673 0.0016864493 0.0012402356 0.0003172397 0.04653575 0.46328047 0.7647493 0.0020911093 0.00033645873 0.0022751265 4.1935888e-05 0.00019804058 0.19100308 0.50204414 0.12763675 0.54632545 0.00034875955 0.0041648233 0.23123468 0.40755492 0.005185322 0.0014304868 0.14590223 0.6695951 0.016211212 0.0011425979 0.00019955462 0.048534334 0.00010075998 0.0013655524 0.00025193108 4.4850062e-06 4.7636422e-05 2.2343782e-05 0.0003758123 0.00014631634 0.002105515 0.21241154 0.000344213 0.0028428913 0.1610872 0.00022020286 1.0788552e-05 0.00018597432 0.0005414219 0.00093017716 1.5579616e-06 0.00015788103 7.748006e-08 9.379345e-06 0.0033619655 0.044451028 2.834508e-05 0.002216349 6.8156034e-05 3.1241176e-05 0.00023194928 1.178548e-05 1.3260441e-05 0.00071953656 1.0391303e-06 2.2846452e-06 0.32694846 1.6987079e-06 0.101060964 0.017360276 9.477592e-07 4.5996632e-07 0.02750985 0.00016030828 0.042124514 1.0342711e-08 2.6994629e-05 5.673855e-07
0.014248824 0.0980441 0.09461049 0.22494963 0.014843239 0.0031171986 0.67380816 0.0024607964 0.0038955063 0.0010480098 0.68803304 0.01616735 0.0007362835 0.0017993271 0.001603849 0.17443775 0.0036492015 0.0011608729 0.0017679553 1.5064358e-05 0.0009911212 7.5806014e-08 0.0003265564 2.6522529e-17 0.9702916 7.733655e-06 4.1307017e-06 9.3378885e-06 2.9099504e-06 0.00062363205 0.60778445 0.00037323832 0.0006559336 4.562198e-05 0.44627514 0.002237748 2.5314597e-05 0.14151551 0.8532436 3.068262e-05 4.2000887e-05 9.0622425e-06 7.4157644e-05 1.0273578e-05 2.2725837e-05 5.109268e-05 7.447245e-05 3.8194386e-05 7.563437e-06 1.5340847e-05 6.616104e-05 0.00012743549 7.6206314e-05 7.681497e-06 6.497443e-05 3.7500083e-06 1.0316001e-05 2.3915206e-07 4.4868352e-07 7.662747e-07 5.8016358e-05 7.0075316e-07 3.6934563e-07 6.392557e-05 6.88342e-05 0.0038546135 2.7077369e-05 3.3040273e-05 4.2480664e-05 5.385486e-07 7.2150865e-06 1.6194289e-06 0.07038575 3.5385263e-05 1.045743e-05 2.7275204e-08 1.1910952e-06 2.0059872e-06 8.787117e-05 1.4820109e-06 1.6884287e-05 3.30871e-05 0.004516094 5.246197e-07 7.437015e-06 8.074743e-06 0.032410033 7.617921e-07 2.6728735e-08 0.00026972254 3.9713545e-06 9.6994045e-05 2.8029403e-06 6.2524225e-07 5.580725e-05 2.3836642e-06 0.0014864238 2.0175551e-07 0.00028372795 3.2199832e-06 3.61435e-06
0.16839285 0.07461941 0.33140203 0.17912133 0.029424503 0.00273631 0.7007551 0.0017409058 0.0023128034 0.0005694873 0.6491122 0.026494425 0.0002831419 0.000929779 0.0012087583 0.12375767 0.00948998 0.0007312253 0.002528022 2.0968873e-05 0.00059896405 9.2963444e-07 0.00024101505 0.9702916 3.3975282e-17 5.952075e-06 8.175576e-06 1.7684695e-05 6.927011e-06 0.000359249 0.5535184 9.762338e-06 0.00057177886 0.00011823683 0.5419784 0.003500505 7.46098e-05 0.1320502 0.8587712 4.763806e-05 5.108347e-05 2.8188072e-06 3.1051935e-05 4.0276693e-05 8.146857e-06 0.00019262584 0.00010717409 3.2187215e-06 1.0475277e-05 8.129666e-06 0.00072992133 5.5931072e-05 6.390298e-06 4.2575302e-06 0.00023733206 3.635499e-06 6.007021e-05 3.5507696e-07 4.615942e-06 3.9945954e-07 3.3491906e-05 4.3290146e-07 2.650087e-07 4.8094178e-05 5.0727907e-05 0.00399495 2.5709396e-05 8.2208964e-05 2.1334805e-05 2.134564e-06 7.5218177e-06 2.2290766e-05 0.17357354 2.6022646e-05 3.8846436e-05 3.734724e-07 5.7430166e-06 3.9748807e-07 5.7830116e-06 2.786259e-06 9.9231904e-05 0.00010028247 0.015176273 1.2474959e-05 1.249361e-06 2.9651077e-05 0.09548873 2.1960274e-07 8.4566594e-08 0.0003636271 2.5018874e-06 9.465655e-06 1.5133943e-06 3.0314557e-06 3.997111e-05 1.9192471e-07 0.008889681 1.5252246e-08 0.0017328714 3.9030958e-05 2.934186e-06
0.4561844 9.497163e-05 2.9274292e-05 0.0024369818 0.4808252 0.19276305 0.00017922692 0.39046925 3.1814864e-06 0.35966805 5.07821e-06 1.7761631e-07 0.14062671 0.013523645 4.8493785e-06 3.713004e-07 9.799924e-07 7.6124605e-05 0.001869117 0.90230495 2.3375027e-07 0.8608058 0.007058665 7.733655e-06 5.952075e-06 3.69001e-16 0.96562105 0.7311873 0.6820658 7.7805865e-08 1.0133582e-05 0.2953939 0.0014453263 0.0008656544 0.0034261663 1.09610056e-07 0.30151457 3.0310568e-06 0.00020703908 0.0001361191 0.009630328 0.00011358336 0.00023414243 0.8309694 2.3734133e-06 0.030341439 0.0018186489 7.853192e-07 6.558046e-07 0.00023743234 0.011656853 0.05480057 0.48067525 3.5944108e-09 0.0021679306 5.653244e-07 0.0036144552 0.0024501611 2.2590598e-08 4.0043695e-08 2.1845159e-07 9.999569e-07 0.0014118581 0.01487828 0.011022424 0.00021589782 0.00092647475 0.012960476 0.08411821 1.9169094e-07 0.002053941 0.0005139541 4.674993e-06 0.00014201159 0.0005978734 5.8503615e-09 0.10404802 1.2427527e-06 0.00020423434 2.3846258e-06 1.9143044e-05 4.6387864e-05 3.2651076e-07 0.00014977843 3.6577967e-05 0.03583546 6.8371673e-06 1.4065159e-06 1.6963428e-08 0.009838324 0.0017643954 0.0030666646 6.36426e-05 3.975874e-05 5.927747e-07 0.00066244253 1.766123e-07 2.6622181e-05 1.731793e-07 2.3872755e-05 0.0023869765
0.343665 4.654158e-05 3.135188e-05 0.0012932126 0.37855425 0.15161394 0.0001298902 0.35430536 1.8781602e-06 0.3485203 4.443937e-06 1.0016897e-07 0.14230014 0.012738739 5.263755e-06 3.317598e-07 1.6521585e-06 6.166493e-05 0.0010635497 0.85998195 2.976375e-07 0.82997745 0.0053124973 4.1307017e-06 8.175576e-06 0.96562105 5.9118453e-16 0.6708522 0.63148594 3.6972818e-08 6.812448e-06 0.30334386 0.00094151165 0.00074298977 0.0019305139 5.4517354e-08 0.34936464 1.1785136e-06 0.0001634763 0.00010714097 0.008054528 0.0002101024 0.0002771966 0.80412936 1.6054203e-06 0.024641205 0.0014919342 4.1304477e-07 4.7614984e-07 0.00037640647 0.010660691 0.046172217 0.51288426 2.0142368e-09 0.0020729303 4.751333e-07 0.0033786388 0.0025669232 1.3578367e-08 5.9531704e-08 2.1799437e-07 6.86414e-07 0.0014838235 0.009984576 0.0113292895 0.0001920017 0.0011185383 0.012032533 0.064188 7.232412e-08 0.0011982811 0.0004264449 3.1949828e-06 8.736423e-05 0.0005474014 1.8683692e-09 0.06984856 1.6148716e-06 0.00050548627 1.1205245e-06 9.68524e-06 3.378566e-05 3.5362893e-07 0.00015544353 6.362184e-05 0.02178051 4.543777e-06 1.1557511e-06 2.0691862e-08 0.009046364 0.0018011056 0.0041529206 9.958533e-05 5.7723308e-05 4.885001e-07 0.0012674639 1.8258547e-07 5.5971846e-05 1.4101887e-07 1.963182e-05 0.0024413934
0.09550818 7.349394e-05 5.936681e-05 0.0019105129 0.7207603 0.13630441 0.00046711866 0.26235533 2.9054331e-06 0.1531048 8.685933e-06 3.9854288e-07 0.04729194 0.004028219 3.935113e-06 3.50349e-07 2.0356754e-06 7.368813e-05 0.00069500913 0.7980935 5.7313677e-08 0.59936297 0.0015092673 9.3378885e-06 1.7684695e-05 0.7311873 0.6708522 1.5861889e-15 0.98851186 7.372541e-08 1.1961213e-05 0.044609334 0.00032105882 0.0012217554 0.0011220609 7.419559e-08 0.023222324 5.5938194e-06 8.4194304e-05 1.2226243e-05 0.002125393 6.554586e-06 5.0317693e-05 0.84616965 1.3370505e-06 0.015671067 0.00023704591 1.551454e-06 2.2779562e-07 0.00011788588 0.002717078 0.017087014 0.120098814 2.8816696e-09 0.00011606044 6.5308285e-07 0.00016353118 0.00033873547 1.0560913e-08 3.2993746e-08 5.32514e-07 1.1841895e-06 0.00019793559 0.002214068 0.0030005018 0.0005229548 0.000112300564 0.0028368614 0.010947657 4.4471952e-07 0.0003945904 4.0396248e-05 1.2012644e-05 0.000630942 0.00022078911 1.0531545e-08 0.022862224 2.2728157e-07 8.2167266e-05 1.8791332e-06 1.6936103e-05 4.041841e-05 6.522351e-07 1.7770444e-05 8.449034e-06 0.2756585 1.2716112e-06 9.2057235e-08 3.5301316e-08 0.0032819503 5.4122338e-05 0.00052663585 5.93785e-06 6.978365e-06 2.9974242e-06 0.000108131644 6.257469e-07 2.4347597e-07 2.2549135e-07 3.6526671e-06 0.0003596369
0.066257164 5.0539733e-05 7.420773e-05 0.0009220223 0.54975307 0.09280764 0.00037608444 0.24698442 2.8509764e-06 0.1381367 3.9730103e-06 2.2277823e-07 0.054039277 0.0042918418 7.5612593e-06 5.786959e-07 5.1100988e-06 7.623808e-05 0.000986843 0.7013377 1.00081884e-07 0.49121094 0.0016864493 2.9099504e-06 6.927011e-06 0.6820658 0.63148594 0.98851186 5.1549864e-16 1.4001677e-07 9.164021e-06 0.06095292 0.00054172816 0.00034835003 0.00051617826 2.853661e-08 0.027470512 3.0626795e-06 4.8028403e-05 3.1669573e-05 0.0013904619 2.0063919e-05 8.501057e-05 0.84654236 2.4023777e-06 0.015442396 0.0003153027 1.5370568e-06 1.27603e-07 9.1045025e-05 0.0032477926 0.014765651 0.13807748 3.465676e-09 0.0002008769 4.9083314e-07 0.00016408451 0.00044356514 5.1113997e-08 2.9088585e-07 3.2788623e-07 5.425427e-07 0.00022168308 0.002867196 0.0032560122 0.00021368434 0.00013360514 0.0023742863 0.006919271 2.3890405e-07 0.00053618586 1.9239864e-05 6.7005653e-06 0.00018561623 0.0002016883 8.643603e-09 0.013773971 1.0382894e-06 0.00050675066 2.9487874e-06 1.656615e-05 1.6806067e-05 1.4779051e-06 1.0132731e-05 9.363035e-06 0.14853337 2.386678e-06 6.397576e-07 3.4952453e-08 0.0040277448 4.3862638e-05 0.0013617363 2.0567379e-05 7.5194284e-06 6.487506e-07 0.00035778104 2.023052e-07 1.768939e-06 9.675195e-08 3.021129e-06 0.00012406638
0.96112585 0.0033802101 0.0015484461 1.1709275e-05 1.897088e-05 1.9774097e-05 0.00012743076 2.342932e-06 0.16739115 2.1069352e-06 0.014726562 0.57918024 3.5113057e-06 0.0007610003 0.25937676 0.33099392 0.74904215 0.02068114 0.033867247 1.2058555e-07 0.94193727 7.516642e-09 0.0012402356 0.00062363205 0.000359249 7.7805865e-08 3.6972818e-08 7.372541e-08 1.4001677e-07 8.889557e-19 0.027008915 1.0997611e-07 0.095495805 0.0003971887 1.3782038e-05 0.83896196 5.858609e-07 0.1369073 3.118025e-05 0.19328824 4.8955158e-06 0.0059167007 0.0001730376 8.810731e-07 0.008249429 3.514172e-05 1.23400205e-05 0.017509922 0.65879434 0.0013736985 0.005876989 2.194453e-07 3.2395778e-07 0.8248407 1.6575101e-06 0.06489506 1.9506555e-07 3.5453187e-09 0.04221273 0.012484559 0.44023177 0.0056498405 4.113285e-09 6.275508e-08 8.2648156e-05 1.4410458e-07 3.4588643e-07 0.000113093396 3.595652e-07 0.0021904293 5.128409e-09 1.1172028e-08 0.0001402942 1.644659e-07 2.6083182e-08 0.00083336746 1.2307007e-07 0.0013191983 0.0027244415 0.20703346 0.012374653 0.2267566 7.912925e-06 4.3703025e-08 6.9933446e-09 1.8049606e-06 0.008489298 0.0052918587 0.41794047 0.042832952 1.0429836e-08 0.0026958587 0.0071769985 1.8201868e-09 3.4810675e-08 2.9553992e-05 2.2677395e-06 3.4037287e-06 0.00013736538 3.657903e-08 1.8779057e-08
0.26555276 0.042517103 0.2811601 0.01439443 0.0037252943 0.0012475413 0.44972673 0.00033683918 0.016634732 0.0001138509 0.84306484 0.27172047 8.224433e-05 0.000697046 0.004807985 0.7645817 0.12361298 0.002186952 0.007352885 1.6058868e-05 0.009952658 1.0923912e-06 0.0003172397 0.60778445 0.5535184 1.0133582e-05 6.812448e-06 1.1961213e-05 9.164021e-06 0.027008915 1.4349474e-18 1.4220157e-06 0.008248827 0.000281863 0.02644992 0.43626857 1.8811099e-05 0.96631795 0.1539788 0.0029847962 1.8087076e-05 1.62446e-05 3.629363e-05 7.4453994e-05 3.2028925e-05 5.9377733e-05 0.00012689618 3.972724e-05 0.00010810051 1.28376505e-05 0.0011594872 3.21946e-05 5.598681e-06 0.0051445183 0.00017965269 6.981517e-05 6.6156713e-06 5.567815e-08 0.00013315763 1.526426e-05 0.014689209 1.8580902e-05 4.4774325e-08 1.5249857e-05 0.00013545802 0.00013903272 6.9830585e-06 0.00016576273 2.8166964e-05 1.6812031e-05 1.3218062e-06 2.1797077e-06 0.03805647 2.6208506e-06 6.6870193e-06 1.1555015e-05 8.36373e-05 2.110122e-06 1.6950353e-05 2.3437262e-05 0.00028586024 0.055000253 0.003993061 1.082296e-05 4.2948014e-07 3.7984303e-06 0.29160845 1.831038e-06 9.740131e-06 0.0017082752 2.2327293e-07 1.58365e-05 5.850588e-06 2.0538007e-06 1.735327e-06 8.536111e-07 0.0008321456 4.5822922e-08 0.017846838 5.198123e-05 5.7683983e-06
