2.41705e-33 0.57797915 0.9517724 0.24146253 0.7403886 0.7827844 0.9810913 0.03913674 0.92001194 0.4300951 0.9608922 0.20529105 0.033095464 0.00095304433 0.0009111079 0.49756795 0.8391998 0.4033579 0.9571423 0.3235877 0.002252902 0.98208374 0.0019942934 0.029991275 0.002115816 0.001032004 0.9105405 0.003070181 0.93495095 0.008035263 0.035800193 0.9473176 0.0064445226 0.7082419 0.84437776 0.04719257 0.54333055 0.9810461 0.9928206 0.9722475 0.040420018 0.00875805 0.0032677962 0.7508659 0.97047573 0.0014348858 0.00092060154 0.008605162 0.032323968 0.5923519 0.8353406 0.98111254 0.8636275 0.4954896 0.0040704566 0.9586371 0.07298149 0.97475433 0.9886421 0.043428615 0.09861592 0.8944746 0.989703 0.75395185 2.108336e-06 0.00070763566 0.12743098 0.02541603 0.9988188 0.99916464 0.91917104 0.9431265 0.00015762648 0.17717557 0.83595914 3.323783e-05 0.9433324 0.004198485 0.9492087 6.3535035e-06 0.99876255 0.00051949866 0.9998117 0.057197414 0.3930999 0.9053196 0.9885373 0.030206779 0.99981254 0.99887925 1.49855505e-05 2.5568033e-06 0.47331452 0.93264884 0.9224929 0.9999769 0.99430007 0.976995 0.9778078 0.001045776 9.66001e-06
0.57797915 2.0188122e-18 0.94678926 0.6035568 0.90133005 0.13475788 0.9400013 0.6457807 0.038366936 0.18359964 0.8132212 0.04385682 0.14360556 0.32235008 0.13629438 0.10243488 0.24812031 0.026784128 0.18337417 0.011792541 0.06966206 0.0015524866 0.032995027 0.00898623 0.052729752 0.046696622 0.09731292 0.013564558 0.2187037 0.0032101078 0.0029082387 0.005100483 0.018622352 0.0023077326 0.007572488 0.001839332 0.0045126304 0.10139253 0.07163046 0.010350932 0.00028041116 1.0039219e-05 6.630205e-06 0.0003634917 0.023113327 6.8165005e-05 0.009686561 9.516773e-07 3.395322e-06 0.00036383333 0.00075924565 0.049084794 0.00023197827 0.0001427286 9.1239036e-07 0.005994909 2.5157692e-06 0.014331039 0.03519314 1.5371478e-06 1.4604568e-05 0.0008447846 0.014615311 0.0007095207 0.0010610751 2.9099238e-07 3.048984e-05 1.7675616e-06 0.062039293 0.0670251 0.0029455328 0.0033673758 0.00079992664 0.0001609707 0.0013608852 2.1927656e-08 0.0014015877 6.336244e-07 0.0007117409 1.6851101e-05 0.004227937 1.8765391e-07 0.029631216 6.277762e-05 1.1728185e-05 0.00051011395 0.009128513 5.435303e-07 0.026198681 0.021214133 1.0980829e-06 1.1911264e-05 3.91515e-06 0.0006401153 0.00036318038 0.030796034 0.008008827 0.0016086788 0.00014497321 1.8644944e-07 9.682049e-07
0.9517724 0.94678926 8.7105835e-16 0.5839365 0.8513799 0.01682394 0.66495806 0.07690926 0.0011261539 0.0076790983 0.8697052 0.0051860465 0.011556983 0.024175664 0.01776542 0.0108062485 0.31326902 0.0026032564 0.16674873 0.000441131 0.007343687 6.420919e-05 0.05330018 0.07373975 0.0024030423 0.022824503 0.19600388 0.0010122099 0.1596711 0.00021055693 0.000120415316 0.0005566339 0.0035069622 0.04849129 0.00097334164 0.00016035062 0.00032517625 0.1752018 0.07411284 0.0007242915 0.014717113 2.996301e-06 2.3476243e-06 3.8929324e-05 0.18890935 0.00020408967 0.005397276 5.212464e-07 6.9713366e-07 0.0038297046 0.004296068 0.030983996 7.5508106e-06 3.9190277e-06 3.735205e-07 0.0004802655 9.79999e-07 0.22002202 0.018480908 1.1890659e-06 3.1760235e-06 0.0033234358 0.1865647 0.0029825524 0.0009562481 2.046983e-07 7.3409385e-05 9.2177737e-07 0.070673294 0.090872824 0.008015227 0.013456828 0.0015071536 0.0010957449 0.005084161 1.1537182e-06 0.004341033 4.4951437e-07 0.004234399 1.2971089e-05 0.0013193757 2.3045136e-07 0.31133854 0.0018866454 4.9217074e-06 0.002228757 0.089918286 2.2461717e-07 0.06847952 0.2671607 2.7362014e-06 5.414156e-06 4.3806452e-07 0.0026812593 0.0029396873 0.07043092 0.074455 0.010884393 1.0835497e-05 5.4095915e-07 2.5128509e-06
0.24146253 0.6035568 0.5839365 1.3056526e-18 0.9761461 0.0044188052 0.17040595 0.19944187 0.00055418606 0.008795436 0.2521273 0.005890577 0.02526691 0.2871102 0.23838858 0.00597084 0.13235143 0.00086469104 0.019349527 0.00072716613 0.043727364 6.03296e-05 0.7481512 0.39413476 0.00591284 0.36044794 0.08164043 0.00012354062 0.025325568 6.52844e-06 9.996981e-06 0.00022372813 0.0027130216 0.15171057 0.00050239265 4.219478e-06 0.000110167115 0.009549977 0.007060924 0.0008618442 0.07674559 2.0733235e-07 2.2216411e-06 2.0293098e-06 0.020571755 4.2143445e-05 0.009514932 1.1136292e-07 2.5172042e-08 0.018750513 0.021148013 0.0020748875 3.221218e-06 5.5053385e-07 1.4789761e-07 0.00015875099 7.085926e-08 0.03518892 0.0011320008 1.317984e-07 1.2023533e-07 0.013072873 0.039250623 0.0050582434 0.020691251 1.4332855e-07 1.0159868e-06 9.39605e-08 0.0011358949 0.0012036378 0.005461286 0.005061315 0.12330429 0.0050695944 0.008877125 7.705022e-07 0.0043710344 1.3879327e-07 0.005581061 4.571834e-06 0.00019112043 1.8005103e-07 0.0039445367 0.0016337399 8.491795e-07 0.0027227688 0.0052405195 8.254949e-08 0.013669428 0.008540293 2.353776e-06 2.9995163e-05 3.294057e-07 0.0033457763 0.0037891031 0.0010927875 0.0051658554 0.003280423 1.2896859e-05 3.3927824e-07 7.0639265e-07
0.7403886 0.90133005 0.8513799 0.9761461 1.0542817e-16 0.0038359403 0.16881435 0.050653946 0.00033014742 0.009211517 0.65768987 0.003633259 0.009951907 0.02374209 0.012181644 0.003691344 0.6637788 0.00040952864 0.03952012 0.0001292664 0.0023693487 9.023315e-06 0.09301356 0.097010516 0.0005604056 0.010725073 0.34950888 5.5267916e-05 0.13253343 2.5018626e-05 4.893026e-05 6.818639e-05 0.00041758892 0.14318594 0.00036891934 1.1216563e-05 0.00017143103 0.17803675 0.036938224 0.0011817996 0.009417322 2.9360224e-06 1.1262907e-06 1.0566304e-06 0.373178 4.1487143e-05 0.0008772336 2.809051e-07 3.618859e-07 0.027347319 0.061764993 0.023290664 5.4465236e-06 4.883187e-06 3.6109404e-07 0.00042912833 2.8477305e-07 0.34188357 0.013586407 4.1457122e-07 6.66493e-07 0.0347442 0.33805862 0.03841113 0.0007525846 1.6497142e-07 5.914198e-06 4.1507676e-07 0.01636262 0.027088681 0.04803914 0.061223827 0.0037424099 0.015537485 0.03945545 4.042444e-06 0.038194116 7.566225e-07 0.030358862 2.2995959e-05 0.00060849526 3.71688e-07 0.13078654 0.0077276067 1.3794806e-05 0.003922844 0.19997446 1.1163025e-07 0.08045738 0.3260413 2.866186e-06 2.2777454e-05 1.6782218e-07 0.0208963 0.020569632 0.014572277 0.15427518 0.047819782 1.2322863e-05 7.3288226e-07 1.669194e-05
0.7827844 0.13475788 0.01682394 0.0044188052 0.0038359403 2.848979e-19 0.3874692 0.578323 0.9116321 0.8791911 0.010773957 0.5746347 0.30969635 0.076619625 0.012166481 0.20939842 0.0010524956 0.20358875 0.3503494 0.03129825 0.07784167 0.03593641 3.0375808e-05 6.198633e-05 0.037996806 0.001046923 0.0011572627 0.03616374 0.026460625 0.02730249 0.004466275 0.0015203005 0.03303502 1.9328552e-06 0.0038970462 0.0094050085 0.0033805612 0.01227821 0.16524279 0.0013926396 1.6022489e-07 4.0408235e-05 0.00035871923 0.00012264436 0.00037891752 0.0012937579 0.012031729 3.728564e-05 6.9780185e-06 4.0301165e-07 4.9690866e-06 0.010546628 0.00011341526 0.0003376519 7.532499e-06 0.0010232818 1.9853373e-06 4.0794934e-05 0.012553705 8.695398e-06 4.9473306e-06 5.092463e-06 8.033883e-05 1.0165523e-05 1.6231112e-05 1.1445379e-06 0.00019168007 3.199804e-06 0.08702378 0.06368443 8.9327754e-05 9.7166616e-05 5.3289523e-06 1.3105783e-06 3.521732e-06 6.105934e-08 2.3239263e-05 1.1266151e-06 3.4605932e-07 2.3873643e-05 0.00094499293 5.6877127e-07 0.0007309018 6.085074e-07 7.951175e-05 2.5953472e-07 0.0007196103 4.134266e-07 0.0024268709 0.0008629418 4.867386e-07 1.1283446e-05 2.5552627e-06 2.7149442e-06 8.6497135e-07 0.029791094 0.00011610583 0.00011735374 1.2307865e-05 5.042255e-07 6.347956e-08
0.9810913 0.9400013 0.66495806 0.17040595 0.16881435 0.3874692 2.4092277e-16 0.28412792 0.1615168 0.15756877 0.91781276 0.031077929 0.019177875 0.058081936 0.029116143 0.037860177 0.06840171 0.01083447 0.86429775 0.0025342426 0.009004554 0.0020057624 0.0002723131 2.1834954e-05 0.0025366354 0.0016924018 0.055411283 0.00077524234 0.45545474 0.0004212864 0.00026652397 0.0026168108 0.0011626527 4.531813e-05 0.0020635517 0.00019173328 0.0030327935 0.28059784 0.2233523 0.015034887 3.0849492e-06 2.8552947e-06 5.5135483e-06 8.404902e-05 0.009846541 7.802142e-06 0.00020396106 2.4200976e-06 1.784298e-06 7.2907633e-06 3.924434e-05 0.109967455 0.0003065128 0.0001792088 3.953426e-07 0.008965138 1.6051049e-06 0.011464453 0.077613264 1.6743123e-06 4.053419e-06 0.00015586437 0.0117577575 0.00039366973 1.4921988e-05 1.2663027e-07 2.9084342e-05 6.083507e-07 0.16332711 0.18209943 0.0024647797 0.003768819 4.0877225e-05 3.9381823e-05 0.00035071926 7.780523e-09 0.0015138529 2.1994751e-07 0.00015965209 3.9489495e-07 0.00875203 2.0145412e-08 0.14294381 4.3335454e-05 0.00021005832 5.317771e-05 0.013066374 2.0723766e-07 0.06416772 0.035803333 4.4623338e-08 8.935062e-08 6.1560486e-06 0.00032926013 9.481162e-05 0.13765739 0.007832063 0.002988399 4.680129e-05 5.4216535e-08 2.250974e-08
0.03913674 0.6457807 0.07690926 0.19944187 0.050653946 0.578323 0.28412792 1.5396902e-19 0.6811309 0.39859986 0.18792333 0.52725154 0.90724003 0.8727989 0.28539345 0.14820588 0.009040107 0.17133224 0.036487743 0.046666276 0.79593676 0.0049927044 0.002005208 0.00027585248 0.34489912 0.11622632 0.0058384994 0.2290861 0.01518223 0.09715876 0.012427327 0.00511103 0.21424046 0.00026662264 0.0055157053 0.031292558 0.003433814 0.0059794383 0.012465869 0.003596637 3.1442887e-06 9.35481e-05 0.00022596764 0.00016022772 0.0005242819 0.010261911 0.13927719 8.960441e-06 6.355007e-06 8.529878e-05 0.0001901601 0.0046858885 0.000101048005 0.00021510596 7.747009e-06 0.0014144517 3.726536e-06 0.00040387124 0.0077634994 6.749146e-06 4.8950023e-06 0.00021391902 0.00015654293 0.00014045309 0.0035197595 9.943207e-07 3.0728035e-05 2.7858237e-06 0.0047796494 0.005063697 0.00028349587 0.0005135207 0.00022504225 7.837483e-06 6.673517e-05 4.3149154e-08 5.2047955e-05 1.4910742e-06 1.0871124e-05 0.0013379729 0.0002790033 1.4507478e-07 0.00022323368 6.1754413e-06 4.8676182e-05 5.2150448e-05 0.0009812063 8.309666e-07 0.0055506215 0.00076428015 2.3001576e-07 0.0057278937 3.3408437e-06 3.8348226e-05 5.513262e-05 0.0013863697 0.00027008163 0.00016216483 6.0977463e-06 4.6359247e-07 8.977153e-08
0.92001194 0.038366936 0.0011261539 0.00055418606 0.00033014742 0.9116321 0.1615168 0.6811309 2.5051407e-18 0.81498575 0.006464895 0.81321424 0.47808176 0.10639849 0.010504415 0.057190243 0.00040876327 0.097952485 0.7482479 0.015894664 0.2263538 0.0025353304 8.2783004e-08 1.5186397e-06 0.10241588 2.7001865e-05 0.0007235479 0.017879946 0.014730131 0.007887655 0.0013149685 0.0003494562 0.01585478 1.814728e-08 0.0009812869 0.0010391985 0.00094557944 0.013393396 0.048567712 0.00038580206 7.9104784e-10 1.5030219e-05 9.1110174e-05 2.7256812e-05 0.000585276 0.00022341558 0.006078405 9.737474e-06 6.652036e-06 3.48712e-07 5.846656e-06 0.010087792 1.3876838e-05 4.8742007e-05 2.3730038e-06 0.00018526572 1.6055718e-06 0.00018479385 0.007573102 1.8679801e-06 3.453072e-06 1.056439e-06 9.244289e-05 1.9925453e-06 1.5970079e-06 2.1512e-07 4.4393855e-05 1.6005544e-06 0.02785806 0.026408913 8.521918e-05 0.0001999379 2.8167756e-06 3.7823966e-07 4.6309733e-06 3.6498827e-07 5.0146187e-05 4.6752083e-07 1.1925898e-06 6.4160863e-06 0.0013901781 6.2136685e-08 0.00013033021 4.794303e-08 1.0401413e-05 1.25200526e-08 0.0010502891 4.7909646e-07 0.002476184 0.0009593652 1.5752781e-07 4.2881984e-06 6.8594215e-07 4.321872e-06 8.930722e-07 0.013933258 0.00045734344 0.00022845279 2.765945e-06 2.3619462e-07 9.047821e-08
0.4300951 0.18359964 0.0076790983 0.008795436 0.009211517 0.8791911 0.15756877 0.39859986 0.81498575 4.991764e-20 0.038579315 0.8187799 0.46996397 0.03755473 0.0025788515 0.50735563 0.011866411 0.29223824 0.35152578 0.04127877 0.039536558 0.054434113 3.3206747e-05 8.330091e-05 0.05465235 0.00039899015 0.0071558873 0.067095056 0.06745859 0.05989552 0.0526412 0.025108328 0.022677567 2.9031203e-06 0.022475159 0.033513755 0.0603931 0.03277973 0.0848009 0.017468473 3.6868192e-07 0.0012071145 0.00074199593 0.00092533266 0.00043408258 0.000905364 0.005397734 0.0002917581 0.00028646775 2.3986322e-06 9.9136654e-05 0.03658188 0.0016258658 0.004364233 4.458202e-05 0.008601528 0.00021183184 6.933188e-05 0.03919645 0.00012680473 0.00024095435 1.748353e-05 3.921613e-05 5.7277266e-05 1.9137186e-05 1.20538425e-05 0.00093614997 1.4082683e-05 0.10674618 0.09476802 0.0005534701 0.00065554836 2.408798e-05 9.408658e-06 4.969667e-05 6.4845025e-08 0.00014145441 1.01270125e-05 1.687145e-06 0.00014460937 0.015399628 1.3026371e-06 0.00016800115 2.8746524e-06 0.0012741957 9.191517e-07 0.0011690682 2.1516063e-05 0.014028282 0.0015944766 1.3395431e-06 1.5317793e-05 0.00041371892 4.567208e-05 6.6787084e-06 0.088424556 0.00052301545 0.00050637696 0.0003907131 1.1134981e-06 3.5831064e-07
0.9608922 0.8132212 0.8697052 0.2521273 0.65768987 0.010773957 0.91781276 0.18792333 0.006464895 0.038579315 1.9146789e-18 0.00634733 0.034828804 0.005080957 0.00025660885 0.12390831 0.6777671 0.00410217 0.4862528 0.0008554244 0.00091684103 0.0017505913 0.00039706696 0.0008937526 0.00076924637 0.00044070403 0.6280936 2.4538183e-05 0.75943035 3.1258733e-05 0.0007281804 0.0023646338 0.00044368993 0.00027555798 0.0010400203 0.00012591203 0.009208711 0.6773702 0.111080416 0.025852269 3.076762e-05 7.4112535e-07 2.9441352e-07 1.0500122e-05 0.24006984 1.3717889e-05 0.0010513609 2.8675416e-08 5.115708e-07 0.0003066052 0.0027402362 0.29007423 0.0001105596 0.00015023291 5.925551e-08 0.018910376 1.0625174e-06 0.078174725 0.17285688 2.5218213e-07 1.0449569e-06 0.0029979676 0.06276736 0.0030727878 5.7590903e-05 2.77218e-08 6.4255837e-06 1.991585e-07 0.15445408 0.1706586 0.01342723 0.017679451 0.00029112856 0.0029573261 0.0059828977 3.9635884e-07 0.0076572946 6.2540956e-08 0.0023680981 5.32084e-05 0.016607437 1.2645626e-07 0.275914 0.00041254068 0.00039647403 0.0003779155 0.16941743 8.4830117e-07 0.29562303 0.32346904 1.086945e-06 1.1374053e-06 1.5255878e-05 0.0035804322 0.0023996392 0.2535032 0.08121142 0.022354916 0.0001827866 1.526771e-07 1.4333601e-06
0.20529105 0.04385682 0.0051860465 0.005890577 0.003633259 0.5746347 0.031077929 0.52725154 0.81321424 0.8187799 0.00634733 2.7922034e-18 0.9050549 0.06729045 0.003960021 0.5669971 0.0007114324 0.73603964 0.05945211 0.15709367 0.09446993 0.120598115 3.4526108e-06 2.8043909e-05 0.19420773 0.0008054371 0.00045488472 0.23929672 0.008414353 0.20861915 0.15801007 0.028196473 0.06309183 2.0526923e-06 0.057781667 0.12155931 0.042686686 0.0038158563 0.063361764 0.00450421 1.4396805e-07 0.0023292308 0.0031545463 0.0012057477 0.00012048218 0.014008537 0.017557109 0.00070419395 0.00018816437 2.6476202e-06 2.4231382e-05 0.007101053 0.0008110419 0.0022892966 5.938062e-05 0.0021842537 6.36659e-05 3.1549866e-05 0.006976592 0.00022263858 0.00025113393 1.3127293e-05 1.7820628e-05 6.35691e-06 1.5197721e-05 5.3320123e-06 0.001971254 2.3180455e-05 0.033079386 0.02747556 0.000104452854 6.450656e-05 9.5972755e-06 2.13468e-06 4.7968233e-06 2.0471714e-06 1.1366707e-05 1.7390672e-05 1.7643521e-07 0.00053312024 0.004219339 1.1138284e-06 8.4426916e-05 2.6065627e-06 0.00080504466 4.479996e-06 0.0004829485 3.47932e-05 0.0026817617 0.00041858535 1.9171716e-06 0.0001382301 0.0001719276 6.2950853e-06 6.48535e-06 0.011221449 4.761621e-05 6.6672445e-05 0.00026916878 2.0462755e-06 2.4549135e-07
0.033095464 0.14360556 0.011556983 0.02526691 0.009951907 0.30969635 0.019177875 0.90724003 0.47808176 0.46996397 0.034828804 0.9050549 1.3400251e-19 0.3058148 0.017757723 0.46715683 0.0009465299 0.86810756 0.024813456 0.26691478 0.25260258 0.048630957 3.7796867e-06 8.2240285e-06 0.46493495 0.0002816521 0.00067078485 0.45195132 0.0067663416 0.39544833 0.45169547 0.03377235 0.1563123 7.4413633e-06 0.098113246 0.23369057 0.055427115 0.0024941606 0.011813771 0.01008847 1.3740605e-07 0.013085959 0.0069255945 0.0012241299 1.4546964e-05 0.025923546 0.025354719 0.0009560684 0.00073820463 6.209256e-06 4.523471e-05 0.0035819435 0.001855098 0.0056796744 0.00013484976 0.008115962 0.000121481906 8.452902e-06 0.0037496297 0.00021019219 0.0004877679 3.0041454e-05 8.517184e-06 1.0432189e-05 2.3593528e-05 5.3464582e-06 0.0010132437 8.456369e-06 0.007901773 0.006118596 3.6524463e-05 7.118604e-05 2.304017e-05 1.5147835e-06 1.440591e-05 4.2373945e-06 9.02884e-06 8.286429e-06 1.4625816e-06 0.00089104543 0.002562216 7.111896e-08 1.4925462e-05 3.5761202e-06 0.0010687762 2.342895e-05 0.00013172597 7.4465534e-06 0.0034808672 0.00012573469 1.9135916e-06 0.0003144037 0.0002810446 2.9118657e-06 8.323606e-06 0.0028411865 1.5136347e-05 5.55096e-06 0.0006048396 8.087286e-07 2.737659e-07
0.00095304433 0.32235008 0.024175664 0.2871102 0.02374209 0.076619625 0.058081936 0.8727989 0.10639849 0.03755473 0.005080957 0.06729045 0.3058148 1.970111e-21 0.840937 0.006008081 0.0011473915 0.0085867215 0.0024184738 0.016154371 0.7527611 0.00027315528 0.008941398 0.0014058577 0.08024327 0.30070245 0.0006341016 0.033361 0.00077797344 0.010353548 0.0016967508 0.002033267 0.19626677 0.001982617 0.0050884127 0.0040130997 0.00032920204 4.8848986e-05 0.0007921004 0.00018539968 0.0005478079 6.675312e-05 0.00016710217 2.571295e-05 0.00011143704 0.0067133526 0.28331232 1.2930843e-06 2.7210513e-06 6.849218e-05 0.00016180043 0.00034848726 2.3879471e-05 7.936754e-06 2.5847681e-05 6.6694185e-05 8.403643e-07 0.00013213487 0.0008711243 2.0142168e-06 8.647574e-06 0.00034534934 0.000115489056 0.00029038877 0.006960277 3.4200107e-06 2.7773576e-05 1.9888585e-06 0.00017999619 0.00042494157 0.00022328863 8.24107e-05 0.0022512544 4.463262e-06 0.00017433456 8.466468e-07 2.6633712e-05 3.0710648e-06 3.6811172e-05 0.00088857685 0.0001796354 2.7136348e-06 5.5080018e-05 3.205806e-06 6.535261e-06 0.00011695019 0.000253837 3.919895e-06 0.0025645008 0.00014303206 1.28303e-06 0.0020959699 9.0230094e-07 8.032738e-06 5.707421e-05 0.00013649164 2.590528e-05 9.594071e-06 6.6257676e-06 3.1778504e-06 4.4297076e-06
0.0009111079 0.13629438 0.01776542 0.23838858 0.012181644 0.012166481 0.029116143 0.28539345 0.010504415 0.0025788515 0.00025660885 0.003960021 0.017757723 0.840937 1.1852026e-16 0.00028980998 0.00018220322 0.0005346176 0.00029798245 0.00046373552 0.58665186 2.6888436e-05 0.035087846 0.0013156784 0.010378268 0.77863735 5.029289e-05 0.0016858567 6.276463e-05 0.00018212228 2.6740297e-05 0.0001757716 0.03863466 0.0010606992 0.00048056242 3.7052432e-05 7.685512e-06 6.7589817e-06 0.00010128234 2.276853e-05 0.0003222263 3.006266e-07 2.1663256e-07 2.9143536e-07 7.699072e-05 0.0003328333 0.38035944 2.0812936e-09 2.2872197e-08 4.70162e-05 2.500999e-05 4.0359857e-05 3.8485504e-07 1.0134277e-07 4.9252137e-08 1.0540464e-05 2.3357368e-08 7.954391e-05 0.00013651377 1.3435181e-08 8.827379e-08 1.9465171e-05 8.076257e-05 2.4802393e-05 0.032080878 8.309872e-09 4.2624728e-07 1.8132782e-08 0.0001079816 0.00017840072 4.1251256e-05 4.193953e-05 0.0047874753 1.7375345e-06 2.656978e-05 4.5111494e-07 8.275995e-06 2.0452706e-08 9.929168e-06 0.0011458748 7.87716e-06 1.6306474e-08 0.0007929605 6.107859e-07 2.0590359e-07 1.7352535e-05 9.3135066e-05 1.11154954e-07 0.0018232525 5.2421357e-05 7.072248e-08 0.0066775884 2.4512744e-08 2.3958362e-06 2.3671033e-05 7.794129e-05 1.7879885e-05 6.457072e-06 5.17648e-07 3.8287215e-08 4.345879e-07
0.49756795 0.10243488 0.0108062485 0.00597084 0.003691344 0.20939842 0.037860177 0.14820588 0.057190243 0.50735563 0.12390831 0.5669971 0.46715683 0.006008081 0.00028980998 8.436614e-20 0.0026978094 0.6444822 0.40799984 0.20624427 0.016177682 0.93893456 5.7019366e-07 2.3826744e-05 0.08404556 1.7089775e-06 0.0060017537 0.18007717 0.1024497 0.20290321 0.4839977 0.62164557 0.013325279 1.5722493e-05 0.46266726 0.15688105 0.5377766 0.052724198 0.051636685 0.33432734 2.2367371e-06 0.0386256 0.014466033 0.030604966 0.00014328545 0.0016592824 0.0010141191 0.021392908 0.009082979 3.150358e-06 1.1312118e-05 0.1638719 0.07791248 0.25707218 0.00075307215 0.19617476 0.0055414555 2.2224602e-05 0.20547542 0.004154333 0.004102497 3.9864364e-05 1.0657412e-05 1.27460835e-05 1.6445398e-07 7.265011e-05 0.011829497 0.00033454187 0.35307226 0.28748912 0.00026774098 0.00032167978 2.668092e-07 2.3983955e-07 2.8302811e-05 5.657564e-07 0.00012136588 0.0002129408 4.1711546e-06 0.00014842063 0.14241014 5.5704386e-06 0.00011609919 2.1369888e-07 0.027711319 6.0096886e-06 0.00030863058 0.00070498616 0.019694814 0.0010250097 9.8148475e-06 1.10251995e-05 0.0051230323 1.9122243e-05 6.6918365e-06 0.3504004 0.00024651393 0.00020205311 0.0032367802 8.390001e-06 1.7800048e-06
0.8391998 0.24812031 0.31326902 0.13235143 0.6637788 0.0010524956 0.06840171 0.009040107 0.00040876327 0.011866411 0.6777671 0.0007114324 0.0009465299 0.0011473915 0.00018220322 0.0026978094 2.4241611e-17 0.00024984445 0.039995056 1.6647746e-05 9.420865e-05 8.973456e-06 0.006644526 0.05760115 0.00018743919 0.00031481625 0.9289875 8.340242e-05 0.24417393 1.8916753e-05 0.00013481891 0.0002526548 0.0008160695 0.07626494 0.00028049087 9.612852e-05 0.0004792306 0.37398368 0.014542824 0.002402741 0.007540103 7.488556e-06 1.2806842e-06 1.1505142e-06 0.7604147 4.3916047e-05 0.003020411 1.4972835e-07 7.1233717e-07 0.03437856 0.38678676 0.107154526 6.198934e-05 2.0086854e-05 9.3567553e-07 0.0031957133 9.444451e-07 0.4080538 0.06073598 5.8389077e-07 2.7075494e-06 0.14327414 0.4047797 0.20386916 0.00024213747 1.2455902e-07 1.2564838e-06 7.723016e-07 0.021728605 0.03305311 0.2805459 0.23921694 0.0019379922 0.19347833 0.10823811 3.880313e-06 0.2523082 1.3927259e-07 0.055702038 0.00035371768 0.002309181 3.261908e-07 0.111165315 0.05924702 2.4699877e-05 0.005716529 0.39912188 2.5041322e-07 0.2964033 0.3963002 6.552064e-05 3.6634e-05 1.94345e-06 0.09851762 0.064208604 0.023627209 0.2645602 0.29585314 0.00025427408 6.7882024e-07 2.7667407e-05
0.4033579 0.026784128 0.0026032564 0.00086469104 0.00040952864 0.20358875 0.01083447 0.17133224 0.097952485 0.29223824 0.00410217 0.73603964 0.86810756 0.0085867215 0.0005346176 0.6444822 0.00024984445 7.239583e-17 0.07357327 0.953015 0.029127507 0.62368083 7.9728386e-07 4.0219365e-06 0.12664953 3.644047e-05 0.00025641607 0.2877253 0.0066024708 0.3242456 0.69287175 0.23621166 0.08083571 1.7796704e-06 0.5977216 0.37088397 0.08285392 0.0041160053 0.029243156 0.054573704 2.775594e-07 0.027818933 0.017908018 0.015469643 2.9662053e-05 0.022788197 0.008290481 0.004918022 0.0015044466 4.2816043e-07 9.760215e-06 0.006250089 0.005452457 0.0031727254 0.0005659955 0.009267006 0.00033459166 2.1003807e-06 0.009657658 0.0005558247 0.0004769304 2.040515e-06 9.2051937e-07 3.619767e-05 9.735662e-06 3.8140588e-05 0.0012558477 8.3597035e-05 0.0833198 0.049161673 3.7968748e-05 1.6072412e-05 5.5392998e-06 6.690317e-06 2.517663e-06 8.066616e-06 9.604802e-06 2.8842433e-05 1.8740155e-07 0.00024107665 0.0043824757 2.8116708e-06 3.5865767e-05 9.159652e-06 0.0006059895 5.525819e-06 3.963245e-05 9.552928e-05 0.0012431203 5.574087e-05 0.000105576015 8.6828644e-05 0.00034205228 3.4467419e-06 4.7553426e-06 0.06192279 2.3673526e-06 1.29119335e-05 0.00089818 7.823437e-06 9.62146e-06
0.9571423 0.18337417 0.16674873 0.019349527 0.03952012 0.3503494 0.86429775 0.036487743 0.7482479 0.35152578 0.4862528 0.05945211 0.024813456 0.0024184738 0.00029798245 0.40799984 0.039995056 0.07357327 2.6802343e-16 0.02473523 0.0054775984 0.15738049 6.445386e-05 1.0628556e-05 0.0057770344 9.34887e-05 0.023042003 0.0061226375 0.54303515 0.00726858 0.017570065 0.09438211 0.0051878816 1.779685e-05 0.05316042 0.0077420794 0.112107925 0.2471735 0.92357665 0.13670292 1.5712473e-06 0.00019387888 0.00045485108 0.004274873 0.0036890442 0.001296822 0.0006426298 0.0002507078 3.53543e-05 2.8136155e-06 2.1412425e-05 0.5593029 0.027124964 0.012267648 1.2486731e-05 0.06836907 7.645338e-05 0.0008660227 0.43288833 0.000105095736 0.00039285663 1.4078481e-05 0.00080608483 5.828499e-05 0.00020718068 5.416083e-06 0.0016676332 7.5276516e-06 0.47259447 0.50945795 0.0009857882 0.0014558809 9.8775396e-05 2.771727e-05 9.2780545e-05 9.01903e-06 0.00056175457 9.67956e-06 1.140556e-05 0.00016536671 0.07903777 1.8390145e-06 0.027501337 1.0212856e-05 0.008075052 6.436888e-06 0.006799548 4.2615095e-05 0.06526942 0.01656705 1.523441e-06 2.23705e-05 0.0011022944 0.00011533871 1.9296276e-05 0.32869703 0.0048915865 0.0015421357 0.007960042 7.814728e-06 4.5443353e-06
0.3235877 0.011792541 0.000441131 0.00072716613 0.0001292664 0.03129825 0.0025342426 0.046666276 0.015894664 0.04127877 0.0008554244 0.15709367 0.26691478 0.016154371 0.00046373552 0.20624427 1.6647746e-05 0.953015 0.02473523 9.792667e-18 0.0873212 0.65046513 2.1485938e-07 8.7450417e-07 0.565327 2.4345994e-05 7.301103e-06 0.58932537 0.00088111515 0.70263654 0.8768798 0.10870254 0.26378906 3.7496525e-07 0.53678405 0.7409063 0.042974766 0.00030247302 0.0071127587 0.015071595 1.0830862e-08 0.12453052 0.083224185 0.068034016 6.495284e-06 0.19046527 0.018261196 0.03325963 0.02060826 2.7631188e-06 6.2325175e-06 0.002109553 0.00388043 0.005127854 0.014487999 0.0061420775 0.0062759095 2.6737812e-06 0.003019934 0.004195773 0.0033931858 5.786818e-06 2.5458176e-06 9.415538e-07 1.6326745e-05 0.0006685824 0.0040980917 0.002725403 0.022972602 0.01577829 9.765429e-06 7.922552e-06 6.4441906e-06 1.8737682e-06 2.6015684e-06 0.000617175 2.576945e-06 0.00034710084 2.4864227e-07 0.00998731 0.0089683235 0.0002916635 5.8536634e-06 2.1185083e-06 0.0013087811 4.068845e-06 2.2639786e-05 0.0008612288 0.0005684159 1.6750975e-05 0.0005251388 0.00090222433 0.0005445714 4.7399686e-07 1.095164e-06 0.01740549 1.891837e-06 4.7846474e-06 0.0011499791 0.00011610084 8.56555e-05
0.002252902 0.06966206 0.007343687 0.043727364 0.0023693487 0.07784167 0.009004554 0.79593676 0.2263538 0.039536558 0.00091684103 0.09446993 0.25260258 0.7527611 0.58665186 0.016177682 9.420865e-05 0.029127507 0.0054775984 0.0873212 7.255583e-19 0.003297092 0.001392489 5.887808e-05 0.71979254 0.063245215 7.472409e-05 0.43025655 0.000100397505 0.14238416 0.023372123 0.002760946 0.84918886 0.00013843813 0.006575284 0.10614181 3.8058475e-05 8.407607e-06 0.00035586738 4.15042e-05 1.1861252e-05 4.016354e-05 0.00015350163 1.3363896e-05 4.5261804e-05 0.46944493 0.9064065 2.8733725e-06 1.2444593e-06 9.9433355e-06 8.585267e-05 0.00015993248 5.2187543e-06 6.447046e-07 1.7386485e-06 8.317738e-05 3.3767395e-07 1.1812642e-05 0.0001620883 7.0516563e-07 7.7337916e-07 2.4759522e-05 1.4706708e-05 9.394349e-06 0.004784445 2.475997e-07 3.7097675e-06 1.235759e-07 0.00018065037 0.00024463702 2.4865722e-05 5.3105714e-06 1.9411302e-05 2.4367794e-06 5.6170575e-06 4.7612892e-07 1.4916361e-06 4.492557e-08 3.6310212e-07 0.0053519304 7.134021e-06 1.0010785e-07 8.834197e-05 4.218524e-06 6.1271817e-07 1.00959915e-05 1.9012776e-05 1.0177921e-07 0.0002849927 1.7514303e-05 1.3678358e-07 0.013481788 1.1403078e-07 6.114428e-07 6.21697e-06 0.0005743941 4.9856266e-07 8.1135977e-07 3.6092018e-07 5.220531e-08 5.2607835e-08
0.98208374 0.0015524866 6.420919e-05 6.03296e-05 9.023315e-06 0.03593641 0.0020057624 0.0049927044 0.0025353304 0.054434113 0.0017505913 0.120598115 0.048630957 0.00027315528 2.6888436e-05 0.93893456 8.973456e-06 0.62368083 0.15738049 0.65046513 0.003297092 3.9838804e-21 8.1864286e-08 2.1614719e-07 0.07275307 8.217906e-06 4.245693e-05 0.14688987 0.010144223 0.23105861 0.15538499 0.39789727 0.049668483 1.6867788e-09 0.5065477 0.20150477 0.43137872 0.01029467 0.032719217 0.25668126 7.217012e-10 0.0049908976 0.005029548 0.044635147 5.7278057e-06 0.007328359 0.0009746068 0.005161401 0.0014027144 8.874538e-10 1.1788856e-08 0.024631241 0.00899637 0.010121385 0.00026442064 0.01402435 0.0008500388 2.3863433e-06 0.044084214 0.0010986045 0.00054537127 8.020999e-09 3.8649823e-06 8.414938e-08 2.5870384e-06 3.0171057e-05 0.0022801606 0.000109095265 0.27263188 0.21517493 4.8693196e-06 1.7109058e-05 2.4531e-07 9.456708e-09 6.503974e-08 2.3912313e-05 3.8772796e-06 2.706433e-05 4.1399538e-08 0.00019526332 0.08864325 8.52897e-06 0.00024840044 2.0894753e-09 0.00043954363 6.2140293e-10 0.000114958755 5.0230185e-05 0.0027095813 0.00040359228 6.6647553e-06 5.5922933e-06 6.93611e-05 9.540777e-08 4.824195e-09 0.42538172 1.03303155e-05 1.7608409e-05 0.00016218725 7.187273e-06 1.774168e-06
0.0019942934 0.032995027 0.05330018 0.7481512 0.09301356 3.0375808e-05 0.0002723131 0.002005208 8.2783004e-08 3.3206747e-05 0.00039706696 3.4526108e-06 3.7796867e-06 0.008941398 0.035087846 5.7019366e-07 0.006644526 7.9728386e-07 6.445386e-05 2.1485938e-07 0.001392489 8.1864286e-08 1.4141812e-21 0.52548766 0.00011097412 0.11386526 0.0016249854 1.0161864e-06 0.00017014124 1.4779413e-07 6.923391e-08 9.0271105e-06 9.239596e-06 0.19332609 3.7072493e-06 3.3250572e-07 9.554015e-08 2.7201602e-05 2.9746301e-05 9.377475e-06 0.2485438 2.0614022e-08 5.250789e-08 3.3238552e-09 0.0008101749 3.2216866e-07 4.5681834e-05 5.722482e-10 1.0897145e-09 0.019893302 0.001410599 2.221131e-06 8.5034757e-10 2.6151614e-09 1.7928674e-08 7.2415226e-08 7.1257783e-10 0.003254437 5.1903285e-06 4.4877652e-10 2.0955218e-09 0.0015539582 0.0026846763 5.8089165e-05 0.055193428 4.2919144e-09 1.5931341e-09 3.732609e-09 3.4990357e-05 5.510781e-05 0.00017596548 0.00022094436 0.548314 9.1614875e-06 0.0009049121 6.4961505e-08 4.9793023e-05 3.1435676e-09 0.0009794632 6.800381e-08 1.420155e-06 7.029277e-09 8.450747e-05 1.7561241e-06 1.1056286e-08 0.0017667112 0.00058098754 5.5244933e-09 0.0004074853 0.0002546476 1.78219e-07 2.6515343e-06 4.871061e-10 6.037121e-05 0.00038799693 8.20752e-06 0.0014710418 6.758914e-05 5.799843e-09 8.2199545e-09 3.764707e-08
0.029991275 0.00898623 0.07373975 0.39413476 0.097010516 6.198633e-05 2.1834954e-05 0.00027585248 1.5186397e-06 8.330091e-05 0.0008937526 2.8043909e-05 8.2240285e-06 0.0014058577 0.0013156784 2.3826744e-05 0.05760115 4.0219365e-06 1.0628556e-05 8.7450417e-07 5.887808e-05 2.1614719e-07 0.52548766 9.4763905e-20 5.6609992e-06 0.018019175 0.025034916 3.906065e-06 0.0010411794 1.0047011e-06 2.4879018e-06 3.6549216e-06 1.0863599e-05 0.41697657 1.9711351e-06 5.5477454e-07 2.5208174e-06 0.0005719114 8.497871e-05 1.3280354e-06 0.95676774 2.0746082e-08 2.5919971e-06 3.9609944e-08 0.017384106 1.5272444e-05 7.410278e-05 8.576031e-08 1.5504813e-09 0.18511166 0.09406473 6.477676e-05 1.2578671e-08 2.6253431e-08 3.6308492e-08 3.4125904e-07 1.1584893e-09 0.03709689 6.932116e-05 1.7667862e-08 4.720053e-09 0.06552891 0.0377729 0.013392802 0.00219806 6.78169e-08 4.6824593e-07 3.2615748e-09 4.94739e-05 0.000103182305 0.0064144195 0.0058052894 0.13097155 0.0055049667 0.018918335 9.58133e-07 0.0038216212 1.3118324e-08 0.025721114 1.9089953e-07 2.9316674e-05 1.9793898e-08 0.0010233638 0.0043015284 1.4427248e-07 0.038568705 0.0073359422 1.0165939e-09 0.002538092 0.0073815472 6.5488244e-08 6.125838e-07 2.2919524e-09 0.0034276089 0.0060776537 0.00022476749 0.009720551 0.0023987365 6.9019364e-09 7.049834e-09 8.06137e-08
0.002115816 0.052729752 0.0024030423 0.00591284 0.0005604056 0.037996806 0.0025366354 0.34489912 0.10241588 0.05465235 0.00076924637 0.19420773 0.46493495 0.08024327 0.010378268 0.08404556 0.00018743919 0.12664953 0.0057770344 0.565327 0.71979254 0.07275307 0.00011097412 5.6609992e-06 2.652081e-17 7.661578e-05 7.830786e-05 0.8631607 0.00032593225 0.7245023 0.1956925 0.020737927 0.86093074 0.00015384707 0.078354575 0.52937657 0.012570831 5.7785433e-05 0.0007407007 0.0059754793 1.3219947e-05 0.0053242235 0.014300479 0.0018717197 2.3212375e-05 0.45538238 0.30433288 0.00024121783 0.00018057975 5.257619e-06 0.00017067022 0.001937847 0.00096803595 0.00089130295 0.00013976404 0.0028910825 1.6105614e-05 1.5212569e-05 0.0021261573 6.415692e-05 6.221612e-05 0.00013024795 1.3134091e-05 0.0002139531 5.247543e-05 4.3965056e-06 0.00030100197 6.2070294e-06 0.00049943477 0.0006084866 0.00015363198 0.0002117565 5.374001e-06 2.6346499e-05 3.4903176e-05 5.6576668e-05 6.260543e-05 2.743078e-06 7.4143036e-06 0.006681455 0.0006084947 2.2625206e-06 1.4041666e-06 1.8211733e-05 9.0835834e-05 1.655151e-05 2.79715e-05 8.193717e-06 0.0003708165 3.2414755e-05 2.2689586e-05 0.002746129 3.997004e-05 3.1072435e-05 0.00010559243 0.0007289996 4.4713784e-06 2.0966354e-05 0.00022216371 8.137609e-06 8.5327865e-06
0.001032004 0.046696622 0.022824503 0.36044794 0.010725073 0.001046923 0.0016924018 0.11622632 2.7001865e-05 0.00039899015 0.00044070403 0.0008054371 0.0002816521 0.30070245 0.77863735 1.7089775e-06 0.00031481625 3.644047e-05 9.34887e-05 2.4345994e-05 0.063245215 8.217906e-06 0.11386526 0.018019175 7.661578e-05 6.815503e-17 0.00013108109 4.4765748e-06 1.7976812e-05 8.333514e-07 2.2011685e-07 2.1400206e-06 0.00035956694 0.014331362 8.08384e-05 9.973444e-07 1.5331182e-07 1.3824649e-05 2.327637e-05 8.26448e-06 0.0055176206 4.1183698e-10 3.4636425e-08 3.071986e-07 0.00017036758 6.4932774e-06 0.015507671 3.54148e-09 1.2280931e-09 0.000832946 7.482635e-05 0.00021112194 1.8489865e-07 1.0337089e-08 1.8343996e-09 5.814899e-06 6.7267805e-09 9.544222e-05 0.00027050072 5.2864806e-09 6.6497683e-09 0.0003043518 0.0001332261 5.571892e-05 0.7945602 4.648214e-09 3.0211393e-07 7.2402893e-09 5.656739e-05 7.270986e-05 0.00020065652 5.0642066e-05 0.037524108 3.4413148e-05 0.00019876982 2.8983013e-08 3.1620926e-05 3.4125185e-09 3.395709e-05 3.3567958e-06 5.773069e-05 1.8917467e-08 0.0032459362 8.922538e-06 1.3980746e-08 0.00015776303 0.0005778949 3.7392233e-08 0.027246129 0.0004714098 4.1308276e-08 0.00037516362 8.7380885e-09 4.602735e-05 0.00013526824 0.0008663799 0.00016437066 3.9778082e-05 1.5754718e-07 6.459271e-08 2.3506048e-07
0.9105405 0.09731292 0.19600388 0.08164043 0.34950888 0.0011572627 0.055411283 0.0058384994 0.0007235479 0.0071558873 0.6280936 0.00045488472 0.00067078485 0.0006341016 5.029289e-05 0.0060017537 0.9289875 0.00025641607 0.023042003 7.301103e-06 7.472409e-05 4.245693e-05 0.0016249854 0.025034916 7.830786e-05 0.00013108109 2.2531692e-19 1.5811902e-05 0.1757606 1.3229103e-05 7.321677e-05 0.0001857329 0.00023031286 0.017020423 0.00010608409 4.4492906e-05 0.00078993535 0.38046518 0.009566719 0.0017210471 0.002058032 1.2047217e-06 7.121951e-07 3.326397e-06 0.74162 8.468362e-06 0.00014961795 1.3236574e-07 1.8427072e-07 0.012133672 0.057321765 0.06904413 4.7936697e-05 7.04507e-05 1.0915857e-07 0.0034653065 5.0454736e-07 0.4438868 0.051738746 5.605105e-07 2.213273e-06 0.035648413 0.44918153 0.08121815 6.1907456e-05 4.417207e-08 1.7565496e-06 1.231546e-07 0.025692472 0.038448915 0.15955362 0.20045654 0.0004857977 0.054166142 0.054274213 2.8851426e-07 0.14395754 8.763897e-08 0.022634208 2.6242282e-05 0.0042193234 9.7602324e-08 0.11158713 0.015026501 6.4421656e-05 0.002573961 0.625863 1.1201737e-07 0.41104764 0.6492437 2.600316e-06 1.6899035e-06 1.0727731e-05 0.044019412 0.019623572 0.068631105 0.30141902 0.27923983 0.00026104314 7.7832574e-08 8.986517e-06
0.003070181 0.013564558 0.0010122099 0.00012354062 5.5267916e-05 0.03616374 0.00077524234 0.2290861 0.017879946 0.067095056 2.4538183e-05 0.23929672 0.45195132 0.033361 0.0016858567 0.18007717 8.340242e-05 0.2877253 0.0061226375 0.58932537 0.43025655 0.14688987 1.0161864e-06 3.906065e-06 0.8631607 4.4765748e-06 1.5811902e-05 1.0347132e-19 7.9354184e-05 0.81217366 0.43108657 0.1128121 0.7749067 0.00018929956 0.24803662 0.6353973 0.013946153 7.753499e-06 0.0018940936 0.015691938 1.1417803e-05 0.028955821 0.031710558 0.011556316 3.4837476e-06 0.55092907 0.21432187 0.0008419262 0.002622811 9.9031575e-05 4.655277e-05 6.594214e-05 0.0028841582 0.0014780181 0.0007276739 0.0018009624 0.0002912777 3.7007972e-05 0.00034403056 0.00014205844 0.0002724157 0.00015229691 5.6289977e-05 2.1283695e-05 1.2206791e-06 1.6242493e-05 0.0003102966 9.940827e-05 0.0023675945 0.00166637 1.3234731e-05 2.3835311e-05 8.900869e-07 2.8395675e-07 7.241775e-05 0.0033474055 2.6320242e-06 1.0452176e-05 3.9262082e-05 0.010429474 0.0027106977 8.234043e-06 7.4711297e-06 2.9733621e-07 0.00033354634 0.0001246046 7.784673e-05 2.4518698e-05 0.00014018439 2.338533e-05 0.00011564623 0.0023239378 0.00023266175 2.714328e-06 8.155493e-06 0.0034681282 4.5321412e-05 1.5085368e-06 0.0007152892 4.953463e-06 0.000596289
0.93495095 0.2187037 0.1596711 0.025325568 0.13253343 0.026460625 0.45545474 0.01518223 0.014730131 0.06745859 0.75943035 0.008414353 0.0067663416 0.00077797344 6.276463e-05 0.1024497 0.24417393 0.0066024708 0.54303515 0.00088111515 0.000100397505 0.010144223 0.00017014124 0.0010411794 0.00032593225 1.7976812e-05 0.1757606 7.9354184e-05 2.593055e-19 3.9912942e-05 0.0003305491 0.008970086 0.000113621725 0.0012994298 0.0035785565 5.7022742e-05 0.017490793 0.9345561 0.53653103 0.010970189 1.9339404e-05 5.259392e-07 6.67938e-07 0.000101002035 0.0546261 9.876389e-07 2.6450449e-05 4.3026444e-07 5.741892e-07 0.00020624115 0.0022827038 0.83579683 0.0033193368 0.0009552368 9.393291e-08 0.011514095 2.326411e-06 0.009546563 0.6794154 6.9451617e-06 7.2801477e-06 0.0007130002 0.012140276 0.00088565727 0.000101545986 4.7262798e-08 6.09543e-05 4.6001983e-07 0.32258272 0.4301053 0.0057057748 0.0074828356 8.025701e-06 0.00033550823 0.0012445218 9.726665e-09 0.0046292366 3.1730067e-07 0.0010014835 2.0344353e-06 0.027954094 4.9168882e-08 0.39217687 6.931237e-05 0.0011179529 0.00031222161 0.061083246 8.447152e-07 0.5096805 0.13450895 1.1928007e-07 4.305185e-07 0.00017453101 0.0017404152 0.00032310482 0.17903347 0.025460696 0.012816092 0.0041587288 6.608199e-08 2.4993795e-07
0.008035263 0.0032101078 0.00021055693 6.52844e-06 2.5018626e-05 0.02730249 0.0004212864 0.09715876 0.007887655 0.05989552 3.1258733e-05 0.20861915 0.39544833 0.010353548 0.00018212228 0.20290321 1.8916753e-05 0.3242456 0.00726858 0.70263654 0.14238416 0.23105861 1.4779413e-07 1.0047011e-06 0.7245023 8.333514e-07 1.3229103e-05 0.81217366 3.9912942e-05 1.1367346e-20 0.58371025 0.22415504 0.6255651 6.0538925e-05 0.41023365 0.8099454 0.027646232 4.9359587e-06 0.002446337 0.028084567 1.3260359e-06 0.083788365 0.10570551 0.038468953 1.479932e-06 0.53999156 0.052106112 0.003661088 0.014944733 7.593992e-05 7.3139854e-05 0.00013665094 0.0070972727 0.0037515755 0.006031709 0.0047853827 0.0017412446 3.250009e-05 0.00055468327 0.0006373774 0.0006645154 0.00010495331 4.2474956e-05 9.600379e-06 2.2603908e-07 0.00012336897 0.00073458935 0.0005851926 0.0049322587 0.0031215653 9.559157e-06 1.8353276e-05 3.8026215e-07 4.549515e-07 4.7229532e-05 0.009477828 2.4150324e-06 3.3758126e-05 3.5294735e-05 0.0038072634 0.006268672 4.9659906e-05 6.722802e-06 2.5171622e-07 0.0007916718 6.3086045e-05 6.294722e-05 8.9518944e-05 0.00023502632 2.4692388e-05 0.0007514999 0.00080133387 0.0006210106 2.719658e-06 6.8136624e-06 0.0070503633 5.6971538e-05 6.872279e-06 0.001247157 8.262496e-06 0.0018911307
0.035800193 0.0029082387 0.000120415316 9.996981e-06 4.893026e-05 0.004466275 0.00026652397 0.012427327 0.0013149685 0.0526412 0.0007281804 0.15801007 0.45169547 0.0016967508 2.6740297e-05 0.4839977 0.00013481891 0.69287175 0.017570065 0.8768798 0.023372123 0.15538499 6.923391e-08 2.4879018e-06 0.1956925 2.2011685e-07 7.321677e-05 0.43108657 0.0003305491 0.58371025 5.897504e-21 0.35789225 0.20375985 2.5435754e-06 0.8133417 0.9273311 0.1262488 4.1803956e-05 0.0036614197 0.0741353 4.8949016e-07 0.5531354 0.44823238 0.1354955 3.32969e-07 0.18975013 0.009266719 0.13070291 0.097639404 2.5097734e-06 4.339359e-06 0.0018182041 0.00893973 0.014645464 0.1268756 0.023541586 0.014734316 2.039698e-06 0.0047214786 0.0076127336 0.0038551374 1.0416581e-05 1.1695921e-06 6.0538487e-06 6.892616e-07 0.0027263206 0.0047777263 0.006325211 0.01923825 0.013608439 7.652396e-06 1.7256587e-05 1.4805858e-06 2.6642854e-07 2.0504992e-06 0.006038241 1.8706149e-06 0.00022535388 4.7308458e-07 0.0015109286 0.014458765 0.00026696615 1.6609035e-07 4.3945872e-07 0.001979608 2.027802e-05 1.4462984e-05 0.0004534383 7.544581e-05 6.2783934e-06 0.0014307019 0.00019710303 0.0011030342 5.5252633e-07 1.7297045e-06 0.023561 2.6624582e-06 1.9879124e-06 0.0025786662 2.2298951e-05 0.00076476135
