1.874847e-33 0.6463389 0.763767 0.8652833 0.8979777 0.22157817 0.8372413 0.78181267 0.7618418 0.060280886 0.8718634 0.7452893 0.042938247 0.07922338 0.27792686 0.72105414 0.21616256 0.03182048 0.4491062 0.12527783 0.6927758 0.7736559 0.06704358 0.6559255 0.91590214 0.84054863 0.9633064 0.7515256 0.0043185246 0.902542 0.08705821 0.62008095 0.024327993 0.75911874 0.017899832 0.10117138 0.5923579 0.002188454 0.34849006 0.0022732073 0.0028651939 0.9723745 0.75317115 0.0018211941 0.0054892367 0.010519844 0.0021760587 0.041688625 0.9943787 0.0015614348 0.9944655 0.00045386792 0.4944747 0.0022757114 0.0029044305 0.015173768 0.99907225 0.9589566 0.0037619474 0.99798393 0.99479556 0.5592523 0.010386991 0.011927514 0.0012801621 0.14746854 0.0035996188 0.0002502458 0.00016255131 0.0007920653 0.0021080577 0.0067252326 0.000114372066 0.36677733 0.00018965101 0.24703822 0.00095479866 0.0023282259 0.0010161801 0.9351326 0.0027212773 0.18957475 0.0011708991 0.0057508987 0.00025676723 0.9913474 0.9597132 0.00033027877 0.9790645 0.26126018 0.00012073798 4.826552e-05 0.00014537983 0.99650586 0.0005898883 1.0138231e-05 3.3665353e-06 0.00039132484 1.4728982e-07 1.132318e-05 3.483753e-05
0.6463389 1.5298545e-19 0.70877886 0.6767352 0.23862962 0.29479924 0.18092969 0.38578063 0.1706539 0.30442914 0.43587515 0.046290606 0.20912549 0.06889415 0.054996997 0.108584404 0.20211677 0.07008354 0.16375151 0.13557275 0.15768676 0.043951456 0.08980666 0.11023899 0.1963806 0.061412122 0.2080607 0.19061305 0.071867645 0.13314368 0.020527607 0.043421894 0.059440803 0.016621651 0.026164018 0.03526262 0.005659955 0.010692407 0.0026960257 0.02933238 0.025140852 0.027961994 0.013617817 0.002551013 0.013531805 0.0034308075 0.0058824513 0.024523113 0.2655779 0.0018887048 0.0030525452 0.0056139063 0.006155732 0.0013436222 0.0056139436 0.00040311064 0.076935865 0.0066480134 0.0006036425 0.048520032 0.090289496 0.00057735253 0.000118901946 0.00022470191 0.0035796538 2.19671e-05 0.0006545547 0.00035404757 0.00063172285 0.001737581 0.0001414586 9.079159e-05 0.00010750688 0.0012960808 0.00021336015 1.4147269e-05 0.000116673036 4.2401818e-05 5.0274422e-05 0.0005941348 3.923192e-05 0.00031522423 3.8584178e-05 1.2434717e-05 0.00013770143 0.008565562 3.546594e-05 2.8972845e-06 0.007547254 0.00010737583 9.216178e-06 3.931411e-06 9.003072e-06 0.0063987295 3.863357e-06 3.746125e-05 2.6280513e-06 8.9138405e-07 8.5468304e-07 2.0026459e-08 4.694494e-06
0.763767 0.70877886 1.1035367e-19 0.2333289 0.14599478 0.3769864 0.5420033 0.16563481 0.08140129 0.1208512 0.7194394 0.11533154 0.15908754 0.111891404 0.09602666 0.07058617 0.13058364 0.07808117 0.23631701 0.11132685 0.10486278 0.07409461 0.04665526 0.18971154 0.449531 0.041073855 0.22385618 0.16748212 0.06288042 0.31177327 0.041089073 0.043900285 0.05267907 0.05376323 0.038523737 0.030027168 0.0061352043 0.011459655 0.0041049095 0.024947632 0.025917286 0.0921244 0.008579248 0.0027871153 0.020099945 0.0044262535 0.005172641 0.07685062 0.48265857 0.0017430024 0.002758013 0.0037108294 0.022529244 0.000487122 0.0009245096 0.0012268753 0.08273696 0.020561159 0.0005415582 0.18779983 0.14321323 0.00063633826 0.0008539043 0.00022944536 0.000950943 0.000234102 0.0006214203 0.00013367408 0.0003101978 0.00027130835 0.00010670953 0.0003759263 3.4509932e-05 0.00070580415 0.000114857605 0.0001035735 0.00014580721 0.00018166675 2.4693285e-05 0.0009911004 0.00022292075 0.004227062 4.602437e-05 3.3797747e-05 0.00016788807 0.031287014 4.5134344e-05 5.7759587e-07 0.041810255 0.0009858055 3.214393e-06 3.6940678e-06 2.5633954e-06 0.026992416 1.6706734e-05 4.811519e-05 1.083202e-06 9.164331e-07 5.737939e-07 2.6730655e-09 3.6948604e-06
0.8652833 0.6767352 0.2333289 2.5517365e-17 0.69623893 0.13415599 0.10644513 0.6641776 0.5811787 0.38622436 0.15494363 0.019703494 0.2891999 0.065989494 0.014683158 0.1262942 0.32046938 0.06085243 0.03814191 0.2930084 0.2678599 0.027608795 0.1513742 0.029699292 0.05658775 0.08335897 0.09561711 0.0640677 0.05590063 0.06932831 0.010784454 0.0550951 0.14277457 0.008349542 0.029482922 0.054337215 0.009755931 0.013967816 0.0034949607 0.039928377 0.06437693 0.007048024 0.007778106 0.0034778675 0.016857509 0.00212433 0.013687932 0.0040025106 0.097947024 0.0053356397 0.0038120043 0.010331828 0.0018204711 0.009968226 0.0032595245 0.00024207328 0.044508785 0.0015619136 0.00086518517 0.022110242 0.028378375 0.0009208403 1.5961577e-05 6.0306702e-05 0.00076035474 7.1045683e-06 0.00019943457 0.0018832191 0.0014179038 0.0028086307 2.9894125e-05 1.845516e-05 0.00031028685 0.0009998826 3.1674586e-05 4.156395e-06 7.130937e-05 1.3194819e-05 1.2475341e-05 0.00113553 5.2686614e-06 4.8096517e-05 3.1749667e-06 2.7625497e-06 0.00014197326 0.003705106 0.000111551766 2.026291e-06 0.0032288614 7.966306e-06 2.4776082e-05 2.9150848e-05 1.206967e-05 0.0027340343 1.1434873e-06 1.5969783e-05 3.2857222e-06 5.040169e-07 3.1484778e-06 1.5716242e-07 3.1111115e-06
0.8979777 0.23862962 0.14599478 0.69623893 1.0347276e-14 0.06711168 0.04383747 0.42003307 0.67762226 0.47708398 0.19387235 0.007118014 0.22025345 0.041663248 0.006410884 0.30630377 0.35449985 0.044751804 0.015107637 0.24242339 0.3355189 0.0116110705 0.18086323 0.02229944 0.050803475 0.19116478 0.17381375 0.10996017 0.020236487 0.036998015 0.0033052594 0.13607447 0.13204278 0.0022343465 0.013274259 0.068248466 0.054781355 0.0056710658 0.011089445 0.03452599 0.042286772 0.003641364 0.018733578 0.0015795522 0.006865457 0.00047302808 0.005401285 0.0011987989 0.09014614 0.0019380393 0.0058511915 0.009307967 0.0010796555 0.004319182 0.0071344366 4.17714e-05 0.078159675 0.0010668115 0.00012525643 0.01598217 0.046552006 0.003278558 2.5165264e-05 0.0006843786 0.0015948612 5.276486e-06 0.0013115318 0.0015824401 0.0018204666 0.004175862 2.3594312e-05 1.02617205e-05 0.00051767315 0.002863817 0.000118423486 2.429702e-06 2.102847e-05 4.349144e-06 3.2282976e-06 0.0017945964 3.5881758e-06 2.8867502e-05 7.109878e-07 5.5028187e-07 5.3598058e-05 0.0021716224 0.00021496527 4.6258685e-07 0.002200196 5.539693e-07 7.2791127e-06 2.824543e-05 4.432619e-06 0.0023718886 1.8385947e-05 3.278584e-05 2.1460783e-06 1.9770098e-07 8.8766285e-08 5.022928e-07 5.154165e-05
0.22157817 0.29479924 0.3769864 0.13415599 0.06711168 1.082728e-21 0.69579995 0.48463506 0.03438643 0.059509944 0.1736775 0.15131664 0.17352726 0.49276364 0.10301267 0.012086409 0.06407531 0.30672437 0.13222697 0.2674688 0.038262684 0.081563756 0.025523707 0.08012852 0.08839454 0.007277836 0.059420552 0.03450105 0.12690246 0.124195576 0.032353118 0.00783686 0.15462379 0.02648851 0.03726956 0.009057738 0.0009951077 0.020109594 0.00023320735 0.03534321 0.039557017 0.027863435 0.0013858582 0.0049884426 0.03772656 0.0030844247 0.012959585 0.012063923 0.07883615 0.003864172 0.0008127794 0.01208468 0.0039790203 0.006623756 0.0004976651 0.00047517367 0.010774918 0.0065240404 0.000621244 0.027546814 0.013450709 8.300836e-05 8.140105e-05 2.8051774e-05 0.0010924238 3.4812125e-05 0.00023197361 0.00086981896 0.0017195934 0.0008899189 5.939133e-05 4.2432275e-05 0.00021980713 9.494328e-05 7.5881355e-05 1.2203935e-05 5.9507325e-05 9.11356e-06 9.115707e-06 7.333444e-05 1.2828483e-05 0.000111817826 2.669875e-06 2.3726122e-06 6.10924e-05 0.0028849503 9.804491e-06 2.9245385e-07 0.003888083 2.1345755e-05 3.3006527e-06 5.1731513e-06 2.2845845e-06 0.0020558005 4.2014463e-07 1.3910865e-05 6.5294023e-07 7.5865465e-08 5.38991e-07 5.1412606e-08 8.763885e-07
0.8372413 0.18092969 0.5420033 0.10644513 0.04383747 0.69579995 4.338494e-19 0.30691323 0.03204088 0.054374423 0.19537003 0.72521734 0.13862276 0.5442545 0.43377402 0.0072085084 0.07980334 0.37342283 0.18273719 0.28568682 0.033590652 0.19912721 0.031807408 0.12568623 0.13290001 0.00823955 0.080967486 0.036512274 0.14793876 0.35093558 0.04641745 0.005711374 0.28863645 0.032122493 0.06073614 0.00682677 0.0005753386 0.035993706 0.0001644155 0.036111087 0.09246969 0.050472848 0.0012585531 0.007994359 0.060132764 0.0054131453 0.020583933 0.013149183 0.19277132 0.0073975553 0.00035726448 0.01373483 0.005323561 0.01071391 0.00094216515 0.000996192 0.020857561 0.009869547 0.0014274087 0.07005505 0.0425707 3.2510758e-05 0.00018829289 1.5285996e-05 0.0006710756 6.305826e-05 6.324477e-05 0.0033922992 0.0026988452 0.0020088705 5.9036633e-05 0.00014261907 0.00068682566 6.533719e-05 1.7741759e-05 6.1135383e-06 8.402481e-05 5.6418717e-06 7.89253e-06 4.7071477e-05 5.07959e-06 0.00012752498 1.4215085e-06 3.1143857e-06 8.1984734e-05 0.00603483 1.0174447e-05 7.0749695e-07 0.0055844677 8.878509e-06 7.0729297e-06 6.4036585e-06 4.9985597e-06 0.005838836 8.601735e-08 3.1038762e-05 6.1143073e-06 1.3906009e-07 3.067786e-06 3.8226304e-07 7.246521e-07
0.78181267 0.38578063 0.16563481 0.6641776 0.42003307 0.48463506 0.30691323 1.754477e-17 0.49781904 0.28767416 0.09784543 0.08890681 0.6624514 0.30219308 0.04646174 0.05908718 0.5337725 0.2754296 0.04776963 0.67514795 0.3093602 0.16679567 0.17789136 0.038019773 0.052821126 0.03692704 0.05412301 0.032992903 0.18923235 0.098811 0.028067956 0.04442895 0.5130849 0.027332434 0.11117773 0.061123833 0.0072656036 0.04123269 0.002260378 0.09414388 0.22523703 0.019038228 0.005413393 0.012125374 0.090327285 0.0075202263 0.06333991 0.007954081 0.06294133 0.03667772 0.00523652 0.03752473 0.0048087 0.06330692 0.0044538337 0.0012368558 0.017691217 0.0065642665 0.0061367666 0.0354064 0.014503814 0.0012579153 0.00017476502 0.00017341442 0.0022274172 0.00016813146 0.0005681739 0.0062036803 0.012622054 0.004013373 0.00017863956 8.6697415e-05 0.0086777415 0.0013579729 0.00010730285 8.2111495e-05 0.00021968372 8.564153e-05 8.059269e-05 0.0018393208 3.3001474e-05 0.00040356728 4.4095163e-05 3.11057e-05 0.00045333864 0.00383309 0.00019258284 1.6000395e-05 0.0048335698 8.172471e-05 0.000111726586 7.1688824e-05 7.059355e-05 0.0023353763 1.726756e-06 0.00016362964 3.994116e-05 7.614736e-06 2.7758615e-05 2.7287692e-06 1.7494904e-05
0.7618418 0.1706539 0.08140129 0.5811787 0.67762226 0.03438643 0.03204088 0.49781904 1.0415613e-17 0.66602117 0.10894638 0.0069508045 0.3271422 0.022715049 0.0064846426 0.2223942 0.5058795 0.036667857 0.019053029 0.2753078 0.47332504 0.010796338 0.28971347 0.01815174 0.033046965 0.13393897 0.07358634 0.0611516 0.053441174 0.033829417 0.006259669 0.11447117 0.13721614 0.0027191814 0.023231965 0.098249696 0.037587952 0.011230891 0.010546784 0.06989729 0.07210599 0.0028125723 0.015061164 0.0034629398 0.02650967 0.0016868571 0.017699022 0.002198384 0.045578875 0.007718003 0.010280435 0.01632231 0.0011854523 0.021148488 0.013516445 0.0001931442 0.042369165 0.0006107435 0.001731767 0.007616564 0.017267635 0.0025721032 3.506228e-05 0.00062477915 0.0048512267 8.4766925e-06 0.0015321103 0.0032846793 0.0038445487 0.0053508556 9.956198e-05 3.4967547e-05 0.0022209848 0.0032728266 0.00014252892 4.8623683e-06 0.00014616043 2.2098176e-05 2.1896427e-05 0.00412817 9.454486e-06 2.143995e-05 4.4409167e-06 3.0944932e-06 0.00029812544 0.0028034113 0.0002562662 5.9222575e-06 0.0025841128 2.4323726e-06 2.36468e-05 5.384233e-05 1.3120546e-05 0.0015573065 1.2760423e-05 4.997904e-05 9.838614e-06 7.439933e-07 7.7074355e-06 1.1815126e-06 1.8935978e-05
0.060280886 0.30442914 0.1208512 0.38622436 0.47708398 0.059509944 0.054374423 0.28767416 0.66602117 1.9461254e-22 0.22005187 0.014651414 0.23425 0.019018851 0.011121515 0.25654814 0.38948673 0.015335672 0.032594215 0.14073811 0.43471035 0.013389175 0.2535321 0.043327115 0.09492428 0.07603071 0.12997998 0.12688267 0.01710255 0.052325744 0.0016143875 0.22497551 0.04126317 0.004861154 0.007934201 0.13977186 0.08574597 0.0010416547 0.028032709 0.046120927 0.017575577 0.006777727 0.032248683 0.00016597753 0.008195742 0.00042485748 0.0012066467 0.00070629944 0.06583295 0.0002979779 0.015240777 0.0023108653 0.00048206613 0.00031686417 0.03260567 0.00012404296 0.03965705 0.0007842266 6.5912216e-05 0.007611858 0.021717153 0.0047549014 6.0047846e-06 0.0010345153 0.0039039971 5.380653e-06 0.0020913866 1.2945299e-05 0.00019218361 0.0011747014 1.5809612e-05 3.7555521e-06 2.4822695e-05 0.004242198 0.00019801507 1.7324126e-05 5.4973716e-06 2.0430474e-05 4.193259e-06 0.0036262872 1.6134392e-05 7.814374e-05 1.24195e-05 1.719441e-05 3.3635413e-06 0.0020385224 0.00023526246 2.3158158e-07 0.0028737865 1.6908456e-05 1.4021847e-06 2.3581177e-07 1.5345962e-06 0.0013552165 4.627859e-05 1.245145e-05 1.3491722e-07 4.3368738e-07 3.7768114e-08 1.0617887e-09 2.9444807e-05
0.8718634 0.43587515 0.7194394 0.15494363 0.19387235 0.1736775 0.19537003 0.09784543 0.10894638 0.22005187 1.1802032e-17 0.1556068 0.1165077 0.0910862 0.10540382 0.11238433 0.1484224 0.06332798 0.30290845 0.0616813 0.2041096 0.054519456 0.061874207 0.13603368 0.3106636 0.059466965 0.7902425 0.26522323 0.028863542 0.099049784 0.053465124 0.11240977 0.02805456 0.08916686 0.028354082 0.070707686 0.045799043 0.010418728 0.025042884 0.021663064 0.015688421 0.059927583 0.042306922 0.005493958 0.013126449 0.013302279 0.006405843 0.15205793 0.31997767 0.0032439958 0.0047207153 0.0035156433 0.04232173 0.0014526993 0.005456993 0.004227393 0.18380472 0.020538503 0.0020115296 0.15130895 0.4195832 0.0054846345 0.0044226795 0.006793291 0.006636633 0.0018136064 0.0060316795 0.0004010959 0.00046097973 0.0020037133 0.0015357434 0.0035692719 9.4588286e-05 0.009252925 0.0036945315 0.0019444448 0.0007784387 0.0032575838 0.00060797756 0.0039846464 0.005756147 0.017013013 0.00085549324 0.0010031112 0.00066624174 0.11397674 0.0006905292 1.5653986e-05 0.09243825 0.006122807 0.00014478847 2.4956973e-05 0.00015199235 0.14603779 0.0007858938 0.00080869853 3.672206e-06 2.8255452e-05 3.928259e-06 2.0036124e-08 0.00019658095
0.7452893 0.046290606 0.11533154 0.019703494 0.007118014 0.15131664 0.72521734 0.08890681 0.0069508045 0.014651414 0.1556068 1.6226244e-19 0.043147914 0.30394506 0.751916 0.0027204172 0.025086857 0.19078441 0.8079484 0.121881194 0.011226004 0.4688687 0.010335042 0.17603514 0.08935482 0.0037311807 0.06304263 0.027744187 0.08383822 0.34381062 0.08556192 0.0016773788 0.16292787 0.09965257 0.0888866 0.0032909894 9.249043e-05 0.04081933 5.271132e-05 0.019498574 0.06454636 0.12813629 0.0007546811 0.015676418 0.08197823 0.014516531 0.021938894 0.022775885 0.19704029 0.009750415 7.6823795e-05 0.011604313 0.014937402 0.018723452 0.0008986436 0.0023317665 0.019848596 0.03475513 0.003991519 0.10491408 0.04711763 2.638146e-06 0.0012107312 1.0273608e-05 0.0013403561 0.00026114646 2.5700178e-05 0.0044162753 0.0025280775 0.0010153676 0.0003240735 0.00089694955 0.0014901652 6.6832865e-05 2.2467908e-05 6.4095766e-05 0.00026485373 2.4973402e-05 4.3669595e-05 2.2657863e-05 8.112221e-05 0.000946213 2.8627355e-06 1.1531522e-05 0.0001872266 0.012236188 8.024028e-07 4.021177e-06 0.011644494 7.474369e-05 1.1811787e-05 9.0031845e-06 7.5660632e-06 0.008861046 3.4781723e-07 7.6547425e-05 8.025602e-06 1.1852538e-06 2.9933249e-06 2.9148941e-06 4.244976e-07
0.042938247 0.20912549 0.15908754 0.2891999 0.22025345 0.17352726 0.13862276 0.6624514 0.3271422 0.23425 0.1165077 0.043147914 4.0460772e-21 0.09746422 0.051254906 0.09084621 0.5615837 0.13342597 0.08417226 0.68322796 0.32218868 0.08259205 0.192366 0.060629003 0.063202076 0.034027066 0.043583438 0.04671708 0.20590073 0.068895966 0.011945283 0.048060093 0.2709672 0.017777853 0.055552363 0.06964146 0.014566497 0.017683718 0.0029482124 0.14861442 0.098627344 0.012364907 0.0064302124 0.0036096135 0.057558224 0.0016793634 0.035562877 0.006655882 0.031518735 0.009926755 0.004499075 0.029777788 0.00456083 0.024690662 0.006424901 0.0003392707 0.011347747 0.004193977 0.00029270985 0.0026013246 0.0067265765 0.0014642006 7.550224e-05 0.00042834182 0.0043328768 3.219724e-05 0.001295264 0.0018435443 0.0067218537 0.0031943526 5.9007478e-05 3.3741162e-05 0.0054447926 0.0013363757 0.00019893973 2.720072e-05 2.8951841e-05 2.009981e-05 3.441255e-05 0.000947429 1.7795915e-05 0.00016245786 1.6837928e-05 9.955024e-06 6.79409e-05 0.0010786768 9.037064e-05 2.1760898e-06 0.003246198 3.3634948e-05 6.936451e-06 1.8245971e-06 7.156065e-06 0.00037480245 1.0461599e-05 0.00020479548 6.525521e-06 1.3215327e-06 1.0486928e-06 7.716475e-08 3.1097483e-05
0.07922338 0.06889415 0.111891404 0.065989494 0.041663248 0.49276364 0.5442545 0.30219308 0.022715049 0.019018851 0.0910862 0.30394506 0.09746422 4.4453864e-23 0.30947518 0.011660278 0.045240857 0.7007254 0.16652079 0.31383005 0.025861837 0.4391076 0.014193428 0.08222973 0.06282305 0.008419543 0.027780062 0.02102051 0.2627951 0.11930157 0.07643591 0.005907395 0.245154 0.04658227 0.0979669 0.005089126 0.0016380309 0.05439753 0.00035933277 0.041822005 0.07276258 0.039371558 0.0011486248 0.018287294 0.11541502 0.012135085 0.039438855 0.018604755 0.04739731 0.0212007 0.0004325117 0.021705193 0.010155365 0.03770473 0.0004505337 0.0016577473 0.003935855 0.018124359 0.003754054 0.009686173 0.0078030066 7.3246585e-05 0.0003385325 3.7591766e-05 0.0011769666 0.00011533289 0.00019223256 0.007769765 0.0072937305 0.001648035 0.0002824216 0.00022196273 0.0046591945 6.1691695e-05 0.00019130844 5.8526562e-05 8.7705484e-05 8.756245e-06 2.2282837e-05 6.778558e-05 2.81127e-05 0.00031894364 3.0559427e-06 4.866432e-06 0.00052594824 0.0019271064 1.4131021e-05 7.784353e-07 0.0033876617 7.436543e-05 8.777908e-06 1.3410547e-05 6.1024525e-06 0.0012466012 4.265274e-07 8.593246e-05 6.9830644e-06 2.4548623e-07 2.167335e-06 4.3097526e-07 1.5561114e-06
0.27792686 0.054996997 0.09602666 0.014683158 0.006410884 0.10301267 0.43377402 0.04646174 0.0064846426 0.011121515 0.10540382 0.751916 0.051254906 0.30947518 9.562589e-22 0.002677683 0.030985912 0.20728266 0.5996754 0.078446545 0.010161018 0.4932575 0.010179999 0.107011706 0.06876068 0.002597877 0.040701237 0.025169186 0.118321806 0.106012285 0.21766408 0.000968608 0.07663251 0.12538962 0.11943654 0.0015519958 6.663996e-05 0.072370306 2.9378782e-05 0.02137334 0.03268256 0.09770059 0.0005646991 0.03564533 0.0947593 0.04432563 0.0362264 0.042942636 0.1035362 0.018254912 4.068595e-05 0.012541654 0.0220887 0.019872054 0.000204284 0.005910393 0.006240869 0.037542045 0.009211953 0.04534495 0.015774243 2.5437937e-06 0.0028769043 3.1910215e-06 0.00042951136 0.00071942434 0.000103313454 0.0046542357 0.0021051306 0.0011683838 0.0006479561 0.0011795487 0.0008178256 7.271693e-05 5.834289e-05 0.00013484719 0.0004955408 0.00010343757 9.4544266e-05 1.767709e-05 0.00015887003 0.0016937443 1.2629561e-05 2.0186078e-05 0.00046118553 0.0070223305 3.3628663e-07 5.1045167e-06 0.0077141654 0.00016574597 8.715032e-06 3.4147e-05 1.0894143e-05 0.004579047 3.892141e-07 4.9671085e-05 7.5596654e-06 6.145094e-07 8.171593e-06 2.8220834e-06 2.9215695e-07
0.72105414 0.108584404 0.07058617 0.1262942 0.30630377 0.012086409 0.0072085084 0.05908718 0.2223942 0.25654814 0.11238433 0.0027204172 0.09084621 0.011660278 0.002677683 1.1941663e-15 0.26931357 0.011937528 0.010562391 0.03969767 0.47602987 0.0027529085 0.18022582 0.014439149 0.025689863 0.8346054 0.10063284 0.25969103 0.010373503 0.01256543 0.0027714784 0.43633047 0.009335863 0.0013836006 0.001797144 0.30184773 0.3318006 0.0031042548 0.2068148 0.009401788 0.0034112663 0.0010693442 0.22145571 0.0006192279 0.0009383761 0.00031882993 0.00021995498 0.002763468 0.032667086 0.00013650181 0.066921815 0.00090239005 0.00032716364 0.000116066534 0.074738935 1.9396884e-05 0.19523261 7.1160925e-05 4.799521e-05 0.0023403417 0.10591412 0.021255786 7.9349644e-05 0.020535082 0.040987335 1.3444205e-06 0.011537144 5.7255587e-05 1.9719333e-05 0.0017360563 6.3215502e-06 1.7158503e-05 4.596399e-06 0.02272449 0.00052639656 2.7381785e-07 2.6894284e-05 2.3615553e-06 2.2930842e-06 0.016834429 3.3240344e-06 2.0821435e-05 8.774381e-07 1.0821096e-06 2.0013065e-05 0.00604395 0.0047107292 1.5353082e-07 0.0024940786 8.734156e-07 8.7380556e-07 3.6598678e-06 5.7647935e-07 0.0039085452 0.0007460528 5.5821647e-06 2.2635425e-07 1.4016065e-07 1.0392231e-07 1.8585258e-07 6.819634e-05
0.21616256 0.20211677 0.13058364 0.32046938 0.35449985 0.06407531 0.07980334 0.5337725 0.5058795 0.38948673 0.1484224 0.025086857 0.5615837 0.045240857 0.030985912 0.26931357 4.0513455e-20 0.059675653 0.043778457 0.46066186 0.6086809 0.05957367 0.49474138 0.05006225 0.055893745 0.10707025 0.0853224 0.11008267 0.1068162 0.062350642 0.004618662 0.20542595 0.18598889 0.007957795 0.023517668 0.28562096 0.06382853 0.0118425125 0.026833894 0.18354927 0.0906684 0.0070594526 0.028982036 0.0015734705 0.051702242 0.00063687767 0.024863092 0.004869557 0.03810587 0.0064074867 0.024679571 0.030115593 0.002636789 0.032456037 0.03911484 0.00012785058 0.03226656 0.0013594492 0.00022607586 0.0021997218 0.012818975 0.0055483407 3.4259043e-05 0.0033975702 0.015719017 1.3062779e-05 0.00454796 0.0025902293 0.010002656 0.0142698875 6.4770764e-05 5.8415426e-05 0.010544035 0.0068089026 0.001180315 7.731347e-06 5.5277083e-05 1.1681537e-05 2.8807e-05 0.008048009 1.8418377e-05 4.013153e-05 4.3159944e-06 5.111917e-06 0.00013001735 0.0020894627 0.0005961096 2.0765165e-06 0.0034462097 1.1106585e-05 7.3079445e-06 1.0082511e-05 5.904387e-06 0.00038566353 7.037361e-05 0.0006481269 7.7946504e-05 8.466226e-07 2.1649605e-05 5.7526836e-07 0.00012750612
0.03182048 0.07008354 0.07808117 0.06085243 0.044751804 0.30672437 0.37342283 0.2754296 0.036667857 0.015335672 0.06332798 0.19078441 0.13342597 0.7007254 0.20728266 0.011937528 0.059675653 4.103132e-23 0.13487627 0.3917399 0.03591949 0.36258674 0.010991925 0.0738824 0.04768063 0.007819283 0.01784945 0.018811308 0.41109192 0.070990644 0.105215974 0.005148045 0.27979475 0.047676582 0.1478246 0.005659018 0.0034792807 0.07911894 0.0004897192 0.045354243 0.082265146 0.029388675 0.0011201246 0.029037362 0.13854001 0.017727306 0.06921528 0.02121844 0.028602405 0.035923425 0.00088568346 0.025611352 0.01013152 0.049237087 0.00032853932 0.0022899003 0.0036239522 0.01598086 0.0054941173 0.004829635 0.0039426903 0.00013643022 0.0005033802 5.818397e-05 0.00082919316 0.00019317275 0.00048061786 0.00791482 0.006937427 0.0015315963 0.00035700534 0.00022551748 0.004886502 0.00021814299 0.00023301704 0.00013786423 7.143583e-05 2.4799461e-05 3.9765488e-05 0.00011077026 7.298907e-05 0.0004933813 7.716924e-06 9.190365e-06 0.0006557093 0.0011149604 1.8431205e-05 1.297785e-06 0.0028740044 9.5999065e-05 2.0745878e-05 2.5698291e-05 2.3002649e-05 0.00043398433 2.0013038e-06 0.00017670389 1.5106858e-05 2.199903e-07 1.4498964e-06 1.0435069e-06 7.91051e-06
0.4491062 0.16375151 0.23631701 0.03814191 0.015107637 0.13222697 0.18273719 0.04776963 0.019053029 0.032594215 0.30290845 0.8079484 0.08417226 0.16652079 0.5996754 0.010562391 0.043778457 0.13487627 3.0571699e-21 0.08224575 0.02368096 0.20146891 0.0099845 0.7406418 0.18876834 0.006811474 0.11945695 0.111317895 0.11772141 0.21295951 0.29897016 0.0074462523 0.05380699 0.4298847 0.1473402 0.007905982 0.00041176935 0.06673349 0.00023454693 0.0068529337 0.02336205 0.48365355 0.0011593312 0.022758689 0.07203884 0.067896836 0.018357158 0.2837404 0.27242053 0.006441696 2.7393751e-05 0.0038465527 0.112921365 0.0061488086 9.9722e-05 0.021171797 0.02591666 0.12141825 0.006310239 0.15763849 0.113967024 1.744246e-05 0.024255486 4.1341915e-05 0.00012019732 0.014167887 0.0008881893 0.00042332607 0.0003749331 0.00019367781 0.0009298304 0.017184569 0.0001011832 0.00024418999 0.00014442344 0.003273086 0.000538122 0.0008852742 7.377187e-05 5.359755e-05 0.0025860579 0.048937272 7.843963e-05 0.00027254096 0.00034259405 0.04843513 3.05157e-07 7.595208e-07 0.047394328 0.015876211 7.799896e-06 2.0703521e-05 9.466847e-06 0.0651384 1.6463915e-05 0.0002823241 1.5206101e-05 1.3340447e-06 3.09285e-06 2.7965136e-08 3.2234059e-06
0.12527783 0.13557275 0.11132685 0.2930084 0.24242339 0.2674688 0.28568682 0.67514795 0.2753078 0.14073811 0.0616813 0.121881194 0.68322796 0.31383005 0.078446545 0.03969767 0.46066186 0.3917399 0.08224575 5.904035e-20 0.25734955 0.22866954 0.15068664 0.052553147 0.035029527 0.016053325 0.026376916 0.025225665 0.52493685 0.06945094 0.039590936 0.03398339 0.6500318 0.02333399 0.16323875 0.061331656 0.012020834 0.08999398 0.0017145892 0.25292888 0.35934335 0.013042028 0.007115686 0.027231673 0.28962773 0.008730215 0.15278369 0.014336583 0.023816992 0.10173383 0.0028033603 0.12096643 0.0064887437 0.16030665 0.011558196 0.00095544994 0.0074469238 0.005372147 0.005618606 0.0037529785 0.0126445955 0.00079766946 0.00047901357 0.00055278855 0.013347658 0.00011381042 0.0029378377 0.020211004 0.044204436 0.010916583 0.0003204134 0.00029464488 0.046966046 0.00077376433 0.00033190806 3.8016537e-05 0.00075557845 4.394365e-05 0.00012013018 0.001119042 3.074451e-05 0.00022205569 1.948774e-05 9.6425865e-06 0.0005961107 0.0012711093 0.0001398215 6.2707045e-06 0.0031875877 2.5818661e-05 1.6796454e-05 1.4963543e-05 1.4172684e-05 0.00036032914 6.708206e-06 0.0029847804 0.0016266226 3.0420233e-06 0.00021119544 5.6793524e-06 0.000105821266
0.6927758 0.15768676 0.10486278 0.2678599 0.3355189 0.038262684 0.033590652 0.3093602 0.47332504 0.43471035 0.2041096 0.011226004 0.32218868 0.025861837 0.010161018 0.47602987 0.6086809 0.03591949 0.02368096 0.25734955 3.212103e-18 0.014446945 0.6736617 0.052052483 0.061669946 0.27389923 0.172919 0.23165394 0.054156214 0.048165657 0.0021534758 0.48137295 0.08547792 0.0039070398 0.009120263 0.6167951 0.25637484 0.0043467977 0.1900098 0.21208227 0.07938708 0.002712865 0.15787253 0.0006475209 0.029049667 0.00038397632 0.0075243646 0.00494398 0.042227 0.0031803458 0.07865293 0.0254305 0.0017114608 0.017735517 0.19971043 0.00016379295 0.12571011 0.0004546425 0.00030305976 0.0010746291 0.030237261 0.038314234 6.39427e-05 0.032570492 0.07370908 1.0085463e-05 0.035898972 0.0029682938 0.0077221366 0.06773188 5.614993e-05 4.4338933e-05 0.006426638 0.03630047 0.0142123895 3.6732808e-06 0.00022471586 1.3864907e-05 1.2547384e-05 0.05862644 1.25446795e-05 1.631462e-05 4.5910674e-06 5.66827e-06 0.00018088137 0.0028916742 0.0033345378 2.120904e-06 0.0032784904 2.6598718e-06 6.6651364e-06 2.3945766e-05 3.7141108e-06 0.0004596719 0.0014696495 0.00063682086 0.00023340025 1.2736999e-06 0.00010882716 2.6548644e-06 0.001249142
0.7736559 0.043951456 0.07409461 0.027608795 0.0116110705 0.081563756 0.19912721 0.16679567 0.010796338 0.013389175 0.054519456 0.4688687 0.08259205 0.4391076 0.4932575 0.0027529085 0.05957367 0.36258674 0.20146891 0.22866954 0.014446945 1.4036178e-17 0.020791603 0.096130334 0.035693962 0.004290841 0.03110792 0.013044155 0.27550682 0.11191709 0.7173492 0.0011560726 0.3687917 0.27320927 0.5945489 0.0038793902 0.00024075246 0.27690908 9.184727e-05 0.05846809 0.18387096 0.1286555 0.00022672508 0.17631295 0.520994 0.24875686 0.21668223 0.050963324 0.079317555 0.16347672 0.00015014496 0.05324763 0.04688563 0.26586115 0.00015871436 0.06932444 0.0042219535 0.11093083 0.1334818 0.08683813 0.0083595645 8.378887e-06 0.016512215 3.6539284e-06 3.5316727e-05 0.008832121 1.0047562e-05 0.034810342 0.016705947 0.000802077 0.00707929 0.004132038 0.017259214 1.0120949e-05 1.0951415e-05 0.0013365599 0.0029252819 0.0027464353 0.0011753816 6.529776e-05 0.0010909521 0.0069459076 0.0015322514 0.0007293291 0.008859614 0.006264835 2.235961e-06 0.00050164055 0.011798384 0.0016280061 0.001712927 0.0023406441 0.0015943975 0.0030222011 1.8269745e-07 0.0001475635 0.00032060602 0.00019721074 0.00018155955 0.00058249844 1.8799791e-06
0.06704358 0.08980666 0.04665526 0.1513742 0.18086323 0.025523707 0.031807408 0.17789136 0.28971347 0.2535321 0.061874207 0.010335042 0.192366 0.014193428 0.010179999 0.18022582 0.49474138 0.010991925 0.0099845 0.15068664 0.6736617 0.020791603 5.594518e-21 0.01870843 0.036268804 0.062420353 0.043956883 0.07051691 0.02380355 0.022198549 0.0013933975 0.4493239 0.08213601 0.003068609 0.0066184583 0.55476665 0.22486906 0.0018789523 0.11795254 0.23387437 0.06326603 0.003097403 0.03151052 0.000191596 0.017918875 0.00034070123 0.0050802347 0.0003944422 0.013443598 0.00087429816 0.04493255 0.023082405 0.00027432822 0.0044434695 0.19629535 0.00015847795 0.03011763 0.0006182843 5.257622e-05 0.00024671358 0.0067172074 0.016304115 1.2884295e-05 0.00847085 0.0753746 2.5021345e-05 0.030752854 0.00044657403 0.0062976675 0.053970046 3.73771e-05 5.7435973e-06 0.0031898015 0.011564672 0.0057296255 2.6294967e-05 7.761755e-06 1.6692895e-05 1.4161862e-05 0.018833274 1.3822646e-05 3.619391e-05 1.9412986e-05 1.4502486e-05 1.4577238e-05 0.0003925662 0.0025081371 3.0577094e-06 0.0008395525 1.5358546e-05 1.759549e-06 8.191798e-07 2.1887815e-06 6.032741e-05 0.0009439634 0.0010372993 8.741402e-06 2.3575524e-06 1.4004061e-06 1.0718511e-08 0.0012826723
0.6559255 0.11023899 0.18971154 0.029699292 0.02229944 0.08012852 0.12568623 0.038019773 0.01815174 0.043327115 0.13603368 0.17603514 0.060629003 0.08222973 0.107011706 0.014439149 0.05006225 0.0738824 0.7406418 0.052553147 0.052052483 0.096130334 0.01870843 4.9961426e-21 0.32750425 0.0050534364 0.06978474 0.045665238 0.044220667 0.7835565 0.11464031 0.030034116 0.025073964 0.18633631 0.04056284 0.029548854 0.0025000917 0.017878428 0.0018496093 0.008348824 0.013810373 0.42957914 0.0019096256 0.0062235086 0.021858323 0.016142435 0.009140888 0.15105763 0.2437326 0.0047687655 5.3214084e-05 0.0024991406 0.05323777 0.0035660465 0.00010269949 0.004596645 0.04028483 0.059934173 0.00317543 0.20960586 0.16672404 0.000106448206 0.009609631 0.000104564286 0.00065072696 0.0030188784 0.0021203386 0.00020018613 0.00012833421 0.0004628585 0.0016714243 0.009094845 3.9824467e-05 0.0010534656 0.0010762737 0.002805421 0.0007182668 0.0012217828 0.0005020225 0.00015247159 0.0026373048 0.028292408 0.00019956795 0.00023479087 0.0006816201 0.08975606 1.6548408e-06 8.662919e-06 0.04850501 0.007872186 8.446888e-05 3.288009e-05 7.3418065e-05 0.16985025 0.00013713448 0.0013415415 5.8583123e-07 6.142133e-06 4.4857777e-07 2.7160423e-08 1.4710426e-05
0.91590214 0.1963806 0.449531 0.05658775 0.050803475 0.08839454 0.13290001 0.052821126 0.033046965 0.09492428 0.3106636 0.08935482 0.063202076 0.06282305 0.06876068 0.025689863 0.055893745 0.04768063 0.18876834 0.035029527 0.061669946 0.035693962 0.036268804 0.32750425 2.626746e-19 0.010950873 0.12628676 0.05005065 0.020170951 0.83167434 0.047301017 0.04081611 0.011550708 0.059197385 0.012028861 0.045954734 0.006731315 0.0072367736 0.0031709983 0.00502949 0.0046683014 0.09174982 0.0022603222 0.0034564296 0.004662844 0.004464316 0.0020970555 0.061067447 0.3792972 0.0012535324 0.00012004177 0.0010984055 0.01306334 0.0004054465 0.00083759037 0.001381065 0.09403459 0.012006655 0.0008058892 0.28358772 0.24492517 0.0004108569 0.0017335019 0.00024252618 0.0014253748 0.00027819953 0.00063419476 0.00029317586 0.0001017776 0.0014429429 0.00042855347 0.0013558473 3.0523326e-05 0.0017071938 0.00039154285 0.00020287141 0.00026319566 0.00032259096 0.00021091786 0.00040135797 0.00037487928 0.0068390104 6.325798e-05 6.0832983e-05 0.00013689746 0.048336517 7.718334e-05 1.7875393e-06 0.031659104 0.0014934638 1.6423097e-05 3.736078e-05 9.194521e-06 0.17005111 5.592665e-05 0.00021150503 9.4403083e-07 1.7856617e-06 7.432735e-07 1.8411176e-07 3.6455576e-06
0.84054863 0.061412122 0.041073855 0.08335897 0.19116478 0.007277836 0.00823955 0.03692704 0.13393897 0.07603071 0.059466965 0.0037311807 0.034027066 0.008419543 0.002597877 0.8346054 0.10707025 0.007819283 0.006811474 0.016053325 0.27389923 0.004290841 0.062420353 0.0050534364 0.010950873 3.2189105e-18 0.056090944 0.76792234 0.0022099863 0.003782857 0.0035933163 0.31670865 0.0041522235 0.0028467667 0.0019304687 0.1311933 0.28073114 0.0006706882 0.2378417 0.0018790562 0.00044708495 0.0008684161 0.43151328 0.00012297404 0.00051281037 0.00042345264 4.2323158e-05 0.0033169305 0.008052236 3.3556327e-05 0.09501749 6.301864e-05 0.00018406779 1.7906881e-05 0.02913751 1.0191937e-05 0.26159653 2.8379789e-05 2.8200508e-05 0.0003134424 0.16417708 0.030546168 3.3948574e-05 0.011771894 0.01671131 7.478546e-07 0.007761315 7.144404e-06 8.510315e-06 0.00092864735 3.6045667e-06 6.609945e-06 2.1266094e-06 0.015718672 0.00011855218 9.0634344e-08 1.9548559e-06 6.5898445e-07 1.3728705e-06 0.010022144 1.2174379e-06 2.2059117e-05 2.9377182e-07 2.319049e-07 1.5918207e-05 0.004516314 0.003065479 1.2662956e-07 0.0011405869 1.1638508e-06 8.6779465e-07 2.9689716e-06 7.4894314e-07 0.0100468015 0.00038101873 6.1528144e-06 3.735253e-08 9.1027445e-08 1.3134422e-08 3.326897e-07 1.8509203e-05
0.9633064 0.2080607 0.22385618 0.09561711 0.17381375 0.059420552 0.080967486 0.05412301 0.07358634 0.12997998 0.7902425 0.06304263 0.043583438 0.027780062 0.040701237 0.10063284 0.0853224 0.01784945 0.11945695 0.026376916 0.172919 0.03110792 0.043956883 0.06978474 0.12628676 0.056090944 8.5104136e-19 0.19290341 0.0056883213 0.070097715 0.021480089 0.1148156 0.008554771 0.035747893 0.0056400374 0.068350755 0.038966298 0.002241044 0.014795675 0.0025763335 0.0019907837 0.045046777 0.027269928 0.00068884075 0.0026362925 0.0025516842 0.00023790108 0.04323836 0.316457 0.00012836274 0.0020373506 0.00012079592 0.013070928 5.582939e-05 0.0017519116 0.00072547595 0.29876262 0.009727715 0.00023485649 0.26341614 0.44924188 0.0030768798 0.0016403978 0.003152728 0.0013858621 0.000118337455 0.00088544656 1.685848e-05 1.5499612e-05 0.000500715 0.00011593223 0.0008618824 5.65205e-06 0.0069158897 0.00011861416 0.000118849006 0.00018287136 6.0448692e-05 1.4567622e-05 0.0020977887 0.0001502044 0.007823476 4.231285e-06 1.2444777e-05 2.2589491e-05 0.11545541 0.00042316684 1.3874428e-07 0.07550741 0.0016571444 4.1538547e-06 6.968363e-06 1.9977397e-06 0.20567738 2.4058936e-05 4.6329416e-05 1.4249322e-07 1.0774187e-07 1.3278563e-07 1.840124e-07 2.1763885e-06
0.7515256 0.19061305 0.16748212 0.0640677 0.10996017 0.03450105 0.036512274 0.032992903 0.0611516 0.12688267 0.26522323 0.027744187 0.04671708 0.02102051 0.025169186 0.25969103 0.11008267 0.018811308 0.111317895 0.025225665 0.23165394 0.013044155 0.07051691 0.045665238 0.05005065 0.76792234 0.19290341 5.0179393e-20 0.009188167 0.017393477 0.042941924 0.24076802 0.011003337 0.024321461 0.012137683 0.1361252 0.10336198 0.0015554104 0.07207531 0.007905964 0.004234044 0.0108484235 0.31225425 0.0010117688 0.0024651429 0.00449761 0.001622982 0.024681978 0.031158471 0.0010736093 0.021845074 0.0006377574 0.00512195 0.0003779914 0.007820498 0.0019185712 0.41136083 0.0021988754 0.0013345226 0.013786666 0.5925088 0.009663757 0.00093980326 0.00896433 0.007436001 0.0010117056 0.00808145 7.306171e-05 1.2624165e-05 0.0005853536 0.00028484437 0.0003009084 3.2483529e-06 0.010717108 0.0012178229 0.0012739893 6.921323e-05 0.0005076646 0.00032496577 0.0047094086 0.0006711441 0.011217233 0.00018884803 0.00032220787 5.1105453e-05 0.026792929 0.001708417 1.5483418e-05 0.015514232 0.0030152132 1.5241526e-05 1.19471e-05 2.0159705e-05 0.1170924 0.0006870818 0.00018663226 2.0806465e-07 2.8457489e-05 1.204148e-07 1.3846861e-08 0.000107373584
0.0043185246 0.071867645 0.06288042 0.05590063 0.020236487 0.12690246 0.14793876 0.18923235 0.053441174 0.01710255 0.028863542 0.08383822 0.20590073 0.2627951 0.118321806 0.010373503 0.1068162 0.41109192 0.11772141 0.52493685 0.054156214 0.27550682 0.02380355 0.044220667 0.020170951 0.0022099863 0.0056883213 0.009188167 1.6934576e-21 0.019227749 0.12153378 0.01049298 0.42191058 0.051981356 0.34694332 0.0110846665 0.0036564702 0.23122685 0.00066227576 0.18261196 0.28130844 0.010788414 0.00028033712 0.06447108 0.36132228 0.050152093 0.373802 0.02657905 0.006148597 0.23712765 0.00019317995 0.18356761 0.007088191 0.29889506 0.0006082658 0.011695444 0.0034488828 0.0069505926 0.027967261 0.00075512356 0.0024298702 0.0003415301 0.0024500396 6.995619e-05 0.0013137645 0.0025933087 0.0009874965 0.05298934 0.044825073 0.0022088464 0.0005900025 0.00034904954 0.032768708 0.0004853835 0.00021366784 0.0006812705 3.107534e-05 0.000111912566 3.9885737e-05 0.00033800455 0.00015947632 0.0020153122 8.1103484e-05 7.129359e-05 0.0016159108 0.00035145774 1.3449097e-05 6.3606094e-06 0.0014705908 0.0005034145 3.898899e-05 5.000407e-05 3.437621e-05 7.943482e-05 3.35985e-05 0.0010659446 0.00022857524 6.201758e-06 1.8061202e-05 4.6029922e-06 2.5303545e-05
0.902542 0.13314368 0.31177327 0.06932831 0.036998015 0.124195576 0.35093558 0.098811 0.033829417 0.052325744 0.099049784 0.34381062 0.068895966 0.11930157 0.106012285 0.01256543 0.062350642 0.070990644 0.21295951 0.06945094 0.048165657 0.11191709 0.022198549 0.7835565 0.83167434 0.003782857 0.070097715 0.017393477 0.019227749 5.366178e-20 0.07124042 0.023972966 0.032535557 0.10779536 0.0149287 0.01755417 0.0035682186 0.004717671 0.0010952565 0.0018939789 0.00890921 0.19472449 0.0010617011 0.00090375333 0.011064719 0.0042016837 0.0013031429 0.0413408 0.5340833 0.0003330359 3.3332137e-05 0.00018412556 0.017286088 0.00022285995 0.0009821163 0.0008729719 0.10187397 0.031590793 0.00043680822 0.30509898 0.1679163 8.847829e-05 0.0007806307 0.000115560455 0.0012494891 0.0004960143 8.708324e-05 2.5738293e-05 2.2721828e-05 0.00019027093 6.3464155e-05 0.0008498722 5.8128367e-06 0.00068008195 3.8816175e-05 0.00028994295 6.192742e-05 3.492009e-05 1.220049e-05 0.00013015098 9.167662e-05 0.0073488047 9.973107e-06 2.0736677e-05 1.398041e-05 0.047169734 7.1217646e-06 1.4193107e-07 0.02183932 0.0010514522 8.606515e-07 2.5892546e-06 3.661772e-07 0.13464372 1.2070731e-05 0.000112956506 4.856538e-08 1.4214204e-06 1.2613436e-08 3.854942e-07 2.1588114e-06
0.08705821 0.020527607 0.041089073 0.010784454 0.0033052594 0.032353118 0.04641745 0.028067956 0.006259669 0.0016143875 0.053465124 0.08556192 0.011945283 0.07643591 0.21766408 0.0027714784 0.004618662 0.105215974 0.29897016 0.039590936 0.0021534758 0.7173492 0.0013933975 0.11464031 0.047301017 0.0035933163 0.021480089 0.042941924 0.12153378 0.07124042 3.9049497e-20 0.00025851149 0.036982972 0.4888681 0.42713872 0.0003343473 0.00010575681 0.3049487 1.5615247e-05 0.0067382394 0.025418878 0.20729215 8.913186e-05 0.27843773 0.19514291 0.47499672 0.17850746 0.17876099 0.05896928 0.16161974 4.1851985e-05 0.008820711 0.12420823 0.14550343 3.9428272e-05 0.39159867 0.005918685 0.18922135 0.23004793 0.015337888 0.012620495 1.7641579e-06 0.1443752 4.7218492e-07 3.9200946e-05 0.06713674 2.5884141e-05 0.018104404 0.0016092787 0.00015848943 0.03571664 0.025212552 0.0013255909 8.375336e-05 4.5380034e-06 0.008966156 0.008521942 0.0043417183 0.0032858963 7.299179e-05 0.004739987 0.032261703 0.001465128 0.0019436596 0.014900296 0.012152967 2.8070303e-08 0.00042118737 0.020874785 0.01784803 0.0009016215 0.0010639259 0.00095610355 0.0069323517 3.9749676e-07 1.880545e-05 2.4527793e-05 0.00020332348 1.127353e-05 1.6498936e-05 7.8086293e-07
0.62008095 0.043421894 0.043900285 0.0550951 0.13607447 0.00783686 0.005711374 0.04442895 0.11447117 0.22497551 0.11240977 0.0016773788 0.048060093 0.005907395 0.000968608 0.43633047 0.20542595 0.005148045 0.0074462523 0.03398339 0.48137295 0.0011560726 0.4493239 0.030034116 0.04081611 0.31670865 0.1148156 0.24076802 0.01049298 0.023972966 0.00025851149 1.4976871e-17 0.010499758 0.0016112367 0.00066910894 0.75716496 0.6332835 9.576718e-05 0.53639024 0.09504242 0.010363482 0.0003127974 0.3730317 4.6005367e-05 0.0012506844 0.00027969433 0.00020131204 0.00094549195 0.008233581 0.00023347705 0.3276672 0.0019125207 0.00020594592 0.00041921093 0.46221828 3.7309543e-05 0.16907315 0.00011964436 0.00019163529 0.00014923418 0.040068932 0.20603052 8.700234e-06 0.2055748 0.3172649 2.1372914e-06 0.27099663 4.1219286e-05 0.00064118387 0.059897322 3.4336466e-05 2.3547052e-06 0.00014923562 0.12600169 0.038248327 9.643037e-06 2.2345168e-05 2.3949167e-05 1.0266771e-05 0.11811276 9.15905e-06 1.4067543e-05 1.5439995e-05 1.8143033e-05 2.7266065e-05 0.00029093926 0.01978553 2.9017392e-06 0.00055609964 4.7200015e-06 1.0721002e-05 2.4442214e-05 8.733061e-06 0.00043610876 0.01756849 0.0006581366 5.679114e-06 7.9266295e-07 1.3599705e-05 5.710962e-08 0.0073551126
