2.6893759e-34 0.10812016 0.11320499 0.04447716 0.0011817573 0.5102251 0.2521318 0.0041968757 0.9111741 0.011702501 0.0027263572 0.29408893 0.27455398 0.00040414615 0.6428237 0.3608076 0.39523306 0.9499875 0.6841034 0.0031889118 0.7278477 0.0008598636 0.8954141 0.96513015 0.005783517 0.9661861 0.00965198 0.98113763 0.00030048518 0.77088606 0.314499 0.06430515 0.25870928 0.060667235 0.89613855 0.05237966 0.97040945 0.7134522 0.43278173 0.17058778 0.9372819 0.3788399 0.9891631 0.9488691 4.11851e-05 0.0012019544 0.51897013 0.9642958 0.0016017937 0.927078 0.9776185 3.1722182e-06 0.13179128 0.010009407 0.00035966194 0.75195116 0.9858896 0.84739053 0.0026316128 0.00024161338 0.4936945 2.4310832e-06 0.0075151073 0.00032804435 0.984399 0.8748953 0.96529037 0.952099 1.8717926e-06 0.001593404 0.006864399 0.00944724 0.92946243 0.034031164 0.96919686 0.7768465 0.0028612127 0.9949945 0.9954191 1.2516679e-07 0.10983282 0.9988077 0.81481016 0.892035 0.99740386 0.8139992 0.99687487 0.76790756 0.99899393 0.9974238 0.029447606 0.9987597 1.0126587e-07 0.9905409 2.5671663e-05 2.031991e-07 0.60450506 0.9942122 0.57053274 4.7696744e-09 0.91830695
0.10812016 9.939163e-21 0.61317074 0.64754146 0.57589144 0.6243368 0.66819453 0.48720065 0.6229632 0.23650967 0.38583937 0.20490381 0.11261083 0.265211 0.1497067 0.12741852 0.01803813 0.3289834 0.06033442 0.19463785 0.10462456 0.040065095 0.2947689 0.19800931 0.20891805 0.25671485 0.15830527 0.18076654 0.020847613 0.031950176 0.023412742 0.0007699414 0.0012026413 0.0008151758 0.2584724 0.053266257 0.012476917 0.0063516083 0.008904844 0.006082945 0.13644472 0.0071503995 0.077920474 0.0031953065 0.00092672394 0.0075107715 0.0022100988 0.046659257 0.01123725 0.028482316 0.034097556 0.00081763143 0.0009680918 0.0012560609 0.0024221416 0.019340549 0.06309912 0.0053293747 0.00010938206 0.0002377074 0.02961577 3.454046e-05 2.2305925e-05 0.00020401514 0.020730324 0.0001490355 0.0072132875 0.0004496495 9.085504e-06 3.3297042e-06 8.7251365e-06 6.607878e-06 0.0005228585 0.00048720694 0.0023102805 0.009642371 3.264203e-06 0.023767915 0.010269671 1.4456088e-05 0.00017280194 0.013458146 0.0019608329 2.6734537e-05 0.0058407714 0.0006472575 0.007550534 0.006680047 0.0047712172 0.00025819583 0.00010112811 0.0015980265 7.887384e-06 0.00028189903 1.3780808e-06 7.6515775e-08 0.00015421225 0.008014122 8.5813745e-06 8.127894e-09 0.00015128533
0.11320499 0.61317074 5.6438496e-18 0.7802617 0.48057613 0.07417938 0.5747522 0.5302225 0.4853589 0.026283134 0.4583427 0.064002454 0.18245706 0.09459698 0.10526002 0.013493203 0.05430981 0.0673016 0.005937536 0.32472932 0.070499666 0.07343189 0.15019318 0.20106992 0.039990146 0.031895205 0.08560545 0.027730929 0.05836586 0.0012126223 0.022681389 0.0024252897 0.0034320937 0.0023828698 0.06721799 0.007832975 0.0009510151 0.0010584838 0.0010542264 0.002886113 0.023514371 0.0013699378 0.13003209 0.0003385575 0.0004804795 0.008953082 0.0025497747 0.007784859 0.009825895 0.0015474046 0.006112463 0.00038247876 0.000103342616 0.000320695 0.0006984087 0.0012158444 0.057032835 0.004482345 2.796515e-05 0.0001246971 0.029797604 0.0014402525 5.0464864e-06 2.0210196e-05 0.0054477556 1.7855696e-06 0.00026838007 0.004938752 5.345597e-06 3.521853e-06 6.8648404e-07 2.0336186e-06 5.940934e-05 7.6036085e-05 0.0033636282 0.00901492 2.8560476e-07 0.037753336 0.0073768464 8.4969463e-07 5.1616862e-05 0.004276637 0.0025140748 4.677963e-06 0.008557361 0.0014296619 0.0164227 0.005387721 0.00096329086 3.7566124e-06 4.3665517e-05 0.004957235 2.8082155e-07 9.315922e-05 8.600783e-08 2.0527118e-08 0.00013891995 0.00085091917 1.9145563e-07 2.0799648e-08 0.0017444784
0.04447716 0.64754146 0.7802617 2.4902364e-20 0.46980807 0.06653349 0.5672848 0.5063143 0.35132813 0.03226873 0.39271206 0.038578894 0.11628996 0.09644703 0.093972035 0.019570684 0.01761959 0.05639089 0.0041698962 0.18802702 0.067814626 0.044490036 0.11484738 0.10552107 0.02554309 0.019618813 0.04363142 0.015971597 0.05009451 0.0005175091 0.015235597 0.0008166067 0.0018057795 0.0011664599 0.035340182 0.002033267 0.000768064 0.00012517952 0.00019617961 0.0020823649 0.012377171 0.00034201998 0.03226089 4.133801e-05 0.00024309676 0.0031096386 0.0021643506 0.003899883 0.0059776 0.0012989474 0.0032428065 0.0006664546 4.7331207e-05 0.00016175536 0.0017173786 0.00067173224 0.011637122 0.0018158666 1.4101713e-05 8.9850975e-05 0.010604131 0.0018799345 1.5324799e-06 2.9844563e-05 0.0037865583 2.1256683e-06 0.0001126164 0.0004781245 4.60405e-06 6.463878e-07 6.676065e-08 2.1845722e-07 1.4160363e-05 5.5969762e-05 0.0030629002 0.0034145291 1.3898784e-07 0.007393736 0.0037678287 1.7399387e-06 2.5434989e-05 0.0018442557 0.002246159 2.960094e-06 0.003235993 0.0007204195 0.0019167331 0.0055771424 0.0017374784 9.0957207e-07 6.2315994e-05 0.0016660921 2.2253953e-07 0.00011263692 2.0742648e-07 1.3854603e-08 0.00043783023 0.001247562 4.2338982e-07 4.5763153e-09 0.0005475635
0.0011817573 0.57589144 0.48057613 0.46980807 3.731988e-21 0.094932154 0.1911275 0.65563107 0.16379127 0.04655398 0.6480263 0.083341025 0.009503107 0.42384464 0.011894561 0.012711008 0.0020640031 0.027846772 0.007511492 0.37302345 0.00807454 0.2192601 0.019529393 0.031880584 0.044746347 0.0027719804 0.07366287 0.0063119144 0.21346213 0.001183781 0.0013871123 2.3482971e-05 5.4727163e-05 0.00010610341 0.0017311601 0.0071319845 0.0018463982 0.0005923402 0.00085344625 0.00022266536 0.00025196688 9.47667e-05 0.0077475677 0.00018215163 0.0009385041 0.0043660686 0.000143964 0.00021099874 0.007727945 0.00014430063 0.00034002977 0.0010476032 1.2431919e-05 0.0003237007 0.0034965228 3.8788643e-05 0.0021286597 1.5063869e-05 1.291388e-05 0.00050075987 0.0008723772 0.011516907 5.8823716e-06 0.0002711131 0.00037771682 1.2125626e-05 2.384213e-05 1.7407929e-05 7.996158e-06 8.06109e-09 8.6162665e-08 6.0523047e-07 1.4540945e-05 2.0850493e-06 2.6449718e-05 0.0003958363 1.845963e-07 0.0008083805 6.357011e-05 4.0997725e-06 1.4480545e-06 0.00013525237 9.413697e-05 4.395092e-06 2.3028813e-05 6.0939506e-06 0.00040880754 0.00039107693 5.4322045e-05 2.819927e-07 4.0090044e-06 1.8679135e-05 9.5741555e-08 0.000115010516 4.416936e-07 5.9164657e-10 2.3397733e-05 0.0002426902 3.1040446e-07 1.4380988e-10 1.2552656e-06
0.5102251 0.6243368 0.07417938 0.06653349 0.094932154 6.3234106e-20 0.04047494 0.033847652 0.48669064 0.6811974 0.044856105 0.58714974 0.004874805 0.07412415 0.014080676 0.54166424 0.0009157863 0.7373131 0.24986942 0.07821409 0.010214849 0.0029841429 0.06682548 0.14207284 0.18287885 0.34621212 0.19352031 0.47570044 0.0006951331 0.04887045 0.0010801683 1.6134647e-06 2.27075e-06 4.5148145e-06 0.12249055 0.068364464 0.056775223 0.0129792495 0.015128521 0.00022526298 0.14120954 0.008956661 0.06516523 0.004771411 3.930787e-05 0.022328464 5.7104044e-05 0.07856114 0.020084178 0.021787241 0.09603702 4.7317084e-05 0.0021212439 0.0044740103 0.005257612 0.010207959 0.11508485 0.0048621832 0.0004371112 0.0007192299 0.004558034 1.0967072e-05 0.00022317856 0.00067954184 0.054722145 0.00013895915 0.01095931 2.2428196e-05 3.7304777e-05 8.145269e-05 7.653684e-05 2.2338243e-05 0.0014805307 0.0014269437 0.0019505823 0.0029599816 4.3771897e-06 0.01952863 0.041641302 2.2575168e-05 0.00095852336 0.061393335 0.002907723 4.5758014e-05 0.01252529 1.7990962e-05 0.0030475901 0.0040049828 0.049971513 0.0034845886 3.9319284e-06 0.0035441697 1.1297315e-05 0.00014637984 1.4105277e-05 2.7660124e-07 2.6502996e-05 0.039841916 9.83502e-06 5.088407e-07 0.00035630004
0.2521318 0.66819453 0.5747522 0.5672848 0.1911275 0.04047494 6.416937e-21 0.3933837 0.6577174 0.014762229 0.29439217 0.014731998 0.6820133 0.013970441 0.50231934 0.0100279525 0.59072596 0.050859652 0.0067294543 0.08662472 0.41249362 0.037455875 0.41250324 0.20080477 0.0032518 0.03973495 0.0071710567 0.015007383 0.034531604 0.004397552 0.33913895 0.04380195 0.050429855 0.052384198 0.28327346 0.002501902 0.0027480626 0.0016165006 0.0013923746 0.037717856 0.08398704 0.0009486128 0.16014616 0.0012156785 0.010048199 0.00065523083 0.02079942 0.023037404 0.00168559 0.014060168 0.021857046 0.0051849787 0.0003241947 0.00051497656 0.0012076972 0.0064643803 0.072819255 0.034582604 3.1727737e-05 0.0003346925 0.19884402 0.0027311195 1.2584451e-05 0.00022943094 0.017458672 8.137854e-05 0.0043977597 0.060021646 4.3659016e-05 1.5939618e-06 1.5294182e-06 8.141249e-06 0.0007453039 0.00018615815 0.015452436 0.09528076 8.852822e-06 0.15785107 0.013390465 2.8895736e-05 0.0001346683 0.01648042 0.019765874 0.00019408551 0.02000699 0.026142936 0.072395004 0.030287828 0.0081573175 0.000105640065 0.004254357 0.023387123 7.4211157e-06 0.0062722806 3.565776e-05 6.53284e-07 0.0037943807 0.009686095 1.0694319e-05 3.9411274e-09 0.040890954
0.0041968757 0.48720065 0.5302225 0.5063143 0.65563107 0.033847652 0.3933837 5.2999745e-22 0.16571714 0.02018754 0.6917018 0.02710771 0.059650164 0.24080987 0.044659708 0.007038892 0.016361231 0.015000007 0.002163974 0.31996137 0.032625463 0.24335928 0.038910117 0.04383453 0.015156718 0.0024327138 0.020770403 0.0017695958 0.27000597 0.00020837017 0.009427022 0.002551284 0.0030196444 0.004148388 0.0046041054 0.0009766328 0.0008981645 0.00024046606 0.00025967922 0.0019210161 0.0014031713 0.00015708203 0.008022419 3.433938e-05 0.0034880866 0.002607412 0.0016770717 0.0002885136 0.005100048 0.0001089816 0.00021465983 0.006346383 1.836765e-05 0.00015068462 0.0036398312 3.8966504e-05 0.0018497794 0.00018226354 1.8946925e-05 0.000112282134 0.0016147963 0.040932875 6.754497e-06 2.5994643e-05 0.0003336596 6.222285e-06 4.2443207e-05 0.00012687537 1.15670655e-05 1.5501932e-07 5.506423e-08 2.7314056e-07 8.239329e-06 4.4143694e-06 0.00028533515 0.0006010919 6.7811726e-08 0.0011648675 0.00019070385 6.429053e-06 8.800456e-06 9.260808e-05 0.00029588526 4.257845e-07 0.00023364545 0.0008229227 0.0008581829 0.007948795 8.9448804e-05 3.6739358e-08 0.00029265348 5.864171e-05 4.866518e-07 0.0003880724 2.4126854e-07 3.416869e-09 0.0008743992 8.2758816e-05 6.881486e-08 1.5882645e-09 0.0009580093
0.9111741 0.6229632 0.4853589 0.35132813 0.16379127 0.48669064 0.6577174 0.16571714 1.0913804e-17 0.12991783 0.16478363 0.36288828 0.34491467 0.06423181 0.424809 0.17715228 0.19369203 0.5002986 0.1023258 0.16148399 0.27228495 0.02024762 0.45721394 0.59419006 0.10149882 0.26556358 0.17377563 0.284832 0.012550162 0.011960953 0.040867485 0.00038127296 0.0008081828 0.00040312335 0.21980923 0.027089665 0.01216943 0.0051922747 0.004545448 0.0020711867 0.12277374 0.0064923796 0.48756185 0.0010963099 2.4889094e-05 0.019118074 0.0023829038 0.08971254 0.021845518 0.01199783 0.1200267 0.00018535266 0.00048607597 0.0006823148 0.00097229006 0.01028629 0.37401482 0.015359201 0.00011484085 6.926183e-05 0.14045145 1.096406e-05 4.9252212e-05 2.5702751e-05 0.074913986 7.109285e-06 0.002171025 0.004790981 2.1054445e-06 1.6688517e-05 7.2324337e-06 2.6306213e-06 0.00011167844 0.00019139038 0.012836537 0.032602035 3.2030084e-07 0.23543236 0.0868635 8.487099e-07 6.361243e-05 0.11108168 0.006674723 2.7314603e-05 0.047317628 0.00055859244 0.076624505 0.011403662 0.01814094 0.0023392616 1.0922471e-05 0.021105729 7.20143e-07 0.0007272375 1.1364051e-07 2.2666467e-07 0.00024238952 0.021013556 6.607616e-07 1.2180713e-07 0.0027461383
0.011702501 0.23650967 0.026283134 0.03226873 0.04655398 0.6811974 0.014762229 0.02018754 0.12991783 1.6388714e-21 0.041104577 0.83807987 0.0018126683 0.07746236 0.003953038 0.17481947 0.00041511998 0.14224222 0.1319341 0.10926777 0.0024094516 0.0040815873 0.017760906 0.030884169 0.27049172 0.0549213 0.24721013 0.10580899 0.0022886517 0.051967937 0.0006721889 4.3031223e-06 1.530185e-05 5.0314497e-06 0.010557684 0.102227256 0.029242605 0.020191198 0.02383858 0.00025791995 0.006703768 0.008121991 0.008528927 0.0054538585 6.606716e-05 0.036831543 0.00014290349 0.0067332387 0.0344607 0.014353751 0.006976765 9.254089e-05 0.0018019491 0.005627991 0.008073042 0.0073738433 0.0070758592 7.498787e-05 0.000495055 0.0005579797 0.00052881276 3.5409943e-05 0.00031898989 0.00073381176 0.0042027775 0.00020182144 0.0070949406 1.353809e-06 2.9701001e-05 3.126699e-05 7.168302e-05 3.1973253e-05 0.0007103447 0.001385348 0.00015442284 0.00064911915 6.584841e-06 0.0018391954 0.0024212846 5.4487762e-05 0.0006651748 0.002689127 0.00018842943 3.5090077e-05 0.0007470308 2.2172122e-05 0.00116262 0.0017170216 0.0039319247 0.000110116496 2.1235207e-06 0.00028567904 1.5015104e-05 0.00011574454 2.4134692e-06 6.209436e-07 1.6651651e-05 0.0033323811 3.1319214e-05 7.554995e-08 4.367555e-05
0.0027263572 0.38583937 0.4583427 0.39271206 0.6480263 0.044856105 0.29439217 0.6917018 0.16478363 0.041104577 6.720844e-20 0.081485756 0.026570283 0.47721595 0.04763628 0.010762978 0.0075414656 0.024110842 0.003079849 0.5137551 0.028123103 0.485865 0.0422321 0.061272644 0.07193456 0.0015593045 0.102807075 0.0039004318 0.48043087 0.0005104936 0.005169561 0.0006317964 0.0011523047 0.00091019296 0.00295952 0.0047144643 0.0011179401 0.0004639129 0.0006352644 0.0006534075 0.0005204063 0.0001836827 0.0141574815 5.8110218e-05 0.00027335127 0.008204 0.00091966393 0.00018877421 0.019734137 0.00034580284 0.00021587538 0.0015753317 2.5522439e-05 0.00034493845 0.008695996 0.00020948716 0.0038895053 0.00012555829 4.2453205e-05 0.00019629732 0.0025171195 0.051671337 7.3690057e-06 8.3445775e-05 0.00034298177 7.3154606e-06 8.01126e-05 4.4390847e-05 4.7289227e-06 2.2038928e-07 8.6927116e-08 1.3917413e-06 2.4727713e-05 1.9964686e-05 0.0019864389 0.00048326683 3.374296e-07 0.0015941275 0.00023377938 9.823045e-07 1.0771249e-05 0.00020265771 0.0009302593 2.7761524e-07 0.00021533975 4.4327608e-05 0.0022082536 0.004941649 0.00014096127 3.2802557e-08 3.9460283e-05 0.00030012146 6.920738e-08 0.00025701243 7.861858e-08 5.4734023e-10 0.00027396824 5.7279947e-05 1.328534e-07 1.821127e-10 0.0010617857
0.29408893 0.20490381 0.064002454 0.038578894 0.083341025 0.58714974 0.014731998 0.02710771 0.36288828 0.83807987 0.081485756 4.913533e-19 0.0018966098 0.114610106 0.004354295 0.2888824 0.00048780505 0.3651528 0.38534886 0.38204822 0.0032598185 0.010294773 0.027893236 0.14822774 0.5546747 0.0751515 0.5930998 0.5908459 0.0060908888 0.41740605 7.441431e-05 2.0070033e-06 4.4903686e-06 2.9767539e-06 0.015259503 0.5633711 0.47486565 0.1908366 0.18576449 3.4783116e-05 0.0173506 0.039634794 0.06513682 0.049422856 1.8949166e-05 0.18795459 1.2173828e-05 0.018831724 0.18582375 0.044109467 0.023953104 1.50950045e-05 0.0138984285 0.2264301 0.090403825 0.026695969 0.053942326 0.0006852639 0.022951003 0.061430916 0.0004397732 2.568511e-05 0.031468812 0.07418633 0.012464394 0.0038219003 0.015609273 7.373079e-07 0.000686205 0.0005010398 0.000645273 0.0041158637 0.010821522 0.0038728456 0.0014718256 0.00040921592 0.00038899912 0.007939133 0.0119189015 0.00082271325 0.0028158142 0.016806725 0.0016290032 0.0027629726 0.0045481906 1.7447078e-06 0.0018991673 0.0026681162 0.02951056 0.00561108 3.5423127e-06 0.002817082 0.0002035033 1.5652828e-06 0.00017392106 9.058303e-06 1.5898377e-05 0.03265292 0.00018547164 4.686822e-06 1.2383002e-05
0.27455398 0.11261083 0.18245706 0.11628996 0.009503107 0.004874805 0.6820133 0.059650164 0.34491467 0.0018126683 0.026570283 0.0018966098 1.2469744e-19 0.00090089644 0.48568508 0.0014862998 0.90802276 0.010528666 0.00055392104 0.011842405 0.44370878 0.0034927619 0.33319852 0.08847563 0.00023870925 0.012313947 0.00035954142 0.0024033003 0.0049537877 0.000311943 0.61523795 0.30471468 0.39060283 0.38005817 0.08349944 0.00052268634 0.00039483714 0.00041651944 0.00031953884 0.17909956 0.019210236 0.000168687 0.09843297 0.00019523557 0.007047997 0.0005494285 0.09480206 0.005964059 0.0015938296 0.0008068009 0.004731934 0.0033431384 3.401601e-05 0.00013943945 0.0010407595 0.00026325817 0.02092183 0.02065295 3.057638e-05 0.0001352739 0.20086335 0.0006732737 9.054745e-06 0.00010043438 0.006051529 1.4038259e-05 0.00038254407 0.41042686 2.7533955e-05 2.3135963e-06 8.40438e-07 4.260812e-06 9.294172e-05 3.1486006e-06 0.01603849 0.12779371 3.520815e-06 0.1772579 0.009423134 6.4602073e-06 1.4152478e-05 0.0070812795 0.02226531 7.390091e-06 0.017105868 0.031228192 0.1675939 0.052007552 0.0031346693 9.157661e-06 0.0029891045 0.030826265 2.1362991e-06 0.013941572 9.713378e-06 1.6783451e-07 0.006106086 0.0016817852 1.5295612e-06 4.7378035e-09 0.03670536
0.00040414615 0.265211 0.09459698 0.09644703 0.42384464 0.07412415 0.013970441 0.24080987 0.06423181 0.07746236 0.47721595 0.114610106 0.00090089644 1.3419822e-22 0.0008057578 0.008679872 0.00012834082 0.0072618593 0.0026049092 0.7299784 0.00056240556 0.34229577 0.0006254149 0.005487402 0.14331283 0.0001525874 0.2312432 0.0012760216 0.35597062 0.00041271542 6.7375513e-06 1.5020496e-06 1.36664285e-05 6.023663e-07 1.562131e-05 0.02035504 0.0006921415 0.0010899787 0.0012938505 4.3570863e-06 6.631887e-06 1.959413e-05 0.0011811478 3.4637935e-05 0.00018266952 0.033719614 1.3827537e-05 1.3478259e-05 0.04335602 2.3213172e-05 7.564949e-05 0.0006595192 1.3939716e-06 0.0029457924 0.057896525 3.9910637e-06 0.00022841117 1.3026396e-06 3.4332377e-05 0.0021429197 5.608391e-06 0.031474218 3.383235e-05 0.0014585603 5.6013443e-05 8.26032e-06 5.7776583e-06 8.532012e-08 0.0007301089 1.22989166e-08 9.523433e-08 2.2291222e-06 7.212108e-06 5.0612607e-07 1.8260471e-06 2.4462292e-05 4.3603342e-07 9.0966314e-05 6.213861e-07 0.00010604221 2.838696e-07 8.017271e-06 4.5429097e-06 7.435103e-07 2.8023456e-07 3.0927808e-07 4.2663243e-05 6.6921225e-06 3.2072583e-06 6.8731794e-09 2.2703459e-07 1.9141272e-07 2.6467696e-06 2.9906445e-05 2.9988723e-07 7.5236095e-10 3.8135877e-06 3.8060978e-05 6.127611e-08 4.5810165e-08 3.527905e-07
0.6428237 0.1497067 0.10526002 0.093972035 0.011894561 0.014080676 0.50231934 0.044659708 0.424809 0.003953038 0.04763628 0.004354295 0.48568508 0.0008057578 6.9793964e-23 0.0073829205 0.47603676 0.06376851 0.0039490573 0.012261273 0.847467 0.003971439 0.5894806 0.28833443 0.000230665 0.1376868 0.0020572087 0.03341032 0.0019940292 0.004800975 0.46029 0.030685158 0.040207397 0.028412214 0.41834924 0.00051710504 0.0016678089 0.0006453105 0.0005314785 0.054605197 0.1740466 0.00046634843 0.284931 0.0023126632 0.0026172579 0.00033863873 0.026828157 0.044137932 0.0009983219 0.015168205 0.038588624 0.0018527155 0.00014419224 0.00048299824 0.000655887 0.007945638 0.15198705 0.14918329 1.798657e-05 0.00017654455 0.32978103 8.307029e-05 8.854106e-06 0.00011235904 0.038267165 7.384071e-05 0.0064402744 0.22213772 3.136713e-05 7.4326005e-07 2.353273e-06 1.1262901e-05 0.0009115924 1.109018e-05 0.060639843 0.1840095 1.2509366e-05 0.3368016 0.073784806 6.859798e-06 5.9372185e-05 0.050241202 0.044472687 5.5617147e-05 0.08744607 0.025203917 0.15806359 0.064965434 0.014915438 0.00031539836 0.0017415768 0.065889426 5.3272373e-07 0.008652256 4.1958824e-06 1.9258475e-07 0.0016195534 0.007728053 1.9963047e-05 1.1285404e-09 0.038331166
0.3608076 0.12741852 0.013493203 0.019570684 0.012711008 0.54166424 0.0100279525 0.007038892 0.17715228 0.17481947 0.010762978 0.2888824 0.0014862998 0.008679872 0.0073829205 2.4580318e-22 0.00020151545 0.40048248 0.7971593 0.02203839 0.0059951036 0.000632607 0.048282016 0.07887373 0.08995527 0.28396907 0.060676366 0.6894146 0.00013115424 0.35943952 0.0003109234 6.881999e-06 1.6441856e-05 1.1874109e-05 0.091124795 0.07934299 0.40221116 0.06363226 0.046351623 8.000106e-05 0.12389044 0.06036895 0.045357425 0.05025303 9.603258e-05 0.0102380505 3.5802237e-05 0.09916429 0.008131663 0.07483744 0.121687196 8.311716e-06 0.0124798985 0.005204356 0.00068305765 0.048671193 0.10979002 0.0017769452 0.0009372563 0.0002716488 0.0034617626 3.4690872e-06 0.001376197 0.0003219336 0.08103812 0.0008261356 0.029935604 1.2972265e-05 4.103371e-06 0.0005654768 0.0012553836 0.00023093881 0.0051071807 0.0076701585 0.0007669547 0.0033721381 3.5879042e-05 0.020030335 0.072601385 1.3764674e-05 0.0025715907 0.067077875 0.00062262476 0.00018532347 0.019064113 2.6107686e-05 0.0038686318 0.0012521953 0.10938831 0.011774084 2.2276602e-06 0.0018525078 3.0670901e-06 0.00026736766 8.8843535e-06 7.982888e-07 7.925145e-06 0.048978753 0.00024577847 8.254153e-10 0.00022603682
0.39523306 0.01803813 0.05430981 0.01761959 0.0020640031 0.0009157863 0.59072596 0.016361231 0.19369203 0.00041511998 0.0075414656 0.00048780505 0.90802276 0.00012834082 0.47603676 0.00020151545 1.2471633e-21 0.003394843 5.1006897e-05 0.0037092634 0.43686572 0.0008900092 0.1655537 0.0483462 4.2997523e-05 0.0066124047 6.6841276e-05 0.000688216 0.0011477226 1.5777468e-05 0.7314308 0.5191345 0.6163361 0.58457243 0.041508153 0.00014444836 2.2679438e-05 7.366044e-05 0.0001540945 0.3542291 0.012264044 4.6304373e-05 0.06063566 1.604844e-05 0.008236568 0.000115282186 0.20604116 0.0037282212 0.0006606766 0.00021086658 0.002541855 0.0029805806 1.1868991e-05 3.286354e-05 8.101506e-05 0.00011100015 0.016616285 0.0126429675 3.612537e-06 6.1809674e-06 0.20969611 0.0003189972 4.4483318e-07 5.4684037e-06 0.0040806183 6.575889e-07 8.98365e-05 0.33561268 7.6524503e-07 2.869693e-07 1.2170148e-07 2.4847634e-07 4.7374447e-06 2.383282e-06 0.0105020655 0.14355765 1.0687344e-07 0.15573712 0.0086273765 9.771506e-07 5.5698906e-06 0.00329249 0.0168762 3.930419e-07 0.012852718 0.053301863 0.20172416 0.07765549 0.0015587634 8.165957e-07 0.00628576 0.032838076 4.2308628e-07 0.014639521 3.693287e-07 1.9794916e-08 0.012578188 0.00046941565 4.1261367e-07 1.3321826e-09 0.071862385
0.9499875 0.3289834 0.0673016 0.05639089 0.027846772 0.7373131 0.050859652 0.015000007 0.5002986 0.14224222 0.024110842 0.3651528 0.010528666 0.0072618593 0.06376851 0.40048248 0.003394843 1.673591e-17 0.2027314 0.040085666 0.04910204 0.0009202183 0.2265062 0.4730833 0.074250005 0.8546979 0.06392442 0.6777991 0.0002095715 0.06734568 0.0027718658 2.9241675e-05 4.4586654e-05 5.926052e-05 0.25812194 0.026093261 0.08574385 0.013715699 0.0098042395 0.0003399048 0.2960272 0.020418918 0.21985754 0.009353713 1.9017561e-05 0.005861605 0.0002813514 0.26550293 0.006214357 0.044932824 0.2955965 4.6363537e-05 0.003143256 0.0012307566 0.00038909484 0.03230224 0.30941242 0.011563189 0.00020474527 0.0001187826 0.012744954 2.573399e-06 0.00012280552 0.00015706691 0.18283086 8.521349e-05 0.01765652 5.7654648e-05 1.1433253e-05 2.2656914e-05 1.9049945e-05 3.2033262e-05 0.0014423679 0.0025094065 0.011371966 0.0037569746 4.512326e-06 0.05789583 0.3726288 2.607377e-05 0.0015463881 0.21532543 0.0044461614 0.00014090993 0.07688555 3.5432656e-06 0.0033933073 0.0024618725 0.077319846 0.012176545 1.9827603e-06 0.0120241465 1.0264412e-05 2.7318954e-05 1.7551353e-07 1.22449e-07 4.6665224e-05 0.066099375 3.651612e-06 5.9408685e-06 1.6310218e-05
0.6841034 0.06033442 0.005937536 0.0041698962 0.007511492 0.24986942 0.0067294543 0.002163974 0.1023258 0.1319341 0.003079849 0.38534886 0.00055392104 0.0026049092 0.0039490573 0.7971593 5.1006897e-05 0.2027314 5.8322023e-20 0.025132647 0.0034002592 0.00037397016 0.010344094 0.036364738 0.13193591 0.08285643 0.08956114 0.5574772 9.116746e-05 0.60796475 3.5637193e-05 1.6558133e-06 2.2209103e-06 1.7631035e-06 0.02173121 0.1349361 0.5580193 0.21199581 0.10684072 1.43048765e-05 0.030288327 0.08005451 0.023605986 0.13927403 2.3809027e-05 0.016817829 5.2242617e-06 0.037527017 0.018403174 0.07000863 0.06507603 4.0017203e-06 0.018679505 0.022767957 0.0012642961 0.03159047 0.053825777 0.0006350851 0.0032717579 0.0010896695 0.0008656416 5.050025e-06 0.0061397552 0.0021448785 0.039524183 0.0045118127 0.028882835 2.4817596e-06 2.5103349e-05 0.0017396777 0.00247456 0.001154937 0.020657767 0.005440401 0.0005568261 0.0008585321 9.299918e-05 0.010668619 0.055341274 1.1446662e-05 0.002733015 0.065719135 0.00053716626 0.0013613506 0.009622295 4.007277e-06 0.0012160275 0.00097321265 0.15576807 0.025934568 9.615593e-07 0.0019355135 4.050239e-06 5.9062033e-05 3.8419683e-05 2.3557745e-06 9.467505e-06 0.06491995 0.00066831365 1.7416289e-08 2.2582513e-05
0.0031889118 0.19463785 0.32472932 0.18802702 0.37302345 0.07821409 0.08662472 0.31996137 0.16148399 0.10926777 0.5137551 0.38204822 0.011842405 0.7299784 0.012261273 0.02203839 0.0037092634 0.040085666 0.025132647 2.7987296e-18 0.0066521512 0.27618992 0.018888423 0.044637743 0.31252912 0.0053736144 0.33598086 0.027123729 0.38699397 0.01731469 0.0020697617 4.2781234e-05 4.641964e-05 9.1201975e-05 0.0073746205 0.1269873 0.007609561 0.014479995 0.018368054 0.0010729794 0.003841657 0.0023976674 0.0071173045 0.0015083967 1.5585092e-05 0.15253809 0.000287428 0.0022135235 0.16038498 0.0075986865 0.0014966998 3.0956962e-05 0.000992995 0.021931797 0.1722368 0.008587634 0.002956166 0.00023192076 0.0026387412 0.03457997 0.0010268344 0.018922672 0.00244301 0.02578631 0.0022266028 0.00011910373 0.0040951595 1.9442277e-05 0.002553247 1.1003287e-05 1.5787733e-05 0.00022402043 0.0011827102 0.00074478536 0.008289871 0.0011326984 1.7568505e-05 0.0037972787 0.0010637742 0.00013642228 0.0002305003 0.0006603138 0.0050426647 1.3569777e-05 0.0020918841 1.6704074e-05 0.0011688292 0.004957206 0.0012652315 1.1428315e-05 6.1320745e-05 0.0005006684 3.3375952e-06 9.44048e-05 8.581804e-07 1.2701877e-07 7.634963e-05 0.0021695523 2.0138248e-06 1.5160884e-06 2.0508247e-05
0.7278477 0.10462456 0.070499666 0.067814626 0.00807454 0.010214849 0.41249362 0.032625463 0.27228495 0.0024094516 0.028123103 0.0032598185 0.44370878 0.00056240556 0.847467 0.0059951036 0.43686572 0.04910204 0.0034002592 0.0066521512 4.917742e-23 0.0022022943 0.64924467 0.29703233 0.00037185714 0.098785065 0.0025000107 0.027226461 0.0017515055 0.003834845 0.60973716 0.037386954 0.046271168 0.031554904 0.4587214 0.0007788668 0.0010232984 0.00071078556 0.00077678973 0.092765115 0.15684307 0.00068458525 0.330681 0.0010190767 0.0038720423 0.00057710154 0.038675647 0.042373866 0.0015963144 0.014307286 0.037371777 0.002081119 0.00022524517 0.00064009085 0.0009825408 0.01082736 0.1516069 0.23870347 2.9506622e-05 0.00014161531 0.45349675 8.94268e-05 9.176834e-06 0.00026279935 0.04331019 3.4564342e-05 0.004451348 0.4129016 2.0058964e-05 3.244059e-06 4.128528e-06 8.26166e-06 0.00067674153 7.316881e-05 0.14740765 0.2790834 6.020341e-06 0.4381422 0.12249492 1.3567707e-05 0.0001432513 0.04492833 0.11083428 4.5325825e-05 0.15801309 0.042875312 0.2565064 0.11786358 0.016255798 0.00018749747 0.004039756 0.1811087 3.634359e-06 0.012527251 4.2869674e-06 5.415739e-07 0.0044871285 0.005107522 2.4885936e-05 3.1034968e-09 0.093978465
0.0008598636 0.040065095 0.07343189 0.044490036 0.2192601 0.0029841429 0.037455875 0.24335928 0.02024762 0.0040815873 0.485865 0.010294773 0.0034927619 0.34229577 0.003971439 0.000632607 0.0008900092 0.0009202183 0.00037397016 0.27618992 0.0022022943 2.207111e-20 0.002153685 0.0038038844 0.012785139 0.00012284653 0.010090491 0.00015140773 0.78945863 9.2315415e-05 0.001197345 6.22892e-05 0.00010781932 0.00024128363 8.995172e-05 0.0010583197 7.383451e-05 0.00024906272 0.00024916418 8.750932e-05 2.3486176e-05 9.937822e-05 0.0009631825 1.8205534e-05 0.00047108324 0.002199101 0.00023140929 5.3183947e-05 0.0036720836 0.00026862053 5.3572247e-05 0.0026381565 2.3589882e-05 3.3380584e-05 0.002982608 0.00015937902 0.00025765397 2.1616017e-05 7.051855e-06 0.00017850316 0.00017897808 0.21973918 4.42208e-06 9.406716e-05 0.000110119116 1.0161346e-05 0.00010228525 5.3599006e-06 4.2788335e-05 4.9884557e-07 7.684386e-07 4.8903453e-06 1.7267155e-05 1.772755e-05 0.000305195 0.00046243143 1.0114652e-06 0.000766973 2.8892675e-05 1.8920959e-05 1.1366935e-05 2.4585148e-05 0.0005561853 1.7026596e-07 1.7362352e-05 0.0018253414 0.0014402325 0.014293089 7.320608e-05 1.1888027e-08 0.0011825399 0.00032058396 2.0802427e-06 0.0037321986 8.449403e-08 4.57348e-09 0.0047985213 0.00011077712 7.223107e-08 1.5283932e-08 0.012005007
0.8954141 0.2947689 0.15019318 0.11484738 0.019529393 0.06682548 0.41250324 0.038910117 0.45721394 0.017760906 0.0422321 0.027893236 0.33319852 0.0006254149 0.5894806 0.048282016 0.1655537 0.2265062 0.010344094 0.018888423 0.64924467 0.002153685 8.756271e-21 0.72647166 0.00802445 0.5323931 0.0053111897 0.05064039 0.0012633939 0.0011359263 0.3347599 0.004439382 0.005637553 0.0043057725 0.6917443 0.0008917995 0.0017657193 0.00040421088 0.00040784548 0.021235645 0.43777752 0.001565109 0.4929839 0.00020791878 0.0007280811 0.00041574874 0.012226745 0.16507664 0.00065908127 0.009273336 0.14153142 0.0006676489 0.0002518254 2.5322155e-05 0.00022577701 0.005599152 0.3044112 0.22393778 1.4134148e-05 1.4667211e-05 0.3105261 3.578667e-05 5.4968054e-06 1.6664804e-05 0.13465399 2.0289626e-05 0.0015337872 0.012254026 1.2569804e-05 8.520889e-06 4.7200374e-06 4.822914e-06 0.00043431987 0.00022313364 0.12309433 0.09865004 5.12121e-07 0.29269928 0.33159563 6.798825e-06 0.000110036715 0.13964446 0.05242558 8.906809e-06 0.18182272 0.006269368 0.05635356 0.07199263 0.02507669 0.0004977821 0.0012944904 0.09376559 5.9659064e-06 0.005240384 1.7836113e-07 4.5883993e-07 0.0021114277 0.0049181506 6.580368e-07 2.1356972e-07 0.031767882
0.96513015 0.19800931 0.20106992 0.10552107 0.031880584 0.14207284 0.20080477 0.04383453 0.59419006 0.030884169 0.061272644 0.14822774 0.08847563 0.005487402 0.28833443 0.07887373 0.0483462 0.4730833 0.036364738 0.044637743 0.29703233 0.0038038844 0.72647166 4.495841e-19 0.015315276 0.59098095 0.020630907 0.15419477 0.0013701299 0.001953912 0.04509854 0.00079004036 0.0018062282 0.00056404655 0.5286903 0.0043377476 0.0025644065 0.0016183013 0.0012774748 0.0046464284 0.31599367 0.0021063667 0.6453442 0.0007671851 6.140021e-05 0.00249528 0.0035339214 0.19363825 0.002429481 0.008633731 0.19366656 0.00015315699 0.00039825565 0.00014339782 4.7729103e-05 0.004382616 0.4444254 0.07696095 6.659034e-05 4.838047e-06 0.16450772 1.3216191e-05 2.1271904e-05 2.5588793e-06 0.15219742 8.026069e-06 0.0014705573 0.004388279 3.7122093e-06 1.0745895e-05 1.372413e-05 7.16102e-06 0.00054402713 0.00010777923 0.044681326 0.03383933 3.7196207e-07 0.23949073 0.19234183 1.0523495e-06 0.00013402563 0.14462996 0.014193217 4.750119e-05 0.109725654 0.0002775611 0.060890265 0.010012715 0.01761056 0.0010447796 4.7943784e-05 0.036694624 5.070375e-06 0.00082166446 5.9195446e-07 3.268232e-07 0.00032141176 0.007667371 1.3225981e-06 8.375276e-06 0.0019283162
0.005783517 0.20891805 0.039990146 0.02554309 0.044746347 0.18287885 0.0032518 0.015156718 0.10149882 0.27049172 0.07193456 0.5546747 0.00023870925 0.14331283 0.000230665 0.08995527 4.2997523e-05 0.074250005 0.13193591 0.31252912 0.00037185714 0.012785139 0.00802445 0.015315276 5.2013285e-23 0.0077747316 0.7007352 0.14912763 0.014514593 0.26440394 0.00016845838 1.435451e-05 2.2581587e-05 2.951235e-06 0.0004300423 0.611896 0.10592604 0.18994874 0.20144054 3.6508165e-05 0.00070347503 0.042343777 0.00489064 0.057463005 1.570425e-06 0.34773776 7.3119e-05 0.0010109908 0.33661076 0.035945613 0.0015776062 2.1877943e-06 0.014983707 0.3149807 0.14167011 0.015905142 0.0013576685 7.87677e-06 0.0797237 0.07683999 6.7830195e-05 0.00026891966 0.09293992 0.09741744 0.0010796476 0.009864555 0.012279867 1.2877472e-06 0.0055444133 0.0021134012 0.0065897987 0.01474121 0.005472641 0.010667972 9.873918e-06 0.00028505252 0.0023925097 0.0014563365 0.001257838 0.0045296336 0.007271062 0.0012195193 7.320315e-05 0.0032432133 6.343469e-05 1.7517851e-06 0.0017050762 0.0005537127 0.0035710644 0.00019401484 7.831988e-07 0.000108791784 0.000927655 0.00026611966 0.00019231159 3.790558e-05 0.00012456776 0.0056076297 0.00042941837 1.5062664e-05 2.2716022e-05
0.9661861 0.25671485 0.031895205 0.019618813 0.0027719804 0.34621212 0.03973495 0.0024327138 0.26556358 0.0549213 0.0015593045 0.0751515 0.012313947 0.0001525874 0.1376868 0.28396907 0.0066124047 0.8546979 0.08285643 0.0053736144 0.098785065 0.00012284653 0.5323931 0.59098095 0.0077747316 1.7498033e-19 0.009323354 0.5323656 2.4933068e-05 0.02525171 0.007934942 0.00016395547 0.00016332812 0.00019592103 0.7006989 0.0024040176 0.029913742 0.0027205404 0.0022658268 0.0012535354 0.68609613 0.0088767065 0.39671624 0.003721779 0.00012833728 0.0008544146 0.0008790605 0.5472194 0.00084067776 0.03986683 0.4970002 0.00014555908 0.0024265517 6.680986e-05 0.0001487525 0.035671435 0.46570572 0.061384574 6.5190334e-06 2.5833044e-05 0.040927976 2.25252e-06 5.709508e-06 1.7227088e-05 0.38013422 0.00025489466 0.009405783 0.00022512619 2.257263e-05 1.6547793e-06 2.2519275e-06 3.1609482e-06 0.0009920272 0.0010536263 0.023072155 0.006614615 1.82155e-07 0.06802683 0.48202452 8.229549e-05 0.00052980037 0.29278603 0.005566859 8.549489e-05 0.13722822 1.6562137e-05 0.0039158766 0.0016242635 0.06435398 0.004400203 4.541799e-05 0.012211695 7.5941048e-06 9.9124365e-05 1.312714e-07 3.72238e-08 9.864699e-05 0.028734915 1.7551463e-06 7.122848e-07 0.00012357197
0.00965198 0.15830527 0.08560545 0.04363142 0.07366287 0.19352031 0.0071710567 0.020770403 0.17377563 0.24721013 0.102807075 0.5930998 0.00035954142 0.2312432 0.0020572087 0.060676366 6.6841276e-05 0.06392442 0.08956114 0.33598086 0.0025000107 0.010090491 0.0053111897 0.020630907 0.7007352 0.009323354 6.225701e-22 0.07797951 0.02479811 0.069868974 0.0005002862 6.4978867e-06 1.081585e-05 6.4670744e-06 0.0024638514 0.43233582 0.08816931 0.121192865 0.138149 0.00012992947 0.0023027335 0.018146193 0.0043804427 0.009865998 8.783774e-07 0.4469881 3.240582e-05 0.0014442612 0.45785028 0.007915031 0.0011339504 3.972544e-06 0.004594591 0.2463296 0.28166026 0.0054009086 0.0009797692 0.00010234712 0.057849266 0.103378266 9.128325e-05 0.0005361209 0.081962466 0.13268496 0.0008139899 0.001669764 0.0043540066 4.771483e-06 0.0044978843 0.0007612496 0.0008644895 0.0077757062 0.0007152282 0.0023814023 0.00016594415 0.0012876496 0.0003867569 0.0027299395 0.0007041889 0.0036087376 0.0015220386 0.0010429807 0.0011367002 0.000739661 6.529664e-05 3.2886658e-06 0.0018042783 0.0023105878 0.0034195625 0.00013252319 1.1275341e-06 0.00014735328 0.0005892206 0.00049023883 3.2257033e-06 6.4948347e-07 7.011342e-05 0.004269346 0.00012247289 2.895391e-05 2.0577327e-05
0.98113763 0.18076654 0.027730929 0.015971597 0.0063119144 0.47570044 0.015007383 0.0017695958 0.284832 0.10580899 0.0039004318 0.5908459 0.0024033003 0.0012760216 0.03341032 0.6894146 0.000688216 0.6777991 0.5574772 0.027123729 0.027226461 0.00015140773 0.05064039 0.15419477 0.14912763 0.5323656 0.07797951 5.2239933e-17 4.48966e-05 0.44868666 0.0008508811 1.2800827e-05 2.2026006e-05 2.0363326e-05 0.048665024 0.18285774 0.774761 0.18112232 0.1289611 9.17542e-05 0.11027377 0.22551976 0.056570318 0.25118837 8.8365305e-05 0.014699013 7.805145e-05 0.1309992 0.01164416 0.42045 0.16317107 8.577632e-05 0.06988795 0.010748398 0.00039639368 0.26163292 0.09441949 0.0028826748 0.0019096831 0.00012752764 0.0024639724 5.2632427e-06 0.0024024867 0.0003459219 0.11327644 0.012207608 0.12742174 3.6168426e-06 5.346229e-06 0.0016467639 0.002962902 0.0016085707 0.030910853 0.023207903 0.0017123808 0.00059343036 0.00013866037 0.017883707 0.35978806 1.0947018e-05 0.012268244 0.25644875 0.0007631855 0.0065991846 0.09774421 6.1991796e-06 0.0014297927 0.0020433955 0.31955215 0.0584097 1.3626285e-06 0.009719902 2.6455597e-05 5.656962e-06 2.8630304e-06 9.0647103e-07 4.0312585e-05 0.2196823 0.00011141164 4.4560423e-07 1.1578742e-05
0.00030048518 0.020847613 0.05836586 0.05009451 0.21346213 0.0006951331 0.034531604 0.27000597 0.012550162 0.0022886517 0.48043087 0.0060908888 0.0049537877 0.35597062 0.0019940292 0.00013115424 0.0011477226 0.0002095715 9.116746e-05 0.38699397 0.0017515055 0.78945863 0.0012633939 0.0013701299 0.014514593 2.4933068e-05 0.02479811 4.48966e-05 4.709683e-17 7.608435e-06 0.00057584094 1.0769923e-05 2.5191557e-05 0.00010452001 3.3734406e-05 0.0008181212 3.9654697e-06 1.6217218e-05 3.416524e-05 8.901913e-05 7.1734403e-06 9.864045e-06 0.00014582682 3.0303298e-07 0.00041307238 0.0023148104 6.132004e-05 1.5577663e-05 0.0021630074 1.64784e-05 1.3189623e-05 0.002955323 1.1204978e-06 2.7632179e-05 0.0075834882 2.4128694e-05 6.873928e-05 1.0267309e-05 5.255524e-06 0.0005740608 7.065888e-05 0.5036414 2.6042817e-06 0.00017129931 2.5287718e-05 1.6490047e-07 6.264243e-06 8.846299e-06 0.0005118964 1.853117e-07 2.8292095e-07 1.1454824e-06 6.2758704e-07 9.085421e-07 0.0007200167 7.238937e-05 4.5325473e-07 0.0008877862 9.709738e-06 7.0374415e-05 8.931029e-07 6.684434e-05 0.0015924493 9.276788e-09 0.00012566132 0.003848096 0.01739837 0.032377265 4.1578205e-05 6.1265936e-08 0.0008098872 0.0074622193 1.0658347e-05 0.031056723 7.343196e-08 2.8039212e-08 0.0020644926 0.00012239315 2.7894284e-08 9.205163e-06 0.02977778
0.77088606 0.031950176 0.0012126223 0.0005175091 0.001183781 0.04887045 0.004397552 0.00020837017 0.011960953 0.051967937 0.0005104936 0.41740605 0.000311943 0.00041271542 0.004800975 0.35943952 1.5777468e-05 0.06734568 0.60796475 0.01731469 0.003834845 9.2315415e-05 0.0011359263 0.001953912 0.26440394 0.02525171 0.069868974 0.44868666 7.608435e-06 2.791828e-20 1.6286296e-05 2.9474867e-07 3.9071736e-07 1.3468691e-06 0.004009035 0.39174017 0.7828103 0.58706063 0.50188404 1.059733e-05 0.010774908 0.60755795 0.0016230749 0.76497227 3.2020405e-05 0.026340466 2.364706e-06 0.016652519 0.020771896 0.24004027 0.02443128 4.273607e-06 0.33238912 0.04782184 0.00063256116 0.14703737 0.008213351 0.00056314404 0.019716596 0.00067792006 7.624477e-05 2.0802874e-07 0.027586965 0.002739856 0.017595634 0.06761791 0.12617758 2.6116785e-08 1.6711443e-06 0.013731195 0.029210161 0.013869022 0.086163186 0.06279089 0.0006322705 7.940468e-05 0.0011307303 0.0013838011 0.024896922 2.2121074e-05 0.015658183 0.020705383 0.00025393412 0.007124653 0.0043245647 1.9759506e-07 5.568168e-05 0.0002673858 0.12208266 0.015551797 7.720858e-07 0.00048260108 9.327235e-06 1.4745349e-06 3.5471963e-05 6.354801e-06 8.646618e-06 0.030055648 0.0009279551 4.8769408e-08 3.676721e-07
0.314499 0.023412742 0.022681389 0.015235597 0.0013871123 0.0010801683 0.33913895 0.009427022 0.040867485 0.0006721889 0.005169561 7.441431e-05 0.61523795 6.7375513e-06 0.46029 0.0003109234 0.7314308 0.0027718658 3.5637193e-05 0.0020697617 0.60973716 0.001197345 0.3347599 0.04509854 0.00016845838 0.007934942 0.0005002862 0.0008508811 0.00057584094 1.6286296e-05 1.6961479e-20 0.30894974 0.43998495 0.303648 0.102312475 0.00021773041 9.721588e-06 3.6200847e-05 0.00016786325 0.66247153 0.025158314 0.00021728443 0.07656236 4.354245e-06 0.0047842255 0.00037739222 0.54470384 0.009323314 0.0012778514 0.00031138098 0.008115116 0.0019060585 7.151654e-05 1.0855987e-05 0.0002141115 0.00017669243 0.029253986 0.08145889 3.9075403e-06 4.349468e-06 0.3537676 4.0367173e-05 6.8052174e-07 1.7134826e-05 0.0124615 1.8244516e-07 0.00010973615 0.6292232 9.013256e-07 3.0555464e-06 7.981495e-07 4.70258e-07 3.1292957e-06 2.1913642e-05 0.06280209 0.30073056 2.207052e-07 0.24723351 0.027552783 7.6180345e-06 1.19390015e-05 0.0046175406 0.09940688 1.9112706e-07 0.035681278 0.13665906 0.3524921 0.35628778 0.0024120335 1.3197077e-06 0.029432137 0.1684865 1.7726003e-06 0.056347985 4.3566247e-06 1.0003861e-06 0.031585693 0.0009132718 2.8969183e-07 3.840277e-08 0.23235223
