2.1035082e-30 0.78732234 0.97057194 0.95006424 0.90224206 0.9795839 0.8322225 0.9678717 0.81652194 0.9198054 0.92024815 0.9831838 0.2541417 0.12945485 0.9543388 0.6426409 0.21819897 0.8878747 0.9486042 0.9573601 0.048165753 0.19127573 0.97357905 0.9570493 0.5625128 0.84342515 0.07510933 0.08497953 0.27933934 0.9713532 0.14494827 0.96338236 0.16015832 0.94991344 0.8627923 0.9866118 0.011559314 0.9779763 0.9383789 0.9400123 0.006254847 0.2785234 0.008759441 0.7879828 0.002719569 0.9310697 0.005342761 0.9892212 0.9448931 0.0012518323 0.97841036 6.801694e-05 0.98999846 0.0005591204 0.0005843474 0.96691304 0.004745872 0.0010095278 0.02989443 0.0014791568 4.518969e-05 0.9956076 2.1059197e-05 0.9998066 0.61346394 0.00036488325 0.9288216 0.00019749945 0.8956641 0.0003211458 0.9996059 7.579543e-05 0.99677545 0.009563196 0.99914986 0.8242442 0.9974001 0.000106724096 0.98799026 0.90920144 0.9247577 2.0141582e-05 0.23822235 0.09306324 0.82541716 0.99802667 0.9960965 0.11645965 0.57001036 2.9691684e-05 0.24057536 0.9643045 0.9560777 0.977978 0.000239772 0.748914 1.8625291e-05 0.8133105 0.9999705 5.8602687e-05 0.02340249
0.78732234 8.329677e-20 0.95043886 0.51205933 0.37542084 0.33922762 0.4557175 0.0039979955 0.2772757 0.002398372 0.0026226435 0.9667325 0.020674312 0.010091694 0.099941075 0.0007545477 0.05349788 0.23359321 0.024161933 0.2632978 0.010075913 0.01070722 0.00041817655 0.00031830644 0.008345728 0.007548169 0.050346047 0.0035584571 0.004104637 0.0012100547 4.018986e-05 0.0067828293 0.032888997 0.11182259 0.0013851558 0.77184993 0.0032538378 0.0041090613 0.00041799372 0.013632306 0.001563767 0.033502344 0.0012631633 1.0000433e-05 0.00021939352 0.00014514128 0.0013270366 0.15578327 0.00093743915 0.00046173384 5.9160624e-07 2.6472757e-05 0.053199172 6.895332e-05 0.00010104144 7.1861046e-05 3.880319e-05 0.0012286797 0.0036446191 4.2114375e-06 8.279888e-06 0.25201964 1.896869e-05 0.010474608 5.871442e-06 1.6239171e-06 1.0866128e-05 8.012846e-06 6.454496e-05 1.1719883e-06 0.10449545 1.6956262e-06 0.006386153 2.509593e-07 0.030358842 1.8601493e-06 0.049701523 5.127646e-07 0.002607484 0.0006691048 4.0620736e-05 1.9192425e-06 3.5767528e-07 1.1909157e-06 6.989318e-07 0.1837901 0.032475118 3.8019724e-07 1.1164962e-05 1.2722529e-06 2.3182122e-06 0.0010455591 0.00028908814 1.6555953e-06 0.0002533845 9.776904e-07 2.6084663e-05 1.4782041e-06 0.108502984 1.5632093e-06 8.954465e-07
0.97057194 0.95043886 6.925371e-16 0.11002752 0.047673624 0.75835043 0.8866473 0.0018168514 0.7948201 0.0013013657 0.0010268377 0.64400804 0.005885936 0.0029382072 0.07890232 0.0006129552 0.3250109 0.17979977 0.003062468 0.068810105 0.11796905 0.22442614 0.00012237646 0.00031002745 0.00084923656 0.00039724348 0.2734608 0.0010749116 0.0023693088 0.0006897344 0.00033028005 0.00074394344 0.16243605 0.011752308 0.00020164327 0.120417535 0.04359936 0.0021092563 4.7783527e-05 0.0012913159 0.0046722693 0.005717369 0.020851087 1.3741922e-06 0.002075019 2.7339882e-05 0.03981194 0.09816412 0.00083993166 0.00046749105 2.1353824e-08 0.0016190037 0.0105613945 0.0061909677 0.0036840166 1.805287e-05 4.323962e-06 0.00114424 0.0011682011 2.4887646e-05 4.5941877e-05 0.036058705 0.00010752299 0.0049755475 2.5766538e-05 0.00014444726 7.086632e-07 9.1181544e-05 7.79288e-05 0.00044300433 0.13735378 0.00010952903 0.0050638253 3.154791e-07 0.027326714 9.967607e-07 0.020124156 7.757641e-06 0.0010114711 0.00024094952 1.8903922e-06 9.978772e-07 6.449188e-08 1.9546173e-06 1.5169274e-08 0.019143732 0.008997197 9.5258486e-08 5.5440405e-06 1.7503382e-05 4.1198455e-05 0.0004072687 6.814472e-05 1.1976931e-07 0.00030501024 4.3645656e-07 2.9784082e-05 1.1319282e-07 0.15275289 2.2457036e-06 1.5553117e-06
0.95006424 0.51205933 0.11002752 1.1968683e-19 0.98266983 0.43792117 0.09131885 0.24365464 0.016015586 0.13590331 0.1314591 0.5874604 0.088255644 0.030889638 0.034759108 0.006696229 0.008159961 0.024384383 0.26040465 0.7244449 0.0021463004 0.002066416 0.0030709375 0.0051119025 0.060488418 0.0543755 0.030233108 0.010610231 0.01187141 0.019154456 0.0015668086 0.07491028 0.047786787 0.23030771 0.013294645 0.5112715 0.00079488213 0.05887161 0.004783605 0.15593734 0.00039785955 0.012149042 0.000494106 7.6251534e-05 0.005666636 0.0009862536 0.0013915827 0.08856579 0.010745272 9.018166e-05 4.6905174e-07 4.637081e-06 0.1411306 3.5693487e-05 0.00029321722 0.00015480282 1.2831101e-05 0.00022305429 0.0019723417 1.1900864e-05 7.53488e-07 0.20899405 5.5033097e-06 0.0049803546 0.0001682163 3.4582677e-05 2.5612217e-05 1.8854835e-05 0.00081803114 3.0462882e-06 0.4358275 8.3576936e-07 0.038771313 2.9842095e-06 0.25428805 3.8049362e-05 0.1394143 1.9723461e-06 0.011831619 0.0030157939 9.575219e-05 2.165327e-06 4.689842e-07 4.9310984e-06 7.5467534e-07 0.15901367 0.07564044 3.2013622e-07 6.9682865e-05 3.0438096e-07 0.0001521593 0.003526683 0.0014878107 2.144053e-06 6.559651e-06 2.9783841e-06 1.3897267e-06 1.2046941e-06 0.23974507 2.8508323e-06 2.2473148e-06
0.90224206 0.37542084 0.047673624 0.98266983 7.195081e-20 0.50285107 0.030936476 0.84033334 0.009136878 0.37231478 0.36556998 0.257738 0.52074397 0.39008734 0.013645292 0.044848174 0.0041797347 0.0051740026 0.42148885 0.42102852 0.00066210463 0.0005540167 0.00583057 0.01095734 0.10325193 0.14532074 0.030088425 0.040634364 0.037817813 0.021649385 0.0086808 0.110855415 0.078213505 0.09454097 0.024277583 0.4839406 0.00020020826 0.06474087 0.0073669264 0.22919157 5.8283993e-05 0.005779723 0.000104384846 0.0003435027 0.017145451 0.0015260682 0.00106403 0.036686927 0.031793144 2.1333826e-05 8.318464e-06 5.6764875e-06 0.10199225 8.929061e-05 0.0003802729 0.00037239035 0.00023285842 2.1679643e-05 0.00047066316 0.00039316906 2.7820496e-07 0.10115302 1.9022068e-06 0.0025730454 0.0002466529 6.433258e-05 7.442716e-05 1.4100517e-05 0.0014328641 8.734472e-07 0.12345634 7.99546e-07 0.06541357 1.0423467e-05 0.123669825 8.6860695e-05 0.06257872 3.4110526e-06 0.027240233 0.0031799483 0.00036904108 1.2411822e-06 4.106479e-06 9.5177995e-05 7.383645e-06 0.061376 0.05067728 5.6336826e-06 0.00020414067 2.9513265e-07 0.00027319908 0.011476072 0.004408972 6.1139785e-05 7.5943825e-07 3.419758e-05 2.4393592e-07 1.6440404e-06 0.05958077 9.054083e-07 2.8856328e-05
0.9795839 0.33922762 0.75835043 0.43792117 0.50285107 7.164386e-18 0.8425002 0.5605383 0.33039176 0.6931835 0.64288205 0.31549734 0.649855 0.4845851 0.032211464 0.30416015 0.4456698 0.035934594 0.058113687 0.15130076 0.091522746 0.1354191 0.0029940333 0.05605967 0.021800308 0.003656747 0.85026723 0.260846 0.22816679 0.004882186 0.32179636 0.0026406937 0.8623932 0.016486874 0.0015271892 0.025317745 0.033274684 0.0146172065 0.00017004862 0.0009633134 0.0004016789 0.009631264 0.06622302 3.2628461e-06 0.36419412 3.218379e-05 0.25838095 0.047534727 0.00025168588 2.889984e-05 7.309056e-07 0.0017051176 0.001566397 0.02546179 0.07852693 2.7614002e-05 0.0031388574 0.00022218701 0.0005430961 0.014004757 3.680752e-05 0.0051161284 4.5668115e-05 0.0027587062 1.4033848e-06 0.010201094 1.833667e-07 0.01314697 9.430973e-06 0.0055924305 0.19269235 0.00011173394 0.0009994403 5.832853e-05 0.0029338517 1.834244e-07 0.003941831 0.00090412056 0.00034906453 0.00012838551 1.5251478e-06 2.599048e-05 1.8549191e-07 1.8937088e-06 2.0628842e-07 0.009305965 0.0011835214 3.020563e-07 2.6807757e-07 3.0867268e-06 4.6070763e-06 4.1032516e-05 2.2816916e-05 5.207426e-07 3.7762532e-06 1.4630097e-06 6.8889153e-07 4.2646639e-07 0.06937092 0.0003367319 1.31613015e-05
0.8322225 0.4557175 0.8866473 0.09131885 0.030936476 0.8425002 3.4608097e-19 0.002107701 0.97077996 0.00072785164 0.0006837279 0.23135543 0.0071912673 0.0022551243 0.038626403 0.00024914418 0.7683453 0.08585094 0.0017327765 0.038404122 0.2577084 0.2878525 8.513096e-05 0.0001126193 0.00062306074 0.00021950508 0.6138157 0.0014007688 0.000976427 6.401598e-05 0.0005543546 0.00025997087 0.24862559 0.0066227987 7.535284e-05 0.05781492 0.11980377 0.00018559498 3.7527418e-06 0.00041702957 0.0044873296 0.004863194 0.054098357 7.4077127e-07 0.004600265 9.231405e-06 0.09716304 0.029151144 2.5694124e-05 0.0001316496 1.4371187e-08 0.0036543976 0.0017083908 0.013303662 0.005694663 9.401343e-07 1.3827973e-05 0.0009685536 0.0006929637 2.920121e-05 0.0002975023 0.011656842 0.00017841485 0.0019381419 2.3781304e-06 0.00049971323 1.9397531e-07 0.001094263 2.6486484e-06 0.0019014335 0.034065224 0.00042081534 0.00091236475 7.2127915e-07 0.0012796362 1.7752606e-07 0.004187093 9.255479e-06 5.575958e-05 6.8570585e-06 1.3218825e-07 1.5770405e-06 3.419922e-08 2.351097e-06 5.3934233e-08 0.012030611 0.0015337449 6.4500746e-08 5.112636e-07 4.326695e-05 3.0747133e-06 6.2738986e-06 4.7600433e-06 6.3987564e-08 0.0001854591 2.0564572e-07 5.4864602e-05 1.0398119e-07 0.03580738 1.0951383e-05 4.136331e-06
0.9678717 0.0039979955 0.0018168514 0.24365464 0.84033334 0.5605383 0.002107701 8.642492e-18 0.0002697099 0.94079554 0.93654954 0.0025649641 0.87296426 0.7528763 7.982303e-05 0.7343263 0.0014592547 0.00010260413 0.15549257 0.13007642 0.00015787501 0.00012887029 0.0063062287 0.13031642 0.019679433 0.0071353964 0.018839028 0.16946883 0.16105229 0.008619943 0.24802889 0.011163196 0.14380597 0.021087766 0.001252534 0.00038736194 2.7721338e-05 0.03310772 0.00017913518 0.0067443373 1.8653474e-06 8.155428e-05 5.0819523e-05 8.271096e-06 0.035591826 8.882518e-05 0.00042528028 0.00048445511 0.0017817153 6.241347e-07 7.0162682e-06 4.322311e-07 0.003493593 7.4364475e-06 0.0017053428 1.8822442e-05 0.004966611 9.774204e-08 2.5942177e-06 0.022653319 5.205795e-08 0.001056513 5.111431e-07 0.000110429784 2.1601088e-06 0.00059983233 1.0787918e-06 0.00024969724 4.3059053e-06 1.0683187e-05 0.036997724 4.8167016e-07 0.0052228244 0.0025222353 0.013446816 1.1150188e-06 0.005079559 0.0010436161 0.00137003 4.7212554e-05 3.5139185e-06 0.00026287258 2.7251477e-07 4.2139764e-06 2.5328094e-07 0.0010097455 0.0024889805 5.6411795e-07 7.945513e-07 2.0293785e-07 3.9590438e-07 9.283913e-05 0.00011549138 1.2025987e-05 1.2198603e-07 1.7616385e-07 2.9341889e-08 1.2712977e-07 0.005147789 0.00014580415 6.313287e-05
0.81652194 0.2772757 0.7948201 0.016015586 0.009136878 0.33039176 0.97077996 0.0002697099 5.817432e-18 0.00013034038 0.00011656369 0.20859885 0.0018718402 0.000606151 0.041701104 2.7056667e-05 0.91479343 0.64499885 0.00015062542 0.009282716 0.50775206 0.6156368 1.532646e-05 2.3287628e-05 0.00010896102 2.2758286e-05 0.355214 9.513498e-05 1.5542879e-05 7.964513e-06 6.1572346e-06 1.7430655e-05 0.090106495 0.00069710315 1.2061914e-05 0.041377682 0.21276437 3.4076926e-05 9.64753e-07 1.6344924e-05 0.05948197 0.007448422 0.06276476 1.595443e-08 0.0007084234 9.831864e-07 0.03951331 0.031281047 2.4469023e-06 0.0014314348 1.9028625e-09 0.0034872948 0.0011156508 0.008652268 0.0015733212 1.8820016e-07 1.6567578e-06 0.010524037 0.0014492945 7.822836e-07 0.00086530566 0.005315986 0.00075240666 0.0010876377 2.3655154e-08 3.3375523e-05 2.367505e-09 0.0003248567 1.2451994e-07 0.0011424453 0.009854239 0.000786601 0.00016047775 1.8756685e-08 0.0010230603 2.2688091e-09 0.0018675448 4.2335915e-07 1.9183149e-06 4.764801e-07 9.033659e-09 7.961589e-08 1.3378533e-09 5.3706042e-08 2.05219e-09 0.006001885 0.0011009282 2.6802487e-09 4.2718726e-09 0.00023636711 2.1967216e-08 1.03335466e-07 6.347738e-08 3.397555e-09 0.00096148875 4.3057384e-09 0.00022805636 3.1454626e-09 0.023701433 6.4880936e-07 1.5109103e-07
0.9198054 0.002398372 0.0013013657 0.13590331 0.37231478 0.6931835 0.00072785164 0.94079554 0.00013034038 1.4709003e-17 0.9407357 0.0043761157 0.8728279 0.80440485 0.00020454913 0.7277248 0.00041073095 5.8533376e-05 0.07662464 0.053831384 6.7158464e-05 3.444864e-05 0.0054173074 0.14784303 0.015454181 0.0026239292 0.029084284 0.27230617 0.2901548 0.0073846704 0.4203749 0.00598994 0.25775164 0.0069943825 0.0007103793 0.0005543071 3.3307413e-05 0.016243355 0.00018506 0.0035340968 5.210456e-07 5.7966256e-05 0.0001259417 3.4159635e-05 0.07973913 0.000107371845 0.0016788117 0.0005885245 0.0014352129 2.1806402e-07 4.025724e-06 6.891064e-07 0.0011413008 2.1501603e-05 0.004436999 1.4394608e-05 0.010908659 1.4068306e-07 4.592834e-07 0.064011134 1.1915468e-07 0.0003101954 5.128243e-07 5.1314324e-05 7.330413e-06 0.0013031174 1.2527996e-06 0.00027251625 9.445348e-06 2.8794395e-05 0.009107651 1.4778166e-06 0.0017371287 0.0035311808 0.0060443454 8.651356e-07 0.0014602521 0.0014935577 0.000511953 2.0727466e-05 4.9465e-06 0.0002835018 1.8072298e-07 5.750267e-06 2.1827022e-07 0.00029152143 0.0012103588 3.456217e-07 7.449291e-07 6.1047376e-07 4.9214697e-07 3.737279e-05 1.3023521e-05 6.307958e-06 2.7153327e-08 5.640131e-07 1.1296437e-08 4.0116163e-08 0.0010788444 0.00015160539 3.5418045e-05
0.92024815 0.0026226435 0.0010268377 0.1314591 0.36556998 0.64288205 0.0006837279 0.93654954 0.00011656369 0.9407357 5.2466573e-18 0.0037557443 0.8830223 0.82031655 0.00013332549 0.72746146 0.000354069 4.735198e-05 0.11966732 0.06538663 5.7034056e-05 2.3637172e-05 0.009818626 0.22697186 0.028601743 0.0063010016 0.023638878 0.29624322 0.3533182 0.01217496 0.41034383 0.01166958 0.18530862 0.010354516 0.0018000453 0.00063462736 2.3234457e-05 0.02607866 0.00037911505 0.0068605514 4.726427e-07 5.266655e-05 7.5022916e-05 0.00011798103 0.061208192 0.00031949562 0.0011529605 0.0004248121 0.0024798694 1.1580487e-07 7.5830094e-06 6.0553873e-07 0.0019290859 1.4808054e-05 0.0022765102 3.9779712e-05 0.009916116 1.1915149e-07 3.014356e-07 0.04509168 1.0185552e-07 0.00043514784 3.6072643e-07 3.227951e-05 2.6607157e-05 0.0009018687 4.942459e-06 0.00028812015 3.0316336e-05 8.940245e-06 0.009761193 6.3978933e-07 0.003297395 0.0040878784 0.007392364 2.5608297e-06 0.0021664158 0.0009728225 0.0010899865 7.8491634e-05 1.6050308e-05 0.00019482378 4.2266566e-07 1.5516827e-05 6.2302564e-07 0.0003651248 0.0016128862 9.3330226e-07 3.2522803e-06 4.9097736e-07 2.406955e-06 0.00013928993 0.00011109271 6.8971435e-06 1.820469e-08 1.3047855e-06 8.74384e-09 9.880822e-08 0.0010859064 0.00012205418 4.557045e-05
0.9831838 0.9667325 0.64400804 0.5874604 0.257738 0.31549734 0.23135543 0.0025649641 0.20859885 0.0043761157 0.0037557443 1.2732301e-17 0.006744324 0.0015058828 0.47828513 0.00012737705 0.11107307 0.5844509 0.018024873 0.2618485 0.028965319 0.055456012 2.4613628e-05 7.348203e-05 0.00078455085 0.00024417788 0.03919005 7.847135e-05 0.00017449805 0.0004042431 1.51732165e-05 0.002825471 0.020779043 0.041072425 4.5534653e-05 0.70592165 0.0033336207 0.004339197 3.2561024e-05 0.003183374 0.020186312 0.037374567 0.0010304978 1.2453098e-07 4.928388e-05 8.004155e-06 0.00089993555 0.2588293 0.00034578983 0.0052608117 3.8170914e-08 9.305569e-05 0.052728895 0.00019060094 0.00027645 7.132062e-06 4.7238632e-07 0.016058493 0.010674155 3.104477e-07 7.8927715e-06 0.37097788 0.00011087901 0.008388114 6.1507933e-07 2.1371276e-05 3.663545e-08 3.698188e-06 5.9200784e-06 2.915057e-05 0.4007051 3.8454996e-06 0.008580954 2.4949787e-07 0.12707761 3.5863712e-07 0.07645695 3.860109e-06 0.001527305 2.5234596e-05 8.554504e-07 2.251633e-06 1.5755409e-09 4.987864e-08 9.150925e-09 0.3167226 0.034744944 7.1808626e-09 1.1548542e-06 1.2534588e-05 3.5175546e-07 3.8342852e-05 2.143535e-05 8.3649304e-08 0.0048533417 1.9827867e-08 0.00042019697 2.3593334e-08 0.5514377 1.4806902e-06 3.956283e-08
0.2541417 0.020674312 0.005885936 0.088255644 0.52074397 0.649855 0.0071912673 0.87296426 0.0018718402 0.8728279 0.8830223 0.006744324 3.7265004e-19 0.96482027 0.0011802217 0.50944257 0.0013584184 0.0002480884 0.17236924 0.03206313 0.0003832134 0.0002886113 0.0061998563 0.10403884 0.07491775 0.03064994 0.029367803 0.43153894 0.34670672 0.0070561348 0.28915587 0.011223588 0.12083556 0.00906766 0.010077604 0.0012441545 0.00028265602 0.011088927 0.0018961196 0.0050789802 1.0413939e-05 0.00054219674 0.00032909407 0.000580491 0.034799285 0.0006380583 0.0017459637 0.0017619285 0.0013492869 7.60751e-07 1.9530513e-05 2.5729878e-05 0.0007892185 6.337754e-05 0.0014540334 0.00025513544 0.0073210523 1.4161929e-05 9.832873e-06 0.0065931547 3.7870832e-06 0.00089661166 1.2995171e-05 3.2206422e-05 7.6723045e-05 0.0009661821 0.00012643775 0.00040655234 5.3256423e-05 5.2996e-07 0.0050938847 8.190486e-07 0.0030945747 0.00075338205 0.0045572296 6.2767926e-05 0.0019893253 0.00037359833 0.0013900449 0.00038337824 0.00013140627 6.537826e-05 1.6586351e-05 0.0001010215 1.2243266e-05 0.0009947742 0.0018197255 3.4211997e-05 6.917063e-06 9.844896e-07 7.553266e-06 0.00036919914 0.00034272316 1.1441238e-05 4.2284387e-07 1.6140411e-05 1.0865853e-06 7.5668354e-06 0.0008829005 3.3167027e-05 0.0002595334
0.12945485 0.010091694 0.0029382072 0.030889638 0.39008734 0.4845851 0.0022551243 0.7528763 0.000606151 0.80440485 0.82031655 0.0015058828 0.96482027 1.0735331e-19 0.00012307412 0.6868057 0.0002880155 1.3133867e-05 0.18304303 0.008954261 4.2497602e-05 2.252139e-05 0.018599948 0.17487182 0.1167573 0.059537034 0.0044202274 0.6759324 0.6064774 0.012687101 0.39741695 0.011729819 0.052862294 0.0033952252 0.027823957 0.00016160302 1.3281376e-05 0.013118333 0.0030614373 0.0060124868 1.186413e-06 8.256599e-05 9.095174e-05 0.0006508309 0.01923398 0.0006743112 0.00035967652 0.0002495206 0.0017310504 1.07172696e-07 9.9520774e-05 2.4820768e-06 5.496316e-05 6.4944297e-06 0.00016684023 0.00034193145 0.023442917 2.0115372e-06 4.115345e-07 0.0050265435 8.0793916e-07 0.0001881841 1.849469e-06 6.191073e-06 0.00021243918 0.00044875004 8.5600615e-05 0.00021762411 6.1346014e-05 8.756261e-08 0.0018577944 1.8221564e-07 0.0015721325 0.004608599 0.0010709154 0.00015662909 0.00033577805 0.0003231406 0.0007669258 0.00031227194 0.00014284461 0.000109076216 2.9320086e-05 0.00028785484 3.693749e-05 0.00017634449 0.00025838552 3.9577117e-05 1.9226878e-05 2.1009585e-07 2.0818792e-05 0.0004885614 0.00028394395 4.5823035e-05 1.6101882e-07 4.4980425e-05 3.948136e-07 1.4975191e-05 0.00022580866 6.366439e-05 0.00059178093
0.9543388 0.099941075 0.07890232 0.034759108 0.013645292 0.032211464 0.038626403 7.982303e-05 0.041701104 0.00020454913 0.00013332549 0.47828513 0.0011802217 0.00012307412 7.170052e-16 5.503924e-06 0.035493452 0.8631702 0.0005296062 0.017792838 0.032977365 0.1006423 4.17351e-06 9.23174e-06 0.000108924665 1.1778029e-05 0.010629114 3.7049833e-06 4.3217995e-05 1.1943568e-05 1.6771842e-06 5.454823e-05 0.005720906 0.005337958 3.127103e-06 0.7821623 0.015508995 0.00021443558 9.1584343e-07 3.352284e-05 0.10023499 0.9769991 0.002321002 1.1305985e-08 1.0031681e-06 1.1742404e-06 0.0008534353 0.9287415 8.759361e-06 0.04810606 1.2269881e-09 0.0005553473 0.009079896 0.00042633203 0.00048318942 1.3558069e-07 7.418968e-07 0.09213277 0.16190398 2.0913791e-07 0.00028892528 0.24721429 0.0027749178 0.036545973 1.06475815e-08 3.299891e-06 3.551796e-09 2.1307972e-06 1.9211589e-07 0.00018671236 0.077447146 0.000101381105 0.00018956585 1.6381613e-07 0.005809952 1.4384843e-08 0.012821116 8.6312315e-07 4.453912e-06 5.6166425e-07 4.880456e-09 1.5028743e-07 2.543005e-10 2.0095792e-08 1.1746379e-10 0.21671773 0.005569028 4.781659e-10 1.1731569e-08 0.00046861902 4.336994e-09 3.1474148e-08 1.8205583e-09 2.7343516e-10 0.042933278 8.9370254e-11 0.009094126 1.033569e-08 0.50318605 8.2552907e-07 3.483027e-08
0.6426409 0.0007545477 0.0006129552 0.006696229 0.044848174 0.30416015 0.00024914418 0.7343263 2.7056667e-05 0.7277248 0.72746146 0.00012737705 0.50944257 0.6868057 5.503924e-06 7.044708e-18 0.000104631814 1.7294998e-06 0.028679114 0.0020580585 5.7447037e-06 1.678029e-06 0.018894516 0.26686487 0.013891272 0.005409788 0.0026604012 0.72007084 0.5496725 0.0130958455 0.98063457 0.0018811048 0.10461837 0.00056350266 0.0031990644 1.3056027e-05 6.2934436e-07 0.016165676 0.0005847339 0.00012760161 1.3337196e-07 1.9146066e-06 1.8486382e-06 0.00011933556 0.11923503 0.00023741131 0.0004992812 1.935946e-05 0.0011825234 3.861499e-07 2.9144205e-05 3.419968e-08 3.077951e-05 4.4364506e-06 0.0026764702 5.216826e-05 0.3617475 9.012117e-08 2.4136702e-07 0.26583785 3.391367e-08 1.9065414e-05 6.5641935e-08 1.4335714e-05 2.0587591e-05 0.004721636 8.083844e-06 0.0013255846 1.5616753e-05 7.8447265e-05 0.001696648 2.894839e-07 0.0007804033 0.18075602 0.00031116308 7.312754e-06 3.3252003e-05 0.015150415 0.00033238353 2.4676758e-05 3.691534e-05 0.0063164732 8.406596e-06 7.38748e-05 7.158801e-06 2.1878017e-05 8.559679e-05 1.530064e-05 2.4826213e-06 1.2995196e-07 1.6014599e-06 9.536293e-06 2.027191e-05 0.00022108242 2.9622601e-08 1.6279913e-05 1.9370145e-08 3.8248095e-06 0.00035137427 0.010029708 0.0020264352
0.21819897 0.05349788 0.3250109 0.008159961 0.0041797347 0.4456698 0.7683453 0.0014592547 0.91479343 0.00041073095 0.000354069 0.11107307 0.0013584184 0.0002880155 0.035493452 0.000104631814 1.577258e-16 0.4644558 0.00017188615 0.0033822982 0.9069197 0.9289204 2.4599476e-05 5.8310514e-05 5.1623367e-05 2.0488229e-05 0.51561 5.817282e-05 9.1022675e-06 4.84492e-05 6.787374e-05 2.8358902e-05 0.117537946 0.0002785845 4.6484845e-05 0.011652531 0.5197514 2.7249038e-05 1.1454175e-05 6.5941667e-06 0.1193762 0.0026038648 0.33135748 2.0963284e-06 0.00033383022 1.4950519e-05 0.08208614 0.008016389 1.2853919e-05 0.0011284929 9.299877e-08 0.015963618 0.00010800107 0.03204485 0.0028630632 1.5700454e-05 1.1950199e-05 0.011993249 0.0012816677 6.373105e-06 0.010078421 0.003489614 0.005127972 0.007647008 5.3774284e-07 0.00010586154 1.509982e-06 0.0011783912 1.5723881e-06 0.0016422025 0.064607784 0.0029713993 0.00015522297 2.1899287e-07 0.00035809085 2.7380952e-07 0.00021290426 3.128642e-06 1.2653696e-05 1.15902985e-05 1.3965476e-06 4.461013e-07 7.343784e-08 1.6668531e-06 5.822277e-07 0.003923067 8.4349245e-05 2.3280388e-07 1.7847701e-07 0.00055922545 1.8714705e-07 2.79947e-06 3.579901e-06 3.3145145e-07 0.0009779391 7.9635294e-07 0.0005188646 1.3144725e-06 0.053745564 4.811136e-06 4.055178e-06
0.8878747 0.23359321 0.17979977 0.024384383 0.0051740026 0.035934594 0.08585094 0.00010260413 0.64499885 5.8533376e-05 4.735198e-05 0.5844509 0.0002480884 1.3133867e-05 0.8631702 1.7294998e-06 0.4644558 4.1017475e-19 5.2704083e-05 0.023888545 0.3448135 0.5887455 5.913922e-06 6.476441e-07 2.081883e-05 7.1671834e-06 0.0137255145 2.5898237e-07 8.780089e-07 2.3809923e-06 2.4325524e-07 9.604471e-06 0.0120214 0.0051378575 1.8911549e-06 0.6233934 0.08292541 7.726059e-05 1.0783763e-06 2.739992e-05 0.9002121 0.75941664 0.013181928 1.815178e-08 5.4064785e-06 8.799151e-07 0.0015175011 0.36213574 1.3116274e-06 0.61357653 1.6315176e-09 0.0008815719 0.0028819146 0.0005119584 0.00021427164 6.588427e-08 1.2936597e-07 0.40375873 0.4989676 5.5845e-07 0.00057509675 0.112473235 0.002334223 0.01778869 1.1490403e-08 1.8614189e-07 8.83905e-09 6.0880834e-06 1.4790129e-07 0.000184952 0.13016635 0.00016609456 0.0002250635 3.1510606e-08 0.0043230616 1.7437518e-09 0.006661627 1.7589122e-07 5.6744743e-06 5.453299e-07 4.8928896e-09 4.1905757e-08 2.6328123e-10 7.311188e-09 4.4199508e-10 0.08195923 0.0025272663 3.7976977e-10 2.0583486e-09 0.0009838525 2.6300881e-09 3.2040623e-07 7.596262e-08 5.93967e-09 0.092314966 9.637539e-10 0.015023141 3.0647198e-09 0.5035187 2.4168904e-07 1.3073639e-08
0.9486042 0.024161933 0.003062468 0.26040465 0.42148885 0.058113687 0.0017327765 0.15549257 0.00015062542 0.07662464 0.11966732 0.018024873 0.17236924 0.18304303 0.0005296062 0.028679114 0.00017188615 5.2704083e-05 3.3782076e-17 0.2989248 4.7098958e-05 5.4288583e-05 0.9239004 0.59876525 0.66621584 0.9080355 0.00025718752 0.086251594 0.39584395 0.78551215 0.008128639 0.8649135 0.011129478 0.18709621 0.3358808 0.011806517 1.7972192e-06 0.45917398 0.2961139 0.5725886 7.0438778e-06 0.0001490463 7.056635e-05 0.023089582 0.0022912633 0.054237768 0.0001835717 0.0026155012 0.099285364 1.6230872e-06 0.0014018592 4.852696e-06 0.018362941 2.2787972e-05 5.790421e-05 0.014750457 0.0011858288 1.3191465e-06 1.9030642e-05 0.0002553221 1.8198527e-06 0.006257861 1.2303358e-05 0.00021094341 0.0018412576 6.3720963e-06 0.0058915154 3.5229838e-05 0.002788499 3.7717145e-06 0.13157469 2.3411537e-06 0.16592969 0.0006877334 0.12019425 0.0010196235 0.052258164 1.6029704e-05 0.065393716 0.0062270197 0.005769796 2.6736448e-05 0.00045448708 0.00080104615 0.00066391396 0.009205103 0.018625403 0.00034730826 0.001056895 1.0796018e-06 0.0004063085 0.013510902 0.019693492 0.0061020465 2.1791134e-06 0.00067817327 6.909207e-07 4.409798e-05 0.032372203 1.0712969e-05 0.0013532612
0.9573601 0.2632978 0.068810105 0.7244449 0.42102852 0.15130076 0.038404122 0.13007642 0.009282716 0.053831384 0.06538663 0.2618485 0.03206313 0.008954261 0.017792838 0.0020580585 0.0033822982 0.023888545 0.2989248 4.7900716e-19 0.00013536477 9.864154e-05 0.0068358937 0.03499959 0.028985782 0.03378497 0.002702688 0.001056227 0.0037807417 0.05178127 0.00037280787 0.17377113 0.0074764374 0.9685287 0.008954722 0.37361872 5.753257e-06 0.17514127 0.01509235 0.1857108 3.2631746e-05 0.0066352594 9.1743395e-06 0.0014910843 0.00044618497 0.0043696617 8.3143204e-05 0.06620321 0.018470585 6.6074426e-06 0.0005761675 1.1501203e-06 0.74297935 2.319091e-05 2.015559e-05 0.0027225364 5.3043054e-06 1.7188925e-06 5.9707483e-05 9.320254e-06 8.8508806e-08 0.4850596 3.3188982e-07 0.022813018 0.0008877155 8.276659e-06 0.00053004955 1.4615505e-05 0.0019641933 1.1164e-06 0.6087076 3.2377864e-07 0.15356256 7.3520187e-06 0.4399898 0.00021894707 0.52196646 1.6728568e-06 0.029197557 0.0033046247 0.001632448 2.6120897e-06 6.4015458e-06 4.857907e-05 7.5597345e-05 0.4856566 0.36557767 3.5710661e-06 0.0004874066 3.3204276e-07 0.00018821858 0.0040605385 0.005097111 0.00016393498 8.8979067e-07 0.00014252648 4.0711683e-07 5.2130335e-06 0.3746996 1.0606107e-05 2.5714127e-05
0.048165753 0.010075913 0.11796905 0.0021463004 0.00066210463 0.091522746 0.2577084 0.00015787501 0.50775206 6.7158464e-05 5.7034056e-05 0.028965319 0.0003832134 4.2497602e-05 0.032977365 5.7447037e-06 0.9069197 0.3448135 4.7098958e-05 0.00013536477 2.3966528e-15 0.952153 1.1671686e-06 2.9505482e-06 3.039882e-05 2.3961964e-05 0.15429118 4.827907e-06 3.4945956e-06 8.8070965e-06 6.752771e-06 3.7802276e-06 0.043633167 1.6594675e-05 1.9656341e-05 0.0018189091 0.5315516 2.0853815e-06 5.5504306e-06 1.3823337e-06 0.13599041 0.0017788382 0.37229866 2.2074542e-07 0.0007047348 2.5504287e-05 0.11462147 0.0062076934 4.712333e-06 0.0019224108 7.6789135e-09 0.04925993 1.9068486e-05 0.0674507 0.0015405115 1.11091385e-05 2.3623484e-06 0.083755165 0.0014179173 3.8028088e-06 0.022895442 0.0015390768 0.01730835 0.015336769 3.0375344e-07 0.00018768586 7.7653266e-07 0.0013064698 3.0132248e-06 0.010037253 0.008531155 0.026341503 3.6808015e-05 2.1168191e-07 6.0085968e-05 1.9715874e-07 9.4017654e-05 1.9888187e-06 5.6183917e-06 2.6802187e-05 1.6109415e-06 1.5694329e-07 3.945913e-08 3.6482495e-06 1.1241397e-07 0.0015670081 0.00013619012 9.5615086e-08 2.287439e-07 0.0069881026 3.788024e-07 1.000555e-06 1.2335638e-06 2.2048684e-07 0.006241967 2.954207e-07 0.0041014347 2.4550096e-07 0.016053364 2.3045104e-06 4.8837273e-06
0.19127573 0.01070722 0.22442614 0.002066416 0.0005540167 0.1354191 0.2878525 0.00012887029 0.6156368 3.444864e-05 2.3637172e-05 0.055456012 0.0002886113 2.252139e-05 0.1006423 1.678029e-06 0.9289204 0.5887455 5.4288583e-05 9.864154e-05 0.952153 4.720297e-16 5.8469936e-07 4.3745563e-06 1.3104802e-05 1.3950415e-05 0.12974289 2.1510903e-06 3.8638327e-06 3.7708658e-06 3.320223e-06 2.5651632e-06 0.04688735 8.8906845e-06 1.3090962e-05 0.0033623741 0.69418883 2.2779052e-06 3.2588405e-06 1.3801799e-06 0.31867066 0.002298157 0.43026838 1.5765872e-07 0.00039022547 1.1647962e-05 0.10946812 0.017732305 5.5844916e-06 0.0040292176 1.5777181e-09 0.068529345 5.7485217e-05 0.087324545 0.002198642 2.4846604e-06 1.2528521e-06 0.16754478 0.0021517305 3.247343e-06 0.038182534 0.003652868 0.024961695 0.020441517 4.720238e-07 7.008133e-05 2.3326415e-07 0.00045584425 1.7584822e-06 0.008159945 0.020710276 0.043984108 2.9703468e-05 2.0914968e-07 0.00014565684 1.7478227e-07 7.8440156e-05 2.558906e-06 3.5420726e-06 9.224355e-06 4.1744553e-07 2.725361e-07 4.2440995e-08 1.9594943e-06 4.3066194e-08 0.0020578327 0.000316843 8.850323e-08 3.4257437e-07 0.015304699 4.7098055e-07 5.5807783e-07 5.2102126e-07 1.361177e-07 0.015762627 2.4290335e-07 0.008208762 2.5869062e-07 0.07975392 2.9164041e-06 3.5145854e-06
0.97357905 0.00041817655 0.00012237646 0.0030709375 0.00583057 0.0029940333 8.513096e-05 0.0063062287 1.532646e-05 0.0054173074 0.009818626 2.4613628e-05 0.0061998563 0.018599948 4.17351e-06 0.018894516 2.4599476e-05 5.913922e-06 0.9239004 0.0068358937 1.1671686e-06 5.8469936e-07 9.293407e-15 0.7512644 0.39753112 0.8801801 5.9060905e-05 0.035456035 0.15210013 0.76043504 0.008402245 0.54562604 0.0032522664 0.015297067 0.46547043 5.9222046e-05 2.1113813e-07 0.17997465 0.50732255 0.13774212 5.546179e-07 2.869952e-06 3.996451e-07 0.04485799 0.000334825 0.052253827 1.3621382e-05 0.00018461436 0.061559096 2.198351e-07 0.0042948043 1.3434644e-06 0.0027203693 2.3784958e-06 1.1153341e-05 0.015310537 0.001041751 9.229142e-08 7.930107e-07 0.00012427468 2.3929067e-06 0.00065976265 1.429107e-06 7.638757e-05 0.0013010822 2.393613e-05 0.019234095 6.541699e-05 0.0029208143 8.437649e-06 0.021279369 4.776894e-07 0.0748591 0.001552696 0.012590292 0.0025278726 0.008088945 7.6007695e-06 0.034362502 0.0024696407 0.002100951 9.567009e-06 0.0028776973 0.00346285 0.0005030579 0.0010576034 0.006679101 0.002056683 0.00036274336 2.2781878e-06 0.0001811574 0.004195921 0.0066115567 0.003214824 9.153199e-08 0.0002704863 5.895957e-08 0.000956685 0.0049765087 5.0136987e-06 0.0034887737
0.9570493 0.00031830644 0.00031002745 0.0051119025 0.01095734 0.05605967 0.0001126193 0.13031642 2.3287628e-05 0.14784303 0.22697186 7.348203e-05 0.10403884 0.17487182 9.23174e-06 0.26686487 5.8310514e-05 6.476441e-07 0.59876525 0.03499959 2.9505482e-06 4.3745563e-06 0.7512644 2.1480564e-17 0.9709726 0.424699 0.00018877945 0.4306986 0.7681192 0.56876117 0.2695097 0.17605577 0.0313092 0.033422045 0.527697 8.5010244e-05 8.516815e-07 0.41273457 0.29949763 0.10893087 4.4701224e-07 5.013445e-06 2.1114106e-06 0.21445367 0.0058755125 0.05432969 3.7958427e-05 0.00019777974 0.13498443 5.006705e-07 0.029929232 4.857995e-07 0.0032866548 4.9013083e-06 2.0427844e-05 0.046913162 0.15065339 9.9830984e-08 7.772225e-07 0.026375104 1.2239594e-06 0.0015713186 3.0978772e-06 3.9071103e-05 0.0064779758 0.0003816293 0.27089027 0.00015083802 0.004608854 1.4255617e-05 0.044495936 1.8766438e-06 0.13679223 0.37009698 0.0332278 0.10804483 0.007956409 0.0005258299 0.06613504 0.0062267673 0.016600557 0.0008199353 0.17626233 0.24571474 0.002469199 0.0013099811 0.0042849323 0.11879823 0.00079462177 4.4830176e-06 0.00046676892 0.006481823 0.025971495 0.022270804 5.954317e-08 0.0046701273 1.3284236e-07 0.016503753 0.003888704 0.00023827438 0.28128618
0.5625128 0.008345728 0.00084923656 0.060488418 0.10325193 0.021800308 0.00062306074 0.019679433 0.00010896102 0.015454181 0.028601743 0.00078455085 0.07491775 0.1167573 0.000108924665 0.013891272 5.1623367e-05 2.081883e-05 0.66621584 0.028985782 3.039882e-05 1.3104802e-05 0.39753112 0.9709726 1.4183705e-18 0.6890629 0.00030462013 0.073682934 0.47725847 0.1967046 0.0041651526 0.26856375 0.0030427927 0.017827716 0.78830063 0.00092397205 4.7550137e-07 0.14796674 0.27385265 0.20683105 3.5084236e-06 8.6553744e-05 3.7184935e-05 0.11253595 0.0013532953 0.080946945 0.00039685873 0.000620505 0.08869541 5.0530815e-07 0.0064844103 1.0564697e-05 0.0011811883 0.0001466705 1.9243147e-05 0.018401377 0.0033976543 2.2694878e-06 2.420107e-06 0.00026750492 3.7981185e-06 0.0019652836 1.2374361e-05 2.8525961e-05 0.019048352 3.65358e-06 0.049707875 4.354903e-05 0.010765792 2.0126574e-06 0.008478682 2.090144e-06 0.0353294 0.0028017713 0.009622479 0.016279675 0.0055507566 2.863803e-06 0.030166553 0.020616451 0.006162816 4.9804157e-06 0.013898203 0.021183511 0.0016833554 0.0030797303 0.0024261456 0.008550007 0.003157845 1.1910645e-06 0.008059864 0.025715815 0.021445047 0.005171785 1.0127268e-06 0.0033762634 9.2979224e-07 0.0009558237 0.0022225843 6.0610587e-06 0.009580696
0.84342515 0.007548169 0.00039724348 0.0543755 0.14532074 0.003656747 0.00021950508 0.0071353964 2.2758286e-05 0.0026239292 0.0063010016 0.00024417788 0.03064994 0.059537034 1.1778029e-05 0.005409788 2.0488229e-05 7.1671834e-06 0.9080355 0.03378497 2.3961964e-05 1.3950415e-05 0.8801801 0.424699 0.6890629 4.76716e-18 0.00011015147 0.09270067 0.25789785 0.6831937 0.0007382726 0.6580147 0.005070857 0.018032007 0.88474774 0.0007160382 3.1870815e-07 0.22750242 0.88916427 0.42650858 6.0676024e-07 2.8107017e-05 1.5309046e-05 0.35482618 2.8159016e-05 0.32810813 0.00019604701 0.00070553634 0.17927462 6.3193164e-07 0.020623079 4.8827633e-06 0.0016330881 1.184136e-05 8.600751e-06 0.0744134 0.001008758 1.3563431e-06 3.9287384e-06 3.6477955e-05 2.8675745e-06 0.0017353703 5.4938914e-06 7.806254e-05 0.030887485 1.0094936e-06 0.18866347 1.8417728e-05 0.025546731 8.155264e-07 0.014322253 4.752545e-06 0.083691105 0.0014426961 0.016335048 0.026794571 0.006207918 1.3214136e-05 0.07982747 0.029854694 0.0076242024 6.1179358e-06 0.012501733 0.01496104 0.002255975 0.0020629228 0.003929668 0.0075343526 0.0042194924 2.980131e-06 0.005239972 0.026355738 0.0206835 0.009878469 1.6451556e-06 0.002857377 5.159639e-07 0.0020416803 0.0048141056 1.0148534e-05 0.0055235904
0.07510933 0.050346047 0.2734608 0.030233108 0.030088425 0.85026723 0.6138157 0.018839028 0.355214 0.029084284 0.023638878 0.03919005 0.029367803 0.0044202274 0.010629114 0.0026604012 0.51561 0.0137255145 0.00025718752 0.002702688 0.15429118 0.12974289 5.9060905e-05 0.00018877945 0.00030462013 0.00011015147 2.2639832e-18 0.0012022279 0.0005081744 5.4061675e-05 0.014088468 4.45329e-05 0.97007245 0.00028125348 0.00016977283 0.004286674 0.35357085 0.00014020524 2.3952505e-05 6.678269e-06 0.0007499123 0.002052945 0.5875509 1.4861366e-06 0.3080974 1.9600278e-05 0.82523376 0.01215091 2.1184367e-05 1.6235834e-05 2.1433875e-07 0.07630578 5.9908594e-05 0.26678982 0.39156672 3.924284e-05 3.7541395e-05 0.0008571687 0.00021609329 0.00023749624 0.006321478 0.0021783612 0.00067217636 0.0024293705 7.7030086e-07 0.019361828 1.0361049e-05 0.08344807 3.646552e-06 0.15512002 0.067652464 0.0074595823 0.0003714435 8.297883e-07 0.00050007936 7.236521e-07 0.00018921905 5.9513513e-05 9.200253e-05 1.0076156e-05 7.1345175e-06 2.2527522e-06 2.4366049e-08 1.4825439e-06 2.368842e-07 0.0033917995 9.390699e-05 6.1422135e-08 9.2753464e-07 0.000110909896 4.1679314e-07 1.0111427e-05 2.3123532e-05 5.6199397e-06 4.913999e-05 8.3528334e-07 0.00017287381 1.8313278e-06 0.016106086 8.890409e-05 3.7762024e-06
0.08497953 0.0035584571 0.0010749116 0.010610231 0.040634364 0.260846 0.0014007688 0.16946883 9.513498e-05 0.27230617 0.29624322 7.847135e-05 0.43153894 0.6759324 3.7049833e-06 0.72007084 5.817282e-05 2.5898237e-07 0.086251594 0.001056227 4.827907e-06 2.1510903e-06 0.035456035 0.4306986 0.073682934 0.09270067 0.0012022279 1.3567831e-19 0.98604 0.022945384 0.8820476 0.005735278 0.05247677 0.0003391738 0.09029576 3.632649e-05 5.8315237e-07 0.013262029 0.008891334 0.0026348056 6.518866e-08 4.7755393e-06 3.5584722e-05 0.0063941153 0.034694724 0.0008701563 0.00018332362 0.00016009544 0.0019360563 8.602079e-08 0.0006659834 2.425103e-07 5.2975165e-06 3.6705915e-06 0.00016121712 0.00038298924 0.59953344 9.6521916e-08 9.0106724e-08 0.116347946 5.063424e-07 9.820892e-05 6.3097264e-06 1.3304721e-06 0.00033437123 0.0017935295 0.0015555937 0.001016393 0.00023335264 6.7123307e-07 0.00033304223 7.8821995e-07 0.0027503932 0.4533843 0.0006004201 0.0011272837 0.00012300196 0.0015548277 0.0015637163 0.0005496835 0.00029653384 0.0011560583 0.0008921563 0.010974915 4.9858027e-05 0.00012347584 0.00012620489 0.0007323356 5.2393574e-05 2.294434e-06 0.00016806123 0.00039749945 0.00059298426 0.00032992839 5.4515695e-08 0.00014549786 2.5374854e-07 6.231968e-05 7.3250005e-05 0.0011425036 0.09855777
0.27933934 0.004104637 0.0023693088 0.01187141 0.037817813 0.22816679 0.000976427 0.16105229 1.5542879e-05 0.2901548 0.3533182 0.00017449805 0.34670672 0.6064774 4.3217995e-05 0.5496725 9.1022675e-06 8.780089e-07 0.39584395 0.0037807417 3.4945956e-06 3.8638327e-06 0.15210013 0.7681192 0.47725847 0.25789785 0.0005081744 0.98604 5.833496e-19 0.11755016 0.7104164 0.07715948 0.012392993 0.0034352222 0.3006982 0.00062762806 6.4088326e-08 0.09065792 0.09779959 0.041308645 1.7771492e-07 6.7732744e-06 7.927427e-06 0.070024654 0.006251138 0.021202343 0.00012386056 0.00039527213 0.018782495 5.709906e-08 0.0053776493 1.2385902e-06 8.309104e-05 9.676939e-06 4.7020596e-05 0.00864257 0.29678285 1.8323925e-07 3.4008195e-07 0.013467086 1.9310532e-06 0.00039959484 4.028309e-06 4.051359e-06 0.006497054 0.0003514505 0.01795317 0.00043685347 0.0027124006 6.1226604e-07 0.0013609222 1.1183051e-06 0.006255435 0.25223175 0.0016955455 0.011137122 0.0007136219 0.000363723 0.007867457 0.0038114975 0.0036677106 0.0003005052 0.026034627 0.045828328 0.0017316531 0.0007786333 0.00031280605 0.016445847 0.0012860448 8.635801e-07 0.004010902 0.0048301895 0.0042330422 0.0024426498 1.696443e-08 0.0022045386 9.362578e-08 0.0009802318 0.0010506037 0.00019236974 0.13930865
0.9713532 0.0012100547 0.0006897344 0.019154456 0.021649385 0.004882186 6.401598e-05 0.008619943 7.964513e-06 0.0073846704 0.01217496 0.0004042431 0.0070561348 0.012687101 1.1943568e-05 0.0130958455 4.84492e-05 2.3809923e-06 0.78551215 0.05178127 8.8070965e-06 3.7708658e-06 0.76043504 0.56876117 0.1967046 0.6831937 5.4061675e-05 0.022945384 0.11755016 6.818159e-16 0.0017457705 0.91358256 0.0019790106 0.026510302 0.38399926 0.0007092397 1.829932e-07 0.49936837 0.67360663 0.36871824 1.6401849e-06 1.7396926e-05 3.887936e-06 0.17860135 0.00015090089 0.38372344 0.000121043035 0.0010443298 0.39025453 7.5493165e-07 0.036980476 4.2024426e-06 0.0060266885 2.1455022e-05 5.08283e-05 0.15995614 0.00034676056 4.047974e-07 3.495242e-06 2.9696614e-05 2.9977843e-06 0.002731018 2.5927066e-06 0.00012529836 0.014130624 3.7044556e-05 0.18205917 1.6700507e-05 0.025745206 2.7239868e-05 0.036474776 4.388571e-06 0.22619748 0.002601147 0.10177694 0.02246506 0.025440784 1.6558457e-05 0.21994472 0.017480806 0.013346913 1.7266317e-05 0.012488988 0.0052566696 0.0024664833 0.004361978 0.015141902 0.0057082237 0.0015733212 6.467753e-06 0.0005963339 0.027637236 0.037061173 0.011659294 3.5425e-07 0.0018140716 1.384667e-07 0.0032460103 0.013671279 5.1459847e-06 0.0023515245
0.14494827 4.018986e-05 0.00033028005 0.0015668086 0.0086808 0.32179636 0.0005543546 0.24802889 6.1572346e-06 0.4203749 0.41034383 1.51732165e-05 0.28915587 0.39741695 1.6771842e-06 0.98063457 6.787374e-05 2.4325524e-07 0.008128639 0.00037280787 6.752771e-06 3.320223e-06 0.008402245 0.2695097 0.0041651526 0.0007382726 0.014088468 0.8820476 0.7104164 0.0017457705 3.3032442e-21 0.0001285818 0.29271626 4.7376348e-06 0.0005140477 1.6148656e-06 1.4019146e-06 0.0023564205 8.271443e-06 4.485541e-06 1.581693e-08 1.191745e-06 1.8991717e-05 5.0734445e-05 0.55778515 5.833367e-06 0.0045713307 4.3504137e-06 4.9254984e-05 3.296154e-08 6.732711e-05 5.580211e-08 2.9387607e-07 1.4036224e-05 0.009555183 2.7804037e-06 0.844598 4.768103e-08 2.2457345e-07 0.7878225 2.2024705e-07 3.76281e-07 8.53712e-07 7.493111e-07 7.982302e-07 0.097801365 2.682076e-06 0.0150730405 1.0527328e-06 4.530728e-05 0.0003229702 1.2619591e-07 0.00012937319 0.6467399 3.8253733e-05 4.6706164e-06 1.3342318e-06 0.27588403 3.9898936e-05 1.1437724e-05 3.5223331e-06 0.14266777 3.5557925e-05 0.00032242978 2.819603e-06 1.5968753e-06 1.6615286e-06 6.67931e-05 1.0883446e-07 2.2754332e-07 3.7853303e-07 1.6961778e-06 9.240777e-06 1.4062311e-05 1.4545389e-08 2.0887512e-06 1.5736525e-08 4.708611e-07 0.00013092716 0.20193009 0.041656684
