5.3816697e-30 0.953893 0.9923809 0.91076005 0.9616147 0.9914533 0.48811007 0.9327421 0.98159266 0.06182426 0.38354874 0.93676025 0.9645754 0.9216737 0.9856082 0.97344804 0.96342796 0.973807 0.5957759 0.76197064 0.98375046 0.80389035 0.98751456 0.9799108 0.9789557 0.99257535 0.95106393 0.9944489 0.78731865 0.97008675 0.40521213 0.8812017 0.99714744 0.3063008 0.972097 0.94135445 0.9610395 0.39617032 0.9563523 0.95729446 0.9997678 0.9746467 0.12926114 0.07630021 0.43077785 0.35566804 0.8600236 0.13583232 0.20948464 0.22574382 0.9949705 0.99735284 0.95449907 0.019513475 0.999954 0.6487848 0.69812554 0.98882145 0.9643596 0.07319867 0.018487716 0.001362929 0.9993703 0.0018647836 0.37275863 0.9790931 0.40549865 0.16539979 0.6049793 0.011553815 0.89440584 0.035443634 0.95391816 0.0009009046 0.13890578 0.92739993 0.087059684 0.99825156 0.9849229 0.0013987831 0.021567075 0.49552974 0.25859413 0.997929 0.0010571436 0.6594093 0.035198346 0.030579876 0.0011658844 0.01603956 0.0003950447 0.775644 2.6625125e-05 0.44396704 0.24685173 0.0008208621 4.06512e-05 0.0042868205 0.076902345 0.0019592962 0.82201844
0.953893 2.1791246e-22 0.9251076 0.6725875 0.52353674 0.060865622 0.83427715 0.45675138 0.21874411 0.4545337 0.088557675 0.08285681 0.38769656 0.14195253 0.16355895 0.029068893 0.0860446 0.06733916 0.06579583 0.060173985 0.072461486 0.07184901 0.19370417 0.0013081747 0.019704595 0.00034478155 0.044537254 0.0653779 0.013603455 0.006760987 0.011131861 0.03916979 0.006099724 0.031102723 0.00011255316 0.00032465567 6.0098755e-05 0.00090096134 1.5875408e-05 0.00023950505 0.0245547 0.00016001928 0.0060731843 0.033490326 0.0017424414 0.084452406 0.00043266956 0.0007531228 2.6553316e-05 0.0059157447 0.0006189341 0.12527506 0.00028042373 0.02320827 0.77430254 0.0007654914 1.788275e-05 0.0113214385 0.00056327914 0.00010582198 0.00013834456 0.0016910675 0.07433217 0.004612607 4.9398864e-06 5.9792696e-06 5.453176e-06 2.0604915e-07 2.5883473e-05 2.0600299e-05 9.916365e-06 3.0240465e-06 0.0021797651 0.00011344966 1.07240794e-07 0.0021420738 2.4034775e-06 0.077686094 0.00926721 3.099995e-05 3.1755721e-06 7.911069e-06 5.2669084e-06 0.0030607162 0.00026239568 1.5145176e-06 2.788572e-06 2.9382562e-07 0.00067113 2.5734623e-06 2.6355045e-05 2.7455276e-06 7.691679e-06 3.8729542e-07 0.0006536923 0.00023969794 1.3892159e-05 0.00024943257 7.750164e-08 2.9189376e-05 0.00030070846
0.9923809 0.9251076 1.7254761e-20 0.82172334 0.64567876 0.4793725 0.3103211 0.013157902 0.05152269 0.1778919 0.24338458 0.07096986 0.02812942 0.01641033 0.011791287 0.20976469 0.0044073216 0.030057833 0.04085955 0.01393676 0.0053070458 0.10998485 0.232155 0.01767351 0.0012055585 0.0017532887 0.00067728 0.11289311 0.016032174 0.00015383768 0.044272147 0.0007544883 0.00020834515 0.03460623 0.00031311106 0.000247842 0.00023554018 0.004981407 5.934292e-05 4.683324e-06 0.046296857 3.9602432e-06 0.003591533 0.035348285 0.00046479265 0.22876781 5.6078347e-06 0.001780685 0.00020222217 0.012786602 1.519188e-05 0.04388641 8.613229e-06 0.06264253 0.68996215 8.87759e-05 5.5099923e-07 0.0034103473 0.00028649153 0.00040246514 2.7910453e-05 0.0026780365 0.05938277 0.007303016 0.00011999885 5.149139e-07 3.2922933e-06 4.8019564e-07 2.0223779e-06 4.8589725e-05 1.5116174e-06 6.853778e-07 0.00068472466 0.00028508028 5.7916248e-05 0.00019471826 1.0904804e-06 0.06259905 0.0015533995 0.00012813158 3.9178954e-06 0.00012317253 1.3085988e-06 0.002746937 0.0015634374 4.2630785e-05 9.071395e-07 2.6421606e-07 0.0021653364 0.0013971132 0.00032545795 8.156648e-07 2.3868852e-06 9.0913275e-08 0.0010442587 0.0031837688 1.4408851e-05 0.005850377 4.279449e-07 0.00019354082 0.0009129519
0.91076005 0.6725875 0.82172334 2.6131123e-20 0.9312947 0.79166234 0.61490494 0.029449824 0.054946 0.7041191 0.90602404 0.24043027 0.08608511 0.013589594 0.016048182 0.15693122 0.010080848 0.0029669227 0.005941042 0.0024517472 0.013306167 0.019508354 0.25056133 0.032807495 0.0010233404 0.010070086 0.0027696986 0.1487457 0.0014824098 0.0008321238 0.06186285 0.0015918692 0.0010110959 0.10395967 0.00070549164 0.0017638562 0.00048400156 0.0038940373 0.0002449083 2.287195e-05 0.039247576 3.127498e-05 0.00011051722 0.012861492 7.5658036e-06 0.35268193 2.0243722e-05 4.6490968e-05 0.00037836502 0.0011840243 0.00017129522 0.026785176 2.2067215e-05 0.055773042 0.41655084 8.550283e-06 4.0099428e-07 0.0031971827 0.0018751564 0.00030938355 2.9139823e-08 0.001435306 0.01866875 0.018544802 8.368294e-05 1.6230501e-06 7.7479956e-07 1.5533978e-08 6.459739e-06 7.74511e-06 3.75155e-06 5.388686e-07 0.0022770322 1.4920537e-05 1.5265892e-05 0.0001430985 1.6511425e-06 0.011700954 0.0007003377 1.5339472e-05 1.2686871e-06 9.243664e-05 4.006371e-06 0.0010655791 0.0026335309 4.3224263e-05 2.6689356e-06 5.8252336e-08 0.003662576 4.6984598e-05 0.0004917766 2.3450843e-08 3.1173363e-06 1.8288365e-07 0.0009954798 0.0007336543 1.2464828e-05 0.0010553746 7.9090205e-07 0.00022584849 0.00041671254
0.9616147 0.52353674 0.64567876 0.9312947 4.7252647e-18 0.6303801 0.8488181 0.010344341 0.036961243 0.85616523 0.8208394 0.035216995 0.009483763 0.009847532 0.01618387 0.10137164 0.00641131 0.030093376 0.056589384 0.0073350742 0.0035923894 0.32679936 0.060021702 0.0030051968 0.0005891203 0.0008533365 0.00053353014 0.031712547 0.02073372 0.00023012844 0.033898078 0.00033812367 0.00024302627 0.09197468 0.00018036495 0.0005388967 4.3081298e-05 0.0016808065 4.288466e-05 1.6000684e-05 0.01244135 9.594456e-06 0.0020873523 0.33120796 0.0017021858 0.8262502 1.7675624e-05 0.004645015 0.00018135345 0.16846709 3.7129652e-05 0.011085401 2.1403604e-05 0.47055015 0.31650516 0.00010484017 6.4770825e-07 0.00093747943 0.0001992671 0.00028370818 2.6599924e-05 0.04937466 0.009350289 0.18098119 1.5614816e-05 1.8299836e-06 1.4825046e-06 2.021328e-07 4.1109774e-06 9.4059e-05 1.2003065e-06 4.3934267e-07 0.00021293348 0.0018558013 3.1977936e-06 1.9249112e-05 5.643122e-07 0.011365618 0.00044588908 0.0005515931 3.5911612e-06 1.343433e-05 3.5966806e-07 0.00042145877 0.00861382 1.4960152e-06 3.0657097e-06 3.2873124e-09 0.0103505915 0.00026184449 0.00071979535 4.984083e-10 1.6623106e-05 2.4684546e-09 3.6677033e-05 0.006112801 3.529433e-05 0.012667088 1.039081e-06 0.00035772735 0.00013854221
0.9914533 0.060865622 0.4793725 0.79166234 0.6303801 4.1745813e-19 0.047495067 0.0025655588 0.007644963 0.17202477 0.8577578 0.4688624 0.010752531 0.0023425533 0.000578622 0.83087814 0.0001968543 0.0071089976 0.00465969 0.0018037114 0.0009207157 0.011901205 0.18546107 0.5712557 0.0002982776 0.07331263 0.00016079655 0.19895793 0.0022696904 6.871194e-05 0.6164229 2.4666711e-05 0.00020288806 0.5114272 0.04696934 0.014342168 0.026939113 0.16177386 0.008334069 8.059449e-06 0.0938358 5.30426e-06 0.00010930781 0.0067542307 0.00030046052 0.7214919 3.5389055e-06 0.0001322549 0.008929011 0.0008572859 9.391778e-06 0.017220225 9.35792e-06 0.11192231 0.48023525 8.9513145e-05 1.5389181e-06 0.0013606581 0.0053702868 0.009272164 8.811277e-07 0.00010552488 0.024500217 0.009098159 0.0007869986 6.705107e-07 1.9277567e-07 2.3613145e-06 9.979801e-07 5.893282e-06 1.9134236e-06 4.672543e-07 0.009551156 3.4449902e-06 0.00027518085 6.380297e-05 1.1886339e-06 0.020424316 0.00030826114 1.7135986e-05 1.7671653e-06 0.000513626 4.495266e-08 0.007849815 0.014178674 0.00029270485 3.64921e-06 1.084717e-09 0.020932581 0.015032501 0.004462269 5.890514e-09 1.6106621e-06 3.8750856e-09 0.0036814879 0.00062297634 3.187706e-06 0.014588776 2.2446438e-06 0.0044076624 0.0016194206
0.48811007 0.83427715 0.3103211 0.61490494 0.8488181 0.047495067 2.0910142e-20 0.3586208 0.03942309 0.9619463 0.26510602 0.12863952 0.04274588 0.32904425 0.025863683 0.025094407 0.042620383 0.09359396 0.27083027 0.04732687 0.0021038903 0.47243658 0.010756622 0.0016312739 0.0016739072 0.0004339305 0.0025217796 0.006162783 0.021059752 0.00034345244 0.011353349 0.0032325771 0.00048192247 0.016552065 0.00023553005 0.00018815181 5.39724e-05 0.0007644489 1.1710101e-05 4.422036e-05 0.0034724257 1.9689325e-05 0.002981003 0.39406675 0.00024736996 0.3880527 2.5773763e-05 0.0018948704 1.392131e-05 0.06040206 1.1461016e-05 0.0051191645 3.0207116e-06 0.30041587 0.057591826 0.000134903 2.6922203e-07 0.0010931345 4.986259e-05 4.8403712e-05 0.00022356307 0.014380937 0.005409881 0.12407305 3.2676337e-07 1.2554322e-06 1.1443067e-06 3.389196e-07 2.0749287e-06 1.3528274e-05 3.713176e-06 1.2080812e-06 0.00020621026 0.00037597417 2.6087063e-08 1.1331931e-05 5.335922e-07 0.0045217974 0.00020428185 5.077902e-05 2.623041e-06 8.095164e-07 1.9903545e-07 6.428363e-05 0.0003262168 2.981891e-08 1.2034918e-06 8.184567e-09 0.00030241592 5.989331e-06 0.00016789496 6.539784e-09 3.4414375e-06 4.341697e-08 7.030696e-06 0.003184481 7.5755793e-06 0.0003358823 6.5672125e-06 2.7597942e-05 6.376875e-06
0.9327421 0.45675138 0.013157902 0.029449824 0.010344341 0.0025655588 0.3586208 7.560917e-20 0.56533664 0.090709664 0.019872343 0.22674248 0.30179843 0.9269816 0.79059464 0.010995112 0.94418204 0.4403538 0.22307669 0.7603346 0.103077814 0.100193664 0.11447613 0.00019232866 0.08644966 0.0002599379 0.41049728 0.01766014 0.20330738 0.10606156 0.0014385126 0.34777114 0.023179168 0.002928549 2.7050575e-05 0.00024903374 2.0177187e-05 0.00017268151 2.3462858e-06 0.008465976 0.006786805 0.0008096782 0.32338056 0.054212406 0.14443761 0.0035983282 0.006965118 0.031251915 1.1642599e-05 0.014641363 0.00079984765 0.08465652 0.000996824 0.005031397 0.19378258 0.17650987 0.013160342 0.0137725985 9.958866e-05 5.821186e-06 0.02459368 0.0008356917 0.073008984 0.001142953 1.0895551e-06 0.00014278306 0.00083609467 0.01248731 0.0014051701 0.004756783 0.00013619543 0.007404733 0.00019745275 0.001103141 1.3291017e-07 0.007043478 0.0042063403 0.025315687 0.0051577105 0.001605321 0.006785003 2.8039883e-06 0.0003534216 0.00056624116 1.49105945e-05 1.8807681e-06 0.007331571 5.689205e-05 0.00013012615 2.1401156e-05 4.424873e-06 0.0006014482 0.0003168409 1.8478091e-05 0.0001708448 0.0006658533 0.001224029 0.00041659808 0.0001357306 4.763963e-06 5.5349723e-05
0.98159266 0.21874411 0.05152269 0.054946 0.036961243 0.007644963 0.03942309 0.56533664 1.33665166e-17 0.006876282 0.0034480258 0.103877984 0.949673 0.1908414 0.9248121 0.016052261 0.50193477 0.31092116 0.14325441 0.2118806 0.3065463 0.17622268 0.17878968 0.00020448203 0.31946084 0.00029151002 0.25741735 0.029809248 0.1440558 0.1206471 0.0020824326 0.10972071 0.14136577 0.00030662597 3.5393365e-05 0.0002592405 2.5500494e-05 0.00021403801 9.038956e-06 0.0074487133 0.013764944 0.0030927057 0.12989724 0.0040759295 0.12395664 0.0026664122 0.00702427 0.043842267 9.251914e-06 0.015155249 0.0013038937 0.21706429 0.0018957553 0.00064480427 0.38844648 0.09575635 0.010346106 0.015183568 0.00023695461 3.7516842e-05 0.010447413 0.00026922347 0.047039364 0.0001012134 1.1701897e-05 7.826903e-05 0.0002812934 0.001521431 0.00073250255 0.0025762953 8.8302455e-05 0.0018607217 0.0007366547 0.00043776404 7.59585e-06 0.003344127 0.0013511314 0.045815 0.0092224525 0.0002652766 0.0068440936 4.665014e-05 7.876811e-05 0.0016103089 1.3249318e-05 6.2730314e-06 0.003906755 7.383039e-06 1.0352762e-05 5.425103e-06 3.2475787e-06 0.00040254055 3.6896647e-05 5.863346e-06 0.0003678045 0.001231113 4.269735e-05 0.0009147423 1.5671925e-05 4.74665e-07 0.00035754108
0.06182426 0.4545337 0.1778919 0.7041191 0.85616523 0.17202477 0.9619463 0.090709664 0.006876282 6.73518e-23 0.9344792 0.1236158 0.017276399 0.05576015 0.0035034304 0.02458508 0.010975564 0.005700151 0.01898216 0.0061244513 0.00030879374 0.060761742 0.00903809 0.013098369 0.00033838887 0.0012825573 0.0001103424 0.005597398 0.0018100027 1.2606408e-05 0.06491867 0.0002542033 6.227109e-05 0.115134865 0.0013163568 0.00061213766 0.0004127756 0.0023598783 0.00014733248 2.628357e-06 0.0025418974 1.5641294e-06 3.3661392e-05 0.1797532 1.4979733e-05 0.53868175 3.195273e-06 7.874964e-05 0.00017908034 0.0016797825 4.1037524e-07 0.0015108413 7.9253056e-07 0.30784774 0.010111872 6.599042e-06 9.3673115e-08 0.0003062788 0.0003752266 0.00012092962 5.8182436e-06 0.007860344 0.0015323515 0.13784994 6.5637555e-06 2.0353328e-07 1.616196e-07 1.8518294e-07 7.919043e-07 4.3456785e-06 8.035623e-07 3.3778053e-07 0.00066831976 0.00014058925 3.0404948e-08 3.078874e-06 7.0416297e-07 0.0010937309 2.2465594e-05 4.5263532e-05 5.9541264e-07 4.914329e-06 1.2570223e-07 0.0001354965 0.0039719497 9.085481e-07 7.972762e-07 6.115975e-10 0.0069224783 3.642032e-05 0.000989263 1.4928905e-09 2.3822051e-06 4.8466273e-08 4.250459e-06 0.0033604412 1.3998407e-05 0.0061461083 4.2304754e-07 0.00014438144 2.1269654e-05
0.38354874 0.088557675 0.24338458 0.90602404 0.8208394 0.8577578 0.26510602 0.019872343 0.0034480258 0.9344792 2.3086601e-20 0.15329811 0.01467576 0.011532408 0.0003914781 0.041177493 0.00063793507 0.0005790857 0.0028341382 0.0007290503 0.00025864216 0.0051910565 0.020546721 0.3413212 2.7673794e-05 0.0074036773 0.00010439261 0.018362401 8.4545834e-05 4.834102e-05 0.5179389 2.2895123e-05 1.4274651e-05 0.7809561 0.013866739 0.0031687035 0.0034859367 0.0774001 0.0008438679 6.901361e-06 0.009426456 3.487918e-07 9.344632e-08 0.00993195 6.192301e-08 0.73415035 2.0314708e-06 5.1465345e-06 0.0045180237 0.00012207526 3.4877817e-07 0.0019830293 4.2576582e-07 0.26705784 0.032133617 5.660889e-07 1.6285743e-08 0.00067264546 0.0033107172 0.0022110045 6.5313444e-09 0.00024191749 0.004275028 0.048443593 0.000118365446 3.1602877e-08 2.9166367e-07 5.3863483e-09 1.4094634e-06 2.2261236e-07 4.2720933e-07 3.3833942e-08 0.0022157487 2.673025e-07 1.1747204e-05 1.4789754e-06 5.7544696e-08 0.0028914688 9.083853e-05 4.36324e-06 1.1336151e-08 4.580918e-05 2.1748767e-07 0.00068803324 0.013921524 2.5087194e-05 1.0830703e-07 3.8380177e-10 0.018149404 0.0002827183 0.0028865205 1.14539285e-08 2.5084034e-07 6.4515473e-09 0.0006031959 8.283375e-05 6.724677e-07 0.003796938 2.9967967e-07 0.0004132654 0.00022526384
0.93676025 0.08285681 0.07096986 0.24043027 0.035216995 0.4688624 0.12863952 0.22674248 0.103877984 0.1236158 0.15329811 1.175034e-22 0.58406526 0.042786777 0.029393803 0.9414573 0.044571873 0.0069598784 0.012178276 0.00407144 0.28825966 0.0028013985 0.8192422 0.29328215 0.016046818 0.18792583 0.08803947 0.82315016 0.00036143788 0.032212984 0.14400856 0.016894896 0.0020135841 0.09186801 0.21692172 0.08433476 0.02432609 0.062161706 0.031304233 0.0035425664 0.5096229 0.00034333798 7.0759015e-05 0.00038543984 2.5022287e-06 0.039704427 0.002355149 1.1488504e-05 0.014182859 1.9933617e-05 0.00031354674 0.11949769 0.0005288564 0.004451925 0.2615479 6.518272e-05 0.00010163715 0.08567807 0.08951896 0.00027420375 6.0750162e-06 6.520749e-06 0.18166374 0.00032274696 0.028919937 5.5122055e-05 0.0006853489 1.0588139e-05 0.00013131094 7.6624394e-07 7.688342e-06 2.4986994e-06 0.07673859 4.1139892e-06 0.0027208284 0.009765346 2.650422e-06 0.02985598 0.005455653 1.501547e-06 6.365051e-06 0.0064130737 3.808244e-05 0.19077203 0.0005140683 0.027705193 1.8357326e-06 1.8615878e-05 0.0007432864 0.00017414014 0.0002030117 6.9233625e-05 2.308124e-06 1.1325756e-06 0.08652944 1.4544813e-05 4.894451e-06 4.1625535e-05 9.836563e-07 3.544758e-05 0.029202975
0.9645754 0.38769656 0.02812942 0.08608511 0.009483763 0.010752531 0.04274588 0.30179843 0.949673 0.017276399 0.01467576 0.58406526 2.0686724e-20 0.06493537 0.6664612 0.09566362 0.07895132 0.032767724 0.020975217 0.07496701 0.7277835 0.01098096 0.58956105 0.00030336363 0.09090217 0.0020765513 0.5774044 0.1083275 0.008459334 0.37474462 0.005967652 0.12355519 0.070002936 0.0013260512 0.0005349452 0.0012614912 0.00017169102 0.00062191323 0.00021052019 0.03722584 0.059177663 0.005970674 0.04180783 0.0007828023 0.012898021 0.0021617846 0.020880673 0.00047642627 3.356298e-05 0.00054830365 0.0025843517 0.30642712 0.0040814434 0.0011323862 0.34851515 0.01175344 0.008925508 0.08734891 0.002876383 5.3314784e-06 0.0002487067 4.2956828e-05 0.17620555 0.00021548332 0.0001235285 0.0005772408 0.0017555509 0.0059747295 0.003569027 9.954945e-05 0.0007037777 0.002333887 0.003763458 6.224145e-05 8.996582e-06 0.018010449 0.00293079 0.048851576 0.012883043 2.218168e-05 0.00059626397 0.0001929139 0.0013994309 0.0048352014 8.525209e-05 0.00018115794 0.0006488719 0.0009921592 0.00014875477 4.302962e-06 3.0992498e-05 0.006357384 3.2339998e-05 4.0888375e-05 0.003819401 0.00012310724 2.2319568e-05 8.363141e-05 1.7136115e-05 5.7744583e-06 0.0013797663
0.9216737 0.14195253 0.01641033 0.013589594 0.009847532 0.0023425533 0.32904425 0.9269816 0.1908414 0.05576015 0.011532408 0.042786777 0.06493537 5.0897545e-19 0.20873277 0.008205216 0.2779432 0.7786964 0.6645645 0.94758695 0.02481045 0.24384382 0.016043967 7.6499986e-05 0.023625163 0.00010158503 0.05506001 0.0060854307 0.4767336 0.007516515 0.00016836732 0.15226275 0.018486055 0.0006076503 4.3875416e-06 2.638243e-05 1.8911993e-05 6.8945825e-05 7.6166825e-06 0.00084617466 0.0027404637 0.00052132574 0.21450529 0.016209342 0.087530404 0.0016814412 0.0008354332 0.0403785 1.7018083e-06 0.016991701 0.00083249924 0.05920597 0.00043666846 0.0022095204 0.39834735 0.040502377 0.001291494 0.0020088237 4.915241e-05 2.3827537e-05 0.0060607237 0.00084521336 0.009649727 0.00048669867 2.5249076e-06 8.993671e-05 1.6277369e-05 0.0004835695 0.00037841537 0.001775105 0.00014750766 0.00109857 8.292291e-05 0.0006657266 2.9359128e-08 0.0006686481 0.00020086789 0.035866626 0.0040687467 0.0006930351 0.0017212416 1.0024538e-06 0.00010537816 8.7547036e-05 7.4808287e-07 4.1238232e-07 0.0014575813 4.1461428e-07 4.869324e-06 3.0631877e-06 3.3344807e-06 1.978154e-06 9.5062234e-05 8.98452e-06 1.724647e-05 0.00013129128 0.00016212216 2.1338143e-05 7.284276e-05 3.3506421e-06 7.084782e-05
0.9856082 0.16355895 0.011791287 0.016048182 0.01618387 0.000578622 0.025863683 0.79059464 0.9248121 0.0035034304 0.0003914781 0.029393803 0.6664612 0.20873277 5.670591e-17 0.0020487763 0.91428053 0.30556998 0.11651257 0.2715848 0.16681369 0.12119275 0.056876164 2.3868544e-05 0.5115043 1.0157606e-05 0.425069 0.0050453776 0.18415686 0.1133708 0.00046847423 0.24045725 0.14871688 8.16405e-05 9.237151e-07 6.175853e-06 1.5166454e-06 9.02884e-06 2.2914719e-07 0.007733132 0.002323159 0.006421611 0.23509878 0.003129224 0.29093733 0.0009801327 0.008894986 0.09089226 6.3411824e-07 0.013792131 0.0017414902 0.057995174 0.0016665934 0.00095229654 0.14033757 0.20226473 0.025999343 0.007620694 2.3819573e-06 1.11409245e-05 0.021118408 0.00014704556 0.026183931 4.606037e-05 4.6636038e-07 4.2088017e-05 0.0003122603 0.0012121315 0.00017829695 0.007536556 4.347147e-05 0.0041718474 2.3940103e-05 0.00019526927 1.5874939e-07 0.0028278823 0.0025599555 0.017244421 0.0042300224 0.0005384495 0.016151344 1.768831e-06 2.271403e-05 0.00013413189 6.262571e-06 1.3301656e-07 0.007986533 4.641658e-07 6.252563e-06 1.805026e-06 1.1953133e-06 6.015741e-05 5.525674e-05 1.6810097e-06 2.3561925e-06 0.00085748883 5.1530442e-05 0.00066157855 2.8921375e-05 3.2961748e-07 7.5484486e-06
0.97344804 0.029068893 0.20976469 0.15693122 0.10137164 0.83087814 0.025094407 0.010995112 0.016052261 0.02458508 0.041177493 0.9414573 0.09566362 0.008205216 0.0020487763 7.139054e-22 0.0034826235 0.009601523 0.0050355447 0.0042127892 0.018428434 0.01112439 0.28617695 0.5325995 0.0032452461 0.3594761 0.0036486585 0.3148758 0.00048656878 0.0020787376 0.18416576 0.00066798273 0.00017281412 0.05544564 0.2684846 0.08651052 0.1062448 0.0490107 0.082456954 0.00044988497 0.3974522 5.5520275e-05 0.00030522267 0.0003875827 7.8421635e-06 0.08615088 0.0008197293 2.5276386e-05 0.012127217 6.3125226e-05 1.5017625e-05 0.03197506 0.00010757591 0.0052194316 0.19288036 0.00039874855 8.613093e-05 0.014978421 0.07349721 0.0040814066 3.7305467e-06 5.81719e-06 0.04805323 0.00011897828 0.05996783 1.0459814e-05 0.0002639057 8.6098895e-05 7.0272006e-05 2.862326e-06 1.0893333e-05 1.1616008e-06 0.05288649 3.228858e-06 0.009324425 0.0011642728 5.5057905e-07 0.020668998 0.0010659909 3.3161916e-06 7.28563e-07 0.010349328 1.2407283e-05 0.090497576 0.0023345402 0.0211005 1.7287553e-07 6.694718e-07 0.0032137802 0.009096176 0.0010829925 1.3890199e-05 8.693943e-07 1.0076953e-07 0.027435541 5.7695677e-05 2.2256215e-06 0.004338571 7.745948e-07 0.00024195718 0.018020283
0.96342796 0.0860446 0.0044073216 0.010080848 0.00641131 0.0001968543 0.042620383 0.94418204 0.50193477 0.010975564 0.00063793507 0.044571873 0.07895132 0.2779432 0.91428053 0.0034826235 5.0776366e-18 0.2960179 0.094134115 0.32025936 0.040006958 0.093584 0.050316673 3.0469823e-06 0.4727925 1.9489662e-06 0.2880345 0.0033072713 0.16716321 0.07254131 0.00015345933 0.58831954 0.10202477 5.8543923e-05 5.8700175e-07 3.0152514e-06 6.2353087e-07 6.632431e-06 1.816547e-07 0.0054565817 0.0014085235 0.006152005 0.34815863 0.00659076 0.23162533 0.00015688187 0.012656612 0.04460503 9.939376e-07 0.009418359 0.0019481999 0.09191565 0.0021370738 0.00025458835 0.14840381 0.3306913 0.09051732 0.016161254 4.7053294e-07 1.3779227e-05 0.023251094 0.0001538365 0.035781674 5.327182e-05 3.3174018e-07 0.00013587721 0.0009670196 0.026145082 0.00091722765 0.012613787 0.00015620023 0.03361573 8.253501e-06 0.00056606403 6.327406e-08 0.0060291295 0.010957752 0.030331861 0.010687611 0.0013634899 0.045915086 3.2944274e-07 0.0002861513 6.603528e-05 2.6014568e-06 8.87375e-08 0.029381452 1.5129132e-05 1.25253855e-05 5.138516e-06 4.3382493e-06 0.00017384229 0.00023689994 1.8728972e-05 3.659983e-06 0.00082451105 0.00045251148 0.0009037025 0.00067621097 7.0306317e-07 5.084776e-06
0.973807 0.06733916 0.030057833 0.0029669227 0.030093376 0.0071089976 0.09359396 0.4403538 0.31092116 0.005700151 0.0005790857 0.0069598784 0.032767724 0.7786964 0.30556998 0.009601523 0.2960179 6.616401e-18 0.89440054 0.8564501 0.0063357004 0.7758401 0.009475212 3.2387194e-05 0.019417644 1.3918337e-05 0.0046288283 0.002255102 0.9020839 0.001656236 2.141418e-05 0.018249262 0.016726352 2.1234813e-05 3.9894368e-07 8.006078e-06 9.043538e-07 2.8003567e-06 1.3394109e-07 0.00020079299 0.0014177287 0.00040771498 0.13356264 0.082864694 0.19303939 0.0043279706 0.0001686418 0.5389883 4.3049198e-08 0.42332104 0.00085021026 0.022855652 0.00016054403 0.0030675465 0.15496528 0.014635256 2.2182423e-05 0.0018530018 4.1065317e-07 2.1872604e-06 0.15162726 0.00877063 0.0076834713 0.00077192986 2.3751454e-08 1.0387911e-05 4.156403e-06 1.6903732e-05 0.00012811448 0.0071464526 3.168347e-05 2.9397137e-05 7.212878e-06 0.013170142 1.4666154e-08 3.8811737e-05 2.2123457e-05 0.017882682 0.00036416206 0.015354308 0.0027465848 2.3600974e-07 1.794449e-05 2.0077297e-05 2.362504e-06 3.9766945e-08 0.00020713841 7.862303e-07 1.2528517e-05 1.8041518e-06 3.0076899e-06 3.881758e-07 0.00060295954 1.038138e-06 9.331549e-06 0.0017714261 0.0004551761 0.00020525104 2.7317376e-06 2.144374e-06 2.89123e-05
0.5957759 0.06579583 0.04085955 0.005941042 0.056589384 0.00465969 0.27083027 0.22307669 0.14325441 0.01898216 0.0028341382 0.012178276 0.020975217 0.6645645 0.11651257 0.0050355447 0.094134115 0.89440054 4.586295e-20 0.58207476 0.0029217075 0.95228153 0.006665658 2.63055e-05 0.0034711494 8.080659e-06 0.0018005914 0.0017016646 0.7168735 0.0003499927 1.8740908e-05 0.010226945 0.0039269426 5.684476e-05 2.1254604e-07 5.432916e-06 6.2360823e-07 2.003282e-06 7.510369e-08 1.5410573e-05 0.001463485 1.4383451e-05 0.01786424 0.09007824 0.024234926 0.0019907164 6.625685e-06 0.20245805 8.924447e-09 0.24229017 8.366506e-05 0.0128014395 2.5831469e-05 0.0028511342 0.06988133 0.0007823564 1.0512271e-06 0.0007435597 9.75994e-07 4.066849e-07 0.011717269 0.0026946028 0.0053412374 0.0010107919 2.646267e-08 9.244589e-07 5.2269104e-07 2.2399125e-07 2.5838674e-06 0.00043228018 3.750516e-06 3.574862e-06 4.2011863e-05 0.0017743653 2.694642e-09 7.8346406e-05 2.8781253e-06 0.008638277 3.6791414e-05 0.0015164001 6.606009e-05 2.3817223e-07 8.689458e-07 1.732578e-05 9.710052e-06 7.625746e-08 8.01903e-06 1.7396037e-08 1.2358689e-05 2.7947763e-07 1.1472354e-05 1.1090184e-08 8.894616e-05 1.558402e-07 1.4108216e-06 0.0005123313 0.00010710716 1.6803424e-05 1.8986499e-07 2.460139e-06 2.0592342e-05
0.76197064 0.060173985 0.01393676 0.0024517472 0.0073350742 0.0018037114 0.04732687 0.7603346 0.2118806 0.0061244513 0.0007290503 0.00407144 0.07496701 0.94758695 0.2715848 0.0042127892 0.32025936 0.8564501 0.58207476 1.2090286e-19 0.021396188 0.13874066 0.006595652 1.0573018e-06 0.03303289 2.3940274e-06 0.06743923 0.0012265577 0.8837447 0.01095967 1.0855905e-05 0.20191137 0.047719043 1.211628e-06 1.2665829e-07 1.5462739e-06 5.5491046e-07 5.9327186e-07 2.1016561e-07 0.0005450834 0.00037602475 0.00068744883 0.51159275 0.0025111514 0.45644134 5.1357114e-05 0.0005438191 0.24018487 4.725487e-08 0.013132936 0.0016288923 0.03638181 0.00024410337 0.00031822023 0.09848449 0.2347466 0.00089014083 0.0007744834 4.5330833e-07 3.7981889e-07 0.08937307 0.0005621174 0.007077131 3.5653644e-05 6.668328e-08 3.765495e-05 1.6300615e-06 0.00014765642 9.074579e-05 0.0065166065 8.2184975e-05 0.0007618423 1.9469479e-05 0.0009945768 4.655205e-09 0.00015757057 0.00010629199 0.011227534 0.0014541977 0.001039647 0.004811744 9.154893e-08 2.5666695e-05 1.0719837e-05 1.7017896e-07 2.8859612e-08 0.0006956408 1.2403449e-07 5.080755e-07 3.5061103e-07 1.0759468e-06 4.915944e-07 0.00031931314 7.158166e-06 1.9677611e-07 5.5700482e-05 0.00043852662 1.3035233e-06 2.6129742e-06 6.666239e-07 1.2940868e-05
0.98375046 0.072461486 0.0053070458 0.013306167 0.0035923894 0.0009207157 0.0021038903 0.103077814 0.3065463 0.00030879374 0.00025864216 0.28825966 0.7277835 0.02481045 0.16681369 0.018428434 0.040006958 0.0063357004 0.0029217075 0.021396188 2.272714e-18 0.0008522678 0.47122422 3.0769414e-05 0.09799697 0.000384075 0.74103725 0.05283003 0.001155835 0.8365428 0.00038271467 0.04422648 0.53703403 2.2184326e-05 4.5530047e-05 0.00022823023 3.869229e-05 4.9425653e-05 5.01004e-05 0.32376072 0.04243303 0.03670772 0.005778326 6.2423125e-05 0.00031897653 0.0001438531 0.070889436 2.7233267e-05 1.8336591e-06 5.661175e-05 0.040488116 0.80677485 0.044661887 2.4500398e-05 0.77618754 0.0034780004 0.016894024 0.35344553 0.0021853882 4.290738e-06 2.3262215e-05 1.45980075e-05 0.2976193 2.5749758e-05 8.666054e-05 0.0015187332 0.0097362725 0.0024448396 0.0058736275 2.4904952e-05 0.0011856221 0.0011080868 0.0027325444 3.3767108e-05 2.4499893e-06 0.021924201 0.0026873748 0.11689506 0.033231836 7.8253586e-05 0.000100742014 7.829442e-05 0.0019132615 0.003027329 6.924805e-06 0.000113952374 0.00039449992 0.0005029932 6.24847e-05 5.103813e-07 2.3123795e-05 0.009966048 5.4047514e-06 0.00028462958 0.003859031 1.1288905e-05 2.108319e-05 5.65597e-06 0.00040879543 2.250958e-05 0.0015873775
0.80389035 0.07184901 0.10998485 0.019508354 0.32679936 0.011901205 0.47243658 0.100193664 0.17622268 0.060761742 0.0051910565 0.0028013985 0.01098096 0.24384382 0.12119275 0.01112439 0.093584 0.7758401 0.95228153 0.13874066 0.0008522678 9.522276e-18 0.002684122 0.00010077267 0.0023821506 4.1020053e-06 0.00030296526 0.00069849804 0.53934747 8.6017644e-05 6.491541e-05 0.0028120652 0.001982845 0.00014039082 3.3279855e-07 5.3847693e-06 8.829269e-07 1.3300996e-05 6.075671e-08 1.00450325e-05 0.0010743197 3.3992649e-06 0.01289146 0.70857227 0.014665511 0.02184524 2.990717e-06 0.3921089 2.0878319e-07 0.8959468 2.8053555e-06 0.0036236409 1.585121e-06 0.028486373 0.047367595 0.00018434378 2.2347896e-07 0.0004598181 2.4161602e-07 2.1048784e-06 0.012958602 0.038238425 0.003416656 0.017712919 7.879707e-08 7.051895e-08 5.0692745e-07 7.136522e-07 3.7792074e-06 0.0001630755 1.2654608e-06 1.4267878e-06 3.8906976e-05 0.018608429 2.4569102e-08 8.586188e-06 2.3047678e-06 0.005049907 4.2873864e-05 0.008792995 2.1931328e-05 6.8158755e-07 2.4401652e-06 4.935326e-05 3.9873525e-05 9.860339e-08 1.005266e-05 4.3867905e-07 3.0764953e-05 7.0186206e-07 8.990331e-06 2.0074568e-08 0.00015437146 7.113025e-07 3.606195e-05 0.012462119 0.00017383235 0.00021460006 5.4520583e-06 4.5226316e-06 3.9949842e-05
0.98751456 0.19370417 0.232155 0.25056133 0.060021702 0.18546107 0.010756622 0.11447613 0.17878968 0.00903809 0.020546721 0.8192422 0.58956105 0.016043967 0.056876164 0.28617695 0.050316673 0.009475212 0.006665658 0.006595652 0.47122422 0.002684122 5.025525e-20 0.10938929 0.040961422 0.11107059 0.11356304 0.86304057 0.0011616625 0.116789594 0.051992048 0.014309919 0.044064723 0.0067770486 0.059572052 0.036960203 0.008931988 0.009006782 0.011003688 0.012899751 0.55828625 0.00856671 0.00030248484 0.0004504843 4.0578187e-05 0.010899351 0.011171822 0.00016797199 0.0037875948 3.22354e-05 0.0036037648 0.2596719 0.004935366 0.001613371 0.7493697 4.7688198e-05 0.0020997198 0.10155167 0.065143846 0.0012370745 7.252194e-06 1.0632245e-05 0.30860716 0.0002795818 0.0088685835 0.0013141535 0.0050148084 0.0002025978 0.0010887617 9.747676e-06 0.0008374629 0.00023096304 0.0647057 1.9054161e-05 0.002011638 0.009008231 0.00020759662 0.05597617 0.009821366 1.1206674e-05 3.5395726e-05 0.0069039753 0.000891711 0.13325302 0.0014338933 0.0133946985 1.3656461e-05 0.00017188532 0.0006180558 6.786044e-06 0.00044723676 0.0024633673 1.7772629e-05 6.941544e-05 0.039565317 4.0168497e-06 6.431862e-06 1.5775151e-05 3.7913005e-06 3.157675e-05 0.034084674
0.9799108 0.0013081747 0.01767351 0.032807495 0.0030051968 0.5712557 0.0016312739 0.00019232866 0.00020448203 0.013098369 0.3413212 0.29328215 0.00030336363 7.6499986e-05 2.3868544e-05 0.5325995 3.0469823e-06 3.2387194e-05 2.63055e-05 1.0573018e-06 3.0769414e-05 0.00010077267 0.10938929 1.6558358e-17 4.7002013e-06 0.4527368 3.6947508e-06 0.23478647 4.0697532e-06 2.8824243e-06 0.8642908 4.8359393e-06 1.3212661e-05 0.7092449 0.6458246 0.16862857 0.6688857 0.86284554 0.3785213 1.2013052e-06 0.10096668 3.0939327e-06 3.9893382e-07 0.00032977958 6.3746035e-07 0.28816015 1.751548e-06 4.1971552e-06 0.5401954 1.8899913e-05 2.9466804e-07 0.0029494793 2.735133e-07 0.007322113 0.21861723 5.706441e-05 1.4058516e-07 0.00023242291 0.016764497 0.17882325 1.4154111e-07 2.7544866e-06 0.0070850044 0.0008252793 0.12939832 5.783257e-07 5.854493e-07 1.1592818e-07 4.6584855e-06 4.486572e-06 2.364318e-06 2.1155313e-07 0.005837987 1.382107e-06 0.04989637 1.7771383e-06 1.8225554e-06 0.0085150255 1.9721385e-05 3.3311004e-05 3.6320234e-06 0.0042191525 1.157665e-06 0.0047526592 0.05670657 0.0016741242 3.6517965e-06 6.542582e-08 0.021527415 0.28304106 0.013702227 3.121032e-09 1.1079682e-05 3.8341074e-08 0.00095109537 0.0002815226 1.7093042e-05 0.015153782 1.1009774e-05 0.009972933 0.0010618748
0.9789557 0.019704595 0.0012055585 0.0010233404 0.0005891203 0.0002982776 0.0016739072 0.08644966 0.31946084 0.00033838887 2.7673794e-05 0.016046818 0.09090217 0.023625163 0.5115043 0.0032452461 0.4727925 0.019417644 0.0034711494 0.03303289 0.09799697 0.0023821506 0.040961422 4.7002013e-06 9.725624e-17 1.5098459e-05 0.8036085 0.00756951 0.008803152 0.3256483 1.8486056e-05 0.9674824 0.70358276 2.1292574e-06 4.702019e-07 2.9434714e-06 1.4599699e-06 1.8711003e-06 1.1022686e-07 0.16200352 0.003566497 0.25238815 0.1222312 0.00021753696 0.069829166 8.964552e-06 0.27342692 0.0008445884 3.1997536e-07 0.00015020769 0.06846273 0.23502685 0.105395526 5.2144584e-05 0.23930958 0.2577291 0.21827716 0.05130139 5.3689555e-06 1.9689494e-05 0.0010633438 1.0474518e-05 0.05630767 1.1326578e-06 2.7959388e-07 0.0038531981 0.010232477 0.190846 0.017101793 0.0046525034 0.0026149272 0.09708473 2.5912223e-05 2.851726e-05 5.2410535e-08 0.029889775 0.07313512 0.075861245 0.053297967 8.6696506e-05 0.019215297 4.7238927e-06 0.0032580625 0.000116353905 6.528098e-06 1.3677426e-06 0.042147722 0.00049030967 1.9276235e-06 2.7239685e-05 3.9493657e-06 0.0043030838 6.8453395e-05 0.00059927854 2.7238086e-06 8.0019374e-05 6.124518e-05 7.1087736e-05 0.005264551 1.2260225e-06 1.5093334e-05
0.99257535 0.00034478155 0.0017532887 0.010070086 0.0008533365 0.07331263 0.0004339305 0.0002599379 0.00029151002 0.0012825573 0.0074036773 0.18792583 0.0020765513 0.00010158503 1.0157606e-05 0.3594761 1.9489662e-06 1.3918337e-05 8.080659e-06 2.3940274e-06 0.000384075 4.1020053e-06 0.11107059 0.4527368 1.5098459e-05 2.0256836e-20 2.67797e-05 0.37431228 9.333093e-07 4.639198e-05 0.084539495 2.552335e-06 2.7685367e-06 0.012084905 0.61474746 0.9355852 0.13395801 0.0365546 0.3595409 4.6789846e-06 0.8084424 2.5235067e-06 4.4171756e-07 1.370568e-06 9.3516384e-08 0.0027930087 7.433824e-06 1.3953255e-06 0.020676998 1.9689878e-06 1.1418114e-06 0.0024253312 3.031733e-06 5.3757212e-05 0.11225512 2.687818e-07 1.5974032e-07 0.0011436946 0.35489517 0.0070464006 6.5305045e-07 9.848428e-07 0.023029974 3.3922663e-06 0.17746939 5.794961e-07 4.4534704e-06 8.3149345e-08 5.223337e-07 1.0884512e-06 8.840113e-07 5.9152303e-08 0.09882808 1.0218794e-06 0.091027156 9.318766e-05 1.4643436e-07 0.015254854 9.1243994e-05 2.1783987e-06 3.2146676e-07 0.0815941 2.1157997e-07 0.09697787 0.0007029697 0.05047469 9.2062646e-07 1.7426913e-07 0.000446884 0.0043958183 0.00028772996 2.769453e-06 2.6374252e-07 2.4642738e-08 0.048529357 1.9349089e-05 2.9127142e-07 0.00022275266 5.087931e-07 0.00039795652 0.015916402
0.95106393 0.044537254 0.00067728 0.0027696986 0.00053353014 0.00016079655 0.0025217796 0.41049728 0.25741735 0.0001103424 0.00010439261 0.08803947 0.5774044 0.05506001 0.425069 0.0036486585 0.2880345 0.0046288283 0.0018005914 0.06743923 0.74103725 0.00030296526 0.11356304 3.6947508e-06 0.8036085 2.67797e-05 1.1752348e-16 0.011392597 0.0012160485 0.8891245 3.2160475e-05 0.50685686 0.7456185 4.5956276e-06 7.809371e-06 1.5118545e-05 7.923504e-06 1.1225258e-06 3.6645722e-06 0.6889412 0.004985765 0.1572029 0.053540714 5.7291687e-05 0.0050086356 2.683441e-05 0.49339235 3.2212658e-05 4.5548784e-08 4.01945e-05 0.05560734 0.27316114 0.08720415 0.00011466718 0.116115525 0.084521115 0.25349003 0.13803527 6.270648e-05 1.4393592e-07 1.1761092e-05 6.3767407e-06 0.08264065 2.5461492e-05 3.3773917e-06 0.007599419 0.054558404 0.048321445 0.026894556 2.8958328e-05 0.00591667 0.020350304 0.00042820684 3.2180187e-06 3.032051e-08 0.029789077 0.013955799 0.05472367 0.03002863 1.1544154e-05 0.00043434143 2.8493102e-06 0.0037158455 0.0002412832 1.8592659e-06 2.3295327e-06 0.0018503503 0.0009880937 1.2033547e-05 5.134201e-06 7.2669814e-06 0.009308806 9.299541e-06 0.00038237663 8.40563e-05 2.7840706e-06 1.8569031e-05 5.9766016e-06 0.00032060815 4.688275e-06 7.980339e-05
0.9944489 0.0653779 0.11289311 0.1487457 0.031712547 0.19895793 0.006162783 0.01766014 0.029809248 0.005597398 0.018362401 0.82315016 0.1083275 0.0060854307 0.0050453776 0.3148758 0.0033072713 0.002255102 0.0017016646 0.0012265577 0.05283003 0.00069849804 0.86304057 0.23478647 0.00756951 0.37431228 0.011392597 3.8560414e-20 1.6711787e-05 0.010423613 0.14266708 0.0022361253 0.002803757 0.009854347 0.1238062 0.0826381 0.02454472 0.020426672 0.028077338 0.0022028477 0.76175493 0.0018195875 0.00016826154 0.00011374586 2.7304511e-06 0.0072906394 0.0022000892 5.1668158e-06 0.0070538167 1.4733326e-05 0.00014445181 0.02533182 0.0007152141 0.00042916185 0.21276106 1.1339897e-05 0.00024515015 0.017781693 0.15009084 0.0013333065 4.2586976e-07 7.454983e-07 0.08567815 5.002009e-05 0.02890929 0.00063484535 0.0028838709 0.00017518621 0.00034172184 1.7382283e-05 0.00042838044 2.332733e-05 0.09777836 2.6061352e-06 0.0044610905 0.0017102729 5.40326e-05 0.016017677 0.00063548255 1.8650957e-05 4.5657603e-06 0.015627503 0.00032554177 0.28630632 0.00058656064 0.03237407 2.0997759e-06 6.8434725e-05 0.00023173724 8.963607e-05 0.00021191104 0.00031670977 4.0712516e-06 1.5900363e-05 0.038878236 1.9193121e-06 1.1824483e-06 4.4307486e-05 9.956111e-07 3.5976314e-05 0.055833407
0.78731865 0.013603455 0.016032174 0.0014824098 0.02073372 0.0022696904 0.021059752 0.20330738 0.1440558 0.0018100027 8.4545834e-05 0.00036143788 0.008459334 0.4767336 0.18415686 0.00048656878 0.16716321 0.9020839 0.7168735 0.8837447 0.001155835 0.53934747 0.0011616625 4.0697532e-06 0.008803152 9.333093e-07 0.0012160485 1.6711787e-05 4.6470242e-17 0.0003176757 5.5555284e-07 0.014106557 0.011645942 2.2124533e-07 5.8570414e-08 3.3999567e-07 8.4271925e-08 4.6897775e-08 5.97958e-09 2.8083576e-05 0.00016536909 7.135481e-05 0.2734991 0.045334935 0.54088306 0.00019379955 1.4494908e-05 0.9277897 1.6353061e-09 0.3564294 0.00018773742 0.004877718 8.016438e-06 0.00039615747 0.016265577 0.025797423 1.4305837e-06 0.00038073846 3.5079683e-08 5.3490943e-08 0.45074236 0.0019294971 0.0025607003 0.00012658893 7.9730994e-10 7.709248e-07 7.3866556e-07 1.0365897e-06 4.330425e-06 0.015303458 3.3777333e-06 4.783698e-06 1.7430463e-06 0.010998306 3.7520094e-09 9.060108e-06 1.85126e-06 0.0018206515 4.4729563e-06 0.031357463 0.0019669104 5.320096e-08 4.376653e-07 1.968815e-06 6.241883e-07 5.3451648e-09 8.331155e-05 2.3301258e-08 8.906049e-07 1.1447677e-07 1.0941086e-06 1.7165645e-08 0.0023069447 7.624656e-08 2.0941586e-06 0.0006738188 0.0022754183 4.6488726e-06 2.0066425e-07 1.15200905e-07 9.0507945e-07
0.97008675 0.006760987 0.00015383768 0.0008321238 0.00023012844 6.871194e-05 0.00034345244 0.10606156 0.1206471 1.2606408e-05 4.834102e-05 0.032212984 0.37474462 0.007516515 0.1133708 0.0020787376 0.07254131 0.001656236 0.0003499927 0.01095967 0.8365428 8.6017644e-05 0.116789594 2.8824243e-06 0.3256483 4.639198e-05 0.8891245 0.010423613 0.0003176757 1.2578169e-15 3.0420859e-05 0.12302463 0.86344916 4.4139274e-06 3.7848993e-06 3.2805856e-05 3.2887567e-06 6.815938e-06 7.420387e-06 0.7038957 0.007797445 0.1590498 0.005175145 2.8815408e-05 0.00026944975 3.200196e-05 0.36157542 4.8506623e-05 1.477741e-07 4.832756e-05 0.098619446 0.6623489 0.15361743 4.8940758e-05 0.23700057 0.005564009 0.08704588 0.35635164 0.00014100644 4.838114e-07 4.2488664e-06 1.0056506e-05 0.15072559 4.32417e-05 1.8129507e-05 0.0062310803 0.038691215 0.0040816925 0.018088691 1.6362534e-05 0.00409921 0.0032714352 0.00085584255 1.1837159e-05 1.6335481e-07 0.025049513 0.003337021 0.1098477 0.048407894 3.6229758e-05 0.00021116322 5.730341e-06 0.0050926777 0.0005665163 2.6670552e-06 2.8667596e-06 0.00088784116 0.00042914017 3.454329e-05 5.008628e-06 1.0333843e-05 0.012765486 7.643636e-06 0.0005529193 0.00050448603 8.168485e-06 1.5985477e-05 1.6316673e-05 0.0003191107 1.8513067e-05 0.00038507077
0.40521213 0.011131861 0.044272147 0.06186285 0.033898078 0.6164229 0.011353349 0.0014385126 0.0020824326 0.06491867 0.5179389 0.14400856 0.005967652 0.00016836732 0.00046847423 0.18416576 0.00015345933 2.141418e-05 1.8740908e-05 1.0855905e-05 0.00038271467 6.491541e-05 0.051992048 0.8642908 1.8486056e-05 0.084539495 3.2160475e-05 0.14266708 5.5555284e-07 3.0420859e-05 6.4482516e-20 2.0109596e-06 4.9340175e-05 0.96717465 0.22053881 0.031141141 0.36770773 0.7798865 0.081027605 3.6650006e-05 0.047867313 5.5597548e-06 9.805238e-08 0.00016334446 9.314057e-07 0.1587336 8.341391e-06 3.3135348e-07 0.43884525 1.6880946e-06 9.560255e-07 0.0020509353 1.4848391e-06 0.0035591885 0.0997523 1.18405005e-05 3.9370292e-07 0.00056895684 0.014783981 0.3615983 1.3643911e-07 1.1273239e-05 0.0106745735 0.00057711167 0.005203711 1.1714223e-07 6.8608188e-06 7.388445e-07 2.5618201e-05 2.3354385e-06 3.225357e-07 4.948963e-06 0.004907749 6.866955e-07 0.0011339235 2.8873368e-05 1.746818e-05 0.004404719 5.166843e-05 2.8904924e-06 1.2422491e-06 0.0012020725 6.8450618e-06 0.0023915914 0.025797728 0.000639582 1.0381969e-05 8.58423e-08 0.019471444 0.047444705 0.014428069 1.101589e-08 4.9114642e-05 7.21584e-07 0.002276469 7.340595e-05 8.354578e-05 0.0019681451 7.8288995e-06 0.011411588 0.0004506923
