3.991018e-34 0.6885363 0.8622946 0.8766147 0.8532366 0.6912679 0.072366014 0.26931578 0.6579684 0.8415831 0.07415096 0.30384013 0.67613983 0.658251 0.09230142 0.19432095 0.039565515 0.090960786 0.86579156 0.27532706 0.7092937 0.66250616 0.41186005 0.7645505 0.0046413224 0.044544052 0.7932025 0.12911204 0.73850036 0.62321836 0.08005838 0.6571971 0.89340913 0.9702062 0.55765307 0.0024889866 0.0035016919 0.018542157 0.8557954 0.0023054206 0.0075439694 0.74271953 0.0018692733 0.0019798726 0.84783906 0.000288312 0.010897439 0.0029670512 0.0016813291 0.0018779518 0.9634734 0.0012542235 0.99670047 0.04178531 0.0069289412 0.0034860412 0.64516693 0.012711973 0.9905567 0.0035653631 0.0009959465 0.998709 0.00029088213 0.5353489 0.00023513797 0.008711414 0.9942054 0.95424134 0.13888916 0.99768394 0.0007367323 0.00011400867 0.002386032 0.42265606 0.9273339 0.00656309 0.00025754364 0.0010117306 0.0021435646 0.0011135864 1.1943858e-06 0.21791898 0.0008793808 0.0012542473 0.95302415 0.0024721115 1.1448801e-05 0.00030229767 2.4841951e-05 0.006159496 3.0275223e-05 0.00016014736 0.00021918064 0.15245338 6.363291e-06 2.0257006e-07 0.9963144 8.6631335e-06 0.21542223 0.0003751543 0.98994607
0.6885363 3.4350042e-19 0.7091717 0.28441995 0.4053901 0.20780627 0.40208068 0.21460134 0.5097333 0.11892855 0.20776086 0.17589632 0.1300088 0.115927964 0.049531534 0.11887965 0.051356293 0.102332264 0.3971949 0.03755531 0.028350875 0.054197945 0.123825975 0.030391537 0.062241223 0.042437825 0.07142036 0.039828174 0.15490331 0.07524923 0.011388208 0.00898288 0.1411512 0.22159885 0.004341079 0.021418074 0.016761867 0.01983135 0.08791456 0.009330495 0.008682062 0.013328964 0.004407093 0.0021385204 0.01730019 0.0032806091 0.0026634473 0.0042022704 0.0018745065 0.0011018037 0.020648446 0.0029861229 0.0051162797 0.015540139 0.00017827858 0.0004684604 0.00081494293 0.00030728636 0.21332267 0.0014688033 0.0011391743 0.095072046 0.0007666333 0.0035752458 0.00018089586 5.1273822e-05 0.06279873 0.003309114 1.917001e-05 0.03326446 0.00039350122 0.00014913574 8.164393e-05 0.0014930372 0.0011162813 9.723939e-05 0.00017151164 0.000113577626 2.6756215e-05 4.782907e-05 8.912876e-06 1.7479579e-05 1.1961408e-05 1.6480804e-05 0.00017045697 3.736477e-05 4.0700888e-07 3.905376e-06 4.724627e-06 1.8853503e-05 8.465059e-06 2.1737385e-05 2.1361497e-05 0.00026137693 1.0278841e-05 2.5844638e-06 0.009893035 2.2399212e-07 9.594735e-05 4.4193584e-07 0.010387487
0.8622946 0.7091717 1.6999001e-18 0.3041268 0.4764236 0.22409953 0.28293926 0.22674228 0.6970042 0.25189385 0.21780722 0.22537686 0.15727338 0.15327458 0.07950404 0.19844863 0.074029595 0.11078007 0.4137604 0.045035005 0.053821784 0.049325828 0.13536973 0.047109436 0.075105816 0.0981837 0.0819929 0.03843525 0.14962888 0.095218495 0.018713985 0.0067628543 0.15260896 0.28228173 0.0039060225 0.02473303 0.03293653 0.029633591 0.15321451 0.015519773 0.016781453 0.014749635 0.006663275 0.0030428972 0.017120207 0.0059680133 0.0030832216 0.005084704 0.002555816 0.0028687166 0.02957807 0.00306198 0.003023891 0.018844798 0.00016548268 0.00064116647 0.0004775016 0.0003822199 0.3139869 0.000653295 0.0017447062 0.15907161 0.0013185391 0.0042216117 0.00062403665 4.439356e-05 0.08184713 0.005816114 1.1731251e-05 0.074957564 0.00012189831 0.00023420228 4.7729052e-05 0.001594488 0.000696263 7.772255e-05 0.00011881851 0.00010657793 8.671152e-06 1.901564e-05 4.704336e-06 6.928623e-06 3.422327e-06 3.8782932e-06 0.00010192865 1.0490064e-05 1.441441e-06 2.045622e-06 3.9914635e-06 5.1387465e-06 3.5853777e-06 7.7835475e-06 4.5232096e-06 0.00022966189 1.310934e-05 2.6794708e-06 0.0145431915 1.9027439e-06 5.7159075e-05 2.550903e-07 0.011365802
0.8766147 0.28441995 0.3041268 6.98683e-15 0.45906058 0.69471306 0.5074397 0.060640007 0.12726474 0.03484196 0.21840908 0.34430125 0.32243583 0.29252982 0.033970267 0.25898132 0.036289968 0.18323547 0.19169596 0.004448884 0.005454293 0.13599555 0.0123281125 0.009148819 0.018492483 0.120961435 0.1784688 0.05566006 0.102976285 0.020914016 0.002422004 0.05317139 0.046717282 0.17969817 0.011391548 0.03136367 0.03165408 0.013567333 0.026340943 0.005262754 0.007047456 0.0017830421 0.005957047 0.0015403931 0.02077381 0.008504459 0.0005847859 0.007378454 0.0021369758 0.0029942642 0.0036549638 0.002199061 0.0059836307 0.0012560028 0.0007730274 0.00016711795 0.0035120544 5.5836106e-05 0.08063531 0.0021517428 0.0038257856 0.06650057 0.0022666068 0.000659825 0.00131561 1.5649777e-05 0.03799644 0.0007878412 5.9753193e-06 0.014721108 0.0003460711 0.0007614036 2.939585e-05 0.0038370416 0.0022865704 2.145451e-05 9.981181e-05 3.9552175e-05 4.654999e-06 6.5401805e-06 4.7222955e-05 5.027646e-06 6.364301e-05 1.6933703e-06 0.0003322634 5.4532907e-06 1.388183e-05 2.6658627e-06 5.838691e-05 6.7001724e-07 8.8076726e-05 2.8732562e-05 2.193089e-05 3.8134185e-05 1.1413235e-06 2.0765758e-06 0.0022242882 7.4112145e-06 1.3597105e-06 3.5524093e-07 0.0031162475
0.8532366 0.4053901 0.4764236 0.45906058 3.9344267e-17 0.53968817 0.31244192 0.49973553 0.17920412 0.322701 0.6778978 0.54124343 0.08203744 0.26793814 0.29147503 0.70094585 0.25212362 0.18079701 0.111947164 0.044544134 0.08227032 0.04718025 0.051679928 0.16347952 0.19362278 0.5272957 0.04487351 0.048298597 0.033197932 0.03978279 0.02218446 0.0070462865 0.056690227 0.07395205 0.0037108222 0.09694421 0.19504774 0.098012485 0.09228714 0.037318356 0.07640222 0.026965318 0.055966 0.012347497 0.006651447 0.037301794 0.007866885 0.0041564787 0.029249683 0.04436674 0.022503069 0.0022465908 0.0090079 0.0072249677 0.00017836805 0.0047863 0.0013990466 0.0013238587 0.06686665 0.0007792071 0.004130188 0.019432358 0.021926193 0.004019592 0.0051321844 0.00013217144 0.010149967 0.0060606604 0.0001546296 0.029620841 0.00021928371 0.0126389 0.00020310293 0.0013534024 0.0031276443 8.7504224e-05 0.0008313527 0.00026431523 7.877946e-05 0.00016617822 0.00012155377 0.000101610996 6.2227537e-06 2.504245e-05 0.00047436863 3.7026224e-05 6.534348e-05 3.198393e-05 0.00014587968 3.6311216e-05 2.7902732e-05 0.00030620574 0.00024680348 0.0003531492 0.00011775981 1.6286762e-05 0.005338139 1.6182717e-05 8.903993e-05 4.09899e-06 0.007979509
0.6912679 0.20780627 0.22409953 0.69471306 0.53968817 2.6520693e-18 0.6833382 0.04148405 0.08362491 0.031747617 0.33879766 0.5032658 0.22272016 0.4315237 0.02309147 0.28496796 0.036351364 0.30062747 0.10797227 0.0058558304 0.0069982195 0.10936765 0.020421395 0.0084396405 0.055642977 0.12284367 0.11456044 0.08727459 0.051617023 0.017806316 0.0051528336 0.03232977 0.031117156 0.077398576 0.010921692 0.05927576 0.053118303 0.023083039 0.027855856 0.011462638 0.024744064 0.003108632 0.021185257 0.0037129335 0.019135714 0.019847644 0.0023758335 0.01037295 0.009701566 0.017837027 0.0032800352 0.0055100746 0.010827256 0.0024887612 0.0005928266 0.0019974818 0.0035713015 0.00024459575 0.038711756 0.002660301 0.005269257 0.043760974 0.008684153 0.000878514 0.002890982 3.3771776e-05 0.013116763 0.0006146812 8.618791e-06 0.0069140964 0.00057552743 0.0053045815 0.00013059795 0.0036268889 0.006122556 5.43831e-05 0.00066236546 0.00024439406 3.3838223e-05 5.591732e-05 5.3476084e-05 6.232726e-06 5.156102e-05 5.3324143e-06 0.00048054062 1.3713703e-05 8.990536e-06 1.5261146e-05 7.21152e-05 3.6509086e-06 2.8061086e-05 7.1398914e-05 4.900212e-05 3.3845805e-05 0.00011939144 1.1132406e-05 0.0025131258 1.3732314e-05 7.212355e-06 6.152389e-07 0.0036078945
0.072366014 0.40208068 0.28293926 0.5074397 0.31244192 0.6833382 1.9602445e-22 0.087384336 0.15683442 0.05774404 0.3498265 0.48238215 0.27388257 0.44314954 0.02485244 0.15445486 0.021432443 0.38902026 0.3076635 0.0144630885 0.017013932 0.2618874 0.036740653 0.015680583 0.024520751 0.04602239 0.082832195 0.1637806 0.14603241 0.046457306 0.0016168149 0.07983799 0.0959359 0.17393452 0.030827697 0.050289918 0.020619705 0.010845165 0.046652086 0.0012259758 0.011142744 0.0058954805 0.0021554183 0.00021387823 0.05116674 0.0020627684 0.00064602046 0.042207696 0.0008258329 0.00051666383 0.010398553 0.0076608923 0.018837389 0.0016235975 0.00086746336 8.347594e-05 0.006971248 0.00021614978 0.0649428 0.004624645 0.0017704398 0.048502658 0.00086620933 0.00048900075 2.6820955e-05 6.449853e-06 0.025924765 0.0009966239 1.2072226e-05 0.006925632 0.00064499857 0.00016774451 1.641079e-05 0.0051069325 0.005585219 6.9463545e-06 7.543059e-06 4.8947595e-06 1.880041e-05 6.8334393e-06 2.0614016e-05 2.5108497e-05 0.0001992458 9.334247e-06 0.000430103 1.0710128e-05 4.8264706e-08 3.455429e-07 2.9141202e-07 2.6194899e-05 5.5776018e-05 1.6420347e-06 2.3565315e-06 7.3822055e-05 5.8237873e-07 9.996966e-07 0.0039185737 8.728727e-09 1.8028919e-05 3.3074352e-07 0.0037002543
0.26931578 0.21460134 0.22674228 0.060640007 0.49973553 0.04148405 0.087384336 1.3086424e-21 0.4202661 0.6756615 0.22725958 0.07290011 0.016567769 0.034482095 0.5038063 0.29429486 0.3335085 0.03616673 0.18483806 0.09822834 0.1383521 0.01206485 0.13493015 0.08295859 0.1508964 0.18101208 0.0076705124 0.0103817275 0.036024153 0.07543675 0.026525503 0.001212783 0.0873054 0.073790155 0.00042831976 0.030905593 0.039044622 0.042304214 0.13043681 0.021274488 0.036043994 0.026545942 0.016119791 0.005441055 0.0017120237 0.012591305 0.003752384 0.0006090146 0.005380581 0.006324876 0.028182834 0.0012580503 0.00081404933 0.012358948 2.2186696e-05 0.00090619404 0.000103169994 0.0007234565 0.058713082 0.0005041116 0.00080969674 0.012245906 0.0042781443 0.0035177665 0.0006192766 9.154025e-05 0.009680148 0.0066040894 4.626248e-05 0.018047595 0.00020013002 0.001029413 8.27488e-05 0.00014413516 0.00014109294 5.8056983e-05 0.00015789639 7.913502e-05 1.2816157e-05 1.6781994e-05 8.250573e-06 1.7212833e-05 1.1607316e-06 2.9196935e-06 4.772387e-05 2.1849723e-05 2.3535995e-07 1.1687558e-06 5.9557997e-06 5.3198073e-06 2.8544591e-06 8.815787e-06 7.821318e-06 0.00012668928 8.262242e-06 1.7725902e-06 0.003952476 8.3849494e-07 2.43375e-05 8.79449e-08 0.005619008
0.6579684 0.5097333 0.6970042 0.12726474 0.17920412 0.08362491 0.15683442 0.4202661 1.8564978e-20 0.50859374 0.2149144 0.16710709 0.06806768 0.10230731 0.15034106 0.15910992 0.11792449 0.05223261 0.70377594 0.117395 0.1323088 0.04871763 0.2759866 0.07951493 0.08218977 0.06309501 0.0356937 0.023356764 0.13163602 0.19957553 0.030473532 0.0064943274 0.41033313 0.23911303 0.0044019534 0.020223873 0.02247889 0.043347348 0.29800168 0.013820011 0.020501306 0.0550969 0.0061170934 0.0022747382 0.007916609 0.002730567 0.006065214 0.0014158904 0.0024733492 0.000619183 0.10303373 0.00084289344 0.0021750596 0.08719413 0.00019806664 0.0006139436 0.0003749835 0.0010886703 0.40629292 0.0010018671 0.00024124452 0.08169792 0.0007068105 0.025288552 0.00010550254 0.0005610438 0.09266949 0.021837315 0.00019018025 0.15590972 0.00033158629 0.00010645735 8.2774764e-05 0.00037418833 0.00062400085 0.0004314643 0.00020924855 8.9976435e-05 0.00010993737 1.46793145e-05 3.5590492e-05 0.000115885035 2.3173821e-05 1.768773e-05 5.077278e-05 0.00013193957 7.637682e-08 6.7039247e-07 4.354793e-06 2.8562632e-05 5.920428e-06 6.573039e-06 7.180977e-06 0.0024440363 2.3289285e-06 1.7676222e-06 0.035412528 1.7978225e-08 0.0010881493 4.1371928e-07 0.03223531
0.8415831 0.11892855 0.25189385 0.03484196 0.322701 0.031747617 0.05774404 0.6756615 0.50859374 2.468616e-19 0.14921637 0.0789657 0.008002598 0.028217912 0.5323219 0.30325642 0.37202504 0.03165478 0.18782517 0.41299886 0.6988304 0.006960931 0.16452692 0.18267862 0.14547394 0.27579558 0.0072494284 0.005309326 0.03420996 0.11796105 0.037679188 0.00046570197 0.11756294 0.09019083 0.00021654986 0.029575013 0.06795619 0.056489293 0.32937667 0.0356937 0.05479025 0.03265884 0.02107319 0.007476155 0.0013884621 0.0132904295 0.0053384746 0.00062073884 0.006581963 0.0078939805 0.051497094 0.00046867153 0.00035643548 0.01274817 7.714473e-06 0.0012453041 2.4987816e-05 0.0010334682 0.14333494 0.000102910766 0.0016718665 0.021243181 0.005105406 0.0054605147 0.0024448172 0.00014033153 0.025302388 0.009981781 7.020462e-05 0.03924791 2.7737233e-05 0.0012828796 0.0001035815 8.4321175e-05 6.673702e-05 0.00013377726 0.0001772249 0.000108998654 7.151323e-06 2.064707e-05 7.4847585e-06 5.849992e-06 2.4764128e-07 1.4382622e-06 2.0122136e-05 7.4698405e-06 2.737112e-06 2.0516354e-06 1.2720945e-05 4.5655684e-06 1.6079301e-06 2.7150882e-05 1.8321429e-05 0.00012221538 5.9533948e-05 4.4465314e-06 0.007180542 6.614429e-06 1.9601195e-05 1.2861706e-07 0.0074261967
0.07415096 0.20776086 0.21780722 0.21840908 0.6778978 0.33879766 0.3498265 0.22725958 0.2149144 0.14921637 2.6593291e-21 0.6202275 0.09822508 0.24240187 0.10402237 0.6610672 0.15196264 0.25597483 0.14738151 0.060313486 0.04454575 0.059188582 0.10401792 0.07877751 0.26408964 0.3205362 0.03656288 0.08125684 0.045500483 0.056694377 0.012571711 0.01294604 0.05868295 0.061112933 0.0040057544 0.14084569 0.110344864 0.058165375 0.068106644 0.019437326 0.06429586 0.019848816 0.052881707 0.004569988 0.0070687975 0.037210695 0.0026757226 0.009422308 0.015045616 0.023689013 0.013239896 0.0058274018 0.005463377 0.0093505485 0.00029267857 0.000508652 0.002016529 0.00061463553 0.021278305 0.0021619822 0.004326819 0.011208833 0.020236578 0.004846977 0.0021475875 8.574188e-05 0.005735888 0.0032961767 4.7465866e-05 0.0023515413 0.00069962395 0.011789938 0.00012541494 0.0012766613 0.0016710154 8.496631e-05 0.00024473344 4.448616e-05 4.8133224e-05 9.555998e-05 0.00014786357 5.1900297e-05 3.6601068e-05 2.3491304e-05 0.00032832916 2.7122622e-05 2.1232756e-06 9.229477e-06 2.8681434e-06 3.569917e-05 8.1785445e-05 1.7631983e-05 2.3781635e-05 0.00017349003 9.614552e-06 7.4820673e-06 0.001321243 1.2636469e-06 6.260334e-05 1.7048328e-06 0.0045451075
0.30384013 0.17589632 0.22537686 0.34430125 0.54124343 0.5032658 0.48238215 0.07290011 0.16710709 0.0789657 0.6202275 3.6954966e-20 0.26036632 0.58216995 0.045720294 0.44909367 0.06366877 0.5776953 0.14807592 0.030518055 0.025149846 0.17670083 0.051376432 0.05368626 0.120670944 0.19864552 0.11116415 0.28639492 0.08106577 0.041837104 0.0056481385 0.059956357 0.045428496 0.10011417 0.025605367 0.16141886 0.087445356 0.026622 0.04986414 0.012722548 0.05374626 0.0076386845 0.03047748 0.0019573306 0.037883256 0.035372127 0.0012341228 0.042979226 0.0073951357 0.021295585 0.0065146023 0.016942404 0.027897201 0.0067303013 0.0032127125 0.0003464024 0.00826974 0.00022807161 0.025920572 0.0066813687 0.015876962 0.028780585 0.024748608 0.0024585233 0.0024474312 3.9432372e-05 0.010129149 0.0012434 2.4297564e-05 0.0016845358 0.0031688064 0.019460822 0.00010896861 0.006028569 0.009928866 9.923844e-05 0.00055603444 7.956933e-05 3.0496585e-05 7.3328985e-05 0.0005400885 1.3461289e-05 0.00021039494 6.7405845e-06 0.0010144281 2.289744e-05 1.9947043e-05 7.2472085e-06 7.4453396e-06 1.1842433e-05 0.00015023649 1.7086997e-05 1.37283205e-05 4.6628345e-05 8.697018e-05 4.974537e-05 0.0013802183 4.3290747e-06 1.5248169e-05 9.567424e-07 0.0045408853
0.67613983 0.1300088 0.15727338 0.32243583 0.08203744 0.22272016 0.27388257 0.016567769 0.06806768 0.008002598 0.09822508 0.26036632 5.5006166e-16 0.42562225 0.012671172 0.050337672 0.013235755 0.19289881 0.12762131 0.0025480755 0.0023746633 0.4382118 0.0099306945 0.0028303366 0.014772227 0.00880355 0.82370955 0.29159573 0.23596045 0.013575863 0.0029607704 0.32606584 0.021110862 0.10910927 0.2247358 0.010923811 0.0037216565 0.0021370964 0.008833957 0.004008999 0.0019927174 0.0016886276 0.00035528993 0.0006284288 0.2503546 0.0015573726 0.0004949459 0.068515435 0.00024195394 0.0002173806 0.0013751605 0.044603724 0.079710506 0.0030107002 0.012799711 4.999058e-05 0.021614263 2.6013095e-05 0.054033987 0.01518076 0.0019269282 0.1936705 5.8840473e-05 0.000301945 0.0001258298 7.349716e-05 0.09113486 5.8851918e-05 1.852938e-06 0.0036745688 0.001029546 1.32056075e-05 1.0014472e-05 0.021647988 0.021603076 4.203511e-05 5.2908243e-05 5.3874737e-05 1.789598e-06 4.8142565e-06 3.503779e-06 3.7687929e-07 0.0014365248 7.264934e-07 0.004811464 3.528126e-06 1.6356698e-07 4.2001406e-07 5.4710176e-06 7.1003586e-07 8.037509e-05 1.8782123e-06 1.3272771e-06 3.338676e-05 9.76277e-07 2.2475936e-06 0.0061396556 2.0669952e-06 3.0001524e-06 1.0814829e-07 0.0029351842
0.658251 0.115927964 0.15327458 0.29252982 0.26793814 0.4315237 0.44314954 0.034482095 0.10230731 0.028217912 0.24240187 0.58216995 0.42562225 2.0718335e-18 0.020528067 0.1968064 0.028786033 0.6947362 0.17843713 0.0074568945 0.00878238 0.4000326 0.024515001 0.010618764 0.04771776 0.0741938 0.235602 0.5509019 0.1526019 0.03863369 0.001791884 0.1997822 0.042774107 0.16966893 0.144789 0.13969311 0.05512379 0.008007491 0.03227491 0.0037150485 0.019381614 0.0027710095 0.004834197 0.0004630532 0.13862231 0.018710632 0.0004798402 0.102932766 0.0021166618 0.00821453 0.0018151505 0.046891253 0.07235163 0.004101998 0.01911093 0.00034129404 0.037136976 0.00015782713 0.02974463 0.03329138 0.041950542 0.10332977 0.009784764 0.0010275058 0.0019735487 4.40053e-05 0.020060975 0.00018247675 8.372752e-06 0.0013096813 0.01543987 0.007912488 6.259129e-05 0.025827218 0.052267965 6.44498e-05 0.00028006829 0.0001389251 1.1888249e-05 2.0632642e-05 0.00045879054 2.7717676e-06 0.0027363948 5.3344233e-06 0.004196191 1.039347e-05 4.9793216e-05 4.130678e-06 1.5557234e-05 5.3224103e-06 0.00072542654 7.5877415e-06 5.6265253e-06 7.89293e-06 0.00018684666 6.424478e-05 0.0014006458 3.2011533e-06 3.7431018e-06 9.1038686e-07 0.0028639794
0.09230142 0.049531534 0.07950404 0.033970267 0.29147503 0.02309147 0.02485244 0.5038063 0.15034106 0.5323219 0.10402237 0.045720294 0.012671172 0.020528067 3.095045e-23 0.3001578 0.69723696 0.01827178 0.099474445 0.31508106 0.3106873 0.008045194 0.16006136 0.45223403 0.2675815 0.29974788 0.0077888765 0.00529974 0.01824326 0.07592365 0.06166729 0.00155816 0.061636094 0.030141573 0.000565617 0.03191305 0.07188268 0.09182882 0.13626209 0.04690489 0.121550724 0.04456955 0.03512486 0.018508682 0.0011522316 0.020491818 0.010672064 0.00038532974 0.02144493 0.028054796 0.0404827 0.00094348873 0.00032821335 0.01740905 2.9472592e-05 0.0030657565 6.300109e-05 0.0017602912 0.031028321 0.00027627632 0.0017785059 0.0035828406 0.015251537 0.008848126 0.007588169 0.0003340888 0.005160136 0.017950773 0.00011687036 0.00425358 0.0003968998 0.0076969364 0.00032988153 4.646756e-05 0.00012891601 0.00035933589 0.00059459684 0.00011639651 1.261763e-05 2.757663e-05 2.7828986e-05 4.2795145e-05 1.935443e-06 2.2769345e-06 4.392015e-05 2.8974324e-05 4.6163123e-06 2.221389e-06 2.1222726e-05 4.154057e-06 2.8938218e-06 1.5989075e-05 1.6441605e-05 0.00030430596 3.3886212e-05 6.371507e-06 0.0021892234 8.2678e-06 8.0781676e-05 1.13336704e-07 0.0043258783
0.19432095 0.11887965 0.19844863 0.25898132 0.70094585 0.28496796 0.15445486 0.29429486 0.15910992 0.30325642 0.6610672 0.44909367 0.050337672 0.1968064 0.3001578 5.4249e-20 0.34282473 0.16127044 0.06774127 0.07850044 0.12940946 0.042823832 0.08465323 0.26372308 0.48731837 0.68179214 0.018930377 0.06251478 0.025450168 0.0517732 0.03346896 0.014582524 0.038146205 0.039915916 0.002410555 0.21242116 0.36890933 0.15800789 0.07728796 0.071811326 0.27440307 0.027077595 0.111646876 0.023434272 0.008988042 0.10494139 0.008685582 0.011787239 0.06458385 0.100405216 0.016788078 0.009442746 0.004661686 0.015884966 0.00061100005 0.0036211794 0.0010810304 0.0010045737 0.023148721 0.0030109487 0.012155447 0.008562222 0.10297777 0.0068355906 0.018722171 0.0004711482 0.0097083775 0.0061874706 0.00015759807 0.002838041 0.00093261496 0.07320033 0.00040332854 0.00090310845 0.0018146201 0.00040179247 0.001402734 0.000862813 5.7631776e-05 0.00025776555 0.0013326581 5.7369114e-05 1.8383353e-05 1.8901661e-05 0.00028947077 3.851117e-05 0.0013811458 2.5549107e-05 3.8158236e-05 2.5632768e-05 0.00019129476 6.587149e-05 4.8552673e-05 0.00023336709 0.0010103731 0.00029261436 0.0014693777 5.363999e-05 4.5897734e-05 3.7298141e-06 0.004854251
0.039565515 0.051356293 0.074029595 0.036289968 0.25212362 0.036351364 0.021432443 0.3335085 0.11792449 0.37202504 0.15196264 0.06366877 0.013235755 0.028786033 0.69723696 0.34282473 1.856247e-23 0.015311281 0.06878607 0.23639898 0.19814795 0.007856518 0.14482869 0.3915276 0.44651708 0.32673725 0.007442241 0.0070927492 0.015580257 0.06523205 0.09568194 0.0035407932 0.045710847 0.01929285 0.00068484317 0.03949985 0.0977653 0.14340638 0.070389695 0.07118089 0.15497304 0.04494919 0.074747905 0.029757312 0.0010344245 0.029726481 0.015692124 0.0003150373 0.04360331 0.037466247 0.033163324 0.00081269647 0.00071719085 0.020934584 4.821215e-05 0.0050236206 0.00011576441 0.0025132203 0.016507223 0.0005140845 0.0016048007 0.0029924477 0.017213378 0.009663669 0.0081242835 0.0006599424 0.0022706753 0.015398146 0.00020870987 0.0028670703 0.0004216813 0.009376596 0.0004921672 0.00017718415 0.00018776732 0.0004534061 0.0009489766 0.00012074097 3.1376134e-05 4.877144e-05 8.961479e-05 0.0001219739 4.3246014e-06 5.6483636e-06 8.5987216e-05 8.448458e-05 7.0471024e-06 3.351048e-06 2.9932353e-05 1.14057875e-05 1.8814257e-05 3.2146247e-05 4.4789984e-05 0.00044755294 1.5818223e-05 4.2331812e-06 0.0013135866 1.1809568e-05 8.264926e-05 1.11213275e-07 0.0032655064
0.090960786 0.102332264 0.11078007 0.18323547 0.18079701 0.30062747 0.38902026 0.03616673 0.05223261 0.03165478 0.25597483 0.5776953 0.19289881 0.6947362 0.01827178 0.16127044 0.015311281 1.9494775e-21 0.080829196 0.011611535 0.010351673 0.47479904 0.012679222 0.020406788 0.027066305 0.080620274 0.06150024 0.57357013 0.08033856 0.018053336 0.0010246094 0.2199537 0.039396495 0.06311331 0.116492115 0.22528866 0.061857242 0.008542945 0.021070149 0.0017109753 0.019564634 0.0028142934 0.006463964 0.00015551665 0.039327238 0.017371982 0.00051046757 0.1895433 0.0010456045 0.00270881 0.003305619 0.08447895 0.05086529 0.0004878835 0.0056526777 7.246881e-05 0.01999156 0.0002051123 0.012697149 0.046296194 0.04528248 0.030096902 0.013819635 0.0002664099 0.000469511 1.1334341e-05 0.005949328 0.0004947978 4.313096e-05 0.00016912336 0.011413057 0.0057292264 2.9296187e-05 0.011258843 0.026142405 9.102128e-06 1.9768253e-05 5.1650077e-06 1.6006927e-05 1.2618196e-05 0.0007048363 2.9575704e-05 0.0017305124 2.8830527e-05 0.0029277 1.3358137e-05 3.33574e-06 6.275927e-06 7.6909265e-07 3.1705233e-05 0.0013111278 3.0411763e-06 5.2545215e-06 1.5534757e-05 1.0458159e-05 3.1581538e-05 0.00039531567 1.1644509e-07 1.1192201e-05 2.2410225e-06 0.0007359444
0.86579156 0.3971949 0.4137604 0.19169596 0.111947164 0.10797227 0.3076635 0.18483806 0.70377594 0.18782517 0.14738151 0.14807592 0.12762131 0.17843713 0.099474445 0.06774127 0.06878607 0.080829196 3.564559e-18 0.11741141 0.15862978 0.11993421 0.32263303 0.04900218 0.026224602 0.025893223 0.060503766 0.07000142 0.29781738 0.15807372 0.04207894 0.041725207 0.29223517 0.7998935 0.024408866 0.022122862 0.012723786 0.028343815 0.09147969 0.0090761855 0.010075134 0.09701385 0.0066551273 0.0041009635 0.047754988 0.0020491641 0.015825655 0.0052479887 0.003595392 0.0017854854 0.06996128 0.0074898857 0.0042990083 0.16433536 0.0044702934 0.0020371098 0.0055162287 0.0041474723 0.38746396 0.010088456 0.002289231 0.24850059 0.0007240622 0.055712644 0.00040283974 0.0028666193 0.47145453 0.025883397 0.0012259485 0.14720514 0.0065633086 0.00015169768 0.0008507464 0.007622391 0.005007969 0.0030899683 0.000800133 0.0007869596 0.0019197782 0.00041750172 0.00032115343 0.00151684 0.0012420792 0.00034313605 0.001013613 0.0029050594 4.3423867e-07 1.7900442e-05 2.6061316e-05 0.00065960287 0.00013343984 0.00019255934 0.00020221947 0.016172098 2.5132596e-05 1.0975985e-05 0.22390942 5.1193418e-08 0.0059892805 1.2474484e-05 0.12598823
0.27532706 0.03755531 0.045035005 0.004448884 0.044544134 0.0058558304 0.0144630885 0.09822834 0.117395 0.41299886 0.060313486 0.030518055 0.0025480755 0.0074568945 0.31508106 0.07850044 0.23639898 0.011611535 0.11741141 4.1008027e-22 0.75234514 0.0015257581 0.55886906 0.49787045 0.13408525 0.07378268 0.0020481227 0.0013596335 0.024015348 0.09998867 0.1717317 5.8648144e-05 0.06184518 0.05143585 3.1395713e-05 0.016877124 0.025762063 0.11383472 0.08549713 0.070412636 0.093199626 0.11810132 0.035855893 0.037575796 0.0005188505 0.012042434 0.045377363 0.000202205 0.021161254 0.017646134 0.09934135 0.00043127933 3.969055e-05 0.037445642 2.456006e-06 0.008729128 1.5448837e-06 0.0059456048 0.086212546 0.00020659804 0.0011359215 0.006446176 0.004744736 0.020918857 0.004409144 0.0028565626 0.010993498 0.04215193 0.0008436284 0.028708197 0.00012396254 0.001993933 0.000699618 6.225808e-05 2.3769344e-05 0.0015635121 0.0007242093 0.00060969597 8.734582e-05 0.00015528811 7.367881e-06 0.0001487996 8.1696174e-07 6.3012058e-06 1.0041051e-06 0.00017272038 1.6674335e-06 1.3594479e-05 4.9850656e-05 2.0695448e-05 4.1305145e-07 2.7458485e-05 3.5051613e-05 0.0016476098 8.76564e-05 9.406362e-06 0.008116277 1.9641631e-05 0.0001753251 4.3847285e-07 0.009072495
0.7092937 0.028350875 0.053821784 0.005454293 0.08227032 0.0069982195 0.017013932 0.1383521 0.1323088 0.6988304 0.04454575 0.025149846 0.0023746633 0.00878238 0.3106873 0.12940946 0.19814795 0.010351673 0.15862978 0.75234514 5.7533804e-20 0.0015140838 0.7814672 0.44636667 0.08772428 0.1523291 0.0025667748 0.0032037522 0.023139197 0.153419 0.065884136 4.7054553e-05 0.07203765 0.06685497 3.1593943e-05 0.0141798025 0.04242473 0.08404831 0.3063981 0.03734396 0.075975694 0.094599366 0.019780578 0.012495565 0.0005012812 0.009760058 0.014581549 0.00076858123 0.008916834 0.014897043 0.12865885 0.00092281436 7.256632e-05 0.021235676 4.3054783e-06 0.003394634 1.0043303e-06 0.0021665625 0.15540257 4.7757876e-05 0.00080986245 0.01949493 0.005306512 0.01282816 0.0037113302 0.000772855 0.032039825 0.036594458 0.00025782405 0.067411415 3.8077967e-05 0.0022819128 0.00021890926 5.3852345e-05 2.2130736e-05 0.00084527774 0.00029872882 0.00019320352 1.7481796e-05 5.1170704e-05 6.5437366e-06 5.0654e-05 7.1532156e-07 1.5070414e-06 2.9555217e-06 5.4105305e-05 3.995348e-06 9.345283e-06 1.2457863e-05 8.784943e-06 4.9415e-07 1.8147117e-05 1.6636523e-05 0.00066582154 4.2372754e-05 3.3284311e-06 0.011974014 1.5727443e-05 8.110357e-05 7.230726e-07 0.01206489
0.66250616 0.054197945 0.049325828 0.13599555 0.04718025 0.10936765 0.2618874 0.01206485 0.04871763 0.006960931 0.059188582 0.17670083 0.4382118 0.4000326 0.008045194 0.042823832 0.007856518 0.47479904 0.11993421 0.0015257581 0.0015140838 3.3018525e-17 0.008621488 0.0015245684 0.017860424 0.011540611 0.32767382 0.6842149 0.21519458 0.028849388 0.00035836568 0.6241574 0.03535581 0.1446861 0.5063248 0.08499681 0.0116445385 0.0013749305 0.018318186 0.0002682831 0.0023485336 0.0016143761 0.00030636232 8.34523e-05 0.42625463 0.0018454099 0.0007613502 0.36625198 0.0003238384 0.00042720424 0.00037224885 0.26226816 0.3868068 0.002386189 0.14490426 0.00039943864 0.21975754 0.00010922789 0.011387236 0.26142526 0.05138755 0.17303228 0.0016469721 0.00017415608 0.000117289295 9.940452e-06 0.035967972 6.779139e-05 5.8386545e-06 0.00018433356 0.07202572 0.0007090595 6.748191e-05 0.12500864 0.15362208 5.1595875e-06 8.151625e-05 2.3864173e-05 2.2999493e-05 2.9790674e-05 0.00045493437 2.1681504e-05 0.029480958 1.689152e-05 0.024385186 1.780943e-05 2.0414416e-06 8.624432e-06 4.0509283e-05 4.1112227e-05 0.008583025 3.2061347e-05 3.5122688e-05 1.3382363e-05 7.908364e-05 6.4909094e-05 0.0006330467 5.186278e-07 8.622646e-06 5.2603195e-07 0.0005133058
0.41186005 0.123825975 0.13536973 0.0123281125 0.051679928 0.020421395 0.036740653 0.13493015 0.2759866 0.16452692 0.10401792 0.051376432 0.0099306945 0.024515001 0.16006136 0.08465323 0.14482869 0.012679222 0.32263303 0.55886906 0.7814672 0.008621488 2.7122142e-21 0.1920919 0.140908 0.044169255 0.005583043 0.0067189406 0.0964434 0.73432475 0.2672134 0.0005112312 0.1531899 0.14562964 0.00027217367 0.0071127717 0.018038845 0.13251404 0.20966133 0.07676168 0.067478456 0.42939237 0.02431876 0.028685132 0.0007063149 0.0040524285 0.08074861 0.0001760929 0.010357099 0.008797327 0.47503087 0.00019702935 2.1451975e-05 0.28636378 2.107316e-05 0.0074742665 1.3120083e-05 0.019335698 0.26099145 0.0011159971 0.0001922729 0.02873965 0.0011693876 0.13481255 0.00075792114 0.020721918 0.0937867 0.15100007 0.012381333 0.14722449 0.00028697497 0.00034376606 0.0010622891 0.00017264826 6.886828e-05 0.019210894 0.00091695646 0.0009604372 0.00086036726 0.00012941379 0.00024109478 0.004021812 1.1832238e-05 4.2858494e-05 6.1471695e-07 0.0023996725 5.7605183e-07 2.0129128e-06 4.3686006e-05 0.00022282105 2.6470598e-06 1.9754118e-05 2.090799e-05 0.05638165 1.6199596e-05 5.8141063e-06 0.07707009 4.6927548e-07 0.016389357 1.1791263e-06 0.052911747
0.7645505 0.030391537 0.047109436 0.009148819 0.16347952 0.0084396405 0.015680583 0.08295859 0.07951493 0.18267862 0.07877751 0.05368626 0.0028303366 0.010618764 0.45223403 0.26372308 0.3915276 0.020406788 0.04900218 0.49787045 0.44636667 0.0015245684 0.1920919 8.331974e-18 0.28354612 0.3978736 0.0037079002 0.0025153435 0.010937847 0.08878302 0.6728051 0.00029466287 0.03543021 0.033847712 0.00010480798 0.05695644 0.16082536 0.6063605 0.08640276 0.25293997 0.5547746 0.27799267 0.2141088 0.16371585 0.00022814993 0.0592838 0.2751173 0.00010602977 0.1520396 0.21818206 0.15278079 2.8924242e-05 0.00022524323 0.051329363 2.5254278e-06 0.108344674 4.827286e-06 0.063140765 0.065522335 1.8701861e-05 0.00086591527 0.003011329 0.024493389 0.050364938 0.033174068 0.014297416 0.0076919976 0.10987691 0.010126269 0.055579174 2.4515472e-05 0.020171702 0.0070953704 2.0871035e-05 0.00015372755 0.0041657845 0.010738808 0.002551177 0.0023929765 0.0015321287 0.0001401852 0.0016771083 2.2054087e-07 0.0013593559 8.241852e-06 0.0010716975 0.0008928658 0.00084586 0.0024610967 0.0007787732 3.1653042e-06 0.0023522712 0.0023806645 0.0065435627 0.0011079382 1.8584677e-05 0.0067624096 0.0017401009 0.0019927686 0.00018300254 0.012708535
0.0046413224 0.062241223 0.075105816 0.018492483 0.19362278 0.055642977 0.024520751 0.1508964 0.08218977 0.14547394 0.26408964 0.120670944 0.014772227 0.04771776 0.2675815 0.48731837 0.44651708 0.027066305 0.026224602 0.13408525 0.08772428 0.017860424 0.140908 0.28354612 2.28946e-22 0.47842595 0.0018723822 0.013780587 0.0071771494 0.04040287 0.11235868 0.004152166 0.018792441 0.0074784085 0.000774763 0.14210813 0.29334116 0.38315785 0.0172207 0.2299664 0.39909974 0.050622914 0.41573098 0.062015515 0.00020308589 0.16396053 0.05591935 0.00031211262 0.23816971 0.24246043 0.013141147 0.00058630673 0.00014266193 0.028880494 6.897791e-05 0.023582064 0.00037791877 0.012645976 0.004002516 0.0012426386 0.0015864823 0.003086724 0.08828046 0.006832756 0.059072994 0.0023835038 0.00094481185 0.00751592 0.0027843162 0.0003885049 0.0003736967 0.04496739 0.0006515615 0.00030471454 0.00058925577 0.0007890905 0.0018167092 3.4471712e-05 9.6680145e-05 4.466394e-05 0.0011431178 0.0006727542 3.6214315e-05 5.7530626e-05 4.6648183e-05 0.00027125404 0.00030171472 6.6724947e-06 3.6340556e-05 0.0001039748 4.7704067e-05 7.9783305e-05 0.00011122904 0.0022263087 0.00010359938 5.047437e-05 0.00036226024 5.1793395e-05 0.0005524918 9.577124e-06 0.0017134073
0.044544052 0.042437825 0.0981837 0.120961435 0.5272957 0.12284367 0.04602239 0.18101208 0.06309501 0.27579558 0.3205362 0.19864552 0.00880355 0.0741938 0.29974788 0.68179214 0.32673725 0.080620274 0.025893223 0.07378268 0.1523291 0.011540611 0.044169255 0.3978736 0.47842595 2.3885158e-19 0.0044926717 0.014742097 0.008296844 0.019009223 0.02442796 0.007751954 0.008714425 0.008663159 0.0010482064 0.3635486 0.63027227 0.18717128 0.021932388 0.06656078 0.49927962 0.02004298 0.1669255 0.02564469 0.0011837177 0.26789367 0.01676787 0.002530421 0.10005494 0.24023786 0.0042004734 0.00046980838 0.0006531376 0.003221856 6.0684994e-05 0.015323596 0.0002366134 0.00093426637 0.003514145 0.0003502792 0.004767147 0.0019284375 0.22833732 0.0015770715 0.049218163 0.0002483258 0.0011034977 0.0022851827 4.895135e-05 0.0007155194 5.388548e-05 0.16832781 0.00028177645 0.00019123055 0.0014899293 0.00026278535 0.0011035482 0.00045149802 3.756618e-05 0.00014422592 0.0019536673 1.3008426e-05 4.977443e-06 7.0291744e-06 9.0693014e-05 2.3480441e-05 0.0046229693 2.3162243e-05 8.072238e-05 7.183689e-06 2.3919816e-05 6.3059095e-05 6.152624e-05 6.440213e-05 0.0040533035 0.00027866822 0.0006315437 0.00014492303 8.681212e-06 4.263987e-06 0.0063514723
0.7932025 0.07142036 0.0819929 0.1784688 0.04487351 0.11456044 0.082832195 0.0076705124 0.0356937 0.0072494284 0.03656288 0.11116415 0.82370955 0.235602 0.0077888765 0.018930377 0.007442241 0.06150024 0.060503766 0.0020481227 0.0025667748 0.32767382 0.005583043 0.0037079002 0.0018723822 0.0044926717 1.8373712e-18 0.11757743 0.7246972 0.0038600874 0.0029565496 0.2667327 0.007157099 0.05387907 0.2590229 0.0015592265 0.0005258409 0.0014227009 0.0020926085 0.00054449996 0.0003903349 0.0029826737 6.204257e-05 7.934586e-05 0.45275944 7.732162e-05 0.0003335451 0.020488566 3.993144e-05 2.4429746e-05 0.00072728784 0.014287719 0.07649316 0.0025708918 0.0059220493 2.0442305e-05 0.020810368 6.3684456e-06 0.017635668 0.009324558 0.0007223607 0.24469869 1.9293406e-05 0.00011496665 1.2263003e-05 1.8006873e-05 0.15503132 2.3661374e-05 7.492832e-07 0.00019758444 0.00042282653 7.6226197e-06 2.7152419e-06 0.014010941 0.011159758 9.3258295e-06 1.5346703e-05 1.8093295e-06 3.0355912e-07 9.161823e-07 1.0229655e-06 9.72936e-08 0.00043069632 1.0526109e-07 0.003288335 1.1990068e-06 4.8282843e-08 1.17055e-07 1.8219923e-06 1.7756295e-07 2.2864382e-05 1.116665e-06 1.2285354e-06 1.5138412e-05 7.886713e-08 2.8840643e-07 0.0063392846 7.1654847e-07 1.6259891e-06 6.1364176e-08 0.0014661064
0.12911204 0.039828174 0.03843525 0.05566006 0.048298597 0.08727459 0.1637806 0.0103817275 0.023356764 0.005309326 0.08125684 0.28639492 0.29159573 0.5509019 0.00529974 0.06251478 0.0070927492 0.57357013 0.07000142 0.0013596335 0.0032037522 0.6842149 0.0067189406 0.0025153435 0.013780587 0.014742097 0.11757743 2.0674753e-18 0.10271902 0.017720647 0.00027993848 0.55977744 0.024131352 0.08164854 0.44252974 0.229322 0.029201131 0.0020715452 0.010630761 0.00046871018 0.0056341267 0.0015348246 0.0020648262 0.00019935812 0.24576588 0.011344205 0.00030730307 0.6142592 0.00071000133 0.004591604 0.0006519677 0.5362481 0.18231101 0.0017595593 0.16569252 0.00021565788 0.17655604 2.3570678e-05 0.008151914 0.45843056 0.41231716 0.045001343 0.011385721 0.00013570677 0.0009851754 7.987797e-06 0.00713947 1.984744e-05 6.379313e-06 4.394688e-05 0.39066496 0.010666651 8.1816215e-06 0.09648965 0.12731591 1.5584379e-05 0.00015449444 4.9628707e-05 1.6735652e-06 1.0744671e-06 0.0027116882 2.418395e-06 0.055731427 2.0477707e-06 0.030284291 4.310692e-06 3.0975625e-05 6.697598e-07 2.1806174e-05 3.5318324e-06 0.027400022 1.0503878e-05 1.0613707e-05 4.6721575e-06 0.00022693233 0.00024300798 1.7151255e-05 8.545433e-06 1.3918223e-06 2.1504297e-06 3.6689904e-05
0.73850036 0.15490331 0.14962888 0.102976285 0.033197932 0.051617023 0.14603241 0.036024153 0.13163602 0.03420996 0.045500483 0.08106577 0.23596045 0.1526019 0.01824326 0.025450168 0.015580257 0.08033856 0.29781738 0.024015348 0.023139197 0.21519458 0.0964434 0.010937847 0.0071771494 0.008296844 0.7246972 0.10271902 1.4486464e-20 0.039468475 0.02618139 0.08978653 0.034677904 0.19672962 0.06908704 0.0063354257 0.005501865 0.009084421 0.01068296 0.0012402475 0.0018632547 0.020425806 0.0012676561 0.0006384409 0.372254 0.00090142456 0.00516133 0.00517749 0.0008911088 0.0006257941 0.010343309 0.0061036088 0.021408094 0.023788467 0.00521756 0.0009827535 0.007844544 0.0014955596 0.04424693 0.010281671 0.00065858464 0.38789898 6.237117e-05 0.0052938224 0.00012602976 0.00093836884 0.5950715 0.002481529 0.00094962394 0.00943007 0.0026588526 1.0334839e-05 0.00032441458 0.010254951 0.0057853344 0.0005483042 8.941179e-05 0.0001221894 0.00041680696 0.00043429606 3.795184e-05 0.0011115037 0.0011637849 0.00014385874 0.0020412852 0.000780122 1.2547113e-08 3.5194942e-05 9.420797e-06 0.00039343722 0.0001547044 2.7308559e-05 4.038473e-05 0.010916182 2.5688182e-06 1.7251972e-06 0.10556093 1.5390619e-08 0.005377857 2.5912397e-05 0.033545595
0.62321836 0.07524923 0.095218495 0.020914016 0.03978279 0.017806316 0.046457306 0.07543675 0.19957553 0.11796105 0.056694377 0.041837104 0.013575863 0.03863369 0.07592365 0.0517732 0.06523205 0.018053336 0.15807372 0.09998867 0.153419 0.028849388 0.73432475 0.08878302 0.04040287 0.019009223 0.0038600874 0.017720647 0.039468475 2.9374284e-21 0.08647577 0.0032585068 0.34738526 0.07689233 0.0015683589 0.0058187824 0.012370941 0.03236169 0.7192809 0.015788414 0.01822021 0.17735301 0.008305773 0.0058156955 0.001513432 0.0021396892 0.01770536 0.00012980885 0.0050670784 0.0038721657 0.37381977 0.0006373546 5.8838952e-05 0.14777827 7.585386e-05 0.0028423383 7.8167286e-05 0.004449614 0.24021575 0.003063474 0.00028963012 0.04659561 0.0005247573 0.06298695 0.00037954212 0.0071744984 0.15978064 0.06927088 0.00271921 0.14483528 0.0011996784 8.0728845e-05 0.0014665315 0.0009911775 0.00012547462 0.007771958 0.0007934942 0.0008992702 0.0011799195 0.0005347707 0.00022686913 0.0025314647 0.00011609033 7.272185e-05 2.0677462e-06 0.002176507 1.2119516e-08 1.6642029e-05 3.1866253e-05 0.00015639563 9.066098e-06 9.909535e-05 9.2615235e-05 0.026607279 2.3302591e-06 2.9315263e-06 0.1564215 1.2224972e-07 0.008079743 3.6226145e-06 0.08312781
0.08005838 0.011388208 0.018713985 0.002422004 0.02218446 0.0051528336 0.0016168149 0.026525503 0.030473532 0.037679188 0.012571711 0.0056481385 0.0029607704 0.001791884 0.06166729 0.03346896 0.09568194 0.0010246094 0.04207894 0.1717317 0.065884136 0.00035836568 0.2672134 0.6728051 0.11235868 0.02442796 0.0029565496 0.00027993848 0.02618139 0.08647577 2.787316e-20 0.00012731717 0.033735912 0.021906713 8.693873e-06 0.0050583063 0.016491866 0.34674165 0.05090945 0.25303718 0.17092025 0.43717006 0.15510762 0.2504844 4.1070336e-05 0.0050997366 0.41678488 3.113844e-05 0.14980191 0.09601536 0.18494567 1.8063307e-05 3.695165e-05 0.13609351 3.4898576e-07 0.16996847 1.0206629e-06 0.29525247 0.039264813 3.451059e-05 8.0191945e-05 0.0060321228 0.0023440898 0.11118377 0.017634653 0.115346864 0.008368745 0.18599407 0.06366251 0.010050385 1.1525002e-05 0.0015381414 0.028249992 2.4599502e-05 9.7227145e-05 0.03115003 0.017460603 0.0087256525 0.0039082174 0.0036817163 1.3216266e-05 0.008877189 2.9854948e-07 0.0010818529 5.165086e-08 0.003558189 6.217142e-06 0.00036696836 0.0012961599 0.0014652985 8.476858e-07 0.0013001129 0.0013472919 0.03528434 4.0277304e-05 5.4924303e-06 0.011925746 3.4852816e-05 0.01991666 0.0001453058 0.017893303
0.6571971 0.00898288 0.0067628543 0.05317139 0.0070462865 0.03232977 0.07983799 0.001212783 0.0064943274 0.00046570197 0.01294604 0.059956357 0.32606584 0.1997822 0.00155816 0.014582524 0.0035407932 0.2199537 0.041725207 5.8648144e-05 4.7054553e-05 0.6241574 0.0005112312 0.00029466287 0.004152166 0.007751954 0.2667327 0.55977744 0.08978653 0.0032585068 0.00012731717 2.8149862e-16 0.0064179776 0.03700913 0.72785085 0.022370126 0.006734411 0.0005978817 0.003245893 0.00086149655 0.00092621334 7.3882686e-05 0.0003485002 0.0003387681 0.339023 0.002253093 3.961446e-05 0.3827656 0.0002092803 0.00012908924 9.018011e-05 0.42874667 0.58035946 0.0001442727 0.21618392 1.4965113e-05 0.3516478 9.536257e-06 0.0022066587 0.20852324 0.14595972 0.065031335 0.0005096984 4.1313695e-05 0.00013581204 5.6631106e-06 0.016797513 6.384727e-07 5.385229e-07 7.367014e-05 0.20817281 0.0003346226 9.265362e-06 0.19006959 0.22402011 4.5327356e-06 0.0001313757 7.953716e-05 2.4551864e-06 4.841151e-05 0.00016607744 1.0522977e-07 0.08085587 6.284243e-07 0.07423995 2.1580724e-06 1.7305289e-05 1.6663851e-05 3.2226362e-05 8.112735e-08 0.055976342 6.971697e-05 7.2073264e-05 5.0464934e-07 3.474716e-06 2.6497588e-05 6.264568e-05 1.6255099e-06 4.023638e-09 5.4881866e-07 0.00011677299
