1.3398577e-32 0.92208016 0.9649475 0.6706999 0.03801657 0.6332852 0.80856556 0.15019064 0.11604852 0.7603528 0.5672033 0.25864524 0.62470263 0.9611193 0.27985644 0.12765865 0.39389914 0.97497416 0.009573915 0.7868319 0.0053512612 0.022112455 0.88379705 0.31852946 0.98164123 0.94237435 0.020148491 0.13959742 0.6019659 0.58931184 0.49544036 0.051434167 0.80263823 0.9224878 0.6958696 0.783789 0.0071275947 0.0009415171 0.7162261 0.21826167 0.0031557074 0.5636348 0.077459574 0.9703671 0.9974466 0.99888176 0.93957406 0.02403199 0.23944877 0.1274097 0.015865656 0.0029989115 0.9174733 0.9646434 0.0015760198 0.9945237 0.9309247 0.64003915 0.99910814 0.026988896 0.9694831 0.0038037738 0.94674003 0.0009429998 0.86764854 0.46787262 0.00011684261 0.5563573 0.0009930973 7.088262e-05 0.46959156 0.0003145105 0.0008530793 0.000946312 0.0012485125 0.006089106 0.00054089574 0.01036699 0.9916172 0.0003475571 0.0003798052 5.495805e-06 0.00040163138 7.33178e-05 9.5279665e-06 0.00014200345 0.99877256 0.3437374 0.0015260886 0.97477305 4.4699073e-06 0.00016565478 0.99188083 4.1856254e-07 0.99985605 0.04641349 0.0007855121 0.9722335 0.3599186 0.99608475 0.99804765
0.92208016 9.714949e-16 0.875457 0.6145735 0.13369347 0.8171401 0.5319845 0.5631283 0.51672846 0.563967 0.14446403 0.10474536 0.37964824 0.34190753 0.3634414 0.073830575 0.044082787 0.32822672 0.027398057 0.015839985 0.009806231 0.02406809 0.0015024852 0.005809733 0.56051236 0.16745561 0.04905868 0.01241705 0.013246382 0.002726366 0.0058124294 0.010292967 0.0025953923 0.017358985 0.0044621686 0.02880179 0.0076333615 0.0019129849 0.0063794847 0.004811501 0.008761923 0.0012633301 0.0061600925 0.022184925 0.19783188 0.028762288 0.0010828009 0.00061459444 0.0006569925 0.0004933726 0.0007260453 0.010773058 0.0050600376 0.003248189 0.00018865023 0.05030125 0.0003617619 0.00013372458 0.14497021 0.00015033683 0.00078206667 0.00024032347 0.011888574 0.00034708562 0.0010058002 0.0007578809 0.001431946 2.4633986e-05 7.709263e-05 2.2247114e-06 0.0023109845 8.232744e-05 3.163079e-05 1.4213494e-05 7.4909534e-05 2.703024e-06 7.406428e-05 3.6108283e-06 0.00036442713 8.6853615e-06 2.5509615e-05 0.00011279397 1.34675165e-05 2.5276748e-05 2.8520885e-06 5.2209816e-05 9.9626464e-05 1.9470795e-05 1.2085709e-06 0.000124822 9.439782e-06 1.8697597e-07 0.0207982 3.871019e-07 0.008802262 0.0003982481 3.879612e-07 6.4532983e-06 9.088185e-05 0.0028749213 0.0015197214
0.9649475 0.875457 8.321595e-16 0.30012995 0.032609653 0.5863636 0.42849723 0.4292961 0.36659437 0.57859784 0.0930944 0.058787473 0.17557392 0.16969198 0.2975874 0.057517987 0.039904803 0.16529651 0.03544097 0.008446457 0.003766167 0.015531827 0.0010264599 0.0038346308 0.47837272 0.09797265 0.14917354 0.02269909 0.006222796 0.0013304353 0.0031962574 0.01992661 0.0012065546 0.005121928 0.0051243664 0.013837663 0.0146340905 0.0016191558 0.0028212143 0.022809545 0.014305737 0.002285974 0.010527064 0.013602917 0.12364602 0.037169185 0.00042980694 0.00454045 0.001846327 0.0023300084 0.0023289719 0.013737253 0.006831934 0.0022459654 0.0013897984 0.030738788 9.0642614e-05 8.8725625e-05 0.07762498 4.8597143e-05 0.00069083314 0.0007932381 0.013503128 0.0035876185 0.0008321944 0.0003338783 0.002636823 4.0997547e-05 0.0018637115 0.00034611463 0.0013588038 0.00085747207 0.00024698337 0.0002892696 0.00031676536 4.3939963e-05 0.0023553974 6.7086407e-06 0.0017200346 0.00018084291 0.0013133793 0.0004994717 0.00024206705 0.0010005551 0.00012449009 0.00022272376 0.00014983384 5.685145e-06 2.4677393e-05 0.00013903658 3.8665366e-05 4.0499937e-05 0.020470269 9.570677e-06 0.0071689207 0.00020989931 1.5176877e-05 8.581096e-06 0.00015883367 0.000859461 0.0010017935
0.6706999 0.6145735 0.30012995 8.5796245e-17 0.16785896 0.34564462 0.474838 0.29717335 0.26605362 0.44954708 0.7133347 0.537054 0.38050294 0.073883034 0.25604513 0.10373365 0.011001815 0.09786772 0.0046785385 0.7459 0.013691458 0.005330905 0.000596865 0.0010294514 0.6715888 0.031341244 0.014753749 0.0035222897 0.072418496 0.00027052834 0.0017002187 0.0037913297 0.00030938943 0.116180494 0.0007053584 0.009746988 0.0010421217 0.0013086245 0.002820897 0.0011627687 0.006342786 0.0008342019 0.00041883692 0.0045220307 0.0427549 0.06606482 0.00012984946 7.478262e-05 0.00035900483 0.00036958558 0.00030718706 0.0022033886 0.009595171 0.00047710718 4.9076345e-05 0.014934611 5.668322e-05 7.517296e-05 0.12769043 0.0013839569 7.7404766e-05 1.7770646e-05 0.022437895 9.9154524e-05 0.0003739894 0.00028484763 0.00035912177 1.5876672e-06 1.0747997e-05 9.061448e-06 0.0044411644 3.262008e-05 3.495487e-05 9.823247e-06 9.848241e-05 1.1224433e-06 4.2325824e-05 2.7478904e-06 1.3308189e-05 1.345514e-05 2.2142836e-05 5.8925598e-05 2.555154e-05 4.104435e-06 5.192447e-06 3.7518184e-06 3.3003128e-06 4.078748e-06 1.188431e-06 1.8694192e-05 9.104611e-06 1.8706105e-07 0.030809049 4.8620046e-07 0.014962852 0.00016633725 3.293372e-07 6.3594536e-07 6.3535925e-05 0.00033404262 0.0005243584
0.03801657 0.13369347 0.032609653 0.16785896 2.2928374e-19 0.030022545 0.3938125 0.28249028 0.44965518 0.031636756 0.14436638 0.19351307 0.055420086 0.003906492 0.44851238 0.5994626 0.001239044 0.009373409 0.0017172083 0.38517594 0.7626548 0.00036883808 0.000134239 0.000100956866 0.004378689 0.0106817065 0.01675907 0.00044234007 0.46198434 4.905075e-05 9.55948e-05 2.7893871e-05 9.353231e-05 0.34894204 6.875711e-05 0.001966226 3.8935003e-05 0.13069817 3.6395846e-05 4.1786305e-05 0.25590417 9.236265e-06 1.48449435e-05 0.0003132156 0.0128863165 0.16690913 5.244644e-06 7.48585e-06 1.6570793e-05 8.222727e-06 1.490232e-05 0.01130638 0.12034476 0.00010899948 2.7123667e-06 0.003993392 4.5607426e-06 7.253418e-06 0.046970036 0.028102472 3.8892325e-05 7.228437e-07 0.115195215 1.9419078e-05 3.1054988e-05 1.8070128e-05 0.0091779465 7.598117e-08 2.2200084e-06 0.04956291 0.03780558 5.1786055e-06 6.70402e-07 2.984077e-07 6.508597e-06 1.1144643e-07 1.0246386e-05 1.6742614e-06 6.575798e-06 4.1017722e-07 6.101301e-06 0.00023125793 1.1389283e-06 2.8028347e-07 1.8329265e-06 1.5734464e-05 3.612914e-07 4.0349082e-07 1.3979955e-07 4.5695588e-06 1.5033687e-07 6.3589226e-08 0.022344451 1.6163968e-08 0.0013134644 1.1439307e-05 4.178835e-08 5.042669e-07 2.888288e-06 5.4474845e-06 6.941646e-06
0.6332852 0.8171401 0.5863636 0.34564462 0.030022545 1.1752958e-19 0.43641275 0.54773396 0.44660237 0.7686102 0.12794605 0.039705683 0.35608256 0.70420223 0.47193873 0.1395236 0.42401928 0.42632592 0.1687603 0.002094588 0.0038817162 0.0845973 0.015332901 0.03751403 0.11757088 0.38336644 0.20338963 0.10757179 0.0036182315 0.021217462 0.03603945 0.058350917 0.023551676 0.002080032 0.023296917 0.1613891 0.109384365 0.0004380372 0.03487467 0.022915497 0.015483089 0.007828285 0.013712397 0.08961939 0.23976257 0.012260798 0.0043378444 0.0049857837 0.0021495556 0.0017673669 0.0038438742 0.02529515 0.0017183779 0.03564686 0.0004952509 0.106182985 0.0017262935 0.0005032343 0.022947015 5.7595594e-06 0.0096347835 2.5887352e-05 0.00052853 0.0008484918 0.0061099073 0.005903599 0.000809493 5.3494445e-05 0.00023090822 2.1090477e-06 0.0019995936 5.485173e-05 3.2146738e-05 1.4058696e-06 0.00011265454 4.837007e-07 0.000112916234 5.5559863e-06 0.0028810313 8.594372e-06 2.4195868e-05 1.3088766e-05 1.858815e-05 2.623694e-06 1.0811648e-06 3.432774e-06 0.00034549303 0.00012450102 5.58918e-06 0.00024931392 2.316402e-06 7.071442e-07 0.012861503 8.374636e-08 0.00645308 0.0002546925 1.4985178e-05 8.1314305e-05 0.00015402162 0.0050437516 0.0036282851
0.80856556 0.5319845 0.42849723 0.474838 0.3938125 0.43641275 2.4160819e-18 0.7596885 0.8233362 0.6517395 0.10153884 0.2067896 0.100378916 0.20061646 0.83526987 0.61312556 0.044866417 0.12803534 0.0693977 0.011984411 0.09538891 0.02901658 0.0016980594 0.007900382 0.11785736 0.049376264 0.61318725 0.01897447 0.016735854 0.0045709647 0.0041801254 0.006223653 0.0049651056 0.013063932 0.0054582944 0.013490687 0.08623402 0.011867062 0.0014986238 0.004434947 0.38750127 0.00075828587 0.0039872634 0.006936938 0.020172544 0.09405393 0.0010355158 0.0038197045 0.0007027804 0.0006614754 0.0015275097 0.2307624 0.010899434 0.003570186 0.0027152942 0.006955446 0.00018750873 1.9169898e-05 0.028616698 0.00010807587 0.0010969394 0.00015061091 0.013136267 0.0126681635 0.0013447664 0.00065968785 0.11532003 5.540219e-06 0.066826366 0.0004876702 0.0042992113 0.005164018 1.8565703e-05 1.5453208e-05 1.8815335e-05 7.7727884e-07 0.015042788 2.4417504e-06 0.00014605549 1.1436721e-05 0.013485845 0.015087889 1.2388719e-05 0.0016147986 9.0696136e-05 0.01822275 3.1266663e-05 5.2559044e-06 6.463193e-07 4.5788744e-05 3.518444e-05 2.6530217e-06 0.0061965077 3.9553324e-06 0.011274208 6.0852482e-05 7.7259034e-07 2.0807518e-07 3.758951e-05 8.4971085e-05 3.55872e-05
0.15019064 0.5631283 0.4292961 0.29717335 0.28249028 0.54773396 0.7596885 9.182475e-22 0.7235561 0.66747075 0.087325335 0.07598276 0.058777116 0.28143546 0.6614791 0.43867502 0.20786269 0.11086803 0.058948144 0.0035074586 0.017562518 0.016178856 0.008875356 0.047078248 0.03691714 0.050970465 0.47200966 0.08133655 0.005455224 0.026220657 0.017330682 0.032324284 0.020391678 0.0015359456 0.031282336 0.023940653 0.1020174 0.0017363685 0.004395533 0.019881386 0.08637513 0.0034155082 0.013819003 0.014255605 0.029214913 0.007693484 0.0031242087 0.011491251 0.000943634 0.00042155103 0.00029029156 0.05783693 0.0027018117 0.0045606927 0.0011554911 0.004502837 0.0011743648 0.00012743124 0.0068498855 1.876208e-05 0.005497658 0.0003529275 0.00068544596 0.00652261 0.0013165576 0.0007159007 0.004559634 0.00014702452 0.013360909 4.474249e-06 0.0017540957 0.0008197258 1.4597786e-05 9.447464e-06 8.068639e-06 1.9237507e-06 0.0011230628 2.1092671e-06 0.0010578893 1.0444593e-05 0.00032582754 0.00014146062 4.754508e-06 1.1128034e-05 1.3342827e-06 5.967811e-05 5.1628234e-05 7.139272e-05 1.0306433e-05 0.00018030545 7.581491e-06 2.3556215e-06 0.011495339 6.697272e-07 0.0015677569 1.4047419e-05 1.4824796e-05 0.00025872703 0.00013217583 8.592992e-05 4.47167e-05
0.11604852 0.51672846 0.36659437 0.26605362 0.44965518 0.44660237 0.8233362 0.7235561 6.590244e-21 0.57468915 0.101869486 0.074878074 0.05531441 0.22835718 0.7456694 0.5605809 0.15064314 0.07744408 0.040534467 0.0046955734 0.065846115 0.011880775 0.0039100777 0.029348562 0.02437247 0.025100872 0.4893934 0.050663166 0.016092949 0.01673856 0.012061404 0.015161371 0.011823865 0.0065032803 0.01931155 0.009568707 0.09036702 0.0040870463 0.0015900818 0.009315022 0.18437327 0.0015510903 0.0061099245 0.0071725515 0.024364416 0.013245035 0.0015694249 0.0058231074 0.0002714722 0.00012861479 8.907765e-05 0.114694364 0.005209466 0.0023350867 0.00065470487 0.002543516 0.000619553 5.7538855e-05 0.008196258 7.659555e-05 0.0045028846 9.308942e-05 0.0036891252 0.010420204 0.00053010037 0.00023117966 0.023320442 0.00011639852 0.03992536 9.751078e-06 0.0031428155 0.0012143177 9.887968e-06 1.01272535e-05 2.4885878e-06 8.6502007e-07 0.003735341 1.4327533e-06 0.00030200233 7.4162413e-06 0.0010546236 0.0005966892 1.953531e-06 3.253917e-05 6.190291e-07 0.00034916308 1.1486434e-05 2.9915656e-05 3.6391489e-06 0.00010326932 8.107684e-06 1.3154506e-06 0.0089119505 5.3795515e-07 0.0016889804 2.6804319e-06 8.412836e-06 6.952906e-05 4.2696614e-05 7.4603544e-05 5.348878e-05
0.7603528 0.563967 0.57859784 0.44954708 0.031636756 0.7686102 0.6517395 0.66747075 0.57468915 2.5013497e-18 0.068699636 0.061378248 0.13008332 0.48939705 0.60229075 0.1946044 0.55494565 0.32309362 0.26671374 0.0026772297 0.0036164047 0.09842295 0.036906734 0.2000152 0.10626479 0.21447575 0.61466944 0.23618671 0.011471639 0.1171768 0.049779747 0.19860074 0.050950114 0.0043033543 0.1546073 0.110333845 0.30999672 0.0015307331 0.032357834 0.13118277 0.087912075 0.023580048 0.05284487 0.06187593 0.0953317 0.02729967 0.014524971 0.044032875 0.0039879004 0.0034483038 0.02032751 0.11821767 0.004658997 0.013819536 0.010318747 0.033770557 0.0019155692 0.00041670396 0.022482125 1.1661301e-05 0.0058346367 0.0010722296 0.0019485092 0.028401993 0.008577407 0.0041491734 0.031438917 0.00022439742 0.108468115 2.2685519e-05 0.0015872276 0.0082769 0.000112466245 2.4344508e-05 0.000392534 1.2830024e-05 0.02684337 9.72643e-06 0.0044969325 5.8152127e-05 0.017562885 0.001291638 0.00015586839 0.0022024615 2.26107e-05 0.0039324723 0.0003566871 7.753835e-05 1.3364075e-05 0.00063121825 0.00022121338 9.537957e-06 0.0035375177 8.948989e-06 0.013838613 0.0004304436 1.145339e-05 4.053491e-05 0.00021227634 0.0052527557 0.0012772233
0.5672033 0.14446403 0.0930944 0.7133347 0.14436638 0.12794605 0.10153884 0.087325335 0.101869486 0.068699636 1.7589948e-16 0.5315471 0.15988037 0.023838045 0.054013427 0.035779834 0.004263162 0.040956482 0.0025381634 0.6920905 0.01001421 0.0028296807 6.170075e-05 0.00054767524 0.060508672 0.031522 0.0059501054 0.0021898788 0.1077021 0.00014498954 0.0007520957 0.0019574156 0.00027083527 0.07424255 0.0006979403 0.0135717 0.00027044115 0.0011943313 0.0010317955 0.0016103572 0.0015825194 0.00084059243 0.00025550387 0.0036890777 0.033862647 0.10810846 0.00016941362 8.2023056e-05 0.0008778398 0.0007777449 0.0003610135 0.001885236 0.0171683 0.0008130566 8.103692e-05 0.022014096 0.00013967582 0.0003348231 0.1536575 0.00036932647 0.00016420835 1.2595172e-05 0.023754494 0.0002962201 0.00019421513 0.00017961499 0.00079961924 1.3795635e-05 0.00013850469 1.4846218e-05 0.00265113 0.0005302842 0.00016088306 4.097652e-05 0.00012936702 1.0912381e-05 0.00030466978 1.7885548e-05 4.29316e-05 0.00010200101 0.00027428038 0.00010505555 6.343275e-05 0.00015151348 2.1959595e-06 5.6993984e-05 2.1398696e-06 3.3401924e-05 2.4760042e-05 0.00011009349 0.00014861823 1.2807023e-06 0.0635358 1.3734619e-05 0.031068904 6.7427034e-05 3.1723212e-06 6.5739016e-07 8.602027e-05 0.00067447266 0.0026257953
0.25864524 0.10474536 0.058787473 0.537054 0.19351307 0.039705683 0.2067896 0.07598276 0.074878074 0.061378248 0.5315471 1.9104128e-16 0.022942474 0.009774985 0.065051705 0.07108469 0.00063587993 0.012411431 0.00023903226 0.8962603 0.013243962 0.0001754917 2.1511283e-05 9.371812e-05 0.059109345 0.004922794 0.0022301995 0.00019273828 0.100032456 1.9105091e-05 4.927716e-05 0.00015115555 2.192656e-05 0.09158129 0.00018918117 0.0005945965 0.00015002274 0.0018917342 0.00011002401 0.00012587458 0.0012480697 8.6611464e-05 1.0426132e-05 0.00031120732 0.0058141653 0.09693005 1.6498794e-05 4.5319707e-06 2.1492582e-05 2.3939761e-05 0.000102501544 0.00041629665 0.019685116 3.2431763e-05 1.274483e-05 0.0028230567 2.57978e-06 2.490354e-06 0.05395403 0.0020391787 1.8396618e-06 5.3257793e-07 0.011967787 4.9811784e-05 7.0440587e-06 3.394849e-06 4.2651565e-05 2.7163802e-07 9.632081e-06 0.00015679827 0.005372026 1.2747882e-05 2.2529177e-06 1.8663385e-06 5.7369843e-06 1.1480312e-07 1.18618045e-05 1.9170272e-08 9.777575e-07 9.235143e-07 4.3317427e-06 4.3057826e-06 1.2668071e-06 3.4821435e-06 8.7539445e-07 1.5114603e-06 6.543965e-07 1.7946569e-08 1.5303272e-08 2.7349413e-06 1.2983917e-06 3.0576857e-08 0.01683825 8.937244e-08 0.0016903 1.7883422e-06 3.053542e-08 7.1166957e-09 1.5666583e-06 2.432432e-05 0.00016865338
0.62470263 0.37964824 0.17557392 0.38050294 0.055420086 0.35608256 0.100378916 0.058777116 0.05531441 0.13008332 0.15988037 0.022942474 5.212897e-20 0.2606681 0.038438328 0.009279476 0.031716377 0.4491677 0.014348407 0.0060318606 0.0043894257 0.024804944 0.0017396153 0.007278239 0.9386055 0.2358894 0.0045475373 0.015409611 0.008579861 0.006017205 0.022550022 0.00751587 0.019225009 0.01373443 0.005541599 0.11690436 0.000593849 0.0010787935 0.037508905 0.0041398257 0.0011484217 0.004378388 0.0014626514 0.043937575 0.21523131 0.014386513 0.002925703 0.00051993306 0.004181678 0.0033812092 0.0009357167 0.00079635833 0.005454636 0.008240677 7.9710975e-05 0.17134884 0.0026360978 0.0026136697 0.13684233 0.0002615061 0.002603928 1.4593332e-05 0.01028247 8.069759e-05 0.004464376 0.00828922 0.00043242658 0.00015130987 6.740051e-06 2.3404203e-07 0.0019283382 3.3482833e-05 5.588309e-05 1.0864481e-05 0.0003062881 1.7771037e-05 5.7049776e-05 0.00040260868 0.00073135743 3.6475314e-05 3.5952613e-05 3.866651e-05 7.585147e-05 1.1724421e-06 2.863257e-06 9.694212e-06 9.76805e-05 0.0009809574 7.418771e-05 0.0007366522 2.4525363e-05 5.7508953e-07 0.1113337 2.1152723e-06 0.024464397 0.0014082287 7.093594e-06 0.00031037797 0.0016778547 0.0043182033 0.019754611
0.9611193 0.34190753 0.16969198 0.073883034 0.003906492 0.70420223 0.20061646 0.28143546 0.22835718 0.48939705 0.023838045 0.009774985 0.2606681 9.7642435e-14 0.12531269 0.01075572 0.2556395 0.6483004 0.11303854 0.00079890125 0.0017791039 0.24541399 0.05004136 0.09631223 0.1055557 0.4664544 0.055142 0.09364148 0.00201554 0.05523634 0.12777393 0.061352793 0.073263675 0.003933016 0.056776833 0.16413468 0.020866495 0.00031587033 0.10799856 0.05667146 0.00060339895 0.034267213 0.019085137 0.1352361 0.4749471 0.0044959695 0.024510387 0.003290172 0.010564623 0.006517085 0.008911849 0.009769361 0.0012173904 0.029057905 0.00065165036 0.26467332 0.006299812 0.002620432 0.04813855 2.9545145e-05 0.0094503 0.00031879373 0.0041318545 0.0004863973 0.010530246 0.015488458 0.00016378591 0.0011935178 0.0001228832 1.1627702e-06 0.0007182966 6.978242e-05 9.715421e-05 1.72849e-05 0.00043928297 7.4277295e-06 0.00013525109 4.93454e-05 0.010505176 4.4128097e-05 2.3081848e-05 3.482517e-05 0.00012807977 5.008401e-05 1.9735515e-05 3.105001e-05 0.00060759205 0.00037841307 1.2349356e-05 0.001215911 1.2343823e-05 4.9880637e-06 0.027592864 1.4324554e-06 0.019107357 0.003961987 1.15341945e-05 0.0002859933 0.0010644933 0.024221016 0.03458085
0.27985644 0.3634414 0.2975874 0.25604513 0.44851238 0.47193873 0.83526987 0.6614791 0.7456694 0.60229075 0.054013427 0.065051705 0.038438328 0.12531269 2.776894e-20 0.82136154 0.15856974 0.03972484 0.10010159 0.00625435 0.29762587 0.031678014 0.004836318 0.022180494 0.01579751 0.02272754 0.801051 0.08324279 0.0214241 0.014977749 0.010000819 0.034477238 0.009194469 0.022783097 0.019497957 0.041692942 0.38761184 0.02895798 0.0044029024 0.0145684695 0.6777823 0.0019073769 0.014578963 0.0045437296 0.0059390254 0.028111774 0.0009783112 0.020559654 0.0007481764 0.0007156457 0.0018612567 0.56161684 0.0065016528 0.0077620037 0.0108002415 0.0026410525 0.0003473906 0.000107401844 0.014140708 0.00019536278 0.0021908598 0.00024650263 0.012445948 0.06495617 0.005494094 0.0042795027 0.30661026 1.7148916e-05 0.29355064 0.0015676575 0.005673777 0.00949302 9.2022005e-05 7.168909e-05 8.036206e-05 1.8088377e-06 0.14339818 1.0784015e-05 0.00047361848 2.4753668e-05 0.11101208 0.040375102 2.4922487e-05 0.0042514163 5.3507e-05 0.06825919 6.185538e-06 5.123804e-05 1.7571259e-06 8.0194695e-05 4.6223628e-05 4.5491656e-06 0.0054075182 9.074956e-06 0.0088523505 0.00023157994 2.9654286e-06 8.5041455e-07 7.678702e-05 8.050842e-05 1.0737138e-05
0.12765865 0.073830575 0.057517987 0.10373365 0.5994626 0.1395236 0.61312556 0.43867502 0.5605809 0.1946044 0.035779834 0.07108469 0.009279476 0.01075572 0.82136154 7.5938437e-19 0.0062279194 0.0041081184 0.008769529 0.009936398 0.7439467 0.001160252 0.0007080759 0.00059139 0.008106085 0.0055568344 0.52397615 0.0022029718 0.16361977 0.000435115 0.0015624202 0.0018453773 0.0016676617 0.13543503 0.0006054502 0.005993966 0.014502763 0.2150163 0.0013746059 0.0012956854 0.745815 0.00057871884 0.0005476016 0.00023665403 0.0022135247 0.06967686 0.000114489274 0.0009167195 0.0006704676 0.0010207 0.0012210932 0.29316786 0.03020693 0.00074603147 0.0030468982 0.0013631863 0.00011169291 5.6871977e-05 0.036829643 0.0024406835 0.00027891973 2.814076e-05 0.03750872 0.005698646 0.00070803775 0.001384891 0.27990958 1.0120162e-06 0.008290702 0.060341742 0.01759526 0.0023024895 1.2836475e-05 1.3984356e-05 6.553279e-06 1.9798856e-07 0.005700216 9.110822e-06 3.7497743e-05 4.1047015e-06 0.0035285063 0.07640883 2.6008665e-06 0.00016997257 4.863567e-05 0.026168946 5.8177363e-07 2.8920504e-06 2.5007435e-07 1.1011822e-05 4.581541e-06 6.307395e-07 0.004990355 1.9334434e-06 0.030117853 5.2841526e-05 1.5590354e-07 1.247948e-07 1.5811736e-05 4.1429084e-06 5.18032e-06
0.39389914 0.044082787 0.039904803 0.011001815 0.001239044 0.42401928 0.044866417 0.20786269 0.15064314 0.55494565 0.004263162 0.00063587993 0.031716377 0.2556395 0.15856974 0.0062279194 1.5156348e-19 0.07025641 0.8342837 8.975801e-06 0.00050101645 0.45254073 0.5150099 0.6443432 0.004800215 0.14925177 0.27526018 0.7495183 0.00097606296 0.2960797 0.13881746 0.39786154 0.10892485 0.0004005684 0.22847922 0.10802037 0.20649308 0.00046602075 0.061986197 0.11669998 0.009563617 0.049458496 0.042619042 0.05479148 0.030671842 0.0006006486 0.022202086 0.016665522 0.0076039718 0.0046912315 0.017022647 0.02596931 0.00011760156 0.018682944 0.0057474477 0.0153129175 0.0032466066 0.001956277 0.001636092 4.3290665e-06 0.009009389 0.0004588021 0.00026722264 0.008310536 0.010634254 0.0097266715 0.0027870396 0.00011820019 0.017877765 4.993347e-06 0.00034012852 0.0014239929 0.00010120308 1.0235916e-05 0.0002884044 8.6518594e-07 0.0029223694 5.990545e-05 0.004762223 1.756311e-05 0.00060514803 5.9490758e-05 8.635265e-05 5.4279888e-05 3.7046324e-05 8.1492006e-05 0.00021491751 8.1641745e-05 1.8419686e-06 0.0006784152 4.0714283e-05 3.001575e-06 0.0008753353 7.1174964e-07 0.00081013585 0.00064168824 7.3151537e-06 4.0612063e-05 0.00016095396 0.0010005308 0.0016094538
0.97497416 0.32822672 0.16529651 0.09786772 0.009373409 0.42632592 0.12803534 0.11086803 0.07744408 0.32309362 0.040956482 0.012411431 0.4491677 0.6483004 0.03972484 0.0041081184 0.07025641 1.34253545e-14 0.020222142 0.000787609 0.0010233525 0.06095015 0.013662507 0.025145208 0.5661509 0.80905616 0.0104723675 0.027094355 0.0042627067 0.019187076 0.035506267 0.024769487 0.029732196 0.005807446 0.025306158 0.10189384 0.002036493 9.655262e-05 0.043451604 0.020606829 4.1162482e-05 0.016788505 0.0052076555 0.11077484 0.6012246 0.0075654755 0.019018304 0.0003154137 0.0045739347 0.0025872036 0.0013756197 0.0019276203 0.0015295331 0.016385593 5.6686575e-05 0.3411744 0.004914374 0.0012887295 0.17900197 4.196805e-05 0.0050091757 3.7272912e-05 0.009650858 3.3867505e-05 0.00447499 0.004620711 1.2603642e-05 0.0014049107 2.707729e-05 4.2303142e-07 0.000692185 5.1025168e-06 5.0088474e-06 3.2087175e-06 9.407245e-05 1.0601278e-06 5.5413155e-05 4.446771e-05 0.0059731775 3.2974215e-06 1.8230761e-05 4.5772913e-06 1.1439863e-05 4.1301896e-06 2.911841e-06 8.862917e-06 0.0003728797 0.00031674848 1.4859241e-06 0.0013212764 3.4000686e-06 7.351362e-07 0.08026374 3.2925553e-07 0.06986254 0.0031659552 2.9831454e-06 0.0002468037 0.0014417415 0.030041177 0.04533955
0.009573915 0.027398057 0.03544097 0.0046785385 0.0017172083 0.1687603 0.0693977 0.058948144 0.040534467 0.26671374 0.0025381634 0.00023903226 0.014348407 0.11303854 0.10010159 0.008769529 0.8342837 0.020222142 7.640993e-22 4.7386834e-06 0.00046291278 0.16508067 0.4093322 0.43377888 0.0012044277 0.033526756 0.09026501 0.7138122 0.00016837135 0.21514753 0.09492926 0.23969121 0.068083175 4.391215e-05 0.1147626 0.042563476 0.13533093 0.00019055151 0.026583321 0.04215767 0.002674095 0.038720995 0.037251953 0.018112365 0.00854323 0.0002210451 0.013610645 0.016680667 0.005281961 0.0028920493 0.0062539075 0.010387888 0.00017848035 0.012922677 0.0027792996 0.0053318986 0.004172098 0.0017807224 0.00055855996 1.756208e-06 0.0064786305 0.00015932461 2.7229713e-05 0.0039545083 0.006149163 0.004697784 0.00036285273 0.00015186991 0.0038201693 1.8556452e-06 0.00020905407 0.00016117962 2.3012524e-05 1.860467e-06 5.2960037e-05 4.794244e-06 0.0003873841 3.0102769e-05 0.0022296645 4.172257e-06 6.737343e-05 5.3724843e-06 1.9380004e-05 9.311521e-06 1.6451838e-06 1.1602608e-05 0.00024758308 0.000105010775 8.046317e-06 0.0018948416 1.2873989e-05 1.331132e-06 0.00042612656 6.267987e-07 0.000112814945 0.00010369684 9.453891e-06 0.00027151697 0.00028939763 0.00029302406 0.00033276886
0.7868319 0.015839985 0.008446457 0.7459 0.38517594 0.002094588 0.011984411 0.0035074586 0.0046955734 0.0026772297 0.6920905 0.8962603 0.0060318606 0.00079890125 0.00625435 0.009936398 8.975801e-06 0.000787609 4.7386834e-06 1.3944577e-20 0.0028246348 1.5899703e-06 1.496347e-07 7.556534e-07 0.022263538 0.0006663748 8.3862615e-05 4.3250843e-06 0.008686427 4.2586896e-07 7.187886e-07 4.4347753e-06 2.7869518e-07 0.0034123694 9.450262e-07 1.849611e-05 3.2917064e-06 0.00014336567 1.1210195e-06 7.9573647e-07 4.5884084e-05 1.774796e-06 7.617677e-08 4.4760714e-06 0.0010067306 0.012765774 4.471457e-07 9.140254e-08 2.2077276e-07 3.2419916e-07 1.587948e-07 4.865404e-05 0.0028899566 1.5160944e-06 4.8359066e-08 0.00019846788 4.9067793e-08 6.125671e-08 0.022435727 0.000104627725 1.3768204e-07 1.7649135e-08 0.00424894 5.3540174e-07 8.014381e-08 3.719229e-08 8.551637e-06 6.2778005e-10 3.6784323e-07 5.355851e-05 0.0004079449 3.2768457e-07 3.2817507e-08 3.703394e-08 2.26469e-08 1.6596524e-09 3.7737402e-06 4.012653e-10 6.256529e-08 3.7409425e-08 8.476365e-07 1.3320894e-06 3.5246615e-08 1.683425e-07 5.0575096e-08 5.5538742e-09 2.3538573e-09 4.388868e-10 1.0611306e-09 4.8803376e-08 4.069384e-08 9.039312e-09 0.00999558 1.0344935e-09 0.0004713394 3.570606e-08 1.0638299e-09 6.651208e-11 2.6047884e-08 2.9502513e-07 9.721088e-06
0.0053512612 0.009806231 0.003766167 0.013691458 0.7626548 0.0038817162 0.09538891 0.017562518 0.065846115 0.0036164047 0.01001421 0.013243962 0.0043894257 0.0017791039 0.29762587 0.7439467 0.00050101645 0.0010233525 0.00046291278 0.0028246348 6.2500746e-20 8.668947e-05 2.514545e-05 3.5908204e-05 0.0004096976 0.0030984017 0.017926687 0.00014227985 0.39124578 2.281609e-05 0.0001410515 1.805003e-05 0.00016401333 0.1358376 2.6957889e-05 0.002170822 0.0003454083 0.52869076 7.857259e-05 2.6218719e-05 0.30859607 7.166856e-06 4.4563467e-06 0.00016773875 0.00061158655 0.037074458 5.1132333e-06 6.1365645e-06 1.48219415e-05 1.2643287e-05 2.7869199e-05 0.042004105 0.0507164 0.0002443281 9.8351e-05 0.00023232806 1.9762165e-05 8.936392e-06 0.009560771 0.0099473335 8.290535e-05 5.164236e-07 0.019954685 0.00010708173 5.605865e-05 3.784832e-05 0.09444139 2.4673744e-07 1.0855304e-05 0.2718726 0.01303969 7.846129e-06 4.5721762e-07 1.9022058e-07 5.2036285e-07 1.5458019e-08 6.8327776e-05 3.022214e-07 6.639636e-07 1.776746e-07 2.9961311e-05 0.0076174247 2.6666012e-07 5.213826e-07 3.8734033e-06 4.6206835e-05 5.2719806e-09 8.8325874e-07 8.995849e-09 1.573261e-06 2.3427788e-07 2.751067e-09 0.010517937 6.100288e-08 0.0016516703 1.3410106e-06 1.3605327e-08 1.27209265e-08 4.0368133e-07 2.073643e-08 1.914737e-07
0.022112455 0.02406809 0.015531827 0.005330905 0.00036883808 0.0845973 0.02901658 0.016178856 0.011880775 0.09842295 0.0028296807 0.0001754917 0.024804944 0.24541399 0.031678014 0.001160252 0.45254073 0.06095015 0.16508067 1.5899703e-06 8.668947e-05 2.0270022e-23 0.5771724 0.76754194 0.0019462425 0.096174166 0.016398277 0.44405493 1.4806725e-05 0.46996182 0.34963104 0.19064453 0.20852086 2.1900376e-05 0.24336652 0.14388706 0.03891018 6.289171e-05 0.089638874 0.041951273 8.57185e-05 0.07544152 0.017437058 0.0438692 0.02910854 0.00025032504 0.026108796 0.005301959 0.00884676 0.0047054826 0.005591398 0.0017486532 5.1491046e-05 0.031306624 0.00033142854 0.026920056 0.005021257 0.0033256426 0.0007687425 5.4397776e-07 0.015530344 7.159467e-05 2.2217693e-05 0.00043060005 0.00893638 0.0061935745 3.141494e-05 0.00015087183 0.00010365117 1.0334794e-06 0.00024414365 3.2834778e-05 2.0425137e-05 9.78125e-07 0.0001341814 3.668982e-06 2.1104492e-05 8.177125e-05 0.007160178 3.9719794e-06 4.462296e-06 2.4554486e-06 1.2397963e-05 1.9818312e-07 9.191263e-07 2.8618496e-07 0.00025049623 8.567486e-05 2.935762e-06 0.001908709 1.3882232e-06 5.4557484e-07 0.0012934483 5.3352068e-08 0.00016178207 0.0001446982 8.783871e-06 0.00024120543 0.00026443752 0.0007580856 0.0014069891
0.88379705 0.0015024852 0.0010264599 0.000596865 0.000134239 0.015332901 0.0016980594 0.008875356 0.0039100777 0.036906734 6.170075e-05 2.1511283e-05 0.0017396153 0.05004136 0.004836318 0.0007080759 0.5150099 0.013662507 0.4093322 1.496347e-07 2.514545e-05 0.5771724 6.2767484e-17 0.80559975 0.00076656387 0.041045737 0.0232094 0.51977545 1.5060839e-05 0.86139446 0.44740778 0.094005086 0.5092023 1.9064502e-05 0.2241264 0.060772393 0.01823698 5.8011377e-05 0.067838036 0.023217753 0.00015309812 0.010869855 0.017318208 0.03235689 0.025556827 3.0085692e-05 0.00559529 0.002837861 0.0010015217 0.00082789094 0.0011390712 0.0021793058 1.3607774e-05 0.006152932 0.0003231313 0.01837602 0.00036471663 0.00028584307 0.00029745037 1.9239347e-07 0.0034153208 0.00022730032 4.9113896e-05 0.0004555196 0.0012631385 0.0006180453 0.00078543345 2.597737e-05 0.00053167157 2.5679498e-07 2.296162e-05 0.00013433889 2.1058053e-05 1.0669941e-05 4.4333352e-05 1.594763e-06 0.0005416879 4.560164e-06 0.003647013 6.0449356e-06 0.00022775558 1.4977434e-05 2.1706292e-05 3.2765463e-05 1.3815291e-05 0.00011471235 7.017898e-05 2.3214689e-06 1.543666e-06 0.00029532737 1.0412995e-05 1.6108048e-06 0.0009861765 5.211614e-07 5.1183146e-05 9.085534e-05 1.0315946e-06 2.2626944e-05 4.683514e-05 0.00045030518 0.0009575668
0.31852946 0.005809733 0.0038346308 0.0010294514 0.000100956866 0.03751403 0.007900382 0.047078248 0.029348562 0.2000152 0.00054767524 9.371812e-05 0.007278239 0.09631223 0.022180494 0.00059139 0.6443432 0.025145208 0.43377888 7.556534e-07 3.5908204e-05 0.76754194 0.80559975 9.365946e-21 0.0014883721 0.04399728 0.09282407 0.6453227 2.796875e-05 0.5829659 0.24117282 0.30234078 0.240887 3.0412592e-05 0.49412838 0.054591153 0.0790981 4.4672415e-05 0.053402264 0.13559316 0.00024835853 0.058528073 0.11269729 0.03768169 0.016004087 0.00021560956 0.01988656 0.02539722 0.009177149 0.005620474 0.012956131 0.008760142 3.401436e-05 0.012180035 0.006401296 0.012662366 0.0011801316 0.00094915717 0.000876272 6.9990494e-07 0.0069428678 0.00043635647 4.3786236e-05 0.006052799 0.0027164507 0.0023421857 0.00031967295 4.6288038e-05 0.010987969 6.8910316e-07 4.3779222e-05 0.0011936595 5.434241e-05 9.8616565e-06 0.00023316155 4.4632813e-07 0.0019464114 1.1171789e-05 0.004819186 8.655602e-06 0.00045614215 6.816354e-06 5.1156647e-05 7.13657e-05 3.0069084e-05 0.00019319412 0.00010752236 1.5086211e-05 5.1206086e-07 0.00053442846 8.272007e-05 1.5864805e-06 0.00035317164 1.7763844e-06 0.00023603601 0.0001190977 2.9613477e-06 1.779393e-05 4.3177173e-05 0.000655433 0.0008340723
0.98164123 0.56051236 0.47837272 0.6715888 0.004378689 0.11757088 0.11785736 0.03691714 0.02437247 0.10626479 0.060508672 0.059109345 0.9386055 0.1055557 0.01579751 0.008106085 0.004800215 0.5661509 0.0012044277 0.022263538 0.0004096976 0.0019462425 0.00076656387 0.0014883721 8.001605e-17 0.053687282 0.0008772017 0.0008708291 0.0015971337 0.000825 0.0008907961 0.0008366387 0.0006019954 0.002088576 0.0019432214 0.0024097422 0.00017688076 7.15585e-05 0.0008619868 0.002378403 3.433614e-05 0.0010666634 0.000233797 0.001586489 0.06253096 0.0035654632 0.0012393441 8.179364e-05 0.0005456251 0.00031837355 3.2947733e-05 0.00016691377 0.0006373485 0.00035495276 3.6830293e-06 0.017082695 0.00043935297 0.00017182337 0.0366139 0.00012969895 0.000112584945 5.6640824e-06 0.0052764104 5.365582e-06 0.0001304176 6.541276e-05 9.413702e-06 4.207008e-05 1.4838382e-06 2.901042e-06 0.00055258087 1.5254401e-06 1.0452519e-06 4.0649356e-06 2.469928e-06 1.864819e-06 1.2174239e-06 9.710724e-07 5.616439e-05 6.0356126e-07 3.9598783e-07 7.734514e-07 7.707329e-07 1.1859837e-07 1.6454167e-07 1.6114419e-07 1.7297101e-05 3.0562867e-06 1.5750469e-07 1.5030205e-05 3.415776e-08 1.9121255e-07 0.060702834 2.8002698e-09 0.010883444 1.2846026e-05 9.266112e-08 4.6145004e-07 1.3453935e-05 0.00032336343 0.0016048809
0.94237435 0.16745561 0.09797265 0.031341244 0.0106817065 0.38336644 0.049376264 0.050970465 0.025100872 0.21447575 0.031522 0.004922794 0.2358894 0.4664544 0.02272754 0.0055568344 0.14925177 0.80905616 0.033526756 0.0006663748 0.0030984017 0.096174166 0.041045737 0.04399728 0.053687282 5.611693e-17 0.0073134038 0.060224477 0.0026825012 0.040429726 0.14295141 0.0341514 0.15673901 0.005264305 0.03895115 0.3614123 0.004398259 0.00069389225 0.19666518 0.018158475 0.0005303941 0.03760822 0.006698847 0.32412124 0.52598846 0.0033256444 0.04608397 0.001382695 0.015594245 0.006830016 0.0027421655 0.0007450151 0.001141923 0.1709397 0.00015543272 0.6776931 0.02454348 0.009375849 0.091368675 0.00011956714 0.043751307 6.055301e-05 0.0024992384 5.7059133e-05 0.047393307 0.075220406 0.00036417734 0.0005388453 2.2703505e-05 3.4994764e-07 0.0018000539 7.6029232e-06 3.8788352e-05 1.5748412e-05 0.00042485146 1.5554964e-05 3.7744296e-05 0.0013828784 0.029318599 2.8889093e-05 1.4768733e-05 9.9311665e-06 0.00010321762 3.1808233e-07 3.0825145e-06 5.596546e-06 0.002580628 0.0032795928 5.2711166e-05 0.011791539 2.1065442e-05 5.124784e-06 0.15787786 1.7604841e-06 0.025324022 0.0055915667 1.1522991e-05 0.0040319413 0.0071582627 0.059135564 0.24269466
0.020148491 0.04905868 0.14917354 0.014753749 0.01675907 0.20338963 0.61318725 0.47200966 0.4893934 0.61466944 0.0059501054 0.0022301995 0.0045475373 0.055142 0.801051 0.52397615 0.27526018 0.0104723675 0.09026501 8.3862615e-05 0.017926687 0.016398277 0.0232094 0.09282407 0.0008772017 0.0073134038 3.2843968e-21 0.14798234 0.0019871108 0.036787696 0.009526459 0.039581317 0.013831561 0.00071116147 0.051680423 0.006393996 0.49130377 0.004337181 0.004237532 0.062465154 0.4194989 0.0042632455 0.120609455 0.0032786014 0.0044297455 0.0012577546 0.005254797 0.13368487 0.002084101 0.0012254353 0.0053567626 0.5157198 0.0009987323 0.0042532654 0.03857037 0.0011928038 0.0034515085 0.0004902482 0.0019877313 9.5222844e-05 0.003387909 0.004037659 0.00013853665 0.17692137 0.0012446096 0.0014311133 0.15516582 0.00030328584 0.35523227 0.0001670969 0.0029535578 0.036657497 0.00014241194 9.765759e-05 2.2614733e-05 7.848583e-06 0.21335755 3.119262e-05 0.00011930962 2.8942592e-05 0.13700555 0.010142245 9.4198085e-06 0.009743722 5.5325185e-05 0.036200263 3.9436396e-05 0.0005903729 1.30929975e-05 0.00020220483 0.001981016 1.8535522e-05 0.00014224484 0.00012371277 0.00086114096 6.911514e-05 5.2481886e-05 0.0003508745 0.00034938141 0.00017763114 6.653829e-05
0.13959742 0.01241705 0.02269909 0.0035222897 0.00044234007 0.10757179 0.01897447 0.08133655 0.050663166 0.23618671 0.0021898788 0.00019273828 0.015409611 0.09364148 0.08324279 0.0022029718 0.7495183 0.027094355 0.7138122 4.3250843e-06 0.00014227985 0.44405493 0.51977545 0.6453227 0.0008708291 0.060224477 0.14798234 7.0650425e-21 0.00010597144 0.42552224 0.25234243 0.7552364 0.20757431 7.954149e-05 0.5592784 0.09242856 0.37567216 0.00027303133 0.08402806 0.4583993 0.002794994 0.20644344 0.19666673 0.045986038 0.011695059 0.00020134103 0.055495936 0.062317163 0.03172172 0.017739238 0.054442123 0.014906316 4.631413e-05 0.029775681 0.019307014 0.009678587 0.008405992 0.004816526 0.00071210857 4.0572204e-06 0.018672047 0.0028456675 0.00017610985 0.019623809 0.012305894 0.015150654 0.0011306121 0.0006046758 0.046119098 2.8978093e-06 0.00040705997 0.0035733248 0.00045782022 4.2579468e-05 0.00079871615 1.3493626e-05 0.006171668 0.00014686042 0.0073746173 6.2581435e-05 0.002790473 7.570925e-05 0.00014118636 0.000363795 2.0534218e-05 0.00013610508 0.00037560414 0.00031334348 7.0596075e-06 0.0020284848 0.00038221167 3.674627e-06 0.00020263028 8.439258e-06 0.00013916327 0.001431589 1.1665538e-05 0.00028572997 0.00061115075 0.0009940349 0.0010408529
0.6019659 0.013246382 0.006222796 0.072418496 0.46198434 0.0036182315 0.016735854 0.005455224 0.016092949 0.011471639 0.1077021 0.100032456 0.008579861 0.00201554 0.0214241 0.16361977 0.00097606296 0.0042627067 0.00016837135 0.008686427 0.39124578 1.4806725e-05 1.5060839e-05 2.796875e-05 0.0015971337 0.0026825012 0.0019871108 0.00010597144 6.4196184e-17 2.0899697e-05 2.8955319e-05 7.690116e-06 2.5486417e-05 0.88240445 3.9103197e-05 0.00097214966 2.1175216e-05 0.15679763 1.5367383e-05 3.3645665e-05 0.017951733 2.5338375e-06 2.9454511e-06 0.00027941013 0.0033502397 0.66558814 3.920097e-06 8.691912e-07 2.8039483e-06 3.1589955e-06 3.958506e-06 0.0017594175 0.83666027 4.228278e-05 3.882867e-06 0.0023713876 4.0459e-06 1.920462e-06 0.19602245 0.27796227 1.7918821e-05 2.0984396e-07 0.4856666 2.620588e-06 1.26643445e-05 1.3791136e-05 0.0032308758 1.3606022e-07 1.6247574e-07 0.07796284 0.30240276 3.482583e-07 2.3052895e-07 6.560139e-08 1.8052638e-06 3.563503e-08 5.6259246e-06 5.9405994e-07 5.789741e-07 6.993334e-08 3.3435622e-06 0.0002579977 4.81033e-07 1.0528322e-06 5.568555e-07 5.1288836e-05 7.722275e-08 1.7263153e-07 3.582606e-08 1.0388208e-07 1.5407178e-07 1.8822556e-08 0.15486164 7.012823e-08 0.08459631 1.3452959e-07 2.1165391e-08 7.716095e-11 1.7004915e-09 2.6570663e-07 1.3725002e-06
0.58931184 0.002726366 0.0013304353 0.00027052834 4.905075e-05 0.021217462 0.0045709647 0.026220657 0.01673856 0.1171768 0.00014498954 1.9105091e-05 0.006017205 0.05523634 0.014977749 0.000435115 0.2960797 0.019187076 0.21514753 4.2586896e-07 2.281609e-05 0.46996182 0.86139446 0.5829659 0.000825 0.040429726 0.036787696 0.42552224 2.0899697e-05 1.3229287e-19 0.75476944 0.3114234 0.69486994 1.8308172e-05 0.6467404 0.08578835 0.071246386 2.732372e-05 0.30401695 0.22784516 7.2559815e-05 0.24233246 0.19294883 0.04717293 0.017259484 5.582977e-05 0.101430744 0.03899858 0.032781802 0.017836686 0.016056335 0.0039393245 9.475843e-06 0.019363688 0.0069026346 0.0193159 0.004023961 0.0031417352 0.00057732145 4.021919e-07 0.013653286 0.0029247783 2.2199521e-05 0.0046284464 0.0050722016 0.004021275 6.478387e-05 0.0002994313 0.007305189 2.0430161e-07 3.019348e-05 0.0010875708 9.793199e-05 3.5710676e-05 0.00029005803 8.720104e-06 0.0011191566 3.5881676e-05 0.006710478 1.5937709e-05 0.00040480902 5.6106646e-06 8.967224e-05 0.00011968568 4.938518e-05 0.00015055762 0.00025394937 5.8400612e-05 1.3326231e-06 0.0007914212 4.1071704e-05 2.0338514e-06 0.00043347594 1.396561e-06 0.00013887517 0.00027143466 4.727971e-06 5.119149e-05 0.00016262202 0.0009927423 0.001291978
0.49544036 0.0058124294 0.0031962574 0.0017002187 9.55948e-05 0.03603945 0.0041801254 0.017330682 0.012061404 0.049779747 0.0007520957 4.927716e-05 0.022550022 0.12777393 0.010000819 0.0015624202 0.13881746 0.035506267 0.09492926 7.187886e-07 0.0001410515 0.34963104 0.44740778 0.24117282 0.0008907961 0.14295141 0.009526459 0.25234243 2.8955319e-05 0.75476944 6.78061e-21 0.26570842 0.8388371 4.5019005e-05 0.4345347 0.2773702 0.04024903 0.00033564103 0.686053 0.12631732 0.0002554544 0.4954937 0.04723508 0.08823307 0.04011164 8.978588e-05 0.15008229 0.009085452 0.058782287 0.031601887 0.034995772 0.00061016594 2.678974e-05 0.08054337 0.0019424636 0.064117 0.013552294 0.012783334 0.0005231419 1.3025626e-06 0.045912188 0.0008627344 3.7736452e-05 0.002287986 0.037336536 0.053020503 0.00012608999 0.0007846907 0.00048127535 7.138788e-07 0.00035318304 0.00034753344 0.00016426707 1.8725757e-05 0.0012792791 4.094558e-05 0.00014718348 0.0003961027 0.030126868 3.5954774e-05 6.505324e-05 2.9756344e-05 0.00016829942 5.124324e-06 1.41503315e-05 9.90285e-06 0.0008223787 0.0005441371 1.0687477e-05 0.002490447 4.8954247e-05 3.509016e-06 0.00079531135 2.1866535e-06 0.00016107036 0.001262079 1.0283449e-05 0.00040877223 0.0007200713 0.0032280209 0.004270016
