8.736903e-32 0.53850996 0.17974499 0.048174214 0.80258816 0.26818976 0.67951053 0.004356403 0.061689846 0.0011972485 0.05073574 0.04299651 0.02941302 0.012286469 0.008660664 0.7045092 0.6308065 0.0011505763 0.003748852 0.009512999 0.19536722 0.23065622 0.005577995 0.79260063 0.55471855 0.029010735 0.7255393 0.0069119926 0.0025450266 0.8961067 0.0005672243 0.013874404 0.00066506764 0.80889875 0.09531675 0.0050697015 0.8037621 0.92358965 0.010696625 0.924154 0.96748084 0.049576037 0.0006779605 0.0003820963 0.9821889 3.439664e-05 0.00014887057 0.66585815 9.688302e-05 0.9199039 0.49214593 0.0071683396 0.93256485 0.00027921115 0.010855373 0.035382565 3.7572343e-05 7.019889e-06 0.77265567 0.9541199 0.9655521 0.0046374486 0.016383355 0.0003321547 0.7413513 0.83394814 0.000962335 0.91957057 0.59450316 0.91098475 0.25883794 0.71952766 0.42803007 0.05692318 0.13385507 0.9970405 0.9979485 0.7006375 0.0070320885 0.0017633331 0.49373382 0.5864891 0.13993563 0.01692945 0.06970532 2.4142483e-07 0.9836814 0.99425215 0.9969604 0.00095070945 4.3903397e-05 1.446759e-07 8.057021e-06 0.046939746 0.99918526 0.99941736 0.0034204791 1.5235349e-05 1.3339887e-06 0.9340295 5.8499273e-07
0.53850996 5.998638e-19 0.5440869 0.59514385 0.6820597 0.55380803 0.29360613 0.32331187 0.10229143 0.1436962 0.6140786 0.5654862 0.13763255 0.35663918 0.11077042 0.2941644 0.13965575 0.07409164 0.108924 0.16092026 0.07950377 0.020507758 0.20753096 0.011542526 0.0109131215 0.020778112 0.009088636 0.0056760875 0.056572046 0.0038939498 0.052470595 0.04859686 0.04428279 0.0043690223 0.0073914053 0.0095095895 0.0011294709 0.0006173036 0.004967883 0.014030691 0.009092153 0.0044534174 0.04520487 0.020095585 0.00322912 0.0011539544 0.0016138765 0.00068951544 0.00094206585 0.004677323 0.001007338 0.0038838896 0.00011297008 0.0035397366 0.0016420138 0.00088451314 4.5378503e-05 0.00014822133 7.858848e-05 0.003513555 0.0015422285 0.0015963943 0.0055195126 0.004959015 0.00074726687 0.0016787318 0.0014923981 0.001466889 2.8002992e-07 1.5614922e-05 9.852134e-06 9.622459e-06 5.241833e-08 4.764717e-06 8.787222e-06 0.0002789099 6.2574036e-05 0.00072895474 2.5234238e-05 9.253595e-05 0.004676369 1.0590222e-08 3.8771425e-08 2.2552736e-06 3.6837685e-07 2.2746197e-05 1.3263806e-05 0.009796688 0.0038407706 7.8946796e-05 4.164072e-06 1.1011302e-06 1.998119e-06 5.6581734e-07 0.0035122237 0.0010187798 6.6785265e-07 9.1331574e-05 3.0164133e-06 3.7945377e-08 2.1018175e-06
0.17974499 0.5440869 4.0228094e-20 0.31164333 0.74656737 0.08607879 0.37278005 0.20898604 0.41675124 0.023281565 0.106177635 0.05807216 0.06624418 0.12465768 0.005845436 0.36299387 0.37799084 0.010184432 0.0041698785 0.1755612 0.134832 0.16765864 0.11242111 0.11075611 0.0994764 0.062208217 0.10457055 0.00030071306 0.0070028263 0.028041018 0.017447354 0.06744395 0.021185279 0.13452515 0.05213965 0.023146076 0.027995838 0.016422395 0.014371811 0.03303892 0.10118253 0.0021227251 0.017339857 0.0059777303 0.031257093 0.00031491776 7.5354554e-05 0.012392407 0.00017282681 0.06976438 0.015011363 0.016023599 0.0033568603 0.00062207633 0.009588488 0.0048529133 2.8366609e-05 0.0001823964 0.0019403104 0.010745319 0.00990329 0.006925961 0.033201817 0.0010212131 0.012520298 0.0023958855 0.0008156155 0.013997868 8.248989e-05 0.0009908482 0.000977636 0.0006058536 6.186998e-05 0.0017854122 0.00016853728 0.0006257257 0.00046474187 0.0061198156 0.003194208 0.00023141304 0.0023510535 3.3573144e-06 3.8743914e-05 2.2355674e-07 4.0197567e-05 3.941897e-06 0.0008188546 0.032902904 0.017954487 0.00014283822 6.269141e-05 4.897654e-08 2.9203606e-05 0.00019185289 0.009400009 0.007350386 1.4536902e-06 1.6592797e-06 1.8678742e-05 1.8674467e-05 2.695654e-06
0.048174214 0.59514385 0.31164333 1.032378e-21 0.23658279 0.094950534 0.4514138 0.5736562 0.31297997 0.025096929 0.5793336 0.3830593 0.025750866 0.5306206 0.011736903 0.08259722 0.056805138 0.053164493 0.037371323 0.35574308 0.20439778 0.016743701 0.20430759 0.017729506 0.028140025 0.059222028 0.008178786 0.00034698498 0.028745769 0.011567601 0.07270621 0.0944031 0.06265765 0.008468084 0.044165764 0.027709244 0.0026911898 0.0011380266 0.013152625 0.007975527 0.0071644844 0.0015805451 0.07108506 0.027861109 0.0036260088 3.7751746e-05 2.5353665e-05 0.0014308649 0.00011092534 0.0072898227 0.0020801756 0.011718968 0.0001943213 0.0016862362 0.004101673 0.001552813 7.067556e-06 1.2518197e-05 0.00019421884 0.0027712707 0.0009641539 0.0077877543 0.040630274 0.0044280463 0.0008546037 0.0010403814 0.003378879 0.0022081325 1.2281148e-06 0.000119565324 6.150066e-05 0.00010450775 8.4250195e-07 8.795183e-05 6.86418e-05 5.3581294e-05 7.4537793e-06 0.0013811656 9.741193e-05 0.00018087636 0.0022081598 5.2856567e-08 1.0739487e-06 7.569888e-06 2.896149e-06 2.8212678e-06 2.1605012e-05 0.0049037165 0.0016545933 0.00013963427 1.2620241e-05 2.1163848e-07 6.4489304e-06 4.0158466e-06 0.0016036569 0.00095588464 1.9621048e-06 4.1055646e-05 2.6424088e-06 2.7617185e-07 9.752413e-07
0.80258816 0.6820597 0.74656737 0.23658279 2.8834666e-17 0.21949872 0.34884468 0.116020605 0.11269936 0.030134605 0.23781331 0.14245458 0.09114008 0.15372442 0.019363752 0.6414338 0.59034693 0.017330186 0.016248027 0.10137031 0.13551772 0.07984167 0.08268331 0.03391542 0.043814566 0.03245675 0.055394378 0.0015866039 0.0085701505 0.015695948 0.015714094 0.06798416 0.0136948 0.022684403 0.023408417 0.014123983 0.005099834 0.0018002909 0.008159443 0.021937257 0.029344836 0.005666036 0.017598873 0.0057521495 0.009278874 0.00022406595 0.00018399848 0.0045392853 8.965445e-05 0.010835417 0.0064281244 0.0071399496 0.0009101673 0.00045789225 0.0055250814 0.0030461112 4.6754314e-05 8.5551e-05 0.00068742165 0.011669986 0.0033150995 0.003138932 0.0076441756 0.0018550014 0.001409733 0.0035330234 0.0037627297 0.0030568524 3.389046e-06 0.00013104135 2.5141779e-05 6.513953e-05 8.4171415e-07 2.01886e-05 2.7729431e-05 0.0015650442 0.0002812572 0.0022015246 7.831242e-05 0.0005422598 0.0059164446 2.4887666e-07 3.6353663e-07 4.738096e-06 2.787761e-06 5.453647e-05 9.371936e-05 0.03268708 0.019347535 0.00043618318 1.5703208e-05 3.5057494e-07 1.4513802e-05 3.549868e-06 0.0064962446 0.003769608 2.3501957e-06 1.423304e-05 9.803668e-06 1.0206302e-07 2.2228978e-06
0.26818976 0.55380803 0.08607879 0.094950534 0.21949872 6.6357273e-21 0.007888625 0.049852967 0.006078132 0.5079703 0.2211716 0.4478652 0.6502623 0.06368966 0.70324814 0.16716859 0.05309291 0.11104188 0.23481625 0.012235283 0.0027926587 0.0043111835 0.05960867 0.0015296644 0.0011615346 0.0022741677 0.0021742063 0.13296585 0.067205556 0.0002613707 0.0077508413 0.0021055022 0.0070903543 0.0009461441 0.0005219643 0.0009897012 9.8825905e-05 2.4726844e-05 0.00085728726 0.08381327 0.0014110068 0.1355201 0.005183587 0.004930175 0.0007369572 0.011998711 0.014556506 5.5533936e-05 0.0061137863 0.00096653093 9.5450865e-05 0.000363598 7.624925e-06 0.0028168939 0.00026496692 0.00022827789 0.00035443404 0.0050658565 9.615213e-06 0.0065350286 0.00021638861 0.00010039827 0.0003081874 0.001098527 0.00012769194 0.004616517 0.0003010821 0.00013080586 3.800332e-08 7.3614865e-07 9.546452e-07 6.6912327e-07 1.011035e-08 2.246915e-07 7.764727e-07 3.0917985e-05 3.7029383e-06 0.00018977711 3.522226e-06 4.0739804e-05 0.013138522 2.137162e-09 9.764231e-09 1.680427e-07 4.9675556e-08 0.0006226135 2.6206055e-06 0.0082085505 0.00485568 3.1917654e-05 4.932516e-07 1.4104961e-06 2.2526844e-07 1.0173224e-07 0.00047471147 0.00016127434 8.8477584e-08 5.6104295e-06 5.854205e-08 4.057648e-09 3.6028208e-08
0.67951053 0.29360613 0.37278005 0.4514138 0.34884468 0.007888625 9.830473e-17 0.21493833 0.66941667 0.006497403 0.3134668 0.08773465 0.014647789 0.2330739 0.0035867202 0.10588806 0.085822314 0.011185896 0.006094227 0.3029871 0.5588192 0.12289391 0.14091945 0.14257419 0.24815416 0.27899808 0.06703938 0.00016559807 0.0077552446 0.12044641 0.057825875 0.38877496 0.05483387 0.07404045 0.22758736 0.14679803 0.028389217 0.016523715 0.113161355 0.0022158648 0.10187417 0.0011355104 0.10592319 0.04029997 0.032482807 9.239037e-05 7.733165e-05 0.01667805 3.6470126e-05 0.026743283 0.02344146 0.10164866 0.0036304255 0.0016349729 0.06294727 0.019536206 1.8395856e-05 3.0394876e-05 0.0021063518 0.0040359637 0.009211834 0.046777684 0.14229684 0.0202431 0.0051456075 0.0009159631 0.036278725 0.0067703105 4.295601e-05 0.000869882 0.00050785614 0.0004146086 1.6857466e-05 0.0017273243 0.00042213214 0.0032207852 0.0011481227 0.004565684 0.0015094997 0.0020569144 0.0007243211 3.1060806e-06 5.307468e-06 6.374963e-05 2.2845225e-05 1.5676065e-05 0.00040837753 0.015908472 0.008082846 0.0013899521 0.00026437678 2.0874357e-07 0.00013719847 2.6203847e-05 0.009985852 0.0039116107 1.3779199e-05 0.00030245946 4.612679e-05 3.1544523e-06 2.4540243e-05
0.004356403 0.32331187 0.20898604 0.5736562 0.116020605 0.049852967 0.21493833 5.760927e-23 0.20518264 0.016369496 0.46032482 0.35469472 0.009899371 0.41373724 0.0028844744 0.04965403 0.03710359 0.055379815 0.038100157 0.26699677 0.11979043 0.018454727 0.21993074 0.011113526 0.013043117 0.026327671 0.0045317765 0.00017392455 0.01475204 0.010578299 0.038605046 0.035130594 0.038664106 0.0042875484 0.01565042 0.0036269373 0.003012116 0.002046709 0.0031113296 0.0038427652 0.003844365 0.0010810917 0.029166376 0.014302394 0.0030563013 0.00027030503 0.00013689014 0.0012941009 0.00031977968 0.0023257502 0.0011526911 0.002942032 0.00073995127 0.0015923588 0.0011316553 0.0007470115 3.0929372e-05 7.340876e-05 0.00019470009 0.0014877053 0.0017112509 0.0009385914 0.01274392 0.0013813901 0.00019562493 0.0007837521 0.0007173684 0.001919888 1.3682235e-05 0.00024370398 0.00012563544 4.717034e-05 8.084691e-06 0.00013110648 1.886782e-05 5.348654e-05 2.1599903e-05 0.00019579029 0.00013201497 2.168928e-05 0.0003058299 5.635663e-07 8.4112e-06 1.2845439e-07 7.187759e-06 2.3525438e-06 2.267427e-05 0.005017109 0.0012771063 2.372919e-05 5.500822e-06 4.217639e-08 5.5386813e-06 3.077091e-05 0.0015162809 0.0009568848 1.14342235e-07 3.4489615e-06 7.639893e-07 2.1743845e-06 2.1327784e-07
0.061689846 0.10229143 0.41675124 0.31297997 0.11269936 0.006078132 0.66941667 0.20518264 5.428856e-19 0.0030956343 0.09162906 0.020038811 0.005513983 0.14364378 0.00074971956 0.06243809 0.0790235 0.006987286 0.003637834 0.3525424 0.44431788 0.109807305 0.08261052 0.1377548 0.22898461 0.22238757 0.062207937 2.9173652e-05 0.0020404046 0.057215292 0.05250125 0.1893635 0.051363397 0.1291633 0.16511048 0.100517675 0.040314127 0.017002892 0.061848782 0.0022305546 0.068681225 0.0010647594 0.06621386 0.026235353 0.030433528 3.295235e-05 9.418498e-06 0.016618742 3.9314276e-05 0.0574508 0.025033833 0.10021636 0.0034680902 0.0010005942 0.047340233 0.014068644 1.125369e-05 9.47944e-06 0.0030205087 0.002208563 0.0069187293 0.021374168 0.061436746 0.0059386515 0.0055564875 0.00054726907 0.0134494845 0.0063244984 4.1464795e-05 0.00078260235 0.00038357335 0.00041871393 3.20303e-05 0.0012763928 0.00021919339 0.00041160404 0.00040003489 0.004259417 0.0005047483 0.0006821859 0.00020344432 5.0846747e-06 2.1564832e-05 1.6325062e-05 4.7064652e-05 4.989941e-07 0.00026010428 0.00821621 0.0023568568 0.00048710406 0.00023244509 2.6262796e-08 0.0001690695 0.000118176285 0.004216196 0.0017452952 1.6040469e-05 5.9270806e-05 3.1270418e-05 2.1792484e-06 1.9727158e-05
0.0011972485 0.1436962 0.023281565 0.025096929 0.030134605 0.5079703 0.006497403 0.016369496 0.0030956343 1.6654777e-24 0.02540997 0.18151842 0.4626 0.007649707 0.57045335 0.018211283 0.006531044 0.12964752 0.23805311 0.00199271 0.0025108045 0.000273442 0.0139371455 0.0005272726 0.0007626616 0.0015086428 0.00016320449 0.06179135 0.021834971 0.00011529594 0.00077507336 0.00065689103 0.0006592504 0.00023884041 0.0013308204 0.00019573072 0.0002829319 0.0001126784 7.556585e-05 0.025814729 0.00027158638 0.028062044 0.00024575056 0.00016041272 8.556609e-05 0.0036895666 0.0012953011 0.00024783183 0.0022792667 0.00016185614 9.0303e-05 7.020737e-05 0.0001162257 0.00042334019 4.871779e-05 2.5281328e-05 9.989218e-05 0.0020590744 8.6277425e-05 0.0008563329 0.00013739394 5.0959883e-05 0.00073279423 6.7828414e-06 2.5930934e-05 0.0009634337 5.7404927e-06 0.00017654001 3.4696664e-06 0.00010909786 4.2310567e-05 2.9310051e-05 1.1116191e-06 3.8158963e-05 1.7919496e-06 2.1941266e-07 6.8736344e-10 2.0074005e-05 2.962324e-05 1.5234863e-06 0.00091664644 1.1163508e-08 2.9078033e-06 1.2779926e-08 3.9654603e-07 0.0007281696 4.177871e-06 0.0016115771 0.00023873999 1.5513904e-06 6.627094e-08 4.041705e-09 4.325108e-08 1.791806e-06 4.8317284e-05 3.5359793e-05 4.979259e-09 8.657381e-09 3.511434e-09 8.992439e-08 5.426634e-10
0.05073574 0.6140786 0.106177635 0.5793336 0.23781331 0.2211716 0.3134668 0.46032482 0.09162906 0.02540997 7.686508e-23 0.71820664 0.023871591 0.63442385 0.03427465 0.06284064 0.031844825 0.17541283 0.17296024 0.25802097 0.120795585 0.0047552204 0.34048834 0.004979286 0.0053528664 0.016553389 0.0010834141 0.004193771 0.08427658 0.005038583 0.09178152 0.03907118 0.06452284 0.0018109343 0.00716867 0.00811014 0.00085746753 0.0002601013 0.0054497123 0.0066989143 0.0014941155 0.00055920036 0.07164589 0.05051346 0.00040670356 0.00013282166 0.00086571876 0.0008759098 0.00033960622 0.001935531 0.0011396373 0.003017091 5.532919e-05 0.009371544 0.0007732033 0.0010395944 1.1067379e-05 1.8425862e-05 9.4787036e-05 0.0021075662 0.00026402556 0.0010592199 0.0101669105 0.011249425 0.00061891257 0.0012461423 0.0027622457 0.00048737193 2.977621e-07 1.9498188e-05 3.7278617e-06 1.8155564e-05 4.9960047e-08 4.2165893e-06 6.9200255e-06 1.0552402e-05 2.9466114e-06 0.00063085 5.382767e-06 0.00010611334 0.0027143518 3.7914756e-09 4.7853863e-08 8.543318e-07 1.62252e-07 3.9920233e-06 5.7002326e-06 0.004284317 0.0026608503 9.153335e-05 3.2542628e-06 3.4077738e-07 1.9661375e-06 8.7472635e-08 0.0014923447 0.00033830784 2.1568265e-07 8.1107435e-05 1.144789e-06 3.9221026e-09 3.1934647e-07
0.04299651 0.5654862 0.05807216 0.3830593 0.14245458 0.4478652 0.08773465 0.35469472 0.020038811 0.18151842 0.71820664 7.245975e-22 0.08730223 0.54345125 0.24828245 0.037029803 0.017201217 0.5577049 0.6166211 0.12885405 0.021218201 0.0024210352 0.3963349 0.0022106345 0.0017014327 0.004927303 0.00073924026 0.07722724 0.22587696 0.0010930767 0.08908171 0.010717246 0.06363588 0.00081849936 0.002758122 0.0038622858 0.00029515816 7.9351994e-05 0.0024180885 0.028019391 0.000504769 0.0043075737 0.037631407 0.043357324 0.00020535245 0.005149 0.021140508 0.0005181894 0.007161397 0.0011762158 0.00082652504 0.0013305488 3.9223087e-05 0.024749717 0.0007189892 0.0009423741 0.00027579092 0.0011268925 7.299129e-05 0.005339753 0.00015009085 0.00055708294 0.0046500126 0.008747858 0.0006366123 0.005307843 0.0023115121 0.00020644952 7.010866e-07 8.466408e-06 7.0721e-06 1.7569577e-05 1.3113578e-07 3.0547596e-06 1.3734384e-05 5.608156e-06 3.0044e-07 0.00044106686 1.39923595e-05 0.00012836591 0.010276269 6.7114274e-09 1.0370746e-07 2.2296983e-06 4.0518285e-07 0.00031544227 4.7981275e-06 0.0033594354 0.0030652087 6.836402e-05 1.1688384e-06 1.0183119e-06 8.772188e-07 2.1539508e-07 0.0005687236 8.894005e-05 3.6342013e-07 3.9867824e-05 4.5825573e-07 1.4779235e-08 2.3534199e-07
0.02941302 0.13763255 0.06624418 0.025750866 0.09114008 0.6502623 0.014647789 0.009899371 0.005513983 0.4626 0.023871591 0.08730223 2.3086953e-20 0.011996487 0.64217573 0.268705 0.085276976 0.038150005 0.082652144 0.004787352 0.0050023748 0.007172778 0.020704338 0.0033673625 0.0022105332 0.0026021856 0.004495811 0.07493869 0.032508872 0.0004350422 0.0021383723 0.0014168299 0.0024086488 0.0018195832 0.0016339604 0.00067307474 0.00024267356 6.442098e-05 0.00041102528 0.26225322 0.002052431 0.50708777 0.0014375759 0.0005197288 0.00056812674 0.0068499283 0.0052241846 0.00021985284 0.002569447 0.0032026663 0.0001487925 0.00035146324 1.7669825e-05 0.0013889 0.00012801898 7.909142e-05 0.00028510555 0.0053214617 6.908397e-05 0.007065605 0.00049190887 0.00020215989 0.000201385 6.1419014e-05 0.00050289364 0.010538471 4.8964142e-05 0.0015118754 4.789566e-07 1.2542491e-05 2.3574341e-05 8.737851e-06 1.4654123e-07 9.102493e-06 7.424337e-06 5.010338e-06 1.38339535e-08 0.00059310644 1.2176661e-05 9.322806e-06 0.035608105 5.1303943e-09 1.4987577e-07 2.657572e-08 1.9537778e-07 0.0021063006 3.4408025e-05 0.018042406 0.015479634 2.670392e-06 1.0564913e-06 2.1930867e-07 9.491295e-07 2.6307632e-07 0.0005045216 0.00015009959 6.587695e-09 9.4911364e-08 2.0819376e-08 1.1742934e-09 3.098605e-09
0.012286469 0.35663918 0.12465768 0.5306206 0.15372442 0.06368966 0.2330739 0.41373724 0.14364378 0.007649707 0.63442385 0.54345125 0.011996487 7.7043854e-23 0.006325129 0.069310956 0.04318035 0.10412016 0.076686755 0.50703025 0.2148833 0.014431324 0.47024283 0.008849552 0.010448245 0.042756356 0.0050812718 0.00023665607 0.061635144 0.008506101 0.15366071 0.062920935 0.11777657 0.0019411551 0.026406761 0.008247899 0.0015636656 0.00053197186 0.005296148 0.0073671057 0.0027170337 0.0010424721 0.092767544 0.07084865 0.0014018478 6.145886e-05 7.867375e-05 0.00090162613 0.00026918392 0.0036989064 0.0008752614 0.0077428035 0.00015591522 0.009909559 0.0023931558 0.0007671383 1.4483646e-05 1.469838e-05 0.00011508216 0.0033186108 0.00080704363 0.0050925803 0.026924076 0.015471251 0.00064659404 0.0033153067 0.0059013613 0.0014202254 1.3910407e-06 5.887937e-05 2.4343906e-05 3.8927654e-05 5.2908484e-07 3.5768488e-05 1.607379e-05 1.9802936e-05 8.452608e-07 0.0007518207 7.187722e-05 0.0001127732 0.0020913605 3.2292828e-08 7.2110794e-07 1.7751039e-06 1.5426549e-06 6.4818715e-07 3.4024255e-05 0.0034368085 0.0014813117 0.00016065907 3.3104614e-05 4.883855e-07 2.8756878e-05 2.3896569e-06 0.0009956559 0.0002912424 1.2792389e-06 3.0513283e-05 7.1028408e-06 1.7206102e-07 8.416146e-07
0.008660664 0.11077042 0.005845436 0.011736903 0.019363752 0.70324814 0.0035867202 0.0028844744 0.00074971956 0.57045335 0.03427465 0.24828245 0.64217573 0.006325129 1.7368659e-22 0.019264726 0.0061920863 0.15489699 0.44661802 0.0009139867 0.00095087587 0.00031156337 0.016531667 8.960351e-05 7.277229e-05 0.00019172505 0.0001065386 0.3427027 0.06391966 1.5903062e-05 0.00161019 0.00012509587 0.0016123288 0.00024269275 3.182908e-05 9.796682e-05 1.7882203e-05 2.055717e-06 0.00010612335 0.08285588 0.00013091331 0.41217262 0.0004735848 0.00068491173 1.5159563e-05 0.022667322 0.019285308 1.3244997e-05 0.008392751 0.0004258296 2.1074848e-05 1.843959e-05 1.2167067e-06 0.0010134437 8.437149e-06 3.4600424e-05 0.0015540789 0.010504088 8.909927e-06 0.002411347 3.219239e-05 1.5847832e-05 2.4293811e-05 4.4726985e-05 0.000121876925 0.008993282 1.299361e-05 0.0001265515 1.9202329e-08 1.3042406e-06 6.284513e-07 2.0688333e-06 7.0589032e-09 1.391665e-07 7.327355e-07 4.7865205e-07 2.6985667e-09 0.000347797 3.5485832e-07 4.591658e-06 0.021687016 5.440128e-10 7.9499e-09 1.4353003e-07 1.0058591e-08 0.004007761 8.387913e-06 0.0023886787 0.0025018067 2.147868e-06 1.0509418e-07 1.677861e-06 7.625659e-08 3.320497e-09 3.0343206e-05 2.9892213e-05 6.0787277e-09 2.8177067e-07 1.6858525e-09 1.3641959e-09 1.2907869e-09
0.7045092 0.2941644 0.36299387 0.08259722 0.6414338 0.16716859 0.10588806 0.04965403 0.06243809 0.018211283 0.06284064 0.037029803 0.268705 0.069310956 0.019264726 1.3594682e-17 0.8710268 0.005861605 0.009951585 0.041646525 0.032129116 0.043663025 0.030419657 0.034854714 0.030043323 0.017589118 0.042961687 0.0040218467 0.009048901 0.0079107 0.0036678717 0.016708903 0.0038748018 0.028606769 0.01613565 0.0072341515 0.0044520465 0.002076676 0.0053832475 0.061935354 0.039467845 0.016717989 0.00690516 0.0022358375 0.013380476 0.00038931737 0.00016339462 0.0033206732 6.166687e-05 0.016968867 0.0034787464 0.0071127927 0.0006532339 0.0005487002 0.0042767124 0.0030526386 4.430909e-05 0.000403656 0.000572185 0.017060945 0.004107623 0.0038328706 0.0027613358 0.00058284885 0.0022005613 0.0068777376 0.0018149203 0.0039493036 2.2253944e-06 0.00011918906 5.2511274e-05 9.356576e-05 1.7717452e-06 2.7342205e-05 5.170377e-05 0.002927167 0.00041888226 0.005762439 0.00019517542 0.0009787644 0.014075912 1.1970673e-07 9.4765613e-07 8.321082e-06 1.9700358e-06 9.15042e-05 0.0010792111 0.063381955 0.048682634 0.0005907632 6.0913506e-05 2.4860117e-06 4.04228e-05 4.704578e-06 0.024076996 0.020200705 4.4552844e-06 5.54587e-06 3.0109257e-05 5.4683568e-08 1.3279438e-05
0.6308065 0.13965575 0.37799084 0.056805138 0.59034693 0.05309291 0.085822314 0.03710359 0.0790235 0.006531044 0.031844825 0.017201217 0.085276976 0.04318035 0.0061920863 0.8710268 4.89046e-18 0.0027028932 0.0044116993 0.043235943 0.039776973 0.09536663 0.023914285 0.071375005 0.05834062 0.021542042 0.09707589 0.0009686408 0.0063571986 0.012595046 0.0043405406 0.025494417 0.0046327035 0.06776044 0.016652526 0.010040014 0.011217313 0.0041264123 0.007893138 0.058555126 0.08668628 0.0043267347 0.0078762 0.0023040185 0.028626641 0.0002963953 3.6578353e-05 0.0047125984 0.0001138824 0.04339021 0.007436984 0.0123443995 0.0011616121 0.0008351934 0.0062186634 0.0041592875 5.724434e-05 9.354365e-05 0.0011506547 0.019204024 0.005964087 0.004688783 0.0053268876 0.0004986856 0.004715453 0.0036078426 0.0016778852 0.0067585735 1.6349493e-05 0.0003429661 0.00015343972 0.00020618136 8.822296e-06 0.00022070471 7.340455e-05 0.0028692367 0.0005550643 0.006847172 0.00052687497 0.001183422 0.005098723 5.382154e-07 3.764409e-06 1.0458558e-05 3.5996643e-06 1.5897514e-05 0.000912433 0.07310836 0.057949647 0.00053168024 7.589938e-05 4.3705552e-07 7.298343e-05 6.8575746e-06 0.020698864 0.013005965 3.0552494e-06 4.49889e-06 0.00012908518 1.2041572e-07 5.694568e-05
0.0011505763 0.07409164 0.010184432 0.053164493 0.017330186 0.11104188 0.011185896 0.055379815 0.006987286 0.12964752 0.17541283 0.5577049 0.038150005 0.10412016 0.15489699 0.005861605 0.0027028932 9.660949e-25 0.64014393 0.0138344765 0.006178528 0.00013535496 0.21612576 0.00019281275 0.0005238968 0.0030594438 0.00020075317 0.045271948 0.24069409 0.0003496874 0.01647467 0.0023832663 0.012689788 3.4383458e-05 0.0025274581 0.00024662254 0.00017305938 0.0001197872 0.00014207565 0.0030555436 0.0003806076 0.005631548 0.0030816018 0.0037117759 5.6537294e-05 0.0134866685 0.007762148 0.00024988974 0.023030663 6.5113505e-05 0.00018729287 0.000120268756 0.000102439684 0.012560867 0.00014146912 8.375472e-05 0.0015667801 0.0046059983 0.00011402422 0.0010630569 3.6699843e-05 0.00011584945 0.0057262685 0.0001002974 2.0736716e-05 0.0019637577 3.2082728e-05 0.00010597043 4.4957765e-06 7.910514e-05 8.3214436e-05 3.0490131e-05 1.2355512e-06 2.0057683e-05 4.5778465e-06 8.1824993e-07 2.4697544e-09 1.4345041e-05 3.866249e-05 5.0019926e-06 0.0054507647 6.824523e-08 4.1925186e-06 5.095698e-08 1.0469429e-06 0.0010752041 1.9071676e-06 0.00083433674 0.0005800989 4.9775094e-06 6.3705255e-07 6.388647e-08 7.8270523e-07 2.6658524e-06 2.8542589e-05 3.111674e-05 5.83298e-09 5.1198623e-07 3.4790165e-08 2.8446308e-07 1.6616994e-08
0.003748852 0.108924 0.0041698785 0.037371323 0.016248027 0.23481625 0.006094227 0.038100157 0.003637834 0.23805311 0.17296024 0.6166211 0.082652144 0.076686755 0.44661802 0.009951585 0.0044116993 0.64014393 7.644659e-24 0.0053914837 0.0029860975 0.000285024 0.11264074 0.00013917097 0.00027458186 0.0008887739 7.7653494e-05 0.15468743 0.2523234 4.9796585e-05 0.008750039 0.0004617521 0.007668037 0.00010261765 0.00039543613 0.00037605967 9.929429e-05 2.1148295e-05 0.00012856109 0.01111597 8.638709e-05 0.013562514 0.0015501666 0.002887765 3.6672485e-05 0.026845478 0.02782746 0.000105823194 0.039376795 0.00023036449 0.0001555972 5.841983e-05 1.8315e-05 0.020384878 2.27053e-05 4.7885846e-05 0.00640449 0.009405533 9.0406065e-05 0.0032111546 1.299019e-05 4.147294e-05 0.0019300621 0.0003842529 0.00014712762 0.013272879 3.5584417e-05 3.1215328e-05 2.3076585e-07 1.4793881e-05 6.8282075e-06 3.7460428e-05 6.169383e-08 5.2848254e-06 5.179816e-06 5.712773e-07 5.1572866e-09 8.482923e-05 8.491879e-06 7.774022e-06 0.09378358 2.4243885e-09 1.3282437e-07 1.02471866e-07 1.5259108e-07 0.0038039843 7.498501e-07 0.0016891091 0.001706519 4.974274e-06 1.424306e-07 1.1544192e-06 1.073939e-07 5.115535e-08 5.9650225e-05 5.015724e-05 4.4490594e-08 1.1788992e-06 1.9978692e-08 1.4501869e-08 8.75918e-09
0.009512999 0.16092026 0.1755612 0.35574308 0.10137031 0.012235283 0.3029871 0.26699677 0.3525424 0.00199271 0.25802097 0.12885405 0.004787352 0.50703025 0.0009139867 0.041646525 0.043235943 0.0138344765 0.0053914837 1.4525595e-19 0.5186768 0.038532343 0.4492817 0.039294455 0.11702252 0.22426608 0.016955182 4.8865993e-05 0.02531427 0.06430087 0.25792632 0.32818383 0.26637828 0.02408089 0.186576 0.09480963 0.016711922 0.0074981973 0.06542741 0.0019106257 0.007526303 0.0022503606 0.22679588 0.16843599 0.0044717984 2.3428658e-05 3.774275e-05 0.014220899 0.000147194 0.00976427 0.026506145 0.13754442 0.0023801455 0.01638899 0.085697874 0.021680767 3.1013016e-05 1.7602968e-05 0.002769168 0.0022215778 0.001392706 0.080809824 0.15396726 0.0674555 0.0020401787 0.0031483863 0.084644064 0.0032577969 0.00011593422 0.00049137877 0.00067750807 0.00042809945 2.7679811e-05 0.0019205501 0.00020647296 0.0001522092 3.939899e-05 0.0023338646 0.0017317447 0.0012863161 0.0012711269 3.919379e-06 3.537288e-05 2.778555e-05 4.9489183e-05 1.1214023e-06 0.0002786815 0.007149128 0.0032453917 0.0007632892 0.00043124458 1.4278781e-06 0.00046657576 6.464112e-05 0.0018506221 0.0010113805 1.3981155e-05 0.0004461841 6.2785526e-05 1.5192359e-05 2.194834e-05
0.19536722 0.07950377 0.134832 0.20439778 0.13551772 0.0027926587 0.5588192 0.11979043 0.44431788 0.0025108045 0.120795585 0.021218201 0.0050023748 0.2148833 0.00095087587 0.032129116 0.039776973 0.006178528 0.0029860975 0.5186768 1.1317816e-18 0.07362911 0.15637161 0.10787302 0.45145357 0.6882108 0.041029107 4.6603094e-05 0.014537168 0.21546814 0.079806305 0.6368072 0.09361034 0.08919003 0.49249983 0.4423113 0.05001582 0.033466477 0.27153075 0.00028244205 0.040343847 0.0002966071 0.19313283 0.07211275 0.015505623 2.6934917e-05 3.1305448e-05 0.03987465 3.5324974e-05 0.017181527 0.0608996 0.32883665 0.009385909 0.001109163 0.2667677 0.07146523 1.4503287e-05 1.1519706e-05 0.0066850716 0.0009680378 0.0072102547 0.22036533 0.3685722 0.057887424 0.005614956 0.00018730285 0.10377102 0.0069304244 0.00035527418 0.0017488899 0.0020000082 0.0012335703 0.00021428615 0.003387098 0.0012091468 0.001125406 0.000141916 0.004300983 0.003558871 0.007115842 4.662688e-05 8.007246e-06 4.8989834e-05 0.0002116804 7.2320916e-05 1.9598979e-06 0.0006083 0.007475802 0.0023702616 0.0013685119 0.00059362844 2.5004502e-07 0.0005030836 9.9528545e-05 0.0030777645 0.001070142 6.3301435e-05 0.0010214119 0.00022558653 2.5834668e-05 6.649211e-05
0.23065622 0.020507758 0.16765864 0.016743701 0.07984167 0.0043111835 0.12289391 0.018454727 0.109807305 0.000273442 0.0047552204 0.0024210352 0.007172778 0.014431324 0.00031156337 0.043663025 0.09536663 0.00013535496 0.000285024 0.038532343 0.07362911 1.6733324e-21 0.010994405 0.56264246 0.15482825 0.04526699 0.8505866 4.3434302e-05 0.0022252526 0.052196167 0.002160249 0.029221743 0.0031295018 0.35714868 0.059159495 0.026793243 0.050188787 0.03916301 0.029499274 0.007894888 0.5196437 0.0008449018 0.0043277186 0.0007102895 0.1840727 1.49451735e-05 2.2424465e-06 0.021441659 1.0397386e-05 0.2081124 0.024637084 0.01473918 0.013352388 6.7560526e-05 0.009948785 0.01268426 3.9254687e-06 2.9955268e-06 0.013669597 0.011044702 0.027334807 0.0032420193 0.027559059 1.3617888e-05 0.06935114 0.0015813509 0.00040007033 0.04600265 0.0013200521 0.00616667 0.0025105588 0.008829961 0.0012214781 0.0018844065 0.0011775419 0.038555134 0.018299619 0.035217166 0.0011161972 0.00010627618 0.0011790489 0.0001284443 0.00070445857 7.569394e-05 0.00022434605 5.708479e-08 0.028276362 0.10813955 0.07294256 0.00013697648 1.1710382e-05 4.6732446e-10 5.811811e-06 0.00021276683 0.045275073 0.08101437 2.7912647e-06 5.1920557e-10 3.7756593e-06 0.00017071498 1.5503913e-07
0.005577995 0.20753096 0.11242111 0.20430759 0.08268331 0.05960867 0.14091945 0.21993074 0.08261052 0.0139371455 0.34048834 0.3963349 0.020704338 0.47024283 0.016531667 0.030419657 0.023914285 0.21612576 0.11264074 0.4492817 0.15637161 0.010994405 5.3911694e-20 0.0033226896 0.013567333 0.04052463 0.0037032655 0.0029869247 0.31455007 0.008921781 0.45946416 0.117159516 0.42103583 0.0008735073 0.038243312 0.01945055 0.001965146 0.0006297938 0.013572075 0.013075193 0.0015231463 0.002974281 0.26881582 0.3279983 0.0007431942 0.0006703065 0.002354855 0.0025333618 0.0039274427 0.0023365526 0.0025817396 0.03084065 0.00029518994 0.1525672 0.016375134 0.0033780655 0.00013180739 0.00023701972 0.0008574699 0.0076411 0.00041685937 0.030109894 0.06364894 0.13749091 0.0013456565 0.019391665 0.03224105 0.001319606 1.2707014e-05 0.00018102615 0.00010190465 0.00049488153 1.6509662e-06 0.0001907144 0.00011917497 5.560139e-05 3.5695933e-07 0.00096884643 0.0005275195 0.0010799788 0.012138841 1.728968e-07 2.506774e-06 1.51437125e-05 5.7832212e-06 5.813954e-05 0.00016265304 0.004731034 0.004864075 0.00023610533 3.8123133e-05 2.266064e-06 2.8667338e-05 4.4922363e-06 0.00076875725 0.0004132428 3.6076208e-06 0.00068458816 1.53555e-05 1.0340206e-06 4.9195064e-06
0.79260063 0.011542526 0.11075611 0.017729506 0.03391542 0.0015296644 0.14257419 0.011113526 0.1377548 0.0005272726 0.004979286 0.0022106345 0.0033673625 0.008849552 8.960351e-05 0.034854714 0.071375005 0.00019281275 0.00013917097 0.039294455 0.10787302 0.56264246 0.0033226896 6.8382864e-18 0.40757734 0.10449621 0.20513637 1.6256508e-06 0.00021371327 0.21792701 0.0016811694 0.06761069 0.000994186 0.5568442 0.13125329 0.049234092 0.12087976 0.13713296 0.054344613 0.00431793 0.4888008 0.0006911139 0.007286844 0.00078739994 0.36059016 3.978398e-06 8.8636995e-07 0.056216348 6.986775e-06 0.34219342 0.05529379 0.03764561 0.03484495 2.859708e-05 0.026967522 0.022469757 2.2492038e-06 3.26978e-06 0.01680747 0.010090481 0.08075571 0.010099319 0.038269136 7.472836e-05 0.06779129 0.0016585554 0.0026041567 0.067835584 0.0018563995 0.008433972 0.002505786 0.005105956 0.0017287118 0.0021931143 0.0025623385 0.07178586 0.07594692 0.051304873 0.0005941569 0.0012902609 0.0008792646 0.00013421288 0.0005958942 0.0013527921 0.00032720887 5.163739e-07 0.024815254 0.07610207 0.03202114 0.0010473699 0.00014336828 6.6527366e-09 8.073862e-05 0.00029048405 0.07855726 0.060874514 0.00010972172 8.592651e-06 5.000734e-06 3.5615416e-05 2.384578e-06
0.55471855 0.0109131215 0.0994764 0.028140025 0.043814566 0.0011615346 0.24815416 0.013043117 0.22898461 0.0007626616 0.0053528664 0.0017014327 0.0022105332 0.010448245 7.277229e-05 0.030043323 0.05834062 0.0005238968 0.00027458186 0.11702252 0.45145357 0.15482825 0.013567333 0.40757734 2.5811041e-19 0.5602562 0.09524288 1.3433146e-06 0.00032310822 0.5802724 0.008283941 0.26375556 0.009483932 0.5133854 0.49908176 0.28438652 0.29161048 0.19109972 0.25171548 0.0013604064 0.27202097 0.00050100515 0.034245703 0.007908237 0.27809867 1.1785429e-06 5.3608636e-07 0.10189387 3.3936287e-06 0.18213399 0.10889388 0.20025702 0.054177545 0.00021725168 0.1486621 0.069214836 1.4727249e-06 9.549493e-07 0.017058838 0.003749226 0.05679873 0.05015399 0.12484936 0.0019440842 0.03568155 0.00086473225 0.023401642 0.024123235 0.0014682851 0.0073008463 0.0021441637 0.0035205253 0.0013696427 0.0030412867 0.0026023504 0.0127710095 0.010533496 0.014594669 0.0005525005 0.0026165477 0.00014170015 0.00013632214 0.0002215721 0.00059806247 9.5153126e-05 2.0943958e-08 0.007183186 0.012487274 0.0063233166 0.00079611153 0.000433887 9.397014e-09 0.0002095571 0.00033987887 0.036116127 0.021747524 0.00015114287 4.3827677e-05 4.9008293e-05 3.1965086e-05 5.807753e-05
0.029010735 0.020778112 0.062208217 0.059222028 0.03245675 0.0022741677 0.27899808 0.026327671 0.22238757 0.0015086428 0.016553389 0.004927303 0.0026021856 0.042756356 0.00019172505 0.017589118 0.021542042 0.0030594438 0.0008887739 0.22426608 0.6882108 0.04526699 0.04052463 0.10449621 0.5602562 1.8824272e-20 0.026114201 2.1462718e-05 0.00623114 0.26840007 0.03888761 0.70953685 0.041819546 0.10483995 0.6465394 0.6632268 0.08091968 0.046677977 0.43191257 0.0005085938 0.030540157 0.00082561624 0.11461631 0.044024453 0.015268483 8.577455e-06 6.752578e-06 0.06509774 2.9025683e-05 0.023114132 0.12270003 0.4140597 0.019907905 0.0020657706 0.31267187 0.08919424 5.892714e-06 7.418052e-06 0.017374445 0.00082285836 0.007436565 0.17464955 0.27132988 0.02504898 0.01443109 0.0005186546 0.10793935 0.008974099 0.0013633216 0.0056920005 0.0034241783 0.0058196844 0.00093196594 0.011629766 0.003593455 0.0015950901 0.00056285143 0.012859371 0.00224233 0.0102262385 8.927367e-05 0.00012730916 0.00026355384 0.0015540279 0.00041531166 1.0366639e-06 0.002687825 0.0072229905 0.0017534067 0.002382378 0.0031812647 7.6583234e-08 0.002279319 0.00039261128 0.0064851833 0.00458852 0.00028415714 0.0002508948 0.00091159804 0.00012712003 0.00017223843
0.7255393 0.009088636 0.10457055 0.008178786 0.055394378 0.0021742063 0.06703938 0.0045317765 0.062207937 0.00016320449 0.0010834141 0.00073924026 0.004495811 0.0050812718 0.0001065386 0.042961687 0.09707589 0.00020075317 7.7653494e-05 0.016955182 0.041029107 0.8505866 0.0037032655 0.20513637 0.09524288 0.026114201 1.1436595e-19 9.223195e-06 0.00034699225 0.051376153 0.00077955826 0.014251229 0.0007162705 0.28827575 0.03376822 0.013461662 0.0382492 0.029131863 0.015929263 0.0038873916 0.7286863 0.0010074346 0.0034035665 0.00052099995 0.22773892 9.109805e-06 6.0925873e-07 0.016396824 2.7466904e-06 0.12964104 0.019916682 0.008149411 0.007481383 4.2296448e-05 0.006334834 0.006624902 1.6287312e-06 1.9804963e-06 0.0059559704 0.0080557 0.010157996 0.0014976629 0.008737216 0.000104017156 0.025103332 0.00034195982 0.00029532285 0.009944393 0.00024648383 0.0017434937 0.00070013193 0.001878053 0.00038236205 0.0006632131 0.00042333512 0.03438245 0.022448072 0.018222854 0.00037745395 0.00027960018 0.0005651382 2.7692062e-05 0.00011166513 9.525018e-05 4.195569e-05 6.323979e-08 0.009056503 0.13871026 0.07981466 0.0006226456 9.615846e-06 2.8983676e-08 6.7959336e-06 3.7636142e-05 0.06406152 0.09899478 4.9222936e-06 2.0831173e-08 8.171141e-06 1.711134e-05 1.1281622e-06
0.0069119926 0.0056760875 0.00030071306 0.00034698498 0.0015866039 0.13296585 0.00016559807 0.00017392455 2.9173652e-05 0.06179135 0.004193771 0.07722724 0.07493869 0.00023665607 0.3427027 0.0040218467 0.0009686408 0.045271948 0.15468743 4.8865993e-05 4.6603094e-05 4.3434302e-05 0.0029869247 1.6256508e-06 1.3433146e-06 2.1462718e-05 9.223195e-06 5.983082e-24 0.02984312 3.350003e-06 0.00016831547 9.767897e-06 8.541885e-05 6.0703715e-06 3.7392665e-06 2.5297199e-05 6.1488106e-07 1.6276809e-07 1.8262657e-05 0.17519365 1.2021985e-05 0.07822946 8.913305e-05 0.0003602108 2.8457503e-06 0.09570635 0.015088882 7.9502564e-07 0.02757756 1.4740759e-05 1.0195937e-06 1.887825e-06 6.923391e-08 0.004229244 1.2520543e-06 1.0000499e-05 0.018059915 0.04913485 4.4354368e-07 0.15553929 1.3160856e-06 3.7432963e-07 1.3385453e-05 0.00025566545 9.039516e-06 0.62196904 8.563553e-06 7.915422e-06 1.0217399e-08 7.172447e-08 6.3466366e-08 2.6263737e-07 3.8416013e-09 5.792218e-08 8.398134e-08 8.918376e-08 8.7129365e-10 5.001938e-05 6.9186925e-08 5.2020187e-06 0.702168 2.056963e-09 6.3670633e-09 1.5854928e-08 4.289795e-09 0.014810074 2.1984036e-07 0.001494008 0.05573299 3.6292327e-06 5.4634537e-09 0.0001333461 1.9157835e-09 2.361633e-09 5.181733e-06 1.4009336e-06 7.3589095e-09 1.3031682e-07 6.820355e-09 1.4402068e-10 1.2742678e-09
0.0025450266 0.056572046 0.0070028263 0.028745769 0.0085701505 0.067205556 0.0077552446 0.01475204 0.0020404046 0.021834971 0.08427658 0.22587696 0.032508872 0.061635144 0.06391966 0.009048901 0.0063571986 0.24069409 0.2523234 0.02531427 0.014537168 0.0022252526 0.31455007 0.00021371327 0.00032310822 0.00623114 0.00034699225 0.02984312 1.1720001e-20 0.00025804545 0.2354721 0.010239569 0.17290078 0.00011992288 0.0049338695 0.0046512745 8.779319e-05 1.4984506e-05 0.0025447607 0.014460399 0.00011108351 0.016649358 0.044279516 0.19302827 8.022079e-05 0.023545185 0.043740764 0.00020058591 0.06780939 0.00029773163 0.00045784816 0.002589503 1.0515383e-05 0.40070963 0.0010165141 0.0014563592 0.017118476 0.007007776 6.134297e-05 0.026685553 1.8697028e-05 0.0019994534 0.0039999196 0.08830121 0.00024472104 0.36744133 0.0031665016 8.6782704e-05 9.0290865e-07 1.0940923e-05 9.630024e-06 4.7352063e-05 9.008405e-08 1.5280122e-05 1.2704869e-05 4.086173e-06 2.550994e-08 0.00015317042 4.6957233e-05 0.0002700852 0.33069488 6.827179e-08 4.513611e-07 2.472341e-06 5.3371633e-07 0.0029201533 6.8815984e-06 0.0013150343 0.0030978362 0.00029044776 1.7545807e-06 7.0476104e-05 1.3794996e-06 6.591517e-07 0.00014333424 0.00021013526 9.606886e-07 0.00020785473 1.0311373e-06 2.4501057e-08 2.6616289e-07
0.8961067 0.0038939498 0.028041018 0.011567601 0.015695948 0.0002613707 0.12044641 0.010578299 0.057215292 0.00011529594 0.005038583 0.0010930767 0.0004350422 0.008506101 1.5903062e-05 0.0079107 0.012595046 0.0003496874 4.9796585e-05 0.06430087 0.21546814 0.052196167 0.008921781 0.21792701 0.5802724 0.26840007 0.051376153 3.350003e-06 0.00025804545 4.635574e-15 0.011201898 0.35364527 0.012869799 0.28641745 0.53285915 0.20816131 0.37876216 0.47296917 0.2919874 0.0002853373 0.20097141 0.0002899106 0.0428871 0.015296928 0.19649118 7.6171114e-06 4.987764e-06 0.44491684 2.5253846e-06 0.20488432 0.43597588 0.26057622 0.41710427 7.235148e-05 0.31402358 0.26394615 2.3548198e-06 2.4127926e-06 0.1526893 0.0024868099 0.14602369 0.25291884 0.22456631 0.012405166 0.09161807 0.00010847424 0.06775381 0.06724778 0.08324372 0.08891972 0.08858635 0.029165505 0.04438695 0.11189515 0.02689265 0.08407223 0.31529433 0.035059005 0.019430954 0.026832148 4.269686e-05 0.002658315 0.0033107097 0.0020288825 0.0014937315 5.115455e-07 0.023718497 0.016841903 0.0033126313 0.009725628 0.0044784285 7.79446e-08 0.0030659642 0.0019553567 0.047546845 0.021950642 0.00059408974 0.00018050794 0.00056524196 0.0011694016 0.0005212967
0.0005672243 0.052470595 0.017447354 0.07270621 0.015714094 0.0077508413 0.057825875 0.038605046 0.05250125 0.00077507336 0.09178152 0.08908171 0.0021383723 0.15366071 0.00161019 0.0036678717 0.0043405406 0.01647467 0.008750039 0.25792632 0.079806305 0.002160249 0.45946416 0.0016811694 0.008283941 0.03888761 0.00077955826 0.00016831547 0.2354721 0.011201898 2.2402842e-22 0.117278285 0.63743573 0.00087172235 0.03368764 0.01869242 0.002373839 0.0005759233 0.010314133 0.0017872779 0.0003657964 0.002273476 0.403478 0.5181238 0.0002789019 0.00018656267 0.00037041376 0.0012112053 0.0010994745 0.0019212123 0.0018650956 0.028095316 0.00047073563 0.36596265 0.011550267 0.005156739 2.7610815e-05 6.3301915e-05 0.0009917911 0.0020369845 0.00035787863 0.029122835 0.07080699 0.30923718 0.0009521889 0.026894312 0.061094772 0.0015079235 6.591887e-05 0.0007600339 0.00021879072 0.00092462555 3.298483e-05 0.00010451662 0.000187003 3.6116708e-05 5.4890245e-07 0.0007363972 0.00029202533 0.00051388104 0.0035432032 1.0844217e-06 5.002873e-05 1.9318924e-05 1.7773273e-05 1.3594958e-05 0.00015689399 0.00032252757 0.00077031454 5.5135093e-05 3.3246484e-05 9.907171e-07 1.9159792e-05 1.8401593e-05 0.00019300665 0.00020885083 1.2517067e-06 0.0021046621 1.3707951e-05 2.4002936e-06 4.149282e-06
