3.389707e-33 0.9530369 0.69198096 0.18027402 0.74482167 0.92304 0.7983789 0.839689 0.2729279 0.906674 0.9392931 0.94892853 0.015705576 0.9567265 0.9729319 0.96151197 0.987746 0.5575397 0.94285434 0.75034875 0.8754786 0.7833299 0.95859075 0.9709776 0.70141995 0.48663038 0.768299 0.14511888 0.052013356 0.979152 0.9902902 0.9861889 0.4695482 0.97103024 0.076248124 0.106506765 0.11021117 0.9913845 0.02120162 0.052339554 0.920802 0.03552637 0.196427 0.6630769 0.76049656 0.78101516 0.0069536623 0.1487568 0.46061125 0.7648973 0.7720237 0.069767475 0.00198039 0.99136037 0.04917315 0.8030764 0.0070387507 0.1710014 0.97510237 0.006190826 0.0032195859 0.00359984 0.066277735 0.010570538 0.0016439873 0.9950876 0.0065571526 0.99653846 0.8405116 0.0011252612 0.084783494 0.0020454682 0.0004175726 0.113010295 0.99948454 0.07126159 0.0017226883 0.15865357 7.251098e-05 0.00037337464 0.0020239968 0.061396074 5.0537805e-05 0.0034311442 0.89428186 0.01466284 0.99174 0.00010234487 0.59606326 0.0071003893 0.9979763 4.240097e-05 0.38841963 8.997287e-06 3.0636977e-05 8.26125e-06 1.5376881e-05 0.05366815 0.0040473086 0.00013943852 0.99821603
0.9530369 1.6133865e-17 0.74428415 0.44513902 0.7220117 0.47717106 0.47454447 0.38265678 0.29548997 0.14996834 0.0642593 0.35374486 0.07682909 0.07189933 0.105094805 0.110879816 0.7769838 0.022947885 0.06593978 0.19836627 0.002878131 0.005419837 0.07209454 0.0030846037 0.021851268 0.0056923856 0.0032684042 0.028143628 0.036835082 0.008809803 0.027568066 0.050635982 0.0033622494 0.0012802092 0.027176743 0.018880704 0.13230206 0.02836697 0.0349461 0.116796605 0.00042868673 0.020517917 0.0012451629 5.980473e-06 8.6588916e-05 0.0009211728 0.06982715 2.1639633e-05 3.134784e-05 0.00052861666 3.8622133e-05 0.0367615 0.01919051 0.0046958714 2.772e-06 0.0004803922 0.0034325432 0.0008008549 0.00017194566 7.6820565e-05 0.014282991 0.001393929 5.8681762e-05 0.031244636 0.014856069 0.019334596 0.00037034383 0.0034919193 0.00017380697 0.002513074 4.2314645e-05 0.0011181438 0.001989402 1.2087064e-05 0.00011689533 6.5124964e-06 3.9315888e-05 2.7670123e-07 0.0006628495 0.00047058324 8.924779e-05 1.4637041e-07 7.212263e-05 5.843897e-06 0.0057298327 1.2068215e-06 0.0040825293 5.0732124e-05 0.0013250051 3.1339603e-08 0.0011908641 4.4320164e-05 3.7816085e-06 1.1017147e-05 2.2804734e-05 3.601531e-05 0.00016585192 5.345543e-07 2.713598e-08 4.517414e-05 0.002347967
0.69198096 0.74428415 1.575348e-21 0.64469045 0.40249157 0.533452 0.63372207 0.38021997 0.4917133 0.06329076 0.012083718 0.17253879 0.37930867 0.07305562 0.028651565 0.12015348 0.21318507 0.006302829 0.066606596 0.13126577 0.004124158 0.011930984 0.042425465 0.0015829036 0.010225415 0.0075487625 0.0030785732 0.04663349 0.06551235 0.012833918 0.029121052 0.07605685 0.0015280755 0.0017929608 0.027010467 0.023412528 0.07434781 0.03400774 0.055234667 0.26339808 0.00027540745 0.029866986 0.0010301186 3.2576472e-06 8.423618e-06 9.5922194e-05 0.10267533 3.6232398e-06 3.341143e-06 0.00070613105 0.00030522526 0.02191852 0.018825334 0.0024714288 8.209551e-07 0.00032846915 0.0034603446 0.0002883222 4.675084e-05 7.262932e-05 0.02289307 0.0007384768 8.342202e-06 0.028728187 0.019142421 0.013371673 0.0001231306 0.009015153 0.00047887058 0.0014096126 1.481393e-05 0.0013502697 0.0026097207 1.33942885e-05 2.3291115e-05 1.1694901e-05 1.7764953e-05 1.3742374e-07 0.0010568129 0.00040423672 4.860382e-05 1.3689901e-08 9.1352566e-05 2.4516908e-06 0.008952651 4.560166e-07 0.004608929 2.8973025e-05 0.00056278676 6.8950814e-09 0.0027962325 4.985099e-05 5.542285e-06 1.0966862e-05 3.3428176e-05 4.7470894e-05 4.4448632e-05 1.3128569e-07 1.4922705e-08 1.1701963e-05 0.004736542
0.18027402 0.44513902 0.64469045 6.6071996e-24 0.5179741 0.81113726 0.43417177 0.07846762 0.27803597 0.03869953 0.0017506973 0.09396146 0.46347728 0.59311104 0.0050826003 0.33263105 0.21891367 0.0017819148 0.055589937 0.067988984 0.039403588 0.042896874 0.041802227 0.008949475 0.002128262 0.0151204495 0.010647411 0.05400427 0.06321445 0.017493797 0.105262354 0.04304652 0.00078944396 0.0064388677 0.015831769 0.0042766794 0.025715489 0.03003653 0.022648247 0.04220827 0.0009970379 0.008787818 0.00060708186 7.8842815e-05 3.9525894e-05 0.00012644452 0.018521603 4.3610644e-06 2.5393433e-06 0.0033887697 0.0012529682 0.0068538543 0.003287683 0.00191337 1.1127668e-06 0.00034736344 0.0006700751 0.0013769433 4.867182e-05 1.0727149e-05 0.0036322474 0.0002687989 5.5487526e-06 0.0053001544 0.0017210997 0.006759105 4.5944376e-05 0.013039167 0.0012189233 0.00031061991 7.5862765e-05 0.0009604188 0.0016249884 4.1796306e-05 2.035424e-05 1.7948138e-05 9.817889e-06 2.265323e-06 1.4141295e-05 7.978376e-05 2.904501e-05 3.7800132e-07 6.782899e-06 8.886209e-06 0.016677206 3.910642e-06 0.0076755066 2.9562955e-07 4.7959842e-05 2.2690755e-07 0.006809493 2.2431586e-06 3.0597366e-06 7.5661677e-07 4.4479566e-06 1.2803433e-06 6.629139e-07 2.3469403e-07 2.2826395e-08 1.3806059e-07 0.010806465
0.74482167 0.7220117 0.40249157 0.5179741 1.6320337e-21 0.13995117 0.009658914 0.36698037 0.04474119 0.42148742 0.017072078 0.65302277 0.10977052 0.12643155 0.06114484 0.6122055 0.7836023 0.024812842 0.0080775935 0.014073635 0.012401783 0.009293943 0.24443895 0.0014865047 0.01158035 0.0029036913 0.0023363978 0.013324237 0.019393438 0.010771148 0.14605708 0.16256519 0.0057648188 0.0052264626 0.009076705 0.009482158 0.008010485 0.10461783 0.007999163 0.048891075 0.0005396638 0.014875839 0.0030089307 5.5888795e-05 0.00016725491 0.0006089495 0.011572517 2.9543282e-05 3.7058373e-05 0.0032486725 0.00062792975 0.0033029376 0.00068117306 0.0066883718 7.4480095e-06 0.001714048 0.0014963438 0.00024630406 0.00030617014 0.00013913552 0.0057874043 0.00066249276 1.4773876e-05 0.0037801561 0.0025993742 0.03127215 0.00017546258 0.021624226 0.0021218124 8.189002e-05 4.6331137e-05 0.00016223428 0.00042237883 3.83596e-05 2.3332914e-05 2.0209212e-05 1.3036731e-05 1.2948155e-06 1.9003564e-05 0.00014628746 4.828439e-05 2.1400867e-07 5.3919306e-05 1.5887357e-05 0.017526476 2.3124514e-06 0.007829125 1.09394105e-05 0.0007875249 8.6623885e-08 0.008192186 6.154144e-05 2.4837225e-06 1.5300842e-05 1.2542312e-05 2.8383009e-05 1.2183432e-05 2.3750718e-07 2.1945397e-08 2.3467378e-06 0.009542157
0.92304 0.47717106 0.533452 0.81113726 0.13995117 3.9463447e-18 0.6413302 0.054043766 0.44536626 0.010302763 0.00073678815 0.10421731 0.24181128 0.4850672 0.005396082 0.19071397 0.2307497 0.0010122277 0.24514101 0.29205096 0.028254 0.04049749 0.014284619 0.034765013 0.0008341555 0.02322847 0.015539768 0.056201354 0.06158217 0.07685707 0.061260704 0.031012738 0.00065267505 0.0050750053 0.044120878 0.0051633455 0.12053433 0.010674806 0.051411454 0.05041859 0.0019983116 0.0071530184 0.00019510045 9.9536046e-05 1.657374e-06 3.196975e-05 0.046447724 2.3041225e-07 3.807822e-07 0.001968834 0.00063133356 0.041098125 0.019001774 0.0006103295 1.1892881e-08 3.3311604e-05 0.00086941884 0.0021942074 5.2328433e-06 5.0476365e-06 0.006538466 0.0002149735 6.9168414e-07 0.02694321 0.006828404 0.007050292 5.1252704e-05 0.010452162 0.0009290592 0.0022274926 0.00033660413 0.0020326707 0.0032797384 0.00026593698 0.00016782146 0.00023704908 0.00017345297 5.562688e-06 0.00035319856 0.00071934 0.00026800716 8.816538e-07 8.51204e-05 2.3911172e-05 0.0032862364 1.0616156e-05 0.0056720157 2.9549637e-06 3.627425e-05 7.013451e-08 0.0035615894 5.301152e-05 7.2027454e-08 3.582606e-06 4.14054e-05 2.8924436e-05 4.904118e-06 4.408942e-08 4.6695607e-08 5.269981e-05 0.0043315715
0.7983789 0.47454447 0.63372207 0.43417177 0.009658914 0.6413302 2.8467953e-19 0.0021150797 0.8243054 0.0006683931 0.00010251025 0.009369534 0.46299812 0.008150254 0.00046187453 0.006504393 0.11698444 9.5499854e-05 0.04148438 0.452682 0.0004271183 0.0014789839 0.0022642864 0.00017827368 1.8746734e-05 0.000493893 0.00031811345 0.01227014 0.08066345 0.0013004855 0.0032514818 0.0047216835 4.9449063e-06 0.00033475857 0.015426925 0.0015864716 0.18590513 0.0026269828 0.0905359 0.04996943 6.2490726e-05 0.0023202607 5.2532437e-06 9.478595e-07 3.6199965e-06 1.1985615e-05 0.070850864 3.2206465e-08 6.021475e-07 2.7832095e-05 9.935364e-06 0.022062607 0.030042427 0.00025326852 1.5344513e-08 2.072453e-06 0.00046340667 8.1889404e-05 1.8088758e-06 6.5601325e-06 0.009215445 0.00024561398 1.6517648e-06 0.12449856 0.011024591 0.0002351272 0.0001576346 0.00010620221 2.6787914e-06 0.00469612 4.559181e-06 0.00048509976 0.003883084 4.619855e-07 3.4350776e-07 3.718018e-07 7.995602e-06 1.2313887e-09 0.0007711198 0.00029728847 1.0694033e-05 4.628032e-10 8.983881e-05 7.11057e-07 0.0008987806 1.884712e-07 6.43982e-05 1.8736155e-05 2.5285656e-06 1.5172736e-09 0.000100285724 2.6391665e-05 8.61275e-08 4.0927815e-05 1.1862134e-05 5.485623e-05 9.730878e-05 4.2390752e-08 2.306688e-09 4.401288e-06 0.0004253472
0.839689 0.38265678 0.38021997 0.07846762 0.36698037 0.054043766 0.0021150797 1.1203714e-20 0.055133983 0.72688204 0.7764627 0.5076731 0.088558905 0.018123345 0.65271664 0.1193593 0.14558603 0.60840595 0.010592756 0.010991313 0.008247856 0.0039176736 0.5094861 0.0048271134 0.5919427 0.002743705 0.0020509246 0.01055179 0.01885572 0.021269737 0.049056143 0.5176645 0.22107391 0.0052996795 0.0046249027 0.30876678 0.012645266 0.4031842 0.013029988 0.28116348 0.0025633245 0.21299134 0.050860938 0.0001524146 0.004525223 0.002995847 0.022208558 0.0017308448 0.0026943511 0.0029087476 0.001080053 0.0027018776 0.0010530924 0.1944843 0.0014397821 0.020284068 0.018995529 0.00017837808 0.030372899 0.004612029 0.017433167 0.007643396 0.0023447056 0.012114323 0.009601523 0.37240362 0.0038127864 0.030540813 0.00010045774 0.0004453447 1.5920346e-05 0.00032465384 0.00057915284 6.810441e-06 0.0004092561 4.2250954e-06 4.736361e-06 4.814543e-07 0.00015590302 0.00058350904 7.339972e-05 1.5046984e-07 0.00023275653 3.4886434e-05 0.10545309 1.3631329e-06 0.035345063 0.00037060297 0.011872037 1.907594e-07 0.004806644 8.297203e-05 0.0024492724 0.00016711971 0.00018950891 0.00010552992 0.000909746 0.00017822726 2.4982201e-08 1.2627314e-06 0.019139322
0.2729279 0.29548997 0.4917133 0.27803597 0.04474119 0.44536626 0.8243054 0.055133983 5.4650797e-24 0.0054442915 0.0006401061 0.07520789 0.80369157 0.05551903 0.0036777994 0.074530944 0.10555449 0.0005721738 0.27441168 0.5796534 0.0058679786 0.039650615 0.007273278 0.004409048 0.0009082836 0.040521257 0.0139128445 0.16658495 0.22242974 0.02080176 0.014432446 0.026278412 0.00029918953 0.0016388997 0.07225531 0.008288215 0.2998448 0.00871357 0.15110469 0.23549722 0.00061547075 0.014783827 0.00018109109 1.0957213e-05 6.6115746e-07 8.069448e-06 0.13926567 1.6390582e-07 1.5353466e-07 0.00031934603 0.00029549896 0.04030833 0.063603595 0.0003751008 3.374584e-08 3.1214848e-05 0.001489381 0.00049820903 7.1202167e-06 7.6880115e-06 0.025111252 0.00030763913 2.6891513e-07 0.07665458 0.029857188 0.002884444 8.3727886e-05 0.0035360674 0.00030269867 0.011544805 8.721759e-06 0.008146994 0.010885551 3.5239996e-06 4.332364e-05 4.309089e-06 9.9812576e-05 5.8034203e-08 0.004137231 0.0035345333 0.00016894346 2.412322e-09 0.00037977617 2.8432544e-06 0.0023090865 3.723706e-07 0.0012748453 1.0864687e-05 4.091205e-05 2.7503324e-09 0.0010544094 2.7942864e-05 2.9737816e-07 5.591611e-06 3.075404e-05 1.5893631e-05 8.0559184e-05 2.9782303e-08 7.2359128e-09 3.5346256e-06 0.0016567898
0.906674 0.14996834 0.06329076 0.03869953 0.42148742 0.010302763 0.0006683931 0.72688204 0.0054442915 1.5927081e-21 0.31409636 0.80419195 0.02001629 0.01587289 0.7559929 0.09043516 0.31982386 0.48397347 0.0029419393 0.0034465732 0.0065064626 0.0023277286 0.7515402 0.0015734 0.14968991 0.0013949744 0.0014367865 0.002262704 0.0025900402 0.005714406 0.057615463 0.48617366 0.047698855 0.003494296 0.0024923775 0.026643755 0.0023064818 0.45527866 0.0010151801 0.0324109 0.000630126 0.016119545 0.009629639 5.5278982e-05 0.003786887 0.004806548 0.0016366271 0.0005701973 0.0016728236 0.0019122234 0.00047830713 0.0010134366 2.4388639e-05 0.06784971 0.0004690865 0.013045599 0.0031669743 8.39999e-05 0.0067439703 0.0008298152 0.0031932378 0.0021748347 0.0013841687 0.0032961345 0.0013956783 0.15097311 0.0009782496 0.031034717 0.00021395084 2.8197523e-05 1.3371978e-05 5.343474e-05 9.377534e-05 2.936182e-06 2.5649686e-05 7.9491275e-07 1.5984112e-06 3.725315e-07 3.97208e-05 0.00035141496 1.162773e-05 1.7225855e-07 6.707698e-05 3.8152975e-06 0.17277157 1.6303343e-07 0.029487448 0.0001147026 0.0077562914 3.186358e-07 0.015455177 3.8574226e-06 0.0004435171 2.09556e-05 3.2294938e-05 4.748577e-06 1.7954384e-05 1.2698098e-05 4.7787278e-08 3.4151947e-07 0.038326826
0.9392931 0.0642593 0.012083718 0.0017506973 0.017072078 0.00073678815 0.00010251025 0.7764627 0.0006401061 0.31409636 2.406959e-16 0.15856841 0.001486509 0.0020978486 0.87213236 0.0070066876 0.056905728 0.86667883 0.0001055873 0.00022124463 0.00022408966 0.00015039547 0.15065245 1.4536868e-05 0.53138417 2.2751232e-05 2.7914179e-05 0.0004798354 0.001324004 0.0005275382 0.004832936 0.11054957 0.088849954 0.00043003223 0.00024080343 0.17660917 0.00095017423 0.09323722 0.0018168564 0.083676 7.3198994e-06 0.10530157 0.028120844 4.0438334e-07 0.0062547787 0.0108298585 0.008764642 0.0031474135 0.004414555 3.3053606e-05 9.2625737e-07 0.00020085541 0.0017665825 0.09532618 0.0015481317 0.012848828 0.016667984 1.2252475e-06 0.015240247 0.0069053248 0.01798507 0.007510865 0.0045677093 0.003294299 0.009631118 0.09317208 0.0038323696 0.00013727084 6.7286675e-07 0.001235133 1.4879421e-06 8.1924314e-05 0.00053290057 7.4915306e-07 1.6860077e-06 2.3659814e-07 6.377708e-06 8.516465e-09 0.00027247416 3.7412694e-05 2.4941878e-06 8.7506086e-10 1.8512661e-05 3.302496e-07 0.029851692 4.3348617e-08 0.0024082146 0.00022664035 0.0070127132 4.551203e-09 0.00027200318 6.8134027e-06 0.0011132122 7.5589883e-06 5.12894e-06 9.559794e-06 0.00060415326 0.0002956861 1.2630914e-08 5.5695564e-06 0.002298238
0.94892853 0.35374486 0.17253879 0.09396146 0.65302277 0.10421731 0.009369534 0.5076731 0.07520789 0.80419195 0.15856841 3.2716829e-19 0.022289896 0.06583773 0.3959524 0.22336558 0.8980349 0.17526686 0.017440617 0.04599341 0.0059510395 0.0054313913 0.64940554 0.0008143277 0.106567696 0.0031719978 0.0024644248 0.009109333 0.009212902 0.006241443 0.09610377 0.27604946 0.015318307 0.0024504603 0.010068531 0.02830288 0.018742612 0.15916748 0.004754878 0.060186338 0.00018745761 0.019032924 0.0065813414 1.0756179e-05 0.0009982643 0.003603546 0.0124203 0.00029203508 0.00037656463 0.0017619571 0.00013956531 0.0058593303 0.001523389 0.018267188 9.60041e-05 0.0029482942 0.0019224384 9.381058e-05 0.00070594286 0.00046066413 0.0063654794 0.00042290663 0.00019598812 0.0067877467 0.005638561 0.09854458 0.0001656393 0.011407714 0.0009924427 0.00048778232 1.2049026e-05 0.00012958114 0.0003826643 5.9856226e-05 3.9835536e-06 5.709359e-05 6.032954e-05 8.525217e-07 3.9103645e-05 0.00015210401 7.494762e-05 6.310592e-08 3.879645e-05 7.284189e-06 0.04949356 6.48581e-07 0.014950087 6.140162e-05 0.0028805628 2.0035207e-08 0.0070036612 3.811481e-05 7.786205e-06 7.90135e-06 8.312858e-06 2.7183474e-05 5.4223805e-05 5.248704e-07 1.9607185e-08 1.597251e-05 0.012845752
0.015705576 0.07682909 0.37930867 0.46347728 0.10977052 0.24181128 0.46299812 0.088558905 0.80369157 0.02001629 0.001486509 0.022289896 1.4732367e-24 0.17860383 0.00363236 0.059027813 0.019965144 0.0017711236 0.22502398 0.45980695 0.034370083 0.1110852 0.009669417 0.0058245906 0.0025700743 0.08365634 0.05358973 0.22683798 0.2390831 0.007330616 0.033826567 0.013014173 0.0008651171 0.0042920485 0.045148987 0.0056141177 0.09723872 0.009202008 0.06451067 0.06963847 0.00073446566 0.011354215 0.00058692513 0.00013083943 4.0999268e-05 6.097151e-05 0.044333093 2.3689247e-06 4.1303233e-06 0.0014087975 0.0015123615 0.016742846 0.014983601 0.00072437676 8.04237e-07 0.00014196012 0.0010999643 0.0033703684 1.7323482e-05 8.930744e-06 0.008694528 0.00039916064 4.1471185e-06 0.01692188 0.0039113997 0.0015520254 0.00012283081 0.0030455214 0.00027585853 0.0022019646 7.079134e-05 0.0032679457 0.0051096315 4.2098174e-05 7.2630464e-06 2.3018494e-05 1.6462927e-05 4.362229e-06 4.285702e-05 9.5300966e-05 5.5916084e-05 3.5971988e-07 2.8167326e-06 3.824715e-06 0.009688876 2.884313e-06 0.0019374638 6.1419536e-07 1.7122067e-05 1.8619195e-07 0.00092916697 7.9894534e-07 1.3379281e-06 2.940768e-07 3.2604137e-06 4.0771982e-07 1.6907851e-06 4.372702e-07 6.032588e-08 7.963837e-08 0.0021734019
0.9567265 0.07189933 0.07305562 0.59311104 0.12643155 0.4850672 0.008150254 0.018123345 0.05551903 0.01587289 0.0020978486 0.06583773 0.17860383 5.4340364e-19 0.0046250485 0.70569 0.086047195 0.002012744 0.17768906 0.060338624 0.6433633 0.58318496 0.032021046 0.32126442 0.0012213371 0.07001369 0.08183345 0.09600827 0.04496434 0.4117865 0.7023608 0.06851845 0.00068065186 0.08894993 0.034801587 0.002657666 0.016598722 0.041659206 0.010902984 0.018790131 0.021147327 0.0062430445 0.00044238288 0.004346943 7.279276e-05 0.00048841094 0.01003298 4.8335232e-06 3.4977278e-05 0.013558292 0.005600289 0.019380014 0.0022082238 0.0045521935 4.639487e-06 0.00042091252 0.00057632494 0.0077489163 0.00043870902 4.8026846e-05 0.004125588 0.00043577448 2.4889068e-05 0.0050981804 0.0027342464 0.010468057 0.00020610545 0.08708823 0.009258005 0.0005910457 0.0011582443 0.0016346797 0.0016411395 0.0015065725 0.0020269891 0.0012348103 0.0007319515 0.00010013082 2.3251858e-05 0.00037903825 0.00042949925 2.579693e-05 0.00011600754 0.00013697255 0.0060540345 7.334004e-05 0.011366243 2.1661842e-06 0.0001380392 7.1547747e-06 0.037406508 0.00011900472 2.1675066e-06 1.1273466e-05 4.535765e-05 4.0567975e-05 3.1850136e-06 8.9840864e-07 3.9441917e-07 2.8266719e-05 0.023129383
0.9729319 0.105094805 0.028651565 0.0050826003 0.06114484 0.005396082 0.00046187453 0.65271664 0.0036777994 0.7559929 0.87213236 0.3959524 0.00363236 0.0046250485 2.3774437e-19 0.017369771 0.10005544 0.6594342 0.0026903097 0.0039872294 0.001301655 0.0007047879 0.3841253 0.00078076206 0.36967498 0.00049830246 0.0002999492 0.0012298361 0.0011352749 0.0047046794 0.013421047 0.36318213 0.1415991 0.0012977605 0.0011598781 0.11395738 0.0037373984 0.2375087 0.0008656519 0.054432787 0.00070537825 0.033933654 0.041085403 2.6425008e-05 0.011375644 0.016239854 0.0037613646 0.0070039677 0.0075559113 0.0011448988 0.00022677786 0.0007609336 0.0004345477 0.22294934 0.0036698305 0.019439377 0.005764544 3.3123248e-05 0.024991697 0.0074112825 0.006661238 0.002868342 0.0134151075 0.0026138802 0.004228691 0.292913 0.001644514 0.009154134 0.0004491705 0.0003415993 2.4077265e-06 2.167675e-05 0.00010513744 6.632519e-06 0.00014132228 9.3527005e-06 3.6271693e-05 1.4211894e-07 2.2142562e-05 0.00013417962 1.3185599e-05 1.5168695e-08 3.6546517e-05 1.4713041e-06 0.094001636 8.937312e-08 0.03456324 0.0008685506 0.018038759 9.954022e-09 0.0036085346 9.918658e-05 0.0013816445 3.0303558e-05 3.6867983e-05 8.095505e-05 0.00015036635 0.0003742197 5.4365725e-09 2.0752408e-05 0.013746408
0.96151197 0.110879816 0.12015348 0.33263105 0.6122055 0.19071397 0.006504393 0.1193593 0.074530944 0.09043516 0.0070066876 0.22336558 0.059027813 0.70569 0.017369771 1.7145214e-17 0.81392735 0.011162281 0.038521577 0.044193234 0.053721376 0.040691018 0.15031101 0.012868718 0.0038819308 0.015879119 0.013065627 0.030738136 0.024067493 0.08207015 0.5193002 0.14999004 0.0024736065 0.02125758 0.021983493 0.0025135225 0.010080382 0.08695136 0.0075006755 0.015166361 0.0013608022 0.0040327525 0.00083157123 0.0005210989 4.155842e-05 0.0006078088 0.006079274 8.533933e-06 2.525328e-05 0.005830017 0.0014098008 0.007342511 0.00068213325 0.003122253 3.7828418e-06 0.0005996713 0.00041155418 0.0011556536 6.263935e-05 0.0001489751 0.0022030412 0.00011706233 1.7997172e-05 0.0032082652 0.0015939823 0.03670639 4.0282648e-05 0.05650125 0.004556874 0.00021821437 0.00014744283 0.00029663087 0.000997188 0.0005804741 6.196493e-05 0.0005245902 0.00018878376 2.3302735e-05 1.2057821e-05 0.00013593188 6.371881e-05 2.5045397e-06 4.7577443e-05 1.62572e-05 0.014925114 6.358766e-06 0.025258617 3.1597716e-05 0.00018445335 8.4747234e-07 0.028384933 0.00016034712 1.2880203e-07 1.2890957e-05 3.6654583e-05 4.9830694e-05 1.4014316e-05 2.934848e-07 2.7659252e-07 4.9752627e-05 0.029707966
0.987746 0.7769838 0.21318507 0.21891367 0.7836023 0.2307497 0.11698444 0.14558603 0.10555449 0.31982386 0.056905728 0.8980349 0.019965144 0.086047195 0.10005544 0.81392735 6.8923406e-18 0.017060503 0.033679664 0.1038921 0.0042898916 0.0069440766 0.41651192 0.002125089 0.019515395 0.0034687617 0.0026770178 0.014723212 0.015016552 0.007987638 0.08124057 0.11161216 0.0046865344 0.0013512783 0.0075794784 0.008836835 0.03590784 0.07832881 0.007698566 0.024329785 0.00027085413 0.008478968 0.0015297657 2.4337382e-05 0.0003775416 0.0014201232 0.019912027 0.00036033554 0.00014198082 0.0006415585 1.836716e-05 0.0071470523 0.0035329915 0.0038006897 5.835541e-05 0.00032879354 0.0013350789 0.0004719133 8.341816e-05 0.00028505689 0.0036343487 0.0006858736 0.00016682305 0.0027713354 0.0040964196 0.019805 0.0005134211 0.0028063923 0.00011454738 0.0008650267 4.2694664e-05 0.0003746902 0.00031047183 8.458015e-06 1.9571215e-05 7.5445123e-06 0.00013220988 2.8183058e-07 0.00010618409 5.6360233e-05 6.445054e-05 1.0856494e-07 3.3481778e-05 5.2931528e-06 0.009608183 5.8411075e-07 0.007417738 6.683937e-05 0.00020101083 6.171502e-08 0.004558697 4.6915917e-05 8.03137e-07 1.3519569e-05 8.557527e-06 3.0976513e-05 5.6646528e-05 1.9563927e-06 1.547448e-08 2.3851524e-05 0.0077075916
0.5575397 0.022947885 0.006302829 0.0017819148 0.024812842 0.0010122277 9.5499854e-05 0.60840595 0.0005721738 0.48397347 0.86667883 0.17526686 0.0017711236 0.002012744 0.6594342 0.011162281 0.017060503 2.466582e-20 0.00027116842 9.7866614e-05 0.00053542224 0.00016999284 0.22928232 8.329415e-05 0.7148679 0.00010261598 6.792593e-05 0.00025878503 0.00039411488 0.002086234 0.008355802 0.276473 0.6111388 0.0010656919 0.000116879615 0.25079185 0.00047218252 0.24127473 0.00015271068 0.041165106 0.00033807853 0.08927479 0.40126926 4.7211993e-06 0.08446683 0.12435482 0.0014344507 0.05103443 0.044718586 0.0004958466 9.114572e-05 0.000117165415 4.331166e-05 0.5138278 0.018645644 0.23503603 0.009625062 1.0327656e-05 0.15152003 0.043019246 0.004972936 0.0043446533 0.038390186 0.0006168037 0.002265562 0.46578008 0.0029611983 0.012132295 8.245985e-05 1.6269312e-05 1.483694e-06 1.5392932e-05 2.9836592e-05 1.674841e-06 3.3870154e-05 7.77697e-07 1.9415086e-06 4.149147e-08 2.6502576e-06 4.2752843e-05 6.61901e-06 4.786509e-08 1.8951658e-05 1.8978508e-06 0.32411912 1.3708068e-07 0.03137022 0.0020072542 0.04590471 2.6580079e-08 0.002095686 3.537865e-05 0.013876369 3.9956318e-05 1.7355183e-05 4.3548822e-05 0.0004171841 0.0034704625 2.9230003e-08 2.7947167e-06 0.016086398
0.94285434 0.06593978 0.066606596 0.055589937 0.0080775935 0.24514101 0.04148438 0.010592756 0.27441168 0.0029419393 0.0001055873 0.017440617 0.22502398 0.17768906 0.0026903097 0.038521577 0.033679664 0.00027116842 5.473964e-18 0.7568834 0.1607825 0.8048403 0.0049469913 0.3619007 0.00015330326 0.646812 0.6617801 0.5786096 0.33065233 0.2709259 0.052581098 0.022575112 7.822941e-05 0.028462142 0.34845108 0.004233002 0.3797498 0.0073597776 0.1252118 0.074086204 0.053721443 0.007712293 2.6102705e-05 0.005449743 2.7416552e-06 2.0953741e-05 0.076925226 6.464053e-08 5.480378e-07 0.005237319 0.008424514 0.23697951 0.03685829 0.0005803966 1.4643261e-08 1.768962e-05 0.00073106034 0.061388277 1.4739354e-05 3.306295e-06 0.02080186 0.00034671143 1.9459092e-06 0.081223786 0.022355486 0.0019845474 8.8856104e-05 0.007195562 0.0021914928 0.008897654 0.009793171 0.042712677 0.01686062 0.0010980719 0.0018004128 0.0007946195 0.0071647884 5.730185e-05 0.004148572 0.0066832015 0.0078019565 6.6977286e-06 0.0012066811 0.0007805492 0.0006967007 0.0002332111 0.0018889974 8.717114e-07 3.759231e-05 9.479246e-07 0.0023264303 0.0010560951 2.9887508e-07 1.1946314e-05 0.00035661669 8.489698e-05 2.4924568e-06 1.8211601e-08 2.3090695e-07 9.848804e-05 0.002509361
0.75034875 0.19836627 0.13126577 0.067988984 0.014073635 0.29205096 0.452682 0.010991313 0.5796534 0.0034465732 0.00022124463 0.04599341 0.45980695 0.060338624 0.0039872294 0.044193234 0.1038921 9.7866614e-05 0.7568834 1.9459947e-19 0.03509406 0.2549202 0.0039761225 0.11945382 4.1013463e-05 0.50387937 0.32732803 0.73361397 0.63196945 0.1155425 0.013904409 0.018426683 5.681538e-05 0.006095584 0.44572526 0.0041442798 0.6459864 0.0060686474 0.3170118 0.15044278 0.015257647 0.009522839 1.524942e-05 0.0010236206 4.3159224e-07 9.7042575e-06 0.19147718 3.9874266e-08 1.4256405e-07 0.0015007945 0.00239092 0.25050882 0.1236594 0.00015998556 1.32679485e-08 5.533497e-06 0.0011527846 0.028674677 5.8968576e-06 1.4694631e-06 0.03546771 0.0005941963 3.7445065e-07 0.17271684 0.04669767 0.0013495242 0.00020043636 0.0032618928 0.0004825585 0.031168086 0.0016236316 0.061773956 0.037954222 4.2512154e-05 0.0009505549 3.6853675e-05 0.0045119096 6.068464e-07 0.009696626 0.024690563 0.006791739 6.3959014e-08 0.0042163585 0.00019861464 0.00066461775 7.665587e-06 0.0013212663 9.721277e-07 3.7972368e-05 9.923071e-08 0.0012416813 0.0009771052 2.8376402e-07 1.2769845e-05 0.00025736957 3.7482692e-05 2.2448181e-05 2.0366675e-08 5.223947e-08 1.191307e-05 0.0016777394
0.8754786 0.002878131 0.004124158 0.039403588 0.012401783 0.028254 0.0004271183 0.008247856 0.0058679786 0.0065064626 0.00022408966 0.0059510395 0.034370083 0.6433633 0.001301655 0.053721376 0.0042898916 0.00053542224 0.1607825 0.03509406 1.2233421e-17 0.59453154 0.007754797 0.8936298 0.00030109758 0.16445921 0.22549766 0.10353082 0.033763614 0.38722202 0.29956394 0.012606625 0.00033388752 0.28898478 0.06350856 0.0010448663 0.015628316 0.011842332 0.012818028 0.012422019 0.09061749 0.0029265068 0.00021900533 0.020376174 7.1328577e-06 4.5198394e-05 0.005384801 2.8001991e-06 3.4108966e-06 0.07703888 0.032123543 0.04641523 0.0012831085 0.00046770327 1.847135e-06 0.00023336285 0.0008407338 0.046948783 7.416783e-05 0.00018074187 0.0031497604 0.0003196425 1.9550741e-06 0.012688434 0.0030762327 0.0024660844 3.9281185e-05 0.1063662 0.041462664 0.0005972206 0.011639493 0.007400413 0.0029480185 0.009973266 0.0019246195 0.00873799 0.008869315 0.0032751497 8.76804e-05 0.0005695353 0.0018195597 0.00010706856 0.00012728342 0.00057168235 0.00040011381 0.0006367641 0.005756303 6.7835076e-06 3.7020895e-05 1.057861e-05 0.021191744 0.00014926578 7.7204385e-07 8.479393e-06 3.0446108e-05 2.6298678e-05 7.5266753e-06 1.0368215e-07 4.0235494e-07 8.3628925e-05 0.005696464
0.7833299 0.005419837 0.011930984 0.042896874 0.009293943 0.04049749 0.0014789839 0.0039176736 0.039650615 0.0023277286 0.00015039547 0.0054313913 0.1110852 0.58318496 0.0007047879 0.040691018 0.0069440766 0.00016999284 0.8048403 0.2549202 0.59453154 8.2252927e-19 0.0039017226 0.40607688 9.157142e-05 0.64299065 0.84484303 0.4775755 0.15834537 0.1803175 0.12473076 0.009655203 2.8352355e-05 0.09202184 0.11945028 0.0013353622 0.0555555 0.00586673 0.028942954 0.019413715 0.04594254 0.0040720887 7.654548e-06 0.011501277 8.226283e-07 1.7806407e-05 0.014641979 1.0992934e-07 9.36855e-07 0.036376018 0.02014446 0.0723548 0.005375729 7.716472e-05 6.955767e-08 1.6606264e-05 0.00030966252 0.04476267 1.629857e-05 7.58591e-06 0.007999244 0.00014921412 1.5954475e-06 0.018759461 0.0053668953 0.0005836576 0.00011692232 0.014224545 0.01191381 0.0013448631 0.0054276814 0.014503428 0.005499352 0.002698144 0.0016064283 0.0023817406 0.0074146087 0.00025583984 0.000109052715 0.0014155629 0.0028415888 2.6270001e-05 0.00021027116 0.0006049397 0.00045723596 9.592211e-05 0.0020478482 7.692665e-07 3.2458585e-05 2.4367864e-06 0.005676182 0.00020857017 4.880959e-07 5.042147e-06 0.0001012667 1.5070235e-05 9.5129354e-07 9.407469e-09 3.9099018e-07 3.8090064e-05 0.0034328725
0.95859075 0.07209454 0.042425465 0.041802227 0.24443895 0.014284619 0.0022642864 0.5094861 0.007273278 0.7515402 0.15065245 0.64940554 0.009669417 0.032021046 0.3841253 0.15031101 0.41651192 0.22928232 0.0049469913 0.0039761225 0.007754797 0.0039017226 4.7350397e-20 0.0032971983 0.07609866 0.0012935493 0.0021320335 0.0016920749 0.0015786741 0.011129228 0.14532043 0.7729724 0.01706669 0.004187121 0.0018408044 0.008882583 0.0013790743 0.71708626 0.0005269629 0.011723338 0.0012562154 0.006719725 0.006484633 0.00021048485 0.005149523 0.0052589206 0.0018715708 0.0012367509 0.0017485672 0.0029111372 0.00077300984 0.0010884082 4.773338e-05 0.075738035 0.0010969854 0.01289041 0.0018677132 7.7778306e-05 0.00653395 0.0011069534 0.0037045213 0.001588379 0.00082801486 0.0029118368 0.0020563495 0.2203133 0.0006955307 0.031910833 0.0005919246 0.00021448017 1.8309518e-05 0.00021745794 0.00020670821 1.7410503e-05 7.2348544e-06 7.3029555e-06 1.11985855e-05 1.312323e-06 0.00019917666 0.00024552873 2.9775987e-05 6.172153e-07 0.000117378026 8.523734e-06 0.26130795 8.629972e-07 0.058283787 0.0003160008 0.0071737934 1.754573e-07 0.045267627 7.983761e-06 0.00027085724 8.706604e-05 3.599467e-05 3.19179e-05 9.793968e-06 2.3621467e-05 1.4178428e-07 5.406808e-06 0.09439434
0.9709776 0.0030846037 0.0015829036 0.008949475 0.0014865047 0.034765013 0.00017827368 0.0048271134 0.004409048 0.0015734 1.4536868e-05 0.0008143277 0.0058245906 0.32126442 0.00078076206 0.012868718 0.002125089 8.329415e-05 0.3619007 0.11945382 0.8936298 0.40607688 0.0032971983 1.7598968e-13 2.3675346e-05 0.17293763 0.28239873 0.060544476 0.026926616 0.60932094 0.11542138 0.0034834708 1.988776e-05 0.1943169 0.07259542 0.00027746506 0.040499132 0.003732328 0.0074193403 0.003443511 0.44115326 0.00088746956 9.767255e-06 0.1364324 3.1628042e-07 7.5057305e-06 0.0037546302 7.767997e-08 2.417066e-07 0.044424895 0.024807328 0.07659313 0.0021678675 4.2263222e-05 1.7725647e-08 3.0076696e-06 0.00010779712 0.07408449 1.0239689e-06 1.0228324e-05 0.0014064919 2.566726e-05 7.001676e-08 0.008696771 0.0023933474 0.0011704583 5.2704687e-05 0.012062301 0.011771619 0.0008281598 0.022237811 0.008248348 0.0012485036 0.016858527 0.004408709 0.012695459 0.009304381 0.005197603 3.3093565e-05 0.0004430899 0.0046054404 0.00032460305 1.667937e-05 0.0013618019 0.00016527071 0.003188348 0.0011660585 2.1462135e-06 2.9989685e-06 5.5123634e-05 0.0063705686 0.00020805861 1.1559412e-07 8.041717e-07 2.6784197e-05 6.33682e-06 1.5684858e-05 2.5769817e-08 1.5694816e-06 0.00015354468 0.0011511862
0.70141995 0.021851268 0.010225415 0.002128262 0.01158035 0.0008341555 1.8746734e-05 0.5919427 0.0009082836 0.14968991 0.53138417 0.106567696 0.0025700743 0.0012213371 0.36967498 0.0038819308 0.019515395 0.7148679 0.00015330326 4.1013463e-05 0.00030109758 9.157142e-05 0.07609866 2.3675346e-05 1.3423988e-19 4.931971e-05 2.7254962e-05 0.00023284713 0.0004287542 0.0012835411 0.0036493111 0.1634602 0.7717432 0.0003680301 4.5399494e-05 0.5456967 9.667296e-05 0.07988187 0.00023475461 0.11062329 0.00013797473 0.18780544 0.6887252 6.44969e-07 0.092668384 0.052203413 0.0031620776 0.12206426 0.06852058 0.0003850689 2.051662e-05 7.513382e-05 0.00028959726 0.44172284 0.04611874 0.13882627 0.01245474 7.788396e-06 0.21459776 0.068319626 0.01137369 0.005464255 0.051709794 0.00025619366 0.0038159585 0.3123059 0.004868967 0.005822832 4.092928e-06 0.00016153524 5.834939e-07 4.1493793e-05 0.00031579653 8.751407e-07 5.63324e-05 8.952347e-07 9.59652e-07 6.3612276e-08 3.5960963e-06 6.847546e-05 3.7738482e-06 9.504773e-09 1.1727188e-05 1.2071437e-06 0.08935626 8.526367e-08 0.010342915 0.0007864352 0.04617247 3.399618e-08 0.0003418597 8.668282e-06 0.02445672 2.1413516e-06 4.2393484e-07 7.2545804e-06 0.000372641 0.0050520822 3.7609674e-08 2.626895e-07 0.005030172
0.48663038 0.0056923856 0.0075487625 0.0151204495 0.0029036913 0.02322847 0.000493893 0.002743705 0.040521257 0.0013949744 2.2751232e-05 0.0031719978 0.08365634 0.07001369 0.00049830246 0.015879119 0.0034687617 0.00010261598 0.646812 0.50387937 0.16445921 0.64299065 0.0012935493 0.17293763 4.931971e-05 8.246868e-21 0.79583126 0.62530166 0.33820063 0.10468837 0.028590316 0.005211496 1.6128131e-05 0.028555559 0.24900974 0.00175026 0.1300761 0.0033672198 0.04590178 0.028645815 0.025670003 0.003239572 6.5964e-06 0.0067769615 2.767635e-07 3.4150532e-06 0.018602077 7.3255556e-08 4.129577e-07 0.012637211 0.012891418 0.11338783 0.008763614 4.1700747e-05 1.7483288e-08 7.187094e-06 0.000588382 0.06850784 4.956218e-06 1.6234665e-06 0.00926534 0.00034215112 5.9247066e-07 0.03153725 0.009888479 0.00019591954 4.6664645e-05 0.004389576 0.004025636 0.0027247572 0.0065882844 0.028452186 0.0075040776 0.0012641605 0.0015995407 0.0012555387 0.009756642 5.9499896e-05 0.0013243766 0.0026577853 0.0040948996 4.9756636e-06 0.0002934209 0.00081348786 0.0004085844 6.8042966e-05 0.0010861824 5.971859e-07 1.1223946e-05 1.1066571e-06 0.0018541145 0.00023030669 1.1030115e-06 4.4241306e-06 0.00045342036 1.0273039e-05 1.7852153e-06 7.58093e-09 2.620157e-07 6.9299717e-06 0.0015229459
0.768299 0.0032684042 0.0030785732 0.010647411 0.0023363978 0.015539768 0.00031811345 0.0020509246 0.0139128445 0.0014367865 2.7914179e-05 0.0024644248 0.05358973 0.08183345 0.0002999492 0.013065627 0.0026770178 6.792593e-05 0.6617801 0.32732803 0.22549766 0.84484303 0.0021320335 0.28239873 2.7254962e-05 0.79583126 2.8950916e-19 0.49828476 0.1628912 0.16752744 0.03996523 0.00572844 9.269693e-06 0.048485816 0.18634076 0.0015526079 0.08378179 0.0028200576 0.031687796 0.021071749 0.054778446 0.0031116784 3.6701647e-06 0.011939874 2.045455e-07 3.6508493e-06 0.0122517655 2.754334e-08 1.2210873e-07 0.01779675 0.015104178 0.099409096 0.006717839 1.8291157e-05 1.45551295e-08 3.638139e-06 0.00041010004 0.076175414 1.6751861e-06 2.9311402e-06 0.0076080123 0.0002087893 3.204447e-07 0.023830904 0.006507629 0.00015432244 8.412472e-05 0.00497737 0.008723094 0.002412655 0.00897036 0.03057808 0.0076073264 0.0027829518 0.0022045732 0.0019508111 0.016566033 0.00013149904 0.00058092433 0.003304478 0.0064259334 1.2693629e-05 0.00028087632 0.0010721534 0.00022398646 0.00020852004 0.001145381 8.5512005e-07 1.2005968e-05 1.7948743e-06 0.002776951 0.00029537018 3.14073e-07 7.18273e-06 0.00026250657 1.614035e-05 1.938626e-06 9.9584465e-09 3.2741468e-07 3.5546156e-05 0.002100379
0.14511888 0.028143628 0.04663349 0.05400427 0.013324237 0.056201354 0.01227014 0.01055179 0.16658495 0.002262704 0.0004798354 0.009109333 0.22683798 0.09600827 0.0012298361 0.030738136 0.014723212 0.00025878503 0.5786096 0.73361397 0.10353082 0.4775755 0.0016920749 0.060544476 0.00023284713 0.62530166 0.49828476 8.3171944e-21 0.7808509 0.032412678 0.019693471 0.0050304495 9.696824e-05 0.01110684 0.62715036 0.0038196628 0.41435885 0.003187585 0.26800552 0.091004506 0.008584998 0.008486926 2.1446738e-05 0.004984724 4.1362955e-06 9.0085605e-06 0.12366943 1.2541415e-07 2.9760786e-06 0.0058208 0.008820808 0.23362805 0.044797383 9.0522095e-05 9.338003e-08 1.7173139e-05 0.00088802876 0.0552202 2.8279526e-05 1.4534711e-06 0.019202562 0.0006472566 2.4306846e-06 0.08679147 0.017216537 0.0002451656 0.00017204703 0.0019076051 0.0013495095 0.007123335 0.0035903805 0.0325536 0.02323012 0.00035267012 0.00060808455 0.00031008362 0.0025583156 2.935674e-05 0.0048667016 0.0035573 0.002528022 2.5871468e-06 0.0006596391 0.00021307851 0.00037433484 2.7053182e-05 0.0002929042 1.0287338e-06 1.4888356e-05 1.344999e-06 0.0004418114 0.00026043566 5.997482e-06 1.0925638e-05 0.0004151277 1.7319437e-05 5.057375e-06 4.8994856e-08 3.93211e-07 1.7407721e-06 0.0005340119
0.052013356 0.036835082 0.06551235 0.06321445 0.019393438 0.06158217 0.08066345 0.01885572 0.22242974 0.0025900402 0.001324004 0.009212902 0.2390831 0.04496434 0.0011352749 0.024067493 0.015016552 0.00039411488 0.33065233 0.63196945 0.033763614 0.15834537 0.0015786741 0.026926616 0.0004287542 0.33820063 0.1628912 0.7808509 2.6288583e-21 0.014208582 0.010701222 0.0038946073 0.00018452917 0.004451543 0.7011614 0.0068324558 0.6300954 0.00224356 0.577293 0.21222211 0.0042697517 0.017233605 6.760462e-05 0.0018107815 1.5978116e-05 1.1251876e-05 0.36967582 4.5777824e-07 8.6563205e-06 0.0027613358 0.0051367474 0.34905455 0.17978922 0.000113755625 7.007832e-07 2.2432603e-05 0.0032359974 0.030214295 2.6492482e-05 5.0598737e-06 0.04001816 0.0019374555 4.581554e-06 0.17241362 0.034797862 0.0003217399 0.0008648366 0.0017804482 0.00058940495 0.024355391 0.0015093717 0.038936213 0.04932804 0.00028536914 0.00033732894 0.0002909648 0.0016660936 3.1928466e-05 0.013418985 0.0082960725 0.0021069555 2.5221736e-06 0.0018690336 0.0002428525 0.00063105486 3.0830422e-05 0.00015637864 1.0735438e-05 0.00010426117 1.5558605e-06 0.00012616132 0.00037198892 4.6670168e-05 8.3592575e-05 0.0007044159 0.00010093811 9.0260735e-05 1.949878e-07 3.585376e-07 3.6973065e-06 0.00022960099
0.979152 0.008809803 0.012833918 0.017493797 0.010771148 0.07685707 0.0013004855 0.021269737 0.02080176 0.005714406 0.0005275382 0.006241443 0.007330616 0.4117865 0.0047046794 0.08207015 0.007987638 0.002086234 0.2709259 0.1155425 0.38722202 0.1803175 0.011129228 0.60932094 0.0012835411 0.10468837 0.16752744 0.032412678 0.014208582 5.759648e-17 0.6841258 0.03051836 0.0010282488 0.86345387 0.03286462 0.00161701 0.019535825 0.021526534 0.0035467378 0.005254557 0.20005085 0.001795526 0.000417324 0.03453928 1.5451822e-05 0.0002900403 0.0027798908 8.011821e-06 1.2763222e-05 0.06485592 0.02104952 0.029346727 0.0012114219 0.0012668065 1.4471033e-06 0.00011340596 0.00010735863 0.02987835 1.9361345e-05 0.00012850604 0.00048387563 4.310394e-05 1.8187893e-06 0.0038432565 0.0013469624 0.01990856 3.4844707e-05 0.10171729 0.013648723 0.0005371688 0.010447622 0.0011470151 0.00034228922 0.015749786 0.0040434254 0.011478725 0.0018315909 0.017121866 2.001574e-05 0.00011212665 0.00039365172 0.002327812 2.0066675e-05 0.00027799848 0.0024524652 0.0015369316 0.026600283 2.7970005e-05 1.7188015e-05 0.00012839958 0.09346946 0.00012404214 1.2099567e-07 3.3317247e-06 1.9211975e-05 3.1691325e-05 9.827811e-06 1.5819029e-06 6.6049543e-06 7.8910365e-05 0.028763236
0.9902902 0.027568066 0.029121052 0.105262354 0.14605708 0.061260704 0.0032514818 0.049056143 0.014432446 0.057615463 0.004832936 0.09610377 0.033826567 0.7023608 0.013421047 0.5193002 0.08124057 0.008355802 0.052581098 0.013904409 0.29956394 0.12473076 0.14532043 0.11542138 0.0036493111 0.028590316 0.03996523 0.019693471 0.010701222 0.6841258 1.3537226e-19 0.18545158 0.0014700721 0.4062346 0.01305538 0.0035991897 0.0036364465 0.10523815 0.0028135823 0.0074349414 0.030713396 0.0021759924 0.00072548987 0.010336653 0.00019933245 0.0010114326 0.00035659524 4.227919e-05 0.00018089122 0.054517142 0.011689656 0.008758076 5.7981568e-05 0.0067684357 5.8467092e-05 0.0003907179 0.00087654276 0.008051967 0.0005049491 0.00018395163 0.0017203579 0.00052755827 0.000108761495 0.004119826 0.0012949824 0.069815025 0.00014992018 0.15939389 0.016469713 0.00012552776 0.0015574676 0.0006850983 0.0003355551 0.0025102573 0.0007273066 0.0018451387 0.00074991345 0.00078991696 8.419784e-05 0.00044309793 0.0006531994 0.00022173107 5.903011e-05 0.00025807918 0.08338691 0.00019007617 0.13403325 3.2817009e-06 0.0010135375 3.11119e-05 0.27044693 0.00015766751 1.8073239e-06 1.9516436e-05 0.00010861441 1.3698959e-05 3.3544854e-06 8.145839e-06 1.000732e-05 0.00016678662 0.16617872
