2.871262e-24 0.9404624 0.7146792 0.9811274 0.9263153 0.99253404 0.9535851 0.9175857 0.8349425 0.9814859 0.8861667 0.9616932 0.79792696 0.8143266 0.95339215 0.85081357 0.9741158 0.2515474 0.8580578 0.98031634 0.6832858 0.7889823 0.32135612 0.8961373 0.93906206 0.9411136 0.977284 0.93997604 0.98369944 0.9424193 0.91409177 0.9386105 0.17030299 0.9541202 0.96077055 0.96318483 0.54943514 0.6172729 0.09237654 0.40133673 0.9653231 0.22916971 0.4824394 0.6578867 0.8970283 0.69454825 0.9543352 0.97715497 0.9815296 0.021605542 0.026644433 0.9773004 0.9908694 0.038415167 0.2507188 0.162126 0.24094634 0.7358539 0.9936028 0.7267974 0.11722014 0.99814814 0.89257157 0.016535379 0.1374298 0.09826984 0.22710155 0.005839928 0.009083395 0.0126152 0.18209064 2.3271468e-05 0.9961079 1.6169251e-05 0.0018505452 0.99882543 0.3422397 0.0034291458 0.99761504 0.005932841 0.0017012055 0.001738501 0.63711965 0.6015893 8.680091e-05 0.9997087 0.9996481 0.0022996785 0.76515454 0.0032068796 0.9918626 0.9999304 0.91079754 0.8621631 0.92454785 0.00029121464 0.0027360946 0.033087812 0.9990798 0.11333036 7.42858e-06
0.9404624 3.156319e-15 0.9270417 0.8231179 0.5703381 0.7993655 0.5534043 0.8816623 0.36883608 0.20044082 0.069279335 0.061016433 0.013171467 0.13208394 0.024973663 0.07702742 0.004327822 0.12301904 0.033201974 0.20586027 0.2074456 0.012918858 0.0010599798 0.0031210312 0.006079483 0.0032401988 0.02984494 0.00096881686 0.03952819 0.0021978777 0.00016483264 0.00017246642 0.020444112 0.00061567506 0.004136666 0.0016904394 0.00078118034 0.0006970493 0.008967254 0.00034289528 2.0145953e-06 0.024795312 3.0238186e-06 4.0112438e-05 5.3377466e-06 6.2090717e-06 0.0022642282 0.0011988555 0.00053358177 0.0031905137 0.005854457 0.0016859445 6.1493886e-08 0.0029457055 0.00018845801 7.682852e-06 2.685589e-05 0.000108951885 0.01199786 6.842063e-05 9.239323e-06 0.0014809889 0.00052017684 0.00044983884 0.0050039086 2.525582e-06 7.4469824e-07 1.6306694e-06 3.9560873e-06 4.1394978e-07 0.0002613909 1.3290624e-07 0.00042845073 4.7707047e-08 6.453704e-08 0.000373312 6.6268926e-06 3.047042e-07 0.000101878126 7.988159e-05 5.1376926e-08 8.042849e-08 0.0023310485 8.319392e-08 7.257818e-06 0.00235548 0.011177648 3.439613e-08 4.397849e-07 3.6588327e-07 6.5478254e-08 0.0008915371 8.6192586e-08 2.048903e-07 0.011078996 1.0930238e-06 3.4108482e-06 5.8799426e-08 0.0034070902 3.296764e-08 4.2058257e-10
0.7146792 0.9270417 2.0488906e-19 0.7575683 0.68747014 0.7962164 0.43277806 0.91344625 0.51290804 0.19858131 0.06910775 0.036392342 0.02674102 0.11846427 0.025538359 0.0505366 0.0028865493 0.17827787 0.08542336 0.3266439 0.07764075 0.05589133 0.0154003035 0.011879495 0.0059508095 0.0059345015 0.1035457 0.0012007961 0.1469475 0.0006345956 0.00013838123 0.00021147699 0.037762575 0.00041872286 0.0017829417 0.004797483 0.0006974705 0.00049812737 0.0067180917 0.00015647411 6.474776e-06 0.004691451 2.0702317e-05 3.539559e-05 9.335488e-05 3.8084832e-05 0.0076235947 0.008987336 0.002132966 0.0008446622 0.0042191683 0.0069441656 6.324447e-07 0.00033395342 7.884729e-06 1.5656808e-05 3.927008e-06 0.00096577394 0.05050968 0.00066615466 1.9593692e-06 0.0027335193 0.00077577226 7.9212e-06 0.0011635085 4.981425e-07 2.0164289e-06 5.5460737e-07 1.933639e-06 3.516072e-07 0.00012048458 1.1972888e-07 0.003021341 1.6947094e-08 1.2006843e-08 0.001276164 2.4638124e-05 1.14353355e-07 0.0001678226 7.706995e-06 6.92322e-08 1.3891324e-07 0.0022347663 9.2062685e-08 4.454443e-06 0.005600743 0.0073406976 4.1806564e-10 7.47351e-06 2.0536469e-07 5.43282e-07 0.0012982439 2.2953507e-06 3.390326e-06 0.0025715553 2.405132e-07 5.7065854e-06 2.7866367e-06 0.0024264767 2.389673e-06 1.200735e-11
0.9811274 0.8231179 0.7575683 9.693266e-14 0.8460163 0.5924554 0.86655074 0.76059425 0.7079937 0.54972094 0.48266923 0.016190872 0.09837728 0.18724585 0.0972945 0.17258808 0.050056223 0.07631254 0.0074917427 0.22492588 0.09337659 0.034682237 0.013173571 0.02157518 0.047971956 0.021185197 0.049684927 0.009888464 0.019742811 0.007981584 0.00052714767 0.00040307644 0.016691154 0.0023106108 0.010719096 0.004642084 0.0020591274 0.0023809536 0.0077002337 0.0011331504 1.6859878e-05 0.0055601182 1.008781e-05 0.0007071695 2.9200182e-05 2.143997e-05 0.0018426531 0.0014961866 0.0019214489 0.00063636404 0.0028129532 0.0018142809 7.6391353e-07 0.001662451 0.0014907899 5.1314277e-05 0.00019724348 7.817899e-05 0.015521928 2.9405046e-05 0.00017973734 0.0036333855 0.00040715237 0.0007314753 0.0010883765 5.6334284e-05 8.686281e-06 8.505139e-06 2.4749324e-05 7.117345e-06 9.395832e-05 2.901616e-07 0.00090875314 4.393146e-07 1.1499651e-07 0.0011476525 4.7272633e-06 1.0601946e-06 0.00037386926 6.365728e-05 1.2715184e-07 1.0191868e-07 0.00293736 3.8790344e-07 5.551352e-06 0.004903377 0.022605726 5.514379e-08 8.289178e-06 3.3412562e-07 9.165372e-07 0.0022396203 2.9175658e-07 3.916356e-06 0.019585118 4.261552e-06 2.7118522e-06 6.9634936e-08 0.0033974694 4.5346983e-08 3.205544e-09
0.9263153 0.5703381 0.68747014 0.8460163 1.5268361e-17 0.38801968 0.86269736 0.54141676 0.8678699 0.7681861 0.5327894 0.0055792136 0.3603006 0.052161835 0.3198244 0.033987585 0.06804927 0.031425923 0.007475182 0.4912953 0.010227375 0.042759497 0.039403748 0.015190448 0.016731482 0.1156294 0.1941307 0.011891737 0.0440019 0.0012774816 0.00047514896 0.000434573 0.00385483 0.0006674806 0.013586089 0.0114653995 0.00064206653 0.000370252 0.0013075914 0.00011733841 1.7696268e-05 0.0003448289 2.6277794e-05 4.4832253e-05 8.665187e-05 5.863176e-05 0.0021600875 0.0016045648 0.0038227548 0.000102964965 0.0004123755 0.0018862974 2.6221005e-06 0.00012582021 7.1837508e-06 1.8388786e-05 1.8609851e-06 6.214667e-05 0.024570247 1.105354e-05 7.0462715e-07 0.004317463 6.423283e-05 6.6276825e-06 0.00011424932 1.2003385e-06 2.3705788e-06 5.4154657e-07 1.4422949e-06 1.5787334e-06 1.3513845e-05 1.1262407e-07 0.002194671 8.896511e-08 4.2179845e-08 0.0009372081 6.887481e-06 4.0180473e-07 0.00025042077 9.4656725e-06 3.8727325e-07 4.104574e-07 0.0010249094 1.2020936e-06 3.2728967e-06 0.004440176 0.005721574 1.6641209e-10 0.00013281342 1.8117443e-07 2.4825406e-06 0.0016899623 1.0475706e-05 1.003784e-05 0.0010783703 1.5786942e-06 3.6405092e-06 8.61683e-07 0.0013547842 4.506338e-07 9.95565e-10
0.99253404 0.7993655 0.7962164 0.5924554 0.38801968 4.8638193e-10 0.1380573 0.81772804 0.048245147 0.049164396 0.0033458718 0.5094425 0.0033148495 0.01687858 0.0036584463 0.011865596 0.0004485145 0.017696083 0.28484142 0.7075119 0.047528327 0.0016449039 0.0008307695 0.0019074242 0.002367528 0.0018776776 0.21721295 0.00065782823 0.75371295 0.004991236 0.00011847024 0.00011328091 0.004446019 0.00045279315 0.0027764225 0.0035192815 0.0006371222 0.0006908766 0.0033324796 0.00038906775 2.3461193e-05 0.014796338 3.397259e-06 6.809989e-05 5.433124e-06 6.870071e-06 0.042361807 0.024360025 0.0005550045 0.0027808852 0.009918976 0.017714303 8.495475e-08 0.0006307576 3.6194462e-05 3.97843e-07 1.1301485e-05 0.0023452826 0.35965917 0.0008818045 9.295763e-06 0.0027285914 0.0017918559 7.17144e-05 0.008775403 5.8251254e-07 7.219856e-08 4.68112e-07 3.0330923e-06 2.8592197e-07 0.001592608 3.719009e-08 0.00047158083 3.5683797e-08 1.5969613e-09 0.0050727115 1.2560021e-06 9.1177576e-08 0.00018320006 0.00017097354 6.43965e-08 3.364943e-08 0.012561986 4.245733e-09 4.8148053e-05 0.015480992 0.19284813 8.442748e-05 1.07779485e-07 3.1814693e-07 3.0434958e-07 0.0063954354 6.834423e-08 3.2043877e-06 0.11073776 3.2293724e-06 3.7625357e-06 1.0157844e-06 0.16931574 7.522958e-08 1.1517701e-08
0.9535851 0.5534043 0.43277806 0.86655074 0.86269736 0.1380573 8.886447e-17 0.49609894 0.8456061 0.68470776 0.59935004 0.004752868 0.3336008 0.12933244 0.26881483 0.1345759 0.18945995 0.034339108 0.0035681897 0.24143323 0.03173949 0.08229197 0.050109345 0.05410633 0.106535435 0.05984744 0.07906403 0.034335315 0.0072952397 0.043808736 0.0035730456 0.001903186 0.019358315 0.024813596 0.04337518 0.017037785 0.0064222394 0.006352665 0.004875312 0.0031570548 5.448142e-05 0.0018210327 5.013739e-05 0.0037428988 5.7422203e-05 7.024333e-05 0.0004193303 0.0005241192 0.0040211026 0.00019372678 0.00106281 0.0005080513 1.8494733e-05 0.0009285668 0.0025425483 0.00018726035 0.00014157587 6.0582443e-06 0.011747591 7.0076485e-06 0.00013277862 0.0036753593 8.2131075e-05 0.00022192336 0.00026895068 0.00017629453 0.0001340774 8.967322e-06 2.3211645e-05 5.7588454e-06 3.4220153e-05 7.965815e-07 0.0010571172 1.8647023e-07 1.3425358e-06 0.0016566481 0.00014517533 3.1674633e-06 0.0005009519 4.0421957e-05 1.4477264e-07 1.6897476e-07 0.0010691852 7.624925e-06 2.3061614e-06 0.0031125182 0.005907719 2.3739124e-09 4.9900125e-05 2.8055868e-07 1.8115966e-06 0.002627544 2.725721e-06 8.473289e-06 0.0025153568 7.549356e-06 6.8040526e-06 1.3257583e-07 0.0010763328 5.1835883e-07 6.827762e-09
0.9175857 0.8816623 0.91344625 0.76059425 0.54141676 0.81772804 0.49609894 6.7857663e-19 0.36083904 0.0763128 0.037513267 0.13428551 0.008332224 0.56903756 0.012739315 0.32029593 0.001201386 0.7996169 0.34398958 0.13703421 0.6061596 0.10501279 0.0077493517 0.012407213 0.010833045 0.0018507844 0.04043155 0.00035631264 0.19780831 0.0016324006 3.173303e-05 9.3164024e-05 0.19982213 0.0004821073 0.00090030895 0.0015045722 0.0004475679 0.00027767287 0.08480342 0.00018727606 2.9185826e-06 0.07976479 4.500538e-06 1.691215e-05 2.8164304e-05 1.2309215e-05 0.020048868 0.015147982 0.00060100644 0.0108796405 0.040611207 0.012668399 1.3861104e-08 0.007910942 2.4121542e-05 5.0579247e-06 1.7273793e-05 0.0012398247 0.026467016 0.0008175749 6.1404517e-06 0.0008174084 0.0011648259 0.0009252554 0.005552737 5.878665e-06 8.520202e-07 7.1696713e-06 1.6779386e-05 2.1460762e-06 0.0003194828 3.5910975e-07 0.0014840167 1.9362619e-07 1.0059651e-07 0.0004057252 7.08939e-07 1.7732182e-07 2.3367962e-05 0.00036608486 1.8556285e-07 1.5554592e-07 0.004177371 1.3354958e-08 1.2542133e-05 0.0034666122 0.011218999 8.418935e-08 1.3693062e-06 9.542196e-08 1.5299149e-07 0.0007055585 1.565915e-07 1.0594931e-06 0.008077821 3.6216852e-06 5.222787e-06 9.936803e-08 0.0015953975 9.076548e-08 1.7676682e-09
0.8349425 0.36883608 0.51290804 0.7079937 0.8678699 0.048245147 0.8456061 0.36083904 2.987936e-20 0.71902555 0.7760497 0.00093712675 0.8634351 0.12130211 0.44367844 0.11005884 0.30778176 0.05775945 0.0019474243 0.20814022 0.0070506525 0.28563347 0.4559101 0.18153194 0.11636446 0.17812131 0.11939624 0.11472286 0.0031871137 0.015527843 0.005969262 0.004899472 0.010728173 0.0187444 0.03125538 0.032107398 0.0033484465 0.0026918806 0.0008511161 0.00053506135 0.00015205904 1.6482078e-05 0.0001244705 0.00046544644 0.0001819669 0.00010394437 0.00047928933 0.0007220508 0.01110179 1.2200524e-05 9.635586e-05 0.0010412629 5.8248595e-05 3.490664e-05 5.9162827e-05 7.851634e-05 2.7414895e-05 4.3709283e-06 0.018602325 1.8643672e-06 7.944593e-06 0.010639143 1.5010937e-05 2.0565524e-06 2.8733234e-06 2.6145146e-06 1.8496885e-05 5.078755e-07 8.538424e-07 4.0814038e-07 4.2284867e-07 6.7189625e-08 0.0039259484 2.529921e-08 6.7806674e-08 0.0012295154 3.2083644e-05 3.4774754e-07 0.0007623151 8.7825936e-07 1.2518387e-07 1.3219342e-07 0.00012795 6.430957e-07 2.4931924e-07 0.0046124863 0.0024921966 5.9644495e-10 3.3319327e-05 7.350384e-08 3.0642075e-06 0.0025329788 8.119097e-06 1.3497487e-05 0.00032309096 1.9951511e-07 8.5589016e-07 7.25174e-07 0.0003057307 3.8474934e-07 5.7782612e-11
0.9814859 0.20044082 0.19858131 0.54972094 0.7681861 0.049164396 0.68470776 0.0763128 0.71902555 8.859205e-16 0.73355836 0.0056084376 0.5732884 0.048339676 0.7765779 0.06483409 0.6903865 0.009124857 0.0018525865 0.6383031 0.014945502 0.055834517 0.08017059 0.10599387 0.16885862 0.5553253 0.46594107 0.35267407 0.018568788 0.11202526 0.074503034 0.095047995 0.008035098 0.13252462 0.192812 0.13024373 0.020500045 0.025685435 0.002921188 0.008744095 0.008440365 0.0016457849 0.0068305926 0.024814226 0.004490074 0.001434788 0.0017141657 0.0016414847 0.020833388 0.0002826754 0.0020887265 0.001511399 0.00059367856 0.00073116214 0.0055610174 0.0013883405 0.0014506608 0.00014831252 0.04423228 4.544619e-05 0.0010678722 0.021256147 0.00041984927 0.00021178843 0.00092989695 0.0014183116 0.0013477706 7.6049866e-05 0.00018302244 0.0004068395 0.0001202081 4.974366e-07 0.0039068665 6.055422e-07 7.0145556e-06 0.006323082 0.00040369964 0.00013095101 0.00329098 0.00035925518 7.915862e-06 5.131278e-06 0.0023233297 1.6819184e-05 8.348712e-06 0.010595932 0.01750705 2.7166124e-08 0.0005223517 9.1724013e-07 6.441994e-05 0.0066903657 2.983315e-05 0.00011172936 0.0050237305 4.164197e-05 2.9418228e-05 4.6334253e-06 0.0047344873 4.8056563e-06 1.0655308e-07
0.8861667 0.069279335 0.06910775 0.48266923 0.5327894 0.0033458718 0.59935004 0.037513267 0.7760497 0.73355836 2.5933548e-17 0.0006885304 0.81166047 0.050273504 0.49108848 0.07706009 0.8980076 0.008873304 0.0003350377 0.08701783 0.0032829926 0.09883336 0.288693 0.15373501 0.17327444 0.2048386 0.07925886 0.29815808 0.0031754924 0.065240875 0.05846853 0.050575368 0.006146692 0.17718476 0.0654773 0.044788133 0.027322967 0.040984817 0.0022229215 0.011621911 0.0006774137 0.00026507737 0.0019532146 0.041312657 0.00044256792 0.0005149768 0.00048795633 0.00065960386 0.012154142 4.4655804e-05 0.0003594399 0.000656991 0.00017727999 0.0001504669 0.015797887 0.0022609658 0.0039243633 2.2641502e-06 0.0054347306 2.8678126e-06 0.004981649 0.007946806 4.6626697e-05 0.00013866859 0.00014526205 0.007915714 0.0018314774 0.00028790178 0.00035047933 0.00067151507 9.53804e-06 1.307476e-06 0.0021627164 1.9604258e-07 8.971467e-05 0.0021231503 0.0001956068 0.0002591671 0.001134189 4.9947117e-05 3.2032053e-06 1.8004889e-06 0.00082424656 1.5507594e-05 7.4562317e-06 0.0013276392 0.0028273782 1.1358357e-08 0.00047889343 9.1534565e-07 4.8083122e-05 0.0012291373 3.071969e-05 7.662543e-05 0.0018282376 7.9127285e-06 2.0883917e-05 1.9419946e-07 0.0014112914 5.692255e-07 4.9868434e-09
0.9616932 0.061016433 0.036392342 0.016190872 0.0055792136 0.5094425 0.004752868 0.13428551 0.00093712675 0.0056084376 0.0006885304 1.13579813e-13 0.0002946176 0.0029765428 0.0014005336 0.0007884616 0.00010771193 0.035911188 0.97708565 0.103399366 0.09420915 0.0008572288 0.000115796436 0.00038793476 0.00036815615 0.00038834527 0.025478246 0.00017460542 0.82552767 0.00026041057 8.1246006e-05 8.267347e-05 0.004671376 9.468232e-05 0.00093074114 0.0019926652 4.0946594e-05 3.0641888e-05 0.0027296508 5.8130725e-05 1.6945472e-05 0.16856614 2.579928e-06 1.354899e-06 2.9589499e-05 6.7256037e-06 0.5431928 0.3629462 0.00038068453 0.02919217 0.0669593 0.27213538 8.843388e-08 0.0022432264 2.7519412e-05 3.0424077e-05 5.122998e-07 0.34505695 0.20541193 0.18506663 1.6452559e-06 0.0012883404 0.05159589 0.00022908505 0.33244655 5.1997913e-06 3.128479e-07 1.6272534e-06 7.985132e-06 4.846888e-07 0.02475576 2.6526206e-07 0.00046320359 6.57344e-08 3.682074e-06 0.0008600177 5.633245e-05 1.7965783e-06 3.4538247e-05 0.0008670684 3.4769437e-06 6.178934e-06 0.08549834 7.93692e-08 0.0008487711 0.017348947 0.18873486 0.0005576092 1.6544534e-05 1.4018933e-06 1.7146166e-07 0.00087744056 6.4874314e-07 1.8601342e-05 0.08618592 3.8135186e-06 0.0001952004 9.761471e-06 0.1052646 1.1403427e-05 3.4474816e-08
0.79792696 0.013171467 0.02674102 0.09837728 0.3603006 0.0033148495 0.3336008 0.008332224 0.8634351 0.5732884 0.81166047 0.0002946176 1.432381e-20 0.039407216 0.67454904 0.051232986 0.64013404 0.0153122675 0.00027276014 0.07649432 0.00056731596 0.34421757 0.8577763 0.56641674 0.3015194 0.51042783 0.095630996 0.8064952 0.00041951588 0.051140275 0.32010007 0.276885 0.0056597446 0.2130904 0.09562828 0.08797923 0.050947104 0.06435274 0.00092116924 0.011143471 0.012854865 5.5684677e-06 0.020218248 0.04143508 0.004382919 0.004456017 0.00010921039 0.00029812657 0.03669612 7.8768636e-07 3.4999273e-05 0.0001960902 0.0010954288 1.9513758e-05 0.0026455142 0.0048093516 0.000653095 6.132033e-07 0.009517288 1.3137736e-07 0.00056279835 0.02833771 6.553073e-06 6.015199e-06 5.291197e-07 0.0009914318 0.00079858594 3.0300453e-06 4.256889e-06 7.853832e-06 1.6090061e-07 5.281515e-08 0.0067572035 9.866021e-08 3.088087e-06 0.0025566032 0.00033155817 2.0893718e-05 0.0017121064 8.053464e-06 6.38382e-07 4.7861965e-07 5.569411e-05 5.358472e-05 1.7290819e-07 0.0030811303 0.0014253143 1.3482973e-09 0.0007091064 1.0499541e-07 7.350928e-05 0.0023971496 0.00013042396 0.00023864572 0.00016093584 1.153551e-06 4.251886e-06 1.1433781e-06 0.000105192696 2.5415557e-06 1.3060047e-09
0.8143266 0.13208394 0.11846427 0.18724585 0.052161835 0.01687858 0.12933244 0.56903756 0.12130211 0.048339676 0.050273504 0.0029765428 0.039407216 3.6257137e-16 0.00831109 0.9495211 0.005755354 0.8012698 0.007450564 0.021890325 0.533356 0.6726256 0.055885892 0.13142134 0.24700561 0.0008556218 0.0121571915 0.0012847633 0.0037841883 0.24652433 0.00023037789 0.0014946364 0.68129903 0.01582585 0.0010521474 0.0010277567 0.025278894 0.021911623 0.33629337 0.05092444 0.00023002818 0.0051237554 5.072796e-05 0.0025316228 0.00022611143 9.796832e-05 0.0011074935 0.0008020036 0.00016500377 0.0011275681 0.0065714386 0.001204997 2.4703837e-07 0.029723492 0.015281632 0.0003177675 0.009095326 2.7350758e-05 0.0015530862 2.5601226e-05 0.011676214 0.0015040487 0.00025424696 0.02938513 0.000199227 0.00462515 0.00015925654 0.005305672 0.0083597675 0.002831261 2.9742529e-05 0.00071036397 0.0004279321 0.00022492917 4.8356604e-05 3.8032023e-05 7.465574e-06 0.00011247343 5.7823527e-05 0.00057554006 3.0059131e-05 6.798069e-05 0.0005617283 1.8849168e-07 1.0793654e-05 0.001081396 0.002517692 1.4857924e-08 1.31758e-06 3.9819908e-05 8.691202e-08 0.00017894463 4.9441303e-07 1.5520483e-05 0.006722783 1.20682425e-05 0.00012209191 5.85207e-07 0.00022325582 8.1423946e-07 1.7397296e-08
0.95339215 0.024973663 0.025538359 0.0972945 0.3198244 0.0036584463 0.26881483 0.012739315 0.44367844 0.7765779 0.49108848 0.0014005336 0.67454904 0.00831109 1.9560676e-16 0.00853847 0.83731216 0.003973899 0.0005237749 0.30780104 0.0012368204 0.034973286 0.14001606 0.08563509 0.06223333 0.7907309 0.4517032 0.72405094 0.0041859294 0.031257145 0.34892577 0.17602056 0.0019756795 0.078537755 0.2854595 0.38488314 0.016799057 0.021276021 0.0009561346 0.0035234406 0.023884725 0.0004812774 0.01971631 0.029914226 0.013858775 0.0065224944 0.00082340115 0.00073996047 0.07886488 5.890099e-05 0.0010758386 0.00062066334 0.006860621 0.00029142582 0.0022328119 0.0026426637 0.00027026996 1.6573007e-05 0.02554946 4.949596e-06 0.00013823865 0.06618427 6.855407e-05 4.838368e-05 0.0005541781 0.00051000377 0.0016891244 7.8573685e-06 1.6927399e-05 1.5404195e-05 6.554933e-05 1.2233846e-07 0.01560457 8.1788905e-08 1.856935e-05 0.009171878 0.0020238666 2.2280965e-05 0.006666895 0.0002434459 2.7812553e-06 2.2545942e-06 0.0008328832 0.00017667272 5.6963577e-06 0.007996704 0.008543393 6.9333645e-09 0.0036556695 3.5795745e-07 0.00029198133 0.006220847 0.00027128946 0.0004125885 0.000506202 1.9154915e-05 8.114419e-05 3.782835e-06 0.0014024831 6.5394133e-06 3.9082074e-08
0.85081357 0.07702742 0.0505366 0.17258808 0.033987585 0.011865596 0.1345759 0.32029593 0.11005884 0.06483409 0.07706009 0.0007884616 0.051232986 0.9495211 0.00853847 3.3089276e-16 0.011947033 0.66266704 0.0020936315 0.01816387 0.31340116 0.74376494 0.0931954 0.2015492 0.47020465 0.0016001257 0.011921482 0.0036327946 0.0015724953 0.49621284 0.00090722693 0.0039048628 0.64621043 0.08328709 0.0017748259 0.0022789931 0.08156274 0.08424469 0.29158774 0.16038597 0.00094245496 0.0017934295 0.00023469955 0.011168717 0.00043737848 0.00018444331 0.00070720096 0.0006553405 0.00039342258 0.0005158886 0.004031384 0.0009816234 9.687748e-07 0.022484496 0.17258573 0.0010942437 0.07070881 1.2181074e-05 0.0017773878 1.2349604e-05 0.14563076 0.002843488 0.0002678301 0.03430882 6.360625e-05 0.035869464 0.0010288457 0.025545774 0.04586524 0.019470071 3.246558e-05 0.00207649 0.00078536116 0.00071322935 0.0005018272 8.837416e-05 2.345685e-05 0.0010200514 0.00017508883 0.0007977094 0.00024613264 0.00047971416 0.00065859593 1.5160884e-06 6.3411253e-06 0.0013158749 0.0025480986 2.4468413e-08 2.3785185e-06 0.00047891468 3.4610454e-07 0.00029330028 1.9266054e-06 6.968254e-05 0.008450542 7.017517e-05 0.00035382796 2.1403248e-06 0.00014985657 3.5124042e-06 8.549362e-08
0.9741158 0.004327822 0.0028865493 0.050056223 0.06804927 0.0004485145 0.18945995 0.001201386 0.30778176 0.6903865 0.8980076 0.00010771193 0.64013404 0.005755354 0.83731216 0.011947033 1.906874e-16 0.0006403748 3.338969e-05 0.031789534 0.00023188027 0.011072843 0.0669457 0.032867864 0.0592564 0.7058284 0.038400684 0.49381042 0.00060337165 0.028829353 0.15244418 0.05551306 0.0013089508 0.062285658 0.08040735 0.038506888 0.0075815315 0.012354476 0.00062521134 0.004672974 0.0031449308 8.159885e-05 0.007774442 0.028572345 0.0034706162 0.002952472 3.2491695e-05 7.9092846e-05 0.01617182 3.681679e-05 4.411245e-05 7.159215e-05 0.0017130291 9.797728e-05 0.0129498495 0.0044085747 0.0019526631 1.3283501e-07 0.0032693904 1.3091473e-07 0.0024082044 0.02685338 6.126845e-06 6.883512e-05 6.2982705e-05 0.003717506 0.0022513424 0.00028390254 0.00031436892 0.00075233384 4.8138895e-06 4.1109558e-07 0.005162405 6.651132e-07 0.0004199426 0.0032101015 0.00082428276 0.00025893783 0.0025313573 7.450962e-05 1.2649305e-05 1.2474972e-05 0.00038687253 1.332442e-05 4.1564385e-06 0.0038301297 0.0035156854 6.4234538e-09 0.00065112545 5.080353e-07 0.00013581774 0.0036332642 2.3239574e-05 8.2421306e-05 0.00086499867 5.2277405e-06 1.8242361e-05 8.169197e-07 0.001012192 3.395199e-06 1.5620795e-08
0.2515474 0.12301904 0.17827787 0.07631254 0.031425923 0.017696083 0.034339108 0.7996169 0.05775945 0.009124857 0.008873304 0.035911188 0.0153122675 0.8012698 0.003973899 0.66266704 0.0006403748 1.7587917e-18 0.16947627 0.021778153 0.96047413 0.4165579 0.036488935 0.02792605 0.035938594 0.0010600804 0.00860613 0.0009271824 0.027982555 0.013336676 0.000544106 0.00087158213 0.7643742 0.0017834671 5.3701562e-05 0.00038496428 0.005844137 0.0039625666 0.5141321 0.00505636 0.00019962448 0.0743929 0.00011278987 0.00058552274 0.0003136188 7.6069744e-05 0.006127302 0.0059308745 0.00014069401 0.015306682 0.06695171 0.00489918 8.735459e-08 0.069267824 0.0018200752 0.00041867615 0.0004451288 0.0020011265 0.005381959 0.0016795404 0.00053828955 0.00039273978 0.0014342715 0.013220232 0.0031650374 0.0003785161 1.7102026e-05 0.00019681167 0.00035051012 4.4313743e-05 0.00019381344 5.9983167e-06 0.0016502753 5.107458e-06 1.4902477e-05 0.0001873291 0.000103755 5.530701e-06 1.6204818e-05 0.0013738491 2.4982871e-06 5.2075525e-06 0.0014087304 2.4594598e-07 1.0858535e-05 0.0014935244 0.0016569578 2.4075794e-08 3.8637627e-06 3.125913e-06 1.9669037e-07 0.00020033738 1.1886735e-06 1.431701e-05 0.003713068 2.038826e-05 0.00020416053 8.959912e-06 0.0003695419 9.732414e-06 1.0137036e-08
0.8580578 0.033201974 0.08542336 0.0074917427 0.007475182 0.28484142 0.0035681897 0.34398958 0.0019474243 0.0018525865 0.0003350377 0.97708565 0.00027276014 0.007450564 0.0005237749 0.0020936315 3.338969e-05 0.16947627 1.8458234e-17 0.032943692 0.36345756 0.004190998 0.00041081206 0.0007790076 0.00059578364 0.00031992703 0.010496258 0.00010176683 0.20714355 0.00047795966 8.476527e-05 4.3787866e-05 0.018487638 0.00012657323 0.00021114368 0.0006784032 0.0001221442 6.285262e-05 0.031321995 0.00013444848 3.565946e-05 0.80578274 3.7263796e-06 2.9431685e-06 5.8082456e-05 1.383916e-05 0.15199672 0.1066632 0.00045559346 0.4135989 0.3699989 0.08619863 5.11613e-08 0.014329761 6.583325e-05 1.7796103e-05 4.5702473e-06 0.5063589 0.021135796 0.28453174 4.927164e-06 0.00068404654 0.07048537 0.00027128274 0.72047585 8.496894e-06 2.2355653e-07 2.6466107e-06 6.9113125e-06 5.517523e-07 0.03702822 6.781379e-08 0.0011348934 1.6961744e-08 3.5839694e-06 0.00042727392 3.5678866e-06 1.4591182e-06 2.4458886e-05 0.00050250336 7.85651e-07 1.8952426e-06 0.017387614 4.766021e-08 0.0010253118 0.008364022 0.028244834 0.00017870979 1.3655712e-06 7.932573e-07 1.6433656e-07 0.001055721 5.5397695e-06 3.129112e-05 0.02959618 6.412331e-06 9.456059e-05 3.0538392e-06 0.009119854 4.5008017e-07 5.4388125e-09
0.98031634 0.20586027 0.3266439 0.22492588 0.4912953 0.7075119 0.24143323 0.13703421 0.20814022 0.6383031 0.08701783 0.103399366 0.07649432 0.021890325 0.30780104 0.01816387 0.031789534 0.021778153 0.032943692 4.342203e-19 0.019155318 0.02458698 0.0077249063 0.026396459 0.020552559 0.13605376 0.88368183 0.063737854 0.5666348 0.012071716 0.010110242 0.017667467 0.0034745757 0.0050945817 0.08114288 0.20729858 0.0011311644 0.00079314504 0.0012247997 0.0008388026 0.0011732806 0.011045928 0.00019773259 8.4069936e-05 0.0012942842 0.00044005553 0.05430428 0.037071425 0.04160601 0.00091340864 0.0041915816 0.02757065 7.0066366e-05 0.00030825907 2.6423271e-05 8.2512386e-05 1.3111617e-05 0.00892624 0.7756909 0.0039901244 1.9551908e-05 0.1003441 0.008523495 3.918099e-05 0.013161873 1.0340833e-05 2.1663059e-06 1.797322e-06 8.1942635e-06 4.1821445e-06 0.0009443758 1.0315272e-07 0.0502479 3.3628325e-08 4.567121e-07 0.110633574 4.621252e-05 1.5480238e-06 0.010821217 0.0002794834 1.5668091e-06 1.1985027e-06 0.016879844 6.586933e-06 4.586999e-05 0.2363383 0.3018462 1.07484276e-07 0.0050937654 1.4870008e-07 0.00019543286 0.07824436 0.000111202215 9.1703376e-05 0.01976272 2.3385912e-05 5.242903e-06 4.973777e-07 0.07210071 2.046456e-07 1.5987031e-07
0.6832858 0.2074456 0.07764075 0.09337659 0.010227375 0.047528327 0.03173949 0.6061596 0.0070506525 0.014945502 0.0032829926 0.09420915 0.00056731596 0.533356 0.0012368204 0.31340116 0.00023188027 0.96047413 0.36345756 0.019155318 4.9618673e-18 0.042379215 0.0012945528 0.0048524183 0.0054144566 0.000188753 0.0051366226 8.431676e-05 0.026506536 0.0016230354 4.956405e-05 0.00024108514 0.7814117 0.00024427503 0.00015069122 0.00018010936 0.00059890747 0.00038358252 0.6388857 0.00041171414 4.2312506e-05 0.4759153 2.6039093e-06 1.1155831e-05 0.00011840236 2.9915798e-05 0.01245344 0.006408763 8.284111e-05 0.124641314 0.28134695 0.00619699 1.17748336e-08 0.20974915 0.00013840117 4.61238e-05 2.9651248e-05 0.0022941625 0.0040930025 0.0021372 1.6257385e-05 0.0006093579 0.0018753469 0.053064156 0.007951403 6.815983e-06 1.8552065e-06 1.3898255e-05 9.358879e-05 2.4928797e-06 0.0006088264 3.6964095e-05 0.0005601654 7.204243e-06 2.6200732e-06 0.00023508731 3.1006407e-06 2.2381969e-06 1.29824375e-05 0.008364788 5.725651e-07 1.4598196e-06 0.002917958 2.6864583e-08 0.00018731713 0.002969551 0.012977617 1.0811493e-06 6.609718e-06 3.4153366e-06 8.887912e-08 0.00036997208 2.4277192e-06 1.7563814e-05 0.033927772 1.994028e-06 8.161255e-05 1.6502547e-06 0.0006478278 2.5864966e-07 1.7663313e-08
0.7889823 0.012918858 0.05589133 0.034682237 0.042759497 0.0016449039 0.08229197 0.10501279 0.28563347 0.055834517 0.09883336 0.0008572288 0.34421757 0.6726256 0.034973286 0.74376494 0.011072843 0.4165579 0.004190998 0.02458698 0.042379215 2.7250455e-19 0.6970652 0.83959025 0.8910062 0.010292953 0.015394541 0.019192915 0.00089693884 0.74394304 0.013050166 0.04412341 0.44881403 0.36710018 0.005892299 0.0057779243 0.30711147 0.31428355 0.18219244 0.3727309 0.0020061834 0.00036877848 0.0035289405 0.16818595 0.002061666 0.0008154009 0.00041483823 0.0004201363 0.0011154508 0.00011227529 0.0032771523 0.00046963748 1.7988388e-05 0.005939122 0.19964784 0.01166974 0.04791832 1.0524477e-06 0.003563356 6.8450066e-07 0.053312212 0.004104541 1.5989624e-05 0.0058183973 3.6410372e-06 0.018902937 0.005385425 0.004738851 0.0065166657 0.0030482484 3.6196132e-06 4.36888e-05 0.002283602 1.1464797e-05 0.0005873908 0.00034985022 5.8842208e-05 0.00060280744 0.00020199608 0.0001633859 5.9615417e-05 0.00015840406 0.00031842792 3.993365e-07 2.668844e-06 0.0027170803 0.002712071 2.4649822e-09 1.585973e-05 2.5396474e-05 2.915841e-07 0.00087316375 4.030968e-06 4.9708517e-05 0.0022567252 1.2564471e-05 2.6580854e-05 3.1934493e-07 9.495143e-05 3.6862568e-07 1.3833531e-08
0.32135612 0.0010599798 0.0154003035 0.013173571 0.039403748 0.0008307695 0.050109345 0.0077493517 0.4559101 0.08017059 0.288693 0.000115796436 0.8577763 0.055885892 0.14001606 0.0931954 0.0669457 0.036488935 0.00041081206 0.0077249063 0.0012945528 0.6970652 1.3673499e-21 0.9125159 0.63565886 0.07973281 0.007466394 0.37064785 2.371627e-05 0.06971605 0.2773494 0.403585 0.015912637 0.33526567 0.015304559 0.015209974 0.08678648 0.11040059 0.0016440775 0.04558121 0.037940156 9.391644e-06 0.088628806 0.081782036 0.024514064 0.0153210545 8.0765654e-05 3.4904173e-05 0.005104819 1.0297241e-06 2.1327929e-05 6.464019e-05 0.0004142928 5.3104126e-05 0.0037047914 0.017345117 0.00017241857 1.9255887e-07 0.0010206688 3.3848337e-08 0.00015976843 0.008536592 8.8869416e-07 3.6489348e-06 7.42474e-08 0.00037431341 0.0014958727 2.7761141e-06 3.136158e-06 1.2376103e-06 1.7151906e-07 1.4473733e-07 0.0027765685 1.7249445e-07 6.370893e-06 0.00066925574 0.0028190908 5.3695444e-06 0.00068068923 9.2090653e-07 4.2469728e-07 4.4332975e-07 6.5022627e-06 8.877679e-06 1.696751e-07 0.00085617194 0.0005575892 3.6054721e-09 5.6278168e-05 6.895154e-07 2.3292462e-06 0.0005626869 1.2652138e-05 0.00011979315 4.2141233e-05 5.336639e-07 3.6915635e-06 1.493995e-06 1.9682755e-05 8.7951577e-07 6.0480426e-10
0.8961373 0.0031210312 0.011879495 0.02157518 0.015190448 0.0019074242 0.05410633 0.012407213 0.18153194 0.10599387 0.15373501 0.00038793476 0.56641674 0.13142134 0.08563509 0.2015492 0.032867864 0.02792605 0.0007790076 0.026396459 0.0048524183 0.83959025 0.9125159 4.6234144e-19 0.7568912 0.035216223 0.021213198 0.09014101 0.00039629466 0.36395293 0.054412615 0.18261467 0.06754387 0.5301671 0.045767356 0.024659999 0.19165833 0.22444871 0.011798898 0.18269128 0.014458703 0.0005217448 0.032004707 0.19314599 0.0077048056 0.0048880447 0.00056123594 0.00040614407 0.0096654715 9.895114e-05 0.00026409 0.00052563986 0.00054265215 0.0009825501 0.1247841 0.018887365 0.021467863 2.4411767e-07 0.00408623 2.0658709e-07 0.022160998 0.01638681 4.381161e-06 0.0017791421 7.2891303e-06 0.026440559 0.01508445 0.0017978795 0.0033426331 0.0040655117 2.492043e-06 2.6580905e-05 0.003899221 7.0072415e-06 0.0016865402 0.001050769 0.002001842 0.0012797655 0.0007041993 0.00012067801 0.00020751586 0.00015718679 0.00012486428 2.6832618e-05 2.2723334e-06 0.0031747292 0.0029501952 1.1917177e-08 0.00019785765 0.00011944428 5.2477358e-06 0.0020032078 6.112165e-05 0.00050621666 0.0009229865 2.4877796e-05 2.7265103e-05 2.1306978e-06 4.1098545e-05 3.233884e-06 2.3050706e-08
0.93906206 0.006079483 0.0059508095 0.047971956 0.016731482 0.002367528 0.106535435 0.010833045 0.11636446 0.16885862 0.17327444 0.00036815615 0.3015194 0.24700561 0.06223333 0.47020465 0.0592564 0.035938594 0.00059578364 0.020552559 0.0054144566 0.8910062 0.63565886 0.7568912 1.4287876e-16 0.012128964 0.014981371 0.0570426 0.00027743093 0.7544163 0.02886834 0.12073057 0.18489605 0.70385367 0.025496157 0.01331772 0.4770058 0.5230056 0.048067573 0.61951584 0.009037548 0.0008470798 0.0130317025 0.42634284 0.0057027745 0.002284371 0.00092426495 0.0005958476 0.0041615595 0.00026162955 0.0004466682 0.00079933106 0.00017031933 0.0032076428 0.5684417 0.015188818 0.29208526 3.3343645e-07 0.0024861493 3.0061852e-07 0.28958717 0.013801572 2.23766e-05 0.009673789 1.1119187e-05 0.27460238 0.033458706 0.032420985 0.04682998 0.057435874 7.9491465e-06 0.0006023629 0.0026234114 0.0005378365 0.017549584 0.0005988209 0.0006138646 0.0092352405 0.0006571279 0.00059279683 0.0014852803 0.0020827244 0.0003725541 2.1574726e-05 1.3273018e-05 0.0022014112 0.00329607 1.5743971e-08 0.0001236952 0.004497634 1.5240092e-06 0.0016241882 1.0498389e-05 0.00038715548 0.0053793164 0.00027645347 0.00022276369 2.4378137e-06 8.8907225e-05 3.6324257e-06 3.1141732e-07
0.9411136 0.0032401988 0.0059345015 0.021185197 0.1156294 0.0018776776 0.05984744 0.0018507844 0.17812131 0.5553253 0.2048386 0.00038834527 0.51042783 0.0008556218 0.7907309 0.0016001257 0.7058284 0.0010600804 0.00031992703 0.13605376 0.000188753 0.010292953 0.07973281 0.035216223 0.012128964 3.3482338e-19 0.5080258 0.7261196 0.00049493485 0.0029488506 0.47717187 0.17694892 6.147721e-05 0.015334093 0.7829931 0.80345905 0.0019224889 0.0022463826 6.244075e-05 0.00018787642 0.018066702 2.6105869e-05 0.014367222 0.0017060708 0.022676118 0.01795501 0.00013305925 0.00025551725 0.5841891 5.998306e-06 3.188915e-05 0.00014713408 0.011225131 1.2858737e-05 2.1582215e-05 0.0021234977 1.9571876e-06 1.4441675e-05 0.055721544 5.6677786e-06 1.1311929e-06 0.21973385 4.0786184e-05 2.9976712e-07 1.9641371e-05 1.915662e-06 0.00010370842 2.0642855e-07 3.4248097e-07 3.1992258e-07 5.5691526e-06 1.3363009e-08 0.12818442 2.4236302e-09 1.3646151e-07 0.037918236 0.005154178 5.957092e-07 0.025729356 3.393174e-05 1.6612883e-07 1.408991e-07 0.00034389427 0.00015008627 2.8672503e-07 0.02711893 0.014560102 3.413078e-09 0.045062546 9.172546e-08 0.0036096494 0.02105337 0.0012197768 0.0047072265 3.993765e-05 4.4682938e-07 3.5524145e-06 1.1027144e-05 0.0007525215 2.1285054e-05 1.9740491e-10
0.977284 0.02984494 0.1035457 0.049684927 0.1941307 0.21721295 0.07906403 0.04043155 0.11939624 0.46594107 0.07925886 0.025478246 0.095630996 0.0121571915 0.4517032 0.011921482 0.038400684 0.00860613 0.010496258 0.88368183 0.0051366226 0.015394541 0.007466394 0.021213198 0.014981371 0.5080258 6.957002e-19 0.09643328 0.21137753 0.0058659 0.013939265 0.025137076 0.0024324935 0.0047705984 0.12217263 0.2573024 0.002553134 0.002029247 0.0008917343 0.0008488634 0.0030953523 0.0029694957 0.0012018896 0.00079007924 0.0048743007 0.0011899424 0.00792326 0.008227524 0.093447246 0.00039890394 0.0017778699 0.0066638533 0.00055743003 0.00013985283 5.80762e-05 0.0003305359 9.721797e-05 0.0042794496 0.5533833 0.0013761282 0.00011191898 0.11498335 0.0031978716 7.413028e-05 0.0027743434 6.387815e-05 3.4580236e-05 3.0034833e-05 7.781904e-05 3.755196e-05 0.00020348484 1.3324127e-07 0.10295279 2.040628e-06 1.48636145e-05 0.15576822 0.00027628214 1.5036412e-05 0.021028379 0.00024484034 1.6421014e-05 1.3264033e-05 0.0037116965 0.00012462742 1.7201264e-05 0.1643396 0.13622054 1.46088075e-08 0.009506923 2.0717493e-06 0.0009283883 0.07326422 0.00024973584 0.00022722752 0.0035556974 0.00025820005 3.8849583e-05 4.7970475e-06 0.018334148 3.2009668e-06 4.308908e-06
0.93997604 0.00096881686 0.0012007961 0.009888464 0.011891737 0.00065782823 0.034335315 0.00035631264 0.11472286 0.35267407 0.29815808 0.00017460542 0.8064952 0.0012847633 0.72405094 0.0036327946 0.49381042 0.0009271824 0.00010176683 0.063737854 8.431676e-05 0.019192915 0.37064785 0.09014101 0.0570426 0.7261196 0.09643328 3.2343085e-18 0.00025968987 0.014485781 0.936155 0.6767435 0.00095020776 0.12791455 0.4237179 0.2302901 0.014052198 0.022063917 0.0002712077 0.0025203812 0.080075376 4.5303414e-06 0.14046113 0.04237367 0.14151962 0.11652945 3.631052e-05 0.00012406675 0.125841 1.4840094e-06 2.700977e-05 3.96602e-05 0.08968428 1.9052088e-05 0.0017639925 0.015510164 0.00020495373 1.2727868e-06 0.008813778 1.6825646e-07 0.00011154783 0.12394819 1.3204121e-05 3.7795319e-06 2.4272285e-06 0.0006959058 0.0038111974 1.7784471e-06 4.258757e-06 3.0558083e-06 1.1283064e-06 5.8380362e-08 0.02339811 3.710393e-08 4.3168813e-05 0.0100417435 0.008444604 2.8424425e-05 0.00792151 6.967536e-05 9.0519427e-07 5.945332e-07 0.00021416193 0.0008317227 2.4579251e-06 0.006595281 0.0035633286 4.405081e-09 0.006866089 5.5879894e-07 0.0010735607 0.010454459 0.0022810893 0.0056734574 0.00033575998 1.9516372e-06 2.3378821e-05 1.2357734e-05 0.0001948368 0.00024174614 7.2533095e-09
0.98369944 0.03952819 0.1469475 0.019742811 0.0440019 0.75371295 0.0072952397 0.19780831 0.0031871137 0.018568788 0.0031754924 0.82552767 0.00041951588 0.0037841883 0.0041859294 0.0015724953 0.00060337165 0.027982555 0.20714355 0.5666348 0.026506536 0.00089693884 2.371627e-05 0.00039629466 0.00027743093 0.00049493485 0.21137753 0.00025968987 2.2961458e-19 0.00019606382 3.39299e-05 3.4132023e-05 0.003071629 8.195808e-05 0.0008068101 0.0045501445 2.1095499e-05 1.2251512e-05 0.0011303702 8.274923e-06 2.1799333e-05 0.064006455 4.0252152e-07 7.0647553e-07 1.774995e-05 5.805753e-07 0.78678954 0.72374403 0.001337073 0.006351336 0.019338157 0.6082515 3.104345e-08 0.00037692697 1.9272156e-06 2.555405e-07 8.4273023e-07 0.38508987 0.71607083 0.25403753 7.492782e-07 0.004148157 0.1769481 1.8977656e-06 0.19138752 7.481935e-07 6.797343e-07 3.8812178e-07 1.3064665e-06 1.1248233e-06 0.0063690287 2.649292e-08 0.0036345778 1.7936541e-08 1.6411438e-08 0.0066490876 1.2579045e-06 2.083797e-06 0.00024108721 0.0004005477 1.2108449e-06 1.0120577e-06 0.13237198 2.5060757e-08 4.250368e-05 0.21305065 0.65835696 1.6306926e-06 5.126536e-07 2.0242756e-07 1.0152477e-08 0.013065744 8.989657e-09 1.4740449e-07 0.080974475 1.3014476e-06 2.3223545e-06 2.4243332e-07 0.2897474 1.1245858e-07 9.532745e-10
0.9424193 0.0021978777 0.0006345956 0.007981584 0.0012774816 0.004991236 0.043808736 0.0016324006 0.015527843 0.11202526 0.065240875 0.00026041057 0.051140275 0.24652433 0.031257145 0.49621284 0.028829353 0.013336676 0.00047795966 0.012071716 0.0016230354 0.74394304 0.06971605 0.36395293 0.7544163 0.0029488506 0.0058659 0.014485781 0.00019606382 5.9916914e-17 0.005465581 0.041258086 0.13346986 0.43997765 0.02883083 0.0065597957 0.5464445 0.54299563 0.030230556 0.81326616 0.0038619558 0.00012383565 0.0014773614 0.33776826 0.0039527444 0.00036824867 0.0003725491 0.0004939741 0.0028971466 3.8102233e-05 0.00015856927 0.0011340765 3.2750184e-05 0.0017725945 0.64685524 0.0050650714 0.5733519 2.1328313e-07 0.0014849347 2.2676043e-07 0.56600356 0.017727325 1.9406563e-05 0.018427454 1.764762e-06 0.49432462 0.029155396 0.119089544 0.1821216 0.24713983 1.5261662e-06 0.0018182545 0.002349796 0.0033277716 0.036375333 0.00061863376 7.777549e-05 0.020293368 0.0010776623 0.00014223481 0.007934269 0.007728709 0.0006162781 3.1665634e-06 1.3186988e-06 0.0022380434 0.0020329352 8.487955e-09 2.1858414e-05 0.00388294 6.352798e-07 0.0015101334 8.400869e-07 0.00015005721 0.0075430237 0.00011855399 8.5881584e-05 8.2886135e-07 0.00012119539 4.671646e-06 7.1115943e-07
0.91409177 0.00016483264 0.00013838123 0.00052714767 0.00047514896 0.00011847024 0.0035730456 3.173303e-05 0.005969262 0.074503034 0.05846853 8.1246006e-05 0.32010007 0.00023037789 0.34892577 0.00090722693 0.15244418 0.000544106 8.476527e-05 0.010110242 4.956405e-05 0.013050166 0.2773494 0.054412615 0.02886834 0.47717187 0.013939265 0.936155 3.39299e-05 0.005465581 2.2566873e-19 0.93585217 0.0004509307 0.16499406 0.37399587 0.12956898 0.018058449 0.030298946 0.00010689848 0.002228214 0.31161293 3.8001275e-07 0.5394791 0.10836586 0.5971377 0.5338392 4.633202e-07 4.569759e-06 0.11117253 3.73073e-07 6.1531373e-06 1.7446479e-06 0.424883 1.2441764e-05 0.002350296 0.07334587 0.00015068 7.74576e-08 0.002643479 8.071044e-09 0.000110605055 0.1118051 2.5531751e-06 1.332294e-06 1.9961352e-07 0.0013460994 0.013042028 7.26607e-07 1.972425e-06 8.239592e-07 1.0606865e-07 1.7815502e-08 0.020521956 5.068238e-08 0.00028784166 0.0045762183 0.06785951 0.00020168329 0.011620526 3.4752946e-05 1.7095333e-06 1.3578781e-06 1.4632701e-05 0.0017749493 5.8624033e-07 0.0022495098 0.0017309935 3.0484837e-09 0.009859255 2.780999e-07 0.0019959346 0.00511873 0.00432833 0.012387014 3.8497437e-05 6.3681387e-07 2.5034831e-05 3.6474234e-05 4.391211e-05 0.00055445585 2.323153e-09
