6.926474e-33 0.5358186 0.3072756 0.78255427 0.48576027 0.90622395 0.70494765 0.9171416 0.9794442 0.9780966 0.9269108 0.42081308 0.2025631 0.68347776 0.2835286 0.006042927 0.048194278 0.0050851037 0.6181742 0.635891 0.5247654 0.013915916 0.050249957 0.98449844 0.15580547 0.0044082827 0.9932533 0.45240366 0.32648084 0.93043643 0.23758096 0.009944237 0.5286938 0.08544721 0.017712377 0.44758576 0.0023209166 0.9972808 0.39755684 0.017420253 0.9737501 0.16401683 0.9304477 0.0037720224 0.9131808 0.7702178 0.9806626 0.045611273 0.5781356 0.0011146691 0.034067288 0.0028781076 0.41008496 0.020812446 0.7951763 0.000236467 0.8873062 0.28022042 0.34910285 0.20353277 0.06348597 0.0018861894 0.00082037767 0.0003139932 0.9952407 0.99958754 0.9057003 0.046965525 3.0955547e-05 0.46486455 0.00021905357 0.0021052952 0.9988896 0.99238616 0.00018692418 0.0006456682 1.505109e-05 0.10854907 0.99771523 5.1333907e-05 0.9878413 1.3431e-05 0.9752487 0.99874455 5.9533577e-06 8.862157e-06 5.596674e-06 0.92016304 6.6730427e-06 0.9916882 1.2515015e-06 5.188102e-06 0.008218377 0.8967309 2.7566191e-05 0.24104781 0.9997746 1.2098543e-08 0.9999126 0.9987176 0.94184697
0.5358186 1.6476877e-18 0.575397 0.23395957 0.5128573 0.29822496 0.924742 0.16130285 0.056048285 0.08188519 0.062263966 0.33445585 0.08294058 0.051397786 0.04941141 0.027352456 0.07877928 0.02851011 0.0004953938 0.08516745 0.062411282 0.0028885086 0.007556661 0.034101434 0.0020507006 0.0017921079 0.08484942 0.058094665 0.0008820593 0.016377538 0.002744121 0.009315128 0.0017672372 0.0033716043 0.0312538 0.002381485 0.00454134 0.3256412 0.0009978041 0.0011556008 0.03544286 0.0006575686 0.022705892 0.0017081164 0.0019153289 0.00040320333 0.049924158 0.00030036885 0.0007018095 0.00075112015 0.00022733783 9.617556e-05 0.00076992414 0.00017419561 0.00032350473 0.00092552725 0.00045523688 0.0061331564 0.00012531737 0.0010402682 0.0024973 0.000152527 0.0001626594 0.0023006427 0.11748906 0.15713139 7.296951e-07 3.1032367e-05 0.00015616733 0.00019698519 6.0014067e-06 2.037848e-05 0.11827699 0.080482036 2.8076853e-05 4.197151e-06 0.001086955 0.0001820325 0.05751566 1.9728703e-05 0.0036421972 0.0007437873 0.0014799653 0.037456125 9.908907e-06 3.856192e-05 1.1366946e-05 1.5473115e-05 1.42917725e-05 0.00040145312 0.00019945568 8.391457e-06 0.00021121115 0.012981361 7.711259e-06 0.0005155569 0.09817381 7.700834e-05 0.10638684 0.024364062 0.01763603
0.3072756 0.575397 3.047125e-19 0.08129898 0.32974437 0.17282145 0.98030376 0.10009316 0.05037917 0.022721572 0.008127279 0.2603611 0.018817045 0.007562976 0.0125150345 0.010505627 0.026168728 0.009141053 0.00010257977 0.08067607 0.09101529 0.00031289257 0.00040728948 0.008343138 0.00013718852 0.0003694695 0.18789916 0.0022958198 2.0602578e-05 0.0018710505 0.00019044269 0.0037246249 4.5752382e-05 0.00048486926 0.022566933 0.0005900208 0.0044830395 0.1586252 0.00020401747 0.00011556343 0.003743195 0.00013499966 0.053760994 0.0016792081 0.00021837131 1.8204735e-05 0.05248275 2.1126463e-05 3.0824893e-05 0.00020564035 1.7223441e-05 6.608449e-05 3.5953093e-05 1.3254954e-05 7.5809926e-06 0.0005955888 4.031708e-05 0.0074824826 2.0306145e-06 3.7100133e-05 0.0042233714 3.1796106e-05 1.7825863e-05 0.000259599 0.06285011 0.12909353 5.492336e-08 1.243967e-06 6.2798367e-06 1.2063192e-05 4.1144503e-07 2.3816541e-07 0.021491965 0.029728485 3.956755e-06 1.4327418e-07 7.444704e-05 3.693865e-07 0.025472505 7.6166066e-07 0.00024621552 3.289464e-05 6.5420056e-05 0.021803016 7.066096e-07 0.00010808494 3.5297225e-07 1.265658e-07 1.1030241e-06 4.908704e-06 1.6045808e-05 1.6999289e-07 5.2623045e-06 0.009532193 1.1244013e-07 6.8782324e-06 0.015669266 1.1666813e-06 0.014226514 0.0013713064 0.012756858
0.78255427 0.23395957 0.08129898 4.376209e-19 0.49737114 0.48862895 0.017103946 0.23960575 0.95215076 0.3089638 0.2956191 0.19182579 0.2007091 0.1775924 0.09697405 0.033929482 0.15792151 0.023601612 0.004466729 0.025159908 0.009949127 0.01664462 0.044300605 0.17087369 0.013140088 0.0074528945 0.019785669 0.2676119 0.007617458 0.08251226 0.0142595 0.013899887 0.017579854 0.016538449 0.027461035 0.020281184 0.0033482932 0.29027563 0.0050621373 0.005181271 0.115142845 0.0023288243 0.0048240144 0.0021273145 0.033044238 0.0021229852 0.019274157 0.0009811685 0.0069798096 0.0007447228 0.00079740665 0.00024957702 0.0050183027 0.00050195766 0.0010631197 0.0008131779 0.0032944405 0.004630475 0.00019926309 0.0022541804 0.0025808506 0.0001392141 9.661875e-05 0.0017425336 0.06002681 0.12678313 3.6915724e-05 8.7053006e-05 5.7320765e-05 0.0006370985 1.7131663e-06 4.5834924e-05 0.34416166 0.033742037 1.8845845e-05 1.2153759e-05 0.00041556003 0.0006241274 0.03978423 6.19027e-06 0.0150516 0.0003381435 0.0027836778 0.04960792 1.4777758e-06 2.7458445e-06 8.234844e-06 0.00017149613 1.7973554e-05 0.0014634564 7.875069e-05 3.8025308e-07 0.00030375767 0.005974231 1.928579e-05 0.00063400826 0.10945403 1.3975423e-05 0.11463378 0.14482632 0.008909142
0.48576027 0.5128573 0.32974437 0.49737114 4.1378684e-16 0.8523692 0.17923152 0.57436985 0.15866014 0.11856405 0.16223246 0.8581653 0.29161334 0.06378172 0.24038698 0.37932098 0.4784749 0.36930028 0.0020112244 0.1498824 0.3054622 0.017157989 0.019501312 0.07731647 0.00443211 0.03054042 0.13828002 0.03439475 0.0012233328 0.013698575 0.0022526644 0.18792635 0.0014205776 0.013308756 0.36720634 0.0020545307 0.21757835 0.36905578 0.0015852436 0.0025870088 0.035643805 0.00022156682 0.034185167 0.10332556 0.0034319283 6.964214e-05 0.06968262 0.0001825901 0.00077776046 0.015533514 6.446117e-05 0.00038743543 0.00020383543 8.959727e-05 2.5683148e-05 0.006480772 0.0003181987 0.01458712 5.081887e-06 3.6721973e-05 0.005707204 0.000116881616 0.00017475119 0.009370798 0.039460625 0.19626944 1.8495554e-06 5.1763713e-05 0.00033503197 0.00011548642 9.6648755e-06 1.1866807e-05 0.074130096 0.02029742 1.5214832e-05 3.309019e-05 0.0041867634 0.0002782452 0.015175794 7.31915e-05 0.0012091366 0.0010518233 0.00064162153 0.016708147 6.3013194e-06 0.00027950498 2.0297077e-05 1.4414569e-05 4.728219e-06 0.00033093742 0.00038703528 3.4849058e-05 1.4586555e-05 0.017264416 5.9998847e-06 4.510952e-05 0.09919388 4.494484e-05 0.073476 0.0058552297 0.018007975
0.90622395 0.29822496 0.17282145 0.48862895 0.8523692 3.994926e-15 0.012054091 0.8483366 0.25868115 0.26439434 0.40518615 0.24434084 0.72972447 0.15968932 0.52408224 0.477476 0.40154445 0.41930994 0.010773926 0.006644549 0.0067215716 0.05593001 0.09527267 0.21260087 0.035069514 0.07107255 0.024072777 0.044099234 0.010656005 0.02889974 0.011198154 0.18932837 0.005149105 0.043174986 0.13762811 0.009661568 0.010522959 0.1873315 0.009550966 0.014390685 0.09086236 0.0016042037 0.003915701 0.080924004 0.004978196 0.00096585363 0.004245827 0.0035718107 0.00067795045 0.027410107 0.0006699675 0.0037266733 0.0003620993 0.00041695463 0.000109332104 0.0016738129 0.0006897496 0.002617898 6.9549055e-06 0.00018012756 0.0013960258 0.0006849718 0.00060122367 0.0124507435 0.01461327 0.14489274 4.3601554e-05 8.8780136e-05 0.00029380422 0.00010561711 1.4385262e-05 6.3353045e-06 0.07301743 0.012972438 5.6848825e-05 4.8573347e-06 0.003810318 5.815995e-05 0.015638141 6.153809e-05 0.0017609359 0.0011102811 0.0005152952 0.013043416 3.95834e-06 2.091098e-05 1.0024332e-05 1.9683897e-05 1.8210048e-05 0.00058696826 0.0003818794 0.00038231286 0.00017876859 0.0032235922 5.2844675e-06 9.551588e-05 0.08771759 1.284697e-05 0.07122499 0.015330327 0.0032574225
0.70494765 0.924742 0.98030376 0.017103946 0.17923152 0.012054091 2.0693208e-19 0.0055981264 0.026322769 0.00028572153 0.00019473981 0.09293211 0.00033617715 0.00010117394 7.542056e-05 0.00018802339 0.0008016201 0.00016416716 1.3805393e-06 0.00800992 0.008631256 1.3597441e-06 6.553123e-06 0.00015113105 1.7288979e-06 2.3488649e-06 0.1766328 6.5559734e-06 3.4526587e-07 3.8700946e-06 1.7659557e-06 7.9623605e-05 6.033241e-07 5.3366366e-06 0.00036023915 2.2430258e-06 0.00051730254 0.26282072 4.9793636e-07 1.4956188e-06 4.5348002e-05 9.558057e-07 0.0025382566 1.9472003e-05 1.8046112e-06 8.966886e-08 0.0052822735 1.7461e-07 7.260511e-08 3.9320257e-06 1.282441e-07 1.7652039e-07 2.8117352e-08 2.6772474e-07 4.0307214e-08 1.8849998e-05 1.346835e-07 0.0005726673 1.814825e-08 9.451176e-08 0.00024740063 2.146892e-07 3.2495444e-07 3.218594e-05 0.030775823 0.18522516 1.1563811e-09 5.5333618e-09 6.700047e-08 4.657124e-07 3.4998084e-08 4.3692254e-09 0.00395203 0.026864553 1.921024e-08 6.4675763e-09 1.5823254e-06 6.523103e-09 0.017391942 2.1330091e-08 3.0936376e-06 1.4958677e-07 1.8903373e-07 0.017075472 8.920328e-09 2.1336646e-06 6.9484978e-09 5.9087544e-09 4.449711e-09 4.8585946e-08 1.4190779e-07 3.3147196e-09 5.5837564e-08 0.0018888706 4.6271964e-09 2.9084019e-08 0.015416007 1.0594424e-08 0.014137101 0.000103141465 0.004989894
0.9171416 0.16130285 0.10009316 0.23960575 0.57436985 0.8483366 0.0055981264 8.01743e-14 0.22212881 0.29711622 0.50301546 0.170453 0.7042698 0.14502898 0.74199367 0.46806937 0.4659556 0.35901806 0.062915236 0.003440396 0.003243034 0.06309311 0.26582867 0.13903534 0.1916495 0.12590918 0.020345733 0.049437925 0.066117115 0.044693116 0.04724529 0.26491928 0.036798872 0.2356899 0.14480008 0.020619135 0.0067806398 0.08739438 0.08038473 0.075384624 0.05622758 0.023150697 0.0018396453 0.15398762 0.011441147 0.004553003 0.0026721093 0.062539116 0.00558437 0.09133368 0.004642719 0.050442398 0.0031044073 0.005583568 0.0008016308 0.0038123173 0.0054074153 0.0006579431 0.0004195309 0.0025102394 0.00052685186 0.005760153 0.0068767313 0.010727584 0.011294116 0.045580734 8.653361e-05 7.7659715e-05 0.002093934 0.0021036726 4.848239e-05 0.00014507334 0.06390628 0.013056572 0.0007080816 0.00020374994 0.012121581 0.00018766116 0.019681152 0.00018420636 0.0029636377 0.0048487615 0.0015990983 0.017833957 5.5298493e-05 0.0002169604 0.000115455034 0.00022892735 0.000243533 0.0015017245 0.0023219497 0.004597007 0.00023859361 0.0022586058 0.00022248091 3.4385623e-05 0.07300178 0.0003133587 0.052733637 0.008098293 0.0029488748
0.9794442 0.056048285 0.05037917 0.95215076 0.15866014 0.25868115 0.026322769 0.22212881 1.8867574e-10 0.34411046 0.086112455 0.022603534 0.06447069 0.076318786 0.038652852 0.015220914 0.023424823 0.0079494165 0.0018690913 0.00073897804 0.0012681604 0.003129709 0.005235891 0.07342404 0.0047100065 0.0019467539 0.0058094286 0.0059101847 0.0022290703 0.005603839 0.002148875 0.002632224 0.0012204831 0.0025848153 0.0018865275 0.0018253848 9.3028095e-05 0.058622736 0.0022027523 0.00093108474 0.013488006 0.001026108 0.00045108638 0.0028440235 0.00074619084 0.0006869475 0.0008067127 0.0006818474 0.00012310219 0.0010490434 8.1105805e-05 9.142263e-05 9.220438e-05 4.3372507e-05 0.000101906495 4.7878607e-06 0.00017034874 0.00027357502 1.3363844e-05 5.8685855e-05 4.921958e-05 3.665039e-05 1.6143582e-05 2.7901322e-05 0.022788426 0.10380302 8.10356e-07 1.671557e-06 5.3380363e-06 6.678482e-05 3.0430607e-07 3.4579207e-07 0.10981189 0.024015693 1.0544159e-06 1.7307941e-07 8.342942e-06 2.943867e-06 0.03791596 4.5037814e-07 0.0011369587 7.5397147e-06 0.00011597768 0.04336602 5.6510743e-08 1.2091849e-07 1.7737527e-07 5.1308325e-06 2.1576227e-07 5.6079025e-05 3.9822203e-06 7.199628e-08 3.6401102e-06 0.0010120597 1.4839678e-07 8.192529e-06 0.041280936 8.010408e-08 0.040337518 0.0136784315 0.0031440957
0.9780966 0.08188519 0.022721572 0.3089638 0.11856405 0.26439434 0.00028572153 0.29711622 0.34411046 1.1754288e-14 0.7011328 0.007932933 0.22949241 0.8782853 0.20969246 0.06251237 0.068779655 0.04418207 0.023863101 0.0014714018 0.0007536573 0.05811316 0.07265704 0.46240386 0.051563267 0.023368433 0.0011892501 0.09088445 0.030124804 0.09913056 0.030797167 0.015932498 0.028547384 0.03496576 0.007295644 0.033532113 0.00080815813 0.051194195 0.022171285 0.014189659 0.11002499 0.008603512 0.00036843395 0.011361158 0.018727304 0.0047653033 0.0014471281 0.0039373995 0.0091993585 0.0030506826 0.001187607 0.00060579786 0.005198696 0.00059554935 0.001957217 5.259778e-05 0.010123083 0.00044420667 0.00040308895 0.003464981 0.00025228306 0.0005709367 6.529408e-05 0.002246957 0.014612412 0.05074472 2.8131877e-05 5.9345803e-05 2.9998908e-05 0.0010308508 2.042651e-06 1.2677746e-05 0.20340914 0.014340951 1.2232483e-05 6.2545394e-07 0.00023792469 0.00014452155 0.027827652 4.320594e-06 0.024969283 5.1194325e-05 0.0028803786 0.027529787 2.8150097e-07 6.7360794e-08 1.4937842e-06 0.00011309189 3.53161e-06 0.0022289567 2.206181e-05 2.4768628e-06 0.00024991666 0.0017882888 2.1265525e-06 0.00021677175 0.0641012 5.612265e-06 0.06455974 0.113787934 0.0015372543
0.9269108 0.062263966 0.008127279 0.2956191 0.16223246 0.40518615 0.00019473981 0.50301546 0.086112455 0.7011328 2.3940484e-15 0.004506796 0.7116945 0.46488264 0.53409445 0.22667374 0.11795525 0.14189658 0.32192644 0.00060278847 0.0013530791 0.37614134 0.49198583 0.24042371 0.40806645 0.1575594 0.00067520724 0.19219248 0.15807687 0.08909326 0.17001332 0.041527424 0.13362192 0.1796355 0.010742761 0.10692573 0.0014294471 0.009587154 0.04657724 0.037195817 0.104199015 0.01288104 0.00047142504 0.032720648 0.027498957 0.006408455 0.00017978004 0.005389918 0.006119821 0.009176966 0.0022560332 0.0018483714 0.0054892576 0.0020588543 0.0016035583 0.0002339288 0.0045929905 0.0005174673 0.0004892636 0.0028806573 0.0005259643 0.0020839027 0.0002746976 0.0008857113 0.0017423127 0.00852026 4.8803915e-05 0.00012752559 0.00016427961 0.00067452696 2.9771105e-05 1.163119e-05 0.05968386 0.0022049444 3.26621e-05 3.588932e-06 0.0005410727 0.00015539286 0.006059273 1.0536925e-05 0.010549455 0.000114770446 0.0012489192 0.008044108 7.3376344e-07 9.415964e-08 4.134162e-06 8.1299106e-05 5.989491e-06 0.0011237566 5.086413e-05 7.941781e-06 0.0002965887 0.001697407 4.2501556e-06 0.00020989671 0.009416734 1.9786555e-06 0.010572702 0.023486221 0.00070348376
0.42081308 0.33445585 0.2603611 0.19182579 0.8581653 0.24434084 0.09293211 0.170453 0.022603534 0.007932933 0.004506796 4.4573474e-20 0.014828863 0.006286803 0.012997546 0.15314431 0.21328546 0.21124785 7.7676385e-05 0.42476252 0.78371173 2.9891244e-05 0.00017993596 0.004472093 8.729265e-06 0.0003792888 0.42373663 0.0006143433 2.1008314e-06 0.00014108622 2.5037516e-06 0.17774214 2.3596037e-06 2.3541652e-05 0.5714487 1.0038476e-06 0.851678 0.31532052 4.6348396e-06 3.2133114e-06 0.0003665556 4.4984802e-07 0.16016355 0.052659657 1.8015204e-05 5.3995046e-07 0.19099799 7.140783e-07 1.6099586e-06 0.00030849464 5.159186e-07 2.060115e-06 3.393608e-05 8.477295e-07 7.0772103e-07 0.15407585 2.6691862e-07 0.036124952 9.083978e-08 2.4483659e-06 0.04911284 2.678822e-06 2.647431e-06 0.06433834 0.045416452 0.06807653 5.278662e-09 1.4802545e-07 2.4587691e-06 3.2878424e-07 9.7753606e-08 2.1231166e-07 0.008414093 0.02784897 7.19378e-08 2.309009e-08 0.0029511265 3.4225928e-07 0.0065302844 2.782137e-07 1.0783804e-06 1.2945878e-05 3.521982e-07 0.003997788 4.8515755e-08 0.077090785 7.0495155e-08 1.9901192e-07 1.3082867e-08 1.1391981e-07 3.1204834e-06 1.2461469e-06 6.795716e-07 0.04795258 9.748488e-09 1.4890209e-06 0.02658203 0.00022600149 0.026087813 0.00023919602 0.046937414
0.2025631 0.08294058 0.018817045 0.2007091 0.29161334 0.72972447 0.00033617715 0.7042698 0.06447069 0.22949241 0.7116945 0.014828863 1.0411898e-21 0.16221552 0.8809208 0.49746445 0.28645006 0.2941032 0.02857084 0.00093912013 0.00048595358 0.15196794 0.5616221 0.0956355 0.14955801 0.28371084 0.003256871 0.06710889 0.036723323 0.06116111 0.034786496 0.114220716 0.027712336 0.20795877 0.03919558 0.017132122 0.0012186822 0.010159985 0.014312976 0.03646224 0.043568145 0.001770108 0.00040129598 0.11061852 0.0073955907 0.0006183105 5.80277e-05 0.00329748 0.0020545078 0.05759811 0.0001810707 0.00094693527 0.0009894936 0.00025339393 5.9164013e-05 7.861937e-05 0.002335097 0.00010186792 7.195036e-06 0.00016958333 4.722503e-05 0.00021318605 0.0003641763 0.0017008933 0.00012426947 0.0019171325 1.9227242e-05 6.3851203e-06 4.0950345e-05 0.00020545491 8.8014247e-07 1.5804899e-06 0.013603538 6.243241e-05 1.0263368e-06 1.9533549e-07 0.00078105443 1.17051e-05 0.0001401018 1.8224492e-06 0.0018763774 8.066743e-05 0.00063103734 0.00063600246 9.8741154e-08 3.046817e-08 2.765493e-07 2.100586e-05 2.5432706e-07 0.00033400633 1.1300138e-05 4.242293e-05 1.222151e-05 0.0005039193 2.6996815e-07 2.8454315e-05 0.005555616 1.15539336e-07 0.0040912265 0.0059122783 0.00018691919
0.68347776 0.051397786 0.007562976 0.1775924 0.06378172 0.15968932 0.00010117394 0.14502898 0.076318786 0.8782853 0.46488264 0.006286803 0.16221552 4.1879795e-19 0.057790473 0.027512113 0.032950908 0.007078407 0.039970253 0.0027925242 0.0017358123 0.08929003 0.093507975 0.8685035 0.035758827 0.017750982 0.0012883128 0.5962207 0.027753757 0.37315404 0.05886617 0.0012594992 0.05430079 0.026645372 0.00096323254 0.060651302 0.0019844472 0.018526806 0.00927239 0.006760326 0.6220463 0.009255886 0.0006475317 0.00064080337 0.1108485 0.008655442 0.0016282841 0.0014382841 0.03371758 0.0007378689 0.0020903237 4.920081e-05 0.028828342 0.0009078241 0.00360678 0.00016717803 0.029939286 0.0011427396 0.0023523632 0.017174425 0.0007164464 0.00038100887 5.301562e-05 0.00026873607 0.005211685 0.012260121 0.0003086297 1.8474408e-05 1.91954e-05 0.010459475 4.477286e-07 4.2095202e-05 0.36216635 0.0048669036 7.626444e-06 8.7429066e-07 5.138965e-05 0.0007376832 0.017125309 1.0570407e-06 0.13353936 2.9394278e-05 0.012337473 0.019477963 3.8144697e-07 8.809684e-08 1.0782868e-06 0.0016461924 1.8386656e-06 0.0053745704 1.6801292e-05 3.312963e-07 0.00014432704 0.0045085177 2.1454869e-06 0.0016000457 0.025596518 3.5826383e-07 0.01792109 0.32578975 0.0020949475
0.2835286 0.04941141 0.0125150345 0.09697405 0.24038698 0.52408224 7.542056e-05 0.74199367 0.038652852 0.20969246 0.53409445 0.012997546 0.8809208 0.057790473 1.6626754e-20 0.7436755 0.5719753 0.55565 0.07481453 0.0004376117 0.00030767286 0.19623184 0.68604344 0.039811406 0.28911766 0.44469032 0.0014612767 0.057914715 0.066686586 0.04294431 0.031881776 0.389273 0.030446075 0.28819102 0.07359913 0.011916794 0.0017501155 0.0036385956 0.032905888 0.039602097 0.007974417 0.001955379 8.4913496e-05 0.4643102 0.0065046144 0.001238141 0.00020097768 0.012548205 0.0021017657 0.19720666 0.00026224434 0.01314944 0.00054747495 0.00010438455 6.777517e-05 0.00025341494 0.0011978189 9.189029e-05 2.9705266e-06 0.00012384038 8.7750166e-05 0.0002266451 0.008658534 0.018209077 0.00047724438 0.0025151747 1.2326095e-05 2.6555936e-06 0.00030479417 0.00015702004 1.0373616e-05 4.5241478e-07 0.007440573 7.75982e-05 9.4479196e-07 4.3316408e-07 0.0147781875 3.3889328e-06 6.943643e-05 5.2892524e-06 0.0029173444 0.002076276 0.00021491996 0.0002902246 1.3943027e-06 7.3982034e-07 1.1250261e-06 1.1428195e-05 8.25826e-07 0.00031006912 0.00027679722 0.004849321 9.008852e-06 0.0006839412 3.54541e-07 1.5624706e-05 0.0052808784 1.8590312e-05 0.0032154054 0.0017053251 0.00037159835
0.006042927 0.027352456 0.010505627 0.033929482 0.37932098 0.477476 0.00018802339 0.46806937 0.015220914 0.06251237 0.22667374 0.15314431 0.49746445 0.027512113 0.7436755 2.8989661e-22 0.801402 0.6551798 0.023164615 0.00055399316 0.002609361 0.02234819 0.28211632 0.0051202583 0.09918466 0.08638672 0.002463061 0.010979102 0.02720417 0.010562674 0.009269234 0.50902593 0.014734906 0.14082271 0.22734113 0.001934646 0.01015552 0.0021026416 0.017590838 0.013176832 0.0009908287 0.0006448427 0.0011542967 0.4259969 0.0019754327 0.0013679684 4.923575e-06 0.0054177986 0.001698159 0.1114232 4.278474e-05 0.0022899047 6.513767e-05 9.969294e-06 0.00026654179 0.00059671566 0.00088382297 7.920502e-05 9.861901e-06 2.2024915e-05 5.937598e-05 1.089698e-05 0.0020845307 0.0144014675 4.3444285e-05 0.00054440496 2.1810334e-05 2.624128e-05 4.1099483e-05 0.0001716884 3.2423486e-06 2.8622563e-07 0.000863686 5.4544273e-07 3.4138743e-08 3.1391218e-07 0.013316533 1.3017262e-05 5.675405e-06 9.498811e-07 0.00016607885 0.00031493095 0.00019495352 5.5404493e-05 6.993091e-07 8.571632e-08 3.0052942e-07 0.00030271482 1.4058856e-08 0.00056217605 2.928929e-05 0.0012988456 8.6510454e-08 0.0003980305 1.5568038e-07 2.0249727e-05 0.0012870326 2.3270644e-05 0.0008389582 0.00040312237 0.000111604335
0.048194278 0.07877928 0.026168728 0.15792151 0.4784749 0.40154445 0.0008016201 0.4659556 0.023424823 0.068779655 0.11795525 0.21328546 0.28645006 0.032950908 0.5719753 0.801402 1.01219e-21 0.83972114 0.004299131 0.012667493 0.003722322 0.028069397 0.05168136 0.009952509 0.022766503 0.06306955 0.0058940914 0.015648404 0.005430283 0.008224183 0.008207451 0.77696484 0.0038196938 0.04226383 0.60100627 0.0014967554 0.045577534 0.0046117827 0.0041839955 0.0062306076 0.0035526892 0.00016231368 0.0017225825 0.60352784 0.009226556 0.00015643353 0.0052894442 0.002338742 0.0031864175 0.24289182 3.7667454e-05 0.008759244 0.0023583013 4.1282347e-05 3.0517358e-05 0.0052463776 0.00030239805 0.00048218935 3.6622628e-06 7.966887e-05 5.619187e-05 7.701687e-05 0.013056041 0.23671776 0.0023670597 0.0079117445 3.9051915e-07 9.840663e-07 0.00060897943 7.570614e-05 2.9346702e-06 8.007379e-07 0.0036145484 0.0006447332 2.1262271e-07 4.0151836e-08 0.03773866 1.8580182e-06 0.0024360628 8.077574e-07 0.00045588205 0.0018122939 0.00030808363 0.002832398 1.4156541e-07 5.573789e-05 1.0551536e-07 1.4356351e-06 1.586028e-08 2.3672275e-05 0.00036571932 0.0029914272 1.2797146e-06 0.0020948679 1.8015228e-08 1.1184241e-05 0.0072017573 0.0008788078 0.004315355 0.00028189606 0.00069186196
0.0050851037 0.02851011 0.009141053 0.023601612 0.36930028 0.41930994 0.00016416716 0.35901806 0.0079494165 0.04418207 0.14189658 0.21124785 0.2941032 0.007078407 0.55565 0.6551798 0.83972114 6.6899407e-21 0.007153755 0.0014225842 0.0029035371 0.006239983 0.115931995 0.0016469815 0.043247815 0.042136777 0.0027853097 0.0022283723 0.012331498 0.0031186228 0.003761144 0.5617646 0.007152841 0.055502057 0.3895375 0.0006976205 0.020175101 0.0019654534 0.008880999 0.005252182 0.00032325677 0.00015864248 0.0012092034 0.47114262 0.00085239054 0.00042959227 5.1028845e-05 0.001689086 0.00065187016 0.09994816 1.7370749e-05 0.0022915683 2.130908e-05 5.341464e-06 6.397491e-05 0.00071444485 0.0002981735 0.00025273554 3.449103e-06 1.2987081e-05 0.0001727082 1.04337805e-05 0.0033447202 0.047276862 9.9048666e-05 0.0009487219 9.515426e-06 2.4800382e-05 4.3693086e-05 4.526776e-05 2.3483833e-06 1.9584377e-07 0.00076521724 1.9464844e-06 4.0357683e-08 4.819666e-07 0.020651117 1.4796759e-05 1.8291208e-05 1.6025965e-06 7.600832e-05 0.00064644724 0.00014507472 0.00014287159 4.7111803e-07 1.9027102e-07 2.693245e-07 0.000100328485 2.054498e-08 0.00029127547 4.4446173e-05 0.0055144005 2.5217503e-08 0.0007214966 1.0761924e-07 1.3003354e-05 0.0017971569 7.988792e-05 0.0010036075 0.00033474583 0.0003842747
0.6181742 0.0004953938 0.00010257977 0.004466729 0.0020112244 0.010773926 1.3805393e-06 0.062915236 0.0018690913 0.023863101 0.32192644 7.7676385e-05 0.02857084 0.039970253 0.07481453 0.023164615 0.004299131 0.007153755 4.0081983e-19 1.6515482e-05 1.1413688e-05 0.52650684 0.5237974 0.02183284 0.82619536 0.1859068 1.5754584e-05 0.09600363 0.88163733 0.07031651 0.46532792 0.0042718817 0.5435017 0.21416779 0.0011198891 0.095634505 9.4289906e-05 0.00040112765 0.1651785 0.04312647 0.023182949 0.016998393 1.1755772e-06 0.010882105 0.005174822 0.008566171 1.0734199e-05 0.021173231 0.0037612836 0.019241327 0.00052662153 0.013052468 0.000882453 0.00029670697 0.00035293744 1.7084943e-05 0.003929387 1.9685897e-06 9.585507e-05 0.00031067443 1.1261736e-06 0.0008630442 0.0006548801 0.0002571289 7.895215e-05 9.222988e-05 2.3349876e-05 3.0451944e-05 0.00027604352 0.0006799454 2.0260042e-05 9.549816e-06 0.003834779 0.00010585084 9.109601e-05 2.0025323e-05 0.0008941747 1.636088e-05 0.00039901567 1.6700378e-05 0.003858959 0.00028118453 0.0015842069 0.00039347584 1.5658309e-06 2.145683e-08 8.735477e-06 3.6227542e-05 3.6358273e-05 0.0008480117 6.128871e-05 0.000110536515 0.00014343625 0.00013062883 3.588496e-05 1.1786525e-05 0.0007904922 3.842624e-07 0.000596597 0.002076884 0.00015076683
0.635891 0.08516745 0.08067607 0.025159908 0.1498824 0.006644549 0.00800992 0.003440396 0.00073897804 0.0014714018 0.00060278847 0.42476252 0.00093912013 0.0027925242 0.0004376117 0.00055399316 0.012667493 0.0014225842 1.6515482e-05 3.393505e-14 0.8810747 7.2553826e-06 0.00027536697 0.0007307554 1.6006437e-05 0.00014232505 0.8937135 0.0008551858 1.5941258e-06 0.00016485747 4.200872e-06 0.0031323547 6.7203596e-06 3.1316555e-05 0.033950455 2.834572e-06 0.07706037 0.3721127 1.7651215e-05 3.8864073e-05 0.00041935072 1.4977784e-06 0.7952111 0.0006294509 9.295963e-05 1.5391222e-06 0.5681422 3.5993507e-05 2.6138354e-05 0.00030728665 3.3160446e-05 3.7873564e-05 1.4606196e-05 4.0353392e-05 2.0634482e-06 0.010911562 6.3842676e-06 0.27388728 9.654635e-07 2.9966695e-06 0.13418935 0.00010889175 0.0008803626 0.00067514513 0.18587117 0.106084704 1.1393296e-07 2.9316243e-06 0.0008052244 2.2382555e-05 4.2113934e-06 6.3370626e-06 0.009016176 0.14216276 7.338439e-05 7.746085e-06 0.0001468946 6.7304514e-05 0.025294088 6.6438355e-05 7.624913e-07 0.0034417727 3.3077993e-06 0.013240255 1.297738e-06 0.0010743581 5.3429108e-06 1.3191315e-06 3.0333978e-05 8.849762e-07 0.00025578545 9.979677e-07 7.039576e-05 0.051557206 2.5628622e-06 2.2636526e-05 0.021354532 1.7729267e-06 0.024174282 0.00013789473 0.043344934
0.5247654 0.062411282 0.09101529 0.009949127 0.3054622 0.0067215716 0.008631256 0.003243034 0.0012681604 0.0007536573 0.0013530791 0.78371173 0.00048595358 0.0017358123 0.00030767286 0.002609361 0.003722322 0.0029035371 1.1413688e-05 0.8810747 4.1239243e-15 7.0856695e-06 0.00011178755 0.000488471 1.0658103e-05 8.104945e-05 0.704255 0.0006925611 2.4488797e-06 5.759337e-05 4.6050295e-06 0.0013875423 3.6828674e-06 1.2564291e-05 0.089359455 9.669172e-06 0.43728295 0.25234836 5.785174e-06 8.172092e-06 0.00017354544 6.5584595e-07 0.83828753 0.00074849726 0.00012959648 6.17492e-07 0.5536359 5.6521467e-06 1.50773085e-05 0.00046688528 2.3085292e-06 1.0722913e-05 1.901847e-05 4.164346e-06 2.9791696e-07 0.119321086 5.5317505e-06 0.49261966 1.6455328e-07 2.2709037e-06 0.6798755 3.3772292e-05 2.710243e-05 0.0013460629 0.15191966 0.09060342 1.8712125e-08 4.0844407e-07 8.749512e-05 5.141153e-06 4.0495533e-07 7.407325e-07 0.003806196 0.08234221 2.2378244e-05 1.1163748e-07 4.1605057e-05 1.615538e-05 0.022196516 3.822658e-06 1.0253405e-05 3.6957645e-05 6.904666e-06 0.014924416 2.2368941e-07 0.15796964 1.1888765e-06 1.04246496e-07 5.164313e-06 1.3099535e-06 6.3087637e-06 1.1784568e-07 3.6545173e-06 0.15398172 5.2205087e-07 1.0296495e-06 0.01614046 3.7032105e-06 0.01925977 8.027106e-05 0.08552746
0.013915916 0.0028885086 0.00031289257 0.01664462 0.017157989 0.05593001 1.3597441e-06 0.06309311 0.003129709 0.05811316 0.37614134 2.9891244e-05 0.15196794 0.08929003 0.19623184 0.02234819 0.028069397 0.006239983 0.52650684 7.2553826e-06 7.0856695e-06 1.2875616e-23 0.6333869 0.013801597 0.7717003 0.22397898 2.0734878e-05 0.1743879 0.40910852 0.045012247 0.31975418 0.014444219 0.25738347 0.5722787 0.000774991 0.09732759 7.3159563e-06 0.00024972702 0.3163417 0.22945715 0.013018406 0.06711373 2.0060685e-05 0.022248732 0.02541629 0.020990849 4.4038003e-07 0.04357791 0.01352916 0.038552377 0.0022948226 0.0020989222 0.0047157994 0.00092563895 0.001692936 5.4157213e-06 0.0049698474 1.3433715e-05 0.00060065836 0.0019386077 4.518385e-06 0.0005611901 0.0009138825 3.238904e-05 1.3771172e-05 0.00030883466 3.8011935e-05 1.1017873e-05 2.8906703e-05 0.0012825133 1.2742977e-06 8.248409e-06 0.0016883385 3.2944856e-06 1.0793681e-06 9.440345e-07 1.1837159e-05 0.00014810772 2.4288807e-05 6.6124073e-07 0.002102736 2.4958832e-05 0.00064706156 0.00010862496 5.194012e-08 5.809187e-09 1.8083351e-07 0.00019123746 3.917385e-07 0.0004917513 3.2657754e-06 5.167306e-07 1.9455836e-05 0.00013076009 9.60979e-07 0.000116015064 0.00058105786 2.628204e-08 0.00038518314 0.0027589127 2.0089785e-05
0.050249957 0.007556661 0.00040728948 0.044300605 0.019501312 0.09527267 6.553123e-06 0.26582867 0.005235891 0.07265704 0.49198583 0.00017993596 0.5616221 0.093507975 0.68604344 0.28211632 0.05168136 0.115931995 0.5237974 0.00027536697 0.00011178755 0.6333869 1.2137085e-21 0.02312456 0.66363853 0.8515891 4.941307e-05 0.09441551 0.24464571 0.05422888 0.16096422 0.07731086 0.138036 0.7891988 0.005363012 0.06453818 0.0003996406 0.0006610207 0.17529829 0.2623647 0.017643735 0.031583473 2.1822214e-05 0.15023634 0.018351687 0.0079320865 9.07754e-05 0.04023342 0.01392722 0.17137198 0.0012765462 0.012817289 0.0053663016 0.00080332905 0.0006239423 3.0367119e-05 0.004488667 5.7826393e-05 8.993542e-05 0.0013239358 2.6780954e-05 0.002388886 0.00725548 0.001056156 0.00059249677 0.0003654723 2.7872598e-05 1.7905924e-05 0.00052048796 0.00075663667 2.3642584e-05 3.2324565e-06 0.002957209 0.00010898888 2.8885636e-06 1.374689e-06 0.0013657588 2.3019746e-05 0.00010708847 1.2514389e-05 0.0025822946 0.00067331747 0.0004471029 0.00014116643 1.9910124e-06 1.6994557e-07 2.051252e-06 4.084188e-05 6.7360696e-07 0.00029171834 0.000102286715 0.0003070661 5.550381e-05 0.00050171284 7.3551286e-07 0.00011053135 0.0009932563 5.8441833e-07 0.00059867784 0.0021407455 9.162828e-05
0.98449844 0.034101434 0.008343138 0.17087369 0.07731647 0.21260087 0.00015113105 0.13903534 0.07342404 0.46240386 0.24042371 0.004472093 0.0956355 0.8685035 0.039811406 0.0051202583 0.009952509 0.0016469815 0.02183284 0.0007307554 0.000488471 0.013801597 0.02312456 3.240335e-18 0.013623949 0.0021911168 0.00054721005 0.075625524 0.014985492 0.2198675 0.032098416 0.0004271804 0.045636438 0.0075445455 5.9203754e-05 0.03675134 5.902267e-05 0.00927787 0.0044400785 0.00172991 0.83430123 0.0040291217 0.00019879504 0.00033516553 0.09621558 0.009854089 0.0013321708 0.0001874585 0.036113974 0.00019531435 0.00015318708 2.2642475e-06 0.017013045 5.8980026e-05 0.0033855706 4.195827e-06 0.02714236 0.0001432603 0.0007257549 0.010482899 6.392533e-05 5.0555835e-05 1.1405249e-06 3.0874908e-05 0.0071636443 0.010013422 0.0002839729 2.099738e-06 5.548589e-06 0.00895725 5.6473887e-08 2.3823537e-05 0.37766352 0.012107445 1.540376e-06 1.6465424e-07 7.4927243e-07 9.778462e-05 0.027280789 6.0915943e-07 0.021240136 5.0911617e-06 0.0032980696 0.038021058 1.0466508e-07 9.027579e-09 6.300734e-07 0.00040652402 1.0155442e-06 0.0022998594 2.4705735e-06 9.1895146e-08 0.00031546634 0.00061779004 9.938268e-07 0.00048264116 0.081501566 2.3306056e-08 0.07637304 0.12979904 0.0007519311
0.15580547 0.0020507006 0.00013718852 0.013140088 0.00443211 0.035069514 1.7288979e-06 0.1916495 0.0047100065 0.051563267 0.40806645 8.729265e-06 0.14955801 0.035758827 0.28911766 0.09918466 0.022766503 0.043247815 0.82619536 1.6006437e-05 1.0658103e-05 0.7717003 0.66363853 0.013623949 2.8616748e-22 0.4413554 3.4830534e-06 0.076939814 0.61529326 0.05949329 0.34143838 0.031641107 0.3289616 0.657726 0.0006246129 0.11689495 1.4714298e-05 0.00018632796 0.49849722 0.32886326 0.010627655 0.10872696 1.9914492e-06 0.054364502 0.01863282 0.04732306 1.7994464e-05 0.15327962 0.013818528 0.105166286 0.0071512857 0.094532676 0.0028309464 0.0040494613 0.0017998761 7.186382e-06 0.0058448147 7.1323543e-06 0.00022124503 0.0010154821 7.868347e-06 0.008498637 0.018136427 0.00044856372 0.00015801268 0.00046702556 6.224835e-05 2.1121186e-05 0.0028690423 0.0010025356 8.077089e-05 5.254291e-06 0.0020415946 8.989058e-05 8.074332e-05 6.972471e-06 0.0006398995 3.0143907e-05 0.00025751858 3.5910158e-05 0.002321542 0.002380754 0.00044843392 0.000256465 5.169817e-06 4.9343814e-08 5.0073572e-06 6.902109e-05 8.765719e-06 0.00052824774 0.0004022562 0.0013440611 8.678526e-05 0.00021574943 4.0233253e-06 5.6390665e-05 0.0007314432 2.0115397e-07 0.00050997676 0.0017466607 3.8559938e-05
0.0044082827 0.0017921079 0.0003694695 0.0074528945 0.03054042 0.07107255 2.3488649e-06 0.12590918 0.0019467539 0.023368433 0.1575594 0.0003792888 0.28371084 0.017750982 0.44469032 0.08638672 0.06306955 0.042136777 0.1859068 0.00014232505 8.104945e-05 0.22397898 0.8515891 0.0021911168 0.4413554 6.609677e-22 5.8584643e-05 0.03482153 0.14417674 0.015308756 0.088795654 0.03824854 0.056812853 0.668919 0.0119667025 0.029112559 5.194218e-05 0.00024090608 0.16787893 0.26653033 0.00178982 0.030779462 3.8092643e-05 0.114148594 0.008792487 0.008871781 3.8981907e-06 0.053917367 0.0057386956 0.14333764 0.00095813174 0.016291136 0.0018673142 0.0004909954 0.0011370108 8.0683085e-06 0.0015243583 2.4776908e-05 0.00024186836 0.0008118018 1.720612e-05 0.0011843715 0.009012759 0.00082342786 3.573662e-06 6.157091e-05 3.927654e-05 1.0394036e-05 0.00037172736 0.002328479 5.3540098e-06 3.7457157e-06 0.0002938191 1.08096934e-07 5.6449363e-07 1.4594326e-06 0.00084599596 0.0001290677 6.4111964e-07 3.1690977e-06 0.0005188248 0.000619639 0.00019669347 4.4676744e-06 5.4720005e-07 1.147875e-08 5.8759105e-07 0.0002571591 5.965984e-07 0.0002756334 4.55195e-05 0.0009584109 6.108316e-06 0.0001328513 2.0548232e-06 0.00017540203 8.731557e-05 2.5629075e-07 4.950344e-05 0.0003323217 1.1866693e-05
0.9932533 0.08484942 0.18789916 0.019785669 0.13828002 0.024072777 0.1766328 0.020345733 0.0058094286 0.0011892501 0.00067520724 0.42373663 0.003256871 0.0012883128 0.0014612767 0.002463061 0.0058940914 0.0027853097 1.5754584e-05 0.8937135 0.704255 2.0734878e-05 4.941307e-05 0.00054721005 3.4830534e-06 5.8584643e-05 5.167314e-15 0.00043547907 2.6909572e-07 0.00013122606 2.8924999e-06 0.0007492018 9.056242e-07 2.2993638e-05 0.019953538 6.6741304e-06 0.009713276 0.76881796 4.0371233e-06 8.754475e-06 0.00034210825 9.5048273e-07 0.49039963 0.00023437028 5.8834207e-06 2.1906453e-07 0.5703772 9.0272e-07 1.2355481e-07 0.000113221504 1.4819036e-06 1.0578212e-06 6.2155027e-07 7.1438317e-06 5.6477873e-08 0.0023741901 4.1730605e-08 0.087654695 1.975731e-08 1.4318073e-07 0.07026792 0.00021887443 3.6722005e-05 0.0005530185 0.40917766 0.62025565 3.0109124e-08 1.6066419e-07 5.590047e-05 9.83419e-07 5.468445e-06 4.3083944e-08 0.02111296 0.3131913 7.6467164e-05 2.921699e-06 1.94736e-05 2.9908497e-07 0.09587051 3.7632013e-05 1.0649833e-05 0.00042901209 7.669809e-07 0.052983362 1.1161613e-06 0.00046533858 7.958811e-06 2.7654886e-08 8.6406335e-06 1.688055e-07 3.507278e-05 8.02398e-06 5.621323e-06 0.025973212 4.3385492e-07 2.3311504e-06 0.10961176 1.95319e-06 0.12450103 0.00202165 0.034994386
0.45240366 0.058094665 0.0022958198 0.2676119 0.03439475 0.044099234 6.5559734e-06 0.049437925 0.0059101847 0.09088445 0.19219248 0.0006143433 0.06710889 0.5962207 0.057914715 0.010979102 0.015648404 0.0022283723 0.09600363 0.0008551858 0.0006925611 0.1743879 0.09441551 0.075625524 0.076939814 0.03482153 0.00043547907 1.8080064e-21 0.13504013 0.9166473 0.3205546 0.0014397965 0.3437077 0.104393415 0.0018327791 0.7708631 0.0018033211 0.0053936997 0.07026561 0.054154366 0.50797665 0.20763913 0.0005237434 0.0012831568 0.43990952 0.11122269 0.00074851076 0.020411894 0.21388878 0.0055292035 0.028995516 0.0010713101 0.292852 0.006302805 0.038535845 7.2595525e-05 0.12461068 0.0019789021 0.036688816 0.19003153 0.00089222053 0.0009740084 0.0002768843 0.00034858135 0.0066263936 0.003601622 0.0034383999 0.0005683354 2.7391374e-05 0.047658715 2.3292127e-06 0.0005450065 0.21248996 0.005309385 1.4393591e-05 1.428897e-06 4.0762458e-05 0.015087969 0.016329356 1.1141855e-06 0.43108743 2.5829226e-05 0.047966685 0.02679443 4.6132817e-07 1.42439625e-08 4.0000734e-07 0.00574233 5.558151e-07 0.024602437 1.4732622e-05 1.3831672e-06 0.0012463563 0.006194036 1.0673356e-06 0.009083191 0.022746345 2.087394e-07 0.0133504905 0.30405527 0.0038090174
0.32648084 0.0008820593 2.0602578e-05 0.007617458 0.0012233328 0.010656005 3.4526587e-07 0.066117115 0.0022290703 0.030124804 0.15807687 2.1008314e-06 0.036723323 0.027753757 0.066686586 0.02720417 0.005430283 0.012331498 0.88163733 1.5941258e-06 2.4488797e-06 0.40910852 0.24464571 0.014985492 0.61529326 0.14417674 2.6909572e-07 0.13504013 9.239005e-23 0.0629172 0.7798757 0.006596435 0.7572718 0.3724299 4.6051675e-05 0.45767337 1.9121321e-06 6.92572e-05 0.5848843 0.20416519 0.013394175 0.35472304 1.4911774e-07 0.018561283 0.023688711 0.22955166 2.081624e-06 0.14510012 0.027495595 0.063533895 0.024349747 0.09061718 0.008242962 0.011571645 0.009753916 1.0282982e-06 0.0089348415 2.6367575e-06 0.0014079536 0.0038258585 2.8228799e-06 0.009661595 0.010378529 3.1352356e-05 2.8346678e-05 0.0003764219 0.0002699616 5.4104014e-05 0.0016319017 0.0010862912 4.512372e-05 1.2069128e-05 0.0025775374 3.633155e-05 8.668343e-05 7.716969e-06 8.795224e-05 8.059684e-05 9.771331e-05 2.429833e-05 0.002758313 0.0014856147 0.0008470458 0.00010984328 3.1291675e-06 3.2499128e-09 3.5533872e-06 7.782491e-05 1.5400024e-05 0.0008342716 0.00027618755 0.00040410797 9.8686796e-05 9.23568e-05 6.2841805e-06 7.2199706e-05 0.00065603957 5.699069e-08 0.00044610945 0.0019245645 7.95677e-06
0.93043643 0.016377538 0.0018710505 0.08251226 0.013698575 0.02889974 3.8700946e-06 0.044693116 0.005603839 0.09913056 0.08909326 0.00014108622 0.06116111 0.37315404 0.04294431 0.010562674 0.008224183 0.0031186228 0.07031651 0.00016485747 5.759337e-05 0.045012247 0.05422888 0.2198675 0.05949329 0.015308756 0.00013122606 0.9166473 0.0629172 5.976547e-20 0.0755845 0.00077144266 0.09936819 0.037833333 5.3973992e-05 0.106907 0.00030675993 0.003439661 0.02827686 0.019772181 0.8789136 0.04040363 1.1247349e-05 0.0013206345 0.16027103 0.050126247 0.0007233558 0.006782609 0.115167394 0.0020808144 0.0077943825 0.0015002788 0.063079916 0.0030681156 0.022036262 7.704695e-06 0.13702823 6.6038876e-05 0.0116011975 0.041586526 5.016054e-05 0.0008019948 9.2962204e-05 4.577975e-05 0.0063097873 0.0042461385 0.0029814648 0.00019983992 1.41473365e-05 0.018233093 3.0728606e-06 0.0003330235 0.2540361 0.0041750213 7.120515e-06 6.1117805e-07 1.059188e-06 0.0017315919 0.0116142705 1.3168916e-06 0.19285814 1.5629044e-05 0.021243602 0.015660975 2.0647934e-07 1.6820273e-09 3.9517602e-07 0.0015984526 6.555389e-07 0.014895792 7.1810173e-06 6.191974e-07 0.0033899029 0.0005286686 4.3633256e-07 0.0048477515 0.013661296 5.4387638e-08 0.011061924 0.26066634 0.00018651765
0.23758096 0.002744121 0.00019044269 0.0142595 0.0022526644 0.011198154 1.7659557e-06 0.04724529 0.002148875 0.030797167 0.17001332 2.5037516e-06 0.034786496 0.05886617 0.031881776 0.009269234 0.008207451 0.003761144 0.46532792 4.200872e-06 4.6050295e-06 0.31975418 0.16096422 0.032098416 0.34143838 0.088795654 2.8924999e-06 0.3205546 0.7798757 0.0755845 4.4052262e-23 0.004337842 0.8549826 0.31627563 0.00030245626 0.7238693 5.1816933e-06 0.00015469642 0.5078523 0.19050269 0.027756043 0.54163194 1.4029846e-06 0.0049163504 0.05484848 0.31197715 6.714789e-07 0.07339317 0.055749957 0.03117082 0.02685663 0.013965553 0.03314555 0.011617723 0.016958715 2.1928015e-06 0.023433657 1.974521e-05 0.0074372855 0.019650886 1.0123517e-05 0.0053000203 0.0024266872 3.583076e-05 1.2715402e-05 0.00024517026 0.0007141332 0.00012862864 0.000119901604 0.0029476194 7.5336416e-06 7.1806586e-05 0.0041470155 5.0525878e-06 5.5386794e-05 1.3393229e-05 2.7116259e-05 0.000376031 2.5025853e-05 1.0070018e-05 0.008241857 0.00013379844 0.002238813 8.730068e-05 3.8022915e-07 2.2193147e-09 9.4731274e-07 0.0001917662 4.2474603e-06 0.0016720148 1.8444287e-05 3.48214e-06 0.00029021077 8.75159e-05 3.5170938e-06 0.0002313625 0.0004555822 3.1373038e-08 0.00027078416 0.0038357556 9.135915e-06
