4.824643e-25 0.9650063 0.9808927 0.92248476 0.9429157 0.97236663 0.8628638 0.9637045 0.9881998 0.8452932 0.9478879 0.7417586 0.9547656 0.69860774 0.9961832 0.9790469 0.96969897 0.97241974 0.32946903 0.92196727 0.9042674 0.8929811 0.97970974 0.9396279 0.92633355 0.74259394 0.72977936 0.6597192 0.9022926 0.961664 0.90113074 0.94097584 0.8208717 0.99278116 0.2273809 0.5442348 0.9876578 0.9495763 0.98560214 0.39842927 0.39818686 0.62046945 0.2322305 0.52655935 0.99910414 0.8427833 0.14558831 0.2065462 0.99352664 0.08315553 0.17740563 0.20031969 0.21809854 0.08463803 0.95679444 0.96985 0.9786643 0.9984382 0.082932405 0.11839597 0.9996614 0.79543525 0.07457033 0.013290448 0.9993287 0.024137242 0.81781584 0.003994836 0.010093706 0.008002918 0.02372845 0.8756368 0.87663674 0.83453137 0.002371919 0.0020337244 0.36388117 0.0870729 0.001473906 0.9784906 0.0011278247 0.75845253 0.9504921 7.487792e-06 0.99996096 7.5693504e-05 0.4846411 0.9990363 0.999954 0.000143533 0.9312034 0.036479812 0.004269648 0.0856462 0.03356661 0.013398684 0.1200539 3.1781914e-05 0.0042469385 0.97601455 0.9945893
0.9650063 1.0574799e-16 0.89796734 0.54868114 0.335199 0.30729905 0.45538667 0.847743 0.10259434 0.69646704 0.74467534 0.04392426 0.05441462 0.051075682 0.0034474998 0.30847776 0.33535555 0.31377694 0.12316316 0.33512688 0.016723737 0.084692016 0.3815116 0.15708032 0.0616219 0.03208909 0.008123158 0.008383323 0.030362733 0.034971204 0.016858263 0.07977133 0.009511281 0.06758471 0.007596952 0.0130321635 0.02252392 0.0026870817 0.012105061 0.019866 0.019069718 0.0025884241 0.003314537 0.01553719 0.10284487 0.0012326085 0.0018922935 0.0018807953 0.042746857 0.0007395682 0.0015898728 0.0002202123 0.0013486468 9.04522e-05 0.0026490677 0.0011119766 0.001177341 0.016626587 0.00027419406 0.00020135005 0.005933808 0.0025834118 0.00024214301 2.7928745e-05 0.01254714 0.00041395694 0.00012099745 3.347522e-06 1.4460418e-05 5.9110466e-06 2.1056925e-05 4.5334553e-05 4.5008404e-05 0.00022882041 6.624731e-06 8.333146e-06 0.0021266744 0.0022728182 1.0794607e-06 0.00050666416 8.752802e-07 0.0004751329 0.0001853401 4.0634742e-08 0.023913553 5.449997e-07 0.00039383047 0.009801267 0.009391255 3.1360205e-06 0.0004049258 7.5741093e-07 2.1736534e-05 1.2437866e-06 7.693997e-06 0.00012939416 0.00052094687 1.9292648e-07 9.846888e-05 0.00029077422 0.0048383893
0.9808927 0.89796734 5.997434e-16 0.88807154 0.057239845 0.20966767 0.3495826 0.74489236 0.068806216 0.68067497 0.4865969 0.0017114746 0.007825389 0.0048176446 8.724375e-05 0.03221508 0.035141904 0.07427293 0.07601218 0.10418723 0.0024346693 0.04322702 0.031193657 0.049204614 0.07875873 0.013179672 0.015309852 0.0073750666 0.038585324 0.008089462 0.0029335304 0.060577437 0.0021548027 0.012475104 0.0010447329 0.0059387363 0.0016931072 7.615989e-05 0.00064129184 0.010418609 0.008358787 0.00049151474 0.004777813 0.020155627 0.017782897 7.370022e-05 0.001168429 0.0032608802 0.005773407 0.00089248177 0.009104387 0.0012647773 0.0019517451 0.0009713119 4.761154e-05 5.888515e-05 0.00014915636 0.0035789283 0.0022016799 6.379858e-05 0.0018312582 0.0015136017 8.290416e-05 1.7877906e-05 0.0030707677 1.6229813e-05 1.1618585e-05 4.3330125e-05 8.584006e-05 9.426967e-05 4.2068797e-05 7.301271e-08 4.411775e-07 1.1303802e-05 0.00017846469 1.6439753e-05 0.00015983642 0.00010363772 6.378319e-07 0.00038450802 5.0544645e-07 4.2324893e-05 7.3358155e-05 2.3351944e-07 0.0049924334 1.5381404e-06 8.461944e-06 0.0037718157 0.0047070645 6.569865e-07 9.535697e-05 1.4047799e-06 2.2167173e-05 5.6554036e-06 3.075988e-05 4.0465307e-05 6.242384e-05 8.202637e-08 0.00013546794 0.00023920443 0.0029183687
0.92248476 0.54868114 0.88807154 9.403842e-17 0.49833202 0.6289264 0.8312752 0.3376204 0.5048711 0.859335 0.36537856 0.053416334 0.1318654 0.09055485 0.0013809615 0.13326615 0.10951636 0.115513 0.29656976 0.084437065 0.05311047 0.20448732 0.058765944 0.048732758 0.2340031 0.10330563 0.10819975 0.06257973 0.07936576 0.0017555399 0.000423513 0.17832807 0.00058501953 0.016505145 0.008132172 0.0022983616 0.0003663608 0.0006309029 0.00388729 0.026365899 0.022476144 0.0043549384 0.008223877 0.025570035 0.011387975 0.00056210073 0.0062365676 0.0017986897 0.011509693 0.0022058918 0.008205819 0.0019426487 0.0013574432 0.0015246962 0.0010906073 0.0007853001 0.0012485678 0.0024782321 0.0024945817 0.0002514877 0.00090850925 0.00033232613 0.00019094645 2.3365714e-05 0.0021923918 0.00015031174 9.464012e-06 2.667746e-05 0.00018912219 7.554135e-05 8.9877714e-05 1.0691518e-06 4.976931e-06 3.8358725e-05 7.6732416e-05 5.2974556e-06 5.1494433e-05 0.00015350076 2.4558338e-07 0.0005724759 2.442707e-07 4.3335665e-05 2.467964e-06 2.699505e-08 0.0027207362 1.7243401e-06 6.9718194e-06 0.0039211623 0.003092113 4.0208758e-07 0.00025556184 3.3983036e-07 8.896402e-06 1.1907748e-06 5.5654896e-06 0.00010710154 0.00022434241 1.6327365e-07 0.00010989734 0.0003867259 0.0030457044
0.9429157 0.335199 0.057239845 0.49833202 3.352698e-17 0.889425 0.87771255 0.20634091 0.82034725 0.34021503 0.014117392 0.672577 0.6689854 0.7481633 0.17494322 0.48271322 0.18789095 0.027785383 0.045900214 0.0010854058 0.5189017 0.015408907 0.013034164 0.000889255 0.024382047 0.042672932 0.03691406 0.05081883 0.0044136653 7.237722e-05 8.9999856e-05 0.002520332 0.00011960935 0.004214138 0.030653972 4.899782e-05 1.4830552e-05 0.0037334478 0.024485692 0.00030691677 0.0004976195 0.014442991 0.00010210582 5.1262432e-05 0.005111469 0.008482427 0.0029782238 3.7475435e-05 0.028619496 0.001694305 1.132869e-05 3.6741535e-06 5.7713914e-06 1.6860897e-06 0.0031727133 0.0019155398 0.0025837296 0.0009574466 1.7335142e-06 0.00053922285 0.00027524386 2.4134692e-06 0.00014629374 0.0001050266 0.0008105896 0.00035751174 2.8827653e-06 4.9897216e-07 2.7898939e-06 1.5266044e-06 7.2964813e-06 0.00013165036 5.8818136e-05 0.00019561838 3.556007e-08 1.3067556e-06 3.6393623e-05 0.0017965314 6.5812407e-07 6.6019915e-05 5.812845e-07 2.945843e-05 1.306444e-06 3.68901e-07 0.0066413465 3.975187e-07 3.269392e-05 0.0029966773 0.0021131 2.841403e-06 0.00010022015 9.855051e-09 6.880798e-06 5.0312865e-06 8.664352e-07 2.947459e-05 4.8169364e-05 3.0251712e-08 4.3945583e-05 4.8205256e-05 0.0024845067
0.97236663 0.30729905 0.20966767 0.6289264 0.889425 1.8097292e-16 0.87392634 0.07064184 0.8331916 0.36843866 0.055995163 0.42951912 0.7027108 0.5223462 0.08927055 0.3167778 0.09003431 0.07629599 0.068184055 0.013994243 0.51240635 0.0813356 0.018921096 0.004434833 0.16038859 0.10370198 0.15308729 0.13235033 0.08672625 0.00043816608 0.00021887713 0.058012474 0.00017571377 0.0049017784 0.036556683 0.0002880803 0.00010790697 0.004514423 0.006041349 0.009129854 0.009414291 0.054292552 0.004379812 0.0047214334 0.0047850194 0.0052398276 0.025364086 0.0005079763 0.016629085 0.008303354 0.0024624676 0.000110618144 0.00050024036 0.00011071523 0.000750329 0.0006338344 0.0011248776 0.0009674033 0.00010620424 0.0025845082 0.00078402355 0.00013085565 0.0044330214 0.00024309999 0.0020686677 0.0014290533 1.4576195e-05 3.3594765e-06 2.0462845e-05 5.380406e-06 0.0006682484 7.68925e-06 1.988888e-05 0.00014082972 3.784361e-06 1.3778863e-06 1.5919133e-05 0.0014756295 1.5770985e-07 0.00014144296 1.5889175e-07 9.127146e-06 4.3174535e-07 7.812827e-08 0.0059871585 3.8391204e-06 0.00011410472 0.0048846453 0.0046033943 3.6098509e-06 0.0002452437 9.082731e-08 3.263187e-05 1.4017382e-06 2.6454575e-06 0.00017921325 0.00011125355 2.431678e-07 5.8771882e-05 0.00016959627 0.0031601556
0.8628638 0.45538667 0.3495826 0.8312752 0.87771255 0.87392634 8.970183e-20 0.3105555 0.71172774 0.8583337 0.13648322 0.27200502 0.42590326 0.55002886 0.017984383 0.24059786 0.122301675 0.042880014 0.47835815 0.019068632 0.3609891 0.18604851 0.036747802 0.013432538 0.11880209 0.28618395 0.104661286 0.108344086 0.025634488 0.0014358748 0.000407006 0.02361712 0.00060148095 0.012469852 0.056007754 0.0005700831 0.0001332261 0.0007339038 0.003987644 0.0022057255 0.0028358847 0.011354872 0.0007778806 0.000431296 0.009455858 0.0027354306 0.010959487 0.00026648614 0.022408457 0.0011280377 5.749574e-05 3.0936684e-05 3.693608e-05 1.3608008e-05 0.0012781871 0.0013640876 0.002309166 0.002249114 3.801246e-06 0.00010059954 0.00065032433 1.7644077e-05 4.31375e-05 7.898765e-06 0.0016978732 0.000101203455 3.037513e-06 5.0812105e-07 1.6232977e-06 5.159614e-07 1.6029832e-06 1.4250751e-05 1.799666e-05 0.00012110816 4.1112948e-08 3.5412538e-07 3.3819255e-05 0.00017434436 1.2802853e-07 0.00032260388 1.0033992e-07 9.078371e-05 1.4358495e-05 1.7116113e-08 0.005936542 1.6584359e-07 5.7104364e-07 0.0018632592 0.0026215755 8.2272885e-07 1.9631145e-05 2.0470972e-08 8.7793524e-07 3.0625217e-06 3.818666e-07 4.3969917e-06 6.307591e-06 1.49186e-09 4.400209e-06 0.00010933075 0.00046917776
0.9637045 0.847743 0.74489236 0.3376204 0.20634091 0.07064184 0.3105555 2.8565874e-18 0.019467276 0.60313123 0.7847238 0.010693749 0.006085022 0.00849713 0.000981708 0.15623961 0.588726 0.75191325 0.1236306 0.470561 0.0016550745 0.043711685 0.8176747 0.17676282 0.015715921 0.019684393 0.0023011977 0.0016757911 0.0037441233 0.029413503 0.023742246 0.023703374 0.027745336 0.53987795 0.0033530528 0.015977332 0.010282454 0.0005780443 0.0020648204 0.004018607 0.003773431 0.0011718214 0.00042027654 0.0016246894 0.17290676 0.0007049135 0.00038890322 0.002140087 0.08289346 0.0002830752 4.403074e-05 1.1425363e-05 0.00010228954 1.471371e-05 0.0004023548 0.0005562813 0.00056573376 0.15511492 6.0273956e-06 7.318172e-05 0.012583413 0.0022237124 4.458755e-05 4.394204e-06 0.040831916 2.2186907e-05 0.00022053218 5.35954e-07 1.7528882e-06 1.1617626e-06 7.105506e-07 8.754395e-05 0.00014157304 5.675278e-05 4.3430825e-07 9.3932954e-07 0.029846314 0.00024198026 4.904644e-07 0.0044593653 3.6860985e-07 0.0059605534 0.0046622413 2.341847e-09 0.05313446 1.0162324e-07 1.7861017e-05 0.00941399 0.023118086 2.8909308e-06 1.42271365e-05 1.2559051e-06 1.4476715e-05 4.1130657e-05 2.6054247e-06 1.4182392e-05 0.0008020483 4.149113e-09 1.7282691e-05 0.00055229716 0.0011916094
0.9881998 0.10259434 0.068806216 0.5048711 0.82034725 0.8331916 0.71172774 0.019467276 7.14554e-14 0.10330245 0.0128668295 0.59442765 0.8782165 0.75616044 0.28271505 0.21520948 0.048657432 0.013339355 0.015967727 0.0013547972 0.7739647 0.03725785 0.004261912 0.0005846004 0.104740925 0.053791195 0.22335844 0.167211 0.022023458 9.522139e-05 6.66844e-05 0.0062171104 8.6748354e-05 0.0017742774 0.07678407 4.7273694e-05 4.4679464e-06 0.009433515 0.013452697 0.0024371864 0.0024554466 0.12838313 0.0016090163 0.0013760959 0.003031771 0.009313596 0.028114635 0.00017549942 0.015748134 0.015858198 0.0014024483 8.2404804e-05 4.1019215e-05 8.337506e-05 0.0029895508 0.0012043427 0.0023477722 0.00047007887 5.5291322e-05 0.009453085 0.00051505 1.1486367e-05 0.004845697 0.0005856336 0.0020049105 0.0021271836 2.1333072e-07 2.9423318e-06 3.265771e-05 4.5042048e-06 0.0007633073 5.433313e-05 6.1279476e-05 0.00037985772 1.4408273e-07 3.0634666e-07 3.1331983e-06 0.0012560183 4.458395e-08 0.00011381269 4.012106e-08 2.0724372e-06 1.207515e-07 1.3152466e-07 0.006868158 1.6070196e-06 0.00016029223 0.0102256825 0.0046292786 1.8703865e-06 0.00080736465 7.971572e-08 4.1835585e-05 1.6972513e-07 1.1451275e-06 5.0189487e-05 6.50479e-05 1.427819e-07 0.00014530525 0.0001969878 0.011812509
0.8452932 0.69646704 0.68067497 0.859335 0.34021503 0.36843866 0.8583337 0.60313123 0.10330245 1.9142615e-19 0.848003 0.015794767 0.019471876 0.039972086 0.0018644065 0.09140084 0.10439356 0.12962137 0.8584561 0.34760374 0.008797477 0.5495416 0.09540529 0.2862791 0.24874285 0.2843661 0.045642827 0.03837448 0.057381563 0.028982203 0.007022096 0.18373045 0.0063114758 0.033961568 0.01670308 0.025511866 0.0018492637 0.00038534738 0.0010292 0.036491 0.037203897 0.0015526391 0.008909388 0.023355154 0.03053159 0.0007493614 0.008843921 0.005240934 0.014461288 0.0013849108 0.002370101 0.0005056437 0.000843824 0.00046227046 0.00038727254 0.00082137145 0.001005373 0.00489275 0.00078405376 3.561249e-05 0.0012838435 0.00040062243 3.0312664e-05 1.7731346e-06 0.0028000656 3.1223215e-05 4.718928e-05 5.0907247e-06 1.7037417e-05 8.452838e-06 5.8657847e-06 1.8081134e-06 2.792644e-06 2.4494835e-05 8.191236e-07 3.6473725e-06 0.00040478972 3.038621e-05 4.8251525e-07 0.0005822391 4.9837007e-07 0.00036576187 0.0002840233 9.119479e-08 0.0046425154 3.372594e-07 1.0818311e-06 0.0015531863 0.0025589939 2.1683377e-06 0.000106742096 1.1489927e-07 2.6882374e-06 5.997224e-06 3.7766133e-06 3.3065236e-05 4.638388e-05 3.057091e-08 3.2159493e-05 0.00040843635 0.00069975376
0.9478879 0.74467534 0.4865969 0.36537856 0.014117392 0.055995163 0.13648322 0.7847238 0.0128668295 0.848003 2.5554483e-17 0.0004202304 0.0028530315 0.0015425322 0.00027993022 0.07184593 0.092169635 0.40867716 0.3822973 0.94169223 0.00068745867 0.10175195 0.2273801 0.6804818 0.05839093 0.023480887 0.0049108327 0.0024108908 0.015530751 0.080374025 0.073396474 0.12872732 0.06356771 0.10969921 0.0012895186 0.09583025 0.08086138 0.00016813594 0.0003878752 0.020434648 0.017572334 0.00027461382 0.0025211964 0.02548083 0.09325749 0.00023140552 0.0009087523 0.011151258 0.013187122 0.00029898845 0.0014814403 0.00020854808 0.003854371 0.00015201018 0.0001701187 0.00019859945 0.00016097285 0.019225273 0.00051559205 1.7014409e-05 0.0059193163 0.0065924255 2.0508443e-05 2.7017663e-06 0.0072638714 1.8327999e-05 0.0006894076 2.3185262e-06 1.0308153e-05 7.379527e-06 2.2654592e-06 2.348415e-06 8.1937515e-07 2.0274152e-05 3.704959e-06 8.056906e-06 0.002148282 2.0168934e-05 1.1502367e-06 0.0023538175 9.786521e-07 0.0022399842 0.004276298 3.053326e-08 0.011641351 9.320706e-08 2.8202082e-06 0.002074101 0.010793518 1.7485122e-06 8.5107255e-05 1.9943266e-06 4.206719e-05 3.3127766e-05 7.159413e-05 5.839348e-05 0.0010470654 2.111214e-07 7.558877e-05 0.0014378529 0.00087798724
0.7417586 0.04392426 0.0017114746 0.053416334 0.672577 0.42951912 0.27200502 0.010693749 0.59442765 0.015794767 0.0004202304 6.6365474e-18 0.8075999 0.8529206 0.9427439 0.42387667 0.1565861 0.001836075 0.0020974076 7.8775025e-05 0.8359308 0.0019058088 0.0037697046 0.00011053641 0.0016142274 0.013330904 0.027272599 0.06778314 0.0005057657 3.9235565e-06 1.2780676e-05 8.220513e-05 6.0146135e-06 0.000808335 0.06397215 1.2945416e-06 5.2597695e-08 0.17184149 0.4174396 2.0202064e-05 3.9430004e-05 0.068376884 1.0893261e-05 1.5553547e-06 0.00090004195 0.17179155 0.006203864 3.2847055e-07 0.052868623 0.0031611098 6.2965705e-07 1.0917003e-07 1.4484425e-08 5.994313e-08 0.019593116 0.014264642 0.009859513 0.00029325834 3.1481534e-08 0.01389864 3.2893247e-06 2.555674e-08 0.00011878066 0.00167878 0.00052781514 0.0063468004 4.8770897e-08 1.6345211e-08 1.3332415e-07 3.345782e-08 1.3653446e-06 0.0030567024 0.0015766512 0.001370011 9.0335855e-10 2.0925153e-08 4.894162e-06 0.012991107 2.0346253e-08 4.846889e-05 1.2654522e-08 3.382883e-07 2.2286342e-09 6.630201e-09 0.004149753 1.536656e-07 0.00037908397 0.009311248 0.001258846 3.7198123e-07 0.0027318604 1.2742459e-09 1.3445045e-05 3.9381632e-07 5.033031e-07 4.2341467e-06 5.860171e-06 3.4729812e-09 0.00018248876 1.2581485e-05 0.0076992754
0.9547656 0.05441462 0.007825389 0.1318654 0.6689854 0.7027108 0.42590326 0.006085022 0.8782165 0.019471876 0.0028530315 0.8075999 4.1243e-16 0.8997861 0.6231374 0.21532196 0.039300118 0.004744186 0.0028084568 0.00065834634 0.8930598 0.0072511192 0.001722644 0.00035859508 0.019200072 0.03184214 0.11867609 0.145184 0.00831626 1.50308215e-05 2.2434444e-05 0.0029029406 4.111136e-05 0.0006319428 0.12705159 1.1022655e-05 1.0226896e-06 0.026840178 0.023645185 0.000939844 0.0013455084 0.2628481 0.000573809 9.323985e-05 0.0013765554 0.03190194 0.03125959 4.109059e-05 0.014459703 0.016303042 0.00015577194 1.3093497e-05 3.6753975e-06 6.855286e-06 0.0019972464 0.0012919743 0.0026248253 0.00023712189 2.2476834e-06 0.03433805 0.00013104273 9.95925e-06 0.0059102266 0.0014502194 0.00065252004 0.008569827 3.2465766e-07 4.9176225e-07 4.7993353e-06 6.7248374e-07 0.0005398823 6.561481e-05 0.00011584171 0.0005028428 5.550883e-07 2.1032119e-07 2.5338811e-06 0.00620997 6.969672e-08 1.9619914e-05 6.040429e-08 1.465942e-07 2.7031566e-09 1.098905e-08 0.0041830144 1.3750285e-06 0.00023629186 0.0052752984 0.0021189065 5.4502414e-07 0.0008418162 2.8882246e-08 5.3117037e-05 2.2551866e-07 9.412737e-07 5.8301113e-05 1.4085557e-05 3.111571e-08 6.079703e-05 2.5719475e-05 0.005259069
0.69860774 0.051075682 0.0048176446 0.09055485 0.7481633 0.5223462 0.55002886 0.00849713 0.75616044 0.039972086 0.0015425322 0.8529206 0.8997861 3.6386195e-20 0.5373298 0.21503074 0.078365706 0.002492898 0.01577735 0.00021975684 0.89567643 0.006647011 0.004676681 0.00042794106 0.007889389 0.051834572 0.051928367 0.09398409 0.0013560891 1.5307733e-05 4.664707e-05 0.0004920447 7.111079e-05 0.0011807749 0.14927252 2.1654727e-05 5.9288726e-07 0.011510587 0.038102962 0.00016818389 0.00029915103 0.055355787 6.227483e-05 1.5406797e-05 0.0021134524 0.036936734 0.020702451 1.4710455e-05 0.026120313 0.0050417916 3.5542785e-06 3.9900324e-06 4.64663e-06 1.7002607e-06 0.004555079 0.0035152044 0.0039775255 0.0010258364 1.7765902e-07 0.0013574135 0.00016592896 1.3622519e-06 0.00022725979 0.00021567516 0.0007347207 0.0013568976 7.9192276e-08 1.7942847e-07 1.0536207e-06 1.2076313e-07 3.2485232e-06 0.0008601953 0.0006784414 0.00078704895 4.796166e-09 1.7002807e-07 3.9097135e-06 0.0031249956 1.2809534e-07 6.509078e-05 8.075883e-08 3.4390653e-06 1.6780074e-07 6.601053e-09 0.0047927424 2.0808369e-07 4.3029973e-05 0.0030662057 0.001394745 5.332381e-07 6.2526255e-05 1.159644e-08 2.8867212e-06 7.316647e-06 1.6834956e-07 2.0208905e-05 1.611965e-06 2.127668e-10 1.4809492e-05 3.5840363e-05 0.0011490838
0.9961832 0.0034474998 8.724375e-05 0.0013809615 0.17494322 0.08927055 0.017984383 0.000981708 0.28271505 0.0018644065 0.00027993022 0.9427439 0.6231374 0.5373298 1.4224358e-12 0.650723 0.20960231 0.0016529175 0.00017794211 2.3221255e-05 0.6335689 0.00030382254 0.0028744664 2.8032518e-05 0.00073066104 0.0007016312 0.005248432 0.006682732 0.001096119 4.9595565e-06 3.278046e-07 8.019294e-05 8.869639e-08 0.00023801954 0.009506348 1.5383729e-07 2.9679592e-09 0.21545051 0.5527758 4.0698058e-05 5.445488e-05 0.040065665 2.122886e-05 2.8114405e-06 0.0018848336 0.20257926 0.0011234352 8.137914e-09 0.28937438 0.0013601242 6.5292403e-07 1.5793425e-07 2.3248685e-09 7.44732e-08 0.021648113 0.00928419 0.009903348 7.519705e-05 5.3786278e-09 0.012830447 2.6014734e-05 5.722444e-08 0.00022729817 0.0017893149 0.0050203544 0.0029358463 4.6911947e-10 3.726541e-09 3.165168e-08 4.3633874e-09 1.4295159e-06 0.0011622753 0.000693288 0.000614836 7.116485e-11 4.7862303e-10 7.2528494e-10 0.005139068 3.8567305e-10 1.5502177e-06 2.6994199e-10 3.836395e-09 5.881783e-08 1.196488e-10 0.025531193 2.3981186e-09 0.00078663963 0.22686788 0.006083914 8.428562e-11 0.011650053 1.6505653e-11 0.000112807094 2.9628305e-08 1.2454934e-08 4.936488e-07 2.7708413e-07 3.4205713e-10 0.00044140307 2.317128e-05 0.18993483
0.9790469 0.30847776 0.03221508 0.13326615 0.48271322 0.3167778 0.24059786 0.15623961 0.21520948 0.09140084 0.07184593 0.42387667 0.21532196 0.21503074 0.650723 5.7420045e-19 0.926961 0.10213831 0.0077288123 0.022304075 0.109983504 0.024623832 0.18562332 0.025263518 0.02285907 0.029437069 0.014962382 0.019194506 0.010925425 0.0047190543 0.0017915687 0.00860643 0.00086162845 0.03650162 0.015685368 0.00034144963 0.00021567805 0.07322278 0.5003763 0.0007242431 0.001084804 0.01998753 0.00063383626 9.321628e-05 0.11601618 0.025619864 0.0029459947 4.1247713e-05 0.7922836 0.0010338763 1.5754464e-05 1.1150565e-05 1.2589761e-06 1.71086e-05 0.04202772 0.024171812 0.018692402 0.06255574 6.538415e-06 0.0034876843 0.008949118 0.00010068295 0.0003678701 0.0003712082 0.13342102 0.00387272 4.218291e-06 6.607093e-07 4.731787e-06 1.5737112e-06 1.5809625e-05 0.015371288 0.005150743 0.0038969254 2.469658e-07 3.2712788e-07 0.0050046775 0.028565075 6.3406804e-07 0.0012252688 2.6034462e-07 0.00023392748 3.0560009e-06 1.33265345e-08 0.33459413 9.851259e-08 0.001765555 0.22173315 0.10644536 3.2986782e-07 0.012462148 1.0453336e-08 0.0001309915 7.616744e-07 5.1884103e-07 7.16917e-05 5.7585406e-05 9.863688e-08 0.0005069626 0.00021935084 0.091035575
0.96969897 0.33535555 0.035141904 0.10951636 0.18789095 0.09003431 0.122301675 0.588726 0.048657432 0.10439356 0.092169635 0.1565861 0.039300118 0.078365706 0.20960231 0.926961 5.8525284e-20 0.181008 0.008421583 0.027915565 0.029914988 0.018657317 0.28697738 0.027167683 0.01911147 0.027689967 0.011723875 0.01214401 0.005955587 0.006917799 0.0048938333 0.0061916346 0.0018460848 0.12695451 0.008045362 0.0014567886 0.00060953456 0.01994956 0.17770302 0.0016915223 0.002457303 0.0045728176 0.0005018853 0.0002598546 0.13828063 0.00994224 0.0016226842 0.00014126446 0.58608115 0.00026605494 3.423132e-05 2.0909407e-05 5.3540043e-06 4.6047815e-05 0.008729961 0.007468868 0.0053348714 0.13635615 1.5961225e-05 0.0006995806 0.014536168 8.4258965e-05 4.27652e-05 6.7146226e-05 0.12409634 0.00028110278 1.2528517e-05 2.5405257e-06 1.3375294e-05 5.9766016e-06 6.8070385e-06 0.0052734627 0.0016436415 0.0012844203 1.4769499e-06 1.9265742e-06 0.005535461 0.014303744 1.1931086e-06 0.0029956058 7.641153e-07 0.001705281 0.00017295114 1.06996424e-07 0.2210368 4.7885635e-08 0.00032608616 0.09744369 0.0817332 1.7372314e-06 0.0008849717 1.8935514e-08 2.6982712e-05 1.0397961e-05 2.0040388e-06 0.00013369958 8.129872e-05 3.7470858e-07 8.675522e-05 0.00040191202 0.03207851
0.97241974 0.31377694 0.07427293 0.115513 0.027785383 0.07629599 0.042880014 0.75191325 0.013339355 0.12962137 0.40867716 0.001836075 0.004744186 0.002492898 0.0016529175 0.10213831 0.181008 1.3311656e-18 0.016430594 0.3697625 0.0017473745 0.052132715 0.87307775 0.25346622 0.04583731 0.013988292 0.0031795409 0.002219822 0.036153298 0.20080642 0.18087691 0.09906951 0.064904906 0.8762313 0.00012697208 0.10675738 0.48731667 0.00091141165 0.0014603997 0.018160041 0.01645505 0.00022899569 0.00896764 0.037258007 0.64999455 8.49335e-05 0.00025427676 0.041132975 0.07614751 8.86972e-05 0.0035703392 0.00030587596 0.021011384 0.00012471208 0.00012169922 0.00039883435 0.00023656333 0.4825979 0.000695793 0.00010450167 0.17621543 0.07021114 7.597896e-05 3.4588597e-06 0.11090565 1.3895446e-05 0.010939506 5.2166292e-06 1.8374745e-05 1.8109668e-05 1.7031422e-05 1.0498479e-05 2.4521618e-05 0.00014687878 2.3941679e-05 2.0683254e-05 0.05334658 1.6294172e-05 3.1286809e-06 0.015576996 2.7013075e-06 0.008815875 0.0057351114 1.421645e-07 0.0690768 2.7794985e-07 4.615293e-05 0.010116839 0.086474724 9.151507e-06 6.360188e-05 2.3824583e-05 8.808655e-05 0.00019990682 0.0004144645 0.00035773343 0.00061208714 1.9187182e-05 3.1352054e-05 0.0017850632 0.0004195471
0.32946903 0.12316316 0.07601218 0.29656976 0.045900214 0.068184055 0.47835815 0.1236306 0.015967727 0.8584561 0.3822973 0.0020974076 0.0028084568 0.01577735 0.00017794211 0.0077288123 0.008421583 0.016430594 5.103784e-22 0.38489714 0.0059469375 0.93964005 0.012345602 0.5232602 0.61320883 0.7220068 0.08658398 0.05587939 0.1114288 0.038234424 0.024897266 0.36909813 0.02564455 0.0034477813 0.049162913 0.087767415 0.000885108 0.000102955724 3.7957598e-05 0.12290591 0.11798957 0.0021409425 0.05992664 0.09982151 0.004981787 0.00038756922 0.014872058 0.031964418 0.001148535 0.001515558 0.0037675716 0.00015419285 0.0019828125 0.00014985428 9.060467e-05 9.30423e-05 0.00014840167 0.0014783423 0.00016664367 4.871349e-06 0.00038254226 0.00069939916 5.040664e-05 7.657546e-07 0.00043536056 9.036224e-06 5.4893453e-06 1.5681276e-06 3.553292e-06 1.0074316e-06 1.690224e-06 3.409067e-07 2.2929167e-07 1.4292377e-06 5.475942e-07 2.625724e-06 1.8549641e-06 9.007109e-06 2.2979276e-07 1.9891384e-05 2.1180426e-07 2.9624425e-05 3.277033e-05 3.3095283e-08 0.0011399242 2.7352922e-07 4.514185e-08 0.00024507908 0.00036020807 8.169298e-07 2.932864e-07 1.6777665e-08 8.3560684e-07 1.2742539e-06 9.080721e-08 9.384464e-06 2.1062158e-06 3.9548698e-09 4.732487e-06 9.496321e-05 1.6744347e-05
0.92196727 0.33512688 0.10418723 0.084437065 0.0010854058 0.013994243 0.019068632 0.470561 0.0013547972 0.34760374 0.94169223 7.8775025e-05 0.00065834634 0.00021975684 2.3221255e-05 0.022304075 0.027915565 0.3697625 0.38489714 4.7988687e-19 0.00010374759 0.096570686 0.15061052 0.9496766 0.048625592 0.027805911 0.002415103 0.00092442415 0.011908964 0.3778009 0.57297456 0.1830496 0.5963739 0.09824733 0.001360712 0.56724304 0.50899905 0.00014207295 7.734397e-05 0.037123043 0.029285053 0.00024605612 0.004414208 0.09513415 0.084812425 0.00017952321 0.00058078254 0.06840151 0.003966983 0.00023685701 0.0025005173 0.000282462 0.021958465 0.0002191635 4.233585e-06 2.0341102e-05 1.2188023e-05 0.019207584 0.0007972535 1.3467303e-06 0.008221681 0.045474507 1.7598335e-05 6.408304e-07 0.0043239975 4.13376e-06 0.0039981976 7.812875e-07 3.3543895e-06 1.8545378e-06 5.065022e-07 1.6685287e-07 1.8377206e-08 1.3094052e-06 1.7994189e-05 3.0854393e-05 0.0021776003 2.0261036e-06 8.695369e-07 0.0027621114 7.859725e-07 0.0041301805 0.011319759 4.0141423e-08 0.0050739916 2.3056687e-08 1.3981074e-07 0.0007278957 0.0043687928 6.109962e-07 4.2677298e-06 6.1913363e-07 1.5459193e-05 0.00022318814 0.00014523088 6.8969166e-05 0.00063561014 1.3439494e-07 1.8899733e-05 0.0029187833 0.00019746857
0.9042674 0.016723737 0.0024346693 0.05311047 0.5189017 0.51240635 0.3609891 0.0016550745 0.7739647 0.008797477 0.00068745867 0.8359308 0.8930598 0.89567643 0.6335689 0.109983504 0.029914988 0.0017473745 0.0059469375 0.00010374759 6.17785e-19 0.01605887 0.001475059 0.00030793264 0.019590564 0.14540555 0.33689874 0.5310482 0.0030173215 3.6013902e-05 6.9201546e-05 0.0010158241 4.3722768e-05 0.0003930039 0.79177827 1.47265255e-05 9.418676e-08 0.046183173 0.04364633 0.00026512335 0.0004832809 0.6511789 0.00015236533 1.9184603e-05 0.00068316766 0.18980446 0.28205645 4.376777e-06 0.014906358 0.07696765 3.0655152e-05 2.2419961e-05 1.857182e-06 8.829611e-06 0.009198302 0.0063743275 0.006694853 0.00033038872 2.452182e-06 0.08880253 2.001513e-05 3.7459498e-07 0.012471173 0.0064782416 0.00043353258 0.05189749 6.2715317e-09 1.4807592e-06 5.1643033e-06 6.812964e-07 0.0004004217 0.0007765535 0.0007159051 0.0010551276 2.536855e-08 1.5076114e-07 5.7786866e-07 0.011727778 1.841813e-07 1.6573513e-05 1.2499753e-07 1.4212002e-07 5.704873e-09 3.7524337e-08 0.0052638883 1.0246556e-06 0.00026024025 0.0041133957 0.0011000634 4.4268205e-07 0.0010106298 1.7708033e-09 0.0005507621 1.0824173e-06 9.163068e-08 5.8899026e-05 5.943382e-07 2.2188585e-08 0.00019423013 2.1376167e-05 0.0044371593
0.8929811 0.084692016 0.04322702 0.20448732 0.015408907 0.0813356 0.18604851 0.043711685 0.03725785 0.5495416 0.10175195 0.0019058088 0.0072511192 0.006647011 0.00030382254 0.024623832 0.018657317 0.052132715 0.93964005 0.096570686 0.01605887 6.617937e-19 0.020633986 0.27108172 0.79027134 0.83708274 0.20761168 0.11819636 0.51108503 0.04768147 0.0083246585 0.5444345 0.007380361 0.007647511 0.027145293 0.033206835 0.0017401166 0.00019204382 0.00027132878 0.2085716 0.22067218 0.0063863085 0.18540432 0.2277965 0.0109289065 0.00055853126 0.07359258 0.02688165 0.004657613 0.010358077 0.12534034 0.020983048 0.029317336 0.017592851 0.00042940854 0.00045785515 0.0011326519 0.002107149 0.024560472 0.00025984098 0.00080036395 0.0020694828 0.0025394342 4.276088e-05 0.00085087214 0.00023371185 1.28770835e-05 0.0006869606 0.0031164598 0.0014900409 0.0018892733 5.8050284e-07 5.343978e-07 9.344169e-06 0.00073737896 0.0004874129 4.485487e-05 0.00011724244 3.8362712e-05 0.00012910081 5.374445e-05 2.4706098e-05 1.6619651e-05 8.871268e-07 0.0046062046 4.1264437e-05 6.044319e-06 0.0011529264 0.0015970477 1.0688722e-05 2.2950215e-05 2.4179073e-07 3.8564387e-05 1.9955225e-05 2.0249176e-06 0.00013936474 3.094005e-05 5.63526e-07 2.6363616e-05 0.00013997385 0.00034913525
0.97970974 0.3815116 0.031193657 0.058765944 0.013034164 0.018921096 0.036747802 0.8176747 0.004261912 0.09540529 0.2273801 0.0037697046 0.001722644 0.004676681 0.0028744664 0.18562332 0.28697738 0.87307775 0.012345602 0.15061052 0.001475059 0.020633986 3.4740898e-19 0.10312823 0.019130481 0.009309578 0.0023355468 0.001645603 0.008072454 0.06379366 0.06177468 0.020634796 0.032525282 0.7716735 0.0004989291 0.04837289 0.1307325 0.0014195512 0.009757228 0.0059047565 0.0055081304 0.00033097374 0.0017113538 0.008113874 0.44530937 0.00033240634 0.00025179176 0.009162236 0.15755765 0.00016450789 0.0003584942 5.6499615e-05 0.0015937954 5.345237e-05 0.0009106557 0.0017082427 0.0012028574 0.4468243 0.00015303785 5.8712216e-05 0.059310745 0.013109241 0.00016628347 1.01889045e-05 0.111558355 4.9072132e-05 0.0011280037 4.371449e-06 1.7643608e-05 1.739281e-05 1.858331e-05 0.00011359301 0.00013604603 0.0004034183 8.497729e-06 3.838595e-05 0.030148452 0.0002998588 8.928912e-06 0.012297089 9.79707e-06 0.005561876 0.0033163028 1.7661813e-06 0.13429776 5.583802e-07 3.2252527e-05 0.024740163 0.10005272 4.0476e-05 3.5026787e-05 2.1173892e-06 0.00011256637 0.00011474122 4.6184676e-05 0.0009220851 0.0005835621 2.3655168e-05 8.9043075e-05 0.00091718824 0.0030887444
0.9396279 0.15708032 0.049204614 0.048732758 0.000889255 0.004434833 0.013432538 0.17676282 0.0005846004 0.2862791 0.6804818 0.00011053641 0.00035859508 0.00042794106 2.8032518e-05 0.025263518 0.027167683 0.25346622 0.5232602 0.9496766 0.00030793264 0.27108172 0.10312823 9.224334e-20 0.15732186 0.07485191 0.007198327 0.0036468653 0.0743828 0.64979976 0.56048745 0.4846862 0.5190935 0.06567234 0.0019952934 0.85345167 0.28930622 0.00013411437 4.913043e-05 0.23095545 0.20267084 0.00069907005 0.0731002 0.57761335 0.057708163 0.00010121543 0.0031422223 0.3546473 0.00438336 0.0008037968 0.12226553 0.009406811 0.17469317 0.008700936 6.8475765e-06 1.0995001e-05 1.3332314e-05 0.00968422 0.030568173 6.478396e-06 0.005360821 0.058967173 0.00021699617 2.464589e-06 0.0042115822 1.6239675e-05 0.002857379 9.232008e-05 0.00015222198 0.000575469 1.0695095e-05 2.8381315e-08 7.4022535e-09 6.885927e-07 0.0081696 0.0026121994 0.0009806353 1.0546116e-05 3.851426e-05 0.0016939131 9.258459e-05 0.0014844596 0.0034400923 2.909086e-07 0.0058970237 2.158655e-06 2.1983217e-07 0.0012044956 0.004268726 1.6989388e-05 9.9095105e-06 7.424575e-07 4.0640385e-05 0.0002952344 0.00016298766 0.00066756684 9.163956e-05 7.0532843e-07 6.106636e-05 0.0019526919 0.00041103936
0.92633355 0.0616219 0.07875873 0.2340031 0.024382047 0.16038859 0.11880209 0.015715921 0.104740925 0.24874285 0.05839093 0.0016142274 0.019200072 0.007889389 0.00073066104 0.02285907 0.01911147 0.04583731 0.61320883 0.048625592 0.019590564 0.79027134 0.019130481 0.15732186 4.13255e-17 0.8933971 0.46879992 0.2658199 0.8603487 0.058923732 0.0071714744 0.69077295 0.0026692692 0.003878582 0.027551247 0.015836177 0.0005096219 0.00020005538 0.00024932486 0.4332747 0.4605518 0.0070632105 0.5417933 0.39231223 0.010798553 0.0006717915 0.23479809 0.019579832 0.0026992816 0.049196858 0.47934112 0.19898744 0.06031427 0.16994095 0.00054705696 0.000548848 0.0010987497 0.0015124999 0.15247746 0.00049365405 0.00067079987 0.0008599054 0.010020745 0.00018679177 0.0006122101 0.0003954959 1.228181e-05 0.011260529 0.035196077 0.012583197 0.017049551 1.3751368e-07 4.6508836e-07 2.0894196e-05 0.011525707 0.0021530103 4.536193e-05 0.00016666768 0.0008201473 0.00023795235 0.00057049096 3.9613496e-06 8.623271e-06 3.9576928e-05 0.0042042667 0.0007647902 2.6439226e-05 0.0011876267 0.0016116255 5.163547e-05 0.00014420929 6.627711e-07 0.0003320404 5.8917678e-05 6.865846e-06 0.0008377369 2.8315824e-05 5.8673177e-06 6.14527e-05 0.0002790102 0.0008974723
0.74259394 0.03208909 0.013179672 0.10330563 0.042672932 0.10370198 0.28618395 0.019684393 0.053791195 0.2843661 0.023480887 0.013330904 0.03184214 0.051834572 0.0007016312 0.029437069 0.027689967 0.013988292 0.7220068 0.027805911 0.14540555 0.83708274 0.009309578 0.07485191 0.8933971 4.0388332e-19 0.74965876 0.6395519 0.8501143 0.008218734 0.0033063078 0.45010838 0.0033217517 0.0017665968 0.38837796 0.009268579 4.1422503e-05 0.0005617411 0.0013014079 0.2719014 0.3111276 0.04550686 0.37832004 0.16911246 0.0032572052 0.0032760492 0.5421498 0.02213149 0.0042015375 0.15059616 0.23045146 0.055022076 0.009011543 0.050142128 0.00077045633 0.0007922349 0.0016179162 0.000857264 0.02182036 0.00040971988 0.00018664238 0.00011584768 0.01876341 0.00014509964 0.0005249047 0.0050847237 8.357997e-07 0.002590685 0.0093893735 0.0016001202 0.011773433 2.254089e-06 6.8570184e-06 5.5999553e-05 0.00051658234 0.00024008159 6.0621164e-06 0.0011782086 5.034726e-05 8.803222e-05 3.0732695e-05 1.3096851e-06 5.786445e-07 3.18601e-06 0.0042286487 9.867419e-05 3.9032297e-05 0.0012284846 0.0008092599 5.268521e-06 0.00033480008 2.3750228e-08 0.000274976 1.2525828e-05 1.3238449e-06 0.000426819 2.1113342e-06 5.416416e-07 1.8109238e-05 6.90326e-05 0.00054473814
0.72977936 0.008123158 0.015309852 0.10819975 0.03691406 0.15308729 0.104661286 0.0023011977 0.22335844 0.045642827 0.0049108327 0.027272599 0.11867609 0.051928367 0.005248432 0.014962382 0.011723875 0.0031795409 0.08658398 0.002415103 0.33689874 0.20761168 0.0023355468 0.007198327 0.46879992 0.74965876 1.6542138e-16 0.9761335 0.6129883 0.0031117215 0.00074247376 0.09451255 0.00029062867 0.00044366982 0.6230711 0.0004613729 6.9995604e-06 0.0004596044 0.0010753232 0.0744209 0.07956544 0.4362559 0.13573611 0.0142336255 0.0017879461 0.0020595703 0.7384781 0.0015268637 0.0018333978 0.2978283 0.13744767 0.055386335 0.0010941811 0.077526525 0.0006016714 0.00048262364 0.0008098114 0.00044781106 0.022308731 0.0021807142 7.4295116e-05 9.979415e-06 0.048389412 0.0006697295 0.00010805021 0.0055699535 3.5045127e-07 0.0083585195 0.027582303 0.0026516523 0.06856182 1.0159747e-05 2.7483766e-05 0.00016447651 0.0004518743 5.1298037e-05 2.0855387e-06 0.0010987822 0.000108726745 4.158903e-05 4.030528e-05 9.316518e-07 4.4719647e-07 7.982798e-05 0.001510052 0.0028012595 6.91129e-05 0.0009564195 0.0004963098 1.089833e-05 0.00019714456 1.1075013e-07 0.0011085634 1.7119453e-05 8.721451e-06 0.0018349504 4.144829e-06 1.3023625e-06 4.1355284e-05 0.00012442398 0.0006096093
0.6597192 0.008383323 0.0073750666 0.06257973 0.05081883 0.13235033 0.108344086 0.0016757911 0.167211 0.03837448 0.0024108908 0.06778314 0.145184 0.09398409 0.006682732 0.019194506 0.01214401 0.002219822 0.05587939 0.00092442415 0.5310482 0.11819636 0.001645603 0.0036468653 0.2658199 0.6395519 0.9761335 3.228506e-16 0.34555256 0.0010413105 0.0003787432 0.01991418 0.0001462629 0.0002565298 0.7538657 0.0001294644 2.353484e-06 0.0012187245 0.0028976852 0.025349008 0.03498539 0.58598125 0.048234507 0.0037550349 0.0008604641 0.0060816924 0.74502504 0.00066835515 0.001843175 0.30947274 0.019079873 0.010922644 0.00018977026 0.010688916 0.0010998074 0.000776167 0.0010317019 0.00018429772 0.0036044004 0.0053569647 3.3621865e-05 2.7890028e-06 0.055465575 0.0011311859 5.706006e-05 0.012321482 5.4895814e-08 0.0014836127 0.004382883 0.0003260756 0.05101449 3.4052104e-05 6.0219518e-05 0.0002493118 9.704059e-05 1.0032376e-05 1.2705166e-06 0.002788616 3.203769e-05 2.5904266e-05 8.741185e-06 4.2725816e-07 9.482921e-08 3.255205e-05 0.0015403182 0.0015044023 0.00021076726 0.00108016 0.000455434 3.814024e-06 0.00021267695 6.8439455e-08 0.0015218649 7.694041e-06 4.1490207e-06 0.0010838195 1.589849e-06 8.402472e-07 7.970194e-05 3.905378e-05 0.0007223035
0.9022926 0.030362733 0.038585324 0.07936576 0.0044136653 0.08672625 0.025634488 0.0037441233 0.022023458 0.057381563 0.015530751 0.0005057657 0.00831626 0.0013560891 0.001096119 0.010925425 0.005955587 0.036153298 0.1114288 0.011908964 0.0030173215 0.51108503 0.008072454 0.0743828 0.8603487 0.8501143 0.6129883 0.34555256 4.448909e-18 0.04243018 0.006649459 0.5586352 0.000730024 0.0032208068 0.018380381 0.0046667433 9.683258e-05 0.00015427903 0.00021610505 0.61491597 0.6679264 0.0029143859 0.8509988 0.4667717 0.0102612665 0.00052042294 0.30068517 0.013523883 0.0016847341 0.036143385 0.6840774 0.53140134 0.06642188 0.48974591 0.00030243178 0.00063304487 0.0018897229 0.0006518055 0.42046443 8.290503e-05 0.00069228833 0.00020101218 0.0066120354 9.623689e-06 0.00047517434 0.00018910541 4.844218e-07 0.061574712 0.17048128 0.10709324 0.040479794 2.4638288e-07 5.4853086e-07 1.9242872e-05 0.030316543 0.00813261 4.969304e-06 1.14976665e-05 0.0035584047 0.00020230049 0.0049980185 1.6090714e-06 1.8570279e-06 0.000780096 0.0026203499 0.0042089126 2.373685e-06 0.00046650568 0.0012364223 5.764343e-05 0.00024528813 3.4220953e-08 0.0004506519 1.15983485e-05 2.456027e-06 0.00037075093 1.1817414e-06 2.0489626e-06 9.401707e-06 0.000183936 0.00028671318
0.961664 0.034971204 0.008089462 0.0017555399 7.237722e-05 0.00043816608 0.0014358748 0.029413503 9.522139e-05 0.028982203 0.080374025 3.9235565e-06 1.50308215e-05 1.5307733e-05 4.9595565e-06 0.0047190543 0.006917799 0.20080642 0.038234424 0.3778009 3.6013902e-05 0.04768147 0.06379366 0.64979976 0.058923732 0.008218734 0.0031117215 0.0010413105 0.04243018 9.0896164e-18 0.54333043 0.3657898 0.29788688 0.04375623 0.00045183254 0.93233615 0.33152398 0.00016943624 8.9402914e-05 0.16533896 0.11546082 0.00028165797 0.08476789 0.7129624 0.09775887 0.00017234671 0.0028225004 0.69484174 0.0015096847 0.0029551145 0.42099223 0.10130265 0.71951514 0.090958595 7.801852e-06 1.2908734e-05 6.0302507e-05 0.017561026 0.34235638 4.9314654e-06 0.01990971 0.3186838 0.00026680934 2.4501296e-06 0.0053042076 2.808912e-05 0.0025768185 0.00364785 0.002796659 0.013090602 3.8049075e-05 2.6348895e-08 1.4164455e-07 9.58639e-06 0.19054008 0.03404507 0.00079156534 2.4663748e-05 0.014441338 0.002029914 0.014341423 0.002432635 0.0074954806 2.3349563e-05 0.003689324 0.00013338157 1.3048086e-07 0.0006154793 0.004898416 0.0025530462 7.397583e-05 2.3759078e-05 0.00026045876 0.002678199 0.00063947676 0.00875957 0.00058770453 0.00016854148 0.0003433344 0.00530841 0.0008473912
0.90113074 0.016858263 0.0029335304 0.000423513 8.9999856e-05 0.00021887713 0.000407006 0.023742246 6.66844e-05 0.007022096 0.073396474 1.2780676e-05 2.2434444e-05 4.664707e-05 3.278046e-07 0.0017915687 0.0048938333 0.18087691 0.024897266 0.57297456 6.9201546e-05 0.0083246585 0.06177468 0.56048745 0.0071714744 0.0033063078 0.00074247376 0.0003787432 0.006649459 0.54333043 9.613444e-19 0.05605173 0.9633131 0.05997586 0.00032525783 0.8370476 0.68516 2.537241e-05 2.2673059e-05 0.015841419 0.012714264 0.00020282362 0.005167703 0.1658111 0.08269772 5.2290045e-05 0.0005908136 0.39364234 0.0017361332 0.0006610964 0.021229355 0.0017636005 0.23928432 0.0016420849 1.0232066e-06 2.9910022e-06 8.038945e-06 0.026451472 0.009405079 6.8354266e-06 0.020738207 0.51039636 5.8622194e-05 6.2435715e-06 0.006139023 8.321551e-06 0.032289673 8.630561e-06 1.6586178e-05 2.6933942e-05 5.5585783e-06 3.3870684e-08 2.9290446e-08 4.118111e-06 0.008857641 0.0013109966 0.004301633 9.382665e-06 3.327668e-05 0.004467306 2.6578577e-05 0.0047714175 0.02547012 4.6098094e-08 0.0049347826 3.843005e-07 2.1748603e-07 0.00033707908 0.004016892 1.7141934e-05 2.3035238e-06 0.00017444481 8.806111e-05 0.0033590554 0.002177621 0.003630031 0.00056634756 5.642025e-07 2.7361543e-06 0.0053068255 1.5413292e-05
