1.943244e-25 0.9284253 0.8458089 0.8729478 0.64378154 0.9767969 0.90846306 0.9755186 0.9328451 0.98751056 0.9000905 0.917212 0.9305455 0.93285584 0.98879665 0.79659003 0.95583093 0.9199897 0.7347047 0.9490018 0.7791932 0.9365602 0.97010493 0.7444653 0.60972184 0.8166893 0.91516644 0.931172 0.87220335 0.27496573 0.27966958 0.47505435 0.17754073 0.99338293 0.33113173 0.9886837 0.9774719 0.9707572 0.2529636 0.97128624 0.7571939 0.98235816 0.16896603 0.21306208 0.55513734 0.29254684 0.1176267 0.9958083 0.9450473 0.1128816 0.097572125 0.85105973 0.980944 0.8175399 0.99947286 0.0050504585 0.00634842 0.0076279873 0.06506635 0.07204098 0.008072076 0.02413004 0.8026113 0.015427861 0.015594207 0.013961344 0.003308156 0.0036682948 0.9914766 1.0194406e-05 0.9523452 0.96320283 0.99885535 0.9855702 4.89331e-05 0.9999036 0.7912017 0.0038500926 0.99764246 0.7739124 0.563216 0.2741596 0.9009689 0.93022895 0.579897 0.91242164 0.98578227 0.12489386 0.009001961 0.067451485 0.13669485 0.005483154 0.00019897465 3.655518e-06 0.00080484926 0.99993706 1.8669429e-05 0.99968255 0.99968666 0.008240486 0.85581255
0.9284253 6.714473e-17 0.867004 0.49316832 0.60476506 0.88014543 0.31126732 0.54232216 0.56453365 0.75618696 0.1123922 0.48113227 0.07791389 0.3186635 0.36219287 0.19258167 0.32955843 0.18883325 0.08823827 0.09379176 0.10380997 0.27412188 0.0071885823 0.058876142 0.056464218 0.004445957 0.060895152 0.00057101843 0.0013754674 0.0543584 0.054897536 0.033512995 0.013940841 0.00096327986 0.017486893 0.00062077167 0.11714041 0.13211678 0.0028878597 0.15222411 0.007976745 0.12118432 0.017411692 0.015690222 0.0013663713 0.0049503916 0.0029694121 0.03022309 0.00051249727 0.0051675895 0.0031549192 0.0006835356 0.0035004648 0.00014677139 0.012228261 9.9536424e-05 4.949929e-05 0.00017582542 0.00014509549 0.00091013045 0.0004155852 0.00012340333 5.537715e-06 0.00025673467 0.00015894459 0.00016693604 4.3287298e-07 8.6439996e-07 0.007578015 2.8930321e-08 0.0010028617 0.0011103017 0.005013376 0.0019737775 8.7537273e-07 0.000942055 9.474664e-05 1.949692e-07 0.001133504 7.5857947e-06 2.9294831e-06 0.00040617623 1.2577934e-05 1.9708807e-05 3.3821655e-06 5.0558578e-05 0.0008162135 1.4461968e-06 8.064919e-07 2.8860099e-05 4.0021878e-05 2.3604081e-05 1.2042083e-06 3.6460665e-07 9.482234e-06 0.002804439 1.0987407e-06 0.0050405823 0.0025502306 6.302405e-05 0.00022271482
0.8458089 0.867004 2.0112474e-19 0.3196871 0.57840276 0.36237183 0.2117808 0.8740581 0.35322994 0.8182944 0.019326799 0.82270724 0.01864051 0.12551661 0.5593216 0.31040302 0.26930213 0.040448207 0.5344958 0.3027244 0.09986838 0.03515041 0.0079625845 0.088880636 0.2874679 0.0013947636 0.26991108 0.00083397044 0.0004263288 0.011886861 0.014843324 0.0014589707 0.0014175265 0.01368099 0.07646699 0.00013575339 0.045048784 0.21312891 0.00091535447 0.11988389 0.010857687 0.049676303 0.018943168 6.990172e-05 5.079404e-05 4.309013e-05 1.1228443e-05 0.015240095 0.0007865938 0.002622301 1.0096029e-05 0.0016520169 0.002744214 2.3759783e-05 0.00856488 6.737953e-07 3.0827715e-07 1.2956976e-06 3.2981876e-05 0.0001623293 8.322915e-08 1.237884e-06 5.3546732e-06 4.4432738e-07 5.654285e-05 1.4867655e-05 1.6560968e-07 1.500597e-07 0.020843673 2.0533381e-08 0.00083947956 0.0012164429 0.002839939 0.0017278597 1.7361987e-07 0.000675856 8.2958584e-05 1.3809009e-07 0.0013731202 0.00014816946 4.284791e-05 0.00010969691 8.985866e-06 4.2366086e-05 9.1577e-05 7.522947e-05 0.00036663515 2.7620677e-08 8.557552e-06 1.4313752e-06 2.083667e-05 5.3704043e-06 2.3627629e-06 7.4137483e-07 8.2650135e-05 0.007959388 1.7216764e-06 0.004746564 0.0038084618 5.977214e-07 1.858549e-05
0.8729478 0.49316832 0.3196871 4.2390947e-18 0.6165841 0.8364656 0.14551033 0.038673222 0.5767441 0.24780159 0.9282114 0.03188786 0.65213674 0.0647102 0.0064096986 0.04696839 0.81573373 0.023790598 0.0052783657 0.0018007992 0.0068769343 0.16479102 0.18254219 0.0040893834 0.002316779 0.11414008 0.0015721438 0.10578705 0.07218661 0.05529423 0.045621905 0.05460943 0.004019857 0.00012583376 0.003355023 0.063444726 0.31493932 0.06385074 0.014840132 0.11179428 0.00048055415 0.28033283 0.0018756142 0.0020726942 0.0013137044 0.00034209178 0.00014374602 0.11155934 0.00019686406 0.0008242395 0.00033404137 0.0003215476 0.00094701926 0.0024615603 0.054912876 2.7289957e-06 1.5270006e-06 3.626161e-06 1.109513e-05 9.509842e-05 3.885203e-05 1.2700442e-06 0.0008512399 9.553853e-06 3.908821e-05 9.188244e-06 3.3452177e-06 2.9313417e-06 0.01533176 4.2458158e-08 0.00022925026 0.0006374352 0.03261494 0.0005165372 1.5027258e-06 0.003773658 0.0075718164 1.2389163e-06 0.003162904 1.9242194e-05 2.70733e-06 0.0003977662 1.4679062e-05 0.0048959926 0.0001862441 0.0037647542 0.0026359747 1.4752305e-05 5.2623695e-06 0.000193107 1.1797702e-05 0.00025907543 5.5663018e-06 1.6438681e-06 4.3816686e-05 0.006009362 2.8629865e-06 0.003443992 0.0047546923 2.7878608e-05 0.0014970915
0.64378154 0.60476506 0.57840276 0.6165841 5.735209e-22 0.2010795 0.92844176 0.13479435 0.19146925 0.16972794 0.37932912 0.07042291 0.5621931 0.714044 0.03746964 0.65921545 0.20191248 0.27517214 0.016642714 0.00639153 0.10448953 0.5757493 0.079346254 0.065933846 0.006713045 0.14074354 0.008083586 0.018110171 0.020134546 0.22216192 0.20684825 0.14336126 0.040817603 0.0005810928 0.039852716 0.0007562593 0.04813869 0.028878953 0.02523827 0.027190315 0.0016085784 0.0429276 0.022036724 0.0027753783 0.00074531324 0.00010268048 5.2064534e-05 0.0067214333 0.00036011756 0.0021681767 9.6470336e-05 0.00059824414 6.26779e-05 0.00012561436 0.008750552 9.0646245e-07 3.200608e-07 1.0912419e-06 1.738331e-05 5.106406e-06 2.713659e-07 2.5357824e-07 4.2121083e-06 9.713697e-07 2.264701e-06 6.9530444e-07 9.101962e-08 1.0063873e-07 0.0024401643 1.4495398e-08 0.000103234765 4.4437103e-05 0.0028960803 9.373528e-05 1.4487568e-07 0.0005906764 1.9084131e-05 3.4030823e-08 0.00034883758 9.826573e-06 1.0411233e-06 5.8198593e-06 1.2075963e-06 0.00032925195 9.684196e-06 4.917665e-05 0.000117634205 6.747164e-08 1.2978755e-06 6.0183716e-08 2.7403547e-07 8.909192e-07 3.0547787e-07 1.1383858e-07 1.4878462e-05 0.0024777148 5.088822e-08 0.0026759126 0.001322614 4.0597172e-08 5.7998266e-05
0.9767969 0.88014543 0.36237183 0.8364656 0.2010795 1.9888588e-15 0.06598415 0.10781021 0.9292637 0.5979295 0.16367376 0.026964385 0.07521797 0.092739955 0.033786252 0.022912966 0.75609374 0.056944218 0.0037888358 0.003449947 0.015927387 0.09800127 0.019657917 0.009006564 0.00088605337 0.0042460053 0.0023291684 0.0034710101 0.0032528297 0.0121361725 0.011500618 0.012538707 0.0045788595 9.1689384e-05 0.0017152713 0.0015395767 0.058587678 0.020689594 0.00215662 0.024000285 0.00080798974 0.036012586 0.002264225 0.008944903 0.0010990625 0.0020259474 0.0008759491 0.012062877 4.0640927e-05 0.000976962 0.0013420476 4.38113e-05 0.0006871817 0.00073669857 0.008209423 5.3108677e-05 2.0756206e-05 6.930715e-05 4.6749057e-05 0.00017478569 0.0004315935 9.228619e-05 4.587312e-06 0.00010621914 2.4819146e-05 7.665817e-05 5.5916057e-06 1.2337902e-05 0.003653082 1.7919146e-07 3.422453e-05 0.00014043636 0.0056849234 0.00016445297 6.521928e-07 0.00084896496 0.00024056082 3.737521e-07 0.0018239379 3.4249794e-07 1.888141e-07 0.00028371924 1.3749695e-06 4.3745295e-05 1.7192571e-05 4.267537e-05 0.000384311 5.5232263e-06 6.2009e-06 0.00011442892 4.1315703e-05 0.00010725189 2.4504568e-06 5.7703375e-07 1.1518959e-05 0.00433656 6.363009e-07 0.0073328894 0.005300847 9.3558636e-05 0.00016574454
0.90846306 0.31126732 0.2117808 0.14551033 0.92844176 0.06598415 9.732813e-19 0.09521945 0.08947445 0.15199889 0.060479637 0.017359538 0.20322403 0.83343947 0.056494422 0.78983676 0.04012741 0.5672154 0.005898264 0.007503892 0.21408284 0.6611204 0.06310073 0.13085759 0.0036632447 0.0449254 0.017061587 0.0065423395 0.004718177 0.25662446 0.2626139 0.18533207 0.1214534 0.00050582265 0.023879806 0.0025536574 0.058731373 0.04279562 0.020296155 0.024050312 0.005548632 0.038708776 0.0571932 0.041206535 0.012352974 0.007962999 0.0036398761 0.0066634594 0.0006407217 0.012216086 0.0061675464 0.001258622 0.0003269278 0.0004828228 0.008285757 0.00029585508 0.0001605223 0.00071776833 0.00083284936 0.0001921829 0.0003012053 0.0003044572 3.853413e-05 0.00039855222 0.00010217575 5.4109278e-05 1.0955332e-05 1.5255499e-05 0.005304496 3.1068316e-07 0.00074226066 0.0008496032 0.0026426408 0.0006462577 9.138999e-06 0.0008050831 4.643814e-05 1.0607381e-05 0.0008729177 1.7172368e-05 4.977491e-06 0.00016845277 5.9717986e-06 0.00021905692 3.5270947e-05 5.8707905e-05 0.00038300382 7.871487e-07 1.7084323e-05 3.745019e-06 1.1034813e-05 1.0571762e-05 8.381796e-06 6.3743056e-07 4.5775734e-05 0.005017786 4.5252048e-07 0.004541297 0.0021115455 1.0131412e-06 3.9407292e-05
0.9755186 0.54232216 0.8740581 0.038673222 0.13479435 0.10781021 0.09521945 1.7137245e-16 0.2219683 0.709965 0.010665751 0.840752 0.0066911443 0.19707504 0.81685996 0.16263601 0.050020114 0.122482054 0.5316569 0.63183504 0.19857243 0.094770804 0.0015667593 0.18387915 0.3691209 0.00019296359 0.5618637 0.00015448118 8.585251e-05 0.017988225 0.0250652 0.003248508 0.006124229 0.061155044 0.08872222 4.2216696e-05 0.06891119 0.3122408 0.00020216857 0.10340375 0.10027566 0.02453914 0.043519683 0.0030380734 0.00023614765 0.00060029444 0.00018978129 0.004579521 0.005710233 0.01525788 0.00013561311 0.0068527274 0.006472835 2.9423332e-05 0.0054359282 4.770473e-06 1.5692557e-06 1.4138476e-05 0.0015109911 0.0048138713 3.9766455e-06 0.00028335126 3.5974751e-06 2.5956408e-06 0.001273966 0.000338951 1.4982348e-07 2.9607278e-07 0.019812131 1.2213871e-08 0.0010778711 0.001442346 0.001395651 0.0017202765 9.63147e-07 0.00086308864 1.1955717e-05 9.780397e-08 0.0021413919 3.240857e-05 1.2059937e-05 0.001372696 1.765854e-05 2.1293083e-06 6.039398e-06 1.2184397e-05 0.00013053247 2.615381e-07 2.5760896e-06 3.6805889e-06 0.00026628163 9.267124e-05 1.2332627e-06 1.1083206e-06 1.3730861e-05 0.008055496 2.2118825e-06 0.009174473 0.006093082 3.0710547e-05 2.3508494e-05
0.9328451 0.56453365 0.35322994 0.5767441 0.19146925 0.9292637 0.08947445 0.2219683 6.3361684e-17 0.70931447 0.24962063 0.18683103 0.13078994 0.071521744 0.05139134 0.04069479 0.8148363 0.028726902 0.03569763 0.02912952 0.009154825 0.09067237 0.029516317 0.009014391 0.03719658 0.019720659 0.030419642 0.01584213 0.010323688 0.019722953 0.019159889 0.019894572 0.0024594858 0.0013384592 0.0054428014 0.014399978 0.29617256 0.20576374 0.0035994658 0.31638524 0.0031458456 0.48981187 0.0020610096 0.0017344289 0.0012381787 0.00019299357 5.0028684e-05 0.095530726 0.0017215026 0.0005524157 0.00011787632 0.0013312926 0.005738952 0.0008284055 0.06316195 2.7734548e-06 8.6397216e-07 6.6749835e-06 9.306208e-05 0.00034668334 3.5867631e-06 3.1854754e-06 4.1463172e-05 1.22045285e-05 0.00020777606 5.3321477e-05 1.0785326e-06 8.4000294e-07 0.042115074 3.7485903e-09 0.0014799229 0.0011857684 0.028178394 0.0010350201 1.2468013e-07 0.0025231086 0.0025001308 1.379378e-07 0.005104422 7.3102485e-05 7.525003e-06 0.0023770763 3.4597982e-05 0.0002787208 1.6265512e-05 0.000838669 0.0011222514 6.7192735e-07 7.5003927e-06 3.890286e-05 9.7024575e-05 1.2153076e-05 6.109438e-07 9.560301e-07 1.2226009e-05 0.007813577 2.5613328e-06 0.0054902392 0.0054425937 1.1382273e-05 0.00029115356
0.98751056 0.75618696 0.8182944 0.24780159 0.16972794 0.5979295 0.15199889 0.709965 0.70931447 6.041133e-15 0.06362124 0.82155037 0.057564918 0.22968888 0.44377768 0.10866187 0.5587792 0.14761195 0.18480057 0.18744901 0.06614521 0.1824926 0.036873702 0.04596342 0.17044471 0.0070852204 0.117509216 0.0020455536 0.001475842 0.025507895 0.026897013 0.013669395 0.00849365 0.017513279 0.014766707 0.00057660945 0.23045047 0.6162882 0.0016201274 0.4707637 0.025781257 0.18740556 0.011521883 0.003976333 0.0013085196 0.0017588639 0.000439429 0.026126528 0.003930234 0.0044370075 0.000729944 0.0024583368 0.014019483 0.000218226 0.027916918 3.706399e-05 4.616935e-05 8.426772e-05 0.0006408644 0.0019501097 1.6208929e-05 0.000117435135 3.2327152e-06 0.000104649276 0.00111482 0.00070684863 2.1408944e-06 2.821502e-06 0.07638328 9.4395745e-08 0.004539039 0.002227843 0.0065436964 0.0022581813 1.1335783e-06 0.0015623985 0.00010825722 7.354069e-07 0.004413917 0.000116951975 1.5630238e-05 0.004825024 3.9585837e-05 3.5775854e-05 1.7688708e-05 2.690637e-05 0.00042227388 4.910284e-07 2.5946827e-06 1.35256805e-05 0.0007069427 0.0003381287 6.4006003e-06 2.0023729e-06 2.3588891e-05 0.01621633 1.7735592e-06 0.029814878 0.0102125015 0.0004511034 7.3683e-05
0.9000905 0.1123922 0.019326799 0.9282114 0.37932912 0.16367376 0.060479637 0.010665751 0.24962063 0.06362124 9.8519e-19 0.0010959465 0.94709283 0.02912098 0.001505969 0.012410183 0.42247108 0.012785986 0.0003980677 0.00032531394 0.00227963 0.16733097 0.3913606 0.0010849893 0.00022364772 0.5134192 0.0002742181 0.4285232 0.42430428 0.04458044 0.04007496 0.09187236 0.003589357 3.1964144e-05 0.001433425 0.36904198 0.24682836 0.012753252 0.042311884 0.018516032 0.0003520951 0.10267511 0.0012252063 0.0020397643 0.00664376 0.00024934768 7.922481e-05 0.05360959 0.00016000921 0.00037315572 0.00017116508 0.00021811262 0.00012350941 0.021926586 0.043020427 1.140378e-06 5.040904e-07 2.4795097e-06 3.5375629e-06 1.4698015e-05 4.295752e-05 5.504383e-07 0.002205428 1.8849889e-05 1.0157829e-05 5.682402e-06 4.2009498e-07 4.591275e-07 0.004031556 1.492897e-08 1.1511371e-05 4.733017e-05 0.0144019425 2.9042903e-05 3.485499e-08 0.0048837997 0.005291697 1.8430026e-07 0.002048666 1.1055306e-06 4.2196667e-08 1.894172e-05 4.8098116e-07 0.0110040875 0.00066539145 0.0025630435 0.0023448665 4.5913148e-05 1.2400292e-05 0.0008815106 3.3733777e-06 4.3889708e-05 1.2835978e-06 3.2549968e-07 1.7107377e-05 0.002580377 6.8605016e-07 0.0009040676 0.004059563 2.4752428e-06 0.0013846157
0.917212 0.48113227 0.82270724 0.03188786 0.07042291 0.026964385 0.017359538 0.840752 0.18683103 0.82155037 0.0010959465 2.0194908e-17 0.0013685223 0.016045168 0.82278556 0.0447363 0.08528197 0.0070017073 0.7490068 0.60107154 0.031000245 0.002510311 0.00021116302 0.035799123 0.7104025 6.594026e-05 0.4526142 8.4551e-05 8.709444e-05 0.0008305964 0.0013335749 0.00014626277 0.00020114334 0.19002514 0.05403772 6.5064687e-06 0.015072968 0.26672113 6.7167486e-05 0.14417228 0.019223612 0.013510644 0.005578427 2.8414506e-05 7.2948396e-06 1.0735663e-05 4.5304796e-06 0.0035068016 0.0039634 0.0022565066 4.2712845e-06 0.0051723993 0.0146440035 3.849419e-06 0.0037213548 2.0670188e-06 1.4741877e-06 4.936001e-06 8.1213475e-05 0.00065807137 3.061847e-08 5.0048175e-06 1.5786582e-06 1.8473289e-06 0.00021648417 0.000106581385 1.5241518e-06 1.0445244e-06 0.021553945 1.6055236e-07 0.0029075523 0.0026301388 0.0005185653 0.00220032 3.017051e-07 0.00016806941 9.8158256e-05 8.823389e-08 0.00043489577 0.0007380565 0.000118182485 0.0013963553 2.334371e-05 7.4954723e-06 3.6604666e-05 2.9135366e-05 5.2422456e-05 7.306703e-08 3.8928265e-06 3.9216297e-06 0.00013184034 1.1087334e-05 2.019672e-06 2.3814578e-06 0.00015924044 0.008430792 1.8881905e-06 0.009478655 0.0019390708 4.2214497e-06 3.5745947e-05
0.9305455 0.07791389 0.01864051 0.65213674 0.5621931 0.07521797 0.20322403 0.0066911443 0.13078994 0.057564918 0.94709283 0.0013685223 1.0526647e-19 0.13377172 0.0006807837 0.06474613 0.13532199 0.086280234 0.00057031366 0.00039176847 0.007356704 0.5559631 0.66495377 0.00422372 0.00030613685 0.8584288 0.0007660111 0.5197756 0.43150693 0.33510324 0.30165192 0.57594204 0.068191856 2.6839707e-05 0.0024723238 0.31362867 0.20495604 0.03308303 0.24318382 0.023085587 0.00074757554 0.10514675 0.005215505 0.05059369 0.100592576 0.007508469 0.0039228066 0.04329037 0.0003027036 0.0013689211 0.007891222 0.00011269708 0.00027981627 0.03109727 0.0499869 7.7513214e-05 0.00010582743 7.7380704e-05 6.8911904e-05 2.517064e-05 0.0036607357 1.2577971e-05 0.002344747 0.002829979 2.9168617e-05 1.6902315e-05 1.2704118e-05 1.7636155e-05 0.0056882477 2.6820823e-07 1.520726e-05 0.00010495821 0.009552828 0.00012879731 1.2016969e-06 0.004544581 0.0018081042 3.8936946e-06 0.0028166964 5.32547e-07 5.1148916e-08 2.6934249e-05 3.5849146e-07 0.007816662 0.0008885514 0.0019454844 0.0019896582 2.266169e-05 9.18569e-05 0.0012354341 4.489286e-06 6.497698e-05 9.377226e-06 6.915747e-07 0.00016687317 0.0073444857 7.695181e-07 0.0022807834 0.0064815604 1.8317567e-05 0.00039870638
0.93285584 0.3186635 0.12551661 0.0647102 0.714044 0.092739955 0.83343947 0.19707504 0.071521744 0.22968888 0.02912098 0.016045168 0.13377172 3.0061418e-17 0.16025892 0.896209 0.011478396 0.883138 0.005664496 0.024268903 0.55288225 0.77715063 0.05493699 0.44443828 0.003450503 0.022917865 0.028938154 0.008753253 0.0013698587 0.46419308 0.4855517 0.26970226 0.37273985 0.0006712324 0.037591763 0.0011685331 0.03926122 0.027364783 0.011367809 0.015256754 0.011120957 0.015571811 0.18451294 0.22868606 0.029343368 0.06699767 0.060735296 0.0035163292 0.0008012273 0.053847652 0.054245427 0.0019391578 0.0003039463 0.000274368 0.0053654443 0.003649019 0.0015821594 0.006196877 0.0031035773 0.00039334098 0.0026121135 0.004557899 1.1384726e-05 0.0024674973 0.00017103975 0.00013303553 2.9164055e-05 3.492595e-05 0.0030254226 2.3377627e-06 0.00092483504 0.00081463024 0.0005754451 0.00047902888 4.3108674e-05 0.0007054812 1.2697758e-05 6.484184e-05 0.00050903705 9.56118e-06 4.9590835e-06 9.215075e-05 9.133136e-06 0.00011451931 2.0729542e-05 3.1168416e-05 0.0003786811 1.7284511e-06 2.8486273e-05 3.1897496e-06 2.7682634e-05 4.5181074e-05 1.0661122e-05 1.5576703e-06 4.3814474e-05 0.00404192 1.0450904e-06 0.0046720067 0.0015568759 4.7006365e-06 4.683442e-05
0.98879665 0.36219287 0.5593216 0.0064096986 0.03746964 0.033786252 0.056494422 0.81685996 0.05139134 0.44377768 0.001505969 0.82278556 0.0006807837 0.16025892 3.887839e-14 0.10965716 0.010329548 0.065786876 0.70048636 0.8508715 0.36527285 0.010498631 0.00027460724 0.28081068 0.48757067 3.4312638e-05 0.74769115 3.5964546e-05 1.7258168e-05 0.0043321084 0.005433153 0.0008128748 0.0028561067 0.42709473 0.14142835 7.037575e-07 0.012686298 0.213754 4.9535087e-05 0.053786267 0.22589856 0.0056846337 0.045022275 0.0025653422 8.488662e-05 0.0009967061 0.0003400739 0.0017852096 0.015168161 0.026185317 0.0001458602 0.016780252 0.014035255 2.8726492e-06 0.0036034791 4.9233595e-06 2.387247e-06 2.2573382e-05 0.0045359554 0.016777188 1.4154334e-06 0.0013303306 1.06020515e-07 1.3387832e-06 0.0023098353 0.0016760658 8.203748e-08 1.7739389e-07 0.015905835 6.17016e-08 0.00518572 0.0028500634 0.00051335647 0.0037160777 1.5014281e-06 0.00056712667 3.7456657e-06 1.2672331e-07 0.0020652476 0.00012169713 6.193663e-05 0.003103518 0.00014324447 8.2504357e-07 9.582079e-07 2.1051374e-06 0.00011086865 1.3461968e-07 7.57689e-07 6.554751e-07 0.0008608712 0.00019376907 1.7934832e-06 8.778247e-07 1.4352354e-06 0.010464255 3.6361737e-07 0.030291572 0.0067450767 0.00021396595 2.2480273e-05
0.79659003 0.19258167 0.31040302 0.04696839 0.65921545 0.022912966 0.78983676 0.16263601 0.04069479 0.10866187 0.012410183 0.0447363 0.06474613 0.896209 0.10965716 2.2575654e-19 0.00941461 0.8504704 0.044535715 0.04386268 0.6942915 0.50366783 0.0145850405 0.6191763 0.018799 0.009607523 0.19888046 0.0030227331 0.0010301486 0.3592143 0.41225457 0.13204499 0.30698442 0.001266269 0.34664875 0.00011004552 0.015209995 0.040340256 0.009408241 0.018788323 0.051552985 0.008242989 0.391981 0.07441941 0.005844198 0.025113953 0.011779659 0.0014637859 0.0012350759 0.18091592 0.0039492534 0.00427493 0.0008130969 1.5051521e-05 0.0025640936 0.00045934372 5.8697162e-05 0.0007648194 0.0053483555 0.00023634637 1.8887713e-05 0.00061552244 2.1929111e-07 8.7354725e-05 0.0012739557 6.272956e-05 2.0744321e-06 2.1107098e-06 0.003325752 1.4270988e-07 0.0007757149 0.00062976463 0.000225726 0.0006419499 4.457932e-06 0.00024598365 6.296028e-06 1.5802593e-06 0.00025499388 9.636671e-05 3.0131578e-05 0.00030506056 3.2935353e-05 3.0349662e-05 1.29110595e-05 1.4028957e-05 8.9774236e-05 3.3375024e-08 1.0690271e-05 2.7393514e-07 1.4981135e-05 3.5109224e-05 1.8277423e-06 4.690643e-07 1.0204669e-05 0.0035063652 1.1945363e-06 0.0036320377 0.0011136624 1.3118727e-06 4.42305e-06
0.95583093 0.32955843 0.26930213 0.81573373 0.20191248 0.75609374 0.04012741 0.050020114 0.8148363 0.5587792 0.42247108 0.08528197 0.13532199 0.011478396 0.010329548 0.00941461 1.5066773e-18 0.005721918 0.006677996 0.002397504 0.0024538103 0.027854314 0.072826184 0.0016941781 0.007583065 0.035258595 0.0010775133 0.03542178 0.035728473 0.0074101267 0.007002545 0.00261134 0.0002172316 0.00045208013 0.0016230564 0.016506564 0.8245061 0.11982626 0.0044575115 0.4584646 0.000625208 0.82436466 0.00053467415 4.855999e-05 0.00011536995 8.542704e-06 7.6268448e-06 0.5763132 0.00045034447 0.00022561148 5.6949402e-06 0.00033342803 0.002202059 0.0011669606 0.17914705 8.7699715e-07 6.978122e-07 1.4141946e-06 1.769291e-05 7.547661e-05 3.3236688e-07 2.3709349e-07 0.00010917186 1.5294097e-06 1.22242955e-05 1.4570385e-05 1.3042157e-06 8.211102e-07 0.11053855 7.615679e-10 0.00017415707 0.00076053245 0.24420571 0.0002881795 1.4201082e-07 0.010905736 0.021581437 1.1346984e-07 0.030165363 8.639854e-05 1.9152174e-05 0.00094231794 1.8935329e-05 0.0043644663 0.00043390106 0.0056719105 0.00618517 6.8905492e-06 7.385244e-06 3.253979e-05 9.291067e-06 1.52334305e-05 8.0165097e-07 7.707888e-07 1.9217912e-05 0.030766297 8.7125676e-07 0.0069993776 0.015712993 1.0088786e-06 0.0008589063
0.9199897 0.18883325 0.040448207 0.023790598 0.27517214 0.056944218 0.5672154 0.122482054 0.028726902 0.14761195 0.012785986 0.0070017073 0.086280234 0.883138 0.065786876 0.8504704 0.005721918 1.830964e-16 0.0023736593 0.011029749 0.6256438 0.756814 0.21155456 0.44558454 0.0020396553 0.013189908 0.009184145 0.005648749 0.00083108 0.6935422 0.7258661 0.4506001 0.8395761 0.0012333685 0.045886144 0.00018948504 0.034624163 0.019444479 0.026850708 0.009980653 0.0070899012 0.010617686 0.39985156 0.67952037 0.10208268 0.56049997 0.46907282 0.0031260669 0.0002876098 0.1003015 0.42670736 0.0012113982 0.00031639554 0.0003338872 0.007556178 0.06790319 0.067027666 0.12578037 0.009324599 0.00029783955 0.038566753 0.04038377 1.8326136e-06 0.023175687 0.000545768 0.00015179274 0.002078375 0.0030687244 0.0017989059 0.00029791112 0.0014725922 0.0019772733 0.0004150804 0.0015625237 0.0021717297 0.0006975697 7.2485013e-06 0.0011098497 0.00075081893 4.8589936e-06 2.2760748e-06 0.000115727875 2.3548378e-06 6.432877e-05 5.92499e-05 5.656747e-06 0.0002761046 6.511183e-07 9.158678e-05 6.3687e-06 2.8903203e-05 0.0012556734 1.2167897e-05 1.2780389e-06 3.827275e-05 0.0020980267 9.543138e-07 0.0030102378 0.0017369606 1.0620723e-05 7.714654e-05
0.7347047 0.08823827 0.5344958 0.0052783657 0.016642714 0.0037888358 0.005898264 0.5316569 0.03569763 0.18480057 0.0003980677 0.7490068 0.00057031366 0.005664496 0.70048636 0.044535715 0.006677996 0.0023736593 2.9038502e-20 0.8945423 0.04670089 0.0009281409 2.8649794e-05 0.0739584 0.86415917 4.190083e-05 0.872106 4.3405107e-05 2.461107e-05 0.00055665517 0.0009723272 4.7987563e-05 9.210076e-05 0.5922162 0.26339334 5.8628285e-07 0.0031782202 0.18766992 1.6785723e-05 0.06415452 0.067238785 0.005080986 0.02338236 1.1462097e-05 6.001395e-06 1.6157814e-05 3.5731985e-06 0.0009565204 0.016911369 0.006571464 9.155386e-07 0.034508776 0.05615038 1.5376916e-06 0.0027599495 5.505118e-07 1.6605043e-07 1.0058975e-06 0.00033787775 0.0010095433 1.2012363e-08 2.0146797e-06 6.9208305e-08 5.441278e-07 0.00066682586 0.00014426817 2.4004368e-07 1.6167971e-07 0.025301876 7.8459745e-09 0.005335088 0.0054531535 0.000778882 0.004812763 1.8266505e-07 0.00019750399 4.176333e-06 1.07571225e-07 0.0006830071 0.001805956 0.0007648412 0.0019970303 0.0002406558 1.930523e-06 0.00023124163 5.0884582e-06 0.00010052751 1.6109768e-08 1.31664365e-05 3.8577994e-07 0.00015076554 5.7833863e-06 8.3887653e-07 1.6112558e-07 1.741791e-05 0.0065955133 9.999187e-07 0.008065012 0.0026063854 5.94779e-06 7.4008136e-07
0.9490018 0.09379176 0.3027244 0.0018007992 0.00639153 0.003449947 0.007503892 0.63183504 0.02912952 0.18744901 0.00032531394 0.60107154 0.00039176847 0.024268903 0.8508715 0.04386268 0.002397504 0.011029749 0.8945423 2.8978032e-16 0.15077102 0.0045667207 1.7622351e-05 0.15240896 0.78849983 6.092597e-06 0.86662877 5.8206588e-06 5.538486e-06 0.0013629321 0.0021289338 4.643181e-05 0.0008197254 0.8331925 0.22187133 2.879269e-07 0.006448636 0.19345248 4.140712e-06 0.043410808 0.31456175 0.0025422743 0.04310254 0.00026345835 1.5705388e-06 9.0474976e-05 1.5157235e-05 0.0006040813 0.052624714 0.024677685 2.6231737e-06 0.045771368 0.030428208 1.4516606e-06 0.0018934942 4.6799775e-07 2.1610472e-07 2.5348118e-06 0.0033091675 0.03387241 1.316562e-07 0.00016152707 1.0087665e-07 3.9105808e-07 0.009466071 0.0042393613 3.725349e-08 9.623588e-08 0.016370215 3.585913e-09 0.0064300746 0.0034411408 0.000231069 0.005185886 2.4473843e-07 0.00017145442 5.9665246e-07 1.2087749e-08 0.0007117701 0.00025472287 0.000117751275 0.009139436 0.00032190225 5.143369e-08 3.2929134e-07 3.090177e-07 3.5424466e-05 4.7247838e-08 2.4790708e-07 2.1729488e-07 0.0009874197 0.000215663 5.093335e-07 1.3221623e-07 8.9093186e-07 0.0051130117 3.8518843e-07 0.012103001 0.0027773734 7.401612e-05 7.821825e-06
0.7791932 0.10380997 0.09986838 0.0068769343 0.10448953 0.015927387 0.21408284 0.19857243 0.009154825 0.06614521 0.00227963 0.031000245 0.007356704 0.55288225 0.36527285 0.6942915 0.0024538103 0.6256438 0.04670089 0.15077102 6.188565e-17 0.12358259 0.0057033403 0.97684175 0.029045643 0.00049637444 0.391782 0.0004551475 0.00018262319 0.047296707 0.057558224 0.006250113 0.04760103 0.005374266 0.5837792 6.6816456e-06 0.0034482793 0.014973015 0.00045065748 0.008268348 0.50470936 0.003940842 0.5748282 0.019343754 0.0005350299 0.013966185 0.009091112 0.00076879346 0.0007250344 0.25395826 0.0032601636 0.0034169757 0.002321178 6.27825e-06 0.0021142296 0.0013269254 0.00016061003 0.002514911 0.014301025 0.0013685838 0.00011455743 0.008310917 1.4058703e-07 9.914838e-05 0.0023420595 0.00041091102 8.447099e-06 9.10337e-06 0.002102746 8.7701807e-07 0.0019328617 0.0012932257 0.00014701737 0.0015709291 5.5154607e-05 9.426688e-05 2.8598047e-06 3.2152946e-06 6.746653e-05 0.00021125829 0.0001200484 0.00052541605 9.7893695e-05 5.322243e-06 3.2673267e-06 2.1540156e-06 0.0001709093 2.9709244e-07 6.44247e-06 2.0205232e-06 0.00013461296 0.0006082643 2.0229643e-06 1.2645136e-06 2.2959955e-05 0.0013528515 9.351542e-06 0.0024957475 0.0005584772 1.3630465e-05 5.779982e-05
0.9365602 0.27412188 0.03515041 0.16479102 0.5757493 0.09800127 0.6611204 0.094770804 0.09067237 0.1824926 0.16733097 0.002510311 0.5559631 0.77715063 0.010498631 0.50366783 0.027854314 0.756814 0.0009281409 0.0045667207 0.12358259 1.3880274e-17 0.61222667 0.03825339 0.00049737643 0.240794 0.0031890383 0.07690384 0.02060403 0.85417974 0.8412097 0.8626911 0.7467437 7.022913e-05 0.008976859 0.01166959 0.09146337 0.013251764 0.1846207 0.008548483 0.0023430393 0.028687075 0.059417848 0.5578522 0.23652595 0.11619737 0.081751764 0.0060221218 0.00019625557 0.013061663 0.1741094 0.00039515758 8.812537e-05 0.0032098 0.0063695963 0.0038583665 0.0010187573 0.00435793 0.0010291567 0.00014158073 0.030646482 0.001213711 6.7908e-05 0.0069078775 0.00012919072 0.0001520228 0.0002801468 0.00032903632 0.0016078122 2.1836963e-06 0.00024712426 0.00047548534 0.0014277237 0.0001255995 2.3890587e-05 0.001141118 7.908847e-05 0.0013727352 0.00045342988 1.1030588e-06 2.8012875e-07 1.7805625e-05 2.634975e-06 0.0024892893 0.00048177977 0.0001568231 0.00066381297 2.4328806e-06 0.00061823596 3.4320754e-05 3.0732622e-06 4.8225163e-05 3.729037e-05 1.1232678e-06 0.00021000522 0.002351493 3.3092447e-06 0.0035754726 0.0025101316 5.6313784e-06 0.0005537988
0.97010493 0.0071885823 0.0079625845 0.18254219 0.079346254 0.019657917 0.06310073 0.0015667593 0.029516317 0.036873702 0.3913606 0.00021116302 0.66495377 0.05493699 0.00027460724 0.0145850405 0.072826184 0.21155456 2.8649794e-05 1.7622351e-05 0.0057033403 0.61222667 3.91343e-15 0.0022285783 1.7036686e-05 0.9311306 0.00018825378 0.5693677 0.40197188 0.35685682 0.28254083 0.78831804 0.15088233 3.686283e-06 0.0019174435 0.48499736 0.20406248 0.0068504764 0.7545977 0.012676803 0.0014090253 0.100216076 0.010959864 0.49136725 0.76308817 0.16212313 0.072044544 0.06604998 0.00016574645 0.0066523757 0.29615673 0.00019488437 0.00010695742 0.3889555 0.038950752 0.0019951924 0.0026717384 0.0012159512 0.0004965761 2.803629e-05 0.24993266 0.00012337498 0.0013959439 0.0851761 5.581332e-05 1.8532286e-05 0.008634752 0.010403229 0.0037045758 4.361784e-06 3.595275e-05 0.00021486463 0.018342078 0.00017872972 2.8282007e-05 0.02121722 0.003088061 0.031764496 0.0022113144 1.6965909e-07 2.4877878e-08 0.00011325077 1.2127263e-06 0.026486814 0.018305382 0.004495878 0.0031757893 0.00055738824 0.006236451 0.002503869 1.920004e-06 0.0021413548 6.771986e-05 6.206609e-06 0.0005527087 0.003792337 6.02795e-05 0.0041253106 0.0062822932 0.0022628347 0.0025326214
0.7444653 0.058876142 0.088880636 0.0040893834 0.065933846 0.009006564 0.13085759 0.18387915 0.009014391 0.04596342 0.0010849893 0.035799123 0.00422372 0.44443828 0.28081068 0.6191763 0.0016941781 0.44558454 0.0739584 0.15240896 0.97684175 0.03825339 0.0022285783 1.4664534e-15 0.05295947 0.000112282134 0.5640548 0.00022338149 7.9254205e-05 0.023707533 0.03503226 0.0016813027 0.018456856 0.008436 0.72303987 2.326067e-06 0.002736896 0.017698439 0.00022012579 0.0092653185 0.6083157 0.003227944 0.6387587 0.007136482 9.9641664e-05 0.005853577 0.0021297582 0.00050216826 0.0017847602 0.32838774 0.0009227774 0.00973787 0.0042499816 2.4293913e-06 0.0013494671 0.00036661123 3.3130607e-05 0.00058568496 0.018292997 0.0040017166 1.6332382e-05 0.009121599 4.1041567e-08 2.6944166e-05 0.0054938113 0.00083230034 3.1746151e-06 2.9410414e-06 0.002297254 3.8706793e-07 0.0032492934 0.0017399299 8.453213e-05 0.0018559064 1.4826777e-05 5.5245462e-05 3.6470287e-06 1.1961722e-06 5.8734113e-05 0.00054546853 0.00031435606 0.0017397732 0.00035589287 4.2473307e-06 1.348868e-06 1.4332152e-06 0.00014083671 2.2281412e-07 3.0444846e-06 8.7136647e-07 0.0002946151 0.00092383235 1.7842044e-06 1.2993008e-06 1.1830816e-05 0.0016209998 6.8332765e-06 0.00290532 0.0007610537 5.992534e-05 3.6698726e-05
0.60972184 0.056464218 0.2874679 0.002316779 0.006713045 0.00088605337 0.0036632447 0.3691209 0.03719658 0.17044471 0.00022364772 0.7104025 0.00030613685 0.003450503 0.48757067 0.018799 0.007583065 0.0020396553 0.86415917 0.78849983 0.029045643 0.00049737643 1.7036686e-05 0.05295947 5.780181e-18 3.392593e-06 0.83831406 1.9137295e-05 8.52266e-06 0.00011921305 0.00020963486 5.4686748e-06 2.9710154e-05 0.94529384 0.13713634 1.8124612e-07 0.003661259 0.37760708 5.8439946e-07 0.18943128 0.10992134 0.011563807 0.014121451 3.480291e-06 3.286374e-08 7.088653e-07 1.4380063e-07 0.0013002709 0.28757337 0.0069904686 4.8548063e-08 0.2847938 0.52975106 7.836481e-08 0.0029742713 7.47912e-08 8.708073e-09 1.927867e-07 0.00010226721 0.017057959 3.5699893e-10 1.864987e-07 4.25505e-08 1.1766503e-08 0.014355408 0.0033207478 1.2524973e-08 1.39379335e-08 0.071524836 3.3415075e-09 0.07623041 0.062709086 0.00043068788 0.03615486 5.788452e-08 7.2203457e-06 1.7500663e-05 9.756835e-10 0.00053413113 0.009303507 0.005692505 0.011697218 0.008346202 8.570902e-07 1.295993e-06 6.7172205e-06 0.00018227467 2.5640368e-09 1.580538e-08 4.525464e-07 0.00094758975 4.6391928e-05 1.9894058e-07 3.5299786e-07 9.426886e-07 0.006043276 4.832698e-08 0.013819003 0.0017442703 0.00010417828 4.980352e-05
0.8166893 0.004445957 0.0013947636 0.11414008 0.14074354 0.0042460053 0.0449254 0.00019296359 0.019720659 0.0070852204 0.5134192 6.594026e-05 0.8584288 0.022917865 3.4312638e-05 0.009607523 0.035258595 0.013189908 4.190083e-05 6.092597e-06 0.00049637444 0.240794 0.9311306 0.000112282134 3.392593e-06 1.0890956e-20 2.1601983e-05 0.8175481 0.7614477 0.18796948 0.1596009 0.7005199 0.06741328 3.01431e-07 0.00015025826 0.28131324 0.13635758 0.00077307393 0.89001894 0.0029082305 8.836315e-06 0.070368245 0.0006529948 0.1670536 0.47163877 0.005144032 0.003171588 0.03906716 6.84268e-06 0.00020269773 0.043111827 3.7529528e-06 4.8192915e-06 0.5902062 0.055717755 3.9149956e-05 2.9567298e-05 2.9749903e-05 2.8932409e-05 2.1430023e-06 0.112480424 2.4333285e-06 0.0024354972 0.015113378 1.0292957e-05 1.0605708e-06 0.00022502615 0.00027992035 0.0020152612 6.990774e-08 1.1365543e-06 4.426891e-06 0.019201238 4.477877e-06 1.015578e-06 0.0063525685 0.0071896045 0.0005702791 0.0019389148 8.45974e-08 2.9973823e-09 3.3145698e-06 6.250815e-08 0.018215269 0.006405281 0.002586731 0.003510494 4.4047454e-05 0.0048056217 0.00050666806 9.783568e-08 6.464593e-05 2.26489e-05 2.0790292e-06 0.000607948 0.003182169 5.3316107e-06 0.0005571 0.0027012078 2.1288704e-07 0.00024167674
0.91516644 0.060895152 0.26991108 0.0015721438 0.008083586 0.0023291684 0.017061587 0.5618637 0.030419642 0.117509216 0.0002742181 0.4526142 0.0007660111 0.028938154 0.74769115 0.19888046 0.0010775133 0.009184145 0.872106 0.86662877 0.391782 0.0031890383 0.00018825378 0.5640548 0.83831406 2.1601983e-05 3.8280087e-18 0.000116808624 3.119705e-05 0.00088356424 0.0014600619 3.7360533e-05 0.0001597177 0.6703025 0.8268859 1.9862208e-07 0.0024129434 0.20108353 5.5511714e-06 0.045241684 0.74499667 0.0023570892 0.3814542 7.046326e-05 8.802172e-07 2.3612367e-05 4.6092605e-06 0.00054310285 0.09767249 0.2100484 1.8151937e-06 0.3427724 0.1762802 2.1730506e-07 0.001827252 1.2846058e-06 1.9089899e-07 2.9449593e-06 0.014368605 0.06565709 1.26951845e-08 0.00016681795 1.2031028e-08 3.3183065e-07 0.070592426 0.009653261 8.416623e-08 2.2174488e-07 0.028066106 1.893017e-08 0.022887742 0.017484723 0.0001690068 0.018808233 1.7708152e-07 3.5095967e-05 1.6054142e-06 1.0117378e-07 0.00079289475 0.0036244115 0.0024849474 0.008441561 0.0022310705 1.3998772e-06 1.5579526e-06 1.5675848e-06 6.2734944e-05 2.6908364e-09 1.2558895e-06 6.991641e-08 0.0009571108 0.00088168756 1.2166149e-06 2.1120579e-07 3.4341375e-07 0.010107995 2.1456822e-07 0.02116693 0.004230924 0.00043707766 2.1861426e-06
0.931172 0.00057101843 0.00083397044 0.10578705 0.018110171 0.0034710101 0.0065423395 0.00015448118 0.01584213 0.0020455536 0.4285232 8.4551e-05 0.5197756 0.008753253 3.5964546e-05 0.0030227331 0.03542178 0.005648749 4.3405107e-05 5.8206588e-06 0.0004551475 0.07690384 0.5693677 0.00022338149 1.9137295e-05 0.8175481 0.000116808624 1.0862538e-19 0.96170765 0.033504426 0.025633562 0.17844453 0.005952163 1.2417048e-07 0.00028951274 0.71838146 0.17589913 0.0032229992 0.3011654 0.00451615 7.200744e-05 0.06988418 0.001120035 0.019385708 0.16483386 0.0024024465 0.0008083254 0.051688217 4.414325e-05 0.00036093674 0.004953013 1.7413475e-05 6.2498475e-05 0.55445856 0.055171415 1.0443826e-05 7.4882782e-06 1.4656471e-05 4.6191195e-05 1.7098357e-05 0.0087846005 1.0658296e-05 0.019231053 0.004862464 5.194622e-06 5.437094e-06 1.9096418e-05 1.7606477e-05 0.0019207386 3.8560135e-08 2.1158976e-06 1.6549047e-05 0.01699555 3.8091787e-06 3.9317501e-07 0.012834272 0.0064291484 2.0811964e-05 0.0033423752 5.8452006e-08 2.7227733e-09 2.6572894e-05 7.449536e-08 0.054938536 0.019873025 0.005290297 0.004254379 0.00054779666 0.002373443 0.0036143535 9.3435756e-07 0.0001657545 6.344954e-06 4.389896e-07 0.00014295924 0.002540527 3.3031404e-06 0.0007739521 0.00359688 4.117351e-07 0.0014049731
0.87220335 0.0013754674 0.0004263288 0.07218661 0.020134546 0.0032528297 0.004718177 8.585251e-05 0.010323688 0.001475842 0.42430428 8.709444e-05 0.43150693 0.0013698587 1.7258168e-05 0.0010301486 0.035728473 0.00083108 2.461107e-05 5.538486e-06 0.00018262319 0.02060403 0.40197188 7.9254205e-05 8.52266e-06 0.7614477 3.119705e-05 0.96170765 7.91142e-20 0.013404034 0.010822419 0.03306242 0.0013487709 1.09382206e-07 0.0001883493 0.88531286 0.11278604 0.0017522105 0.10769504 0.0020210948 1.9192985e-05 0.05209602 0.00023437051 0.0014978192 0.00903201 0.00012437701 3.6561298e-05 0.07352182 1.7539358e-05 7.850818e-05 0.000117049385 0.00010317541 1.4984693e-05 0.5392277 0.09277292 2.8674938e-07 3.933869e-07 6.4649566e-07 2.9995163e-05 6.1956507e-06 0.00028850677 1.1384211e-06 0.019607801 6.618925e-05 1.7639704e-05 3.126942e-06 1.1860204e-06 3.914241e-07 0.0013288382 3.852461e-09 9.4643775e-07 3.4968293e-06 0.06801111 1.8672177e-06 2.1554209e-08 0.016450444 0.03827275 1.1100437e-06 0.0025375802 6.19774e-07 1.3691233e-08 1.24391645e-05 9.226255e-08 0.089822866 0.005834567 0.029358657 0.015744438 0.00044311778 0.0012003381 0.0030331302 6.179641e-08 5.1197105e-05 3.087651e-06 1.5562367e-07 0.00019698105 0.0014279755 2.8092131e-06 0.00035701517 0.0021197484 3.421431e-07 0.01270573
0.27496573 0.0543584 0.011886861 0.05529423 0.22216192 0.0121361725 0.25662446 0.017988225 0.019722953 0.025507895 0.04458044 0.0008305964 0.33510324 0.46419308 0.0043321084 0.3592143 0.0074101267 0.6935422 0.00055665517 0.0013629321 0.047296707 0.85417974 0.35685682 0.023707533 0.00011921305 0.18796948 0.00088356424 0.033504426 0.013404034 3.7710456e-19 0.93650424 0.8977055 0.90693134 3.4987657e-05 0.008081292 0.0015627414 0.012242333 0.0019085024 0.07928636 0.0026318212 0.00085189275 0.0062133167 0.024312269 0.40564898 0.1293749 0.09423663 0.09256098 0.003619788 3.9568135e-05 0.009298898 0.107467994 0.000135011 2.0470652e-05 0.0026663826 0.007834406 0.002307025 0.0023786514 0.002529492 0.00021058304 7.811396e-06 0.012589192 0.00035675376 6.6755274e-05 0.0017657243 1.17925065e-05 2.5914335e-06 0.00024900597 0.00013697242 0.0024456312 7.408226e-06 2.520595e-05 3.2913533e-05 0.0026185273 2.8646431e-05 1.7956012e-05 0.00069801486 0.00023212121 2.2356955e-05 0.00056245894 3.8107264e-06 2.0478616e-07 3.7174773e-06 1.531929e-06 0.00021660335 0.0001274017 6.3374704e-05 0.00029602242 1.2426935e-06 5.086753e-05 2.3022292e-05 1.9809883e-07 1.7823091e-05 1.4593944e-05 2.285332e-06 0.00042391432 0.002409678 5.0522914e-07 0.0010826826 0.0009387654 2.904311e-08 3.014865e-05
0.27966958 0.054897536 0.014843324 0.045621905 0.20684825 0.011500618 0.2626139 0.0250652 0.019159889 0.026897013 0.04007496 0.0013335749 0.30165192 0.4855517 0.005433153 0.41225457 0.007002545 0.7258661 0.0009723272 0.0021289338 0.057558224 0.8412097 0.28254083 0.03503226 0.00020963486 0.1596009 0.0014600619 0.025633562 0.010822419 0.93650424 2.860228e-19 0.85740316 0.9411019 5.4449218e-05 0.0111145275 0.0010617285 0.012548199 0.0026721065 0.058972124 0.0033599637 0.0012688118 0.006230848 0.031067466 0.40022302 0.10568415 0.10846714 0.10685265 0.003579768 7.151824e-05 0.011685098 0.10451863 0.0002534698 5.2092393e-05 0.0021504834 0.0075363647 0.0034310955 0.0029512746 0.0036242404 0.00033831623 1.1801158e-05 0.010403209 0.00062139804 2.957652e-05 0.0015372022 1.6809498e-05 5.1579295e-06 0.00025160814 0.00015430567 0.0026808858 1.2015738e-05 6.1220424e-05 5.9137277e-05 0.002558789 5.4710308e-05 3.0957108e-05 0.00067994895 0.00018196795 2.6210817e-05 0.0006494873 6.5238905e-06 4.9903554e-07 8.958493e-06 4.4473923e-06 0.00018906302 0.00015289764 5.8467875e-05 0.00029105056 1.1452138e-06 4.8987775e-05 2.436151e-05 2.3771068e-07 4.0117025e-05 1.4808703e-05 2.9790858e-06 0.00041972098 0.0027791883 5.846007e-07 0.0014583328 0.0010321034 4.8566676e-08 2.1848597e-05
