9.453857e-28 0.9717851 0.9783196 0.9732887 0.9407724 0.9809433 0.8486385 0.98751736 0.9806945 0.92412686 0.90755403 0.9354922 0.050284617 0.013987699 0.9972948 0.94693524 0.9836506 0.9951071 0.9568865 0.36365217 0.149831 0.98371273 0.5759985 0.98432004 0.2688547 0.9654147 0.58428544 0.62550837 0.02395576 0.0041831536 0.9608356 0.97883844 0.94036317 0.90036786 0.39485836 0.00027127005 0.096660815 0.5321209 0.6639519 0.06636177 0.025079489 0.9974629 0.80830276 0.07617125 0.6197278 0.04364539 0.003260473 0.0017589586 0.000693493 0.021557514 0.953549 0.9970322 0.1911549 0.78006697 0.054973453 0.015030163 0.66803944 0.96178263 0.986723 2.5906872e-06 0.008109209 0.9228799 0.99998176 0.7983069 0.026879389 0.8466963 0.99947923 0.08825945 9.72943e-07 1.1133155e-06 0.0015723783 0.14203137 0.40846524 0.82575667 0.026205085 0.98877054 0.006462121 0.05893543 0.004304812 0.0055008153 6.0837247e-06 0.0003474012 0.44662878 0.0003073761 1.21369285e-05 0.2766203 1.7859126e-07 0.99916893 0.733017 0.16124061 2.8315699e-06 0.9961571 0.9993655 0.55872107 0.0060123145 0.00015416415 2.9654615e-05 0.9312021 0.00016304891 0.0003219176 0.015021738
0.9717851 9.246064e-14 0.6604954 0.5977945 0.7960797 0.36812612 0.046951015 0.41822883 0.2997032 0.2727591 0.18103518 0.2453918 0.18549073 0.031103825 0.10305222 0.112367235 0.028106237 0.27983147 0.05616564 0.12111406 0.046916913 0.0076771067 0.062126014 0.0051503256 0.033821844 0.0027977943 0.047347475 0.19648518 0.014136333 0.016992306 0.00010669956 0.0031354597 0.018048137 6.636174e-05 0.019926805 0.012002047 0.017947119 0.001446677 0.00033133532 0.010190636 0.0065420466 0.0022375437 0.00461014 0.013349669 7.0131144e-05 0.013237036 0.0008144458 0.0029838285 0.00019866767 0.004731127 0.00051327987 0.000621305 0.0071465815 0.0002692268 0.005060166 0.002927699 0.0015167654 9.12584e-06 0.00013015432 0.00037482672 0.0019858053 1.9384366e-05 0.10426422 1.0364014e-05 0.0015107399 3.707283e-05 0.00037280645 0.20528807 1.1933776e-05 3.6200138e-06 0.00014246831 5.9663937e-05 2.6442012e-06 3.755181e-07 0.00065094326 1.0192879e-07 0.00087940425 0.0002586345 0.001323624 0.00077172776 1.4004287e-06 0.0008751424 2.9957725e-08 0.0006447292 0.00011286617 1.8749246e-08 3.6153375e-05 0.0019257165 2.8154773e-05 2.5940345e-08 1.6266971e-05 0.0012395724 0.000194626 3.219093e-08 0.0009599976 0.001036878 0.0006931075 1.12377734e-07 6.843518e-05 5.0742186e-05 2.980266e-07
0.9783196 0.6604954 3.839037e-17 0.15390451 0.07255805 0.06202091 0.07677585 0.23592341 0.073196754 0.033911258 0.014454807 0.110516 0.19201304 0.123918265 0.023928236 0.008361187 0.0030963887 0.14162357 0.0068762423 0.07927444 0.0049856836 0.0006530608 0.01799854 0.0016376193 0.007956231 0.0001573992 0.011309486 0.08067417 0.04007171 0.009451895 3.7666318e-06 9.5129806e-05 0.006759898 5.386901e-06 0.0037417102 0.13282128 0.004777394 0.0017435551 1.9733257e-05 0.0026536735 0.002445792 0.0004176911 0.0022455347 0.013669291 9.865485e-06 0.024972815 0.0046329997 0.009991239 0.0058152517 0.01501916 5.766355e-05 3.3696847e-07 0.0032044568 8.835292e-05 0.0009406012 0.008512524 0.00013007589 3.4471674e-07 5.8116643e-07 0.020608371 0.020166544 3.1728357e-06 0.4818325 1.0600959e-05 0.0034824295 1.0960065e-05 1.2568689e-05 0.3573085 0.01575602 0.0060553104 0.005919119 7.541628e-06 3.6371827e-07 1.283722e-07 0.0016933413 3.3683095e-11 0.0009792703 1.0227446e-05 0.00067530223 7.3248055e-05 0.008447113 0.004312757 2.4226791e-08 0.0028541568 0.0094286855 4.6337338e-08 0.007699785 0.00039275736 3.2246774e-07 3.4672052e-08 0.004507527 1.8001996e-05 6.4284915e-09 3.368199e-08 9.821032e-07 0.0012800347 0.0009182678 6.27085e-09 6.858895e-06 8.515768e-07 1.6770532e-08
0.9732887 0.5977945 0.15390451 4.568855e-18 0.22583048 0.42780173 0.0013347632 0.3622237 0.7487327 0.07207658 0.10290106 0.0207901 0.01825969 0.003667207 0.3430303 0.02798146 0.07289988 0.49295592 0.108271405 0.009269193 0.018087337 0.033900574 0.18950768 0.044071898 0.0079745995 0.014181886 0.0061205565 0.018756691 0.0005232172 0.0004684481 0.00056019425 0.008519695 0.024822734 0.0028925803 0.0055777906 0.0023716283 0.003867442 0.021975612 0.003176304 0.0036113283 0.00015626058 0.015443677 0.00735575 0.002424671 0.0021799086 0.00067156064 1.3651332e-05 4.871756e-05 4.160309e-06 0.000608737 0.0010555448 0.0017845841 0.0029430888 0.00014780379 0.00019252795 0.00026266882 0.00022357522 0.0006228106 0.001323024 4.3017866e-05 0.0005183055 4.0254574e-05 0.3298156 0.0005799808 0.00010536047 4.2678177e-05 0.0033899352 0.028522233 1.6902521e-07 3.486849e-08 5.379621e-06 4.6044122e-05 3.8366497e-06 1.742472e-05 9.449145e-05 1.7022271e-06 7.424511e-05 2.529336e-05 1.8879393e-05 1.852135e-05 1.9096516e-08 4.8792976e-05 7.2413604e-07 0.00011016618 1.9109434e-06 3.1622355e-06 2.6005006e-07 0.033030007 0.0002341594 1.078362e-06 1.1855218e-06 0.0070856665 0.00017146522 5.6072116e-07 5.347654e-07 0.000428998 0.00010424994 1.0803161e-05 9.617345e-07 4.2910062e-07 1.5500343e-06
0.9407724 0.7960797 0.07255805 0.22583048 9.80086e-16 0.9054875 0.00065989856 0.08202733 0.24190009 0.31334785 0.25994894 0.020734927 0.04708343 0.004695775 0.053779915 0.11235453 0.01839387 0.054643646 0.04697523 0.041481964 0.05195778 0.005963942 0.04472093 0.0037271192 0.026750121 0.0016650143 0.026656436 0.011753066 0.0021490739 0.006625999 2.0138741e-05 0.0028697688 0.012129889 5.9492515e-05 0.026325341 0.002388944 0.011173001 0.0010960433 7.2105366e-05 0.009968535 0.0048043733 0.0033084971 0.0031169474 0.0037903737 1.650627e-05 0.00324418 0.0002674077 0.00061655784 5.514125e-05 0.002479595 0.000112946924 0.0006462229 0.0031464263 9.333619e-05 0.0028573093 0.0010178067 0.00058256875 3.879684e-06 0.00015980577 0.0003796203 0.00041481407 3.5883777e-06 0.017057128 2.5078402e-06 0.0003408668 1.9899599e-05 0.00031667203 0.06218549 7.775587e-06 5.261185e-06 2.8539078e-05 3.9750776e-05 2.8300337e-06 2.6233747e-07 0.00017352279 4.7104572e-07 0.00020910172 5.5990844e-05 0.00026368734 0.00013841293 1.6514134e-06 0.00031275264 1.7043826e-08 0.00030556516 3.2528093e-05 2.3176572e-08 2.1529406e-05 0.0011070742 1.1713586e-05 2.2091166e-08 8.639645e-06 0.00070748833 0.00032970787 5.1459107e-08 3.182662e-05 0.00030596872 0.0002127301 2.690947e-07 9.348657e-05 8.1490834e-05 4.709734e-07
0.9809433 0.36812612 0.06202091 0.42780173 0.9054875 6.149993e-17 0.00012182741 0.12596975 0.722198 0.15558216 0.27004412 0.00509999 0.009079857 0.00068968185 0.20890567 0.15592593 0.16260208 0.18134102 0.21107769 0.013672276 0.048116624 0.035185214 0.14112826 0.040056087 0.01289737 0.012689873 0.017040294 0.0044450755 0.00070361124 0.0017731898 0.0002050319 0.010650752 0.09029867 0.00080492796 0.0424606 0.0016786677 0.0072643803 0.011398612 0.0013540912 0.01505738 0.003463843 0.011274204 0.024512796 0.0033660703 0.00049251324 0.0020372244 7.627248e-05 0.00027860844 9.907045e-06 0.002152491 0.0032076198 0.003217933 0.011604119 0.0017940735 0.0074763224 0.0019386817 0.0043006917 6.62646e-05 0.0005793365 7.5613134e-05 0.00041074428 9.443938e-05 0.12161665 6.113792e-05 0.0012973533 0.00019778503 0.0017238692 0.02174335 2.4143553e-06 8.3526425e-07 1.4313363e-05 0.00014386533 7.756331e-06 2.4372025e-06 0.00089164637 4.2847418e-07 0.00025404265 0.000170916 0.00062051154 0.0005197756 8.8832344e-08 0.00032149852 9.494938e-08 0.00025833893 1.8959088e-05 7.310928e-08 1.686487e-06 0.0039577438 3.0360894e-05 6.9670136e-08 1.2457763e-06 0.0017297822 0.0007117389 9.601312e-08 0.000112608344 0.00040478838 0.00029497748 2.9492105e-07 4.6773624e-05 5.8765436e-05 1.0566456e-06
0.8486385 0.046951015 0.07677585 0.0013347632 0.00065989856 0.00012182741 4.4250205e-21 0.014506506 0.0001965684 0.001259056 5.243796e-05 0.084956326 0.016600572 0.03298584 0.00024860972 0.00019311122 9.4179444e-07 0.00984394 2.7372832e-07 0.0024156247 9.362481e-06 1.4935478e-06 5.2871546e-06 4.866388e-07 0.00013725708 2.4804153e-08 0.0002743013 0.037224036 0.012857886 0.0013158158 9.2298014e-10 3.2294103e-09 7.3799555e-08 1.9714792e-10 2.1906493e-07 0.08235734 0.00011227432 6.533404e-08 8.401943e-09 3.2463444e-07 1.2499635e-05 4.9370623e-09 2.8656814e-07 0.00020864459 1.2468024e-09 0.0009900334 0.00096113444 0.0005515634 0.005483774 2.9665418e-05 1.9201268e-08 7.6544854e-11 1.683019e-07 1.2426412e-08 1.5410652e-08 1.861198e-06 1.6200266e-08 4.673171e-11 6.234592e-10 0.035401467 0.00035284334 1.9622515e-09 0.07401714 3.7498205e-09 1.1824916e-07 4.099993e-09 1.0825075e-09 0.8148201 0.027112894 0.010054684 0.0078170765 8.4655916e-10 2.8197775e-10 1.8707502e-10 1.8376724e-07 2.0753181e-14 1.0165228e-06 5.015154e-09 5.708786e-07 1.7580219e-07 0.01401457 0.0010112589 1.2508599e-11 0.00028652127 0.0049889567 8.733393e-12 0.018020542 1.2310282e-07 6.527054e-11 7.9122976e-12 0.0055975737 6.382298e-09 5.8154414e-12 4.2359207e-13 3.566019e-08 4.1112357e-06 2.278932e-05 2.6936055e-12 9.924585e-08 6.621863e-08 5.4282363e-11
0.98751736 0.41822883 0.23592341 0.3622237 0.08202733 0.12596975 0.014506506 2.5834288e-19 0.36168423 0.031990044 0.017853629 0.008863265 0.020207109 0.012583065 0.14352931 0.009453788 0.019308671 0.46681744 0.018428255 0.01080379 0.004520521 0.012360403 0.018238474 0.0077008246 0.004858276 0.0031542615 0.0047285734 0.0075946515 0.003936074 0.0011438358 0.00022674477 0.0022125992 0.0049231416 0.0006283536 0.002006127 0.013828218 0.0022288016 0.0008981274 0.00018141363 0.0016343842 0.00086797605 0.0014089816 0.0003188083 0.004420265 0.00010422181 0.0049830084 9.705354e-05 0.0007995503 0.00038544406 0.0077697057 7.5165e-05 4.7335925e-06 0.0012356491 2.5781605e-05 0.0004287769 0.0036347338 0.00019557902 1.1906073e-05 7.449349e-05 0.0037825627 0.0055330987 7.5927137e-06 0.22904618 2.9462757e-05 0.0024801935 1.0857302e-05 5.2598032e-05 0.034404673 0.00026002218 7.5433294e-05 0.00020339407 9.662719e-06 1.871277e-06 3.1791324e-06 0.0018071043 1.5873892e-09 0.0008422823 1.6946475e-05 0.00020006721 2.0743959e-05 4.0225448e-05 0.001185912 2.7627723e-07 0.0006531128 0.00048571173 4.7350892e-07 9.0137124e-05 0.0040361844 2.5264288e-05 8.455949e-08 0.00015430331 8.834273e-05 1.2055716e-07 8.712979e-08 2.5264646e-07 0.00030003616 0.00039337605 9.844644e-07 1.3758078e-06 5.21909e-07 1.8420062e-07
0.9806945 0.2997032 0.073196754 0.7487327 0.24190009 0.722198 0.0001965684 0.36168423 2.0182336e-19 0.13163449 0.3010606 0.0062002293 0.0066082533 0.0020322315 0.6929892 0.062973194 0.46663517 0.60026443 0.39421383 0.004682451 0.04091552 0.14759363 0.41068065 0.28437674 0.01117382 0.0791696 0.007469677 0.009402062 0.00016196792 0.0007578596 0.0073066796 0.05427535 0.17462389 0.02826861 0.018630465 0.0008482847 0.004410776 0.09331577 0.025952492 0.013329326 0.00083102024 0.08381275 0.06239377 0.0023390409 0.012893465 0.00032123216 6.973521e-06 7.340427e-05 1.0345582e-06 0.0007474298 0.006740492 0.02248462 0.015574759 0.0032738678 0.002898357 0.00037748797 0.0024091518 0.0034584494 0.010038172 1.0659679e-05 0.00012307636 0.0005665323 0.44803944 0.00544022 0.00057821604 0.0012800322 0.039416697 0.010749874 4.8315552e-08 2.4852456e-08 2.1133224e-06 0.00024394001 6.934391e-05 0.000107189 0.00038421788 9.5340794e-05 5.095672e-05 0.00034648186 0.00012657081 0.000113790455 5.2013656e-09 1.996105e-05 9.97074e-06 1.5240639e-05 2.7599043e-07 4.8273228e-06 2.0805889e-07 0.069376975 0.0020822 1.1242109e-06 9.931005e-08 0.030635305 0.0044769575 2.3510163e-06 1.5425174e-05 4.7614987e-05 3.6281068e-05 2.5304242e-05 7.724246e-07 8.981037e-07 4.190912e-06
0.92412686 0.2727591 0.033911258 0.07207658 0.31334785 0.15558216 0.001259056 0.031990044 0.13163449 2.3582248e-17 0.85929906 0.036353596 0.14051749 0.0046065096 0.034180287 0.6296056 0.030398387 0.010512386 0.054459907 0.18166073 0.3899007 0.004026709 0.094024345 0.009135231 0.17587419 0.0027214307 0.1674061 0.029318174 0.005711897 0.034864105 3.0949966e-05 0.004025018 0.04430222 0.00018228301 0.12334014 0.0048991125 0.09438474 0.0066246497 0.00032227178 0.0925567 0.062538676 0.00092402706 0.014757393 0.06044664 0.00047445548 0.051513735 0.002076375 0.007955977 1.1015204e-05 0.045740936 0.0005422008 0.00028612456 0.025161006 0.0004067637 0.019880451 0.03308362 0.0029046354 4.188517e-05 0.002038506 6.526458e-05 0.013620006 9.339883e-06 0.045307763 0.00034390998 0.009147615 0.0003274102 0.0003664581 0.11120228 5.7057935e-07 8.2650365e-07 0.00045169913 0.00018574248 7.0082638e-06 1.0982105e-06 0.004431324 1.8441445e-06 0.0018502241 0.00037037823 0.003236493 0.0024551998 3.8467397e-06 0.004204106 6.987158e-07 0.0034442812 0.00030229942 5.179756e-08 1.0553877e-06 0.0052522095 0.0002651059 3.0215496e-08 3.1261294e-05 0.0035531807 0.0010015302 9.5643905e-08 0.0007244552 0.00263328 0.0027002497 3.736671e-06 0.00011314777 0.0001379601 6.9748086e-07
0.90755403 0.18103518 0.014454807 0.10290106 0.25994894 0.27004412 5.243796e-05 0.017853629 0.3010606 0.85929906 8.4332397e-19 0.005760181 0.04073707 0.0021760277 0.04326045 0.67973864 0.06876466 0.010585354 0.13516702 0.07231653 0.49868354 0.010043634 0.24229725 0.020062767 0.1236551 0.0049001 0.10508823 0.006099338 0.001580221 0.023199772 0.000108515014 0.004385649 0.07163689 0.0005370126 0.15189935 0.001097134 0.06831643 0.017595517 0.0008968409 0.153683 0.04389969 0.001574281 0.02679592 0.04266749 0.0010441481 0.024061961 0.0014123032 0.004702253 1.2921757e-06 0.04036201 0.00093679386 0.00047174862 0.044565942 0.0011992877 0.025799278 0.04074549 0.00397693 0.00012177956 0.0015582567 4.863458e-06 0.01206351 4.2845822e-05 0.0356738 0.00060492207 0.013977258 0.00052140484 0.0005101257 0.02081811 5.0429065e-08 8.386897e-08 0.00023066542 0.00039521785 3.1892374e-05 7.684236e-06 0.006787922 1.8716713e-06 0.0033345015 0.0008246169 0.004646763 0.0031809737 3.2009407e-07 0.0022886219 3.1890954e-06 0.002211263 5.9815484e-05 1.8131182e-07 7.2354894e-08 0.0029059849 0.00029909454 1.875503e-07 1.8717938e-05 0.0018840006 0.00087633595 1.7859058e-07 0.0010197028 0.0029700126 0.0030253879 7.17184e-06 0.0002646053 0.00033028066 6.183951e-06
0.9354922 0.2453918 0.110516 0.0207901 0.020734927 0.00509999 0.084956326 0.008863265 0.0062002293 0.036353596 0.005760181 4.518086e-20 0.14991544 0.17697367 0.0006707023 0.005264473 0.0003408312 0.008885968 0.001314749 0.2494642 0.00150844 6.475119e-05 0.011691953 0.00048559482 0.016712856 1.7208508e-06 0.04823038 0.48812318 0.15917003 0.018303365 3.486385e-07 1.6864153e-07 0.00241124 2.7583559e-08 0.0005311423 0.17138995 0.016596772 0.00040359338 7.057601e-06 0.0011089542 0.0082894685 2.0430543e-06 0.0018810788 0.09340224 7.3311014e-07 0.34918386 0.14754544 0.056691293 0.2188957 0.03354997 3.6371417e-05 3.6042622e-09 0.004542031 2.773919e-05 5.081177e-05 0.006899756 4.656036e-05 2.084902e-08 7.372368e-09 0.066457964 0.15518537 6.4482015e-07 0.260881 1.539382e-06 0.00073219975 1.9557838e-05 1.4108228e-08 0.3539118 0.08600209 0.029912295 0.23707199 3.7171262e-06 7.0342537e-07 7.1485886e-08 0.00013213439 4.9101214e-12 0.0006640409 4.3711993e-06 8.105927e-05 3.1740325e-05 0.035984166 0.029165316 6.4097834e-09 0.009262903 0.039236907 3.2081516e-08 0.023915352 5.587469e-06 2.7819616e-09 1.558996e-08 0.028197028 2.2053024e-08 1.11548505e-11 1.4201419e-09 7.9166267e-07 8.325143e-05 0.00016536846 1.1769371e-09 1.008588e-06 3.7317295e-07 8.4504475e-09
0.050284617 0.18549073 0.19201304 0.01825969 0.04708343 0.009079857 0.016600572 0.020207109 0.0066082533 0.14051749 0.04073707 0.14991544 9.875454e-19 0.16280694 0.0018053541 0.052950308 0.0008257773 0.0030439869 0.004911795 0.5584954 0.112419054 0.00038713642 0.034018695 0.00077163544 0.2100153 0.000249793 0.19749102 0.08621007 0.24406274 0.6112095 6.6087478e-06 0.00031655066 0.0038818975 2.6366986e-05 0.005983811 0.029380018 0.07710902 0.00076521875 9.7513715e-05 0.013970214 0.0370648 1.37424e-05 0.00056021725 0.060529403 0.0001526922 0.09171064 0.057405755 0.054636974 0.0058271713 0.019296283 2.9014196e-05 8.297452e-06 0.0009569346 4.071044e-05 0.0011478863 0.006573363 9.852411e-05 1.126809e-05 0.00014940166 0.0040635136 0.010816656 2.299538e-06 0.0036746494 6.1087856e-05 0.00050586555 1.5490525e-05 2.5392332e-05 0.67593145 0.00045988435 0.0004323827 0.0020475574 1.2603089e-05 1.7970306e-06 8.199692e-07 0.00012800725 4.1622474e-07 0.00013187127 2.2295058e-05 0.00042921692 0.00017510151 6.501975e-05 0.0037725675 1.6976574e-07 0.0024405823 0.0009741055 1.3654312e-07 5.356934e-05 0.00016032433 2.382279e-05 6.6589735e-08 0.00022356882 8.203369e-05 7.4438234e-05 5.9404776e-08 5.4333756e-05 0.0012862001 0.002197578 6.061651e-07 1.8771745e-05 1.2535196e-05 4.5655966e-07
0.013987699 0.031103825 0.123918265 0.003667207 0.004695775 0.00068968185 0.03298584 0.012583065 0.0020322315 0.0046065096 0.0021760277 0.17697367 0.16280694 1.1848255e-19 0.0013856923 0.0016538535 9.203517e-05 0.0020964497 0.0008304993 0.030257525 0.0024228517 5.251478e-05 0.004712284 8.466783e-05 0.003761822 6.3109575e-05 0.006273139 0.12258226 0.067470394 0.053707525 3.4952168e-07 7.999518e-05 0.000113306516 8.294366e-06 5.9350445e-05 0.05022137 0.0018415042 0.00012989627 1.0335124e-05 0.00036099265 0.0012728319 4.0279534e-05 9.528289e-05 0.004927801 1.3997218e-05 0.018271491 0.017242376 0.010322482 0.004267411 0.0022401768 1.0709857e-06 9.596217e-07 5.4081065e-05 2.1794044e-06 4.2956828e-05 0.00056695763 3.495189e-06 2.1251707e-07 7.1931013e-06 0.015485312 0.0020238908 9.748325e-08 0.0022685402 5.184733e-06 2.0336447e-05 5.106786e-06 7.1423494e-07 0.7455224 0.0010469644 0.0009661512 0.0015965764 1.6176292e-06 2.6539414e-07 1.1094125e-07 7.268749e-06 1.9729969e-08 1.4643841e-05 1.6209123e-06 4.892559e-05 2.0667952e-05 0.0007253826 0.0017966719 7.6551984e-08 0.00092738535 0.0012533477 8.2071914e-08 0.0006903369 3.207396e-06 4.507011e-06 5.4967376e-08 0.00069883117 3.9980713e-07 2.0352958e-07 8.331567e-09 4.5270463e-06 0.00016246343 0.0011092449 2.3578128e-08 1.7235724e-06 1.5413284e-06 3.796688e-08
0.9972948 0.10305222 0.023928236 0.3430303 0.053779915 0.20890567 0.00024860972 0.14352931 0.6929892 0.034180287 0.04326045 0.0006707023 0.0018053541 0.0013856923 9.185638e-20 0.007995736 0.19216238 0.42134216 0.14106181 0.0018566996 0.007133419 0.10597661 0.060728107 0.23025414 0.0033627094 0.090825304 0.0020435934 0.0005890032 0.00057276175 9.374869e-05 0.009705212 0.09714308 0.04461449 0.06696031 0.0025074806 0.0017905885 0.0008370402 0.051852576 0.025010046 0.0028056966 0.00027414647 0.14246994 0.036405757 0.0011414152 0.021448145 0.0008087032 2.4102708e-05 4.176455e-05 1.2239466e-06 0.00039362768 0.0035296625 0.01808901 0.00244036 0.0014409483 0.00072064454 0.0003735761 0.0019888142 0.008785665 0.034388717 7.3043493e-06 0.00017630766 0.0005094841 0.36273125 0.0066953315 0.00034485338 0.0010434404 0.03393149 0.001962948 1.1676941e-08 5.870829e-09 1.0177512e-05 0.00037505702 0.00020970903 0.00047639402 0.00045705526 0.0011741408 7.392286e-05 0.0001712201 7.4877964e-05 4.3151038e-05 1.9162292e-09 2.7049417e-05 0.00020532386 2.0142275e-05 1.118174e-06 4.105119e-05 7.7921854e-08 0.17171192 0.0028331815 4.986761e-06 4.276691e-07 0.095686026 0.007792825 6.921603e-06 2.0183019e-05 4.9365917e-05 1.9516214e-05 0.00012020065 1.2766612e-06 1.8826328e-06 6.7399483e-06
0.94693524 0.112367235 0.008361187 0.02798146 0.11235453 0.15592593 0.00019311122 0.009453788 0.062973194 0.6296056 0.67973864 0.005264473 0.052950308 0.0016538535 0.007995736 1.1657556e-16 0.049307697 0.0033678394 0.09699707 0.245373 0.8165777 0.0062356098 0.22908865 0.013327916 0.5522737 0.0016919998 0.54259086 0.008081524 0.0013824623 0.023024153 0.00010480609 0.0014917848 0.19431032 0.00018382134 0.6972288 0.00020517902 0.32334945 0.004906439 0.00027684393 0.42522714 0.19011304 0.00060629094 0.019449543 0.20212604 0.00021969166 0.0683157 0.0007328575 0.0080370605 7.978402e-06 0.13425213 0.00081404194 0.00031036377 0.06459282 0.00077023916 0.14010051 0.14310941 0.006856993 2.5009273e-05 0.00011395205 1.1495404e-06 0.036695212 3.1259773e-05 0.027113765 0.0001188422 0.032726273 0.00013302932 0.00035452243 0.06483586 2.8573064e-07 4.4037665e-07 0.0011099911 0.00022478316 9.091823e-06 7.8105285e-07 0.008731825 8.798605e-07 0.012602575 0.0006029572 0.014649311 0.0083027845 3.0016463e-06 0.015251406 1.5528491e-07 0.015039153 0.00047788813 5.0621416e-08 6.033972e-07 0.0019599802 2.0435054e-05 6.295036e-08 2.9934548e-05 0.0013484018 0.000919506 1.4455647e-07 0.0015976585 0.022374269 0.017171133 1.8674637e-06 0.0016966098 0.001116654 4.6558207e-06
0.9836506 0.028106237 0.0030963887 0.07289988 0.01839387 0.16260208 9.4179444e-07 0.019308671 0.46663517 0.030398387 0.06876466 0.0003408312 0.0008257773 9.203517e-05 0.19216238 0.049307697 2.0500956e-18 0.028627263 0.8422719 0.00093729293 0.04312466 0.17832926 0.38407424 0.78706694 0.013836423 0.06024848 0.008707431 0.002035695 9.96438e-06 0.00020225767 0.011170045 0.037024975 0.38639078 0.036481548 0.091647565 2.9933635e-05 0.011060637 0.11672139 0.035535745 0.049224645 0.003478632 0.081657715 0.21679944 0.0028236757 0.01065944 0.0004106906 1.1938683e-05 0.00013524077 3.091281e-08 0.0019719675 0.076603994 0.029549176 0.100879 0.040616512 0.03772289 0.005129686 0.07109105 0.0044280333 0.0046780794 5.2783804e-07 0.00061443215 0.0079360735 0.10734403 0.0029883564 0.0140972845 0.005738722 0.02947391 0.0025878528 1.06085984e-08 1.0905154e-08 7.903068e-06 0.004733539 0.00081535155 0.0006861846 0.015489913 0.00015653398 0.0007432658 0.0018774656 0.0036394943 0.003550777 4.683732e-09 0.00018683438 0.00022082386 0.00014369612 1.9026313e-06 2.4627057e-05 9.731638e-09 0.009402824 0.0013184783 4.880086e-06 4.680053e-07 0.007268819 0.006838394 3.524025e-05 0.000665779 0.000342747 0.00018974853 4.4547935e-05 3.880204e-05 6.5734755e-05 2.410187e-06
0.9951071 0.27983147 0.14162357 0.49295592 0.054643646 0.18134102 0.00984394 0.46681744 0.60026443 0.010512386 0.010585354 0.008885968 0.0030439869 0.0020964497 0.42134216 0.0033678394 0.028627263 1.0706145e-24 0.021535302 0.0009518616 0.0012295037 0.088890135 0.018840358 0.011528752 0.0007622104 0.03862454 0.00095523085 0.0030612955 0.0004983792 1.4379517e-05 0.0037231564 0.01817267 0.0017315004 0.0048877955 0.00071263744 0.003988414 0.00031288125 0.003053327 0.0013569144 0.00044476258 6.88189e-05 0.029615754 0.00034804354 0.0005714971 0.0009784586 0.0005105004 9.4219695e-07 2.9700873e-06 1.3404436e-05 0.0002462808 5.685614e-05 0.00045481033 3.459376e-05 4.973135e-06 0.00014375478 9.991086e-05 0.00016324385 0.00010700588 0.0012232395 0.00012941219 5.2043484e-05 1.9025289e-05 0.3362066 0.000100359204 7.494086e-06 7.601053e-06 0.00069806277 0.015270137 2.9682808e-06 3.045823e-08 2.2650854e-06 2.7965015e-07 2.5244344e-07 6.6034995e-06 9.48021e-06 1.4190109e-08 6.0965717e-06 5.293546e-08 1.7356223e-07 1.0761406e-08 3.1290327e-08 1.1902885e-05 1.762714e-07 1.1867474e-05 2.829845e-06 6.5925605e-07 6.652328e-06 0.09178163 6.8515083e-06 2.7361752e-08 7.2587693e-07 0.0020616052 9.939144e-06 2.3180561e-07 2.1839397e-10 6.198777e-06 4.870153e-07 1.9041589e-07 1.576257e-08 2.4048932e-09 4.072504e-09
0.9568865 0.05616564 0.0068762423 0.108271405 0.04697523 0.21107769 2.7372832e-07 0.018428255 0.39421383 0.054459907 0.13516702 0.001314749 0.004911795 0.0008304993 0.14106181 0.09699707 0.8422719 0.021535302 3.0210027e-19 0.0019749673 0.08765034 0.08449948 0.8769052 0.42978176 0.020128516 0.029506894 0.012842371 0.004664874 4.495718e-05 0.0025122056 0.003184701 0.022798872 0.20808603 0.010107923 0.11779235 0.0008475715 0.021472834 0.07169779 0.015826259 0.09568653 0.0076400656 0.03944865 0.10982565 0.008867061 0.0070650233 0.0009287333 6.58904e-05 0.0008358336 9.172948e-08 0.01302749 0.013062044 0.013040164 0.07820385 0.013117183 0.03900107 0.021429107 0.020285802 0.0017770081 0.0033243124 1.8404832e-06 0.003237376 0.001067329 0.09113486 0.0024128605 0.039209522 0.0030653034 0.014280125 0.005722663 2.1418762e-08 2.324754e-08 5.4640383e-05 0.001879334 0.0002531222 7.9809404e-05 0.028764362 3.250446e-05 0.0018379812 0.0017214313 0.007815675 0.006371334 1.2804299e-08 0.00075997226 4.817295e-05 0.00048556612 3.9704914e-06 7.466123e-06 4.902839e-09 0.013755751 0.00072596426 8.644667e-07 1.2034e-06 0.007516598 0.0035342958 4.9729783e-06 0.0008979248 0.0015223818 0.00035852476 3.7848757e-05 0.00011445423 0.00020407837 2.2720593e-05
0.36365217 0.12111406 0.07927444 0.009269193 0.041481964 0.013672276 0.0024156247 0.01080379 0.004682451 0.18166073 0.07231653 0.2494642 0.5584954 0.030257525 0.0018566996 0.245373 0.00093729293 0.0009518616 0.0019749673 5.3025075e-20 0.24223414 0.0008169592 0.012068958 0.00037869284 0.5822406 0.0001834044 0.58352786 0.11935776 0.21929447 0.5780284 6.827286e-07 0.00034122018 0.0019163513 4.0540144e-06 0.012644554 0.0047297054 0.43533918 9.718228e-05 4.502865e-06 0.013860592 0.23682505 3.086693e-05 0.000254532 0.25620568 7.0450933e-06 0.343786 0.10188058 0.10880484 0.0058990344 0.06719955 1.5751932e-06 5.9382237e-06 0.00060163985 1.2194109e-06 0.00377364 0.022951743 1.0077771e-05 1.6121164e-07 4.3750464e-05 8.545014e-05 0.021775931 1.1947179e-07 0.00870847 1.391797e-06 0.00059732597 8.303044e-07 2.8826207e-05 0.4657144 4.1881693e-05 0.00031971597 0.0021107635 1.8608422e-07 1.619699e-08 9.540426e-09 9.4354575e-05 1.3286257e-08 0.00045410843 3.6686401e-07 0.00032929593 7.258244e-05 0.00012718368 0.0040191608 1.1466578e-09 0.0031466153 0.0022046342 1.7834252e-10 1.1283123e-05 0.00031521852 1.3588885e-06 2.3755461e-10 5.0064573e-05 0.0002844928 6.543878e-05 2.5568723e-09 3.39785e-05 0.0029810837 0.004309055 6.0025025e-09 5.0980466e-06 2.7032947e-06 6.986105e-09
0.149831 0.046916913 0.0049856836 0.018087337 0.05195778 0.048116624 9.362481e-06 0.004520521 0.04091552 0.3899007 0.49868354 0.00150844 0.112419054 0.0024228517 0.007133419 0.8165777 0.04312466 0.0012295037 0.08765034 0.24223414 1.0035054e-20 0.005758538 0.32396317 0.021760173 0.7709114 0.0036443032 0.5789915 0.004122536 0.0050088097 0.10616471 7.524354e-05 0.0023019537 0.14203201 0.0009016072 0.43297452 0.00029772596 0.51839244 0.017953737 0.0029220043 0.5514762 0.28483784 0.00048527328 0.031043913 0.21146336 0.0018647686 0.10003649 0.0028054127 0.0134378495 2.3861182e-06 0.2573691 0.0021220692 0.00025745624 0.088760905 0.0030192286 0.05646242 0.20255286 0.0064571714 0.00025986033 0.000311419 1.8187433e-07 0.048149526 0.00012650288 0.00503038 0.00043492147 0.047937278 0.000638851 0.0003024355 0.014841117 1.621301e-07 1.5404959e-07 0.000111568785 0.00020091845 1.2153342e-05 2.9141453e-05 0.009309373 2.5783877e-06 0.0064193434 0.00032368064 0.00698547 0.0029207293 2.0464695e-07 0.005892279 7.681075e-07 0.00511112 1.8935905e-05 1.2479736e-06 2.890495e-08 0.00011720498 3.7300757e-05 3.524062e-07 3.565186e-06 9.336717e-05 0.0008306015 5.7634196e-07 0.0002662458 0.0055947797 0.0043523395 1.0338742e-05 0.0003334201 0.00033268257 1.742757e-06
0.98371273 0.0076771067 0.0006530608 0.033900574 0.005963942 0.035185214 1.4935478e-06 0.012360403 0.14759363 0.004026709 0.010043634 6.475119e-05 0.00038713642 5.251478e-05 0.10597661 0.0062356098 0.17832926 0.088890135 0.08449948 0.0008169592 0.005758538 3.133831e-18 0.048268527 0.3108297 0.0009499772 0.82628113 0.0017440681 0.0017700017 2.5774769e-05 5.5019744e-05 0.8365812 0.5220012 0.17490356 0.33736235 0.007107012 0.00025518314 0.00018618267 0.16204424 0.11360878 0.0037290817 0.0005743946 0.19228931 0.22816622 9.552427e-05 0.094436474 8.976867e-05 4.659449e-06 6.4924694e-05 4.2981043e-07 0.00035987326 0.1822058 0.07969673 0.028344067 0.077367954 0.006690863 0.000710838 0.073335186 0.06817262 0.04531834 2.568905e-05 0.00014316743 0.059821755 0.20477828 0.044792924 0.0019978895 0.07827748 0.1112716 0.00055467273 6.2625196e-07 6.4949955e-07 1.3005066e-05 0.012392059 0.011949568 0.017079039 0.003189715 0.005441527 0.00037205315 0.004778765 0.0027308017 0.0043568537 7.712223e-08 0.0001485444 0.0074286507 9.4606155e-05 4.829961e-06 0.0016056286 2.1907842e-06 0.068392605 0.0074965707 0.00041066908 1.8939111e-06 0.04697194 0.03688906 0.0024980637 0.002500473 0.0003776698 0.00010541977 0.001465172 6.64845e-05 0.0001658935 8.812664e-05
0.5759985 0.062126014 0.01799854 0.18950768 0.04472093 0.14112826 5.2871546e-06 0.018238474 0.41068065 0.094024345 0.24229725 0.011691953 0.034018695 0.004712284 0.060728107 0.22908865 0.38407424 0.018840358 0.8769052 0.012068958 0.32396317 0.048268527 2.823175e-20 0.31330377 0.08108376 0.034996387 0.032970004 0.020773664 0.00089264015 0.0067554256 0.0024371576 0.023159983 0.70533043 0.012478327 0.266807 0.0019634282 0.07215443 0.20481725 0.044321544 0.2227138 0.03373609 0.020599304 0.1854 0.020913051 0.027844323 0.008094039 0.0010018818 0.0028897473 5.2549296e-07 0.04001898 0.024621753 0.013413604 0.13066082 0.032336287 0.10773914 0.05908188 0.03889463 0.007390659 0.011908476 5.2731025e-07 0.010146189 0.0030605115 0.024277862 0.0056656552 0.07672084 0.0048683146 0.006227932 0.009512324 1.9612946e-08 4.5861546e-09 1.3675777e-05 0.002831369 0.0010788547 0.0005340234 0.05895825 0.0005672429 0.005588072 0.0019065187 0.011136649 0.009858366 1.02222915e-08 0.0011871047 0.00033857542 0.0006040415 3.6993663e-06 1.6992031e-05 5.1747766e-09 0.0033953206 0.0018520989 3.4678797e-06 7.0342935e-07 0.0037171463 0.005277435 1.7630824e-05 0.000541693 0.0007476001 7.285854e-05 0.00018553871 5.4075797e-05 9.141331e-05 1.217989e-05
0.98432004 0.0051503256 0.0016376193 0.044071898 0.0037271192 0.040056087 4.866388e-07 0.0077008246 0.28437674 0.009135231 0.020062767 0.00048559482 0.00077163544 8.466783e-05 0.23025414 0.013327916 0.78706694 0.011528752 0.42978176 0.00037869284 0.021760173 0.3108297 0.31330377 2.379551e-17 0.007395785 0.28163227 0.0024946376 0.0012041619 1.2790663e-05 0.00016763671 0.21448953 0.17494297 0.49704897 0.22009304 0.04595252 4.847832e-05 0.0054798685 0.5623538 0.26001528 0.03666164 0.0022452842 0.2169138 0.52089983 0.002021466 0.07833658 0.00063408137 2.16971e-05 0.00013601981 9.122454e-08 0.0025215703 0.17719 0.07935207 0.20077004 0.10790497 0.027638441 0.0033788453 0.09123652 0.020049712 0.017509686 2.1824242e-06 0.0010191073 0.028463397 0.06679702 0.013898064 0.014723529 0.038322173 0.06304586 0.002804974 5.6299627e-09 9.138454e-09 3.0040992e-05 0.018644547 0.0069537153 0.0072406013 0.03705987 0.00345152 0.00095268764 0.008762478 0.0033144532 0.0053546256 8.7468255e-09 0.00026391627 0.0023065058 0.00017335969 1.7072084e-06 0.0003190249 9.04195e-09 0.016006324 0.0053441543 0.00012592379 6.9440324e-07 0.0142594455 0.024907015 0.00029277377 0.0027331023 0.00076231104 0.0002618742 0.00041480202 0.00018287415 0.00039787832 4.7814883e-05
0.2688547 0.033821844 0.007956231 0.0079745995 0.026750121 0.01289737 0.00013725708 0.004858276 0.01117382 0.17587419 0.1236551 0.016712856 0.2100153 0.003761822 0.0033627094 0.5522737 0.013836423 0.0007622104 0.020128516 0.5822406 0.7709114 0.0009499772 0.08108376 0.007395785 2.3278682e-20 0.0008122784 0.80140305 0.012907989 0.03345729 0.30644834 2.5065887e-05 0.0010819272 0.04730556 0.0001325792 0.3167487 0.00033630477 0.63762116 0.0051710675 0.00049273175 0.45098394 0.45083898 0.00015981446 0.008381113 0.411406 0.0009371388 0.3069186 0.014382465 0.03370559 2.5163343e-05 0.30608934 0.00060014904 0.00010563021 0.03611107 0.0003221433 0.028318318 0.19657694 0.0016720372 7.20712e-05 0.0005332338 7.117524e-07 0.08423049 1.7279923e-05 0.004141178 0.00012033393 0.015373217 0.00014258697 0.00023025113 0.045584556 2.557848e-07 2.8913266e-07 0.00093004457 2.3614395e-05 7.443035e-07 2.2536956e-06 0.00278397 2.3116245e-06 0.004302879 4.5337016e-05 0.002928573 0.0018079593 7.6883373e-07 0.017936373 6.2641114e-08 0.018401522 0.00044336694 3.2382385e-08 4.3223952e-08 0.00015828069 4.6297126e-05 2.8263171e-08 2.426209e-05 0.0002054069 0.00058765186 1.2613009e-07 0.00019992341 0.021846365 0.016534837 3.499902e-06 0.0005019978 0.00024917535 3.357332e-07
0.9654147 0.0027977943 0.0001573992 0.014181886 0.0016650143 0.012689873 2.4804153e-08 0.0031542615 0.0791696 0.0027214307 0.0049001 1.7208508e-06 0.000249793 6.3109575e-05 0.090825304 0.0016919998 0.06024848 0.03862454 0.029506894 0.0001834044 0.0036443032 0.82628113 0.034996387 0.28163227 0.0008122784 5.5392687e-19 0.00027593377 2.558978e-05 1.1859114e-05 1.0432049e-05 0.49112955 0.73430896 0.08960826 0.3587872 0.0028252203 0.00010214683 6.510034e-05 0.14893384 0.083973944 0.0016611997 0.000107972024 0.2697518 0.14865503 5.6569002e-05 0.112945564 1.6617876e-05 5.3926806e-07 1.1509526e-05 2.9444527e-07 9.906407e-05 0.08253478 0.06903982 0.011975551 0.03767036 0.0012130572 9.5904266e-05 0.02066951 0.059233595 0.054669958 9.28459e-06 1.8651275e-05 0.018976122 0.084354125 0.04217773 0.00049435813 0.030693546 0.049437452 2.2335922e-05 8.003886e-08 3.3715025e-08 5.9408603e-07 0.0028487996 0.0035451502 0.0069555165 0.0018178609 0.002546352 2.3562203e-05 0.0015425035 0.0005978187 0.0010099304 9.710056e-09 2.2894992e-05 0.0034630913 9.9612735e-06 9.3661026e-07 0.00045820067 6.1676747e-07 0.071570925 0.0075304057 5.669685e-05 5.875568e-07 0.045757253 0.018773837 0.00073428155 0.0005685856 0.00013085852 9.8982855e-05 0.00056622224 1.8641966e-06 1.0175427e-05 3.2532313e-05
0.58428544 0.047347475 0.011309486 0.0061205565 0.026656436 0.017040294 0.0002743013 0.0047285734 0.007469677 0.1674061 0.10508823 0.04823038 0.19749102 0.006273139 0.0020435934 0.54259086 0.008707431 0.00095523085 0.012842371 0.58352786 0.5789915 0.0017440681 0.032970004 0.0024946376 0.80140305 0.00027593377 2.8261317e-17 0.02826825 0.046495467 0.2587696 1.1631579e-05 0.0006739447 0.021973843 3.156278e-05 0.43368128 0.0006454142 0.6410553 0.0027356148 0.00011818114 0.4958188 0.5207729 6.5816734e-05 0.0052766446 0.46886343 0.00017449855 0.44570473 0.04637641 0.063681774 0.00058129476 0.36779165 0.0003082291 8.3465035e-05 0.028153205 0.0002374011 0.046935655 0.21442121 0.0009358456 1.2574624e-05 0.000154128 1.2098972e-06 0.1262705 1.18666485e-05 0.009399378 5.770008e-05 0.03343581 7.1019436e-05 0.00016513286 0.16679582 3.1305135e-06 1.5313968e-05 0.0055864598 6.830211e-05 1.8454605e-06 7.3217734e-07 0.005763582 3.001319e-07 0.020126142 0.0001506938 0.011953107 0.0041906806 9.077142e-05 0.03614915 8.686628e-08 0.0367321 0.005290395 5.3421413e-08 5.6656035e-07 0.0011085643 2.2348131e-05 4.7128225e-08 0.00017518118 0.0007591067 0.0005681972 8.6286185e-08 0.0010463576 0.039184768 0.031759612 3.8352798e-07 0.0015409294 0.00084874796 1.8385217e-06
0.62550837 0.19648518 0.08067417 0.018756691 0.011753066 0.0044450755 0.037224036 0.0075946515 0.009402062 0.029318174 0.006099338 0.48812318 0.08621007 0.12258226 0.0005890032 0.008081524 0.002035695 0.0030612955 0.004664874 0.11935776 0.004122536 0.0017700017 0.020773664 0.0012041619 0.012907989 2.558978e-05 0.02826825 4.318161e-15 0.09864936 0.020635722 9.254359e-06 2.4073224e-06 0.0016320985 8.253832e-06 0.0007276434 0.066959925 0.019695897 0.0020540026 0.0003461488 0.0071667163 0.009127202 8.239974e-06 0.0035065354 0.0506698 4.8079408e-05 0.117080174 0.029356 0.02283319 0.058177773 0.014770572 4.408179e-05 2.0232786e-08 0.009108282 0.00016705644 0.00031728207 0.011090022 9.2470844e-05 7.1284273e-07 7.589887e-07 0.04026656 0.02541328 1.0769154e-05 0.10786981 1.1819133e-05 0.001969822 0.00020333743 1.2268763e-08 0.30211723 0.0154469395 0.0056321635 0.029045422 6.2498475e-05 2.3603732e-06 4.5332545e-06 0.0018176718 1.7536336e-10 0.0032860062 7.464382e-05 0.00018366851 3.2905155e-05 0.005025082 0.0057172053 2.645794e-07 0.003488504 0.0043288996 1.2475418e-06 0.00738951 6.387608e-07 2.0507512e-08 2.6009147e-07 0.0037742339 1.1894621e-09 2.0351616e-11 4.844957e-07 1.1499241e-06 0.00018087344 0.00010872986 2.9097156e-09 1.3289419e-05 6.3604457e-06 1.7278668e-07
0.02395576 0.014136333 0.04007171 0.0005232172 0.0021490739 0.00070361124 0.012857886 0.003936074 0.00016196792 0.005711897 0.001580221 0.15917003 0.24406274 0.067470394 0.00057276175 0.0013824623 9.96438e-06 0.0004983792 4.495718e-05 0.21929447 0.0050088097 2.5774769e-05 0.00089264015 1.2790663e-05 0.03345729 1.1859114e-05 0.046495467 0.09864936 1.0046589e-19 0.6369556 3.1859722e-07 5.7552574e-05 3.3600485e-05 9.801644e-07 0.00029373865 0.017611507 0.01735977 4.5363315e-05 1.578786e-06 0.0008725174 0.012896012 2.0025896e-05 2.6327914e-05 0.03415724 1.0310188e-05 0.173336 0.24400736 0.14832307 0.038665894 0.009272408 1.9542688e-06 1.8828941e-05 5.8814385e-05 1.9726208e-06 0.00026938834 0.0018406077 1.1968288e-05 1.05205686e-07 2.7583337e-05 0.004924628 0.011871093 1.9325114e-07 0.002884909 5.4046177e-06 6.799814e-05 4.398535e-06 9.363941e-05 0.6237363 0.004578709 0.008668804 0.026446082 1.2652858e-06 1.4590367e-07 3.876514e-08 1.6640903e-05 4.219578e-08 8.2450955e-05 1.6474778e-06 0.00012039098 3.5684534e-05 0.0086299535 0.0025604868 8.380992e-09 0.0015006423 0.011830625 3.5579049e-09 0.000979723 9.787819e-05 8.725652e-06 4.359802e-09 0.005147907 5.5175755e-05 5.507314e-05 3.8367922e-08 2.1732347e-05 0.0001671637 0.001624457 1.660239e-08 9.736058e-07 1.0912158e-06 1.1836057e-08
0.0041831536 0.016992306 0.009451895 0.0004684481 0.006625999 0.0017731898 0.0013158158 0.0011438358 0.0007578596 0.034864105 0.023199772 0.018303365 0.6112095 0.053707525 9.374869e-05 0.023024153 0.00020225767 1.4379517e-05 0.0025122056 0.5780284 0.10616471 5.5019744e-05 0.0067554256 0.00016763671 0.30644834 1.0432049e-05 0.2587696 0.020635722 0.6369556 4.7111957e-23 2.3123343e-06 7.02244e-06 0.003100929 6.5893514e-06 0.0063825916 0.012145419 0.17800567 5.0598082e-05 4.8032438e-05 0.011547101 0.09828329 4.9979946e-07 0.00014073198 0.17561811 3.7883496e-05 0.35135517 0.45684007 0.42473602 0.036106534 0.046200015 7.433402e-05 4.5650918e-07 0.0006257628 2.9928298e-05 0.0006804416 0.004164777 0.00039180994 1.7931248e-05 3.3271363e-06 0.000121063815 0.025402894 1.2933057e-05 0.00020465528 3.6518627e-06 0.00014673681 2.2101925e-05 2.3980058e-06 0.29292378 0.00039494073 0.00032596395 0.008735911 3.3148635e-06 1.9466934e-07 3.4020409e-06 1.3688929e-05 7.736841e-08 2.0642325e-05 1.5049418e-06 2.8959132e-05 1.2934019e-05 0.00016227143 0.002690837 9.202911e-09 0.0016607958 0.0020311242 1.14083e-07 2.48388e-05 2.6377091e-07 3.9120782e-06 2.991507e-08 0.00023482312 1.0603184e-07 8.048811e-06 4.6710213e-08 1.4028482e-06 0.0002379358 0.00052626105 5.7224145e-07 5.7016865e-07 6.19348e-07 3.7604156e-08
0.9608356 0.00010669956 3.7666318e-06 0.00056019425 2.0138741e-05 0.0002050319 9.2298014e-10 0.00022674477 0.0073066796 3.0949966e-05 0.000108515014 3.486385e-07 6.6087478e-06 3.4952168e-07 0.009705212 0.00010480609 0.011170045 0.0037231564 0.003184701 6.827286e-07 7.524354e-05 0.8365812 0.0024371576 0.21448953 2.5065887e-05 0.49112955 1.1631579e-05 9.254359e-06 3.1859722e-07 2.3123343e-06 1.5557933e-16 0.13340738 0.012512368 0.9542713 0.00022273672 3.2185342e-06 2.8236058e-05 0.7177477 0.88798565 0.00031377558 5.7189667e-05 0.049658585 0.056204136 8.074205e-06 0.8287473 2.72754e-07 3.8825505e-07 3.6164079e-06 2.1094742e-08 7.3842966e-05 0.09711825 0.023983255 0.0051493333 0.02708817 0.00017294768 0.00013368556 0.01658103 0.06537316 0.008889855 5.9247293e-07 5.441804e-06 0.05295177 0.0050293417 0.047595914 0.0003205852 0.080669515 0.015141871 6.795746e-06 5.7517262e-08 7.267314e-08 1.4510495e-07 0.007904407 0.005749821 0.0075278785 0.0010599591 0.0011753688 6.3699794e-05 0.0046691205 0.0005700657 0.0014152378 3.6812803e-08 3.6187797e-05 0.0019087836 2.7025073e-05 3.5296384e-07 0.00028029247 2.3242343e-07 0.005219347 0.0006514133 0.00010308552 1.2886592e-07 0.006287031 0.011979989 0.00022693082 0.0005407356 5.6551424e-05 1.2055222e-05 0.0001742767 4.4564717e-05 7.247116e-05 4.053715e-05
