7.428665e-34 0.069046736 0.0027927398 0.27882195 0.28032064 0.06844816 0.0005183253 0.08762924 0.005304908 0.00062229414 0.0010265248 0.74234563 0.73548007 0.0004279113 0.8919254 0.0030273027 0.06823698 0.9567892 0.02401373 0.024182029 0.45921808 0.9531081 0.8696488 0.044272944 0.13117318 0.0013229678 0.0018626507 0.98517656 0.3554027 0.875761 0.934221 0.016318955 0.19663388 0.00019035715 0.27323458 0.0066441502 0.89792097 0.0053595705 0.52324903 0.2385188 0.41832557 0.9100016 0.9384578 0.7852239 5.468237e-06 0.9623124 0.15425205 0.07650164 0.9666271 0.45825505 0.021894922 0.73533887 0.7966265 0.98541206 0.8709361 0.9719999 0.9583539 0.9764423 0.9372957 0.0001145546 0.98834145 3.1001025e-06 0.49308786 0.0001273422 0.99152774 0.69308716 3.135654e-05 0.8450094 4.9956213e-07 0.0007340245 0.99525845 0.0011964118 0.99956113 0.724271 9.592027e-09 0.015504367 0.99812573 0.00011448807 4.5342915e-08 0.9932582 0.99988043 0.9343252 0.7923894 0.9991576 0.9989886 0.97748303 0.014927391 0.99831355 0.00040107794 0.9365934 0.2511043 0.9812762 0.9995058 3.751997e-08 0.0007892629 0.3786518 0.99920404 5.069879e-09 0.5349584 0.99960536 0.99815637
0.069046736 8.654653e-21 0.7667634 0.84730864 0.5158833 0.5941638 0.3369552 0.56595325 0.6543414 0.414159 0.4644974 0.4766713 0.36376274 0.2513951 0.5246106 0.5379555 0.65101904 0.2133692 0.09995759 0.024825664 0.1285363 0.20071323 0.1388431 0.0055628126 0.015275097 0.002355649 0.0012303124 0.42918032 0.0071631013 0.5736677 0.009326444 0.029858518 0.0019299377 0.028203033 0.02727272 0.0068338043 0.0021174683 0.00060486235 0.019158278 0.003021181 8.8357054e-05 0.014726759 0.01939685 0.00019970331 0.008254576 0.015182518 0.0012491908 2.6690934e-06 0.036846902 0.006016261 0.00014469087 0.002142986 9.496275e-05 0.22589518 0.017741175 0.023796462 0.0036528313 0.01321391 0.004909891 9.563789e-06 0.004378931 0.00013153165 0.0033839128 1.2422225e-05 0.0042373845 0.00031422326 3.5654443e-06 0.0013930732 1.1790751e-05 2.959342e-07 0.0013953769 6.9106835e-07 0.03864606 0.00035308202 2.3308225e-05 0.0032390947 0.0327185 1.1913967e-07 0.0002419431 0.00013873259 0.03687057 0.000529979 0.001099215 0.0033175396 0.0013858093 0.00015841781 0.00031622872 0.00048062933 2.4776448e-06 0.003210077 0.0006337468 0.004830503 0.0033642554 8.246885e-06 4.111432e-06 5.6259276e-05 0.0049755955 1.4418795e-08 0.0021083662 0.00047155592 0.0013695087
0.0027927398 0.7667634 4.368299e-21 0.67271143 0.54318404 0.30495402 0.358111 0.26328602 0.8525534 0.3014606 0.4534703 0.09435213 0.121718556 0.08835643 0.05596232 0.5505204 0.009353567 0.11345411 0.3148376 0.0005411736 0.09414022 0.16265939 0.052541047 5.4549168e-05 0.018469565 0.007575356 0.0019010798 0.030571498 7.066757e-05 0.015690165 0.014904211 0.00033695035 0.0018441763 0.035283275 2.73984e-05 0.012527036 0.0038376052 0.003207606 0.003429095 4.5828783e-06 0.00090105116 0.007982885 0.010858485 0.000654925 7.8511475e-05 0.007470158 0.00050498394 4.38212e-05 0.0001718645 5.6142864e-05 0.00038486515 6.0848943e-05 0.00025359096 0.0004884475 2.3098912e-05 0.0019190114 0.0010900801 0.0004959966 6.0905953e-05 0.00027282702 0.001663938 0.0003698132 7.055152e-06 4.5289894e-06 0.00044048112 0.00011870469 5.40817e-06 4.3321284e-05 1.2468103e-06 2.732359e-07 7.330892e-05 1.5491669e-06 0.0035681862 3.6984316e-06 0.00010984672 4.8872706e-05 0.00050911086 9.207708e-08 9.8721524e-05 9.473326e-05 0.0003150178 6.5029694e-06 2.3612796e-05 0.0011262383 4.3434055e-05 1.2169236e-06 6.450665e-06 1.806613e-05 3.2862986e-06 2.1343738e-05 4.079258e-06 0.00021354092 0.00018968721 5.05874e-06 1.4162638e-06 1.6463578e-06 4.6815312e-05 7.942368e-09 6.488774e-05 1.5107072e-05 0.00013551679
0.27882195 0.84730864 0.67271143 5.9025036e-20 0.94632554 0.7434843 0.12339063 0.6751893 0.5672655 0.077175856 0.17085819 0.26338574 0.1997477 0.030998074 0.060810935 0.29593036 0.01904289 0.43531936 0.1029174 5.9215494e-05 0.07773816 0.34215063 0.14148563 6.67024e-05 0.0082417345 0.011573339 0.0033831708 0.17457329 1.5580677e-05 0.08270762 0.01254361 0.00015400033 0.0032154603 0.018453082 0.002231497 0.008626501 0.0016657988 0.0013647109 0.009890124 2.7870208e-05 1.38560235e-05 0.011262494 0.06200153 0.00018549943 5.371634e-06 0.066287845 0.00071309943 2.0247508e-05 0.003659744 1.8045159e-05 9.5443764e-05 1.9754401e-05 1.799333e-05 0.018263686 0.0012184648 0.03604091 0.008945461 0.019500196 0.0027808282 2.0978414e-05 0.030081663 0.00027469106 7.5942015e-05 4.13145e-06 0.00029691306 0.0014457502 9.851006e-06 0.0007892182 2.0793077e-07 4.475188e-06 0.010291059 2.8705351e-06 0.12242695 8.291833e-05 2.8535567e-05 1.4224335e-06 0.0082625775 9.0568335e-08 8.9811265e-06 0.0006803135 0.019457843 7.918002e-05 0.0007620821 0.013925095 0.0045473315 0.00036347331 5.273168e-07 0.0031831847 1.5146333e-06 0.00070634356 0.00017417585 0.00080108934 0.0009105598 3.216969e-06 9.0632324e-07 6.599313e-06 0.0009212655 5.848331e-09 6.0138365e-05 0.0009085097 0.0029258674
0.28032064 0.5158833 0.54318404 0.94632554 5.5029586e-19 0.6991837 0.06346858 0.6285632 0.5721781 0.03548822 0.11897656 0.1820737 0.18203028 0.0070143524 0.0060421578 0.25635308 0.007553761 0.54502314 0.16151784 1.0895173e-05 0.12965238 0.4728644 0.18651894 1.5243502e-05 0.020345539 0.01749 0.0047447407 0.098823346 1.7100435e-06 0.023780877 0.02868902 1.9958708e-05 0.006463705 0.007701254 0.00050435995 0.010946399 0.00485293 0.0034640888 0.017991932 5.1113857e-06 8.971398e-05 0.020104738 0.10536822 0.0014934561 1.1163893e-06 0.1117352 0.0017928634 0.00012067341 0.00087889447 1.0613063e-06 0.00018509352 9.3604945e-07 7.718275e-05 0.006378575 0.0005536683 0.024569135 0.01782272 0.012702047 0.007599723 5.2456064e-05 0.04586439 0.00027962256 1.138768e-05 6.1446926e-06 1.8054574e-05 0.0019152962 5.075634e-06 0.0022714855 6.442488e-08 8.911643e-06 0.021140538 3.889301e-06 0.1072995 4.202541e-05 1.0324209e-05 3.5632465e-07 0.003825979 4.681198e-08 1.2648611e-06 0.00241988 0.012428281 1.947843e-05 0.00021840798 0.020188922 0.008916379 0.0023606042 8.267649e-08 0.006218314 2.8206086e-06 0.0004068624 0.0002657831 0.00030932896 0.0003210062 3.2893122e-06 7.9114193e-07 7.991267e-07 0.0008747591 6.1441328e-09 1.5329513e-05 0.0013178075 0.005877275
0.06844816 0.5941638 0.30495402 0.7434843 0.6991837 1.4259037e-21 0.017340997 0.88443506 0.26731175 0.023446217 0.032386567 0.37671223 0.42761505 0.0052182763 0.0635928 0.098671824 0.04897948 0.45480785 0.09922766 0.00012589736 0.14557686 0.61001176 0.21384855 0.00052679813 0.0119343875 0.0020218766 0.0018248078 0.20947848 0.0002448032 0.289146 0.033877425 0.00013866938 0.004806692 0.0014619987 0.002713389 0.0028203495 0.0074468413 0.0022044817 0.02413371 0.0005644186 0.00024314938 0.02872839 0.108378716 0.0012490335 3.642145e-06 0.10129458 0.0026703512 0.00022526151 0.0066891056 0.001482274 0.00043178865 0.00022726152 0.000370406 0.02675731 0.005236593 0.06786865 0.024541298 0.045836356 0.006878745 1.8404051e-05 0.063406765 0.0002521361 0.0015232873 2.4021863e-05 0.001553653 0.0021219377 4.4258286e-05 0.004640083 9.691637e-07 7.5151634e-06 0.019592572 3.18808e-06 0.12409228 0.00027899502 6.152465e-07 1.613427e-05 0.01308655 1.02085224e-07 5.72632e-06 0.00034269405 0.01708651 0.00033090773 0.0006789751 0.017618187 0.0055297045 0.0015158254 3.652859e-06 0.0032856893 1.3209235e-05 0.0014392021 8.941068e-05 0.0025237512 0.0011291058 2.8066665e-06 3.6868628e-06 6.034619e-06 0.0024703897 3.5622914e-09 0.00025220512 0.0021969923 0.0043952083
0.0005183253 0.3369552 0.358111 0.12339063 0.06346858 0.017340997 4.722053e-20 0.012978682 0.38958502 0.5874764 0.75888324 0.010443308 0.008221447 0.31354636 0.041237168 0.34537473 0.0008263161 0.017445924 0.021073664 0.0004920452 0.0017179314 0.004015328 0.004087658 7.027944e-05 0.005633487 0.00034598494 7.465699e-05 0.0063856444 0.00018070222 6.303818e-05 0.0028381287 0.001718704 4.7622754e-05 0.07695467 4.0243153e-06 0.0027246908 0.0011657488 0.00045302507 9.542793e-05 3.4883326e-06 0.00042867285 0.0004282136 0.0003092809 0.00046506352 0.0031976325 0.00049981166 6.104153e-06 7.5709495e-06 9.854666e-05 0.00010709521 0.0003186062 0.00023642124 6.267132e-05 3.7417365e-05 1.5465017e-05 0.00027224788 6.118943e-05 9.8345e-05 4.1159597e-06 0.000340208 0.00029025087 0.0010734445 1.456558e-05 4.0301667e-05 0.000590175 2.6334315e-05 2.2646847e-05 7.71048e-06 1.23456e-05 1.046599e-07 5.2254003e-05 5.8970654e-06 0.00033643274 3.0770174e-05 0.001668512 8.731238e-06 0.00021819312 9.794421e-07 0.0021341806 2.4845574e-05 6.3412124e-05 8.310277e-05 4.0163002e-05 6.622897e-05 3.1218002e-05 6.7983256e-06 2.766148e-06 4.8497163e-06 6.865774e-06 0.00017994437 2.1116323e-06 0.00011834626 0.00012784485 4.8752954e-06 2.1243632e-06 2.6476066e-05 1.0792615e-05 1.4535403e-08 0.0013050352 2.9145065e-07 2.5194657e-05
0.08762924 0.56595325 0.26328602 0.6751893 0.6285632 0.88443506 0.012978682 4.1822734e-22 0.23188362 0.021696689 0.025142495 0.41353768 0.48149955 0.0045268117 0.07713858 0.085818216 0.047356427 0.4574102 0.085605405 0.0002582547 0.15248853 0.63101816 0.22175327 0.0006097628 0.010833335 0.0011896626 0.0013626821 0.21863657 0.00032890518 0.30609575 0.034995083 0.00015226672 0.00445169 0.00083344214 0.0023377407 0.0016242494 0.0074097663 0.0020776924 0.02471039 0.0006925862 0.00025904924 0.025470238 0.11341455 0.0014023633 3.1780444e-06 0.10421364 0.0033186614 0.00020859505 0.007000649 0.0021017764 0.00028572264 0.00036322037 0.00039034494 0.032219443 0.0057595847 0.07733634 0.02812372 0.05270857 0.007803795 1.2047395e-05 0.07434139 0.00023830344 0.0017588111 1.3327775e-05 0.0023094213 0.0020961517 2.4993014e-05 0.005315581 8.8576655e-07 5.468174e-06 0.021961804 1.7222924e-06 0.14468539 0.00031442978 1.12509845e-07 9.894458e-06 0.015792975 6.063388e-08 1.6673888e-06 0.00039438088 0.020817177 0.00040610108 0.00059706176 0.018154794 0.00593902 0.0019440091 2.582574e-06 0.0031415194 1.2317646e-05 0.0015733257 9.99833e-05 0.0027725291 0.0013185857 1.7339391e-06 4.8655784e-06 1.1488767e-05 0.002624331 1.6575772e-09 0.00041544237 0.0022641032 0.005203711
0.005304908 0.6543414 0.8525534 0.5672655 0.5721781 0.26731175 0.38958502 0.23188362 1.4590117e-20 0.30489135 0.62813354 0.053474393 0.05709098 0.10411035 0.07509943 0.8199012 0.004587658 0.21843621 0.8457787 8.515151e-05 0.15264177 0.19970283 0.12502131 1.0069605e-05 0.3046635 0.19242103 0.09615984 0.02220448 0.000111361296 0.004660454 0.0632851 0.00011471934 0.04221424 0.20797129 1.3724523e-05 0.28476992 0.020194987 0.04508705 0.018830994 6.1898454e-06 0.0077193608 0.018653173 0.019495156 0.004221056 0.00042738763 0.013373791 0.006891296 0.0020935116 0.00018600874 3.6647696e-05 0.02481399 5.2133695e-05 0.0011214772 0.00081043533 6.246064e-05 0.0019211097 0.0038915258 0.00048213947 0.00058232935 0.02482529 0.002531482 0.0037204036 1.6585593e-05 0.0002819227 0.00043104377 0.00034811406 0.00023664726 0.00030105797 2.3041082e-06 2.7340664e-05 0.00078888366 7.961779e-06 0.0039688093 9.610656e-06 0.0005813594 0.00023569074 0.0002817888 5.577753e-06 2.3229757e-05 0.00083980506 0.00042981905 5.8701667e-06 3.5317702e-05 0.0026493988 0.0002341411 2.9734447e-05 2.1907057e-05 7.9271136e-05 7.955092e-06 8.75266e-05 0.00010134805 0.0004203056 0.00027461277 5.6619363e-05 2.8002205e-06 3.435538e-06 5.423942e-05 3.3553252e-07 0.00013215833 4.3796383e-05 0.0005632923
0.00062229414 0.414159 0.3014606 0.077175856 0.03548822 0.023446217 0.5874764 0.021696689 0.30489135 4.9249397e-20 0.5563203 0.020129006 0.00719922 0.6527732 0.11717733 0.39518756 0.014211151 0.009440832 0.0340569 0.00364119 0.0016285902 0.0038526563 0.0031275027 0.0013318025 0.0028149565 0.001505646 0.00032547722 0.006950155 0.00081161835 0.0034210254 0.001203143 0.013567463 0.00018440284 0.3708856 0.00037852276 0.01673465 0.0002310505 0.00046342652 0.0003636583 0.00032161595 5.702486e-05 0.00026480976 0.00058301253 0.00014779055 0.013456271 0.00027729076 7.4592375e-05 0.00011360004 0.0005838401 8.61951e-05 6.134894e-05 2.8102517e-05 5.26501e-06 0.0004530383 0.00058440113 0.0006027519 0.000284549 0.000286717 1.4644721e-05 0.0013033275 7.365616e-05 0.0016939762 5.742089e-05 2.5685942e-05 3.8706246e-05 2.0916288e-05 7.28732e-05 2.1410486e-05 3.2324737e-05 3.6858665e-07 1.4504256e-05 1.8290851e-06 0.00020569704 4.202749e-05 0.010856724 2.2585291e-05 0.00024332732 1.010186e-06 0.019658772 8.2706816e-07 0.00042163426 0.00016403523 0.00013200288 5.8121746e-05 0.00026042623 1.9167084e-05 9.928292e-07 0.00023765185 4.2269951e-07 9.1841575e-05 9.392902e-07 5.9293307e-05 0.0003286578 2.2332639e-05 6.619316e-07 6.0197643e-05 0.00021592066 6.672615e-08 0.0008957117 4.140007e-05 1.4131372e-05
0.0010265248 0.4644974 0.4534703 0.17085819 0.11897656 0.032386567 0.75888324 0.025142495 0.62813354 0.5563203 2.0188573e-19 0.021516312 0.012976924 0.21652646 0.119515404 0.58289826 0.0029794113 0.0620657 0.22482 0.00032161627 0.00871603 0.008781983 0.017846582 0.0005230119 0.052014213 0.008851545 0.0043434645 0.008839246 0.0004363203 0.00037147503 0.011902537 0.0010270262 0.0058287852 0.47109434 0.00021338885 0.05701628 0.003318957 0.016302148 0.0007602427 0.00020550331 0.0031064702 0.0018367668 0.0010306768 0.0015906871 0.00028178183 0.0013677349 0.00040483952 0.0006149228 0.0008422506 0.00029449625 0.008428758 3.8775146e-05 0.00012607905 0.00039934495 0.00023946828 0.0008172078 0.0003137681 0.00019995583 7.446203e-05 0.007405503 0.00046159342 0.0035707154 6.262436e-05 0.0002228929 0.00035923158 0.00031017206 0.00017692056 4.3552063e-05 2.205288e-06 7.493136e-06 0.00013501137 6.7915666e-06 0.00038352414 5.5081175e-05 0.011393168 0.00013408547 0.0005408367 1.26486775e-05 0.0025878514 5.2778574e-05 0.00030302274 7.199322e-05 3.187653e-05 0.0006506112 9.885418e-05 4.2584055e-05 1.4765241e-05 4.6473102e-05 3.96623e-06 5.202671e-05 1.0405501e-05 0.00035942224 0.0004079009 1.2484791e-05 2.9491077e-06 3.0120429e-05 0.00011075727 2.8139993e-08 0.00014394753 1.5975937e-05 0.00011971753
0.74234563 0.4766713 0.09435213 0.26338574 0.1820737 0.37671223 0.010443308 0.41353768 0.053474393 0.020129006 0.021516312 2.7761938e-21 0.9445429 0.004904208 0.29927537 0.04813969 0.15025777 0.18087977 0.012305483 0.0021089413 0.034250047 0.4354962 0.046958443 0.002038923 0.004616962 0.00044670713 0.00053335895 0.48501673 0.00097008253 0.3185994 0.00562242 0.0016598601 0.0018322434 0.00026783775 0.011673258 0.0002869747 0.0013748845 0.00015712039 0.008605011 0.0014834797 5.3179985e-05 0.0049798987 0.06948366 0.00022381308 3.1409847e-05 0.10639964 0.0008611076 6.902783e-06 0.038297184 0.004463788 4.1246654e-05 0.0016978844 4.4787164e-05 0.1839681 0.021311752 0.103715695 0.017127719 0.071278825 0.0037879164 1.4060265e-06 0.14264032 8.749187e-05 0.0047689155 3.7479133e-06 0.012035229 0.0009462375 6.0379984e-06 0.0020384828 8.620965e-07 2.0496564e-06 0.039481252 5.110125e-07 0.2805326 0.0011902499 2.449014e-07 9.436367e-05 0.20310266 1.8308107e-08 1.6433727e-06 0.0003777224 0.27446634 0.0017840182 0.0021366857 0.015877483 0.021400256 0.0017193999 5.8004266e-06 0.012794036 2.1992016e-06 0.004490941 2.4393988e-05 0.010715299 0.017079495 5.496447e-07 4.4365248e-07 3.252766e-05 0.031511817 1.0979659e-09 0.001512435 0.014980057 0.010599551
0.73548007 0.36376274 0.121718556 0.1997477 0.18203028 0.42761505 0.008221447 0.48149955 0.05709098 0.00719922 0.012976924 0.9445429 1.6457612e-23 0.0015549543 0.17570072 0.037874922 0.07486213 0.19636595 0.026232937 0.00075298996 0.058846127 0.77869517 0.07070441 0.0011963594 0.0058046966 0.0013289504 0.002075588 0.4364149 0.00048219695 0.35809842 0.0091904495 0.00041233358 0.005616233 0.000156875 0.011437437 0.000593622 0.002451884 0.00021481875 0.020851102 0.0015269561 4.1017804e-05 0.008659406 0.09625092 0.00031100822 7.149713e-06 0.12815514 0.0028235896 9.234504e-06 0.01441154 0.0017103406 1.4518966e-05 0.00088786357 3.5047335e-05 0.15073994 0.012116964 0.0992498 0.04243296 0.09613082 0.01450993 4.9421765e-06 0.18161722 0.00021814549 0.005331629 2.839856e-06 0.006544767 0.0018147724 1.5780206e-05 0.0060019307 3.4908163e-07 4.0445957e-06 0.069758326 5.366291e-07 0.30725646 0.0008496741 5.7984632e-08 1.7418108e-05 0.09559187 1.7846961e-08 3.1385918e-07 0.00064203376 0.14594592 0.00089495565 0.0023942615 0.024226706 0.039262455 0.0050464985 2.278555e-06 0.02212141 2.7288813e-06 0.0042383852 8.562275e-05 0.0071596247 0.008726618 7.642495e-07 4.0369864e-07 8.8696315e-06 0.019202948 1.4779988e-09 0.000589206 0.018066624 0.017862016
0.0004279113 0.2513951 0.08835643 0.030998074 0.0070143524 0.0052182763 0.31354636 0.0045268117 0.10411035 0.6527732 0.21652646 0.004904208 0.0015549543 1.6405941e-18 0.10571283 0.12374192 0.0064764256 0.0009379221 0.0008772486 0.010040253 0.00015543302 0.00052211765 0.0002158091 0.002226196 0.00011864788 0.00013755061 6.646701e-05 0.0013179539 0.0020252962 0.00030933222 1.3349312e-05 0.04349195 4.990983e-05 0.248799 0.00045973176 0.0017566024 4.8448023e-06 8.044218e-05 0.00013843524 0.00031545368 6.992661e-06 4.7862653e-05 5.43831e-05 8.547878e-06 0.16383505 2.0732348e-05 1.5782345e-05 8.208389e-06 0.00044604903 7.977943e-05 1.3859883e-05 4.690317e-05 1.7054823e-07 0.00041883092 0.00017251018 9.843996e-05 5.3416094e-05 9.179595e-05 4.912942e-06 0.00021983376 1.9422152e-05 0.0023313097 3.4689667e-05 3.0613173e-05 2.5324764e-05 6.341597e-06 8.5250475e-05 5.7954667e-06 0.0005928217 1.1582142e-07 1.6547801e-05 9.365076e-07 5.784526e-05 0.00023071626 0.0106727965 0.0002022268 0.0010134442 3.139158e-07 0.1128904 1.043185e-07 0.0011523927 0.0011156438 0.0005394386 1.29992e-05 0.0002350214 1.23378795e-05 7.5819145e-05 0.00017998282 8.249822e-07 0.00044846942 6.591535e-07 0.0021055723 0.0032623857 1.1096718e-05 6.438904e-07 0.0010626417 0.0019699554 1.790373e-08 0.0032716347 1.0271354e-05 6.874186e-06
0.8919254 0.5246106 0.05596232 0.060810935 0.0060421578 0.0635928 0.041237168 0.07713858 0.07509943 0.11717733 0.119515404 0.29927537 0.17570072 0.10571283 4.417168e-18 0.15694135 0.93530214 0.013050078 0.044271346 0.6238295 0.00790918 0.037552 0.0037422562 0.55594754 0.014751801 0.004421461 0.0015728404 0.39501187 0.6089588 0.53029263 0.00010737286 0.4873802 0.0005338579 0.0020485767 0.33235434 0.006865443 9.958082e-06 0.0008965365 0.002639081 0.40693724 7.9734655e-06 0.0015795762 0.015290117 0.000121754005 0.0018384431 0.01808731 0.00021369453 6.978152e-06 0.4514407 0.3031534 0.00017549808 0.4390992 2.5498875e-06 0.45959875 0.21801287 0.097741924 0.005678741 0.1325533 0.00056481303 2.0637679e-05 0.025199601 0.0003389835 0.028180776 0.00028868864 0.35584906 0.0011517383 8.200061e-05 0.00034494963 8.692745e-06 5.3967044e-05 0.003501024 4.86299e-06 0.11236878 0.011480466 1.5317062e-07 0.00030139092 0.6466157 2.777977e-07 2.4738245e-06 7.410017e-05 0.50486076 0.03274662 0.029537765 0.0013164215 0.012067917 0.00021735388 5.4885324e-05 0.006934593 7.2997664e-06 0.037300803 4.626213e-05 0.18413861 0.29286036 8.5650674e-07 3.7562113e-06 0.0034395035 0.25542444 4.5726356e-08 0.058130402 0.004084272 0.0019812484
0.0030273027 0.5379555 0.5505204 0.29593036 0.25635308 0.098671824 0.34537473 0.085818216 0.8199012 0.39518756 0.58289826 0.04813969 0.037874922 0.12374192 0.15694135 1.6030109e-19 0.0013149672 0.16342026 0.78474826 8.50203e-05 0.07082034 0.035035558 0.07509121 2.1444632e-05 0.37593764 0.362239 0.17425726 0.0118280975 3.602053e-05 0.0010340671 0.06512253 3.7256246e-05 0.03462043 0.6546112 0.0004432949 0.60572726 0.029775694 0.2141074 0.008217013 4.9187904e-05 0.035206787 0.013776048 0.008000476 0.010682914 1.3031111e-05 0.0054314584 0.0054137516 0.010235126 0.0005265422 7.648467e-05 0.1626316 1.822458e-06 0.0027246678 0.0004984888 0.0007481775 0.00085329736 0.0009858023 0.00029902125 0.0010064623 0.11200042 0.0004014801 0.030325744 2.1529077e-05 0.040363077 4.63489e-05 0.0009586856 0.021994099 0.0002127784 9.6629854e-08 5.6729463e-05 0.0002237563 0.0006043302 0.00065952365 2.7944385e-05 0.0032417674 0.00036068467 0.00040236922 0.00044094532 1.5206448e-05 0.0009136011 0.0011657699 5.158045e-05 8.4540996e-05 0.0012226565 0.0011401329 0.0001281174 1.28783e-05 0.0005574696 1.1615206e-05 6.010356e-05 0.00019105864 5.519802e-05 0.0002567158 0.0008215829 0.0001293822 6.6026496e-06 0.000158685 6.0098832e-06 7.6109e-05 0.00045754522 0.00050804816
0.06823698 0.65101904 0.009353567 0.01904289 0.007553761 0.04897948 0.0008263161 0.047356427 0.004587658 0.014211151 0.0029794113 0.15025777 0.07486213 0.0064764256 0.93530214 0.0013149672 1.853355e-21 0.007341468 0.0010074894 0.22700024 0.028143076 0.018882984 0.010187692 0.41053772 0.0034990513 2.0255966e-05 3.568215e-05 0.100380905 0.46815404 0.6583707 0.0012235004 0.11081895 0.000853083 0.0007463834 0.76315576 0.00080409745 0.0006011013 0.00016997693 0.012039729 0.5896837 0.00019542653 0.0066505843 0.022643372 0.0003541975 0.00087453466 0.013440663 0.0001683996 4.2324085e-05 0.29299513 0.12241808 7.207168e-05 0.05454619 4.8335303e-05 0.32920152 0.4063531 0.06418035 0.015694354 0.115413494 0.0065166564 6.191315e-06 0.011654436 0.0010299707 0.11940392 0.00021620585 0.05998744 0.00039817934 0.0009150219 0.0017294531 9.683397e-05 3.996608e-05 0.0031068719 9.45206e-06 0.010657078 0.013205841 1.05163956e-07 0.0037337684 0.21161717 9.097724e-07 7.7771665e-06 0.00022932113 0.038033143 0.012210325 0.017254885 0.0006025368 0.0070232884 0.00039892792 0.007803348 0.002878831 3.476614e-05 0.018762952 0.0005219399 0.044138767 0.048972074 2.0477152e-07 2.847587e-05 0.0029682755 0.04202781 5.5334493e-08 0.0074663367 0.0018547935 0.0011698946
0.9567892 0.2133692 0.11345411 0.43531936 0.54502314 0.45480785 0.017445924 0.4574102 0.21843621 0.009440832 0.0620657 0.18087977 0.19636595 0.0009379221 0.013050078 0.16342026 0.007341468 1.6192801e-18 0.2034699 9.079363e-06 0.8802476 0.8298665 0.7961379 1.9762974e-05 0.14473082 0.03816524 0.022926548 0.09051806 1.1722085e-06 0.03664312 0.46261415 0.00021474625 0.077192344 0.0010941012 0.0005560397 0.046370428 0.29195207 0.021684827 0.13314223 2.0550701e-06 0.030439347 0.2683394 0.21942341 0.039491005 1.4903534e-06 0.294033 0.009613334 0.0033798506 0.00040535236 9.3659946e-07 0.010242161 2.7491221e-06 0.0012304697 0.008111761 0.00030841582 0.05305305 0.065389 0.027271269 0.04576403 0.00039647304 0.1884635 0.00015620381 1.2811771e-05 0.0006781943 0.00020017028 0.0037948405 6.436038e-05 0.01237978 1.4057095e-07 0.00017153358 0.18215081 6.0287497e-05 0.29311287 4.9689825e-06 1.2656477e-06 7.260172e-06 0.006836461 6.824884e-07 8.744878e-08 0.016901454 0.05599437 7.5008647e-06 6.389211e-05 0.43101847 0.05046874 0.01112935 1.8893893e-07 0.046422686 0.000104319064 0.00014963094 0.0009355132 0.000557271 0.0024778172 2.3463328e-06 5.2031275e-05 3.262132e-07 0.002119425 5.644995e-09 3.248201e-06 0.045733575 0.11395208
0.02401373 0.09995759 0.3148376 0.1029174 0.16151784 0.09922766 0.021073664 0.085605405 0.8457787 0.0340569 0.22482 0.012305483 0.026232937 0.0008772486 0.044271346 0.78474826 0.0010074894 0.2034699 2.7697425e-20 4.246543e-05 0.17522416 0.04206905 0.14934555 1.2956489e-05 0.81884754 0.6933482 0.5795835 0.0068118796 4.2854612e-05 0.0005630758 0.1456645 0.00011165522 0.25924146 0.032583997 0.00024762345 0.6595076 0.0992238 0.31093165 0.051225256 1.4274596e-05 0.12525871 0.043015864 0.013592419 0.048001014 2.5554444e-05 0.011082304 0.047652144 0.105743654 0.0007483002 7.343354e-05 0.2459018 1.10615965e-05 0.02265098 0.0018268661 0.0011207106 0.0018263077 0.004094584 0.0014125962 0.003928355 0.025608817 0.0028514024 0.002724535 0.0003598815 0.0111599015 7.716575e-05 0.0015723432 0.0034200272 0.0022320144 7.484544e-08 0.0035623957 0.0016897102 0.0031633142 0.003393304 3.0665622e-05 4.593498e-06 0.00014982399 0.00017174653 0.00016456452 5.8549976e-08 0.0024520091 0.00051333784 5.8204892e-05 0.00014028737 0.011422232 0.00064815907 0.0014579365 2.9878564e-05 0.0003655638 0.0002872836 0.0006068225 0.0010591476 0.00015355801 0.0001881005 1.3192465e-05 0.00015917257 7.944752e-06 7.3359383e-06 2.1046947e-07 6.127907e-05 0.00013948136 0.0018853126
0.024182029 0.024825664 0.0005411736 5.9215494e-05 1.0895173e-05 0.00012589736 0.0004920452 0.0002582547 8.515151e-05 0.00364119 0.00032161627 0.0021089413 0.00075298996 0.010040253 0.6238295 8.50203e-05 0.22700024 9.079363e-06 4.246543e-05 2.5430176e-19 9.180585e-05 0.0003663599 9.658518e-06 0.9124377 7.132177e-06 1.15695575e-05 1.0522832e-06 0.0010996261 0.6365832 0.03251286 2.705936e-06 0.87407106 5.503577e-06 2.9641224e-06 0.16606313 9.506083e-06 6.9791867e-07 9.373251e-07 5.535236e-05 0.48109677 1.2187232e-07 1.09480825e-05 9.983961e-05 6.0526224e-07 0.0014982256 9.960908e-05 2.659134e-06 3.5068247e-08 0.06948917 0.13832404 8.774786e-08 0.27718267 3.118707e-08 0.0246359 0.053098686 0.0018804518 0.00022188082 0.008276691 5.0877306e-06 1.510548e-06 0.00056800654 3.345757e-06 0.040087495 9.4375633e-07 0.11572868 5.5856024e-05 8.310245e-07 1.6187581e-05 0.00013415581 1.3975875e-07 9.238842e-05 4.844306e-07 0.00036520648 0.03795041 8.789153e-09 0.005666304 0.06291051 4.6347683e-08 7.280949e-07 2.6084413e-07 0.0043795994 0.06756107 0.014578928 3.4561724e-06 0.0006439562 1.7316497e-05 0.028997414 0.0004299478 4.9542898e-08 0.016400294 2.853015e-07 0.027623031 0.04729824 7.4435103e-09 2.3384873e-08 0.028780399 0.007689739 4.0731152e-10 0.06720082 1.5074635e-05 5.6059794e-06
0.45921808 0.1285363 0.09414022 0.07773816 0.12965238 0.14557686 0.0017179314 0.15248853 0.15264177 0.0016285902 0.00871603 0.034250047 0.058846127 0.00015543302 0.00790918 0.07082034 0.028143076 0.8802476 0.17522416 9.180585e-05 1.9003929e-20 0.5810372 0.9243254 7.504267e-05 0.059919517 0.033967093 0.027318776 0.062204 1.274014e-05 0.11951344 0.37272072 0.00032833795 0.15211189 0.00013178214 0.0012220771 0.012127848 0.1910625 0.0070321714 0.17953674 3.9850336e-05 0.009802515 0.16445965 0.16358043 0.03098402 2.3725206e-05 0.11848579 0.030748317 0.0050042956 0.0014737527 3.7332964e-05 0.004979265 5.6924397e-05 0.0025330416 0.02193621 0.0009772994 0.084705986 0.08140586 0.048230723 0.07557299 5.7015728e-05 0.101822324 0.00012699932 0.00032360345 3.8451275e-05 0.00038194202 0.007177034 2.14284e-05 0.030873712 1.963267e-06 0.0012537654 0.111119136 2.122481e-05 0.10999722 6.0182087e-05 3.9889423e-07 2.1589565e-05 0.004366073 3.9888283e-07 6.1206606e-08 0.0044723065 0.02419875 8.0854355e-05 0.0006891112 0.17187656 0.06811853 0.051137615 1.9919564e-06 0.067024 5.7192115e-05 0.0012494362 0.002799401 0.0017458006 0.0019670108 1.5963989e-06 1.6337273e-05 2.3252421e-06 0.0032514106 9.271133e-08 2.3664217e-05 0.047095604 0.05483823
0.9531081 0.20071323 0.16265939 0.34215063 0.4728644 0.61001176 0.004015328 0.63101816 0.19970283 0.0038526563 0.008781983 0.4354962 0.77869517 0.00052211765 0.037552 0.035035558 0.018882984 0.8298665 0.04206905 0.0003663599 0.5810372 4.869775e-19 0.49084094 0.00038473506 0.0086636515 0.0061183916 0.0037321148 0.56991357 8.732191e-05 0.25143626 0.05447632 0.0003590567 0.022706937 5.1813946e-05 0.0033378885 0.0014147694 0.011410984 0.0009831766 0.059719175 0.00017291716 0.0006869419 0.06029588 0.75590307 0.0014352088 2.8050383e-05 0.7350996 0.0045685675 9.442614e-05 0.005096572 0.00020813482 0.00014713506 0.00022516205 0.0003799858 0.057017893 0.0040633003 0.24118005 0.20413664 0.09517985 0.029422937 5.0186018e-06 0.541901 0.00015268491 0.0012924772 8.331175e-06 0.0023217127 0.002495236 1.8706694e-05 0.008934404 7.420037e-07 4.0320465e-05 0.2079348 7.3688584e-06 0.33136663 0.00017555263 2.6793562e-06 0.00028870133 0.028633296 1.9499115e-07 6.412896e-07 0.0035494617 0.13593894 0.00013112811 0.0030843702 0.055295795 0.24180323 0.019266354 6.4541787e-06 0.15955669 2.735021e-05 0.004436193 0.00060897623 0.00415506 0.004531297 2.5453562e-06 8.296859e-06 4.540705e-06 0.012808204 3.8174697e-08 3.5094192e-05 0.09982503 0.054247614
0.8696488 0.1388431 0.052541047 0.14148563 0.18651894 0.21384855 0.004087658 0.22175327 0.12502131 0.0031275027 0.017846582 0.046958443 0.07070441 0.0002158091 0.0037422562 0.07509121 0.010187692 0.7961379 0.14934555 9.658518e-06 0.9243254 0.49084094 1.663665e-20 2.1523656e-05 0.11508658 0.0320008 0.023122393 0.04754707 2.184763e-06 0.042780228 0.58736765 6.0824113e-05 0.18490292 8.888213e-05 0.00057874236 0.022778718 0.37726578 0.013499226 0.23683517 1.0694808e-05 0.024163745 0.31974515 0.17706618 0.06675085 5.383046e-07 0.20856361 0.032170277 0.011638919 0.00042062762 7.790142e-06 0.010004908 9.905041e-06 0.0028444629 0.007387914 0.00040158888 0.027521407 0.072431274 0.02426285 0.06091688 0.000113824965 0.12534264 8.469739e-05 0.00010695762 8.826188e-05 0.000118817945 0.009929714 1.1987387e-05 0.029570796 1.2443377e-07 0.0015674669 0.19066754 5.1235893e-05 0.17896989 1.1323914e-05 2.0267655e-07 1.2434776e-05 0.0027176999 6.2793424e-07 5.8773303e-08 0.027229695 0.022102607 1.25069455e-05 0.00014637328 0.40020257 0.05646139 0.026726767 2.695285e-07 0.04411199 4.9812308e-05 0.00033391872 0.0029210807 0.0004987769 0.0010576095 1.2585681e-06 2.3256936e-05 3.904104e-07 0.0023502128 1.6587546e-08 2.2023162e-06 0.034742765 0.14420022
0.044272944 0.0055628126 5.4549168e-05 6.67024e-05 1.5243502e-05 0.00052679813 7.027944e-05 0.0006097628 1.0069605e-05 0.0013318025 0.0005230119 0.002038923 0.0011963594 0.002226196 0.55594754 2.1444632e-05 0.41053772 1.9762974e-05 1.2956489e-05 0.9124377 7.504267e-05 0.00038473506 2.1523656e-05 5.664291e-20 2.717702e-05 1.2096566e-05 3.8034323e-06 0.0033181014 0.8358609 0.028382065 2.349501e-06 0.7025992 1.723174e-05 2.2877706e-05 0.32606342 2.1666458e-05 6.0838784e-07 6.776954e-07 9.3145456e-05 0.7128101 4.4866252e-07 4.443477e-05 0.0003693129 1.5834665e-06 0.00020757999 0.0002508752 1.8145316e-05 6.7105994e-08 0.12422276 0.2721472 1.2574395e-07 0.33431718 1.016279e-07 0.020582862 0.074058905 0.0064800857 0.0012117767 0.0102089085 4.4316617e-05 6.876504e-07 0.001070193 0.00012579464 0.060364954 2.9988638e-05 0.19546248 0.00053291203 1.4671575e-05 0.0002246447 4.643602e-05 2.358257e-07 0.00037086816 6.002342e-07 0.00048353677 0.046851076 5.438771e-09 0.0135786915 0.15916623 1.5315982e-07 4.5986766e-07 7.4101617e-06 0.0045165094 0.10522018 0.017443178 6.844807e-06 0.0017092156 0.0002865962 0.030967979 0.0008854136 3.592646e-07 0.03309888 9.3519875e-06 0.06570903 0.064997606 8.0579685e-09 1.3129058e-07 0.027485486 0.020510968 1.3582657e-09 0.058356967 0.00011976881 4.5429075e-05
0.13117318 0.015275097 0.018469565 0.0082417345 0.020345539 0.0119343875 0.005633487 0.010833335 0.3046635 0.0028149565 0.052014213 0.004616962 0.0058046966 0.00011864788 0.014751801 0.37593764 0.0034990513 0.14473082 0.81884754 7.132177e-06 0.059919517 0.0086636515 0.11508658 2.717702e-05 4.6744485e-21 0.68725455 0.79800934 0.0036249682 8.219387e-06 0.001136421 0.25105503 3.055925e-06 0.60593075 0.00055080233 0.00039811863 0.5468874 0.2753418 0.58053184 0.046490896 1.0901845e-05 0.6515095 0.07053858 0.012476341 0.31972978 2.4339088e-06 0.008031375 0.37787786 0.6357838 0.00024246858 5.286605e-06 0.56683844 1.6171418e-06 0.2407184 0.0003455399 0.00019393528 0.000640792 0.003020546 0.0010227535 0.010526226 0.04854602 0.00071242143 0.0035547228 0.0001446055 0.041276317 1.7581142e-05 0.009997959 0.011097882 0.0044523072 5.0639862e-08 0.038186204 0.0013685994 0.040936165 0.0033094198 2.2454971e-05 1.4091785e-06 3.655973e-05 0.00023792696 0.0021271561 4.0874237e-08 0.027940072 0.00034204495 3.64901e-05 0.00021637211 0.06831558 0.0008749701 0.0030054431 2.3204208e-05 0.0011351168 0.0026765573 0.00027930437 0.008104632 7.729007e-05 0.00014880841 4.2008418e-05 0.006923993 1.5359051e-06 3.7454498e-05 2.1692645e-06 8.120607e-06 0.00030098247 0.009927105
0.0013229678 0.002355649 0.007575356 0.011573339 0.01749 0.0020218766 0.00034598494 0.0011896626 0.19242103 0.001505646 0.008851545 0.00044670713 0.0013289504 0.00013755061 0.004421461 0.362239 2.0255966e-05 0.03816524 0.6933482 1.15695575e-05 0.033967093 0.0061183916 0.0320008 1.2096566e-05 0.68725455 4.9705916e-22 0.52603006 0.00076497544 0.00011108233 3.7777212e-05 0.045523565 4.4120818e-05 0.11366619 0.0029779866 7.859721e-06 0.67038596 0.048430778 0.49386573 0.009157278 7.059493e-06 0.15912524 0.018432789 0.0029405328 0.04009941 3.8033163e-06 0.0018474497 0.05439989 0.19073723 3.7384056e-05 0.0001792288 0.39981544 3.4593202e-05 0.025963975 5.024236e-05 3.3040935e-05 0.00012853742 0.0012312033 9.2755945e-05 0.0005103174 0.024708591 0.0008527787 0.00083359075 9.55995e-06 0.0074721244 0.00032433413 0.0032080282 0.0015748696 0.0005737677 7.80666e-08 0.004340849 0.0004704675 0.0038815998 0.0008250582 9.4267244e-07 1.797669e-07 9.467654e-07 6.624968e-05 0.000190811 7.718635e-09 0.00035694314 0.00011531078 1.1781243e-05 2.4941544e-06 0.0028648057 6.2498235e-05 0.00010793816 9.451858e-07 1.795091e-05 0.00011422852 1.6925494e-05 0.00019639208 0.000227829 0.00042194617 1.6709116e-06 7.693003e-05 2.4692767e-05 2.827568e-06 2.0100343e-07 0.00012459212 2.1820528e-05 0.0006729605
0.0018626507 0.0012303124 0.0019010798 0.0033831708 0.0047447407 0.0018248078 7.465699e-05 0.0013626821 0.09615984 0.00032547722 0.0043434645 0.00053335895 0.002075588 6.646701e-05 0.0015728404 0.17425726 3.568215e-05 0.022926548 0.5795835 1.0522832e-06 0.027318776 0.0037321148 0.023122393 3.8034323e-06 0.79800934 0.52603006 5.3689984e-22 0.00047270514 9.821018e-06 5.304075e-05 0.04054168 4.1342055e-06 0.1870473 0.00020179218 7.4049913e-06 0.55871624 0.050323486 0.64934415 0.018535016 1.6040476e-06 0.2577888 0.023943273 0.004161157 0.07121707 1.0284062e-06 0.0022721994 0.13126437 0.46553788 3.4144658e-05 2.3556926e-05 0.5593057 3.0730569e-06 0.086484455 2.0052596e-05 1.8935129e-05 0.00024349721 0.0028989858 0.00012895597 0.0035599251 0.015703982 0.0006637914 0.00039239737 3.26453e-06 0.0048547997 4.767546e-05 0.008091299 0.0012727462 0.0027530268 7.904044e-09 0.031879093 0.000495038 0.0060725785 0.00045158505 4.958423e-07 1.0916372e-08 5.864595e-07 2.3811865e-05 0.00027879342 7.887262e-10 0.00068810966 4.739684e-05 1.6101514e-05 5.8295077e-06 0.0025587755 0.00019029218 0.00060237985 8.334548e-07 8.873129e-05 0.0003793778 4.3453234e-05 0.0033562821 0.00013328469 0.00016861221 1.0104905e-06 0.00027462505 5.086047e-06 2.0233829e-06 3.5885878e-07 4.0038638e-05 3.786605e-05 0.0010245625
0.98517656 0.42918032 0.030571498 0.17457329 0.098823346 0.20947848 0.0063856444 0.21863657 0.02220448 0.006950155 0.008839246 0.48501673 0.4364149 0.0013179539 0.39501187 0.0118280975 0.100380905 0.09051806 0.0068118796 0.0010996261 0.062204 0.56991357 0.04754707 0.0033181014 0.0036249682 0.00076497544 0.00047270514 2.3905368e-21 0.00095940044 0.91928446 0.002764218 0.0010313493 0.002523637 7.341162e-05 0.012464478 0.00017096392 0.0007938174 2.554343e-05 0.014374087 0.0012881667 2.067781e-05 0.0067627607 0.17809604 0.00023350379 1.6716033e-06 0.21623702 0.00028604243 1.0022641e-05 0.057598405 0.0019905749 6.446538e-06 0.00092717836 3.0244864e-05 0.532539 0.021752214 0.45282203 0.06266492 0.35001123 0.011097529 1.8059698e-06 0.38293174 4.9205406e-05 0.0019079027 1.1069728e-06 0.010525639 0.001097301 1.5481877e-06 0.003345615 4.858356e-07 1.3642799e-06 0.1585218 1.1997474e-07 0.38511527 0.00065873034 2.523781e-06 7.076985e-06 0.40836954 1.9411457e-08 1.5462481e-05 0.002393918 0.5834558 0.001517133 0.0029646754 0.03533609 0.23577602 0.006304455 1.5872729e-07 0.116149664 4.9274666e-07 0.005021611 2.7978222e-05 0.024653208 0.05296653 7.5447315e-07 2.9824386e-07 1.1512689e-05 0.14170665 2.2326475e-08 0.0001684857 0.088956706 0.039712403
0.3554027 0.0071631013 7.066757e-05 1.5580677e-05 1.7100435e-06 0.0002448032 0.00018070222 0.00032890518 0.000111361296 0.00081161835 0.0004363203 0.00097008253 0.00048219695 0.0020252962 0.6089588 3.602053e-05 0.46815404 1.1722085e-06 4.2854612e-05 0.6365832 1.274014e-05 8.732191e-05 2.184763e-06 0.8358609 8.219387e-06 0.00011108233 9.821018e-06 0.00095940044 1.7198658e-18 0.018713616 3.9825713e-07 0.3745224 7.3066894e-06 5.5018927e-06 0.73704785 4.6356243e-05 1.5574439e-07 6.6767852e-06 1.4828007e-05 0.89966184 1.0952417e-07 2.339645e-06 3.2243363e-05 3.1805718e-07 8.415641e-05 2.1213216e-05 2.3711193e-06 9.230374e-08 0.15413098 0.46001005 4.3291382e-07 0.6967471 9.768105e-09 0.02074903 0.1052597 0.00069306424 8.97447e-05 0.0050325757 4.791392e-06 6.2963545e-07 0.00018704098 4.624581e-05 0.06671265 4.9734103e-06 0.2763394 7.719393e-05 3.7400614e-06 9.250908e-06 1.0245605e-05 5.534864e-06 5.0813658e-05 1.1755003e-07 0.0006964752 0.042536125 2.2020272e-09 0.008892334 0.23942396 3.26424e-08 5.482225e-08 4.7906303e-07 0.0130599635 0.07723529 0.024578432 1.3777425e-05 0.0011232498 1.4739579e-05 0.015979663 0.0008440562 1.0029701e-06 0.026762733 2.9655955e-06 0.07204536 0.14891455 1.1637786e-08 6.279684e-07 0.01769832 0.025436454 9.473967e-09 0.059409562 9.4536335e-05 5.6119734e-05
0.875761 0.5736677 0.015690165 0.08270762 0.023780877 0.289146 6.303818e-05 0.30609575 0.004660454 0.0034210254 0.00037147503 0.3185994 0.35809842 0.00030933222 0.53029263 0.0010340671 0.6583707 0.03664312 0.0005630758 0.03251286 0.11951344 0.25143626 0.042780228 0.028382065 0.001136421 3.7777212e-05 5.304075e-05 0.91928446 0.018713616 2.2870967e-20 0.0027289805 0.001221099 0.0025654007 4.98421e-05 0.49662602 0.00013051927 0.001058565 5.9334263e-05 0.05986308 0.04061385 0.00010596872 0.028968688 0.19574745 0.0004368649 5.4381188e-05 0.15422826 0.0009292591 1.3237762e-05 0.47893137 0.07871785 1.3701389e-05 0.025882335 8.922949e-05 0.7988187 0.5481183 0.35462266 0.06156651 0.49074936 0.043155767 4.940967e-07 0.12443037 0.00021743805 0.037856758 3.972438e-06 0.06816257 0.00085066323 3.035939e-05 0.0098959645 1.2954882e-05 3.6484738e-07 0.03584332 3.021825e-07 0.15763514 0.014255878 2.821417e-07 0.0033522279 0.4850693 2.428994e-07 5.2927594e-06 0.0007402858 0.54362035 0.015918722 0.060678445 0.008556267 0.17924483 0.0118001625 0.00079262553 0.1472061 1.6056876e-05 0.06225046 0.00044822227 0.092393786 0.06921075 2.119717e-06 7.2254634e-06 0.0016722915 0.25972667 8.004573e-08 0.010144988 0.10700661 0.01287396
0.934221 0.009326444 0.014904211 0.01254361 0.02868902 0.033877425 0.0028381287 0.034995083 0.0632851 0.001203143 0.011902537 0.00562242 0.0091904495 1.3349312e-05 0.00010737286 0.06512253 0.0012235004 0.46261415 0.1456645 2.705936e-06 0.37272072 0.05447632 0.58736765 2.349501e-06 0.25105503 0.045523565 0.04054168 0.002764218 3.9825713e-07 0.0027289805 1.4777723e-18 1.4285981e-05 0.33343485 3.0015592e-05 4.3916174e-05 0.041842453 0.8976956 0.024950966 0.5827164 1.1065622e-06 0.12400652 0.6326122 0.124637626 0.31404296 2.3218918e-06 0.09897733 0.13200933 0.055341784 0.00010481567 1.16535745e-07 0.035807002 1.3116968e-07 0.019479226 0.001623304 7.295789e-05 0.0071374374 0.04294294 0.009608073 0.089596726 0.0006833674 0.021861743 0.00013143623 7.243947e-06 0.0011900973 4.838098e-06 0.03439066 0.0001823077 0.046891265 4.0563677e-07 0.001782333 0.088171534 0.0014837144 0.039277405 3.2453615e-06 7.38835e-08 2.6276227e-06 0.001108158 2.3650116e-05 6.6913595e-09 0.07032548 0.0059595015 3.6896772e-06 8.279931e-05 0.37854227 0.032337304 0.07687778 7.9027325e-07 0.035061255 0.0001731999 0.0001779954 0.0060591316 5.8186026e-05 0.00026609428 1.4583725e-06 0.0001396207 2.254436e-07 0.0005944445 6.054409e-08 5.0131365e-07 0.048096452 0.14149643
