1.2154416e-28 0.9884227 0.930769 0.93653417 0.91403073 0.9889723 0.9349278 0.9778536 0.9048999 0.966292 0.9845269 0.9779074 0.75025666 0.14752105 0.96163905 0.8939762 0.7531123 0.9450815 0.9979616 0.343912 0.28253704 0.9020282 0.94189984 0.99412006 0.9787809 0.92258435 0.9796633 0.9640662 0.39935535 0.38489202 0.9907401 0.83196276 0.98949003 0.8169426 0.89412516 0.023574715 0.9966576 0.9637621 0.033777595 0.0678732 0.9924603 0.23730086 0.940922 0.99668914 0.27038088 0.9359629 0.9701122 0.9497534 0.99800044 0.99803734 0.07806267 0.509856 0.93601054 0.9941429 0.0039824317 0.99972004 0.9950434 0.9419585 0.0010125801 0.0034396858 0.00108713 0.90215474 0.9997519 0.80049497 0.18059906 0.96881634 0.98089606 0.00088596984 0.009157195 0.9501202 0.0010241586 0.9886576 0.8367841 0.0072283586 0.6443217 0.9355869 0.032649368 0.0020312523 0.00014561003 0.31071913 0.9081897 0.93737316 0.94761294 0.7704903 0.00013928661 0.1545351 0.00094034564 0.7270049 0.90508646 0.03162075 0.01917064 0.40057057 0.09740588 0.98222846 0.8172385 0.5270613 0.009243956 4.229241e-07 0.00036145563 0.00056122174 0.00038603062
0.9884227 1.1674048e-19 0.88998276 0.80879843 0.85449266 0.82512 0.6927089 0.3534485 0.61263204 0.31391037 0.4049491 0.1884394 0.18139233 0.31401697 0.18370186 0.05510344 0.03895456 0.24373448 0.0230473 0.38823426 0.15526688 0.07154028 0.09514134 0.14838168 0.031298645 0.019089397 0.0021061155 0.01198028 0.025209457 0.08878476 0.00044446366 0.016606217 0.14095849 0.004509066 0.036750037 0.09312539 0.26186603 0.0017691874 0.048642702 0.18410929 0.0063857115 0.026700754 0.0077988105 0.0010752381 0.008540815 3.3219414e-05 2.2103717e-05 6.9390185e-06 0.007864971 0.20051701 0.0016915064 0.006056058 0.0014503987 0.011972513 0.008784696 0.04363373 2.1103256e-06 1.357724e-06 0.0028659068 0.019427957 0.0007641177 0.001923937 0.0062918323 1.1382402e-07 0.0010926878 1.8595772e-07 0.0047601433 0.0017969254 0.00065738644 9.515856e-07 0.00028671673 0.0024415227 6.7809395e-08 0.018175118 5.305418e-06 0.00478811 0.0009269468 0.00031825848 6.476984e-05 6.681687e-07 1.7080493e-09 1.7795082e-09 2.4999112e-09 0.00017567523 0.00055614125 1.0699419e-05 0.010441213 0.00017019706 8.255651e-06 8.337061e-05 3.0968833e-05 3.0868665e-07 2.9436737e-06 0.00011958164 2.1804126e-06 3.512278e-09 6.9032736e-05 1.012836e-06 1.0703175e-05 2.3187198e-05 1.0433184e-05
0.930769 0.88998276 1.19070805e-17 0.9155847 0.7723644 0.28178954 0.90826064 0.114933684 0.54274297 0.34433344 0.10210259 0.057597928 0.14018278 0.47382522 0.017407043 0.018805016 0.020595456 0.31024763 0.004765671 0.7441715 0.28238162 0.018724162 0.029185977 0.01284873 0.0032254006 0.0030514493 0.0005734346 0.010047558 0.020067155 0.13439023 8.369811e-05 0.0022406029 0.017433042 0.0010675977 0.024122356 0.2068327 0.0468494 0.0011576817 0.08644517 0.44534007 0.0009769053 0.016900245 0.0021973557 0.00035265146 0.0042435825 1.1123991e-05 1.8803593e-06 9.138765e-06 0.00083914096 0.041402366 0.0021431465 0.0014198563 0.0007212819 0.0016343578 0.024369743 0.0068294755 4.0033058e-07 8.397665e-07 0.0032511395 0.03184857 0.00027794047 9.598368e-05 0.00058020675 4.9792234e-08 0.0006881658 4.6223673e-07 0.0013427204 0.001422629 0.0005983089 6.730737e-08 9.09024e-05 0.00036141655 1.1877737e-08 0.030422 3.3976652e-05 0.00069640944 0.0007465717 0.00020724194 9.1233116e-05 5.424353e-08 5.465817e-10 1.2540545e-10 8.56518e-11 8.581572e-06 0.0007575392 1.6238699e-05 0.012443711 3.1710115e-06 9.838749e-07 3.8481007e-06 1.789132e-06 4.55361e-08 5.112816e-07 9.2152595e-07 3.7075353e-08 3.2590002e-09 6.1698956e-06 4.8029136e-07 5.588514e-06 1.8871293e-05 5.729084e-06
0.93653417 0.80879843 0.9155847 1.0371084e-18 0.9210746 0.45861483 0.714435 0.024760937 0.83118266 0.051711477 0.1916321 0.14504421 0.3265756 0.6304848 0.04377632 0.03766418 0.057572726 0.04798344 0.0024174117 0.23495902 0.3760056 0.03418608 0.08929254 0.012710797 0.0032108547 0.015524414 0.0012091567 0.0034384425 0.06111593 0.022897713 0.00025005135 0.009061094 0.032625586 0.003833629 0.007004375 0.037872996 0.05772074 0.00034818912 0.013820163 0.12390689 0.0028783947 0.043016117 0.0009680548 0.0009229002 0.002093228 3.2018816e-05 7.683401e-06 1.7508073e-05 0.0012468318 0.05614684 0.008836203 0.012449147 0.0021810867 0.0021568905 0.015684465 0.010081208 8.387053e-07 5.6447584e-07 0.005678088 0.020292144 0.001399505 5.7543522e-05 0.0015719541 4.8554632e-08 0.004461971 3.5489248e-07 0.00063251867 0.0019847366 0.0008593451 3.865264e-07 0.00027673677 0.00017142351 8.342528e-08 0.016707541 0.000101157144 0.00040342312 0.0020875793 0.0003805455 8.960265e-05 1.1372237e-07 9.782476e-10 2.8470906e-10 1.6165834e-10 9.769778e-06 0.00085878966 4.5412573e-05 0.009053977 8.071744e-07 1.1563409e-06 1.4003867e-05 4.863792e-06 1.0850138e-07 1.6804169e-06 7.499577e-06 8.255232e-08 4.3779926e-09 1.9010617e-05 6.5966987e-07 9.631355e-06 1.2895664e-05 2.868521e-06
0.91403073 0.85449266 0.7723644 0.9210746 1.260306e-21 0.8764908 0.40392968 0.029243743 0.7568534 0.010350616 0.27265218 0.18020879 0.4216297 0.38664702 0.49676037 0.26612583 0.10929638 0.007182518 0.003497917 0.05817857 0.16240722 0.041432597 0.0635158 0.052093368 0.008156248 0.035553906 0.0014785045 0.0029090445 0.0405765 0.008189585 0.000425614 0.014016287 0.091277406 0.01811842 0.0014647718 0.008548453 0.08928085 0.00023184314 0.0019674385 0.0138589125 0.0047760135 0.005714289 0.0007829617 0.0006855329 0.0004819967 7.151572e-05 6.364599e-05 9.188112e-06 0.0053691687 0.054272283 0.0029745307 0.015806543 0.00064349297 0.005356955 0.0017474437 0.021065762 4.4028116e-06 9.403594e-07 0.00035970137 0.0052904356 5.3898788e-05 0.0001164697 0.0038068842 1.004211e-07 0.0023186246 1.5585685e-07 0.00042659356 0.00020747172 0.00022636991 7.4364505e-07 8.3561084e-05 0.00023630199 3.0936715e-07 0.0009998936 1.7372058e-05 0.00082378567 0.001016284 0.00011332196 3.0504762e-05 2.7970108e-07 5.6420135e-09 2.6605743e-08 1.5347615e-08 5.1453912e-06 2.622452e-05 2.8481911e-06 0.0003108804 1.2967322e-06 6.204461e-06 2.4952335e-05 2.3054654e-05 3.665657e-07 1.631427e-06 4.3408545e-05 1.1368837e-06 2.3414907e-08 2.3441622e-05 1.858402e-07 4.1936464e-06 1.3277765e-05 5.922727e-06
0.9889723 0.82512 0.28178954 0.45861483 0.8764908 3.3198703e-20 0.06838517 0.12458474 0.3232834 0.021806348 0.4500015 0.17200832 0.23466773 0.10168091 0.8996203 0.26934856 0.084291704 0.022512233 0.019618444 0.047348615 0.027527938 0.116286695 0.038532224 0.26589853 0.048981816 0.03720152 0.00822136 0.017040513 0.010651118 0.0128959 0.002230072 0.019421237 0.42194983 0.038938664 0.004766931 0.010212059 0.28989592 0.0025199873 0.0051724757 0.01142891 0.015649045 0.0023275008 0.0026663193 0.0022283667 0.0020730086 0.00026094654 0.000484798 2.224044e-05 0.029680893 0.24442644 0.00051695266 0.007913775 0.0036009613 0.019209605 0.00035943856 0.08622417 1.8402243e-05 1.9594886e-06 0.00017141273 0.0017915133 2.7635579e-05 0.0014115451 0.013735426 9.4101523e-07 0.0010678222 9.053074e-07 0.0035841903 0.0003193643 0.00010061806 3.100549e-06 9.686435e-05 0.0034721242 1.017122e-06 0.00047892038 2.3904252e-06 0.0064207907 0.00032854246 7.723922e-05 3.0513545e-05 2.3453987e-07 6.1593425e-08 1.3059663e-07 6.9554225e-08 5.3062126e-06 3.3127795e-05 2.4146848e-06 0.00029307188 0.00012226388 4.6525027e-05 2.54066e-05 9.0643e-06 3.965963e-07 4.8238117e-06 0.00015313945 6.814203e-06 5.4846623e-08 9.0115725e-05 2.2255206e-07 8.5531055e-06 3.7990822e-06 1.379126e-06
0.9349278 0.6927089 0.90826064 0.714435 0.40392968 0.06838517 1.4505959e-12 0.0056903153 0.6597801 0.10817294 0.22796772 0.284221 0.22702459 0.8433887 0.0031347666 0.008799165 0.026367897 0.22280262 0.0038097894 0.7423123 0.89345354 0.02532211 0.17191263 0.00036603893 0.0002745701 0.0045982976 0.0021751602 0.000477938 0.17591621 0.10150766 0.0005964036 0.0027370942 0.0019253999 0.00029091933 0.009446876 0.19689685 0.010862089 3.9527782e-05 0.018783007 0.8644542 0.0014727882 0.6134698 0.0010278076 0.0007412212 0.0010932153 3.3849371e-06 1.5552887e-05 6.853053e-07 6.984487e-05 0.013131852 0.06851782 0.00096120173 0.0024890045 0.0005127967 0.81809974 0.0015477581 6.3981923e-07 9.908358e-08 0.454841 0.68554926 0.14866905 2.3028738e-06 0.00025074388 3.6655976e-09 0.0028704696 2.7170476e-08 0.0002442785 0.3142123 0.012118322 2.8857247e-08 0.0014551139 2.3271756e-05 1.2371758e-08 0.12494626 2.3655855e-06 8.716075e-05 0.0024104456 0.01219125 0.004821951 1.0262013e-07 3.654907e-10 4.9133675e-10 1.7941392e-09 1.5316574e-06 0.013373153 4.632449e-06 0.042220566 5.154379e-08 2.3631841e-08 3.2638388e-06 3.9219703e-06 6.6525374e-08 3.3328972e-06 2.1763022e-07 4.8430234e-08 1.6532365e-08 1.329941e-05 2.6790378e-05 3.698317e-05 2.1713838e-06 1.5361072e-06
0.9778536 0.3534485 0.114933684 0.024760937 0.029243743 0.12458474 0.0056903153 1.2091042e-16 0.0020223828 0.9021592 0.0032420459 0.0009525986 0.0021156366 0.0018293303 0.35618877 0.019676244 0.001651508 0.55314267 0.91126037 0.27242747 0.0007381666 0.0021812802 7.845976e-05 0.3530157 0.19108707 0.00026180176 9.475215e-05 0.6797479 7.7566234e-05 0.19838698 1.4602284e-05 0.00043376518 0.0811769 0.00075518835 0.535076 0.07076655 0.08582085 0.23042157 0.17099325 0.031109797 0.00010177703 1.2078755e-05 0.5747187 4.571348e-05 0.31777585 1.1987628e-05 2.013508e-06 7.978996e-06 0.006714357 0.09728785 1.393408e-06 5.520797e-05 3.2691176e-05 0.0065364526 7.056837e-05 0.035196897 4.2576053e-07 1.2652254e-06 3.596566e-06 0.0015403051 3.671584e-07 0.014045652 0.003022657 1.4778256e-07 2.3550298e-05 1.6263472e-06 0.03809408 4.735279e-05 8.651872e-06 9.164571e-08 2.7667552e-06 0.008620974 2.8544015e-08 0.0015898476 4.527389e-07 0.009981234 8.7793946e-05 2.430675e-06 4.189313e-06 9.7640125e-08 6.4170496e-09 1.4214184e-09 1.5302125e-09 3.5933845e-06 1.0675132e-05 3.0306376e-06 0.00013658918 0.0007836348 1.9031331e-05 1.9397708e-06 1.771061e-06 1.7140232e-07 2.8528939e-06 3.4913228e-05 1.3463285e-06 1.2581725e-07 7.474868e-05 2.0856578e-06 5.1904943e-05 3.343476e-06 4.6764285e-06
0.9048999 0.61263204 0.54274297 0.83118266 0.7568534 0.3232834 0.6597801 0.0020223828 1.5591715e-19 0.0008151249 0.3635942 0.6158739 0.912127 0.8978344 0.020764258 0.07506506 0.43189496 0.0023806258 0.0007117494 0.009861479 0.8222771 0.08005475 0.50633293 0.004366573 0.0015179911 0.061546944 0.0039977613 6.989245e-05 0.41788855 0.002371849 0.0016421899 0.023548942 0.021074321 0.0041628876 0.00053646514 0.0012758737 0.03331548 1.3175468e-05 0.0003116231 0.0066795247 0.010335081 0.2084256 2.28172e-05 0.0017310719 4.764678e-05 4.9470404e-05 0.000121400146 3.131993e-05 0.0012128333 0.028323874 0.04176665 0.013620883 0.0012371365 0.0014131425 0.0054494883 0.007831092 5.17181e-06 1.4478735e-06 0.00339591 0.004933427 0.0020912767 1.3730132e-06 0.00060380454 5.636649e-08 0.0066401684 1.999517e-07 7.343165e-05 0.0012735155 0.0013961875 5.1762896e-08 0.0007508261 4.6441597e-05 3.0092764e-08 0.0024335168 6.0446528e-06 4.1865558e-05 0.00234505 0.0007487514 0.00016689656 1.07854135e-07 1.5343216e-09 2.1030013e-09 2.039302e-09 8.682533e-07 0.000308076 4.136753e-06 0.00034364904 1.7004105e-07 1.4944997e-06 1.40002085e-05 7.994953e-06 4.0498254e-08 1.0916082e-06 1.6518198e-06 1.1257651e-07 1.8323584e-08 1.1132322e-05 3.9824008e-07 1.0312449e-05 6.7851834e-06 1.4472578e-06
0.966292 0.31391037 0.34433344 0.051711477 0.010350616 0.021806348 0.10817294 0.9021592 0.0008151249 1.9307045e-18 0.008553151 0.0005348925 0.00018563445 0.00057856546 0.08860911 0.002754467 0.000280924 0.8759205 0.31709167 0.79500836 0.0007076796 0.0013941504 1.6340358e-05 0.07320323 0.025222125 1.7714334e-05 0.00016467474 0.09665017 1.4002946e-05 0.6904584 4.056383e-05 0.00012036285 0.030925546 1.0906836e-05 0.6087665 0.57332253 0.057629514 0.007417583 0.6236087 0.25898626 0.0001776696 1.3549675e-06 0.057413105 8.417375e-05 0.42865828 7.135643e-07 1.9127285e-06 6.466479e-07 0.0009292608 0.09120349 5.278715e-08 2.9016094e-06 9.914214e-07 0.0028206264 5.5538303e-06 0.008753816 1.090964e-06 2.543625e-07 4.825371e-06 0.0007639835 3.9359557e-07 0.00286845 0.0028239936 4.080328e-08 2.1932186e-05 1.486394e-07 0.008188648 5.1049967e-05 4.4974976e-07 2.0016452e-08 8.6382227e-07 0.00079967844 8.5031104e-08 0.0011808004 1.7090188e-07 0.0017373143 1.70252e-05 3.3435896e-05 6.5428694e-06 1.4068681e-07 2.8662714e-09 2.482564e-08 3.5486947e-09 3.6458928e-07 1.7223327e-05 1.0456308e-06 0.00073481357 4.6571196e-05 2.5979016e-06 4.7778605e-05 1.8618186e-05 1.1853143e-07 3.485225e-05 3.0203071e-05 4.6244395e-07 3.9555644e-07 0.0004103856 4.6709374e-06 0.00011784743 3.7448393e-05 1.7080169e-05
0.9845269 0.4049491 0.10210259 0.1916321 0.27265218 0.4500015 0.22796772 0.0032420459 0.3635942 0.008553151 4.8780516e-14 0.8670533 0.46543244 0.095748894 0.114057295 0.89641017 0.5405884 0.0086332 0.0006280759 0.011216147 0.06915968 0.8156063 0.5210992 0.024469083 0.005084789 0.8557377 0.70653677 0.0007916431 0.12393381 0.00322833 0.18608482 0.48809236 0.19113354 0.18575081 0.0037623043 0.002947067 0.20547205 0.00014453573 0.0011719012 0.004185145 0.20077688 0.12606554 0.00090560404 0.025710665 0.00037435215 0.010995443 0.011526086 0.0016689099 0.011033152 0.16756174 0.06707382 0.17304668 0.5895721 0.02902975 0.00090930756 0.0330452 0.0002932435 1.860892e-05 0.0011192102 0.0020186678 0.00033255442 0.000113300455 0.009168524 2.0510936e-06 0.1302566 1.0173863e-05 0.00091218983 0.0009901416 0.0090473 0.00458287 0.002607958 0.00047454308 9.942788e-07 0.015022676 0.0037294924 0.0011827004 0.043043047 0.00039591294 4.1038897e-05 7.2351753e-07 1.8630146e-08 2.6125155e-08 2.4969398e-07 0.0041210656 0.0013114724 0.02211762 0.019389518 6.779876e-07 7.696352e-06 0.018490016 0.010692633 0.00036450397 0.004777382 0.00017300856 6.6299076e-06 2.0664858e-07 0.0064549823 2.07676e-06 0.00042331943 0.00021818168 0.00021694755
0.9779074 0.1884394 0.057597928 0.14504421 0.18020879 0.17200832 0.284221 0.0009525986 0.6158739 0.0005348925 0.8670533 2.0438574e-17 0.8738206 0.31100813 0.05040562 0.2519828 0.9387009 0.0021632107 0.0002219731 0.003254221 0.1962508 0.4454618 0.7459334 0.009218355 0.0020199108 0.84035546 0.08918605 6.029359e-05 0.4060232 0.0028055867 0.055234183 0.212623 0.062418383 0.0422058 0.0011204473 0.0014397587 0.09221985 3.8061103e-06 0.00024148737 0.0046316297 0.12954183 0.24732463 0.000262627 0.019659437 8.711023e-05 0.0010405481 0.003861512 0.00029723402 0.005839034 0.0825915 0.16572757 0.160306 0.1693534 0.012196738 0.0018550395 0.017184803 0.00015422609 1.3592845e-05 0.004913212 0.0041009123 0.0037529853 2.2328902e-06 0.00574345 1.1372329e-06 0.16184272 2.891011e-06 0.0001009536 0.0018568059 0.027594024 7.208336e-05 0.008898031 1.8932818e-05 4.0522073e-07 0.0033084624 0.00035368427 0.00010380776 0.096153125 0.006115536 0.00038029483 2.7250453e-06 1.6982527e-08 1.7029851e-08 3.152407e-08 0.0005602247 0.0010666976 0.0047321916 0.007089273 2.7436812e-07 9.3330445e-06 0.00955236 0.00408843 1.2141479e-05 0.0009471168 2.2796581e-05 3.1938803e-06 4.7640576e-08 0.014350104 4.4333374e-06 0.0032388119 0.00031085225 0.00011868657
0.75025666 0.18139233 0.14018278 0.3265756 0.4216297 0.23466773 0.22702459 0.0021156366 0.912127 0.00018563445 0.46543244 0.8738206 1.941768e-19 0.75097454 0.062355436 0.3406022 0.93056434 0.0006340612 0.00038385822 0.0010329651 0.63156664 0.16099136 0.826141 0.00994908 0.0018466254 0.5741366 0.012565354 3.748294e-05 0.69150156 0.00052945263 0.0060948376 0.07062148 0.030202447 0.06265416 0.00026305742 0.00018910992 0.03320121 2.5464733e-06 1.4469854e-05 0.0004287231 0.02569042 0.15199511 3.3512482e-05 0.0032723865 8.7013075e-07 0.0015508801 0.0010608222 0.0002555799 0.0025024437 0.018012097 0.20343696 0.15320529 0.02849831 0.0031230557 0.0005387554 0.0059870505 3.3400076e-05 1.31190955e-05 0.00023485 0.0005889218 0.00017331787 2.0650762e-06 0.0015328486 6.5091774e-07 0.071604244 2.3834787e-07 0.00012359697 8.848497e-05 0.0016176578 7.867311e-06 0.0016792306 2.8134456e-05 7.849979e-07 7.02584e-05 0.00024840873 3.4616234e-05 0.005691216 0.0005973021 6.899298e-05 4.2838593e-07 1.6807764e-09 3.0132046e-08 9.187529e-09 5.1783636e-06 1.2357567e-05 5.3081996e-05 1.2106203e-05 1.4560634e-07 6.230616e-06 8.96018e-05 7.22566e-05 6.900324e-07 1.4615553e-06 3.4923833e-06 5.238637e-07 8.889231e-09 2.9999394e-05 5.2627536e-07 2.78084e-05 5.9920217e-06 1.795857e-06
0.14752105 0.31401697 0.47382522 0.6304848 0.38664702 0.10168091 0.8433887 0.0018293303 0.8978344 0.00057856546 0.095748894 0.31100813 0.75097454 3.366521e-20 0.00670482 0.028521013 0.1583394 0.0009117668 0.00029018527 0.0035335156 0.963881 0.017827649 0.47875285 0.0014743825 0.00040336637 0.021847133 0.0014559178 0.000117458316 0.5098554 0.0006839183 0.00043347367 0.002434999 0.002791181 0.0011544182 0.0002229671 0.00045051242 0.00577985 1.9327833e-06 0.00014551231 0.0015706468 0.0011217052 0.20124924 0.00010556022 0.0005819912 4.034664e-06 1.4207545e-05 1.4541525e-05 5.714029e-06 0.00027586115 0.006395125 0.041750863 0.0024379292 0.001338551 0.000505172 0.01112256 0.0030993964 3.6596969e-06 5.4647205e-07 0.0019256514 0.0015550723 0.0017847186 1.9548336e-06 0.0002691657 3.1846913e-08 0.0010287932 5.912173e-08 0.00014599742 0.0006890323 0.00039504623 1.2170159e-07 0.0006053384 1.20447185e-05 4.437231e-07 0.0008411898 3.2346816e-07 1.3281185e-05 0.0004302979 0.0008026279 0.00013299125 6.852249e-09 1.4346119e-09 4.237507e-08 7.8630835e-09 7.666723e-07 3.5152476e-05 8.315029e-08 3.8036593e-05 2.0357394e-08 4.066942e-07 2.2086556e-06 2.9253652e-06 4.8711495e-08 9.121271e-08 1.7574159e-06 1.8561312e-07 8.3751154e-08 1.8511505e-06 1.3066148e-06 7.031393e-06 1.1154204e-05 6.479409e-06
0.96163905 0.18370186 0.017407043 0.04377632 0.49676037 0.8996203 0.0031347666 0.35618877 0.020764258 0.08860911 0.114057295 0.05040562 0.062355436 0.00670482 2.893899e-19 0.5776741 0.08737913 0.022380209 0.2803132 0.013615273 0.0014657003 0.2422656 0.0041599623 0.7555351 0.47171807 0.032679655 0.031713825 0.44596517 0.0016649492 0.005021477 0.01567716 0.0389069 0.8548835 0.42960924 0.018132819 0.0035715825 0.62449545 0.3064849 0.0028062542 0.0011571436 0.07111794 3.23695e-05 0.022416517 0.013471749 0.0059600277 0.020053277 0.011952355 0.026039282 0.43636566 0.17170803 5.229992e-05 0.003493746 0.010753811 0.06272704 8.169198e-05 0.28615162 0.0012843369 0.001078202 6.3316616e-06 0.00020766315 3.994986e-06 0.084024355 0.024493296 0.00030252754 0.00026389412 0.0004338279 0.10558982 2.705878e-05 1.2297992e-06 0.0004299982 1.4532612e-05 0.087955445 0.00037180906 3.117891e-05 0.00041497592 0.1909162 6.552946e-05 7.3075953e-06 1.7958366e-06 8.766786e-05 0.00032328666 2.812697e-05 8.100494e-05 4.052385e-05 7.864242e-06 0.00024240825 1.4236915e-06 0.0052653947 0.006607129 0.00027139738 8.460609e-05 2.7747788e-05 1.7453593e-05 0.0055562337 0.00084893254 1.5219484e-06 2.2305736e-05 5.930959e-07 4.709078e-05 4.768638e-05 2.3826879e-05
0.8939762 0.05510344 0.018805016 0.03766418 0.26612583 0.26934856 0.008799165 0.019676244 0.07506506 0.002754467 0.89641017 0.2519828 0.3406022 0.028521013 0.5776741 7.4415706e-19 0.4752357 0.0050952593 0.0022073535 0.0018782446 0.016989462 0.8725405 0.0581905 0.14001772 0.030661928 0.8725363 0.8233495 0.012548845 0.020577917 0.0018371941 0.38775 0.5755273 0.49350402 0.7544554 0.002330894 0.00014930821 0.15969017 0.0015327162 0.0001710259 6.2842315e-05 0.1555268 0.0020658849 0.00077507074 0.027610818 5.8871024e-06 0.10637457 0.026399024 0.038286127 0.18794833 0.08004681 0.009919823 0.16129783 0.21021158 0.058625765 1.6683553e-05 0.10354793 0.0006654112 0.0010314245 8.9301475e-06 6.9239104e-05 1.4607652e-06 0.0007247551 0.018716931 0.0002105724 0.08302539 0.000108672946 0.0024747297 2.029541e-05 0.00013130692 0.01828795 8.650725e-06 0.0033555848 0.00073162286 0.0014679091 0.036032114 0.0068176677 0.003249602 7.5761495e-06 4.903805e-06 0.0007926758 8.6765285e-06 3.4298748e-06 1.8368733e-05 0.001603452 1.5645388e-05 0.002482431 3.209598e-05 6.1465803e-06 0.0030270894 0.0012538946 0.00035398727 0.0003195416 0.00014933571 0.0037855422 0.001065629 6.400023e-07 8.690552e-05 2.753146e-07 5.1761046e-05 2.1099462e-05 1.5212221e-05
0.7531123 0.03895456 0.020595456 0.057572726 0.10929638 0.084291704 0.026367897 0.001651508 0.43189496 0.000280924 0.5405884 0.9387009 0.93056434 0.1583394 0.08737913 0.4752357 2.8577304e-19 0.0006146138 0.00013923814 0.0011069967 0.09591893 0.25599408 0.51955146 0.009268429 0.0012678278 0.96644926 0.03101283 9.003248e-05 0.19595747 0.00025247896 0.012936684 0.17896196 0.035827626 0.13617435 0.00019159839 0.00023705563 0.024073748 4.7732988e-06 4.2553525e-05 0.00020900066 0.031862415 0.017738951 8.0024714e-05 0.004061282 1.4968302e-06 0.010437604 0.0033409998 0.0026194926 0.0061185984 0.015675394 0.07083044 0.26331106 0.08686628 0.0040470595 0.000115289666 0.004695043 8.141417e-05 0.00010408065 6.804744e-05 0.00042563147 8.082475e-05 3.7466018e-06 0.002184387 3.722943e-05 0.09804039 1.407554e-05 8.402056e-05 8.5594904e-05 0.002490397 0.0009741543 0.0016092426 1.8874247e-05 1.9638315e-05 9.017211e-05 0.0021722156 7.613201e-05 0.01108953 0.00038717338 4.9821854e-05 7.581531e-05 1.3351652e-07 1.7792453e-07 1.657914e-07 0.00021991742 2.6484904e-05 0.0009335899 4.282671e-05 2.9991696e-07 3.3161683e-05 0.0016487817 0.0009208628 5.799567e-05 8.049229e-05 1.8586128e-05 8.469113e-06 6.529614e-07 0.0010286294 7.730407e-07 0.00033691147 4.9760503e-05 2.9965795e-05
0.9450815 0.24373448 0.31024763 0.04798344 0.007182518 0.022512233 0.22280262 0.55314267 0.0023806258 0.8759205 0.0086332 0.0021632107 0.0006340612 0.0009117668 0.022380209 0.0050952593 0.0006146138 2.5958811e-15 0.07704957 0.9094805 0.0017695822 0.0013029111 0.00015223418 0.020761037 0.010287349 2.9785047e-05 8.415609e-05 0.030681875 0.00041097743 0.9284695 3.5512137e-05 6.994719e-05 0.007933886 6.626643e-05 0.50322145 0.7814743 0.024190694 0.0028680053 0.79960674 0.76302373 6.60957e-05 0.00025084792 0.036928732 2.7432445e-05 0.21450299 3.2445553e-07 3.30175e-07 1.7372587e-07 0.00024264508 0.03557736 1.9165484e-06 3.8674436e-05 1.4219527e-05 0.0009590907 0.0012847333 0.0073863324 2.1874156e-07 1.7391226e-08 0.00028107464 0.03637299 2.5555195e-05 0.00038236537 0.001346249 6.3994485e-09 4.877276e-06 1.9063864e-09 0.0021571014 0.00095970964 2.1082856e-06 3.294319e-08 2.484106e-06 0.00056758575 3.54938e-08 0.09587439 2.7711174e-06 0.001586539 3.724429e-06 3.080779e-05 4.598519e-05 1.7915933e-07 9.827996e-10 2.3689457e-09 1.3599976e-09 4.2828256e-07 0.00055154023 6.0255536e-07 0.03382807 2.4405786e-05 4.9117074e-07 3.4995385e-06 5.9380877e-06 2.3858962e-07 3.9621505e-06 5.148859e-05 5.408988e-07 2.5468957e-08 1.4007427e-06 3.218921e-06 8.595356e-06 1.1747776e-05 5.2523023e-06
0.9979616 0.0230473 0.004765671 0.0024174117 0.003497917 0.019618444 0.0038097894 0.91126037 0.0007117494 0.31709167 0.0006280759 0.0002219731 0.00038385822 0.00029018527 0.2803132 0.0022073535 0.00013923814 0.07704957 4.327471e-18 0.0063803825 2.6023241e-05 0.00012130074 1.7265049e-05 0.3307304 0.583235 8.439109e-05 7.42814e-06 0.89208424 2.322698e-06 0.017759018 3.4823659e-06 1.5052036e-05 0.10203872 0.00010029367 0.38674363 0.0020520298 0.14176326 0.4159983 0.008401712 0.00074621715 8.012995e-05 7.9658616e-07 0.86554545 5.141837e-05 0.2503267 5.637647e-07 2.791664e-06 2.5168924e-06 0.0100113405 0.18615645 2.6894143e-06 4.2218926e-06 2.8967554e-05 0.0046431418 1.4351026e-06 0.09536426 4.4003223e-06 1.0745557e-07 4.766187e-07 1.28740385e-05 4.620954e-08 0.036041986 0.005752201 7.155259e-08 9.013458e-06 8.006455e-07 0.033538796 1.0326002e-05 2.2234237e-06 9.0651076e-07 4.774251e-06 0.017535252 2.9578564e-08 0.0004931849 5.14348e-07 0.02685861 1.8654024e-06 3.137389e-07 2.12443e-08 1.1461293e-08 1.0609257e-10 5.256633e-11 3.4753053e-10 1.4870207e-07 7.186645e-07 7.873383e-06 6.4413e-05 0.002709514 2.7498683e-07 7.5410167e-06 5.259319e-06 1.4080923e-07 6.2206e-06 5.126942e-05 4.0525453e-08 4.9734666e-10 1.5928842e-06 5.4810858e-08 2.1483534e-06 2.9042684e-07 6.50448e-07
0.343912 0.38823426 0.7441715 0.23495902 0.05817857 0.047348615 0.7423123 0.27242747 0.009861479 0.79500836 0.011216147 0.003254221 0.0010329651 0.0035335156 0.013615273 0.0018782446 0.0011069967 0.9094805 0.0063803825 1.08664286e-20 0.0027146896 0.0010867248 0.00019810481 0.007718504 0.0018098501 2.3653545e-05 0.00010930271 0.0038028653 0.00010429221 0.72775674 1.8376324e-05 5.536926e-05 0.0043409276 6.0676894e-07 0.047481548 0.9016865 0.009776724 0.00045267012 0.70065546 0.9238313 3.0256242e-06 3.4729055e-05 0.0010893438 2.881693e-06 0.010855761 2.444121e-07 1.6407942e-07 2.6931497e-07 0.00021995099 0.006372015 3.4318884e-07 5.4689253e-06 5.169928e-07 0.00017873808 0.00078394654 0.004828449 8.759335e-08 2.8308438e-08 2.4156741e-05 0.038969796 5.62604e-07 1.6477881e-05 0.00016988101 3.1625595e-09 1.0634886e-06 7.2973125e-09 0.0002603753 0.00017995467 9.5960935e-08 6.8378836e-10 7.8829805e-09 1.6938428e-05 4.1653628e-08 0.054144748 2.8102555e-08 1.5166894e-05 1.5553235e-06 4.760207e-06 4.7660938e-06 1.02138586e-07 1.748697e-10 2.2578366e-08 1.2392771e-09 9.6495775e-08 0.0012163529 1.184412e-08 0.021374617 9.490448e-08 1.5355762e-07 1.5579406e-08 5.500859e-08 8.943583e-09 2.0025466e-08 4.6370832e-07 1.7074866e-08 3.5408956e-07 4.198619e-07 6.5025354e-08 3.0114828e-07 1.0960415e-06 5.971175e-07
0.28253704 0.15526688 0.28238162 0.3760056 0.16240722 0.027527938 0.89345354 0.0007381666 0.8222771 0.0007076796 0.06915968 0.1962508 0.63156664 0.963881 0.0014657003 0.016989462 0.09591893 0.0017695822 2.6023241e-05 0.0027146896 1.0064009e-18 0.01180229 0.5482295 4.651008e-05 2.965391e-05 0.011085279 0.0011237427 1.4993254e-05 0.8032371 0.0013730337 0.0003093862 0.0020145415 0.0005627366 0.00051201164 8.8233595e-05 0.00043279395 0.0018470305 1.630363e-06 0.0001493609 0.0022555364 0.0001928466 0.8243825 2.6615835e-05 0.00017468286 2.007929e-05 4.7012236e-06 3.0881547e-06 5.8232786e-06 1.1725971e-05 0.0011262243 0.22873195 0.006877203 0.0013946365 1.12921125e-05 0.27043778 0.000649833 1.769225e-07 1.0010561e-06 0.051296677 0.0149036 0.05564359 1.1786282e-06 4.609529e-06 3.2798818e-07 0.0034265877 5.230206e-07 6.222962e-06 0.010598227 0.0027167045 6.2124364e-08 0.012252746 1.7343073e-05 2.9334151e-07 0.0026214856 1.6015294e-05 4.642781e-06 0.00091458095 0.009992649 0.0014983814 1.1503365e-06 1.3180398e-08 6.3537424e-09 2.0998787e-09 2.6362684e-07 0.00043668743 2.5339574e-05 0.00034654286 8.0153285e-08 4.263879e-07 1.276361e-05 4.812315e-06 1.9452885e-07 9.4724055e-07 2.1671129e-07 6.363e-08 1.9437104e-07 1.1617543e-05 2.3327306e-05 3.5405446e-05 1.5359221e-05 7.1698014e-06
0.9020282 0.07154028 0.018724162 0.03418608 0.041432597 0.116286695 0.02532211 0.0021812802 0.08005475 0.0013941504 0.8156063 0.4454618 0.16099136 0.017827649 0.2422656 0.8725405 0.25599408 0.0013029111 0.00012130074 0.0010867248 0.01180229 4.595737e-19 0.1640165 0.04250493 0.008972015 0.7364378 0.9273637 0.00038953536 0.032542244 0.0007421892 0.5665768 0.6560142 0.25607434 0.69670033 0.00028131192 0.0001965862 0.11481808 5.1549174e-05 0.00011113478 0.0003999006 0.14429057 0.026456734 1.6546192e-05 0.023386465 9.263877e-06 0.0944593 0.03435357 0.026779346 0.03912369 0.040562544 0.03179133 0.17382567 0.47261655 0.041105352 1.1169243e-05 0.02505959 0.00060375326 0.0005445506 2.1342823e-05 8.88684e-05 4.3024943e-06 0.0001233618 0.010929875 0.0001366104 0.12673378 0.00022943114 0.0006165808 6.77289e-05 0.0044321925 0.025457384 0.00040207096 0.0004686123 8.368102e-05 0.00757614 0.023094565 0.0007508734 0.04657107 8.980511e-06 2.292181e-06 0.00011004249 8.1557846e-07 5.9925213e-07 1.6288991e-06 0.008342621 0.0009455271 0.024706095 0.0023607146 5.4251007e-07 0.00033255602 0.011061556 0.0054817535 0.00048820252 0.002720796 0.0009092334 0.00023383625 1.4400682e-06 0.006239973 2.2080008e-06 0.0002362202 0.00017145883 0.00026117882
0.94189984 0.09514134 0.029185977 0.08929254 0.0635158 0.038532224 0.17191263 7.845976e-05 0.50633293 1.6340358e-05 0.5210992 0.7459334 0.826141 0.47875285 0.0041599623 0.0581905 0.51955146 0.00015223418 1.7265049e-05 0.00019810481 0.5482295 0.1640165 2.503623e-17 0.00016648675 5.294549e-05 0.29203883 0.037321236 2.41672e-07 0.9662507 0.00044745434 0.018025784 0.093822874 0.00894167 0.008219768 1.4510897e-05 9.403685e-05 0.016328935 7.115695e-08 6.444854e-06 0.00037772418 0.031178303 0.7035096 6.4817294e-07 0.015287768 7.477673e-06 0.00029604387 0.0014044318 4.021509e-05 0.00036360108 0.02547529 0.6279787 0.13224447 0.029523367 0.0013711742 0.0049349377 0.0036563636 3.157705e-05 1.4339522e-06 0.006991398 0.0026330438 0.014270084 1.5905839e-07 0.0009966695 6.165875e-07 0.18977937 2.588251e-07 2.6023814e-05 0.0017289015 0.064736746 1.8259007e-06 0.051976636 4.6572154e-06 1.1395155e-07 0.0007348037 6.1525534e-05 8.401859e-06 0.07619068 0.013166356 0.000370492 8.589918e-07 1.8773676e-09 6.246331e-09 1.5576516e-09 5.9025683e-06 0.00079934177 0.00051987875 0.00087660004 3.200767e-07 1.71502e-06 0.00088018493 0.0004655006 3.32236e-07 2.5902933e-05 2.7109236e-06 1.6671106e-06 1.4180796e-07 0.0028655245 1.1003277e-05 0.0035835817 9.567945e-05 4.637486e-05
0.99412006 0.14838168 0.01284873 0.012710797 0.052093368 0.26589853 0.00036603893 0.3530157 0.004366573 0.07320323 0.024469083 0.009218355 0.00994908 0.0014743825 0.7555351 0.14001772 0.009268429 0.020761037 0.3307304 0.007718504 4.651008e-05 0.04250493 0.00016648675 8.025437e-20 0.95448107 0.014760562 0.002794545 0.23861295 1.7225495e-05 0.0039473367 0.0015236484 0.010629246 0.4818572 0.048442505 0.024964511 0.0014364541 0.5275969 0.35861304 0.0020239833 0.00045975082 0.0038227367 9.748294e-07 0.09100324 0.0005996195 0.0071478565 0.00091602956 0.0011780306 0.0027469804 0.25774613 0.34883288 5.042075e-06 0.00041468273 0.0011002276 0.036128175 1.1070953e-06 0.37948757 0.00010078131 0.0003850884 1.8719399e-07 6.7295823e-06 3.3828186e-07 0.20480673 0.017642615 0.00015449266 1.7181805e-05 0.00020899049 0.18275517 5.155121e-06 1.7722004e-07 0.00018309419 7.5179737e-06 0.13780402 7.3638745e-05 2.6734153e-05 5.784377e-05 0.21420085 1.3960332e-05 8.7396387e-07 3.753588e-07 2.849715e-06 5.5051078e-05 5.8158395e-07 1.3555207e-06 1.6286567e-06 4.723158e-06 4.583173e-05 9.2997396e-07 0.0073239743 0.0027093978 1.491321e-05 6.0080897e-06 5.626174e-07 2.625153e-06 0.002369291 0.0001910672 2.2259621e-07 2.280755e-06 1.5249987e-07 1.2506247e-06 7.7682967e-07 4.3694882e-07
0.9787809 0.031298645 0.0032254006 0.0032108547 0.008156248 0.048981816 0.0002745701 0.19108707 0.0015179911 0.025222125 0.005084789 0.0020199108 0.0018466254 0.00040336637 0.47171807 0.030661928 0.0012678278 0.010287349 0.583235 0.0018098501 2.965391e-05 0.008972015 5.294549e-05 0.95448107 2.4070901e-21 0.0012436735 0.00083543436 0.417086 1.8107701e-05 0.0020872778 0.0003285318 0.0017082965 0.28623316 0.012244026 0.01827467 0.0010690698 0.3258958 0.8045227 0.0012144201 0.00044690806 0.001906125 1.3304973e-06 0.074062675 0.0005542199 0.007848128 0.00082648516 0.000814085 0.0019009305 0.27144554 0.344387 2.4718045e-07 4.6780766e-05 0.00018494866 0.04085249 8.906031e-07 0.50379586 0.0003567048 0.00034817684 2.8980816e-07 2.8675513e-05 6.2674434e-07 0.56587136 0.03801812 0.00018717517 1.4027318e-06 0.0005836256 0.3733752 9.439444e-07 3.478353e-08 7.112545e-05 1.4852878e-06 0.41515824 0.00021529723 1.5041096e-06 1.775479e-05 0.49640682 4.635091e-06 6.724376e-07 1.2040883e-07 1.08598915e-05 0.00019417012 6.7805518e-06 1.8130873e-05 4.127634e-06 1.4723331e-06 1.6102436e-05 5.763773e-08 0.013431405 0.005117773 2.6208318e-05 2.7333429e-06 1.8649862e-06 1.0203953e-06 0.021511076 0.0014129863 6.440009e-07 1.0352293e-06 6.8523185e-08 1.8675134e-06 1.0394575e-06 3.864763e-07
0.92258435 0.019089397 0.0030514493 0.015524414 0.035553906 0.03720152 0.0045982976 0.00026180176 0.061546944 1.7714334e-05 0.8557377 0.84035546 0.5741366 0.021847133 0.032679655 0.8725363 0.96644926 2.9785047e-05 8.439109e-05 2.3653545e-05 0.011085279 0.7364378 0.29203883 0.014760562 0.0012436735 1.1520586e-18 0.49254042 5.615641e-05 0.06595766 4.6927216e-06 0.22891602 0.8031378 0.18594071 0.695328 2.5980715e-05 7.94338e-06 0.07321938 1.3789722e-06 1.1646047e-06 6.376017e-06 0.24393235 0.0038516922 1.1596191e-05 0.038491935 1.447703e-07 0.18121223 0.06469084 0.03358307 0.018579822 0.042326193 0.042318575 0.707321 0.50376797 0.032697905 6.214344e-06 0.008335098 0.001200231 0.0008641037 9.160649e-06 1.9483075e-05 6.3366756e-06 1.2752289e-06 0.009459994 0.0002373495 0.28998908 4.0019248e-05 6.826922e-05 2.5157822e-05 0.0021675213 0.0274733 0.0018054161 1.3346549e-05 0.0007138271 0.00015822741 0.0401151 0.00013032398 0.036182627 0.00016723163 4.967897e-06 0.0036004598 1.3183618e-06 9.61149e-06 4.263304e-06 0.001231467 1.1506366e-05 0.013493531 4.50737e-05 7.000905e-07 0.00035841815 0.035475194 0.014059308 0.0002676815 0.001353021 9.734489e-05 0.00011855309 2.9002385e-05 0.024360321 5.1502485e-07 0.00074784685 0.0012522562 0.00094836904
0.9796633 0.0021061155 0.0005734346 0.0012091567 0.0014785045 0.00822136 0.0021751602 9.475215e-05 0.0039977613 0.00016467474 0.70653677 0.08918605 0.012565354 0.0014559178 0.031713825 0.8233495 0.03101283 8.415609e-05 7.42814e-06 0.00010930271 0.0011237427 0.9273637 0.037321236 0.002794545 0.00083543436 0.49254042 5.7479593e-21 1.416609e-05 0.007311402 6.399724e-05 0.95335305 0.9252207 0.08381302 0.7229146 6.077479e-06 1.8068784e-05 0.028743783 4.0788727e-06 9.977074e-06 2.0233454e-05 0.033287007 0.0062326635 8.552702e-07 0.007324572 2.2906231e-06 0.0074285204 0.0047884253 0.0027719184 0.014167347 0.015782159 0.0078956075 0.023748802 0.0916272 0.016110493 3.4628931e-06 0.0144236805 0.00019994647 8.50817e-05 2.0502096e-06 3.038999e-06 9.442398e-07 1.5681479e-05 0.0063917097 2.4154828e-05 0.038035028 0.00013101523 0.00019306298 1.7466149e-05 0.00015590392 0.0033271525 8.385701e-05 0.00032581604 1.07698725e-05 0.00048682382 0.0015412595 0.0002622376 0.005908632 1.7712917e-05 1.0253957e-06 2.2569271e-05 7.6308567e-07 4.282597e-07 1.2326053e-06 0.0008723103 9.916459e-06 0.003740014 0.00025472895 3.46407e-07 2.117653e-05 0.0030888282 0.0019387556 0.00019142176 0.00080973573 0.00023847693 1.09232205e-05 1.8221026e-07 0.00067291874 6.609762e-08 4.435429e-05 0.00012276009 0.00013811057
0.9640662 0.01198028 0.010047558 0.0034384425 0.0029090445 0.017040513 0.000477938 0.6797479 6.989245e-05 0.09665017 0.0007916431 6.029359e-05 3.748294e-05 0.000117458316 0.44596517 0.012548845 9.003248e-05 0.030681875 0.89208424 0.0038028653 1.4993254e-05 0.00038953536 2.41672e-07 0.23861295 0.417086 5.615641e-05 1.416609e-05 1.2563656e-20 1.1813752e-06 0.028897658 3.0976319e-06 5.7496454e-05 0.08775158 0.00035340898 0.18389852 0.0021142184 0.14069271 0.9736306 0.0064510223 0.0004897223 0.00027481662 4.865724e-07 0.7122301 0.00017461076 0.15937167 4.799816e-06 6.676375e-07 1.4616369e-05 0.0299175 0.17924024 1.3366172e-06 5.3399026e-07 2.6922191e-06 0.012462272 1.715666e-06 0.103052035 1.2808478e-06 6.4460255e-07 1.6076541e-06 0.0006730381 3.8562325e-07 0.19044763 0.011656421 1.03975836e-07 5.7086015e-07 1.091832e-06 0.079922676 3.6976944e-06 6.6294183e-07 2.6130675e-09 9.4236674e-07 0.025311384 1.0225315e-08 9.230515e-06 4.578177e-08 0.034435775 2.543339e-05 1.0179798e-06 2.846498e-07 1.1702492e-08 2.695516e-09 4.980301e-10 5.3388936e-11 4.915932e-08 1.5285339e-07 1.3544017e-06 1.0693028e-06 0.008403443 1.180896e-05 4.2955267e-07 5.99884e-07 8.315088e-09 2.0466493e-07 0.00028949897 1.9967122e-07 6.906861e-09 3.924361e-06 3.5383756e-08 3.4129218e-07 2.921883e-06 4.3198493e-06
0.39935535 0.025209457 0.020067155 0.06111593 0.0405765 0.010651118 0.17591621 7.7566234e-05 0.41788855 1.4002946e-05 0.12393381 0.4060232 0.69150156 0.5098554 0.0016649492 0.020577917 0.19595747 0.00041097743 2.322698e-06 0.00010429221 0.8032371 0.032542244 0.9662507 1.7225495e-05 1.8107701e-05 0.06595766 0.007311402 1.1813752e-06 1.4166673e-18 5.1407293e-05 0.0021657092 0.017277097 0.0013523361 0.003140856 3.2515452e-06 4.6022302e-05 0.0024442498 6.603815e-08 2.450417e-06 0.00016208722 0.0018293005 0.89352435 1.1022071e-06 0.0022715451 1.207488e-06 4.465896e-05 5.5845212e-05 5.21454e-06 3.5943664e-05 0.002426724 0.7634222 0.052933734 0.014574237 0.00011058776 0.0038742048 0.0008370932 6.2161905e-07 2.0506779e-07 0.0021404382 0.0009259033 0.00826555 2.3287406e-07 5.2119176e-05 5.2064003e-08 0.069731206 2.2213456e-07 1.4500743e-05 0.00035778922 0.026934868 2.2063428e-07 0.048854116 1.5910116e-05 5.3144372e-08 5.565561e-05 2.0236019e-05 1.6579354e-06 0.025625821 0.008503773 0.00032498993 7.480718e-08 1.9046529e-09 9.962774e-10 2.5181046e-10 1.6493673e-06 7.592015e-05 7.734972e-05 3.0710107e-05 3.104262e-08 2.5820468e-06 0.0001586172 5.2608164e-05 1.493023e-07 3.9865104e-06 1.0557814e-06 1.1000312e-06 4.9167287e-08 0.0004189298 9.8010505e-06 0.0009793862 1.3002819e-05 5.7358634e-06
0.38489202 0.08878476 0.13439023 0.022897713 0.008189585 0.0128959 0.10150766 0.19838698 0.002371849 0.6904584 0.00322833 0.0028055867 0.00052945263 0.0006839183 0.005021477 0.0018371941 0.00025247896 0.9284695 0.017759018 0.72775674 0.0013730337 0.0007421892 0.00044745434 0.0039473367 0.0020872778 4.6927216e-06 6.399724e-05 0.028897658 5.1407293e-05 1.3793099e-14 1.11468225e-05 5.790299e-05 0.001132801 1.6135147e-05 0.66755533 0.7602671 0.00342689 0.004174498 0.9506212 0.5719142 8.561021e-06 0.00025423773 0.1188808 7.2869475e-06 0.32372892 1.5166873e-06 1.7388945e-07 2.743507e-06 7.105575e-05 0.006275841 2.6002765e-06 0.00013870138 2.308266e-05 0.00026903226 0.0008115491 0.0015321 9.4259555e-08 5.9183026e-07 0.0010013846 0.0195695 3.6274458e-05 0.000524685 0.00016032325 5.07612e-07 1.2430117e-05 3.1856956e-07 0.0008864296 0.0004498476 9.215211e-06 1.31601015e-08 1.0657057e-05 0.00022985075 4.663777e-07 0.064765364 1.7922446e-05 0.00056567445 3.2692235e-05 5.988734e-05 0.00016313289 2.6690882e-06 7.6864055e-08 5.6448258e-08 3.2313157e-08 6.4351443e-06 0.0009704323 1.11701065e-05 0.018562917 5.4238826e-06 1.0972767e-06 2.7863005e-05 2.1550502e-05 1.232677e-06 8.452379e-06 9.048218e-06 3.2654282e-07 1.2551519e-06 7.3003204e-05 4.654158e-05 4.8774273e-05 6.342465e-05 5.134786e-05
0.9907401 0.00044446366 8.369811e-05 0.00025005135 0.000425614 0.002230072 0.0005964036 1.4602284e-05 0.0016421899 4.056383e-05 0.18608482 0.055234183 0.0060948376 0.00043347367 0.01567716 0.38775 0.012936684 3.5512137e-05 3.4823659e-06 1.8376324e-05 0.0003093862 0.5665768 0.018025784 0.0015236484 0.0003285318 0.22891602 0.95335305 3.0976319e-06 0.0021657092 1.11468225e-05 2.9471835e-20 0.92232984 0.13161407 0.9346615 5.3511103e-06 2.3659015e-06 0.050012518 1.5538366e-06 1.8522912e-06 3.6850668e-06 0.227313 0.0015072649 1.3529441e-06 0.065519355 2.0830362e-06 0.03711428 0.056450877 0.009744029 0.035974428 0.026104035 0.0022480404 0.023785288 0.12996493 0.03188928 3.0959293e-07 0.03164528 0.0008459855 0.00037245837 7.869565e-07 7.23034e-07 1.961563e-07 2.2325039e-05 0.015201325 0.00011526416 0.02308075 0.00012990965 0.00026273497 1.9110978e-05 4.830954e-05 0.019028135 3.84346e-05 0.00048038806 5.4071264e-05 0.0006556515 0.0051056566 0.00046318525 0.001967796 2.0446028e-05 1.1530472e-06 8.402297e-05 4.8604165e-06 3.9865636e-06 6.840481e-06 0.0065999273 7.97266e-06 0.008151797 0.0003520901 8.551551e-07 8.336066e-05 0.0040269303 0.0023184302 0.000978468 0.0027395529 0.0014803289 3.0174797e-05 1.5685166e-06 0.0006574701 1.6423786e-07 4.557362e-05 0.00028421104 0.00020162734
