6.1005573e-30 0.100127175 0.044658653 0.46993816 0.081265986 0.01279195 0.37865767 0.3440743 0.03483427 0.08553272 0.25860772 0.9106382 0.00493736 0.030208299 0.0032103849 0.52859795 0.91743815 0.00056280877 0.70420676 0.025399162 0.0009004871 0.0015930288 0.015233405 2.6300584e-05 0.9475611 0.56702673 0.72019434 0.73258406 0.00013745148 0.8390209 0.54710245 0.8194169 0.49668273 0.7829489 0.7571927 2.1029623e-06 0.02602551 0.91120577 0.09423027 0.69764537 0.9249541 0.9327042 0.00015356796 0.74259937 0.013040773 0.000494294 8.572426e-06 0.98738587 0.3100237 0.32433763 0.00031289915 0.033753753 0.9099424 0.7029876 0.000436391 0.00015886473 0.6894221 0.0010206065 0.92190325 0.00021180499 0.9807223 0.94076246 0.97012925 0.9550208 0.001420186 0.4423379 0.07582195 0.9781136 0.00043025092 0.0030099351 0.22517473 0.9717813 0.9996162 0.23080081 0.0058243657 5.7512523e-05 0.99322784 0.9776658 0.07984991 0.10163254 0.00045865448 0.033355925 0.02058163 2.4517024e-06 0.52971673 0.9988356 0.591754 6.7035884e-08 0.0039841603 0.09478819 0.9279531 0.4856284 0.93871576 0.99860156 0.99950486 0.013033866 0.9998656 0.998644 0.042326737 0.9956621 0.99311835
0.100127175 3.104853e-20 0.53342736 0.6794354 0.7278609 0.5570174 0.5147891 0.2986519 0.4228243 0.21024704 0.2303231 0.46732745 0.057942577 0.07240973 0.15326636 0.15415911 0.23053168 0.058387823 0.07357535 0.05467981 0.034606807 0.02117897 0.02835616 0.044056714 0.1657401 0.036033574 0.09336751 0.04291443 0.0070353383 0.29981628 0.09649148 0.03457029 0.104426295 0.029677935 0.26803806 0.0055848085 0.0067763217 0.013103779 0.00095512427 0.045761693 0.010460549 0.004730637 0.0007098686 0.17909369 0.0018136305 0.0012053298 0.00085183425 0.032459393 0.0011344529 0.0019650636 0.0006837344 1.708535e-05 0.19194451 0.00035564517 0.00015607172 3.8730464e-05 0.0016110017 2.185635e-05 0.0047215233 9.844095e-06 0.0006998632 0.015638372 0.004116415 0.0026030878 3.8702623e-05 0.000717486 1.849609e-05 0.015103458 1.2636951e-06 4.4442127e-06 0.00010252384 0.0060855937 0.008325107 2.137364e-05 7.2617854e-06 9.102896e-07 0.0023263306 2.9950226e-05 3.9734764e-06 3.286623e-05 5.287797e-07 2.3032526e-05 8.254681e-06 1.6432347e-06 5.400401e-05 0.0097977435 4.987272e-07 1.079885e-06 2.9630496e-07 2.4040884e-07 7.990094e-05 3.902318e-05 3.1680815e-05 0.0027096134 0.00024828583 1.9131573e-06 0.0012831414 0.0015452162 2.4056126e-06 4.257928e-06 0.00045014653
0.044658653 0.53342736 8.4133135e-20 0.69893295 0.386848 0.7482675 0.3496013 0.31534004 0.20977208 0.059308868 0.082977965 0.21860382 0.24846749 0.021851815 0.5681622 0.30479866 0.058230635 0.021010937 0.013677292 0.26941636 0.010117544 0.0054536634 0.006842674 0.02219402 0.04243809 0.007411717 0.05493583 0.0958653 0.0032807377 0.1990433 0.09879933 0.07058363 0.07973794 0.0061398195 0.17393577 0.0036174827 0.023898305 0.03606956 0.00021274715 0.026258323 0.011227218 0.010700726 0.008007071 0.17826347 0.009080823 0.00027080352 0.0054582446 0.007825792 0.0005791094 0.011365829 0.0023352583 1.4288924e-05 0.17578584 0.0015679796 3.6291138e-05 2.162907e-05 0.0022039036 7.051304e-06 0.0015096386 4.1941066e-06 0.00072789396 0.014019396 0.0024020344 0.0005904835 0.00014258697 0.00019814295 6.323808e-05 0.004915206 1.963359e-06 2.026845e-05 0.00018393216 0.0017997671 0.008514854 6.315611e-05 4.3313976e-05 2.1249945e-05 0.0013148218 8.012811e-05 4.221816e-06 7.960021e-05 4.3285127e-06 0.0003558333 9.7337415e-06 1.0291738e-05 5.4244338e-05 0.0054845405 4.576938e-06 5.283689e-05 9.091185e-07 2.1738535e-06 2.3752327e-05 5.552064e-05 8.1656144e-05 0.002929623 8.915541e-05 8.807651e-06 0.00053196045 0.0010507534 1.4944861e-05 2.66086e-05 9.4186275e-05
0.46993816 0.6794354 0.69893295 3.5390696e-20 0.6611456 0.4310815 0.8073745 0.83733267 0.1741883 0.021381002 0.12415322 0.392745 0.15984532 0.005650056 0.16752106 0.33280846 0.054023575 0.0023671014 0.007317409 0.074001275 0.0021363026 0.0012445414 0.0058249487 0.011983811 0.046016295 0.0060664085 0.13860284 0.075191334 0.0015815318 0.33146036 0.20376717 0.051097386 0.21109912 0.006985247 0.30988172 0.00088581437 0.017323948 0.020045187 8.8739325e-05 0.12428273 0.03236583 0.008802358 0.0068438356 0.38368678 0.0038870207 0.0003593554 0.0025012817 0.007992968 0.00026676862 0.004567374 0.0005506221 3.622514e-06 0.3679028 0.0010212841 9.370453e-05 1.3888264e-05 0.0062889834 6.112372e-06 0.0015955718 7.830961e-06 0.0033085158 0.049781002 0.008494359 0.0017003112 5.254088e-05 0.0002622471 2.7621085e-05 0.039709065 1.7703383e-06 7.638855e-06 8.746368e-05 0.010608147 0.023334118 4.5869732e-05 1.3231727e-05 1.6813667e-05 0.005090922 4.2559128e-05 2.7455515e-06 8.48523e-05 2.2796678e-06 8.752217e-05 3.853152e-05 1.8131772e-05 0.00017371518 0.01703295 1.325156e-06 5.7507777e-06 4.3052282e-06 3.9939212e-07 1.0787677e-05 5.1514475e-05 3.137485e-05 0.0054765693 0.0002565594 1.080622e-05 0.0011262554 0.002603424 4.016536e-06 1.3258949e-05 0.00087517913
0.081265986 0.7278609 0.386848 0.6611456 1.619192e-20 0.46189472 0.5974728 0.37474993 0.39910322 0.20465378 0.30866504 0.50157547 0.041056924 0.08338813 0.06765648 0.09971404 0.2509663 0.03516083 0.12031747 0.034691583 0.024165832 0.016091721 0.041177634 0.016039742 0.17766836 0.05981717 0.11777428 0.025734087 0.004109682 0.28346232 0.08387248 0.017857222 0.10178061 0.053244952 0.2654208 0.001959285 0.0041024853 0.010131389 0.0023041328 0.04617752 0.009870732 0.0053315605 0.00012455898 0.19932464 0.0005934733 0.0005210944 0.00021258062 0.047684528 0.0027945903 0.0015524569 0.00011460398 8.0957056e-05 0.19456813 0.0004171006 0.000111271795 4.9983806e-05 0.0006753828 9.153248e-05 0.0068160486 2.0547539e-05 0.00082533644 0.0131242955 0.005756251 0.00552234 3.0234338e-05 0.0015293324 2.1776643e-05 0.021931713 4.9459723e-06 6.259859e-06 7.331878e-05 0.010166325 0.005144869 1.8019757e-05 9.822591e-06 1.4399859e-06 0.0026775617 3.3488806e-05 1.3824241e-05 3.2331423e-05 6.093343e-07 2.2313096e-05 3.1506884e-06 2.0374368e-06 5.1684197e-05 0.012570034 1.4004861e-06 1.2178524e-06 9.583253e-08 1.0689338e-06 0.00022943618 2.6541415e-05 4.6088717e-05 0.0027707068 0.00013553476 4.3526093e-06 0.002113368 0.0026397316 5.8462324e-06 6.224018e-06 0.0010192419
0.01279195 0.5570174 0.7482675 0.4310815 0.46189472 1.6954695e-19 0.32268307 0.1732929 0.52289873 0.22894281 0.1672846 0.15178084 0.16687185 0.14134087 0.5534789 0.15349063 0.06620791 0.17555481 0.03356269 0.15960233 0.09296469 0.050636828 0.03408796 0.10376078 0.030343398 0.012231865 0.02879627 0.054957934 0.022230327 0.08962215 0.023850895 0.031964984 0.024365868 0.0050899973 0.06827024 0.017263338 0.02343902 0.01216733 0.0005896214 0.0066158297 0.0023159697 0.0044244095 0.006235684 0.051891226 0.010817172 0.001066426 0.0028848473 0.004462486 0.0005248204 0.005730743 0.0033346205 6.529869e-05 0.028574197 0.0006607324 7.684929e-05 0.00012121123 0.00033629048 2.7178396e-05 0.00071083056 1.0505881e-05 7.257885e-05 0.0027031186 0.0011275574 0.00033116096 0.00013181583 7.3927804e-05 3.350855e-05 0.0011539664 5.6477875e-06 2.001345e-05 0.00016065247 0.00023009685 0.0017524395 3.7591446e-05 5.611433e-05 8.077339e-06 0.00041811814 4.349789e-05 3.6534548e-06 3.0823336e-05 7.5249022e-06 5.3162803e-05 1.2748302e-06 4.652421e-06 6.464929e-06 0.0017412289 9.460069e-06 6.7601526e-05 1.580786e-07 1.4877058e-05 8.260136e-05 9.703877e-06 4.056662e-05 0.0011934199 4.371489e-05 9.187745e-06 0.00022263285 0.0008482681 5.0170922e-05 2.5090929e-05 4.71846e-05
0.37865767 0.5147891 0.3496013 0.8073745 0.5974728 0.32268307 4.242746e-20 0.7832909 0.35578832 0.10513565 0.5189792 0.67799157 0.048233952 0.035091057 0.037632585 0.081283495 0.22132151 0.0055433824 0.07788615 0.019094327 0.0073822476 0.004029485 0.040633317 0.0065292628 0.1727312 0.060477246 0.30132654 0.018752022 0.002581231 0.33718124 0.13741736 0.011073098 0.19217113 0.046162598 0.27687314 0.0006427797 0.006083461 0.007312766 0.0015959934 0.14787868 0.040108223 0.005525458 0.00028114245 0.23963787 0.0010124546 0.00037428428 0.000278732 0.048010264 0.0014332556 0.0009846448 0.000110094654 6.359406e-05 0.30659285 0.0005106263 0.00038228475 8.6426895e-05 0.0032086433 0.0001297404 0.006039131 5.7211048e-05 0.0034356054 0.031360865 0.009729705 0.022531198 2.8752767e-05 0.0013566123 1.8380757e-05 0.14745863 7.0122815e-06 1.0187719e-05 2.8644003e-05 0.037261404 0.01284615 2.06961e-05 4.633664e-06 3.891252e-06 0.0063059703 4.2903397e-05 5.2455067e-05 2.7178368e-05 1.0288535e-06 1.8019018e-05 3.2909843e-06 4.1359444e-06 8.4149266e-05 0.029717147 5.483248e-07 1.6107265e-06 1.5914684e-07 4.5907362e-07 0.00037412051 1.3145608e-05 2.2352178e-05 0.003716783 0.00046089178 4.032175e-06 0.0030307493 0.0048355293 2.8430568e-06 2.7034469e-06 0.006897956
0.3440743 0.2986519 0.31534004 0.83733267 0.37474993 0.1732929 0.7832909 1.1047249e-18 0.10755243 0.012465065 0.17969054 0.33675015 0.09727071 0.004480616 0.032855093 0.16140322 0.033030234 0.0018928333 0.006709045 0.05085905 0.0029439137 0.0014141329 0.0084299 0.0015013331 0.03290828 0.009641963 0.37048197 0.06054375 0.0011222813 0.30829024 0.36126074 0.029267838 0.34128585 0.0077579664 0.25018615 6.079413e-05 0.027474951 0.02197223 0.0001231454 0.19934379 0.14813663 0.011425788 0.008448204 0.355358 0.009697875 0.00014696411 0.0013429708 0.0064010215 0.0002000943 0.002712512 0.00028406744 1.42668505e-05 0.49374238 0.0011407682 0.00015720165 4.6565197e-05 0.016143546 3.6500194e-05 0.00087186944 3.3607117e-05 0.0151241785 0.08170835 0.013225175 0.0068902476 9.9503406e-05 0.00015452804 4.5544897e-05 0.30876738 5.9424606e-06 2.7008376e-05 6.1655985e-05 0.031261247 0.02581229 0.00011265249 1.7283071e-05 1.6823353e-05 0.035919674 6.816864e-05 1.6454796e-05 0.00018034929 2.1897858e-06 0.00010955641 9.025333e-05 7.905073e-06 0.00025482493 0.038097586 2.694757e-06 3.5563498e-06 8.885549e-06 1.0061412e-06 5.6778714e-05 4.4629665e-05 3.6406153e-05 0.014427299 0.0019214184 7.05081e-05 0.0057048174 0.0065655187 4.6815826e-06 1.5723333e-05 0.009409359
0.03483427 0.4228243 0.20977208 0.1741883 0.39910322 0.52289873 0.35578832 0.10755243 7.056911e-20 0.7437582 0.43480572 0.4427775 0.01560468 0.6287847 0.13394175 0.052609414 0.331743 0.348201 0.53654706 0.021736968 0.3390113 0.35173783 0.31129637 0.0781863 0.22607017 0.21913765 0.047034215 0.014332666 0.105663836 0.14147627 0.022492154 0.008234967 0.02822021 0.11052556 0.114745066 0.012724198 0.0006640976 0.0026403663 0.011623413 0.01347903 0.0017244176 0.001378616 7.9598925e-05 0.030001624 0.00053839816 0.0074829203 0.00014239253 0.09596782 0.0045092274 0.0006165729 0.00035791824 0.00048449961 0.021555454 0.00036498278 0.002616695 0.0011149807 6.40646e-05 0.00019501804 0.008631043 7.7532735e-05 3.4296016e-05 0.0023306827 0.00071881985 0.0020587004 4.5834968e-05 0.0013250475 1.47497585e-05 0.0028854348 2.3938072e-05 2.336881e-05 0.00017227852 0.0031986649 0.0010445924 4.8951442e-05 1.1154171e-05 5.62923e-06 0.00020778259 2.4859604e-05 3.7981714e-05 2.2011729e-05 4.582153e-06 3.613776e-05 6.3175986e-07 2.1679596e-06 3.0968433e-06 0.0038975014 7.8059975e-06 1.0688084e-06 4.415295e-08 7.032513e-06 0.0006782719 4.5999022e-06 2.15361e-05 0.0006863247 6.7368373e-06 6.182447e-06 0.0003733857 0.0019235358 4.235712e-05 1.0762408e-05 0.0005093231
0.08553272 0.21024704 0.059308868 0.021381002 0.20465378 0.22894281 0.10513565 0.012465065 0.7437582 4.582103e-18 0.2936594 0.35725158 0.0041300305 0.68445015 0.06329369 0.011903816 0.36761975 0.21057403 0.57547605 0.008854495 0.27207845 0.32878932 0.4315073 0.08821284 0.25206116 0.22624443 0.049605124 0.0053296946 0.091568634 0.097455926 0.015798835 0.0031106444 0.023738189 0.14482196 0.10620131 0.0087424945 0.00021512914 0.0022662382 0.07170508 0.014164375 0.0012207025 0.0009650633 6.133168e-05 0.015608118 0.00056335196 0.030140402 7.2874245e-05 0.20384498 0.03352088 2.630929e-05 0.00027602536 0.0030924801 0.0195829 1.7879423e-05 0.0139753455 0.001931864 0.0007401118 0.00080417254 0.04223894 0.00048235815 7.249085e-05 0.0015364811 0.00091679906 0.021662287 0.00019130005 0.010592634 1.6496373e-05 0.0076770997 0.00014045525 6.552361e-06 0.00010506246 0.018280955 0.0008879864 1.097899e-05 9.3755483e-07 5.931457e-07 0.0012243629 7.0749434e-07 0.0011919327 7.4815216e-05 1.8285924e-07 2.634125e-05 2.75375e-05 8.3957923e-07 0.00014688494 0.0109137725 4.799097e-08 2.1059073e-07 2.5635982e-06 1.171458e-07 0.0039048737 1.6059665e-05 2.748745e-06 0.00401098 0.00022792137 4.61589e-06 0.00074861787 0.0057447567 9.951954e-07 1.735486e-06 0.003954982
0.25860772 0.2303231 0.082977965 0.12415322 0.30866504 0.1672846 0.5189792 0.17969054 0.43480572 0.2936594 5.297407e-22 0.8016141 0.007978772 0.24528734 0.0095450105 0.018329045 0.7033512 0.012767618 0.569474 0.0049449936 0.033981998 0.033755746 0.37753445 0.0028081913 0.549385 0.5156798 0.29138237 0.0050509907 0.0027288883 0.18972237 0.036760412 0.003526609 0.057962514 0.3523688 0.17582382 0.00017049746 0.0006893925 0.002943358 0.04085932 0.0872135 0.013374634 0.002662335 2.7585031e-06 0.049865864 0.0001292251 0.00057527283 6.4559856e-05 0.16894703 0.00852826 0.00026336414 4.4616387e-05 0.00093226996 0.05214987 7.701349e-05 0.0014841129 0.00074207876 6.685454e-05 0.0006360825 0.018925115 0.00021801279 0.0005112926 0.0170947 0.00965606 0.06873921 2.286158e-06 0.003530711 1.9229647e-05 0.18257637 3.370495e-05 4.129713e-06 5.989154e-06 0.09685245 0.0069878255 9.563652e-06 1.028933e-06 4.673963e-06 0.005409997 3.365579e-06 6.469107e-05 2.8760703e-06 4.6522806e-07 6.255894e-07 1.9159225e-07 2.2710033e-06 1.1562808e-05 0.074374914 5.2941647e-07 8.52845e-08 7.0981914e-09 7.8542547e-07 0.0006115576 3.4380487e-06 1.0695574e-05 0.0018145432 0.00018838757 2.4034648e-07 0.0044476413 0.01481927 1.8838307e-06 1.6463312e-06 0.013265123
0.9106382 0.46732745 0.21860382 0.392745 0.50157547 0.15178084 0.67799157 0.33675015 0.4427775 0.35725158 0.8016141 6.646903e-20 0.024308946 0.18665399 0.023124522 0.052929528 0.7379006 0.022800507 0.44007272 0.018982476 0.026868323 0.026355134 0.116678216 0.019100146 0.656154 0.27538922 0.32505992 0.014460866 0.0138810165 0.37663206 0.062715575 0.010180436 0.10059895 0.21813627 0.38988477 0.0010852505 0.0022941595 0.0031516624 0.017144397 0.1738856 0.03560187 0.0020716952 0.00032820142 0.18363605 0.00053321937 0.0129569275 0.00017514195 0.17864566 0.007482764 0.00061334553 0.00011787441 0.00078010006 0.24800143 8.20866e-05 0.012552245 0.0005297337 0.00042366248 0.00038540622 0.013455687 0.0007397851 0.002609798 0.03171115 0.01185363 0.033212014 3.4636047e-05 0.0042708204 6.905219e-06 0.39554024 0.00027142093 1.2085029e-06 7.142844e-06 0.13535824 0.018203026 5.1249453e-06 8.6194933e-07 7.2702704e-07 0.018527485 1.6217117e-06 0.00015920066 2.8689751e-06 1.743569e-07 3.1823147e-06 5.8335454e-06 2.7670508e-06 1.7879118e-05 0.20047517 1.5046805e-08 9.810509e-07 2.4158478e-06 3.7663586e-08 0.0008411188 9.745922e-07 1.2714003e-06 0.0030841688 0.003597412 2.0819753e-06 0.014442145 0.037417352 4.1111792e-07 3.7209215e-06 0.025655061
0.00493736 0.057942577 0.24846749 0.15984532 0.041056924 0.16687185 0.048233952 0.09727071 0.01560468 0.0041300305 0.007978772 0.024308946 1.8084412e-21 0.0018890119 0.4097875 0.7890584 0.004512682 0.0021002067 0.0021614062 0.64933825 0.0010437887 0.0002804398 0.0008236596 0.0016330647 0.003071128 0.0037353265 0.01980602 0.2855187 0.00020206197 0.017748706 0.026304975 0.18897818 0.03124091 0.0032747905 0.014134203 0.00025729765 0.3761438 0.056826185 1.372387e-05 0.01182432 0.03768898 0.040093787 0.10017462 0.010199727 0.125342 3.7631455e-06 0.060336344 0.001495107 0.00020141708 0.018882291 0.020783216 7.22629e-06 0.0054177875 0.0054366225 9.053043e-06 5.4534885e-06 0.030154632 4.695524e-06 0.00044548616 1.6799361e-06 0.0041990937 0.009399906 0.0034274505 0.00030252265 0.007990484 3.1489177e-05 0.00075363246 0.0019838726 1.1148614e-06 0.00017357359 0.0005246713 0.0002544757 0.0050798766 0.0002867405 4.6003566e-05 5.3521388e-05 0.0008245965 0.00014985028 2.8312877e-07 0.000108644024 2.6142952e-06 3.590091e-05 1.5227374e-05 1.5313983e-05 0.00021524694 0.0008240167 1.1432141e-05 2.6522337e-05 1.134396e-06 2.0707914e-06 2.3813474e-05 4.2701748e-05 5.8806472e-05 0.0058324724 1.1261623e-05 2.4761941e-06 0.00015209893 0.00012848803 1.274005e-06 3.6684532e-06 1.6254347e-05
0.030208299 0.07240973 0.021851815 0.005650056 0.08338813 0.14134087 0.035091057 0.004480616 0.6287847 0.68445015 0.24528734 0.18665399 0.0018890119 1.7137489e-18 0.0288989 0.0021876905 0.20887947 0.22660804 0.5334772 0.0026435938 0.3448268 0.43452257 0.56385624 0.070474654 0.15254863 0.21179827 0.03586664 0.0006974383 0.15163134 0.05224656 0.01314222 0.0004344431 0.018663706 0.12685548 0.056378517 0.007197257 7.8869816e-05 0.00047161028 0.1576089 0.00905045 0.0008345266 0.000437362 3.6508165e-05 0.006074114 0.00043882453 0.10643213 8.6289765e-05 0.16759047 0.03997683 2.1511169e-06 0.00015764993 0.0037812716 0.009154092 2.164435e-06 0.019018168 0.0044926843 0.0016232204 0.0011582737 0.040503573 0.00068334467 4.6987152e-05 0.0004243218 0.0002165108 0.026713386 4.1097093e-05 0.010946718 3.8114351e-06 0.0021413458 0.000121689 4.542966e-06 3.7071273e-05 0.010743618 9.467059e-05 3.9887236e-06 5.2925895e-07 2.6493464e-07 0.0004164128 1.2837687e-07 0.0006630664 1.9031151e-05 8.0518426e-08 9.346646e-06 9.398435e-06 4.7390603e-07 0.00014358228 0.0041733277 1.3368745e-08 1.5160799e-08 1.4547954e-06 9.6300695e-08 0.0036282607 1.3704957e-05 2.5075294e-06 0.0028687469 5.5482007e-05 2.5414827e-06 0.00021910186 0.003251144 2.791886e-07 2.811428e-07 0.001766457
0.0032103849 0.15326636 0.5681622 0.16752106 0.06765648 0.5534789 0.037632585 0.032855093 0.13394175 0.06329369 0.0095450105 0.023124522 0.4097875 0.0288989 5.0675695e-20 0.27164024 0.0083131315 0.092683606 0.0080843335 0.77625144 0.02398974 0.009638841 0.0047056377 0.15851398 0.002849404 0.0022006838 0.0056090895 0.14338712 0.011059715 0.017396701 0.014485975 0.095368266 0.01339385 0.000816618 0.011576165 0.1032452 0.35299388 0.041806616 0.00012922054 0.0013604927 0.004025442 0.014208826 0.4469275 0.01098953 0.3829503 0.00053794397 0.329876 0.0013945787 0.00012252721 0.06660643 0.4089119 3.74021e-05 0.0035595773 0.004655652 3.601198e-05 7.382754e-05 0.0019654816 1.757985e-05 0.00011278589 6.327219e-06 9.9900666e-05 0.0032872614 0.00020578806 6.117805e-05 0.06721883 9.891363e-06 0.0005749715 9.406509e-05 3.5243897e-06 0.00045476397 0.00031750274 8.767911e-06 0.002625291 6.931617e-06 0.00018831319 0.0015009465 0.0003820477 5.714082e-05 3.5521468e-06 7.227624e-05 4.665103e-05 0.0003788321 5.0247436e-05 6.9660346e-05 7.05122e-05 0.0007733855 6.2400177e-06 0.015316371 2.3139096e-06 1.5776302e-06 3.9103572e-05 1.7685808e-05 7.75851e-05 0.004730903 4.5365523e-05 1.1223711e-05 0.00013533869 0.00058678386 3.1725318e-05 0.00022879966 9.998115e-06
0.52859795 0.15415911 0.30479866 0.33280846 0.09971404 0.15349063 0.081283495 0.16140322 0.052609414 0.011903816 0.018329045 0.052929528 0.7890584 0.0021876905 0.27164024 1.4698114e-18 0.008134382 0.011644621 0.00251139 0.57320195 0.0056484262 0.0011460197 0.0020797204 0.025216633 0.00788637 0.0030297956 0.05598824 0.8706017 0.0016460778 0.08959367 0.095033675 0.8001149 0.11140352 0.0022145424 0.082861535 0.0027432772 0.35308555 0.17688812 4.5358465e-05 0.103001945 0.34509468 0.07159496 0.19455746 0.15024063 0.13120458 0.0001325577 0.031379 0.0046612835 0.000118165466 0.059892032 0.040773936 1.4792956e-06 0.021993874 0.00606758 2.97114e-05 1.6792577e-05 0.0256829 4.7074686e-06 0.0011113654 5.373612e-06 0.02536852 0.120710224 0.03478766 0.002399241 0.02012762 6.853649e-05 0.00016711731 0.10827217 6.356113e-07 0.00019377426 0.00011999037 0.020495784 0.076128125 7.5596115e-05 7.967735e-06 3.7089696e-05 0.030849623 4.057103e-05 1.4498675e-06 3.004191e-05 3.3994382e-07 1.8752653e-05 7.5543074e-05 2.686688e-05 0.0005978187 0.018490445 5.183393e-06 0.000337865 3.7508523e-06 1.628875e-07 1.4901141e-05 6.892564e-05 0.00027537174 0.031362094 0.0045084944 2.7793963e-06 0.006526349 0.004818568 2.9906698e-07 5.0708368e-05 0.002084294
0.91743815 0.23053168 0.058230635 0.054023575 0.2509663 0.06620791 0.22132151 0.033030234 0.331743 0.36761975 0.7033512 0.7379006 0.004512682 0.20887947 0.0083131315 0.008134382 9.11406e-18 0.016238708 0.5801452 0.004296047 0.02905708 0.032888543 0.16491383 0.008901736 0.831377 0.52759707 0.10305572 0.002653905 0.012285842 0.11108781 0.0090786535 0.0015539485 0.016452076 0.46254063 0.14962614 0.0005816076 0.0007805243 0.00072588125 0.05886085 0.047902845 0.0069907783 0.00078864326 0.00011853467 0.03188852 0.0004716546 0.0125883045 7.461905e-05 0.24036174 0.024544481 2.9621853e-05 4.9249164e-05 0.004099839 0.045926265 5.608365e-06 0.011838984 0.0011787296 0.00015263629 0.0008790605 0.02326144 0.0010552403 0.00069447054 0.0052841404 0.0030823867 0.07065566 1.0350166e-05 0.007799052 2.0877553e-06 0.24140961 0.0005702843 4.16382e-07 1.306195e-06 0.15812871 0.003771611 1.2241018e-06 5.08314e-07 3.7870487e-07 0.010595044 1.7297297e-07 0.000492028 1.5489022e-06 6.554698e-08 6.9413574e-07 3.3185395e-06 1.7725918e-06 9.121446e-06 0.16642329 3.6644932e-09 1.433861e-07 8.15654e-07 1.2434781e-08 0.0012180681 5.544519e-07 2.6489093e-07 0.0010145719 0.0020659962 2.3332057e-06 0.011177588 0.04111171 7.904846e-08 1.7969373e-07 0.025927829
0.00056280877 0.058387823 0.021010937 0.0023671014 0.03516083 0.17555481 0.0055433824 0.0018928333 0.348201 0.21057403 0.012767618 0.022800507 0.0021002067 0.22660804 0.092683606 0.011644621 0.016238708 3.4190144e-20 0.045350697 0.009172329 0.5889512 0.43926296 0.051363736 0.25440338 0.00870404 0.008644162 0.0026581923 0.008683715 0.55272436 0.008360285 0.0012410993 0.0033203738 0.0015000291 0.0051308163 0.0054787975 0.08675855 0.00027050718 0.00073009223 0.002524318 0.0002719316 0.00017036726 0.00013747704 0.00012600332 0.0007844745 0.0023723773 0.07622014 4.673546e-05 0.0046025007 0.0007258753 3.5005745e-05 0.00016016189 3.6854657e-05 0.00069953495 1.1633697e-05 0.002884466 0.00026683198 1.7586608e-05 1.5315223e-05 0.0005411137 7.141645e-06 1.6148394e-06 1.235342e-05 1.3125466e-05 0.00012514635 0.00010026364 0.0001670746 7.470538e-06 9.4103765e-05 4.6667915e-06 2.871257e-05 0.0007549393 7.8895995e-05 1.0222348e-05 8.718103e-05 5.293047e-06 3.5108212e-07 9.794351e-06 8.546411e-06 3.983098e-06 0.00023180178 1.9984954e-07 5.5402903e-05 4.0997093e-06 3.327639e-07 2.4870493e-05 0.00050118484 7.093515e-07 2.6028056e-07 8.072249e-08 5.006949e-07 6.2149907e-06 5.144361e-06 5.837502e-06 0.00035318593 2.7356614e-06 3.750239e-07 2.491928e-05 0.000120615536 1.7292541e-06 1.591627e-06 5.9000017e-06
0.70420676 0.07357535 0.013677292 0.007317409 0.12031747 0.03356269 0.07788615 0.006709045 0.53654706 0.57547605 0.569474 0.44007272 0.0021614062 0.5334772 0.0080843335 0.00251139 0.5801452 0.045350697 7.572355e-18 0.0012552041 0.10409587 0.14607994 0.66387534 0.043822106 0.5753552 0.77867484 0.04345494 0.00066867075 0.030861862 0.06668035 0.0069970083 0.00082379545 0.012420757 0.58227015 0.0988667 0.0037573706 0.00022264074 0.0005761815 0.5146262 0.023837097 0.0029898928 0.00044739168 9.798252e-05 0.018775273 0.00045398026 0.052691758 0.00017871217 0.48305815 0.18184079 3.5891324e-05 0.0003643349 0.04080706 0.022043666 1.0816943e-05 0.050895143 0.013667303 0.00037416173 0.007850871 0.12597375 0.009885348 0.00038881236 0.003117906 0.0023140642 0.16187243 8.2322884e-05 0.04374972 1.0014385e-05 0.039337702 0.0040783053 2.7307115e-06 6.2017925e-06 0.11105321 0.0025167402 9.477636e-07 1.1006473e-06 1.2485808e-06 0.004624213 3.4479436e-07 0.0044330275 3.4915274e-06 3.4292674e-07 1.8067656e-06 3.261508e-06 5.0473236e-06 1.492371e-05 0.109574996 7.805465e-09 1.2009184e-07 1.4699802e-06 1.7753493e-08 0.012167161 2.1574756e-06 8.5963427e-07 0.001696339 0.00084999506 2.473334e-06 0.003298233 0.041759305 3.7343963e-07 3.480332e-07 0.022024116
0.025399162 0.05467981 0.26941636 0.074001275 0.034691583 0.15960233 0.019094327 0.05085905 0.021736968 0.008854495 0.0049449936 0.018982476 0.64933825 0.0026435938 0.77625144 0.57320195 0.004296047 0.009172329 0.0012552041 3.1306747e-19 0.0037322287 0.0012838648 0.00077775784 0.026179599 0.0024933175 0.0012996343 0.012400055 0.38825053 0.00091904314 0.019944338 0.02409059 0.341174 0.03133165 0.0007987939 0.01552508 0.0041856878 0.55665755 0.09085195 1.2311093e-05 0.0074301246 0.042442217 0.054540474 0.39279246 0.01308131 0.3949975 6.663202e-05 0.1931992 0.0011403321 4.3375607e-05 0.14567602 0.2706591 2.7324568e-06 0.0032002162 0.012251186 5.62806e-06 1.0163595e-05 0.03195321 3.6105357e-06 0.0001077594 1.2434795e-06 0.009014736 0.021246534 0.0038443946 0.0002463482 0.050816182 1.1540025e-05 0.0019181147 0.0013105259 6.683293e-07 0.0006721196 0.001570103 0.00011103785 0.015472246 0.0002871157 8.679512e-05 0.0007036844 0.0022948948 0.00010840103 4.6125382e-07 8.549864e-05 3.609021e-06 5.730382e-05 3.3642424e-05 4.6419813e-05 0.00082471047 0.0018372107 4.0916577e-05 0.0033355814 1.7685832e-06 2.5652832e-06 6.7150936e-06 0.00019538775 0.0004750416 0.011077036 0.000108956454 9.459465e-06 0.00020301346 0.0004392003 1.1537187e-05 0.00018380152 3.3325334e-05
0.0009004871 0.034606807 0.010117544 0.0021363026 0.024165832 0.09296469 0.0073822476 0.0029439137 0.3390113 0.27207845 0.033981998 0.026868323 0.0010437887 0.3448268 0.02398974 0.0056484262 0.02905708 0.5889512 0.10409587 0.0037322287 3.3839933e-20 0.6609922 0.17033678 0.07429478 0.01350868 0.027835885 0.003169104 0.0031817185 0.44426802 0.0062369923 0.0013573552 0.00095586054 0.0020274231 0.011836839 0.004285598 0.033682957 0.00015225669 0.00059195084 0.012198513 0.00070260646 0.00013375097 0.00016880044 2.8991904e-05 0.0003428047 0.0027519204 0.16568933 1.5185362e-05 0.01011478 0.0018674318 2.0865404e-05 0.00012430776 0.00020707205 0.00054948253 3.7946265e-05 0.0047482806 0.0012873941 7.4452786e-05 0.00015290962 0.0016539622 5.9338843e-05 2.2572426e-06 1.1997497e-05 2.9321427e-05 0.0006560527 0.00015557361 0.00043748692 2.157779e-05 0.0001332519 4.768151e-05 0.00010577183 0.00032801274 0.00035025115 1.2931712e-05 6.1474035e-05 1.0563952e-05 6.0840233e-07 9.322468e-06 1.38809155e-05 4.390139e-05 4.9158036e-05 8.1689245e-07 3.8799706e-05 2.1566982e-06 4.0316385e-07 1.9851019e-05 0.00067207887 1.6065445e-06 1.0149036e-07 1.6532405e-07 1.4685033e-06 9.635568e-05 9.135453e-06 1.05506215e-05 0.00030713694 1.1280247e-06 2.0796795e-06 1.7172153e-05 0.0002697642 4.3771142e-06 2.011161e-06 1.9203493e-05
0.0015930288 0.02117897 0.0054536634 0.0012445414 0.016091721 0.050636828 0.004029485 0.0014141329 0.35173783 0.32878932 0.033755746 0.026355134 0.0002804398 0.43452257 0.009638841 0.0011460197 0.032888543 0.43926296 0.14607994 0.0012838648 0.6609922 3.7932916e-20 0.370464 0.052015312 0.019413099 0.03834428 0.003451558 0.00074713724 0.50708956 0.005739272 0.0019431703 0.0002800958 0.002401417 0.018134594 0.0050405036 0.018765403 8.362861e-05 0.00027468533 0.03404177 0.0005682831 0.000102197875 0.00011684751 6.9312805e-06 0.00034228398 0.00090977724 0.36294237 1.4685055e-05 0.019200375 0.005881845 6.823521e-06 5.3544412e-05 0.00053314795 0.0005909716 6.196135e-06 0.012313043 0.0053120563 8.2898085e-05 0.00042092073 0.0047429833 0.00015964797 2.6116588e-06 1.1595682e-05 1.2541689e-05 0.0015143864 9.473788e-05 0.0015471531 1.4274473e-05 0.0001758603 0.00017068585 2.2790777e-05 0.00012053217 0.00072520826 3.3001015e-06 1.8025328e-05 2.2257916e-06 2.2954723e-07 2.087607e-05 1.1239194e-06 0.0001230854 4.293635e-05 1.338526e-07 1.6790416e-05 1.7784338e-06 5.315727e-07 2.1381285e-05 0.0007392561 1.9518502e-07 2.9928994e-08 7.778479e-08 4.041567e-07 0.00049855746 5.889596e-06 4.247655e-06 0.00034999434 1.2734668e-06 5.3969717e-07 1.4369508e-05 0.00051482505 1.0165498e-06 1.8489547e-07 6.645135e-05
0.015233405 0.02835616 0.006842674 0.0058249487 0.041177634 0.03408796 0.040633317 0.0084299 0.31129637 0.4315073 0.37753445 0.116678216 0.0008236596 0.56385624 0.0047056377 0.0020797204 0.16491383 0.051363736 0.66387534 0.00077775784 0.17033678 0.370464 4.7187213e-20 0.005483105 0.123955995 0.47516817 0.0188795 0.0010508477 0.040354986 0.025114581 0.0070514893 0.0008533938 0.010110816 0.2614052 0.030088605 0.00096051453 4.9147253e-05 0.00063974544 0.55933255 0.009107014 0.0015530973 0.00046041224 1.1894933e-06 0.0030321064 0.00016796573 0.07848625 2.8345843e-05 0.16914509 0.1148709 9.350503e-05 9.3918e-05 0.03799673 0.0038594948 0.000107408705 0.027685221 0.036091764 1.47577375e-05 0.027980985 0.04993005 0.011792709 2.3293293e-05 0.0004441518 0.0005714335 0.04713156 2.084116e-05 0.029881002 7.198815e-05 0.0029850267 0.0047091795 2.745668e-05 4.168524e-05 0.017809771 0.00024718154 1.0970847e-05 6.952074e-06 2.903922e-05 0.00017289523 4.3500277e-06 0.0018154717 5.245314e-06 3.9170845e-06 2.9433395e-06 2.7375285e-07 5.8685378e-06 1.2391207e-06 0.00455524 3.943062e-06 1.9928455e-08 1.3910287e-08 5.7566767e-06 0.005271861 2.8492668e-06 1.4619951e-05 0.0003889314 2.7242554e-06 4.134355e-06 0.00038539624 0.0069786916 9.996314e-06 2.1546382e-06 0.003862168
2.6300584e-05 0.044056714 0.02219402 0.011983811 0.016039742 0.10376078 0.0065292628 0.0015013331 0.0781863 0.08821284 0.0028081913 0.019100146 0.0016330647 0.070474654 0.15851398 0.025216633 0.008901736 0.25440338 0.043822106 0.026179599 0.07429478 0.052015312 0.005483105 7.287496e-23 0.0017208642 0.0046458016 0.0016975777 0.011582697 0.11215068 0.002905206 0.00050136005 0.0049147303 0.0006895522 0.0012241779 0.0010723743 0.41728872 0.00016851319 0.0004979248 0.0005940521 0.00018472355 3.7366804e-05 3.9178412e-05 6.964659e-05 0.0004963022 0.0022125347 0.023038596 4.7202153e-05 0.00020835309 6.2196304e-05 4.8216705e-05 0.00027550833 9.479423e-06 8.152659e-05 2.628308e-05 0.00025407632 5.1068128e-05 7.100629e-07 1.37756915e-05 2.941388e-05 8.2163e-06 2.3021885e-06 1.2010949e-05 0.000113063965 2.396907e-05 0.00035175614 2.716409e-05 5.7399725e-06 2.7391752e-06 2.1322528e-06 3.0039906e-05 0.00037933188 7.597581e-06 4.5993233e-06 4.3752007e-05 2.749424e-06 4.1767676e-06 2.2979495e-05 5.513417e-06 2.1632154e-06 0.0003488876 5.286809e-07 0.0001792642 8.8551815e-07 1.2827608e-06 1.4559052e-05 0.00038255303 3.4235775e-06 5.495016e-05 7.212809e-08 1.4124734e-06 7.3849367e-07 8.029038e-06 7.583162e-06 0.00026900123 8.583061e-06 6.5037733e-07 2.5380128e-05 0.00013498074 5.9110403e-06 8.650008e-06 4.7209155e-06
0.9475611 0.1657401 0.04243809 0.046016295 0.17766836 0.030343398 0.1727312 0.03290828 0.22607017 0.25206116 0.549385 0.656154 0.003071128 0.15254863 0.002849404 0.00788637 0.831377 0.00870404 0.5753552 0.0024933175 0.01350868 0.019413099 0.123955995 0.0017208642 2.6484818e-17 0.5704833 0.09998838 0.0024244026 0.00583733 0.12564078 0.007957006 0.0016062919 0.013821132 0.6010015 0.1672952 0.00010182538 0.00071195303 0.00070747646 0.06415732 0.041938514 0.008126923 0.0005455565 3.3706267e-05 0.033785656 0.00023782985 0.010652231 5.5753575e-05 0.39419276 0.03213179 1.2213016e-05 1.9735795e-05 0.008761676 0.050794996 4.0681507e-06 0.009321398 0.00077357795 8.736514e-05 0.0009744074 0.03525766 0.0012657886 0.000344702 0.0039859503 0.0026147692 0.10986599 2.7859035e-06 0.008178934 1.0488286e-06 0.29039207 0.0008615586 4.898324e-07 6.92527e-07 0.21981762 0.0027433166 3.734731e-07 2.392965e-07 9.299096e-08 0.0150497565 1.2553654e-07 0.000648909 7.149301e-07 9.109761e-08 5.178553e-07 2.3354253e-06 3.217339e-07 3.0645904e-06 0.22444923 4.046704e-09 3.7255692e-08 1.0834841e-06 7.2813373e-09 0.0019626783 1.7494986e-07 1.815442e-07 0.00067874393 0.0025730787 5.5820766e-07 0.019065615 0.047978364 2.9931048e-08 3.5253002e-08 0.046436414
0.56702673 0.036033574 0.007411717 0.0060664085 0.05981717 0.012231865 0.060477246 0.009641963 0.21913765 0.22624443 0.5156798 0.27538922 0.0037353265 0.21179827 0.0022006838 0.0030297956 0.52759707 0.008644162 0.77867484 0.0012996343 0.027835885 0.03834428 0.47516817 0.0046458016 0.5704833 1.761108e-18 0.054813758 0.0016761146 0.0056892247 0.046220545 0.008474074 0.0008369288 0.017957227 0.8373345 0.06691111 0.00051077583 0.00018011466 0.0010084208 0.41804683 0.032700963 0.0065864087 0.001055017 4.190642e-05 0.009466874 0.00065640005 0.012017848 0.00015195814 0.4482492 0.18188903 5.0594612e-05 0.0001205009 0.038186707 0.011559054 2.3980367e-05 0.016752062 0.009709878 0.0002576203 0.013021963 0.120189056 0.008715881 0.00040157852 0.0039150086 0.003035186 0.39512742 1.0407019e-05 0.064056076 5.0261337e-05 0.100691184 0.0023824736 2.2755125e-06 6.2763343e-06 0.17703493 0.002229809 6.2794657e-06 2.7095073e-06 2.6760872e-06 0.0036010898 9.452047e-07 0.0051094294 5.439936e-06 4.753051e-07 1.4165123e-06 1.1035661e-06 8.189889e-06 2.230697e-05 0.11155603 3.8315488e-08 4.9143477e-08 1.004895e-07 1.3052056e-07 0.0065203616 3.8321336e-06 2.5214354e-06 0.001907426 0.0012410148 3.1937675e-06 0.0074259774 0.037487324 4.2368953e-07 2.6546806e-07 0.035520636
0.72019434 0.09336751 0.05493583 0.13860284 0.11777428 0.02879627 0.30132654 0.37048197 0.047034215 0.049605124 0.29138237 0.32505992 0.01980602 0.03586664 0.0056090895 0.05598824 0.10305572 0.0026581923 0.04345494 0.012400055 0.003169104 0.003451558 0.0188795 0.0016975777 0.09998838 0.054813758 1.4337555e-17 0.013003163 0.0008326993 0.81082785 0.12586164 0.00775706 0.18507454 0.034845263 0.7498571 0.00012237015 0.0059806416 0.006042521 0.0026371966 0.3256589 0.06273066 0.005977386 0.00017463409 0.36027777 0.0034081917 0.0003902104 0.00025534723 0.020499334 0.002089603 0.00041701368 0.00034730748 0.0003199319 0.46416456 0.00011196061 0.00088252925 0.0001778332 0.0024663692 0.00021773188 0.0023765652 0.00011416393 0.015711239 0.03926977 0.020365283 0.037573785 1.4461881e-05 0.00060666166 4.997261e-05 0.5487549 2.0621665e-05 2.9703691e-05 9.6578e-06 0.24044323 0.012217444 2.028065e-05 2.4939668e-06 3.2369375e-05 0.08095934 4.732604e-06 9.9356716e-05 2.0733258e-05 5.541598e-06 2.426246e-05 1.1439023e-05 2.5588559e-05 0.00020254566 0.22021441 2.0187119e-07 9.367656e-07 1.106118e-06 5.465982e-07 6.8146415e-05 5.0087307e-05 1.7276363e-05 0.012416718 0.018406224 1.3261124e-05 0.041946832 0.03151738 1.2729458e-06 1.0533736e-06 0.040982347
0.73258406 0.04291443 0.0958653 0.075191334 0.025734087 0.054957934 0.018752022 0.06054375 0.014332666 0.0053296946 0.0050509907 0.014460866 0.2855187 0.0006974383 0.14338712 0.8706017 0.002653905 0.008683715 0.00066867075 0.38825053 0.0031817185 0.00074713724 0.0010508477 0.011582697 0.0024244026 0.0016761146 0.013003163 1.2748826e-17 0.0012817783 0.01661485 0.034084886 0.9281251 0.044239398 0.00086781674 0.01675732 0.0011472679 0.4861065 0.32911274 2.1766904e-05 0.027861048 0.19903497 0.20441158 0.19616733 0.03356138 0.17212473 0.0001832668 0.03678443 0.0015817175 7.317181e-05 0.1578816 0.06002192 9.599183e-07 0.0042593786 0.01810348 3.880256e-05 2.0482837e-05 0.08723669 8.6075615e-06 0.0002814641 2.9858381e-06 0.10886626 0.10617104 0.03578568 0.0005980174 0.030423464 4.3807075e-05 0.0016007529 0.02538075 4.5616014e-07 0.0008624662 0.00076323346 0.0029172276 0.08951168 0.0008078969 7.5694516e-05 0.00021754402 0.02001923 0.00015453923 9.615565e-07 0.00021061978 1.5311141e-06 0.0001650587 0.0003467197 5.5542834e-05 0.001745549 0.007847122 0.00012806915 0.00038127133 2.0373136e-05 4.2641377e-06 2.6398648e-06 0.00062174216 0.0008131721 0.041711222 0.002192948 4.162077e-05 0.0036459838 0.0021688964 2.0403595e-06 0.00020896638 0.0005980941
0.00013745148 0.0070353383 0.0032807377 0.0015815318 0.004109682 0.022230327 0.002581231 0.0011222813 0.105663836 0.091568634 0.0027288883 0.0138810165 0.00020206197 0.15163134 0.011059715 0.0016460778 0.012285842 0.55272436 0.030861862 0.00091904314 0.44426802 0.50708956 0.040354986 0.11215068 0.00583733 0.0056892247 0.0008326993 0.0012817783 6.29302e-19 0.002102453 0.0006055518 0.0005811005 0.0008813236 0.0033963309 0.001656683 0.12643376 4.746578e-05 0.00019923592 0.0033557846 0.00027582404 3.8940685e-05 7.503044e-05 4.077193e-06 0.0002317642 0.0012450477 0.3689746 1.0814767e-05 0.002694792 0.00084979273 2.718171e-05 4.4505723e-05 9.060217e-05 0.000106205654 4.3375854e-05 0.002901933 0.0015498 7.3950678e-06 0.00020670307 0.00053974224 6.791557e-05 2.68356e-06 1.7384406e-05 2.875131e-05 9.0652116e-05 9.012251e-05 0.000122016834 3.4972447e-05 2.069521e-05 6.0826547e-05 8.0620135e-05 0.0004777141 1.8336565e-05 7.967058e-06 0.00018196116 5.383342e-06 3.9921106e-06 1.0096068e-05 1.3554477e-05 1.3410879e-05 6.2063635e-05 5.926334e-07 3.3481145e-05 3.285683e-07 8.276071e-07 2.7081924e-06 0.00038023625 2.1133364e-06 2.047973e-07 2.4822942e-08 1.2080616e-06 8.336139e-05 1.6341395e-06 7.3449824e-06 0.000116241885 1.8918512e-06 2.9755918e-07 1.1596324e-05 0.0002249339 3.844462e-06 5.5862547e-06 8.431977e-06
0.8390209 0.29981628 0.1990433 0.33146036 0.28346232 0.08962215 0.33718124 0.30829024 0.14147627 0.097455926 0.18972237 0.37663206 0.017748706 0.05224656 0.017396701 0.08959367 0.11108781 0.008360285 0.06668035 0.019944338 0.0062369923 0.005739272 0.025114581 0.002905206 0.12564078 0.046220545 0.81082785 0.01661485 0.002102453 5.7094216e-17 0.12755898 0.011453929 0.18455417 0.02388924 0.7637265 8.326652e-05 0.005262769 0.0025228248 0.0041053537 0.26688316 0.056956064 0.002617008 0.00011956304 0.5332041 0.002111295 0.0018942545 4.172267e-05 0.03163437 0.0020781234 0.0001596842 2.703523e-05 0.00012562513 0.5503654 2.337523e-05 0.0010602714 7.792227e-05 0.00095000665 0.00014839601 0.0024270737 0.000105615094 0.011300844 0.025251782 0.01066631 0.015723523 9.811198e-06 0.0007120515 1.252824e-05 0.3522571 2.2837185e-05 1.7143021e-06 3.4467253e-06 0.09766694 0.011457749 2.6832506e-06 4.1223566e-07 4.704064e-07 0.04424444 3.5108616e-07 4.2068914e-05 2.1762037e-06 6.1324954e-07 3.5056844e-06 3.1961931e-06 2.5694796e-06 4.2964853e-05 0.1827059 2.361017e-08 5.916136e-07 1.5444684e-06 2.6782521e-08 6.247017e-05 6.949131e-06 2.4862084e-06 0.0029979604 0.012852224 2.0571097e-06 0.035474773 0.029261544 1.6179848e-07 3.0341093e-07 0.025225794
0.54710245 0.09649148 0.09879933 0.20376717 0.08387248 0.023850895 0.13741736 0.36126074 0.022492154 0.015798835 0.036760412 0.062715575 0.026304975 0.01314222 0.014485975 0.095033675 0.0090786535 0.0012410993 0.0069970083 0.02409059 0.0013573552 0.0019431703 0.0070514893 0.00050136005 0.007957006 0.008474074 0.12586164 0.034084886 0.0006055518 0.12755898 1.5385806e-19 0.019721298 0.83279324 0.0028387017 0.16989973 3.6100693e-05 0.024560666 0.01116004 0.00035913888 0.3446023 0.27169585 0.011706462 0.0018013908 0.6513092 0.007838586 0.00042197297 0.00038455424 0.0014631501 0.00016774675 0.0018270925 0.0001387289 9.91453e-06 0.4096463 0.0012215778 0.00019533055 1.8834491e-05 0.032491993 1.16871415e-05 0.00037241325 1.1492252e-05 0.063793726 0.0441919 0.023102142 0.0070049632 0.00010990949 7.4892385e-05 3.4525176e-05 0.35997558 5.2311566e-06 3.3157346e-05 4.2153133e-05 0.07318529 0.03220408 7.248581e-05 3.7088687e-06 1.6752669e-05 0.16922809 8.686214e-06 2.805358e-06 1.3836758e-05 1.4517617e-06 4.4521432e-05 6.9081405e-05 1.6945505e-05 0.00071261975 0.08934885 6.605638e-07 2.3545774e-06 1.4911504e-05 2.7137625e-07 7.7847903e-07 0.000112070855 2.7818056e-05 0.01744613 0.022361804 1.8514038e-05 0.038330827 0.015406951 5.8486717e-07 1.2886113e-05 0.017426452
