2.7505338e-30 0.0009589518 0.00011156752 0.0031829432 0.0059144073 0.011767129 0.010365542 0.0029561534 0.02994097 0.08255299 0.00018988177 0.0006012111 0.004649784 0.41836908 6.2631116e-05 0.0045953537 0.543616 0.08401146 0.04540008 0.3146511 0.00013198965 0.0074930973 0.91491187 0.0020097394 0.36977243 0.14910944 0.32275122 0.06427024 0.6468828 0.0073792143 0.0029137882 0.91522104 0.7055276 0.0009593222 0.31716734 0.002738443 0.9309628 0.81655985 0.73261315 0.94834197 0.88497716 0.00045099732 0.00011517966 0.6439126 0.45437935 0.11656377 0.83022994 0.006625149 0.8150017 0.9599406 0.7633973 0.6652584 0.9737823 0.46611196 0.24690928 0.2606443 0.0017620076 0.08951343 0.06390654 0.03969884 0.433894 0.9486647 0.54701436 0.78273493 0.9899744 0.8946136 0.5576449 0.23975603 0.21602301 0.092884935 9.480123e-05 0.7038919 0.005035348 0.9725024 0.8627865 0.97824067 0.98346984 0.01628219 3.2898155e-05 0.97760713 0.00014830673 0.95748633 0.8183815 0.9881433 0.9982998 0.08673518 0.9618348 1.0435931e-05 0.74644667 0.97339123 0.78960776 5.7343397e-05 0.0044465996 0.019819492 0.992291 0.9997792 0.9646606 0.9995041 0.1304281 0.6572624 0.99540687
0.0009589518 4.3810438e-23 0.4020772 0.4279587 0.4364709 0.3923192 0.13797657 0.2700521 0.24186032 0.17243223 0.17575826 0.042040274 0.0381394 0.112408035 0.10300958 0.029223105 0.14194147 0.08909282 0.05953867 0.055331323 0.003350026 0.08060528 0.072712705 0.0074143154 0.0449934 0.0306875 0.0075567146 0.0069246176 0.03048754 0.0030018443 0.0010665872 0.013377356 0.018817889 0.0002626345 0.0013159206 0.00046763927 0.0035243446 0.0035241076 0.0029186525 0.0028994973 0.01930787 5.0309824e-05 1.6418508e-05 0.00048339058 0.004586407 0.0020900983 0.0012671044 9.6876276e-05 0.0055711986 0.0035717576 0.0015998647 0.00013142756 0.0003062078 0.0007859605 0.0007293981 5.2889878e-05 1.05051295e-05 0.0001057082 5.550775e-06 2.8387205e-05 0.00050807605 0.0016199064 0.0013179785 0.00055571285 0.00066861237 0.00030169374 2.0472993e-05 5.603123e-05 0.00015322755 4.8625934e-05 9.486924e-07 5.5857963e-06 2.5074254e-05 0.0012366034 0.00037978456 0.000871763 0.001200377 2.0523938e-05 2.4314427e-06 3.8363225e-05 8.099007e-06 0.000111205925 3.3634321e-06 0.00037067258 0.00074901746 0.0001404764 0.0010325131 9.675964e-09 0.00012132491 0.00020385758 0.00013335868 2.8845031e-06 4.6066783e-05 7.6087117e-06 0.000115094226 0.0017698455 0.000598488 0.0013717681 1.9314466e-05 1.779354e-05 0.0015311945
0.00011156752 0.4020772 2.7693457e-24 0.3205643 0.25824815 0.2047048 0.052195195 0.15831712 0.03086494 0.06740339 0.3761742 0.051417556 0.008336008 0.047783043 0.44036427 0.0026648294 0.036747783 0.022614777 0.00931086 0.0021295757 0.00039624664 0.07567908 0.015226649 0.00788217 0.030170554 0.001597823 1.3228574e-05 4.7356087e-05 0.011258732 0.00396457 0.00069299614 0.000452227 0.005335243 0.0004913528 5.0912395e-06 2.7777903e-06 7.908907e-05 5.7158853e-05 4.623686e-05 2.9645e-05 0.007055818 4.153813e-07 4.897535e-07 6.702368e-06 0.0024895824 0.0009898668 8.294062e-05 5.449826e-05 0.00010338324 0.00044765815 0.00011352121 2.1185165e-06 2.9231733e-06 0.00025200483 1.532041e-05 7.7860756e-07 4.7930433e-07 1.4700427e-05 1.3482911e-07 2.3776916e-07 1.0410463e-05 6.343185e-05 0.00019483121 7.39161e-05 8.248449e-06 8.182964e-06 1.2087197e-06 1.0360037e-06 3.734676e-06 1.4318088e-05 1.8282505e-07 4.3709946e-08 9.0355724e-07 2.9417948e-05 7.444271e-05 0.00011319354 6.079227e-05 5.0736307e-06 1.5188098e-07 2.6930254e-06 1.4885295e-06 8.244164e-06 4.177217e-08 9.935065e-05 5.5974993e-05 1.4865472e-05 0.00013435246 3.693539e-08 2.3051269e-05 4.2300886e-05 0.000115664756 5.963453e-07 2.3791536e-06 5.431168e-07 3.494081e-05 0.00029401385 0.0004810301 0.00021325274 3.3944605e-06 3.0195002e-07 0.00039802844
0.0031829432 0.4279587 0.3205643 5.54038e-22 0.51125836 0.4635267 0.67300075 0.11140578 0.24915682 0.15069278 0.5526641 0.003669892 0.35838327 0.07369225 0.0033797377 0.2485424 0.24804287 0.035928514 0.033599943 0.0803165 0.06654788 0.0038348504 0.14216584 0.00021493988 0.0084935855 0.006727574 0.002378471 0.0024965082 0.032828365 0.00019961783 9.643998e-05 0.0146897 0.0076938686 1.9455445e-05 0.046481624 0.014142482 0.0021806427 0.0023885898 0.0037504812 0.002026822 0.0027291863 0.0025394417 0.0019560973 0.0018119242 0.00089082576 0.00025785307 0.0018556234 3.5542243e-06 0.0019184037 0.001727288 0.00073628983 0.0018766199 0.0006973552 0.000640507 0.00014104572 0.0003871538 7.2442344e-05 0.0007336078 0.0004847811 0.0013981449 0.00019252465 0.001613838 0.0006341016 0.0015705636 0.0013186329 0.0005871835 9.966125e-05 0.00023145763 0.00017925666 2.4826059e-05 1.6868857e-08 1.5512314e-05 5.8971753e-05 0.0008835933 0.0034477187 0.0003884899 0.0012693038 3.892429e-06 2.9338644e-08 0.00021936068 4.401027e-08 0.00030315484 3.5953777e-05 0.00038735234 0.00044339127 0.0008124935 0.0013421103 1.645972e-11 0.0011913372 0.00039866703 0.0014849277 2.1155543e-08 1.6059953e-07 7.454579e-05 4.5325563e-05 0.003334896 0.00035178752 0.00118733 4.887429e-07 3.4381408e-06 0.00038816073
0.0059144073 0.4364709 0.25824815 0.51125836 6.253651e-20 0.5922401 0.5251886 0.3861662 0.55504435 0.382147 0.09747309 0.04555002 0.13424167 0.41780347 0.045383222 0.13711992 0.37099543 0.2587744 0.22508048 0.31525835 0.009760896 0.044683784 0.34872052 0.003135478 0.08388021 0.13646187 0.094779365 0.05530765 0.122296296 0.0036814495 0.00083048263 0.075371124 0.059819017 0.0001274163 0.14883924 0.015131088 0.04141756 0.04737118 0.055352516 0.026592774 0.04963447 0.0013254298 0.0020555526 0.031484112 0.008111719 0.004191212 0.022568185 0.00014358899 0.034097537 0.0127603505 0.009769101 0.012290418 0.0090611065 0.0027349938 0.006903544 0.008688713 0.00022853407 0.0034009544 0.0016823064 0.006346795 0.004376693 0.0074756127 0.0021349746 0.009287607 0.009066924 0.007817057 0.002667858 0.00089966186 0.0014080099 4.1368065e-05 3.3221e-07 9.4902905e-05 0.000150679 0.005576491 0.0049377014 0.0017515131 0.0072103096 4.8507918e-05 1.1412648e-06 0.0034862726 2.1245053e-06 0.0054803155 8.170943e-05 0.008124323 0.005881514 0.0009734768 0.0012266249 2.3725802e-10 0.0011663905 0.0063275876 0.0055077053 9.897718e-07 6.760503e-06 4.3356828e-05 0.0055054734 0.03358716 0.0034292552 0.024210427 5.2874948e-05 9.11582e-06 0.0024561037
0.011767129 0.3923192 0.2047048 0.4635267 0.5922401 9.841377e-20 0.51855683 0.33477667 0.57560295 0.4158981 0.047671717 0.02933245 0.15563013 0.42697155 0.03522196 0.18921706 0.4076131 0.30917114 0.2963808 0.39896283 0.0127786165 0.017786916 0.35245118 0.0017933646 0.09517593 0.15064546 0.1215896 0.056358628 0.12599985 0.0035222142 0.0006479084 0.13071017 0.061306633 0.00020047749 0.24082622 0.036498036 0.05957412 0.092431456 0.12687913 0.039654918 0.033769157 0.0051829168 0.0063846763 0.08127289 0.001950386 0.003223503 0.035919804 9.1695416e-05 0.041376475 0.013671221 0.012681042 0.017625077 0.015215421 0.0014083186 0.009014075 0.029301848 0.00055688084 0.005550082 0.009935515 0.014084223 0.0051738224 0.010899049 0.001722967 0.004740123 0.010365059 0.017534042 0.007852238 0.00042308893 0.0017787772 3.8665956e-05 1.0560673e-06 0.00014740696 8.5288615e-05 0.008992798 0.0034214559 0.0019675707 0.008409312 4.6526002e-05 2.9245564e-06 0.012655321 1.0486691e-05 0.010891621 8.451617e-05 0.007002282 0.0038775834 0.0013762548 0.0019852486 1.0746361e-10 0.0007382012 0.0058690724 0.0033191298 3.4505968e-06 1.6930031e-05 7.154983e-05 0.009628055 0.04646697 0.0042500948 0.030111693 0.00027141755 3.975745e-05 0.0020820394
0.010365542 0.13797657 0.052195195 0.67300075 0.5251886 0.51855683 2.422586e-20 0.10636128 0.3854554 0.13868001 0.3499963 0.0011543169 0.5441857 0.20276228 0.0031162547 0.50571716 0.2822366 0.041592803 0.0693983 0.37126687 0.34023088 0.0020430116 0.23428026 0.00040539994 0.0012367803 0.020819599 0.0352033 0.018614743 0.05248247 2.9094246e-05 6.20634e-05 0.058477234 0.011929079 5.733298e-06 0.55803084 0.24058595 0.02581183 0.041303903 0.045749355 0.015616538 0.0010389665 0.113527305 0.08866739 0.10017797 0.0001759435 1.0115816e-05 0.031663653 4.3030667e-07 0.015008928 0.0039673676 0.0068720663 0.024380976 0.00449808 3.0254208e-05 0.0045294566 0.0110100545 0.014307095 0.031452805 0.020815013 0.029116023 0.0026056918 0.0044836896 1.5765165e-05 0.007778777 0.0029609133 0.0051240292 0.009835978 0.00011514847 0.00940499 2.4557578e-06 1.0007782e-08 0.00014952823 8.5925654e-05 0.0039823917 0.0034337908 0.00022152624 0.0019534444 6.778945e-07 1.845311e-08 0.0030695512 2.5832561e-08 0.005675354 0.000575145 0.0008709561 0.009687849 0.010117216 0.00045241936 3.5905955e-12 0.0014029746 0.016049957 0.009321815 2.120034e-08 2.1759037e-07 1.4788803e-05 0.0094558215 0.11793308 0.008656453 0.03759533 7.3401606e-07 7.3796286e-07 0.00023761131
0.0029561534 0.2700521 0.15831712 0.11140578 0.3861662 0.33477667 0.10636128 6.282751e-20 0.42331395 0.48014042 0.0014751503 0.14248565 0.015442116 0.30154574 0.043159466 0.010576635 0.23092656 0.53725255 0.40440992 0.10398974 8.648428e-05 0.49161223 0.14223559 0.060767874 0.38318762 0.44507155 0.121154465 0.12230935 0.13622274 0.026309855 0.01767452 0.04481441 0.13339558 0.0024116125 0.0012595257 0.00015429183 0.03466475 0.016056472 0.010424259 0.025177784 0.11514258 1.6653714e-05 3.9906377e-06 0.004700975 0.06346158 0.022529876 0.0034328268 0.0008892965 0.009684007 0.010269895 0.03813499 0.00079331495 0.006980309 0.012920243 0.0012878963 0.002563541 1.6388869e-06 0.00017668655 5.5596036e-05 0.00011599327 0.0014875199 0.007039644 0.009148915 0.037359037 0.005546402 0.004421566 0.0003261515 0.010843102 0.00019241634 0.0012824582 1.0065813e-05 1.9165933e-05 0.00017001618 0.0044436385 0.00876731 0.01216328 0.0050212443 0.0002595371 5.9008685e-06 0.0052722134 8.941076e-05 0.010641153 4.1072194e-06 0.013997981 0.000647818 0.00016850256 0.0025488324 3.084684e-08 0.004370416 0.00018712788 0.010905777 2.0190912e-05 3.2703494e-05 0.00037200755 0.035174686 0.040301826 0.00035503096 0.030667169 7.781793e-05 0.00079114194 0.0058350707
0.02994097 0.24186032 0.03086494 0.24915682 0.55504435 0.57560295 0.3854554 0.42331395 3.6833665e-19 0.58984506 0.0016997127 0.01475966 0.07441974 0.57330406 0.0020681983 0.07776739 0.6801942 0.5169801 0.5293387 0.6421093 0.003805314 0.07685489 0.53015316 0.0033062352 0.12834881 0.28262836 0.46779594 0.1612716 0.26341256 0.0024562862 0.0011458672 0.41722172 0.12573223 1.5358912e-05 0.25064468 0.0073402454 0.28042695 0.33730936 0.31359226 0.16495831 0.05184138 0.0006385538 0.00047825195 0.30186942 0.008472814 0.001639049 0.08224271 2.3668032e-05 0.07770657 0.034349807 0.06268554 0.025014332 0.064916156 0.0004023017 0.016381685 0.17115727 4.3501084e-05 0.002205162 0.013215449 0.014794637 0.011410848 0.047921337 0.0017309109 0.013976751 0.03705799 0.08780153 0.014437716 0.0014553528 0.001765529 0.0001530212 4.218124e-07 0.00043524496 4.1509345e-05 0.04735777 0.0039396533 0.003077829 0.031815253 2.0240015e-05 1.2672203e-06 0.06831233 3.679743e-06 0.07672525 6.988885e-05 0.030876031 0.01075457 0.000433064 0.002276609 1.5813235e-10 0.0013813651 0.009161628 0.0025235068 9.352223e-07 4.061444e-06 0.00010752031 0.03526115 0.09911931 0.0050674146 0.06827382 0.00045197713 0.0003206959 0.003572371
0.08255299 0.17243223 0.06740339 0.15069278 0.382147 0.4158981 0.13868001 0.48014042 0.58984506 2.3342807e-19 0.0038305828 0.03867304 0.017966924 0.8526237 0.007323684 0.020619813 0.5295982 0.70576906 0.65414023 0.23032057 0.0009247478 0.10408224 0.58261526 0.013595011 0.35363278 0.49831173 0.41280428 0.25668737 0.5031031 0.010158213 0.0072215367 0.20122163 0.3210524 4.2016993e-05 0.005117434 8.3529456e-05 0.24207802 0.08867165 0.053318933 0.165871 0.3532968 1.0257464e-05 2.2601149e-05 0.022109829 0.046815272 0.0022097924 0.017024577 2.774689e-05 0.044455685 0.13246053 0.26856294 0.0013644695 0.050468672 0.004644021 0.009316048 0.02103452 1.0178042e-06 0.00012932695 0.000745083 0.00069592416 0.008512439 0.072359644 0.0013650357 0.07228531 0.065854244 0.015584863 0.0014975943 0.006021708 2.0057987e-05 2.0582016e-05 2.7752856e-08 3.1416588e-05 0.0001863955 0.020342391 0.013051704 0.014232289 0.0699714 4.4655485e-06 4.5826155e-08 0.018831106 1.376951e-06 0.08430806 8.459817e-07 0.09869977 0.006038109 2.0754169e-05 0.0018611318 4.5527523e-11 0.0024653992 0.0020043552 0.013078841 1.8529123e-07 1.4690475e-07 0.00029106138 0.06285847 0.072392486 0.0011561706 0.08881482 8.258981e-06 3.6757396e-05 0.010467229
0.00018988177 0.17575826 0.3761742 0.5526641 0.09747309 0.047671717 0.3499963 0.0014751503 0.0016997127 0.0038305828 8.074192e-22 7.406351e-05 0.2590045 0.0036339955 0.036165826 0.15994687 0.0055112042 0.00030158847 0.00016961229 0.0005575281 0.17169689 6.560661e-05 0.00060140924 2.1380113e-06 0.00019537433 8.351894e-05 8.375867e-06 1.3421102e-05 0.00067123177 9.780074e-07 4.4537143e-07 4.4772387e-05 0.0004545734 3.7781854e-07 0.0008385487 0.002937053 1.8258443e-05 3.2319775e-05 3.3063505e-05 2.153189e-05 0.0005729486 0.0021448333 0.0024041738 2.5594076e-05 0.0001754288 8.569508e-06 6.348262e-05 5.1785314e-08 2.6224068e-05 0.00016773587 9.731213e-05 7.9691825e-05 8.923261e-06 0.0004140643 1.0277096e-05 1.934111e-06 7.4418326e-06 0.0003298985 2.5445297e-07 1.793526e-06 1.0582516e-05 2.0552301e-05 0.00014113224 0.0013027863 5.083198e-05 1.5141711e-06 4.2698957e-06 7.623601e-06 0.00018791619 1.3052423e-06 4.131879e-10 4.6448022e-07 2.9662969e-08 2.4358862e-05 0.0011383529 0.00055812736 0.00010982191 2.535017e-08 2.1619985e-10 1.3620244e-06 1.5776909e-09 2.132635e-06 5.7804255e-06 0.00058590504 6.515301e-05 0.0014879244 0.00037820093 1.3064053e-10 0.000116333154 0.00014570283 0.0005115948 4.0287268e-10 2.8210752e-09 7.7890165e-09 5.1479037e-06 0.0002817477 0.00029971474 9.133471e-05 5.8163376e-09 5.294051e-08 0.00016047744
0.0006012111 0.042040274 0.051417556 0.003669892 0.04555002 0.02933245 0.0011543169 0.14248565 0.01475966 0.03867304 7.406351e-05 2.5564875e-20 6.290845e-05 0.028537182 0.22737737 3.452122e-05 0.012810873 0.036784083 0.01631171 0.00029139966 1.1884106e-06 0.40538138 0.0054003266 0.25165206 0.14063053 0.030467214 0.0011765682 0.004522658 0.026471572 0.23220864 0.08578101 0.0007544207 0.022090763 0.1585702 3.0562342e-06 1.0051456e-06 0.0012882446 0.00033258932 0.00025090534 0.0008101796 0.056766346 6.367285e-08 1.9238255e-08 0.00010577707 0.040334623 0.08667816 0.00015657174 0.023605641 0.0007021988 0.003700464 0.0042353203 3.959718e-06 0.00015861691 0.033065114 0.00018482946 3.766803e-05 9.6634096e-08 2.838593e-05 2.2125598e-06 2.4196454e-06 0.00024531106 0.0019492926 0.025409753 0.008429256 0.00032210432 0.00048298857 1.9517536e-05 0.005178107 7.266018e-06 0.012240711 0.0003715629 4.461792e-07 0.0009052871 0.00062889315 0.014965385 0.012344625 0.0011403988 0.0025457584 0.00019076242 0.00025109158 0.0006823905 0.001034432 2.9246566e-08 0.0039040751 0.00010188298 2.0284228e-05 0.0073900954 2.1487836e-06 0.0032479241 6.966858e-05 0.0050953296 0.00019744787 0.00028467033 0.0008953393 0.005941093 0.0027104705 0.0001652086 0.0053633037 0.0006231243 0.0031223844 0.007661425
0.004649784 0.0381394 0.008336008 0.35838327 0.13424167 0.15563013 0.5441857 0.015442116 0.07441974 0.017966924 0.2590045 6.290845e-05 8.158162e-21 0.011822921 8.9708934e-05 0.63133293 0.0634151 0.0049255015 0.008731891 0.06777451 0.4094511 0.000194267 0.029692743 4.4559787e-05 0.00033679005 0.0020808075 0.0015881702 0.0016198717 0.0042552757 9.8453065e-06 2.4401106e-05 0.0078347195 0.0015858922 1.3571466e-06 0.31946537 0.19196776 0.0034551772 0.0054934 0.0072004525 0.0028471022 4.0918374e-05 0.10221115 0.062514946 0.015738713 0.0001783968 1.4036598e-05 0.006346555 4.4654755e-08 0.0008696149 0.00021343038 0.0013501357 0.014077467 0.001971597 9.369869e-06 0.00016853087 0.0036629282 0.02818335 0.027799666 0.008534915 0.026390873 0.000114659524 0.001081757 7.5848325e-06 0.0023297116 0.00031738283 0.0021373641 0.0021151765 2.2428808e-06 0.00907938 2.8729932e-07 4.1897907e-09 2.5351514e-05 1.4636698e-06 0.0009884255 0.00012006031 4.3012413e-05 0.00021638512 3.1741703e-08 3.1368472e-09 0.0010395701 1.8602023e-08 0.00072061946 0.00025278734 0.0009220711 0.001042948 0.010030894 0.00019369942 2.5768118e-10 0.00012174914 0.0032803996 0.0015764527 1.5573018e-08 4.290041e-07 1.7797265e-06 0.0025120582 0.03981898 0.0036494308 0.006368015 4.1304278e-07 1.4751517e-07 2.1175763e-05
0.41836908 0.112408035 0.047783043 0.07369225 0.41780347 0.42697155 0.20276228 0.30154574 0.57330406 0.8526237 0.0036339955 0.028537182 0.011822921 2.349328e-16 0.0013381885 0.009402438 0.53979206 0.67707247 0.70220816 0.26329726 0.000142269 0.0742894 0.59320664 0.014435618 0.4627867 0.4501717 0.53653866 0.32910445 0.6064335 0.024562836 0.012985899 0.19837098 0.3844 0.00032055491 0.0014048116 5.7023502e-05 0.24686316 0.08777439 0.03982771 0.18229419 0.38465482 1.1676982e-05 5.455379e-05 0.028249273 0.05878213 0.003215456 0.014405493 0.00018747906 0.050728034 0.26653883 0.2245226 0.0025598935 0.0791967 0.0057644723 0.0091145765 0.017473154 1.913754e-06 7.298511e-05 0.00024850585 0.00024869817 0.0145444255 0.12116903 0.0014712426 0.055344544 0.109347284 0.02359871 0.0027264052 0.009200052 4.8473972e-05 3.9031886e-05 1.7421321e-06 0.00015171096 0.0013605718 0.034315404 0.009691029 0.0075276666 0.11594382 4.848821e-05 1.1631163e-06 0.029002767 4.9118366e-06 0.099623315 8.88323e-07 0.11452153 0.005788861 2.5582312e-05 0.0015147048 5.424906e-10 0.00497113 0.0014479794 0.010141907 2.496527e-06 6.2301376e-07 0.0001392133 0.035108265 0.03795197 0.0011722835 0.033490445 9.48469e-05 0.00015876068 0.004235385
6.2631116e-05 0.10300958 0.44036427 0.0033797377 0.045383222 0.03522196 0.0031162547 0.043159466 0.0020681983 0.007323684 0.036165826 0.22737737 8.9708934e-05 0.0013381885 7.1994117e-22 9.558915e-05 0.0064875 0.0018716984 0.00067778956 1.18171265e-05 1.9529358e-05 0.09079092 0.00015690208 0.053633317 0.0076661976 0.00020849858 6.8323448e-06 3.0643347e-05 0.001145825 0.034530677 0.0068615037 4.3288906e-05 0.0012796507 0.251954 2.3695334e-07 3.7288163e-07 1.7264341e-05 1.3665973e-05 6.126904e-06 5.850588e-06 0.0017622008 5.757228e-07 3.2437853e-07 4.3943945e-07 0.001896627 0.0060829367 7.660544e-06 0.005602461 1.1149789e-05 8.409512e-05 7.3491588e-06 8.3410043e-07 2.4847222e-06 0.0008027432 5.9650424e-06 3.9221266e-08 7.293712e-08 4.240416e-05 1.4149433e-08 1.4263898e-07 4.717162e-06 1.4235239e-05 0.0005324259 2.9969427e-05 8.726917e-06 8.895726e-07 1.4752735e-06 1.2490447e-05 1.0188234e-05 0.00018381396 5.6545545e-05 1.3988402e-08 2.7172885e-06 3.4575041e-06 0.00038534374 5.998915e-05 2.5648318e-05 3.6754205e-05 5.875249e-05 3.8790049e-07 0.00030554182 6.114223e-07 4.698534e-08 5.4687047e-05 1.431574e-05 0.00017147191 0.00042445192 1.3340136e-05 1.7979299e-05 1.4899989e-05 6.9531875e-06 6.159416e-05 7.387861e-05 2.7677343e-06 1.7015382e-05 0.00033727588 2.5371783e-05 0.00027534598 8.166215e-05 0.00011208614 0.001345756
0.0045953537 0.029223105 0.0026648294 0.2485424 0.13711992 0.18921706 0.50571716 0.010576635 0.07776739 0.020619813 0.15994687 3.452122e-05 0.63133293 0.009402438 9.558915e-05 3.5010555e-20 0.08392169 0.0074593727 0.011298615 0.08783849 0.35472286 0.00025687108 0.037145134 3.7026508e-05 0.0001660803 0.003566589 0.002156693 0.0012979647 0.0071998523 1.834533e-05 3.3380522e-05 0.012082582 0.0017664005 1.8846753e-06 0.4518013 0.25362843 0.0044251983 0.0070250933 0.014769679 0.002691607 1.4279429e-05 0.13261952 0.082371056 0.025161918 5.8869708e-05 2.0770453e-06 0.013791275 3.549414e-08 0.001952879 0.00024687103 0.0017909317 0.029017929 0.0024783905 5.7673096e-06 0.00036772297 0.0059366412 0.061793737 0.068014145 0.01939327 0.060270395 0.000112965994 0.0014562482 4.195927e-06 0.0012801378 0.0003421009 0.0038244051 0.0049792505 6.59622e-07 0.023382992 8.636653e-08 3.8134513e-09 4.863762e-05 4.3215115e-07 0.0011872185 6.211788e-05 1.1497174e-05 0.00017364396 1.5096276e-08 4.532577e-09 0.002469994 1.5822422e-08 0.0020794685 0.0006965848 0.0006598174 0.0022874973 0.018930286 1.9654073e-05 3.42535e-10 3.2501302e-05 0.006722918 0.00083384285 3.7407354e-08 4.2632652e-07 5.4069864e-07 0.004427083 0.042368654 0.007653305 0.0071760444 1.31938e-07 2.7250298e-08 5.54743e-06
0.543616 0.14194147 0.036747783 0.24804287 0.37099543 0.4076131 0.2822366 0.23092656 0.6801942 0.5295982 0.0055112042 0.012810873 0.0634151 0.53979206 0.0064875 0.08392169 1.2454741e-16 0.47317508 0.4111753 0.6513901 0.011147052 0.026540695 0.73719126 0.0018694863 0.15019113 0.31027472 0.42054716 0.122756734 0.3401747 0.0040349877 0.0014014449 0.42611805 0.15025392 0.00012724023 0.18487261 0.010200359 0.2374373 0.29219908 0.30828008 0.17990156 0.025244089 0.0006688997 0.0026341302 0.30042118 0.0037111884 0.00059036835 0.20191363 1.1941177e-05 0.24148041 0.06552816 0.072886474 0.033457227 0.18316098 0.0002596287 0.102300234 0.2086477 2.8643619e-05 0.00087506615 0.00948352 0.008914267 0.07827447 0.08417183 0.00027596403 0.0049008764 0.20629923 0.12966044 0.013381209 0.00066349714 0.001272068 1.0525527e-05 1.02461314e-07 0.0033375493 0.00044228925 0.13570966 0.0013957036 0.0011665261 0.10419287 2.6537152e-06 7.9582335e-08 0.14100501 4.7796965e-07 0.1086205 0.00017543348 0.02670825 0.06461796 0.00029960013 0.00069625606 3.7167627e-11 0.0002812489 0.023098717 0.001899381 1.3567319e-07 4.4942948e-07 3.805343e-05 0.038015872 0.18248188 0.009507648 0.10406131 6.061359e-06 1.9571495e-05 0.0013437618
0.08401146 0.08909282 0.022614777 0.035928514 0.2587744 0.30917114 0.041592803 0.53725255 0.5169801 0.70576906 0.00030158847 0.036784083 0.0049255015 0.67707247 0.0018716984 0.0074593727 0.47317508 6.774977e-20 0.7973924 0.12100967 0.0001213012 0.27427182 0.5282621 0.026690824 0.57876956 0.70647013 0.43736735 0.432754 0.5610913 0.014776835 0.009521091 0.1812885 0.42935395 7.621686e-05 0.0054038116 3.4996832e-05 0.22242343 0.110502854 0.059705406 0.15872508 0.4710049 7.754382e-07 3.4541126e-06 0.05938544 0.17148668 0.012092397 0.01944062 9.341455e-05 0.036889456 0.08235719 0.32569182 0.004054875 0.08307414 0.016212566 0.00702071 0.08096086 9.3326435e-08 0.00010349648 0.00072197395 0.0007039673 0.008140583 0.088685155 0.0070172227 0.19416292 0.056063693 0.054721266 0.0044848933 0.015606259 6.8747664e-05 0.0004739775 1.2372779e-07 4.2961292e-05 0.0002757278 0.027602553 0.035017338 0.02129995 0.059071697 4.1862288e-05 1.3118232e-07 0.040317766 1.665331e-06 0.12668853 2.427687e-06 0.14749475 0.0034317677 1.1620736e-05 0.0046144463 5.07535e-11 0.016724376 0.0010240995 0.04292494 4.02406e-07 3.9576303e-06 0.00082810497 0.109010115 0.056657515 0.0010648208 0.055380832 8.056641e-05 0.001146698 0.014496596
0.04540008 0.05953867 0.00931086 0.033599943 0.22508048 0.2963808 0.0693983 0.40440992 0.5293387 0.65414023 0.00016961229 0.01631171 0.008731891 0.70220816 0.00067778956 0.011298615 0.4111753 0.7973924 2.4481989e-20 0.16592236 0.00048735982 0.10960768 0.44859865 0.010748235 0.29587278 0.5897143 0.56893045 0.44692236 0.51281255 0.0035751828 0.004020857 0.20800179 0.2598209 1.5727457e-05 0.01740451 0.00026495807 0.29331994 0.15059465 0.089365646 0.23826808 0.27760184 6.2191525e-06 1.730362e-05 0.07933573 0.043310974 0.005093301 0.027696943 2.0936683e-05 0.05276709 0.12714767 0.31274846 0.0053089364 0.114853755 0.0048584426 0.0079003405 0.08327792 1.1099359e-06 0.00046931 0.0009992254 0.0025047285 0.008262425 0.15879768 0.0034438656 0.08497209 0.0830819 0.060548503 0.005406376 0.0072544143 0.00030675056 0.0002022839 5.907991e-08 0.00011845713 0.00018940539 0.039340533 0.014215583 0.011121292 0.089090675 1.5132206e-05 1.3863544e-07 0.06561684 2.1059889e-06 0.17582072 4.5965785e-06 0.12597929 0.005259242 6.990838e-05 0.0030316033 1.1431933e-11 0.0061227456 0.0015546149 0.024273954 2.9890217e-07 1.0727838e-06 0.00042469523 0.08177235 0.060133368 0.0019771827 0.043079622 4.5418765e-05 0.00045798573 0.007866145
0.3146511 0.055331323 0.0021295757 0.0803165 0.31525835 0.39896283 0.37126687 0.10398974 0.6421093 0.23032057 0.0005575281 0.00029139966 0.06777451 0.26329726 1.18171265e-05 0.08783849 0.6513901 0.12100967 0.16592236 6.40088e-19 0.00769795 0.0022891297 0.5606755 0.00018104378 0.007871766 0.05875772 0.30738503 0.03672523 0.067842916 5.2497755e-05 5.901851e-05 0.4379448 0.015191137 6.512341e-06 0.6792588 0.048178844 0.16059643 0.47051248 0.4988027 0.092504434 0.003760439 0.007191432 0.0019120292 0.63508356 0.0004571361 0.00010135965 0.29372016 3.6161873e-06 0.15395504 0.012405201 0.013885616 0.24832964 0.10781322 2.2750646e-05 0.09198738 0.398165 0.002525829 0.015354419 0.11988847 0.074973434 0.06944408 0.03689347 9.8007746e-05 0.0004008869 0.06219398 0.2551442 0.05968385 4.435103e-05 0.017292395 5.1928732e-06 3.6352827e-07 0.0067617833 1.2647314e-05 0.14301479 0.0003433604 0.0008608782 0.037967764 2.0788962e-06 1.3657848e-06 0.1256252 3.1028471e-06 0.026413618 0.0010066112 0.010146256 0.11421911 0.004046946 0.00063593936 4.3415188e-10 7.479903e-05 0.06904871 2.7800339e-05 2.199275e-06 7.4929644e-06 1.5182139e-06 0.004911259 0.1331348 0.0437155 0.05597785 4.601155e-05 1.6735039e-05 0.001238255
0.00013198965 0.003350026 0.00039624664 0.06654788 0.009760896 0.0127786165 0.34023088 8.648428e-05 0.003805314 0.0009247478 0.17169689 1.1884106e-06 0.4094511 0.000142269 1.9529358e-05 0.35472286 0.011147052 0.0001213012 0.00048735982 0.00769795 1.3988843e-21 6.177178e-06 0.0023709012 1.8435036e-07 9.297705e-06 5.477901e-05 9.602013e-05 1.7094428e-05 0.0003417414 3.4002536e-08 6.2821904e-08 0.002677142 0.00016373937 4.5874167e-08 0.13184486 0.14331837 0.00095010176 0.002364695 0.0030405053 0.0003131484 7.74285e-06 0.13405444 0.07263632 0.002515712 9.904882e-06 3.6546268e-07 0.0012954518 2.1254309e-08 0.00028200605 0.00013104321 0.000459618 0.005577645 0.00027252248 3.4490174e-06 3.9538263e-05 0.00048645923 0.027501866 0.019091304 0.0013587079 0.0043758336 3.5250367e-05 0.00045980344 1.5421723e-06 6.651126e-05 4.615425e-05 0.00082010304 0.000617467 1.1998344e-07 0.00543962 1.4884926e-08 2.862211e-10 3.7534537e-06 9.2445e-09 0.00032110812 8.903599e-06 1.3568904e-06 9.291337e-05 1.4398732e-08 2.2592956e-09 0.000107693755 7.0331536e-09 0.00049661304 8.209246e-05 0.0011978892 0.00042757884 0.008693442 1.0571209e-05 2.1076169e-11 1.8685929e-06 0.001583077 5.732653e-06 1.3226932e-09 1.2142857e-07 4.552288e-09 3.7753564e-06 0.0015480091 0.00326375 0.00077651313 3.5109604e-08 8.892095e-09 8.7667354e-07
0.0074930973 0.08060528 0.07567908 0.0038348504 0.044683784 0.017786916 0.0020430116 0.49161223 0.07685489 0.10408224 6.560661e-05 0.40538138 0.000194267 0.0742894 0.09079092 0.00025687108 0.026540695 0.27427182 0.10960768 0.0022891297 6.177178e-06 1.2829702e-19 0.028528081 0.61849356 0.5562309 0.50726014 0.020546071 0.070279054 0.05579889 0.5164708 0.36739177 0.008637462 0.20170057 0.04963377 2.634444e-05 3.1123695e-06 0.01752312 0.0026859771 0.0015126211 0.009455182 0.29099977 3.992708e-08 9.353815e-08 0.00066552445 0.29826927 0.18578495 0.00069770275 0.012063544 0.0011996835 0.0045655146 0.05802613 4.8321104e-05 0.0019967973 0.07044592 0.00019356553 0.00017418365 7.125297e-08 1.6232274e-05 5.3480573e-05 2.0358259e-05 0.00016913595 0.004919471 0.02756442 0.12238672 0.0011478955 0.00074957986 8.9115114e-05 0.1258248 2.552369e-06 0.008499493 7.712054e-06 3.4260378e-07 0.001843815 0.00066575804 0.049919426 0.055805087 0.0020594702 0.0011148403 2.1790927e-06 0.00062822003 4.7938986e-05 0.008270561 5.0410794e-08 0.026531043 7.087187e-05 3.3846616e-05 0.012809353 4.6615667e-09 0.025400907 2.4158238e-05 0.047154713 1.091338e-05 2.2946142e-05 0.0045238724 0.0542628 0.019163966 4.3213426e-05 0.035543364 0.00095463614 0.0059394245 0.024978573
0.91491187 0.072712705 0.015226649 0.14216584 0.34872052 0.35245118 0.23428026 0.14223559 0.53015316 0.58261526 0.00060140924 0.0054003266 0.029692743 0.59320664 0.00015690208 0.037145134 0.73719126 0.5282621 0.44859865 0.5606755 0.0023709012 0.028528081 4.259316e-14 0.0031809025 0.27814996 0.31208837 0.46153685 0.13681993 0.4926798 0.002171027 0.0019930655 0.63034374 0.30464596 5.336731e-05 0.10699818 0.0027270294 0.32478926 0.3792588 0.46089545 0.32845607 0.048793912 7.0908376e-05 0.0005423785 0.24754615 0.0053370544 0.0011408688 0.4074971 1.7085058e-05 0.5379105 0.16222993 0.08756752 0.06335622 0.3202283 0.00046989036 0.34807327 0.09168807 7.0427013e-06 0.00014708286 0.005745297 0.0022573287 0.2695413 0.21773948 0.0004576661 0.005074117 0.4577417 0.24453786 0.022839323 0.00075182423 0.0008574663 8.458781e-06 4.6151406e-08 0.021258162 0.00030408142 0.33140758 0.00178357 0.0012297042 0.26931864 1.6525194e-06 2.4873893e-08 0.1912046 1.3845852e-07 0.14315666 0.000108764805 0.07573841 0.14036873 0.00020561348 0.0008845827 8.51912e-11 0.00013308045 0.025379691 0.001529856 6.143831e-08 5.5651288e-08 1.4291976e-05 0.021182 0.14069355 0.0045221294 0.097919494 2.6189266e-06 6.6486784e-05 0.0017495623
0.0020097394 0.0074143154 0.00788217 0.00021493988 0.003135478 0.0017933646 0.00040539994 0.060767874 0.0033062352 0.013595011 2.1380113e-06 0.25165206 4.4559787e-05 0.014435618 0.053633317 3.7026508e-05 0.0018694863 0.026690824 0.010748235 0.00018104378 1.8435036e-07 0.61849356 0.0031809025 2.1125899e-20 0.19592732 0.05039661 0.0014652197 0.0063256603 0.013614786 0.48064572 0.31230342 0.001173176 0.031973865 0.19623545 1.4426643e-05 5.345375e-07 0.0025212409 0.0004974724 0.00044766327 0.0017853646 0.0818686 1.3363416e-08 3.8294425e-09 6.91741e-05 0.08327328 0.192341 0.00026181428 0.059466146 0.0004636128 0.0021968172 0.00543724 7.1167947e-06 0.00040856726 0.04233176 6.956667e-05 8.138676e-05 1.0455654e-07 5.7842062e-05 4.1090293e-06 2.6494615e-06 9.336664e-05 0.0019983307 0.019712323 0.029168295 0.0003565167 0.00020643359 2.2655857e-05 0.022206351 1.7884387e-05 0.008607645 0.00044148997 3.2470535e-07 0.0013505324 0.00021783217 0.017749086 0.02022611 0.0006046017 0.0015345875 0.00015897946 0.000101205005 0.00041026002 0.0015611966 1.3528931e-07 0.0040071546 5.933777e-05 4.9818293e-05 0.009560666 2.3447569e-07 0.006044455 4.487473e-05 0.008690566 0.00021793005 0.00017794108 0.001909724 0.0074252547 0.006003786 4.9210055e-05 0.008869518 0.00060547673 0.004381473 0.011105813
0.36977243 0.0449934 0.030170554 0.0084935855 0.08388021 0.09517593 0.0012367803 0.38318762 0.12834881 0.35363278 0.00019537433 0.14063053 0.00033679005 0.4627867 0.0076661976 0.0001660803 0.15019113 0.57876956 0.29587278 0.007871766 9.297705e-06 0.5562309 0.27814996 0.19592732 9.8601e-18 0.7173022 0.049087264 0.19431536 0.451637 0.24814335 0.14325196 0.040002383 0.6776352 0.0047295527 0.00014507472 1.9418937e-06 0.048382256 0.014822891 0.0071761026 0.040985215 0.7104112 5.2698418e-08 2.0559825e-07 0.0040017124 0.54732555 0.09765777 0.006308728 0.0046951347 0.017727891 0.03397652 0.14174081 0.00034349877 0.019980723 0.11146976 0.0047273627 0.0063834866 2.553574e-08 3.417803e-06 0.00026579475 0.0003430819 0.008701899 0.035699442 0.039253347 0.26844522 0.044705886 0.010309344 0.0008052231 0.116102025 5.9748834e-07 0.0057529616 1.2743566e-05 1.5876876e-05 0.004070575 0.022979224 0.13584754 0.13256249 0.04553636 0.00079370453 1.3788998e-06 0.015530324 4.113411e-05 0.076842576 4.854658e-08 0.1645585 0.0025011005 1.8824101e-06 0.037648454 2.9198506e-09 0.05346035 0.000190951 0.11654027 1.2719453e-05 6.153422e-05 0.0058849226 0.18156077 0.093560554 0.00021657877 0.18772477 0.0013328404 0.0071123033 0.101990774
0.14910944 0.0306875 0.001597823 0.006727574 0.13646187 0.15064546 0.020819599 0.44507155 0.28262836 0.49831173 8.351894e-05 0.030467214 0.0020808075 0.4501717 0.00020849858 0.003566589 0.31027472 0.70647013 0.5897143 0.05875772 5.477901e-05 0.50726014 0.31208837 0.05039661 0.7173022 5.5590156e-20 0.32369715 0.58013713 0.62576824 0.029270416 0.024502728 0.13162911 0.6742943 0.0003999422 0.0037960422 5.357751e-05 0.18123853 0.07515727 0.04334638 0.13590036 0.48361424 1.3079227e-06 1.4612152e-06 0.06807605 0.30823025 0.030929962 0.01599125 0.0004801478 0.024936322 0.06002972 0.3693521 0.002381233 0.061071042 0.032992247 0.004836302 0.07826238 8.6289134e-08 0.00012322834 0.000106900625 9.84303e-05 0.007318609 0.09749854 0.014584964 0.27382177 0.05328563 0.057086572 0.003691835 0.05411028 0.00016047775 0.0026288286 9.831657e-07 8.6160675e-05 0.0009353718 0.029438213 0.049184762 0.052211665 0.054931093 0.0004644158 3.8911226e-06 0.07897352 1.6633843e-05 0.24427658 2.1466246e-06 0.18163528 0.0048377407 3.0856834e-05 0.007495209 1.476136e-10 0.02172528 0.0008732966 0.07783902 6.876514e-06 4.620714e-05 0.003345599 0.19886795 0.06006648 0.0009688279 0.08552727 0.00033066169 0.0034235597 0.03425458
0.32275122 0.0075567146 1.3228574e-05 0.002378471 0.094779365 0.1215896 0.0352033 0.121154465 0.46779594 0.41280428 8.375867e-06 0.0011765682 0.0015881702 0.53653866 6.8323448e-06 0.002156693 0.42054716 0.43736735 0.56893045 0.30738503 9.602013e-05 0.020546071 0.46153685 0.0014652197 0.049087264 0.32369715 2.7292782e-20 0.45322052 0.44239563 0.00063508056 0.0008558018 0.43450463 0.10876262 1.2543077e-05 0.009322274 0.00012362549 0.668164 0.33347684 0.17042567 0.4527828 0.06809743 2.534228e-05 1.5893238e-05 0.12725179 0.009832344 0.0010901586 0.040745348 2.9880712e-06 0.1207131 0.3115003 0.21851605 0.013797446 0.32277027 0.001149055 0.019589134 0.096689306 2.887605e-06 0.00056733604 0.0014613569 0.0024621156 0.03526145 0.26571214 0.0010054157 0.03688411 0.2714484 0.18985546 0.0063279527 0.0027737853 0.0006174137 3.1598167e-05 2.5999623e-07 0.0006125447 8.999153e-05 0.1355168 0.0041781063 0.0063077295 0.20898238 1.0877117e-05 8.1661824e-07 0.2720467 5.93237e-06 0.3365227 9.9039935e-06 0.15529525 0.02053356 4.8389356e-05 0.0019497528 1.2749667e-11 0.001910428 0.004191478 0.0077967616 2.9134017e-06 1.1072574e-05 0.00011721471 0.15428132 0.09735043 0.0020361717 0.10135854 7.567373e-05 0.00027672198 0.0061462233
0.06427024 0.0069246176 4.7356087e-05 0.0024965082 0.05530765 0.056358628 0.018614743 0.12230935 0.1612716 0.25668737 1.3421102e-05 0.004522658 0.0016198717 0.32910445 3.0643347e-05 0.0012979647 0.122756734 0.432754 0.44692236 0.03672523 1.7094428e-05 0.070279054 0.13681993 0.0063256603 0.19431536 0.58013713 0.45322052 4.285884e-21 0.7901549 0.0034012645 0.002971248 0.103301 0.266212 5.3337597e-05 0.003988435 0.00011816265 0.20651025 0.061664063 0.038359314 0.14770217 0.1483724 6.624005e-06 7.1880095e-07 0.031753637 0.039279796 0.005950367 0.019755533 1.9146531e-05 0.02058355 0.22746716 0.3058677 0.0020473367 0.079038545 0.0044439696 0.0029996336 0.023589136 4.2962847e-07 0.0003712682 0.00029082777 0.00036821826 0.004642391 0.1147094 0.0023197185 0.0885054 0.07269641 0.032511335 0.0018479722 0.008424121 0.00038229974 0.0001392704 9.537489e-07 9.614484e-05 0.000113418406 0.030818079 0.009112752 0.016244702 0.071767494 2.8243652e-05 1.9243798e-06 0.08108154 1.7353463e-05 0.14725827 4.024442e-06 0.11025945 0.0044968785 4.4815624e-05 0.0029812688 2.7226548e-12 0.004928863 0.0008720486 0.021401651 3.1959491e-06 1.219179e-05 0.0005193963 0.0809028 0.031408068 0.0007961384 0.04094169 7.025814e-05 0.00058427214 0.009738134
0.6468828 0.03048754 0.011258732 0.032828365 0.122296296 0.12599985 0.05248247 0.13622274 0.26341256 0.5031031 0.00067123177 0.026471572 0.0042552757 0.6064335 0.001145825 0.0071998523 0.3401747 0.5610913 0.51281255 0.067842916 0.0003417414 0.05579889 0.4926798 0.013614786 0.451637 0.62576824 0.44239563 0.7901549 5.227217e-19 0.008412813 0.0081543205 0.111119255 0.569025 0.00023998956 0.0041223275 0.0001889266 0.18950215 0.040644925 0.02658028 0.20494084 0.36467788 1.7960934e-06 3.17617e-05 0.021816058 0.06377903 0.006906365 0.013920208 0.00015826635 0.03749925 0.75413734 0.3584532 0.0023244286 0.08613336 0.0051475163 0.0065842923 0.038471807 2.6948507e-07 0.00010367824 0.0003652296 0.0012782079 0.006893018 0.20558566 0.001189417 0.07109432 0.13946012 0.0309901 0.0012027157 0.0071314876 6.2266394e-05 0.00011143215 1.30962e-06 2.4388171e-05 0.00043336576 0.026771722 0.007172124 0.007991744 0.19050457 2.92189e-05 2.0696916e-06 0.070370264 1.1468713e-05 0.27037287 4.614703e-07 0.2811987 0.006084074 5.2386954e-06 0.0011873757 1.4099075e-09 0.0041003437 0.00036664616 0.0183897 3.0838228e-06 3.5939122e-06 0.0005021202 0.107966006 0.075077035 0.00082228135 0.06558132 7.08741e-05 0.00017188647 0.0071676183
0.0073792143 0.0030018443 0.00396457 0.00019961783 0.0036814495 0.0035222142 2.9094246e-05 0.026309855 0.0024562862 0.010158213 9.780074e-07 0.23220864 9.8453065e-06 0.024562836 0.034530677 1.834533e-05 0.0040349877 0.014776835 0.0035751828 5.2497755e-05 3.4002536e-08 0.5164708 0.002171027 0.48064572 0.24814335 0.029270416 0.00063508056 0.0034012645 0.008412813 4.1967392e-21 0.63914883 0.0006056015 0.026458 0.22947566 2.4824033e-06 1.3866216e-07 0.0011709958 0.000540914 0.0004529722 0.00082167424 0.20308323 1.1866952e-09 1.5823984e-09 0.0001836561 0.28899205 0.58190227 0.00038623298 0.2562871 0.00028117732 0.0013754825 0.007161998 1.0426103e-05 0.0003059985 0.18947083 4.329865e-05 0.00012261653 1.1474854e-08 2.1208652e-06 7.0587316e-06 3.6816593e-06 6.34618e-05 0.0009792988 0.09888392 0.072119124 0.0001389063 0.00024956441 6.896358e-05 0.068461336 1.4151574e-07 0.055077802 0.0016055522 8.631647e-08 0.011787104 0.000104217135 0.069662794 0.04981922 0.0004565804 0.0063753035 0.00041299142 0.00010149429 0.0007296962 0.0007304126 5.1604776e-08 0.0036141705 2.2311182e-05 4.8134993e-06 0.029326549 1.446154e-08 0.023287259 3.648194e-06 0.019532906 0.00045695913 0.00039532606 0.0055840365 0.009274645 0.0046307794 5.503971e-06 0.008029495 0.0015844433 0.012740608 0.038296416
0.0029137882 0.0010665872 0.00069299614 9.643998e-05 0.00083048263 0.0006479084 6.20634e-05 0.01767452 0.0011458672 0.0072215367 4.4537143e-07 0.08578101 2.4401106e-05 0.012985899 0.0068615037 3.3380522e-05 0.0014014449 0.009521091 0.004020857 5.901851e-05 6.2821904e-08 0.36739177 0.0019930655 0.31230342 0.14325196 0.024502728 0.0008558018 0.002971248 0.0081543205 0.63914883 4.70084e-22 0.00074121414 0.020970896 0.116464235 2.7927904e-06 1.292249e-07 0.0017278433 0.0005759678 0.0007006008 0.0014508843 0.13148057 1.8188437e-09 8.486058e-10 9.813738e-05 0.20771559 0.46253735 0.00047661757 0.17112657 0.00036504003 0.0015631706 0.004962166 7.9844685e-06 0.0003420722 0.10834879 4.4387845e-05 0.00013232644 1.5947066e-08 9.031846e-06 2.0251148e-06 1.1097113e-06 7.032047e-05 0.0014909336 0.0561314 0.05361982 0.00021792401 0.00030966988 6.492241e-05 0.054467674 6.5166614e-07 0.024665173 0.00053438667 9.802228e-08 0.008108053 0.00015619338 0.04283253 0.03091421 0.00032769164 0.003087129 0.00018981006 0.00014973928 0.00035010703 0.001740427 1.07614525e-07 0.0033369253 1.9728082e-05 5.300533e-06 0.01872858 3.3873702e-09 0.01704495 7.029308e-06 0.015805768 0.00015832992 0.00013666514 0.0028378798 0.013123607 0.0041908245 5.642549e-06 0.0059401584 0.0008863527 0.006137677 0.024838068
