2.0741578e-26 0.95922744 0.9918124 0.70187336 0.98310864 0.964621 0.97776365 0.96441376 0.9037127 0.99736875 0.9766125 0.97443956 0.44390127 0.91288596 0.08778056 0.82292295 0.9954285 0.3347298 0.8490544 0.004652807 0.9267782 0.7651 0.9838727 0.97980624 0.19037335 0.18102106 0.03362411 0.9654355 0.22314794 0.0024926625 0.571553 0.84210765 0.9372524 0.97829896 0.9667178 0.97703356 0.9999765 0.73060524 0.12570225 0.9903527 0.93747604 0.048245996 0.7708367 0.026532605 0.13402386 0.05639824 0.017338054 0.08674944 0.014045927 0.9432452 0.87332356 0.9892086 0.025460232 0.0013345748 0.84952486 0.89547455 0.0019529389 0.7781586 1.3519995e-05 0.025954537 0.96990746 0.9946022 0.161366 0.29177123 0.0023011242 0.17089272 0.017813 0.81357867 0.7695871 0.8728259 0.011031274 0.0013013472 0.76128155 0.9946971 0.94957346 0.1168651 0.0029934435 0.5883772 0.00063353137 0.81782067 0.9843737 0.0036758748 8.792143e-06 0.0034638545 0.036676444 0.014684461 0.9663447 0.10376043 0.013797649 0.35533676 0.02203537 0.8310231 0.08624589 0.99534047 0.9959213 0.4846864 0.0005229952 0.0024768687 0.001404421 0.9999552 0.8302369
0.95922744 3.7253105e-17 0.38456362 0.8945077 0.79964274 0.6570904 0.3489392 0.35133627 0.01777685 0.52689224 0.013080536 0.054935507 0.17946345 0.35265353 0.13490589 0.022595558 0.039048042 0.068982646 0.013739979 0.006951975 0.004261079 0.030189587 0.0012861589 0.005266233 0.016905291 0.003207352 0.005436887 0.00021675813 0.0031563833 0.01600135 0.0043992717 0.018671695 0.00012339697 0.0003455289 5.2657106e-05 6.50008e-08 0.18158948 0.0018463796 0.0005304817 6.78955e-05 0.0007482631 0.0007573712 4.940028e-06 0.00014765079 0.0003635699 0.00094409933 0.0010699073 0.0007682973 0.0011893137 8.010473e-05 1.9672573e-06 1.6448992e-05 0.00015392675 2.9858651e-05 7.871225e-05 1.579748e-05 6.422334e-05 0.06952143 5.531344e-06 6.0674756e-05 1.4647437e-06 4.2496064e-05 0.00010207807 3.896041e-05 0.0076578567 0.07383005 4.521189e-05 2.0636212e-06 1.1414253e-05 5.456948e-06 0.00058070663 8.283727e-06 7.993546e-07 0.00079516607 1.2221871e-07 2.9331832e-05 2.1490696e-05 2.3809276e-05 4.3834266e-06 7.36453e-06 0.00059019274 0.0002801944 1.6811997e-05 0.00019271622 1.0440624e-06 3.0040865e-06 2.6940357e-09 1.8699873e-06 2.3537837e-05 1.1758584e-08 7.708576e-06 1.7389734e-08 2.1815575e-07 1.1753445e-05 0.18622646 2.6870821e-09 0.00012559495 3.415182e-05 0.00017071661 0.004981704 1.3247711e-09
0.9918124 0.38456362 1.4970474e-17 0.36013743 0.11976206 0.5339311 0.06579876 0.032442696 0.0040433197 0.18706487 0.00052985543 0.0032575517 0.26513153 0.12785374 0.3404295 0.0027582762 0.0032378342 0.0461526 0.0016670583 0.327597 0.0007203179 0.0077912873 0.00011640118 0.0007460069 0.019295054 0.00061231456 0.005609515 1.9896515e-06 0.0004929557 0.21992962 0.0011523389 0.0032371338 2.9677358e-07 7.109055e-06 2.0384512e-08 1.8864272e-09 0.34984878 0.00033002844 0.00027488 1.5828205e-06 0.00014939552 0.002997902 9.278553e-10 2.9545512e-05 2.1964966e-05 0.0015339921 0.001626808 0.00082814286 0.00089371984 1.1988251e-06 3.4586103e-09 5.115584e-08 0.00018177732 0.004012116 8.866874e-06 2.4390403e-09 0.0008030739 0.10727844 0.0020286483 0.00012347315 5.150529e-07 2.861885e-07 8.804553e-06 1.3451189e-05 0.670804 0.1993877 9.677645e-05 8.8922656e-07 1.2104857e-06 6.1345395e-10 0.00055980356 0.00020915558 9.9603555e-11 8.790051e-05 1.0583847e-07 0.00062733365 0.00028636205 4.1002373e-08 6.402953e-05 4.5208955e-07 1.1111856e-06 1.5630445e-05 0.0012098921 1.0128365e-05 1.0914e-06 3.913873e-06 6.208973e-13 4.8554225e-06 2.2851552e-06 2.1754024e-08 2.677287e-06 8.705196e-10 2.849093e-06 1.4065171e-10 0.5092407 7.552998e-10 9.651451e-07 1.4331299e-07 4.3480286e-06 0.002319829 1.0583937e-09
0.70187336 0.8945077 0.36013743 2.1515489e-18 0.6689769 0.58919394 0.6016242 0.60223705 0.020640679 0.42691207 0.014781951 0.23830926 0.35632387 0.35583514 0.24308258 0.024078788 0.15626636 0.32477778 0.022560747 0.0046909745 0.0033249592 0.033682015 0.005877617 0.018535206 0.018702459 0.0055517997 0.017840456 0.001212694 0.0024546927 0.006968018 0.001209234 0.04503711 0.0033269022 0.0006317648 0.0039146505 1.7398618e-07 0.053124532 0.0005875454 0.000581739 0.0013365668 0.002211806 0.00017392405 0.00025443954 7.447061e-05 0.0001058026 0.0003530347 0.0005242921 0.00020798204 0.0006191841 0.00035271 0.000115736475 0.00044482498 1.8141027e-05 3.110119e-05 2.8839298e-05 0.00022319515 1.612518e-05 0.025066359 2.6513459e-05 7.125698e-06 2.679462e-05 0.0012907195 9.539341e-06 5.69908e-06 0.0067259506 0.05781001 1.9676118e-06 1.8027329e-06 4.676232e-06 1.893878e-05 2.526405e-05 1.63635e-05 1.9671514e-05 0.0048130658 6.7842257e-06 1.2498645e-05 1.4030829e-05 1.6655176e-05 3.1472616e-06 1.6359653e-06 0.0043514264 9.635288e-06 6.62127e-06 1.04152705e-05 2.1460322e-05 9.0908986e-07 4.0652824e-07 5.5191085e-06 1.5665984e-06 5.2973004e-09 2.0752543e-07 1.5941243e-06 2.8422647e-08 0.00015053495 0.059053604 1.0869479e-08 3.3086358e-06 1.1292768e-05 2.6496662e-06 0.029881544 4.6990382e-07
0.98310864 0.79964274 0.11976206 0.6689769 4.542037e-20 0.4042302 0.3511139 0.7252291 0.06089507 0.7233374 0.06610154 0.38211262 0.07632901 0.11194148 0.07696274 0.024134627 0.20399064 0.043811977 0.020398505 0.009068456 0.0025701711 0.004784148 0.017100632 0.022083582 0.002174054 0.0022867033 0.0014841107 0.0012575518 0.00035378023 0.0024500082 0.00038919394 0.024232851 0.0015962719 0.0012476727 0.0006901177 4.0915168e-07 0.24641146 0.00023813853 5.5523506e-05 0.0014297832 0.0013702807 1.8395391e-06 6.5034874e-05 2.8625269e-05 8.984043e-05 0.0003104138 0.00010218716 0.000109041786 5.3575008e-05 0.0002929634 2.2393957e-05 0.00038671208 4.52505e-05 9.163519e-07 3.008027e-05 2.8427543e-05 1.4193927e-06 0.020586597 7.1887774e-07 1.0275322e-05 9.290348e-06 0.0003271992 6.7594456e-06 9.219519e-06 0.0018571946 0.014765735 3.0621625e-06 1.5064451e-06 4.120704e-06 8.680287e-06 6.2788727e-06 5.331011e-06 2.4847222e-06 0.0037144108 5.713095e-07 9.015418e-06 1.39704935e-05 4.079252e-05 6.996093e-07 3.5240234e-06 0.0016784965 3.817842e-06 8.09474e-07 6.3173857e-06 8.9713467e-07 9.0341337e-07 2.6173272e-09 9.812175e-07 7.923039e-07 2.88044e-08 5.70655e-07 2.5152124e-08 1.839975e-07 1.0329704e-05 0.13208695 1.0611675e-08 1.532689e-06 1.5571698e-06 1.3848341e-06 0.012195198 5.3252505e-09
0.964621 0.6570904 0.5339311 0.58919394 0.4042302 1.3437528e-17 0.13576989 0.12921424 0.01007795 0.37000096 0.0047325823 0.014408935 0.35592198 0.4852645 0.44955757 0.0039800433 0.014913019 0.07070022 0.0048370375 0.22331482 0.0029024784 0.008550781 0.00065460685 0.0023328576 0.018489307 0.00080392335 0.008154931 2.4059576e-05 0.0006593532 0.31619805 0.001721103 0.0069712247 4.189813e-06 1.02901395e-05 2.8156276e-07 9.506301e-08 0.35279945 0.00027844397 0.0002382998 1.0812917e-06 5.8105838e-05 0.0018188935 1.5454924e-08 1.083958e-05 3.4252687e-06 0.0022974252 0.0030738546 0.00057726225 0.002169365 5.626783e-06 7.567513e-08 2.513649e-08 1.0986804e-05 0.0033373903 1.8987035e-06 4.8451017e-08 0.00047370952 0.14286143 0.0026933083 2.397793e-06 2.2994577e-07 1.1309096e-07 2.755543e-06 9.668005e-07 0.41335163 0.118303895 2.1082897e-06 7.920059e-08 8.8219633e-07 5.645975e-09 2.9098714e-05 0.0001640479 2.9274625e-09 0.00028931734 5.1142862e-08 3.752534e-06 0.00025358514 2.6671557e-07 2.7069469e-05 3.7907887e-07 3.642723e-07 1.7951927e-06 0.001415092 7.218283e-07 3.1335418e-08 8.013892e-08 1.8865072e-12 9.6974944e-08 6.0607285e-08 1.3034734e-10 6.553423e-08 2.2317724e-10 5.657599e-08 1.3263811e-10 0.5649747 5.3067814e-11 8.352208e-08 1.7699566e-08 1.1243047e-07 0.0023570163 3.5208148e-10
0.97776365 0.3489392 0.06579876 0.6016242 0.3511139 0.13576989 6.26405e-16 0.64941823 0.69305426 0.13310058 0.4393808 0.35208604 0.060348045 0.056144595 0.0253944 0.19221589 0.1389843 0.14503808 0.12121472 0.0012081775 0.09974664 0.15001619 0.031934448 0.04419985 0.012909202 0.036790475 0.017871575 0.002736546 0.040477104 0.0051146774 0.060228124 0.049757283 0.0016730636 0.0017684561 0.0013489207 1.3085327e-06 0.11183573 0.023872223 0.0114473235 0.0035659513 0.0055158525 0.00075705344 5.9348575e-05 0.005467148 0.0037751573 0.0077855084 0.0022760935 0.009724242 0.002624241 0.0005338508 2.3454457e-05 0.0011738414 0.0021779293 5.60455e-05 0.0010554335 4.9495557e-05 0.0001203586 0.027914908 6.5541108e-06 0.00093664293 7.35795e-05 0.0028635547 0.0023067843 0.001039525 0.0020008537 0.030412048 0.00035850497 6.7472385e-05 0.00034568136 6.850061e-05 0.0004272933 7.632218e-05 5.114994e-06 0.0017236465 4.7502936e-06 0.00075358216 0.00012878013 1.1900228e-05 1.763624e-05 3.277568e-05 0.0022844383 0.00018611128 2.2946767e-06 0.00015244774 9.174957e-05 2.7535792e-05 1.1146239e-07 3.8769154e-05 0.0002131651 4.110877e-07 0.00010282484 5.632168e-08 1.1273916e-05 0.0010380133 0.15825348 2.7055153e-08 0.000100180674 7.120512e-05 0.00015109846 0.0067656543 1.7929256e-08
0.96441376 0.35133627 0.032442696 0.60223705 0.7252291 0.12921424 0.64941823 5.629352e-20 0.1487297 0.7138443 0.38753384 0.84282976 0.024831831 0.031951334 0.016255008 0.07117208 0.49101534 0.03744858 0.09281708 0.00025823253 0.014856225 0.0066636847 0.09386337 0.13345014 0.0018747702 0.011723361 0.0015643011 0.021598559 0.0037374573 0.00073863426 0.0019800179 0.2230299 0.0081350105 0.013953025 0.004766199 5.123824e-05 0.31233078 0.0023381275 0.00065217266 0.015285253 0.012011523 1.946932e-06 0.0019579234 3.2524338e-05 0.0005342605 7.4709125e-05 0.00012518681 0.00019402463 6.915114e-05 0.0025757179 0.0010387219 0.0054901373 1.3653922e-05 1.0188968e-06 0.0016980286 0.0011341408 5.601584e-07 0.009038633 4.2131228e-07 3.6517022e-06 0.00031066287 0.01216907 4.871212e-05 0.00011225837 0.00037952658 0.004104015 3.9822926e-06 4.3265878e-05 7.727083e-05 0.00024560108 1.9714944e-06 2.7608442e-07 0.000119345685 0.013718237 6.4108535e-05 2.374139e-05 2.2211414e-06 0.00036381354 4.672991e-08 1.6967288e-05 0.010328214 3.1102481e-06 2.3452275e-08 4.648531e-06 3.7845236e-06 8.8335224e-07 2.3332043e-07 1.5014476e-05 3.6799412e-07 1.4029104e-07 1.03499175e-07 4.947642e-06 6.827449e-07 0.0007293852 0.06394951 1.6332022e-07 3.4275283e-07 1.8172999e-06 6.8268015e-08 0.036989532 1.1776884e-07
0.9037127 0.01777685 0.0040433197 0.020640679 0.06089507 0.01007795 0.69305426 0.1487297 2.4402577e-18 0.04613013 0.9362581 0.13462241 0.001956685 0.008203784 0.003702561 0.48877856 0.07564482 0.015080172 0.32438305 9.6232725e-05 0.11291223 0.053958464 0.012319051 0.026849255 0.0028820352 0.05868075 0.0058882884 0.0007646123 0.05141519 0.00030906475 0.07168436 0.02622855 0.0008672682 0.0029889152 0.0013504159 3.3683483e-07 0.011196829 0.031343076 0.023895416 0.0041519543 0.004086869 0.00012134574 2.0122861e-05 0.010545533 0.010019775 0.0084520085 0.0012020392 0.014627784 0.0017382398 0.00049964915 7.574445e-06 0.0016316293 0.0034742854 4.659574e-06 0.00090571196 1.4672904e-05 6.2687136e-06 0.004793947 1.0421504e-06 0.0010314516 4.5874807e-05 0.003186731 0.0027670718 0.0010561333 0.00018357344 0.007343358 0.00046513672 5.3305e-05 7.784947e-05 2.0555102e-05 0.0002660689 5.411317e-06 1.0553122e-06 0.0012818071 4.373238e-06 0.0006040807 1.0129446e-05 1.6492793e-06 2.4998342e-06 7.1134427e-06 0.0024967513 0.00015153542 7.971697e-07 8.918534e-05 3.8065984e-05 6.179621e-05 1.4390338e-07 1.5028528e-05 7.942535e-05 3.2851628e-07 1.7334489e-05 2.5015927e-07 3.1122834e-06 0.0008597771 0.017488142 2.0022293e-08 1.0532556e-05 2.5513702e-05 4.1915617e-05 0.0023905132 1.370963e-08
0.99736875 0.52689224 0.18706487 0.42691207 0.7233374 0.37000096 0.13310058 0.7138443 0.04613013 3.1610035e-24 0.09538136 0.56894034 0.03414579 0.1384185 0.015894605 0.0045639146 0.47969666 0.009223315 0.0064264457 0.00055803795 0.00061296806 0.0012365037 0.025085796 0.021855505 0.0003216221 0.00027824013 5.7205052e-05 0.021155704 6.33706e-05 0.00014166205 3.7677797e-05 0.015429544 0.0061831293 0.004435228 0.0020204522 0.00010809834 0.36862606 0.000119230324 7.3054844e-06 0.0041731824 0.0009816402 4.8608683e-07 0.0008565959 5.4753702e-08 6.862553e-06 3.0709857e-06 7.254227e-06 4.0260006e-06 9.992104e-07 0.00023187917 0.0004069606 0.0005198002 1.5782177e-07 3.4582015e-07 1.6970831e-05 0.0003758732 6.887645e-08 0.009847799 6.8951245e-08 7.92624e-08 1.5118416e-05 0.00047672327 9.4009226e-07 5.2150826e-06 0.00039409252 0.0005860677 2.4085576e-08 9.425106e-07 3.479126e-06 0.000121957615 3.070561e-08 4.5594156e-08 3.0775236e-06 0.101640336 1.4115645e-06 1.5985057e-06 3.0043324e-08 9.377663e-06 3.817585e-09 1.2765169e-07 0.02662789 2.772624e-08 5.888166e-09 2.0627592e-08 2.6430249e-07 1.664729e-08 1.5312207e-08 2.1119453e-07 8.838257e-09 1.4525917e-09 1.01741495e-08 2.285335e-07 5.393699e-09 1.5433076e-05 0.31257537 1.3893654e-09 7.833176e-09 2.3599679e-08 1.6961541e-09 0.114750326 1.9611337e-08
0.9766125 0.013080536 0.00052985543 0.014781951 0.06610154 0.0047325823 0.4393808 0.38753384 0.9362581 0.09538136 5.0334393e-16 0.6045034 0.00049942476 0.00345746 0.0010667641 0.076351054 0.26724792 0.0035585775 0.1238069 1.703389e-05 0.094833136 0.014677062 0.111693256 0.1138361 0.0004731063 0.030073173 0.0008556549 0.012646459 0.013725678 0.00010948403 0.01730075 0.0760716 0.006230248 0.01579001 0.00669228 5.546134e-06 0.06583922 0.027231552 0.0041504954 0.012173921 0.015663851 3.808336e-06 0.0003551969 0.0026713666 0.0061360206 0.0014491209 0.00016410627 0.0020228284 0.00039373958 0.002269145 0.00017896372 0.0040445477 0.0007453893 3.4740697e-08 0.0038427345 0.00021335772 1.9345748e-07 0.0035251444 1.43055505e-08 0.00059869327 0.0004665368 0.0070423665 0.0040597757 0.002092391 4.587616e-05 0.001155187 8.078106e-05 0.00021084226 0.00086284295 0.00014428906 2.3318698e-05 3.467769e-07 2.6170079e-05 0.0033382005 4.4390425e-05 0.0007232374 6.182008e-07 3.533451e-05 6.1602e-08 4.801073e-05 0.0035583316 4.9762828e-05 4.0461328e-09 3.1708438e-05 0.00013259248 4.5913588e-05 1.256062e-06 5.3433723e-05 0.00013680311 4.709696e-06 8.713591e-05 1.7750143e-06 2.0269299e-05 0.0021782483 0.021555837 2.6052714e-07 4.280096e-06 7.629791e-06 1.5640466e-05 0.007296451 1.18778004e-07
0.97443956 0.054935507 0.0032575517 0.23830926 0.38211262 0.014408935 0.35208604 0.84282976 0.13462241 0.56894034 0.6045034 2.912603e-20 0.004002054 0.004208593 0.0005987767 0.08297512 0.78514755 0.010802656 0.15346345 7.1248896e-06 0.040378258 0.0040527987 0.47593045 0.48943788 0.00033551347 0.03251153 0.0004776168 0.10712362 0.008309914 4.4519096e-05 0.004995267 0.42196435 0.051222593 0.123400286 0.056834113 0.002199297 0.40336365 0.013046376 0.0012904919 0.06488569 0.086255915 3.8640476e-07 0.013337694 0.00024457127 0.0060253926 0.00010077949 7.4146395e-05 0.00028452103 9.405433e-05 0.024398765 0.014358072 0.020818457 6.440151e-05 2.054303e-07 0.023875423 0.0044313446 1.3316124e-07 0.0037525361 1.172356e-08 5.0624683e-05 0.004604424 0.041871324 0.0015633539 0.0058330875 2.5878095e-05 0.0008204457 8.252329e-06 0.0016668821 0.00096304924 0.003908825 9.645553e-07 9.651381e-08 0.00073701196 0.041405488 0.00048212064 0.0008941546 5.9455186e-07 0.0021640244 1.0536748e-08 0.0011027213 0.031363375 1.0102521e-05 1.14299e-08 6.3309976e-06 0.0001574546 7.992224e-06 1.5016494e-05 0.00056231115 1.5837983e-05 2.078701e-05 1.1082282e-05 8.603356e-05 3.0180294e-05 0.0068034073 0.02044585 2.5927611e-06 1.751797e-06 5.5969304e-06 1.0934988e-07 0.06522377 1.6550271e-06
0.44390127 0.17946345 0.26513153 0.35632387 0.07632901 0.35592198 0.060348045 0.024831831 0.001956685 0.03414579 0.00049942476 0.004002054 9.663301e-19 0.3858604 0.8168189 0.006498804 0.0036925217 0.7212686 0.0029311045 0.1817962 0.00040058364 0.18260944 0.00024595176 0.0022071535 0.59529126 0.003520188 0.29803824 5.004228e-05 0.0014955583 0.026000075 0.0003514411 0.01163735 0.00039303108 8.220599e-05 0.00011474539 2.4048347e-08 0.018735424 5.5193854e-05 0.00015354043 0.00021113463 0.0006607151 0.37353668 4.392633e-06 0.00062512065 0.0002807269 0.0047490434 0.16145365 0.0004309967 0.069135636 4.4229895e-05 2.4164333e-06 7.734249e-05 0.00031512894 0.074941464 3.382809e-05 2.0197805e-05 0.027749658 0.12444798 0.009319882 8.905895e-05 1.757996e-06 0.00020501121 0.00010649756 0.000115956995 0.11464244 0.534414 4.169721e-05 1.6276241e-06 1.7320162e-05 1.23254595e-05 0.0014726631 0.0030238142 6.17487e-06 0.00079578283 6.518272e-07 0.00016506924 0.0022287748 3.7215389e-06 0.0008128709 4.8429195e-07 0.0011666863 0.00013428919 0.0032225382 5.937779e-05 1.9723358e-05 4.8830566e-06 7.2670474e-07 1.8257285e-06 1.6481465e-05 4.415043e-08 3.923122e-06 2.4730235e-07 1.3500268e-07 0.00039003402 0.14807828 3.326559e-08 1.3815911e-05 1.7696977e-05 4.6912515e-05 0.021027867 5.430616e-08
0.91288596 0.35265353 0.12785374 0.35583514 0.11194148 0.4852645 0.056144595 0.031951334 0.008203784 0.1384185 0.00345746 0.004208593 0.3858604 1.5824962e-15 0.5820268 0.005569809 0.0012276741 0.04478499 0.0031817656 0.5381362 0.0012244103 0.013243122 0.00063481834 0.0018251376 0.050200876 0.00021900346 0.020647574 1.758723e-05 0.00011533717 0.26808605 0.0019685768 0.0034128805 2.1516247e-07 0.00012572449 5.0611476e-08 2.383306e-07 0.15324222 0.00028054116 1.5129968e-05 2.1852075e-07 0.00040614873 0.1738063 6.6850325e-09 3.9219403e-06 1.1721118e-05 0.006491845 0.009639149 0.00041268728 0.005490417 2.1642294e-05 4.968702e-08 1.6696038e-08 2.5733802e-05 0.19960245 3.576088e-05 4.974344e-08 0.07908031 0.2165587 0.029396532 1.3701192e-05 2.4147928e-06 1.8773902e-08 2.5976158e-05 5.9806553e-06 0.6443197 0.2305044 1.6780283e-05 1.5932399e-06 2.7459625e-06 5.519751e-10 0.0013892695 0.0027453708 2.0871878e-10 8.657277e-06 2.8665642e-07 6.8538475e-06 0.0005518267 4.8515916e-09 9.463682e-05 8.083989e-08 9.27743e-08 2.9150694e-06 0.015697489 1.1418778e-06 3.6575404e-08 8.4321286e-08 1.7505975e-12 5.020028e-08 5.8696905e-08 4.4941983e-10 2.9288211e-08 1.3275914e-09 7.60574e-09 5.4068755e-12 0.6834025 7.348397e-11 1.0537679e-07 1.9594511e-08 4.0117463e-08 8.305286e-05 7.2045653e-10
0.08778056 0.13490589 0.3404295 0.24308258 0.07696274 0.44955757 0.0253944 0.016255008 0.003702561 0.015894605 0.0010667641 0.0005987767 0.8168189 0.5820268 3.9115542e-20 0.0036436063 0.000571593 0.15251005 0.0011191258 0.9161152 0.00017711641 0.023050189 2.2494258e-05 0.0003060408 0.084775366 0.00011951653 0.048001736 9.627466e-07 0.00036416328 0.026524875 3.087532e-05 0.00072208926 6.4721335e-06 1.2199389e-06 2.879107e-05 3.6034236e-09 0.010886584 2.968315e-06 5.4532593e-06 7.5714333e-06 5.687439e-06 0.042792477 8.85674e-08 8.632241e-06 2.0008115e-06 0.00037006472 0.02519612 1.7127359e-05 0.013507314 1.337534e-06 1.2660026e-08 1.168421e-05 3.325588e-06 0.049820744 6.3654426e-07 5.3131902e-08 0.016643317 0.123757936 0.022980982 5.9361366e-07 1.435266e-07 3.795365e-05 1.8521263e-05 6.2914575e-07 0.20527636 0.62966764 2.5353327e-07 2.1902002e-07 2.0330833e-06 5.9689944e-07 6.018869e-05 0.0009685332 5.669824e-09 0.00012387107 3.162091e-08 2.5820075e-06 0.0007884455 4.6109507e-09 0.0008451484 3.776883e-08 1.7371294e-05 2.0850991e-06 0.014870613 5.4719175e-07 2.1366088e-08 2.4057293e-08 1.7186219e-08 2.9280223e-08 2.6161006e-08 4.712548e-10 1.6209386e-08 6.6488764e-10 3.05611e-09 4.099149e-05 0.17396575 4.898919e-10 1.4135037e-07 2.0409374e-08 6.178577e-07 0.004481554 4.0637105e-10
0.82292295 0.022595558 0.0027582762 0.024078788 0.024134627 0.0039800433 0.19221589 0.07117208 0.48877856 0.0045639146 0.076351054 0.08297512 0.006498804 0.005569809 0.0036436063 5.4575526e-19 0.02455895 0.14892595 0.86768925 8.795216e-05 0.767044 0.24349287 0.0186573 0.025801137 0.013857974 0.30167308 0.032011375 0.0019451319 0.18685412 0.00021659612 0.2653813 0.064306706 0.0010905393 0.0014530984 0.0014631047 4.3517144e-07 0.010146502 0.08968138 0.0548721 0.0023498856 0.014618476 0.00023270925 5.390866e-05 0.034305017 0.026180128 0.026272878 0.0071670813 0.042558644 0.010163711 0.00030121102 1.4077581e-05 0.0005737658 0.010251939 3.2062553e-06 0.0011573064 2.4304421e-05 7.0126493e-06 0.0010784565 9.934761e-07 0.0036039741 5.418312e-05 0.0018133096 0.008178892 0.0020635496 3.143959e-06 0.0028259293 0.0033169037 5.4250806e-05 0.0002953803 6.671836e-05 0.0015403667 6.161135e-06 8.260202e-06 0.0019127743 2.6979685e-06 0.0015175481 4.6922403e-05 3.7595604e-05 4.905615e-06 4.886776e-05 0.002444098 0.0007978821 1.3421992e-06 0.0004424797 0.0002217647 0.0001106843 1.2453361e-07 2.3728624e-05 0.00047085216 2.5810854e-07 0.0001547491 1.1141137e-07 3.12659e-06 0.000303368 0.007432329 1.9815657e-08 2.3734032e-05 6.0807928e-05 5.0954142e-05 0.0065217544 2.6636244e-09
0.9954285 0.039048042 0.0032378342 0.15626636 0.20399064 0.014913019 0.1389843 0.49101534 0.07564482 0.47969666 0.26724792 0.78514755 0.0036925217 0.0012276741 0.000571593 0.02455895 1.1756854e-20 0.0034665177 0.048542093 7.9505924e-05 0.00661926 0.0019838025 0.3859915 0.28606892 0.00045845265 0.005351139 6.915404e-05 0.23761445 0.0013535056 4.7671124e-06 0.00081016985 0.14571795 0.122293696 0.2181819 0.09063337 0.030592171 0.4254901 0.0028111455 9.105214e-05 0.14225037 0.03213163 2.6828317e-07 0.07161001 2.465742e-05 0.0011016917 4.2846765e-05 5.0842158e-05 7.5138414e-05 1.0019056e-05 0.03957042 0.039834097 0.03755295 2.9612589e-05 2.7707674e-07 0.012786894 0.019346701 5.179413e-07 0.00087895186 2.305453e-08 5.120922e-05 0.0038352162 0.04696905 0.0002871899 0.0014004027 4.1589683e-06 2.0343412e-05 1.3906096e-06 0.00138168 0.0012782743 0.014333854 4.196333e-07 5.7803567e-07 0.003720283 0.13738559 0.00080327695 0.0006923765 1.3484937e-06 0.004862529 4.9817313e-08 0.0016415253 0.093902454 7.1841346e-06 1.033609e-07 9.828897e-06 0.00037610828 9.811778e-06 0.00024773378 0.0005793111 0.00013609418 0.00012402912 0.00013190912 0.00020947577 0.00012501526 0.010297915 0.02076576 3.3144068e-05 4.886369e-06 4.294499e-05 2.877323e-07 0.23087011 3.3563797e-06
0.3347298 0.068982646 0.0461526 0.32477778 0.043811977 0.07070022 0.14503808 0.03744858 0.015080172 0.009223315 0.0035585775 0.010802656 0.7212686 0.04478499 0.15251005 0.14892595 0.0034665177 9.301125e-18 0.057776928 0.007826217 0.03902534 0.8532183 0.0011250798 0.010321257 0.75015414 0.08262606 0.8315362 0.00017591381 0.11553163 0.009578153 0.06568134 0.120556034 0.0003311063 0.00034802014 0.00033310163 5.743031e-07 0.0052938373 0.002305458 0.027244342 3.0076197e-05 0.0052447417 0.18845376 1.690807e-05 0.034021292 0.004898222 0.1314608 0.26611522 0.025691867 0.23642981 0.00037967283 5.1126313e-05 3.4894852e-05 0.009893846 0.0068833907 0.0005504313 6.4847154e-05 0.006221274 0.022097092 0.00028660218 0.0019063631 5.3352353e-05 2.735235e-05 0.0005160601 0.0008252498 0.003994331 0.08766829 0.0016717782 1.6548858e-05 2.1060865e-05 2.050285e-05 0.007126667 0.0028675843 2.524514e-05 0.00030245542 4.234874e-06 0.00037248537 0.0040609683 5.502803e-05 0.0002979816 1.920126e-05 0.0010399068 0.0014456902 7.411487e-05 0.00084380386 9.745975e-06 1.4083543e-05 1.3385484e-06 3.089087e-05 4.3676257e-05 1.7414735e-07 4.5262473e-06 1.1139028e-06 6.077314e-07 0.00012363173 0.036081742 1.7654311e-07 0.0001126033 0.0002770325 0.0006905762 0.0037198307 3.6005827e-07
0.8490544 0.013739979 0.0016670583 0.022560747 0.020398505 0.0048370375 0.12121472 0.09281708 0.32438305 0.0064264457 0.1238069 0.15346345 0.0029311045 0.0031817656 0.0011191258 0.86768925 0.048542093 0.057776928 3.189549e-19 1.3906037e-05 0.8008317 0.07692648 0.061399985 0.087091945 0.004420516 0.43331197 0.013810043 0.0050874567 0.11597934 4.6188637e-05 0.11596243 0.19995852 0.0031085906 0.0064965575 0.0029918067 4.760161e-06 0.017771987 0.08307194 0.03292359 0.004010827 0.024601303 5.522387e-05 0.00029133577 0.025197925 0.038038917 0.016933858 0.0033458974 0.025896538 0.0038418164 0.0018571301 0.0001287935 0.0014647025 0.0086934175 5.3626997e-07 0.0041737393 0.00021421137 2.1593817e-06 0.0005217918 1.5870019e-07 0.0077571343 0.0003974314 0.004898201 0.012512832 0.0063316566 1.1889445e-06 0.0007723422 0.0014228182 0.0003450169 0.00083484506 0.00040148434 0.00045566953 4.1958033e-06 5.6412446e-05 0.0031626008 5.3740856e-05 0.0033050391 1.6770811e-05 0.0002995624 3.1209088e-06 0.00025663013 0.0032639343 0.00038023698 3.621514e-07 0.00026227557 0.0006373012 0.00035968507 2.1253277e-06 0.000117589894 0.000883552 3.8343965e-06 0.0004582461 2.471787e-06 4.4156768e-05 0.00060361426 0.0029636377 2.8363579e-07 3.4428507e-05 0.000115321884 1.9407173e-05 0.0074200123 5.2278946e-08
0.004652807 0.006951975 0.327597 0.0046909745 0.009068456 0.22331482 0.0012081775 0.00025823253 9.6232725e-05 0.00055803795 1.703389e-05 7.1248896e-06 0.1817962 0.5381362 0.9161152 8.795216e-05 7.9505924e-05 0.007826217 1.3906037e-05 2.5674566e-17 7.1402624e-06 0.0016703287 1.2676893e-06 1.8092082e-05 0.0076931613 2.2076972e-06 0.0021173935 9.242772e-07 7.167115e-06 0.019086733 8.245736e-06 2.5751477e-05 2.8715317e-06 4.654029e-07 1.025697e-06 1.9672028e-08 0.0036285238 1.401607e-06 1.5526106e-07 4.0330273e-05 2.0051323e-06 0.0036646738 2.0716713e-07 5.337906e-07 1.3269872e-06 9.473923e-05 0.0009141397 2.1006872e-06 0.0004520946 9.702966e-07 4.6687767e-08 0.00056638155 2.0212867e-06 0.007785813 8.090402e-07 6.1837675e-08 0.002524177 0.052787863 0.0069021545 5.616948e-07 2.7097747e-07 7.2387644e-05 6.9190555e-06 1.4843959e-06 0.4889109 0.65026927 1.383053e-07 5.6719773e-07 1.7795636e-06 9.7609586e-08 4.7772155e-06 4.7157384e-05 3.234658e-08 4.1839572e-05 2.0863938e-08 3.9332863e-06 2.3483844e-05 1.6360621e-08 2.5726637e-05 3.317099e-08 5.864722e-06 6.32785e-07 0.11244594 4.8751485e-07 1.4979605e-07 6.686056e-08 9.447473e-10 2.19405e-08 2.9833262e-07 4.5914653e-10 1.3768847e-07 2.214435e-09 4.930099e-09 4.622224e-06 0.14894043 3.5435863e-10 7.2250224e-08 1.002729e-08 1.1348402e-07 0.0026688187 5.688954e-09
0.9267782 0.004261079 0.0007203179 0.0033249592 0.0025701711 0.0029024784 0.09974664 0.014856225 0.11291223 0.00061296806 0.094833136 0.040378258 0.00040058364 0.0012244103 0.00017711641 0.767044 0.00661926 0.03902534 0.8008317 7.1402624e-06 6.2839496e-20 0.41868338 0.02488216 0.04320892 0.0021248022 0.90750474 0.022761539 0.0014684509 0.64166796 7.9341135e-06 0.7082838 0.10405259 0.00076903956 0.001867828 0.0004472078 1.3466803e-06 0.0039560795 0.61267 0.34930876 0.0012292018 0.036454752 4.7823458e-05 5.4309665e-05 0.23363848 0.18896006 0.0920186 0.008717793 0.22599448 0.024301233 0.00025971638 6.8364693e-06 0.00073487975 0.07012221 8.445613e-07 0.0008566196 1.2271379e-05 3.3727024e-06 0.00046731875 9.425518e-09 0.04516057 0.0002461362 0.0010731186 0.1580291 0.0046254806 2.1215792e-08 0.00030717032 0.032786485 5.068178e-05 0.00029194096 6.8857603e-06 0.0063500335 1.8847786e-05 2.1295846e-06 0.0002850732 8.29617e-06 0.023718497 0.0011501584 7.9336205e-06 6.4133186e-05 9.843099e-06 0.00074360933 0.0075164577 2.965475e-09 0.0033682284 0.00030759277 0.005651665 3.481134e-08 1.7517594e-05 0.0024624665 3.8817174e-07 0.00047713218 5.3683614e-08 4.9793707e-06 0.00022447617 0.0017737302 8.619254e-09 0.0035279326 0.0038988495 0.0017495533 0.003226177 3.569263e-09
0.7651 0.030189587 0.0077912873 0.033682015 0.004784148 0.008550781 0.15001619 0.0066636847 0.053958464 0.0012365037 0.014677062 0.0040527987 0.18260944 0.013243122 0.023050189 0.24349287 0.0019838025 0.8532183 0.07692648 0.0016703287 0.41868338 5.858006e-18 0.0053817127 0.009009253 0.7332058 0.17756698 0.82388955 0.0013262371 0.534108 0.00033821413 0.7665883 0.04915567 0.00050099153 0.00062593434 0.00031132813 1.1027118e-06 0.0055054 0.06451368 0.34501514 0.00011297795 0.006732587 0.50049585 1.7963532e-05 0.29332054 0.027196947 0.55562496 0.4454659 0.4279687 0.34035042 0.00024996174 1.4173123e-06 0.00021410904 0.14631766 0.019375006 0.0008320607 5.0315316e-06 0.033769187 0.019341951 0.00020670089 0.026384799 0.00010878992 0.0001859378 0.015932407 0.0017634575 0.00030063995 0.046289895 0.08370933 5.3546304e-05 4.2645584e-05 9.22879e-06 0.09921408 0.012121424 1.0498444e-06 0.0005175535 5.486729e-06 0.005669455 0.08650107 1.0721297e-05 0.009867198 1.0109431e-05 0.0014943435 0.01826292 5.1020693e-06 0.013473587 0.00022138201 0.0006331496 5.2127895e-08 1.7179329e-05 0.0015180946 1.5888676e-07 0.00032551325 3.7200965e-07 4.238101e-06 0.0004817966 0.014547312 3.7927723e-08 0.003168956 0.0022925322 0.010198745 0.0035156219 5.755765e-08
0.9838727 0.0012861589 0.00011640118 0.005877617 0.017100632 0.00065460685 0.031934448 0.09386337 0.012319051 0.025085796 0.111693256 0.47593045 0.00024595176 0.00063481834 2.2494258e-05 0.0186573 0.3859915 0.0011250798 0.061399985 1.2676893e-06 0.02488216 0.0053817127 3.9178622e-17 0.7978076 0.0004891659 0.04037037 0.0015259836 0.23305006 0.01692485 5.8372996e-05 0.015668526 0.58942485 0.1533287 0.79112256 0.08820059 0.009312881 0.087367535 0.091679715 0.009563512 0.16736907 0.35056904 2.5136685e-06 0.10840668 0.0059729866 0.062513754 0.0017129197 0.00045079738 0.004769518 0.0013118295 0.1379154 0.14479403 0.078145064 0.0023140125 1.802854e-07 0.17735162 0.038619995 7.935592e-07 0.0010560568 2.411058e-08 0.0036404699 0.09437295 0.104547165 0.036829863 0.0866631 2.4376988e-05 0.00030479417 0.0004110272 0.042279 0.03302488 0.009171852 0.00010599257 1.1484949e-06 0.0058921305 0.019422919 0.009505967 0.029912451 3.295004e-06 0.007620796 4.3851304e-07 0.009855716 0.017476521 0.00019697503 9.822778e-08 0.00013501511 0.0063731815 0.0009360893 0.0016838524 0.0031317784 0.0038278368 0.00050402124 0.0032927976 0.0011866224 0.00050211395 0.04221513 0.019827101 5.3862925e-05 1.5307382e-05 3.9079376e-05 1.29557475e-05 0.031705033 3.8639784e-05
0.97980624 0.005266233 0.0007460069 0.018535206 0.022083582 0.0023328576 0.04419985 0.13345014 0.026849255 0.021855505 0.1138361 0.48943788 0.0022071535 0.0018251376 0.0003060408 0.025801137 0.28606892 0.010321257 0.087091945 1.8092082e-05 0.04320892 0.009009253 0.7978076 2.0267213e-18 0.0013518254 0.079501525 0.0070829066 0.11580393 0.021793054 6.644419e-05 0.012434446 0.84890467 0.066580206 0.4931685 0.06240111 0.0020554685 0.06985474 0.07711037 0.015913457 0.072908044 0.30445015 5.6880467e-06 0.020888679 0.012607497 0.08009928 0.0060129687 0.002549444 0.014022572 0.0032740347 0.048225675 0.034162503 0.04199311 0.0060718344 2.550166e-07 0.10384465 0.010979327 1.2023022e-06 0.0005092604 1.7446685e-07 0.010103577 0.03340879 0.0433165 0.027324507 0.07716163 7.025401e-06 0.0002170272 0.0013067427 0.020882051 0.01588255 0.007532395 0.00016454273 2.6976136e-06 0.0028180105 0.009395797 0.0031151702 0.022464177 1.03554785e-05 0.0096828705 8.8936736e-07 0.0036777542 0.013657212 0.00059063867 2.4206528e-07 0.0005330119 0.009138835 0.0017735567 0.0013625008 0.0018108487 0.00579352 0.00018057492 0.004248701 0.00025539642 0.0007055209 0.019057065 0.014121209 3.0888015e-05 2.036896e-05 0.00018535143 2.8840865e-05 0.03011743 1.452995e-05
0.19037335 0.016905291 0.019295054 0.018702459 0.002174054 0.018489307 0.012909202 0.0018747702 0.0028820352 0.0003216221 0.0004731063 0.00033551347 0.59529126 0.050200876 0.084775366 0.013857974 0.00045845265 0.75015414 0.004420516 0.0076931613 0.0021248022 0.7332058 0.0004891659 0.0013518254 7.293518e-19 0.006690283 0.88940185 3.5242334e-05 0.020093108 0.0033324684 0.01681082 0.0066111684 7.2468465e-05 0.00019183698 5.6201734e-05 2.3019722e-07 0.0024588024 0.00068205973 0.0050371583 5.848206e-06 0.0020124773 0.82033825 5.952883e-07 0.0063604214 0.0015423159 0.3078874 0.63460875 0.015085551 0.3941985 8.427263e-05 1.7582768e-05 2.9344677e-05 0.004736436 0.12618613 9.907097e-05 9.2934984e-05 0.12792249 0.010172954 0.0024422458 0.0007918383 2.1556916e-05 5.4482305e-05 0.001030471 0.00011726155 0.017561864 0.09696818 0.0014649938 1.39220665e-05 2.1131542e-05 5.07366e-06 0.025077658 0.03419213 6.563356e-06 0.00045955006 3.2253433e-06 0.0002901518 0.06248854 1.899284e-05 0.014295147 1.1185979e-05 0.0028390035 0.0010094089 0.00031370524 0.0005094708 1.9947898e-05 8.369822e-06 2.1385422e-07 5.69946e-06 2.3432458e-05 1.9738016e-07 4.7270605e-06 3.7317227e-07 7.518156e-07 7.442901e-05 0.0055145873 1.1998367e-07 6.562145e-05 2.1942438e-05 0.0010262136 0.0062919674 3.226754e-07
0.18102106 0.003207352 0.00061231456 0.0055517997 0.0022867033 0.00080392335 0.036790475 0.011723361 0.05868075 0.00027824013 0.030073173 0.03251153 0.003520188 0.00021900346 0.00011951653 0.30167308 0.005351139 0.08262606 0.43331197 2.2076972e-06 0.90750474 0.17756698 0.04037037 0.079501525 0.006690283 1.88823e-21 0.061982863 0.0013969267 0.76007366 5.5297514e-06 0.50200224 0.43985116 0.0012560057 0.00819489 0.0014231193 2.7851142e-06 0.0008491062 0.47912613 0.40685204 0.0008405426 0.09816634 4.883124e-05 0.0008994568 0.29638115 0.37999874 0.109248556 0.0233672 0.20704043 0.03582316 0.0028310653 0.00033230142 0.00061497 0.10663953 6.0967494e-07 0.008528618 0.00047292412 5.99496e-06 0.00014057611 5.382821e-07 0.10619914 0.0011532002 0.0008407338 0.057502754 0.036164258 1.1826569e-06 0.00015595909 0.011254571 0.0012140421 0.0016927448 0.00022710253 0.0007852507 9.80322e-06 8.723078e-05 0.00038333202 0.00014940905 0.02327922 6.8560876e-05 0.00015108637 1.7073646e-06 0.00012467473 0.0004781042 0.006881021 3.305491e-08 0.004577491 0.0030012273 0.0033838742 8.5797905e-07 0.00021884561 0.0052351924 3.2377723e-06 0.0020874809 1.1444555e-05 4.8413633e-05 0.00022247856 0.00023177946 4.8465233e-07 0.0008297488 0.0014028496 1.5412896e-05 0.0020287712 6.106421e-07
0.03362411 0.005436887 0.005609515 0.017840456 0.0014841107 0.008154931 0.017871575 0.0015643011 0.0058882884 5.7205052e-05 0.0008556549 0.0004776168 0.29803824 0.020647574 0.048001736 0.032011375 6.915404e-05 0.8315362 0.013810043 0.0021173935 0.022761539 0.82388955 0.0015259836 0.0070829066 0.88940185 0.061982863 5.4668036e-19 5.317771e-05 0.13380314 0.001519815 0.09929489 0.06822976 3.7815495e-05 0.00047891418 1.3050663e-05 2.699791e-06 0.0006772019 0.0061493684 0.07550803 4.63377e-06 0.009925193 0.33907208 6.147307e-06 0.09739845 0.013155135 0.5936168 0.6321131 0.14417145 0.5012109 0.00024171661 4.1343494e-05 3.33446e-05 0.07752501 0.003729711 0.0006768597 0.00022318025 0.008149582 0.0022559676 0.00017004553 0.0071254577 0.00026902097 8.1801125e-05 0.0032423395 0.0017622001 0.0003934098 0.014159196 0.03316022 4.92703e-05 0.00029575068 6.2774056e-06 0.122857936 0.0048849294 3.0309282e-05 0.0002592321 9.7604054e-05 0.0007585469 0.015134437 9.25367e-06 0.000927599 1.6261447e-05 0.00023166144 0.008073654 1.116062e-05 0.0052072434 1.839612e-05 2.9956624e-05 1.0925716e-06 2.4012748e-05 4.4039058e-05 1.5868007e-07 8.9720525e-06 3.5105993e-06 7.300995e-07 0.00011547519 0.0034749932 8.427659e-08 0.00047381117 0.00052088324 0.0024024982 0.002410002 7.7091676e-07
0.9654355 0.00021675813 1.9896515e-06 0.001212694 0.0012575518 2.4059576e-05 0.002736546 0.021598559 0.0007646123 0.021155704 0.012646459 0.10712362 5.004228e-05 1.758723e-05 9.627466e-07 0.0019451319 0.23761445 0.00017591381 0.0050874567 9.242772e-07 0.0014684509 0.0013262371 0.23305006 0.11580393 3.5242334e-05 0.0013969267 5.317771e-05 1.776188e-17 0.00019357385 7.119592e-06 0.00046143535 0.068344444 0.8612508 0.2767208 0.53450984 0.48562136 0.070274375 0.0074982974 7.850609e-05 0.37138703 0.21971671 9.174121e-08 0.2481366 7.178946e-05 0.002098758 3.871348e-05 1.2306701e-05 3.3890865e-05 0.00017937552 0.190777 0.19233468 0.1590386 4.7353784e-05 1.6692885e-08 0.15332684 0.10244448 6.983098e-08 0.00010073327 7.572028e-09 0.00011733293 0.17434758 0.086892374 0.006447649 0.0324555 0.0016312498 7.534097e-07 2.3335604e-05 0.07118493 0.05398926 0.016098162 3.0135512e-05 2.4690058e-07 0.021497099 0.067040734 0.056736525 0.0027324767 3.876592e-06 0.021743173 1.598897e-07 0.05397696 0.05046591 3.070519e-05 1.4876603e-07 1.454541e-05 0.00036512918 3.985311e-05 0.001532635 0.0029022528 0.0007279964 0.009264399 0.0012183184 0.027311787 0.0008592934 0.025940744 0.00018441606 0.00486092 1.9428784e-05 1.7635499e-05 1.2388554e-05 0.10105909 0.0032784997
0.22314794 0.0031563833 0.0004929557 0.0024546927 0.00035378023 0.0006593532 0.040477104 0.0037374573 0.05141519 6.33706e-05 0.013725678 0.008309914 0.0014955583 0.00011533717 0.00036416328 0.18685412 0.0013535056 0.11553163 0.11597934 7.167115e-06 0.64166796 0.534108 0.01692485 0.021793054 0.020093108 0.76007366 0.13380314 0.00019357385 1.8658971e-21 4.0549075e-06 0.90713054 0.10748988 0.0004805418 0.0020026881 0.00031945173 5.5140924e-07 0.00036875647 0.4156883 0.54295427 0.00022780315 0.045700092 0.0004274172 0.00016230052 0.37161437 0.26293293 0.24133714 0.05464604 0.39740655 0.060661614 0.00024697723 5.8586425e-05 0.0002405599 0.1521293 1.0588477e-06 0.00071831135 3.990807e-05 1.345573e-05 6.361159e-05 1.3864589e-07 0.06154674 7.7258526e-05 0.00022077122 0.05957367 0.010378826 1.15420065e-07 6.900891e-05 0.03673624 3.4379227e-05 0.00024369491 2.4618254e-05 0.007297769 4.1782794e-05 1.1225691e-05 0.00020677602 3.346784e-06 0.017482657 0.0007253557 1.8004177e-05 7.862458e-06 4.671882e-06 0.00026868997 0.008303283 2.1150834e-07 0.007041487 0.0005534139 0.0011733562 4.5975426e-08 9.30261e-06 0.0022907106 7.34279e-08 0.0006299956 9.8296375e-08 1.0903544e-06 6.356605e-05 0.00014030999 1.16860095e-08 0.001663144 0.0024626825 0.00030879723 0.0014696376 7.7686595e-09
0.0024926625 0.01600135 0.21992962 0.006968018 0.0024500082 0.31619805 0.0051146774 0.00073863426 0.00030906475 0.00014166205 0.00010948403 4.4519096e-05 0.026000075 0.26808605 0.026524875 0.00021659612 4.7671124e-06 0.009578153 4.6188637e-05 0.019086733 7.9341135e-06 0.00033821413 5.8372996e-05 6.644419e-05 0.0033324684 5.5297514e-06 0.001519815 7.119592e-06 4.0549075e-06 4.5201956e-17 9.439e-06 0.00030697475 2.6337028e-05 2.1570242e-05 5.038806e-06 2.8796145e-09 0.00019348711 4.906209e-06 3.139276e-06 6.367917e-08 6.0337447e-06 0.0007965242 2.085292e-06 1.2929808e-06 4.5300754e-07 0.00015506716 0.0013313871 6.911893e-06 0.0004990231 3.4302932e-06 2.8061258e-06 2.453189e-07 6.1690657e-06 0.00073335494 2.7446586e-06 6.4393026e-07 0.0004637015 0.16531232 4.4407403e-05 2.0412704e-06 1.2893495e-06 9.252297e-09 3.1138734e-05 3.7581728e-07 0.72386813 0.46038243 3.1090694e-05 3.7272906e-07 9.256706e-06 1.0148127e-07 5.261218e-05 0.00019027093 1.6600236e-08 2.1927563e-07 4.8063725e-07 3.5429974e-05 8.184412e-05 9.069868e-08 4.9878618e-05 1.8923032e-07 4.3264558e-07 3.239924e-05 0.00018365521 3.194616e-05 6.7867622e-06 5.4147763e-06 8.076714e-12 1.9795502e-06 6.0786937e-07 6.1986554e-09 1.0449892e-07 1.3897352e-07 8.444377e-08 8.1997814e-10 0.5587918 1.1559383e-08 3.000078e-06 8.130247e-06 1.4924656e-06 8.985976e-06 1.2159084e-08
0.571553 0.0043992717 0.0011523389 0.001209234 0.00038919394 0.001721103 0.060228124 0.0019800179 0.07168436 3.7677797e-05 0.01730075 0.004995267 0.0003514411 0.0019685768 3.087532e-05 0.2653813 0.00081016985 0.06568134 0.11596243 8.245736e-06 0.7082838 0.7665883 0.015668526 0.012434446 0.01681082 0.50200224 0.09929489 0.00046143535 0.90713054 9.439e-06 5.461313e-22 0.04429172 0.00024904776 0.0010126921 0.00010723655 2.8295062e-07 0.0018426136 0.53842336 0.6209229 0.00019537042 0.026776996 0.00038726957 4.492954e-05 0.38150838 0.15440896 0.3059312 0.054101802 0.48724765 0.09855208 6.1303435e-05 6.0567013e-06 0.0003343757 0.163635 1.0638798e-05 0.0001271981 3.8699764e-06 2.9813522e-05 9.987455e-05 1.3179763e-07 0.033896904 2.8331924e-05 0.00024164587 0.06622935 0.002813342 4.3208559e-07 0.00032465137 0.08596333 3.426285e-06 2.8807248e-05 5.9293245e-07 0.025981303 0.00012956458 6.919751e-07 0.00020386712 2.973365e-07 0.019185876 0.014987273 5.440795e-07 0.00018208042 6.266696e-07 0.0007104514 0.012306792 2.9021846e-08 0.006002005 9.1754555e-05 0.0008231174 5.5373315e-09 1.6890398e-06 0.001294515 1.2490498e-08 0.00015709267 1.1342639e-08 3.1002548e-07 2.6292084e-05 0.0008684939 1.8222119e-09 0.0060894745 0.0039252876 0.0060174367 0.0026710466 1.8486003e-09
