7.3736107e-34 0.05820612 0.011690102 0.23057936 0.028987411 0.16146038 0.09345934 0.2895212 0.091467194 0.234613 0.0056280475 0.0042059007 0.8957553 0.77914536 0.0034025135 0.92122656 0.9112929 0.017666737 0.003975897 0.9116501 0.025962025 0.85581195 0.0021841193 0.9653259 0.8157445 0.00042267898 0.78275526 0.87493765 0.98520446 0.099101804 0.54265654 0.90865797 0.4642004 0.93338567 0.54903024 0.0008117469 1.3834119e-05 0.7225664 3.0900226e-06 0.61295086 0.77366805 0.6396784 0.8849743 0.39597124 0.002412151 0.99137354 0.7849466 5.056726e-07 0.012917774 1.8803448e-06 0.61076844 0.7315941 0.4524978 0.98736167 0.074067235 0.85908055 0.99858224 0.19716106 0.9813425 0.9829847 0.417003 3.4352794e-08 0.00069489254 0.99566424 0.0164584 3.6888207e-05 0.96056753 0.25402084 0.0009917301 0.35441008 0.99242055 0.9818302 0.6156026 0.013020422 0.9641018 6.809545e-06 0.9868639 0.9945206 0.0011527999 2.8413206e-05 0.9239551 1.2036541e-07 0.9992195 0.00035183012 0.99557275 0.99815816 0.8636305 3.388023e-07 0.9951062 1.5777799e-07 0.017469082 0.99819326 0.00031977755 0.041812662 0.99944055 0.99372816 0.9985593 1.946065e-08 0.9680213 0.9969401 0.9995567
0.05820612 3.1841132e-20 0.76019514 0.8146482 0.700878 0.8242894 0.20174237 0.7281603 0.099660985 0.5617457 0.42319906 0.06502154 0.16930208 0.5514054 0.07399214 0.6207459 0.4012259 0.11192696 0.34443447 0.6348967 0.069837086 0.3082963 0.31662366 0.4716837 0.5201357 0.04228051 0.14459053 0.113977216 0.42142117 0.01679246 0.30183956 0.07783485 0.035450347 0.049554307 0.013482964 0.019740697 0.0038345593 0.02585841 0.0013957468 0.0054789023 0.042211924 0.00024247575 0.025195299 0.0018501077 0.0022018712 0.24875262 0.002082921 0.0004842756 0.003264398 0.00013891928 4.707426e-05 0.026850669 0.010261413 0.0031350208 0.0021452662 0.034195665 0.034181237 0.0015184283 0.003699882 0.042570934 0.0013161364 0.0013844831 0.003549851 0.028233172 9.418866e-06 0.0009683568 0.014182623 8.328479e-05 5.2017484e-05 0.0056299428 0.022892484 0.007454409 0.0028796645 0.00017251447 0.0023174179 3.7590064e-06 0.0011944304 0.006604596 1.083973e-06 1.8243925e-07 0.0076116803 0.0004026625 0.024766881 0.0011803752 0.0013356546 0.0052640485 0.0005185438 3.2538283e-06 0.00094200077 4.4005384e-07 2.78555e-06 0.0068586282 2.3685283e-05 1.5977497e-06 0.015593575 0.007935222 0.00013425206 7.2325194e-05 8.648807e-05 0.01732227 0.002957772
0.011690102 0.76019514 7.7524267e-19 0.65434504 0.8931594 0.37217608 0.004029229 0.49433 0.0023317367 0.03365755 0.023895724 0.0041498384 0.0022377807 0.1856566 0.0037523073 0.13668197 0.18629201 0.0030121247 0.026999516 0.15786137 0.0013935138 0.0030601835 0.39003673 0.03841337 0.24644308 0.003994945 0.004392713 0.0037486034 0.15091449 0.00040382368 0.015937285 0.0018883717 0.0011850477 0.0008837083 0.026297204 0.0009462109 0.00088396546 0.000588753 2.5318726e-05 0.013587403 0.023837091 1.05022145e-05 0.0009518003 0.00018665698 0.008044303 0.030298635 0.00025621807 6.131028e-05 0.007831249 9.96793e-05 6.750871e-06 0.020544542 0.0009557425 0.0004838599 0.0108569935 0.023789542 0.0059955665 0.007842554 0.0001993608 0.035962388 0.006967154 0.0003663398 0.0018632708 0.008360713 5.718328e-05 1.4456172e-05 0.018333491 3.3594366e-05 1.9857323e-05 0.0011503032 0.009090736 0.0019037976 0.0075530875 6.717089e-05 0.00046541094 8.774837e-06 8.053767e-05 0.0051997867 9.880126e-06 1.6699113e-06 0.010663685 0.0006998823 0.015928982 0.0018494524 0.0011346131 0.003131705 0.0008412456 8.9234686e-07 0.00013604965 9.412405e-07 2.021811e-06 0.0019120037 3.573579e-05 2.9758672e-05 0.009199696 0.010103056 7.480951e-05 5.3905267e-05 8.151971e-06 0.014936988 0.00074182154
0.23057936 0.8146482 0.65434504 4.2419676e-21 0.770095 0.8591243 0.00013195883 0.93247825 7.191823e-05 0.01504094 0.004869952 0.0005154274 7.35508e-05 0.7284947 0.00032995673 0.49449125 0.6901273 0.00054138445 0.007317101 0.543344 1.1424142e-05 0.00046060243 0.2655953 0.04918524 0.5388953 0.0003405818 0.00017549489 0.0010407307 0.40468907 8.5521515e-06 0.007976227 6.065867e-05 6.7039973e-06 1.84103e-05 0.013444425 3.5485325e-05 1.794531e-05 1.8781575e-05 1.0381439e-06 0.0036002058 0.036591467 3.17184e-08 0.00010180615 5.4735174e-06 0.002300603 0.16563785 2.0443797e-06 1.9288373e-06 0.0031738798 2.9054636e-06 1.7948315e-08 0.023913871 7.321837e-05 5.78691e-05 0.0012425917 0.09898221 0.010341469 0.0010465233 3.3558183e-05 0.28907853 0.0014292495 7.5018875e-06 2.1228578e-05 0.03560527 4.1791756e-07 4.5179866e-07 0.04207973 1.237455e-07 1.1567837e-07 9.164402e-05 0.03279757 0.0022181473 0.005849127 7.4544363e-07 0.0012248481 1.3498105e-07 1.4221954e-05 0.014200542 2.4083567e-07 3.1086344e-08 0.013739089 2.7030539e-05 0.12651801 0.00013802816 0.00082027045 0.012758805 8.696414e-05 8.247469e-09 1.7517761e-05 1.1785033e-08 1.30691005e-08 0.009370357 5.1096453e-08 1.084325e-07 0.04405879 0.013428735 2.3950142e-06 4.7067255e-07 7.2013165e-08 0.03689403 0.0008724479
0.028987411 0.700878 0.8931594 0.770095 1.06041204e-17 0.46663353 0.0037027355 0.5289775 0.0013885662 0.030862369 0.038368855 0.0043068565 0.0016320169 0.22553706 0.0033199054 0.13070007 0.3326416 0.019409724 0.12007 0.11360272 0.0054810788 0.005525211 0.75609905 0.018188285 0.15576608 0.013433217 0.002920387 0.0007713915 0.15909472 0.00043366986 0.0064871907 0.002746146 0.0009287661 0.00212496 0.015729574 0.004245288 0.0017709843 0.0011342041 0.00022641891 0.006416338 0.012712985 1.9206664e-05 0.0010679847 0.00015143359 0.0104032 0.03410419 7.602601e-05 0.0005328671 0.0040885103 0.00014446353 4.6225455e-06 0.014900134 0.0004260203 0.00012882236 0.0045394176 0.026260154 0.0045439894 0.005491834 0.00020088436 0.055452995 0.005587153 0.0020519262 0.00041189283 0.011581859 8.225575e-06 8.031165e-05 0.014671898 1.4631696e-05 5.2449366e-05 0.00027065197 0.010044166 0.0017523961 0.0051527917 1.701209e-05 0.0003944151 1.3133196e-06 1.7826764e-05 0.0059800316 4.120822e-06 5.622076e-07 0.0110224085 0.003334794 0.024248783 0.0019231003 0.0009690547 0.0060932306 0.00026484334 1.9183972e-06 0.0001719832 2.080356e-06 9.652583e-07 0.0037886046 0.00017017142 2.7161018e-06 0.03517037 0.015721312 1.10078945e-05 1.3333178e-05 3.362427e-07 0.025111983 0.0016924567
0.16146038 0.8242894 0.37217608 0.8591243 0.46663353 1.7461883e-20 0.010351076 0.856051 0.004328685 0.23504679 0.0076313266 0.0018232388 0.022713967 0.71447533 0.0022912766 0.67541033 0.589782 0.008849354 0.015633212 0.58339125 0.0024990917 0.021590047 0.034564577 0.20019396 0.49686015 0.00031175715 0.012081021 0.020553188 0.4353513 0.0006251177 0.07646727 0.012249329 0.0024033552 0.009032804 0.014109881 0.00014972016 2.6638258e-05 0.006949724 2.1814827e-05 0.0057282895 0.031639293 1.2672681e-05 0.0037192116 3.0694737e-05 0.0017593739 0.32768106 0.00015615807 9.696986e-06 0.0021935317 7.4740865e-06 4.108426e-06 0.019361246 0.0012865405 0.0020778994 0.0021593058 0.09479041 0.016230633 0.0026316768 0.0020773574 0.13983196 0.0018563314 8.298924e-06 0.00057622767 0.06185907 5.3760334e-07 0.00015607917 0.011239875 3.5142926e-05 7.2526223e-06 0.00126624 0.038962137 0.0033863888 0.003422249 4.8903523e-05 0.0015500027 1.8036846e-07 0.00049319386 0.010828438 1.3038402e-06 1.8056001e-07 0.0050783264 9.435677e-06 0.06643281 0.0001940859 0.0011882407 0.006306045 0.00058829447 1.0656136e-06 0.0005314884 1.10845434e-07 1.0956297e-06 0.0069621624 5.61408e-06 9.126018e-07 0.02939742 0.0037472078 7.912257e-05 3.6248588e-07 5.7559708e-05 0.01604298 0.002295812
0.09345934 0.20174237 0.004029229 0.00013195883 0.0037027355 0.010351076 5.7196726e-23 0.00040575594 0.839753 0.11444789 0.31212994 0.4261741 0.54107094 0.00091695564 0.3456272 0.04673236 0.0041944874 0.35271955 0.14294286 0.021947693 0.31525505 0.52670234 0.00092130766 0.09239 0.0021299433 0.053644612 0.22225441 0.087011024 0.017390622 0.020522729 0.03494792 0.066258 0.021395989 0.09336228 0.0001519225 0.03241982 0.0031080525 0.13637622 0.00023442776 6.696624e-06 0.0005414983 0.00025783782 0.010401419 0.001273612 1.407005e-05 0.054117627 0.00088143867 3.865891e-05 6.3782736e-06 0.0003611323 3.942511e-05 0.0014725009 0.0022478402 0.05455497 4.0988575e-06 0.0024480766 0.15950185 3.867692e-06 0.005814836 0.0017964379 5.5865953e-06 1.0435006e-05 0.004601882 0.0074101975 7.402213e-05 0.00026564626 0.0002286653 8.202857e-06 3.9492525e-06 0.002290025 0.004144019 0.011955666 5.2664785e-05 1.127095e-05 0.0070528714 2.3875762e-05 0.0006453674 0.0010061945 1.6945536e-05 6.0532165e-07 8.738572e-05 1.7131791e-06 0.0028467805 2.9242094e-05 0.005076755 0.00068925443 0.0013307849 9.356957e-06 0.0062531116 1.6174294e-05 2.4200053e-06 0.00085514097 5.241404e-06 3.7664272e-06 0.0018356293 0.00067827833 0.00067238504 8.496731e-06 2.5231095e-06 0.0017905585 0.00038640352
0.2895212 0.7281603 0.49433 0.93247825 0.5289775 0.856051 0.00040575594 1.8387007e-21 0.0004017139 0.019940116 0.0009911956 0.00023854607 0.00089340535 0.79784304 0.00021273579 0.5166287 0.6439406 0.00026420964 0.0050096386 0.5554688 7.711329e-05 0.0018054832 0.23919998 0.045537587 0.6538943 4.6792364e-05 0.0016561814 0.006488725 0.4576249 3.665647e-05 0.015171757 0.0012503021 0.00025752082 0.00040624847 0.052178886 3.614796e-05 1.2321064e-05 0.00031641303 5.218122e-06 0.021016316 0.07180375 2.4448204e-07 0.0006240473 1.2163951e-05 0.008611832 0.19488305 2.2021597e-05 1.17482e-05 0.01765806 5.7763204e-06 2.4273916e-07 0.049107574 0.00045502395 0.00023576556 0.012985336 0.18094058 0.0058259983 0.007695832 0.00045170757 0.1677423 0.0071457815 2.6162294e-05 0.0001319421 0.0492851 1.7011948e-06 2.4195142e-06 0.06043703 3.8229095e-06 4.8006603e-07 0.00082249235 0.06114008 0.002033134 0.012576138 5.2378255e-06 0.001243393 1.1166816e-07 0.00013378733 0.026010418 9.714522e-07 6.073829e-08 0.02154227 7.3838455e-05 0.16646984 0.00073645514 0.0021830406 0.014543857 0.000438434 1.17536686e-07 0.00019446941 7.8756806e-08 1.13547884e-07 0.0109163225 3.864892e-07 1.1901368e-06 0.053856608 0.020632152 2.8340653e-05 2.9485032e-06 2.1356595e-06 0.07320382 0.0024863675
0.091467194 0.099660985 0.0023317367 7.191823e-05 0.0013885662 0.004328685 0.839753 0.0004017139 3.4269723e-24 0.087004825 0.19999336 0.29881814 0.44774154 0.00040297981 0.23700057 0.027040118 0.002407224 0.23147817 0.079884894 0.010055768 0.21061283 0.5592366 0.00021366721 0.052660547 0.0023636578 0.030023519 0.17193449 0.089891165 0.011136832 0.029198932 0.04084658 0.08007125 0.027204704 0.10589147 0.00017666379 0.022944298 0.0012104046 0.15767911 3.1948322e-05 6.8881777e-06 0.00046921737 0.0005857554 0.024451008 0.002421482 1.6451015e-05 0.05186035 0.0019495111 2.8132586e-06 5.5820633e-06 8.2846476e-05 9.608351e-05 0.0013181564 0.005508919 0.06066939 2.752803e-06 0.00196245 0.16652824 1.3630029e-06 0.022905419 0.0012302597 2.0199764e-06 1.2592955e-06 0.0055145873 0.0068354895 0.00026077364 0.00010001286 0.00028139056 2.5607942e-05 1.27401645e-05 0.004369497 0.0038416642 0.021389978 3.5219553e-05 2.041842e-05 0.0126959495 3.963067e-05 0.0007132253 0.00093041355 3.4443317e-05 2.3732912e-06 5.1609088e-05 3.1561362e-07 0.0027694493 1.5534342e-05 0.00872176 0.0009809771 0.0024006441 5.8047763e-06 0.009075515 1.2271835e-05 4.4086732e-06 0.0016213654 4.491144e-06 2.0426676e-05 0.0021224124 0.000678743 0.0011347857 3.2491614e-06 8.543404e-06 0.0013831059 0.00072930794
0.234613 0.5617457 0.03365755 0.01504094 0.030862369 0.23504679 0.11444789 0.019940116 0.087004825 2.0770987e-23 0.06729602 0.04487901 0.9436024 0.04011417 0.033236437 0.46890214 0.058938656 0.027607715 0.013727504 0.3198702 0.034955744 0.31290728 0.0018769777 0.8498795 0.095509864 0.0039698156 0.04602476 0.1685864 0.27311364 0.028931733 0.32226756 0.122750476 0.01901192 0.102256924 0.005369711 0.00056955946 3.9458515e-05 0.20432769 1.9906984e-05 0.00094428664 0.04021054 0.00059554906 0.065269485 0.008767757 0.00048782723 0.40873104 0.0051205927 5.5425176e-06 0.00041547703 1.7988903e-05 0.000121505676 0.03151802 0.022877945 0.03126824 5.705908e-05 0.035587814 0.31224084 7.839955e-05 0.027703742 0.011882669 0.00015292199 2.0524e-05 0.00025818698 0.18156372 0.0005050309 1.7015624e-05 0.009908784 0.00018809187 1.4528641e-06 0.016747814 0.041318964 0.08958284 0.0015007833 2.7380771e-05 0.07369992 2.2153363e-06 0.0011398895 0.04993445 1.3449521e-05 3.0470798e-07 0.0037285823 1.4498434e-05 0.021247791 5.208877e-05 0.029487176 0.07472816 0.011565456 2.5926151e-06 0.00859032 9.729133e-07 7.723491e-06 0.086669154 4.115653e-06 2.6110947e-05 0.040386405 0.02497427 0.001462749 1.2255292e-06 5.7256266e-06 0.03315151 0.04297741
0.0056280475 0.42319906 0.023895724 0.004869952 0.038368855 0.0076313266 0.31212994 0.0009911956 0.19999336 0.06729602 1.6751909e-21 0.5337833 0.17183639 0.0012425821 0.559366 0.012011884 0.006000445 0.67043495 0.7533853 0.0024007005 0.52938247 0.28827488 0.007311873 0.02103764 2.5336456e-05 0.50025177 0.22234213 0.0103194695 0.0016781964 0.026033567 0.0061417026 0.012935434 0.023694027 0.013107235 0.0001096395 0.3661753 0.10954636 0.0036592889 0.021081764 2.5630028e-05 2.6777327e-05 0.00022162175 0.0010045086 0.0006445193 5.6938266e-06 0.0010487918 0.00043544525 0.0058358107 4.309677e-06 0.0076270234 4.654784e-05 5.2961903e-05 0.00021125306 0.002738183 8.135902e-06 0.00025252474 0.006401834 1.7468996e-05 0.0005594177 5.85638e-05 1.141125e-05 0.00040480416 0.013965732 5.7939724e-05 9.7841e-06 0.010701707 0.00016635944 1.5795777e-05 0.000116286894 0.00013462438 0.00019920744 0.000769828 7.0161946e-06 3.715367e-05 0.0003314668 7.6661614e-05 0.00036808875 1.8614537e-06 4.6902585e-07 3.7203183e-06 1.7764274e-05 1.0506331e-05 6.81849e-05 5.504601e-06 0.0004840286 3.4861256e-07 0.00016233846 9.980101e-06 0.00029885987 6.3017587e-06 2.7339127e-07 1.2197005e-06 6.1113983e-06 1.0518969e-06 4.0432555e-05 8.955776e-08 5.426146e-05 8.581448e-06 4.2327492e-06 3.3440087e-06 3.0301737e-07
0.0042059007 0.06502154 0.0041498384 0.0005154274 0.0043068565 0.0018232388 0.4261741 0.00023854607 0.29881814 0.04487901 0.5337833 6.083498e-23 0.08247833 0.0007209354 0.75124466 0.0071255425 0.0031043338 0.61192775 0.34278804 0.0034644557 0.639797 0.49227634 0.00040082476 0.018825958 8.419068e-05 0.16527355 0.33528736 0.026976287 0.0037119372 0.069443785 0.025361774 0.091724925 0.08809874 0.060508613 9.259792e-05 0.16456576 0.003281226 0.054401252 0.0003632604 5.7167905e-05 6.1807936e-05 0.0054426976 0.01436366 0.0030806013 2.2744712e-06 0.0051894058 0.0054143197 2.7626777e-05 2.388026e-06 0.00032652647 0.0013819825 0.00016112029 0.0048549 0.01399419 1.902892e-05 0.00048631194 0.008467745 0.00015909108 0.0058647613 0.00066030404 0.00012085756 1.7114531e-06 0.015528834 0.0005856336 0.0009789617 0.0014476887 0.00040680615 0.00052904483 0.00044724235 0.0030331302 0.00037535615 0.005001953 2.346974e-05 0.00038157852 0.002179947 4.5461496e-05 0.0019611733 2.4097744e-05 5.3744086e-05 2.550824e-06 2.9736175e-05 5.5279713e-07 0.00056405296 1.0983771e-06 0.0050151097 3.6883772e-05 0.0010534861 8.74855e-06 0.002333278 9.698854e-06 3.0100957e-05 3.342298e-05 1.3558123e-05 2.7891427e-05 0.00030216164 8.483558e-06 0.00039862862 1.887169e-05 8.653666e-05 3.5804627e-05 1.2556458e-05
0.8957553 0.16930208 0.0022377807 7.35508e-05 0.0016320169 0.022713967 0.54107094 0.00089340535 0.44774154 0.9436024 0.17183639 0.08247833 1.1604157e-20 0.00015589692 0.06920169 0.04315 0.00025435485 0.2702254 0.08462298 0.016830329 0.19244815 0.5206364 3.6779835e-05 0.43544373 0.0019916287 0.012618558 0.14392012 0.50411314 0.013903559 0.019846808 0.20618173 0.113793366 0.022451455 0.1705366 1.8394576e-05 0.010805104 0.0006890363 0.29455736 2.0224716e-05 1.1816186e-06 0.0002734206 0.00014119929 0.046920955 0.003968442 8.159958e-06 0.24489908 0.0010850865 1.9113281e-06 4.825422e-06 5.9008937e-05 1.9536195e-05 0.00025113614 0.0035799781 0.18760554 5.995457e-08 0.0017903321 0.64520645 8.655833e-08 0.052918263 0.0010574289 4.2629927e-07 5.3672227e-07 0.0018822415 0.026912518 0.0003216264 3.7375892e-05 5.9065584e-05 1.6127471e-05 1.6577324e-05 0.002444063 0.003557548 0.04886317 5.5507485e-06 8.899906e-06 0.027390534 6.684386e-06 0.00080838514 0.004860732 8.03378e-06 3.844972e-06 4.9757678e-06 1.5770819e-07 0.017508185 6.2330764e-06 0.016327921 0.013291576 0.0024243474 6.4147065e-07 0.02239603 2.0033985e-06 1.7381395e-06 0.03883116 1.286316e-06 2.1189177e-05 0.034669448 0.0030813771 0.0048888116 1.7531005e-06 1.50566875e-05 0.0039113327 0.013316577
0.77914536 0.5514054 0.1856566 0.7284947 0.22553706 0.71447533 0.00091695564 0.79784304 0.00040297981 0.04011417 0.0012425821 0.0007209354 0.00015589692 3.036412e-21 0.00052523945 0.69148326 0.9184313 0.0022478658 0.0064491406 0.67859054 0.0003186609 0.00015600653 0.055768576 0.07372222 0.6815531 0.00012560452 1.8894812e-05 0.0042953244 0.56723166 1.3753074e-05 0.026477568 5.369941e-05 7.974287e-06 2.3444038e-05 0.038987547 3.7413317e-06 2.4194898e-05 6.186809e-05 5.6483423e-06 0.010198152 0.07079425 3.1950833e-08 0.00021562456 1.6665472e-05 0.0051924824 0.26831132 2.1932908e-06 8.169046e-06 0.0051222015 1.0271951e-05 2.6143697e-08 0.05697713 0.00018230543 0.00022569262 0.0044925367 0.20463489 0.023327362 0.0020651582 4.844869e-05 0.21426383 0.0030009039 1.13828155e-05 6.957347e-06 0.13856883 2.8327273e-07 2.3240739e-06 0.067831844 3.6426675e-07 1.4547946e-07 0.0002352353 0.094171375 0.002225326 0.014410941 6.9369304e-07 0.0023588953 2.028768e-06 2.589908e-05 0.08205252 4.6812272e-07 1.7381633e-07 0.029756991 7.409953e-05 0.29800823 0.00013453582 0.00069370336 0.07465447 0.00011812423 2.0497275e-07 0.0001925812 1.1517674e-07 5.0641695e-08 0.06603368 1.955416e-07 6.812275e-07 0.19627841 0.016817605 9.121854e-06 7.042436e-07 7.236772e-08 0.17705251 0.011666925
0.0034025135 0.07399214 0.0037523073 0.00032995673 0.0033199054 0.0022912766 0.3456272 0.00021273579 0.23700057 0.033236437 0.559366 0.75124466 0.06920169 0.00052523945 2.851606e-22 0.006536633 0.0028021534 0.625546 0.3619873 0.00338159 0.6497618 0.47688222 0.0005049618 0.016488966 6.177052e-05 0.2014384 0.3192667 0.019341305 0.0030957877 0.06945519 0.016679974 0.0885856 0.09239857 0.05695868 0.00011684539 0.20067458 0.005877993 0.04579415 0.0007038915 5.2405667e-05 4.1342628e-05 0.0066040643 0.0120299505 0.0028770634 2.195304e-06 0.0047410135 0.00429157 3.7849444e-05 1.5682502e-06 0.00041976222 0.0015075094 0.00010674608 0.00431259 0.012531003 1.5704078e-05 0.0003307115 0.00703126 6.527666e-05 0.0047951657 0.00059787254 9.3842886e-05 1.4937813e-06 0.02795738 0.00042415108 0.0012050361 0.0017562441 0.0002614557 0.0004239919 0.0011286897 0.002742134 0.00019681845 0.0037622633 1.6840193e-05 0.0004365386 0.0016821758 0.00013834126 0.0023919053 1.5709995e-05 5.775453e-05 6.6118364e-06 1.8233508e-05 4.4235668e-07 0.00032545018 9.02189e-07 0.0040831543 5.5342385e-05 0.00065920205 1.43118905e-05 0.0013017938 1.5171351e-05 4.399397e-05 3.846019e-05 2.3469203e-05 1.0974112e-05 0.00024268166 8.754884e-06 0.0003201819 5.2640786e-05 5.3301035e-05 2.4737032e-05 1.3991225e-05
0.92122656 0.6207459 0.13668197 0.49449125 0.13070007 0.67541033 0.04673236 0.5166287 0.027040118 0.46890214 0.012011884 0.0071255425 0.04315 0.69148326 0.006536633 1.2756777e-21 0.5872604 0.0279767 0.01723742 0.9020629 0.017466716 0.034702342 0.02088501 0.6731055 0.48659912 0.0009813575 0.002281272 0.062788345 0.63328385 0.00047704848 0.16126178 0.007090554 0.00052586826 0.005375506 0.005570211 0.00026501264 9.457213e-05 0.0198172 1.0502716e-05 0.0013245314 0.03469618 2.5099648e-06 0.011701797 6.847207e-05 0.0015345297 0.60025406 5.7423957e-05 6.626178e-06 0.0034552533 1.7618353e-05 6.013016e-07 0.02127868 0.0015456703 0.0056928415 0.0008368993 0.14830796 0.314347 0.0005444909 0.003111313 0.16821934 0.0006528957 6.147348e-06 0.00011603388 0.35097933 7.9838475e-07 3.3297125e-05 0.010311015 1.3978676e-05 1.940548e-06 0.00077993935 0.08779565 0.015668489 0.004864407 7.105348e-06 0.01654482 2.0486734e-06 0.00041080225 0.09973206 1.1355802e-06 4.381539e-07 0.0074823177 6.087341e-06 0.20015396 3.8615246e-05 0.003815807 0.08033718 0.00080163544 2.9889577e-06 0.0012174073 2.9853808e-07 5.679376e-07 0.096131094 3.2731822e-07 5.7121333e-06 0.19997782 0.011501029 9.106917e-05 2.5998374e-06 8.122106e-07 0.09377168 0.018686352
0.9112929 0.4012259 0.18629201 0.6901273 0.3326416 0.589782 0.0041944874 0.6439406 0.002407224 0.058938656 0.006000445 0.0031043338 0.00025435485 0.9184313 0.0028021534 0.5872604 7.424889e-21 0.0012434546 0.0029277839 0.6609379 0.00013201912 0.0010338451 0.06583068 0.15120006 0.6239851 6.59651e-05 7.240954e-05 0.0068471064 0.5998578 0.00015451742 0.03638023 0.00015558384 6.277175e-05 0.00012212427 0.05701406 3.6131778e-06 1.9139303e-05 0.0001785573 3.1200311e-06 0.016335413 0.09632523 9.3167976e-08 0.00051749847 2.9938517e-05 0.0074515017 0.16923775 6.826046e-06 7.1225454e-06 0.0088695055 2.0479624e-06 5.7286687e-08 0.07422543 5.671572e-05 0.00017087298 0.004534277 0.1326358 0.015115146 0.0037110415 0.00019745258 0.3272908 0.0046201223 7.263448e-06 5.1779143e-06 0.08771088 1.1366452e-06 2.2384488e-06 0.056176394 4.968051e-07 1.07165334e-07 1.5280792e-05 0.08446127 0.0023512722 0.019368883 2.1281481e-07 0.0009901562 4.61684e-08 2.6515785e-05 0.064246364 3.2216434e-07 3.1588716e-08 0.035424955 4.7683105e-05 0.33612564 0.00029705718 0.00070974306 0.047480553 7.940597e-05 1.9029324e-08 0.00023874523 5.6727263e-08 9.644094e-08 0.034876682 3.1447083e-08 1.7032312e-07 0.22416945 0.029417194 4.830841e-06 3.5272844e-06 1.5231555e-07 0.09684667 0.012123932
0.017666737 0.11192696 0.0030121247 0.00054138445 0.019409724 0.008849354 0.35271955 0.00026420964 0.23147817 0.027607715 0.67043495 0.61192775 0.2702254 0.0022478658 0.625546 0.0279767 0.0012434546 5.141989e-22 0.59203494 0.00975461 0.7798253 0.30797756 0.0005895663 0.015191468 0.00063206634 0.37822163 0.46650526 0.014390204 0.005443676 0.04796793 0.008219882 0.053468093 0.08947857 0.056011133 0.00016725285 0.30606756 0.033336997 0.036265433 0.0038667195 5.623371e-06 0.00037757153 0.012652274 0.0055780616 0.0077700275 2.3301482e-06 0.005159076 0.006885502 0.00013001561 6.7212153e-07 0.005264872 0.0016223019 0.00055654027 0.003968871 0.014793396 1.8224522e-05 0.0002095537 0.010831133 4.2338414e-07 0.004242576 6.3884065e-05 8.6761435e-07 2.5034137e-07 0.067977525 0.00078573456 0.0049136314 0.02245144 0.00028023391 0.00023337865 0.018051002 0.0011316218 0.000632779 0.0034606087 6.285436e-05 0.0007711429 0.0021164054 0.0033288682 0.0022074922 0.00029563057 3.74133e-05 0.000110455694 9.762709e-06 1.17162e-07 0.0006697272 2.5798981e-06 0.0024773155 0.00012359896 0.0008342504 1.7152352e-05 0.0015838617 9.9033365e-05 6.558975e-06 0.00010851925 7.691756e-05 0.0002940649 0.0005007544 1.5188273e-05 0.00028462202 0.00070663734 8.6824424e-05 1.3294934e-05 1.0677006e-05
0.003975897 0.34443447 0.026999516 0.007317101 0.12007 0.015633212 0.14294286 0.0050096386 0.079884894 0.013727504 0.7533853 0.34278804 0.08462298 0.0064491406 0.3619873 0.01723742 0.0029277839 0.59203494 4.8290905e-21 0.0046531865 0.5201649 0.07911869 0.006314338 0.0058868313 0.0004970717 0.6014703 0.19937241 0.002014773 0.0024420419 0.016531581 0.0018756606 0.010959827 0.030008366 0.010569622 0.0002101152 0.4787954 0.32196307 0.0036224783 0.09061661 1.8327544e-05 0.00025893585 0.0009658099 0.0012048396 0.0016743143 4.5750658e-06 0.00058691396 0.0012486185 0.024845298 1.6983288e-06 0.054383002 6.3371146e-05 0.00040330063 0.0009504135 0.00055804785 2.1294412e-05 9.394272e-05 0.0019586629 1.2864472e-06 0.00021016352 1.3978142e-05 8.955148e-07 0.00016082538 0.06106082 0.00016482841 0.00078527693 0.05070845 9.030757e-05 4.3657394e-05 0.00040672938 0.00038723464 0.00021007615 0.0013767766 1.4935999e-05 9.1225025e-05 0.0011819715 0.0010310734 0.0001378921 9.25762e-05 1.5631445e-05 1.4299856e-05 7.829856e-06 3.4161671e-06 9.912502e-05 1.496141e-06 0.0007235997 6.003333e-05 0.00027931875 7.610772e-06 0.00015354909 1.2550962e-05 1.0434891e-06 7.0596776e-05 4.0076764e-05 9.217356e-06 0.00035459225 2.2767804e-06 1.8812283e-05 0.0023634606 6.024347e-07 7.232206e-06 1.7244618e-06
0.9116501 0.6348967 0.15786137 0.543344 0.11360272 0.58339125 0.021947693 0.5554688 0.010055768 0.3198702 0.0024007005 0.0034644557 0.016830329 0.67859054 0.00338159 0.9020629 0.6609379 0.00975461 0.0046531865 1.7345164e-21 0.0055807945 0.014629989 0.017011149 0.3905473 0.6684539 0.00016416059 0.0027781522 0.06977858 0.7254093 0.00081101176 0.23249824 0.010509496 0.0013595738 0.007116103 0.040196236 2.8879645e-05 2.4707844e-05 0.021769753 6.5003223e-06 0.008700098 0.09479565 1.5470283e-05 0.015941815 0.00016886307 0.0040421016 0.5822713 0.00013879003 1.1682317e-05 0.010058861 2.2242286e-05 5.5669175e-06 0.08097701 0.0065509276 0.00434288 0.0043267016 0.20248948 0.1799975 0.002424219 0.0034948608 0.22689676 0.002899059 2.4276716e-05 0.00010343165 0.3984461 2.8513355e-06 4.8984697e-05 0.025843998 7.9524114e-05 3.1237794e-06 0.0033012198 0.23260078 0.031213608 0.011015941 2.9852701e-05 0.027050624 4.748586e-06 0.0009895473 0.20458685 1.872948e-06 7.715676e-07 0.02482587 3.6473677e-05 0.28611305 0.00032134648 0.005114009 0.14327691 0.0021247861 9.986452e-06 0.0012893035 9.1499487e-07 4.4472313e-06 0.13109119 2.1316387e-06 1.1095384e-05 0.2508821 0.036115054 0.00031667267 2.6177344e-05 1.0899546e-05 0.23843867 0.04952144
0.025962025 0.069837086 0.0013935138 1.1424142e-05 0.0054810788 0.0024990917 0.31525505 7.711329e-05 0.21061283 0.034955744 0.52938247 0.639797 0.19244815 0.0003186609 0.6497618 0.017466716 0.00013201912 0.7798253 0.5201649 0.0055807945 2.5897695e-22 0.37197626 4.192013e-05 0.013068292 0.0007614311 0.3793872 0.51711446 0.02619926 0.0013289287 0.07664789 0.013727581 0.0986837 0.13976496 0.08878434 0.0001995103 0.3808603 0.025796149 0.05201746 0.0014761743 3.3264414e-06 0.00044345536 0.023696994 0.013524031 0.012890754 6.850799e-07 0.0019510845 0.013222634 9.323926e-06 1.0393142e-07 0.0030853718 0.0047073006 0.0006224666 0.0072282036 0.0207842 8.987493e-06 0.00013320743 0.013113749 9.040472e-08 0.006691339 2.5100585e-06 1.2432749e-07 1.5723565e-08 0.10077938 0.00012815052 0.008812567 0.021960631 7.178954e-05 0.0008571393 0.06242911 0.0027089845 0.00035605766 0.004665137 1.8344559e-05 0.0016667357 0.0021162296 0.008535017 0.0042752237 0.00010231705 5.6635185e-05 0.00034897964 2.0185917e-06 6.581353e-09 0.00036947583 9.816723e-07 0.0024661117 3.9369883e-05 0.0011625692 2.5593807e-05 0.0015084774 0.00021783801 2.0472624e-05 7.67379e-05 5.978953e-05 0.00077699206 0.0002124082 1.0455785e-05 0.0007676356 0.0004305538 0.0002520993 4.1473376e-07 5.321345e-06
0.85581195 0.3082963 0.0030601835 0.00046060243 0.005525211 0.021590047 0.52670234 0.0018054832 0.5592366 0.31290728 0.28827488 0.49227634 0.5206364 0.00015600653 0.47688222 0.034702342 0.0010338451 0.30797756 0.07911869 0.014629989 0.37197626 1.2413982e-18 0.00013585672 0.14772102 0.0028655163 0.060118243 0.8105027 0.15077914 0.003621468 0.5440275 0.07116265 0.6223412 0.6435545 0.5675371 0.0002959606 0.05014714 0.001610759 0.48707864 3.505489e-05 3.7509293e-05 0.000612753 0.10059518 0.20090497 0.14550413 4.8904316e-05 0.079801284 0.21594419 2.3730488e-06 0.00022298431 0.0004420434 0.016480915 0.00083487766 0.086885214 0.33891642 3.4348404e-06 0.00091982353 0.38723192 1.9617398e-06 0.18691207 0.000872173 6.0761117e-06 9.664539e-07 0.03617682 0.009368931 0.025258297 0.0008066916 0.00028612264 0.007883951 0.0068222624 0.0181396 0.0016925148 0.09256367 4.6422912e-05 0.0022235024 0.061424736 0.0014452306 0.03152533 0.0008902491 0.001088378 0.0010734763 6.3265106e-05 1.265486e-06 0.0028730577 1.911575e-05 0.043140206 0.0022928799 0.009306023 0.00018408851 0.05499461 0.00014580305 0.0010593234 0.0056513953 6.5167864e-05 0.0005150873 0.0036111248 0.00016306742 0.02413976 7.238733e-06 0.0006072153 0.0034851173 0.0021485975
0.0021841193 0.31662366 0.39003673 0.2655953 0.75609905 0.034564577 0.00092130766 0.23919998 0.00021366721 0.0018769777 0.007311873 0.00040082476 3.6779835e-05 0.055768576 0.0005049618 0.02088501 0.06583068 0.0005895663 0.006314338 0.017011149 4.192013e-05 0.00013585672 1.6706169e-19 0.00032070294 0.018904172 0.00014288604 0.00035027886 1.627147e-05 0.007605037 6.0868737e-05 0.00020729155 0.00010435896 5.8148024e-05 4.5833654e-05 0.00742255 1.0126664e-05 0.00012035229 1.2807702e-05 0.00015018634 0.0038803339 0.0023055305 1.2732094e-06 5.6009114e-05 1.28744805e-05 0.049244538 0.0003173444 3.2231876e-06 0.00053169974 0.03726943 1.509581e-05 3.3061988e-07 0.0040563894 3.5235174e-05 1.593875e-06 0.017925926 0.0010926534 5.7986545e-05 0.00876731 1.0664168e-06 0.00058685517 0.011330004 0.006933046 7.94569e-06 0.00014859569 3.2924504e-06 9.987842e-06 0.0063459235 2.6671446e-06 6.101455e-07 3.3412212e-05 0.0010048898 5.575437e-05 0.012370386 6.7952205e-06 1.7406384e-05 6.878622e-07 7.150593e-08 0.00069240393 8.1873304e-07 1.0753923e-07 0.021399286 0.010793889 0.050014827 0.061818324 1.787869e-05 0.0012984326 4.102078e-05 1.1660788e-07 5.440382e-06 6.855874e-08 1.0829134e-07 0.0010441481 7.174227e-06 8.339437e-07 0.07411055 0.090460315 1.660095e-06 1.04041895e-07 5.289116e-06 0.16607893 0.00043296756
0.9653259 0.4716837 0.03841337 0.04918524 0.018188285 0.20019396 0.09239 0.045537587 0.052660547 0.8498795 0.02103764 0.018825958 0.43544373 0.07372222 0.016488966 0.6731055 0.15120006 0.015191468 0.0058868313 0.3905473 0.013068292 0.14772102 0.00032070294 3.0586047e-21 0.067638695 0.00041557135 0.019731024 0.2716525 0.49408403 0.0128925545 0.6922824 0.07279655 0.005371878 0.060802933 0.0073534185 0.00013589651 1.6734306e-05 0.18224603 1.752381e-05 0.0011181602 0.019859675 6.13394e-05 0.04241636 0.004946147 0.00042947425 0.7551042 0.0016779844 2.5395882e-06 0.0013351458 2.6696469e-05 1.3553263e-05 0.014904475 0.011844048 0.033300705 5.7504076e-05 0.046378646 0.75734127 7.053493e-05 0.023770448 0.02724172 6.346888e-05 6.278717e-06 5.7319725e-05 0.41116545 0.00025960544 9.806941e-06 0.00672889 3.9614006e-05 1.2876402e-06 0.007127082 0.06303983 0.10742025 0.002029699 2.0917962e-05 0.08694866 1.9047992e-06 0.0013605698 0.12488233 9.5038085e-06 6.1190764e-07 0.004107729 1.0551205e-05 0.08869177 6.6293294e-05 0.04785086 0.36382672 0.011532441 9.691544e-07 0.010640454 4.9249536e-07 4.524374e-06 0.3812774 3.6424697e-07 3.919632e-05 0.27436092 0.047959432 0.0029213787 1.0905058e-05 9.065001e-06 0.11204965 0.2195034
0.8157445 0.5201357 0.24644308 0.5388953 0.15576608 0.49686015 0.0021299433 0.6538943 0.0023636578 0.095509864 2.5336456e-05 8.419068e-05 0.0019916287 0.6815531 6.177052e-05 0.48659912 0.6239851 0.00063206634 0.0004970717 0.6684539 0.0007614311 0.0028655163 0.018904172 0.067638695 6.662973e-20 1.6481668e-05 0.0028472801 0.022529338 0.760876 9.568383e-05 0.089636676 0.0030235609 0.001046568 0.0020581468 0.64918417 2.6564077e-05 1.0480014e-05 0.0018251219 2.2640252e-06 0.40714565 0.5728878 9.46255e-06 0.002601446 2.7607919e-05 0.016452907 0.13633107 0.00016323327 2.558469e-06 0.07833431 3.580333e-05 4.746494e-06 0.45627367 0.0018239579 0.0007152745 0.08451408 0.42192206 0.014982564 0.06789476 0.0013598123 0.348059 0.06783517 5.1553892e-05 0.00022785812 0.23600385 3.968296e-06 0.00031677957 0.28932214 7.422444e-05 9.858469e-06 0.0024732563 0.4304055 0.0108633945 0.13615684 4.9963077e-05 0.004770226 9.326408e-06 0.00022062178 0.33125362 3.4279844e-06 7.996219e-06 0.18353875 0.0001349873 0.6181064 0.0011123398 0.0019962431 0.2548322 0.0010609654 1.0165601e-05 0.00067057856 4.3463555e-07 2.6550035e-06 0.17676839 3.602357e-06 3.1525128e-06 0.4258506 0.52079433 0.0001202073 9.835687e-06 1.08672475e-05 0.60105807 0.11270387
0.00042267898 0.04228051 0.003994945 0.0003405818 0.013433217 0.00031175715 0.053644612 4.6792364e-05 0.030023519 0.0039698156 0.50025177 0.16527355 0.012618558 0.00012560452 0.2014384 0.0009813575 6.59651e-05 0.37822163 0.6014703 0.00016416059 0.3793872 0.060118243 0.00014288604 0.00041557135 1.6481668e-05 6.488412e-23 0.1267016 0.00013162689 0.00013163142 0.03433466 6.2675324e-05 0.003816888 0.03391482 0.0022321453 0.000117426614 0.7206715 0.32808957 0.00027987416 0.04949012 6.7682768e-06 1.4072453e-05 0.00085833523 0.00011901017 0.00083518506 4.1949465e-06 3.5769302e-05 0.00078470685 0.0058927233 3.312538e-06 0.0908925 0.0001045933 1.5430205e-05 2.522192e-05 0.00026318914 1.9036207e-06 4.0718554e-05 0.00014686002 4.7563606e-07 7.9521466e-05 2.3123599e-05 1.0534449e-06 1.7158274e-05 0.099110544 2.1029113e-05 0.0029725428 0.10233589 4.0371062e-05 3.187896e-05 0.020075113 3.1145417e-05 0.0001252851 0.00016633993 2.7168012e-06 0.00013808346 6.199531e-05 0.003069617 2.7848104e-05 1.8631425e-06 4.4656126e-06 0.00023550625 2.8758755e-06 2.0137892e-07 0.00017297736 3.7904815e-07 0.00021384131 3.4129955e-06 4.1924133e-05 0.00012515219 9.3027294e-05 6.7335466e-05 1.8983268e-06 1.0227505e-05 8.685477e-06 1.4949972e-06 0.00011801276 8.619538e-08 2.7318133e-06 0.00030977535 9.900211e-07 9.979867e-07 5.415532e-07
0.78275526 0.14459053 0.004392713 0.00017549489 0.002920387 0.012081021 0.22225441 0.0016561814 0.17193449 0.04602476 0.22234213 0.33528736 0.14392012 1.8894812e-05 0.3192667 0.002281272 7.240954e-05 0.46650526 0.19937241 0.0027781522 0.51711446 0.8105027 0.00035027886 0.019731024 0.0028472801 0.1267016 4.682592e-19 0.04401011 0.0016593836 0.8440005 0.020852141 0.43775472 0.9016867 0.35569665 0.0002966948 0.2638692 0.003986083 0.14975211 2.4869447e-05 5.451807e-05 0.00036498674 0.68538636 0.09592221 0.36542046 5.40592e-05 0.005000653 0.5003254 2.258416e-06 0.00016715126 0.00058402424 0.37218034 0.0004705507 0.08981582 0.17472276 1.3373637e-05 7.390764e-05 0.038450062 8.3890524e-07 0.08316423 3.3089273e-05 8.462964e-07 2.5064952e-07 0.14696418 0.00055090734 0.2747126 0.016552191 0.00011975225 0.2330098 0.21082573 0.021445135 0.0007019625 0.026874641 6.556486e-06 0.17247964 0.021659333 0.016566308 0.24759221 0.00013297058 0.012399051 0.010875087 6.475177e-06 1.4471827e-07 0.001353871 1.8128176e-05 0.022902284 5.942957e-05 0.007925144 0.0013522316 0.1030334 0.0021745712 0.019615792 0.00039953788 0.01134949 0.00096803234 0.0018934408 4.4118508e-05 0.08221305 5.5131837e-05 0.0053337323 0.0006109861 8.262113e-05
0.87493765 0.113977216 0.0037486034 0.0010407307 0.0007713915 0.020553188 0.087011024 0.006488725 0.089891165 0.1685864 0.0103194695 0.026976287 0.50411314 0.0042953244 0.019341305 0.062788345 0.0068471064 0.014390204 0.002014773 0.06977858 0.02619926 0.15077914 1.627147e-05 0.2716525 0.022529338 0.00013162689 0.04401011 8.348847e-23 0.041736394 0.03343702 0.94290197 0.14395222 0.020169782 0.14932343 0.0011831595 0.00018733286 1.9051127e-05 0.5905805 2.559372e-06 3.4964476e-05 0.0054978654 0.0015783948 0.113620885 0.019787082 1.885584e-05 0.25167194 0.009803757 7.5417387e-07 4.0206538e-05 1.7676097e-05 0.00078645843 0.0045814365 0.037937425 0.71891886 2.4139779e-06 0.01554669 0.69114035 5.2862265e-06 0.11794324 0.0034188563 6.247901e-06 2.120918e-06 4.731253e-05 0.082390755 0.002376892 1.3685744e-05 0.00092743663 0.0006073233 2.4817546e-06 0.019309018 0.025636302 0.17344353 0.00031374267 4.749535e-05 0.19022417 8.2160363e-07 0.0031255854 0.027796809 5.660138e-05 3.4862505e-06 0.00081598305 1.9171205e-06 0.015503325 5.1578995e-06 0.08272349 0.09334442 0.0424879 5.428563e-07 0.05110919 1.1658532e-07 8.031283e-06 0.11013058 3.998348e-06 0.00042281853 0.04880949 0.021410221 0.020485746 9.73713e-06 2.7265987e-05 0.019076211 0.04594655
0.98520446 0.42142117 0.15091449 0.40468907 0.15909472 0.4353513 0.017390622 0.4576249 0.011136832 0.27311364 0.0016781964 0.0037119372 0.013903559 0.56723166 0.0030957877 0.63328385 0.5998578 0.005443676 0.0024420419 0.7254093 0.0013289287 0.003621468 0.007605037 0.49408403 0.760876 0.00013163142 0.0016593836 0.041736394 1.0699236e-18 0.00073408196 0.12712549 0.0023235024 0.00079106766 0.0017798004 0.15027915 0.00020082094 5.019102e-05 0.0048766583 5.6229633e-06 0.07660119 0.30307212 1.0262601e-05 0.004229435 0.0002504265 0.0033725046 0.6837339 0.00012774469 4.236869e-06 0.0075917006 9.521825e-06 2.4898814e-06 0.1878689 0.0006710904 0.0033230905 0.0027890375 0.47469485 0.13821036 0.002581109 0.00073782605 0.6381639 0.0043444745 3.9684473e-06 0.00049099873 0.45094034 4.0875428e-05 7.548751e-06 0.07073498 1.769151e-05 1.7849337e-05 0.0003007102 0.29304543 0.0087266555 0.017548887 1.7920505e-06 0.0049821525 2.828902e-05 0.0001615089 0.2519344 4.2630923e-06 8.508132e-06 0.03685553 1.7282397e-05 0.55122787 0.00016440108 0.002168882 0.3227591 0.00058223156 7.3863026e-07 0.0013971932 7.138788e-07 4.4524148e-07 0.38709205 3.081522e-07 2.208268e-06 0.5754248 0.11721863 0.00016092832 6.621169e-06 7.4642644e-06 0.4101172 0.2220395
0.099101804 0.01679246 0.00040382368 8.5521515e-06 0.00043366986 0.0006251177 0.020522729 3.665647e-05 0.029198932 0.028931733 0.026033567 0.069443785 0.019846808 1.3753074e-05 0.06945519 0.00047704848 0.00015451742 0.04796793 0.016531581 0.00081101176 0.07664789 0.5440275 6.0868737e-05 0.0128925545 9.568383e-05 0.03433466 0.8440005 0.03343702 0.00073408196 4.433128e-22 0.042015325 0.28329676 0.8247924 0.19182794 0.0001454095 0.060286324 0.0003502321 0.099485666 1.1470277e-05 2.2021575e-05 7.328558e-05 0.4302929 0.08181576 0.32069907 2.1684771e-05 0.00292488 0.4183075 1.932319e-06 8.414641e-06 4.5095494e-05 0.21252301 0.00013103959 0.09674463 0.025604501 5.8645483e-06 0.00021559515 0.017136354 5.308633e-06 0.059552576 6.330699e-05 4.4996455e-06 3.113327e-07 0.061745714 0.0006144945 0.14450108 0.0014411957 0.00013983322 0.064931706 0.06813729 0.035430133 0.00033118683 0.031745583 5.7228203e-06 0.019257337 0.029546386 0.005742248 0.083547115 2.865146e-05 0.0064902906 0.004532109 8.196334e-06 5.3116275e-07 0.00069225073 1.3995644e-05 0.030597355 0.00014796683 0.010318118 0.00064087816 0.0346089 0.0005449496 0.0026416543 0.00046331206 0.0015148624 0.0030142684 0.0010969169 2.7184824e-05 0.012588039 3.1989405e-06 0.00040866775 0.00022476063 0.00022598964
0.54265654 0.30183956 0.015937285 0.007976227 0.0064871907 0.07646727 0.03494792 0.015171757 0.04084658 0.32226756 0.0061417026 0.025361774 0.20618173 0.026477568 0.016679974 0.16126178 0.03638023 0.008219882 0.0018756606 0.23249824 0.013727581 0.07116265 0.00020729155 0.6922824 0.089636676 6.2675324e-05 0.020852141 0.94290197 0.12712549 0.042015325 4.4875856e-25 0.11344016 0.023053547 0.09508837 0.0069943527 2.7948727e-05 5.0546194e-05 0.30592662 4.059334e-06 0.0010072376 0.035235353 0.0011444191 0.07511845 0.027511522 0.00043887537 0.332526 0.02119098 1.6997807e-06 0.00044762788 2.7833446e-05 0.00022761986 0.029547606 0.043623824 0.27669957 5.566772e-05 0.049114402 0.8196791 6.9543916e-05 0.05623298 0.008440578 6.3327156e-05 1.1969499e-05 3.0238316e-05 0.21565981 0.0020334306 8.643015e-06 0.009020193 0.00040890148 2.0510897e-06 0.023550631 0.08083555 0.16618353 0.0021384323 2.4798917e-05 0.1481693 2.485407e-06 0.0012430077 0.083445266 5.1861054e-05 3.7787534e-06 0.0059941374 1.0443796e-05 0.021648064 1.4491562e-05 0.06586689 0.20409162 0.027411446 9.2310125e-07 0.01880509 1.4831373e-07 5.880291e-06 0.17837822 1.025812e-05 0.00042313698 0.06538062 0.15623157 0.006206447 2.373978e-07 8.532737e-06 0.03969778 0.15031908
