1.3598883e-32 0.23269896 0.19674565 0.007871263 0.08756178 0.009218521 0.0662845 0.16500118 0.791112 0.12495899 0.008513015 0.0027199658 0.5437503 0.003965094 0.0062148427 0.9284834 0.4176002 0.8886854 0.63178277 0.5933647 0.0035702048 0.012487578 0.9867117 0.8143218 0.74196994 0.76903766 0.0029852204 0.0040410357 0.5620565 0.980941 0.45120585 0.8919343 0.9744595 0.98719525 0.20361891 0.95651615 0.9657152 0.03934454 0.96436787 0.8635801 0.9054617 0.83980936 0.9447071 0.9856485 0.00011543192 0.00036911358 0.34791613 1.2263125e-06 0.44906566 0.0026461969 1.1205385e-06 0.8383231 0.0056516677 0.97525954 0.10737157 0.86125994 0.9703596 0.9787799 0.15560918 0.9855557 0.051238127 0.060245704 4.3015938e-05 0.7961806 0.9749937 0.058567453 2.5181216e-06 3.5589574e-07 1.6065918e-08 0.986972 0.021758212 1.347349e-05 0.3287692 0.18701991 0.0018200283 0.9913345 0.02423095 0.9989426 0.9715061 0.99663806 0.00018094778 0.23455282 5.1353997e-08 0.9762841 0.9277991 0.0378206 0.9923223 0.99908686 5.125937e-08 0.83565104 0.7403408 0.5447212 0.92091095 0.9016659 0.99956465 0.0005209522 0.99986213 0.99985856 0.99577844 0.035473492 1.6835647e-05
0.23269896 1.9350761e-19 0.6458492 0.8256957 0.6710938 0.10412197 0.6908773 0.5022269 0.90213776 0.09099046 0.24698615 0.0047464194 0.29505152 0.002983456 0.12085196 0.15864515 0.0019191924 0.022683898 0.29146647 0.0025957362 0.07949711 0.037432306 0.34983307 0.008465032 0.40738928 0.006222238 0.052714314 0.0002943817 0.08919646 0.20536026 0.00783988 0.30158252 0.10090212 0.038552392 0.0085531585 0.21189044 0.23831703 0.007127096 0.20685244 0.0022193957 0.0044057504 0.051029805 0.06271443 0.0495994 0.0027168067 0.0026198577 0.00052306504 3.793599e-05 0.000308123 0.00012292364 8.90019e-05 6.272478e-05 0.0001299974 0.049004544 0.0007574423 0.0071479483 0.0025613476 0.038530506 4.8469905e-05 0.0046553947 3.2485124e-05 2.0146577e-05 0.0002928461 0.0030999281 0.023162434 1.3038296e-05 3.5183214e-06 2.2642247e-05 7.011155e-05 0.016495697 1.2884405e-05 5.423921e-07 9.377493e-06 0.0001712343 1.6822318e-06 0.02336864 1.8781235e-05 0.0091961 0.0037404886 0.0068380944 2.1889318e-06 2.5773172e-05 0.00013183015 0.0036900647 0.0010316647 0.00027023183 0.003275006 0.005563622 3.342397e-07 0.0005725674 0.00017099801 0.00058176345 2.2504706e-05 0.0012569565 0.0037473345 6.2335585e-06 0.008804873 0.006842742 0.0002643019 4.4477106e-06 1.1402982e-05
0.19674565 0.6458492 5.5746266e-19 0.1733971 0.16575937 0.7552076 0.15152566 0.083376616 0.1939292 0.83478624 0.71154016 0.3905504 0.05491448 0.15760428 0.14882925 0.58932054 0.55748373 0.5195226 0.044674903 0.33006683 0.22208326 0.009237585 0.06578956 0.20369147 0.1185769 0.17556779 0.047430713 0.077660434 0.04029133 0.3733524 0.0010048342 0.15589377 0.03665463 0.0036045087 0.0018424651 0.16075453 0.08001169 0.0002454735 0.14284617 0.05572995 0.05696285 0.034871273 0.03091777 0.26707193 0.0014901242 0.0006441315 6.5805696e-05 6.8952926e-05 6.2978084e-05 4.5259952e-05 3.429916e-05 0.0021046079 7.97307e-06 0.035079103 0.0024275575 0.0074409 0.0019203806 0.049604684 3.3197026e-05 0.021332238 1.187164e-05 0.00020395445 8.899605e-05 0.0062306076 0.0065653347 5.6461213e-05 1.1615788e-06 1.1448851e-06 4.852559e-05 0.008011681 6.533398e-06 7.025123e-07 0.0002528368 0.00017480453 4.7317467e-06 0.002516229 3.626121e-05 0.0024140622 0.0032668551 0.015045129 4.7612892e-07 0.00026668675 0.00073632214 0.004647027 0.0023922406 5.197231e-05 0.0061424584 0.0054738307 2.8323857e-06 0.00022969737 0.0012206555 0.00010912127 0.0004367578 0.0021590104 0.0005173556 4.3917657e-06 0.009002746 0.009592412 0.00028266408 8.1778495e-07 2.7758033e-05
0.007871263 0.8256957 0.1733971 5.105634e-22 0.7525647 0.012789083 0.7620492 0.6518091 0.63320047 0.0061675166 0.051745053 0.0003422445 0.2821853 0.0010415817 0.0909484 0.026629789 0.0013961622 0.011096851 0.25601256 0.0019930834 0.040263753 0.057689507 0.2480422 0.0026028021 0.25147313 0.0018907819 0.04369513 3.5226036e-05 0.12905642 0.036067903 0.008213378 0.05167331 0.048664823 0.046662714 0.022135535 0.0395795 0.0884909 0.004909442 0.06952351 0.0012118587 0.0020477576 0.025450332 0.02354787 0.0066719134 0.0005400355 0.00029907914 0.0013880498 1.378428e-06 0.0010134607 5.637658e-05 1.3428182e-05 3.7158454e-05 4.7129106e-05 0.007250282 4.444901e-05 0.016486906 0.007742095 0.006512531 0.0002481755 0.0005661056 0.00023622788 1.52077955e-05 5.433334e-05 0.00060828 0.0038367324 9.579627e-06 3.197469e-07 3.206494e-06 1.4809069e-05 0.0016766952 0.00010298313 4.145323e-06 0.0001457904 1.5029217e-05 4.808512e-06 0.0038011556 4.8703882e-06 0.0037315204 0.00017756122 0.0011058523 1.5050019e-06 3.690569e-05 4.8591696e-06 0.00057948707 0.00016016753 0.00047727395 0.00021443558 0.000548163 1.0768912e-06 0.0009917188 0.00015645666 0.00063990353 3.3321234e-05 7.941839e-05 0.000498436 4.7481917e-06 0.0003960549 0.00049477554 0.00013053234 5.8111514e-06 1.0132422e-05
0.08756178 0.6710938 0.16575937 0.7525647 1.8785873e-22 0.013538834 0.73432016 0.9184953 0.5434188 0.0030852717 0.3290662 0.00025223012 0.7745341 0.00022478636 0.30076602 0.014576231 2.6671582e-05 0.0018938769 0.5312433 8.1287086e-05 0.22340418 0.27528816 0.5011385 0.00057224557 0.13929634 0.0005378464 0.19712651 3.9849918e-05 0.13460818 0.06610474 0.073423445 0.054832984 0.119698904 0.24447744 0.07433922 0.06072301 0.18080986 0.06553773 0.1356041 9.63976e-05 0.00017033443 0.020248538 0.028621905 0.0017357982 0.024263464 0.03207282 0.0019160204 1.2108137e-06 0.00052669214 0.016211638 0.0005649994 1.2130107e-06 0.0007483727 0.0035462321 6.7883034e-06 0.011508205 0.0058322446 0.0037513126 3.0994182e-05 5.7334655e-05 2.0545598e-05 8.821274e-07 0.0036932807 0.00020242824 0.0033920016 2.619787e-07 1.0004257e-05 0.00021934917 2.8753258e-05 0.002170528 6.8341756e-06 2.1262107e-07 5.3845923e-07 6.2398153e-06 1.3871143e-06 0.0038878014 3.762903e-07 0.013625969 0.00015694219 0.00017939007 8.9810027e-07 6.7132584e-07 5.9178146e-06 0.00077535986 5.0265364e-05 0.00014700575 0.00027325327 0.0002885026 9.142495e-06 0.00096595084 5.252898e-06 0.00034902722 1.92968e-06 7.487046e-05 0.00040158007 6.1937903e-06 0.00035523687 0.00043778596 0.00021202627 3.3414537e-07 1.4385255e-06
0.009218521 0.10412197 0.7552076 0.012789083 0.013538834 4.440243e-19 0.009768769 0.0049005 0.012248586 0.62572503 0.8478746 0.9175798 0.008301272 0.59924483 0.01752957 0.20758685 0.31760955 0.14729905 0.0062452243 0.093930796 0.0637742 0.0033763484 0.012069562 0.03926385 0.009830844 0.0307882 0.0106258 0.45816374 0.004541977 0.048865914 0.00013378082 0.011759921 0.0053406414 0.00042922384 2.9140148e-05 0.014468883 0.003122697 0.00029199527 0.00877891 0.010287472 0.008764993 0.0021481824 0.0026868791 0.023467487 0.0032220492 0.0008087291 0.0004072009 0.0033604444 9.759382e-05 0.00012002893 9.966105e-05 0.0020593414 7.375488e-06 0.005360813 0.00064624293 0.0007353109 0.00072100863 0.0057855193 1.8104212e-05 0.010858686 1.3176208e-05 0.00026427113 2.6121956e-05 0.0014565989 0.0005538254 8.539556e-05 1.5450127e-07 6.3564465e-07 5.2358606e-05 0.000642069 1.0674337e-05 2.9844361e-05 0.00033055607 8.3741776e-05 4.8562e-06 0.00022492252 0.00026967213 0.00028791386 0.0012161436 0.006295743 1.1630285e-06 0.00028303041 0.0128875645 0.0015355194 0.002148794 2.7281252e-05 0.0032448915 0.001900172 7.341277e-08 8.9708585e-05 0.0016868578 0.000103235645 0.00067557185 0.00071130256 9.1926836e-07 1.7360513e-07 0.0007710216 0.0024064388 6.11704e-05 2.7509122e-07 3.974945e-05
0.0662845 0.6908773 0.15152566 0.7620492 0.73432016 0.009768769 2.3503618e-21 0.8531055 0.85069805 0.005375568 0.02120531 0.00015179768 0.5935266 0.00044372186 0.12719879 0.017334938 0.00045919587 0.0037880898 0.69602436 0.0010877498 0.044660546 0.08550158 0.4646671 0.0021676496 0.5265188 0.0017438403 0.068842724 1.5038765e-05 0.4074121 0.048785947 0.014098466 0.08973444 0.1467634 0.20412464 0.18309501 0.07240913 0.15509525 0.00971802 0.09194191 0.0014188034 0.0022332314 0.041712657 0.036428984 0.0042837127 0.0008132074 0.0016436729 0.0017532628 1.3894159e-07 0.0008520525 0.0008730418 1.461177e-05 2.2071932e-05 0.0007554423 0.010421356 8.4766565e-05 0.038694493 0.010705574 0.010003119 0.00029471258 0.0006914583 0.00024482168 6.4173164e-06 0.0004932881 0.00093421823 0.011789032 3.406882e-06 2.162704e-06 2.0324329e-05 4.9170626e-06 0.0077141915 0.000108042266 1.114813e-07 8.917186e-06 1.0955007e-05 1.1172259e-05 0.016768742 1.478747e-06 0.027867008 0.000842727 0.0011041457 3.56298e-06 6.006508e-06 1.6544432e-06 0.0020305326 0.00013563484 0.0013863731 0.00039593215 0.0012363251 2.5492565e-07 0.0037018142 4.5627065e-05 0.001574284 1.23658565e-05 0.00018436875 0.0017499003 5.5416936e-06 0.0015505326 0.0011992431 0.00067669246 1.5367e-05 1.81374e-06
0.16500118 0.5022269 0.083376616 0.6518091 0.9184953 0.0049005 0.8531055 2.6166312e-22 0.6076674 0.0014764967 0.06960976 0.000101027275 0.80008423 6.648146e-05 0.21360445 0.005294789 1.2362554e-05 0.0003374004 0.67403954 0.000102155886 0.120799296 0.20136651 0.47481623 0.0008493849 0.1668712 0.0008635139 0.11641657 2.4817064e-05 0.1803846 0.042836413 0.056473795 0.042289916 0.13014355 0.3031688 0.18283075 0.049415074 0.14838661 0.030845592 0.10116057 0.00013759876 0.00027045974 0.026115086 0.029422026 0.0011018936 0.008134614 0.019790806 0.0048312587 1.5824196e-07 0.0015360063 0.01728481 0.00020414808 1.5066621e-06 0.0020760235 0.0039181705 9.491644e-06 0.025511896 0.0134494845 0.003792232 0.000108826025 9.723248e-06 5.8903635e-05 4.42669e-07 0.0031179225 0.00027756777 0.0067167687 1.6836145e-07 1.8005809e-05 0.00014708891 9.3941435e-06 0.0035199006 1.883034e-05 9.003526e-08 1.4102278e-07 1.0710017e-05 6.228994e-06 0.008379966 3.6341493e-07 0.04188211 0.00011625374 0.00027337082 4.1951466e-06 2.9703915e-07 3.3624138e-07 0.0008237716 3.1403255e-05 0.00080589467 4.9753387e-05 0.0005920268 2.4312617e-06 0.0032158436 1.2442742e-06 0.0011717174 4.816706e-07 4.8610025e-05 0.0020521581 2.123611e-05 0.0012319627 0.00040378378 0.00065943936 8.5199264e-07 6.2651895e-07
0.791112 0.90213776 0.1939292 0.63320047 0.5434188 0.012248586 0.85069805 0.6076674 4.532779e-19 0.003201144 0.05006335 0.00064861786 0.42695135 0.00042558886 0.11275117 0.008573072 5.520228e-05 0.0008707992 0.5500007 0.00017931721 0.051212862 0.06877333 0.7475845 0.0008115912 0.55481386 0.0007189727 0.031468634 0.00015027447 0.13080077 0.19146203 0.008556296 0.05607569 0.3697698 0.22687212 0.013424893 0.13350739 0.48566827 0.00897935 0.41931817 6.192116e-05 0.00020963265 0.039602876 0.098590694 0.010346076 0.0083156405 0.0069589927 0.0013149816 1.2295505e-06 0.00031856276 0.0010647873 0.00020442744 1.1592326e-06 0.00020983128 0.01776381 2.9156465e-05 0.011710314 0.0013010245 0.015730496 3.6173584e-05 0.00032879759 2.589098e-05 2.39905e-07 0.0015800229 0.00030038258 0.02294821 1.8344488e-07 1.02057675e-05 4.5649136e-05 3.649894e-05 0.007957843 2.4740688e-05 2.167334e-07 5.3790103e-08 6.7065303e-06 1.9462097e-06 0.031141788 5.5342305e-08 0.10218512 0.0002632833 0.0038633116 1.3031397e-05 3.2276282e-07 6.9610127e-07 0.0015286776 1.8150839e-05 7.173964e-05 8.1047976e-05 0.0070650023 2.7516903e-06 0.0009624814 2.7497151e-06 0.00043723793 1.5118522e-06 5.8994196e-05 0.008269377 0.00014486983 0.02104785 0.010673809 0.0010280705 1.745623e-06 9.601279e-07
0.12495899 0.09099046 0.83478624 0.0061675166 0.0030852717 0.62572503 0.005375568 0.0014764967 0.003201144 7.535118e-20 0.3389954 0.53585964 0.00091280986 0.25005978 0.0022121319 0.563068 0.7629189 0.5930773 0.002772652 0.68210006 0.005483907 4.8656413e-05 0.005434754 0.36298347 0.017197132 0.30264843 0.00026776447 0.09002385 0.011083624 0.1649055 1.5083894e-05 0.1080421 0.004669018 0.0003661058 5.3008516e-06 0.05186541 0.0048595984 1.6322019e-06 0.01402702 0.15789953 0.116722226 0.008457621 0.007800729 0.24205278 0.00015556693 8.983542e-06 1.7126884e-05 2.7519736e-06 9.568744e-06 4.2610986e-07 1.4398281e-06 0.0073615187 8.9553666e-08 0.023742942 0.0071110222 0.0026097007 0.00011623378 0.02720802 1.0769749e-05 0.052018367 6.6303564e-06 0.0005329593 3.9936795e-06 0.008752226 0.0016996277 0.00020545334 3.191516e-07 1.4656806e-07 6.599042e-06 0.004217008 3.0689275e-06 6.045572e-07 0.0009638454 0.0003314096 4.178373e-06 0.0007935101 3.5672692e-05 0.00067803264 0.0062008826 0.018680299 9.969931e-08 0.000850638 0.00045480623 0.004270169 0.003498711 4.3307637e-06 0.004723762 0.0032362954 1.294631e-07 2.5522415e-05 0.0022705065 1.9028628e-05 0.0009728308 0.0027724605 6.325569e-05 4.5129224e-07 0.0024901002 0.014508178 5.2488795e-05 4.744016e-07 1.1296711e-05
0.008513015 0.24698615 0.71154016 0.051745053 0.3290662 0.8478746 0.02120531 0.06960976 0.05006335 0.3389954 8.806019e-20 0.34498966 0.13284531 0.6146329 0.7833659 0.23157273 0.2717487 0.10299554 0.0138673745 0.03539839 0.8175798 0.18711545 0.030618701 0.009586126 0.0065521337 0.005573167 0.44965884 0.5825793 0.0023166102 0.050292566 0.0044309413 0.011487645 0.0064798887 0.0016788022 0.0013454296 0.016848627 0.006748236 0.008825881 0.009974759 0.0015958806 0.0015961272 0.0010640619 0.0034440083 0.0039048868 0.39440456 0.067546494 0.0013292355 0.49185857 0.00028395397 0.0020819132 0.056196526 0.0005871275 3.6485122e-05 0.0010202037 0.0011095968 0.0013695367 0.00062131684 0.0014925363 1.3129608e-05 0.005153423 5.111505e-05 9.2307135e-05 0.002421108 0.000618814 0.00020985249 2.930759e-05 4.2774354e-06 3.1289423e-05 0.03868793 0.0001447073 6.8961606e-05 0.0018114472 0.00021398492 0.0006222745 1.1227308e-05 8.511416e-05 7.190752e-05 0.0007350764 0.00041483666 0.0007290433 2.4383535e-06 9.573913e-05 0.026526097 0.0003983347 0.0019467947 1.9520912e-06 0.0006046695 0.00064016774 0.005623691 1.6941627e-05 0.00041738868 5.3572967e-05 0.00015450871 0.00057030004 3.651471e-05 3.2803432e-06 0.01201039 0.0066838707 5.4156983e-05 5.3131527e-07 0.00031258687
0.0027199658 0.0047464194 0.3905504 0.0003422445 0.00025223012 0.9175798 0.00015179768 0.000101027275 0.00064861786 0.53585964 0.34498966 1.5974679e-19 7.7613295e-05 0.6823602 0.0008049986 0.1322871 0.44059432 0.13038571 8.338221e-05 0.1641976 0.0020698083 1.3990011e-05 0.0015424078 0.023231296 0.0005262814 0.019225473 0.00011470896 0.51824737 3.5773774e-05 0.015864128 4.6597916e-06 0.0037429305 0.0005754281 0.0001312879 3.0211233e-08 0.00442794 0.00037690773 4.595281e-06 0.0011699727 0.017477764 0.013718342 0.00037512835 0.0004953846 0.004988236 0.0001465504 2.621608e-06 1.9105217e-05 0.00035615888 2.1736909e-05 1.199973e-07 1.2326553e-05 0.008318436 8.34743e-08 0.0012093532 0.0007500231 6.3389874e-05 3.245806e-05 0.001091475 1.6728929e-05 0.0077341427 7.2835296e-06 0.00095446775 1.1056175e-05 0.0012690594 0.00010488678 0.00026168645 8.1502215e-08 1.9181199e-07 5.600716e-06 8.585185e-05 4.5964075e-06 0.00030603554 0.00039186672 8.395872e-05 8.007509e-07 3.651168e-05 0.00059248967 2.7402502e-05 0.00045347918 0.0008004559 1.8142893e-07 0.0002870349 0.009683204 0.0007005403 0.0009275194 2.701715e-06 0.0012750655 0.0002039066 1.2418498e-08 2.0002019e-05 0.0016677342 3.476408e-05 0.00076091837 0.00066206296 2.3541472e-07 1.0924772e-07 7.068119e-05 0.0009750865 6.5958397e-06 6.570207e-08 0.00017442153
0.5437503 0.29505152 0.05491448 0.2821853 0.7745341 0.008301272 0.5935266 0.80008423 0.42695135 0.00091280986 0.13284531 7.7613295e-05 3.77953e-18 0.00014538068 0.525977 0.0023793352 0.00015348232 0.00024928062 0.8072183 0.00025930087 0.31989968 0.6625963 0.54795474 0.0012643263 0.08163934 0.0012144179 0.359087 1.1049472e-05 0.18493493 0.015428478 0.7172952 0.010914902 0.123282425 0.6633194 0.6830347 0.015908191 0.06743855 0.4833473 0.04177171 9.395777e-05 0.00017242892 0.011262624 0.013751797 0.00047316906 0.030382538 0.07690194 0.060927425 2.2495779e-07 0.03293871 0.118724264 0.00096751313 2.1952378e-07 0.05684646 0.000845379 1.904544e-05 0.030109894 0.041702006 0.0011007786 0.007904365 1.4614529e-05 0.005347805 2.9196224e-07 0.015406467 8.59577e-05 0.0041624126 1.3401508e-07 0.0035139087 0.0019821876 1.8074903e-05 0.0020841737 0.0013503875 3.423884e-08 5.6475177e-08 4.1111653e-06 0.0011830857 0.00839681 1.7796984e-07 0.13991794 3.5247176e-05 0.000121668345 7.8672325e-05 2.210943e-07 9.564869e-07 0.00074670557 7.0054966e-06 0.0035893947 3.9583192e-05 0.0007861195 0.00013111897 0.012703628 1.1159703e-07 0.0055961567 1.7938458e-08 1.0822237e-05 0.003149433 0.0005303471 0.0032145528 0.0008178014 0.003498062 4.9293707e-05 9.12299e-07
0.003965094 0.002983456 0.15760428 0.0010415817 0.00022478636 0.59924483 0.00044372186 6.648146e-05 0.00042558886 0.25005978 0.6146329 0.6823602 0.00014538068 1.950775e-18 0.0020661904 0.07941667 0.41183028 0.12277406 0.00012932127 0.16317065 0.004737204 7.4156655e-05 0.00069419306 0.01561143 0.00094993366 0.011728561 0.00068768486 0.77147734 0.00064021844 0.0113688 7.2506095e-06 0.0027826468 0.00046262724 1.9624538e-05 2.862536e-06 0.0028994072 0.00014103577 1.6929676e-05 0.0002342197 0.012234618 0.009931073 0.00055670296 0.0003261328 0.004660272 0.00026709065 8.221462e-05 1.4414843e-05 0.0014238573 2.8782022e-06 2.3603532e-06 7.51334e-05 0.01663194 6.897962e-07 0.0010562028 0.0013468538 0.00070164056 0.00014912593 0.0009829714 8.8816466e-07 0.009773503 1.8646697e-06 0.0051661483 1.5208014e-05 0.0020857514 0.0004255296 0.0009939187 1.0992934e-07 1.2284277e-06 6.567348e-05 0.0007566832 5.7963484e-07 0.0044894465 0.0019774204 0.00051721674 6.101242e-08 0.0002813412 0.0077755875 7.1315926e-06 0.0012765913 0.0011522016 4.74028e-07 0.0010580679 0.025363917 0.0013189114 0.0025682647 9.058022e-07 0.003159913 0.0009946375 2.9568861e-08 5.6200256e-06 0.0025882428 3.793695e-06 0.002721691 0.0010809242 0.00017587117 5.016785e-07 0.00030385065 0.0054855393 2.9993457e-06 5.2947378e-08 0.0022669884
0.0062148427 0.12085196 0.14882925 0.0909484 0.30076602 0.01752957 0.12719879 0.21360445 0.11275117 0.0022121319 0.7833659 0.0008049986 0.525977 0.0020661904 6.7894104e-21 0.011703504 0.0008205861 0.0023230945 0.23936336 0.00026485877 0.7241617 0.70774496 0.16631672 0.0005809648 0.05599368 0.00038906108 0.64464056 0.00068975874 0.052492093 0.012240488 0.189742 0.0085751 0.033740498 0.12025721 0.034361128 0.010962429 0.04162181 0.24488677 0.021557236 0.00017274261 0.0002050022 0.0022927586 0.0026985274 0.00025123 0.26083586 0.26740232 0.00978426 0.0006091508 0.01028148 0.2047881 0.1397799 2.4660523e-07 0.026605854 0.00012442672 1.4343495e-05 0.0023979854 0.0017581746 0.00014013759 0.0008961475 2.1494345e-05 0.0018993466 4.7330664e-07 0.0771199 2.4530345e-05 0.00011997664 2.6625114e-06 0.012381623 0.008740194 0.002927163 3.3250697e-05 0.0003216365 1.7056696e-07 3.5250655e-06 9.702037e-06 7.174244e-05 0.00035499237 3.363437e-07 0.0014680463 1.33947615e-05 1.0407574e-05 5.9149006e-05 3.4499317e-06 8.065907e-06 8.5468964e-05 1.1504314e-05 3.6510948e-05 1.2058695e-05 4.8925733e-05 0.042927332 0.0011075204 9.038938e-06 0.0008308277 2.8154327e-06 7.875651e-06 0.000107060085 0.001588667 0.00043420246 0.00010283738 0.00029678363 8.064008e-06 2.5011502e-06
0.9284834 0.15864515 0.58932054 0.026629789 0.014576231 0.20758685 0.017334938 0.005294789 0.008573072 0.563068 0.23157273 0.1322871 0.0023793352 0.07941667 0.011703504 7.875385e-18 0.5740814 0.875025 0.002434387 0.58762413 0.0053748577 0.0017735414 0.003987515 0.635575 0.045397088 0.5882415 0.0018942507 0.04775212 0.0155975465 0.551594 6.280565e-05 0.31048796 0.021603165 0.0003370267 0.00046309212 0.30147067 0.025023773 6.0319297e-05 0.086613774 0.23632823 0.19135918 0.06257604 0.0747892 0.5500754 0.00029449852 0.00021146005 0.000118917815 1.4374471e-05 1.0944159e-05 1.7852708e-05 1.46486045e-05 0.0019415689 1.1684043e-05 0.29282203 0.0011147797 0.00930042 0.00014504151 0.42674482 6.2261197e-06 0.27718043 4.198745e-06 0.00015968923 0.00023136847 0.011348986 0.065126106 3.7593778e-05 2.8030445e-06 2.9509422e-06 1.1045468e-05 0.08121536 1.9461615e-06 2.0385369e-06 0.000107938045 0.001065223 8.976284e-07 0.043457452 9.995379e-06 0.015801307 0.061217286 0.2717934 1.8283558e-06 0.00021374831 2.5911973e-05 0.029948661 0.010105783 5.991748e-06 0.01923278 0.1665513 4.5850285e-08 6.751248e-05 0.0015267727 3.3793494e-05 0.00057903596 0.005555605 0.009384169 3.601878e-05 0.1675313 0.406101 0.00024885047 3.0442305e-07 1.0540383e-05
0.4176002 0.0019191924 0.55748373 0.0013961622 2.6671582e-05 0.31760955 0.00045919587 1.2362554e-05 5.520228e-05 0.7629189 0.2717487 0.44059432 0.00015348232 0.41183028 0.0008205861 0.5740814 1.1349551e-18 0.7557497 8.9767986e-05 0.91765696 0.0015300239 1.2665189e-05 0.00016772258 0.46572 0.0026958906 0.41783562 8.290607e-05 0.44950506 0.0011739493 0.07303166 1.5959284e-06 0.019284876 0.00050104345 4.6938676e-06 7.5117387e-06 0.017702894 0.0001940139 1.7903712e-06 0.0009902436 0.31915724 0.18515056 0.0027993876 0.0017593253 0.19850002 0.000100910474 5.0475912e-05 4.302086e-05 6.2769956e-05 2.336713e-06 3.1558093e-06 1.5184769e-05 0.26585442 1.1119848e-06 0.033258118 0.0712454 0.0018506644 0.00042461732 0.07403085 1.9731553e-06 0.43587086 2.5473526e-06 0.032596484 3.36716e-05 0.062114507 0.0047902274 0.008736223 1.8037613e-06 6.11578e-07 1.0964834e-05 0.010006959 1.088282e-06 0.0015936624 0.013360808 0.0064488943 8.236756e-07 0.0037051162 0.012553148 0.00029086327 0.073579326 0.10065504 1.0733243e-06 0.0152543895 0.0014262961 0.03488009 0.048118774 8.214568e-06 0.06857017 0.014436072 2.5424692e-08 5.1261277e-06 0.03307955 5.1224874e-06 0.013522356 0.021799028 0.0014580957 9.729318e-07 0.0032416345 0.1577009 9.938689e-06 1.0328364e-07 0.00065016677
0.8886854 0.022683898 0.5195226 0.011096851 0.0018938769 0.14729905 0.0037880898 0.0003374004 0.0008707992 0.5930773 0.10299554 0.13038571 0.00024928062 0.12277406 0.0023230945 0.875025 0.7557497 2.0842542e-19 0.00022195787 0.811251 0.0013514833 0.00020969745 0.00052259065 0.71707773 0.008100729 0.66126096 0.00030917238 0.09147485 0.0018926635 0.2867944 5.0150848e-06 0.15937103 0.0015094746 0.00011360265 0.0001461384 0.084724806 0.0017798345 1.1766713e-05 0.010599894 0.33488393 0.2883247 0.013421103 0.012211438 0.40379536 4.6922716e-05 5.9538834e-05 9.323922e-05 1.46308585e-05 2.952392e-06 2.7954378e-05 7.5620737e-06 0.0055686515 1.3579073e-05 0.19821233 0.004157396 0.00503366 3.4303997e-05 0.28900468 1.6289582e-06 0.32292613 3.1512802e-06 0.0006371243 0.00013407102 0.021819275 0.028466597 0.00029942358 9.797028e-07 2.857719e-06 3.3387698e-06 0.05319978 1.8476954e-06 1.1717463e-05 0.00074207236 0.0022795452 1.0629462e-06 0.021742692 0.00012371654 0.0018213559 0.092230506 0.23125923 1.4183006e-06 0.00089657155 5.1473522e-05 0.051802058 0.024337674 1.0221752e-05 0.036552474 0.087392926 3.1974366e-08 4.696948e-06 0.0037845222 7.892245e-06 0.0016963688 0.007017962 0.0049384385 1.6242524e-05 0.051957693 0.32850733 6.126884e-05 8.6453514e-07 1.9108717e-05
0.63178277 0.29146647 0.044674903 0.25601256 0.5312433 0.0062452243 0.69602436 0.67403954 0.5500007 0.002772652 0.0138673745 8.338221e-05 0.8072183 0.00012932127 0.23936336 0.002434387 8.9767986e-05 0.00022195787 8.6016046e-19 0.0002764511 0.074097835 0.20649566 0.6261253 0.002801809 0.36836147 0.002997892 0.104286514 7.871964e-06 0.6108974 0.010884612 0.3001164 0.028070683 0.2916032 0.7818316 0.77856624 0.022511106 0.08634598 0.08368517 0.04150661 0.00011387947 0.0003972944 0.039049633 0.03027277 0.00080603146 0.0023392271 0.010152537 0.08769157 4.1629502e-07 0.03263417 0.031646624 4.59987e-05 1.4127968e-06 0.04025876 0.004470221 0.00029756076 0.11471446 0.2156588 0.004186548 0.012154142 7.2089e-05 0.008711016 1.0372593e-06 0.0024174638 0.00028770827 0.012247226 6.3474687e-07 0.0010109856 0.0005149083 1.6151127e-05 0.010305525 0.00200492 1.3944024e-08 3.3841573e-07 1.3958507e-05 0.0007024671 0.03446367 9.144383e-07 0.231406 0.00042555862 0.0003659688 0.000124568 1.2460661e-06 1.947088e-06 0.0021403003 8.090395e-05 0.020920228 0.00025450118 0.001960355 8.414116e-07 0.044867277 1.0553634e-06 0.0158638 7.556624e-08 0.00013601358 0.011897056 0.00011453602 0.0048689838 0.00068130984 0.0049220687 0.0006703509 2.7582482e-06
0.5933647 0.0025957362 0.33006683 0.0019930834 8.1287086e-05 0.093930796 0.0010877498 0.000102155886 0.00017931721 0.68210006 0.03539839 0.1641976 0.00025930087 0.16317065 0.00026485877 0.58762413 0.91765696 0.811251 0.0002764511 2.671248e-19 0.0002102431 2.2060398e-05 0.0009433394 0.58206916 0.007667876 0.5504931 1.430444e-05 0.13000032 0.00558101 0.08140278 3.144707e-05 0.044918157 0.0007670033 4.2195566e-05 2.5804002e-06 0.028275847 0.0011530984 7.858177e-06 0.004364308 0.44553715 0.22912526 0.017735146 0.010786145 0.24778306 0.00013675823 5.568628e-06 0.000179413 3.3419553e-06 1.7135151e-05 2.205002e-06 1.0610316e-05 0.307529 1.3408462e-07 0.045383655 0.11125218 0.0038412889 0.00036809169 0.06596671 2.293656e-05 0.4024587 1.5014418e-05 0.035898473 0.00015330459 0.08828694 0.009134909 0.012032682 1.0629574e-06 3.3958302e-06 1.1082631e-05 0.022056935 1.979945e-06 0.00014445292 0.02035301 0.009907381 1.9573017e-06 0.007934213 0.008589617 0.00078206847 0.07108056 0.11641609 3.4518288e-07 0.019284025 0.0006965888 0.0473699 0.03925083 1.4357645e-05 0.07042575 0.022738794 4.3085979e-07 4.922282e-05 0.025195606 3.3200096e-05 0.01534265 0.023334017 0.0017596214 2.1309945e-06 0.005919074 0.18620135 4.114066e-05 4.945644e-07 0.00048477305
0.0035702048 0.07949711 0.22208326 0.040263753 0.22340418 0.0637742 0.044660546 0.120799296 0.051212862 0.005483907 0.8175798 0.0020698083 0.31989968 0.004737204 0.7241617 0.0053748577 0.0015300239 0.0013514833 0.074097835 0.0002102431 1.263824e-23 0.56363654 0.059798505 0.00010160547 0.005245687 6.0157356e-05 0.71748745 0.00035184153 0.008806364 0.002623549 0.11075556 0.00028708612 0.004524977 0.035287984 0.010748655 0.00094909885 0.0026247401 0.16649725 0.0022304535 5.188154e-05 2.876047e-05 9.440471e-05 0.00019715434 7.14939e-05 0.7884301 0.6922133 0.0025605941 0.015833965 0.0010397371 0.19184119 0.49299848 4.362329e-06 0.010109369 1.4416067e-05 1.4380428e-06 0.0006926102 0.0004979963 9.224777e-06 4.4400545e-05 0.00010812165 0.00013706298 4.0814584e-07 0.11848707 9.329111e-06 7.927155e-06 1.6310544e-07 0.006367213 0.014149672 0.02395248 3.903533e-06 7.801368e-06 5.767884e-07 2.5705385e-06 9.1155374e-07 8.6364926e-05 9.749452e-06 5.2439657e-07 7.32271e-05 3.0741708e-06 3.02396e-06 1.4745182e-06 1.2854404e-06 0.00016688352 4.6429795e-06 1.0073669e-05 1.4100427e-06 6.835759e-06 7.69115e-06 0.18726005 4.7261547e-06 4.8696634e-06 8.444249e-06 8.534311e-07 7.631865e-06 8.667559e-07 0.000115349394 0.00034504916 0.00010577718 6.258839e-06 2.59766e-07 2.9982334e-06
0.012487578 0.037432306 0.009237585 0.057689507 0.27528816 0.0033763484 0.08550158 0.20136651 0.06877333 4.8656413e-05 0.18711545 1.3990011e-05 0.6625963 7.4156655e-05 0.70774496 0.0017735414 1.2665189e-05 0.00020969745 0.20649566 2.2060398e-05 0.56363654 1.1758406e-23 0.105249256 6.826838e-05 0.017931946 0.00010276659 0.7868962 4.3912046e-06 0.04383398 0.0038423073 0.68053055 0.0013575915 0.016845608 0.14530602 0.3200303 0.0028072945 0.007606136 0.6786955 0.004077232 6.502719e-05 4.645923e-05 0.0015567127 0.0017364969 2.0151016e-05 0.09141406 0.41921148 0.03322376 1.1161168e-06 0.03264074 0.4190917 0.011939015 3.8023023e-07 0.19477144 2.183562e-05 8.5857055e-06 0.005699227 0.011637288 3.9820174e-05 0.00835868 5.327372e-06 0.012122731 2.5230094e-07 0.09123229 0.00022007564 0.0001156951 2.1146761e-07 0.025942756 0.010350749 3.9335955e-05 0.00010254045 0.0015662453 1.8612059e-07 7.288897e-07 1.6003476e-05 0.008937296 0.0003293889 9.4831925e-08 0.0020529274 1.2310893e-05 5.2790824e-06 0.0004664796 3.7080551e-06 6.706482e-07 5.2051077e-05 3.756256e-05 0.0010902049 0.000115746305 6.854492e-05 0.008704633 0.0027210515 2.6014422e-06 0.0021447917 2.2701099e-07 5.360803e-05 0.00016793162 0.0027473692 0.00012289808 0.00014766853 0.00087641116 6.166034e-05 4.4812288e-07
0.9867117 0.34983307 0.06578956 0.2480422 0.5011385 0.012069562 0.4646671 0.47481623 0.7475845 0.005434754 0.030618701 0.0015424078 0.54795474 0.00069419306 0.16631672 0.003987515 0.00016772258 0.00052259065 0.6261253 0.0009433394 0.059798505 0.105249256 1.5447631e-17 0.002694522 0.8190081 0.00298924 0.050198898 8.738205e-05 0.7946719 0.06612342 0.07544605 0.04205854 0.812988 0.7845871 0.116949365 0.05364507 0.27305532 0.025941594 0.20264854 0.00027736055 0.0008410398 0.03804085 0.05883273 0.003570019 0.008063493 0.010122026 0.0080595305 2.3986872e-06 0.0019045196 0.007973927 0.00016847912 1.1870151e-06 0.00815252 0.008827443 1.8249164e-05 0.08749438 0.0032440487 0.005996084 0.0010545959 5.4758697e-05 0.0011791304 6.9598775e-07 0.004521526 0.00025208417 0.02224439 1.1791185e-06 0.0006915786 0.0005495053 3.451704e-05 0.009066769 0.0003428598 1.5013966e-06 1.457429e-07 2.8590168e-06 0.0004689192 0.071807414 1.13398755e-07 0.2733115 0.00031567158 0.0018635178 0.00053965836 4.949645e-07 1.7223366e-06 0.001514011 6.5455533e-06 0.00033668053 5.646724e-05 0.0066161263 1.4941212e-05 0.0022749258 7.878313e-07 0.0012673781 2.3532067e-07 2.1734068e-05 0.026302256 0.0011224708 0.022341711 0.0040552407 0.0017758221 1.0537369e-05 6.4115416e-06
0.8143218 0.008465032 0.20369147 0.0026028021 0.00057224557 0.03926385 0.0021676496 0.0008493849 0.0008115912 0.36298347 0.009586126 0.023231296 0.0012643263 0.01561143 0.0005809648 0.635575 0.46572 0.71707773 0.002801809 0.58206916 0.00010160547 6.826838e-05 0.002694522 2.4638415e-23 0.011678251 0.93670183 2.6021531e-05 0.009481154 0.0065822047 0.25840467 3.7310718e-05 0.100458145 0.0042084586 0.00022619058 8.917514e-05 0.08734123 0.0071671396 2.823016e-05 0.017564358 0.3319517 0.33328462 0.017584698 0.01581851 0.49436334 8.080286e-05 1.1030988e-06 3.518699e-05 9.559061e-07 1.0910665e-05 2.1302739e-07 1.11932895e-05 0.0127335945 1.3124765e-07 0.14619458 0.011519784 0.008501585 0.00033493518 0.17379974 2.182083e-06 0.29650813 2.2451788e-06 0.0007213077 0.00014794327 0.035962347 0.026607778 0.0009251284 4.839496e-08 9.740395e-07 4.646164e-06 0.050345153 4.1318126e-06 1.6301836e-05 0.0014487902 0.0024348644 7.897508e-06 0.024139268 0.00022794743 0.003881096 0.07098339 0.2643438 1.5364463e-07 0.002552087 2.8493145e-05 0.04640189 0.009228298 1.8671957e-05 0.029255144 0.089339964 8.2526236e-07 2.211074e-05 0.00290252 2.4750223e-05 0.0012373748 0.0061825337 0.0051546716 2.40315e-06 0.022882035 0.16678369 5.824204e-05 1.7477334e-06 4.227487e-05
0.74196994 0.40738928 0.1185769 0.25147313 0.13929634 0.009830844 0.5265188 0.1668712 0.55481386 0.017197132 0.0065521337 0.0005262814 0.08163934 0.00094993366 0.05599368 0.045397088 0.0026958906 0.008100729 0.36836147 0.007667876 0.005245687 0.017931946 0.8190081 0.011678251 4.732496e-19 0.012412048 0.01028273 4.5047094e-05 0.7930152 0.07581811 0.00597868 0.1896649 0.8630948 0.12741451 0.14071931 0.13925779 0.56748337 0.0025570998 0.36164826 0.0055033606 0.01177935 0.15025061 0.11671233 0.040516306 0.00028729535 0.00020819972 0.005901193 1.1342738e-06 0.0018990223 0.00021103196 2.878849e-05 0.00019770995 0.0005560368 0.053892206 0.001151259 0.12611355 0.017299967 0.028632825 0.0006857238 0.0011554436 0.00074977713 4.3219363e-05 0.00033671217 0.0071042706 0.12020619 6.4884836e-05 1.9538917e-05 0.00012679373 3.808218e-05 0.08090626 0.00022498882 3.4179661e-06 4.0853334e-05 0.0002421952 4.3277803e-05 0.17646042 8.677641e-05 0.10755233 0.0077302563 0.011942738 4.605071e-05 7.763914e-05 1.0141219e-05 0.011433326 0.00081403536 0.0034073337 0.0037715496 0.02705555 2.6393188e-06 0.007292576 9.562663e-05 0.0029443435 1.7996248e-05 0.0010290911 0.07755221 2.8933404e-05 0.026839897 0.008496769 0.0013775646 6.075755e-05 2.525576e-05
0.76903766 0.006222238 0.17556779 0.0018907819 0.0005378464 0.0307882 0.0017438403 0.0008635139 0.0007189727 0.30264843 0.005573167 0.019225473 0.0012144179 0.011728561 0.00038906108 0.5882415 0.41783562 0.66126096 0.002997892 0.5504931 6.0157356e-05 0.00010276659 0.00298924 0.93670183 0.012412048 1.6701293e-23 2.4579358e-05 0.0063108252 0.008142249 0.24243346 4.5321238e-05 0.09593607 0.0050795055 0.00024037415 6.664212e-05 0.07384057 0.006637269 2.7896136e-05 0.013745319 0.4410937 0.43584618 0.017517846 0.0154077895 0.52876616 6.6708504e-05 5.1075625e-07 2.1595599e-05 8.0476633e-07 1.998726e-05 1.0791195e-07 9.3750705e-06 0.016856978 1.6069376e-07 0.13792574 0.015150235 0.008040016 0.00037142896 0.1535678 4.6300192e-06 0.26510528 4.8579e-06 0.0006794894 9.71065e-05 0.044330876 0.02236418 0.0014463908 3.4869085e-08 7.372868e-07 2.3726393e-06 0.05057786 5.008781e-06 2.005309e-05 0.0016934802 0.0028126163 6.6857438e-06 0.022478333 0.00016775492 0.003933496 0.067687474 0.24761224 1.870755e-07 0.0029609273 1.8087267e-05 0.04586878 0.007813279 1.9853804e-05 0.025209157 0.0815045 1.5808321e-06 4.7297322e-05 0.0026763708 4.3733107e-05 0.0013480559 0.0058588805 0.005101612 1.215904e-06 0.020413466 0.16670197 6.0781833e-05 1.9686443e-06 4.59223e-05
0.0029852204 0.052714314 0.047430713 0.04369513 0.19712651 0.0106258 0.068842724 0.11641657 0.031468634 0.00026776447 0.44965884 0.00011470896 0.359087 0.00068768486 0.64464056 0.0018942507 8.290607e-05 0.00030917238 0.104286514 1.430444e-05 0.71748745 0.7868962 0.050198898 2.6021531e-05 0.01028273 2.4579358e-05 9.644425e-23 2.032718e-05 0.029944759 0.0010476252 0.33797812 0.00067645183 0.00434301 0.054964762 0.08603027 0.00083042093 0.0018366941 0.5001078 0.0015120363 1.2736641e-05 1.1879024e-05 0.00025423022 0.00031596282 5.684354e-06 0.38955328 0.632592 0.013751082 0.0001579931 0.014452589 0.42791048 0.122669935 4.2864826e-07 0.18593703 9.458499e-06 1.4775135e-06 0.0018234681 0.0046676667 3.7268592e-06 0.003918834 1.7453027e-05 0.012001291 3.6232035e-07 0.2630084 3.5788686e-05 5.4657917e-06 9.5796715e-08 0.065763794 0.05339746 0.00060125237 6.3956027e-06 0.0008516986 4.3370392e-07 2.6932e-06 6.9826416e-07 0.019685322 5.0117624e-06 1.371263e-07 7.760537e-05 2.3385833e-06 9.34674e-07 0.00014524527 1.1646724e-06 3.228861e-06 4.022976e-06 1.0297001e-05 2.7141847e-05 1.8571105e-05 3.2116936e-06 0.05889709 0.0006055417 2.2387158e-06 0.0001779472 3.0233355e-07 7.345564e-06 6.651079e-06 0.0036843468 6.8050555e-05 3.8753114e-05 4.9395825e-05 1.4532548e-06 1.2419138e-06
0.0040410357 0.0002943817 0.077660434 3.5226036e-05 3.9849918e-05 0.45816374 1.5038765e-05 2.4817064e-05 0.00015027447 0.09002385 0.5825793 0.51824737 1.1049472e-05 0.77147734 0.00068975874 0.04775212 0.44950506 0.09147485 7.871964e-06 0.13000032 0.00035184153 4.3912046e-06 8.738205e-05 0.009481154 4.5047094e-05 0.0063108252 2.032718e-05 1.5888269e-18 2.1684153e-05 0.0020689615 8.2725745e-07 7.562482e-05 9.2154005e-05 6.0250163e-06 4.8363496e-08 0.00021240982 3.175931e-05 5.4080365e-06 3.3958222e-05 0.0071996083 0.00378375 1.866934e-05 1.4634363e-05 0.00055811 0.00036828677 2.4120252e-05 6.0823993e-07 0.015178125 6.777122e-07 8.50131e-08 0.00014973285 0.04054652 7.9176274e-08 4.523578e-05 0.0012735167 1.8567298e-05 1.093638e-06 4.1822263e-05 5.9609675e-07 0.005049801 7.733489e-07 0.024744177 1.2366457e-05 0.00068910426 5.0457234e-05 0.0020143525 7.484233e-07 2.5788281e-06 0.000548725 3.9033897e-05 2.1837576e-07 0.4044991 0.0046884543 0.0003448909 4.8180638e-08 1.5039697e-05 0.082766324 1.1460364e-06 0.0002591325 0.00013819068 2.280767e-07 0.00094416377 0.4304374 0.0005695546 0.0018375544 3.2077416e-08 0.0015332089 9.422338e-05 3.5568622e-08 3.6564887e-07 0.0031028716 6.1360646e-07 0.004314507 0.001109346 3.0749845e-07 1.73055e-07 0.00036272817 0.030907724 3.3150835e-07 7.3161793e-10 0.009793068
0.5620565 0.08919646 0.04029133 0.12905642 0.13460818 0.004541977 0.4074121 0.1803846 0.13080077 0.011083624 0.0023166102 3.5773774e-05 0.18493493 0.00064021844 0.052492093 0.0155975465 0.0011739493 0.0018926635 0.6108974 0.00558101 0.008806364 0.04383398 0.7946719 0.0065822047 0.7930152 0.008142249 0.029944759 2.1684153e-05 6.4855784e-19 0.017403042 0.025682097 0.122775584 0.7897303 0.87580645 0.38423583 0.09596042 0.18044905 0.007897127 0.070797786 0.004020491 0.0073423847 0.11266464 0.12028475 0.007627391 0.0008389509 0.0010657738 0.030769747 4.1591366e-07 0.009073468 0.0061517386 1.3982995e-05 1.629063e-05 0.010660421 0.030557405 0.00012437807 0.5607851 0.27355605 0.018906688 0.0027022988 0.00023970111 0.0041604955 1.4282398e-05 0.0013597923 0.002879703 0.08068467 1.4817321e-05 0.00015590036 0.00021546525 9.517631e-06 0.04859337 0.0011624511 2.0854332e-06 1.9006013e-05 2.0342733e-05 0.00014538386 0.19488883 4.9443377e-05 0.18868145 0.003983723 0.0029247296 0.00015792983 1.2986945e-05 2.494164e-06 0.0075987633 0.0002600921 0.046307407 0.0020594152 0.010854779 2.5704824e-06 0.048348974 4.7703845e-05 0.013875828 5.2505143e-06 0.00041004232 0.11284485 2.8049848e-05 0.014655913 0.0018097135 0.005270863 0.0006513705 2.7595755e-05
0.980941 0.20536026 0.3733524 0.036067903 0.06610474 0.048865914 0.048785947 0.042836413 0.19146203 0.1649055 0.050292566 0.015864128 0.015428478 0.0113688 0.012240488 0.551594 0.07303166 0.2867944 0.010884612 0.08140278 0.002623549 0.0038423073 0.06612342 0.25840467 0.07581811 0.24243346 0.0010476252 0.0020689615 0.017403042 8.737822e-20 0.0004995 0.8874142 0.06751586 0.0015349528 0.0016051481 0.8506093 0.31360036 0.00017875254 0.44981557 0.08311671 0.153959 0.10277583 0.1622051 0.6293061 4.470988e-05 6.12928e-05 0.0005184145 3.0353958e-06 8.989469e-05 6.810298e-06 7.638637e-06 0.0006189226 8.695498e-06 0.27566484 0.0032505053 0.008482604 0.0007731385 0.31510735 8.757824e-06 0.0463873 7.665419e-06 2.3411416e-05 5.3669002e-05 0.009366447 0.17124425 4.156508e-05 1.2465131e-06 2.824765e-06 8.930897e-06 0.15341635 3.0034132e-06 8.636493e-07 3.6820336e-05 0.0009385824 3.0643812e-07 0.13334271 2.2282168e-06 0.026168177 0.038357962 0.2520607 1.0155e-05 0.0001120124 1.4188452e-05 0.029817685 0.0034510673 3.886926e-05 0.010619534 0.30204752 4.0597808e-07 0.00036470982 0.00046876047 0.00052452093 9.6866286e-05 0.0028624653 0.06631358 4.483278e-06 0.164543 0.23681298 0.00026787378 8.454591e-07 1.724665e-05
0.45120585 0.00783988 0.0010048342 0.008213378 0.073423445 0.00013378082 0.014098466 0.056473795 0.008556296 1.5083894e-05 0.0044309413 4.6597916e-06 0.7172952 7.2506095e-06 0.189742 6.280565e-05 1.5959284e-06 5.0150848e-06 0.3001164 3.144707e-05 0.11075556 0.68053055 0.07544605 3.7310718e-05 0.00597868 4.5321238e-05 0.33797812 8.2725745e-07 0.025682097 0.0004995 5.9528446e-18 0.0010445495 0.017389305 0.30956405 0.63509595 0.0008291812 0.0032595808 0.84807444 0.0013352552 1.6513073e-05 2.107306e-05 0.0007197946 0.00059276575 0.00016849131 0.031731762 0.187412 0.42603764 2.9280393e-08 0.58367676 0.38561317 0.0008476543 5.725301e-09 0.39508298 0.0001256927 1.6397125e-06 0.015428125 0.11683909 0.00013385792 0.3245596 1.6174564e-06 0.18992633 1.1088788e-08 0.061543982 1.1281133e-05 0.00069203717 3.711719e-07 0.068396464 0.0093421955 3.202987e-05 0.0003339942 0.03990953 6.3920844e-08 2.5708253e-08 1.3735123e-06 0.05646641 0.0016266359 6.9984285e-09 0.09361507 8.5569145e-06 5.9344643e-06 0.008892512 2.2320079e-07 2.7567322e-07 0.00012795976 2.0150428e-06 0.003979476 3.5871633e-06 2.3506522e-05 0.0026243161 0.010874406 3.307107e-07 0.010849722 7.898723e-09 2.699894e-06 0.00069167954 0.019996839 0.00015102513 4.1507006e-05 0.024824724 0.0005476789 5.864204e-07
