1.19129795e-33 0.9193539 0.95336264 0.8850505 0.6890772 0.99301976 0.114272624 0.3937029 0.9112659 0.9463888 0.3286947 0.9209604 0.34343767 0.941272 0.42806414 0.27169338 0.19794989 0.32039917 0.9515473 0.15547197 0.9517163 0.09852283 0.0024842073 0.9554408 0.96563417 0.9821039 0.89631885 0.7970625 0.71549976 0.022152526 0.8686584 0.9972579 0.016515506 0.97502464 0.030206578 0.98802584 0.987448 0.9993447 0.009646027 0.0023018813 0.21572942 0.20262532 0.9848448 0.01665733 0.33594653 0.9416994 0.019681234 0.9973377 0.0063056 0.0023774235 0.45876864 0.0023029693 0.0068212515 0.0012887157 0.0017746396 0.99521524 0.39841563 0.99916154 0.0034706465 0.0007997699 0.0055156397 0.33894008 0.02489973 0.9906003 0.049225677 0.0010328429 0.013256339 0.8606129 0.9691799 0.00018935426 0.0016416216 0.0013014409 0.7971746 0.0007686088 0.00018739825 5.027332e-05 0.005439475 0.7426856 0.00031612863 0.9967029 0.9988896 0.9507449 0.99959767 0.009225553 0.008054106 0.0022529245 1.6067314e-06 0.99880075 0.9703344 0.25534865 7.1320246e-05 7.011135e-05 8.674405e-07 0.9979965 0.046176314 0.50727206 0.09113377 0.998442 0.001351625 1.3659046e-06 4.4727108e-07
0.9193539 6.9538303e-23 0.41325045 0.19047327 0.8968037 0.22131008 0.075071074 0.05656445 0.49581537 0.10347916 0.18818334 0.21236365 0.07566028 0.07058322 0.089798026 0.038669802 0.04925694 0.028216345 0.04806946 0.0414933 0.046196464 0.035180658 0.01810439 0.004556374 0.032827538 0.032988694 0.019142525 0.00866968 0.011752286 0.041134477 0.002078931 0.5775803 0.0078038885 0.036446176 0.011732801 0.0019646925 0.0107288165 0.1529509 0.01689658 0.016112361 0.0049376963 0.0021580416 0.092518836 0.00023120789 0.0068097464 0.010255822 0.0015351473 0.07003511 5.56372e-05 0.0040317927 0.0021403974 0.009753093 0.009960819 0.0046057915 0.0062947944 0.4163093 0.00018110801 0.18177699 0.0019766153 0.0011599832 0.0046210717 3.3329593e-07 0.0007070124 0.026029754 1.9354111e-05 8.341816e-05 0.00019892342 0.0022599169 0.001529875 0.0001696673 7.207188e-05 0.0014389557 0.00079729565 0.00036134984 0.0014127666 0.00028082274 2.6620314e-06 0.0007782394 0.0008447302 0.35489544 0.07934633 0.000162553 0.036025446 2.7195285e-06 1.9515126e-06 2.8071886e-06 1.0887454e-07 0.0906686 0.0026116665 0.0013038223 0.000255936 1.971486e-05 4.3886207e-08 0.009044026 6.792911e-05 0.0009785072 0.0012217815 0.0110830385 4.082959e-06 6.4253845e-07 1.0115806e-05
0.95336264 0.41325045 7.2757017e-20 0.7739918 0.347728 0.24110687 0.074600935 0.18030483 0.28086895 0.49910876 0.7305516 0.43194324 0.47994155 0.054295164 0.5977014 0.027695876 0.34874278 0.08539133 0.21655102 0.21347761 0.008713183 0.06905799 0.026308559 0.00090510404 0.007984976 0.012321319 0.002802879 0.0008083697 0.0017636981 0.18613252 0.00010507129 0.5654883 0.0016623281 0.0111117195 0.0038282766 0.00038687495 0.0035063734 0.12932806 0.08659054 0.07226486 0.00068452646 0.00018097454 0.025247032 0.0005709125 0.031844825 0.01467001 0.00019142525 0.04501367 2.2456297e-05 0.018791938 0.0002153605 0.05094301 0.051380925 0.03165699 0.048586152 0.10889573 9.438225e-06 0.0681838 0.007267114 0.0006574259 0.020808036 5.1661992e-08 5.3546504e-05 0.0020740556 6.1242895e-07 6.0409162e-05 2.3481123e-06 0.00018724124 0.0001972352 0.000119674616 0.00010384826 0.001815766 2.4426812e-05 0.00022435268 0.0036993667 0.00045426635 7.384025e-08 0.00010217332 0.0016760364 0.050466374 0.0095645515 1.5404976e-05 0.0035714207 6.0911375e-08 3.0436976e-08 3.2809247e-08 1.7332157e-07 0.05421471 0.00011722455 0.0007358276 0.0014022264 5.4213174e-06 7.245405e-08 0.0004556339 8.540003e-05 2.7373771e-05 0.0006926611 0.006919042 4.1992956e-07 5.9273685e-07 2.0856252e-05
0.8850505 0.19047327 0.7739918 6.8698085e-21 0.13929303 0.49511576 0.40706077 0.6329178 0.10204419 0.119444035 0.64209056 0.13253294 0.58925354 0.25196013 0.36039823 0.25103033 0.5135833 0.01692263 0.064379394 0.042942926 0.05850383 0.3788701 0.18502383 0.0026770537 0.03651525 0.052771922 0.011327291 0.0025050188 0.011204889 0.4511627 0.00036124577 0.3611423 0.013069041 0.0328991 0.04536439 0.0020421515 0.013234865 0.2216136 0.051540893 0.047717944 0.0024529246 0.00060976454 0.041219454 0.0012108872 0.0076819584 0.0037289911 0.0009220891 0.08627427 0.0001612328 0.11079137 0.00087795954 0.060565222 0.040593132 0.038247406 0.070652485 0.06555224 2.0485651e-05 0.06980273 0.048629764 0.0052130665 0.013751777 2.0235113e-07 7.752667e-05 0.0036354652 8.370912e-07 0.00010643796 4.883639e-06 0.0010919815 0.00092740514 0.0015831549 0.0007230206 0.00075304194 0.00010302349 0.0029741284 0.011649064 0.0023458095 1.7646465e-07 0.0004941993 0.0008366531 0.024799995 0.008981025 9.314981e-05 0.0056321947 5.2976066e-08 1.3603466e-07 4.083948e-08 1.090159e-06 0.014948034 0.00041097542 0.00016974143 0.0011305162 1.1289227e-05 4.5893444e-07 0.0011053641 1.4867754e-05 5.831218e-05 0.00017315891 0.0063062557 4.519822e-07 3.304952e-06 7.1876702e-06
0.6890772 0.8968037 0.347728 0.13929303 1.6598653e-23 0.21914442 0.04210963 0.038759712 0.80535406 0.10718015 0.20123065 0.38996363 0.0680227 0.06042216 0.11553818 0.027669711 0.049419627 0.04341268 0.06267182 0.056524687 0.03871926 0.023027124 0.018910682 0.0042561 0.03413443 0.037532587 0.024125678 0.009582858 0.009178795 0.029278805 0.002855356 0.44877875 0.0071519166 0.050089855 0.013031112 0.0021643443 0.007934296 0.11102568 0.019114956 0.01887056 0.003146983 0.0014800931 0.07713936 0.00023098398 0.008012785 0.019354753 0.00094072055 0.045576297 9.042909e-05 0.002414063 0.0014910054 0.009012798 0.011411837 0.004302774 0.0063561955 0.4635755 0.0002639621 0.18762816 0.0012363852 0.0014698709 0.004902274 2.44744e-07 0.00064415333 0.027207194 3.659154e-05 6.625007e-05 9.4438125e-05 0.002370481 0.0025877885 4.9867867e-05 0.000113737835 0.0037762572 0.0015394578 0.00048228528 0.0019019186 0.0005341362 2.2525137e-06 0.00034375142 0.0015019558 0.4230866 0.06443018 0.00016879434 0.015176047 7.262402e-06 4.6526425e-06 5.9147565e-06 4.79694e-07 0.1519913 0.0045980676 0.0043353275 0.00024186836 3.8684506e-05 1.2678942e-07 0.00485001 0.00040883129 0.0010698951 0.0035213763 0.014116785 3.2597482e-06 8.372572e-07 9.0356625e-06
0.99301976 0.22131008 0.24110687 0.49511576 0.21914442 1.1410848e-18 0.78226054 0.44952002 0.10605779 0.007268424 0.18768352 0.027236322 0.11138844 0.6506288 0.031671993 0.40640682 0.069892734 0.007233606 0.0021333788 0.008534419 0.3295401 0.49059498 0.13661005 0.0119140195 0.07583627 0.13238513 0.019626813 0.004021793 0.047658116 0.14781007 0.0017070668 0.4524273 0.01561694 0.08081929 0.06527386 0.0023670064 0.026449783 0.2997595 0.0041267034 0.003944862 0.0072078453 0.002022141 0.1037186 0.0021239845 0.0002351501 0.00010116814 0.00396662 0.15640852 0.00033769652 0.05653449 0.0004874198 0.007027446 0.0014821581 0.005109271 0.011061249 0.31724033 1.750325e-05 0.2720361 0.04965064 0.0055162944 0.00017367624 7.895489e-08 0.00080762187 0.01636025 7.8433413e-07 0.00018064605 5.7927406e-05 0.00034949402 0.0008986208 0.0016439128 0.00015712819 8.107236e-06 2.7879141e-05 0.00058196014 0.008442579 0.0005424087 1.10036126e-07 0.0002279883 2.6997768e-05 0.079158574 0.21077102 5.4351185e-06 0.048908554 7.932164e-09 1.2085881e-08 1.1741865e-08 4.54827e-07 0.015382361 0.00022901318 7.333993e-06 7.642284e-05 1.335518e-05 1.962727e-07 0.0062058107 5.5650967e-06 6.3150846e-06 1.821175e-05 0.010903276 2.4174182e-07 5.8328754e-07 1.1391716e-06
0.114272624 0.075071074 0.074600935 0.40706077 0.04210963 0.78226054 5.4980533e-25 0.85551953 0.023560915 0.0016869142 0.09269761 0.0068892585 0.062301517 0.44801217 0.014407135 0.37994495 0.033892736 0.0024355343 0.0003778921 0.0042822114 0.16225602 0.27372572 0.17251702 0.027718674 0.07653186 0.089149036 0.048958976 0.016972702 0.07179137 0.08342215 0.006733826 0.11606347 0.021803198 0.06958306 0.079928465 0.0071909414 0.025058111 0.08555377 0.0043328414 0.0021905892 0.0029373586 0.0005747776 0.082915775 0.0017495916 0.0001304354 3.972122e-05 0.0036554101 0.11363505 0.0024353822 0.05247338 0.0015615956 0.009032649 0.0004754411 0.0058913585 0.006920801 0.041448087 0.00012349233 0.05388006 0.028497089 0.024519535 0.00011064535 1.4805822e-07 0.0007057301 0.012046334 2.2693699e-05 0.000675894 0.00022751266 0.0014575042 0.0027073368 0.007863193 0.00042206774 5.4680993e-05 0.0005140516 0.002569061 0.00925872 0.00085587316 5.322555e-07 0.0006950635 3.9636077e-05 0.0042612595 0.0090854475 0.00012174287 0.008664912 4.782656e-07 1.7971034e-07 9.277235e-08 3.316949e-07 0.001562365 0.0025242723 6.059486e-06 2.8745308e-05 3.321527e-05 7.166663e-08 0.005795329 1.0496992e-06 0.0004592813 8.2653405e-06 0.0010538258 1.37596e-06 5.5814377e-07 2.0842252e-07
0.3937029 0.05656445 0.18030483 0.6329178 0.038759712 0.44952002 0.85551953 9.811711e-23 0.029623637 0.0052622342 0.121598504 0.023116693 0.17105861 0.308641 0.042999048 0.38330927 0.114626475 0.0043440396 0.005507332 0.008190038 0.065599926 0.46018374 0.2356566 0.007039435 0.029921832 0.0403181 0.013330236 0.0059724487 0.02300868 0.24354136 0.0017603592 0.19025171 0.01749393 0.022113856 0.049193468 0.0031067457 0.01359793 0.15044099 0.0053778617 0.0033950615 0.0019096783 0.0007988788 0.028057134 0.00067699136 0.0010297792 0.0004807134 0.0020127392 0.06363972 0.0003358583 0.0994679 0.000569082 0.023328554 0.0062551633 0.011010327 0.046697583 0.019798776 0.000119840566 0.054782346 0.047856655 0.014726688 0.0013579087 1.4990552e-07 0.00023301638 0.004192006 2.1195065e-06 0.0005473677 6.6647426e-06 0.0012504352 0.0020304057 0.0025478834 0.0011110415 0.00018036565 0.00029953785 0.0052363207 0.014041622 0.003674401 1.0590127e-07 0.0003362071 0.0005208194 0.0051493333 0.004985679 0.00021406473 0.0054603633 1.247716e-07 1.412999e-08 8.282307e-09 3.2104288e-06 0.0024640274 0.0009825566 1.5816398e-05 0.00014751314 5.0144852e-05 3.4454618e-07 0.0014577273 4.505008e-06 0.0001930361 2.7031907e-05 0.003464155 3.4398477e-07 2.8585885e-06 1.3210614e-06
0.9112659 0.49581537 0.28086895 0.10204419 0.80535406 0.10605779 0.023560915 0.029623637 3.7906283e-21 0.1949093 0.15695603 0.8826382 0.05457082 0.03100485 0.11195709 0.011409139 0.03526326 0.06834219 0.11159804 0.060048576 0.018900491 0.01396185 0.005257722 0.001920747 0.013182237 0.014065296 0.0078047663 0.003247399 0.0038554904 0.02600658 0.0005817787 0.46281686 0.0017105625 0.016634392 0.0033254619 0.0005277953 0.002854199 0.08546155 0.018446088 0.016062252 0.003033305 0.0013829976 0.032548387 6.437112e-05 0.015523327 0.032458026 0.0013309924 0.021042958 1.43200805e-05 0.0029518586 0.0012272083 0.008827389 0.014285362 0.004540775 0.0064273863 0.33133328 5.0768613e-05 0.09400599 0.00173764 0.000616549 0.0069965976 7.040499e-08 0.00072107563 0.010247355 7.5749e-06 6.6125336e-05 0.000106696716 0.0010651351 0.00028308926 5.5088003e-05 6.3973624e-05 0.0029647374 0.00013598752 0.0002930095 0.0011800213 0.00020731727 1.2349257e-06 0.00024216817 0.0016857564 0.361669 0.059399467 1.6363876e-05 0.0046955487 9.950064e-07 5.2542333e-07 3.9445868e-07 3.6721772e-08 0.15294856 0.0006430973 0.004121044 0.00023509515 3.5534056e-05 4.92078e-09 0.002108888 0.00035495037 0.00020413172 0.0028190035 0.012173289 9.351849e-07 1.1610422e-07 9.15678e-06
0.9463888 0.10347916 0.49910876 0.119444035 0.10718015 0.007268424 0.0016869142 0.0052622342 0.1949093 1.05279316e-19 0.39253068 0.77162844 0.19894077 0.00046597124 0.6055191 0.00086886674 0.19799507 0.6541204 0.70238435 0.65064806 0.0006495154 0.009185012 0.00072365656 1.0759919e-06 8.834972e-05 0.00010459609 3.1961943e-05 1.7424456e-05 1.0573537e-05 0.05398079 1.6457878e-06 0.064992495 3.5137895e-05 0.00018902644 7.931038e-05 6.6761135e-07 1.8861165e-05 0.012125783 0.19797121 0.1870972 7.231789e-05 1.0545703e-05 0.00051566877 2.9777307e-06 0.21429762 0.070510596 1.9762108e-05 0.0017034126 1.6145791e-06 0.0013230826 3.9313736e-06 0.061569843 0.13486502 0.03964982 0.046269886 0.03118695 1.24486395e-08 0.004096167 0.0008319655 0.00027096318 0.057193283 4.54694e-10 3.5981047e-05 0.00027255158 1.10803935e-08 9.954037e-06 9.0184153e-07 4.211598e-06 1.3441527e-06 2.7634078e-05 2.7220296e-06 0.00978279 1.2701804e-07 1.826757e-05 0.00070615526 2.1379186e-05 4.735427e-09 2.3904684e-06 0.011689991 0.013413905 0.00036785184 1.54722e-07 4.339087e-05 8.510343e-09 1.3189897e-09 9.882113e-10 2.084723e-08 0.06395265 1.2907003e-06 0.002524212 0.0028051173 1.6160365e-06 1.494156e-08 9.528029e-06 0.00031061165 1.71153e-06 0.002323973 0.002411701 1.9403497e-08 5.734725e-08 5.4782042e-05
0.3286947 0.18818334 0.7305516 0.64209056 0.20123065 0.18768352 0.09269761 0.121598504 0.15695603 0.39253068 1.5227314e-22 0.21540691 0.659639 0.074787766 0.81321174 0.03783821 0.5628877 0.0687878 0.14979193 0.3145186 0.011209469 0.04924367 0.024220381 0.001523333 0.005954956 0.010881394 0.0011017722 0.00066878455 0.0046424577 0.19499023 0.00035382275 0.15728375 0.0031349864 0.0061103357 0.0070039406 0.00084092194 0.0033847583 0.06886075 0.1226641 0.11881597 0.000344573 0.00016310131 0.007104376 0.00025363427 0.01927731 0.011974637 0.00017546912 0.022523805 4.530253e-05 0.020220354 3.6001027e-05 0.08669482 0.07551205 0.05144202 0.062098265 0.018515479 8.1026184e-05 0.016832117 0.0078965975 0.000429557 0.03502866 1.0525868e-07 8.135921e-05 0.0007723849 1.8394803e-05 4.138093e-05 2.3843131e-05 6.926169e-05 0.0008708768 0.0003174019 0.00024340946 0.0056927954 0.00048121501 0.0030253374 0.0077998852 0.0016845951 5.713411e-07 3.4792607e-05 0.0029077646 0.0075822845 0.0030453939 7.883387e-05 0.0015063431 2.5435024e-06 3.7783386e-06 5.788107e-07 1.0979204e-06 0.020916423 0.000103383136 0.0033135507 0.0010668415 5.313935e-06 6.4556616e-08 0.0008329651 0.00019113666 7.5509547e-06 0.0029511605 0.006907953 2.5437016e-06 3.79068e-07 3.25222e-05
0.9209604 0.21236365 0.43194324 0.13253294 0.38996363 0.027236322 0.0068892585 0.023116693 0.8826382 0.77162844 0.21540691 2.1243909e-18 0.100837976 0.005644861 0.25860092 0.0024833498 0.06976095 0.29694685 0.5554171 0.18551967 0.004302665 0.007673538 0.0010027961 0.00015038771 0.0021384284 0.0017111701 0.0010914761 0.00048708156 0.0002613034 0.022181239 9.320783e-05 0.33870023 0.000116511794 0.0023972571 0.00012508132 9.844602e-06 0.0003042012 0.031022081 0.038069967 0.030906912 0.0008812815 0.0004718611 0.00529854 2.7673239e-05 0.079837054 0.11911015 0.00033498852 0.0024419269 1.14218865e-05 0.0008373504 0.00014036206 0.012629658 0.030527981 0.005401274 0.008990683 0.21584062 3.1604447e-06 0.02266976 0.00034615392 0.0003293738 0.015986562 7.474182e-09 0.00022502572 0.0023928431 2.2393442e-07 1.1684589e-05 5.2536343e-06 0.0001538497 2.0473795e-05 0.00011175685 2.053322e-05 0.002538817 9.496651e-06 4.690581e-05 0.0006224606 0.000115239534 4.849309e-08 3.6092435e-05 0.0042905384 0.24282573 0.009085205 3.703127e-07 0.0005275988 2.4347376e-08 1.4549578e-08 8.517651e-09 3.824598e-08 0.16938546 0.00011056118 0.00851015 0.0002997419 3.6777678e-06 1.5178795e-08 0.00017822438 0.0021661813 1.0820688e-05 0.006324873 0.011641229 7.7150474e-08 2.1040948e-07 7.1480504e-06
0.34343767 0.07566028 0.47994155 0.58925354 0.0680227 0.11138844 0.062301517 0.17105861 0.05457082 0.19894077 0.659639 0.100837976 9.175923e-23 0.057298277 0.5620136 0.06354627 0.88295454 0.0234843 0.06934979 0.10620768 0.0040107486 0.17976917 0.058682848 0.0020431909 0.0025912877 0.0029949613 0.000918351 0.00026590045 0.0042600124 0.5270212 9.211464e-05 0.042773284 0.0032510713 0.0024903435 0.008564962 0.0003142676 0.0014596193 0.04438157 0.16515785 0.17302048 0.00052672654 0.00018515125 0.0020060975 0.0011112323 0.023081986 0.00687186 0.00012301817 0.006525045 9.4214214e-05 0.119486675 6.991078e-05 0.16386214 0.18642475 0.13316953 0.21679087 0.009208971 1.1096998e-06 0.006140634 0.06857824 0.0026599204 0.0917615 1.709106e-08 7.124506e-05 0.0005990831 3.4618097e-06 0.00015130539 9.276687e-06 0.00019252299 1.931012e-05 0.0033647686 0.0017426957 0.002785954 1.2818382e-05 0.0073019783 0.021533381 0.007666955 2.9304542e-07 6.8936744e-05 0.0083461255 0.0060182177 0.0007902352 3.843447e-06 0.00046638597 3.0017392e-07 1.4590451e-07 3.6331286e-08 8.477642e-07 0.003676965 6.440593e-05 0.00038679046 0.0050605135 1.1411379e-05 3.248203e-07 0.00012785778 5.873949e-05 1.4686722e-05 0.0003184133 0.006880372 6.736577e-07 1.40299e-06 5.554124e-05
0.941272 0.07058322 0.054295164 0.25196013 0.06042216 0.6506288 0.44801217 0.308641 0.03100485 0.00046597124 0.074787766 0.005644861 0.057298277 1.4274686e-17 0.010900239 0.7024536 0.034303088 0.0017701815 0.000516688 0.003221667 0.75228024 0.3327514 0.24732459 0.39302766 0.18696201 0.21205544 0.19599304 0.17693175 0.61595094 0.100858666 0.19477694 0.18554749 0.21501502 0.16498522 0.3221067 0.13138135 0.22035573 0.10992738 0.0010581396 0.00035757502 0.10140662 0.051738337 0.27103278 0.09016862 3.986915e-05 8.610419e-06 0.09448508 0.32690307 0.06141332 0.032805484 0.013339464 0.0044352054 0.00025143422 0.0031569477 0.010868342 0.07156572 0.0074893967 0.12793039 0.026921455 0.07219473 4.636473e-05 3.9444858e-05 0.020878084 0.06495401 0.0008960578 0.021375965 0.0049260436 0.0063453447 0.024660492 0.007982639 0.021485688 3.7338928e-06 0.003841904 0.015053051 0.002936507 0.00032823556 6.9286594e-05 0.005507183 5.4967248e-05 0.014597948 0.09162952 0.0022127319 0.13778675 3.9058512e-05 1.2046522e-05 1.0260878e-05 1.0298176e-06 0.003382524 0.0040585254 9.816064e-06 0.00016383464 0.00078639097 5.191613e-07 0.040539473 1.807935e-05 0.0014580359 2.1740496e-05 0.0042646076 5.030373e-05 4.711834e-06 3.797876e-06
0.42806414 0.089798026 0.5977014 0.36039823 0.11553818 0.031671993 0.014407135 0.042999048 0.11195709 0.6055191 0.81321174 0.25860092 0.5620136 0.010900239 3.5541124e-21 0.014413854 0.53908044 0.2689069 0.3263727 0.7799129 0.0026226386 0.011980617 0.008022376 0.00058630196 0.0022318952 0.0038191678 0.0007463642 0.0004512772 0.0005525337 0.109562285 0.00023747495 0.08689301 0.00076469575 0.0034288333 0.0015235255 0.00024664678 0.0014446243 0.02232701 0.3180692 0.2585398 0.00023685723 0.00017528264 0.0029351588 0.00046806716 0.18169694 0.055831347 0.00033437792 0.0045390064 7.7540426e-05 0.0043228106 8.0906415e-05 0.10690294 0.25733104 0.05164748 0.07159234 0.013854731 0.000108334876 0.0056835166 0.001692589 0.0002546981 0.14612825 3.327998e-07 0.00012325267 0.00091907475 6.5483314e-06 5.337062e-05 2.5113812e-05 0.00016715587 0.00026312415 0.00017992238 0.0008576323 0.03704531 0.0002887027 0.0014002973 0.0048172604 0.0015395781 5.3612115e-07 3.6617897e-05 0.010405645 0.009321145 0.002128541 2.8575327e-05 0.00040776268 2.1651867e-06 8.954627e-07 1.4445669e-07 2.5183424e-06 0.033564728 0.00017701542 0.008609627 0.0030810405 1.2719696e-05 2.0436904e-07 0.0004199628 0.0040207133 1.6470165e-05 0.0075566857 0.0053875954 2.7868252e-06 2.6475558e-07 0.00019842718
0.27169338 0.038669802 0.027695876 0.25103033 0.027669711 0.40640682 0.37994495 0.38330927 0.011409139 0.00086886674 0.03783821 0.0024833498 0.06354627 0.7024536 0.014413854 9.37377e-22 0.047895692 0.001759691 0.00044746057 0.0022038342 0.27928558 0.58278006 0.5914664 0.08342828 0.06800306 0.065416224 0.08359623 0.05821768 0.45196155 0.19304049 0.029775936 0.011961735 0.46871677 0.03369213 0.69557595 0.02512161 0.050932128 0.038100183 0.00022027026 8.75539e-05 0.023036828 0.007997334 0.02605266 0.066474855 0.00011707763 1.6751462e-06 0.05298133 0.09154922 0.13292055 0.12984818 0.0038622746 0.0056641074 0.00030401704 0.0050130654 0.021688867 0.003936632 0.0004056238 0.009672088 0.09362554 0.2555247 4.4793233e-05 2.2440208e-06 0.006220378 0.003528513 0.0001272026 0.029497864 0.0007728624 0.0022849953 0.0032869494 0.031982813 0.04467129 2.9702799e-06 0.0005212368 0.057947285 0.014232105 0.003276959 1.3183963e-05 0.0009776606 5.6922494e-05 0.0002191148 0.0024630937 0.00028721977 0.0038427399 2.5941856e-06 1.1536247e-06 6.316394e-07 6.7034705e-07 0.0004018413 0.0012764465 5.7263424e-06 3.0331952e-05 0.0023717335 2.3685234e-07 0.0011767752 8.255677e-07 0.00014784087 9.096107e-06 0.002528239 7.907388e-06 6.1452556e-06 4.2872676e-07
0.19794989 0.04925694 0.34874278 0.5135833 0.049419627 0.069892734 0.033892736 0.114626475 0.03526326 0.19799507 0.5628877 0.06976095 0.88295454 0.034303088 0.53908044 0.047895692 1.7817287e-21 0.017575217 0.05858811 0.08736799 0.0018801073 0.10197561 0.03932589 0.0011893172 0.0011317595 0.0013939146 0.00021370043 7.651123e-05 0.0015867077 0.54770124 4.9619102e-05 0.027746482 0.0026714797 0.0011881314 0.005565214 0.00021904023 0.000758134 0.032205403 0.19853073 0.19084692 0.00023080251 8.6858374e-05 0.00091801473 0.0005407304 0.019139599 0.0027738924 7.7774675e-05 0.0033198232 4.84608e-05 0.10422184 2.0250867e-05 0.24830139 0.2668846 0.1971212 0.27697647 0.006096695 1.2779475e-06 0.0038124446 0.069862284 0.0020113701 0.11840348 1.4040447e-08 5.1670446e-05 0.00022219804 3.330095e-06 9.922868e-05 8.664415e-06 6.70223e-05 3.2277792e-05 0.002227654 0.0012869609 0.0030744234 1.9174106e-05 0.009052255 0.031666253 0.007091423 1.3136135e-07 2.3105984e-05 0.010930157 0.0024752654 0.0006221244 2.9432242e-06 0.0003929653 2.3888833e-07 1.3160886e-07 3.9846515e-08 1.1596932e-05 0.003597429 6.2147985e-05 0.00038001605 0.008341653 2.4223247e-05 1.550488e-06 8.654508e-05 8.896473e-05 7.4802906e-06 0.00032302472 0.010287751 1.4788203e-06 4.797249e-06 0.00016633073
0.32039917 0.028216345 0.08539133 0.01692263 0.04341268 0.007233606 0.0024355343 0.0043440396 0.06834219 0.6541204 0.0687878 0.29694685 0.0234843 0.0017701815 0.2689069 0.001759691 0.017575217 9.660774e-23 0.8670544 0.7561901 0.00070279243 0.00083668623 0.00073383766 5.7443398e-05 0.001129494 0.0010422374 0.00035750508 9.4556446e-05 4.399326e-05 0.006828928 4.173803e-05 0.07487269 0.00011546616 0.0023537243 7.793423e-05 6.069588e-05 0.0003286509 0.010336742 0.035548028 0.03773499 0.00014664141 5.6759065e-05 0.0022679486 1.3450843e-05 0.3567903 0.48527932 3.504874e-05 0.002033323 1.0876081e-05 0.0012109033 3.6008543e-05 0.010091694 0.01711624 0.004106489 0.0025613697 0.041957762 7.1079703e-06 0.0029815314 0.0009597985 6.302339e-05 0.0126455 9.163064e-09 1.8060015e-05 0.00039120732 1.0080929e-06 1.2220239e-05 4.047235e-06 9.8519886e-05 1.9690471e-05 1.0336894e-06 1.9253299e-05 0.02799191 3.977467e-05 0.00011989165 0.0006012203 8.597303e-05 1.8406602e-08 1.7221132e-06 0.0038275907 0.037467368 0.0012214641 8.306268e-07 9.2893424e-05 9.012804e-08 8.45453e-08 2.296693e-08 3.1870053e-07 0.1567651 2.4217243e-05 0.019292574 0.0013655395 1.657691e-05 7.512619e-08 3.9454713e-05 0.012366422 4.1856853e-07 0.018278612 0.0033628505 1.1670016e-06 9.794304e-08 8.385606e-05
0.9515473 0.04806946 0.21655102 0.064379394 0.06267182 0.0021333788 0.0003778921 0.005507332 0.11159804 0.70238435 0.14979193 0.5554171 0.06934979 0.000516688 0.3263727 0.00044746057 0.05858811 0.8670544 1.094978e-19 0.5649001 0.0007400928 0.008316597 0.00015798978 1.8891138e-05 8.305175e-05 9.477231e-05 2.352529e-05 1.5073511e-05 3.0616004e-05 0.015687479 7.822795e-06 0.069676846 9.353187e-05 0.00015848581 8.931183e-05 1.9332497e-06 2.2657974e-05 0.0028450286 0.06590837 0.04769624 0.00013904081 5.0868257e-05 0.0002210314 7.4102322e-06 0.5036878 0.509913 8.151765e-05 0.0005523667 3.548321e-06 0.0004403507 2.9848015e-06 0.01306881 0.047477044 0.0053912518 0.0072682267 0.024572996 2.7301007e-07 0.0011105686 0.00020979605 0.000101876176 0.034668855 2.748607e-09 2.4585945e-05 8.26655e-05 1.3751846e-08 4.958587e-06 1.7006676e-06 5.2123924e-06 1.1582691e-06 2.1917904e-05 7.820886e-06 0.013932747 2.4567285e-07 3.6289577e-05 0.00037088298 3.9353476e-05 1.7545313e-09 9.957213e-07 0.014288291 0.04440761 0.00057220436 4.143485e-08 6.4894855e-05 1.9232742e-09 8.8797697e-10 7.9455154e-10 3.564441e-08 0.15476672 4.857786e-07 0.040084656 0.0016579585 3.667897e-06 1.29446365e-08 1.6027708e-06 0.015501669 1.5636782e-07 0.032217637 0.0099458955 7.1209727e-09 5.228662e-08 2.8172928e-05
0.15547197 0.0414933 0.21347761 0.042942926 0.056524687 0.008534419 0.0042822114 0.008190038 0.060048576 0.65064806 0.3145186 0.18551967 0.10620768 0.003221667 0.7799129 0.0022038342 0.08736799 0.7561901 0.5649001 1.4552082e-22 0.00046374838 0.0017190796 0.0018566732 0.0002205656 0.0012812266 0.0016216615 0.0002718305 0.00014897269 9.567771e-05 0.013873605 8.0366044e-05 0.04920622 0.0002617184 0.0016673469 0.00020477087 0.0001289229 0.00058453355 0.0072306963 0.2025253 0.17922954 0.000101809164 9.373125e-05 0.0013485035 5.38935e-05 0.5504894 0.25579396 7.572723e-05 0.0021919862 6.460722e-05 0.0011640213 3.7664508e-05 0.03740036 0.11425442 0.017987842 0.010431588 0.012217142 6.1294435e-05 0.0023508125 0.00060393097 7.8916695e-05 0.07201637 2.3190265e-09 2.4617408e-05 0.000497306 3.8700205e-06 2.6740197e-05 8.32267e-06 9.922566e-05 0.000107736996 7.574091e-06 0.00017294603 0.14604583 7.406704e-05 0.00036486879 0.0021717786 0.00064065546 9.441753e-08 2.3474115e-06 0.010918061 0.010465788 0.00061021216 1.3239484e-06 5.626974e-05 7.151913e-07 1.3022577e-07 5.802291e-08 7.183041e-07 0.06981223 4.8914666e-05 0.0153963175 0.0015460948 6.18141e-06 7.014963e-08 0.0001055584 0.008535705 9.54374e-07 0.015445209 0.0018599358 3.9590552e-07 1.1695928e-07 0.00033472315
0.9517163 0.046196464 0.008713183 0.05850383 0.03871926 0.3295401 0.16225602 0.065599926 0.018900491 0.0006495154 0.011209469 0.004302665 0.0040107486 0.75228024 0.0026226386 0.27928558 0.0018801073 0.00070279243 0.0007400928 0.00046374838 1.412549e-19 0.032401875 0.0346256 0.57142484 0.52980316 0.42864993 0.6771941 0.72463447 0.25625992 0.0026879786 0.48090068 0.12149965 0.100518465 0.37575218 0.13318077 0.3608612 0.45828003 0.065517426 6.949333e-05 2.4954534e-06 0.110842094 0.0676666 0.4166978 0.03816539 3.6900943e-05 4.1042762e-07 0.02987466 0.3963954 0.021356639 0.00039162202 0.06729779 0.00029089156 5.2831998e-05 0.00010941691 0.000683012 0.097301506 0.03827744 0.1190601 0.0006490944 0.009272647 4.8089155e-06 0.00010140731 0.012482744 0.18993394 0.0025665644 0.002891098 0.0038299074 0.018337473 0.05785547 0.0002786674 0.0031456104 1.2202194e-06 0.010706402 0.0015638499 0.00045992708 0.0001129771 0.0007324191 0.005724852 1.5028213e-05 0.007122883 0.07985412 0.005413788 0.16238856 0.0001427704 1.732188e-05 1.8187087e-05 2.2102283e-07 0.00096026174 0.011985028 1.2118504e-05 6.977084e-05 0.00014292065 4.380358e-08 0.06475414 5.8330556e-06 0.0018053206 2.4377197e-05 0.0008826934 4.7945614e-05 6.994198e-07 1.1634037e-06
0.09852283 0.035180658 0.06905799 0.3788701 0.023027124 0.49059498 0.27372572 0.46018374 0.01396185 0.009185012 0.04924367 0.007673538 0.17976917 0.3327514 0.011980617 0.58278006 0.10197561 0.00083668623 0.008316597 0.0017190796 0.032401875 9.260887e-22 0.84577936 0.016475163 0.010548626 0.014424037 0.0047698156 0.0023870696 0.03383649 0.46102068 0.0012905528 0.016011707 0.017540297 0.004244718 0.078865156 0.0060221674 0.017051738 0.050038062 0.0011945501 0.0004307023 0.00053095137 6.3143954e-05 0.004041841 0.0045081545 0.00038900247 1.4060634e-05 0.00033147752 0.042974766 0.0028091532 0.4535778 0.00018346003 0.0361877 0.0061946735 0.021944135 0.1391692 0.0043377285 5.2897217e-06 0.008495432 0.4014501 0.047170363 0.00087685924 6.6582335e-09 6.4152635e-05 0.0012429408 5.4698774e-07 0.0013465809 2.8962459e-06 0.000487256 0.00031825487 0.03420386 0.007699106 1.3141685e-05 2.2931332e-05 0.063435964 0.073753394 0.015741827 1.275165e-07 7.450841e-05 2.3099796e-05 0.00089005555 0.0007730448 3.0639183e-06 0.0010994393 4.312686e-08 1.520038e-08 4.1638675e-09 5.389486e-06 0.00041831576 7.663032e-05 5.153946e-06 7.604e-05 0.0003564567 5.439511e-06 0.00010225716 5.9754047e-06 1.2807251e-05 6.814267e-06 0.007312591 5.46246e-07 4.252533e-05 1.1838422e-07
0.0024842073 0.01810439 0.026308559 0.18502383 0.018910682 0.13661005 0.17251702 0.2356566 0.005257722 0.00072365656 0.024220381 0.0010027961 0.058682848 0.24732459 0.008022376 0.5914664 0.03932589 0.00073383766 0.00015798978 0.0018566732 0.0346256 0.84577936 1.5776007e-24 0.010530905 0.0053126337 0.0049811713 0.0023014732 0.001961394 0.063641004 0.18324688 0.003968506 0.0014724756 0.04165424 0.0016638603 0.22826618 0.0014350903 0.0019511497 0.0041121757 0.0016706211 0.00046597517 0.002074404 0.000331457 0.00097391463 0.013382766 7.58828e-05 3.1743414e-07 0.0051029352 0.003718199 0.018994711 0.19192104 4.724976e-05 0.01984526 0.0032532546 0.015227513 0.04008464 0.0002617913 3.4899815e-05 0.00027134875 0.16357124 0.10448447 0.00081468537 3.3874755e-08 0.00062405027 0.00036099885 3.2371285e-05 0.014672234 0.00013019977 4.9460734e-05 0.00020983549 0.068913884 0.03371338 4.536952e-06 0.00015647575 0.07750701 0.0386117 0.010007193 1.7130911e-06 1.0993889e-05 0.0001642356 1.644283e-05 0.00050573825 1.4991967e-05 0.00010882166 2.5609786e-06 1.5161254e-07 7.857435e-08 2.5228244e-05 7.421325e-05 4.81034e-05 3.435635e-05 4.1835025e-05 0.004044762 1.0233379e-05 0.00017486973 1.2466408e-05 1.0069269e-05 1.3929172e-05 0.00028995736 5.189242e-07 0.000112242735 1.7328522e-07
0.9554408 0.004556374 0.00090510404 0.0026770537 0.0042561 0.0119140195 0.027718674 0.007039435 0.001920747 1.0759919e-06 0.001523333 0.00015038771 0.0020431909 0.39302766 0.00058630196 0.08342828 0.0011893172 5.7443398e-05 1.8891138e-05 0.0002205656 0.57142484 0.016475163 0.010530905 1.4571046e-19 0.1734124 0.10555172 0.30659917 0.6012258 0.602116 0.0023251637 0.7957078 0.0049672537 0.10274911 0.10651801 0.144557 0.66493887 0.40689468 0.013058499 0.00015789397 3.9165116e-05 0.3515623 0.39911935 0.1400093 0.17030513 1.3466096e-06 1.3559429e-07 0.1753453 0.32126564 0.06616483 0.0010772749 0.06097435 0.00026822934 6.6672023e-06 0.0005228815 0.00012205512 0.010768354 0.09697658 0.012633156 0.0016103833 0.035140153 2.0347127e-06 0.0012478774 0.082050055 0.13600609 0.017173076 0.03564113 0.025771499 0.02059627 0.14148247 0.0034499536 0.05233329 4.9819147e-07 0.01934423 0.010130684 0.00027644608 2.1122554e-05 0.00084925565 0.011292335 7.24038e-07 0.00025920518 0.024550755 0.018387679 0.105126426 0.00027527456 0.00012967187 9.911037e-05 3.0784186e-08 0.00015438662 0.015388487 1.2255141e-06 2.7227488e-06 0.00062786305 6.727233e-08 0.09611831 2.0459263e-06 0.0057808813 8.21127e-06 0.0001991098 0.00064566144 5.3082294e-07 3.5187355e-07
0.96563417 0.032827538 0.007984976 0.03651525 0.03413443 0.07583627 0.07653186 0.029921832 0.013182237 8.834972e-05 0.005954956 0.0021384284 0.0025912877 0.18696201 0.0022318952 0.06800306 0.0011317595 0.001129494 8.305175e-05 0.0012812266 0.52980316 0.010548626 0.0053126337 0.1734124 1.16740864e-20 0.7949125 0.61864275 0.37372702 0.12225352 0.00045761134 0.13552693 0.073735006 0.024097785 0.6810545 0.026900172 0.31531668 0.74775535 0.031479474 6.445521e-05 3.615594e-06 0.058344617 0.05125539 0.39484 0.012811973 0.00015119908 5.055407e-06 0.024160463 0.38183016 0.00265337 0.00015242041 0.13280769 0.00031257613 0.00017706845 0.00016998392 0.0010554029 0.099661134 0.022053525 0.057171643 0.0003307891 0.002606752 2.4976189e-05 5.5570385e-05 0.0059579876 0.23322271 0.00150988 0.0006000577 0.0025255822 0.0111826 0.02697349 2.9282559e-05 0.0014968695 6.357698e-06 0.0035270916 0.00048082345 0.00025092016 5.0484286e-05 0.00014884702 0.002390642 0.000100502395 0.015411421 0.07385894 0.0015894035 0.09774626 0.00017870142 2.9619738e-05 2.3472e-05 5.263431e-07 0.0012661115 0.006701688 1.48394365e-05 0.00019277872 0.00017107402 5.856003e-08 0.046210244 1.918262e-06 0.003165401 2.762035e-05 0.0008983891 2.8582877e-05 2.4601025e-07 3.1109512e-06
0.9821039 0.032988694 0.012321319 0.052771922 0.037532587 0.13238513 0.089149036 0.0403181 0.014065296 0.00010459609 0.010881394 0.0017111701 0.0029949613 0.21205544 0.0038191678 0.065416224 0.0013939146 0.0010422374 9.477231e-05 0.0016216615 0.42864993 0.014424037 0.0049811713 0.10555172 0.7949125 4.7294255e-20 0.3906467 0.17465463 0.10172634 0.00042011365 0.07807789 0.123388745 0.011796428 0.7942491 0.016365204 0.12571791 0.5918913 0.046370216 5.6424822e-05 1.140409e-05 0.03451907 0.021871902 0.4864974 0.0071182987 0.00011290342 1.4333021e-05 0.011683805 0.41900152 0.0012443254 0.0002711069 0.042040475 0.000100553305 2.643214e-05 0.00012930992 0.0005394891 0.11070122 0.0055800257 0.07729325 0.0003175757 0.0020825486 7.0564565e-06 2.0163452e-05 0.0032711155 0.1842375 0.00059270416 0.00034266233 0.0013613837 0.0036909198 0.011013352 9.287775e-05 0.0008083412 4.615656e-06 0.0018746253 0.00041316575 0.00034248512 4.3124583e-05 7.293542e-05 0.001072631 3.8376762e-05 0.032180555 0.085842706 0.0004628133 0.106061384 4.203026e-05 1.4305968e-05 1.3139931e-05 1.4666726e-06 0.0026403358 0.0028884811 1.2392124e-05 0.00016935288 0.00023977748 4.7505446e-07 0.035935447 2.653576e-06 0.0021749458 2.0737885e-05 0.0021012505 1.5233911e-05 1.8605201e-06 3.7177117e-06
0.89631885 0.019142525 0.002802879 0.011327291 0.024125678 0.019626813 0.048958976 0.013330236 0.0078047663 3.1961943e-05 0.0011017722 0.0010914761 0.000918351 0.19599304 0.0007463642 0.08359623 0.00021370043 0.00035750508 2.352529e-05 0.0002718305 0.6771941 0.0047698156 0.0023014732 0.30659917 0.61864275 0.3906467 4.478682e-22 0.777812 0.14347845 0.00011823288 0.40649343 0.021867758 0.051552743 0.34203663 0.042361446 0.7596263 0.69661903 0.009472686 1.4525379e-05 5.008635e-07 0.17222674 0.17849101 0.26122442 0.020561958 4.077681e-05 2.5376522e-07 0.05071627 0.21235493 0.0053254035 3.5512305e-05 0.3139954 0.00024323729 0.00027327932 6.3384316e-05 0.00071274146 0.059590332 0.07563207 0.022587577 0.0002284188 0.002207927 5.334599e-05 0.00019932905 0.009995161 0.27576143 0.0073186997 0.0008117809 0.0053381184 0.025351172 0.053668942 6.5932672e-06 0.0012191569 9.3528746e-07 0.009024739 0.00047244824 0.00015658593 2.2997254e-05 0.000398753 0.005530543 5.9577396e-05 0.0032372293 0.03948016 0.00298099 0.08707461 0.00031761266 4.256343e-05 5.029102e-05 4.7348726e-07 0.0002032027 0.013373811 8.250282e-06 3.3368524e-05 5.5606804e-05 5.1219494e-08 0.056183986 1.3214534e-06 0.0034732737 1.4803437e-05 0.0001379467 2.5109264e-05 2.8292231e-07 4.2457208e-07
0.7970625 0.00866968 0.0008083697 0.0025050188 0.009582858 0.004021793 0.016972702 0.0059724487 0.003247399 1.7424456e-05 0.00066878455 0.00048708156 0.00026590045 0.17693175 0.0004512772 0.05821768 7.651123e-05 9.4556446e-05 1.5073511e-05 0.00014897269 0.72463447 0.0023870696 0.001961394 0.6012258 0.37372702 0.17465463 0.777812 5.0749924e-22 0.21736328 7.0232876e-05 0.7227932 0.0049221534 0.111958355 0.18276116 0.09611434 0.75721294 0.38800216 0.003950428 4.8740403e-06 2.2211252e-07 0.4671698 0.57399064 0.20487969 0.051638924 1.4147122e-05 5.9960406e-08 0.20609789 0.16003793 0.016569028 1.2267225e-05 0.45334187 6.4834974e-05 4.0303283e-05 2.7610815e-05 0.00019569657 0.024318011 0.14655562 0.011751098 0.00019134674 0.0047226446 1.0034433e-05 0.0014700756 0.06880302 0.29192123 0.06362073 0.0014838695 0.04525956 0.05773373 0.09887293 1.4967995e-05 0.0015004763 5.6566574e-07 0.027187381 0.0002994479 0.00034276154 9.326518e-05 0.0045751976 0.024718303 4.267366e-05 0.0010603109 0.03605498 0.012508854 0.08749715 0.0015914283 0.0001942192 0.0002713314 3.8481906e-07 6.591637e-05 0.036368914 6.0937878e-06 1.23439995e-05 4.8140522e-05 1.0144953e-07 0.084857285 1.0942483e-06 0.009171939 1.0590107e-05 6.0632756e-05 9.658771e-05 7.946157e-07 3.5590048e-07
0.71549976 0.011752286 0.0017636981 0.011204889 0.009178795 0.047658116 0.07179137 0.02300868 0.0038554904 1.0573537e-05 0.0046424577 0.0002613034 0.0042600124 0.61595094 0.0005525337 0.45196155 0.0015867077 4.399326e-05 3.0616004e-05 9.567771e-05 0.25625992 0.03383649 0.063641004 0.602116 0.12225352 0.10172634 0.14347845 0.21736328 6.8317947e-18 0.009265893 0.5567498 0.004945814 0.5574943 0.07948051 0.50298756 0.44408664 0.34442246 0.01699426 4.7607402e-05 2.52607e-05 0.5174248 0.38816592 0.079067126 0.5726174 9.901391e-07 8.9786944e-08 0.64163566 0.26124427 0.3622577 0.0065809996 0.016723514 0.00064147834 7.734164e-06 0.0008714945 0.00074920745 0.0075175655 0.043588117 0.0105010895 0.0120863905 0.19568196 3.0827084e-06 0.0012867288 0.27642244 0.0340409 0.012425555 0.15258734 0.05417536 0.009829578 0.08337868 0.02743034 0.15791827 9.5259713e-07 0.017614271 0.051463135 0.00041183943 1.2821402e-05 0.00040110468 0.008372298 7.1167915e-07 0.00011140347 0.00625656 0.019756593 0.03032993 0.00024567722 5.3601587e-05 3.0303474e-05 2.5676092e-09 0.0004249073 0.011936225 7.499763e-06 4.3973625e-07 0.0039477427 2.7907254e-09 0.0324356 6.5733534e-06 0.006312998 1.7070446e-05 0.003222759 0.0005170838 2.1278932e-08 3.389621e-08
0.022152526 0.041134477 0.18613252 0.4511627 0.029278805 0.14781007 0.08342215 0.24354136 0.02600658 0.05398079 0.19499023 0.022181239 0.5270212 0.100858666 0.109562285 0.19304049 0.54770124 0.006828928 0.015687479 0.013873605 0.0026879786 0.46102068 0.18324688 0.0023251637 0.00045761134 0.00042011365 0.00011823288 7.0232876e-05 0.009265893 9.601001e-23 0.000140517 0.0032772915 0.0065548676 0.00022569047 0.04415469 0.00041165604 0.00050578354 0.0077203293 0.12203099 0.08443795 0.0004451373 0.00023156867 0.00033184857 0.0034651018 0.0067950855 4.633768e-05 7.6406366e-05 0.00072883 0.0010304429 0.46100426 0.00010045372 0.34459463 0.27109036 0.3194538 0.49102384 0.00082005066 4.6518044e-06 0.00079225184 0.4074684 0.014203244 0.11446685 6.425831e-09 0.00022645152 0.00014779561 1.1931046e-05 0.00030551152 1.4454916e-05 0.0001926273 4.3742035e-05 0.01865013 0.005429964 0.001042767 4.1306328e-05 0.059223335 0.16910404 0.06373021 1.7802104e-06 3.711199e-05 0.003487551 6.5936794e-05 8.741482e-05 1.8589726e-05 0.00042804127 1.630447e-06 1.1877641e-07 4.1892495e-08 0.0005306955 0.0012040762 6.740106e-05 0.00016884085 0.004512581 6.117256e-05 0.00027621497 2.0967274e-05 2.5251713e-05 7.5331634e-05 0.0001372864 0.011483593 1.4345417e-06 0.00042062055 4.22905e-06
0.8686584 0.002078931 0.00010507129 0.00036124577 0.002855356 0.0017070668 0.006733826 0.0017603592 0.0005817787 1.6457878e-06 0.00035382275 9.320783e-05 9.211464e-05 0.19477694 0.00023747495 0.029775936 4.9619102e-05 4.173803e-05 7.822795e-06 8.0366044e-05 0.48090068 0.0012905528 0.003968506 0.7957078 0.13552693 0.07807789 0.40649343 0.7227932 0.5567498 0.000140517 7.311311e-21 0.0024561014 0.0993159 0.088479176 0.095478125 0.44994602 0.25250483 0.00505951 1.9997004e-05 7.998134e-06 0.7361944 0.8192197 0.14570104 0.104115 1.206985e-06 1.4554573e-08 0.30366835 0.14837517 0.053110637 0.000114746596 0.14864618 7.333808e-05 1.919348e-05 5.7187975e-05 7.7554476e-05 0.012231538 0.15520757 0.0071170363 0.0004146863 0.022664443 2.5999268e-06 0.0031574084 0.25186273 0.14025497 0.17189668 0.024207456 0.15773122 0.04094107 0.17706858 0.00043202363 0.022010278 2.4111248e-06 0.059298843 0.0040726443 0.00021616112 5.17013e-05 0.013370481 0.022486325 1.7737799e-05 0.00034669507 0.021564294 0.028575532 0.1069951 0.0049260836 0.0012265547 0.0016235517 4.09194e-08 0.00017362957 0.050471462 5.13447e-06 1.8449917e-05 0.0016064626 4.2168182e-08 0.13655648 5.725774e-06 0.017095359 7.888203e-06 0.00013563018 0.0016701719 3.4643014e-07 1.1197651e-06
