1.05084935e-30 0.2043381 0.006238474 0.44604635 0.13925782 0.56860083 0.9689508 0.8673611 0.26723564 0.9170613 0.6730133 0.10108651 0.30576262 0.41544175 0.06510982 0.7873885 0.0030162714 0.13894843 0.9619456 0.94482535 0.09051675 5.437491e-05 0.288915 0.0017947821 0.43948078 0.95840317 0.89471143 0.94293684 0.982484 0.9861606 0.519564 0.952383 0.65418196 0.99802697 0.0054988796 0.0030895162 0.9968577 0.98012483 0.20007694 0.00118929 0.96380633 0.78526 0.90419 0.031353503 0.023367064 0.96567684 0.0853996 0.4760826 0.9647701 0.4770735 0.92159617 0.99349403 0.98344576 0.9877464 0.28010958 0.18275978 0.3333569 0.005586412 0.01754509 0.86846215 0.97574383 0.42041022 0.8677065 0.012049092 0.011717633 0.9958876 0.8641873 0.2755792 0.9856227 0.99916613 0.9420311 9.811193e-05 0.98038816 0.62860256 0.8328434 0.044939484 0.0005785569 0.031212948 0.57507783 0.00021659219 7.695673e-07 0.20533165 0.30985904 0.017960679 0.9989633 0.96356004 0.046846118 0.99954903 0.98903406 0.009910032 0.9965343 0.0021037168 0.01062885 0.9463242 0.9948126 1.572299e-05 0.6603228 0.036579978 3.677645e-08 0.02529861 0.9998881
0.2043381 8.1476267e-19 0.29948196 0.9433545 0.44309756 0.26823106 0.35769576 0.5520403 0.3472283 0.5122271 0.07789339 0.3583545 0.030747915 0.0049536736 0.000991316 0.013414903 0.050502647 0.0005011206 0.19036454 0.12732 0.06945244 0.19113313 0.017031806 0.04440946 0.03378937 0.036161795 0.00040207995 0.0011933226 0.12465432 0.12808323 0.0010463407 0.023709822 0.0007250344 0.011619866 0.00030051242 0.00045578036 0.19219598 0.046647843 7.4424526e-05 1.1531028e-05 0.03500172 0.00014239903 0.010521242 0.00018220548 0.0028476317 0.0029595594 1.1239671e-05 2.032655e-06 0.030530052 2.6135274e-06 5.0517347e-06 0.00024566057 0.0038630976 9.731509e-05 8.2418717e-07 1.6930491e-06 8.825153e-07 8.49482e-06 4.637205e-06 0.0013404506 4.523399e-06 4.1190518e-07 7.2941884e-07 2.1068416e-07 4.241836e-07 0.015026809 3.7686011e-06 0.0077697984 0.010584485 0.089005046 3.0962733e-06 3.8331294e-07 0.017414173 2.0527871e-07 1.6911641e-06 1.0880977e-07 7.047848e-08 3.6033998e-07 8.107008e-05 9.040421e-08 0.00033621176 6.508094e-08 9.4708106e-08 1.7204133e-07 0.0003716304 1.986951e-08 0.00081380556 0.021315817 1.6840713e-06 4.291769e-08 0.024301162 3.010488e-08 2.1945898e-08 0.015662665 0.01840352 1.2618555e-09 0.00056980725 0.00024756655 0.00044510842 4.3352752e-08 0.0072642737
0.006238474 0.29948196 4.928099e-19 0.0097393375 0.091391966 0.033137858 0.01856717 0.008081701 0.1677533 0.0071037454 0.009729227 0.46898335 0.006190661 0.00021379787 0.00014170584 0.0021796415 0.018200578 6.3250925e-05 0.0030494058 0.003935866 0.029849047 0.93792635 0.0020681836 0.0072893566 0.016911611 0.002661321 4.1542928e-05 0.00016471244 0.008187578 0.0058672875 4.345547e-05 0.0022547771 3.4742443e-05 8.593291e-06 6.476731e-05 0.00026388004 0.003684305 0.00056008133 8.251734e-05 9.090236e-06 0.009986418 1.552642e-05 0.0013123676 0.00061314786 0.0013864681 0.0003510361 0.00022866573 2.011633e-06 0.0020706898 3.4287657e-06 9.9030685e-06 6.9939083e-06 0.00016346725 6.601497e-06 7.810864e-07 9.761476e-07 1.252861e-07 5.739776e-06 1.9153113e-06 0.0009070172 7.539067e-06 2.421528e-07 1.8918512e-06 7.423916e-07 4.1373408e-08 0.0016360248 4.4447634e-06 0.010151255 0.0063947644 0.0014424903 5.0227486e-06 5.922092e-07 0.004072992 8.9690707e-07 1.6838288e-06 1.3484724e-07 7.364056e-07 7.18962e-07 2.6503425e-05 1.0473624e-06 4.80956e-05 1.4773522e-07 1.4184218e-07 1.8200524e-08 4.8306383e-06 6.801146e-08 0.0016794981 0.00087576406 2.1615357e-07 3.1659149e-09 0.009650637 9.357509e-08 3.5084817e-09 0.0070691407 0.002296047 3.8003227e-09 0.0011619374 3.317813e-05 0.006680725 2.3770534e-08 0.0010338265
0.44604635 0.9433545 0.0097393375 4.687274e-19 0.045680996 0.42495668 0.7592076 0.35481563 0.08522985 0.46055853 0.015027898 0.023256533 0.04516043 0.013941327 0.0043969606 0.075538434 0.009047658 0.0024359815 0.21971688 0.08564182 0.02220359 0.007139579 0.040316045 0.007751592 0.0059544686 0.046095498 0.00096004526 0.0013430059 0.06197073 0.16187611 0.0020017554 0.064648844 0.0032005704 0.030520702 0.00016993952 0.00015904376 0.19328812 0.045577493 0.00059703586 1.3860688e-05 0.009260552 0.00035602576 0.0094237635 0.0001946158 0.0002500912 0.0019816519 0.00014800041 1.9521463e-05 0.02928076 2.8912687e-05 4.4328874e-05 0.00022054501 0.0044835205 0.00010113631 9.594137e-06 7.981812e-06 5.1315133e-06 9.467949e-06 9.1444745e-06 0.0031081638 3.2741595e-05 2.4460417e-06 7.058038e-06 1.0308561e-06 4.4338302e-07 0.016526835 1.5992338e-05 0.0009208518 0.004662595 0.11851029 1.6394302e-05 1.2140887e-07 0.0038845455 1.5612026e-06 1.1068098e-05 7.0111616e-07 2.1269894e-07 2.5678019e-06 0.00029990196 1.5275008e-07 7.925847e-06 3.8121019e-07 3.0227704e-07 2.2667534e-06 0.0027234594 9.405823e-08 0.00012459795 0.0739928 1.5959917e-05 2.2293104e-07 0.009852811 6.526516e-08 1.3081402e-07 0.006161567 0.007543567 2.7306473e-09 0.0009199889 3.7471753e-05 2.5290008e-05 2.259021e-08 0.020292956
0.13925782 0.44309756 0.091391966 0.045680996 7.507077e-15 0.014440871 0.036019076 0.45013386 0.022613915 0.05254978 0.8985406 0.8272346 0.0021611 0.000725559 0.00038697774 0.002183105 0.0075698057 0.00048683028 0.021828702 0.14887764 0.04860301 0.000997727 0.014875612 0.0028566334 0.33573997 0.0035929908 6.67754e-05 0.00069836277 0.057664372 0.010222606 0.00040599672 0.0025634198 0.0010060496 9.69124e-05 0.0029764734 0.006288246 0.01760255 0.0070696026 9.2595095e-05 0.001742984 0.16532019 0.0002462632 0.0010418053 0.07109283 0.027336996 0.0007273236 0.004175977 1.9423282e-05 0.028422767 3.0017236e-06 7.764627e-06 1.4410609e-05 0.00079689355 3.4462985e-06 5.075247e-06 0.00030854144 8.448361e-05 0.008057886 0.003635089 0.00046823884 5.672754e-06 1.8775256e-05 7.857503e-06 0.00018645522 0.0004670158 0.015319885 2.5182479e-05 0.04546051 0.052874923 0.00428745 5.8422786e-05 8.549973e-06 0.009203856 7.487357e-06 2.306862e-05 1.3420263e-06 0.0007652465 0.00024774513 4.7319787e-05 0.00040149066 0.00028885528 8.8658635e-07 6.2220356e-06 0.0001071329 7.066717e-05 2.0049026e-06 0.0038145245 0.005120507 1.8729266e-06 1.8454088e-05 0.030409861 5.999235e-05 3.338157e-05 0.03116711 0.010516438 1.4639233e-05 0.0022840528 0.00058225554 0.0014109233 1.20940285e-05 0.005396857
0.56860083 0.26823106 0.033137858 0.42495668 0.014440871 2.8313357e-15 0.75282085 0.04042142 0.7767143 0.09002936 0.0016970508 0.021232262 0.6698408 0.6101091 0.2305716 0.40770188 0.3099606 0.13176045 0.023106158 0.0010993874 0.5020272 0.026606105 0.21813962 0.08998509 0.00020409668 0.25755924 0.07341382 0.05930419 0.012089163 0.2376517 0.018980347 0.066603936 0.006642569 0.52287084 0.016424596 0.013244138 0.14735386 0.0026751012 0.000583997 0.0010290091 0.00018522523 0.000648922 0.011378606 0.0047261054 8.671254e-05 0.011539944 0.0002729423 1.2838703e-05 0.0014187582 7.042087e-05 9.35011e-05 0.0013066778 0.013398014 0.00039160033 1.5171777e-06 1.8406989e-06 4.026718e-06 0.00032317263 1.1930829e-05 0.0012702574 5.5789315e-05 5.5316633e-07 1.5025411e-06 4.071694e-06 1.8375752e-06 0.0007434919 2.2154683e-05 1.7839262e-05 0.0004832982 0.09875269 2.7206506e-05 0.00012722312 0.00010692754 2.488152e-07 8.743753e-06 1.3700442e-06 9.375719e-07 3.2290516e-06 0.00014254198 7.649961e-07 1.0327893e-05 8.308149e-08 6.2906075e-08 1.1654774e-07 0.0013513743 1.1914638e-07 1.5346466e-05 0.0073598204 3.9557663e-06 1.4612577e-07 0.0023035998 1.2558392e-06 1.7448932e-07 0.0035140293 0.0007657941 1.4806909e-07 2.0335343e-05 1.29903265e-05 8.107112e-06 1.4175583e-06 0.0012400507
0.9689508 0.35769576 0.01856717 0.7592076 0.036019076 0.75282085 2.2307825e-16 0.3123938 0.2935987 0.60060126 0.012096499 0.008708711 0.25533438 0.23572363 0.14649454 0.8072941 0.06736119 0.0764727 0.48954162 0.071440965 0.07729916 7.0683614e-05 0.07878713 0.020712696 0.00057826284 0.5334721 0.0070114094 0.026903274 0.14331618 0.67833334 0.016448356 0.56560147 0.006271204 0.26444796 0.0029280772 0.00071378803 0.52918136 0.11835674 0.001509096 6.6375535e-05 0.0034442546 0.0006574588 0.069762476 0.0011460399 0.00026395504 0.005293358 0.00081601116 2.0579484e-05 0.03066243 4.7412574e-05 5.9390026e-05 0.0013247726 0.029049484 8.747369e-05 6.4245605e-06 1.0557577e-05 1.2105579e-05 5.2390624e-05 1.4068388e-05 0.014693995 2.0449324e-05 3.4879263e-06 6.1302235e-06 4.1025296e-06 2.8070333e-06 0.027760424 6.658916e-06 0.00037678503 0.0052240477 0.49080947 4.244047e-06 1.2074448e-05 0.0023228289 1.5210652e-07 2.5772952e-05 1.1311163e-06 1.0508011e-06 4.6145647e-06 0.0009413972 1.3031267e-06 4.0933965e-06 7.944963e-08 7.080792e-08 4.299301e-07 0.01947582 2.391062e-07 8.839202e-05 0.14326154 3.0016878e-05 1.2365997e-07 0.02125239 5.375172e-07 1.7329562e-07 0.011985376 0.008324663 8.730313e-08 0.0004944022 0.000175627 9.530311e-06 7.704059e-07 0.033449877
0.8673611 0.5520403 0.008081701 0.35481563 0.45013386 0.04042142 0.3123938 9.5385684e-17 0.01249537 0.58041817 0.532176 0.11585886 0.0012311399 0.001384345 0.0016920904 0.012480577 0.0107244905 0.00085138803 0.6169707 0.8657566 0.014655103 5.6417953e-06 0.0012353475 0.00057921826 0.15796724 0.011357574 0.000107419866 0.00075020955 0.5741374 0.09428047 3.730136e-05 0.02885851 0.00081373844 0.0021201952 0.00058551267 0.0007730931 0.28458527 0.37805045 3.7929334e-05 0.00026326644 0.29207626 5.2348423e-05 0.006570812 0.006780753 0.0026303772 0.00023077457 0.00033886614 1.8251183e-05 0.5652364 3.7010673e-06 1.4062807e-05 4.813837e-05 0.0009802551 1.5921796e-06 2.7856245e-06 3.9216055e-05 1.4983683e-06 0.0013885563 2.8461833e-05 0.0016579046 2.304239e-05 9.748094e-06 1.5767015e-05 9.144771e-06 1.0576401e-05 0.17746192 4.749938e-05 0.032519277 0.09104135 0.11222878 5.2734445e-05 3.876969e-06 0.19530806 4.8963184e-06 4.623985e-05 3.4227187e-06 8.027473e-05 1.4530941e-06 0.0008329793 4.1917974e-05 3.9314204e-05 7.05996e-07 1.4619582e-06 5.9925414e-06 0.00034041653 1.2616397e-06 0.010021777 0.13264124 4.8722463e-06 1.478235e-06 0.16845651 1.6781314e-06 2.3557564e-06 0.06806845 0.16215362 8.412564e-06 0.14227615 0.0034492281 2.0910042e-05 3.8159138e-07 0.06225188
0.26723564 0.3472283 0.1677533 0.08522985 0.022613915 0.7767143 0.2935987 0.01249537 2.2255613e-18 0.02243247 0.0022042422 0.037635516 0.71897066 0.5455139 0.08241635 0.058354717 0.7594664 0.035015434 0.0032482264 5.8496877e-05 0.852811 0.1692935 0.60303694 0.43111822 0.0002388755 0.089118734 0.17177236 0.024003599 0.0010505045 0.03995419 0.098054364 0.018795269 0.005516776 0.009552327 0.07237982 0.08559459 0.00742965 5.8659884e-05 0.0008923257 0.01918944 3.1922526e-05 0.0020352155 0.0016539741 0.05193035 0.0012556572 0.008142935 0.0027762468 9.65041e-05 4.7672278e-05 1.794569e-05 0.0005244124 0.00072919944 0.011171199 0.00053702027 4.704605e-06 1.0794148e-05 2.3185472e-05 0.0005787106 0.0001390489 0.00056077185 0.00020365744 2.3542518e-06 2.9445793e-05 1.3013811e-05 2.3342505e-05 0.00020641784 6.370939e-05 0.00051780924 0.00014885241 0.013850013 8.312925e-05 0.00028889134 6.0166534e-05 4.7933113e-06 4.3413283e-06 1.4027077e-06 9.705812e-06 5.3391873e-06 4.5892088e-05 1.1656153e-05 5.0652397e-05 2.8499883e-07 1.9636538e-07 8.060878e-08 0.00047814797 2.8313852e-07 0.00017906187 0.002004252 5.4751777e-06 1.236128e-07 0.0022275392 5.141504e-07 1.5277396e-07 0.002363742 0.00019928819 2.8782281e-07 1.32278665e-05 0.00014850672 3.3248576e-05 3.4725377e-07 0.00040687426
0.9170613 0.5122271 0.0071037454 0.46055853 0.05254978 0.09002936 0.60060126 0.58041817 0.02243247 2.9619996e-16 0.07534551 0.01634718 0.007323699 0.005831018 0.004625863 0.043949414 0.003733028 0.0027998786 0.82157356 0.66283804 0.0026500556 9.1301445e-07 0.0028112556 0.00041774803 0.01122138 0.083648555 0.0003162824 0.0035323347 0.5470652 0.3666665 0.0005876544 0.053310968 0.0007785876 0.0100511955 2.4210824e-05 1.7205333e-05 0.46831253 0.35115036 0.00027486062 3.3997446e-06 0.035967767 0.0003512203 0.013477494 7.585295e-06 0.0006556537 0.0020911072 2.2418766e-05 1.4544618e-05 0.31419864 1.480955e-05 4.335137e-05 0.00012348763 0.0057066754 2.6820533e-06 2.93705e-06 9.588713e-06 1.2612895e-06 2.4808178e-06 6.474535e-06 0.002690755 3.2409094e-05 4.210972e-06 6.4350647e-06 1.5573213e-06 7.216025e-07 0.15155302 2.8901935e-05 0.002426244 0.018305495 0.29074642 5.3892574e-05 5.587195e-07 0.038221445 9.295998e-07 4.513921e-05 1.8694878e-06 1.5236155e-06 8.221609e-07 0.00040839563 1.8916872e-06 2.573676e-06 8.041878e-07 7.0012925e-07 5.1576615e-07 0.00383676 9.471641e-08 0.00035880817 0.31665638 1.4837117e-05 5.4615214e-07 0.071156316 1.9235019e-07 4.5182148e-07 0.01763128 0.10633096 1.1639768e-07 0.0101347575 0.0009502617 2.5835878e-05 3.3494777e-07 0.08978485
0.6730133 0.07789339 0.009729227 0.015027898 0.8985406 0.0016970508 0.012096499 0.532176 0.0022042422 0.07534551 3.767143e-15 0.45415822 0.0002969742 7.850601e-05 0.00029150586 0.000728618 0.0061054947 0.00019301935 0.034608927 0.64902496 0.018293198 2.6103055e-05 0.00095083413 0.0054052602 0.8336726 0.0018075887 1.0394997e-05 5.8032463e-05 0.19333094 0.008966541 2.1019649e-05 0.0011916031 4.195217e-05 0.00011136278 0.0066951592 0.0017187132 0.030566063 0.04494181 4.7258185e-05 0.00032624044 0.7166179 1.2059051e-05 0.00044255843 0.0008948729 0.047342364 2.0738735e-05 0.000120181845 4.1990234e-07 0.36409217 1.1560365e-06 1.4431837e-06 1.0468091e-06 3.7337733e-05 4.900993e-07 2.9397194e-07 2.4752194e-06 1.0894637e-06 0.0037906952 0.000103465994 5.2899562e-05 1.5378441e-06 2.9203326e-07 6.047885e-07 2.318871e-06 1.7817738e-05 0.10147656 2.059858e-06 0.29005864 0.43141702 0.0062318523 1.6241354e-06 1.9103123e-05 0.36171943 1.8798582e-07 1.3489e-06 1.6992345e-06 0.00019797073 5.924323e-07 1.2973749e-05 0.00021614155 0.0010116622 1.2833291e-07 2.2546661e-07 9.455942e-07 3.8844523e-06 2.5694037e-08 0.021721914 0.020827692 2.9358121e-08 2.2545156e-07 0.2381633 3.233187e-06 2.2147648e-07 0.20363973 0.090284675 4.265374e-06 0.12502563 0.006437784 0.00018697303 2.3060052e-06 0.012270269
0.10108651 0.3583545 0.46898335 0.023256533 0.8272346 0.021232262 0.008708711 0.11585886 0.037635516 0.01634718 0.45415822 6.0378846e-15 9.951944e-05 5.4364125e-05 2.2979102e-05 3.5793702e-05 0.014612691 1.816483e-05 0.0051012128 0.03628613 0.08687132 0.0054714773 0.0016466399 0.0033291557 0.7136398 0.0009175583 3.9067695e-06 2.6792219e-05 0.054316334 0.0036426177 2.802999e-06 5.7431625e-05 4.066479e-06 6.4288106e-05 0.00041256566 0.00027667393 0.006617186 0.0015294738 9.112265e-06 2.7943395e-05 0.31027055 4.408257e-06 7.100603e-05 0.036463052 0.84353787 4.0835803e-05 0.00045607035 2.4185138e-07 0.017371941 3.997648e-07 1.8091415e-06 2.6202923e-05 1.4397918e-05 4.8891143e-06 8.407622e-08 1.2762784e-05 2.6827372e-05 0.000205617 1.607868e-05 5.205423e-06 2.2775514e-06 1.664407e-06 1.1266839e-06 4.844061e-07 2.3823027e-06 0.005595487 1.9781734e-07 0.35615072 0.18919991 0.0017126069 1.6675264e-07 2.062903e-06 0.04375402 1.2580345e-07 3.5841452e-07 6.2989915e-07 6.8839516e-05 1.2048453e-05 1.0139343e-07 2.8192255e-05 0.31383827 2.8711316e-08 1.4080863e-08 5.819887e-06 2.2329289e-06 1.607487e-08 0.027566021 0.0014285163 6.052239e-08 2.153429e-07 0.14505109 1.7279469e-06 3.1230897e-07 0.165764 0.023438009 8.2995217e-07 0.008079841 0.0014454118 0.09177581 1.6321444e-06 0.0019735273
0.30576262 0.030747915 0.006190661 0.04516043 0.0021611 0.6698408 0.25533438 0.0012311399 0.71897066 0.007323699 0.0002969742 9.951944e-05 5.1012975e-20 0.9241611 0.751706 0.29561585 0.5147815 0.6560697 0.001686225 2.394419e-05 0.7195649 0.0017924207 0.77969503 0.21630654 2.2272852e-05 0.11702353 0.15010203 0.10276304 5.867321e-05 0.044099852 0.3916408 0.04411197 0.110576406 0.013996312 0.035124715 0.06441225 0.0060585337 0.00025142607 0.011146143 0.011213184 1.1300624e-05 0.014059068 0.0536725 0.07425329 7.4586637e-06 0.078944154 0.018701041 0.0004164396 7.7622026e-05 0.0019740504 0.00048901566 0.006122883 0.04204405 0.001806154 7.178755e-05 1.9087953e-05 4.8472728e-05 0.0007506106 0.00016405543 0.0060198847 0.000272503 6.5564736e-06 1.8292376e-05 1.5915533e-05 3.478753e-05 0.00015210503 0.000500833 4.0631453e-06 5.3815147e-06 0.011934079 0.00018689103 2.0816748e-05 1.6906217e-05 1.321643e-05 0.00019347642 1.1972905e-06 3.5996954e-06 4.1183507e-06 0.0013157807 2.6143052e-06 7.1924774e-06 5.517196e-07 1.0362724e-06 1.1951738e-07 0.0049547865 5.4109614e-06 1.3454697e-06 0.0016552577 0.00072948297 2.5736918e-07 0.0003060986 6.766985e-08 2.3595686e-07 0.00016753907 9.218477e-05 9.0406445e-08 2.0608286e-06 8.3875176e-07 7.450844e-06 2.514631e-07 0.00031896707
0.41544175 0.0049536736 0.00021379787 0.013941327 0.000725559 0.6101091 0.23572363 0.001384345 0.5455139 0.005831018 7.850601e-05 5.4364125e-05 0.9241611 7.107381e-19 0.87240076 0.5840462 0.15834896 0.7348345 0.0035118451 8.9031615e-05 0.6144046 8.409383e-05 0.39152408 0.038345654 2.6909036e-05 0.28379303 0.64776784 0.28204703 0.00024289815 0.07052397 0.39362288 0.0770692 0.1640214 0.06201327 0.0023669917 0.0053199953 0.014110015 0.00060930796 0.0017459762 0.00028739072 8.512669e-06 0.0036485544 0.10430412 0.001087436 1.2905255e-06 0.15593414 0.00079439144 4.294462e-05 0.00023339334 0.00038863145 0.00010160237 0.04267705 0.07511599 0.0008484473 2.0012132e-05 1.0078736e-06 1.929612e-06 4.9686932e-06 5.2876235e-06 0.011322615 4.501815e-05 8.4928877e-07 1.4293087e-06 2.4737749e-06 4.1734762e-07 0.00015601591 0.00013709147 3.8076716e-06 1.813638e-06 0.032712072 6.480395e-05 6.606139e-06 4.7482714e-05 1.5937718e-06 6.5293214e-05 3.9451928e-07 4.3362427e-08 1.185705e-06 0.0009733222 3.3023902e-08 5.1518356e-07 1.4810057e-07 1.6485849e-07 3.378416e-08 0.01245458 3.6990292e-07 3.108512e-07 0.002788515 0.0011215607 4.7236398e-08 0.0003435525 4.7256133e-08 2.344986e-08 0.00012626147 0.00026986044 8.218434e-09 2.4601613e-05 2.918843e-07 2.7268558e-07 6.2809924e-08 0.0005522429
0.06510982 0.000991316 0.00014170584 0.0043969606 0.00038697774 0.2305716 0.14649454 0.0016920904 0.08241635 0.004625863 0.00029150586 2.2979102e-05 0.751706 0.87240076 2.6343722e-19 0.4679547 0.02423091 0.9310893 0.0029647702 5.198495e-05 0.099114046 8.0329905e-08 0.49235043 0.0023476658 1.8959e-05 0.10014091 0.48627672 0.20789371 0.00021736485 0.013665967 0.60085815 0.05788472 0.37602258 0.004350055 0.00017182616 0.00061414647 0.0037999596 0.00016092342 0.0192692 6.137498e-05 8.950372e-06 0.03007345 0.10994319 0.0010257806 2.5506633e-06 0.18348591 0.016157044 0.002646521 2.4375453e-05 0.003471841 0.0016669789 0.018396387 0.054752395 0.0068151746 0.00044317084 0.00017683725 9.8339086e-05 1.3394595e-05 6.765531e-05 0.02254513 0.00077732967 7.175312e-05 0.000113324655 6.131783e-05 2.3017548e-05 9.769252e-05 0.0021360232 2.7033762e-05 3.06727e-05 0.010178762 0.0013709037 1.3351831e-07 6.791117e-05 0.00026395026 0.00093013106 2.8052764e-05 2.3260475e-06 1.2160042e-05 0.0051370077 2.1435949e-06 2.0364743e-05 1.05239005e-05 1.3592729e-05 2.6606356e-06 0.008059416 0.00016666434 2.4455996e-05 0.0026992816 0.003754614 1.5855217e-06 0.0011051513 1.5274526e-07 2.2424442e-06 0.00026056808 0.00036528413 1.102289e-08 2.3400233e-05 1.2018471e-06 2.4784435e-06 1.6720053e-06 0.0011358873
0.7873885 0.013414903 0.0021796415 0.075538434 0.002183105 0.40770188 0.8072941 0.012480577 0.058354717 0.043949414 0.000728618 3.5793702e-05 0.29561585 0.5840462 0.4679547 5.8350207e-15 0.0132336095 0.3554544 0.046418954 0.0016971042 0.034898628 1.023144e-06 0.029344719 0.00046461777 7.130923e-05 0.7998675 0.09971592 0.47343203 0.0031903111 0.34858263 0.08849531 0.5935513 0.2921598 0.19805296 9.337644e-05 0.00017324119 0.0705396 0.01115946 0.007415736 1.3700893e-05 4.4575514e-05 0.010927124 0.32759684 8.476624e-05 2.9085409e-06 0.05929039 0.00092350814 0.0004974936 0.0006898417 0.0030860486 0.0006792928 0.008663477 0.052868538 0.001222528 0.0001759351 5.5294695e-05 0.00017054102 1.0296688e-05 2.0559846e-05 0.031718474 0.00025461407 3.785977e-05 5.399824e-05 1.7638375e-05 2.6450032e-06 0.0015321755 0.0003144889 1.9412022e-05 0.00010201491 0.21091701 0.00030748866 1.8137064e-07 0.00011196637 2.8354572e-05 0.0006531928 1.1254012e-05 1.5490633e-06 3.0452498e-05 0.005089095 1.299379e-06 5.1870916e-08 9.322655e-06 4.464399e-06 3.0667156e-06 0.027110249 1.703446e-05 1.6130563e-05 0.043949313 0.0033986995 8.103824e-07 0.0011005141 4.234084e-07 1.4277665e-06 0.0003919596 0.00046025662 4.2565755e-08 3.8372662e-05 4.8859427e-05 7.0393133e-07 8.53861e-07 0.01329323
0.0030162714 0.050502647 0.018200578 0.009047658 0.0075698057 0.3099606 0.06736119 0.0107244905 0.7594664 0.003733028 0.0061054947 0.014612691 0.5147815 0.15834896 0.02423091 0.0132336095 1.2845324e-19 0.008805906 0.0004563325 1.0586715e-05 0.87274975 0.19513643 0.38549802 0.8242679 0.004861599 0.013862952 0.053362798 0.009129026 1.6952876e-05 0.01048068 0.1155439 0.007252958 0.0074083 9.342248e-05 0.16757056 0.041318282 0.00067508203 2.8639795e-05 0.0007492171 0.035702575 8.122525e-05 0.008397527 0.0012922233 0.016528994 0.00076826214 0.015801737 0.0022693744 0.0019101712 4.0542098e-05 1.2941805e-05 0.0011412578 0.00036083194 0.006329727 0.0009369958 0.00025732955 0.0006309534 7.238923e-05 0.0018014356 0.0003496656 0.00042603456 0.0008167087 5.6798046e-05 0.0001857843 2.3594652e-05 6.658755e-05 8.8182205e-05 0.0010346215 8.229635e-05 0.00027111283 0.0018543365 0.000803593 0.003959105 0.00013594162 6.32683e-05 5.3323103e-05 2.8458138e-07 1.9279812e-05 1.28550355e-05 5.100437e-05 2.8423829e-05 2.3901117e-05 7.520486e-07 4.4387275e-06 9.154858e-08 0.00087880186 1.6492439e-05 4.0647456e-06 0.00056412537 6.508501e-05 5.8256898e-08 0.0031187655 5.5930326e-07 1.1772123e-07 0.0023170565 0.0004715188 9.875401e-07 7.639814e-05 7.755155e-06 0.00012109835 7.299348e-08 0.00013273949
0.13894843 0.0005011206 6.3250925e-05 0.0024359815 0.00048683028 0.13176045 0.0764727 0.00085138803 0.035015434 0.0027998786 0.00019301935 1.816483e-05 0.6560697 0.7348345 0.9310893 0.3554544 0.008805906 1.4716733e-19 0.0022566635 2.5850319e-05 0.07855504 7.836837e-09 0.55284685 0.0007453779 2.220236e-05 0.09501575 0.5918738 0.35083658 7.522216e-05 0.013092805 0.798422 0.059158288 0.60538 0.0016815158 0.00010179809 0.00043576426 0.0030125298 0.00011233205 0.05614086 3.4850887e-05 6.9667217e-06 0.059258293 0.1709532 0.0011599881 1.787609e-06 0.28461838 0.062129583 0.008085236 8.615898e-06 0.010700395 0.0033270828 0.02566009 0.09149212 0.014346732 0.0009371835 0.00024412198 0.0001349025 1.4613455e-05 0.00010949248 0.055836506 0.0011619057 9.917108e-05 0.00018751089 9.726555e-05 2.1683098e-05 8.606228e-05 0.003394299 6.328164e-05 1.9009947e-05 0.013683213 0.0018819122 9.744087e-08 5.281533e-05 0.00035552258 0.0015984297 4.2422165e-05 3.5163184e-06 2.2163475e-05 0.011069376 2.0756195e-06 4.343654e-05 2.0264893e-05 1.4939672e-05 3.6460651e-06 0.017287573 0.00024863437 3.5889065e-05 0.0051690857 0.010151531 2.231977e-06 0.001137284 4.865863e-07 2.1322426e-06 0.00036343175 0.00019164443 2.2982352e-08 3.3529388e-05 4.7547032e-06 2.0803482e-06 3.5995893e-06 0.0025015022
0.9619456 0.19036454 0.0030494058 0.21971688 0.021828702 0.023106158 0.48954162 0.6169707 0.0032482264 0.82157356 0.034608927 0.0051012128 0.001686225 0.0035118451 0.0029647702 0.046418954 0.0004563325 0.0022566635 1.2204477e-17 0.7086484 0.0005169507 1.0194103e-07 0.00023285442 9.058142e-05 0.0051992815 0.060502674 0.0008598288 0.0035036644 0.7063443 0.3899772 0.00018697928 0.13078806 0.00056257856 0.011620924 2.2595374e-05 5.6198223e-06 0.7793005 0.7191322 8.905319e-05 1.1600157e-06 0.014964914 0.00016886083 0.014700246 2.8060724e-06 0.00012044564 0.00145365 5.1319585e-06 1.0091736e-05 0.274976 2.5725189e-05 3.658784e-05 0.00035372426 0.004642511 3.7675465e-05 2.8768384e-06 1.693183e-06 3.5278294e-06 1.3365011e-06 9.625015e-07 0.0051011355 5.838301e-05 1.9036152e-06 1.0961655e-05 1.5304373e-07 1.1069522e-07 0.20187752 3.4099616e-05 0.00041856797 0.010989917 0.4769413 6.648735e-05 1.40321e-07 0.018443167 9.001582e-07 5.272243e-05 1.9526507e-07 1.3005343e-06 4.3395715e-07 0.00087111804 1.2653883e-06 1.9360218e-07 2.8349731e-07 4.3054968e-07 6.314265e-08 0.007853177 1.7965441e-06 4.302234e-05 0.4035767 0.00022740377 1.2844703e-07 0.055305082 1.875444e-07 2.6828934e-07 0.006333837 0.06791695 2.0225156e-07 0.007001974 0.00019460579 8.482264e-06 1.5319152e-07 0.15660283
0.94482535 0.12732 0.003935866 0.08564182 0.14887764 0.0010993874 0.071440965 0.8657566 5.8496877e-05 0.66283804 0.64902496 0.03628613 2.394419e-05 8.9031615e-05 5.198495e-05 0.0016971042 1.0586715e-05 2.5850319e-05 0.7086484 1.4240862e-16 4.4687415e-05 6.3561224e-08 1.0846705e-05 3.2744345e-05 0.17584422 0.003342944 5.8928243e-05 0.00029007794 0.8175541 0.022776745 2.069216e-06 0.0057320166 2.5466203e-05 0.0006441976 2.1098676e-05 1.4762052e-06 0.21854237 0.6776586 1.4180802e-06 5.319592e-07 0.30083033 7.455329e-06 0.0012726316 2.324453e-06 0.0016155657 3.2774147e-05 3.968339e-07 2.912695e-07 0.80144763 5.2650825e-07 2.041833e-06 5.42722e-06 0.00033182072 5.640556e-07 3.9343096e-08 6.31422e-07 7.362746e-08 7.781751e-06 1.0932272e-06 0.00045849005 4.900313e-06 1.7825471e-07 1.0612698e-06 4.1592894e-08 1.9991509e-07 0.5870925 2.4136464e-06 0.020222431 0.052525777 0.076221004 9.885384e-06 1.6803439e-07 0.13100338 9.518329e-08 5.939271e-06 1.4286082e-08 5.743891e-07 3.541286e-08 0.00017937552 5.472413e-07 6.9798425e-06 1.6398516e-08 6.04437e-08 4.9043283e-08 0.0002459813 5.671439e-08 0.0041922475 0.31614345 1.2425015e-06 1.1009589e-08 0.13649932 3.0483744e-08 2.0216238e-08 0.032200567 0.19690341 1.5888833e-08 0.1026008 0.0009831514 3.1826728e-06 4.6946345e-09 0.16946262
0.09051675 0.06945244 0.029849047 0.02220359 0.04860301 0.5020272 0.07729916 0.014655103 0.852811 0.0026500556 0.018293198 0.08687132 0.7195649 0.6144046 0.099114046 0.034898628 0.87274975 0.07855504 0.0005169507 4.4687415e-05 1.4118286e-17 0.05992966 0.79587513 0.5078194 0.0014229295 0.05356237 0.43888703 0.09722698 0.00014804488 0.010406147 0.48982278 0.014466206 0.05870899 0.00012463835 0.43947613 0.3177714 0.0023198114 8.280398e-05 0.030926565 0.18751091 4.4200206e-05 0.1259602 0.008629163 0.601099 0.0044995425 0.19361757 0.19853182 0.035454497 3.1388197e-05 0.0027686532 0.049850423 0.0041555315 0.110549204 0.04142086 0.0055285706 0.012232949 0.0022917683 0.081430055 0.0102162175 0.003895239 0.007954729 0.0022971958 0.004299144 0.0034582743 0.0049854037 0.00013906708 0.006633336 0.0004325734 0.0005610345 0.0064752493 0.007353898 0.007012449 0.00024769976 0.0014741645 0.001335915 0.000166566 0.0015056897 0.0010656152 0.0014444541 0.0012209406 7.618968e-05 0.00013409698 0.00015701224 7.68054e-05 0.0062519317 0.0009269605 4.501845e-05 0.0019865092 0.0036275135 1.8178e-05 0.006697659 3.5691202e-05 3.146714e-05 0.003939007 0.0003808476 0.00012792987 0.00011477373 0.0001354314 5.2646556e-05 8.357714e-06 0.00034792852
5.437491e-05 0.19113313 0.93792635 0.007139579 0.000997727 0.026606105 7.0683614e-05 5.6417953e-06 0.1692935 9.1301445e-07 2.6103055e-05 0.0054714773 0.0017924207 8.409383e-05 8.0329905e-08 1.023144e-06 0.19513643 7.836837e-09 1.0194103e-07 6.3561224e-08 0.05992966 3.200246e-29 4.3743203e-05 0.43960008 8.110538e-06 1.3337419e-06 5.403306e-07 8.716237e-08 6.5617184e-07 1.6382745e-06 3.3750541e-06 9.702485e-07 3.616875e-07 4.2406016e-09 0.03278074 0.00019704943 1.9194246e-07 2.535954e-09 4.188456e-09 5.5336266e-05 8.507979e-06 3.0521227e-07 1.3262262e-07 4.9523747e-05 4.5506436e-05 7.552777e-06 1.408439e-07 6.3612733e-09 1.0524864e-07 2.0854407e-10 9.6444616e-08 6.698987e-08 4.237065e-07 7.82319e-08 6.1214483e-10 1.701943e-08 4.1927324e-09 3.3225405e-07 5.1936335e-09 7.782997e-10 1.4332431e-07 2.3295468e-09 6.00406e-09 3.8655237e-10 6.0043575e-09 1.0378577e-08 3.7572443e-09 0.00011607881 0.00013355253 2.741798e-05 1.5404488e-07 0.0004255945 5.5167307e-06 2.7113034e-10 1.8972697e-10 8.841954e-12 8.7478105e-09 2.253155e-09 5.4379466e-11 3.9522703e-08 2.4622408e-05 1.8318838e-11 6.192847e-11 4.970034e-10 1.1985654e-08 3.7496392e-10 1.4712769e-05 1.0531224e-06 6.4481545e-12 5.6615598e-12 0.00025860986 7.696667e-10 2.762316e-11 0.00026069558 2.90225e-07 1.1815869e-08 1.5776046e-06 2.8991462e-07 0.009447507 1.3412867e-10 5.914666e-08
0.288915 0.017031806 0.0020681836 0.040316045 0.014875612 0.21813962 0.07878713 0.0012353475 0.60303694 0.0028112556 0.00095083413 0.0016466399 0.77969503 0.39152408 0.49235043 0.029344719 0.38549802 0.55284685 0.00023285442 1.0846705e-05 0.79587513 4.3743203e-05 1.1081939e-19 0.1384479 1.8143499e-05 0.017922798 0.09565126 0.04200746 5.953826e-05 0.007685912 0.6236049 0.012656389 0.14124684 5.9009057e-05 0.1175343 0.32429302 0.0014612084 1.323684e-05 0.36092743 0.15660563 1.559164e-06 0.25022104 0.011765295 0.6904697 6.660965e-05 0.22823861 0.87391794 0.14425215 3.8659336e-06 0.048240595 0.1571941 0.0046383864 0.13434143 0.18989229 0.03669581 0.05711223 0.023518525 0.1165342 0.10579598 0.010226283 0.05873629 0.015883716 0.021307845 0.040895622 0.014517613 1.9619038e-05 0.019670043 0.00012719339 3.9373976e-05 0.017356656 0.020349128 0.0005249455 1.5362677e-05 0.0045174467 0.0064916834 0.0027108297 0.002920514 0.0035808997 0.007267201 0.0010181542 1.151047e-05 0.00076001254 0.0007629955 8.650745e-05 0.017290078 0.006403275 0.0002465981 0.0027916988 0.01713432 4.6962246e-05 0.0009363834 3.285119e-05 4.6545887e-05 0.001596785 3.2931366e-05 7.773697e-06 1.3787303e-06 2.7243635e-05 4.9096075e-06 0.00013066211 0.00045857244
0.0017947821 0.04440946 0.0072893566 0.007751592 0.0028566334 0.08998509 0.020712696 0.00057921826 0.43111822 0.00041774803 0.0054052602 0.0033291557 0.21630654 0.038345654 0.0023476658 0.00046461777 0.8242679 0.0007453779 9.058142e-05 3.2744345e-05 0.5078194 0.43960008 0.1384479 1.1361258e-16 0.00037055614 0.0017620008 0.020549856 0.0017260464 2.217434e-05 0.00263895 0.00981532 0.00062282075 0.0004696512 3.3852037e-05 0.51164544 0.08335624 0.00016280575 3.879551e-06 0.00014067965 0.06273629 2.4390474e-05 0.0025463556 0.00041858392 0.06281276 0.00028734878 0.0046329997 0.00040636762 0.00056505844 2.0250643e-06 6.0727575e-06 0.0009788054 7.253152e-05 0.0018904501 0.001721905 5.2663836e-05 0.0010778345 0.00010511298 0.004136379 0.000700923 0.00014485422 0.00098799 6.178873e-05 0.00019046267 4.6322744e-05 0.0003555931 3.9296187e-06 0.0001182604 0.00022455367 0.00013158245 0.00057753595 0.0005072852 0.048570957 1.3548182e-05 5.6850935e-05 2.8069142e-05 3.5387673e-06 0.00014828015 0.00011498858 1.0692106e-05 0.00016641451 4.0160357e-05 7.896303e-06 1.0107146e-05 5.557126e-06 9.592942e-05 1.3783615e-05 3.31491e-05 0.00016250605 1.2608222e-05 2.2276324e-06 0.00052346854 3.9148663e-06 5.08257e-06 0.0012147977 1.2569204e-05 3.5029323e-05 2.4180596e-05 4.529467e-05 0.0001389789 7.0270596e-07 0.00010135327
0.43948078 0.03378937 0.016911611 0.0059544686 0.33573997 0.00020409668 0.00057826284 0.15796724 0.0002388755 0.01122138 0.8336726 0.7136398 2.2272852e-05 2.6909036e-05 1.8959e-05 7.130923e-05 0.004861599 2.220236e-05 0.0051992815 0.17584422 0.0014229295 8.110538e-06 1.8143499e-05 0.00037055614 9.385034e-12 9.670937e-05 2.8117418e-07 1.3089134e-06 0.031367306 0.0014417435 2.9067494e-06 7.18211e-05 6.298436e-06 6.456057e-06 0.0011431533 0.00042282234 0.0033510227 0.0066338205 3.5169658e-06 2.4728468e-05 0.8328169 7.338117e-07 5.6943078e-05 0.00045592876 0.5080732 2.0978464e-06 2.9532188e-05 3.6490043e-08 0.101025626 8.436617e-08 6.950236e-08 7.107788e-08 3.171066e-06 2.430529e-08 3.5548815e-08 2.1061032e-06 5.829566e-07 0.0007434714 6.696385e-05 1.5593285e-05 1.0268474e-07 8.2472376e-08 1.5728419e-07 1.4990901e-06 2.0099876e-06 0.035056047 1.2314932e-07 0.76821184 0.76122975 0.0011271801 9.705376e-08 2.4181022e-06 0.304812 4.985096e-08 7.009332e-08 4.793359e-07 4.049219e-06 7.511176e-07 2.3860068e-06 2.4179776e-06 0.006843653 1.0931478e-08 2.190266e-08 8.3070995e-07 3.2509948e-07 6.4622494e-09 0.17519604 0.012174118 2.623571e-08 5.5656276e-08 0.2612733 3.861639e-07 5.5895313e-08 0.51881295 0.06205185 1.8470355e-07 0.10089995 0.11632251 0.00022139215 4.3902187e-07 0.007772129
0.95840317 0.036161795 0.002661321 0.046095498 0.0035929908 0.25755924 0.5334721 0.011357574 0.089118734 0.083648555 0.0018075887 0.0009175583 0.11702353 0.28379303 0.10014091 0.7998675 0.013862952 0.09501575 0.060502674 0.003342944 0.05356237 1.3337419e-06 0.017922798 0.0017620008 9.670937e-05 8.946153e-14 0.0816856 0.46516016 0.013371725 0.5154519 0.06568068 0.74050105 0.13987179 0.5923813 0.00041096096 0.00011029075 0.106338084 0.015467564 0.0038677373 5.583219e-06 6.986452e-05 0.012817956 0.3261338 0.0015378986 0.00011549005 0.09907464 0.00089229806 0.0007237311 0.0056076995 0.0027991727 0.0010971015 0.013838303 0.13161351 0.0019243425 0.00033537403 9.267707e-05 0.00025754658 4.0070954e-05 3.723202e-05 0.019873854 0.00039751743 8.68438e-05 0.00017096948 3.4509932e-05 5.4887123e-06 0.0076097823 0.0004337592 2.4826719e-05 0.00012453261 0.43064517 0.00056021084 4.855112e-06 0.00030828526 8.8036664e-05 0.0007200613 1.7941411e-05 6.9134325e-07 2.5486783e-05 0.003538577 3.5233293e-07 2.3035469e-07 2.2777218e-05 3.2708922e-05 2.8969089e-06 0.03259867 0.00011731099 5.2984205e-06 0.07658192 0.0015183096 2.5271963e-06 0.001865786 2.0292382e-06 3.960107e-06 0.0003464282 0.0020554557 1.08415534e-07 0.0002687061 0.00013323512 1.920726e-06 1.8412696e-06 0.029121682
0.89471143 0.00040207995 4.1542928e-05 0.00096004526 6.67754e-05 0.07341382 0.0070114094 0.000107419866 0.17177236 0.0003162824 1.0394997e-05 3.9067695e-06 0.15010203 0.64776784 0.48627672 0.09971592 0.053362798 0.5918738 0.0008598288 5.8928243e-05 0.43888703 5.403306e-07 0.09565126 0.020549856 2.8117418e-07 0.0816856 1.6021696e-16 0.92579323 0.00013604836 0.015767632 0.5295195 0.039156053 0.66548765 0.0022899744 0.0008292034 0.0015379236 0.003732426 0.00041770187 0.0045546363 0.00013438208 2.8302309e-06 0.007991462 0.08205248 0.0006946026 1.6454922e-07 0.14800441 0.0008631207 0.00018844004 0.00013824341 0.0010472611 0.00023619723 0.72334164 0.074503176 0.0010693896 7.068342e-05 2.8779235e-05 2.3275106e-05 3.530241e-05 7.163122e-05 0.01414829 7.542379e-05 1.1628351e-05 1.0006481e-05 4.9322764e-05 1.6290785e-05 0.00047675282 0.0001903815 3.4564542e-07 2.1839453e-05 0.03691188 7.1569004e-05 8.211944e-06 1.568634e-05 2.0047031e-05 0.00014748023 3.4612964e-05 1.6724947e-06 1.0787965e-05 0.001221915 1.1822069e-06 4.67146e-07 6.9708085e-06 5.9425292e-06 1.3267303e-06 0.020372009 1.2187581e-05 1.6839573e-08 0.0059291814 0.0016390702 1.8040331e-06 0.00017424513 2.3617376e-06 1.4651181e-06 7.6098906e-05 0.00036321054 6.4923974e-08 2.8389342e-05 9.185414e-08 1.577959e-07 6.689845e-06 0.0015236055
0.94293684 0.0011933226 0.00016471244 0.0013430059 0.00069836277 0.05930419 0.026903274 0.00075020955 0.024003599 0.0035323347 5.8032463e-05 2.6792219e-05 0.10276304 0.28204703 0.20789371 0.47343203 0.009129026 0.35083658 0.0035036644 0.00029007794 0.09722698 8.716237e-08 0.04200746 0.0017260464 1.3089134e-06 0.46516016 0.92579323 3.859478e-16 0.00029514518 0.08775449 0.18358156 0.15453352 0.49683428 0.0036188094 0.00018726838 0.00022904003 0.0076363287 0.0009240993 0.005048422 8.575999e-06 5.302482e-07 0.010992811 0.23844725 0.00047178235 1.4853233e-06 0.21733126 0.0009267244 0.00024766667 0.000616276 0.0032563899 0.00014110439 0.28343806 0.18398571 0.0004091761 8.9038236e-05 1.794331e-05 2.7677197e-05 4.705157e-06 8.593651e-06 0.026492365 3.2605272e-05 1.397701e-05 3.2460644e-06 1.0713449e-05 6.856891e-07 0.0005526259 0.0002130836 8.4006933e-07 1.0202367e-06 0.17464505 8.22856e-05 1.12289676e-07 8.06924e-06 1.5051176e-05 0.00041411028 2.1324307e-05 9.6502035e-08 4.35324e-06 0.0033247788 6.6634456e-08 1.2574977e-08 2.2745862e-06 1.6583798e-06 4.7534108e-08 0.036189955 3.0968788e-06 1.0967301e-07 0.01696297 0.0021010912 8.90167e-08 6.8074965e-05 4.752885e-08 7.800661e-08 9.055573e-06 0.000109961074 2.9662954e-09 5.877502e-05 1.731847e-06 2.281648e-07 2.0289237e-07 0.004473575
0.982484 0.12465432 0.008187578 0.06197073 0.057664372 0.012089163 0.14331618 0.5741374 0.0010505045 0.5470652 0.19333094 0.054316334 5.867321e-05 0.00024289815 0.00021736485 0.0031903111 1.6952876e-05 7.522216e-05 0.7063443 0.8175541 0.00014804488 6.5617184e-07 5.953826e-05 2.217434e-05 0.031367306 0.013371725 0.00013604836 0.00029514518 5.3912598e-17 0.07630527 1.9486586e-05 0.009731997 1.8758861e-05 0.0020555086 6.397244e-06 8.177534e-08 0.6186588 0.80854005 3.0218093e-06 8.512048e-09 0.06727447 1.9755219e-06 0.00085416326 2.1306478e-07 0.005278927 8.857285e-05 2.6789277e-07 2.5860723e-07 0.49621093 5.204244e-07 8.08377e-07 1.3349719e-05 0.0003283373 5.1425754e-06 1.02522705e-07 1.0974492e-08 2.5839656e-08 5.1701056e-07 1.3992646e-08 0.00016105054 8.444052e-07 3.1989984e-08 2.738902e-07 1.3108844e-08 2.0935362e-09 0.36779958 4.5972425e-07 0.0057338616 0.026146416 0.12528452 7.4082425e-07 2.4557963e-07 0.039820597 2.1403611e-08 7.597555e-07 1.9763e-08 3.956319e-09 8.111446e-09 2.3896488e-05 4.9124615e-09 1.292625e-05 9.519705e-09 4.478396e-09 2.1925262e-09 0.00059833226 2.416652e-08 0.0006268729 0.26916844 1.4205845e-06 1.637366e-09 0.113961786 1.1039954e-08 1.9042639e-09 0.030485684 0.071639456 5.786227e-10 0.010689584 0.00051805767 1.4946343e-05 1.290182e-08 0.15060838
0.9861606 0.12808323 0.0058672875 0.16187611 0.010222606 0.2376517 0.67833334 0.09428047 0.03995419 0.3666665 0.008966541 0.0036426177 0.044099852 0.07052397 0.013665967 0.34858263 0.01048068 0.013092805 0.3899772 0.022776745 0.010406147 1.6382745e-06 0.007685912 0.00263895 0.0014417435 0.5154519 0.015767632 0.08775449 0.07630527 1.6271589e-15 0.011212672 0.6806687 0.011214345 0.7136229 0.00032834293 5.5185123e-05 0.3920427 0.0853068 0.0021077772 4.600622e-06 0.0021752985 0.0031993026 0.103060484 0.00034409502 0.00042560571 0.01457758 0.00027488946 0.00061462144 0.02074115 0.0020168168 0.0007006743 0.0032945878 0.036888473 0.0020215767 0.00023568171 2.4439812e-05 0.0003000971 7.028262e-06 1.5140117e-05 0.0059307283 0.0004982333 4.0047686e-05 0.00017186959 1.9543295e-05 2.0182008e-06 0.031685866 0.00024603689 0.00013953162 0.0014093842 0.390029 0.00018255998 6.9255784e-06 0.0017069431 2.826855e-05 0.00055657024 3.3493707e-06 4.7434324e-07 7.237091e-06 0.001555411 3.6822368e-07 1.6396e-06 7.691121e-06 1.7220551e-05 1.1330607e-06 0.007200233 1.567901e-05 4.6419016e-05 0.15312599 0.00017393267 2.9886583e-06 0.004107259 3.147301e-06 3.0704764e-06 0.0011657749 0.0073209577 5.5303158e-08 0.0012778592 0.0003982084 1.2437113e-05 1.3283648e-06 0.06817884
0.519564 0.0010463407 4.345547e-05 0.0020017554 0.00040599672 0.018980347 0.016448356 3.730136e-05 0.098054364 0.0005876544 2.1019649e-05 2.802999e-06 0.3916408 0.39362288 0.60085815 0.08849531 0.1155439 0.798422 0.00018697928 2.069216e-06 0.48982278 3.3750541e-06 0.6236049 0.00981532 2.9067494e-06 0.06568068 0.5295195 0.18358156 1.9486586e-05 0.011212672 4.954456e-17 0.018869953 0.9073793 0.0002540504 0.007753237 0.02713798 0.0020060532 3.0368941e-05 0.48268422 0.0034018306 2.6594282e-06 0.44568163 0.086117096 0.08900941 1.4780111e-06 0.49654523 0.2726785 0.07118813 8.7565295e-06 0.08559202 0.09059221 0.023304071 0.19796497 0.06554885 0.0058690696 0.0015322411 0.0012307566 0.0010859546 0.0011842286 0.03208243 0.007878006 0.0010978279 0.0020343869 0.0007432297 0.000117700525 3.7800026e-05 0.010113974 7.1961716e-07 7.404634e-07 0.022604745 0.005172266 3.3390963e-05 3.2726655e-06 0.00058805494 0.00215127 0.00019652753 1.6713746e-05 0.00016739134 0.009611551 3.8236426e-06 4.65292e-07 6.517309e-05 0.00010434263 2.3305415e-06 0.040187586 0.00065688347 1.885476e-07 0.0024940963 0.022584297 9.6918175e-06 5.3286196e-05 1.7791173e-06 7.4774807e-06 3.9153427e-05 1.1834236e-05 2.6539237e-07 2.282437e-06 1.4380214e-07 7.269793e-07 1.8095703e-05 0.0012002763
