1.890736e-31 0.9999279 0.9992076 0.9895178 0.9990012 0.9998881 0.995628 0.9948045 0.9978012 0.9716452 0.9965256 0.9755422 0.9964874 0.99548715 0.9833294 0.98340166 0.9400376 0.98076016 0.99890125 0.9426858 0.929 0.9277981 0.97609085 0.9739307 0.9952786 0.97808963 0.94881713 0.98113716 0.94416994 0.9652723 0.87626284 0.849354 0.99055994 0.96210206 0.9228474 0.97740245 0.86521256 0.98935705 0.80698586 0.23696698 0.96068615 0.81123906 0.9263204 0.7573858 0.77795297 0.98101014 0.9360845 0.98568636 0.96888906 0.6748371 0.9566243 0.7716789 0.122617476 0.96796167 0.8966753 0.6009458 0.81982607 0.90995026 0.9518336 0.4699505 0.8239017 0.4024289 0.7059199 0.7920219 0.05083962 0.8217509 0.069447055 0.072027706 0.39653936 0.06371211 0.63244164 0.32163242 0.020416945 0.11233726 0.49166805 0.61656237 0.1927665 0.003761137 0.09649936 0.01621027 0.0012037806 0.002415202 0.01824839 0.0011230559 0.10038645 0.051389996 0.069735326 0.010584172 0.00094738835 0.52121806 0.0025024987 0.0027422674 0.0061765425 0.0073455083 0.14931567 0.046478257 0.039836492 0.0003445505 0.45263615 0.00013005469 0.0022068273
0.9999279 1.9240536e-15 0.26335648 0.842636 0.7259516 0.13135792 0.4564327 0.22548765 0.29788053 0.35196006 0.358631 0.24017353 0.2507717 0.16939002 0.2834651 0.5317129 0.24844664 0.39345938 0.036119837 0.152565 0.36156657 0.16709326 0.16505152 0.26882106 0.09061406 0.08992801 0.31222126 0.08492205 0.07468886 0.033416223 0.08500227 0.045079354 0.085312456 0.040888164 0.02679866 0.07318536 0.26563647 0.16976449 0.022935545 0.020313175 0.026246065 0.028910106 0.10746541 0.023308244 0.16251832 0.36578542 0.07046391 0.14304164 0.04022145 0.011904917 0.26181212 0.0762518 0.0017574889 0.19642508 0.22527653 0.012999691 0.029313235 0.067742564 0.017525023 0.018706307 0.0076005603 0.010834048 0.0031429655 0.113356456 0.0074240374 0.07835547 0.0031545116 0.0048835324 0.039120883 0.0022841652 0.010678386 0.002541551 0.0049152975 0.003912502 0.01593566 0.04697214 0.014125127 0.00072260934 0.004246191 0.0011109759 0.00030202884 0.0017323204 0.0005699749 0.00033551958 0.0047999145 0.0012860958 0.0022875462 0.0026982957 0.00035712923 0.060004916 0.00058624963 0.00072106085 0.00036464722 0.0010399004 0.008108142 0.004509236 0.00075827894 0.00034297703 0.00777495 0.00012977554 0.0011697842
0.9992076 0.26335648 1.2394122e-16 0.8724563 0.054288574 0.017350037 0.21246375 0.05377183 0.051360376 0.049017016 0.32938018 0.3447844 0.57814264 0.0038223285 0.84682673 0.0194822 0.5337615 0.010848812 0.0036290567 0.003179833 0.22920352 0.020938179 0.095378086 0.48296687 0.0009380513 0.022836423 0.46192577 0.36809683 0.19465017 0.010213865 0.29874232 0.11621736 0.08301741 0.19721486 0.0044085807 0.060861975 0.17215498 0.017782737 0.006737115 0.0036248695 0.00827789 0.1617707 0.08526711 0.05068646 0.06459338 0.5082694 0.0382531 0.14266911 0.042882804 0.043308813 0.014951012 0.058724973 0.00975695 0.061188757 0.015691377 0.045780025 0.0063974084 0.006748674 0.0058487006 0.014956688 0.004948787 0.009576371 0.00077273225 0.008587606 0.0032992917 0.011083224 0.014588949 0.0017566821 0.00941893 0.0031265425 0.07464924 0.0006782654 0.00076697586 0.015900442 0.0063839913 0.0038994087 0.0013873638 0.0006394871 0.0009867207 0.0007833098 0.00042103554 0.00032190685 0.0043727797 0.00015288919 0.00075783033 0.015905803 0.0010502546 0.00071500894 0.00020182412 0.0052226535 0.0015100433 0.00031228684 0.0029844888 0.00011687861 0.0010175528 0.0007479207 0.0003156993 0.00039668035 0.0016873471 0.00018709613 0.00085588667
0.9895178 0.842636 0.8724563 1.1771591e-17 0.14461157 0.021904834 0.17806765 0.048923574 0.17983168 0.35187244 0.49708736 0.33314502 0.29189548 0.04392119 0.43191153 0.20823531 0.3651755 0.06875631 0.004164748 0.04785409 0.39425072 0.20312965 0.06271025 0.23812276 0.009805278 0.006909215 0.64594275 0.045357034 0.10347967 0.005270172 0.1183919 0.0653022 0.06292952 0.027597418 0.0046060462 0.04623342 0.43816957 0.08421625 0.0035291237 0.01822539 0.0023903297 0.030125538 0.08888036 0.029994277 0.13465126 0.094704255 0.0343633 0.0148328245 0.0035554566 0.0074318005 0.04320834 0.008866807 0.0015671754 0.09153192 0.03478465 0.0039264783 0.01100404 0.01910429 0.0010707626 0.0018772032 0.0006284948 0.0023798575 0.0006019888 0.023723945 0.004981542 0.01667123 0.002948215 0.0019737228 0.011788971 0.00035914368 0.0034168353 0.00021604303 0.0026636329 0.00092474464 0.007886166 0.010123353 0.0028869307 0.00013911429 0.0017860925 0.0005691094 0.00030907124 0.0008479037 0.0004972071 2.5754476e-05 0.0013351222 0.0011723031 0.0008156602 0.00086916424 0.000120711156 0.00963885 0.0010973621 0.00020556702 0.0007895866 0.00013519988 0.0021172694 0.0018069664 0.00030110162 0.00053225836 0.0024432207 0.0002234062 0.0003895432
0.9990012 0.7259516 0.054288574 0.14461157 3.5710787e-14 0.0033538025 0.023846408 0.005462327 0.42570105 0.38999602 0.13929383 0.13857132 0.1574407 0.07015471 0.07644342 0.58388454 0.044885438 0.70550424 0.005255682 0.06898506 0.015511969 0.5536572 0.019525895 0.09694045 0.0785576 0.008550781 0.094530135 0.11500542 0.06542839 0.0082790125 0.039647568 0.026286902 0.1469991 0.042035744 0.006032618 0.12294114 0.17811099 0.45145145 0.008879012 0.0039985557 0.007360855 0.02523786 0.25880742 0.03830966 0.2557819 0.21567447 0.25246277 0.06606866 0.03746143 0.0095933275 0.45020556 0.02199732 0.004524097 0.836361 0.28812215 0.021708215 0.10875333 0.14667596 0.010653114 0.012668833 0.008121216 0.012630308 0.0021379013 0.6193914 0.005662911 0.51163775 0.019381322 0.011624388 0.28167406 0.0026050112 0.09283866 0.0026280088 0.010918025 0.0114459805 0.010588467 0.117398225 0.0905825 0.0010352329 0.0021768557 0.001216132 0.0009079458 0.0076887566 0.003171169 0.0003805757 0.07490545 0.011034599 0.0016576984 0.017817281 0.0005338182 0.07289809 0.002984627 0.0004632984 0.0045009763 0.00032846915 0.011590742 0.009160868 0.018938035 0.0009921634 0.124316305 0.0008428267 0.0060580047
0.9998881 0.13135792 0.017350037 0.021904834 0.0033538025 9.1826606e-20 0.31839964 0.54718524 0.00014045685 0.00020498109 0.0023111266 0.0010179888 0.006443236 0.046897694 0.02635577 0.0010572675 0.009020627 0.0008585713 0.1252777 0.09392437 0.38438538 0.001037059 0.4958898 0.062428724 0.0025510602 0.8766016 0.0076880525 0.01578273 0.0038733385 0.4568263 0.0029218122 0.0013302405 0.0002291908 0.002918185 0.16328903 0.00013869966 0.0021731781 0.00024638275 0.055823863 0.090189494 0.48933512 0.0013508435 0.0003472586 0.00033467496 0.00012268168 0.07679774 0.00014033969 0.13099098 0.15357354 0.00041903526 0.0025785135 0.021635568 1.4772381e-05 0.00016910884 0.00083679875 0.0009773526 3.2364314e-05 0.0026419377 0.32304308 0.023628542 0.099904135 0.010834317 0.07510673 0.00023225164 1.2303053e-05 1.5203388e-05 0.00024464357 4.689393e-06 4.3350832e-05 0.0052812486 0.0051081018 0.025543986 5.9918216e-06 0.0008901014 0.23641004 0.0016065233 3.4179986e-06 0.0002181877 0.13858229 0.0038168957 5.2200357e-05 3.391859e-06 9.189809e-05 0.0020596862 1.2205704e-05 0.00012650409 0.031216169 1.9013663e-05 0.00065961294 0.026498599 1.9121588e-05 0.0009777222 0.00014257325 0.030432442 0.010066054 0.003729875 4.625708e-06 0.0011485908 0.00063867925 2.138205e-06 0.00031581824
0.995628 0.4564327 0.21246375 0.17806765 0.023846408 0.31839964 1.800216e-21 0.89914435 0.0017063548 0.003534882 0.005554795 0.0044050296 0.017139353 0.020860381 0.15890868 0.002306351 0.08309131 0.00058011216 0.010876317 0.034370933 0.78648645 0.0033102517 0.29630297 0.46109304 0.00042569355 0.09121834 0.09752677 0.123303995 0.01868695 0.01222228 0.055997632 0.015727017 0.00042564367 0.033371065 0.006358287 0.00010528403 0.019918084 7.4293835e-05 0.0079506105 0.01972204 0.053695973 0.016860377 0.00014234798 0.0007743143 0.0001351808 0.5706698 1.9009356e-06 0.52247226 0.34057504 0.014600781 0.0011035482 0.20531821 0.00083027483 1.1160822e-05 0.00016789832 0.02083388 1.0952083e-05 0.0005269961 0.14148231 0.13800691 0.09316488 0.044510048 0.011745087 6.8058507e-06 4.679225e-06 5.4910765e-07 0.0013302037 7.7176264e-07 4.2240235e-06 0.021942247 0.028040051 0.0045708427 5.256822e-06 0.021497212 0.024631606 9.67509e-05 2.2107345e-07 0.00545965 0.004386591 0.004574855 7.1436416e-06 2.8439555e-07 0.0020261423 0.00021262807 5.9373656e-07 0.0006296283 0.004542115 5.1928663e-07 0.0007483038 0.0035878099 5.334909e-05 0.004363276 0.0012348121 0.0011853704 0.001990763 0.0007008805 1.0933242e-06 1.9989127e-05 7.960579e-06 2.2571844e-06 2.271668e-06
0.9948045 0.22548765 0.05377183 0.048923574 0.005462327 0.54718524 0.89914435 2.757153e-22 0.00018192006 0.00024044246 0.001694431 0.0010929626 0.0030119221 0.024290841 0.028913958 0.00052441383 0.0155238 0.00030316872 0.013765436 0.04694354 0.7376393 0.0009188267 0.6427574 0.13893956 0.0005099939 0.40642804 0.021040503 0.029903773 0.006660518 0.057337336 0.011206524 0.0034384835 0.00012513262 0.00878913 0.0098533 6.285298e-05 0.0026795145 7.1172806e-05 0.010222201 0.014530646 0.15836373 0.0026322452 1.0503086e-05 3.8793307e-05 1.7731625e-05 0.29414958 1.4729538e-06 0.44835374 0.3975967 0.0019839266 0.0009537044 0.08541265 1.0088272e-05 8.733061e-06 0.00016448073 0.002731639 1.1050051e-05 0.00028828095 0.27316093 0.10037121 0.14587444 0.023284245 0.025808414 2.6052905e-06 3.901257e-07 9.812647e-08 1.4722551e-05 8.332827e-08 1.7020419e-06 0.019614086 0.006747155 0.011749098 3.4122127e-07 0.013185531 0.060637105 5.2934887e-05 6.921582e-08 0.001681677 0.016710194 0.011126299 1.4221655e-07 1.3679148e-08 0.00018264356 0.0005717707 6.4332056e-08 0.00013292482 0.010192201 8.616037e-08 0.0011326476 0.0084881885 1.5846146e-06 0.008124133 0.00015848293 0.004331941 0.0030071635 0.00065160036 1.2460697e-06 6.0845923e-07 9.841428e-06 2.4788656e-07 1.7984509e-07
0.9978012 0.29788053 0.051360376 0.17983168 0.42570105 0.00014045685 0.0017063548 0.00018192006 6.3012355e-19 0.9066457 0.05614489 0.112284794 0.021491425 0.01008392 0.009735111 0.62087655 0.017845772 0.19750194 0.00025020022 0.006147029 0.0017128282 0.8185268 0.00047370297 0.009210147 0.008799995 5.4632197e-05 0.101164915 0.012781329 0.037543073 8.172214e-05 0.012335085 0.0229691 0.081397794 0.0050306176 0.00016374703 0.08475741 0.1202092 0.3429966 0.0007002585 0.00036969734 6.221445e-05 0.0068185716 0.18063556 0.034832675 0.14021187 0.0038318143 0.16488089 0.00033848648 0.00010682998 0.0007065396 0.14798135 9.633529e-05 0.00027547838 0.601048 0.1714841 0.00014484345 0.09521425 0.057872154 3.4742457e-06 7.376726e-06 3.9764445e-06 6.854335e-05 5.7563716e-07 0.39605966 0.004256737 0.31688434 0.0009858207 0.0051977094 0.15380913 1.2365638e-06 0.00044873505 6.5236446e-07 0.0026268647 4.9634787e-06 0.000110629524 0.029718941 0.030183405 3.6458442e-07 2.7996934e-05 1.1044293e-06 1.4235769e-05 0.0014817441 2.0813322e-06 1.6836128e-07 0.03566369 2.315511e-05 6.4218193e-07 0.003805345 3.578742e-07 0.0021566283 0.000785702 1.483508e-07 1.2176027e-06 1.00650446e-07 0.00041135662 0.00059168023 0.016779484 0.00010634807 0.060602125 8.999171e-05 0.00084739656
0.9716452 0.35196006 0.049017016 0.35187244 0.38999602 0.00020498109 0.003534882 0.00024044246 0.9066457 4.657115e-20 0.053710353 0.09938951 0.006859397 0.010344706 0.007463913 0.5000986 0.016068589 0.09352807 0.00016656997 0.012035723 0.004028488 0.8706406 0.00024520347 0.0036462757 0.0099279145 1.8930905e-05 0.14200859 0.0013723616 0.050009143 2.2180266e-05 0.008252274 0.024464639 0.06548375 0.0008174833 0.000106614934 0.093082264 0.25017548 0.28767326 0.00031644953 0.0016094062 6.594481e-06 0.0031629372 0.15651588 0.031296726 0.2921208 0.00025989252 0.12953222 3.6770662e-06 1.4468116e-05 0.0002857466 0.049398623 9.813083e-07 0.00012575364 0.57313776 0.08273322 6.830531e-05 0.08784712 0.016722964 1.0660247e-07 1.3259631e-07 4.1806526e-08 2.619966e-06 9.160133e-08 0.328515 0.008145269 0.18916658 0.00061468064 0.0051563387 0.089177296 3.4251167e-07 9.549958e-05 7.801048e-08 0.0040584747 1.8228926e-06 0.00011973466 0.0066940924 0.012698003 1.3610058e-07 8.530097e-05 7.690112e-07 9.008203e-05 0.00323749 4.878909e-06 2.9363049e-08 0.010447777 1.12907555e-05 4.4259977e-07 0.004744462 3.5851227e-07 0.0003692594 0.0011127488 7.563675e-08 5.9582876e-06 9.482378e-08 0.0001445724 0.00015015915 0.0028423653 2.5562218e-05 0.0121002365 8.407731e-05 0.0005346627
0.9965256 0.358631 0.32938018 0.49708736 0.13929383 0.0023111266 0.005554795 0.001694431 0.05614489 0.053710353 3.2016557e-18 0.97504437 0.22891313 0.0011413483 0.024426587 0.0015222802 0.058380444 0.0009053325 4.743166e-05 0.0010112749 0.0009795725 0.007765091 4.2077383e-05 0.009488042 0.00024373976 2.1829874e-05 0.5211584 0.012116553 0.7061686 3.4512748e-06 0.07558135 0.5403897 0.1061479 0.01389059 5.604141e-06 0.04185717 0.43722618 0.0004712776 4.3882696e-06 5.791774e-05 2.169645e-06 0.035770696 0.08225355 0.1627562 0.030263338 0.004498408 0.034615736 0.00043447275 0.00013776566 0.0029484641 0.0003842291 0.00086707016 0.005579307 0.010748987 0.0004131626 0.0009657952 0.00018773365 0.00012771375 7.976329e-07 2.5914596e-05 1.1586038e-06 9.182379e-05 2.5278746e-07 0.00055992237 0.0029767642 0.00048608615 0.03994103 0.0008226854 0.000786673 6.7510773e-06 0.0022445219 8.7015985e-07 0.0009542207 7.182171e-05 4.88656e-06 1.8884239e-05 0.0006948823 9.919004e-06 1.9215593e-06 5.614845e-06 0.0023245707 0.00010982337 7.111249e-05 1.3620427e-06 0.00035459295 0.00076603435 1.0054305e-06 0.00014605146 3.3190931e-06 0.00018375962 0.004828477 7.710152e-07 1.918819e-05 3.2877907e-08 3.0879842e-06 1.3698207e-06 4.4197063e-06 0.00094163924 5.0988514e-05 0.000398336 0.00031643081
0.9755422 0.24017353 0.3447844 0.33314502 0.13857132 0.0010179888 0.0044050296 0.0010929626 0.112284794 0.09938951 0.97504437 2.692108e-14 0.27733904 0.0007911702 0.05002934 0.004200151 0.1030747 0.0015439406 5.0524886e-05 0.0006288407 0.0016008248 0.022276772 0.00019162195 0.026847236 0.00023819691 2.073824e-05 0.61985767 0.035100076 0.6280002 2.0940745e-06 0.11992192 0.45003852 0.24388263 0.02643046 8.935608e-06 0.15482451 0.6321223 0.0037609232 1.9618345e-05 0.00018716163 4.869417e-06 0.072567865 0.38106412 0.362456 0.15192375 0.012720219 0.17767455 0.0007106205 0.0006144028 0.0067699426 0.0026191853 0.00151174 0.010292177 0.04272606 0.001915004 0.003477501 0.0015317745 0.00059826096 2.4901735e-06 7.6104494e-05 6.675296e-06 0.00040156167 3.669837e-07 0.003551834 0.0072774407 0.0051967455 0.052205104 0.002734682 0.0057073254 1.4671155e-05 0.014668288 6.28918e-06 0.00236413 0.0001980434 2.1574766e-05 0.00011029769 0.0027825274 1.7721617e-05 1.7199722e-05 8.913633e-06 0.0021544748 0.00061077083 0.00021030546 2.2468714e-06 0.0010548993 0.0011051596 5.863273e-06 0.00095077156 4.0537325e-06 0.00036312788 0.007098365 1.3250195e-06 6.115226e-05 1.1668013e-06 0.00012529753 9.732734e-05 7.816363e-05 0.0006433715 0.00096189324 0.0010305574 0.0007994237
0.9964874 0.2507717 0.57814264 0.29189548 0.1574407 0.006443236 0.017139353 0.0030119221 0.021491425 0.006859397 0.22891313 0.27733904 8.593152e-17 0.0001577674 0.7793985 0.00024137109 0.9023034 0.00011436454 2.8056886e-05 0.00040689157 0.0021336118 0.0009860157 0.0001261126 0.2852192 6.0017646e-05 2.2468465e-05 0.59359235 0.44191474 0.62945205 7.3055986e-07 0.79966736 0.3602668 0.008176673 0.54563123 1.3650322e-06 0.002650258 0.05475789 0.00011291741 4.4210026e-07 3.0897736e-05 2.9367027e-06 0.66867226 0.009378586 0.05756064 0.0017936424 0.027626364 0.001471049 0.0024429995 0.0011052719 0.13842225 4.0056242e-05 0.004043628 0.14281937 0.00024690377 3.1949603e-05 0.073892556 1.0437214e-05 3.981666e-06 5.1930024e-06 0.00030841582 3.6521884e-05 0.00082879193 6.2699655e-07 6.679823e-06 0.00012710973 4.991019e-06 0.1578043 6.589248e-05 5.3868214e-05 2.2074099e-05 0.11881748 1.3046077e-06 3.520122e-05 0.002134423 9.3779e-07 2.1722505e-07 1.6412652e-05 1.1786085e-05 1.5474112e-06 1.023051e-05 0.0077177235 6.1101864e-06 0.0098305615 7.816482e-07 1.4401845e-05 0.06860908 8.8756934e-07 2.3074099e-05 2.294843e-06 2.2198813e-06 0.002134785 1.1111782e-06 0.004276849 7.617954e-08 3.860223e-06 1.6126523e-06 7.8190845e-07 0.00408012 8.346213e-06 0.00021381622 3.706682e-05
0.99548715 0.16939002 0.0038223285 0.04392119 0.07015471 0.046897694 0.020860381 0.024290841 0.01008392 0.010344706 0.0011413483 0.0007911702 0.0001577674 5.2799468e-18 0.0008133761 0.09907081 0.0013560116 0.23115242 0.057699576 0.9544631 0.016726887 0.05042417 0.005262006 0.00076152664 0.49000788 0.010904175 0.0015365463 8.345827e-05 0.00019191127 0.011738101 0.000162976 0.00015238351 5.4437118e-05 1.3699796e-05 0.012951961 7.990681e-05 0.00047342273 0.10158894 0.065542564 0.020164937 0.0013171787 6.0167768e-06 8.991539e-06 8.343364e-06 2.785453e-05 0.00010669976 8.27808e-06 3.273919e-05 5.6660636e-05 2.3474272e-06 0.19597983 2.3627079e-05 2.208509e-07 0.00015732445 0.03204392 7.347385e-06 0.017319767 0.24266347 2.8731878e-05 4.5490684e-05 3.201744e-05 4.0129773e-05 1.499071e-05 0.00041273746 3.7643102e-07 0.00015055375 1.5045047e-05 4.294128e-06 0.0001386666 7.978159e-06 2.0609534e-05 2.2099692e-05 1.1819161e-06 2.3402229e-06 0.002380879 0.075270995 3.5199137e-05 1.628353e-07 0.0009538272 4.1327527e-05 1.3424659e-07 3.9858656e-07 6.0493846e-07 1.1904127e-06 2.022051e-05 8.1813914e-07 6.465024e-05 2.3827617e-06 1.5403982e-06 0.27535307 5.715122e-07 1.5043347e-06 4.0471443e-07 1.3145295e-05 0.10295302 0.06418941 2.5115345e-05 7.26411e-07 0.0019469138 2.9153611e-08 1.3320246e-06
0.9833294 0.2834651 0.84682673 0.43191153 0.07644342 0.02635577 0.15890868 0.028913958 0.009735111 0.007463913 0.024426587 0.05002934 0.7793985 0.0008133761 3.4315354e-18 0.0006672941 0.79254276 0.00019877285 0.0004975702 0.00085906277 0.13633549 0.0030409289 0.006807243 0.8333083 0.00020583459 0.0017396446 0.18099211 0.38740715 0.06164259 0.00026613896 0.74166757 0.044265993 0.00012935272 0.32513076 0.00041570532 0.0001663198 0.009717696 3.758969e-05 0.00021030246 0.0008712378 0.00012554835 0.182868 0.00036131847 0.00241355 6.006489e-05 0.07409046 5.7902438e-05 0.0023106262 0.0015297101 0.103301466 8.123962e-06 0.021463774 0.031209249 6.778173e-06 2.0942172e-05 0.043984592 2.4079618e-05 3.744271e-05 3.050572e-05 0.00083443994 8.075695e-05 0.0013204034 3.7659946e-05 2.3270459e-06 2.2780323e-05 1.4105512e-06 0.0033969416 1.6285054e-05 1.9854313e-05 0.0003192626 0.011090292 1.7116728e-05 2.7732709e-05 0.0017563396 0.00050408446 3.1652771e-06 1.4045035e-05 0.00029844572 0.00023863572 0.00037495312 0.0008511343 3.703562e-05 0.0055103847 5.697928e-06 2.1184831e-05 0.0043892264 6.148365e-05 3.7266374e-05 0.00016816641 0.00011108561 0.0004041897 0.00023776226 0.0019613819 5.650864e-06 4.846075e-05 1.1903633e-05 5.5060207e-07 0.0027295998 1.5599515e-05 1.9977522e-05 2.858792e-05
0.98340166 0.5317129 0.0194822 0.20823531 0.58388454 0.0010572675 0.002306351 0.00052441383 0.62087655 0.5000986 0.0015222802 0.004200151 0.00024137109 0.09907081 0.0006672941 8.4883746e-17 0.0020535795 0.91433847 0.00054547895 0.104374446 0.0040379385 0.7667491 0.0002830771 0.0005806593 0.051940344 2.5126606e-05 0.005341329 0.0001126135 0.002283062 9.199595e-05 0.00042052587 0.0011673196 0.0009677581 3.111362e-05 0.00055292406 0.0026796246 0.007387083 0.6954355 0.00084892847 0.0018020713 1.28238225e-05 4.5324698e-05 0.0046632574 0.0029287934 0.009156396 1.9161163e-05 0.0054347822 2.8578936e-06 9.977474e-06 4.171133e-05 0.27316356 1.0336962e-06 1.9933179e-05 0.18357714 0.4297365 2.7742735e-05 0.5490541 0.068208076 2.2340598e-06 3.4403132e-07 1.0870807e-06 1.8212357e-05 3.622504e-06 0.2761623 0.0003930888 0.11558011 9.767147e-05 0.0010666898 0.014109617 1.9004226e-06 8.8860514e-05 7.4927885e-07 0.00042781455 1.9496727e-06 4.9350387e-05 0.021708887 0.0057054213 7.241615e-07 8.233654e-05 6.5744503e-06 2.64005e-05 0.00027855928 1.1906585e-05 7.759808e-08 0.0058396324 6.1727886e-05 1.0206644e-05 0.0008059515 2.457386e-06 0.0048224893 5.5226188e-05 6.5826595e-07 4.9633413e-06 2.8290046e-07 0.00048115835 0.0011689377 0.008853237 0.00022681702 0.06817493 1.15560615e-05 0.0002271779
0.9400376 0.24844664 0.5337615 0.3651755 0.044885438 0.009020627 0.08309131 0.0155238 0.017845772 0.016068589 0.058380444 0.1030747 0.9023034 0.0013560116 0.79254276 0.0020535795 9.154753e-19 0.0004616878 0.00015997502 0.00089835265 0.07701883 0.006326592 0.0058038025 0.32790783 0.00010981416 0.00048148172 0.71067476 0.12839143 0.29471993 4.946814e-05 0.8779392 0.3739576 0.001159026 0.21764132 9.534806e-05 0.0009946835 0.081376165 5.5156186e-05 6.7546775e-06 0.0005593785 7.412866e-05 0.4265695 0.004156536 0.01837656 0.0021532045 0.044442896 0.0005770121 0.001832011 0.00047469966 0.15183575 1.1316153e-05 0.022322958 0.0877388 4.892111e-05 5.014791e-05 0.034736175 1.9685269e-05 1.6402873e-05 7.69561e-06 0.0007292078 2.5883275e-05 0.001488717 1.953707e-05 1.7707309e-05 0.00052391377 9.4003535e-06 0.06600399 0.00016912562 9.935056e-05 0.00011347153 0.018586176 4.1417784e-06 0.00011311898 0.004110196 0.00013273215 1.3985468e-06 8.4691865e-06 7.9279904e-05 3.4291566e-05 0.00027564945 0.0057984064 4.3609954e-05 0.013479659 6.027703e-07 1.8374009e-05 0.014275618 9.950972e-06 2.6020192e-05 2.400952e-05 5.8063848e-05 0.005385879 7.6152784e-05 0.0036544846 8.660345e-07 4.2261046e-05 2.0376876e-06 1.2933829e-06 0.003772776 4.776767e-05 8.2516955e-05 2.7960645e-05
0.98076016 0.39345938 0.010848812 0.06875631 0.70550424 0.0008585713 0.00058011216 0.00030316872 0.19750194 0.09352807 0.0009053325 0.0015439406 0.00011436454 0.23115242 0.00019877285 0.91433847 0.0004616878 2.2363781e-18 0.0005974359 0.34651637 0.0007234458 0.5245344 0.00016319187 0.00013954387 0.10572923 2.8638811e-05 0.0017507247 8.798069e-05 0.0014569532 0.00013003347 0.00013707278 0.00048935553 0.00031183386 2.6495234e-05 0.0004377386 0.0006943235 0.0015332776 0.84014267 0.0025419097 0.0014042108 9.453071e-06 2.4837424e-05 0.0010081338 0.00035617637 0.00062872586 9.768083e-06 0.0006188842 3.825395e-07 9.977706e-07 1.8063279e-06 0.6090328 4.4072685e-08 7.4547637e-07 0.01016774 0.6891552 1.4193629e-06 0.44792706 0.15109017 1.8664398e-06 2.6207955e-08 3.4544436e-07 5.9843495e-07 9.940115e-07 0.019467568 3.658694e-05 0.0036303164 3.900718e-05 0.00012955778 0.0023890864 7.901033e-08 8.363965e-06 4.3444118e-07 8.413835e-05 1.7917881e-07 0.00038643173 0.031490088 0.0011186695 1.2002653e-08 0.00021903792 1.4471433e-06 2.5924717e-06 4.8240578e-05 1.098947e-06 1.34570834e-08 0.0020510517 4.816773e-06 8.103858e-06 0.00029303384 3.7691777e-07 0.0058652787 1.25583865e-05 3.3606602e-07 1.192111e-06 5.337148e-07 0.0006229963 0.002540367 0.0027384923 5.5969384e-05 0.068764314 6.0505936e-06 3.212973e-05
0.99890125 0.036119837 0.0036290567 0.004164748 0.005255682 0.1252777 0.010876317 0.013765436 0.00025020022 0.00016656997 4.743166e-05 5.0524886e-05 2.8056886e-05 0.057699576 0.0004975702 0.00054547895 0.00015997502 0.0005974359 4.872565e-18 0.22390077 0.031202294 0.000121732766 0.018868426 0.0007842931 0.023021009 0.02194791 0.00029208718 0.00017046346 4.6487374e-05 0.33925053 2.2694694e-05 2.3971197e-05 4.368074e-06 1.025941e-05 0.7158151 6.6983324e-07 5.396895e-05 0.00020092286 0.80267197 0.818111 0.01915886 1.0117851e-05 4.715053e-06 3.1971836e-06 1.6662492e-06 0.00020431615 1.2417185e-06 0.0009205642 0.0031091007 3.9828547e-06 0.0011372981 2.071551e-05 2.6207442e-07 3.4396708e-05 0.0002230056 4.457371e-06 7.616679e-05 0.0055281646 0.0035258255 2.1829686e-05 0.0006161769 0.00013660925 0.0032418096 7.456595e-06 2.393653e-06 7.925503e-07 7.2005478e-06 2.7467195e-06 1.2600194e-05 5.0678635e-05 5.295233e-06 0.00068878924 2.377543e-06 8.860183e-07 0.64567226 0.0025750399 1.829202e-06 2.6872274e-06 0.20801558 5.0601993e-05 4.221758e-07 5.3902795e-07 2.7815614e-07 2.199905e-05 6.442178e-07 9.87253e-07 0.0017332581 7.555683e-07 7.439125e-05 0.2708627 2.8990104e-07 3.4379307e-06 2.392495e-07 0.00047127533 0.4019783 0.0022525096 6.008433e-06 3.4325544e-06 9.236957e-05 2.6936057e-08 4.5451934e-06
0.9426858 0.152565 0.003179833 0.04785409 0.06898506 0.09392437 0.034370933 0.04694354 0.006147029 0.012035723 0.0010112749 0.0006288407 0.00040689157 0.9544631 0.00085906277 0.104374446 0.00089835265 0.34651637 0.22390077 7.3610794e-18 0.034568124 0.040104177 0.011771125 0.0019487387 0.8029175 0.014172144 0.0021300693 0.00029126715 0.00011574233 0.025246901 1.7289962e-05 5.338441e-05 3.0984105e-05 9.731003e-06 0.057849772 1.2586911e-05 0.00031670075 0.04943665 0.34231824 0.09625613 0.0024462305 9.998063e-07 3.4345834e-05 4.3928967e-06 8.492528e-06 6.440839e-05 1.1425939e-05 6.2007966e-05 6.194726e-05 2.0187358e-06 0.3533353 1.3575802e-06 4.705771e-08 0.00010970299 0.0713343 8.5401007e-07 0.014308357 0.61106485 0.00011463645 2.668821e-06 1.959301e-05 2.248244e-05 7.693751e-05 0.00012276898 1.5382609e-08 2.740308e-05 4.2331878e-05 8.4167885e-07 3.0482455e-05 5.6684275e-06 2.8279526e-05 1.3300527e-05 5.0639375e-08 7.406559e-06 0.002598359 0.21377927 5.9721797e-06 2.1357236e-07 0.0009467173 3.8400198e-05 5.424785e-07 2.1727912e-07 6.74434e-06 5.1962394e-07 1.212366e-05 6.2659433e-07 0.00022510946 7.122091e-06 5.3227964e-06 0.7092963 5.6201816e-06 7.925722e-07 1.2972889e-06 3.478345e-05 0.32277772 0.24923998 1.4674877e-05 1.168231e-06 0.0025957387 5.9537268e-08 1.0040688e-06
0.929 0.36156657 0.22920352 0.39425072 0.015511969 0.38438538 0.78648645 0.7376393 0.0017128282 0.004028488 0.0009795725 0.0016008248 0.0021336118 0.016726887 0.13633549 0.0040379385 0.07701883 0.0007234458 0.031202294 0.034568124 7.370193e-23 0.00038161527 0.92220527 0.4322738 0.000788641 0.420425 0.05422155 0.060298372 0.0009558975 0.08858249 0.03332993 0.0026977414 8.920308e-06 0.0088467 0.019443786 2.420998e-06 0.0038815625 3.921783e-06 0.0043581817 0.026107918 0.2921393 0.004217531 4.30063e-05 7.436423e-05 2.0762107e-05 0.18652175 1.3546613e-06 0.36629522 0.4827621 0.011385319 1.8577408e-05 0.1772161 0.00062244845 3.431638e-06 1.6842465e-06 0.0144749405 7.702784e-06 2.9251187e-05 0.26793054 0.17534176 0.3352948 0.079694964 0.036985245 8.6910205e-08 1.2843503e-07 4.000102e-08 5.263747e-05 4.4129234e-07 4.2253066e-07 0.07584141 0.018314939 0.011321389 1.2141467e-07 0.032245897 0.020911282 4.5058522e-07 8.926068e-08 0.009500623 0.011788937 0.041368216 6.327995e-07 1.3823455e-08 0.013394099 0.001883088 8.7934376e-07 0.00034427014 0.025021615 2.7242189e-08 0.0061069857 0.0003648032 1.738859e-06 0.038790643 0.0013362623 0.002631066 0.00012387308 6.6934053e-06 2.2326463e-09 4.248506e-06 1.8668429e-07 8.195862e-09 1.8054625e-07
0.9277981 0.16709326 0.020938179 0.20312965 0.5536572 0.001037059 0.0033102517 0.0009188267 0.8185268 0.8706406 0.007765091 0.022276772 0.0009860157 0.05042417 0.0030409289 0.7667491 0.006326592 0.5245344 0.000121732766 0.040104177 0.00038161527 2.4482683e-17 0.0001400326 0.0021072228 0.029102761 3.564477e-05 0.03295107 0.0005636852 0.004244203 6.999617e-05 0.0016239714 0.006794434 0.007220576 0.00018719945 0.00044760096 0.017777996 0.20250267 0.21366632 0.00019382472 0.00036661015 1.8252122e-05 0.00033690184 0.06350848 0.015841125 0.34262902 4.3105585e-05 0.07430382 3.0837668e-06 1.6021037e-05 6.227043e-05 0.039624687 1.1971798e-06 5.5765435e-05 0.7431183 0.117590636 1.856997e-05 0.1704428 0.019454958 1.9147926e-06 1.3381955e-07 5.035124e-07 2.5074457e-06 2.349992e-06 0.62793756 0.003057052 0.34414974 0.00022217387 0.0049139434 0.1477152 3.838899e-07 1.52468165e-05 1.0860683e-06 0.0029114122 3.6280545e-07 8.203901e-05 0.002980487 0.021039467 5.062033e-07 5.2086383e-05 3.84453e-07 2.5964093e-05 0.002011451 6.240496e-07 6.308463e-08 0.017036062 6.231751e-06 2.6906046e-06 0.0056829173 6.987638e-07 0.0006152601 0.0001484055 1.984605e-06 6.119937e-06 4.6687882e-07 3.9138155e-05 0.0010876434 0.004751483 4.430102e-05 0.01003652 4.50048e-05 0.000196899
0.97609085 0.16505152 0.095378086 0.06271025 0.019525895 0.4958898 0.29630297 0.6427574 0.00047370297 0.00024520347 4.2077383e-05 0.00019162195 0.0001261126 0.005262006 0.006807243 0.0002830771 0.0058038025 0.00016319187 0.018868426 0.011771125 0.92220527 0.0001400326 6.3064722e-21 0.069886304 0.0008133319 0.6231325 0.0035119238 0.019318411 3.458917e-05 0.036420777 0.0020665904 9.095503e-05 1.7273488e-06 0.0013969813 0.009819501 5.2762914e-07 0.0002621698 6.4899183e-07 0.006027103 0.010629768 0.23425394 0.00073035795 2.277699e-06 9.873184e-06 1.1065686e-06 0.15870479 1.0600064e-06 0.58550364 0.82125795 0.0006943579 7.0008755e-06 0.08590759 7.877022e-05 2.3877844e-06 1.9480929e-06 0.0010205365 9.858736e-07 1.8227598e-05 0.32516485 0.26363546 0.5302795 0.111266874 0.05229864 9.674088e-08 6.3042677e-07 5.0465223e-09 6.5857075e-06 4.2973417e-07 6.790035e-07 0.14713192 0.008462796 0.0371672 3.9951e-08 0.034651175 0.012443847 3.146276e-07 2.7211394e-08 0.006681002 0.011738883 0.10136425 2.9654214e-07 2.3839275e-08 0.0004127095 0.0030045363 5.555698e-07 0.00029459232 0.023211448 3.282377e-08 0.01230303 0.0013546323 6.203612e-07 0.08581491 0.0006004874 0.011743201 0.0002217816 2.9080014e-05 1.1468946e-06 9.5283385e-06 6.4466244e-06 9.227065e-08 9.929272e-06
0.9739307 0.26882106 0.48296687 0.23812276 0.09694045 0.062428724 0.46109304 0.13893956 0.009210147 0.0036462757 0.009488042 0.026847236 0.2852192 0.00076152664 0.8333083 0.0005806593 0.32790783 0.00013954387 0.0007842931 0.0019487387 0.4322738 0.0021072228 0.069886304 3.397225e-20 0.00023995385 0.007041063 0.06106843 0.9416459 0.01775127 0.00116332 0.5400619 0.02837416 3.9860257e-05 0.72917885 0.0011200029 2.8291232e-05 0.008910352 7.176629e-06 0.0001533682 0.0018336907 0.00040525224 0.2566407 0.00027380497 0.0010036438 3.966391e-05 0.35928735 1.4173806e-05 0.031939052 0.004295619 0.4034179 1.1968379e-07 0.16413581 0.085472964 2.6979546e-07 6.43435e-07 0.2749344 8.3089617e-07 4.0941495e-06 0.00016188146 0.012694242 0.00037802046 0.015608945 3.2735006e-05 1.6976859e-08 4.785389e-07 3.0987664e-08 0.0042686686 1.7522262e-06 2.8285703e-07 0.0016432004 0.12637809 8.574348e-06 5.673822e-07 0.021588733 0.00021220572 1.3374822e-07 5.5326234e-07 0.00093887735 2.857794e-05 0.00050603395 0.0007147103 6.92496e-07 0.053201452 4.9234836e-07 9.552672e-07 0.06326519 1.817332e-05 3.908968e-06 1.737489e-05 3.6493682e-05 0.00047585595 0.000104512634 0.032136504 2.0165933e-07 2.1735138e-06 1.17072545e-07 2.515011e-08 0.005683281 1.3489534e-07 1.4441061e-06 2.5808788e-05
0.9952786 0.09061406 0.0009380513 0.009805278 0.0785576 0.0025510602 0.00042569355 0.0005099939 0.008799995 0.0099279145 0.00024373976 0.00023819691 6.0017646e-05 0.49000788 0.00020583459 0.051940344 0.00010981416 0.10572923 0.023021009 0.8029175 0.000788641 0.029102761 0.0008133319 0.00023995385 4.9021178e-17 0.0004691339 0.00053558353 0.00023086813 0.00022854845 0.0025973383 5.103653e-05 4.7097426e-05 0.00013374217 1.9007735e-05 0.0035117732 0.0001267299 0.00034525688 0.14603317 0.023892242 0.005736933 0.0005322271 3.7666803e-05 0.00015317189 5.7102516e-05 2.315215e-05 0.00036373202 0.00028604432 0.0005221786 0.00065397227 2.1597309e-05 0.45782566 7.533677e-06 6.6750285e-06 0.001238011 0.10988718 3.171745e-05 0.027919034 0.9052182 5.1287952e-05 1.2599809e-05 4.2353564e-05 0.00031408484 3.437457e-05 0.002129335 9.011228e-07 0.00044271376 2.1689737e-05 2.0308598e-05 0.00042729956 2.3376078e-05 0.00012450671 3.2430646e-05 2.2140669e-06 1.1651802e-06 0.004182992 0.7475985 0.00011084349 1.0104346e-06 0.0005287419 3.638028e-06 9.814468e-07 1.9495646e-06 1.3089739e-05 1.4227427e-06 0.000267148 2.5797272e-05 3.7287915e-05 1.9950467e-05 1.7758778e-06 0.5232493 5.1949837e-06 3.3501694e-06 3.1323143e-06 5.599253e-06 0.111878425 0.25722256 0.0002040019 3.5199591e-06 0.05952646 4.1991913e-07 7.4803946e-05
0.97808963 0.08992801 0.022836423 0.006909215 0.008550781 0.8766016 0.09121834 0.40642804 5.4632197e-05 1.8930905e-05 2.1829874e-05 2.073824e-05 2.2468465e-05 0.010904175 0.0017396446 2.5126606e-05 0.00048148172 2.8638811e-05 0.02194791 0.014172144 0.420425 3.564477e-05 0.6231325 0.007041063 0.0004691339 2.6014088e-18 0.00020449999 0.0016320776 1.4197806e-05 0.35921252 9.0338835e-05 1.3337591e-05 2.2410418e-06 8.341593e-05 0.02987207 5.38753e-07 9.4090265e-06 6.928745e-07 0.0069771977 0.03226679 0.9063673 9.082948e-06 3.2570667e-06 1.340446e-05 4.5208137e-07 0.012517608 1.5412584e-07 0.06581383 0.20023942 1.975717e-05 2.1137455e-06 0.004521448 2.1982244e-06 7.751092e-07 1.6631526e-07 6.955022e-05 3.1219523e-07 1.4163145e-05 0.57068443 0.0138514275 0.31230247 0.007410205 0.19360943 7.1355206e-09 6.253523e-08 1.5699851e-09 1.9431359e-07 7.474543e-08 5.2744777e-08 0.017649163 0.00030400776 0.05010352 1.3538231e-08 0.0019474308 0.18370734 8.256733e-07 9.661437e-08 0.00068731734 0.118071645 0.023943512 9.7937246e-08 2.0036506e-08 6.4436804e-06 0.0052312165 1.6132153e-06 4.959178e-06 0.13497348 2.325139e-07 0.006722543 0.005826627 8.176879e-08 0.01373749 1.7683531e-05 0.06314637 0.0019893395 0.00031601556 1.1655713e-06 2.4614953e-06 4.067398e-06 7.0212415e-08 1.5466447e-05
0.94881713 0.31222126 0.46192577 0.64594275 0.094530135 0.0076880525 0.09752677 0.021040503 0.101164915 0.14200859 0.5211584 0.61985767 0.59359235 0.0015365463 0.18099211 0.005341329 0.71067476 0.0017507247 0.00029208718 0.0021300693 0.05422155 0.03295107 0.0035119238 0.06106843 0.00053558353 0.00020449999 1.9092104e-16 0.015923621 0.9256726 8.508689e-05 0.6270751 0.9155715 0.010898603 0.022309223 0.00017400236 0.009316914 0.49127138 0.0002054743 1.3729394e-05 0.0002182031 3.4351633e-05 0.12480004 0.021546224 0.12455398 0.014875137 0.006421437 0.004458985 0.00022866749 0.0002167939 0.022748891 6.19381e-05 0.0046175914 0.03803723 0.0003023588 0.00015639758 0.0039189514 0.000176956 0.00016092234 1.02456725e-05 1.1048165e-05 1.7643792e-05 0.000510683 2.2234608e-05 0.00013918767 0.008312399 0.0002308798 0.115979485 0.0018629286 0.00039838956 6.6013904e-06 0.0031487632 2.6844098e-06 0.0015424866 0.0005543615 0.00013288806 5.876255e-06 0.00030855113 1.3567616e-05 3.051279e-05 1.6127824e-05 0.007479835 0.0005335235 0.0021719392 7.329724e-07 0.0003663365 0.0027460947 7.5632133e-06 0.0011642477 3.534152e-05 0.00014367899 0.0166147 2.1734111e-05 0.0026321877 8.943327e-07 1.4047031e-05 7.143062e-06 7.616421e-06 0.0052343435 0.00022244356 0.0006002707 0.00036693108
0.98113716 0.08492205 0.36809683 0.045357034 0.11500542 0.01578273 0.123303995 0.029903773 0.012781329 0.0013723616 0.012116553 0.035100076 0.44191474 8.345827e-05 0.38740715 0.0001126135 0.12839143 8.798069e-05 0.00017046346 0.00029126715 0.060298372 0.0005636852 0.019318411 0.9416459 0.00023086813 0.0016320776 0.015923621 4.484594e-16 0.030628666 2.503187e-05 0.2797797 0.01567511 1.767827e-05 0.9342258 4.2189407e-05 1.2009323e-05 0.0019159319 3.4769107e-06 1.8586057e-05 0.00019721113 0.00010114566 0.23711835 8.3725805e-05 0.00085434655 1.990425e-05 0.3193686 7.228178e-06 0.04477799 0.006228698 0.46560413 1.4425802e-07 0.1423222 0.05864482 2.2607283e-06 6.3985703e-07 0.55597275 5.07176e-07 6.788766e-07 0.00012584624 0.011378339 0.00035639692 0.018985994 1.3844453e-05 1.734422e-08 1.3616426e-06 4.000146e-09 0.0093307495 4.409699e-06 2.0297414e-06 0.0014742622 0.5308068 1.0293466e-05 8.776038e-07 0.08028397 1.7596338e-05 7.514722e-09 3.5091614e-07 0.0016989714 3.5757777e-05 0.0003835322 0.00059176824 1.1573526e-06 0.273197 4.473502e-06 1.5425695e-06 0.40807897 1.1336103e-05 8.150101e-07 2.5436979e-05 1.30892395e-05 0.00080731994 0.00010610757 0.20773152 1.3121628e-06 6.575647e-06 1.3401744e-06 1.5415018e-06 0.0033130816 3.555987e-06 1.1024547e-05 3.2169155e-05
0.94416994 0.07468886 0.19465017 0.10347967 0.06542839 0.0038733385 0.01868695 0.006660518 0.037543073 0.050009143 0.7061686 0.6280002 0.62945205 0.00019191127 0.06164259 0.002283062 0.29471993 0.0014569532 4.6487374e-05 0.00011574233 0.0009558975 0.004244203 3.458917e-05 0.01775127 0.00022854845 1.4197806e-05 0.9256726 0.030628666 1.0775314e-15 1.047763e-06 0.4153465 0.9310428 0.112168975 0.05825635 8.467679e-07 0.04663409 0.45914304 0.00014230957 9.0899576e-08 1.9366414e-06 3.3247895e-06 0.4630916 0.13288078 0.5063381 0.028291715 0.0041389596 0.02657141 0.00035969587 0.00011756388 0.056129336 1.034752e-05 0.00078734366 0.20869131 0.000885143 1.7245302e-05 0.010270214 3.3643995e-05 4.840595e-06 1.0200625e-06 1.5058771e-05 2.3917912e-06 0.00020222816 6.8747926e-07 7.550519e-05 0.021960942 8.133617e-05 0.77359 0.0028845887 0.0003218031 3.4311015e-06 0.008902848 6.13909e-07 0.003711546 5.921736e-05 1.5017395e-07 5.9266366e-08 0.00017603076 3.7950194e-06 6.908778e-07 7.6360686e-07 0.15018898 0.00046856786 0.0025290914 9.126823e-08 0.00010964766 0.012285818 9.08183e-08 0.00029287656 3.3000185e-07 5.3983615e-07 0.09184314 2.3781566e-07 0.0002579586 3.9324043e-08 7.2448216e-07 3.6295324e-07 1.025452e-05 0.045593385 0.00015829534 0.016240155 0.0005723662
0.9652723 0.033416223 0.010213865 0.005270172 0.0082790125 0.4568263 0.01222228 0.057337336 8.172214e-05 2.2180266e-05 3.4512748e-06 2.0940745e-06 7.3055986e-07 0.011738101 0.00026613896 9.199595e-05 4.946814e-05 0.00013003347 0.33925053 0.025246901 0.08858249 6.999617e-05 0.036420777 0.00116332 0.0025973383 0.35921252 8.508689e-05 2.503187e-05 1.047763e-06 2.966156e-19 7.181504e-06 2.2933322e-07 8.0424954e-08 5.3290665e-07 0.9602325 2.468696e-08 6.2764425e-06 1.5301873e-06 0.10950281 0.21231118 0.5094194 3.4530305e-07 6.737879e-08 8.061109e-08 1.2007501e-07 0.00073207164 1.6255951e-08 0.0020395087 0.01011262 4.877232e-07 2.1366006e-06 0.00024483894 3.6076565e-07 2.5896335e-07 1.18896665e-07 8.4776497e-07 2.432926e-07 2.7181606e-05 0.067531265 0.00021736485 0.0081268065 0.00029266492 0.07744947 4.5522532e-09 9.054618e-09 7.5264805e-10 7.3704605e-08 4.339155e-08 1.0407088e-07 0.00023538186 1.678245e-06 0.003855095 9.922252e-09 1.1763553e-06 0.79428315 1.917618e-06 3.8316877e-08 2.013746e-06 0.5604884 0.00026524274 1.3373827e-07 1.4432993e-08 1.9111029e-07 0.00047821752 6.4697235e-07 6.026335e-07 0.068935096 2.6494536e-08 0.00027695062 0.015085962 3.7368775e-08 9.24525e-05 3.317487e-07 0.23332177 0.007753965 0.0003612751 4.3338727e-07 1.841333e-06 8.5454e-08 6.8178224e-08 1.7507865e-06
0.87626284 0.08500227 0.29874232 0.1183919 0.039647568 0.0029218122 0.055997632 0.011206524 0.012335085 0.008252274 0.07558135 0.11992192 0.79966736 0.000162976 0.74166757 0.00042052587 0.8779392 0.00013707278 2.2694694e-05 1.7289962e-05 0.03332993 0.0016239714 0.0020665904 0.5400619 5.103653e-05 9.0338835e-05 0.6270751 0.2797797 0.4153465 7.181504e-06 9.772104e-18 0.56904984 0.00046321354 0.5634629 1.0468347e-05 0.0003448672 0.051383562 1.2155556e-05 6.789329e-07 2.30092e-06 1.3030367e-05 0.85654205 0.0011486999 0.00959625 0.0005965273 0.035199292 0.00021720593 0.0008496951 0.00015422225 0.44537947 2.1313745e-06 0.010280798 0.46438015 2.1718757e-05 1.5936304e-06 0.113883935 2.2563622e-06 2.4852172e-06 7.1957775e-06 0.00017018667 5.0485223e-06 0.0006927821 3.001436e-07 2.878621e-07 0.00016322813 6.2636366e-07 0.15542485 2.1008665e-05 6.892087e-06 5.1215347e-06 0.054001193 2.8019127e-07 7.714319e-06 0.0033603723 2.0888108e-06 7.244309e-09 1.4610564e-06 1.0410364e-05 7.942096e-07 6.688933e-06 0.01237071 1.3163817e-06 0.025802411 1.8444876e-08 1.4612905e-06 0.047229502 2.5155737e-07 7.2941853e-06 2.9704543e-07 9.1048844e-07 0.008601658 1.4664657e-06 0.013511668 3.5695285e-09 5.7830084e-07 1.46299985e-08 5.6160414e-09 0.016923541 4.2408956e-06 7.723046e-05 2.997144e-06
