1.3535234e-23 0.55354863 0.74287754 0.884387 0.5661032 0.98591536 0.95904773 0.74191415 0.9425818 0.9379231 0.53349316 0.88646793 0.23538937 0.24425517 0.9904261 0.9347122 0.8322886 0.92496306 0.71769226 0.39202186 0.22969401 0.07049751 0.9728196 0.9562353 0.84167296 0.7796323 0.9492709 0.2663037 0.5714117 0.67647177 0.9103622 0.8522436 0.8926858 0.16533746 0.89138895 0.91019034 0.9675961 0.42520478 0.9665095 0.6750812 0.27320522 0.909977 0.9091875 0.7022657 0.0022831548 0.00064070465 0.0015734307 0.9195926 0.32996497 0.9674139 0.9148534 0.0047861175 0.808693 0.0037394627 0.0037952915 0.0001382177 0.012151465 0.97270167 0.95762146 0.9997004 2.0713673e-05 0.09081292 0.97776085 0.3295019 0.8214524 0.30596063 0.99191815 0.0010075258 0.06051733 0.9682619 0.7001741 6.9116926e-05 0.9004167 0.9613741 0.998844 6.778518e-07 3.9297124e-06 8.54494e-07 0.9978886 0.1370658 0.8509442 0.008910714 0.0007685329 3.376765e-07 0.9877415 0.03559328 0.00551594 0.01905667 0.9301229 0.5955196 1.1939098e-06 0.9998438 9.89503e-07 0.00060935185 0.29793918 0.9944438 0.0027545472 0.99598354 0.999967 0.9960778 0.108239725
0.55354863 3.4280568e-17 0.66293854 0.15612039 0.624615 0.04748138 0.97989017 0.06474429 0.2522322 0.5770691 0.974103 0.5350909 0.25245678 0.003221713 0.001286251 0.15213169 0.12226051 0.09058129 0.09852901 0.012135142 0.50328404 0.47996032 0.014170975 0.01453537 0.12625258 0.00025876035 0.25950763 0.0008474268 0.0059698597 0.0013310094 0.010281023 7.575702e-06 0.019005325 0.4765526 1.5627182e-05 0.0027573702 0.0026616028 0.000676496 0.00039779104 0.0016074833 0.0075740735 0.0045733023 9.5667034e-05 0.00018189626 0.21658203 0.1073522 0.010596574 5.8723697e-05 0.00017367757 0.011011015 0.006735756 0.000208111 0.00011393367 0.008202368 0.009320829 0.007059204 2.144551e-07 0.009216257 0.0037918107 4.7271213e-05 0.006847243 0.0007057762 0.001797876 0.00025212386 4.74199e-05 1.9798958e-06 0.0037366056 2.125269e-06 0.00053585815 2.9974015e-06 0.0009908477 0.005817074 5.1801693e-05 0.00043729192 0.00051192666 0.00011446319 0.0004227423 2.3341883e-05 0.0052437317 1.1518613e-06 2.6669775e-05 1.1990411e-06 3.0765611e-06 7.313508e-06 0.00065142487 7.456032e-08 8.408308e-07 2.0151744e-07 5.1649706e-05 3.1486456e-06 2.3084092e-05 0.0017884141 2.7679494e-07 2.8868906e-05 1.7106095e-06 1.4767232e-06 5.3552685e-07 1.9251195e-06 0.0013256561 4.5366298e-05 8.4679505e-06
0.74287754 0.66293854 1.535499e-16 0.95427775 0.95087534 0.8042005 0.07616704 0.8438942 0.9026032 0.477397 0.013102061 0.32115167 0.4463989 0.114861034 0.05221443 0.0021053303 0.0001685042 0.0031515465 0.033095345 0.20811479 0.0043681096 0.101156555 5.6024815e-05 0.27739477 0.06591128 0.008678126 0.13182525 0.014684196 0.00038036323 6.136204e-05 0.0028623098 0.00012770266 0.10291277 0.061896585 7.852376e-05 0.0003473308 0.000114590424 2.7002403e-05 0.00053895684 0.00013552597 5.532735e-05 0.025344027 7.366371e-06 0.00040882328 0.032596413 0.019456813 0.00011419072 8.48994e-05 0.0029506076 0.09586614 0.0026816109 0.0023090413 0.0001323792 0.048649985 4.317322e-05 0.011238499 1.7521486e-05 0.0517008 0.007273188 6.1412125e-06 0.0038807997 8.614863e-06 0.0074183117 4.1431867e-05 1.6721431e-05 2.4319703e-05 0.0032785542 3.7551566e-05 5.0417693e-05 8.581473e-06 3.7059894e-05 0.00091688515 3.9014805e-05 0.004241062 0.0027189439 0.00061269954 1.4756359e-05 1.2405727e-06 0.011063318 4.4647777e-06 0.00066047726 9.532037e-06 9.066569e-07 5.6686247e-07 0.006000057 1.7120701e-06 9.359504e-07 3.1055694e-07 7.6532524e-07 1.4555102e-06 4.5817465e-06 0.00034613645 6.2980005e-05 1.2879381e-05 3.5276512e-06 0.00010675626 5.864892e-07 2.5050197e-06 0.0015769467 0.0018747129 9.944994e-06
0.884387 0.15612039 0.95427775 4.853182e-17 0.7425337 0.7646722 0.01961213 0.9474475 0.8929007 0.2754146 0.002030797 0.121595606 0.34494406 0.20875047 0.20210779 0.0003116097 1.6733124e-05 0.0008731875 0.012247694 0.31332842 0.0010663162 0.043599695 5.2432033e-06 0.62076473 0.014165382 0.08722438 0.022609793 0.09263326 8.112036e-05 8.705562e-06 0.0005057144 0.0015877384 0.11015825 0.020713003 0.0003227756 2.841036e-05 1.0328395e-05 1.480055e-06 0.003443143 3.186598e-05 3.4389705e-06 0.11175772 6.626592e-07 0.00346254 0.010355662 0.005780156 1.9257155e-05 0.0002723305 0.018218458 0.14738022 0.0017988348 0.0039691664 0.00044563235 0.05822801 2.0415837e-06 0.007048178 6.20428e-05 0.05852343 0.009464293 9.228064e-07 0.0012393194 1.8581572e-07 0.010551443 5.119801e-06 1.823716e-05 1.6204402e-05 0.003071777 0.00034009042 1.5871344e-06 1.4212083e-05 3.73552e-06 6.1496205e-05 0.00011458365 0.009406407 0.0042390036 0.0005424028 7.353344e-06 3.8952751e-07 0.009373029 4.3627676e-07 0.0014550344 4.7266453e-06 1.457956e-07 1.0287955e-06 0.011098623 3.965538e-06 2.629717e-07 2.524662e-08 3.2635366e-08 1.7020956e-06 5.209222e-06 0.00011242667 0.00016588434 3.001692e-06 2.1406247e-06 0.00048342565 4.2139746e-07 6.560871e-06 0.0015359118 0.0016997833 2.4308687e-05
0.5661032 0.624615 0.95087534 0.7425337 3.132004e-17 0.91842806 0.03706234 0.91489923 0.54448605 0.19917256 0.018202592 0.1141757 0.8910568 0.48946115 0.13312063 0.0012982661 6.826707e-05 0.00027712338 0.007877083 0.82118106 0.007369287 0.57685065 2.6128033e-05 0.028601605 0.014655823 0.04431764 0.06304677 0.10998954 6.3852334e-05 5.074516e-06 0.00067161856 0.00022615565 0.006923633 0.12764362 0.00021249814 0.000118925534 5.650231e-05 3.1981779e-06 0.0017586014 1.3059066e-05 1.8363937e-05 0.011850036 1.7379505e-06 0.0002155594 0.10398064 0.06193119 0.0005255644 6.386311e-05 0.0055240095 0.050466504 0.0006243911 0.014259427 0.00014307366 0.13749409 2.765311e-05 0.050478797 3.549731e-05 0.012886919 0.00055810873 2.4302477e-07 0.009479835 1.1173394e-06 0.0012096255 1.0847593e-05 7.057301e-05 1.7130544e-05 0.000517496 0.00017297061 8.0681576e-07 6.611985e-05 7.183449e-06 0.0014495143 0.00016894088 0.0014883331 0.00073107745 0.0017857563 1.3876468e-05 1.8499522e-06 0.000991777 4.6080007e-07 0.00044057917 3.9349743e-06 7.5218956e-08 1.5447381e-06 0.0037573816 2.6504864e-07 1.1099692e-07 1.8844073e-08 2.9131602e-06 2.3837868e-06 3.2041737e-06 6.706559e-05 8.598943e-05 6.3161924e-06 4.6105442e-06 3.230215e-05 1.6553784e-07 1.1779052e-05 0.00017814687 0.00053558074 1.2856053e-05
0.98591536 0.04748138 0.8042005 0.7646722 0.91842806 1.0997823e-14 0.007374979 0.92823344 0.69182616 0.102654554 0.0012544352 0.044485625 0.79746115 0.2853846 0.27306512 0.00014209557 5.2299843e-06 9.957517e-05 0.001708096 0.6859221 0.0009822475 0.21173783 7.807926e-06 0.19698294 0.0045460546 0.04393172 0.010419279 0.13563927 8.679333e-06 1.1345724e-06 0.00014226833 0.00035745327 0.008770036 0.10366398 0.0001225437 1.6368667e-05 3.5090495e-06 4.9719733e-06 0.0017737115 5.6027943e-06 3.790182e-05 0.022959339 2.2645584e-06 0.0006588007 0.11452937 0.059690826 0.00012168831 0.00013415427 0.08646824 0.12599997 8.586766e-05 0.03705499 0.00014407032 0.40444928 1.6711929e-05 0.11384604 0.00017809319 0.031480517 0.0006525786 2.400477e-06 0.013377899 1.595717e-06 0.001885585 4.60661e-06 4.7283476e-05 4.6038767e-05 0.00032073047 0.0019087826 2.8149764e-06 5.8834805e-05 2.466056e-06 0.0025642244 0.00015822439 0.0020151448 0.0005216998 0.0031065238 6.2313948e-06 1.1833157e-06 0.0013528321 2.171353e-06 0.00029935734 5.7698785e-06 6.042538e-06 2.3601278e-06 0.005777646 3.500399e-06 4.4403873e-06 6.083568e-08 2.2887656e-07 4.889804e-06 4.858215e-06 2.2625929e-05 0.0008234695 7.772214e-06 1.2486005e-05 7.525158e-05 5.5394503e-07 2.3025257e-05 0.000958932 0.00048337842 4.503584e-05
0.95904773 0.97989017 0.07616704 0.01961213 0.03706234 0.007374979 2.2750484e-17 0.0042562135 0.11280887 0.7189262 0.6778189 0.83455765 0.014680548 0.0007495087 0.0003428436 0.67808414 0.41961357 0.49340108 0.2520839 0.00058675307 0.3066077 0.051111203 0.09362877 0.0065419334 0.4157574 2.5025174e-06 0.6974422 4.5577573e-05 0.045132283 0.0077234665 0.055207867 1.703405e-07 0.05203169 0.48253065 5.95231e-07 0.013175688 0.06003414 0.004210914 0.00010890212 0.0015365448 0.04580343 0.009387834 0.00026921835 2.3828174e-05 0.08840735 0.07633076 0.016128302 9.722155e-06 5.2373166e-06 0.038361292 0.08715821 1.7903296e-05 1.099691e-05 0.001019148 0.032206602 0.00090444094 1.8763878e-08 0.075154066 0.014689126 0.00034260386 0.002136113 0.0023918916 0.0055493093 0.00020131971 3.8156436e-06 1.740992e-07 0.08160267 9.950397e-07 0.0018318677 1.9663305e-06 0.00053203356 0.0063502877 2.921348e-06 0.0024564923 0.003525553 3.397737e-05 0.00095851277 0.00032165737 0.07215385 2.7534794e-05 7.553234e-05 9.852054e-07 1.1981593e-05 6.093948e-05 0.0019367441 6.485949e-08 1.1786738e-05 8.0843365e-06 0.0002831427 7.8658175e-08 0.00023516935 0.016288262 7.426397e-08 8.687752e-05 2.1124809e-07 2.9276973e-05 2.4288101e-06 4.7481603e-06 0.06821861 0.00031929213 8.674113e-06
0.74191415 0.06474429 0.8438942 0.9474475 0.91489923 0.92823344 0.0042562135 1.2502533e-16 0.6177298 0.06520937 0.0012240844 0.03090888 0.3954223 0.7640946 0.41775453 6.864233e-05 5.9321615e-06 4.187135e-05 0.0023807269 0.71912944 0.00050617417 0.077030204 1.7694521e-06 0.33630526 0.004805668 0.5266081 0.0076707434 0.44074905 2.483734e-06 2.1070386e-07 8.0865844e-05 0.018122049 0.01796814 0.014823801 0.0052744285 3.1212899e-06 1.7510803e-06 2.2183943e-07 0.025740253 6.6836816e-07 7.405304e-07 0.07610782 2.0171991e-07 0.008830432 0.021082558 0.007586613 1.0178087e-05 0.0011442493 0.10596132 0.05251143 9.8279466e-05 0.04019089 0.00095252413 0.17198694 8.418048e-07 0.022968482 0.0007401859 0.02261 0.003508772 1.8129635e-08 0.0025708931 3.6576658e-08 0.0062570195 3.7791295e-07 0.00017100634 0.00020978224 0.0009311779 0.0021270292 1.3272246e-07 0.00015190411 3.5886052e-07 6.267163e-05 0.0009137318 0.007653458 0.0025799747 0.0015023921 2.531065e-06 4.321536e-07 0.0023563216 1.0592107e-07 0.0018518632 1.2714905e-05 1.4103171e-08 6.316972e-07 0.011807553 6.807921e-06 3.8557268e-08 4.3361252e-09 1.5682831e-08 6.519661e-06 2.4331546e-06 5.1841002e-06 0.00059605273 4.7655553e-07 6.431696e-06 0.0006371747 4.967821e-08 0.00013990366 0.00024525748 0.0023228466 1.8973977e-05
0.9425818 0.2522322 0.9026032 0.8929007 0.54448605 0.69182616 0.11280887 0.6177298 1.7501159e-13 0.711541 0.01895786 0.4089973 0.3717617 0.09427625 0.27596512 0.0010060247 0.00033284124 0.0061442475 0.14445807 0.12726952 0.0031251814 0.06111484 5.9531903e-05 0.9690102 0.19015045 0.03961562 0.24991138 0.018138433 0.00014699019 1.6782122e-05 0.0015228704 0.0016009301 0.29092854 0.047618296 0.00046496798 0.000100778336 0.0002388133 1.3596645e-05 0.007613027 9.369373e-05 6.145423e-05 0.13017993 2.365457e-06 0.0062903953 0.025167936 0.0075224633 1.4844066e-05 0.0007871225 0.027974268 0.25081873 0.0036994778 0.0029668093 0.00079157035 0.023546066 9.946427e-06 0.005044136 6.2351726e-05 0.20782055 0.040699277 1.3651298e-06 0.0020084518 4.1059287e-05 0.035110664 5.921956e-05 6.2972795e-05 0.000117730044 0.022992255 0.0005881107 8.280508e-05 6.4339074e-05 0.00018136034 0.00027068707 0.00030225734 0.037609264 0.014765347 0.00088842347 2.4720805e-05 2.5900647e-06 0.069772296 2.6084404e-06 0.0015709044 2.8291366e-05 5.249142e-06 1.8262544e-06 0.020131392 6.3323682e-06 1.0767274e-05 2.6157178e-07 1.5936151e-06 2.4167684e-05 3.4785375e-05 0.00038100252 0.00023515591 2.7658438e-05 3.0240578e-06 0.0015776257 3.557071e-07 0.00016693318 0.004346485 0.0028044297 0.0003997774
0.9379231 0.5770691 0.477397 0.2754146 0.19917256 0.102654554 0.7189262 0.06520937 0.711541 1.1899769e-17 0.14433809 0.98361856 0.19679582 0.006119363 0.0057888827 0.0643424 0.0069065033 0.24012478 0.7555984 0.015379367 0.021361208 0.105828956 0.000112509275 0.25661105 0.78857046 0.00088571344 0.83629036 0.0016347304 0.00072523707 0.00015512558 0.011769509 0.000108137734 0.17374572 0.16904078 6.2051477e-06 0.00015190078 0.0013812097 0.0001360368 0.00013890098 6.895661e-05 0.00033331773 0.02253813 5.886165e-06 0.0012031861 0.030498441 0.033203095 0.00029177676 0.00012927366 0.0005201083 0.043236885 0.012352266 7.5992735e-05 3.562581e-05 0.0036009077 4.9916638e-05 0.0013826857 6.4774775e-07 0.060376026 0.0124953985 4.424126e-06 0.0007888107 5.0717073e-05 0.005215988 2.7096045e-05 2.9416417e-06 1.439929e-05 0.017673045 1.0771321e-05 0.00016674303 7.464452e-07 4.133817e-05 0.00035313558 2.947608e-05 0.0030148837 0.0057347394 9.698129e-05 1.0817356e-05 2.7847743e-06 0.058456056 2.7109368e-06 0.0008343647 2.1017975e-06 1.7370093e-06 2.3254906e-06 0.0036154706 9.0719396e-07 7.701715e-07 4.5245983e-08 9.2408686e-07 2.3397342e-06 2.3188313e-06 0.00030142223 1.988132e-06 1.584543e-05 2.2239104e-07 0.00065490964 1.6975977e-07 1.100142e-05 0.016755523 0.0014505694 9.313484e-06
0.53349316 0.974103 0.013102061 0.002030797 0.018202592 0.0012544352 0.6778189 0.0012240844 0.01895786 0.14433809 1.2944692e-18 0.3119786 0.0021484867 0.0002943278 0.0007578477 0.42961633 0.81640697 0.1142139 0.036864705 0.00029259681 0.9842719 0.06273363 0.49318475 0.005477557 0.0385693 9.878312e-05 0.102628395 0.00011083609 0.05835604 0.042543273 0.033237547 5.994457e-06 0.0072256397 0.2761208 1.35782575e-05 0.029296366 0.017709117 0.070376486 0.00013642332 0.02288679 0.13528147 0.0029370517 0.00541402 5.8052497e-05 0.017013857 0.0084135225 0.024588244 1.1450757e-05 1.10441515e-05 0.0042807516 0.02488261 7.1324425e-06 1.6271795e-05 9.346976e-06 0.067295074 8.3362174e-05 5.8331193e-07 0.00752986 0.0018166659 0.0013491357 0.0002948169 0.006339402 0.0019270062 0.0018065487 9.246771e-06 4.486914e-06 0.0071291793 3.2533565e-06 0.0016609171 3.930084e-06 0.004673729 0.005435107 2.9766195e-05 0.00020155984 0.0004733627 2.2637692e-05 0.0017460486 0.0008670341 0.004571647 0.00010397659 6.926635e-06 2.0551447e-06 0.00022940795 0.00060175406 0.00057942356 1.2675895e-07 6.599524e-05 5.9702583e-05 0.00093404093 1.230891e-07 0.0005948095 0.010322286 1.6184068e-06 0.0007810797 1.5483404e-07 1.5086679e-06 0.0003461176 2.6744442e-06 0.016740844 9.820479e-05 6.9150115e-06
0.88646793 0.5350909 0.32115167 0.121595606 0.1141757 0.044485625 0.83455765 0.03090888 0.4089973 0.98361856 0.3119786 1.2957996e-16 0.14121754 0.0030591679 0.0012483743 0.23379754 0.05621707 0.60647196 0.79725754 0.005582447 0.05860626 0.052002568 0.017046193 0.066421136 0.7879539 0.0003035613 0.8221281 0.00061590347 0.015191932 0.0028972293 0.09679247 8.209787e-05 0.11358299 0.29653892 5.695445e-06 0.0017739414 0.008740074 0.0034904608 3.8210164e-05 0.0012060403 0.0065163923 0.013591882 6.8533474e-05 0.00025304305 0.043146867 0.023216698 0.0009793643 0.00010954544 0.00022195766 0.020228695 0.04034754 1.0410573e-05 1.8564995e-05 0.00081446825 0.00076022715 0.00061978 1.969028e-07 0.04090516 0.01374254 1.9834084e-05 0.00034809049 0.0010233975 0.005525909 0.00047215706 6.1514356e-06 1.3800872e-05 0.021982132 4.1531025e-06 0.0014690701 7.358833e-07 0.0008352189 0.0008773561 1.6270524e-05 0.0015584073 0.0039902613 3.2676773e-05 2.7259393e-06 9.1615357e-07 0.04962626 0.00010715703 0.00076493603 7.567625e-07 7.190276e-06 1.3004202e-06 0.0024091771 6.6102665e-08 4.33945e-06 8.1876277e-07 2.502218e-05 5.00587e-07 1.5970719e-06 0.002104707 1.2135789e-06 2.28934e-05 3.986573e-07 0.00013949053 1.2337097e-06 2.303192e-06 0.018709863 0.0010149013 9.1643005e-06
0.23538937 0.25245678 0.4463989 0.34494406 0.8910568 0.79746115 0.014680548 0.3954223 0.3717617 0.19679582 0.0021484867 0.14121754 2.526012e-18 0.047016196 0.03841224 0.00018080256 3.7558944e-05 1.3635366e-05 0.0010392168 0.65923226 0.0013562113 0.99242616 5.613143e-06 0.0046169753 0.004734566 0.0011522525 0.026610998 0.006242479 1.9971853e-06 6.1655015e-08 2.5127947e-05 1.9893072e-05 0.00080891425 0.31881395 0.00013371615 1.23174805e-05 1.1303819e-06 1.6006437e-07 0.001067276 1.5353661e-06 7.5758253e-06 0.002178025 5.1358046e-07 5.4488588e-05 0.49762335 0.27589923 0.0013364254 2.5995053e-06 0.0016206249 0.022632776 1.2861006e-05 0.03537549 8.515544e-06 0.50325227 1.4189805e-05 0.36026916 7.283957e-05 0.0033087558 1.3024463e-05 2.1247452e-07 0.12514164 4.0202428e-07 6.20476e-05 2.4227177e-07 3.8900824e-05 6.790517e-06 9.960941e-06 0.0007067654 6.804016e-07 2.6955166e-07 9.841317e-06 0.03109619 4.3308726e-05 4.4333698e-05 5.653435e-06 0.014005773 7.681642e-06 1.8897713e-07 0.00016484741 7.5446883e-07 8.948955e-06 2.2709687e-06 3.323177e-07 1.6961106e-07 0.00091408135 2.1662407e-07 1.0247221e-06 5.887597e-08 4.1065455e-06 1.2007245e-06 4.6150444e-06 0.00010803877 0.00061959616 6.9744624e-07 5.9146605e-06 3.3933355e-07 1.5152133e-07 7.357272e-06 4.2651405e-05 2.1881355e-05 9.7309485e-06
0.24425517 0.003221713 0.114861034 0.20875047 0.48946115 0.2853846 0.0007495087 0.7640946 0.09427625 0.006119363 0.0002943278 0.0030591679 0.047016196 7.942244e-17 0.47387782 1.331737e-05 3.922101e-06 7.0711426e-06 0.0005765503 0.97306406 0.00012883366 0.027370827 8.1826244e-07 0.03066229 0.00082963216 0.71286356 0.0005621744 0.9848114 2.705176e-07 6.363667e-08 5.683519e-06 0.059272468 0.0017821376 0.0026891774 0.029037887 1.40277e-05 1.9273461e-06 5.417074e-08 0.042049047 7.3797764e-07 2.3117599e-07 0.020762514 2.3284409e-07 0.0069414447 0.002323151 0.0007228951 3.045263e-06 0.0006722398 0.34097517 0.015429898 2.1931328e-05 0.09553568 0.0006160877 0.14551191 2.773186e-07 0.01242911 0.011967041 0.002876508 0.00035602797 1.39131e-08 0.00056193 2.7790835e-08 0.0013364234 2.3618041e-07 0.00031247153 0.00075534004 5.0825827e-05 0.0055875788 1.6165828e-07 0.00019101528 2.4692292e-07 3.6181173e-05 0.0009940718 0.0018440366 0.0003458777 0.0014157684 1.220802e-05 1.2994954e-06 0.0005881528 1.7028235e-07 0.00036909283 5.163606e-05 1.0241891e-07 3.1308182e-06 0.00796254 2.9609962e-05 2.4003884e-07 1.6142987e-08 2.071689e-07 1.7784227e-05 3.0458057e-06 4.080805e-05 0.0013565666 3.7598682e-07 2.0252104e-05 7.6637116e-05 9.947156e-08 0.0002166862 3.485767e-05 0.00063163525 0.00021084005
0.9904261 0.001286251 0.05221443 0.20210779 0.13312063 0.27306512 0.0003428436 0.41775453 0.27596512 0.0057888827 0.0007578477 0.0012483743 0.03841224 0.47387782 1.2849643e-14 6.230806e-06 3.7173123e-07 2.4507558e-06 0.0008203808 0.49397123 7.672941e-05 0.009063129 1.0005077e-07 0.5783412 0.00050111103 0.9688755 0.0005715447 0.5956891 1.9741441e-07 6.959868e-08 3.0351399e-05 0.49309763 0.022017306 0.0044941646 0.35056925 8.801618e-07 1.6380527e-06 1.7521243e-08 0.6794209 2.5948302e-07 2.082468e-06 0.537595 8.988319e-09 0.2500281 0.001475014 0.00075051934 7.3982886e-07 0.09941357 0.67626184 0.36703253 0.0007164969 0.10573859 0.075090736 0.09310017 7.367252e-07 0.0014696909 0.084279925 0.23538624 0.03947492 2.446538e-08 0.00024670747 1.2312326e-07 0.15301025 1.0489347e-06 0.011653903 0.04674372 0.0046126577 0.018055642 7.48677e-08 0.03661731 2.3569059e-07 5.535226e-05 0.03662672 0.39179775 0.022843704 0.00014755057 2.2509182e-06 1.1219736e-06 0.027168239 8.9805106e-08 0.037114 0.00018183522 1.3988277e-07 1.9074423e-06 0.4501434 0.0011725462 5.6320044e-07 4.2432395e-09 3.5971627e-08 0.0010347823 3.0894064e-06 0.00028123334 0.00060264795 2.9685636e-06 0.00020385448 0.025264753 3.3235688e-06 0.018810298 0.0032367462 0.020056339 0.012717441
0.9347122 0.15213169 0.0021053303 0.0003116097 0.0012982661 0.00014209557 0.67808414 6.864233e-05 0.0010060247 0.0643424 0.42961633 0.23379754 0.00018080256 1.331737e-05 6.230806e-06 2.7848332e-17 0.61545205 0.9736617 0.1478825 9.605525e-06 0.1484523 0.0012580748 0.8979934 0.0018608228 0.104983926 1.063864e-06 0.2659134 6.4265278e-06 0.9290513 0.6624806 0.56689966 8.627252e-08 0.029131247 0.12992275 3.2066218e-08 0.35047907 0.41238362 0.23565066 1.3248363e-06 0.19540364 0.15579447 0.0008519906 0.031836245 3.8513077e-05 0.0028857512 0.00041336459 0.0038567386 1.540261e-05 1.1290244e-06 0.0018656035 0.1483854 7.0279135e-08 2.4136807e-06 1.117683e-05 0.024962017 3.855622e-07 1.3550056e-09 0.007301828 0.003593671 0.0046524657 4.6799305e-06 0.018126294 0.00074824714 0.0052336846 8.490741e-07 6.913023e-07 0.035151053 1.4130994e-07 0.017155312 5.1683774e-08 0.018575361 0.0001587687 7.5161194e-07 0.00020098132 0.0012846462 1.8615238e-07 0.0004531411 0.00011636134 0.034395464 0.0010276949 7.206783e-05 5.5521827e-08 0.000566725 8.89823e-05 0.00041785787 9.029146e-09 0.00026111983 0.00016427663 0.0015817913 1.04101645e-07 1.616757e-05 0.03291094 3.6819962e-08 0.0022887203 1.5500882e-07 1.3122573e-05 0.00030492444 9.206216e-08 0.107429616 0.00017164764 1.346934e-07
0.8322886 0.12226051 0.0001685042 1.6733124e-05 6.826707e-05 5.2299843e-06 0.41961357 5.9321615e-06 0.00033284124 0.0069065033 0.81640697 0.05621707 3.7558944e-05 3.922101e-06 3.7173123e-07 0.61545205 1.9857713e-17 0.088813424 0.005814431 2.8112984e-06 0.96892923 0.0040194425 0.9596558 4.9246013e-05 0.0044033453 8.7915765e-07 0.013757004 3.6644742e-06 0.3605007 0.3749321 0.051612377 6.492376e-07 0.0012710881 0.61278135 3.675534e-08 0.25672832 0.08475958 0.7783678 6.86671e-08 0.2495333 0.9038998 2.315288e-05 0.1805634 3.425431e-05 0.0073218197 0.0024409397 0.17571871 4.0136297e-06 3.3027875e-06 0.00023884702 0.027513504 4.335336e-07 1.3796667e-06 6.119175e-07 0.5995315 1.0619431e-06 1.3978023e-07 0.0027950804 0.0047435802 0.018266179 7.420798e-06 0.25166133 0.0010405064 0.0891273 1.6852119e-06 1.5174678e-07 0.01465451 8.9217235e-07 0.079228446 2.4005076e-09 0.42834827 0.012867271 1.7245359e-06 3.161116e-05 9.518661e-05 1.0856867e-05 0.0064282413 0.0034898915 0.0037659209 0.02233322 1.6344722e-05 1.4900728e-05 0.0072705867 0.0022171068 7.736713e-05 1.5231804e-07 0.0015617461 0.0028927126 0.036171768 2.9223286e-06 0.0018859681 0.17623886 2.0821115e-07 0.124868944 1.6094022e-07 3.3052895e-06 0.04501338 3.3987087e-07 0.012049407 5.7352536e-05 4.189741e-06
0.92496306 0.09058129 0.0031515465 0.0008731875 0.00027712338 9.957517e-05 0.49340108 4.187135e-05 0.0061442475 0.24012478 0.1142139 0.60647196 1.3635366e-05 7.0711426e-06 2.4507558e-06 0.9736617 0.088813424 2.5866192e-15 0.7391354 5.5290766e-06 0.020032361 0.000193313 0.26847288 0.00710832 0.6379998 1.5451991e-06 0.73137254 2.9463952e-06 0.7423224 0.41857344 0.8634411 4.4622908e-08 0.13749611 0.005053135 3.5063513e-07 0.24149826 0.2559268 0.028702773 3.7571356e-06 0.072934434 0.0019131228 0.0035569912 0.0049846834 2.7115922e-05 0.00013169205 5.8077776e-06 2.779965e-05 2.848494e-05 1.1089127e-06 0.007468933 0.43060112 1.1592166e-07 7.1902205e-06 2.2295665e-06 0.0002329815 2.621559e-07 3.7964396e-09 0.028796956 0.032396834 0.00278665 1.7801747e-06 0.0024514596 0.0040638545 0.0039653797 1.5438559e-06 6.592529e-07 0.17500064 1.1677403e-07 0.004028745 2.5771894e-07 0.014561935 3.6968217e-05 1.2230807e-06 0.0009686916 0.00372007 4.543135e-06 1.2806163e-05 1.691269e-06 0.09289174 0.00026943278 0.00047694045 1.2337738e-07 1.0713265e-05 1.4273962e-06 0.000621999 2.964566e-08 7.737646e-06 1.8282908e-05 0.0007140198 8.1310766e-08 1.1673958e-06 0.022684824 4.2760877e-07 9.158207e-05 3.3519267e-08 0.00014378372 1.9339035e-05 8.750084e-08 0.10100136 0.0015448743 3.4047932e-06
0.71769226 0.09852901 0.033095345 0.012247694 0.007877083 0.001708096 0.2520839 0.0023807269 0.14445807 0.7555984 0.036864705 0.79725754 0.0010392168 0.0005765503 0.0008203808 0.1478825 0.005814431 0.7391354 7.881365e-18 4.7940222e-05 0.005023875 0.0012808918 0.0022578111 0.11026631 0.96929175 0.0004054701 0.9479946 0.00020568781 0.0070191533 0.0023959863 0.22837803 2.5772337e-05 0.7804879 0.0052556144 5.6644367e-05 0.0026127927 0.012692281 0.0012372104 0.00028142115 0.0016932356 6.899252e-05 0.030440269 0.00020161695 0.0017845978 0.0004285224 5.6768153e-05 3.484944e-06 0.00041872708 3.091855e-05 0.03361119 0.17712653 2.576645e-06 0.000103397426 3.5746195e-06 1.1955363e-05 5.1990082e-06 2.1045682e-07 0.056803934 0.057780303 4.879791e-05 4.032812e-05 8.4998246e-05 0.0105489725 0.0005189777 1.759055e-05 8.51336e-06 0.09437963 4.421469e-06 0.00035095547 1.5341038e-05 0.0008033566 6.727923e-05 6.893609e-05 0.0043871677 0.014061964 1.8384299e-05 1.0706135e-05 8.534596e-07 0.1744587 1.3334488e-05 0.0020584303 4.7571638e-07 8.9241496e-07 2.5084025e-06 0.0024797653 1.805371e-07 2.7475496e-06 1.2648767e-06 4.726567e-05 3.0248813e-07 3.2088556e-06 0.0015467496 7.909201e-07 6.5313543e-06 3.5758694e-07 0.0020448868 9.610258e-07 9.250043e-06 0.027580934 0.0030877574 1.2764701e-06
0.39202186 0.012135142 0.20811479 0.31332842 0.82118106 0.6859221 0.00058675307 0.71912944 0.12726952 0.015379367 0.00029259681 0.005582447 0.65923226 0.97306406 0.49397123 9.605525e-06 2.8112984e-06 5.5290766e-06 4.7940222e-05 9.260168e-17 0.000105146864 0.5186994 6.672683e-07 0.010054857 0.00012114305 0.3808642 0.0002921493 0.9628595 9.453213e-08 1.8789018e-08 6.683526e-06 0.011848104 0.00070649845 0.0071517634 0.012756469 9.724436e-06 3.305198e-06 8.3324935e-08 0.013638665 5.868182e-07 5.769369e-07 0.006143472 9.239656e-08 0.00039166442 0.036374826 0.012058415 3.2775584e-05 5.024001e-05 0.6680723 0.018457333 6.518959e-06 0.6379173 0.00014025353 0.7730793 3.7381986e-07 0.38763794 0.03358113 0.0018731615 0.00013642124 8.346868e-09 0.019178271 4.08328e-07 0.0004702432 2.4242473e-07 0.00036190043 0.00020871502 3.2680047e-05 0.046170525 1.6570985e-07 4.380624e-05 5.4145175e-06 0.0005278947 0.0009073053 0.00037999757 0.0002377226 0.012599035 5.8323103e-06 4.1803875e-07 0.0007960982 7.371838e-08 9.189116e-05 1.8786573e-05 1.3107753e-07 1.464945e-06 0.0036560465 3.8027868e-06 1.6745719e-07 4.691215e-09 1.7584905e-06 1.4632268e-05 1.9337788e-06 5.056331e-05 0.0055976436 3.45433e-06 2.313871e-05 3.1682746e-05 1.3077485e-07 0.00010783228 3.664263e-05 0.00016035124 0.0006753799
0.22969401 0.50328404 0.0043681096 0.0010663162 0.007369287 0.0009822475 0.3066077 0.00050617417 0.0031251814 0.021361208 0.9842719 0.05860626 0.0013562113 0.00012883366 7.672941e-05 0.1484523 0.96892923 0.020032361 0.005023875 0.000105146864 3.046034e-18 0.19815397 0.4556593 0.0007010753 0.005344475 2.7386202e-05 0.018656423 5.8746828e-05 0.021507356 0.013194826 0.008889549 2.2449423e-05 0.000991309 0.77492213 1.8807368e-05 0.011831483 0.0055240835 0.10210223 4.4916687e-05 0.009657073 0.7662952 4.9598897e-05 0.0048045837 9.616088e-05 0.08055612 0.026420899 0.56640875 1.1862235e-05 1.9959165e-05 0.00020089817 0.0038813702 4.6314813e-06 1.9092686e-05 1.24615935e-05 0.64373606 0.00052678556 3.9926377e-07 0.0020773031 0.0013890676 0.00081901543 0.00017231533 0.04425501 0.00035251732 0.030492626 2.3661509e-05 3.179366e-06 0.0010875423 5.129426e-07 0.0065881177 8.746326e-07 0.024860276 0.022472735 1.5968244e-05 1.6319553e-05 9.274631e-05 2.1588328e-05 0.057874072 0.038799305 0.001573112 0.00012787998 3.4546352e-05 1.2140483e-05 0.0006012561 0.022166837 0.0001540958 2.813665e-07 6.636933e-05 4.1170337e-05 0.00252807 1.8070163e-05 0.0083830245 0.0069958307 2.3505545e-06 0.033793285 1.2778179e-05 7.956382e-06 0.0022694771 1.8049583e-05 0.0061198906 0.0001221167 0.0001024347
0.07049751 0.47996032 0.101156555 0.043599695 0.57685065 0.21173783 0.051111203 0.077030204 0.06111484 0.105828956 0.06273363 0.052002568 0.99242616 0.027370827 0.009063129 0.0012580748 0.0040194425 0.000193313 0.0012808918 0.5186994 0.19815397 2.037443e-17 0.00064468465 0.0010516027 0.0029830774 0.0011952867 0.014279899 0.007189152 3.3934462e-05 5.603446e-06 0.00011700318 3.4335713e-05 0.0003555146 0.8507855 0.00020565702 0.00024198533 4.811193e-05 7.968175e-06 0.000550112 5.7056873e-06 0.0005454714 0.00060018967 1.1180753e-05 2.549271e-05 0.8992459 0.8045539 0.20473716 6.880883e-06 0.00416046 0.0018973858 5.3757107e-05 0.051860813 2.3653929e-05 0.68421316 0.0056798733 0.6664408 1.5788924e-05 0.00064071966 1.5292266e-05 1.675695e-07 0.5065843 8.707697e-06 5.0168666e-05 2.9498013e-05 5.147102e-05 1.1408922e-05 3.3327593e-05 0.00089828495 7.1516165e-06 5.836194e-06 6.8634145e-05 0.13245024 5.116011e-05 2.8139553e-05 4.792082e-06 0.031252455 0.00030511324 2.5789202e-05 5.0458875e-05 4.6854703e-07 1.0425714e-05 2.342581e-06 1.7288651e-06 1.3744209e-05 0.0002646207 4.6582124e-07 3.104197e-06 2.4360288e-08 1.8656185e-05 1.1577698e-06 0.00078727596 0.0003017504 0.002970362 5.2529256e-05 1.510654e-05 2.576291e-06 2.0087418e-06 5.707516e-06 0.00021992477 1.7335795e-05 5.2409963e-05
0.9728196 0.014170975 5.6024815e-05 5.2432033e-06 2.6128033e-05 7.807926e-06 0.09362877 1.7694521e-06 5.9531903e-05 0.000112509275 0.49318475 0.017046193 5.613143e-06 8.1826244e-07 1.0005077e-07 0.8979934 0.9596558 0.26847288 0.0022578111 6.672683e-07 0.4556593 0.00064468465 2.2773657e-18 1.266502e-05 0.002017968 1.5036655e-07 0.01907045 1.1945191e-06 0.8128057 0.81120765 0.20796545 2.6776545e-08 0.0016468016 0.25917545 1.16978285e-08 0.518916 0.45502147 0.8009831 4.7670483e-08 0.22791481 0.80711365 3.426166e-05 0.43773913 3.7459265e-06 0.0014521308 0.00018614235 0.058129776 3.9907232e-07 1.0481747e-06 0.00019223256 0.0910126 3.4517532e-07 6.1966254e-08 6.496337e-06 0.41568848 5.5096484e-06 1.6861813e-08 0.0029924791 0.0008380702 0.2795155 2.7763934e-05 0.1953458 0.0001990891 0.026241934 1.0874147e-06 2.2574459e-07 0.020371506 1.2640169e-06 0.05303312 1.5480198e-09 0.031764828 0.0004390248 5.0655903e-08 4.569055e-05 0.00016162399 6.82884e-06 0.0072112624 0.0049425066 0.008230467 0.005147603 2.4293624e-05 1.2529274e-06 0.0031278413 0.0032776901 0.00015587508 2.8674611e-07 0.0008968341 0.0005468981 0.0030234468 1.030149e-07 0.0007434633 0.107716486 9.2011123e-07 0.21946509 7.5400955e-08 4.0555398e-07 0.040307447 9.780615e-09 0.13537772 0.00011890694 1.1019192e-06
0.9562353 0.01453537 0.27739477 0.62076473 0.028601605 0.19698294 0.0065419334 0.33630526 0.9690102 0.25661105 0.005477557 0.066421136 0.0046169753 0.03066229 0.5783412 0.0018608228 4.9246013e-05 0.00710832 0.11026631 0.010054857 0.0007010753 0.0010516027 1.266502e-05 7.807157e-14 0.19165744 0.31433785 0.07082663 0.016507713 0.00013617115 2.591321e-05 0.0042099417 0.2218398 0.7027615 0.00030380487 0.026672082 0.00031065044 0.00034227467 1.1943871e-06 0.55534655 8.6069675e-05 9.953734e-06 0.93834656 1.3325799e-06 0.48915341 0.0001335208 2.4867171e-05 4.8364327e-06 0.1403178 0.011654776 0.7841819 0.006535455 0.0009110709 0.051052183 0.0022824504 4.077222e-05 9.8107994e-05 0.00028575095 0.43298745 0.3305545 1.2050981e-07 3.4133423e-05 4.424759e-06 0.32876155 0.00024911002 0.003131896 0.0035111553 0.04452419 0.00056124694 6.7163483e-06 0.0044755978 0.00026807952 3.7796995e-05 0.02218705 0.2442408 0.1388788 0.00017877985 7.920811e-05 8.278458e-06 0.48701918 1.2526418e-06 0.14110056 0.00042090306 9.902365e-07 4.3882696e-06 0.114343345 0.00020547057 2.3086195e-06 2.4278559e-06 3.433175e-05 0.00054788834 4.195141e-05 6.213577e-05 0.000120692624 0.0003714715 6.732005e-05 0.02726251 1.7526148e-05 0.005452288 0.0025557817 0.030035075 0.00025233236
0.84167296 0.12625258 0.06591128 0.014165382 0.014655823 0.0045460546 0.4157574 0.004805668 0.19015045 0.78857046 0.0385693 0.7879539 0.004734566 0.00082963216 0.00050111103 0.104983926 0.0044033453 0.6379998 0.96929175 0.00012114305 0.005344475 0.0029830774 0.002017968 0.19165744 4.4196647e-17 0.0003997919 0.96419597 0.0003735971 0.006403387 0.0022464579 0.2879825 1.4462321e-05 0.82097507 0.008257587 4.955904e-05 0.0019411144 0.011092967 0.0018110181 0.00015103191 0.0013595764 0.00017628596 0.050464083 0.00013331379 0.0017974499 0.0005877076 0.00015122461 4.146493e-06 0.00037010288 3.213457e-05 0.046867646 0.1443377 8.983527e-06 0.00011936538 1.7872691e-05 5.4129896e-06 1.2781347e-05 8.346571e-08 0.08981679 0.06102621 3.7449066e-05 3.418046e-05 7.622645e-05 0.014564066 0.0002314722 1.5233503e-05 1.8781147e-05 0.11798149 3.6856609e-06 0.0003552801 2.7348967e-06 0.0010715473 0.00011602525 2.6371914e-05 0.0051607904 0.016669018 3.593753e-05 4.2182464e-06 4.162529e-07 0.23959407 1.040558e-05 0.0027137953 5.0681155e-07 6.013197e-06 6.6893887e-07 0.0020340832 3.6654336e-07 7.053348e-06 5.667322e-07 2.5285477e-05 2.0290494e-07 3.674024e-06 0.0011702433 3.0310568e-06 6.3322777e-06 2.2904604e-07 0.0010033888 3.1833647e-06 2.2901709e-06 0.03595983 0.0024439127 3.7479383e-06
0.7796323 0.00025876035 0.008678126 0.08722438 0.04431764 0.04393172 2.5025174e-06 0.5266081 0.03961562 0.00088571344 9.878312e-05 0.0003035613 0.0011522525 0.71286356 0.9688755 1.063864e-06 8.7915765e-07 1.5451991e-06 0.0004054701 0.3808642 2.7386202e-05 0.0011952867 1.5036655e-07 0.31433785 0.0003997919 1.3419101e-15 3.5978028e-05 0.8769522 2.91382e-07 3.940393e-08 4.133799e-06 0.8477352 0.006516349 7.5657204e-05 0.83370894 9.509887e-07 1.0774758e-06 4.8256306e-09 0.61305326 2.1579868e-07 2.0371172e-07 0.2597899 2.7794332e-08 0.3102405 0.00028463014 4.7390085e-06 5.704286e-07 0.04273044 0.56369185 0.06492084 2.6846441e-05 0.05920549 0.053223882 0.037721 2.7144148e-07 0.0004499935 0.0792839 0.022691745 0.009598497 6.124453e-09 9.904276e-06 2.5992248e-08 0.026558314 2.8087348e-07 0.05953996 0.1291341 0.00041671033 0.004823747 2.831863e-07 0.014080927 9.291203e-07 4.51323e-06 0.050273255 0.084964536 0.002723918 0.000108458415 1.1193055e-05 5.5499777e-07 0.002430424 2.7603417e-07 0.015234843 0.0015567311 2.8850861e-08 6.479641e-07 0.13459021 0.00093352265 1.8648535e-07 2.1635307e-08 3.5641537e-07 0.0014657939 2.7728386e-06 4.9535174e-05 0.0002838619 1.0688286e-06 0.00029109776 0.010215487 1.5476259e-07 0.02105721 0.00022149667 0.007402378 0.00482142
0.9492709 0.25950763 0.13182525 0.022609793 0.06304677 0.010419279 0.6974422 0.0076707434 0.24991138 0.83629036 0.102628395 0.8221281 0.026610998 0.0005621744 0.0005715447 0.2659134 0.013757004 0.73137254 0.9479946 0.0002921493 0.018656423 0.014279899 0.01907045 0.07082663 0.96419597 3.5978028e-05 5.344858e-17 0.00011052766 0.017483607 0.0040517636 0.49525243 1.8923782e-06 0.6841366 0.08115238 3.3876338e-06 0.0015639116 0.030649612 0.004148161 1.0808437e-05 0.0013810043 0.0029150767 0.029023394 8.471622e-05 0.00014735988 0.0015511168 0.0013330827 5.5327717e-05 3.086196e-05 1.8188006e-05 0.040717028 0.30857664 3.4796738e-06 2.7977567e-06 1.9502391e-05 7.124391e-05 7.4992695e-06 2.8966046e-08 0.08720028 0.039846644 4.9978134e-05 3.1428393e-05 0.00024381092 0.005456488 0.000314184 2.2909924e-06 4.5567253e-06 0.15504141 5.6162858e-06 0.00050930073 6.705609e-08 0.0013526186 0.0003290288 6.474742e-07 0.001429499 0.006230973 2.4238778e-05 5.4712523e-06 6.7649177e-07 0.2692015 2.0277883e-05 0.0009135671 2.9189292e-07 1.8075041e-05 7.092332e-07 0.0011917487 8.322661e-08 9.220961e-06 8.190736e-07 2.3422783e-05 9.451176e-08 2.8129743e-06 0.0020729918 2.7821834e-06 1.1601877e-05 4.7757116e-08 0.00010686026 2.725624e-05 5.7405142e-08 0.09230836 0.00075987156 3.7163504e-06
0.2663037 0.0008474268 0.014684196 0.09263326 0.10998954 0.13563927 4.5577573e-05 0.44074905 0.018138433 0.0016347304 0.00011083609 0.00061590347 0.006242479 0.9848114 0.5956891 6.4265278e-06 3.6644742e-06 2.9463952e-06 0.00020568781 0.9628595 5.8746828e-05 0.007189152 1.1945191e-06 0.016507713 0.0003735971 0.8769522 0.00011052766 1.2727015e-16 5.1693043e-08 9.1137935e-08 5.9001595e-06 0.3055516 0.0021233892 0.00016881461 0.32136175 7.464542e-06 6.5396002e-06 8.425951e-09 0.17457983 1.512375e-07 6.533121e-07 0.015560062 2.4819474e-07 0.022621384 0.0002567087 7.365841e-05 1.7002315e-06 0.004548301 0.6034434 0.010669062 2.8765464e-05 0.18490548 0.0043736077 0.07813521 3.578537e-07 0.003137102 0.094200976 0.00240103 0.00047381094 6.056611e-09 5.4332195e-05 1.2615776e-07 0.0018053516 5.612091e-07 0.009744331 0.025543706 5.0161158e-05 0.015016889 4.56084e-07 0.0011664277 4.84883e-07 5.173891e-06 0.0063181776 0.0031423091 0.0006471273 0.00039519937 1.1313736e-05 9.0840865e-07 0.0014756295 1.8259713e-07 0.0015453334 0.0005442495 2.2480432e-08 1.3623738e-06 0.014990447 0.00024441155 1.7566961e-07 5.2573633e-08 3.1166142e-06 0.00064990576 1.8764003e-06 3.3708322e-05 0.0016482573 5.9375185e-07 0.00034180057 0.00090648927 8.425088e-08 0.003452302 2.3798762e-05 0.0009179443 0.009449606
0.5714117 0.0059698597 0.00038036323 8.112036e-05 6.3852334e-05 8.679333e-06 0.045132283 2.483734e-06 0.00014699019 0.00072523707 0.05835604 0.015191932 1.9971853e-06 2.705176e-07 1.9741441e-07 0.9290513 0.3605007 0.7423224 0.0070191533 9.453213e-08 0.021507356 3.3934462e-05 0.8128057 0.00013617115 0.006403387 2.91382e-07 0.017483607 5.1693043e-08 3.0348753e-19 0.98267055 0.7153172 1.2832539e-08 0.011012885 0.0013886099 7.1248756e-08 0.7400816 0.5773886 0.41679296 1.2863617e-07 0.4749319 0.040961675 0.00043226348 0.21856746 7.784872e-07 6.337286e-06 3.6118047e-07 6.327392e-05 1.808516e-07 1.7376125e-06 0.00044638306 0.33686155 8.5295554e-08 6.8416874e-08 3.103605e-08 0.0033454667 2.1447338e-08 1.1830866e-08 0.00884086 0.0048993644 0.03713069 3.4486834e-07 0.027786905 0.0005794605 0.031986542 1.0079971e-07 1.4748719e-07 0.049956728 5.948083e-07 0.015949618 4.030758e-09 0.06375401 3.1050674e-06 1.9693088e-08 5.308195e-05 0.00043404082 7.089431e-07 4.1406944e-05 6.27963e-05 0.010096559 0.002538483 1.7339358e-06 3.8182712e-08 0.001367493 3.548844e-05 6.74904e-05 7.4176837e-10 0.00088662026 0.0008506514 0.0032997606 1.600997e-08 7.792947e-07 0.04811648 6.376713e-09 0.001846393 4.1255497e-09 2.0612009e-07 0.0011049114 1.3491367e-08 0.056570955 4.143416e-05 1.1154101e-08
0.67647177 0.0013310094 6.136204e-05 8.705562e-06 5.074516e-06 1.1345724e-06 0.0077234665 2.1070386e-07 1.6782122e-05 0.00015512558 0.042543273 0.0028972293 6.1655015e-08 6.363667e-08 6.959868e-08 0.6624806 0.3749321 0.41857344 0.0023959863 1.8789018e-08 0.013194826 5.603446e-06 0.81120765 2.591321e-05 0.0022464579 3.940393e-08 0.0040517636 9.1137935e-08 0.98267055 5.049163e-19 0.49194127 2.199861e-09 0.0022402173 0.00016805097 1.4049715e-08 0.872941 0.67946225 0.61727077 1.2258641e-07 0.80721045 0.037721362 2.5871112e-05 0.3640542 3.2705424e-07 5.8719434e-07 1.2491685e-07 9.445222e-06 1.8354324e-07 2.4925623e-07 1.9827821e-05 0.19213142 9.226075e-09 9.118379e-09 5.3111813e-09 0.001302341 1.5331398e-09 5.565749e-10 0.0033888442 0.0020137145 0.22980525 1.9324744e-07 0.08185506 0.00038869114 0.13908522 2.1093896e-08 4.1386194e-08 0.052549854 1.2252727e-07 0.058989756 1.9908613e-09 0.49265492 2.087851e-06 4.903896e-09 2.1536025e-06 0.00015388992 2.0038925e-07 5.8156344e-05 5.1552957e-05 0.01141346 0.0076093106 9.0118726e-07 5.5624088e-09 0.0032549275 3.0479316e-05 3.5676824e-06 5.316023e-10 0.0018480329 0.0024800575 0.025172066 3.1667484e-09 4.839461e-07 0.18288773 3.5100147e-09 0.001659299 2.7987532e-09 1.5592138e-07 0.0018952203 1.749898e-10 0.09621687 2.3293229e-05 1.6737935e-08
0.9103622 0.010281023 0.0028623098 0.0005057144 0.00067161856 0.00014226833 0.055207867 8.0865844e-05 0.0015228704 0.011769509 0.033237547 0.09679247 2.5127947e-05 5.683519e-06 3.0351399e-05 0.56689966 0.051612377 0.8634411 0.22837803 6.683526e-06 0.008889549 0.00011700318 0.20796545 0.0042099417 0.2879825 4.133799e-06 0.49525243 5.9001595e-06 0.7153172 0.49194127 1.5810399e-14 4.772225e-06 0.2131336 0.0009886742 9.855164e-07 0.5893804 0.9681124 0.0741987 3.0327645e-05 0.38814193 0.0037041255 0.0022363996 0.06096672 0.00018449502 3.5566638e-05 1.8430062e-05 6.66262e-06 0.00032912858 4.416601e-06 0.0031602115 0.9355946 6.095267e-07 2.3228738e-05 2.806953e-06 0.00030947887 4.0695977e-06 8.5858805e-09 0.029187294 0.0373547 0.0027922033 1.9348205e-05 0.005432635 0.0028401676 0.0040365346 7.6167635e-06 3.5400908e-06 0.30437 2.1436358e-06 0.007193455 2.5182921e-06 0.009580938 0.0005649081 1.5708301e-05 0.0009089638 0.006070439 9.955282e-06 6.445401e-06 4.666356e-06 0.19597137 0.0013991826 0.0008166581 1.10489765e-07 0.00021666511 5.8726914e-06 0.0003773474 1.7321085e-07 0.00017018993 0.00012518502 0.0015435218 1.2420537e-06 2.1157825e-06 0.027206263 5.0797183e-07 0.0003771154 2.9390242e-07 0.00012956395 0.00011273418 1.1402732e-07 0.1725505 0.0024176436 1.3928321e-05
