1.6731008e-23 0.7006068 0.9673243 0.9765158 0.79281306 0.03307136 0.14849736 0.5876234 0.11618725 0.9481645 0.9168068 0.066710405 0.7937204 0.031132806 0.81686926 0.95538807 0.92841685 0.44868395 0.4275323 0.9676346 0.8962066 0.35030448 0.6491409 0.19708373 0.8403297 0.14498614 0.92952156 0.9213989 0.0007003617 0.97599703 0.0014847222 0.8269995 0.20734735 0.93298674 0.9870209 0.8298403 0.93415576 0.44421354 0.003956449 0.023204619 0.6656385 0.9834685 0.782455 0.9871134 0.29287624 0.44591781 0.002422174 4.853559e-05 0.17145848 0.26278347 5.8317264e-06 0.6403 0.98972654 1.0194531e-07 3.2390585e-07 0.61228347 0.87547827 0.4446042 4.632268e-06 0.9632233 0.00052826514 0.8256698 0.0003004525 0.99924344 0.9599573 0.2409817 0.03579448 0.9425291 0.6346175 5.701018e-07 2.9263352e-05 0.9314188 0.97189945 0.90440047 0.025453268 0.996587 0.002434155 0.8825181 0.8732333 0.17386591 0.13949007 0.8863051 0.2798281 0.018253492 0.002136826 0.9978324 0.00049047434 0.992947 0.0003849208 0.7942723 0.8928778 0.9892701 0.96919024 0.96812034 0.97556 0.99557567 0.99594635 0.99901414 0.8921371 1.1408289e-09 0.0017861327
0.7006068 2.8429906e-16 0.97903544 0.9259096 0.6679572 0.92346615 0.02335623 0.445247 0.7429589 0.04707688 0.0820113 0.20143092 0.08787804 0.6530362 0.040413585 8.435954e-05 0.046284497 0.0006414924 0.0049775057 0.42122725 0.024530375 0.00059090176 0.0023917672 0.0015343197 0.00078345207 0.57384884 0.018317487 0.004537478 0.07673073 0.0017338425 0.3107267 0.0008826411 0.00016629933 1.9401612e-06 0.09092826 0.00010266384 0.00015623032 0.0009586331 0.121418744 0.0021261543 1.1699308e-05 0.009323713 3.1813104e-06 5.666955e-05 2.030368e-05 5.13579e-05 0.0014409352 0.03343577 0.00026133558 1.5290809e-05 0.08372609 3.3127068e-07 0.00025994584 0.00040040433 0.025719892 2.7140745e-06 0.00041945264 3.5117341e-06 0.005778654 0.013757909 6.764306e-05 1.199593e-05 3.0784838e-06 0.0005510931 0.0005224663 8.595728e-07 3.0345188e-06 0.0011499095 5.0335973e-07 8.07898e-06 1.9674053e-08 0.0005075368 4.8527443e-05 0.000111604124 3.1388527e-07 0.0006287331 2.184239e-05 1.1947008e-05 2.271795e-05 1.7111855e-06 2.5467064e-06 4.576351e-05 1.5512683e-07 1.2466704e-07 6.362186e-08 0.001660195 2.3249449e-08 0.0009077648 6.9815096e-09 6.449247e-05 7.016172e-05 3.5735532e-06 9.79062e-07 2.8593373e-05 2.7897559e-06 3.827486e-07 3.3020822e-06 0.0004233511 2.7827156e-07 0.0002446891 2.2934152e-07
0.9673243 0.97903544 6.2729964e-15 0.7679902 0.65165716 0.5669184 0.02981834 0.32811266 0.758581 0.09099934 0.1697055 0.3322237 0.27595237 0.6297612 0.095935605 9.584515e-06 0.09185908 0.00092546677 0.0061193574 0.87174845 0.14343287 0.0009019745 0.0031545549 0.0020217136 0.00074332394 0.6801276 0.1920111 0.0058425795 0.040499892 0.0019421717 0.13975108 0.00096222997 9.1650654e-05 4.5762176e-06 0.25284952 0.00015546236 0.00040032263 0.0006279933 0.07145754 0.0021808348 2.3685745e-06 0.026631666 3.0647975e-06 3.070396e-05 2.8757042e-05 8.424012e-06 0.00038265443 0.010043299 0.00021928831 5.0035887e-05 0.03412992 4.815145e-07 0.0011516726 5.7676643e-05 0.005191948 2.2637378e-06 0.0017683937 7.911072e-07 0.0007705154 0.19139606 9.684592e-06 2.4919077e-06 7.820588e-06 0.001698061 0.007162384 7.554397e-06 8.97065e-06 0.0051562847 1.1748546e-07 1.727815e-06 5.3045024e-08 0.0049959025 0.00017203898 4.4724722e-05 6.7381905e-07 0.0052119847 2.9787673e-06 3.6742884e-07 6.805951e-05 1.0005917e-07 3.4094055e-07 0.0006355517 1.1203916e-07 1.2026325e-08 1.2378776e-07 0.013186561 3.1604987e-08 0.004609571 1.1034165e-08 7.706757e-05 0.0003587146 5.15256e-06 4.9369614e-06 0.00011426872 1.0279429e-05 3.8765788e-07 4.3495194e-05 0.0024748973 3.127219e-08 1.0770007e-05 1.209081e-07
0.9765158 0.9259096 0.7679902 9.267917e-15 0.47512954 0.5494778 0.016254729 0.6695976 0.8132569 0.054779436 0.41164616 0.14581203 0.17690127 0.5394419 0.032636985 1.4560801e-05 0.26595202 0.0008605584 0.0050701215 0.86262286 0.06585239 0.0005581761 0.016265577 0.0026532924 0.000612258 0.81415725 0.21233897 0.0036591263 0.013751351 0.00075915514 0.087524 0.0063763824 0.0018722839 3.458774e-06 0.094293825 0.00031734834 0.0003609677 0.00035263464 0.21724091 0.00062165677 0.0001738645 0.070085585 7.720133e-06 0.00019188746 3.2928885e-05 0.00022473965 0.004118736 0.04503005 0.001719668 2.065995e-05 0.06300466 1.6842489e-07 0.000551625 5.8932794e-05 0.0066795503 4.871974e-07 0.0045576687 6.196346e-05 0.0024666726 0.12757772 0.00016481393 4.904404e-06 1.314547e-05 0.0009794626 0.009201258 7.2035874e-07 4.129333e-05 0.010035295 5.185262e-08 4.503737e-06 2.81203e-08 0.0059677656 0.00011369228 0.00054950034 1.7779902e-07 0.007926758 0.00012071369 1.2162142e-05 3.8776994e-05 5.829146e-06 2.0617083e-05 0.0017547524 3.820588e-08 3.6771272e-07 2.3968957e-07 0.013842751 7.148888e-08 0.006845589 1.6283382e-08 0.0018726169 0.00019003193 0.00014066638 6.4935097e-07 8.7537774e-05 3.2767102e-06 4.4099085e-08 1.6015661e-05 0.006404536 1.3292101e-06 4.784924e-05 7.108e-07
0.79281306 0.6679572 0.65165716 0.47512954 8.50892e-19 0.9224851 0.9500583 0.0073679597 0.021715116 0.8639111 0.00028886658 0.9811214 0.27814776 0.096178636 0.4357123 0.13067284 0.006135093 0.14347792 0.19978034 0.07320738 0.06651094 0.011518004 0.000648715 0.01831723 0.058224037 0.001242235 0.016606906 0.15008986 0.13119607 0.5761536 0.04740278 0.00039288116 2.8444438e-07 0.000281977 0.3532225 0.0072107464 0.035267975 0.01096012 0.0005686317 0.053484034 2.8562207e-08 0.003558247 0.00030572954 1.7072996e-06 0.00051688636 3.542715e-06 2.9657854e-06 5.765756e-05 6.774428e-05 0.0006977769 0.0004202098 8.5066844e-05 0.017532721 0.0011657955 0.0009829113 0.00048170076 0.00017207245 7.6861085e-07 2.3488828e-06 0.029615855 9.3881465e-07 0.00027616543 0.0010116299 0.0025566437 0.0017905703 5.683855e-06 4.269702e-07 0.0007034596 6.1725295e-05 0.0011748589 2.398956e-05 0.0005048838 0.0016840779 0.000126774 2.5068503e-06 0.0012764281 3.3154263e-06 5.9830484e-07 0.0017451239 4.3022926e-08 9.967459e-08 3.201894e-05 1.43456145e-05 2.572537e-08 7.8872216e-07 0.0011185693 5.769416e-08 0.00079453655 1.2827865e-08 1.3932041e-05 0.0006312251 2.7214817e-06 0.00016764535 0.0002872984 8.498819e-05 0.00016063194 8.8008295e-05 0.00038961504 6.18577e-07 1.0769174e-05 3.3983036e-07
0.03307136 0.92346615 0.5669184 0.5494778 0.9224851 6.368974e-19 0.5432003 0.39902037 0.76004696 0.028777588 0.01676264 0.8877238 0.01459897 0.95951277 0.014900346 0.00088548707 0.0062963585 0.0017636198 0.030105151 0.010750258 0.0053488635 0.0014672953 0.00044646676 0.0041118674 0.0006488505 0.23927636 0.0011729612 0.0017161055 0.8237329 0.00465484 0.82654685 0.00018317645 1.059235e-05 1.2178773e-05 0.020385524 3.764641e-05 0.00014733557 0.00060926203 0.04670198 0.025544465 1.7409812e-06 0.0007275432 9.980338e-06 4.934735e-06 8.0393975e-06 1.3286707e-05 0.00011142142 0.019617116 5.7094594e-06 7.826138e-06 0.028964683 3.2239593e-06 0.00010547106 0.03237305 0.05049924 8.220791e-06 9.602247e-06 5.7576887e-07 0.0021132913 0.00058988744 4.4518606e-06 1.5867145e-05 5.0434455e-06 0.00021460578 3.4221766e-06 1.0817016e-07 3.2703053e-07 8.1203565e-05 1.5874492e-06 0.0007494869 4.2275694e-08 5.5673954e-06 3.105811e-06 3.888878e-06 6.8789166e-07 1.1075858e-05 1.1546245e-05 2.722985e-06 7.846091e-06 5.003462e-08 1.3151802e-07 3.9392166e-06 1.7736216e-06 4.4799675e-09 2.321648e-08 0.00017484755 5.012438e-09 0.00011059135 2.1271538e-09 1.6799288e-07 4.4278212e-07 1.953802e-07 5.3053805e-07 3.0914932e-06 2.5252652e-07 2.6606533e-06 2.1139513e-06 5.9126844e-05 8.9674035e-07 0.00042062296 4.9156387e-07
0.14849736 0.02335623 0.02981834 0.016254729 0.9500583 0.5432003 3.154677e-18 0.00051261333 0.00056707393 0.6394095 2.2267077e-05 0.9848826 0.039995555 0.0013286525 0.111343734 0.38910043 0.00033266607 0.5635429 0.94897217 0.004182777 0.005117097 0.19107597 2.5751946e-05 0.3759693 0.35820144 1.0782781e-05 0.0013267747 0.054792408 0.14708626 0.52307385 0.006663151 3.1010648e-05 6.9511124e-08 0.013972105 0.040579304 0.040207118 0.036819384 0.23467635 8.84694e-06 0.41628748 3.470121e-07 0.00014581237 0.009040155 2.0393168e-06 0.0058467486 2.8376714e-06 2.867204e-07 2.760584e-07 3.5963893e-07 0.008067352 4.3760087e-06 0.0017109214 0.030045653 0.0013009598 1.1786985e-07 0.0020159755 3.5891808e-05 1.3486306e-07 3.513682e-07 0.0028408505 8.7533516e-07 0.0018886393 0.012284366 0.0052202498 0.0002835778 6.697783e-05 4.5578875e-07 0.00014826501 0.00029739225 0.005808761 0.00053387316 7.2475574e-05 0.004001413 9.272698e-06 0.00038239232 0.00026085274 1.1044262e-06 7.820206e-08 0.0037085346 5.5243348e-09 1.3595418e-08 1.523564e-05 1.0662668e-05 1.5044336e-08 2.825875e-06 0.0010162815 5.899161e-07 0.000431142 6.466445e-08 1.9700855e-07 0.0003831966 3.4144358e-07 0.00050575176 0.00041860668 0.00036230448 0.00012553376 0.00073966023 0.00023843051 1.2243966e-07 2.9628336e-06 9.005034e-07
0.5876234 0.445247 0.32811266 0.6695976 0.0073679597 0.39902037 0.00051261333 4.2936352e-16 0.86175096 0.02023606 0.98582554 0.0038636213 0.021885717 0.24480347 0.005331268 3.5527214e-07 0.6661377 9.035349e-05 0.00012473979 0.28747445 0.008183894 5.7544617e-05 0.14275682 9.040615e-05 0.00034945138 0.90811133 0.034990422 0.0006095471 0.0001709729 0.00015140268 0.011665162 0.059011705 0.59044534 2.2919886e-08 0.010928453 5.267584e-05 0.00015755855 2.3253384e-05 0.6176055 3.335487e-05 0.013660533 0.1622304 2.1436217e-06 0.050213166 3.3644992e-05 0.014092109 0.48046383 0.50725293 0.35922378 1.3885106e-06 0.10210619 8.383939e-06 0.00011570437 7.29268e-05 0.013094117 2.831778e-06 0.0033342454 0.0036229326 0.05139293 0.009422151 0.040202785 3.888682e-06 1.6860577e-06 0.0027083154 0.0015852527 2.7886344e-07 0.002445546 0.005403583 1.4955675e-06 4.611595e-06 2.491373e-08 0.00096212444 3.698398e-05 0.007981682 1.3588575e-06 0.0019789587 0.0037921995 0.0004807886 5.6372032e-06 0.00011784181 0.00051585835 0.005074911 3.0228814e-06 8.2143524e-05 1.3559499e-08 0.005581822 5.7663247e-08 0.007355687 1.3213221e-08 0.010702681 4.5509323e-06 0.0029181945 2.8454324e-06 1.0496777e-05 4.742535e-06 5.652327e-07 1.2680018e-05 0.0047823577 0.00036792413 9.59533e-05 2.6777556e-05
0.11618725 0.7429589 0.758581 0.8132569 0.021715116 0.76004696 0.00056707393 0.86175096 1.884299e-16 0.005287581 0.14517406 0.017790105 0.0059599504 0.97402966 0.005013161 2.5000534e-06 0.055437524 5.013629e-05 3.7963066e-05 0.07575028 0.0030712467 1.2000679e-05 0.004883884 7.106042e-05 6.997875e-05 0.91950893 0.0038366285 0.00022266811 0.0077533806 0.00010618672 0.13126957 0.0024214624 0.0014294586 4.2257636e-08 0.009770492 1.9793984e-05 9.557278e-06 7.2419443e-06 0.6548398 1.0210003e-05 4.0587165e-05 0.018514333 2.982086e-07 0.00032645208 3.0556923e-06 0.00028343368 0.10709206 0.5523557 0.0042354856 4.0843435e-07 0.29191622 1.706226e-07 2.60192e-05 0.00040506542 0.20700803 4.3004164e-07 0.00012861393 1.2160112e-05 0.15508874 0.0013697164 0.0019064695 3.1561406e-06 1.925114e-08 3.7992766e-05 9.901293e-06 3.066568e-07 9.273291e-06 0.00019177917 1.1245606e-06 1.4575945e-05 4.7972093e-09 2.0263753e-05 8.807756e-07 0.00012300278 1.0702746e-07 4.0302282e-05 0.0003305485 4.3207074e-05 8.7442567e-07 2.1773144e-06 4.4051258e-06 3.7508045e-05 3.697146e-07 4.9131177e-07 3.0846962e-08 0.00042761696 5.442884e-08 0.00025870654 2.5316297e-08 7.954452e-05 5.445293e-06 2.344095e-05 1.4130245e-06 1.7520624e-06 7.1096275e-07 8.374114e-07 6.8614696e-07 0.00033074906 1.2619711e-05 0.0025804224 3.5797236e-06
0.9481645 0.04707688 0.09099934 0.054779436 0.8639111 0.028777588 0.6394095 0.02023606 0.005287581 1.6904025e-16 0.0028883228 0.23998466 0.9453315 0.0061960383 0.9519009 0.2074207 0.004065384 0.68722767 0.31107682 0.05776957 0.37877414 0.13938841 0.00030708336 0.16196688 0.7666105 0.00065625826 0.06101006 0.7561026 0.009794497 0.461785 0.0013968167 0.00032729906 1.2429928e-05 0.022779431 0.62601393 0.078996085 0.24709097 0.019410707 0.00018182273 0.01089228 1.0051735e-06 0.0032558574 0.00192495 2.6562977e-06 0.0031856003 7.75591e-06 1.3764778e-05 2.3084963e-06 2.2350176e-05 0.0064419205 0.00012193552 0.0007817522 0.07921367 6.6940476e-05 5.8000813e-05 0.0009110735 0.00088812783 1.8937468e-06 7.4822174e-06 0.05663264 1.4339056e-06 0.0002590391 0.0011080038 0.057672594 0.028247071 0.0002537182 3.7128254e-06 0.0035888695 2.4813891e-05 2.5443676e-05 9.031846e-06 0.007484545 0.0044133007 3.0234107e-05 5.4562795e-05 0.02125647 3.922225e-06 1.3816693e-06 0.005289649 4.964584e-07 1.7140845e-06 0.00032407136 1.5254111e-06 8.042802e-08 1.3190956e-05 0.017348077 1.9017951e-06 0.0046951193 1.2257833e-07 6.387133e-05 0.002099923 1.5515894e-05 0.00040964934 0.0047367997 0.0007004225 7.2123585e-05 0.0047310274 0.0033863226 5.1934006e-07 1.8649596e-06 1.5450598e-07
0.9168068 0.0820113 0.1697055 0.41164616 0.00028886658 0.01676264 2.2267077e-05 0.98582554 0.14517406 0.0028883228 3.193168e-17 1.7537e-05 0.011580366 0.016454319 0.0014653641 2.3669145e-08 0.92565006 1.297912e-05 8.025307e-07 0.35869154 0.012772812 1.554519e-07 0.69818634 4.8025794e-07 3.5594596e-05 0.06315499 0.08979831 9.1301095e-05 3.3646322e-06 2.2073702e-05 0.00022524108 0.38505346 0.7486636 4.5897444e-08 0.016230045 4.701665e-07 1.623773e-06 7.172595e-07 0.029568857 8.194552e-08 0.16323534 0.5813073 9.178671e-08 0.30167344 2.0096721e-07 0.07023369 0.018460508 0.0068204124 0.1599651 3.2997082e-08 0.002582984 3.7416652e-07 1.20150735e-05 8.041422e-06 7.896359e-05 3.7620921e-07 0.05019519 0.005118132 0.0011689228 0.07090657 0.0020114288 4.8311796e-07 1.3007694e-07 0.0005855188 0.012037686 1.2725847e-07 0.0032514664 0.08125003 1.2902167e-06 1.6836026e-06 1.6711107e-08 0.014532169 8.290824e-06 0.035473317 1.3324711e-07 0.005876199 0.0004689094 0.00069527235 1.5673667e-06 0.00033542392 0.00057734264 0.0362937 2.7499158e-07 5.3765365e-05 1.4586011e-07 0.07595241 5.3425047e-09 0.12679377 1.4690502e-09 0.024728602 2.2987781e-07 0.011764003 3.1404948e-06 1.0104828e-06 1.1912508e-06 3.6091433e-07 2.2727896e-05 0.09695002 0.00013971832 1.7670136e-06 3.564268e-06
0.066710405 0.20143092 0.3322237 0.14581203 0.9811214 0.8877238 0.9848826 0.0038636213 0.017790105 0.23998466 1.7537e-05 4.917982e-17 0.009513661 0.056031622 0.056468226 0.18153334 0.0004945666 0.011157693 0.77357167 0.002209295 0.0011887315 0.02068629 1.5362166e-05 0.083274625 0.012905847 7.443525e-05 0.0003159032 0.012737087 0.82932514 0.27209875 0.35505986 2.1454984e-05 2.8186969e-06 0.00038965873 0.055903673 0.00068132445 0.0019227915 0.11978495 9.354043e-05 0.75962937 1.7923897e-07 6.47239e-05 6.3686915e-05 1.3576682e-06 4.20384e-05 2.8364782e-06 2.0442685e-06 1.8214581e-05 1.8056751e-06 0.0010259558 0.00012256837 4.0631316e-05 0.0021478843 0.026261287 0.00022727282 2.4512736e-05 3.1988764e-06 1.5024078e-06 1.7452353e-06 0.00043901915 1.8470188e-06 1.1463475e-05 0.0037119759 0.0004627144 8.247615e-06 1.0634375e-05 1.2953121e-06 1.0911747e-05 1.691991e-05 0.036179204 0.00066501787 8.478164e-06 7.002228e-05 3.3502236e-06 1.7127488e-05 1.2089577e-05 1.9473405e-06 2.6487072e-07 0.0001570473 1.7812749e-08 2.5265297e-07 1.9365657e-06 2.0889104e-06 4.8491973e-08 4.3044665e-07 0.00024015919 8.670968e-08 0.00027637384 1.7231153e-08 6.2208875e-07 6.9137914e-06 4.8662486e-07 5.0865756e-06 4.7409994e-05 8.079843e-06 4.8443453e-06 6.113716e-05 0.00011447487 1.7551664e-06 6.7458577e-06 7.4902806e-07
0.7937204 0.08787804 0.27595237 0.17690127 0.27814776 0.01459897 0.039995555 0.021885717 0.0059599504 0.9453315 0.011580366 0.009513661 5.6500565e-17 0.0059804334 0.9750321 0.0015619687 0.04241252 0.018512726 0.0023896915 0.3892808 0.916155 0.004902835 0.0035671708 0.008315408 0.09711802 0.0005972616 0.4743759 0.59565616 0.0005868692 0.063534595 0.00029121022 0.0030841536 0.000107048545 0.00065705454 0.7586063 0.005472502 0.03429381 2.5367743e-05 0.0002187926 0.000110397035 5.1989216e-05 0.016632851 0.00026578942 0.0001516589 0.0012227714 0.0001390899 1.578549e-05 9.174392e-06 0.00070573215 0.00022193119 0.0002950129 0.00012320871 0.008620653 1.0067252e-05 6.918755e-05 0.00020694725 0.0039033396 2.9429704e-05 4.1893356e-05 0.102610335 3.4045954e-06 0.00011102482 4.6952237e-06 0.044705216 0.057205595 7.810346e-06 1.1107189e-05 0.009633157 7.343021e-06 4.825509e-06 3.015148e-08 0.018721156 0.00078797643 0.0005411026 7.347718e-07 0.03432229 4.5647976e-06 2.5804753e-05 0.0010054137 9.21609e-06 1.06004345e-05 0.0021938777 4.515195e-07 6.869697e-08 5.345441e-07 0.014083302 7.5923043e-07 0.008121735 6.192798e-08 0.0003830769 0.00067662407 5.783058e-05 8.1146514e-05 0.00094213366 0.00026479992 1.3101953e-05 0.0008826168 0.0065544336 4.072378e-06 6.799687e-06 5.9396365e-07
0.031132806 0.6530362 0.6297612 0.5394419 0.096178636 0.95951277 0.0013286525 0.24480347 0.97402966 0.0061960383 0.016454319 0.056031622 0.0059804334 5.7829814e-18 0.005268564 5.2183288e-05 0.0063724704 1.8622608e-05 0.000320433 0.019808017 0.001755663 2.3511588e-05 0.00012253283 0.00015832779 2.0659754e-05 0.7226381 0.0007665309 0.00015848051 0.16348523 0.00037301326 0.9128521 0.00011509566 0.000112667425 2.4981109e-08 0.008639027 2.5407146e-06 1.1893465e-05 4.9739912e-05 0.54590625 8.8153785e-05 1.0677336e-06 0.0013835254 5.634362e-07 1.7690345e-05 2.8919774e-07 2.293772e-05 0.017760558 0.49954987 0.00021626298 1.4477955e-07 0.48882282 4.334422e-07 2.5156769e-05 0.012937746 0.53247964 6.28623e-08 4.9779705e-06 3.765434e-07 0.19168057 0.00041285716 0.0002298091 2.4834926e-06 1.47746695e-08 3.6791447e-05 2.090439e-06 1.3959266e-07 1.5394597e-06 1.749075e-05 1.6145805e-06 0.00018776141 4.373394e-09 1.1153246e-05 2.2583988e-06 4.6594673e-06 1.093382e-07 1.4598566e-05 3.018559e-05 2.0660414e-06 1.1058544e-06 1.1774099e-07 1.7247913e-07 1.3423809e-06 4.9063676e-08 3.046317e-08 1.1171773e-08 0.00015582441 1.0117412e-08 8.666311e-05 4.5326467e-09 1.4364006e-06 1.6096416e-07 4.3967652e-06 3.1623304e-07 2.6882913e-06 1.1208447e-07 1.3612402e-06 5.381453e-06 0.00013672862 2.2829138e-06 0.021745242 1.419471e-06
0.81686926 0.040413585 0.095935605 0.032636985 0.4357123 0.014900346 0.111343734 0.005331268 0.005013161 0.9519009 0.0014653641 0.056468226 0.9750321 0.005268564 7.377895e-17 0.042613678 0.0060637216 0.08731314 0.030828703 0.09333497 0.8118494 0.013907684 0.0008570714 0.012450032 0.54926586 0.00077709614 0.1994793 0.83784175 0.0023169327 0.16941005 0.0006574654 0.00062292354 5.9518134e-06 0.0038343843 0.7085996 0.037748486 0.1933442 0.0019183552 0.00014947818 0.0012701356 2.3127138e-06 0.002418265 0.0028291154 5.5529035e-06 0.0038433648 3.388563e-05 2.6020648e-06 2.3177965e-06 7.325218e-05 0.0009896937 3.433267e-05 0.0015437949 0.07215395 2.131774e-05 2.7934124e-05 0.0017280773 0.0014670001 5.5123073e-06 2.9294413e-06 0.09623511 1.7675395e-06 0.00047249088 7.683266e-05 0.100200996 0.06319043 0.00012553962 6.9049693e-06 0.0037707873 6.17816e-05 4.3509326e-06 7.546588e-07 0.016250499 0.0033178306 7.350137e-05 2.5050473e-05 0.03627147 4.6694854e-06 4.512094e-06 0.0026173152 4.3096293e-07 4.826685e-07 0.00044185267 2.613111e-06 1.103373e-07 1.3209424e-05 0.011719616 1.5171979e-06 0.0029836593 1.6371898e-07 1.8361432e-05 0.0031819826 9.680432e-07 0.0015513076 0.002405412 0.0010457406 0.00013527341 0.0026275641 0.002359893 7.6191014e-08 5.2202595e-05 5.3659534e-07
0.95538807 8.435954e-05 9.584515e-06 1.4560801e-05 0.13067284 0.00088548707 0.38910043 3.5527214e-07 2.5000534e-06 0.2074207 2.3669145e-08 0.18153334 0.0015619687 5.2183288e-05 0.042613678 5.653228e-16 1.9024544e-07 0.9907315 0.75633407 5.5710363e-05 0.00077958277 0.4157177 8.979962e-08 0.37076357 0.83277696 4.270172e-06 2.559808e-05 0.14583915 0.022788243 0.82602745 7.998252e-05 3.3720022e-07 3.7921843e-09 0.35479763 0.114859946 0.31373027 0.23497581 0.6650486 9.0515107e-07 0.26537898 7.396069e-10 5.643645e-05 0.121431366 1.4878341e-08 0.0393711 2.6417737e-08 1.304505e-07 4.7671733e-07 2.5829111e-08 0.047918607 1.7468569e-06 0.012562771 0.42191395 0.00012786766 3.583323e-08 0.006597904 1.43124635e-05 5.2109208e-08 1.6286559e-07 0.030184463 1.4851202e-07 0.03421425 0.0078448765 0.03867116 0.012588784 0.013496672 1.0274116e-07 0.0001510878 0.0005271577 0.0025066438 0.000755461 0.00044207077 0.20438938 5.0791715e-07 0.017707158 0.009967951 1.7069119e-06 1.6075083e-08 0.1639987 1.2241835e-08 2.703328e-08 1.6666402e-06 1.9345083e-05 4.992906e-09 0.001001409 0.00101734 1.0035371e-05 0.00036451107 3.0628923e-06 5.1586e-07 0.032592926 5.37689e-07 0.002903407 0.052999664 0.0018962318 0.0019830507 0.059000634 0.00043007775 1.9798504e-08 5.7009497e-06 1.6291001e-07
0.92841685 0.046284497 0.09185908 0.26595202 0.006135093 0.0062963585 0.00033266607 0.6661377 0.055437524 0.004065384 0.92565006 0.0004945666 0.04241252 0.0063724704 0.0060637216 1.9024544e-07 9.376229e-16 3.1622974e-05 9.0137124e-05 0.81620634 0.109963395 4.7707574e-05 0.96372575 8.0676735e-05 0.00016471918 0.11388037 0.72321504 0.0016825376 1.8899029e-05 9.7051874e-05 0.00047186718 0.5161937 0.28667766 4.9148656e-07 0.049697354 2.2248183e-05 4.3497646e-05 9.87292e-06 0.03944536 4.533998e-06 0.14210162 0.84579414 4.3628802e-07 0.105009995 6.7557565e-05 0.013840124 0.018603053 0.008461367 0.042186555 1.1973516e-05 0.007194007 1.758228e-07 0.00012345759 4.70785e-06 0.0002159106 2.7959989e-06 0.22354911 0.0027948061 0.0011998488 0.11382159 0.0010723809 6.933769e-07 2.6996158e-06 0.008055915 0.15536132 3.049375e-06 0.0008620324 0.33463416 5.215776e-07 1.7270993e-05 3.7395105e-07 0.1711603 3.0236963e-05 0.016269166 1.7777672e-06 0.061013147 0.00041262037 0.00019261187 2.357823e-05 0.00023590411 0.0006449912 0.034217637 7.1833426e-07 6.697566e-05 1.0672387e-06 0.14813864 1.0612466e-06 0.11527838 1.4151317e-07 0.010268143 0.00026018615 0.0048502972 9.561919e-06 0.00011288565 2.7499027e-05 3.822512e-06 4.8582082e-05 0.038890123 0.00015856518 5.303764e-06 1.2552376e-05
0.44868395 0.0006414924 0.00092546677 0.0008605584 0.14347792 0.0017636198 0.5635429 9.035349e-05 5.013629e-05 0.68722767 1.297912e-05 0.011157693 0.018512726 1.8622608e-05 0.08731314 0.9907315 3.1622974e-05 5.171968e-15 0.4010081 0.00032266387 0.0010060995 0.86580974 5.8488615e-05 0.876835 0.8407998 1.8156898e-05 0.0016898761 0.028926957 0.0018241127 0.27075526 5.812216e-06 4.1071118e-05 3.1225761e-06 0.56672996 0.0079614 0.17305155 0.04602547 0.19414604 7.1900563e-06 0.022165257 8.495488e-07 3.606123e-05 0.11497319 1.2591472e-07 0.23248424 1.1207181e-06 2.8831555e-06 1.4505978e-06 5.7312427e-06 0.17261307 2.9076107e-05 0.5122417 0.12880236 4.865627e-05 3.0398294e-07 0.06772206 3.0377807e-05 5.5957294e-06 9.824142e-07 0.0030359577 3.6202022e-05 0.027772652 0.008746928 0.021490023 0.0028750175 0.009570728 2.573622e-06 0.00035171284 0.007025415 0.0010107277 0.0007089715 0.00024181484 0.061112143 6.4721615e-05 0.010772206 0.004558586 0.00016830118 7.9873935e-06 0.065419 7.3635615e-06 3.353785e-06 2.8876591e-05 0.00050765905 4.0155723e-07 0.0029386387 0.00019475394 0.00020801119 0.00030677865 4.4822293e-05 2.7622045e-06 0.009121616 3.823621e-06 0.004372538 0.013401892 0.003413997 0.003992886 0.016056977 0.00018476108 3.2611086e-05 2.731412e-06 3.2522926e-06
0.4275323 0.0049775057 0.0061193574 0.0050701215 0.19978034 0.030105151 0.94897217 0.00012473979 3.7963066e-05 0.31107682 8.025307e-07 0.77357167 0.0023896915 0.000320433 0.030828703 0.75633407 9.0137124e-05 0.4010081 2.806311e-17 0.0009695267 0.00041518154 0.34701905 1.3872776e-05 0.8778474 0.17857014 3.5192475e-06 6.216411e-05 0.017648632 0.113247395 0.72086877 0.0016754866 1.6435819e-05 4.0778556e-07 0.07187857 0.023815976 0.025463162 0.020154469 0.9393723 4.310803e-06 0.9820476 5.271961e-07 0.0003733914 0.01874533 2.6839389e-06 0.005572368 1.6947887e-06 8.860715e-07 2.3605874e-06 4.235391e-06 0.24779822 8.191295e-06 0.00628895 0.055284906 0.0014133528 1.04024835e-07 0.0019057551 1.0226257e-05 3.773321e-07 1.2171488e-06 0.0015419343 1.166333e-06 0.009450133 0.15182249 0.00444892 1.666061e-05 0.0015314157 3.9288134e-06 2.9502233e-05 0.0035501018 0.04528285 0.009136082 2.8302025e-05 0.017629212 1.4859079e-05 0.035603307 3.3244294e-05 3.592699e-06 7.51018e-07 0.021021876 1.1120289e-07 2.7035256e-07 1.5615568e-06 3.6280097e-05 8.18431e-07 2.0894515e-05 0.00062456203 1.5611578e-06 0.0007337194 1.481633e-07 4.5991914e-08 0.00041506934 1.4542121e-07 0.00055365614 0.00054217706 0.00043947742 0.0010469524 0.00054977415 0.00027127835 3.8698877e-06 9.215462e-07 1.6159008e-06
0.9676346 0.42122725 0.87174845 0.86262286 0.07320738 0.010750258 0.004182777 0.28747445 0.07575028 0.05776957 0.35869154 0.002209295 0.3892808 0.019808017 0.09333497 5.5710363e-05 0.81620634 0.00032266387 0.0009695267 6.433995e-14 0.43522993 0.0024091655 0.06214062 0.0024970176 0.00090518605 0.059257265 0.97711253 0.012781312 4.8124413e-05 0.0012952542 0.00015944453 0.0766212 0.0022604675 5.7084388e-05 0.21370134 0.00019906896 0.00060405507 0.00027645848 0.002131392 3.0057958e-05 0.0040013907 0.16222109 1.9892702e-06 0.0024438393 4.670561e-05 0.00040756087 0.00036423694 0.00025370586 0.0033697318 3.24052e-05 0.0006230079 1.7581737e-06 0.00079614535 9.49292e-06 2.0433652e-05 6.808577e-06 0.020706259 9.152768e-05 6.1864615e-05 0.551402 3.7026402e-05 1.6745998e-06 2.367388e-05 0.016619477 0.055321768 2.4260678e-05 7.444846e-05 0.038499624 5.88394e-07 1.703017e-05 2.225769e-07 0.044785526 7.321509e-05 0.002816995 2.093856e-05 0.035113923 0.00027357633 8.8686196e-05 9.405249e-06 1.8564146e-05 4.0590414e-05 0.0055398233 1.6879663e-07 2.5575957e-06 3.5594717e-06 0.08406966 1.735572e-06 0.03419113 1.1301021e-07 0.0020440035 7.423385e-05 0.000757856 1.5827088e-06 4.573127e-05 1.1520387e-05 2.4549297e-07 0.00011585652 0.031803966 1.7455273e-05 4.590813e-06 3.0813255e-05
0.8962066 0.024530375 0.14343287 0.06585239 0.06651094 0.0053488635 0.005117097 0.008183894 0.0030712467 0.37877414 0.012772812 0.0011887315 0.916155 0.001755663 0.8118494 0.00077958277 0.109963395 0.0010060995 0.00041518154 0.43522993 7.3556665e-17 0.000851686 0.0055113435 0.0012920909 0.05201182 0.00058475015 0.8192221 0.66973174 7.058987e-06 0.036393676 8.266354e-05 0.004294913 6.5698594e-05 2.587131e-05 0.9722024 0.0058184387 0.035674237 1.08802615e-05 9.569532e-05 7.4655454e-06 5.0163457e-05 0.027894143 0.0002018228 0.00010475112 0.0008629109 7.718687e-05 1.11442505e-05 9.909713e-07 2.951118e-05 9.255995e-05 3.8964718e-05 1.9653624e-05 0.006362099 2.3331588e-06 2.8664143e-05 0.00014313945 0.0065032337 2.5537242e-05 1.4512661e-06 0.47183752 9.159365e-06 3.5150697e-05 1.2323738e-08 0.13067342 0.34036595 4.43021e-06 9.404227e-06 0.025110887 2.7016736e-06 1.5249848e-06 8.526673e-09 0.106516905 0.0016931993 0.00048296576 6.235892e-07 0.18204257 2.1415795e-05 3.8023172e-05 0.0007248256 5.644228e-06 6.8105637e-06 0.0019756267 4.030293e-07 1.5548082e-07 9.139556e-08 0.035430524 6.7339215e-08 0.013393894 2.4437073e-08 0.0008951861 0.0012253482 3.642463e-05 0.00015849776 0.0008074421 0.00025394795 8.505221e-06 0.0005465785 0.008245965 4.3145644e-07 1.8280754e-06 3.684355e-07
0.35030448 0.00059090176 0.0009019745 0.0005581761 0.011518004 0.0014672953 0.19107597 5.7544617e-05 1.2000679e-05 0.13938841 1.554519e-07 0.02068629 0.004902835 2.3511588e-05 0.013907684 0.4157177 4.7707574e-05 0.86580974 0.34701905 0.0024091655 0.000851686 1.1400418e-16 2.7965457e-06 0.9948844 0.43331957 5.887145e-07 0.00036140563 0.026614925 0.00039576643 0.36455998 3.6410736e-05 1.4137773e-05 3.372004e-08 0.71138686 0.011681443 0.18669146 0.059971064 0.507965 9.3344823e-07 0.06672901 7.65264e-07 5.1891922e-05 0.28987503 2.1082476e-06 0.18821768 3.1572213e-06 3.569205e-07 9.756901e-08 1.117756e-06 0.6441071 1.4725298e-06 0.3560833 0.10443685 8.368054e-05 1.19877805e-08 0.11173691 7.968639e-06 1.0020035e-06 1.917042e-06 0.0049387845 3.1522467e-07 0.1415316 0.055325713 0.0071078255 0.00033631647 0.04558861 4.550422e-07 9.6398704e-05 0.11998861 0.0016046154 0.0060356706 8.706189e-05 0.093006015 8.419217e-06 0.08634439 0.00034824124 1.0838995e-06 1.0353448e-06 0.15412812 1.4769971e-07 4.4750678e-08 2.2016346e-05 0.009235994 1.08571776e-07 0.0062411157 0.00049734296 0.0006088949 0.0006313516 0.00024153022 2.2424923e-07 0.009534211 8.514703e-07 0.025599547 0.01689313 0.0063232565 0.0125635555 0.0332384 0.00019377888 6.801292e-07 3.4740915e-05 1.3282179e-06
0.6491409 0.0023917672 0.0031545549 0.016265577 0.000648715 0.00044646676 2.5751946e-05 0.14275682 0.004883884 0.00030708336 0.69818634 1.5362166e-05 0.0035671708 0.00012253283 0.0008570714 8.979962e-08 0.96372575 5.8488615e-05 1.3872776e-05 0.06214062 0.0055113435 2.7965457e-06 2.3791438e-16 1.7970762e-05 0.00013124695 0.0071491115 0.05474629 0.00032082986 3.3937938e-06 3.9780356e-05 2.7285598e-05 0.9618743 0.5796735 8.529897e-08 0.0024741222 2.610908e-05 3.8503826e-05 3.3493354e-06 0.0030192442 7.187893e-07 0.7659974 0.76526797 2.0136827e-06 0.47740117 9.739822e-06 0.11640275 0.019575823 0.0010361583 0.115147345 4.9443965e-08 0.00039814174 1.545723e-07 2.7618898e-05 2.0511427e-06 7.338331e-06 2.1435152e-08 0.38576636 0.048117395 0.00032015226 0.017162947 0.0011085855 1.1258386e-06 3.9503714e-08 0.0029234367 0.020732766 3.6252806e-07 0.010031057 0.12544197 5.97948e-08 3.8123258e-06 6.5123498e-09 0.032019068 6.614104e-05 0.119516484 8.2731435e-07 0.019190617 0.0032928432 0.00508939 3.7943787e-06 0.001286305 0.0045278044 0.14349398 1.0465576e-06 0.00026438507 3.947622e-08 0.052780665 1.66169e-08 0.09315861 2.6227343e-09 0.047981862 5.3853855e-06 0.016661009 2.070989e-06 5.7322784e-05 6.3152347e-06 1.0305445e-06 3.6930196e-05 0.0649487 0.0018098932 4.009092e-06 4.493828e-05
0.19708373 0.0015343197 0.0020217136 0.0026532924 0.01831723 0.0041118674 0.3759693 9.040615e-05 7.106042e-05 0.16196688 4.8025794e-07 0.083274625 0.008315408 0.00015832779 0.012450032 0.37076357 8.0676735e-05 0.876835 0.8778474 0.0024970176 0.0012920909 0.9948844 1.7970762e-05 2.2811156e-16 0.3086892 3.0834906e-06 0.000303645 0.022636278 0.0012919423 0.20534496 0.00015697721 4.9921022e-05 2.5807346e-06 0.37584457 0.013787574 0.075404525 0.029445192 0.8494103 1.6193833e-05 0.26932558 9.703733e-07 5.634911e-05 0.110901155 7.1168666e-05 0.07597258 8.578543e-06 1.8611848e-07 4.776835e-07 2.3951854e-06 0.6849958 2.1912565e-06 0.09604846 0.05721022 6.0966915e-05 3.584745e-08 0.022663206 1.4814522e-05 4.9811947e-06 3.8164455e-07 0.0044688894 4.2794778e-07 0.052358214 0.2249548 0.012023889 0.00021219923 0.027822748 7.850043e-06 0.00019354597 0.032188646 0.0028824764 0.016577916 0.0003090064 0.048116043 2.3082112e-05 0.087446526 0.000625673 1.9229294e-07 6.820434e-07 0.066210195 3.9226265e-07 3.0415404e-07 2.039882e-05 0.0039665406 4.100396e-07 0.001098831 0.0010824875 0.00016975275 0.0006493321 5.108191e-05 1.18057386e-07 0.0030131866 2.1659775e-06 0.008843043 0.0056980504 0.005173761 0.0035311878 0.012606415 0.0007103464 8.196703e-06 2.5496529e-05 6.8325426e-07
0.8403297 0.00078345207 0.00074332394 0.000612258 0.058224037 0.0006488505 0.35820144 0.00034945138 6.997875e-05 0.7666105 3.5594596e-05 0.012905847 0.09711802 2.0659754e-05 0.54926586 0.83277696 0.00016471918 0.8407998 0.17857014 0.00090518605 0.05201182 0.43331957 0.00013124695 0.3086892 2.2322042e-16 8.622753e-06 0.0034300303 0.885391 0.00043346433 0.93379146 8.379626e-05 0.00013167334 4.992782e-07 0.31073573 0.11247061 0.92790806 0.7836686 0.031650435 5.04346e-06 0.002565205 7.16321e-07 8.693287e-05 0.7391623 3.709539e-07 0.5596646 1.4049488e-06 1.1833395e-06 1.6096999e-07 5.9455615e-06 0.04080696 9.99763e-06 0.14775366 0.57845473 9.45033e-06 8.411953e-08 0.24390665 0.00045021393 1.9935135e-07 3.6502402e-06 0.01100912 1.1529311e-05 0.031347312 0.0031658825 0.23943035 0.025434604 0.0034734937 3.0536776e-07 0.0007400233 0.0007069272 5.6542252e-05 0.00019702801 0.0024255232 0.10561122 2.2628972e-05 0.0003569076 0.017214673 4.666271e-06 8.683617e-07 0.07988762 1.695766e-07 2.752697e-07 0.0002892848 3.237907e-05 1.2426365e-08 0.000116751165 0.0023947128 3.7341935e-05 0.0008990096 2.491221e-06 5.2828655e-06 0.045224283 1.1479868e-06 0.0057441513 0.046626788 0.0077675907 0.001027304 0.043228257 0.001337013 4.1893432e-07 1.9231454e-06 5.884759e-07
0.14498614 0.57384884 0.6801276 0.81415725 0.001242235 0.23927636 1.0782781e-05 0.90811133 0.91950893 0.00065625826 0.06315499 7.443525e-05 0.0005972616 0.7226381 0.00077709614 4.270172e-06 0.11388037 1.8156898e-05 3.5192475e-06 0.059257265 0.00058475015 5.887145e-07 0.0071491115 3.0834906e-06 8.622753e-06 1.4036262e-13 0.0018214164 5.2667554e-05 9.1269234e-05 2.9052047e-05 0.19510573 0.007702807 0.0045751273 2.6956295e-07 0.0017315324 3.0771334e-06 5.376164e-06 1.1574062e-05 0.96876436 2.5648428e-06 0.00024388138 0.046245806 5.0095927e-08 0.011685242 3.89636e-07 0.0074336547 0.85887367 0.6822361 0.09683987 2.722149e-06 0.36272803 2.9526663e-07 6.3215826e-05 3.8598642e-05 0.11779958 9.924108e-07 0.0002439607 0.0001807386 0.10176434 0.0047965515 0.026715392 4.6952485e-07 4.780779e-08 3.8910282e-05 4.1538333e-05 7.76859e-06 2.4459354e-05 0.0003857537 9.2026477e-07 1.0988686e-06 1.932788e-07 0.00015233236 9.418362e-06 0.0004878014 3.4218618e-07 8.232335e-05 0.00033825624 0.00012547761 2.1736464e-06 1.4252878e-06 9.76123e-06 9.217677e-05 4.866146e-07 5.717041e-07 2.8582152e-08 0.00468535 3.8037697e-08 0.0011745978 1.26450646e-08 7.6287615e-05 2.694117e-06 0.00010602502 1.5340839e-06 1.838067e-05 3.9365846e-06 1.17345e-06 3.4593628e-05 0.00059361657 5.5492874e-06 0.0009825337 2.740531e-06
0.92952156 0.018317487 0.1920111 0.21233897 0.016606906 0.0011729612 0.0013267747 0.034990422 0.0038366285 0.06101006 0.08979831 0.0003159032 0.4743759 0.0007665309 0.1994793 2.559808e-05 0.72321504 0.0016898761 6.216411e-05 0.97711253 0.8192221 0.00036140563 0.05474629 0.000303645 0.0034300303 0.0018214164 6.6121404e-17 0.098474085 1.6525746e-06 0.002027771 4.576748e-05 0.046003506 0.0014792746 2.4367123e-06 0.40428835 0.0006500332 0.0017987926 6.372227e-07 0.0004818 1.1149534e-07 0.0015097633 0.250609 3.0830597e-05 0.0008932371 0.0006880214 0.00033459102 0.00018630983 0.00015343679 0.00027468297 9.188122e-06 0.00041754014 5.312996e-05 0.0009207034 2.409696e-05 3.3010429e-06 1.9165513e-05 0.060174633 5.1274605e-05 5.1441722e-05 0.8456194 3.162632e-05 4.5072857e-06 1.2778725e-07 0.19343942 0.56573963 9.3817914e-07 2.0673393e-05 0.3501588 8.409166e-07 1.6111475e-06 7.697067e-09 0.5635879 0.00305638 0.0045382553 2.498891e-07 0.3028126 3.286896e-05 2.7894113e-05 0.00029740614 7.728309e-06 2.4355679e-05 0.01134097 2.4506633e-07 5.610895e-08 1.4911191e-07 0.17842086 5.8526414e-08 0.045701224 2.5120436e-08 0.004054423 0.001463231 0.00011228568 0.00017330515 0.0008370078 0.00019321714 1.928098e-06 0.00029602894 0.027532801 1.1870637e-06 7.639576e-06 5.543937e-07
0.9213989 0.004537478 0.0058425795 0.0036591263 0.15008986 0.0017161055 0.054792408 0.0006095471 0.00022266811 0.7561026 9.1301095e-05 0.012737087 0.59565616 0.00015848051 0.83784175 0.14583915 0.0016825376 0.028926957 0.017648632 0.012781312 0.66973174 0.026614925 0.00032082986 0.022636278 0.885391 5.2667554e-05 0.098474085 1.3146889e-18 0.00045653686 0.9557398 3.638991e-05 0.0003278764 2.9558217e-07 0.008341884 0.78246236 0.539691 0.916488 0.0014327603 3.8372427e-06 0.0002461552 2.9897998e-07 0.0010758761 0.019991193 5.9366465e-07 0.010678727 4.2460065e-06 4.182936e-07 4.4395737e-08 7.527056e-06 0.0005834208 9.678822e-06 0.00029858155 0.4331319 7.4176064e-06 1.7356382e-06 0.002009313 0.0009333638 2.5685623e-07 9.0289393e-07 0.10637709 5.865519e-07 0.0012767641 9.313954e-06 0.5633602 0.1292833 9.035064e-05 3.6129518e-07 0.0034850226 0.00016132109 2.935062e-06 6.828302e-07 0.021791548 0.00790158 3.1964686e-05 5.848218e-06 0.08630427 1.071844e-06 9.436043e-07 0.009127855 2.8593547e-08 8.0671846e-08 0.00039973453 2.114044e-06 6.2369736e-09 2.7368878e-06 0.01058509 8.624895e-07 0.0019094555 1.4906854e-07 1.5223265e-05 0.0061603067 1.2699509e-06 0.0021754964 0.008118286 0.001220985 0.00031002684 0.009252083 0.0027212126 1.6121694e-08 3.6974584e-06 1.6564285e-07
0.0007003617 0.07673073 0.040499892 0.013751351 0.13119607 0.8237329 0.14708626 0.0001709729 0.0077533806 0.009794497 3.3646322e-06 0.82932514 0.0005868692 0.16348523 0.0023169327 0.022788243 1.8899029e-05 0.0018241127 0.113247395 4.8124413e-05 7.058987e-06 0.00039576643 3.3937938e-06 0.0012919423 0.00043346433 9.1269234e-05 1.6525746e-06 0.00045653686 2.468974e-19 0.012430143 0.9897093 4.580654e-06 5.978474e-07 1.7637247e-05 0.00058981543 2.5743571e-05 0.00011595423 0.011429854 3.524667e-05 0.62052274 5.2564434e-07 2.6066498e-06 1.3458047e-06 1.1588038e-06 1.1445582e-05 2.1327387e-06 1.356367e-07 6.6685825e-06 2.1625433e-06 8.811185e-05 9.137931e-05 9.643718e-06 6.203404e-05 0.80121386 0.0005073621 1.6647617e-05 2.851508e-07 7.485575e-07 3.7457678e-05 5.4359873e-05 3.9663186e-07 3.2701917e-06 0.00096736365 4.6445453e-05 3.5030773e-06 3.301956e-06 1.8552551e-07 2.45109e-06 2.2828244e-06 0.024599321 0.000100360354 5.196527e-07 8.797947e-06 1.2683688e-06 1.11807e-05 2.7662762e-07 3.1136207e-07 3.9059723e-06 1.0452275e-05 8.3967244e-08 2.2285728e-07 1.1136925e-06 2.372791e-06 2.2510209e-08 2.2262063e-07 1.659629e-05 1.16167676e-07 1.7981081e-05 1.5027251e-07 1.9227398e-06 8.268817e-06 1.0858892e-06 2.500337e-06 5.2754594e-06 2.3681725e-06 3.4080258e-06 8.901238e-06 7.8279e-06 1.9289275e-06 5.708945e-05 2.7904287e-08
0.97599703 0.0017338425 0.0019421717 0.00075915514 0.5761536 0.00465484 0.52307385 0.00015140268 0.00010618672 0.461785 2.2073702e-05 0.27209875 0.063534595 0.00037301326 0.16941005 0.82602745 9.7051874e-05 0.27075526 0.72086877 0.0012952542 0.036393676 0.36455998 3.9780356e-05 0.20534496 0.93379146 2.9052047e-05 0.002027771 0.9557398 0.012430143 2.1794816e-15 0.0009661038 3.891592e-05 2.3518224e-07 0.18914835 0.24441174 0.7611409 0.84276193 0.29090708 1.9684932e-05 0.066963755 1.9829011e-07 0.0001804071 0.10482379 3.3641203e-07 0.04374875 7.666752e-07 7.010486e-07 6.687928e-07 1.9278737e-06 0.011184668 8.511744e-06 0.004155484 0.43895128 2.1862834e-05 1.1147774e-06 0.005208733 0.00017031007 1.3462571e-07 1.448205e-06 0.012964721 2.4043268e-07 0.005463322 0.0004147767 0.122878686 0.012772581 0.0017647025 5.8445795e-07 0.0009617758 0.00030636258 0.00010880278 2.2138083e-05 0.0016333186 0.018736314 1.5739049e-06 0.0018995694 0.007109361 6.204269e-07 3.52282e-08 0.020754026 5.0322605e-08 4.2675424e-08 5.2798354e-05 1.961524e-05 3.5636255e-08 4.014554e-05 0.0028903561 1.3506231e-05 0.0008882667 3.6388917e-06 1.6064126e-06 0.011727252 8.182526e-08 0.0022505021 0.0059003346 0.002114275 0.001121211 0.01156988 0.0008433489 1.1882542e-08 0.00017319724 1.4022602e-07
0.0014847222 0.3107267 0.13975108 0.087524 0.04740278 0.82654685 0.006663151 0.011665162 0.13126957 0.0013968167 0.00022524108 0.35505986 0.00029121022 0.9128521 0.0006574654 7.998252e-05 0.00047186718 5.812216e-06 0.0016754866 0.00015944453 8.266354e-05 3.6410736e-05 2.7285598e-05 0.00015697721 8.379626e-05 0.19510573 4.576748e-05 3.638991e-05 0.9897093 0.0009661038 5.9758736e-13 1.0384356e-05 1.3576949e-05 8.8684e-07 0.00053939957 1.6368908e-06 1.0179581e-05 0.0003441316 0.14867383 0.04210841 2.262459e-07 1.3537295e-05 2.1736837e-06 2.4071455e-06 8.069055e-06 1.5693373e-05 0.0015251457 0.09510469 0.00020425051 4.075395e-05 0.21105216 1.5332671e-05 3.0085892e-05 0.7445221 0.5530219 4.1920248e-07 2.6187395e-06 6.675534e-07 0.0031853998 0.00014427242 0.00017271462 1.933542e-07 2.5026166e-05 6.9267895e-05 2.5351599e-06 8.296357e-05 3.4502084e-06 1.2656823e-05 1.3694975e-05 0.0053516696 1.8055314e-05 1.131897e-05 4.175158e-06 1.3456102e-05 3.7764728e-06 5.6970663e-07 7.2788316e-05 2.7689288e-07 1.7666766e-06 6.664784e-07 2.6035123e-06 8.363283e-07 7.3890474e-06 1.1238541e-06 1.1615261e-07 2.4765215e-05 3.6496306e-08 3.2924272e-05 3.010918e-08 3.1965587e-06 6.0971036e-07 5.336593e-07 1.4646021e-05 2.032746e-06 1.1819038e-06 4.391131e-05 1.5733009e-05 3.761931e-05 3.289546e-05 0.3999338 1.2938116e-05
