2.0071765e-20 0.57643324 0.105204 0.19724429 0.18897206 0.9749936 0.022187248 0.9924106 0.014296115 0.72336495 0.57447183 0.022887513 0.52398115 0.11753951 0.91054326 0.05957496 0.6797838 0.9065513 0.09656932 0.62888134 0.9518136 0.96074563 0.36569047 0.90828514 0.043293256 0.2279525 0.31341 0.38344175 0.00180029 0.8844663 0.0013595932 0.9311445 0.12096983 0.95022696 0.977752 0.09246873 0.0058529554 0.9523695 0.9143912 0.19638011 0.9568072 0.93965745 0.809008 0.60251534 0.005931291 0.016741721 0.00020329398 0.97614384 0.1925689 1.9847594e-05 0.0003010956 0.7706205 0.94132113 0.10109849 0.8886119 0.8931945 0.77033454 0.9345586 0.8462867 0.94264686 0.047838915 0.95176655 0.91997224 1.6820932e-05 0.68297994 0.9794019 0.8356923 0.19075024 0.058316205 0.9736306 0.42451257 0.950633 3.893337e-05 0.9971031 0.8446788 0.9805045 0.000669116 0.6609265 4.3458645e-08 5.4865905e-05 0.9991134 0.9158489 0.00010197212 0.9992944 0.92737174 0.9734424 0.9932826 0.9855329 3.3611286e-05 0.88149554 0.946227 0.99993986 0.9220219 0.9930976 0.036753427 0.12294314 0.99836046 0.9990742 0.9217722 0.5645714 0.9999448
0.57643324 8.929029e-16 0.04389608 0.05963149 0.9468525 0.956811 0.36474493 0.9229862 0.019967405 0.029445289 0.019207075 0.0018434721 0.9508056 0.0021609745 0.4643345 0.45544606 0.0025561487 0.0197922 0.56783605 0.462655 0.00031969184 0.37447095 0.0022354058 0.12983659 0.30540535 0.00047008693 0.1449089 0.000109061446 0.052470993 1.542463e-05 0.012099169 0.089639075 0.00017000208 0.00024914445 0.05988559 4.969596e-05 0.07849049 0.005847027 0.0001892019 0.1093816 0.00025706465 0.00057232194 3.6226196e-05 0.00011777653 0.03411081 2.0346777e-06 5.8685233e-05 0.014962032 1.1611944e-06 1.076131e-07 0.0028674337 5.837792e-06 0.0020358823 0.034431614 9.663045e-05 5.560187e-05 0.0027955538 7.3210513e-06 3.6222118e-05 0.018235022 1.351711e-06 0.0052003 0.00025721206 0.0011089362 0.00011216271 7.975777e-06 3.772152e-05 0.002911373 9.72233e-08 2.3016453e-05 0.00011151773 9.374454e-06 0.0011102456 0.032848414 1.0499841e-05 0.00011351634 6.838414e-06 9.582071e-07 4.906483e-07 1.3699965e-05 0.00091725856 2.064188e-06 3.8733992e-06 1.3302582e-05 2.1228586e-06 0.00019165264 0.006451789 0.00024040943 5.429386e-07 5.666619e-07 1.4830709e-05 0.0023178468 7.48312e-07 0.00014329625 2.6891578e-06 3.7220532e-06 0.001082167 4.9486775e-05 3.799841e-07 5.1102666e-07 6.1640903e-06
0.105204 0.04389608 2.886639e-15 0.9905846 0.04079663 0.036819823 0.33158925 0.048616245 0.78279036 0.5007111 0.06806588 0.974213 9.954546e-05 0.7583487 0.046769988 0.0013386168 0.09982524 0.0743922 9.682409e-07 1.897515e-05 0.12254966 0.00042449258 0.09279227 0.00012370522 3.364897e-05 0.015914572 9.546616e-07 0.0036854167 0.00040029033 0.0029296568 0.0017634457 0.05419447 0.0029756203 0.020975411 0.026128666 0.0008767125 1.4681905e-07 8.890552e-05 1.8071222e-06 5.431976e-05 5.9991526e-06 0.006640856 0.0007501369 1.2848231e-07 2.7446256e-07 5.0766484e-05 0.0030551446 0.015578852 9.644126e-07 4.0588848e-06 3.5409077e-08 0.00034373 0.013508358 2.7937547e-06 0.00014841356 0.00091402035 0.00031910004 0.00014022624 0.00042432724 0.0006335332 5.954672e-07 0.0003974462 2.2981818e-05 2.7707094e-05 6.767186e-06 0.00083357166 1.2483619e-06 5.0714127e-05 1.7932838e-07 0.00015615123 5.380762e-07 2.6310792e-07 4.1919492e-07 0.0014095192 1.8792102e-06 4.123621e-06 9.375749e-08 6.40121e-08 5.21914e-07 9.98875e-09 0.000480611 6.505475e-08 2.0179408e-08 3.5107967e-06 1.7141672e-07 0.001327762 0.0012704985 0.00079742185 1.07238485e-08 2.6218455e-08 1.3302352e-05 0.0018288811 1.1643919e-07 5.713281e-05 2.2176318e-08 6.395917e-07 0.0013699908 4.8075444e-06 3.1202364e-06 2.5279387e-06 9.013858e-05
0.19724429 0.05963149 0.9905846 4.769114e-15 0.012300843 0.037480038 0.032143354 0.09536266 0.29341006 0.84716517 0.26326618 0.8093283 0.00023070129 0.92959297 0.08024005 0.0006949508 0.47015882 0.21699095 3.4200364e-06 4.407557e-05 0.49818468 0.00029319822 0.30847707 4.352993e-05 5.0622508e-05 0.13713752 3.6383542e-06 0.02341167 0.000117736 0.05419712 0.00058179087 0.13800643 0.012590231 0.115356825 0.03198603 0.004903731 9.16375e-08 1.6088328e-05 7.560649e-07 4.106072e-06 4.6713203e-06 0.040785253 0.022135748 4.4997893e-07 2.1410443e-07 0.0002803823 0.0012427251 0.09564428 0.0002855284 1.9846086e-06 4.0284775e-08 0.00067023427 0.033616602 2.9603002e-06 0.0070084515 0.016466297 0.0010751878 0.0030203692 0.0014507278 0.00047542047 2.3246635e-06 0.00040843224 0.0006211587 1.584784e-06 3.375555e-05 0.0027236517 1.2196087e-06 0.00010031616 3.022936e-06 3.844605e-06 1.5945608e-06 2.141414e-07 9.0955076e-08 0.00046623967 6.458005e-07 1.0475791e-06 2.7233824e-08 2.0168453e-07 1.6798936e-07 5.067839e-09 0.0013218019 1.6821636e-07 8.776791e-09 1.5621885e-06 4.4326043e-07 0.0030115058 0.0022312663 0.0016569901 5.4209157e-09 1.426692e-07 0.00029110082 0.0011141611 6.001613e-08 9.2457354e-05 1.3313154e-07 1.5268795e-06 0.0007298653 1.8887462e-05 1.1763185e-06 3.1209743e-06 1.1197143e-05
0.18897206 0.9468525 0.04079663 0.012300843 8.9310476e-14 0.7381815 0.8936939 0.670944 0.234702 0.007794914 0.002854911 0.0019959991 0.79443216 0.0005152912 0.023279972 0.98375654 0.00096520275 0.008523093 0.38429204 0.015531944 0.0004722798 0.122160085 0.0006496941 0.007952992 0.6006216 0.00013915861 0.085652664 1.2792175e-05 0.2565054 5.772195e-06 0.11231637 0.020100795 4.3617297e-06 0.00016257395 0.0087308595 3.2814414e-06 0.04470012 0.0021133972 4.4234697e-05 0.010174952 2.7096949e-05 0.00021164122 1.0349534e-05 7.4680743e-06 0.0070408424 9.015178e-06 2.2503078e-05 0.0025054165 3.1924062e-06 8.307293e-08 0.00039934722 6.544386e-06 0.00034110548 0.00040866912 0.00014622037 0.00024911118 5.6641773e-05 9.511125e-06 3.3060824e-05 0.0012014502 1.5807327e-06 0.00020136713 9.232716e-06 0.0011014679 2.4822377e-06 9.461039e-05 3.1993022e-05 0.00013217458 7.218778e-07 5.117375e-06 3.7033692e-06 9.862409e-06 0.00010912221 0.0049312543 1.1545475e-05 8.8481e-05 6.8782873e-07 3.1134264e-06 2.8963078e-07 3.9916404e-07 0.00024468533 5.1810853e-06 1.4126103e-07 1.6095266e-05 2.7254298e-06 0.00018468445 0.0009836466 0.0001674854 4.957607e-08 9.382615e-07 4.45607e-06 0.00070949097 4.153207e-07 2.1091284e-06 8.095426e-07 1.0017834e-05 0.00021042724 9.898488e-06 1.4638124e-06 4.7604562e-06 1.6767071e-05
0.9749936 0.956811 0.036819823 0.037480038 0.7381815 7.2251965e-13 0.20322607 0.9593781 0.013605661 0.024046656 0.012176732 0.0010442303 0.8749134 0.0034552463 0.61757535 0.54977924 0.0026051826 0.021785064 0.31326216 0.40707085 0.00015706137 0.5776572 0.0052130143 0.17070511 0.5906991 0.0007911453 0.32871315 0.00016101445 0.073537126 1.0636008e-05 0.009516947 0.2849802 0.00020392351 0.00023472168 0.19494875 0.00015620276 0.27429023 0.0070543312 0.00019502213 0.046738762 0.00076502026 0.0009123565 0.0002351003 0.0010662571 0.22265741 2.9218884e-06 2.8908966e-05 0.037344582 7.170393e-07 4.030345e-08 0.01449484 1.1037087e-05 0.0071434844 0.15007016 0.0003079259 4.9341255e-05 0.020631768 1.4249196e-06 2.1385751e-05 0.082627796 5.513859e-06 0.015181656 0.00037407805 0.001978122 0.0008883583 1.5383539e-05 0.00013077469 0.019340664 2.781421e-07 0.00020420825 0.0009573868 1.9018795e-05 0.0013320356 0.15387721 4.9020073e-05 0.00016771509 0.00046931824 4.4843005e-06 3.3924994e-06 5.259322e-05 0.0012362538 5.238655e-06 6.4800142e-06 2.9298842e-05 1.6771437e-05 0.0002886862 0.030002061 0.00026459017 6.4926458e-06 3.9370952e-06 9.817211e-05 0.0044905236 3.5226221e-06 0.00060623046 2.6172153e-05 0.00014019804 0.0073101507 7.283873e-05 7.282588e-07 1.8774242e-06 3.0008952e-05
0.022187248 0.36474493 0.33158925 0.032143354 0.8936939 0.20322607 6.3327923e-15 0.17311336 0.99861425 0.018956805 0.002970501 0.023139395 0.029903766 0.0027770582 0.001856743 0.65736943 0.0012560387 0.002001826 0.0019258837 0.00041179976 0.00039820556 0.0021681797 0.00072811573 0.0005385992 0.0975943 0.00013465763 0.000417286 5.8348007e-05 0.106770314 1.9314724e-05 0.4956287 0.0041574733 1.3465898e-05 0.00015419592 0.0009571417 2.4634305e-06 0.00033897898 6.157196e-05 3.2836106e-06 0.00039900362 1.4379777e-05 0.00018225033 2.0205707e-05 5.5710116e-06 0.0001000328 3.767105e-05 0.00017679982 0.00020928826 2.855346e-06 1.5361423e-06 2.1215523e-05 6.2293266e-06 0.00014952054 2.0363015e-05 5.904204e-05 0.00017393283 3.2019332e-05 1.909285e-05 4.993226e-05 3.745064e-05 2.206287e-06 1.6366343e-05 8.623822e-06 0.0010329325 1.18405915e-05 8.06033e-05 8.257547e-06 3.686359e-05 1.2603011e-06 1.6682527e-06 1.1970343e-05 2.4398825e-05 4.9425416e-05 0.00014066919 3.8888265e-06 5.5413526e-05 1.1159618e-05 5.7151544e-07 2.6371397e-06 3.7340936e-07 0.00018563215 2.9436285e-06 1.7160055e-07 1.9325871e-05 9.912442e-06 0.00071583677 0.0004416831 0.00049534044 3.221992e-08 2.6172986e-06 3.7166446e-06 0.0015589345 2.3361634e-05 9.657027e-06 4.4220974e-06 1.6801612e-05 0.0005124523 6.405384e-07 6.052244e-06 0.00012479642 1.922442e-05
0.9924106 0.9229862 0.048616245 0.09536266 0.670944 0.9593781 0.17311336 1.7575488e-13 0.017227484 0.03929912 0.036131956 0.0015080925 0.77677315 0.008342783 0.7583494 0.46106532 0.005085186 0.054825883 0.23988344 0.4370061 0.00037054502 0.40589067 0.01065413 0.16479255 0.48392358 0.0009247808 0.23732255 0.00029335875 0.056938503 3.867835e-05 0.008013924 0.44856414 0.0006459453 0.0006108722 0.36287826 0.00026491965 0.1568336 0.0034169122 9.0702364e-05 0.030463975 0.00057625293 0.0021999034 0.0005386935 0.00022869562 0.11163899 1.3491903e-05 5.4093234e-05 0.070134096 1.3271163e-06 1.2050026e-07 0.008454419 0.00011293713 0.012500589 0.12261101 0.00043861824 0.00016105498 0.028762668 1.4210485e-05 8.0622136e-05 0.12950304 1.1803769e-05 0.023337226 0.0008089219 0.002822494 0.0007742607 0.000110226385 0.0001180203 0.01746002 5.799982e-07 0.0002189049 0.00033020822 1.024664e-05 0.0007226328 0.14151771 3.0274125e-05 0.00015990762 9.360824e-05 3.8636595e-06 4.0254517e-06 3.2237305e-05 0.0042822747 2.7343572e-06 4.239864e-06 3.7234153e-05 1.4048812e-05 0.0005635091 0.059107453 0.0006518042 4.3857513e-06 2.503649e-06 0.0004875349 0.006268597 2.5189743e-06 0.0012617944 2.6363414e-05 6.171941e-05 0.009402892 0.00028619496 6.126235e-07 2.279396e-06 4.1735522e-05
0.014296115 0.019967405 0.78279036 0.29341006 0.234702 0.013605661 0.99861425 0.017227484 4.451331e-13 0.054722082 0.004192361 0.8334137 0.00025952078 0.10955137 0.0017466607 0.03165931 0.0025218877 0.002970004 4.6120414e-05 5.450127e-05 0.005717707 0.00043911606 0.026894756 0.00019155089 0.00044145464 0.0006899272 5.5088476e-05 0.00011548862 0.004692073 0.00012209086 0.0844116 0.0010983835 0.0008198857 0.0005307344 0.00040426487 0.00010334233 1.4438756e-05 1.6743068e-05 1.7945011e-06 0.00019995678 8.335235e-06 0.0001931313 3.5294972e-05 1.3935835e-06 1.2247879e-05 0.0019438248 0.0059137815 0.0005546228 4.6500877e-06 0.00015562701 9.186448e-06 0.00012256953 0.00017622848 8.21771e-06 6.7517314e-05 0.00013527146 1.2624708e-05 2.4543073e-05 6.058132e-05 2.019097e-05 0.00012468293 2.569601e-05 6.7413366e-06 0.0011159189 1.5436423e-06 0.0001421361 1.1558552e-05 4.5572448e-05 9.333784e-06 1.8468947e-05 3.793306e-05 5.924032e-06 1.2269669e-05 0.00033752542 1.2657046e-06 1.7066344e-05 6.8563318e-06 6.820622e-07 8.602142e-05 4.7184105e-07 0.00023136537 1.2751414e-06 5.5387477e-07 1.3352864e-05 1.231249e-05 0.0014402436 0.0017209692 0.0005071268 4.391395e-07 8.8523797e-07 2.5645545e-06 0.002169582 6.532105e-07 9.929803e-06 2.2595384e-06 9.169564e-06 0.001616344 2.7046485e-06 3.973446e-06 7.341579e-06 5.3073338e-05
0.72336495 0.029445289 0.5007111 0.84716517 0.007794914 0.024046656 0.018956805 0.03929912 0.054722082 4.1228978e-17 0.9902857 0.26923564 0.0001617279 0.35374215 0.770793 0.001315151 0.9530086 0.6169885 2.201769e-05 0.0003491599 0.18704021 0.00052324194 0.39457715 0.00038173702 3.8736744e-05 0.14353602 5.126837e-06 0.018232511 0.00015973752 0.016114065 9.082242e-05 0.32355052 0.07306785 0.119232595 0.1277311 0.021498535 1.4657708e-06 0.000106486295 2.9447126e-06 0.00017386915 2.28805e-05 0.08075007 0.095972024 2.6509895e-07 2.3113225e-06 0.006049919 0.010007774 0.34047413 0.00087832514 2.1537886e-05 1.6301453e-06 0.00063512265 0.15292615 1.2753027e-05 0.018834626 0.0125160795 0.002172921 0.0029442871 0.004875846 0.0034221495 4.8611905e-06 0.009688414 0.004424871 1.0144885e-05 3.9554136e-05 0.0019937295 1.7381073e-05 1.3374746e-05 3.5979108e-06 4.87216e-05 1.6593661e-07 1.1067258e-06 4.649954e-06 0.0052531916 5.8941755e-06 1.751848e-05 6.4039e-07 9.716003e-07 1.7320056e-06 1.2081048e-07 0.006247035 1.6278027e-06 8.178953e-08 2.4775278e-05 7.5616595e-07 0.0025580472 0.010597413 0.002342464 8.708094e-08 2.7008275e-07 0.00059487356 0.010931408 2.3356556e-07 0.00036292727 6.400621e-07 2.5922195e-06 0.0017182182 0.00013666737 1.5471646e-06 2.5563559e-05 6.266792e-05
0.57447183 0.019207075 0.06806588 0.26326618 0.002854911 0.012176732 0.002970501 0.036131956 0.004192361 0.9902857 4.5403617e-18 0.014058437 0.00012770205 0.038571324 0.87082285 0.00060313777 0.88380134 0.930846 3.3997305e-05 0.00077007903 0.16576622 0.00039750492 0.058489628 0.00013061216 4.2861193e-05 0.025865654 1.0875562e-05 0.008536898 9.938267e-05 0.010309379 2.0683983e-05 0.5529401 0.011260271 0.2044358 0.31992242 0.00434451 1.1285948e-06 0.00010174005 2.530206e-06 3.558401e-05 1.0790547e-05 0.12842008 0.16610798 4.9446726e-07 5.6805984e-06 0.0010408905 0.00071791 0.58261454 0.00017440223 6.1664186e-06 3.592192e-06 0.0005678473 0.19570395 4.364101e-06 0.018594574 0.013478947 0.0022734911 0.008119489 0.004682907 0.004420942 5.164123e-07 0.010421237 0.014238981 9.003166e-06 9.327781e-05 0.0028382614 1.1444643e-05 1.8217578e-06 5.6996614e-06 1.686343e-05 1.2194064e-06 9.279656e-07 1.2547528e-05 0.0023829527 4.448678e-06 2.4333947e-05 8.8941147e-07 5.1060965e-07 1.6379854e-06 5.370079e-07 0.00889795 1.4239685e-06 6.728366e-07 1.3022265e-05 6.5673494e-06 0.005704627 0.011567657 0.0038369868 6.9703624e-08 3.0168033e-07 0.0017850574 0.008829607 1.4173818e-07 0.00034119605 1.0003776e-06 6.0232435e-07 0.0011798593 0.0004940603 1.7802647e-06 2.1185426e-06 5.8980753e-05
0.022887513 0.0018434721 0.974213 0.8093283 0.0019959991 0.0010442303 0.023139395 0.0015080925 0.8334137 0.26923564 0.014058437 1.6761334e-10 2.5623041e-05 0.98664254 0.0006397076 0.0012511043 0.03645425 0.01124964 1.3267897e-06 2.8272284e-06 0.0673928 5.0412647e-05 0.5745418 2.620017e-05 2.226338e-05 0.029439941 2.485765e-06 0.0030340273 0.00046165788 0.0036897073 0.0034807161 0.0006976435 0.015539522 0.0077124815 0.00019409737 0.0038622594 6.878445e-07 2.734704e-06 7.785912e-07 8.0111795e-06 9.14679e-07 0.0010590133 1.0051462e-05 7.233502e-08 2.7591096e-07 0.00651978 0.041461516 0.0013682861 0.00013072256 0.00041416008 1.2030775e-06 0.0010005188 0.00018748638 3.0462531e-06 6.123227e-05 0.00041234776 1.9869588e-06 3.2178883e-05 4.497026e-05 9.919808e-06 0.00024660092 2.9404147e-05 1.6894345e-06 6.741301e-05 3.636167e-07 0.00055654556 3.0969306e-07 1.4508698e-05 4.5951015e-06 4.067468e-06 7.011713e-06 2.0160799e-07 4.708274e-07 6.90876e-05 1.0203149e-07 5.9562e-07 3.2299158e-07 1.294615e-07 1.3977063e-05 1.7398618e-07 0.0002347067 4.0182385e-07 1.1615704e-07 6.6326083e-06 7.152762e-06 0.0008826407 0.0014679763 0.00030701983 7.6993764e-08 1.0387827e-06 2.0516727e-06 0.0024112607 1.2575853e-06 8.0712325e-06 3.5893854e-07 1.8201602e-06 0.0015549543 3.3802212e-06 2.4406402e-06 6.3374614e-06 4.4006432e-05
0.52398115 0.9508056 9.954546e-05 0.00023070129 0.79443216 0.8749134 0.029903766 0.77677315 0.00025952078 0.0001617279 0.00012770205 2.5623041e-05 8.708021e-17 1.665972e-05 0.042209186 0.5063481 6.6824454e-05 0.00081776944 0.9764786 0.61366564 3.1238628e-06 0.72568166 2.1909149e-05 0.25615326 0.59785134 1.7882665e-05 0.66968197 4.5608274e-07 0.045564726 3.9349324e-08 0.0030991111 0.011274204 6.75824e-08 2.4010858e-06 0.006949154 6.645397e-08 0.23253329 0.056982033 0.0025228318 0.18331169 0.0011618913 1.6195287e-05 3.2115008e-06 0.00053332635 0.110375196 9.947176e-08 7.857881e-07 0.00080877915 2.1470395e-07 5.579229e-09 0.014784256 4.652671e-07 1.4765086e-05 0.08192647 2.0394986e-05 1.1074612e-05 0.0030783548 1.3756063e-07 7.9475814e-07 0.0175643 2.459183e-07 0.0034818898 2.190823e-05 0.0031848913 0.00016049751 9.490902e-06 0.00015032994 0.00865335 2.5978633e-07 3.9695202e-05 0.00029004476 0.00012695635 0.007057528 0.060344033 5.6061806e-05 0.00016521208 0.0014200048 8.3046e-06 8.342513e-06 0.0006045916 0.00011958506 4.719525e-06 1.3227249e-05 2.6262913e-05 2.1464233e-05 6.825002e-05 0.0042660926 1.0688639e-05 2.1126068e-06 1.1894485e-05 7.119259e-06 0.0010906453 7.669426e-06 0.00019763643 2.59739e-05 6.157432e-05 0.0011131564 3.8292474e-06 2.2689965e-06 7.944698e-06 1.1669723e-05
0.11753951 0.0021609745 0.7583487 0.92959297 0.0005152912 0.0034552463 0.0027770582 0.008342783 0.10955137 0.35374215 0.038571324 0.98664254 1.665972e-05 6.56877e-14 0.0014901184 0.0003453049 0.125585 0.034822155 1.1575347e-06 3.753844e-06 0.32757676 5.727366e-05 0.94500583 1.9795607e-05 2.5686297e-06 0.29904756 6.8870577e-07 0.023450265 0.00019557754 0.06729467 0.000770424 0.013882314 0.23721726 0.052295186 0.0037113582 0.041934464 1.8815187e-07 1.2055607e-06 5.2454766e-07 2.1113804e-06 4.544899e-06 0.036162056 0.00417093 2.2543199e-07 5.237835e-08 0.012241965 0.047714382 0.013063533 0.0084032025 0.00011690179 4.380668e-08 0.006443539 0.011881404 4.4835411e-07 0.0062605557 0.016174551 5.3680646e-06 0.0027084239 0.0012657957 9.2734945e-06 0.00038674937 3.2794345e-05 4.359378e-05 2.3892376e-06 4.7742753e-07 0.0052496884 6.4335825e-07 5.956646e-06 1.7148901e-05 2.5664333e-06 1.2535968e-06 4.6903435e-07 2.796555e-07 0.000103425635 1.5576523e-08 8.3434867e-07 1.3759725e-07 7.928049e-09 2.759956e-06 1.3328976e-08 0.00039297654 3.115467e-08 1.08613145e-08 3.3118145e-06 3.694372e-07 0.0017146359 0.0010561917 0.0017216866 3.5692032e-08 5.7876235e-08 9.114637e-06 0.00038778607 3.9119737e-08 7.354469e-07 5.8942707e-08 3.0716799e-06 0.00039796354 1.6843878e-06 2.0921712e-07 8.977385e-06 7.916442e-06
0.91054326 0.4643345 0.046769988 0.08024005 0.023279972 0.61757535 0.001856743 0.7583494 0.0017466607 0.770793 0.87082285 0.0006397076 0.042209186 0.0014901184 4.9181724e-16 0.0032529086 0.4775221 0.9105381 0.011837284 0.41716772 0.021089647 0.36429405 0.0013862599 0.2788985 0.0008696456 0.0032887398 0.0024597086 0.001134587 0.00071945554 0.0005346624 1.0780878e-05 0.95981944 0.0006367222 0.006704344 0.9630372 0.00069686124 0.00017462108 0.010144882 0.0008145848 0.007407315 0.0048534553 0.024909984 0.03516247 0.00032016909 0.00017601684 2.8039018e-05 1.8967823e-05 0.32759514 5.7396584e-05 3.4100916e-07 1.695399e-05 3.773692e-05 0.05968346 0.00014900224 0.007725161 0.0022051337 0.0876503 0.0032887477 0.0011780458 0.08972477 5.9951085e-06 0.09742254 0.008287729 2.139446e-05 0.010126536 6.172241e-05 0.0025183116 2.6914297e-05 1.5177537e-06 0.00015445391 3.144218e-05 0.0003094635 0.0003492635 0.058388755 0.0005261424 0.0006471801 1.3283009e-05 0.00015224377 1.2555907e-07 8.096438e-07 0.0223087 4.5461366e-05 1.1966239e-06 0.00027280956 0.00010951745 0.0016758798 0.09342826 0.0024467532 1.2631764e-07 0.00011249317 0.0010725927 0.028206911 8.9567286e-05 0.0027590576 8.454329e-06 0.00013172798 0.015492594 0.00068728626 0.00010324175 0.00022996058 0.00012317547
0.05957496 0.45544606 0.0013386168 0.0006949508 0.98375654 0.54977924 0.65736943 0.46106532 0.03165931 0.001315151 0.00060313777 0.0012511043 0.5063481 0.0003453049 0.0032529086 2.4980448e-15 0.000160732 0.00094475556 0.26850674 0.0039377036 4.8858215e-05 0.05270954 0.0007662989 0.0039362996 0.9725178 2.5933012e-05 0.1569776 1.2009144e-06 0.903778 4.346733e-07 0.6272388 0.00086258136 5.86289e-07 2.9607888e-06 0.00031707427 8.744032e-07 0.36851767 0.0005950072 3.0309686e-05 0.009189616 1.1599277e-05 1.6022259e-05 2.400074e-06 1.4534926e-05 0.03330233 9.416962e-06 1.0900701e-05 5.751247e-05 1.0975441e-07 2.3145162e-08 0.008812476 1.8911948e-06 4.704484e-06 0.0038093694 6.6466746e-05 4.442888e-05 2.9446057e-06 3.6075207e-06 1.9859076e-06 1.467629e-05 2.8961585e-07 1.082694e-06 3.837943e-07 0.022895658 1.544391e-07 0.00018561109 4.2224124e-06 0.00037122308 4.0278377e-07 2.457284e-05 9.48095e-06 5.8768177e-07 0.0016049895 0.00044740914 8.38507e-07 5.0053095e-06 2.0241262e-06 6.1139315e-07 1.023639e-06 2.274815e-07 0.00010194139 1.1264185e-06 7.479877e-08 5.596829e-06 4.999744e-07 0.00013181884 0.00024173644 5.3200638e-05 9.45078e-08 8.9603034e-08 1.3375454e-06 0.00036635937 1.7922443e-07 8.551486e-07 2.639408e-07 6.462204e-06 0.00022758209 1.2962389e-06 1.9058793e-07 1.5265709e-06 6.3403086e-06
0.6797838 0.0025561487 0.09982524 0.47015882 0.00096520275 0.0026051826 0.0012560387 0.005085186 0.0025218877 0.9530086 0.88380134 0.03645425 6.6824454e-05 0.125585 0.4775221 0.000160732 1.2975953e-16 0.8781823 1.796622e-05 0.00016730373 0.980562 0.00014866912 0.3139527 8.989718e-05 4.94101e-05 0.25591758 2.0242487e-05 0.26300892 3.5475376e-05 0.34764877 3.7003226e-06 0.16854864 0.14149794 0.83812225 0.060780033 0.042110726 1.2412828e-06 1.2488018e-05 2.37816e-06 8.142348e-05 1.3685849e-05 0.3560914 0.525508 1.8332763e-06 6.25434e-06 0.02489303 0.0058335294 0.60508364 0.008407118 0.00010664981 2.9348998e-06 0.00382176 0.2816161 2.321862e-05 0.13847022 0.08611445 0.001757494 0.14628828 0.030946037 0.0013054883 3.2442e-05 0.003649734 0.043605927 1.32253435e-05 0.00015794774 0.006969091 6.6031157e-06 2.587264e-05 6.865509e-05 4.3342507e-06 4.4278786e-06 7.1720206e-07 5.943683e-05 0.0004799313 9.542794e-07 5.8001724e-06 1.8607651e-06 3.2005286e-07 2.8099792e-06 7.731852e-07 0.012308523 3.7043668e-07 1.366809e-06 1.6632699e-05 9.038007e-06 0.011611148 0.0063655134 0.009163996 3.2589102e-07 2.7846696e-07 0.0068030935 0.0061538713 5.6751393e-08 0.00017239292 1.1557703e-05 7.44933e-06 0.0004769252 0.0020143983 4.5324478e-07 3.3608353e-06 6.6733032e-06
0.9065513 0.0197922 0.0743922 0.21699095 0.008523093 0.021785064 0.002001826 0.054825883 0.002970004 0.6169885 0.930846 0.01124964 0.00081776944 0.034822155 0.9105381 0.00094475556 0.8781823 1.365455e-14 0.00022414801 0.0034108467 0.22920312 0.0016781045 0.03484289 0.0005881857 0.00014157465 0.019224904 3.7705657e-05 0.022377605 7.299394e-05 0.015762243 9.1050584e-05 0.8869394 0.008745109 0.16107129 0.6300472 0.0067511615 2.1861459e-05 4.2203894e-05 8.248862e-07 0.00011239227 3.1312615e-05 0.3043566 0.3478871 4.7205322e-08 6.553248e-06 0.0009566157 0.000121142824 0.91559917 0.0002349593 6.5020674e-07 4.8762345e-06 0.00030030552 0.29332402 6.0336562e-05 0.03142733 0.0040910686 0.00653343 0.00657667 0.0024461653 0.0067306673 2.249943e-05 0.024589622 0.041457962 1.5397967e-05 0.00010851346 0.000549706 1.3317979e-05 0.00023021118 3.3100227e-05 9.083588e-06 7.647814e-06 6.319566e-06 1.5817815e-05 0.0045400257 1.1609835e-05 2.7676353e-05 4.2996685e-06 1.2662896e-05 8.0664114e-07 6.4663186e-07 0.03466323 5.4543307e-06 3.689524e-07 1.1865765e-05 5.459509e-06 0.0055703404 0.028679194 0.0062701576 1.4039034e-07 1.0482412e-05 0.0062813824 0.01954755 9.685803e-06 0.0004314871 2.048522e-05 7.7263976e-05 0.0021510657 0.003378001 2.3226436e-05 4.628097e-05 6.8772556e-06
0.09656932 0.56783605 9.682409e-07 3.4200364e-06 0.38429204 0.31326216 0.0019258837 0.23988344 4.6120414e-05 2.201769e-05 3.3997305e-05 1.3267897e-06 0.9764786 1.1575347e-06 0.011837284 0.26850674 1.796622e-05 0.00022414801 1.0596472e-18 0.33824304 1.4552048e-06 0.39673522 1.0114335e-06 0.13755019 0.64221007 3.6483261e-06 0.9921046 4.5837322e-07 0.020978121 2.8746922e-07 0.00030429347 0.0018252134 1.00279784e-08 2.3106725e-06 0.0010884164 1.6462417e-08 0.098130986 0.15249339 0.025800873 0.6998185 0.0053918255 1.49282505e-05 1.4957285e-06 0.051347874 0.046935704 2.6824097e-07 2.1674931e-07 0.00026013033 1.6448928e-07 1.7966321e-09 0.007955104 1.2058413e-06 4.4075357e-05 0.035108548 9.687078e-06 1.456176e-05 0.0060036886 3.0292867e-07 8.0942533e-07 0.014146798 2.6307933e-07 0.0011137405 8.9991745e-06 0.0004581351 0.000522145 0.00011991544 0.0008757527 0.004681393 7.0890756e-08 0.00026575977 0.0014231065 0.0006849659 0.0018117566 0.03363169 0.0004017051 0.0006373428 0.0005684343 6.365534e-05 4.388806e-06 0.00050743204 0.00012298461 9.6717675e-05 4.2894167e-06 0.00017931823 7.100596e-05 0.00034627193 0.0016105169 5.1134943e-05 4.947847e-07 3.6150304e-05 1.1745013e-06 0.0006111705 1.9275032e-05 0.00022990184 5.0796803e-05 0.0003626206 0.00087983836 1.611378e-06 1.962248e-05 4.372135e-05 0.00014677852
0.62888134 0.462655 1.897515e-05 4.407557e-05 0.015531944 0.40707085 0.00041179976 0.4370061 5.450127e-05 0.0003491599 0.00077007903 2.8272284e-06 0.61366564 3.753844e-06 0.41716772 0.0039377036 0.00016730373 0.0034108467 0.33824304 1.9207947e-18 6.865819e-06 0.9810074 4.565024e-06 0.98852205 0.015032515 4.6527424e-05 0.10202115 1.4348726e-06 0.0009806956 3.1935224e-07 5.545415e-06 0.03932449 2.7337077e-08 4.2186e-06 0.0635945 1.0612653e-07 0.0059061334 0.60408455 0.1184362 0.30681705 0.116715886 0.00015256788 1.5044288e-05 0.010351213 0.007681676 8.3171345e-09 2.366821e-07 0.008169175 2.9405642e-08 2.3285462e-10 0.0008630368 8.8207355e-07 0.00083408697 0.016893951 3.565395e-05 8.789259e-06 0.3387873 3.769183e-08 9.789417e-07 0.32792646 7.476781e-08 0.18530206 0.00018184147 2.2413935e-05 0.014398639 1.0203773e-05 0.009738399 0.0043839347 1.2870926e-08 0.0031675599 0.0023652622 0.0034906487 0.00045607364 0.3875022 0.0021003569 0.0035605633 0.00022324774 0.0001688692 3.2965173e-07 0.000283028 0.0010023774 0.0001683829 6.115768e-05 0.0014481803 0.00061403646 7.829337e-05 0.029374888 4.4854445e-05 4.029227e-06 0.00023409286 3.929432e-06 0.0091830855 0.00026130167 0.0046136477 5.700567e-05 0.00029041478 0.023020675 1.47079145e-05 1.5540107e-05 6.574171e-05 0.00055394054
0.9518136 0.00031969184 0.12254966 0.49818468 0.0004722798 0.00015706137 0.00039820556 0.00037054502 0.005717707 0.18704021 0.16576622 0.0673928 3.1238628e-06 0.32757676 0.021089647 4.8858215e-05 0.980562 0.22920312 1.4552048e-06 6.865819e-06 4.393042e-16 2.212942e-06 0.8132538 2.1952724e-06 1.2101136e-05 0.64418894 4.3787904e-07 0.5882982 1.0802984e-05 0.82365495 6.1375476e-06 0.020685025 0.66148764 0.88908523 0.009599802 0.38918316 5.056972e-07 7.568938e-09 2.0888098e-09 2.1132024e-05 1.7625207e-07 0.5364525 0.3994654 4.8086996e-08 4.1388031e-07 0.35481945 0.03209044 0.3635148 0.063774884 0.00016337873 2.300755e-06 0.02467999 0.36346504 2.283615e-06 0.19622304 0.2863381 2.3180519e-05 0.16687681 0.054740414 1.3266121e-05 0.0010696629 0.00033739346 0.026051993 8.885514e-06 1.0213416e-06 0.032859802 2.299438e-07 8.392846e-05 0.00016607413 3.9619746e-07 1.8410263e-07 2.5883658e-08 2.7204596e-06 1.5640824e-05 4.754397e-09 1.3727795e-07 4.6997954e-07 1.0679677e-08 1.3452715e-05 9.4837716e-08 0.017924763 1.1195338e-09 1.333988e-07 7.980559e-07 6.4829685e-08 0.027805196 0.00868434 0.03079045 1.6620633e-07 3.6952352e-09 0.011266405 0.006851636 1.424084e-08 3.3810866e-05 1.7542737e-07 1.2759959e-05 0.0002620933 0.003856713 2.2762267e-08 9.52866e-07 4.5825432e-09
0.96074563 0.37447095 0.00042449258 0.00029319822 0.122160085 0.5776572 0.0021681797 0.40589067 0.00043911606 0.00052324194 0.00039750492 5.0412647e-05 0.72568166 5.727366e-05 0.36429405 0.05270954 0.00014866912 0.0016781045 0.39673522 0.9810074 2.212942e-06 1.5962165e-15 9.782603e-05 0.88998437 0.34830734 0.0001923857 0.58766764 1.53625e-05 0.0063655735 2.4664473e-07 0.00015081847 0.037498746 5.404953e-06 1.2365603e-06 0.044490196 5.146471e-06 0.1555473 0.2896837 0.011115011 0.15123527 0.036606047 6.0747647e-05 3.692146e-05 0.007487893 0.20515193 2.1304183e-07 1.954703e-06 0.009795366 2.783005e-07 5.8819502e-08 0.03249937 2.4072212e-06 0.00021535678 0.4399512 7.68501e-05 2.7490307e-06 0.15755415 2.5419409e-08 1.3695366e-07 0.33595455 5.060349e-07 0.09728987 0.00021673519 0.0007630919 0.0018359271 7.384117e-06 0.0007955514 0.16935906 4.3336163e-07 0.001193597 0.0047205715 8.803843e-05 0.0034321048 0.46179208 0.00013587358 0.00029974504 0.012211964 1.0796671e-05 2.1778826e-05 0.00088946795 0.00088992744 1.0946016e-05 9.7622215e-05 4.702548e-05 3.6306923e-05 5.8181973e-05 0.07396321 6.385617e-05 7.2638264e-05 6.4961328e-06 0.00017654506 0.008624789 4.869405e-05 0.0030944108 0.00010400257 0.00013001179 0.023846196 4.952332e-05 2.0988038e-07 2.608204e-06 9.40956e-05
0.36569047 0.0022354058 0.09279227 0.30847707 0.0006496941 0.0052130143 0.00072811573 0.01065413 0.026894756 0.39457715 0.058489628 0.5745418 2.1909149e-05 0.94500583 0.0013862599 0.0007662989 0.3139527 0.03484289 1.0114335e-06 4.565024e-06 0.8132538 9.782603e-05 8.940076e-15 5.308445e-06 8.338412e-05 0.92680776 2.2225937e-05 0.26913396 0.00010207788 0.47753164 0.00055584306 0.009519302 0.95483226 0.22645707 0.0005640285 0.68350375 1.3243911e-05 0.00014674073 1.0230773e-05 4.574143e-05 1.6339924e-05 0.116750285 0.02310455 1.3830522e-06 5.466696e-07 0.16548581 0.49738458 0.013270601 0.38153848 0.00032973086 2.5051584e-06 0.022612568 0.042409062 5.162203e-05 0.025805827 0.15925758 0.00019956948 0.03517473 0.028200839 6.568337e-05 0.0018835092 0.00011300586 0.00015210545 1.9218169e-05 2.2457667e-05 0.011740535 4.6927976e-06 0.00093175843 0.00011963342 9.930864e-06 1.1175775e-05 3.3895565e-06 4.466835e-06 0.00020225959 1.5000627e-06 2.8234119e-05 7.2024295e-06 3.566078e-07 1.1920407e-06 1.3808877e-07 0.00088526885 8.069662e-08 6.938313e-07 4.4114868e-06 3.484266e-06 0.004577731 0.0014985579 0.0022319828 3.9836277e-07 6.002308e-07 5.5142194e-05 0.0035363133 9.2409124e-07 7.854559e-06 2.0170991e-07 5.342238e-06 0.00045206008 1.2273883e-05 3.838571e-06 3.837497e-05 1.7592665e-05
0.90828514 0.12983659 0.00012370522 4.352993e-05 0.007952992 0.17070511 0.0005385992 0.16479255 0.00019155089 0.00038173702 0.00013061216 2.620017e-05 0.25615326 1.9795607e-05 0.2788985 0.0039362996 8.989718e-05 0.0005881857 0.13755019 0.98852205 2.1952724e-06 0.88998437 5.308445e-06 1.6395806e-18 0.019019857 9.615066e-06 0.10774466 1.1041051e-06 0.00051969883 1.9595903e-07 3.198012e-05 0.03189427 2.7229865e-07 1.482667e-06 0.027998012 1.557267e-07 0.0076456815 0.73874694 0.12518974 0.16246766 0.33632803 8.545527e-05 7.1825175e-06 0.031654306 0.010693214 2.5712026e-08 7.6146375e-07 0.010664173 1.2059745e-08 2.839505e-09 0.0014303615 5.125891e-07 0.0003328149 0.05426318 5.5466026e-05 5.979127e-06 0.41138256 1.8403033e-07 2.9325176e-07 0.50894547 7.4285225e-08 0.3002607 0.0001898068 4.65787e-05 0.046386827 3.3847195e-05 0.01870266 0.026990648 4.2981508e-08 0.009089911 0.0028415415 0.0058662267 0.00066174415 0.5826844 0.0033487768 0.00821603 0.001223715 0.00018810212 1.995137e-06 0.0007272635 0.0016691479 0.00020316956 0.00016171065 0.0019046756 0.0009681347 8.4150066e-05 0.07722594 2.8306184e-05 3.089659e-05 0.00035630056 3.8736118e-05 0.013061514 0.00026227836 0.008321662 0.00025578204 0.0005996742 0.048776522 3.7285925e-05 4.627497e-05 0.00021804107 0.0013640004
0.043293256 0.30540535 3.364897e-05 5.0622508e-05 0.6006216 0.5906991 0.0975943 0.48392358 0.00044145464 3.8736744e-05 4.2861193e-05 2.226338e-05 0.59785134 2.5686297e-06 0.0008696456 0.9725178 4.94101e-05 0.00014157465 0.64221007 0.015032515 1.2101136e-05 0.34830734 8.338412e-05 0.019019857 8.200676e-17 1.2499813e-05 0.7768947 3.7322873e-06 0.9380765 1.6139602e-06 0.5276829 0.00013147095 8.678916e-07 4.3643718e-06 5.75281e-05 7.2844284e-07 0.9682214 0.017856516 0.0015741452 0.17659749 0.000110882705 9.821411e-06 1.5042486e-06 0.00013892059 0.32128584 7.5876465e-06 5.356428e-07 1.2388507e-05 3.1975694e-07 9.2017046e-08 0.15268525 1.6812952e-06 3.843659e-06 0.2109243 9.3159715e-06 7.994561e-05 3.9623055e-06 1.6103025e-06 4.550012e-06 2.6755475e-05 3.988634e-07 8.876502e-06 2.4727734e-07 0.055864193 1.7599132e-06 2.5819621e-05 1.588266e-05 0.0054447404 2.7029225e-07 3.614045e-05 0.0001217785 4.0494608e-05 0.013134138 0.0005517486 6.884565e-06 7.432516e-05 0.0010855772 2.6422726e-06 4.5257875e-05 4.824338e-05 9.484889e-05 2.7182423e-06 1.7441503e-06 4.696592e-05 2.6945104e-06 0.00011374586 0.00022606895 1.5286374e-05 4.992428e-06 2.2249276e-06 1.115334e-07 0.00013374104 2.5800938e-07 1.1609851e-06 2.8575557e-06 8.15264e-06 0.0001648504 3.7964182e-07 5.6383885e-07 2.9224207e-06 7.589666e-06
0.2279525 0.00047008693 0.015914572 0.13713752 0.00013915861 0.0007911453 0.00013465763 0.0009247808 0.0006899272 0.14353602 0.025865654 0.029439941 1.7882665e-05 0.29904756 0.0032887398 2.5933012e-05 0.25591758 0.019224904 3.6483261e-06 4.6527424e-05 0.64418894 0.0001923857 0.92680776 9.615066e-06 1.2499813e-05 3.7138868e-14 1.9260297e-05 0.9914374 1.4208155e-05 0.62545913 2.1345304e-05 0.0028026118 0.8842311 0.26352233 0.0011428568 0.84577763 2.7340416e-06 1.4570135e-05 2.3302937e-05 0.00013672798 2.1218233e-05 0.10357622 0.036250427 4.7409794e-06 1.5235325e-06 0.27348772 0.108517654 0.013179666 0.5995324 0.002033607 4.24149e-06 0.0222121 0.029890187 2.867114e-05 0.032482114 0.16408484 3.101417e-05 0.050676323 0.03004187 2.4161625e-05 0.0032951348 0.00022157062 0.00050905865 4.59513e-05 1.09169405e-05 0.034654073 1.371802e-05 7.497514e-05 0.0013645787 4.621362e-07 5.4716693e-06 3.6738907e-06 1.1627931e-05 8.0948405e-05 5.688228e-07 1.3041933e-06 7.2757466e-06 1.5405709e-07 2.1368585e-05 4.869967e-07 0.001044557 9.6872526e-08 4.393873e-06 2.7426647e-06 8.303302e-06 0.007466472 0.00050911476 0.0057406025 1.6577662e-06 9.5184157e-07 0.00029232347 0.0010687427 1.4158823e-07 2.7397525e-06 6.2930562e-06 4.761539e-05 0.000104724546 0.000102624 1.3206388e-05 0.00032510926 4.8734375e-07
0.31341 0.1449089 9.546616e-07 3.6383542e-06 0.085652664 0.32871315 0.000417286 0.23732255 5.5088476e-05 5.126837e-06 1.0875562e-05 2.485765e-06 0.66968197 6.8870577e-07 0.0024597086 0.1569776 2.0242487e-05 3.7705657e-05 0.9921046 0.10202115 4.3787904e-07 0.58766764 2.2225937e-05 0.10774466 0.7768947 1.9260297e-05 4.6204046e-17 2.0481274e-07 0.034021404 3.1023617e-08 0.0018385685 0.0008402149 2.4218926e-07 2.918392e-07 0.0005277457 4.1916948e-08 0.40099984 0.33364758 0.042352676 0.8959451 0.00587588 3.5169323e-06 2.3606233e-06 0.10470417 0.41940594 9.9336575e-08 1.6476049e-08 6.932956e-05 1.366175e-07 5.1798326e-09 0.074208535 3.1330657e-07 2.3246635e-06 0.49800977 4.2708347e-05 9.274741e-06 0.00309509 3.9023175e-07 1.3647933e-07 0.010720706 9.250219e-08 0.00091336074 1.5403499e-06 0.008858566 0.00012278128 2.7828377e-05 0.0006869796 0.16386145 8.8903704e-08 0.00028667133 0.011216318 0.0012566844 0.017904075 0.043055642 0.0005576113 0.0017608183 0.027927775 1.9172789e-05 7.574022e-05 0.0022561364 5.9565922e-05 5.4419314e-05 0.00011783609 0.00014924102 0.00052017113 2.5337687e-05 0.0017835556 1.855926e-05 5.6740224e-05 0.000100139994 7.4814966e-06 0.0008528206 0.00013512306 0.00013356679 0.00018281522 0.00061360124 0.0011841484 4.6609495e-07 1.6175669e-05 0.00019392862 0.00021430127
0.38344175 0.000109061446 0.0036854167 0.02341167 1.2792175e-05 0.00016101445 5.8348007e-05 0.00029335875 0.00011548862 0.018232511 0.008536898 0.0030340273 4.5608274e-07 0.023450265 0.001134587 1.2009144e-06 0.26300892 0.022377605 4.5837322e-07 1.4348726e-06 0.5882982 1.53625e-05 0.26913396 1.1041051e-06 3.7322873e-06 0.9914374 2.0481274e-07 1.8487628e-16 2.8240354e-06 0.99181587 2.3410314e-06 0.004411088 0.5644069 0.44714177 0.0015908941 0.5164993 1.6933791e-07 1.03117905e-07 1.8965117e-08 8.757273e-06 2.8936353e-07 0.16543044 0.11635588 3.1749874e-08 6.960714e-07 0.20552228 0.038044915 0.048137452 0.3049332 0.00029204707 5.8785105e-07 0.040893137 0.063046314 1.6928246e-06 0.12328143 0.32436037 3.3046085e-06 0.19222012 0.077406056 8.929884e-06 0.0021291745 5.8821333e-05 0.003144391 5.3324143e-06 7.271269e-07 0.098621674 1.9005812e-07 5.9608145e-05 0.0003149472 5.895426e-09 3.4766268e-07 5.6765006e-09 1.8252845e-06 1.922045e-06 1.0277281e-09 1.4196958e-08 1.3205116e-07 1.4994281e-09 5.776009e-07 2.6502928e-08 0.0032167088 3.7536703e-09 1.0471282e-07 6.613091e-08 4.4173255e-08 0.01945632 0.000715441 0.0142772375 2.6080746e-08 1.5893736e-09 0.0020182761 0.0014148188 1.0665016e-09 5.050658e-07 2.1964809e-06 7.5595e-06 3.780049e-05 0.0005255494 1.1394571e-08 5.8243705e-07 2.1104277e-08
0.00180029 0.052470993 0.00040029033 0.000117736 0.2565054 0.073537126 0.106770314 0.056938503 0.004692073 0.00015973752 9.938267e-05 0.00046165788 0.045564726 0.00019557754 0.00071945554 0.903778 3.5475376e-05 7.299394e-05 0.020978121 0.0009806956 1.0802984e-05 0.0063655735 0.00010207788 0.00051969883 0.9380765 1.4208155e-05 0.034021404 2.8240354e-06 2.2926997e-13 7.921317e-07 0.9976787 3.3364162e-05 1.2195773e-06 1.9298272e-06 4.1737272e-05 4.124421e-07 0.86486834 8.376278e-05 1.1212434e-05 0.010219774 7.365163e-06 6.818486e-06 2.3998254e-07 2.4589628e-05 0.044086944 3.370662e-05 1.1649385e-05 1.0118362e-05 2.8333625e-07 5.8087056e-07 0.024242004 4.0301993e-06 1.2843963e-06 0.0050506177 5.815903e-06 9.907196e-06 3.5461707e-07 1.4810065e-06 1.1518306e-06 5.325342e-07 2.3082782e-06 1.4953805e-06 5.660743e-07 0.013617876 1.7696908e-07 0.0004055217 2.3655314e-06 0.0003984171 1.1900312e-06 5.1511943e-06 4.5454817e-05 7.6411754e-07 0.0012832957 4.6959336e-05 1.18435274e-07 3.3061501e-06 0.00030065715 6.488461e-08 6.866268e-05 1.5894957e-06 4.8563925e-05 6.9241344e-07 1.2626374e-06 2.5648367e-05 2.7432195e-06 0.00014539495 0.00014447399 1.7157849e-05 1.0069465e-06 2.2899842e-07 2.431286e-07 0.0002298571 2.1953468e-07 1.8665413e-06 1.5749739e-06 3.750509e-06 0.00015604301 2.2849274e-07 1.5357455e-06 6.42249e-06 2.3710174e-06
0.8844663 1.542463e-05 0.0029296568 0.05419712 5.772195e-06 1.0636008e-05 1.9314724e-05 3.867835e-05 0.00012209086 0.016114065 0.010309379 0.0036897073 3.9349324e-08 0.06729467 0.0005346624 4.346733e-07 0.34764877 0.015762243 2.8746922e-07 3.1935224e-07 0.82365495 2.4664473e-07 0.47753164 1.9595903e-07 1.6139602e-06 0.62545913 3.1023617e-08 0.99181587 7.921317e-07 7.481598e-17 2.1688984e-06 0.0014863296 0.68500835 0.9026269 0.00051326805 0.62727165 1.5603011e-07 3.1660057e-09 8.118856e-10 9.793268e-06 3.7741685e-08 0.5177272 0.2938086 3.0643825e-08 3.7523245e-07 0.35236523 0.023279168 0.16416526 0.27600375 0.00017861402 3.3369952e-07 0.06205906 0.2468209 4.8314104e-07 0.32385054 0.67211694 1.194551e-06 0.47861785 0.17956561 8.4765105e-07 0.01088822 1.3510855e-05 0.014504658 1.5472518e-06 1.16601655e-07 0.13651721 5.3444626e-07 5.007308e-05 0.00079527905 2.947262e-09 2.8226393e-07 4.363587e-09 3.745514e-07 7.7615806e-07 2.753948e-10 5.3755302e-09 1.3086729e-07 4.1366994e-09 2.6481266e-07 1.0488386e-08 0.009951565 8.4210305e-10 3.206145e-08 3.1788534e-08 1.6814122e-08 0.06737985 0.00093917694 0.06391726 2.3152932e-08 1.3446402e-09 0.007568825 0.0013985557 3.7619556e-09 3.8209504e-07 6.0027776e-07 5.9226873e-06 1.0492234e-05 0.002691281 3.4149794e-09 6.114337e-08 8.0633455e-10
