1.0691498e-23 0.9668053 0.4269951 0.961471 0.9694243 0.98622525 0.97169816 0.908362 0.8671319 0.9326346 0.95322186 0.9412228 0.890461 0.9327974 0.97368956 0.8550254 0.92644775 0.967412 0.8495176 0.23339075 0.4626469 0.02784739 0.35937884 0.15008521 0.9748398 0.76987755 0.97334427 0.627578 0.83951056 0.92834544 0.76472986 0.35923925 0.84994256 0.9949061 0.9942572 0.90371025 0.98785925 0.5218497 0.9529502 0.7520524 0.5135936 0.3307994 0.8700119 0.117226906 0.4531373 0.2446079 0.95817435 0.9914886 0.39211413 0.20392384 0.08404976 0.1464968 0.903608 0.9592695 0.992398 0.066461354 0.9858156 0.6631041 0.07053469 0.6096416 0.19710025 0.98685104 0.95488405 0.0795776 0.9917717 0.0107026445 0.0007118152 0.039696805 0.0031206964 0.9859758 0.999971 0.014708638 0.00062385213 0.012761945 0.25694257 0.016573839 0.1475914 0.99886984 0.9997595 0.00073444046 0.0017574638 0.0066291653 0.0008061929 0.0031785462 4.3714972e-05 0.004125651 0.00021220591 0.0007353467 0.0002332336 0.0008791028 0.96150297 0.95709616 1.5753953e-05 0.00014209001 0.984378 0.99881977 0.0001580157 0.64876837 0.97658205 0.00776501 0.0041683037
0.9668053 4.1088457e-17 0.9347554 0.8632617 0.8370403 0.7637395 0.3088962 0.57277 0.64851713 0.62265795 0.39193225 0.021140967 0.03690712 0.007642073 0.700912 0.025258202 0.0031057268 0.0028268525 0.004905344 0.052074727 0.15766722 0.02216455 0.041642316 0.0087505905 0.8107799 0.00028598486 0.002034221 0.0064770216 0.0008585304 0.56696767 0.25201002 0.010809603 6.4514985e-05 0.0013306052 0.017050462 0.024266157 0.14133357 0.00087550434 3.152391e-05 2.3823424e-05 0.039997235 0.00551147 6.287906e-07 0.0022547569 4.3828935e-05 0.00033072475 0.017133167 0.09260043 1.1804872e-07 0.05238045 2.966016e-05 2.4338868e-05 0.0013286063 0.00020940069 0.042417314 0.028509619 0.00061423116 8.146453e-06 0.00015259 0.00015025413 1.6352611e-05 0.12823981 0.11178023 0.00031033033 0.05021166 0.0023567667 0.0029648507 2.5049803e-05 0.0088511985 0.0004298016 0.040753357 0.002094711 0.00029845227 1.0453306e-06 1.7001187e-07 7.946255e-05 0.00019595466 0.017504986 0.007096914 1.5992598e-05 1.1830003e-05 2.4745077e-07 4.7128336e-07 2.0639204e-06 0.00034486063 0.00011286198 1.81693e-05 0.0002072959 1.3106091e-05 1.9095207e-06 1.8858761e-06 0.0025409048 5.453486e-07 0.0014776596 0.0006015139 0.001263461 0.0016149211 7.082497e-07 0.0008505399 1.0066335e-06 4.7774637e-07
0.4269951 0.9347554 1.0686708e-19 0.96991074 0.29859373 0.54759246 0.022530349 0.468036 0.10411251 0.7327924 0.73099715 0.004470257 0.25157893 0.0015399393 0.26881957 0.011260255 0.0013210552 0.011028198 0.030235747 0.010301746 0.0885785 0.005878716 0.006073447 0.0012998835 0.14154686 0.00046569467 0.015358577 0.01636674 0.006291704 0.045559056 0.02746488 0.016223462 5.0677718e-05 0.0003495454 0.0015525213 0.0038022322 0.041617736 0.0054513263 9.555839e-06 3.515945e-05 0.03073892 0.015572888 4.4992803e-06 0.003456227 0.0013843423 0.0012441189 0.0020090083 0.0062360205 2.4214641e-08 0.008166242 2.6791797e-06 8.770445e-06 0.0003488642 6.438727e-05 0.0050663226 0.007433778 0.0015768722 1.2342315e-05 0.00027986857 0.0007087062 0.00016964157 0.0095267305 0.014662254 0.0010478739 0.0087745525 0.0021697404 0.0011071989 0.00010864973 0.0020644728 0.0011029185 0.0010797712 0.00011152475 2.8534152e-05 3.8606447e-07 3.775198e-08 2.7668304e-05 0.00019658564 0.009848312 0.0008404112 9.70491e-05 0.0001301156 2.4200747e-06 4.049984e-06 5.296688e-06 8.828651e-06 2.1566806e-05 3.560402e-06 0.00031083805 6.7235587e-06 6.4196945e-07 7.752411e-08 0.002174983 3.7758517e-07 0.0004519648 5.303868e-05 0.0015934656 0.00026460655 9.4724595e-07 1.3891286e-05 7.517589e-09 1.9898856e-09
0.961471 0.8632617 0.96991074 2.0823987e-15 0.21110587 0.5382459 0.044970088 0.53207994 0.018523822 0.58408785 0.86139125 0.0027127278 0.19725972 0.0004048739 0.25152633 0.0040037953 0.00041880138 0.007768576 0.026308827 0.009023221 0.403509 0.0053382153 0.03506754 0.006922155 0.12183069 0.0014562211 0.10841543 0.09175905 0.0012632849 0.024160774 0.005693523 0.06882145 2.3449024e-05 0.00011778395 0.001672691 0.0021357127 0.04311102 0.009242969 5.0641315e-06 2.4679395e-05 0.6221747 0.30075544 4.3739474e-06 0.04854314 0.001275591 0.012559142 0.00083445775 0.0031610085 6.2304016e-06 0.33267432 3.775013e-05 9.415152e-05 0.00022637316 3.5136454e-05 0.013563802 0.37456703 0.0005506345 1.5913841e-06 0.004307448 0.00015350163 4.436757e-05 0.0084006665 0.008643679 8.950017e-05 0.0054236325 0.1073389 0.015005601 0.00018639513 0.04430147 0.0007925473 0.0070078834 0.010782402 7.7712546e-05 4.9120713e-06 1.7934055e-07 0.0037949926 4.809661e-05 0.005760543 0.002297232 0.002375438 0.00024416693 2.9122853e-06 1.9169058e-05 2.3118902e-05 5.9803333e-05 0.0002599431 6.469588e-05 0.019820644 0.00018417825 1.0834847e-05 4.1958227e-08 0.001222316 3.244608e-05 0.008561161 0.000119761266 0.0030866887 0.011889254 7.6135484e-07 4.0879717e-05 4.5725469e-07 1.8434649e-07
0.9694243 0.8370403 0.29859373 0.21110587 2.5228188e-15 0.38095388 0.9596817 0.7972969 0.9056867 0.009967765 0.05004107 0.39753595 0.00045436097 0.17752288 0.094506584 0.45978037 0.116244584 0.00013469359 0.00023131419 0.58297294 0.13946125 0.2790846 0.6697471 0.36228162 0.34892914 0.13243979 0.00019999206 0.00073837826 1.2334244e-05 0.2682716 0.06982788 0.0012569368 0.0002495739 0.009994369 0.64400506 0.04392063 0.009983914 0.0001393448 0.00046243033 0.0001487874 0.06025791 0.0013966523 8.051019e-05 0.00055697 5.233035e-07 3.0856776e-05 0.019735113 0.048654277 1.7562223e-05 0.5278906 0.004721623 0.0007575915 0.002670345 0.0024954074 0.16332173 0.024378147 2.855201e-05 2.307685e-05 1.9454037e-05 2.626936e-06 1.486153e-07 0.02773081 0.009927351 1.7046159e-05 0.008311515 0.001434158 0.00202424 2.7344563e-06 0.019354573 5.8424626e-05 0.038514618 0.044355474 0.01804934 1.6296844e-05 5.5625974e-06 5.5240986e-07 6.4956026e-07 0.0033730175 0.020527221 8.005566e-06 5.5273103e-06 2.4386832e-08 1.222736e-07 4.91918e-07 0.004631471 0.0021197158 7.484462e-05 0.00014813851 1.1291278e-06 4.5305837e-06 4.627049e-06 0.00013148661 9.662525e-08 0.0049681133 0.0010865808 0.0008929215 0.020673607 1.3581182e-09 0.0010202563 1.5924621e-06 3.5367939e-06
0.98622525 0.7637395 0.54759246 0.5382459 0.38095388 1.9293149e-16 0.14266753 0.9439092 0.03882664 0.03444401 0.64487904 0.012305224 0.0038050439 0.00050688983 0.11112735 0.013055848 0.00096830324 0.0015276006 0.0017129729 0.053141247 0.81369036 0.030474862 0.20539312 0.024833655 0.15124722 0.0022117964 0.035357013 0.025114665 0.0001056022 0.045920487 0.004263097 0.034873202 2.6593101e-05 0.00090454024 0.010896893 0.0026070604 0.022321949 0.0019132068 6.1009843e-05 1.5028887e-05 0.6830246 0.17023891 4.234534e-06 0.020402722 5.4064665e-05 0.0029979933 0.0011404245 0.0051734326 1.5299129e-06 0.77532965 0.00032126953 0.0001165686 0.00044726412 0.00024771274 0.034393758 0.5918323 5.3492917e-05 1.3285409e-06 0.0010435573 1.3698018e-05 7.9860024e-07 0.0057559907 0.006227409 2.5017944e-06 0.0055824607 0.10394895 0.05804902 2.6313079e-05 0.23722444 0.0002555487 0.009786911 0.20625515 0.0039108326 1.4104276e-06 1.0964143e-07 0.0007630741 5.090873e-07 0.0046951976 0.003077383 0.001505325 6.0304115e-05 5.30051e-07 6.3966735e-07 2.109261e-06 0.0011412029 0.0004757965 1.820206e-05 0.027314112 2.843885e-05 5.0115377e-06 2.1918136e-07 0.00029121884 2.0252972e-05 0.08007935 0.0006164711 0.0015904072 0.15349168 6.3380194e-09 0.00035613257 4.7256424e-07 5.2722277e-07
0.97169816 0.3088962 0.022530349 0.044970088 0.9596817 0.14266753 6.574686e-14 0.41843227 0.8907989 0.0014733733 0.011829023 0.45804918 2.6998025e-05 0.276661 0.010786809 0.58556366 0.21026097 1.408024e-05 5.5375753e-05 0.7622157 0.14523882 0.36560622 0.8394782 0.5905687 0.15581974 0.481084 8.334731e-05 0.00038644575 6.0128554e-07 0.08314491 0.025649233 0.0009840477 0.0010602331 0.03169701 0.7397187 0.03146392 0.0029242344 1.8497467e-05 0.0012980556 0.0005418671 0.099764906 0.0025439744 0.0032355038 0.0014545722 5.3945865e-08 1.1798075e-05 0.009753102 0.018572012 0.0010879433 0.63560396 0.03145048 0.0067337044 0.0026644801 0.0029702517 0.1951744 0.04951231 5.1015677e-06 6.7113644e-05 2.984877e-05 7.353371e-08 3.2188225e-08 0.009988633 0.0056454833 1.3546859e-06 0.0060631665 0.0017049509 0.002193016 9.767416e-07 0.024765128 2.875341e-06 0.05173136 0.17481767 0.059206337 8.6615764e-05 2.7254546e-05 2.7684944e-06 9.750389e-08 0.0019699093 0.016149428 3.4109926e-05 3.985807e-06 2.839198e-08 1.0376168e-07 6.592523e-07 0.01329931 0.026023606 0.00070329703 0.00015679153 2.5784962e-06 2.9497505e-05 3.0328223e-05 2.0530673e-05 8.360301e-07 0.012938968 0.0022335125 0.00016522674 0.053388685 2.23415e-09 0.0029223082 1.3891006e-05 2.4976882e-05
0.908362 0.57277 0.468036 0.53207994 0.7972969 0.9439092 0.41843227 1.5067003e-18 0.10559521 0.008884646 0.54666054 0.03830752 0.00169289 0.0036289077 0.03078948 0.09213002 0.012164835 0.0006798271 0.0005161957 0.37938356 0.94140834 0.29256403 0.63824177 0.09082294 0.05606299 0.006283848 0.005728071 0.011394764 1.7264603e-05 0.029520487 0.0032865764 0.01394872 0.00012730042 0.0028310884 0.020755908 0.0017847322 0.0026031001 0.00046383662 0.00013999414 5.3656822e-05 0.30812666 0.030751094 1.4896536e-05 0.0054745222 2.5517327e-05 0.0002204161 0.001138031 0.0029494667 3.341506e-06 0.7578909 0.001538066 0.0002011608 0.0005749435 0.0010613509 0.014464033 0.3176529 8.453253e-05 2.565813e-05 9.438923e-05 1.575366e-06 5.5787615e-07 0.0025826185 0.0023347605 6.175335e-06 0.0019224759 0.04128001 0.04039503 5.985134e-06 0.24381511 0.0002411776 0.008471528 0.104815595 0.023013031 3.9973834e-06 2.0323953e-06 6.4684004e-06 2.8828765e-07 0.00061769906 0.0018305833 0.00034946168 2.8797687e-05 1.9071265e-07 1.6203735e-07 6.175679e-07 0.009024012 0.0009306737 2.0285388e-05 0.007732583 1.0776308e-06 5.319087e-06 5.139658e-06 2.8138236e-05 1.332327e-06 0.05179788 0.0005309782 0.00024426242 0.12411086 3.8069903e-09 4.4191984e-05 3.1073664e-06 1.6428305e-06
0.8671319 0.64851713 0.10411251 0.018523822 0.9056867 0.03882664 0.8907989 0.10559521 5.2884962e-17 0.009614347 0.0069576693 0.8789051 0.00055772 0.8971732 0.093579456 0.661636 0.5009664 0.0003067608 0.00061578513 0.4304924 0.011939459 0.10297911 0.16141301 0.10025056 0.41262606 0.07915399 6.730641e-06 2.5136409e-05 5.4400636e-05 0.44713473 0.5706024 2.699831e-05 0.005088849 0.0536966 0.8175107 0.66941166 0.029892858 2.6714808e-05 0.0012611742 0.0015010107 0.0008468556 8.021091e-05 0.0016283687 1.608089e-05 5.0950644e-07 1.9290863e-07 0.18228023 0.15678874 0.00024320224 0.017632777 0.0022623977 0.0020014478 0.053787224 0.016091056 0.35652176 0.00034970796 0.00021169939 0.00043080148 2.5896795e-06 4.1556323e-05 1.0896144e-06 0.10670392 0.04519492 2.2075594e-05 0.02554312 2.7251933e-06 2.0212201e-05 5.602594e-07 0.0017975081 0.0001742787 0.032901995 0.00056572194 0.0035707615 4.153968e-05 1.9955414e-05 5.0799486e-06 1.1521749e-07 0.01051886 0.072511986 2.4827561e-06 1.2610694e-06 1.7196538e-07 5.001334e-08 5.297745e-09 0.003197341 0.0008718396 0.00016696741 1.4438307e-06 1.457972e-06 1.2710394e-05 5.790404e-05 0.00071704003 2.8546356e-08 0.00023187255 0.011974307 0.00059175835 0.0016254147 6.942357e-07 0.010737369 5.322347e-05 3.0958203e-05
0.9326346 0.62265795 0.7327924 0.58408785 0.009967765 0.03444401 0.0014733733 0.008884646 0.009614347 6.9875957e-17 0.47356778 0.0004309266 0.92374086 8.1132115e-05 0.95954573 0.0002489008 8.842744e-05 0.63565814 0.167743 0.00086476206 0.005061455 0.0002876932 0.00043419356 4.7107445e-05 0.22483376 2.9666026e-06 0.11961153 0.10195633 0.29643086 0.05630904 0.02252392 0.11527187 2.9829605e-06 2.8694034e-05 0.00022926142 0.002071635 0.6048287 0.037688144 6.122304e-07 1.7241543e-06 0.02227318 0.03826269 5.6442765e-08 0.018861681 0.014436829 0.015238685 0.0015141958 0.011224515 9.21765e-09 0.00027844773 2.4835613e-06 3.7254733e-06 0.0005970837 5.658865e-05 0.0016099166 0.004622998 0.0053759906 8.759849e-07 0.005693466 0.0052719093 0.002585227 0.035548884 0.13754056 0.005245622 0.08336467 0.0038201222 0.0014172116 0.0015066076 0.00027400244 0.013280077 0.0014966276 1.6013453e-06 1.8930498e-06 2.498012e-07 7.667952e-09 0.00058420975 0.0018139746 0.19742423 0.002510942 0.000112985275 0.0032938796 2.3569395e-05 0.00032847258 0.00026891555 5.3952294e-06 6.8759373e-06 3.36729e-06 4.39959e-05 0.00019428738 5.9811885e-07 1.1791785e-07 0.012510147 1.3199218e-06 1.0867319e-05 0.00026169195 0.02379031 3.2181508e-06 4.751256e-05 4.4816134e-05 3.562205e-08 1.6032491e-08
0.95322186 0.39193225 0.73099715 0.86139125 0.05004107 0.64487904 0.011829023 0.54666054 0.0069576693 0.47356778 8.1682054e-17 0.0012509784 0.539306 6.703867e-05 0.23951039 0.00082157983 0.0002171966 0.09812975 0.48926583 0.007708995 0.67349046 0.0065517207 0.0043639312 0.00085081207 0.08546046 7.819386e-06 0.84494776 0.8637962 0.017034518 0.016855786 0.0020217947 0.8091935 5.4691445e-06 0.000106279316 0.00085662486 0.0001647572 0.048157703 0.459967 1.1449348e-05 7.003633e-06 0.37728563 0.6247698 9.00655e-08 0.39556745 0.040478945 0.13699563 6.9431786e-05 0.0011870299 5.5962634e-08 0.016565472 1.7510537e-06 1.4699353e-06 3.626996e-05 5.637303e-05 0.0010955761 0.27780125 0.0038637188 5.137166e-07 0.035680518 0.0008958382 0.00013620869 0.0021835747 0.01050164 0.00080378965 0.0055793896 0.16304854 0.018023798 0.008756588 0.012241376 0.0055199913 0.0019064586 0.00023674838 3.5017732e-05 3.109502e-07 1.2654014e-08 0.033113673 9.920162e-05 0.009696132 0.00053043535 0.007364731 0.0069403457 3.387555e-05 0.0001783427 6.09761e-05 5.7543166e-06 0.00010301043 7.932804e-06 0.004223633 0.00064388954 4.1594285e-06 2.0450386e-06 0.0016861525 0.00097051926 0.0026165065 1.6106414e-05 0.004501369 0.0002810116 3.2663486e-06 5.2796946e-05 6.9525345e-07 1.0853363e-06
0.9412228 0.021140967 0.004470257 0.0027127278 0.39753595 0.012305224 0.45804918 0.03830752 0.8789051 0.0004309266 0.0012509784 1.35538206e-14 2.3251145e-05 0.9751988 0.0034684525 0.81747174 0.7884314 6.152128e-06 2.380857e-05 0.40121496 0.0124643 0.06768191 0.33576816 0.503563 0.09180432 0.65195876 8.116802e-07 9.487753e-06 5.592558e-07 0.05958506 0.072295085 4.528283e-05 0.11275542 0.29941466 0.056739014 0.16712017 0.001691674 2.5192026e-06 0.037007175 0.039422166 0.0020061154 5.0150447e-05 0.21011117 1.6655747e-05 5.6468398e-08 2.3128848e-07 0.032214407 0.023399014 0.045644417 0.05070714 0.081480175 0.07024336 0.09294175 0.058100954 0.180956 0.00039773187 2.5056949e-07 0.0028208874 8.7068116e-07 1.3384743e-08 1.6143296e-08 0.013979591 0.0065743686 8.3692356e-07 0.0077467808 9.85034e-06 4.5516066e-05 2.0811368e-07 0.0006981607 8.705077e-07 0.015432142 0.002588797 0.0052641695 0.0017214519 0.0013800663 1.0047743e-07 7.161334e-08 0.0048038713 0.052693125 6.9788604e-07 1.4414808e-06 3.1457283e-08 6.046204e-08 6.301475e-08 0.002250382 0.019422492 0.0028839617 3.897239e-06 1.1837368e-06 0.00051285635 0.00090521894 1.08516815e-05 7.037102e-08 3.2556833e-05 0.026594276 0.00010422052 0.0010787852 3.9600407e-09 0.014618615 0.00046193818 0.00029076872
0.890461 0.03690712 0.25157893 0.19725972 0.00045436097 0.0038050439 2.6998025e-05 0.00169289 0.00055772 0.92374086 0.539306 2.3251145e-05 7.2713877e-16 3.8538135e-05 0.27433273 5.0807943e-05 1.1320622e-05 0.9360308 0.97039396 0.00019085869 0.0042501986 6.4372776e-05 0.00013107697 3.5194844e-05 0.011566328 5.7128335e-07 0.60961926 0.5190592 0.55991113 0.0020758088 0.0011399764 0.5193614 1.1115227e-06 1.1436649e-06 7.737337e-06 0.00011992288 0.10909655 0.47411156 8.8375195e-08 6.595592e-07 0.014373162 0.17905977 2.2213952e-08 0.14118205 0.19228444 0.3913513 5.1192423e-05 0.0005536847 1.0280148e-08 0.00012599767 6.1944485e-07 4.8334886e-07 4.396916e-06 2.7782223e-06 0.00016192686 0.0042516533 0.012405256 1.9893032e-07 0.18260376 0.014820261 0.010701171 0.0042751646 0.0116875945 0.01188405 0.010169879 0.0048229448 0.00024332822 0.027274746 4.315799e-05 0.01821262 0.00010715855 9.475395e-07 1.1886395e-06 9.687862e-08 7.7752894e-08 0.022996133 0.0029096773 0.031709846 0.0004275517 0.0009414924 0.074564055 0.0011172856 0.013543147 0.0017668606 5.154819e-07 2.8132936e-06 4.3113337e-06 3.717355e-05 0.0065249116 1.1117379e-06 4.985705e-08 0.007162312 1.2985261e-05 1.521769e-05 4.4885768e-05 0.014296156 4.7867215e-05 0.0002902935 1.1362582e-06 3.5663268e-07 8.2420954e-08
0.9327974 0.007642073 0.0015399393 0.0004048739 0.17752288 0.00050688983 0.276661 0.0036289077 0.8971732 8.1132115e-05 6.703867e-05 0.9751988 3.8538135e-05 2.1133971e-19 0.0018519436 0.48543528 0.655848 3.8642233e-06 1.1242243e-05 0.061034918 0.0012890982 0.01108222 0.0073883613 0.04795144 0.10848987 0.093114845 5.2949503e-08 5.1008794e-07 1.5277827e-06 0.09875601 0.24557075 5.929658e-07 0.12411166 0.5042856 0.058196183 0.5889221 0.002539523 1.7933395e-06 0.048421677 0.027507212 6.590401e-06 1.5375655e-06 0.028925113 3.1184843e-06 2.938322e-08 3.500663e-08 0.10492721 0.04538661 0.004076215 0.00037565085 0.0069824527 0.008390162 0.41581094 0.13353452 0.24235407 2.6801918e-06 5.692431e-06 0.0022800497 1.1946565e-07 5.54298e-07 1.6307915e-07 0.028533861 0.018642697 7.447785e-07 0.007171717 9.196879e-08 6.8310374e-07 6.2189685e-08 9.002686e-06 2.619596e-06 0.0077804653 1.6408843e-06 0.00030567998 0.0001681159 0.0004471775 1.282663e-06 7.18521e-08 0.0027634576 0.09583876 1.6584248e-07 1.7393555e-07 7.234454e-08 5.764202e-08 7.1752906e-09 0.00021035982 0.0007856889 0.00052711245 1.9940993e-07 1.0366608e-06 6.755074e-05 0.00016028335 6.696001e-05 2.7659793e-08 2.0262137e-06 0.120158486 3.6902664e-05 5.2782975e-06 8.468619e-08 0.033165243 0.00015186254 0.00019628271
0.97368956 0.700912 0.26881957 0.25152633 0.094506584 0.11112735 0.010786809 0.03078948 0.093579456 0.95954573 0.23951039 0.0034684525 0.27433273 0.0018519436 3.039433e-16 0.0007307223 0.00017942788 0.5825246 0.045903537 0.0010235712 0.011832324 0.00042824642 0.0030422457 3.8499715e-05 0.50725424 1.849452e-05 0.09124174 0.04485479 0.22101966 0.17620651 0.06501166 0.041808646 8.4859375e-06 0.00022503217 0.0011751356 0.0051158797 0.9587841 0.020228008 1.3273955e-05 7.2464895e-06 0.029326044 0.029399551 9.824746e-06 0.011893058 0.008957314 0.002213474 0.0059674266 0.035678037 4.306351e-07 0.000288063 2.133756e-06 1.22862275e-05 0.00036253725 0.0001471512 0.0059197624 0.0017473296 0.010025443 6.915463e-07 0.0010681145 0.0064403447 0.0008390694 0.11458702 0.34798092 0.015559113 0.17742209 0.0010429549 0.00043894188 0.00023420472 0.00010370623 0.013255265 0.0065560807 4.076318e-06 8.3435583e-07 1.2205254e-06 4.2040575e-08 0.00011521492 0.0005652255 0.26834247 0.008620378 9.245387e-06 0.00013100335 3.7212605e-05 7.02155e-06 9.078509e-05 1.115105e-06 6.2099666e-06 1.038344e-06 6.465567e-05 7.783466e-06 9.4261577e-07 4.2375135e-07 0.014214146 4.716035e-07 3.6912243e-05 0.0006682168 0.012060628 3.033691e-06 5.784614e-05 0.00031493398 3.1771197e-08 1.5461055e-08
0.8550254 0.025258202 0.011260255 0.0040037953 0.45978037 0.013055848 0.58556366 0.09213002 0.661636 0.0002489008 0.00082157983 0.81747174 5.0807943e-05 0.48543528 0.0007307223 1.0991725e-17 0.97950023 6.3742477e-06 2.7413405e-05 0.7655087 0.03360722 0.29807216 0.21872096 0.59288615 0.023030387 0.7791382 1.5603584e-06 1.4533278e-05 1.0491218e-06 0.019616311 0.015174138 1.0726585e-05 0.13025916 0.16210535 0.02184093 0.032250535 0.00062483456 1.606046e-05 0.033863705 0.14679255 0.0005825082 2.8129785e-05 0.46513268 3.350147e-06 1.2285055e-07 3.6385654e-08 0.0052082264 0.006041225 0.15029241 0.015178769 0.18533514 0.11366847 0.09126278 0.044368017 0.07245813 0.00023920102 7.2615567e-06 0.018409714 3.1943523e-06 6.7113706e-07 8.046669e-08 0.005490344 0.004550429 3.3003394e-07 0.004472701 5.9953086e-06 1.162263e-05 2.3356245e-07 0.001126026 1.4212375e-06 0.008951721 0.0006285035 0.012841374 0.0022977374 0.0038494132 6.664084e-07 2.9533577e-08 0.0009906653 0.010581367 1.360996e-06 1.6940655e-07 1.4864839e-08 4.423866e-09 2.9190206e-09 0.0039564157 0.024051255 0.003875722 4.132924e-06 6.044235e-07 0.00022345543 0.001045609 9.55501e-06 3.84166e-09 2.8278582e-05 0.018070027 4.720175e-05 0.00047730238 3.2417734e-08 0.004365798 0.0005779663 0.0006259099
0.92644775 0.0031057268 0.0013210552 0.00041880138 0.116244584 0.00096830324 0.21026097 0.012164835 0.5009664 8.842744e-05 0.0002171966 0.7884314 1.1320622e-05 0.655848 0.00017942788 0.97950023 1.7418202e-17 1.8007379e-06 9.668645e-06 0.19381852 0.008006846 0.025979312 0.03460675 0.17808919 0.033718478 0.43926013 7.811482e-07 1.3176502e-06 4.3942228e-07 0.030013742 0.057838634 6.979909e-06 0.4628841 0.44678602 0.0118550155 0.20816891 0.00053594046 3.3165397e-06 0.1371513 0.21974975 7.277576e-05 1.306659e-05 0.46728307 2.1161638e-06 4.4582674e-08 2.2165335e-07 0.017490093 0.010554899 0.098690525 0.0033371993 0.049259476 0.11285883 0.4822068 0.17712246 0.120541565 4.7153648e-05 6.138358e-07 0.024293087 9.362459e-07 3.4852314e-07 6.612246e-08 0.01166648 0.011121807 6.721959e-07 0.0063105365 4.4171825e-06 5.7128577e-06 3.5189603e-07 0.00032061976 1.3806704e-07 0.0059400876 7.192295e-05 0.003929989 0.0073670675 0.007818523 9.338868e-06 8.990382e-08 0.0018142809 0.02904454 4.6237496e-06 6.5092024e-07 2.3705574e-07 5.6344135e-08 3.3006966e-08 0.0013712443 0.0072324956 0.0023641165 3.6627239e-06 1.3781334e-06 0.0019441695 0.0042806724 8.181521e-06 8.912476e-08 1.10586325e-05 0.16259846 3.4679084e-05 0.00012582824 3.1603722e-08 0.03782217 0.0014248014 0.0017254645
0.967412 0.0028268525 0.011028198 0.007768576 0.00013469359 0.0015276006 1.408024e-05 0.0006798271 0.0003067608 0.63565814 0.09812975 6.152128e-06 0.9360308 3.8642233e-06 0.5825246 6.3742477e-06 1.8007379e-06 1.7351039e-15 0.76551116 2.1259028e-05 0.0011232852 9.648758e-06 4.9125206e-06 1.2154935e-06 0.08397081 1.2655094e-07 0.5224296 0.29610485 0.97533715 0.006771254 0.002573994 0.22749962 1.8840488e-07 7.69811e-07 2.861379e-06 0.00018740757 0.71258324 0.46237245 4.588353e-08 6.546714e-08 0.012283575 0.058374193 3.6334453e-09 0.11647023 0.32440498 0.46731174 0.00019484923 0.0014476195 1.1018812e-08 8.443355e-06 1.2697177e-07 6.615615e-08 3.2875072e-05 2.7614328e-06 0.00035703936 0.0007610987 0.056122337 4.0950553e-08 0.23322007 0.068315014 0.03504044 0.01062741 0.080137275 0.034589466 0.047222994 0.0004683842 2.3590377e-05 0.025271134 8.127465e-06 0.16647087 0.0003240293 1.000512e-06 4.958982e-07 3.015556e-08 1.6008718e-08 0.021175936 0.0022340768 0.25987437 0.0009068425 6.8188536e-05 0.051306527 0.0018251793 0.013518461 0.0041076797 1.0739262e-06 6.3887046e-07 8.705275e-07 3.7914364e-05 0.0025268795 3.1579245e-07 1.2395095e-08 0.026567167 1.0966976e-05 6.938251e-06 0.000117231815 0.08162928 2.014408e-05 0.0013375487 1.029491e-05 4.4194303e-07 6.0240537e-09
0.8495176 0.004905344 0.030235747 0.026308827 0.00023131419 0.0017129729 5.5375753e-05 0.0005161957 0.00061578513 0.167743 0.48926583 2.380857e-05 0.97039396 1.1242243e-05 0.045903537 2.7413405e-05 9.668645e-06 0.76551116 1.4514767e-15 0.00021045735 0.00874543 0.0001704555 8.911546e-05 2.7425014e-05 0.0068011666 2.525506e-07 0.7189096 0.4741798 0.56110364 0.00086808286 0.00057781005 0.37460053 1.1877058e-06 1.6466986e-06 4.9460095e-06 5.744647e-05 0.034186855 0.9068417 2.779525e-07 2.5290142e-06 0.010031563 0.02472512 8.510997e-08 0.07216037 0.7110249 0.44525465 2.4494275e-05 0.00026722442 1.0648984e-06 0.0001689164 6.4057845e-06 1.4833939e-06 6.334685e-05 6.9473217e-06 5.288967e-05 0.007517365 0.051872287 1.7721778e-06 0.14157575 0.050934706 0.11558397 0.0019223221 0.005557123 0.08143708 0.0052260533 0.005619032 0.00033798008 0.21111336 7.033194e-05 0.0366754 5.5719345e-05 4.5401488e-05 6.126612e-06 2.4599324e-06 4.0048712e-07 0.015469665 0.01202061 0.012245614 0.0002742631 0.00048808687 0.103351176 0.014791634 0.05521924 0.010024582 1.4918822e-06 8.409303e-05 1.6953765e-05 7.558912e-05 0.018970856 3.000669e-05 3.1230584e-06 0.0063341204 5.3814045e-05 2.0142716e-05 1.6055545e-05 0.024973663 1.5256576e-05 0.0022383635 2.7199978e-06 1.4444995e-05 1.6766741e-06
0.23339075 0.052074727 0.010301746 0.009023221 0.58297294 0.053141247 0.7622157 0.37938356 0.4304924 0.00086476206 0.007708995 0.40121496 0.00019085869 0.061034918 0.0010235712 0.7655087 0.19381852 2.1259028e-05 0.00021045735 4.7499904e-17 0.110281475 0.96632034 0.7347696 0.9740302 0.0028006465 0.39412984 1.1063232e-05 3.2448716e-05 4.148115e-06 0.00649034 0.007278058 6.053419e-05 0.0032818047 0.008502431 0.25020847 0.006928191 0.00034899893 1.4846586e-05 0.0006702851 0.0024461804 0.004906804 5.3825283e-05 0.0030849348 4.9716484e-05 1.772859e-06 9.817576e-07 0.0014874939 0.0011682168 0.0017355192 0.07071555 0.18840647 0.009979388 0.0048447084 0.0012834162 0.006248194 0.00041984688 3.1635853e-05 0.00039422576 7.5628344e-07 3.8063465e-06 8.0399917e-07 0.001260936 0.0009690686 1.2841599e-06 0.00028674136 6.737143e-05 0.00017476185 2.1656231e-07 0.0060773552 3.0902054e-06 0.0020475702 0.0060355295 0.029180543 0.00011437108 3.751334e-05 4.523093e-06 3.654787e-07 0.00044793 0.0015031244 5.8291134e-06 2.4478734e-06 1.2086458e-06 5.0775776e-07 8.329458e-08 0.012254147 0.027108459 0.0050750803 0.0003863794 8.8668485e-06 0.00021497451 5.443655e-05 0.00018048316 4.030866e-07 0.0010972099 0.00094126613 0.0001138509 0.007611034 4.400786e-07 0.00086060684 0.0001405611 4.531774e-05
0.4626469 0.15766722 0.0885785 0.403509 0.13946125 0.81369036 0.14523882 0.94140834 0.011939459 0.005061455 0.67349046 0.0124643 0.0042501986 0.0012890982 0.011832324 0.03360722 0.008006846 0.0011232852 0.00874543 0.110281475 8.3798907e-16 0.12316995 0.3194881 0.023779953 0.024904538 0.005052383 0.040303122 0.09622979 0.00011622658 0.0080255065 0.0017193492 0.10661619 0.00042087253 0.0026497247 0.0029648761 0.001040066 0.002951459 0.014230143 0.00019278866 0.00091919437 0.95950836 0.35767356 0.00036793906 0.14214872 0.0006821147 0.008197962 7.4129144e-05 0.00079632684 4.3753214e-05 0.89049965 0.0044948547 0.0004978474 0.00031823848 0.00078794826 0.0022250828 0.9037112 0.0002009267 0.00031871104 0.005749034 5.8981033e-05 8.15072e-06 0.00081159314 0.00214018 2.7641245e-05 0.00095602876 0.39373398 0.35793987 6.334921e-05 0.63914645 0.0005154492 0.0023034636 0.18693164 0.029152686 8.285219e-06 7.8025776e-05 0.014774059 0.0003495244 0.00047602953 0.00065609964 0.02922389 0.0007259861 5.2060286e-06 2.0802261e-05 3.2985788e-06 0.017747175 0.008965476 0.00027911185 0.0373192 0.00044306958 2.651278e-05 0.00037161057 0.0006595384 0.0021660025 0.053067815 0.0011900354 0.00062169705 0.07455051 1.3261288e-05 0.00049830123 0.00019945054 3.062158e-05
0.02784739 0.02216455 0.005878716 0.0053382153 0.2790846 0.030474862 0.36560622 0.29256403 0.10297911 0.0002876932 0.0065517207 0.06768191 6.4372776e-05 0.01108222 0.00042824642 0.29807216 0.025979312 9.648758e-06 0.0001704555 0.96632034 0.12316995 4.964021e-20 0.98466057 0.7605151 0.00031939993 0.10041556 8.394227e-06 2.3990795e-05 1.5564526e-06 0.0005851116 0.0009529357 5.649945e-05 0.00088237773 0.001294888 0.052425515 0.0005910072 8.4659274e-05 8.63038e-06 0.00016764601 0.0011717621 0.005108623 7.109031e-05 0.00072117633 1.0513298e-05 9.140538e-07 3.9246433e-07 0.00017683691 0.00023063771 0.00025105948 0.15154117 0.09717933 0.0025917487 0.00044102437 0.00015981843 0.0010609619 0.00083968416 3.174175e-05 0.0001539504 5.355365e-07 4.817231e-07 5.50943e-07 0.0005383707 0.00022196231 4.1752656e-08 0.00013271823 8.4151914e-05 0.0002552978 7.3146516e-08 0.0065432005 1.692865e-06 0.00053279416 0.021256166 0.042864334 2.1796444e-05 1.0380623e-05 3.5438673e-06 2.8029574e-09 3.09748e-05 0.0004054005 3.6044605e-06 1.4409544e-06 1.7975799e-07 2.3487291e-07 2.7976125e-08 0.03422024 0.036732003 0.0031749925 0.0003011654 8.535936e-06 0.00011133814 9.448573e-06 8.213667e-06 2.2000708e-07 0.0024587226 0.00039037116 9.4190495e-05 0.012363068 1.154673e-07 5.4755772e-05 1.9943258e-05 9.15272e-06
0.35937884 0.041642316 0.006073447 0.03506754 0.6697471 0.20539312 0.8394782 0.63824177 0.16141301 0.00043419356 0.0043639312 0.33576816 0.00013107697 0.0073883613 0.0030422457 0.21872096 0.03460675 4.9125206e-06 8.911546e-05 0.7347696 0.3194881 0.98466057 2.1212335e-17 0.82770145 0.0063275304 0.15202706 1.530569e-05 5.81366e-05 2.2031838e-06 0.0032307925 0.0023578694 6.6255314e-05 0.0011106835 0.010012037 0.1622249 0.002907601 0.00055145874 7.6232814e-06 0.0009268641 0.0013061333 0.04973068 0.0001577218 0.00062410446 0.00017499703 1.1132215e-07 9.916823e-07 0.0006179008 0.00082100526 0.00018635354 0.7714088 0.12936822 0.0029897462 0.0014332639 0.0018378356 0.009467213 0.014640743 1.7012444e-05 0.00025310967 2.0900864e-06 3.0193319e-06 1.0813818e-07 0.0013299856 0.0004885898 1.9275546e-07 0.00070231396 0.001421308 0.0035176054 4.5003338e-07 0.053010605 2.1292292e-06 0.012270843 0.20610105 0.29468897 4.9393704e-05 2.2712122e-05 0.00013037582 1.4828359e-07 0.00026197959 0.0031993098 1.4345287e-05 2.1491257e-06 3.2737222e-07 7.2560674e-08 3.6246098e-07 0.1988551 0.11986411 0.0034227127 0.0010089258 1.8020119e-05 5.731967e-05 0.00010581511 0.0001867624 9.442573e-06 0.03918221 0.0005334874 0.00016715477 0.24616279 8.100223e-09 0.00064033293 1.5689258e-05 1.307149e-05
0.15008521 0.0087505905 0.0012998835 0.006922155 0.36228162 0.024833655 0.5905687 0.09082294 0.10025056 4.7107445e-05 0.00085081207 0.503563 3.5194844e-05 0.04795144 3.8499715e-05 0.59288615 0.17808919 1.2154935e-06 2.7425014e-05 0.9740302 0.023779953 0.7605151 0.82770145 1.5072774e-15 0.0034608461 0.9649526 6.559113e-08 4.52919e-07 3.238813e-08 0.0058382596 0.0035297195 1.0200304e-06 0.083091415 0.05442248 0.050732166 0.006700662 3.9322902e-05 6.970908e-08 0.012677601 0.055577226 0.0024671806 2.2500866e-05 0.11440664 4.890103e-06 3.2980518e-09 4.4626656e-08 0.0023965598 0.0019581951 0.024735754 0.022445478 0.7490348 0.13773887 0.005104527 0.018055815 0.007690454 4.582885e-05 7.2199455e-06 0.00341543 6.1386075e-08 7.717237e-09 8.392718e-09 0.0014359645 0.00049797964 8.715871e-08 0.0001624797 4.675483e-06 1.1577781e-05 6.020045e-09 0.00093162066 4.450561e-08 0.0016109633 0.0014978484 0.023423925 0.0031709967 0.0004771563 9.754506e-07 1.1049476e-08 9.5854615e-05 0.0016410549 7.683474e-08 8.9477e-08 3.9704645e-08 1.0592949e-08 4.6936948e-09 0.01519741 0.1967948 0.017303895 5.2508167e-05 8.933984e-07 0.0011545378 0.0003892355 5.0281375e-07 2.4197593e-09 3.281262e-05 0.0017689359 1.9102157e-05 0.0007797363 9.068947e-09 0.0004535019 8.099158e-05 8.725348e-05
0.9748398 0.8107799 0.14154686 0.12183069 0.34892914 0.15124722 0.15581974 0.05606299 0.41262606 0.22483376 0.08546046 0.09180432 0.011566328 0.10848987 0.50725424 0.023030387 0.033718478 0.08397081 0.0068011666 0.0028006465 0.024904538 0.00031939993 0.0063275304 0.0034608461 2.1571395e-16 0.009092274 0.0041296566 0.0029867925 0.02170095 0.976127 0.38392425 0.0036995346 0.001632143 0.008261885 0.028061768 0.07513439 0.7310309 0.0005856006 0.0008762277 0.00041124912 0.020809744 0.00062179967 0.000110775436 0.00011992642 7.591407e-05 0.00018259237 0.15885319 0.48638815 8.22063e-05 0.011332547 4.0870495e-06 0.00011088821 0.00529855 0.0032595808 0.12889366 0.000581584 0.017327905 0.00012451361 9.303435e-06 0.0028016937 5.615073e-05 0.70909035 0.66146016 0.010567717 0.41709903 3.0924915e-05 6.586333e-05 2.7022086e-05 0.00015550449 0.013925508 0.064202875 0.00014121908 3.6015244e-05 2.4472292e-06 9.514799e-06 2.5776491e-05 0.0007014479 0.37599525 0.081705645 1.0732771e-06 2.4313375e-05 4.631989e-06 4.0776713e-06 3.466384e-05 5.0256207e-05 1.265885e-05 6.288173e-06 3.4679048e-05 9.1449493e-07 7.9805056e-07 5.4767937e-05 0.024302106 2.549147e-07 0.0003880998 0.008291184 0.0055487826 0.0013954521 6.217184e-06 0.006923647 6.517691e-06 1.1823125e-05
0.76987755 0.00028598486 0.00046569467 0.0014562211 0.13243979 0.0022117964 0.481084 0.006283848 0.07915399 2.9666026e-06 7.819386e-06 0.65195876 5.7128335e-07 0.093114845 1.849452e-05 0.7791382 0.43926013 1.2655094e-07 2.525506e-07 0.39412984 0.005052383 0.10041556 0.15202706 0.9649526 0.009092274 4.4425205e-16 1.9414975e-08 1.406451e-07 2.106085e-08 0.0052388473 0.0047980114 2.437694e-07 0.37113425 0.3711528 0.009878592 0.008792614 7.3187024e-05 5.3435883e-08 0.11617573 0.29618534 0.00023139978 3.370212e-07 0.71869856 2.9138866e-07 1.3112865e-09 6.751756e-09 0.0028518739 0.002266889 0.29904312 0.0015644851 0.94320256 0.7147193 0.043394934 0.157055 0.020344773 1.3290447e-05 8.895726e-07 0.05370212 3.1502257e-08 1.3096457e-07 1.1476605e-08 0.0014781443 0.0009687249 4.1374767e-07 0.00036166515 2.5060376e-06 5.613017e-07 1.160301e-08 7.44344e-05 5.3599102e-08 0.0023842691 0.0004938407 0.0135682775 0.0717741 0.010393367 6.1939495e-06 1.1195819e-07 0.00012866252 0.0031938609 1.2849138e-07 1.4564959e-08 3.732248e-08 9.2097013e-10 1.1517409e-09 0.0069249608 0.19981472 0.040471572 1.7672017e-05 2.2333491e-07 0.0137581 0.00495767 1.3432588e-05 4.6615334e-08 3.1764355e-06 0.0043028416 1.0270287e-05 0.00048455026 4.479626e-09 0.0045894305 0.00020290022 0.0008797155
0.97334427 0.002034221 0.015358577 0.10841543 0.00019999206 0.035357013 8.334731e-05 0.005728071 6.730641e-06 0.11961153 0.84494776 8.116802e-07 0.60961926 5.2949503e-08 0.09124174 1.5603584e-06 7.811482e-07 0.5224296 0.7189096 1.1063232e-05 0.040303122 8.394227e-06 1.530569e-05 6.559113e-08 0.0041296566 1.9414975e-08 6.6180417e-18 0.9442598 0.08884739 5.678104e-05 0.00022661228 0.87269443 8.956698e-08 4.0196205e-06 9.524123e-06 3.3091863e-05 0.020682584 0.6912913 3.5126635e-07 3.8853155e-08 0.05867749 0.50950134 6.001117e-09 0.46285167 0.091828406 0.7223547 4.2188518e-07 3.3837237e-06 3.0270497e-10 0.00026212656 6.1242194e-09 1.302816e-08 1.078312e-05 2.9621117e-07 1.14377135e-05 0.00041302195 0.014240433 8.840449e-09 0.360121 0.006674541 0.0051839007 9.966524e-05 0.0019892608 0.0009033342 0.0002986174 0.0038447888 0.00029171386 0.013998908 0.00011467187 0.029769227 0.00038198417 1.5590688e-06 2.4972794e-06 3.8846317e-09 1.6665e-10 0.21764615 0.0012223718 0.0019222817 0.00019479703 0.00097157445 0.026536148 7.490746e-05 0.011315911 0.0013996398 6.4578387e-07 3.4219975e-06 2.7953192e-06 0.00087147666 0.0087497225 1.6130055e-07 4.714126e-08 0.0033066517 0.0005099987 0.0001624856 3.8833855e-06 0.022539461 0.00014883495 0.00022897538 1.5673435e-05 4.068432e-07 1.2310158e-08
0.627578 0.0064770216 0.01636674 0.09175905 0.00073837826 0.025114665 0.00038644575 0.011394764 2.5136409e-05 0.10195633 0.8637962 9.487753e-06 0.5190592 5.1008794e-07 0.04485479 1.4533278e-05 1.3176502e-06 0.29610485 0.4741798 3.2448716e-05 0.09622979 2.3990795e-05 5.81366e-05 4.52919e-07 0.0029867925 1.406451e-07 0.9442598 4.9129727e-18 0.04185768 0.00017964635 0.00015344309 0.9736765 5.749623e-07 3.7762966e-06 2.8035407e-05 1.7314696e-05 0.007219744 0.5016221 1.76915e-06 1.8546484e-07 0.09771779 0.6183049 1.1141854e-08 0.6584515 0.024397258 0.6373441 2.675947e-06 2.522454e-05 9.81537e-10 0.0002709381 1.16901624e-07 4.91838e-08 4.2449783e-06 5.4094414e-07 1.1023705e-05 0.002528649 0.0050688745 1.4415778e-07 0.27049008 0.0019924126 0.0017801238 0.00015971101 0.0009965725 0.0009044121 0.0003785242 0.0070557944 0.0011850211 0.007027379 0.0005213312 0.0045552226 0.00036774031 6.5540576e-07 2.1924795e-06 2.2735234e-08 6.515912e-10 0.17740527 0.00046855598 0.0022653039 0.00024029551 0.0036015348 0.017747749 2.4924604e-05 0.0069312835 0.0005059891 7.505683e-07 4.9442037e-06 5.3791696e-06 0.0026934969 0.008594607 6.518346e-07 1.9952262e-08 0.0010438325 0.0009495066 3.628906e-05 2.9770394e-05 0.0057384516 2.839668e-05 9.149648e-06 1.8122731e-05 2.9313654e-07 2.4011909e-08
0.83951056 0.0008585304 0.006291704 0.0012632849 1.2334244e-05 0.0001056022 6.0128554e-07 1.7264603e-05 5.4400636e-05 0.29643086 0.017034518 5.592558e-07 0.55991113 1.5277827e-06 0.22101966 1.0491218e-06 4.3942228e-07 0.97533715 0.56110364 4.148115e-06 0.00011622658 1.5564526e-06 2.2031838e-06 3.238813e-08 0.02170095 2.106085e-08 0.08884739 0.04185768 3.1760026e-17 0.0010858692 0.00048686977 0.03644589 3.9060314e-08 1.674547e-08 4.9191897e-07 9.51137e-06 0.5428146 0.32333863 1.1580342e-09 1.27335005e-08 0.00010636358 0.0009164621 6.5724084e-09 0.009957414 0.5318021 0.10499928 3.308268e-05 0.00022699834 2.0180824e-09 2.2454368e-07 2.0686102e-08 9.477673e-09 1.8776166e-07 8.932148e-08 9.407806e-06 5.2803087e-05 0.7409819 9.621693e-09 0.048511505 0.8226888 0.50576514 0.003022115 0.04162812 0.844235 0.021782354 3.065548e-05 1.986364e-06 0.14899582 8.799906e-07 0.70314646 1.7379962e-05 5.8828146e-08 1.6031949e-07 1.0012651e-08 1.4063194e-09 0.00016945691 0.07149164 0.26489103 0.00018969677 9.474976e-06 0.076990366 0.05448731 0.046393596 0.031563804 9.361896e-09 1.7484727e-07 1.4945516e-07 5.692681e-06 0.0042867186 9.042714e-08 9.6634e-10 0.10847434 1.0935713e-06 6.4436617e-06 1.0305843e-05 0.06748011 1.0080929e-06 0.04626562 7.237435e-08 6.005391e-08 6.813575e-11
0.92834544 0.56696767 0.045559056 0.024160774 0.2682716 0.045920487 0.08314491 0.029520487 0.44713473 0.05630904 0.016855786 0.05958506 0.0020758088 0.09875601 0.17620651 0.019616311 0.030013742 0.006771254 0.00086808286 0.00649034 0.0080255065 0.0005851116 0.0032307925 0.0058382596 0.976127 0.0052388473 5.678104e-05 0.00017964635 0.0010858692 2.2212453e-17 0.9021678 0.0001921292 0.0011190847 0.006786245 0.1079059 0.2752593 0.32093143 3.658369e-05 0.00026903275 0.00026568832 0.0020126423 1.8008144e-05 9.0664995e-05 5.792041e-06 3.3621561e-06 1.2797067e-05 0.28504246 0.7424266 2.5098658e-05 0.007214626 7.4067174e-07 5.4926168e-05 0.007300213 0.0019170028 0.12831354 0.00018462246 0.0029891073 0.00019697072 6.14179e-07 0.00018663616 9.967721e-07 0.79856396 0.59583735 0.0008778135 0.3333206 2.756431e-06 1.7198608e-05 6.0866984e-07 7.821972e-05 0.0016960881 0.119811796 0.00089897733 0.00011901913 8.373618e-07 5.3083717e-05 4.971506e-07 8.014722e-05 0.12175565 0.09747472 2.2005516e-07 2.0198202e-06 5.808071e-08 1.2659477e-07 5.475817e-07 0.00027575382 1.0725205e-05 2.8483378e-06 5.660184e-06 1.0336405e-07 7.927672e-07 3.1727661e-06 0.0037285006 2.0781677e-07 0.000882576 0.01677043 0.001333882 0.0067940224 2.555337e-07 0.008956619 1.182202e-05 3.5987414e-06
0.76472986 0.25201002 0.02746488 0.005693523 0.06982788 0.004263097 0.025649233 0.0032865764 0.5706024 0.02252392 0.0020217947 0.072295085 0.0011399764 0.24557075 0.06501166 0.015174138 0.057838634 0.002573994 0.00057781005 0.007278058 0.0017193492 0.0009529357 0.0023578694 0.0035297195 0.38392425 0.0047980114 0.00022661228 0.00015344309 0.00048686977 0.9021678 1.1954732e-17 0.00011487634 0.00918249 0.0142135285 0.9312747 0.9114335 0.1335933 6.7442146e-05 0.0010012944 0.0026555466 0.00012926714 2.3797018e-05 0.000587755 1.2455392e-05 8.432789e-06 7.4519307e-06 0.7439385 0.7512253 0.00039974027 0.00090030686 3.4545068e-05 0.0002258035 0.04184732 0.0060899276 0.29913703 0.00015538884 0.00071075367 0.0013527701 2.8436964e-06 2.398741e-05 1.1337589e-06 0.7402908 0.320243 0.0006946324 0.15159601 3.2831163e-06 2.1594374e-06 1.8491366e-05 5.9145907e-05 0.00037811382 0.11627122 6.699853e-05 0.00011709807 2.4467916e-05 0.00013819846 1.3555051e-06 4.429042e-05 0.06281108 0.15286429 1.4035547e-06 9.740659e-06 6.801376e-07 5.084459e-07 5.651831e-07 0.00026905612 0.0003243156 8.732699e-05 3.0649335e-07 1.4877492e-06 8.005246e-06 2.5520128e-05 0.0022988573 1.4870653e-08 0.00060878054 0.012418387 0.00062750594 0.0019252915 5.5289393e-06 0.0071962997 0.000135636 6.320588e-05
