2.1759654e-17 0.99059033 0.9090455 0.9783939 0.97823983 0.91086227 0.955337 0.8995837 0.972679 0.8943793 0.993304 0.8491885 0.9926313 0.9454571 0.992375 0.90372777 0.9211067 0.96645015 0.96181905 0.927776 0.9962679 0.99532795 0.9527331 0.88491917 0.9999926 0.94358444 0.9730856 0.9521886 0.983642 0.9875341 0.9994421 0.9744556 0.98929805 0.9923709 0.9730211 0.991019 0.8859736 0.9050719 0.96054643 0.943016 0.85946244 0.9108744 0.73785454 0.9179065 0.8311934 0.70385355 0.9835419 0.85343224 0.91958493 0.99781674 0.7394114 0.49556148 0.86729074 0.9008988 0.85155237 0.95566094 0.60247743 0.7163859 0.9626507 0.59244424 0.53255177 0.18456882 0.9584801 0.94439614 0.2554754 0.57606316 0.13056257 0.3019172 0.023115207 0.7033054 0.2259359 0.013878388 0.019861586 0.20237961 0.49030378 0.13027316 0.06378606 0.8630969 0.026149755 0.06791953 0.52425414 0.036762603 0.9040214 0.104179084 0.20561308 0.050156705 0.15939724 0.0032962128 0.014770643 0.021017361 0.017437374 0.008750541 0.16126162 0.023876846 0.03619372 5.7027693e-05 0.0058049043 0.0042350013 0.6883133 0.0018146962 0.0055252844
0.99059033 1.011232e-15 0.5178896 0.9094786 0.11626174 0.4256659 0.98281264 0.044381972 0.3590576 0.018717168 0.0012084685 0.7850891 0.006051881 0.023065435 0.00011257978 0.002822696 0.00066048984 0.0010274564 0.005047423 0.03180518 0.0067019085 4.0505733e-05 0.0065274327 0.23431215 0.82729805 0.48611236 0.00044483916 0.0055556265 0.1553256 6.183019e-06 1.0035533e-05 5.8197067e-05 3.929282e-06 1.3136266e-06 1.2531276e-05 1.5607997e-05 1.8431889e-05 0.0015937444 6.0795023e-06 0.019292565 1.0002245e-05 1.4254957e-06 0.0003627202 2.4561734e-07 5.352202e-06 0.00026268463 3.1143725e-05 3.6722955e-05 3.775065e-06 1.915083e-08 0.0046189637 1.833139e-07 8.984193e-08 8.8309325e-06 0.06940926 0.06102438 7.312339e-07 6.128567e-07 8.9475765e-07 1.8385304e-08 7.789269e-09 4.5136858e-08 0.00018459448 1.077819e-06 1.6480219e-09 0.0025839328 1.2138132e-07 1.0927623e-06 1.5083089e-07 9.028306e-08 3.8948406e-07 5.4519415e-07 1.866074e-07 0.00021381112 1.1012928e-08 6.557712e-08 1.7770492e-07 2.989535e-07 4.2172125e-08 1.9307953e-08 7.74624e-10 1.5773692e-05 3.2841412e-09 0.0043555745 0.00012857359 1.2347312e-08 1.989241e-05 8.3014556e-10 1.2665782e-07 0.00020023003 2.9122464e-06 8.97869e-05 4.548079e-09 5.568321e-09 9.965393e-07 2.512821e-07 2.5700284e-10 3.4241041e-09 1.5991171e-08 2.0801985e-05 1.2272333e-06
0.9090455 0.5178896 2.2813569e-14 0.9921514 0.93696046 0.85987777 0.047304586 0.5563348 0.78143984 0.2715163 0.010058156 0.5572862 0.11592759 0.047722537 0.0018025241 0.020828227 0.0054053604 0.0016634836 0.006122232 0.07619973 0.019028828 0.00032793297 0.07493251 0.25098446 0.36038 0.16393097 0.00082845084 0.013229332 0.3803951 2.811061e-05 0.00096063735 0.0052362704 1.4995871e-05 0.00012588875 5.017661e-05 0.0012200432 0.000103781924 0.010895454 0.0003752849 0.107108034 1.2487791e-05 1.613127e-05 0.00069441786 3.7346638e-07 0.00012654717 0.0006971055 0.00021652342 0.0003425785 7.5251896e-06 1.4311802e-06 0.0178812 1.3364264e-07 1.2295146e-07 7.5428857e-06 0.031067919 0.115003146 8.613696e-06 3.529933e-06 5.7757193e-06 7.536569e-09 5.207253e-07 6.7494324e-07 0.0029877624 4.978763e-06 2.5762262e-07 0.030792145 9.283302e-07 7.2161806e-06 2.1291976e-07 6.0568664e-07 6.57527e-08 3.879107e-06 3.1193957e-07 0.0081046475 9.9516164e-08 2.1088236e-07 2.224307e-07 6.995523e-08 8.260177e-08 9.384373e-08 4.09233e-08 0.0008985287 8.1120195e-09 0.0073954104 0.00024525166 6.5412684e-09 1.3643684e-06 7.585519e-08 5.292436e-08 0.00043851451 4.3620666e-06 0.00015497358 4.482169e-07 8.097117e-09 1.2141838e-05 2.1504297e-06 4.9238142e-08 1.0020891e-07 2.6528835e-07 0.000582995 6.16884e-07
0.9783939 0.9094786 0.9921514 7.462536e-15 0.56807435 0.54926986 0.059088014 0.1223032 0.21743236 0.07313814 0.0010484877 0.25791094 0.052236285 0.011555743 0.00031685422 0.0053165746 0.001051888 0.00041828386 0.0018909359 0.027133107 0.01833552 5.90893e-05 0.035333883 0.06150413 0.88284254 0.035716634 0.00046476047 0.0010773134 0.06250638 8.468006e-06 0.00024104652 0.0017754835 1.4047419e-05 4.9710892e-05 2.1658008e-05 0.00019755673 3.659688e-05 0.0014684013 0.00021181833 0.00864009 2.0613603e-05 3.7984104e-05 0.00026184475 6.3448e-07 0.00020693008 0.0003292928 6.6845234e-05 0.00028597697 1.6987257e-06 5.273651e-07 0.0037808893 9.709149e-07 8.6247644e-07 4.799262e-06 0.005584739 0.014355299 1.5318803e-05 9.69748e-07 3.9272513e-06 5.672391e-08 5.364362e-07 3.5601372e-06 0.00029076647 7.4406544e-06 3.937908e-07 0.0034070672 5.661879e-06 9.376036e-06 2.048482e-06 1.1445063e-06 1.5868082e-07 5.7697353e-06 2.2687777e-06 0.0008876427 2.2812695e-07 2.6987639e-06 7.0545497e-07 2.488209e-07 1.6094951e-06 1.8478053e-07 8.171402e-09 0.000273191 1.9806285e-08 0.0026611588 4.6472258e-05 9.44887e-08 1.5492776e-06 2.3235076e-07 2.288445e-07 0.00055948336 3.7063335e-06 0.00015109876 7.2953924e-07 6.124307e-07 4.662908e-06 8.0219515e-06 9.0398e-08 5.083421e-07 1.2419214e-07 0.00015961692 8.9980796e-07
0.97823983 0.11626174 0.93696046 0.56807435 2.5821137e-15 0.9395155 0.0077326014 0.82483494 0.8645244 0.8284642 0.08632852 0.09290628 0.58956957 0.30029333 0.005526022 0.09180616 0.029431252 0.011081987 0.14101246 0.34566352 0.122015454 0.0006153102 0.08852308 0.1102222 0.57196236 0.029801494 0.0028117502 0.087527856 0.28288326 3.2817625e-05 0.00034259405 0.0012456616 1.9917237e-05 0.00011126225 9.42864e-05 0.00033827673 0.00014000644 0.025342813 8.675704e-05 0.08577406 3.136088e-05 1.703022e-05 0.0030513387 8.125457e-06 7.804617e-05 0.002805912 0.0007708811 0.001699888 0.00012967868 3.244274e-07 0.006821713 2.6188593e-06 2.519773e-07 3.2660915e-05 0.0023829993 0.00821142 2.522959e-05 1.912518e-05 9.756111e-06 5.200287e-08 7.123435e-08 8.7999615e-06 0.0032722978 2.3402687e-05 5.0024692e-08 0.009948396 9.620422e-06 4.903405e-05 5.216689e-06 1.24702e-07 1.9705723e-07 5.816269e-06 2.4508083e-05 0.005606953 1.47169e-08 1.0911815e-06 3.5520522e-06 2.6486734e-06 1.2700211e-06 7.731e-08 1.3448026e-08 0.00076883164 1.4876921e-08 0.0020203849 0.0003936502 1.6693467e-07 7.641642e-07 1.5644598e-07 1.9730498e-08 0.0019370969 1.8080495e-06 0.0005885386 2.3880323e-08 5.4404575e-07 4.2403535e-06 3.2425714e-06 8.7152685e-09 1.8424278e-07 9.235745e-08 0.00044693748 6.453151e-06
0.91086227 0.4256659 0.85987777 0.54926986 0.9395155 2.1829835e-16 0.124717966 0.98927444 0.8884321 0.66065717 0.117962584 0.11960026 0.29170838 0.12588179 0.0050273607 0.19130978 0.03864865 0.0023625365 0.021325927 0.2068179 0.07584001 0.00061257626 0.07808372 0.059715856 0.41557866 0.003587856 0.0012463967 0.009903489 0.046332292 4.4937656e-06 0.0010054281 0.0020123324 5.7659454e-06 5.9205388e-05 1.8961568e-05 0.00015030958 3.4829656e-05 0.003971859 0.00026313742 0.0033195543 1.6224503e-05 9.730446e-06 0.00093712856 1.3969926e-06 7.932188e-05 0.00067438616 6.811549e-05 0.00035675106 9.133598e-06 1.5074187e-07 0.0005630681 9.8738e-07 1.4380818e-07 1.0976001e-06 0.000113244394 0.0010363013 4.725582e-06 2.1284902e-06 1.6439967e-06 7.1812876e-09 7.72415e-07 8.027128e-07 0.00017421723 8.125636e-06 7.15287e-08 0.00096217997 1.5904996e-06 8.340023e-06 1.5644531e-06 7.387039e-08 2.7463447e-08 3.7757684e-07 7.3212395e-06 0.00025782455 8.322959e-09 3.4689594e-07 1.7151277e-06 2.7339436e-07 3.7189932e-07 6.006534e-09 9.071646e-09 8.5304964e-05 1.0820843e-09 5.5398203e-05 9.9877034e-05 9.0430426e-08 2.87808e-07 2.8033762e-08 3.5284131e-09 0.00048645644 9.710391e-07 0.00017780707 3.9500527e-09 6.8797897e-07 2.3820573e-06 9.197883e-07 2.927412e-09 7.1278214e-09 3.5104517e-08 3.503166e-05 3.8028065e-07
0.955337 0.98281264 0.047304586 0.059088014 0.0077326014 0.124717966 3.1422483e-13 0.04011012 0.27501205 0.00079027633 0.00011546253 0.9650541 0.0006435298 0.007962756 1.637143e-05 0.00014552951 1.787702e-05 4.690017e-05 0.00047987062 0.11445908 0.0020360802 6.346334e-06 0.00019251472 0.41273254 0.4792689 0.8904457 5.320881e-05 0.001724124 0.23247479 7.19869e-07 1.4672035e-07 7.8809813e-07 9.4087476e-08 4.0785377e-08 1.2467389e-06 2.0208586e-06 7.465862e-07 0.0046011144 7.054761e-08 0.11876349 8.508132e-06 1.12175144e-07 0.0002738789 5.259128e-08 2.8544304e-07 0.00023581459 0.00010441729 0.00010706509 8.704707e-06 1.93008e-09 0.031705145 2.9685313e-07 2.3341824e-08 1.2536644e-05 0.41810974 0.5257083 7.034908e-06 4.6245254e-06 5.480822e-07 5.0430604e-08 1.9374753e-09 3.2256107e-06 0.00037673078 1.2085306e-06 1.1334783e-09 0.019560618 9.027433e-07 4.8424695e-06 6.0384536e-06 8.0588954e-08 1.3977894e-06 4.4187877e-06 1.0998943e-05 0.002558579 1.2148259e-08 3.3188812e-06 6.493971e-06 4.2115596e-07 1.978118e-06 4.6275588e-07 2.5776192e-09 0.00053151295 5.9282246e-10 0.020859253 0.00016868813 4.575384e-08 6.216772e-07 4.1949267e-08 6.955979e-08 0.00034402235 2.0047385e-06 0.0001065262 1.34260105e-08 4.9130072e-08 4.4155644e-08 3.0389396e-07 3.1190828e-11 1.0327374e-08 1.088599e-09 2.7845233e-05 1.0405693e-06
0.8995837 0.044381972 0.5563348 0.1223032 0.82483494 0.98927444 0.04011012 3.064921e-15 0.9205602 0.8363013 0.59071815 0.07882289 0.40523508 0.38839585 0.01822149 0.7506644 0.25354415 0.050850384 0.13822928 0.40719652 0.080516756 0.0048739524 0.10687446 0.04799228 0.28172812 0.0016500644 0.0059544593 0.043063138 0.049696352 6.8401445e-05 0.003569907 0.0062582786 0.00010466345 0.00064960954 0.000300027 0.0005222035 0.00038159217 0.011056872 0.0012718096 0.005357667 8.8610206e-05 3.4578192e-05 0.00261827 1.9109099e-05 0.00043704637 0.0018844552 0.00057174294 0.0013204752 3.8674803e-05 7.3622795e-07 0.0009806071 1.160254e-05 9.1363285e-07 1.4178539e-05 5.784272e-05 0.00075901113 4.0986444e-05 1.430826e-05 1.2794859e-05 1.258068e-07 1.0931562e-06 1.2224354e-05 0.0018540518 5.8567377e-05 2.9007637e-07 0.0013494483 4.3755704e-06 5.046162e-05 4.110546e-06 5.618903e-07 1.0117049e-07 1.7357178e-06 2.7393346e-06 0.00033971082 2.814634e-07 2.0147586e-06 4.7944086e-06 3.0106658e-06 1.0627485e-06 7.0538725e-08 9.610835e-09 9.836432e-05 1.7127643e-08 1.5983343e-05 0.00056095555 5.213255e-07 1.4285755e-06 5.884386e-08 3.5160134e-08 0.0014351581 3.4914572e-06 0.0007339332 2.714416e-08 6.543097e-07 5.42804e-05 5.543279e-06 1.6763845e-08 9.418978e-09 2.708665e-08 5.3125194e-05 2.0170676e-06
0.972679 0.3590576 0.78143984 0.21743236 0.8645244 0.8884321 0.27501205 0.9205602 5.6299455e-15 0.08868022 0.06352001 0.6510408 0.08783926 0.6356004 0.0071911267 0.06781254 0.016244113 0.013029951 0.14932865 0.9332843 0.054707862 0.0009366737 0.023324179 0.42942855 0.29876047 0.06589055 0.0015523111 0.12554768 0.48390082 2.8003967e-06 0.0005051241 0.0006494003 1.1456747e-06 1.7923454e-05 1.1118211e-05 1.5075784e-05 2.5510295e-05 0.04594996 7.767735e-05 0.09301356 1.457892e-05 1.916236e-06 0.007877927 6.458991e-07 2.2157725e-05 0.0039144633 0.00017729064 0.0018354648 1.1499169e-05 5.9539875e-08 0.010597105 8.0968397e-07 5.5128226e-08 3.911556e-06 0.0010056826 0.0042651817 5.4121792e-06 3.392034e-06 2.5378522e-06 6.875552e-09 2.5267092e-08 2.0698594e-06 0.009829475 2.581498e-06 7.839905e-08 0.01295885 3.5442963e-06 1.1097225e-05 1.3557806e-06 9.2645216e-08 1.4157054e-07 9.808447e-06 3.985697e-06 0.004143509 2.6671849e-08 4.914486e-07 3.1272582e-06 3.3966543e-07 2.7394494e-06 3.189299e-08 1.3469455e-07 0.00043227072 5.574155e-09 0.00037781478 0.0012210693 2.097063e-07 6.372537e-07 4.927854e-08 1.3939875e-08 0.006064739 2.2205026e-07 0.0022097134 8.4651117e-07 5.0191403e-07 6.5501706e-07 4.863973e-06 5.593944e-09 7.1929254e-09 2.5381823e-07 0.0008734694 1.165109e-06
0.8943793 0.018717168 0.2715163 0.07313814 0.8284642 0.66065717 0.00079027633 0.8363013 0.08868022 9.348943e-16 0.9426035 0.004243602 0.9859409 0.20678665 0.5220337 0.71492785 0.7073356 0.064486615 0.079624824 0.037111867 0.2875952 0.019719582 0.5010266 0.008843444 0.2241857 0.00045561147 0.016130663 0.013391914 0.0048633865 0.0022140017 0.008849621 0.035545032 0.0012963299 0.0042279046 0.0012526707 0.0032161397 0.0021900898 0.0007319505 0.0071237935 0.0004029035 0.0006613397 0.00035700802 0.00056784344 0.00030846288 0.0039880984 0.00050270924 0.00050168775 0.00073484855 6.572422e-05 2.113019e-05 6.770779e-05 4.160196e-05 3.448098e-05 8.677748e-05 2.1208227e-06 0.000188013 1.7963837e-05 1.0571631e-05 0.00017264398 7.28604e-07 3.283835e-05 4.7504386e-06 7.4327356e-05 0.00022029801 9.840078e-06 0.00013442515 1.1676157e-05 1.5746684e-05 2.123796e-06 6.1789905e-07 4.2053148e-07 5.2904124e-06 4.2068373e-06 4.684202e-05 6.0689047e-07 1.0184741e-06 8.062801e-06 3.1804852e-06 3.2071895e-07 5.9424945e-08 1.1835476e-07 3.5477929e-06 4.4155897e-08 1.0611499e-05 9.185831e-05 2.7321323e-07 1.099488e-06 5.3942568e-08 4.6753353e-08 0.0001709028 1.7505301e-05 0.00024158455 9.87792e-08 8.0240744e-07 2.3825596e-06 1.977173e-06 8.7466134e-08 1.6708556e-08 2.1826843e-08 3.5856785e-06 4.5065354e-07
0.993304 0.0012084685 0.010058156 0.0010484877 0.08632852 0.117962584 0.00011546253 0.59071815 0.06352001 0.9426035 3.3440927e-11 0.00073682296 0.17938486 0.6931682 0.3124613 0.76756084 0.43632868 0.5716249 0.8809643 0.22381037 0.21708596 0.033538036 0.050907448 0.004904409 0.24879563 0.00023365169 0.10419325 0.7255864 0.03321505 0.0014776194 0.0015699677 0.0049975878 0.00053112506 0.00058419805 0.003862853 0.0011306726 0.0035192359 0.25908083 0.00050192414 0.020303946 0.0005039186 8.8387984e-05 0.20534334 0.0007711796 0.00027697333 0.23601207 0.26025966 0.2501878 0.037131213 8.3395535e-06 0.0029030263 0.00016855996 6.6005277e-06 0.0039236313 7.5337455e-05 0.00069811207 0.023889605 0.0132388035 0.00015641442 1.0699624e-05 8.9129134e-07 0.00282251 0.6388137 9.300592e-05 4.009316e-07 0.004649511 0.01337138 0.022855101 0.00042929428 4.6567592e-07 0.00012128535 0.0014301084 0.0005361537 0.0029289483 5.8844955e-07 0.00016344979 0.000115967065 0.00010129974 7.729287e-05 2.3085326e-05 6.326562e-08 0.00016622069 2.10908e-06 0.00015695191 0.3991475 8.250691e-06 0.00026940377 1.5420899e-06 1.0329941e-05 0.009471078 0.0006444735 0.022724947 1.0437403e-07 3.1133227e-06 0.0002844375 0.0008007571 1.731434e-06 2.239887e-05 2.6379348e-06 0.0005686805 0.0030848274
0.8491885 0.7850891 0.5572862 0.25791094 0.09290628 0.11960026 0.9650541 0.07882289 0.6510408 0.004243602 0.00073682296 2.2466605e-14 0.014719977 0.035530027 0.00018018959 0.0010532717 0.0006757394 0.00023313018 0.001508565 0.4354416 0.012508603 3.965551e-05 0.00381297 0.914947 0.3061822 0.96219903 7.1493356e-05 0.00068662263 0.2748755 2.912592e-07 1.3770253e-05 6.595447e-05 2.2568301e-07 3.0597453e-06 4.2835673e-06 3.794929e-06 4.0507066e-06 0.013871196 9.0688045e-06 0.042169623 9.538024e-07 1.8679444e-06 0.0011131845 3.69452e-07 2.5071864e-05 0.0011455596 2.7430453e-05 0.00056876265 2.0458717e-06 5.2229108e-08 0.03471571 5.01713e-07 6.2765827e-07 1.1561987e-06 0.047616888 0.08571081 6.5270146e-06 1.5278525e-06 1.8060953e-06 1.1967511e-07 2.3817972e-07 2.392204e-06 0.0002903857 8.680799e-06 3.64453e-07 0.00970698 9.205286e-06 1.7893462e-05 5.4828947e-06 3.9521368e-07 9.117253e-08 4.8319284e-06 1.8840335e-06 0.001073614 1.08592694e-07 5.672229e-06 3.7100538e-06 2.7425457e-07 2.945666e-07 5.3086012e-08 2.1224808e-07 0.00051757426 2.7814327e-08 0.002070679 0.00010649746 1.3115748e-06 1.5248678e-07 2.5051978e-07 1.0897685e-09 0.00060888357 2.7504245e-07 0.00016749976 3.5163655e-06 7.971056e-06 1.611225e-07 8.0706974e-07 9.787949e-09 3.3017038e-08 3.8313863e-07 3.6510428e-05 3.4949403e-07
0.9926313 0.006051881 0.11592759 0.052236285 0.58956957 0.29170838 0.0006435298 0.40523508 0.08783926 0.9859409 0.17938486 0.014719977 1.2344078e-13 0.09299555 0.42824292 0.13190041 0.32677114 0.044419024 0.052842814 0.046882566 0.6547568 0.018682793 0.7033566 0.013132147 0.8166873 0.0012958695 0.024691297 0.016896931 0.011345005 0.010328257 0.0068857083 0.06013975 0.0019766463 0.008651906 0.0035843442 0.021073211 0.0047817784 0.0023690038 0.008050505 0.0013180061 0.0022812546 0.0016015905 0.0009918394 0.00053628 0.009272757 0.0015858681 0.0008553318 0.001260041 0.00012393737 2.9888151e-06 0.00046921536 0.0003443785 0.00020157774 6.927828e-05 5.8206306e-06 0.00049967435 8.291326e-05 3.4079072e-05 0.00036475537 1.6931903e-05 1.00839525e-05 3.7373535e-05 9.570974e-05 0.000539751 5.498887e-06 0.00053257594 2.0749498e-05 1.7775155e-05 2.1420063e-05 2.1569913e-05 1.0058011e-05 1.7191129e-05 3.2843767e-05 0.00023885613 4.9865444e-05 9.828738e-06 3.1254527e-05 1.1360032e-05 9.479387e-06 4.372229e-06 1.3502985e-07 6.338589e-05 5.665195e-06 3.673928e-05 0.00014454208 1.2196865e-06 2.3066982e-06 2.0569798e-06 1.4706014e-06 0.00056412426 4.5323163e-06 0.00035037825 2.7184382e-07 1.5355668e-06 2.0111831e-05 2.7862486e-06 8.886365e-07 9.94885e-07 7.369037e-07 3.2429656e-05 8.3425715e-07
0.9454571 0.023065435 0.047722537 0.011555743 0.30029333 0.12588179 0.007962756 0.38839585 0.6356004 0.20678665 0.6931682 0.035530027 0.09299555 2.8862195e-16 0.09186907 0.6238002 0.12432123 0.5665388 0.96166676 0.9575607 0.18895952 0.018161593 0.03761564 0.41941315 0.23275723 0.0013282294 0.0642235 0.76724714 0.31240952 6.858827e-05 0.0006181366 0.001287868 2.0461282e-05 0.0002113782 0.0006721366 0.00018738967 0.00084104424 0.31473908 0.00016059258 0.043628275 2.308995e-05 2.9497365e-05 0.20198354 0.00016184871 0.000102192236 0.11377772 0.056923382 0.16432369 0.0031397706 3.5897347e-07 0.004781772 1.2713268e-05 2.0639942e-07 0.00033325414 2.1338934e-05 0.0010036438 0.0117280735 0.0010981295 3.3363336e-05 4.7639304e-08 5.8631556e-08 0.00032013058 0.30761668 6.903948e-06 1.7160089e-07 0.007416992 0.0032273603 0.007402097 9.901666e-05 1.399454e-08 1.2688336e-06 0.00020275863 6.5193475e-05 0.0062510725 1.4431533e-08 7.2390376e-06 8.435625e-05 4.338051e-06 2.425514e-06 5.588618e-07 2.0263866e-09 8.584702e-05 5.5319265e-09 4.1656285e-06 0.04404217 7.4728433e-07 1.7624317e-05 7.604627e-08 8.2078833e-07 0.0029956757 0.00015625072 0.0076837866 1.8658204e-08 2.9801824e-06 2.1197504e-05 0.0001121658 1.2510068e-07 2.7633588e-08 3.6908556e-08 2.83818e-06 5.064593e-05
0.992375 0.00011257978 0.0018025241 0.00031685422 0.005526022 0.0050273607 1.637143e-05 0.01822149 0.0071911267 0.5220337 0.3124613 0.00018018959 0.42824292 0.09186907 5.4051403e-13 0.8783925 0.96161586 0.7702302 0.20337872 0.025888603 0.6141196 0.2659441 0.748442 0.0011528945 0.34343618 7.59731e-05 0.70929724 0.13204594 0.004111582 0.0146012325 0.021906368 0.034204636 0.00413934 0.0023612955 0.04215172 0.006870255 0.017441306 0.012810244 0.0060531427 0.0031686525 0.002587564 0.00043638045 0.023511562 0.007143904 0.0018993621 0.016627016 0.6341069 0.16836697 0.36295962 2.7481776e-05 0.000754873 0.0005795136 3.0551222e-05 0.018857272 1.2277654e-05 0.00040407447 0.032160785 0.077192284 0.0021385376 0.000108036715 1.0016687e-05 0.004453864 0.106594324 0.0005018557 4.1866656e-06 0.0009027941 0.0075315945 0.004345146 0.0014933257 1.2361322e-06 0.00026377008 0.0013576671 0.0020772058 0.0005295423 8.027868e-06 0.000121952486 0.00042899617 0.0012341692 0.00016037219 4.770598e-05 2.9624337e-07 9.133001e-05 8.6611304e-05 8.3804574e-05 0.15180124 2.514076e-06 0.00246878 3.022916e-06 0.00023998931 0.0010703916 0.002679847 0.0019117201 2.8836902e-07 5.1685427e-05 0.00018678358 0.000109115135 1.0949429e-05 0.0005668425 5.7248785e-06 7.4019656e-05 0.003423292
0.90372777 0.002822696 0.020828227 0.0053165746 0.09180616 0.19130978 0.00014552951 0.7506644 0.06781254 0.71492785 0.76756084 0.0010532717 0.13190041 0.6238002 0.8783925 1.6375508e-16 0.9706876 0.8831053 0.53029305 0.06797387 0.31886142 0.33427295 0.10291893 0.0062214253 0.055446845 3.7389327e-05 0.56720436 0.035535943 0.0013659523 0.09667142 0.007850006 0.05189654 0.0237211 0.009736829 0.11509723 0.09446502 0.13849705 0.0006227391 0.018101806 0.00019361298 0.016969748 0.0051583946 0.007017882 0.0034017784 0.010808377 0.00404498 0.033149306 0.019376896 0.008806809 1.05243325e-05 0.00010667097 0.00062942784 6.0778188e-05 0.0014471053 7.7362515e-08 7.3163785e-05 0.0010861042 0.0018365628 0.0005423573 2.3937204e-05 1.1977046e-05 0.00026086916 0.00012472503 0.0006752656 4.1993094e-06 4.075006e-05 4.9272134e-05 2.2597227e-05 2.6651343e-05 1.2886421e-05 0.000117103424 5.145973e-05 4.2643147e-05 1.8790131e-06 1.9547748e-05 4.60761e-05 6.682821e-05 1.0615963e-05 7.336798e-06 1.5439441e-06 2.5829014e-08 4.17127e-08 3.769228e-07 2.0496418e-07 0.00041451055 1.1199039e-06 0.00018309892 5.1514103e-08 7.567593e-06 1.5475433e-05 0.00030297998 6.9839545e-05 1.772257e-08 6.861142e-07 0.00012415457 1.9308727e-06 4.0610743e-07 1.3576728e-07 1.3697867e-08 2.2079076e-08 5.7228837e-05
0.9211067 0.00066048984 0.0054053604 0.001051888 0.029431252 0.03864865 1.787702e-05 0.25354415 0.016244113 0.7073356 0.43632868 0.0006757394 0.32677114 0.12432123 0.96161586 0.9706876 7.2072096e-16 0.3508252 0.16399679 0.034301057 0.5810273 0.78165525 0.6987904 0.0019529389 0.043172054 2.2716997e-05 0.3600204 0.016307715 0.0014688943 0.14305304 0.055886004 0.22675924 0.044026557 0.0194676 0.14328213 0.2030919 0.1523271 0.0007796125 0.106110685 0.0003461282 0.029439075 0.010103938 0.005862941 0.009206186 0.047126167 0.0046230047 0.04219421 0.01862344 0.020926913 1.741231e-05 0.00033137863 0.0038192165 0.00057467754 0.0031016746 1.5476732e-07 3.8237064e-05 0.0008950666 0.001634926 0.0024914066 0.00068950624 2.7732709e-05 0.00024193364 0.0001513116 0.0028408994 2.847421e-05 9.021607e-05 5.9024926e-05 1.268972e-05 1.4327471e-05 9.042193e-05 0.0017450489 2.3593166e-05 6.2700856e-05 1.3006268e-05 9.2153205e-05 0.0003177511 0.0002473473 5.408735e-05 0.00010852204 5.257732e-05 2.0252322e-08 3.5412538e-07 5.9587765e-06 8.403306e-07 0.00046606432 4.1746052e-06 0.00025812717 1.74393e-07 4.4862103e-05 2.228341e-05 0.00039583215 6.0856837e-05 1.4195225e-08 3.3361566e-06 0.00090583554 1.0435035e-05 2.1039934e-06 2.6664807e-06 8.977525e-09 4.6581206e-08 2.2436796e-05
0.96645015 0.0010274564 0.0016634836 0.00041828386 0.011081987 0.0023625365 4.690017e-05 0.050850384 0.013029951 0.064486615 0.5716249 0.00023313018 0.044419024 0.5665388 0.7702302 0.8831053 0.3508252 4.2180224e-13 0.86657125 0.12454123 0.258214 0.1362295 0.02281637 0.0013302685 0.08913949 1.8402927e-05 0.96433145 0.56173515 0.008935328 0.0044951206 0.0026985763 0.0048679016 0.001241078 0.00078511814 0.07467588 0.002737529 0.017977824 0.05284385 0.000628014 0.0050614043 0.0009471204 0.0002256995 0.14138348 0.0068948027 0.0004164227 0.11682441 0.76150566 0.52556425 0.25624543 5.028505e-06 0.00071511976 0.0008150646 2.4365006e-06 0.017819736 4.4813314e-07 9.490128e-05 0.14249584 0.08132369 0.00023367286 6.5747445e-06 1.0604352e-06 0.012520443 0.15461737 9.685687e-05 2.1217108e-06 0.0005933571 0.027504368 0.017398942 0.003063879 4.57468e-07 0.0004692731 0.005817798 0.0028436016 0.00024613313 2.0655586e-06 0.00054669316 0.00053501205 3.0760228e-05 0.00022756451 3.1884498e-05 4.4491866e-08 3.0577634e-05 1.6342915e-07 3.6264823e-06 0.045964453 1.4886114e-05 0.0009084824 4.1114085e-06 5.9836646e-05 0.00024563717 0.0031337067 0.0009110149 8.006634e-08 2.9000501e-05 0.00020320893 0.00011767257 6.9468217e-07 3.157539e-05 2.6313552e-07 8.333431e-06 0.0017883023
0.96181905 0.005047423 0.006122232 0.0018909359 0.14101246 0.021325927 0.00047987062 0.13822928 0.14932865 0.079624824 0.8809643 0.001508565 0.052842814 0.96166676 0.20337872 0.53029305 0.16399679 0.86657125 3.270766e-15 0.7613391 0.17731123 0.035096146 0.023200123 0.07965747 0.112450816 8.0988866e-05 0.42418122 0.9468649 0.14215139 0.0003407106 0.00075057766 0.0016589107 6.0344842e-05 0.00022466465 0.0066214916 0.000705087 0.00597803 0.43614158 0.00036575878 0.042411976 0.00037691224 3.2733322e-05 0.39936584 0.0003986944 9.05044e-05 0.27764678 0.323565 0.521152 0.049047407 4.6385426e-07 0.0057417033 0.00019018551 1.542763e-07 0.0018624999 1.3184378e-05 0.0006223253 0.06249 0.012724228 3.2593864e-05 1.1299692e-06 5.5974052e-08 0.0028207232 0.5325118 1.0593551e-05 4.5883556e-07 0.0077063525 0.014832208 0.02190266 0.00053454726 1.5558054e-08 2.2406217e-05 0.0015749297 0.0002024101 0.0030829879 7.559262e-08 0.00017478054 0.00020358425 5.9241215e-06 7.046615e-05 1.05023855e-05 2.6169578e-09 0.00011358456 1.2171777e-08 1.8488727e-06 0.051893108 2.6973823e-06 0.000232581 1.7458518e-07 1.3103091e-05 0.0023804158 0.0014572992 0.006042366 1.9385556e-08 8.184642e-06 6.5681554e-05 6.4059706e-05 2.4623745e-07 2.2838e-06 2.6465838e-07 2.7647664e-06 0.00012174983
0.927776 0.03180518 0.07619973 0.027133107 0.34566352 0.2068179 0.11445908 0.40719652 0.9332843 0.037111867 0.22381037 0.4354416 0.046882566 0.9575607 0.025888603 0.06797387 0.034301057 0.12454123 0.7613391 3.9079847e-15 0.075823635 0.005151917 0.008843023 0.89887786 0.12132932 0.01231783 0.029850276 0.86540407 0.84269136 5.009992e-05 0.00040200906 0.00052129815 1.0412608e-05 8.434321e-05 0.0005412549 0.00014940136 0.00053175323 0.7139595 5.7040692e-05 0.16877331 4.0930194e-05 2.1765472e-05 0.2870034 3.072534e-05 2.1805923e-05 0.18659866 0.005439221 0.11596288 0.00041717812 6.41086e-07 0.052877955 3.2228065e-06 5.1028786e-07 6.0694605e-05 0.00033261787 0.0042802803 0.0017312063 0.00020527355 4.9791383e-06 1.5235385e-08 4.4961044e-07 0.00011083916 0.21872984 3.788904e-06 8.460923e-07 0.04323952 0.0011971411 0.0037965127 7.969159e-05 4.6893568e-08 1.4738383e-07 0.00025250163 4.2934957e-05 0.015833784 4.495566e-08 1.924668e-06 5.4141336e-05 8.2608045e-07 2.2796287e-06 4.2232838e-07 5.2806385e-08 0.0010512416 2.9984992e-08 9.939643e-05 0.019721147 2.2179862e-07 3.907667e-06 1.348606e-07 5.6166126e-08 0.012434672 0.00017570992 0.015922794 1.9240082e-07 1.4447509e-06 1.1647124e-06 0.00013127887 8.906031e-09 3.8915138e-09 5.4929014e-08 0.00010207885 1.14445875e-05
0.9962679 0.0067019085 0.019028828 0.01833552 0.122015454 0.07584001 0.0020360802 0.080516756 0.054707862 0.2875952 0.21708596 0.012508603 0.6547568 0.18895952 0.6141196 0.31886142 0.5810273 0.258214 0.17731123 0.075823635 1.3866571e-07 0.45961565 0.9679083 0.014349023 0.8970415 0.004923353 0.4515936 0.12183649 0.07510622 0.111911505 0.01613565 0.045136385 0.034220476 0.032854397 0.07674885 0.11619737 0.024310857 0.025137408 0.017366625 0.029147835 0.021450141 0.022935081 0.011440061 0.016135372 0.014042733 0.011379376 0.30300885 0.047327343 0.16746888 0.00071299943 0.0044193193 0.0011126527 0.0047425735 0.030711384 0.0008050424 0.018749781 0.015885716 0.02963225 0.028831387 0.0003949313 0.00011539791 0.0012351956 0.16294047 0.00893667 6.0324594e-05 0.0065716393 0.003270499 0.0032830772 0.00049860426 0.00083976146 0.0005418447 0.00059959956 0.00039269822 0.0021079502 0.00071609084 0.00023097493 0.00040499456 0.0051877066 0.00032468355 0.0002971901 1.8263807e-05 0.00026747427 0.0056428486 0.0020472137 0.083135 3.1191223e-05 0.017757205 3.3230128e-05 0.00050803076 0.0025524 0.0018918848 0.0011405962 0.000106133775 0.00024211805 0.00023922359 1.6960785e-05 3.410554e-05 0.00071453105 0.0014396523 0.00053263386 0.00047401976
0.99532795 4.0505733e-05 0.00032793297 5.90893e-05 0.0006153102 0.00061257626 6.346334e-06 0.0048739524 0.0009366737 0.019719582 0.033538036 3.965551e-05 0.018682793 0.018161593 0.2659441 0.33427295 0.78165525 0.1362295 0.035096146 0.005151917 0.45961565 4.4110253e-13 0.5855826 0.00017858557 0.12848179 6.980648e-06 0.35596287 0.014375596 0.00013019094 0.93305576 0.07428357 0.11017546 0.59186876 0.03720908 0.8619127 0.5435507 0.82565355 0.00051724137 0.08743801 0.0001730427 0.2356497 0.04318523 0.0038499623 0.56237376 0.11162284 0.0018726662 0.06946034 0.009362392 0.0984939 0.0013081615 0.00014519307 0.08189179 0.004881723 0.388274 9.953121e-07 0.00014916447 0.0017099542 0.009694528 0.14506632 0.03427893 0.00078467914 0.00027829214 0.0012553891 0.044332046 0.00032815858 0.0005362112 0.00016527149 0.00016376466 0.00036208855 0.002226646 0.027647391 0.00015672726 0.0007505498 0.00016811735 0.0041497136 0.009728244 0.0050916574 0.04453276 0.0047197994 0.0016093472 1.7942266e-05 8.6328124e-05 0.0049242075 5.210983e-05 0.0019891395 0.0008901078 0.047708124 0.00017580479 0.0015777748 0.00056605705 0.0015305785 0.0009575279 2.9221226e-06 0.0033066862 0.013091957 1.1475868e-05 0.00019738518 0.00035037173 0.0007282477 1.310934e-05 9.29731e-05
0.9527331 0.0065274327 0.07493251 0.035333883 0.08852308 0.07808372 0.00019251472 0.10687446 0.023324179 0.5010266 0.050907448 0.00381297 0.7033566 0.03761564 0.748442 0.10291893 0.6987904 0.02281637 0.023200123 0.008843023 0.9679083 0.5855826 6.955412e-11 0.0038951177 0.43791473 0.00024133934 0.03626443 0.0043823547 0.0049649514 0.2927841 0.5358477 0.8892069 0.030473448 0.4406699 0.03512711 0.5595354 0.055326458 0.0005005682 0.7863411 0.0011221085 0.036874678 0.038747184 0.00064492936 0.0028499465 0.2535975 0.0006195637 0.0016045558 0.0010739509 0.0011135445 0.010123711 0.00046292474 0.0014201483 0.015714746 0.0007517805 1.2836059e-05 0.00076146453 7.3067284e-05 0.00013553553 0.0067203315 0.0012275067 0.0063956245 4.8411883e-05 3.8039787e-05 0.0037575334 0.0010243793 0.001799659 2.7814076e-05 6.915546e-06 1.901495e-05 0.0017404152 0.00085642753 1.5863845e-05 1.7840404e-05 0.00039857905 0.0017834392 0.00019645874 4.4345998e-05 0.00088458357 6.608379e-05 0.00016524878 6.935483e-05 4.1758576e-05 0.0008120055 8.76259e-05 0.00018867469 7.608563e-05 0.0014566254 9.06807e-06 0.00022293966 0.000459976 0.00016163709 0.0008001521 9.262791e-06 2.5470952e-06 0.0013994703 1.5805961e-05 4.172788e-05 3.5283665e-05 5.8832584e-06 4.5100246e-06 1.1309086e-05
0.88491917 0.23431215 0.25098446 0.06150413 0.1102222 0.059715856 0.41273254 0.04799228 0.42942855 0.008843444 0.004904409 0.914947 0.013132147 0.41941315 0.0011528945 0.0062214253 0.0019529389 0.0013302685 0.07965747 0.89887786 0.014349023 0.00017858557 0.0038951177 1.3330828e-16 0.17047198 0.98185897 0.0012856672 0.037271965 0.84194344 1.4100246e-07 3.3720542e-05 7.096757e-05 2.3418227e-07 3.4066968e-06 3.2240194e-05 6.129382e-06 5.596834e-06 0.5388961 2.850865e-06 0.47931954 1.5058583e-07 3.838291e-07 0.0055940147 1.3242799e-07 3.6659876e-06 0.00665847 5.7613313e-05 0.00088471425 6.064389e-06 1.1589386e-06 0.4254529 5.6941143e-08 2.3088978e-07 1.0023075e-06 0.04721811 0.32521847 0.00015521585 7.0253946e-06 4.1205365e-07 6.063697e-09 1.5101576e-06 7.3943484e-06 0.010961981 3.59006e-07 3.5368998e-07 0.1360499 3.299005e-05 0.00019890672 1.3845721e-05 3.833954e-08 4.9738578e-09 2.8406594e-05 1.6788501e-06 0.033424187 1.3907448e-08 1.8114797e-07 1.4421794e-06 1.08938316e-07 2.4981622e-07 8.911132e-08 6.296919e-07 0.0029697053 3.69449e-08 0.0044610496 0.0007741552 8.7371085e-08 3.7269143e-07 6.171584e-08 1.9020035e-08 0.0020798096 7.720391e-06 0.00065641577 2.637273e-06 6.017152e-07 8.4853546e-08 7.687439e-06 2.6442237e-08 1.8556381e-08 2.0089209e-07 2.9062798e-05 5.119051e-07
0.9999926 0.82729805 0.36038 0.88284254 0.57196236 0.41557866 0.4792689 0.28172812 0.29876047 0.2241857 0.24879563 0.3061822 0.8166873 0.23275723 0.34343618 0.055446845 0.043172054 0.08913949 0.112450816 0.12132932 0.8970415 0.12848179 0.43791473 0.17047198 7.594784e-08 0.3047325 0.049407277 0.101514876 0.3363138 0.07176375 0.04239509 0.11544962 0.024228178 0.054929405 0.02226457 0.085346915 0.018042458 0.054080907 0.029612813 0.15056345 0.009657179 0.015922496 0.027002761 0.0047488757 0.011712264 0.020598827 0.08129869 0.025246153 0.011507607 0.004529387 0.03294596 0.0012507333 0.0026630957 0.004220237 0.2633586 0.42553994 0.0030726294 0.0031678125 0.01618184 0.0007913464 0.0015418866 0.0008225598 0.11290783 0.008444004 0.0002948509 0.05654857 0.0010300071 0.0017228519 0.00056119525 0.002788253 0.00090131455 0.00037735896 0.00060088665 0.01355115 0.0029744713 0.00036956338 0.0003304489 0.0032906379 0.0004098752 0.00034522242 0.00041686496 0.0016496159 0.0036862958 0.0134021165 0.026676923 6.5665954e-05 0.004201207 9.259386e-05 0.0001633141 0.0028942744 0.00042441607 0.0015186731 0.00049467833 0.00021705184 0.00030640088 4.8758877e-05 5.185314e-05 0.0003001389 0.0038202151 0.0012168965 0.00018959984
0.94358444 0.48611236 0.16393097 0.035716634 0.029801494 0.003587856 0.8904457 0.0016500644 0.06589055 0.00045561147 0.00023365169 0.96219903 0.0012958695 0.0013282294 7.59731e-05 3.7389327e-05 2.2716997e-05 1.8402927e-05 8.0988866e-05 0.01231783 0.004923353 6.980648e-06 0.00024133934 0.98185897 0.3047325 4.907656e-17 4.1627577e-06 0.00018420565 0.45014286 9.260843e-09 1.6477229e-06 1.1929573e-06 1.2332995e-09 1.231267e-08 4.596727e-08 1.5404805e-08 2.8528993e-08 0.01346267 3.596993e-07 0.42226276 2.2249358e-08 7.721889e-09 0.00094270526 1.0973609e-09 2.6059328e-07 0.00083954685 1.4940464e-06 7.037837e-05 1.1104032e-07 4.4041002e-08 0.59709275 2.8223077e-09 6.7250525e-08 9.6022085e-08 0.705721 0.86874837 5.6242025e-06 1.2131895e-07 1.2464814e-09 1.6277621e-10 1.0033532e-07 2.3919874e-06 0.0011716917 6.6534376e-08 7.382096e-08 0.33399367 8.20195e-06 3.7983344e-05 3.405839e-06 1.3960914e-09 1.7311029e-09 9.559358e-06 1.6225857e-06 0.100779235 2.1088403e-10 6.464262e-08 2.802847e-06 2.9106719e-08 3.8793752e-07 2.2217628e-09 1.1420024e-07 0.017863737 4.80194e-10 0.08303903 0.00027193056 1.0893306e-08 8.196459e-08 9.110173e-09 2.1779393e-08 0.0011855497 7.919308e-07 0.0002668175 2.1804033e-07 1.2374456e-07 4.192972e-09 3.980231e-06 1.5303314e-10 5.1976965e-09 3.1529528e-09 0.00011357124 9.5255444e-07
0.9730856 0.00044483916 0.00082845084 0.00046476047 0.0028117502 0.0012463967 5.320881e-05 0.0059544593 0.0015523111 0.016130663 0.10419325 7.1493356e-05 0.024691297 0.0642235 0.70929724 0.56720436 0.3600204 0.96433145 0.42418122 0.029850276 0.4515936 0.35596287 0.03626443 0.0012856672 0.049407277 4.1627577e-06 2.826709e-13 0.17848937 0.0026879888 0.039264224 0.0010935656 0.009385897 0.009935999 0.0015767114 0.8850734 0.014973787 0.5182022 0.0012170775 0.0021556905 0.00029376976 0.009702843 0.0010822894 0.10000824 0.25872955 0.0018033874 0.042465053 0.8163714 0.40571374 0.92778695 2.3012413e-05 0.00021336401 0.012965389 4.7923855e-05 0.13162822 1.25049935e-08 1.15319945e-05 0.0639038 0.25527287 0.00017803547 2.508193e-05 4.6577306e-06 0.036857106 0.00023801184 0.00021937952 1.0811838e-05 0.00015225146 0.0073317313 0.0012186415 0.0066449167 1.1997549e-06 0.009111292 0.0057979417 0.012608315 0.00010197649 8.820032e-06 0.004593025 0.022903454 7.567117e-06 0.0040828893 0.00014786384 1.6712159e-08 8.0155505e-06 2.0184018e-07 1.126658e-06 0.001802342 5.3505387e-06 0.040561687 3.280185e-07 0.0020571577 1.8523664e-05 0.011041289 0.00013114612 8.559262e-07 2.7470272e-05 2.2104961e-05 2.6069072e-05 7.211653e-08 8.701997e-05 4.8790787e-07 3.139984e-07 7.3505646e-05
0.9521886 0.0055556265 0.013229332 0.0010773134 0.087527856 0.009903489 0.001724124 0.043063138 0.12554768 0.013391914 0.7255864 0.00068662263 0.016896931 0.76724714 0.13204594 0.035535943 0.016307715 0.56173515 0.9468649 0.86540407 0.12183649 0.014375596 0.0043823547 0.037271965 0.101514876 0.00018420565 0.17848937 1.7284366e-17 0.2143672 0.00022858221 1.4312231e-05 6.367647e-05 7.562708e-06 6.517819e-05 0.00085733994 3.6189542e-06 0.0003260961 0.97729725 3.4361872e-06 0.0726686 2.2708107e-06 5.3676345e-06 0.7687568 3.744896e-05 1.0694788e-05 0.74179876 0.15557909 0.5629069 0.0043044584 3.505843e-07 0.008461557 6.565763e-07 4.977389e-07 9.0352274e-05 3.947521e-06 6.432521e-05 0.062021267 0.0021782971 2.508492e-07 2.8456317e-09 2.3653666e-08 0.0034203485 0.715818 7.790272e-07 2.5153467e-08 0.013866892 0.035196826 0.06803042 0.0013594577 4.957586e-09 2.3569147e-07 0.0048183748 0.00038363205 0.017813934 1.0157088e-08 1.3894318e-05 9.672506e-05 1.0901148e-07 1.1962587e-06 1.9281309e-08 7.889534e-10 0.0008984143 1.5623774e-08 1.6721226e-05 0.2599479 7.184949e-08 1.806986e-06 1.7781113e-08 8.660271e-09 0.007872696 0.0009494876 0.026354065 1.4738636e-07 9.491571e-08 1.5624371e-08 0.0008371882 1.3247048e-10 1.1727854e-08 5.5082263e-09 1.2293939e-05 0.0017238561
0.983642 0.1553256 0.3803951 0.06250638 0.28288326 0.046332292 0.23247479 0.049696352 0.48390082 0.0048633865 0.03321505 0.2748755 0.011345005 0.31240952 0.004111582 0.0013659523 0.0014688943 0.008935328 0.14215139 0.84269136 0.07510622 0.00013019094 0.0049649514 0.84194344 0.3363138 0.45014286 0.0026879888 0.2143672 6.347252e-16 4.1724735e-07 0.000104888175 0.00015321746 4.1904958e-08 9.237085e-06 1.5818901e-05 5.015722e-06 4.933319e-06 0.8080308 1.6925429e-05 0.9835921 3.6930408e-07 1.5680939e-07 0.036760353 6.6311785e-08 2.1625658e-06 0.049048223 0.00012598025 0.002834248 4.4225653e-06 7.551858e-07 0.53517944 2.4637803e-08 4.9685788e-08 1.13090216e-07 0.008111905 0.095344886 0.00031159457 2.6166872e-06 1.5743319e-07 3.2245526e-10 4.989941e-07 1.2717197e-05 0.37417316 8.458707e-08 2.5903905e-08 0.42105922 0.00024732892 0.0029882425 6.773039e-05 1.3916365e-08 5.455623e-09 7.296158e-05 4.1577387e-06 0.20381619 1.6273757e-08 1.2094299e-08 3.7142918e-06 2.7247475e-09 2.0886157e-08 2.8616515e-08 4.0049112e-08 0.015110871 1.5650119e-07 0.003337449 0.023371493 5.176635e-08 3.4225994e-07 6.41556e-08 4.047725e-08 0.017501356 1.416197e-05 0.008390162 1.9064548e-06 3.815652e-07 1.5333877e-06 4.983112e-05 3.802152e-08 2.1746155e-07 8.088462e-08 0.0011956847 1.0455186e-05
0.9875341 6.183019e-06 2.811061e-05 8.468006e-06 3.2817625e-05 4.4937656e-06 7.19869e-07 6.8401445e-05 2.8003967e-06 0.0022140017 0.0014776194 2.912592e-07 0.010328257 6.858827e-05 0.0146012325 0.09667142 0.14305304 0.0044951206 0.0003407106 5.009992e-05 0.111911505 0.93305576 0.2927841 1.4100246e-07 0.07176375 9.260843e-09 0.039264224 0.00022858221 4.1724735e-07 3.2266349e-12 0.011963228 0.030130293 0.9386622 0.009527017 0.20426618 0.5857991 0.79147124 6.4292676e-06 0.008297057 5.318732e-06 0.964284 0.06474382 9.112139e-05 0.1964633 0.00750896 2.1350945e-05 0.0013599629 9.084658e-05 0.004574711 0.00070981716 3.762263e-06 0.30855298 0.0011000476 0.086585775 9.671265e-08 1.8430854e-05 3.0219548e-05 0.0005644953 0.49536562 0.24546316 1.25096285e-05 3.0008725e-05 3.198768e-05 0.0714832 1.1589149e-05 5.2698324e-06 7.787097e-06 2.8701518e-06 4.4545002e-05 0.00079856074 0.019542951 1.0313641e-05 3.913898e-05 2.646829e-05 0.00053233805 0.0064071203 0.0007407081 0.17666845 0.0018120306 0.014447744 2.8222987e-06 3.1418414e-05 0.007080023 1.7461534e-05 5.7467343e-05 0.009814202 0.0037962846 0.0017509134 6.319721e-05 2.8241877e-05 2.4623723e-05 2.370555e-05 1.5903601e-06 0.006912025 0.0010670181 1.2389871e-06 0.00024209011 1.0445938e-05 0.0008339557 2.7028384e-06 9.897865e-06
0.9994421 1.0035533e-05 0.00096063735 0.00024104652 0.00034259405 0.0010054281 1.4672035e-07 0.003569907 0.0005051241 0.008849621 0.0015699677 1.3770253e-05 0.0068857083 0.0006181366 0.021906368 0.007850006 0.055886004 0.0026985763 0.00075057766 0.00040200906 0.01613565 0.07428357 0.5358477 3.3720542e-05 0.04239509 1.6477229e-06 0.0010935656 1.4312231e-05 0.000104888175 0.011963228 2.0753061e-14 0.95966715 0.0064830007 0.20189096 0.0005301686 0.053340577 0.0060227476 1.6092672e-05 0.9527437 6.535246e-05 0.019830434 0.04222584 1.1830208e-05 0.00021724713 0.14903793 3.1599313e-05 3.1753192e-05 4.9881946e-05 8.718552e-05 0.39672837 4.6049743e-05 0.0013392674 0.04219603 2.9641438e-05 3.8767783e-07 6.013246e-05 2.5044178e-06 1.3771948e-05 0.006355319 0.000774442 0.08322649 4.5610554e-06 1.4987814e-06 0.01326797 0.01399228 0.00039755707 6.083594e-07 1.166753e-07 6.044074e-07 0.018295031 0.00025086562 6.104272e-07 1.3423643e-06 0.00026140112 0.010101914 4.3411655e-05 3.4011812e-06 0.001828792 1.14216145e-05 2.5207202e-05 0.021800024 5.1127434e-05 0.006662646 3.2170672e-06 1.5560929e-05 0.000120895595 7.8494406e-05 1.2739745e-06 7.4553753e-07 0.00017414545 2.746579e-07 2.4735804e-05 0.0005829967 5.7848756e-06 0.00068380847 4.7976124e-07 9.9154146e-05 1.337296e-07 0.00094249495 1.1400768e-08 2.3726723e-07
