2.1566075e-21 0.9903458 0.9273733 0.98704267 0.9738116 0.9385986 0.62218124 0.42005554 0.9491497 0.8891278 0.075559765 0.8590195 0.19973598 0.16719404 0.33075202 0.6162057 0.053233333 0.8280329 0.066692725 0.8483647 0.9655571 0.024026608 0.9605932 0.8718265 0.73281664 0.8250552 0.7894099 0.32847378 0.9830741 0.6147934 0.027359722 0.9948837 0.0017148476 0.90174234 0.006763935 0.71882695 0.9024041 0.32587573 0.9738342 0.06976179 0.113687985 0.99683243 0.0061541204 0.99449223 0.9286467 0.94823813 0.893884 0.0029370573 0.000317916 0.5968624 0.04042244 0.010301177 0.99096537 0.009662752 0.80548555 4.0166873e-05 0.9343887 0.08114646 0.8962929 0.68841916 0.8116795 0.9637496 0.9078571 0.09547123 0.9983974 0.053814676 0.43801254 0.004410402 0.93588567 0.9432891 0.97659427 0.18536477 0.042350285 0.44837305 1.2998445e-05 0.9796169 0.9951471 0.87376195 9.489165e-06 0.00014271498 1.013568e-05 1.4740662e-05 0.81077963 0.32186466 0.9380305 0.0024730416 1.06274e-05 0.00013206583 0.72431886 0.030610291 0.99946624 0.8855215 0.9989516 0.99942154 6.1441355e-08 0.7540908 0.9999103 0.82824177 0.774693 0.9971328 0.10785515
0.9903458 1.841524e-12 0.9340272 0.21682595 0.40004733 0.46939427 0.88799924 0.51780325 0.18558438 0.04059205 0.7259012 0.25180903 0.7405308 0.6621167 0.0586558 0.41206005 0.24826685 0.0003835591 0.61587137 0.02537447 0.046545155 0.57776403 0.0002935961 0.0002189337 0.005917864 0.00038888006 0.1811587 0.00064871286 0.00043627265 0.001640983 0.030264594 0.0069857305 0.08689112 0.45939448 0.5176809 1.48800245e-05 2.0700331e-06 0.00015932141 0.11807728 0.0038174689 0.0028693269 2.7618898e-05 0.0006125905 0.7233949 2.752979e-06 0.00013433608 8.40321e-07 0.2582997 0.004167912 0.10072644 0.58141553 6.8962465e-05 0.0022676068 6.285028e-05 1.3321364e-06 0.026603885 4.805129e-06 0.3454368 2.4019962e-05 1.8397346e-05 8.5884926e-07 0.00031521343 1.01866405e-07 3.5340154e-06 2.5359372e-05 1.5419468e-05 4.107701e-06 7.181446e-05 2.2555619e-06 0.004514539 1.0085914e-07 3.5676769e-07 1.9393667e-05 1.0205914e-05 0.0068806307 0.07267873 0.045013603 0.00049640116 0.005301206 0.0427834 0.0020709762 0.00076445105 1.5704736e-05 1.9652349e-07 4.6270757e-06 3.052513e-05 0.00034124262 4.4010167e-07 1.076207e-05 3.6683975e-08 0.0016350227 1.3928169e-06 0.00910516 1.2153006e-05 0.00010457276 3.5473715e-07 0.00208263 4.6239987e-07 1.3819428e-07 1.3257812e-05 5.928553e-06
0.9273733 0.9340272 2.9886276e-15 0.84150136 0.46164402 0.4738551 0.8921036 0.4671577 0.8027791 0.47687632 0.76544875 0.54057807 0.55740416 0.29149136 0.18386096 0.042970076 0.42163634 0.018536765 0.19266672 0.05703194 0.06423257 0.22372021 0.0043056575 0.003793802 0.05965815 0.00079624064 0.628504 0.00086471415 0.007188717 0.00233751 0.0030866726 0.028666515 0.019544879 0.66033703 0.25269696 0.00039091508 5.2042837e-05 0.00034275174 0.34462187 0.001466286 0.0013333174 0.000301257 0.00034215866 0.8894181 3.934115e-06 0.001126003 0.00010308148 0.07752331 0.00047603773 0.039306007 0.29022112 1.1581724e-05 0.0031853893 0.00013764956 7.875084e-05 0.007329432 1.2214496e-05 0.09243494 4.7134814e-05 5.688532e-05 1.2485964e-06 0.0003626664 2.8657867e-06 4.899514e-06 0.00017673692 6.955575e-06 3.816533e-05 9.3480985e-06 6.0784623e-05 0.01235761 1.9693446e-06 8.212484e-06 5.6628003e-05 0.00020802609 0.0022232903 0.054144867 0.041833036 0.00096747343 0.0005221863 0.0066946894 0.002520337 0.00089345215 5.8794365e-05 5.270506e-06 8.301509e-05 5.206582e-05 0.00030808424 3.8153647e-07 4.383972e-05 2.411049e-08 0.0013481634 1.2779341e-06 0.014384111 0.00016157143 1.7717841e-06 9.590066e-06 0.0037432841 1.9640422e-06 3.9002154e-07 5.959081e-05 1.207461e-05
0.98704267 0.21682595 0.84150136 1.282851e-14 0.009664858 0.03132216 0.46515295 0.053985927 0.93363494 0.77269834 0.5903186 0.019041996 0.78668016 0.033489566 0.65318096 0.0031441886 0.7354965 0.028432168 0.030042173 0.0015704962 0.0038943915 0.12520348 0.018831322 0.013470234 0.03364111 7.027944e-05 0.24219015 0.00021007773 0.038438328 0.00015245385 0.0006580733 0.5012256 0.0032649708 0.3024773 0.31752056 0.00073422265 8.520739e-05 2.713861e-05 0.04838694 0.0001029254 6.1703926e-05 0.0014127343 5.923063e-05 0.53166723 8.3034436e-08 0.0030169243 0.00012286949 0.26217547 0.0001406386 0.60079783 0.8520535 4.9130076e-06 0.0008060803 3.9994006e-06 9.299058e-05 0.045961473 5.2925594e-07 0.81933224 4.1423627e-06 8.144363e-06 2.6951886e-08 2.7531223e-05 9.702629e-06 1.4015216e-06 0.0003726904 5.737543e-06 9.881468e-05 4.3106756e-06 0.00013187504 0.014728978 7.5546272e-06 2.3248575e-05 0.00019146777 0.00014760644 0.011558261 0.029926252 0.08473307 0.00020033565 0.00052777916 0.17243451 0.024573822 0.009296274 1.209268e-05 1.10504625e-05 0.00012924729 0.00049275893 0.0011809828 2.8857758e-07 5.7992206e-06 7.584434e-08 0.0006769981 3.4335287e-07 0.005611958 0.00024174819 0.0001178842 4.7842454e-06 0.004404269 3.1869325e-07 1.1093707e-06 0.0001382562 6.545406e-05
0.9738116 0.40004733 0.46164402 0.009664858 3.9193255e-14 0.97878253 0.46414185 0.8528131 0.006716327 0.0005948704 0.0603138 0.8356164 0.016381584 0.6792908 0.00025583082 0.7545849 0.01609575 4.1264397e-05 0.45128348 0.4832818 0.3736748 0.12412567 1.17365325e-05 6.420044e-05 0.00016053439 0.04523195 0.044938855 0.023474151 0.00016388715 0.04881202 0.25524446 0.0006953499 0.03655045 0.261621 0.03746373 7.706422e-06 7.5781907e-07 0.008289784 0.13057202 0.12903221 0.12873994 5.964718e-06 0.043082044 0.46134672 0.0010905989 8.197258e-06 1.8799369e-07 0.007098074 0.008056181 0.00030476047 0.020874107 0.012237092 0.043019667 0.017080244 1.4384117e-06 0.00015603943 0.0018102825 0.0037236372 0.001903697 0.0009891652 0.0004536031 0.007847076 1.2196651e-07 0.00013550594 1.4806499e-05 0.00036430883 3.8929358e-07 0.0041659432 6.760168e-06 0.001930306 4.1064357e-08 1.4533886e-07 3.3444886e-07 1.1410144e-06 0.00016491913 0.12599935 0.0223928 0.0021642998 0.0020886986 6.958558e-05 1.8647486e-05 8.331496e-07 0.00027962125 1.937736e-07 8.4539136e-07 1.5880549e-06 1.0749986e-05 4.742198e-05 0.001232632 1.0630963e-06 0.015819801 0.000485317 0.022591444 2.0810128e-06 1.2716627e-05 2.8742797e-06 0.0005436952 0.0008878882 7.769935e-07 9.152544e-06 2.265204e-06
0.9385986 0.46939427 0.4738551 0.03132216 0.97878253 4.0176017e-13 0.7010056 0.9394564 0.0122361 0.003943807 0.117945425 0.67054033 0.034976978 0.78194004 0.0015404314 0.82181317 0.027325856 0.00017240887 0.62785697 0.3419386 0.22780162 0.26594645 0.00015685585 0.00025113203 0.0003030294 0.009853948 0.037145972 0.0103206765 0.0002546952 0.02132486 0.3398145 0.0015069244 0.06355855 0.16419771 0.08777535 1.5529928e-05 2.3261537e-06 0.0020772782 0.07149899 0.09496966 0.10023877 1.8358369e-05 0.04809463 0.40435982 0.00063289783 6.8690126e-05 1.4186713e-06 0.018293042 0.010863414 0.0018438984 0.029354626 0.008378092 0.011101196 0.015344764 3.862709e-06 0.000325853 0.0005749051 0.012871781 0.00073854515 0.0002892616 0.00040075503 0.0021367783 6.43689e-07 7.1933726e-05 3.7224672e-05 8.416893e-05 8.4265866e-07 0.0012654258 1.854194e-05 0.0014834838 4.3676774e-08 1.3604972e-07 1.1808943e-06 5.4709594e-06 0.00049424666 0.04447558 0.014012406 0.0008969598 0.0015100151 0.00025994433 0.00012018162 9.789374e-06 0.0001360171 4.300777e-07 5.003863e-06 2.9483374e-06 4.462473e-05 5.5942032e-06 0.00026057375 4.6645957e-07 0.004227967 0.000111793845 0.00936267 2.2612921e-05 5.054978e-06 1.2617738e-05 0.0005557659 8.709744e-05 1.2721462e-06 3.6757287e-05 5.7790803e-06
0.62218124 0.88799924 0.8921036 0.46515295 0.46414185 0.7010056 5.1732702e-15 0.9180368 0.047445007 0.039893612 0.9400401 0.05414733 0.5223732 0.87818295 0.0058541163 0.11197105 0.22881237 0.00035086248 0.725449 0.01909992 0.016083429 0.5891444 0.00029444176 0.00051523594 0.00025423046 0.0008473052 0.015195962 0.00035394865 0.0012534827 0.0008262231 0.08556168 0.0021239626 0.08712902 0.10847317 0.20856206 1.9086423e-05 2.8971463e-06 0.00014150447 0.013911224 0.0008367022 0.0020797323 4.5176504e-05 0.0032918744 0.5373532 1.9024783e-05 6.395411e-05 7.941252e-06 0.042131454 0.008855196 0.0019370655 0.03383399 1.4937508e-05 0.00080763234 6.211391e-05 6.5808986e-06 0.0033841904 5.4168606e-05 0.011401764 0.00015192902 5.708755e-05 1.6433805e-06 0.00018522685 1.3666161e-06 8.926257e-06 3.158584e-05 1.624144e-05 1.495449e-06 4.7316946e-05 1.4016788e-05 0.00031105004 4.4380306e-07 3.168232e-07 5.380768e-07 4.305302e-06 0.0042845765 0.009996085 0.0031037207 0.0002517913 0.0029939392 0.0020131762 0.00080004724 0.000101809455 0.00010015671 2.5992165e-07 6.962232e-06 9.042284e-06 5.565917e-05 6.2422765e-07 0.00015405657 9.495572e-08 0.00027824304 3.401631e-05 0.0016769468 1.3647296e-05 1.3476445e-05 2.366776e-05 3.0155352e-05 3.2431355e-05 7.4492946e-06 1.931863e-05 3.3631081e-06
0.42005554 0.51780325 0.4671577 0.053985927 0.8528131 0.9394564 0.9180368 8.7232196e-16 0.00788726 0.003773404 0.20307153 0.6137681 0.020683015 0.9404338 0.0010452889 0.9226993 0.07504808 0.00015236433 0.48774335 0.12672858 0.071322836 0.15188678 0.00019846788 0.00011114485 5.7919726e-05 0.017851382 0.011396688 0.020208372 0.00018810945 0.05414379 0.42941442 0.0003894997 0.04413401 0.036262065 0.032467794 2.6732916e-06 2.5167221e-06 0.0044344924 0.01959373 0.116020165 0.08812968 3.8190656e-06 0.076863624 0.15246904 0.00065778306 3.3881784e-05 2.231051e-06 0.0047962107 0.009808724 0.0001844076 0.0035372563 0.0032702638 0.0066050556 0.00387192 1.2363445e-06 5.468876e-05 0.00063905184 0.00094833696 0.00077872316 0.00015862659 2.5096382e-05 0.001487476 2.1119149e-07 3.206327e-05 8.084275e-06 0.00010242161 1.1295677e-07 0.00064954424 1.7893607e-06 0.00019278351 1.14199366e-07 1.0999766e-08 1.1292537e-08 5.13131e-07 0.00010318603 0.011577927 0.0027008792 0.0005815182 0.00029287965 6.229433e-06 9.858525e-06 6.189553e-07 0.000111665766 5.8253224e-08 2.8077534e-06 1.4549862e-07 2.787854e-06 7.1605427e-06 0.0001285541 3.50351e-07 0.002054367 9.443487e-05 0.0023918792 4.3737136e-06 4.873791e-07 1.9035235e-05 9.8410856e-05 2.0044641e-05 9.134085e-08 3.5529723e-05 1.3203183e-06
0.9491497 0.18558438 0.8027791 0.93363494 0.006716327 0.0122361 0.047445007 0.00788726 2.413839e-14 0.9623902 0.09836665 0.022877987 0.10644614 0.0021591512 0.6276038 0.00027611884 0.37177905 0.6415406 0.00074114447 0.0032811617 0.0061107697 0.0033354461 0.27962625 0.2003872 0.5481506 4.9466016e-05 0.741976 0.00010101273 0.28494415 0.00012767062 2.6411706e-05 0.8330178 0.00023799845 0.45239288 0.0070249396 0.0074188528 0.0016921839 1.0173554e-05 0.12285259 3.5784007e-05 3.14286e-05 0.021102896 5.850588e-06 0.26839226 8.91989e-08 0.017366914 0.00068974466 0.00426568 1.9259148e-06 0.22660407 0.13907085 4.40804e-07 0.0015762679 2.5170602e-06 0.0007433133 0.000784083 1.7192743e-06 0.20487727 1.815494e-05 2.0979196e-05 1.0740434e-07 5.1978255e-05 7.6795666e-05 2.452589e-06 0.0030524228 2.529102e-05 0.0003676004 7.203467e-06 0.001413617 0.063783914 5.2715997e-05 0.00026538823 0.0003677908 0.0003910432 0.00078963063 0.041642316 0.21392429 0.00017123987 7.5355024e-06 0.008048274 0.0072437194 0.0040862397 3.0526004e-05 3.2034728e-05 0.00073286204 0.0019054426 0.0007421951 2.246071e-07 5.7455614e-05 3.07498e-08 0.0015817182 1.7781462e-05 0.012277005 0.001195419 1.9834384e-05 7.7021425e-05 0.02011753 3.8387543e-06 3.4678499e-06 0.0012738148 0.00016939713
0.8891278 0.04059205 0.47687632 0.77269834 0.0005948704 0.003943807 0.039893612 0.003773404 0.9623902 1.4144546e-16 0.14557815 0.0013670953 0.17451972 0.002349637 0.975612 7.110483e-05 0.7436436 0.16054413 0.0032480482 8.504933e-05 0.0002498609 0.035527438 0.22200324 0.1379949 0.025029266 7.979767e-07 0.05611463 1.7338838e-05 0.20459037 3.9504754e-05 2.2867413e-05 0.8099263 0.0007369332 0.056155015 0.05472191 0.0066237967 0.0021483607 3.7166066e-07 0.01444074 1.0732095e-06 1.1061212e-06 0.0042715375 1.746329e-06 0.09699942 1.1945055e-08 0.061006147 0.0016219924 0.04042534 2.3477798e-05 0.6397007 0.5675293 2.710077e-07 5.1019157e-05 1.8262222e-07 0.00090320274 0.011129389 7.172873e-08 0.6365038 1.5837566e-06 7.2988576e-07 2.5113092e-09 1.7828216e-06 0.00013459766 1.0388941e-07 0.0034051135 2.5711565e-06 0.00093730184 1.0516617e-05 0.0009776873 0.009246009 8.9997884e-05 0.00049702957 0.0024823432 0.0015348188 0.0072852946 0.007887106 0.043622907 7.5142107e-06 0.00023591155 0.095974654 0.07070342 0.056675687 2.7972258e-06 0.00015488095 0.0014253864 0.039603475 0.005317155 1.35407605e-08 7.396514e-06 6.0398615e-09 6.5142325e-05 1.3718451e-07 0.0012302286 0.00084707374 0.000114379705 0.000118973396 0.0023046844 4.2293823e-07 9.338244e-06 0.0012189669 0.0011552558
0.075559765 0.7259012 0.76544875 0.5903186 0.0603138 0.117945425 0.9400401 0.20307153 0.09836665 0.14557815 1.8086922e-18 0.018640593 0.98875415 0.14126323 0.053372875 0.0017366749 0.6175522 0.0015932187 0.2329418 0.0024029438 0.002434812 0.45128813 0.0008903811 0.0009868849 0.00061207084 0.00028598652 0.010825666 6.8056586e-05 0.0016176925 9.286304e-05 0.0035284995 0.0035860415 0.024542337 0.03109338 0.111398354 7.362666e-05 2.4104018e-05 2.8990022e-05 0.0032460461 5.343379e-06 2.8964158e-05 0.00012186274 0.00016203003 0.19262852 1.0234544e-06 0.00013052089 3.945769e-05 0.02080125 0.00032653366 0.0055962373 0.016094107 5.263215e-07 0.0003333654 2.0013154e-06 2.0213512e-05 0.0029289722 9.58899e-05 0.008980789 0.000101317506 2.104946e-05 6.661422e-07 4.19083e-05 2.1680278e-06 4.3538457e-06 8.0751175e-05 3.2811192e-06 3.2932007e-06 1.1670373e-06 3.9253322e-05 0.00033970582 7.5182277e-07 9.639299e-07 3.6160009e-06 4.5958905e-06 0.002232951 0.0025221645 0.0009856034 9.7036886e-05 0.0006760123 0.0016439017 0.00086771575 0.00017034094 1.4744725e-05 1.2783071e-06 7.382166e-06 1.3237231e-05 4.41366e-05 1.143455e-07 0.00010679606 1.1345798e-08 0.00011848505 3.2535383e-05 0.00074674544 2.7921114e-06 5.9639646e-05 2.597472e-05 2.1598851e-05 3.0440737e-05 9.315362e-07 3.5374534e-05 4.986827e-06
0.8590195 0.25180903 0.54057807 0.019041996 0.8356164 0.67054033 0.05414733 0.6137681 0.022877987 0.0013670953 0.018640593 1.0040102e-14 0.003680196 0.015835416 0.0016147917 0.59980774 0.040823262 0.005132843 0.0028171102 0.9110378 0.907122 0.0021632642 0.00014217147 0.0007935862 0.014291656 0.83378094 0.07791583 0.8916565 0.00069248374 0.82388645 0.0026414075 0.00027685607 0.0006163536 0.09354075 0.000196746 0.0001809395 2.1365875e-05 0.7553498 0.118039176 0.06150115 0.2137568 0.0001975637 0.0025741856 0.15719292 0.02367873 0.00013359493 3.1979263e-05 9.934439e-05 2.583403e-05 0.0006597058 6.572547e-05 0.0007048363 0.119305655 0.006008394 4.5454253e-05 1.2347885e-05 0.023845214 0.000178802 0.08918541 0.102600105 0.00048048177 0.027327418 1.4323182e-05 0.0025176404 0.00015785934 0.006768032 4.1929384e-06 0.0037257667 0.00023850898 0.0027539681 8.2850494e-07 1.6458445e-06 5.7210116e-07 5.5416644e-05 0.0051044975 0.109089345 0.027636562 0.0073921955 3.5425408e-05 0.0030105065 2.3455128e-05 1.4888753e-05 0.030636963 5.2779e-06 4.2248474e-05 2.2481026e-05 1.1852742e-06 0.001675385 0.0152285155 1.2305705e-05 0.013655584 0.0022169787 0.02950994 0.00017359643 1.769847e-06 0.00015350018 0.0028668775 0.006287747 2.1780777e-05 0.00010336549 2.967995e-06
0.19973598 0.7405308 0.55740416 0.78668016 0.016381584 0.034976978 0.5223732 0.020683015 0.10644614 0.17451972 0.98875415 0.003680196 6.485935e-16 0.03510772 0.08417536 0.00030627262 0.91469496 0.00043065692 0.21819964 7.741312e-05 0.00014529169 0.7558022 0.00092576473 0.00020282554 3.8636907e-05 2.6055652e-05 0.0018100579 1.7112778e-05 0.0010791428 2.6660444e-05 0.0003852335 0.009194872 0.0582804 0.021030774 0.7214928 1.4393138e-05 4.5629004e-06 5.776772e-06 0.00074924715 2.4638653e-06 7.0352635e-06 0.0001980899 3.4687415e-05 0.25778934 1.284904e-07 0.00030516705 2.4312538e-05 0.4225562 0.0014409483 0.047883667 0.4768711 3.6586476e-07 4.4406854e-05 1.4432918e-07 9.605149e-06 0.10791141 8.6681365e-07 0.19989334 5.0461445e-06 1.5525657e-06 4.1346112e-08 1.3388561e-06 1.6368127e-06 1.5357498e-06 0.0001063437 2.6639007e-06 7.877288e-06 1.0197016e-06 3.802234e-05 1.4222241e-05 6.977802e-07 2.2373772e-06 6.8970253e-06 5.7096713e-06 0.023681484 0.0011270355 0.00042930862 1.9776219e-06 0.019175794 0.035325967 0.0032438133 0.0018496903 1.5398438e-05 4.018122e-06 2.7437076e-05 2.8953082e-05 0.00049668795 4.4564736e-08 1.889894e-05 6.1001106e-09 4.8921574e-05 2.1141952e-06 0.00036458788 7.852848e-05 0.00045437092 2.3191442e-05 9.016201e-06 6.424732e-06 9.224162e-06 0.00014135826 1.4304821e-05
0.16719404 0.6621167 0.29149136 0.033489566 0.6792908 0.78194004 0.87818295 0.9404338 0.0021591512 0.002349637 0.14126323 0.015835416 0.03510772 2.9691974e-14 0.00012059 0.8859101 0.009308814 2.4105353e-05 0.959398 0.046148732 0.026017705 0.48820728 4.556706e-05 5.0854484e-05 2.8631393e-06 0.0064017293 0.00024363172 0.0016897552 0.00013583276 0.009274119 0.9186503 0.0001712446 0.14209746 0.0049829697 0.020056644 1.5035947e-06 1.1655902e-06 0.0007847775 0.0006948932 0.060266748 0.01957953 6.0830457e-06 0.29113874 0.016455732 0.0002284312 1.712775e-05 2.000571e-06 0.0009787639 0.07948926 0.00010913637 0.000104211074 0.007987783 0.0010200188 0.00088626944 7.213961e-07 2.018916e-05 0.0001985523 0.00019211526 0.001263153 2.4962143e-05 2.0035666e-06 0.00035620492 2.5818534e-07 2.4257832e-05 1.0005011e-05 6.860397e-05 7.014933e-07 0.00025284887 3.2864211e-06 4.428275e-06 7.8209524e-08 6.1654546e-08 3.066733e-08 1.7025378e-07 6.617069e-05 0.0027195537 0.00020544432 3.2873035e-05 0.000813385 2.910307e-05 9.416643e-07 1.6162944e-07 3.2341723e-05 2.3198143e-07 1.4845573e-06 2.8125934e-08 9.1865314e-07 1.6054097e-06 0.00022282125 7.3934245e-08 0.000120133045 6.3452295e-05 0.0004187844 8.787918e-06 4.2033784e-07 9.964371e-06 9.36726e-06 4.3928278e-05 1.47022e-06 6.561481e-05 1.5697017e-06
0.33075202 0.0586558 0.18386096 0.65318096 0.00025583082 0.0015404314 0.0058541163 0.0010452889 0.6276038 0.975612 0.053372875 0.0016147917 0.08417536 0.00012059 2.685552e-19 1.75768e-05 0.988876 0.093704835 0.0002679637 0.00010233207 9.26998e-05 0.0013219267 0.7156872 0.08780706 0.0101288445 7.11825e-07 0.01695473 8.566566e-06 0.103699744 1.8592282e-05 2.361989e-05 0.42674756 0.00022951364 0.008338114 0.00043028867 0.007406609 0.001895421 4.7199114e-06 0.00048514624 2.9152042e-07 1.4175109e-06 0.0018880736 9.983855e-07 0.011899026 1.2832166e-07 0.2954378 0.03765764 0.0009234104 5.977211e-06 0.39406618 0.048381463 1.026123e-07 4.7755686e-05 1.870828e-07 0.008402986 0.0005443354 7.395339e-07 0.1387323 1.2812406e-05 1.7229709e-06 1.1986404e-07 2.048736e-06 0.00046529 4.4065314e-07 0.009773139 1.087537e-06 0.0047355657 5.275922e-06 0.001111626 0.0036115176 0.0011450817 0.002416824 0.01621247 0.0037380632 0.0012323251 0.0022372003 0.01650414 1.7624847e-06 1.5014961e-05 0.0055378843 0.013734331 0.018678887 3.6690867e-06 0.007745573 0.0016889392 0.024339277 0.0016074833 4.120967e-08 5.4693824e-05 2.6418931e-09 2.7467628e-05 8.236203e-06 0.00032546447 0.00061021885 3.0305699e-05 0.0015933487 0.0004783409 1.4621305e-05 0.00013405822 0.006818627 0.005710971
0.6162057 0.41206005 0.042970076 0.0031441886 0.7545849 0.82181317 0.11197105 0.9226993 0.00027611884 7.110483e-05 0.0017366749 0.59980774 0.00030627262 0.8859101 1.75768e-05 3.6351308e-16 0.002533519 1.6950451e-05 0.19593735 0.47411826 0.26443666 0.0096609965 8.993705e-05 1.846678e-05 2.9263808e-06 0.19382499 0.0006417651 0.1970963 4.725999e-05 0.66145426 0.72957206 5.6161658e-05 0.020053217 0.01040187 0.00038581496 4.6785402e-07 1.066104e-07 0.10497099 0.01196029 0.95864946 0.8871713 4.6228516e-07 0.54614 0.018334482 0.054570597 2.3593866e-05 3.2980202e-07 4.4576915e-05 0.0060018795 0.00038631624 1.2912487e-05 0.16335478 0.06238978 0.30255628 3.096006e-07 1.2635222e-07 0.02295462 0.00037848018 0.035406746 0.0024256147 0.0001402483 0.039336987 3.0481843e-07 0.0006538145 1.9392455e-06 0.006610775 2.207377e-08 0.058347616 1.0605617e-06 4.6286226e-05 7.362774e-08 6.1627237e-09 2.1103835e-08 3.9711708e-07 5.959686e-06 0.025404902 0.00093040173 0.0004791801 7.5932534e-05 1.5656107e-05 7.5377656e-08 2.1054426e-08 0.0014153281 1.0470827e-06 2.5164542e-07 3.408196e-07 3.160404e-07 0.00083945435 0.0021131681 4.934766e-05 0.0075208964 0.0019256514 0.005520686 6.0517536e-06 1.7056873e-07 1.7424113e-06 3.745575e-05 0.00046709308 2.937511e-07 2.4168998e-05 3.433275e-06
0.053233333 0.24826685 0.42163634 0.7354965 0.01609575 0.027325856 0.22881237 0.07504808 0.37177905 0.7436436 0.6175522 0.040823262 0.91469496 0.009308814 0.988876 0.002533519 1.267264e-19 0.05420501 0.013729598 0.0023343486 0.0032420193 0.1647443 0.25357252 0.022351133 0.0035224578 4.818857e-05 0.0034411259 6.945828e-05 0.015064107 0.00020271844 0.0017411234 0.33273062 0.016102668 0.0021096375 0.29679722 0.009144698 0.0034292995 3.922717e-05 0.0013705697 6.3055726e-05 6.892403e-06 0.0074025374 3.589136e-05 0.006840837 8.638202e-06 0.25996268 0.037762813 0.15730944 0.00012133487 0.93420887 0.7319483 6.504058e-07 0.00025056556 6.760803e-07 0.008561458 0.0532183 7.132154e-05 0.54731196 0.00024414156 4.1063654e-06 1.8311681e-07 1.50968335e-05 0.0013050875 5.6141275e-06 0.0030427303 8.138028e-06 0.004888716 3.642857e-06 0.001705364 9.233144e-05 0.0016992103 0.002471296 0.023545045 0.0056238733 0.018056702 0.00058069977 0.0006280002 9.360843e-07 0.0003269637 0.053338394 0.09616923 0.08724213 7.547948e-05 0.008731417 0.0020194226 0.3298877 0.004741902 4.2598977e-08 0.00016570676 1.0395254e-09 0.00014271567 3.3519096e-05 0.0003311322 0.0008920955 0.00032465818 0.0024731855 0.0002122217 0.00012039764 0.00035898204 0.0015652232 0.007144057
0.8280329 0.0003835591 0.018536765 0.028432168 4.1264397e-05 0.00017240887 0.00035086248 0.00015236433 0.6415406 0.16054413 0.0015932187 0.005132843 0.00043065692 2.4105353e-05 0.093704835 1.6950451e-05 0.05420501 2.2556716e-19 9.374937e-06 0.00052435434 0.0012925857 2.478745e-05 0.7020303 0.9779153 0.8759172 6.592711e-07 0.44216758 2.0241955e-06 0.9515625 1.7128075e-05 3.6378802e-07 0.04555697 1.1987668e-06 0.047501024 2.157353e-05 0.5116199 0.168033 1.4157641e-06 0.009161986 4.0416147e-08 5.488252e-08 0.46539435 4.3153256e-07 0.02519857 2.3317352e-08 0.028498773 0.02128863 5.9389204e-06 1.2980678e-07 0.029609881 0.0014752264 6.655583e-08 0.00012033037 4.2795838e-07 0.01690479 9.069967e-07 7.078939e-07 0.009642583 1.2447538e-06 3.697636e-07 3.0033257e-07 3.6610334e-06 0.0005900934 1.9296715e-07 0.027185908 1.3413853e-06 0.001290285 5.826331e-07 0.0045923158 0.13634896 0.00091623265 0.0010086282 0.0008769729 0.00038877546 3.6082365e-06 0.018064573 0.18179011 5.182714e-05 1.4832546e-07 3.920678e-05 0.0007986133 0.0009646298 3.8155595e-06 0.000120204546 0.0014007566 0.0009162637 0.00010175325 1.1088661e-08 7.457772e-07 5.616564e-10 0.00033059358 1.9358881e-06 0.0044601033 0.003481709 3.894142e-07 0.00032580018 0.04958965 3.8495838e-08 1.962289e-05 0.0013501879 0.00028436125
0.066692725 0.61587137 0.19266672 0.030042173 0.45128348 0.62785697 0.725449 0.48774335 0.00074114447 0.0032480482 0.2329418 0.0028171102 0.21819964 0.959398 0.0002679637 0.19593735 0.013729598 9.374937e-06 8.230131e-14 0.0015953282 0.0017010353 0.9766573 3.3078137e-05 1.8129196e-05 6.014909e-07 0.0006961801 1.205513e-05 0.0004084823 2.2620969e-05 0.0028513612 0.7645474 0.00016494225 0.8825805 0.0002367547 0.52754754 2.1634694e-06 3.1009318e-07 0.00013360425 2.3245826e-05 0.0010927478 0.0012925647 2.2417953e-05 0.09653765 0.006829072 3.5425986e-05 2.9219245e-06 2.8155307e-07 0.007557172 0.5390136 0.00025921405 0.00038779696 0.0034026336 0.00010185596 0.00020440464 6.7069874e-07 0.00027357347 2.8063281e-05 0.00027049662 0.00019813901 9.228808e-06 6.84755e-06 7.5124403e-06 3.626206e-08 6.762754e-06 1.0685154e-05 3.6891386e-06 1.8547235e-06 3.255221e-05 9.632921e-07 1.0075724e-05 1.8925162e-07 2.013992e-06 6.318277e-08 2.5255855e-07 0.0004820852 0.00080021814 0.00037732907 8.731241e-07 0.0050878497 2.6966556e-05 1.5498555e-06 5.9619964e-07 1.4259248e-05 3.649234e-08 5.5200485e-07 2.2143137e-08 1.851998e-06 7.107363e-07 0.00026400035 5.100862e-08 2.0191299e-05 1.5261672e-05 0.00021530608 4.0615955e-06 3.1409143e-06 1.9436834e-06 2.7809436e-05 6.162683e-05 4.0326307e-07 2.7844251e-05 9.30147e-07
0.8483647 0.02537447 0.05703194 0.0015704962 0.4832818 0.3419386 0.01909992 0.12672858 0.0032811617 8.504933e-05 0.0024029438 0.9110378 7.741312e-05 0.046148732 0.00010233207 0.47411826 0.0023343486 0.00052435434 0.0015953282 8.289686e-17 0.99445987 0.00012197692 4.9146056e-06 9.994673e-06 0.007827841 0.96118826 0.0635362 0.5361095 1.6723983e-05 0.26691198 0.0055062715 0.00010646182 5.7064385e-06 0.09385967 1.6708352e-06 4.618514e-06 4.013233e-07 0.16775449 0.21835065 0.09067465 0.20272562 7.109642e-05 0.0018909621 0.038586494 0.12883677 1.059431e-05 2.8054943e-08 7.315928e-06 8.0345686e-08 4.132487e-06 2.4432824e-05 0.0017191785 0.40795207 0.02816343 1.4372324e-06 1.325245e-07 0.03736023 2.225939e-05 0.073358774 0.036855325 0.0018961857 0.058578905 7.338725e-09 0.0011990361 3.1839022e-06 0.0021285322 1.0192446e-08 0.0029696869 1.805812e-05 0.009498898 3.8574828e-09 1.1990794e-09 8.6423347e-07 1.2625416e-07 6.411404e-07 0.32096463 0.03396125 0.044470802 2.0659616e-07 1.296077e-06 1.8934351e-07 1.05909955e-07 0.008053069 3.6306552e-08 2.926677e-06 6.5585465e-07 2.1560389e-07 1.853492e-05 0.00068828196 4.0373466e-06 0.054550733 0.00023083664 0.14155196 1.8740942e-05 5.2122806e-07 1.1616374e-06 0.028737772 5.2000618e-05 4.192533e-07 5.057898e-07 1.15241775e-07
0.9655571 0.046545155 0.06423257 0.0038943915 0.3736748 0.22780162 0.016083429 0.071322836 0.0061107697 0.0002498609 0.002434812 0.907122 0.00014529169 0.026017705 9.26998e-05 0.26443666 0.0032420193 0.0012925857 0.0017010353 0.99445987 5.0723176e-16 0.00034166873 1.9201718e-05 0.00012124013 0.023845328 0.6694435 0.22495113 0.2612917 0.00028551888 0.10525418 0.001335854 0.0002457508 1.6006836e-05 0.21485648 1.4290886e-05 4.2817803e-05 1.178381e-06 0.06746084 0.6582724 0.050624225 0.0805654 8.6442466e-05 0.00097394385 0.122958235 0.06049321 1.7986382e-05 1.5039065e-07 3.8244576e-05 3.3060664e-07 4.382563e-05 5.3981097e-05 0.001163102 0.3833025 0.019570759 1.0964896e-05 1.1089635e-06 0.016304782 9.273526e-05 0.027058203 0.024443656 0.0008829952 0.052997094 9.995483e-08 0.00064578705 3.5851266e-05 0.00087059446 1.1610033e-07 0.0016186093 0.000120974495 0.019293463 1.540119e-08 3.2706097e-08 8.566321e-06 1.5442313e-06 3.4469983e-06 0.6630682 0.08181761 0.042294264 2.602601e-06 3.7834084e-06 1.9626098e-06 9.610285e-07 0.0031343135 7.1865225e-07 1.1732269e-05 2.458142e-05 2.971287e-07 1.4251647e-05 0.0006932384 1.8620468e-06 0.08933939 0.00029109887 0.46995404 4.3768865e-05 2.062067e-06 4.627614e-06 0.03740202 8.115819e-05 5.299135e-07 4.590262e-06 5.0979855e-07
0.024026608 0.57776403 0.22372021 0.12520348 0.12412567 0.26594645 0.5891444 0.15188678 0.0033354461 0.035527438 0.45128813 0.0021632642 0.7558022 0.48820728 0.0013219267 0.0096609965 0.1647443 2.478745e-05 0.9766573 0.00012197692 0.00034166873 3.094547e-17 0.000108847504 5.8644062e-05 8.605135e-07 4.2652664e-05 0.00010345899 5.8728405e-05 0.00012152281 0.00012809028 0.09640461 4.1932486e-05 0.89433485 0.0003955927 0.9689204 2.082317e-06 1.9996403e-06 2.6668404e-05 0.000141606 5.9737664e-05 8.320151e-05 2.212736e-05 0.0024220892 0.0016122704 3.7258285e-06 2.7305096e-05 2.0138575e-06 0.16716789 0.3583388 0.0009566814 0.03159349 6.120524e-05 9.546908e-05 2.7557292e-06 5.7504317e-06 0.02980467 7.512856e-06 0.003202022 1.8448598e-05 1.069467e-06 1.2253686e-07 1.02285685e-05 3.7686925e-07 6.124094e-06 5.1528846e-06 4.7018825e-06 2.370952e-06 4.7928336e-07 5.4260345e-06 2.9600378e-06 1.3072685e-07 5.904237e-07 5.357089e-08 9.209101e-07 0.0021841922 0.0002183305 6.097901e-05 9.700602e-06 0.02581182 0.00091432885 4.690536e-05 1.128321e-05 1.8788769e-06 2.1382078e-07 5.4658415e-07 4.63753e-07 5.603727e-05 3.1929102e-07 9.34575e-05 8.533912e-09 3.5317833e-05 3.4944221e-06 0.00021629888 2.1217372e-06 4.3133015e-05 9.5265256e-07 3.7710315e-06 4.4926733e-06 2.1686863e-07 1.1684956e-05 7.947077e-06
0.9605932 0.0002935961 0.0043056575 0.018831322 1.17365325e-05 0.00015685585 0.00029444176 0.00019846788 0.27962625 0.22200324 0.0008903811 0.00014217147 0.00092576473 4.556706e-05 0.7156872 8.993705e-05 0.25357252 0.7020303 3.3078137e-05 4.9146056e-06 1.9201718e-05 0.000108847504 1.0921479e-15 0.90587246 0.04699284 5.783513e-06 0.035452306 2.023932e-05 0.87851536 1.9674459e-05 5.716594e-05 0.005058285 1.5170382e-05 0.023489598 8.475662e-05 0.7023276 0.5245842 1.494977e-06 0.0018240528 7.467696e-06 2.2993206e-06 0.18994313 1.7180804e-05 0.008220862 2.0123552e-09 0.9333333 0.8757732 4.4311757e-05 5.9552286e-07 0.51055557 0.014508795 6.71598e-07 0.00014158776 1.7612599e-06 0.39379558 1.1376803e-05 4.1270138e-07 0.13577153 2.100651e-06 3.5479636e-07 2.1073538e-09 2.0777584e-06 0.031135792 1.0993376e-07 0.2866777 8.03599e-07 0.21889381 1.5462023e-05 0.029099701 0.037232433 0.12050508 0.092039 0.25706768 0.09382694 3.847248e-05 0.008776143 0.11145804 4.636276e-06 3.2898672e-06 0.0016692634 0.010639225 0.013081404 1.839289e-05 0.12122804 0.025288213 0.13322732 0.0023823383 2.5511451e-06 5.4690903e-05 8.231946e-08 0.00014111084 3.3090678e-06 0.0015237166 0.012043123 3.93404e-06 0.0028108398 0.0075872173 5.3389635e-06 0.00093802845 0.039641723 0.11511757
0.8718265 0.0002189337 0.003793802 0.013470234 6.420044e-05 0.00025113203 0.00051523594 0.00011114485 0.2003872 0.1379949 0.0009868849 0.0007935862 0.00020282554 5.0854484e-05 0.08780706 1.846678e-05 0.022351133 0.9779153 1.8129196e-05 9.994673e-06 0.00012124013 5.8644062e-05 0.90587246 2.2493572e-18 0.43258697 2.9369662e-06 0.054736014 1.2684869e-05 0.8891473 1.8581733e-05 5.2186097e-06 0.008452943 9.3215476e-07 0.01278011 8.603483e-06 0.7895301 0.49603972 2.2279819e-07 0.0037057966 6.9657943e-07 3.1356691e-07 0.5201449 4.2003325e-07 0.0041436926 6.1092273e-09 0.4248538 0.3114473 5.12536e-06 8.793015e-08 0.24651432 0.0030180812 1.0749678e-07 7.680342e-05 2.4818834e-07 0.295084 5.462089e-07 1.9674617e-08 0.030612418 3.8558062e-07 2.479181e-08 7.15314e-09 2.1672162e-07 0.022325747 3.0838137e-08 0.11789839 1.9502475e-06 0.030847747 1.3228454e-06 0.038899127 0.09463305 0.032318443 0.017633162 0.019906914 0.026100256 5.456331e-07 0.00985479 0.123177 6.8745862e-06 1.5337324e-07 2.3970124e-05 0.0004500429 0.00041257511 1.6960063e-06 0.010542139 0.023631178 0.0033952591 0.00017402077 1.7665501e-08 3.1624285e-08 1.6702557e-09 0.00017481904 1.3468536e-08 0.0025281752 0.016949296 9.4788476e-07 0.0018759059 0.023850432 4.4446806e-09 0.0008088429 0.008929914 0.0073396126
0.73281664 0.005917864 0.05965815 0.03364111 0.00016053439 0.0003030294 0.00025423046 5.7919726e-05 0.5481506 0.025029266 0.00061207084 0.014291656 3.8636907e-05 2.8631393e-06 0.0101288445 2.9263808e-06 0.0035224578 0.8759172 6.014909e-07 0.007827841 0.023845328 8.605135e-07 0.04699284 0.43258697 4.2639572e-18 3.078723e-05 0.92309755 8.418355e-05 0.83344287 9.466278e-06 4.768317e-06 0.9700253 2.734781e-07 0.43782946 2.683477e-07 0.2259351 0.098455556 1.6569657e-05 0.08538007 1.1730606e-06 4.9518526e-06 0.46219698 6.749323e-07 0.097842954 2.1765929e-07 0.0055136806 0.0065354523 2.5797601e-06 1.3812149e-08 0.002410287 4.059034e-05 1.03934e-07 0.0033624014 9.3763174e-07 0.047039997 4.013162e-08 4.2281786e-06 0.00028200794 7.130185e-06 5.9490835e-06 3.0543983e-08 4.271629e-05 0.0026980331 2.3054193e-07 0.043382015 3.1310043e-07 0.0023509122 6.0038055e-06 0.015690763 0.74701524 0.0008164794 0.0014826896 0.00038737484 0.00045987204 4.613077e-06 0.06933239 0.51564026 0.0004051524 1.7976538e-07 4.8745515e-06 3.6963425e-05 1.45848035e-05 3.0123128e-05 0.0001239265 0.012456141 0.0002091197 4.2938045e-06 4.6722512e-08 1.5265674e-05 4.152203e-08 0.0013799971 3.446114e-06 0.029840387 0.014287282 1.2301122e-08 0.00045111522 0.13777295 2.6412902e-06 7.1172195e-05 0.002814805 2.8357521e-05
0.8250552 0.00038888006 0.00079624064 7.027944e-05 0.04523195 0.009853948 0.0008473052 0.017851382 4.9466016e-05 7.979767e-07 0.00028598652 0.83378094 2.6055652e-05 0.0064017293 7.11825e-07 0.19382499 4.818857e-05 6.592711e-07 0.0006961801 0.96118826 0.6694435 4.2652664e-05 5.783513e-06 2.9369662e-06 3.078723e-05 5.826766e-16 0.004970101 0.9216693 2.963823e-06 0.77890503 0.0012268882 1.4991596e-05 3.3178443e-05 0.0085236775 9.8811915e-06 6.58426e-07 5.510213e-07 0.9058536 0.060391054 0.04852202 0.16681355 6.6635284e-06 0.0013502027 0.0062996615 0.40138778 1.8507197e-06 2.751193e-07 9.377936e-07 4.1896174e-06 8.976066e-06 2.8630686e-06 0.0037441284 0.83927417 0.051799927 6.338933e-07 9.4607947e-07 0.30119622 4.4926284e-05 0.15919055 0.19742502 0.026606604 0.1950337 1.5968519e-07 0.01635656 1.5044136e-06 0.02581764 8.502215e-07 0.021691944 6.3544007e-06 0.00056489895 2.806759e-07 6.3543916e-07 8.586601e-09 5.5768223e-06 1.8599692e-05 0.069504276 0.003964277 0.042017348 9.574977e-06 4.9863447e-05 4.3092265e-07 2.4076928e-07 0.023552343 6.5332294e-08 4.1072994e-07 1.0938367e-07 1.3585303e-07 0.00073521945 0.0066489577 0.0005362426 0.044225786 0.0024432533 0.03943432 7.346485e-07 8.6581565e-07 8.9912356e-07 0.00060193456 0.001664931 5.1552684e-06 3.4405904e-08 6.6366795e-07
0.7894099 0.1811587 0.628504 0.24219015 0.044938855 0.037145972 0.015195962 0.011396688 0.741976 0.05611463 0.010825666 0.07791583 0.0018100579 0.00024363172 0.01695473 0.0006417651 0.0034411259 0.44216758 1.205513e-05 0.0635362 0.22495113 0.00010345899 0.035452306 0.054736014 0.92309755 0.004970101 4.5920896e-20 0.0051638433 0.14908332 0.0011791692 4.0475417e-05 0.7969474 8.554537e-07 0.976596 5.8825904e-06 0.012392958 0.009495552 0.0011798919 0.36953038 7.49961e-05 0.00026395606 0.016517797 4.0732557e-06 0.63929075 1.4274406e-05 0.007354165 0.0027439732 3.193157e-05 2.6002068e-08 0.003649048 0.0012948985 4.890641e-07 0.016253978 2.0873043e-05 0.0060869083 8.8399946e-07 0.0001875456 0.0012361471 0.00024682842 0.00019435167 2.4882054e-08 0.0010646227 0.00091524975 6.855171e-07 0.006891082 5.815581e-06 0.0008821228 2.3034656e-05 0.0037379884 0.47893867 0.0005504074 0.00039590916 0.00034591055 4.291866e-05 4.3458112e-06 0.17352936 0.29913905 0.0014837867 4.1256385e-08 1.7986604e-05 0.00025413884 3.1740932e-05 0.0004959755 5.3537397e-06 0.0014183122 3.9006696e-05 1.7759744e-06 2.0618606e-06 6.278342e-05 1.1355651e-06 0.0025459332 1.4277932e-05 0.03976612 0.0030819282 2.925845e-08 0.00029284498 0.06210241 6.0788184e-06 1.2161197e-06 0.0008790299 1.7729925e-06
0.32847378 0.00064871286 0.00086471415 0.00021007773 0.023474151 0.0103206765 0.00035394865 0.020208372 0.00010101273 1.7338838e-05 6.8056586e-05 0.8916565 1.7112778e-05 0.0016897552 8.566566e-06 0.1970963 6.945828e-05 2.0241955e-06 0.0004084823 0.5361095 0.2612917 5.8728405e-05 2.023932e-05 1.2684869e-05 8.418355e-05 0.9216693 0.0051638433 2.7697136e-18 1.7516559e-05 0.9924127 0.0038190545 3.2347154e-05 5.3535474e-05 0.004826863 1.5071241e-05 2.3331756e-07 1.6409413e-07 0.9120917 0.02703367 0.08591566 0.22583705 1.10905285e-05 0.0029164879 0.0024944376 0.19051601 3.5540477e-06 2.5301875e-07 4.5332504e-06 2.3876728e-06 1.5032462e-06 7.1528366e-06 0.008912091 0.28982165 0.057021607 7.09608e-07 1.0557893e-06 0.29338428 2.2315353e-05 0.07573691 0.12127195 0.016839022 0.066555776 6.8129864e-08 0.027648536 8.2679765e-07 0.085726485 1.3315484e-06 0.0631497 3.7233922e-06 0.00040231124 1.1405396e-07 1.5370927e-07 1.0963698e-06 1.0247197e-05 1.9549465e-05 0.013518435 0.001049938 0.015769986 5.4065813e-06 7.84955e-06 6.0961306e-06 6.884309e-06 0.009783761 1.6099709e-06 1.6268537e-07 4.959256e-07 8.250936e-06 0.0034385165 0.008539755 0.000758224 0.008040085 0.0021520816 0.008732083 1.9933398e-06 2.34578e-06 5.145313e-06 0.00018044753 0.009250018 1.1966839e-07 1.96877e-06 6.6825027e-07
0.9830741 0.00043627265 0.007188717 0.038438328 0.00016388715 0.0002546952 0.0012534827 0.00018810945 0.28494415 0.20459037 0.0016176925 0.00069248374 0.0010791428 0.00013583276 0.103699744 4.725999e-05 0.015064107 0.9515625 2.2620969e-05 1.6723983e-05 0.00028551888 0.00012152281 0.87851536 0.8891473 0.83344287 2.963823e-06 0.14908332 1.7516559e-05 7.910892e-16 1.5111916e-05 4.405897e-05 0.02528579 1.5003839e-05 0.030064618 5.4549317e-05 0.55767393 0.42788833 8.155746e-07 0.0026408045 5.4904817e-06 1.7976116e-06 0.7992458 7.964361e-06 0.008602192 2.221001e-08 0.55511326 0.15769154 1.9810186e-05 1.3259739e-06 0.44539338 0.00838707 2.0982704e-06 0.000100897014 1.6622225e-06 0.09763924 6.173074e-06 1.766332e-07 0.07749448 3.0248697e-07 8.781534e-08 5.2193265e-08 1.6270608e-06 0.018117134 8.105466e-08 0.10999662 2.4015758e-06 0.017682975 1.3233608e-05 0.016668137 0.33028287 0.027470518 0.011327248 0.011673223 0.016137471 4.51998e-06 0.04035504 0.40888602 4.9501745e-05 1.2169585e-06 4.3741245e-05 0.0005469544 0.00055735983 4.04197e-06 0.0053419587 0.0036734599 0.0033208425 0.00017678701 1.2839816e-07 6.0878574e-06 1.7760268e-08 0.00020766591 1.9372085e-06 0.0067120367 0.004913179 4.958015e-06 0.00085703545 0.08915775 5.2017083e-07 0.0005573325 0.004409157 0.0072703892
0.6147934 0.001640983 0.00233751 0.00015245385 0.04881202 0.02132486 0.0008262231 0.05414379 0.00012767062 3.9504754e-05 9.286304e-05 0.82388645 2.6660444e-05 0.009274119 1.8592282e-05 0.66145426 0.00020271844 1.7128075e-05 0.0028513612 0.26691198 0.10525418 0.00012809028 1.9674459e-05 1.8581733e-05 9.466278e-06 0.77890503 0.0011791692 0.9924127 1.5111916e-05 2.5442426e-17 0.026769815 9.8973986e-05 0.00022906889 0.0029799014 2.1174328e-05 1.1302666e-06 4.88447e-07 0.91934973 0.017399225 0.59449065 0.8512247 4.0179452e-06 0.047546767 0.0041960096 0.24678816 1.0510131e-05 9.28518e-07 6.4536557e-06 7.3833384e-05 1.8778737e-06 8.968743e-06 0.18327269 0.14583173 0.50339407 3.2634375e-06 3.9468412e-07 0.1055267 1.566804e-05 0.067593515 0.045400947 0.016216245 0.079033025 6.673456e-08 0.06458507 6.423387e-07 0.31131977 2.0820698e-07 0.32537746 9.871663e-07 0.00019850006 1.558107e-08 2.678385e-08 5.8252976e-07 2.2227516e-06 2.201892e-06 0.013571132 0.002228743 0.0026873418 5.211284e-06 2.2646598e-06 2.4826732e-06 7.876999e-07 0.004277565 6.067892e-07 2.6663164e-07 8.665414e-08 3.2868784e-06 0.007051863 0.003325779 0.00053473 0.005987978 0.001960728 0.009424236 4.969489e-06 4.2010397e-06 6.65804e-06 0.00031959006 0.0010568945 3.2097384e-07 4.5980255e-06 4.0461367e-07
0.027359722 0.030264594 0.0030866726 0.0006580733 0.25524446 0.3398145 0.08556168 0.42941442 2.6411706e-05 2.2867413e-05 0.0035284995 0.0026414075 0.0003852335 0.9186503 2.361989e-05 0.72957206 0.0017411234 3.6378802e-07 0.7645474 0.0055062715 0.001335854 0.09640461 5.716594e-05 5.2186097e-06 4.768317e-06 0.0012268882 4.0475417e-05 0.0038190545 4.405897e-05 0.026769815 1.1687127e-15 9.856044e-06 0.23045243 3.2975586e-05 0.0020756277 1.4646731e-07 4.897315e-07 0.0011694222 0.00018540217 0.23604494 0.014729864 1.2630427e-05 0.9979427 0.0009913817 0.00028016794 1.1910038e-05 1.4535043e-06 0.00025562622 0.5172027 8.776882e-05 2.6751127e-06 0.12818518 0.00028856893 0.0012543604 8.8014167e-07 7.746679e-07 8.324016e-05 2.8529907e-05 0.00020146681 9.892297e-06 2.2748095e-06 3.997824e-05 8.549964e-08 1.45993035e-05 1.5475256e-05 9.006898e-05 8.830743e-07 0.0011666073 3.8660124e-07 9.000024e-06 7.5852125e-07 3.962175e-07 3.671087e-07 9.69112e-07 2.0523372e-05 0.0014119067 0.00065550517 6.066506e-06 0.001164461 9.7861075e-06 9.909448e-07 3.1411403e-07 1.8226692e-05 5.3293586e-08 2.898492e-06 5.427934e-08 9.198528e-08 7.234096e-06 4.2187576e-06 1.3468491e-07 8.2915e-05 1.8328708e-06 0.0009353803 4.7035126e-05 1.8306959e-06 5.799907e-06 0.00010960208 1.5489348e-06 5.4509013e-07 0.00025523256 7.0351824e-08
