3.5708295e-20 0.91220814 0.58879423 0.9578203 0.60401136 0.88527966 0.90391266 0.61148167 0.8552235 0.16150513 0.769164 0.8097533 0.13783364 0.30253065 0.98010606 0.9731497 0.9661992 0.14678875 0.90695125 0.963245 0.85999125 0.95269376 0.6373737 0.96413153 0.10844521 0.9806905 0.019275576 0.037681665 0.041700352 0.8635409 0.08068125 0.9861766 0.019534878 0.6486657 0.93542266 0.026770255 0.64678305 0.0028120722 0.16510037 0.98738015 0.03559203 0.9524947 0.8343256 0.9032533 0.15363924 0.44359478 0.007987511 0.018716305 0.9956245 0.0031636823 0.06706582 0.97583014 0.4747005 2.675601e-05 0.865691 1.4706807e-05 0.9317692 0.003556898 0.98541754 0.70923233 0.9118315 0.9849267 0.82088125 0.98793674 0.06739443 0.0076256995 0.9793828 0.6640981 0.08361893 0.002401426 0.978958 0.8426832 0.9707934 0.9899427 0.7338693 1.2473912e-05 0.93852353 0.6265725 0.99075925 0.13266493 1.5299092e-05 0.99838185 0.0017615228 0.039535347 0.590735 0.66585207 0.89517534 0.8792704 0.9995384 0.997766 0.00017478502 6.8400695e-08 0.98691714 0.85246414 0.00052930013 0.09134301 0.2881537 0.9999995 0.9960469 0.21391 0.57347095
0.91220814 1.02946273e-16 0.9890244 0.7280632 0.4127332 0.63179624 0.21049735 0.68506765 0.129157 0.07872318 0.14064531 0.073235415 0.04497176 0.21191193 0.6032489 0.81725806 0.011478622 0.18930787 0.7176739 0.0065598204 0.008358776 0.00044799515 0.009917381 0.060261365 0.10915147 0.1328006 0.10507426 0.0319476 0.11790391 0.0045206184 0.015945002 0.11679157 0.03098844 0.020943055 0.00065361406 0.0029214832 0.00031750242 0.0005064431 0.00048786905 0.004036385 0.0003295683 0.0007783426 1.7909153e-05 3.562008e-06 1.1253883e-05 1.41037035e-05 0.052654885 0.00066778396 8.484574e-07 7.8839585e-05 0.00053582346 0.003961371 6.651285e-05 3.630024e-05 5.9436877e-07 0.00015239412 0.007713694 3.174641e-05 7.673003e-08 4.2941136e-07 2.2735853e-07 0.05531948 1.2858075e-07 0.0076413252 4.9101993e-07 1.3798148e-05 0.09938759 8.9727706e-08 6.967127e-06 3.019614e-06 1.756821e-06 2.8562724e-06 0.00039048982 0.0018147413 8.585869e-08 5.1514498e-08 1.2594198e-07 3.5329066e-08 1.5043642e-07 1.14864e-07 5.242381e-07 0.0029699176 1.1845725e-06 5.4775796e-06 9.329601e-08 3.6842305e-08 5.2709433e-06 5.558053e-08 0.002951978 0.00011319398 1.4922699e-05 2.725283e-07 6.0567913e-07 6.492837e-06 2.2548855e-07 1.7174127e-08 4.1472936e-09 0.0016633883 1.7908152e-06 1.3389806e-07 1.4915365e-08
0.58879423 0.9890244 2.3650624e-17 0.45645824 0.43041915 0.41578305 0.30737296 0.9350432 0.28609154 0.05880529 0.28458852 0.106879555 0.023703089 0.094976276 0.70471054 0.82562256 0.015879339 0.039463017 0.77174133 0.009696673 0.006188084 0.00043714812 0.0025483489 0.07894696 0.0064843637 0.10716536 0.012696192 0.0057720444 0.020359397 0.020874405 0.011228616 0.13481145 0.002829647 0.00089421554 0.0004992269 6.9820766e-05 0.00014814487 2.3481548e-06 7.781258e-05 0.004172868 5.0453917e-05 0.0008910786 2.4989653e-05 1.1305613e-05 3.812266e-07 7.309822e-07 0.0014425935 4.405405e-05 1.4129032e-06 1.8955445e-06 1.9488874e-05 0.0023685612 4.7447106e-06 4.163973e-06 6.9543313e-07 7.730595e-06 0.015825797 4.2743163e-06 2.524384e-07 9.979668e-07 8.137531e-08 0.04667293 7.9764085e-08 0.0060834466 1.876241e-08 5.572896e-07 0.072620496 7.298652e-08 1.0801755e-06 2.8998384e-08 2.514414e-06 5.3784415e-06 0.00043713851 0.0009936212 1.9193577e-08 1.995074e-08 5.022815e-08 1.7095844e-09 1.3620719e-07 8.070813e-09 1.1218206e-06 0.0039914693 2.573147e-07 1.6998382e-07 7.699325e-10 3.901696e-09 1.2880129e-05 1.2775044e-09 0.0030871478 5.1297196e-05 4.067163e-05 3.815257e-08 2.9281662e-07 9.78524e-06 1.332377e-07 1.4641997e-09 2.5458986e-09 0.00017717486 8.0224146e-07 1.9019383e-08 3.0564598e-09
0.9578203 0.7280632 0.45645824 2.5006666e-15 0.9751963 0.8991313 0.41137218 0.14913295 0.3943765 0.13032319 0.15180555 0.072514735 0.13110611 0.60239214 0.65008444 0.76354825 0.057612997 0.56515455 0.030259775 0.023507757 0.009437632 0.0085135475 0.015466043 0.09979065 0.76207167 0.1438461 0.36637744 0.29995215 0.6091497 0.0059804246 0.073656484 0.025719782 0.39341488 0.023396915 0.0002497606 0.047041897 0.0001221859 0.054482087 0.00030332807 0.0033023122 0.00020350912 2.8664032e-05 1.3848942e-05 4.4635094e-06 1.0894948e-06 1.3473251e-06 0.24628936 0.0017057251 4.6607206e-06 0.007413498 0.00063502154 0.005317964 1.6717764e-05 0.00075618614 4.686641e-07 0.00597148 0.0021258064 0.0001220031 4.1855574e-07 4.0060252e-07 1.2193766e-07 0.020603351 2.3980101e-08 0.0049047647 7.628084e-07 1.064164e-05 0.04289932 1.7206989e-07 8.808546e-07 1.1115926e-06 2.403471e-06 1.4556184e-06 0.00018276117 0.0014754902 2.1812747e-07 1.334175e-07 3.2399825e-07 4.315632e-08 2.3891795e-07 5.944294e-07 3.0703206e-06 0.0007827516 1.0800045e-06 1.027767e-06 4.815023e-08 1.1843442e-08 2.5969184e-06 1.1062234e-08 0.00071479176 3.7832375e-05 1.5523607e-05 2.687167e-07 8.115168e-07 3.203645e-06 2.3699785e-07 1.4115733e-07 3.339655e-08 0.0018337731 3.3407653e-07 2.1992842e-07 2.913859e-07
0.60401136 0.4127332 0.43041915 0.9751963 5.1312277e-16 0.46225944 0.92895365 0.04514155 0.032726016 0.8803202 0.01776215 0.02970317 0.9354752 0.29368496 0.5336864 0.3961483 0.2276954 0.28650174 0.015188745 0.10279923 0.18516189 0.00048732458 0.0006771331 0.007750627 0.3760752 0.011721605 0.038500644 0.3704877 0.1632568 0.0015337814 0.007079969 0.0075726868 0.15815963 0.06256378 0.00097641576 0.033579167 0.00030941688 0.014382487 0.00145479 0.000349965 1.6023896e-05 0.0019108981 0.00020350912 0.00031059235 2.138096e-05 2.2747912e-05 0.005696353 1.9367515e-05 6.048987e-05 0.0025997448 0.0016566315 0.0028990204 0.00011807738 6.259869e-05 5.291581e-05 0.0015097841 0.0013513085 0.0007042053 8.645026e-06 7.1183495e-06 1.7047875e-06 0.00919964 2.7367491e-06 0.0022537292 6.120655e-06 8.492208e-05 0.013353807 1.6429747e-06 1.2832876e-05 3.484987e-06 1.2506599e-05 2.524584e-05 0.0001637194 0.0007533013 3.8902596e-07 4.6910476e-08 3.0847962e-06 1.061652e-07 7.078318e-07 2.1041078e-06 4.4425363e-07 0.0008183507 4.5859297e-06 8.447117e-06 1.5572752e-08 1.9349105e-07 8.180186e-06 3.507848e-08 0.00064050674 4.313248e-05 0.00010460827 2.0912634e-07 1.9825884e-06 7.4426625e-06 1.1902957e-06 5.752363e-08 7.220007e-08 0.0009702129 2.5941188e-06 2.0210282e-06 1.5241393e-07
0.88527966 0.63179624 0.41578305 0.8991313 0.46225944 9.667039e-16 0.06080637 0.34005508 0.7477918 0.008440502 0.40883833 0.5459226 0.011692788 0.99189234 0.30738232 0.5141089 0.006039033 0.5908584 0.014955519 0.0020281416 0.0002609672 0.04795519 0.06843433 0.25002915 0.31360045 0.30232656 0.43562332 0.015991447 0.5593636 0.0036091814 0.32755148 0.008248509 0.038506676 0.00012495159 1.5113024e-05 0.00054536294 4.9583455e-06 0.0014014957 2.9804143e-05 0.0018646866 0.001026411 1.7699111e-06 9.4582055e-07 4.0967058e-07 2.3491484e-07 5.919282e-08 0.26258615 0.012551687 2.1733634e-07 4.89458e-05 5.157826e-06 0.00022133008 1.5674647e-07 0.00042707796 2.6135172e-08 0.0024109872 0.000264807 3.7357481e-06 6.6542345e-09 1.7867805e-08 3.2514894e-08 0.00394014 4.971591e-09 0.00059477513 1.2523188e-07 1.4401733e-07 0.015514667 9.268604e-08 5.411436e-08 6.705302e-08 6.3547155e-08 6.942619e-08 4.4428496e-05 0.00033700484 3.738439e-08 1.0860009e-08 6.8792123e-09 3.2812237e-09 9.884626e-09 8.091266e-07 3.3263638e-07 0.0009285725 2.9480464e-07 6.423136e-07 3.2045908e-09 3.7417824e-09 7.989275e-08 1.7204708e-09 0.0002012007 9.905037e-07 1.8597149e-06 2.5817094e-08 2.3959574e-08 2.9400584e-07 6.78825e-08 1.503401e-08 7.3886834e-09 0.0002637321 6.333113e-09 2.9216178e-08 2.888515e-09
0.90391266 0.21049735 0.30737296 0.41137218 0.92895365 0.06080637 1.6533882e-15 0.014915431 0.0022533443 0.9467675 0.0021192753 0.0010491969 0.6702211 0.03642498 0.8565116 0.57283753 0.91205615 0.03733438 0.040352006 0.8687215 0.910241 0.00012397059 0.00012301323 0.0027492868 0.11645907 0.0043284395 0.008450473 0.31918585 0.020965775 0.0045007593 0.0004512972 0.034023296 0.07164481 0.33578667 0.07307781 0.07537425 0.018694203 0.014772912 0.016094346 0.00065488566 7.70565e-06 0.023611652 0.0044811266 0.0034315502 0.0013487169 0.00064228696 0.001055192 7.4585855e-06 0.0033449598 0.012635128 0.0395319 0.052734554 0.0028593987 7.5619545e-07 0.00026887094 0.00013012752 0.018522602 0.0036252155 2.6433048e-05 3.9017817e-05 4.908587e-06 0.06899361 4.3452433e-06 0.024936322 0.0006788734 0.0056393356 0.03470989 1.711929e-07 0.0004027312 0.00089228095 0.00010367875 3.5114914e-05 0.0014023447 0.0059866738 1.595017e-06 6.112897e-06 1.3546401e-05 1.2219039e-05 1.151703e-06 1.2542114e-06 1.6546523e-05 0.0023432325 0.00012266787 1.6159154e-05 3.445365e-06 1.2345641e-06 7.62767e-05 2.220307e-06 0.002573967 0.00050412124 0.0002187974 7.478778e-08 1.1704833e-05 4.7964688e-05 1.7769868e-05 3.25322e-08 5.4674965e-06 0.003015414 8.8698935e-06 8.892571e-05 1.4470786e-06
0.61148167 0.68506765 0.9350432 0.14913295 0.04514155 0.34005508 0.014915431 9.0982244e-17 0.9430257 0.004252651 0.9601429 0.6775185 0.0014257359 0.08025176 0.17269166 0.4263636 0.0015773723 0.027270786 0.7758092 0.0011146537 0.0011258082 0.009885028 0.02540842 0.39084217 0.0020527435 0.44155255 0.01864969 0.0009743991 0.019762566 0.3765833 0.02637965 0.11884204 0.0013104265 0.0005361145 0.00011845713 3.3352976e-06 5.5512384e-05 6.2466324e-06 3.5629342e-05 0.021707641 0.00074323383 0.00040398003 7.497639e-06 1.23139935e-05 3.0976986e-07 3.770305e-06 0.008655083 0.000918549 4.4300496e-06 1.9051651e-05 0.00015483855 0.0026286705 2.582494e-05 1.9901932e-05 9.309679e-07 1.4411202e-05 0.007149694 1.1445297e-05 3.3317673e-07 2.4209844e-06 2.7608296e-06 0.044218075 3.419402e-07 0.006082229 5.0292596e-07 2.4000465e-06 0.09552432 2.2242043e-06 1.3509361e-05 2.3062022e-07 7.736451e-06 1.5358459e-05 0.0010166697 0.0012054987 8.343339e-08 1.3611123e-07 6.905577e-07 2.8002924e-08 2.730107e-06 4.5745142e-07 3.4073073e-06 0.009267964 1.338507e-05 3.2332305e-06 2.0600385e-08 2.194768e-06 7.977862e-06 4.6452556e-08 0.0035818343 0.00028278542 4.807501e-05 8.321074e-08 2.715967e-06 1.8283656e-05 1.4929965e-06 9.6569785e-08 8.5234085e-08 0.0010938983 5.617775e-06 1.3185309e-05 2.3797082e-07
0.8552235 0.129157 0.28609154 0.3943765 0.032726016 0.7477918 0.0022533443 0.9430257 6.608216e-14 0.0029857755 0.94125557 0.93731993 0.0007038163 0.28264076 0.010972753 0.12679613 8.458431e-05 0.18319477 0.16683733 8.1494174e-05 0.00055878004 0.20590152 0.6264169 0.83117896 0.03295279 0.8050374 0.26658648 0.0015901465 0.2079132 0.22825533 0.49005505 0.024821177 0.0013328042 0.00040945737 1.4806881e-05 1.7636256e-05 2.0168193e-06 2.3886192e-05 2.2868482e-05 0.010994946 0.05539027 5.2772757e-06 2.3194164e-07 2.0724645e-08 1.4995098e-07 1.1282171e-06 0.30882192 0.07841709 3.135138e-08 1.2281377e-05 6.765725e-05 0.0001586449 9.000144e-06 0.00013250689 8.737005e-09 0.000220088 0.0011183245 7.295201e-06 7.784787e-08 4.099987e-08 1.1233873e-07 0.010099964 1.5581843e-08 0.0013741355 3.6620267e-07 1.5691404e-06 0.0613064 1.439104e-07 8.953402e-06 9.938732e-07 3.993868e-07 1.17809726e-07 0.00025590477 0.0006926724 1.4870008e-07 1.6785162e-07 1.02956164e-07 6.2858425e-09 1.4546755e-07 3.4816136e-07 9.276944e-06 0.0045890105 1.2793407e-05 1.9351035e-06 2.5300368e-08 1.2292907e-07 1.3567804e-06 6.974881e-09 0.0017503516 7.502567e-06 2.4612054e-05 7.877367e-07 5.389694e-07 2.46719e-06 8.96745e-08 1.3839706e-08 1.9412596e-09 0.0014578449 1.2815431e-06 2.4514955e-07 2.5948856e-08
0.16150513 0.07872318 0.05880529 0.13032319 0.8803202 0.008440502 0.9467675 0.004252651 0.0029857755 1.7715393e-17 0.0012413758 0.0011084281 0.99574614 0.010340597 0.45093653 0.1833743 0.44191766 0.021711998 0.0029041895 0.2768831 0.6396651 0.00014200425 2.1633858e-05 0.0015197975 0.06461441 0.0021451025 0.0013089409 0.20817432 0.0074800523 0.0005346298 0.00012200088 0.0023821006 0.043237478 0.16767238 0.0016527623 0.05596937 0.0007482724 0.010793827 0.0024628527 0.00011252804 1.0452256e-05 0.0031521644 0.00030753645 0.0011692393 0.00012370391 8.265604e-05 0.00033408852 4.464767e-07 0.001057622 0.0049370676 0.0014761307 0.00635642 6.0683204e-05 1.2776277e-05 0.00013897041 8.035707e-05 0.0015748539 0.0019385384 4.2395066e-05 4.482605e-05 2.6246473e-06 0.0078952685 7.009253e-06 0.0026104301 5.427225e-06 0.00025258565 0.00935432 1.3080038e-06 1.4711199e-05 4.2352613e-06 4.1069474e-05 2.0729995e-05 8.9606925e-05 0.0005647543 1.146605e-06 3.3561508e-07 1.0611126e-05 5.7376656e-07 7.0257165e-06 7.248007e-07 1.8398424e-06 0.00033054597 2.1358359e-05 2.271599e-06 2.1157693e-07 4.867947e-07 1.1801721e-05 7.882379e-07 0.00039609702 0.00016982383 4.0370913e-05 3.5279993e-07 9.885319e-06 2.668032e-06 1.156117e-06 8.560572e-08 3.5189706e-07 0.00085468154 1.3003645e-06 4.657704e-06 7.711366e-07
0.769164 0.14064531 0.28458852 0.15180555 0.01776215 0.40883833 0.0021192753 0.9601429 0.94125557 0.0012413758 4.877438e-14 0.90420187 0.00071510195 0.12948574 0.022016002 0.1333408 8.076558e-05 0.049473617 0.47316736 5.501581e-05 0.00028376988 0.16392298 0.2393769 0.88805187 0.0053751115 0.8596644 0.072553046 0.0007326528 0.03998277 0.719271 0.1672406 0.07324936 3.6824833e-05 0.00012262366 5.713049e-06 6.4946644e-06 1.9467445e-06 1.7891793e-05 1.562581e-05 0.054275226 0.021625917 1.7499435e-06 1.15654316e-07 5.429277e-09 5.5969675e-08 1.2182083e-07 0.082486354 0.011843398 3.817541e-09 5.524894e-05 3.9391474e-05 0.00027388384 4.366791e-06 5.0519684e-05 2.5139018e-09 1.794064e-05 0.0019097923 5.439132e-06 7.504209e-09 3.5106858e-08 1.2429666e-07 0.009695808 4.2358e-09 0.0011826034 9.567292e-08 5.4173097e-07 0.058542144 1.1053909e-07 1.4566642e-06 3.2649922e-07 1.9509383e-07 2.39167e-08 0.000278778 0.0001788907 5.149141e-08 6.1849114e-08 5.3904927e-08 2.3589677e-09 2.405009e-08 7.874723e-07 1.4096174e-05 0.012570645 4.392465e-06 3.3472293e-07 2.1728304e-09 3.0452536e-08 4.537257e-07 1.815281e-09 0.0019313785 1.6250434e-06 9.559367e-06 3.8905046e-07 1.9886583e-07 1.8287719e-07 6.722743e-08 2.6800187e-09 4.2118867e-10 0.0006867595 1.1981112e-07 2.4589508e-07 2.0419877e-09
0.8097533 0.073235415 0.106879555 0.072514735 0.02970317 0.5459226 0.0010491969 0.6775185 0.93731993 0.0011084281 0.90420187 2.2146722e-16 0.00019234663 0.23029877 0.0024818887 0.030388793 2.4497778e-05 0.08291558 0.13922352 1.34158045e-05 0.00026533278 0.84365547 0.7691178 0.90344745 0.014097707 0.8341075 0.25989726 0.00030813215 0.19001508 0.70563996 0.80712765 0.013020387 0.00021944585 4.6590165e-05 1.325103e-06 5.844451e-07 1.677633e-07 3.0438573e-06 8.2263505e-06 0.054000553 0.18117264 7.735602e-08 8.39413e-08 1.9935895e-09 3.82723e-09 2.0972942e-08 0.31080365 0.09698062 4.1838313e-10 2.822923e-06 4.3722707e-06 2.0546755e-05 1.5268431e-06 0.00035581618 2.4928166e-09 0.00036324497 0.00058013154 8.617619e-07 2.4638074e-09 4.6787786e-08 9.215843e-08 0.003077527 2.4580105e-09 0.00016421523 5.8728368e-08 1.4354264e-07 0.045675352 6.539289e-08 6.485368e-08 2.8683005e-09 8.3301535e-09 4.938562e-08 2.3808889e-05 2.2640175e-05 1.2928031e-08 1.0994206e-08 1.1297427e-08 1.0373763e-09 1.4817962e-08 6.6992845e-07 8.9068647e-07 0.027649852 7.180976e-08 1.4134139e-08 1.1208948e-09 2.0640186e-08 9.394867e-08 4.456095e-10 0.0008256721 1.9296836e-08 6.8790223e-07 3.2222317e-08 1.056317e-08 8.365675e-09 1.5562755e-07 5.402283e-10 1.9195133e-10 7.339118e-05 1.2914839e-09 6.2463073e-07 3.431875e-11
0.13783364 0.04497176 0.023703089 0.13110611 0.9354752 0.011692788 0.6702211 0.0014257359 0.0007038163 0.99574614 0.00071510195 0.00019234663 5.5363433e-15 0.033052497 0.28093684 0.14296794 0.25197822 0.17424926 0.0007887681 0.13328633 0.4583665 5.6045552e-05 2.2988504e-05 0.00080316165 0.4265483 0.0020747322 0.008446211 0.7891914 0.050968014 0.00025673685 0.0010238246 0.00046102825 0.42567548 0.51215416 0.0023098937 0.35783672 0.00085073133 0.15047967 0.003581059 8.532912e-05 1.1844646e-05 0.0015789105 0.0005168208 0.00047032864 5.450865e-05 0.00016893347 0.0011065782 2.8938766e-06 0.0019839928 0.0604533 0.005817226 0.0022874873 0.00016345573 3.34234e-05 5.463736e-05 0.0009175924 0.00033559446 0.006957444 7.3639654e-05 4.31055e-05 3.6473762e-06 0.0029719053 1.5514777e-06 0.00074814574 1.6539581e-05 0.0021801519 0.0055710897 2.46016e-06 6.173954e-05 3.1599313e-05 2.4723373e-05 5.5439655e-06 4.4308796e-05 0.000534325 2.2434838e-06 1.1196669e-06 1.4108682e-05 1.4265714e-06 1.0494275e-05 5.714449e-06 6.3909683e-06 0.0001394461 4.554008e-05 4.3861237e-06 3.519739e-07 6.509929e-07 3.213302e-06 9.976508e-07 0.00053016987 0.00027505652 0.000167931 6.747871e-08 3.2335618e-05 2.4425403e-06 7.918024e-07 1.627923e-07 1.3654969e-06 0.00069066975 7.289533e-06 3.1159914e-05 3.1242741e-06
0.30253065 0.21191193 0.094976276 0.60239214 0.29368496 0.99189234 0.03642498 0.08025176 0.28264076 0.010340597 0.12948574 0.23029877 0.033052497 1.5219066e-15 0.09691985 0.17604558 0.006071287 0.984208 0.0025880933 0.002329183 0.00075418403 0.028089792 0.026989404 0.046596225 0.6037263 0.035282515 0.61564124 0.045644324 0.70872617 0.00079660217 0.56663436 0.0011037883 0.09442168 0.0011844098 0.0001381203 0.002402386 4.4140892e-05 0.0074800523 0.00012354039 0.00063137297 0.0005030495 1.4654766e-05 2.4701787e-05 1.7177314e-05 2.1356381e-07 3.373295e-07 0.2642428 0.0087560965 1.4749583e-06 0.00014081481 0.000120342644 2.411388e-05 2.9083662e-06 0.0008264726 4.1827204e-07 0.019319363 0.000104352286 1.9649615e-05 8.086873e-08 6.0206537e-07 3.1757796e-07 0.00037911235 4.960975e-08 7.5908574e-05 5.424319e-07 8.1240194e-07 0.0035855218 5.6417826e-07 8.223561e-07 7.9052495e-07 2.1248748e-07 8.1863703e-07 9.980768e-06 9.631323e-05 6.74827e-08 1.26276385e-08 1.3511357e-07 2.0884922e-08 1.6568787e-07 1.193046e-06 6.170322e-07 0.00011059567 2.7280878e-06 4.2532102e-07 2.6650018e-09 2.7401914e-08 1.4188737e-07 7.0669453e-09 8.464257e-05 8.008631e-07 1.393723e-06 1.8016259e-08 2.7915519e-08 4.3336036e-07 5.4646556e-08 5.8599245e-08 3.3064808e-08 8.0988786e-05 1.9308137e-08 1.1472059e-07 1.2472003e-08
0.98010606 0.6032489 0.70471054 0.65008444 0.5336864 0.30738232 0.8565116 0.17269166 0.010972753 0.45093653 0.022016002 0.0024818887 0.28093684 0.09691985 2.7839862e-15 0.94167185 0.80464923 0.0530539 0.58177143 0.8140543 0.4197865 0.00018581901 0.0022294796 0.0039685303 0.023437684 0.007881937 0.019605463 0.061345655 0.013515291 0.0020712428 0.001706559 0.38305816 0.017807743 0.2451216 0.11804128 0.013416024 0.0388063 0.00098518 0.012014296 0.0037813112 7.121252e-05 0.20446068 0.013316933 0.0064108483 0.0015869301 0.004900935 0.0010846877 0.00015647606 0.002872029 0.00041201324 0.0051398617 0.20757449 0.005015545 6.676072e-06 0.0030046667 2.0550968e-05 0.51588035 7.409063e-05 0.00017378344 0.00025482808 0.00032861077 0.4063247 7.036549e-05 0.12206209 8.086346e-05 0.00041869056 0.19082761 4.1109677e-05 9.4036215e-05 0.000115341136 0.0015364517 0.0018604174 0.016718125 0.029095406 1.0238123e-05 3.5579544e-06 9.7846705e-06 7.032594e-06 3.173362e-06 3.2808955e-05 8.1454355e-06 0.04414291 1.0841285e-05 3.134799e-05 3.1810766e-06 1.3744145e-05 0.0051595434 1.8353282e-06 0.05906235 0.006258565 0.0007966884 1.0246948e-06 2.7279875e-05 0.008463894 6.6847047e-06 1.7555279e-06 4.8861775e-06 0.010591411 0.0022557988 2.0594249e-05 2.3435978e-06
0.9731497 0.81725806 0.82562256 0.76354825 0.3961483 0.5141089 0.57283753 0.4263636 0.12679613 0.1833743 0.1333408 0.030388793 0.14296794 0.17604558 0.94167185 2.1307348e-13 0.1090806 0.10653414 0.9333319 0.0835598 0.07935196 0.00023466507 0.004090991 0.025728399 0.02525545 0.03458141 0.02884509 0.02577409 0.025292298 0.01323455 0.0032969282 0.4008 0.008460162 0.0860806 0.01715632 0.005050849 0.0038715436 0.0003041571 0.001274157 0.0061757183 7.520351e-05 0.0061562634 0.00038680635 5.4212065e-05 6.1142986e-05 7.888305e-05 0.0044234325 0.0003457489 3.757496e-05 0.00012832736 0.0005864459 0.041947 0.00033882688 1.103917e-05 1.3640491e-05 7.838216e-06 0.12359379 1.1459627e-05 4.163147e-06 3.0405151e-06 2.560842e-06 0.22351132 2.3511238e-06 0.05409814 1.4952843e-05 1.5706473e-05 0.21758443 2.3480843e-07 1.0439793e-05 5.401109e-06 4.4506913e-05 8.619469e-05 0.0030266028 0.008501182 7.3606157e-07 8.305024e-07 1.4179828e-06 2.1789813e-07 1.3054994e-07 1.9370736e-06 1.8525758e-06 0.02582751 9.437533e-06 7.36662e-07 2.0396016e-07 1.3905016e-07 0.0002576569 4.4663107e-08 0.020774115 0.0003896139 3.687442e-05 3.822616e-07 1.4071104e-06 0.00045479275 7.4700284e-07 3.481187e-08 3.1122403e-07 0.0044962824 0.00020549448 7.2557043e-07 4.2085023e-08
0.9661992 0.011478622 0.015879339 0.057612997 0.2276954 0.006039033 0.91205615 0.0015773723 8.458431e-05 0.44191766 8.076558e-05 2.4497778e-05 0.25197822 0.006071287 0.80464923 0.1090806 1.4034593e-14 0.009021939 0.021241099 0.9740538 0.9490178 1.5346788e-05 5.7973662e-05 0.00015260382 0.0299567 0.00044729604 0.0021967196 0.13780937 0.004142338 0.0010450627 8.464999e-05 0.09561216 0.022683147 0.63704294 0.6967163 0.100950934 0.45167306 0.0020097608 0.17336641 0.001369465 3.4788275e-06 0.18132134 0.14502327 0.032541476 0.054275118 0.0629154 3.68406e-05 3.1444106e-05 0.025062917 0.007966353 0.18957782 0.2594452 0.3089737 2.57097e-06 0.0058014896 1.7791912e-05 0.18606418 0.0050238795 0.0001983256 0.0011734059 0.0011137319 0.23373182 0.00016453817 0.118534304 0.035481643 0.011052672 0.05840968 0.00043708013 0.017414032 0.0044584936 0.0026937758 0.0014143506 0.011508217 0.054487076 0.000104102306 3.0304715e-05 3.398087e-05 1.7156148e-05 4.912586e-06 0.00013620104 2.3771374e-06 0.006699834 0.0013232139 0.0015764362 5.843228e-06 2.208092e-05 0.0018272371 3.7381826e-06 0.011516868 0.0041016983 0.00015682966 9.62966e-07 4.416281e-06 0.00380249 4.825486e-06 8.2905666e-07 5.1680894e-07 0.008475686 0.0019895092 6.2152567e-06 9.3564914e-08
0.14678875 0.18930787 0.039463017 0.56515455 0.28650174 0.5908584 0.03733438 0.027270786 0.18319477 0.021711998 0.049473617 0.08291558 0.17424926 0.984208 0.0530539 0.10653414 0.009021939 3.140118e-15 0.0005781901 0.0022048706 0.00070514384 0.008679479 0.008476135 0.007999564 0.95755905 0.006291163 0.6756159 0.15740918 0.8749563 0.0003516094 0.72011846 0.00050202315 0.44654337 0.0052846493 0.00034829372 0.014801616 9.662217e-05 0.03519523 0.00032200295 0.00021486363 0.0004957012 0.00013189239 8.3477535e-05 0.00011373545 1.2984325e-06 1.3844142e-06 0.21156739 0.011474534 6.166475e-05 0.00078775105 0.00019289956 0.0002720984 9.707812e-06 0.0013550736 1.391336e-05 0.041258518 0.00010330824 0.000121899946 1.6777825e-06 3.26415e-06 1.8070998e-06 0.00055433775 1.6637276e-06 0.00017786525 1.6665098e-06 7.721878e-06 0.0046423445 3.1916668e-06 9.492622e-06 4.259894e-06 1.1534271e-05 2.9804498e-06 9.284467e-06 0.00029287516 5.630462e-07 2.8669797e-07 2.8702202e-06 6.6519823e-07 7.01184e-06 2.6824431e-05 2.0681713e-05 5.1409203e-05 0.00013789485 4.362125e-06 7.954409e-08 2.96502e-07 2.0470786e-07 1.6168049e-07 0.00013566214 2.614915e-05 5.0808914e-05 6.287048e-07 3.553897e-07 3.1786854e-07 8.3827194e-07 2.0171915e-07 1.2569894e-06 0.00014157749 1.295262e-07 5.759287e-07 2.489416e-06
0.90695125 0.7176739 0.77174133 0.030259775 0.015188745 0.014955519 0.040352006 0.7758092 0.16683733 0.0029041895 0.47316736 0.13922352 0.0007887681 0.0025880933 0.58177143 0.9333319 0.021241099 0.0005781901 5.2081993e-15 0.01936027 0.0019284174 6.89739e-05 0.00045505178 0.15328553 9.023611e-05 0.16684906 0.00083211344 5.9974904e-05 0.0005999902 0.1714501 3.0460107e-05 0.97137123 5.4374514e-06 9.3304065e-05 8.444954e-05 7.8657905e-07 4.7309008e-05 6.107929e-07 0.00012968399 0.048031833 1.9495565e-05 0.0034064064 3.8559865e-05 7.7517136e-05 2.2399179e-06 6.514919e-06 2.1549906e-05 2.3656545e-05 4.066718e-05 3.6724193e-06 5.013734e-05 0.0146095 6.676152e-05 2.4152015e-07 5.1942676e-05 8.171375e-08 0.17611018 6.389838e-07 8.782824e-06 4.5800034e-06 4.5401075e-06 0.26012152 3.033185e-06 0.039139446 8.7566076e-07 4.263227e-06 0.3840554 2.539647e-07 6.6032476e-06 5.3030108e-06 3.5172663e-05 0.00012723269 0.0030695074 0.0052203923 6.6003986e-07 5.379934e-08 3.7423379e-06 8.731525e-07 3.589598e-07 1.2481374e-07 6.425427e-07 0.06412876 2.6737851e-05 9.0234914e-07 7.097843e-08 3.67133e-08 0.000355357 9.77689e-08 0.024450172 0.0004277856 3.0311594e-05 6.1482357e-09 3.6991016e-06 0.00045722138 3.013873e-07 7.085088e-08 1.2601069e-07 0.0018806222 9.481705e-05 8.144429e-07 1.900679e-07
0.963245 0.0065598204 0.009696673 0.023507757 0.10279923 0.0020281416 0.8687215 0.0011146537 8.1494174e-05 0.2768831 5.501581e-05 1.34158045e-05 0.13328633 0.002329183 0.8140543 0.0835598 0.9740538 0.0022048706 0.01936027 4.521494e-15 0.9623919 1.15528655e-05 1.9225263e-05 0.00019055624 0.004477807 0.00037998377 0.00096859416 0.037749566 0.0012536962 0.0010468228 5.4235825e-06 0.0839313 0.004633724 0.4204307 0.63596594 0.033870224 0.38394877 0.00032872768 0.13744278 0.00066268485 4.0701225e-06 0.45074213 0.18170202 0.056665786 0.09041037 0.111108966 2.440838e-06 2.396283e-05 0.027878206 0.0016578312 0.09972134 0.3129356 0.19901341 1.4435003e-06 0.01696699 2.3742011e-06 0.2410814 0.0011883557 0.00043781477 0.0020969636 0.0021306747 0.26161933 0.0003757184 0.12972602 0.023554344 0.006510426 0.07443987 0.0008759402 0.008540276 0.0012800742 0.0063848463 0.0027011086 0.009566795 0.047014557 0.00026495173 3.2426007e-05 6.696564e-05 3.7186743e-05 1.02973645e-05 0.00019025354 1.4354804e-06 0.008353061 0.00058572495 0.0013691352 1.113263e-05 0.00016070886 0.0029199875 4.817564e-06 0.012526767 0.0074098264 0.00020771564 2.9766065e-06 2.5002428e-05 0.0043029585 1.0093863e-05 1.6361533e-05 3.3536214e-06 0.008828213 0.0017851595 3.4159377e-05 8.553582e-07
0.85999125 0.008358776 0.006188084 0.009437632 0.18516189 0.0002609672 0.910241 0.0011258082 0.00055878004 0.6396651 0.00028376988 0.00026533278 0.4583665 0.00075418403 0.4197865 0.07935196 0.9490178 0.00070514384 0.0019284174 0.9623919 2.1720697e-15 1.29316395e-05 1.8668183e-05 0.00057663856 0.00059871183 0.0011044579 5.215398e-05 0.027736587 8.173032e-05 0.00045231215 4.9414386e-05 0.006664845 0.00043575434 0.56488746 0.90576965 0.0151572 0.7581169 0.0001423879 0.5996005 0.00014111502 6.520579e-07 0.08400122 0.66753495 0.0726582 0.40429428 0.34817514 5.868451e-07 2.1274452e-06 0.10544995 0.0012450145 0.040905003 0.09836898 0.06028372 6.488981e-08 0.016171575 1.4440001e-06 0.011349681 0.0021323557 0.00041226202 0.0065960987 0.0012974158 0.041106407 0.0007037659 0.029194212 0.015172762 0.009430061 0.019529942 0.00034983034 0.00492735 0.0026019162 0.002940914 0.0005178934 0.001166959 0.01022325 0.00018404638 0.00020519897 0.0002532613 0.000108971006 7.4727795e-05 0.00017023506 1.11458985e-05 0.00026247578 0.0010984883 0.0038966099 2.8447776e-05 4.520361e-05 0.0003645486 6.6602947e-06 0.0009296769 0.002461296 0.0008446975 1.5686467e-06 6.230162e-05 0.00017043129 1.108187e-05 4.0313734e-07 1.5894988e-06 0.001332498 0.00026615566 1.220873e-05 6.589226e-06
0.95269376 0.00044799515 0.00043714812 0.0085135475 0.00048732458 0.04795519 0.00012397059 0.009885028 0.20590152 0.00014200425 0.16392298 0.84365547 5.6045552e-05 0.028089792 0.00018581901 0.00023466507 1.5346788e-05 0.008679479 6.89739e-05 1.15528655e-05 1.29316395e-05 5.600675e-11 0.98416287 0.7162648 0.011464606 0.6671273 0.18524125 0.00019513021 0.037683092 0.52749074 0.48917168 0.00016740219 0.0017851893 7.895878e-05 7.191713e-05 1.4492835e-05 5.8010905e-06 3.1801758e-06 3.2637876e-05 0.0108376285 0.85432297 1.2727243e-07 9.20302e-06 1.8388707e-08 4.5542793e-06 5.0408394e-06 0.05975266 0.13709533 1.4851434e-08 4.189563e-07 0.00011804472 4.8733937e-06 4.135209e-05 6.127404e-05 2.3598957e-08 4.119653e-05 2.8061015e-06 9.527475e-06 6.2192145e-09 8.8016606e-07 8.981547e-06 0.000104326326 1.0509338e-07 7.4336754e-06 8.762378e-06 9.605572e-06 0.030521959 5.696314e-06 0.0001177461 1.2373577e-06 5.5296376e-09 2.0654522e-08 4.2353577e-08 9.658614e-07 4.9116447e-06 5.2696333e-07 6.818196e-07 9.617088e-07 6.9647785e-07 3.1556905e-05 1.5836282e-06 0.00790144 1.1923164e-05 1.9548645e-05 4.3223727e-07 5.3480235e-08 1.2341191e-08 1.4959297e-06 3.3665467e-05 3.3915788e-09 4.1853582e-05 1.9081435e-07 2.4375777e-07 7.1852466e-09 1.433855e-06 1.34277265e-08 1.7067931e-08 2.4880239e-05 1.1534793e-10 5.2540654e-06 1.4474814e-08
0.6373737 0.009917381 0.0025483489 0.015466043 0.0006771331 0.06843433 0.00012301323 0.02540842 0.6264169 2.1633858e-05 0.2393769 0.7691178 2.2988504e-05 0.026989404 0.0022294796 0.004090991 5.7973662e-05 0.008476135 0.00045505178 1.9225263e-05 1.8668183e-05 0.98416287 1.8159108e-13 0.68458706 0.010067599 0.5801155 0.4584496 3.319883e-05 0.05448453 0.055516608 0.9650054 0.0001450555 0.0006941477 1.6666108e-05 4.3652753e-06 5.787985e-07 1.2734097e-06 4.009255e-05 3.823825e-06 0.003133937 0.81423604 3.4268874e-07 2.4638473e-07 4.4066798e-08 7.8788354e-08 1.0457848e-07 0.106767364 0.183643 2.932554e-07 9.571851e-07 1.2310951e-05 1.5089981e-05 2.8346233e-06 5.940311e-05 9.687747e-09 0.00019268076 1.3306845e-05 1.716481e-06 7.6425344e-08 1.7773391e-07 6.390947e-07 0.00079521956 8.5656836e-08 6.957649e-05 4.0916927e-07 3.7524748e-07 0.030875146 3.5290356e-07 2.1176802e-06 5.813779e-08 3.9195243e-08 4.80407e-08 1.0182741e-06 4.2463613e-05 1.9502686e-07 7.627521e-08 7.170082e-08 2.7198318e-08 1.5983068e-07 2.2907564e-06 1.0617771e-06 0.009753255 5.61975e-07 3.9181438e-07 2.2143645e-08 1.7666546e-08 2.4071753e-08 1.988297e-08 1.8276736e-05 2.1679261e-08 1.5213359e-06 3.042351e-08 5.5277532e-08 3.7795043e-09 9.651013e-08 5.931968e-10 3.9438627e-10 2.664057e-05 1.27851965e-11 1.22659785e-08 1.2976396e-09
0.96413153 0.060261365 0.07894696 0.09979065 0.007750627 0.25002915 0.0027492868 0.39084217 0.83117896 0.0015197975 0.88805187 0.90344745 0.00080316165 0.046596225 0.0039685303 0.025728399 0.00015260382 0.007999564 0.15328553 0.00019055624 0.00057663856 0.7162648 0.68458706 6.094542e-12 0.0013384636 0.94272476 0.016732648 0.00012973137 0.005551239 0.9056093 0.12221803 0.091178484 0.0003213845 0.00041681624 7.1070586e-05 2.973975e-05 4.8032573e-05 3.2074528e-05 5.2150903e-05 0.5140685 0.05933915 2.9774797e-05 1.5663782e-05 8.654479e-08 8.3484133e-07 1.4069595e-05 0.018185277 0.009971962 7.3275436e-07 8.2727965e-05 6.6760374e-05 0.00034878132 4.3976393e-05 2.1684938e-05 7.207871e-08 3.4881994e-06 0.0069928486 6.691191e-06 7.915577e-07 2.5110903e-06 1.33496815e-05 0.01814249 1.16872194e-07 0.0013319306 1.564242e-05 2.1457079e-06 0.2024154 1.9129127e-06 3.689802e-05 1.17396885e-05 1.7714074e-06 3.7064788e-06 0.00033478157 0.00076037354 2.7799598e-07 5.1129376e-07 9.426059e-07 3.1133702e-08 1.3233495e-07 1.0776216e-06 2.9430053e-06 0.05896123 1.7941975e-05 1.6232814e-05 9.023051e-09 3.033347e-06 1.1986919e-05 1.0954459e-08 0.0040665455 4.175726e-05 9.8394536e-05 4.5803503e-07 8.5161565e-07 6.1041933e-06 1.9961835e-06 9.25705e-08 1.8583513e-08 0.0010678702 2.8899342e-07 4.5859692e-06 2.822331e-08
0.10844521 0.10915147 0.0064843637 0.76207167 0.3760752 0.31360045 0.11645907 0.0020527435 0.03295279 0.06461441 0.0053751115 0.014097707 0.4265483 0.6037263 0.023437684 0.02525545 0.0299567 0.95755905 9.023611e-05 0.004477807 0.00059871183 0.011464606 0.010067599 0.0013384636 5.561339e-16 0.0010283769 0.6469331 0.27615544 0.9605588 5.5520853e-05 0.493616 6.7755005e-05 0.9531664 0.11597927 0.00072031334 0.06874353 0.0005682999 0.7058861 0.0010133027 1.141199e-05 8.6781874e-05 2.5235055e-05 3.5956215e-05 1.2639706e-05 9.3613426e-07 1.6665892e-06 0.14256242 0.004012401 3.4597455e-05 0.04220224 0.0005036167 0.00033088913 7.31775e-06 0.0011473763 6.392219e-06 0.07421269 0.00019388019 0.0014133563 4.0576347e-06 2.7132853e-06 1.579188e-06 0.0014791555 8.0888753e-07 0.00026983445 1.9674194e-07 2.2085282e-05 0.0067954445 2.1262522e-06 4.420322e-06 3.4811157e-07 3.032189e-05 2.1227565e-05 2.9629622e-05 0.00076112116 1.2731516e-07 1.2184344e-06 1.8609477e-06 1.2829706e-07 3.8565768e-06 1.3828725e-05 0.00019962848 3.8474354e-05 1.21105795e-05 2.1457959e-06 4.1321673e-08 5.8641174e-08 2.996341e-06 3.879066e-08 0.0002128878 7.140797e-05 2.7746426e-06 8.584836e-08 6.445905e-06 3.0314934e-06 4.1564007e-07 2.2026414e-08 4.3915458e-07 0.0013209147 5.6981015e-08 8.055011e-07 1.6957944e-06
0.9806905 0.1328006 0.10716536 0.1438461 0.011721605 0.30232656 0.0043284395 0.44155255 0.8050374 0.0021451025 0.8596644 0.8341075 0.0020747322 0.035282515 0.007881937 0.03458141 0.00044729604 0.006291163 0.16684906 0.00037998377 0.0011044579 0.6671273 0.5801155 0.94272476 0.0010283769 1.4207677e-13 0.012174339 0.000103783605 0.003658917 0.85061586 0.05326933 0.12162986 0.00012454734 0.0007259044 6.270767e-05 2.8875515e-05 4.3695425e-05 2.6389198e-05 7.727201e-05 0.85935587 0.033240896 0.0001380866 1.1446138e-05 1.6032729e-07 7.745712e-07 6.5057607e-06 0.0045690276 0.0070646554 1.8709254e-06 5.952322e-05 0.00023670797 0.0006376528 3.6256923e-05 1.3835149e-05 1.2196371e-07 8.296205e-07 0.02197862 8.976752e-06 1.4791364e-06 1.7287397e-06 1.3447179e-06 0.033867743 1.8021748e-07 0.002113386 1.2907292e-05 1.3543319e-06 0.40990278 1.0392544e-06 2.3860897e-05 1.2612638e-05 3.6779888e-06 1.7974378e-05 0.0011246256 0.0013226864 1.11899915e-07 3.474608e-07 8.865922e-07 5.2467644e-08 5.5730954e-08 9.700736e-07 3.1041616e-06 0.16899794 2.1023518e-05 1.2031551e-05 1.6701549e-08 1.5065916e-06 7.089607e-05 1.2621136e-08 0.013219596 8.584014e-05 0.00012408273 5.1609425e-07 1.8192109e-06 6.436068e-05 9.2558446e-07 1.00588835e-07 2.4988875e-08 0.0021698873 1.8126195e-06 6.095834e-06 3.6553853e-08
0.019275576 0.10507426 0.012696192 0.36637744 0.038500644 0.43562332 0.008450473 0.01864969 0.26658648 0.0013089409 0.072553046 0.25989726 0.008446211 0.61564124 0.019605463 0.02884509 0.0021967196 0.6756159 0.00083211344 0.00096859416 5.215398e-05 0.18524125 0.4584496 0.016732648 0.6469331 0.012174339 1.7852702e-17 0.0027886624 0.99313265 0.0004789569 0.966558 0.00043303322 0.029325906 6.45468e-05 4.2470674e-06 0.00030455593 3.3692463e-06 0.002199553 5.305823e-06 0.00029232237 0.05083613 1.4115121e-06 1.3942721e-06 2.873678e-07 1.9176232e-08 4.6226205e-08 0.52281624 0.40123376 1.8282741e-06 3.168063e-05 2.1545497e-06 0.00037515713 3.6803396e-08 0.027805183 8.213889e-09 0.10918767 0.00017709698 2.5594392e-07 8.88215e-08 4.6350245e-08 1.951194e-08 0.0020510626 7.65531e-09 0.00021146348 6.583522e-10 5.174836e-09 0.014359515 1.5485758e-08 4.5688264e-08 1.7362471e-10 3.5479218e-06 2.2142106e-06 5.9576658e-05 0.0008535835 6.590381e-10 2.8178312e-10 5.292971e-08 3.8322537e-10 3.7135372e-08 5.691465e-08 1.0591217e-07 0.0006350748 1.5792484e-08 1.8097642e-08 9.886312e-11 2.363939e-10 3.0029534e-07 1.2401326e-10 0.00026844098 2.863851e-05 1.8581492e-08 1.6953035e-09 2.5261599e-08 2.9344338e-07 1.2704075e-08 2.8293565e-10 2.128286e-09 9.778965e-05 1.107833e-07 7.3775737e-09 2.4652835e-09
0.037681665 0.0319476 0.0057720444 0.29995215 0.3704877 0.015991447 0.31918585 0.0009743991 0.0015901465 0.20817432 0.0007326528 0.00030813215 0.7891914 0.045644324 0.061345655 0.02577409 0.13780937 0.15740918 5.9974904e-05 0.037749566 0.027736587 0.00019513021 3.319883e-05 0.00012973137 0.27615544 0.000103783605 0.0027886624 7.9816116e-16 0.012334515 5.5981185e-05 5.5911827e-05 0.00030356855 0.89284164 0.9147263 0.001675628 0.9880801 0.0010542657 0.8890797 0.007448471 1.3053227e-05 1.4003539e-06 5.435474e-05 0.0004500465 0.00023806495 1.5937041e-05 2.2913802e-05 0.00136307 1.0559016e-05 0.00012880148 0.51793313 0.0057391436 0.00097229006 6.977283e-05 9.26553e-06 6.803553e-06 0.00029022072 0.00025671997 0.01431286 8.408424e-06 1.7700286e-05 1.3358448e-06 0.0015855604 2.8299436e-07 0.00016131772 1.1530219e-06 0.00026294304 0.0045803357 1.8079566e-06 1.2477406e-06 4.2652292e-07 1.403526e-05 7.2315233e-06 2.0137011e-05 0.0009619381 1.19130355e-07 5.692711e-07 5.9405625e-06 6.73837e-07 8.2649385e-06 2.332545e-06 9.457142e-05 8.167476e-05 2.5107597e-06 3.546144e-07 1.7071619e-07 3.175763e-08 2.6900054e-07 8.678729e-08 0.00026463432 5.0674e-05 6.218293e-06 1.15189366e-07 3.4328525e-06 7.732298e-06 1.8133277e-07 4.0427715e-08 4.470975e-07 0.001617472 7.736809e-07 1.2817068e-06 5.5242015e-08
0.041700352 0.11790391 0.020359397 0.6091497 0.1632568 0.5593636 0.020965775 0.019762566 0.2079132 0.0074800523 0.03998277 0.19001508 0.050968014 0.70872617 0.013515291 0.025292298 0.004142338 0.8749563 0.0005999902 0.0012536962 8.173032e-05 0.037683092 0.05448453 0.005551239 0.9605588 0.003658917 0.99313265 0.012334515 1.0360972e-16 0.00021586755 0.870351 8.890358e-05 0.2122234 0.00032491246 4.7247663e-06 0.0014090549 4.3677196e-06 0.030321715 1.956114e-05 1.7687596e-05 0.0013711292 2.9696796e-06 8.679966e-07 3.4142197e-06 9.287677e-09 5.7346483e-08 0.5265571 0.10383904 1.2838116e-05 0.0013188347 1.6701095e-05 0.0010231199 1.04230594e-07 0.027618812 2.1778698e-07 0.31210226 0.00047498973 5.1400452e-06 3.813326e-06 1.2267371e-06 1.5866569e-07 0.0031185052 5.183027e-08 0.00038417536 4.0239985e-09 2.654721e-07 0.014604889 8.839615e-07 1.9653567e-07 2.9663747e-09 2.6740172e-05 0.00012524592 0.00015547156 0.0013374831 2.0216382e-09 2.8690515e-08 5.8943268e-08 6.2958256e-09 7.527953e-08 5.855855e-07 1.4759235e-06 0.00035774676 1.3622966e-07 1.9161654e-07 1.4385604e-09 1.7132011e-09 3.893953e-07 2.4402022e-10 0.0002506222 2.8442757e-05 1.9162478e-07 5.4238978e-08 7.0560225e-07 3.9004967e-06 3.135086e-07 7.224798e-09 1.3260509e-08 0.0012013557 2.62637e-08 3.7393926e-07 1.8107027e-09
0.8635409 0.0045206184 0.020874405 0.0059804246 0.0015337814 0.0036091814 0.0045007593 0.3765833 0.22825533 0.0005346298 0.719271 0.70563996 0.00025673685 0.00079660217 0.0020712428 0.01323455 0.0010450627 0.0003516094 0.1714501 0.0010468228 0.00045231215 0.52749074 0.055516608 0.9056093 5.5520853e-05 0.85061586 0.0004789569 5.5981185e-05 0.00021586755 1.6739091e-11 0.002474837 0.06568597 7.542929e-06 4.0399485e-05 0.0003087516 3.2402281e-06 1.982924e-05 6.954335e-06 1.0610548e-05 0.98145455 0.016559279 0.00041064108 0.00021259057 5.354873e-06 3.765757e-07 2.9008968e-05 0.0010630507 0.00093033025 8.426575e-06 8.435713e-05 3.162985e-05 0.0004553437 9.883222e-05 2.4143521e-05 1.8323743e-06 2.653552e-07 0.010633393 6.701533e-05 8.234203e-07 4.5666027e-05 5.5096825e-05 0.01451049 2.367468e-06 0.0013636427 1.0439319e-06 5.8949513e-06 0.06385179 6.7680767e-06 2.7250364e-05 6.6177694e-07 8.070386e-06 1.1887512e-05 0.00061074697 0.0004350412 2.1299572e-07 3.6119735e-07 1.3732105e-05 7.1633525e-07 1.6046513e-05 8.363112e-06 4.803383e-06 0.5151243 7.944357e-06 6.27511e-05 1.4594242e-08 7.130124e-06 8.343583e-05 2.4917721e-08 0.008607116 3.2066773e-06 0.0003533872 7.385303e-07 1.252308e-07 3.041813e-07 6.3512866e-06 3.508107e-09 3.5229505e-10 0.00070323964 3.777042e-08 1.2218612e-06 2.1711144e-10
0.08068125 0.015945002 0.011228616 0.073656484 0.007079969 0.32755148 0.0004512972 0.02637965 0.49005505 0.00012200088 0.1672406 0.80712765 0.0010238246 0.56663436 0.001706559 0.0032969282 8.464999e-05 0.72011846 3.0460107e-05 5.4235825e-06 4.9414386e-05 0.48917168 0.9650054 0.12221803 0.493616 0.05326933 0.966558 5.5911827e-05 0.870351 0.002474837 1.4551067e-17 0.00010107016 0.006183721 8.1730555e-05 4.165357e-07 2.2552122e-07 6.780616e-08 1.9299716e-05 6.786584e-07 9.816967e-05 0.7425988 1.0201258e-06 2.5960776e-07 4.131381e-07 9.255032e-09 1.5928007e-08 0.5860033 0.6897021 9.627081e-07 1.8187511e-06 1.6670424e-06 1.70208e-05 2.1050339e-07 0.015099037 5.6106167e-08 0.11084358 0.00012788168 1.3617888e-05 8.055514e-08 3.1622477e-08 3.293552e-08 0.00023596147 5.713141e-08 6.2258616e-05 1.826228e-08 3.86311e-08 0.0077633513 3.3894853e-08 5.808063e-07 9.4217985e-09 7.2630974e-07 1.5829872e-07 1.0788756e-05 0.0002257613 6.0261907e-09 1.8536208e-09 6.2679234e-08 5.0143694e-09 1.1328895e-07 1.4720304e-07 8.980527e-08 0.0009541011 2.878783e-07 6.862481e-08 7.925839e-10 6.5873146e-10 4.68503e-08 4.0537937e-10 8.547585e-06 7.645115e-08 8.836134e-07 3.6295875e-09 2.4528213e-09 1.2134591e-09 7.477541e-07 2.811904e-10 1.466413e-09 3.0503784e-06 3.082987e-10 6.400441e-08 3.205555e-10
