3.0372592e-20 0.952498 0.92886096 0.9917509 0.9529609 0.94805634 0.9931037 0.6156987 0.9468009 0.82317096 0.9553671 0.99539846 0.8968132 0.5559833 0.57335514 0.8675972 0.99490744 0.9290364 0.929347 0.3537414 0.9390309 0.99618655 0.6962167 0.9313208 0.30007893 0.962646 0.11751679 0.17383067 0.75978863 0.9897874 0.05599498 0.892732 0.9759383 0.87919056 0.44025302 0.98934335 0.033222303 0.3745277 0.92079777 0.48659232 0.029244814 0.9399802 0.40503767 0.078067094 0.9194277 0.8598388 0.074697055 0.87535715 0.12390567 0.039534133 0.9853634 0.89374804 0.019203935 0.5363855 0.17854787 0.9614257 0.99837744 0.80970025 0.061467845 0.9634704 0.05809701 0.78314257 0.9529114 0.95191956 0.006779518 0.82354945 0.9961983 0.12748495 0.35283297 0.91086316 0.00951563 0.34109664 0.7451262 0.02059678 0.007681318 0.010164943 0.9998735 0.005761142 0.023766786 0.011536996 0.0012190668 0.7758092 0.0003591324 0.00038984587 0.009405152 0.78628933 0.9900027 0.0009913845 2.952602e-05 0.003491403 0.07848701 0.98044735 0.9575755 0.0025867152 0.00049591594 0.9979238 0.8294146 1.5309555e-05 0.99999774 0.9717146 8.360528e-06
0.952498 9.251382e-16 0.88282096 0.94619894 0.715597 0.91112816 0.84061426 0.8008354 0.848736 0.10770287 0.15838881 0.029191712 0.008672195 0.8006507 0.28659752 0.014029012 0.029946223 0.18287525 0.0025063728 0.0558387 0.1209783 0.0024085364 0.009767837 0.03161888 0.46285963 0.0038818642 0.03321748 0.017815055 4.1402756e-05 0.013495977 0.009448853 0.18899071 0.00036799657 0.0025120904 0.012903719 0.18891396 0.09154995 5.523669e-06 0.00037669018 0.00074053084 0.0001174273 0.033513952 0.0061362614 0.034753945 0.00013539742 0.0005648244 0.020240115 8.28067e-06 0.00033127182 0.008092529 0.00063417247 0.010106313 2.0614832e-06 0.14925121 0.00077732967 0.00771104 0.09681193 5.3351533e-07 1.7692673e-05 0.007207182 1.3928917e-07 2.7484227e-06 0.0017700817 9.90438e-06 0.00018297743 0.0017132531 0.00039826005 5.1351994e-06 2.9485003e-08 0.00012409253 1.2148104e-05 5.3507324e-06 1.2360945e-06 0.05366746 0.00065810746 0.013013174 0.019622091 0.02242899 1.4785261e-09 2.7692627e-06 6.215233e-08 5.396082e-05 1.3432491e-08 0.00047191104 1.5649387e-07 9.817541e-10 0.0062911697 1.8607915e-08 0.000110659275 0.00034066042 2.6764749e-08 0.010886516 0.006196337 9.5875315e-08 0.0032361844 2.0532505e-06 5.5722503e-06 0.00045270266 0.012604214 1.2012265e-07 0.00033180427
0.92886096 0.88282096 9.060476e-16 0.6298337 0.97239 0.84244055 0.9077881 0.08097409 0.24190299 0.74276114 0.6779978 0.33446306 0.17850104 0.09780592 0.009528453 0.20460533 0.0026739826 0.0047348053 0.014702671 0.0021411302 0.35009658 0.010990306 0.0003229197 0.0011546914 0.09337873 0.11989372 0.0011307757 0.11015626 0.0017311082 0.0005169031 0.038363446 0.042852573 0.0027978877 0.00015438691 0.058237556 0.05189694 0.014701943 0.0003427872 1.3208888e-06 1.8174256e-05 0.001958323 0.012687036 0.00013569125 0.00071097334 5.8877317e-06 7.1855975e-05 0.0015506207 3.1387776e-07 7.928757e-06 0.019699624 0.0025342982 0.011428715 0.00011402629 0.06531743 0.015366826 0.0005584135 0.04863765 7.5910015e-05 1.7009434e-06 0.008432545 1.3562792e-05 3.8229e-07 0.003443603 0.00039348824 6.248763e-07 0.00015525124 0.0017486649 4.2049378e-05 5.6992393e-09 6.7073997e-06 6.9824154e-07 0.00013671063 3.0517358e-05 0.013179226 2.5515783e-06 0.015446725 0.029746864 0.0019008244 3.1248817e-08 1.3098305e-07 2.3049006e-07 9.554631e-07 4.767539e-08 2.4364124e-06 1.6692312e-08 6.283976e-08 0.00047468566 7.5026236e-08 1.4877293e-06 0.0033814225 2.2848423e-09 0.002373632 0.0028938896 5.5238534e-08 0.002280975 8.4678284e-08 4.872383e-07 0.00024448734 0.010630863 2.749201e-08 0.00017404814
0.9917509 0.94619894 0.6298337 4.3768524e-11 0.4681438 0.8618858 0.8079312 0.4864896 0.69071496 0.029714264 0.23752473 0.0148167135 0.0030016194 0.63235027 0.26951316 0.0046192636 0.056024984 0.06226729 0.0016108764 0.022923421 0.6972054 0.0008366259 0.0046904106 0.02406647 0.537422 0.0084644705 0.007438526 0.00640249 5.812147e-05 0.009144049 0.002078725 0.14944735 0.00040317027 0.0011521213 0.017410554 0.18365699 0.16377893 3.9911723e-05 0.00016166315 0.00044639522 0.00042448792 0.021337945 0.01325474 0.014349298 6.4056534e-05 0.00028816302 0.025837585 4.032487e-06 0.0003478234 0.04806448 0.0002085147 0.009475307 6.220384e-05 0.79991275 0.011492773 0.0027897984 0.084642656 1.0836179e-05 6.7494264e-05 0.0060314676 2.0526315e-06 4.249126e-06 0.0005809404 1.6371274e-05 0.00011826118 0.00048227995 0.00023293505 2.9488676e-05 1.8890155e-06 6.173789e-05 0.000113408234 1.1293889e-05 5.602487e-07 0.22782996 0.0008033386 0.10426657 0.032875836 0.054071926 7.166103e-08 1.1324229e-05 2.7545275e-07 1.6432998e-05 8.12421e-06 0.00035975283 1.0141548e-05 1.6527983e-08 0.0031045955 1.9014169e-07 0.0004481808 0.00031772204 3.6368502e-07 0.0073077045 0.0028146787 2.2781508e-06 0.0020521758 3.232583e-06 6.145695e-06 0.0003464718 0.021332126 6.972042e-07 0.00025732664
0.9529609 0.715597 0.97239 0.4681438 2.978892e-14 0.6754621 0.9415963 0.051190767 0.14480835 0.7602706 0.6511952 0.37589327 0.2732941 0.06996551 0.010767302 0.26763394 0.0010902678 0.004583823 0.01821738 0.00063595304 0.4736368 0.011780075 7.061045e-05 0.0006101505 0.041467737 0.3123873 0.00047807867 0.15181984 0.0014809875 8.6924e-05 0.035914656 0.025130935 0.001965191 2.8362578e-05 0.11985868 0.0564262 0.007112124 0.0001440699 1.6217015e-07 7.77297e-06 0.001840061 0.01115955 7.384959e-05 0.00040400968 1.0269283e-06 3.1199135e-05 0.0005624262 5.9210095e-08 1.0059527e-05 0.032912128 0.0014636959 0.010412217 0.000120996985 0.08291627 0.02365385 0.00025666316 0.041750845 9.837595e-05 4.073578e-06 0.0087272255 4.4334683e-06 2.22651e-07 0.0013527321 0.00012092466 9.253489e-07 7.48654e-05 0.00078633585 7.036468e-05 1.7384227e-08 3.3678714e-06 1.3626129e-06 0.00015811413 8.078186e-06 0.0045889732 1.0780585e-06 0.014165394 0.034389988 0.00026925682 4.2141167e-08 4.524204e-07 3.5858068e-07 5.295059e-07 1.0802933e-07 1.9478457e-06 3.2351562e-07 3.4966206e-07 0.00035951138 2.1745244e-07 3.214571e-06 0.0009978964 1.5073317e-08 0.0016824149 0.0018606278 3.0847153e-07 0.0016658665 6.635629e-07 2.046258e-06 2.8573364e-05 0.011949113 4.101121e-08 2.2468423e-05
0.94805634 0.91112816 0.84244055 0.8618858 0.6754621 9.588266e-15 0.36164472 0.27492929 0.04313377 0.20482126 0.8037411 0.13292043 0.020138524 0.6905519 0.07219942 0.008450195 0.0109652225 0.0070444085 0.002488442 0.0024332164 0.9420296 0.0009219417 0.0005566504 0.0066684117 0.8917445 0.05088074 0.001999234 0.15644485 0.00013969514 0.0023029903 0.036496468 0.01931508 0.00040677108 0.00029354487 0.13352923 0.04108561 0.30797803 4.195865e-05 2.4097835e-07 1.5624335e-05 0.00042649207 0.0023635293 0.00042964733 0.003296354 4.371487e-06 5.4893382e-05 0.017774072 1.9844373e-07 0.00017792919 0.28128225 0.0011168494 0.0012275489 7.136467e-05 0.6899207 0.08221215 0.0010426386 0.026704157 7.6242627e-06 7.614501e-05 0.0008823832 1.3263022e-05 1.8364294e-06 0.0011763545 5.1476072e-05 0.00010773875 0.00020277506 0.0002026848 0.000121209494 4.2117807e-07 4.9736023e-05 0.0001622476 8.134959e-05 1.8155875e-05 0.32201365 0.0007846855 0.31688586 0.004251623 0.10086847 1.1961316e-07 8.710487e-06 2.3775794e-06 6.449733e-05 3.043934e-07 0.00095634564 9.513669e-07 6.8721965e-07 0.00046987896 1.710665e-06 0.0004725357 0.049953643 4.290458e-07 0.0012953202 0.00041678466 4.6801315e-06 0.06208611 6.3402244e-06 1.0908334e-05 0.0113199325 0.0051424336 1.0134418e-06 0.0046356204
0.9931037 0.84061426 0.9077881 0.8079312 0.9415963 0.36164472 7.28608e-15 0.09712036 0.8297302 0.44383922 0.125073 0.35491216 0.056693796 0.04873921 0.013441207 0.22790307 0.012767715 0.14230023 0.018136607 0.0058461158 0.046550665 0.019671187 0.00034444124 0.010202203 0.024817675 0.015802393 0.0017496633 0.030623557 0.0006921408 0.0020539644 0.007916677 0.55287135 0.0011671516 0.0004790775 0.0077634505 0.21318494 0.0031735713 3.9748957e-05 1.9791144e-06 3.0354062e-05 0.000501188 0.15467672 4.6371053e-05 0.00072693423 2.7305005e-06 0.00015220021 0.0004451165 3.5831542e-07 7.124853e-05 0.0039301086 0.0018917308 0.11162867 1.2485243e-05 0.011498984 0.0012399702 0.0018687571 0.18511632 0.00010921519 5.142144e-06 0.056320988 2.2484853e-06 1.9142797e-06 0.0015197481 0.00012639361 3.6590195e-06 0.00063443347 0.0011226453 1.2858394e-05 1.0530099e-08 2.1213418e-05 5.2967835e-06 0.00016360232 2.271039e-05 0.00020447597 3.8896756e-06 0.002871235 0.09334479 3.6783273e-05 7.821385e-08 1.9907502e-06 2.47024e-07 1.4311836e-05 1.6057213e-07 1.3995315e-06 4.575801e-07 7.254369e-07 0.0022091286 1.4353573e-06 1.00407114e-07 5.502998e-05 9.486285e-08 0.0068753078 0.011741867 4.879223e-07 0.00045737333 3.7836687e-06 1.0437931e-05 1.5533727e-06 0.06886963 7.8607815e-07 5.1007527e-07
0.6156987 0.8008354 0.08097409 0.4864896 0.051190767 0.27492929 0.09712036 4.677156e-15 0.78796285 0.0002523656 0.002797138 0.00034332095 6.9241974e-06 0.9119811 0.9384968 0.00018112062 0.933951 0.5454105 0.00028072315 0.7861172 0.01769853 8.4207866e-05 0.27922237 0.41767907 0.5256954 4.755261e-06 0.5395906 0.0002564058 1.04607004e-07 0.082146674 0.00012620982 0.06752049 5.105408e-06 0.034569945 0.0010154812 0.16593263 0.30070132 3.3076464e-07 0.008398876 0.01826116 5.5872533e-07 0.008940007 0.39362338 0.48090938 0.0007128393 0.0055674193 0.42598185 0.0004354357 0.02571578 0.0022146078 3.646133e-05 0.0016381817 2.6890925e-07 0.29612833 2.727803e-05 0.015020355 0.018106762 1.0575009e-07 0.007250839 0.0013430642 1.4985392e-07 9.079626e-05 0.00011391944 6.681817e-06 0.031663686 0.0047195745 3.234373e-05 1.2884197e-05 6.266573e-06 0.0003850689 0.014912231 3.2482228e-06 7.7583167e-07 0.33783394 0.066615805 0.029058894 0.0023429208 0.26071092 1.1387446e-08 1.4211447e-05 1.8459586e-08 0.00067447586 0.0007312758 0.01306656 8.3807245e-06 2.724089e-08 0.002509958 1.5163394e-07 0.0024714621 1.0037863e-06 8.796737e-08 0.0039061664 0.0042802417 4.3421547e-05 0.0004181275 9.922547e-05 0.00019330083 0.0019051144 0.0023162544 1.6048049e-06 0.0018019896
0.9468009 0.848736 0.24190299 0.69071496 0.14480835 0.04313377 0.8297302 0.78796285 5.0196196e-14 0.0022163298 0.0020174764 0.0028331098 0.00016082401 0.25902107 0.30957118 0.0038019712 0.8370312 0.94512886 0.0012928859 0.28808036 0.0034449843 0.00059825496 0.04614826 0.41406605 0.064316094 0.00015641026 0.06282199 0.0010695859 7.4445015e-06 0.09013728 0.000488574 0.88850164 7.533774e-05 0.03290972 0.00014864671 0.6379277 0.012018398 5.0157737e-06 0.0038808722 0.003907388 5.2339383e-05 0.13026576 0.0070381667 0.012908056 0.0015574729 0.0042460696 0.0052241273 0.00012574284 0.0012916862 0.00034140554 0.00028463991 0.01879166 1.2289561e-06 0.008785216 1.5903986e-05 0.015852837 0.17365998 7.2190987e-06 0.00012901674 0.010968809 5.417082e-07 8.086291e-05 0.00065365055 4.918228e-05 8.265541e-05 0.0070525287 0.00018873949 3.749615e-06 1.556864e-06 0.0004462424 0.00011639818 4.2425603e-05 7.2634616e-06 0.0064765736 9.493097e-05 0.0026490465 0.013645703 0.007493726 8.475827e-08 7.3034396e-05 1.0892439e-07 0.0001311241 2.0385185e-07 0.0002827164 6.017029e-06 4.6872287e-08 0.010090005 2.1096916e-06 1.501963e-05 4.350501e-06 7.278679e-07 0.013687704 0.012115183 3.0256217e-06 7.139947e-05 5.22702e-05 3.0764746e-05 6.744221e-05 0.042309806 1.5568862e-06 9.2767805e-05
0.82317096 0.10770287 0.74276114 0.029714264 0.7602706 0.20482126 0.44383922 0.0002523656 0.0022163298 3.9765054e-19 0.9398269 0.78706974 0.9733974 0.00082917884 8.0235855e-05 0.8618042 0.0001522426 0.00016642435 0.36362493 1.0191081e-05 0.07400113 0.07971424 1.0442666e-06 6.731703e-05 0.0028279782 0.5888019 8.807449e-06 0.4665283 0.044584867 5.2371915e-06 0.2861171 0.008669941 0.016252132 1.1784833e-06 0.2520096 0.0035345447 0.0015140809 0.0047057965 1.7850502e-08 8.810104e-08 0.019239062 0.005802173 2.7143062e-07 9.748824e-07 1.6440491e-07 5.3294198e-06 9.4263605e-06 1.0263672e-08 8.663145e-07 0.03425234 0.007607254 0.022862138 0.0007058833 0.0037180502 0.043517265 6.743494e-05 0.007829655 0.00031079949 2.3086227e-07 0.0062582875 0.00019042597 3.2083122e-07 0.0041897413 0.00038151813 5.1704114e-07 1.395043e-05 0.0009733347 0.0008591066 8.06533e-10 1.9742038e-06 1.613767e-07 0.0005325292 0.00015634016 1.8159253e-05 3.2944305e-07 0.0046316567 0.02485357 1.2106769e-05 3.3188842e-06 5.3806417e-08 2.0187948e-05 2.1159933e-07 3.1548572e-07 1.516656e-07 7.963771e-09 2.0855923e-06 6.1013387e-05 6.3555644e-06 1.5507833e-07 0.0041505173 2.0761044e-08 0.00057250814 0.0007255819 9.637088e-08 0.0015970354 2.2360505e-06 3.551664e-07 1.8403989e-06 0.002939118 5.0435733e-07 9.925518e-07
0.9553671 0.15838881 0.6779978 0.23752473 0.6511952 0.8037411 0.125073 0.002797138 0.0020174764 0.9398269 6.812618e-17 0.84307975 0.6652038 0.007269391 0.0017510988 0.15334052 0.0001883333 0.00043063145 0.03698618 2.3045379e-05 0.86136335 0.0056506707 4.072118e-06 0.00011986628 0.022220202 0.8901432 3.063505e-05 0.867332 0.005904852 2.3710685e-05 0.54627556 0.0052879816 0.005851088 2.698432e-06 0.7062934 0.008809752 0.017343147 0.00071766565 2.139144e-09 9.1605166e-08 0.03466713 0.0013636199 1.5631429e-05 3.3495704e-05 2.4972567e-07 2.5981099e-06 0.00021653889 1.0713953e-08 4.056408e-06 0.35148147 0.0050832788 0.002672861 0.0005513299 0.105742946 0.29031023 5.6130175e-05 0.010481124 6.596013e-05 2.0462776e-06 0.001084319 9.056441e-05 1.6428767e-07 0.0043785595 0.00016615554 6.644795e-06 8.208632e-06 0.0003637662 0.0013251164 4.5307624e-09 6.8880136e-06 1.2064395e-06 0.00026355256 0.00010248473 0.011656248 1.1683999e-05 0.10019524 0.011074564 0.0014558351 8.589913e-08 3.69096e-07 1.2154204e-06 2.3959826e-06 5.6378532e-08 4.3538585e-06 2.1896394e-08 2.8734752e-07 5.8008893e-05 5.373809e-07 2.1042312e-07 0.06689114 1.6026837e-08 0.0008085814 0.00027795744 5.6773024e-07 0.032924324 9.126854e-07 2.22615e-06 0.0005757613 0.0065576816 1.2051646e-07 0.00027196453
0.99539846 0.029191712 0.33446306 0.0148167135 0.37589327 0.13292043 0.35491216 0.00034332095 0.0028331098 0.78706974 0.84307975 1.0398241e-14 0.80692315 0.0020040895 0.00018809513 0.92707723 0.00014573132 0.0001558846 0.49321005 2.1496578e-05 0.4564802 0.23585127 8.298022e-06 1.9650213e-05 0.007295769 0.84126973 2.0761136e-05 0.5143819 0.09624168 1.0834794e-05 0.29472935 0.027317902 0.2065998 1.736582e-06 0.6462009 0.0051276954 0.0017590795 0.016800947 1.7262708e-07 5.340835e-07 0.009780892 0.024246126 2.5500129e-05 1.9402989e-05 3.3980476e-07 9.761611e-06 0.00010307362 3.3990997e-08 1.3368765e-05 0.26680133 0.0149041405 0.11724175 0.00051308697 0.08611897 0.5749043 0.00016556903 0.013810078 0.0038589353 1.2911441e-05 0.0412856 0.00017444514 5.4696585e-07 0.011504074 0.0007408805 5.121305e-06 4.332781e-05 0.0019374867 0.029467894 6.48955e-08 4.1835765e-06 2.5632364e-06 0.00027106784 8.2913095e-05 0.0007205171 3.5717642e-06 0.014285825 0.1355345 7.282394e-05 2.3861342e-06 1.0565307e-06 3.6089405e-05 3.4431588e-07 1.0457778e-05 2.265239e-06 1.546523e-06 6.5704924e-05 0.00013298454 5.131423e-05 1.013854e-05 0.006223063 8.042987e-08 0.0006641334 0.0013627788 1.685155e-05 0.006150591 1.4377191e-06 6.886118e-07 5.596306e-06 0.035086375 5.379983e-07 2.3282755e-06
0.8968132 0.008672195 0.17850104 0.0030016194 0.2732941 0.020138524 0.056693796 6.9241974e-06 0.00016082401 0.9733974 0.6652038 0.80692315 8.6952705e-18 2.5681753e-05 1.10784995e-05 0.9421736 1.5504254e-05 2.6779191e-05 0.67936635 7.1152164e-07 0.012998501 0.30447885 1.7702952e-07 5.563839e-06 7.750582e-05 0.8092337 9.61133e-07 0.5681463 0.4931684 2.3503337e-07 0.41630065 0.0024421574 0.31201738 2.3257132e-07 0.26208225 0.0008667117 0.00055049796 0.13813534 1.4325666e-09 1.8254795e-08 0.28224304 0.0059285136 4.467282e-08 2.4248442e-07 9.610087e-08 8.218047e-06 1.3236404e-06 3.2876322e-09 4.989827e-07 0.010082347 0.0553529 0.01996553 0.01746057 0.00015907637 0.017722744 2.8498346e-06 0.004694535 0.011459005 3.09577e-07 0.0056622005 0.0042769164 1.2257496e-07 0.022519467 0.0060241637 4.3368738e-07 3.2135536e-06 0.0047068247 0.0068691606 5.91905e-10 7.867449e-07 9.35758e-08 0.008264221 0.0012729557 4.8191646e-07 2.4287763e-07 0.00018686609 0.031544313 1.075398e-06 3.942985e-05 7.1472925e-08 0.00012100853 6.333347e-08 1.0277251e-07 1.4116313e-07 1.3089533e-08 0.000101793725 1.2751966e-05 4.9341448e-05 5.3437404e-08 0.000761461 2.8380882e-08 0.00017426923 0.00023826347 4.573744e-08 0.00062726904 2.063442e-06 3.2232015e-07 9.284174e-08 0.0033800006 7.290843e-07 1.2421609e-07
0.5559833 0.8006507 0.09780592 0.63235027 0.06996551 0.6905519 0.04873921 0.9119811 0.25902107 0.00082917884 0.007269391 0.0020040895 2.5681753e-05 7.379556e-17 0.5609769 0.00026224632 0.81180656 0.074817255 0.00021019479 0.036996014 0.041622125 4.4737815e-05 0.0062155747 0.060941957 0.9869388 3.3671838e-06 0.03842928 0.00050247635 6.2612806e-08 0.030482909 0.00051105913 0.018136512 2.0034959e-06 0.0014154207 0.0023128386 0.041403383 0.6902041 6.1145926e-08 2.013872e-05 0.0002749592 2.9015316e-06 0.0011760297 0.03954557 0.30027354 6.2859244e-06 0.000101337704 0.47647807 1.241728e-06 0.0017054046 0.013310318 5.830645e-05 0.00019894085 2.1743148e-07 0.56129974 0.0006687967 0.0014026321 0.005952473 8.4835904e-08 0.0003678175 0.00015236113 1.3486999e-07 5.8925826e-07 7.86853e-05 5.4042926e-06 0.017395698 0.00013014128 9.358169e-06 3.9292576e-05 4.3108106e-08 2.8980761e-05 0.00052896456 3.4388554e-06 2.0163654e-06 0.4608877 0.049430545 0.08018185 0.00018707024 0.39967477 5.0936357e-09 7.229057e-07 8.447949e-09 1.9587796e-05 0.00020331203 0.01456508 4.661596e-08 1.0622596e-07 0.00028057702 4.3708773e-08 0.004317135 0.0001294707 5.3855267e-09 0.0008371404 0.00022774124 2.0434218e-05 0.005488198 6.11945e-07 8.922473e-07 0.0076658837 0.0016061333 2.0727452e-08 0.0064952974
0.57335514 0.28659752 0.009528453 0.26951316 0.010767302 0.07219942 0.013441207 0.9384968 0.30957118 8.0235855e-05 0.0017510988 0.00018809513 1.10784995e-05 0.5609769 4.5530142e-14 7.6091506e-05 0.89373213 0.3076141 0.00023319578 0.77420896 0.03383139 6.583306e-05 0.38689998 0.40704143 0.49955449 2.6042433e-05 0.7075657 6.727949e-05 7.0172814e-07 0.17501426 0.00011440894 0.016361224 1.1675466e-05 0.0159825 0.001628469 0.07205407 0.46529973 3.0110332e-06 0.016250808 0.036366545 1.2999056e-06 0.0024159804 0.8297369 0.8398473 0.00048683284 0.0062610926 0.78024644 0.0003284062 0.059131924 0.0028044498 2.6258305e-05 0.0002615789 1.9297333e-06 0.44179633 0.000412195 0.0076011363 0.005925004 4.3890125e-07 0.03734641 0.00066704885 1.2668675e-06 0.00010583702 7.957471e-05 6.82535e-06 0.24107529 0.00083550805 1.1677138e-05 0.0021851705 0.00047168048 0.00019779502 0.15924257 1.0655689e-06 1.8128876e-06 0.5701214 0.41498485 0.013330975 0.0009606341 0.58792615 3.0966885e-07 3.9527138e-05 1.562873e-07 0.00017502706 0.0117678465 0.06339073 2.444781e-05 1.7028187e-07 0.0017692929 2.7107972e-06 0.012939264 1.010813e-05 1.5214172e-06 0.0027025142 0.000913116 0.0005936766 0.00064379745 6.793436e-05 5.2872525e-05 0.003473946 0.0025300612 5.4797947e-06 0.004132237
0.8675972 0.014029012 0.20460533 0.0046192636 0.26763394 0.008450195 0.22790307 0.00018112062 0.0038019712 0.8618042 0.15334052 0.92707723 0.9421736 0.00026224632 7.6091506e-05 2.0562133e-17 0.00016304922 0.0005513806 0.9328038 2.6771493e-06 0.0038536247 0.62149453 8.1729456e-07 0.00014030811 0.00019564935 0.4482731 3.2947714e-06 0.17118455 0.2287151 1.1937817e-05 0.1064833 0.024055302 0.25087905 8.106e-06 0.041895032 0.0038712982 0.00028476183 0.06707267 1.3006206e-07 6.038773e-07 0.08118761 0.03758256 6.7734945e-08 3.5577628e-07 2.6823984e-06 6.676541e-05 1.9705772e-06 2.4767198e-07 6.0522814e-07 0.0015969997 0.093233705 0.17924586 0.0073583536 0.00013144988 0.0037976154 0.0001977094 0.0094720125 0.03528601 4.305222e-07 0.05334883 0.0034746085 1.8785462e-07 0.025007622 0.019618155 8.391325e-07 4.993821e-05 0.017028669 0.002764288 3.0582963e-09 1.1991308e-05 2.5886732e-07 0.0063364953 0.0014483647 1.2551105e-07 7.147862e-07 0.00013790486 0.11339092 2.683093e-07 8.526055e-05 8.814138e-08 0.00010969797 5.1544595e-07 1.2795323e-07 2.946482e-08 1.3160326e-08 0.0006069672 9.978688e-05 0.00020969825 4.7753474e-08 0.00036426866 4.4979394e-09 0.00052411016 0.001494523 5.5360985e-08 0.00046527674 5.321746e-06 6.2273574e-07 3.3548627e-08 0.008097525 8.95704e-06 1.7587269e-08
0.99490744 0.029946223 0.0026739826 0.056024984 0.0010902678 0.0109652225 0.012767715 0.933951 0.8370312 0.0001522426 0.0001883333 0.00014573132 1.5504254e-05 0.81180656 0.89373213 0.00016304922 2.4170943e-12 0.48200876 0.000112898895 0.3045647 0.004556817 8.956292e-05 0.20129165 0.094925635 0.30429408 3.5255813e-05 0.17944214 0.00015437043 4.2159386e-06 0.031927403 0.0001227135 0.18203992 1.2184501e-05 0.0130370725 4.9767288e-05 0.27369398 0.32846078 9.987794e-06 0.0014483812 0.0018810796 8.161621e-05 0.025809573 0.1300853 0.31707847 0.00062501756 0.0011316963 0.45591003 0.00018079652 0.0010898701 0.00010003738 4.0911855e-05 0.0065998267 1.1022823e-05 0.16418843 2.0835654e-05 0.014614224 0.06301591 4.7022054e-06 0.00062211725 0.0032260788 8.4664e-06 0.00011422688 0.00028364052 4.248269e-05 0.0021779563 0.005644342 3.4711607e-05 1.3086269e-05 1.2823689e-05 0.0002829211 0.002309353 4.6074015e-06 1.9312815e-06 0.10358261 0.006574793 0.00038570346 0.0049190796 0.039251488 2.873275e-07 8.517668e-05 3.6097458e-07 0.00028830624 0.0003608381 0.00095494214 4.9591614e-05 9.65812e-08 0.00735929 3.7229785e-07 0.0002781478 5.366864e-07 1.4738004e-05 0.007935885 0.006994746 9.758647e-05 3.203314e-05 7.5767755e-05 0.00012045793 8.835974e-05 0.016693221 2.2400534e-05 0.000101347374
0.9290364 0.18287525 0.0047348053 0.06226729 0.004583823 0.0070444085 0.14230023 0.5454105 0.94512886 0.00016642435 0.00043063145 0.0001558846 2.6779191e-05 0.074817255 0.3076141 0.0005513806 0.48200876 1.2600833e-16 0.0002958136 0.68946683 0.00045096638 0.0004794242 0.38016742 0.9435817 0.008011123 8.799307e-06 0.3719081 2.1563104e-05 3.4514505e-07 0.36514893 2.053935e-05 0.5968597 5.8542882e-06 0.5186713 6.1102737e-06 0.6351305 0.010341416 1.0916291e-06 0.14158987 0.057130184 2.6471164e-07 0.087150514 0.13838805 0.07734548 0.16001116 0.103265196 0.019825727 0.029686289 0.013452569 1.5088672e-05 1.7076487e-05 0.015301902 2.0252786e-08 0.0030755715 1.6074795e-06 0.15325898 0.1196597 6.735608e-07 0.00097352045 0.008094547 7.066989e-08 0.0027949715 6.240425e-05 2.8747952e-06 0.00057020894 0.06381335 0.0001689499 7.936614e-07 4.728735e-05 0.0050286083 0.0005685813 4.074808e-07 1.5883025e-07 0.0005849259 0.00016892236 0.00015708743 0.016240187 0.0020630024 3.6291998e-09 0.00027096368 4.521896e-09 0.000747253 5.4465236e-06 0.0001141906 8.281282e-05 1.7005976e-10 0.021367274 1.3418382e-08 4.1276967e-06 1.0567649e-07 3.0829876e-06 0.039306886 0.05605828 4.111479e-06 5.8848855e-06 0.00017058072 0.0005981312 7.5094783e-07 0.044976182 7.752101e-06 1.8945161e-06
0.929347 0.0025063728 0.014702671 0.0016108764 0.01821738 0.002488442 0.018136607 0.00028072315 0.0012928859 0.36362493 0.03698618 0.49321005 0.67936635 0.00021019479 0.00023319578 0.9328038 0.000112898895 0.0002958136 4.1878264e-16 7.3517517e-06 0.0009490631 0.9708127 3.7291559e-06 5.561837e-05 0.0001960143 0.510021 9.186676e-06 0.091252014 0.44264004 3.9080323e-06 0.0709722 0.019615175 0.80983514 6.6889966e-06 0.05674275 0.002754168 0.0006237718 0.15747316 6.544853e-08 1.4056725e-06 0.054915212 0.026259689 7.569563e-08 1.996454e-06 7.995902e-07 6.2698105e-05 3.3733359e-06 1.625105e-08 4.143137e-06 0.0008720466 0.10554681 0.155223 0.009759438 0.00020447638 0.0025014046 0.00013829471 0.011286387 0.16791186 7.1132763e-07 0.06008615 0.015219927 1.5840699e-07 0.035363104 0.083798856 1.0355255e-06 7.9337915e-05 0.037554666 0.00719469 1.6856603e-08 1.5419371e-06 1.252452e-06 0.010341747 0.0025690354 6.593126e-07 1.4776165e-06 6.66167e-05 0.19926806 2.4696274e-07 0.00023993966 4.9153107e-07 0.00021350772 1.548689e-07 6.406264e-07 1.14461265e-07 1.9196616e-08 0.002168614 5.711935e-05 0.00032805468 6.064646e-07 0.00050581153 9.5068575e-09 0.0004504018 0.0025961546 2.5926755e-07 0.00051474804 7.850196e-07 2.088063e-07 2.0757493e-07 0.031118173 6.093378e-07 9.5551634e-08
0.3537414 0.0558387 0.0021411302 0.022923421 0.00063595304 0.0024332164 0.0058461158 0.7861172 0.28808036 1.0191081e-05 2.3045379e-05 2.1496578e-05 7.1152164e-07 0.036996014 0.77420896 2.6771493e-06 0.3045647 0.68946683 7.3517517e-06 9.3155665e-20 0.00013050756 7.0890223e-06 0.92899156 0.709301 0.006611134 6.399867e-08 0.98307884 3.9369093e-07 1.702106e-07 0.63484925 1.4293495e-06 0.011704018 3.2095961e-06 0.3267642 9.992524e-07 0.05890267 0.016025081 8.867068e-08 0.06941692 0.07855474 7.7517456e-08 0.0024781732 0.3971667 0.20393015 0.044494957 0.119813375 0.04371575 0.050734095 0.06700078 2.5789373e-07 1.080924e-05 0.000364675 3.9582755e-08 0.00059028703 3.2071453e-06 0.05896262 0.0036712396 1.5609336e-07 0.013020796 0.00017013328 1.1407728e-08 0.0019199979 2.7403446e-05 2.7408177e-07 0.011788701 0.01003443 1.2073267e-06 1.5637551e-06 0.003444467 0.0027361508 0.029778846 8.220868e-08 2.0001961e-07 0.0009651212 0.007885383 1.9795143e-06 0.00024955513 0.001827286 3.4912677e-08 0.00010032734 7.398556e-09 0.00066455913 0.00033179857 0.00057047274 0.0002434935 8.685294e-10 0.0053391494 1.9620447e-06 4.1815165e-05 2.2252318e-09 1.3014843e-05 0.004689655 0.0057098055 0.00042392215 2.8110167e-06 0.00025343962 0.00017212596 1.2893236e-06 0.0006675713 0.00011234877 7.314038e-06
0.9390309 0.1209783 0.35009658 0.6972054 0.4736368 0.9420296 0.046550665 0.01769853 0.0034449843 0.07400113 0.86136335 0.4564802 0.012998501 0.041622125 0.03383139 0.0038536247 0.004556817 0.00045096638 0.0009490631 0.00013050756 7.560269e-16 0.00020852107 0.00017124035 0.00043032394 0.35916638 0.19613515 0.00013455558 0.26523778 2.1899164e-05 0.0004179029 0.08858862 0.005118891 0.00092275464 3.2179848e-06 0.7545548 0.0061433986 0.20090519 0.00014616306 2.6468475e-08 1.0485527e-06 0.00031578873 6.29453e-05 2.036925e-05 0.00024638113 1.3164043e-06 2.6127138e-05 0.0019170367 2.0552024e-07 8.800762e-05 0.96992046 0.0008463651 6.0558843e-05 9.730345e-06 0.82282513 0.72952926 0.0002925583 0.0077318163 2.2050356e-06 1.0533198e-05 3.252561e-05 7.6152814e-06 3.0814311e-07 0.00021820936 7.379167e-06 2.2307695e-05 2.2031566e-06 6.6912553e-06 0.00089073787 2.6460765e-07 1.5725538e-05 4.9338455e-06 4.083158e-06 6.3782186e-06 0.20563123 4.7745263e-05 0.5449259 0.0023425554 0.021394793 9.03058e-08 4.825468e-06 2.0013789e-07 9.754106e-05 4.224595e-06 1.1242577e-05 2.5007316e-07 6.051774e-07 0.00052568945 2.2853915e-07 5.1583746e-05 0.22909616 1.7806373e-07 0.0045459503 0.00016420912 1.8257608e-05 0.21865591 3.796348e-06 1.859338e-05 0.022485938 0.03132741 7.149291e-06 0.0057069585
0.99618655 0.0024085364 0.010990306 0.0008366259 0.011780075 0.0009219417 0.019671187 8.4207866e-05 0.00059825496 0.07971424 0.0056506707 0.23585127 0.30447885 4.4737815e-05 6.583306e-05 0.62149453 8.956292e-05 0.0004794242 0.9708127 7.0890223e-06 0.00020852107 2.3189643e-17 6.5115273e-06 0.00017666396 2.3001596e-05 0.13847332 2.0238898e-05 0.020109724 0.29289755 1.2693461e-05 0.019302271 0.026390603 0.85120875 1.3273575e-05 0.0059793387 0.0036409404 0.0002929612 0.089761764 1.6008582e-06 6.708372e-06 0.03710132 0.08457652 1.4890138e-06 1.4733823e-06 5.706691e-07 0.00011642294 4.6520213e-06 2.941406e-08 1.1460249e-05 0.00027270112 0.3235594 0.49687713 0.00621462 0.00010468951 0.00029906628 0.00029506892 0.022757998 0.33544728 3.6862514e-06 0.24469014 0.016603984 1.4339398e-06 0.088188216 0.21974444 6.3407683e-06 0.00014342189 0.12352883 0.0007419213 8.674505e-07 3.656637e-06 1.2881911e-05 0.029484523 0.01796743 7.981225e-06 8.66363e-06 1.7340211e-05 0.4368179 2.7335618e-06 0.0004805606 4.0089317e-06 0.0004288738 7.816487e-06 2.525334e-06 7.579998e-07 4.313275e-06 0.002808095 0.00014214571 0.00049209944 7.370386e-07 1.956198e-05 2.8391182e-07 0.0013622902 0.0050924905 4.2182202e-07 0.00027300842 1.9017288e-07 9.241525e-08 3.238413e-07 0.12159566 3.8853195e-06 4.380411e-07
0.6962167 0.009767837 0.0003229197 0.0046904106 7.061045e-05 0.0005566504 0.00034444124 0.27922237 0.04614826 1.0442666e-06 4.072118e-06 8.298022e-06 1.7702952e-07 0.0062155747 0.38689998 8.1729456e-07 0.20129165 0.38016742 3.7291559e-06 0.92899156 0.00017124035 6.5115273e-06 2.0090945e-17 0.6392702 0.0038675563 4.0730825e-07 0.9850169 3.3300424e-07 1.2438417e-07 0.6476813 2.511028e-06 0.0027793804 1.1063469e-06 0.14169782 7.137764e-06 0.027137684 0.019075152 4.674087e-08 0.25620043 0.25116366 8.3810244e-07 0.00076950755 0.78017753 0.6108086 0.053576328 0.33393085 0.21952666 0.051878944 0.1640925 1.4156359e-06 2.8557467e-06 6.113483e-05 4.870016e-08 0.0031490934 1.3069993e-05 0.045277644 0.0017343262 5.3330087e-08 0.14833781 7.48185e-05 2.9057736e-08 0.0036577622 1.5078969e-06 3.9128975e-07 0.15645166 0.002962817 7.364449e-07 1.1943295e-05 0.057591554 0.0025753803 0.26761782 9.85178e-09 1.7321044e-08 0.017013248 0.10272379 2.6977318e-06 0.00034402992 0.018594744 6.889156e-08 0.00047805862 2.5790811e-08 0.0010549128 0.009653049 0.0073348437 0.0007076213 5.549361e-10 0.004418736 3.0832035e-07 0.0006713794 3.7184485e-08 1.3143627e-05 0.00504853 0.002632754 0.0027739073 2.599617e-06 0.00029759028 0.00026363856 4.1123067e-06 0.0007573705 0.00027717918 2.55101e-05
0.9313208 0.03161888 0.0011546914 0.02406647 0.0006101505 0.0066684117 0.010202203 0.41767907 0.41406605 6.731703e-05 0.00011986628 1.9650213e-05 5.563839e-06 0.060941957 0.40704143 0.00014030811 0.094925635 0.9435817 5.561837e-05 0.709301 0.00043032394 0.00017666396 0.6392702 9.258014e-17 0.0041961176 6.6666206e-07 0.45464253 5.097293e-06 2.209381e-07 0.81564665 1.129766e-05 0.20752656 1.9242405e-06 0.9155663 3.4124e-06 0.45012367 0.0031763844 8.544712e-07 0.6534627 0.31570664 1.6123624e-07 0.030822419 0.4852344 0.16954626 0.26561517 0.3741355 0.029544005 0.22013685 0.066417724 1.5222075e-05 1.1779008e-05 0.0073419507 1.40883305e-08 0.0019541152 9.2201907e-07 0.28802192 0.056533054 5.0550864e-07 0.0082329875 0.0066886265 5.802911e-08 0.052845746 6.4471287e-06 1.6066118e-06 0.0010580977 0.11211223 9.856875e-05 4.0808764e-06 0.0053885533 0.0055107 0.0041123503 1.1409497e-07 3.486762e-08 0.00041134344 0.00012431391 3.5509227e-05 0.013815498 0.0002216613 1.9507736e-08 0.00087306346 2.792184e-09 0.0010037023 4.041806e-05 1.9622985e-05 0.00047558258 2.449636e-10 0.036961235 1.09893445e-08 4.192515e-06 2.1619644e-07 3.2937147e-05 0.053371884 0.06798626 2.0490868e-05 2.4613594e-06 7.710969e-05 0.00018563693 6.144145e-07 0.024439408 4.2897136e-05 9.1344197e-07
0.30007893 0.46285963 0.09337873 0.537422 0.041467737 0.8917445 0.024817675 0.5256954 0.064316094 0.0028279782 0.022220202 0.007295769 7.750582e-05 0.9869388 0.49955449 0.00019564935 0.30429408 0.008011123 0.0001960143 0.006611134 0.35916638 2.3001596e-05 0.0038675563 0.0041961176 4.1013406e-19 1.6960865e-05 0.009963545 0.0006919986 1.0450844e-06 0.002169881 0.00015974056 0.00556377 5.4626075e-06 0.00010711972 0.001981241 0.0039616693 0.9836224 1.1236183e-06 1.2282537e-05 0.0004132359 1.8541772e-06 7.26815e-05 0.0017143218 0.046120808 1.7266711e-05 0.00010940094 0.2540471 1.0850657e-05 0.0012200136 0.024192374 0.00017344073 5.8869573e-06 4.176853e-07 0.4533317 0.0009119159 0.0009965992 0.003153182 7.889298e-07 0.00013608873 6.0501498e-06 6.899231e-07 3.082495e-07 0.0005047285 1.1756679e-06 0.0029086105 8.110944e-05 1.8499937e-05 7.2294926e-05 9.5245774e-08 1.4860029e-05 9.384947e-06 1.4866471e-06 6.2419217e-06 0.16765523 0.002563866 0.10517323 0.000100972284 0.108944826 1.2525314e-07 4.7589836e-07 1.3583657e-07 1.8505089e-05 1.2480338e-05 0.0015831715 9.8082126e-08 3.7099494e-07 0.0007002084 3.6236804e-07 0.0008625148 5.0830142e-05 1.7054491e-08 0.0009876047 0.00014062988 1.5207434e-05 0.0037640433 2.332329e-06 1.3453793e-05 0.009011663 0.0032689543 9.66042e-07 0.007320263
0.962646 0.0038818642 0.11989372 0.0084644705 0.3123873 0.05088074 0.015802393 4.755261e-06 0.00015641026 0.5888019 0.8901432 0.84126973 0.8092337 3.3671838e-06 2.6042433e-05 0.4482731 3.5255813e-05 8.799307e-06 0.510021 6.399867e-08 0.19613515 0.13847332 4.0730825e-07 6.6666206e-07 1.6960865e-05 1.05081677e-16 1.2074689e-07 0.9629636 0.23516242 4.245003e-06 0.8449593 0.0015710437 0.3515273 1.0684877e-07 0.59637564 0.00095437677 9.886757e-05 0.5392905 3.761362e-08 5.6329306e-08 0.4734045 0.0021356363 4.6841457e-08 6.008803e-07 6.0924975e-08 5.413524e-07 1.2274475e-06 1.656051e-09 1.8091051e-06 0.032129362 0.08792944 0.008751817 0.009920897 0.00038685647 0.15628536 0.00013819344 0.0032261452 0.0067192838 2.597368e-07 0.0033225392 0.0025277762 5.2844168e-08 0.047168814 0.002398994 7.0740225e-06 2.53248e-06 0.00076801126 0.15571035 3.87823e-08 4.4831052e-07 2.3780533e-06 0.0014796909 0.00060760626 1.9365298e-05 7.651382e-06 0.00015325911 0.041860294 1.750855e-06 1.552722e-05 2.0615294e-05 0.00018738859 2.3080526e-07 2.11163e-06 1.2660607e-06 5.040437e-07 7.399799e-05 0.00023749123 9.34617e-05 5.863835e-07 0.0013661498 3.9794128e-07 0.0028523514 0.00063641014 9.794987e-06 0.0046413443 6.2185895e-06 4.074868e-06 1.33512585e-05 0.018267667 6.301983e-07 3.2704068e-06
0.11751679 0.03321748 0.0011307757 0.007438526 0.00047807867 0.001999234 0.0017496633 0.5395906 0.06282199 8.807449e-06 3.063505e-05 2.0761136e-05 9.61133e-07 0.03842928 0.7075657 3.2947714e-06 0.17944214 0.3719081 9.186676e-06 0.98307884 0.00013455558 2.0238898e-05 0.9850169 0.45464253 0.009963545 1.2074689e-07 2.1622205e-18 1.4334209e-07 8.0201806e-07 0.2931033 7.6158e-07 0.002302011 1.3146536e-05 0.09020734 8.284797e-07 0.0130869495 0.040067118 1.285783e-07 0.078563824 0.30302456 1.1110113e-07 0.0003210714 0.6029272 0.44747394 0.011776256 0.16066107 0.10758115 0.008421683 0.39831114 7.103135e-07 6.5894837e-06 0.00010492128 3.8825134e-09 0.00089687854 3.6887059e-06 0.012490091 0.0011871245 1.2371245e-07 0.048034627 6.66054e-05 5.412537e-09 0.00035350118 1.0949337e-05 1.3580912e-07 0.013965925 0.0020585097 8.0461095e-06 3.120735e-05 0.0018224904 0.00031557225 0.033376794 1.5327343e-08 2.629005e-07 0.00074550236 0.00904806 6.275317e-06 0.00050898053 0.0017264249 2.6122715e-08 7.844734e-05 1.0005545e-09 0.00010895344 0.0010137758 0.0010136878 2.809311e-05 7.818215e-10 0.0024373073 1.7239955e-07 2.6684102e-05 1.7409114e-08 1.2957347e-06 0.0025471754 0.0015324545 0.0012743701 1.1984273e-06 1.6193757e-05 9.4273855e-06 9.667683e-07 0.00036669686 2.2632478e-06 6.5006448e-06
0.17383067 0.017815055 0.11015626 0.00640249 0.15181984 0.15644485 0.030623557 0.0002564058 0.0010695859 0.4665283 0.867332 0.5143819 0.5681463 0.00050247635 6.727949e-05 0.17118455 0.00015437043 2.1563104e-05 0.091252014 3.9369093e-07 0.26523778 0.020109724 3.3300424e-07 5.097293e-06 0.0006919986 0.9629636 1.4334209e-07 4.6967625e-18 0.017955277 3.9861648e-06 0.9725311 0.002502656 0.0154198725 3.933044e-07 0.9250799 0.00021084267 0.00034029855 0.05407552 1.6886958e-07 1.3756433e-07 0.085459925 0.00084465486 2.2643313e-08 7.668028e-08 2.5484485e-06 3.805756e-07 1.1373105e-07 6.822037e-08 1.9814568e-07 0.03580432 0.0070113293 0.0032986074 0.0031210985 0.0033885082 0.07639427 2.0806723e-05 0.00058934256 0.0012640093 8.659499e-08 0.00088021107 0.0005081606 1.7572114e-08 0.0013458728 0.0007841234 2.7594808e-07 1.7685478e-06 0.0003042523 0.021700876 2.5926148e-08 1.762868e-06 3.4320982e-07 0.00080549467 0.00026975956 3.1764441e-06 5.3419706e-07 0.00087880064 0.004161929 1.8833168e-06 2.2949864e-05 7.509642e-07 5.930038e-05 6.2486606e-07 3.7990114e-07 3.754374e-08 9.461313e-08 7.693417e-06 0.00019382102 2.1968064e-05 2.5380953e-07 0.0034076816 1.9871928e-07 0.00090862886 0.00029503796 1.8955996e-07 0.004657735 8.221512e-06 2.2869692e-06 7.96547e-06 0.0008125818 1.3266944e-05 9.998978e-07
0.75978863 4.1402756e-05 0.0017311082 5.812147e-05 0.0014809875 0.00013969514 0.0006921408 1.04607004e-07 7.4445015e-06 0.044584867 0.005904852 0.09624168 0.4931684 6.2612806e-08 7.0172814e-07 0.2287151 4.2159386e-06 3.4514505e-07 0.44264004 1.702106e-07 2.1899164e-05 0.29289755 1.2438417e-07 2.209381e-07 1.0450844e-06 0.23516242 8.0201806e-07 0.017955277 1.8879108e-16 2.391028e-07 0.064827815 0.00062180177 0.97435033 1.1121689e-07 0.01633821 1.9034653e-05 1.4876959e-05 0.9940695 3.657205e-08 5.8308807e-08 0.49626243 0.002125159 5.5895604e-09 3.6126005e-07 8.018218e-08 3.186104e-06 1.0274037e-07 4.3586295e-09 8.0474325e-07 0.00040841862 0.24979478 0.011246641 0.24404055 4.4350818e-05 0.0060890457 2.6223206e-06 0.0005341765 0.37784702 1.1066013e-06 0.006707493 0.30026528 2.7022818e-08 0.09418068 0.028555458 1.2975222e-05 1.7643454e-07 0.007959715 0.032396283 2.2159785e-08 3.6147753e-07 2.027188e-06 0.051457494 0.017680068 1.2379714e-06 1.1161609e-05 4.6085484e-06 0.016574448 1.5432957e-07 0.0066438075 6.647955e-07 0.002550496 1.7687047e-06 4.51787e-07 2.9186538e-07 2.432978e-08 0.0026055889 3.3722263e-06 0.0020913125 7.504942e-08 0.00016146438 9.370882e-09 8.192083e-06 7.6835995e-06 9.273451e-06 0.00015683386 3.1276482e-08 1.085871e-07 3.0658225e-07 0.0016505066 8.251722e-08 8.497712e-08
0.9897874 0.013495977 0.0005169031 0.009144049 8.6924e-05 0.0023029903 0.0020539644 0.082146674 0.09013728 5.2371915e-06 2.3710685e-05 1.0834794e-05 2.3503337e-07 0.030482909 0.17501426 1.1937817e-05 0.031927403 0.36514893 3.9080323e-06 0.63484925 0.0004179029 1.2693461e-05 0.6476813 0.81564665 0.002169881 4.245003e-06 0.2931033 3.9861648e-06 2.391028e-07 2.167349e-14 8.2309425e-06 0.08876977 1.7786252e-06 0.9619945 1.3797746e-06 0.3373674 0.001830269 8.599541e-07 0.7742328 0.40309665 1.3451349e-06 0.032494515 0.41110054 0.09782784 0.17699909 0.5905488 0.017381629 0.25931826 0.084467046 1.883061e-05 1.8722436e-05 0.0074780234 1.6543967e-07 0.0027182505 4.6662044e-06 0.40977046 0.061012536 1.4460893e-06 0.016812047 0.0053022876 2.212981e-07 0.03441539 1.21173025e-05 3.7341526e-06 0.0007570517 0.24250583 1.6017739e-05 9.657509e-07 0.013893862 0.010874848 0.0020589153 4.3484536e-07 8.58916e-08 0.0004016287 9.151868e-05 1.8126602e-05 0.006022682 0.00013371668 2.299463e-08 0.0006428977 3.514907e-08 0.0021188874 8.852455e-05 1.8011098e-05 0.00039678474 1.099693e-09 0.07540334 8.124023e-08 4.8498455e-06 3.9543235e-07 5.634814e-05 0.1079271 0.11678293 0.00012956136 5.065991e-06 0.0003702483 0.00045252274 3.069005e-07 0.031101068 0.00020001667 6.072662e-07
0.05599498 0.009448853 0.038363446 0.002078725 0.035914656 0.036496468 0.007916677 0.00012620982 0.000488574 0.2861171 0.54627556 0.29472935 0.41630065 0.00051105913 0.00011440894 0.1064833 0.0001227135 2.053935e-05 0.0709722 1.4293495e-06 0.08858862 0.019302271 2.511028e-06 1.129766e-05 0.00015974056 0.8449593 7.6158e-07 0.9725311 0.064827815 8.2309425e-06 6.3548527e-18 0.00037430236 0.034213815 1.1121832e-06 0.9904333 6.106351e-05 0.00043297434 0.17985617 8.5860285e-07 1.0062813e-06 0.41161978 0.0003172382 5.8477095e-08 4.341778e-07 3.5431237e-06 9.116136e-07 3.1839631e-06 3.8607457e-08 2.0036936e-07 0.06678453 0.018682186 0.00079225114 0.020452654 0.0033250556 0.11852323 2.584385e-06 0.0004093305 0.0048552677 2.3011096e-07 0.00013683128 0.0061479756 4.6650204e-08 0.0056541953 0.003516693 8.9010643e-07 9.165738e-07 0.001252918 0.08977514 4.3128323e-09 4.3967902e-06 8.321856e-07 0.0033640983 0.0010834434 5.9436793e-06 4.3909884e-07 0.0053749164 0.0017127891 9.987004e-06 0.00023967278 2.021669e-07 0.0002312509 1.6813009e-07 4.4004905e-06 1.6391051e-07 6.037469e-08 0.00014777703 6.260704e-05 0.00022589095 1.500758e-06 0.0055253054 2.308462e-07 0.00037305398 9.4039715e-05 2.9686163e-07 0.012464977 2.1410801e-06 1.7264307e-07 1.7738035e-05 0.00037837803 2.9216349e-06 4.6052223e-06
