7.6262e-22 0.17811884 0.24131386 0.86296725 0.95098525 0.914857 0.12642303 0.029146392 0.044781405 0.013552218 0.9979258 0.0014151426 0.13308313 0.9366706 0.009064962 0.2577835 0.025326775 0.4170262 0.00015570139 0.25362986 0.42452225 0.84648293 3.802281e-07 0.8943381 0.95921326 0.9038075 0.95988816 0.045061 0.700935 0.000104004255 0.0036375371 0.015400443 6.452576e-05 0.32084647 0.00041643842 0.95734984 0.5004398 0.018023599 0.98303396 0.8961186 0.90568185 0.012138071 0.9491143 0.85082793 0.86190665 0.2689694 0.9872214 3.70412e-05 0.9983025 0.9520465 0.92372507 0.95236665 0.98747194 0.96305037 0.52513427 0.56876343 0.9878712 0.945766 0.0010220476 0.93593866 0.0011358093 4.6412377e-05 0.095579155 0.00033460665 0.9597054 0.95191544 0.94267327 0.8379218 0.95011455 0.63924736 0.8703953 0.93656623 0.09750004 0.9163175 0.0009792381 0.61439764 0.86001885 0.9955645 0.99425423 0.90138984 0.9542966 0.9503856 0.83165956 0.052900095 0.9998665 0.8698945 0.7522743 0.99897605 0.02751667 0.008502638 0.8509971 0.8614802 0.9856319 0.9888035 0.9999647 0.9849806 0.6634026 0.009925841 0.99470806 2.2631164e-06 2.485113e-06
0.17811884 4.6180734e-19 0.9841347 0.83577013 0.41860956 0.70361453 0.47064823 0.13121295 0.058498498 0.03195811 0.62381625 0.0015103911 0.000472196 0.01634283 0.025114844 0.0010436344 3.1541083e-05 0.00077300053 0.02218878 2.1487214e-05 4.0176485e-05 5.1572384e-05 5.3376523e-05 0.0005094438 0.076052934 0.00091262924 0.0027129285 2.3623921e-05 3.0858055e-06 2.6615617e-06 6.727596e-07 1.1275341e-06 1.3466693e-07 1.1891543e-06 4.3160593e-08 0.002761619 9.880155e-06 6.162348e-07 0.00072624226 3.5982418e-07 2.6730368e-06 6.7964356e-07 2.7605415e-07 1.4705388e-07 1.2750191e-09 1.2825939e-05 1.4224551e-08 1.1936536e-06 2.1705143e-06 0.0037264193 7.036458e-08 7.5388554e-05 5.575873e-07 9.456564e-09 7.637314e-09 1.5837534e-10 6.04235e-07 1.000294e-07 1.8046972e-08 9.816006e-10 3.781545e-09 3.2512723e-08 1.8788454e-07 1.7628232e-09 4.669872e-08 0.0068430593 5.2419274e-10 3.5271397e-10 2.7882778e-09 1.7638491e-09 6.628146e-11 5.5693353e-11 4.9341743e-08 7.741226e-08 7.1273862e-09 2.4482373e-08 8.0237184e-10 9.587949e-05 2.0041169e-08 2.5779697e-08 1.5694052e-08 1.8192159e-08 3.2042224e-10 2.6809184e-09 2.7062626e-05 5.6039695e-10 5.98947e-11 7.375495e-08 7.138284e-09 3.4917966e-10 1.2319407e-09 9.077119e-08 0.049295463 0.0028368016 4.339468e-05 2.7353611e-08 5.7150907e-12 1.2635404e-07 2.095182e-09 2.4895773e-08 5.2900613e-09
0.24131386 0.9841347 1.0643802e-16 0.5214026 0.8817172 0.85237116 0.56800365 0.09842963 0.24122739 0.16989373 0.312384 0.009704411 0.012274236 0.6388587 0.08749865 0.0143141225 0.0012985428 0.006884064 0.058186986 0.00014107235 0.00023105425 7.842497e-05 8.072384e-05 0.0039850054 0.4883997 0.08498599 0.08766842 5.075772e-05 3.1629734e-05 3.901585e-05 1.8493905e-05 5.714896e-06 9.873867e-07 2.327473e-05 3.1962722e-06 0.090436205 0.00014072111 1.0574768e-05 0.02485207 0.00019750869 0.00045947012 2.2200315e-06 4.489613e-05 7.712701e-06 6.060755e-07 7.0682095e-06 1.3641173e-06 6.9967666e-07 6.0579467e-05 0.0073096976 2.9543748e-06 0.0010122388 1.4677691e-05 2.513037e-07 1.5069064e-06 1.0002177e-07 0.0008128015 2.2520303e-06 7.5900164e-07 3.528013e-07 4.2293578e-07 1.5003582e-07 2.0456756e-07 1.4569739e-08 1.7372088e-07 0.0033003679 2.092181e-07 8.9773545e-07 5.214891e-07 2.4016092e-07 2.655344e-07 2.9869742e-08 2.1105488e-06 1.9891334e-06 2.1644018e-08 6.576036e-08 1.5052625e-07 0.0015498023 5.771103e-05 6.4765786e-08 5.862776e-06 2.967048e-07 8.0616513e-07 6.680715e-08 0.00041605873 1.1270638e-07 4.5576154e-08 1.6410353e-05 5.3044115e-08 1.9288177e-07 2.2074836e-07 2.2361914e-06 0.01615461 0.0049586585 0.00048795214 2.0813728e-07 5.436728e-09 9.0633826e-08 2.3553566e-06 8.0913324e-08 1.4127893e-07
0.86296725 0.83577013 0.5214026 2.752543e-12 0.59900796 0.6293984 0.70497614 0.9917091 0.18161488 0.11962388 0.91697633 0.0051339245 0.0013869727 0.053061567 0.47079697 0.0012258964 0.00025688182 0.00053206854 0.025821965 4.0656898e-05 0.00018613384 0.0004944645 0.0008010878 0.0004101949 0.17919877 0.0007333056 0.010403903 4.139348e-05 2.1456946e-05 5.3001136e-06 1.3000291e-05 6.8542727e-06 4.77349e-06 4.3396935e-06 9.626637e-06 0.0535225 5.5575124e-06 3.0181343e-06 0.0021763097 2.1325854e-05 0.00011729164 8.4512985e-06 4.5045444e-06 2.9643486e-06 4.5375126e-07 2.6739506e-05 5.7963955e-08 1.7909204e-05 1.6337444e-05 0.006884661 1.7922049e-07 0.0010846907 4.7350018e-06 4.5378304e-08 9.0303e-07 1.7451653e-06 0.00029733012 2.5244767e-06 1.033269e-05 7.121354e-07 2.0737539e-06 7.160464e-07 2.3353048e-06 5.6360284e-07 1.373961e-07 0.015543429 9.011391e-09 1.8361405e-06 1.1221709e-07 9.946347e-07 1.9473636e-07 3.4645724e-09 1.0478274e-07 2.1733779e-07 1.6980018e-06 1.4077553e-07 1.0763685e-08 0.0015073979 7.35001e-05 3.930764e-07 6.8802495e-07 3.115446e-06 3.296549e-07 2.9650978e-06 0.00039792198 6.5116076e-08 1.9616154e-07 1.5712877e-06 1.7747578e-07 1.3903523e-08 4.320936e-08 1.0534127e-06 0.08250053 0.0048063854 0.00032036912 1.1497756e-05 6.359708e-09 2.2617483e-06 1.4631981e-06 1.239489e-07 3.5045463e-07
0.95098525 0.41860956 0.8817172 0.59900796 3.9667835e-13 0.92978865 0.885024 0.29564834 0.7136288 0.69863254 0.22239329 0.286338 0.3319521 0.8373168 0.4310412 0.21752855 0.45409185 0.08731674 0.28497997 0.024049083 0.009976248 0.002564103 0.00014375368 0.0050268867 0.8232203 0.101920776 0.19765133 0.0008169471 0.00024611386 0.0025180748 0.0042391266 0.00017294439 0.00045152003 0.0001261256 0.00015313625 0.37669253 5.163094e-05 0.00017806671 0.10768688 0.00024507815 7.452973e-05 3.8657767e-05 3.095516e-05 4.91409e-06 7.9064176e-07 3.7295562e-05 7.57296e-07 5.471667e-05 0.0001442932 0.043191932 2.287412e-06 0.004553513 2.3248373e-05 3.1027807e-07 1.6736085e-06 2.101211e-07 0.0012364984 9.845784e-06 4.115255e-05 3.5884682e-07 1.0228705e-05 2.697826e-05 1.18976e-06 2.2706158e-06 6.361677e-08 0.01995632 6.0317134e-08 9.527956e-08 1.5533453e-07 6.44239e-08 4.620443e-08 1.1464288e-08 5.3699e-07 1.17923255e-05 8.189072e-07 9.697882e-08 2.2336355e-08 0.0035372244 6.1919854e-05 6.7558425e-08 2.1341673e-06 7.5489666e-06 6.0910565e-08 1.3344518e-06 0.0008346074 4.106986e-07 3.9818634e-08 0.00013696485 6.031378e-07 8.490842e-08 2.563873e-07 6.930734e-07 0.026184238 0.018575061 0.002928595 5.4195493e-06 3.641002e-08 5.5442197e-06 3.1725074e-05 5.8174425e-07 3.1338632e-07
0.914857 0.70361453 0.85237116 0.6293984 0.92978865 8.196486e-13 0.38108444 0.17899339 0.19576551 0.23334612 0.91953456 0.024941359 0.018946217 0.1823792 0.2261978 0.022003656 0.026371608 0.0121349795 0.07812315 0.0023871027 0.0021114792 0.000586423 3.8125752e-05 0.0020007296 0.87906206 0.023489038 0.07435418 0.00033851908 0.00021234722 0.000109391665 0.00032533106 6.87676e-05 7.303366e-06 9.083151e-05 4.273051e-05 0.25662148 5.2096468e-05 9.4176845e-05 0.084744714 7.075841e-05 1.4419134e-05 2.0670555e-05 3.2916812e-06 8.2934844e-07 1.1493348e-07 3.651074e-05 3.095612e-08 7.759712e-06 0.00010045353 0.0491194 2.6609055e-07 0.0027789392 1.4940949e-06 5.2643543e-09 1.0254186e-07 8.20074e-09 0.00036027472 5.151275e-07 3.2681746e-06 1.8101819e-08 8.45451e-07 4.908521e-06 4.880954e-07 3.7966153e-08 6.625599e-09 0.017869702 8.19445e-10 7.910392e-09 3.084377e-09 4.7831024e-09 1.3498515e-09 7.301287e-11 1.6349554e-07 7.6265786e-07 1.3179563e-07 7.588105e-09 6.029545e-10 0.0016240077 4.156363e-06 4.9680837e-09 1.1228582e-07 7.340126e-07 5.6546074e-09 2.5602606e-06 0.00037403667 6.225697e-08 2.4846187e-09 2.729433e-06 2.3382186e-07 3.947364e-09 1.0784419e-08 3.1768428e-07 0.078833744 0.014432052 0.000902319 1.1311567e-07 6.256001e-09 1.1488143e-07 1.9099497e-07 3.658796e-08 3.8382325e-07
0.12642303 0.47064823 0.56800365 0.70497614 0.885024 0.38108444 3.1070644e-15 0.67235 0.98296493 0.8176107 0.064950764 0.6128855 0.06540404 0.31121376 0.40878195 0.023283258 0.036011897 0.0042677666 0.5046793 0.0005096306 0.00033348022 4.8904596e-05 0.0028575081 0.00053139764 0.10944048 0.010170819 0.0146109555 5.2013016e-05 5.337665e-06 2.7209024e-05 4.4978647e-06 2.558518e-06 1.9079253e-05 1.7600559e-06 2.2253162e-06 0.014305525 3.1477512e-06 1.4841186e-06 0.0011714408 3.6584506e-06 5.222685e-05 2.2520135e-06 5.434367e-06 1.973287e-06 6.3833966e-08 1.2608073e-06 1.0492133e-07 6.7779138e-06 2.6236714e-06 0.0006276508 1.8238393e-07 8.906711e-05 6.1501564e-06 5.9349848e-08 2.0937769e-08 1.8933278e-08 7.930822e-06 1.9997753e-06 5.755213e-07 1.5257834e-08 8.20669e-08 1.0249929e-06 8.268484e-08 5.6086877e-09 2.2969425e-08 0.0029348987 9.81854e-09 7.4974885e-08 5.4068547e-08 8.95982e-09 1.1749952e-08 2.5288824e-09 1.4556191e-07 5.3600763e-07 2.2149093e-08 3.3361578e-09 4.050874e-09 0.00015493798 1.9265153e-06 1.4238992e-08 2.6406806e-06 5.46434e-07 2.7377517e-08 2.3150948e-08 0.000116945164 8.463916e-09 1.4006015e-09 1.6689336e-06 1.6459237e-09 1.3022464e-09 1.9463434e-08 4.3962513e-07 0.0038072271 0.0019584305 6.439383e-05 2.8362806e-06 1.4078196e-09 1.9848461e-07 5.696425e-07 6.0469967e-09 6.018885e-09
0.029146392 0.13121295 0.09842963 0.9917091 0.29564834 0.17899339 0.67235 4.913564e-14 0.19496384 0.32026848 0.1621517 0.17796886 0.0012532418 0.009871269 0.99790734 0.0004418782 0.0009115955 0.00010610544 0.6667613 4.264898e-06 8.348688e-06 2.705736e-05 0.04386255 2.0941736e-05 0.027377391 0.0003113085 0.0011089874 1.900728e-05 5.72842e-07 3.1560232e-06 9.3926144e-07 1.5685299e-06 2.1409893e-05 9.562917e-07 1.9624229e-06 0.0048128366 1.8467317e-06 4.8362324e-07 0.0001839753 1.7653183e-07 6.447221e-06 5.152553e-07 6.687463e-07 5.466915e-07 3.258511e-08 7.479845e-07 2.899081e-08 4.4845997e-06 1.18887826e-07 0.0010545728 1.2398789e-07 0.00016813978 4.4863878e-06 1.889518e-08 2.1632617e-07 1.3387226e-07 5.535196e-06 2.9932562e-06 1.027667e-06 8.6774044e-08 4.674794e-07 4.5750696e-08 6.830109e-08 1.6288881e-08 4.3810353e-08 0.0067637376 7.925011e-09 3.8957361e-07 5.334881e-08 2.1405378e-07 3.140339e-08 2.072772e-09 9.232664e-08 8.066477e-08 1.2237803e-07 6.253113e-09 1.7759117e-08 7.699689e-05 1.7680959e-06 2.9800674e-07 2.799146e-07 2.7725196e-07 1.9890717e-07 5.5813155e-07 1.0951601e-05 5.227359e-07 9.6266355e-08 2.94583e-08 1.9553594e-08 3.1255476e-09 1.211178e-07 1.7772848e-07 0.010543662 0.000891779 3.0945124e-05 1.1476694e-06 3.328647e-08 1.3179985e-06 3.5979706e-09 3.356847e-08 6.5418206e-08
0.044781405 0.058498498 0.24122739 0.18161488 0.7136288 0.19576551 0.98296493 0.19496384 3.5891757e-17 0.9904453 0.019075671 0.7266181 0.5554343 0.49753556 0.060991623 0.28897965 0.26538837 0.06008662 0.20110904 0.013183707 0.002594166 0.00043485718 0.0012579099 0.0015660981 0.07195106 0.023911402 0.037042078 0.00015242638 2.151561e-05 0.00030879577 3.926029e-05 1.36365115e-05 0.00030815683 5.845496e-06 2.235058e-05 0.013375659 1.8809782e-06 4.9680443e-06 0.0014440642 3.2020384e-06 1.8938596e-05 4.1576395e-06 9.603501e-06 1.3253026e-06 6.9545464e-08 8.4503506e-07 5.0463103e-07 1.09788225e-05 1.5216086e-06 0.00057245954 1.5542264e-06 5.5387743e-05 6.3787725e-06 2.2854985e-07 4.716806e-08 1.2591389e-07 3.5231062e-06 2.6712578e-06 1.6158222e-06 1.208814e-08 2.7418162e-07 2.8139578e-07 3.5850405e-07 2.21071e-08 2.3787645e-07 0.00097386306 1.3365125e-08 5.2351982e-08 2.1697504e-08 1.5244686e-08 1.9443176e-08 2.917312e-09 9.212535e-07 9.999178e-07 8.749812e-09 2.2819082e-08 8.469354e-10 0.00022960997 2.8784207e-05 6.1446603e-09 1.2604322e-06 1.5270942e-07 1.1126754e-08 5.7583094e-09 5.3157222e-05 9.280452e-09 4.8894916e-10 1.5993688e-06 5.87494e-09 2.2156605e-09 1.6610942e-08 1.964329e-06 0.0012813621 0.0008467022 3.1546228e-05 2.5573675e-07 7.7042606e-10 2.3874861e-08 2.3633882e-07 2.6763513e-07 5.056063e-08
0.013552218 0.03195811 0.16989373 0.11962388 0.69863254 0.23334612 0.8176107 0.32026848 0.9904453 1.5517079e-18 0.02788317 0.9463735 0.6375708 0.42498347 0.092231475 0.3239592 0.4998511 0.023270808 0.49050158 0.017008763 0.0013505312 9.265162e-05 0.0051736995 0.00040749926 0.07702883 0.009805157 0.03205326 5.0040566e-05 5.1878e-06 0.00020009353 0.00019431979 6.721388e-07 0.00080047996 4.704854e-07 1.515157e-05 0.0138835525 1.9348994e-07 7.14096e-07 0.0004696245 1.049892e-07 2.9558826e-06 9.395204e-07 9.452669e-07 6.384907e-08 2.2803057e-09 7.4851144e-08 1.8554081e-08 1.893401e-05 1.0314721e-07 0.00054839806 1.1137015e-07 2.7602602e-05 1.0201618e-06 5.9254237e-09 1.845134e-09 8.752867e-09 8.8538445e-06 1.4795518e-07 4.7577007e-08 9.290312e-10 1.5189793e-09 6.9754393e-09 9.4128e-09 1.4823713e-10 9.810659e-09 0.0025195726 8.983705e-10 3.7605785e-09 1.7049928e-09 8.325399e-10 5.802063e-10 4.3985302e-10 4.557155e-08 4.5501005e-07 1.2714783e-09 4.1265236e-10 1.0176391e-10 0.00023752225 2.7295358e-05 1.5960075e-10 1.8789556e-06 4.3337128e-08 1.8290475e-09 1.2202128e-09 0.0001146488 8.6131685e-10 7.8127706e-11 1.8901225e-07 1.2813626e-09 3.5293196e-10 2.1746756e-09 3.482907e-08 0.0032380135 0.0018465769 0.00010406517 8.064446e-08 2.4116384e-11 5.3008584e-09 1.0270428e-06 3.5147576e-09 1.7649024e-09
0.9979258 0.62381625 0.312384 0.91697633 0.22239329 0.91953456 0.064950764 0.1621517 0.019075671 0.02788317 1.1118861e-12 0.0028045329 0.005518949 0.029917015 0.16820596 0.004345009 0.0019727114 0.00082987105 0.012130988 0.00043107377 0.0007563582 0.00058677996 0.0001466277 0.002659242 0.6390006 0.0054810997 0.013105685 0.00012349292 0.00018572174 3.40324e-05 8.142714e-05 2.0688618e-05 1.0578661e-05 4.3305754e-05 8.766866e-06 0.07950962 8.291777e-05 4.087652e-05 0.018387692 0.00013534966 2.7051841e-05 6.106147e-05 6.3400057e-06 9.3054405e-06 4.308528e-07 0.000522884 8.025333e-08 0.00011920395 4.5986417e-05 0.100926295 1.0225272e-05 0.0020922583 8.625657e-06 8.939784e-08 8.030226e-06 2.5430066e-07 9.440615e-05 3.6370425e-06 1.3163863e-05 2.6572363e-07 4.2901206e-06 1.8734385e-05 1.1644743e-05 9.181329e-07 7.069106e-08 0.15235893 4.0800607e-09 3.7343053e-08 2.514306e-08 5.6525266e-07 3.420175e-09 1.5178635e-10 7.230085e-07 2.944752e-06 1.3213992e-06 1.3119876e-06 1.5662684e-08 0.0008614851 1.5387069e-06 1.03694955e-08 1.04865705e-07 2.1122212e-07 1.445915e-07 2.710833e-06 0.00014298159 1.1075482e-06 4.552342e-08 5.8850254e-08 7.838388e-06 2.9462349e-06 2.3996801e-08 1.7195784e-07 0.5308575 0.040564746 0.0008550985 2.1691712e-08 8.24303e-10 3.8402206e-07 6.9665084e-08 4.2032843e-06 2.2153554e-06
0.0014151426 0.0015103911 0.009704411 0.0051339245 0.286338 0.024941359 0.6128855 0.17796886 0.7266181 0.9463735 0.0028045329 3.7369122e-16 0.71068996 0.10433951 0.008812126 0.27191103 0.9903844 0.0132827945 0.96241343 0.11555272 0.0012702332 0.00020990713 0.01907342 2.2106458e-05 0.0048055807 0.0005194439 0.0034056331 0.000108938366 1.1496998e-05 0.012089982 0.0031199942 3.7782595e-06 0.11733092 6.2572366e-07 0.00093818957 0.0012942066 4.62661e-07 3.972522e-06 2.3470231e-05 1.1694014e-08 7.3697925e-06 2.5768122e-06 1.6152451e-07 6.195397e-08 1.3370734e-08 4.863084e-07 1.8023512e-08 0.0008985715 1.9633267e-08 0.00019525549 1.2218234e-07 3.7514324e-06 5.3089286e-07 3.8273105e-09 1.2725083e-07 1.702355e-08 6.3029216e-07 1.729151e-07 1.1121085e-05 9.7845145e-09 1.140041e-06 1.8670227e-07 1.9597389e-08 3.0028716e-08 2.7568239e-09 0.0004777881 9.830363e-09 1.5836365e-07 1.6554682e-07 1.981267e-08 1.5364874e-07 5.0586357e-09 8.47072e-08 3.851429e-07 8.6984375e-07 9.6684834e-11 7.163185e-10 0.0002440587 3.3413646e-05 6.1275376e-09 5.2589354e-07 6.966096e-08 7.218341e-08 1.7349322e-07 0.00011701668 2.3561403e-08 1.3969259e-08 2.8911045e-06 1.5993976e-08 1.43865435e-08 1.06713344e-07 9.463496e-08 0.0004690377 0.0006939316 0.00012880725 1.787482e-07 4.1372674e-09 3.2827703e-07 1.94258e-07 9.687831e-07 5.589617e-08
0.13308313 0.000472196 0.012274236 0.0013869727 0.3319521 0.018946217 0.06540404 0.0012532418 0.5554343 0.6375708 0.005518949 0.71068996 1.1860529e-16 0.53427356 0.0010376363 0.9819645 0.98704875 0.4213535 0.062109545 0.72418535 0.08220163 0.05168836 0.0002999143 0.0045774253 0.008073701 0.013381127 0.051064722 0.020365514 0.00039164408 0.24476083 0.27207932 0.0008509167 0.046132475 3.064963e-05 0.028970968 0.008022856 2.0389327e-05 0.0016010941 0.00068218855 2.7571698e-06 1.092644e-05 0.0008417082 2.6264727e-06 9.771442e-07 1.0663765e-07 0.00012804582 1.7911063e-07 0.0030927823 6.694513e-07 0.00010468861 8.2138513e-07 6.8396917e-06 1.7614328e-06 1.0830869e-07 5.709168e-07 1.4719659e-07 3.01944e-07 2.5129086e-06 2.2397053e-05 7.1758414e-08 9.966252e-06 3.1552758e-05 4.5775973e-06 1.755877e-09 2.4136958e-07 8.626566e-05 5.740613e-08 6.4359756e-07 1.9745906e-07 1.4732608e-07 2.2263421e-07 1.8831319e-08 1.2208573e-06 9.451429e-08 2.4618345e-07 3.198986e-08 1.2749078e-08 0.00015521616 9.893372e-06 9.4727426e-08 1.1133001e-07 6.439131e-07 1.3024315e-07 1.7493844e-06 6.852975e-05 4.0749123e-07 2.7982475e-08 4.2686838e-07 1.755569e-07 1.3180875e-08 1.9093231e-07 8.238146e-07 0.0004896144 0.00012773517 0.00013611454 2.4046606e-06 1.2361598e-07 1.8963607e-07 1.2994464e-07 1.4408952e-08 1.0976439e-08
0.9366706 0.01634283 0.6388587 0.053061567 0.8373168 0.1823792 0.31121376 0.009871269 0.49753556 0.42498347 0.029917015 0.10433951 0.53427356 1.2676377e-13 0.046539433 0.7706887 0.35306242 0.8935651 0.111468986 0.5548772 0.5646305 0.39257538 1.3473632e-05 0.3391034 0.6032659 0.633243 0.9302459 0.05101011 0.023910921 0.008057674 0.027389998 0.0026810647 0.00066685415 0.0021221929 0.0005015851 0.7871674 0.001392757 0.003152465 0.24808523 0.00174549 0.000387142 0.0012928656 9.142125e-05 0.0001368771 1.553624e-05 0.00037217946 1.5050493e-06 0.00021237154 0.0010146758 0.02576054 6.1318847e-06 0.005575009 4.368855e-05 4.4065942e-07 2.1087865e-06 2.407731e-06 0.0023198866 2.4257832e-05 4.9525584e-05 2.4565334e-06 2.6491245e-05 1.804428e-05 1.3069245e-05 1.1080787e-06 3.441032e-07 0.006955426 9.053276e-08 3.4799489e-06 3.2079544e-07 3.6303456e-07 1.0501478e-06 1.8950402e-08 9.4722645e-06 2.8395922e-05 3.2705316e-06 1.7864068e-07 5.703176e-09 0.004770162 0.00011879042 7.111001e-08 4.0636467e-05 1.6490174e-05 9.270196e-08 2.3945597e-06 0.0007308223 7.004758e-07 2.443586e-08 3.4303703e-05 3.2456725e-07 1.8308205e-07 9.648564e-08 1.020566e-07 0.00816024 0.0039698384 0.0024316201 4.0067457e-06 8.6592514e-08 1.2893353e-05 6.2041117e-06 1.8017017e-06 5.6593393e-07
0.009064962 0.025114844 0.08749865 0.47079697 0.4310412 0.2261978 0.40878195 0.99790734 0.060991623 0.092231475 0.16820596 0.008812126 0.0010376363 0.046539433 6.7331505e-12 0.0007096469 7.645353e-05 7.015964e-05 0.9226636 0.000101588994 4.844174e-06 6.333045e-06 0.30830872 2.0906036e-05 0.03532204 0.00017654119 0.00078453356 1.3375678e-05 7.2748827e-07 3.6475794e-07 9.1082285e-07 1.4903408e-06 2.2226042e-05 6.2242464e-07 1.2271128e-06 0.008230774 3.6216404e-06 7.04766e-06 6.2159954e-05 5.609365e-06 2.880053e-06 5.3589138e-06 1.6112872e-06 2.2816405e-06 6.876818e-07 0.00034756406 6.6064096e-08 1.0450959e-05 8.818208e-06 0.010920478 2.728063e-07 0.00044354692 1.0408516e-07 8.022762e-08 5.058812e-06 1.2015205e-06 4.55834e-05 1.9345775e-06 1.1070736e-05 6.54949e-07 1.3251117e-06 6.0305604e-07 3.4144782e-07 5.9547485e-08 9.264469e-08 0.02045195 4.7669047e-07 6.29353e-06 6.066058e-07 1.0914249e-06 5.354849e-07 3.0068378e-08 2.7410815e-07 4.110711e-06 1.8836356e-07 3.7223464e-07 1.3181361e-07 0.0004901411 0.00017490776 3.26533e-08 4.2612245e-07 1.228218e-06 7.571545e-07 7.195965e-07 0.00023497075 8.868764e-07 9.059892e-08 2.1065573e-06 6.378905e-08 3.601026e-09 6.140876e-07 1.1002794e-07 0.03878931 0.0149803 0.00052883045 1.3498264e-06 2.4635595e-08 1.3188334e-06 8.010927e-08 4.396471e-08 6.070817e-08
0.2577835 0.0010436344 0.0143141225 0.0012258964 0.21752855 0.022003656 0.023283258 0.0004418782 0.28897965 0.3239592 0.004345009 0.27191103 0.9819645 0.7706887 0.0007096469 4.536421e-15 0.5464692 0.9797398 0.041544102 0.9205195 0.37355977 0.17266652 7.186584e-05 0.02972999 0.00894846 0.06859641 0.13685313 0.06602231 0.001885051 0.24721512 0.39482296 0.010053011 0.030915773 0.00015288292 0.029115483 0.023793027 0.000110153785 0.0035962113 0.0030561965 7.5949334e-05 0.000110308945 0.0015035252 2.3414432e-05 5.47946e-06 1.1667536e-06 0.00017231566 5.448106e-07 0.00759526 9.711238e-06 0.0001499299 1.2529323e-06 4.076176e-05 4.239694e-06 1.9768535e-07 4.3916714e-07 7.142486e-07 8.493086e-06 3.3616204e-06 8.098995e-05 3.73015e-07 2.7092325e-05 8.5546024e-05 2.2411068e-05 2.7708055e-08 1.6602287e-07 8.732557e-05 3.0316448e-07 5.1992806e-06 1.1004395e-06 2.4690715e-07 1.9372455e-06 1.09979894e-07 1.6408371e-06 7.094003e-07 7.5233197e-07 1.6576578e-07 8.059341e-08 0.00040737336 2.932003e-05 9.939362e-08 4.616858e-06 7.355332e-07 3.505636e-07 6.204958e-06 0.00033387987 2.2424175e-07 5.1546444e-08 8.219011e-06 9.647383e-07 1.6727397e-07 6.003001e-07 5.5963034e-07 0.0012563771 0.000336312 0.00047659033 6.4604257e-07 4.8243443e-08 4.2006613e-07 2.0585833e-06 7.162782e-08 4.072242e-08
0.025326775 3.1541083e-05 0.0012985428 0.00025688182 0.45409185 0.026371608 0.036011897 0.0009115955 0.26538837 0.4998511 0.0019727114 0.9903844 0.98704875 0.35306242 7.645353e-05 0.5464692 1.003572e-17 0.072611615 0.06042181 0.6017458 0.0116400635 0.002818099 0.0003870796 0.00033723662 0.003404435 0.0011086764 0.01804998 0.0010346249 1.3144468e-05 0.16739078 0.038005773 1.919553e-05 0.18866336 8.807328e-07 0.009649689 0.001738569 7.558414e-07 0.00010918394 0.00011964791 4.143935e-08 2.5446307e-06 2.4992107e-05 4.6000272e-07 3.581082e-08 8.475176e-09 4.6468067e-06 1.6691518e-08 0.0014631893 9.001775e-08 5.7177498e-05 4.3979725e-08 9.523315e-06 7.4182085e-06 1.46448516e-08 1.8306388e-07 5.5437596e-08 5.6213634e-07 2.1089857e-06 2.8586596e-06 4.2412083e-09 4.780809e-07 2.8256138e-06 2.7367219e-07 1.3273946e-08 2.5774276e-09 7.45758e-05 2.120038e-08 4.7210005e-08 2.2558348e-08 1.5873809e-08 9.024979e-09 2.933376e-09 8.1114854e-07 2.1109736e-06 1.848983e-07 6.692534e-09 1.3128656e-09 9.853361e-05 1.3761838e-05 1.66232e-07 9.023504e-06 9.3945044e-07 5.7934113e-08 3.75734e-06 0.0004062913 5.6038466e-08 3.9004755e-09 2.2809369e-05 1.7671005e-07 1.6637046e-07 4.487618e-07 2.7473216e-06 0.00022340982 0.0002595193 0.00012037031 3.040031e-06 2.5870959e-09 4.1514807e-07 8.472033e-07 1.3838268e-06 1.13679974e-07
0.4170262 0.00077300053 0.006884064 0.00053206854 0.08731674 0.0121349795 0.0042677666 0.00010610544 0.06008662 0.023270808 0.00082987105 0.0132827945 0.4213535 0.8935651 7.015964e-05 0.9797398 0.072611615 3.5007973e-15 0.01551836 0.95461166 0.87607104 0.5449607 1.469105e-05 0.39191714 0.01028018 0.354997 0.24417256 0.36015752 0.034033597 0.03421585 0.12315977 0.0857018 0.0018906675 0.0014447462 0.006294959 0.038697895 0.0014688894 0.010232018 0.010043715 8.0867394e-05 0.00030956476 0.0049589584 3.3356017e-05 2.3559442e-05 4.254377e-06 0.00033249732 7.213686e-07 0.0016567422 3.507907e-05 0.0002754734 1.7090344e-06 0.000101854996 7.4931313e-07 1.045693e-07 5.0207007e-07 5.4359714e-07 1.1756046e-05 1.7889462e-06 5.2347175e-05 9.117549e-08 2.7270771e-05 2.4414956e-05 4.367341e-06 3.8685148e-08 5.814655e-08 0.00012107561 4.406369e-08 2.7704884e-06 4.66788e-07 4.741811e-08 6.332637e-07 1.7017255e-08 5.0974922e-06 1.5428682e-06 1.9961332e-07 1.6287802e-07 9.187669e-09 0.00027743253 6.2147415e-06 2.7088666e-08 3.354671e-06 3.3081292e-07 2.0259482e-07 6.8432115e-07 0.00030555757 2.929011e-08 1.3357557e-08 1.1912633e-06 3.26291e-07 2.1525256e-07 9.461296e-08 2.7205363e-07 0.0006925726 0.00054002163 0.0006474082 3.211882e-07 1.8722373e-08 1.3352773e-07 1.108917e-06 1.8732204e-07 7.040216e-08
0.00015570139 0.02218878 0.058186986 0.025821965 0.28497997 0.07812315 0.5046793 0.6667613 0.20110904 0.49050158 0.012130988 0.96241343 0.062109545 0.111468986 0.9226636 0.041544102 0.06042181 0.01551836 7.03871e-20 0.011190857 0.0013688304 5.9453043e-05 0.96445495 0.00018798304 0.011749973 0.0011364226 0.0043409257 8.026647e-05 2.0711695e-05 4.7827656e-05 2.4331606e-05 1.0525994e-06 0.0014002786 3.6379845e-07 0.00019142944 0.0068438123 2.4776787e-07 1.6702224e-05 0.00018019027 4.1181403e-07 3.7368388e-06 1.0832681e-06 3.0739614e-07 4.3948094e-07 1.0179862e-07 2.5661666e-06 1.8901353e-07 5.687919e-05 1.1158846e-08 0.007551409 2.8691133e-07 0.0001014077 5.5871044e-07 1.2331103e-07 5.0089618e-08 6.164005e-09 4.756882e-07 1.570729e-06 1.2127835e-07 9.874097e-08 3.15948e-08 3.930573e-07 4.7634465e-09 2.5854534e-09 4.5427665e-08 0.001968942 1.178567e-07 2.5125885e-07 1.2139915e-07 3.4961122e-08 5.36744e-08 7.993233e-09 3.01676e-07 1.0588896e-05 1.1525056e-09 6.013274e-09 3.1188778e-09 0.0005782232 4.4435794e-05 1.3180751e-08 1.5861349e-07 7.852761e-06 3.6849052e-08 1.4117322e-07 2.248954e-05 7.923745e-08 8.99617e-10 5.0845774e-06 2.0530708e-09 2.747484e-10 1.9078971e-08 4.6214033e-08 0.002119709 0.001906404 0.0001397983 1.9018767e-06 2.5025877e-09 7.869535e-09 1.5461197e-07 3.2039324e-08 1.7041705e-09
0.25362986 2.1487214e-05 0.00014107235 4.0656898e-05 0.024049083 0.0023871027 0.0005096306 4.264898e-06 0.013183707 0.017008763 0.00043107377 0.11555272 0.72418535 0.5548772 0.000101588994 0.9205195 0.6017458 0.95461166 0.011190857 8.549282e-15 0.72818977 0.55232656 3.0837065e-05 0.102183156 0.006406115 0.11572206 0.11638274 0.8070689 0.052573152 0.653828 0.92533857 0.4989567 0.23121859 0.003498751 0.47023696 0.01429591 0.0007013027 0.59154373 0.0031813635 6.635515e-05 0.0001512066 0.059664737 1.7752454e-05 1.2530081e-05 4.7343283e-06 0.0015947131 1.344829e-05 0.18071605 3.504085e-05 2.985256e-05 1.2802659e-05 1.9512992e-05 4.6582363e-06 9.181512e-07 2.5481108e-06 6.562908e-07 1.0883654e-05 2.8226673e-06 0.0006597378 4.16918e-07 0.0001945581 0.0013238987 1.8330447e-05 1.5691837e-06 8.2554175e-07 2.3281502e-05 5.1633407e-07 5.625195e-06 3.3492909e-06 1.5017739e-07 2.349165e-06 2.4588428e-07 2.513515e-06 1.1227079e-06 9.123821e-06 8.2539096e-08 6.4948374e-08 0.00041688088 9.701699e-05 2.1093426e-07 1.1097862e-05 1.1441091e-06 5.721001e-07 1.8401926e-07 0.0005459122 1.5586785e-07 1.705619e-07 2.2964445e-05 1.9537515e-07 1.2915456e-07 2.367164e-07 3.2444257e-07 0.00010074778 0.00021126232 0.0015854952 9.202798e-07 2.1547007e-07 3.0880105e-06 1.9384283e-06 6.591127e-07 3.3899687e-07
0.42452225 4.0176485e-05 0.00023105425 0.00018613384 0.009976248 0.0021114792 0.00033348022 8.348688e-06 0.002594166 0.0013505312 0.0007563582 0.0012702332 0.08220163 0.5646305 4.844174e-06 0.37355977 0.0116400635 0.87607104 0.0013688304 0.72818977 2.385188e-15 0.9903213 7.3353926e-06 0.7670378 0.006796167 0.6053859 0.2097842 0.6440943 0.5489902 0.011570034 0.10566538 0.35997942 0.0008853549 0.11637397 0.012761221 0.025205035 0.034399245 0.1447998 0.028290078 0.002307068 0.0030254328 0.037179705 0.0002491604 0.00010936475 3.1581807e-05 0.009259189 0.00026595168 0.0111952275 0.001763915 0.000423854 9.247437e-05 0.0003960668 3.1111573e-05 1.90421e-05 4.4920544e-05 2.8917798e-06 0.00020055032 5.785135e-06 0.0012849552 7.307961e-07 0.00072886643 0.00064978655 0.00045333756 0.00027746215 3.4417856e-06 0.00023116556 2.3899497e-07 1.3312424e-06 1.7826007e-06 3.200495e-07 8.821063e-07 1.06415364e-07 0.0001848924 4.514746e-06 6.0025777e-05 3.7968073e-06 3.749157e-08 0.0011258424 7.1543895e-05 1.14679786e-07 1.0920045e-05 6.50337e-07 7.065345e-08 8.873705e-07 0.00072460825 1.4502788e-07 1.133226e-08 9.260459e-06 2.9265496e-07 2.0709099e-06 6.8427056e-08 7.6488095e-07 0.0012812089 0.0006809091 0.0017562298 1.0023247e-06 1.5944057e-08 2.447283e-06 1.6490936e-06 8.655197e-06 7.672882e-07
0.84648293 5.1572384e-05 7.842497e-05 0.0004944645 0.002564103 0.000586423 4.8904596e-05 2.705736e-05 0.00043485718 9.265162e-05 0.00058677996 0.00020990713 0.05168836 0.39257538 6.333045e-06 0.17266652 0.002818099 0.5449607 5.9453043e-05 0.55232656 0.9903213 5.457358e-14 1.2817251e-06 0.7141417 0.0036440182 0.5232649 0.285161 0.5154748 0.68583584 0.011907295 0.16226864 0.3368291 0.0010482038 0.27312753 0.037324503 0.027602583 0.055935312 0.4849215 0.029654263 0.0061178515 0.008014685 0.12473368 0.0004819492 0.00039707927 0.00010488807 0.011728745 0.00024078687 0.03905289 0.008340297 0.0007927893 0.00021684538 0.0005323429 0.00015936031 3.7256956e-05 7.467358e-05 3.521784e-05 0.00024630502 4.347981e-05 0.0076701147 8.194881e-06 0.0017428204 0.0046182503 0.0009379659 0.00077865814 1.4160242e-05 0.0003806107 9.2123946e-07 2.7405535e-05 5.178739e-06 4.8244924e-06 1.2835018e-05 5.487951e-07 0.0002951421 1.3863255e-05 0.00085120735 2.7483244e-05 8.7524006e-07 0.0019048512 0.000110723995 8.4522367e-07 4.2559128e-05 1.5293089e-06 1.7501604e-06 5.8183304e-07 0.0014048531 3.8358428e-07 2.1222804e-07 9.8489254e-05 3.0489011e-06 0.000100662015 1.403014e-06 6.730095e-06 0.0016812986 0.0014362097 0.004590606 2.0293292e-06 1.3985195e-07 6.8091617e-06 2.0112657e-05 5.572553e-06 2.1658215e-07
3.802281e-07 5.3376523e-05 8.072384e-05 0.0008010878 0.00014375368 3.8125752e-05 0.0028575081 0.04386255 0.0012579099 0.0051736995 0.0001466277 0.01907342 0.0002999143 1.3473632e-05 0.30830872 7.186584e-05 0.0003870796 1.469105e-05 0.96445495 3.0837065e-05 7.3353926e-06 1.2817251e-06 1.32915484e-20 5.942322e-07 7.333832e-06 2.0839282e-06 8.412917e-06 8.343988e-07 7.974111e-08 8.603327e-06 3.8812013e-06 3.5760927e-08 0.0002878241 6.768325e-09 1.6057535e-05 4.658761e-06 3.4211617e-08 2.2564957e-06 2.800637e-06 2.485562e-09 6.231222e-08 1.4032951e-06 1.5449935e-09 2.7232094e-09 1.7797415e-10 4.7529372e-07 1.0952259e-09 0.00014038279 9.889339e-09 3.493894e-05 7.273748e-08 8.293294e-07 3.4319978e-08 9.789364e-10 1.274113e-08 2.2082014e-09 7.1618125e-08 8.0530555e-08 3.206003e-07 4.2821027e-09 2.3706784e-08 7.461264e-07 2.1692115e-09 3.5158151e-10 4.3155698e-10 2.3246203e-05 4.5561186e-09 3.9690997e-09 7.715838e-09 3.4564867e-09 8.409923e-10 6.6668837e-10 1.1493655e-07 4.6626543e-08 1.1686605e-09 7.0014186e-09 1.6291264e-09 9.2142045e-07 2.4492218e-07 6.056655e-10 2.93312e-08 9.380198e-09 2.1547293e-09 1.9254445e-08 3.8537766e-07 9.257504e-09 5.288768e-10 9.683424e-09 1.9899238e-09 5.657086e-10 1.2858185e-09 1.6833365e-09 4.34903e-05 1.2030162e-05 1.11202e-06 4.7855844e-09 1.4375968e-10 7.183698e-09 2.621359e-09 6.907142e-08 2.1945847e-09
0.8943381 0.0005094438 0.0039850054 0.0004101949 0.0050268867 0.0020007296 0.00053139764 2.0941736e-05 0.0015660981 0.00040749926 0.002659242 2.2106458e-05 0.0045774253 0.3391034 2.0906036e-05 0.02972999 0.00033723662 0.39191714 0.00018798304 0.102183156 0.7670378 0.7141417 5.942322e-07 3.3484068e-15 0.021279048 0.9649938 0.41705728 0.3240831 0.8296917 0.00036862216 0.015518285 0.18890527 4.0001632e-06 0.32660598 0.0024966581 0.0997628 0.78493184 0.032419145 0.24499649 0.2819132 0.10400489 0.02694526 0.017534234 0.039472993 0.012899947 0.02423339 0.0036178397 0.00034262444 0.08487719 0.007085228 0.008187254 0.008389991 0.00618737 0.00024186997 0.007795167 0.0012074455 0.006121151 0.0003517622 0.0033814402 0.00013767344 0.0018590802 0.00021095428 0.0010830999 0.00021367823 1.4853028e-05 0.0029728038 1.0093295e-05 0.00014810998 7.0394955e-05 2.1382917e-05 8.737439e-05 3.0269202e-06 0.00037043035 0.0006898002 7.4025966e-06 5.1443483e-05 1.9730207e-07 0.02234561 0.002917033 8.0078985e-07 0.0009973856 0.00022479129 7.721981e-06 7.652483e-06 0.0024748784 9.835387e-06 1.0921206e-06 0.0012970323 1.3874921e-05 3.6631536e-06 5.7427815e-06 8.754817e-06 0.0054567927 0.004897433 0.016014142 7.5812706e-05 1.1575503e-06 8.239887e-06 0.0006456713 9.470667e-06 1.5443462e-06
0.95921326 0.076052934 0.4883997 0.17919877 0.8232203 0.87906206 0.10944048 0.027377391 0.07195106 0.07702883 0.6390006 0.0048055807 0.008073701 0.6032659 0.03532204 0.00894846 0.003404435 0.01028018 0.011749973 0.006406115 0.006796167 0.0036440182 7.333832e-06 0.021279048 6.142775e-16 0.10433161 0.32380188 0.00095445785 0.0009310852 1.51735485e-05 4.575692e-05 7.2432806e-05 3.636536e-06 3.3371576e-05 4.9496243e-06 0.95412654 8.919428e-05 7.734143e-06 0.26829898 0.000557139 0.00017981022 3.2582055e-05 3.6173893e-05 6.25917e-05 2.2344027e-06 2.4400315e-05 1.208e-07 1.7170263e-06 0.00011853726 0.39199835 5.6809718e-06 0.022238396 6.870788e-05 5.8498628e-08 1.2349681e-06 7.3679126e-07 0.003788332 1.1904121e-05 1.0801585e-05 3.1884798e-07 1.9645679e-05 1.1723929e-06 2.8958272e-07 2.8640065e-07 4.801285e-08 0.101618774 3.13357e-09 8.2795005e-08 1.1930254e-08 9.3915354e-08 4.9401425e-09 4.4624315e-10 8.817304e-07 2.1748541e-05 6.5926386e-08 1.5252102e-08 5.534066e-10 0.00935972 0.00020100453 2.2927262e-09 5.4013967e-06 8.8850186e-07 1.7202977e-08 5.1359416e-07 0.0001817338 4.5949214e-08 2.216468e-09 1.1692982e-05 8.913407e-07 1.4266129e-07 4.320267e-09 1.1895149e-08 0.11652956 0.041074805 0.0047669173 3.0309064e-08 2.8926885e-09 1.8352938e-07 3.7571533e-06 7.464741e-06 3.1422368e-07
0.9038075 0.00091262924 0.08498599 0.0007333056 0.101920776 0.023489038 0.010170819 0.0003113085 0.023911402 0.009805157 0.0054810997 0.0005194439 0.013381127 0.633243 0.00017654119 0.06859641 0.0011086764 0.354997 0.0011364226 0.11572206 0.6053859 0.5232649 2.0839282e-06 0.9649938 0.10433161 5.589578e-18 0.9739549 0.13838977 0.49422124 0.0007615601 0.008421519 0.09868877 2.0481333e-05 0.07466289 0.0009963398 0.30823937 0.3615709 0.008480534 0.53904945 0.3079108 0.071611196 0.011680067 0.031082164 0.046007145 0.0073251757 0.011836591 0.0029707178 0.00016256417 0.026138559 0.106910974 0.0153166205 0.05826132 0.009571938 0.00031860895 0.0033167913 0.00066540163 0.025689473 0.0023359053 0.0012035277 0.0003053496 0.00067338545 3.0315583e-05 0.0005785199 0.00017411889 3.501703e-05 0.0123226745 8.153993e-06 7.70212e-05 4.7454647e-05 3.1737934e-05 3.9416056e-05 1.0344072e-06 0.00026068612 0.0033956168 6.3715856e-06 4.8350328e-05 1.1877312e-07 0.04274005 0.012783414 7.169504e-07 0.0016194631 0.00039950054 1.8527489e-06 4.8838483e-06 0.0036573715 5.810584e-07 7.0825786e-07 0.004087364 6.0612724e-06 2.288912e-05 1.4421998e-06 9.649481e-07 0.011254157 0.008952912 0.018280476 6.479956e-05 1.2058854e-07 6.976815e-06 0.0024994921 1.8249355e-05 7.581535e-06
0.95988816 0.0027129285 0.08766842 0.010403903 0.19765133 0.07435418 0.0146109555 0.0011089874 0.037042078 0.03205326 0.013105685 0.0034056331 0.051064722 0.9302459 0.00078453356 0.13685313 0.01804998 0.24417256 0.0043409257 0.11638274 0.2097842 0.285161 8.412917e-06 0.41705728 0.32380188 0.9739549 3.8256933e-15 0.025745876 0.11073001 0.00018847526 0.0038329256 0.006970271 2.2436647e-05 0.01493352 0.0002027685 0.73622876 0.026897108 0.0013432871 0.610512 0.015683327 0.004160115 0.0012834285 0.0017326598 0.0016192221 0.00019872622 0.0025741009 2.63518e-05 0.00010465047 0.002780302 0.18555652 0.00016166376 0.05015656 0.00030390546 2.5285751e-06 6.9231115e-05 1.6618542e-05 0.018517397 8.812108e-05 7.702803e-05 5.8870014e-06 0.00010938112 1.0130412e-05 2.1422618e-05 4.810734e-05 1.9693634e-06 0.02754703 9.820286e-08 3.7867258e-06 3.9216314e-07 1.021028e-06 4.875265e-07 3.6289176e-08 0.00027112523 0.0004462956 1.9004545e-05 2.0311722e-06 9.10524e-09 0.045437884 0.002271544 1.5104687e-08 0.00024624512 2.959139e-05 4.5071502e-07 2.389062e-06 0.0015834229 1.1069227e-07 2.9601422e-08 0.00024160695 2.5172499e-06 2.2026627e-06 7.523962e-08 1.7315463e-08 0.024023224 0.013388161 0.01629925 1.2840118e-06 8.254724e-09 6.972511e-06 0.00035675478 1.3962768e-05 1.4239209e-06
0.045061 2.3623921e-05 5.075772e-05 4.139348e-05 0.0008169471 0.00033851908 5.2013016e-05 1.900728e-05 0.00015242638 5.0040566e-05 0.00012349292 0.000108938366 0.020365514 0.05101011 1.3375678e-05 0.06602231 0.0010346249 0.36015752 8.026647e-05 0.8070689 0.6440943 0.5154748 8.343988e-07 0.3240831 0.00095445785 0.13838977 0.025745876 1.556352e-15 0.6468189 0.026668623 0.23744859 0.9903117 0.0040107486 0.5871632 0.120789185 0.00090121524 0.0557213 0.41007352 0.003479954 0.001085501 0.0011104442 0.06435092 0.00044471188 0.0002540487 0.00023799116 0.0047889436 0.0006511143 0.03138226 0.00051098265 8.331298e-05 0.0002980282 0.00013518635 0.00011091751 7.947665e-05 0.00023023775 6.15631e-05 6.7101355e-05 4.329184e-05 0.002421766 3.5911507e-06 0.0012041751 0.000884247 0.0004179274 0.00013480966 0.00014443006 3.0736566e-05 1.277992e-05 4.193173e-05 3.4434288e-05 7.438186e-06 4.3927605e-05 7.2439334e-06 0.0003847149 1.9466712e-05 0.00010472245 3.4138957e-05 1.1763295e-06 0.00093072065 0.00089223625 2.5665213e-06 3.8253187e-05 1.379622e-06 5.080322e-06 5.414861e-07 0.001253414 3.3857348e-06 6.9183324e-07 8.4617386e-05 4.901304e-06 1.8473376e-06 5.6969225e-06 2.1618493e-05 0.00032767758 0.00045955554 0.001177555 7.2152925e-06 6.596415e-07 1.624068e-05 1.0240164e-05 2.9837033e-06 1.182623e-06
0.700935 3.0858055e-06 3.1629734e-05 2.1456946e-05 0.00024611386 0.00021234722 5.337665e-06 5.72842e-07 2.151561e-05 5.1878e-06 0.00018572174 1.1496998e-05 0.00039164408 0.023910921 7.2748827e-07 0.001885051 1.3144468e-05 0.034033597 2.0711695e-05 0.052573152 0.5489902 0.68583584 7.974111e-08 0.8296917 0.0009310852 0.49422124 0.11073001 0.6468189 6.320114e-14 0.0010867952 0.049161285 0.612508 0.0001208616 0.976676 0.016694585 0.0068722037 0.79331475 0.5510214 0.042179868 0.06311017 0.3669402 0.37369195 0.016092973 0.0102417525 0.003944766 0.16832349 0.014703323 0.026906613 0.14119872 0.0006475215 0.010050322 0.00086835976 0.0038041002 0.0009869225 0.0029128282 0.00040614873 0.00028700454 0.00014122702 0.02610335 5.3232052e-05 0.013494702 0.01288152 0.04095529 0.0047608675 0.00011678089 8.576953e-05 1.6012073e-05 3.207202e-05 2.796926e-05 1.4989022e-05 1.6814645e-05 5.5858823e-06 0.008618528 0.00015656426 0.016424878 0.00032248546 1.8655304e-06 0.00466469 0.0008029457 3.9591555e-06 0.00013668678 1.668306e-05 4.154667e-06 6.0053053e-06 0.0040604533 2.2098523e-06 9.228038e-07 0.00077856414 3.6261054e-06 5.4233322e-05 2.7262565e-06 2.5608382e-05 0.0003228846 0.000758853 0.013496382 7.864371e-06 4.171172e-07 0.000572776 8.045001e-05 2.0787526e-05 8.1371087e-07
0.000104004255 2.6615617e-06 3.901585e-05 5.3001136e-06 0.0025180748 0.000109391665 2.7209024e-05 3.1560232e-06 0.00030879577 0.00020009353 3.40324e-05 0.012089982 0.24476083 0.008057674 3.6475794e-07 0.24721512 0.16739078 0.03421585 4.7827656e-05 0.653828 0.011570034 0.011907295 8.603327e-06 0.00036862216 1.51735485e-05 0.0007615601 0.00018847526 0.026668623 0.0010867952 4.3438408e-20 0.75362515 0.025440086 0.9633531 0.00024891147 0.7280653 1.48143245e-05 1.2039621e-05 0.019402876 8.871301e-07 3.3654808e-07 1.8441753e-05 0.0036885466 1.6735303e-06 2.8026156e-07 9.6834654e-08 3.5246383e-06 5.2385474e-07 0.0034293304 6.0366596e-09 5.376395e-06 6.8432016e-08 3.5640471e-06 1.240539e-07 3.0144463e-08 7.0002606e-08 4.5174065e-08 1.7031282e-06 1.3054053e-08 5.269325e-06 6.183871e-09 1.215184e-06 8.297444e-06 1.3055721e-08 1.7315815e-09 1.28771624e-08 3.408615e-07 3.3359818e-08 1.6149208e-08 1.2095129e-08 5.3706315e-09 5.223377e-09 7.0273605e-09 3.8672812e-07 3.1113174e-07 1.2351246e-08 4.680841e-08 8.5510327e-10 9.604339e-05 3.561631e-06 2.8339866e-09 5.397816e-07 2.4570882e-08 5.8122158e-08 2.289878e-08 0.00024909622 2.7319565e-08 2.6213287e-09 3.4431052e-06 1.6054432e-08 1.1052886e-09 6.4880034e-08 1.5265003e-07 6.1297535e-05 9.804253e-05 1.5210392e-05 7.628583e-08 2.887006e-09 2.4384263e-09 7.321118e-07 9.676227e-08 1.468392e-09
