5.018106e-22 0.9824266 0.9903337 0.7241949 0.049875755 0.5706925 0.891164 0.1463965 0.9746104 0.5426287 0.39543724 0.9553146 0.87184966 0.9550962 0.3524028 0.008803269 0.000783343 0.07873553 0.011048614 0.8927227 0.7074761 0.4718508 0.71975905 0.20713398 0.012333133 0.9048805 0.27784398 0.039758552 0.16241287 0.96379995 0.1989396 0.95904535 0.83861345 0.9370227 0.8087348 0.008925168 0.68138665 0.771179 0.9217061 0.93864983 0.70253086 0.7563151 0.0021472883 0.9792927 0.51313394 0.005400255 5.5737684e-05 0.9536032 0.08381785 0.0009386975 6.8784516e-07 0.11942736 0.83215886 0.0018096231 0.9923202 0.08628077 1.3691141e-06 0.9782735 8.87426e-06 0.029342221 0.27025282 0.99023604 0.20015575 0.00084588263 0.9600718 0.97202146 9.4209456e-05 0.94375235 0.01670582 0.00012823194 0.03361671 0.90104306 0.07125551 0.006221099 0.9696484 0.94270575 0.018254701 0.8934038 0.011290132 0.93815005 0.92806464 0.92134696 0.033078954 0.004058187 0.9481398 3.8472993e-07 0.986479 0.99004745 0.95938134 0.9865722 0.97919446 0.19182514 1.1149625e-06 0.00019541888 0.785888 0.99978834 0.9981674 0.99981564 0.99988145 0.99957573 0.6487923
0.9824266 2.7592643e-17 0.07957649 0.89235294 0.7435015 0.98294073 0.21559487 0.4616011 0.66226053 0.16275541 0.032859314 0.0059312005 0.03809509 0.95761937 0.00040795575 0.0072868685 0.039459404 0.14816499 0.17477474 0.2433893 0.0033410555 3.960132e-05 0.00055951247 0.0011381613 0.0055210786 1.7140512e-05 6.5413755e-05 0.0008376982 0.00056769623 0.03033448 0.0005206332 0.18401118 0.003124891 0.0051677106 0.32446748 0.030113675 0.00022255538 0.13516039 0.03488061 1.8795876e-05 0.007492707 2.1233616e-05 0.0019155857 0.00021548808 0.007175593 0.0054607727 0.0015493953 0.2873458 6.723581e-07 5.070629e-05 0.00090367236 0.00044214356 0.0015437426 1.6012164e-05 0.029931769 2.4841524e-05 0.0026276205 0.017233144 0.00097440503 1.1046748e-06 6.212244e-07 0.76086015 5.927275e-06 0.03572865 1.8194598e-05 0.0028951785 5.6661545e-05 3.2038577e-07 1.4278944e-06 1.0952109e-06 4.1908957e-06 0.00017479653 1.2323949e-06 7.508046e-07 0.017951047 0.015206464 4.7512466e-07 2.3131859e-06 1.4547365e-07 4.4936205e-06 3.5612018e-05 0.000530616 5.487909e-07 1.0417762e-09 1.583225e-06 2.0843038e-06 0.00045874302 0.002104688 2.0456564e-05 0.00064100843 0.0015623077 1.1376266e-08 1.147533e-09 4.823645e-08 5.8053797e-06 0.005757882 9.053069e-06 0.00013638665 0.061323196 0.00040038768 0.0005356385
0.9903337 0.07957649 9.064413e-17 0.13984314 0.29004288 0.008299815 0.9504548 0.013270012 0.94150686 0.00041103034 0.8846247 0.17875892 3.4959307e-05 0.13022746 0.020186333 0.7193727 0.033074267 0.007194262 0.5391839 0.3539934 0.019979928 0.0013997525 7.5210714e-06 0.00012580796 0.7283534 0.00031576643 0.0014925355 1.0387039e-05 6.689708e-05 0.00015324101 0.12720832 0.6308716 0.00017435085 0.045938842 0.019687157 0.80869067 2.455573e-06 0.002753955 0.00060501584 0.00013844646 0.012799656 0.0003701445 6.099291e-05 0.0024983552 0.00032254294 0.41956204 0.18045038 0.3964568 0.00011099401 1.3176931e-06 0.019232657 0.34709337 0.000114894094 0.0010717557 0.35670972 1.682304e-06 0.13749051 0.00019062385 0.11666992 1.8121365e-05 1.6258401e-06 0.10493134 6.942246e-05 0.057585098 0.00039343812 4.639295e-05 0.06750346 7.4902664e-07 8.98219e-06 3.0279787e-05 2.5739532e-06 5.532104e-06 1.7153248e-07 0.009689928 0.015915431 0.00095768634 1.4711792e-08 7.6630626e-05 1.9991635e-06 5.224897e-05 3.5115048e-07 5.0743827e-05 6.049699e-06 3.5017698e-09 4.006707e-06 0.00014231852 0.0010964572 0.0003402617 9.6635995e-05 0.00024413108 0.0009240844 1.648107e-07 4.2315023e-06 3.8848134e-07 3.915331e-07 0.013739023 2.976168e-07 0.00040757467 0.008518119 6.489888e-05 9.00756e-05
0.7241949 0.89235294 0.13984314 4.003179e-15 0.98785967 0.91698104 0.32006583 0.67260057 0.26789942 0.07963835 0.060949333 0.0037850924 0.0016775755 0.6536576 0.0002893063 0.028934635 0.1266713 0.51389724 0.5334297 0.039946422 0.00050501793 7.061496e-05 3.3980086e-05 8.855639e-05 0.045911618 2.9102027e-06 3.9599014e-05 8.410506e-05 5.291157e-05 0.0015850478 0.0010408672 0.04948584 0.00047671123 0.00028452865 0.043478437 0.35771182 0.00012166893 0.0132657485 0.002376538 1.7876475e-05 0.0005564227 2.631368e-05 0.0025637695 3.3495257e-05 0.0005566475 0.026401622 0.010374424 0.06849268 1.8423148e-06 4.7881854e-06 0.005496306 0.0017559369 9.784768e-05 4.7980287e-05 0.002961598 1.0887641e-05 0.012093719 0.0003934819 0.00455403 2.437672e-06 4.6988316e-07 0.5547255 5.3716444e-06 0.38259083 1.9513498e-05 4.3917094e-05 0.00048736238 5.1900113e-08 1.4859695e-06 2.440049e-06 1.5987831e-06 3.702859e-05 3.0080008e-07 1.2196163e-05 0.0023123315 0.0011534333 2.4706697e-08 1.9084412e-06 1.3111402e-07 4.1974117e-06 6.83139e-07 1.7666624e-05 1.457099e-06 1.1542853e-09 6.3924836e-07 6.090296e-06 0.0002189193 0.00030514173 3.601892e-05 7.282144e-05 0.00044062664 2.1232986e-09 2.1304922e-08 9.255267e-08 1.7531379e-07 0.0010458303 5.0204756e-07 6.033725e-05 0.011391119 3.0097915e-05 0.00012006936
0.049875755 0.7435015 0.29004288 0.98785967 1.2598519e-17 0.92235637 0.31064186 0.9697566 0.13530563 0.28912157 0.090209514 0.003454408 0.0074525718 0.35261303 0.00078996964 0.07752521 0.48684418 0.6672848 0.6931295 0.049074676 0.00034961905 0.00017999379 8.689749e-05 7.366859e-05 0.010326451 1.6778522e-05 0.00010099626 0.0012046276 4.054117e-05 0.0002814311 0.0023709917 0.020051062 3.926774e-05 0.0003447574 0.016391007 0.049365234 1.3454858e-05 0.005227621 0.0006552677 3.209527e-05 0.00029375518 5.4230445e-06 0.0012307415 4.0247127e-05 0.00012550586 0.008065809 0.0108152535 0.01712103 7.303996e-07 1.8370864e-06 0.003135481 7.818086e-05 2.4500956e-05 3.820976e-05 0.0012880013 3.9929463e-07 0.004525626 6.460451e-05 0.00079654483 2.3878445e-07 1.8385349e-07 0.096040875 5.596887e-06 0.07951792 3.581154e-06 1.1284426e-05 0.00015902829 1.1103186e-07 7.26842e-07 5.706735e-07 4.28119e-08 3.1783745e-06 7.416914e-08 2.285129e-06 0.00069645396 0.0009107165 1.5177686e-09 7.792568e-07 5.2939875e-09 7.184624e-07 2.3434925e-08 1.1084803e-06 1.3890907e-06 1.11285474e-10 1.7650726e-07 2.3015452e-06 6.3592265e-06 8.8781904e-05 2.1527342e-06 8.793493e-06 8.368805e-05 2.1588295e-10 1.4458913e-09 3.9989176e-09 2.3377202e-08 0.0003456896 1.4593908e-08 3.3890879e-06 0.0016858488 6.664415e-07 7.866988e-06
0.5706925 0.98294073 0.008299815 0.91698104 0.92235637 4.1672668e-17 0.009819108 0.9587849 0.10614917 0.9099362 0.0010690374 0.004937266 0.46643874 0.718861 0.0002981968 0.0020240434 0.050472617 0.39096186 0.064289466 0.02932048 0.00088190153 9.153439e-05 0.0048676995 0.014130968 0.0003492137 1.1856207e-05 3.298461e-05 0.01879796 0.00518852 0.111091524 0.00013238525 0.021724306 0.01089347 0.0014515623 0.06468403 0.0015097962 0.0011832138 0.061971426 0.038860492 1.7462917e-05 0.00073803565 4.26525e-05 0.008401532 7.140416e-05 0.00798217 0.0005015712 0.00012547617 0.0253317 4.4747546e-07 0.00032153836 0.000107692416 5.69286e-06 0.0020138577 6.988261e-06 0.0032403548 0.0003781306 0.00044534853 0.020068634 5.577947e-05 3.3841124e-07 2.1885528e-07 0.2762159 2.5397333e-06 0.0076351343 2.5961594e-05 0.004626094 9.71832e-07 8.83211e-08 5.6773433e-06 8.174275e-08 6.852276e-05 0.00020758456 8.1778535e-06 6.940817e-08 0.0031669694 0.012098015 2.1892752e-07 3.4090756e-06 9.853396e-09 3.0212097e-06 9.286566e-06 0.0011744298 6.145551e-07 2.5356458e-08 2.936574e-06 3.93834e-07 0.00010622167 0.0023518137 3.6677593e-05 0.0012564347 0.00040597445 2.6031828e-09 5.4047278e-09 4.0450794e-07 5.0104004e-06 0.0006521166 6.364393e-05 3.1331045e-05 0.015922148 0.000486472 0.0004425715
0.891164 0.21559487 0.9504548 0.32006583 0.31064186 0.009819108 2.7197933e-17 0.028101152 0.91587144 0.0007042607 0.946676 0.33373484 2.9754756e-05 0.17178208 0.020523394 0.8148878 0.071605295 0.020598896 0.61097443 0.4668 0.020671478 0.0030453908 1.3548093e-05 0.00010068055 0.7809468 0.0010911284 0.0025272688 8.041637e-06 2.1491822e-05 0.0002807949 0.10420829 0.68502736 0.00021058603 0.033541035 0.0245282 0.89307874 2.0128493e-06 0.0023177848 0.0010421257 0.00018975956 0.0077875652 0.00034988654 0.00012483462 0.0032429872 0.00031485048 0.52336353 0.27632004 0.36671293 5.3636406e-05 3.4444335e-07 0.035451267 0.36577398 7.7733515e-05 0.0010767608 0.27200574 2.7172366e-06 0.23929384 0.00011851206 0.13923523 1.4038889e-05 1.843385e-06 0.084897354 9.294784e-05 0.112476 0.00010650143 1.2900672e-05 0.10251954 1.2227781e-07 8.152857e-06 3.172837e-05 2.751722e-06 1.3317224e-06 3.2426144e-08 0.010830571 0.006579866 0.0005577392 2.211291e-09 4.656951e-05 9.06733e-07 5.8094425e-05 5.6335747e-08 4.4503495e-06 1.8248999e-06 5.374175e-10 6.297688e-07 0.0004899963 0.000367046 0.00022827266 4.9212962e-05 3.1461623e-05 0.0009345087 8.738354e-09 2.8878667e-06 2.0656384e-07 7.721908e-08 0.0141921695 1.0697317e-07 0.00014486209 0.0057168184 5.7053826e-06 3.8040038e-05
0.1463965 0.4616011 0.013270012 0.67260057 0.9697566 0.9587849 0.028101152 2.587474e-14 0.03256468 0.9697611 0.0066091428 0.0039600865 0.28823528 0.2430313 0.0003583696 0.00932174 0.33802885 0.8770533 0.4587635 0.0076956116 9.469271e-05 0.00020867224 0.0042241625 0.0053552664 0.005167114 1.5687896e-05 0.00010411759 0.10701778 0.02498942 0.05799894 0.0016024737 0.0041859853 0.0013242036 0.00040520722 0.009489752 0.03927055 0.00043559397 0.007814042 0.015257174 7.2542236e-05 0.00010956216 3.6079714e-06 0.057595946 5.548571e-05 0.003614567 0.0037940012 0.0035268832 0.0030881271 8.7057987e-07 0.00044104434 0.0028433292 0.00024370631 0.0004967717 2.2863158e-05 0.0031386388 0.00039485583 0.0016337796 0.0039949487 0.00028481233 4.787904e-07 2.1767746e-06 0.08973634 8.609663e-06 0.33972558 4.2624524e-05 0.00093502 8.750589e-05 1.2545492e-07 1.0706498e-06 1.3915289e-06 8.061102e-06 0.00018867092 1.8914076e-06 1.2440043e-05 0.0002735051 0.0014094971 4.5212943e-08 7.194068e-08 2.0153168e-07 2.4108742e-06 3.7163607e-06 3.447444e-05 1.1354638e-05 1.1852452e-09 2.9165392e-07 2.1288495e-06 3.793791e-05 0.00035580512 2.7058122e-06 5.9461487e-05 6.365686e-05 1.1395002e-09 4.8848168e-08 1.1911354e-07 4.7283834e-07 0.0009011555 4.1652018e-07 2.736631e-05 0.0023680497 2.7287966e-05 6.141599e-06
0.9746104 0.66226053 0.94150686 0.26789942 0.13530563 0.10614917 0.91587144 0.03256468 2.8653187e-14 0.004760643 0.716017 0.7207361 0.003391316 0.7368993 0.09595249 0.10349345 0.0024969738 0.0016534362 0.016751295 0.9317789 0.68369925 0.027568428 0.00094829546 0.0019342421 0.065816306 0.0023483813 0.036801927 7.2670686e-05 0.00029976276 0.00066318933 0.104470275 0.8714075 0.00042748768 0.17387131 0.06774524 0.03444704 5.0272025e-05 0.017724974 0.0024108712 0.0027032886 0.15252563 0.014028484 2.2879583e-05 0.01001601 0.0031099322 0.07373233 0.008289224 0.58689404 0.0029691672 3.5758642e-06 0.00017358798 0.08150595 0.00020252325 0.0120458575 0.4724872 1.632142e-05 0.00424422 0.00031481625 0.0030647966 0.0005427764 0.0002164716 0.04515003 0.0006489288 0.00029656242 0.0022087842 7.370334e-06 0.0020736216 3.7933278e-05 9.66961e-05 4.8331753e-05 2.6697135e-05 1.0667824e-05 2.3525906e-06 0.0019278029 0.053354256 0.011430801 8.905394e-07 0.00058017496 1.664364e-06 6.5799104e-05 2.053307e-06 0.00014655263 3.8042376e-06 1.3253904e-07 2.481078e-06 4.6583235e-05 0.013208279 0.0013963007 0.0005463075 0.00031124323 0.0074414928 2.597878e-07 1.3908762e-06 4.433509e-07 5.022013e-07 0.12529898 2.5474216e-07 0.0008759804 0.027848205 6.6673047e-06 0.00010266669
0.5426287 0.16275541 0.00041103034 0.07963835 0.28912157 0.9099362 0.0007042607 0.9697611 0.004760643 4.1304288e-14 0.00021386762 0.00050315127 0.970582 0.08833115 7.2562616e-06 0.00092140393 0.17426465 0.96345484 0.14627606 0.0003312355 2.0840682e-05 1.4799448e-06 0.107982285 0.1660357 0.00043443046 1.5003932e-06 7.003386e-06 0.7927941 0.57361776 0.34392655 4.4349297e-05 0.0005898351 0.011304192 3.328779e-05 0.0017376855 0.0025695425 0.004874596 0.002688362 0.067733936 5.8213245e-06 1.1150098e-05 6.6235214e-07 0.5926915 4.9450473e-06 0.009294604 0.00015091989 0.00012162427 0.0002892194 5.3176002e-08 0.040720467 0.00069985894 1.8512168e-05 0.0023135182 3.2423518e-06 0.0007628263 0.026588572 0.00022975674 0.017522532 7.392544e-06 1.7946817e-07 2.540662e-07 0.021500615 1.1633325e-06 0.4198142 3.3642855e-06 0.008001297 2.6764037e-06 2.2075456e-08 8.3802814e-07 1.1184001e-06 0.0002489943 0.0004089368 1.0200533e-05 3.901836e-06 8.3228246e-05 0.0008052654 4.1109908e-07 4.0389154e-09 2.3227365e-07 8.601621e-08 5.1597126e-05 0.00026948933 8.1697897e-07 2.9404188e-08 1.4155111e-07 1.6255308e-07 6.5297854e-06 0.0010846525 4.2625496e-07 0.00018151695 1.3415829e-05 2.6431648e-08 1.4008027e-08 8.0441106e-07 3.3779106e-06 0.000221348 3.647599e-06 1.924994e-05 0.005026585 0.00015556827 8.729568e-05
0.39543724 0.032859314 0.8846247 0.060949333 0.090209514 0.0010690374 0.946676 0.0066091428 0.716017 0.00021386762 2.099672e-19 0.49222916 5.195613e-06 0.013967029 0.12272527 0.9809087 0.013936979 0.002715188 0.47047657 0.25768253 0.010294205 0.011814254 3.3567158e-06 6.644159e-05 0.87396 0.0020115457 0.018464321 8.217875e-06 1.7618763e-06 4.7459394e-05 0.48254734 0.434169 6.3718167e-06 0.015398674 0.0013915867 0.65062016 3.0341005e-07 0.0001003018 8.160859e-05 0.0010676364 0.0018744644 0.00023884018 0.00024798786 0.0026304813 5.0416973e-05 0.48264146 0.22628559 0.04332621 0.00038781142 9.755734e-07 0.006837668 0.46566695 1.566453e-05 0.0026246728 0.07936522 1.6495694e-07 0.10995081 4.0635327e-06 0.09792344 6.149632e-05 1.853798e-05 0.0055914167 0.0003345361 0.003271499 9.9326484e-05 5.4728514e-07 0.11404629 1.2983111e-06 4.68329e-05 0.0002286668 1.7875706e-07 9.063906e-07 1.3285041e-08 0.048111383 0.0012792218 8.389269e-05 1.3649923e-09 2.830065e-05 9.838843e-07 0.00011599759 5.21844e-08 1.8596286e-07 1.9268471e-05 1.5763193e-09 9.949557e-06 0.00078513764 0.00012847393 3.3290522e-05 2.5730098e-05 7.3597386e-07 0.0003378067 3.6610666e-07 2.3330485e-05 1.0127262e-07 2.2519822e-07 0.0069337008 5.5764552e-08 0.00024459529 0.0013715385 2.334401e-06 1.7358081e-05
0.9553146 0.0059312005 0.17875892 0.0037850924 0.003454408 0.004937266 0.33373484 0.0039600865 0.7207361 0.00050315127 0.49222916 2.7767408e-16 8.262597e-06 0.037509702 0.9675149 0.028346764 0.00022294903 0.00043046963 0.00086131005 0.6535397 0.905884 0.87605596 1.8727973e-05 0.0001799332 0.018370064 0.2695199 0.5421655 3.623746e-05 8.939687e-05 2.9409475e-05 0.55754876 0.85616016 1.7934464e-05 0.81632215 0.006438671 0.0035771695 2.67417e-07 0.0008408064 9.4631774e-05 0.4052008 0.08258043 0.1914102 3.142294e-05 0.7339486 0.00049565826 0.23864022 0.004624868 0.06638096 0.12803476 2.6347338e-06 3.2969045e-05 0.5573542 4.4222466e-05 0.14275466 0.83836037 5.2908717e-06 0.00030278356 3.168749e-05 0.0010906863 0.03152432 0.031601693 0.006971917 0.03020351 2.9157368e-06 0.035430245 6.451098e-07 0.018481718 0.005069846 0.0012437897 0.002428845 1.8194623e-06 6.493386e-07 3.6157442e-07 0.14726543 0.024130633 0.0012224752 1.9306545e-07 0.04480155 3.112074e-05 0.004513093 2.3890989e-06 1.0632155e-05 0.00015666941 2.2176486e-08 0.00010147736 0.00016639865 0.016511735 0.00067810144 0.006493588 2.197758e-05 0.0069863233 0.00012432683 0.0016579283 1.4919005e-08 1.559921e-06 0.13455431 3.9037225e-08 0.0162807 0.013017511 1.8493683e-06 8.1368446e-05
0.87184966 0.03809509 3.4959307e-05 0.0016775755 0.0074525718 0.46643874 2.9754756e-05 0.28823528 0.003391316 0.970582 5.195613e-06 8.262597e-06 8.981291e-17 0.38561505 7.8301287e-07 5.8734953e-05 0.008241727 0.4610801 0.00035616008 0.00053824723 7.302712e-06 3.5696257e-08 0.6082627 0.9354002 1.4220016e-05 1.4638103e-07 1.0958665e-07 0.6443799 0.949044 0.9294352 5.6508693e-06 0.0006912071 0.4993237 3.3853492e-05 0.011862865 1.1406646e-05 0.39195573 0.03164107 0.47013566 6.043503e-07 4.331736e-05 1.6306025e-06 0.16923898 3.3469985e-06 0.083451256 3.4764977e-05 4.0039304e-06 0.0018513908 7.576438e-08 0.059233095 8.486706e-06 9.595848e-06 0.047628026 9.358557e-07 0.00050028664 0.11074074 1.6184456e-06 0.22828653 4.009767e-07 1.3270031e-07 7.6122745e-08 0.033042412 6.0177894e-07 0.0040483163 5.75019e-06 0.22526726 8.6199617e-07 5.215611e-09 7.359984e-07 6.362311e-07 0.008549693 0.008412288 0.00093952945 3.0859866e-07 0.00078996737 0.013307842 6.797914e-05 9.529083e-08 2.4916878e-07 1.0202585e-07 0.0010319136 0.016987737 3.4158626e-07 4.2564605e-07 2.2040308e-06 9.802359e-08 3.5769815e-05 0.021483546 2.31844e-06 0.007506056 0.00048261211 6.7073614e-08 2.4759568e-09 7.867979e-06 0.00013289339 0.00071068347 0.00034741277 2.5101888e-05 0.024928339 0.01744782 0.0026862011
0.9550962 0.95761937 0.13022746 0.6536576 0.35261303 0.718861 0.17178208 0.2430313 0.7368993 0.08833115 0.013967029 0.037509702 0.38561505 1.6798017e-13 0.013668736 0.0054642004 0.00838973 0.009276467 0.004781993 0.5567556 0.1685582 0.003772384 0.22079399 0.23719265 0.0011488013 0.00015287753 0.00078438397 0.0017485305 0.005271911 0.30772895 0.005942246 0.122603446 0.2109387 0.029380703 0.93683106 0.0008229219 0.14694452 0.81294453 0.34510776 0.00026916416 0.13760366 0.0024538115 0.0005542386 0.0013989725 0.11371702 0.0028512347 0.0020517483 0.4914904 0.00055410387 0.00021833944 6.842292e-05 0.00020753525 0.046668116 0.00074562995 0.05002556 0.00020253677 0.0009272611 0.032576114 0.000842531 0.00016468306 9.27089e-05 0.8859589 0.00087773433 0.0008898192 0.00059803284 0.004256956 0.00029794493 4.6050667e-05 0.00012330653 9.827126e-06 0.00066890096 0.0010824928 0.0006940507 2.470339e-05 0.09640498 0.13287632 3.957319e-05 0.00060321024 9.350409e-06 6.127667e-05 0.00039629466 0.013259354 7.426238e-05 8.4572885e-06 0.00010135027 1.369158e-05 0.016768206 0.0741924 0.0008113564 0.018877946 0.018402986 6.2403387e-06 6.375935e-07 1.5785565e-07 2.8556937e-05 0.17965044 4.2842068e-05 0.00020771266 0.1966425 0.002761163 0.0051409965
0.3524028 0.00040795575 0.020186333 0.0002893063 0.00078996964 0.0002981968 0.020523394 0.0003583696 0.09595249 7.2562616e-06 0.12272527 0.9675149 7.8301287e-07 0.013668736 2.3608632e-16 0.0182549 3.9534752e-05 6.0419305e-05 0.0003300313 0.06938379 0.15895459 0.9750811 5.2739856e-06 6.0996426e-06 0.007215108 0.66218174 0.9861044 2.6008456e-05 1.0764493e-05 5.5268443e-05 0.5438051 0.14723252 3.617579e-05 0.2775336 0.0008737347 0.00018060092 8.893978e-07 4.9953265e-05 4.916699e-05 0.48884717 0.0031985275 0.028085057 3.6451594e-05 0.5062084 1.2820289e-05 0.07370372 0.0014366227 0.004040498 0.55300885 6.28243e-06 2.3213791e-07 0.11794234 1.4590792e-06 0.29850486 0.22516531 1.1002312e-05 1.7678001e-05 4.8559223e-06 0.00014139655 0.0078687295 0.00865026 0.0013212436 0.19470018 2.9457277e-07 0.0052800877 5.7164414e-07 0.0049362443 0.0025541834 0.0035489933 0.004812804 6.4159485e-07 7.88268e-07 4.247363e-08 0.027884243 0.0017835394 0.00019978752 9.436509e-09 0.021921791 8.7095104e-05 0.0061133257 4.987403e-06 7.2069054e-07 0.0010846452 4.0621412e-08 0.00014896345 5.522229e-05 0.0013237207 0.00019138982 0.0037106043 8.129976e-06 0.0014000682 0.0007756073 0.000751853 1.5655837e-07 9.784613e-06 0.008260021 2.339684e-07 0.008739615 0.00048738523 3.9823763e-06 3.276996e-05
0.008803269 0.0072868685 0.7193727 0.028934635 0.07752521 0.0020240434 0.8148878 0.00932174 0.10349345 0.00092140393 0.9809087 0.028346764 5.8734953e-05 0.0054642004 0.0182549 2.3251003e-19 0.104356855 0.016641278 0.85094637 0.02545338 0.0012757473 0.0032494408 2.5068279e-05 3.376389e-05 0.9481947 0.00017693947 0.009680161 2.7955313e-05 3.2766835e-05 6.281553e-05 0.4441476 0.025131252 1.6622497e-06 0.00080940995 0.00017980437 0.25067914 1.2802079e-06 1.1833932e-05 2.9813807e-05 0.00039804343 6.6248416e-05 1.4447296e-05 0.00038449155 0.00032513874 3.039289e-06 0.29566336 0.29067627 0.0022708443 0.0005025513 2.9809387e-06 0.024644105 0.05887977 5.758474e-07 0.0026728227 0.002674429 1.8290624e-06 0.07824936 4.0398463e-06 0.05260797 5.625061e-06 8.26638e-06 0.0014968503 0.00024342968 0.0036952728 5.43451e-05 3.0899223e-06 0.07154218 2.5541615e-06 1.1035424e-05 0.00027294463 5.6064954e-07 3.3138078e-06 2.6793572e-07 0.010342313 4.97944e-05 7.80548e-05 1.3697554e-08 2.4106537e-06 6.830236e-07 3.87579e-06 3.3455157e-07 1.582305e-07 4.4308883e-05 6.175105e-08 1.0341971e-06 0.00059334404 5.9866984e-06 1.4968352e-05 6.5752215e-06 2.0124992e-07 3.7750884e-05 5.147676e-07 5.4487577e-06 1.3513599e-07 3.0440924e-06 0.001156207 7.733862e-08 9.746197e-06 0.0002804767 2.6358598e-06 4.1703834e-06
0.000783343 0.039459404 0.033074267 0.1266713 0.48684418 0.050472617 0.071605295 0.33802885 0.0024969738 0.17426465 0.013936979 0.00022294903 0.008241727 0.00838973 3.9534752e-05 0.104356855 1.3062741e-20 0.91325086 0.995669 3.5390633e-05 3.3553732e-07 3.9321944e-06 0.00025347853 0.00022193923 0.039707806 1.7870934e-07 6.2112217e-06 0.013342071 0.0002775368 0.00017015536 0.00012443063 5.6072604e-05 1.2167171e-06 1.3314911e-06 7.3667965e-05 0.009233959 2.5033362e-06 3.769487e-05 2.8951896e-05 3.0213396e-06 1.5437278e-06 3.239443e-08 0.05820121 3.4780778e-06 5.4009283e-06 0.00017165516 0.0011953021 2.0135512e-05 2.554998e-07 8.437226e-05 0.0039533437 2.0656985e-06 1.6282312e-06 4.2244525e-07 2.6177244e-05 5.473812e-07 6.705996e-05 1.3851969e-05 1.6087823e-05 2.4047065e-08 3.4724948e-07 0.0019417504 9.01409e-07 0.061055668 7.7330617e-07 6.5309628e-06 3.5115602e-06 1.2718348e-07 9.417275e-08 2.1528242e-08 9.660829e-08 6.3990315e-06 3.8848432e-07 2.7764186e-06 1.4033948e-05 0.00025266953 2.0178485e-08 1.8175685e-08 1.1956057e-09 4.3155883e-09 4.519976e-06 1.831828e-07 6.136333e-07 4.9367443e-08 1.04055395e-07 5.8094423e-07 5.2979425e-07 2.585027e-05 4.294109e-07 7.848916e-07 4.673383e-06 4.1390097e-10 3.0205396e-09 1.1662651e-08 1.9784453e-07 1.1885636e-06 2.9744324e-08 1.8578808e-07 0.00033186912 1.2536146e-06 5.107903e-07
0.07873553 0.14816499 0.007194262 0.51389724 0.6672848 0.39096186 0.020598896 0.8770533 0.0016534362 0.96345484 0.002715188 0.00043046963 0.4610801 0.009276467 6.0419305e-05 0.016641278 0.91325086 2.0725897e-13 0.82014364 0.00013279913 3.5399862e-06 5.1871316e-06 0.024270697 0.026234953 0.004526341 6.5581463e-07 5.1500106e-06 0.8760778 0.24932387 0.06762787 0.00013276708 0.00027913685 0.00029717505 0.00018938226 0.00034303166 0.030883675 0.0024250813 0.0005742437 0.004400065 4.522129e-05 3.2833477e-06 2.9388264e-06 0.9274239 3.405428e-05 0.0014474631 3.7471254e-05 0.0005634844 0.00031913078 4.872989e-08 0.13242382 0.03856329 0.00018667319 0.0005459814 6.150265e-07 9.713401e-05 0.0034877753 0.00090504106 0.0017067943 5.6907462e-05 1.2805187e-07 1.419182e-07 0.008916405 1.0043739e-05 0.60283154 6.4471415e-06 0.00031759992 1.414793e-05 1.377167e-07 1.5374967e-06 4.4281405e-06 6.145331e-06 5.661251e-05 4.7046836e-07 0.00024346124 5.887493e-05 0.0006430286 1.250578e-08 1.9186468e-09 8.1834355e-07 1.0614778e-07 6.725216e-05 5.805706e-06 4.5208784e-05 6.9795156e-08 2.7367703e-06 8.765615e-07 2.7411324e-06 0.000444438 8.28923e-07 6.537914e-05 4.449267e-06 9.2284955e-07 6.351214e-08 6.710628e-07 2.6648144e-05 0.00018454959 1.3225174e-06 1.2499396e-05 0.0046776175 1.9966017e-05 6.3929133e-06
0.011048614 0.17477474 0.5391839 0.5334297 0.6931295 0.064289466 0.61097443 0.4587635 0.016751295 0.14627606 0.47047657 0.00086131005 0.00035616008 0.004781993 0.0003300313 0.85094637 0.995669 0.82014364 1.8154328e-17 0.0020896678 8.375356e-06 6.976525e-05 5.616221e-06 7.857765e-06 0.621026 1.582207e-05 4.3706925e-05 0.0013177661 2.2677279e-05 5.8172373e-05 0.0012245462 0.0013788705 8.901112e-06 3.145481e-05 0.00017469272 0.4994939 4.872139e-06 0.00010951316 3.8166716e-05 5.7795023e-05 2.621274e-05 3.5320545e-06 0.03323239 2.6012274e-05 1.22029805e-05 0.017189901 0.085835494 0.0004662406 1.0135877e-06 1.1903508e-05 0.36124584 0.00021537322 1.38684245e-05 1.4462947e-06 0.0003942942 5.453657e-07 0.03807721 2.0030597e-05 0.004286107 3.7500956e-07 9.082735e-07 0.0069170343 3.2015437e-06 0.7036485 2.2513035e-05 8.217185e-06 0.005166304 4.65099e-07 4.5976938e-07 3.5028938e-06 3.0681782e-08 1.1148301e-05 2.0928985e-08 2.2099483e-05 0.00018082515 0.00018123326 2.05935e-09 5.5961213e-09 9.3763035e-08 1.0911673e-07 1.2353814e-06 1.4921574e-07 7.676173e-06 2.4129339e-09 3.072144e-07 1.8023005e-05 2.73364e-06 2.522252e-05 6.129841e-07 5.376352e-07 7.5525536e-06 6.508975e-08 4.1751623e-08 4.9644275e-09 1.3062012e-06 0.00018040933 1.7292885e-08 9.478383e-06 0.0014609332 4.8290217e-06 3.4586087e-06
0.8927227 0.2433893 0.3539934 0.039946422 0.049074676 0.02932048 0.4668 0.0076956116 0.9317789 0.0003312355 0.25768253 0.6535397 0.00053824723 0.5567556 0.06938379 0.02545338 3.5390633e-05 0.00013279913 0.0020896678 2.4907341e-17 0.9606648 0.036108505 0.00042351158 0.0008124496 0.016998805 0.009456593 0.016638389 4.4584573e-05 0.00013353763 0.00079323887 0.055224214 0.9498855 0.0003334716 0.52286464 0.17144515 0.0057848208 1.2825315e-05 0.03435546 0.0018507235 0.003699229 0.7986552 0.047871217 1.3092623e-05 0.008963219 0.0026168034 0.024638603 0.002731149 0.60072476 0.0010375371 5.94107e-07 2.531543e-06 0.017126657 0.00018250427 0.0055607073 0.4896006 1.0862429e-05 0.0002900323 0.00010903295 0.00048192524 0.00052832026 0.00022738708 0.020308271 0.00014479924 1.090107e-06 0.0066585806 7.705499e-07 0.0005788331 4.082817e-05 5.449509e-05 9.165017e-06 3.665226e-06 3.4391014e-06 4.6391443e-07 0.0022262947 0.10285054 0.015268345 2.8505605e-08 0.0003888645 9.954559e-08 3.583985e-05 1.4278944e-06 6.9257396e-05 1.525681e-05 2.6739544e-08 1.7576406e-06 2.321638e-05 0.039315443 0.0028453323 0.0019642194 0.0002014849 0.042490453 1.2519271e-07 6.877242e-06 1.5950877e-07 5.97622e-08 0.10386806 1.1166177e-07 0.0010878794 0.02078263 7.6911317e-07 1.3188831e-05
0.7074761 0.0033410555 0.019979928 0.00050501793 0.00034961905 0.00088190153 0.020671478 9.469271e-05 0.68369925 2.0840682e-05 0.010294205 0.905884 7.302712e-06 0.1685582 0.15895459 0.0012757473 3.3553732e-07 3.5399862e-06 8.375356e-06 0.9606648 4.033216e-18 0.47093144 2.1927375e-05 5.939739e-05 0.00033280315 0.5432418 0.027084002 9.924264e-06 1.6392116e-05 5.5998862e-05 0.010838367 0.7668892 3.6011017e-05 0.95388645 0.0092014205 5.5817945e-05 8.8811385e-07 0.0027894832 0.00034879067 0.35424948 0.4961691 0.84702766 1.1478384e-05 0.4071891 0.00045413853 0.0035687243 7.9493555e-05 0.07696052 0.009544692 8.3941904e-07 5.3467385e-08 0.008267481 5.1119336e-05 0.014188617 0.56188035 1.1936252e-06 2.234178e-05 2.925781e-06 1.4428736e-05 0.02601714 0.016845992 0.002418131 0.0058988943 1.6478964e-07 0.14111052 8.385742e-07 1.6824926e-05 0.004882843 0.00050752424 2.9182056e-05 3.2938228e-08 1.5215166e-07 2.0812159e-07 0.00096611434 0.02671657 0.002120915 6.6927e-09 0.15301196 1.7417999e-06 0.010594791 3.4965873e-07 2.562287e-05 2.6037791e-05 4.3553406e-08 0.00013573836 2.402302e-06 0.067492165 0.00037949672 0.009288157 4.5381574e-05 0.027258508 5.56562e-05 2.7909839e-05 2.3514714e-08 5.0154917e-08 0.058127057 1.3143545e-08 0.0086644115 0.004905992 5.5233346e-07 9.687216e-06
0.4718508 3.960132e-05 0.0013997525 7.061496e-05 0.00017999379 9.153439e-05 0.0030453908 0.00020867224 0.027568428 1.4799448e-06 0.011814254 0.87605596 3.5696257e-08 0.003772384 0.9750811 0.0032494408 3.9321944e-06 5.1871316e-06 6.976525e-05 0.036108505 0.47093144 9.9267556e-17 1.0868055e-07 2.4109167e-07 0.005699208 0.9563883 0.528207 9.237314e-06 4.2049237e-06 1.0336904e-06 0.344378 0.038732417 1.3025291e-06 0.25466755 0.00053918257 6.9666085e-06 1.8167741e-07 0.00012256217 1.738737e-05 0.9445247 0.0060313465 0.33900386 2.730226e-05 0.594121 2.3120203e-05 0.08022744 0.0004910366 0.0032812946 0.8448902 2.8990173e-06 7.758235e-09 0.44138223 9.321023e-07 0.6231405 0.050285544 7.5171164e-07 1.6894909e-06 1.8102392e-06 5.058622e-05 0.23821267 0.15861022 0.00033462932 0.44815853 5.2803767e-08 0.0468404 2.1008894e-08 0.010528651 0.024990268 0.0313603 0.07001692 5.3447906e-08 2.0764174e-08 5.927218e-10 0.17783162 0.0027073831 0.00017550644 1.9075129e-10 0.1403092 0.001974779 0.038711257 8.028089e-08 4.1020579e-07 0.019612659 2.5576416e-10 0.0010496113 0.00019411865 0.0044165007 0.00011541243 0.0134235425 2.1901596e-06 0.0013146882 0.0017573332 0.011435969 3.8700943e-08 3.971724e-07 0.008843334 1.4618646e-08 0.011317033 0.00063855166 2.8018968e-07 4.888522e-06
0.71975905 0.00055951247 7.5210714e-06 3.3980086e-05 8.689749e-05 0.0048676995 1.3548093e-05 0.0042241625 0.00094829546 0.107982285 3.3567158e-06 1.8727973e-05 0.6082627 0.22079399 5.2739856e-06 2.5068279e-05 0.00025347853 0.024270697 5.616221e-06 0.00042351158 2.1927375e-05 1.0868055e-07 1.1835225e-15 0.994623 6.2129225e-06 3.4864897e-08 3.3578954e-07 0.050236423 0.39698088 0.83781195 7.564188e-06 0.00011498759 0.83094835 1.4649722e-05 0.013584954 1.627146e-06 0.9611397 0.06553927 0.346006 4.1935004e-07 0.00013078116 3.0939295e-06 0.010652815 2.4228434e-06 0.04622888 7.2768294e-06 6.941613e-06 0.0012409367 4.1753634e-07 0.005794537 1.2125619e-06 2.8255694e-05 0.07301557 4.019413e-06 1.4491052e-05 0.11645471 1.7440274e-06 0.16737242 1.2584995e-06 4.825309e-07 1.1852719e-06 0.009070427 1.0539816e-06 0.0002575154 2.7073083e-05 0.49063066 1.636371e-06 2.7451782e-07 1.7225354e-06 1.9911358e-06 0.101186775 0.16245377 0.016899351 5.8107307e-06 0.0011231673 0.010619418 0.0023173448 1.0234275e-07 2.066529e-07 1.8343097e-06 0.025813479 0.029492764 5.6355634e-06 0.0014045209 1.3468531e-05 2.8240136e-06 0.00050510775 0.023499222 9.708696e-05 0.012399199 0.0009558697 7.10978e-08 1.7536657e-08 0.0002913966 0.002579468 0.0009090305 0.0086500365 2.645113e-05 0.019555602 0.06070319 0.061989583
0.20713398 0.0011381613 0.00012580796 8.855639e-05 7.366859e-05 0.014130968 0.00010068055 0.0053552664 0.0019342421 0.1660357 6.644159e-05 0.0001799332 0.9354002 0.23719265 6.0996426e-06 3.376389e-05 0.00022193923 0.026234953 7.857765e-06 0.0008124496 5.939739e-05 2.4109167e-07 0.994623 1.9690482e-17 7.434384e-06 4.2152102e-08 8.342421e-07 0.24595301 0.872622 0.76319396 9.855555e-06 0.00012532358 0.59310895 1.515793e-05 0.004711617 2.3908868e-07 0.667406 0.0166615 0.30526823 2.7770287e-07 6.701316e-05 7.667045e-07 0.0039987867 3.6600736e-06 0.051955044 7.1085665e-06 2.9130783e-07 0.0012822418 9.819537e-08 0.051985636 8.9423075e-08 1.0255576e-05 0.060984816 7.525028e-07 9.759717e-05 0.30848715 1.0914562e-06 0.099371366 1.4951368e-06 1.3395034e-08 1.0134736e-08 0.0043401117 3.7216645e-07 5.6609806e-05 2.0822852e-06 0.18994263 1.5293593e-07 2.0404858e-08 6.585487e-08 9.895722e-08 0.12993388 0.09402757 0.009715385 1.7122899e-07 0.00045683893 0.008659479 0.00059719296 1.2888097e-08 7.719209e-09 1.8060273e-07 0.00514444 0.011778486 4.8276246e-07 2.6592696e-05 4.7662074e-06 3.4496782e-08 0.00010892934 0.015162832 5.9615677e-06 0.010509596 0.00047099657 1.42629935e-08 2.4144302e-09 5.44433e-05 0.00022491245 0.002775152 0.000759639 1.4717807e-05 0.004263809 0.032392792 0.007749315
0.012333133 0.0055210786 0.7283534 0.045911618 0.010326451 0.0003492137 0.7809468 0.005167114 0.065816306 0.00043443046 0.87396 0.018370064 1.4220016e-05 0.0011488013 0.007215108 0.9481947 0.039707806 0.004526341 0.621026 0.016998805 0.00033280315 0.005699208 6.2129225e-06 7.434384e-06 6.0864644e-17 0.0006596872 0.024340441 3.942109e-05 1.4965569e-05 0.00016432694 0.68742585 0.020341126 2.6702684e-05 0.00064075476 6.523185e-05 0.89980805 1.17099125e-05 2.61956e-05 6.456441e-05 0.00059757323 9.00756e-05 0.00012216062 0.00061093713 0.00029603372 1.5964819e-05 0.79655266 0.77138966 0.002612466 0.0010655334 7.919217e-05 0.18713221 0.280473 1.7378554e-05 0.0043005506 0.002684442 2.2264527e-05 0.38246667 9.515063e-06 0.4272514 1.7485514e-05 1.8105698e-05 0.0008149329 0.0009817431 0.0054649613 4.2625295e-05 1.6241618e-06 0.28470898 2.7598811e-05 4.454368e-05 0.0018350378 1.6852408e-06 4.366687e-06 1.1855302e-07 0.06428599 6.9288384e-05 1.2332268e-05 7.448182e-09 1.1670506e-06 1.402552e-05 5.1500574e-05 2.0240082e-06 6.4480446e-08 0.00027908175 8.434168e-09 3.5554003e-06 0.00308817 1.4195855e-05 7.8078665e-06 3.574289e-06 7.832914e-07 5.346369e-05 9.250763e-07 0.000116216936 6.93203e-07 2.902863e-06 0.004975617 2.6589234e-06 4.3002772e-05 0.00052040507 1.553618e-05 1.5874091e-05
0.9048805 1.7140512e-05 0.00031576643 2.9102027e-06 1.6778522e-05 1.1856207e-05 0.0010911284 1.5687896e-05 0.0023483813 1.5003932e-06 0.0020115457 0.2695199 1.4638103e-07 0.00015287753 0.66218174 0.00017693947 1.7870934e-07 6.5581463e-07 1.582207e-05 0.009456593 0.5432418 0.9563883 3.4864897e-08 4.2152102e-08 0.0006596872 2.1389324e-16 0.76741004 2.3245927e-06 1.8457466e-07 1.3414954e-06 0.45539114 0.055173036 6.730849e-07 0.41703048 0.00046467848 3.8941257e-06 4.414512e-08 2.7400962e-05 9.392315e-06 0.91629404 0.013184381 0.83249426 2.976229e-06 0.9533037 1.0960598e-05 0.019250171 8.551364e-05 0.003699949 0.7242403 5.9253455e-07 1.3849767e-08 0.5370812 1.6859226e-06 0.64832383 0.10284045 4.3972847e-08 1.4027011e-06 2.2247261e-06 3.2141586e-05 0.13166456 0.17903467 0.00036993434 0.32323992 6.854985e-08 0.22574942 6.8540956e-08 0.0021499451 0.04720702 0.03198472 0.10377178 1.1819594e-07 6.457694e-08 3.1279093e-09 0.26230517 0.0064917733 0.00035782237 8.042135e-10 0.06367528 0.0031761662 0.06569184 3.9585456e-07 2.687007e-06 0.046675425 2.7189382e-09 0.0008948823 4.130885e-05 0.023662955 0.00020337176 0.08332238 1.10935225e-05 0.0063262335 0.0005640981 0.006167061 2.3335238e-08 2.2453084e-07 0.017848462 3.7899137e-09 0.052315906 0.0018269557 8.066243e-07 4.884016e-06
0.27784398 6.5413755e-05 0.0014925355 3.9599014e-05 0.00010099626 3.298461e-05 0.0025272688 0.00010411759 0.036801927 7.003386e-06 0.018464321 0.5421655 1.0958665e-07 0.00078438397 0.9861044 0.009680161 6.2112217e-06 5.1500106e-06 4.3706925e-05 0.016638389 0.027084002 0.528207 3.3578954e-07 8.342421e-07 0.024340441 0.76741004 9.747049e-18 7.3653105e-06 1.114753e-06 1.13639e-05 0.9802276 0.049012233 1.2946138e-05 0.062182818 5.7048965e-05 7.815111e-05 1.3505844e-07 1.3396773e-06 5.5371133e-06 0.42969146 0.00082430313 0.010867592 3.3569864e-05 0.33205536 8.323852e-06 0.15610148 0.0020903794 0.0006648343 0.77527833 9.666351e-06 4.29019e-08 0.5544531 2.5803681e-06 0.7335173 0.042183146 4.0174723e-07 6.761225e-06 1.6638752e-06 0.00019339634 0.0062990817 0.0077145332 0.0005215038 0.13485813 1.1016417e-06 0.0018022784 1.6290271e-07 0.02994429 0.00964692 0.0059755845 0.07422048 1.1840061e-07 4.438797e-07 4.408082e-09 0.21548943 0.00037032916 3.951532e-06 2.1149349e-10 0.0052549476 0.00095744117 0.0053148204 3.826245e-07 2.4292591e-08 0.036334664 9.038084e-10 0.0017315943 0.0005503373 0.001193709 5.84836e-05 0.0010714538 3.9373463e-06 0.00071976613 0.0018324277 0.006511509 5.330723e-07 1.6114057e-06 0.008561026 7.147143e-08 0.008989384 0.00030721282 1.3373682e-06 1.2708074e-06
0.039758552 0.0008376982 1.0387039e-05 8.410506e-05 0.0012046276 0.01879796 8.041637e-06 0.10701778 7.2670686e-05 0.7927941 8.217875e-06 3.623746e-05 0.6443799 0.0017485305 2.6008456e-05 2.7955313e-05 0.013342071 0.8760778 0.0013177661 4.4584573e-05 9.924264e-06 9.237314e-06 0.050236423 0.24595301 3.942109e-05 2.3245927e-06 7.3653105e-06 1.0620417e-13 0.885665 0.21356185 2.7013377e-05 8.832469e-05 0.0013803696 0.00010999548 0.00012392177 2.2421287e-05 0.007913076 0.00038277527 0.005345755 1.218198e-05 1.5996793e-05 4.1000967e-06 0.93456817 1.2750569e-05 0.0015651665 1.2128275e-05 8.224154e-06 8.1844664e-05 5.125489e-07 0.99159545 4.146681e-05 0.00043398573 0.0016479108 2.8873158e-06 0.00019732682 0.1910087 9.362901e-06 0.0011720114 1.1079027e-05 3.0727815e-06 1.0217674e-06 0.0011392651 3.610042e-05 0.04231611 2.2630114e-05 0.0032672428 6.56792e-06 1.9485444e-06 2.4517341e-05 1.6435591e-06 0.00065568526 0.00028293298 9.5655996e-05 0.00029221448 0.00013790447 0.00041596268 1.2869226e-05 1.5163205e-07 1.740152e-05 4.8217714e-07 0.0002540477 3.649445e-05 5.4210257e-05 6.9555554e-06 1.9687448e-05 4.5216763e-07 2.1363045e-05 0.0004021789 7.7833806e-07 6.490587e-05 5.6095872e-05 1.3909572e-06 3.2630325e-08 0.00010381756 0.00015708026 0.00014256344 1.0511633e-05 6.137616e-05 0.0048782467 0.0001263605 5.3519907e-05
0.16241287 0.00056769623 6.689708e-05 5.291157e-05 4.054117e-05 0.00518852 2.1491822e-05 0.02498942 0.00029976276 0.57361776 1.7618763e-06 8.939687e-05 0.949044 0.005271911 1.0764493e-05 3.2766835e-05 0.0002775368 0.24932387 2.2677279e-05 0.00013353763 1.6392116e-05 4.2049237e-06 0.39698088 0.872622 1.4965569e-05 1.8457466e-07 1.114753e-06 0.885665 7.998749e-14 0.68778205 8.014642e-06 0.00018028532 0.05260614 0.00016766519 7.29437e-05 1.2587739e-05 0.30425185 0.00026076098 0.0682903 1.0023884e-05 1.2346695e-05 4.9137384e-06 0.09231608 1.1145951e-05 0.00670923 1.858416e-05 6.1025344e-06 3.7695016e-05 4.013078e-06 0.63824064 2.300027e-06 0.00011985817 0.00360598 3.3142425e-07 0.00014985586 0.9831946 8.5414085e-06 0.008918416 3.715209e-06 3.9455617e-07 3.5406967e-07 0.002076771 6.963038e-05 0.0009419549 1.0747731e-05 0.07940711 7.5097187e-06 2.996901e-06 3.9695355e-05 5.0828176e-06 0.13203064 0.010370205 0.005521821 2.8456188e-05 1.04177725e-05 0.0015698478 0.00053667213 9.740775e-09 8.354849e-05 1.8637425e-07 0.005364969 0.004656187 9.667144e-06 0.00018867919 7.107107e-05 1.8105024e-07 3.629167e-06 0.003199406 1.6100461e-06 0.0023620264 0.000109421824 1.4261996e-05 5.506013e-08 0.0008076665 0.0006169164 0.000550541 0.00019263924 2.697849e-05 0.0032215624 0.0055540106 0.0011167643
0.96379995 0.03033448 0.00015324101 0.0015850478 0.0002814311 0.111091524 0.0002807949 0.05799894 0.00066318933 0.34392655 4.7459394e-05 2.9409475e-05 0.9294352 0.30772895 5.5268443e-05 6.281553e-05 0.00017015536 0.06762787 5.8172373e-05 0.00079323887 5.5998862e-05 1.0336904e-06 0.83781195 0.76319396 0.00016432694 1.3414954e-06 1.13639e-05 0.21356185 0.68778205 9.749146e-15 9.2676375e-05 0.00016968284 0.96103853 6.491615e-05 0.014936227 1.4457688e-05 0.55390453 0.08499089 0.87530386 5.4469257e-07 0.00083216786 1.6487249e-05 0.013532315 1.0251391e-05 0.23327573 2.7552054e-05 1.6245127e-05 0.01069453 2.3502655e-06 0.022556357 8.409567e-07 0.0001719063 0.35520467 9.682496e-06 0.00045186744 0.24730411 2.075688e-05 0.52711743 3.8983562e-05 1.5631741e-07 7.420847e-08 0.053477477 1.6920441e-05 0.00067667605 3.355559e-05 0.6262142 1.5662423e-05 8.8567575e-08 7.4681697e-07 3.556016e-07 0.019547338 0.037357256 0.020404764 8.4983285e-06 0.007271897 0.06797468 0.0057740486 4.2644808e-07 8.028047e-07 9.472663e-06 0.03396507 0.12220489 8.7779375e-07 5.5771652e-05 4.6555742e-05 1.5094652e-06 0.00050853536 0.13687873 2.1650245e-05 0.07066093 0.0015389455 5.6446726e-07 5.5951983e-07 2.7071894e-05 0.00061407976 0.007555068 0.00018974236 0.00013267228 0.1221314 0.088152975 0.0066520465
0.1989396 0.0005206332 0.12720832 0.0010408672 0.0023709917 0.00013238525 0.10420829 0.0016024737 0.104470275 4.4349297e-05 0.48254734 0.55754876 5.6508693e-06 0.005942246 0.5438051 0.4441476 0.00012443063 0.00013276708 0.0012245462 0.055224214 0.010838367 0.344378 7.564188e-06 9.855555e-06 0.68742585 0.45539114 0.9802276 2.7013377e-05 8.014642e-06 9.2676375e-05 1.8553537e-17 0.14170118 8.548412e-05 0.053368833 0.00029961183 0.027820313 1.9360152e-06 1.8601042e-05 0.00015624492 0.1284972 0.0007697413 0.001657979 0.0003137391 0.09502316 3.088563e-05 0.72235215 0.13225022 0.0020210948 0.38843638 2.5870346e-05 4.2486135e-05 0.9809318 7.743449e-06 0.8218406 0.056232397 1.2169335e-05 0.0013607906 2.7065184e-05 0.010584651 0.0037955681 0.0016996099 0.001368474 0.061380986 2.8885936e-06 0.0004460556 1.0557732e-06 0.23333308 0.00071972737 0.0015756951 0.29647806 1.852792e-07 2.761246e-06 6.273712e-08 0.45390993 0.00035457822 2.4662291e-05 3.484354e-09 0.00042115664 2.5378826e-05 0.0005768072 1.1497607e-06 9.784818e-08 0.0029535412 1.0837491e-09 5.8076363e-05 0.0036197123 0.0006391344 0.00010386896 0.00039771275 1.10437195e-05 0.0010079723 0.00018799056 0.0011369191 3.679469e-08 6.5499244e-06 0.018894931 5.8331085e-07 0.0050983555 0.00035588915 3.4051636e-06 5.7629575e-05
