2.1989259e-20 0.69209737 0.9196022 0.26573595 0.30474144 0.957327 0.4910027 0.9008758 0.34493947 0.91245264 0.7294388 0.31847492 0.89920396 0.047783736 0.7795146 0.055173222 0.87585765 0.8253591 0.9520963 0.043490455 0.11901029 0.7250471 0.04194587 0.7964998 0.9477118 0.776637 0.009990501 0.9754481 0.9579034 0.972548 0.11006386 0.9560072 0.7603252 0.88423663 0.14010325 0.0034177024 0.05334761 0.08196111 0.059690703 0.008409447 0.014113104 4.643181e-05 6.608922e-05 0.9188913 0.96198905 0.23682497 0.5201986 0.698883 0.9799847 0.8523846 0.99006116 0.9409877 0.012937388 0.87255394 0.12111433 0.9920147 0.8216827 0.83639115 0.99160427 0.8549971 0.12532489 0.0033647912 0.97601765 2.3379778e-05 0.98238224 0.71024466 0.93824726 0.8111267 0.00020655057 0.0013285531 0.11315142 0.72172385 0.9915746 0.024498155 0.9927633 0.94464546 0.6009345 0.98405164 0.97967094 0.868015 0.9951981 0.00030868358 0.8982587 0.5333445 0.9692662 0.99360114 0.92216885 8.854979e-07 0.0021062712 0.99111027 0.9990838 0.023302482 4.340455e-08 0.002144622 0.53569585 0.9997983 0.99999225 2.2665677e-06 0.80594623 0.6078701 0.99914885
0.69209737 1.3909051e-14 0.67151517 0.89627993 0.95691586 0.94576675 0.7194235 0.9431518 0.63529146 0.48892015 0.45666456 0.54889613 0.17575388 0.6347904 0.08194216 0.26761737 0.0544954 0.037257005 0.15170817 0.07715792 0.3150301 0.059907682 0.102978624 0.002853765 0.073051564 0.024332255 0.063861534 0.55515414 0.0023013325 0.38727045 0.029614082 0.00045284192 9.610844e-05 0.0156039735 0.0004607852 0.0059505855 0.045083493 7.4333526e-05 0.00076906814 0.00041621135 2.0980897e-05 0.004475273 0.00019763569 0.00011083746 0.012181994 2.869502e-05 3.640671e-05 1.9061867e-05 0.013585802 0.0047762957 0.011674498 0.0004218247 3.183655e-05 7.243654e-05 4.3253312e-06 0.0016107189 4.7754575e-06 2.740721e-05 3.2905435e-05 2.3647376e-06 1.4688754e-05 7.4565733e-06 0.0020855796 8.506907e-08 5.1981256e-06 6.6322784e-08 0.0013954858 6.360221e-06 9.263771e-06 3.5077246e-06 2.005033e-06 2.67498e-06 0.008835284 4.9466205e-05 0.002316725 7.203e-06 1.3792294e-07 7.843084e-06 0.010622897 8.040702e-06 2.4360547e-06 5.8212468e-06 1.8113479e-06 7.785619e-08 0.00043267326 0.0008126376 3.946922e-08 1.0462557e-07 1.539987e-06 8.768157e-05 0.0011313274 8.652379e-07 3.011161e-07 8.783925e-07 2.3750256e-06 2.3848248e-05 0.00041092528 9.517336e-05 3.546083e-05 8.7754216e-08 7.814798e-07
0.9196022 0.67151517 1.3822318e-16 0.014714257 0.016822673 0.943891 0.9902214 0.049730927 0.5997418 0.6238223 0.430561 0.45637032 0.0003854455 0.01747934 0.3749865 0.054243952 0.70720106 0.5237221 0.0033204325 0.40572536 0.6070333 9.976642e-05 0.001435302 0.075295426 0.0011275116 0.3024414 0.0040507144 0.21783169 0.058741447 0.3882455 0.264029 8.265198e-06 1.3558309e-06 0.009609589 3.538388e-05 9.229437e-05 0.5133865 0.0013757194 6.882642e-06 1.8002065e-05 0.0076549468 0.007955779 0.00027618362 3.7368363e-07 0.21177013 3.2073945e-07 8.83447e-08 4.8881066e-08 0.25606564 0.009418328 0.013245124 4.9194828e-06 1.3134442e-07 4.352901e-07 7.1309934e-08 0.0036310821 1.950688e-08 6.027309e-08 1.1632699e-07 1.8401723e-08 1.3416725e-07 1.5684678e-07 0.000120924444 1.8065743e-08 5.7885146e-09 1.0256627e-08 0.00029657342 3.5332434e-08 3.8363423e-06 1.3884848e-07 2.8084403e-07 3.1392666e-08 0.0042490917 1.2333714e-05 0.0009720759 1.6756525e-08 3.550604e-09 1.14571904e-07 0.015949626 1.4332363e-07 1.5279909e-08 1.0626665e-06 2.6381986e-08 3.7296197e-09 0.00012551004 0.00032131246 6.907938e-10 2.3792046e-07 2.1684762e-06 8.242375e-07 0.002069526 3.3294867e-07 1.2219736e-07 8.4183137e-07 3.5161423e-07 2.7596845e-06 8.701092e-05 3.1022826e-06 3.6911533e-07 1.2098267e-08 3.5797057e-10
0.26573595 0.89627993 0.014714257 5.979202e-17 0.9940258 0.2408288 0.016318457 0.9512511 0.04447674 0.09239669 0.07323871 0.10819321 0.6839187 0.28047886 0.004900316 0.066781916 0.0042819376 0.002034317 0.39225107 0.0025007115 0.013660573 0.26112822 0.10210233 0.00016145714 0.22507346 0.001305245 0.023629129 0.45118183 0.0006875495 0.17299591 0.00040937966 0.003404576 0.0010458748 0.003581971 0.0036222327 0.007474815 0.0021626195 5.4639757e-05 0.0017560013 0.003509796 6.8572956e-07 0.00039301644 2.5834202e-05 0.00039239478 0.0027164598 0.0004203525 0.00013448157 0.000110150846 0.0024275007 0.0010730444 0.0052107773 0.004282081 0.0005839861 0.0008255745 1.7581962e-05 0.00029306905 0.000113463306 0.0002381994 0.000702164 1.4953301e-05 6.212214e-05 3.8566708e-05 0.0053284015 5.446438e-07 3.2611148e-05 2.8853917e-06 0.0024026735 4.0509207e-05 2.2954284e-05 6.1375945e-06 1.3551627e-06 5.4723323e-06 0.0084776515 1.8768793e-05 0.0034126213 3.7422113e-05 1.9114505e-06 3.6306716e-05 0.009159082 2.240389e-05 3.580435e-05 1.8111397e-05 3.40631e-06 6.1831577e-07 0.00049565826 0.0013174784 1.2180232e-06 4.968022e-07 8.256189e-07 4.7943926e-05 0.0004670136 1.1885896e-06 4.360033e-06 4.055973e-07 2.3516889e-06 0.00016138617 0.00043272707 9.0056434e-05 2.6086354e-05 5.0040796e-07 1.7297036e-05
0.30474144 0.95691586 0.016822673 0.9940258 4.6939194e-16 0.17926516 0.04145112 0.7453848 0.20512068 0.074365355 0.028617498 0.4392483 0.48094 0.7961731 0.0018454053 0.46147797 0.0013577049 0.00036315699 0.23719716 0.008776737 0.06899649 0.5661065 0.45362058 0.00013964945 0.13048775 0.00068497023 0.2628503 0.32646602 0.00027225804 0.16789995 0.0008942817 0.0033005003 0.0009197424 0.0009924545 0.0041363332 0.09150844 0.004786193 1.6271624e-05 0.0061265393 0.011178996 1.43746e-06 0.0024302409 5.0094517e-05 0.0002995176 0.0013577488 0.0001308267 0.00012214745 0.00021199432 0.002502433 0.0004089319 0.0013844769 0.001967872 0.0017811038 0.00032753916 3.3790977e-05 0.00017942222 6.3078645e-05 4.223357e-05 0.001329283 6.320422e-06 7.3801144e-05 3.70288e-05 0.0018495114 2.8824463e-06 5.4882814e-05 4.6800128e-07 0.00060946424 1.5299778e-05 3.7780526e-05 1.13337455e-05 1.5134593e-06 5.386819e-06 0.005680956 0.0001443915 0.0013074906 2.263195e-05 1.6298903e-06 3.1192354e-05 0.0071236505 8.083858e-06 1.5823578e-05 1.18939415e-05 7.0669523e-07 2.573493e-07 0.00018543717 0.0012979269 5.009313e-07 1.2744489e-07 7.928126e-07 4.4393815e-05 0.00040726596 3.8144206e-06 7.620458e-07 3.5580752e-07 8.78661e-06 0.0005398354 0.00037930944 8.26426e-06 4.623112e-05 9.788586e-07 2.1081582e-05
0.957327 0.94576675 0.943891 0.2408288 0.17926516 2.9190272e-16 0.6328618 0.33298606 0.43174946 0.9045194 0.867306 0.46273813 0.0074139126 0.13800979 0.50872487 0.10020312 0.35881814 0.17384651 0.01792066 0.28628084 0.46586975 0.011671554 0.028082827 0.01721808 0.0074315346 0.22352363 0.017227665 0.639089 0.009953264 0.79486895 0.06573658 0.0002339422 9.287615e-05 0.1105796 0.00038339596 0.0006410692 0.51147825 0.00045794534 0.00037215833 0.00010564118 0.0010250292 0.0074719465 0.00022491053 2.1292392e-06 0.13456939 6.079372e-07 7.196786e-06 1.8141336e-07 0.19756313 0.0076325973 0.060654797 0.00013625961 1.1610997e-05 1.9643362e-06 1.3012118e-06 0.0037599911 1.1052475e-07 8.750873e-07 2.6926402e-06 7.0453346e-08 3.594279e-06 6.8586537e-06 0.0042415834 9.3958846e-07 8.001749e-08 1.92143e-09 0.0028704873 2.399979e-07 8.466852e-06 1.9435056e-06 4.1901706e-07 2.0226952e-07 0.032262895 3.3873093e-05 0.005006792 1.5440612e-07 4.7521322e-08 7.1357085e-06 0.06064686 5.3568137e-06 1.4540957e-07 9.710998e-06 8.9028426e-08 3.8154756e-08 0.00041865621 0.0023741743 3.7109933e-09 1.9910986e-07 6.979426e-07 1.242175e-05 0.002500559 1.2319302e-07 3.7602092e-07 3.4652484e-08 2.098891e-06 8.717538e-05 0.00050036603 3.251184e-07 5.524048e-06 6.314397e-08 1.5594777e-08
0.4910027 0.7194235 0.9902214 0.016318457 0.04145112 0.6328618 6.841816e-16 0.040677276 0.98655677 0.3151689 0.180508 0.5806125 0.0011916588 0.046763886 0.13499272 0.072075486 0.42492858 0.2944131 0.0054609156 0.60215354 0.7072203 0.0010945296 0.0056516863 0.051453866 0.00180255 0.15169805 0.009608938 0.090893865 0.06115777 0.17285514 0.53188276 0.00024362962 4.739128e-05 0.002372599 0.00013862098 0.00022494249 0.5565876 0.0004832316 0.00014724693 0.00012423062 0.005950472 0.03139897 0.0009668697 1.4972722e-05 0.055862047 7.534161e-07 1.8694915e-06 7.933792e-07 0.041276377 0.0021421076 0.0024604853 4.9810882e-05 1.3130053e-06 1.712927e-05 7.0046116e-07 0.00089519 5.28929e-07 1.6106175e-06 9.386571e-07 2.5059649e-07 4.2973087e-07 5.7258694e-07 1.8000297e-05 7.9517966e-09 5.1629787e-08 1.4202789e-07 0.00017239951 2.8118356e-07 4.708268e-06 1.4212578e-06 1.3172734e-06 5.2213377e-08 0.00087999954 1.3903702e-05 0.00028174126 7.439837e-08 9.39171e-09 1.844404e-07 0.0049816705 2.1281947e-07 1.2301585e-07 1.4479494e-06 1.4002264e-07 2.5796112e-09 0.00010675187 0.00028686743 1.0497687e-09 8.19374e-08 2.0681211e-06 1.3490878e-06 0.00048329151 8.912752e-07 1.7002533e-07 8.5559236e-07 8.452608e-07 1.1636937e-05 9.722956e-05 2.874192e-06 8.96958e-06 2.5084095e-08 8.105755e-09
0.9008758 0.9431518 0.049730927 0.9512511 0.7453848 0.33298606 0.040677276 1.5205776e-15 0.042607073 0.16199425 0.2509693 0.11172071 0.9150021 0.38573307 0.009584612 0.054678608 0.0015706363 0.0005344814 0.86763823 0.005032129 0.017245574 0.35182676 0.10405145 0.00017550176 0.79789376 0.0009862296 0.01985402 0.8901828 0.00014875094 0.56733674 0.00029267385 0.08100643 0.01818251 0.029772611 0.013036961 0.010875926 0.002861162 2.5128114e-05 0.020085 0.005253337 1.4940236e-06 0.00016324698 3.6490408e-07 0.0024721478 0.0027312913 0.0014370593 0.0011321427 0.00048042746 0.0029953239 0.0037124483 0.035372462 0.018221263 0.0027742574 0.0012681918 0.00029394182 0.0011507733 3.4164033e-05 0.0003560657 0.0013183833 3.9935117e-06 0.00031061933 0.00095041806 0.031090407 5.384913e-06 1.6376693e-05 1.6951201e-08 0.01628413 2.165865e-05 0.00020887991 5.139234e-05 2.4757964e-07 4.6322016e-06 0.058258183 1.0011348e-05 0.024493512 2.5756462e-05 9.792884e-06 0.00014214653 0.029977813 5.4986176e-05 7.870372e-06 1.2876102e-05 1.3736819e-05 8.51573e-06 0.001674688 0.0048213652 1.7878325e-06 3.3141825e-07 1.7072343e-06 0.00025593772 0.0031656772 5.422871e-07 4.1668187e-07 3.636567e-08 5.0720173e-05 0.00036644307 0.0016297095 2.1532733e-05 7.801514e-05 1.2289046e-06 1.5116325e-05
0.34493947 0.63529146 0.5997418 0.04447674 0.20512068 0.43174946 0.98655677 0.042607073 7.7083524e-16 0.34811795 0.08925217 0.9404165 0.0012739163 0.16293633 0.05560265 0.4339009 0.33244267 0.09759268 0.01227244 0.6592568 0.8877575 0.0062189926 0.017534744 0.019772917 0.003373851 0.08821908 0.036325566 0.056540776 0.0188592 0.16284864 0.706226 0.0009648829 0.0002814711 0.00071794976 0.00043927273 0.000595676 0.29729804 0.0006145558 0.00031416092 0.00015011305 0.009363094 0.053591274 0.0020251572 0.00010816413 0.0175515 2.8248646e-06 1.3510444e-05 2.6988514e-06 0.013926922 0.0009336134 0.001197342 0.00041564464 3.9723013e-06 7.797297e-05 7.809739e-07 0.00038652518 3.70249e-06 2.7234388e-05 6.935588e-05 2.364413e-06 3.9794645e-06 3.363397e-06 0.00025589476 1.648357e-07 1.9794218e-06 1.118028e-06 0.00020519408 3.6268802e-06 6.307774e-05 1.3266968e-05 2.0284526e-06 5.532787e-07 0.0027850426 4.012307e-05 0.0009595418 2.194946e-06 3.9709246e-07 4.6426835e-06 0.011871483 7.930236e-07 3.3699855e-06 1.0672109e-05 4.728652e-06 4.504784e-08 8.2970924e-05 0.0011232487 3.986339e-08 5.8730694e-07 1.5324347e-06 1.0230739e-06 0.00025090773 6.6273066e-07 1.1731647e-06 1.5381331e-06 1.7427365e-05 5.711069e-05 0.00017925787 1.1371011e-05 0.00015759477 1.516871e-06 1.6746717e-06
0.91245264 0.48892015 0.6238223 0.09239669 0.074365355 0.9045194 0.3151689 0.16199425 0.34811795 3.245794e-16 0.9814275 0.2729492 0.007902685 0.04214369 0.5702226 0.043452725 0.12554976 0.030901233 0.007068523 0.13680415 0.18351261 0.039100524 0.0071548196 0.015152194 0.00410042 0.08501418 0.0016408172 0.5758718 0.0007102567 0.8058904 0.015323552 0.0005500283 0.00024211944 0.6522749 0.000423049 0.00016535253 0.24998806 0.00048917683 0.00076250406 7.310715e-05 0.00038641645 0.00043976502 2.7084108e-05 9.601569e-06 0.053793937 1.3636888e-05 3.4548986e-05 1.4979534e-05 0.10281819 0.006365713 0.124935634 0.001801774 1.5561283e-05 4.6388814e-06 1.2620428e-06 0.0041227564 9.3730984e-07 3.7601249e-06 1.0954647e-06 5.0282813e-07 1.136714e-05 1.0935651e-06 0.004059073 7.466677e-08 3.592495e-07 1.2383776e-08 0.0059616277 9.881356e-07 9.239772e-06 1.3362284e-06 4.886641e-07 3.5490908e-07 0.033966865 1.6879183e-05 0.005556848 5.1750874e-07 8.727083e-08 5.7221273e-06 0.055066705 1.0719979e-05 4.316157e-07 3.2654577e-06 2.6153987e-07 5.073877e-08 0.00043844595 0.00273556 1.7475585e-08 1.1786985e-07 3.4077625e-06 8.18392e-05 0.0030440942 2.242352e-08 4.2503396e-07 4.5439883e-08 3.2102955e-07 0.00043990326 0.0022760087 4.3038485e-06 8.821206e-07 2.9307825e-08 5.55505e-09
0.7294388 0.45666456 0.430561 0.07323871 0.028617498 0.867306 0.180508 0.2509693 0.08925217 0.9814275 2.3806496e-17 0.019476065 0.0066840523 0.012772495 0.91294485 0.0037601541 0.2534645 0.060458705 0.0105434265 0.012569902 0.029901432 0.0017576942 0.00025995055 0.0024810676 0.0060004145 0.21536832 8.067454e-06 0.7180663 0.0008152189 0.8496888 0.0066180765 0.0003549382 8.9413414e-05 0.78564364 7.3094394e-05 4.6357677e-06 0.0082029905 5.243316e-05 2.0277654e-05 5.820142e-06 4.0627558e-05 2.4586367e-05 1.6255115e-06 2.2631562e-05 0.08997699 4.878023e-07 2.2221689e-06 6.2327763e-07 0.10918938 0.04017063 0.1591474 0.0010884103 2.4342733e-06 2.4425508e-05 1.8232628e-08 0.009712383 7.2943203e-07 2.2618883e-06 2.7315161e-06 2.019072e-07 1.5341792e-06 1.9782311e-08 0.003026216 1.3449514e-08 2.1971461e-07 8.619254e-09 0.011898713 1.5677628e-06 9.739707e-07 4.1040554e-08 2.1705285e-08 4.164425e-08 0.028099256 5.6485636e-08 0.004980155 1.184146e-07 1.2214214e-09 9.201872e-06 0.07782691 1.5104494e-05 6.991744e-07 1.4043185e-07 2.2236502e-08 7.1886014e-10 0.0005486533 0.0011242036 8.5309304e-10 3.6859502e-09 8.0340516e-07 4.750282e-05 0.0045887106 8.388957e-09 4.596787e-07 1.3840868e-08 1.2239034e-08 8.904859e-05 0.001711651 1.5904329e-06 1.286327e-06 1.7933247e-09 9.977702e-10
0.31847492 0.54889613 0.45637032 0.10819321 0.4392483 0.46273813 0.5806125 0.11172071 0.9404165 0.2729492 0.019476065 1.23779745e-14 0.0016056079 0.28634903 0.008034563 0.94572425 0.13996896 0.028035939 0.041623138 0.70926094 0.94119376 0.06407677 0.06991756 0.026128983 0.0032344551 0.01811951 0.63752705 0.038497403 0.01743349 0.06283418 0.4471062 0.0026653695 0.0018114335 0.00019685298 0.0012656546 0.062437966 0.12402457 0.00016033794 0.00092929363 0.0012871566 0.0022111603 0.084786616 0.0006678932 0.00015643696 0.0036759814 4.306316e-06 2.6378604e-05 2.1577184e-06 0.0029807568 0.0001840757 0.00026371854 6.6565204e-05 0.0001195537 7.313421e-05 5.651696e-07 3.916138e-05 7.485765e-06 0.000118459284 0.000445694 3.3199478e-06 7.5430808e-06 1.2374261e-06 0.00053828367 9.862573e-07 2.5976502e-05 1.5694667e-06 0.00031676205 5.3360313e-06 0.00049341493 1.843351e-05 1.6189196e-06 9.348826e-07 0.0058186194 1.7666287e-05 0.00094221096 6.2302593e-06 2.5574482e-07 8.805842e-05 0.017521337 5.982595e-06 6.4667724e-06 2.2254106e-05 1.5107548e-05 1.707406e-07 0.00011555187 0.0022906822 5.0605777e-08 6.657726e-07 7.501788e-06 6.0944126e-07 0.00015546162 4.895964e-06 1.0368151e-06 2.3891557e-06 3.8864448e-05 0.00020655194 0.001965849 1.8136858e-05 0.00017956893 1.7048564e-05 8.1611935e-05
0.89920396 0.17575388 0.0003854455 0.6839187 0.48094 0.0074139126 0.0011916588 0.9150021 0.0012739163 0.007902685 0.0066840523 0.0016056079 9.227309e-16 0.030843932 0.0010392494 0.0012561824 0.0005442672 0.00016486675 0.93760455 0.000121852645 0.00027616942 0.5540753 0.023310656 2.8200024e-05 0.96300644 0.00019793258 0.0004917958 0.43842417 1.0684807e-05 0.06559527 2.4266556e-05 0.8892036 0.7712076 0.0028077667 0.450464 0.0021702277 2.7224996e-06 5.955828e-06 0.028740754 0.003175775 4.1676594e-06 1.8917214e-06 1.105781e-07 0.4890583 0.0011477997 0.3719727 0.026638025 0.20017855 0.001297745 0.00040944704 0.012950974 0.0692417 0.007701481 0.054203693 0.01105838 0.00043313188 0.0052699507 0.023866832 0.055661116 0.0013847068 0.0057771998 0.004300417 0.07294127 0.0003180458 0.00040393343 0.00013066536 0.010937582 0.0010567624 5.8455833e-05 0.0007295925 0.00016402303 0.00026857568 0.04050872 0.003165336 0.028709482 0.0003190258 0.00025125133 0.0034876906 0.016646476 0.0005321634 8.2550476e-05 0.0005102845 0.00017482537 7.6255106e-05 0.00096984894 0.010282583 1.9573288e-05 3.2608118e-06 1.2304718e-05 0.0009532366 0.00066263595 7.095362e-07 1.5771759e-06 2.7388344e-07 9.3660754e-05 0.0030766127 0.0008267311 5.004264e-06 5.5874883e-05 5.877897e-06 6.559047e-05
0.047783736 0.6347904 0.01747934 0.28047886 0.7961731 0.13800979 0.046763886 0.38573307 0.16293633 0.04214369 0.012772495 0.28634903 0.030843932 4.8113404e-16 0.0017571219 0.93249065 0.004424894 0.0009787526 0.13004455 0.002433388 0.018732166 0.90705067 0.99169874 0.00021775304 0.0350129 0.0010861409 0.8707601 0.075628154 0.00037450588 0.023192955 0.00010447736 0.0040016724 0.0021086258 0.00022779054 0.006373458 0.4481353 0.0020539546 5.74848e-06 0.0057315985 0.01313549 8.002765e-06 0.000584456 1.10687615e-05 0.0003246015 0.00047483548 3.805288e-05 0.00010524548 2.3210427e-05 0.00031639132 0.00014271772 0.0003765991 0.00019023592 0.00019463974 0.0004582518 3.170936e-06 1.531001e-05 2.2150543e-05 2.0234322e-05 0.00023146866 1.7690758e-06 2.0819796e-06 2.1477234e-07 0.0005234832 5.910136e-07 4.2370507e-06 1.3726112e-06 0.0002871891 8.1597216e-07 0.00017346801 8.9660176e-07 3.1820522e-07 3.3608143e-07 0.0042729415 3.1706955e-07 0.0006862331 5.803758e-06 5.55575e-07 4.5858205e-06 0.011848347 2.6059688e-06 2.3138587e-06 1.7337654e-06 2.9218646e-07 1.4741363e-07 0.0001749518 0.0027387263 1.4942694e-07 1.208273e-07 9.290108e-08 1.9382203e-05 0.0002967109 1.2894491e-06 5.1439804e-07 1.0304693e-07 6.1395546e-08 9.3404225e-05 0.0010832441 2.1613926e-06 7.736584e-06 1.3288893e-08 2.4436074e-06
0.7795146 0.08194216 0.3749865 0.004900316 0.0018454053 0.50872487 0.13499272 0.009584612 0.05560265 0.5702226 0.91294485 0.008034563 0.0010392494 0.0017571219 9.1966966e-17 0.0022062126 0.9494928 0.6571621 0.00090533844 0.015845416 0.024703939 0.00081609987 4.4819317e-06 0.025569143 0.00075298996 0.97187424 4.178751e-06 0.1602254 0.016234303 0.45212257 0.025813393 9.4956944e-05 3.693964e-05 0.802506 2.7368604e-05 1.4247014e-05 0.04276434 0.00091686024 0.00012549509 1.3564551e-05 0.00091372564 2.7846616e-05 9.227162e-06 5.5925766e-06 0.45265096 3.186668e-07 4.6568466e-06 1.8866947e-06 0.5041141 0.40876684 0.17089254 0.0003806452 6.6990574e-06 8.5221245e-06 3.80523e-07 0.026709238 1.844806e-06 1.835106e-06 2.2178963e-06 7.904865e-07 6.139222e-06 1.6468847e-07 0.0025868977 7.21914e-08 1.7058873e-07 2.2214897e-07 0.006080866 2.1529866e-06 3.5128899e-06 7.2482834e-07 6.736494e-07 8.8490566e-08 0.030090136 1.6329805e-06 0.005432663 7.0237826e-07 9.164165e-09 8.147588e-06 0.1007457 1.780437e-05 2.635611e-06 1.1588812e-06 3.348478e-07 1.027123e-08 0.0009994379 0.0015391788 1.9162375e-08 3.144199e-08 7.0423834e-05 0.00010303038 0.009785207 1.6282157e-06 6.154126e-07 1.3365998e-07 3.669788e-07 0.00036289683 0.0036442718 1.6126809e-05 7.965767e-06 4.9926513e-08 3.5361225e-08
0.055173222 0.26761737 0.054243952 0.066781916 0.46147797 0.10020312 0.072075486 0.054678608 0.4339009 0.043452725 0.0037601541 0.94572425 0.0012561824 0.93249065 0.0022062126 1.5958694e-15 0.005091536 0.00084812613 0.02060204 0.028085627 0.20706022 0.19940814 0.6786926 0.00473883 0.005551921 0.0002529849 0.9908315 0.020537538 0.0036376882 0.010883159 0.0114647 0.00078963256 0.00031783053 3.2509764e-05 0.00031642057 0.2021469 0.010715172 4.828356e-05 0.0002583759 0.002032781 0.00030135902 0.0077728666 0.00017817678 3.548817e-05 0.0009173771 1.4544169e-06 2.0028197e-06 4.7382173e-06 0.00067258766 1.4980591e-05 5.3748237e-05 3.722716e-05 2.0482972e-05 1.0146356e-05 1.4640683e-07 3.971071e-06 1.17443015e-07 2.9523749e-06 4.5479104e-05 2.8438498e-07 1.0447481e-07 3.1086703e-08 0.00013218517 5.7977036e-07 2.853743e-06 8.071786e-08 8.321063e-05 1.5903107e-07 0.0001956419 7.4614526e-08 1.12905404e-07 1.3153334e-07 0.0015141077 5.404731e-08 0.00055662356 1.8300106e-07 1.1647023e-08 2.024294e-06 0.00761473 3.397913e-08 5.8180245e-07 1.2646807e-07 6.4986017e-07 6.4000347e-09 5.638104e-05 0.00088417955 2.182704e-09 2.4450605e-07 8.1640685e-08 5.151275e-07 9.338685e-05 3.6166855e-07 4.2021838e-07 9.313416e-09 3.5727604e-07 2.4248095e-05 0.0009061897 2.0765432e-07 1.0988313e-05 1.8751356e-08 7.51032e-06
0.87585765 0.0544954 0.70720106 0.0042819376 0.0013577049 0.35881814 0.42492858 0.0015706363 0.33244267 0.12554976 0.2534645 0.13996896 0.0005442672 0.004424894 0.9494928 0.005091536 3.382326e-14 0.94270045 3.353326e-05 0.3410157 0.34581235 0.0009553593 9.5881776e-05 0.68345094 4.215643e-05 0.9521165 6.59512e-05 0.016551575 0.24914807 0.122570395 0.545475 1.7037511e-05 2.2424422e-06 0.16963255 1.8109911e-05 3.5738514e-05 0.6475239 0.06311738 9.453932e-05 2.1962787e-05 0.052215353 0.00070890016 0.00017382704 3.449568e-07 0.77893543 1.917189e-07 5.307954e-06 1.0322274e-06 0.7509067 0.28779304 0.0248883 6.897637e-06 6.5205504e-06 1.7150331e-08 6.1802814e-07 0.0102716 6.797982e-08 3.1317374e-08 1.7549572e-08 1.0190741e-07 4.175302e-06 9.257717e-07 0.000306836 2.4133848e-07 1.0379513e-07 2.1957623e-08 0.0011181746 1.1702186e-07 7.6714925e-05 2.0965904e-06 6.3838144e-07 1.8462764e-07 0.007085954 2.7306487e-06 0.001111509 6.0736895e-08 3.8006203e-09 2.828624e-07 0.055298474 3.0122738e-08 4.6205134e-08 4.570169e-06 3.78511e-07 3.6609162e-09 0.000379153 0.000951544 1.4863754e-09 2.3754355e-06 8.008064e-06 1.7474051e-06 0.0056575914 3.0946424e-07 2.1373385e-06 4.113687e-08 8.221135e-08 2.2272428e-05 0.0011515392 8.115769e-06 1.4292365e-06 1.5884956e-08 7.9409666e-11
0.8253591 0.037257005 0.5237221 0.002034317 0.00036315699 0.17384651 0.2944131 0.0005344814 0.09759268 0.030901233 0.060458705 0.028035939 0.00016486675 0.0009787526 0.6571621 0.00084812613 0.94270045 2.1395525e-16 3.8176304e-06 0.20314488 0.19038129 3.705816e-05 1.5901796e-06 0.78897995 3.9930737e-06 0.908161 8.72879e-06 0.0032827985 0.88351756 0.014759554 0.7953528 1.2365545e-06 7.250921e-08 0.121739686 9.098804e-06 9.338441e-06 0.5674039 0.16229251 8.182504e-06 4.6490945e-06 0.077275485 0.00048813134 0.00037111103 3.0505905e-08 0.9184259 6.7221375e-09 2.341722e-07 3.8537415e-08 0.8203707 0.77531075 0.012293548 7.598914e-08 1.3013594e-06 2.0023698e-09 1.1983877e-07 0.04535243 4.465629e-08 1.2723668e-08 3.4804198e-10 1.3328791e-07 1.4819679e-07 2.3135408e-08 1.5323318e-05 3.030565e-08 4.6452713e-09 9.438107e-10 0.0007182089 1.6577488e-08 5.3438125e-06 2.8567218e-08 1.2147501e-07 1.0982178e-08 0.0027868573 4.2117623e-08 0.00018680282 1.3432337e-08 8.2004536e-10 2.952096e-08 0.04919526 2.8636283e-08 4.448319e-09 1.7278948e-07 1.9702028e-08 4.3833798e-10 9.315825e-05 7.18755e-05 1.0980512e-10 3.344927e-08 1.6912988e-07 2.3162164e-08 0.034352463 1.6492148e-06 4.4867195e-07 2.7736343e-08 2.9939085e-09 6.3583165e-08 0.00043460907 7.757659e-07 8.301195e-08 8.7187514e-11 5.4563745e-12
0.9520963 0.15170817 0.0033204325 0.39225107 0.23719716 0.01792066 0.0054609156 0.86763823 0.01227244 0.007068523 0.0105434265 0.041623138 0.93760455 0.13004455 0.00090533844 0.02060204 3.353326e-05 3.8176304e-06 1.5466162e-15 0.0012206618 0.0055967015 0.58345526 0.10897226 4.8492144e-05 0.9798867 2.0404248e-05 0.002486032 0.8328547 3.6854394e-06 0.117215954 5.935073e-05 0.6272627 0.37783942 0.028200693 0.10994368 0.005176229 8.803818e-05 9.42805e-06 0.08249924 0.008248242 8.302597e-06 9.180475e-06 4.019576e-07 0.07158406 0.00023437433 0.040537454 0.08886936 0.043453358 0.000502604 0.0009456263 0.12443314 0.18229985 0.008644334 0.024793662 0.01594202 0.0017129213 0.00070014864 0.0056410804 0.01662444 0.00048983947 0.012001251 0.0029210278 0.21775256 3.4334714e-06 9.851208e-05 1.48810595e-05 0.15039268 0.00014745351 1.2379993e-05 0.00019846336 0.00017990283 1.5731854e-05 0.17645146 0.00056982733 0.10242702 1.7867544e-05 6.0819903e-06 0.0039728004 0.058776513 0.0024259884 3.4196191e-06 8.988188e-06 8.8451554e-07 2.0572038e-06 0.0104217 0.054217666 4.7469803e-07 4.4583211e-07 5.2919568e-06 0.0070938985 0.0064448114 1.364239e-07 9.519941e-07 3.019002e-07 6.983398e-06 0.010434633 0.0076580653 5.5995384e-05 1.9866946e-05 1.225753e-07 2.9245885e-07
0.043490455 0.07715792 0.40572536 0.0025007115 0.008776737 0.28628084 0.60215354 0.005032129 0.6592568 0.13680415 0.012569902 0.70926094 0.000121852645 0.002433388 0.015845416 0.028085627 0.3410157 0.20314488 0.0012206618 2.8716664e-17 0.9908644 9.34224e-05 0.00036688262 0.54531425 0.00049278716 0.07070145 0.0015738938 0.012285936 0.26076975 0.020284882 0.9690426 1.7947385e-05 1.1860325e-05 0.00049880426 1.065035e-05 4.815949e-05 0.54900306 0.055999808 3.1850834e-06 5.242686e-07 0.31569928 0.1184793 0.04395325 1.2124857e-06 0.018619666 2.9384058e-08 7.615106e-08 1.4345888e-07 0.011894425 0.00071513985 0.0004250135 7.415237e-06 1.51097e-08 1.3300102e-06 5.1618727e-09 0.00040877768 1.0544434e-07 7.479563e-08 1.6113503e-06 4.434597e-08 1.5551447e-07 2.755624e-10 0.00015184574 2.8813932e-10 1.2645492e-07 1.5419825e-08 0.00018419704 4.098908e-08 5.3982023e-07 2.2985553e-08 1.06241105e-08 2.5483908e-09 0.0034435142 4.1197154e-07 0.0006834166 1.4338461e-07 1.0428736e-09 1.4342837e-05 0.024779191 1.2713105e-06 6.0203575e-08 1.786986e-07 1.7649437e-08 4.5121837e-10 0.00017748856 0.0011743178 4.6710347e-10 5.130965e-08 4.60358e-08 3.080372e-06 0.0009790206 2.9146218e-08 2.708071e-08 3.9715324e-08 8.237427e-08 3.2636413e-05 0.0003727755 8.190271e-08 1.2710572e-06 1.1745942e-08 2.0269676e-08
0.11901029 0.3150301 0.6070333 0.013660573 0.06899649 0.46586975 0.7072203 0.017245574 0.8877575 0.18351261 0.029901432 0.94119376 0.00027616942 0.018732166 0.024703939 0.20706022 0.34581235 0.19038129 0.0055967015 0.9908644 3.5241616e-17 0.00071240705 0.0015022825 0.112786524 0.0011811507 0.05231508 0.025065338 0.015415763 0.052933905 0.026168391 0.8837622 2.9386347e-05 1.5586817e-05 0.00068639906 3.1502033e-05 0.0009465696 0.4711462 0.00338872 2.2817114e-05 1.8607021e-05 0.0901816 0.31440252 0.028809056 9.96756e-07 0.008762332 2.9329913e-08 7.554318e-08 7.930247e-08 0.0046897065 0.00048040223 0.00023130646 1.0223702e-05 4.407052e-07 2.4800927e-05 1.12347465e-08 3.5479537e-05 2.579207e-06 2.8811075e-06 4.9582202e-05 3.5301534e-07 2.114557e-07 8.074909e-09 0.0003972889 1.5028734e-08 2.1198907e-06 5.783684e-08 0.00043394163 5.425779e-07 5.5075625e-06 1.9283627e-08 1.654495e-08 4.569268e-09 0.008510498 5.0195854e-07 0.0023262694 1.04470224e-07 8.5403125e-09 3.0845065e-05 0.03259672 4.9732083e-05 7.95834e-08 3.4252017e-07 1.9883956e-08 9.482459e-10 0.0006145223 0.0041339593 2.0315674e-10 1.14950474e-07 2.1779238e-07 8.097964e-06 0.0016276903 1.7247784e-07 3.9938107e-07 1.2401617e-07 1.3747906e-07 3.594764e-05 0.00024943784 1.414049e-06 6.0981183e-06 1.8820295e-08 8.5444753e-07
0.7250471 0.059907682 9.976642e-05 0.26112822 0.5661065 0.011671554 0.0010945296 0.35182676 0.0062189926 0.039100524 0.0017576942 0.06407677 0.5540753 0.90705067 0.00081609987 0.19940814 0.0009553593 3.705816e-05 0.58345526 9.34224e-05 0.00071240705 1.6415848e-16 0.89894205 4.863641e-05 0.36334223 0.00032688575 0.2971816 0.25521907 5.0137198e-05 0.08346711 4.650657e-05 0.4894708 0.39321744 8.736214e-05 0.7501576 0.7536253 0.00015592578 2.1701087e-06 0.9218448 0.8488747 1.4001289e-07 0.00025297693 1.3187414e-08 0.018018154 0.0006954514 0.0110476455 0.07716794 0.0011733797 0.001481131 5.6717396e-05 0.00071959797 0.0010612851 0.28396297 0.0104096 0.0023808177 1.5951853e-05 0.00013760231 0.00051408884 0.007684761 7.159792e-06 0.0021982654 0.0072838175 0.008396329 0.0036284237 5.784835e-05 3.367009e-07 0.0004364905 1.8357904e-06 0.011647137 0.0010002145 3.0512788e-07 1.0469575e-05 0.015379867 0.00033519207 0.0028797083 0.00024129236 2.6311084e-06 0.00024730063 0.011533415 1.3346555e-06 2.4158549e-06 0.00040128664 2.7503931e-05 1.2966302e-07 4.204529e-05 0.0022977393 6.283973e-07 5.7579695e-07 3.5293642e-06 2.1150574e-05 0.00029682412 2.8888664e-06 6.9659372e-06 1.1362675e-07 3.0917736e-06 0.0018516699 0.00042913528 7.1299337e-06 7.9180245e-05 1.7292193e-08 1.6131193e-05
0.04194587 0.102978624 0.001435302 0.10210233 0.45362058 0.028082827 0.0056516863 0.10405145 0.017534744 0.0071548196 0.00025995055 0.06991756 0.023310656 0.99169874 4.4819317e-06 0.6786926 9.5881776e-05 1.5901796e-06 0.10897226 0.00036688262 0.0015022825 0.89894205 9.770059e-17 5.6291715e-06 0.035339657 1.3402261e-05 0.9418812 0.016624067 1.9890036e-05 0.007893126 2.6175346e-07 0.0042274874 0.002924692 2.2892361e-06 0.0073279743 0.8886258 0.00029367112 1.7080592e-07 0.038385518 0.22217193 3.9991272e-07 0.0008502755 7.899135e-06 0.0001877675 8.814906e-05 1.3239561e-06 2.706193e-05 7.321205e-06 4.0271738e-05 2.7655205e-06 4.08177e-05 4.7472113e-05 0.0010189926 0.00012175145 8.363123e-07 2.8511097e-06 6.286608e-06 6.4620563e-06 0.00036721845 2.8497843e-07 1.857012e-06 9.1183364e-07 0.00015672664 2.11315e-05 3.930944e-05 2.338997e-07 2.8643262e-05 4.1501266e-07 0.00063511083 6.1647876e-07 2.975244e-08 1.5184088e-07 0.00294364 4.243798e-07 0.00042625016 5.984155e-07 2.5917709e-07 2.5994557e-06 0.006117764 2.4043706e-07 1.2077886e-06 0.00018730767 1.7631269e-08 2.8049161e-08 4.9394363e-05 0.0010519321 1.8099334e-08 1.4002384e-07 1.9692816e-07 1.1994809e-05 4.575513e-05 5.3887015e-07 1.5942833e-05 1.668037e-07 4.3284612e-07 0.00043004172 0.0002943087 2.730584e-06 8.233313e-06 6.5174945e-09 7.2809635e-05
0.7964998 0.002853765 0.075295426 0.00016145714 0.00013964945 0.01721808 0.051453866 0.00017550176 0.019772917 0.015152194 0.0024810676 0.026128983 2.8200024e-05 0.00021775304 0.025569143 0.00473883 0.68345094 0.78897995 4.8492144e-05 0.54531425 0.112786524 4.863641e-05 5.6291715e-06 1.8746442e-13 1.2858652e-05 0.24621789 0.00017717537 0.0023442272 0.97823733 0.0044037253 0.9477503 9.892185e-06 7.041751e-07 0.00045282228 7.3264223e-06 5.9250483e-06 0.31949157 0.8543299 8.821892e-06 4.9536e-06 0.16394632 0.0010940221 0.00020976504 2.8423636e-07 0.79035103 1.559193e-07 1.4953664e-06 9.8654745e-08 0.6583398 0.060308203 0.00042651157 6.02194e-07 1.0064789e-06 8.041268e-08 4.89683e-07 0.004921123 3.539326e-07 4.959972e-08 8.472994e-07 1.0206921e-06 1.1533365e-06 5.1456365e-08 1.820319e-05 7.0133176e-08 8.6107306e-08 1.1551625e-08 2.977119e-05 2.035119e-07 1.2520339e-06 5.6679704e-07 1.9270932e-07 1.0786956e-07 0.0024125595 2.756301e-07 0.00035967256 1.4912384e-07 9.305639e-09 5.3965106e-08 0.050090555 2.1784833e-08 2.0585234e-07 8.873738e-07 1.0418607e-07 1.0628042e-08 9.26204e-06 0.00013614284 7.2428454e-09 8.7450746e-07 1.3261598e-06 3.487998e-09 0.0143623995 9.467609e-07 2.3370905e-07 7.8061085e-08 6.64863e-08 1.731892e-07 1.6300499e-05 1.2851792e-06 2.2350535e-07 9.444288e-09 2.7031555e-10
0.9477118 0.073051564 0.0011275116 0.22507346 0.13048775 0.0074315346 0.00180255 0.79789376 0.003373851 0.00410042 0.0060004145 0.0032344551 0.96300644 0.0350129 0.00075298996 0.005551921 4.215643e-05 3.9930737e-06 0.9798867 0.00049278716 0.0011811507 0.36334223 0.035339657 1.2858652e-05 4.0600176e-16 1.5468675e-05 0.0005088791 0.8083906 4.245954e-06 0.08625728 4.2089077e-06 0.5617937 0.32020932 0.02245646 0.09085723 0.001071558 1.28180645e-05 8.929193e-06 0.0471868 0.0018847608 3.96589e-06 1.2351954e-06 1.2863299e-07 0.09222859 0.00026941867 0.07977447 0.057675343 0.06489138 0.0005067695 0.0010103027 0.10047807 0.4058124 0.006566436 0.047468882 0.01483394 0.0007302381 0.0021084747 0.01959436 0.01689011 0.0020341454 0.0073066205 0.0011987069 0.25067356 4.3394953e-06 0.00034726225 0.00010769836 0.21693705 0.0006965794 3.965341e-06 0.00010654632 0.00016791 0.00010107219 0.17657414 0.0009800574 0.107893065 3.759062e-05 9.008362e-06 0.008366751 0.059405904 0.0056345616 8.762953e-06 6.011712e-06 8.672913e-06 3.8493044e-06 0.0102214655 0.04071256 2.0438376e-06 8.266234e-07 7.754896e-06 0.01214298 0.009798047 2.1654519e-07 3.6669217e-06 4.622019e-07 3.472574e-05 0.011349356 0.010274755 5.6626493e-05 4.8811966e-05 1.0360678e-06 1.7326183e-06
0.776637 0.024332255 0.3024414 0.001305245 0.00068497023 0.22352363 0.15169805 0.0009862296 0.08821908 0.08501418 0.21536832 0.01811951 0.00019793258 0.0010861409 0.97187424 0.0002529849 0.9521165 0.908161 2.0404248e-05 0.07070145 0.05231508 0.00032688575 1.3402261e-05 0.24621789 1.5468675e-05 1.3369343e-14 6.573309e-06 0.021875845 0.1168456 0.1074817 0.16309871 2.7387912e-06 6.2462243e-07 0.46822628 6.9689613e-06 3.3007298e-05 0.2751636 0.017489059 3.602802e-05 8.335856e-06 0.006684836 3.4265548e-05 4.4467157e-05 5.3288606e-08 0.84882176 2.6742859e-08 7.207249e-07 6.225947e-08 0.80143225 0.76096445 0.081554614 1.1982615e-06 1.1638897e-06 4.2833768e-09 8.7750536e-08 0.05267729 1.4344457e-08 4.7481707e-09 2.3846631e-09 3.1400816e-08 2.2763732e-07 1.813153e-07 0.00020029249 7.072275e-08 6.2847643e-09 1.5177831e-09 0.001237883 1.27173605e-08 9.3045355e-06 4.2660145e-07 1.5675526e-07 1.3927251e-08 0.005504851 4.5133353e-07 0.000722445 1.8378538e-08 4.2968765e-10 4.203849e-08 0.06582784 2.3904418e-09 4.052242e-09 1.7649337e-06 3.334226e-08 1.7378807e-10 0.00031705733 0.00020992075 1.6009495e-10 9.0743676e-08 1.4073936e-06 5.650333e-07 0.013366619 1.0186213e-07 1.6334151e-06 1.95499e-08 7.8702405e-09 3.6137462e-06 0.001417219 4.035018e-06 3.1607357e-07 2.0981012e-09 1.183525e-11
0.009990501 0.063861534 0.0040507144 0.023629129 0.2628503 0.017227665 0.009608938 0.01985402 0.036325566 0.0016408172 8.067454e-06 0.63752705 0.0004917958 0.8707601 4.178751e-06 0.9908315 6.59512e-05 8.72879e-06 0.002486032 0.0015738938 0.025065338 0.2971816 0.9418812 0.00017717537 0.0005088791 6.573309e-06 9.712913e-12 0.0014225637 1.0069058e-05 0.0002880586 1.7328803e-05 0.00017146538 8.159769e-05 2.048517e-06 8.432906e-05 0.910064 0.008967622 2.692915e-06 0.00068054843 0.042278145 5.9071157e-05 0.012449123 0.0004868231 4.5372573e-05 4.3954005e-05 4.1991152e-07 5.5009223e-06 1.4432299e-05 2.0798907e-05 8.9293635e-06 7.048789e-06 6.0724733e-06 0.0004462871 2.0271627e-06 3.149407e-07 1.5130682e-06 7.621147e-07 3.715097e-07 8.630363e-06 1.0742606e-07 1.8683935e-06 3.5302676e-07 4.426462e-05 3.6288454e-06 3.5274093e-06 1.0092129e-07 4.1281637e-05 7.8640326e-08 0.0025589939 7.503393e-07 2.4418077e-07 5.5300285e-07 0.00090009824 1.2107282e-06 0.00021249976 9.976023e-07 1.5416585e-07 9.309382e-06 0.003059251 3.4551718e-07 3.0963056e-06 4.374208e-07 3.0702681e-06 6.6410666e-07 5.167853e-05 0.0016744301 7.63289e-08 4.2563465e-07 4.5774638e-07 2.6879554e-06 2.4730498e-05 1.2818864e-06 3.646505e-05 1.19160475e-07 1.2738518e-06 0.00064231094 0.0014579789 5.460857e-06 0.00021548868 5.9090706e-07 5.524391e-06
0.9754481 0.55515414 0.21783169 0.45118183 0.32646602 0.639089 0.090893865 0.8901828 0.056540776 0.5758718 0.7180663 0.038497403 0.43842417 0.075628154 0.1602254 0.020537538 0.016551575 0.0032827985 0.8328547 0.012285936 0.015415763 0.25521907 0.016624067 0.0023442272 0.8083906 0.021875845 0.0014225637 1.0518444e-14 0.00026310585 0.9640054 0.0011434285 0.14385268 0.047806844 0.6308115 0.00904806 0.00023062453 0.0029054596 7.237529e-05 0.0034697673 6.602666e-05 7.3107985e-05 1.3560089e-05 8.736176e-06 0.011939573 0.004668969 0.002204138 0.0018074474 0.0044866665 0.007268927 0.0031890413 0.39589906 0.22312023 0.00039089163 0.011611702 8.546309e-05 0.00542573 0.0004893221 0.008679342 0.0044214944 0.00060735777 6.67896e-05 4.537361e-05 0.17407034 1.1068684e-06 0.00031270194 2.9128976e-05 0.45828643 0.00049027626 3.476491e-05 3.6623973e-05 2.7008999e-05 1.3131274e-05 0.31541383 1.5238748e-05 0.10613852 2.7282686e-05 1.1227083e-05 0.005286746 0.16463885 0.007683914 1.3706904e-05 0.00015473197 2.176896e-05 2.9026523e-06 0.018545099 0.024331525 2.363908e-06 6.005394e-07 6.4477063e-06 0.013507139 0.037810907 7.744852e-06 5.502512e-06 1.4662106e-05 1.75042e-05 0.008673195 0.049020357 5.659642e-05 0.00012468983 1.36825865e-05 1.8819965e-05
0.9579034 0.0023013325 0.058741447 0.0006875495 0.00027225804 0.009953264 0.06115777 0.00014875094 0.0188592 0.0007102567 0.0008152189 0.01743349 1.0684807e-05 0.00037450588 0.016234303 0.0036376882 0.24914807 0.88351756 3.6854394e-06 0.26076975 0.052933905 5.0137198e-05 1.9890036e-05 0.97823733 4.245954e-06 0.1168456 1.0069058e-05 0.00026310585 5.5438466e-11 0.00031352343 0.47829443 4.6001114e-05 1.9591355e-06 7.868733e-05 2.0229132e-05 3.5160406e-06 0.14703931 0.8499353 6.2735904e-05 2.3752304e-05 0.10478141 0.00021608712 0.00015460026 2.7256506e-06 0.7405887 1.9141573e-06 3.950741e-06 3.2589712e-06 0.6190742 0.6793785 0.00021411473 9.20641e-08 4.397411e-06 1.1226583e-08 4.767926e-06 0.008780999 7.825276e-07 5.5236214e-08 9.073531e-09 1.3628086e-05 6.433847e-05 1.0777429e-06 1.7658848e-06 1.7494169e-07 3.0317664e-09 3.2265078e-07 4.0100294e-06 3.010578e-07 8.609704e-06 1.737194e-05 7.4764184e-06 1.5868725e-06 0.00011773835 1.6472131e-05 1.4216843e-05 1.0127287e-06 3.3401219e-07 1.0776149e-09 0.02287511 5.9998584e-09 9.401751e-08 1.0913037e-05 4.9773604e-07 3.7322973e-08 6.351347e-08 4.514911e-07 5.4853423e-08 3.698074e-05 6.00815e-05 5.530344e-09 0.013155361 1.5364642e-05 2.6097914e-06 1.7353892e-05 1.0445405e-06 4.8331586e-08 9.510758e-05 4.251825e-06 1.8908485e-06 8.206001e-08 1.648738e-10
0.972548 0.38727045 0.3882455 0.17299591 0.16789995 0.79486895 0.17285514 0.56733674 0.16284864 0.8058904 0.8496888 0.06283418 0.06559527 0.023192955 0.45212257 0.010883159 0.122570395 0.014759554 0.117215954 0.020284882 0.026168391 0.08346711 0.007893126 0.0044037253 0.08625728 0.1074817 0.0002880586 0.9640054 0.00031352343 6.9164015e-14 0.0018183343 0.01660138 0.0037019113 0.9311887 0.0007568278 0.000103690014 0.011315362 0.00011350476 0.00023715493 4.2696454e-05 0.00013550631 6.754387e-06 7.2999264e-06 0.00030505154 0.03029945 6.981909e-05 6.679871e-05 3.886485e-05 0.038597655 0.016749762 0.4428034 0.012432448 4.2308448e-06 8.488062e-05 8.886522e-06 0.00993246 3.679894e-06 0.00010915386 3.9332277e-05 4.7916706e-06 4.1322974e-06 1.0449659e-06 0.03597214 1.4496152e-07 3.798995e-06 3.0474677e-08 0.10298878 1.1511689e-05 1.8404427e-06 2.040844e-06 2.9637126e-06 4.770848e-07 0.17714138 4.6442747e-07 0.051669665 1.307763e-06 1.2992284e-07 0.00018863601 0.20789167 0.00015516435 2.327717e-07 1.2188715e-06 2.37391e-07 3.413764e-08 0.0046272874 0.013285303 5.78655e-09 1.7972731e-07 4.3075914e-07 0.0012312649 0.03120308 6.304144e-08 6.615744e-07 3.022825e-07 6.659078e-07 0.0016577182 0.0215455 1.1458594e-06 2.2271972e-06 1.6223544e-07 3.8619163e-08
0.11006386 0.029614082 0.264029 0.00040937966 0.0008942817 0.06573658 0.53188276 0.00029267385 0.706226 0.015323552 0.0066180765 0.4471062 2.4266556e-05 0.00010447736 0.025813393 0.0114647 0.545475 0.7953528 5.935073e-05 0.9690426 0.8837622 4.650657e-05 2.6175346e-07 0.9477503 4.2089077e-06 0.16309871 1.7328803e-05 0.0011434285 0.47829443 0.0018183343 7.0001086e-17 9.535596e-07 8.503468e-08 3.4315715e-05 1.5602111e-06 3.6721253e-06 0.7620935 0.7573985 7.8049436e-07 6.174987e-06 0.6896114 0.18729492 0.041279268 1.5945844e-07 0.1876936 2.408732e-08 2.1170268e-07 6.0398153e-09 0.065943755 0.005232082 0.0001768833 2.0879027e-06 9.854792e-08 7.166066e-07 2.6861153e-08 0.00014515984 8.408938e-08 3.0238633e-07 4.2851462e-07 7.843539e-08 2.3377123e-07 4.785886e-09 7.938881e-06 7.4914197e-10 8.808357e-08 5.7893756e-09 7.684416e-05 9.539903e-08 8.9955265e-08 1.1085278e-06 9.133749e-09 2.3249713e-08 0.0007880828 2.104446e-07 0.00016966907 8.285503e-08 2.2562598e-09 5.5287944e-07 0.011189421 2.0862426e-08 7.7145316e-08 1.1788238e-06 9.790339e-09 1.66148e-09 1.2569552e-05 0.0003192452 1.2079308e-09 9.641869e-08 1.00232235e-07 5.8221456e-08 0.0030569516 6.145006e-07 1.7316826e-07 5.390791e-06 1.0420077e-07 7.360651e-07 1.4555511e-05 6.562789e-07 4.594334e-08 4.23496e-09 2.7935573e-10
