5.3822187e-17 0.92207813 0.9739252 0.97718173 0.89721715 0.95586246 0.96888804 0.9478118 0.92374516 0.97413635 0.9231399 0.97909087 0.9318987 0.88487905 0.9928579 0.89268094 0.7772556 0.9067121 0.9756352 0.6787098 0.8192352 0.87140876 0.90618074 0.69155085 0.914442 0.84329003 0.840842 0.9599859 0.86927396 0.86120903 0.91527325 0.04793412 0.27634376 0.89893675 0.38546896 0.9870152 0.5801248 0.87032866 0.57719886 0.98039496 0.47692496 0.36236757 0.9815731 0.40622583 0.012854711 0.9353325 0.97977173 0.98388296 0.9961783 0.9877316 0.3157334 0.8467041 0.3412425 0.2612546 0.66164625 0.7679296 0.83819854 0.4574231 0.6857601 0.4045415 0.91037387 0.93703556 0.11529795 0.94762725 0.08581089 0.9845376 0.0891072 0.9974308 0.9043568 0.6434524 0.78250664 0.99870414 0.99942553 0.978792 0.53484887 0.9526426 0.38391307 0.005164855 0.0032598698 0.044317655 0.33592293 0.9475479 0.0032762964 0.017447662 0.0026266647 0.47213027 0.062672675 0.79379886 0.99984527 0.00010284797 0.99812204 0.90169865 0.00015414947 0.022743901 0.0005841674 7.871949e-06 0.13842697 0.942666 0.0049895872 0.519654 0.9867802
0.92207813 2.7453134e-15 0.9080489 0.79611343 0.9376987 0.17878923 0.66384023 0.018361267 0.93311495 0.10965936 0.51087195 0.621267 0.015566837 0.20344545 0.90561444 0.009847992 0.0004584382 0.30344248 0.12290455 0.3304438 0.0006329697 0.0020621067 1.8601342e-05 0.000103147664 0.03877942 1.549621e-05 5.2215993e-05 0.21130502 0.0022320997 0.00025876402 0.0005135325 0.27684382 0.031044975 5.1207848e-05 0.0002044136 0.007093446 0.00073655945 0.6167229 2.7609918e-05 0.0021563629 0.16463016 0.08764582 0.0001039402 6.0322545e-06 0.021618381 0.07253123 1.8854716e-06 0.07986033 0.02973589 0.01860332 0.30716932 3.3261513e-05 0.0121979015 0.0011619024 1.2331209e-05 2.2876366e-06 0.0037423207 5.43001e-06 0.00023096723 0.60436887 0.015485991 0.0031885225 0.004901615 0.00022130413 0.1417469 7.858529e-08 0.012926892 0.04540397 2.1265168e-07 1.6468902e-06 8.991222e-08 0.0073542707 0.0077814152 4.0330825e-08 1.312741e-08 0.004407681 1.1286971e-06 4.8624147e-06 5.030437e-06 1.3548441e-07 1.7313218e-08 0.00031234967 0.0031352357 4.5897536e-08 7.73478e-05 4.5294684e-08 1.2760191e-07 0.00051307207 0.0044886777 3.696603e-07 0.00072639086 0.00029218942 4.9158036e-05 2.1698945e-07 4.2687985e-05 1.0898264e-06 1.3255326e-08 3.9238444e-06 0.0021669737 9.131541e-08 5.684628e-07
0.9739252 0.9080489 6.74685e-13 0.8744956 0.102659054 0.6125382 0.069901906 0.41921014 0.8274322 0.601525 0.07456734 0.95877403 0.14803955 0.0016950968 0.55706125 0.18928191 0.025111139 0.08682609 0.027220573 0.76884633 0.0005650026 0.00079742796 3.5014075e-06 0.0015805827 0.0945164 2.2794004e-06 4.4365668e-05 0.006414502 0.011309071 0.00017573673 0.0005480316 0.21039431 0.0270925 0.0005270418 0.00060575973 0.04237561 0.016508792 0.3885168 2.5873307e-05 0.00015441635 0.010505246 0.007399009 0.00034324158 5.6640583e-05 0.03338991 0.063079044 1.3402793e-06 0.03166844 0.11341477 0.021479383 0.33676082 1.0198305e-05 0.0010628358 0.00012293618 4.8720462e-06 4.0066443e-05 0.0025526176 2.2138633e-05 0.017054567 0.3644021 0.014219427 0.0016222864 0.00018135447 0.00031095126 0.124989875 1.1753103e-06 0.0011225945 0.034675628 1.526806e-05 6.211823e-05 2.2707607e-06 0.0057619885 0.01697993 2.092779e-06 2.505697e-07 0.005040996 5.3865415e-06 1.072048e-05 2.9252718e-05 5.7666244e-07 1.7453591e-07 0.00030387734 0.00036851937 9.657048e-07 6.628893e-05 5.850764e-07 1.0786849e-06 0.0004490215 0.005126967 1.3244245e-06 0.0011997464 0.00010424656 3.52171e-05 9.618748e-07 1.392896e-05 4.8680124e-07 1.2473984e-07 2.0405773e-06 0.0018229145 1.258685e-07 5.240829e-06
0.97718173 0.79611343 0.8744956 1.8710906e-16 0.0035485076 0.88234997 0.0016533108 0.51089805 0.6578316 0.69667554 0.0018111804 0.5090595 0.258249 6.139963e-05 0.15336125 0.6471014 0.046776585 0.0031611216 0.0020554548 0.94759846 4.1905983e-05 3.368268e-05 1.982159e-08 0.0015044576 0.029873366 4.212325e-08 5.3462827e-07 0.00028572153 0.0034499832 1.5322235e-05 0.0018188535 0.48812997 0.3480187 0.00030656953 0.00046858282 0.12710404 0.20006886 0.4243102 1.1807331e-06 3.6614787e-05 0.0018742204 0.0006078639 0.00011922101 8.293607e-06 0.11640672 0.020499593 3.2771975e-08 0.006613332 0.13011226 0.0066373637 0.3784061 4.5508645e-07 0.00040096225 7.205755e-06 1.4986413e-06 1.939043e-05 0.00016234511 3.2415774e-05 0.38631502 0.30434814 0.0025450275 0.00015503287 6.110702e-05 0.00012088684 0.25864843 2.9113657e-08 0.0005643683 0.013602755 1.0702777e-05 0.0001355191 1.9066464e-07 0.0008825898 0.010096444 6.8249655e-08 1.5425943e-08 0.0012401938 5.155433e-07 0.00023614586 6.6812405e-05 2.9529748e-08 1.3309185e-08 4.1216295e-05 7.999228e-05 9.424858e-08 0.0005086719 3.215908e-08 1.1287865e-06 6.9294525e-05 0.0016033312 8.432303e-07 0.00018068758 3.7620043e-06 3.537212e-06 4.303688e-08 0.00011439052 2.0750922e-07 5.746065e-09 3.3308442e-08 0.0020679715 1.787824e-08 5.8000857e-09
0.89721715 0.9376987 0.102659054 0.0035485076 3.4758706e-13 0.0002585576 0.9475303 0.00016560376 0.04981599 0.0018152656 0.92049813 0.039013118 0.00046321462 0.96377456 0.5376263 3.7823138e-05 2.3978697e-05 0.5711268 0.45822945 0.0010050288 0.25262037 0.10238032 0.006506754 1.1003676e-05 0.0040559215 0.0028151993 0.07444035 0.4941124 0.0004980186 0.012765786 2.8884991e-05 0.0014208602 0.00012163308 3.503619e-06 9.633845e-06 0.00051274087 9.352361e-06 0.020025313 0.0032446706 0.05169692 0.25370583 0.19986776 2.6506154e-05 1.7055435e-06 8.476753e-05 0.016943535 0.00010974494 0.19957255 0.008659744 0.005051764 0.0017471304 0.001505287 0.044032 0.01610785 0.0014306166 2.9302068e-08 0.018478498 7.143913e-08 3.3388256e-05 0.06355326 0.018193994 0.0142251365 0.01437942 0.00018077428 0.0013076694 2.6079465e-07 0.027393226 0.07860102 6.398802e-07 2.28674e-06 6.0604253e-07 0.021171125 0.0036123872 2.9988408e-07 5.23445e-08 0.003355055 1.4442328e-06 1.2761876e-06 2.726869e-07 3.418372e-07 1.01735345e-07 6.0725462e-05 0.0018404342 2.535335e-07 5.4396173e-07 1.5567223e-07 1.6849685e-07 8.517839e-05 0.0032654442 1.2314591e-07 0.0002484457 5.2250016e-05 0.00015360137 2.330558e-05 3.3540837e-07 6.2916854e-07 1.8424981e-07 6.024261e-05 0.00013763669 2.4468977e-06 6.7926635e-07
0.95586246 0.17878923 0.6125382 0.88234997 0.0002585576 5.6476456e-16 0.00012840374 0.938561 0.14037098 0.85023314 0.00021912881 0.223656 0.44930655 7.896619e-06 0.037758198 0.96633685 0.4088418 0.0005273307 0.0006991935 0.9372895 1.0215768e-05 2.8234238e-06 3.877059e-09 0.03347863 0.04507635 1.8126308e-09 1.2154239e-08 1.4568065e-05 0.0066247666 2.3985888e-06 0.022925097 0.4272543 0.72046167 0.002604072 0.015506362 0.28825533 0.52919346 0.056986835 1.9893373e-07 6.6470334e-06 0.0003053845 3.032741e-05 0.0014260765 0.00030079306 0.07868865 0.0052501867 6.041555e-09 0.001183519 0.13131657 0.0016028872 0.06740743 3.6819614e-08 0.000107873115 6.767737e-07 2.7198644e-07 0.00043553952 9.854973e-06 0.0017294505 0.6912588 0.043744434 0.0005255804 2.4059924e-05 1.1586005e-06 0.00047921325 0.07163288 2.950544e-07 4.2815474e-05 0.0055408296 6.467417e-05 0.00039535132 1.4756575e-06 6.1436585e-05 0.007930411 2.2735072e-07 1.2812808e-07 0.0006628097 1.2245168e-05 0.005455208 0.0021678158 2.3887011e-07 2.3988243e-08 0.00012800052 9.338699e-06 1.503733e-07 0.009263807 2.411915e-07 2.5944034e-06 8.9779634e-05 0.0006007443 7.718852e-06 0.00017564357 9.278873e-06 8.16792e-07 1.7604854e-08 0.000941729 1.925382e-08 1.0218218e-08 9.5657946e-08 0.0005891945 5.0083504e-08 1.9640535e-08
0.96888804 0.66384023 0.069901906 0.0016533108 0.9475303 0.00012840374 5.598064e-13 6.279283e-05 0.16863823 0.00039305148 0.67503357 0.014425324 7.175633e-05 0.48590782 0.7832311 1.769134e-05 9.2834225e-06 0.40500444 0.4355373 0.0005983708 0.0040092366 0.00077814073 0.0019503107 1.5149684e-06 0.00026105583 6.7220295e-05 0.0008594545 0.67359304 2.0514957e-05 0.0010779629 2.039993e-05 0.0012775632 0.0001176232 7.2321535e-07 1.9519237e-06 0.00023561406 6.4246824e-06 0.4436868 7.382536e-05 0.023317892 0.97024363 0.88079536 3.405657e-06 3.039412e-07 0.00010437479 0.016704068 2.0551379e-05 0.28003758 0.004326491 0.0005273125 0.018934945 0.00067551254 0.40453705 0.0707487 0.0014075595 8.92494e-09 0.002943769 5.2286325e-08 1.6750688e-05 0.78864604 0.0065041455 0.0017471614 0.33841276 5.683424e-05 0.04695744 7.675623e-08 0.57847184 0.13428026 5.4052464e-08 7.2293924e-06 7.24087e-07 0.011596829 0.003462479 1.6168556e-07 6.88146e-08 0.0012004543 5.4820816e-07 6.609879e-07 4.4157818e-07 2.3151667e-07 4.543572e-08 3.1403375e-05 0.04011594 7.1054046e-07 3.4285013e-06 4.594722e-07 2.0406912e-07 2.8008442e-05 0.00058419496 1.2145485e-07 6.0038143e-05 5.6869325e-05 0.0008536701 0.0006055524 2.028267e-06 1.5083233e-05 9.61001e-07 6.2040936e-06 0.0023389503 1.7688515e-06 2.2413367e-06
0.9478118 0.018361267 0.41921014 0.51089805 0.00016560376 0.938561 6.279283e-05 2.237636e-15 0.016537178 0.9500683 6.982256e-05 0.18610182 0.82239985 5.603173e-06 0.012035499 0.9619879 0.9251246 0.00024604722 9.581632e-05 0.3777773 2.1805341e-05 1.0962993e-05 8.076079e-09 0.37149733 0.15222628 6.2617302e-09 5.7091214e-08 4.5011693e-06 0.061304163 9.164625e-06 0.11070896 0.037387446 0.2554197 0.0074019376 0.12187606 0.52129364 0.29605216 0.003542109 5.459355e-07 1.6193857e-06 1.274398e-05 3.830219e-06 0.0074036955 0.0078038657 0.0068016853 0.005427259 1.1089274e-08 0.0009442794 0.21463217 0.002812964 0.0041800356 1.00788125e-08 8.123939e-06 2.0399264e-07 1.3836718e-07 0.0041852444 7.4417796e-05 0.010116916 0.53831804 0.00071035686 0.0008006189 3.702555e-05 1.0777532e-06 0.002413345 0.0036463316 5.5446644e-06 2.1559566e-05 0.0048017716 0.0001470753 0.00089836924 4.31295e-06 9.572927e-05 0.018041555 1.8050914e-06 1.2791461e-06 0.0012447563 7.187277e-05 0.00554079 0.007533911 3.2153773e-06 9.61777e-08 0.00028336854 1.6565225e-06 6.277493e-07 0.0032838788 4.033315e-07 1.7306697e-06 0.0004569374 0.0011061303 4.539941e-05 0.00059583166 0.00024800585 2.884738e-07 8.427515e-08 0.0003648895 9.315322e-08 2.2234172e-08 8.7318494e-07 0.00058964506 1.10461734e-07 1.0580461e-06
0.92374516 0.93311495 0.8274322 0.6578316 0.04981599 0.14037098 0.16863823 0.016537178 2.516905e-13 0.0347384 0.07573574 0.095730364 0.0028041224 0.002210976 0.7196112 0.0059186365 0.00015996084 0.035826474 0.03710543 0.71755975 0.0001282405 4.097105e-05 1.4504503e-05 4.8082988e-05 0.0008308297 3.6780222e-07 7.2590715e-06 0.0051688687 6.691999e-05 0.00011123202 0.0002520087 0.78671366 0.026792949 2.0282429e-05 7.3573424e-06 0.0028379369 0.00061953533 0.9816016 1.8341043e-05 0.00035287702 0.08963753 0.022541536 1.2834283e-05 6.120506e-07 0.40434176 0.018598024 5.5183195e-06 0.0446055 0.014679001 0.00063260045 0.5332566 7.111448e-06 0.007383125 0.0011353161 1.37663665e-05 1.22848025e-08 0.0002285114 1.12785294e-07 7.508734e-05 0.6217839 0.0027789802 0.00018475931 0.0044118003 3.0171284e-05 0.3318551 7.528441e-08 0.02371318 0.031313304 8.1083876e-08 3.0292535e-06 1.0153044e-07 0.0012633223 0.0023657088 5.60944e-08 4.3887027e-09 0.00078525674 9.998325e-08 7.0381793e-07 2.8503254e-07 2.4587104e-08 1.5816801e-09 1.4674024e-05 0.005417651 2.1304311e-08 3.1644395e-05 2.5738672e-08 2.928469e-08 3.6112266e-05 0.0005363976 3.7672354e-08 6.33952e-05 4.1896594e-05 0.00017463008 2.5339996e-06 7.367759e-05 1.4752629e-05 2.2614698e-08 2.5442012e-06 0.013514143 4.0725544e-07 2.141223e-06
0.97413635 0.10965936 0.601525 0.69667554 0.0018152656 0.85023314 0.00039305148 0.9500683 0.0347384 2.9468427e-15 0.0006383425 0.78269535 0.9647553 6.1059196e-05 0.045380972 0.55609864 0.716572 0.001658636 0.00035436088 0.21361665 0.000120869554 4.2428717e-05 4.7337952e-08 0.20238438 0.8105837 2.034695e-08 2.221301e-07 7.3194846e-05 0.18351403 2.4931831e-05 0.009236488 0.0065984386 0.05485159 0.008886383 0.032102086 0.41213456 0.06869703 0.0023939693 1.7922248e-06 4.275017e-06 0.000112848844 5.724281e-05 0.003366388 0.0016658196 0.0014936383 0.061404586 2.3905754e-08 0.002771091 0.38325223 0.054397006 0.0032819551 1.2811922e-08 3.598355e-05 7.4748175e-07 1.3948592e-07 0.0006941382 0.0004056275 0.0018904862 0.14653206 0.00035218376 0.0045539755 0.00021370818 5.605931e-06 0.001885611 0.00342059 8.777297e-06 9.5453506e-05 0.013577261 0.00018252742 0.00019514844 5.863452e-06 0.00074906496 0.055730816 3.2062462e-06 1.3642799e-06 0.0030725915 3.1195355e-05 0.00031230022 0.00011802526 1.7133834e-06 3.8398102e-07 0.00021119928 5.053156e-06 1.2739964e-06 7.8708945e-05 8.3210307e-07 1.7057372e-06 0.0007923165 0.004221946 1.718223e-05 0.0011489267 6.9193164e-05 5.05894e-07 1.8855388e-07 1.837189e-05 7.413006e-07 1.3783121e-08 5.429902e-08 0.0011177567 4.423716e-08 2.3582515e-06
0.9231399 0.51087195 0.07456734 0.0018111804 0.92049813 0.00021912881 0.67503357 6.982256e-05 0.07573574 0.0006383425 6.3118306e-16 0.26641107 0.00012651723 0.6742958 0.5297995 1.832723e-05 1.6592965e-05 0.98542273 0.81916046 0.0011450752 0.2881715 0.28810647 0.016024187 1.1004663e-05 0.016203454 0.015244638 0.043293033 0.54554516 0.0002969255 0.020026807 1.2170686e-06 0.00041861826 1.4930942e-05 7.3007305e-07 4.5977013e-06 8.0437814e-05 1.93065e-06 0.012770509 0.0015962505 0.01875465 0.13901116 0.17160267 5.5569717e-06 8.3745044e-07 3.596201e-05 0.053805824 4.4927867e-05 0.36159372 0.0044484874 0.013676437 0.0016005591 0.00204643 0.034690667 0.013068087 0.0026976601 1.8682829e-06 0.033879504 3.5326963e-07 3.7489877e-05 0.05249797 0.038442247 0.012274816 0.025030645 4.2354048e-05 0.0016486449 3.813993e-07 0.014226066 0.09865281 1.2949187e-07 3.4810193e-07 1.990195e-07 0.030487705 0.0068072984 1.0122782e-07 2.4844053e-09 0.011335952 1.3760374e-06 2.47336e-06 2.5755185e-07 3.55965e-07 4.4869717e-09 2.2084607e-05 0.0011484852 1.5058583e-07 2.2640518e-07 5.2444037e-08 4.633257e-08 6.117577e-05 0.0075522694 6.3560854e-08 0.0002330137 5.015243e-06 0.00012064912 3.9999113e-06 1.701413e-07 1.0862102e-06 2.4305107e-08 5.894622e-07 0.0003087204 1.4423533e-07 2.7489662e-07
0.97909087 0.621267 0.95877403 0.5090595 0.039013118 0.223656 0.014425324 0.18610182 0.095730364 0.78269535 0.26641107 8.257042e-12 0.41615644 0.0010157815 0.90120417 0.0167139 0.016478352 0.40875173 0.08230857 0.06829544 0.0006804102 0.003661722 2.4080535e-05 0.0019004927 0.88935393 5.4972406e-06 1.32671585e-05 0.0019992876 0.19225208 0.0006013559 0.0030909807 0.0046457727 0.0013070953 0.0017156483 0.0011970613 0.01888221 0.00069172244 0.0087657375 6.343536e-05 0.0006745794 0.0014699354 0.0010945569 0.004956013 9.519633e-05 0.0010927342 0.7266313 4.857844e-06 0.16701 0.23574021 0.41870263 0.002815096 3.9286428e-07 0.00015910945 1.8165671e-06 4.7809186e-07 3.2271786e-05 0.0144941555 2.4545485e-05 0.0010645533 0.006854829 0.09811916 0.009004151 7.71773e-05 0.004840411 0.004469607 5.3928816e-05 0.00012883355 0.089779 8.951489e-06 8.7164535e-06 1.0864481e-05 0.020589817 0.08555601 1.709014e-05 4.1495966e-07 0.026937483 2.0310941e-05 4.8390025e-06 9.582317e-07 8.7862367e-07 1.415908e-07 0.0040336777 8.145727e-05 4.4966833e-07 2.3051798e-05 1.1973282e-06 5.7473397e-08 0.0064311447 0.022892633 2.3155617e-07 0.009290695 0.0017714776 3.4165712e-06 9.966086e-07 1.31322e-05 7.747877e-07 1.3139034e-08 9.237253e-06 0.0026484816 6.2973817e-07 6.395655e-05
0.9318987 0.015566837 0.14803955 0.258249 0.00046321462 0.44930655 7.175633e-05 0.82239985 0.0028041224 0.9647553 0.00012651723 0.41615644 3.8440208e-16 5.1199763e-06 0.011719369 0.23377696 0.91463715 0.00075736037 0.00019107941 0.015932553 1.973239e-05 8.0382715e-06 9.385782e-09 0.6135633 0.80625635 1.9886601e-09 1.0840741e-08 2.1375494e-05 0.88339365 8.382427e-06 0.40275055 0.0010091577 0.009586244 0.19207355 0.2688538 0.7718873 0.018441131 6.99913e-05 2.1754889e-07 1.0251258e-06 6.3026478e-06 1.8716748e-06 0.22952637 0.12695673 0.0001317144 0.034412764 1.0030465e-08 0.0014352142 0.41439217 0.09730969 0.00022440746 1.31249065e-08 1.0474552e-06 9.686823e-09 1.2072525e-07 0.020647973 0.00035185963 0.038356174 0.038895056 1.7925659e-05 0.0031339307 0.00026825262 1.4807396e-06 0.047619574 0.0002060856 0.00072742486 4.4315834e-06 0.0088972375 0.00060502277 0.0012895827 0.00017740225 0.00046379486 0.23077029 0.00010557279 2.3812272e-05 0.0042363647 0.0007127523 0.00068389194 0.0008268459 4.983616e-05 2.0426316e-06 0.0038267036 8.0758326e-07 2.5848976e-06 0.00010565398 4.7672575e-06 1.5709918e-05 0.016747558 0.0075880163 1.8042421e-05 0.016185723 0.0020315223 3.1618978e-08 1.12375595e-07 1.8409826e-05 2.4467752e-07 6.205709e-08 1.5317415e-05 0.0009523493 1.988059e-07 0.00073924375
0.88487905 0.20344545 0.0016950968 6.139963e-05 0.96377456 7.896619e-06 0.48590782 5.603173e-06 0.002210976 6.1059196e-05 0.6742958 0.0010157815 5.1199763e-06 3.6356338e-14 0.096888736 4.810757e-07 2.819201e-07 0.25447348 0.49121866 1.0653092e-05 0.8242195 0.34913173 0.41621745 4.223687e-07 9.6419564e-05 0.10317737 0.7722574 0.9773446 9.757873e-07 0.1746752 3.206875e-07 3.4282544e-05 2.0119512e-06 1.4262727e-07 2.950257e-07 3.8945304e-06 4.506119e-07 0.0008758238 0.02296746 0.35058355 0.07606352 0.04711173 3.6166338e-07 1.8400328e-07 1.455005e-06 0.00386676 0.0013825967 0.25689372 0.000116443036 0.0005885779 0.00014985728 0.13839325 0.029122945 0.04126827 0.016175207 4.480816e-08 0.028975047 1.45982515e-08 2.3141897e-06 0.0016532548 0.009120699 0.02009648 0.0031107957 5.212395e-07 1.6521191e-06 8.650134e-09 0.0023779108 0.022347465 4.870232e-07 4.0078595e-07 1.254819e-08 0.043136887 0.0007627034 5.9298703e-08 8.9720995e-09 0.002801973 3.8806184e-07 1.2299704e-06 6.8551e-07 9.744203e-07 5.0174144e-08 2.2728016e-06 0.00017189811 3.9865802e-07 1.4654464e-08 7.704474e-08 7.741388e-08 3.00524e-05 0.0017687049 8.388449e-08 7.3606796e-05 1.7409573e-05 3.787616e-05 0.00021381641 1.3678476e-07 3.3437138e-07 1.2269284e-07 4.174667e-05 3.2030053e-05 2.0930322e-06 8.8152603e-07
0.9928579 0.90561444 0.55706125 0.15336125 0.5376263 0.037758198 0.7832311 0.012035499 0.7196112 0.045380972 0.5297995 0.90120417 0.011719369 0.096888736 6.391178e-13 0.009101978 0.0016063608 0.74279946 0.40897974 0.04510169 0.003962663 0.0065934635 0.00039367386 0.00027499435 0.31090838 0.0007191894 0.0015339642 0.12838481 0.010829709 0.0005010745 0.00016292301 0.0042787925 0.0009718581 0.00016485716 0.00014405203 0.0034123305 0.00047136372 0.26489785 0.00012627507 0.0015688501 0.04282996 0.049490593 0.00021520547 1.5215645e-05 0.00060446566 0.76473856 7.107418e-05 0.5955549 0.101072125 0.20509171 0.053232763 0.00010713331 0.0038288953 0.00072782283 5.1625477e-05 2.550239e-05 0.016608419 3.8914513e-05 0.0025555564 0.2878148 0.20980226 0.010970786 0.00410387 0.0026721652 0.069936894 1.271231e-05 0.010782083 0.27138677 6.4826104e-06 3.725223e-05 3.513178e-06 0.040717006 0.076498725 4.38627e-06 1.2743736e-07 0.03387838 1.2786576e-05 5.748047e-06 1.9776485e-06 3.7904164e-07 4.9436327e-08 0.0030198016 0.0026357772 3.2330067e-07 4.3343953e-06 3.7804745e-07 2.748193e-07 0.003911719 0.02222994 6.792548e-07 0.0058919135 0.0006580152 6.5548265e-05 1.875818e-05 1.726298e-06 2.7002338e-06 4.530047e-08 4.9588984e-06 0.028482866 2.5911382e-07 6.346985e-05
0.89268094 0.009847992 0.18928191 0.6471014 3.7823138e-05 0.96633685 1.769134e-05 0.9619879 0.0059186365 0.55609864 1.832723e-05 0.0167139 0.23377696 4.810757e-07 0.009101978 1.1505665e-16 0.6902931 6.4793996e-05 1.6368105e-05 0.4381054 7.561471e-07 5.852773e-07 4.1487733e-09 0.41751328 0.008499119 4.6226484e-11 1.7221836e-10 5.471708e-07 0.0032069439 2.445533e-06 0.070323184 0.081897214 0.9271976 0.064305164 0.12192442 0.51535535 0.91747963 0.0015319278 3.9589005e-07 2.730288e-07 1.0876827e-05 5.765717e-07 0.0036270965 0.0068893014 0.019221934 0.000948915 1.898629e-08 0.00019440673 0.06757199 0.00028906498 0.0038591854 1.98101e-08 2.842487e-06 5.744293e-08 1.6785916e-07 0.01594146 3.1474751e-06 0.043851476 0.6780468 0.0006987318 6.232581e-05 3.2129158e-06 4.223606e-07 0.00045911246 0.0036678833 1.6520796e-06 1.9178164e-05 0.0023267188 0.00028153096 0.0024486207 4.0934588e-06 8.480387e-06 0.009823585 3.9350643e-06 1.7132584e-07 0.00014177518 1.1638514e-05 0.08201855 0.16412657 6.786551e-07 3.3850856e-08 0.00022275478 3.6074982e-07 2.2668853e-08 0.03283391 4.050712e-07 1.301874e-05 0.000106330626 0.00014086788 0.0002647368 7.041255e-05 5.1433188e-05 5.8876193e-08 4.3256776e-08 0.009307385 9.217439e-09 1.3814836e-08 4.1366445e-07 0.0007101344 1.6820898e-07 6.5413064e-07
0.7772556 0.0004584382 0.025111139 0.046776585 2.3978697e-05 0.4088418 9.2834225e-06 0.9251246 0.00015996084 0.716572 1.6592965e-05 0.016478352 0.91463715 2.819201e-07 0.0016063608 0.6902931 4.9029433e-16 9.5854615e-05 2.058282e-05 0.0033010258 3.5253038e-06 4.5053002e-06 1.9326558e-08 0.9773979 0.08751716 1.2858185e-09 2.2047166e-09 8.032987e-07 0.51965624 5.152546e-06 0.6534804 0.00039734103 0.029499633 0.5234527 0.76764446 0.72423995 0.052755993 2.8786568e-05 1.292302e-07 3.6202158e-07 1.803289e-07 3.567699e-08 0.25429484 0.30408978 8.007838e-05 0.0022726003 7.506389e-08 0.00027784953 0.14539671 0.0029177538 3.979823e-05 5.6422285e-09 2.3665955e-07 6.451338e-09 9.222261e-08 0.1313806 3.4083947e-05 0.23049343 0.053764135 6.086113e-07 0.0006873069 2.5899597e-05 1.0889489e-07 0.02153942 9.831471e-07 0.00015672845 1.2359541e-06 0.002464895 0.00048031108 0.0060043987 9.8394055e-05 2.3203322e-05 0.053310815 1.9850773e-05 1.552599e-05 0.000642121 0.0003524722 0.004512884 0.012014124 1.8442915e-05 5.871832e-07 0.0014792775 4.4048969e-07 2.306994e-07 0.0004372665 2.1165436e-06 0.0001286722 0.0014144167 0.001235579 0.00025708182 0.0020675631 0.0019051136 2.1924352e-08 1.4987435e-07 4.5383564e-05 1.7206554e-08 5.9139104e-08 7.3802025e-06 0.000105189494 4.149493e-07 0.000103802806
0.9067121 0.30344248 0.08682609 0.0031611216 0.5711268 0.0005273307 0.40500444 0.00024604722 0.035826474 0.001658636 0.98542273 0.40875173 0.00075736037 0.25447348 0.74279946 6.4793996e-05 9.5854615e-05 5.213102e-14 0.9764747 0.00078653527 0.11154693 0.31049436 0.019028554 2.0635829e-05 0.09508201 0.0070676883 0.016575301 0.1728934 0.0024084751 0.014366132 7.690549e-06 0.00029551695 5.7756206e-06 1.1244807e-05 9.530765e-06 0.00012650856 1.5687784e-06 0.0045937854 0.0026483038 0.014330747 0.025804993 0.032139383 7.663749e-05 1.0035136e-06 6.1364412e-06 0.26239407 6.2281004e-05 0.6921537 0.008718787 0.07271574 0.00035201793 0.00032407782 0.0036430692 0.00111289 0.00019546827 5.175315e-07 0.07958178 1.268592e-07 6.07219e-06 0.018594388 0.20281413 0.029866865 0.00060964766 0.0005418183 0.0007933614 1.4544098e-06 0.0010810995 0.15208653 1.4976163e-07 9.897288e-08 1.3040396e-07 0.041855425 0.013227459 2.5279206e-07 2.1690707e-09 0.031428725 7.0225565e-07 3.53145e-07 4.9409458e-08 8.130812e-08 2.2843933e-09 0.00033425709 0.00070556154 4.324473e-08 1.4325115e-06 1.3538877e-08 5.5026952e-08 0.00076616515 0.018332109 5.7161684e-09 0.0018599189 9.497271e-05 4.2441505e-05 2.8757123e-07 4.330695e-07 1.7736571e-06 2.006361e-09 2.4091307e-07 0.00021336036 9.568837e-09 6.6499365e-06
0.9756352 0.12290455 0.027220573 0.0020554548 0.45822945 0.0006991935 0.4355373 9.581632e-05 0.03710543 0.00035436088 0.81916046 0.08230857 0.00019107941 0.49121866 0.40897974 1.6368105e-05 2.058282e-05 0.9764747 1.0865426e-14 0.00019251418 0.2918644 0.6625405 0.07057613 4.151498e-06 0.038901754 0.016880022 0.06592385 0.41760865 0.00038269075 0.061245903 1.1544402e-06 0.00019147783 1.4818888e-05 2.1768058e-06 4.076536e-06 9.164078e-05 9.707909e-07 0.004176413 0.012477745 0.18466502 0.032791715 0.03840193 4.0852688e-06 1.514205e-07 9.44632e-06 0.34394673 0.00028500904 0.9201235 0.00959266 0.10186324 0.00024337789 0.0011068806 0.006123963 0.0017634467 0.00048328296 1.0958665e-07 0.59252685 1.197225e-07 3.214257e-05 0.016373148 0.4443928 0.2942595 0.0045342515 0.0001231414 0.0018191824 1.8117287e-07 0.002567557 0.26233545 2.0194426e-08 1.1115772e-07 6.3173005e-08 0.17422073 0.006328454 1.6501815e-07 5.816712e-10 0.09945617 1.6961833e-07 2.0896218e-06 6.717796e-08 2.7372099e-07 5.220585e-10 0.00012493932 0.00043197375 1.7927641e-07 1.8659326e-06 1.0622935e-08 3.0852256e-08 0.0009958486 0.052538555 4.893051e-08 0.00089941255 4.7421436e-05 1.2846076e-05 2.6786765e-06 8.289649e-07 5.0218478e-06 8.144125e-09 1.904949e-07 0.0007203944 4.9904045e-08 3.6586603e-06
0.6787098 0.3304438 0.76884633 0.94759846 0.0010050288 0.9372895 0.0005983708 0.3777773 0.71755975 0.21361665 0.0011450752 0.06829544 0.015932553 1.0653092e-05 0.04510169 0.4381054 0.0033010258 0.00078653527 0.00019251418 9.4367954e-17 1.4823891e-05 6.8328463e-06 3.6701383e-07 0.00083872385 0.0023366595 2.970498e-08 2.2615861e-08 8.9480245e-06 0.00025500677 1.530112e-05 0.0019830167 0.99251676 0.814574 0.00040020543 0.00023012381 0.0073649073 0.025711538 0.03685238 1.1563167e-06 5.641132e-05 0.00017026525 8.90892e-05 5.3006366e-05 1.3882901e-05 0.38800377 0.0044857785 3.6045356e-06 0.0030672848 0.012380277 0.00022191787 0.15228407 1.3697012e-07 4.4593162e-05 4.908503e-06 1.5931099e-07 1.7535847e-05 1.8227023e-05 8.815344e-05 0.017971534 0.013875219 0.0008502269 6.342967e-05 1.0634832e-05 0.00023698014 0.10448375 5.4158943e-07 0.00033829416 0.009407067 4.02293e-06 1.3070592e-05 3.0768838e-06 0.00045767662 0.0029529566 2.7289946e-07 1.3287929e-08 0.00057661935 2.2954328e-07 0.0013161962 7.2833456e-05 3.4438145e-08 1.5146549e-08 6.561087e-05 9.825758e-06 2.5702565e-08 0.012654692 2.2115154e-08 6.885185e-07 8.465427e-05 9.471927e-05 3.4503068e-06 2.5207994e-05 0.00014663245 1.3274023e-06 1.0280428e-07 0.005611214 3.4609022e-06 1.8457756e-08 9.515584e-05 0.0033844258 2.1967436e-07 3.3696767e-06
0.8192352 0.0006329697 0.0005650026 4.1905983e-05 0.25262037 1.0215768e-05 0.0040092366 2.1805341e-05 0.0001282405 0.000120869554 0.2881715 0.0006804102 1.973239e-05 0.8242195 0.003962663 7.561471e-07 3.5253038e-06 0.11154693 0.2918644 1.4823891e-05 7.955477e-14 0.89000714 0.978945 1.5209226e-06 0.0006031286 0.91073865 0.8444932 0.43093556 2.085818e-05 0.83668613 2.6152577e-06 2.9452124e-06 8.424052e-06 1.9268298e-06 6.965588e-07 2.6054855e-05 7.931764e-07 0.00015436455 0.2956655 0.59108907 0.0023022492 0.006697841 7.732785e-06 1.4855934e-07 8.1459875e-06 0.010065305 0.016715687 0.2138603 0.00020970624 0.0014383625 1.5484484e-05 0.33901542 0.0040788227 0.018232813 0.07876841 4.4813632e-08 0.18629564 3.293496e-08 1.2129807e-06 0.00020701616 0.027158285 0.06720912 0.0017319032 1.3962567e-05 4.4341516e-07 1.0507614e-07 0.00024958584 0.01253093 4.5575903e-06 3.3237366e-06 2.7248413e-07 0.094054714 0.000761733 2.2784951e-07 8.951468e-09 0.010461994 1.3799898e-05 1.1303193e-06 2.3676608e-07 9.879735e-07 1.09427276e-07 1.2263962e-05 3.2183885e-05 5.5282226e-06 4.653024e-08 8.4915354e-07 6.056739e-07 0.0001646705 0.003606393 6.358984e-08 0.00014115109 1.6330592e-05 5.437146e-06 0.00016188038 9.774746e-08 5.544878e-07 1.0024298e-06 5.283195e-05 6.397155e-05 8.6449445e-06 1.244648e-06
0.87140876 0.0020621067 0.00079742796 3.368268e-05 0.10238032 2.8234238e-06 0.00077814073 1.0962993e-05 4.097105e-05 4.2428717e-05 0.28810647 0.003661722 8.0382715e-06 0.34913173 0.0065934635 5.852773e-07 4.5053002e-06 0.31049436 0.6625405 6.8328463e-06 0.89000714 3.149783e-14 0.7026387 1.6970822e-06 0.0010524574 0.63111484 0.6550509 0.038335126 4.3268436e-05 0.89108074 2.3426938e-07 1.4292146e-06 1.1233398e-06 9.604791e-08 4.4547383e-07 2.059803e-06 7.009376e-07 6.3206004e-05 0.3548143 0.975335 0.0011786924 0.0014693902 2.7069839e-06 3.1478817e-07 7.590893e-07 0.031523228 0.3576629 0.42576206 4.8286787e-05 0.004443664 3.1087195e-05 0.039946858 0.0006628543 0.0011218298 0.0018356539 2.3080061e-07 0.64878005 9.956134e-08 1.9723868e-05 4.4049724e-05 0.08850985 0.1747959 0.00038307472 8.6959e-05 1.1054578e-06 6.055818e-08 0.00040479898 0.029531317 3.781969e-06 8.884844e-06 7.679723e-08 0.11476267 0.0007314038 2.2030292e-07 3.2092164e-08 0.04167329 6.0895144e-07 1.4878052e-07 9.63226e-07 5.5582966e-08 1.1905085e-07 1.473331e-05 1.1022449e-06 2.5137246e-07 2.6516564e-09 4.8382293e-07 2.4177965e-07 0.00049289357 0.019761268 6.990067e-08 4.444948e-05 6.8566196e-06 4.77482e-06 3.945669e-06 9.4547644e-08 5.70021e-08 1.02690024e-07 7.4797777e-06 0.00015756636 1.1030916e-06 1.9880126e-06
0.90618074 1.8601342e-05 3.5014075e-06 1.982159e-08 0.006506754 3.877059e-09 0.0019503107 8.076079e-09 1.4504503e-05 4.7337952e-08 0.016024187 2.4080535e-05 9.385782e-09 0.41621745 0.00039367386 4.1487733e-09 1.9326558e-08 0.019028554 0.07057613 3.6701383e-07 0.978945 0.7026387 3.331565e-14 3.656792e-09 6.35105e-06 0.93019164 0.86944 0.7092653 6.971892e-08 0.9421968 8.3584467e-10 1.3454685e-06 2.6581652e-08 1.0800553e-09 1.3243441e-09 1.2162356e-08 2.6552513e-08 1.8343475e-05 0.7479955 0.5717399 0.008571405 0.0129169775 5.9269953e-09 3.4729482e-09 2.6560102e-07 0.0010442059 0.23066424 0.074569754 4.274626e-06 0.00082467473 2.1731364e-06 0.7075118 0.012395304 0.03523357 0.36270717 4.595208e-09 0.15673149 7.3474193e-10 5.880403e-08 1.8012972e-05 0.016637009 0.074099824 0.0153906 1.9130239e-08 2.0101398e-07 3.28292e-09 0.0013660813 0.011305216 1.8275358e-07 7.6720045e-07 2.211253e-09 0.21295786 1.5386093e-05 7.4240996e-09 2.366253e-10 0.009845654 1.5052667e-07 8.230726e-07 9.361364e-08 1.2413905e-08 5.291383e-09 1.6584032e-08 8.056721e-06 6.848725e-08 2.3953724e-08 8.5794305e-09 3.36879e-08 4.2669095e-07 0.0032392598 1.8127136e-09 1.4578802e-06 2.020236e-08 7.3796565e-07 0.00040583647 5.351214e-09 1.6891323e-07 2.605166e-08 5.913428e-07 1.2005556e-05 3.3133624e-08 5.449736e-09
0.69155085 0.000103147664 0.0015805827 0.0015044576 1.1003676e-05 0.03347863 1.5149684e-06 0.37149733 4.8082988e-05 0.20238438 1.1004663e-05 0.0019004927 0.6135633 4.223687e-07 0.00027499435 0.41751328 0.9773979 2.0635829e-05 4.151498e-06 0.00083872385 1.5209226e-06 1.6970822e-06 3.656792e-09 1.2133281e-15 0.004574447 1.5916976e-09 2.5259514e-09 3.6907414e-07 0.20048307 8.866083e-07 0.62990826 0.00013723955 0.024487482 0.7433448 0.9776286 0.3432015 0.14062433 3.087965e-05 1.1990913e-08 4.1290235e-08 3.969558e-07 1.6782923e-07 0.20847444 0.57750666 0.00010864808 0.0005862793 4.7194703e-08 0.00019677941 0.049244538 0.00053760206 5.4472326e-05 1.8992013e-08 8.338118e-07 1.2481004e-07 9.2103775e-08 0.43158466 2.26721e-06 0.48072246 0.5006473 3.940908e-06 0.00013404174 3.896325e-06 9.363075e-07 0.0074333604 9.279917e-06 0.00041264907 5.03449e-05 0.0013149972 0.05895003 0.18008968 0.0002659375 2.7297715e-06 0.021966709 3.383493e-05 4.0093164e-05 7.956189e-05 0.00073187577 0.015129502 0.048232425 2.7900658e-05 7.297435e-06 0.0012981814 2.2490673e-07 1.7917666e-06 0.0026425691 6.993435e-06 0.003875735 0.0007529375 0.00029151337 0.0011534576 0.0005308296 0.0016787053 3.5918905e-08 9.912762e-08 0.0002944255 9.1418066e-08 2.5964465e-07 1.463051e-05 0.00020947556 8.091868e-07 7.840239e-05
0.914442 0.03877942 0.0945164 0.029873366 0.0040559215 0.04507635 0.00026105583 0.15222628 0.0008308297 0.8105837 0.016203454 0.88935393 0.80625635 9.6419564e-05 0.31090838 0.008499119 0.08751716 0.09508201 0.038901754 0.0023366595 0.0006031286 0.0010524574 6.35105e-06 0.004574447 3.2208702e-14 2.5813797e-06 5.2694154e-06 6.26522e-05 0.84677154 0.00031919437 0.02234193 0.00018001252 0.00025472118 0.004591659 0.0025545089 0.7478113 0.00020688018 7.830987e-05 1.49032285e-05 6.703452e-05 0.00026922397 1.2357402e-05 0.10856813 0.00047404866 0.00015054269 0.72202283 2.5967835e-05 0.049366686 0.93734235 0.81943995 0.00019745369 1.3280132e-07 1.858177e-05 1.2014546e-07 4.273303e-07 0.00032996395 0.025053259 0.0005089366 0.00023066433 0.00030977858 0.20276394 0.011387367 4.109666e-05 0.24727489 0.00078063476 0.0007001624 7.884658e-05 0.07917559 8.1189384e-05 4.5180943e-05 5.0741844e-05 0.0051252996 0.44425184 0.00014300192 2.6232985e-06 0.05458902 0.0003930352 4.4004253e-05 1.2800241e-05 6.53399e-06 3.534843e-07 0.04376818 2.8742743e-06 6.006305e-07 7.993275e-06 7.599382e-07 8.6471323e-07 0.10145412 0.08275648 4.0966864e-07 0.049359556 0.011220913 5.9378414e-07 2.7228722e-07 1.5788924e-05 6.181383e-07 1.5978237e-07 5.388743e-05 0.0070632137 9.5099597e-07 0.0032565359
0.84329003 1.549621e-05 2.2794004e-06 4.212325e-08 0.0028151993 1.8126308e-09 6.7220295e-05 6.2617302e-09 3.6780222e-07 2.034695e-08 0.015244638 5.4972406e-06 1.9886601e-09 0.10317737 0.0007191894 4.6226484e-11 1.2858185e-09 0.0070676883 0.016880022 2.970498e-08 0.91073865 0.63111484 0.93019164 1.5916976e-09 2.5813797e-06 5.0494572e-17 0.99184984 0.3224504 1.1444123e-08 0.74050784 5.9680116e-10 9.9353244e-08 3.5141476e-09 2.5248241e-09 1.7268807e-10 1.087653e-08 3.135627e-09 1.7340268e-06 0.6683884 0.52184445 0.00041145156 0.0007080013 4.4911412e-09 1.0968837e-09 2.1019558e-08 0.0005037387 0.34382585 0.066245444 3.030395e-06 0.00079003704 1.1514418e-06 0.48050478 0.00075219217 0.0043178187 0.028676298 7.971735e-09 0.15163328 1.3212074e-10 1.5573434e-08 1.4414396e-06 0.008260133 0.11046937 0.00025922543 5.3403983e-08 1.8184007e-08 3.378234e-09 8.640839e-06 0.0059898854 1.4947439e-07 3.431972e-08 4.1044608e-09 0.19226654 3.88817e-06 7.1157453e-09 1.315921e-10 0.008131796 2.9161287e-08 2.162978e-08 1.7187489e-07 1.515649e-08 1.5086339e-09 6.3627446e-08 9.965469e-07 7.612891e-10 1.5355133e-09 3.316566e-09 4.3427814e-08 1.8213184e-06 0.0020639906 1.5379834e-10 3.388343e-07 4.544465e-08 1.575852e-07 3.3807868e-05 3.210487e-10 6.013813e-09 2.8037486e-09 5.903874e-06 2.9180913e-07 3.5397778e-09 1.4972883e-08
0.840842 5.2215993e-05 4.4365668e-05 5.3462827e-07 0.07444035 1.2154239e-08 0.0008594545 5.7091214e-08 7.2590715e-06 2.221301e-07 0.043293033 1.32671585e-05 1.0840741e-08 0.7722574 0.0015339642 1.7221836e-10 2.2047166e-09 0.016575301 0.06592385 2.2615861e-08 0.8444932 0.6550509 0.86944 2.5259514e-09 5.2694154e-06 0.99184984 4.180113e-18 0.5972453 9.422464e-09 0.67453396 6.094691e-09 1.158327e-07 2.5423517e-09 1.2483229e-09 1.7794259e-10 1.2054957e-07 7.921671e-09 2.3015313e-05 0.4072591 0.49698195 0.0010106043 0.0017067112 1.3892018e-08 6.7079425e-10 7.5429245e-09 0.001539548 0.087782025 0.116182186 1.2612431e-05 0.0006147158 8.1596664e-07 0.649717 0.0016077477 0.01475223 0.033139523 2.4689488e-09 0.08258768 3.9836368e-10 8.745024e-09 6.7606584e-06 0.016400522 0.12227269 0.00030197785 3.15636e-08 3.4180246e-08 5.2356155e-09 9.734688e-06 0.008758004 4.2222248e-07 1.9360613e-08 1.0105723e-08 0.15397336 2.1619047e-05 1.7747162e-08 3.2243558e-10 0.008661668 3.1377343e-08 6.3517795e-09 2.4775545e-08 5.08422e-09 1.4488811e-09 7.271418e-08 5.0703366e-06 1.7929887e-10 1.0928493e-09 5.445248e-09 1.4015644e-08 5.1121506e-06 0.0019003937 8.347863e-11 8.059069e-07 9.6340926e-08 4.262342e-07 0.00013819055 1.8407813e-10 1.1979803e-08 7.9971635e-10 4.6792297e-06 4.005057e-08 1.1736558e-08 4.2371333e-09
0.9599859 0.21130502 0.006414502 0.00028572153 0.4941124 1.4568065e-05 0.67359304 4.5011693e-06 0.0051688687 7.3194846e-05 0.54554516 0.0019992876 2.1375494e-05 0.9773446 0.12838481 5.471708e-07 8.032987e-07 0.1728934 0.41760865 8.9480245e-06 0.43093556 0.038335126 0.7092653 3.6907414e-07 6.26522e-05 0.3224504 0.5972453 1.6925342e-13 8.062601e-06 0.26633927 2.5157117e-06 2.5857447e-05 1.6207514e-06 2.3804664e-07 6.581783e-08 4.2325824e-05 4.494158e-07 0.0017758941 0.022498159 0.4566175 0.6165292 0.5193221 7.278547e-07 5.255839e-08 5.0839953e-06 0.007348133 0.010517251 0.2726066 0.0002608269 0.00071598124 0.00039939844 0.94166505 0.6337529 0.74745834 0.4746686 1.0474757e-07 0.031789616 8.095264e-09 3.3163244e-06 0.0020833442 0.0106355315 0.04553063 0.18475276 6.702269e-05 1.3654664e-05 4.8764853e-08 0.036141906 0.028038256 1.8323402e-07 6.46426e-07 8.8515215e-08 0.069361046 0.0009980558 3.596794e-07 3.8889706e-08 0.0021122054 1.3123412e-07 3.161488e-06 1.2874548e-06 2.2004402e-07 4.4173085e-08 9.488268e-06 0.0002316791 1.1362393e-07 2.9294691e-08 2.3010468e-08 7.7558866e-08 6.3104395e-05 0.0013997051 9.815057e-09 0.00011865342 4.4395125e-05 0.00049962697 0.05066463 1.0767489e-07 1.1206828e-06 4.0237392e-08 4.9814516e-06 0.0008963403 4.8794995e-08 1.6750464e-07
0.86927396 0.0022320997 0.011309071 0.0034499832 0.0004980186 0.0066247666 2.0514957e-05 0.061304163 6.691999e-05 0.18351403 0.0002969255 0.19225208 0.88339365 9.757873e-07 0.010829709 0.0032069439 0.51965624 0.0024084751 0.00038269075 0.00025500677 2.085818e-05 4.3268436e-05 6.971892e-08 0.20048307 0.84677154 1.1444123e-08 9.422464e-09 8.062601e-06 2.829619e-15 3.3170505e-05 0.65104145 3.6194568e-05 4.6588168e-05 0.20272547 0.07736069 0.9790401 0.000106205254 1.0336637e-06 3.7200286e-07 2.4099525e-06 2.5356169e-06 7.173888e-07 0.84183145 0.0749515 7.891011e-06 0.09748757 7.813646e-08 0.0022232712 0.49443525 0.55578256 3.570795e-05 2.1760707e-08 9.415242e-07 3.881062e-09 1.8552605e-07 0.008706863 0.0012312192 0.012322716 0.00020424272 6.3096063e-06 0.013507108 0.00055103295 2.2054697e-05 0.7985364 3.0896263e-05 0.01574227 2.0718473e-05 0.016866302 0.0005527224 0.0003591721 0.0015654509 0.00030546988 0.7880266 0.0011075563 0.00018546174 0.012723835 0.0034294988 9.3724775e-06 4.5503788e-05 0.00025845846 2.7594573e-05 0.13535313 2.721722e-07 1.7055932e-05 4.984298e-06 0.00026885196 7.993642e-06 0.41010487 0.06555727 3.9042475e-06 0.20181674 0.06086856 6.5448035e-08 1.3310766e-07 1.2045075e-05 2.1422676e-07 9.712224e-07 0.00034249917 0.0008913683 6.004882e-06 0.021462822
0.86120903 0.00025876402 0.00017573673 1.5322235e-05 0.012765786 2.3985888e-06 0.0010779629 9.164625e-06 0.00011123202 2.4931831e-05 0.020026807 0.0006013559 8.382427e-06 0.1746752 0.0005010745 2.445533e-06 5.152546e-06 0.014366132 0.061245903 1.530112e-05 0.83668613 0.89108074 0.9421968 8.866083e-07 0.00031919437 0.74050784 0.67453396 0.26633927 3.3170505e-05 1.1003585e-12 7.1187594e-07 6.448026e-06 2.250375e-06 1.5355346e-06 8.139405e-07 1.6959302e-06 1.7486722e-06 9.8661294e-05 0.9706661 0.68709356 0.0017998067 0.002094548 2.6805649e-06 5.7042314e-07 2.1749795e-06 0.002100363 0.49279422 0.105180904 9.307788e-05 0.0009898985 2.2051754e-05 0.50112414 0.0012862264 0.0077270656 0.11961019 8.396164e-08 0.39662418 2.94282e-08 1.9010898e-06 8.550532e-05 0.01686743 0.09878693 0.0018171414 1.888993e-05 1.1275008e-06 6.7095397e-07 0.000558715 0.0055579212 1.0277782e-05 3.3390565e-06 1.2824979e-06 0.20252569 0.00024520536 2.221463e-06 2.743516e-07 0.015740288 1.1771696e-05 3.1206232e-06 7.145981e-07 1.1180706e-06 1.614884e-06 1.9615566e-06 9.479748e-06 1.6416308e-06 2.1465592e-08 4.020343e-07 2.816667e-07 1.7887458e-05 0.003716214 4.9723617e-08 3.4590295e-05 2.8549734e-06 2.0529869e-07 0.00022388117 1.5996235e-08 8.3439595e-08 4.330315e-07 2.8719794e-05 5.098244e-05 2.4798196e-06 3.0466092e-07
0.91527325 0.0005135325 0.0005480316 0.0018188535 2.8884991e-05 0.022925097 2.039993e-05 0.11070896 0.0002520087 0.009236488 1.2170686e-06 0.0030909807 0.40275055 3.206875e-07 0.00016292301 0.070323184 0.6534804 7.690549e-06 1.1544402e-06 0.0019830167 2.6152577e-06 2.3426938e-07 8.3584467e-10 0.62990826 0.02234193 5.9680116e-10 6.094691e-09 2.5157117e-06 0.65104145 7.1187594e-07 4.367758e-13 0.00012755294 0.003539657 0.9855076 0.4012918 0.3002272 0.027467145 4.7477392e-06 2.995178e-08 4.5284057e-08 1.2459461e-06 7.729419e-07 0.98063606 0.3935532 7.15134e-05 0.0012474139 4.101573e-09 2.9791214e-05 0.1630552 0.006094683 2.9644576e-05 1.5040175e-08 3.5868018e-07 2.3443821e-08 1.5797086e-07 0.25029156 7.583154e-06 0.17870252 0.22753833 3.2568862e-06 0.00021574735 3.1062611e-06 1.0599782e-06 0.21405464 2.7826336e-05 0.15896477 0.00020928707 0.0019401087 0.14707172 0.21887119 0.011937238 2.409294e-05 0.19120942 0.0039585233 0.0012296379 0.0007170988 0.024672484 0.0015581475 0.0053486745 0.0004824009 8.834811e-05 0.0054247626 1.0184717e-07 4.4318855e-05 7.713977e-05 0.00018987163 0.0027884669 0.0058272956 0.0024771253 0.00012384426 0.01054756 0.0032381495 8.62235e-08 1.9141191e-06 6.482066e-06 5.9113927e-07 6.896473e-06 7.5575794e-05 8.513595e-06 5.688638e-06 0.0012606006
