7.052858e-17 0.9999717 0.995629 0.98641384 0.99556136 0.9925506 0.9514443 0.95331484 0.938425 0.9829851 0.99999994 0.9996624 0.9389418 0.9691019 0.9704125 0.9666012 0.93392724 0.9868037 0.9175455 0.8340218 0.9758924 0.97507566 0.8949078 0.93359756 0.9078612 0.94237244 0.9867759 0.9464851 0.93590486 0.9813097 0.8646257 0.89021647 0.853125 0.8034163 0.7947379 0.90183806 0.7237587 0.9199801 0.9357378 0.9266981 0.7759553 0.6526933 0.8372513 0.8950091 0.89163744 0.7170629 0.9382069 0.89788085 0.813538 0.998004 0.779723 0.9350129 0.8040261 0.92716837 0.9613181 0.87958354 0.8217917 0.8691025 0.9223382 0.7919346 0.9313148 0.82989645 0.92866355 0.6737852 0.89625955 0.5785271 0.8638714 0.76105905 0.8802988 0.5465226 0.8583193 0.07728388 0.8936844 0.6749979 0.4787073 0.47879082 0.2755169 0.2650498 0.7334135 0.18396448 0.06226399 0.10024543 0.01002191 0.7997 0.011478731 0.105527006 0.027240193 0.017927738 0.61371666 0.4439979 0.04567398 0.1864963 0.11148776 0.05742377 0.6224213 0.05003476 0.14058055 0.0025873801 0.0035600506 0.0058231633 0.0034954208
0.9999717 1.3291369e-09 0.5848073 0.89200974 0.34663284 0.15426794 0.07202943 0.22142082 0.089803785 0.9011983 0.63363105 0.03664777 0.09661948 0.25048468 0.5705546 0.19917987 0.24514931 0.0045658024 0.04924703 0.06595508 0.28747717 0.011055681 0.005690809 0.05976307 0.08484082 0.06895318 0.012383507 0.0050791185 0.010558308 0.006677888 0.028917942 0.03748061 0.028634466 0.00492986 0.01577558 0.003316004 0.0023065102 0.038578324 0.026457962 0.029941563 0.0016415981 0.0012400666 0.012730018 0.0010589331 0.01461929 0.00020776062 0.003061567 0.0118059935 0.02432472 1.1595306e-05 0.01523445 0.016107358 0.0010566476 0.0002982884 0.019538712 0.010455936 0.019285731 0.031417973 0.007853488 0.0014229424 0.0009205063 0.00048407709 0.00041525185 0.0003276248 0.008617505 8.617595e-05 0.010532125 8.634689e-05 0.038731396 0.0015798954 0.0012160912 0.0010019918 0.00072964403 0.00015595167 0.00766841 0.004861544 0.0024840944 0.0056147864 0.001141512 0.00048233123 0.0006127705 0.0018390315 0.00025515223 0.00046130642 0.00060439965 0.00062115036 0.00018898839 2.2229351e-05 0.00042552128 0.00029812686 0.00097153377 0.0006822259 0.0006594931 0.00048447517 0.00014469931 0.00052638905 3.207505e-05 4.4189754e-05 1.7401355e-05 0.00021959971 0.00017279832
0.995629 0.5848073 1.4265339e-11 0.42352414 0.6817872 0.12044697 0.09922298 0.88069075 0.24601698 0.006561566 0.12095616 0.022576632 0.7799976 0.21861106 0.011279106 0.056001574 0.001019518 0.0023470647 0.08135065 0.00069108023 0.005773374 0.039677322 0.0053533413 0.48580644 0.0015117535 0.8138937 0.003529844 0.037457008 0.2745893 0.0025070456 0.59640986 0.00018090189 0.5334687 0.003437018 0.40431267 0.013192832 0.0024346565 0.0006020069 0.011612061 0.0027855632 0.010059859 0.00192542 0.0004735293 0.0017818572 0.0016795236 0.000546537 0.052348036 0.04458145 5.2585343e-05 1.0897645e-05 0.00017560991 0.018531661 0.0031836885 0.00092952495 0.38693956 0.0007756808 6.303072e-05 3.53705e-06 0.0017519448 0.0032112682 0.023823535 0.0007990548 0.00025691418 0.0008229286 0.00027816373 0.00029371987 3.630389e-06 4.812189e-05 0.07081123 0.0025360135 0.035053447 0.0011878945 0.00042437704 0.00034545033 0.0016768262 0.0023881423 0.00084844575 0.00059479504 0.005134142 0.0107606705 0.0034464204 0.0014173826 0.00034445638 0.00017443832 0.00037859823 0.00056300074 0.00042149334 1.0920284e-05 0.00036011875 0.0001173852 0.000108917084 0.00042345992 0.00018195597 0.00079677504 1.2949026e-05 0.00038836265 3.781935e-05 1.8285034e-05 2.8030996e-05 0.00017976102 0.00018319515
0.98641384 0.89200974 0.42352414 8.674524e-12 0.024529083 0.006017856 0.0026124236 0.9399593 0.01101796 0.08681876 0.08735407 0.003491836 0.022895645 0.6141469 0.09713806 0.68727154 0.007943355 0.0001590386 0.40301067 0.0066472967 0.1882551 0.00087844994 0.0008627722 0.24096005 0.040253513 0.022157142 0.00016642261 0.0013445867 0.012779568 0.0003020559 0.026852148 0.007108029 0.052138917 0.00020601801 0.022066472 0.00019461896 0.00015014008 0.020436 0.21842699 0.06653003 0.00036901014 0.0001182295 0.014574195 0.00018393793 0.07304914 6.251177e-05 0.002314096 0.06311563 0.0038613095 8.264653e-08 0.0055940445 0.21490696 0.00017056917 0.00022812904 0.0623967 0.034424014 0.003669159 0.00039961716 0.09595185 0.0004183774 0.0013847325 0.00011933658 6.002652e-05 7.512322e-05 0.017992577 1.8537112e-05 0.0011441304 5.532035e-06 0.094722666 0.019020874 0.003566851 0.0051616817 0.00022047559 4.852513e-05 0.016532186 0.005929402 0.014218138 0.0044931513 0.0006466785 7.852758e-05 0.00026570298 0.0010822796 0.00011007197 3.5688103e-05 0.0001442822 0.000616492 0.0002828294 2.1779842e-05 0.00011023312 2.2205535e-05 0.0007798315 8.03662e-05 0.0006387755 0.0004295101 1.1275852e-05 0.00018702261 3.833126e-05 0.00011315608 7.5661205e-06 0.00015953793 0.00010597882
0.99556136 0.34663284 0.6817872 0.024529083 9.211515e-13 0.9729058 0.7514101 0.10408787 0.81206304 0.00074816076 0.08302106 0.045998733 0.9115666 0.018862573 0.001501111 0.006004138 9.523165e-05 0.00096230756 0.013201566 8.300171e-05 0.0013668874 0.40040052 0.0076664905 0.07450424 0.00020429998 0.47087687 0.07247816 0.25757992 0.29558033 0.029932482 0.15365978 9.784091e-06 0.059124555 0.02764816 0.053513777 0.08038257 0.015230781 8.2247076e-05 0.0014147223 0.00047225392 0.06614524 0.011854536 3.176219e-05 0.0065500718 0.00027518533 0.0047430685 0.25096908 0.008305073 3.9043925e-06 2.406862e-05 8.813189e-06 0.0030713668 0.028583024 0.009628941 0.046364114 6.810398e-05 2.5261577e-06 1.4675254e-07 0.0004498534 0.04331834 0.10638761 0.0072443034 0.002400142 0.00962241 1.51579e-05 0.010628719 2.5732157e-07 0.00024062209 0.013401383 0.000212425 0.0014180803 0.0002814182 0.008937552 0.0030563234 0.00022039615 0.00044267176 0.0002166831 0.00012558201 0.055671304 0.005475238 0.0013452851 6.641359e-05 0.0003005491 0.00071818085 0.00030013002 0.00031971536 7.612671e-05 1.6631082e-05 0.00051061873 0.0005798904 2.583381e-05 0.00044998064 3.1695377e-05 5.5498247e-05 5.5010064e-06 0.0005404446 8.4061445e-05 2.1546e-05 2.811635e-05 1.5706384e-05 1.9343204e-05
0.9925506 0.15426794 0.12044697 0.006017856 0.9729058 1.16716905e-11 0.9700519 0.017932046 0.49540868 8.560968e-05 0.19950603 0.43349308 0.28655896 0.005702337 7.3456795e-05 0.0010259465 6.298556e-06 0.036200844 0.0045957398 2.2242031e-05 9.978953e-05 0.5908138 0.105273075 0.0148872705 1.864002e-05 0.12915422 0.45737767 0.15202998 0.09550073 0.25862253 0.04131263 5.6052954e-06 0.0099761 0.1374226 0.013536729 0.101340085 0.055048134 6.882885e-06 0.00018925841 2.99424e-05 0.04698605 0.031583503 3.9003103e-06 0.025563499 2.632106e-05 0.017528465 0.083585724 0.0032542152 1.3278809e-06 0.0001565692 2.5133354e-06 0.0007531016 0.053144485 0.0288425 0.008381633 7.0427955e-06 5.7774685e-07 1.9751093e-08 0.00011851647 0.046495046 0.022896267 0.019606754 0.015466228 0.019591907 4.598293e-06 0.0175117 1.233682e-07 0.002092795 0.0011039962 0.000301806 0.00038419003 0.00014040408 0.019665968 0.018821815 7.682877e-05 0.00019220397 0.00029695296 0.000119480064 0.018677462 0.00048069464 0.00039694182 0.00013316728 0.00011779754 0.0034353093 0.00021191286 0.0005510458 5.0763625e-05 0.00021745256 0.0065698004 0.000701383 0.0009118311 0.00420293 8.3231585e-05 0.00081189786 8.8801644e-05 0.0012624743 0.0014359276 2.6896107e-05 3.0134048e-05 0.00012501358 0.00019598812
0.9514443 0.07202943 0.09922298 0.0026124236 0.7514101 0.9700519 7.987703e-12 0.010189081 0.97873855 3.4860263e-05 0.05214573 0.17288528 0.45508528 0.0020869742 2.339423e-05 0.00044751877 6.8468535e-07 0.010139136 0.0019445904 1.1261295e-06 2.3660945e-05 0.62172157 0.06132496 0.014496098 2.1024268e-06 0.120596014 0.33690482 0.25170985 0.13340086 0.19881377 0.03779634 4.218824e-07 0.008563639 0.14022157 0.013751455 0.12989467 0.054712813 5.4489163e-07 5.464914e-05 2.9635682e-06 0.062079906 0.029823758 4.6056329e-07 0.0101379035 2.5378301e-06 0.014003021 0.11760477 0.0027935123 9.653148e-08 5.4715056e-05 1.2969059e-07 0.00039840382 0.060345758 0.026686896 0.014322822 9.833111e-07 4.8512057e-08 6.0226744e-09 2.6476417e-05 0.076478496 0.10016809 0.015972236 0.003466288 0.02724769 1.2743925e-06 0.026072389 4.2672493e-08 0.00070374674 0.0011281854 0.0001469103 0.00040449933 4.0815674e-05 0.01937695 0.064875565 2.075021e-05 2.575677e-06 3.551688e-05 1.3258809e-05 0.08390839 0.0017658497 0.0004020169 8.056544e-06 0.00014976971 0.0017399574 0.00032513132 0.002729817 2.021997e-05 0.00033466634 0.0066444287 0.00050369214 0.00010951567 0.0032728016 1.0072343e-05 2.6867956e-05 2.6199521e-05 0.0009294363 0.00046256153 3.3241504e-05 3.149272e-05 5.201808e-05 1.6969147e-05
0.95331484 0.22142082 0.88069075 0.9399593 0.10408787 0.017932046 0.010189081 7.595974e-15 0.03829798 0.002627351 0.04980966 0.0094340015 0.056512382 0.80068696 0.0008324139 0.22547142 0.00022359482 0.00042551642 0.51298875 0.00029703652 0.012073672 0.0014997774 0.0019472719 0.9074771 0.0007655348 0.14692761 5.7925245e-05 0.0038049256 0.056899045 6.75054e-05 0.15664607 0.00014949986 0.31451404 0.0004588706 0.13561134 0.00040406248 0.0002656845 0.00096680515 0.055500437 0.011065865 0.0008952293 0.00019371918 0.0019268059 8.4970605e-05 0.013319175 4.394571e-05 0.0039652623 0.23408943 0.00019826432 4.4980787e-08 0.00039864975 0.137646 0.0001284073 4.1781557e-05 0.14381905 0.0046595056 6.4001084e-05 5.0323088e-06 0.017655442 0.0006292123 0.001690047 6.8514724e-05 3.8195317e-06 2.2753486e-05 0.0029560628 4.383368e-06 2.5530217e-06 6.019184e-07 0.21098101 0.024089107 0.015094732 0.023799833 8.852219e-05 1.3979822e-05 0.0070940712 0.0037250402 0.008948964 0.00029707846 0.0003078425 0.0007523593 0.0020347952 0.00030902497 0.00023082651 4.793732e-06 4.1934127e-05 5.819248e-06 0.0005039441 8.8744576e-07 1.5882466e-05 2.0765087e-06 0.0004796277 1.9847298e-06 0.0018690735 5.1034975e-05 5.5793146e-07 4.598881e-06 5.847345e-07 1.266054e-05 1.0644983e-06 3.3946744e-06 3.310867e-06
0.938425 0.089803785 0.24601698 0.01101796 0.81206304 0.49540868 0.97873855 0.03829798 1.06600316e-13 0.00026687703 0.030742811 0.063447386 0.9513907 0.0037568493 0.00014835836 0.0013390611 4.9324954e-06 0.0032458324 0.0047005606 3.6350732e-06 0.00010009378 0.8213383 0.016188718 0.014472477 2.105527e-06 0.24403304 0.1461773 0.6059316 0.37340152 0.027940422 0.06304793 1.2167686e-07 0.010521017 0.07351048 0.015850214 0.24220675 0.028893864 5.3303324e-07 6.6566914e-05 2.8337445e-06 0.17797554 0.017623497 6.8659105e-08 0.0040696776 2.6481428e-06 0.007974086 0.28308383 0.0022792083 9.029805e-08 0.00011861721 3.383788e-08 0.00041386852 0.065246165 0.004356218 0.0095705325 7.003977e-07 8.409274e-08 4.253792e-08 7.472249e-06 0.09581971 0.1791006 0.003460378 0.0007517565 0.024737397 6.434528e-07 0.019819856 2.1905512e-07 0.00014688227 0.003972783 3.9401097e-05 0.00018769894 5.885096e-05 0.005009347 0.026991386 1.2628163e-05 6.310834e-06 3.84346e-05 1.041896e-06 0.08313883 0.0042968523 0.0005049423 1.7113063e-06 0.0001397647 0.00025482688 0.00031306568 0.0012030462 7.651687e-06 3.2351563e-05 0.0015850122 3.879379e-05 2.6180603e-06 0.00039677834 2.3125197e-06 5.7802436e-06 2.5671052e-05 0.00015094264 1.9781359e-05 5.870726e-06 9.632228e-06 2.523071e-06 1.0092443e-06
0.9829851 0.9011983 0.006561566 0.08681876 0.00074816076 8.560968e-05 3.4860263e-05 0.002627351 0.00026687703 1.3986826e-12 0.5073587 8.706804e-05 0.00020177082 0.020748315 0.96560806 0.085567355 0.49120432 2.6549174e-06 0.0060537546 0.24963726 0.5801045 1.2911896e-05 1.182362e-05 0.0034643451 0.24680874 0.00011051406 1.6866029e-06 4.2353036e-05 0.00011844584 3.5770445e-06 0.000108342014 0.15713884 0.0018169873 2.5843861e-05 0.00019983192 5.5459227e-06 1.47809915e-05 0.11241307 0.0116162095 0.06593702 7.3582614e-06 1.3328042e-05 0.029815296 2.5880304e-06 0.018536791 7.1311433e-06 3.956855e-05 0.0010515223 0.04996514 2.9051419e-08 0.02498503 0.0012311076 1.712566e-05 3.3222188e-06 0.00037537172 0.010088056 0.025913058 0.04283954 0.0029561208 2.8747992e-05 4.3050044e-05 9.529147e-06 2.0154023e-06 2.3181437e-06 0.01826253 5.1686857e-07 0.034825705 5.032434e-06 0.001416193 0.0010206328 5.762853e-05 0.0007163251 6.929565e-05 9.659544e-07 0.009675131 0.019071601 0.0020403112 0.009929634 5.6635505e-05 1.8385709e-06 1.1802756e-05 0.003670039 5.7094153e-06 1.3189649e-05 3.716084e-06 1.0581738e-05 7.687439e-06 1.581427e-05 2.0379024e-05 1.2313782e-05 0.0002415788 2.699111e-06 5.5873923e-05 0.00066113233 7.198066e-05 1.0424754e-06 0.000100187746 3.6041506e-06 5.964914e-07 1.3411941e-05 6.563309e-05
0.99999994 0.63363105 0.12095616 0.08735407 0.08302106 0.19950603 0.05214573 0.04980966 0.030742811 0.5073587 7.619017e-11 0.6299512 0.05281921 0.06937724 0.6248152 0.029427534 0.2976435 0.43404588 0.011304349 0.06409238 0.07300182 0.032030873 0.05546021 0.017472913 0.030001214 0.027087158 0.14320943 0.008555929 0.006548788 0.14045697 0.005578977 0.014612308 0.006328837 0.01702435 0.0031989268 0.002737691 0.01215052 0.017211694 0.0043817447 0.0075348853 0.0012191756 0.0020132577 0.0035770687 0.04467092 0.003386741 0.002931037 0.0017890641 0.0030034005 0.0108885 0.6977129 0.006424892 0.003739188 0.0016105361 0.010832296 0.01657783 0.0017702058 0.006880047 0.016925689 0.0031822708 0.0009892124 0.0015542301 0.008251636 0.19406949 0.0007651436 0.0045310743 0.0008712315 0.012038128 0.049157556 0.00838863 0.0023857122 0.0046518 0.00079559203 0.011041662 0.0018144731 0.008770344 0.013247234 0.005833571 0.011007062 0.0039103185 0.005402101 0.0025635972 0.0065060006 0.00086891104 0.019412408 0.0005108094 0.00063840434 0.0017874328 5.477901e-05 0.009130742 0.014109982 0.0019790984 0.0019245103 0.0009215792 0.003702967 0.14777571 0.0012299728 0.0072713364 5.2666997e-05 3.8095946e-05 6.544396e-05 2.1993892e-05
0.9996624 0.03664777 0.022576632 0.003491836 0.045998733 0.43349308 0.17288528 0.0094340015 0.063447386 8.706804e-05 0.6299512 1.1189221e-11 0.014418763 0.0030857248 6.263553e-05 0.0015500927 3.869851e-06 0.9395878 0.0018044357 2.129279e-05 0.00043091163 0.031727392 0.77615404 0.0021184892 0.00010059992 0.0110903075 0.3245005 0.007700038 0.004274771 0.62952745 0.0034808172 2.3715682e-05 0.0015923702 0.06542927 0.0025805014 0.01229148 0.038799807 4.3885062e-05 0.00021394697 8.8600485e-05 0.0047472822 0.012586744 2.130526e-05 0.26011875 7.2201554e-05 0.020375753 0.003264921 0.0003708563 1.2593682e-05 0.05736697 1.7497625e-05 0.00032502774 0.006696289 0.08130764 0.00096527993 5.0225543e-05 5.8128867e-06 5.7052654e-07 6.6552246e-05 0.004925804 0.0008822427 0.06468665 0.36432952 0.0043996833 2.090396e-05 0.0038292152 2.3569924e-06 0.031197615 0.00022905947 0.000100818994 8.213695e-05 3.402075e-05 0.043759193 0.0015356276 0.0002555889 0.00012331145 0.0004728465 4.122078e-05 0.0011243601 0.0002946367 6.4964705e-05 0.00228349 0.00018221851 0.027298655 0.00015071536 0.0013120867 2.325139e-05 0.00041601047 0.022412237 0.0046102367 0.005212393 0.023203263 0.00049634435 0.0019810342 0.005042674 0.005450351 0.009143983 3.5289384e-05 7.98244e-05 0.00030450104 0.00010848624
0.9389418 0.09661948 0.7799976 0.022895645 0.9115666 0.28655896 0.45508528 0.056512382 0.9513907 0.00020177082 0.05281921 0.014418763 7.9670217e-13 0.0009179675 1.7916072e-05 0.00020708686 3.3166884e-06 0.0013712653 0.0012104698 2.7760743e-06 5.9919566e-05 0.21626794 0.0029498325 0.01150006 2.6063317e-06 0.5602937 0.0013393882 0.6215507 0.9641461 0.0006333622 0.21284074 5.1711555e-07 0.0414918 0.0016221225 0.048949104 0.11799989 0.0010963951 2.406363e-06 2.6747259e-05 7.6004876e-06 0.14784397 0.0022751843 7.1732654e-07 0.00012311521 3.1644772e-06 0.0005773273 0.5241495 0.002313932 2.9349513e-07 3.998203e-06 2.6972907e-07 0.00013618973 0.013531765 0.00036880077 0.023685336 5.58163e-07 1.07966514e-07 1.1304735e-08 1.9226181e-05 0.029678788 0.43217123 0.0003195861 3.2108226e-05 0.0032203908 3.1445077e-06 0.0022007374 5.0726356e-07 3.197356e-05 0.0013029783 9.361504e-05 0.005189171 5.521457e-06 0.00020597578 0.0024817172 4.41937e-06 5.629389e-07 1.160978e-05 1.1646385e-07 0.16827267 0.031140057 0.0069273086 4.0325826e-06 0.0025541638 3.2206208e-05 0.005832269 0.0019437311 0.0005938782 9.329356e-05 9.92817e-05 3.5016244e-06 4.16328e-05 1.4574396e-06 1.4085814e-05 3.1421996e-06 5.5305158e-08 2.7341173e-06 9.605964e-08 8.749038e-05 0.00024797887 6.349827e-06 5.529311e-07
0.9691019 0.25048468 0.21861106 0.6141469 0.018862573 0.005702337 0.0020869742 0.80068696 0.0037568493 0.020748315 0.06937724 0.0030857248 0.0009179675 4.723197e-16 0.0016540686 0.89820886 0.0011221642 0.0004614761 0.9861803 0.0014223894 0.026897099 6.7109636e-06 0.00054686365 0.6152096 0.0020770652 0.0011902539 8.8606816e-07 2.9161303e-05 0.0013071134 5.5524633e-06 0.0056877183 0.00031252575 0.01965348 1.4091027e-05 0.008744746 5.493462e-06 1.0209681e-05 0.0030223816 0.32009113 0.04790283 6.493736e-06 3.973461e-06 0.007176626 6.845003e-06 0.065531604 1.7087965e-06 5.238817e-05 0.16022392 0.00016413805 9.780097e-08 0.00090837234 0.35051396 1.7334298e-06 1.132581e-06 0.058282718 0.009331524 0.0005388844 1.8577837e-05 0.046626788 3.6410058e-06 2.0646912e-05 4.7335516e-06 6.54193e-07 4.4937119e-07 0.005289462 3.4109664e-07 3.81778e-06 6.1562565e-07 0.12613776 0.047917098 0.0018220394 0.054655265 7.464556e-06 4.6436794e-06 0.010141365 0.013373058 0.022726048 0.0013780601 1.7391832e-05 9.462595e-06 0.0002464812 0.0006161955 0.000109886445 2.3361079e-07 7.435916e-06 1.5448455e-06 0.0002457923 7.6944764e-07 3.7570982e-05 1.5398372e-06 0.00036525732 4.97029e-06 0.0008063478 3.0488882e-05 3.760173e-07 7.966055e-06 4.8992774e-07 1.0106414e-05 3.4372897e-07 1.3526823e-06 1.5980759e-06
0.9704125 0.5705546 0.011279106 0.09713806 0.001501111 7.3456795e-05 2.339423e-05 0.0008324139 0.00014835836 0.96560806 0.6248152 6.263553e-05 1.7916072e-05 0.0016540686 7.4603377e-13 0.014651358 0.9417116 3.4366458e-06 0.00036947386 0.6334443 0.41613424 1.0231041e-06 4.8552945e-05 0.00017888728 0.26374596 1.0282993e-06 9.477786e-08 1.8547343e-06 9.615745e-06 7.56375e-07 3.6784484e-06 0.17547095 7.444817e-05 1.1727027e-06 2.6464375e-05 4.2446155e-07 5.4669044e-07 0.0981292 0.0017833201 0.021284493 3.416439e-07 6.638224e-07 0.01784763 1.3516943e-06 0.007045745 8.2616157e-07 2.8295024e-06 0.00014710573 0.04866492 2.2990509e-08 0.019100364 0.00010467024 3.8051647e-07 3.3327845e-07 1.2570332e-05 0.0024547887 0.016154988 0.037840676 0.0003865707 4.850782e-07 1.4100549e-06 1.8171786e-06 1.5646993e-06 1.1684611e-07 0.0052593043 1.9108287e-08 0.016423607 3.602096e-06 4.762938e-05 0.00023518485 3.1441887e-05 6.747669e-05 9.875105e-06 2.3122086e-08 0.0014895956 0.012478233 0.00015737863 0.0017490543 1.3572268e-06 3.0376964e-07 1.299897e-06 0.0028303082 2.6763655e-06 9.1583905e-07 3.3156556e-07 3.380627e-06 2.628723e-06 1.1575662e-05 1.9134911e-06 1.2952008e-06 2.6095462e-05 8.41357e-07 2.0328023e-06 0.00031453144 4.314482e-07 6.497127e-07 2.201705e-06 1.2864914e-06 5.5762615e-07 4.703793e-06 6.7065303e-06
0.9666012 0.19917987 0.056001574 0.68727154 0.006004138 0.0010259465 0.00044751877 0.22547142 0.0013390611 0.085567355 0.029427534 0.0015500927 0.00020708686 0.89820886 0.014651358 1.7583652e-15 0.009155239 0.00014391773 0.7862565 0.007930415 0.6368122 1.1198281e-06 8.375288e-05 0.07352984 0.036710702 0.00020794455 1.2771926e-07 3.7153118e-06 0.00033737687 9.533124e-07 0.0007503555 0.0061009317 0.0016401389 2.1657772e-06 0.0010202741 1.2832099e-06 1.1308153e-06 0.19830696 0.9285776 0.78345895 6.8990477e-07 1.1750727e-06 0.21661247 6.1435065e-07 0.6997764 1.5512512e-06 7.8846915e-06 0.033179462 0.0049451985 7.511426e-09 0.021278203 0.35234198 7.372917e-07 6.810323e-08 0.0049603065 0.25983772 0.00796976 0.00031733682 0.4124071 1.0510435e-06 1.0239705e-05 1.1217276e-06 2.2894338e-07 3.0215455e-07 0.08569673 8.370836e-08 0.0002720006 2.1725053e-07 0.08070485 0.038151704 0.0015008519 0.03228824 1.930639e-06 7.4340364e-06 0.07837507 0.044629008 0.08975102 0.0055462774 4.57348e-05 5.631102e-07 2.6295995e-05 0.0042914813 5.898081e-05 6.14704e-07 3.194584e-06 2.29897e-06 0.00032288703 4.8984316e-07 9.200247e-06 9.95876e-07 0.0016471063 9.135527e-07 0.00038793753 0.00013540052 2.748838e-07 5.7531415e-06 3.316747e-07 2.421684e-06 4.6070167e-07 1.5605699e-06 5.1122092e-06
0.93392724 0.24514931 0.001019518 0.007943355 9.523165e-05 6.298556e-06 6.8468535e-07 0.00022359482 4.9324954e-06 0.49120432 0.2976435 3.869851e-06 3.3166884e-06 0.0011221642 0.9417116 0.009155239 9.427774e-15 3.0149252e-07 0.00022317578 0.98019797 0.27668658 1.9238266e-07 6.32733e-07 0.00015999029 0.4130797 9.948594e-07 3.901802e-08 3.6271553e-07 2.415666e-06 8.289455e-08 2.9172054e-06 0.36949635 2.5833979e-05 3.8797484e-07 7.400839e-06 6.378139e-08 7.605932e-08 0.11333759 0.0010219935 0.03406455 1.1160464e-08 7.085061e-08 0.028511725 1.10738505e-07 0.006583027 8.8307255e-09 8.208929e-08 8.182844e-05 0.08515008 1.9672806e-09 0.038989823 7.8002864e-05 5.691443e-08 6.4633343e-09 6.109144e-06 0.0018597754 0.05414956 0.11595753 0.00023452145 2.6374288e-08 2.8754107e-07 2.4818362e-07 2.559002e-07 1.2064232e-08 0.008339762 4.12751e-09 0.06614426 2.9359143e-07 7.211919e-05 0.00010134486 1.3419054e-05 2.819962e-05 1.7511353e-06 1.8206322e-08 0.0019826812 0.015677532 0.00022035705 0.0029348088 8.799848e-07 4.2229914e-08 1.0275817e-06 0.0048715514 9.3124316e-07 5.3822532e-08 9.661695e-08 1.7635373e-06 2.1494054e-07 5.148363e-07 6.5086004e-07 8.546361e-08 3.6965237e-06 6.489847e-08 2.8117879e-07 0.0002509618 2.2950989e-08 9.104198e-09 1.409409e-07 8.86448e-08 3.82435e-08 3.2787227e-08 9.4603665e-06
0.9868037 0.0045658024 0.0023470647 0.0001590386 0.00096230756 0.036200844 0.010139136 0.00042551642 0.0032458324 2.6549174e-06 0.43404588 0.9395878 0.0013712653 0.0004614761 3.4366458e-06 0.00014391773 3.0149252e-07 2.6978406e-13 6.951488e-05 9.773717e-07 1.781497e-05 0.0034020524 0.9511059 0.00017655145 4.5369957e-06 0.0015001544 0.0998752 0.0017725093 0.0009420488 0.4771414 0.0004437752 6.689491e-07 9.021951e-05 0.020078585 0.00029563226 0.0035095883 0.014234602 2.5303314e-06 3.6667395e-06 1.9169981e-06 0.0013989612 0.0035952905 8.170708e-07 0.30950934 1.3065438e-06 0.006113195 0.0008289895 1.549277e-05 1.2951207e-06 0.3701558 8.224723e-07 1.14942895e-05 0.0019543527 0.07862886 7.830726e-05 1.4690972e-06 9.961524e-07 1.8351663e-07 2.7211083e-06 0.0012520513 0.00016508892 0.108942986 0.59189326 0.0018259211 1.0423363e-06 0.0012836935 1.8527072e-07 0.114736944 9.701157e-06 1.978068e-05 4.776842e-06 9.23797e-05 0.15950881 0.0010198087 2.9926843e-05 2.1811975e-05 0.00013107246 8.060333e-06 0.000924865 1.9628656e-05 2.8991846e-05 5.153482e-05 2.3458662e-05 0.14370729 6.9807616e-06 0.00014123875 2.978178e-07 0.00010386213 0.016546113 0.022611877 7.625336e-05 0.0815713 1.2966785e-05 8.43059e-05 0.010353633 0.0074170376 0.016690755 1.11642075e-05 4.096417e-05 8.2996245e-05 5.1264014e-06
0.9175455 0.04924703 0.08135065 0.40301067 0.013201566 0.0045957398 0.0019445904 0.51298875 0.0047005606 0.0060537546 0.011304349 0.0018044357 0.0012104698 0.9861803 0.00036947386 0.7862565 0.00022317578 6.951488e-05 4.8031092e-15 0.00037561666 0.018505236 1.2325107e-05 6.92222e-05 0.8778623 0.0007588743 0.003301445 8.4935596e-07 3.091666e-05 0.0017251744 1.1071001e-05 0.012333257 6.203429e-05 0.0588927 1.1646596e-05 0.0121703055 6.9526177e-06 7.061122e-06 0.0022965586 0.7267028 0.08770125 3.4143434e-06 2.2851987e-06 0.008224493 1.0411868e-06 0.20240797 1.3901482e-06 9.458485e-05 0.43800864 5.6042023e-05 1.7051621e-09 0.000503885 0.8351978 1.1992641e-06 4.6770373e-07 0.07859897 0.038492683 0.00015213055 9.421669e-06 0.18767938 5.59598e-06 8.358372e-05 1.543688e-06 8.4736435e-08 5.4436595e-07 0.008939377 6.823001e-08 2.3234224e-06 1.07844876e-07 0.448525 0.13268122 0.0043462715 0.15280956 2.4574563e-06 4.469669e-06 0.030763026 0.014421981 0.06777033 0.0009119258 8.229263e-06 2.520141e-05 0.00018001816 0.00078705983 3.8280155e-05 1.7311903e-07 7.705754e-06 3.6997102e-07 0.00026418443 6.107276e-07 1.1011885e-05 1.930082e-07 0.0020529735 8.159309e-07 0.0016895749 3.1553387e-05 1.0718434e-07 4.2502484e-06 5.2239574e-08 1.5301499e-05 5.180539e-07 1.7283934e-06 1.139404e-06
0.8340218 0.06595508 0.00069108023 0.0066472967 8.300171e-05 2.2242031e-05 1.1261295e-06 0.00029703652 3.6350732e-06 0.24963726 0.06409238 2.129279e-05 2.7760743e-06 0.0014223894 0.6334443 0.007930415 0.98019797 9.773717e-07 0.00037561666 3.718272e-15 0.5108 6.5248395e-07 9.312742e-07 0.00023985343 0.8849723 2.3626794e-06 1.0096153e-07 1.4384542e-06 5.2461396e-06 3.641084e-07 2.8521595e-06 0.92802095 2.3808481e-05 7.233402e-07 3.7823913e-06 1.557362e-07 1.0394748e-07 0.4502797 0.0026723538 0.070427366 7.2986768e-09 4.42803e-08 0.08491327 1.9697718e-07 0.016652765 9.980238e-09 1.8098531e-07 0.00010424884 0.38430965 9.3468016e-09 0.17045428 0.00014559255 5.290599e-08 7.206589e-09 6.4646692e-06 0.0060357917 0.26493204 0.43359557 0.00078120525 1.8092225e-08 1.1964939e-06 6.0425464e-07 6.1722176e-07 2.235545e-08 0.022638487 2.0602182e-09 0.1446681 3.0409427e-07 0.00012461445 0.00013809594 7.693938e-06 9.948314e-06 2.8219176e-07 2.4194686e-09 0.0028867105 0.025892518 0.00018599881 0.0053200033 4.7766713e-07 2.1883828e-08 2.6467657e-07 0.0061573437 5.6480917e-07 1.3534796e-08 7.944129e-08 3.1125077e-07 4.039326e-08 1.14016004e-07 3.008998e-06 1.7664389e-08 1.378048e-06 1.3214053e-08 3.4596727e-07 0.0002526688 2.355143e-08 2.3467297e-09 4.4139565e-08 3.536271e-08 8.283335e-09 1.3372654e-07 1.8068964e-06
0.9758924 0.28747717 0.005773374 0.1882551 0.0013668874 9.978953e-05 2.3660945e-05 0.012073672 0.00010009378 0.5801045 0.07300182 0.00043091163 5.9919566e-05 0.026897099 0.41613424 0.6368122 0.27668658 1.781497e-05 0.018505236 0.5108 6.4668594e-13 2.4193778e-06 1.7441911e-05 0.0010095934 0.9576822 1.3698737e-05 6.827332e-07 2.6063713e-06 2.8639575e-05 1.2661379e-06 3.6048987e-05 0.5343339 0.00030390575 1.7499584e-06 6.149791e-05 6.1175365e-07 6.329401e-07 0.8889878 0.07177872 0.7816681 5.099473e-07 5.798776e-07 0.6873469 1.4599505e-06 0.35903484 3.027753e-07 2.494295e-06 0.0009553548 0.5262728 2.5637348e-08 0.52116317 0.0036625355 8.648757e-07 1.5486285e-07 0.0005672097 0.23508592 0.30981213 0.28478104 0.029648686 1.0899396e-06 4.9298383e-06 2.0566192e-06 2.3801613e-06 1.4512611e-07 0.38911912 5.1822067e-08 0.15420258 1.933233e-06 0.0029761796 0.0013588726 0.0001902109 0.00059785834 4.3290456e-06 1.5482673e-06 0.049431764 0.11938645 0.0073748175 0.03536969 4.1765543e-05 3.9816487e-07 3.4858479e-06 0.01969929 1.7653858e-05 1.186937e-06 3.0744054e-06 3.4373077e-06 2.2094107e-05 2.0359162e-06 5.0017543e-06 1.7770552e-06 0.00014195836 3.1885864e-07 9.47025e-06 0.0007822091 3.2047467e-07 2.0298307e-06 2.6615808e-07 3.3417405e-07 1.7094672e-07 1.48982845e-05 1.3558666e-05
0.97507566 0.011055681 0.039677322 0.00087844994 0.40040052 0.5908138 0.62172157 0.0014997774 0.8213383 1.2911896e-05 0.032030873 0.031727392 0.21626794 6.7109636e-06 1.0231041e-06 1.1198281e-06 1.9238266e-07 0.0034020524 1.2325107e-05 6.5248395e-07 2.4193778e-06 1.9443851e-11 0.0037136348 0.000106220854 1.4758793e-07 0.003669754 0.15055855 0.9553418 0.13461076 0.0073411805 0.0011330079 4.551526e-08 9.9720186e-05 0.12887919 0.00020553605 0.89961267 0.097699985 1.3394377e-07 5.400092e-07 2.8533472e-07 0.5844024 0.35946265 6.5438805e-08 0.0003086833 1.5914911e-07 0.079009235 0.29745927 3.7241432e-05 4.1439666e-08 3.7556187e-05 4.250783e-08 1.2213662e-06 0.6077794 0.0034699512 0.00032764632 2.7105099e-08 5.232733e-08 8.113598e-09 1.1975303e-06 0.35107407 0.08467628 0.0009619809 0.000108274464 0.17431808 1.867744e-07 0.1632299 1.825146e-07 0.0002480534 3.7288112e-06 1.7809573e-06 0.000117449476 2.929018e-07 0.002537545 0.13160825 1.2614056e-07 4.7231015e-07 1.1264341e-07 8.944897e-07 0.10715484 0.00048956374 4.0669307e-05 7.783225e-07 7.646112e-05 0.00014510282 0.0003748766 0.01294517 7.744113e-06 0.00092903624 0.006540976 4.894813e-05 2.9007956e-06 0.00013414148 2.9290334e-06 6.4282347e-07 1.2325518e-07 0.00011769109 1.0435377e-06 3.0156989e-05 0.0001281763 7.1480674e-05 9.87286e-07
0.8949078 0.005690809 0.0053533413 0.0008627722 0.0076664905 0.105273075 0.06132496 0.0019472719 0.016188718 1.182362e-05 0.05546021 0.77615404 0.0029498325 0.00054686365 4.8552945e-05 8.375288e-05 6.32733e-07 0.9511059 6.92222e-05 9.312742e-07 1.7441911e-05 0.0037136348 4.827499e-13 0.00046041026 2.2655584e-06 0.0022224593 0.26156655 0.0013700528 0.0013582868 0.87121665 0.00068238436 6.572876e-08 0.00019385557 0.026950419 0.00018282079 0.0025263662 0.014957829 5.5873437e-07 2.8519148e-06 6.876786e-07 0.0009941051 0.003014832 8.031412e-08 0.9540305 4.795197e-07 0.0069096163 0.00080179406 6.618234e-06 5.431391e-07 0.120831475 1.6943581e-07 5.586276e-06 0.0025711455 0.10386705 0.0002631176 3.496674e-07 2.9762106e-07 1.1460195e-07 2.1422484e-06 0.001111677 8.669047e-05 0.31109628 0.4934377 0.0016922315 1.8197175e-06 0.00061689847 9.416737e-08 0.064091094 9.260274e-06 8.161184e-07 4.2160488e-07 2.7967644e-06 0.18201317 0.0016185798 8.575108e-06 1.728851e-05 1.1010688e-05 2.2887023e-07 0.00030135096 3.3824656e-06 2.3673053e-06 6.4250626e-06 2.6041848e-06 0.14331864 2.0130858e-06 1.5980873e-05 2.401932e-07 7.070081e-05 0.022411134 0.020288965 0.00010188132 0.080727085 5.5449286e-06 1.7679113e-05 0.004370239 0.011165075 0.0017590475 4.0745767e-06 1.1677271e-05 3.638012e-05 7.5787652e-06
0.93359756 0.05976307 0.48580644 0.24096005 0.07450424 0.0148872705 0.014496098 0.9074771 0.014472477 0.0034643451 0.017472913 0.0021184892 0.01150006 0.6152096 0.00017888728 0.07352984 0.00015999029 0.00017655145 0.8778623 0.00023985343 0.0010095934 0.000106220854 0.00046041026 7.9732357e-14 0.00018636172 0.08692259 5.253304e-06 0.00031555386 0.0073557287 1.2235796e-05 0.25834465 1.7142802e-05 0.7559433 7.663237e-05 0.5154538 4.27998e-05 4.981535e-05 0.00017308215 0.036485936 0.0015769 5.910294e-05 2.5329497e-05 0.00018571803 4.880422e-06 0.003837358 3.4064528e-06 0.00064597116 0.92258245 6.3546377e-06 7.3664233e-07 5.951505e-05 0.4748946 6.9146354e-06 2.0961465e-06 0.6787422 0.0011979698 1.9281248e-05 8.6188766e-07 0.014238336 4.76571e-05 0.000807734 9.62917e-06 3.9691147e-07 2.1065073e-06 0.00056112383 5.623363e-07 1.2117066e-06 1.10555e-05 0.33318716 0.049537342 0.058069643 0.03737234 8.460976e-06 5.624921e-06 0.0031614627 0.0010017538 0.011321578 9.130066e-05 0.0010107754 0.003455647 0.006963713 0.00013423951 0.00078551663 2.6285363e-07 0.0002615722 7.146019e-06 0.0026639923 2.547185e-06 2.8029737e-05 3.4098527e-08 0.0006982905 1.09413094e-07 0.013437068 3.342875e-05 1.7042272e-07 1.9879947e-07 4.6276135e-08 6.9290036e-05 3.047161e-07 2.3319155e-06 9.3556486e-07
0.9078612 0.08484082 0.0015117535 0.040253513 0.00020429998 1.864002e-05 2.1024268e-06 0.0007655348 2.105527e-06 0.24680874 0.030001214 0.00010059992 2.6063317e-06 0.0020770652 0.26374596 0.036710702 0.4130797 4.5369957e-06 0.0007588743 0.8849723 0.9576822 1.4758793e-07 2.2655584e-06 0.00018636172 1.2839778e-13 7.418898e-07 1.5595909e-08 2.4936324e-07 2.0718562e-06 1.2661118e-07 3.3983736e-06 0.96120316 2.6927904e-05 2.3461749e-07 5.6159647e-06 3.184218e-08 6.851168e-08 0.725723 0.007425737 0.33837068 1.11285585e-08 2.8558665e-08 0.3683727 1.9735474e-07 0.075493015 4.4108596e-08 2.2085659e-07 0.00018318623 0.43671975 1.9168846e-08 0.42040098 0.00036768528 5.5275947e-08 4.872606e-09 5.921939e-05 0.041301638 0.29435295 0.2727716 0.00568511 4.695989e-08 2.8511874e-07 1.8086817e-07 7.8257165e-07 2.100709e-08 0.14086904 3.107151e-09 0.2960981 2.4889826e-07 0.00033427018 0.00029836834 2.1106667e-05 0.000103049926 3.5382223e-07 6.9917476e-08 0.00942047 0.086791694 0.001300289 0.020358311 9.4794535e-07 1.8169733e-07 9.737228e-07 0.013884281 9.431548e-06 6.3273853e-07 4.4201005e-07 2.3043664e-07 6.249969e-06 6.170228e-07 4.203402e-07 6.989267e-08 2.084947e-05 8.949867e-08 2.5878674e-06 0.00040644762 5.5856765e-07 9.3664006e-08 4.0218345e-07 1.6263712e-07 1.0803263e-07 1.4405092e-06 3.8384323e-06
0.94237244 0.06895318 0.8138937 0.022157142 0.47087687 0.12915422 0.120596014 0.14692761 0.24403304 0.00011051406 0.027087158 0.0110903075 0.5602937 0.0011902539 1.0282993e-06 0.00020794455 9.948594e-07 0.0015001544 0.003301445 2.3626794e-06 1.3698737e-05 0.003669754 0.0022224593 0.08692259 7.418898e-07 1.4257184e-14 3.2339074e-05 0.020483226 0.9201955 2.8115894e-05 0.9916525 5.378651e-08 0.29320887 0.00017049875 0.32674816 0.0021803442 0.00013494445 6.7829086e-07 9.707942e-06 4.940913e-06 0.0059134453 0.00014230794 3.1650882e-07 5.3188513e-05 3.95603e-06 2.2320568e-05 0.11385659 0.013235565 5.035938e-08 1.3100198e-06 1.272939e-07 0.00070096174 6.0201313e-05 8.23555e-06 0.3933308 9.61674e-07 2.2156163e-07 1.5490752e-08 2.933189e-05 0.0010377035 0.23897 8.0961065e-05 1.6717851e-06 1.6753036e-05 6.375722e-07 1.6149817e-05 7.085521e-08 5.702108e-06 0.0007359356 0.0002673618 0.11587325 0.00036195357 3.226274e-05 0.00038078096 4.0072846e-06 4.3792734e-06 3.16719e-05 1.2516035e-07 0.14422734 0.14952338 0.0674659 5.205194e-06 0.014202425 2.8501365e-06 0.011536617 0.00076250883 0.007273898 2.298412e-05 1.7311475e-05 2.4690036e-07 2.1014557e-05 2.1472492e-06 0.00043329078 5.73539e-07 4.862377e-08 1.0175091e-06 1.5605347e-07 0.00018692401 6.120857e-05 1.6712902e-05 3.3868552e-08
0.9867759 0.012383507 0.003529844 0.00016642261 0.07247816 0.45737767 0.33690482 5.7925245e-05 0.1461773 1.6866029e-06 0.14320943 0.3245005 0.0013393882 8.8606816e-07 9.477786e-08 1.2771926e-07 3.901802e-08 0.0998752 8.4935596e-07 1.0096153e-07 6.827332e-07 0.15055855 0.26156655 5.253304e-06 1.5595909e-08 3.2339074e-05 2.801669e-13 0.010928046 0.00039843653 0.86161816 1.8547493e-05 3.6872727e-09 1.5790844e-06 0.97436047 9.587642e-06 0.14007865 0.8738527 1.5994221e-08 1.0701827e-07 4.3159034e-08 0.025814496 0.589874 6.7334294e-09 0.046595123 1.4774811e-08 0.5886908 0.0015759753 5.708359e-06 4.434037e-09 0.000715617 8.882721e-09 8.114774e-07 0.35512322 0.3515229 9.410732e-06 3.1226337e-09 3.0704967e-08 4.397073e-09 1.7654462e-07 0.049199674 0.0007481586 0.07580509 0.0015823751 0.10203711 1.5685732e-08 0.1462563 5.7485348e-08 0.001758074 5.1098425e-07 1.049336e-06 1.1521047e-05 1.6797613e-06 0.19324641 0.08837054 1.5837814e-07 1.6582121e-06 1.6466036e-07 2.6819482e-06 0.0049282685 8.2567715e-07 3.475828e-07 5.538702e-06 1.5810108e-05 0.0030366424 3.1029496e-05 0.0018572921 1.0020457e-06 0.00062574487 0.18980482 0.00091785326 1.9928295e-05 0.009774001 4.754456e-05 6.0455413e-06 2.0872517e-06 0.0041822186 0.00017819632 1.0727322e-05 3.269267e-05 0.00014955604 1.4013585e-06
0.9464851 0.0050791185 0.037457008 0.0013445867 0.25757992 0.15202998 0.25170985 0.0038049256 0.6059316 4.2353036e-05 0.008555929 0.007700038 0.6215507 2.9161303e-05 1.8547343e-06 3.7153118e-06 3.6271553e-07 0.0017725093 3.091666e-05 1.4384542e-06 2.6063713e-06 0.9553418 0.0013700528 0.00031555386 2.4936324e-07 0.020483226 0.010928046 2.273663e-11 0.6223683 0.0010713869 0.0040379437 3.4606643e-08 0.00017577696 0.010592427 0.0006272583 0.8844682 0.008424362 9.048839e-08 5.1235645e-07 3.5988393e-07 0.90931076 0.015917964 6.025217e-08 0.00023639799 1.6138561e-07 0.0047280057 0.78049946 0.00011604118 1.3781938e-08 4.5639208e-05 3.5957154e-08 7.1320546e-06 0.47743782 0.0004099274 0.00076907256 3.6491222e-08 1.414898e-07 1.3753944e-08 1.8750336e-06 0.5549573 0.5733622 0.00039514832 3.761931e-05 0.1384242 5.9343085e-07 0.12968913 7.465894e-08 7.3679344e-05 4.5761963e-06 3.671439e-06 0.00029679752 1.0073547e-06 0.00028977625 0.17769438 1.6532138e-07 2.379655e-06 1.6653253e-07 9.8862515e-08 0.41292897 0.00559159 0.0007176489 6.7564815e-06 0.00055967283 5.921561e-05 0.0018907088 0.020356111 4.1647334e-05 0.0003612771 0.00096546 7.1781146e-06 6.2953136e-06 1.2964658e-05 6.344549e-06 1.3070423e-06 1.4449182e-07 1.593242e-05 9.409411e-08 4.2683918e-05 0.0001862695 2.791375e-05 4.593193e-07
0.93590486 0.010558308 0.2745893 0.012779568 0.29558033 0.09550073 0.13340086 0.056899045 0.37340152 0.00011844584 0.006548788 0.004274771 0.9641461 0.0013071134 9.615745e-06 0.00033737687 2.415666e-06 0.0009420488 0.0017251744 5.2461396e-06 2.8639575e-05 0.13461076 0.0013582868 0.0073557287 2.0718562e-06 0.9201955 0.00039843653 0.6223683 2.2171779e-13 0.00026378743 0.4954214 2.393015e-07 0.08075633 0.00088178343 0.103830785 0.09097374 0.0010627719 1.1076783e-06 8.996892e-06 3.40088e-06 0.23951617 0.0006596913 3.503089e-07 7.0097914e-05 1.9381437e-06 0.00015814489 0.91867256 0.0016982077 5.34319e-08 7.272798e-06 2.1306377e-07 0.00010525662 0.0068175215 2.517729e-05 0.03497254 4.1726642e-07 2.3907614e-07 3.3274475e-08 1.8345712e-05 0.08460914 0.83729386 7.472388e-05 6.0925213e-06 0.00091342995 7.119829e-06 0.0006042527 2.4806437e-07 7.257826e-06 0.00024890792 4.0963077e-05 0.011211767 7.911341e-06 1.9373907e-05 0.0065287524 2.3181437e-06 1.8453039e-06 3.0061958e-06 9.520813e-09 0.53390414 0.30647734 0.07130084 8.909664e-06 0.046915676 1.6104386e-05 0.06033501 0.006405427 0.0035853768 7.3150535e-05 2.9937975e-05 9.2325183e-07 1.976944e-05 4.192363e-06 7.851986e-05 7.1849115e-07 3.66133e-08 1.6187649e-06 5.150703e-08 0.0005872289 0.0007372366 3.2903818e-06 1.7575005e-07
0.9813097 0.006677888 0.0025070456 0.0003020559 0.029932482 0.25862253 0.19881377 6.75054e-05 0.027940422 3.5770445e-06 0.14045697 0.62952745 0.0006333622 5.5524633e-06 7.56375e-07 9.533124e-07 8.289455e-08 0.4771414 1.1071001e-05 3.641084e-07 1.2661379e-06 0.0073411805 0.87121665 1.2235796e-05 1.2661118e-07 2.8115894e-05 0.86161816 0.0010713869 0.00026378743 1.0651215e-12 1.6251262e-05 3.908923e-08 5.908116e-06 0.30132017 5.367332e-06 0.0074086892 0.29974452 2.2428709e-07 6.842056e-07 3.9164698e-07 0.0021982193 0.10112728 1.1794867e-07 0.66784436 1.9628729e-07 0.3159894 0.0007229423 4.6746495e-06 6.951351e-08 0.013124684 7.1935325e-08 7.4295036e-07 0.031227907 0.94205546 8.53089e-06 6.763592e-08 1.5090355e-07 1.922571e-08 2.8007678e-06 0.0042153895 0.00043055587 0.5779331 0.038104724 0.014853513 1.4689516e-06 0.015653346 9.580325e-07 0.016944012 3.104351e-06 2.0526397e-06 1.1753075e-05 2.146633e-06 0.64131826 0.02380631 1.0604028e-06 5.9891822e-06 2.1796789e-06 3.9148196e-07 0.0008648312 5.845677e-07 2.6171924e-07 4.009373e-05 1.4741758e-05 0.071523316 1.2320618e-05 0.0007550479 3.4744025e-07 0.0009301542 0.19446842 0.0037892715 0.00014277312 0.060303375 2.2021197e-05 1.1027101e-05 7.7400415e-05 0.020300118 0.0014045403 3.2166379e-06 1.2892554e-05 0.00022322005 2.599664e-06
0.8646257 0.028917942 0.59640986 0.026852148 0.15365978 0.04131263 0.03779634 0.15664607 0.06304793 0.000108342014 0.005578977 0.0034808172 0.21284074 0.0056877183 3.6784484e-06 0.0007503555 2.9172054e-06 0.0004437752 0.012333257 2.8521595e-06 3.6048987e-05 0.0011330079 0.00068238436 0.25834465 3.3983736e-06 0.9916525 1.8547493e-05 0.0040379437 0.4954214 1.6251262e-05 8.31452e-16 1.197483e-07 0.6262933 0.00014379784 0.94937795 0.0003747706 0.00010154531 2.0340647e-06 3.126374e-05 7.221998e-06 0.0012780774 9.941671e-05 4.004295e-07 1.41872615e-05 5.043479e-06 1.1657609e-05 0.028701626 0.06998028 4.8356018e-08 7.2929646e-07 2.3646483e-07 0.0015139099 1.5085593e-05 7.465098e-06 0.5026646 6.9878377e-07 1.8010016e-07 8.659164e-09 7.378235e-05 0.00023914763 0.07852667 8.033654e-05 6.0839653e-07 9.3835315e-06 1.1990526e-06 2.3192492e-06 2.043976e-08 9.770044e-07 0.0024048695 0.0006209904 0.12148051 0.0006321062 8.74523e-06 0.000159898 1.3482307e-05 8.531867e-06 3.7195077e-05 1.1222967e-08 0.03786276 0.12775715 0.06774834 6.1584797e-06 0.017280081 6.5425104e-07 0.010060382 0.0002034218 0.010013537 9.289569e-06 2.2577173e-05 6.138525e-08 3.1370287e-06 7.47176e-07 0.0012267145 5.4854706e-07 5.986761e-08 1.9945824e-07 1.7231326e-07 0.00028485063 6.158271e-05 1.0678536e-06 5.7158736e-09
