3.5817368e-16 0.99008775 0.98423725 0.98455954 0.96018916 0.8868307 0.9671265 0.986786 0.8623974 0.88871956 0.98155063 0.89769346 0.97398156 0.92696023 0.9868252 0.89735276 0.9613259 0.7729691 0.99396086 0.9650464 0.703199 0.95851076 0.96672547 0.91997606 0.7650716 0.9619076 0.745736 0.90820515 0.9236222 0.17074154 0.8838702 0.89411354 0.96864015 0.20660211 0.93618923 0.8846398 0.8606357 0.85468495 0.513001 0.7468942 0.7044079 0.14105937 0.37707347 0.02095782 0.066071786 0.9723474 0.90253645 0.49118268 0.9968945 0.1684128 0.2640351 0.12924011 0.49242026 0.672605 0.073189035 0.10889249 0.7694187 0.99293697 0.11731973 0.064665586 0.35667422 0.94793373 0.9828514 0.8474674 0.46916944 0.031075707 0.038770657 0.07088663 0.9971872 0.022757754 0.025932059 0.07363922 0.006489372 0.9957644 0.99952465 0.6494141 0.048920438 0.09469653 0.005872902 0.00013464376 0.93923885 0.9991232 0.96603316 0.9783323 0.16377752 0.6003522 0.00044146815 0.47846192 0.7082191 0.23105404 0.9437327 0.013245724 0.9993969 0.01737219 0.008109344 0.92373824 0.99999344 0.00031588812 0.9038514 0.032313645 0.064578064
0.99008775 5.324912e-14 0.873664 0.17574215 0.11453971 0.4361892 0.92495024 0.09441705 0.023267297 0.010559763 0.5462761 0.9668186 0.00047895353 0.0034931335 0.0008236514 0.0006913238 0.32571203 0.52790475 8.085882e-05 0.00020251823 0.00040306992 0.00011559022 0.3264802 0.0002438372 0.004587448 3.859349e-05 3.531814e-05 6.457125e-05 2.8119113e-05 0.026287382 0.029767238 0.00026995855 0.00010067229 0.0003231125 0.12970147 2.0086012e-05 5.82148e-06 0.84286654 0.06976872 0.0029602116 1.0388842e-05 0.0038581055 9.042986e-05 6.210888e-05 0.0022211818 0.13972415 5.6744443e-07 8.027737e-06 0.021833202 0.7128752 0.0011828329 2.8200482e-05 7.5709427e-06 2.6799949e-06 0.4941255 0.55653155 1.3277587e-05 0.0063432483 1.343034e-06 5.7814677e-06 0.0005425008 0.0083237225 0.001222534 0.0014623925 1.1102327e-05 0.00075133 2.0281539e-07 0.014503878 0.0075939815 1.4796893e-06 0.00015444524 0.5602997 8.1619237e-07 0.12173263 0.0006842941 3.0607652e-07 2.6159127e-05 3.0627934e-06 3.289116e-05 3.971637e-05 2.4304315e-08 0.038902853 4.8838694e-05 0.00033611635 0.43095037 3.038153e-06 0.00012566587 0.24311669 5.1341467e-06 0.00032949666 0.000111023764 0.05455357 0.00044343737 6.6100426e-07 3.1179326e-05 2.1677785e-07 0.055226915 2.0672229e-07 1.548147e-05 6.061741e-06 5.7023197e-08
0.98423725 0.873664 4.887918e-13 0.013274758 0.6601416 0.030416323 0.2916112 0.48905855 0.0022817277 0.0007509794 0.9107938 0.9698496 0.00011104832 0.0005684476 0.007128234 0.009362366 0.10377571 0.14946632 0.00060447317 1.5996808e-05 0.0015628203 0.0004128518 0.49482524 0.0023916145 0.00059665163 2.7907508e-06 0.00015304163 5.8189876e-06 0.00016420115 0.004678608 0.46302378 0.00070492836 0.00023767319 6.9195936e-05 0.111971565 2.6072341e-06 2.7159453e-07 0.88596714 0.5917151 0.06906321 1.8408359e-06 0.056187227 8.819235e-06 8.647517e-06 0.040546153 0.037565544 3.9066313e-06 2.0423813e-05 0.004075904 0.7508442 0.016251598 4.2708975e-06 1.677093e-06 2.9874315e-07 0.5168693 0.34422982 0.00021580972 0.00069463183 3.0954303e-07 1.0946637e-06 0.022636237 0.008728407 0.0018651268 0.0021835957 1.8257111e-06 0.0038714109 1.2325025e-07 0.13693306 0.009773568 7.5765143e-07 0.0013826588 0.4960808 8.766961e-07 0.10833185 0.000115542054 1.4055486e-07 0.00010628885 1.4569893e-06 0.000172919 1.5339707e-05 6.791148e-09 0.04123057 8.1865976e-05 0.0006226847 0.7019837 2.6352154e-05 0.0006409702 0.68797255 5.8793707e-06 7.519311e-05 0.00020502605 0.09001012 6.6416374e-05 1.1785743e-06 0.0004636385 8.389553e-06 0.020723743 2.0033708e-07 4.3633878e-05 3.9533737e-05 3.875243e-08
0.98455954 0.17574215 0.013274758 1.000821e-14 0.000504384 0.96470726 0.77212036 0.0015832756 0.8444612 0.901767 0.01658736 0.022426894 0.24187607 0.59401816 1.4618364e-05 6.737439e-05 0.9378241 0.27599105 6.075555e-06 0.089067414 1.3103103e-05 2.5657505e-06 0.10725145 4.2815495e-06 0.31531313 0.011487749 9.806029e-07 0.013570775 2.312909e-07 0.08930048 0.0005117717 0.00015848913 5.102361e-06 0.010926083 0.15435204 0.0005372718 0.0007411275 0.019759344 0.00040904406 2.1841547e-06 0.0006283048 6.2237785e-05 0.001677725 0.00064458477 4.7007416e-05 0.5517971 1.783625e-07 4.1613347e-07 0.57968247 0.031308714 2.0110438e-06 0.0003813417 8.146077e-05 3.182559e-05 0.0071052294 0.04423407 4.284521e-07 0.27286717 2.83714e-05 0.00017886885 2.1597853e-06 0.0017674967 9.970707e-05 7.7224795e-05 2.424895e-05 5.5741207e-06 2.8153656e-06 2.7121792e-05 0.004010008 8.504105e-05 1.8860705e-06 0.042080555 1.701147e-05 0.05639528 0.018621637 4.191777e-07 1.548779e-07 5.309589e-06 1.9686124e-06 8.1450504e-05 6.0424454e-06 0.033545353 2.6751686e-06 4.7646372e-05 0.0012532227 4.023726e-07 1.616192e-06 0.00044927956 4.2118106e-08 0.00036823566 2.6313954e-05 0.00040833605 0.002364051 1.950821e-07 9.281683e-07 5.941868e-09 0.11443057 1.08027685e-07 3.1182492e-06 4.915555e-07 9.3273755e-08
0.96018916 0.11453971 0.6601416 0.000504384 5.5353665e-13 0.0018044454 0.008136364 0.9431146 5.933946e-05 1.6211217e-05 0.9242355 0.2590439 1.8930027e-06 5.6166127e-06 0.19921441 0.07434423 0.021967672 0.00685391 0.015018715 2.83711e-07 0.004372784 0.0035275188 0.43526813 0.04975084 1.2203573e-05 1.5775166e-07 0.0006665928 8.7658705e-08 0.0008944834 9.738863e-05 0.9767226 0.00095308333 0.00037242408 1.671581e-06 0.057252564 7.1539894e-08 1.8806013e-08 0.31300414 0.87985474 0.50089854 2.1737613e-07 0.3285956 4.381259e-07 1.2406478e-07 0.22054636 0.012443639 8.841695e-06 1.549914e-05 0.0009661536 0.057655394 0.19435345 6.960834e-07 3.4444136e-07 1.4375381e-08 0.044260025 0.01276998 0.0005620881 1.5995907e-05 6.425185e-08 1.8370048e-07 0.2931532 0.007209533 0.0013857326 0.0010217435 2.8684678e-07 0.041800417 2.5001796e-08 0.23731066 0.011962304 7.2313816e-07 0.018295946 0.05580229 2.7672024e-07 0.07643199 2.1938095e-06 5.723361e-08 0.0064408453 3.0920523e-07 0.0026923257 2.138777e-07 7.05657e-10 0.03357908 1.1710929e-05 0.00048781512 0.26758566 2.608754e-06 0.0019302875 0.56178033 3.5070636e-07 3.1117734e-06 7.955066e-05 0.0105454875 1.754226e-06 1.0215184e-07 0.0043972526 0.00020744323 0.0062920726 3.439823e-08 7.681328e-06 9.063362e-07 2.4763594e-08
0.8868307 0.4361892 0.030416323 0.96470726 0.0018044454 1.6861216e-14 0.92476434 0.0014740204 0.9855146 0.77188134 0.011617899 0.028384209 0.10053836 0.44902363 6.490934e-05 2.472986e-05 0.35096583 0.394843 2.6368596e-05 0.009311625 5.1129282e-05 2.3547782e-05 0.018621514 2.7906486e-05 0.2888941 0.00065093767 4.718629e-06 0.0020861158 1.49722e-06 0.08324814 0.0010376817 7.9891564e-05 1.358945e-05 0.0067208055 0.015449967 0.0001361174 0.00010710614 0.03127235 0.0016652367 4.1234776e-05 0.00015967933 9.053202e-05 0.0007568405 0.0007343953 0.00021469546 0.12993181 1.1106357e-06 2.239792e-06 0.103358544 0.04736237 4.1384323e-05 0.000107223364 1.952284e-05 1.3492444e-05 0.022294192 0.09453962 7.362634e-08 0.020678546 6.366969e-06 1.1679854e-05 1.0268593e-05 0.00047718541 0.000109856155 9.9207784e-05 6.7349047e-06 2.7230449e-06 1.6072066e-06 7.29977e-05 0.0015046181 8.3264604e-07 1.9800357e-06 0.085725665 5.6120535e-07 0.01138469 0.0023246193 1.0430611e-08 3.3438255e-07 3.7684358e-06 1.7894546e-06 8.4321175e-05 2.8973394e-08 0.007170469 4.8659726e-06 5.0241597e-05 0.0022339225 1.2943613e-06 2.717576e-06 0.00045380884 1.4275608e-06 0.0001697487 5.911435e-06 0.00087196805 0.00079081237 2.554735e-07 3.547715e-06 5.0438373e-09 0.02512447 2.2100133e-07 2.2496413e-06 6.305626e-07 9.323551e-08
0.9671265 0.92495024 0.2916112 0.77212036 0.008136364 0.92476434 9.785208e-16 0.009238461 0.34806293 0.013433563 0.051678807 0.5065831 0.0028921843 0.020002078 6.0801318e-05 4.1548415e-06 0.2059635 0.9879363 7.803719e-06 0.00039686877 2.646554e-05 1.627071e-05 0.039642233 6.8509266e-06 0.03892867 4.683813e-05 9.446973e-07 9.650144e-05 6.834381e-07 0.32499912 0.0013680265 3.0614965e-06 3.3926806e-06 0.0017419497 0.014714496 1.8712495e-05 1.3830655e-06 0.69464505 0.009694416 9.9285004e-05 5.819143e-06 0.00091979944 0.00013385153 0.00030387935 0.00074653106 0.06896925 1.1394442e-08 2.7247583e-07 0.019725107 0.82071215 0.00028969007 1.51126915e-05 1.1166469e-06 6.245843e-07 0.54851747 0.68959713 1.4828034e-07 0.004715366 8.004863e-08 9.2867833e-07 4.887527e-05 0.001241496 0.00013104598 8.689939e-05 4.0219155e-07 1.9806806e-05 2.3719444e-08 0.0030788833 0.0007529992 2.5972392e-07 3.089383e-06 0.66021085 4.0150763e-08 0.025239468 0.00026974003 2.5821084e-08 9.57091e-07 1.0601925e-06 1.770577e-07 0.0004356301 3.5282381e-09 0.004388737 8.08832e-07 6.292528e-06 0.22840963 1.3794556e-07 3.7826132e-05 0.032296266 1.15191675e-07 9.4791016e-05 6.176392e-07 0.019874437 0.00041959068 8.993636e-09 2.4885285e-06 1.3009058e-09 0.041297805 1.119063e-07 1.7660658e-07 1.3677993e-07 1.0370128e-08
0.986786 0.09441705 0.48905855 0.0015832756 0.9431146 0.0014740204 0.009238461 2.1115078e-11 0.00011489815 9.355051e-05 0.9444579 0.14741933 1.6148355e-05 3.834406e-05 0.5950126 0.8587833 0.092975445 0.0036085756 0.05622146 1.9297554e-06 0.013669669 0.012780366 0.74943733 0.09410274 3.3512064e-05 1.4338592e-06 0.0017866114 6.5482595e-07 0.0031983838 3.8228023e-05 0.9138327 0.020992866 0.0013032958 2.8507618e-06 0.1495543 1.9241559e-06 1.6164225e-07 0.10781829 0.6328125 0.5235368 1.059086e-06 0.23620965 1.808122e-06 2.8834071e-07 0.17535846 0.037752163 0.00016605464 0.00013136605 0.0044675064 0.019756546 0.25234693 2.9253708e-06 2.973488e-06 6.9647587e-07 0.008838073 0.0022227678 0.0007538079 0.00022767608 1.3013836e-07 2.3157781e-07 0.38111678 0.017556941 0.0022646612 0.0025662032 2.8299262e-06 0.014056554 4.1883066e-08 0.1769934 0.02704662 1.3748686e-06 0.026658198 0.0035671522 3.086949e-07 0.14098121 4.86462e-05 5.5641067e-07 0.009739049 1.6664048e-06 0.0016410777 3.8109172e-07 6.20223e-08 0.10621796 3.179783e-05 0.000430737 0.06858915 1.4552556e-05 0.00084779586 0.2883821 1.847727e-06 2.6136284e-05 0.00025429766 0.0011723237 2.8727494e-05 7.5680794e-07 0.0034585483 0.0008732746 0.01881183 1.0301038e-07 1.7270713e-05 1.3022149e-06 2.1520823e-07
0.8623974 0.023267297 0.0022817277 0.8444612 5.933946e-05 0.9855146 0.34806293 0.00011489815 1.185023e-14 0.9639249 0.000850778 0.0018102203 0.7648598 0.91820186 1.2676717e-05 9.592708e-08 0.33198944 0.19942108 4.132585e-06 0.14093333 8.985719e-06 1.3167867e-05 0.005016047 1.1773914e-06 0.4854693 0.005028145 1.9189406e-06 0.019025315 3.4369225e-07 0.11197444 0.0001657752 1.2603432e-06 2.015831e-06 0.1549398 0.005647449 0.00033246944 0.0007832552 0.0065901726 0.00033576493 2.4712792e-05 0.0026511378 2.8277746e-05 0.017619034 0.009250817 1.8480468e-05 0.109497614 1.3397137e-07 2.1372293e-07 0.17372899 0.012940497 2.7617767e-05 0.0019357968 0.00018270644 4.145748e-05 0.0021252744 0.03836961 1.2012982e-08 0.059134275 0.00017703247 0.00042085428 2.2792558e-05 0.0002546663 1.7602699e-05 8.033076e-06 9.152231e-06 1.12905404e-07 2.1824566e-05 1.0600772e-06 0.0006693183 0.00016650753 9.874224e-07 0.011290266 1.6372796e-06 0.006039407 0.009171665 7.083129e-08 7.432352e-07 9.0425544e-07 5.596559e-07 0.00049120665 3.4766995e-07 0.0030497068 2.3431899e-07 4.2265824e-06 0.00018684256 1.8823643e-07 1.92931e-06 8.0458754e-05 7.7604926e-07 0.00036990948 1.059964e-06 0.00010194567 0.0021000004 2.530447e-08 5.4700344e-05 1.0787465e-08 0.020130811 1.7795447e-06 2.9127617e-07 4.9480263e-07 1.5222118e-07
0.88871956 0.010559763 0.0007509794 0.901767 1.6211217e-05 0.77188134 0.013433563 9.355051e-05 0.9639249 5.0525954e-18 0.002439712 2.9121813e-05 0.9364798 0.313858 2.0049542e-06 7.7052715e-07 0.9375664 0.0003211167 4.8850103e-07 0.24261284 5.583626e-07 1.5771969e-06 0.012656865 2.1349885e-07 0.0032142384 0.036707792 1.259014e-07 0.010006362 5.708403e-08 0.00019427126 4.257971e-07 7.9527155e-05 5.409155e-06 0.0006655606 0.017257996 0.0013203965 0.00013516133 9.168362e-07 9.297713e-08 1.7200122e-08 1.3899063e-05 9.19356e-09 0.0001589355 5.3803884e-05 7.833084e-09 0.4173432 1.6795009e-09 1.6319044e-08 0.88061345 1.3726672e-05 2.272227e-08 1.5193547e-05 0.000505951 7.587954e-05 2.3176075e-07 2.1264511e-06 3.371321e-07 0.43144965 4.3302925e-06 9.967374e-06 4.7194966e-08 0.00044896372 1.0112719e-05 4.9903906e-06 6.4713686e-06 2.5728548e-09 1.2161712e-07 4.7448598e-08 0.00024041724 8.543527e-06 1.6751253e-08 1.5750686e-06 2.393211e-07 0.014328553 0.049420066 6.093805e-06 1.3905068e-07 1.1361234e-05 4.2580925e-09 9.292724e-06 7.200036e-07 0.001749126 3.3219638e-07 2.206144e-06 5.9122634e-08 4.3094175e-10 1.4476526e-08 7.760929e-07 1.3188748e-08 0.00027667815 1.2140626e-06 2.7011378e-08 0.00084965135 1.7507927e-10 6.2423084e-08 4.370217e-09 0.07222057 1.860505e-07 5.417418e-07 2.2016282e-09 3.5373064e-06
0.98155063 0.5462761 0.9107938 0.01658736 0.9242355 0.011617899 0.051678807 0.9444579 0.000850778 0.002439712 1.0558641e-11 0.31659633 0.00038798398 0.00049455266 0.31930158 0.727135 0.34530672 0.007813841 0.12738952 6.4420616e-05 0.014213929 0.024600886 0.93782663 0.019255454 0.00024143579 2.7287553e-05 0.0019845075 1.3569104e-05 0.0016048563 6.8520996e-05 0.3617525 0.10495212 0.006396326 1.5478561e-05 0.36886472 4.879563e-05 2.769799e-06 0.06210573 0.19425361 0.07799904 1.07222495e-05 0.039989296 2.5601397e-05 1.2939367e-06 0.027222393 0.13239378 0.0012064269 0.00027490754 0.041593675 0.009644188 0.028692862 1.095993e-05 2.7193277e-05 9.775837e-06 0.006039871 0.0013373995 0.0011700575 0.0026283986 3.1104008e-07 2.0579846e-06 0.03833716 0.017233178 0.0025747097 0.0038811294 6.439104e-06 0.0034768758 1.4464486e-07 0.019226676 0.03165885 1.4759024e-06 0.0015093004 0.0033453533 6.13806e-07 0.2615381 0.0001926003 1.1698689e-06 0.00036158235 1.6356503e-06 0.00059975794 1.2279579e-06 1.01465396e-07 0.10257607 8.4926054e-05 0.00058144506 0.057012454 3.5533212e-05 0.0001807174 0.0926937 5.360064e-06 1.8428675e-05 0.00015297305 0.00082464 4.8458995e-05 8.279552e-07 0.0002645074 0.00013648669 0.06132457 5.1180724e-08 2.68039e-05 2.58251e-06 1.6495866e-07
0.89769346 0.9668186 0.9698496 0.022426894 0.2590439 0.028384209 0.5065831 0.14741933 0.0018102203 2.9121813e-05 0.31659633 2.0135708e-14 5.687936e-05 9.320197e-05 0.0010184416 0.000114416805 0.016092358 0.40852895 0.0001568059 8.868245e-06 0.00014582975 0.00012781998 0.04498942 0.00013753748 0.00021676907 1.2622894e-06 1.0277046e-05 1.4671693e-06 2.5737632e-05 0.15036441 0.045937702 9.568935e-06 1.0597532e-05 7.679452e-06 0.005292767 1.5333023e-07 3.668327e-08 0.96729535 0.52535826 0.0054094605 1.2013194e-07 0.007876365 3.0728431e-06 5.432465e-06 0.009270966 0.0050057084 4.3352095e-08 1.7070114e-06 0.00038475048 0.8555258 0.00142345 2.5306582e-07 1.2124873e-07 6.364104e-08 0.7144553 0.4045374 1.848241e-05 2.3581762e-05 3.7870667e-09 1.5200149e-08 0.0009760574 0.00040888277 0.00018743597 0.00012379844 8.963158e-08 0.00011485322 2.7990787e-09 0.10458675 0.00025351017 3.9754528e-07 0.0004406025 0.5823424 6.173444e-08 0.010722823 4.1005737e-06 3.6432405e-07 6.1020197e-05 5.4087866e-07 4.185085e-06 7.409476e-06 6.854808e-10 0.0024010243 3.7357163e-06 2.2273234e-05 0.657756 2.2256275e-08 0.0012653667 0.724486 2.502232e-07 5.841612e-06 2.484189e-06 0.09343279 6.932655e-06 2.6986055e-07 0.00013048267 1.8211463e-08 0.006358803 1.2170059e-08 6.736108e-07 6.7330234e-06 6.917927e-08
0.97398156 0.00047895353 0.00011104832 0.24187607 1.8930027e-06 0.10053836 0.0028921843 1.6148355e-05 0.7648598 0.9364798 0.00038798398 5.687936e-05 8.34646e-15 0.95200807 3.7881543e-07 9.4855585e-07 0.29502225 0.0043453965 2.7771827e-07 0.9567429 3.855065e-06 1.5788719e-06 0.0020062695 1.7727533e-07 0.61880887 0.24718706 3.3789684e-07 0.64043206 4.2188695e-08 0.005908967 1.0252202e-05 2.9925472e-05 5.012838e-06 0.34833035 0.005991082 0.009205625 0.1278637 0.00010154387 2.2851278e-05 8.296241e-08 0.17646116 9.404468e-06 0.3460575 0.06142344 5.8986293e-06 0.16232556 2.1449464e-08 3.9886265e-07 0.7279758 0.00053516444 2.4413107e-06 0.0782338 0.0031630564 0.004390217 0.00019462878 0.001226446 4.016116e-07 0.5428069 0.018828196 0.04433417 3.671495e-06 0.00010233911 1.1908265e-05 8.156198e-05 0.000751563 4.101649e-06 0.0020172598 8.0971876e-07 0.0003257918 0.029477084 7.4715746e-07 0.00024328739 0.0008495736 0.008680915 0.16666451 3.3684417e-05 1.3099211e-06 7.829173e-05 2.8918615e-05 0.00060992653 0.00035603665 0.0028340016 1.0500216e-06 1.6657814e-05 1.0101027e-05 6.807216e-07 6.8011527e-06 1.8463574e-05 5.792856e-07 0.0016283912 1.00220095e-05 7.125922e-06 0.008793606 1.0458402e-06 7.588317e-05 9.803887e-09 0.0426599 1.3610487e-05 1.3455185e-06 4.5692036e-07 3.5219134e-06
0.92696023 0.0034931335 0.0005684476 0.59401816 5.6166127e-06 0.44902363 0.020002078 3.834406e-05 0.91820186 0.313858 0.00049455266 9.320197e-05 0.95200807 9.670622e-15 2.3653465e-06 2.0358296e-07 0.15340061 0.023321759 7.125351e-06 0.6197986 9.646551e-06 2.776857e-05 0.0024330108 5.840412e-07 0.9945592 0.02570432 1.3458714e-06 0.29498628 1.5623694e-07 0.11060593 1.5383232e-05 2.1072829e-06 3.5717133e-06 0.59570795 0.0035183937 0.0011842739 0.0020302907 0.000509412 4.014929e-05 1.2673182e-06 0.007343155 6.546726e-06 0.4536688 0.10669069 4.2240235e-06 0.11956571 3.4851798e-08 1.1116493e-07 0.18925607 0.003043807 1.238875e-06 0.016062599 0.00012095373 7.563665e-05 0.0005786157 0.0069026547 5.0662276e-08 0.064561956 0.0008645637 0.0060546924 1.5673561e-06 0.00029309283 0.00018592412 9.4198585e-05 1.535843e-05 9.4229495e-07 2.8759678e-05 1.8884651e-07 0.0005460514 0.00899882 2.3718283e-07 0.0016232359 3.469344e-05 0.009224336 0.014451175 2.3046147e-07 8.0664887e-07 6.6650477e-06 1.8738057e-06 0.0059849834 9.4150977e-07 0.0014660757 2.8408367e-06 2.0680767e-05 0.00010730499 1.7540536e-08 3.1420362e-07 1.7420401e-05 1.2918407e-06 0.0008953735 2.2744018e-06 6.128275e-05 0.004279505 2.8471263e-08 5.9200414e-07 1.8403924e-09 0.061153464 6.193315e-05 2.4192925e-06 1.5725672e-07 1.505299e-06
0.9868252 0.0008236514 0.007128234 1.4618364e-05 0.19921441 6.490934e-05 6.0801318e-05 0.5950126 1.2676717e-05 2.0049542e-06 0.31930158 0.0010184416 3.7881543e-07 2.3653465e-06 3.4378416e-12 0.9260714 0.006054 2.5164256e-05 0.68027854 1.1415679e-07 0.45459774 0.60832745 0.094608426 0.97927153 1.6078044e-06 1.5290375e-08 0.25854892 1.693421e-07 0.6433902 2.2091401e-06 0.46618298 0.00877457 0.05194786 1.2017433e-07 0.051506247 4.1738645e-08 1.5106215e-08 0.0026950336 0.0696407 0.6252082 1.6164624e-07 0.045684718 6.337446e-07 4.9757887e-07 0.022182994 0.004786241 0.006087579 0.010487998 0.00026350934 0.0003915746 0.19210938 6.015104e-07 9.7772435e-08 2.522645e-08 0.00057263975 0.000101807025 0.20231482 2.980592e-06 2.1068846e-08 4.0869406e-08 0.43412942 0.06148936 0.022350498 0.01240635 1.810884e-07 0.17797677 7.8739495e-09 0.016872747 0.03902548 5.8933267e-08 0.022181487 9.7237724e-05 6.991827e-08 0.059237983 8.306735e-07 2.5946989e-07 0.10694764 5.341751e-07 0.035196647 2.8002086e-07 2.7890241e-08 0.119844176 0.00065550173 0.0019217876 0.0018159522 0.00017244768 0.0003910212 0.033404686 2.1854557e-05 2.0665145e-06 0.0021051657 7.665613e-05 7.181397e-07 6.891587e-06 0.009757014 0.17356354 0.011390548 1.8547324e-08 0.00021918188 2.5344381e-05 3.8909366e-08
0.89735276 0.0006913238 0.009362366 6.737439e-05 0.07434423 2.472986e-05 4.1548415e-06 0.8587833 9.592708e-08 7.7052715e-07 0.727135 0.000114416805 9.4855585e-07 2.0358296e-07 0.9260714 5.767541e-17 0.06450229 2.4532577e-08 0.9899709 8.52529e-07 0.9099783 0.82510006 0.4354049 0.047024313 1.0296239e-08 1.9713063e-06 0.33625185 2.6314407e-07 0.27597243 6.323337e-09 0.002491213 0.6299721 0.23908402 1.5154372e-09 0.28825784 5.774758e-07 8.502219e-08 5.950457e-06 0.00039059855 0.0009830646 2.0472728e-08 8.669592e-05 2.724576e-09 6.653473e-09 1.547719e-05 0.02475994 0.0036103213 0.032066785 0.0019895502 1.626825e-06 0.00040393826 1.5432596e-08 3.5898424e-08 3.0224488e-08 4.5375512e-07 4.5250733e-08 0.03146415 3.696508e-05 1.2502149e-09 1.6154345e-09 1.5618049e-05 0.06475587 0.014625517 0.023171509 1.614619e-08 0.000401291 2.484614e-09 2.1613143e-06 0.060464755 1.1737029e-08 6.8867125e-06 1.0346263e-06 8.691994e-09 0.111442894 2.1356627e-05 6.4437136e-09 2.0381376e-05 1.2467079e-08 2.9386993e-05 1.5216886e-08 5.3316256e-08 0.31063578 0.00037590045 0.0010393962 2.2181257e-07 1.8866795e-05 6.554708e-07 2.459469e-05 5.898016e-06 5.753685e-06 0.0018285767 1.5790022e-07 9.091016e-06 3.6114636e-07 7.731494e-06 2.3673132e-05 0.02679616 5.526767e-10 0.00046281374 5.4641012e-05 5.4294873e-08
0.9613259 0.32571203 0.10377571 0.9378241 0.021967672 0.35096583 0.2059635 0.092975445 0.33198944 0.9375664 0.34530672 0.016092358 0.29502225 0.15340061 0.006054 0.06450229 1.3707477e-13 0.04005212 0.03812372 0.10393997 0.0033477729 0.004836154 0.65731704 0.00061951607 0.046478886 0.10631307 0.0003615237 0.020044964 0.00012051332 0.004119237 0.011603671 0.1785174 0.0053551286 0.0071541276 0.6131115 0.08472883 0.008171158 0.011988217 0.0038043237 0.0002665006 0.004909575 0.00016683736 0.0016891551 0.00036771013 6.6028675e-05 0.9717289 0.0003222088 1.27111225e-05 0.7395948 0.011546224 4.682214e-05 0.00067254505 0.0043335585 0.0021072538 0.0018270873 0.0060326005 0.00013988138 0.45948076 0.0007226177 0.00062560826 5.8275655e-05 0.025149448 0.06787318 0.011390538 0.0004814285 2.1951333e-05 0.00014642188 4.943857e-05 0.06134628 0.000245846 4.4423564e-06 0.0036172208 2.819669e-05 0.30141267 0.02032587 8.148644e-06 5.0646436e-06 1.8480805e-05 9.325607e-06 7.873871e-06 8.886637e-05 0.12794405 0.0003949876 0.010069525 0.00095747545 5.2421633e-06 3.582418e-06 0.00093250826 5.3281263e-07 0.00027243103 0.0001902773 0.00013185933 0.0012455881 5.395309e-07 7.134681e-06 5.771661e-06 0.6495868 1.2277203e-06 1.0860456e-06 1.4685636e-08 3.835757e-06
0.7729691 0.52790475 0.14946632 0.27599105 0.00685391 0.394843 0.9879363 0.0036085756 0.19942108 0.0003211167 0.007813841 0.40852895 0.0043453965 0.023321759 2.5164256e-05 2.4532577e-08 0.04005212 1.0817482e-16 3.679778e-06 0.0010029746 9.898186e-06 1.5148276e-05 0.0065132515 1.4064632e-05 0.03277982 8.451061e-05 6.780761e-07 7.508297e-05 8.17969e-07 0.99832374 0.00030808305 9.29986e-08 1.3141176e-06 0.0013017927 0.0015801729 6.160497e-05 2.2963338e-06 0.31815705 0.0022384862 2.6769923e-05 6.0667953e-06 0.00029300785 0.00010964097 0.00050296466 0.00035873224 0.016854284 7.2420567e-09 2.0536156e-07 0.0046275146 0.6197877 0.000108883425 8.050991e-06 4.9415303e-06 2.669404e-06 0.35412994 0.46478972 1.566511e-07 0.0003677566 4.3980563e-08 2.066054e-07 8.58144e-06 9.1742484e-05 6.405381e-06 8.758362e-05 2.335719e-06 1.8715383e-07 7.783224e-09 0.00039015865 5.209632e-05 7.2473705e-07 1.1076967e-05 0.4330269 2.1364959e-07 0.007372384 0.00014872738 6.002692e-07 1.0367103e-06 4.24527e-06 7.643858e-09 0.0048328554 1.7316816e-08 0.00034202437 1.8516467e-06 2.0505167e-06 0.053936936 2.0233124e-09 2.2755203e-05 0.011172451 3.4515523e-07 0.00016963948 1.3350775e-07 0.01568881 8.542968e-05 3.35295e-08 1.5124797e-06 2.5073496e-10 0.03684659 3.6978653e-07 1.7936226e-07 3.0038814e-07 6.2637264e-07
0.99396086 8.085882e-05 0.00060447317 6.075555e-06 0.015018715 2.6368596e-05 7.803719e-06 0.05622146 4.132585e-06 4.8850103e-07 0.12738952 0.0001568059 2.7771827e-07 7.125351e-06 0.68027854 0.9899709 0.03812372 3.679778e-06 2.055547e-13 1.086563e-07 0.48561263 0.8624329 0.58614576 0.44005537 1.4741231e-06 4.4436568e-08 0.30010498 8.416912e-08 0.28603747 2.2710487e-06 0.069982514 0.32798204 0.19429338 3.9757902e-07 0.5374075 1.10842265e-07 7.365355e-09 0.00019401185 0.0031197679 0.11128762 4.3941824e-08 0.004852893 1.0057757e-06 1.1129217e-06 0.0019905816 0.045579635 0.061125714 0.017026339 0.00059876696 4.529676e-06 0.036786374 6.097441e-07 5.6633098e-08 8.6987654e-08 0.00017007082 2.2020265e-06 0.012395192 1.6241594e-05 1.5032777e-08 1.252093e-07 0.078966044 0.45616123 0.15244699 0.078991905 3.9025446e-07 0.018327143 4.8514157e-09 0.000471651 0.3483363 1.7827485e-06 0.002481452 1.4168022e-05 1.9162312e-07 0.2497555 6.471603e-06 1.2398966e-07 0.019018548 5.6438273e-07 0.0030025584 2.5354967e-07 1.7153765e-08 0.64667654 0.006253285 0.010723722 8.867816e-05 0.0012515829 1.7800261e-05 0.0034650587 8.996845e-05 2.7455477e-05 0.014112942 7.7781266e-07 5.9047193e-06 1.4569398e-05 0.0010039574 0.08705107 0.035120547 2.0978412e-09 0.0017222958 5.0649407e-05 1.2836865e-07
0.9650464 0.00020251823 1.5996808e-05 0.089067414 2.83711e-07 0.009311625 0.00039686877 1.9297554e-06 0.14093333 0.24261284 6.4420616e-05 8.868245e-06 0.9567429 0.6197986 1.1415679e-07 8.52529e-07 0.10393997 0.0010029746 1.086563e-07 1.1998342e-13 1.3615257e-06 6.04015e-07 0.0007554041 3.589473e-08 0.27306074 0.94531906 1.0632752e-07 0.97964495 1.6081984e-08 0.0027316455 2.2498732e-06 2.066273e-05 9.619903e-07 0.21756624 0.0021284071 0.050738495 0.57165605 9.960528e-05 4.233305e-05 2.408236e-08 0.57353085 4.531893e-06 0.73034924 0.056090433 4.659321e-06 0.07737573 6.2769168e-09 1.2661094e-07 0.758011 8.302846e-05 2.5359805e-07 0.36805367 0.023778116 0.04153781 8.441596e-05 0.00041586254 1.405196e-07 0.60276496 0.22197083 0.23938513 6.0871866e-07 1.2751567e-05 7.6015745e-06 3.819632e-05 0.005169231 2.6424038e-06 0.025199544 1.5076839e-06 3.338017e-05 0.09721018 1.6063568e-07 0.000110893394 0.007820637 0.0031941608 0.2709604 0.00013111836 1.3710139e-06 0.00018641076 2.3850557e-06 0.00054378 0.002788475 0.0018527262 1.0060654e-06 1.1982393e-05 1.1333704e-05 7.821866e-07 2.681925e-06 4.5518436e-06 2.3542144e-07 0.0024782924 2.2836368e-06 1.7947167e-06 0.0093435105 1.5401558e-06 4.1793555e-05 7.4217628e-09 0.0252776 2.6892285e-05 5.099775e-07 7.290788e-07 4.7936633e-06
0.703199 0.00040306992 0.0015628203 1.3103103e-05 0.004372784 5.1129282e-05 2.646554e-05 0.013669669 8.985719e-06 5.583626e-07 0.014213929 0.00014582975 3.855065e-06 9.646551e-06 0.45459774 0.9099783 0.0033477729 9.898186e-06 0.48561263 1.3615257e-06 4.720286e-13 0.97972864 0.019229097 0.37779075 1.3947389e-06 6.298643e-07 0.9906037 3.5622514e-07 0.91193223 1.6343123e-06 0.021258602 0.18269835 0.48344946 4.281078e-07 0.019642612 4.096897e-07 1.3444776e-07 0.00012115438 0.0007382951 0.042977225 1.0900457e-06 0.0012301201 6.367501e-07 7.997489e-07 0.00046335536 0.0021103125 0.09541623 0.18259816 0.00021595137 3.2155922e-06 0.00710587 8.0290886e-07 2.3134757e-07 2.1656768e-07 4.0645034e-05 1.4976825e-06 0.16320176 1.594129e-06 5.4816397e-08 3.2354527e-07 0.023946214 0.08411334 0.059258547 0.0999006 2.2151663e-07 0.016687071 3.1904142e-07 0.00033294476 0.062725484 4.3161282e-07 0.00044132542 4.462652e-05 9.700916e-08 0.0076793213 3.6703653e-07 5.7758873e-09 0.021175904 2.604837e-07 0.0071328105 1.6187751e-07 2.8071428e-08 0.07340817 0.0073591215 0.008717577 6.012245e-06 0.0041036685 1.4592343e-05 0.00071121915 0.00024768937 3.365099e-05 0.0149944 9.3254687e-07 7.912223e-06 0.00011212387 0.00068120135 0.30416465 0.0021637243 1.015806e-07 0.002389157 0.0003043309 5.7655194e-07
0.95851076 0.00011559022 0.0004128518 2.5657505e-06 0.0035275188 2.3547782e-05 1.627071e-05 0.012780366 1.3167867e-05 1.5771969e-06 0.024600886 0.00012781998 1.5788719e-06 2.776857e-05 0.60832745 0.82510006 0.004836154 1.5148276e-05 0.8624329 6.04015e-07 0.97972864 1.1039991e-09 0.06908485 0.62144333 4.52867e-06 3.023543e-07 0.9655399 3.5056493e-07 0.84656066 2.8452127e-06 0.034759562 0.50280213 0.78260404 8.778213e-07 0.099132314 1.2023074e-07 1.3972891e-07 0.00011256594 0.00075891346 0.06540317 3.9645525e-07 0.001567532 3.3288663e-06 2.1566775e-06 0.00063064427 0.0052732565 0.22406764 0.1827308 0.00020349282 1.0597988e-05 0.022243932 7.157548e-07 4.2315935e-07 4.2603145e-07 9.870383e-05 1.5548355e-06 0.35719565 6.3020225e-06 2.2522183e-07 5.932006e-07 0.07468762 0.5253417 0.24636781 0.26580504 7.1730534e-07 0.022948416 9.066461e-08 0.00036019966 0.29200506 1.3543563e-06 0.0014013554 8.855027e-06 4.55261e-07 0.03466628 2.9049818e-06 3.4752293e-08 0.030527731 1.3004202e-06 0.0053789807 2.223161e-06 2.7216636e-08 0.21366578 0.023782494 0.029977934 2.3814975e-05 0.005579137 2.2230939e-05 0.0010135395 0.00042296367 4.9078306e-05 0.039458547 9.87916e-07 1.2398198e-05 0.00010303657 0.0012173944 0.519096 0.0067938147 6.752648e-08 0.0033048894 0.00023769197 2.0560003e-07
0.96672547 0.3264802 0.49482524 0.10725145 0.43526813 0.018621514 0.039642233 0.74943733 0.005016047 0.012656865 0.93782663 0.04498942 0.0020062695 0.0024330108 0.094608426 0.4354049 0.65731704 0.0065132515 0.58614576 0.0007554041 0.019229097 0.06908485 5.9885985e-12 0.012493671 0.0006131461 0.00078006805 0.0057948516 0.0001301048 0.0054637208 1.8683302e-05 0.065508634 0.69071776 0.033903576 4.4965283e-05 0.9826531 0.00066457724 3.6760128e-05 0.02297271 0.015158076 0.014805082 2.6903905e-05 0.002872777 1.2828593e-05 6.6701057e-07 0.001425201 0.39347646 0.008069136 0.0004484136 0.16725571 0.0055282917 0.0025933161 1.0025642e-05 5.763392e-05 1.6178352e-05 0.0023417468 0.00040277292 0.0022486055 0.01655265 3.1685931e-06 2.5900845e-06 0.004252351 0.21763 0.10359327 0.0691141 8.511273e-06 0.00012859222 5.381276e-07 0.0038845309 0.254769 3.4670363e-06 0.00021044127 0.0018542807 2.6039902e-07 0.5793619 0.0010522617 3.860249e-06 6.863564e-05 3.905339e-06 3.7794438e-05 1.6483184e-06 2.1289998e-06 0.31194526 0.004273343 0.029832708 0.013003634 0.0005796739 4.0856994e-05 0.044529773 9.828025e-06 8.1148555e-06 0.002924413 0.00014350795 5.6565932e-05 6.013604e-06 5.7710753e-05 6.469588e-05 0.22591084 2.4143404e-07 0.0003285168 1.903163e-06 1.7493201e-07
0.91997606 0.0002438372 0.0023916145 4.2815495e-06 0.04975084 2.7906486e-05 6.8509266e-06 0.09410274 1.1773914e-06 2.1349885e-07 0.019255454 0.00013753748 1.7727533e-07 5.840412e-07 0.97927153 0.047024313 0.00061951607 1.4064632e-05 0.44005537 3.589473e-08 0.37779075 0.62144333 0.012493671 8.8013136e-13 4.2586225e-06 4.0179568e-08 0.26153383 1.01823076e-07 0.671823 9.016437e-07 0.63584197 0.000552763 0.09080963 6.6490645e-07 0.0045754374 2.3695223e-07 6.1612897e-09 0.00059347844 0.13434684 0.96173006 4.84905e-08 0.08670611 4.68606e-07 5.714921e-07 0.056245223 0.0011611215 0.012123749 0.020613644 4.285821e-05 2.3384908e-05 0.63917065 7.50042e-08 6.4733925e-08 2.8462683e-08 0.00028328694 3.2042975e-05 0.7629558 9.6507556e-08 1.004894e-09 4.709675e-09 0.84235424 0.040065665 0.029368589 0.011153018 5.803683e-07 0.88101727 2.7914224e-09 0.02499687 0.029141448 2.2940475e-07 0.24431065 2.6091133e-05 2.867141e-07 0.008191549 1.8169023e-07 7.875019e-06 0.6638868 1.8217832e-05 0.34333342 3.1199698e-07 5.8651686e-08 0.022268968 0.0018058656 0.0046956586 0.00039195776 0.0006075967 0.0016184201 0.023399483 0.0001332838 3.772522e-05 0.002519115 0.00028344666 5.999927e-07 1.7162856e-05 0.17410158 0.7200914 0.0017208387 9.9187e-08 0.0005853338 0.00035855643 1.3931954e-06
0.7650716 0.004587448 0.00059665163 0.31531313 1.2203573e-05 0.2888941 0.03892867 3.3512064e-05 0.4854693 0.0032142384 0.00024143579 0.00021676907 0.61880887 0.9945592 1.6078044e-06 1.0296239e-08 0.046478886 0.03277982 1.4741231e-06 0.27306074 1.3947389e-06 4.52867e-06 0.0006131461 4.2586225e-06 2.8027471e-14 0.0064265593 3.156338e-07 0.11278147 2.087838e-07 0.46786824 1.3745488e-06 1.4018751e-07 3.3526208e-06 0.994294 0.0001309152 5.508816e-05 0.00028465103 6.261529e-05 1.2227514e-05 1.9194053e-08 0.000772971 8.785173e-07 0.21535188 0.24741459 4.805601e-06 0.017689638 1.7760429e-09 5.586252e-07 0.022939526 0.0005267433 1.156578e-06 0.003509145 3.359103e-07 8.261096e-07 0.00039802084 0.0032437702 2.7004219e-06 0.0021815412 8.519174e-06 0.0010795319 3.32481e-07 1.4512419e-05 2.5213885e-05 1.3464395e-05 9.889157e-08 7.089833e-08 7.7305833e-07 1.7795405e-07 2.5784064e-05 0.0014659931 3.206003e-07 0.0017041098 2.3955347e-06 0.0016644221 0.00016153092 2.233938e-08 2.7213122e-07 4.7335426e-08 5.7580354e-07 0.06959898 1.8051034e-08 0.00038014638 1.0072125e-06 1.1037407e-06 8.119923e-05 4.1922746e-10 1.62809e-06 3.0766753e-06 3.7700693e-07 8.333774e-06 2.67021e-07 1.660262e-05 7.5614866e-05 5.6074145e-09 1.7629302e-06 4.1382284e-10 0.009914985 0.00014484013 5.814996e-07 8.5755566e-08 1.7127677e-08
0.9619076 3.859349e-05 2.7907508e-06 0.011487749 1.5775166e-07 0.00065093767 4.683813e-05 1.4338592e-06 0.005028145 0.036707792 2.7287553e-05 1.2622894e-06 0.24718706 0.02570432 1.5290375e-08 1.9713063e-06 0.10631307 8.451061e-05 4.4436568e-08 0.94531906 6.298643e-07 3.023543e-07 0.00078006805 4.0179568e-08 0.0064265593 4.5908096e-13 1.2234383e-07 0.9276669 2.1958208e-08 0.000399705 2.7131377e-06 5.0270155e-05 2.3399978e-06 0.009425539 0.0024871074 0.69066447 0.94674295 2.1117923e-05 1.786976e-05 1.693572e-08 0.6235818 3.5641626e-06 0.29451573 0.0042080837 2.4213075e-06 0.09642625 6.452498e-08 1.2260651e-07 0.8895981 7.378014e-06 9.4866294e-08 0.3132804 0.32116222 0.41233516 2.0929376e-05 2.5378486e-05 8.6160526e-08 0.91681087 0.39199665 0.24152653 2.7657748e-07 5.344544e-05 8.902198e-06 0.00012103047 0.029156962 1.1743104e-05 0.12359099 6.3653755e-07 6.1596635e-05 0.07546875 1.5236787e-07 3.4593988e-05 0.02464196 0.002396865 0.7380624 0.0028392714 1.2172973e-06 0.0009276144 1.1906063e-05 7.5412936e-05 0.11197624 0.0012692668 6.0959264e-06 1.9615818e-05 2.7875694e-06 1.0300001e-06 5.3321096e-06 1.2931904e-06 3.5327903e-07 0.0064979456 6.3311186e-06 5.191652e-07 0.035008557 2.1277208e-06 0.00019765605 1.2254381e-08 0.018760383 1.502476e-05 1.6316136e-06 1.7701711e-06 2.6514244e-05
0.745736 3.531814e-05 0.00015304163 9.806029e-07 0.0006665928 4.718629e-06 9.446973e-07 0.0017866114 1.9189406e-06 1.259014e-07 0.0019845075 1.0277046e-05 3.3789684e-07 1.3458714e-06 0.25854892 0.33625185 0.0003615237 6.780761e-07 0.30010498 1.0632752e-07 0.9906037 0.9655399 0.0057948516 0.26153383 3.156338e-07 1.2234383e-07 1.0129131e-12 6.817615e-08 0.97681165 2.714402e-07 0.0070820116 0.24451177 0.6976563 1.2441787e-07 0.014076648 4.734825e-08 2.1098323e-08 2.0957059e-05 0.00029660368 0.008660623 1.3868821e-07 0.0004921355 3.649159e-07 1.5795172e-07 0.00013813956 0.00046361794 0.20487724 0.32847995 1.3271487e-05 4.7331568e-07 0.0029344494 4.500602e-08 8.549998e-08 5.5181246e-08 1.00322995e-05 1.2133445e-07 0.22741976 1.0806004e-07 1.2945377e-08 1.9862123e-08 0.010853256 0.11092738 0.10428493 0.22808206 2.1571967e-07 0.009606931 2.3850282e-08 6.1157225e-05 0.053410437 6.933273e-07 0.00017609878 9.411997e-06 3.3667856e-08 0.0055327374 2.5772076e-08 7.752348e-09 0.009457892 4.7207732e-07 0.0042980453 9.230269e-08 1.4523072e-08 0.03932994 0.029744156 0.029376948 7.7247023e-07 0.015820472 1.0325647e-05 0.000120761244 0.0008388978 2.20175e-05 0.019217493 1.914925e-07 5.864338e-07 0.0007617631 0.00040467162 0.22448118 0.0015695799 2.2580162e-09 0.004232133 0.000868265 8.1893296e-07
0.90820515 6.457125e-05 5.8189876e-06 0.013570775 8.7658705e-08 0.0020861158 9.650144e-05 6.5482595e-07 0.019025315 0.010006362 1.3569104e-05 1.4671693e-06 0.64043206 0.29498628 1.693421e-07 2.6314407e-07 0.020044964 7.508297e-05 8.416912e-08 0.97964495 3.5622514e-07 3.5056493e-07 0.0001301048 1.01823076e-07 0.11278147 0.9276669 6.817615e-08 2.979308e-13 3.7415703e-08 0.0008331938 1.3292151e-06 2.638926e-06 4.3697133e-07 0.1522272 0.00017014043 0.05973087 0.90775615 5.6878507e-06 2.4698852e-06 6.711031e-09 0.8122424 1.557908e-06 0.9549761 0.057940062 1.4390249e-06 0.013281668 7.8434265e-10 4.0351832e-08 0.32699218 4.569781e-06 1.931859e-07 0.71142614 0.02395237 0.047828414 2.7149199e-05 4.0638333e-05 9.779021e-07 0.22084999 0.381565 0.4418122 1.1360962e-07 4.5171314e-06 1.0117871e-05 2.202882e-05 0.014916569 9.875109e-07 0.0454842 1.4981919e-07 2.580367e-05 0.092908144 1.2474472e-07 2.4008992e-05 0.014271031 0.0013510657 0.087056264 0.00012675441 6.5894426e-07 0.000103929 9.5241177e-07 0.00101315 0.0068979007 0.0006763315 5.3467716e-07 3.6441288e-06 2.05508e-06 1.7233257e-08 6.707003e-06 3.334716e-06 2.0403526e-07 0.0012198298 8.019056e-07 2.1157098e-06 0.004550364 5.618046e-07 7.72182e-06 2.0080684e-09 0.0064104726 0.00017609878 2.0652995e-07 1.451392e-06 2.1990652e-06
0.9236222 2.8119113e-05 0.00016420115 2.312909e-07 0.0008944834 1.49722e-06 6.834381e-07 0.0031983838 3.4369225e-07 5.708403e-08 0.0016048563 2.5737632e-05 4.2188695e-08 1.5623694e-07 0.6433902 0.27597243 0.00012051332 8.17969e-07 0.28603747 1.6081984e-08 0.91193223 0.84656066 0.0054637208 0.671823 2.087838e-07 2.1958208e-08 0.97681165 3.7415703e-08 1.221592e-12 2.3300002e-07 0.02427687 0.07333153 0.87198484 5.4661143e-08 0.006390442 1.6700753e-08 2.5307885e-09 3.39178e-05 0.00081791566 0.080306046 1.8321453e-08 0.0017346505 1.1856975e-07 1.9321574e-07 0.0007226804 0.00053903006 0.6409806 0.8878601 5.016803e-06 5.247157e-07 0.02169742 8.329708e-09 1.495051e-08 2.2787678e-08 3.8134276e-06 3.2716719e-07 0.95663977 8.651026e-09 3.1091357e-10 2.3556135e-09 0.09270334 0.12831554 0.14454119 0.23756583 2.0629404e-08 0.12474916 9.75183e-10 0.00013775908 0.05440072 5.3081457e-08 0.001980436 3.6906797e-06 1.0832804e-08 0.005905497 3.243528e-09 7.1351125e-09 0.1006239 1.461811e-07 0.06320845 8.376505e-08 3.3167985e-10 0.042034794 0.049105804 0.027742302 4.7076655e-06 0.07591161 4.3196032e-05 0.00082213833 0.0025148785 5.0094304e-06 0.01792019 1.5001477e-07 2.6443135e-07 0.00014529903 0.0035003726 0.80197424 0.0018410591 4.787465e-09 0.0034551295 0.0011144337 4.8465694e-07
0.17074154 0.026287382 0.004678608 0.08930048 9.738863e-05 0.08324814 0.32499912 3.8228023e-05 0.11197444 0.00019427126 6.8520996e-05 0.15036441 0.005908967 0.11060593 2.2091401e-06 6.323337e-09 0.004119237 0.99832374 2.2710487e-06 0.0027316455 1.6343123e-06 2.8452127e-06 1.8683302e-05 9.016437e-07 0.46786824 0.000399705 2.714402e-07 0.0008331938 2.3300002e-07 3.964576e-16 0.00016463062 1.537131e-07 1.7064473e-07 0.23947437 7.85157e-06 0.00011138136 0.00010262586 0.21206225 0.00075519993 2.8213231e-05 0.00018480972 7.6456956e-05 0.0046071694 0.03892106 6.664562e-05 0.00228589 4.030066e-09 7.485143e-08 0.0009831078 0.7806878 4.9020116e-05 0.0002513853 3.9611175e-05 1.9765952e-05 0.23500192 0.921198 1.6849452e-06 4.7172856e-05 7.820416e-06 7.326028e-05 6.2119207e-06 1.7633337e-06 2.7308051e-06 3.4603787e-07 3.5129099e-06 1.5517196e-07 2.533927e-06 8.220039e-06 5.348026e-05 0.00062050653 4.597157e-06 0.6106322 5.7809875e-06 5.641288e-05 1.24501785e-05 5.49625e-06 1.5262857e-06 8.945039e-06 2.9175015e-07 0.9196092 1.9799752e-06 1.164784e-05 4.69052e-08 3.4173289e-07 0.0013432378 4.014523e-09 4.093521e-06 0.0016517632 1.9547815e-06 5.1724932e-05 1.6385105e-08 0.004642878 0.00014204964 8.682155e-08 4.3157434e-06 1.3681756e-08 0.00880478 0.0005064743 1.175868e-07 1.328261e-06 7.3435604e-06
0.8838702 0.029767238 0.46302378 0.0005117717 0.9767226 0.0010376817 0.0013680265 0.9138327 0.0001657752 4.257971e-07 0.3617525 0.045937702 1.0252202e-05 1.5383232e-05 0.46618298 0.002491213 0.011603671 0.00030808305 0.069982514 2.2498732e-06 0.021258602 0.034759562 0.065508634 0.63584197 1.3745488e-06 2.7131377e-06 0.0070820116 1.3292151e-06 0.02427687 0.00016463062 4.2491672e-13 8.849687e-05 0.005267903 2.673321e-07 0.017144209 1.0963385e-06 7.2599056e-07 0.0043296837 0.958227 0.938873 4.1220812e-07 0.6747611 1.2799565e-06 4.311506e-06 0.28689614 0.012039529 0.00018687357 0.0009055509 0.0012337357 0.0011989321 0.34732738 9.795206e-07 5.588223e-07 3.4318e-07 0.0022386443 0.00015060847 0.0051786136 2.7220209e-05 2.8006755e-09 9.684495e-09 0.33678842 0.005688055 0.0023693193 0.004330817 2.4155854e-06 0.03898336 2.3910576e-09 0.24430907 0.0024107308 6.2469155e-07 0.050093222 0.000345008 1.1577958e-07 0.021544134 2.2122002e-05 1.9852619e-06 0.040801927 2.6696242e-05 0.0005325716 1.089489e-07 5.7263417e-08 0.0144524025 0.0022839985 0.0010533114 0.005218424 5.751027e-05 0.009893355 0.24150229 8.862338e-05 0.00036763423 0.0007277156 0.0009865236 7.707866e-05 3.458416e-05 0.030385625 0.0005395328 0.0048621185 6.577011e-09 0.00052016857 0.0005392357 6.065447e-06
