2.9678453e-17 0.94972634 0.8286428 0.8132359 0.9462053 0.9741131 0.8947497 0.9235925 0.9727989 0.90196604 0.79835916 0.8630877 0.9262194 0.89718735 0.9663477 0.90850276 0.98984414 0.8670062 0.83415776 0.9197645 0.9372972 0.9330444 0.95618725 0.9371683 0.9739794 0.93001586 0.9398289 0.9646259 0.89213455 0.7812063 0.83385366 0.82306176 0.38879344 0.81842303 0.96817106 0.6460425 0.86997145 0.46429628 0.3507011 0.9429342 0.2567366 0.9895513 0.99394625 0.9998535 0.93982834 0.95327514 0.81902313 0.8686692 0.6531266 0.99408334 0.9188817 0.9477282 0.9944368 0.9590727 0.9523383 0.9761693 0.96083367 0.90238523 0.7377954 0.8874662 0.18099701 0.68692434 0.27467123 0.6001611 0.8153227 0.07663729 0.7408389 0.8664344 0.9827354 0.6499798 0.74136126 0.08580514 0.15066284 0.4473229 0.59954286 0.5047118 0.99971 0.75376546 0.9826775 0.99999994 0.9931051 0.7977119 0.7067106 0.4930773 0.012066663 0.082582384 0.37210542 0.39749086 0.0049274815 0.011972234 0.0008738548 0.0007002615 0.32043505 0.002004878 0.00012278408 0.97413987 0.010748823 0.005092806 0.5289356 0.45510522 0.093053795
0.94972634 9.2986606e-14 0.93559736 0.97507006 0.5476566 0.61159676 0.7921446 0.34472266 0.11703916 0.38413644 0.4007606 0.46014684 0.00892976 0.06429519 0.004180275 0.0024368193 0.5715802 0.237136 0.19609474 0.044621166 0.003905056 0.08819437 0.00026856546 0.17161983 0.00011221417 0.0030742208 7.995171e-05 0.22703649 0.0003749835 0.00053382106 2.7698085e-05 0.03902414 0.008269405 4.9582604e-06 2.3418717e-05 0.0072219986 3.872317e-06 0.0008939517 0.010553334 6.041337e-07 0.0001257348 0.0022230614 0.042153988 0.22037053 6.337794e-06 1.0539559e-05 5.7315083e-05 0.0056532496 0.021049766 0.00020770216 4.6819932e-06 3.2884684e-06 3.874286e-06 3.2231523e-07 1.6461536e-06 5.6325416e-07 0.00022699208 3.5735768e-06 3.0058516e-08 5.9150274e-08 0.0008763744 3.631173e-07 7.0401966e-06 9.054374e-06 4.3618247e-08 1.5169477e-06 1.1997075e-07 2.1886343e-07 2.5806411e-08 7.286343e-08 1.6169066e-07 6.977017e-07 0.00012412152 3.3219937e-08 2.5044463e-08 9.425914e-09 4.883483e-05 1.38179e-07 1.0524778e-06 0.06145686 1.1188253e-05 9.270788e-06 5.2302486e-08 4.8445752e-08 2.2088577e-06 4.6060836e-06 4.2103775e-06 8.119597e-07 7.580822e-07 1.1569432e-06 1.9035251e-07 4.9670252e-06 1.17360045e-07 2.4014152e-08 1.7597628e-07 3.0571932e-06 1.3562712e-07 3.708273e-05 2.9922674e-07 2.800996e-09 4.5999194e-08
0.8286428 0.93559736 1.6212109e-15 0.85579246 0.9785955 0.6912405 0.46429476 0.07281884 0.020148994 0.08901213 0.3423454 0.20512486 0.005234795 0.015928937 0.0028568108 0.0014266267 0.38025695 0.17690462 0.2560172 0.0076670134 0.0009942767 0.016143428 0.00027236994 0.089429155 0.00017190794 0.00055846066 0.00013200453 0.011027997 0.00035643103 0.0003020147 4.8082573e-05 0.014294275 0.0032580036 5.149878e-06 9.380205e-06 0.0026405626 5.472844e-06 0.00020719669 0.0073323506 3.7232678e-06 2.681883e-05 0.0005818417 0.0121311275 0.13106823 4.318601e-06 8.11361e-06 1.416482e-05 0.00027936057 0.0063401577 4.879037e-05 1.022515e-06 6.499941e-07 8.896222e-06 2.0701812e-06 4.8954615e-07 9.0838085e-07 3.129215e-06 4.5317347e-07 2.3586898e-08 3.1236706e-07 0.0002903273 5.172724e-07 3.4920436e-06 8.640938e-06 1.0167346e-07 6.7211766e-07 2.1823774e-07 1.14062985e-07 3.406862e-08 1.3304972e-08 2.1675582e-08 3.2238933e-07 1.9830393e-05 2.9051419e-08 1.0237896e-09 3.2547203e-09 3.8670638e-05 3.311235e-07 5.8464417e-07 0.06688867 1.2471503e-06 9.936826e-07 3.7148313e-09 5.059321e-09 3.903317e-06 2.1002927e-06 2.6701792e-07 3.7628762e-08 8.0137124e-07 3.674926e-07 5.119935e-07 1.8224433e-05 1.135331e-08 6.9307076e-09 3.852847e-07 4.8066664e-07 7.74586e-09 5.527041e-06 1.3324095e-08 6.0822307e-09 5.0735572e-08
0.8132359 0.97507006 0.85579246 7.9736726e-15 0.22939982 0.14510182 0.8984442 0.4440201 0.013861491 0.59872115 0.84455955 0.7759886 0.005715875 0.053902313 0.0008005319 0.00036902423 0.14733033 0.64515644 0.6326648 0.03689953 0.001888304 0.10940636 8.842465e-05 0.3145729 3.785392e-05 0.00030476513 1.3955419e-05 0.008841939 0.00023136317 0.00016802325 9.8113105e-06 0.05422294 0.017861346 1.1703721e-06 7.787605e-07 0.007136815 1.415663e-06 0.00087457267 0.02355869 4.6126175e-07 5.258971e-05 0.00029112856 0.00384981 0.026013492 1.6769764e-06 9.315772e-07 3.321414e-06 0.0024746389 0.025997559 1.1155715e-05 8.050138e-08 2.1918908e-07 1.0792147e-06 9.9193436e-08 1.0398596e-07 1.2341927e-07 2.1822523e-05 4.3738117e-07 3.9630024e-09 1.5403746e-08 0.0004586232 1.2895642e-07 1.8839205e-06 6.7377246e-06 1.703583e-08 2.015064e-06 4.6870678e-08 1.229235e-08 4.1117554e-09 4.9496496e-09 8.467275e-09 1.8309252e-07 7.610598e-06 2.6562748e-08 5.197746e-09 4.3676005e-09 2.2176815e-05 3.682572e-08 3.4486865e-07 0.014076716 4.1661774e-06 6.7496224e-08 3.5896697e-09 4.568754e-09 1.3855937e-06 2.5781271e-06 1.0705538e-06 4.763612e-08 3.8874006e-07 2.3076409e-07 6.6250216e-08 1.2585465e-06 1.6818516e-08 1.667582e-09 1.7061738e-07 2.2485217e-06 6.570946e-08 3.7343518e-06 3.4824488e-08 7.6193263e-10 2.9097894e-08
0.9462053 0.5476566 0.9785955 0.22939982 1.0580777e-15 0.9329802 0.09261162 0.022024965 0.008362395 0.023381298 0.058052793 0.041443218 0.0015981743 0.0039311806 0.001082834 0.0004325183 0.5960306 0.037909746 0.06613401 0.0022152269 0.00030456405 0.0047601936 8.482098e-05 0.036256388 8.805522e-05 0.00036466235 3.7532947e-05 0.010847442 9.439526e-05 5.997782e-05 2.606728e-05 0.005573444 0.0015970941 2.3082894e-06 5.1913385e-06 0.00067230774 2.2067375e-06 7.464973e-05 0.0031875693 1.1331385e-06 9.859634e-06 0.00063862535 0.014904192 0.37521803 3.6613899e-06 2.489176e-06 8.443975e-06 0.00014772445 0.0052414318 3.618404e-05 5.259522e-07 2.407856e-07 2.7595822e-06 4.1718883e-07 1.9438808e-07 1.0870605e-07 4.0104997e-06 6.332404e-08 1.599056e-08 5.9395486e-08 0.00045280333 1.4624706e-07 1.4044505e-06 1.5902191e-06 8.886675e-08 1.4890769e-07 9.2645394e-08 3.058905e-08 9.347265e-09 4.886687e-09 7.887823e-09 1.3267929e-07 4.3120635e-05 7.523198e-09 1.1201982e-09 7.9533546e-10 8.077894e-06 2.3981028e-07 3.1953107e-07 0.20482062 1.6786413e-07 5.888223e-07 5.930071e-09 5.960302e-09 2.4915157e-06 1.5424225e-06 1.0504007e-07 7.689001e-08 3.1053418e-07 2.9523957e-07 4.0128427e-07 9.086404e-06 1.933943e-08 7.2109065e-09 1.3768388e-07 1.6890259e-07 3.7003065e-09 8.579255e-06 3.0153547e-08 6.859045e-10 1.2835403e-08
0.9741131 0.61159676 0.6912405 0.14510182 0.9329802 1.4433004e-14 0.12432063 0.028121876 0.016173279 0.026262313 0.042861797 0.03233928 0.0032939157 0.0073710694 0.002235522 0.0008277023 0.9753702 0.018683035 0.031560358 0.0043875133 0.0005160675 0.0063666543 0.00020625726 0.017722726 6.721683e-05 0.0011216355 0.00013590026 0.07932234 0.00028480095 0.00020499653 5.3234693e-05 0.007808056 0.0014067589 9.173657e-06 2.7555128e-05 0.0020998542 5.1688808e-06 0.00027571674 0.002539731 1.7077114e-06 5.3598214e-05 0.0021054416 0.04792431 0.61748993 6.0837597e-06 9.52554e-06 3.547409e-05 0.00036955634 0.0033984096 0.00026440804 6.484935e-06 7.488117e-07 7.88658e-06 6.823915e-07 2.748323e-06 4.4722674e-07 8.00049e-06 1.9780614e-06 1.0507774e-07 3.4463588e-07 0.0003995891 1.1958915e-06 2.0656405e-05 6.504291e-06 3.3663122e-07 2.4346332e-06 5.3169794e-07 4.94207e-07 3.293992e-08 1.5427776e-07 2.2396861e-07 9.0394417e-07 0.00023157087 8.26303e-08 6.740886e-08 8.708605e-09 5.2312338e-05 2.186738e-07 5.844351e-07 0.3502301 2.6614653e-06 9.068657e-06 6.068433e-08 9.9435525e-08 1.4956595e-05 1.1815031e-05 5.5193086e-06 2.9774623e-07 7.2479547e-06 2.9101502e-06 2.7350663e-06 7.755524e-06 3.2892098e-07 1.4222658e-07 8.808705e-07 1.3158929e-07 4.751863e-07 0.00014874598 3.9666213e-07 3.9861035e-08 1.0093136e-06
0.8947497 0.7921446 0.46429476 0.8984442 0.09261162 0.12432063 6.1489438e-15 0.91965604 0.3175179 0.95540076 0.70851076 0.8580395 0.05987359 0.39353594 0.0036760797 0.0041710734 0.1561166 0.57408947 0.35713062 0.4306912 0.028885275 0.612089 0.0006372054 0.28969976 8.613898e-05 0.00086148834 4.8108723e-05 0.04492916 0.00045164532 0.0006703142 9.711293e-06 0.18332608 0.08034634 1.4529251e-06 5.281631e-06 0.04098673 7.6056455e-07 0.0043577864 0.037984632 3.2977533e-07 0.00043345214 0.0005328284 0.0050760433 0.04412275 1.0952778e-06 2.5565985e-06 5.436195e-05 0.031833615 0.05579966 1.966825e-05 4.27013e-07 3.3491614e-07 7.5383235e-07 1.10978284e-07 3.6333762e-07 2.7204584e-07 0.0017826952 6.802777e-07 6.537315e-09 2.8162008e-08 0.0012852805 1.1043641e-06 1.1290959e-05 2.041036e-05 2.821502e-08 7.295786e-06 3.8922433e-08 6.615122e-08 1.4696871e-08 1.109232e-08 3.1175176e-08 2.7682806e-06 0.00028762378 1.8274093e-08 1.2762046e-08 4.58913e-09 1.8941992e-05 8.921694e-08 4.0492634e-07 0.01634587 3.492157e-06 2.5986486e-07 7.30984e-08 3.1572757e-08 7.110696e-06 2.985243e-06 6.298364e-06 5.3512093e-07 1.4088681e-06 2.3821983e-06 2.6570967e-07 3.2404444e-06 4.5009045e-07 2.0581455e-08 1.0412385e-06 9.907366e-06 4.53296e-08 1.1387288e-05 1.3267385e-07 1.4487437e-08 4.9696308e-08
0.9235925 0.34472266 0.07281884 0.4440201 0.022024965 0.028121876 0.91965604 3.806376e-15 0.7281406 0.95154196 0.28698885 0.5909369 0.6712027 0.89313453 0.030662475 0.09600416 0.07741443 0.16183542 0.045978505 0.7517143 0.5588632 0.7770621 0.040674143 0.10644053 0.00046208093 0.007761522 0.00033894728 0.10293876 0.013437817 0.009771792 4.5083754e-05 0.18869661 0.08146144 1.0576149e-05 3.9681236e-05 0.22814591 6.244488e-06 0.05691443 0.043538447 1.9967836e-06 0.0044568274 0.0022389165 0.009112521 0.03202461 2.5558938e-06 9.435219e-06 0.00024223472 0.21658826 0.07860614 0.0001627601 2.3633127e-06 9.877153e-07 5.3047856e-06 2.69876e-07 2.2783006e-06 7.407868e-07 0.031657718 1.0227666e-06 4.7077734e-08 1.468724e-07 0.0010813484 1.3911535e-06 1.0824012e-05 2.142456e-05 6.394352e-08 7.80477e-06 9.846619e-08 9.8315496e-08 3.284694e-08 3.8765215e-08 1.0983609e-07 2.3559721e-06 0.0035773844 5.598911e-08 2.1110438e-08 1.3007973e-08 5.861543e-05 1.7675875e-07 6.6316875e-07 0.008640382 3.1453865e-06 2.4211607e-07 2.7373286e-08 6.3626956e-08 2.4829938e-05 3.840072e-06 1.0647314e-05 1.0800404e-06 1.5532275e-06 2.974308e-06 7.6701536e-07 9.593532e-06 3.0084686e-07 3.3109174e-08 8.530756e-07 3.4091406e-06 2.0338075e-07 2.1610329e-05 1.5508438e-07 9.645009e-09 3.7330807e-08
0.9727989 0.11703916 0.020148994 0.013861491 0.008362395 0.016173279 0.3175179 0.7281406 8.8296874e-15 0.30469793 0.0151764965 0.046831958 0.8791489 0.6511099 0.8816465 0.86055845 0.14326243 0.008474697 0.001664342 0.27270418 0.36938646 0.046884704 0.45102012 0.0006488252 0.045261465 0.26971972 0.05601394 0.8182324 0.08410771 0.03898153 0.0010865808 0.018809568 0.004308734 0.00081169495 0.0015320037 0.034527432 0.0006735024 0.037701238 0.0030027463 8.197895e-05 0.02938712 0.036331482 0.1462284 0.1826698 8.9974106e-05 0.00033467784 0.00074649416 0.05398693 0.0025051516 0.003070242 0.0005120896 8.705475e-05 0.00028135462 2.4955987e-06 2.1936852e-05 1.0264905e-06 0.019402456 3.529228e-05 7.8626783e-07 1.0838705e-06 9.25499e-05 1.2095182e-05 0.00015018736 0.00031548348 6.14561e-07 9.1288726e-05 6.2194376e-06 3.1227726e-06 3.3439085e-07 3.2216667e-06 2.761654e-06 1.3019459e-05 0.0010003939 1.8139114e-06 7.307313e-07 2.5633352e-07 0.00033108008 2.0749703e-06 1.4554879e-06 0.0301121 5.871799e-05 3.9599618e-05 3.0572952e-08 3.6361514e-06 0.00018577189 1.6231406e-05 6.8426765e-05 3.5738168e-07 9.801162e-06 1.0539971e-05 1.2847651e-06 1.4448811e-05 1.086849e-07 2.708023e-07 1.0480264e-05 1.1963511e-06 2.0554523e-06 0.00056317414 2.2333812e-07 1.0699705e-07 6.1869446e-07
0.90196604 0.38413644 0.08901213 0.59872115 0.023381298 0.026262313 0.95540076 0.95154196 0.30469793 6.8583085e-15 0.5083063 0.8719964 0.16084231 0.57992935 0.0046594986 0.009635077 0.054557584 0.4608832 0.15880415 0.66786414 0.1995509 0.856 0.0035588392 0.23506445 0.00016782996 0.002017867 3.5079403e-05 0.03806972 0.0012651013 0.0013771114 5.9159356e-06 0.37926376 0.17686999 5.939024e-07 7.908625e-06 0.1675283 1.0673712e-06 0.022894643 0.09463213 4.6533543e-07 0.0012371985 0.00061729364 0.0039647236 0.01934613 8.882942e-07 2.8453944e-06 5.1523322e-05 0.13080975 0.122886546 1.7127293e-05 2.7599043e-07 2.0806345e-07 9.824965e-07 1.0968807e-07 5.3384156e-07 3.6074846e-07 0.012092122 2.3230778e-07 1.5395933e-08 3.8110752e-08 0.00208856 1.0600793e-06 6.1672185e-06 1.7862025e-05 2.080965e-08 3.3922631e-06 3.0519466e-08 3.582995e-08 1.0171298e-08 1.1680126e-08 2.1876108e-08 2.3476803e-06 0.0037991207 9.5870885e-09 1.0607507e-08 5.0826787e-09 2.1561067e-05 8.9693664e-08 3.5365625e-07 0.007950414 8.386525e-07 7.428862e-08 8.6812575e-09 1.897069e-08 1.5429425e-05 5.549198e-06 7.218486e-06 8.032152e-07 9.947323e-07 1.9185125e-06 5.9857996e-07 1.42636145e-05 1.88029e-07 1.8838252e-08 1.1497968e-06 4.044172e-06 9.219958e-08 1.9757641e-05 3.6338285e-08 5.840996e-09 3.5236535e-08
0.79835916 0.4007606 0.3423454 0.84455955 0.058052793 0.042861797 0.70851076 0.28698885 0.0151764965 0.5083063 2.2324935e-16 0.9785047 0.0012594614 0.014714742 0.00023921492 0.00025866582 0.06199634 0.85995346 0.74319756 0.026477752 0.00034383312 0.3332312 2.3518785e-05 0.53984976 9.192014e-06 0.00011051385 2.0865232e-06 0.004290694 2.9787916e-05 2.6212594e-05 5.5432076e-07 0.15665117 0.103430726 2.6685688e-08 1.18377464e-07 0.009314649 3.9361336e-08 0.0009289378 0.07615772 2.630581e-08 7.037985e-05 4.6156674e-05 0.0012158089 0.02153042 1.0520067e-07 9.052827e-08 2.7402934e-06 0.00455906 0.05100789 1.8604987e-06 6.7290294e-08 8.2454754e-08 5.4719226e-07 9.968157e-09 2.2211834e-08 3.457504e-08 9.086288e-05 5.4856038e-08 3.3972292e-10 2.4975284e-09 0.0030906226 1.6776521e-07 1.8680691e-06 2.2496865e-06 1.406915e-09 1.0313831e-06 1.8534724e-09 4.9584847e-09 1.3962406e-09 1.2045441e-09 3.2775143e-09 3.7375779e-07 5.7914862e-05 1.5967724e-09 1.0121053e-09 4.0105716e-10 2.8561159e-05 5.4745737e-09 6.480385e-08 0.015796095 3.673197e-06 1.14607744e-07 1.8723685e-09 2.6884355e-09 1.3630238e-06 7.324183e-07 1.1079223e-06 3.4339624e-08 2.6952e-07 4.0537228e-07 4.1798472e-08 1.5470378e-06 2.0017712e-08 2.9836813e-09 1.3596554e-07 4.0013574e-06 9.289094e-09 5.267426e-06 9.97044e-09 7.5748124e-10 2.8054552e-09
0.8630877 0.46014684 0.20512486 0.7759886 0.041443218 0.03233928 0.8580395 0.5909369 0.046831958 0.8719964 0.9785047 2.2650578e-15 0.008296756 0.22177978 0.00084954686 0.00076384295 0.0525905 0.79315656 0.54509354 0.34859854 0.004491446 0.735471 0.0001175613 0.57581675 6.17343e-05 0.00045506173 7.1037352e-06 0.011473795 0.00015855837 0.00015576839 2.3920693e-06 0.43913564 0.2670535 1.3275776e-07 7.3282496e-07 0.059821777 2.1816616e-07 0.0032955387 0.16286108 1.10573026e-07 0.00032400028 0.00022389356 0.0024594 0.019332804 3.1335136e-07 3.3016457e-07 1.8561454e-05 0.037703622 0.16098732 7.014268e-06 1.4422378e-07 1.2331455e-07 4.827808e-07 5.0589854e-08 1.9948259e-07 9.41785e-08 0.00138759 1.557772e-07 2.5924156e-09 8.633931e-09 0.0059625404 3.971701e-07 3.4013924e-06 3.779114e-06 3.1754885e-09 2.0483003e-06 5.67334e-09 2.0895358e-08 4.482404e-09 5.182075e-09 1.1964915e-08 1.7163256e-06 0.0016572376 4.515966e-09 5.920295e-09 2.5502387e-09 2.7539443e-05 5.717578e-08 2.9105095e-07 0.01142477 1.369246e-06 1.13065084e-07 1.2521198e-08 7.588931e-09 8.185547e-06 3.414363e-06 2.8832408e-06 5.206071e-07 7.62759e-07 7.713638e-07 5.128453e-07 1.6449698e-05 9.146463e-08 1.96607e-08 7.677083e-07 6.239613e-06 4.373563e-08 1.3656331e-05 2.9435387e-08 1.8267462e-09 1.22617445e-08
0.9262194 0.00892976 0.005234795 0.005715875 0.0015981743 0.0032939157 0.05987359 0.6712027 0.8791489 0.16084231 0.0012594614 0.008296756 1.7371894e-16 0.92635244 0.25536132 0.646417 0.021088762 0.0013403835 0.00015075317 0.65198416 0.914733 0.24874933 0.79106814 0.00065079395 0.013820077 0.026231613 0.042455837 0.16383728 0.22089392 0.12964009 0.0001779657 0.00594062 0.005504749 6.5916305e-05 0.00020937492 0.11114354 2.5203764e-05 0.1471863 0.0026690518 3.0379617e-06 0.16904292 0.0072381953 0.011734837 0.011617074 1.0054903e-05 7.5343382e-06 0.0005354378 0.19723308 0.00421417 0.00041722986 2.5100884e-05 6.102819e-06 3.1986492e-05 2.0775434e-07 1.7544249e-06 3.730488e-07 0.090313606 2.5497977e-06 1.2791747e-07 1.5011653e-07 9.429134e-05 9.350323e-07 1.4105197e-05 6.786151e-05 5.2548966e-08 6.9583084e-06 2.0939736e-07 1.4633761e-07 3.2312418e-08 1.364356e-07 3.4235393e-07 2.5526103e-06 0.010808052 5.4378926e-08 7.6480326e-08 1.9907256e-08 3.0787993e-05 1.801467e-07 1.9659528e-07 0.0046802745 3.1902148e-06 6.58013e-07 2.3245324e-08 1.4361027e-07 0.00022667409 4.7513854e-06 3.120339e-05 9.628233e-08 1.1077495e-05 5.856701e-06 7.5039725e-07 2.6366117e-06 1.2965219e-08 1.7795193e-08 1.9224722e-06 8.485585e-07 1.1884961e-07 5.614838e-05 2.8223723e-09 8.336511e-09 5.9300143e-09
0.89718735 0.06429519 0.015928937 0.053902313 0.0039311806 0.0073710694 0.39353594 0.89313453 0.6511099 0.57992935 0.014714742 0.22177978 0.92635244 3.1034844e-17 0.03923827 0.18275209 0.025336126 0.019442022 0.0012888566 0.9320501 0.89424366 0.69643664 0.24434218 0.012913092 0.00096801936 0.009137353 0.0021313585 0.08816019 0.056581814 0.04138418 2.5058811e-05 0.097402096 0.05793585 2.3729403e-06 1.9142295e-05 0.27633777 2.588156e-06 0.16579467 0.018347558 8.3122825e-07 0.045264777 0.0017574822 0.006580061 0.010901238 1.217078e-06 2.9933478e-06 0.00020272363 0.2705642 0.029158581 0.00011861903 2.3437074e-06 6.0444364e-07 3.982281e-06 7.7182705e-08 8.38104e-07 2.8128846e-07 0.053462617 4.343886e-07 1.7215154e-08 3.9964032e-08 0.00031296807 5.583296e-07 4.648939e-06 1.909724e-05 8.064934e-09 2.27376e-06 1.5044423e-08 3.0979272e-08 7.763431e-09 1.7936816e-08 3.035436e-08 1.6059671e-06 0.020304315 3.100006e-09 5.1421116e-09 7.986722e-10 2.4183455e-05 2.6388731e-08 1.08577574e-07 0.0030632976 6.487648e-07 1.3019248e-07 4.81854e-09 9.998052e-09 4.674509e-05 1.0726693e-06 4.530432e-06 5.2124715e-08 2.4647347e-06 6.0676024e-07 3.7633373e-07 3.5122066e-06 1.728082e-08 1.1758181e-08 9.673888e-07 1.4318252e-07 3.7220037e-08 2.3901071e-05 1.9311994e-09 6.392382e-10 2.8939082e-09
0.9663477 0.004180275 0.0028568108 0.0008005319 0.001082834 0.002235522 0.0036760797 0.030662475 0.8816465 0.0046594986 0.00023921492 0.00084954686 0.25536132 0.03923827 1.0631472e-15 0.9757468 0.055484995 0.00042435396 5.430371e-05 0.007389915 0.028032815 0.0023018154 0.28460115 8.452338e-06 0.42701462 0.73665076 0.11978101 0.7328403 0.077145256 0.024224985 0.012843339 0.001493627 0.00036534827 0.0076634237 0.014686849 0.004463101 0.006470049 0.00855912 0.00030993667 0.0012952765 0.02411671 0.23840258 0.23227002 0.12325908 0.0013693449 0.0019142926 0.00236215 0.007059887 0.00021299745 0.023363035 0.003950061 0.0018209553 0.0043115867 1.6487767e-05 0.00012740851 6.2683125e-06 0.032748077 4.353786e-05 2.6431271e-06 5.1977636e-06 2.8508746e-05 1.3243354e-05 0.00057190924 0.00045256803 1.0107392e-06 7.2974384e-05 1.2682062e-05 1.0270855e-05 3.6050894e-06 3.5860685e-06 8.984691e-06 8.77318e-06 0.00066780654 1.1013003e-06 8.709328e-07 3.3092556e-07 0.0021437486 6.995996e-06 2.9411101e-05 0.05576222 0.00030143087 0.00046304308 2.090466e-07 9.57828e-07 0.00030507246 2.745339e-06 1.4700174e-05 1.8996399e-06 2.08877e-05 2.9754556e-05 3.93577e-06 8.412419e-06 4.403882e-08 1.9545688e-08 6.8166337e-06 1.3500095e-06 1.1791111e-07 0.0004896529 3.775205e-08 4.2283417e-09 2.8318697e-08
0.90850276 0.0024368193 0.0014266267 0.00036902423 0.0004325183 0.0008277023 0.0041710734 0.09600416 0.86055845 0.009635077 0.00025866582 0.00076384295 0.646417 0.18275209 0.9757468 2.525552e-16 0.011279321 0.00014768404 3.348293e-05 0.04785498 0.21300313 0.0072794436 0.7941792 5.615509e-06 0.83501613 0.4164991 0.3598166 0.28011233 0.3187549 0.116319545 0.06530071 0.00088960544 0.00058543787 0.024621502 0.04722079 0.00940825 0.018111477 0.02455106 0.0001488277 0.0041817855 0.1203019 0.068698235 0.044927903 0.03139001 0.0011695605 0.002306759 0.008117411 0.047689028 1.5776626e-05 0.011926279 0.0030431016 0.00080760184 0.0017272683 1.5329659e-05 0.00018596296 8.50196e-06 0.18687874 5.7224308e-05 1.4889769e-06 5.727096e-06 3.307566e-06 0.0001395118 0.0007772582 0.00037956075 1.4241803e-06 7.642801e-05 1.3098893e-05 6.4545666e-06 2.9732787e-06 1.9701993e-06 3.354463e-06 2.5946398e-05 0.0011701523 1.2636565e-06 5.2670015e-07 1.8040683e-07 0.0007736337 9.857519e-06 2.2949513e-05 0.0105999345 3.3590262e-05 5.9715225e-05 5.581818e-08 1.1388935e-06 0.0008048332 4.7238514e-06 4.442321e-05 2.0595013e-07 3.6066904e-05 4.7980928e-05 7.8431585e-06 1.3428593e-05 7.994483e-09 6.8199164e-08 4.1027193e-05 2.8882067e-07 1.3494642e-07 0.0006335758 4.745971e-09 3.3680492e-09 6.5161636e-09
0.98984414 0.5715802 0.38025695 0.14733033 0.5960306 0.9753702 0.1561166 0.07741443 0.14326243 0.054557584 0.06199634 0.0525905 0.021088762 0.025336126 0.055484995 0.011279321 6.7831987e-13 0.04275292 0.04599219 0.01539606 0.007354091 0.019983798 0.0033676245 0.036171965 0.0019182481 0.011959646 0.0010148612 0.20118907 0.0013104897 0.00087190105 0.00069358957 0.014912708 0.009078025 0.000105053354 0.00033388368 0.0059731943 5.629416e-05 0.0011391874 0.0041070473 3.933108e-05 0.00085904147 0.0030872468 0.08339984 0.88979787 0.0001252298 0.00010316144 0.00017497249 0.0039375215 0.011604893 0.00047486855 8.555337e-05 2.6069893e-05 3.158684e-05 1.0775184e-05 3.0302346e-05 1.0358609e-05 0.00043298406 1.2799619e-05 7.910061e-07 2.8490279e-06 0.0022936629 2.948939e-06 4.1991232e-05 3.7109225e-05 1.4755534e-06 1.0175534e-05 2.9415912e-06 6.1695314e-06 2.0477514e-06 5.173509e-07 4.1156964e-06 9.980824e-06 0.0020246003 2.9351474e-07 2.886125e-07 7.982892e-08 5.998674e-05 8.635023e-06 8.228618e-06 0.18905064 8.661548e-06 2.5121333e-05 8.7305786e-08 5.203167e-07 2.131337e-05 8.973892e-06 1.9968511e-05 1.9338065e-06 1.2596205e-05 6.6765433e-06 1.2896139e-06 4.837736e-05 7.816206e-07 6.363667e-08 6.0495204e-06 1.858456e-06 5.2946797e-07 0.0019772062 8.504437e-07 4.579466e-06 1.8721015e-06
0.8670062 0.237136 0.17690462 0.64515644 0.037909746 0.018683035 0.57408947 0.16183542 0.008474697 0.4608832 0.85995346 0.79315656 0.0013403835 0.019442022 0.00042435396 0.00014768404 0.04275292 6.6426584e-16 0.9724962 0.06931422 0.00030788948 0.40657228 1.66673e-05 0.92879903 5.4905763e-06 5.387967e-05 1.496118e-06 0.0041122893 2.6317895e-05 6.252948e-05 5.214632e-07 0.40440723 0.33899108 3.5854562e-08 8.244957e-08 0.026581688 5.2654517e-08 0.0010064412 0.22859201 3.8579632e-08 6.0173188e-05 3.390053e-05 0.0013292425 0.015934132 6.082605e-08 7.941433e-08 2.4067645e-06 0.009057064 0.13994013 1.4818089e-06 3.2219493e-08 6.8855826e-08 1.9256383e-07 4.1665785e-08 1.238918e-07 3.662874e-08 7.443363e-05 1.5601852e-07 5.0985443e-09 1.1393507e-08 0.010877218 4.4877976e-07 3.5365408e-06 4.115143e-06 3.2416603e-09 9.2515745e-07 8.621457e-09 2.4537911e-08 2.8550808e-09 1.2960226e-08 2.2060597e-08 1.8460803e-06 0.00042467337 1.3990804e-08 5.705722e-09 2.8973492e-09 1.6942597e-05 1.5261996e-08 1.1351248e-07 0.009118641 7.619214e-07 7.080886e-08 1.2352536e-09 3.498425e-09 3.054722e-06 4.5616603e-06 6.401702e-07 5.494641e-08 1.5302638e-07 2.0736677e-07 2.0629551e-07 1.1355775e-05 1.605719e-08 1.0379408e-08 1.01076175e-07 2.1613223e-06 2.3264443e-08 1.3480082e-05 1.3596299e-08 5.2128935e-10 5.580059e-09
0.83415776 0.19609474 0.2560172 0.6326648 0.06613401 0.031560358 0.35713062 0.045978505 0.001664342 0.15880415 0.74319756 0.54509354 0.00015075317 0.0012888566 5.430371e-05 3.348293e-05 0.04599219 0.9724962 1.884918e-15 0.0036072046 2.112203e-05 0.09396885 2.6022012e-06 0.96265185 2.6165688e-07 2.3176729e-06 2.4623887e-07 0.00028430053 3.1883596e-06 5.964974e-06 1.8323679e-07 0.23217665 0.14436284 5.465225e-09 1.05272475e-08 0.007872385 3.6106746e-09 0.00036654528 0.15337622 1.0759354e-08 1.8606506e-05 4.0449972e-06 0.00020427875 0.022706466 1.493666e-08 1.8274859e-08 3.175407e-07 0.0013046775 0.071159065 1.2595665e-07 2.2192523e-08 2.4936453e-08 1.0857778e-07 7.4142505e-09 1.6908897e-08 6.156943e-09 1.5264539e-05 2.5182414e-08 4.832527e-10 2.1251827e-09 0.00643993 4.380804e-07 1.3813544e-06 9.316455e-07 1.2591531e-09 6.1925704e-07 3.9998103e-09 1.0601378e-08 8.1143664e-10 3.6433345e-09 2.503829e-09 6.6622994e-07 2.1816304e-05 2.2359363e-09 6.8817546e-10 4.7173865e-10 1.0395582e-05 1.6988091e-09 3.1468087e-08 0.017505037 2.9763737e-06 6.0584284e-08 1.0459493e-09 3.908355e-09 1.8456684e-06 1.4714011e-06 1.4433606e-07 1.9729471e-09 1.4602506e-07 3.3649258e-07 4.4505356e-08 7.773188e-07 1.3901315e-09 2.5456168e-09 2.1355464e-07 8.676639e-07 9.327604e-09 1.931292e-05 8.59827e-09 1.8744641e-11 1.9100477e-09
0.9197645 0.044621166 0.0076670134 0.03689953 0.0022152269 0.0043875133 0.4306912 0.7517143 0.27270418 0.66786414 0.026477752 0.34859854 0.65198416 0.9320501 0.007389915 0.04785498 0.01539606 0.06931422 0.0036072046 3.5267434e-17 0.9139311 0.9052618 0.12578629 0.039832894 0.0004828442 0.0031130346 0.0006336612 0.03461764 0.055677507 0.0643042 7.144199e-06 0.3606716 0.24996427 6.451246e-07 9.425273e-06 0.58514464 6.81793e-07 0.36635667 0.09964871 2.7533795e-07 0.09276168 0.0007544303 0.0030371768 0.005036765 1.3399775e-06 1.0826568e-06 0.00012650229 0.34959868 0.06445182 3.3679054e-05 9.058229e-07 4.4957653e-07 1.0749376e-06 4.904412e-08 1.7971462e-07 1.0976279e-07 0.06314537 2.4207267e-07 9.548055e-09 1.4435635e-08 0.0008186758 6.177482e-07 6.4029196e-06 7.1624754e-06 1.6693992e-09 4.031968e-06 4.0153196e-09 9.649738e-09 2.8143734e-09 4.497674e-09 1.4011555e-08 2.317547e-06 0.036875438 1.3002509e-09 4.666549e-09 4.5393317e-10 1.186658e-05 2.7528426e-08 5.1506635e-08 0.0028406635 6.5719706e-07 6.884427e-08 2.3740752e-09 5.4494453e-09 6.355004e-05 4.216638e-06 5.527479e-06 3.1722273e-08 4.9455853e-06 7.8206205e-07 3.4957068e-07 7.1715594e-06 2.6595496e-08 1.2436086e-08 8.085585e-06 4.908776e-07 1.5927438e-07 4.160569e-05 2.0866355e-09 6.57518e-09 1.0911771e-08
0.9372972 0.003905056 0.0009942767 0.001888304 0.00030456405 0.0005160675 0.028885275 0.5588632 0.36938646 0.1995509 0.00034383312 0.004491446 0.914733 0.89424366 0.028032815 0.21300313 0.007354091 0.00030788948 2.112203e-05 0.9139311 2.441034e-15 0.5030554 0.75878656 0.00026653544 0.005903884 0.0072600483 0.03245147 0.055192124 0.7262367 0.57348955 5.7121637e-05 0.054899585 0.035430465 5.5667633e-06 7.4132055e-05 0.71886635 7.372963e-06 0.6979612 0.0097023565 2.2850334e-06 0.6367682 0.0016834205 0.00316845 0.0036112645 1.6371461e-05 5.8153764e-06 0.00023928315 0.6585162 0.021237412 0.00024102698 4.904609e-06 1.036882e-05 1.4592247e-05 2.625302e-07 1.9783236e-06 8.2071017e-07 0.39195442 1.4006986e-06 8.4618705e-08 2.2163769e-07 0.00034692296 3.3623e-06 0.00019358307 7.0897084e-05 2.3059942e-08 5.6767345e-05 1.5813832e-07 1.6151773e-07 2.601422e-08 1.1896392e-07 3.2778803e-07 1.1932855e-05 0.19399083 5.09323e-08 1.271477e-07 1.417661e-08 1.304102e-05 5.59688e-07 7.2678785e-07 0.0040442836 9.918356e-07 2.0488814e-07 1.9543226e-08 6.7029745e-08 0.0013870527 5.669052e-05 9.298286e-05 1.5753741e-07 7.431743e-05 1.811074e-05 1.1635256e-06 2.100372e-05 8.0496314e-08 1.6483759e-07 8.106429e-05 3.1128802e-06 1.3963892e-06 0.00025043392 1.0326743e-08 8.4024116e-08 8.625491e-08
0.9330444 0.08819437 0.016143428 0.10940636 0.0047601936 0.0063666543 0.612089 0.7770621 0.046884704 0.856 0.3332312 0.735471 0.24874933 0.69643664 0.0023018154 0.0072794436 0.019983798 0.40657228 0.09396885 0.9052618 0.5030554 2.6207946e-16 0.011217762 0.5500908 9.045195e-05 0.00073777075 7.6482334e-05 0.012809754 0.015997427 0.013406304 7.888189e-06 0.9153203 0.68480384 3.5071204e-07 1.9521099e-06 0.81495196 1.09452124e-07 0.51342994 0.5458646 3.4139916e-08 0.024959655 0.00019556523 0.0010878192 0.005210616 6.3327457e-07 8.908291e-07 1.547459e-05 0.40069944 0.20620671 4.915149e-06 1.2098873e-07 1.6512126e-07 1.00826824e-07 3.906076e-08 9.399331e-08 5.977222e-08 0.018759506 1.3451277e-07 9.215646e-09 9.4544905e-09 0.015620186 7.478902e-07 9.826151e-06 6.156025e-06 7.3911893e-10 5.858349e-06 8.960504e-09 5.580772e-09 7.508271e-10 5.660013e-09 1.0241222e-08 1.7901614e-06 0.051245745 1.1750036e-09 7.760485e-09 7.484278e-10 3.646434e-06 5.4618003e-08 8.6117815e-08 0.003632256 1.755363e-07 5.7827023e-08 7.583746e-10 5.3259206e-09 0.00025950937 3.3571737e-06 2.069519e-05 7.188033e-08 8.848315e-06 1.9221861e-06 3.7263246e-07 0.0001451395 7.594828e-08 8.678658e-09 6.560643e-05 9.0533916e-07 6.7084903e-07 8.057033e-05 3.5932113e-09 6.88687e-08 4.871883e-08
0.95618725 0.00026856546 0.00027236994 8.842465e-05 8.482098e-05 0.00020625726 0.0006372054 0.040674143 0.45102012 0.0035588392 2.3518785e-05 0.0001175613 0.79106814 0.24434218 0.28460115 0.7941792 0.0033676245 1.66673e-05 2.6022012e-06 0.12578629 0.75878656 0.011217762 3.8295774e-15 1.3940992e-06 0.35084125 0.08266833 0.9059438 0.13761944 0.9439447 0.7997324 0.0065909266 0.0016865659 0.0011001704 0.002610364 0.050200585 0.1240961 0.0007604772 0.1747687 0.0010218302 0.00012703592 0.7744404 0.018847644 0.013680018 0.00877421 0.00013852133 7.794181e-05 0.008411417 0.1153939 0.0007284985 0.0018123077 0.0001843763 0.00011640785 0.00020636705 1.960754e-06 3.1548934e-05 2.367827e-06 0.4337859 1.6003323e-05 6.255637e-07 1.4170446e-06 3.858352e-05 5.0473984e-05 0.0007248885 0.0019291455 1.206089e-07 0.00018704492 2.79986e-06 1.237589e-06 1.581448e-07 7.253476e-07 1.1311972e-06 2.016957e-05 0.016248576 1.08191e-07 1.307448e-07 1.4031078e-08 4.3448512e-05 1.837598e-06 7.2933614e-07 0.0052109985 2.2709903e-06 1.2395473e-06 2.4301073e-08 1.4849557e-07 0.0038705857 6.637062e-06 0.00010317462 7.0990616e-08 0.00018350956 0.00013660194 1.6701852e-06 2.9990567e-06 8.909921e-09 1.1095113e-08 1.11548525e-05 6.774711e-07 2.6393602e-07 0.00032738334 1.071638e-09 4.0036037e-09 6.48104e-08
0.9371683 0.17161983 0.089429155 0.3145729 0.036256388 0.017722726 0.28969976 0.10644053 0.0006488252 0.23506445 0.53984976 0.57581675 0.00065079395 0.012913092 8.452338e-06 5.615509e-06 0.036171965 0.92879903 0.96265185 0.039832894 0.00026653544 0.5500908 1.3940992e-06 3.9580823e-14 1.7417435e-06 1.0305022e-06 4.33622e-07 0.0002816886 1.2946335e-05 2.2797949e-05 2.3931747e-07 0.8753722 0.7025822 7.091601e-09 1.7673285e-08 0.14649948 7.275326e-09 0.0107013695 0.7858486 1.7402044e-08 6.137475e-05 1.5252263e-06 6.5455504e-05 0.012533291 1.0477514e-07 7.7603254e-08 8.2616157e-07 0.015525391 0.26681337 2.5434101e-08 2.5521183e-08 1.06992895e-08 6.4389836e-09 2.4728385e-08 2.5070365e-08 2.979094e-08 0.00024107387 2.8763061e-08 7.799482e-09 2.6666696e-09 0.066123 6.8340347e-07 2.7345684e-06 3.1856637e-06 1.7622316e-09 1.2214769e-06 1.3363798e-08 4.146748e-09 4.423923e-10 4.480198e-09 3.064872e-09 1.125537e-06 0.0015009184 5.473446e-09 6.030813e-09 1.6722672e-09 2.0562406e-06 2.262846e-08 4.7840082e-08 0.0077726403 3.6850156e-07 7.76158e-09 5.2978943e-10 3.0712857e-09 9.6491085e-06 1.6853858e-06 2.9826933e-06 1.4223004e-08 2.481292e-07 2.8055904e-08 5.439718e-08 5.159245e-05 6.4703403e-09 1.1094791e-09 8.550907e-07 8.1075797e-07 1.634067e-07 4.3568096e-05 2.1581472e-09 5.1454346e-10 1.2592618e-08
0.9739794 0.00011221417 0.00017190794 3.785392e-05 8.805522e-05 6.721683e-05 8.613898e-05 0.00046208093 0.045261465 0.00016782996 9.192014e-06 6.17343e-05 0.013820077 0.00096801936 0.42701462 0.83501613 0.0019182481 5.4905763e-06 2.6165688e-07 0.0004828442 0.005903884 9.045195e-05 0.35084125 1.7417435e-06 2.1493466e-14 0.90825063 0.9421968 0.32268515 0.23771523 0.07554512 0.7757924 0.00012802336 1.7233284e-05 0.6526352 0.69728905 0.0011387698 0.41411656 0.0056794826 4.251649e-05 0.104406975 0.0315698 0.5612748 0.11585117 0.043410365 0.01394783 0.021424642 0.15583536 0.004486895 2.2274658e-05 0.058221262 0.015601727 0.0055759 0.0070974138 0.00014121221 0.0010295048 5.6652363e-05 0.2958319 0.0020568026 3.2112268e-05 2.0738875e-05 6.606945e-06 0.0046105045 0.014212764 0.03303341 3.8466296e-06 0.0024377839 0.0001278534 1.4461935e-05 3.908558e-06 1.3935735e-05 1.44495825e-05 0.00057501777 0.0004194663 2.4952133e-06 1.8391671e-06 1.0970026e-06 0.0014214552 0.00035880323 2.0523234e-05 0.032892685 0.00069054693 0.00051615684 3.4919216e-07 8.1536075e-07 0.0014858498 1.0157867e-05 0.0028789 1.626929e-06 0.0007522251 0.001507753 5.9250517e-05 7.484582e-07 1.3705446e-08 3.4686405e-08 2.921434e-06 8.501883e-07 2.1834681e-07 0.0013214258 1.0232548e-09 5.0613864e-09 3.9955577e-08
0.93001586 0.0030742208 0.00055846066 0.00030476513 0.00036466235 0.0011216355 0.00086148834 0.007761522 0.26971972 0.002017867 0.00011051385 0.00045506173 0.026231613 0.009137353 0.73665076 0.4164991 0.011959646 5.387967e-05 2.3176729e-06 0.0031130346 0.0072600483 0.00073777075 0.08266833 1.0305022e-06 0.90825063 4.6330486e-14 0.1646034 0.92196226 0.10245025 0.016157309 0.2803872 0.0005713259 6.606118e-05 0.17985483 0.09141897 0.002468606 0.23078535 0.0032180266 3.7370508e-05 0.21917613 0.00913903 0.9101752 0.3969446 0.06635822 0.13887943 0.15233816 0.03055739 0.0022192972 4.5758034e-06 0.12524381 0.113739714 0.033317346 0.027301045 0.0076437937 0.012278487 0.0039269803 0.024133915 0.0042955126 0.00049546047 0.0006943622 1.4237302e-05 0.0014231568 0.0039305827 0.0024801071 6.328701e-05 0.00073942187 0.0005600028 0.0008851704 0.0007824989 0.00025194956 0.0005963706 0.00012710923 0.0013844909 1.9843314e-05 1.82349e-05 8.777105e-06 0.012566299 0.00057758886 0.0013269145 0.03452965 0.0012729557 0.0034430563 4.891763e-06 2.5194283e-06 0.0008694184 1.8732224e-05 0.0011013241 3.9844068e-05 0.0006027166 0.0012462493 1.1001084e-05 2.4532263e-05 3.0031124e-06 1.6065928e-07 8.522267e-05 9.491734e-06 2.0803846e-07 0.009823135 9.025152e-07 1.2881292e-06 3.423721e-06
0.9398289 7.995171e-05 0.00013200453 1.3955419e-05 3.7532947e-05 0.00013590026 4.8108723e-05 0.00033894728 0.05601394 3.5079403e-05 2.0865232e-06 7.1037352e-06 0.042455837 0.0021313585 0.11978101 0.3598166 0.0010148612 1.496118e-06 2.4623887e-07 0.0006336612 0.03245147 7.6482334e-05 0.9059438 4.33622e-07 0.9421968 0.1646034 9.765215e-17 0.077000394 0.8413357 0.58057994 0.46344042 0.00019545075 1.7979726e-05 0.2884653 0.91337925 0.002896956 0.10298684 0.012429412 0.0001280545 0.011809744 0.52494824 0.076901995 0.012827872 0.005907445 0.002343484 0.0015567653 0.24360223 0.015750507 2.0461674e-05 0.0067501636 0.0021572374 0.0012372846 0.0016493014 4.514442e-05 0.00025576592 3.243077e-05 0.56521964 0.00018771055 5.830603e-06 1.4236312e-05 3.1979368e-06 0.00209873 0.012952506 0.029122682 9.4631133e-07 0.0015295089 2.9679202e-05 7.376607e-06 1.2432043e-06 7.111394e-06 5.1104644e-06 0.00027891307 0.0011937751 2.04928e-07 5.348026e-07 1.0850505e-08 0.00028703027 0.00010098219 2.4721465e-05 0.0041907327 1.8403418e-05 1.7023447e-05 4.3141746e-08 6.8396224e-07 0.0033170078 4.3549594e-06 0.0021940223 5.0951326e-07 0.00025642168 0.00077930995 9.3558985e-05 1.9092231e-07 8.198301e-09 1.0218457e-07 1.9862619e-06 1.7616143e-06 5.608166e-08 5.950988e-05 1.1814759e-09 1.4655295e-09 4.862247e-08
0.9646259 0.22703649 0.011027997 0.008841939 0.010847442 0.07932234 0.04492916 0.10293876 0.8182324 0.03806972 0.004290694 0.011473795 0.16383728 0.08816019 0.7328403 0.28011233 0.20118907 0.0041122893 0.00028430053 0.03461764 0.055192124 0.012809754 0.13761944 0.0002816886 0.32268515 0.92196226 0.077000394 4.474937e-13 0.112145536 0.020166086 0.028603707 0.009681117 0.0012264876 0.019769339 0.03431723 0.00761229 0.023423897 0.0101516815 0.0009057582 0.02434032 0.008232991 0.5546091 0.96178746 0.39677498 0.06505874 0.036421455 0.0054310206 0.016529001 0.0006478828 0.07866723 0.040363543 0.023155803 0.011861433 0.0043387176 0.004590661 0.003994402 0.018932594 0.0016108704 0.00042334103 0.00048181173 4.4049975e-05 0.0003820614 0.0010522587 0.00060256146 8.2112754e-05 0.00021207945 0.00041659808 0.0012045162 0.0015272788 0.00015635641 0.00023262404 0.000115666524 0.0038073377 4.4451343e-05 1.2013812e-05 1.51139475e-05 0.0051937997 0.0006270815 0.0026870482 0.014959941 0.0005122368 0.0023133382 3.1800541e-06 3.7831618e-05 0.0009010004 8.944198e-05 0.00014078555 7.184919e-05 8.94128e-05 0.00014545764 1.0294831e-05 7.2208306e-05 5.899543e-07 1.1795672e-06 0.000385881 1.5701697e-05 1.9935223e-06 0.0024415809 1.691665e-05 2.0455937e-07 5.888408e-07
0.89213455 0.0003749835 0.00035643103 0.00023136317 9.439526e-05 0.00028480095 0.00045164532 0.013437817 0.08410771 0.0012651013 2.9787916e-05 0.00015855837 0.22089392 0.056581814 0.077145256 0.3187549 0.0013104897 2.6317895e-05 3.1883596e-06 0.055677507 0.7262367 0.015997427 0.9439447 1.2946335e-05 0.23771523 0.10245025 0.8413357 0.112145536 6.146874e-17 0.97836363 0.015391034 0.0006117434 0.0009091536 0.008944361 0.32013428 0.043843184 0.0026054198 0.21969011 0.0009921956 0.00024855067 0.89636 0.060670838 0.016366841 0.0047867475 0.0006817277 0.00026936267 0.04864156 0.14241688 0.003382119 0.008957998 0.0025029795 0.0005560678 0.0006145124 3.5027267e-06 2.6368696e-05 4.0047516e-06 0.55615854 5.5428663e-06 4.9866395e-07 1.4911253e-06 0.00029877012 2.499344e-05 0.0006683755 0.0023822086 1.4104361e-07 0.00020206737 3.7336198e-07 9.129849e-07 1.813369e-07 5.93796e-07 1.029034e-06 1.2778068e-05 0.05450206 1.8689576e-07 1.4698462e-07 4.0165776e-08 0.00019268261 8.779914e-07 8.108072e-06 0.008216849 2.8706048e-05 5.2484734e-07 9.6602214e-08 7.8739376e-08 0.01185976 5.311382e-06 0.00047605677 1.41709e-07 0.0006032897 0.0006503292 1.8531217e-06 1.9501831e-05 7.610068e-08 1.3580956e-08 6.120553e-05 3.76024e-06 1.0126895e-07 0.0026466637 1.5984425e-07 8.7553176e-10 4.150675e-08
0.7812063 0.00053382106 0.0003020147 0.00016802325 5.997782e-05 0.00020499653 0.0006703142 0.009771792 0.03898153 0.0013771114 2.6212594e-05 0.00015576839 0.12964009 0.04138418 0.024224985 0.116319545 0.00087190105 6.252948e-05 5.964974e-06 0.0643042 0.57348955 0.013406304 0.7997324 2.2797949e-05 0.07554512 0.016157309 0.58057994 0.020166086 0.97836363 1.2912651e-16 0.002110395 0.0030944298 0.0019265828 0.0014732946 0.06268695 0.11831874 0.0011063006 0.360385 0.003191437 0.000204741 0.9807931 0.004090378 0.0013935077 0.0011989395 8.061029e-05 8.546024e-05 0.018495774 0.2416819 0.0048520043 0.0006361993 7.516135e-05 2.438608e-05 7.105846e-05 1.1478171e-06 1.439929e-05 8.076326e-07 0.69317776 2.4025165e-05 3.144278e-07 1.6694557e-06 0.00039004296 7.330193e-05 0.00042835856 0.0011452226 8.956766e-08 0.0001226066 4.714776e-07 6.812873e-07 8.1728246e-08 2.515401e-07 3.8586347e-07 1.6430335e-05 0.075077824 1.5793606e-07 5.7817317e-08 4.4188084e-08 2.1300204e-05 9.02078e-07 1.3352704e-06 0.003023052 1.8914959e-06 7.625178e-08 1.7583547e-08 1.7932608e-08 0.014390656 5.850996e-06 0.00068462046 6.004884e-09 0.00046602808 0.00049847306 2.5141817e-06 0.00014238532 1.1274825e-08 8.844277e-09 0.00016719925 5.066394e-07 3.839391e-08 0.0017843569 1.8797548e-08 3.7055855e-11 1.4907108e-09
0.83385366 2.7698085e-05 4.8082573e-05 9.8113105e-06 2.606728e-05 5.3234693e-05 9.711293e-06 4.5083754e-05 0.0010865808 5.9159356e-06 5.5432076e-07 2.3920693e-06 0.0001779657 2.5058811e-05 0.012843339 0.06530071 0.00069358957 5.214632e-07 1.8323679e-07 7.144199e-06 5.7121637e-05 7.888189e-06 0.0065909266 2.3931747e-07 0.7757924 0.2803872 0.46344042 0.028603707 0.015391034 0.002110395 2.941572e-17 3.038285e-05 3.105054e-07 0.991152 0.78840625 5.6416535e-05 0.6652832 0.00034314636 1.2626826e-05 0.33587137 0.0025247512 0.3303689 0.0155393835 0.0138178365 0.030977903 0.123251155 0.2994494 0.00025402397 3.0556132e-06 0.02748324 0.011885887 0.0034554673 0.004648596 9.8971155e-05 0.0046910015 4.9549017e-05 0.08598342 0.02264228 1.8607712e-05 1.1153724e-05 3.6167546e-07 0.085746065 0.051981334 0.1632335 1.9574713e-06 0.012039322 4.5077348e-05 5.8761257e-06 1.2146824e-06 3.5284656e-06 3.7756301e-06 0.0092509715 0.00015462385 9.561321e-07 2.9675857e-07 8.2852944e-07 0.0010457436 0.0065365518 2.82981e-06 0.008783516 7.404161e-05 0.00011004731 4.585081e-08 3.1958546e-06 0.0005725253 3.011408e-05 0.0187074 1.6075677e-07 0.00017901185 0.000991889 0.00013312233 8.0682196e-07 3.761269e-08 2.299847e-06 2.0379014e-06 5.059989e-08 7.005954e-07 0.0002023908 7.550694e-10 1.1467196e-08 2.3235726e-10
