5.4643905e-17 0.85711026 0.88426155 0.8258918 0.8081567 0.86473095 0.9229639 0.8794497 0.810002 0.9096854 0.9441697 0.8641725 0.94752145 0.97524834 0.9158227 0.9535649 0.80765307 0.9219507 0.9789232 0.96433693 0.962938 0.87079906 0.74661034 0.9626187 0.46085653 0.80399287 0.9213653 0.9563758 0.9906696 0.8370062 0.749289 0.6899087 0.9781712 0.35012895 0.9436954 0.95826435 0.6242355 0.90399647 0.8532084 0.8187445 0.9667318 0.8670467 0.94575167 0.7975277 0.9644367 0.16257633 0.9854767 0.96331906 0.9627376 0.99341774 0.27710903 0.9998214 0.6202253 0.8573877 0.9113893 0.9615371 0.87363964 0.7706482 0.98601204 0.9655718 0.943135 0.30714315 0.9809583 0.796986 0.9908208 0.48036095 0.92690605 0.050631735 0.70690876 0.81775737 0.8309571 0.5394794 0.23546141 0.7925354 0.004277028 0.017226474 0.98029435 0.65930974 0.27892998 0.030657103 0.51963943 0.62053883 0.0047676424 0.011080492 0.98096204 0.57419986 0.99867284 0.23234688 0.0054102987 0.99999917 0.0016580519 0.50074834 0.014021068 0.95327014 0.5811462 0.628554 0.15735154 0.0016362675 0.0008650255 0.1429618 0.00014464081
0.85711026 1.3360497e-14 0.8477932 0.93399304 0.88056785 0.9083401 0.5933725 0.087464735 0.9401499 0.13190295 0.58287036 0.56831145 0.7582351 0.6163865 0.0054905848 0.0011388534 0.46171507 0.084660105 0.05971701 0.026083853 2.3945424e-05 0.00045481836 0.2748515 0.000579725 0.20773852 0.033896726 0.0001060769 1.1745182e-06 0.077648945 2.7199421e-05 0.14436938 0.0030245483 9.448942e-06 3.161984e-05 0.0001001484 2.1886304e-07 0.0995867 0.0044981423 9.4025455e-07 8.472658e-08 0.0071016457 7.9646725e-08 1.00024444e-07 1.5765127e-06 4.8109956e-05 0.007791971 4.7381203e-05 5.074622e-08 1.0843058e-06 0.0019435864 0.00026813496 0.013655687 1.2698287e-06 3.6539927e-07 4.7991062e-08 2.426763e-08 4.382565e-08 1.8023118e-06 4.1799476e-06 4.78797e-08 1.2135864e-07 5.310341e-07 1.1156085e-07 1.3082062e-09 7.534147e-07 1.849138e-07 4.4202393e-09 1.9622375e-06 4.069646e-09 1.936182e-09 4.1522883e-09 4.4654713e-10 2.235241e-09 4.6625273e-09 1.2467895e-05 9.40155e-07 1.06993925e-08 2.4605107e-09 6.331982e-08 6.168657e-07 6.916666e-10 2.2135864e-09 5.5890314e-06 3.6059798e-06 5.2528822e-08 3.3449572e-09 2.3700838e-06 2.778352e-08 2.135854e-09 0.010237504 6.165005e-07 2.3139766e-09 5.380339e-10 1.4511019e-07 7.46057e-08 3.2976573e-08 1.5938825e-08 1.3013091e-07 2.0255413e-08 5.3531307e-10 3.5323455e-07
0.88426155 0.8477932 1.05333816e-14 0.50335276 0.23028801 0.9388589 0.9515219 0.6212888 0.50001824 0.67188203 0.84735715 0.27418798 0.3049069 0.60487145 0.1286228 0.094184995 0.047670092 0.011579605 0.016276818 0.1357249 0.0018520433 0.0056392257 0.33548555 0.0032042963 0.18606587 0.19685465 0.0016596495 2.3093584e-05 0.028394558 0.00084617786 0.12202899 0.030072814 0.00014089634 0.0013576607 0.0011600108 4.6629702e-06 0.17971687 0.15533996 6.3127e-06 1.4082018e-06 0.013978177 1.3094116e-06 1.3679866e-06 4.9784052e-05 0.0061924085 0.004796014 0.00023472148 1.9854965e-06 7.673135e-06 0.0033474008 0.008149306 0.00713611 6.377562e-06 7.9990593e-07 3.8760504e-07 5.625005e-07 3.065998e-07 4.2377687e-05 1.321362e-05 5.185502e-07 4.0656704e-07 2.9810437e-06 7.565763e-07 2.4840421e-08 6.148846e-07 1.3136266e-06 2.0967063e-08 3.251398e-05 4.0238085e-08 1.6084407e-08 4.3808846e-08 1.7943238e-09 7.538237e-09 3.620048e-08 9.0589885e-05 1.4037495e-05 3.9617497e-08 1.5583895e-08 9.819065e-07 6.945036e-06 7.2815185e-09 1.069725e-08 0.00011450675 3.4019617e-05 2.1680431e-07 1.4339041e-08 4.9686223e-06 2.1731353e-07 4.5761347e-08 0.0060197157 3.322965e-07 1.8330542e-08 5.7469527e-09 5.277343e-07 5.252622e-08 4.3121082e-07 8.3542e-08 7.407381e-07 8.3907173e-07 2.2019817e-08 1.4769092e-06
0.8258918 0.93399304 0.50335276 9.25244e-16 0.9702949 0.59990937 0.21583027 0.044897012 0.6547681 0.18240753 0.5099504 0.22616813 0.9215484 0.18243033 0.0021326283 0.00087735656 0.16373172 0.03264586 0.016445346 0.013415665 1.0643638e-05 0.00016520468 0.35888276 0.00086678733 0.40712795 0.04394148 4.4511835e-05 4.494432e-07 0.03584249 1.4570553e-05 0.21636839 0.0044847718 4.086469e-06 4.5220906e-05 4.198863e-05 1.613493e-07 0.17283309 0.006515283 4.9932163e-07 6.1740565e-08 0.0052298103 7.0228616e-08 1.2454464e-07 1.9991635e-06 3.2108008e-05 0.026412107 2.496709e-05 1.4248283e-08 1.6095035e-07 0.001971504 0.00073820964 0.0108774 1.7097452e-06 3.2426348e-07 2.3718632e-08 4.8195254e-08 1.0390407e-07 7.4250024e-06 3.753504e-06 7.051303e-08 1.0611985e-07 6.1818724e-07 8.1296655e-08 3.739785e-09 2.8992537e-07 7.8995373e-07 1.0858352e-08 5.3188637e-06 1.35644145e-08 3.3611056e-09 1.18796805e-07 1.3580559e-09 1.6608345e-08 1.2053375e-08 3.6018675e-05 7.64178e-07 1.5521392e-08 9.293081e-09 2.2219238e-07 3.28852e-07 4.556093e-09 6.0076224e-09 2.934185e-05 1.1198158e-05 7.754363e-08 3.7883837e-08 1.5406656e-06 5.157715e-07 5.6716985e-08 0.004303958 2.6177293e-07 2.6050553e-09 1.0978408e-08 6.0159266e-08 7.2865234e-08 4.987417e-08 5.5117155e-09 1.0655551e-07 2.5220775e-08 5.169476e-10 7.0955416e-08
0.8081567 0.88056785 0.23028801 0.9702949 2.324563e-16 0.35845873 0.061470293 0.0037644203 0.6509736 0.010519774 0.14619064 0.15473665 0.95452535 0.15877692 0.00033092007 5.6212346e-05 0.20815252 0.050227825 0.02707114 0.002812835 3.0605568e-06 4.571535e-05 0.18245271 0.00010518277 0.1315927 0.013519054 8.940075e-06 8.103795e-08 0.039930545 2.428664e-06 0.108978204 0.0007610497 1.6921635e-07 1.3534701e-05 5.3029853e-06 9.64236e-09 0.096086256 0.000765713 1.1083232e-07 4.5866275e-09 0.0006738002 7.5550775e-09 2.3658133e-08 2.2878471e-07 3.921417e-06 0.011961301 3.4864167e-06 5.972148e-09 8.188944e-08 0.0003163512 3.0235204e-05 0.013026708 1.6908867e-06 4.3174623e-07 2.3290992e-08 9.245312e-09 1.3849872e-08 1.5349124e-06 7.657027e-07 1.5729833e-08 4.63674e-08 2.3668345e-07 1.0981131e-08 9.243014e-10 2.8564398e-07 3.191939e-07 1.0901428e-09 1.4953634e-06 2.119835e-09 6.6788985e-10 1.3519522e-08 1.5177419e-10 2.0065831e-09 2.1760325e-09 1.6392209e-05 5.865905e-07 3.0781588e-09 1.0807333e-09 4.3534055e-08 5.0270296e-07 5.277089e-10 2.2331775e-10 1.0175048e-05 3.8487506e-06 1.049563e-08 2.679891e-09 1.0833044e-06 1.15609225e-07 2.0364956e-09 0.007993673 3.6444743e-07 1.3326623e-10 5.011719e-10 7.077578e-08 1.14596816e-07 2.2697872e-09 8.9314073e-10 3.3139645e-07 3.244272e-08 3.6178338e-11 6.243329e-07
0.86473095 0.9083401 0.9388589 0.59990937 0.35845873 1.8968063e-14 0.9196635 0.44734508 0.8812471 0.40354493 0.57164055 0.7363939 0.27698427 0.8539222 0.082657896 0.021431545 0.3862208 0.05712408 0.084288225 0.25227228 0.0004949077 0.0035553805 0.18748187 0.0035754144 0.08605866 0.08133863 0.0006923818 3.924906e-05 0.0876905 0.00043933833 0.078283206 0.00877137 0.00012032796 0.0003836626 0.0008684704 7.220924e-06 0.078717396 0.045612965 6.9194975e-06 1.7875018e-06 0.021405583 1.3567894e-06 9.9355e-07 4.046249e-05 0.00075034436 0.0019213315 0.00028028578 1.2941404e-06 9.3449535e-06 0.0038047354 0.00074744935 0.016929282 9.500918e-06 1.9272081e-06 4.1590215e-07 4.7711075e-07 5.7109594e-07 1.8729508e-05 1.7505054e-05 2.6658387e-07 6.137539e-07 2.6570324e-06 4.7153245e-07 8.916807e-09 1.6534874e-06 7.171009e-07 1.8887901e-08 6.2610834e-06 3.341745e-08 1.8854069e-08 2.9200859e-08 9.0787206e-10 6.4649e-09 3.773614e-08 1.4116541e-05 5.3164804e-06 5.717556e-08 1.265387e-08 2.6286992e-07 3.6613828e-06 3.0171252e-09 6.143664e-09 1.8364235e-05 5.6564495e-06 3.555107e-07 5.503703e-08 4.4617937e-06 1.5876907e-07 3.6655436e-08 0.009714505 2.8640912e-07 1.6930812e-08 4.418427e-09 5.547978e-07 1.6348619e-07 3.0253892e-07 2.1887793e-08 5.721263e-07 4.1261285e-07 7.802889e-09 1.1500283e-06
0.9229639 0.5933725 0.9515219 0.21583027 0.061470293 0.9196635 1.061215e-14 0.9063041 0.44531417 0.72988486 0.7560186 0.352915 0.13709113 0.7524089 0.7070048 0.39063007 0.05011795 0.016891303 0.027216919 0.6827784 0.023674529 0.07106299 0.21149136 0.026193365 0.10827612 0.3138163 0.013083407 0.00023426997 0.066026546 0.008065451 0.08846998 0.07642241 0.00046101137 0.0029877124 0.0055995467 3.7380272e-05 0.14917816 0.31683183 4.906581e-05 9.478147e-06 0.06495617 6.106237e-06 3.4526374e-06 0.00024911025 0.025570413 0.0021601997 0.00091704173 5.129194e-06 1.6295306e-05 0.009925098 0.010686862 0.019049415 1.0053274e-05 2.1400472e-06 2.3786183e-06 2.0304153e-06 1.5365908e-06 3.4134886e-05 5.2660063e-05 1.146641e-06 1.7882484e-06 7.043636e-06 1.6871996e-06 4.6458762e-08 3.726461e-06 2.1699184e-06 8.059003e-08 3.5656805e-05 1.9039847e-07 5.630406e-08 6.103954e-08 4.996221e-09 2.6951472e-08 1.1647673e-07 4.346853e-05 1.6812079e-05 1.05650486e-07 5.3660475e-08 5.8805574e-07 4.530437e-06 7.702796e-09 1.9042577e-08 3.687596e-05 1.4457662e-05 2.6155905e-07 4.0373852e-08 9.041084e-06 3.6961237e-07 1.04312925e-07 0.007820245 7.6972626e-08 4.1546592e-08 4.7206647e-09 8.3986424e-07 1.3188327e-07 2.0038905e-07 7.2379045e-08 9.2130716e-07 1.4033218e-06 1.830322e-08 3.9950524e-07
0.8794497 0.087464735 0.6212888 0.044897012 0.0037644203 0.44734508 0.9063041 2.0938203e-16 0.05309896 0.9259626 0.7171858 0.062185083 0.014900418 0.32686785 0.94514024 0.8821516 0.010787178 0.003360276 0.007974512 0.60271794 0.20412078 0.12413188 0.09884672 0.03378372 0.066353425 0.23957306 0.028466122 0.001011016 0.021804294 0.025357354 0.030315703 0.14440486 0.0008814143 0.051220156 0.006075524 1.5925858e-05 0.03492868 0.311731 4.1097916e-05 4.2484326e-06 0.055436958 4.0335444e-06 2.3751206e-06 0.0001670413 0.033646714 0.00076648494 0.00086832134 1.4392267e-06 3.9737115e-06 0.007525305 0.0347576 0.008034237 3.5382138e-06 4.4141353e-07 2.7703327e-06 5.74354e-07 3.7536773e-07 1.535988e-05 4.887681e-05 2.3528476e-07 1.4340683e-06 1.9100125e-06 4.949593e-07 3.7900026e-08 4.0781338e-06 1.1714017e-06 2.8373089e-08 8.143645e-05 2.861488e-08 6.417478e-09 8.606654e-09 1.5149544e-09 3.2186245e-09 1.8826075e-08 4.15135e-05 1.0640858e-05 1.8316213e-08 2.258836e-08 2.5903773e-07 1.7786763e-06 1.6352873e-09 6.1314074e-09 9.531088e-05 3.5795954e-05 3.389537e-08 7.0206085e-09 3.0707658e-06 5.976813e-08 2.4135243e-08 0.0033531582 5.0623253e-08 5.222311e-09 7.3768797e-10 3.0553437e-07 8.2801e-08 3.324301e-08 1.8566507e-08 3.5425103e-07 3.8806698e-07 8.216032e-10 1.4943477e-07
0.810002 0.9401499 0.50001824 0.6547681 0.6509736 0.8812471 0.44531417 0.05309896 6.479502e-13 0.03639779 0.097624406 0.9645259 0.34951895 0.6931526 0.0052066473 0.0016477355 0.89601165 0.32698134 0.21873872 0.00882866 0.00010642121 0.00017826296 0.042424202 0.0005556591 0.013783748 0.009165705 0.00028945424 2.3616805e-05 0.12670419 4.6336394e-05 0.03357122 0.0009906186 8.437998e-05 2.1869193e-05 0.00033389102 4.4869616e-06 0.024434602 0.0013261308 1.7030903e-05 1.6360793e-06 0.008724259 2.5261288e-06 1.5592457e-06 6.555511e-06 6.4373903e-06 0.0007322836 0.00014670924 1.49109e-06 7.934673e-06 0.0032161397 8.474648e-06 0.024071412 6.4419105e-06 1.4109171e-06 8.78852e-08 8.077281e-07 6.8700473e-07 4.6680248e-06 1.2008063e-05 4.9682785e-07 5.277807e-07 3.4213738e-06 6.3370595e-07 8.082906e-09 2.3894086e-06 1.1123159e-06 1.5663101e-08 2.022667e-06 3.1336555e-08 1.3348489e-08 5.958077e-08 1.6531599e-09 4.4281485e-08 1.2116303e-08 8.209259e-06 1.1079889e-06 3.9190535e-08 7.2096e-09 2.0042212e-07 1.1857287e-06 1.0467641e-08 3.153416e-09 2.9859564e-05 3.890711e-06 2.633964e-07 1.3453825e-08 6.5983063e-06 3.481021e-08 2.4576072e-09 0.012944453 3.613207e-07 3.417169e-09 3.3011086e-10 5.584888e-07 1.186666e-07 4.1512923e-08 2.1136465e-08 2.409781e-07 9.054087e-08 2.2200597e-09 9.794375e-07
0.9096854 0.13190295 0.67188203 0.18240753 0.010519774 0.40354493 0.72988486 0.9259626 0.03639779 3.0781465e-17 0.92697126 0.029635698 0.030870924 0.16296071 0.67497873 0.9380201 0.0062119067 0.0019948299 0.005654118 0.20342511 0.123755574 0.024882628 0.3941215 0.006790159 0.28267124 0.55106246 0.020919904 0.00027394027 0.014397383 0.022021241 0.14631428 0.36158854 0.00029177897 0.08358877 0.002577444 5.7796096e-06 0.090555504 0.4761867 6.9588064e-06 8.639598e-07 0.026750337 7.230333e-07 8.540109e-07 7.4200376e-05 0.036285084 0.0025856819 0.00035677606 3.3889373e-07 1.7490523e-06 0.0042849444 0.058015313 0.004831247 2.5724073e-06 1.87169e-07 4.169005e-07 9.2705136e-08 8.624455e-08 6.5528857e-06 1.0802212e-05 9.548132e-08 4.949589e-07 6.427615e-07 1.13346864e-07 8.900664e-09 1.0177498e-06 4.616521e-07 7.827723e-09 6.8037254e-05 4.303029e-09 1.3594919e-09 2.6036298e-09 2.3499805e-10 4.7982046e-10 3.8880046e-09 6.9235735e-05 8.146733e-06 5.1595106e-09 3.1032896e-09 2.5170615e-07 1.4127739e-06 3.9214948e-10 1.9905346e-09 0.00027241727 2.9239247e-05 1.6053667e-08 1.9827517e-09 9.475938e-07 2.712941e-08 1.5097745e-08 0.0027695533 3.4760916e-08 1.4701826e-09 1.7667954e-09 1.10592644e-07 1.5631525e-08 3.2902246e-08 1.6940568e-08 3.7039464e-07 1.2526114e-07 1.1767284e-09 2.0275891e-07
0.9441697 0.58287036 0.84735715 0.5099504 0.14619064 0.57164055 0.7560186 0.7171858 0.097624406 0.92697126 3.1891767e-16 0.06305119 0.47055885 0.1803589 0.2460016 0.47306648 0.013412773 0.0044625434 0.006292417 0.037926715 0.010359415 0.0037888195 0.9162046 0.0019583914 0.78046083 0.78545886 0.0049582585 2.2401751e-05 0.017576441 0.0036391455 0.6672235 0.45713285 0.000119493285 0.022040462 0.00044529777 1.6880011e-06 0.31833768 0.47389618 1.0058807e-05 4.7217952e-07 0.010559834 1.5421612e-07 2.2484028e-07 7.268555e-06 0.0055263387 0.029359851 0.00011149157 4.981325e-07 2.035588e-06 0.0016506562 0.05759118 0.005139016 2.9585335e-06 1.9871112e-07 2.1148776e-07 6.123545e-08 1.18152e-07 5.7625703e-06 4.564663e-06 1.2547156e-07 4.1481994e-07 1.5705687e-06 9.883631e-08 1.26275905e-08 3.124192e-07 3.3136232e-07 7.731453e-09 0.00010738178 8.013215e-09 1.7515887e-09 2.6629847e-09 6.849357e-10 1.8771493e-09 4.3408663e-09 0.00014383199 8.588309e-06 7.259732e-09 6.813087e-09 1.9281254e-06 3.6523538e-06 5.114147e-09 8.121478e-09 0.00062615465 8.736389e-05 8.9581675e-08 2.3981963e-09 4.7298448e-07 1.0702439e-07 3.1084375e-09 0.0045644064 3.4890223e-07 6.7543575e-09 1.0295822e-09 2.1562937e-07 6.362951e-08 1.4513594e-07 2.1806756e-07 6.522385e-06 2.429844e-07 3.7005695e-08 1.0510815e-06
0.8641725 0.56831145 0.27418798 0.22616813 0.15473665 0.7363939 0.352915 0.062185083 0.9645259 0.029635698 0.06305119 2.727425e-13 0.13700338 0.97456837 0.009658532 0.0041573667 0.9070553 0.45341265 0.442563 0.06501176 0.00055831636 0.0020982237 0.031388953 0.0042856294 0.006225704 0.010198209 0.00061384024 0.00015769759 0.26846012 0.00024357362 0.016558591 0.0022206628 0.00016071499 3.7288915e-05 0.0020853458 2.5653579e-05 0.017579064 0.002552811 2.471951e-05 6.479662e-06 0.09018655 6.610992e-06 2.277977e-06 7.3763986e-05 6.16397e-05 0.0005061148 0.0008500315 4.786998e-06 1.5739011e-05 0.021776019 4.6787813e-05 0.096850604 1.1013302e-05 2.4317326e-06 3.1058432e-06 9.616876e-07 7.418204e-07 7.905245e-06 0.00013605278 4.0558027e-07 6.028746e-06 3.90162e-06 4.934361e-07 1.5938674e-08 9.385206e-06 1.3030397e-06 2.4478966e-08 1.2337726e-05 8.9741235e-08 4.022565e-08 6.3239554e-08 5.449601e-09 5.480835e-08 2.7539295e-08 6.5548547e-06 3.6178565e-06 2.9284582e-08 1.7481353e-08 5.2734595e-07 3.5425794e-06 1.3100947e-08 1.25451995e-08 3.6195706e-05 1.2215951e-05 3.4546247e-07 5.533544e-08 2.5911433e-05 2.1019967e-07 6.7043935e-08 0.028261282 5.1353345e-07 9.676186e-09 5.19839e-09 3.7004922e-06 4.4190406e-06 6.380856e-07 3.922142e-08 7.851364e-07 2.1180647e-07 2.5017335e-09 1.0601157e-06
0.94752145 0.7582351 0.3049069 0.9215484 0.95452535 0.27698427 0.13709113 0.014900418 0.34951895 0.030870924 0.47055885 0.13700338 1.5702927e-14 0.1031318 0.0010018431 0.00026731947 0.107583255 0.035239365 0.012589182 0.0007828348 4.0431764e-06 3.895597e-06 0.8096345 1.3436509e-05 0.7694889 0.10360921 6.313302e-06 1.325034e-07 0.03135739 1.8449925e-06 0.8375231 0.006149363 1.9227746e-06 2.8648454e-05 1.9189076e-06 2.380992e-08 0.31796837 0.0034462179 4.7088716e-07 2.0209646e-08 0.0004993159 1.784904e-08 2.9829376e-08 2.406692e-07 2.2511596e-05 0.071007356 1.3500157e-06 2.9612318e-08 5.8650994e-07 9.8959725e-05 0.0004414296 0.013848634 1.541652e-06 3.523679e-07 1.131224e-08 1.4236033e-08 4.171771e-08 9.799513e-07 1.2151277e-07 2.2506347e-08 1.1404356e-08 4.3592283e-07 2.732139e-08 3.3380168e-09 7.4137265e-09 4.3376517e-07 1.1876418e-09 3.18905e-06 7.0529675e-09 2.391874e-09 4.7741704e-09 1.0619932e-09 1.7828114e-08 2.6124694e-09 3.1951582e-05 6.847258e-07 4.326187e-09 2.751172e-09 4.7164485e-07 2.506806e-07 1.1519875e-08 2.3496454e-09 2.9916457e-05 5.4247876e-06 6.5645445e-08 2.6772495e-09 1.8399801e-07 1.8040235e-07 7.47224e-10 0.0073883403 1.0707295e-06 1.8354427e-09 1.7529247e-10 6.163127e-08 1.3864437e-08 9.058405e-08 1.5245151e-08 5.250301e-07 3.5672908e-08 1.1353196e-09 2.675218e-07
0.97524834 0.6163865 0.60487145 0.18243033 0.15877692 0.8539222 0.7524089 0.32686785 0.6931526 0.16296071 0.1803589 0.97456837 0.1031318 1.1680252e-13 0.08424688 0.020940218 0.52763176 0.22776008 0.56083 0.43348303 0.0025154564 0.017724544 0.03800855 0.023189677 0.008600076 0.025257647 0.0018063928 0.0002617928 0.54208905 0.000794618 0.021596208 0.0065960446 0.00032515547 0.00016071822 0.009052431 6.3074855e-05 0.028937522 0.018033333 0.00010031643 2.2396798e-05 0.36186028 2.3695831e-05 4.2819825e-06 9.560283e-05 0.00033979348 0.00038770042 0.003686436 8.823911e-06 4.3339303e-05 0.06269432 0.00031862504 0.2433801 1.9200252e-05 1.7464473e-06 7.713478e-05 4.5847314e-06 5.9642457e-06 5.281556e-06 0.0007024838 1.3205363e-06 2.478083e-05 8.950107e-06 1.9154686e-06 8.85137e-08 7.574492e-05 1.648864e-06 1.3109953e-07 2.5442196e-05 2.7136073e-07 1.7118668e-07 1.6489922e-07 2.3262757e-08 6.5097325e-08 1.1792157e-07 8.914371e-06 3.7259636e-06 3.61831e-07 1.2509626e-07 2.1998978e-06 3.8478624e-06 2.7696167e-08 7.545663e-08 0.00017079641 2.5628684e-05 1.0452678e-06 8.662967e-08 0.000118745105 4.843857e-07 7.207652e-08 0.06900648 2.7899207e-06 8.13241e-08 2.424274e-08 9.178191e-06 5.2876285e-06 2.4899314e-06 4.867841e-07 1.6786261e-06 5.318526e-07 1.9289153e-07 1.1287779e-06
0.9158227 0.0054905848 0.1286228 0.0021326283 0.00033092007 0.082657896 0.7070048 0.94514024 0.0052066473 0.67497873 0.2460016 0.009658532 0.0010018431 0.08424688 3.9453704e-16 0.8809545 0.003337427 0.0010860603 0.002820637 0.9237154 0.8313224 0.7420992 0.009571176 0.27950963 0.0052478635 0.13373451 0.19199237 0.035994545 0.017519725 0.1468601 0.005680799 0.14201684 0.014246473 0.2107274 0.025907159 0.00034462806 0.0029858213 0.2641625 0.00024645467 8.722145e-05 0.1378532 3.7298694e-05 1.08049735e-05 0.00057404133 0.10446953 0.00016490796 0.0041737016 3.41433e-06 2.5109983e-05 0.0128416065 0.019395554 0.008285351 1.7596189e-05 1.9527765e-06 3.210893e-05 1.1703631e-06 1.8346229e-06 5.339343e-05 0.00029930912 4.7037776e-07 9.28337e-06 1.172387e-05 1.075077e-06 1.1762426e-07 2.6368192e-05 3.8272215e-06 1.0820586e-07 0.00064515334 2.5828115e-07 4.4845695e-08 9.016398e-08 2.3029964e-08 6.993707e-08 1.1082555e-07 1.7456472e-05 8.749237e-05 8.301322e-08 1.070932e-07 3.8994326e-06 1.6003598e-05 4.3263046e-08 8.267633e-08 0.00035673098 8.8913504e-05 1.5174257e-07 1.0788807e-07 4.9821306e-06 4.7792224e-07 5.6451924e-08 0.005288635 1.0100853e-07 1.3228502e-08 4.186164e-09 1.209716e-06 2.0210658e-07 7.528053e-08 7.0898196e-08 2.7446822e-06 1.0715537e-06 6.4991684e-10 8.415504e-07
0.9535649 0.0011388534 0.094184995 0.00087735656 5.6212346e-05 0.021431545 0.39063007 0.8821516 0.0016477355 0.9380201 0.47306648 0.0041573667 0.00026731947 0.020940218 0.8809545 1.3993584e-15 0.0007863655 0.00029255747 0.0007829053 0.28958756 0.77714705 0.15526477 0.062217236 0.027975256 0.03355367 0.69620925 0.5128828 0.024366502 0.009340378 0.4950485 0.024092471 0.696444 0.005545788 0.60415006 0.006819602 9.753529e-05 0.03428187 0.79231524 9.0502166e-05 1.1380211e-05 0.048285183 1.2033615e-05 1.0248878e-05 0.000329712 0.34513858 0.0008636247 0.0010767326 5.0435274e-06 3.1829597e-05 0.004509288 0.2800384 0.0042049587 9.719183e-05 9.5236055e-06 6.876514e-06 1.1826694e-06 9.612612e-07 6.533489e-05 0.00014916276 8.223115e-07 1.958152e-05 3.65191e-05 1.4900394e-06 2.3812589e-07 1.7686347e-05 4.1828066e-06 1.2417546e-07 0.0019790542 9.947176e-08 3.0392826e-08 6.08806e-08 8.718526e-09 2.2357069e-08 3.3609727e-08 0.00014624826 0.00024118472 4.603448e-08 7.4360074e-08 1.1045089e-05 8.057463e-05 1.1144509e-08 4.748599e-08 0.0032603424 0.00077091565 2.0979493e-07 6.5033284e-08 4.398724e-06 1.8717088e-06 3.2657178e-07 0.0043477034 8.013387e-08 1.22716886e-08 1.4512364e-07 1.2346914e-06 1.5562277e-07 2.4661676e-07 8.5737463e-07 1.9881598e-05 3.001203e-06 4.0143416e-08 2.3596394e-06
0.80765307 0.46171507 0.047670092 0.16373172 0.20815252 0.3862208 0.05011795 0.010787178 0.89601165 0.0062119067 0.013412773 0.9070553 0.107583255 0.52763176 0.003337427 0.0007863655 1.7431646e-15 0.9826716 0.6996926 0.007098162 0.00028213623 0.00051604584 0.010944144 0.0015745535 0.0023623002 0.0018453973 0.00022998493 8.247911e-05 0.30387527 5.932108e-05 0.010942678 0.00030501545 0.00015958936 7.1468507e-06 0.00033419748 1.24338285e-05 0.011631324 0.00010285955 2.989093e-05 5.040416e-06 0.012298778 3.659323e-06 4.731634e-06 1.24503695e-05 1.8449573e-06 0.00037733084 0.00027088693 3.076397e-06 9.27269e-06 0.0070617893 1.2136067e-06 0.10932378 3.4162942e-06 1.6444748e-06 4.908261e-07 4.421943e-07 3.2928946e-07 7.3692445e-06 3.2502667e-05 1.5150983e-06 7.235499e-07 2.4800858e-07 1.1262778e-06 9.682721e-09 1.0393114e-05 1.7297778e-07 4.407764e-08 1.6521223e-06 7.856161e-08 7.0058974e-08 7.995357e-08 4.619727e-09 1.6775521e-08 2.2388262e-08 1.9963485e-05 8.336042e-07 5.962295e-08 6.331749e-09 3.453859e-08 4.2257255e-07 5.4368416e-09 1.251231e-09 1.7547338e-05 3.3092888e-06 8.8717364e-08 4.9847038e-09 4.9135374e-06 2.4864926e-08 3.7859547e-09 0.03989932 4.1986266e-07 4.4280002e-10 1.4718035e-10 1.7988866e-07 2.0231619e-07 1.3099048e-08 3.651237e-09 1.0068841e-08 4.503642e-08 2.3926543e-09 1.8468927e-07
0.9219507 0.084660105 0.011579605 0.03264586 0.050227825 0.05712408 0.016891303 0.003360276 0.32698134 0.0019948299 0.0044625434 0.45341265 0.035239365 0.22776008 0.0010860603 0.00029255747 0.9826716 5.416474e-16 0.94039905 0.0047033853 0.00011374835 0.00018854033 0.0041989093 0.0007031628 0.0010058127 0.00056220044 9.6297445e-05 2.433107e-05 0.55429906 2.272146e-05 0.0056603407 0.00019565663 0.00010055177 3.6484823e-06 0.00027848038 1.0177737e-05 0.008136069 8.274611e-05 2.0946969e-05 3.3600788e-06 0.018019862 2.6763628e-06 2.9111607e-06 1.4514578e-05 1.9872773e-06 0.0005344827 0.00046048977 1.578491e-06 5.6600866e-06 0.01581277 1.6276132e-06 0.32094452 1.9798902e-06 4.0420022e-07 1.0888393e-06 1.4954568e-07 8.344198e-08 1.5161506e-06 2.4475223e-05 4.7062048e-07 8.243294e-07 1.7302744e-07 2.3453941e-07 7.39493e-09 3.671954e-06 6.7530856e-08 1.8838035e-08 2.201306e-06 3.8138747e-08 7.9249695e-08 4.2856588e-08 1.1301947e-09 5.957472e-09 7.189976e-09 5.298668e-06 2.9572402e-07 3.664914e-08 2.370279e-09 1.6835719e-08 3.8347676e-07 2.2715891e-09 8.8348656e-10 5.6670324e-06 5.4985203e-06 9.52574e-08 2.5073608e-09 1.7937246e-06 1.73302e-08 3.6574823e-09 0.07490036 1.0644151e-06 3.4259512e-10 2.1428467e-10 6.600251e-08 7.701653e-08 1.1208141e-08 5.0604205e-09 2.5985047e-09 2.0315463e-08 1.3034906e-10 2.0057605e-07
0.9789232 0.05971701 0.016276818 0.016445346 0.02707114 0.084288225 0.027216919 0.007974512 0.21873872 0.005654118 0.006292417 0.442563 0.012589182 0.56083 0.002820637 0.0007829053 0.6996926 0.94039905 8.40086e-15 0.0144923795 0.0002589267 0.00054882705 0.007288491 0.002528631 0.00097558927 0.002131319 0.00018570138 8.985123e-05 0.969684 8.700603e-05 0.004877405 0.0006271479 0.00012588814 1.4530394e-05 0.0015328733 4.294331e-05 0.00469204 0.00026618462 7.593942e-05 2.3936202e-05 0.18630068 1.0442711e-05 4.6404743e-06 3.9650786e-05 1.27410985e-05 0.00043719477 0.0018801533 4.1213093e-06 7.6191454e-06 0.06736369 4.015829e-05 0.66090876 2.7371083e-05 4.1886583e-06 1.6812128e-05 2.46485e-06 1.9717934e-06 2.6859389e-06 0.00029500335 1.6163106e-06 4.7646486e-06 3.7908994e-06 1.3928538e-06 8.7310625e-08 2.313913e-05 6.165358e-07 2.3393673e-07 1.6576643e-05 1.68183e-07 3.8294905e-07 5.859891e-08 2.0249852e-08 1.0462916e-07 1.8987423e-07 1.6177057e-05 1.9548364e-05 1.5110068e-07 1.2425731e-07 7.363003e-07 1.1658142e-05 2.7353092e-08 9.1015984e-08 4.795435e-05 0.00011718251 4.021114e-07 4.6705757e-08 2.0382697e-05 7.6168317e-07 5.66442e-07 0.2089894 1.878368e-06 5.8042062e-08 6.5695794e-08 8.125166e-07 3.382662e-06 1.1416887e-07 1.17462285e-07 2.8336837e-07 1.4318135e-06 1.2545009e-08 1.4349972e-06
0.96433693 0.026083853 0.1357249 0.013415665 0.002812835 0.25227228 0.6827784 0.60271794 0.00882866 0.20342511 0.037926715 0.06501176 0.0007828348 0.43348303 0.9237154 0.28958756 0.007098162 0.0047033853 0.0144923795 6.55379e-14 0.3596844 0.88041025 0.036834843 0.89083785 0.0029500234 0.03253973 0.063565515 0.079377525 0.11674466 0.044553567 0.009626393 0.020694645 0.08282859 0.016562922 0.26476035 0.0033140532 0.0028688922 0.071656264 0.0018976555 0.0011065607 0.74881846 0.0010816748 0.00034437687 0.0009914367 0.017141167 0.00032617446 0.023532154 0.00011692487 0.00013734102 0.13856803 0.001370856 0.15521547 0.00027497282 4.9463237e-05 0.0009830154 6.559861e-05 3.686327e-05 0.00021323097 0.0028203654 1.3933065e-05 0.00037995187 0.00016238909 1.2743603e-05 1.0157069e-06 0.00052559044 7.639763e-05 3.3316037e-06 0.0003807804 3.2442601e-06 4.531605e-07 4.7830504e-06 6.0538747e-07 3.4995646e-06 2.829022e-06 8.951374e-05 8.505752e-05 3.4289035e-06 2.9921434e-06 4.327277e-05 6.0924773e-05 1.5288496e-06 1.254873e-06 0.0025826592 0.0006256631 2.1423505e-06 3.5380724e-06 0.00035237023 1.2674952e-05 1.7636062e-06 0.030351719 4.187804e-06 6.331535e-08 1.9040752e-07 3.2425578e-05 2.2148979e-05 4.871119e-07 4.1500934e-06 1.2212759e-05 6.2706627e-06 2.2214007e-07 6.37657e-06
0.962938 2.3945424e-05 0.0018520433 1.0643638e-05 3.0605568e-06 0.0004949077 0.023674529 0.20412078 0.00010642121 0.123755574 0.010359415 0.00055831636 4.0431764e-06 0.0025154564 0.8313224 0.77714705 0.00028213623 0.00011374835 0.0002589267 0.3596844 6.873837e-16 0.69890827 0.0023515143 0.23566139 0.0010247193 0.113038965 0.9074877 0.8879921 0.0040526716 0.8185823 0.00192296 0.18194023 0.3286219 0.72644144 0.09501831 0.09154956 0.00029857698 0.15633902 0.007850621 0.0037858686 0.1359954 0.0010047356 0.0003135611 0.011410206 0.532414 6.891716e-05 0.017112233 4.4106808e-05 0.00011861812 0.022510575 0.027073989 0.010064767 0.0005421365 7.243149e-05 0.00030511525 1.2886347e-05 1.1396438e-05 0.0018075904 0.0017315993 4.460169e-06 0.00020390446 0.00025417132 2.5290021e-06 9.988398e-07 0.00039914713 0.00017754105 1.2686775e-06 0.0040361052 1.4870456e-06 1.1065785e-07 8.18573e-07 5.8618582e-08 7.705827e-08 7.367386e-07 2.3025894e-05 0.0006920999 5.991408e-07 5.2728916e-07 0.00012893496 0.0006251752 5.210692e-08 1.5450982e-07 0.0012655604 0.00064159767 3.769372e-07 1.3244541e-07 8.886099e-06 3.715636e-07 8.264264e-07 0.0051134117 9.678036e-08 1.3017057e-08 2.0254214e-08 5.4466767e-07 3.5451362e-07 2.1644349e-08 2.2322673e-07 3.7137995e-06 3.0755712e-07 8.70161e-10 3.037559e-06
0.87079906 0.00045481836 0.0056392257 0.00016520468 4.571535e-05 0.0035553805 0.07106299 0.12413188 0.00017826296 0.024882628 0.0037888195 0.0020982237 3.895597e-06 0.017724544 0.7420992 0.15526477 0.00051604584 0.00018854033 0.00054882705 0.88041025 0.69890827 1.6380067e-16 0.0013180193 0.9839845 0.00029525187 0.010904242 0.21088018 0.36171135 0.0068360567 0.08954985 0.0006292177 0.01825277 0.83454084 0.061420966 0.36525816 0.05399266 6.4055707e-06 0.03683466 0.066722274 0.02527945 0.17952533 0.02080765 0.0065735634 0.007182093 0.1354614 8.9640225e-06 0.037657138 0.0010420659 0.0013355202 0.044965293 0.0019251253 0.025372121 0.0010591855 0.00032807124 0.0020539095 0.0001350442 4.9346294e-05 0.00047497114 0.006636889 3.789734e-05 0.0011909681 0.00024074694 4.7752317e-05 2.5549678e-06 0.0016051879 0.000109916204 6.2174863e-06 0.00058142236 2.9654133e-05 1.9602678e-06 7.4643995e-06 6.9022457e-07 4.671507e-06 5.839479e-06 3.950381e-05 0.00037680785 1.2051268e-05 5.5818346e-06 1.444436e-05 0.00059261656 1.7562246e-06 1.5353868e-06 0.003470873 0.0028223821 6.94495e-06 9.082362e-07 0.00041154475 3.26223e-06 1.3884429e-06 0.008203588 2.7326507e-07 7.050265e-09 5.482309e-08 4.6863975e-06 4.505008e-06 5.5207984e-08 7.1537204e-07 4.714077e-06 3.0543981e-06 1.4269461e-09 1.5857553e-05
0.74661034 0.2748515 0.33548555 0.35888276 0.18245271 0.18748187 0.21149136 0.09884672 0.042424202 0.3941215 0.9162046 0.031388953 0.8096345 0.03800855 0.009571176 0.062217236 0.010944144 0.0041989093 0.007288491 0.036834843 0.0023515143 0.0013180193 4.122267e-18 0.0037811904 0.96501964 0.4903689 0.0013577475 0.00022865373 0.011135652 0.0018726662 0.94426924 0.067925185 0.00039398466 0.002806284 0.00089351786 0.00031909303 0.2592992 0.13414179 9.7440556e-05 7.210137e-05 0.01294938 1.8301294e-05 1.231357e-05 1.816542e-05 0.0009096779 0.08843721 0.0016030514 2.0846596e-06 7.5238977e-06 0.0017746685 0.013718701 0.008177336 1.8089844e-06 1.8538472e-07 2.36587e-06 2.024374e-07 2.5154705e-07 3.3626081e-06 0.0008149302 8.521958e-07 4.7939197e-06 2.535022e-06 3.4669274e-06 1.0186698e-07 2.0969395e-05 2.4534717e-07 1.1638213e-07 0.00021481833 2.5634037e-07 2.4576272e-08 6.6482717e-09 3.8473665e-08 5.393427e-07 1.203749e-06 0.0005515992 9.01872e-06 1.0585961e-06 6.7275255e-07 2.3062528e-07 5.7897137e-07 2.5906564e-07 2.8690448e-07 0.0008889151 9.383402e-05 2.2288034e-06 5.047843e-08 4.2846705e-06 1.4341381e-06 1.4180658e-09 0.006123882 4.3709842e-05 9.701929e-09 6.6205424e-10 8.882976e-07 1.7247315e-06 8.701814e-07 4.260887e-09 2.47317e-07 2.8402923e-08 2.7968495e-08 1.7115985e-06
0.9626187 0.000579725 0.0032042963 0.00086678733 0.00010518277 0.0035754144 0.026193365 0.03378372 0.0005556591 0.006790159 0.0019583914 0.0042856294 1.3436509e-05 0.023189677 0.27950963 0.027975256 0.0015745535 0.0007031628 0.002528631 0.89083785 0.23566139 0.9839845 0.0037811904 6.794198e-15 0.00019925929 0.0040549194 0.055739813 0.15579176 0.042009056 0.027089367 0.0025320875 0.006397397 0.5597076 0.009977195 0.7113962 0.024909783 7.9641904e-05 0.011337261 0.023270998 0.011730994 0.68028903 0.013298505 0.0032580765 0.003102864 0.03154951 2.2637496e-05 0.16634792 0.001427642 0.0021634428 0.29796305 0.00024655458 0.13610151 0.00057540316 8.5678046e-05 0.008233258 0.00016801045 5.755488e-05 0.0001460108 0.02118305 6.142727e-05 0.0057814573 0.00022169806 6.033075e-05 1.2693145e-05 0.008588888 4.739101e-05 1.5851037e-05 0.0003647461 1.5505171e-05 1.852938e-06 3.3058507e-06 2.4732137e-06 3.5858568e-06 2.4571835e-05 2.4620882e-05 0.00019849588 2.6917045e-05 3.3169494e-05 2.0774445e-05 0.00023536502 2.2174988e-06 3.5370467e-06 0.00045146467 0.0011493919 1.8142322e-05 1.892593e-06 0.0012092254 7.324913e-06 3.6103463e-06 0.04813139 1.9499032e-06 4.4126267e-08 1.789219e-08 0.00016272473 0.00028873215 1.08889076e-07 8.2908464e-08 3.5760963e-06 1.1073042e-06 6.510189e-09 1.3811247e-05
0.46085653 0.20773852 0.18606587 0.40712795 0.1315927 0.08605866 0.10827612 0.066353425 0.013783748 0.28267124 0.78046083 0.006225704 0.7694889 0.008600076 0.0052478635 0.03355367 0.0023623002 0.0010058127 0.00097558927 0.0029500234 0.0010247193 0.00029525187 0.96501964 0.00019925929 2.0723205e-21 0.42383295 0.0013425705 1.3479119e-05 0.0070278444 0.00066105224 0.9752312 0.09666821 4.344547e-06 5.168565e-06 3.7679096e-05 2.8547963e-06 0.15914455 0.1351205 1.275974e-07 4.7811625e-08 0.0009538577 4.1709754e-08 4.694995e-08 7.2347956e-07 0.00018634733 0.051919825 8.196441e-05 2.1125501e-08 5.6793823e-07 0.00035753087 0.00277396 0.0018312574 2.6494792e-08 3.9785682e-08 6.0979585e-07 8.402812e-08 1.3692513e-08 3.5481872e-07 1.0373695e-05 1.2826868e-07 4.4729626e-07 6.980794e-08 3.102411e-07 5.1396135e-08 6.530925e-06 8.883675e-08 1.05507716e-07 5.4101844e-07 5.4389786e-09 3.0388538e-08 6.9826416e-07 5.23816e-10 1.95377e-09 1.7290719e-07 3.7897605e-06 8.102189e-08 5.882021e-07 9.890854e-08 2.6114483e-07 4.8890858e-08 8.454526e-09 3.5615532e-08 3.676332e-05 9.4369925e-06 1.0890238e-07 2.2054916e-08 3.1138912e-05 2.8031903e-07 3.6564431e-09 0.00090772717 5.880747e-07 2.1632298e-08 2.34643e-09 8.156998e-07 1.2754496e-07 6.877511e-08 1.5420129e-07 1.021099e-06 1.8115394e-08 2.02108e-08 5.444524e-08
0.80399287 0.033896726 0.19685465 0.04394148 0.013519054 0.08133863 0.3138163 0.23957306 0.009165705 0.55106246 0.78545886 0.010198209 0.10360921 0.025257647 0.13373451 0.69620925 0.0018453973 0.00056220044 0.002131319 0.03253973 0.113038965 0.010904242 0.4903689 0.0040549194 0.42383295 1.1638309e-17 0.07086336 0.0024447716 0.005133591 0.0973994 0.3308487 0.9921906 0.0010689032 0.55693686 0.0016576486 0.0004087118 0.21756735 0.7395603 0.00010286965 0.0001063149 0.0072016027 1.42462395e-05 1.8669508e-06 6.9638096e-05 0.13931307 0.026184762 0.00033290376 2.7516157e-07 3.763153e-06 0.00046045112 0.13964754 0.002772011 3.551202e-06 1.3295859e-07 3.0839199e-06 5.613753e-08 4.2540194e-08 8.374876e-06 2.9416657e-05 5.8817488e-08 1.2761573e-06 3.5402527e-06 6.560038e-08 1.30976225e-08 1.8629916e-06 5.3317655e-07 2.1133442e-08 0.0015945495 6.773245e-09 2.1678217e-09 2.0156058e-08 1.0048671e-09 1.8518726e-08 3.1813038e-08 0.00039592516 3.2950215e-05 1.8773399e-08 1.32840015e-08 7.8658593e-07 5.198651e-06 7.1283655e-09 5.672128e-09 0.0058268183 0.00084778405 4.2790285e-07 5.0958e-10 1.802078e-06 6.909869e-08 1.6058396e-10 0.004112515 1.1932393e-06 5.758946e-09 5.892205e-11 1.6596857e-07 1.5175907e-07 2.3019687e-08 1.2902707e-08 1.5441592e-06 1.33740246e-08 3.7253614e-09 1.4753584e-07
0.9213653 0.0001060769 0.0016596495 4.4511835e-05 8.940075e-06 0.0006923818 0.013083407 0.028466122 0.00028945424 0.020919904 0.0049582585 0.00061384024 6.313302e-06 0.0018063928 0.19199237 0.5128828 0.00022998493 9.6297445e-05 0.00018570138 0.063565515 0.9074877 0.21088018 0.0013577475 0.055739813 0.0013425705 0.07086336 6.421434e-16 0.79446775 0.00070853764 0.95776236 0.00212854 0.32613346 0.21800035 0.92502284 0.08982306 0.25673023 0.0026845047 0.13259661 0.019797003 0.011979931 0.0938842 0.0021834685 0.0003897102 0.036474586 0.73245084 0.00036426625 0.031024765 0.00010677153 0.0008501847 0.017589243 0.06419741 0.0060781785 0.00076502725 5.5822635e-05 0.0016682091 1.773922e-05 8.098242e-06 0.0029183212 0.008585931 1.1640624e-05 0.00053978164 0.00032815168 1.3724236e-05 2.628628e-06 0.0010265651 7.0193106e-05 2.384501e-06 0.017765004 3.7683765e-07 2.6054505e-07 5.413266e-07 9.223106e-08 2.4092066e-07 9.142378e-07 0.00010637301 0.002480386 1.3346695e-06 5.579772e-07 0.0031932516 0.0033517182 4.6356966e-08 1.3624732e-07 0.0027049365 0.0041090846 5.1963116e-06 2.224814e-07 3.0202666e-05 8.8311043e-07 1.03785425e-07 0.006565603 5.9627354e-07 2.1251267e-08 2.3013706e-09 1.970126e-06 3.5412152e-06 2.5062442e-07 4.2511964e-08 4.51786e-06 8.940688e-08 1.1010992e-09 1.5897307e-06
0.9563758 1.1745182e-06 2.3093584e-05 4.494432e-07 8.103795e-08 3.924906e-05 0.00023426997 0.001011016 2.3616805e-05 0.00027394027 2.2401751e-05 0.00015769759 1.325034e-07 0.0002617928 0.035994545 0.024366502 8.247911e-05 2.433107e-05 8.985123e-05 0.079377525 0.8879921 0.36171135 0.00022865373 0.15579176 1.3479119e-05 0.0024447716 0.79446775 3.7022894e-17 0.0006631619 0.5313292 0.0001638573 0.014153951 0.93409413 0.3329398 0.2188905 0.9261206 1.7764885e-05 0.0121784555 0.45517218 0.2345612 0.088767 0.119378425 0.017024698 0.26931682 0.6922834 5.024382e-06 0.070295826 0.00070905476 0.0031982472 0.01958438 0.0032380105 0.0070572174 0.018273305 0.0024607973 0.0023585453 2.8503448e-05 9.264738e-05 0.039730173 0.0063640196 2.063642e-05 0.0016731578 0.004176654 2.5658594e-05 2.2559557e-06 0.0022420937 0.0013426134 6.160529e-06 0.0100747505 4.9963337e-06 7.990711e-07 6.8239926e-05 4.4987675e-07 2.1638024e-07 1.6906658e-06 1.42661565e-05 0.0028446189 2.043604e-06 1.6925597e-06 0.0073710238 0.013126649 5.94441e-08 3.4152632e-07 0.00071407354 0.0012624082 1.1062778e-05 3.3255202e-07 8.124578e-05 8.1998644e-07 2.3507731e-05 0.006097445 1.908756e-08 1.409177e-08 5.1962417e-08 7.471197e-07 1.0694712e-06 9.523123e-08 2.0049897e-07 1.5249644e-06 2.5733578e-07 3.7370163e-10 2.3643474e-06
0.9906696 0.077648945 0.028394558 0.03584249 0.039930545 0.0876905 0.066026546 0.021804294 0.12670419 0.014397383 0.017576441 0.26846012 0.03135739 0.54208905 0.017519725 0.009340378 0.30387527 0.55429906 0.969684 0.11674466 0.0040526716 0.0068360567 0.011135652 0.042009056 0.0070278444 0.005133591 0.00070853764 0.0006631619 1.5042325e-12 0.0007913178 0.011457803 0.0020250338 0.0017903297 0.0004666209 0.011196072 0.00025619805 0.012349811 0.0050327796 0.000490686 9.138821e-05 0.40073326 4.955644e-05 6.046755e-05 0.00010705906 0.00034456264 0.0012224553 0.003668998 4.9660808e-05 8.989829e-05 0.09834601 0.00063492975 0.878999 3.4390898e-05 4.5534284e-06 0.00024778102 1.7193754e-05 1.2035555e-05 1.5534624e-05 0.0009040521 8.1240005e-06 6.2482504e-05 7.463695e-06 8.5128395e-06 1.4014455e-06 7.572947e-05 3.4055436e-06 2.5385298e-06 1.6934278e-05 5.420504e-07 1.04293e-06 2.1101062e-06 1.6318104e-07 1.06644976e-07 2.7093884e-06 2.4951572e-05 2.53069e-05 5.6609883e-06 3.2975095e-06 1.0973343e-06 4.918056e-06 1.3945507e-07 3.4420626e-07 0.00012165351 0.00015462503 3.1168847e-06 1.5933485e-07 3.9610157e-05 8.7339237e-07 1.7393747e-06 0.1184554 8.014042e-05 1.7097459e-07 1.9762012e-07 5.079721e-06 1.2794835e-05 4.0468657e-07 1.9631106e-07 4.7063195e-06 5.1691914e-06 9.2441826e-07 1.5749762e-05
0.8370062 2.7199421e-05 0.00084617786 1.4570553e-05 2.428664e-06 0.00043933833 0.008065451 0.025357354 4.6336394e-05 0.022021241 0.0036391455 0.00024357362 1.8449925e-06 0.000794618 0.1468601 0.4950485 5.932108e-05 2.272146e-05 8.700603e-05 0.044553567 0.8185823 0.08954985 0.0018726662 0.027089367 0.00066105224 0.0973994 0.95776236 0.5313292 0.0007913178 1.4526947e-16 0.0021250383 0.3672776 0.08415306 0.97583675 0.02022205 0.061394412 0.00059109734 0.25681856 0.0027278967 0.0014953157 0.02741325 0.000606589 0.00016811029 0.009022937 0.71133727 0.00026907664 0.0051016025 2.460004e-05 9.971296e-05 0.0042914716 0.06869112 0.002282225 0.00020609701 5.644684e-05 0.00012169946 6.394212e-06 6.4552687e-06 0.0007416125 0.0009834754 1.4992532e-06 4.1095333e-05 0.00013583407 1.167379e-06 4.2740936e-07 6.0994946e-05 1.9808525e-05 5.658352e-07 0.017705513 3.6559967e-07 6.420174e-08 1.8935255e-07 2.7395172e-08 1.8905283e-07 3.1806624e-07 0.00013508066 0.0022020056 2.6277064e-07 1.706304e-07 0.0013653755 0.0025713407 7.155587e-08 1.2667297e-08 0.004912238 0.0060786596 2.5616245e-07 1.6251487e-08 4.354444e-06 1.0224554e-06 5.031176e-08 0.0034471892 6.567616e-07 1.0778841e-09 2.6673308e-09 1.1720961e-07 2.9683446e-07 1.1082571e-08 1.8862341e-08 2.2288161e-06 9.689857e-08 6.763956e-11 1.3742236e-06
