1.4288147e-16 0.9886672 0.9675647 0.98718315 0.9536018 0.86620116 0.5847631 0.9879745 0.96886593 0.88470024 0.8863674 0.97017896 0.88080066 0.9756649 0.9113035 0.963984 0.95937544 0.98696834 0.81893176 0.98638725 0.8960638 0.95144385 0.95136845 0.96498764 0.9446642 0.9195819 0.9149657 0.9108211 0.9341479 0.9692158 0.16655058 0.930196 0.91979545 0.72908914 0.10240467 0.44133994 0.55081356 0.9021911 0.9422838 0.59375906 0.9891457 0.91249394 0.49080274 0.88612396 0.95211476 0.18782039 0.84162104 0.10795217 0.89814943 0.78800076 0.980601 0.97025615 0.0062272036 0.93259805 0.009883425 0.024422275 0.14933828 4.5964185e-05 0.01504033 0.900972 0.0012114139 0.36616623 0.830195 0.015173768 0.92986864 0.8556812 0.8221016 0.18220496 0.8453326 0.83409154 0.8591001 0.7838185 0.014607911 0.9666263 0.84000933 0.992436 0.9041072 0.85285676 0.24135368 0.49676323 0.16716656 0.7741891 0.10137418 0.97202206 0.831734 0.90620613 0.68530536 0.99938214 0.80384684 0.9662854 0.007891925 0.68961024 0.5191074 0.0032292106 0.86475873 0.99995905 0.06853878 0.99867445 0.0042120866 0.57182676 0.9961732
0.9886672 1.03471864e-16 0.7733709 0.021695705 0.015962323 0.054508388 0.0061403993 0.5770042 0.00017159362 0.67465645 0.9610661 0.00012342793 0.00027003884 0.94266474 0.35076776 0.00015290276 0.040508855 0.8819602 0.8448668 0.00058312406 0.53205824 8.863817e-09 3.307173e-09 0.21631058 4.5781144e-07 1.3905963e-08 8.8030285e-09 5.216507e-09 3.570046e-09 1.0488988e-06 0.23348218 0.12460743 7.078921e-10 0.005943712 5.040265e-05 0.24499321 0.12430146 4.1178358e-10 3.6038017e-09 0.4485076 0.0005195346 0.03718354 4.281802e-08 2.0933315e-10 5.521983e-10 6.967774e-07 0.030165205 1.8733046e-05 3.8741135e-11 6.1525762e-09 6.946009e-12 0.008295929 0.002264646 5.189932e-08 0.0024830168 3.3151636e-08 4.3341053e-10 0.00018959984 3.3232945e-07 1.3708858e-10 0.0004989458 2.5163728e-05 5.9595635e-09 0.0019633505 3.8260095e-10 6.2566625e-11 2.7730548e-10 1.6638385e-10 2.1153357e-09 1.11829435e-08 0.011292555 0.020837203 0.0009662844 0.00046017612 4.291442e-08 0.014685716 2.0195428e-08 5.194062e-08 4.16543e-10 1.1063916e-09 1.3567434e-09 2.8995995e-05 1.5279202e-09 3.7936094e-09 4.443966e-10 4.8741324e-08 2.5901906e-10 0.010136696 9.931721e-07 1.4484715e-10 1.743796e-08 4.057722e-05 4.577125e-10 1.4899705e-05 1.6202863e-06 9.104573e-05 5.1198417e-11 7.952922e-08 8.380209e-07 5.9594807e-10 2.6466176e-10
0.9675647 0.7733709 3.0891466e-16 0.6207262 0.4684811 0.5289542 0.2651954 0.9731762 0.0021176368 0.93829125 0.86068046 0.0005593638 0.005859056 0.47273648 0.8676656 0.006972588 0.15582423 0.438882 0.56822944 0.008616359 0.07770047 2.3104828e-06 5.176386e-07 0.3829626 7.315604e-05 3.718197e-06 1.2409159e-06 7.8468577e-07 4.2101544e-07 6.2067425e-05 0.054231077 0.21817006 2.2192599e-07 0.006127939 0.000103806466 0.055364523 0.06448075 8.531036e-08 4.133269e-07 0.39015546 0.0026607716 0.0051879683 1.3818915e-05 3.174515e-08 1.2961485e-08 1.0285627e-05 0.017523259 2.0610833e-05 3.5156362e-09 2.6319615e-08 2.6775648e-10 0.023522513 0.00055011746 2.164794e-06 0.0008069582 6.427649e-08 8.019117e-09 9.1499045e-05 1.6241982e-07 3.1517506e-09 0.000114817514 1.1154282e-06 1.9859547e-08 0.00078548066 4.466709e-09 7.22353e-09 1.9383477e-09 6.498821e-10 3.1743383e-07 1.754404e-07 0.016819961 0.010607124 0.0001779769 0.005282105 2.279518e-06 0.011790128 3.9172173e-07 5.5482715e-06 7.0554296e-09 5.8644947e-09 2.0081834e-09 7.4257994e-05 2.733774e-09 1.7376992e-09 8.2641336e-08 5.767111e-06 7.3474373e-09 0.017059976 1.0386009e-05 5.3555738e-09 7.252009e-09 0.0001348603 2.0378293e-08 1.3575472e-07 9.763645e-05 0.0008122138 1.8563762e-10 0.00010508502 6.098496e-08 2.87742e-08 2.3475559e-07
0.98718315 0.021695705 0.6207262 1.6208391e-16 0.95898604 0.9164529 0.8691947 0.8774219 0.14692535 0.779186 0.28406492 0.123963356 0.45624855 0.011949637 0.8269992 0.13537297 0.6198201 0.07647709 0.10188379 0.14032635 0.0016357448 5.9682716e-05 1.8516404e-05 0.567761 0.0005815538 0.0013094803 4.6721757e-06 1.8915085e-06 8.201018e-06 0.00047587184 0.0023261672 0.25034618 4.2601946e-06 0.1617191 0.0144955935 0.0046457904 0.041547846 1.1349977e-06 6.846962e-06 0.3682008 0.05190395 0.0014368078 0.00025636252 9.346467e-08 1.014046e-06 0.00046210672 0.013360655 0.000852232 1.453329e-07 2.0969285e-06 3.1680896e-09 0.05201152 0.00045473376 5.7523714e-05 0.0010276228 2.817044e-06 1.905396e-07 7.879674e-05 2.4099593e-06 2.5790909e-08 0.00026163878 0.00022284762 1.8696607e-08 0.0065681925 2.4773692e-07 7.344232e-08 6.118582e-08 4.7410243e-08 6.5629797e-06 3.946625e-06 0.024103245 0.0072894786 2.3854436e-05 0.011334845 3.82622e-05 0.004870895 1.0240657e-06 5.320546e-05 3.9802632e-07 6.002025e-08 7.116685e-08 0.00058744056 4.2286157e-09 5.514124e-09 9.646905e-07 1.848181e-05 2.7884002e-09 0.025981661 0.00028635032 1.12384804e-07 2.433651e-08 0.00096457603 2.1601116e-09 7.709767e-06 0.00061510224 0.0049429312 3.1127967e-10 0.00024205571 9.1321556e-07 3.2670055e-08 1.4761897e-06
0.9536018 0.015962323 0.4684811 0.95898604 2.9380253e-19 0.9650252 0.9304852 0.51649255 0.773021 0.44968837 0.073584184 0.5039515 0.54591906 0.0012379243 0.72561246 0.5721752 0.77522314 0.014357161 0.046193644 0.2013403 0.00025037111 9.031342e-05 1.690162e-05 0.2776089 0.0017134686 0.0013546008 1.5345771e-06 3.0459933e-07 2.769609e-06 0.00019651909 0.00033815706 0.08559982 2.0061116e-06 0.4100303 0.08678977 0.002993418 0.013973186 1.7208137e-07 6.7270764e-07 0.37565267 0.038192216 0.00038107665 8.27398e-05 7.602289e-09 2.606616e-07 0.00039020908 0.0030583788 0.001118037 4.3842183e-09 1.2803458e-06 1.0495865e-09 0.015167112 0.0015404593 2.2729024e-05 0.0023763252 1.1017584e-06 1.8325716e-08 4.8723623e-06 2.5972602e-06 3.2706702e-09 0.00073685066 0.007436051 1.0758368e-08 0.027954036 8.5954696e-08 1.7362291e-08 2.1394795e-08 7.1886737e-09 1.6711012e-06 7.6539243e-07 0.011344155 0.0026304624 7.0629574e-07 0.003917171 4.3898162e-05 0.0006364408 1.5772683e-07 1.9389468e-05 3.5913578e-07 5.217843e-08 2.2565793e-08 0.00011491349 9.073203e-09 7.076275e-10 1.866859e-07 2.7141677e-06 9.705866e-10 0.0083422065 2.4655845e-05 3.3631917e-08 4.876436e-09 0.00010100157 2.7512337e-10 0.00020875823 9.4109244e-05 0.003222472 1.2771068e-10 2.5065792e-05 1.654235e-06 3.641405e-08 1.6108302e-07
0.86620116 0.054508388 0.5289542 0.9164529 0.9650252 4.072656e-18 0.98711544 0.34973934 0.6677995 0.36621007 0.17616011 0.4086332 0.78907794 0.00318682 0.59855545 0.25486803 0.6996179 0.019247783 0.07068937 0.032340463 0.0015050437 0.00020825733 8.6701955e-05 0.06734715 0.00062948844 0.00047224035 2.466088e-05 1.3537064e-05 6.101455e-05 0.00035976447 0.00053581165 0.019367551 2.167981e-05 0.18614729 0.05954473 0.0024195442 0.007179368 4.496162e-06 2.6097952e-05 0.23634413 0.005703792 0.0005438518 0.00020750161 4.1694065e-07 2.4708913e-06 0.00032359423 0.0022190867 0.00041998527 1.2514735e-07 3.5693092e-06 9.961981e-09 0.005384657 0.002394101 0.00010292874 0.0026868177 2.9081443e-06 2.6330648e-07 7.320189e-05 2.4325327e-06 4.321771e-07 0.0010996663 0.0027300555 4.0222338e-07 0.02969547 1.6595711e-06 4.9247564e-07 1.1670852e-06 9.705136e-08 2.6902173e-06 1.2498842e-06 0.004286841 0.001386028 1.4031934e-06 0.0014537865 5.102918e-05 0.0004552534 9.6959e-07 1.1436536e-05 1.9707743e-06 7.9922046e-07 7.461424e-08 0.00011745227 1.790251e-07 2.7188412e-08 6.6067406e-07 4.7032145e-06 2.7677526e-08 0.0029442883 1.0783213e-05 8.079889e-08 1.7632302e-09 6.222377e-05 1.0210658e-08 0.00079348095 7.184343e-05 0.0018238787 1.1999711e-10 4.7223944e-05 8.951004e-06 2.2299739e-07 5.556439e-07
0.5847631 0.0061403993 0.2651954 0.8691947 0.9304852 0.98711544 6.854917e-20 0.14816086 0.79338616 0.04564043 0.019693082 0.7088873 0.9277527 0.0002142465 0.05021167 0.40817758 0.53151613 0.009676788 0.0025026274 0.06618774 5.297544e-05 0.0005900087 0.00075796957 0.06294119 0.0022712862 0.0023106043 4.6787147e-05 1.7991424e-05 0.00041284965 0.0007694407 1.6269376e-05 0.0075008147 7.8247765e-05 0.020895783 0.008571716 0.001453953 0.001571288 9.2393575e-06 7.829778e-05 0.0035996635 0.0029016468 1.7849407e-05 0.00015459584 2.611533e-07 1.9948745e-06 9.94006e-05 0.0005538128 6.9476824e-05 3.2962282e-07 2.3972683e-07 1.0762617e-08 0.0013120191 7.418834e-05 3.950741e-06 6.313275e-05 1.17382996e-07 4.812918e-09 1.0157272e-06 1.428681e-07 3.2143546e-07 6.3762905e-06 3.3621574e-05 6.22563e-07 0.00016922355 1.6004438e-07 2.1608288e-07 2.8607168e-09 5.446555e-10 1.8241369e-07 1.1156639e-07 0.0004441101 0.00027344775 8.826827e-07 0.0005578788 8.256985e-05 1.2240511e-05 1.8289121e-08 1.9477436e-06 1.865026e-09 3.5212528e-09 4.5562927e-09 0.000120718534 7.757221e-11 4.0922896e-09 7.578213e-07 7.743057e-08 5.5472262e-09 0.00044784608 1.4453152e-05 8.547486e-08 3.73278e-09 5.974416e-05 4.88813e-10 3.40026e-06 0.00013343857 0.00025265192 3.4501044e-09 1.2123476e-05 5.9307615e-07 1.958277e-07 1.8914173e-07
0.9879745 0.5770042 0.9731762 0.8774219 0.51649255 0.34973934 0.14816086 7.291639e-12 0.041829646 0.24857718 0.23464349 0.027909497 0.014472644 0.10415348 0.20285065 0.12631185 0.05184211 0.5493113 0.07216823 0.34347075 0.017633583 2.4829373e-05 1.9950488e-05 0.886112 0.0030956094 9.751361e-05 1.36369135e-05 7.542418e-06 2.63609e-05 0.0036372805 0.0017293311 0.5472022 6.7607607e-06 0.0010898717 0.000102489525 0.1282751 0.21296692 1.3894814e-06 4.1182037e-05 0.05145755 0.02823191 0.0030519045 4.3710097e-05 1.3970119e-07 8.261577e-07 9.614823e-05 0.09020997 7.8033074e-05 4.3250505e-08 7.6015167e-06 5.794878e-09 0.09397475 0.0004748484 0.0003137367 0.00036591975 7.1290117e-07 3.6597594e-08 5.9866048e-05 9.003368e-07 3.1721956e-07 2.5564606e-05 0.00010381469 8.512604e-08 0.00047621774 9.953909e-07 2.778531e-07 9.1368726e-08 6.8113756e-08 2.1212689e-05 8.70264e-06 0.1123474 0.02600199 0.00025622395 0.0464298 7.562366e-05 0.02767897 7.4355535e-06 3.3705495e-05 6.1130656e-08 1.2196278e-07 8.8187075e-09 0.002667792 1.5049618e-08 1.8945025e-07 6.9869384e-07 2.0062023e-05 5.6485636e-08 0.082615644 0.00038085342 1.9140195e-07 1.4913871e-06 0.0015378047 7.343924e-08 1.543583e-05 0.0007270372 0.013812164 2.5177488e-10 0.000531445 1.3460358e-06 4.9358715e-07 1.1803881e-05
0.96886593 0.00017159362 0.0021176368 0.14692535 0.773021 0.6677995 0.79338616 0.041829646 1.273445e-15 0.04857384 0.00499846 0.91612643 0.9219962 4.069713e-05 0.13970613 0.96562386 0.36245155 0.0012024863 0.002055638 0.48656493 0.00010836185 0.35519794 0.13008557 0.07396409 0.17416537 0.8269091 0.0032371287 0.00094843056 0.00572791 0.01983006 5.2473056e-06 0.014812213 0.03310633 0.28813386 0.58369946 0.00060542364 0.00123729 0.00012970873 0.0010235434 0.051067106 0.11873268 5.0560124e-05 0.14199258 7.3181054e-06 0.00042141133 0.13805214 0.00078519713 0.18857758 1.3892535e-06 0.0047208215 4.585536e-08 0.013419778 9.681462e-06 0.0008761625 6.968486e-05 0.0026487773 0.00040762598 2.0034643e-07 0.0029555222 1.1476967e-06 1.4332679e-05 0.24178058 1.3862982e-06 0.008585035 1.6624548e-05 1.9781105e-06 5.861236e-05 5.064054e-06 5.1995612e-05 5.0347688e-05 0.0055323048 0.00040357918 1.2306908e-06 0.010077321 0.00028882912 0.0007717226 1.9335439e-05 0.00015182691 2.4093353e-05 3.9959139e-07 1.3317605e-06 0.0006273534 6.750279e-08 3.6424677e-08 6.1706783e-06 6.161367e-05 7.998678e-09 0.007069592 0.000492649 1.141808e-06 6.0295827e-07 0.0005629508 3.7621803e-08 0.00022308111 0.0006294059 0.00354779 3.1495266e-09 0.0002410725 2.5876563e-05 5.99215e-07 1.629861e-06
0.88470024 0.67465645 0.93829125 0.779186 0.44968837 0.36621007 0.04564043 0.24857718 0.04857384 6.906003e-17 0.88206863 0.031626772 0.0372785 0.068813495 0.9938924 0.008435822 0.50890565 0.089129105 0.5042357 0.017816167 0.020111086 0.00011405565 0.00010638621 0.042615205 0.00029672057 3.2483236e-05 2.1857142e-05 2.1356045e-06 1.36365115e-05 4.073386e-05 0.029138941 0.012953282 6.1493593e-06 0.073956 0.015245032 0.0227906 0.008871827 1.5405202e-06 9.997128e-07 0.4778286 0.001705072 0.0019705265 8.581358e-06 8.495974e-09 2.914028e-07 9.552641e-06 0.0017145745 0.00011057457 1.9874136e-08 6.6514964e-08 1.7516222e-09 0.00212418 0.006518111 5.754777e-06 0.0037341337 2.9085687e-08 1.4618138e-09 0.0073926006 1.8809914e-07 2.482189e-09 0.00040060733 4.809615e-05 9.983861e-08 0.004084907 3.0935222e-08 7.3529756e-09 5.7570904e-09 1.5641924e-09 2.9475572e-07 7.471764e-08 0.006756308 0.0069105485 0.0004861847 0.0036491214 6.499994e-06 0.0014250608 3.6359e-07 1.0167478e-06 1.529346e-09 1.4071405e-09 5.0080518e-09 0.00033847775 1.01488665e-10 3.8390233e-09 3.1412976e-06 1.6668483e-06 6.716438e-08 0.0061859484 7.994393e-05 6.4066394e-06 2.1942488e-10 0.00022063922 7.905324e-09 6.369086e-05 0.00044669028 0.0023514943 2.9716086e-08 0.00022762029 1.8298238e-07 3.1774714e-08 3.0784413e-05
0.8863674 0.9610661 0.86068046 0.28406492 0.073584184 0.17616011 0.019693082 0.23464349 0.00499846 0.88206863 4.6777983e-15 0.0025446005 0.0019380504 0.8250635 0.44442728 0.003548807 0.2932135 0.24744387 0.97384274 0.006287765 0.24777196 4.8065518e-05 3.170003e-05 0.04334374 0.00031026584 1.1478418e-05 6.975724e-06 1.2579801e-06 8.81624e-06 2.6557998e-05 0.36003318 0.032459196 2.5883485e-06 0.12438826 0.004984054 0.03582543 0.017811317 1.0631227e-06 1.4409503e-06 0.6950575 0.00327817 0.005648683 2.8099996e-05 2.3765945e-07 4.3648444e-07 2.6826096e-05 0.0053248582 0.00044756898 9.1719336e-08 4.1454393e-07 9.4198045e-09 0.0052714064 0.22674128 3.9626742e-05 0.056397405 3.568783e-07 6.7343194e-08 0.020171294 3.4252002e-06 1.4794304e-07 0.003329965 0.00013200566 2.647523e-07 0.017244019 1.0343938e-07 4.0693763e-08 2.645273e-08 3.7527126e-08 5.345347e-06 1.8252027e-06 0.009411149 0.009066687 0.013266052 0.0046957685 4.1644395e-05 0.0062896395 4.5599463e-06 2.189529e-06 2.3755893e-08 1.237249e-08 1.666473e-08 0.00019707144 2.7229083e-09 2.0025922e-08 1.1489287e-06 9.512894e-06 4.8252537e-07 0.0074308827 8.027267e-05 1.8626754e-06 1.4653493e-07 0.00039316475 1.0806937e-06 0.0004947909 0.0010498185 0.0013991091 9.732074e-11 0.00020871365 8.6931544e-07 1.5755343e-06 1.1401421e-06
0.97017896 0.00012342793 0.0005593638 0.123963356 0.5039515 0.4086332 0.7088873 0.027909497 0.91612643 0.031626772 0.0025446005 1.2099821e-14 0.9693404 5.551281e-05 0.124593414 0.84646827 0.5423849 0.00010058956 0.002226303 0.4066395 5.327654e-05 0.28717983 0.19095297 0.096710384 0.16915028 0.9056546 0.0024753173 0.0008943968 0.0071760826 0.038577493 1.4064879e-06 0.01580879 0.03725198 0.5131052 0.7109045 2.7102582e-05 0.0005234794 0.00014994248 0.0014844532 0.06629162 0.11484439 1.9217656e-05 0.2726013 1.6528165e-05 0.00059445703 0.24442264 0.00058033905 0.31475723 2.990295e-06 0.012879246 1.0502845e-07 0.0072622085 3.491063e-05 0.00057814905 7.67731e-05 0.0035970262 0.000511104 9.101946e-08 0.00560959 9.4345125e-07 4.852545e-05 0.3883188 8.683766e-07 0.016993726 2.7612343e-05 2.1424014e-06 3.876653e-05 1.6265652e-05 3.552254e-05 2.1518958e-05 0.0022703516 8.192487e-05 2.2339489e-06 0.005001783 8.6821354e-05 0.00042013288 2.0675818e-05 0.00016946241 3.6167858e-05 1.0413764e-06 2.7885985e-06 0.00018753539 3.3858328e-07 3.0113142e-08 4.130351e-06 7.128638e-05 1.1593387e-08 0.006347923 0.00020225573 1.0742909e-06 1.003196e-06 0.00033300667 1.0846312e-07 0.0007840243 0.0004028307 0.0037833748 1.414797e-09 0.00013442476 6.7173576e-05 9.951897e-07 1.450613e-06
0.88080066 0.00027003884 0.005859056 0.45624855 0.54591906 0.78907794 0.9277527 0.014472644 0.9219962 0.0372785 0.0019380504 0.9693404 6.6529287e-16 3.645319e-05 0.3693621 0.3334726 0.88320726 0.00012817056 0.0011494702 0.07416039 2.2397588e-05 0.005217292 0.008127519 0.015210249 0.016421095 0.18104982 0.000114565184 5.5548553e-05 0.001317543 0.0053298953 2.976198e-06 0.0024538313 0.0019181585 0.60718465 0.7980762 1.0918628e-05 0.0006139299 2.4456343e-05 0.00019001962 0.10163841 0.01434771 3.6996908e-06 0.05613136 2.7128995e-06 7.5323376e-05 0.09941458 0.000175943 0.100850575 1.5357117e-06 0.0006293984 3.419198e-08 0.0033757386 0.000783587 0.00029159788 0.0010276268 0.00079890207 2.8104876e-05 2.4518204e-07 0.00093625137 7.8659417e-07 0.0006892071 0.20899552 2.1491362e-06 0.030197728 1.4318716e-05 8.905539e-07 5.5347746e-06 2.4696076e-06 5.7175343e-06 2.0391837e-05 0.0013420066 0.000119089185 6.0515487e-07 0.0011652414 4.9190017e-05 0.00012681463 1.2497656e-05 1.7430255e-05 1.3852497e-05 1.3881689e-06 2.3507519e-06 6.0350314e-05 6.705331e-07 3.3838976e-08 5.6838576e-07 7.336364e-06 3.5932933e-07 0.0021516322 8.1940925e-06 8.886849e-07 4.566082e-06 1.6225076e-05 4.118539e-08 0.0047648465 9.9944395e-05 0.0017955601 3.5586245e-09 9.362254e-05 0.00011854744 1.0759833e-05 1.2912765e-06
0.9756649 0.94266474 0.47273648 0.011949637 0.0012379243 0.00318682 0.0002142465 0.10415348 4.069713e-05 0.068813495 0.8250635 5.551281e-05 3.645319e-05 1.142494e-14 0.014235383 7.6123804e-05 0.0007431914 0.82283735 0.79687333 9.917353e-05 0.9743524 3.860015e-07 1.0874462e-07 0.008873904 1.0672225e-06 2.3278147e-07 2.8741937e-07 4.1104087e-08 2.759324e-08 7.848332e-07 0.29031566 0.006370019 2.2830879e-08 0.00061786134 7.632757e-05 0.20212285 0.03989137 1.5719067e-08 1.13518155e-08 0.26802096 5.617671e-05 0.05452855 4.5861768e-07 1.5524877e-09 1.2945205e-08 1.1648002e-06 0.011759434 1.7411432e-05 7.4804823e-10 6.2181385e-08 7.674718e-11 0.00034088368 0.009700178 8.6246405e-07 0.001957491 2.3003217e-07 4.813074e-09 0.0017286377 2.2893248e-07 9.650267e-10 0.00032934084 3.6087765e-06 9.312262e-09 0.0017106644 2.1216713e-09 5.474331e-10 1.2538615e-09 1.9387274e-10 6.895821e-08 4.0222737e-08 0.007419557 0.08773277 0.008215885 0.00052862946 3.6761247e-07 0.036632244 2.6717484e-07 4.974195e-07 2.2710605e-09 2.970995e-09 1.2696317e-09 9.8560995e-06 1.4133109e-09 1.4440593e-08 1.0717222e-08 4.4453125e-07 6.9584436e-09 0.014806261 2.960014e-07 6.8871686e-09 5.5558635e-10 0.00012940589 2.1170802e-08 0.00015008012 1.6746648e-05 0.00020973464 7.000073e-12 9.73305e-07 1.9554851e-07 3.7036302e-10 1.7098657e-08
0.9113035 0.35076776 0.8676656 0.8269992 0.72561246 0.59855545 0.05021167 0.20285065 0.13970613 0.9938924 0.44442728 0.124593414 0.3693621 0.014235383 1.0507285e-16 0.011396878 0.91343105 0.01464878 0.33856058 0.009347823 0.0094330255 0.00020808839 0.00030791914 0.01543759 0.00041757757 0.00017291916 5.241531e-05 1.2954228e-05 4.2351265e-05 4.8094134e-05 0.023090359 0.0024923678 1.0696175e-05 0.37527987 0.018864796 0.0013926005 0.00071098993 5.994788e-06 2.96239e-06 0.5873491 0.0007608494 0.00025432577 4.592475e-05 7.996332e-08 1.5961673e-06 4.0371757e-05 0.00053461886 8.789993e-05 6.606498e-08 3.6013247e-07 2.0318097e-08 0.00083366595 0.010977924 4.037458e-06 0.0038034185 3.3507312e-08 2.0112049e-08 0.0031143993 6.561481e-07 1.6568858e-08 0.001087029 0.00066345884 1.3864114e-07 0.0034957295 1.3209021e-07 9.438437e-09 2.7910302e-08 1.3104571e-08 1.11322585e-07 8.6856346e-08 0.003421996 0.0007032366 0.000635298 0.00251099 1.0722975e-05 0.00033952313 1.0172539e-06 7.0412204e-07 9.304131e-09 2.2655755e-08 1.1968545e-08 7.662346e-05 1.8769299e-10 5.7734997e-08 1.7126139e-06 1.9564646e-07 1.08007086e-07 0.0033144057 3.8296694e-05 2.323018e-05 1.0296372e-09 0.00010172637 3.0646206e-09 9.614484e-05 0.00037599908 0.0020809483 1.7537861e-08 0.00013120628 1.750303e-05 3.56806e-08 6.5599133e-06
0.963984 0.00015290276 0.006972588 0.13537297 0.5721752 0.25486803 0.40817758 0.12631185 0.96562386 0.008435822 0.003548807 0.84646827 0.3334726 7.6123804e-05 0.011396878 6.948254e-14 0.03327652 0.0063857515 0.00041389672 0.97672206 2.3063254e-05 0.6932577 0.30239782 0.15530978 0.7261794 0.16485803 0.07033482 0.021608476 0.08428515 0.23123834 3.6890897e-06 0.034725875 0.014744886 0.012943102 0.028443065 0.0013754177 0.0026801701 0.002818189 0.01615699 0.0009965682 0.21410082 0.00029555982 0.017071962 0.00019041689 0.0028169304 0.013801052 0.0014777108 0.017413286 5.2467323e-05 0.00245016 3.0355434e-06 0.040520392 1.2300191e-05 0.004501635 6.256223e-05 0.0003177878 0.0001394824 2.070969e-06 0.00045528245 1.7001836e-05 1.8706158e-05 0.0075648916 1.8476929e-05 0.00087107334 6.143073e-05 4.21387e-05 5.3406307e-05 2.2574395e-05 0.00016493705 0.00012042623 0.011407344 0.0013207239 6.7158617e-06 0.014399737 0.0005224541 0.0017954308 5.236405e-05 0.00043924426 1.7236982e-05 1.806278e-06 3.0246201e-06 0.0026217082 1.0272789e-06 2.8877247e-07 3.9846233e-05 6.395789e-05 2.0824936e-08 0.012374226 0.0010539248 8.166782e-07 2.3561654e-06 0.0019848302 1.0070459e-07 3.8550603e-05 0.0015264363 0.007604675 2.4239503e-08 0.0008334704 2.6122925e-05 2.7058522e-07 3.1973774e-05
0.95937544 0.040508855 0.15582423 0.6198201 0.77522314 0.6996179 0.53151613 0.05184211 0.36245155 0.50890565 0.2932135 0.5423849 0.88320726 0.0007431914 0.91343105 0.03327652 5.860692e-17 0.0008592361 0.143214 0.024583196 0.00013727476 0.00044431724 0.0009385784 0.017103309 0.0035997815 0.0048778625 3.8249647e-05 6.5290565e-06 0.00012576322 0.00014109294 0.0001429884 0.0019139101 6.509886e-05 0.9853373 0.7421012 7.6834556e-05 0.0006816536 9.374847e-06 2.005312e-06 0.6683081 0.005597096 6.4666056e-06 0.0013866904 1.9444538e-07 3.3188146e-06 0.0074980506 0.00027918373 0.017561872 5.085668e-08 1.46222665e-05 1.4092738e-08 0.001276951 0.015401399 0.00015731335 0.026930219 9.847545e-05 2.0636831e-07 0.0014579769 0.00035618048 3.7763883e-07 0.017597592 0.15693156 1.6963402e-07 0.24177274 3.5574269e-07 2.0944798e-08 5.812866e-09 5.482599e-09 7.1481753e-07 3.8581854e-07 0.0022053018 0.00019444288 3.171403e-05 0.0034783517 2.6424883e-05 9.994335e-05 1.7054677e-07 8.577696e-07 1.6237792e-08 2.3226325e-07 5.3325312e-08 7.6977216e-05 5.214388e-09 6.8021153e-09 6.841035e-08 4.9311006e-07 3.4144358e-07 0.0091657005 9.682773e-06 8.060767e-07 2.006119e-06 3.54146e-05 7.91717e-09 0.036816154 0.00011152156 0.0065912474 1.2251943e-09 1.8613802e-05 0.0006352169 1.0783865e-06 1.842768e-06
0.98696834 0.8819602 0.438882 0.07647709 0.014357161 0.019247783 0.009676788 0.5493113 0.0012024863 0.089129105 0.24744387 0.00010058956 0.00012817056 0.82283735 0.01464878 0.0063857515 0.0008592361 4.237955e-14 0.12059033 0.1000965 0.47194153 2.476969e-06 1.060183e-07 0.04605153 0.00036567505 9.4455366e-08 5.2622745e-06 5.3673175e-06 1.5881396e-06 0.00089332025 0.0077106124 0.019571917 5.8827953e-07 0.00030640906 7.639427e-05 0.9798579 0.7426618 5.9990344e-07 8.024094e-06 0.010400471 0.004199931 0.9535608 2.1756965e-05 3.130867e-07 6.691277e-07 0.00013668208 0.083571196 7.31052e-05 1.389164e-07 1.0186596e-06 5.0301185e-07 0.02870454 0.0024846313 8.504503e-05 0.0028225642 1.602456e-06 1.612977e-06 0.000102721424 2.4522872e-06 1.0577979e-06 4.6943085e-05 0.00029142248 1.8879888e-06 0.0011615562 1.2906763e-05 7.929529e-06 1.4890607e-06 2.0330086e-07 4.7799545e-06 3.0730837e-06 0.075221196 0.5849273 0.0029881499 0.002850857 9.356122e-07 0.07004925 9.110041e-06 8.2624587e-07 7.380973e-07 6.2602717e-06 1.8971367e-07 0.00031677142 1.191982e-07 2.4779083e-05 1.0509713e-08 2.0174155e-06 3.9771516e-07 0.03904482 1.4774382e-05 1.3974075e-07 1.6805457e-07 0.00013498151 4.630368e-08 7.5039454e-05 7.462062e-05 0.0017593212 1.7395264e-09 1.29793425e-05 9.3763174e-07 2.1590863e-07 1.6338566e-07
0.81893176 0.8448668 0.56822944 0.10188379 0.046193644 0.07068937 0.0025026274 0.07216823 0.002055638 0.5042357 0.97384274 0.002226303 0.0011494702 0.79687333 0.33856058 0.00041389672 0.143214 0.12059033 4.4944544e-18 0.00033095005 0.7396959 1.564947e-06 2.3764258e-06 0.002633334 5.446908e-06 5.8091905e-06 8.928772e-07 9.293068e-08 1.3028279e-07 1.2224825e-06 0.92847526 0.0022336615 3.6940338e-07 0.24620903 0.0004533633 0.01404596 0.00824278 1.3339384e-07 1.6064263e-08 0.92210853 8.723215e-06 0.0038350716 3.2755273e-05 1.0943243e-08 5.6312437e-08 4.1843683e-05 0.0028359334 0.00024557204 6.582181e-09 2.3134847e-07 6.837845e-10 0.00011525459 0.6494744 2.1538615e-06 0.42111856 1.975374e-07 8.538146e-09 0.44331065 8.6446755e-07 1.8082315e-09 0.042348247 0.0028130847 1.2442344e-09 0.31817865 4.5099682e-08 6.2469835e-10 6.94292e-09 2.9084783e-09 4.6484843e-07 5.9270127e-07 0.0027095696 0.0049417154 0.053432144 0.00033992698 2.4643869e-06 0.0036864502 9.6241926e-08 1.645406e-07 1.0981753e-09 1.8434032e-09 2.7297464e-09 1.0893292e-05 5.0365444e-11 1.4239697e-08 7.956625e-08 3.3066624e-07 2.984611e-08 0.0047204453 2.2328372e-06 1.8401802e-07 1.0141311e-08 7.199419e-05 1.3096149e-08 0.0013513047 0.0007481351 0.00044658832 4.6229904e-12 5.3425207e-05 6.1985736e-07 1.571571e-08 8.8664585e-08
0.98638725 0.00058312406 0.008616359 0.14032635 0.2013403 0.032340463 0.06618774 0.34347075 0.48656493 0.017816167 0.006287765 0.4066395 0.07416039 9.917353e-05 0.009347823 0.97672206 0.024583196 0.1000965 0.00033095005 2.3034354e-12 4.1418436e-05 0.2283629 0.077494465 0.8642879 0.7674267 0.036251955 0.027357204 0.014853158 0.042279534 0.6918046 4.037258e-06 0.2624973 0.005219879 0.0011761957 0.00460557 0.006119713 0.013582092 0.0035800291 0.034994446 0.0003026831 0.8791568 0.0005785047 0.0024312166 0.00062380516 0.0016821212 0.0013844256 0.010198506 0.0022631907 0.00010999705 0.0008024535 5.8695252e-05 0.3174208 1.2853527e-05 0.085296564 8.7909895e-05 3.128527e-05 1.531718e-05 3.4631869e-06 0.0002890443 3.2995464e-05 9.3479706e-05 0.0053313007 2.3682256e-05 0.0052242544 2.7637949e-05 5.0784252e-05 4.6277287e-06 2.114417e-06 0.00183585 0.000766114 0.093142755 0.011007156 2.6568905e-06 0.15664619 0.0022830805 0.010738178 0.00014560865 0.0011046613 2.3507741e-06 2.42671e-06 7.4074654e-07 0.014505067 9.0435555e-07 5.999046e-07 0.00012907299 0.00042448755 3.0860733e-08 0.06585834 0.004197182 3.8349012e-06 2.984907e-06 0.00746575 4.014148e-07 0.0005363086 0.005023537 0.05795544 1.4614912e-08 0.0034522787 7.635014e-05 4.151936e-07 0.0003813348
0.8960638 0.53205824 0.07770047 0.0016357448 0.00025037111 0.0015050437 5.297544e-05 0.017633583 0.00010836185 0.020111086 0.24777196 5.327654e-05 2.2397588e-05 0.9743524 0.0094330255 2.3063254e-05 0.00013727476 0.47194153 0.7396959 4.1418436e-05 1.7378514e-13 7.5965266e-07 2.5780471e-07 0.000500737 6.5479287e-07 2.147452e-06 1.0264191e-06 2.9715932e-07 5.7305588e-08 5.0141836e-07 0.9747619 0.0014605599 5.7062124e-07 0.0007470642 6.282074e-05 0.08366021 0.014418971 1.5867143e-07 5.7504646e-08 0.252866 5.003281e-06 0.04744172 1.7172106e-05 3.0880162e-08 1.5851353e-07 1.8307053e-05 0.0051153214 0.00021187772 1.643327e-08 6.0273464e-07 8.612073e-09 6.2172345e-05 0.052673936 9.2090744e-07 0.0060823536 3.4119182e-06 3.9181472e-07 0.012626442 2.1180094e-06 2.0776811e-08 0.0007368468 9.929594e-06 1.08695474e-07 0.004380272 2.3995625e-07 6.2014234e-09 1.643661e-06 2.6193911e-08 1.6564061e-07 1.8261863e-08 0.0009472637 0.057796035 0.84652984 2.2334472e-05 1.3600379e-07 0.021739269 2.9534604e-07 7.217955e-08 4.5811936e-07 1.5052439e-07 9.299487e-08 1.1633042e-07 6.313431e-09 8.8771365e-08 2.0830844e-09 2.0414599e-07 4.8124985e-08 0.0021133397 1.4756996e-10 4.55897e-09 7.917592e-09 1.2034741e-07 1.14095124e-08 7.5186654e-05 5.451247e-08 4.4914696e-06 4.88539e-10 3.713792e-08 3.9303026e-07 1.3695273e-09 3.0892736e-10
0.95144385 8.863817e-09 2.3104828e-06 5.9682716e-05 9.031342e-05 0.00020825733 0.0005900087 2.4829373e-05 0.35519794 0.00011405565 4.8065518e-05 0.28717983 0.005217292 3.860015e-07 0.00020808839 0.6932577 0.00044431724 2.476969e-06 1.564947e-06 0.2283629 7.5965266e-07 4.0982948e-17 0.9817924 0.002466662 0.8314356 0.8532265 0.88604355 0.7656712 0.33048487 0.2597755 6.194829e-08 0.00046554743 0.83484566 0.003533099 0.14314917 8.6881455e-06 1.7696942e-05 0.35748267 0.013273347 2.905835e-06 0.06811785 2.2663949e-06 0.36814904 0.0035327475 0.34283915 0.2377619 1.7084665e-05 0.19407885 0.00020733783 0.28332984 1.8127804e-06 0.0037979218 1.3608453e-06 0.001355175 6.272206e-06 0.039259907 0.07588653 1.8872992e-08 0.026131645 4.067299e-07 4.010308e-06 0.24930936 5.5030137e-05 0.0019526426 6.839545e-05 9.662116e-07 0.0050022844 0.0029330351 5.298926e-06 1.4778879e-05 0.0006314904 2.6202693e-05 2.5522596e-08 0.0014716319 2.5531495e-05 5.052956e-05 2.5417276e-06 1.1084564e-05 4.472003e-05 3.6737013e-06 2.2594468e-05 9.3578885e-05 1.1833711e-06 2.4182382e-08 2.1017843e-07 8.181122e-06 7.948365e-10 0.0009337942 3.698349e-05 2.5246377e-08 0.00018490579 8.295929e-05 3.2457064e-09 1.5207382e-06 8.028201e-05 0.0018248026 7.705249e-09 2.0622903e-05 2.2097436e-05 3.1350247e-08 2.8087564e-07
0.95136845 3.307173e-09 5.176386e-07 1.8516404e-05 1.690162e-05 8.6701955e-05 0.00075796957 1.9950488e-05 0.13008557 0.00010638621 3.170003e-05 0.19095297 0.008127519 1.0874462e-07 0.00030791914 0.30239782 0.0009385784 1.060183e-07 2.3764258e-06 0.077494465 2.5780471e-07 0.9817924 5.599999e-16 0.00068196736 0.6941098 0.93687135 0.85240084 0.67140317 0.23537174 0.18493055 1.2107044e-07 0.00031247092 0.94612354 0.005354562 0.10231931 1.9616668e-06 2.1777765e-05 0.39953822 0.0125798555 1.4013727e-05 0.039934542 5.0265646e-07 0.44827482 0.008203389 0.4691773 0.24445283 4.2953834e-05 0.21141906 0.0008668494 0.40399718 2.7526642e-06 0.0013143523 6.18726e-06 0.0010372656 1.41889e-05 0.059958454 0.12029935 7.9217015e-09 0.050425094 6.658018e-07 6.9826656e-06 0.22704196 0.00024032945 0.0010324352 0.0003031427 8.926814e-07 0.013006245 0.0056953365 8.402565e-06 1.3181625e-05 9.991638e-05 7.3394995e-06 1.0928878e-07 0.00071537 2.5872196e-05 3.6512167e-05 5.0611575e-06 2.6105918e-05 0.00023045874 2.0316287e-05 0.000247912 5.4431413e-05 3.7553625e-06 8.3704684e-08 4.0918368e-07 8.612193e-06 2.632261e-09 0.00057870755 3.1621286e-05 8.4344606e-08 0.0006448414 4.359457e-05 8.911027e-09 1.3069033e-05 0.00010836217 0.0019108335 1.1089169e-08 3.458047e-05 1.9022731e-05 1.0712917e-07 8.643183e-07
0.96498764 0.21631058 0.3829626 0.567761 0.2776089 0.06734715 0.06294119 0.886112 0.07396409 0.042615205 0.04334374 0.096710384 0.015210249 0.008873904 0.01543759 0.15530978 0.017103309 0.04605153 0.002633334 0.8642879 0.000500737 0.002466662 0.00068196736 1.7260375e-14 0.09047365 0.001374366 0.0005182667 0.00024849118 0.0016981921 0.39832276 6.0450944e-05 0.9848126 0.000116160096 0.001690118 0.00046701846 0.066431485 0.15220816 5.5774795e-05 0.010551961 0.02609509 0.78126305 0.00028292407 0.00062638614 9.839092e-06 5.132382e-05 0.00037432392 0.1429839 0.0001873611 3.5264304e-06 6.277804e-05 6.3281545e-06 0.8447851 0.00036844466 0.16471955 0.0012766606 3.3710332e-06 6.341152e-07 4.3981618e-06 3.3305332e-06 7.0083675e-05 0.00018920968 0.0048044967 1.4385008e-06 0.0028311773 2.2893553e-05 0.0005552867 4.792708e-06 3.119369e-07 0.02915049 0.0062480327 0.23722775 0.026435087 4.302144e-05 0.27342266 0.010777771 0.034243926 0.0006240872 0.0024403504 4.5282204e-06 1.558e-06 1.4667503e-07 0.031186301 1.6811147e-07 9.854286e-06 7.459863e-05 0.0029542453 4.2711318e-07 0.14493807 0.006456368 3.85826e-05 7.252698e-06 0.011407671 2.3284119e-07 0.00016016523 0.016303843 0.14039195 3.7662775e-09 0.022698846 5.909051e-06 1.9308177e-06 0.0014968966
0.9446642 4.5781144e-07 7.315604e-05 0.0005815538 0.0017134686 0.00062948844 0.0022712862 0.0030956094 0.17416537 0.00029672057 0.00031026584 0.16915028 0.016421095 1.0672225e-06 0.00041757757 0.7261794 0.0035997815 0.00036567505 5.446908e-06 0.7674267 6.5479287e-07 0.8314356 0.6941098 0.09047365 2.0089053e-15 0.15496218 0.7961923 0.68885225 0.89803797 0.98406994 4.8695604e-08 0.010383663 0.3643806 0.00052797125 0.0018722445 0.0004697533 0.0009938383 0.42210802 0.41637495 2.011583e-06 0.57122815 3.595498e-05 0.04063279 0.10683138 0.19077167 0.013322821 0.0004706048 0.0072263186 0.02000596 0.068198204 0.017959498 0.048012733 7.0415736e-06 0.086792745 5.1366078e-05 0.0036333974 0.0051661213 1.5438448e-07 0.0031206755 0.00021782554 2.9424204e-05 0.003073815 0.00067582284 0.00074802374 0.005787004 0.00069057493 0.008870123 0.002507421 0.0023963428 0.0011258007 0.0052747703 0.00034849474 7.3247065e-07 0.015922602 0.0025275557 0.00046687617 6.759926e-05 0.0007342356 0.0006049697 8.493228e-05 0.00033893276 0.0026337006 0.000119156335 2.716436e-06 8.42854e-05 0.00027481318 9.258634e-09 0.0034543043 0.0013410579 2.838516e-06 5.5145927e-05 0.0009707178 2.8263375e-07 5.141869e-06 0.0015849601 0.0072333715 2.166055e-07 0.0013894929 7.9460015e-06 1.2234926e-06 0.000109208515
0.9195819 1.3905963e-08 3.718197e-06 0.0013094803 0.0013546008 0.00047224035 0.0023106043 9.751361e-05 0.8269091 3.2483236e-05 1.1478418e-05 0.9056546 0.18104982 2.3278147e-07 0.00017291916 0.16485803 0.0048778625 9.4455366e-08 5.8091905e-06 0.036251955 2.147452e-06 0.8532265 0.93687135 0.001374366 0.15496218 6.672066e-16 0.17531364 0.068640575 0.013635868 0.016302483 5.8248897e-08 0.0001921585 0.89188206 0.014926907 0.7180367 2.7202755e-06 3.185571e-05 0.017871253 0.0023181294 2.5223073e-05 0.021262147 1.6054877e-06 0.9863638 0.0009318393 0.06033144 0.63548625 4.967606e-05 0.46066186 2.8251061e-05 0.2881178 4.8968246e-07 0.000456411 1.2472336e-06 3.054406e-05 1.13366e-05 0.09776754 0.055956986 1.3193898e-09 0.1386379 1.9878847e-07 1.4448811e-05 0.5045618 4.3699632e-07 0.0029582968 1.5411388e-06 3.467992e-08 2.0687672e-05 2.255167e-05 1.8049012e-07 2.4779527e-07 0.0002328331 8.20026e-06 5.362756e-07 0.0005778229 1.0037323e-05 2.289957e-06 4.2018715e-07 1.6560248e-06 1.7385199e-05 4.49598e-07 2.8757163e-06 3.0713007e-05 2.4080146e-07 4.257315e-08 1.0979586e-07 7.443503e-07 7.876682e-09 0.00020593354 1.2669641e-06 2.330307e-07 7.3087635e-05 6.468055e-06 3.017901e-10 0.0017221963 7.990883e-06 0.0016768462 1.0961837e-08 5.2897217e-06 0.00038282148 1.575103e-08 1.2741876e-07
0.9149657 8.8030285e-09 1.2409159e-06 4.6721757e-06 1.5345771e-06 2.466088e-05 4.6787147e-05 1.36369135e-05 0.0032371287 2.1857142e-05 6.975724e-06 0.0024753173 0.000114565184 2.8741937e-07 5.241531e-05 0.07033482 3.8249647e-05 5.2622745e-06 8.928772e-07 0.027357204 1.0264191e-06 0.88604355 0.85240084 0.0005182667 0.7961923 0.17531364 4.993377e-15 0.98582685 0.806238 0.3080989 1.9633988e-07 0.00016869392 0.68128103 0.00019437671 0.002271504 2.4667559e-05 2.5831689e-05 0.910213 0.17007531 8.4118045e-07 0.04394142 3.862676e-06 0.06358149 0.486948 0.7165765 0.035782546 1.898268e-05 0.017307509 0.073849045 0.23104455 0.0019317747 0.002651651 5.151696e-06 0.009613178 1.5899877e-05 0.025238106 0.082847685 2.2708711e-08 0.017797988 1.5156542e-05 4.545896e-06 0.023424188 0.0019324675 0.00037102893 0.013258115 2.8294768e-05 0.09112893 0.023977812 0.00013117488 0.00015248948 0.00044826974 3.530807e-05 6.776957e-08 0.0015964448 0.00026430644 4.7066267e-05 3.058382e-05 0.00010157262 0.0010193654 6.3124564e-05 0.0016216716 0.0004268986 5.3558866e-05 2.4534568e-06 4.4101744e-06 3.659098e-05 2.1740005e-08 0.0005980559 0.00023471161 6.7313404e-06 0.0025267736 0.00014304856 7.3160045e-08 2.5189706e-07 0.00032407782 0.0031135739 5.2540724e-07 0.00013545826 3.745537e-06 2.8993686e-06 7.708473e-06
0.9108211 5.216507e-09 7.8468577e-07 1.8915085e-06 3.0459933e-07 1.3537064e-05 1.7991424e-05 7.542418e-06 0.00094843056 2.1356045e-06 1.2579801e-06 0.0008943968 5.5548553e-05 4.1104087e-08 1.2954228e-05 0.021608476 6.5290565e-06 5.3673175e-06 9.293068e-08 0.014853158 2.9715932e-07 0.7656712 0.67140317 0.00024849118 0.68885225 0.068640575 0.98582685 1.9300143e-16 0.8471366 0.27189064 5.1618358e-08 0.00012972247 0.53657293 8.681399e-05 0.00082319346 2.4111581e-05 1.513808e-05 0.9533013 0.26412994 1.3110952e-07 0.035668213 2.1386986e-06 0.028338209 0.7561174 0.7222216 0.014368955 1.5175257e-05 0.0070413053 0.27632216 0.16398871 0.02482989 0.0016099825 3.687904e-06 0.013515722 7.0470214e-06 0.015241178 0.062318113 4.6107393e-09 0.009123343 8.3719584e-05 1.1400487e-06 0.007454988 0.0052515585 0.0001985364 0.033508353 7.150065e-05 0.122752376 0.024314301 0.00028205174 0.00026772948 0.0004079803 2.4968496e-05 1.00705364e-07 0.0016226701 0.0004343468 3.918854e-05 5.3060892e-05 0.00023946876 0.0021966372 8.785047e-05 0.0034731228 0.0007609521 8.89537e-05 4.8345055e-06 5.758884e-06 4.5351506e-05 1.1689615e-07 0.0004491247 0.00020743234 2.1719958e-05 0.0019847252 0.0001279705 2.7428464e-07 1.2495022e-07 0.00025445726 0.0025023303 1.032322e-06 0.000105773644 7.9837184e-07 1.6825232e-05 8.186562e-06
0.9341479 3.570046e-09 4.2101544e-07 8.201018e-06 2.769609e-06 6.101455e-05 0.00041284965 2.63609e-05 0.00572791 1.36365115e-05 8.81624e-06 0.0071760826 0.001317543 2.759324e-08 4.2351265e-05 0.08428515 0.00012576322 1.5881396e-06 1.3028279e-07 0.042279534 5.7305588e-08 0.33048487 0.23537174 0.0016981921 0.89803797 0.013635868 0.806238 0.8471366 1.606325e-16 0.7823325 4.2927004e-09 0.00037891555 0.12265821 5.2714837e-05 0.00014865691 8.309219e-06 2.1842307e-05 0.68268263 0.98421663 2.05979e-07 0.079169355 3.1654233e-07 0.0044636186 0.62476194 0.3309041 0.0013369959 1.04135315e-05 0.00064143306 0.4382567 0.054084312 0.67590904 0.007484626 7.740883e-07 0.20860885 1.6907345e-05 0.0018789667 0.009934962 1.0891249e-08 0.0008207846 0.17629607 5.277618e-06 6.36057e-05 0.01674102 3.4801436e-05 0.091584966 0.05097887 0.08640016 0.018602276 0.009091549 0.009569091 0.0008746732 5.4032032e-05 2.3918034e-07 0.004784618 0.0030275513 8.1117956e-05 0.0009244435 0.0033184967 0.009117481 0.0015724946 0.007452646 0.002112301 0.0012459682 5.7065066e-05 0.00028442283 0.0002672917 6.646877e-07 0.0008330425 0.0011239329 0.00010237004 0.00022579594 0.000510561 6.4871865e-06 2.6225118e-07 0.0008225579 0.005406518 1.3088066e-05 0.00069534325 9.031713e-07 6.4271495e-05 0.00032791644
0.9692158 1.0488988e-06 6.2067425e-05 0.00047587184 0.00019651909 0.00035976447 0.0007694407 0.0036372805 0.01983006 4.073386e-05 2.6557998e-05 0.038577493 0.0053298953 7.848332e-07 4.8094134e-05 0.23123834 0.00014109294 0.00089332025 1.2224825e-06 0.6918046 5.0141836e-07 0.2597755 0.18493055 0.39832276 0.98406994 0.016302483 0.3080989 0.27189064 0.7823325 2.4010633e-15 2.20521e-08 0.038464922 0.049287457 2.2579541e-05 0.00010298951 0.0010944722 0.0020046476 0.15393558 0.6583822 7.3098704e-07 0.9131719 2.5162648e-05 0.0025610363 0.075348295 0.07994394 0.0008058461 0.0014950129 0.00038913827 0.025484018 0.013676005 0.04221632 0.28911248 1.5294926e-06 0.5941543 2.039882e-05 0.00035678135 0.0013465314 4.9719756e-07 0.0007569698 0.0031087091 2.5648318e-05 0.00041339966 0.0004699496 0.0018468841 0.006449632 0.0039567496 0.0050636465 0.002242671 0.0659054 0.01322223 0.036857273 0.004466211 9.061132e-07 0.15543526 0.0937521 0.0022497552 0.0009941127 0.008695399 0.0010474408 9.600391e-05 0.0010708418 0.0432339 8.917506e-05 5.4092275e-06 0.0030656368 0.004346499 4.6552236e-07 0.010485138 0.018926216 0.00012162357 4.2887976e-05 0.014989718 1.6034373e-06 5.3151116e-06 0.018417766 0.05732695 2.2356784e-07 0.008593382 2.9407847e-05 3.7081212e-05 0.0035739928
0.16655058 0.23348218 0.054231077 0.0023261672 0.00033815706 0.00053581165 1.6269376e-05 0.0017293311 5.2473056e-06 0.029138941 0.36003318 1.4064879e-06 2.976198e-06 0.29031566 0.023090359 3.6890897e-06 0.0001429884 0.0077106124 0.92847526 4.037258e-06 0.9747619 6.194829e-08 1.2107044e-07 6.0450944e-05 4.8695604e-08 5.8248897e-08 1.9633988e-07 5.1618358e-08 4.2927004e-09 2.20521e-08 2.854507e-14 2.75587e-05 6.939441e-08 0.0019282241 7.386656e-05 0.0057255314 0.0020454673 1.0239216e-07 3.551579e-09 0.7429482 1.5894996e-07 0.0035576683 3.7117118e-07 8.182397e-09 5.882826e-08 6.231962e-07 0.0009896022 2.7438957e-05 3.0038166e-08 3.1769684e-08 1.2203386e-09 4.455645e-06 0.35198104 3.073303e-06 0.176111 2.986113e-07 2.5470948e-08 0.9677079 1.0898196e-07 8.666451e-09 0.021861084 0.00044616172 2.9940801e-07 0.18110842 1.9370357e-07 3.117048e-08 2.7550894e-07 5.014408e-09 5.3504518e-08 7.838212e-09 0.00039880734 0.0030460632 0.87599456 1.5219956e-05 1.3821926e-08 0.0017248477 1.5291697e-07 1.0177625e-08 8.4418154e-08 3.2671664e-07 4.0201934e-07 1.9747402e-08 4.1009802e-08 1.6087914e-07 4.4110737e-10 9.413249e-09 1.514374e-07 0.0015477013 9.35521e-11 2.1351502e-08 8.135549e-07 7.065008e-08 1.0805839e-07 0.001349678 5.2047323e-08 1.8686955e-05 5.1217057e-08 2.6797125e-07 5.3070147e-07 2.1217854e-08 2.2527541e-10
