1.198639e-15 0.9521677 0.8797619 0.96576947 0.9889678 0.85947055 0.78113765 0.7080477 0.92495936 0.72147787 0.9894376 0.6789426 0.6331557 0.9629218 0.790428 0.7606294 0.8154924 0.8849059 0.9084999 0.8780343 0.4401491 0.14945312 0.9847114 0.676925 0.84439874 0.9016021 0.77151436 0.8438794 0.6619747 0.7509172 0.9635019 0.931415 0.56999207 0.010008982 0.74540997 0.99031 0.85266656 0.9556244 0.6208761 0.9649595 0.37524676 0.88061523 0.8841237 0.9330927 0.9990238 0.37521783 0.889655 0.9335181 0.8412181 0.89405113 0.64489985 0.96432376 0.070624106 0.8524241 0.91864747 0.931404 0.41755205 0.10973505 0.015635598 0.30002415 0.5084096 0.32013336 0.48124754 0.81833845 0.9871649 0.2783515 0.9962338 0.9683212 0.66224885 0.88996655 0.9712547 0.0055610677 0.9859264 0.79420966 0.9007662 0.00029072986 0.97775483 0.84176207 4.422449e-05 0.9020317 0.81817365 0.9997618 0.10097195 2.7926053e-05 0.66108185 0.84921163 0.7690166 0.017372256 0.00018781066 0.98528427 0.9156712 0.99519396 1.4344595e-06 0.99993086 0.98195624 0.829659 0.8405189 4.2507855e-07 0.51595956 0.9999901 0.999814
0.9521677 1.38465035e-14 0.93237907 0.8295674 0.057130605 0.94593745 0.6611454 0.54058284 0.4608907 0.40812814 0.029238917 0.018655378 0.02131051 0.96419334 0.011454427 0.6358867 0.006826001 0.38157743 0.048118085 0.91094476 0.051280938 0.17033471 0.187286 0.098909564 0.6373571 0.44932508 0.002128062 0.0035401026 0.0005111963 0.067008786 6.6399596e-05 0.01574393 0.12298197 0.001888814 0.11001224 0.0002375028 1.732811e-05 0.040139448 5.7351386e-05 0.24550352 0.0006841091 0.00092662324 2.856986e-06 0.00028289115 0.031624064 0.09013874 0.0079060085 0.0014199268 0.00052077963 0.0010335785 0.00032892684 0.2026357 0.015318474 0.00014744845 1.3581046e-06 2.065276e-05 1.3494051e-05 0.22710305 7.705878e-06 0.0014119652 5.062789e-08 3.826358e-07 5.030658e-06 0.00026979946 4.8981612e-05 6.6488205e-08 0.00018626987 0.00152008 2.6840976e-06 0.00025413497 0.0015605818 0.037914068 0.00030532133 3.459841e-05 4.2349157e-07 1.1367682e-07 8.678543e-05 0.005504804 2.3618142e-08 0.0036923913 0.0029835869 0.018372977 6.22249e-07 4.8186614e-08 2.8899854e-06 0.000913788 9.542178e-08 1.4319713e-07 3.8392045e-06 0.0006048021 0.0013854762 0.00015095905 2.941434e-06 2.1308662e-08 6.0407543e-05 0.00024047916 0.00020632277 2.263223e-05 2.061897e-07 0.0060760197 0.00027441484
0.8797619 0.93237907 2.041621e-17 0.99320596 0.5057334 0.06622436 0.0010134737 0.00069754204 0.00025372763 0.0011951637 0.00011813471 3.473919e-05 7.349366e-05 0.2800895 1.5462583e-05 0.009700298 0.21632995 0.42678466 8.3804094e-05 0.2997025 0.00020142303 0.9622687 0.038382147 0.0008522629 0.77983403 0.17007926 0.008411966 0.018409481 0.004217714 0.11033771 0.0006002592 0.0018051054 0.017778693 0.04652957 0.02051765 0.0023451964 4.509349e-08 0.10164738 0.00042716798 0.056628913 0.017044252 8.7356726e-05 0.00012463158 2.4571387e-05 0.0047584735 0.004884275 0.0011308785 0.00036303682 0.0013184914 0.004340023 0.0012410308 0.09604003 0.0010318181 0.0003198355 1.3657665e-06 1.2752076e-07 3.3527265e-06 0.013037048 0.0016709414 1.8298937e-05 2.5200277e-09 1.2365884e-08 4.5516786e-06 3.6761776e-05 1.8295037e-06 2.33005e-08 5.745151e-05 0.0117422035 4.1842046e-07 0.0015940203 0.0003307872 0.019956676 0.0013050389 2.5271274e-07 2.0202544e-09 2.1257463e-07 0.0005669504 0.0069149327 1.7349025e-07 0.005343168 0.006335954 0.014870712 1.3044663e-09 4.985515e-08 5.6066476e-08 0.005037877 6.54086e-08 4.513331e-09 1.8817299e-06 0.0016969221 0.005465146 0.0010268231 1.6327664e-05 9.582878e-10 1.1981845e-05 0.00016512025 1.2198396e-05 1.8437904e-05 2.5489648e-09 0.0021377557 0.0011097776
0.96576947 0.8295674 0.99320596 4.054744e-14 0.88705546 0.018435812 0.00087199337 0.0008652908 0.0005347121 0.00054255 0.00023478999 0.00017506377 0.00016564435 0.47442442 2.5877845e-05 0.004562818 0.35070518 0.78777397 6.8008056e-05 0.14094767 9.5248266e-05 0.79286325 0.10537789 0.0005346838 0.4549142 0.3041478 0.07154455 0.0859152 0.042897694 0.35898346 0.015740281 0.004165083 0.032587525 0.029547267 0.050057374 0.08327925 7.5191706e-06 0.23119338 0.013650695 0.113581896 0.05894962 0.00016121159 0.0012262074 3.4799108e-05 0.023808008 0.0042661126 0.005711617 0.0012076488 0.01560346 0.04674525 0.010503488 0.29140905 0.00097448786 0.0031090146 5.5382275e-06 7.1892026e-07 6.7186255e-07 0.0028837097 0.003031742 1.5078587e-05 1.4459114e-08 1.2035854e-05 1.3213445e-05 0.00017061392 4.6061075e-05 1.0591844e-07 0.00015457578 0.046649642 1.1045695e-06 0.016676858 0.0028623631 0.007597495 0.0077294204 9.377243e-06 3.221545e-07 1.2403272e-05 0.0042124297 0.021857448 2.3222716e-05 0.017235946 0.02508709 0.056959048 1.4775361e-06 5.111712e-06 5.6971617e-06 0.02365885 1.7234055e-07 4.1527952e-07 8.8718225e-06 0.011339136 0.02434031 0.006622862 3.7946993e-05 3.51358e-08 0.0027005638 0.0044243312 0.0006949287 0.00013385 2.6992321e-08 0.009340962 0.0082199015
0.9889678 0.057130605 0.5057334 0.88705546 3.8583874e-13 0.00068781443 3.586563e-05 5.6929006e-05 1.4764185e-05 9.1834314e-05 3.0896117e-05 6.039617e-06 6.836757e-06 0.08826359 2.3011032e-07 0.00011821483 0.9922921 0.62521833 1.5507336e-06 0.0022130748 1.1526228e-06 0.6996274 0.032872856 2.7796482e-06 0.071722165 0.17739987 0.80097884 0.5005974 0.39706364 0.42878804 0.24974978 0.00016840489 0.023375925 0.16775276 0.03257355 0.63187444 2.7102128e-06 0.26874664 0.19983076 0.108448036 0.42730677 5.2429556e-07 0.01933121 2.4036565e-06 0.008744242 0.00012513477 0.0011657426 6.946113e-05 0.18791036 0.36009353 0.123865895 0.10885855 3.2520788e-06 0.06309303 1.8082676e-07 2.9511716e-07 3.241699e-08 0.00021692416 0.17113519 7.368468e-07 3.1061616e-09 0.00040468143 4.0384944e-06 1.40025195e-05 2.935433e-05 7.886413e-08 1.6554446e-05 0.1872189 9.668631e-07 0.11401521 0.00089035777 0.00030972008 0.1678682 6.913307e-07 4.547057e-08 6.682012e-05 0.012393837 0.03702615 3.687199e-05 0.05795694 0.060706332 0.06090695 3.380951e-07 9.4745495e-08 3.5137812e-06 0.113558166 2.9584783e-07 4.5057686e-06 6.8440368e-06 0.045410097 0.09337488 0.06540551 3.1410789e-06 2.2564503e-08 0.010016407 0.015876167 0.00044943747 4.854482e-06 1.2174246e-07 0.015670521 0.035783373
0.85947055 0.94593745 0.06622436 0.018435812 0.00068781443 1.429465e-14 0.93765056 0.524515 0.12768242 0.9647686 0.016339885 0.017998634 0.046241548 0.66477764 0.0033426061 0.97219735 0.00026579475 0.003294649 0.3632068 0.8409313 0.49161744 0.0029870244 0.034807693 0.43918562 0.1550125 0.07285038 8.545723e-05 0.00017627083 1.992744e-05 0.0032968118 4.4404337e-06 0.0017580194 0.017775647 0.00019021289 0.013988086 1.3450284e-06 1.441221e-06 0.0010300558 5.092891e-06 0.051516827 3.8034434e-06 0.0007340578 8.306786e-08 2.0679783e-05 0.0028414347 0.24618663 0.00094577065 0.00019769015 0.00013200578 5.5997632e-05 3.1223008e-05 0.008965861 0.053959925 4.886098e-06 2.0528744e-06 4.739275e-06 2.4039796e-06 0.45404112 7.14626e-07 0.0039246893 1.5370355e-07 2.5676388e-07 2.151638e-06 1.4002372e-05 3.972397e-06 3.7014658e-08 1.221954e-05 3.2027154e-05 7.654637e-06 5.7707093e-06 0.0003784253 0.0251703 6.3523407e-06 1.6569776e-06 1.2822501e-07 4.779068e-07 3.7573793e-06 0.00024963034 1.610159e-07 0.00018695093 0.00020369046 0.0014309147 1.3022583e-06 7.200757e-07 2.092655e-08 1.0863486e-05 1.1401916e-05 9.426098e-08 0.00019775466 4.42409e-05 0.00016851559 9.730502e-06 0.00016011256 2.5059645e-09 6.823007e-06 6.912055e-05 5.7097095e-06 4.0108345e-05 6.7004784e-09 0.0012210052 9.5713085e-06
0.78113765 0.6611454 0.0010134737 0.00087199337 3.586563e-05 0.93765056 1.9516683e-14 0.97691333 0.63590634 0.9825555 0.26389712 0.50878054 0.7063392 0.5443644 0.29745266 0.7071298 2.2722243e-05 0.001140851 0.8451211 0.35193992 0.4679841 0.00015917895 0.062720776 0.33408424 0.0030857206 0.019557104 4.2339954e-05 5.219608e-05 4.5425895e-06 0.0004582295 1.9981769e-07 0.018019486 0.010514262 1.6809658e-05 0.005498914 3.2198926e-07 5.2695236e-07 6.522184e-05 1.9848764e-07 0.02373486 3.187638e-07 0.0058372887 3.2612573e-09 0.00017880423 0.006190661 0.16627395 0.00604355 0.00128215 4.5439952e-05 2.6050284e-05 4.9910045e-06 0.001839447 0.036483794 1.3295473e-06 3.197379e-06 4.0009036e-06 4.0229224e-06 0.20276587 1.7179902e-07 0.0174273 2.1211494e-07 3.6674106e-08 3.0887588e-06 0.0001529786 1.7956551e-06 1.6233666e-07 7.999244e-05 2.3012919e-05 3.5900107e-06 2.2922118e-06 0.00071138365 0.0023472428 2.9877324e-06 1.9157162e-05 7.3225834e-07 5.0591687e-08 1.2272076e-06 7.362933e-05 2.2007265e-08 7.216136e-05 0.00013508028 0.0004280564 3.7541272e-06 2.4333065e-07 8.439772e-08 1.2645807e-05 1.9714576e-05 3.706084e-09 8.642936e-05 2.5592317e-05 0.00013027155 5.1154866e-06 1.3389857e-05 3.95564e-09 1.4190367e-06 1.589186e-05 1.4762052e-06 1.8158846e-06 3.7304986e-07 0.0012617451 5.8622054e-06
0.7080477 0.54058284 0.00069754204 0.0008652908 5.6929006e-05 0.524515 0.97691333 6.2396318e-15 0.9890699 0.7499576 0.68404996 0.8147931 0.9042931 0.58322465 0.64766586 0.27744463 3.7701702e-05 0.0034138279 0.701325 0.110077806 0.22182885 0.0006920646 0.12045776 0.1669641 0.00014619625 0.026042996 0.00013135227 0.0001373583 7.064995e-06 0.0009716292 1.6899878e-07 0.085897416 0.015796432 9.8441315e-06 0.0070654373 6.050758e-07 5.825029e-06 0.00022380732 2.9949538e-07 0.036131762 2.556207e-07 0.017720748 2.5225426e-09 0.0006691893 0.017720193 0.07282969 0.028728742 0.0055365167 3.915447e-05 2.4561456e-05 8.91569e-06 0.001955093 0.023131337 1.3120377e-06 1.0961278e-05 7.689008e-06 1.9358096e-05 0.062491994 1.3238834e-07 0.02174433 1.6980623e-07 1.5773518e-08 7.390641e-06 0.0004814236 4.9940186e-06 2.860087e-07 0.0003123437 1.9126493e-05 3.6557794e-06 4.769354e-06 0.001699515 7.0074246e-05 2.0785712e-06 3.6678117e-05 2.3426994e-06 1.285314e-08 1.5578219e-06 0.00042875196 2.7518752e-09 0.00012771033 0.00018753181 0.00071772723 2.3392613e-06 5.91696e-07 1.4617163e-07 3.266425e-05 7.468619e-05 4.3962176e-09 5.9151833e-05 5.0947005e-05 0.00042442253 1.161834e-05 4.917597e-06 2.1192648e-09 4.385375e-06 3.1883126e-05 2.8145519e-06 7.5557693e-07 5.141631e-07 0.0015649904 5.0641893e-06
0.92495936 0.4608907 0.00025372763 0.0005347121 1.4764185e-05 0.12768242 0.63590634 0.9890699 3.5644963e-15 0.24908699 0.9618162 0.83656234 0.85454774 0.83330476 0.82322234 0.096489534 1.10045785e-05 0.007552111 0.5539288 0.045937087 0.13027489 0.00047371179 0.34094897 0.09831597 3.4815046e-05 0.045529857 0.00015887184 8.00945e-05 4.3377404e-06 0.0013569235 5.608252e-08 0.4133967 0.03614766 3.2984467e-06 0.009816214 1.7377837e-07 3.8037717e-05 0.000107055996 1.1633531e-07 0.11474703 3.326881e-07 0.03620086 2.3407394e-09 0.0020809534 0.07024489 0.04452579 0.20906754 0.032857124 5.0886403e-05 2.6093123e-05 4.4342387e-06 0.0027751192 0.028774824 4.060962e-07 2.1917465e-05 1.2181005e-05 5.147544e-05 0.04708605 3.440053e-08 0.019930521 4.3926138e-07 9.0993595e-08 1.5254976e-05 0.0011802926 1.1145335e-05 2.213211e-07 0.0011488423 3.3882592e-05 1.0374516e-05 4.1654503e-06 0.01686562 9.673566e-07 1.1122703e-06 0.00018199118 5.4489083e-06 3.3220253e-08 2.8844563e-06 0.00028847592 1.101589e-08 0.00018144997 0.00020853001 0.0015079185 3.7384234e-05 9.363754e-07 1.5037145e-05 0.00013009872 7.3263705e-05 3.6943475e-09 2.8903038e-05 8.069921e-05 0.00072414574 1.7130593e-05 2.9050811e-06 2.340303e-08 2.3863695e-05 0.00021347882 2.7294825e-06 9.4063114e-07 8.661671e-06 0.0065852404 1.01027135e-05
0.72147787 0.40812814 0.0011951637 0.00054255 9.1834314e-05 0.9647686 0.9825555 0.7499576 0.24908699 3.2400063e-15 0.111705616 0.19550563 0.4507425 0.26473472 0.11625677 0.9389101 3.4291275e-05 0.00017642404 0.93835014 0.36010003 0.8974723 0.000110324516 0.025601229 0.4696271 0.006264381 0.011382248 7.4354975e-06 1.6577085e-05 2.0513673e-06 9.78279e-05 7.703743e-07 0.010307992 0.0036319634 2.7340154e-06 0.0030854498 5.022731e-07 6.5141165e-08 2.0197172e-05 2.6582197e-07 0.009598685 5.421168e-08 0.009408534 1.4508067e-08 0.00020430544 0.0016530327 0.2202275 0.0018322924 0.0007566341 2.1277607e-05 1.0254383e-05 2.86987e-06 0.00068797974 0.04675428 5.480984e-07 7.4517466e-06 1.7175134e-05 9.0848625e-06 0.3001213 7.9099294e-08 0.03433712 3.864678e-07 1.788871e-08 5.1807247e-06 0.00016362089 5.093082e-07 3.2601355e-07 0.00016089565 7.5105704e-06 5.840587e-06 6.524317e-07 0.00034919902 0.00597528 2.9592784e-06 1.11130275e-05 7.9463837e-07 6.163455e-08 9.997624e-07 1.168069e-05 7.4435103e-09 3.1210475e-05 3.880504e-05 0.00012172801 1.2827584e-06 1.0345898e-06 7.571411e-08 4.6042803e-07 1.601053e-05 4.32641e-09 0.00036329866 8.908457e-06 1.0913244e-05 2.743507e-06 7.481215e-05 2.1980544e-08 6.988067e-08 1.019483e-06 1.784737e-06 1.179786e-05 8.771556e-08 0.0008446939 1.2456111e-06
0.9894376 0.029238917 0.00011813471 0.00023478999 3.0896117e-05 0.016339885 0.26389712 0.68404996 0.9618162 0.111705616 9.105138e-16 0.7310842 0.60071933 0.59143555 0.9646934 0.018341137 6.428397e-06 0.0011360109 0.6221825 0.007700461 0.13433646 0.00015762467 0.31606036 0.084167205 0.00019683609 0.008301949 2.8206534e-05 4.8954524e-05 5.828107e-06 0.00030213915 1.0813612e-07 0.9005845 0.013404538 3.513451e-07 0.0028048402 1.7703726e-07 0.0009467005 4.8906928e-05 1.1303307e-07 0.034548137 6.7555686e-07 0.470054 1.1972676e-08 0.09528047 0.07445524 0.07954551 0.6437487 0.40358177 4.3272234e-05 2.925897e-05 7.465859e-06 0.0008075953 0.06749292 2.1124781e-06 0.0591053 0.004705781 0.0056266226 0.02254468 1.5879683e-08 0.1372782 5.2698153e-05 3.3556262e-07 0.0012216838 0.041142695 6.52797e-05 2.733545e-05 0.040307004 9.1434325e-05 0.0002941886 2.1974854e-05 0.1543612 2.86584e-07 1.6125241e-05 0.008395237 0.00023282201 1.909386e-08 2.2314152e-06 0.0002443985 1.0339732e-08 0.0003546183 0.00039712316 0.0018360812 0.00013985683 1.7911372e-05 0.0007467194 3.977133e-05 0.004361044 2.3203109e-08 0.000213784 0.00013150279 0.00026103642 5.0820203e-05 7.1035413e-07 1.6295664e-05 2.1686243e-05 7.9287696e-05 7.3003166e-06 9.6964584e-08 9.027906e-05 0.06331575 1.4783502e-05
0.6789426 0.018655378 3.473919e-05 0.00017506377 6.039617e-06 0.017998634 0.50878054 0.8147931 0.83656234 0.19550563 0.7310842 7.582888e-15 0.99117446 0.10767373 0.9866814 0.010756654 6.9004923e-06 0.00020605988 0.7199629 0.0060236286 0.09346596 2.2448996e-05 0.02761488 0.06126227 1.4152478e-05 0.00062180054 1.51171325e-05 1.1552128e-05 2.0811972e-06 4.2803353e-05 1.2641743e-07 0.18563193 0.0014874015 1.1401335e-06 0.00049019326 2.7276207e-07 1.4855926e-06 3.985522e-06 3.139592e-07 0.0038558415 8.344963e-08 0.15967691 3.8933847e-09 0.003548113 0.0049473005 0.035810955 0.043614786 0.015446395 1.5510717e-05 2.208428e-06 1.7556854e-06 0.00010936246 0.027163548 2.0920275e-07 0.0018936961 0.00018123776 0.0005416571 0.018417984 1.7181991e-08 0.04381977 4.555817e-06 1.4865094e-08 9.066768e-05 0.001352896 2.045626e-06 3.0020328e-06 0.0014344692 1.489518e-06 3.496604e-05 3.3298744e-07 0.0023203944 2.2409232e-07 7.4956824e-07 0.00027101563 2.7714968e-05 5.1006378e-08 3.1460374e-06 8.894178e-06 9.1400004e-10 1.9090174e-05 1.2613863e-05 2.0538155e-05 9.6041185e-05 2.1109525e-05 3.4132092e-05 9.209953e-07 0.00019575722 1.2558535e-08 0.0001362283 2.3787973e-06 6.1971696e-06 1.7163485e-06 8.34435e-06 2.254565e-07 3.2632926e-07 6.2451313e-06 2.4375393e-06 3.7956397e-07 7.5698454e-06 0.0016960145 1.108122e-06
0.6331557 0.02131051 7.349366e-05 0.00016564435 6.836757e-06 0.046241548 0.7063392 0.9042931 0.85454774 0.4507425 0.60071933 0.99117446 3.6021086e-14 0.078209184 0.97187054 0.045501325 1.1160247e-05 0.00012391669 0.9090955 0.013951294 0.19662066 3.5772475e-05 0.01778165 0.13292181 3.0670857e-05 0.00072346855 5.746545e-06 1.2344422e-05 1.0175179e-06 5.8666155e-05 1.8498012e-07 0.11580776 0.0013716719 1.1446133e-06 0.0005133219 3.0666587e-07 6.28781e-07 4.7686217e-06 4.1341164e-07 0.0025951818 3.4455617e-08 0.2912021 1.2511912e-08 0.002546902 0.002786334 0.06932808 0.029416261 0.008315951 1.35327655e-05 3.0905294e-06 1.5077861e-06 0.0001321064 0.062421218 2.5033825e-07 0.004097662 0.00013472237 0.0005161359 0.03807722 2.3855877e-08 0.09386516 4.7283092e-06 1.763692e-08 0.00010257919 0.0008495031 2.2353981e-06 4.3985815e-06 0.0013792677 1.9921767e-06 5.0760576e-05 2.228341e-07 0.0017100332 1.0282473e-06 1.0254172e-06 0.00016986384 3.910596e-05 6.617116e-08 1.257583e-06 1.7244265e-05 5.4764404e-10 1.3474107e-05 8.633179e-06 1.4201014e-05 5.68039e-05 2.7486127e-05 2.93233e-05 4.6696476e-07 0.00030033448 5.904429e-09 0.0003754324 2.3578243e-06 1.1243787e-05 1.6773986e-06 1.3463137e-05 2.3887011e-07 4.8297744e-07 3.165721e-06 1.8151972e-06 4.96807e-07 5.9956633e-06 0.0010788444 2.0915336e-06
0.9629218 0.96419334 0.2800895 0.47442442 0.08826359 0.66477764 0.5443644 0.58322465 0.83330476 0.26473472 0.59143555 0.10767373 0.078209184 1.1238982e-13 0.06474678 0.27739075 0.010916792 0.8230488 0.15061592 0.37785015 0.041524008 0.03259609 0.9739064 0.06731672 0.01858991 0.72592455 0.0007480206 0.0024299002 8.994657e-05 0.019180434 0.00013043763 0.27249217 0.31421039 0.0001692602 0.320386 4.8680986e-06 0.047853407 0.030226333 4.9261726e-06 0.5495716 0.00051232084 0.027581144 1.3949317e-06 0.0044069453 0.18216814 0.01713972 0.03614526 0.008520142 6.091798e-05 0.00022025935 6.3745274e-06 0.06582198 0.0070880055 4.3718287e-06 0.0021564763 0.0006258571 0.00127629 0.015584974 4.427102e-06 0.003774311 2.099823e-05 3.7130908e-06 0.00054359954 0.0011212041 0.0018749257 1.2090626e-05 0.0008444929 0.0011678135 0.00019528755 6.280025e-05 0.0060548484 0.00061222323 1.2690664e-05 7.2897106e-05 0.00019267359 3.4004354e-06 3.9376355e-06 0.002634155 4.9805413e-07 0.0012372516 0.0007170417 0.0077499286 2.721084e-05 3.2940932e-06 0.00019582987 0.00015433805 2.2145725e-05 3.5038962e-08 0.000111346 0.0006640688 0.0007681768 8.9708345e-05 3.12754e-05 6.9334085e-08 1.8648547e-06 2.8528792e-05 1.3285396e-06 8.892703e-06 1.3011883e-06 0.014075912 8.615816e-06
0.790428 0.011454427 1.5462583e-05 2.5877845e-05 2.3011032e-07 0.0033426061 0.29745266 0.64766586 0.82322234 0.11625677 0.9646934 0.9866814 0.97187054 0.06474678 4.201333e-15 0.006996805 2.3872502e-07 2.4634575e-05 0.8423329 0.0008188222 0.12155207 6.944175e-06 0.01882985 0.069201596 8.61543e-06 0.00018409798 2.2414029e-06 2.0656157e-06 1.4519368e-07 4.760906e-06 2.7892634e-08 0.37192175 0.0005871132 9.4774293e-07 0.00025757583 9.229459e-08 4.3608147e-06 1.3978274e-07 3.0551516e-07 0.00083345326 1.1760178e-08 0.686153 2.428688e-09 0.14690183 0.0012628669 0.045222115 0.105458945 0.0964478 7.5303296e-06 4.9031104e-07 3.605538e-07 1.44570395e-05 0.06875748 1.608036e-08 0.052503154 0.0057436638 0.008973406 0.012211112 9.870438e-09 0.14409414 0.00016076665 5.4535658e-08 0.00417984 0.020141555 2.2761249e-06 2.4373387e-05 0.011329706 4.4163082e-07 0.00023745387 7.56493e-08 0.004430969 5.119654e-08 3.5765137e-07 0.01574848 0.0010116053 9.903426e-08 2.9718296e-06 3.9873544e-06 1.1936963e-09 2.7283322e-06 4.450163e-06 2.2319013e-07 0.0004644477 7.75402e-05 0.0016786477 1.3284985e-07 0.002889641 1.5835948e-08 0.0004226556 9.611641e-07 2.2080658e-06 5.5729276e-07 5.8348746e-06 5.298456e-06 6.9483906e-07 3.72991e-06 1.3439487e-06 2.7415155e-07 0.000121283265 0.0015658735 5.7923756e-07
0.7606294 0.6358867 0.009700298 0.004562818 0.00011821483 0.97219735 0.7071298 0.27744463 0.096489534 0.9389101 0.018341137 0.010756654 0.045501325 0.27739075 0.006996805 2.4865393e-16 8.875787e-05 0.0001994886 0.62579 0.9705742 0.93929636 0.00053836196 0.013022727 0.8920992 0.060990937 0.018606702 4.87121e-06 9.161777e-06 1.8262386e-06 0.00032989128 1.2790887e-06 0.0023031496 0.0020649384 3.1380085e-05 0.0041393186 1.1644696e-07 3.0914226e-08 4.5598925e-05 1.830619e-06 0.0062539047 1.7114995e-07 0.0014642368 5.1845102e-08 1.6809994e-05 0.000490323 0.5976878 0.00031437015 0.00012390273 1.8646759e-05 1.48850195e-05 4.5815714e-06 0.0011485339 0.16892207 8.341681e-07 1.7308811e-06 6.6225016e-06 5.1419033e-06 0.6842609 1.02888045e-07 0.021804878 3.718711e-08 1.5618859e-08 1.2251763e-06 1.6541333e-05 3.9880825e-07 4.3237304e-08 2.8039845e-05 5.8944456e-06 1.1571435e-05 1.3168741e-06 0.00026267883 0.040470462 1.7535269e-06 1.376695e-06 9.8231524e-08 3.6485363e-07 2.4446704e-06 3.9080085e-05 4.1200238e-08 5.101142e-05 4.0512994e-05 0.000412027 2.0586815e-06 1.2914675e-06 5.2984753e-08 7.20165e-07 3.9145675e-06 3.171659e-08 0.00027603118 6.84313e-06 1.2429702e-05 3.7326822e-06 0.0010018982 2.8990792e-09 3.0936005e-07 9.126257e-06 9.834753e-07 0.00019176876 3.908498e-08 0.000973792 1.4405739e-06
0.8154924 0.006826001 0.21632995 0.35070518 0.9922921 0.00026579475 2.2722243e-05 3.7701702e-05 1.10045785e-05 3.4291275e-05 6.428397e-06 6.9004923e-06 1.1160247e-05 0.010916792 2.3872502e-07 8.875787e-05 1.3238294e-12 0.04701169 2.443801e-06 0.0005825251 2.5853462e-06 0.94630486 0.002107713 2.3134705e-06 0.07325618 0.016837874 0.38654172 0.15096793 0.092284456 0.051156837 0.086362 0.00015554734 0.0018591201 0.7244072 0.0027999976 0.348442 1.4985007e-07 0.031441633 0.2938757 0.0026884156 0.86677516 1.2364676e-07 0.013604818 1.1988548e-06 0.00019542334 1.3896902e-05 0.00019717633 4.7311307e-05 0.04833736 0.0355495 0.022014717 0.006932679 6.568136e-07 0.00609176 1.1027895e-08 2.0268553e-08 2.7624324e-07 0.00010458383 0.37129965 5.0604885e-09 4.4376667e-09 2.3737937e-06 3.691919e-08 1.1084089e-05 1.5549275e-06 2.802018e-08 2.8778427e-06 0.012544548 3.9211267e-07 0.00632354 8.877903e-05 9.855832e-05 0.012793841 2.0730923e-07 2.8154579e-09 0.000121664874 0.0070596957 0.0021219207 0.0037631765 0.0025752806 0.0068197977 0.0025796115 4.3173836e-07 3.77829e-07 2.0986508e-06 0.011532392 4.0635385e-07 1.6706656e-05 2.1578059e-07 0.006728444 0.014445706 0.0066652806 8.369447e-08 1.6386112e-07 0.0033987951 0.0027720982 0.0003715443 3.171586e-06 2.2918914e-05 0.001191777 0.0034590052
0.8849059 0.38157743 0.42678466 0.78777397 0.62521833 0.003294649 0.001140851 0.0034138279 0.007552111 0.00017642404 0.0011360109 0.00020605988 0.00012391669 0.8230488 2.4634575e-05 0.0001994886 0.04701169 2.0046487e-15 8.587908e-06 0.000105759835 3.9015754e-06 0.04806298 0.53932464 3.7262976e-06 0.0005564638 0.9724641 0.86175066 0.8090111 0.21824458 0.9704376 0.0110430205 0.08126397 0.28096262 0.0004776908 0.4980928 0.111499876 0.03362938 0.7664737 0.000658786 0.38922888 0.0025545123 9.908717e-06 0.0003846342 0.00024570603 0.061701514 1.15536695e-05 0.004236835 0.003886669 0.023936437 0.12161835 0.008679036 0.5965147 4.034298e-08 0.0029930025 1.0040807e-07 1.7113283e-05 1.0685851e-06 7.8308e-05 0.00021462892 1.05884235e-08 1.2969642e-07 0.006044077 3.9677543e-06 0.0007424642 0.007359058 5.2285753e-07 0.0010332345 0.045542732 7.174921e-07 0.013190455 0.0013615356 9.38679e-06 0.004196912 3.8555343e-05 7.3495853e-06 6.538927e-06 0.0017442646 0.13491558 4.5895433e-08 0.048874445 0.02393559 0.08449663 1.1676474e-06 1.4822985e-09 2.4761755e-06 0.008763392 3.180485e-08 2.0736966e-06 2.495539e-06 0.0049181907 0.0126253525 0.002058932 5.5988116e-09 3.2965378e-08 0.00018685308 0.0004657826 0.00010656777 5.539796e-06 4.704879e-06 0.0088639455 0.00064622844
0.9084999 0.048118085 8.3804094e-05 6.8008056e-05 1.5507336e-06 0.3632068 0.8451211 0.701325 0.5539288 0.93835014 0.6221825 0.7199629 0.9090955 0.15061592 0.8423329 0.62579 2.443801e-06 8.587908e-06 7.913644e-15 0.0617374 0.99279237 2.837183e-05 0.04717537 0.7329172 0.0004844777 0.001241052 8.349942e-07 1.7898334e-06 5.956188e-07 1.5027568e-05 1.7762649e-07 0.25720337 0.0009049362 7.924604e-07 0.0007295361 2.6844505e-08 1.6546743e-07 2.367511e-06 1.2293212e-07 0.0035689468 7.116465e-09 0.6247765 2.665988e-09 0.0090970965 0.002296781 0.40423 0.035364848 0.033839896 6.7479104e-06 3.6531271e-06 7.810625e-07 0.00015005363 0.34313393 8.337374e-08 0.0046226545 0.0005849091 0.0027644315 0.33603308 9.367772e-09 0.4275275 7.3085926e-06 1.750591e-08 0.00027520815 0.0022455573 6.731915e-07 9.991966e-06 0.002327056 1.5517841e-06 9.6539916e-05 4.5606964e-07 0.003962631 0.00024725913 9.868219e-07 0.00027885375 1.4866579e-05 2.666957e-07 1.3181348e-07 7.824138e-06 1.4702723e-09 1.4114347e-05 1.430665e-05 1.511128e-05 5.6385074e-05 5.8543475e-05 2.085124e-05 2.4343322e-07 0.0017233638 6.6661627e-09 0.002084973 3.6281326e-06 2.3142438e-05 4.433697e-06 0.00023806926 6.117303e-07 2.0421278e-07 2.327443e-06 7.545703e-07 3.1273205e-06 1.1844736e-05 0.0035810024 1.0785666e-06
0.8780343 0.91094476 0.2997025 0.14094767 0.0022130748 0.8409313 0.35193992 0.110077806 0.045937087 0.36010003 0.007700461 0.0060236286 0.013951294 0.37785015 0.0008188222 0.9705742 0.0005825251 0.000105759835 0.0617374 1.40332565e-14 0.4122081 0.015695253 0.012535843 0.7499385 0.9528723 0.06834393 9.346263e-06 4.479118e-05 5.805474e-06 0.0031796666 1.761627e-05 0.00040586683 0.004341178 0.00043144825 0.010298795 1.3138157e-06 6.037696e-09 0.00045202344 1.1334871e-05 0.01581572 6.8482805e-06 0.0002897876 1.9593513e-07 9.38185e-06 7.674917e-05 0.82960564 0.00018659256 5.138921e-05 5.0162693e-05 4.6956766e-06 3.8458027e-05 0.0026801536 0.45312586 2.5068339e-06 2.7115894e-07 1.7501054e-06 2.676373e-06 0.9256965 2.53316e-07 0.07251904 8.808286e-09 6.423433e-08 8.249318e-07 1.9105019e-05 4.7987214e-08 2.4928454e-07 1.526734e-06 5.943589e-06 2.423947e-05 6.826303e-07 4.86896e-05 0.29211178 2.47116e-06 1.6843042e-06 3.8140473e-09 2.9234897e-07 5.304806e-06 0.00032304414 2.2218752e-07 0.00013590416 8.8094785e-05 0.0010052838 2.8159255e-07 4.869772e-07 8.034293e-08 1.5289414e-06 4.743865e-06 1.9654391e-07 0.00035270106 9.774066e-06 1.7683278e-05 3.0994108e-06 0.0019109793 8.252673e-10 2.5128536e-06 2.18341e-05 3.3769602e-06 0.0015804478 1.7762174e-07 0.00090432627 2.4916344e-06
0.4401491 0.051280938 0.00020142303 9.5248266e-05 1.1526228e-06 0.49161744 0.4679841 0.22182885 0.13027489 0.8974723 0.13433646 0.09346596 0.19662066 0.041524008 0.12155207 0.93929636 2.5853462e-06 3.9015754e-06 0.99279237 0.4122081 1.9675626e-16 2.5407739e-05 0.008792114 0.9646909 0.0012972228 0.0015433077 3.7437854e-07 5.826559e-07 1.3545056e-07 1.9084157e-06 1.447042e-07 0.015000263 0.00035180998 6.6379073e-07 0.0004599883 1.992055e-08 5.6217218e-09 5.0336405e-07 3.5391658e-08 0.0010274249 9.50316e-09 0.19019541 2.5607378e-09 0.0005561776 0.0003215985 0.5279706 0.001954501 0.0022227794 6.058458e-06 5.4513436e-07 3.7698354e-07 2.4554241e-05 0.42468867 4.4543235e-08 0.00017857383 4.3234693e-05 0.00023876458 0.40156266 1.8312125e-08 0.3594149 1.7477662e-07 3.1643155e-09 1.8197514e-05 0.00030092994 9.6239546e-08 2.0975872e-07 0.00024795998 5.899459e-07 4.2646803e-05 1.5387178e-07 0.00035371393 0.001155019 3.6326279e-07 7.711788e-06 2.8101374e-06 8.417185e-08 2.1936536e-07 2.1414253e-06 3.0736882e-09 2.9126293e-06 2.2127942e-06 2.0027949e-06 4.6607606e-06 7.388453e-05 6.2452233e-07 2.2881315e-08 5.421e-05 5.6350333e-09 0.0017099843 4.713989e-07 1.9855363e-06 1.6635405e-06 0.00080916187 2.3828274e-08 1.4495314e-08 1.7366406e-07 2.866783e-07 2.7615817e-05 4.7411348e-07 0.0005190955 1.1990669e-07
0.14945312 0.17033471 0.9622687 0.79286325 0.6996274 0.0029870244 0.00015917895 0.0006920646 0.00047371179 0.000110324516 0.00015762467 2.2448996e-05 3.5772475e-05 0.03259609 6.944175e-06 0.00053836196 0.94630486 0.04806298 2.837183e-05 0.015695253 2.5407739e-05 3.6506252e-16 0.0026305187 1.34007805e-05 0.70327055 0.017578494 0.10084536 0.013047732 0.016751623 0.048783492 0.0053868266 0.0004484765 0.0015853024 0.9989951 0.00422041 0.01924425 9.637433e-09 0.015179934 0.007730913 0.0015938744 0.0070131784 3.877191e-06 0.004025264 6.7920714e-06 0.00033199575 3.489522e-05 0.0003341653 2.033513e-05 0.0011716324 0.003064304 0.0006568572 0.0073458306 1.324715e-06 0.00020507025 1.2582338e-07 1.2413116e-07 4.4698282e-07 0.0015291012 0.0029305704 7.995064e-07 3.216587e-09 1.7146994e-06 2.1693873e-07 7.122976e-07 4.7424674e-06 2.1177627e-08 8.495963e-06 0.0055054263 7.300222e-07 0.0011694367 0.00018710646 0.007609855 0.0005338324 2.710505e-08 2.6099843e-07 4.679181e-06 0.00014149935 0.005374081 0.0002073837 0.0047248728 0.006828443 0.010907638 1.177562e-08 3.542218e-08 1.9997984e-08 0.0022930177 5.559922e-07 3.1195356e-07 1.1864787e-06 0.005542679 0.013901781 0.0015614021 2.4708903e-05 1.5224585e-07 1.26536725e-05 0.00011257657 8.15047e-06 0.0026262626 4.3910977e-09 0.0016626809 0.00015831043
0.9847114 0.187286 0.038382147 0.10537789 0.032872856 0.034807693 0.062720776 0.12045776 0.34094897 0.025601229 0.31606036 0.02761488 0.01778165 0.9739064 0.01882985 0.013022727 0.002107713 0.53932464 0.04717537 0.012535843 0.008792114 0.0026305187 1.18152024e-14 0.01368626 5.3309195e-06 0.6712674 0.00011455655 0.00077017647 4.287293e-05 0.012538503 5.120336e-05 0.76015335 0.55290854 1.1110546e-05 0.13143586 2.8765478e-06 0.94901615 0.00880984 8.019428e-06 0.44122446 2.5533516e-05 0.046269234 1.119639e-06 0.005521371 0.46434724 0.0032047853 0.7208463 0.038877226 1.8175782e-05 0.0003013179 1.5402506e-05 0.026047073 0.0020336334 2.823887e-06 0.004284987 0.002694955 0.0024457176 0.003525296 1.7480593e-07 0.0028273014 0.00093177217 3.176711e-06 0.0021783665 0.004824251 0.026556145 4.6863777e-05 0.008941976 0.0011446592 0.00010428196 0.00022726826 0.19887595 1.0134461e-05 2.2713659e-05 0.0004378152 0.0004814484 3.533404e-07 1.2974238e-06 0.009818958 8.287676e-10 0.0068535833 0.0027051312 0.032806173 1.2851186e-05 8.3307725e-07 0.0007213397 0.00082607736 7.832526e-05 3.341144e-09 5.910829e-05 0.0018826096 0.0017940215 0.00037911034 1.085812e-05 8.077092e-06 2.962979e-07 1.9356934e-05 3.508827e-07 4.6523587e-06 5.0159942e-06 0.15795918 5.760776e-05
0.676925 0.098909564 0.0008522629 0.0005346838 2.7796482e-06 0.43918562 0.33408424 0.1669641 0.09831597 0.4696271 0.084167205 0.06126227 0.13292181 0.06731672 0.069201596 0.8920992 2.3134705e-06 3.7262976e-06 0.7329172 0.7499385 0.9646909 1.34007805e-05 0.01368626 1.7485585e-12 0.041196622 0.001604154 6.542579e-07 3.7122427e-07 2.7840719e-07 4.4435474e-06 4.0647512e-07 0.01465288 0.0005748727 1.6625832e-07 0.00062835275 3.82493e-06 3.388393e-08 2.1560491e-07 3.9664775e-07 0.00088290503 4.0973603e-08 0.35058987 9.002544e-09 0.0006962179 9.445947e-05 0.98116213 0.003420001 0.0026794572 2.598805e-05 3.878977e-06 6.747499e-06 0.0004321827 0.8588988 1.1163891e-08 5.630576e-05 5.8494807e-05 0.00034349877 0.7669555 1.2342484e-08 0.6871935 9.055136e-07 2.4721874e-08 3.0125942e-05 0.00057791994 1.4876177e-07 2.7903784e-06 0.00042369278 4.1939384e-06 2.2738217e-05 3.926339e-07 0.00061149383 0.009555963 1.587005e-07 4.8851736e-05 1.82927e-06 4.16917e-08 1.3388171e-05 6.901463e-05 3.6787515e-09 2.4836287e-05 4.3218224e-06 0.00021233648 1.5240566e-05 5.9108635e-05 2.2315046e-06 3.7291719e-07 0.0017013807 8.883657e-08 0.0010573945 1.318651e-06 8.229921e-06 1.5766683e-07 0.00044594504 3.1292537e-08 2.3053194e-06 4.1827567e-05 2.0714551e-06 5.5813263e-05 1.0212724e-06 0.0023957714 2.682709e-07
0.84439874 0.6373571 0.77983403 0.4549142 0.071722165 0.1550125 0.0030857206 0.00014619625 3.4815046e-05 0.006264381 0.00019683609 1.4152478e-05 3.0670857e-05 0.01858991 8.61543e-06 0.060990937 0.07325618 0.0005564638 0.0004844777 0.9528723 0.0012972228 0.70327055 5.3309195e-06 0.041196622 1.7952825e-09 0.005639378 0.0004530998 0.0007312364 0.00010607752 0.0071433894 0.0008836999 7.1167474e-06 3.529349e-05 0.16529177 0.00064666156 0.00040889723 3.2658298e-07 0.0013348326 0.0029910924 8.7082815e-05 0.022217013 1.2894866e-05 0.00028330556 2.39395e-06 1.1370502e-05 0.14347982 0.00014918495 2.4304088e-06 0.0030469957 0.001457815 0.00026098042 0.015406805 0.015186847 3.9490233e-06 4.365248e-07 1.5542678e-06 1.4630754e-06 0.7615504 0.00012285859 0.0017701586 1.1920571e-07 6.0154107e-06 1.2937596e-07 1.0221307e-06 2.105282e-06 3.1353758e-07 2.3374348e-08 0.005797571 5.978805e-05 0.0003108063 1.7432567e-05 0.99557406 8.159504e-05 3.268419e-07 2.4338366e-08 2.6830737e-06 0.0016381441 0.0117232315 7.074299e-06 0.0056771403 0.007548918 0.023078691 1.0303814e-06 1.3549476e-05 1.8012857e-08 0.00028976717 1.4810201e-05 2.6566688e-05 3.1761763e-05 0.0017755436 0.009148034 0.00019329198 0.00017978363 1.5333212e-07 0.00097447436 0.0054018716 0.00050956797 0.0011431271 3.281773e-06 0.0030696935 0.00037856263
0.9016021 0.44932508 0.17007926 0.3041478 0.17739987 0.07285038 0.019557104 0.026042996 0.045529857 0.011382248 0.008301949 0.00062180054 0.00072346855 0.72592455 0.00018409798 0.018606702 0.016837874 0.9724641 0.001241052 0.06834393 0.0015433077 0.017578494 0.6712674 0.001604154 0.005639378 2.3784906e-12 0.005455567 0.07275704 0.0022960256 0.8830513 0.000522024 0.0031919077 0.831815 0.00012476632 0.971185 7.191356e-05 0.12712331 0.73305815 8.797171e-05 0.562211 0.00026375247 0.0004319676 4.398852e-05 6.207608e-05 0.07684289 0.0016343244 0.0019685973 0.000596318 0.0006349543 0.014966334 0.0006096625 0.86101604 0.0002696153 0.00029106194 3.1640593e-05 8.216084e-05 6.585626e-06 0.00898446 5.0134736e-06 1.5957124e-06 2.247275e-07 0.00028887484 7.154833e-05 8.529544e-05 0.044541907 9.601262e-07 5.0697683e-05 0.022243205 9.617656e-07 0.0022263147 0.0014724244 0.00022185143 0.00014953008 4.2685906e-07 2.4860685e-06 7.687161e-06 4.552228e-05 0.10603894 2.0710067e-08 0.029312078 0.0126067875 0.10901426 4.6441951e-07 1.3204958e-08 1.2536272e-07 0.002387089 1.7876023e-06 1.2962235e-07 5.837906e-05 0.0044328645 0.004245942 0.000938855 1.0899838e-05 2.3271188e-08 1.5529484e-05 9.228787e-05 2.4129411e-05 0.0010649746 3.4700616e-09 0.008919785 0.00010194519
0.77151436 0.002128062 0.008411966 0.07154455 0.80097884 8.545723e-05 4.2339954e-05 0.00013135227 0.00015887184 7.4354975e-06 2.8206534e-05 1.51171325e-05 5.746545e-06 0.0007480206 2.2414029e-06 4.87121e-06 0.38654172 0.86175066 8.349942e-07 9.346263e-06 3.7437854e-07 0.10084536 0.00011455655 6.542579e-07 0.0004530998 0.005455567 2.264871e-12 0.8816204 0.995641 0.104103036 0.4717755 9.348595e-05 0.00039950624 0.015911136 0.0029701572 0.82194906 3.088183e-05 0.016340774 0.18319444 0.00052076374 0.1887797 6.612704e-05 0.113391355 4.5395536e-06 0.00022222898 7.1547606e-06 0.00016387919 8.115633e-05 0.76484275 0.76998943 0.38307142 0.008220604 3.532551e-07 0.11275305 2.53124e-07 1.340122e-06 3.3799967e-07 5.3750908e-05 0.018779434 5.2789937e-09 2.2635185e-09 0.032212384 2.064315e-07 5.540779e-06 0.0014086652 1.478682e-08 9.4121315e-06 0.22580862 1.8966321e-07 0.205946 4.8143967e-05 1.203073e-06 0.12393108 3.3117008e-08 7.809786e-08 0.00011239237 0.008784688 0.0073806387 5.9242348e-06 0.008651291 0.02418841 0.003983138 4.292173e-07 1.0729597e-08 5.87083e-07 0.03792859 4.522254e-07 1.4535696e-06 2.0552145e-05 0.011237046 0.0331078 0.018717216 6.8471406e-09 1.2610765e-08 0.0009083243 0.0018928974 0.000106353844 1.2948675e-06 1.7113798e-08 0.0011757521 0.008326731
0.8438794 0.0035401026 0.018409481 0.0859152 0.5005974 0.00017627083 5.219608e-05 0.0001373583 8.00945e-05 1.6577085e-05 4.8954524e-05 1.1552128e-05 1.2344422e-05 0.0024299002 2.0656157e-06 9.161777e-06 0.15096793 0.8090111 1.7898334e-06 4.479118e-05 5.826559e-07 0.013047732 0.00077017647 3.7122427e-07 0.0007312364 0.07275704 0.8816204 3.1010541e-12 0.9892113 0.8422659 0.04767705 0.0003301298 0.0051420266 0.0032083585 0.023707537 0.15330131 0.00013347944 0.30219343 0.016497396 0.0078915 0.016726466 0.00029238284 0.01513811 7.942046e-06 0.0024431695 3.520706e-05 0.00020170427 0.00018190322 0.15268268 0.9660026 0.05051762 0.16292284 1.0890211e-06 0.12948364 1.4310566e-05 6.1162905e-06 1.5046791e-06 0.00021291542 0.0018054944 8.902978e-08 2.5498448e-09 0.010524926 5.75431e-06 3.8164788e-05 0.032261234 6.2369175e-08 3.381119e-05 0.62277716 4.7211993e-06 0.44713336 0.00035772202 2.165929e-05 0.107517965 3.9377275e-07 1.3615933e-06 3.6303325e-05 0.003301029 0.14042507 1.8117547e-05 0.09565122 0.109668106 0.043267883 6.264804e-06 2.8070426e-07 4.78186e-06 0.08844104 4.672247e-06 1.9746452e-07 3.3863405e-05 0.044450074 0.08955647 0.0359207 3.3800081e-06 1.7278363e-06 0.0015458507 0.0044959416 0.00029636876 6.026916e-05 1.0042594e-06 0.0041206474 0.014999233
0.6619747 0.0005111963 0.004217714 0.042897694 0.39706364 1.992744e-05 4.5425895e-06 7.064995e-06 4.3377404e-06 2.0513673e-06 5.828107e-06 2.0811972e-06 1.0175179e-06 8.994657e-05 1.4519368e-07 1.8262386e-06 0.092284456 0.21824458 5.956188e-07 5.805474e-06 1.3545056e-07 0.016751623 4.287293e-05 2.7840719e-07 0.00010607752 0.0022960256 0.995641 0.9892113 2.236017e-13 0.09390364 0.07983284 4.0059895e-06 0.00016404635 0.0024139874 0.0009049707 0.25390422 7.8135156e-07 0.020696396 0.01870906 0.00013810386 0.024425497 7.018488e-05 0.010815053 6.4302515e-07 3.8499784e-05 1.197599e-06 3.1359774e-05 6.4680244e-06 0.24730411 0.8390549 0.114158876 0.007320347 1.5742341e-07 0.19488353 1.8169334e-07 1.700958e-06 1.380935e-07 1.1213056e-05 0.0029994703 4.6428794e-09 9.3056873e-10 0.013003163 1.7006018e-07 5.3956694e-07 0.00025756966 9.013659e-09 2.4129776e-07 0.31851387 9.056955e-08 0.3329716 3.2560027e-05 7.9541934e-07 0.10613991 1.5097573e-08 5.0125726e-07 3.277196e-05 0.0025527903 0.012572042 1.8291755e-06 0.011118774 0.031776786 0.0037310917 4.1052866e-07 5.303612e-08 1.3581882e-07 0.085322425 4.5225e-07 8.833391e-08 1.3821183e-05 0.015834155 0.030917894 0.021609347 1.6353623e-09 2.7996622e-08 0.001020659 0.0034507797 0.00029384007 1.2257057e-06 1.3880655e-08 0.00061053934 0.008184185
0.7509172 0.067008786 0.11033771 0.35898346 0.42878804 0.0032968118 0.0004582295 0.0009716292 0.0013569235 9.78279e-05 0.00030213915 4.2803353e-05 5.8666155e-05 0.019180434 4.760906e-06 0.00032989128 0.051156837 0.9704376 1.5027568e-05 0.0031796666 1.9084157e-06 0.048783492 0.012538503 4.4435474e-06 0.0071433894 0.8830513 0.104103036 0.8422659 0.09390364 1.6663012e-12 0.0113254925 0.00022868408 0.05021981 0.0008073651 0.307155 0.0050572855 0.00409205 0.9941656 0.0005131611 0.034925923 0.0023598839 7.0419934e-05 0.0007527397 7.3235583e-06 0.007905598 3.788039e-05 0.00027829508 9.784674e-05 0.0049710614 0.49545223 0.0054143993 0.4958911 3.915462e-07 0.0065639103 1.4196187e-06 8.508644e-06 1.5973377e-07 0.0009868317 9.558386e-05 4.7480437e-09 1.0430347e-09 0.0018259323 1.2237142e-06 3.7826238e-05 0.030127076 1.5885925e-08 2.4953428e-05 0.3046243 1.6151728e-07 0.051583145 0.00016129586 1.8223234e-05 0.002816757 1.0041477e-07 1.810756e-07 1.402875e-06 0.00024696076 0.23564231 1.0065255e-07 0.069768086 0.04517573 0.10510223 1.3061251e-08 4.566698e-09 2.7640849e-07 0.029713225 1.7428923e-07 1.8427187e-08 2.9199132e-06 0.014062265 0.032195833 0.007295946 9.648197e-08 6.9195334e-09 4.978215e-05 0.0005246813 3.2262094e-05 3.1671236e-05 5.653357e-09 0.0024654933 0.0014153692
0.9635019 6.6399596e-05 0.0006002592 0.015740281 0.24974978 4.4404337e-06 1.9981769e-07 1.6899878e-07 5.608252e-08 7.703743e-07 1.0813612e-07 1.2641743e-07 1.8498012e-07 0.00013043763 2.7892634e-08 1.2790887e-06 0.086362 0.0110430205 1.7762649e-07 1.761627e-05 1.447042e-07 0.0053868266 5.120336e-05 4.0647512e-07 0.0008836999 0.000522024 0.4717755 0.04767705 0.07983284 0.0113254925 1.5432947e-12 6.7326795e-07 0.00028056095 0.13386622 0.00031755297 0.9539706 2.123887e-08 0.0016165714 0.9859858 0.00028823336 0.80211866 2.2470745e-08 0.8915824 8.494309e-08 3.0221625e-05 3.305354e-07 8.61792e-06 2.8692392e-07 0.42240465 0.05417339 0.22314548 0.0020949116 2.6483463e-07 0.11135058 2.975146e-09 3.385673e-08 1.3820925e-08 4.4909663e-07 0.34703532 1.1392226e-08 2.268822e-09 0.005243949 1.2076157e-08 9.20123e-08 1.899323e-06 6.175682e-08 5.1101132e-08 0.013485112 1.5475402e-07 0.026821755 5.4202916e-05 7.281077e-08 0.32980838 1.5807831e-07 3.1484355e-08 0.0010119652 0.6099035 0.0020777083 0.00071726297 0.0030630417 0.0072190035 0.0035612616 5.7296305e-08 2.16774e-08 2.1065573e-06 0.07615645 6.404385e-08 4.766785e-06 5.9887685e-07 0.00607621 0.03458786 0.03781463 2.5116362e-08 6.465187e-08 0.036846153 0.0983213 0.0008449143 1.3627339e-06 2.7341082e-07 0.00046215873 0.16633928
