2.592978e-14 0.8879999 0.8006741 0.9915091 0.8776729 0.9663384 0.1116002 0.8192565 0.009724594 0.5416385 0.9662429 0.7767363 0.16802892 0.90663785 0.9664487 0.0016537973 0.9793959 0.8462893 0.0002344879 0.6713012 0.9352935 0.0047626 0.9429083 1.5647582e-05 0.9053481 0.055185102 0.9039556 0.0018931538 0.95042384 0.9720925 0.8841422 0.9569966 0.8941907 0.82419103 0.82132894 0.087321624 0.9850244 0.7559281 0.8143337 0.9214781 0.76775014 0.9517592 0.8851412 0.8961362 0.97895217 0.9528277 0.91521394 0.98129743 0.009274212 0.8909272 0.97442377 0.7749766 0.98209375 0.06034072 0.9696499 0.9197726 0.9061596 0.79230833 0.9709079 0.5598962 0.84832424 0.7128218 0.83019197 0.8782517 0.7454414 0.9430228 0.7976754 0.9040873 0.96466476 0.7039264 0.57029015 0.9113573 0.9110256 0.9059099 0.9783638 0.73533356 0.9793909 0.99706674 0.9544435 0.7406122 0.82789993 0.9005465 0.9980652 0.9959525 0.9997397 0.99922496 0.024596883 0.0014527215 0.010079143 0.14248848 0.998883 0.025064042 0.0054529635 0.9999583 0.895712 0.0014705313 0.01020536 0.99998945 0.15964663 0.01146815 0.81050265
0.8879999 1.3147562e-11 0.98486334 0.80925995 0.49880424 0.7187209 0.9725745 0.04411057 0.01741806 0.0370253 0.0074129403 0.0016799369 0.00293014 0.13948515 0.0007414686 0.900797 0.46095893 0.001497158 0.0034375952 0.0006147158 0.453671 0.007647716 0.00036458788 0.00040439598 0.17949359 1.1154352e-05 0.0004506287 0.00081955036 0.030399779 0.075634345 7.323143e-05 0.07937402 1.2164717e-05 1.9527346e-05 0.015758388 0.00437351 0.0010902111 3.529758e-06 3.2058531e-07 0.01589314 0.00070700736 2.6493176e-06 1.0962365e-05 0.007936728 0.10285988 0.00011587607 0.08859713 0.0037176122 0.00013545918 1.7549289e-06 0.017862136 6.697336e-07 0.00011389978 2.5598347e-05 0.03874747 0.00097520975 3.365298e-07 1.3105833e-06 0.0019316116 0.00011944282 0.00046298237 0.00040424074 0.0007015369 1.0211512e-05 8.005903e-06 0.00022220226 8.979847e-05 3.731819e-05 0.0018800143 2.4103652e-05 1.31588295e-05 1.5566374e-07 3.2404492e-05 4.8803304e-07 5.9844922e-05 1.6396336e-05 0.04647425 6.979745e-07 1.243388e-06 2.6514558e-08 5.505223e-05 0.00052524876 0.006006177 0.00011594815 0.0019461331 0.07592665 1.5021464e-05 6.274596e-05 2.0897831e-08 2.9106304e-06 3.0154632e-05 7.774871e-07 3.268597e-07 0.00013081671 3.766287e-06 1.8250314e-05 0.00015426154 0.1119639 5.4621446e-06 1.6173445e-07 1.2058958e-05
0.8006741 0.98486334 5.6424245e-12 0.9329934 0.9787572 0.28778666 0.33574256 0.0013425674 0.004003467 0.4927389 0.010880092 0.00096327113 0.00020679792 0.23208576 0.0004081081 0.9525588 0.30131066 0.0070966766 0.00022086345 4.8253085e-05 0.50494957 0.00022837459 0.00021593388 0.00046546024 0.26590386 0.0009956016 0.00012788632 0.0017434895 0.10135173 0.124243386 3.6589132e-05 0.021019084 4.949917e-06 2.7470454e-05 0.014220681 0.00043043582 6.5727734e-05 3.790816e-06 6.8973105e-07 0.014236823 0.0005709131 9.81928e-07 1.59209e-06 0.0012288332 0.14569765 7.904708e-05 0.116878256 0.0012387842 1.5423857e-06 8.588616e-07 0.013762732 1.899264e-07 3.052062e-05 8.031873e-06 0.04299709 0.00011569961 1.0654555e-07 6.729444e-07 0.00013819779 3.3715864e-06 8.25813e-06 1.5955593e-05 8.610017e-06 1.6244281e-06 3.0603772e-07 2.4554558e-06 2.7757885e-06 1.4710333e-06 0.0003277779 1.6386839e-06 8.2549144e-07 3.11379e-07 2.929113e-07 1.5637767e-07 1.5221814e-05 4.1398135e-07 0.018078301 3.944621e-07 4.7178232e-06 3.6983042e-08 1.2999162e-05 0.00024841985 0.0016929539 0.00021843382 0.0027899262 0.021293355 7.853046e-06 3.2452303e-05 8.296684e-08 1.0532194e-05 4.7082878e-05 1.600372e-07 9.1938404e-07 5.0660517e-05 5.9170357e-06 1.1180316e-05 4.494415e-05 0.03828903 4.4249236e-06 4.234574e-08 1.1834247e-05
0.9915091 0.80925995 0.9329934 2.1028386e-11 0.98360753 0.5701701 0.5242416 0.007875122 0.0039066095 0.10500308 0.44532892 8.4279214e-05 8.828949e-05 0.68684036 0.00018018203 0.038464677 0.7165404 0.4505374 0.00026644775 0.0013179126 0.86922395 5.712387e-05 0.00015457152 3.4815872e-05 0.79817456 0.00014484081 0.00012811007 0.0002054163 0.11735845 0.2302417 1.3217527e-05 0.03794232 1.2388147e-06 0.0015712414 0.13589151 0.000526787 0.00037475757 1.5041626e-06 1.5748725e-07 0.07256826 0.00075063715 2.1325413e-08 4.0854866e-06 0.007453303 0.56761986 9.4050025e-05 0.6479144 0.007856255 0.00028039192 2.9198686e-08 0.098853916 3.9908354e-08 1.1898061e-05 1.5538359e-05 0.28284067 0.0003574122 1.4341011e-08 3.9771743e-07 0.00046212127 4.8671886e-06 2.2067237e-05 0.00011167961 1.837075e-05 9.1943534e-08 3.5325849e-07 2.6697758e-06 3.0295366e-06 1.2536206e-06 0.0021078114 7.4924884e-07 8.7801305e-07 5.724046e-07 1.0079317e-07 1.6631612e-08 2.2518607e-06 1.3535862e-07 0.113423504 3.8348446e-07 1.0730053e-07 4.7606355e-07 7.326936e-05 0.000505731 0.007925289 0.0001800065 0.0021437097 0.07836784 6.578574e-05 0.00020785771 1.2764907e-06 5.0036433e-06 1.279647e-05 1.1826953e-06 4.423272e-05 2.6494477e-05 1.7175398e-05 0.00038168408 0.0003213952 0.07144285 3.693175e-05 3.533306e-07 2.6440675e-06
0.8776729 0.49880424 0.9787572 0.98360753 6.1135396e-13 0.04104017 0.25506622 7.21754e-05 0.00043026652 0.74325794 0.03408582 1.29381515e-05 5.8240953e-06 0.88136613 1.389416e-05 0.9179975 0.097751714 0.015222649 1.07903825e-05 3.7338355e-06 0.83397657 5.22274e-05 1.9889581e-05 0.00019016756 0.5400786 0.0109455325 2.3168715e-05 0.003353721 0.20408513 0.16184115 1.6259099e-06 0.0071302573 1.2059182e-06 2.846205e-05 0.010098876 6.0845255e-06 2.2739518e-05 1.0135635e-06 9.1516586e-07 0.0052172565 2.4707299e-05 1.2495332e-07 1.0589683e-07 0.00093432027 0.19825953 6.184529e-06 0.14405367 0.001494963 7.1513978e-06 1.0783932e-07 0.009568241 1.5533534e-08 1.041431e-06 2.2483833e-07 0.06481605 5.5922967e-05 7.748139e-08 3.0007004e-07 7.857267e-05 6.007852e-07 3.1414684e-06 4.9784644e-06 7.401915e-07 2.4070914e-07 6.7789216e-08 5.701338e-07 6.930252e-07 2.3635548e-07 7.577296e-05 1.415613e-06 2.3223333e-07 5.9318275e-08 1.0481831e-07 2.473908e-09 2.5743238e-06 5.2042065e-08 0.012097837 1.5034068e-08 1.3949483e-07 1.3684392e-08 1.8894045e-06 0.000105762854 0.0015225154 0.000119448734 0.00069580367 0.029345274 2.3970097e-07 7.698198e-07 5.259085e-09 5.479516e-07 1.23130885e-05 1.2103713e-08 1.4950652e-08 2.729261e-06 4.5554452e-07 5.3725507e-06 9.676118e-06 0.014294322 3.4866042e-07 2.2675373e-09 1.750844e-07
0.9663384 0.7187209 0.28778666 0.5701701 0.04104017 4.0649057e-13 0.8982951 0.95959395 0.153842 0.0022021977 0.3212108 0.36220568 0.19355695 0.004167966 0.3357995 0.020440944 0.9742292 0.025933368 0.019005306 0.8759739 0.14743087 0.03468803 0.0760364 2.3858245e-06 0.047922537 5.970987e-07 0.010147635 0.00022087316 0.006621589 0.01761266 0.0076324004 0.60055655 0.00013514898 0.027047858 0.037118964 0.021457715 0.04008687 0.00011316116 1.832274e-05 0.055769414 0.00068206526 0.00018999261 0.00013398423 0.21294488 0.034376085 0.0014863317 0.027794233 0.06700965 0.0027920527 1.0372092e-05 0.04879663 1.168636e-05 0.00033083642 2.9875911e-05 0.024512107 0.0071766567 4.680156e-07 0.000117038224 0.0052269553 0.00010970393 0.000511252 0.0014074333 0.00068020454 3.7953525e-06 3.1302445e-06 1.574392e-05 0.00024886875 2.0299167e-05 0.010294038 1.6852193e-05 1.5585538e-05 2.461688e-06 1.2485766e-05 2.3776758e-07 2.3263568e-05 1.4733296e-05 0.01875902 7.7052086e-08 3.3130289e-07 1.1687196e-07 0.00024124335 0.0015335145 0.009691528 0.00063754857 0.0032722682 0.0070937937 1.2003203e-06 1.8259436e-05 8.565418e-09 8.688596e-07 7.2575375e-07 9.315429e-08 9.3000544e-08 8.872639e-05 2.156332e-06 3.9111399e-07 2.3076288e-06 0.026285943 5.894085e-06 2.4853358e-08 6.5423797e-07
0.1116002 0.9725745 0.33574256 0.5242416 0.25506622 0.8982951 1.0445845e-11 0.76326215 0.9991359 0.00881198 0.0002564931 0.0008303572 0.013596004 0.01766838 0.0012817234 0.28521648 0.16589016 9.841057e-05 0.7480157 1.5417732e-05 0.043846138 0.004032387 0.00022147618 0.0008112883 0.013373109 0.00019567324 8.7163324e-05 0.001407844 0.018505774 0.013298068 7.6058386e-06 0.0032897484 8.199716e-07 4.9326127e-06 0.00023871698 0.0021312803 1.3886238e-05 1.2874824e-07 2.8807082e-07 2.6432343e-05 3.5144967e-05 2.3160974e-06 1.3918394e-06 0.0005755785 0.0051813973 5.6209583e-06 0.0017562382 2.8691957e-05 0.00030803017 5.3512274e-08 5.8650603e-05 8.664306e-08 2.3524137e-06 6.157813e-07 0.00033588085 2.7154998e-05 1.3058118e-07 1.4644895e-06 2.3461145e-05 2.671426e-06 1.6545497e-05 2.9802892e-05 2.388609e-06 2.644485e-07 2.2425489e-08 2.0287061e-06 1.6749384e-06 1.5461373e-07 0.0006184568 4.6668112e-07 4.5353318e-07 2.779594e-07 1.1194025e-07 4.7791655e-08 1.3641375e-07 5.906152e-09 0.0068988246 3.2756287e-08 1.06045995e-07 5.3141054e-07 1.3241095e-05 2.0642934e-05 0.0012347066 6.251075e-07 1.5141394e-06 0.020638779 1.8923331e-06 2.7858077e-06 1.4425783e-08 3.5917827e-07 1.6014018e-06 2.4414383e-08 1.1992394e-09 2.206508e-06 1.09685345e-07 2.7909013e-07 1.193018e-07 0.027009662 2.0612578e-07 5.8758004e-10 5.608666e-07
0.8192565 0.04411057 0.0013425674 0.007875122 7.21754e-05 0.95959395 0.76326215 5.398795e-16 0.55529743 4.8926217e-06 9.563096e-06 0.8517056 0.9479495 1.0075619e-05 0.8284677 0.0035048174 0.18945274 1.0955149e-06 0.11850493 0.0035728326 0.00028950558 0.94758385 0.55199283 1.3632784e-06 0.00075658865 1.1263385e-07 0.36089134 2.679628e-05 9.699775e-05 0.00029145833 0.09832423 0.12535742 0.008980583 2.159811e-07 0.0021871815 0.88626194 0.16798973 0.0018564545 0.0020263463 0.0013025751 0.01792403 0.00050804386 0.0006027221 0.046101186 0.00019462082 0.0011142133 0.00012812474 0.014525055 0.07228175 3.3994933e-05 0.00024808297 1.0585514e-05 0.00017452553 0.0015223505 0.00053832424 0.0029940347 1.7200098e-07 9.027941e-05 0.00026583608 0.00017643918 0.00018933135 0.0003432966 0.000107283195 6.745247e-06 9.717695e-08 3.1958546e-06 4.6757104e-06 5.1669977e-06 4.9245828e-05 4.317044e-06 3.634591e-06 2.2637655e-08 7.139843e-07 6.848516e-08 4.8865786e-06 9.406025e-07 0.0023455366 2.4655467e-09 3.242684e-07 1.8931255e-08 4.4338367e-06 3.0779684e-05 0.0036836143 2.1657059e-05 0.00039794532 0.0017434121 8.170315e-08 5.51807e-05 3.5120975e-09 4.1656964e-08 4.87646e-07 5.988091e-10 1.350663e-07 0.00016492982 3.6063045e-07 8.4375664e-08 5.2584965e-06 0.011592367 5.0328552e-08 4.0470856e-11 4.846399e-07
0.009724594 0.01741806 0.004003467 0.0039066095 0.00043026652 0.153842 0.9991359 0.55529743 3.2573933e-15 9.935258e-06 7.4483467e-07 0.0020038134 0.024998259 3.8950526e-05 0.0032919545 0.001770855 0.003962684 3.7664236e-08 0.9998683 1.1016112e-06 2.5272842e-05 0.034407664 0.0019009494 7.860748e-06 2.1375474e-05 2.2537986e-06 0.00015345172 2.280147e-05 0.00047879686 1.0276979e-05 1.52431685e-05 0.00042207155 4.1455147e-05 6.642723e-08 2.045898e-05 0.0069263084 8.279297e-06 5.7701427e-06 1.3304497e-05 1.8438861e-06 6.6814036e-06 1.0616809e-06 6.301563e-07 0.00040045206 0.00018466015 8.590849e-06 7.798427e-05 1.35529e-05 0.00014903223 6.591067e-08 2.4946303e-06 3.8709487e-07 8.308086e-06 1.7099283e-07 1.0333257e-06 7.597042e-05 2.0053109e-07 7.8048586e-08 4.399135e-06 3.1096565e-07 2.3530632e-05 8.275451e-06 8.598906e-06 1.5370195e-05 8.055941e-09 2.316971e-07 4.717513e-06 3.5148032e-06 1.324136e-05 2.2897539e-06 1.8200316e-06 1.931612e-09 9.2356935e-08 2.8418214e-07 1.7043509e-07 1.6996623e-08 0.00013382331 4.185172e-10 7.340287e-07 3.1371223e-09 2.8395825e-06 3.2603514e-06 0.00024693273 1.0650065e-07 2.4957927e-07 0.000712219 3.3576187e-06 4.367903e-06 1.33400135e-08 1.6028785e-07 3.1575e-07 6.4941905e-09 5.480244e-10 4.0950968e-07 3.602704e-08 2.3667532e-07 2.5272408e-07 0.0011413787 8.5487414e-08 1.5324967e-09 5.900815e-07
0.5416385 0.0370253 0.4927389 0.10500308 0.74325794 0.0022021977 0.00881198 4.8926217e-06 9.935258e-06 1.1384643e-12 0.0039889105 3.147457e-06 1.2433609e-06 0.9808653 6.557496e-07 0.7415243 0.0012901096 0.005037065 1.3038408e-05 6.693074e-06 0.5079296 1.7807766e-05 2.0588209e-06 0.0043872367 0.19460896 0.9911998 1.875715e-06 0.06107879 0.94259435 0.27172923 1.2160361e-06 0.00011082953 2.357162e-07 1.300633e-05 0.0010293511 6.6236295e-05 6.061475e-06 2.4690317e-07 5.387402e-07 0.00044267724 1.3787467e-05 5.0505783e-08 5.739932e-07 2.8795574e-05 0.15366584 4.272246e-06 0.024360867 0.00011526966 8.040663e-06 4.971025e-08 0.0017542279 3.7846988e-09 1.9383192e-06 3.0138156e-07 0.008155848 7.830543e-06 3.01263e-08 1.0482726e-08 1.2480743e-05 8.166424e-07 6.456013e-06 1.0032566e-05 1.7034629e-06 2.9311641e-07 2.8378838e-07 6.839029e-07 9.647641e-07 7.6706726e-07 4.7269186e-05 1.1830539e-06 7.416492e-07 6.839473e-07 4.8665083e-07 5.6331988e-08 1.0065827e-06 1.1761412e-06 0.0046933573 5.2817562e-08 6.788021e-07 3.6523673e-08 3.3486984e-07 1.7033126e-05 0.0006206689 1.9392712e-06 5.5587454e-05 0.04927579 4.4499297e-06 1.6624994e-05 5.0328936e-08 2.6632108e-07 5.6183694e-08 6.267266e-08 3.1265347e-07 9.766192e-08 7.9333184e-08 1.9144934e-06 3.3961894e-06 0.0043096486 3.7575026e-07 1.128046e-08 4.98266e-09
0.9662429 0.0074129403 0.010880092 0.44532892 0.03408582 0.3212108 0.0002564931 9.563096e-06 7.4483467e-07 0.0039889105 7.98396e-15 2.0748005e-06 8.9972997e-07 0.043160833 1.1279132e-05 0.0003928147 0.90705913 0.9922324 1.0945331e-08 0.010059456 0.24334976 2.5485651e-06 8.173087e-05 1.708869e-07 0.3165533 4.5640776e-05 0.00025882327 2.2650649e-05 0.011463661 0.00984196 0.00020076388 0.1332187 2.3792809e-06 0.05802344 0.45781422 1.8471667e-06 0.0021779293 3.221218e-06 2.4329224e-06 0.44111884 9.747671e-07 7.314637e-08 4.924705e-05 0.033188578 0.19196418 0.0004026433 0.74461 0.07098887 7.0647417e-07 1.75558e-06 0.46701646 1.1306763e-06 7.383543e-05 1.4429992e-08 0.26653558 0.003089046 2.8140974e-07 7.383626e-09 0.00678522 1.533469e-07 0.00041834806 0.0016121436 0.00077686604 1.4261232e-07 3.5467798e-09 4.0771793e-05 6.5917055e-05 2.0879676e-05 0.049489994 1.4489607e-06 1.3406493e-07 3.0230115e-06 1.6112588e-07 3.718009e-08 3.1746076e-05 5.572181e-08 0.2753204 2.2466601e-07 1.7118572e-07 2.7903448e-07 0.0013866579 0.013552534 0.09426492 0.0019910524 0.034093596 0.077122495 3.176399e-08 8.416596e-07 1.5456825e-10 2.0663083e-07 3.5926103e-06 2.5028453e-09 3.504661e-10 0.000110954956 4.137485e-07 6.919714e-10 9.5057695e-09 0.26404092 2.7353024e-09 2.3109718e-10 5.028423e-06
0.7767363 0.0016799369 0.00096327113 8.4279214e-05 1.29381515e-05 0.36220568 0.0008303572 0.8517056 0.0020038134 3.147457e-06 2.0748005e-06 7.1048747e-15 0.99188477 2.5330162e-06 0.9850443 4.6241507e-06 0.025503945 5.451598e-07 0.002649377 0.0077067167 7.032222e-05 0.39865294 0.8072016 1.10709784e-07 0.0003175439 1.637039e-08 0.6411414 7.782723e-08 4.085119e-05 5.3366803e-05 0.43343356 0.07792066 0.4094052 2.1646342e-07 0.00075075094 0.70436496 0.35140592 0.10147376 0.034548793 0.00047881075 0.42776525 0.13755223 0.02906468 0.030064972 5.1675524e-05 0.015804254 9.3433715e-05 0.009581044 0.13600522 0.0048871916 0.00016353291 0.001097448 0.0025876332 0.02073049 9.143346e-05 0.013698171 3.7317015e-05 0.007007409 0.00359681 0.01458011 0.00096274534 0.0009271912 0.00023499248 0.0002870604 5.625675e-05 0.00011599228 8.166784e-05 3.5729925e-05 0.00019048846 4.8479335e-05 4.8062404e-05 1.7589626e-07 8.053802e-06 5.2968164e-05 5.8476708e-06 0.0001778176 0.0007899277 1.465327e-07 7.27351e-05 1.06983784e-07 1.8938992e-05 0.0003771666 0.0023441701 1.919822e-05 0.00043729818 0.00045815433 7.6271164e-07 0.00197626 1.0846155e-09 1.0402409e-06 5.8078663e-06 2.9740411e-08 4.4864282e-07 3.5122586e-05 8.187409e-07 1.0806721e-06 3.6799008e-06 0.0010935437 9.248037e-07 4.0323807e-09 5.242696e-05
0.16802892 0.00293014 0.00020679792 8.828949e-05 5.8240953e-06 0.19355695 0.013596004 0.9479495 0.024998259 1.2433609e-06 8.9972997e-07 0.99188477 1.6201106e-15 3.9506105e-07 0.71990967 0.00010435757 0.0045285253 1.2896821e-07 0.09287989 0.0005699249 1.7019933e-06 0.9570682 0.37506396 2.2095203e-07 9.163903e-05 4.4130957e-09 0.21600807 3.8574424e-07 1.2547401e-06 4.6639666e-06 0.072129734 0.013475984 0.03326199 4.1050026e-08 0.00014747432 0.9348222 0.045773227 0.0051059364 0.0015433002 5.3940956e-05 0.27661946 0.018338986 0.0024189085 0.0036771088 2.5447641e-06 0.00041988413 4.477668e-06 0.00041753735 0.24546303 6.613713e-05 2.4161533e-05 1.1218082e-05 4.6813213e-05 0.013701496 2.7744296e-05 0.00046615812 8.376861e-07 0.002432069 0.00032528545 0.0011688592 2.6517306e-05 3.4722565e-05 1.33620615e-05 3.1999276e-05 7.8531875e-06 7.303805e-06 2.4172675e-06 5.6906724e-06 1.1885744e-05 1.5808766e-05 4.788532e-06 1.1126265e-08 3.4597238e-06 3.3460756e-06 6.0192842e-06 8.736277e-06 9.8289674e-05 1.0998891e-07 4.481282e-06 6.7042882e-09 8.5901064e-07 2.4434057e-05 0.00023235907 1.0471076e-06 3.7107988e-05 3.7049573e-05 6.3033303e-07 0.0028934118 9.50127e-10 7.331986e-08 9.2817145e-06 1.8106128e-09 8.155645e-07 2.2632035e-05 2.562745e-06 2.1774544e-07 3.6498867e-07 0.00025456163 2.3173756e-07 4.767225e-10 4.597797e-06
0.90663785 0.13948515 0.23208576 0.68684036 0.88136613 0.004167966 0.01766838 1.0075619e-05 3.8950526e-05 0.9808653 0.043160833 2.5330162e-06 3.9506105e-07 1.039052e-12 2.2614615e-06 0.03963424 0.009174261 0.10048542 3.328785e-07 2.6015376e-05 0.970582 1.5079573e-06 4.497157e-06 6.4961077e-06 0.638548 0.09409828 4.3247496e-06 0.00042277414 0.9572354 0.5482505 5.2018623e-07 0.00038340845 5.580403e-08 0.00014715022 0.0036388868 4.5688134e-06 3.7037046e-06 1.1888136e-07 8.6960604e-08 0.0011666797 7.132365e-05 6.7803704e-08 4.7512167e-08 6.6373315e-05 0.5421405 5.0204375e-07 0.16177621 0.00023701292 5.791981e-06 3.0778332e-07 0.004108042 6.3832473e-09 1.463245e-07 5.0243962e-08 0.047879893 7.49395e-06 6.301905e-09 2.1705878e-07 4.2471042e-06 4.639379e-07 4.4664068e-07 2.2124757e-06 3.571551e-07 5.8158864e-08 9.65819e-09 1.8748771e-07 7.910487e-08 3.4323975e-08 5.3101845e-05 1.4874276e-07 2.349185e-08 1.4141516e-06 5.437215e-09 3.5771688e-09 4.9843166e-08 3.6209045e-08 0.011979617 1.4080003e-08 1.9464657e-08 3.371972e-08 1.0183984e-06 5.9295067e-05 0.00040473026 1.1521705e-05 0.0005520223 0.037796963 7.55955e-08 9.102971e-06 7.2307216e-10 1.5330265e-08 9.604989e-07 9.946768e-10 1.8287265e-07 2.6600733e-07 7.174733e-08 1.5077364e-07 1.3267031e-05 0.014179154 1.5464241e-08 2.8056305e-10 1.2730951e-08
0.9664487 0.0007414686 0.0004081081 0.00018018203 1.389416e-05 0.3357995 0.0012817234 0.8284677 0.0032919545 6.557496e-07 1.1279132e-05 0.9850443 0.71990967 2.2614615e-06 3.6397434e-13 0.00013300533 0.028019313 1.4679517e-06 0.0007701584 0.2643651 5.587584e-05 0.030066498 0.9191146 1.710659e-07 9.628357e-05 1.1452655e-09 0.82865536 6.263738e-07 1.2804569e-06 1.734633e-05 0.7206211 0.1878013 0.3277777 9.163664e-06 0.0011966696 0.30135158 0.62483567 0.057046097 0.0072325408 0.004762146 0.19739616 0.1649248 0.05083938 0.16341424 0.00010522893 0.0642726 0.00016644751 0.053512003 0.07388577 0.013772671 0.0013936292 0.0004923693 0.02017936 0.013743838 0.000404097 0.078055196 6.587473e-06 0.007813726 0.025524357 0.0014079051 0.002240058 0.0051128655 0.0027071184 0.00013625623 0.0003035005 0.0001474289 0.0008718046 0.00036442786 0.0054955953 1.5726799e-05 7.530796e-06 7.22884e-08 3.560755e-06 4.3189343e-06 0.00026728888 0.00018008359 0.0020034036 1.1209837e-07 2.2917964e-06 7.049393e-08 0.0008411967 0.0022847208 0.00771815 0.00071218936 0.0038042997 0.0007843002 4.0108134e-06 0.0006734186 5.53542e-09 1.540723e-06 9.2612487e-07 5.6048197e-08 3.824202e-07 0.00023480676 2.806309e-07 3.491136e-07 3.849595e-06 0.009047365 6.994376e-06 8.630984e-09 2.6278233e-06
0.0016537973 0.900797 0.9525588 0.038464677 0.9179975 0.020440944 0.28521648 0.0035048174 0.001770855 0.7415243 0.0003928147 4.6241507e-06 0.00010435757 0.03963424 0.00013300533 1.0126124e-18 0.003758449 0.00019032703 0.0014984392 1.7837366e-06 0.004090345 7.4741976e-05 2.2218921e-05 0.99975175 0.0019435206 0.02545046 2.385157e-05 0.0033824237 0.00019813901 0.00019736841 4.744878e-06 8.817909e-05 1.6833487e-06 9.573837e-06 0.00041046095 1.7827902e-05 9.465276e-06 3.8968878e-07 5.3335964e-07 5.5851655e-05 1.8820313e-06 7.343014e-08 3.220679e-07 3.4810462e-05 8.978159e-05 1.1440015e-05 0.0003502127 0.00016159516 2.1557807e-06 2.4814659e-08 4.094913e-05 2.0330152e-08 2.3460666e-06 1.9136216e-07 2.4282877e-05 3.3203676e-05 1.0301195e-07 3.4212857e-08 9.610359e-05 8.322705e-09 5.4768066e-06 2.745859e-05 2.8245591e-05 2.6769462e-07 9.48268e-09 2.2382744e-07 2.7777216e-06 6.884319e-07 2.9912693e-05 3.7022866e-07 1.5051634e-07 3.8649894e-08 6.0066827e-09 7.1829553e-10 9.654295e-07 3.2789338e-09 8.991201e-05 1.9257558e-07 1.2598824e-07 7.0268515e-09 5.5133194e-07 6.0120847e-06 7.446322e-05 6.917713e-07 4.3541637e-05 0.0012856267 5.345569e-07 1.2379289e-06 2.0012484e-08 5.167192e-09 1.4469232e-07 1.0904437e-10 3.386035e-08 1.0672596e-07 4.6406465e-10 6.1154445e-08 2.769243e-07 0.0002876024 6.9740036e-09 6.843491e-11 8.474658e-09
0.9793959 0.46095893 0.30131066 0.7165404 0.097751714 0.9742292 0.16589016 0.18945274 0.003962684 0.0012901096 0.90705913 0.025503945 0.0045285253 0.009174261 0.028019313 0.003758449 3.2405255e-15 0.23380472 0.000110655485 0.6496257 0.19058782 0.0006347236 0.0022531543 4.3061823e-07 0.072488904 2.3534332e-07 0.0017911134 6.2071244e-06 0.016701598 0.023815403 0.0017232215 0.92040366 1.5817851e-06 0.41909772 0.7035975 0.00041921833 0.03859941 1.9688525e-06 5.1016013e-08 0.5796701 0.00039065292 4.9128485e-06 2.4778088e-05 0.5297973 0.15823044 0.00047633337 0.23979242 0.21523729 9.709627e-06 9.309758e-09 0.38572705 5.442014e-07 1.5617423e-05 2.7349804e-06 0.15607186 0.0095437905 1.0983267e-08 8.2617935e-06 0.012749501 9.702823e-06 0.0001696749 0.0009878525 0.000274512 5.645623e-08 2.0498126e-08 3.5676517e-06 2.4139998e-05 1.3074138e-06 0.06910267 7.8794176e-07 5.2752705e-07 2.0367636e-07 3.0767796e-07 1.8937392e-08 9.342587e-07 1.8724346e-07 0.1155954 1.6453688e-08 1.0600569e-08 2.7534397e-09 0.0008494468 0.00759127 0.037685055 0.0013597067 0.008152465 0.049383335 8.141039e-08 6.078806e-06 1.7516103e-11 8.243113e-09 2.0247388e-07 3.7214742e-10 4.6069218e-10 4.9236056e-05 3.5798596e-08 9.1282065e-10 7.007632e-09 0.09716934 2.2035818e-09 2.6044278e-10 7.397405e-07
0.8462893 0.001497158 0.0070966766 0.4505374 0.015222649 0.025933368 9.841057e-05 1.0955149e-06 3.7664236e-08 0.005037065 0.9922324 5.451598e-07 1.2896821e-07 0.10048542 1.4679517e-06 0.00019032703 0.23380472 3.948078e-17 3.457575e-09 0.0025022659 0.4952167 9.93425e-07 2.6744685e-05 2.9295657e-07 0.88472134 4.6300396e-05 6.327392e-05 1.9870735e-05 0.05886298 0.060844347 4.47855e-05 0.042415585 1.1197865e-06 0.06291877 0.30796173 2.1918606e-06 0.0002641197 1.053681e-06 4.803303e-07 0.17287081 1.1683481e-06 2.2492056e-08 5.5120345e-06 0.018228034 0.66480374 0.00022484017 0.96733814 0.022682432 6.314289e-08 2.2495672e-07 0.38962516 2.2676151e-07 1.3434549e-05 9.952389e-09 0.5412866 0.0021566232 1.1385888e-07 1.13900525e-08 0.0024911168 8.597749e-08 0.0001903815 0.0009472844 0.00023401986 1.01750466e-07 8.856348e-09 3.9628426e-06 1.7815477e-05 1.9612853e-06 0.018601071 3.4787163e-07 2.4627987e-08 1.788928e-07 1.2715492e-08 1.9418678e-08 2.9948897e-06 4.5823974e-08 0.3080778 2.6959702e-08 1.4412643e-07 5.4352243e-09 0.00035223583 0.0029366736 0.016482824 0.0005661928 0.0051448937 0.14511162 2.4441968e-08 1.9864112e-06 5.6912388e-11 5.386851e-09 1.078295e-06 4.5322723e-10 1.5743835e-10 8.388657e-06 3.6937077e-08 2.0160587e-09 1.2047676e-08 0.053556442 7.286659e-09 2.1297304e-10 1.1059777e-06
0.0002344879 0.0034375952 0.00022086345 0.00026644775 1.07903825e-05 0.019005306 0.7480157 0.11850493 0.9998683 1.3038408e-05 1.0945331e-08 0.002649377 0.09287989 3.328785e-07 0.0007701584 0.0014984392 0.000110655485 3.457575e-09 1.4790749e-18 1.775319e-08 5.2650427e-07 0.9972415 5.985474e-05 1.619043e-06 5.5855244e-06 1.12778096e-07 1.02082895e-05 3.2053795e-05 4.6092737e-06 5.775356e-06 1.0183838e-06 3.958076e-06 7.115278e-07 8.8318997e-10 4.555341e-07 0.15445836 2.0239872e-06 1.6160355e-07 1.9879643e-07 1.1688188e-07 0.00055892847 6.408742e-06 1.2475316e-07 2.2485003e-06 1.808912e-06 1.4147936e-06 4.8519763e-07 2.4863364e-06 0.0020694165 1.0920516e-08 2.142143e-07 9.450163e-09 3.669662e-07 4.970892e-06 4.2830624e-07 1.8411694e-06 6.6003516e-08 9.912739e-07 3.386458e-06 1.05077945e-07 5.2809508e-08 3.8759654e-07 2.7950912e-07 6.164467e-08 5.151135e-08 1.6795346e-07 1.424215e-07 3.9420918e-08 3.94407e-06 5.1446353e-08 7.3951556e-09 4.5170947e-09 1.3437307e-08 1.7267764e-07 1.8616481e-07 4.3787878e-08 2.865001e-05 2.815474e-09 8.465515e-09 2.073981e-10 3.0543706e-07 5.127778e-07 4.421859e-05 1.1402645e-07 6.835721e-06 3.259001e-05 6.7690635e-08 0.00030720435 8.1953255e-10 7.478607e-08 6.3862345e-08 1.2366467e-09 5.169627e-09 1.1112195e-06 1.1323386e-07 1.3174014e-08 1.6500831e-08 5.234343e-05 2.7547333e-08 1.5192443e-11 2.78097e-07
0.6713012 0.0006147158 4.8253085e-05 0.0013179126 3.7338355e-06 0.8759739 1.5417732e-05 0.0035728326 1.1016112e-06 6.693074e-06 0.010059456 0.0077067167 0.0005699249 2.6015376e-05 0.2643651 1.7837366e-06 0.6496257 0.0025022659 1.775319e-08 4.6028124e-17 0.0013787153 0.00012509551 0.9683309 7.659835e-10 0.0014476493 6.0671566e-09 0.9521226 2.3508212e-08 1.6589944e-05 0.00012483809 0.89572954 0.8357253 0.042086303 0.04249186 0.07591087 1.0775668e-05 0.9041752 0.016254101 0.0032113446 0.069703124 9.750791e-06 1.8117651e-05 0.05274563 0.6539117 0.00083656935 0.17311943 0.0065423953 0.35549897 2.6934531e-05 0.0014789297 0.03228047 1.1925722e-05 0.0070355795 6.0073074e-07 0.0023061628 0.14057975 4.0817466e-07 3.5862752e-07 0.08289485 3.1098267e-08 0.00206759 0.008143499 0.0026405803 2.2835952e-06 5.567928e-09 4.0696814e-05 0.00033436838 0.000103205726 0.03272933 5.478499e-06 5.524235e-07 5.914506e-05 1.1238047e-06 1.9979578e-07 1.7121763e-06 8.219112e-08 0.0050783795 3.3261465e-08 5.996238e-07 1.1114114e-06 0.00042324958 0.0036573801 0.004759588 0.00024483335 0.0026453491 0.0009892185 2.1493285e-08 2.2472815e-07 3.305467e-11 1.980364e-08 1.5732377e-09 1.619435e-10 4.0880976e-10 1.7068201e-05 1.06007576e-07 4.3306865e-09 1.2505637e-08 0.003194028 1.7992631e-08 2.0164833e-11 1.7694333e-08
0.9352935 0.453671 0.50494957 0.86922395 0.83397657 0.14743087 0.043846138 0.00028950558 2.5272842e-05 0.5079296 0.24334976 7.032222e-05 1.7019933e-06 0.970582 5.587584e-05 0.004090345 0.19058782 0.4952167 5.2650427e-07 0.0013787153 9.26308e-14 8.451041e-06 4.550535e-05 3.020723e-06 0.9769298 0.00470559 9.749177e-05 0.0001924604 0.5763973 0.68953174 3.3529424e-05 0.00093522953 1.5804876e-07 0.0082227085 0.17003301 4.2585925e-05 5.4181e-05 4.290429e-07 1.2253662e-07 0.014906869 8.577755e-05 1.9312512e-07 1.1562813e-06 0.000434867 0.73933446 1.455375e-05 0.32914853 0.0010886157 5.734477e-05 1.3671982e-07 0.035610333 3.002219e-08 1.7462407e-06 5.440216e-08 0.0732538 0.00010433438 1.6106512e-08 5.8497426e-07 9.941207e-05 2.0158732e-06 4.533354e-06 1.0540675e-05 3.9800143e-06 1.4843957e-08 7.6655425e-08 1.5685166e-06 6.028111e-07 1.302157e-07 0.00045261355 4.0243993e-08 2.9011094e-09 1.3295029e-06 4.465763e-09 2.8225623e-08 3.4679442e-07 7.134181e-07 0.02287111 1.0239738e-08 5.7810922e-08 6.0225367e-09 8.255162e-06 0.000119683966 0.0007108224 3.294085e-05 0.0005014543 0.030799478 5.702981e-07 6.725139e-05 8.767304e-09 8.2908464e-08 1.4244948e-07 1.3499184e-09 8.032879e-07 1.3869958e-07 3.5487727e-07 2.3757211e-06 5.118222e-05 0.009186007 4.8662557e-08 2.1072695e-09 1.4242224e-08
0.0047626 0.007647716 0.00022837459 5.712387e-05 5.22274e-05 0.03468803 0.004032387 0.94758385 0.034407664 1.7807766e-05 2.5485651e-06 0.39865294 0.9570682 1.5079573e-06 0.030066498 7.4741976e-05 0.0006347236 9.93425e-07 0.9972415 0.00012509551 8.451041e-06 5.0618795e-16 0.012216465 3.7416368e-07 2.7344836e-07 1.5718468e-08 0.004712365 2.168194e-05 9.262923e-06 2.1518454e-06 0.0011004071 0.00023962159 0.00078812375 3.0572546e-06 3.305592e-06 0.8199959 0.0003197419 0.00019732474 0.00010562375 6.9926145e-08 0.250195 0.0028514294 1.5473943e-05 7.4098157e-06 2.6896143e-06 2.4093999e-05 4.3216843e-07 5.796724e-07 0.03300779 3.209892e-05 2.656315e-08 2.462673e-07 6.045815e-07 0.0012893557 1.478539e-07 4.5097473e-05 2.4707544e-08 0.0002053462 2.1397677e-06 0.00029221337 2.0685184e-07 3.70211e-07 9.855093e-08 8.7657907e-07 3.7375742e-07 2.3899872e-08 1.5513999e-07 2.045816e-07 5.116575e-06 2.0101092e-07 6.088954e-08 1.0718727e-06 1.1860854e-07 2.6463417e-07 1.3672633e-07 6.402779e-06 1.3519968e-07 1.16522e-08 2.0079153e-07 5.7401532e-08 3.660515e-07 2.8038894e-06 0.00014589095 1.4036678e-07 1.8199693e-06 4.9459386e-06 9.3038113e-07 0.0053899847 5.099128e-09 3.063008e-07 5.1860854e-07 1.628329e-08 1.0483607e-06 7.2320705e-07 8.391953e-08 2.5306318e-07 4.069035e-06 9.419288e-06 5.1798647e-08 2.2629865e-10 1.4793422e-06
0.9429083 0.00036458788 0.00021593388 0.00015457152 1.9889581e-05 0.0760364 0.00022147618 0.55199283 0.0019009494 2.0588209e-06 8.173087e-05 0.8072016 0.37506396 4.497157e-06 0.9191146 2.2218921e-05 0.0022531543 2.6744685e-05 5.985474e-05 0.9683309 4.550535e-05 0.012216465 1.2551295e-13 6.537817e-08 7.248795e-05 1.6704342e-09 0.961169 1.3264437e-07 2.1469043e-07 3.3877564e-06 0.7660208 0.0743985 0.59710467 6.5371285e-05 0.0001769739 0.2555114 0.6462234 0.1214987 0.012670052 0.00067248155 0.25100943 0.16519727 0.071327806 0.19579664 3.1990334e-05 0.14586678 0.00014207227 0.063298956 0.032385234 0.0052944734 0.0005589698 7.7646095e-05 0.014207051 0.032021724 0.00025120127 0.14465505 2.3725897e-06 0.008400654 0.052382 0.0013865555 0.0024648253 0.004506919 0.0030024068 2.3313116e-05 7.6456156e-05 5.7467732e-05 0.00030745228 9.5962e-05 0.004737831 3.8233713e-05 5.4336983e-06 1.8758958e-06 2.910805e-06 8.291077e-06 3.2864667e-05 0.000119180084 0.00091519824 7.796273e-08 8.390897e-06 2.6265565e-07 0.0011676025 0.0031861274 0.0045511974 0.00091564044 0.0047401027 0.0004600934 4.1938465e-06 4.5149547e-05 5.045273e-08 1.1124585e-05 1.7316363e-07 3.5537647e-07 2.1075608e-07 6.80577e-05 4.0914466e-07 1.6537672e-07 1.3877665e-06 0.005504405 4.3009499e-07 1.5636294e-08 6.7532756e-07
1.5647582e-05 0.00040439598 0.00046546024 3.4815872e-05 0.00019016756 2.3858245e-06 0.0008112883 1.3632784e-06 7.860748e-06 0.0043872367 1.708869e-07 1.10709784e-07 2.2095203e-07 6.4961077e-06 1.710659e-07 0.99975175 4.3061823e-07 2.9295657e-07 1.619043e-06 7.659835e-10 3.020723e-06 3.7416368e-07 6.537817e-08 3.9438537e-22 4.2799006e-06 1.300504e-05 1.7006782e-07 0.99999964 2.4192254e-06 3.5514831e-06 2.8202859e-08 1.472814e-07 2.7218128e-09 5.6468146e-09 6.734394e-07 7.1038255e-07 7.355952e-08 1.4572288e-09 7.016993e-09 7.413006e-07 1.17233306e-07 1.8484567e-08 6.489847e-08 3.2202152e-07 1.2370415e-06 1.690312e-07 4.5395902e-07 4.2538062e-07 2.7584333e-09 3.8167744e-10 3.724491e-07 2.4025228e-09 9.034714e-08 1.6718941e-09 2.7056433e-07 4.5170384e-07 2.1481481e-08 1.3509134e-08 9.705113e-07 1.2655553e-09 1.9281014e-08 2.168678e-07 9.434355e-08 7.489495e-09 1.987808e-08 3.5577594e-07 3.7569816e-08 1.9947963e-08 1.6566994e-06 3.9612818e-08 3.666185e-09 1.0372536e-09 7.838077e-09 1.3938891e-08 1.2985662e-08 9.2915875e-10 5.0342915e-06 3.6658634e-09 9.775816e-10 1.5277614e-11 1.2446303e-06 1.835897e-06 4.3104415e-06 1.469381e-07 3.4338939e-06 2.5143743e-05 7.885702e-09 2.9581665e-08 1.2949439e-10 1.2421981e-08 7.798809e-10 1.8072073e-09 2.3426724e-10 7.0374034e-10 7.870762e-10 5.130715e-10 4.0451276e-10 1.0648014e-05 1.6279361e-10 2.4589995e-13 7.299828e-10
0.9053481 0.17949359 0.26590386 0.79817456 0.5400786 0.047922537 0.013373109 0.00075658865 2.1375474e-05 0.19460896 0.3165533 0.0003175439 9.163903e-05 0.638548 9.628357e-05 0.0019435206 0.072488904 0.88472134 5.5855244e-06 0.0014476493 0.9769298 2.7344836e-07 7.248795e-05 4.2799006e-06 3.4957516e-12 0.003262543 0.00017288567 0.0004982699 0.26404583 0.88414884 6.1361934e-05 0.0013352266 2.027012e-06 0.022299293 0.16640837 1.2232903e-05 8.2520724e-05 2.9187888e-06 8.6143405e-07 0.034721516 0.00019086488 1.3105572e-06 1.3713978e-05 0.0009659412 0.94062436 4.1513777e-05 0.702246 0.001502049 2.5764018e-06 8.457144e-06 0.06800402 7.116343e-07 1.9093789e-06 3.4139138e-08 0.18793687 0.00020257175 8.025884e-08 6.5180666e-07 0.00030670874 5.3196045e-06 1.54594e-05 4.025423e-05 1.3662689e-05 8.309746e-07 1.3312138e-07 1.6745129e-05 4.9251344e-06 6.466195e-07 0.0051228637 1.444817e-06 4.7301063e-07 1.9529182e-06 1.126128e-07 1.6409124e-06 2.3054733e-06 4.000375e-07 0.054075498 5.4022678e-08 1.1071865e-07 6.1560272e-09 0.00018589647 0.00068804534 0.0033255885 5.6952194e-05 0.0006111085 0.085961916 2.3487844e-06 0.00012485762 7.446634e-09 2.3680627e-07 9.358811e-08 1.268531e-08 1.3729806e-08 1.339775e-07 3.0884728e-06 3.542997e-07 2.7992164e-06 0.017286897 2.481455e-07 1.0980377e-08 6.5465986e-07
0.055185102 1.1154352e-05 0.0009956016 0.00014484081 0.0109455325 5.970987e-07 0.00019567324 1.1263385e-07 2.2537986e-06 0.9911998 4.5640776e-05 1.637039e-08 4.4130957e-09 0.09409828 1.1452655e-09 0.02545046 2.3534332e-07 4.6300396e-05 1.12778096e-07 6.0671566e-09 0.00470559 1.5718468e-08 1.6704342e-09 1.300504e-05 0.003262543 4.877833e-16 6.6612813e-09 0.99883705 0.72931755 0.054759655 6.286655e-10 1.1221125e-08 3.7904901e-10 2.0431807e-08 6.422392e-06 7.6490096e-08 2.552156e-09 7.2068196e-10 4.4503725e-09 1.814323e-06 7.1021154e-06 1.7628915e-08 6.3437616e-10 3.92113e-09 0.0050430875 1.6859659e-08 0.00017106994 2.3297478e-08 5.9400357e-08 9.5511865e-09 2.7224423e-06 5.931006e-10 5.114915e-10 5.3745666e-09 2.3855597e-05 4.82518e-09 3.4638121e-09 1.0069763e-08 1.2923519e-08 1.6391795e-08 4.501913e-09 5.4013302e-08 1.2943426e-08 1.4890434e-08 1.9524785e-08 2.1435314e-08 1.3692852e-08 2.1676687e-09 6.145425e-08 5.7803092e-08 7.351446e-09 4.902128e-09 2.9995673e-09 1.252729e-08 3.725475e-09 3.1455345e-09 0.00046377204 1.3649878e-08 2.3545805e-09 2.2014171e-10 1.4661306e-09 6.934066e-09 9.873113e-07 1.5370633e-09 4.0255433e-08 0.07423634 6.0610033e-09 9.609776e-08 1.9948143e-09 1.06273994e-07 4.213998e-11 3.6444603e-09 6.6951387e-09 1.8214023e-09 4.581897e-09 6.116713e-09 6.170651e-09 0.00086945365 2.4899323e-09 3.0462077e-11 2.8903586e-11
0.9039556 0.0004506287 0.00012788632 0.00012811007 2.3168715e-05 0.010147635 8.7163324e-05 0.36089134 0.00015345172 1.875715e-06 0.00025882327 0.6411414 0.21600807 4.3247496e-06 0.82865536 2.385157e-05 0.0017911134 6.327392e-05 1.02082895e-05 0.9521226 9.749177e-05 0.004712365 0.961169 1.7006782e-07 0.00017288567 6.6612813e-09 6.8195124e-12 8.3841776e-08 6.3701856e-07 1.3649456e-05 0.9642523 0.044632778 0.6362023 0.0002608928 0.0002516168 0.15038681 0.79443145 0.27336064 0.09266887 0.00053778745 0.29174238 0.2962597 0.30426747 0.1639411 4.610634e-05 0.30637893 0.00012813635 0.056633778 0.030647967 0.0051224167 0.00065635185 0.00026445946 0.02990658 0.01995301 0.0001654789 0.18089195 1.5873122e-05 0.015564685 0.069426775 0.0019852542 0.0034679333 0.0061111366 0.004168155 4.9774935e-05 6.2139916e-05 8.266709e-05 0.00044903308 0.00020366386 0.007198537 7.6435885e-05 1.1449686e-05 8.616079e-06 8.215547e-06 2.9282444e-05 3.9473383e-05 8.730817e-05 0.0009046006 3.3536776e-07 3.357406e-05 4.1678524e-07 0.0018320363 0.0030710374 0.0025165398 0.001030863 0.0025779356 0.0004002705 4.4389053e-06 6.799509e-05 3.9759133e-08 1.5509666e-05 1.5073332e-06 4.6551432e-07 1.2406288e-07 5.9065693e-05 1.0501889e-06 3.901521e-07 8.9848663e-07 0.0030583583 4.835309e-07 1.7229576e-08 6.615504e-07
0.0018931538 0.00081955036 0.0017434895 0.0002054163 0.003353721 0.00022087316 0.001407844 2.679628e-05 2.280147e-05 0.06107879 2.2650649e-05 7.782723e-08 3.8574424e-07 0.00042277414 6.263738e-07 0.0033824237 6.2071244e-06 1.9870735e-05 3.2053795e-05 2.3508212e-08 0.0001924604 2.168194e-05 1.3264437e-07 0.99999964 0.0004982699 0.99883705 8.3841776e-08 2.068794e-17 0.002606508 0.00040595335 8.008096e-09 8.995746e-07 1.2432861e-08 1.2784826e-06 7.2488747e-06 3.3860708e-06 3.3643224e-07 1.5203532e-09 1.7284808e-08 5.5095643e-06 9.54982e-07 4.71054e-08 7.931608e-08 1.8974598e-06 0.0002479971 4.0063844e-07 4.6225832e-05 9.493449e-07 1.0270204e-06 7.750322e-09 5.639461e-06 4.513959e-09 1.15655546e-07 4.7064512e-09 8.684019e-06 7.083314e-07 4.2213568e-08 1.08664535e-08 7.9958943e-07 6.2200924e-09 6.467852e-08 2.8150288e-07 9.652007e-08 2.9558091e-08 2.8266621e-08 1.0548614e-06 7.0122475e-08 1.0275665e-07 9.0385976e-07 5.9614415e-08 2.9185994e-08 1.0011754e-08 5.790395e-08 5.563112e-08 1.7919623e-07 9.825697e-09 8.93005e-05 3.5355153e-08 1.00521895e-07 7.4343687e-10 1.1171891e-06 1.2229373e-06 2.0197942e-05 1.4995928e-07 7.9146866e-07 0.0032486196 1.2436301e-06 1.9319707e-06 3.5069496e-09 1.429601e-07 3.6773784e-08 7.309766e-09 1.9019256e-10 2.6314326e-09 1.1562878e-10 1.0930186e-08 2.0510436e-09 0.00033738557 1.3123774e-09 1.2132123e-11 2.5489438e-10
0.95042384 0.030399779 0.10135173 0.11735845 0.20408513 0.006621589 0.018505774 9.699775e-05 0.00047879686 0.94259435 0.011463661 4.085119e-05 1.2547401e-06 0.9572354 1.2804569e-06 0.00019813901 0.016701598 0.05886298 4.6092737e-06 1.6589944e-05 0.5763973 9.262923e-06 2.1469043e-07 2.4192254e-06 0.26404583 0.72931755 6.3701856e-07 0.002606508 2.2909656e-12 0.984874 7.4470955e-07 0.00013796419 2.2181563e-08 0.0011363175 0.018205864 1.3626566e-05 3.1938225e-06 3.697712e-08 1.3772906e-07 0.0021105842 8.7284825e-06 9.655887e-07 2.1765078e-07 2.2598908e-05 0.551253 7.871247e-07 0.045099854 0.0003060662 2.2633893e-05 6.789789e-07 0.004181395 6.7095964e-09 1.3827392e-07 2.4166868e-06 0.01467194 1.8351656e-06 6.531049e-08 1.8472882e-06 1.2397749e-05 3.9991337e-06 7.120729e-07 3.8848825e-06 1.1231833e-06 7.056739e-08 1.1774188e-07 6.085671e-07 1.4259533e-07 2.2918092e-08 2.875537e-05 3.273048e-07 4.3434362e-08 1.1993064e-06 3.0781724e-08 1.2481689e-08 2.3491133e-08 2.4814622e-07 0.012464158 2.1620656e-09 2.4902233e-08 2.4214908e-09 4.0452878e-07 5.4322013e-06 5.0559305e-05 2.3308282e-06 2.8509481e-05 0.45586336 1.3883046e-07 3.4604254e-05 4.809908e-09 1.1546465e-07 6.842441e-09 5.09046e-09 1.3886535e-08 1.2813559e-08 2.4980153e-08 3.7619934e-08 9.200353e-08 0.011335446 4.8389975e-08 1.1186799e-09 3.1526464e-09
0.9720925 0.075634345 0.124243386 0.2302417 0.16184115 0.01761266 0.013298068 0.00029145833 1.0276979e-05 0.27172923 0.00984196 5.3366803e-05 4.6639666e-06 0.5482505 1.734633e-05 0.00019736841 0.023815403 0.060844347 5.775356e-06 0.00012483809 0.68953174 2.1518454e-06 3.3877564e-06 3.5514831e-06 0.88414884 0.054759655 1.3649456e-05 0.00040595335 0.984874 7.993663e-12 1.2110521e-05 0.00034084663 1.3080715e-07 0.0011580257 0.05091558 1.4253965e-06 1.7905515e-05 4.925076e-07 3.3383864e-07 0.006360719 2.4197667e-05 5.8274127e-06 2.518112e-06 0.00032585955 0.9705255 5.5633245e-06 0.22747467 0.0007292767 3.9507842e-05 4.8615616e-06 0.0067701237 3.2703475e-08 1.2867858e-06 5.3528197e-08 0.06497054 3.496921e-05 6.0748256e-08 2.1093235e-06 0.00012909465 8.349007e-06 6.2545428e-06 2.7408516e-05 6.074252e-06 7.7358976e-08 4.586938e-07 2.733223e-06 1.2029903e-06 3.7617855e-08 0.00034576526 1.6692935e-06 1.383578e-07 1.1154922e-06 6.84687e-08 1.6131455e-07 3.023908e-08 1.3621907e-06 0.030541992 4.107452e-09 3.5779962e-08 7.763727e-09 2.897847e-05 9.009346e-05 0.00034598113 4.782084e-06 6.0314236e-05 0.8320043 2.3365266e-07 7.665294e-06 9.459342e-09 5.058289e-07 1.0370998e-08 7.027753e-08 7.43338e-09 1.7880796e-08 4.285199e-09 2.3974522e-08 2.214505e-07 0.01629464 2.3041753e-07 3.0957934e-09 1.7451836e-08
