3.4356252e-16 0.84324807 0.69055444 0.2000662 0.8902926 0.9070154 0.71655935 0.976946 0.89977545 0.07157072 0.9076768 0.9360001 0.77776676 0.064601995 0.94395876 0.8754908 0.9375119 0.93739617 0.11540977 0.71604955 0.03035578 0.6529306 0.65159416 0.00950894 0.9240039 0.78740704 0.7554261 0.6782721 0.8866972 0.4543618 0.5098795 0.6893404 0.5188798 0.9165824 0.91456306 0.0056097214 0.00044491066 0.97057444 0.000102091224 0.00027610408 0.25879294 0.8196416 0.0047050724 0.73373616 0.6426454 0.8813505 0.96439946 0.940096 0.8010376 0.880796 0.9712824 0.013670295 0.94190097 0.9597095 0.97905517 0.9297295 0.87934566 0.99272346 0.9366453 0.9554552 0.8168121 0.9086778 0.7584499 0.9865773 0.1678724 0.8902086 0.85280466 0.997909 0.9304989 0.65626407 0.8170374 0.9994426 0.8684876 0.91608083 0.00045386207 0.050397474 0.006549069 0.7666338 0.7053035 0.55474985 0.9944778 0.9998661 0.7030259 0.9937145 0.43412262 0.9937305 0.6108728 0.999025 0.826711 0.3912831 0.03510844 0.502675 0.9927847 0.39066568 0.9999505 0.99762756 0.8374254 0.94506246 0.70626676 0.9981862 0.9943229
0.84324807 1.5650562e-15 0.98247427 0.94327 0.48388937 0.944455 0.9138022 0.9288443 0.036694456 0.7180604 0.25787482 0.13680568 0.4357541 0.06871225 0.12926191 0.16261694 0.65149224 0.005370879 0.21798596 0.2033474 0.49499708 0.006170076 0.0007412586 0.004781938 0.03201259 0.00032274972 0.07504908 2.725674e-06 0.007679149 0.18812422 0.14277351 0.22803742 0.038981356 0.00014293032 0.07074535 4.2571123e-06 0.6606645 0.3076275 0.007312828 0.09393498 2.962931e-07 0.00050974905 7.0705355e-06 7.946005e-05 8.485019e-05 7.95436e-05 0.019584125 0.0003532757 0.00016089319 2.1768512e-08 0.00012547775 2.868681e-07 3.174591e-06 0.0032542057 0.0009481303 9.753255e-06 1.1306892e-06 0.029297771 0.001735736 0.098279215 3.1312524e-05 9.6081806e-08 1.1274685e-06 0.001327424 1.0336524e-07 4.053336e-07 0.0004006912 0.0024709376 9.571659e-05 2.9634032e-07 0.00019977322 0.019516155 2.912331e-05 8.909399e-08 1.6124831e-08 2.358275e-09 1.0224417e-08 1.670935e-05 5.49527e-08 0.00016859725 5.8702945e-08 0.00019698312 3.5775513e-05 6.68862e-06 1.2002452e-07 2.4406321e-05 4.61427e-06 1.6169497e-07 2.8806338e-07 1.3447822e-06 3.7978958e-09 3.6629734e-07 2.758665e-07 1.7357458e-08 0.00011539901 6.9092566e-06 2.797974e-07 6.734702e-07 4.817152e-07 2.9586688e-06 2.988013e-07
0.69055444 0.98247427 1.7689423e-14 0.97911453 0.025605472 0.9880621 0.36328903 0.37441152 0.0009390484 0.28545249 0.006158697 0.0033140834 0.49715972 0.37631196 0.7465133 0.36129394 0.4966707 0.00019997891 0.002297583 0.20205362 0.43110737 0.00045515288 0.011092834 7.774457e-05 0.1269548 8.288882e-05 0.11741757 2.1572666e-07 0.00029180013 0.07748534 0.058053445 0.1016337 0.03157058 4.9995174e-06 0.04473562 5.479029e-07 0.14545044 0.12550221 0.00075300207 0.0070248465 5.91769e-08 0.006095471 2.0479838e-06 0.00081200275 0.0006052467 4.1196627e-06 0.0016280746 1.2269741e-05 0.00074088475 1.6399478e-09 5.625273e-05 9.1058354e-08 0.0001890158 0.009811212 4.8143094e-05 3.3764984e-05 1.78475e-05 0.0014378913 0.0003408603 0.013534974 4.7244243e-06 2.3578442e-08 6.900113e-07 0.001958521 6.2778786e-06 1.4638367e-07 1.1578953e-05 0.00039306164 1.2704887e-06 1.0545078e-07 1.6919941e-05 0.004706102 0.0001802183 7.595625e-08 2.2079152e-09 6.080621e-08 3.8833945e-09 1.1808431e-05 1.7457704e-07 0.00014942673 2.102874e-08 2.916364e-05 0.000106615844 8.1172504e-07 5.1282935e-08 0.00014662588 6.7834196e-07 2.1042795e-05 8.521616e-07 0.00068684627 2.0884234e-09 1.0219018e-06 8.503284e-09 7.818059e-08 0.0005077215 9.180624e-06 3.154803e-07 6.190014e-05 7.377029e-06 3.021082e-05 1.8189219e-07
0.2000662 0.94327 0.97911453 9.089973e-16 0.015629351 0.7077112 0.18417814 0.048200466 0.00034500306 0.57034975 0.00046853567 0.00059530657 0.26788265 0.93820035 0.7700965 0.32776973 0.29639557 0.00021238791 0.0045010964 0.15966079 0.96085876 0.00018472814 0.17492837 7.929956e-05 0.15203704 2.231431e-05 0.048437733 1.03875145e-07 7.93868e-05 0.032598406 0.020176949 0.026085114 0.011247397 4.052308e-05 0.012991523 5.558366e-06 0.48496047 0.032517146 0.0148573015 0.014421184 6.454123e-08 0.021812974 9.3845165e-06 0.0016533242 0.002917581 5.5655613e-07 7.847307e-05 3.6595256e-06 0.00071424013 1.4925202e-09 0.00045852544 3.233966e-07 0.00064340647 0.0021786161 1.02436015e-05 0.00033230142 8.202595e-05 0.00010829336 2.4795843e-05 0.00056696223 4.34492e-06 6.26617e-05 1.8949407e-06 0.00010921831 1.5345238e-05 2.5426596e-07 1.3485715e-05 0.00022400035 1.0478389e-06 1.5668263e-07 1.6026286e-06 0.0002531461 4.249959e-05 6.938012e-08 6.566645e-09 4.896673e-08 2.4450162e-09 2.54408e-06 4.0325517e-08 2.732122e-05 2.2609653e-08 3.5736637e-05 2.6247715e-05 3.861948e-07 2.3907122e-08 4.5172368e-05 2.3308282e-06 0.00023740767 9.2044424e-08 0.00038786684 2.7943685e-09 3.42479e-07 2.476619e-08 4.0631e-09 0.000103895414 1.6901056e-05 4.7464147e-07 1.274911e-05 1.4759342e-05 3.041662e-05 1.585837e-07
0.8902926 0.48388937 0.025605472 0.015629351 1.856468e-14 0.020120354 0.92725027 0.9220145 0.9846928 0.12301448 0.94011605 0.6835258 0.012577468 4.1699557e-05 0.0004502416 0.00083093584 0.09159691 0.6765937 0.85803527 0.0020109904 0.009172937 0.25707445 0.00022763398 0.85240316 0.0001007107 0.07663046 0.000784378 5.7633202e-05 0.16230297 0.012521458 0.013068797 0.03565096 0.00078479474 0.015706236 0.0020153024 0.002184233 0.069017865 0.030849483 0.0027545604 0.13032694 9.005163e-05 9.283972e-06 7.7967314e-05 7.3573706e-06 2.3675684e-05 0.0017359769 0.2756841 0.0075561125 2.491923e-05 1.0306753e-06 1.4398934e-05 1.2824178e-05 1.0927706e-06 0.0004388247 0.009491816 4.206528e-06 1.750187e-08 0.17343307 0.044440266 0.024614803 0.000114495175 3.0758422e-06 7.101821e-07 0.00019412459 1.3165418e-07 2.3314685e-06 0.00039123493 0.048050825 6.562583e-05 2.6026032e-06 6.950798e-05 0.0036821687 5.1110055e-06 5.2973643e-08 7.3492075e-08 1.1747577e-08 2.0261053e-08 3.7508114e-05 1.7513817e-07 0.00010565851 4.8469968e-08 0.000318784 3.1899886e-05 8.35306e-06 1.2650233e-07 3.1483774e-05 5.2597707e-06 6.203384e-06 1.9101344e-06 3.0623696e-06 9.663934e-10 1.333807e-06 6.272071e-07 1.3190818e-07 0.00016111368 2.9653297e-06 2.7515998e-07 5.8342966e-06 2.1637745e-06 7.1622917e-06 3.747161e-07
0.9070154 0.944455 0.9880621 0.7077112 0.020120354 6.688893e-14 0.30820316 0.29734507 0.0029464778 0.24793984 0.0009510844 0.0022361286 0.94313794 0.048851367 0.6624258 0.82337934 0.85867363 7.4843265e-05 0.0017223854 0.51407224 0.22453935 0.000283421 0.011478785 3.7252157e-05 0.3521891 1.6162006e-05 0.36254078 9.772583e-08 0.00023327007 0.36365026 0.25881475 0.36908835 0.1541938 3.5062847e-05 0.19049343 4.150412e-07 0.16088717 0.37796223 0.00058969395 0.0035410076 5.6109165e-08 0.0042351945 2.8507209e-06 0.0004542644 0.00016102167 4.442577e-06 0.0021655029 1.5358633e-05 0.00020288823 2.4119778e-08 0.000120380064 1.2613845e-08 0.00014320484 0.021925623 2.8755176e-05 5.606977e-05 1.5894406e-05 0.004924649 0.0003278942 0.05641536 9.77516e-07 2.7047982e-08 2.1894039e-06 0.00976381 4.222199e-06 1.15728405e-08 2.1193076e-05 0.001071184 4.85749e-07 1.9111932e-08 7.663672e-06 0.020053582 0.00022168666 3.601948e-08 5.711893e-10 1.0755902e-09 1.1363118e-09 6.6206007e-06 2.979759e-08 0.00029307298 9.267381e-09 0.000109610126 0.00020786525 9.712765e-08 3.131421e-08 0.000553884 1.2373123e-07 1.5514081e-06 1.2608247e-07 0.00013663372 4.627673e-09 1.0666186e-07 2.3853193e-08 6.012497e-08 0.0014390821 4.0725237e-05 2.1603187e-08 2.219296e-05 7.3070896e-07 2.5916275e-05 1.9395054e-07
0.71655935 0.9138022 0.36328903 0.18417814 0.92725027 0.30820316 4.7927964e-11 0.84954125 0.21896549 0.9858448 0.6419782 0.45257315 0.07311427 0.0042257123 0.042590447 0.032568213 0.28122988 0.19623558 0.9553044 0.026438793 0.34594038 0.058169995 0.002070913 0.14808595 0.013906065 0.033437937 0.013257901 1.614542e-06 0.055523735 0.042564645 0.03742076 0.07542646 0.0052701496 0.0005587843 0.019254183 0.0002752777 0.74110603 0.085669845 0.14454369 0.24113482 4.747438e-05 6.7930014e-05 0.00015948103 7.4167685e-05 0.00017264644 0.00014445471 0.084349744 0.0014307359 0.00016980732 5.4244824e-06 0.00080004113 2.001988e-05 4.299736e-05 0.00063963525 0.0022035483 8.7621636e-05 1.7841593e-07 0.06387821 0.009716181 0.033008765 0.00019959442 2.9327834e-05 1.0567668e-07 0.00028527065 6.23461e-08 3.5717062e-06 0.00026213183 0.019720117 0.00020024378 3.8986644e-07 0.00016538895 0.011879411 1.6128963e-05 8.9628664e-08 1.0004009e-07 1.2434633e-07 2.279459e-08 5.8705107e-05 1.4793505e-06 0.0002005534 8.2265466e-08 0.00052665797 0.00055777695 7.1709437e-06 6.622707e-07 0.00014664994 3.34517e-06 0.00013411591 1.4581165e-06 0.00013946473 4.056141e-08 1.3424411e-06 5.699751e-07 7.546156e-07 0.0003392922 3.0928928e-05 3.840915e-06 6.1852716e-06 1.170044e-06 1.4357385e-05 0.00010077046
0.976946 0.9288443 0.37441152 0.048200466 0.9220145 0.29734507 0.84954125 1.2820487e-14 0.7650534 0.2534932 0.87709373 0.9684673 0.12511565 8.564161e-05 6.1777886e-05 0.0013199829 0.6096969 0.12931064 0.38603145 0.004824391 0.0032314889 0.14690307 1.3915629e-05 0.0100418 8.293493e-05 0.0021434042 0.0031653105 0.0066443207 0.39462504 0.102723524 0.07584233 0.4477023 0.0061244336 0.01082196 0.009978041 4.9227325e-05 0.0860138 0.36404294 0.00088890316 0.027118089 5.448124e-06 0.00024099594 4.10626e-06 2.7680368e-05 7.012553e-05 0.0019673698 0.64473045 0.008083937 9.5078285e-05 3.4394131e-06 8.023634e-06 1.2093942e-06 6.32205e-06 0.013076577 0.023579555 9.191566e-06 1.3462668e-06 0.81092393 0.16803138 0.72145534 6.596026e-05 2.8103588e-05 1.7609853e-05 0.028882787 2.2984601e-07 8.7897945e-08 0.0017067421 0.121605545 0.00014219574 1.5950778e-06 0.0006534772 0.14743258 0.00056635507 5.8864234e-06 5.257594e-08 3.2842433e-08 3.4046927e-08 0.00011077913 2.2365036e-07 0.0022567187 1.276752e-07 0.0026849438 0.0006784838 1.1461321e-05 7.123666e-08 0.001192429 5.295851e-07 3.613124e-07 4.7048293e-06 2.0012076e-05 2.8155586e-10 6.6276795e-07 1.0702904e-06 6.364079e-08 0.008449506 9.816873e-05 1.1749056e-08 9.750841e-05 7.0133217e-07 3.1317035e-05 6.5087613e-07
0.89977545 0.036694456 0.0009390484 0.00034500306 0.9846928 0.0029464778 0.21896549 0.7650534 4.4379643e-16 0.011870232 0.8830484 0.5560135 0.0013390081 4.9114423e-08 1.8101779e-05 6.69468e-05 0.012036659 0.901921 0.7264437 0.00020225921 9.7060954e-05 0.3681862 1.4197202e-06 0.9881015 1.2977436e-05 0.34956178 8.1007565e-05 0.0018162319 0.19897756 0.0014239441 0.00077198836 0.0030347155 3.0382995e-05 0.10418696 4.738342e-05 0.028757581 0.0063730143 0.0045946045 0.0006684415 0.027199134 0.00402512 7.101363e-08 0.0006457793 4.054337e-07 1.1281553e-05 0.017074836 0.3021145 0.047584828 1.1713691e-06 0.00012603385 5.0198078e-06 0.00019416458 4.4071493e-07 8.216319e-05 0.031788114 1.7216864e-06 3.4119083e-08 0.094049774 0.09393707 0.0071967794 0.0005036385 6.359563e-05 9.761815e-08 1.8694094e-06 1.1732636e-09 6.296118e-06 0.0012251963 0.054797985 0.0009169696 3.9190204e-06 0.0002417768 0.001277983 1.8281668e-07 1.1656091e-08 6.468058e-07 1.3286353e-07 6.036409e-08 1.2022752e-05 4.509214e-07 4.916889e-06 7.001223e-08 0.0016445761 3.9395627e-06 2.000652e-05 1.1001173e-06 6.9773996e-06 2.0806954e-06 1.3921966e-06 3.1744716e-05 6.7356045e-06 3.9124792e-09 2.1708393e-06 1.3962087e-05 4.0913255e-07 3.918581e-05 1.2918888e-06 3.344466e-07 6.248286e-07 1.4392013e-07 1.1583762e-06 8.095179e-07
0.07157072 0.7180604 0.28545249 0.57034975 0.12301448 0.24793984 0.9858448 0.2534932 0.011870232 2.1569805e-11 0.030482946 0.024850026 0.039897073 0.076551355 0.04392208 0.014957745 0.110137954 0.0023592685 0.17733167 0.012088622 0.8781096 0.0010955198 0.0045877895 0.010202534 0.008199498 0.00057974027 0.0042752177 2.6630723e-08 0.0023890545 0.006444351 0.0062821736 0.0091749355 0.0005507062 4.8375696e-05 0.0046480084 1.5069474e-05 0.9878606 0.024872087 0.18479525 0.2105178 3.446551e-06 1.8382247e-05 3.3916633e-05 3.1222382e-05 2.9394363e-05 2.1332962e-06 0.0012341728 1.4823992e-05 7.1563074e-05 1.3604141e-07 0.00017308744 8.5942165e-06 0.00012935828 0.0001552215 1.8608407e-05 8.640637e-05 2.0032999e-07 0.00084436336 0.00014655739 0.0027389247 3.3825684e-06 1.5915617e-06 1.764883e-08 1.23492155e-05 4.9665397e-07 4.8089083e-07 1.0834712e-05 0.00054237095 4.2051047e-06 1.166724e-07 1.2544082e-05 0.0021110282 1.184272e-06 5.8442307e-08 1.16217755e-07 1.0230406e-08 1.1020616e-09 1.0383251e-06 6.080621e-08 3.3410044e-05 1.5122849e-08 6.439586e-05 2.0237874e-05 1.745937e-07 4.2199706e-09 3.1530857e-05 1.853933e-08 4.365943e-05 8.2688905e-09 4.986373e-05 5.4042744e-09 1.4957578e-07 4.470817e-09 2.4147766e-08 0.0002053926 3.105796e-06 6.483525e-08 3.4100947e-07 3.541887e-06 3.318324e-06 1.4553164e-07
0.9076768 0.25787482 0.006158697 0.00046853567 0.94011605 0.0009510844 0.6419782 0.87709373 0.8830484 0.030482946 4.2614204e-14 0.9967347 0.00023610647 5.4048652e-08 1.8249389e-07 2.2398367e-06 0.0033474376 0.8602281 0.50871414 3.2516054e-05 4.4048506e-05 0.6368058 1.2996918e-07 0.0738561 5.939852e-07 0.09938159 1.0196467e-05 0.017453635 0.50182295 0.0027234661 0.0021550881 0.009323157 7.9926554e-05 0.03694481 4.9051585e-05 0.0002630742 0.026770791 0.004626533 0.00034512434 0.0072116954 0.00012615602 3.814779e-07 3.4094335e-06 2.548423e-07 1.2622787e-06 0.005289538 0.6063496 0.020779636 4.393274e-06 0.00031291405 5.110856e-07 2.7160602e-06 2.0001863e-07 0.000576159 0.045872185 8.295043e-07 1.6281109e-07 0.60882086 0.32001987 0.17186426 0.00036122822 4.3821265e-06 6.059871e-07 0.0021392363 5.638044e-09 7.3920603e-07 0.003928107 0.14790578 0.0010564637 4.0434425e-06 0.00083550526 0.021782784 8.131852e-06 7.460467e-07 1.8258067e-08 1.6675925e-08 1.8127906e-08 5.2452466e-05 3.7474628e-08 6.713854e-05 1.2879637e-07 0.004610122 3.235493e-05 0.00013605264 1.10125935e-08 8.246904e-05 2.9019798e-06 1.2876912e-07 1.4396366e-05 4.487789e-07 8.3276185e-11 5.3522175e-08 5.6020885e-06 4.40451e-09 0.0005721626 1.0974331e-05 1.3482871e-09 1.1706591e-06 9.299877e-08 5.6708386e-06 5.308179e-07
0.9360001 0.13680568 0.0033140834 0.00059530657 0.6835258 0.0022361286 0.45257315 0.9684673 0.5560135 0.024850026 0.9967347 7.457439e-16 0.000633066 1.7662504e-08 4.5586137e-07 3.974924e-06 0.00918503 0.9021649 0.37097916 5.9162605e-05 3.4956804e-05 0.75658625 2.793977e-07 0.030249828 1.7263475e-06 0.12346982 4.758162e-05 0.10175186 0.5315761 0.0033272465 0.002893557 0.014484828 0.00027279215 0.006314353 0.00016725028 0.00021004108 0.004741981 0.0141052455 0.00020243597 0.003563602 4.667212e-05 8.1828347e-07 4.896146e-06 2.1437985e-07 4.287372e-06 0.0037175186 0.7018136 0.021008544 4.814686e-07 3.9106257e-05 7.556267e-07 3.0378487e-06 1.292667e-07 0.001835794 0.037649322 2.9031938e-07 1.4137652e-07 0.71670324 0.3366031 0.2631112 0.000104991654 2.3163459e-05 2.2035956e-06 0.005178959 1.052913e-09 7.966256e-07 0.003190188 0.18963782 0.00051749207 1.5412823e-05 0.0006534019 0.041433383 7.0715196e-06 4.283622e-07 1.6442935e-07 1.0028812e-06 3.8235257e-08 4.5635397e-06 1.6385495e-06 0.00010067094 1.5539855e-07 0.005878509 1.8847068e-05 3.2828266e-05 1.2429962e-07 0.000101440004 1.2633819e-06 4.5810452e-07 3.0691135e-05 2.101651e-06 4.076434e-10 1.8069001e-06 6.218613e-06 6.053035e-08 0.0009898054 8.5699985e-06 1.7134372e-08 7.5236035e-06 5.980005e-08 3.679371e-06 3.0664862e-07
0.77776676 0.4357541 0.49715972 0.26788265 0.012577468 0.94313794 0.07311427 0.12511565 0.0013390081 0.039897073 0.00023610647 0.000633066 3.9098976e-13 0.003191559 0.2834066 0.94757783 0.9907416 1.5047201e-05 0.00024561048 0.93660814 0.043110073 0.00018116638 0.0007448077 5.3233093e-06 0.5300295 6.0050706e-06 0.44966206 1.2759297e-06 0.0001703866 0.29317403 0.13120249 0.23275976 0.12394917 1.8472629e-05 0.10630431 7.353347e-07 0.014868981 0.200994 5.6120698e-05 0.00010461835 4.137915e-07 0.0029009993 3.8448397e-06 9.665037e-05 4.5589182e-05 5.1257466e-06 0.0003443079 2.0667125e-05 0.00011303001 5.9521255e-08 9.0321526e-05 1.9400177e-07 2.186742e-05 0.011750846 1.3066777e-05 4.7967245e-05 9.386844e-06 0.0016523045 5.6700846e-05 0.024297288 1.9224556e-06 1.6035422e-07 3.3838041e-06 0.0027936175 1.6346905e-05 3.0982047e-08 1.124129e-05 0.00018972663 4.151999e-07 8.0641534e-08 4.9542614e-06 0.004503233 4.625701e-05 4.8324768e-08 4.451731e-09 6.828208e-08 2.2057664e-07 6.759117e-06 1.4635799e-07 0.00011773117 6.8914034e-08 2.0533198e-05 8.764336e-05 1.919194e-07 3.4966638e-09 0.0003332265 8.7898076e-07 7.233778e-08 3.3055162e-08 4.564071e-06 1.7286679e-09 4.677456e-07 1.14246035e-08 1.9278137e-09 0.0006157038 1.8097791e-05 3.4541408e-09 1.474656e-06 3.3702427e-06 1.2138168e-05 2.1080302e-08
0.064601995 0.06871225 0.37631196 0.93820035 4.1699557e-05 0.048851367 0.0042257123 8.564161e-05 4.9114423e-08 0.076551355 5.4048652e-08 1.7662504e-08 0.003191559 1.6571578e-15 0.7067041 0.06605604 0.0005780779 2.8480457e-07 1.1719554e-05 0.009559413 0.99352294 1.0589703e-07 0.98994774 1.6712296e-05 0.036415443 7.606828e-09 0.0039341077 2.0036325e-07 1.9949704e-07 7.9479156e-05 4.4219178e-05 5.857254e-06 0.000496253 7.275039e-08 0.000105928 4.4909633e-08 0.0022185124 3.7479436e-05 9.911372e-06 2.3475513e-05 1.5140063e-10 0.023090117 3.7839767e-09 0.004679364 0.024185846 9.098123e-09 1.6717546e-08 6.763791e-10 0.0043713395 9.247141e-10 0.23385727 3.8610826e-09 0.0371338 0.0043269373 2.0718904e-09 0.030032767 0.0006705264 6.8437856e-07 2.4760703e-07 6.0620937e-06 5.4296057e-10 5.883294e-09 2.0644775e-06 6.5732114e-05 0.0019289633 2.321235e-09 7.6751905e-10 3.2426004e-09 8.527709e-10 2.406022e-09 4.1978057e-09 4.800329e-06 4.591319e-05 2.4669205e-07 1.7500191e-09 3.002498e-09 2.7428095e-09 1.8528723e-08 5.666492e-10 4.3367378e-05 8.190756e-08 3.3896534e-08 1.7770528e-05 4.3349115e-08 4.0518922e-10 3.3849097e-05 1.9151175e-10 0.0038799176 6.614075e-08 0.005570377 2.7264033e-11 1.2290491e-09 1.5045734e-09 9.371592e-10 6.5457216e-06 2.5317833e-05 4.8233435e-11 7.445208e-05 0.0010874484 3.132157e-05 5.971727e-09
0.94395876 0.12926191 0.7465133 0.7700965 0.0004502416 0.6624258 0.042590447 6.1777886e-05 1.8101779e-05 0.04392208 1.8249389e-07 4.5586137e-07 0.2834066 0.7067041 2.2863807e-13 0.98011607 0.0102888355 1.0483298e-06 0.00017905215 0.30497164 0.7513003 3.7746258e-06 0.98778594 8.659764e-06 0.87781775 5.093587e-07 0.25611234 2.5355247e-08 3.7590996e-06 0.004629574 0.0039002867 0.0006584393 0.0494073 1.2470749e-05 0.04211195 4.949039e-06 0.06723579 0.010372826 5.0030827e-05 8.0818514e-05 1.4016626e-07 0.64884454 1.4264444e-05 0.18309799 0.20016697 1.3320583e-07 2.661841e-06 1.0995352e-06 0.046573445 3.076294e-08 0.16583396 1.0395978e-07 0.031963304 0.3968583 2.4597762e-07 0.01771535 0.0017758788 2.6920148e-05 1.6200962e-06 0.0007644555 2.967685e-07 9.056178e-08 2.7754828e-05 0.02564209 0.003673257 1.4288879e-09 2.4100766e-06 6.2094987e-06 1.6831512e-08 4.994344e-09 9.1788684e-07 0.00084455946 0.014290982 1.4360411e-07 3.3412846e-09 2.1536907e-08 2.3950204e-08 2.7669291e-06 1.3073164e-08 0.005882459 8.3814555e-09 2.6157127e-07 0.0037634869 3.0944136e-08 1.8245628e-09 0.01788108 2.47642e-07 0.00011603687 1.964252e-08 0.0030373621 7.3745485e-09 1.1332795e-07 4.946026e-09 4.7398916e-09 0.0039347084 0.0012434516 4.249006e-09 0.0012224477 1.8356039e-05 0.00037111595 1.5470908e-08
0.8754908 0.16261694 0.36129394 0.32776973 0.00083093584 0.82337934 0.032568213 0.0013199829 6.69468e-05 0.014957745 2.2398367e-06 3.974924e-06 0.94757783 0.06605604 0.98011607 2.827983e-12 0.630289 2.1539633e-07 1.819144e-05 0.91905844 0.11512182 1.4179038e-05 0.089412585 1.0550214e-06 0.9723076 9.3341265e-07 0.5458157 1.1601578e-07 7.6279134e-06 0.05178509 0.029299853 0.015812581 0.11957223 1.0482821e-05 0.13130152 5.912656e-07 0.00841475 0.063192405 2.1588536e-05 1.4611449e-05 3.518655e-07 0.26172104 6.9597027e-06 0.0074578254 0.0042120325 4.5681753e-07 2.2705733e-05 8.9563184e-07 0.001507219 1.943713e-08 0.0012871836 1.704328e-07 0.00072599994 0.18534335 7.242341e-07 0.00036838758 6.87718e-05 0.00025298467 8.680236e-06 0.0050992602 4.0197065e-07 4.090434e-08 4.3160293e-05 0.02202506 0.00076668593 2.9231622e-08 2.5073884e-06 2.3740326e-05 9.385983e-08 1.8723444e-08 1.6622289e-06 0.0029646768 0.0024255428 4.5481138e-07 2.892937e-09 1.0250236e-07 2.4080697e-07 7.042393e-06 9.417258e-08 0.0022650685 6.225389e-08 4.15393e-06 0.0016854784 8.789945e-08 1.8964132e-09 0.0047180625 2.482563e-07 7.690652e-06 1.8505132e-08 0.00033984077 7.9054713e-10 1.1560635e-07 8.333188e-09 2.7652023e-09 0.0030318548 0.0002851466 2.4017028e-09 0.00010877466 1.6987866e-05 0.00010250301 1.27785595e-08
0.9375119 0.65149224 0.4966707 0.29639557 0.09159691 0.85867363 0.28122988 0.6096969 0.012036659 0.110137954 0.0033474376 0.00918503 0.9907416 0.0005780779 0.0102888355 0.630289 3.0728556e-13 0.00012374073 0.0022075956 0.93978524 0.027978301 0.00057859527 0.00013126773 2.6494883e-05 0.26047394 1.4980563e-05 0.71598864 1.9563695e-05 0.0010281218 0.8831996 0.65942734 0.7901905 0.5727959 5.8151687e-05 0.40214726 1.2161418e-06 0.011974906 0.61760885 7.813047e-05 0.0011654247 2.7704727e-06 0.0010599237 8.4481635e-06 3.2752996e-05 2.4224451e-05 5.703574e-05 0.0028386652 6.0423972e-05 2.6996639e-05 4.191042e-07 0.000115089846 7.166113e-07 3.3957607e-05 0.016593268 0.00015342978 6.1056584e-05 2.277512e-06 0.02135718 0.00083808816 0.18692167 1.4601586e-05 1.2747863e-06 2.0116051e-05 0.0051679765 2.2962158e-06 1.8669552e-07 9.72828e-05 0.0010137183 5.3364743e-06 2.74937e-07 4.3271284e-05 0.0277215 0.00011150901 1.1564546e-06 1.3346045e-08 1.4231452e-07 3.771479e-07 2.2561073e-05 8.197026e-07 0.00023882059 1.011041e-06 0.00011378644 0.00013668157 1.0764261e-06 7.485786e-08 0.0002534703 1.5187903e-06 3.4065764e-08 3.996234e-07 2.1098103e-06 5.6988267e-09 4.644226e-07 6.915011e-08 2.0918968e-08 0.0010273001 2.6351398e-05 1.1213637e-08 2.2870347e-06 1.0050154e-06 6.724167e-06 3.2428417e-07
0.93739617 0.005370879 0.00019997891 0.00021238791 0.6765937 7.4843265e-05 0.19623558 0.12931064 0.901921 0.0023592685 0.8602281 0.9021649 1.5047201e-05 2.8480457e-07 1.0483298e-06 2.1539633e-07 0.00012374073 4.665429e-16 0.6195388 5.300932e-06 0.00012772677 0.97149855 2.1208916e-06 0.24441868 1.024989e-06 0.97362524 1.6292454e-06 0.23952964 0.47493395 8.939976e-05 5.9954604e-05 0.00017816963 1.2202661e-06 0.868566 7.093841e-07 0.064900994 0.00072352105 0.0001628205 7.5791024e-05 0.0021818366 0.0044690934 3.0947132e-07 0.0006086061 5.941081e-07 5.073006e-06 0.29042718 0.4245275 0.20794779 3.871416e-06 0.0067741475 1.5873153e-05 0.00022880686 1.04176934e-07 6.3102474e-05 0.13293204 1.1868991e-05 8.8045766e-08 0.40358326 0.51013434 0.014399519 0.0038009344 0.0009273043 1.1213681e-06 0.00015166657 9.32956e-09 0.00016990176 0.011445419 0.19979721 0.0023258757 0.00027069222 0.004883008 0.0023472228 2.0051705e-06 1.3743626e-06 6.2508724e-07 2.3216922e-08 9.306017e-08 0.0004143033 6.2756965e-07 1.918398e-05 1.6487885e-06 0.020307984 1.0442511e-05 0.00051017385 2.433715e-07 3.690242e-05 1.9865172e-06 1.2416816e-08 4.1745356e-05 2.2992879e-08 1.4945001e-09 1.8398531e-06 0.00013255466 6.650774e-08 0.0001007376 4.808677e-06 1.1938471e-08 4.1058033e-07 1.4260212e-07 1.7740158e-06 1.0092496e-05
0.11540977 0.21798596 0.002297583 0.0045010964 0.85803527 0.0017223854 0.9553044 0.38603145 0.7264437 0.17733167 0.50871414 0.37097916 0.00024561048 1.1719554e-05 0.00017905215 1.819144e-05 0.0022075956 0.6195388 1.8760933e-09 4.83495e-05 0.044687312 0.09357883 0.00066274963 0.927243 1.0225019e-05 0.09247923 1.0642999e-05 1.8637663e-06 0.056123864 0.00019934027 3.916504e-05 0.00069012993 1.1186988e-06 0.051764484 7.895884e-07 0.029780079 0.05132573 0.00015179027 0.0075362246 0.935845 0.0020585523 1.9390762e-07 0.005457729 4.313984e-07 0.0001243534 0.0050285696 0.0612835 0.020399703 7.338551e-05 2.2533655e-05 0.0033483664 0.00042568872 0.00074518105 8.309612e-05 0.010125643 0.00090722094 1.1639135e-07 0.017396629 0.033984177 0.00075535907 0.0010540786 0.00092188164 3.0136562e-06 2.8107916e-06 7.202852e-07 3.9083214e-05 0.00049137534 0.033911753 0.0006074481 8.640072e-06 5.1947183e-05 0.0009564296 8.049694e-06 3.275949e-07 1.6266374e-06 7.7210944e-07 6.1758115e-08 3.5451736e-05 7.833176e-07 2.0391233e-05 1.1150486e-06 0.0017047997 3.5057615e-06 7.7318604e-05 2.4454794e-06 6.6394173e-06 1.8733929e-06 9.5262985e-05 4.014615e-05 5.2746873e-05 5.3734396e-07 2.9379482e-05 3.0091402e-05 2.8280967e-06 9.7607415e-05 8.373535e-06 1.1810626e-05 4.970731e-06 2.730422e-06 1.0770263e-05 9.657849e-05
0.71604955 0.2033474 0.20205362 0.15966079 0.0020109904 0.51407224 0.026438793 0.004824391 0.00020225921 0.012088622 3.2516054e-05 5.9162605e-05 0.93660814 0.009559413 0.30497164 0.91905844 0.93978524 5.300932e-06 4.83495e-05 2.2239664e-10 0.033187464 5.2896637e-05 0.010543124 2.3661948e-06 0.97067875 5.8518826e-06 0.9801233 3.3228716e-06 3.552586e-05 0.42013294 0.15358168 0.10741369 0.6272928 3.3677734e-05 0.22529553 1.6219035e-06 0.0065556867 0.11645057 2.0325977e-05 2.1087333e-05 2.5413688e-06 0.060804017 7.697923e-06 0.002391823 0.0006687412 9.742285e-06 7.9616846e-05 9.722164e-06 0.00047662007 8.482575e-07 0.0004994607 9.54403e-07 0.00021763929 0.0755404 7.3104393e-06 0.00036013455 4.8805403e-05 0.0008562744 6.821247e-05 0.010057706 2.3653263e-06 3.8829725e-07 0.00013297325 0.015626326 0.00013751049 6.3027855e-08 1.5246018e-05 0.00011781653 3.8743354e-07 1.7765325e-07 7.3213027e-06 0.0032322006 0.0011142005 9.3827975e-06 4.0025117e-09 8.6988976e-08 8.6115186e-08 1.03754755e-05 3.9772237e-07 0.0016872626 2.8870667e-07 4.4072414e-05 0.0007711488 4.2228086e-07 2.1133403e-08 0.0016156513 1.03833e-06 4.8003244e-06 1.523423e-07 3.4008037e-05 1.8566639e-09 4.5339135e-07 2.6061798e-08 4.294011e-09 0.0023128937 0.00014522408 9.862949e-09 6.762048e-05 4.8714237e-06 7.4294265e-05 9.191899e-08
0.03035578 0.49499708 0.43110737 0.96085876 0.009172937 0.22453935 0.34594038 0.0032314889 9.7060954e-05 0.8781096 4.4048506e-05 3.4956804e-05 0.043110073 0.99352294 0.7513003 0.11512182 0.027978301 0.00012772677 0.044687312 0.033187464 3.148689e-11 8.4261614e-05 0.58741003 0.00033359724 0.08349452 2.8359198e-05 0.012110835 4.6458695e-07 2.8359467e-05 0.0022864754 0.0027016625 0.0013935583 0.0018686253 1.5050479e-06 0.0044145384 3.3464526e-06 0.9662385 0.0024840366 0.009625957 0.0087472275 1.2494741e-08 0.007321667 1.1263009e-05 0.0017003597 0.005890364 1.945488e-06 6.802658e-06 6.492327e-07 0.00086286804 9.186303e-09 0.035332378 9.636464e-06 0.0037953183 0.00096175243 3.2704006e-06 0.01490009 9.5009445e-06 6.221499e-05 9.806408e-06 9.996423e-05 1.8159936e-06 2.2699065e-05 2.4916892e-06 4.893324e-05 0.00011101042 5.0764834e-07 1.192591e-06 2.684611e-05 1.6626912e-07 2.6273221e-06 5.5148003e-06 0.0002162469 0.00010810112 1.7555363e-06 2.3046059e-07 1.3941729e-09 1.5080067e-09 9.705484e-05 2.653078e-09 0.00029876697 1.7199699e-06 4.17407e-05 7.253359e-05 8.094539e-07 2.9630456e-08 0.0001475496 4.0870727e-08 0.0013277355 2.9231007e-08 0.0005237474 1.1828327e-10 2.0995547e-07 6.609507e-07 3.2936617e-10 0.0002790017 4.986036e-05 3.0375702e-10 1.9922727e-05 0.00012680957 6.721613e-05 2.3533827e-08
0.6529306 0.006170076 0.00045515288 0.00018472814 0.25707445 0.000283421 0.058169995 0.14690307 0.3681862 0.0010955198 0.6368058 0.75658625 0.00018116638 1.0589703e-07 3.7746258e-06 1.4179038e-05 0.00057859527 0.97149855 0.09357883 5.2896637e-05 8.4261614e-05 1.4217801e-15 2.8422608e-05 0.024322247 7.572242e-06 0.9898503 3.2984517e-05 0.93597203 0.9159276 0.00035922552 0.00031801246 0.0020536853 7.0464346e-05 0.18524912 4.5713783e-05 0.0017379033 0.0006519118 0.00049000443 8.399389e-05 0.00073040806 0.0015052288 3.0310266e-05 7.411112e-05 3.571245e-05 2.7577025e-05 0.047043007 0.55248785 0.13029307 0.00010570518 0.0035452028 3.145592e-05 0.00016768837 5.3788335e-07 0.0005450679 0.04991218 7.74705e-07 8.488053e-07 0.3148672 0.4734262 0.014457393 0.0013541345 0.0012775619 7.8711724e-05 0.0020013296 6.8605663e-09 7.4831274e-05 0.007203591 0.090481594 0.0017600115 0.00020153311 0.0038487471 0.0018040325 3.3506665e-05 2.4918232e-05 6.1591784e-08 5.114645e-07 1.685687e-07 0.0005565687 1.7035367e-05 0.000661783 1.2077373e-05 0.0035321491 0.00011872937 0.0005707584 1.9344136e-06 0.00034210057 1.847675e-05 9.576178e-07 0.00018640989 1.7804887e-06 2.7452538e-09 6.29062e-06 0.00012644583 1.0853265e-07 0.0010596125 6.980412e-05 9.2517716e-08 3.585017e-05 2.6164466e-07 7.747471e-05 4.7412236e-06
0.65159416 0.0007412586 0.011092834 0.17492837 0.00022763398 0.011478785 0.002070913 1.3915629e-05 1.4197202e-06 0.0045877895 1.2996918e-07 2.793977e-07 0.0007448077 0.98994774 0.98778594 0.089412585 0.00013126773 2.1208916e-06 0.00066274963 0.010543124 0.58741003 2.8422608e-05 6.854939e-10 2.4261499e-06 0.13175409 5.0591257e-06 0.0055673746 4.3743803e-08 1.3157787e-05 5.2997675e-05 2.7769629e-05 1.1575463e-05 0.0007223059 0.00015863491 0.00022681637 4.381057e-06 0.052970152 5.6753383e-05 1.0150741e-05 2.1574704e-05 3.2821488e-06 0.28732032 0.00014920616 0.15183769 0.5248842 1.4850932e-07 7.615626e-07 5.1555315e-07 0.14991567 3.407972e-07 0.941223 4.6508794e-05 0.64056796 0.06010391 1.4887333e-07 0.7243261 0.022622375 8.73459e-07 6.6481647e-07 1.1176164e-06 2.0344567e-06 2.1032292e-06 0.00014287894 0.00019208521 0.20893277 4.1956807e-07 3.8414146e-07 1.5597692e-08 9.1681386e-08 9.699413e-07 9.414186e-08 5.391328e-07 0.0022223757 4.2171397e-08 1.9397788e-09 2.2289923e-08 2.2095254e-08 2.5588999e-05 7.8675576e-08 0.00029394016 2.1722556e-08 6.95407e-08 0.0002325269 2.7600873e-08 5.063791e-07 0.00019287878 1.8968937e-06 0.16073173 1.9000936e-07 0.15053426 2.7981073e-09 2.1639128e-06 4.2159336e-08 6.2783187e-07 5.370448e-05 0.0015341874 8.285646e-08 0.0050593773 0.0064884126 0.0020540494 1.9889608e-08
0.00950894 0.004781938 7.774457e-05 7.929956e-05 0.85240316 3.7252157e-05 0.14808595 0.0100418 0.9881015 0.010202534 0.0738561 0.030249828 5.3233093e-06 1.6712296e-05 8.659764e-06 1.0550214e-06 2.6494883e-05 0.24441868 0.927243 2.3661948e-06 0.00033359724 0.024322247 2.4261499e-06 3.629436e-16 1.3733537e-06 0.053606216 1.1064209e-06 0.00074219547 0.014163701 2.335561e-06 1.9979855e-06 1.4907836e-05 3.7527502e-07 0.81034666 3.064916e-07 0.9922771 0.0011724551 4.163377e-06 0.000120449666 0.0036105122 0.05564344 3.3067774e-08 0.1419033 2.9489671e-08 1.0006132e-06 0.07039397 0.0059581012 0.03958212 1.2014843e-07 0.0062087616 3.4555313e-05 0.009966429 1.3905998e-05 1.3181173e-05 0.0074043344 3.852173e-06 9.593234e-09 0.000357999 0.0058899866 4.9388615e-05 0.001917621 0.00097136846 1.2484705e-07 2.7418474e-07 8.087197e-08 4.7013556e-05 0.0008097613 0.0012302791 0.0001523078 5.5650944e-05 9.308844e-05 6.8530767e-06 5.277094e-08 6.178545e-08 0.00011645825 1.9242332e-06 2.9537519e-08 9.642826e-06 4.5721395e-06 3.593095e-07 2.269059e-06 0.00079889706 9.4104884e-08 4.85273e-05 5.4614856e-07 4.6471746e-06 9.916511e-07 7.082193e-07 5.3108297e-06 9.0833845e-07 1.4931938e-07 8.003574e-06 9.0069025e-06 1.9045084e-08 1.6408263e-06 3.7241395e-07 3.8495818e-07 1.7224491e-07 2.1792265e-07 4.0835917e-07 8.109572e-06
0.9240039 0.03201259 0.1269548 0.15203704 0.0001007107 0.3521891 0.013906065 8.293493e-05 1.2977436e-05 0.008199498 5.939852e-07 1.7263475e-06 0.5300295 0.036415443 0.87781775 0.9723076 0.26047394 1.024989e-06 1.0225019e-05 0.97067875 0.08349452 7.572242e-06 0.13175409 1.3733537e-06 2.1280441e-11 6.9121336e-07 0.94424444 2.2093032e-07 5.324939e-06 0.038987994 0.01721931 0.0042166742 0.46620202 7.6191673e-06 0.16761453 7.485596e-07 0.0013297972 0.04314305 3.2192372e-06 2.9056784e-07 2.3191795e-07 0.83636326 5.9384784e-06 0.08498941 0.0395172 1.4506835e-06 1.5451897e-05 1.210451e-06 0.011096189 6.309088e-08 0.007155434 8.9971184e-07 0.0041154413 0.48649374 7.1148844e-07 0.0020550047 0.0010305711 0.00038757327 1.2510452e-05 0.005932748 6.127334e-07 1.2185663e-07 0.001474398 0.08623908 0.000684255 2.2863517e-08 3.047645e-06 2.9952938e-05 8.203623e-08 4.370894e-08 1.1634169e-06 0.0031926685 0.030705871 1.4269558e-05 5.6588907e-09 1.01946476e-07 1.6961137e-07 4.0112914e-06 7.123228e-07 0.0187763 9.490973e-08 8.0362355e-07 0.0086323805 6.355964e-08 1.0223793e-08 0.040822476 4.047773e-07 0.0003727105 1.0907137e-07 0.0011161573 1.2152865e-09 1.7778086e-07 3.228739e-09 7.3079676e-09 0.010015967 0.003862549 9.878669e-09 0.0018281679 5.9134232e-05 0.0006331605 1.2601443e-07
0.78740704 0.00032274972 8.288882e-05 2.231431e-05 0.07663046 1.6162006e-05 0.033437937 0.0021434042 0.34956178 0.00057974027 0.09938159 0.12346982 6.0050706e-06 7.606828e-09 5.093587e-07 9.3341265e-07 1.4980563e-05 0.97362524 0.09247923 5.8518826e-06 2.8359198e-05 0.9898503 5.0591257e-06 0.053606216 6.9121336e-07 1.1687656e-16 1.935622e-06 0.9603713 0.6214215 3.0977222e-05 2.6261534e-05 2.2373228e-05 2.030942e-06 0.5299866 4.9990814e-07 0.008078145 8.22674e-05 4.79043e-05 1.6098475e-05 0.00030919065 0.008166421 5.975294e-07 0.00034411898 7.3865425e-07 5.5227206e-06 0.72267544 0.27930126 0.5607298 1.8414277e-06 0.034502152 5.511291e-05 0.0015046942 1.3933953e-07 8.029403e-05 0.17228024 1.7923684e-06 1.2137588e-07 0.2557285 0.51976156 0.0052942615 0.024783101 0.0035323463 1.4709388e-05 9.0202215e-05 4.624708e-09 0.0007189967 0.03759024 0.11344988 0.013669557 0.001422397 0.02007202 0.0022753945 1.0875884e-05 2.1960263e-06 2.436488e-05 4.72305e-06 1.0013445e-06 0.00064992346 6.535184e-05 1.9343039e-05 5.8524438e-05 0.033521105 3.7838145e-05 0.0014308266 4.6411846e-05 3.3976852e-05 0.00012565292 1.8608324e-06 0.0007259567 4.8793817e-07 1.0292573e-07 0.00010619402 0.0008240449 2.9516657e-06 0.00010092213 1.8425511e-05 1.6834323e-06 1.0816922e-05 1.2350958e-07 2.319715e-05 0.00013749673
0.7554261 0.07504908 0.11741757 0.048437733 0.000784378 0.36254078 0.013257901 0.0031653105 8.1007565e-05 0.0042752177 1.0196467e-05 4.758162e-05 0.44966206 0.0039341077 0.25611234 0.5458157 0.71598864 1.6292454e-06 1.0642999e-05 0.9801233 0.012110835 3.2984517e-05 0.0055673746 1.1064209e-06 0.94424444 1.935622e-06 2.4424093e-10 7.6782186e-07 1.1369493e-05 0.51709354 0.3186677 0.1947013 0.988456 3.3081433e-06 0.6565418 6.7403954e-07 0.002170561 0.28935885 6.603978e-06 4.0177156e-06 2.4782082e-07 0.21036774 3.081227e-06 0.003481063 0.001183295 4.3069404e-06 0.00017784574 3.795099e-06 0.0004557747 5.3045e-07 0.0006807934 6.5397904e-07 0.00039304662 0.21944526 9.1612255e-06 0.00048372126 5.9691658e-05 0.002249205 8.388157e-05 0.020305298 7.549352e-07 1.6837204e-07 0.0007973143 0.041714646 0.0001521381 1.643534e-08 2.8725824e-05 0.0001040894 2.6353808e-07 7.373637e-08 1.515806e-05 0.0063568256 0.007960891 9.2308896e-05 2.3334292e-09 4.1470976e-08 1.6265812e-08 4.9031873e-06 1.01170684e-07 0.005930287 6.6480123e-07 2.8733522e-05 0.0025032707 3.036625e-07 1.162891e-08 0.006456706 3.5082812e-07 7.311935e-05 1.744143e-07 0.000206851 8.697844e-10 1.0185163e-07 7.3492035e-09 8.064796e-09 0.005302303 0.00058352266 1.6924677e-08 0.00039691306 1.2222641e-05 0.00021272706 7.7052384e-08
0.6782721 2.725674e-06 2.1572666e-07 1.03875145e-07 5.7633202e-05 9.772583e-08 1.614542e-06 0.0066443207 0.0018162319 2.6630723e-08 0.017453635 0.10175186 1.2759297e-06 2.0036325e-07 2.5355247e-08 1.1601578e-07 1.9563695e-05 0.23952964 1.8637663e-06 3.3228716e-06 4.6458695e-07 0.93597203 4.3743803e-08 0.00074219547 2.2093032e-07 0.9603713 7.6782186e-07 1.1025663e-16 0.98407334 6.4519454e-06 6.8569207e-06 4.6226098e-05 2.6589802e-07 0.012276502 2.6000617e-07 1.9716252e-05 1.8390995e-07 3.2052296e-05 4.640014e-08 2.277508e-06 0.0027800486 5.771375e-08 1.9836682e-06 4.4518096e-08 4.3984784e-07 0.6295748 0.8788769 0.7196865 3.0714236e-07 0.013866012 3.3845868e-07 0.0004415875 1.1301484e-07 0.0001044955 0.64831436 4.759789e-06 3.6437324e-08 0.4879397 0.8431334 0.0160478 0.08185334 0.008330238 3.4706574e-07 0.0025504886 1.18874155e-08 0.0016676658 0.10841215 0.24085557 0.028931841 0.0033220036 0.021328626 0.0055534304 3.36716e-05 1.8043316e-05 4.786555e-06 8.015631e-07 6.6364896e-09 0.0008067909 4.2364874e-05 0.00010473024 0.00083616056 0.057920173 6.8265974e-05 0.0044226204 6.309687e-05 0.00038530753 0.00012228465 2.3126995e-07 0.0009746463 3.863055e-06 1.112041e-08 0.0017981967 0.0014828779 1.8365898e-05 4.850449e-05 3.6846766e-06 1.0360882e-05 5.594481e-06 9.1177924e-08 7.785299e-06 0.00010489427
0.8866972 0.007679149 0.00029180013 7.93868e-05 0.16230297 0.00023327007 0.055523735 0.39462504 0.19897756 0.0023890545 0.50182295 0.5315761 0.0001703866 1.9949704e-07 3.7590996e-06 7.6279134e-06 0.0010281218 0.47493395 0.056123864 3.552586e-05 2.8359467e-05 0.9159276 1.3157787e-05 0.014163701 5.324939e-06 0.6214215 1.1369493e-05 0.98407334 2.5138442e-13 0.00055927475 0.0005035876 0.0038239015 2.2757764e-05 0.087328516 2.126866e-05 0.00057513977 9.565234e-05 0.0007995362 4.2447093e-05 0.00058421085 0.0005396673 2.8088903e-05 0.0002769411 2.1029855e-05 0.00017321971 0.059299894 0.9797096 0.1714449 5.819396e-05 0.0013866553 5.4886e-05 0.0001944581 3.3644012e-06 0.0022090084 0.29917085 2.4149207e-05 9.580855e-07 0.8755334 0.85884494 0.2798645 0.0020739408 0.0005756817 0.00017857586 0.008869982 1.9418234e-08 1.9108316e-05 0.015254941 0.31108293 0.0014447509 0.0003740618 0.008947723 0.055767234 8.6227e-05 0.00035517116 1.0737583e-06 5.985742e-07 3.5826947e-08 0.00013504254 1.5410176e-05 0.0011702562 0.00010874447 0.017936263 0.00024167837 0.0011829757 1.4289755e-05 0.000679259 1.958083e-05 1.3684602e-06 0.00022096984 4.5541125e-05 8.307737e-08 0.00015122547 0.00015954173 1.8835127e-06 0.004445902 8.948967e-05 6.9791763e-06 0.0003067248 5.1293605e-06 9.556245e-05 0.00010877228
0.4543618 0.18812422 0.07748534 0.032598406 0.012521458 0.36365026 0.042564645 0.102723524 0.0014239441 0.006444351 0.0027234661 0.0033272465 0.29317403 7.9479156e-05 0.004629574 0.05178509 0.8831996 8.939976e-05 0.00019934027 0.42013294 0.0022864754 0.00035922552 5.2997675e-05 2.335561e-06 0.038987994 3.0977222e-05 0.51709354 6.4519454e-06 0.00055927475 2.056663e-11 0.9928908 0.9866545 0.7530184 5.330383e-05 0.5713243 1.1683615e-06 0.0039251326 0.39161408 2.9906698e-05 0.00013959831 1.810436e-06 0.020417072 5.5352384e-06 0.00038722655 0.00013610053 0.00014938884 0.0016579443 0.00012434486 0.0001440791 1.5572627e-05 0.00041663862 3.3564984e-06 0.00011939384 0.014733502 0.0001751047 7.740581e-05 3.1386968e-05 0.008905379 0.0006118753 0.055925876 6.0970986e-05 2.5891286e-06 0.00020837078 0.0051600747 3.649697e-06 3.750196e-07 0.00018571274 0.00068823143 1.7408262e-05 8.48076e-06 7.400314e-05 0.009872361 0.00024869246 0.00010927508 5.7025127e-09 7.819531e-09 8.4705576e-08 2.443627e-05 1.1160534e-07 0.0006491411 5.1928832e-06 4.706784e-05 0.00041282485 1.4023251e-06 9.574813e-08 0.00034240217 8.5057513e-07 3.4969426e-06 2.562915e-07 3.814799e-06 4.998821e-10 1.4125462e-06 8.331158e-08 1.1219092e-08 0.0010716438 3.8781618e-05 2.190759e-08 5.456311e-05 2.1949323e-05 5.812424e-05 4.053682e-08
