1.8083828e-17 0.9084055 0.8575787 0.9100997 0.9170045 0.83266175 0.741489 0.90328085 0.8360984 0.9786402 0.8901554 0.95846665 0.8183584 0.8000446 0.9371524 0.9714416 0.7985038 0.95517087 0.8889425 0.9337032 0.9818026 0.96616846 0.9503399 0.94554096 0.9768803 0.9132106 0.9905378 0.80185425 0.7844433 0.8069974 0.4309232 0.66424453 0.93582934 0.3011818 0.9601594 0.625582 0.8549913 0.83361864 0.87071 0.9629876 0.93829256 0.84904605 0.8223398 0.18797056 0.98402244 0.95918995 0.96572614 0.9521889 0.99265623 0.040135503 0.999838 0.9625852 0.91434485 0.8697222 0.47412536 0.8433106 0.9639661 0.9885616 0.73888665 0.94175345 0.17059624 0.98056144 0.23647337 0.7714724 0.92208683 0.99273944 0.3887478 0.67919 0.8095124 0.8652154 0.6395017 0.23810613 0.84343725 0.98015535 0.7668844 0.5256039 0.010978656 0.6716914 0.16882777 0.004480257 0.011980195 0.9832222 0.61106294 0.20083195 0.99969804 0.001591562 0.39349118 0.004532669 0.00054547243 0.006829244 0.9999984 0.013875431 0.982121 0.6644155 0.649803 0.11546564 0.20832889 0.001026913 0.00021196665 0.0007461499 0.9335205
0.9084055 5.552057e-15 0.9623205 0.74869937 0.18059267 0.8771271 0.6415941 0.69836116 0.6416131 0.666962 0.3428999 0.15496793 0.50929725 0.18932512 0.8697842 0.23856893 0.067586236 0.0035581754 0.010295559 0.017623873 0.021765372 0.006453653 0.27996096 3.7397425e-05 0.00016240179 0.0018770843 0.055976238 0.0011008936 0.32697874 0.19618915 0.2012052 0.036164086 0.002555788 0.0012660366 5.5900487e-06 0.105198205 1.6973712e-05 2.516141e-06 1.8892748e-06 0.031358153 1.1041934e-06 0.16579217 7.753436e-05 0.082613066 0.00061392284 1.7124703e-06 0.013055126 3.7210918e-06 0.004227328 0.0012491021 0.011342014 5.6501074e-07 6.3753873e-07 2.1396112e-07 2.5713746e-06 6.5573835e-07 2.7870553e-07 2.5164614e-05 1.4724616e-05 5.4182806e-07 0.0068577286 6.074272e-07 2.2618237e-06 1.619693e-08 2.8102606e-08 7.3230234e-07 2.0950554e-06 4.593204e-08 2.1890799e-08 3.000925e-08 1.3893972e-09 7.0846653e-09 1.13817995e-08 2.5258323e-08 7.977545e-09 9.935433e-09 2.474701e-05 4.930428e-09 2.4668204e-06 5.3316517e-06 3.5462945e-06 3.0313674e-07 3.1789504e-08 5.791773e-07 1.4646091e-05 5.917166e-06 1.3271384e-07 1.0222979e-07 4.866117e-06 2.9205139e-05 0.0069905785 7.659649e-09 2.7419378e-06 7.1727453e-07 4.2421837e-07 2.0577225e-07 1.8263188e-08 9.753222e-07 1.6165706e-07 8.716349e-07 1.9232773e-06
0.8575787 0.9623205 8.2119844e-15 0.4904113 0.09176237 0.7946191 0.7636565 0.36791623 0.8814019 0.84901154 0.67176414 0.02300243 0.5015218 0.3025016 0.5792684 0.25244865 0.27737948 0.0006971726 0.004385643 0.046454072 0.060352694 0.003989382 0.24512754 5.6661982e-05 0.00013313795 0.0007150443 0.097789824 0.00043028354 0.14186566 0.059788316 0.07082171 0.009021819 0.0012966358 0.00030693432 8.051106e-06 0.041912824 1.2435513e-05 3.4707582e-06 1.50934e-06 0.03184222 8.46378e-07 0.041860383 4.2378328e-05 0.026657948 0.00048204773 1.5995153e-06 0.0013030205 4.053601e-06 0.0040223375 0.00044857396 0.01955527 5.690643e-07 6.334733e-07 3.6567778e-07 7.848426e-06 3.0995823e-06 1.6629654e-07 2.7205262e-05 7.789615e-06 8.2826796e-07 0.00056513713 2.3935058e-07 3.1037293e-06 7.7575395e-09 1.957124e-08 1.3598504e-06 1.5215071e-06 5.8575218e-08 1.8759511e-08 1.1761949e-08 8.782847e-10 1.2258517e-08 1.5631883e-08 3.669678e-08 7.0534254e-09 5.7379275e-09 4.38267e-06 4.6316906e-09 6.316611e-07 4.100003e-06 2.1434437e-06 4.3075298e-07 1.2854213e-07 2.3150737e-07 1.783518e-05 1.3910048e-06 1.8475305e-07 2.1231378e-08 7.75794e-07 1.5774232e-05 0.008893852 2.137757e-09 7.324445e-06 2.0550349e-06 6.987905e-07 5.983371e-08 1.5957502e-08 5.224777e-07 8.5536186e-08 6.263075e-07 1.9874628e-06
0.9100997 0.74869937 0.4904113 6.1450215e-17 0.9449191 0.2769163 0.05001001 0.94761795 0.093525656 0.38791293 0.08336395 0.8663959 0.053365305 0.0044161575 0.75707436 0.68730867 0.015211068 0.19293177 0.15283571 0.0047536227 0.009859654 0.041491315 0.017483924 0.0012054505 0.00082811166 0.03533571 0.034439307 0.03205228 0.1324606 0.29781753 0.111345984 0.1897338 0.008944536 0.062156215 1.2372745e-05 0.035608683 2.8251572e-05 4.938605e-06 2.1989813e-06 0.09259944 1.2081457e-06 0.33046147 0.0002078375 0.028408224 0.0013117002 6.8900397e-07 0.07301818 1.3148135e-06 0.008361187 0.00036155633 0.011056647 3.124308e-07 1.8930209e-06 1.9500007e-07 2.5147954e-06 4.3169513e-07 1.10409076e-07 7.991275e-05 1.4553054e-05 9.042943e-07 0.027133923 1.918184e-07 1.3379129e-06 1.5180389e-08 2.5505416e-08 2.915887e-06 1.1435756e-06 2.3475813e-08 5.098311e-09 8.391053e-09 7.738663e-10 2.6851916e-09 5.2225597e-09 8.913967e-09 3.855335e-09 1.2814921e-09 8.16057e-05 1.2346412e-09 7.427301e-07 4.3514183e-06 1.1405119e-06 3.8892377e-08 1.2727599e-08 1.0282507e-07 9.58075e-06 5.524491e-06 2.2286608e-08 3.7551256e-08 2.4036037e-06 2.0816986e-05 0.004473737 1.1177479e-09 1.395255e-06 8.7155854e-07 2.6276577e-08 3.195955e-08 1.0326128e-09 4.1734526e-07 2.183467e-08 2.5149427e-07 9.736396e-08
0.9170045 0.18059267 0.09176237 0.9449191 5.022775e-16 0.012574014 0.0036332298 0.6787909 0.0087440135 0.093943134 0.0133409705 0.8880528 0.0022444953 0.0003083179 0.30074012 0.9103469 0.0047350647 0.81227684 0.70212656 0.0015272131 0.0033735759 0.29286268 0.0009550477 0.045292 0.018337926 0.18504511 0.025530536 0.1410105 0.0106789665 0.13705039 0.006293099 0.15943341 0.032287586 0.17618583 0.00038428625 0.006175721 0.00029869148 0.00012394281 4.2561078e-05 0.17549269 9.662802e-06 0.24591623 0.00075562886 0.0037512947 0.0059496947 3.3873819e-06 0.13759379 1.6967999e-05 0.014958857 0.00010286563 0.0122190695 1.5130134e-06 3.5254703e-05 1.9504666e-06 1.5692445e-05 2.5634442e-06 3.725809e-07 0.00041597124 5.97154e-05 9.405402e-06 0.014380073 5.947011e-07 1.5035236e-05 1.5279291e-07 1.4329453e-07 2.4800194e-05 7.5572075e-06 5.341456e-07 6.509708e-08 1.3597914e-07 2.6709063e-08 1.3473321e-07 6.028734e-08 7.014081e-08 7.562535e-08 7.392029e-08 0.00068449124 4.771915e-08 7.2443963e-06 5.755115e-05 8.438412e-06 3.139634e-07 4.986506e-07 1.0896715e-06 2.392107e-05 6.106697e-06 1.0622759e-07 1.0746787e-07 1.4295315e-05 0.00014419071 0.006129292 4.898875e-09 8.130798e-06 1.849848e-06 1.6026078e-07 1.1668498e-07 2.294288e-09 1.8630592e-06 5.9395028e-08 3.921039e-06 5.909122e-07
0.83266175 0.8771271 0.7946191 0.2769163 0.012574014 5.7597194e-15 0.97262406 0.40229875 0.7866116 0.49458167 0.3884546 0.0044924873 0.78785425 0.5469897 0.7356803 0.035967767 0.12230165 0.000100473364 0.0007383691 0.026842073 0.017965237 0.00078873173 0.5845991 5.495034e-06 4.5891826e-05 0.00017444481 0.034807958 5.950534e-05 0.35410774 0.051053293 0.22026747 0.005886374 0.00043504077 0.00018399951 1.2360733e-06 0.12658589 2.961396e-06 2.4183962e-07 3.1684525e-07 0.0094330525 3.7096592e-07 0.040066417 1.4127707e-05 0.0933065 0.0001826169 2.3808231e-07 0.0013374179 1.2248435e-06 0.0017326466 0.002475158 0.00960861 2.6981292e-07 1.6396305e-07 1.15967325e-07 2.1048302e-06 2.3458125e-07 1.1190739e-07 7.450652e-06 6.3841826e-06 1.7781055e-07 0.0027916413 2.0803132e-07 1.186818e-06 3.7240184e-09 9.948347e-09 3.9886078e-07 9.3995953e-07 1.602592e-08 5.5527307e-09 4.2220737e-08 6.172049e-10 6.6882464e-09 5.310451e-09 1.7311995e-08 3.091922e-09 8.020356e-09 1.3144468e-05 4.273731e-09 2.562217e-06 5.5867126e-06 2.4073638e-06 3.6849278e-07 2.0323988e-08 2.145451e-07 1.948417e-05 5.840626e-06 7.097911e-08 1.7216443e-07 2.9416165e-06 2.2156204e-05 0.0065862294 2.2214504e-08 7.2119866e-07 4.0130877e-07 3.4369293e-07 4.8916135e-08 5.2081157e-09 6.2232846e-07 1.2933205e-07 5.9265994e-07 1.6246e-06
0.741489 0.6415941 0.7636565 0.05001001 0.0036332298 0.97262406 6.750534e-16 0.06373118 0.88419265 0.4710385 0.42032248 0.00075389096 0.8729598 0.79575056 0.414594 0.019343251 0.27184567 3.8559057e-05 0.0003166373 0.041495014 0.030805238 0.0003235433 0.5784178 2.827568e-06 1.3732864e-05 6.452213e-05 0.042754523 2.0419237e-05 0.13829696 0.013100417 0.11028008 0.0019794097 0.000120258555 1.7762954e-05 2.8219094e-07 0.06914625 1.0297684e-06 9.041231e-08 7.374412e-08 0.0043716854 1.5269225e-07 0.004195671 3.554546e-06 0.03649115 4.3237415e-05 6.706261e-08 5.0475428e-05 4.6872537e-07 0.00089116435 0.0016446756 0.010860467 4.7404363e-08 5.596946e-08 3.8910258e-08 1.7032695e-06 4.312318e-07 3.2291965e-08 2.2646143e-06 2.876106e-06 1.684554e-07 0.00025386486 6.7332024e-08 7.275937e-07 5.4116783e-10 2.6547788e-09 8.027549e-07 2.580721e-07 2.9409555e-09 1.2616606e-09 4.2238355e-09 1.14036704e-10 8.9148133e-10 1.0371567e-09 5.058954e-09 6.1156247e-10 6.8989053e-10 1.3982694e-06 5.608332e-10 3.0648224e-07 1.6673413e-06 7.036186e-07 6.880502e-08 1.5972972e-08 3.6135702e-08 1.0835766e-05 1.4243597e-06 8.256913e-09 4.759623e-09 5.088397e-07 5.2519413e-06 0.008983862 1.0580082e-09 9.518833e-07 3.8739512e-07 1.1988816e-07 7.886198e-09 6.8549116e-10 9.880068e-08 8.1856015e-08 3.806246e-07 2.1219324e-07
0.90328085 0.69836116 0.36791623 0.94761795 0.6787909 0.40229875 0.06373118 5.812444e-17 0.055009205 0.18851775 0.037661385 0.9276961 0.1155309 0.0067716544 0.92041 0.28006738 0.007127812 0.13146046 0.03760376 0.0023370362 0.0055842474 0.009197894 0.030897481 0.0005517454 0.00046904397 0.025850212 0.018601347 0.033041228 0.3817468 0.569157 0.31037006 0.40974933 0.003430719 0.09773583 7.862795e-06 0.12712651 1.1901272e-05 2.0942423e-06 9.596986e-07 0.042694964 9.2991104e-07 0.46343854 0.000116166084 0.04789913 0.00057475566 3.68549e-07 0.08515141 1.1312413e-06 0.004115065 0.00090480974 0.0058972468 1.261994e-07 5.308088e-07 6.9546395e-08 3.6125543e-06 3.5856152e-07 9.605835e-08 2.3940012e-05 1.0879183e-05 6.1985554e-07 0.044572834 1.1944375e-07 1.0722694e-06 1.1431666e-08 1.4684375e-08 1.0515197e-06 1.2154541e-06 8.125739e-09 2.4384728e-09 5.3775606e-09 4.1524917e-10 9.259089e-10 2.2804274e-09 5.617531e-09 1.6795041e-09 9.718648e-10 9.796598e-05 1.6083755e-09 6.121884e-07 5.6365416e-06 1.4776093e-06 2.7014108e-08 8.279496e-09 1.5077308e-07 3.065049e-06 1.6330638e-05 1.0503781e-08 3.4412405e-08 1.13384485e-05 5.114479e-05 0.003601045 3.038574e-09 7.341092e-07 2.3484068e-07 4.057619e-08 4.2338957e-08 3.2205958e-09 4.810725e-07 3.954819e-08 5.940843e-07 3.1237363e-07
0.8360984 0.6416131 0.8814019 0.093525656 0.0087440135 0.7866116 0.88419265 0.055009205 2.1880545e-14 0.7277281 0.9576036 0.0025043942 0.7198217 0.74222416 0.12905152 0.013161692 0.90880483 0.000101223246 0.00025670062 0.29740685 0.17570059 0.0008115715 0.45632455 1.5957923e-05 5.551461e-05 0.0003050937 0.14061871 7.436643e-05 0.04645649 0.009211851 0.015510778 0.0014398166 0.00040142477 2.8397873e-05 1.2203742e-06 0.028384048 1.0909e-05 1.1702795e-06 1.2283925e-06 0.011856418 6.389369e-07 0.0017819896 3.6030062e-06 0.014161749 0.00017159902 6.277427e-07 5.0137655e-06 3.0878248e-06 0.0029809757 0.00018921329 0.022670897 2.541627e-07 3.5619266e-08 2.5804752e-07 3.358067e-06 9.81196e-07 1.5084946e-07 1.2406076e-05 1.6598782e-06 2.1918447e-07 4.0235745e-06 1.9337226e-07 3.6243805e-06 1.5936233e-09 9.309243e-09 2.2300344e-06 6.604353e-07 1.5195972e-08 9.285994e-09 2.5339148e-08 5.2588817e-10 2.2433145e-08 1.2517372e-09 8.948771e-09 1.674297e-09 3.773943e-09 4.584242e-06 1.7923502e-09 1.6883739e-07 1.5794503e-06 7.815342e-07 1.7870387e-07 2.7620834e-08 3.536426e-08 1.2597947e-05 7.4309844e-07 1.2080373e-08 3.5320493e-09 6.245641e-07 1.0389061e-05 0.01238862 5.9271393e-10 5.827623e-06 2.6716614e-07 2.4840798e-08 2.773391e-08 1.7469743e-09 1.633693e-07 1.0219295e-07 5.415145e-07 9.870575e-08
0.9786402 0.666962 0.84901154 0.38791293 0.093943134 0.49458167 0.4710385 0.18851775 0.7277281 3.4875298e-14 0.9751224 0.028964978 0.21598145 0.18705489 0.23480749 0.45837438 0.5579166 0.003944245 0.02533071 0.24244091 0.5268764 0.033537213 0.1278453 0.00037844392 0.00034955406 0.0022927006 0.6138053 0.0010819482 0.04188933 0.028203785 0.011185031 0.008367963 0.013719004 0.0002360441 5.958382e-05 0.02113322 0.000113979535 2.803522e-05 1.5425336e-05 0.43662155 1.9811084e-06 0.018663947 0.00012739236 0.013506477 0.005225939 6.5840495e-06 0.00036843517 2.7159971e-05 0.0716018 0.00012474859 0.24318814 2.4013082e-06 5.695133e-05 3.2217004e-06 1.3969453e-05 1.6998828e-06 4.7483164e-07 0.00062306935 2.6082016e-06 2.0712348e-05 0.00022651027 8.8427436e-07 6.670936e-06 5.737964e-08 6.581896e-08 2.8919056e-05 1.7216076e-06 1.8954984e-07 1.2156784e-07 1.4083153e-07 1.23970105e-08 6.209877e-08 2.3752403e-08 1.3606281e-07 3.476821e-08 1.608042e-08 1.6452474e-05 3.9418886e-08 2.8762704e-06 1.3194083e-06 7.235499e-07 8.071652e-07 1.4664258e-07 4.189311e-07 0.00014854071 2.220834e-06 1.9896656e-07 7.154317e-08 3.5916064e-06 2.0505724e-05 0.07294619 3.317947e-08 7.5394455e-05 6.770675e-05 3.678371e-06 3.29135e-07 8.055391e-08 5.6253526e-07 3.977876e-07 3.1532404e-06 7.4168283e-06
0.8901554 0.3428999 0.67176414 0.08336395 0.0133409705 0.3884546 0.42032248 0.037661385 0.9576036 0.9751224 7.555836e-14 0.0057642143 0.23568709 0.17161626 0.08635086 0.07941211 0.88036615 0.0005222162 0.0024620944 0.39906815 0.40528813 0.005154377 0.1778929 0.00015390445 0.00013502465 0.00043154598 0.3128396 0.00023105447 0.030349512 0.009162183 0.006156692 0.0025667406 0.0019820442 5.3912416e-05 1.3738732e-05 0.0127846515 2.3634266e-05 5.9228114e-06 3.8408307e-06 0.109256834 1.0127153e-06 0.0029339625 5.5797515e-05 0.009090657 0.00088214263 2.0277448e-06 4.6095087e-05 5.758961e-06 0.019992193 0.00014795977 0.0923789 5.3654617e-07 1.2322563e-06 3.0147066e-07 6.8629e-06 1.8679748e-06 1.3372119e-07 8.1566955e-05 3.4867326e-06 2.586503e-06 6.48346e-05 2.0829732e-07 2.9423854e-06 6.736153e-09 1.7842368e-08 4.074138e-06 1.4197662e-06 5.559007e-08 2.9145271e-08 4.2915236e-08 3.0967615e-09 3.695188e-08 6.761808e-09 1.0782425e-08 7.9200095e-09 7.18126e-09 8.892948e-06 8.463868e-09 7.6467524e-07 3.127052e-06 2.693164e-06 3.1599612e-07 1.14488344e-07 3.2274647e-07 4.3427222e-05 1.0056528e-06 6.096857e-08 6.48908e-08 1.8061558e-06 1.4657045e-05 0.026865192 6.518203e-09 2.4351591e-05 1.2493056e-05 1.7501193e-07 8.1079854e-08 5.0044138e-09 2.638673e-07 9.708801e-08 1.5539268e-06 2.3984974e-06
0.95846665 0.15496793 0.02300243 0.8663959 0.8880528 0.0044924873 0.00075389096 0.9276961 0.0025043942 0.028964978 0.0057642143 3.732626e-15 0.0005110991 3.024668e-05 0.48294285 0.36360478 0.0010759131 0.77698743 0.19588141 0.00038723636 0.0008504653 0.035069495 0.00017233177 0.028478734 0.00574396 0.5065364 0.011789354 0.4830996 0.057091244 0.705594 0.037772153 0.723268 0.00880431 0.6297833 9.783965e-05 0.022411982 0.000112857015 1.49514035e-05 1.3152468e-05 0.07047453 8.67921e-06 0.78839886 0.00035200227 0.018684886 0.0018470647 4.084213e-06 0.48833564 2.762401e-05 0.0048070177 0.0003368294 0.0051133116 1.5528603e-06 1.0902666e-05 7.1759814e-07 0.000120198136 9.845606e-06 7.1520424e-07 0.0002937622 6.253741e-05 2.7769522e-05 0.21699947 1.3717789e-06 3.78143e-05 2.250932e-07 2.1946936e-07 2.7096457e-05 7.93204e-06 1.8825436e-07 4.0883595e-08 1.6004805e-07 1.04183036e-08 3.664481e-08 2.2629326e-08 5.8779023e-08 7.9090384e-08 1.3061325e-08 0.0015228995 4.1768747e-08 2.8224753e-05 0.00015330692 3.588369e-05 5.204859e-07 2.7216467e-07 4.827235e-06 1.6909456e-05 4.3437944e-05 6.6852785e-08 4.2386895e-07 0.00028737923 0.0005942079 0.005163594 2.2026953e-07 8.1664675e-06 1.079612e-06 2.4736556e-07 1.5969745e-06 9.0234515e-08 9.789635e-06 1.6449995e-07 4.734963e-05 6.4458313e-06
0.8183584 0.50929725 0.5015218 0.053365305 0.0022444953 0.78785425 0.8729598 0.1155309 0.7198217 0.21598145 0.23568709 0.0005110991 8.8555214e-16 0.98030835 0.43101937 0.0119045945 0.14606576 9.098674e-06 0.00012596944 0.0326597 0.015124922 0.0005126935 0.9112534 5.040731e-07 5.0604963e-06 2.4848607e-05 0.041247584 1.0286215e-05 0.30260244 0.023488225 0.30658826 0.0020292907 5.4291748e-05 3.13265e-05 1.237285e-07 0.17310603 4.2372304e-07 4.0720472e-08 5.4829467e-08 0.006140695 8.009995e-08 0.0055044675 2.7243047e-06 0.070503965 2.5733507e-05 1.6137847e-08 3.8418435e-05 9.0764445e-08 0.0014590548 0.0028580492 0.012567786 5.6734727e-08 1.7871454e-08 5.5827662e-08 2.308274e-06 5.385075e-07 5.173575e-08 2.5253748e-06 4.0859936e-06 6.2372024e-08 0.0006014511 4.0785924e-08 9.788481e-07 1.9473636e-09 9.7729504e-09 2.3554902e-07 1.1180642e-06 1.5344513e-08 2.8731517e-09 7.063405e-08 1.2621082e-09 1.2137513e-08 2.7161238e-09 7.197317e-09 3.2177894e-09 6.3654357e-09 8.078665e-06 2.4531395e-09 3.4738662e-07 6.8232185e-07 4.0801504e-07 9.6474054e-08 3.20436e-08 8.3388085e-07 6.4677156e-06 5.7183142e-06 6.144449e-09 4.3387665e-08 7.625822e-07 9.546056e-06 0.0054971315 7.0238495e-09 1.9853839e-07 1.7976366e-07 3.628606e-08 1.39125165e-08 4.896584e-10 4.057023e-08 5.7161277e-08 1.3170103e-07 4.1603664e-07
0.8000446 0.18932512 0.3025016 0.0044161575 0.0003083179 0.5469897 0.79575056 0.0067716544 0.74222416 0.18705489 0.17161626 3.024668e-05 0.98030835 8.167368e-16 0.10155992 0.0021069474 0.19975477 2.0743116e-06 3.4940374e-05 0.052806724 0.0245778 7.3099625e-05 0.96117514 5.6243852e-08 1.9502426e-07 4.751245e-06 0.045498203 1.8218932e-06 0.15834776 0.008955226 0.11866195 0.00046895925 1.9801735e-06 6.4374767e-06 1.0989408e-08 0.10415097 1.4963214e-07 4.9652416e-09 5.932956e-09 0.00048630318 2.9312691e-08 0.0008826819 2.0982374e-07 0.044236895 2.9261716e-06 7.2145525e-09 3.383772e-06 3.236454e-08 0.00024902474 0.0035118114 0.015296651 1.4777995e-08 7.985629e-09 9.657232e-09 2.2029442e-06 7.08012e-07 1.3422989e-08 3.668413e-07 6.964027e-07 4.2270372e-08 2.821918e-05 9.773547e-09 3.191245e-07 5.793991e-10 1.7502294e-09 2.7831828e-07 5.220678e-07 4.1414046e-09 7.3347056e-10 5.4389893e-09 3.3585595e-10 2.6415858e-09 1.4160306e-09 2.7573863e-09 4.3059994e-10 8.481964e-10 2.1760814e-06 1.6613745e-10 8.10307e-08 5.124806e-07 4.2329899e-07 1.5003902e-08 6.0356005e-09 1.7730594e-07 2.557269e-06 5.280412e-06 6.784348e-10 2.2865598e-09 4.8826206e-07 3.817885e-06 0.009810954 5.99089e-10 3.0373894e-07 3.068243e-08 4.9334474e-09 4.990307e-09 6.3982465e-11 7.014883e-08 1.037496e-07 4.87739e-07 1.1808328e-07
0.9371524 0.8697842 0.5792684 0.75707436 0.30074012 0.7356803 0.414594 0.92041 0.12905152 0.23480749 0.08635086 0.48294285 0.43101937 0.10155992 9.28256e-16 0.05773165 0.015922004 0.012717386 0.006413217 0.0052506845 0.0066164355 0.003202665 0.47417954 4.138803e-05 0.00013885027 0.007908377 0.021881662 0.0064249346 0.9074072 0.7909063 0.7577256 0.5231344 0.0006383413 0.027545638 2.2440252e-06 0.65432906 1.75578e-05 1.0841208e-06 2.7844916e-07 0.018367033 3.1498905e-07 0.4844662 1.2887306e-05 0.18464035 0.00018876792 4.761362e-07 0.0106989 1.673433e-06 0.0016878773 0.008785794 0.0058745095 1.0271059e-07 2.3668231e-07 9.8680154e-08 8.572925e-06 4.1557703e-07 1.402287e-07 1.1164334e-05 8.172607e-06 5.728267e-07 0.04210876 1.0417593e-07 3.9260267e-06 1.4327395e-08 1.28331745e-08 3.695436e-07 1.0099847e-06 1.5484549e-08 2.330849e-09 6.4211148e-09 6.44949e-10 3.0341958e-09 1.8747055e-09 4.8590834e-09 5.9392167e-09 6.179379e-09 0.00016795612 5.333769e-09 3.6129986e-06 6.266382e-06 2.1208532e-06 1.4948024e-07 6.6402492e-09 3.1740234e-07 2.7565861e-06 5.9737784e-05 2.4043715e-08 6.0508847e-09 4.8363985e-05 0.00019526872 0.005810124 2.0987376e-09 8.338865e-07 2.4536544e-07 1.4040187e-07 6.3590716e-07 4.0949928e-08 5.830917e-07 3.2845392e-07 1.4291187e-05 2.782632e-06
0.9714416 0.23856893 0.25244865 0.68730867 0.9103469 0.035967767 0.019343251 0.28006738 0.013161692 0.45837438 0.07941211 0.36360478 0.0119045945 0.0021069474 0.05773165 4.2820423e-14 0.00911556 0.4068373 0.86111474 0.006020772 0.018126145 0.88692236 0.000514895 0.088055275 0.08292932 0.07586884 0.15586951 0.05331118 0.030125206 0.047197938 0.0040595047 0.047984432 0.29547307 0.023314897 0.002677046 0.0063361507 0.0022358738 0.0012104795 0.0011298729 0.78075093 0.00030075983 0.08393454 0.0013626047 0.002015338 0.03252968 0.00015463993 0.019261083 0.00013669225 0.16536334 0.000107000276 0.18093848 4.5191457e-05 0.0011173293 2.6387637e-05 0.00023929367 6.4741624e-05 7.058402e-06 0.003557972 0.00018416453 0.00033101853 0.0013094116 5.8956657e-06 0.00020280814 8.787251e-07 2.857264e-06 0.0004777521 7.170031e-05 2.9775492e-06 4.4167084e-07 6.6182843e-06 7.057947e-07 3.159248e-06 8.689135e-07 4.158635e-06 1.0644262e-06 1.0643826e-06 0.0007290493 9.939746e-07 8.526584e-05 8.873028e-05 4.8254562e-05 4.3548966e-06 8.7269755e-06 2.7802542e-05 0.00046152668 9.8501754e-05 2.7398164e-07 2.2815666e-06 0.00024069138 0.0016725588 0.033720303 4.03912e-07 0.0002534215 0.00020616503 1.3695882e-06 6.7768738e-06 6.167265e-08 1.1106511e-05 2.277977e-06 3.264902e-05 2.4539834e-06
0.7985038 0.067586236 0.27737948 0.015211068 0.0047350647 0.12230165 0.27184567 0.007127812 0.90880483 0.5579166 0.88036615 0.0010759131 0.14606576 0.19975477 0.015922004 0.00911556 1.6430391e-15 0.00027085206 0.00058714516 0.9828748 0.7025581 0.0017634173 0.10375408 7.80391e-05 0.00015267792 0.00022246646 0.3427834 6.59224e-05 0.009862264 0.001678527 0.0019746406 0.00033736048 0.00029203927 9.309665e-06 7.814683e-06 0.0079053035 3.593688e-05 4.858813e-06 3.6874396e-06 0.013179646 3.88909e-06 0.00011508413 1.6687005e-05 0.005270843 0.00031336054 1.5317931e-06 8.093327e-07 4.932914e-06 0.0069804215 0.0001623996 0.094982035 2.9467478e-07 3.8025274e-07 1.6868898e-07 5.5413966e-06 2.212176e-06 9.853717e-07 2.3391554e-05 5.5756254e-06 3.8729058e-07 2.524159e-06 5.0510386e-07 5.8764874e-07 7.430602e-09 6.37082e-08 9.181211e-06 1.7611211e-07 8.326361e-08 7.421937e-08 1.0155233e-07 4.1122807e-09 2.7342082e-08 1.0800022e-08 3.1440305e-08 3.7785455e-09 4.6979487e-09 3.0905503e-06 1.4146647e-09 7.005871e-08 1.5035187e-06 4.8386494e-07 8.25602e-08 2.0736271e-08 8.2507775e-08 1.0087281e-05 1.8183244e-06 9.0174895e-10 7.5799615e-09 2.719291e-07 4.2857164e-06 0.046302557 2.5865274e-10 9.898257e-07 4.6409585e-07 8.514678e-09 6.1684626e-09 2.3797422e-09 3.406589e-08 1.0391735e-07 2.06951e-08 2.4365156e-07
0.95517087 0.0035581754 0.0006971726 0.19293177 0.81227684 0.000100473364 3.8559057e-05 0.13146046 0.000101223246 0.003944245 0.0005222162 0.77698743 9.098674e-06 2.0743116e-06 0.012717386 0.4068373 0.00027085206 5.68194e-16 0.75407255 0.000101418824 0.00019621103 0.25191703 1.6149087e-06 0.8948296 0.3402929 0.9090317 0.0047161905 0.82461345 0.0018848173 0.13606626 0.00087321707 0.20868823 0.091059156 0.73505145 0.076311365 0.0020416463 0.007783241 0.0034126865 0.00090827275 0.16087608 0.0002376274 0.1768268 0.012948133 0.00048804522 0.019942883 4.1413932e-05 0.6012244 8.2285675e-05 0.021042455 2.3124634e-05 0.01119437 1.20997975e-05 0.00027175582 9.506918e-06 0.0006654657 8.981397e-05 2.4854614e-06 0.0023066918 0.0017933629 0.00015729626 0.023127366 1.6340988e-06 0.00028224307 7.620697e-07 1.3327656e-06 0.00027819423 0.00018395216 2.1024427e-06 1.1626887e-07 1.8829737e-06 4.78139e-08 9.1945985e-08 2.2522764e-07 4.9102186e-07 2.3383568e-07 4.0488366e-08 0.0016092518 6.0483835e-08 7.702694e-05 0.0002880064 0.00017639005 3.819409e-07 2.5685253e-07 7.7444713e-07 2.9357523e-05 5.0120493e-06 3.205907e-08 9.4319216e-07 2.5881325e-05 0.0004927524 0.0052983626 1.008387e-08 3.3703839e-06 8.2674165e-07 1.29532065e-08 3.170142e-07 1.2735292e-09 3.408781e-07 3.3005204e-08 7.2820426e-06 1.5946299e-07
0.8889425 0.010295559 0.004385643 0.15283571 0.70212656 0.0007383691 0.0003166373 0.03760376 0.00025670062 0.02533071 0.0024620944 0.19588141 0.00012596944 3.4940374e-05 0.006413217 0.86111474 0.00058714516 0.75407255 1.3216293e-16 0.00020306518 0.00055576087 0.9840784 1.4804572e-06 0.3838136 0.8203039 0.23024917 0.009532907 0.11520869 0.001055281 0.012727548 0.00042183173 0.02745837 0.3998839 0.07805918 0.054143924 0.00038101507 0.07363455 0.027393924 0.021216147 0.21504332 0.005228037 0.055584293 0.010232749 6.068624e-06 0.04826879 0.0012504029 0.19835122 0.0011035304 0.04386278 1.848582e-06 0.031829063 9.0182e-05 0.0028064256 3.4245066e-05 0.0009811792 0.00034900525 2.2059852e-05 0.009325728 0.00056514225 0.0010734507 0.00158027 2.1569438e-05 0.00020485447 1.5481772e-06 5.6691297e-06 0.0018308043 0.000106241925 1.9999863e-05 2.0213963e-06 1.0270354e-05 4.5969753e-07 3.0279912e-06 1.6079208e-06 6.8455192e-06 2.3354985e-06 1.4260097e-06 0.00054768415 6.421507e-07 1.8840112e-05 0.000111425135 8.929147e-05 8.642454e-06 1.6218261e-06 2.7149622e-06 0.000757701 4.2239248e-05 1.5701806e-08 1.5846994e-06 0.00010231402 0.0019892987 0.011299094 3.4718973e-08 7.2591305e-05 5.5005738e-05 2.2666345e-08 4.4249379e-07 1.4400648e-09 2.2874403e-06 2.5098964e-07 5.5672995e-06 1.8774448e-07
0.9337032 0.017623873 0.046454072 0.0047536227 0.0015272131 0.026842073 0.041495014 0.0023370362 0.29740685 0.24244091 0.39906815 0.00038723636 0.0326597 0.052806724 0.0052506845 0.006020772 0.9828748 0.000101418824 0.00020306518 3.0823428e-16 0.9440996 0.00081161485 0.0361065 2.1389362e-05 8.0698366e-05 7.316316e-05 0.60105574 1.9462796e-05 0.0034346425 0.00051619473 0.00093216996 0.00023232696 0.0002277343 3.8553703e-06 4.600192e-06 0.0038248207 2.0209021e-05 2.1371468e-06 1.5400632e-06 0.016709523 1.5998829e-06 8.85427e-05 1.0100102e-05 0.003226865 0.00041538457 7.411975e-07 6.2398175e-07 2.075295e-06 0.013448316 0.00017563956 0.32113996 7.3849826e-08 3.3362855e-07 2.5285415e-08 1.4761811e-06 2.6990404e-07 2.6640848e-07 1.6616545e-05 4.7500458e-07 2.868383e-07 2.3629204e-06 9.7058766e-08 1.718013e-07 3.3344596e-09 1.5518697e-08 3.5460378e-06 7.543879e-08 2.9278047e-08 4.4292378e-08 3.3406998e-08 8.769707e-10 3.6105168e-09 1.4524559e-09 1.1331308e-08 7.537988e-10 1.2458562e-09 3.1390844e-06 6.550392e-10 1.7881616e-08 4.427775e-07 3.4000118e-07 7.9471455e-08 6.2873062e-09 1.803541e-08 2.6641346e-06 1.8784074e-06 7.1394923e-10 6.944085e-09 1.3237192e-07 4.24147e-06 0.09663287 4.382393e-10 4.495671e-07 3.4108334e-07 9.465424e-09 4.556788e-09 5.2785987e-10 1.71347e-08 2.7168883e-07 5.1831828e-09 7.9737916e-08
0.9818026 0.021765372 0.060352694 0.009859654 0.0033735759 0.017965237 0.030805238 0.0055842474 0.17570059 0.5268764 0.40528813 0.0008504653 0.015124922 0.0245778 0.0066164355 0.018126145 0.7025581 0.00019621103 0.00055576087 0.9440996 9.303552e-15 0.002819509 0.011653436 8.564406e-05 0.00010318161 0.00011368274 0.9693282 6.717768e-05 0.0053097513 0.0020782559 0.0011036651 0.0006142517 0.0011933312 2.0833253e-05 3.047231e-05 0.0033466553 7.3401825e-05 1.9342318e-05 6.70671e-06 0.17457436 2.7630108e-06 0.00033485595 5.072994e-05 0.002095823 0.0018281225 3.6428398e-06 3.0625188e-06 4.405071e-06 0.061995883 0.00015689117 0.6669477 1.7114531e-06 9.850847e-06 1.2728293e-06 2.0365036e-05 3.723328e-06 1.0640457e-06 0.00024922902 1.1471201e-06 1.862123e-06 0.0001272265 8.030413e-07 3.2207051e-06 7.006271e-08 2.3200091e-07 1.5008476e-05 5.082883e-07 1.5614727e-07 3.5058093e-07 8.00181e-08 1.5358362e-08 6.228643e-08 9.3040285e-08 1.1932855e-07 6.7946885e-08 1.597148e-08 8.593765e-06 5.9044993e-08 7.868469e-07 1.5342253e-05 9.436515e-06 4.3327978e-07 6.617734e-08 6.475921e-07 3.7993377e-05 4.8222064e-06 1.317886e-07 4.3690258e-07 2.817603e-06 7.92728e-05 0.27665848 5.2050794e-08 9.969057e-06 9.557051e-06 1.6860969e-07 1.7212226e-07 2.6283344e-08 1.5275947e-06 2.0606957e-07 4.314367e-07 1.4048504e-07
0.96616846 0.006453653 0.003989382 0.041491315 0.29286268 0.00078873173 0.0003235433 0.009197894 0.0008115715 0.033537213 0.005154377 0.035069495 0.0005126935 7.3099625e-05 0.003202665 0.88692236 0.0017634173 0.25191703 0.9840784 0.00081161485 0.002819509 1.6269168e-15 6.7770416e-06 0.16444935 0.49397242 0.04989801 0.0656665 0.031267684 0.0027741543 0.004602619 0.00022348015 0.010246314 0.72454375 0.0141796 0.022466812 0.0012196205 0.021159573 0.010364346 0.012031259 0.69041634 0.0023874987 0.012422055 0.0042435136 9.264509e-05 0.21469076 0.0014811148 0.038138356 0.0013506914 0.28722617 3.3296503e-06 0.1575224 0.00013188888 0.008262389 3.4192686e-05 0.0005729943 7.609252e-05 3.1511918e-05 0.026967311 0.00016233163 0.004597221 0.00047488397 3.355252e-05 0.00021630216 7.1080376e-06 1.1258478e-05 0.007362853 4.1555686e-05 1.6690987e-05 1.510731e-06 5.6806684e-06 1.7439243e-06 2.6314997e-06 8.82132e-06 2.2579217e-05 1.595517e-05 2.5569275e-06 0.0004259632 2.3190016e-06 1.8589833e-05 9.637682e-05 9.55763e-05 2.1376554e-05 3.3020222e-06 5.508214e-06 0.002024693 1.551227e-05 1.650408e-07 3.340184e-06 4.3424196e-05 0.0008781622 0.05771899 1.0346636e-08 0.0010165868 0.00055262225 5.7555564e-08 1.168956e-07 2.5316769e-09 8.4628516e-07 5.7805937e-07 7.762925e-06 3.2130367e-07
0.9503399 0.27996096 0.24512754 0.017483924 0.0009550477 0.5845991 0.5784178 0.030897481 0.45632455 0.1278453 0.1778929 0.00017233177 0.9112534 0.96117514 0.47417954 0.000514895 0.10375408 1.6149087e-06 1.4804572e-06 0.0361065 0.011653436 6.7770416e-06 9.239818e-15 6.3306054e-08 9.31474e-07 2.7799213e-06 0.03762823 8.072922e-07 0.876676 0.0913873 0.759953 0.0046502277 1.102186e-06 1.1310446e-05 1.0778847e-08 0.835284 2.3181823e-07 6.936037e-09 6.583111e-09 0.00030825878 1.7896628e-08 0.0047284723 1.9458543e-07 0.16235694 8.812327e-07 1.2980338e-08 2.4986362e-05 2.1359374e-07 5.666117e-05 0.020708924 0.015089587 9.605227e-09 6.883281e-09 1.24147554e-08 1.3481131e-06 1.9587533e-07 1.532778e-08 4.3624826e-08 6.1548127e-07 5.445383e-09 0.0002818431 1.7013392e-08 2.466716e-07 1.5034833e-09 8.840023e-10 4.03052e-09 2.7538024e-07 4.9696283e-09 1.355799e-09 2.3056588e-09 3.1885664e-10 7.040333e-09 4.083975e-10 1.844191e-09 6.216934e-10 5.2500453e-09 3.261692e-06 8.045755e-10 5.009117e-07 2.8847273e-07 9.90987e-08 3.5732086e-08 5.6493463e-09 2.2612642e-07 2.5536414e-07 2.1574295e-05 3.3462975e-09 3.375765e-10 5.009972e-07 1.4092868e-05 0.0074043763 8.799678e-11 8.1756156e-08 4.984903e-09 1.2780193e-08 2.1525697e-08 1.1190385e-09 3.5433462e-08 1.9464818e-07 4.603218e-07 1.0746127e-06
0.94554096 3.7397425e-05 5.6661982e-05 0.0012054505 0.045292 5.495034e-06 2.827568e-06 0.0005517454 1.5957923e-05 0.00037844392 0.00015390445 0.028478734 5.040731e-07 5.6243852e-08 4.138803e-05 0.088055275 7.80391e-05 0.8948296 0.3838136 2.1389362e-05 8.564406e-05 0.16444935 6.3306054e-08 2.6170368e-17 0.9330807 0.78158426 0.0009510967 0.49812558 0.00019290029 0.0023161154 8.403776e-06 0.0142566245 0.2137792 0.3816236 0.91931605 0.00015565523 0.4333022 0.2194585 0.10526386 0.09397502 0.013431226 0.015781729 0.27703252 3.2572763e-05 0.07025099 0.00062855444 0.7128537 0.0025438024 0.016114257 1.1059429e-06 0.0072981454 2.2416349e-05 0.002341362 7.928467e-05 0.0141502125 0.0023269306 1.788009e-05 0.007591201 0.0348609 0.0013279798 0.0019036944 2.5343075e-05 0.0033292237 1.928644e-06 7.294471e-06 0.0019500959 0.0013947769 8.692372e-06 8.566227e-07 0.00013305203 2.9356764e-07 1.3759698e-07 8.8441516e-07 1.3821676e-06 6.533364e-07 3.382246e-08 0.0020308183 1.6256315e-07 0.0039757867 0.00049670774 0.0018959895 1.0069201e-05 5.766949e-07 1.7295313e-06 0.0001344577 1.3782491e-06 3.1716105e-08 2.921163e-05 1.1819471e-05 0.0004024991 0.0052691996 4.6617735e-08 1.8753763e-05 1.4333006e-05 3.0141305e-08 1.4659784e-07 4.7443033e-10 1.7092763e-07 6.0719954e-09 1.1337579e-06 3.7072755e-07
0.9768803 0.00016240179 0.00013313795 0.00082811166 0.018337926 4.5891826e-05 1.3732864e-05 0.00046904397 5.551461e-05 0.00034955406 0.00013502465 0.00574396 5.0604963e-06 1.9502426e-07 0.00013885027 0.08292932 0.00015267792 0.3402929 0.8203039 8.0698366e-05 0.00010318161 0.49397242 9.31474e-07 0.9330807 2.9877627e-14 0.20485394 0.0025382964 0.09108891 0.00028592214 0.0010736723 7.3834753e-06 0.0065489635 0.8759172 0.02460287 0.6764845 0.00018652334 0.7398822 0.547984 0.33689848 0.4145385 0.10609456 0.011726174 0.17467006 4.1128988e-06 0.46965176 0.016857017 0.32160762 0.013022268 0.14724106 1.313773e-06 0.056498114 0.0011132641 0.016683364 0.0026812938 0.014734465 0.0056488356 0.00012613978 0.051887885 0.046546876 0.006587844 0.00070585334 7.124085e-05 0.0071399943 2.66051e-05 2.3204053e-05 0.011125854 0.002716355 0.000103233484 5.361199e-06 0.00058889535 4.256239e-06 2.5523836e-06 4.493783e-06 6.8288596e-06 7.727145e-06 3.0613564e-06 0.0011970995 2.7017304e-06 0.0034887919 0.00069589063 0.002243715 1.7068201e-05 2.9414116e-06 1.8004865e-05 0.001725583 5.053354e-06 2.4836476e-07 7.333895e-06 2.1729054e-05 0.0017940333 0.029442865 2.2697016e-08 0.0010812741 0.0004102086 3.6876594e-07 2.9480802e-07 1.4287544e-09 2.1566136e-06 1.2496506e-06 0.00028731537 1.3001058e-07
0.9132106 0.0018770843 0.0007150443 0.03533571 0.18504511 0.00017444481 6.452213e-05 0.025850212 0.0003050937 0.0022927006 0.00043154598 0.5065364 2.4848607e-05 4.751245e-06 0.007908377 0.07586884 0.00022246646 0.9090317 0.23024917 7.316316e-05 0.00011368274 0.04989801 2.7799213e-06 0.78158426 0.20485394 9.669546e-16 0.0007784536 0.96244335 0.00091979327 0.06669932 0.0010339867 0.3114874 0.08719604 0.8992896 0.23398098 0.0016859211 0.016759716 0.0092345225 0.0017852549 0.10489518 0.0002791193 0.13969485 0.032390144 0.0033975441 0.038090084 8.408862e-05 0.7717596 0.00047904256 0.017280724 0.00020667748 0.0055678813 1.3864206e-05 0.0014565296 4.42643e-06 0.00095279614 7.4037096e-05 7.299098e-06 0.009074286 0.00342419 0.00045408483 0.054090854 8.92498e-06 0.00039628972 1.4798841e-06 1.9396007e-06 0.00071357604 9.884116e-05 4.2004686e-07 2.0784015e-07 9.695382e-07 1.0426201e-07 2.6612688e-07 3.2248371e-07 8.235955e-07 2.2360025e-07 5.7083046e-08 0.008856468 1.0627419e-07 0.0018880368 0.0014722439 0.0014322519 4.00474e-06 1.2009774e-06 2.271077e-06 3.9393955e-05 5.5147393e-05 6.397353e-08 4.309831e-07 0.00030695306 0.0025013592 0.0067800093 7.516729e-09 2.108673e-05 1.5777791e-06 7.8691485e-08 4.4994948e-08 7.590895e-10 2.002175e-07 6.670946e-07 5.5928595e-06 2.8846145e-07
0.9905378 0.055976238 0.097789824 0.034439307 0.025530536 0.034807958 0.042754523 0.018601347 0.14061871 0.6138053 0.3128396 0.011789354 0.041247584 0.045498203 0.021881662 0.15586951 0.3427834 0.0047161905 0.009532907 0.60105574 0.9693282 0.0656665 0.03762823 0.0009510967 0.0025382964 0.0007784536 3.738374e-12 0.0009061815 0.013192461 0.0063019213 0.008498557 0.0022570414 0.012855772 0.0005989589 0.00031742247 0.009401753 0.00089446886 0.00014718095 7.688125e-05 0.31393662 7.67841e-05 0.0053976593 0.00022436767 0.0053279465 0.0033033516 4.850921e-05 0.00022772668 0.000106046355 0.09657965 0.00050557114 0.90371376 2.5575484e-05 0.00017041632 1.520552e-05 4.3930457e-05 1.0331469e-05 1.0722402e-05 0.0005970612 1.4843612e-05 4.1074683e-05 0.001141819 9.482253e-06 1.394088e-05 1.7758271e-06 4.454256e-06 4.215659e-05 5.795097e-06 9.911038e-07 2.3852945e-06 4.0933414e-06 2.3188277e-07 2.1402909e-07 2.5248405e-06 6.2932963e-06 3.7746113e-06 2.3144115e-07 9.723017e-06 4.1608465e-07 1.43873e-06 1.2482922e-05 4.555461e-06 6.7493393e-06 5.0641967e-07 2.847398e-06 6.4062704e-05 8.271865e-05 9.500549e-07 1.7555767e-06 3.4890592e-05 0.00021412782 0.1731518 2.2648445e-07 3.4623925e-05 7.1862545e-05 3.4128425e-06 4.048078e-07 7.9131695e-07 4.859615e-06 1.0284813e-05 1.0439813e-05 2.2962595e-06
0.80185425 0.0011008936 0.00043028354 0.03205228 0.1410105 5.950534e-05 2.0419237e-05 0.033041228 7.436643e-05 0.0010819482 0.00023105447 0.4830996 1.0286215e-05 1.8218932e-06 0.0064249346 0.05331118 6.59224e-05 0.82461345 0.11520869 1.9462796e-05 6.717768e-05 0.031267684 8.072922e-07 0.49812558 0.09108891 0.96244335 0.0009061815 3.3833934e-16 0.0015341501 0.103378385 0.0007346727 0.37962374 0.022064049 0.9792433 0.056741733 0.0019998453 0.0026623516 0.0016216236 0.00062691886 0.030405482 0.00015472283 0.26807204 0.0102515 0.0010100696 0.005972542 1.870072e-05 0.757022 6.7850575e-05 0.0031089627 0.000102521 0.00219714 4.254689e-06 6.964261e-05 4.1432163e-06 0.0002587226 7.4505e-05 8.8986957e-07 0.0010960762 0.0008889528 2.7555154e-05 0.06371979 7.3201744e-07 0.00013627924 3.4564079e-07 6.912555e-07 5.2175874e-05 1.7327615e-05 7.468839e-07 6.427318e-08 5.057425e-07 2.7051437e-08 1.8790713e-07 1.7471993e-07 1.9566791e-07 1.0650329e-07 8.61819e-08 0.01139526 1.32219435e-08 0.0008158442 0.0008593381 0.0006068271 1.8617224e-07 5.9489473e-08 2.072967e-06 4.848796e-06 0.00012002482 3.6099106e-09 1.0985473e-07 0.0004226766 0.0012854532 0.003090008 5.0539875e-09 4.6268237e-06 1.6169098e-07 2.4051638e-09 2.0110974e-08 7.2106106e-11 3.315289e-07 8.668187e-07 2.3195148e-06 4.72876e-08
0.7844433 0.32697874 0.14186566 0.1324606 0.0106789665 0.35410774 0.13829696 0.3817468 0.04645649 0.04188933 0.030349512 0.057091244 0.30260244 0.15834776 0.9074072 0.030125206 0.009862264 0.0018848173 0.001055281 0.0034346425 0.0053097513 0.0027741543 0.876676 0.00019290029 0.00028592214 0.00091979327 0.013192461 0.0015341501 4.807189e-18 0.50529456 0.9600434 0.068985365 0.000640387 0.003244545 0.0002064716 0.93489623 6.434135e-05 5.1697312e-05 1.587718e-05 0.013514775 8.792981e-06 0.14980601 2.2113016e-05 0.23254623 0.0013916823 1.3278961e-06 0.0013757522 3.4451316e-06 0.0011760779 0.07052248 0.008342271 3.509054e-07 1.2343146e-06 1.7713015e-07 3.2410285e-06 2.599928e-07 7.534269e-07 0.00030244648 3.385925e-06 5.2830164e-06 0.015051041 2.0284856e-06 3.6747736e-06 7.13196e-08 1.3333076e-07 1.027983e-05 2.7850436e-07 1.9536341e-07 2.4853403e-08 5.4727782e-09 4.073935e-08 4.1930682e-07 8.405149e-07 9.573822e-07 2.5352284e-07 3.247552e-07 0.00027021507 2.1979359e-07 4.866225e-07 2.0161568e-05 6.451874e-07 1.6379872e-06 9.576639e-08 4.2642105e-06 7.948464e-06 0.00038740924 3.3400628e-08 2.1769997e-09 0.00020408051 3.721406e-05 0.0077556553 1.4369177e-09 8.488399e-06 5.492731e-07 1.07993905e-07 1.9006873e-08 1.8298474e-08 1.4645572e-07 6.691648e-05 4.241116e-07 3.8376784e-06
0.8069974 0.19618915 0.059788316 0.29781753 0.13705039 0.051053293 0.013100417 0.569157 0.009211851 0.028203785 0.009162183 0.705594 0.023488225 0.008955226 0.7909063 0.047197938 0.001678527 0.13606626 0.012727548 0.00051619473 0.0020782559 0.004602619 0.0913873 0.0023161154 0.0010736723 0.06669932 0.0063019213 0.103378385 0.50529456 1.27537875e-17 0.39568827 0.9913576 0.002520207 0.496955 0.000416826 0.32773277 9.799513e-05 0.00010953206 1.8789136e-05 0.009651733 3.2361302e-06 0.73865277 6.612022e-05 0.23515677 0.00056185585 3.5959846e-07 0.17277794 2.617179e-06 0.00031423554 0.00990543 0.0026667272 1.1679352e-07 2.8273819e-06 3.806731e-08 1.3315783e-05 4.104077e-07 1.1949116e-07 3.7219135e-05 1.15540015e-05 1.567827e-06 0.16409147 1.0461499e-07 9.103578e-06 1.663764e-08 5.282401e-08 1.8562401e-06 9.379609e-07 2.6348092e-08 6.9768373e-09 3.0550567e-08 1.99137e-09 2.7720372e-08 2.1810862e-08 3.218577e-08 7.1928845e-09 1.0960833e-08 0.0013644141 7.3305695e-09 1.5213665e-06 3.363036e-05 7.3227834e-06 9.741315e-07 5.097922e-09 7.337844e-07 1.5837528e-05 0.00014413064 6.414079e-08 4.0518378e-10 0.00038075482 0.0003676728 0.005771189 1.3054463e-10 4.4820385e-06 9.557393e-07 6.760431e-08 1.05836044e-07 6.568361e-09 1.0180464e-07 1.2644269e-06 2.9852572e-06 8.7319404e-07
0.4309232 0.2012052 0.07082171 0.111345984 0.006293099 0.22026747 0.11028008 0.31037006 0.015510778 0.011185031 0.006156692 0.037772153 0.30658826 0.11866195 0.7577256 0.0040595047 0.0019746406 0.00087321707 0.00042183173 0.00093216996 0.0011036651 0.00022348015 0.759953 8.403776e-06 7.3834753e-06 0.0010339867 0.008498557 0.0007346727 0.9600434 0.39568827 4.1823875e-21 0.07714404 4.3663516e-05 7.376783e-06 1.5361776e-06 0.9679436 1.7037137e-07 4.5575984e-08 4.6739355e-08 0.000857555 4.8919965e-08 0.14603055 9.1042506e-07 0.1557125 8.0619444e-05 1.5251839e-08 0.00022348185 3.1266362e-07 0.00021901117 0.029100431 0.0016430188 2.1992737e-07 8.909532e-07 9.260807e-09 8.6024734e-08 7.1597235e-08 1.7115698e-07 1.4468503e-05 3.1892066e-07 9.0052913e-07 0.0029944428 1.7395564e-07 1.2432214e-07 3.46009e-08 2.273466e-07 1.16903075e-05 7.8105764e-08 7.60223e-09 5.657254e-08 1.9246938e-06 1.039682e-09 1.7938552e-09 1.03576e-07 4.0144926e-07 7.685716e-08 1.0794956e-08 7.9573346e-07 1.4806916e-08 3.4803355e-07 1.5265863e-07 4.618531e-08 1.3482422e-07 1.0238298e-07 6.9236523e-07 4.048318e-05 2.8373602e-06 6.806947e-08 1.3002788e-08 1.0062804e-06 1.6290078e-06 0.0015637961 1.0094473e-08 1.780595e-05 3.1600513e-07 1.334413e-07 3.2239518e-07 9.914481e-08 3.1542537e-08 8.2538276e-07 1.1181089e-06 2.5006136e-06
