1.7305833e-14 0.87683225 0.924586 0.98093855 0.6448871 0.6034536 0.89566 0.97410077 0.24343027 0.92455715 0.8844304 0.024441984 0.5355179 0.7446947 0.97890764 0.9882103 0.9513956 0.00019267561 0.9629524 2.5753259e-06 0.6367238 0.8317864 0.0004641993 0.87530756 0.9506174 0.9815573 0.5011271 0.9917374 0.9461834 0.97234994 0.7762888 0.9759171 0.105427995 0.79354066 0.95925814 0.85665244 0.7219506 0.9885147 0.87584794 0.019885927 0.97553515 0.17939782 0.9603459 0.93552905 0.95585424 0.7501815 0.8765642 0.45055273 0.9681101 0.00018569111 0.64864457 0.9769913 0.880863 0.88176554 0.0124538485 0.8824247 0.9825987 0.7777863 0.8788742 0.8836366 0.83041716 0.9626069 0.67875594 0.8752794 0.935168 0.95175713 0.745076 0.9148217 0.54970896 0.9653014 0.9395828 0.8885455 0.06273971 0.8283076 0.7258167 0.8632953 0.49553823 0.99053067 0.84141535 0.70257425 0.98693395 0.9129591 0.5316041 0.06508732 0.9722005 0.98204774 0.81001127 0.92968076 0.00025782085 0.7528486 0.9755008 0.058543958 0.9147737 0.00043486198 0.80989957 0.011286132 0.99769485 0.9602066 0.99998707 0.999994 0.78815746
0.87683225 5.3662976e-14 0.7207216 0.9521376 0.93901014 0.68608177 0.98458326 0.8075191 0.60529876 0.55742675 0.6565509 0.008020511 0.2777811 0.07988409 0.038090274 0.8267444 0.011346044 0.007408979 0.39286622 2.077269e-06 0.0013346919 0.02007538 0.00028998664 0.0016621872 0.000224571 0.12629946 0.00030859266 0.008839721 0.00010176868 9.122015e-05 4.4246095e-05 2.0148063e-06 0.005547806 9.681333e-06 8.5424335e-06 1.1894821e-06 0.00028066614 0.019256217 2.7134134e-05 0.00014360678 5.8842263e-05 1.5125381e-05 4.116813e-07 5.846508e-07 2.213499e-06 7.4841864e-08 4.6752017e-08 1.1780793e-07 0.039212987 5.4680227e-06 5.5480864e-08 3.019032e-08 4.5760498e-07 2.8435892e-07 4.33875e-06 7.573661e-07 0.00011540044 1.4641356e-07 1.7173439e-06 8.556768e-08 1.766893e-07 0.0014566934 8.440347e-09 2.7419726e-09 6.7700546e-07 3.090308e-08 0.0021672638 2.3286798e-06 8.65192e-08 2.5706404e-07 0.0006789152 3.356119e-07 0.00014538996 0.0030835096 0.001722373 2.1588411e-07 0.00019129366 4.6149366e-05 3.748657e-08 7.500045e-09 0.002164073 1.9406903e-08 6.901634e-09 7.437479e-07 4.617888e-08 0.00025113826 2.4102118e-08 3.5674716e-06 8.031467e-06 8.972116e-09 4.053104e-07 2.4667676e-07 7.4917274e-08 4.441572e-08 5.228984e-07 1.9969473e-08 4.2348875e-05 1.5729806e-06 0.0020485523 0.00061621895 1.1028547e-08
0.924586 0.7207216 1.6547253e-12 0.3999007 0.32279122 0.99145323 0.4608765 0.9909299 0.062706456 0.0065047313 0.010750433 0.533577 0.01102498 0.002106435 0.00036195462 0.5469687 9.808685e-05 0.0010519256 0.07172413 3.2932292e-06 8.0845675e-06 0.0009641902 0.0006597545 0.00021007513 1.0070508e-05 0.026593294 2.5925112e-06 0.0012959912 1.786958e-06 1.5731717e-05 1.1454081e-06 5.645181e-08 0.0009655833 3.1478575e-07 1.1215157e-06 1.3438469e-07 7.7074255e-05 0.0065946705 3.0533004e-06 7.910537e-05 5.3793797e-06 3.6386075e-06 4.560877e-08 1.6960353e-08 2.7584704e-07 5.7297505e-08 1.3343473e-08 1.2883274e-07 0.09131526 2.5280183e-06 9.510054e-08 3.735429e-09 2.8874865e-08 2.2942672e-08 1.6243524e-06 4.4534314e-08 1.1990469e-06 6.929201e-09 6.7488116e-08 4.2807877e-09 3.219564e-09 0.0004553965 1.4130548e-09 1.4582083e-08 1.7989622e-07 9.804372e-09 0.019846665 6.889869e-07 1.8446459e-08 7.247824e-08 0.0009239046 2.2135274e-09 7.970584e-06 0.03339479 0.008511883 3.6119236e-08 4.9561168e-05 1.347329e-06 1.2316617e-08 1.6346926e-08 0.0062467614 2.0114353e-08 5.484586e-09 3.4714617e-07 7.933333e-08 6.994526e-05 3.5961112e-09 2.995441e-08 1.4173731e-06 9.110487e-09 4.3156895e-08 6.773671e-07 4.9793325e-10 9.858365e-08 2.2548026e-08 8.1777834e-08 6.209747e-08 1.9880744e-07 0.012512284 0.00014546805 4.407266e-09
0.98093855 0.9521376 0.3999007 5.3886314e-12 0.9784069 0.24646333 0.8148354 0.3510294 0.90657264 0.4052851 0.2204013 0.00069851935 0.846499 0.49468356 0.6267836 0.6779634 0.3823276 0.05806923 0.57084733 3.885718e-05 0.0004127845 0.10067264 0.00032977172 0.048305914 0.054920368 0.2544522 0.000196822 0.06073087 0.0031396358 0.0015889988 8.416139e-05 7.589185e-05 0.12156493 5.3306372e-05 0.00016644801 1.6924081e-06 0.0028416647 0.030678453 7.3929565e-05 0.0047434736 0.0008461165 0.00010192116 1.785424e-05 2.1182044e-05 1.7772307e-05 2.086595e-06 3.295317e-07 2.749255e-07 0.032746326 0.00032069682 4.495686e-08 4.9080954e-06 4.0986856e-06 1.3167308e-06 0.00022876257 6.410105e-06 0.00072706 7.8916685e-07 3.1815667e-05 5.402677e-07 4.1784165e-06 0.011268511 9.419606e-09 2.6454783e-09 4.258816e-05 3.9831679e-07 0.0041042636 2.428913e-05 7.398715e-08 4.6894397e-07 0.0070640356 1.578263e-05 0.00054652366 0.015680276 0.007235176 1.8868999e-06 0.0026221008 0.00062904134 2.003513e-08 1.220867e-07 0.017574511 1.6616274e-07 2.39346e-07 1.1498467e-05 6.7057244e-06 0.00089646765 3.147883e-06 0.00080533186 1.1115995e-05 8.3549924e-07 1.4648233e-06 1.8034482e-06 5.9578504e-08 1.1173138e-06 1.0127537e-06 2.4901473e-08 0.0002400399 5.2420863e-05 0.01219232 0.0024867372 9.478867e-09
0.6448871 0.93901014 0.32279122 0.9784069 8.196399e-15 0.6347842 0.6668818 0.097794876 0.97785175 0.015168481 0.005374258 0.010705382 0.51688766 0.052549556 0.08510475 0.20601751 0.03329784 0.94087297 0.13015673 0.0003791371 4.743168e-06 0.0059456755 0.0043726927 0.0022599127 0.0033130392 0.027256481 8.501461e-07 0.0026154725 7.658284e-05 6.926011e-05 1.6325734e-05 3.6087629e-06 0.07106403 1.4991524e-05 5.699672e-06 2.2727549e-07 6.6541776e-05 0.0015131456 5.189368e-06 0.0004977199 5.2021056e-05 6.7417614e-06 2.2707782e-06 3.4874777e-06 5.979207e-06 1.8411239e-06 1.0113571e-08 1.5646709e-06 0.0098237535 0.00013346403 9.4426406e-07 3.3300586e-07 1.2900776e-06 3.0318387e-07 2.3955452e-05 3.0908009e-06 4.268469e-05 1.9611103e-07 1.3028447e-06 1.1853176e-07 3.7510382e-08 0.0028532615 4.3772516e-08 1.8988291e-07 2.2239654e-07 7.5749355e-08 0.0011335672 8.063278e-06 2.3806152e-08 3.0750724e-07 0.00088342687 4.954174e-07 1.7481994e-05 0.003098077 0.0029812374 3.5666037e-08 9.180585e-05 9.7150405e-05 5.2645055e-07 3.333646e-07 0.002992984 1.3003192e-07 9.717139e-08 3.544888e-06 1.04741375e-07 0.00042157935 3.0934913e-07 0.000118593576 2.3873656e-06 1.6969738e-08 1.0490147e-06 1.9324432e-07 6.168348e-08 8.1542294e-07 4.0495243e-06 3.4905667e-09 1.5657823e-05 6.9927014e-06 0.001467627 0.0003502919 2.9276914e-09
0.6034536 0.68608177 0.99145323 0.24646333 0.6347842 2.4089294e-12 0.28901744 0.31016183 0.12718458 0.0012057592 0.0014112436 0.99783283 0.010033511 0.0003968472 0.00038937732 0.2586238 0.0007590748 0.64019257 0.029940385 0.0032375841 4.5109155e-06 0.0002784623 0.042097434 9.8315744e-05 1.4132962e-05 0.002622072 8.018777e-06 0.00038885 2.1160178e-05 3.8314633e-05 4.080919e-06 6.7848237e-07 0.008315478 1.2549029e-06 2.0222884e-05 2.7774607e-07 1.716266e-05 0.00077825465 2.2898566e-06 5.2886444e-05 7.4293195e-05 3.3963518e-06 5.2743726e-06 7.3476474e-07 1.3457636e-06 3.349826e-07 3.804065e-07 1.0698684e-07 0.019894244 0.00044597246 2.7108683e-07 1.5479278e-06 1.1305555e-06 4.21668e-07 1.8038998e-05 2.6371022e-06 4.4747416e-05 3.5396735e-07 4.360121e-06 1.2625147e-06 6.6717635e-06 0.0019185795 1.8533637e-08 8.471753e-08 3.0142626e-06 9.613589e-08 0.026651517 7.6755205e-06 1.9031458e-07 2.329597e-06 0.0019213717 1.6622845e-06 0.00012937578 0.045045823 0.013885135 1.7489882e-07 0.00016033946 5.3202613e-05 3.6227058e-07 1.3402499e-06 0.0045112898 1.6020687e-07 1.1393389e-06 1.4626269e-05 7.4069185e-08 0.00016789656 5.153398e-07 1.0686123e-05 1.6336493e-05 1.5616298e-08 2.5844108e-07 9.871776e-07 1.4704548e-07 2.0477007e-06 1.2846148e-07 3.365322e-08 4.631536e-07 5.9283127e-07 0.0031795907 7.961798e-05 5.0804232e-08
0.89566 0.98458326 0.4608765 0.8148354 0.6668818 0.28901744 1.62015e-12 0.89325815 0.28974995 0.66488564 0.87709975 0.006040977 0.071412936 0.025778484 0.019808734 0.9673283 0.008866109 0.0011958655 0.7952261 2.3350333e-06 0.0045008925 0.07167197 0.00022387349 0.010812594 0.00053982646 0.35787296 0.00054533745 0.046754934 0.00035359673 0.00031425714 8.4387066e-05 2.4038847e-05 0.0020516024 5.381661e-05 1.5820802e-05 8.977257e-06 0.00024722848 0.06868415 2.7974513e-05 2.6563977e-05 0.00051108276 4.1929532e-05 4.271439e-06 1.2796287e-05 2.1648655e-05 8.162271e-06 8.132034e-07 3.4772984e-06 0.084733434 5.048484e-06 6.772993e-07 2.0930831e-07 3.9909914e-06 2.5985012e-06 4.8737142e-08 9.374141e-06 0.0018463577 2.3235598e-06 5.2333893e-05 1.0259209e-06 1.0648858e-05 0.020360524 9.018824e-08 1.9650052e-08 2.3787126e-05 3.742443e-07 0.015772928 9.979534e-07 1.4318271e-08 8.6912564e-07 0.009839197 3.841241e-06 4.9779132e-06 0.011142557 0.013244594 4.984281e-07 0.00021399777 0.0007350585 4.4613745e-07 1.345229e-07 0.0031140207 5.1767636e-08 5.2266778e-08 4.2481493e-06 3.985691e-07 0.0009381394 1.4933897e-06 8.93419e-05 3.501905e-08 2.5932416e-09 1.1028022e-06 6.071339e-08 4.7446314e-09 1.3227753e-07 7.184412e-07 1.22753e-07 2.7984306e-05 3.4770067e-06 0.004481411 0.00082981016 2.4489939e-08
0.97410077 0.8075191 0.9909299 0.3510294 0.097794876 0.31016183 0.89325815 8.530807e-12 0.02733473 0.011731145 0.046316497 0.007710271 0.010745036 0.0023275574 0.000933975 0.9640281 0.0003451357 0.00013702312 0.29045048 2.421804e-06 0.00013008743 0.0042414744 7.0749775e-05 0.00054820767 3.741865e-05 0.10521589 1.0990116e-05 0.004141115 1.7462333e-05 4.873712e-05 1.8274217e-06 1.5038707e-07 9.004896e-05 9.55064e-07 6.94745e-07 1.3566347e-07 3.6464877e-05 0.04001698 1.2211374e-05 8.320157e-07 9.981523e-05 1.4337354e-05 1.9701213e-07 1.4292644e-07 7.391553e-07 1.0556489e-07 2.9307659e-08 1.7820456e-07 0.37061748 1.5204338e-06 5.9228956e-08 1.689088e-08 7.589687e-08 3.6074965e-08 2.08511e-07 3.414781e-07 6.755492e-05 1.9313184e-08 2.9772025e-06 3.9241526e-09 5.0088282e-08 0.0043614204 1.977272e-09 3.9256203e-09 3.6303616e-06 1.5371462e-08 0.1267781 8.6799e-07 5.2143708e-08 7.8230556e-08 0.0070110178 1.0580032e-07 4.0718533e-06 0.10692512 0.07804997 9.70584e-08 1.5875772e-05 2.4085542e-05 4.245006e-08 7.322762e-08 0.017846053 7.17884e-08 5.4024532e-08 9.138071e-07 7.948161e-08 0.00015775867 2.9064001e-08 1.0565408e-06 2.315691e-06 9.254803e-09 4.7428777e-08 6.0151666e-09 4.9173668e-08 9.197529e-08 1.6449422e-06 4.0700425e-07 3.1948264e-07 4.7502435e-06 0.033699945 0.00025725277 1.583458e-09
0.24343027 0.60529876 0.062706456 0.90657264 0.97785175 0.12718458 0.28974995 0.02733473 1.1687635e-12 0.0048666275 0.0014363932 0.00017071547 0.979319 0.2683865 0.2781686 0.07672426 0.1796447 0.98128337 0.044544317 0.00014941946 4.1685755e-07 0.005817948 0.0007455563 0.002811002 0.0065682395 0.006840306 5.3036706e-07 0.0011004149 6.7593144e-05 4.4494776e-05 3.8740127e-06 5.3852264e-06 0.14376503 4.5019456e-06 2.3711953e-05 3.6138547e-07 0.00016890978 0.0012919867 2.4136336e-05 0.0019334591 3.8530972e-05 2.1991731e-05 9.84678e-06 1.3673056e-06 1.84701e-06 7.6170056e-07 3.9368697e-08 3.6122287e-07 0.002884033 0.00016120437 3.2236966e-07 3.042142e-06 8.5441735e-07 1.9333501e-07 3.7825554e-05 4.7934027e-06 2.1256088e-05 3.0179686e-07 2.373849e-07 2.7689367e-07 4.5955083e-08 0.0002799174 4.962451e-08 5.4139857e-08 1.2427255e-06 5.018508e-07 5.593353e-05 4.5636925e-06 9.76349e-08 1.9609568e-07 0.00022817429 2.7103715e-07 0.00014662911 0.00019834167 0.0005891116 3.5843346e-08 0.0001061925 8.753987e-05 4.051336e-06 3.7433782e-07 0.0021711998 5.2149403e-07 2.7411286e-07 1.0775724e-06 2.1203396e-06 0.00010466993 9.688467e-07 0.0001201578 1.8550844e-06 4.5506667e-08 1.276646e-05 1.2530182e-06 2.7207022e-07 7.3260445e-08 6.6076573e-06 4.5666305e-08 0.00012545344 2.508412e-06 0.0006435077 0.0002680772 4.2635047e-09
0.92455715 0.55742675 0.0065047313 0.4052851 0.015168481 0.0012057592 0.66488564 0.011731145 0.0048666275 2.0475662e-15 0.995616 5.0583394e-06 0.0038571835 0.00401932 0.9515358 0.4995491 0.41140237 0.00011202704 0.8760518 2.9298269e-08 0.06738085 0.5699587 1.5940463e-05 0.3848642 0.21014024 0.64025617 0.0013311269 0.42179516 0.03774935 0.031672053 1.1487178e-05 0.00064670807 4.565876e-05 2.5021536e-05 1.3983768e-05 3.3513916e-05 3.4125108e-06 0.13104048 1.3876686e-06 1.4470053e-06 0.009345306 5.325759e-07 0.00014624519 0.0005427445 0.00063313753 3.3035295e-07 1.1848798e-06 2.103565e-07 0.019801289 5.157201e-08 1.4271002e-07 4.317794e-06 0.0001414304 3.9938757e-05 8.903446e-06 3.740531e-05 0.009052924 1.4916005e-06 0.00079508533 3.0833874e-06 9.353481e-05 0.023934362 1.4138723e-08 2.1917788e-08 0.00046075755 9.0209693e-07 0.0025238018 1.425945e-07 6.125644e-09 1.913002e-06 0.0071750036 1.9229186e-05 6.7512965e-06 0.0015928223 0.005003319 6.128572e-07 4.8712076e-07 0.0035579463 1.2394149e-08 4.2587502e-09 0.0039532925 7.927384e-09 5.0742205e-10 1.3291048e-08 2.868295e-07 0.0027870699 9.802587e-07 0.0006622868 1.4520829e-06 9.612783e-08 2.4011604e-05 2.3586134e-08 3.999772e-09 1.6853074e-11 1.6493248e-08 1.91378e-11 0.00048711454 0.00029543327 0.014642348 0.0033160227 1.0671304e-09
0.8844304 0.6565509 0.010750433 0.2204013 0.005374258 0.0014112436 0.87709975 0.046316497 0.0014363932 0.995616 1.5801497e-15 4.1607336e-06 0.00032567562 0.00018044357 0.4314576 0.8442936 0.022991609 4.2798372e-05 0.96344596 2.6734087e-08 0.050561603 0.45652878 7.0731385e-06 0.23077025 0.024370093 0.72319627 0.0004721262 0.40723324 0.008094459 0.006089652 7.0455903e-06 8.509582e-05 1.5660078e-05 3.3629062e-06 9.3207484e-07 7.7920924e-07 1.5860207e-06 0.24594961 3.965948e-07 6.51945e-08 0.005653228 1.3377424e-07 2.1155052e-05 0.00014253518 0.00015632586 5.260064e-07 1.2989508e-07 1.0877055e-07 0.07456581 3.287032e-08 4.5276803e-08 3.152433e-07 1.5217459e-05 4.720686e-06 1.6860688e-06 1.0331301e-05 0.009020993 3.432605e-07 0.00048255414 4.3920315e-07 3.8726437e-05 0.029627437 1.2425559e-08 2.3538677e-08 0.00020909955 8.825123e-08 0.013561396 1.8154057e-07 7.537302e-09 4.801686e-07 0.009559964 4.518969e-05 2.7964682e-06 0.00732197 0.016431065 2.2320013e-07 4.8108757e-07 0.0022836947 1.362761e-08 1.1717769e-08 0.0040057697 6.0632925e-09 1.933481e-09 5.2045436e-08 3.2017574e-08 0.0026418786 2.3559193e-07 0.00013191617 2.9745956e-07 2.2858895e-08 1.1936827e-05 1.6320042e-08 4.9634807e-09 4.560481e-10 1.0291414e-07 1.0867997e-10 8.750055e-05 0.00021623413 0.0097519765 0.0026289965 3.5325005e-09
0.024441984 0.008020511 0.533577 0.00069851935 0.010705382 0.99783283 0.006040977 0.007710271 0.00017071547 5.0583394e-06 4.1607336e-06 1.113336e-15 8.314403e-06 6.520783e-07 4.1613443e-08 0.0012324709 1.9489502e-07 0.015660355 5.5956258e-05 1.4798383e-05 1.3190332e-08 1.722137e-07 0.9998229 1.26032145e-08 2.229526e-10 3.3332915e-06 3.9237808e-08 1.1466699e-07 3.3940362e-10 1.036006e-09 1.2719688e-08 3.463824e-10 3.5465702e-05 6.359453e-09 1.619419e-07 1.7073286e-10 8.716902e-08 1.5776963e-06 1.5113505e-08 8.6146935e-07 5.5187243e-08 1.458008e-08 5.417234e-10 5.332879e-11 6.1469045e-11 1.5052509e-09 1.8102386e-10 9.1938174e-10 0.0048376205 9.764552e-08 2.586864e-09 1.6470188e-10 5.6097016e-10 2.6908967e-10 3.081162e-08 1.9534794e-09 3.2491507e-09 3.1289699e-10 7.4800266e-10 6.54662e-10 3.8810377e-10 1.2153371e-06 4.52242e-10 4.4959494e-09 5.6215397e-09 2.3792248e-09 0.023899047 1.09403906e-07 6.886275e-09 1.4834336e-08 1.4794099e-06 2.2839959e-10 2.4220316e-07 0.019143747 0.0012330851 9.18923e-09 7.778383e-06 2.7346674e-08 1.6385227e-08 4.9671742e-09 0.00042015233 4.234201e-09 2.008196e-08 9.558002e-09 1.5982625e-09 3.16044e-07 1.3797936e-11 9.737946e-10 2.0759671e-07 2.2283271e-10 5.2899147e-11 1.8679238e-09 5.294409e-10 1.9731692e-09 1.3972083e-08 3.7401324e-10 7.590501e-11 2.7706613e-09 0.0012093418 1.3634995e-06 7.1422743e-09
0.5355179 0.2777811 0.01102498 0.846499 0.51688766 0.010033511 0.071412936 0.010745036 0.979319 0.0038571835 0.00032567562 8.314403e-06 1.5515714e-11 0.9856393 0.34918153 0.038865432 0.48086923 0.9527725 0.014470814 7.414435e-05 9.211192e-07 0.011006479 0.00044680815 0.0063035744 0.010048079 0.0019398967 1.8236855e-06 0.0011876329 0.0001396131 4.7318754e-05 7.4787e-06 1.6467748e-05 0.67968893 7.080428e-06 0.00013131382 6.252214e-07 0.004996344 0.001729378 0.00011034935 0.0055442466 6.775584e-05 0.00034249475 1.268176e-05 5.0941876e-06 1.1781355e-05 1.5671798e-06 2.0888118e-07 8.175752e-07 0.0010848936 0.0010358451 1.2219586e-07 4.522709e-06 3.854694e-06 8.361935e-07 0.001388365 1.4591718e-05 0.00011514561 1.127945e-06 3.4305551e-06 2.3838913e-06 1.7632489e-07 0.0012776022 5.349697e-08 1.4414037e-08 1.6292975e-05 1.1141716e-06 7.961976e-06 1.0030137e-05 1.5870563e-07 1.2788961e-06 0.0024491486 6.7386145e-07 0.0013667003 2.0598922e-05 0.0002996438 1.7912985e-08 0.00027994358 0.0001494414 1.163802e-06 1.966176e-07 0.0040584574 3.2007577e-07 3.6596285e-07 1.9288132e-06 2.9439556e-07 8.5918684e-05 3.2512257e-06 0.00023131991 7.99932e-05 2.1231983e-08 4.9010514e-06 4.3803134e-06 8.2262325e-08 1.1957005e-07 2.8342718e-06 8.76231e-08 6.628306e-05 6.650273e-06 0.0014427854 0.00046537636 2.0936919e-09
0.7446947 0.07988409 0.002106435 0.49468356 0.052549556 0.0003968472 0.025778484 0.0023275574 0.2683865 0.00401932 0.00018044357 6.520783e-07 0.9856393 1.0065153e-12 0.6331496 0.009791643 0.96227276 0.3747855 0.004470513 2.8037437e-05 1.3903557e-05 0.042915504 0.00025933495 0.02011898 0.16875346 8.733948e-05 0.00049281836 0.0026835373 0.011920596 0.001971266 0.00016962814 0.00035100285 0.9909261 0.0001493018 0.0041933656 1.6540702e-05 0.26244843 0.00092570204 0.0057975985 0.053665295 0.00024803163 0.023524262 1.2978871e-05 1.4561648e-05 1.6077991e-05 1.838365e-05 1.927266e-07 4.2072106e-06 0.0005544368 0.0075104465 3.0448285e-07 2.2699749e-06 5.399028e-06 1.3433273e-06 0.04304071 1.2437516e-05 0.00012975872 7.7677413e-07 2.282707e-06 1.7805261e-06 1.0444119e-06 0.00405112 2.9159837e-08 1.2971749e-08 6.682385e-06 1.6879624e-06 0.00014744156 4.110262e-05 6.751357e-07 7.672838e-07 0.0007727588 1.110121e-06 0.013684296 0.00012445901 0.0009229808 9.895872e-08 0.0007875163 0.00020479976 1.055448e-06 1.4332745e-07 0.00031280276 6.340463e-07 3.7139495e-07 7.7603676e-05 3.8261883e-06 0.00038114484 6.555761e-06 0.00012556955 0.000675877 1.2473603e-07 3.173854e-05 2.5231493e-05 3.2686873e-07 4.2185525e-06 6.5562235e-06 6.674258e-08 9.378862e-06 5.914184e-05 0.00033544438 0.00063966523 5.8458028e-08
0.97890764 0.038090274 0.00036195462 0.6267836 0.08510475 0.00038937732 0.019808734 0.000933975 0.2781686 0.9515358 0.4314576 4.1613443e-08 0.34918153 0.6331496 3.474866e-15 0.09690412 0.9803696 0.0012263168 0.24066643 1.582942e-07 0.36611503 0.7892174 2.3580358e-06 0.533353 0.8708945 0.13536456 0.3799785 0.3922554 0.4090782 0.1505739 0.00042396283 0.0032708626 0.09437716 0.0004664011 0.012648118 0.0002803526 0.225659 0.12215985 0.032701276 0.011844845 0.035689324 0.017205048 0.00012969214 0.0027302664 0.0010261314 2.630302e-05 6.412098e-06 4.442102e-06 0.0063936333 0.00012559374 1.680088e-08 1.8298282e-06 5.33349e-05 1.0465062e-05 0.0029645085 3.8193477e-05 0.02443304 6.245697e-06 0.0023242359 2.9628052e-06 6.1183004e-05 0.01969805 8.7156884e-08 9.606065e-10 0.0007103393 2.7279548e-06 0.00084153324 0.00043391393 1.3420967e-08 1.8558832e-07 0.011664243 4.0654573e-05 0.006214674 0.0009122308 0.0030288552 8.522509e-09 0.0019851502 0.0054487456 1.8444902e-07 4.8406868e-08 0.0038736677 1.4506288e-07 1.2407484e-07 4.451224e-06 2.6706617e-08 0.0035730796 8.8493573e-07 0.0010280384 3.3370766e-06 1.11440315e-10 1.3831736e-06 4.13596e-08 2.6154146e-10 1.7335884e-08 3.5910666e-09 3.495735e-10 0.00042387468 5.1613664e-05 0.001825585 0.0037295532 2.2693891e-09
0.9882103 0.8267444 0.5469687 0.6779634 0.20601751 0.2586238 0.9673283 0.9640281 0.07672426 0.4995491 0.8442936 0.0012324709 0.038865432 0.009791643 0.09690412 1.01244113e-13 0.004980573 0.00010933753 0.82726383 6.3581194e-07 0.0062973406 0.20425509 8.663972e-05 0.0109308185 0.00046959808 0.7051536 0.00014411469 0.04260397 0.00010858861 0.00025172622 3.7801985e-06 5.0271547e-07 0.00012921463 2.5481497e-06 8.8344154e-07 4.236378e-07 2.9387382e-05 0.29526818 6.6487255e-06 2.8482834e-06 0.0002625779 2.717493e-06 6.624743e-08 2.0981896e-07 2.1583626e-06 9.2462855e-08 1.798656e-08 1.9100963e-08 0.3674853 5.200622e-07 1.3396339e-08 5.3377787e-09 6.153448e-08 9.2713975e-08 1.3779989e-07 2.5093184e-08 0.00056245277 5.837332e-09 3.0788844e-05 3.2016137e-10 1.7389293e-07 0.05559243 5.9759736e-10 6.504501e-10 4.76342e-05 8.85881e-10 0.15795453 1.5662214e-07 9.074934e-09 3.5782897e-08 0.045038927 2.1521193e-07 3.5211442e-06 0.06361724 0.14603193 9.635802e-08 0.00014261498 0.00022186326 4.498231e-09 1.6013139e-09 0.032406982 1.6124616e-08 1.0347091e-08 1.0070177e-06 1.5703366e-08 0.0013379818 7.626771e-10 6.5402182e-06 1.1078092e-06 9.1057045e-10 3.230704e-09 1.2803036e-07 2.3016481e-08 5.6413704e-08 1.6714072e-08 2.2902055e-08 2.3054886e-06 8.52416e-07 0.040859677 0.0023392413 4.328746e-09
0.9513956 0.011346044 9.808685e-05 0.3823276 0.03329784 0.0007590748 0.008866109 0.0003451357 0.1796447 0.41140237 0.022991609 1.9489502e-07 0.48086923 0.96227276 0.9803696 0.004980573 3.8278188e-14 0.004418797 0.0139993485 7.5494967e-07 0.021443957 0.18474187 8.404697e-06 0.10315171 0.69111955 0.005140624 0.87213755 0.053003173 0.17924368 0.06289232 0.051818002 0.018276004 0.47395343 0.003514115 0.46355692 0.0014266525 0.93399495 0.0052047507 0.43458304 0.1202691 0.0042215614 0.19704157 0.0007841607 0.0036602134 0.0015810628 0.0005125063 3.3107615e-05 0.00012801176 0.00048215163 0.0037650072 2.1690483e-05 2.8987979e-05 0.00019381306 0.00014507804 0.100868225 0.0001760244 0.0021270667 2.5432733e-05 0.00024533 6.6329494e-06 1.0696614e-05 0.0012843981 2.1085832e-06 7.676106e-08 6.7099754e-05 7.921925e-06 5.1737163e-05 0.0028905561 8.378407e-06 1.0571706e-06 0.0012892506 1.8914572e-05 0.13563272 0.0002923494 0.00046396093 1.6499344e-07 0.029420137 0.0010618465 1.3577537e-06 2.5104762e-07 0.0009921062 6.0085335e-07 3.233673e-07 0.00013967023 7.918337e-08 0.0009917326 3.007301e-07 0.000114332914 0.0006494544 1.159405e-08 1.9495276e-06 6.2516083e-06 3.940323e-09 5.436008e-07 1.2466438e-06 4.485895e-08 0.00023569699 2.9435516e-05 0.0003288782 0.0021108068 3.661735e-08
0.00019267561 0.007408979 0.0010519256 0.05806923 0.94087297 0.64019257 0.0011958655 0.00013702312 0.98128337 0.00011202704 4.2798372e-05 0.015660355 0.9527725 0.3747855 0.0012263168 0.00010933753 0.004418797 1.4276855e-18 0.00010388025 0.9999918 3.7263721e-06 0.00016274706 0.052395053 5.8577484e-07 4.325682e-06 2.2296805e-05 1.4958912e-06 1.755343e-05 1.9525235e-06 3.3360582e-06 2.0063505e-06 1.7162339e-06 0.48797336 5.3061245e-07 1.978187e-05 9.559794e-08 0.001347464 5.3490316e-05 1.3206979e-07 0.0017193318 9.934345e-05 3.2939723e-05 1.0245366e-06 2.3453617e-06 9.36324e-06 6.9141566e-07 7.734123e-09 8.673251e-08 0.00013979043 0.0023692332 4.779341e-07 7.155641e-08 1.306699e-05 3.7129882e-06 8.266699e-05 2.0711846e-06 0.00011684639 3.0893418e-08 1.504801e-06 6.912743e-08 4.486129e-07 3.8066533e-05 1.442757e-08 1.7964521e-07 2.6422538e-07 1.8404004e-08 8.4631865e-06 1.9391011e-06 2.887269e-10 3.3168654e-08 0.00039543217 1.8825742e-07 0.00011323717 8.4773916e-07 4.5592683e-06 7.764952e-10 3.0282254e-06 2.5576895e-07 5.028603e-07 3.9183657e-08 2.5675703e-05 1.5138222e-09 9.879837e-09 7.507e-07 3.077114e-09 1.2692099e-06 4.9215777e-07 7.954846e-07 8.754325e-06 2.3409805e-09 5.835239e-07 1.7610665e-06 2.7098483e-08 3.4965524e-08 1.1276551e-07 4.9728808e-09 5.8455466e-06 4.2376632e-07 4.0208033e-05 1.1105134e-05 8.25158e-08
0.9629524 0.39286622 0.07172413 0.57084733 0.13015673 0.029940385 0.7952261 0.29045048 0.044544317 0.8760518 0.96344596 5.5956258e-05 0.014470814 0.004470513 0.24066643 0.82726383 0.0139993485 0.00010388025 6.6467746e-13 4.7120923e-07 0.10127195 0.620112 2.0157111e-05 0.15127939 0.0022650533 0.9794057 0.00082272803 0.44274178 0.0008416022 0.003345904 3.322249e-05 1.7598051e-05 0.00014274521 1.6593458e-05 6.0008974e-06 8.884921e-06 5.64358e-05 0.6075499 2.335197e-05 6.9921352e-06 0.016350336 1.4716993e-05 3.589699e-06 1.716094e-05 0.00019714513 1.4195971e-06 1.8475728e-07 5.0924564e-07 0.1325799 4.325977e-07 2.440129e-07 1.2395822e-07 5.15728e-06 8.346658e-06 5.3651366e-08 4.746879e-06 0.024764568 6.3003733e-07 0.00056787627 4.487992e-08 1.2644757e-05 0.08198193 1.7641225e-08 6.4194605e-09 0.00024688023 2.1747804e-08 0.049424987 8.648172e-07 1.2191783e-08 2.9602253e-07 0.04562345 1.9190787e-05 1.1009449e-05 0.016084755 0.07136368 3.159783e-07 0.00077515875 0.0017341337 4.858743e-08 1.4383389e-08 0.025676373 4.656504e-08 3.086038e-08 9.890034e-06 6.903704e-08 0.0044313134 2.7512297e-07 0.00020730756 1.6399971e-06 9.781828e-09 1.227128e-06 8.894403e-07 1.7041746e-08 1.2339466e-07 1.4561301e-07 8.574522e-09 0.0003695324 4.488093e-05 0.012563892 0.0065934663 6.860805e-08
2.5753259e-06 2.077269e-06 3.2932292e-06 3.885718e-05 0.0003791371 0.0032375841 2.3350333e-06 2.421804e-06 0.00014941946 2.9298269e-08 2.6734087e-08 1.4798383e-05 7.414435e-05 2.8037437e-05 1.582942e-07 6.3581194e-07 7.5494967e-07 0.9999918 4.7120923e-07 8.849171e-24 3.9155226e-10 3.6954628e-08 0.9999992 1.4421105e-08 4.9847038e-09 5.6452883e-08 4.290603e-10 3.678115e-08 6.5784036e-09 6.862543e-09 6.55747e-09 2.1085964e-09 0.0013623994 1.2990394e-08 1.689282e-07 1.5540068e-10 8.4919884e-07 6.743159e-07 8.790293e-09 8.148932e-06 1.7884634e-06 2.2844438e-07 3.8269015e-09 4.1880805e-09 8.344036e-09 1.2487653e-10 1.7091376e-09 1.6361072e-10 9.3786065e-07 6.1261217e-06 3.3710812e-10 1.3543389e-09 5.53046e-09 5.3752434e-09 2.1481289e-07 6.94688e-09 1.0241497e-06 7.075384e-10 1.7695152e-07 2.976149e-10 7.841007e-09 9.647061e-07 1.0343489e-10 7.589042e-10 2.0800364e-08 9.359802e-10 1.2981161e-07 1.2827033e-08 6.9918835e-11 4.2394213e-09 2.0378332e-06 2.4231264e-09 1.6625174e-06 1.6474697e-08 2.7034187e-06 3.7646635e-12 6.451834e-08 1.6621331e-07 4.7721125e-09 4.7426923e-10 1.550248e-07 2.0435918e-10 2.8312996e-10 1.6958145e-09 5.9537396e-11 7.2753414e-07 3.0378772e-10 6.615261e-08 1.3645922e-08 4.635473e-13 3.1786077e-10 3.1161305e-09 8.952375e-12 3.3127313e-11 3.203515e-09 1.2477218e-11 4.5441876e-08 6.8031922e-09 6.89937e-07 1.0656425e-07 4.1019146e-10
0.6367238 0.0013346919 8.0845675e-06 0.0004127845 4.743168e-06 4.5109155e-06 0.0045008925 0.00013008743 4.1685755e-07 0.06738085 0.050561603 1.3190332e-08 9.211192e-07 1.3903557e-05 0.36611503 0.0062973406 0.021443957 3.7263721e-06 0.10127195 3.9155226e-10 2.0142129e-17 0.9905109 1.8816822e-07 0.9502371 0.9452196 0.060072884 0.015977971 0.6403802 0.82986546 0.73281777 2.5430889e-05 0.012871352 1.3429444e-06 2.214007e-05 1.2347172e-06 0.00018146036 1.551184e-07 0.06725236 2.45078e-07 7.688513e-07 0.414834 4.9888246e-08 0.00038268094 0.011921169 0.0071831685 1.9704727e-07 2.4115157e-06 1.0481737e-06 0.008906168 7.510265e-09 6.536754e-07 2.3648605e-05 0.00036520127 0.00019094134 4.345023e-06 0.0003765436 0.09113174 3.260857e-05 0.026464632 1.7446686e-05 0.0018445028 0.04969458 5.204256e-08 8.4534975e-08 0.0021205673 1.6741673e-06 0.0025633366 2.1052298e-08 2.624418e-07 3.7552732e-06 0.009479486 0.0014581243 1.8408335e-05 0.0012821531 0.0048360736 4.247872e-05 9.543667e-07 0.0043565356 2.543643e-08 2.2186217e-08 0.0020929088 1.9106972e-08 1.3144817e-09 6.437191e-09 1.6316191e-07 0.0020726665 3.3876066e-05 0.0006672941 2.072037e-07 1.5143602e-08 3.531861e-05 2.8415599e-08 2.0902176e-08 2.2988908e-10 3.1427597e-08 8.767411e-11 0.00043667556 0.00037025768 0.0015610344 0.0019942499 5.654478e-09
0.8317864 0.02007538 0.0009641902 0.10067264 0.0059456755 0.0002784623 0.07167197 0.0042414744 0.005817948 0.5699587 0.45652878 1.722137e-07 0.011006479 0.042915504 0.7892174 0.20425509 0.18474187 0.00016274706 0.620112 3.6954628e-08 0.9905109 1.0537385e-13 1.2536506e-06 0.97483635 0.7128826 0.5178129 0.060652878 0.8440044 0.5413269 0.49336854 6.0648425e-05 0.0012344901 2.7072254e-05 5.9462454e-05 0.00090304046 8.054197e-05 0.004439225 0.4313821 0.0011660362 2.1840264e-05 0.19565845 0.00025303703 3.1470354e-05 0.00050599995 0.001199283 4.8546444e-06 9.4710674e-07 5.286116e-06 0.02353174 9.215215e-07 2.5982583e-06 1.6545954e-07 3.3877746e-05 1.9607476e-05 4.0047647e-07 1.735457e-05 0.020858333 1.1503014e-06 0.0012180953 2.0206339e-07 5.813283e-05 0.05107353 1.2383333e-07 7.7334036e-08 0.00034711676 1.5778792e-07 0.0019453056 2.087394e-05 3.4366817e-08 1.20194e-06 0.018118976 6.1727886e-05 7.952919e-05 0.002443695 0.005019359 7.852252e-08 0.0004923059 0.002188622 2.1495592e-07 1.6460478e-07 0.0020262518 3.5934957e-07 5.9178934e-08 2.4307787e-05 3.405667e-08 0.001994268 3.8340656e-07 0.00018497687 4.4839965e-08 2.4000896e-10 1.809887e-06 6.5369727e-07 2.8830551e-09 5.212183e-08 6.581445e-08 9.188879e-09 7.980324e-05 6.3367326e-05 0.002768431 0.0021569522 2.0691795e-07
0.0004641993 0.00028998664 0.0006597545 0.00032977172 0.0043726927 0.042097434 0.00022387349 7.0749775e-05 0.0007455563 1.5940463e-05 7.0731385e-06 0.9998229 0.00044680815 0.00025933495 2.3580358e-06 8.663972e-05 8.404697e-06 0.052395053 2.0157111e-05 0.9999992 1.8816822e-07 1.2536506e-06 1.2081164e-18 3.4596167e-07 5.2226817e-08 4.64698e-06 8.801215e-09 1.922047e-06 1.5643613e-07 1.8688934e-07 3.8536754e-08 1.6902353e-08 0.0025073444 2.7601926e-08 1.2110573e-06 1.7016238e-09 3.1179397e-06 3.00779e-06 3.6900957e-08 9.921748e-06 3.905363e-07 2.6376136e-07 8.3673555e-08 2.366039e-08 2.5348333e-08 4.5203095e-09 6.324531e-09 8.7118734e-10 0.00029243084 4.1723346e-05 8.3449425e-09 2.7046278e-08 1.867262e-08 9.709001e-09 4.3106143e-06 1.5385394e-08 3.7688648e-07 4.367959e-09 2.4067612e-07 5.9020078e-09 5.465385e-08 2.9173541e-05 6.028958e-10 1.29609665e-08 5.5557955e-08 2.4300875e-09 0.00024964413 3.4055387e-07 4.270559e-10 7.66126e-08 1.6931677e-05 2.5428523e-08 1.6701462e-05 4.616306e-05 4.251471e-05 4.429952e-10 9.52559e-07 8.458438e-07 3.464323e-08 2.8231062e-08 2.1007765e-05 2.9282846e-08 2.469167e-08 3.4898495e-08 8.271595e-11 3.2823489e-06 4.1955883e-09 1.4038171e-06 9.000389e-07 9.414886e-12 7.350265e-10 1.1295251e-08 1.2622767e-09 8.534282e-10 2.2573488e-09 1.105754e-10 4.0859273e-08 1.4669174e-08 9.437977e-05 2.349064e-06 9.451911e-09
0.87530756 0.0016621872 0.00021007513 0.048305914 0.0022599127 9.8315744e-05 0.010812594 0.00054820767 0.002811002 0.3848642 0.23077025 1.26032145e-08 0.0063035744 0.02011898 0.533353 0.0109308185 0.10315171 5.8577484e-07 0.15127939 1.4421105e-08 0.9502371 0.97483635 3.4596167e-07 2.3268434e-12 0.48064363 0.18208078 0.063096054 0.9885576 0.44203103 0.47750813 8.951938e-05 0.006488741 2.860773e-06 6.801079e-05 0.0042542596 9.5871794e-05 0.008852296 0.19005004 0.0010825944 5.6171484e-06 0.31394422 0.00025823156 3.0147616e-05 0.00072656135 0.0026231662 7.4440964e-06 3.4585378e-07 2.4472736e-06 0.021505184 9.186343e-08 1.654582e-06 3.6940693e-07 1.4988451e-05 1.3033834e-05 1.494198e-07 1.5017869e-05 0.06188257 1.343444e-06 0.005240267 2.1810438e-07 0.000103776285 0.08416176 4.8854116e-07 4.3469832e-08 0.00088714046 1.11555536e-07 0.007409816 2.8331988e-06 5.0983497e-09 1.2120151e-06 0.03978264 0.0001389247 1.6238171e-05 0.0042380476 0.015723763 4.938835e-08 0.0002924674 0.0065846248 1.0526771e-07 6.4661e-08 0.0045215045 5.738795e-08 9.864741e-08 8.847446e-06 4.4927543e-08 0.0029855336 2.2142317e-06 0.000490323 5.977108e-08 2.6461395e-09 6.351247e-07 9.066443e-08 1.6136484e-09 1.2363414e-07 1.7192841e-08 4.3215276e-09 0.0003003104 0.00011537722 0.0036136175 0.0038542459 1.33304745e-08
0.9506174 0.000224571 1.0070508e-05 0.054920368 0.0033130392 1.4132962e-05 0.00053982646 3.741865e-05 0.0065682395 0.21014024 0.024370093 2.229526e-10 0.010048079 0.16875346 0.8708945 0.00046959808 0.69111955 4.325682e-06 0.0022650533 4.9847038e-09 0.9452196 0.7128826 5.2226817e-08 0.48064363 1.663134e-14 0.0037728609 0.901202 0.44923684 0.9758673 0.85649973 0.12882364 0.33185506 0.00037349312 0.08369023 0.32458258 0.12254883 0.2710612 0.01658761 0.23156922 0.00017743069 0.21970764 0.05917638 0.0029555091 0.026808059 0.031150188 0.0028239854 0.00019451967 0.00029981878 0.0006686353 1.1451865e-06 4.636663e-05 2.0080362e-05 0.00048556214 0.000188084 0.0009364732 0.00017906343 0.047784075 1.3213985e-05 0.014356907 3.0728281e-06 0.0009934653 0.012144469 1.6534299e-05 2.9606235e-07 0.0024769364 5.491804e-07 0.00013984536 0.0040100315 3.4376506e-05 6.255587e-06 0.003450643 0.00017163895 0.0049892585 8.33466e-05 0.0005145659 2.0837433e-06 0.004768327 0.005225321 1.0506377e-06 5.8603575e-07 0.0010987807 1.307824e-06 3.9553117e-07 5.2805706e-05 1.1371758e-07 0.0020834524 8.304276e-06 0.0005800273 5.84844e-06 9.962436e-09 2.6417588e-06 3.5516694e-06 1.1202221e-08 7.537259e-07 9.716842e-08 8.668054e-09 0.0006222437 0.00019914797 0.0008420141 0.0018940874 3.8249258e-08
0.9815573 0.12629946 0.026593294 0.2544522 0.027256481 0.002622072 0.35787296 0.10521589 0.006840306 0.64025617 0.72319627 3.3332915e-06 0.0019398967 8.733948e-05 0.13536456 0.7051536 0.005140624 2.2296805e-05 0.9794057 5.6452883e-08 0.060072884 0.5178129 4.64698e-06 0.18208078 0.0037728609 2.1867302e-12 0.00044287002 0.7456968 0.0018260813 0.008324929 2.5186633e-05 4.526962e-05 2.4196721e-05 1.2032101e-05 3.0083327e-06 2.5877785e-06 5.923775e-05 0.97257584 1.4710566e-05 1.51808e-07 0.051900886 1.5817423e-05 3.3674023e-06 4.4466015e-05 0.0002696513 2.8936477e-06 1.07360925e-07 3.5092916e-07 0.23699398 4.743867e-07 3.2348e-08 7.035961e-08 3.5567436e-06 1.8862772e-06 3.2284145e-08 3.092962e-06 0.059199676 5.892189e-07 0.002279043 3.9723734e-08 3.5605397e-05 0.2638272 1.379672e-08 3.4816767e-09 0.00077229174 2.6108369e-08 0.12349796 7.844666e-07 6.544413e-09 1.5169294e-07 0.16248965 5.0321818e-05 2.2624083e-06 0.023020215 0.26799914 4.1967175e-07 0.000873869 0.0072965627 6.930447e-08 1.2582582e-08 0.0538712 1.01812205e-07 1.1164068e-07 6.8301742e-06 1.0085491e-07 0.012469318 4.606586e-07 0.00038516519 6.822011e-08 5.0452127e-09 1.0544712e-06 6.328215e-08 4.083151e-09 8.843624e-08 4.057619e-08 5.439739e-08 0.00043691343 0.00018080238 0.036909726 0.015705794 2.0954268e-08
0.5011271 0.00030859266 2.5925112e-06 0.000196822 8.501461e-07 8.018777e-06 0.00054533745 1.0990116e-05 5.3036706e-07 0.0013311269 0.0004721262 3.9237808e-08 1.8236855e-06 0.00049281836 0.3799785 0.00014411469 0.87213755 1.4958912e-06 0.00082272803 4.290603e-10 0.015977971 0.060652878 8.801215e-09 0.063096054 0.901202 0.00044287002 2.3711255e-16 0.022864072 0.54704976 0.3410747 0.9820102 0.9250185 1.9934766e-06 0.95677596 0.46013018 0.9218115 0.00096861727 0.00014703309 0.0012942083 8.6908005e-07 0.01815515 0.00070331 0.11819059 0.122967556 0.11825006 0.095149845 0.04887559 0.0080496445 4.894696e-05 1.853218e-07 0.00078248215 0.0014583495 0.0008826024 0.00019065784 0.00038686226 0.0005580068 0.005890574 2.7432183e-05 0.0010585202 3.436874e-05 0.0001102715 0.002074665 8.7018975e-07 1.2124342e-07 1.8654602e-05 8.04395e-07 1.2608602e-06 0.00018728053 0.00094506063 4.9263276e-06 6.947001e-05 3.1274296e-05 0.00021313016 3.577268e-05 2.8209224e-05 4.193237e-05 6.741539e-05 0.0002606374 1.2467389e-06 1.0553107e-07 1.6840255e-05 4.6226646e-08 8.4037744e-08 7.0166993e-07 3.5633807e-08 7.807305e-05 1.718422e-06 3.1896663e-05 6.087768e-05 5.186132e-08 4.2507648e-07 2.9275435e-07 3.148003e-08 1.0574297e-08 3.274709e-07 2.2518047e-10 3.2025791e-06 2.226113e-05 3.977679e-05 5.4684173e-05 1.09692815e-08
0.9917374 0.008839721 0.0012959912 0.06073087 0.0026154725 0.00038885 0.046754934 0.004141115 0.0011004149 0.42179516 0.40723324 1.1466699e-07 0.0011876329 0.0026835373 0.3922554 0.04260397 0.053003173 1.755343e-05 0.44274178 3.678115e-08 0.6403802 0.8440044 1.922047e-06 0.9885576 0.44923684 0.7456968 0.022864072 5.7509687e-12 0.19616191 0.2854776 0.00037057296 0.009883092 3.308164e-05 0.0002367466 0.000435579 0.00021970969 0.00016408108 0.8308981 5.4086267e-05 2.169525e-06 0.64537686 2.1731561e-05 0.000104294086 0.0011572755 0.003353609 8.87373e-05 4.9610417e-06 1.8798384e-05 0.0837776 7.589705e-07 3.3990573e-06 1.8039849e-06 5.1443974e-05 3.4086028e-05 1.11750175e-07 2.8805678e-05 0.4518983 2.4472874e-06 0.025345279 2.777723e-07 0.0003924837 0.5558876 4.9334153e-07 1.9677366e-07 0.0048295637 1.9130815e-07 0.029239472 6.6307866e-06 1.39939536e-08 1.0886203e-06 0.25912425 0.0002527035 7.699557e-05 0.011480384 0.1464354 2.0200676e-07 0.0010750053 0.03983618 1.6781499e-07 1.4749561e-07 0.06640824 9.2695416e-08 3.3979634e-07 8.885895e-06 3.55742e-07 0.0414974 5.6596277e-06 0.0031723808 6.113564e-07 1.9875767e-08 5.1197912e-06 2.0296805e-07 3.6201516e-08 1.5370239e-07 1.5946284e-07 3.469441e-08 0.0015614729 0.0011016723 0.02243442 0.034758206 7.645192e-07
0.9461834 0.00010176868 1.786958e-06 0.0031396358 7.658284e-05 2.1160178e-05 0.00035359673 1.7462333e-05 6.7593144e-05 0.03774935 0.008094459 3.3940362e-10 0.0001396131 0.011920596 0.4090782 0.00010858861 0.17924368 1.9525235e-06 0.0008416022 6.5784036e-09 0.82986546 0.5413269 1.5643613e-07 0.44203103 0.9758673 0.0018260813 0.54704976 0.19616191 2.0173709e-12 0.9895757 0.18814789 0.8698506 7.700607e-05 0.14844102 0.2841341 0.22223297 0.08722741 0.027332326 0.113059 0.00010882114 0.5668437 0.016137164 0.020779822 0.19257468 0.2634071 0.02002991 0.0009256738 0.0020222084 0.0011735453 7.020501e-07 0.00032656168 0.00029665465 0.0049876436 0.001671527 1.5584796e-05 0.00065046916 0.12889595 9.442641e-05 0.10347784 7.479834e-06 0.0053208633 0.028167136 1.80123e-05 3.1421844e-06 0.010909626 5.515697e-07 0.0004389193 0.0028299694 6.579794e-06 5.777052e-06 0.010051181 0.00068054127 0.010890296 0.00024303625 0.0014889371 9.0252206e-07 0.00537041 0.020710103 3.7572572e-06 1.2871835e-06 0.0029199512 2.9595521e-06 1.2896803e-06 2.6420144e-05 1.09016675e-07 0.0037989975 1.3048223e-05 0.001933865 3.0713547e-06 1.6988942e-08 2.4485528e-06 0.00012957126 7.468696e-09 1.4114528e-06 1.1236123e-07 9.744849e-08 0.0025517268 0.0003293493 0.0015099727 0.004913517 1.6596351e-07
0.97234994 9.122015e-05 1.5731717e-05 0.0015889988 6.926011e-05 3.8314633e-05 0.00031425714 4.873712e-05 4.4494776e-05 0.031672053 0.006089652 1.036006e-09 4.7318754e-05 0.001971266 0.1505739 0.00025172622 0.06289232 3.3360582e-06 0.003345904 6.862543e-09 0.73281777 0.49336854 1.8688934e-07 0.47750813 0.85649973 0.008324929 0.3410747 0.2854776 0.9895757 5.023198e-12 0.055012394 0.6019284 6.840077e-06 0.058299586 0.1175251 0.06467911 0.04398807 0.14368151 0.045272145 4.360349e-06 0.94310975 0.0042526126 0.014323477 0.18763028 0.2649402 0.0050905095 0.00080729957 0.0007448724 0.0076593324 1.6321973e-06 0.00010219535 0.00021450798 0.006065601 0.0019059776 2.6566005e-07 0.0005861046 0.25696096 8.245465e-05 0.23530018 5.7386096e-06 0.011497165 0.10928008 1.413671e-05 1.2787278e-06 0.022972941 1.0691784e-06 0.00414494 0.0011337921 1.104933e-06 6.918673e-06 0.031762347 0.0020244871 0.002690819 0.0013520641 0.003163545 1.4356542e-06 0.0025437477 0.047888085 2.068188e-06 7.4522404e-07 0.0048353057 5.34774e-07 5.569883e-07 2.5302626e-05 6.7088834e-08 0.008667291 2.4795843e-05 0.0047655716 1.0492167e-06 1.09372555e-08 6.5342706e-06 1.1955944e-05 2.553467e-08 3.6562514e-07 4.577154e-07 1.8694297e-07 0.0025333895 0.0009948871 0.0034805483 0.009318638 3.0094025e-08
