3.5579993e-17 0.88630086 0.8922665 0.86575365 0.8889049 0.9443594 0.59466666 0.8408544 0.58112454 0.9020956 0.9018954 0.27200451 0.16599184 0.9679261 0.95553225 0.9337733 0.44045103 0.85116625 0.78949136 0.85366625 0.9112691 0.7911673 0.8778501 0.9507452 0.7666308 0.9574011 0.29800358 0.91225594 0.91139215 0.02209232 0.818512 0.7686262 0.9755976 0.8272733 0.44010556 0.96144074 0.92182916 0.004469916 0.97449994 0.0015253572 0.93579614 0.9119628 0.7412067 0.9696869 0.97716415 0.00075766846 0.81460345 0.0059751403 0.9135042 0.9614518 0.92499316 0.85222197 0.69992304 0.9055292 0.8572511 0.6798526 0.81889063 0.9898201 0.8603692 0.4695017 0.9189909 0.9950093 0.9380384 0.9900999 0.60263735 0.48469788 0.98958874 0.94539464 0.96470886 0.9383431 0.00013302044 0.9065437 0.82087207 0.77771586 0.5910452 0.8221939 0.9998436 0.7927319 0.10609143 0.6793015 0.007962076 0.25134292 0.99122953 0.005193035 0.9997001 0.11474906 0.59938985 0.2859248 0.0012534552 0.0014753848 0.6490681 0.9164208 0.030415416 0.737922 0.99999654 0.8199324 0.94747365 0.99886703 0.0037420103 0.9995888 0.28955007
0.88630086 7.903588e-17 0.98522526 0.98097223 0.9579221 0.6663405 0.24031362 0.5670428 0.050466526 0.023808455 0.43239078 0.43275258 0.10395821 0.08185968 0.00010489828 0.08262671 0.0010433249 0.14836627 0.0017938145 0.2979167 0.07212422 0.00048270443 1.538869e-05 0.2854631 0.0004105553 0.12920716 0.0005406162 0.0013382289 0.00044093796 0.00408405 0.0008096435 0.009481295 5.1770894e-06 2.022429e-05 2.4927527e-05 0.0112468675 0.0053988076 0.001346439 0.002680803 0.0022575657 8.180369e-05 3.2413547e-05 0.0007554855 0.0037100136 0.0645932 2.649684e-06 0.0002125026 1.8851617e-05 2.942531e-06 6.6171765e-07 0.00059218635 1.0416735e-06 0.00027249078 1.6596962e-06 0.00030379157 2.2707934e-06 4.1811774e-05 0.00040733587 7.573043e-08 1.6110824e-05 5.7339374e-08 0.00084382197 1.5854898e-08 0.00012374851 9.238204e-06 0.00034904302 0.010351855 3.0003312e-07 2.1890589e-08 0.00029110082 0.00030339285 0.011782244 2.3578973e-07 2.4801152e-06 3.710551e-05 1.6176662e-06 0.0003217583 2.2104274e-08 4.5808856e-06 4.3214786e-07 4.114735e-06 7.6986306e-11 1.1487069e-05 1.0936176e-05 0.007480342 2.6128794e-06 3.796355e-08 2.7398636e-07 0.00010721314 1.5546962e-06 3.4172442e-07 3.7330257e-05 1.860127e-09 3.6478022e-07 0.030657753 8.499264e-09 1.6491422e-08 1.8493437e-06 3.5123352e-07 4.019701e-06 1.1951698e-06
0.8922665 0.98522526 1.0229798e-16 0.98452437 0.78432864 0.6625051 0.19069983 0.7376483 0.051744707 0.011193707 0.5838119 0.27130523 0.07214148 0.20949322 9.421413e-05 0.09339711 0.00083160645 0.30137873 0.002083669 0.45367292 0.15244715 0.00089691783 4.8209487e-05 0.3856811 0.0003132649 0.14948316 0.0006419698 0.0010457097 0.0018440639 0.0037880046 0.0008454741 0.010261172 5.4954266e-06 2.8114364e-05 0.00023835643 0.011647531 0.003745564 0.001123629 0.0022160846 0.00092009106 0.00013672849 3.8311562e-05 0.0009461842 0.004785953 0.1222363 6.515826e-06 0.00022676532 3.1705596e-05 3.5410599e-06 1.0969571e-05 0.0007577039 2.1214296e-06 0.0003010953 1.4356167e-05 0.00024727208 6.280394e-06 7.0552625e-05 0.00028855214 2.6585874e-07 1.2182852e-05 1.8174037e-06 0.00036356694 5.992499e-07 0.00016566805 9.855719e-05 0.000568181 0.011001999 7.4061204e-06 5.7820375e-07 0.0002735471 0.00024178257 0.017854752 6.6682774e-06 3.7635261e-06 2.1737365e-05 1.0842278e-05 0.00039455848 9.1710723e-07 2.4655845e-05 7.796682e-06 1.0454767e-05 3.0074598e-10 9.162156e-05 5.1670053e-05 0.008119311 2.4679994e-06 4.561284e-07 3.0935712e-07 0.00029429805 4.6781856e-06 7.3023984e-06 0.000108419845 7.595277e-08 9.655e-06 0.048510995 6.7882087e-07 4.820783e-07 1.7903421e-06 2.1929018e-06 1.0132577e-05 3.5808364e-06
0.86575365 0.98097223 0.98452437 9.451926e-17 0.9363984 0.29066354 0.056072768 0.7479046 0.013938693 0.0012732828 0.36248147 0.33368045 0.05693841 0.22787938 7.545822e-06 0.048102885 0.0002214407 0.2415111 0.0005534088 0.43026856 0.16953506 9.080517e-05 2.1382293e-06 0.24914132 4.8580834e-05 0.21400031 0.00018412959 0.004684077 0.028290872 0.0030226496 0.00023369626 0.0035775122 3.691217e-05 6.79549e-05 0.000120432895 0.006579688 0.002644475 0.002135226 0.008448366 0.0016595094 0.0006858412 5.7305597e-06 0.00024274924 0.0016176973 0.07083655 2.319038e-05 6.2085186e-05 2.4842611e-05 3.5247237e-07 8.705156e-06 0.0023486626 2.1636084e-05 0.0001200357 1.5467953e-05 4.041914e-05 4.3643243e-07 1.8110844e-05 0.0011523438 3.9825375e-07 7.289839e-06 1.4796526e-06 0.00018257441 5.7412456e-07 0.00038187503 0.00011419638 8.048063e-05 0.016187135 2.3250693e-06 4.712025e-07 0.0001940694 0.00019551077 0.010685613 2.018888e-06 7.8949586e-07 5.010147e-06 1.1224257e-05 0.00016935998 1.446399e-07 3.1036286e-06 2.8507318e-06 1.1436215e-06 1.6396969e-10 5.1681436e-05 6.4701035e-06 0.0037144832 1.3606963e-06 3.8731793e-07 1.1986862e-07 0.00015389813 4.270814e-07 1.9432925e-06 0.00013565399 9.6198205e-09 5.3317785e-06 0.04058667 1.1657241e-07 9.73478e-08 6.556583e-07 7.566362e-07 2.8741222e-05 5.728442e-07
0.8889049 0.9579221 0.78432864 0.9363984 3.978319e-15 0.3397293 0.038708065 0.964477 0.008289338 0.0009368435 0.10452002 0.94804394 0.047005832 0.35992056 2.915431e-06 0.012625515 0.00034077954 0.29178753 0.00024173298 0.3001043 0.30575028 1.2928815e-05 1.1441462e-06 0.052860457 4.290086e-05 0.2168509 0.00026076296 0.012928915 0.29965943 0.0059472355 4.9969793e-05 0.0003583561 0.00023412523 0.00024544817 0.0006059741 0.0013130079 0.0021758783 0.030593354 0.009849415 0.016971342 0.0011424083 9.829578e-07 1.1385964e-05 0.0003201779 0.019981688 4.8613456e-05 2.8765203e-06 0.00018189332 5.5511347e-08 6.7598335e-06 0.0010670745 4.5481964e-05 6.198618e-06 1.9803632e-05 3.289086e-06 2.2103022e-07 5.632168e-06 0.0007444604 8.349576e-07 1.6544448e-06 9.4643684e-07 4.44282e-05 2.6385598e-07 0.0001162247 0.00017513058 8.491657e-05 0.010435285 5.3375784e-06 1.1706372e-07 0.00016118161 0.00045874654 0.0023837131 1.0730499e-06 2.086792e-06 7.0539096e-07 5.6183644e-06 0.00025764413 3.3056565e-07 6.9438276e-05 9.4158884e-07 1.670942e-06 5.4294713e-10 8.385618e-06 2.8268121e-05 0.0024708929 1.5154822e-07 2.53848e-07 2.6962889e-08 0.00044554097 7.036998e-07 1.2824343e-06 2.493278e-05 2.1674257e-08 1.091373e-06 0.025133276 6.337781e-08 1.1993521e-08 4.10029e-07 1.0402375e-05 3.245071e-06 8.423003e-07
0.9443594 0.6663405 0.6625051 0.29066354 0.3397293 2.3667403e-14 0.8577996 0.011824952 0.8724345 0.9411728 0.90305656 0.08432477 0.57544833 0.0048175547 0.25959626 0.28134277 0.40588993 0.010573609 0.3061008 0.021978332 0.0016351974 0.13204941 0.02364152 0.30423698 0.05622309 0.030286068 0.18581377 0.00012829188 0.00020848069 0.040711734 0.022599319 0.1624527 4.3308705e-06 1.0253424e-05 7.241216e-05 0.15988801 0.114012435 9.085308e-05 0.0001830282 3.550689e-05 7.2236444e-06 0.008778383 0.0070954175 0.014733735 0.10297459 1.6499604e-06 0.0037885143 1.8550456e-06 0.00022209634 3.048504e-07 6.5288485e-05 2.5939752e-08 0.0024507116 1.1770883e-06 0.0023129291 5.6696685e-05 0.0009803683 4.5027507e-05 3.319908e-09 0.00013547881 5.390431e-08 0.0021211598 3.9413173e-08 2.8059305e-06 1.2895475e-06 0.12165209 0.0020477155 1.7149111e-07 6.0847367e-09 0.0012696312 0.0001383348 0.014156907 2.83323e-07 3.3543718e-05 0.00014851608 3.3017656e-07 0.0007597118 6.2330137e-09 5.4560867e-05 6.012775e-07 9.9383156e-05 1.5828391e-09 2.1712545e-07 0.00078866654 0.0070177848 2.2103379e-05 3.974389e-08 1.2624479e-05 0.0197357 1.8949328e-05 1.0164491e-06 2.6047152e-07 2.8099926e-08 8.661287e-07 0.0081873005 7.463873e-08 1.8691686e-08 7.765987e-05 1.341196e-06 7.588312e-08 7.3256256e-06
0.59466666 0.24031362 0.19069983 0.056072768 0.038708065 0.8577996 1.236867e-15 0.01118829 0.99395937 0.5740298 0.11963221 0.15731516 0.93229896 0.0012903208 0.004540575 0.04324635 0.361808 0.0022589266 0.018501963 0.00456083 0.0010605648 0.0038502105 0.0012221755 0.05042722 0.00473478 0.00804494 0.11329369 0.00015107311 0.00015789142 0.10919085 0.001769098 0.007513043 1.3365304e-06 1.8631425e-06 3.0821454e-07 0.010668375 0.00936781 0.0010782582 0.00031526815 0.0026701095 1.1527971e-05 0.00020800247 0.00026776397 0.0019170998 0.020328604 2.745664e-06 0.00017142695 3.5256132e-06 6.457657e-06 4.0823926e-07 1.1785052e-05 1.15296785e-08 4.4363045e-05 1.7739533e-06 0.00011364371 9.843555e-05 0.00014029513 1.549243e-05 8.291712e-09 5.556551e-05 3.4499152e-08 0.00030314908 2.5945097e-08 4.1566404e-06 2.9250389e-06 0.029395675 0.001063425 5.9765725e-08 9.9088435e-09 0.00058185664 0.005969399 0.002598104 1.7336339e-07 1.2361305e-05 0.00025921257 8.9275284e-07 0.00030737225 1.1454824e-08 2.9293868e-05 6.496514e-07 8.1851846e-05 2.2536167e-11 3.5723178e-07 0.0011579953 0.001991661 1.3030751e-05 7.729997e-08 4.308259e-06 0.019182831 6.7701454e-05 9.367326e-07 4.71981e-07 1.6116583e-09 8.028116e-07 0.0033687358 1.6134807e-07 3.089807e-08 6.454788e-06 1.1129896e-06 4.4187811e-07 1.7818349e-05
0.8408544 0.5670428 0.7376483 0.7479046 0.964477 0.011824952 0.01118829 6.0500124e-15 0.0019502902 0.0005730131 0.042079274 0.5079941 0.006228282 0.98288137 1.3848957e-05 0.0061308094 0.0005394556 0.48653695 0.00064119854 0.3256852 0.49057516 0.00012381533 2.0084565e-06 0.023164803 0.00014632038 0.11567877 0.00021068225 0.25368172 0.6186449 0.00041240166 0.00011821181 0.0014349255 0.042723015 0.02749809 0.112706505 0.0009860364 0.0007979271 0.034922853 0.07121614 0.0014355174 0.015899152 8.167651e-06 0.00040830392 0.0010046795 0.015723193 0.00032548653 0.00010679861 0.002171 3.2752524e-07 0.0011476756 0.013659289 0.0013611136 7.228065e-05 0.00081125036 0.00015979298 9.976109e-07 1.906774e-05 0.008148532 0.00013247921 9.918408e-06 0.00013737363 0.0001030925 0.00017658816 0.0021555838 0.0014760904 3.7970014e-05 0.03245786 6.7106026e-05 1.1175871e-05 0.00012098084 3.0566993e-05 0.0053010443 5.818907e-05 4.4828253e-06 2.9111983e-05 3.9789844e-05 0.00015028707 5.684546e-05 0.0001440166 0.0001022049 2.1936117e-07 4.8088832e-08 0.00018496471 2.6553746e-05 0.004668597 1.069597e-07 2.5344273e-06 2.213233e-08 0.00012545081 5.7848564e-07 7.393958e-05 0.00022368378 4.3184114e-06 7.605871e-05 0.03062471 3.3138965e-06 6.2263956e-07 5.776827e-06 1.7676955e-05 5.4349402e-05 3.0427689e-06
0.58112454 0.050466526 0.051744707 0.013938693 0.008289338 0.8724345 0.99395937 0.0019502902 4.0190002e-15 0.8562735 0.08717171 0.031630095 0.8113519 0.0002489777 0.040705632 0.035835084 0.85359204 0.00083911105 0.060658947 0.001384761 0.00042346635 0.018223384 0.030997688 0.02703653 0.02036688 0.0018999599 0.414514 2.9301611e-05 3.3155546e-05 0.06309448 0.0076960884 0.0173199 7.1089624e-07 1.5015069e-06 2.268171e-07 0.016562242 0.025174351 0.00033667492 9.979858e-05 0.0009002089 7.187896e-06 0.010893547 0.002117159 0.0037085118 0.01227371 3.711563e-07 0.0029492597 1.76212e-06 0.00039685422 2.9863747e-07 4.4113813e-06 9.12132e-09 0.00075740914 1.1031178e-06 0.0006752642 0.000214632 0.0028297615 1.1321534e-06 1.4492191e-08 0.00029064476 1.5822875e-08 0.0006378067 8.768374e-09 1.7773806e-06 2.0561738e-06 0.11636859 0.000865344 5.787226e-08 1.2669978e-08 0.00068208866 0.007430203 0.0021131472 1.5789404e-07 0.00015933524 0.00027904424 5.7008e-07 0.00038946833 6.9394275e-08 8.686049e-06 7.335626e-07 0.0013472572 8.805219e-11 3.242208e-07 0.01523955 0.0019226851 0.00030701866 1.2936559e-07 0.0003266059 0.042995572 0.0010298697 1.1815105e-06 2.6695375e-07 1.8137201e-09 4.350897e-07 0.0016682757 2.1846743e-07 6.758228e-08 2.5813048e-05 4.549242e-07 4.719839e-08 8.2192346e-05
0.9020956 0.023808455 0.011193707 0.0012732828 0.0009368435 0.9411728 0.5740298 0.0005730131 0.8562735 5.603295e-14 0.21790843 0.0028745527 0.18170784 0.00024848644 0.942895 0.037439287 0.791928 0.00052592263 0.45656914 0.0010299237 0.00012151575 0.4650694 0.7168545 0.007393867 0.33288103 0.0017474713 0.40204203 2.7350132e-05 6.881195e-05 0.0042393855 0.12939166 0.10356963 4.717686e-07 2.4289824e-07 1.211051e-05 0.067273654 0.22428316 9.451097e-06 3.4151984e-05 7.927843e-06 8.663506e-06 0.6499963 0.0209909 0.029259691 0.008389002 1.8771198e-06 0.027827546 1.1890999e-06 0.09770476 2.9368502e-07 8.6779355e-06 1.0540547e-08 0.009693376 1.2933915e-06 0.005455916 0.0014989966 0.0831862 8.262967e-06 9.858411e-10 0.0077640587 1.1499283e-08 0.009745989 1.43968935e-08 1.0339456e-06 6.423112e-07 0.6097531 0.00058596826 3.3520802e-08 3.587096e-09 0.0066618035 7.172083e-05 0.006734777 9.487426e-08 0.00011175238 0.002761811 1.2645239e-07 0.004295246 3.089664e-09 6.973865e-05 2.3016892e-07 0.010714201 1.4169087e-09 6.440522e-08 0.028305039 0.0061647557 0.0074475803 1.4228947e-08 0.003830353 0.07868043 0.003209373 3.4448078e-07 8.726333e-08 1.65915e-08 1.1442699e-07 0.0043016067 1.9183366e-08 4.3815263e-09 0.00047942123 3.5367027e-06 1.3519702e-08 6.0541235e-05
0.9018954 0.43239078 0.5838119 0.36248147 0.10452002 0.90305656 0.11963221 0.042079274 0.08717171 0.21790843 3.6580892e-13 0.005992028 0.038653407 0.030329129 0.1768369 0.9813684 0.011033826 0.049473938 0.6495491 0.09918976 0.04421724 0.08334905 0.0027415878 0.70706344 0.059171394 0.16982724 0.004575106 0.0011634519 0.00019649116 0.0006699601 0.04675782 0.23406996 0.00018454411 0.00010377777 0.00027115343 0.39770678 0.17327711 9.484346e-05 0.0025624826 7.824967e-06 0.00032408925 0.00031893633 0.003972391 0.03657089 0.24357414 2.525163e-06 0.0018133743 5.0401713e-06 0.0002573384 4.2456954e-06 0.0005285998 7.039757e-07 0.0024359245 2.7130745e-05 0.0016010499 2.2247887e-05 4.8865902e-05 0.0003603955 1.2978909e-07 4.5632547e-05 2.853777e-07 0.0039547314 2.9755265e-07 0.00011160317 3.2803932e-06 0.0015624195 0.012567673 1.3739209e-06 6.4083686e-08 0.00040807543 6.0125953e-06 0.017175049 4.931157e-07 6.008605e-06 6.481497e-06 1.2562153e-06 0.0028144585 4.42582e-07 6.601098e-05 6.530822e-07 4.1998883e-05 1.6237474e-09 5.41971e-06 0.00037144424 0.025015995 9.816457e-06 1.290643e-07 1.8806006e-05 0.0010640706 5.4991047e-05 3.98852e-07 8.625871e-06 4.632011e-08 5.47589e-07 0.01992272 2.0541453e-08 1.2788557e-08 0.00010483437 1.335506e-06 1.1544435e-06 6.96188e-06
0.27200451 0.43275258 0.27130523 0.33368045 0.94804394 0.08432477 0.15731516 0.5079941 0.031630095 0.0028745527 0.005992028 5.787465e-13 0.30562422 0.07474177 7.0763367e-06 0.001454507 0.0004334695 0.028932875 0.00031340923 0.020620266 0.019374387 1.2506718e-05 5.4456376e-07 0.0055542914 4.7710393e-05 0.020138694 0.00042717656 0.0041452283 0.5838721 0.062333148 2.859182e-05 8.513258e-05 0.0011151014 0.00030108466 1.8085197e-05 0.00019914418 0.00012752521 0.9064009 0.0023832892 0.9791439 2.8327384e-05 5.163577e-05 1.3741019e-06 1.1990509e-05 0.0032921948 0.003934331 2.8768272e-06 0.13424496 1.1512177e-06 6.568857e-05 5.276358e-05 2.2651395e-06 8.048638e-07 6.9400376e-06 3.2274522e-07 1.177744e-06 1.679586e-05 2.8626604e-05 2.3366457e-08 1.0427077e-05 3.7149541e-06 8.5999926e-07 4.462815e-06 1.07539545e-05 0.00049024983 0.00024605638 0.0015752346 3.5370904e-06 1.1767739e-06 1.776426e-05 0.06119941 0.00096647977 5.91619e-06 2.9755165e-06 8.6977815e-07 8.701603e-06 1.4071823e-05 4.7016562e-07 0.0006112 4.9712693e-05 1.1181495e-06 8.333315e-09 1.4899384e-06 2.0620113e-05 0.00022946572 1.6769643e-07 3.799372e-06 4.2253443e-08 0.0013978443 1.1540506e-06 9.566352e-06 2.9204648e-06 4.2181455e-08 1.2713608e-07 0.0058388417 1.2802213e-06 1.8380143e-07 2.9009215e-07 0.0015311231 4.069689e-07 4.2881385e-07
0.16599184 0.10395821 0.07214148 0.05693841 0.047005832 0.57544833 0.93229896 0.006228282 0.8113519 0.18170784 0.038653407 0.30562422 2.2368319e-13 0.0006871034 0.00042994 0.011846245 0.548822 0.00075765373 0.0047285194 0.0011794711 0.00037106662 0.0006728261 0.00033328467 0.0076044756 0.00051190204 0.0028023617 0.61760175 7.038344e-06 0.0007582862 0.9956348 0.0003059273 0.0013111209 6.5145027e-06 7.7235836e-07 7.195866e-06 0.001346728 0.001028883 0.0030989086 5.0708757e-05 0.09265758 2.2579745e-06 0.00012569643 2.5467585e-05 0.00031169117 0.0047325394 5.9397447e-05 1.5733774e-05 7.463457e-05 7.975432e-05 9.566836e-06 4.94121e-06 1.0787469e-07 3.5186836e-06 8.693557e-06 1.4321994e-05 5.0751038e-05 0.00036108098 1.0607816e-05 1.6776696e-09 8.2787315e-05 4.6385645e-07 6.183158e-05 9.688356e-07 2.3734076e-05 0.0001834315 0.015430721 0.0008510255 8.5678363e-07 3.279128e-07 0.00015427741 0.024840318 0.0008572157 1.2780622e-06 2.3299403e-05 5.1288196e-05 8.5947454e-07 0.00015688098 3.721138e-08 0.00026541986 7.4090876e-06 0.0003419647 2.1971406e-08 2.3618459e-06 0.002936346 0.0009571682 5.091543e-05 4.724462e-07 6.4462285e-05 0.018959006 0.00024535062 1.6696852e-06 2.408443e-06 4.5764117e-09 1.2333867e-07 0.0029317949 6.019184e-07 9.389333e-08 1.010046e-05 2.7136161e-06 3.2064005e-07 1.8418308e-05
0.9679261 0.08185968 0.20949322 0.22787938 0.35992056 0.0048175547 0.0012903208 0.98288137 0.0002489777 0.00024848644 0.030329129 0.07474177 0.0006871034 4.045642e-15 1.4307523e-05 0.009856209 0.00014824027 0.8668057 0.0001689338 0.59281147 0.8999798 2.9044163e-06 1.2446278e-06 0.10932583 2.4618019e-05 0.26211914 3.192688e-05 0.8715504 0.43597582 8.736289e-05 0.00012006088 0.0012170398 0.3328341 0.15294775 0.054979116 0.0036367446 0.0021411395 0.00077939365 0.5390907 3.5455454e-05 0.23933639 2.5237845e-05 0.00035498798 0.0047514443 0.06889405 4.6947203e-05 6.139296e-05 0.00042786152 2.4431602e-06 0.0011897868 0.2038518 0.0012758396 0.00013783058 0.0037990499 0.00037553694 2.1066094e-06 1.2472389e-05 0.14342217 0.00047019543 3.980675e-06 6.842879e-05 0.000582776 4.4573262e-05 0.011802386 0.00045960487 0.0002397121 0.22587852 0.00015552866 2.8240647e-06 0.00043043046 7.4866853e-06 0.023379836 3.114019e-05 3.1021062e-07 1.0890155e-05 2.9760005e-05 0.0006307197 6.681094e-05 0.00011393715 6.275125e-06 2.12231e-06 2.703813e-08 0.0004948817 5.9470985e-06 0.032949995 6.000866e-07 4.503571e-07 7.772903e-08 0.0007630406 1.9183743e-07 1.3819911e-06 0.001366856 4.447882e-07 1.7979299e-05 0.1714373 7.58866e-08 1.2611078e-08 6.423703e-06 6.1774554e-06 0.00018935914 5.332366e-07
0.95553225 0.00010489828 9.421413e-05 7.545822e-06 2.915431e-06 0.25959626 0.004540575 1.3848957e-05 0.040705632 0.942895 0.1768369 7.0763367e-06 0.00042994 1.4307523e-05 7.6684285e-14 0.06766033 0.08505303 8.9256224e-05 0.78079647 0.0004099092 6.5879e-06 0.9359241 0.95635885 0.005149314 0.7059133 0.00023406852 0.04195497 1.6690898e-06 1.6561284e-05 5.5678604e-05 0.41281697 0.35082257 1.1160364e-07 3.409165e-07 2.7377178e-06 0.1393251 0.61435074 5.983904e-07 2.4520265e-05 1.1883091e-07 1.4716579e-06 0.34253985 0.38837516 0.08639174 0.011166577 2.8109645e-07 0.50266343 4.5245318e-07 0.21358141 2.3279489e-08 1.7730781e-05 1.4703957e-09 0.12760086 1.17285865e-07 0.049497962 0.010950085 0.03985189 3.0215353e-06 3.7106795e-10 0.0083447285 2.642377e-09 0.083209366 2.396669e-09 1.8875181e-07 5.4167106e-07 0.25929484 0.000633474 6.3283316e-09 2.173929e-09 0.3608857 1.8382666e-07 0.014614272 1.1275943e-08 0.00028143617 0.025359554 2.2689052e-08 0.027769083 4.3050328e-09 7.031377e-05 2.1916115e-08 0.0030442337 1.529004e-10 6.7537265e-09 0.0045191916 0.0153287705 0.008906678 3.4441279e-09 0.007071255 0.00591691 0.0009120194 8.976245e-08 7.147634e-08 3.684896e-09 2.3525345e-08 0.0053293565 2.6574285e-09 4.824186e-09 0.0045311777 3.5285782e-07 1.9548967e-08 2.7430848e-05
0.9337733 0.08262671 0.09339711 0.048102885 0.012625515 0.28134277 0.04324635 0.0061308094 0.035835084 0.037439287 0.9813684 0.001454507 0.011846245 0.009856209 0.06766033 1.7937122e-12 0.006386509 0.038685407 0.7294567 0.14333041 0.009524302 0.03348673 0.0037557674 0.8985951 0.008990521 0.18036002 0.002609116 0.0006999329 0.0002071538 0.00048740336 0.07580963 0.7547571 4.0473296e-05 3.0940344e-05 0.00011243312 0.75350034 0.20498575 3.609753e-05 0.002508245 4.6422715e-06 0.00017627486 0.0005415182 0.015450217 0.116713546 0.30189854 4.8731104e-06 0.0042578597 1.0183975e-06 0.0005871211 5.285576e-06 0.0012103248 5.7942316e-07 0.015170064 2.560247e-05 0.012097889 6.0197934e-05 0.00021541883 0.00074262917 3.9689276e-08 4.0588908e-05 1.2282169e-06 0.012211969 2.6829676e-07 0.00020361706 1.5707276e-06 0.0044890847 0.01671158 5.01808e-06 1.0860347e-07 0.0026527992 3.2221644e-06 0.05152828 6.867224e-07 4.886238e-06 5.751537e-05 1.7347744e-06 0.005100843 2.2352891e-08 0.00010029845 4.0487612e-07 5.787274e-05 2.5042062e-09 1.076168e-05 0.000116858544 0.043337822 7.161386e-05 2.9614242e-08 1.7605673e-05 0.0038479252 1.9964325e-05 6.036004e-07 1.1129021e-05 1.3145852e-08 1.1316611e-06 0.03252423 1.4808243e-08 7.677771e-09 0.0002594594 4.179116e-07 3.7644702e-06 9.623212e-06
0.44045103 0.0010433249 0.00083160645 0.0002214407 0.00034077954 0.40588993 0.361808 0.0005394556 0.85359204 0.791928 0.011033826 0.0004334695 0.548822 0.00014824027 0.08505303 0.006386509 1.2324875e-14 0.00011059135 0.0540526 0.00088380394 0.00013898633 0.038462788 0.25225243 0.0022938673 0.04770956 0.0007617889 0.99696434 2.8565273e-05 8.456369e-06 0.102847464 0.0096302135 0.005750274 5.866369e-07 6.946072e-07 1.474719e-06 0.0056471955 0.0153587675 1.6371008e-05 4.301196e-05 0.00026125184 1.5087637e-05 0.16052511 0.0035482503 0.002232864 0.0015825261 6.401366e-07 0.0054672654 1.6033005e-07 0.004688468 9.96678e-07 6.261519e-06 4.064984e-09 0.0017166123 5.726615e-06 0.0010640005 0.002031107 0.1299127 9.3492e-07 4.3743955e-09 0.0040287967 9.9526225e-08 0.0008497478 9.682929e-08 2.8579373e-06 5.5946487e-07 0.50057966 0.0005486748 2.6999956e-07 4.870267e-08 0.0014495282 0.020107206 0.0012057195 9.1103044e-07 0.00047970843 0.0007018698 1.425016e-06 0.0005605796 2.4583977e-07 1.0953075e-05 6.5734534e-06 0.03057066 2.3697593e-09 1.1794581e-06 0.0963445 0.0011737607 0.010752607 6.154951e-08 0.00519098 0.13006979 0.020007992 3.0501546e-06 2.5351283e-06 1.13720136e-08 3.2866922e-07 0.0005714583 2.2309352e-07 1.7230289e-07 2.3757675e-05 1.2626657e-07 1.3465409e-07 0.00054876273
0.85116625 0.14836627 0.30137873 0.2415111 0.29178753 0.010573609 0.0022589266 0.48653695 0.00083911105 0.00052592263 0.049473938 0.028932875 0.00075765373 0.8668057 8.9256224e-05 0.038685407 0.00011059135 3.6686077e-15 0.00087206525 0.9567367 0.98837596 2.565703e-05 1.698887e-05 0.24074182 3.2580032e-05 0.2723618 6.439696e-05 0.24880084 0.046780724 0.00012545106 0.00013534412 0.0012974518 0.026980745 0.013341205 0.014383871 0.0042116866 0.00061363395 0.0003178666 0.28697836 1.6710654e-05 0.018260753 7.698382e-05 0.00038012638 0.0014854553 0.10776012 1.591775e-05 7.4079115e-05 5.676783e-05 3.9628007e-06 0.0003918477 0.07315228 0.0007235065 0.00027066434 0.00070945645 0.00035678459 3.817991e-06 1.3519581e-05 0.0139938565 0.00017564307 1.591545e-06 4.8896203e-05 0.00059817085 8.498677e-06 0.002702558 5.599464e-05 3.6476493e-05 0.20453885 8.76381e-05 9.188529e-07 0.00013887582 2.6816517e-06 0.028509837 7.4851646e-06 2.7522637e-07 8.957253e-06 7.3304545e-06 0.0003693106 2.7952246e-05 2.4683973e-06 1.6752931e-06 3.412372e-07 1.4812403e-07 9.089547e-05 6.005437e-06 0.02420387 1.5497519e-06 4.5700747e-07 1.6163594e-07 0.00025859656 1.6724907e-07 1.8500862e-06 9.204974e-05 8.718598e-08 5.8994788e-06 0.20532195 3.8723775e-07 1.2220886e-08 7.738193e-06 4.2459314e-07 7.708661e-05 4.834945e-07
0.78949136 0.0017938145 0.002083669 0.0005534088 0.00024173298 0.3061008 0.018501963 0.00064119854 0.060658947 0.45656914 0.6495491 0.00031340923 0.0047285194 0.0001689338 0.78079647 0.7294567 0.0540526 0.00087206525 8.113576e-14 0.0020652732 0.00025734355 0.77489567 0.16295597 0.06683974 0.9073847 0.0021678675 0.033599213 5.562298e-05 2.5031655e-05 0.00012055275 0.9640145 0.8773356 1.2194027e-06 2.771149e-06 6.129373e-07 0.42451513 0.6792669 4.3873137e-05 0.00014350645 4.951104e-07 6.4930177e-06 0.037397698 0.3722123 0.14550161 0.02573067 1.2670414e-06 0.12278331 8.2519614e-07 0.019294387 1.6062296e-07 0.00013965945 2.5585177e-08 0.05635457 8.3065527e-07 0.019233966 0.00069235405 0.007816953 1.9793173e-05 1.5338658e-08 0.00083015044 2.8141171e-08 0.02683504 6.3005112e-09 8.742761e-06 2.0628243e-06 0.07979789 0.0028356453 1.066765e-07 7.3365003e-09 0.009293207 1.9062275e-06 0.009355155 8.947767e-08 0.00030558437 0.00071797613 4.9103093e-08 0.0066884453 1.2397182e-07 4.354907e-05 3.605144e-08 0.00087658584 8.9353046e-11 1.5542752e-06 0.0010147262 0.010974721 0.0006404936 1.27142e-09 0.0005309278 0.003791335 0.0005076847 1.1620857e-07 1.0146873e-06 3.9600277e-08 6.748965e-08 0.005763508 2.131792e-09 2.9040435e-09 0.00073484925 3.474608e-07 2.6401025e-07 3.121696e-05
0.85366625 0.2979167 0.45367292 0.43026856 0.3001043 0.021978332 0.00456083 0.3256852 0.001384761 0.0010299237 0.09918976 0.020620266 0.0011794711 0.59281147 0.0004099092 0.14333041 0.00088380394 0.9567367 0.0020652732 2.4172763e-14 0.60858124 0.00027612594 0.00011164661 0.67992675 0.00014772994 0.9897511 0.0003228664 0.100955375 0.00824834 0.00011534487 0.00062801637 0.0074523827 0.005024816 0.006562367 0.004375631 0.014457883 0.0019512939 0.00045730488 0.08238502 4.8644903e-05 0.003557911 0.0009399672 0.00081488973 0.0033676163 0.2166789 1.7241979e-05 0.00034227286 2.18497e-05 4.524752e-05 0.0004273648 0.03349637 0.00054484827 0.0012311927 0.0004368449 0.0014581744 1.9513123e-05 0.000110334615 0.005092257 9.018363e-05 2.4240026e-05 6.320896e-05 0.00071851857 2.8517885e-05 0.0013304607 0.00024258008 0.00035792694 0.12837888 8.1797225e-05 1.2029777e-06 0.0006631565 8.900899e-06 0.05130481 2.7547929e-05 1.7702995e-06 7.335976e-05 1.3236726e-05 0.00039992042 1.0608666e-05 4.2894026e-05 1.0672738e-05 1.07257065e-05 1.0972966e-08 0.000105337975 0.00015218525 0.023224777 6.6202097e-06 4.156183e-07 4.225105e-07 0.00055067544 1.3844433e-06 7.6249544e-06 0.000102512 3.9657738e-07 6.385455e-06 0.26760477 2.1854329e-07 4.6948337e-08 3.688803e-05 1.0227266e-06 2.624053e-05 1.3543546e-05
0.9112691 0.07212422 0.15244715 0.16953506 0.30575028 0.0016351974 0.0010605648 0.49057516 0.00042346635 0.00012151575 0.04421724 0.019374387 0.00037106662 0.8999798 6.5879e-06 0.009524302 0.00013898633 0.98837596 0.00025734355 0.60858124 1.3498571e-16 7.829326e-06 5.861842e-06 0.12003149 5.669087e-06 0.25347656 6.888332e-05 0.50043154 0.06438417 0.00010242209 6.1263985e-05 0.001239005 0.034238547 0.016729822 0.03580178 0.0023541406 0.00038605437 0.00033981568 0.6878691 2.2052196e-05 0.07700006 3.150684e-05 0.00021020682 0.00075404235 0.13040581 5.2592513e-05 3.8876417e-05 0.0001332998 5.8283376e-07 0.0035393415 0.35699207 0.0015030206 0.00018082136 0.002418544 0.0001473624 1.9060258e-06 7.928962e-06 0.05492742 0.00019763118 3.9996766e-07 0.00046511256 9.637911e-05 0.00014194658 0.014857813 0.0003732191 8.4476196e-05 0.51844877 0.00041647593 2.63187e-05 5.1115978e-05 7.786325e-06 0.04113038 8.433043e-05 2.1351418e-08 8.376362e-06 3.4327495e-05 0.00014767783 0.00036686636 9.219071e-06 5.7052166e-05 4.3917385e-07 4.24962e-06 0.0004911193 2.3173811e-06 0.02071973 1.87782e-06 1.857625e-06 1.9603232e-07 6.2144485e-05 1.3708016e-07 0.00010168709 0.00057499035 1.1498249e-05 0.00013848911 0.40502942 1.9408496e-06 1.2313564e-06 1.2794108e-06 3.4520164e-07 0.0001708839 3.537429e-07
0.7911673 0.00048270443 0.00089691783 9.080517e-05 1.2928815e-05 0.13204941 0.0038502105 0.00012381533 0.018223384 0.4650694 0.08334905 1.2506718e-05 0.0006728261 2.9044163e-06 0.9359241 0.03348673 0.038462788 2.565703e-05 0.77489567 0.00027612594 7.829326e-06 5.2946003e-14 0.50017905 0.0017770149 0.98727643 0.00013808346 0.03572834 2.2087777e-06 2.2412705e-06 1.06999805e-05 0.6802413 0.2454376 5.720193e-07 2.0646273e-06 1.2294743e-06 0.06967993 0.36217454 3.2278356e-06 1.1347298e-05 4.141314e-07 9.2142045e-07 0.2561346 0.32707864 0.04719137 0.005198902 2.8167395e-07 0.3870018 7.424383e-07 0.28741506 1.3830153e-08 1.1546951e-05 3.318555e-08 0.07901588 2.2001528e-07 0.030699516 0.014664429 0.055575967 2.966167e-06 9.203034e-09 0.006630538 1.376748e-09 0.07428881 6.914305e-10 1.061198e-06 5.7869534e-07 0.1269708 0.0010355148 5.0496705e-09 1.1762212e-09 0.17162883 2.867264e-07 0.004218257 9.029353e-09 0.0005074739 0.04221043 1.3378949e-08 0.016902532 4.644423e-08 1.1719889e-05 1.3936949e-08 0.0013189649 7.533758e-11 5.1283326e-08 0.0014017175 0.009862217 0.003696177 4.6415402e-10 0.0056200856 0.0024696984 0.00058533344 3.3138868e-08 3.2215684e-08 1.279343e-09 7.589654e-09 0.0042753317 4.4622273e-10 4.496719e-10 0.004682284 1.0555758e-08 3.5099006e-09 7.5965785e-05
0.8778501 1.538869e-05 4.8209487e-05 2.1382293e-06 1.1441462e-06 0.02364152 0.0012221755 2.0084565e-06 0.030997688 0.7168545 0.0027415878 5.4456376e-07 0.00033328467 1.2446278e-06 0.95635885 0.0037557674 0.25225243 1.698887e-05 0.16295597 0.00011164661 5.861842e-06 0.50017905 4.3932977e-14 0.0002885865 0.36210474 8.799982e-05 0.029481491 1.4132792e-06 1.8691767e-07 9.860838e-06 0.123190776 0.02163414 2.6535707e-08 6.3235297e-09 1.2114292e-08 0.0111528905 0.10369292 1.3759704e-06 4.9959194e-06 1.4158687e-07 2.0682296e-06 0.977058 0.21113372 0.019322092 0.0019364153 9.555837e-08 0.44554892 5.413777e-07 0.9467129 5.2575434e-08 5.131281e-07 1.2484849e-09 0.098740585 6.204979e-07 0.04551659 0.091866486 0.23015882 2.7123474e-07 4.525759e-10 0.11655887 6.8959753e-09 0.077396214 3.513464e-09 8.510997e-08 3.8824578e-07 0.24162064 0.0003313069 1.8882211e-08 1.4873764e-09 0.50576514 1.4381325e-07 0.00597927 3.2979717e-08 0.017369632 0.069142096 3.8281957e-08 0.034719363 1.2325023e-09 0.00027594666 7.052756e-08 0.008406011 1.1080404e-10 2.0722196e-08 0.008791226 0.009470785 0.024750683 5.7456813e-09 0.046803605 0.0031288718 0.0044862046 1.4584704e-07 4.9148536e-08 5.6344185e-10 1.6249563e-08 0.0020222247 1.4887596e-08 3.684931e-09 0.0145732155 5.5596754e-08 7.044498e-09 0.000651955
0.9507452 0.2854631 0.3856811 0.24914132 0.052860457 0.30423698 0.05042722 0.023164803 0.02703653 0.007393867 0.70706344 0.0055542914 0.0076044756 0.10932583 0.005149314 0.8985951 0.0022938673 0.24074182 0.06683974 0.67992675 0.12003149 0.0017770149 0.0002885865 2.6069687e-13 0.0018624644 0.9273434 0.00032589157 0.005773112 0.00063364464 0.00046042673 0.008457346 0.303507 0.00066518685 0.00033835 0.0003297944 0.5334576 0.05339225 0.00021656019 0.015622743 2.2220765e-05 0.0009768554 0.0002610055 0.003999687 0.10210225 0.96583897 8.374829e-06 0.0014856785 2.1562703e-06 7.144251e-05 9.55228e-05 0.014345549 9.13561e-06 0.0055576055 0.0002882221 0.004709894 1.463051e-05 7.51891e-05 0.0051578237 6.629038e-07 1.6689584e-05 2.4817795e-05 0.0033663032 3.4788077e-06 0.0022722275 6.114684e-05 0.0035324793 0.08920167 5.7135745e-05 9.546134e-07 0.001238705 1.7864852e-05 0.17144938 2.2202019e-05 6.1908463e-07 2.0632111e-05 1.479827e-05 0.0012776174 2.1713674e-06 0.00022070829 1.27659605e-05 1.5116037e-05 8.187143e-09 0.00020265442 0.0009302264 0.072362006 4.6815735e-06 4.8857044e-07 1.7966947e-06 0.0037710262 5.4445863e-06 2.3313928e-06 7.6500495e-05 6.4072445e-08 7.4035215e-06 0.19299696 7.892173e-07 7.23353e-08 9.691074e-05 2.2159797e-05 3.939255e-06 5.215167e-06
0.7666308 0.0004105553 0.0003132649 4.8580834e-05 4.290086e-05 0.05622309 0.00473478 0.00014632038 0.02036688 0.33288103 0.059171394 4.7710393e-05 0.00051190204 2.4618019e-05 0.7059133 0.008990521 0.04770956 3.2580032e-05 0.9073847 0.00014772994 5.669087e-06 0.98727643 0.36210474 0.0018624644 6.515005e-14 0.00013457252 0.044988383 3.629863e-06 1.1670569e-05 4.0337123e-05 0.8464838 0.4655611 1.122771e-06 8.371091e-06 1.2493044e-07 0.067223266 0.36219805 1.8756875e-05 1.0929347e-05 4.0339577e-07 1.2379691e-06 0.21188775 0.5708133 0.06383639 0.0060607903 1.3910433e-06 0.56109667 1.8435413e-06 0.106433205 1.8934506e-08 1.9279903e-05 1.8631852e-08 0.15954645 1.5496846e-07 0.036594685 0.005520452 0.073132925 2.4128892e-06 8.424248e-09 0.0048933527 4.0258175e-09 0.04550072 1.8472502e-09 2.1573933e-06 5.7630945e-07 0.14450072 0.00075765373 1.8196669e-08 9.404038e-10 0.06660458 5.622832e-07 0.0059193256 1.3840472e-08 0.00047208616 0.0109780235 1.2586231e-08 0.01396223 2.4929736e-07 6.9178614e-06 1.5696866e-08 0.001891646 2.8074116e-11 2.3528587e-07 0.0020107757 0.009688543 0.0027140062 5.6599136e-10 0.0022301867 0.0015469774 0.00044516442 7.608442e-08 9.751077e-08 6.7048633e-09 1.449512e-08 0.0031694106 1.2364416e-09 6.6136807e-09 0.0024284695 6.63419e-08 1.5801252e-08 0.00011075747
0.9574011 0.12920716 0.14948316 0.21400031 0.2168509 0.030286068 0.00804494 0.11567877 0.0018999599 0.0017474713 0.16982724 0.020138694 0.0028023617 0.26211914 0.00023406852 0.18036002 0.0007617889 0.2723618 0.0021678675 0.9897511 0.25347656 0.00013808346 8.799982e-05 0.9273434 0.00013457252 5.6289125e-16 0.0004285157 0.01655823 0.00549953 0.000194345 0.0004949639 0.013764281 0.001100462 0.0014224675 0.0009302815 0.03772038 0.0037855182 0.00017332152 0.030231968 4.178969e-05 0.0012294012 8.403338e-05 0.0012506252 0.0101122325 0.52489036 8.069455e-06 0.00028700865 6.6194104e-07 1.1401873e-05 9.689115e-05 0.009473472 6.528817e-05 0.0017610709 0.00010203729 0.0020563672 5.70201e-06 0.00015605162 0.0010874702 1.7774164e-06 2.4676216e-05 5.6875037e-06 0.0005732971 3.3701879e-06 0.0003162803 1.9667104e-05 0.00016830392 0.12982397 6.0363295e-06 9.1844373e-07 0.0004560432 2.9027537e-05 0.22235815 3.365248e-06 3.394802e-07 1.0208367e-05 2.0435375e-06 0.000465724 2.90024e-06 1.9351387e-06 1.1880038e-06 9.382525e-07 1.8783284e-08 3.5028657e-05 1.1731585e-05 0.10920517 4.9647355e-07 1.2509626e-07 1.9759034e-07 0.00088685064 7.477847e-07 1.1775406e-06 2.528075e-05 1.93281e-07 1.3114235e-06 0.62666917 3.7824844e-08 9.045919e-09 2.296819e-05 3.8734157e-07 4.3313007e-06 3.884334e-06
0.29800358 0.0005406162 0.0006419698 0.00018412959 0.00026076296 0.18581377 0.11329369 0.00021068225 0.414514 0.40204203 0.004575106 0.00042717656 0.61760175 3.192688e-05 0.04195497 0.002609116 0.99696434 6.439696e-05 0.033599213 0.0003228664 6.888332e-05 0.03572834 0.029481491 0.00032589157 0.044988383 0.0004285157 3.0164117e-13 3.8686335e-06 1.4107645e-05 0.2142987 0.0056323833 0.0030419684 9.5101416e-07 5.5429007e-07 1.6442866e-06 0.0024766987 0.012522191 1.4961431e-05 9.8552255e-06 0.00029064584 8.8010775e-06 0.4272732 0.0010982531 0.0010316483 0.00031743583 2.5380627e-06 0.003213923 2.932576e-07 0.017727612 8.7549466e-07 2.6351008e-06 8.883522e-08 0.00017726357 1.2045597e-06 0.00039761886 0.0025000058 0.45904517 7.0406463e-06 2.856749e-08 0.020124462 2.4627466e-08 0.0011296378 1.4801078e-07 1.7201395e-05 3.7107793e-06 0.9077854 0.00035671928 1.4901204e-08 8.228493e-08 0.0016330304 0.20748377 0.00013718067 1.2196335e-07 0.00060404703 0.00049893756 4.0874255e-07 0.00040796548 2.3169056e-08 3.1261294e-05 6.859586e-07 0.31790358 9.510335e-10 1.9285383e-07 0.56987894 0.00042448755 0.15309218 5.284346e-08 0.05178415 0.6769487 0.20593165 2.1778378e-06 1.361768e-07 1.0230036e-08 3.1827503e-07 0.0006606735 3.1415954e-07 7.863008e-09 0.00011916247 3.559507e-07 4.4051927e-08 0.0012285935
0.91225594 0.0013382289 0.0010457097 0.004684077 0.012928915 0.00012829188 0.00015107311 0.25368172 2.9301611e-05 2.7350132e-05 0.0011634519 0.0041452283 7.038344e-06 0.8715504 1.6690898e-06 0.0006999329 2.8565273e-05 0.24880084 5.562298e-05 0.100955375 0.50043154 2.2087777e-06 1.4132792e-06 0.005773112 3.629863e-06 0.01655823 3.8686335e-06 3.076091e-14 0.5242964 3.860363e-06 2.9910922e-05 4.522703e-05 0.81517607 0.6681227 0.5283603 0.00067337457 0.000415258 0.00017712232 0.95753103 1.7648968e-06 0.9009216 1.1612304e-05 6.948657e-05 0.00080645084 0.01812097 1.3478501e-05 5.5957244e-06 0.00046892907 8.93663e-08 0.1253224 0.46001986 0.017962102 2.6079268e-05 0.056461994 0.00013908723 8.0308766e-08 2.8774051e-05 0.19206378 0.0028219316 1.0603634e-06 0.005911061 0.00014127821 0.0039307247 0.07625423 0.00770636 3.0514246e-05 0.29513434 0.0015434644 0.00021260901 1.879955e-05 6.567873e-07 0.008030556 0.0002943792 5.989879e-08 5.295968e-07 0.00023060868 0.00014796683 0.000103666986 0.00032186112 3.665993e-05 4.6700957e-06 2.111909e-05 0.0008694524 0.00032911918 0.009441665 2.6935134e-06 4.331486e-06 8.279647e-07 3.0816427e-05 6.1065107e-06 2.0949146e-05 0.0009976038 2.8600247e-05 7.2950585e-05 0.03952518 2.6800178e-06 1.5299187e-06 7.7716015e-07 4.441556e-06 0.00017385074 2.4930225e-06
0.91139215 0.00044093796 0.0018440639 0.028290872 0.29965943 0.00020848069 0.00015789142 0.6186449 3.3155546e-05 6.881195e-05 0.00019649116 0.5838721 0.0007582862 0.43597582 1.6561284e-05 0.0002071538 8.456369e-06 0.046780724 2.5031655e-05 0.00824834 0.06438417 2.2412705e-06 1.8691767e-07 0.00063364464 1.1670569e-05 0.00549953 1.4107645e-05 0.5242964 2.0391484e-11 0.0002950467 3.526826e-05 2.7833885e-06 0.65924084 0.6159207 0.8047369 0.00037132416 0.00014440705 0.9113131 0.14913881 0.00492251 0.3164568 4.0145023e-06 4.0846783e-07 5.9909224e-05 0.0026979842 0.005768495 7.076135e-06 0.5813904 7.2397274e-06 0.3216012 0.11191834 0.34818518 1.984925e-06 0.031055374 1.9303103e-07 2.331873e-06 7.962079e-05 0.045308672 0.064527445 1.603049e-06 0.016939746 3.955242e-06 0.011809675 0.010993613 0.9614372 0.0052125966 0.059862893 0.0033020552 0.0022973034 6.8547015e-05 7.805953e-06 0.002619154 0.0012389199 1.3741989e-06 1.482908e-07 0.0006022101 5.387027e-05 0.0006704551 0.7946481 0.0002716268 1.7099278e-06 2.2958939e-06 0.00014620154 1.4228222e-05 0.0017046031 5.2739875e-07 4.0866114e-05 2.1414995e-07 0.00040859723 2.5605644e-07 5.2033552e-05 0.00052179705 0.00033314485 6.8700247e-06 0.02070155 2.0393296e-05 4.721467e-05 4.454411e-07 0.043386847 1.1967364e-05 8.118861e-07
0.02209232 0.00408405 0.0037880046 0.0030226496 0.0059472355 0.040711734 0.10919085 0.00041240166 0.06309448 0.0042393855 0.0006699601 0.062333148 0.9956348 8.736289e-05 5.5678604e-05 0.00048740336 0.102847464 0.00012545106 0.00012055275 0.00011534487 0.00010242209 1.06999805e-05 9.860838e-06 0.00046042673 4.0337123e-05 0.000194345 0.2142987 3.860363e-06 0.0002950467 4.130496e-12 2.2561373e-05 1.6037548e-05 2.581237e-06 6.9926307e-07 6.938509e-06 5.1188323e-05 5.6785968e-05 0.0017922198 2.2590804e-05 0.0977427 9.281077e-06 2.4422432e-05 2.1652381e-06 5.5946224e-05 0.0008186843 1.9937554e-05 4.3301106e-06 5.884078e-06 8.786527e-06 4.0208934e-06 1.5880578e-06 2.7088406e-06 6.086838e-07 1.9081255e-05 1.6542886e-06 2.390978e-05 0.00012181777 3.688138e-05 3.1964305e-08 2.3784263e-05 1.3171427e-06 5.282109e-06 3.9504166e-06 6.530511e-05 0.00010697599 0.0047533913 0.00051284314 1.5009357e-06 7.1046697e-06 6.010259e-05 0.9197816 0.00018123692 1.5435173e-06 1.1053002e-05 5.0594805e-05 2.391257e-06 4.4012853e-05 4.6947264e-08 0.00084864115 1.2212887e-05 7.216342e-05 1.8039195e-08 3.1679283e-06 0.0006497741 8.8452485e-05 4.4016947e-06 6.697055e-07 7.649454e-06 0.026013006 5.0827275e-05 4.084708e-06 4.0370887e-06 6.6443926e-09 5.9025143e-07 0.00051086664 2.9836206e-06 6.5464485e-07 6.8449253e-06 1.5049626e-05 6.248524e-07 8.962946e-06
0.818512 0.0008096435 0.0008454741 0.00023369626 4.9969793e-05 0.022599319 0.001769098 0.00011821181 0.0076960884 0.12939166 0.04675782 2.859182e-05 0.0003059273 0.00012006088 0.41281697 0.07580963 0.0096302135 0.00013534412 0.9640145 0.00062801637 6.1263985e-05 0.6802413 0.123190776 0.008457346 0.8464838 0.0004949639 0.0056323833 2.9910922e-05 3.526826e-05 2.2561373e-05 1.214963e-11 0.9132521 6.094468e-06 1.0377505e-05 3.6744177e-07 0.37320822 0.84188884 9.820151e-07 0.000120289296 1.4362145e-06 3.9544193e-06 0.0339206 0.8848113 0.36038193 0.018093418 8.628367e-07 0.6874303 8.822039e-07 0.027929906 1.7082301e-07 8.232924e-05 2.44484e-08 0.4058032 6.1347185e-07 0.13358687 0.0031340427 0.003325863 4.3296834e-05 3.9604807e-08 0.0007443331 6.263012e-08 0.16233909 1.7603043e-08 9.101391e-06 4.891742e-07 0.022732252 0.0014252586 3.8703178e-07 3.8366808e-09 0.18464191 6.6253754e-08 0.015564745 2.2713118e-07 0.00045103088 0.0015340834 3.1316856e-07 0.018394347 2.1084496e-07 3.7277143e-05 2.845499e-07 0.00045995277 2.1072122e-10 2.1234964e-06 0.0005965202 0.021932717 0.0004897223 4.3145537e-08 0.0004395692 0.0016631924 0.00014734696 2.8290694e-07 5.275255e-07 1.9973358e-08 7.046302e-08 0.0091214115 2.529564e-08 5.5953986e-08 0.0017977139 8.315176e-07 2.276421e-07 6.8249894e-05
