2.2241688e-11 0.9571349 0.8324781 0.96957386 0.9844066 0.9275859 0.96033573 0.96106064 0.9860197 0.9617901 0.942073 0.96468884 0.9711185 0.9653688 0.98584855 0.9969702 0.9874663 0.9242238 0.8541842 0.9880475 0.98064965 0.9946044 0.98600197 0.6056085 0.9141454 0.97320247 0.8730657 0.9791388 0.9986521 0.9953004 0.8584482 0.99251723 0.95639795 0.9976246 0.99405813 0.9995184 0.9404968 0.71040463 0.9982166 0.91856194 0.6897309 0.9212095 0.99531066 0.98321915 0.97369576 0.9943599 0.98726666 0.8172657 0.9652759 0.9095901 0.99518603 0.99784696 0.9086031 0.81465095 0.9975725 0.9481936 0.9468221 0.9315382 0.9402646 0.3511422 0.995088 0.894067 0.0069335815 0.0895353 0.99204755 0.00987389 0.97394377 0.9809437 0.97882485 0.95193726 0.9601516 0.97692686 0.00020659744 0.00022021777 0.9886422 0.91138035 0.98614097 0.9544789 0.9575801 0.38953188 0.9567694 0.93562543 0.24666244 0.6410815 0.9847402 0.7787837 0.7417993 0.67841446 0.87850934 0.8223048 0.96928996 0.9415219 0.7249987 0.9712531 0.050848816 0.13776816 0.16157782 0.32625502 0.14505829 0.001025633 0.0015996733
0.9571349 4.2818495e-09 0.9911241 0.99144435 0.084314995 0.13950148 0.13769385 0.8993082 0.7331584 0.006995203 0.070344575 0.40576977 0.029454086 0.009073572 0.10950359 0.07341521 0.004240785 0.051651657 0.41970193 0.00030964537 0.047020715 0.068996325 0.00025755397 0.03446864 0.00011371223 0.3222535 0.04738322 0.0061121252 0.009217444 0.12008454 0.0020739776 0.00601386 0.0020101496 0.0001886954 3.199824e-05 0.010939574 0.0041112225 0.0036265757 0.0007052847 3.7293106e-05 0.0112447655 0.0016367723 0.0007721095 7.0939284e-05 5.227075e-05 2.2900724e-06 1.383627e-05 7.6217257e-06 7.9879374e-07 0.00037711486 1.7198419e-06 7.480116e-07 7.915379e-06 0.0008180639 8.4689316e-05 1.0778297e-07 5.4891285e-07 1.515076e-07 2.3692207e-06 0.003252158 1.3180249e-08 9.352367e-05 1.0788526e-06 6.1328315e-06 4.3901053e-07 1.7571946e-08 3.7123633e-07 2.5741582e-07 9.3940037e-07 0.0001599442 6.209981e-07 2.136842e-07 1.3739655e-08 5.1881527e-11 3.374058e-07 6.7539844e-07 3.7381946e-09 2.8030804e-09 7.141692e-08 1.7390429e-08 1.14592e-07 6.636303e-08 7.888534e-08 7.2299326e-07 4.1586336e-05 1.3630894e-07 1.0221746e-08 3.3711295e-08 6.3025544e-07 1.8517763e-09 3.0828876e-06 6.977616e-07 5.32325e-09 0.00012701652 3.747956e-08 8.9791474e-10 5.60699e-08 4.0001936e-08 1.4882371e-08 4.362141e-12 5.0790785e-11
0.8324781 0.9911241 6.310284e-14 0.94187015 0.8775931 0.9023015 0.39505216 0.5952099 0.3055476 0.58923954 0.11987792 0.17608458 0.45360687 0.032860376 0.031433787 0.03801307 0.005256085 0.905961 0.95929754 0.106604725 0.04697628 0.03603225 0.004565741 0.117567845 0.024323681 0.23623852 0.12295358 0.005291086 0.058155876 0.029571418 0.003425374 0.015506651 0.12454127 0.0008545674 9.362294e-06 0.014619144 0.09665904 0.023842385 0.0029142648 1.2309626e-07 0.028933302 0.027075434 0.0033843596 0.00078183203 0.00038663542 1.4488902e-06 7.263701e-05 0.000119971606 6.721827e-06 8.3087165e-05 2.6854303e-05 3.2633176e-07 1.4455606e-05 0.0047884686 0.0007252335 2.2347099e-06 1.7566343e-05 4.521838e-06 2.7467915e-05 0.0034348618 1.2483997e-08 3.2967833e-08 1.5804906e-07 0.00039188072 4.0366902e-07 1.288709e-08 2.2920946e-07 3.2845801e-07 7.170037e-07 0.0002870634 2.8542518e-06 7.841075e-07 4.9188424e-07 8.99029e-13 7.7727657e-07 4.971918e-07 1.1647723e-10 2.7788755e-07 1.3748863e-07 7.201028e-08 1.4335959e-07 8.806219e-09 5.0620937e-08 5.3439653e-08 1.1082022e-06 4.992325e-09 6.517535e-08 1.2658626e-08 1.0271868e-06 2.7794158e-09 4.3100957e-08 3.993879e-09 5.1790323e-09 6.490206e-08 4.959601e-07 1.0979423e-10 3.4388308e-09 3.1903136e-09 3.8939043e-09 6.9696835e-12 8.979605e-11
0.96957386 0.99144435 0.94187015 1.9397648e-12 0.020086344 0.101852305 0.09831943 0.95938396 0.58761567 0.005351164 0.07536441 0.9246965 0.00373642 0.0056710984 0.21718036 0.03245968 0.0074756206 0.03531545 0.06171925 0.0002536657 0.5433469 0.59864354 5.7913156e-05 0.0074078767 3.5376826e-05 0.64462227 0.0024147748 0.00058972713 0.3906032 0.5504767 0.00023684504 0.0006429624 0.0023025717 0.00023158213 3.313394e-06 0.26285872 0.0033821221 0.07945536 0.004819517 1.134727e-06 0.001703151 0.0009340712 0.04431343 0.004864189 1.1206668e-06 2.9131452e-05 8.178786e-05 1.0580052e-07 6.895657e-06 4.1281182e-06 9.291452e-05 1.2908389e-05 8.8175e-08 0.025041584 0.0015574788 1.4671672e-07 7.439845e-06 1.2716295e-06 6.7294575e-05 0.00045799426 1.7601219e-09 2.3559831e-08 3.5443586e-09 0.0005945758 3.118408e-07 6.5573175e-10 5.0475258e-08 2.1398469e-08 1.6302688e-07 0.003240984 9.642996e-07 4.92792e-08 6.942211e-11 4.0221465e-14 1.106157e-06 5.129996e-08 3.3603266e-11 8.821739e-08 1.8315645e-09 3.977711e-08 1.1414366e-08 4.0517995e-10 9.608419e-08 5.981231e-10 6.940437e-07 6.147368e-09 1.3809514e-08 1.20951755e-08 4.498991e-07 8.7728144e-11 4.140246e-08 6.4577925e-08 3.3340256e-10 3.7967168e-06 1.6909029e-08 1.2660183e-10 2.3530136e-09 3.40981e-10 2.2884667e-09 3.3567612e-13 7.331877e-11
0.9844066 0.084314995 0.8775931 0.020086344 3.1307223e-08 0.91991985 0.7364225 0.09088788 0.5364334 0.7657047 0.26477724 0.0049680066 0.9376813 0.1124853 0.039032172 0.76486206 0.012706034 0.8835734 0.9715712 0.0327881 0.001994884 0.0029311518 0.0027788198 0.7438435 0.0026917728 0.006477154 0.8874198 0.5667117 0.00027139118 0.048526 0.46749392 0.09972759 0.0365866 0.0013184707 0.0002121341 0.0032610702 0.12527691 0.00016752389 0.0005719114 0.002220755 0.24237135 0.11678293 0.00020241916 5.836595e-06 0.0003480344 9.622445e-07 2.8534653e-06 0.003314837 3.3323126e-06 0.00051820965 2.7348212e-06 2.3542202e-06 1.499021e-05 0.00013509189 3.5232316e-07 3.1884798e-07 1.00429e-06 2.653754e-07 5.7759644e-07 0.058829464 1.7665056e-07 0.0002572405 2.3681669e-05 5.247643e-07 5.695643e-07 1.291048e-07 1.1834258e-07 2.9615144e-08 3.1520888e-06 1.2464204e-06 1.128808e-06 2.8812713e-07 6.673503e-07 8.403422e-08 3.7415725e-07 7.646213e-07 5.7124e-08 5.2073837e-08 2.0386533e-08 3.5899503e-09 1.4438989e-07 2.5303697e-08 3.0858786e-08 9.049909e-08 6.484821e-05 1.2433696e-07 1.4718163e-08 1.7070601e-08 1.477913e-07 1.7424918e-09 5.179559e-06 2.0750326e-07 1.0670513e-08 0.00061793183 1.36760425e-08 5.876879e-09 7.123296e-07 4.5394341e-07 3.0438139e-06 3.6504817e-11 6.576092e-10
0.9275859 0.13950148 0.9023015 0.101852305 0.91991985 1.9090561e-10 0.98651356 0.46384838 0.5720309 0.96875316 0.9045639 0.025403088 0.38364792 0.4578515 0.22998554 0.6202957 0.08158667 0.45411566 0.28357086 0.08095607 0.0047653876 0.011918623 0.007876317 0.07803207 0.029198019 0.033019807 0.211318 0.047491875 0.0010946029 0.10611496 0.014409815 0.022075707 0.03130133 0.001425438 0.00019495202 0.02256193 0.07220948 0.00044535004 0.0017434163 0.0010480903 0.014878663 0.026285077 0.0010239895 0.00058147224 0.00048533903 4.4150556e-06 7.301128e-05 0.00011542036 1.6299844e-05 0.00010649676 1.0266428e-05 1.6032049e-06 5.40139e-05 5.2929736e-05 2.4736005e-06 1.6740681e-06 5.2662177e-05 4.7000267e-06 6.05406e-05 0.0017161932 1.7288599e-08 1.5959012e-06 1.4663335e-07 1.7087052e-06 6.2698496e-06 1.989361e-10 1.0405992e-06 5.12037e-07 1.5867665e-06 4.5238094e-06 5.5330617e-07 2.3319333e-06 5.4147753e-10 1.6295747e-12 2.366287e-08 9.4433165e-07 7.1971114e-09 4.6751953e-07 1.9932674e-08 3.11081e-09 4.5837498e-07 1.8002442e-09 7.7547696e-10 2.1393072e-09 1.5134616e-05 1.1144872e-08 1.21933e-07 6.422722e-08 8.529323e-09 4.5681245e-10 4.382478e-06 4.4140893e-07 3.6299335e-09 5.7127032e-05 4.3574472e-10 1.1850751e-10 1.6983676e-10 8.964884e-08 2.3576645e-08 2.1145485e-13 3.072349e-11
0.96033573 0.13769385 0.39505216 0.09831943 0.7364225 0.98651356 3.6617265e-09 0.6436893 0.84500647 0.84200937 0.98703384 0.045777693 0.50625485 0.5360979 0.49257976 0.72290885 0.15814506 0.2908128 0.45838156 0.058499966 0.008098451 0.012263225 0.0066516693 0.11471695 0.009527649 0.13083962 0.34907266 0.16237427 0.0016694011 0.18704213 0.044311 0.07473486 0.030195128 0.0014898974 0.0006803975 0.03415388 0.0899791 0.0008962116 0.0018780582 0.016193612 0.050760154 0.09848007 0.0014908377 0.0005599427 0.0020625412 8.439628e-06 0.00014932103 0.0064119487 4.2275475e-05 0.0023048152 3.4726076e-05 5.9078393e-06 0.0010927801 0.0003867296 3.561229e-05 1.5064345e-05 0.00014436257 1.792766e-05 8.620291e-05 0.009033514 8.250982e-08 8.39512e-05 6.0987118e-06 6.293992e-06 5.5513923e-05 2.2214632e-08 8.3929945e-06 4.5400425e-06 7.265675e-05 5.105474e-05 1.975329e-05 3.675445e-05 3.757999e-08 1.9361563e-09 2.122986e-06 1.7953735e-05 3.4133144e-08 9.3767284e-07 1.1739594e-06 2.0462102e-07 1.795488e-05 6.1760323e-07 1.3746523e-08 1.7556259e-07 0.00040471132 2.838555e-07 4.6750392e-07 6.586477e-07 1.1819972e-08 9.242526e-09 7.3631716e-05 3.036105e-06 9.628049e-08 0.0009078899 2.012548e-08 6.242076e-10 8.399508e-09 1.7530134e-06 2.9380263e-07 1.3767808e-11 2.794458e-10
0.96106064 0.8993082 0.5952099 0.95938396 0.09088788 0.46384838 0.6436893 7.388204e-13 0.99085236 0.07515655 0.7503738 0.78708684 0.012077524 0.06312309 0.93099153 0.18347366 0.0806996 0.015394358 0.0622557 0.0035160708 0.22729419 0.48225483 0.0023250373 0.006705674 0.00094116374 0.2764403 0.008974639 0.002567387 0.05129574 0.60970694 0.000723122 0.0019190689 0.0017072257 0.00088923814 5.5534838e-05 0.3738185 0.004308804 0.01079675 0.0047110035 2.8819391e-05 0.0010290641 0.0037008328 0.013894519 0.0038706323 0.0001311131 2.0298006e-05 0.000111618385 4.4359192e-07 2.227931e-05 3.8255264e-05 0.0001142002 3.074055e-05 2.2501263e-06 0.0015333338 0.00045717013 3.6667986e-06 4.276781e-05 3.9506976e-05 0.00075778266 0.00019274141 2.2669719e-08 7.815718e-08 1.8383778e-10 3.733492e-05 2.856918e-06 1.0241584e-10 6.802803e-07 1.3773496e-07 2.5540467e-06 0.00090639456 2.245695e-06 2.7628448e-06 2.1055276e-11 1.466801e-14 4.8679544e-06 3.6276117e-07 1.0496971e-08 4.908966e-06 3.564217e-08 9.0508415e-08 9.549898e-08 1.223198e-09 2.8399672e-08 1.5077076e-09 1.5622234e-05 9.078677e-08 8.0657074e-08 7.6979084e-08 5.3918193e-08 1.09562234e-10 8.147016e-07 9.4556e-07 2.1592796e-09 5.64037e-06 1.0787974e-09 1.830616e-11 2.1814073e-11 3.732073e-10 1.6567467e-08 2.895465e-13 1.3201336e-11
0.9860197 0.7331584 0.3055476 0.58761567 0.5364334 0.5720309 0.84500647 0.99085236 5.5611754e-10 0.26754522 0.8883702 0.4638899 0.19922148 0.18809605 0.92129713 0.52968764 0.20938778 0.11011224 0.3796162 0.028038116 0.05829988 0.1229238 0.007462902 0.064502 0.004440186 0.4018003 0.15445092 0.037458483 0.008090936 0.6034395 0.008512244 0.06380924 0.018368397 0.0019468524 0.0002295353 0.18916608 0.037008893 0.0029698976 0.007894613 0.008951627 0.018621331 0.04201954 0.01911538 0.004544449 0.00233642 9.068826e-05 0.0006214828 0.0019561213 0.00012145377 0.003957593 0.00023145563 2.6692398e-05 0.0014186626 0.0013042489 0.00027302455 2.9075885e-05 0.0001452813 6.565863e-05 0.00058013597 0.003954693 1.156198e-07 3.2046915e-05 1.2381497e-06 7.3142786e-05 0.00019277044 5.109655e-08 5.820095e-05 6.7827705e-06 0.0002340846 0.0003797237 0.00010367044 8.1327795e-05 8.176832e-08 2.1236053e-10 2.6585292e-05 7.0206086e-05 7.7945636e-08 7.3788506e-06 2.8759907e-06 1.1282914e-06 3.7432466e-05 1.709926e-06 8.303084e-07 6.7751344e-08 0.0010806568 5.821877e-07 8.510603e-07 9.3324974e-07 5.447207e-07 8.0822474e-08 0.00031482946 8.071114e-05 9.4506316e-07 0.002659626 2.0990662e-07 1.2603786e-09 2.2396498e-09 1.6583814e-06 7.494218e-07 7.604964e-11 4.201987e-09
0.9617901 0.006995203 0.58923954 0.005351164 0.7657047 0.96875316 0.84200937 0.07515655 0.26754522 1.819622e-08 0.84108835 0.0055202995 0.95920885 0.9432215 0.21345054 0.9010148 0.29544935 0.869305 0.3414874 0.8427212 0.0014433463 0.0053571975 0.22286847 0.23005226 0.639056 0.006340206 0.6553872 0.44130373 0.00019396635 0.11879459 0.16372761 0.43553635 0.2671176 0.020026071 0.0009569652 0.02136872 0.4265297 0.0004675762 0.005053858 0.036560375 0.12033483 0.25681013 0.0012325848 0.0004699516 0.006412435 2.5586729e-05 0.0005232122 0.013961869 0.00015260864 0.004422724 3.0070718e-05 2.72706e-06 0.0006084288 7.5539836e-05 3.4769351e-07 4.131401e-05 0.00016089182 4.5546072e-05 0.00020600152 0.012355548 1.19175695e-07 0.00020936674 2.2522227e-05 2.0633772e-06 2.4063205e-05 7.395357e-08 4.8238758e-06 1.8559463e-06 3.304793e-05 1.8577286e-05 6.429905e-06 1.8401837e-05 9.119253e-08 7.3022135e-09 7.859458e-08 1.3548182e-05 1.9454824e-08 2.445302e-06 6.4213043e-07 1.9630899e-07 3.9220413e-06 6.350196e-08 1.1315931e-08 8.249534e-08 4.3954344e-05 3.0037552e-07 1.5236475e-06 1.89497e-06 5.751046e-08 8.001856e-08 1.6604346e-05 6.023565e-07 3.4510686e-07 0.00039514512 3.998109e-09 2.991511e-09 1.677712e-08 9.321939e-07 2.4817928e-06 1.9032972e-10 8.902749e-10
0.942073 0.070344575 0.11987792 0.07536441 0.26477724 0.9045639 0.98703384 0.7503738 0.8883702 0.84108835 3.528329e-11 0.04698575 0.21370372 0.9333727 0.94021225 0.88002545 0.8253665 0.15256901 0.119035006 0.073918745 0.0101874145 0.028308347 0.09632693 0.028868653 0.0643289 0.05275001 0.14506608 0.048771568 0.0014817795 0.3912949 0.012427623 0.039910812 0.01799547 0.00852371 0.0006720972 0.14897546 0.046181165 0.00048306683 0.0076343664 0.0052220277 0.012504023 0.027266433 0.0063103014 0.002228943 0.0025051371 1.9122315e-05 0.00045406423 0.0009989118 0.00013888629 0.0014777391 4.778006e-05 7.662313e-06 0.00028412166 0.00018256363 3.14156e-05 1.4169171e-05 0.00027451038 6.11255e-05 0.00028541597 0.0033678636 3.8607308e-08 1.4965312e-05 1.7649344e-07 2.4663475e-06 4.8405833e-05 1.4195407e-09 3.3572924e-06 9.763646e-07 1.461471e-05 4.1963773e-05 1.2036141e-05 1.858409e-05 2.1906283e-09 2.7874774e-11 3.5034286e-06 4.7278672e-06 1.0688527e-07 1.4000949e-06 1.0836536e-06 2.0368782e-07 1.8583089e-06 6.2149724e-08 4.089371e-09 5.406707e-09 4.0534287e-05 8.92772e-08 5.7498755e-07 3.9720348e-07 4.31406e-08 8.095635e-09 4.0352566e-06 5.2164455e-06 2.3121158e-08 0.00022987551 1.4461155e-08 1.1136785e-10 7.4444434e-10 1.6982948e-08 2.611834e-07 1.650895e-12 4.7331562e-11
0.96468884 0.40576977 0.17608458 0.9246965 0.0049680066 0.025403088 0.045777693 0.78708684 0.4638899 0.0055202995 0.04698575 3.6473582e-10 0.0011730675 0.011959475 0.578385 0.041446343 0.07583452 0.0034472684 0.0019890994 0.0019163339 0.9781354 0.96875733 0.0048949695 0.00023287577 0.0041061956 0.7932104 0.00120235 0.00023560443 0.95834994 0.6852003 5.957763e-05 0.00019070476 0.0005571361 0.0036089441 0.00010326371 0.6245701 0.0018673034 0.18377015 0.051374655 1.7893537e-06 4.4672586e-05 0.00039642619 0.07383424 0.03012698 0.0008641231 0.0019009021 0.0025745612 1.8804784e-07 0.00082227745 9.660737e-06 0.0012660994 0.00042406205 1.1685146e-05 0.017139891 0.0051652812 0.00067410094 0.0002931898 0.0010973722 0.005691129 4.613449e-07 7.3032646e-07 1.3378943e-07 3.9299146e-12 0.0034790188 1.0945839e-05 3.5203987e-10 4.920078e-06 4.708016e-06 3.9573474e-06 0.0054641976 5.8987134e-06 5.03439e-05 2.9063847e-11 3.1753534e-14 0.00021522086 1.8422365e-05 2.2964707e-07 8.589059e-05 1.5594273e-06 2.761803e-05 1.9468096e-06 4.6278632e-07 2.8473914e-05 7.2638597e-09 3.434793e-07 3.601328e-07 5.6954505e-06 3.3999616e-08 3.1178683e-06 2.124891e-09 2.4563833e-06 3.074731e-06 5.0514068e-08 5.5765906e-07 1.7534089e-07 1.738712e-11 5.3437355e-10 4.566957e-10 1.2901901e-07 1.3311349e-11 1.17633e-11
0.9711185 0.029454086 0.45360687 0.00373642 0.9376813 0.38364792 0.50625485 0.012077524 0.19922148 0.95920885 0.21370372 0.0011730675 1.1496099e-09 0.5067514 0.012831837 0.8674138 0.03354667 0.97791916 0.09583657 0.7941121 0.0018767603 0.0017437347 0.08525383 0.4825017 0.16218683 0.0010686173 0.9166548 0.80682296 0.0005214292 0.04606915 0.61209697 0.23722282 0.22709681 0.0075677666 0.00036374922 0.006062663 0.51169443 0.0002075703 0.0032672195 0.019594403 0.48827225 0.45108637 0.0018787399 8.777787e-05 0.00039325285 2.1747588e-05 8.897915e-05 0.026067104 2.6206566e-05 0.0046579796 1.258019e-05 1.7902655e-06 0.00016568559 7.0315844e-05 1.6806348e-06 6.597048e-06 2.2177842e-06 3.695715e-07 2.4587082e-06 0.078603975 8.544059e-09 0.00012371405 0.00052209024 3.927139e-06 3.922615e-07 8.152189e-06 1.2105382e-07 4.3960018e-08 4.5005468e-06 3.249182e-05 7.7938466e-07 1.4924158e-06 3.5711714e-06 2.5121574e-07 2.8579086e-07 2.5186691e-06 2.879895e-09 5.837468e-08 1.3814705e-08 1.3744929e-07 1.6342602e-07 2.4504228e-09 7.0011447e-07 1.1522292e-08 9.786429e-05 3.0812092e-08 3.895437e-08 4.787625e-07 2.1272663e-06 3.860974e-08 1.5458212e-06 1.2210091e-07 3.8998846e-07 0.005414823 1.8902535e-06 5.080898e-08 9.8367266e-08 1.0301642e-06 9.585942e-06 1.9707329e-08 8.6165464e-08
0.9653688 0.009073572 0.032860376 0.0056710984 0.1124853 0.4578515 0.5360979 0.06312309 0.18809605 0.9432215 0.9333727 0.011959475 0.5067514 3.9046664e-09 0.70076686 0.8742519 0.9733619 0.36533305 0.04391769 0.83611137 0.0029754203 0.0090451045 0.90814537 0.02921172 0.91260815 0.0149795 0.24111366 0.23236068 0.0005684178 0.45267865 0.045801576 0.41125003 0.19929759 0.14859605 0.011601917 0.14108954 0.256135 0.00028166498 0.051433653 0.05753465 0.045754295 0.12232524 0.023018524 0.0032515314 0.033511434 0.0002404764 0.001730145 0.011972935 0.0009286801 0.01636927 0.0004206729 5.6535297e-05 0.001342739 6.0641956e-05 9.715888e-06 0.00023908971 0.0011698293 0.00048113675 0.00075954985 0.011285734 1.3361597e-06 0.00040717082 1.2485386e-05 8.094003e-06 0.000596248 5.555427e-07 9.664134e-05 9.925496e-06 0.0003286678 2.120735e-05 9.3105664e-05 0.00017082818 1.0482352e-07 3.5355674e-09 7.183216e-06 0.00012859664 6.2140953e-06 6.7981346e-05 3.8489325e-05 1.860727e-07 5.7338857e-05 1.9436056e-06 1.0715736e-07 1.909935e-07 0.00025642634 6.210313e-07 1.6864395e-05 1.7519305e-06 2.99376e-09 1.1184699e-07 6.2752544e-05 2.6985322e-06 4.0223026e-07 0.00060685404 5.018953e-09 1.9498763e-09 1.26404585e-08 5.024274e-07 1.313911e-06 8.0592824e-11 1.8107439e-09
0.98584855 0.10950359 0.031433787 0.21718036 0.039032172 0.22998554 0.49257976 0.93099153 0.92129713 0.21345054 0.94021225 0.578385 0.012831837 0.70076686 2.882174e-10 0.8154755 0.95138085 0.011030012 0.011027776 0.024164632 0.1583663 0.4153424 0.12770583 0.0036526101 0.039580923 0.12887439 0.008312441 0.0059958664 0.03368575 0.94844294 0.0017898532 0.006577367 0.0049135378 0.034459002 0.0015991317 0.86038303 0.008456198 0.007510976 0.115852304 0.0014833545 0.0006808789 0.0058783707 0.07040564 0.047929894 0.010015241 0.00048600184 0.0041319197 0.00010201443 0.0023734397 0.0020977065 0.0014221676 0.00061649265 0.00010496773 0.0019200465 0.0026482544 0.0013053793 0.0019206454 0.0023036986 0.010918853 0.0007811315 1.324177e-06 1.4796957e-05 4.962915e-08 0.00029174058 0.000384365 1.0116736e-08 0.00024717493 5.581204e-05 0.00024059063 0.006956651 0.000281499 0.00026238544 1.5494201e-09 1.7615475e-11 0.00087219046 6.344213e-05 1.608141e-05 0.00047709624 0.0001778627 6.7826055e-05 3.649121e-05 1.5424275e-05 6.3896337e-06 1.6035206e-07 0.00016956183 5.723765e-06 3.739204e-05 9.3158417e-07 0.00053649687 3.410615e-07 6.8022724e-05 0.00011557214 2.6509072e-06 7.550814e-05 4.2474787e-07 2.4013834e-08 1.08963654e-07 1.7088948e-07 7.399576e-06 1.02582005e-10 7.430758e-09
0.9969702 0.07341521 0.03801307 0.03245968 0.76486206 0.6202957 0.72290885 0.18347366 0.52968764 0.9010148 0.88002545 0.041446343 0.8674138 0.8742519 0.8154755 1.7105377e-08 0.88573253 0.7929972 0.65645635 0.19447793 0.008862707 0.022720909 0.15013304 0.20619775 0.06756033 0.045690294 0.78857315 0.32293078 0.0015531735 0.20979175 0.08352998 0.45819983 0.18536821 0.015340199 0.006962183 0.06336912 0.3100003 0.00040292693 0.008435778 0.02541177 0.06849812 0.3063234 0.0043046516 0.0008644718 0.018330667 2.7772781e-05 0.00022910559 0.025936274 9.832578e-05 0.009838873 0.00014384599 0.00010891397 0.0027051854 0.00027391652 3.927444e-05 1.2551584e-05 9.6474476e-05 2.9352987e-05 7.280172e-05 0.013101991 7.419538e-06 0.0008644858 4.56477e-05 7.882782e-06 0.00015739574 2.3001433e-06 1.22860165e-05 2.4436727e-06 0.00039618093 3.5355883e-05 2.1819007e-05 7.3281694e-06 2.1308583e-06 1.0174635e-06 3.8246184e-05 1.114439e-05 4.2671068e-06 7.1652416e-08 8.805807e-07 2.0957157e-07 6.762321e-06 6.234688e-06 7.995955e-07 6.572751e-06 0.003739065 5.1516517e-06 4.445039e-08 1.2852307e-06 1.1468833e-05 1.2093826e-06 0.0012230038 3.472194e-05 4.6957857e-07 0.0048030377 8.3376285e-08 8.707264e-08 4.1223294e-07 6.23228e-06 2.176816e-06 2.6126736e-09 3.3680124e-08
0.9874663 0.004240785 0.005256085 0.0074756206 0.012706034 0.08158667 0.15814506 0.0806996 0.20938778 0.29544935 0.8253665 0.07583452 0.03354667 0.9733619 0.95138085 0.88573253 3.292563e-10 0.03717257 0.0026083535 0.16238728 0.011344125 0.05294345 0.8876285 0.0027592813 0.5030071 0.026075551 0.010445336 0.009489152 0.003100137 0.91476166 0.0021202145 0.030562157 0.0190781 0.23256563 0.0077431947 0.80446464 0.025827639 0.00086827367 0.405273 0.0043771667 0.0012098812 0.007790848 0.09662557 0.085473455 0.06691497 0.0015885268 0.014884176 0.00027239285 0.004832496 0.0064631104 0.0027055067 0.0007382614 0.0004399358 0.00055214757 0.00017438062 0.00311672 0.00619338 0.003287832 0.013461302 0.0011771001 7.709546e-06 0.00013989271 5.116777e-07 4.715392e-05 0.0006332722 8.925608e-08 0.00018361057 4.485115e-05 0.00043479068 0.001539998 0.0001941729 0.00016286878 1.427761e-08 3.2444297e-10 0.0003203053 0.00010061969 1.490694e-05 0.0006577743 0.00012299094 3.160103e-05 2.0923688e-05 1.3755658e-05 2.8401973e-06 1.4941368e-07 0.0002421116 6.5434997e-06 2.8603301e-05 3.6832923e-06 5.5010776e-05 2.2561214e-06 7.732052e-05 9.7731565e-05 1.7924657e-06 0.00036816808 2.4191044e-07 6.4185095e-08 8.661381e-08 2.1413628e-07 2.3596058e-06 1.654364e-10 9.115318e-09
0.9242238 0.051651657 0.905961 0.03531545 0.8835734 0.45411566 0.2908128 0.015394358 0.11011224 0.869305 0.15256901 0.0034472684 0.97791916 0.36533305 0.011030012 0.7929972 0.03717257 1.4745398e-11 0.599827 0.8247458 0.0023548345 0.0023452635 0.08800324 0.7034827 0.6983376 0.00079949235 0.9690355 0.7815612 0.0023825553 0.040604137 0.24931125 0.20820756 0.7442544 0.025149647 0.004101401 0.009729093 0.83418894 0.0013678725 0.007591828 0.004486132 0.35034278 0.26243606 0.0040838746 0.00070762663 0.014802682 0.00015821971 0.00033689252 0.0071410732 0.00013779312 0.031205596 0.00013396482 9.385645e-06 0.006555464 8.756667e-05 9.332866e-06 0.00010879468 0.000101994585 2.0911859e-05 0.0001827122 0.0068419985 9.2192536e-08 4.900432e-05 8.6070195e-06 2.6230973e-05 7.344044e-06 5.8067144e-06 2.5369907e-06 4.465785e-07 1.627275e-06 1.2635464e-05 3.7320483e-06 8.908381e-06 1.302813e-07 1.0744753e-08 2.412666e-06 3.065172e-06 1.0778821e-09 2.168342e-06 3.076225e-07 1.6698547e-07 6.5901406e-07 4.4396668e-08 9.47451e-07 2.0028625e-09 1.4814267e-05 2.5837625e-07 7.0067097e-07 1.403542e-07 7.5435837e-06 4.4887862e-09 1.2029187e-05 2.1422235e-08 1.8201645e-07 2.4651894e-05 1.0954376e-06 1.8555947e-09 4.196079e-08 7.715651e-08 1.2884731e-06 4.772411e-10 1.680021e-08
0.8541842 0.41970193 0.95929754 0.06171925 0.9715712 0.28357086 0.45838156 0.0622557 0.3796162 0.3414874 0.119035006 0.0019890994 0.09583657 0.04391769 0.011027776 0.65645635 0.0026083535 0.599827 3.165686e-16 0.008091882 0.006399209 0.006643649 0.00072057825 0.9984517 0.00052210497 0.0023165185 0.21501526 0.0014853157 0.0018043162 0.11000976 0.0018044737 0.00085236575 0.0031932502 0.0001471077 4.1601584e-06 0.013767169 0.0033573627 0.0018449258 0.0003274102 2.1043435e-07 0.019232178 0.0027052655 0.0023493469 6.2358864e-05 2.4219726e-06 1.16395334e-07 3.3574103e-08 4.945927e-07 1.5088734e-08 3.5529092e-06 9.088033e-08 4.7606217e-09 5.4483674e-08 0.00013990846 1.8947358e-05 1.9738936e-11 8.4380495e-08 6.349508e-11 2.5233127e-09 0.0048356424 2.3902355e-10 1.8689441e-08 1.5194126e-05 2.5464294e-08 3.712926e-09 1.70418e-09 1.08409795e-10 4.964198e-10 1.914056e-09 8.4988145e-08 2.2741304e-08 6.1167245e-09 5.615646e-07 1.8849524e-13 1.3932292e-09 3.8318515e-10 6.4524232e-12 1.3424256e-10 4.699739e-10 3.5232314e-11 2.4065072e-10 1.4329525e-12 6.4252124e-11 7.1590467e-10 3.682491e-10 4.8181326e-10 3.7800937e-10 8.4707924e-10 1.8142172e-10 3.7774233e-12 2.2088753e-09 1.6377995e-10 2.7665834e-10 6.2355966e-08 3.5065334e-10 2.386573e-10 6.8676496e-09 9.9420576e-11 6.844457e-11 1.0495628e-12 4.4358597e-11
0.9880475 0.00030964537 0.106604725 0.0002536657 0.0327881 0.08095607 0.058499966 0.0035160708 0.028038116 0.8427212 0.073918745 0.0019163339 0.7941121 0.83611137 0.024164632 0.19447793 0.16238728 0.8247458 0.008091882 4.8020593e-10 0.00076418545 0.0016087003 0.5736704 0.05754472 0.9609929 0.0022926843 0.5185963 0.8790624 7.993144e-05 0.10599171 0.50584817 0.9505577 0.84672207 0.1994154 0.03697497 0.022186443 0.8238555 7.940196e-05 0.01861534 0.64896727 0.29384738 0.732224 0.0022767046 0.00026087885 0.17633931 0.00011520162 0.00093999057 0.23474069 0.00027352988 0.0942293 7.579435e-05 3.368912e-06 0.01446771 3.3502187e-05 1.02532674e-07 9.444389e-05 0.0002690107 3.9241047e-05 0.00011232605 0.045598004 2.549935e-07 0.0020720332 0.00043849443 8.700993e-07 0.000106017746 3.440156e-05 2.2822205e-05 1.8047404e-06 0.0005508882 5.186261e-06 4.081859e-05 6.522258e-05 6.7911137e-06 5.7956936e-06 2.8689643e-08 7.021512e-05 8.494985e-09 1.8246178e-06 1.1849002e-06 1.7777154e-07 2.0367017e-05 1.8429824e-06 2.3800374e-07 2.6956295e-07 0.001723408 9.0885663e-07 6.424965e-08 8.044908e-07 6.7514605e-07 2.9707019e-08 0.00018345231 6.017588e-07 9.0577277e-07 0.023227828 8.265642e-09 1.1973064e-08 1.07630335e-07 2.0286654e-06 6.831963e-07 2.7581861e-09 6.705247e-09
0.98064965 0.047020715 0.04697628 0.5433469 0.001994884 0.0047653876 0.008098451 0.22729419 0.05829988 0.0014433463 0.0101874145 0.9781354 0.0018767603 0.0029754203 0.1583663 0.008862707 0.011344125 0.0023548345 0.006399209 0.00076418545 5.092683e-13 0.9806133 0.0019742867 0.00027245493 0.00058758154 0.82253647 0.0009086795 0.0005867435 0.9552875 0.57268846 0.00012913493 0.0010285568 0.0005894966 0.004321605 0.00021146932 0.5586027 0.0008555831 0.31120983 0.046138115 1.0068894e-05 0.00021734557 0.000940899 0.16959378 0.098917775 0.00067180785 0.0025371031 0.0029980433 4.7506893e-07 0.0008933398 0.00022204743 0.0032724473 0.00095239014 4.0737723e-06 0.050608903 0.034031156 0.0002696505 0.00033648987 0.0016455229 0.012239923 1.5990585e-05 1.7394443e-06 1.9542836e-06 1.1885958e-09 0.0096963765 6.254223e-05 3.5729975e-08 1.1012673e-05 9.66318e-06 1.8006771e-05 0.06288399 4.47726e-05 5.159644e-05 2.6331752e-09 1.3435839e-13 0.00066581456 1.2089658e-05 9.537985e-06 0.00038918963 7.947168e-06 0.00027899953 6.1072033e-06 3.528366e-07 0.0001272952 3.6723407e-07 0.0001100003 2.386678e-06 1.6540733e-05 1.3480879e-07 0.0002873548 1.4947261e-08 1.0845493e-05 0.0001579696 2.6759886e-07 1.27410385e-05 9.8714045e-06 4.203925e-10 1.0794715e-07 3.6463168e-09 8.015252e-08 6.4372422e-12 1.3794633e-09
0.9946044 0.068996325 0.03603225 0.59864354 0.0029311518 0.011918623 0.012263225 0.48225483 0.1229238 0.0053571975 0.028308347 0.96875733 0.0017437347 0.0090451045 0.4153424 0.022720909 0.05294345 0.0023452635 0.006643649 0.0016087003 0.9806133 1.6115791e-08 0.007560366 0.0006452558 0.003830954 0.6896283 0.0025464164 0.00091702683 0.5236371 0.8408598 0.00024087944 0.00071744976 0.001101781 0.012034105 0.0004504693 0.81115425 0.0017178995 0.09605609 0.08954077 7.5308075e-05 0.00040265708 0.0014983335 0.11665607 0.090434074 0.0036757078 0.004431153 0.006421829 3.163578e-06 0.0027563432 0.0007010125 0.0055232327 0.0020526748 2.325465e-05 0.019922966 0.013247929 0.0028063268 0.0020327482 0.005249303 0.016368534 0.00015804026 2.0078121e-05 6.2812805e-06 1.41027945e-08 0.002994724 0.0002768059 2.0769996e-08 0.00016518704 9.1070906e-05 0.000107698776 0.03780869 0.00021410639 7.3807896e-05 7.173019e-09 3.6747133e-12 0.00067558436 8.1057566e-05 2.9096938e-05 0.0003849907 6.374117e-05 0.00015817808 1.29937835e-05 1.791602e-05 0.00012016008 3.7890936e-07 0.00017839356 1.3635627e-05 3.3224453e-05 9.949334e-07 0.000634707 3.126827e-07 8.1744896e-05 0.00048219142 1.4825087e-06 5.8052115e-05 1.0313748e-05 1.7533848e-08 2.5307452e-07 6.020243e-08 5.9311596e-06 1.7499207e-11 6.3851595e-09
0.98600197 0.00025755397 0.004565741 5.7913156e-05 0.0027788198 0.007876317 0.0066516693 0.0023250373 0.007462902 0.22286847 0.09632693 0.0048949695 0.08525383 0.90814537 0.12770583 0.15013304 0.8876285 0.08800324 0.00072057825 0.5736704 0.0019742867 0.007560366 3.4401853e-11 0.0044138264 0.99231374 0.0029748045 0.05018319 0.068449415 0.000952729 0.6469746 0.010466186 0.43911386 0.2218183 0.91482407 0.18141454 0.36027792 0.2595973 8.0355625e-05 0.4768846 0.1657444 0.021141283 0.13469772 0.0620648 0.021213567 0.37980047 0.002344803 0.021480007 0.024039818 0.007407039 0.09023834 0.0021912558 0.0002829578 0.004974765 9.03198e-05 4.5050174e-06 0.0016136657 0.0073581743 0.0014883047 0.0020600308 0.0059576347 9.491961e-06 0.0013686072 0.000103251 1.3486763e-06 0.0023775594 7.706245e-06 0.00024808722 3.2159187e-05 0.0018249565 0.00017968575 0.00031367026 0.0002719495 8.481503e-08 6.760406e-08 1.4263898e-05 7.132902e-05 5.389465e-06 3.9130955e-05 8.008372e-05 8.369339e-07 2.8817029e-05 4.4417216e-06 7.700669e-08 9.701008e-08 0.0017713845 1.8971849e-06 5.158052e-06 7.384102e-06 4.3865685e-07 1.6824764e-07 0.00013573824 4.8857905e-06 5.370535e-07 0.0021258593 2.4463983e-08 1.156333e-08 1.2937257e-08 8.5488885e-08 1.9298132e-07 1.6933474e-10 7.4393613e-10
0.6056085 0.03446864 0.117567845 0.0074078767 0.7438435 0.07803207 0.11471695 0.006705674 0.064502 0.23005226 0.028868653 0.00023287577 0.4825017 0.02921172 0.0036526101 0.20619775 0.0027592813 0.7034827 0.9984517 0.05754472 0.00027245493 0.0006452558 0.0044138264 8.6257736e-15 0.0037998524 0.00086616306 0.9947493 0.028652685 5.7312787e-05 0.015865436 0.03827928 0.025039678 0.06776316 0.0033205117 9.403712e-05 0.00088562304 0.04639508 2.059078e-06 0.0005717102 0.0008832655 0.3275257 0.06722597 3.6348392e-05 1.8115276e-06 2.2702769e-05 9.0610723e-07 7.646512e-07 0.004598587 2.9375613e-07 0.0010780643 3.9830084e-07 9.4932e-08 7.4347527e-06 3.6478352e-06 7.0988347e-07 2.6160896e-09 7.7924966e-08 2.9618333e-10 2.3142292e-08 0.06228949 4.1530326e-09 0.00023238214 0.0010845915 8.93507e-10 1.1540637e-08 8.674029e-06 2.2147152e-08 7.0704274e-08 4.989798e-07 7.339692e-07 5.5526808e-08 2.2149388e-08 0.00066499214 2.706305e-08 4.0468815e-09 9.940817e-09 6.7579786e-09 3.4834566e-09 1.7851853e-09 2.6406752e-12 1.0891348e-09 5.4433347e-10 1.2498427e-13 9.53086e-09 7.8322716e-07 1.2741529e-10 4.8751556e-08 3.5631615e-09 6.604094e-11 1.8741253e-10 2.557498e-08 1.3574179e-07 6.5513817e-09 5.811377e-05 3.6094527e-11 1.2819168e-10 2.611438e-09 1.13435e-09 2.7587939e-11 9.264193e-14 1.4208625e-13
0.9141454 0.00011371223 0.024323681 3.5376826e-05 0.0026917728 0.029198019 0.009527649 0.00094116374 0.004440186 0.639056 0.0643289 0.0041061956 0.16218683 0.91260815 0.039580923 0.06756033 0.5030071 0.6983376 0.00052210497 0.9609929 0.00058758154 0.003830954 0.99231374 0.0037998524 3.5402924e-12 0.0008345704 0.07842058 0.04775896 0.00038713755 0.083036594 0.008361437 0.664026 0.62967193 0.77043056 0.25576404 0.06332235 0.66988605 5.013084e-05 0.103586644 0.1769421 0.0126696965 0.18022953 0.018868385 0.005765795 0.8759654 0.0022580794 0.03568672 0.015358584 0.01233585 0.16495539 0.0014718459 0.00014868088 0.030533949 7.721849e-06 1.9770816e-07 0.0024293154 0.021943094 0.0018025095 0.0027327244 0.0023469653 7.4085788e-06 0.00057842396 4.365117e-06 2.1643793e-06 0.0013315878 2.9918025e-05 0.00025325018 1.9288565e-05 0.0012027083 6.0894195e-06 0.00026604987 0.00023523104 1.9761115e-08 3.155945e-08 4.825456e-07 0.00012310594 3.3456674e-06 0.0002791419 3.715751e-06 2.8956158e-08 1.1055015e-05 1.5875453e-07 3.7260524e-08 8.3245666e-08 0.0013414954 2.8604923e-06 1.0580467e-05 2.1792632e-06 5.027991e-08 5.8112068e-08 1.1321323e-05 7.414381e-08 4.6789418e-07 0.00023538072 9.815469e-09 2.0905715e-09 1.6892739e-09 1.2173514e-07 1.7271567e-07 1.8995326e-10 1.1354041e-09
0.97320247 0.3222535 0.23623852 0.64462227 0.006477154 0.033019807 0.13083962 0.2764403 0.4018003 0.006340206 0.05275001 0.7932104 0.0010686173 0.0149795 0.12887439 0.045690294 0.026075551 0.00079949235 0.0023165185 0.0022926843 0.82253647 0.6896283 0.0029748045 0.00086616306 0.0008345704 1.2391259e-09 0.0015896331 0.00014859314 0.9308051 0.7440538 0.00013823443 0.00011624987 0.00020023213 0.006974866 9.579412e-05 0.4454736 0.0006194629 0.9986479 0.07194061 2.7932554e-05 7.999564e-05 0.00029097038 0.09179724 0.004373835 0.00020719589 0.00043748927 0.00023413484 1.3332543e-05 9.9667806e-05 9.581856e-06 0.00017874115 0.00011725429 1.5889168e-06 0.06177325 0.011408019 3.102343e-05 5.6352816e-05 0.00010664839 0.00031446668 0.00010816248 2.3855266e-06 5.676823e-06 1.03546974e-07 0.031156035 6.4591477e-06 1.0216912e-08 1.2079556e-06 7.052659e-07 5.189123e-07 0.0408384 3.1139907e-06 4.594081e-06 1.4450326e-07 7.398901e-11 1.7791079e-05 6.8671056e-07 1.8746357e-07 8.213612e-06 2.539634e-06 9.08858e-06 3.5095513e-06 3.8208918e-07 3.2313717e-06 1.4169777e-07 1.6734265e-06 2.4385614e-07 4.3169143e-07 4.592183e-10 0.00010137695 4.4133378e-10 7.5217463e-06 1.6085045e-05 4.837069e-08 2.5862414e-06 7.3851725e-06 2.6754948e-08 3.829746e-07 1.2660895e-08 9.847258e-08 2.435974e-11 7.1433875e-10
0.8730657 0.04738322 0.12295358 0.0024147748 0.8874198 0.211318 0.34907266 0.008974639 0.15445092 0.6553872 0.14506608 0.00120235 0.9166548 0.24111366 0.008312441 0.78857315 0.010445336 0.9690355 0.21501526 0.5185963 0.0009086795 0.0025464164 0.05018319 0.9947493 0.07842058 0.0015896331 1.6801376e-10 0.53979117 0.0009267236 0.10099273 0.65630764 0.4774363 0.6689897 0.014076777 0.0010046785 0.014832258 0.527632 0.00015028207 0.013351764 0.005543266 0.7625 0.2988131 0.0040541156 0.0002464053 0.0020125024 0.00012905514 0.00012781256 0.030515775 0.000174529 0.0044734343 0.00015428242 2.0438094e-05 0.00029721504 0.0001395194 3.830727e-06 3.3044512e-06 3.594836e-05 1.6254975e-06 1.30925355e-05 0.18724643 1.94586e-07 8.469432e-05 0.001293402 1.09381375e-07 5.2392147e-06 8.161706e-07 6.8376335e-07 2.900056e-07 2.6382868e-06 1.9323013e-05 2.0538791e-06 1.7858097e-06 7.311238e-05 9.865828e-09 5.380532e-07 6.9333987e-07 3.5261948e-08 4.94583e-08 1.5379513e-06 7.134419e-09 1.2428634e-07 1.3737899e-08 9.98455e-11 7.663624e-07 2.811833e-07 1.15233485e-08 5.056157e-07 9.316584e-08 9.972171e-07 2.9268985e-09 1.5039417e-06 8.274243e-08 3.3998514e-08 8.6135944e-05 4.0334034e-09 1.2252807e-09 1.685798e-07 1.41154155e-08 7.664925e-09 1.2410807e-11 8.3585215e-11
0.9791388 0.0061121252 0.005291086 0.00058972713 0.5667117 0.047491875 0.16237427 0.002567387 0.037458483 0.44130373 0.048771568 0.00023560443 0.80682296 0.23236068 0.0059958664 0.32293078 0.009489152 0.7815612 0.0014853157 0.8790624 0.0005867435 0.00091702683 0.068449415 0.028652685 0.04775896 0.00014859314 0.53979117 8.2706335e-11 4.88318e-05 0.047217265 0.9916608 0.67429245 0.7707752 0.013071197 0.0048545734 0.0043312246 0.7715185 1.0193463e-05 0.0025044456 0.009723991 0.8299495 0.5691179 0.0007196309 1.3710003e-05 0.0015239926 1.7004675e-05 0.000114157185 0.020734519 9.100657e-05 0.0034379032 1.36800945e-05 1.9722684e-05 0.0001707925 2.8421906e-05 1.383431e-06 3.4353596e-07 8.6978406e-07 7.016315e-08 1.4602658e-07 0.53060496 1.5776242e-06 0.0002496482 0.010468703 3.9871162e-07 7.7480615e-07 6.0876337e-05 2.213617e-08 6.8528245e-09 1.6452042e-06 1.8276437e-07 1.9994617e-07 6.195148e-08 0.00011995867 1.6752829e-05 1.2473145e-06 1.3434823e-08 4.1674707e-07 3.054043e-08 2.1376918e-09 2.6901297e-08 4.6056742e-10 2.4676827e-09 7.711351e-09 3.753212e-07 8.9783054e-05 6.0424626e-10 1.4474069e-08 3.2441902e-09 5.9537126e-07 1.096765e-08 3.089725e-06 5.7862186e-09 3.094809e-08 0.004095882 1.613714e-06 8.069751e-09 1.7425982e-07 9.797424e-08 2.3987008e-08 8.49618e-10 8.425791e-09
0.9986521 0.009217444 0.058155876 0.3906032 0.00027139118 0.0010946029 0.0016694011 0.05129574 0.008090936 0.00019396635 0.0014817795 0.95834994 0.0005214292 0.0005684178 0.03368575 0.0015531735 0.003100137 0.0023825553 0.0018043162 7.993144e-05 0.9552875 0.5236371 0.000952729 5.7312787e-05 0.00038713755 0.9308051 0.0009267236 4.88318e-05 2.2693186e-10 0.15143184 2.9670768e-05 0.00016864583 0.0006273534 0.0007729283 3.5600553e-06 0.48367006 0.0008364369 0.7106022 0.011486496 3.2366363e-06 6.4771324e-05 0.00032873522 0.33707958 0.53721076 0.0002932259 0.0027407394 0.0014967211 2.0023816e-05 0.00037687592 9.779263e-05 0.008155739 0.0070018037 2.7387127e-06 0.23140095 0.53170216 0.0007131994 0.00023848873 0.001894959 0.03982519 9.872337e-06 1.4121772e-06 1.554187e-07 3.732929e-09 0.10976993 3.201796e-05 2.4284114e-08 3.101861e-05 2.6501328e-05 6.4552437e-06 0.35640058 3.1469e-05 4.5038378e-05 2.7446725e-09 2.9488754e-13 0.008315308 4.8578095e-05 4.4072563e-06 0.0012569003 1.980067e-05 0.011429919 1.9681158e-05 4.5043573e-05 0.005916128 4.10046e-06 4.2019637e-05 2.1347118e-05 0.00012983633 3.207321e-07 0.007567965 2.2183562e-07 3.669953e-05 0.00127504 1.2625838e-05 1.3903524e-06 0.0006419187 2.0631843e-08 6.2649833e-06 1.6354684e-09 7.829397e-05 2.3182165e-10 4.5627562e-08
0.9953004 0.12008454 0.029571418 0.5504767 0.048526 0.10611496 0.18704213 0.60970694 0.6034395 0.11879459 0.3912949 0.6852003 0.04606915 0.45267865 0.94844294 0.20979175 0.91476166 0.040604137 0.11000976 0.10599171 0.57268846 0.8408598 0.6469746 0.015865436 0.083036594 0.7440538 0.10099273 0.047217265 0.15143184 2.0797775e-09 0.0067991912 0.20577398 0.078332365 0.50332254 0.038339544 0.94585186 0.073252894 0.021212915 0.6982248 0.043752518 0.012388968 0.05767141 0.3452 0.2655745 0.17742604 0.043126944 0.1663784 0.010618653 0.07607116 0.04272213 0.035470553 0.005633565 0.007474109 0.00510104 0.015321207 0.015555856 0.021731943 0.037430342 0.01700273 0.002453697 0.0017039578 0.00092324486 1.53807e-06 0.0018806456 0.04363835 1.1830219e-05 0.009307057 0.005628785 0.026250051 0.03879243 0.0107068615 0.023637624 2.4022435e-09 1.5446457e-09 0.00870915 0.008398635 0.0007364682 0.005646921 0.013015687 0.00015220573 0.008250669 0.0043449346 2.1306561e-05 8.855977e-05 0.011447498 6.387511e-05 0.0005091944 1.1350069e-05 0.004305789 0.00017031658 0.0020022423 0.0065329717 4.814222e-05 0.0013317771 8.825999e-06 1.7281569e-07 6.324393e-07 2.556986e-06 3.8802667e-05 1.7124301e-09 1.7399287e-08
0.8584482 0.0020739776 0.003425374 0.00023684504 0.46749392 0.014409815 0.044311 0.000723122 0.008512244 0.16372761 0.012427623 5.957763e-05 0.61209697 0.045801576 0.0017898532 0.08352998 0.0021202145 0.24931125 0.0018044737 0.50584817 0.00012913493 0.00024087944 0.010466186 0.03827928 0.008361437 0.00013823443 0.65630764 0.9916608 2.9670768e-05 0.0067991912 6.658907e-07 0.4457841 0.58545876 0.006606754 0.0064826943 0.00093574426 0.68688595 4.675365e-05 0.00063948584 0.020486766 0.9918861 0.8567269 0.000104144216 5.4006995e-07 0.00062366447 1.0647954e-05 6.4299356e-06 0.093227915 7.3946303e-06 0.004137519 1.2385519e-05 2.9138535e-05 0.0004136854 1.0692126e-05 2.3762082e-06 6.5613655e-08 1.4814253e-07 2.9100503e-08 2.126027e-08 0.7708004 7.506338e-06 0.0006625477 0.015970713 1.6148763e-06 4.4159253e-07 0.00030892392 9.490883e-08 4.027371e-08 3.9737342e-06 1.4096307e-07 2.4809315e-06 6.18963e-07 0.00016839703 3.8127895e-05 1.4062807e-05 8.8498844e-08 7.207288e-06 1.757088e-07 4.794769e-08 7.54012e-09 2.235545e-08 2.0112576e-09 7.5179765e-09 2.0582083e-06 0.00011025415 4.6283968e-09 4.887187e-07 9.541141e-08 7.944717e-07 1.2111272e-07 1.2993393e-06 6.4980066e-09 1.2704274e-07 0.00040201878 1.9655206e-06 5.5421737e-08 8.173241e-07 1.7844538e-07 2.1477385e-08 2.446551e-09 1.4039323e-08
