1.3513024e-12 0.99970704 0.99815816 0.9977166 0.9960982 0.9911623 0.98686296 0.9816802 0.9913849 0.9967403 0.98591745 0.9986703 0.96869946 0.9541733 0.96995294 0.9886576 0.95188105 0.9981082 0.99852204 0.96927077 0.99450713 0.99360687 0.9813992 0.9507299 0.9455006 0.9881931 0.9640112 0.91175807 0.98390275 0.9527262 0.9488034 0.9863619 0.95527536 0.97190773 0.87158567 0.99561083 0.9957923 0.99646574 0.9826356 0.9537637 0.9691941 0.9615993 0.5673111 0.7498999 0.8751913 0.90743816 0.9808488 0.96314293 0.96878713 0.9903644 0.99447316 0.94566286 0.9949742 0.9046647 0.99242705 0.9816565 0.97078794 0.5771211 0.7450827 0.80103797 0.93568 0.6141796 0.8822174 0.9388936 0.9246099 0.9805133 0.9556942 0.9754971 0.17650768 0.9529863 0.9834385 0.40554535 0.8204499 0.89657813 0.90150464 0.83309424 0.9603167 0.5260706 0.9392029 0.9570448 0.8377164 0.80070895 0.6565809 0.76109225 0.40659526 0.1943739 0.00037473615 0.71475136 0.4200604 0.051646497 0.083273634 0.88968736 0.013711587 0.027548036 0.013541829 0.019120298 0.13789994 0.0004485894 0.03084096 0.17732906 0.0016063332
0.99970704 5.0505294e-12 0.8728151 0.790603 0.85808367 0.9302337 0.797571 0.5561098 0.8621852 0.09218988 0.27682477 0.4997557 0.51900643 0.64334106 0.17905012 0.48087195 0.19196303 0.59074086 0.10193146 0.04984645 0.2434302 0.2569452 0.3312043 0.02254136 0.03219708 0.5272719 0.022189813 0.083676524 0.004834669 0.30437323 0.23078266 0.021771096 0.10275362 0.07910929 0.013245011 0.010079143 0.082082555 0.004020905 0.37245417 0.032682117 0.007707775 0.16443263 0.01051709 0.078038976 0.026412973 0.00787145 0.009603639 0.2572607 0.016584218 0.08179704 0.040702663 0.0230822 0.0038240713 0.01554509 0.022097101 0.012377808 0.014892044 0.0006863002 0.0012325508 0.011665535 0.0039547742 0.021174593 0.000564799 0.03540795 0.0033084103 0.0077947583 0.01094115 0.004658153 0.008848561 0.0066428413 0.010574532 0.00083099847 0.0045727156 0.0156426 0.0021205277 0.0034127939 0.0049469275 0.0012775253 0.022074323 0.032413095 0.0009547514 0.0005208561 0.0012575231 0.0009395752 0.00026233337 2.52596e-06 3.6198823e-08 0.0012723312 3.135095e-05 0.00010468691 0.0006589553 0.0006297346 1.5696784e-07 7.2537674e-05 2.7345186e-06 1.2062485e-06 1.3182902e-06 1.5794262e-08 2.4797577e-08 7.3335425e-05 1.7600749e-09
0.99815816 0.8728151 1.6146245e-07 0.15308622 0.68333066 0.24073249 0.79493785 0.076776944 0.5775572 0.010534742 0.012643757 0.73838496 0.00714819 0.060988583 0.06461507 0.48988107 0.009248307 0.018149048 0.34863135 0.0029422676 0.8584856 0.8318 0.008022216 0.0008528475 0.0033904847 0.9304159 0.0063249185 0.10765177 0.00070557435 0.49231914 0.72839034 0.02066972 0.71658367 0.5576744 0.0010028807 0.038750034 0.0046266876 0.16788687 0.13882023 0.32293728 0.0035882173 0.49067292 0.0010124289 0.0024770743 0.0009884269 0.0072695264 0.003434518 0.0026788171 0.13241965 0.03509007 0.087599695 0.031217035 0.13529737 9.900995e-05 0.41932848 0.48870364 0.22631127 0.00026519314 0.0004923843 0.008299258 0.058430154 0.0027003668 0.011640619 0.067750506 0.038868885 0.27428243 0.1438922 0.06641312 0.0016184303 0.17873542 0.25606987 0.0001107711 0.027399248 0.023632538 0.084091574 0.018957987 0.08806486 0.0005787569 0.013296254 0.11116526 0.057971455 0.00404633 0.0044168984 0.0047278227 0.0034537015 0.00026880272 6.7200483e-07 0.010220242 0.00035605804 1.7071228e-05 0.000930853 0.0031973042 3.3843528e-06 0.00014219087 1.5661199e-05 1.3316404e-07 2.8784672e-05 2.581419e-06 6.0035964e-05 8.913921e-06 4.24823e-08
0.9977166 0.790603 0.15308622 4.0781178e-08 0.14809337 0.48114267 0.09715451 0.97960854 0.07356358 0.03369431 0.18324631 0.022379585 0.48504025 0.97352046 0.015569851 0.009527222 0.04325928 0.61097765 0.0037835713 0.019626107 0.0055436017 0.0076619587 0.6115837 0.09312995 0.016232848 0.008170507 0.0060174195 0.00750226 0.0035604008 0.020718485 0.0065048374 0.0027225197 0.0030134409 0.0041758977 0.03613455 0.00041894475 0.017323809 6.121342e-05 0.6050068 0.002366818 0.0024486266 0.0049315738 0.023911009 0.09263644 0.02625134 0.0019657665 0.0011755358 0.03862821 0.0006607006 0.00063879497 0.0009871994 0.0015422602 7.4640826e-05 0.0078528775 0.0002645321 0.00015549365 0.00024080777 0.00043622524 0.00038497255 0.0016844892 0.000709126 0.0019129922 2.1599715e-05 0.0020203644 9.310114e-05 0.00012958422 0.0003157092 0.000103251994 0.0062362878 0.0002725316 0.00012795135 0.00045475893 3.127149e-05 0.00082738616 2.1856122e-05 0.00026227484 8.995395e-05 0.0005729224 0.0009806736 0.00031174792 1.393612e-05 1.753068e-05 0.0003050297 7.014041e-06 9.863438e-07 4.990807e-07 1.47672035e-08 4.4981393e-06 4.1897147e-07 3.200651e-05 7.4925424e-06 0.0003335451 2.0222464e-10 4.3093047e-07 2.2865656e-08 1.061395e-05 5.9583844e-08 2.993697e-09 1.2149836e-08 4.251734e-07 1.2230433e-10
0.9960982 0.85808367 0.68333066 0.14809337 1.6945801e-08 0.10960792 0.9838672 0.19142379 0.13458706 0.0053965915 0.023395984 0.13023312 0.0147345755 0.0845922 0.032272797 0.072281174 0.0071287206 0.44103086 0.5998801 0.0027754088 0.24627273 0.6020483 0.07751313 0.001058289 0.0022628456 0.17283349 0.0018856651 0.023078224 0.0003573108 0.7996253 0.5278214 0.0025506406 0.20099871 0.05922099 0.0008009576 0.003048327 0.2993202 0.042180665 0.1436149 0.05193572 0.00317881 0.10212424 0.0012870001 0.04379954 0.04862494 0.00414087 0.0011962784 0.28859568 0.3826371 0.7777802 0.031193113 0.008312216 0.11632734 0.0033530577 0.024939792 0.10373634 0.033956505 3.3811226e-05 0.00015408362 0.002677142 0.018505158 0.047848303 0.004000915 0.030273393 0.0082601365 0.0679976 0.031404052 0.0046282983 0.007944184 0.09012834 0.17467402 0.0062027606 0.08523836 0.011554707 0.053664055 0.0035863356 0.045982677 0.0002755948 0.29299322 0.73044825 0.011531326 0.00026632176 0.00059131836 0.04333473 0.004699803 1.3813264e-05 8.500885e-09 0.07840865 0.0014801411 0.001283713 0.010521489 6.606382e-05 2.0780588e-05 0.0016818639 0.000117532836 1.9671166e-08 0.000224906 2.672341e-06 6.5988877e-07 0.0111922445 2.1755218e-09
0.9911623 0.9302337 0.24073249 0.48114267 0.10960792 1.8235176e-11 0.062397204 0.22523282 0.95413136 0.8185418 0.921353 0.048944894 0.92895615 0.63563395 0.66373175 0.15328874 0.9331312 0.05124178 0.0015894647 0.53252065 0.00077529217 0.002104077 0.22568281 0.13347247 0.26417992 0.0047365893 0.18755694 0.05384219 0.041005205 0.014006594 0.0025124224 0.027543912 0.001007108 0.002922768 0.09467879 0.0010429231 0.0019667735 5.9044655e-06 0.107780755 0.0022862377 0.015871178 0.011919731 0.02384153 0.0064176777 0.0040699807 0.010831299 0.0076847975 0.00560702 0.0005801971 0.00049084536 0.0054293843 0.0055386587 1.1115274e-05 0.009321865 0.00041298766 7.3440126e-05 0.00030669206 0.002691417 0.0020676923 0.008128949 0.0011398052 0.0007604116 4.809909e-05 0.008429007 0.00073852437 0.00030042612 0.00041003237 0.00032576415 0.00067668926 0.00022197119 4.4522243e-05 5.896664e-05 1.2666095e-05 0.0029779654 2.6005366e-06 0.00014483294 4.208525e-05 0.00081772305 0.00016852298 0.00014003848 5.594497e-06 1.2999349e-05 0.00071805314 3.0379617e-06 2.7705426e-07 1.2761394e-07 2.0333218e-08 1.2969041e-06 2.0544559e-07 1.0200575e-06 1.4406796e-06 0.00017790546 1.3317908e-10 8.3861615e-08 1.1410143e-08 3.956772e-05 5.8610508e-09 6.674649e-09 3.9894196e-08 1.484214e-07 4.529464e-10
0.98686296 0.797571 0.79493785 0.09715451 0.9838672 0.062397204 2.3227077e-11 0.10679423 0.11321069 0.0018188094 0.0046388777 0.05928913 0.0043746256 0.051220294 0.0052222647 0.022602769 0.0022206735 0.6182313 0.7068746 0.0007307951 0.16461425 0.37735283 0.006877387 0.00017832825 0.00059312314 0.12818833 0.0004357207 0.00733004 1.5737e-05 0.9792225 0.5998094 0.00021886712 0.29717383 0.012931997 0.00014143674 0.00017934883 0.5112922 0.0054710624 0.0065838085 0.015467033 0.00012441771 0.030799493 0.00033567543 0.015455679 0.03290438 0.0006124612 1.2516992e-05 0.2708626 0.18224552 0.83615875 0.0017800381 0.0010485937 0.010701748 0.00015482142 0.0025115672 0.025638705 0.007840752 3.030207e-06 1.1007807e-06 0.00014936831 0.0010337486 0.20560229 0.00013762081 0.0028465579 9.1326176e-05 0.003790961 0.0020160503 0.0003052194 0.0062012756 0.007895542 0.02129046 0.0060071074 0.012283802 0.0010304734 0.006312312 0.0008635139 0.0032110277 4.096946e-06 0.24875851 0.34492195 0.00020994796 6.2561145e-07 2.9743137e-06 0.002974073 0.0006352596 2.2997789e-08 3.157078e-11 0.011043232 4.668236e-05 0.0010512647 0.005278293 7.0805254e-07 8.579892e-08 0.00021319173 2.9498842e-06 1.0130241e-10 3.1081327e-05 1.0353132e-08 5.8753993e-09 0.0024346635 2.6594617e-13
0.9816802 0.5561098 0.076776944 0.97960854 0.19142379 0.22523282 0.10679423 2.6236608e-12 0.021575551 0.013362686 0.12846406 0.011339775 0.29546407 0.9776388 0.0075211045 0.0035613482 0.01780269 0.9442193 0.0020078009 0.021824501 0.0035733897 0.0058018714 0.67682153 0.082637824 0.0102789495 0.0038389834 0.0033135163 0.0012377065 0.0044026296 0.017334241 0.0022117363 0.0017776256 0.00044924032 0.00120407 0.04383174 0.00030037484 0.047770884 1.4165172e-05 0.85064495 0.00074792857 0.0034983158 0.0017725363 0.03505897 0.35630202 0.0630867 0.0024578094 0.0010335688 0.07291492 0.0006184497 0.0008209799 0.0019451849 0.001032427 2.0968613e-05 0.017037205 7.294141e-05 1.8263581e-05 2.3666857e-05 0.00025210052 0.0002474856 0.0010486923 0.00058023666 0.0029165768 1.242495e-05 0.0015024894 7.5635275e-05 0.0001710582 6.5490465e-05 1.4936212e-05 0.014097478 7.268663e-05 1.3115368e-05 0.00029650528 7.0707574e-06 0.0006114921 6.007001e-06 7.156757e-05 3.148314e-05 0.0003647305 0.0006555333 7.038509e-05 7.07265e-07 4.129008e-06 7.339069e-05 2.3721575e-06 4.6219878e-07 2.2524427e-08 7.092629e-09 3.814262e-07 1.0888928e-07 5.4444805e-05 3.623682e-08 2.6789026e-05 9.568335e-11 3.203065e-08 5.015537e-09 1.548449e-06 4.0819892e-10 1.2837821e-09 1.0535272e-10 9.07686e-08 5.836725e-11
0.9913849 0.8621852 0.5775572 0.07356358 0.13458706 0.95413136 0.11321069 0.021575551 2.7939517e-10 0.86930007 0.238669 0.25593814 0.09672378 0.100248784 0.9741174 0.89329475 0.837603 0.0041294065 0.0024910336 0.18214238 0.002874206 0.0059848237 0.00792114 0.0057548927 0.10982995 0.01801464 0.28077453 0.5268522 0.015950592 0.022116687 0.0045249704 0.20243476 0.0042908513 0.008248501 0.010975923 0.0072738435 0.0002469339 2.7467444e-05 0.021842139 0.0070351097 0.036821954 0.117163956 0.003463881 0.00078474084 0.0009633974 0.03662707 0.013636798 0.0013961104 0.0008157011 0.0002411776 0.045346882 0.02418843 2.952596e-05 0.0019673174 0.00063470186 7.7984565e-05 0.0003144031 0.0017772182 0.0028693445 0.010841608 0.0059183487 0.00029930624 0.0003089133 0.038212743 0.004427765 0.00022441475 0.00043080046 0.00078706915 0.00020136099 0.0002862812 4.6884834e-05 1.8152969e-05 1.43501165e-05 0.0062647844 7.467576e-06 0.00016562667 5.8574078e-05 0.0015957817 2.0934764e-05 6.536561e-05 7.382222e-06 0.00015051485 0.0014432643 5.240139e-06 2.0763007e-06 3.973383e-07 4.0519447e-07 2.400786e-06 3.1938484e-07 8.727662e-07 8.1450963e-07 0.0005811867 4.790843e-10 2.3311203e-07 7.8348975e-08 0.00013200917 1.1713858e-08 2.2624059e-08 5.1199567e-08 2.8386447e-07 1.262499e-08
0.9967403 0.09218988 0.010534742 0.03369431 0.0053965915 0.8185418 0.0018188094 0.013362686 0.86930007 1.19968835e-08 0.44527745 0.022539558 0.2090868 0.05361667 0.86474633 0.19535434 0.87735456 0.0037738164 0.00032794522 0.8031551 5.176559e-05 0.00034734025 0.04311885 0.056091104 0.6620165 0.00035586263 0.9119505 0.09314891 0.7406847 0.0001845188 7.63564e-05 0.15865853 3.8859696e-05 0.00023839415 0.04539172 0.008333027 3.074747e-05 2.2752663e-05 0.06614877 0.00026163657 0.84965855 0.024732351 0.016169924 0.0010746097 0.00034337075 0.77900904 0.35260344 2.378261e-05 2.2595384e-06 3.4715413e-05 0.50044787 0.20353943 9.541679e-06 0.6408198 0.00066619663 7.2063253e-06 0.00013126235 0.2345317 0.049965702 0.7386447 0.011664061 1.2127615e-05 0.002436725 0.346036 0.03242047 7.167802e-05 0.0005122998 0.0012908026 5.960263e-05 1.4350623e-05 5.8511603e-05 7.724441e-06 1.10337076e-07 0.31021783 8.856809e-06 0.00012444415 0.00010880215 0.059987698 6.8611466e-06 0.00011108244 1.4322799e-05 0.00048978697 0.027289487 2.2337048e-07 9.563091e-09 1.5964231e-06 3.606136e-07 2.6114444e-06 2.196754e-07 2.1129493e-08 3.716506e-08 0.0008854571 5.231822e-09 1.06163775e-07 1.3043028e-08 0.0014175861 1.2416398e-07 4.762804e-08 4.5445432e-08 1.3502631e-06 2.8018061e-05
0.98591745 0.27682477 0.012643757 0.18324631 0.023395984 0.921353 0.0046388777 0.12846406 0.238669 0.44527745 3.6625347e-10 0.0038745245 0.9882139 0.54061365 0.2092291 0.009780281 0.88372016 0.012406693 0.00013039571 0.8356385 0.00010485546 0.00031664124 0.56886774 0.7006687 0.62961483 0.00059116894 0.3252637 0.008169004 0.62103647 0.0009599812 0.00012703675 0.028567644 3.644607e-05 0.00022637942 0.6048783 0.00028998114 0.0002752701 2.504216e-07 0.47730353 0.0003369881 0.18885642 0.0042161676 0.1662904 0.0047303666 0.0018391646 0.097811624 0.07447485 0.00027071984 5.7363366e-05 1.4611854e-05 0.0569715 0.0202383 9.3744255e-08 0.4241593 0.00033961676 1.1618486e-05 0.00018777359 0.060756326 0.009514383 0.1547329 0.0046201884 4.483776e-05 0.0015877696 0.053917754 0.012167746 0.00041881652 0.0003685118 0.0005074347 0.00013532616 2.6590846e-05 2.5298306e-05 5.766341e-06 8.246054e-07 0.036154676 3.3527837e-08 0.00012721826 5.993065e-05 0.018424604 2.5546814e-07 0.000107132604 6.668853e-07 1.3647959e-05 0.0023215897 4.7101514e-07 5.7366282e-08 1.5223046e-07 7.2940978e-09 2.2483048e-08 1.5577802e-08 2.056373e-07 1.2179372e-08 9.117997e-05 1.4186029e-11 4.1842267e-08 2.7080125e-09 0.00054637337 7.1072503e-10 3.2805872e-08 6.6705126e-09 9.897326e-08 1.2128967e-07
0.9986703 0.4997557 0.73838496 0.022379585 0.13023312 0.048944894 0.05928913 0.011339775 0.25593814 0.022539558 0.0038745245 2.417348e-08 0.0017239283 0.00486711 0.15737921 0.8882608 0.010103187 0.0013938466 0.0074141813 0.0031641286 0.069641404 0.026559396 0.00053242844 0.00029906232 0.0038837972 0.32757807 0.025723787 0.7490062 0.0027779853 0.0069529666 0.01856327 0.22768986 0.041245922 0.405369 0.00028601132 0.7038991 0.00022560934 0.0039302846 0.009084092 0.40421727 0.01023869 0.97843945 0.00021184134 0.0008430876 0.0005862583 0.020910118 0.01919247 0.00012418773 0.002275273 0.0002617027 0.3603432 0.14727964 0.001514029 0.000110123954 0.42507827 0.015489823 0.042442746 0.0014179979 0.0053157406 0.010072915 0.64820313 0.00028817976 0.507247 0.26466912 0.45068568 0.05699033 0.052471317 0.2667394 6.451683e-05 0.018275414 0.011253127 1.9847177e-05 0.00023191188 0.10660466 0.002497557 0.01256518 0.010411983 0.0022106406 1.8642244e-05 0.0002739936 0.012176285 0.25568834 0.06591929 0.00011801198 9.342783e-05 0.0007563419 0.00014349357 8.061391e-05 2.8593768e-06 9.8392e-07 3.3627875e-06 0.3720371 8.722457e-08 1.0800755e-06 4.198278e-07 4.4626984e-05 9.233262e-08 1.0420117e-07 5.584624e-06 5.0917934e-06 1.46008215e-05
0.96869946 0.51900643 0.00714819 0.48504025 0.0147345755 0.92895615 0.0043746256 0.29546407 0.09672378 0.2090868 0.9882139 0.0017239283 1.0426706e-13 0.81375754 0.07630863 0.0023532622 0.7641173 0.060457896 0.00012292598 0.6497379 3.026483e-05 0.00018392249 0.9376669 0.8801212 0.50562245 0.0001365807 0.07586797 0.0015031588 0.090564184 0.00091854844 7.206268e-05 0.0036137055 9.8537785e-06 4.5569144e-05 0.8093395 7.334326e-05 0.0006442596 1.10894916e-07 0.21794093 0.00010334439 0.017158078 0.0002224567 0.55494535 0.012608213 0.003073689 0.019310718 0.0052760253 0.00087200914 3.182899e-05 9.981433e-06 0.0023866964 0.0019764644 4.731981e-08 0.064952075 4.8175452e-06 3.024711e-07 3.786798e-06 0.0070884754 0.0017869624 0.01266574 4.34476e-05 1.3479132e-05 5.9823897e-06 0.006222461 4.9375052e-05 1.6266691e-05 1.1405647e-05 1.4259465e-05 0.00010719054 6.55387e-07 1.0028692e-07 1.2768475e-06 3.529149e-08 0.0032468385 3.475645e-09 1.1220501e-05 1.1478313e-06 0.0012392815 5.8910793e-08 1.2535753e-06 7.880579e-08 1.1645741e-07 8.059445e-05 8.342906e-09 1.2672969e-09 3.1711667e-09 1.2290767e-10 5.887947e-11 1.9977833e-10 2.0752731e-08 1.08346124e-10 2.2089533e-05 4.0505465e-14 1.5589645e-10 2.1093622e-11 2.7914419e-05 4.089835e-11 3.277724e-11 3.1180616e-10 4.7490585e-09 9.980585e-12
0.9541733 0.64334106 0.060988583 0.97352046 0.0845922 0.63563395 0.051220294 0.9776388 0.100248784 0.05361667 0.54061365 0.00486711 0.81375754 3.8252576e-10 0.01539397 0.006516445 0.057486 0.9684064 0.0009814567 0.050645452 0.0020180268 0.0022576938 0.89576405 0.4471796 0.031311445 0.003332211 0.0051511438 0.005978825 0.005530865 0.0066303983 0.0013596003 0.0021683844 0.0008784127 0.0009095682 0.114683405 6.0432267e-05 0.0065314956 1.7514511e-06 0.7262363 0.00040225117 0.001441371 0.0009789118 0.13965125 0.1983925 0.019933116 0.0049827867 0.00021825702 0.0034301875 0.0002126948 0.000106531996 0.00032634498 0.0013782723 1.5301243e-06 0.0029553457 6.2247127e-06 4.033164e-06 6.3088596e-06 0.00021785067 7.94071e-05 0.001387015 5.0621034e-06 0.00048392356 6.3207535e-06 0.0019384302 9.258096e-07 9.1943846e-05 1.1571247e-05 4.4465487e-06 0.005287094 1.070854e-06 1.3599049e-06 9.464874e-05 2.054347e-06 0.00031818415 7.72677e-08 1.3236018e-05 2.4553783e-06 4.471807e-05 1.468196e-07 9.385134e-06 2.6459983e-07 1.2399777e-08 2.1612298e-06 7.0642265e-08 2.505004e-09 5.6325513e-09 5.6558317e-11 7.875477e-10 5.8144636e-09 3.48362e-07 3.242209e-10 5.7875434e-07 1.0005382e-11 1.75212e-09 7.305284e-11 1.7171278e-08 4.9632104e-11 4.0806795e-11 4.1335244e-11 4.0246046e-09 1.0486544e-12
0.96995294 0.17905012 0.06461507 0.015569851 0.032272797 0.66373175 0.0052222647 0.0075211045 0.9741174 0.86474633 0.2092291 0.15737921 0.07630863 0.01539397 1.0151407e-09 0.89713866 0.92737406 0.000929054 0.00027593167 0.5611756 0.00028174557 0.00060423714 0.008080414 0.0076481537 0.48957646 0.0020585314 0.941562 0.92226547 0.11685092 0.0016358829 0.0005582232 0.85905695 0.00033169068 0.0013931197 0.031762592 0.013732446 4.1644395e-05 4.750593e-06 0.011429625 0.001780337 0.49071273 0.048783768 0.028582774 0.00036191338 0.00020216222 0.30757222 0.2611884 1.4893454e-05 0.00018638535 4.449149e-06 0.42719918 0.20676412 8.013563e-06 0.017568942 0.0005934021 3.0391047e-05 0.00020760474 0.016810695 0.03141623 0.22480537 0.0100461915 1.1350901e-05 0.000887308 0.32497504 0.06302722 0.00040705723 0.00058940216 0.000648424 2.6362435e-05 8.55616e-05 4.359228e-05 1.453352e-06 3.6987174e-06 0.09855511 3.0152084e-06 0.00030332746 5.286209e-05 0.034534857 1.6106289e-09 1.1111809e-05 1.4786638e-06 0.00037472058 0.017055186 1.2921276e-06 3.475561e-08 1.3025284e-07 6.309296e-07 2.1973921e-08 3.6274646e-08 2.9347934e-08 5.116664e-09 0.00071316806 1.745791e-10 2.0943002e-08 5.15651e-09 0.0008132644 9.077924e-10 7.360538e-09 5.5417484e-09 1.4657008e-08 5.432758e-07
0.9886576 0.48087195 0.48988107 0.009527222 0.072281174 0.15328874 0.022602769 0.0035613482 0.89329475 0.19535434 0.009780281 0.8882608 0.0023532622 0.006516445 0.89713866 2.3310291e-11 0.08810568 0.0011948993 0.0010937883 0.008926461 0.0027409773 0.003051183 9.7442695e-05 0.00027715354 0.011731301 0.017717691 0.22345689 0.9917063 0.0037872137 0.0025213598 0.0012515392 0.5614299 0.0018339006 0.008566633 0.0017671975 0.16171157 9.491916e-06 2.5826665e-05 0.004308872 0.00688713 0.10426002 0.41474074 0.0024001396 0.00018967834 8.675721e-05 0.072818875 0.07275648 3.1042135e-05 0.00015813645 6.29017e-06 0.44498724 0.2153019 1.4374237e-05 0.0002880155 0.0023104146 0.00012239665 0.00045355834 0.002074682 0.011401537 0.054230157 0.074680835 2.9437197e-05 0.0056775445 0.3288402 0.19362162 0.00067686674 0.00081652496 0.002893441 1.0469399e-06 0.00034043408 3.2733227e-05 2.3689189e-07 2.145096e-06 0.097604275 2.964897e-06 0.00023016376 3.8656515e-05 0.008520692 4.6290435e-08 3.9825204e-06 5.4930956e-06 0.001839754 0.027417341 6.881161e-07 7.7812655e-07 3.501279e-07 9.79551e-06 6.210777e-08 1.5394004e-07 1.7087018e-08 1.9140277e-08 0.007055983 4.7172557e-12 3.0769143e-09 1.4726129e-09 0.00023079812 1.1265747e-09 1.7651214e-09 5.622826e-09 1.2058964e-08 1.437338e-06
0.95188105 0.19196303 0.009248307 0.04325928 0.0071287206 0.9331312 0.0022206735 0.01780269 0.837603 0.87735456 0.88372016 0.010103187 0.7641173 0.057486 0.92737406 0.08810568 1.63542e-11 0.0019413059 3.668298e-05 0.98421 2.1075008e-05 5.738689e-05 0.07236356 0.04517932 0.90573436 0.00043325295 0.820683 0.07160546 0.3217313 0.00052448286 8.924405e-05 0.077587955 3.4919824e-05 0.00020317886 0.14555362 0.00094414037 1.9177085e-05 1.6788077e-07 0.048410997 0.000634667 0.19227979 0.0039554476 0.08463966 0.0005592809 0.0002429257 0.16299963 0.06838841 1.7458688e-05 1.5942773e-05 1.4357063e-06 0.04396246 0.021938995 1.4732903e-07 0.1182873 0.00010996979 1.7255063e-06 2.1175114e-05 0.02216613 0.0104849525 0.147645 0.0012012232 3.960621e-06 0.00019963305 0.058164474 0.007407897 4.8470694e-05 7.6094264e-05 0.000112393456 5.365326e-06 5.1247544e-06 4.4820645e-06 1.2596709e-07 8.511078e-08 0.023039207 5.6032373e-08 5.0093226e-05 1.9789047e-06 0.012179866 2.1919584e-08 6.3068746e-06 1.305411e-07 1.2909619e-05 0.0036014847 5.2664234e-07 1.9638136e-08 3.3809236e-08 9.51117e-10 1.6021784e-09 1.8496346e-08 2.0481515e-08 6.0649546e-10 4.418111e-05 1.8731692e-12 3.6090984e-09 4.674216e-10 0.00035341186 1.7861211e-10 3.6532483e-10 3.8101988e-10 9.191245e-09 3.680211e-09
0.9981082 0.59074086 0.018149048 0.61097765 0.44103086 0.05124178 0.6182313 0.9442193 0.0041294065 0.0037738164 0.012406693 0.0013938466 0.060457896 0.9684064 0.000929054 0.0011948993 0.0019413059 9.087361e-11 0.012968209 0.0024511965 0.002755806 0.0088429805 0.44193062 0.014964416 0.0015212287 0.0015724452 0.00025363403 0.0007249701 0.000557953 0.051148355 0.0024158459 8.005074e-05 0.0008680799 0.0009256063 0.00721196 1.96461e-06 0.66235924 2.5849988e-06 0.926175 0.0006036488 0.00070787466 0.00052111 0.06697878 0.76400304 0.30164856 0.0053782747 7.8707366e-05 0.36166328 0.0008021876 0.007755851 0.00035785645 0.00081744045 9.99213e-06 0.0056905593 7.5370655e-05 4.3833697e-05 6.413501e-05 0.00011639219 5.943252e-05 0.0010575837 0.00040160608 0.034386624 1.7926839e-05 0.001472338 2.8241889e-06 0.000106195934 0.00015600475 9.047317e-05 0.16121647 2.3530922e-05 4.9663697e-05 0.02054448 8.205669e-05 0.0007271748 2.4117412e-06 8.274911e-05 0.00012991126 0.00023262425 0.004427832 0.00092193525 1.2736872e-05 5.935475e-07 8.594409e-05 4.387178e-06 1.9484328e-06 2.8373467e-08 5.1500817e-09 8.597422e-06 5.000726e-07 0.0013745639 5.5660257e-06 1.433775e-05 7.640082e-09 1.3774344e-06 2.6522345e-08 1.2398529e-07 1.7324655e-07 2.7555256e-09 3.1002443e-08 4.3648465e-06 6.731115e-10
0.99852204 0.10193146 0.34863135 0.0037835713 0.5998801 0.0015894647 0.7068746 0.0020078009 0.0024910336 0.00032794522 0.00013039571 0.0074141813 0.00012292598 0.0009814567 0.00027593167 0.0010937883 3.668298e-05 0.012968209 4.028383e-09 4.877181e-05 0.037138607 0.4966807 6.80884e-05 2.7568885e-06 3.5985304e-05 0.0123520605 1.3052604e-05 0.0005569015 1.3896148e-05 0.8983342 0.7808718 8.793787e-06 0.056857787 0.0031440703 1.9648423e-06 0.00024993217 0.0038330206 0.026527127 0.00036507242 0.008688991 5.858768e-06 0.00956363 4.75542e-06 0.00070895767 0.0014656744 3.907319e-05 1.7041317e-05 0.0019887742 0.97371423 0.0700483 0.00032117125 0.00045031766 0.6671083 1.7579623e-08 0.0041422904 0.035540853 0.021394184 8.796978e-07 5.04215e-05 1.9600466e-05 0.0019546435 0.005094339 0.0010395454 0.00043440852 8.53371e-05 0.017261434 0.007560196 0.0008546228 0.00024134807 0.04795174 0.22373329 0.00054898905 0.44306225 0.0001587516 0.09216611 0.0026468895 0.08105489 4.7254352e-07 0.06497778 0.87523764 0.013477867 0.00013234474 1.6717524e-05 0.7161996 0.021209138 0.0002030276 6.809898e-11 0.6861586 0.18497455 7.334144e-05 0.0692061 2.0513784e-05 0.0020544962 0.018051425 0.0036594858 1.5955463e-08 0.014718187 5.6464334e-05 0.00021881035 0.03473392 5.5602234e-09
0.96927077 0.04984645 0.0029422676 0.019626107 0.0027754088 0.53252065 0.0007307951 0.021824501 0.18214238 0.8031551 0.8356385 0.0031641286 0.6497379 0.050645452 0.5611756 0.008926461 0.98421 0.0024511965 4.877181e-05 1.694644e-09 1.2256959e-05 6.104994e-05 0.09607682 0.1151803 0.9816938 0.0001645391 0.8651993 0.013553341 0.80095667 0.00014410068 4.4890137e-05 0.06393865 2.9686194e-05 7.722148e-05 0.5108391 0.00064438407 6.2204075e-05 2.7701043e-07 0.12413302 0.00033318042 0.4886316 0.0024944402 0.30482927 0.0011495635 0.0006632428 0.2712341 0.19916673 2.8778715e-05 5.7286743e-06 7.0985305e-07 0.0635626 0.029480515 6.659037e-08 0.52600336 9.834078e-05 3.5910653e-06 3.1695196e-05 0.09425231 0.029614449 0.2938214 0.0019991274 3.02608e-06 0.0009778513 0.11531089 0.020569606 0.00018725765 0.0001126049 9.619721e-05 1.7177035e-05 8.786837e-06 9.804987e-06 6.5696076e-07 2.2966547e-07 0.07941152 4.0433115e-08 0.00018586582 2.2140912e-05 0.03868854 1.0592827e-08 7.2573825e-06 4.927561e-07 4.5228455e-05 0.010168709 3.454335e-07 8.8535606e-09 1.5350228e-07 9.0096375e-09 2.2003184e-09 3.406719e-08 2.0051301e-08 1.6666408e-09 1.8148969e-05 1.0700254e-11 1.1064449e-08 9.613415e-10 0.00092755206 4.3244137e-09 4.5833652e-09 5.0225035e-10 5.5266987e-08 1.0198534e-06
0.99450713 0.2434302 0.8584856 0.0055436017 0.24627273 0.00077529217 0.16461425 0.0035733897 0.002874206 5.176559e-05 0.00010485546 0.069641404 3.026483e-05 0.0020180268 0.00028174557 0.0027409773 2.1075008e-05 0.002755806 0.037138607 1.2256959e-05 2.9258826e-09 0.76876986 7.5901764e-05 2.762858e-06 9.600388e-06 0.94316053 2.8081808e-05 0.0028966975 1.4018478e-06 0.032589063 0.62158734 9.591213e-05 0.96888804 0.6229528 4.9683825e-07 0.0015028127 0.00162817 0.7646415 0.000858781 0.5028384 1.3896559e-05 0.16591805 2.6540692e-06 0.0002992078 0.00065167336 0.00012495542 2.272614e-05 0.00010378915 0.10006878 0.0013838547 0.0036249976 0.0014500218 0.21787477 2.3827538e-07 0.5014641 0.75183976 0.55881315 5.1019003e-07 1.4723618e-05 2.0389658e-05 0.028522912 0.00066306605 0.022546137 0.0043468643 0.009159903 0.5950618 0.39664233 0.18140222 3.2823693e-05 0.5090468 0.59525454 2.2613203e-05 0.05291638 0.0015868938 0.40679637 0.11583816 0.48964536 1.4738011e-06 0.0015258862 0.026494734 0.42150378 0.00073715503 0.00025306403 0.007047231 0.020355979 0.006954425 9.844418e-09 0.0047277464 0.00039199062 2.7386816e-06 9.1980764e-05 0.010333563 5.509323e-06 1.4333854e-05 3.6289246e-06 5.827295e-10 0.00020058609 4.150663e-06 0.0007092945 2.8140125e-06 2.3216202e-09
0.99360687 0.2569452 0.8318 0.0076619587 0.6020483 0.002104077 0.37735283 0.0058018714 0.0059848237 0.00034734025 0.00031664124 0.026559396 0.00018392249 0.0022576938 0.00060423714 0.003051183 5.738689e-05 0.0088429805 0.4966807 6.104994e-05 0.76876986 3.6338335e-09 0.0001339915 3.3899091e-06 2.2788145e-05 0.2762862 4.167781e-05 0.0020030777 3.892455e-06 0.43824455 0.9855185 5.2240397e-05 0.66079736 0.07623762 2.5070992e-06 0.00031172295 0.0027549977 0.3588037 0.00056304847 0.13006921 4.688016e-06 0.05351082 1.0446067e-05 0.00048056516 0.0015142794 9.7823046e-05 9.675703e-06 0.0002972207 0.6571703 0.005942847 0.00047910583 0.00035328107 0.91043246 7.5937415e-08 0.11673132 0.42660642 0.16257213 5.5924454e-07 1.4086324e-05 3.0977757e-05 0.011447608 0.001893392 0.008445917 0.0017307707 0.00057998596 0.30814165 0.08746294 0.020480087 0.00015670259 0.36835128 0.66009396 6.870946e-05 0.39586565 0.00081197295 0.57508844 0.022111181 0.2623396 2.385308e-06 0.010654217 0.2390185 0.1594905 0.00034808766 0.0002412176 0.1307605 0.052028596 0.0022499282 3.4923715e-09 0.0824378 0.019201288 1.9393372e-05 0.0035015417 0.00026584952 0.00022441217 0.0006268307 0.00017085864 1.4645068e-09 0.0063010114 3.0274587e-05 0.0011176848 7.4550415e-05 2.7141092e-09
0.9813992 0.3312043 0.008022216 0.6115837 0.07751313 0.22568281 0.006877387 0.67682153 0.00792114 0.04311885 0.56886774 0.00053242844 0.9376669 0.89576405 0.008080414 9.7442695e-05 0.07236356 0.44193062 6.80884e-05 0.09607682 7.5901764e-05 0.0001339915 6.209713e-11 0.990179 0.10252368 0.00010863802 0.004271185 8.479543e-05 0.018945396 0.00015940606 5.537356e-06 0.0003333438 1.2333297e-06 2.1331894e-05 0.81748134 2.4717517e-06 0.0034892093 1.1520425e-08 0.51122075 2.3143697e-05 0.01001356 1.1192745e-05 0.85106 0.12386034 0.030670758 0.03341313 0.001956008 0.0023159254 1.0060279e-06 1.0039195e-06 0.00055448787 0.0011090852 2.2351856e-09 0.05787677 7.3608686e-07 4.0210235e-08 2.509351e-07 0.00913829 0.00070954644 0.0036885391 1.069025e-05 3.855363e-06 4.62631e-07 0.003655476 1.065326e-06 1.3686832e-06 2.0793928e-05 9.644909e-07 0.001545735 9.302836e-09 2.3130996e-08 5.2449136e-06 1.855709e-08 0.00075091067 1.0918976e-08 2.334205e-06 7.737698e-08 0.0011640668 1.14366564e-07 1.6667666e-07 3.31965e-08 9.095906e-08 3.5296202e-06 2.393056e-09 1.1321737e-08 2.0888695e-09 2.145555e-09 1.8278362e-10 2.041271e-09 3.9630558e-07 7.2580386e-10 3.7269338e-06 1.1258985e-12 3.7575094e-09 7.296247e-11 0.00019633926 3.0375297e-10 8.409662e-11 1.2912615e-10 1.6496605e-09 4.8778172e-11
0.9507299 0.02254136 0.0008528475 0.09312995 0.001058289 0.13347247 0.00017832825 0.082637824 0.0057548927 0.056091104 0.7006687 0.00029906232 0.8801212 0.4471796 0.0076481537 0.00027715354 0.04517932 0.014964416 2.7568885e-06 0.1151803 2.762858e-06 3.3899091e-06 0.990179 1.2948514e-08 0.1066242 2.1331367e-05 0.007865364 0.00018384236 0.069811665 4.7710646e-06 3.5275488e-07 0.00023665607 3.1061884e-07 3.1304658e-06 0.97778285 5.6299257e-05 9.182099e-05 3.6312233e-08 0.34340808 4.089881e-06 0.056997154 0.0003066052 0.9422709 0.0034840738 0.0006674376 0.06064351 0.016411144 5.3827232e-05 8.191662e-08 1.6289432e-07 0.0072753173 0.0030023623 2.0385835e-08 0.6300165 1.8696342e-06 3.3431144e-07 6.9681905e-06 0.0323112 0.0028011154 0.06552572 0.00074852793 1.3707486e-06 2.297242e-05 0.013569799 6.894168e-05 3.5444216e-06 2.3242523e-05 2.6821515e-05 1.4957736e-05 1.0587921e-06 8.7476946e-07 7.3562506e-07 4.8122594e-08 0.0049805045 8.659362e-07 1.0016402e-05 1.4152188e-06 0.014146469 4.5645996e-07 2.5863967e-06 3.2148407e-08 0.00011097295 9.2326685e-05 2.095167e-08 3.8906474e-08 1.3513774e-08 5.214915e-09 2.0181256e-08 1.4769795e-08 1.0947739e-07 6.892815e-10 6.09289e-05 8.9471816e-13 1.07145556e-10 3.2281092e-10 0.0023370986 1.1176968e-09 1.8476167e-09 2.7531127e-10 1.6017783e-07 1.358363e-07
0.9455006 0.03219708 0.0033904847 0.016232848 0.0022628456 0.26417992 0.00059312314 0.0102789495 0.10982995 0.6620165 0.62961483 0.0038837972 0.50562245 0.031311445 0.48957646 0.011731301 0.90573436 0.0015212287 3.5985304e-05 0.9816938 9.600388e-06 2.2788145e-05 0.10252368 0.1066242 6.0890754e-10 7.005153e-05 0.9606005 0.032594174 0.92099917 0.00017111874 1.17386135e-05 0.09362233 2.1776239e-06 3.5981906e-05 0.852315 0.0003698245 2.9436525e-05 2.1747461e-07 0.023370998 0.00015516109 0.45482755 0.00090352976 0.8783157 0.0008152703 0.00029317135 0.5056697 0.09445856 1.5887903e-05 8.120878e-06 7.547735e-08 0.0253654 0.023673695 1.7704842e-07 0.32474008 1.791269e-05 6.747521e-07 6.7712595e-06 0.08319088 0.01531838 0.28792307 0.00017802136 1.4681905e-07 3.6740326e-05 0.0821134 0.0026223082 1.41737255e-05 4.268304e-06 6.047352e-06 8.151053e-06 1.7168075e-07 2.6990017e-07 3.968776e-08 4.7724523e-08 0.032152828 6.24575e-08 1.999506e-05 9.837277e-07 0.016589036 3.456775e-10 6.8349937e-07 7.3221045e-08 2.6134353e-06 0.0016482085 4.0326825e-08 5.7191757e-10 3.204262e-08 3.5837977e-10 5.252417e-10 5.0088805e-10 4.36164e-09 8.246343e-11 1.3429149e-06 8.344777e-14 6.066841e-10 8.1579854e-11 0.0005075799 1.3277884e-10 3.5084663e-10 2.7405805e-10 1.4613064e-09 2.2170978e-09
0.9881931 0.5272719 0.9304159 0.008170507 0.17283349 0.0047365893 0.12818833 0.0038389834 0.01801464 0.00035586263 0.00059116894 0.32757807 0.0001365807 0.003332211 0.0020585314 0.017717691 0.00043325295 0.0015724452 0.0123520605 0.0001645391 0.94316053 0.2762862 0.00010863802 2.1331367e-05 7.005153e-05 1.1630623e-11 0.00048263077 0.028441567 2.4265803e-06 0.046057817 0.40611112 0.0012280587 0.95417625 0.9747173 9.093036e-06 0.0023314487 0.0003943978 0.15225478 0.00019484831 0.8914594 6.132706e-05 0.53096265 4.6478108e-05 0.00014282581 0.00015417607 0.00043188664 6.6299115e-05 7.9331185e-05 0.018081449 0.0008377928 0.0014246845 0.0011106773 0.0070844707 1.779527e-07 0.29920292 0.3157459 0.2882349 4.0221528e-07 2.1306847e-05 5.509273e-05 0.016483571 0.00029598037 0.01770726 0.0033560265 0.00681345 0.09832755 0.11671967 0.07121043 8.905229e-06 0.05011119 0.050816182 3.6571284e-06 0.005454415 0.00056097185 0.03125866 0.017977329 0.02026535 2.053875e-06 0.00016086327 0.00039498988 0.022605764 0.0005313824 2.198261e-05 0.0002304772 0.00047426458 0.0010009999 5.153115e-10 8.672802e-05 3.92984e-06 4.131844e-08 4.020368e-06 0.0067134644 2.4843286e-10 3.4818892e-09 9.1426555e-09 8.4164335e-11 1.904051e-06 5.5540472e-08 6.2169524e-06 9.69063e-09 6.603335e-12
0.9640112 0.022189813 0.0063249185 0.0060174195 0.0018856651 0.18755694 0.0004357207 0.0033135163 0.28077453 0.9119505 0.3252637 0.025723787 0.07586797 0.0051511438 0.941562 0.22345689 0.820683 0.00025363403 1.3052604e-05 0.8651993 2.8081808e-05 4.167781e-05 0.004271185 0.007865364 0.9606005 0.00048263077 7.790442e-09 0.652625 0.7642661 0.00025026654 7.0512935e-05 0.86602384 3.713709e-05 0.0002813919 0.18294735 0.0013005945 5.611577e-07 3.4624813e-07 0.004366525 0.00027919278 0.9602173 0.008816006 0.33605117 0.0001808115 0.00011058522 0.8678026 0.5719688 3.916987e-06 4.9060777e-06 7.4877136e-08 0.41555157 0.25973424 6.443225e-08 0.23669869 2.494748e-05 2.0065077e-06 1.8146444e-05 0.13523433 0.10770661 0.57979757 0.011927071 5.472525e-06 0.00019906726 0.5308343 0.036226433 9.581385e-05 6.744015e-05 0.00010168864 9.336063e-06 4.6538407e-06 4.287953e-06 4.7549864e-07 4.6460778e-07 0.2262818 1.3371366e-07 5.533458e-05 1.2589444e-05 0.06821008 3.653125e-09 2.635694e-06 6.8614963e-07 0.00011940955 0.014334456 3.0876703e-07 1.7818289e-08 2.6589373e-07 3.6310155e-08 5.675497e-08 1.0202059e-07 4.631982e-09 6.661041e-09 3.4367524e-05 4.1295058e-11 9.650792e-08 3.774305e-08 0.0012385927 9.524717e-09 1.30607285e-08 3.9399115e-08 9.009487e-08 1.4972528e-06
0.91175807 0.083676524 0.10765177 0.00750226 0.023078224 0.05384219 0.00733004 0.0012377065 0.5268522 0.09314891 0.008169004 0.7490062 0.0015031588 0.005978825 0.92226547 0.9917063 0.07160546 0.0007249701 0.0005569015 0.013553341 0.0028966975 0.0020030777 8.479543e-05 0.00018384236 0.032594174 0.028441567 0.652625 2.8835948e-12 0.0040199617 0.003914579 0.002326173 0.9653037 0.0031336353 0.012259707 0.0012341593 0.2703505 5.3080123e-07 3.6769456e-05 0.00074882206 0.016180212 0.16978315 0.9065913 0.0075761112 6.315786e-05 2.9723984e-05 0.7426677 0.05551865 4.153134e-06 0.00029496904 3.7816136e-07 0.6091195 0.50775754 7.503146e-06 0.00016568528 0.0012912113 3.9955637e-05 0.00084904674 0.002059867 0.011306462 0.076537944 0.3651219 1.228219e-06 0.011899622 0.62711143 0.2018933 0.00044303306 0.00045589576 0.0015538448 4.907908e-06 2.208309e-05 1.0102087e-05 1.2390215e-06 5.4785096e-06 0.2094648 2.1406247e-06 0.00017113832 2.0816271e-05 0.007122404 9.1374214e-10 1.888656e-07 2.6795808e-06 0.0007493404 0.02218362 1.4646871e-07 8.267286e-08 4.65735e-07 3.5584384e-05 3.8547543e-09 1.7452003e-08 5.7113763e-08 2.9202224e-10 0.0024934341 3.8061224e-11 4.626281e-08 1.1574762e-08 9.0155176e-05 4.062736e-09 1.4886252e-09 9.3054435e-09 7.737457e-09 8.3854053e-07
0.98390275 0.004834669 0.00070557435 0.0035604008 0.0003573108 0.041005205 1.5737e-05 0.0044026296 0.015950592 0.7406847 0.62103647 0.0027779853 0.090564184 0.005530865 0.11685092 0.0037872137 0.3217313 0.000557953 1.3896148e-05 0.80095667 1.4018478e-06 3.892455e-06 0.018945396 0.069811665 0.92099917 2.4265803e-06 0.7642661 0.0040199617 4.5852907e-08 5.899431e-07 3.4098056e-07 0.039690457 3.5617347e-07 8.790214e-06 0.5784617 0.000250874 7.157432e-07 7.318862e-07 0.0069878288 1.1489869e-06 0.9219229 0.0010631456 0.6444435 0.00045064284 0.00017553873 0.8217361 0.6048736 5.3446354e-07 1.2761761e-07 1.2661336e-07 0.083436295 0.033826746 2.3618716e-07 0.98396665 1.2813108e-06 3.0778903e-08 8.7617957e-07 0.64404297 0.29076484 0.8317778 0.00050684804 6.294712e-08 4.3767075e-05 0.11554807 0.004740236 1.5321906e-06 2.0896408e-05 1.3999902e-05 1.1435123e-06 4.8304287e-07 5.231882e-07 5.4493006e-07 5.1117993e-08 0.1259827 6.888499e-08 9.13595e-06 6.456386e-07 0.12150736 1.05331985e-07 2.9086184e-06 1.4121024e-07 0.00019410903 0.022687761 2.9036574e-08 1.0522591e-08 1.0588188e-07 3.6328287e-09 9.902595e-08 3.000214e-07 6.3542034e-09 3.1900658e-08 3.5004075e-05 1.6548532e-10 4.6558446e-09 1.1402654e-09 0.0065672193 4.2906397e-08 1.1244886e-08 1.1939291e-08 3.5747237e-07 2.733613e-05
0.9527262 0.30437323 0.49231914 0.020718485 0.7996253 0.014006594 0.9792225 0.017334241 0.022116687 0.0001845188 0.0009599812 0.0069529666 0.00091854844 0.0066303983 0.0016358829 0.0025213598 0.00052448286 0.051148355 0.8983342 0.00014410068 0.032589063 0.43824455 0.00015940606 4.7710646e-06 0.00017111874 0.046057817 0.00025026654 0.003914579 5.899431e-07 3.2950555e-11 0.99179196 0.00011492423 0.2439701 0.004916397 8.0833837e-07 3.602522e-06 0.08947993 0.0027196533 0.00033002908 0.014149759 1.5290289e-06 0.009807348 4.106086e-05 0.002298319 0.0095247645 0.00029911194 2.2570013e-08 0.05713485 0.8635588 0.81123513 1.7263286e-05 6.9096626e-05 0.01804048 7.845769e-08 0.0013052921 0.0104779955 0.015103026 3.1642024e-08 2.709595e-08 6.015985e-06 0.00035605938 0.35312477 0.00015550952 2.4032588e-05 2.039801e-06 0.0023169394 0.00062346883 8.926882e-05 0.0014504698 0.007901513 0.015783677 0.1013384 0.08399529 1.913661e-06 0.010462504 0.00024149565 0.001624275 2.0070127e-08 0.4885806 0.5573986 4.2194883e-05 7.146158e-09 5.6850958e-08 0.018724412 0.00036249007 5.672902e-07 2.2115565e-09 0.037623297 0.00037683168 0.0074490574 0.035073597 3.2196962e-07 6.867997e-07 0.0016505783 9.159256e-05 1.6844902e-12 8.691804e-05 3.2403813e-07 8.2019795e-08 0.004915996 7.2347944e-13
0.9488034 0.23078266 0.72839034 0.0065048374 0.5278214 0.0025124224 0.5998094 0.0022117363 0.0045249704 7.63564e-05 0.00012703675 0.01856327 7.206268e-05 0.0013596003 0.0005582232 0.0012515392 8.924405e-05 0.0024158459 0.7808718 4.4890137e-05 0.62158734 0.9855185 5.537356e-06 3.5275488e-07 1.17386135e-05 0.40611112 7.0512935e-05 0.002326173 3.4098056e-07 0.99179196 4.0791384e-11 7.572997e-05 0.88599133 0.0503557 3.6114398e-07 3.1388074e-05 0.0009830083 0.09708565 8.0797625e-05 0.13899122 1.5893374e-07 0.021823429 2.1240169e-06 3.172816e-05 0.00026861439 4.496383e-05 1.2224569e-08 0.0004752088 0.6405645 0.027687114 1.713555e-06 1.1480465e-05 0.38064831 7.294762e-10 0.0056660087 0.08946753 0.06151304 1.1561274e-09 3.3172004e-08 2.8272083e-07 0.000129768 0.005690657 9.314697e-05 6.3002744e-06 4.4053255e-07 0.003960498 0.0013280273 0.00026738908 2.5236306e-05 0.018907342 0.06835863 0.00019746556 0.13928518 8.35543e-07 0.08400446 0.00060938986 0.0035195213 5.2219824e-09 0.011978211 0.041475497 0.0004582518 8.519892e-09 2.9027715e-08 0.0048124716 0.004426876 1.2737037e-06 1.2193445e-10 0.011249495 0.00013201761 1.9466805e-05 0.0012721262 4.2425316e-07 9.829698e-07 1.5071961e-05 7.8126516e-07 5.187415e-13 0.0002655262 9.4687647e-07 1.1691645e-05 4.8389404e-07 3.1627387e-14
