3.5086857e-11 0.8134176 0.6576516 0.9475447 0.9920393 0.19731335 0.9550985 0.98106277 0.89973503 0.9071159 0.3300832 0.9617342 0.985385 0.957227 0.8489057 0.9523381 0.26339218 0.9839708 0.03449698 0.9827766 0.76146805 0.9945076 0.04459532 0.97446287 0.9718256 0.88246727 0.012259438 0.99191123 0.9515208 0.69059825 0.98649216 0.96185565 0.99722445 0.9835008 0.94723743 0.99220246 0.8735831 0.9711664 0.8122854 0.8954144 0.99732035 0.8712016 0.88396686 0.94202274 0.9308525 0.9949488 0.9621311 0.9901593 0.81155425 0.73568183 0.86235476 0.99873847 0.9324101 0.9953334 0.011621584 0.9977158 0.9241559 0.7885583 0.9957042 0.95140487 0.92214787 0.9237687 0.96062905 0.007346135 0.92879325 0.98581696 0.9882111 0.9972958 0.8975079 0.9913867 0.77050436 0.2607777 0.86093634 0.9760055 0.53288805 0.9771803 0.97818065 0.9774156 0.15883338 0.9723149 0.83346117 0.9954579 0.00026333902 0.91281813 0.99383885 0.99457264 0.9067379 0.9558956 0.89339936 0.97513306 0.3378007 0.94018954 0.8879997 0.0008634064 0.98587596 0.9774571 0.999064 0.9978149 0.06725919 0.97097325 0.9525838
0.8134176 1.5468295e-14 0.9967304 0.8752439 0.98881674 0.0017475955 0.033641703 0.89845383 0.008944791 0.31937414 0.006553686 0.41777676 0.7097643 0.29739565 0.00083323865 0.038990892 1.0162422e-05 0.0074558915 0.0026153016 0.0948978 0.005970415 0.17163673 0.001805516 0.029227046 0.01809454 0.036529064 1.6451282e-05 0.014507204 0.011060016 0.00014825512 0.0046115518 5.0805374e-05 0.0009535729 0.052746236 0.02421258 0.005864826 4.026571e-05 0.017771462 6.572322e-07 1.2952875e-06 0.026852807 0.0015916886 2.4264637e-05 0.00014723177 0.000844086 0.003936767 0.00039312892 0.0025787007 5.1890615e-06 4.317077e-06 9.045846e-06 0.00041301508 8.393386e-06 0.04205916 7.133724e-09 0.013144832 2.099741e-05 4.248895e-06 5.3279895e-05 9.714749e-06 2.2006017e-05 2.1626513e-05 0.00025536134 6.536703e-09 7.2125375e-05 0.00027058047 3.4602075e-05 0.0064066285 0.00021513467 7.834995e-06 8.293437e-07 4.252559e-08 2.0311849e-07 0.00010592346 1.0134218e-07 4.7135487e-05 1.3708448e-05 5.6017656e-05 9.5148806e-08 1.2369442e-05 9.973544e-08 0.013598248 5.4054883e-10 6.020318e-06 0.004611257 0.0016832084 2.0026563e-07 4.2969157e-05 9.123569e-06 8.307115e-05 1.1827972e-07 9.77065e-05 5.6587294e-07 1.471854e-10 0.0020016723 0.00023264444 0.0023680506 0.0034636643 6.367315e-10 0.0005011373 1.5805232e-06
0.6576516 0.9967304 1.7236492e-14 0.5029318 0.9605186 0.00036427463 0.0024985173 0.031361226 0.00036661924 0.0063822377 0.0009296531 0.002028298 0.04278964 0.009922264 0.00012150613 0.0005014519 1.1018986e-07 4.3822874e-05 0.009038594 0.003398364 0.49329337 0.0021531358 0.9693412 0.0009956592 0.0011190008 0.8206329 2.3119232e-07 0.0005260458 0.41448042 5.885657e-07 2.3332957e-05 1.3630737e-05 1.9718761e-06 0.47942966 0.00053793343 6.535074e-06 4.000251e-06 0.0037706755 5.309839e-07 5.840921e-08 0.00035607265 2.8610814e-06 5.644829e-07 1.1560905e-06 3.0278181e-06 0.1041426 0.01973783 0.00035283796 2.6949316e-08 2.4015998e-07 0.00876496 1.7720072e-06 3.0269925e-06 0.0012276947 0.005361212 0.07972292 0.0003362913 1.9133305e-08 0.0016372228 0.0006306346 0.0004965235 0.00016468996 1.2437384e-07 7.3968215e-05 9.868708e-09 0.001937847 0.0026261737 0.00014278674 0.00466679 0.0006299989 1.7707292e-05 0.0010064767 3.7394354e-09 0.00014870442 1.0513391e-10 0.00031734683 2.7421558e-09 9.031214e-05 3.8628542e-07 3.8397648e-08 4.0655382e-07 0.00018884626 8.855732e-05 1.6412175e-06 2.251221e-06 0.00048573193 8.830292e-08 9.4430465e-07 1.528299e-09 2.101035e-05 8.956069e-11 6.0527844e-05 1.4510037e-07 1.9208636e-11 0.0012818994 0.00041724124 0.00013021106 1.0332247e-05 1.3676674e-11 2.5857208e-08 2.6649816e-09
0.9475447 0.8752439 0.5029318 5.295954e-10 0.45900843 0.9995019 0.70965207 0.9726455 0.042310424 0.059398625 0.024258569 0.057528146 0.7467927 0.6722364 0.0012599552 0.00079904305 0.00010865378 0.0016039155 0.36597434 0.08846719 0.04991331 0.008263752 0.0033553478 0.0010185301 0.00042330564 0.103310354 0.0010439266 0.00030437473 0.020535124 0.00011572588 5.112202e-05 0.0001976014 4.1840813e-05 0.020453671 0.0006094922 0.0001399868 0.0049425587 0.0049746535 0.0005838728 7.4085474e-05 0.0042027454 1.166347e-05 5.8308474e-06 3.6501392e-06 1.0496777e-05 0.006877177 0.0005978477 0.00011790758 3.051638e-08 4.6886264e-05 1.279276e-05 2.3716157e-05 6.166354e-06 0.00083615497 1.7406184e-05 0.024318961 2.1649078e-06 1.8598017e-06 5.2810643e-05 1.067732e-05 2.694208e-07 4.4980534e-06 1.3665979e-06 4.055911e-07 7.13758e-08 9.114841e-05 7.3135954e-05 5.0864714e-05 0.00025531166 3.2447137e-05 4.7459274e-08 1.1512277e-06 9.341245e-08 0.00013616662 1.6022037e-08 0.00032764443 3.547196e-07 8.057885e-05 3.40269e-06 9.691152e-08 1.1068804e-07 0.0009942141 2.2695526e-06 3.975273e-06 3.9806735e-05 0.0023171061 4.9131476e-08 3.7773625e-06 1.2839858e-08 0.00010472675 7.115647e-10 8.197253e-05 4.608291e-07 1.6066002e-09 0.0014531447 0.0008500841 0.00022125895 1.4494729e-05 5.1233195e-11 2.058713e-06 1.5484467e-07
0.9920393 0.98881674 0.9605186 0.45900843 9.842099e-11 0.00019000366 0.006752855 0.36089432 0.0007783188 0.20284574 0.00065639784 0.112907894 0.9070868 0.60336345 9.098479e-05 0.011673179 6.757405e-07 1.22468045e-05 0.00025615137 0.2505629 0.08341459 0.27178916 0.039336003 0.03724377 0.02052816 0.549571 4.8411206e-08 0.03801532 0.24225117 1.8000468e-05 0.0030730264 6.811629e-06 0.00013182801 0.24978217 0.050679013 0.00030772714 7.9067206e-05 0.18191493 1.22276e-06 1.1259851e-07 0.06886987 8.783268e-06 5.6214543e-07 1.4053402e-06 0.0012732586 0.07389662 0.0073905885 0.008737394 5.9454653e-08 7.985709e-08 5.150062e-05 0.00019386853 1.368271e-06 0.3626517 3.179019e-05 0.40813553 2.8999122e-05 1.3722914e-07 0.00018427998 0.0001406126 0.00011747904 6.7822366e-05 0.00010812298 1.9646876e-07 1.6042643e-05 0.0050554657 0.0010929406 0.03772149 0.0012076679 0.00017536941 5.823309e-07 1.4606218e-06 2.1072664e-08 0.0011398068 1.0277629e-10 0.00034724968 3.0115689e-05 0.00027531947 1.2736156e-07 4.1025822e-07 1.6218021e-07 0.12933432 3.576468e-08 0.00027647006 0.0047702985 0.00810129 1.2632469e-06 0.00017798302 3.8204803e-07 0.0003594942 2.3010414e-09 0.002230492 1.4273847e-05 6.007676e-10 0.039973274 0.0010489662 0.005977531 0.01370552 3.1354922e-11 0.0003739855 2.8574503e-09
0.19731335 0.0017475955 0.00036427463 0.9995019 0.00019000366 5.616499e-14 0.69798917 0.07562344 0.053806007 0.00091105007 0.110170834 0.009147938 0.0037368606 0.006752176 0.0010751298 8.263279e-05 0.00023345457 0.0004063188 0.9994837 0.001198776 2.2869635e-05 5.0465318e-05 2.0682473e-08 0.00015535981 5.3053877e-06 1.5573316e-06 0.00022754063 2.8001206e-05 1.5034047e-07 0.00010651717 1.5955375e-06 1.6445134e-05 1.1494489e-05 1.5240782e-09 2.7146878e-06 2.9834797e-05 0.00023739251 2.1162054e-05 6.52618e-06 9.2212105e-07 0.0045298017 4.3027035e-06 9.200296e-09 3.813773e-08 1.1546422e-09 1.8010357e-07 1.822067e-08 2.0703557e-07 4.2315584e-10 8.6394004e-07 1.2433922e-09 1.7768527e-07 4.5727293e-09 5.2059768e-05 3.1768876e-09 3.1328594e-07 2.5966257e-10 1.3083104e-10 2.0920364e-08 2.2132708e-08 3.9832837e-08 7.3736867e-10 8.125382e-09 8.608759e-12 2.799467e-10 3.329949e-08 1.2692395e-09 6.2779386e-06 1.0322688e-08 3.9190498e-10 6.332869e-10 7.36061e-12 1.9883395e-11 3.9837627e-08 4.3981437e-14 1.912732e-08 8.5325735e-10 1.180781e-07 2.3744748e-08 5.907016e-10 1.9056718e-11 2.5419275e-05 6.636926e-11 2.5403157e-09 8.557372e-08 6.88338e-07 9.480623e-12 7.545583e-10 3.1751643e-11 2.883258e-09 3.8377504e-12 2.217471e-08 8.688554e-11 3.7667515e-13 1.2399138e-06 5.700591e-08 5.923173e-06 2.0940386e-06 8.4787923e-14 7.143055e-08 1.6238975e-11
0.9550985 0.033641703 0.0024985173 0.70965207 0.006752855 0.69798917 3.0196325e-11 0.9188521 0.99837875 0.035656232 0.96063846 0.63895535 0.22362061 0.497231 0.5190052 0.041909546 0.10986287 0.32669654 0.21272866 0.1814325 0.00013142831 0.02614161 2.041317e-06 0.12436685 0.0040380093 0.00024208064 0.034849454 0.04341824 4.1383533e-05 0.016001219 0.0077301576 0.0022690971 0.008687926 1.9673838e-05 0.0013250809 0.025817906 0.049293734 0.03181601 0.0002192766 0.00018309541 0.5971236 9.1677146e-05 1.6228533e-06 7.828609e-06 0.00020140977 0.0003088597 7.948791e-06 0.0009167265 2.1199169e-08 3.6233316e-05 8.699673e-09 0.00012454734 2.851598e-07 0.2732071 3.4848988e-09 0.0019419126 8.448578e-09 3.304109e-07 1.6248914e-06 8.220304e-08 2.990098e-08 1.6507089e-07 2.5727864e-05 7.1474765e-10 3.9260473e-07 5.9697122e-05 9.4399934e-07 0.011709863 7.85202e-06 9.0706084e-07 9.392409e-09 3.6543133e-11 2.203398e-08 2.1826649e-05 9.992309e-10 5.354883e-06 2.5473975e-07 4.6711466e-06 8.3025725e-08 5.171333e-09 1.7715871e-09 0.014296347 5.407267e-08 3.591094e-07 0.0010887688 0.0011505522 3.3619757e-10 2.285153e-08 7.0038186e-10 1.9575844e-05 4.400164e-11 9.2676544e-07 2.8429952e-09 4.596258e-10 0.0022920994 3.5036087e-06 0.0014587989 0.0012160983 3.4820015e-13 4.443117e-05 6.519393e-10
0.98106277 0.89845383 0.031361226 0.9726455 0.36089432 0.07562344 0.9188521 4.1269882e-10 0.5494418 0.88683873 0.16547234 0.9659814 0.36963776 0.7956345 0.23778972 0.60604966 0.026468381 0.57611626 0.0182601 0.64263815 7.8815e-05 0.043808706 4.2348434e-05 0.3738833 0.061901424 0.015246121 0.0010647969 0.09170319 0.0023292196 0.057190895 0.13288775 0.07716482 0.0006664066 0.007091775 0.007021664 0.1458992 0.071193755 0.055177033 0.010821909 0.0050056055 0.545724 0.062868826 0.0021753844 0.012395728 0.0024439956 0.0001478788 5.02837e-06 0.0053719543 0.0143590225 0.0062222704 5.734793e-07 0.00020712479 3.3394528e-05 0.24283886 4.9814707e-06 0.0140541 9.510232e-05 0.0001603838 3.987309e-06 1.9861036e-05 7.1841414e-06 1.6767213e-05 0.0063608163 2.2265915e-08 0.00015147864 9.0027585e-05 1.4139824e-05 0.084230386 1.497073e-06 6.978278e-08 4.721543e-07 1.5295677e-09 2.8653194e-06 4.2338135e-05 4.9427745e-06 2.8448045e-07 0.0005500981 1.875421e-05 0.000106366526 0.00027681145 3.8566204e-06 0.032288052 1.7569255e-07 4.360449e-06 0.008822975 0.00021064209 2.6508062e-06 5.408864e-07 3.0622254e-05 8.38461e-06 2.4327656e-07 3.825371e-06 4.6076977e-07 6.3504385e-06 0.00095553516 5.952083e-07 0.00035079266 0.0043528997 1.06230225e-07 7.405566e-05 1.1608257e-08
0.89973503 0.008944791 0.00036661924 0.042310424 0.0007783188 0.053806007 0.99837875 0.5494418 4.149408e-12 0.013318374 0.9875774 0.37927404 0.061424013 0.120356545 0.9526387 0.017066713 0.36229128 0.7847245 0.021054646 0.060112473 1.2606804e-05 0.005902774 1.6224998e-07 0.043710414 0.0013658996 3.8657767e-05 0.022821365 0.012345931 1.2450144e-05 0.102849856 0.008547684 0.031109715 0.018809836 3.902264e-06 0.0006573454 0.036320366 0.10106754 0.006104628 0.0020010034 0.0003976238 0.4060667 0.0021716605 9.68396e-05 0.00012930215 0.00026158517 1.4990581e-05 4.0992518e-08 0.0009899494 7.742149e-06 0.0005345077 1.7961739e-08 0.00018543558 1.3966609e-06 0.15784587 1.0097169e-08 0.00078895665 1.4645327e-08 9.081761e-06 5.219055e-07 2.8166948e-08 4.5266614e-08 3.2985017e-07 0.00015436513 3.494957e-09 4.4163316e-06 1.3551652e-06 3.4488696e-06 0.017463043 1.8656185e-07 5.803221e-08 1.4484998e-09 5.4956806e-11 1.6193495e-07 2.2581492e-06 1.5645715e-09 7.451088e-07 8.734636e-06 1.0433215e-05 3.3660378e-06 2.459597e-06 8.095893e-10 0.0147165805 1.5371667e-08 1.171353e-07 0.00121647 4.07989e-05 8.0017104e-10 1.2635257e-07 1.8678572e-08 9.28645e-06 5.380924e-10 3.513367e-07 2.9788767e-09 3.0927495e-08 0.00082584936 2.3746063e-08 0.0014034016 0.0022562677 2.0778998e-11 0.00011436531 2.838081e-09
0.9071159 0.31937414 0.0063822377 0.059398625 0.20284574 0.00091105007 0.035656232 0.88683873 0.013318374 1.2286823e-11 0.0006193737 0.8693299 0.9845317 0.988406 0.0029944028 0.74113834 2.3464236e-05 0.009300208 6.9051403e-06 0.8382901 0.00040200594 0.74481887 2.4032313e-05 0.22497185 0.54444456 0.025662951 1.1101025e-07 0.17006567 0.01516642 0.0007973439 0.051045015 0.00061094237 0.0001873981 0.24594757 0.20020622 0.0034579264 0.00032348186 0.11399593 1.45279e-05 9.512731e-06 0.07673094 0.003439679 0.00019815714 0.00091356493 0.014236999 0.0012759182 6.1756145e-05 0.03016826 0.0002735946 0.00018372039 1.5316873e-05 9.636836e-05 7.0064857e-06 0.08630941 6.609028e-09 0.027788341 0.000115504925 2.2040874e-06 4.7662186e-05 4.9357874e-05 2.1508185e-05 0.0002655872 0.0016288543 2.533197e-10 0.00357764 7.2741066e-05 0.00031664548 0.03216492 3.1284421e-06 1.1102762e-07 1.902735e-06 9.2118974e-10 2.2063617e-07 0.0003238245 1.9888052e-08 6.0436787e-06 0.00041557432 0.00024300285 4.9939613e-06 7.9989004e-05 2.3199582e-05 0.039086938 4.6947035e-10 1.5429e-05 0.0014933989 1.9790154e-05 2.7234657e-06 7.4413783e-06 0.0005741818 0.00027403905 4.1441645e-08 5.141997e-06 1.9218882e-07 1.9069546e-08 0.0025304183 2.4712238e-06 0.0051976256 0.0049108136 2.002347e-09 0.0010703099 3.7810857e-08
0.3300832 0.006553686 0.0009296531 0.024258569 0.00065639784 0.110170834 0.96063846 0.16547234 0.9875774 0.0006193737 1.0950959e-10 0.021363035 0.00022973833 0.0041669747 0.96524704 0.0007637545 0.9849779 0.3535758 0.5950267 0.0033050345 0.000100330886 1.4093014e-05 3.5323322e-07 0.0007021995 4.7155903e-05 1.2523552e-06 0.76832175 0.0002505567 8.814273e-08 0.12574698 0.000103677456 0.010046327 0.0002844714 3.7442476e-08 5.9505537e-06 0.001031759 0.17771396 6.6134984e-05 0.015219746 0.0013635601 0.013712214 0.0001454647 1.7894297e-05 8.959749e-06 5.1167017e-06 3.3626081e-06 6.218091e-08 3.0213857e-06 3.2044136e-07 0.0009150809 2.2660638e-08 1.1484277e-05 2.9003158e-05 0.00069186493 1.5305278e-09 3.7835795e-07 4.3742805e-08 1.2005636e-05 8.905304e-08 9.81882e-09 1.8153164e-08 1.0006593e-09 9.624482e-07 2.0454635e-10 1.0271896e-08 1.2409075e-08 8.119708e-10 2.1450194e-05 2.8954946e-06 7.441286e-08 3.3716294e-09 3.174205e-09 1.4512327e-08 2.00341e-08 3.4831178e-09 3.2458984e-09 2.3679974e-09 1.3380531e-08 3.5265867e-07 1.864841e-09 1.0558103e-10 6.987159e-05 9.6361905e-11 1.3315571e-10 8.1138105e-06 3.5371447e-06 4.8414273e-11 5.31168e-12 2.8600225e-10 5.25718e-09 6.179098e-12 2.2860705e-10 5.725847e-13 3.0130277e-11 3.7912844e-07 5.918853e-08 1.9726e-06 3.5430119e-06 1.2170731e-12 5.8384263e-08 3.0634183e-08
0.9617342 0.41777676 0.002028298 0.057528146 0.112907894 0.009147938 0.63895535 0.9659814 0.37927404 0.8693299 0.021363035 3.8719597e-13 0.041012745 0.4756628 0.23631296 0.98230904 0.021879246 0.5338206 0.0010710864 0.8146188 3.3354615e-07 0.027694456 7.619832e-07 0.8742561 0.18065906 0.003177249 0.0014597377 0.44244596 0.0008020216 0.07764299 0.89407927 0.13469766 0.022965197 0.012287782 0.04328005 0.34668407 0.06417594 0.089904025 0.011928203 0.0066509456 0.8815484 0.08165022 0.0069489162 0.022437861 0.053186435 7.080356e-07 6.77816e-08 0.031356458 0.02667465 0.005872445 3.196845e-08 0.002027078 0.00046214086 0.3877848 9.1123455e-09 0.008181661 1.4483095e-05 0.0007995385 2.1938942e-07 8.460874e-07 1.1187351e-06 4.1697385e-06 0.05885477 1.8105307e-08 0.00847211 1.8687107e-06 3.191633e-06 0.16564758 6.581139e-09 1.2574244e-10 9.4591615e-09 3.2963202e-10 3.4014374e-06 4.710513e-06 4.578283e-06 6.48972e-09 0.008450244 3.1967767e-05 0.00072204106 0.0020366271 1.1539844e-06 0.05596143 1.0365302e-08 1.6227955e-07 0.0098804375 9.768972e-07 1.8850947e-07 6.576939e-08 0.000526025 1.3655458e-05 9.632549e-08 2.9068644e-07 1.4894781e-08 3.6725032e-06 0.0007634122 1.28194255e-08 0.0022067565 0.016961036 1.1581767e-07 0.0035172852 8.27656e-09
0.985385 0.7097643 0.04278964 0.7467927 0.9070868 0.0037368606 0.22362061 0.36963776 0.061424013 0.9845317 0.00022973833 0.041012745 8.445504e-12 0.8968174 0.0066359746 0.053122707 9.637195e-05 0.0039271563 4.8694616e-05 0.34343964 0.047192097 0.96706676 0.0009940288 0.0059945458 0.10687979 0.29434848 1.4201272e-07 0.011984685 0.20536843 0.00045886927 0.0003070784 0.0006979327 1.6088076e-06 0.7852476 0.15731175 2.5073372e-05 0.0001595005 0.23900543 0.00010631459 1.0664855e-05 0.010007025 0.00011927446 1.2365561e-05 1.309025e-05 0.0013818224 0.0060159075 0.000120509416 0.018053818 4.9097525e-06 6.9927746e-06 0.00015347691 1.9936497e-06 4.4525422e-07 0.06231608 1.7726983e-06 0.47075585 0.001010909 5.5314654e-08 6.861706e-05 8.759231e-05 0.00019943573 0.0018184027 9.6745716e-05 4.523155e-09 0.00042356108 0.0011272021 0.0052734376 0.015476121 2.6898544e-05 2.773973e-06 3.0029765e-05 9.264203e-08 1.1813594e-08 0.0013230907 3.9864337e-10 5.6143825e-05 0.00015896233 0.00161186 6.840761e-06 2.5957868e-06 1.3378459e-05 0.060882676 2.5561619e-08 9.7400414e-05 0.0001585502 0.0011639885 1.4218754e-05 9.9485376e-05 1.9310966e-05 0.00078621623 2.142852e-09 0.00042402104 4.0316234e-05 3.5121108e-09 0.031322323 9.197463e-05 0.005571292 0.0027840948 1.9733064e-11 0.0005919971 1.3490176e-09
0.957227 0.29739565 0.009922264 0.6722364 0.60336345 0.006752176 0.497231 0.7956345 0.120356545 0.988406 0.0041669747 0.4756628 0.8968174 3.3741705e-09 0.040894452 0.4890784 0.003460074 0.06958093 0.0015890731 0.97144836 0.0019692217 0.9203295 2.6635262e-05 0.12170091 0.6033008 0.0065616784 0.00010311452 0.3246906 0.0048632403 0.0071566934 0.012195797 0.026436541 0.00017219919 0.049776174 0.25037515 0.0010273568 0.025518043 0.18004379 0.0017757611 0.0012956692 0.08044215 0.0011752517 0.00053299055 0.00032493292 0.007459039 0.00079871155 5.594409e-05 0.035405148 0.0007279714 0.0011518658 0.00013279317 9.850786e-05 3.9712882e-05 0.12384411 3.8206042e-07 0.023975499 0.00025079914 1.2645361e-05 2.402159e-05 2.8735634e-05 4.6455243e-05 0.00030344812 0.00057057943 5.377595e-08 0.0009565755 0.00014177896 0.0006244995 0.024312697 2.3726383e-05 5.3446893e-06 3.2519144e-06 3.622445e-08 1.3870573e-06 0.0006771095 2.0176358e-09 6.7351484e-06 0.00045127395 0.00036114865 8.516767e-05 8.575014e-05 3.858852e-05 0.09952053 3.866405e-08 1.5064861e-05 0.0011095512 0.00024730014 6.482592e-06 2.0432932e-05 8.898773e-05 0.00023691596 1.7684845e-09 5.4068427e-05 1.7815147e-06 2.4502148e-07 0.0085534165 4.309426e-06 0.008562128 0.010667622 3.6058505e-09 0.0010537454 2.948146e-08
0.8489057 0.00083323865 0.00012150613 0.0012599552 9.098479e-05 0.0010751298 0.5190052 0.23778972 0.9526387 0.0029944028 0.96524704 0.23631296 0.0066359746 0.040894452 1.572804e-11 0.005002759 0.98697245 0.9758466 0.014154051 0.022352379 1.2254626e-06 0.00067879993 5.9130414e-08 0.0327423 0.0010631329 3.6839272e-05 0.30473593 0.0037082997 1.9459863e-05 0.86933523 0.010578284 0.37837526 0.20929721 1.7996957e-06 0.00015819602 0.22110416 0.17674628 0.003882692 0.008909893 0.0067204824 0.44945085 0.02865315 0.0043359646 0.004868635 0.0003005528 1.6584201e-05 1.4654843e-06 0.0006357829 0.00081889716 0.00416303 8.486665e-08 0.0014807002 0.00019421717 0.12957457 3.4688175e-09 0.0008345091 5.052563e-08 0.00047182868 4.905634e-06 1.6875681e-06 2.0594972e-07 2.9507407e-07 0.0033560374 2.1865928e-08 4.2432257e-06 4.6462377e-05 1.2441929e-05 0.030040009 4.1373428e-07 1.7851047e-08 3.4534617e-09 1.5372238e-10 1.0059643e-05 5.354633e-06 2.2090882e-05 5.536115e-06 0.00056261907 2.9673089e-05 2.289864e-05 0.00014932173 2.4928653e-08 0.012278205 1.7074575e-08 4.1781078e-07 0.005015356 3.7469144e-05 1.8786583e-08 1.9716212e-07 1.0756733e-07 1.1398567e-05 8.603388e-09 5.5138853e-06 7.2644035e-08 1.690868e-07 0.0007419486 1.5197205e-06 0.0011580841 0.0061378176 2.0752404e-09 0.00022623868 2.4552708e-06
0.9523381 0.038990892 0.0005014519 0.00079904305 0.011673179 8.263279e-05 0.041909546 0.60604966 0.017066713 0.74113834 0.0007637545 0.98230904 0.053122707 0.4890784 0.005002759 1.2978845e-13 0.00025994956 0.013401082 2.0895582e-06 0.8998831 7.988364e-07 0.20234932 3.8740236e-08 0.98049486 0.7165412 0.0012266495 1.6680966e-06 0.7914195 0.0014328149 0.0021149355 0.740512 0.0066717924 0.007950808 0.022839392 0.1607038 0.066776775 0.0016945854 0.12738131 0.00038431335 0.000427407 0.91979235 0.011765699 0.00035379003 0.0029673667 0.09626258 9.997176e-05 5.494497e-07 0.06459846 0.0032177013 0.0013206509 1.1254178e-06 0.003118288 9.513642e-05 0.573189 1.1588147e-08 0.018237136 2.3779026e-05 2.7524527e-05 8.1497126e-07 2.4853452e-06 1.1467126e-05 0.00012200088 0.010339563 2.3315636e-10 0.021284595 5.5849472e-05 0.00021130605 0.23875685 7.234329e-08 2.04987e-09 1.9577692e-07 2.931378e-10 2.0411342e-06 0.00018149341 1.1513583e-06 2.1232017e-07 0.012787322 0.00045011693 0.00010630547 0.00063196267 4.535845e-06 0.2191031 1.6809343e-08 3.5821686e-06 0.015748203 6.6652638e-06 3.834974e-06 2.1552546e-06 0.003171739 0.00039846558 1.275682e-07 1.290499e-05 3.0839152e-07 1.0281747e-06 0.0071690227 6.8622285e-07 0.015342853 0.042701244 2.7075078e-08 0.010748265 1.5548957e-07
0.26339218 1.0162422e-05 1.1018986e-07 0.00010865378 6.757405e-07 0.00023345457 0.10986287 0.026468381 0.36229128 2.3464236e-05 0.9849779 0.021879246 9.637195e-05 0.003460074 0.98697245 0.00025994956 3.183158e-10 0.60443157 0.2203707 0.0036146275 3.2588574e-09 8.794666e-06 3.713857e-11 0.004159064 2.8536328e-05 7.084061e-08 0.9931321 0.0005436143 1.8235445e-08 0.62069064 0.00025034364 0.057670735 0.014728655 1.387405e-10 1.3883305e-06 0.013999408 0.12548894 2.0911162e-05 0.003751758 0.0013539951 0.03789042 0.0009943364 0.00016149333 3.729926e-05 3.0703795e-08 8.98063e-08 5.773552e-09 5.7620537e-06 1.1893738e-07 0.00092469045 5.494554e-09 3.2655993e-05 3.989013e-06 0.0055247284 3.021368e-10 1.6595433e-07 7.312151e-09 1.123688e-06 1.555256e-07 8.558951e-09 7.781922e-08 7.250968e-10 7.811658e-06 2.8267227e-11 1.6777368e-09 3.8374854e-09 1.2157478e-09 0.00031967848 1.04310285e-08 1.1257263e-09 2.2760516e-09 2.1305744e-11 7.441987e-10 8.349767e-09 3.6372083e-10 1.304113e-09 7.274012e-08 9.61412e-08 2.4405784e-07 2.5195721e-08 1.0020474e-10 0.00074791285 4.1486578e-11 2.761106e-10 1.1462731e-05 3.2628456e-08 3.5383436e-11 1.931706e-11 1.11435e-10 4.8261e-09 6.170692e-11 4.4216705e-10 2.1338471e-12 1.831835e-11 4.6993496e-06 1.8047022e-10 2.0913514e-05 0.00010004358 8.128265e-13 3.3307222e-07 1.1794383e-09
0.9839708 0.0074558915 4.3822874e-05 0.0016039155 1.22468045e-05 0.0004063188 0.32669654 0.57611626 0.7847245 0.009300208 0.3535758 0.5338206 0.0039271563 0.06958093 0.9758466 0.013401082 0.60443157 8.188688e-13 0.0007371315 0.031616256 4.6778308e-07 0.00059674325 7.789521e-09 0.08253689 0.0017935314 1.5780711e-06 0.07130912 0.008791464 2.6255773e-07 0.93355083 0.15062377 0.9515629 0.890987 1.5406906e-06 0.00043339966 0.8260286 0.3335678 0.0034389328 0.05078288 0.087219425 0.8443625 0.5169692 0.07628495 0.07463133 0.0006432451 9.6389185e-06 5.1263378e-08 0.00058701634 0.024575282 0.16072728 6.4944786e-08 0.026996927 0.0042350194 0.30414465 1.0797011e-09 0.00010589396 4.540514e-08 0.0075570536 4.0488136e-08 1.4371783e-07 1.1869221e-08 2.5057065e-07 0.034546874 2.0141244e-10 0.00014127769 3.3487606e-06 3.5890694e-06 0.11700381 3.5622514e-07 1.6634056e-08 1.1573983e-09 1.1121581e-11 0.00023600964 3.1595077e-06 0.0007162937 8.5595553e-07 0.00661185 1.5384143e-05 0.00010093002 0.0013756413 7.11637e-09 0.021018773 3.9981035e-08 2.1274195e-07 0.03184682 0.00018187737 3.5677108e-09 2.3895066e-06 1.7476677e-05 3.19137e-05 4.117624e-06 5.917214e-05 1.1134281e-06 6.772467e-06 0.0029906046 4.842188e-06 0.0025824069 0.010754074 4.957028e-09 0.00093133916 7.142963e-05
0.03449698 0.0026153016 0.009038594 0.36597434 0.00025615137 0.9994837 0.21272866 0.0182601 0.021054646 6.9051403e-06 0.5950267 0.0010710864 4.8694616e-05 0.0015890731 0.014154051 2.0895582e-06 0.2203707 0.0007371315 1.7581621e-17 6.626036e-05 0.00018419423 3.4027774e-08 6.1426356e-08 3.9829347e-06 8.201761e-08 5.204998e-07 0.9999762 4.5510643e-07 2.0896587e-07 0.0021739337 3.4055827e-08 0.0011729836 3.085772e-05 2.7467097e-09 1.8139191e-07 1.8354027e-05 0.031551316 1.6096494e-07 0.0019032494 9.683956e-06 0.00077596307 6.7504848e-06 1.0186887e-06 2.8908025e-07 2.672514e-10 1.5291856e-07 1.5796257e-07 3.1406429e-09 5.3568616e-09 1.5439819e-05 7.4518105e-08 1.7105026e-07 6.369557e-06 1.8341035e-06 2.215094e-09 9.766168e-09 7.0427014e-08 3.804851e-08 1.6588695e-07 1.6373887e-08 1.3936194e-06 3.3533767e-09 8.5566126e-10 4.112204e-12 2.585469e-12 1.2628795e-08 9.583061e-10 2.1121513e-08 2.8018994e-07 2.6127797e-08 7.6375514e-08 2.4116199e-11 2.3548921e-11 5.698555e-09 5.0959866e-13 1.6416196e-08 1.0550052e-10 5.507586e-09 3.2737297e-08 1.0914113e-10 2.8764529e-09 2.4606855e-08 1.028796e-11 5.1089553e-11 8.343527e-09 3.0262197e-09 3.6035727e-10 4.111992e-12 8.4769534e-13 1.7187284e-10 4.1687438e-14 3.867939e-12 2.4356786e-13 2.605577e-13 4.1215445e-10 6.6525935e-10 5.201333e-10 5.6551874e-10 3.3035062e-15 1.6329785e-12 7.2387915e-11
0.9827766 0.0948978 0.003398364 0.08846719 0.2505629 0.001198776 0.1814325 0.64263815 0.060112473 0.8382901 0.0033050345 0.8146188 0.34343964 0.97144836 0.022352379 0.8998831 0.0036146275 0.031616256 6.626036e-05 5.3389325e-08 0.00034331964 0.8358365 3.3094846e-06 0.79985535 0.94602096 0.0053849854 4.676156e-06 0.9072802 0.0023141925 0.005579307 0.1232729 0.019660179 0.00039940455 0.046675786 0.2664416 0.012570812 0.012341022 0.31530154 0.0024050784 0.00057805993 0.45178026 0.0044073467 0.00058912317 0.0010248738 0.073661506 0.0003907325 2.0324833e-05 0.08406323 0.0018408668 0.0011146362 5.1398565e-05 0.00022587371 9.692072e-05 0.56197196 2.3390794e-07 0.14132513 8.466929e-05 3.799903e-05 2.6243259e-05 4.3673426e-05 5.996936e-05 0.0003574959 0.004545987 1.8117036e-10 0.009503714 0.0004788923 0.001659095 0.30642417 9.926725e-06 7.425827e-07 3.4336385e-06 1.3616016e-09 3.3582014e-06 0.001575783 4.3007553e-06 1.8935011e-06 0.0057055573 0.0007836954 0.00014148843 0.00022962442 1.3480456e-05 0.38953596 2.6997817e-09 5.412776e-05 0.007413283 4.9788796e-05 2.6251919e-05 2.1746342e-05 0.0013550678 0.00047297712 1.8498312e-07 1.5327132e-05 4.7757555e-07 9.242212e-08 0.020828148 3.4146376e-07 0.012628134 0.060615595 3.1745924e-09 0.009064271 6.220306e-07
0.76146805 0.005970415 0.49329337 0.04991331 0.08341459 2.2869635e-05 0.00013142831 7.8815e-05 1.2606804e-05 0.00040200594 0.000100330886 3.3354615e-07 0.047192097 0.0019692217 1.2254626e-06 7.988364e-07 3.2588574e-09 4.6778308e-07 0.00018419423 0.00034331964 4.0226324e-09 0.012413556 0.99968386 8.6781665e-06 0.0002047988 0.99382824 4.3940048e-07 4.2220603e-05 0.85557956 3.7670932e-07 2.148226e-08 1.2852908e-06 3.5920533e-07 0.21563575 0.0022815135 1.101512e-07 2.2984908e-05 0.006671916 1.8445792e-06 2.4771579e-08 0.00028342774 1.6411605e-07 1.7160211e-06 9.588061e-08 1.898783e-06 0.66529816 0.12546457 0.00090842176 1.3073887e-08 2.1126843e-07 0.06082696 5.319112e-06 2.7940184e-06 0.001292325 0.03411272 0.11853391 0.013299983 9.345736e-08 0.035397124 0.039726794 0.008143622 0.0055669365 6.9693357e-07 0.0027067352 1.9959734e-07 0.029446848 0.010418147 0.0004014221 0.0047576474 0.0014501745 0.0013457701 0.024763467 1.833722e-08 0.0031751075 4.2617668e-08 0.002131643 4.921202e-07 0.00060694694 1.6746677e-05 4.1308354e-08 2.0132537e-05 0.0060919053 1.4833071e-05 0.0014446999 0.00011238498 0.013436715 0.0006386265 6.6459965e-05 4.547847e-08 0.00018393672 2.031736e-08 0.0005631594 1.2289322e-05 1.6347389e-07 0.0047113784 0.0027827928 0.0017326839 0.0005100997 3.4344387e-09 2.2552445e-05 6.429513e-08
0.9945076 0.17163673 0.0021531358 0.008263752 0.27178916 5.0465318e-05 0.02614161 0.043808706 0.005902774 0.74481887 1.4093014e-05 0.027694456 0.96706676 0.9203295 0.00067879993 0.20234932 8.794666e-06 0.00059674325 3.4027774e-08 0.8358365 0.012413556 2.528283e-10 8.143083e-06 0.07905771 0.9512918 0.16028626 2.3828978e-10 0.32127982 0.097578146 7.7002325e-05 0.016659087 6.104598e-05 9.892034e-06 0.7448415 0.86332554 0.00015774739 0.000120492856 0.61245525 4.3979122e-05 8.225857e-06 0.031013308 8.29555e-05 1.4695016e-05 2.3712268e-05 0.08775384 0.0027073019 3.8051832e-05 0.15612943 6.6820344e-06 4.5461343e-06 0.00015725457 2.854776e-05 4.6469995e-07 0.19121133 1.001076e-08 0.39819062 0.00030696858 7.661712e-08 9.162553e-06 6.22217e-05 0.00011931541 0.0021408761 0.00037980697 4.4530962e-10 0.010002202 0.00048989017 0.004843239 0.053613693 6.722725e-06 1.9911492e-06 4.977121e-06 2.2009553e-10 2.4627186e-08 0.0016214744 4.288715e-09 5.376498e-06 0.0035230846 0.0015042122 4.71624e-06 6.0941864e-05 2.2060123e-05 0.29043773 5.510318e-09 0.0001038142 0.0014618167 0.00080915104 3.6221154e-05 0.00037293448 0.0016323538 0.002645262 1.8951775e-08 0.00218915 0.00019946674 7.4135853e-09 0.033608958 6.2666004e-05 0.02047742 0.016288122 2.3761623e-10 0.006320758 2.9514695e-09
0.04459532 0.001805516 0.9693412 0.0033553478 0.039336003 2.0682473e-08 2.041317e-06 4.2348434e-05 1.6224998e-07 2.4032313e-05 3.5323322e-07 7.619832e-07 0.0009940288 2.6635262e-05 5.9130414e-08 3.8740236e-08 3.713857e-11 7.789521e-09 6.1426356e-08 3.3094846e-06 0.99968386 8.143083e-06 1.682804e-16 7.50115e-08 3.5551936e-06 0.18875737 8.939646e-12 3.815141e-06 0.104021035 6.250252e-09 1.4091201e-07 2.7572105e-07 4.26031e-09 0.03754542 3.4716504e-05 3.1632368e-08 6.6052007e-06 6.647968e-05 1.8267192e-08 1.1433295e-09 8.512349e-07 1.5888403e-07 3.281682e-08 1.3287176e-07 4.5508688e-07 0.050038792 0.032231215 3.400792e-06 9.536602e-10 1.5684895e-08 0.4079677 2.9003694e-08 1.0868304e-07 1.4431954e-05 0.98769504 0.00245292 0.00792245 1.1126791e-09 0.0035886946 0.0036037543 0.011428812 0.0003723179 6.330085e-08 0.00083795347 3.980595e-08 0.00017183418 0.00012671623 5.2401692e-06 0.00056000036 0.00014796443 0.0015007361 0.0026085451 4.4569368e-10 4.1398966e-05 6.8702107e-11 1.4886937e-05 3.1156262e-07 2.1784588e-06 6.8872605e-09 8.318737e-09 3.249363e-06 0.0003317068 1.7070579e-05 4.156367e-06 7.8448714e-08 0.00017935467 3.8002254e-05 2.2015914e-08 8.6539e-08 6.035515e-07 1.7998106e-10 3.102849e-07 9.264993e-09 6.173467e-12 0.0001558733 3.5900466e-05 7.116289e-05 4.1884546e-06 4.29797e-12 1.207811e-07 2.348409e-09
0.97446287 0.029227046 0.0009956592 0.0010185301 0.03724377 0.00015535981 0.12436685 0.3738833 0.043710414 0.22497185 0.0007021995 0.8742561 0.0059945458 0.12170091 0.0327423 0.98049486 0.004159064 0.08253689 3.9829347e-06 0.79985535 8.6781665e-06 0.07905771 7.50115e-08 2.4389413e-10 0.7610692 0.00078347937 2.6581424e-06 0.92187756 0.0006550093 0.010616318 0.97650635 0.054670285 0.04718087 0.01908012 0.33658728 0.09018347 0.020147543 0.12712063 0.0046830634 0.0036987741 0.75205755 0.020374091 0.0034615544 0.0074271853 0.18581197 4.44837e-05 1.4576549e-06 0.075208895 0.009294776 0.0029474434 5.422103e-06 0.0029193722 0.0009486789 0.5266903 9.602424e-09 0.016639302 5.129999e-05 0.00028188663 4.897745e-07 4.096872e-06 1.602362e-05 3.421637e-05 0.00888737 4.132959e-10 0.03886085 1.0727772e-05 0.00069010945 0.2984766 8.2915466e-07 3.4883254e-08 8.3903734e-07 5.950198e-11 2.6001437e-05 0.00017597892 1.5969843e-05 8.0270176e-08 0.031312827 0.00030251342 0.00046881905 0.0013180344 3.927989e-06 0.26837552 3.4579573e-09 1.971376e-06 0.021080071 2.7976819e-06 7.6747335e-07 3.2314485e-06 0.006296824 0.00039168535 3.2182564e-07 6.7447518e-06 1.2575367e-07 1.9705008e-07 0.010491504 3.1303773e-07 0.015800893 0.06135626 2.0465702e-08 0.010131636 1.2370132e-06
0.9718256 0.01809454 0.0011190008 0.00042330564 0.02052816 5.3053877e-06 0.0040380093 0.061901424 0.0013658996 0.54444456 4.7155903e-05 0.18065906 0.10687979 0.6033008 0.0010631329 0.7165412 2.8536328e-05 0.0017935314 8.201761e-08 0.94602096 0.0002047988 0.9512918 3.5551936e-06 0.7610692 5.4251254e-13 0.015603318 1.3871149e-09 0.98712605 0.00977836 0.00021025835 0.27412158 0.0007664692 0.0016030744 0.49154368 0.89860433 0.006792176 0.0005293835 0.36485222 0.00011799059 4.130436e-05 0.41503447 0.0016187032 0.00014318668 0.00057458004 0.6396703 0.0005252287 1.070389e-05 0.2319061 0.000476769 0.00012195842 1.4453483e-05 0.0005737209 5.6551962e-05 0.3676514 6.455846e-08 0.025073312 5.9330923e-05 6.7300703e-06 3.3479528e-06 1.491661e-05 4.0712348e-05 0.00046074743 0.0029631702 9.333151e-10 0.062718734 0.000110546636 0.0010427076 0.09260941 1.8267875e-06 8.043799e-08 1.516573e-06 3.7499753e-10 5.842133e-07 0.00020479214 3.1184618e-07 1.362752e-06 0.012511611 0.00044572586 1.9706702e-05 0.00047427136 1.5505939e-05 0.21923648 2.3109201e-09 9.370217e-06 0.011664867 0.0001660982 3.9352553e-06 7.964783e-05 0.011354779 0.0011473353 7.2756317e-09 0.00015549336 1.089884e-05 4.3835517e-08 0.008107782 1.7054632e-05 0.017455176 0.020642297 5.383336e-10 0.009748336 3.9937973e-08
0.88246727 0.036529064 0.8206329 0.103310354 0.549571 1.5573316e-06 0.00024208064 0.015246121 3.8657767e-05 0.025662951 1.2523552e-06 0.003177249 0.29434848 0.0065616784 3.6839272e-05 0.0012266495 7.084061e-08 1.5780711e-06 5.204998e-07 0.0053849854 0.99382824 0.16028626 0.18875737 0.00078347937 0.015603318 1.5767743e-08 1.0711484e-11 0.0028475598 0.9945651 6.43914e-06 0.0014736325 5.27483e-06 5.006094e-07 0.8287689 0.09038401 1.3429423e-05 3.4313011e-06 0.02966683 1.1853263e-06 1.3116654e-07 0.0007203883 0.00010252618 1.4855252e-07 2.6293749e-06 0.0046820315 0.87314796 0.4924881 0.027758993 5.8737027e-07 1.8041818e-07 0.1284912 4.620494e-07 3.300665e-08 0.046808094 0.0066135963 0.5493091 0.18397287 5.277152e-09 0.050986063 0.04275719 0.06679636 0.041385442 2.6773163e-05 8.858983e-05 0.00049843884 0.041858945 0.02207021 0.009938193 0.004163038 0.0010690914 0.0033743319 0.00045270205 2.5365297e-09 0.0034159916 3.2086046e-08 0.0010599439 0.00016448073 0.0013749246 6.637455e-08 2.1767726e-06 0.00057783036 0.04620877 5.575054e-07 0.0008594454 0.0006975228 0.0139954705 0.0024822035 4.2773398e-05 5.9937513e-05 0.00023952904 1.3523564e-09 0.00038972596 7.416684e-05 3.4614395e-10 0.01502494 0.000661085 0.00276243 0.004429581 1.9104576e-11 0.00026394697 2.7515967e-09
0.012259438 1.6451282e-05 2.3119232e-07 0.0010439266 4.8411206e-08 0.00022754063 0.034849454 0.0010647969 0.022821365 1.1101025e-07 0.76832175 0.0014597377 1.4201272e-07 0.00010311452 0.30473593 1.6680966e-06 0.9931321 0.07130912 0.9999762 4.676156e-06 4.3940048e-07 2.3828978e-10 8.939646e-12 2.6581424e-06 1.3871149e-09 1.0711484e-11 9.053494e-13 1.9162633e-06 3.8830147e-10 0.30221552 1.09055364e-07 0.011128847 0.00069586677 1.1658947e-10 9.07573e-09 0.00023225584 0.87549037 1.2819028e-09 0.13093099 0.049957275 0.00031472833 0.0018136987 0.0011411952 8.713648e-05 2.0610886e-11 3.9386947e-08 3.0531213e-09 1.8573926e-10 3.6800305e-08 0.041559655 5.052571e-09 6.09291e-06 6.0986862e-05 6.6938236e-07 1.6420752e-10 2.4204416e-10 2.1649385e-08 3.139868e-05 2.0414667e-08 1.9831062e-10 2.6736447e-07 1.8129272e-10 9.336858e-09 1.7106264e-11 3.655829e-13 3.9047462e-10 9.231201e-12 5.9590658e-08 1.1674008e-07 6.809372e-09 2.8493321e-08 2.1679611e-10 8.767817e-10 1.4849748e-10 2.9829215e-11 1.4252107e-09 2.5939146e-09 8.5751024e-11 2.8484286e-07 5.7097552e-11 9.520729e-11 2.2530367e-07 1.096868e-11 6.9586724e-12 1.20281145e-08 4.0324938e-10 1.5762381e-09 1.0780424e-13 9.389774e-13 1.919234e-11 7.6519227e-13 2.4255766e-13 1.0097711e-15 1.5779723e-11 5.368294e-10 1.0118168e-11 1.05080495e-08 4.181376e-09 1.1653883e-13 2.4482805e-11 6.56697e-09
0.99191123 0.014507204 0.0005260458 0.00030437473 0.03801532 2.8001206e-05 0.04341824 0.09170319 0.012345931 0.17006567 0.0002505567 0.44244596 0.011984685 0.3246906 0.0037082997 0.7914195 0.0005436143 0.008791464 4.5510643e-07 0.9072802 4.2220603e-05 0.32127982 3.815141e-06 0.92187756 0.98712605 0.0028475598 1.9162633e-06 3.5510692e-10 0.0011438238 0.0032042826 0.49348027 0.008350441 0.007596897 0.038243495 0.4208052 0.033474088 0.003657504 0.32259655 0.0009834955 0.00048116592 0.8183533 0.008346827 0.0006715036 0.0024558564 0.5408355 5.9437112e-05 7.718002e-07 0.27874613 0.0024752314 0.0007182096 2.353208e-06 0.0032292523 0.00026605927 0.734156 1.7276799e-08 0.021620195 5.540861e-05 0.00032897826 1.0350526e-06 2.9014236e-06 1.7316992e-05 0.00015409553 0.018490393 5.6439475e-10 0.1278044 4.45467e-05 0.0005369391 0.49045506 4.513426e-07 1.540886e-08 2.2293818e-06 2.560634e-10 7.736894e-06 0.00031268943 1.0969697e-05 1.3436532e-07 0.034628645 0.00041128387 0.0002759464 0.0014640273 1.252314e-05 0.5727818 1.1302578e-08 9.5186115e-06 0.022806253 3.4406123e-05 1.3674199e-05 7.6010306e-06 0.017423302 0.00082162063 9.320481e-07 3.1999123e-05 3.1686536e-06 4.741992e-06 0.0063997637 5.3610324e-07 0.028066447 0.13959138 9.362218e-09 0.06403471 1.944885e-06
0.9515208 0.011060016 0.41448042 0.020535124 0.24225117 1.5034047e-07 4.1383533e-05 0.0023292196 1.2450144e-05 0.01516642 8.814273e-08 0.0008020216 0.20536843 0.0048632403 1.9459863e-05 0.0014328149 1.8235445e-08 2.6255773e-07 2.0896587e-07 0.0023141925 0.85557956 0.097578146 0.104021035 0.0006550093 0.00977836 0.9945651 3.8830147e-10 0.0011438238 1.0975059e-06 2.5178215e-06 0.0005050878 1.9080262e-06 1.9394951e-08 0.9215081 0.09937369 1.6245522e-06 3.0419044e-06 0.06710749 6.51136e-06 8.3076415e-08 0.0004851819 5.4708344e-06 3.1923014e-07 3.8179743e-07 0.0038983212 0.95911866 0.5825313 0.032409705 4.8503335e-07 5.817639e-08 0.14628573 1.626869e-07 2.4393252e-08 0.042240746 0.0014222709 0.66233116 0.5330205 1.5029757e-09 0.22175744 0.23247842 0.20102672 0.3576418 1.3446007e-05 0.00035478472 0.0011650992 0.21281913 0.14824976 0.010081007 0.008726947 0.0047613876 0.01854711 0.0045538456 5.5993348e-09 0.02394232 4.5440465e-09 0.022169469 6.676954e-05 0.0077753277 9.1194926e-07 2.1314172e-06 0.016475644 0.12669748 1.2709262e-06 0.012352297 0.0015286012 0.031640664 0.020033864 0.006055088 0.00010144329 0.0069208113 5.1372684e-09 0.025100198 0.0040970207 5.3398566e-09 0.057787176 0.01377807 0.01061762 0.018853927 2.7279066e-11 0.0017392505 4.2813184e-09
0.69059825 0.00014825512 5.885657e-07 0.00011572588 1.8000468e-05 0.00010651717 0.016001219 0.057190895 0.102849856 0.0007973439 0.12574698 0.07764299 0.00045886927 0.0071566934 0.86933523 0.0021149355 0.62069064 0.93355083 0.0021739337 0.005579307 3.7670932e-07 7.7002325e-05 6.250252e-09 0.010616318 0.00021025835 6.43914e-06 0.30221552 0.0032042826 2.5178215e-06 2.8922524e-13 0.016007155 0.9958529 0.5496929 1.7510159e-07 0.00014275705 0.25697652 0.9879452 0.0011096539 0.6839381 0.5675369 0.32645017 0.16082782 0.5899481 0.022213796 0.00018081411 1.3455904e-06 2.479537e-07 0.00026146218 0.002148876 0.5143517 1.2174121e-08 0.002550683 0.0004115181 0.03495641 5.105948e-10 0.00012751854 3.4677985e-09 0.0012987063 1.3739605e-06 5.985973e-08 4.6707878e-09 1.2469084e-07 0.005389453 8.195498e-10 8.076161e-06 7.932304e-08 4.1365533e-07 0.0125982845 8.759935e-08 9.417463e-10 1.7653132e-09 8.1165144e-11 1.0715007e-06 3.5770867e-07 1.2477286e-06 3.140149e-07 0.00011933556 1.5942369e-06 4.6781923e-05 7.67011e-05 9.52261e-09 0.004941642 2.3193718e-09 9.0227426e-09 0.0022586002 5.379008e-07 3.343758e-09 5.7921074e-08 1.2063381e-06 6.444476e-07 1.2958446e-08 7.1571556e-08 4.1820463e-09 1.9313626e-08 0.0001547888 1.01681216e-07 0.00029149305 0.0014908753 5.141351e-11 5.3151645e-05 5.1873e-08
0.98649216 0.0046115518 2.3332957e-05 5.112202e-05 0.0030730264 1.5955375e-06 0.0077301576 0.13288775 0.008547684 0.051045015 0.000103677456 0.89407927 0.0003070784 0.012195797 0.010578284 0.740512 0.00025034364 0.15062377 3.4055827e-08 0.1232729 2.148226e-08 0.016659087 1.4091201e-07 0.97650635 0.27412158 0.0014736325 1.09055364e-07 0.49348027 0.0005050878 0.016007155 3.551746e-14 0.039359048 0.82906264 0.009828805 0.110216185 0.94024044 0.004596051 0.07397363 0.002357169 0.003421805 0.8445028 0.33346075 0.012184519 0.08280418 0.46469095 2.8181164e-06 1.6116968e-07 0.054310393 0.20545104 0.019628536 2.5946272e-07 0.13545519 0.053770903 0.58935195 1.2340001e-10 0.006225645 5.1098896e-06 0.005324843 2.0319928e-07 3.542593e-06 3.1162158e-06 0.00010155413 0.6543117 1.5342323e-11 0.31437832 2.3754457e-05 0.00011618967 0.62444395 1.7573362e-07 6.8576753e-09 1.3192869e-07 3.5133934e-11 0.0029237813 0.00011848177 0.0048968354 4.390051e-07 0.62669873 0.0006545192 0.0024359664 0.11319339 3.2254127e-07 0.3283331 8.333513e-11 9.4281495e-06 0.09876571 1.4642626e-05 6.642065e-08 5.0363346e-05 0.04156232 0.00078130397 6.899387e-06 1.3479426e-05 4.2764466e-07 1.1632111e-05 0.009668735 1.3676456e-07 0.060098637 0.14675044 5.88155e-07 0.09155832 6.088075e-05
