1.6733153e-11 0.8711304 0.8958992 0.93565017 0.77155155 0.95867187 0.001802605 0.8967501 0.003095921 0.89958924 0.94584936 0.99383026 0.9930585 0.33929667 0.780613 0.68241113 0.9715797 0.8674891 0.9871747 0.9946703 0.00013494007 0.87100327 0.9759373 0.88291836 0.9490132 0.8685037 0.9868587 0.9907924 0.9759182 0.87890214 0.6791575 0.9552598 0.5853771 0.9560822 0.9845534 0.9779375 0.9678134 0.99780613 0.8989247 0.9617612 0.9644253 0.98459303 0.9531138 0.9838604 0.97503 0.92971295 0.916323 0.95749164 0.9899752 0.9382162 0.9861059 0.9625592 0.9696243 0.9961255 0.9336408 0.99670595 0.9876985 0.9848773 0.9948943 0.9657024 0.8425968 0.9421015 0.6049883 0.9838698 0.89748424 0.9722833 0.9969723 0.9935243 0.9958453 0.99071115 0.998792 0.9959207 0.91547376 0.9626021 0.97316504 0.19462876 0.90932167 0.99731547 0.9935191 0.9509294 0.91021085 0.9947345 0.92472494 0.9183693 0.19671448 0.8753408 0.9995024 0.7249512 0.0783891 0.96316856 0.8175947 0.9559823 0.7996398 0.03000318 0.18327573 0.18436167 0.0010087142 0.020871794 0.0019577125 0.52784044 0.94751287
0.8711304 8.976386e-11 0.9897398 0.8516004 0.46403828 0.21499926 0.9397634 0.07079542 0.0029186122 0.13910635 0.056162644 0.024744324 0.44539106 0.1300473 0.9891606 0.00830461 0.070927 0.0060412306 0.0023748435 0.6961413 5.8100242e-05 0.13249718 0.015698815 0.0009873995 0.00037823588 0.0017178274 0.009624727 0.00031693792 0.0023311307 0.0004636805 0.08242541 0.0012818121 0.0019694462 7.002148e-05 0.0021042235 6.688068e-05 1.8363655e-05 0.16266231 1.4783805e-06 0.0013512261 0.0003918075 1.5469951e-06 0.001306296 0.00027302222 0.004080032 2.1687888e-06 7.144115e-05 5.375016e-06 0.0001889111 0.0003688868 7.1699246e-06 0.00091828575 1.0292205e-06 0.0052033956 1.2740182e-06 4.2351425e-05 5.858919e-06 0.0010012347 0.00027159104 2.0972182e-06 8.6915796e-05 0.08352393 8.609483e-06 3.8099923e-08 0.0003324843 4.484612e-08 0.00016739646 0.0002725477 2.543424e-05 1.3287575e-06 2.9805904e-05 3.0538638e-07 3.9806767e-09 8.5575397e-07 1.1246394e-05 1.9309382e-05 0.00061733247 2.3140741e-05 1.5866191e-05 1.0670799e-08 1.4670035e-05 1.6497788e-05 1.4312845e-07 5.6588938e-08 0.00012425192 5.5573928e-09 5.0333335e-07 4.2105503e-06 3.990411e-07 1.369805e-06 1.5926041e-07 6.3104815e-09 4.735475e-08 1.0313871e-08 4.303315e-06 3.7046195e-06 1.1184924e-05 9.5305005e-08 2.4352948e-08 2.767011e-06 6.252706e-06
0.8958992 0.9897398 2.6661664e-07 0.99519086 0.083444014 0.45038754 0.010388481 0.040849246 6.148312e-05 0.17668624 0.07822709 0.044722196 0.73108524 0.0006494987 0.5121286 0.0010135993 0.8838127 0.0016292239 0.0009343919 0.81874967 1.3205417e-07 0.21197246 0.42569563 0.0007820106 0.0047086473 0.05010635 0.03799272 0.17928055 0.00033601496 0.034364764 0.10766046 0.012621073 5.576245e-05 0.12661338 0.007980781 0.0043306835 0.037524417 0.4229805 9.3834956e-08 0.0006194526 0.029515674 0.0009620447 0.0019444448 0.053926576 2.9523482e-05 0.001512583 2.995974e-05 0.005075199 0.00064010796 0.00022246837 0.02409728 0.0013238728 0.00076347264 0.007093351 0.0041438546 0.00022939024 0.00018953026 0.0014465171 0.02720748 3.8554185e-06 4.1880994e-06 0.110554524 4.5020595e-05 0.00023141017 7.910563e-06 8.917556e-09 0.012616962 0.007471038 0.0038256107 2.5127372e-07 0.0011483034 7.015576e-05 0.00048420034 6.633022e-05 9.160566e-05 5.263087e-06 0.0006404829 0.0025554758 0.0003851132 0.00014714756 0.0005493067 3.755373e-06 1.796449e-05 1.1980055e-06 2.2740808e-06 7.1394825e-05 6.735486e-05 5.9725597e-05 3.707756e-07 2.8801626e-06 3.5389935e-06 3.0888118e-06 9.283046e-07 2.827475e-07 6.6940765e-06 6.2520706e-07 5.3007176e-07 5.672867e-08 1.1240258e-11 1.2501017e-07 2.4734213e-06
0.93565017 0.8516004 0.99519086 1.9794963e-07 0.20289084 0.6739122 0.0364425 0.2314076 0.00013487985 0.53613037 0.3990033 0.25061545 0.34366462 0.0013816393 0.35342237 0.01045612 0.9529539 0.0040236576 0.0044336743 0.96716446 9.35758e-08 0.064408764 0.33352238 0.010814779 0.055589225 0.50581706 0.28737512 0.083598435 0.011679739 0.015254549 0.016497428 0.0052939733 0.0014797593 0.08792599 0.12837923 0.0009223675 0.009327848 0.646443 3.845722e-05 0.012316702 0.050929908 0.00025820517 0.018802645 0.003919654 0.00044520077 0.00038634698 0.0001935565 0.00054160337 0.010416348 0.0013639581 0.017520579 0.0015894952 0.0001461837 0.011467106 0.003380837 0.00023617673 0.004017459 0.0050146603 0.021988725 0.00026445292 0.00010925486 0.04002918 0.00077615806 5.1206534e-05 0.000374209 8.237224e-06 0.06665374 0.039405327 0.0028224804 3.994856e-08 0.006203089 0.0007180678 0.00030445747 0.00024373001 0.0011184738 7.618463e-08 0.00012261944 0.01327319 0.00034641265 0.00088929996 7.454568e-06 5.0745086e-07 3.0268075e-06 4.356745e-08 4.8958026e-07 9.0349604e-05 0.00032282024 8.1165035e-06 3.9735173e-08 4.6679474e-05 6.7337e-07 4.767787e-07 5.946596e-09 2.40923e-07 6.5872683e-07 1.2385057e-07 4.389081e-08 3.950942e-09 2.8547386e-12 2.2820028e-09 1.0567377e-05
0.77155155 0.46403828 0.083444014 0.20289084 8.8244776e-13 0.9838813 0.8779692 0.9308557 0.9153104 0.45829794 0.26944304 0.31062794 0.00069350516 0.9631454 0.0013802473 0.6549729 0.04941397 0.15335493 0.023496006 0.8802182 0.0002151197 1.4725373e-07 2.2184537e-05 0.032525364 0.0023137543 0.008794349 0.19070575 3.5353235e-06 0.022420093 9.1170926e-07 8.983512e-07 1.7808394e-05 0.0039325138 6.3495604e-06 0.01262445 1.151367e-06 4.572625e-07 0.087264255 2.596698e-06 0.024300149 0.00020148334 1.0900191e-07 0.0079117445 1.0414613e-07 0.0029636563 3.1701283e-08 1.7142554e-05 1.0981487e-08 0.00039338696 0.00089256314 2.5172536e-05 0.00417766 8.602555e-08 0.023366006 3.1975803e-06 5.473073e-06 0.00017513074 0.0036048028 0.0010012768 6.9191415e-06 3.0680349e-06 1.2742789e-05 7.346892e-05 2.3310358e-09 7.632986e-06 4.033829e-08 0.018136235 0.020006057 0.00053395744 3.2603015e-08 0.005498468 7.2466555e-06 1.9870677e-07 6.172391e-06 2.864796e-05 2.6838437e-10 6.763076e-08 0.002034939 1.4809572e-06 1.49498355e-05 9.802302e-08 2.7312856e-07 2.3521173e-08 3.3231518e-09 8.813041e-09 2.247246e-08 3.2805983e-05 8.8779665e-08 2.9771456e-08 6.4899837e-06 4.648879e-09 1.1304022e-08 3.4998333e-09 3.607933e-10 2.476494e-10 2.9073815e-08 1.1066968e-07 3.365519e-09 3.4660247e-10 1.0840241e-09 7.4196514e-06
0.95867187 0.21499926 0.45038754 0.6739122 0.9838813 4.3531187e-10 0.004809285 0.95164555 0.0020578003 0.90245724 0.7608383 0.7407533 0.009391273 0.30242336 0.047843866 0.5173693 0.5256676 0.05834555 0.027696444 0.9808212 3.5788662e-06 4.9348506e-05 0.0001612225 0.013198992 0.009578481 0.13130215 0.66484284 2.9663524e-05 0.03936568 2.0881367e-05 0.00029717846 7.248809e-05 0.0018742142 0.0002760983 0.14023876 5.643954e-06 4.6408504e-06 0.52513206 7.095292e-06 0.043323256 0.0040084845 7.958795e-08 0.043481182 5.580025e-06 0.0017850293 8.929031e-08 0.00039815428 2.500914e-08 0.0041224556 0.004627557 0.002335295 0.011299352 6.2989795e-07 0.04046289 0.00016572146 3.3439608e-06 0.0013503166 0.012269683 0.0039062295 6.473736e-05 3.9174865e-05 0.0031789676 7.379414e-06 1.0517093e-08 3.2383545e-05 1.4198199e-07 0.043845013 0.09195163 0.00040972317 8.414071e-08 0.011079842 4.5297475e-05 4.5675065e-06 8.7797e-06 3.793621e-05 4.4584823e-07 4.625926e-05 0.008909647 1.986581e-05 0.0006818935 3.5127104e-07 1.1725652e-06 1.6464433e-07 5.125077e-08 3.145625e-07 3.3595338e-06 4.3694257e-05 2.3100577e-06 1.9907864e-08 0.00021505899 4.0769223e-07 1.7671534e-06 1.5904867e-07 1.5797373e-07 6.2803096e-08 4.7656866e-07 2.5503182e-06 1.2449412e-06 1.1499568e-08 5.3470956e-08 4.0780073e-05
0.001802605 0.9397634 0.010388481 0.0364425 0.8779692 0.004809285 2.8609745e-16 0.0019613546 0.98515856 0.00016334602 4.6815087e-05 3.6963138e-05 0.017436069 0.0001353773 0.04770865 0.0004120641 0.00029216713 0.00013965344 2.0331174e-05 0.0039679445 0.9999627 1.0958769e-05 8.402793e-05 3.3840317e-07 1.458848e-06 1.911316e-07 4.557455e-06 1.6014698e-07 2.8143054e-06 3.5858102e-07 1.2767556e-05 1.8199986e-06 2.4054152e-06 4.618824e-07 4.860196e-07 1.6789838e-07 2.4893257e-06 2.9361416e-05 8.3833336e-11 3.9499702e-07 2.0601651e-07 1.12807996e-07 7.929476e-08 2.6940721e-05 1.2089195e-07 3.2821642e-08 8.311623e-11 6.989414e-08 1.3461327e-07 3.6814887e-09 6.458914e-08 1.2860471e-08 1.8312475e-08 1.1783428e-06 4.2672205e-10 6.252998e-08 6.9353616e-09 2.2841636e-08 4.2236422e-07 3.979268e-11 4.8090343e-10 0.00046491722 8.5954616e-10 1.8938477e-08 2.8732436e-10 9.775397e-12 1.1452133e-07 1.0043891e-07 6.533441e-08 7.895395e-09 6.37253e-09 1.7693405e-10 2.3907828e-10 3.0948574e-11 2.8610486e-10 2.2823347e-08 2.2670044e-06 4.1124766e-09 4.5792647e-10 2.1768533e-10 6.7348174e-07 2.6340306e-08 1.1481443e-08 4.181426e-08 2.9941485e-09 3.0539026e-12 1.4177034e-09 2.1903954e-08 5.039378e-08 9.353537e-10 3.3280403e-10 9.663487e-11 1.4956214e-08 5.198064e-12 6.102019e-09 4.3323614e-10 9.472888e-08 5.070106e-11 5.9835324e-11 2.2515083e-10 2.571123e-09
0.8967501 0.07079542 0.040849246 0.2314076 0.9308557 0.95164555 0.0019613546 4.054851e-11 0.0064096255 0.9795513 0.77051526 0.71980786 0.00010720118 0.09438248 0.00017537393 0.959559 0.08885379 0.8946978 0.5599153 0.45241222 1.3740291e-05 5.22458e-06 4.18761e-05 0.2332519 0.12489648 0.07387458 0.63336474 4.122306e-05 0.2377101 1.0747136e-05 4.4590692e-07 3.4876753e-05 0.021886744 5.9195336e-05 0.039502505 1.263914e-05 2.1974729e-05 0.09440513 0.0008295993 0.11398392 0.00043599313 2.5919378e-06 0.035479214 1.7501153e-06 0.037943747 3.101877e-06 0.0043148776 1.1092877e-07 0.002855559 0.013236329 0.00026400186 0.018208086 9.874421e-07 0.084057316 3.959071e-05 4.8701977e-06 0.0023894648 0.022447871 0.0010936777 0.0015549855 0.0012040752 4.0814093e-08 0.00580926 1.4812855e-07 0.00040731335 0.00014973243 0.015484101 0.028980304 0.00050736667 3.138339e-08 0.015980769 0.000974795 5.1671063e-06 0.00026260095 0.0016386473 1.38878855e-08 1.548085e-07 0.0058246455 3.9929088e-05 0.00045934832 1.8645228e-07 2.0680243e-06 5.163392e-08 5.141964e-09 1.5076314e-07 7.4087933e-07 0.00020403673 2.0959305e-06 3.9731063e-07 8.283818e-05 4.7294364e-08 4.47057e-07 7.11035e-08 2.1874593e-09 2.5229337e-08 3.931e-07 3.4689947e-06 3.9202124e-08 3.4694743e-08 8.398034e-09 5.086525e-05
0.003095921 0.0029186122 6.148312e-05 0.00013487985 0.9153104 0.0020578003 0.98515856 0.0064096255 2.5178798e-13 0.0005862206 0.00077506935 0.00021842236 9.132771e-06 0.9939292 0.00055658346 0.023478001 2.8244131e-09 0.003453756 0.0009599042 0.00028606044 0.99403405 6.282463e-09 8.161169e-09 0.00046018994 5.277404e-07 7.099129e-08 9.400868e-05 6.451467e-11 0.00011587066 1.3021024e-09 4.357416e-09 9.0547786e-08 0.0004787295 2.5785915e-10 1.180105e-06 1.8917158e-10 1.919236e-09 1.1252176e-05 1.1383022e-05 2.1341225e-06 2.483856e-09 1.9937987e-09 2.1499352e-08 2.9098668e-08 2.1779272e-06 4.5937165e-10 2.32718e-09 1.3379127e-08 4.2115136e-08 1.0515849e-08 1.6111167e-10 2.327857e-07 1.1555542e-09 7.652446e-06 2.0027563e-12 4.067483e-08 9.2066506e-09 2.2775349e-07 8.1731795e-09 3.0339573e-10 1.1442853e-07 6.55982e-06 1.7042434e-07 4.878764e-12 5.9947513e-07 1.4348938e-09 4.5335135e-08 2.5517545e-07 9.234278e-09 9.132029e-08 5.1757663e-08 5.913411e-09 8.415948e-12 3.1006298e-11 5.2998605e-08 8.175759e-11 3.889861e-08 1.3032938e-07 4.494241e-10 2.7294744e-10 3.852116e-07 2.2799013e-07 1.9198256e-07 3.1954123e-08 3.0395018e-09 1.693194e-12 5.4676683e-08 1.3207584e-07 5.563021e-10 2.6533795e-07 7.937553e-09 1.591575e-10 2.7892278e-07 2.8736475e-11 9.997194e-09 8.7070384e-10 4.7881885e-12 2.8169161e-11 7.944363e-14 1.1780708e-10 1.7913395e-08
0.89958924 0.13910635 0.17668624 0.53613037 0.45829794 0.90245724 0.00016334602 0.9795513 0.0005862206 6.9219974e-10 0.98991644 0.872723 0.00030723747 0.05213718 0.00016180304 0.6591022 0.53026545 0.7023808 0.65325165 0.4759274 9.414676e-07 4.4202142e-07 0.00033267273 0.3345525 0.8324732 0.41015586 0.7133556 8.799016e-05 0.30293322 3.6843237e-05 6.9298943e-07 0.00016809105 0.027434703 0.0012184456 0.090305485 2.3968636e-05 1.2343294e-05 0.16168895 0.0015408326 0.29758996 0.0005854833 6.7814117e-06 0.0848125 2.3686749e-05 0.058699083 8.108728e-06 0.011522887 2.4055048e-06 0.008019745 0.022070866 0.0005951618 0.020680243 3.904382e-06 0.09712315 0.00014780674 6.2106587e-06 0.004491367 0.01828956 0.002282103 0.0020670102 0.0031512326 1.0714914e-06 0.03796539 2.756543e-07 0.0011982822 0.0003748968 0.017234912 0.037545677 0.0007923913 8.691418e-08 0.022576394 0.0016595183 3.1814394e-05 0.0027421762 0.001578583 2.0565856e-10 1.631478e-08 0.00915989 0.00021823807 0.0012073062 1.2314851e-07 4.206011e-06 8.869957e-07 4.425318e-09 1.7149251e-08 1.7485163e-05 0.0010816274 1.3816953e-07 6.5520447e-09 0.00022103814 3.6155336e-07 1.0818846e-06 1.3501356e-08 3.183235e-11 9.3744795e-08 4.4319332e-08 2.7879125e-08 1.7499056e-09 5.260678e-10 8.398727e-08 4.5953577e-05
0.94584936 0.056162644 0.07822709 0.3990033 0.26944304 0.7608383 4.6815087e-05 0.77051526 0.00077506935 0.98991644 1.6152642e-10 0.98963225 0.0009627376 0.06665213 0.0013435978 0.51831865 0.2666161 0.6803289 0.8027351 0.20134 1.078856e-07 4.782868e-08 0.00011259246 0.64260846 0.4138125 0.3701173 0.71662915 2.0674537e-05 0.19208941 1.8512397e-05 2.2983431e-06 8.068578e-06 0.025920726 0.00029135606 0.11314704 5.354449e-06 5.2471055e-06 0.15066084 0.004187137 0.13134733 0.00025036704 1.1165723e-06 0.08330502 1.176971e-05 0.028666412 2.441165e-07 0.008836215 3.9180878e-07 0.012461899 0.0200436 0.00036394803 0.013317904 1.1065696e-06 0.07361478 6.547442e-05 2.0504815e-06 0.0048573427 0.018188372 0.002025812 0.0017964422 0.0017989831 2.3552702e-05 0.07706037 5.586486e-07 0.001001751 0.00088962785 0.020688513 0.07234383 0.0005000417 8.700059e-08 0.017933877 0.0012840437 2.6215566e-05 0.0016345369 0.0010937372 4.418368e-09 1.8726535e-06 0.0045759585 0.00016881719 0.0011631058 6.4151926e-08 7.529134e-07 5.8296465e-08 2.7730367e-08 1.6167236e-08 3.320355e-05 0.0008247671 1.3746799e-06 1.24043655e-08 0.00081335555 1.7169911e-07 7.3581947e-07 6.326537e-08 1.6264594e-09 5.1862312e-08 3.2070184e-07 2.6012831e-08 1.575641e-08 8.688665e-12 4.478917e-09 7.982326e-05
0.99383026 0.024744324 0.044722196 0.25061545 0.31062794 0.7407533 3.6963138e-05 0.71980786 0.00021842236 0.872723 0.98963225 7.812804e-10 0.0006064294 0.05146664 0.0007728871 0.48276034 0.21156065 0.54408836 0.7617751 0.44264308 4.2601684e-07 8.692177e-09 1.7898636e-05 0.5657068 0.25955287 0.5012185 0.93257946 2.3266864e-06 0.40206447 1.2656177e-06 7.221853e-06 1.8946445e-06 0.020586766 5.0888437e-05 0.30325738 2.5021975e-06 3.2527439e-07 0.33351898 0.0018644457 0.34341756 0.0004347718 1.1190482e-07 0.23552531 5.374916e-07 0.09146019 3.2468844e-08 0.015005438 2.2872284e-08 0.022985686 0.05354821 0.00012879533 0.062504664 5.318625e-08 0.22425784 4.3203123e-05 1.8774062e-06 0.007898702 0.06548548 0.0013038995 0.0019533904 0.0010025634 8.932247e-05 0.014895899 1.6011406e-08 0.0025558686 0.00036705745 0.055419527 0.16964774 0.00023779721 7.1441955e-09 0.028870573 0.0010360066 1.1200407e-06 0.00083965214 0.0013441577 1.721137e-09 5.937318e-06 0.016243625 0.00011950719 0.0021823777 3.2440263e-07 2.2971717e-07 2.2094284e-08 1.09866605e-08 4.9604452e-08 1.5844054e-05 0.00024007996 2.7865092e-06 4.3523674e-08 0.001351908 2.6440926e-08 3.553668e-08 3.0056626e-08 6.458901e-08 2.8040537e-07 1.8410877e-07 5.465792e-08 1.289698e-07 2.117612e-09 4.6277857e-10 9.2972485e-05
0.9930585 0.44539106 0.73108524 0.34366462 0.00069350516 0.009391273 0.017436069 0.00010720118 9.132771e-06 0.00030723747 0.0009627376 0.0006064294 1.3181021e-07 1.5982063e-05 0.9189856 3.1767927e-06 0.29955325 0.0007894579 0.0002054692 0.07328368 4.7151607e-06 0.9895247 0.8393791 2.7677502e-06 1.3068124e-05 0.0010254441 0.010085623 0.13900252 0.0006623235 0.27330643 0.59560084 0.5035464 1.92231e-05 0.018204588 0.004657384 0.08068029 0.013762705 0.44044253 1.4163447e-08 0.0004906862 0.099040575 0.012505371 0.0022801822 0.48075825 0.00050384004 0.011429695 5.2568143e-05 0.12554091 0.00049931544 0.00081524346 0.008995052 0.0026175824 0.016677652 0.015427581 0.0024127823 0.04821878 0.0006968233 0.007891534 0.3530409 8.670013e-05 1.09099155e-05 0.81298363 5.040587e-07 0.00049635145 0.00010489218 1.4136823e-06 0.17296718 0.076621786 0.069069155 0.000295462 0.0066027506 0.00025490756 8.398307e-05 1.9910476e-05 0.0002714186 0.004510109 0.101135634 0.038062833 0.0029733342 0.0012129721 0.018145768 0.000185723 0.0002717325 0.0007063617 0.0018984918 1.15477005e-05 0.00022974906 0.0027292199 6.616867e-05 5.2655923e-06 2.8597216e-05 5.7108427e-06 1.4729602e-05 0.0005187164 0.00040732717 2.518626e-06 0.0033982538 4.897955e-07 2.056971e-07 7.744958e-07 0.00010763872
0.33929667 0.1300473 0.0006494987 0.0013816393 0.9631454 0.30242336 0.0001353773 0.09438248 0.9939292 0.05213718 0.06665213 0.05146664 1.5982063e-05 5.9866867e-10 0.003610784 0.9858561 1.2334438e-06 0.632259 0.31292167 0.0053946674 0.8808526 4.8458737e-10 8.770883e-09 0.07659837 0.0053355484 0.00052221376 0.016084203 2.789117e-10 0.051358957 6.578203e-09 1.822836e-07 2.2389843e-08 0.05504518 1.8808335e-09 0.00094022456 5.013048e-10 8.92354e-10 0.00024380162 0.004834208 0.00354001 5.7015663e-09 1.0188529e-10 0.0017111531 4.899754e-09 0.02519834 2.2536792e-09 0.00036110607 7.172923e-09 0.00020111879 0.0005930487 1.7239067e-09 0.0019436884 1.4174027e-10 0.007450784 1.5049996e-11 9.168518e-09 6.018731e-05 0.0006969599 2.1375612e-09 1.9765726e-05 0.00081716606 3.3674603e-06 0.0020610606 4.5489938e-11 0.0017351096 6.399876e-05 1.7567397e-07 0.000420313 1.4481387e-08 3.2523746e-09 0.00021078496 7.2009257e-06 9.945486e-12 1.0535504e-06 1.49041525e-05 2.1556654e-10 2.9711649e-09 6.1884234e-06 6.3303482e-09 1.2857878e-07 1.0445145e-08 4.3196508e-08 1.2968874e-09 5.274714e-10 4.639403e-08 3.559564e-11 1.8319575e-05 3.940626e-08 2.152076e-09 2.0482446e-05 1.0042251e-09 7.563104e-10 3.3176797e-09 2.2880374e-14 6.385546e-10 7.7587636e-10 6.1013577e-12 3.5541646e-11 6.1065356e-13 7.3213053e-09 3.535826e-06
0.780613 0.9891606 0.5121286 0.35342237 0.0013802473 0.047843866 0.04770865 0.00017537393 0.00055658346 0.00016180304 0.0013435978 0.0007728871 0.9189856 0.003610784 2.238276e-15 5.1192205e-06 0.042675138 0.0013089847 0.0010021967 0.1463077 0.00031205433 0.79422164 0.015136906 9.132547e-07 5.004849e-07 0.00025500215 0.002334213 0.00068305567 0.0005062319 0.0010342624 0.99694765 0.007291418 2.091458e-06 0.00017304321 0.0015638169 0.0006130733 0.00010049195 0.05951441 1.020988e-08 6.941027e-05 0.00043762298 7.009771e-05 6.152865e-05 0.0038822826 0.00015745836 0.00011315965 1.2270898e-07 0.0005311732 0.00025932878 1.2992644e-05 2.0894815e-05 5.4330794e-05 7.202502e-05 0.0019507469 1.04841114e-07 0.0001592447 0.00017152753 0.0002789958 0.00048791 1.9146266e-06 1.5093442e-06 0.16612832 2.348979e-08 2.3417076e-06 1.0183504e-05 6.786943e-08 0.0003556343 0.001242898 6.484815e-05 8.056322e-06 0.0003239848 9.516311e-05 3.959232e-09 1.1835533e-07 7.635687e-06 0.0001270965 0.0020746451 3.5486373e-05 2.5340898e-07 9.496586e-08 0.00038273985 7.515095e-07 7.418908e-08 4.8348647e-06 0.0001678767 1.3247198e-10 6.223276e-06 5.2517557e-06 3.3017325e-06 5.503887e-10 7.865213e-09 1.0804034e-09 3.7641254e-08 1.2561115e-09 5.63065e-09 4.2381418e-10 0.003895248 1.2604325e-11 4.3584342e-07 6.7271046e-08 1.5580952e-08
0.68241113 0.00830461 0.0010135993 0.01045612 0.6549729 0.5173693 0.0004120641 0.959559 0.023478001 0.6591022 0.51831865 0.48276034 3.1767927e-06 0.9858561 5.1192205e-06 5.0942665e-13 0.0013998873 0.9945067 0.82315457 0.005016207 0.00015988413 9.491429e-11 3.679864e-07 0.74655235 0.2034632 0.0075420635 0.22897539 9.278634e-08 0.31428015 6.402786e-08 4.655687e-08 9.984428e-07 0.36143917 2.8985573e-07 0.009296017 8.55838e-09 1.8263883e-08 0.013059708 0.0077201487 0.08090478 9.237235e-06 1.5260047e-08 0.018645106 8.3591365e-09 0.10734942 2.0820051e-08 0.0052051847 3.3275835e-10 0.00060116895 0.011246996 1.9369165e-06 0.025192562 2.6131085e-08 0.02095139 8.812507e-08 6.453529e-09 0.0006116078 0.023645544 1.134164e-05 0.00094354 0.0031594222 1.0148528e-08 0.010914023 5.605594e-10 0.0031124724 0.00026552493 0.0027988257 0.020609468 1.26776e-05 1.1133069e-10 0.003193159 0.00055183494 1.9496389e-08 9.065385e-05 0.0007895098 1.7158025e-11 4.3576156e-09 0.0013272734 7.972374e-07 3.3892447e-05 4.3538748e-10 5.96674e-09 1.7851003e-09 1.1673322e-10 1.6270769e-09 1.7722977e-08 0.00011330133 5.155575e-09 7.8177825e-10 5.5579603e-05 4.5078163e-09 3.3235082e-08 3.798377e-11 6.9932844e-11 7.202696e-10 4.434056e-08 5.959506e-09 5.3469904e-09 5.238739e-10 1.3382898e-09 0.0003224006
0.9715797 0.070927 0.8838127 0.9529539 0.04941397 0.5256676 0.00029216713 0.08885379 2.8244131e-09 0.53026545 0.2666161 0.21156065 0.29955325 1.2334438e-06 0.042675138 0.0013998873 1.5913695e-13 0.0027844105 0.0063313185 0.66037744 2.8361857e-10 0.062264748 0.8103198 0.004209422 0.038703606 0.9481499 0.41284412 0.76273704 0.001837734 0.16560265 0.00573329 0.037003055 2.8316903e-05 0.942973 0.53238773 0.02145847 0.36256528 0.9642377 5.1300303e-06 0.012878712 0.5925537 0.0080236895 0.034090597 0.01686693 0.00015212706 0.021632282 0.00033721895 0.011342587 0.10611595 0.0029886884 0.4917419 0.0015420314 0.007690766 0.016538637 0.18295084 0.0069129355 0.0179137 0.0016347226 0.11496956 0.00018159261 1.9805937e-05 0.022845378 0.00019642916 0.003400069 4.0799292e-05 2.6022312e-06 0.4006737 0.15785488 0.035313305 4.6412777e-05 0.1570985 0.003140976 0.021050677 0.0009125919 0.0008322809 1.1091997e-09 5.5927016e-05 0.07028823 0.0046608658 0.028533475 8.547519e-06 7.4584685e-05 0.00017602053 6.926123e-07 1.0821287e-07 0.0031816137 0.000727362 5.595668e-07 1.6266247e-08 0.00016042404 1.8352503e-05 0.00038953128 8.383902e-09 3.9608032e-09 4.0112968e-07 7.324043e-09 6.2455774e-10 3.6072242e-10 1.2122133e-11 3.9871053e-09 1.599632e-05
0.8674891 0.0060412306 0.0016292239 0.0040236576 0.15335493 0.05834555 0.00013965344 0.8946978 0.003453756 0.7023808 0.6803289 0.54408836 0.0007894579 0.632259 0.0013089847 0.9945067 0.0027844105 8.239903e-06 0.98982495 0.009339363 6.6262764e-05 1.6031952e-05 9.888119e-06 0.72296584 0.33081445 0.01026293 0.41361254 1.4690258e-06 0.42158726 5.462564e-07 0.00012619069 2.0020358e-05 0.06890043 1.3133636e-06 0.010726832 1.8331574e-06 9.956017e-07 0.009935331 0.0021746098 0.16837066 9.585197e-05 1.1276637e-07 0.037033696 4.635962e-08 0.16834012 5.6704657e-08 0.011287657 9.142273e-09 0.0028427409 0.016389068 1.8316468e-05 0.03798477 2.9988124e-07 0.0645348 8.0723606e-07 2.4723211e-05 0.0022168478 0.015667988 0.00011860918 0.002147745 0.0009836127 7.941263e-05 0.004659965 4.194518e-08 0.0033205436 0.00025707227 0.0017508952 0.01044177 6.3255815e-05 3.1715165e-06 0.001141879 0.0002896989 1.6334188e-07 0.00015131579 0.00052506017 8.664914e-09 1.9019213e-05 0.00032239227 3.5737732e-05 2.0022497e-05 4.4625705e-07 1.8476574e-05 2.591116e-07 1.3064259e-07 6.922448e-06 6.997725e-08 0.000110440524 9.757366e-08 2.4633952e-08 0.00025573227 1.5108455e-07 1.2167432e-07 4.795894e-08 1.6920504e-09 1.5028083e-07 1.6226368e-06 1.4764556e-08 2.6735005e-08 4.1718726e-09 3.418463e-07 0.00027610382
0.9871747 0.0023748435 0.0009343919 0.0044336743 0.023496006 0.027696444 2.0331174e-05 0.5599153 0.0009599042 0.65325165 0.8027351 0.7617751 0.0002054692 0.31292167 0.0010021967 0.82315457 0.0063313185 0.98982495 1.396658e-10 0.00681942 2.7187752e-05 2.6782395e-06 3.2604694e-06 0.7544556 0.7053309 0.040378556 0.90898925 8.6753323e-07 0.73652434 9.9534766e-08 2.6248741e-05 1.4800196e-06 0.038658004 1.4767571e-06 0.043306213 1.189098e-07 3.6865078e-08 0.022787742 0.0024083718 0.44409388 8.504608e-05 1.25587265e-08 0.13349217 5.409421e-09 0.35836935 6.908636e-10 0.032353822 1.8106912e-10 0.0075773722 0.044191234 5.739795e-05 0.11231893 2.0829107e-08 0.21154088 3.7884433e-07 2.4609299e-06 0.0045908927 0.049276225 2.9106097e-05 0.0073014484 0.0008174065 3.9563758e-05 0.006766415 1.3916808e-09 0.0038688455 0.001001282 0.003483748 0.04829332 1.6648142e-05 9.637327e-08 0.0057663335 0.0011887349 3.011665e-08 0.0004074874 0.001171913 2.5796505e-09 1.4536603e-07 0.0015869574 4.453167e-05 0.0002654234 9.284011e-09 1.1486318e-06 1.6875928e-09 5.176117e-10 2.8202912e-08 5.0148145e-07 0.00020812034 7.832274e-10 2.395956e-09 0.00028457912 6.3313985e-09 2.2028349e-08 5.500059e-09 2.9825746e-11 8.610726e-09 9.087686e-08 8.960555e-09 6.3776855e-09 1.0575436e-10 1.9334598e-08 0.0001476781
0.9946703 0.6961413 0.81874967 0.96716446 0.8802182 0.9808212 0.0039679445 0.45241222 0.00028606044 0.4759274 0.20134 0.44264308 0.07328368 0.0053946674 0.1463077 0.005016207 0.66037744 0.009339363 0.00681942 6.076497e-07 3.2058382e-05 0.007737385 0.0029344438 0.004399847 0.009936687 0.4772242 0.11713312 0.0008829788 0.001868603 0.0005474473 0.0054009804 0.00040057406 0.00031905712 0.0024123176 0.111340545 0.0001061023 0.00020068407 0.62485784 1.00036095e-05 0.0027589207 0.002200961 3.6315216e-06 0.012012256 4.2966127e-05 0.0004833346 4.4737735e-05 0.00046228702 1.6684515e-06 0.0065758834 0.0012096388 0.0021813072 0.0010448623 7.2247467e-06 0.011468309 0.00039987505 5.6974965e-05 0.0016759428 0.00057395274 0.0009309746 0.00018921022 7.37947e-06 0.009370696 0.00017319147 6.113284e-07 8.52808e-05 4.822783e-07 0.021756185 0.027247828 0.0002684692 1.9659408e-06 0.007965722 0.00031651475 3.975669e-05 0.00014883466 0.0002566536 1.2852087e-06 0.00029595016 0.0022655986 6.5581284e-05 0.0001979679 5.6117868e-05 6.435476e-06 2.5750161e-08 1.1411538e-06 4.8235534e-06 7.0473843e-06 7.6836795e-06 1.702926e-05 1.8557843e-07 0.00023533987 6.1993055e-09 7.3802195e-09 2.2456061e-07 1.7776102e-07 4.2139e-06 3.830765e-07 2.0853824e-07 6.23027e-08 7.2026873e-09 3.3074573e-07 2.2264443e-05
0.00013494007 5.8100242e-05 1.3205417e-07 9.35758e-08 0.0002151197 3.5788662e-06 0.9999627 1.3740291e-05 0.99403405 9.414676e-07 1.078856e-07 4.2601684e-07 4.7151607e-06 0.8808526 0.00031205433 0.00015988413 2.8361857e-10 6.6262764e-05 2.7187752e-05 3.2058382e-05 3.6182493e-14 7.1305952e-09 1.0480967e-08 2.5534586e-05 2.223092e-07 2.624736e-09 1.0721416e-06 4.3627194e-10 1.5392279e-06 4.817894e-10 6.985958e-09 2.5757137e-08 9.005764e-05 4.2962262e-11 5.0629603e-09 6.849319e-10 7.5298684e-10 6.0094706e-08 1.5301243e-06 1.3344517e-08 1.8882766e-10 3.4865077e-09 1.6100094e-08 1.6346125e-07 8.300816e-08 1.2211419e-09 3.93582e-11 5.044739e-10 3.2048796e-08 3.1110117e-09 2.818733e-11 1.6108508e-08 6.9904604e-10 1.2299598e-06 1.0276172e-11 4.596854e-10 2.952489e-09 5.724133e-07 1.2250961e-09 3.7384543e-11 4.2340734e-08 6.4989734e-07 2.3860258e-07 9.304719e-12 5.940123e-09 6.6711964e-10 9.2613855e-10 4.950509e-09 1.8351871e-09 3.570114e-09 1.1621298e-09 1.1927199e-09 6.779568e-12 1.0642236e-09 2.0200472e-08 5.439046e-11 5.5894148e-08 4.29936e-10 1.5306087e-10 2.2349223e-12 4.8395606e-08 9.0758384e-08 1.3368496e-07 5.4016393e-08 8.3454545e-12 6.491406e-12 8.51137e-08 2.907524e-09 1.0043757e-11 1.2616661e-06 1.2428579e-10 3.6494321e-10 6.7004436e-08 3.6721157e-11 1.8716648e-09 1.0317474e-11 1.1945212e-12 7.0827594e-13 3.874041e-14 6.113884e-11 7.0686475e-08
0.87100327 0.13249718 0.21197246 0.064408764 1.4725373e-07 4.9348506e-05 1.0958769e-05 5.22458e-06 6.282463e-09 4.4202142e-07 4.782868e-08 8.692177e-09 0.9895247 4.8458737e-10 0.79422164 9.491429e-11 0.062264748 1.6031952e-05 2.6782395e-06 0.007737385 7.1305952e-09 3.7590894e-15 0.67542255 1.0051073e-08 3.3343404e-08 5.0463535e-07 1.9667235e-05 0.09151307 2.505365e-07 0.21980397 0.99491996 0.46995085 2.2175588e-09 0.016491951 3.0563856e-06 0.05637643 0.011212201 0.039538156 3.5100427e-12 1.0905396e-06 0.017555375 0.007976363 2.764595e-06 0.78728 4.0584123e-06 0.031368632 4.1513395e-08 0.2953945 8.531338e-06 1.02937705e-07 0.002010238 1.7022816e-05 0.022544228 0.000411438 0.0007779886 0.04256527 9.278404e-06 0.0001444094 0.071847625 1.02509205e-07 1.8846732e-08 0.5877857 5.6706786e-09 0.0010808479 1.1915553e-06 3.865826e-10 0.025314558 0.0027192393 0.005703172 0.0020586671 0.002312271 7.4284876e-06 1.2747407e-05 4.391619e-08 3.9793804e-06 0.0067327567 0.029332947 0.0026823268 0.00087846216 7.989706e-05 0.008455781 0.00027718075 0.0019480132 0.0015779282 0.0052987975 7.174706e-08 1.3319441e-05 0.00031623594 1.0494656e-05 1.0524773e-09 1.844756e-05 2.117158e-07 4.0122154e-07 1.3577856e-05 7.4627875e-05 1.3975409e-07 0.0019337054 1.1816901e-09 6.1914005e-07 8.149806e-07 1.7254932e-08
0.9759373 0.015698815 0.42569563 0.33352238 2.2184537e-05 0.0001612225 8.402793e-05 4.18761e-05 8.161169e-09 0.00033267273 0.00011259246 1.7898636e-05 0.8393791 8.770883e-09 0.015136906 3.679864e-07 0.8103198 9.888119e-06 3.2604694e-06 0.0029344438 1.0480967e-08 0.67542255 5.6931035e-12 5.1193496e-05 1.7183034e-05 0.003505332 0.001594234 0.9745105 4.0694955e-05 0.9872389 0.19441466 0.8794775 2.907914e-06 0.12857415 0.0042224987 0.3443174 0.10780805 0.42032048 1.578038e-08 0.000102641716 0.1480958 0.010132351 0.00057133817 0.34350607 1.7315248e-06 0.048482046 2.1939875e-06 0.05299259 0.00066415494 6.724132e-05 0.014546007 5.213454e-05 0.006596595 0.00041511722 0.0019817709 0.008685168 0.00042734685 0.0002835037 0.076322876 9.121593e-06 3.3605563e-06 0.64294857 4.5816287e-06 0.00062027754 8.868333e-07 1.3618693e-07 0.03020423 0.0410703 0.012497502 8.050116e-06 0.004132911 0.000106288346 0.0001865662 3.613617e-05 4.828693e-05 0.0025436943 0.10023733 0.0040254556 0.00010034294 0.00056357816 0.05906615 5.016315e-06 4.2333613e-05 0.0013828631 0.00014583697 8.039797e-06 8.653072e-05 0.003770803 9.201709e-05 2.9309113e-06 2.0208568e-06 6.8451664e-06 2.0812698e-05 0.00019426996 0.0010315381 2.5304882e-06 1.276335e-06 2.4691565e-07 5.4225917e-09 2.3234243e-08 1.8354997e-06
0.88291836 0.0009873995 0.0007820106 0.010814779 0.032525364 0.013198992 3.3840317e-07 0.2332519 0.00046018994 0.3345525 0.64260846 0.5657068 2.7677502e-06 0.07659837 9.132547e-07 0.74655235 0.004209422 0.72296584 0.7544556 0.004399847 2.5534586e-05 1.0051073e-08 5.1193496e-05 2.7545044e-10 0.9734022 0.10169992 0.6112867 1.5990494e-05 0.92464143 1.0669518e-06 1.1303544e-07 2.4704874e-05 0.9973229 0.0001529325 0.047848936 8.2648864e-07 8.7653734e-07 0.024673266 0.09946542 0.68190384 0.00036199344 3.2186233e-06 0.19222765 1.6875899e-07 0.79246044 4.2055794e-07 0.09396562 8.9603546e-08 0.012780926 0.09936535 0.0001599404 0.1455598 2.7185092e-06 0.5693385 4.9916184e-06 1.439213e-06 0.011499988 0.11476367 0.00010233852 0.008993921 0.016061021 3.919078e-07 0.1058123 4.079915e-08 0.019471856 0.0032872004 0.008502643 0.10036801 9.445145e-05 4.532294e-08 0.028655466 0.004377046 1.9363476e-06 0.0027460675 0.0027911356 6.7995687e-10 9.988294e-09 0.0040095574 3.367558e-05 0.00039315326 3.7451886e-09 1.7991347e-06 3.326976e-09 1.0168169e-09 1.0873539e-09 3.989051e-06 0.0013758545 1.4497692e-08 7.1182975e-09 0.00085018756 1.0818516e-08 3.7119153e-06 3.662895e-08 2.5621787e-13 1.3798923e-09 1.7872229e-09 6.0160815e-10 7.070929e-11 3.6230318e-12 7.138532e-08 0.000275517
0.9490132 0.00037823588 0.0047086473 0.055589225 0.0023137543 0.009578481 1.458848e-06 0.12489648 5.277404e-07 0.8324732 0.4138125 0.25955287 1.3068124e-05 0.0053355484 5.004849e-07 0.2034632 0.038703606 0.33081445 0.7053309 0.009936687 2.223092e-07 3.3343404e-08 1.7183034e-05 0.9734022 1.0879799e-10 0.5752522 0.8108182 2.7939346e-05 0.9709057 1.2449668e-05 3.6968817e-07 1.1934869e-05 0.6896728 0.00018529946 0.07704079 8.627886e-06 8.365569e-06 0.05649107 0.5447572 0.8375769 8.998698e-05 2.6231057e-06 0.27075744 5.9480203e-07 0.8559603 8.380057e-07 0.20186369 7.989625e-08 0.0193785 0.10831759 0.00011400519 0.22474666 4.2562044e-07 0.7934395 0.000101321275 9.72923e-08 0.0077714105 0.13192716 0.00028776645 0.016931986 0.050335668 3.059607e-07 0.9196234 1.3635612e-07 0.04709944 0.02487201 0.014194462 0.058555014 0.00020066148 3.9633883e-09 0.017100422 0.0034599386 4.5645254e-05 0.008434639 0.0046448647 6.4239745e-11 1.6681396e-08 0.0057594413 0.00013577048 0.0004938047 8.187424e-09 8.6155734e-07 3.465757e-08 1.2039332e-09 4.573759e-09 9.467402e-05 0.0023171955 2.1567452e-08 1.0629685e-08 0.006070118 1.6126778e-07 1.8272613e-06 4.9377474e-10 1.5100035e-10 3.770614e-08 4.8802934e-07 7.0972746e-08 4.9301176e-09 1.7630072e-10 1.7634969e-08 0.0009557822
0.8685037 0.0017178274 0.05010635 0.50581706 0.008794349 0.13130215 1.911316e-07 0.07387458 7.099129e-08 0.41015586 0.3701173 0.5012185 0.0010254441 0.00052221376 0.00025500215 0.0075420635 0.9481499 0.01026293 0.040378556 0.4772242 2.624736e-09 5.0463535e-07 0.003505332 0.10169992 0.5752522 5.446341e-12 0.96588063 0.0016686465 0.15629256 0.00022859554 6.434129e-07 0.00046125168 0.0008387954 0.036504965 0.99396485 0.00029891546 0.0003059833 0.7227269 0.0002909412 0.80725443 0.016340205 5.0367235e-05 0.91662455 3.244828e-05 0.0030760334 6.768409e-05 0.022988977 6.1360142e-06 0.42740944 0.07555879 0.028596397 0.0077236397 9.081613e-06 0.07352444 0.0034144414 1.3022019e-05 0.037286382 0.0061072395 0.0026280878 0.000963482 0.0008819058 3.274072e-05 0.005872731 3.035027e-05 0.00018601316 9.66494e-06 0.07733546 0.06287412 0.0018129006 3.9524875e-07 0.058263402 0.0031649906 0.0024427292 0.008797386 0.00096211897 4.9042576e-10 4.3146615e-06 0.011697803 0.0004599076 0.0074132225 2.0635464e-06 6.1694195e-06 5.6143417e-06 6.427318e-08 1.6085718e-09 0.0021086277 0.0010250878 1.0742361e-07 2.2022033e-09 0.0017755232 4.984961e-07 0.00012029767 2.751803e-08 1.10320086e-10 1.3139918e-07 7.458787e-09 3.0434406e-09 1.3337589e-09 5.0846393e-12 2.4486004e-09 1.1925836e-05
0.9868587 0.009624727 0.03799272 0.28737512 0.19070575 0.66484284 4.557455e-06 0.63336474 9.400868e-05 0.7133556 0.71662915 0.93257946 0.010085623 0.016084203 0.002334213 0.22897539 0.41284412 0.41361254 0.90898925 0.11713312 1.0721416e-06 1.9667235e-05 0.001594234 0.6112867 0.8108182 0.96588063 1.7998322e-09 0.00018714859 0.85161513 6.013286e-05 9.856381e-06 0.00013939172 0.03971622 0.0005015932 0.4922025 4.8678357e-05 3.5452482e-05 0.18325168 0.008647208 0.89085764 0.00029041976 6.08957e-06 0.7758595 4.467527e-05 0.04871552 6.411431e-06 0.11452153 1.3542582e-06 0.07194802 0.04738097 0.0007854691 0.032752223 4.3371347e-07 0.14180608 0.00022181123 3.3879581e-07 0.011888455 0.025008045 6.0849758e-05 0.0035626949 0.00603542 0.00013803011 0.07964647 1.2957928e-06 0.0006475233 0.00013913261 0.0067310333 0.094594136 4.8555776e-05 2.7157315e-08 0.018029736 0.0013473928 2.378465e-05 0.006107332 0.0010671798 7.523388e-08 0.0002356588 0.0032599398 6.4971982e-06 0.00063791586 4.501607e-06 5.8956314e-08 4.5649934e-08 1.552262e-06 2.0406961e-08 0.00014089675 0.000205225 3.3968132e-05 7.9886e-09 0.012125147 2.288171e-08 1.0087833e-06 1.8461858e-06 2.2364148e-08 9.428976e-08 1.01700806e-07 2.0292606e-07 3.7438262e-08 8.794246e-10 7.648465e-09 0.000119563156
0.9907924 0.00031693792 0.17928055 0.083598435 3.5353235e-06 2.9663524e-05 1.6014698e-07 4.122306e-05 6.451467e-11 8.799016e-05 2.0674537e-05 2.3266864e-06 0.13900252 2.789117e-10 0.00068305567 9.278634e-08 0.76273704 1.4690258e-06 8.6753323e-07 0.0008829788 4.3627194e-10 0.09151307 0.9745105 1.5990494e-05 2.7939346e-05 0.0016686465 0.00018714859 1.2420351e-11 3.6167182e-06 0.6711587 0.014492298 0.89330614 7.211884e-07 0.901388 0.002667858 0.82372427 0.9436913 0.49309528 5.0625665e-08 4.6970086e-05 0.670275 0.32502282 0.0005444839 0.032240298 1.500165e-07 0.12153294 3.5335065e-06 0.03599568 0.00062120403 9.212527e-05 0.24917541 7.710844e-05 0.059231635 0.00012704525 0.105465844 0.054569602 0.0006933845 0.00026693533 0.29743752 1.474803e-05 3.5035234e-07 0.01567035 4.507832e-06 0.016729264 3.025493e-07 2.9072e-07 0.3313532 0.049405098 0.06483216 4.81268e-05 0.02315652 0.00012567198 0.004599416 4.7604222e-05 7.803374e-05 1.22269075e-05 0.009414493 0.017616194 0.0012157011 0.0047698207 0.0050561936 0.00012511281 0.00020168522 0.00026481054 3.1349784e-05 0.00078040035 0.00018548794 0.0012283499 2.3691018e-05 1.4100617e-06 1.3572846e-05 0.00027365645 7.7483755e-06 1.0083933e-05 0.00018066364 4.72777e-07 9.358642e-10 4.723133e-07 3.69273e-11 1.1126436e-08 4.4443436e-06
0.9759182 0.0023311307 0.00033601496 0.011679739 0.022420093 0.03936568 2.8143054e-06 0.2377101 0.00011587066 0.30293322 0.19208941 0.40206447 0.0006623235 0.051358957 0.0005062319 0.31428015 0.001837734 0.42158726 0.73652434 0.001868603 1.5392279e-06 2.505365e-07 4.0694955e-05 0.92464143 0.9709057 0.15629256 0.85161513 3.6167182e-06 3.4699905e-08 1.347611e-05 2.1062951e-05 4.0702885e-06 0.3779006 1.1367042e-05 0.08627916 1.1765675e-06 7.3577735e-07 0.020810436 0.4336072 0.9457265 5.5650413e-05 2.475284e-07 0.36514556 1.9654046e-06 0.9569586 4.410279e-08 0.24242504 1.0340127e-08 0.023045294 0.17800608 0.000103125436 0.4321259 1.3470186e-07 0.86594963 5.000407e-05 1.315975e-08 0.009647269 0.24721974 6.885048e-05 0.022991747 0.03538782 0.0002511227 0.51591295 4.0650402e-08 0.02371677 0.011427532 0.0064166067 0.06660464 4.7173486e-05 3.3610528e-10 0.008074221 0.0036957362 4.118885e-06 0.0029748315 0.002846307 1.07476275e-07 1.7959454e-05 0.004449701 6.892853e-05 0.000566036 1.5272225e-07 4.3430635e-08 7.347157e-09 1.0958519e-07 2.6980896e-08 3.6706704e-05 0.0017281614 2.051342e-06 2.3269633e-08 0.0070394287 6.4571765e-08 8.013693e-08 3.0081225e-08 2.240532e-07 3.6333452e-07 2.2676932e-07 7.8443514e-07 1.14130124e-07 5.5164797e-09 2.8696753e-08 0.0011042936
0.87890214 0.0004636805 0.034364764 0.015254549 9.1170926e-07 2.0881367e-05 3.5858102e-07 1.0747136e-05 1.3021024e-09 3.6843237e-05 1.8512397e-05 1.2656177e-06 0.27330643 6.578203e-09 0.0010342624 6.402786e-08 0.16560265 5.462564e-07 9.9534766e-08 0.0005474473 4.817894e-10 0.21980397 0.9872389 1.0669518e-06 1.2449668e-05 0.00022859554 6.013286e-05 0.6711587 1.347611e-05 1.7119417e-11 0.01774698 0.98637664 3.7446192e-08 0.11938394 0.00012952171 0.84561265 0.4606158 0.024052389 2.0258774e-08 2.0793454e-05 0.07192994 0.12866968 3.7379952e-05 0.89913505 2.482196e-07 0.79161584 4.0270544e-07 0.8560975 0.00018012122 5.940104e-06 0.029371107 8.757098e-06 0.19659616 8.5386955e-06 0.010012425 0.054244913 0.00014106106 5.961639e-05 0.11028818 3.668786e-06 8.694523e-07 0.051517297 4.363898e-06 0.050001465 9.4754355e-08 8.7196284e-08 0.025478952 0.0066665392 0.022972941 0.00041603114 0.005443803 0.000113420894 0.0013639302 1.9297877e-05 3.1539697e-05 0.0002617219 0.009599578 0.004881581 0.0011296599 0.00091347523 0.011288442 0.00044077105 0.0028843987 0.0052849264 0.0003405331 0.00018276606 0.00011064462 0.002081 2.1090449e-05 2.3069347e-07 6.751667e-05 0.00043093853 6.566508e-05 4.1142815e-05 0.005075119 9.368251e-06 1.4797126e-07 1.5563035e-05 7.767593e-09 1.3097612e-06 1.774345e-05
0.6791575 0.08242541 0.10766046 0.016497428 8.983512e-07 0.00029717846 1.2767556e-05 4.4590692e-07 4.357416e-09 6.9298943e-07 2.2983431e-06 7.221853e-06 0.59560084 1.822836e-07 0.99694765 4.655687e-08 0.00573329 0.00012619069 2.6248741e-05 0.0054009804 6.985958e-09 0.99491996 0.19441466 1.1303544e-07 3.6968817e-07 6.434129e-07 9.856381e-06 0.014492298 2.1062951e-05 0.01774698 4.5373256e-13 0.106763974 1.2037149e-09 0.0010122851 7.2331295e-06 0.013112248 0.00056379184 0.01313551 5.174332e-09 4.5437464e-06 0.0017250295 0.000754847 5.464692e-06 0.25427118 2.8276589e-05 0.0018694148 1.0661732e-07 0.023441115 1.7704759e-05 2.4296323e-06 0.00017683774 3.5557412e-05 0.0013660585 0.0009807961 1.0863734e-05 0.0045409086 1.0271942e-05 0.00010101235 0.0068005184 2.4596682e-07 7.2339155e-08 0.859733 9.028026e-09 7.3575706e-05 1.6081731e-07 2.8441086e-08 0.00081419875 0.00028381316 0.0012451867 0.00025328182 0.0001416507 9.146175e-06 3.4331487e-07 2.9998606e-08 5.5812995e-07 0.0037367996 0.030237187 0.0004176415 0.00024338068 8.1761726e-07 0.0071020797 0.000297531 0.0014156414 0.0017579675 0.00937956 3.1556798e-08 9.5644355e-06 0.00032458478 3.3073247e-05 3.6002615e-10 9.947494e-07 2.8122568e-07 4.7388978e-05 2.2045866e-05 7.4250274e-05 5.1382876e-09 0.016643086 7.4397266e-11 1.8205863e-05 5.705829e-06 1.3615815e-08
