1.026046e-12 0.99343085 0.9804336 0.99429685 0.9448821 0.9578742 0.9693609 0.950993 0.8837407 0.9317526 0.98444116 0.9981163 0.961321 0.96615076 0.9371912 0.99684715 0.9909869 0.98429817 0.996645 0.9673798 0.99839485 0.99261534 0.92087156 0.9970631 0.99521035 0.81453335 0.9978648 0.88816744 0.9711651 0.9939672 0.9984162 0.9803864 0.91767 0.99792033 0.91225946 0.9878516 0.8935266 0.8868196 0.8257159 0.7999933 0.9989182 0.9611474 0.968181 0.8820671 0.9273262 0.9997597 0.9912717 0.93500555 0.99609095 0.9832347 0.96407795 0.9949524 0.9217027 0.98898715 0.918861 0.9133147 0.7715002 0.7561936 0.5690262 0.41800904 0.91487426 0.6752858 0.92243755 0.958633 0.8911983 0.9231664 0.09505962 0.83706766 0.926215 0.22944513 0.7645035 0.9877151 0.9876969 0.95760703 0.7914648 0.8380582 0.9163495 0.080783844 0.9950082 0.16969047 0.90445304 0.27684063 0.92518306 0.056901764 0.87647015 0.9380437 0.98763263 0.061936308 0.0051739756 0.39346972 0.7649152 0.98324466 0.90649074 0.7827194 0.6024647 0.1832699 0.01908373 0.84353715 0.14746624 0.02571175 0.8939878
0.99343085 4.2025237e-13 0.9708046 0.8628055 0.6230173 0.9544245 0.060649782 0.8930798 0.45490476 0.7504592 0.6110495 0.79649925 0.5667805 0.43235496 0.57382 0.0024575645 0.24424745 0.16457286 0.70909023 0.11771446 0.00073919515 0.01664349 0.048082545 0.37955302 0.027440047 0.008006456 0.026996857 0.0014908782 0.00250924 2.1994354e-05 0.009714801 0.006591964 0.024085747 0.46005625 0.0072455476 0.00036848438 0.0019396996 8.0782134e-05 0.0051358193 0.0029379847 0.07197435 0.018404284 0.007673004 2.7268876e-05 3.328738e-05 0.01674066 0.0002463722 0.00016633947 0.020349037 2.5544707e-06 3.29216e-05 5.21379e-06 3.4635766e-06 0.000104437706 0.025596416 0.0026154662 0.004018465 0.007379685 2.601849e-06 2.8605236e-05 0.011676309 3.156717e-05 8.091695e-06 0.0021396065 7.568326e-05 3.8320572e-06 3.7023153e-07 0.0053671896 2.158727e-06 0.00013644493 4.292883e-06 6.2317656e-07 4.8955135e-05 2.1991239e-06 9.307992e-05 1.01207554e-07 5.3517992e-06 7.544717e-05 0.00015041411 0.0005226073 1.0662417e-08 2.2414895e-07 3.041011e-08 1.7230259e-07 3.6550439e-06 2.576936e-09 5.5782402e-05 1.745986e-08 1.0810735e-05 9.7254e-06 7.2120726e-10 1.0513141e-06 3.474188e-05 2.4648754e-08 4.4660362e-07 1.07338806e-07 7.251782e-05 8.9611234e-08 1.1409845e-07 1.6111919e-08 0.0105451755
0.9804336 0.9708046 1.4621512e-09 0.8421468 0.9684255 0.8221191 0.35098094 0.9430492 0.91064733 0.22357872 0.11150498 0.38771155 0.82445985 0.28165454 0.070433244 0.0006765225 0.079786316 0.74579555 0.45705393 0.034805767 0.00035131563 0.008959245 0.005455622 0.20095244 0.07685153 0.0049078967 0.03991801 0.0010089875 0.0017790886 0.00066109735 0.0052390276 0.0013137613 0.10536349 0.2549495 0.0036406557 0.00039775998 0.0003742006 0.00023555184 0.0039117937 0.00070214795 0.040872753 0.0074694245 0.018571796 0.00024564512 2.6990767e-05 0.010747859 0.00016565036 0.000117466494 0.025078451 3.0168007e-05 0.00013656664 3.1432504e-05 4.8318966e-06 0.00018778468 0.10872876 0.093119286 0.023444686 0.03384897 8.4571957e-07 2.1195854e-06 0.03388687 0.00021579038 1.1760027e-05 0.0019709964 0.00013596975 2.5273277e-05 8.83164e-06 0.010129704 8.117124e-06 0.0025950777 1.7517745e-05 1.021366e-06 0.0001838804 1.6374335e-05 5.000884e-05 7.3437704e-08 1.1668498e-05 0.0012309708 0.00015083097 0.001470129 3.5093873e-08 2.7415924e-08 1.9680668e-07 1.4966174e-08 5.5247045e-05 1.6415737e-07 5.1362505e-05 1.5647446e-09 7.652811e-06 1.0093353e-05 3.333571e-08 1.013032e-06 1.61755e-05 8.265186e-09 1.5751684e-07 1.2262926e-06 4.4829856e-05 2.0737211e-07 3.9906755e-08 2.949119e-08 0.032838196
0.99429685 0.8628055 0.8421468 3.8126762e-11 0.92931217 0.1292996 0.9779026 0.20248853 0.7397772 0.9157107 0.032123957 0.052648637 0.04503441 0.7319891 0.19016597 1.0950045e-05 0.20632158 0.056338787 0.24470246 0.8116084 4.15295e-05 0.00048021605 0.009884811 0.08923418 0.16681401 0.2353254 0.39718994 0.10470324 0.00042333553 0.0036081695 0.002298216 0.001955256 0.185744 0.36309972 0.002952005 0.003558257 3.0423615e-05 0.0032254634 0.00068503944 2.0495423e-05 0.024712797 0.0061754207 0.00094840885 0.005658236 1.3211111e-07 0.020726178 0.0011204707 3.753624e-05 0.057246823 0.00053808966 0.0007700141 0.0009405704 4.742372e-08 0.0010205131 0.011687298 0.03269234 0.0037542328 0.043383688 1.0013357e-08 1.2798165e-07 0.0014575722 0.0004796311 0.00012783498 7.5288255e-05 0.00077190594 0.00018088707 5.706824e-06 0.0004911303 5.0125105e-05 3.3019765e-05 9.785541e-07 1.7575274e-05 0.0004639744 0.00014592923 9.262256e-07 2.7548358e-06 7.890352e-05 0.00016890642 0.000579355 3.557899e-05 2.704828e-07 4.6839466e-09 6.344237e-07 1.983918e-08 0.0011008517 2.5051106e-06 0.0006344104 1.9019302e-09 3.2350331e-07 2.3570634e-05 8.3013975e-07 5.38826e-07 0.00035499933 7.1305345e-07 4.344478e-09 7.1210043e-06 4.533289e-06 1.360486e-06 3.746096e-09 2.6727391e-09 0.0001419172
0.9448821 0.6230173 0.9684255 0.92931217 4.352357e-09 0.13076288 0.92038834 0.47869378 0.9846391 0.21237497 0.014499873 0.09921063 0.4099493 0.25985992 0.017045666 0.00035723436 0.04745785 0.7947244 0.13294265 0.07203801 0.00017726663 0.0030861825 0.0016571166 0.04685138 0.40374985 0.01279259 0.026934098 0.0072641517 0.00052267936 0.0021717683 0.0022154516 0.0007188137 0.52283764 0.085218154 0.0007702065 0.001165737 0.00052173133 0.0007920192 0.0024658893 0.00063761 0.016368022 0.0017751743 0.046203744 0.002350789 1.275339e-05 0.0073593915 0.00037460946 6.7079665e-05 0.017232422 0.00030557127 0.00026141308 0.0005654891 1.037506e-05 0.00039829648 0.21092775 0.5823409 0.08641701 0.20865071 1.12927694e-07 1.1902474e-05 0.09537499 0.0042056083 3.5819994e-05 0.008086858 0.00033028287 2.9700635e-05 0.0003947837 0.017562492 1.8752635e-05 0.0047626616 5.282845e-06 3.1198037e-05 0.00088237354 3.4017117e-05 0.00014936633 2.2576138e-07 2.868167e-05 0.0044402517 0.00022559773 0.0028479346 1.5004547e-06 5.280012e-07 3.8969383e-06 3.1633753e-08 0.0005187063 1.6238799e-06 4.7385583e-05 9.746889e-09 7.621555e-05 1.2835656e-05 2.0299524e-06 1.8502281e-07 2.0170377e-05 1.332801e-06 1.0361593e-05 6.8841846e-06 0.001430927 8.9643e-07 2.0447752e-08 4.419304e-07 0.14983685
0.9578742 0.9544245 0.8221191 0.1292996 0.13076288 1.0892208e-11 0.009259295 0.9790341 0.290437 0.4114369 0.97768205 0.87210935 0.867197 0.1684402 0.27885368 0.019660294 0.10015812 0.4239213 0.5358478 0.02150986 0.0024770084 0.08183855 0.045511592 0.33603984 0.018569326 0.0032512108 0.011288269 0.0008147332 0.008778988 0.000106497966 0.010687514 0.015380263 0.035933875 0.26504427 0.012102365 0.0002523993 0.0068899454 2.8069891e-05 0.02256123 0.010500983 0.055175602 0.012923805 0.043467544 2.7413598e-06 0.00051089126 0.013669481 0.0001345421 0.00082119135 0.016807407 1.4771358e-06 2.657571e-05 9.94811e-07 9.089113e-05 8.9153196e-05 0.06912939 0.0015967309 0.010968809 0.008647463 2.3783063e-05 0.00010898191 0.060231373 2.9043957e-05 2.8002898e-06 0.015181498 2.0441623e-05 3.7931088e-06 2.1917047e-07 0.018414771 3.363998e-07 0.0007928989 5.975829e-05 2.9252357e-07 1.4718607e-05 1.3916763e-06 0.0006301416 3.93049e-09 4.0990508e-07 0.00028646228 9.329454e-05 0.002023633 2.3739544e-08 8.2753445e-07 4.081168e-08 1.3072449e-07 5.791981e-06 8.4313045e-09 2.0195572e-05 5.390963e-09 6.808574e-05 1.1585496e-06 6.382797e-09 1.638126e-06 1.8877781e-06 8.013257e-10 1.380107e-05 2.6856902e-08 0.00013875628 1.2695959e-08 5.091113e-08 3.9338524e-08 0.05804683
0.9693609 0.060649782 0.35098094 0.9779026 0.92038834 0.009259295 6.2197383e-12 0.08287495 0.98805463 0.18033436 0.0016771747 0.006889266 0.050942436 0.24577045 0.0023831243 2.0168673e-06 0.0213201 0.28459808 0.044871144 0.78214526 2.4730437e-06 0.000111521775 0.00055785937 0.010712014 0.8436133 0.35190797 0.4088807 0.1991027 6.46849e-05 0.015183598 0.00018437226 9.730173e-05 0.7319095 0.025326554 0.00021663662 0.0065601487 8.3253724e-07 0.004083322 0.00019230462 1.5438603e-06 0.0027604154 0.00030326503 0.0021465647 0.02333014 4.1286455e-08 0.0029347644 0.0007958842 7.332105e-06 0.031483702 0.0034022275 0.00080756453 0.0015336841 5.78399e-09 0.00046095002 0.0678401 0.549783 0.026806002 0.33144936 4.610704e-09 2.2978006e-07 0.007315633 0.011401553 6.937626e-05 0.00013048877 0.0009983015 0.00023744392 0.0013403158 0.00052934635 5.2354113e-05 0.00020711313 1.6055482e-07 4.59357e-05 0.00074498384 0.000487187 1.6352775e-06 1.8566313e-06 5.2962107e-05 0.0024839758 0.00054067216 0.00027684207 4.6101354e-06 1.3662242e-09 2.1263446e-05 1.9965654e-09 0.001150115 1.9781455e-05 0.0001634484 5.216663e-10 3.3286472e-06 5.5522887e-06 2.1570015e-05 6.548737e-08 3.6936683e-05 1.8855956e-06 5.4424215e-10 2.638238e-05 2.063505e-06 3.1969034e-06 2.3168505e-10 2.569367e-10 0.00013034922
0.950993 0.8930798 0.9430492 0.20248853 0.47869378 0.9790341 0.08287495 1.2417928e-12 0.80120754 0.11908317 0.8621011 0.85893786 0.980886 0.111127846 0.112054296 0.0063126553 0.06847089 0.6362728 0.52481246 0.05024338 0.0024137134 0.092845544 0.020823654 0.2503605 0.015061458 0.0023977805 0.012396107 0.0010714722 0.012885838 0.0001887672 0.016882379 0.010376378 0.083847895 0.19435202 0.0087981075 0.0002961588 0.002947185 0.00024577894 0.020358918 0.004390715 0.045944523 0.008459274 0.012189885 1.5314324e-06 5.1136893e-05 0.011346428 0.00028604406 0.00024310047 0.00817244 3.0733663e-05 4.3371798e-05 1.8562702e-06 4.3602286e-06 0.00019822009 0.027595002 0.0008004814 0.006945822 0.0077238604 1.219761e-06 3.8857437e-05 0.008504697 0.00021083282 4.5163692e-06 0.0036629946 3.5964204e-05 1.4895854e-05 3.5483563e-07 0.008972999 3.0818703e-06 0.0006841929 6.1724854e-06 8.900091e-08 4.663266e-05 1.0617568e-06 3.594274e-05 5.066614e-08 1.4925567e-06 0.0002202058 0.00022134167 0.0003077163 2.9049548e-07 1.370542e-06 9.7404644e-08 2.9490135e-07 2.1408412e-06 1.038028e-08 0.00011404162 9.43417e-09 2.5094518e-05 3.3021893e-06 3.757345e-09 9.637687e-06 7.82375e-06 1.1137307e-08 2.9189528e-06 1.94031e-07 0.00019335964 3.9561075e-07 2.9422027e-08 6.3967185e-08 0.0018813515
0.8837407 0.45490476 0.91064733 0.7397772 0.9846391 0.290437 0.98805463 0.80120754 1.724071e-09 0.17139418 0.079861544 0.080562994 0.8263718 0.10705668 0.02024774 0.00012919503 0.035519704 0.8929529 0.09661552 0.20969084 0.000106309526 0.004079334 0.0037612172 0.03086973 0.29553115 0.021841388 0.020322459 0.012171014 0.0010150151 0.00189659 0.002238371 0.0007364324 0.29861125 0.028244182 0.0017131818 0.0002203703 0.00023724222 0.00083532365 0.004724634 0.00011468139 0.0055357884 0.0009909554 0.0071762367 0.0005566812 1.347725e-06 0.0042010443 0.00026981902 9.244562e-05 0.00543732 0.0001724513 0.00013353648 1.655533e-05 2.2693675e-07 0.00027695086 0.016273404 0.07530611 0.008425121 0.046921387 4.2562675e-08 9.00111e-07 0.0030584736 0.0020997832 9.788165e-05 0.00035792132 0.0001501464 2.4646042e-05 5.265364e-05 0.0012591515 1.0304389e-05 0.0004715226 4.8541233e-07 4.2356733e-06 0.0005313677 2.8582252e-05 1.2442167e-05 3.2812207e-07 1.153458e-05 0.00086798513 0.0003590577 3.8069073e-05 1.1809923e-06 1.592913e-08 1.622202e-06 2.9578262e-09 8.877091e-05 2.2006901e-07 7.609071e-05 2.396267e-09 3.3688575e-06 1.2510273e-05 2.608078e-07 7.6146597e-07 1.4256746e-05 1.9863071e-08 1.3118844e-07 1.3110728e-05 8.212438e-06 1.009431e-06 2.4324849e-09 1.867387e-08 0.00022011614
0.9317526 0.7504592 0.22357872 0.9157107 0.21237497 0.4114369 0.18033436 0.11908317 0.17139418 4.8929406e-11 0.16093302 0.39392954 0.047360122 0.98923755 0.9728034 0.0001902363 0.7042869 0.009221173 0.31859902 0.9606963 0.00017185368 0.0041006 0.19730358 0.14867054 0.022403907 0.110514164 0.5554336 0.0929402 0.0024023573 0.009802463 0.0046062223 0.009826846 0.016717484 0.341457 0.030253591 0.016023086 0.00039438237 0.053871766 0.0012524348 0.0006595441 0.030529 0.021862984 0.00032674766 0.0010427958 9.053483e-06 0.027810048 0.013338643 0.0003727972 0.021929558 0.00074333453 0.0012035671 0.00023556084 5.2989583e-07 0.0021428084 0.0015269205 0.0009948172 0.00023957953 0.0020720141 2.5707234e-07 3.0647757e-07 0.00039524157 0.00014176327 0.00059630006 4.3375527e-05 0.0029728592 0.00022197119 8.9152645e-06 0.00023773755 3.7283473e-05 2.7550464e-06 3.984903e-06 0.00014816184 0.0011678524 0.00010810102 5.6960994e-07 8.844056e-06 7.2641094e-05 3.4881296e-06 0.0015627078 4.1675003e-06 2.5909367e-06 1.2281811e-07 3.596794e-07 3.1742427e-08 0.0009213353 9.259677e-07 0.0006368048 3.414291e-08 1.2492716e-06 0.0006792947 3.0529554e-07 1.6572343e-05 0.00052422384 2.2579756e-07 8.326849e-09 3.0262752e-05 9.73382e-07 6.369633e-05 2.0783341e-07 2.0804212e-08 1.637132e-05
0.98444116 0.6110495 0.11150498 0.032123957 0.014499873 0.97768205 0.0016771747 0.8621011 0.079861544 0.16093302 3.43276e-14 0.9013772 0.9056787 0.07644023 0.5508569 0.73657 0.051296655 0.16693354 0.669947 0.023871172 0.07669151 0.8970203 0.3568028 0.7160584 0.00409756 0.0027507578 0.0062893853 0.00030026774 0.47061303 7.792698e-06 0.10674547 0.47665069 0.014329153 0.44782805 0.07807627 0.0001305353 0.17849037 0.0002972224 0.5203159 0.16700561 0.220876 0.08304736 0.17633921 4.9055376e-07 0.054781646 0.059547015 0.0002307717 0.044689607 0.012620568 7.588052e-06 5.3686614e-05 8.73451e-06 0.012406632 0.000278038 0.043103743 7.68803e-05 0.002691584 0.0008267335 0.0042811623 0.0054716803 0.03514937 4.4880526e-06 1.6866905e-05 0.10792669 3.9811213e-05 7.359868e-06 7.2541746e-07 0.08131833 3.60878e-06 0.00010013549 0.0035548806 2.177899e-07 0.00013603966 5.8212972e-06 0.0024056197 1.1629382e-07 4.266147e-06 1.1059159e-05 0.00067861704 0.00027909188 3.040164e-08 2.5226731e-05 9.630969e-08 0.00025385784 4.732126e-06 3.9705688e-09 9.097178e-05 9.437122e-07 0.0032924083 1.1541049e-07 9.740213e-10 0.00016307113 3.8690152e-05 4.3571436e-08 0.00011856644 1.2977659e-09 0.0005136069 8.8547466e-08 1.5732305e-05 1.2900608e-07 0.008190698
0.9981163 0.79649925 0.38771155 0.052648637 0.09921063 0.87210935 0.006889266 0.85893786 0.080562994 0.39392954 0.9013772 6.3662617e-09 0.78952456 0.02471564 0.71213084 0.079513185 0.0674905 0.41020826 0.72812843 0.01160429 0.004230823 0.19724676 0.08139345 0.10763358 0.041291896 0.00038307873 0.0011758284 0.00036439323 0.008360669 0.00019059803 0.0019183608 0.0066477465 0.075101525 0.046463788 0.003027908 4.836308e-06 0.03795453 5.45916e-06 0.03078636 0.011681983 0.016542312 0.0037986855 0.8119543 0.00029941986 0.00278889 0.0026571834 9.41478e-06 0.0011497027 0.00027873626 3.1972158e-07 8.80344e-07 6.35859e-06 0.00037960833 1.8361019e-06 0.69728464 0.010990364 0.20049892 0.015728638 1.4600557e-05 0.00050519133 0.746887 0.0002579539 4.231167e-08 0.27276888 6.727821e-05 2.1328843e-07 9.991114e-07 0.43097267 1.496663e-08 0.0186188 0.00013498319 2.2354034e-07 6.248286e-07 3.1082463e-06 0.01184328 1.1212396e-08 5.551516e-08 0.0018216573 5.472945e-07 0.04068519 7.5369955e-10 1.0630972e-06 1.261046e-07 1.38647e-06 6.3405954e-05 5.9925907e-07 1.3263419e-08 9.800657e-08 7.418573e-05 5.6574123e-09 1.4571832e-07 6.6278344e-06 6.1359935e-07 9.402697e-09 0.02547979 2.8868203e-06 0.001976948 8.715484e-09 1.9684424e-07 8.883816e-07 0.7131507
0.961321 0.5667805 0.82445985 0.04503441 0.4099493 0.867197 0.050942436 0.980886 0.8263718 0.047360122 0.9056787 0.78952456 1.5569673e-14 0.06545701 0.04167377 0.008475598 0.02380133 0.9720413 0.32481813 0.02153064 0.0016472539 0.35606053 0.0036589396 0.12747887 0.119597666 0.0045625377 0.0040490287 0.0015969548 0.024609964 1.012368e-05 0.009584694 0.00614636 0.34178364 0.033897173 0.00070380524 3.0118317e-06 0.026916629 6.0496245e-06 0.21681182 0.028729111 0.016048536 0.0015081672 0.5380758 8.958923e-07 0.0001099615 0.00079603144 1.04528735e-05 6.113145e-05 0.0006329923 5.072554e-07 1.0500146e-06 1.9179882e-07 2.2633924e-06 7.921185e-06 0.68322027 0.088341534 0.29436427 0.09870264 2.0271282e-06 0.0003881146 0.50974286 0.0009442425 4.066504e-07 0.13569836 2.3794487e-06 1.9086569e-07 3.8728504e-07 0.25672412 5.3341683e-08 0.024595328 8.3858134e-07 6.1182675e-08 1.0946235e-05 5.61178e-07 0.002407698 3.0935976e-09 1.2242764e-07 0.01240561 1.8861238e-05 0.017548027 7.462801e-09 5.636735e-08 3.4207752e-09 8.9717105e-08 1.1037581e-07 3.1939956e-10 9.0590146e-07 1.1620462e-08 0.0016748955 9.556444e-07 5.1323007e-10 7.7330064e-08 5.3338965e-07 1.5804348e-09 0.00017501554 1.9289107e-08 0.0039403765 4.896561e-08 7.674964e-08 1.7026369e-07 0.3403532
0.96615076 0.43235496 0.28165454 0.7319891 0.25985992 0.1684402 0.24577045 0.111127846 0.10705668 0.98923755 0.07644023 0.02471564 0.06545701 1.772437e-11 0.93873394 0.0012459647 0.9768308 0.066163726 0.6078169 0.64861834 0.00048060346 0.011182327 0.07641463 0.085882924 0.112774834 0.037040327 0.45322356 0.044623446 0.0031614713 0.0070363614 0.00082156813 0.0049258065 0.037153505 0.6733667 0.01210464 0.011394074 0.00079543993 0.01567911 0.0015220189 0.0015938205 0.045700118 0.011523822 0.002412159 0.008038847 0.00012997197 0.0689055 0.0073249913 0.00076627 0.121152505 0.00065189716 0.0011816656 0.00017755578 9.3454255e-06 0.0024039808 0.015200049 0.007778855 0.0021053436 0.004331505 3.1240814e-09 2.4326243e-07 0.0044406247 0.00039536392 0.00027975833 0.0011578352 0.015882162 0.00029224405 1.1752078e-05 0.0012825341 1.4663615e-05 8.413891e-05 4.3682026e-06 0.00056989933 0.00040209224 0.00026523665 3.5851829e-06 2.103534e-06 0.00010809009 0.00020851968 0.0033748453 8.025361e-05 8.997767e-06 2.9600967e-08 6.923837e-07 2.5829183e-10 0.0028252003 8.764767e-06 0.00028510147 6.5729067e-10 2.1004707e-06 0.00017390266 1.5468328e-06 8.7347894e-07 0.0010306124 3.1326813e-08 4.540598e-09 1.1830827e-05 7.5661133e-06 6.050072e-05 2.3546894e-08 8.582961e-10 0.00020155044
0.9371912 0.57382 0.070433244 0.19016597 0.017045666 0.27885368 0.0023831243 0.112054296 0.02024774 0.9728034 0.5508569 0.71213084 0.04167377 0.93873394 4.764815e-14 0.012479726 0.9540878 0.0037954089 0.97123945 0.285697 0.0140535515 0.029670741 0.8991178 0.66909176 0.0020445015 0.0033906333 0.07966108 0.0025579643 0.037109442 0.001205535 0.046160012 0.10759608 0.0007735832 0.7334797 0.28392217 0.0025744862 0.0011177402 0.0034746868 0.0026366785 0.0026202747 0.14144099 0.26153836 0.00048248353 3.3031843e-06 0.0023182565 0.109654486 0.0051088156 0.0035829926 0.01678635 0.00052390655 0.0002738559 4.043329e-05 0.00011644116 0.0020640495 0.0010779101 1.35003975e-05 2.696162e-05 4.5029185e-05 5.7661982e-06 8.3881486e-07 0.0004132489 2.2390314e-08 3.2019885e-05 0.0006485106 0.0006832915 2.4771096e-05 1.8160169e-07 0.00036361287 1.171662e-06 6.6614734e-07 0.00024606715 3.4175733e-05 0.00012127286 5.8331418e-05 5.605445e-06 1.0173548e-08 3.735107e-06 2.1182263e-09 0.0017735374 6.967555e-07 3.153869e-08 4.405663e-08 1.4525204e-08 2.5878487e-07 8.523649e-05 7.3179827e-09 5.767873e-05 1.88636e-08 6.2302893e-06 1.0384529e-06 1.7336339e-09 0.00018482382 0.00066971063 4.7493004e-10 6.566185e-08 3.8957137e-07 1.4489924e-06 2.7210254e-08 3.8276062e-07 1.7154386e-08 4.5807523e-05
0.99684715 0.0024575645 0.0006765225 1.0950045e-05 0.00035723436 0.019660294 2.0168673e-06 0.0063126553 0.00012919503 0.0001902363 0.73657 0.079513185 0.008475598 0.0012459647 0.012479726 5.416162e-13 0.0012185089 0.00046034486 0.111939 7.986122e-06 0.004108113 0.44821915 0.007159772 0.12732264 6.6347944e-05 1.1844149e-07 0.00019191127 3.1261438e-09 0.13480525 2.6586013e-06 0.005699553 0.018162122 0.0006074304 0.041993976 0.0022062317 4.3781435e-07 0.08151 3.5249172e-08 0.12884228 0.03179804 0.014578526 0.0017866377 0.95594996 2.4902695e-07 0.0008929339 0.00097594335 3.265109e-06 0.0010446715 0.0001996005 3.1820426e-09 3.0308357e-07 6.2980635e-06 5.5660337e-05 6.4799247e-07 0.044993583 0.00010846824 0.0020354618 0.00011161945 8.39572e-05 0.0007907746 0.7737907 2.6642892e-06 1.1127789e-09 0.89015466 4.618434e-08 5.793505e-10 7.972526e-09 0.8230219 4.232519e-10 0.0002736841 8.3163824e-05 1.2109383e-10 3.682551e-08 9.47736e-10 0.90917414 1.8463439e-10 3.2799333e-10 3.4361594e-05 1.9143351e-07 0.03854132 6.1215703e-12 6.4381493e-07 3.3532488e-09 4.1263844e-05 3.9602313e-08 4.265424e-09 2.2241043e-08 7.270905e-08 0.0011171493 2.6936361e-12 5.9720002e-09 3.86972e-07 3.0629916e-08 3.6150488e-10 0.8017003 3.7277923e-09 0.05873002 5.002903e-10 8.599221e-07 1.3298568e-06 0.92161393
0.9909869 0.24424745 0.079786316 0.20632158 0.04745785 0.10015812 0.0213201 0.06847089 0.035519704 0.7042869 0.051296655 0.0674905 0.02380133 0.9768308 0.9540878 0.0012185089 1.3412963e-11 0.006331943 0.9095889 0.5864162 0.0022794388 0.00848801 0.46537724 0.32136542 0.008774319 0.02440601 0.50683266 0.016184619 0.008682588 0.005931551 0.00806506 0.015223746 0.0029533566 0.90905905 0.07685916 0.02943686 0.00074454065 0.034653522 0.0009450349 0.0005024291 0.16126831 0.19286716 0.00028144772 0.0009220298 0.00019706298 0.36121204 0.02339964 0.0015721843 0.2526463 0.0018527968 0.0022890598 0.0006943225 3.8472408e-05 0.007390902 0.0024143544 0.0001338362 0.00012070161 0.00047281155 1.91204e-07 8.452498e-08 0.0011843421 7.733309e-06 0.0007720704 0.00040046813 0.009396465 0.0012117858 2.5368554e-06 0.00040006082 0.0001819681 4.872757e-06 3.369701e-05 0.0007741621 0.0011154353 0.0004318951 7.036888e-06 1.9285239e-05 0.00034538095 6.7086376e-07 0.009658118 1.0710691e-05 6.773539e-06 3.816038e-07 1.7767714e-07 1.4821098e-08 0.0010743857 2.0789973e-06 0.0028832452 9.363521e-09 5.651511e-06 0.00013549316 1.228331e-07 2.8337541e-05 0.008814693 7.9522516e-07 2.0769402e-08 1.5462944e-06 2.894008e-05 8.446734e-05 2.5363192e-07 3.4918053e-09 0.0001597107
0.98429817 0.16457286 0.74579555 0.056338787 0.7947244 0.4239213 0.28459808 0.6362728 0.8929529 0.009221173 0.16693354 0.41020826 0.9720413 0.066163726 0.0037954089 0.00046034486 0.006331943 2.5155301e-11 0.22104898 0.013258818 0.00021160934 0.1978464 0.00010659928 0.061178144 0.62380254 0.036824834 0.007792677 0.0048075034 0.0047774664 0.0002563344 0.0055633355 0.00082739996 0.8330726 0.019216346 0.00011115873 1.8004006e-05 0.015110129 3.9701565e-05 0.1618267 0.0064001917 0.007179467 6.304515e-05 0.7588259 0.00030385007 1.1934323e-05 0.00020312655 2.2113205e-05 1.4049335e-05 0.0010344665 2.4182695e-05 4.465491e-05 0.0002342905 1.0000236e-06 5.990062e-06 0.88945794 0.96954125 0.7262098 0.47722176 2.5273432e-06 0.00015598036 0.6151122 0.0066934223 1.6649005e-06 0.11948754 1.3024861e-05 8.838313e-06 0.00031187313 0.29865316 1.8559605e-06 0.1746045 8.3658676e-07 9.341989e-07 0.00015092365 4.745985e-05 0.0009323887 1.1788413e-07 1.0849473e-06 0.13685966 5.8183828e-06 0.025114808 8.869043e-07 4.4728065e-08 3.2432777e-07 2.1521016e-08 2.2761114e-06 3.118679e-07 3.8466146e-06 1.2393978e-07 0.00023920878 4.533603e-05 2.1884995e-08 6.2279753e-07 1.792482e-07 1.8062875e-07 3.1498366e-05 1.6005735e-05 0.0012224466 1.0064214e-06 4.1208355e-07 9.2843166e-08 0.2703281
0.996645 0.70909023 0.45705393 0.24470246 0.13294265 0.5358478 0.044871144 0.52481246 0.09661552 0.31859902 0.669947 0.72812843 0.32481813 0.6078169 0.97123945 0.111939 0.9095889 0.22104898 3.685864e-10 0.19986989 0.041455694 0.3535098 0.6786518 0.7654275 0.35360506 0.024500936 0.15996605 0.020510685 0.12760994 0.0042971494 0.011468511 0.06143326 0.14506234 0.8909301 0.042565566 0.0050296774 0.100232825 0.003184358 0.045216497 0.041903533 0.28163236 0.28942135 0.22953884 0.0013422447 0.0075534643 0.2833275 0.0055496506 0.09336556 0.115770906 0.0001905944 0.0008049276 0.00011986696 0.015213215 0.0014996523 0.29269645 0.001535728 0.036045216 0.034672514 3.853255e-05 0.0001597596 0.28393224 0.00043298223 6.264473e-05 0.1273498 0.012077853 4.3676882e-05 2.6332748e-06 0.088095225 1.1463299e-05 0.00094673125 0.00011894923 0.0018463427 0.0004971544 0.0024584623 0.009485243 1.1393225e-06 0.000185147 0.0003682401 0.004571708 0.004135724 1.4173906e-06 8.3695784e-07 1.8966429e-07 5.506809e-07 0.011422426 2.0992401e-07 0.00072052464 7.520135e-07 9.227035e-05 1.0593401e-05 5.138773e-07 0.0001746504 0.002497237 5.160505e-07 0.00045391594 3.953064e-05 0.00039541165 1.8228919e-05 1.7563714e-05 2.227865e-07 0.4229345
0.9673798 0.11771446 0.034805767 0.8116084 0.07203801 0.02150986 0.78214526 0.05024338 0.20969084 0.9606963 0.023871172 0.01160429 0.02153064 0.64861834 0.285697 7.986122e-06 0.5864162 0.013258818 0.19986989 2.542007e-13 1.5864905e-05 0.00013576697 0.03422981 0.07045885 0.35428166 0.86972463 0.964141 0.94310135 0.00030787394 0.7456199 0.008477044 0.0044929157 0.06604425 0.47407737 0.0134816645 0.5374633 1.4184177e-05 0.92993194 0.00013258729 2.1587723e-06 0.07907334 0.033304676 3.6634542e-06 0.08665448 2.779419e-05 0.1694446 0.19534345 8.836539e-05 0.18122123 0.3722053 0.053026054 0.024110384 2.384994e-06 0.011686369 4.940869e-05 0.026109304 7.190306e-07 0.018024966 6.6763077e-06 2.0905109e-06 7.816903e-06 0.011149972 0.00252831 2.441528e-07 0.67220587 0.032105573 0.014705945 2.1887793e-08 0.001166138 1.102062e-08 6.511509e-06 0.33476514 0.00245102 0.30020037 1.8478036e-07 0.00016260339 0.00069417944 4.739132e-09 0.0056581874 2.970032e-09 0.001418271 1.9228093e-08 0.00042291265 1.0001767e-09 0.07496569 0.003370918 0.0012557482 1.4416203e-09 1.2020499e-08 0.048554607 0.0022393276 1.8434086e-05 0.0021149102 3.7192414e-05 4.3988216e-11 0.024704952 2.6221553e-08 1.9022276e-05 2.4520914e-09 6.654116e-10 6.085439e-07
0.99839485 0.00073919515 0.00035131563 4.15295e-05 0.00017726663 0.0024770084 2.4730437e-06 0.0024137134 0.000106309526 0.00017185368 0.07669151 0.004230823 0.0016472539 0.00048060346 0.0140535515 0.004108113 0.0022794388 0.00021160934 0.041455694 1.5864905e-05 1.9959923e-11 0.14725107 0.054444976 0.36742958 4.1749456e-05 2.9491795e-07 0.00019268553 1.1762618e-07 0.9663777 1.857828e-05 0.14673835 0.058921464 0.00015769144 0.038619276 0.00350729 4.085783e-06 0.8626154 1.8869599e-07 0.44070655 0.89158463 0.026951106 0.0021488382 0.01694541 5.5730684e-06 0.9374468 0.002165581 1.1656208e-05 0.19319579 0.00044204213 8.489575e-09 8.8084204e-07 2.7132943e-05 0.3953678 4.6902383e-06 0.00051930395 7.1857035e-06 1.674564e-05 3.7350306e-05 0.20723331 0.5756228 0.0032467844 1.0447825e-06 4.3694858e-08 0.048089903 1.1162051e-06 4.1341752e-09 2.2960502e-07 0.009741107 4.961446e-09 6.1644373e-06 0.021588383 4.4502793e-09 9.572608e-07 2.3772573e-08 0.6544486 1.7573679e-09 4.5726274e-08 6.651208e-07 6.6908533e-06 2.461722e-05 1.4955138e-11 0.0137065 8.34394e-09 0.0010690296 7.655165e-07 3.5521776e-08 7.1364946e-07 5.230835e-05 0.03759054 1.3037792e-10 6.277891e-08 5.3233318e-05 2.9156686e-07 6.7266864e-10 0.23357461 5.570417e-08 0.0006341851 1.4901259e-08 3.8613627e-05 0.011325558 0.011366339
0.99261534 0.01664349 0.008959245 0.00048021605 0.0030861825 0.08183855 0.000111521775 0.092845544 0.004079334 0.0041006 0.8970203 0.19724676 0.35606053 0.011182327 0.029670741 0.44821915 0.00848801 0.1978464 0.3535098 0.00013576697 0.14725107 1.5703653e-13 0.023046589 0.56076235 0.00012202741 4.2907446e-05 0.00076623826 7.272761e-07 0.60885113 5.551301e-07 0.12718132 0.1162233 0.0064049573 0.113993876 0.0032326342 6.2612985e-06 0.9337095 1.0485862e-05 0.9186569 0.87694854 0.06907528 0.0064658076 0.76623005 7.0075646e-07 0.24338652 0.0043388414 2.2328382e-05 0.0277233 0.0019952676 1.1436949e-07 1.0296819e-06 1.326693e-07 0.022158748 8.192037e-06 0.077386014 0.00042064546 0.0046129413 0.003591725 0.0029461957 0.08646244 0.5689229 3.8067162e-06 3.4914623e-07 0.85480094 2.0750556e-06 1.0352264e-06 2.5913694e-06 0.5508448 5.9540216e-08 0.00082381314 0.00035555565 2.2851047e-08 1.4834789e-06 8.896697e-08 0.788352 6.4214567e-09 7.4343876e-07 0.0003100363 3.532275e-05 0.015412272 2.6068496e-09 5.0245664e-05 2.2204803e-08 0.0003212377 1.1583895e-06 5.49837e-09 1.0158788e-05 3.0285776e-06 0.022155939 1.545074e-06 3.3397043e-09 3.540783e-06 2.9774783e-06 1.8690582e-08 0.5000016 1.562134e-07 0.049996037 1.7593411e-06 9.525376e-06 1.2271753e-05 0.8096905
0.92087156 0.048082545 0.005455622 0.009884811 0.0016571166 0.045511592 0.00055785937 0.020823654 0.0037612172 0.19730358 0.3568028 0.08139345 0.0036589396 0.07641463 0.8991178 0.007159772 0.46537724 0.00010659928 0.6786518 0.03422981 0.054444976 0.023046589 1.85874e-13 0.98644704 1.6089725e-05 0.00030239485 0.021247603 0.00020166347 0.16906396 0.00014839967 0.6255934 0.83742523 1.3527758e-05 0.75974864 0.9914278 0.0026260433 0.00081887445 0.0035112405 0.00049149786 0.008267221 0.1814405 0.49238718 2.5997742e-05 1.1513648e-06 0.0036646598 0.17270176 0.0075878142 0.019110354 0.034443956 0.00010315888 0.00043837965 0.00014859314 0.0009797281 0.004007892 1.056095e-05 1.4084918e-06 2.623476e-08 7.1224065e-07 9.6909534e-05 3.5985593e-06 2.0112924e-05 6.220911e-09 0.00025718112 6.0780618e-05 5.5050765e-05 3.9927447e-05 4.979587e-07 6.2386252e-06 1.4468432e-05 4.1334345e-09 0.0014694849 1.0902785e-06 0.0002795594 2.8983675e-06 1.4401851e-06 1.9688666e-07 7.670446e-05 4.776254e-10 0.0029405046 7.646015e-09 1.04820714e-07 1.2766478e-06 7.0974737e-09 5.0745984e-06 4.3027735e-06 8.494726e-09 0.0012058283 2.572774e-07 1.3830281e-05 1.0442871e-05 2.277185e-09 0.0065693366 0.0007861566 3.7755396e-10 6.13657e-08 3.4316773e-08 6.564995e-08 1.0283542e-06 0.00030957244 1.4254535e-08 7.332115e-07
0.9970631 0.37955302 0.20095244 0.08923418 0.04685138 0.33603984 0.010712014 0.2503605 0.03086973 0.14867054 0.7160584 0.10763358 0.12747887 0.085882924 0.66909176 0.12732264 0.32136542 0.061178144 0.7654275 0.07045885 0.36742958 0.56076235 0.98644704 1.00734594e-10 0.09545837 0.008804716 0.06458739 0.008402903 0.6025739 0.0013020087 0.23992549 0.6225845 0.016644906 0.87862086 0.42776862 0.0059279404 0.19976701 0.0019947712 0.08346393 0.17504747 0.48188147 0.33463958 0.07600573 0.00042735704 0.1116874 0.2567991 0.01064465 0.42422408 0.06233338 0.00012535801 0.0010837767 0.00043811658 0.14550607 0.004646978 0.027519368 0.00012599648 0.0013660657 0.00418389 0.002839488 0.0031845935 0.06494712 6.196014e-05 0.00015437175 0.07834264 0.0026131028 6.3008236e-05 1.7147582e-06 0.035442058 3.3233297e-05 3.5223988e-05 0.0074841836 0.00047248908 0.0005459452 0.0005730995 0.03803375 3.3083234e-06 0.0003835827 9.905689e-05 0.006019202 0.00061853643 3.7755763e-06 0.00034463443 4.1800408e-07 0.000115331226 0.005796902 6.541362e-07 0.0027560291 0.00018894408 0.0006170864 2.0648704e-05 8.3060775e-07 0.0074314354 0.0026425577 9.961221e-07 0.0050132377 2.487768e-05 0.0003129967 9.8866345e-05 0.0030593125 3.2025473e-05 0.06804487
0.99521035 0.027440047 0.07685153 0.16681401 0.40374985 0.018569326 0.8436133 0.015061458 0.29553115 0.022403907 0.00409756 0.041291896 0.119597666 0.112774834 0.0020445015 6.6347944e-05 0.008774319 0.62380254 0.35360506 0.35428166 4.1749456e-05 0.00012202741 1.6089725e-05 0.09545837 3.1494787e-09 0.78769845 0.2888893 0.31438208 0.000117151896 0.10171507 0.00311165 1.6725466e-05 0.98964965 0.12583831 3.0957643e-05 0.0013363113 2.7476298e-07 0.0002582441 1.137292e-05 3.137124e-08 0.026879331 0.0005714524 0.00047186133 0.15290102 4.153074e-08 0.00494907 0.00014998969 4.6302472e-07 0.035391014 0.004307292 0.00051761523 0.008707316 6.465754e-08 0.00028136882 0.008482613 0.76156294 0.0033518954 0.76538974 7.573697e-07 3.2216036e-07 0.0031574704 0.87799114 9.5725445e-05 5.6370473e-06 0.0052819336 0.000322839 0.3321862 0.0004900065 0.00020497717 0.0006981837 5.488715e-07 9.6421216e-05 0.0028992635 0.00013825158 7.945168e-06 4.4671588e-06 7.723178e-05 0.0034776104 0.00014752975 6.8053545e-05 5.564736e-06 1.5181083e-08 0.00033758063 1.1438248e-07 0.0003467655 0.0003023049 0.00023964168 2.9099725e-08 3.017835e-08 1.1223871e-05 0.00051930494 3.3992046e-07 5.0142003e-06 2.3682085e-06 2.7790714e-09 8.69677e-05 1.3323544e-05 5.4614725e-06 9.44677e-10 1.1615815e-07 0.00041212485
0.81453335 0.008006456 0.0049078967 0.2353254 0.01279259 0.0032512108 0.35190797 0.0023977805 0.021841388 0.110514164 0.0027507578 0.00038307873 0.0045625377 0.037040327 0.0033906333 1.1844149e-07 0.02440601 0.036824834 0.024500936 0.86972463 2.9491795e-07 4.2907446e-05 0.00030239485 0.008804716 0.78769845 2.7444622e-10 0.41334677 0.9962748 2.126079e-05 0.83600396 0.00035256302 0.00020077231 0.22209238 0.024207624 0.00049743376 0.009025721 6.397045e-07 0.025296308 8.393167e-05 5.6543007e-07 0.0058668 8.5270396e-05 2.4669168e-06 0.9923084 1.3259094e-08 0.00092892285 0.00086072425 2.576763e-06 0.0057207667 0.016562503 0.0019917286 0.008329598 1.0609651e-08 0.00048371943 0.0001799967 0.065648206 2.6760501e-05 0.13890952 1.441274e-07 1.1613621e-07 8.5175954e-05 0.22267035 0.0001970829 5.027713e-06 0.67026937 0.00059521146 0.31290224 4.017666e-06 0.00041249528 6.1642613e-06 5.7501463e-08 0.030314544 0.0030055996 0.06478029 4.0765957e-07 2.4801375e-05 2.0453266e-05 1.3680956e-05 0.00014719485 1.0259649e-06 0.00016684835 1.8705908e-09 0.00013327731 4.4083546e-11 0.063683026 0.00046318793 9.924686e-05 4.2690115e-10 7.3795155e-07 0.0038801269 0.0016386771 2.8194512e-07 6.513412e-07 5.7520715e-06 7.2133516e-10 0.007844562 1.8347322e-07 2.2076972e-06 2.051602e-10 3.7515317e-08 6.751258e-06
0.9978648 0.026996857 0.03991801 0.39718994 0.026934098 0.011288269 0.4088807 0.012396107 0.020322459 0.5554336 0.0062893853 0.0011758284 0.0040490287 0.45322356 0.07966108 0.00019191127 0.50683266 0.007792677 0.15996605 0.964141 0.00019268553 0.00076623826 0.021247603 0.06458739 0.2888893 0.41334677 5.384681e-10 0.5113193 0.0010753601 0.7316397 0.0038517928 0.0022402727 0.05499412 0.7795172 0.007953903 0.9305654 8.239978e-05 0.78963834 0.00020769145 0.00018595072 0.19442289 0.117091544 0.00011138423 0.120264165 6.3863868e-06 0.4174748 0.43018448 0.00051021174 0.6907836 0.32136145 0.26125953 0.040637426 3.1832585e-06 0.06417516 0.0034860263 0.011479305 0.00010561721 0.015858145 1.9272825e-07 4.4535528e-07 0.0026661488 0.022640737 0.014187675 0.0001305332 0.5323846 0.037877284 0.0019488698 0.0002924989 0.0018735717 1.1140016e-06 3.5051464e-06 0.31447503 0.0117185265 0.1533704 7.658375e-06 0.00084004184 0.002297691 1.4212931e-06 0.024606986 2.4060542e-05 0.003792657 1.1399441e-08 0.001225465 8.170144e-08 0.23834412 0.0013448072 0.002316567 2.9424553e-08 2.2842444e-06 0.008799878 0.0036917946 4.1298215e-05 0.0054513053 0.00024846938 3.57464e-08 0.0044115228 4.1373723e-06 0.00013765231 1.9492143e-07 1.6971322e-08 0.0021022977
0.88816744 0.0014908782 0.0010089875 0.10470324 0.0072641517 0.0008147332 0.1991027 0.0010714722 0.012171014 0.0929402 0.00030026774 0.00036439323 0.0015969548 0.044623446 0.0025579643 3.1261438e-09 0.016184619 0.0048075034 0.020510685 0.94310135 1.1762618e-07 7.272761e-07 0.00020166347 0.008402903 0.31438208 0.9962748 0.5113193 2.0979442e-10 8.173643e-06 0.9778272 0.0004575544 3.9380622e-05 0.05821342 0.054758374 0.00014219791 0.07805099 1.2704444e-07 0.3279886 4.887441e-06 1.6720163e-08 0.011047345 0.0006567231 5.5007646e-08 0.90730006 1.9182003e-09 0.0035436123 0.0061997743 3.23858e-07 0.031116793 0.14095585 0.010432274 0.014560253 2.8073823e-09 0.0022509582 3.9026825e-05 0.025272815 6.5893328e-06 0.01694541 8.209524e-08 3.0593196e-08 9.879664e-06 0.07551704 0.00091155985 6.429467e-07 0.75163585 0.011753688 0.198128 8.099948e-08 0.0012064303 1.2581336e-06 4.2666468e-08 0.22616296 0.006808766 0.27043977 7.5269435e-07 8.948729e-05 0.00044171934 2.6396796e-07 0.0009310838 8.994412e-08 0.0029711982 1.6208541e-09 0.002813004 2.0852686e-11 0.2078154 0.010224409 0.0023298017 1.3441198e-09 2.0884622e-06 0.015458169 0.0031019305 1.5722124e-08 0.00012700757 0.0006326191 5.0855176e-10 0.032185674 1.5614422e-06 5.3026288e-05 1.6697803e-10 1.6321131e-08 3.3979557e-06
0.9711651 0.00250924 0.0017790886 0.00042333553 0.00052267936 0.008778988 6.46849e-05 0.012885838 0.0010150151 0.0024023573 0.47061303 0.008360669 0.024609964 0.0031614713 0.037109442 0.13480525 0.008682588 0.0047774664 0.12760994 0.00030787394 0.9663777 0.60885113 0.16906396 0.6025739 0.000117151896 2.126079e-05 0.0010753601 8.173643e-06 2.8163658e-09 3.7282384e-06 0.44354445 0.84026635 6.616527e-05 0.113777876 0.0600131 7.2334435e-05 0.48102197 6.175379e-05 0.1935656 0.87638277 0.10892437 0.02106422 0.039581377 1.9446952e-05 0.94947886 0.012935833 0.00017099621 0.94872844 0.012308488 3.2131564e-07 1.5498652e-05 2.1618812e-06 0.95929474 0.00017829867 0.0012473384 8.05925e-06 4.817908e-06 1.0360554e-05 0.38247648 0.14299129 0.016808216 1.1553764e-06 3.2680155e-06 0.07492443 1.6622504e-05 3.0186006e-06 1.6732407e-05 0.035344113 5.183391e-07 2.480652e-06 0.5024186 4.547567e-07 3.0207648e-05 1.1419822e-06 0.11051054 1.6986228e-07 4.389632e-05 4.547823e-07 0.00060857914 0.00047182062 1.0981005e-08 0.06807087 3.3824136e-08 0.037268937 1.3492448e-06 5.5976724e-08 0.0007131521 0.004497269 0.114860214 7.4190784e-06 6.936937e-09 0.0009613888 5.9969076e-05 1.819379e-08 0.016536925 2.0876845e-07 0.00081524346 1.1286977e-05 0.0075046145 0.005795343 0.028882459
0.9939672 2.1994354e-05 0.00066109735 0.0036081695 0.0021717683 0.000106497966 0.015183598 0.0001887672 0.00189659 0.009802463 7.792698e-06 0.00019059803 1.012368e-05 0.0070363614 0.001205535 2.6586013e-06 0.005931551 0.0002563344 0.0042971494 0.7456199 1.857828e-05 5.551301e-07 0.00014839967 0.0013020087 0.10171507 0.83600396 0.7316397 0.9778272 3.7282384e-06 1.17217546e-07 0.00052632025 1.1171592e-06 0.0105509395 0.039845724 0.00010626827 0.1548447 1.3338869e-06 0.5569095 5.84964e-06 3.7242442e-06 0.0058769337 0.0004421258 1.3455025e-05 0.7799335 6.9224016e-06 0.013053538 0.0152661335 3.72983e-07 0.040890414 0.15999766 0.022836216 0.02916155 3.0331546e-07 0.004106575 0.000102416634 0.008437813 7.258023e-05 0.003974555 1.0000618e-06 5.712629e-06 0.00015330926 0.12868792 0.00161008 6.4709984e-06 0.9753859 0.009498495 0.3199882 6.8452905e-06 0.002111869 6.0436414e-05 4.9502705e-06 0.62757623 0.0019001799 0.41820273 4.3009416e-07 0.0006997355 0.0007055515 7.1273294e-06 0.00039032986 5.5679475e-06 0.003012251 2.1677483e-08 0.0026912247 2.5360714e-06 0.6983381 0.022566777 0.00010965686 3.3591913e-08 6.975118e-06 0.006736601 0.037031453 1.4396859e-07 0.00011485126 0.00051014684 1.8592704e-07 0.19847135 7.9800265e-07 2.2544533e-05 4.7940652e-08 1.6500123e-06 0.00030681494
0.9984162 0.009714801 0.0052390276 0.002298216 0.0022154516 0.010687514 0.00018437226 0.016882379 0.002238371 0.0046062223 0.10674547 0.0019183608 0.009584694 0.00082156813 0.046160012 0.005699553 0.00806506 0.0055633355 0.011468511 0.008477044 0.14673835 0.12718132 0.6255934 0.23992549 0.00311165 0.00035256302 0.0038517928 0.0004575544 0.44354445 0.00052632025 2.3473945e-11 0.97236246 0.0035548366 0.30274332 0.9217236 0.00047550097 0.03981675 0.00024585586 0.02182995 0.037789285 0.5316733 0.7495934 0.021888042 0.00029192455 0.09531672 0.13479033 0.0018179822 0.78730863 0.0047295047 1.4374607e-05 8.632268e-05 0.00017173687 0.60497284 0.0016944067 0.0008138571 4.6497928e-05 9.3960916e-05 0.0012861523 0.059000887 0.0055240835 0.01523503 1.7240343e-06 2.2444821e-05 0.04371818 8.048662e-05 1.1764615e-05 1.5570488e-07 0.011887921 1.4076399e-05 1.65296e-05 0.3489961 4.0925745e-05 0.00021641649 0.0001441316 0.016330553 1.7610465e-06 0.00018506775 6.413517e-06 0.0012248562 0.00012575531 1.6045547e-05 0.02473254 2.2866268e-06 0.0057730465 0.00024293545 1.1117373e-05 0.00073761604 0.017623994 0.00013223964 9.999378e-07 1.2024748e-05 0.9075261 0.0007183994 3.2795532e-07 0.008334481 1.499459e-06 2.3701956e-05 2.3902348e-05 0.080157034 0.0017350849 0.0029215026
