1.426225e-13 0.99905163 0.98632675 0.9888645 0.9910709 0.9258242 0.99475145 0.99330616 0.99466354 0.9823172 0.9520431 0.9383915 0.9801215 0.97805464 0.9330812 0.9465929 0.95749664 0.9827644 0.8084214 0.8742355 0.9231024 0.99680823 0.95709014 0.8478101 0.9562573 0.8127197 0.5007514 0.95560133 0.9892257 0.67198545 0.99523073 0.95585036 0.96771497 0.4600351 0.99863666 0.9946507 0.9837248 0.9588015 0.9875037 0.9134059 0.9876684 0.97147685 0.95329684 0.9957819 0.95194507 0.9928961 0.91066957 0.8291956 0.09004185 0.6264109 0.79476845 0.72911966 0.93738186 0.97523326 0.7241556 0.97430295 0.02092562 0.7429394 0.9720893 0.9964866 0.99777275 0.97725385 0.91756016 0.89841497 0.5393865 0.9996098 0.2791918 0.6334912 0.99774504 0.6100244 0.7986253 0.70617807 0.922725 0.5578221 0.50969523 0.99250114 0.8822536 0.95486754 0.6536831 0.79486525 0.49145785 0.12937641 0.018943178 0.17463407 0.82064706 0.0125368005 0.016581878 0.9784857 0.94408274 0.013662475 0.98506224 0.94892573 0.92791593 0.96902585 0.87569994 0.948616 0.8270904 0.83787996 0.999083 0.86873794 0.9800984
0.99905163 3.787646e-12 0.04405241 0.050654277 0.083214864 0.087691344 0.14265382 0.0010651676 0.0035427269 0.9505503 0.0030203806 0.94731396 0.002271936 0.07267423 0.017793747 0.8012132 0.00015754772 0.00023242424 0.89809483 0.6518592 0.015109091 0.005401493 0.0009046566 0.81078994 0.0005470533 0.016894404 0.0007608799 0.0045049745 0.0006434154 0.00024103481 0.14365555 0.00072408805 0.00010343836 0.06442717 0.059708867 0.020457681 0.0001926363 0.000606371 5.6015095e-05 0.00065108045 0.00066800683 0.00041203032 3.7546586e-05 1.108022e-05 0.00013213439 4.2549245e-06 2.2923636e-05 4.2826625e-05 0.033978738 0.00020450875 0.604215 4.0227325e-05 7.962057e-05 4.440688e-06 2.5969146e-05 0.00091695075 0.00058989075 2.7517374e-06 1.7625041e-05 0.01360125 0.009692304 2.7101056e-05 0.0062333145 0.02683506 0.0027497064 0.0016516695 1.94843e-09 0.1975246 0.00016077908 4.4051176e-06 4.1062343e-05 5.2852306e-07 0.34230712 1.46782795e-05 0.04827559 0.0004581668 4.2641313e-05 2.5838058e-06 3.5744577e-07 0.023844883 1.5499056e-06 0.00018525016 6.509248e-08 1.2734328e-06 2.4526764e-07 6.047533e-07 5.6463714e-06 5.039104e-06 8.277503e-06 2.1959947e-06 1.7963153e-05 1.0841627e-05 1.170721e-05 9.249924e-07 2.0087008e-07 5.0797307e-06 1.8361675e-07 1.3284534e-06 3.153618e-05 3.826765e-08 3.371342e-06
0.98632675 0.04405241 1.2375193e-10 0.9556568 0.89002687 0.6664512 0.100400865 0.88117576 0.0037830968 0.60941386 0.8967503 0.5124085 0.76863253 0.10635026 0.9341054 0.01667076 0.8902321 0.5737383 0.05736492 0.009413487 0.05356139 0.0022116953 0.0008507732 0.36981574 0.050587792 0.67189544 0.48675647 0.0031406481 0.00015322317 0.6720769 0.21203093 0.00036880872 0.00029132437 0.17055511 0.7721211 0.021032214 0.00018751787 0.19897822 0.07954836 0.00021826242 0.0013100336 0.00074237713 0.00027476758 0.004585611 8.2946324e-05 4.0099087e-05 0.031568345 6.2906896e-05 0.0029784795 0.17355856 0.008567445 0.11578332 0.0001519751 1.1296011e-05 0.02178297 0.0104619805 0.0022376827 0.080349654 0.010481914 0.11339349 0.055141367 0.002422176 0.002375464 0.008542716 0.00088299986 0.0061675753 0.00021360426 0.021965928 0.00017194221 0.0059973337 0.011161407 0.0152298445 0.010879972 0.0032764198 0.0006372179 0.002502181 0.013633827 4.109537e-05 0.00056010234 0.00024158828 0.0006588265 0.00013789 1.3141398e-05 1.3437385e-06 2.5224299e-05 3.476727e-05 9.811674e-08 3.9611517e-05 6.702732e-08 2.2678746e-09 9.144567e-05 1.5209964e-06 5.3850235e-05 0.00017603295 3.1423046e-06 0.00027432537 8.116233e-06 0.0001234636 0.0007794627 1.1847623e-06 0.00093975925
0.9888645 0.050654277 0.9556568 1.1593936e-07 0.37230194 0.18324377 0.3309998 0.60081613 0.023430929 0.36972505 0.46051714 0.580589 0.5566966 0.5991241 0.30497286 0.044735655 0.8839646 0.9546258 0.036920674 0.023213062 0.8689031 0.005800803 0.019850386 0.05742083 0.88526666 0.16187239 0.06484398 0.057184286 0.010415356 0.2626313 0.60602 0.0077769305 0.005689148 0.016053699 0.92619836 0.063309185 0.0023787091 0.087498374 0.09898596 0.004979362 0.010910308 0.0031609817 0.0049604103 0.016112246 0.0008460197 0.00025750362 0.133448 0.0001742011 5.6246186e-05 0.047432885 0.00986965 0.12837094 0.00011793142 5.964215e-05 0.024659904 0.14760686 0.0008706319 0.114944294 0.42603046 0.32239088 0.14600462 0.40098825 0.005808908 0.021444142 0.0007508333 0.04197543 0.031232614 0.014926566 0.002626999 0.009760988 0.021771917 0.16982456 0.0052905213 0.0056250324 0.0007423959 0.012984154 0.04109858 0.0005243109 0.002549855 1.9071595e-05 0.037170924 7.7391414e-05 8.591271e-05 1.5294357e-06 0.000765044 7.228789e-05 1.4312108e-07 0.0003365085 2.6764712e-07 3.799381e-09 0.0008216574 7.873616e-06 0.00025121684 0.0013741708 6.894141e-07 0.0010976285 0.00020521013 0.00059113285 0.0010133612 5.2807095e-06 0.000906823
0.9910709 0.083214864 0.89002687 0.37230194 1.7202443e-09 0.9898001 0.008979544 0.13829501 0.00025108055 0.28794545 0.16002798 0.17875284 0.033304006 0.004134395 0.87549585 0.0040222397 0.015260411 0.004839157 0.1446475 0.0011615551 0.0035071527 0.002360611 2.4049647e-05 0.7333805 0.0017345404 0.7967572 0.3606494 0.0005260059 2.2146921e-06 0.16347538 0.1891313 1.5821939e-06 6.628852e-06 0.4086277 0.6502355 0.018616758 4.410801e-06 0.05106493 0.0007441339 7.548891e-07 0.00018612851 6.0640334e-05 5.655247e-06 0.00014901377 5.0820713e-06 2.1306843e-07 0.0013383533 2.853045e-07 0.04100453 0.11852179 0.015737288 0.033505715 8.062325e-06 6.592274e-08 0.0048667532 0.002851126 0.010232209 0.0026217005 4.71779e-05 0.03517749 0.015245415 6.0927912e-05 0.00016788486 0.0053732945 0.00018568845 0.0024776366 2.6683958e-08 0.02945868 1.9823681e-05 0.00057922985 0.00087912125 1.6986351e-06 0.017742427 0.00040732286 0.00030495875 0.0007035998 0.00086117414 1.3392174e-06 4.5693973e-06 0.00030121478 6.916581e-06 9.187438e-06 1.510069e-07 5.109506e-07 4.195975e-06 5.4607017e-06 1.0631266e-08 5.5486894e-06 4.441352e-08 8.349309e-08 2.7557546e-05 4.150695e-06 7.1537715e-06 1.1179517e-05 9.848742e-08 3.5730438e-05 9.97316e-07 4.388383e-06 0.00010935776 3.7619365e-08 9.049198e-05
0.9258242 0.087691344 0.6664512 0.18324377 0.9898001 3.6572904e-11 0.006946845 0.13261577 0.00021708974 0.337195 0.1372699 0.1930816 0.032040965 0.0027421014 0.96523464 0.0021473602 0.009874135 0.0030188328 0.36768785 0.0011735217 0.0009050406 0.0012999536 1.8391209e-05 0.9521825 0.00073451997 0.9491568 0.6802753 0.0001328047 1.1815397e-06 0.49736732 0.035704646 9.601426e-07 1.698094e-06 0.7435765 0.4367248 0.0029050496 6.6022844e-06 0.05538178 0.0006870565 2.8640642e-07 3.4712433e-05 7.160058e-06 1.2835758e-06 3.356458e-05 7.4314664e-07 2.8318535e-08 0.000858614 4.1374747e-08 0.15214922 0.2465919 0.020105954 0.041963898 2.5151503e-06 1.7696731e-08 0.007885663 0.0008295581 0.04853799 0.0021023129 1.1832542e-05 0.008579158 0.004335384 3.6224643e-05 0.00019489812 0.0032570576 0.00011894707 0.0006282467 1.0264548e-09 0.039852776 4.4725766e-06 0.0011879784 0.00063243514 3.744171e-07 0.0075293463 0.00012510542 0.00022279046 7.850945e-05 0.00023749826 3.4236523e-06 1.6035757e-07 0.00010887752 1.2856788e-07 1.2351271e-06 7.867269e-09 1.2760439e-08 2.4966613e-07 1.2348679e-06 3.4625222e-10 8.1710283e-07 7.3139045e-10 2.1303532e-09 1.6958582e-07 6.520205e-07 1.8558798e-07 6.6761416e-08 1.0088565e-08 1.4501067e-06 2.9542971e-07 1.5320994e-07 3.7457496e-05 1.2611632e-08 4.7197495e-06
0.99475145 0.14265382 0.100400865 0.3309998 0.008979544 0.006946845 4.9016975e-13 6.866616e-05 0.7078687 0.15829067 0.00024843361 0.89885527 6.771585e-05 0.926001 0.0012934575 0.79597354 0.0009238147 0.0008052428 0.26390663 0.8842042 0.04561543 0.42953238 0.09411515 0.1588993 0.0035316085 0.011977984 0.00078783516 0.03284405 0.018609323 0.00030329858 0.51415664 0.08668403 0.008471743 0.007850459 0.19043007 0.3365587 0.0074129575 2.2257373e-05 3.1285704e-06 0.41578788 0.012040705 0.030583346 0.0043641627 6.999874e-08 0.0030435487 0.00011768594 2.646362e-05 0.0021962097 0.02050027 0.001073487 0.8170123 0.0010090697 0.25874802 0.0001799514 3.722567e-05 0.0064477446 0.00063317525 0.00010739149 4.9975633e-06 0.09423265 0.14135666 4.1200736e-05 0.78887624 0.8988141 0.53787965 0.008070483 4.4514745e-06 0.4609299 0.0033217391 1.8733188e-05 7.060368e-06 4.6273535e-06 0.8718403 1.8005174e-05 0.54026276 0.009604587 8.202262e-06 6.359551e-05 4.3498512e-05 0.6985877 0.00010610392 0.08442274 1.5655873e-08 0.00087943743 2.4244187e-07 1.4913317e-06 0.0045649656 0.0002251382 0.0042621717 3.870606e-05 0.00017124166 2.809523e-05 0.00016489459 0.00012223264 1.3904141e-05 0.00023894817 0.00012489667 0.00021849778 0.0001341063 3.747824e-06 0.00023645167
0.99330616 0.0010651676 0.88117576 0.60081613 0.13829501 0.13261577 6.866616e-05 7.927381e-10 9.856316e-06 0.0005237801 0.96617466 0.0013183022 0.84150493 3.4785007e-05 0.7767407 3.8645532e-05 0.15088582 0.022897806 0.0005900281 3.6613706e-05 0.0022718213 0.00023952173 2.1611206e-06 0.008394657 0.005660565 0.45707226 0.6441364 8.9191126e-05 3.638085e-07 0.92827016 0.022045618 1.4448246e-07 1.5703792e-07 0.034961667 0.4225173 0.0008256792 1.8179829e-06 0.9054772 0.054848347 5.6821876e-09 3.664375e-05 5.6177964e-06 6.3558883e-07 0.00040030945 1.959924e-06 4.8888246e-08 0.04059378 5.8522176e-08 0.0055977153 0.8558481 0.00027823323 0.63681984 8.3350045e-08 2.0552779e-08 0.28497753 0.0053595426 0.052717645 0.052508373 0.0004266316 0.034554083 0.0061215893 0.0004075877 2.1683318e-06 3.5686746e-05 1.0408592e-06 0.0022095384 1.8862647e-06 0.0031771765 5.2588175e-06 0.117102824 0.019481804 0.00016556712 0.00011809585 0.028246053 1.6473827e-05 0.0005793221 0.010714181 2.112926e-07 0.000114664545 2.0158262e-05 0.00012850211 5.0854696e-06 0.00014311119 1.3137093e-06 0.00078988075 0.00046377472 7.160092e-06 4.7181516e-06 8.452483e-08 4.1066046e-06 1.4254734e-05 6.4345486e-06 3.5234607e-05 9.750548e-06 1.610606e-07 3.0277792e-05 4.792125e-07 4.1044236e-06 0.0015258811 1.2103236e-07 6.344455e-05
0.99466354 0.0035427269 0.0037830968 0.023430929 0.00025108055 0.00021708974 0.7078687 9.856316e-06 4.595865e-13 0.00044853252 1.1954855e-06 0.086634934 4.4402702e-07 0.7371796 2.329516e-05 0.15137146 5.6511926e-06 2.6972522e-05 0.0008870698 0.24900605 0.0021443733 0.46477535 0.020148546 0.0024853265 0.00028414468 0.00026533834 2.8607612e-05 0.0030686439 0.0021495523 2.0898926e-06 0.061083462 0.0024805707 0.0003324774 2.310299e-05 0.007150498 0.097680375 0.0002836143 7.2832756e-07 5.1562e-07 0.0045247027 0.000724638 0.0025553566 4.3003103e-05 5.3834853e-08 0.000249312 2.557725e-06 1.3358092e-06 4.9447342e-05 0.00017095382 1.1217826e-05 0.64891934 3.079052e-05 0.0010229785 6.53884e-06 6.9257953e-06 0.00013549288 7.636852e-06 4.690609e-08 3.9886228e-07 0.0042749117 0.009587378 2.850914e-06 0.9738013 0.9683719 0.7640427 0.000499495 3.7909095e-10 0.06393402 0.00015453245 3.87684e-08 8.9447646e-08 3.4802778e-08 0.8760462 1.9961504e-07 0.3126177 0.00030406984 6.29552e-07 1.0210216e-07 5.260026e-10 0.85399485 5.1430186e-07 0.11367402 1.429126e-08 0.006452173 1.4780644e-08 8.8178086e-07 0.01667852 2.233674e-06 0.013682145 8.8541776e-05 3.8022938e-06 7.1588156e-06 8.9573305e-06 2.2531034e-07 2.7675847e-07 3.0252809e-06 7.47135e-08 3.247103e-07 2.0794494e-06 1.2066855e-08 1.430049e-06
0.9823172 0.9505503 0.60941386 0.36972505 0.28794545 0.337195 0.15829067 0.0005237801 0.00044853252 3.0532516e-15 0.006348895 0.9596615 0.0008441548 0.054195803 0.015735058 0.17885914 0.039539933 0.01222439 0.96512425 0.06616464 0.007761038 0.024234885 0.000482245 0.9151182 0.0043764575 0.028597383 0.0022510623 0.0045633162 1.600044e-05 0.000409749 0.15984398 8.377097e-06 1.4453627e-06 0.08683892 0.31871316 0.034922365 3.1812448e-05 8.3400824e-05 2.0611835e-05 1.16779165e-05 0.0001820759 0.0005731836 9.718075e-06 1.7187646e-06 1.5557634e-05 1.3615504e-08 3.380613e-05 7.999567e-08 0.2628567 0.0010420172 0.72651136 0.00039132652 2.059089e-05 1.233446e-08 6.5266635e-05 0.0026611127 0.021406924 2.9893585e-05 8.586618e-05 0.028292699 0.016861713 0.00036566684 0.0050457 0.014335913 0.00043797327 0.0020798878 4.921507e-07 0.87715435 2.1998192e-05 5.357051e-05 4.647474e-07 4.7984726e-05 0.65155935 1.1594865e-05 0.059511643 0.00076437637 2.6255586e-06 5.8055896e-08 3.223844e-07 0.018454572 0.0005632558 0.0003754607 7.2809208e-09 1.270425e-07 7.845754e-08 5.926795e-06 2.3765074e-06 5.9038853e-06 1.1589833e-07 1.4960103e-05 4.330371e-06 6.713947e-06 7.4953227e-06 8.51796e-07 4.4180983e-09 2.046665e-05 8.8482984e-08 4.176964e-07 0.0004030209 8.582639e-09 2.4287903e-05
0.9520431 0.0030203806 0.8967503 0.46051714 0.16002798 0.1372699 0.00024843361 0.96617466 1.1954855e-06 0.006348895 1.5101775e-12 0.015520744 0.94926345 0.00020349826 0.87434196 0.0001003328 0.5458759 0.057845168 0.005583624 3.5697194e-05 0.0009025234 3.018985e-05 2.4200724e-06 0.04701642 0.0018251577 0.71687746 0.80984575 8.2051614e-05 3.729122e-07 0.9684638 0.039482392 1.422637e-06 3.798968e-07 0.09418694 0.72063774 0.0016092013 2.0150526e-06 0.9095399 0.25507307 9.770701e-08 3.6848054e-05 2.0750269e-05 1.2523075e-06 0.0014265517 5.1815226e-07 1.0090893e-08 0.1074941 6.097194e-08 0.0075766887 0.78443193 0.00080638356 0.7533881 4.610823e-07 6.8322557e-09 0.47297543 0.001942317 0.030448448 0.2158841 0.000375499 0.021579651 0.01156614 0.0005972212 8.3306935e-07 7.114898e-05 1.2874838e-05 0.0016052726 4.5096826e-07 0.005129202 8.040747e-06 0.11483966 0.06728676 0.00015813901 0.0002833083 0.019781806 5.4131337e-06 0.00034906488 0.033700492 1.8276359e-06 9.037236e-05 8.72571e-06 2.8801094e-05 6.481173e-07 8.587461e-05 1.40476795e-08 0.0010399875 0.0007766583 9.741439e-10 4.392645e-06 3.379798e-10 1.9056912e-10 3.3182955e-06 1.0832831e-07 3.3248814e-06 2.0830896e-06 1.0520824e-08 1.8935363e-05 1.021857e-06 3.3156462e-07 0.00040740054 6.931523e-10 4.1406864e-05
0.9383915 0.94731396 0.5124085 0.580589 0.17875284 0.1930816 0.89885527 0.0013183022 0.086634934 0.9596615 0.015520744 5.008371e-15 0.0069409814 0.4031537 0.022903213 0.9782575 0.03419928 0.025201974 0.9436526 0.8354282 0.03728504 0.09343623 0.015719984 0.72808856 0.013594656 0.042082153 0.0077556325 0.009274402 0.0016242649 0.0018936294 0.3731791 0.0071398886 0.00012471409 0.04725257 0.15468192 0.12994014 0.000394962 0.00054301356 0.00018022466 0.039093394 0.0012332686 0.006348677 0.000979069 1.2042277e-06 0.00047486948 7.722556e-06 0.0001679824 7.305864e-05 0.1406368 0.0010088257 0.7853615 0.000674261 0.0341968 3.1645284e-06 3.891455e-05 0.0051821186 0.016140928 0.00023535828 6.300704e-05 0.069227576 0.0681305 0.00023852788 0.10721409 0.41230637 0.050667286 0.004505937 1.6846705e-06 0.59815514 0.0006431356 2.6890912e-06 1.4387573e-06 0.0005618204 0.29937488 1.141587e-06 0.08298355 0.004871545 1.1562571e-06 3.36541e-07 0.00037691256 0.041946203 0.0004056964 0.010528866 1.8862223e-09 1.2230412e-06 3.82534e-09 1.2609209e-07 2.099712e-06 9.527785e-06 1.5989517e-07 2.8471683e-07 1.0825364e-05 4.8566653e-07 2.8056722e-05 9.637158e-07 5.880793e-07 0.00018804024 1.4741208e-07 3.9930583e-08 0.003681567 2.8136771e-08 0.0010818889
0.9801215 0.002271936 0.76863253 0.5566966 0.033304006 0.032040965 6.771585e-05 0.84150493 4.4402702e-07 0.0008441548 0.94926345 0.0069409814 1.3154308e-11 9.7284654e-05 0.49312162 4.3153217e-05 0.93558425 0.2930321 0.0012775466 1.8532199e-05 0.001762095 1.2200257e-05 2.221447e-07 0.014941812 0.004447832 0.3192839 0.52496016 0.00010826145 2.7977873e-07 0.8364108 0.050922804 4.6690553e-07 5.8757024e-07 0.015424007 0.625318 0.0009912153 6.5969186e-07 0.96270376 0.87655514 1.0409405e-08 4.3748878e-05 2.1687174e-05 2.7113892e-06 0.020044442 3.3976133e-07 9.564495e-09 0.5282916 3.863766e-08 0.0010344073 0.65070844 0.0003974549 0.78211826 1.8337755e-07 3.7964543e-09 0.61338085 0.005116431 0.0037218125 0.595348 0.0042300643 0.051878337 0.024359362 0.0021682905 1.3705616e-06 5.1612926e-05 7.6017773e-06 0.0029023096 2.6691076e-05 0.0022692706 1.5066959e-05 0.24891737 0.2691758 0.0037298235 0.00035100803 0.0839435 4.66539e-06 0.0016704658 0.17523752 1.7453251e-06 0.0007579604 4.3298755e-06 0.0006875947 1.7305823e-06 0.0003967475 3.0197334e-09 0.0053529637 0.00070111844 3.4236602e-09 1.1098221e-05 3.8637765e-10 7.0349077e-10 5.725124e-06 3.797269e-07 3.787024e-05 1.5015376e-05 2.1984482e-08 9.669185e-05 2.4052295e-06 1.9207623e-06 0.002733201 2.2243918e-09 0.0002482671
0.97805464 0.07267423 0.10635026 0.5991241 0.004134395 0.0027421014 0.926001 3.4785007e-05 0.7371796 0.054195803 0.00020349826 0.4031537 9.7284654e-05 3.2125873e-14 0.0002536819 0.13968943 0.0066261943 0.0031068332 0.0037707924 0.35951442 0.36594403 0.9358698 0.98176086 0.01189235 0.07083919 0.001268288 1.3144179e-05 0.39093494 0.51486444 1.9719005e-06 0.63103807 0.81469864 0.4998961 3.8027272e-05 0.07814504 0.6382322 0.1674275 8.296087e-07 4.294697e-06 0.89039975 0.046089355 0.09579043 0.14269747 3.650976e-07 0.054786503 0.0356985 1.1247472e-06 0.1307805 0.00022459438 4.5926848e-07 0.02072908 2.6278408e-06 0.26353946 0.004852726 8.586175e-07 0.049174875 1.15842205e-07 9.401546e-06 5.872081e-06 0.16121915 0.25624165 0.00014328395 0.17010674 0.07380905 0.024906296 0.033524647 1.35507935e-05 0.042504497 0.0064128055 1.8846722e-09 1.6539201e-09 0.00044370958 0.002002943 2.9229222e-08 0.0010544355 0.008895405 4.0536975e-08 0.0012995234 5.458247e-05 0.0048463 0.00038957584 0.032245204 1.211246e-09 0.0027290639 1.1283397e-10 2.5083842e-09 1.703488e-05 0.0006952333 0.0029703 7.908625e-06 0.0013476209 4.8554244e-05 7.68531e-05 0.0005612263 0.0007496417 0.00090837973 0.00066456763 0.00042520204 5.6469664e-05 3.8274753e-05 0.0003263783
0.9330812 0.017793747 0.9341054 0.30497286 0.87549585 0.96523464 0.0012934575 0.7767407 2.329516e-05 0.015735058 0.87434196 0.022903213 0.49312162 0.0002536819 9.398155e-14 0.00013380838 0.05424547 0.0035121297 0.023661211 6.873488e-05 0.00052280846 0.00024387325 9.401707e-06 0.49924737 0.0006315605 0.97577006 0.95855016 2.8046852e-05 1.6426276e-07 0.92914855 0.06894687 2.8118947e-07 2.3976614e-07 0.5690513 0.50595707 0.0035647 2.1832009e-06 0.08294149 0.0013668406 1.8865802e-07 1.8262466e-05 7.377e-06 5.3557744e-07 1.9217583e-05 9.406151e-07 4.88003e-08 0.0012535879 1.6269483e-07 0.006550606 0.18128406 0.00019423864 0.0441947 3.825588e-07 3.975974e-08 0.017276447 0.0009972134 0.01865763 0.0031656092 2.8832754e-05 0.016102144 0.009435495 9.299972e-05 5.875008e-07 5.6230416e-05 7.246614e-06 0.00075869524 4.219964e-08 0.02140987 4.08773e-05 0.0032430135 0.0007691514 0.00013598416 0.00016274581 0.00052590686 3.2733337e-06 0.00017972638 0.0003512233 3.6592777e-08 8.813264e-06 2.0776666e-05 9.189037e-07 7.461296e-08 1.7073466e-08 3.412644e-08 5.7854464e-07 4.2519387e-06 6.9672584e-10 2.9890489e-06 1.0845762e-09 1.0204379e-10 1.3898749e-06 3.4871465e-07 3.5519045e-07 1.8414767e-06 2.8980303e-08 2.226459e-05 2.8002032e-07 4.0061053e-07 4.260282e-05 4.832495e-08 7.252453e-05
0.9465929 0.8012132 0.01667076 0.044735655 0.0040222397 0.0021473602 0.79597354 3.8645532e-05 0.15137146 0.17885914 0.0001003328 0.9782575 4.3153217e-05 0.13968943 0.00013380838 3.8038123e-12 0.00035872692 0.00021580292 0.39369988 0.99195325 0.0021937073 0.06702503 0.0036074333 0.072866336 0.00071869814 0.001818017 0.00017526091 0.0016035322 0.00043540268 1.6810925e-05 0.21327625 0.0028921568 0.00017560237 0.0022495815 0.1546452 0.085120395 0.00032659998 8.2982626e-07 1.7836456e-07 0.013656215 0.0012107878 0.0019652229 0.0007231647 1.5431706e-07 0.0003591942 5.170483e-06 3.8131475e-06 0.00021974907 0.0015297072 0.00020431654 0.7064416 6.469218e-05 0.042135313 2.1040889e-05 3.170044e-06 0.00066256605 6.894122e-05 1.0107291e-05 1.6029725e-06 0.01776316 0.015087371 3.0419505e-06 0.20506658 0.5871237 0.11594084 0.0019291482 7.672428e-09 0.4309817 0.0004041864 6.981034e-08 1.355014e-06 1.184403e-06 0.81473833 2.7523622e-06 0.2792975 0.0011127096 5.3967506e-07 1.098761e-05 5.3222357e-07 0.41684425 2.625496e-06 0.0044850367 5.5685734e-10 1.49909665e-05 3.860587e-10 4.217066e-09 3.244432e-05 7.1406e-05 7.866718e-06 3.586101e-07 1.912319e-05 3.838529e-05 1.636492e-05 7.331763e-06 2.276119e-05 5.6209297e-05 5.635381e-06 1.4155691e-05 0.00019063166 1.2185762e-06 0.00028537159
0.95749664 0.00015754772 0.8902321 0.8839646 0.015260411 0.009874135 0.0009238147 0.15088582 5.6511926e-06 0.039539933 0.5458759 0.03419928 0.93558425 0.0066261943 0.05424547 0.00035872692 1.7241102e-13 0.9867158 0.004276243 0.00025595186 0.036691707 1.3579215e-05 6.3121726e-05 0.0031134223 0.14484009 0.035592932 0.06277557 0.0024523681 7.66903e-06 0.39719725 0.117107764 4.0122766e-05 1.0485882e-05 0.0016713047 0.70224106 0.0030000224 7.212658e-06 0.60800594 0.8658791 4.1028543e-06 0.0007365496 0.0001627095 0.00026677168 0.49201167 7.5252324e-06 3.0817382e-06 0.91957706 2.4654682e-06 3.300963e-05 0.08746557 0.00076229987 0.530885 1.0942832e-05 7.105696e-07 0.18650779 0.026310764 0.005987401 0.81954014 0.16369341 0.15780237 0.04691697 0.05582443 3.4563766e-06 0.000105406696 3.790064e-06 0.009780472 0.018492842 0.0032037995 0.00018396812 0.0575224 0.23896517 0.33659637 2.9523539e-05 0.060018625 2.8701986e-06 0.0026706532 0.32578102 2.0442158e-06 0.002397888 6.905986e-07 0.06276248 6.324447e-07 0.0027886056 4.1485062e-08 0.06618717 0.0018114172 2.044045e-09 2.292849e-05 2.956952e-09 6.863452e-11 0.00016045281 5.152278e-07 0.00020253038 0.000103376624 6.576852e-08 0.00060389034 1.9308223e-05 8.78594e-06 0.003452297 8.344103e-08 0.0022304833
0.9827644 0.00023242424 0.5737383 0.9546258 0.004839157 0.0030188328 0.0008052428 0.022897806 2.6972522e-05 0.01222439 0.057845168 0.025201974 0.2930321 0.0031068332 0.0035121297 0.00021580292 0.9867158 8.444842e-16 0.00037260953 6.114363e-05 0.12198714 0.00030687902 0.00010481819 0.00025172453 0.6705786 0.0022261492 0.0044345935 0.004743994 6.1519345e-06 0.030072764 0.13858224 2.1690565e-05 1.2344317e-05 8.6438915e-05 0.74643975 0.005904483 1.755926e-05 0.031272054 0.22148706 8.472218e-07 0.0010351761 0.0005167698 0.0003697324 0.75110006 1.3455442e-06 3.6571253e-06 0.44148916 4.21436e-07 2.152924e-07 0.0014127592 2.3278772e-05 0.028581873 2.4227443e-06 2.8886612e-07 0.010558384 0.3014393 0.00014908782 0.38636672 0.8091246 0.55130154 0.114036 0.4560624 1.5018556e-07 3.497521e-07 5.743504e-08 0.07668456 0.13218121 3.3958808e-05 0.0002960498 0.00024281176 0.008805283 0.85737586 2.4221632e-07 0.0035304483 1.0500136e-08 0.020482361 0.028344266 2.025665e-06 0.0149407005 5.8452754e-09 0.39598238 2.27716e-08 0.0002684789 1.5744753e-08 0.040068515 2.2493485e-05 1.5689403e-09 4.0592004e-05 1.6294901e-09 4.153672e-10 0.00022486011 6.892372e-07 0.00013939464 0.0003173199 1.203047e-07 0.0026382643 1.1491463e-05 3.53274e-05 0.026093734 1.360512e-06 0.0037796837
0.8084214 0.89809483 0.05736492 0.036920674 0.1446475 0.36768785 0.26390663 0.0005900281 0.0008870698 0.96512425 0.005583624 0.9436526 0.0012775466 0.0037707924 0.023661211 0.39369988 0.004276243 0.00037260953 2.7904748e-13 0.57224596 3.571296e-05 0.011221037 1.0190275e-05 0.9719956 2.3359732e-06 0.046170685 0.0012269759 8.647121e-06 2.835488e-06 0.00022486527 0.02909171 6.548997e-07 1.8783079e-07 0.22534072 0.08549801 0.011050184 8.4628155e-06 2.7096354e-05 4.732532e-06 3.622628e-06 9.823287e-07 8.503882e-06 1.4360719e-08 9.614905e-07 3.7414797e-05 3.4411598e-09 1.3207938e-05 1.3830503e-07 0.6037958 0.00013759156 0.86352396 8.42045e-05 5.183292e-05 6.7946495e-08 8.553787e-05 1.8496663e-06 0.03921764 3.0940125e-06 5.158183e-07 0.0025041506 0.0010295416 1.9553883e-05 0.0065053767 0.05721382 0.0022192157 8.376106e-06 3.7808653e-10 0.9769205 3.1975956e-06 4.041804e-06 1.1000297e-07 9.425609e-07 0.5978449 4.575895e-06 0.0631232 1.1148891e-06 2.9840146e-07 9.417629e-09 4.2471934e-06 0.009059556 3.1153405e-07 0.0004326303 6.234271e-10 1.2641995e-07 2.2548015e-09 6.197208e-07 4.622213e-07 3.754676e-07 1.6117912e-08 6.6487764e-06 2.0525543e-07 4.013082e-06 2.1425618e-07 1.5401037e-09 1.1081619e-08 2.6906738e-08 1.9455676e-08 1.4261606e-08 0.00030510247 5.888815e-10 1.1601169e-07
0.8742355 0.6518592 0.009413487 0.023213062 0.0011615551 0.0011735217 0.8842042 3.6613706e-05 0.24900605 0.06616464 3.5697194e-05 0.8354282 1.8532199e-05 0.35951442 6.873488e-05 0.99195325 0.00025595186 6.114363e-05 0.57224596 1.0275686e-14 0.0016335755 0.050978757 0.008324782 0.10196019 0.00026178706 0.0034617244 0.00043148958 0.0023979316 0.0010417505 3.1425247e-05 0.10070646 0.0062627317 0.00034737005 0.004512056 0.050347228 0.04364997 0.00081135175 1.8402311e-07 4.8546205e-08 0.05120119 0.0016123682 0.0022352214 0.00069614215 8.8677234e-09 0.00090426503 1.4954385e-05 1.7875597e-06 0.0010291073 0.0061063888 7.164474e-05 0.9841202 1.946389e-05 0.12276628 0.00029736984 1.2241533e-06 0.00029803364 0.00040964643 2.9972643e-06 1.8065906e-07 0.008708261 0.0117921755 5.1992558e-08 0.5955969 0.8415764 0.31007642 0.0008284106 3.8261624e-10 0.8592384 0.0002385918 2.1892259e-08 1.3767225e-08 7.4897883e-07 0.8813384 8.937772e-08 0.637896 0.0004816824 6.723801e-10 7.617337e-06 5.365134e-07 0.49676803 4.2264028e-07 0.0599311 1.587636e-11 3.862162e-05 6.6752363e-12 2.2114428e-09 0.0002269752 4.5611017e-05 2.6206968e-05 1.5974992e-05 3.3278473e-06 0.00029651404 1.7127652e-05 1.349976e-06 0.00016059732 3.6599184e-05 2.1616524e-06 1.3669863e-06 1.4494908e-05 3.6641004e-06 0.00023044292
0.9231024 0.015109091 0.05356139 0.8689031 0.0035071527 0.0009050406 0.04561543 0.0022718213 0.0021443733 0.007761038 0.0009025234 0.03728504 0.001762095 0.36594403 0.00052280846 0.0021937073 0.036691707 0.12198714 3.571296e-05 0.0016335755 9.857155e-13 0.10832732 0.04282411 0.00018871734 0.98730946 0.00017167562 1.7161809e-05 0.9137974 0.12212663 2.6572212e-05 0.98515576 0.022081431 0.091051586 9.927994e-06 0.5081157 0.59911084 0.008806518 2.2157432e-05 0.00019801132 0.0034765264 0.49503425 0.108826235 0.28467867 2.243912e-06 0.0017599007 0.0075292108 2.482099e-05 0.002894719 1.092473e-07 8.4723155e-07 1.03800485e-05 4.964213e-06 2.9002438e-05 0.001149086 3.0761123e-06 0.76503205 1.3936759e-07 2.3686593e-05 0.0023732313 0.36925864 0.76355565 0.03956076 5.3577765e-05 8.065913e-05 7.696903e-06 0.1696515 0.0056049805 2.2769595e-05 0.02448913 1.1025855e-08 3.4107552e-07 0.0013269322 2.1528276e-05 1.163626e-07 3.3127305e-06 0.04844107 8.00434e-07 0.0095185805 0.000934941 1.1029989e-06 0.0024761462 6.147925e-07 3.1430564e-10 1.286617e-07 4.0832351e-10 8.422798e-10 1.5656575e-10 0.0025419702 8.472057e-09 1.14445696e-10 0.004500375 0.0005413483 0.0001682593 0.0026994245 5.7934826e-06 0.0047252784 0.00252564 0.00084480667 0.00015735027 1.6582864e-06 0.0024144924
0.99680823 0.005401493 0.0022116953 0.005800803 0.002360611 0.0012999536 0.42953238 0.00023952173 0.46477535 0.024234885 3.018985e-05 0.09343623 1.2200257e-05 0.9358698 0.00024387325 0.06702503 1.3579215e-05 0.00030687902 0.011221037 0.050978757 0.10832732 1.1228389e-07 0.8871484 0.0053531886 0.0015691294 0.001576531 0.00010246098 0.7042467 0.8280351 0.00022005758 0.13504745 0.9362541 0.27874243 0.00010348928 0.010267765 0.81031203 0.52683324 8.098284e-05 4.5295357e-05 0.8451654 0.09129536 0.058878392 0.3033872 1.1194528e-05 0.2243723 0.06947525 1.2910161e-05 0.1478819 3.0659656e-05 0.00023015741 0.014868593 0.00049134577 0.7239858 0.03920474 7.512029e-05 0.0023987722 2.0662334e-05 3.1884174e-06 0.00010005131 0.015156319 0.063301355 2.1832204e-05 0.72900164 0.2522622 0.08770498 0.0049348576 1.392532e-07 0.0031288199 0.0053755264 8.754346e-07 2.555225e-05 2.5336985e-07 0.17501526 3.0366278e-05 0.011157215 0.0017766852 1.05656245e-05 0.004270951 4.5585264e-09 0.11036536 1.1074284e-05 0.0269591 1.1251832e-09 0.037253283 1.7134316e-07 5.9793297e-07 0.0036123376 0.00010215238 0.6768075 0.00040117468 4.9965645e-05 0.001891193 2.6542126e-05 3.6043054e-06 0.0013903145 2.232657e-05 4.700997e-05 7.651315e-06 1.8703552e-07 5.3556672e-05 3.5831185e-06
0.95709014 0.0009046566 0.0008507732 0.019850386 2.4049647e-05 1.8391209e-05 0.09411515 2.1611206e-06 0.020148546 0.000482245 2.4200724e-06 0.015719984 2.221447e-07 0.98176086 9.401707e-06 0.0036074333 6.3121726e-05 0.00010481819 1.0190275e-05 0.008324782 0.04282411 0.8871484 4.4351613e-13 0.0005561402 0.0050653275 2.4116942e-05 1.5889812e-07 0.23542699 0.92416173 4.005746e-07 0.27901587 0.97502875 0.86756265 4.7361123e-06 0.01341887 0.50190204 0.879159 1.3002149e-07 9.183364e-08 0.8675698 0.09545748 0.23335505 0.44385043 3.921886e-09 0.29369196 0.24856958 2.6845429e-08 0.38076285 2.5604975e-06 5.97535e-07 0.0011272003 3.025695e-07 0.32654205 0.037255283 2.728422e-07 0.0071105845 2.7881942e-08 1.3244251e-07 6.948471e-07 0.048800904 0.2386667 2.1742767e-06 0.040383246 0.03715494 0.005847884 0.008480558 3.1255076e-06 0.0006324954 0.019902943 9.471961e-09 5.819562e-07 8.388258e-06 0.0018869432 1.16471064e-07 0.0004891796 0.012374031 7.3710686e-07 0.0056413743 4.300189e-06 0.0054214527 5.765978e-06 0.0044013197 4.987307e-10 0.0027644897 5.1334333e-11 3.4839482e-09 6.2580126e-05 0.0013777657 0.06677159 1.96711e-05 0.00075570244 0.00022831034 4.894995e-05 7.500997e-05 0.0050018383 0.00018025764 0.0002436445 5.329987e-05 1.1440539e-05 0.00028325344 0.0004518153
0.8478101 0.81078994 0.36981574 0.05742083 0.7333805 0.9521825 0.1588993 0.008394657 0.0024853265 0.9151182 0.04701642 0.72808856 0.014941812 0.01189235 0.49924737 0.072866336 0.0031134223 0.00025172453 0.9719956 0.10196019 0.00018871734 0.0053531886 0.0005561402 1.140138e-15 7.40806e-05 0.6612696 0.045153767 7.0814785e-05 1.4176497e-05 0.010006711 0.071679674 1.39327585e-05 5.2000166e-07 0.9902707 0.024321482 0.016255675 7.793189e-06 1.8991717e-05 2.0756415e-06 0.00016628411 4.421867e-05 4.2028172e-05 1.2880812e-06 6.364529e-08 0.00014245854 1.0175897e-08 3.344511e-07 5.6544405e-07 0.91609544 0.0016162014 0.041741822 0.000107323205 1.5864345e-05 1.1018014e-06 3.5540223e-05 6.924941e-05 0.036314923 3.9252145e-06 9.410897e-09 0.004559175 0.008348406 1.07709816e-07 0.00016051771 0.0015806725 0.00015061263 0.00038411294 6.247388e-10 0.31531116 0.00011316505 9.137465e-08 3.886131e-08 1.0737792e-07 0.0045683607 2.6379698e-06 0.0019083784 9.488834e-05 2.7833337e-07 3.3684813e-08 6.1106405e-08 0.0007741374 8.5432275e-09 3.4490586e-05 3.9205525e-10 5.2794024e-07 1.9708464e-11 7.360388e-08 1.0110047e-07 1.4404302e-05 4.160557e-09 5.014781e-07 6.5040367e-06 4.0660057e-06 8.580269e-08 7.7362806e-08 2.310041e-07 2.4274693e-06 1.6205366e-08 2.9911231e-09 6.720101e-05 4.488891e-08 2.632373e-06
0.9562573 0.0005470533 0.050587792 0.88526666 0.0017345404 0.00073451997 0.0035316085 0.005660565 0.00028414468 0.0043764575 0.0018251577 0.013594656 0.004447832 0.07083919 0.0006315605 0.00071869814 0.14484009 0.6705786 2.3359732e-06 0.00026178706 0.98730946 0.0015691294 0.0050653275 7.40806e-05 4.3763267e-11 0.0010652733 0.00017800949 0.19762956 0.0053114714 0.00019732513 0.4509312 0.001968496 0.009569793 1.4722356e-05 0.90476674 0.035470318 0.0007617475 0.00013491407 0.0020071394 7.183138e-05 0.03095464 0.008594554 0.018174129 0.0003241675 0.00023061859 0.0008430024 0.0009845663 0.000323066 2.8031957e-07 1.9077324e-05 3.8986705e-06 0.00018543877 5.518656e-06 7.557428e-05 3.2999083e-05 0.9636058 5.198812e-07 0.0006558063 0.12997848 0.64988846 0.53992367 0.82956177 2.116044e-05 7.2149214e-06 2.1713115e-06 0.28792587 0.5521145 1.8177532e-05 0.0066645746 3.791418e-07 9.328262e-05 0.016821485 4.389605e-06 2.6566207e-05 1.1291266e-06 0.04289177 0.00052642345 0.0017308894 0.022824204 2.749491e-07 0.28772685 2.2882179e-07 1.406579e-06 3.7551777e-07 2.4407413e-05 5.7796456e-07 4.695584e-09 0.0017019106 4.120132e-09 8.348254e-09 0.004798256 0.00013390962 0.00044852222 0.006331587 4.699919e-06 0.026720142 0.0057588047 0.0011519965 0.004356183 3.924114e-06 0.01307773
0.8127197 0.016894404 0.67189544 0.16187239 0.7967572 0.9491568 0.011977984 0.45707226 0.00026533834 0.028597383 0.71687746 0.042082153 0.3192839 0.001268288 0.97577006 0.001818017 0.035592932 0.0022261492 0.046170685 0.0034617244 0.00017167562 0.001576531 2.4116942e-05 0.6612696 0.0010652733 5.4828475e-10 0.98602545 5.567892e-05 6.631346e-05 0.34894043 0.017608084 5.227496e-06 1.6001942e-06 0.9498105 0.14098561 0.0012673461 2.0060992e-05 0.010532039 0.00055273686 2.6690095e-06 8.294228e-05 0.00010451693 9.360884e-06 9.643037e-06 0.00012186681 8.443794e-07 0.00050537084 6.9974712e-06 0.0700551 0.014807136 0.0006516038 0.0025944766 9.825373e-06 3.3539159e-06 0.0010821614 0.00058848126 0.16771774 0.0008043263 5.5511908e-05 0.006375188 0.004047762 0.00056820834 3.848626e-06 4.068219e-05 7.3146794e-06 0.0013655343 5.4163092e-08 0.019685812 0.00020462717 0.00010612588 7.205965e-05 0.0005796269 0.00015516672 0.000124785 1.7048435e-05 0.0002803649 2.47139e-05 2.9890103e-07 6.1351755e-05 2.3069699e-05 3.1541294e-05 6.6688335e-07 2.6158449e-09 1.0365249e-07 2.3738139e-08 9.596177e-06 8.649849e-10 1.2074863e-05 1.9709463e-09 4.369234e-09 3.5690744e-06 8.556977e-05 5.408402e-06 3.6885863e-06 1.4527574e-06 6.688375e-05 1.7418174e-07 7.781194e-08 0.00052895606 3.6380536e-07 0.00013398333
0.5007514 0.0007608799 0.48675647 0.06484398 0.3606494 0.6802753 0.00078783516 0.6441364 2.8607612e-05 0.0022510623 0.80984575 0.0077556325 0.52496016 1.3144179e-05 0.95855016 0.00017526091 0.06277557 0.0044345935 0.0012269759 0.00043148958 1.7161809e-05 0.00010246098 1.5889812e-07 0.045153767 0.00017800949 0.98602545 3.7082154e-15 4.6301324e-07 3.9999054e-07 0.99614847 0.0024562092 1.830693e-07 1.566538e-07 0.22451325 0.035263415 0.00010130804 3.4631043e-06 0.023616541 0.002664775 3.344798e-07 4.8907045e-06 1.409245e-05 7.301531e-07 4.364599e-05 2.0662177e-05 1.0411828e-08 0.0021133176 1.324646e-07 0.0053119245 0.054740213 2.6475233e-05 0.012856954 5.0612584e-06 8.8853355e-08 0.0028036784 4.541084e-05 0.1717878 0.0008550243 1.1877812e-05 0.00033569083 0.00059881865 2.8480212e-05 1.9141491e-07 5.4620995e-07 1.8054168e-08 0.00017409863 1.9440467e-08 8.104449e-05 3.7477669e-06 4.2691852e-05 7.049741e-05 0.0002838516 2.040161e-06 0.00011111529 9.582138e-08 5.2983472e-05 8.823983e-05 9.2281294e-10 1.6652277e-06 1.4388657e-08 1.1973202e-06 1.0930519e-08 1.0165019e-07 9.838143e-10 8.148531e-07 1.0277056e-05 6.9067283e-13 5.843785e-08 1.04169826e-10 7.465552e-12 1.5040169e-07 2.0566388e-06 8.909025e-08 2.2063437e-10 1.4759621e-07 3.046426e-07 3.6948002e-08 1.0210653e-09 2.0191287e-06 2.8106465e-08 1.5202575e-07
0.95560133 0.0045049745 0.0031406481 0.057184286 0.0005260059 0.0001328047 0.03284405 8.9191126e-05 0.0030686439 0.0045633162 8.2051614e-05 0.009274402 0.00010826145 0.39093494 2.8046852e-05 0.0016035322 0.0024523681 0.004743994 8.647121e-06 0.0023979316 0.9137974 0.7042467 0.23542699 7.0814785e-05 0.19762956 5.567892e-05 4.6301324e-07 6.3222593e-14 0.4723409 1.7728826e-06 0.6163072 0.077015884 0.6196718 3.1836396e-07 0.044322547 0.9599507 0.06919657 4.1121652e-06 5.5395158e-06 0.031205222 0.94842166 0.922211 0.9681466 1.2713947e-07 0.026836708 0.14479275 1.0893182e-06 0.021652473 1.8675196e-07 7.1530445e-07 6.457864e-05 1.957408e-06 0.0008962129 0.0108043365 1.4911283e-06 0.2873841 9.027373e-09 2.015087e-06 1.1896868e-05 0.12673564 0.6835704 0.0023642036 0.00081567775 0.00093449536 6.9050846e-05 0.061318282 0.00092854997 2.4507372e-06 0.061767817 1.9032835e-09 1.8907998e-06 0.00013443502 2.8445442e-05 1.104354e-07 1.186598e-05 0.021955974 1.4051337e-06 0.05001341 0.00011405575 8.060675e-05 0.000102485414 4.3231477e-05 2.382401e-11 1.311453e-05 1.6196759e-10 4.1511775e-10 1.3627032e-09 0.0032563047 0.00013163906 6.8374315e-09 0.0032850394 0.0025744925 8.192892e-05 0.0013116545 6.0558734e-05 0.0022445563 0.0032764538 0.00030409562 1.8597317e-05 0.00020529862 0.0004939797
0.9892257 0.0006434154 0.00015322317 0.010415356 2.2146921e-06 1.1815397e-06 0.018609323 3.638085e-07 0.0021495523 1.600044e-05 3.729122e-07 0.0016242649 2.7977873e-07 0.51486444 1.6426276e-07 0.00043540268 7.66903e-06 6.1519345e-06 2.835488e-06 0.0010417505 0.12212663 0.8280351 0.92416173 1.4176497e-05 0.0053114714 6.631346e-05 3.9999054e-07 0.4723409 2.7779914e-12 6.2625315e-07 0.5251109 0.68817556 0.9834991 1.7761599e-07 0.03339361 0.80012226 0.9106578 5.4309787e-08 1.89913e-07 0.41852942 0.3408431 0.53881514 0.6326629 1.628965e-09 0.5819824 0.49720973 7.994621e-09 0.30130827 1.1117425e-07 2.335218e-06 6.170152e-05 2.225384e-06 0.07879143 0.10328746 1.1166661e-06 0.01522148 5.391734e-09 2.2684588e-07 8.020042e-07 0.0736804 0.49211225 1.0204941e-05 0.0061586592 0.0061566653 0.0018799265 0.012284067 1.2646825e-06 0.00010400833 0.04441262 3.772137e-09 6.121323e-07 2.456819e-06 6.7554414e-05 3.694758e-06 1.9845189e-05 0.009522107 2.1647809e-07 0.016032662 2.2026836e-06 0.0009691846 1.2765875e-05 0.0011866281 6.7477908e-09 0.00075033976 9.0252965e-11 2.0158557e-08 3.57583e-06 0.0005627178 0.014195667 3.8998937e-06 0.0006715254 0.0006730552 0.00015856427 0.0007531461 0.0038171376 0.0005458939 0.00039038292 0.00079024804 1.0187612e-05 0.0012428743 0.00047758128
0.67198545 0.00024103481 0.6720769 0.2626313 0.16347538 0.49736732 0.00030329858 0.92827016 2.0898926e-06 0.000409749 0.9684638 0.0018936294 0.8364108 1.9719005e-06 0.92914855 1.6810925e-05 0.39719725 0.030072764 0.00022486527 3.1425247e-05 2.6572212e-05 0.00022005758 4.005746e-07 0.010006711 0.00019732513 0.34894043 0.99614847 1.7728826e-06 6.2625315e-07 1.2945671e-12 0.004571682 3.145106e-07 1.2095821e-08 0.118997246 0.04538637 0.0002619369 7.9085675e-07 0.2470519 0.0081555955 9.281642e-08 2.4017202e-06 1.4783741e-05 1.694847e-06 0.00064063864 1.6021497e-05 4.7749626e-09 0.0091720885 2.3219712e-08 0.002189595 0.92651606 2.0337282e-05 0.34563458 2.3481222e-07 5.9499914e-08 0.03409918 0.00037624966 0.30206665 0.008416114 0.0003768743 0.006153202 0.0016379748 0.0002297462 4.573916e-09 1.357542e-07 1.3117642e-07 0.00070284033 8.711512e-09 0.00043443753 4.485778e-05 0.0042568264 0.002040062 0.0018776456 2.799099e-06 0.00264693 3.9855655e-07 0.00019209879 0.002389876 2.6106276e-08 5.6944213e-05 3.463182e-07 5.1781267e-06 1.479529e-07 5.7215e-06 1.5007728e-09 9.329201e-06 0.0006165167 8.9046805e-11 7.411455e-06 1.1025949e-10 2.7611008e-10 2.8369057e-06 5.0336575e-06 7.8821165e-07 9.6438185e-08 2.0740237e-07 8.913395e-06 6.565171e-08 3.0111767e-08 0.00046478244 2.7176334e-08 3.3481014e-05
0.99523073 0.14365555 0.21203093 0.60602 0.1891313 0.035704646 0.51415664 0.022045618 0.061083462 0.15984398 0.039482392 0.3731791 0.050922804 0.63103807 0.06894687 0.21327625 0.117107764 0.13858224 0.02909171 0.10070646 0.98515576 0.13504745 0.27901587 0.071679674 0.4509312 0.017608084 0.0024562092 0.6163072 0.5251109 0.004571682 3.8594533e-10 0.26316676 0.11585664 0.0025011923 0.17204538 0.8091447 0.31028414 0.0031934923 0.0023319856 0.13159822 0.35073352 0.18560456 0.19099909 0.0013458593 0.080225684 0.101068944 0.003642359 0.031743236 1.0655846e-05 0.0050904094 0.014626571 0.0030291947 0.042777617 0.046595626 0.00029319737 0.528838 4.083246e-05 0.0022638806 0.004697652 0.5685425 0.86672914 0.0042139306 0.103521615 0.05037662 0.0041005956 0.2717731 0.0016434465 0.0011773253 0.08077224 0.000301806 0.0027928145 0.00016425062 0.05334658 0.00015283977 0.0034229197 0.0951287 0.0022749975 0.06431859 0.0002032595 0.004951185 0.00025502866 0.00068500155 4.818193e-08 9.042081e-05 1.4402743e-06 1.4823905e-07 4.2670586e-06 0.015718395 0.000550927 1.3050375e-07 0.009461847 0.0009553302 0.0005737787 0.0063597513 2.4003451e-05 0.009694942 0.0042926134 0.0016943066 9.515594e-05 0.00014226329 0.0056277867
