9.051891e-35 0.0069274907 0.007970071 0.030683367 0.010114196 0.0054252464 1.2216685e-05 0.00040398331 0.19800192 0.27921015 0.007015379 0.05375391 0.06291331 8.551641e-05 1.543583e-05 0.00021029766 0.0025335709 0.1532159 8.0746236e-07 0.045202725 0.15565152 3.55244e-05 6.0226124e-05 7.605865e-05 3.677219e-05 0.0043735765 0.07985345 0.00011299918 0.16683036 2.606677e-06 0.002684309 0.00030009798 5.5809534e-07 0.0042382195 0.009310674 0.00012014118 0.00026095277 7.017221e-07 0.0038204899 0.0029921308 7.610347e-07 0.018608013 0.03492686 0.026146596 1.0078444e-05 0.53773934 4.8683793e-05 0.0025855685 0.00023097251 2.4739e-06 0.1154855 0.0034858235 0.0008940407 4.867699e-06 2.9622825e-08 0.024097292 5.0835247e-08 3.454447e-07 5.5161705e-05 0.04996558 1.0799102e-05 0.08249363 2.9641015e-07 4.110121e-07 4.1503282e-07 8.417345e-08 1.2677268e-06 0.0006598731 7.8865334e-08 0.011151279 0.039374467 0.003275712 0.121413596 0.019357301 3.8136058e-08 1.3792746e-08 3.2438188e-09 4.2577514e-07 1.08367374e-07 9.4371035e-09 0.00025712326 4.4181576e-07 1.2020253e-07 1.2849336e-05 7.889666e-11 0.0009770861 6.240198e-09 2.4696876e-06 3.4592942e-10 1.0193535e-08 1.8997593e-08 7.049709e-10 0.0013150895 2.1345651e-05 1.3755231e-08 3.406752e-06 1.6655372e-10 1.5148723e-07 8.706898e-08 0.12099655 3.8467594e-11
0.0069274907 1.9353137e-25 0.5255929 0.23306541 0.3447705 0.25260052 0.57858056 0.41342276 0.113332614 0.11694508 0.12604548 0.033289213 0.032116253 0.15938112 0.001442643 0.08632312 0.08657341 0.009633585 0.0062801004 0.023024237 0.026169997 0.1330499 0.066105105 0.047754772 0.35034016 0.02377029 0.002315255 0.21276538 0.01368495 0.024000473 0.006203683 0.006041135 0.016868772 0.0038319752 0.012675704 0.016422026 0.016134825 0.011095835 0.00067269936 0.00071498164 0.0043503186 7.054348e-05 0.018311717 6.7704816e-05 0.009218218 0.0054538143 0.008062463 0.000120433804 0.003983341 0.02156071 0.015810147 0.0052291392 0.006663151 0.03589759 0.0034621868 2.5123993e-05 0.022045428 0.0054361923 0.0009267584 1.8173407e-05 0.0016974894 0.00033966012 0.011700954 0.0053622653 0.009660924 0.008611307 0.0022717705 1.0524564e-05 0.005751217 7.964749e-06 5.2719264e-05 1.2646494e-05 0.001449432 1.2272537e-05 0.0016659173 0.0013829594 0.0012292253 0.00035868623 0.004019724 0.00020842561 1.2761268e-06 0.00020100373 0.00017303528 8.567356e-05 0.0006932741 2.024768e-07 0.00017887894 2.5807261e-05 0.00011838508 0.00027313211 0.00019117366 0.0003861227 1.720822e-07 9.982813e-08 0.00015819768 2.0516707e-06 6.88195e-05 7.679229e-05 0.00013375455 0.00026112678 0.0010129433
0.007970071 0.5255929 6.956639e-24 0.28446746 0.46430305 0.33036852 0.40082428 0.4133661 0.26188543 0.18715176 0.17467952 0.01938885 0.059435498 0.20728654 0.0011750577 0.15357722 0.13209036 0.015843755 0.005928353 0.039693873 0.01418457 0.16420735 0.096030876 0.08876185 0.16288613 0.035863247 0.004799494 0.1844639 0.015397257 0.048293963 0.010204509 0.0029478834 0.032791056 0.0069236076 0.0066662114 0.0340951 0.027598089 0.02576129 0.0013837102 0.0010118749 0.0074195387 9.692553e-05 0.01551583 6.857493e-05 0.016386982 0.0063360627 0.016778292 8.147094e-05 0.0075690914 0.030386247 0.012731644 0.00323791 0.004329114 0.027814014 0.0029252612 6.443604e-05 0.018855534 0.0090645645 0.0015572702 4.580905e-05 0.004042132 0.00092108233 0.018296033 0.014691978 0.015722202 0.00816191 0.004870953 1.2497309e-05 0.017165149 4.2600426e-05 0.00022005253 1.5207507e-05 0.0024305838 4.7792546e-05 0.003547115 0.0030853013 0.0029470641 0.00066610356 0.0015115222 0.0017283483 3.0685528e-06 0.00035950332 0.0005901724 7.534816e-05 0.0013086838 3.8409897e-07 0.00040118428 3.5574747e-05 0.0005865502 0.0011181507 0.00061913335 0.0003116424 3.9559418e-07 6.468157e-07 0.00058119145 7.987348e-06 0.00054050644 9.4732095e-05 0.00019077153 0.00037616925 0.0015811014
0.030683367 0.23306541 0.28446746 3.8375352e-21 0.42764455 0.37285206 0.09576138 0.08496483 0.48253226 0.23984264 0.26796928 0.030220257 0.13397184 0.06273044 0.0015130402 0.08258452 0.11934616 0.049107224 0.0031892357 0.09064997 0.02582251 0.058796074 0.054062475 0.064606644 0.038380336 0.10207545 0.017244242 0.049980514 0.062636256 0.026827164 0.0363466 0.0050766505 0.021216424 0.024815716 0.011499725 0.035675954 0.03169178 0.01281702 0.005467529 0.0031028716 0.008543262 0.00017400418 0.018011125 0.00024102331 0.018394107 0.036565147 0.017743757 0.00041624205 0.0077701174 0.004524442 0.025768567 0.0045145843 0.0036695872 0.010485464 0.00049024355 4.7791364e-05 0.0015401207 0.012719969 0.0024838801 6.35698e-05 0.0048400555 0.0013305806 0.008232948 0.006566101 0.009865886 0.002151915 0.0052200486 6.0321312e-05 0.008674328 5.9455764e-05 0.0003689072 5.5270077e-05 0.014487108 0.00019121176 0.004110619 0.0041719787 0.0045844545 0.0014235898 0.00032356087 0.0012121402 3.4774726e-05 0.00081406365 0.001064674 0.00042968828 0.0006514425 3.486749e-06 0.0022254956 0.00017822572 0.00015781375 0.001543814 0.00094415795 8.8005276e-05 2.7207968e-06 3.0590393e-06 0.00086505804 6.129513e-05 0.00014992231 0.0003641063 0.0005334635 0.00249442 0.00023636961
0.010114196 0.3447705 0.46430305 0.42764455 2.5443875e-25 0.46130174 0.25115803 0.4723043 0.5517662 0.30298072 0.47540757 0.011255881 0.31677163 0.307884 0.00028037053 0.5036714 0.5102139 0.06744177 0.0016478888 0.12171167 0.0074019125 0.25297984 0.25019753 0.34798855 0.13816394 0.17166138 0.038104773 0.1593 0.05750622 0.2062016 0.052588556 0.0013279824 0.14172849 0.034277808 0.004280862 0.18322492 0.16201766 0.12402902 0.006951902 0.0030133675 0.03139021 0.00027276925 0.01090154 0.00033091154 0.052580506 0.01672094 0.0603753 0.00010991452 0.019079104 0.1704216 0.014311298 0.0026434425 0.0018276665 0.026865523 0.0010464555 8.400253e-05 0.00633832 0.028136529 0.0040968936 0.00018465662 0.011884469 0.0025991956 0.06237066 0.03137386 0.05361295 0.0072272527 0.014264009 3.685958e-05 0.02835616 5.8598387e-05 0.0005960673 2.5389452e-05 0.007961229 0.00012213989 0.009270029 0.012173789 0.011260808 0.0012798002 0.00015918245 0.0021422924 1.2277361e-05 0.00051135285 0.00082115957 0.00028228588 0.00071460905 7.261297e-07 0.00062200165 8.356244e-05 0.0009883618 0.0024665396 0.0009741817 2.7051945e-05 1.3048789e-06 1.3777785e-06 0.000796312 1.0531652e-05 0.000865871 0.00014723977 0.00030333677 0.0019971286 0.00025713502
0.0054252464 0.25260052 0.33036852 0.37285206 0.46130174 5.8038544e-22 0.14505687 0.23204792 0.36089268 0.20916 0.28156862 0.01627543 0.21733582 0.18761969 0.0020495697 0.2251874 0.19001974 0.043764733 0.007675335 0.096252866 0.009925336 0.16442572 0.1315536 0.13264231 0.087477 0.110223226 0.03525836 0.14313588 0.03801965 0.10831687 0.031417713 0.004864906 0.08554096 0.020400468 0.005618167 0.08253491 0.039948408 0.08335782 0.0076703294 0.0042873644 0.021553922 0.0008614136 0.013910357 0.0005858646 0.029841295 0.0124669215 0.030553572 0.00034527166 0.013022423 0.07371161 0.014638257 0.0040048165 0.003268167 0.028920399 0.0029052394 0.00039219554 0.008740652 0.021677023 0.004887812 0.00038326965 0.011029581 0.0052507822 0.037573863 0.031058744 0.029897755 0.0066954144 0.01301197 0.00022772365 0.033897314 0.00025532383 0.0018855284 0.00015258358 0.0057020844 0.00037730046 0.011048067 0.009449867 0.01129136 0.0024701047 0.00053528126 0.0055077053 6.650409e-05 0.0010929494 0.0024060085 0.000536998 0.0017489408 4.3624577e-06 0.0037623674 0.00015838926 0.0026714911 0.0031858236 0.0022580253 0.00014439508 6.2894624e-06 7.4431096e-06 0.0020433203 5.140352e-05 0.0031493953 0.0004227318 0.0005612378 0.0018775784 0.0006206281
1.2216685e-05 0.57858056 0.40082428 0.09576138 0.25115803 0.14505687 1.4391785e-27 0.4475735 0.017004019 0.017296353 0.089365296 0.022113187 0.011088066 0.17524791 0.0036739295 0.0356903 0.058963392 0.001383703 0.008139073 0.010168118 0.035279263 0.27934328 0.08193899 0.02224463 0.745099 0.009302411 0.0011585591 0.40837562 0.0034186055 0.026962843 0.0043852394 0.0038834617 0.01539667 0.002938248 0.0046769017 0.00938454 0.010469005 0.008379116 0.0010313572 0.00060821156 0.002561857 0.00015108292 0.005108596 6.0917748e-05 0.008673534 0.00029911823 0.008036149 4.3441345e-05 0.0033519403 0.009074511 0.0038189052 0.0017432392 0.0035830864 0.03495374 0.0033271748 8.7983615e-05 0.071826585 0.0011434541 0.00062198326 3.3647077e-05 0.0012866805 5.591161e-05 0.003958967 0.001929118 0.004498822 0.016336348 0.0006432834 1.9946378e-05 0.0011834078 6.6946955e-06 4.8230595e-05 1.2435761e-05 2.8661627e-05 2.769823e-06 0.00032689414 0.0010622866 0.0007897964 0.00043630405 0.0021782308 4.9759463e-05 1.1244105e-06 0.00023400469 0.00027935553 9.309e-06 0.0030513243 6.4516703e-09 7.99309e-05 2.7597112e-06 6.9691574e-05 0.00022915953 0.00022074344 0.0012804734 4.0938215e-08 3.593816e-08 0.00020288028 7.8976996e-07 3.5967496e-05 1.188673e-05 1.3930871e-05 1.4344165e-05 0.0036110613
0.00040398331 0.41342276 0.4133661 0.08496483 0.4723043 0.23204792 0.4475735 2.3890448e-26 0.019256096 0.014533382 0.18904069 0.003031187 0.027067281 0.7036796 0.00035335557 0.3716593 0.1632167 0.0036228255 0.0027762572 0.014653 0.0011302134 0.5448878 0.38007042 0.13077962 0.35166216 0.020925043 0.0032947622 0.2238549 0.0035318106 0.21593177 0.0058346693 0.0006508778 0.09974336 0.003393192 0.0012159157 0.04267864 0.028836887 0.062901825 0.0012836463 0.0004208561 0.016863216 7.8319885e-05 0.003201677 9.673797e-05 0.013642899 0.0002347246 0.0123435175 2.2205513e-05 0.0057678106 0.076062836 0.0026223771 0.0013917029 0.0020514927 0.023697479 0.0023214833 5.097198e-05 0.0136909215 0.0069470075 0.0009436839 4.7311532e-05 0.003269955 0.00036636373 0.032665282 0.016870445 0.029212054 0.006000703 0.0030170267 1.1168584e-05 0.012366587 2.464254e-05 5.564521e-05 1.0237771e-05 0.0003339942 1.3933648e-05 0.0028005294 0.0047323094 0.0035497055 0.0005415092 0.00024059728 0.0012376853 7.3147075e-06 0.00028082464 0.0004948751 5.838162e-05 0.0014601042 1.9216499e-07 0.00011475797 1.9946909e-05 0.00069893914 0.000591939 0.00044528017 9.34838e-05 7.2496385e-07 1.4972456e-06 0.00051224435 1.1482557e-05 0.00022214696 6.653747e-05 0.00011211019 0.00010181207 0.00037409482
0.19800192 0.113332614 0.26188543 0.48253226 0.5517662 0.36089268 0.017004019 0.019256096 2.573821e-17 0.81503403 0.48839867 0.0033397332 0.41289175 0.018948713 0.00011036293 0.018133825 0.21081254 0.13851747 0.00013021565 0.16414177 0.0013742979 0.013333586 0.01953731 0.021212572 0.0051035704 0.058660414 0.047595106 0.0072050584 0.33086774 0.00806882 0.027611569 0.001981326 0.0068342774 0.026455583 0.00090534106 0.013820596 0.013980278 0.0033038808 0.014673717 0.009730771 0.006080399 0.0020326474 0.00086832664 0.0018383554 0.009730771 0.075761594 0.009634512 0.0024267565 0.0071235825 0.0038718688 0.05432904 0.0003320328 0.00057101646 0.012865626 0.00025213993 0.00039152754 0.0016251173 0.006437088 0.0025213072 0.00013037259 0.0039898427 0.00031459538 0.0077075134 0.0069746464 0.009811703 0.0043891426 0.0035542124 0.00046999817 0.006474684 0.00017324813 0.00017143317 0.0005287074 0.005505368 0.00020017542 0.004203381 0.013288516 0.012015349 0.0018151705 3.753753e-05 0.0011412132 0.0005028874 0.0012481418 0.0012405491 0.0011495821 0.0013970839 6.5698274e-05 0.00364944 0.00034417986 0.0018730205 0.0016828602 0.0015610744 0.00021708127 2.2650735e-05 0.000130623 0.0017263963 0.00030343398 0.0022047076 0.0009961203 0.0014897432 0.005129067 0.0005190314
0.27921015 0.11694508 0.18715176 0.23984264 0.30298072 0.20916 0.017296353 0.014533382 0.81503403 3.498442e-18 0.1268351 0.0086219115 0.06500294 0.016471952 0.0003100026 0.009818658 0.029824078 0.01699746 0.00022885008 0.020753602 0.032536685 0.01183882 0.011768914 0.014273786 0.008178731 0.0108202305 0.0059332144 0.010787786 0.03780153 0.0051885303 0.008276391 0.0009073352 0.0033083379 0.006685917 0.0004915335 0.006637133 0.00634228 0.0017275072 0.0045258487 0.0034956273 0.0068786824 0.0001971077 0.0035435515 0.00020898532 0.005143498 0.006471443 0.004495352 0.0006052957 0.004340675 0.003065267 0.13814944 7.667733e-05 0.00050429895 0.022710366 0.0004035128 5.3464508e-05 0.0052014533 0.0031749986 0.0015722796 2.6845879e-05 0.002765298 2.1920832e-05 0.005766039 0.00887837 0.009353642 0.007763143 0.0032521347 3.2280375e-05 0.007887708 2.6766986e-05 1.7992608e-05 2.442914e-05 0.00064686604 1.23410455e-05 0.0026814293 0.018145492 0.01905935 0.0019153226 3.3383607e-05 0.0010865942 1.2215764e-05 0.0011929522 0.0014259486 0.00018036082 0.00384887 1.2426734e-06 0.0015648002 5.341854e-05 0.0015457851 0.001713333 0.0015860769 0.0007622002 2.825133e-07 2.1250848e-06 0.002126345 2.0260331e-05 0.0016270803 0.00043308898 0.0009964214 0.0002753591 0.0020774526
0.007015379 0.12604548 0.17467952 0.26796928 0.47540757 0.28156862 0.089365296 0.18904069 0.48839867 0.1268351 8.048783e-24 0.0071369377 0.46024162 0.17132507 0.00033687003 0.33329463 0.47114438 0.15281172 0.0009650863 0.27873728 0.0042591854 0.0989544 0.13567992 0.31847075 0.034003496 0.35693887 0.109057985 0.04139764 0.16043825 0.13702856 0.15419358 0.00061840017 0.12924379 0.0989694 0.0035749236 0.28164423 0.26159966 0.14134742 0.039784204 0.027028112 0.039625444 0.002434436 0.009740438 0.0027151972 0.0739843 0.034985527 0.10008209 0.0020124274 0.053387806 0.06140381 0.011342878 0.0032541482 0.0016171526 0.010200184 0.00081780495 0.00043999453 0.0014102951 0.047018122 0.024259206 0.0009162379 0.033076823 0.005644071 0.032510582 0.031687584 0.026502173 0.0033523235 0.030976804 0.0002452273 0.036630638 0.00046881344 0.0026565942 0.0001427738 0.014677356 0.0007743748 0.015663164 0.01064057 0.010608359 0.002940698 3.9580853e-05 0.0043539875 0.00027505495 0.0015633726 0.0020705822 0.0012310342 0.0004061102 1.3344881e-05 0.0020643075 0.0006521845 0.0008069336 0.00503804 0.002030975 1.47634655e-05 1.982941e-05 4.4067536e-05 0.0019673954 0.00020122298 0.00090952736 0.00067430636 0.0010898088 0.005647621 4.3442422e-05
0.05375391 0.033289213 0.01938885 0.030220257 0.011255881 0.01627543 0.022113187 0.003031187 0.0033397332 0.0086219115 0.0071369377 3.9985348e-17 0.0027756365 0.0026878493 0.783862 0.0017273976 0.008155483 0.0013557917 0.4027615 0.005391545 0.78275293 0.0014993269 0.002329924 0.0033550102 0.009471282 0.008886773 0.00017084852 0.0078039616 0.0007324107 0.0005072395 0.006214531 0.35948956 0.0009037184 0.004665486 0.3416291 0.0039543672 0.0049313386 0.0009143324 0.0005654649 0.0005876684 0.0010793862 1.722336e-05 0.2456013 3.6568345e-05 0.0055057644 0.0002554634 0.004813431 0.00039124294 0.0045589255 0.0004676812 0.08713419 0.046103146 0.06308597 0.007537098 0.021895789 6.4523074e-06 0.0117219025 0.0019702644 0.0013852324 1.1085494e-05 0.0021087534 1.9609552e-05 0.0014195795 0.00094752974 0.0013507268 0.009348835 0.0019914617 1.885167e-05 0.0013314069 7.903557e-06 2.6069793e-05 1.9879664e-05 0.00012384722 2.6760554e-05 0.0005165446 0.00073579914 0.00051791145 0.001206137 0.0041449815 2.8460068e-05 1.4832307e-05 0.0006095726 0.0005236725 0.00038899315 0.0038434877 2.0380587e-06 0.00012095349 0.00013434312 0.00017899461 0.00034146936 0.00053585105 0.021992305 6.361662e-07 1.7980266e-06 0.00043083087 3.4224628e-05 9.2654016e-05 0.0007426104 0.0007876335 0.0003308317 0.005801855
0.06291331 0.032116253 0.059435498 0.13397184 0.31677163 0.21733582 0.011088066 0.027067281 0.41289175 0.06500294 0.46024162 0.0027756365 1.4405724e-21 0.034993526 8.550239e-05 0.10086106 0.2651275 0.3260845 0.00065205415 0.519618 0.0018252255 0.02725149 0.055736795 0.13402025 0.0059939455 0.2849772 0.14085212 0.009392916 0.38914832 0.03823671 0.17539807 0.0002241354 0.043855093 0.16744918 0.0019257927 0.14883588 0.111024864 0.04353987 0.095059864 0.064352095 0.023806509 0.007456951 0.0068013705 0.0063845604 0.04688905 0.19437769 0.05977339 0.007949431 0.044969976 0.004455123 0.015547461 0.0017313451 0.00031345675 0.0048805266 8.825144e-05 0.0019925807 0.0006556355 0.03494501 0.016962143 0.0020718414 0.0234738 0.0045691016 0.0119181955 0.021249589 0.014940059 0.0024475013 0.015648771 0.0006533059 0.028656695 0.0010660273 0.0030019016 0.0004512979 0.04126896 0.0013487756 0.016922912 0.006522485 0.005212105 0.0048883827 1.2009895e-05 0.0070725563 0.0011467871 0.0030470116 0.0034319726 0.004600423 0.00077038724 0.00011238552 0.0042103636 0.0015817514 0.0010771891 0.009006233 0.0043182243 3.702082e-05 0.000107197084 0.00022171288 0.0048234137 0.0012013413 0.0017334118 0.0017533156 0.0023593665 0.020350084 0.00010395329
8.551641e-05 0.15938112 0.20728654 0.06273044 0.307884 0.18761969 0.17524791 0.7036796 0.018948713 0.016471952 0.17132507 0.0026878493 0.034993526 1.6224773e-25 0.00039648084 0.4085822 0.16643889 0.006593457 0.0018147759 0.021100592 0.001298406 0.5066103 0.4735238 0.18709691 0.16646147 0.031540446 0.0051168604 0.20587206 0.008030319 0.27268636 0.015107306 0.0004320533 0.12631796 0.010120511 0.0011490176 0.05924215 0.042251702 0.08397032 0.0033533678 0.0026688187 0.021431355 0.0014529293 0.0041449084 0.0012455607 0.013116268 0.0010622486 0.012652202 0.0007158979 0.0064877444 0.15937786 0.0053608925 0.0022127763 0.0012827347 0.03160913 0.0018191988 0.0020753625 0.014693602 0.0034843066 0.00095392636 0.00059292436 0.002244902 0.0018689987 0.05016453 0.019549511 0.053303506 0.008558944 0.0018438501 0.00048249506 0.01112604 0.0003668347 0.0011362769 0.00034915542 0.0008375065 0.00020369863 0.0029425523 0.009627656 0.007932397 0.00058791676 0.00018656123 0.0016057834 0.00010142549 0.00042471633 0.0005902068 9.714448e-05 0.0015556582 1.7961929e-06 0.0008781743 3.4610523e-05 0.00071171374 0.00086905155 0.0004732674 9.2879956e-05 3.1533336e-06 4.9980013e-06 0.0004594876 2.9429117e-05 0.0003265997 7.474005e-05 9.379966e-05 0.0003551495 0.0004007615
1.543583e-05 0.001442643 0.0011750577 0.0015130402 0.00028037053 0.0020495697 0.0036739295 0.00035335557 0.00011036293 0.0003100026 0.00033687003 0.783862 8.550239e-05 0.00039648084 1.2294379e-25 2.449166e-05 2.3278626e-06 4.8625816e-06 0.88488 9.2222144e-05 0.17566623 0.00040457206 0.0004572737 1.9810366e-06 0.00016318192 3.0468504e-05 1.1845566e-06 0.00017799897 2.0435522e-05 0.00010034658 1.5329857e-06 0.67625237 3.193285e-05 8.0071345e-07 0.46636754 5.045226e-06 1.9227177e-06 3.2659032e-06 7.659069e-08 7.659331e-08 1.641087e-05 9.2551424e-08 0.047384743 1.11313874e-07 3.133012e-05 2.9186442e-06 4.0152836e-06 7.353161e-08 2.2408108e-06 2.0136597e-06 0.006537805 0.1453635 0.34197485 6.555389e-05 0.16135696 4.025121e-08 0.0011097603 1.2167537e-05 3.8381188e-07 5.7117685e-08 3.6546027e-07 1.3714821e-06 1.4913758e-06 4.7102485e-06 2.4286664e-06 0.00041462682 8.2352636e-07 2.9016574e-09 7.464378e-06 1.0323244e-07 1.8668874e-07 1.2664591e-08 1.3482473e-07 8.561127e-08 4.678815e-06 6.366347e-07 3.066109e-07 1.4533028e-07 0.085544445 2.2797992e-07 7.843576e-10 2.1243935e-08 2.9760432e-07 5.475524e-09 0.00058024464 4.4008713e-10 3.0500988e-10 1.2769149e-09 2.4069779e-08 1.4010178e-06 4.4577428e-07 0.079956256 1.0150124e-10 1.3479265e-10 4.3097856e-07 2.3513524e-10 2.2634374e-08 2.3141322e-08 3.331429e-08 2.1446272e-08 0.0018695317
0.00021029766 0.08632312 0.15357722 0.08258452 0.5036714 0.2251874 0.0356903 0.3716593 0.018133825 0.009818658 0.33329463 0.0017273976 0.10086106 0.4085822 2.449166e-05 1.3149951e-25 0.56456095 0.017665338 0.00036908773 0.061913237 0.00019570011 0.2515438 0.4287702 0.7133992 0.04649218 0.11098016 0.020252101 0.06435771 0.008625337 0.5319935 0.025566943 0.0003181007 0.4398397 0.01596192 0.0006652991 0.19984685 0.12903945 0.36354175 0.00701281 0.0031582697 0.076973885 0.00057602377 0.00238667 0.0005870623 0.05570316 0.0006770101 0.039859254 0.00011920781 0.0125044715 0.2714145 0.002302295 0.0007973135 0.0005495991 0.025274074 0.0010321408 0.00017727255 0.0034602704 0.019385075 0.0021498867 0.0001257233 0.008484408 0.0012679857 0.084732525 0.06904945 0.05943383 0.004156429 0.009585152 7.084139e-05 0.043461017 4.5771627e-05 0.00016393796 3.475003e-05 0.0007294193 3.717653e-05 0.007763762 0.00979709 0.00870477 0.00045145542 2.675849e-05 0.002781531 1.5223206e-05 0.00013540544 0.00026506724 3.3677028e-05 0.000886378 6.348837e-07 0.0007778328 1.9447396e-05 0.0012782481 0.00080489303 0.0002498535 3.1836124e-05 2.4018348e-06 1.5484594e-06 0.00020669046 1.6410415e-05 0.000183101 2.0673353e-05 3.6535956e-05 0.00037969055 6.820903e-05
0.0025335709 0.08657341 0.13209036 0.11934616 0.5102139 0.19001974 0.058963392 0.1632167 0.21081254 0.029824078 0.47114438 0.008155483 0.2651275 0.16643889 2.3278626e-06 0.56456095 7.7040765e-27 0.077857986 8.3942236e-05 0.17880426 0.0030884775 0.13527782 0.19518812 0.55340976 0.04510995 0.23199283 0.0611887 0.06744349 0.046978425 0.34454942 0.047917314 7.311761e-05 0.29288298 0.031761978 0.002395021 0.3451426 0.28436714 0.33907405 0.014406441 0.010124657 0.0980723 0.0017604531 0.0051992093 0.0011349323 0.0903684 0.006743687 0.08861574 0.00086667493 0.027166812 0.30111116 0.005359236 0.0016010958 0.00061767135 0.034890667 0.00024401282 0.00038269514 0.002403219 0.05532271 0.00668526 0.00046125476 0.020433158 0.0051007797 0.1082179 0.08351499 0.083064035 0.005460582 0.023116186 0.00023610149 0.065003894 0.00018072377 0.001455581 0.00015504424 0.0040512844 0.00032804027 0.026957057 0.02651819 0.022727367 0.0011768116 4.2812862e-05 0.008543775 9.9792975e-05 0.00057967415 0.0010664173 0.00037571052 0.0009024072 5.510405e-06 0.0047172187 7.212462e-05 0.0029333876 0.0029927755 0.0009871405 1.14868935e-05 9.833726e-06 5.7429784e-06 0.0006967688 1.959583e-05 0.0018161921 3.459706e-05 7.841794e-05 0.0034933814 2.6431639e-05
0.1532159 0.009633585 0.015843755 0.049107224 0.06744177 0.043764733 0.001383703 0.0036228255 0.13851747 0.01699746 0.15281172 0.0013557917 0.3260845 0.006593457 4.8625816e-06 0.017665338 0.077857986 1.2191776e-24 2.8136628e-05 0.31160632 0.00049587386 0.004829443 0.011089636 0.036938567 0.0008323079 0.1467708 0.25292587 0.0012196506 0.33801273 0.006510119 0.121409476 2.5819767e-05 0.009754749 0.14061627 0.00024370608 0.05476357 0.054369338 0.008157867 0.12663387 0.09999473 0.010886817 0.04167254 0.0014334647 0.03189812 0.02810686 0.19192041 0.045799635 0.01944414 0.04895251 0.00034602074 0.011987954 5.909088e-05 6.037671e-06 0.00069840474 1.4638297e-05 0.012794511 1.6582982e-05 0.027393585 0.028743345 0.010779903 0.026900122 0.021381333 0.0012911209 0.008671756 0.0011455186 0.00011170635 0.020874351 0.003983725 0.008417869 0.0048334245 0.00778117 0.0017228033 0.10847761 0.0051097386 0.014008477 0.000466943 0.00052405114 0.005091247 1.0200405e-07 0.0048827566 0.005473189 0.0035429634 0.0043753097 0.010764852 4.9033915e-05 0.0014905995 0.0011371723 0.005386357 0.0004149779 0.007892283 0.004375763 2.8405875e-06 0.0010311379 0.0013540608 0.0047870283 0.0022204297 0.00085289864 0.0037689249 0.0044296104 0.08025976 1.0502526e-05
8.0746236e-07 0.0062801004 0.005928353 0.0031892357 0.0016478888 0.007675335 0.008139073 0.0027762572 0.00013021565 0.00022885008 0.0009650863 0.4027615 0.00065205415 0.0018147759 0.88488 0.00036908773 8.3942236e-05 2.8136628e-05 8.2893633e-26 0.00028803636 0.04527478 0.0011549826 0.0006541897 9.493622e-05 0.0016536576 0.00030314643 1.0444912e-05 0.002235004 8.0334474e-05 0.00035083247 4.6429952e-05 0.5274993 0.00010847714 2.5000614e-05 0.114510804 0.00010114624 7.561292e-05 3.4803958e-05 1.9172853e-06 2.9140049e-06 0.00021168402 2.0930922e-06 0.010622507 4.594523e-06 0.00033496902 1.9578224e-06 0.000118873824 3.7791604e-06 4.3962642e-05 0.00015479633 0.0036426194 0.022843927 0.13077837 0.00279441 0.44509178 2.1477572e-06 0.01498185 0.00010646578 1.3804466e-05 1.8253089e-06 2.0129311e-05 3.946877e-06 0.00024337883 0.00045752645 0.00049302616 0.007940029 2.709457e-05 2.1682024e-07 0.0004941154 2.26809e-06 6.268235e-06 1.1726211e-06 6.8137376e-07 3.2650373e-06 5.6265286e-05 0.00025957794 0.000219386 7.178313e-06 0.10613183 1.9958708e-05 4.0364377e-08 2.7523856e-06 1.495842e-05 1.0975666e-06 0.0109389005 1.7463854e-08 4.045434e-07 1.9539789e-07 7.929061e-06 3.139592e-05 2.3003702e-05 0.14733526 2.9199676e-09 4.5621102e-09 2.8291719e-05 3.0503269e-09 5.0869885e-06 8.9668214e-07 1.4769331e-06 1.0057689e-08 0.020932542
0.045202725 0.023024237 0.039693873 0.09064997 0.12171167 0.096252866 0.010168118 0.014653 0.16414177 0.020753602 0.27873728 0.005391545 0.519618 0.021100592 9.2222144e-05 0.061913237 0.17880426 0.31160632 0.00028803636 5.9671787e-22 0.001687203 0.011236108 0.029845815 0.10657645 0.0022991116 0.34626698 0.29616046 0.0050181933 0.33068722 0.036229942 0.30693105 0.000342943 0.04571464 0.2743033 0.002288572 0.19188067 0.16630971 0.05363906 0.20394179 0.20856297 0.035740964 0.065646164 0.005605336 0.05947977 0.10458082 0.16781312 0.15991212 0.043052465 0.11496476 0.0022832493 0.01572122 0.0020561183 0.0003718719 0.001515509 0.0003990263 0.020787785 0.00012508359 0.0857723 0.08705502 0.011562925 0.08146754 0.0321279 0.00685262 0.032003675 0.0063341414 0.0007168345 0.07184436 0.009867015 0.035480745 0.009305015 0.013911589 0.0052711396 0.07148678 0.01008443 0.042502128 0.002527311 0.0024472796 0.017094838 3.079144e-06 0.019569812 0.012260051 0.013245446 0.013618877 0.016958537 0.00018215511 0.004961248 0.0031031375 0.0096929055 0.0011778205 0.022831075 0.010491814 7.1549316e-06 0.0046786857 0.004589866 0.012439587 0.005537834 0.0021279017 0.006170161 0.008797746 0.059821267 4.7515692e-05
0.15565152 0.026169997 0.01418457 0.02582251 0.0074019125 0.009925336 0.035279263 0.0011302134 0.0013742979 0.032536685 0.0042591854 0.78275293 0.0018252255 0.001298406 0.17566623 0.00019570011 0.0030884775 0.00049587386 0.04527478 0.001687203 1.5733129e-20 0.0008169727 0.0010271928 0.00089191046 0.0067803096 0.0018773742 0.000109253095 0.006703909 0.00022299877 0.00012317383 0.0012114057 0.040085893 0.0002463468 0.0011992424 0.048420288 0.0003852254 0.0009866427 0.00017861639 0.00014783636 0.00011791928 0.00030002586 5.8981395e-06 0.24909288 1.3911475e-05 0.0005058251 6.3762825e-05 0.00050968485 6.117513e-05 0.00061583536 0.00013040505 0.2013215 0.0029573983 0.008159571 0.002418941 0.0017440333 2.1627945e-06 0.0049414625 0.0004856182 0.00014864444 9.657131e-07 0.0002769728 2.5717056e-06 0.0002591384 0.00056768616 0.00018760121 0.003804327 0.0003238832 3.0395408e-06 0.00077459944 1.173966e-06 1.6790822e-06 3.503041e-06 1.8496356e-05 1.7914746e-06 0.00024474275 0.00015777146 0.0001273502 0.0002067928 0.0005080315 1.0223175e-05 2.1793815e-06 0.00011526173 0.00010766438 7.53859e-05 0.0032057376 5.910378e-07 7.928164e-05 1.5987947e-05 5.7092224e-05 0.00012591899 0.00016444451 0.01256805 1.7009148e-07 3.9525287e-07 0.0001780397 6.595991e-06 4.0318697e-05 5.245457e-05 5.4018434e-05 5.780748e-05 0.00781345
3.55244e-05 0.1330499 0.16420735 0.058796074 0.25297984 0.16442572 0.27934328 0.5448878 0.013333586 0.01183882 0.0989544 0.0014993269 0.02725149 0.5066103 0.00040457206 0.2515438 0.13527782 0.004829443 0.0011549826 0.011236108 0.0008169727 5.0222544e-25 0.35534564 0.13377494 0.26346603 0.01910345 0.0024875368 0.3103276 0.0065352614 0.12585536 0.0075402297 0.00025922593 0.07398959 0.005514228 0.001089322 0.049700208 0.03119513 0.052813176 0.0015761814 0.0013980708 0.008742753 0.0006239497 0.0043853796 0.00062054204 0.00877714 0.0003617452 0.011644072 0.00040347836 0.00783404 0.11812351 0.0053804964 0.0013885032 0.0017200856 0.0764319 0.0018913915 0.0007731278 0.044542648 0.0027369154 0.0022691276 0.00043519842 0.0034091733 0.0009673272 0.052008476 0.01989357 0.061647017 0.026187258 0.0023152607 0.00033396235 0.015434952 0.00052417716 0.0007973751 0.00039231207 0.0003166147 0.00041996563 0.0021155828 0.026660401 0.018624878 0.000856689 0.00033708743 0.002473117 0.00018185015 0.0005729699 0.0007518927 0.00046564805 0.0041237157 1.1220661e-05 0.0009834177 0.00012860596 0.0016536877 0.00073608896 0.0005894868 0.00011076625 7.237153e-06 1.981837e-05 0.00067258516 8.899757e-05 0.001037093 0.0001431568 0.00020399589 0.00010571697 0.0008928939
6.0226124e-05 0.066105105 0.096030876 0.054062475 0.25019753 0.1315536 0.08193899 0.38007042 0.01953731 0.011768914 0.13567992 0.002329924 0.055736795 0.4735238 0.0004572737 0.4287702 0.19518812 0.011089636 0.0006541897 0.029845815 0.0010271928 0.35534564 1.2017145e-24 0.2810562 0.08883172 0.03596296 0.010650606 0.12911588 0.011925643 0.34740245 0.012136312 0.00047561867 0.19006218 0.0075912336 0.0022361274 0.09998908 0.06992981 0.13288358 0.002872785 0.0024824026 0.043260925 0.0011450642 0.0067691845 0.0011128528 0.022610368 0.0013290301 0.027650032 0.00063751027 0.010307849 0.23928511 0.010496474 0.0050971424 0.0013256813 0.04689288 0.002699772 0.0020122596 0.012352892 0.006096587 0.0023729983 0.0005743946 0.0052943956 0.0031977496 0.080187365 0.04725918 0.089321904 0.014790674 0.0032410535 0.0008625596 0.03224823 0.00070002244 0.0026399167 0.00046644005 0.0010017911 0.00054970075 0.005537288 0.02521958 0.025290735 0.000787869 0.00017674014 0.0065726675 0.0002954823 0.0005976921 0.0010879821 0.000514981 0.0022525548 1.3542771e-05 0.0063379845 0.00012408744 0.0039141034 0.0022402962 0.0014022515 0.00022383059 2.0612051e-05 2.9066845e-05 0.0014458641 0.00014724203 0.0026775578 0.00011070235 0.00012762789 0.0012815865 0.00083969056
7.605865e-05 0.047754772 0.08876185 0.064606644 0.34798855 0.13264231 0.02224463 0.13077962 0.021212572 0.014273786 0.31847075 0.0033550102 0.13402025 0.18709691 1.9810366e-06 0.7133992 0.55340976 0.036938567 9.493622e-05 0.10657645 0.00089191046 0.13377494 0.2810562 2.6944686e-27 0.022523029 0.12384336 0.03755841 0.039825287 0.01429101 0.52952677 0.043826703 7.4570184e-05 0.45041934 0.028040592 0.0013543423 0.32866156 0.20032886 0.46045524 0.01791011 0.010704748 0.10561593 0.0057656053 0.0040035225 0.0046222704 0.08079145 0.0022409072 0.08393236 0.0013228159 0.025521982 0.2688237 0.0032019643 0.0019937705 0.0009905042 0.016381944 0.00067143794 0.002856187 0.0022235427 0.02744031 0.005868762 0.0010105422 0.016298052 0.0036433453 0.09228372 0.084130935 0.06417472 0.0036746569 0.013006965 0.0006675003 0.057686783 0.00062731694 0.0025757828 0.0005650983 0.0018146426 0.0004931689 0.014394609 0.008935682 0.007970042 0.0014490541 2.3382008e-05 0.007233731 0.00017857672 0.00070854806 0.0014866777 0.0001211576 0.0006958926 7.295243e-06 0.0018179422 3.7430324e-05 0.0038503532 0.0016295137 0.0007578918 2.9501753e-05 1.5949523e-05 5.9598333e-06 0.00052451366 4.6193883e-05 0.0020420619 1.4875738e-05 2.8083681e-05 0.00092151284 5.1462037e-05
3.677219e-05 0.35034016 0.16288613 0.038380336 0.13816394 0.087477 0.745099 0.35166216 0.0051035704 0.008178731 0.034003496 0.009471282 0.0059939455 0.16646147 0.00016318192 0.04649218 0.04510995 0.0008323079 0.0016536576 0.0022991116 0.0067803096 0.26346603 0.08883172 0.022523029 1.0453869e-24 0.0023896617 0.00040017947 0.5606661 0.0022023143 0.030797344 0.0007852429 0.0009848415 0.015825262 0.00053465297 0.0019265312 0.0066777216 0.008976996 0.0133112315 9.3107614e-05 9.224185e-05 0.011974661 1.4947169e-05 0.0031411077 1.305848e-05 0.009066294 0.00012646597 0.0062518325 6.209445e-06 0.0024572914 0.035917934 0.005291826 0.002158712 0.0033453614 0.21770734 0.0022763733 2.94388e-05 0.31284648 0.0032613857 0.0010617676 3.9583796e-05 0.002055774 0.00016126616 0.020207563 0.011807812 0.041011784 0.15915856 0.0031958807 1.5243198e-05 0.006990032 1.7805305e-05 0.00011740859 1.4371469e-05 0.00015143387 1.5519106e-05 0.0022050494 0.02841482 0.015991447 0.0013544444 0.0029747125 0.0026786472 1.3578115e-05 0.00051615614 0.001874401 0.00036339433 0.04314752 1.7696875e-07 0.0008958262 0.00010159335 0.00058791053 0.002688048 0.0024944283 0.0024230194 2.7129218e-07 1.0622653e-06 0.0027038096 2.873185e-05 0.00070154417 0.0005955161 0.0005413945 2.2717235e-05 0.018051872
0.0043735765 0.02377029 0.035863247 0.10207545 0.17166138 0.110223226 0.009302411 0.020925043 0.058660414 0.0108202305 0.35693887 0.008886773 0.2849772 0.031540446 3.0468504e-05 0.11098016 0.23199283 0.1467708 0.00030314643 0.34626698 0.0018773742 0.01910345 0.03596296 0.12384336 0.0023896617 2.5153626e-22 0.18924582 0.0049978043 0.092030995 0.06396226 0.37323526 0.00034600985 0.075180516 0.30520952 0.0020410777 0.2585102 0.22979084 0.12488325 0.13673586 0.16053867 0.07195248 0.0358102 0.005971819 0.027380694 0.13639341 0.01951998 0.19882421 0.031995587 0.09607106 0.027435016 0.00779459 0.0016267832 0.0009850392 0.0044714874 0.00050772517 0.013017654 0.0004045028 0.10280256 0.084765665 0.0057301745 0.12178082 0.0153252045 0.019641213 0.049142957 0.01566474 0.0011875778 0.10777531 0.013094409 0.050957248 0.004257204 0.011481561 0.004262999 0.012667776 0.00591425 0.045685407 0.006021748 0.0056587434 0.032914925 7.0872615e-05 0.027308472 0.0055075707 0.025415055 0.027312614 0.01816814 0.0004269656 0.0012213592 0.0058326563 0.007425191 0.0044966214 0.03035795 0.025928138 1.40074335e-05 0.001148547 0.00063592027 0.025794147 0.0011904928 0.0063605066 0.008377836 0.011523263 0.016185237 4.7261157e-05
0.07985345 0.002315255 0.004799494 0.017244242 0.038104773 0.03525836 0.0011585591 0.0032947622 0.047595106 0.0059332144 0.109057985 0.00017084852 0.14085212 0.0051168604 1.1845566e-06 0.020252101 0.0611887 0.25292587 1.0444912e-05 0.29616046 0.000109253095 0.0024875368 0.010650606 0.03755841 0.00040017947 0.18924582 1.5922206e-23 0.0008574352 0.20327353 0.0096212085 0.29778263 4.8268626e-06 0.012466677 0.3273691 6.33367e-05 0.09891212 0.12783155 0.020167697 0.30672213 0.29703313 0.024724508 0.1816173 0.00077845727 0.18770944 0.09832865 0.14193112 0.16207324 0.10407318 0.16691412 0.00046683854 0.003910734 4.5389537e-05 9.8861865e-06 0.0006999216 1.7740607e-05 0.098537 5.3064432e-05 0.081892215 0.16202524 0.06678899 0.11824933 0.06930717 0.0028087858 0.023660712 0.0033398496 0.00027027048 0.0794613 0.04425482 0.021606596 0.045994196 0.04974822 0.02634718 0.1574413 0.035440102 0.051172305 0.001445846 0.0018269583 0.03346265 3.5515524e-07 0.028465593 0.037203543 0.029233668 0.030137198 0.036757547 0.00013594239 0.021111147 0.002418114 0.021101573 0.0018787624 0.034771755 0.024789775 1.2751055e-05 0.020657782 0.011537991 0.027980827 0.014564295 0.0038025477 0.014642817 0.017167734 0.09380144 1.6862756e-05
0.00011299918 0.21276538 0.1844639 0.049980514 0.1593 0.14313588 0.40837562 0.2238549 0.0072050584 0.010787786 0.04139764 0.0078039616 0.009392916 0.20587206 0.00017799897 0.06435771 0.06744349 0.0012196506 0.002235004 0.0050181933 0.006703909 0.3103276 0.12911588 0.039825287 0.5606661 0.0049978043 0.0008574352 3.0584833e-24 0.0028992083 0.047698196 0.0032221228 0.00041673024 0.024482368 0.002348547 0.0018550324 0.018078964 0.020651292 0.015060102 0.0013084024 0.0013353413 0.020610072 0.00027974232 0.0065301624 0.00016933156 0.018237144 0.00028033095 0.019551942 0.00019436392 0.014066115 0.080275625 0.008406762 0.0035582774 0.0016909329 0.2655785 0.0027583023 0.00052913814 0.29118842 0.00786235 0.006005699 0.00039228902 0.011555268 0.000969681 0.051074825 0.023137387 0.08654198 0.1822288 0.011305308 0.00019644508 0.014829515 0.00014833629 0.001255419 0.00011890489 0.00025508364 0.00011328673 0.002978748 0.06361047 0.045548283 0.0054074437 0.0007600466 0.0038693808 7.631417e-05 0.0035287384 0.0071657794 0.00047773775 0.039370157 5.847038e-07 0.0025423144 0.00018330052 0.0024732917 0.004797096 0.005466814 0.0012398992 8.824084e-07 4.140108e-06 0.005713221 0.0001364375 0.0019103569 0.0012749153 0.0018088088 5.287515e-05 0.009830183
0.16683036 0.01368495 0.015397257 0.062636256 0.05750622 0.03801965 0.0034186055 0.0035318106 0.33086774 0.03780153 0.16043825 0.0007324107 0.38914832 0.008030319 2.0435522e-05 0.008625337 0.046978425 0.33801273 8.0334474e-05 0.33068722 0.00022299877 0.0065352614 0.011925643 0.01429101 0.0022023143 0.092030995 0.20327353 0.0028992083 5.1778773e-20 0.008970899 0.06801876 0.0001974217 0.007898307 0.07935312 0.00017144199 0.019316217 0.020294564 0.0066246334 0.07085012 0.054970056 0.010735174 0.031038387 0.00013708769 0.029369209 0.016003279 0.41509324 0.021510372 0.0158175 0.022910487 0.0045528705 0.005430749 2.7365655e-05 2.8493609e-05 0.0058334153 4.241789e-06 0.0105709825 0.0010209512 0.01520653 0.01501268 0.0052208253 0.013702143 0.0021456252 0.007476038 0.012600094 0.0071450486 0.0018165922 0.0107672755 0.0065099387 0.01388308 0.0043012435 0.002868208 0.005173835 0.09390922 0.0036073765 0.012017658 0.004296488 0.0064251125 0.005328089 6.6525e-08 0.006533258 0.013548572 0.0045259567 0.0053298166 0.0076357317 0.0011795067 0.0035004213 0.0030615611 0.0043922104 0.0034117398 0.009791018 0.008122964 0.00015944574 0.0038502838 0.003354233 0.008969444 0.0030012946 0.004236161 0.0045852414 0.004684792 0.0127330115 0.00034623215
2.606677e-06 0.024000473 0.048293963 0.026827164 0.2062016 0.10831687 0.026962843 0.21593177 0.00806882 0.0051885303 0.13702856 0.0005072395 0.03823671 0.27268636 0.00010034658 0.5319935 0.34454942 0.006510119 0.00035083247 0.036229942 0.00012317383 0.12585536 0.34740245 0.52952677 0.030797344 0.06396226 0.0096212085 0.047698196 0.008970899 1.4412943e-26 0.022687329 0.0002727734 0.45920557 0.013905589 0.0005885229 0.209887 0.13906029 0.31231773 0.0051661017 0.0035474587 0.0855151 0.0008797653 0.0040337197 0.0005860476 0.039860062 0.00073528464 0.045879565 0.00040954092 0.015937513 0.23312826 0.008151035 0.0006911903 0.0005568633 0.034584843 0.00086863316 0.0008982233 0.0043214234 0.0075991256 0.0019319662 0.00047412282 0.0065949825 0.0028114738 0.06413804 0.08412302 0.068802275 0.009966662 0.00459561 0.00023180665 0.049468793 0.0005123902 0.0015266453 0.00027645478 0.0010637677 0.00036092103 0.0063167717 0.018737337 0.018015515 0.00034309708 7.151565e-05 0.0062902905 0.000108321765 0.00026558142 0.0004443982 4.1980384e-05 0.00077444577 9.18898e-06 0.005321119 2.0331832e-05 0.0032249484 0.0011074195 0.0004676059 0.00010347566 7.96851e-06 1.19855695e-05 0.0005246395 4.3069835e-05 0.0020523362 3.1185482e-05 5.2582283e-05 0.0007912733 0.00016387543
0.002684309 0.006203683 0.010204509 0.0363466 0.052588556 0.031417713 0.0043852394 0.0058346693 0.027611569 0.008276391 0.15419358 0.006214531 0.17539807 0.015107306 1.5329857e-06 0.025566943 0.047917314 0.121409476 4.6429952e-05 0.30693105 0.0012114057 0.0075402297 0.012136312 0.043826703 0.0007852429 0.37323526 0.29778263 0.0032221228 0.06801876 0.022687329 2.5235594e-23 0.00018397285 0.032749962 0.46965936 0.0012936272 0.18828528 0.19345619 0.05924603 0.3056572 0.3375277 0.057593912 0.15208972 0.004173274 0.112174846 0.18893027 0.022282697 0.34059113 0.15038425 0.22334988 0.0022675602 0.00451624 0.0016111545 0.00038233583 0.0027088514 0.00038566225 0.06318931 0.00020670485 0.193761 0.261226 0.030426519 0.26466537 0.042312335 0.0051224534 0.043603458 0.004378194 0.00059724593 0.2037622 0.046003647 0.0368678 0.019555988 0.029721199 0.017949473 0.022407584 0.018033642 0.09498785 0.0020431685 0.0018044756 0.08226293 1.875065e-05 0.036386024 0.024872426 0.07731995 0.06528129 0.03956905 0.00029680828 0.011987034 0.0012648262 0.022091113 0.0025528283 0.065039024 0.054400746 1.1491473e-05 0.010712239 0.008448607 0.052317135 0.011533833 0.0032840858 0.018035147 0.023615113 0.027881298 5.4326647e-05
