9.275219e-34 0.37211275 0.03571259 0.697878 0.07523999 0.033951793 0.18175083 0.7379028 0.014603865 0.007316906 0.0008780541 0.0036454413 0.063348085 0.42393962 0.19319978 0.10514941 0.010194689 0.009678828 0.014530181 0.05964548 0.030287843 0.002290017 0.00023008607 8.818653e-06 0.021428289 0.5644203 0.000113188784 0.000107870444 0.41213205 0.00014491212 0.9175038 5.4048163e-05 0.014814595 0.0126124285 9.353526e-05 0.00035722923 0.003749136 0.00078157336 0.016308982 0.012346308 0.0009958206 1.9015422e-05 9.102736e-06 0.0029430084 0.19445276 0.027295481 3.1494055e-06 0.07585047 0.003827594 0.023499407 2.7284092e-05 3.0302546e-05 0.0004011661 0.0004041467 0.005902459 0.0005262581 1.0602248e-06 1.3415023e-05 4.362389e-05 3.4524022e-05 6.197232e-05 0.00021803484 6.298628e-06 2.5818932e-05 6.127088e-05 1.1199627e-06 3.7567075e-05 1.5710548e-07 2.2716802e-07 5.2796597e-05 0.01803543 9.452168e-08 8.42817e-07 3.0201443e-06 2.6179025e-08 0.88846886 0.13062862 0.0054163677 3.1204847e-05 0.95109355 2.335483e-06 2.606344e-06 1.9076168e-08 6.768049e-10 7.4692416e-08 1.1888153e-06 1.8156679e-06 6.320443e-07 4.4055013e-09 0.008558637 2.7334718e-07 4.0658232e-08 9.397968e-08 7.094984e-07 7.764493e-10 2.5314076e-08 3.0977265e-08 3.3754016e-08 2.1077146e-10 1.0783514e-08 5.0571375e-10
0.37211275 4.6406623e-18 0.6903476 0.83638364 0.4526059 0.27891186 0.088352785 0.12115396 0.15200934 0.093154326 0.11324031 0.076806866 0.028526032 0.0043300847 0.002017843 0.023032364 0.003197367 0.011416051 0.011310472 0.007662152 0.0129593555 0.013057829 0.035692114 0.011403417 0.0012145245 0.00033153253 0.014228495 0.016145607 6.089657e-06 0.014682676 0.00090205146 0.013072893 0.002443835 0.002931261 0.015434115 0.08952974 0.008377046 0.013912406 0.00010528514 0.00019053098 0.00827036 0.053946685 0.029171249 0.0050701313 4.320644e-06 1.0686724e-05 0.0020234892 1.8553737e-05 0.0019438394 5.9799763e-06 0.048817847 0.028141072 0.003225182 0.003559268 2.3990431e-05 0.0001058021 0.0012909835 0.00401682 0.0041019456 0.0023876138 0.0039218976 7.651086e-05 0.0087810615 0.0037993432 0.0019179226 0.01277269 0.0018553474 0.013016754 0.008234323 0.0010842413 3.2845753e-06 0.009494049 0.009880249 0.0087030195 0.014413506 0.00031007532 4.6064392e-06 0.0019386495 0.00040569622 0.14038803 0.0027866794 0.00020418254 0.004738191 0.0076972153 0.0050659725 0.0048495755 2.7780703e-05 3.7118574e-05 0.019225178 4.330053e-06 0.0025078894 0.0024387117 0.0018420373 2.5858282e-05 0.0024113387 0.0005525063 0.00044093814 0.0011647375 0.00034521637 0.0012344895 0.0035081045
0.03571259 0.6903476 8.5059065e-18 0.049152803 0.19016053 0.74728316 0.0191761 0.004355942 0.011647954 0.02382571 0.23295757 0.016073823 0.0012339646 0.0006782748 0.23752782 0.00081520336 0.04640083 0.001005533 0.0006622995 0.0003697058 0.000864205 0.0017957631 0.023177525 0.22840172 0.038046155 0.00018782893 0.004464297 0.005340774 3.9975836e-05 0.0051961932 0.00034637566 0.004908456 0.00013095663 8.6116226e-05 0.0073105833 0.22045213 0.0016883168 0.004034014 1.5063094e-05 1.962261e-05 0.0022932834 0.31556693 0.31086037 0.00055306405 3.4856384e-06 4.37825e-06 0.027747447 1.45499735e-05 0.00041496617 5.9349622e-06 0.14620006 0.021529421 0.0023048788 0.0030375216 3.2968428e-06 4.5919318e-05 0.00753527 0.003266651 0.005016349 0.0057874285 0.0059935427 1.6523987e-05 0.004134245 0.006916905 0.0018921448 0.007238623 0.0021128189 0.0122452285 0.00629749 0.0012994038 6.4854953e-07 0.010318271 0.0055545857 0.0044881236 0.044981908 0.00011579809 2.022295e-06 0.01701841 0.0020301647 0.0022009339 0.0025363208 0.00046759626 0.0027182752 0.04343632 0.0028022723 0.0036421542 3.389946e-05 6.8428264e-05 0.025649453 2.216524e-06 0.0028694433 0.0018018995 0.0017375926 3.842793e-05 0.0016497646 0.00056233874 0.0072095264 0.001074208 0.0023786684 0.0009093974 0.0018372756
0.697878 0.83638364 0.049152803 3.803032e-18 0.26516995 0.008802216 0.33437225 0.7698616 0.14283979 0.041190956 0.016130002 0.04477709 0.08456792 0.011020533 0.00022471006 0.04244305 0.0010523711 0.040756837 0.03574937 0.022062838 0.032247633 0.03161024 0.012424376 0.0013805164 0.0008787605 0.0016733843 0.021676052 0.020411042 4.5481273e-05 0.022885205 0.0024672796 0.018471116 0.006808526 0.0048579704 0.020134028 0.016773956 0.016951779 0.022249728 0.0007378306 0.00089615263 0.017645922 0.007394004 0.0042017656 0.012194768 2.9436302e-05 6.0322003e-05 0.0012445236 0.00011354307 0.0041202134 3.6973506e-05 0.011954554 0.01962511 0.0054604155 0.0048524486 7.56176e-05 0.00030239514 0.0013451965 0.006736675 0.008916609 0.0041093198 0.0040223976 0.00026578383 0.013468114 0.007108364 0.0026830023 0.017902128 0.002632962 0.0062657846 0.011182696 0.0020188412 1.81426e-05 0.00808834 0.012481333 0.0147511745 0.0031186035 0.00073614164 1.4734028e-05 0.00033598352 0.0002001157 0.2135578 0.0038862554 0.00055407744 0.008024274 0.0035954998 0.008851415 0.0071082893 0.00018024904 9.891887e-05 0.0059668575 1.2887564e-05 0.003424056 0.0059588794 0.0059254076 0.000113793816 0.0049789585 0.0010314074 0.00033626708 0.003174007 0.00047876601 0.0047650374 0.0034081494
0.07523999 0.4526059 0.19016053 0.26516995 3.0534007e-24 0.0786247 0.10571733 0.09140964 0.34514242 0.41451535 0.32152963 0.27507645 0.019036835 0.01239619 0.030465418 0.008629742 0.0067519792 0.044621527 0.019590763 0.003228972 0.013573113 0.050315212 0.19854042 0.032284092 0.012991413 0.0031700938 0.07900029 0.089477114 0.000104407736 0.04773532 0.007662481 0.06232156 0.0011228466 0.00018994372 0.08339636 0.23561992 0.013907384 0.029699914 2.871648e-05 4.3802982e-05 0.016287595 0.15653194 0.124979235 0.006476555 0.00012111926 2.0729582e-05 0.01229601 0.00021886524 0.00085519196 1.3298966e-05 0.10809152 0.07169286 0.0037469915 0.0027542424 1.996815e-05 1.0861393e-05 0.00096185616 0.011645065 0.008759133 0.005606381 0.002986781 2.3689045e-06 0.011244014 0.004961035 0.0010002312 0.021781735 0.001141 0.014217833 0.026288917 0.00041727963 2.7117849e-06 0.018980715 0.019668845 0.013497303 0.008111599 0.00048486318 6.454265e-06 0.010159449 0.00084699417 0.0032370083 0.002748892 0.00014547526 0.01205708 0.002441256 0.00847239 0.003365414 6.5655836e-06 3.0381225e-05 0.0067127375 4.750481e-07 0.0015157633 0.0039338246 0.0032643185 2.9765324e-06 0.00572185 0.0003812066 0.0009850472 0.0015458611 0.0004045273 0.0018100338 0.0046529397
0.033951793 0.27891186 0.74728316 0.008802216 0.0786247 1.7440191e-19 0.004520338 0.0011018147 0.0034420926 0.008899839 0.10062311 0.0062089832 0.00024967678 0.0001036305 0.5573296 0.00013378568 0.15341394 0.0005920799 0.00019035679 7.909904e-05 0.0002084952 0.0014963965 0.00912427 0.34513375 0.08401753 2.425945e-05 0.004071128 0.0034591006 3.0686317e-06 0.004758385 4.8588245e-05 0.0023209564 4.5151693e-05 1.6672784e-05 0.0021796136 0.09020207 0.00067781797 0.001970162 3.768364e-06 7.3377923e-06 0.0010004044 0.19170316 0.20361003 0.00038561426 2.146597e-07 1.3491548e-06 0.09458683 1.3808158e-06 0.00033581856 3.121089e-07 0.050506685 0.007413714 0.001573929 0.002089621 1.3164472e-06 3.643335e-05 0.016302302 0.0015577195 0.0032760915 0.004111311 0.004932999 1.9845406e-06 0.0033211862 0.0049533267 0.0018198601 0.0041220975 0.0019454279 0.0039296756 0.0034465468 0.0013185203 3.8329155e-08 0.0023693384 0.0031574145 0.003177022 0.020900287 1.6418931e-05 2.1468347e-07 0.024243439 0.002056443 0.001164988 0.0020219374 0.0005958211 0.0013008477 0.031074993 0.0019244928 0.004268884 6.0293214e-06 5.0541756e-05 0.010013494 1.8817781e-08 0.0025413167 0.0013798274 0.0013352763 1.1719464e-05 0.000733343 0.0003371874 0.00804697 0.0011957189 0.0024579056 0.00083610706 0.0005724551
0.18175083 0.088352785 0.0191761 0.33437225 0.10571733 0.004520338 1.8765111e-21 0.7100808 0.112573266 0.045078427 0.010864067 0.07510628 0.34707698 0.1447115 0.0013999861 0.13858794 0.0010529554 0.17020208 0.26065952 0.12418106 0.19932222 0.1606825 0.039607015 0.0021170008 0.0011832758 0.034367885 0.12100038 0.09518331 0.0049090716 0.146728 0.0771693 0.07942656 0.04344997 0.027937543 0.05160444 0.016362628 0.07906485 0.102994874 0.010174419 0.0075664427 0.07972459 0.0037875497 0.0023782533 0.07307196 0.0010065612 0.002566485 0.0009568566 0.0025287056 0.019441811 0.00223689 0.010036931 0.04100494 0.035682973 0.024523636 0.00095894263 0.004524856 0.00011961049 0.03551618 0.0475383 0.04371499 0.023131292 0.0014077494 0.041065577 0.038808346 0.012743793 0.05126081 0.012269104 0.013301593 0.05469152 0.0089448895 0.0003348199 0.023930313 0.06120657 0.049909454 0.001316429 0.0066614957 0.00028232893 0.00059688435 3.7520957e-05 0.011286552 0.030080918 0.0041155755 0.040842127 0.00084054953 0.041285846 0.033574734 0.0020512904 0.004111325 0.0136870835 0.00017521277 0.01697186 0.028767113 0.025981108 0.001988446 0.033553176 0.0052264472 6.585793e-05 0.021119058 0.00019201891 0.031179009 0.0135444505
0.7379028 0.12115396 0.004355942 0.7698616 0.09140964 0.0011018147 0.7100808 9.469303e-21 0.072107404 0.012062502 0.0046005193 0.024348272 0.31282562 0.33260304 3.1276384e-05 0.15108263 0.00023666036 0.07416318 0.15062489 0.09419451 0.12623972 0.05865261 0.005276748 0.00065608154 0.00019874252 0.050592363 0.022574147 0.021353925 0.0014051219 0.028160965 0.14008579 0.017590392 0.03672334 0.025105398 0.013770577 0.003427029 0.043867152 0.043465108 0.006025233 0.007598049 0.03626309 0.0015496338 0.0006976542 0.040411312 0.00033644654 0.00055440277 0.00030057086 0.0006732853 0.016745163 0.00034387704 0.004713232 0.012890275 0.021282459 0.016637461 0.0007465372 0.0032542692 3.6455178e-05 0.008865501 0.01712224 0.015882965 0.01346931 0.0018058941 0.011689868 0.014114307 0.007689574 0.015759626 0.007894982 0.005342794 0.010921383 0.004977043 0.00035080206 0.00642043 0.013103136 0.01236686 0.00096182816 0.013977718 0.00026393792 0.00011357047 9.283338e-07 0.16582377 0.0069268863 0.0012314029 0.009217612 0.000892884 0.010398186 0.009572636 0.00033460665 0.00019771486 0.004758875 0.00024332706 0.005845121 0.007906831 0.007278961 0.00013341999 0.006439252 0.001330703 8.170682e-06 0.006474143 2.0739666e-05 0.006722773 0.0040067346
0.014603865 0.15200934 0.011647954 0.14283979 0.34514242 0.0034420926 0.112573266 0.072107404 1.1810263e-26 0.64963794 0.061059203 0.5184844 0.1665096 0.005550164 0.005027244 0.04935516 0.00018318398 0.3285312 0.12042865 0.0315013 0.07664069 0.24960725 0.3108511 0.0010092097 0.002985038 0.0021411823 0.4409715 0.4066575 0.0003308683 0.2488006 0.0049037514 0.34264767 0.0057098055 0.0018768095 0.2760123 0.073911086 0.055187516 0.100910544 0.00012331591 7.142473e-05 0.050022785 0.021830825 0.016245624 0.02761606 0.0001583124 2.1762131e-05 0.0005805729 0.00017300624 0.00394073 3.179929e-05 0.018583551 0.073859416 0.009456128 0.0054647136 3.2022979e-06 8.3575826e-05 0.00011487229 0.04486904 0.01495925 0.007217854 0.0018945661 1.6812222e-05 0.05482701 0.00556824 0.00058496965 0.045368228 0.00052811805 0.0038098386 0.026025355 0.00027321235 1.5999973e-06 0.0059169717 0.034435645 0.022271425 0.0003174019 0.0002811982 3.796174e-06 0.0010644634 0.00016166129 0.00014856124 0.0027920194 4.8951166e-05 0.008626065 0.0001979154 0.00812444 0.0023414723 4.9497044e-06 3.2743752e-05 0.0006159778 1.3082545e-06 0.00030305743 0.0032721886 0.002674632 7.0928295e-06 0.0024959191 4.344093e-05 0.0001133211 0.00014670462 7.352275e-05 0.0003322292 0.0010012066
0.007316906 0.093154326 0.02382571 0.041190956 0.41451535 0.008899839 0.045078427 0.012062502 0.64963794 2.1222056e-24 0.48058382 0.5660432 0.04325311 0.0016034673 0.007354337 0.012971813 0.00090872234 0.05911559 0.026346104 0.009351123 0.01934252 0.06479265 0.48875672 0.014906615 0.003976978 0.0008565223 0.11665382 0.124647394 0.00024007424 0.09740176 0.001278484 0.10413091 0.0026208155 0.0009629937 0.17121905 0.22873944 0.023298368 0.04341221 7.768298e-05 3.500608e-05 0.023843924 0.14249383 0.10916292 0.012270748 7.28584e-05 2.4028486e-05 0.003477536 9.2553775e-05 0.0032355918 5.1919003e-05 0.059527114 0.107849516 0.0050311983 0.0040071867 5.46551e-06 6.259904e-05 0.0015998526 0.026694648 0.010064715 0.004046305 0.0017606512 2.3253053e-05 0.037384693 0.0037405489 0.0005382919 0.038853284 0.0005567555 0.007995568 0.0260415 0.0003221688 4.9429536e-06 0.008324905 0.03363996 0.023826364 0.002212005 9.168633e-05 9.421103e-06 0.0027628925 0.00090604543 0.00015571433 0.0019806798 0.00017762421 0.007834282 0.0009953445 0.009701482 0.0017381437 2.2765209e-05 3.9786806e-05 0.001456128 3.1439831e-06 0.00028821797 0.002393313 0.0017527989 1.0945421e-05 0.0025098815 0.00011057152 0.0018841121 0.00020857595 0.00028288199 0.00029843723 0.0016809427
0.0008780541 0.11324031 0.23295757 0.016130002 0.32152963 0.10062311 0.010864067 0.0046005193 0.061059203 0.48058382 2.0720645e-24 0.061217565 0.004764263 0.00036856538 0.02514794 0.0018754514 0.0073559536 0.0036006623 0.0012292054 0.0005294984 0.0014758793 0.005238076 0.2893762 0.15302496 0.00921031 0.00013832754 0.008367839 0.0076270234 0.00010596942 0.007613811 0.00026735672 0.008392642 4.784951e-05 5.386005e-05 0.027684558 0.5023798 0.0031064316 0.0056219078 1.2665468e-05 1.7044997e-06 0.0031062271 0.42554915 0.49294886 0.0009261753 2.8347924e-05 7.3291194e-06 0.0069727576 5.8829806e-05 0.0002753867 1.6090095e-05 0.10851964 0.03889575 0.0008130566 0.00079060276 1.5635895e-06 9.816542e-06 0.0029061788 0.0034932331 0.0018634405 0.00062995177 0.00061092374 8.660407e-06 0.007111473 0.0009667208 0.00012684683 0.012669679 0.00013421249 0.0035977329 0.00835403 4.801311e-05 6.6670276e-07 0.00503223 0.0108027235 0.00651272 0.005481275 4.0452514e-06 2.3780353e-06 0.0041583083 0.0010583465 5.449384e-05 0.0006900015 1.989922e-05 0.0035920003 0.002856733 0.0022491075 0.0010004239 2.8137097e-06 6.0699663e-06 0.0026214083 1.5851541e-06 0.00012800736 0.0008432476 0.0006499892 7.8459976e-07 0.00086904294 2.02154e-05 0.0015515193 0.00012639411 0.0001854897 0.00014061957 0.0009071465
0.0036454413 0.076806866 0.016073823 0.04477709 0.27507645 0.0062089832 0.07510628 0.024348272 0.5184844 0.5660432 0.061217565 7.869141e-25 0.07907838 0.0032928416 0.00620041 0.0281225 0.0009172503 0.10542335 0.05351739 0.015795747 0.031543516 0.12537144 0.4911715 0.006816683 0.001778589 0.0021129195 0.28999147 0.35168594 0.00077340094 0.18207414 0.0016171412 0.31916678 0.0024255326 0.0018457064 0.34814572 0.13353269 0.029201807 0.07325297 0.0003512555 9.3496106e-05 0.028555708 0.038387574 0.027419323 0.012662516 0.00017346388 3.661458e-05 0.0010551326 0.0006729618 0.0018949934 0.00024599113 0.0365161 0.15148109 0.0041663083 0.0027514296 1.0133582e-05 9.9636345e-05 0.0005799045 0.039536662 0.010242123 0.002480605 0.0016796999 6.2596e-05 0.06938991 0.0046560923 0.00027929666 0.05849436 0.00032027197 0.010626023 0.03387114 0.000125798 2.0496595e-05 0.016451543 0.040105164 0.024494475 0.0011076091 0.00021279829 4.787977e-05 0.0008928453 0.00015363975 0.00010695732 0.0043014875 6.220846e-05 0.012861043 0.00016840587 0.012775935 0.005577599 1.6489514e-05 2.1571086e-05 0.0016794268 4.1438627e-05 0.00048731198 0.006171576 0.005752289 9.528285e-06 0.004137264 6.61852e-05 7.1097296e-05 0.00035908615 8.243861e-05 0.00090731436 0.003051531
0.063348085 0.028526032 0.0012339646 0.08456792 0.019036835 0.00024967678 0.34707698 0.31282562 0.1665096 0.04325311 0.004764263 0.07907838 1.8031274e-24 0.053717867 0.0034353451 0.27679262 7.7512326e-05 0.5193462 0.5130954 0.13634244 0.30028015 0.39836738 0.027523503 3.9642204e-05 0.00071863545 0.018930018 0.29117933 0.19045001 0.0044346745 0.28170332 0.04230424 0.13399065 0.038174864 0.019663112 0.07629673 0.0034823131 0.20697534 0.2235422 0.0024205032 0.0014213339 0.15868095 0.00029939332 0.00013715962 0.14042938 0.003018169 0.0008174271 9.049309e-05 0.0032401343 0.027959567 0.00095349975 0.0007619811 0.019712972 0.041502975 0.026765035 0.00029832538 0.00047591084 1.10210985e-05 0.084718645 0.038939074 0.026884338 0.014030711 5.4306915e-05 0.059565503 0.021978876 0.006024382 0.024818072 0.006261887 0.0005772127 0.01430354 0.0032259356 0.00017735522 0.0025011764 0.023145797 0.02070856 4.870223e-05 0.0065711127 0.000309285 0.0007087744 1.1063876e-05 0.00043017892 0.008253935 0.000426365 0.004639658 7.2681046e-06 0.00547937 0.008758205 7.481729e-05 0.00020258274 0.00025183713 0.00011892428 0.0017104425 0.0027175988 0.002584587 5.7973994e-05 0.00081576564 0.00012507846 5.3888075e-06 0.0007749902 1.4230868e-05 0.0011370454 6.2337276e-05
0.42393962 0.0043300847 0.0006782748 0.011020533 0.01239619 0.0001036305 0.1447115 0.33260304 0.005550164 0.0016034673 0.00036856538 0.0032928416 0.053717867 3.8415103e-18 1.6233713e-05 0.10758548 6.8975874e-05 0.0165663 0.04051489 0.13920988 0.1209641 0.014764742 0.0010074129 7.106259e-05 7.234603e-05 0.45667192 0.007895188 0.0078393305 0.27809566 0.010749357 0.6272059 0.004701461 0.16245092 0.14163154 0.0033331104 0.0006810093 0.059912026 0.019839618 0.17137368 0.14916316 0.037933227 0.00035851522 0.000149173 0.121932015 0.067702495 0.13493465 2.2784972e-05 0.042578474 0.08660863 0.06866271 0.0008568475 0.005734163 0.075644195 0.07008398 0.0373882 0.05116428 1.9504212e-05 0.008354877 0.022550229 0.045976046 0.037259236 0.025566839 0.008433655 0.025612269 0.044213172 0.007508115 0.03942266 0.0017162234 0.0065344856 0.035750046 0.016619012 0.0034324783 0.010455627 0.011354351 0.0004112364 0.08045648 0.0100703025 8.705135e-05 3.7867056e-07 0.019937312 0.01609622 0.009052837 0.0063885776 0.00049855816 0.008720184 0.01722666 0.0047635613 0.0031431662 0.004039055 0.009695803 0.018466571 0.010568256 0.011384288 0.003542467 0.004769245 0.003213359 1.0849803e-06 0.014747546 1.5916976e-05 0.012164497 0.0023329798
0.19319978 0.002017843 0.23752782 0.00022471006 0.030465418 0.5573296 0.0013999861 3.1276384e-05 0.005027244 0.007354337 0.02514794 0.00620041 0.0034353451 1.6233713e-05 6.5006816e-21 0.0010527079 0.6445566 0.0020035708 0.0019961498 0.0009969847 0.002069896 0.0019427154 0.005089791 0.09429542 0.1673175 9.6398644e-08 0.0024106677 0.002113117 3.9352482e-08 0.00256414 2.253673e-07 0.001237474 0.00027744417 0.00019898699 0.0028169223 0.012427179 0.0013184958 0.002043835 6.337779e-05 3.7456426e-05 0.00147646 0.010800462 0.014336637 0.0006960409 3.612592e-08 3.2622052e-06 0.1065703 3.8050194e-07 0.00034661804 1.9182059e-07 0.008186871 0.0077292905 0.00070318225 0.00069955393 5.0073286e-06 2.0872209e-05 0.024689166 0.0021592942 0.002271519 0.001340643 0.0008233976 6.7007735e-05 0.004294245 0.0014505294 0.00021440328 0.009602132 0.0002426319 0.0027511986 0.007827516 0.00011335916 1.2038551e-07 0.0030386879 0.007972923 0.0036849494 0.0030560945 1.126901e-06 5.28962e-08 0.03514089 0.010130432 0.0020198077 0.00089142023 3.56092e-05 0.0050124507 0.009420313 0.003951487 0.0018380793 5.0841704e-06 4.4248645e-06 0.004614981 1.06651825e-08 0.00056121615 0.0014977449 0.0013197601 8.067408e-06 0.0013250998 0.00017026882 0.0071733724 0.00049238454 0.00084654964 0.00059609907 0.00071846275
0.10514941 0.023032364 0.00081520336 0.04244305 0.008629742 0.00013378568 0.13858794 0.15108263 0.04935516 0.012971813 0.0018754514 0.0281225 0.27679262 0.10758548 0.0010527079 2.2625248e-25 5.78425e-05 0.22003114 0.25730664 0.17551881 0.23053 0.18665385 0.0076566515 4.8584352e-05 0.00041090805 0.036522947 0.13450193 0.095465034 0.015348584 0.13850677 0.11923037 0.062078357 0.077940285 0.040368605 0.018595474 0.00077547523 0.17319033 0.114387006 0.0128927035 0.006855035 0.12031179 6.553058e-05 8.7022796e-05 0.17267367 0.007008992 0.0037500018 0.00023993096 0.007219055 0.058890942 0.0035635207 0.0003636996 0.008257446 0.07837332 0.056309927 0.0023261928 0.004247141 1.4774143e-05 0.043128762 0.055314243 0.054702044 0.030971153 0.0007376459 0.016236493 0.037268244 0.017580003 0.009061841 0.017394248 0.000596754 0.008827952 0.009012501 0.0017856405 0.002094033 0.012803148 0.012634308 5.1474402e-05 0.012529162 0.00196355 0.0003873597 2.756723e-06 0.00034436389 0.012666368 0.0015748058 0.005069416 2.1137146e-05 0.00949197 0.010727001 0.0007660223 0.0008953078 0.00052479486 0.0013074395 0.004522509 0.006952847 0.0067379465 0.00060695305 0.002282197 0.00065482507 8.221347e-06 0.004067208 6.387898e-06 0.004437682 0.00025689875
0.010194689 0.003197367 0.04640083 0.0010523711 0.0067519792 0.15341394 0.0010529554 0.00023666036 0.00018318398 0.00090872234 0.0073559536 0.0009172503 7.7512326e-05 6.8975874e-05 0.6445566 5.78425e-05 5.124332e-20 3.8149865e-05 1.078201e-05 2.816976e-05 7.836718e-05 5.2873034e-05 0.0009837826 0.33708242 0.8250763 1.723149e-05 0.00018625511 0.000207679 3.9428457e-07 0.00021841777 1.7825776e-05 0.00016785093 9.002772e-06 6.674703e-06 0.0004090259 0.0065953815 0.000132472 0.00017195172 4.244737e-07 3.849512e-07 0.00014629764 0.00831925 0.010121095 2.770802e-05 2.0472702e-07 8.282107e-08 0.8856286 1.1117813e-06 9.281758e-06 5.221387e-08 0.00794429 0.0013324409 2.0146654e-05 2.294203e-05 8.428153e-09 5.1327885e-07 0.41925055 3.4618613e-05 0.00013061613 3.6634312e-05 5.4212636e-05 2.477568e-07 7.2819705e-05 9.307682e-05 8.829922e-06 0.00045413524 1.3174626e-05 0.00042390823 0.000398622 3.8800245e-06 9.194805e-09 0.00038100107 0.00015591225 6.974975e-05 0.002048393 7.208532e-06 8.1139575e-08 0.07875164 0.09745371 0.00052613637 2.0377507e-05 9.742474e-07 4.2388394e-05 0.011456093 4.0703413e-05 6.285352e-05 7.05402e-08 4.5457327e-07 0.001588189 2.6020957e-09 1.25763745e-05 1.1132121e-05 9.04331e-06 9.5852826e-08 5.4995166e-06 3.0882784e-06 0.08042499 3.0985125e-06 0.050375488 3.3175045e-06 2.5214871e-05
0.009678828 0.011416051 0.001005533 0.040756837 0.044621527 0.0005920799 0.17020208 0.07416318 0.3285312 0.05911559 0.0036006623 0.10542335 0.5193462 0.0165663 0.0020035708 0.22003114 3.8149865e-05 6.0198858e-27 0.5238374 0.12175524 0.27058172 0.648869 0.09194798 0.0002213514 0.00079263316 0.005448644 0.5247447 0.43244734 0.003024442 0.494361 0.01001634 0.36220214 0.02005361 0.022310697 0.159533 0.012024618 0.17320327 0.31313387 0.001411465 0.0008142582 0.17518924 0.0014920885 0.00083673844 0.08406417 0.0011186786 0.0003672299 3.536229e-05 0.0018799424 0.012620909 0.0006343986 0.0035185614 0.05114081 0.02165144 0.01474308 0.00015340227 0.00049796706 4.7202062e-05 0.16700916 0.051412784 0.019379035 0.010021432 0.000116267714 0.1545247 0.02575218 0.0022946363 0.058048245 0.0025307792 0.0014337382 0.033980004 0.0007020753 9.8540746e-05 0.0068587656 0.059733145 0.058396842 0.0001411477 0.000670412 0.0002616433 0.00027382272 1.3166662e-05 5.3697517e-05 0.017357172 4.511373e-05 0.01696411 1.301658e-05 0.021746933 0.017876878 1.8423068e-05 4.3480763e-05 0.0002988026 0.00027484514 0.0026675605 0.009232871 0.008359632 8.672813e-06 0.0056710695 4.9441303e-05 8.875919e-06 0.0019606506 9.863208e-06 0.0040174536 0.00087040814
0.014530181 0.011310472 0.0006622995 0.03574937 0.019590763 0.00019035679 0.26065952 0.15062489 0.12042865 0.026346104 0.0012292054 0.05351739 0.5130954 0.04051489 0.0019961498 0.25730664 1.078201e-05 0.5238374 8.992004e-28 0.15440294 0.3279063 0.41314378 0.029354006 2.9864888e-05 0.00045347444 0.011118148 0.29640147 0.17277874 0.006122793 0.30645785 0.022696264 0.14218388 0.035485066 0.026834594 0.070202686 0.0035753958 0.24030139 0.2220223 0.0021334959 0.0021982447 0.19687189 0.00024062804 0.00016351683 0.15607244 0.002690364 0.00085611234 2.8287914e-05 0.0044502798 0.02514379 0.0017458546 0.0018399452 0.020828104 0.041430205 0.027157208 0.0006090256 0.0027324036 1.5733893e-05 0.11536773 0.06635061 0.029978776 0.017098522 0.00051069376 0.098600425 0.033441465 0.006234765 0.041602176 0.0060836757 0.0010199687 0.020550784 0.0031566587 0.0004494411 0.0047286055 0.042958222 0.04620305 0.00012038649 0.0016860184 0.0006932602 0.0006709211 2.0662748e-05 5.699251e-05 0.022579769 0.0004049457 0.010631805 9.557024e-06 0.016827343 0.022827953 0.00027577276 0.00044780722 0.00027112084 0.0007246835 0.007964931 0.01002855 0.009483307 0.00013127463 0.003624213 0.0003493403 2.0910862e-05 0.004764713 3.184103e-06 0.0052300296 0.00017316586
0.05964548 0.007662152 0.0003697058 0.022062838 0.003228972 7.909904e-05 0.12418106 0.09419451 0.0315013 0.009351123 0.0005294984 0.015795747 0.13634244 0.13920988 0.0009969847 0.17551881 2.816976e-05 0.12175524 0.15440294 2.9389578e-25 0.28604415 0.097212456 0.007054843 1.0131341e-05 0.00018420565 0.043665428 0.06264426 0.02949592 0.025323167 0.06656817 0.12693153 0.019312695 0.14361292 0.09507349 0.012890343 0.00067273265 0.19074143 0.07033423 0.027901094 0.0147964 0.13190298 3.8490827e-05 2.9508425e-05 0.20050317 0.016537163 0.009066613 3.0183288e-05 0.011025884 0.09262057 0.00685163 0.00034730698 0.008270427 0.110317715 0.09033137 0.007006868 0.022043157 1.5125512e-05 0.040421188 0.07347819 0.076668985 0.04962382 0.0038286527 0.018262964 0.05647803 0.042603143 0.012180175 0.03540985 0.0002800282 0.010369977 0.031271614 0.0065036 0.0013303827 0.017470457 0.020558786 2.058932e-05 0.011551104 0.008379519 0.0003644539 1.4561427e-05 0.0004706387 0.03488053 0.007996517 0.00475516 8.398231e-06 0.012702992 0.030163685 0.0036849212 0.00549693 0.00015902298 0.0039085774 0.015310303 0.010707628 0.010222753 0.001427834 0.0024050518 0.001920421 7.822654e-06 0.01154038 5.155972e-06 0.011764275 9.18633e-05
0.030287843 0.0129593555 0.000864205 0.032247633 0.013573113 0.0002084952 0.19932222 0.12623972 0.07664069 0.01934252 0.0014758793 0.031543516 0.30028015 0.1209641 0.002069896 0.23053 7.836718e-05 0.27058172 0.3279063 0.28604415 9.2326535e-25 0.22185889 0.019598356 4.677238e-05 0.00041265285 0.04120342 0.1449259 0.084596746 0.02313255 0.18811463 0.08856526 0.073252164 0.15083508 0.10575051 0.03817845 0.0033883352 0.33842954 0.21913674 0.021338357 0.011858164 0.31150353 0.00029927088 0.0002011961 0.2860568 0.016185539 0.008815165 0.00010704293 0.011985749 0.106998526 0.0077608195 0.0019475339 0.020708721 0.12566678 0.08937136 0.0060752197 0.022659391 5.6079876e-05 0.09282368 0.10887086 0.08149355 0.046054173 0.0032900055 0.059034728 0.06900415 0.03320572 0.034193844 0.029542118 0.0022096566 0.026660016 0.028639803 0.005886789 0.008232948 0.041752707 0.04359645 0.00010448175 0.0103828665 0.006984451 0.0010137478 5.691104e-05 0.00044068697 0.051743332 0.007848734 0.013201379 2.4902365e-05 0.02568162 0.04867172 0.0030413882 0.0041538374 0.0003977359 0.003264619 0.025597315 0.02277942 0.02153331 0.0011844789 0.007637413 0.0037016904 2.8330247e-05 0.022898309 2.3312228e-05 0.020459441 0.000247563
0.002290017 0.013057829 0.0017957631 0.03161024 0.050315212 0.0014963965 0.1606825 0.05865261 0.24960725 0.06479265 0.005238076 0.12537144 0.39836738 0.014764742 0.0019427154 0.18665385 5.2873034e-05 0.648869 0.41314378 0.097212456 0.22185889 5.5778583e-27 0.12372307 0.0005798155 0.0011177338 0.0042983647 0.522085 0.43260098 0.00471948 0.50828516 0.0072443658 0.35809094 0.017098319 0.016253978 0.19483197 0.020014629 0.1847773 0.31847572 0.0015340075 0.0012472082 0.20432705 0.0023813818 0.0017329069 0.0818298 0.0015230984 0.0004713342 6.191112e-05 0.0032225687 0.011679143 0.0012127645 0.007552748 0.066992156 0.02676328 0.017373616 0.00027904028 0.00056710205 8.400694e-05 0.2242396 0.061709553 0.022970872 0.011671021 0.00030047912 0.20941526 0.03157927 0.0024535519 0.07703255 0.0027401356 0.0036958633 0.03996001 0.00069622917 0.0001761223 0.013906111 0.07365123 0.07581035 0.00020569134 0.00044792506 0.00046593387 0.00025538937 4.341923e-05 2.669194e-05 0.02327543 5.6601275e-05 0.02737343 2.0822943e-05 0.033795543 0.022441195 3.4334502e-05 7.251741e-05 0.00039143683 0.00040658782 0.003751883 0.01755334 0.015818948 2.0201891e-05 0.013484803 7.481151e-05 8.89971e-06 0.0038749715 8.869242e-06 0.007577292 0.0038712816
0.00023008607 0.035692114 0.023177525 0.012424376 0.19854042 0.00912427 0.039607015 0.005276748 0.3108511 0.48875672 0.2893762 0.4911715 0.027523503 0.0010074129 0.005089791 0.0076566515 0.0009837826 0.09194798 0.029354006 0.007054843 0.019598356 0.12372307 5.459576e-25 0.031474646 0.0018151565 0.00064960617 0.28127846 0.28276187 0.00065348693 0.21563329 0.00050757144 0.2676508 0.0020147865 0.0010343032 0.40762767 0.47283095 0.021713024 0.06660448 0.00044682602 0.00032005244 0.024581736 0.16467439 0.123263285 0.0099107595 6.637667e-05 0.000427826 0.0015885452 0.00046652238 0.0022947208 0.00042743896 0.15845196 0.3735978 0.004763379 0.0037197368 0.00027941386 0.00013432236 0.0011426889 0.054283477 0.009792438 0.0036051583 0.0026920922 0.00033177133 0.08504702 0.004872999 0.0007362624 0.09264019 0.000807566 0.016216772 0.06904884 0.0004977788 0.00027548624 0.023517199 0.052831717 0.030189184 0.004704442 0.00019220122 0.00013737522 0.00061014696 0.00059431756 2.8356602e-05 0.0031278057 0.00069749984 0.013435318 0.0006959802 0.011078394 0.0039729294 0.000328352 7.446522e-05 0.004314647 5.1982668e-05 0.0009082662 0.0033776436 0.0026783997 0.00017118777 0.0057253954 0.0002162671 0.00024611645 0.00038989383 0.00011249769 0.00052519166 0.0055062766
8.818653e-06 0.011403417 0.22840172 0.0013805164 0.032284092 0.34513375 0.0021170008 0.00065608154 0.0010092097 0.014906615 0.15302496 0.006816683 3.9642204e-05 7.106259e-05 0.09429542 4.8584352e-05 0.33708242 0.0002213514 2.9864888e-05 1.0131341e-05 4.677238e-05 0.0005798155 0.031474646 1.6936383e-21 0.116976105 0.000108328575 0.0026981991 0.002021658 2.4303614e-05 0.0039100703 0.00010786037 0.0024053662 7.6165015e-06 1.0900794e-05 0.0052191676 0.12211555 0.00054720277 0.0015978963 1.741756e-05 4.6032114e-06 0.0011552161 0.30043158 0.43635187 0.00024477986 1.0428668e-05 2.1812905e-06 0.40846017 2.8570694e-05 7.497107e-05 3.1396983e-06 0.14386906 0.016406003 0.0008190222 0.00090802636 8.347083e-07 9.443096e-06 0.062512085 0.001740193 0.0024489078 0.0016236564 0.001218459 1.3327387e-06 0.0037133992 0.0014542158 0.00045540993 0.0072798217 0.00046258493 0.013035966 0.006105597 0.0002082625 2.4372616e-07 0.0056998604 0.0039934455 0.002354565 0.11678191 8.22828e-06 1.9195243e-06 0.04324697 0.027868222 3.5794044e-05 0.0007087329 5.4140048e-05 0.0011242079 0.28198135 0.0011829655 0.0011198922 3.3752778e-07 4.019164e-06 0.01816628 4.1717772e-07 0.00022673656 0.00037792075 0.00035768125 1.7094003e-07 0.00035904592 2.906011e-05 0.059302323 0.00020246957 0.12187072 0.0001989238 0.00090827275
0.021428289 0.0012145245 0.038046155 0.0008787605 0.012991413 0.08401753 0.0011832758 0.00019874252 0.002985038 0.003976978 0.00921031 0.001778589 0.00071863545 7.234603e-05 0.1673175 0.00041090805 0.8250763 0.00079263316 0.00045347444 0.00018420565 0.00041265285 0.0011177338 0.0018151565 0.116976105 1.2813231e-17 6.0799844e-06 0.002095553 0.0015441969 7.0888694e-07 0.0022300538 8.146631e-06 0.0008460895 7.462289e-05 6.213678e-05 0.0013484455 0.0061243544 0.0005003501 0.0007991725 1.9250307e-05 8.254603e-06 0.0008408926 0.007706702 0.008666523 0.00034178345 2.070656e-07 3.4577286e-06 0.36417508 5.379541e-07 8.741273e-05 5.3270236e-07 0.004642936 0.0023463622 0.00029292124 0.00018412205 5.42328e-07 1.7602782e-05 0.22828296 0.0006737025 0.0003943835 0.0003732935 0.00017921001 7.5245225e-06 0.0008950679 0.00026341915 6.0256116e-05 0.0010113232 5.6419387e-05 0.0006047689 0.0010548731 5.0226983e-05 8.564981e-08 0.0009412038 0.0006854927 0.0004588076 0.0027212438 5.940279e-06 6.084693e-08 0.13414715 0.076380126 0.0015448333 8.842878e-05 1.5817559e-05 0.0005195658 0.00836403 0.00034258852 0.00015517413 1.3695608e-06 3.3301715e-06 0.0030125428 2.1756175e-09 2.7150856e-05 0.00013962202 8.415842e-05 1.8833212e-07 0.00016764423 2.478842e-05 0.034857713 2.0791014e-05 0.009355342 2.7363127e-05 0.00022648912
0.5644203 0.00033153253 0.00018782893 0.0016733843 0.0031700938 2.425945e-05 0.034367885 0.050592363 0.0021411823 0.0008565223 0.00013832754 0.0021129195 0.018930018 0.45667192 9.6398644e-08 0.036522947 1.723149e-05 0.005448644 0.011118148 0.043665428 0.04120342 0.0042983647 0.00064960617 0.000108328575 6.0799844e-06 4.482831e-24 0.003377341 0.0033099412 0.11355984 0.0045588952 0.7291932 0.002911448 0.041390464 0.04201808 0.0024257568 0.00016584306 0.017024146 0.010110671 0.08547109 0.06163552 0.011807293 0.00014861354 0.00010453985 0.02761493 0.015412294 0.03135991 2.0014308e-05 0.020512972 0.025561702 0.024070494 0.000375825 0.0035340562 0.023974422 0.023329217 0.008669448 0.027477672 2.883835e-06 0.004080737 0.012671982 0.018922567 0.016880183 0.015649673 0.0058946037 0.011803276 0.017401442 0.0065013207 0.016250055 0.00033291965 0.0039177146 0.015522889 0.009168166 0.0011870639 0.0057053254 0.0061035855 0.0001584967 0.095428735 0.0038217816 2.9087363e-07 9.478536e-10 0.021362435 0.0077959737 0.0054674973 0.00131402 0.00018471493 0.0032363401 0.008410864 0.0048532933 0.004400239 0.00042725718 0.006805277 0.007010561 0.0028391727 0.003386063 0.0039344137 0.00064663164 0.002728685 1.29668765e-08 0.0057738065 2.1095296e-07 0.0046631773 0.00018193774
0.000113188784 0.014228495 0.004464297 0.021676052 0.07900029 0.004071128 0.12100038 0.022574147 0.4409715 0.11665382 0.008367839 0.28999147 0.29117933 0.007895188 0.0024106677 0.13450193 0.00018625511 0.5247447 0.29640147 0.06264426 0.1449259 0.522085 0.28127846 0.0026981991 0.002095553 0.003377341 1.452464e-28 0.7584898 0.0036692147 0.71656525 0.0036629913 0.66513944 0.010700395 0.007954224 0.5061834 0.02817513 0.14996228 0.39532647 0.001945658 0.0012313812 0.17569384 0.0029016577 0.0017209109 0.05198618 0.00042176875 0.00038926373 6.1507584e-05 0.002316324 0.005663962 0.0012620145 0.008685317 0.1270604 0.011620376 0.006469792 0.00019018025 0.0004996601 0.00011243376 0.262807 0.041798413 0.009082364 0.0037269485 0.00075816544 0.27369136 0.01864832 0.00058327394 0.11705456 0.0005713828 0.005041698 0.052997246 0.00021225086 0.00021136529 0.010948942 0.082352474 0.058627933 0.0001909894 0.00016544733 0.00023428493 0.00012263324 6.4836524e-05 2.2549737e-05 0.009382696 2.1204458e-05 0.023666875 5.15819e-06 0.020763084 0.010020745 2.1403952e-05 1.0023367e-05 0.00044961966 0.001241567 0.0016560795 0.010280547 0.008103427 5.013899e-06 0.010367921 1.4384796e-05 1.4434619e-06 0.0014857053 4.3022033e-06 0.003181471 0.004474358
0.000107870444 0.016145607 0.005340774 0.020411042 0.089477114 0.0034591006 0.09518331 0.021353925 0.4066575 0.124647394 0.0076270234 0.35168594 0.19045001 0.0078393305 0.002113117 0.095465034 0.000207679 0.43244734 0.17277874 0.02949592 0.084596746 0.43260098 0.28276187 0.002021658 0.0015441969 0.0033099412 0.7584898 3.1073892e-27 0.0029768979 0.6687491 0.0032563806 0.7294549 0.003567339 0.0030050837 0.5634413 0.030738963 0.092396624 0.31025112 0.0019605563 0.0012960975 0.100635506 0.0039999327 0.0022903404 0.01909242 0.00046628973 0.00039279033 7.190958e-05 0.0024708505 0.0018583675 0.0015946667 0.010657469 0.13042088 0.0048524714 0.0031287824 0.00011101106 0.00012565772 5.5435885e-05 0.23303422 0.024408408 0.0040058405 0.002071398 0.00051588344 0.29212424 0.010314409 0.0002732921 0.14174268 0.00034650735 0.0037789212 0.061488792 9.438383e-05 0.000110028624 0.015867803 0.09652816 0.062197138 0.00014328203 0.00039360835 0.00017136353 0.00016733404 2.7404647e-05 5.0784744e-05 0.00512281 8.375331e-06 0.03258256 1.405038e-05 0.022677343 0.0069666794 7.5055796e-06 5.691943e-06 0.00030998487 0.0004860319 0.0013320183 0.008100737 0.0060745967 1.3378758e-06 0.011931815 9.476404e-06 1.1861958e-06 0.00069708354 7.715092e-06 0.0015549209 0.0050761597
0.41213205 6.089657e-06 3.9975836e-05 4.5481273e-05 0.000104407736 3.0686317e-06 0.0049090716 0.0014051219 0.0003308683 0.00024007424 0.00010596942 0.00077340094 0.0044346745 0.27809566 3.9352482e-08 0.015348584 3.9428457e-07 0.003024442 0.006122793 0.025323167 0.02313255 0.00471948 0.00065348693 2.4303614e-05 7.0888694e-07 0.11355984 0.0036692147 0.0029768979 1.612744e-20 0.0056074318 0.060065363 0.0022119463 0.047316782 0.060909282 0.0018415515 0.0001963662 0.025851043 0.010596883 0.36819795 0.1824791 0.020239191 0.00013453173 0.00015093746 0.06036397 0.6483066 0.5794302 8.756287e-06 0.47658345 0.05259001 0.58969253 0.0009476088 0.004939736 0.050306205 0.0466106 0.1334309 0.11113366 1.3628892e-07 0.005045474 0.018733844 0.030672075 0.029065954 0.067017905 0.0089621935 0.01792166 0.046147432 0.011430475 0.040502597 0.002134491 0.007840546 0.04220069 0.051476568 0.00426865 0.00901495 0.008427986 0.00070191466 0.030863466 0.023364278 1.1816907e-08 8.17339e-11 4.733735e-05 0.0116526745 0.02118186 0.0052017905 0.00030334137 0.008710654 0.013082034 0.008631854 0.013184109 0.0011007849 0.014151704 0.016386326 0.0074215345 0.0083165215 0.0073566483 0.0016372056 0.011477992 7.2140196e-08 0.010297488 1.4462963e-06 0.007278333 0.0003031271
0.00014491212 0.014682676 0.0051961932 0.022885205 0.04773532 0.004758385 0.146728 0.028160965 0.2488006 0.09740176 0.007613811 0.18207414 0.28170332 0.010749357 0.00256414 0.13850677 0.00021841777 0.494361 0.30645785 0.06656817 0.18811463 0.50828516 0.21563329 0.0039100703 0.0022300538 0.0045588952 0.71656525 0.6687491 0.0056074318 2.6882034e-29 0.0068629165 0.60114247 0.018219229 0.011929067 0.4131791 0.020570083 0.2130666 0.45076355 0.004179369 0.0032032176 0.22547893 0.002143304 0.001391421 0.074157156 0.0008000777 0.0009054775 8.284481e-05 0.00367629 0.008635226 0.003200602 0.011719192 0.1272253 0.020870002 0.012699202 0.0005718847 0.0009231666 5.4758748e-05 0.309343 0.060347024 0.017594133 0.01037994 0.0019804738 0.33009356 0.031476233 0.0020728058 0.11792685 0.0025593834 0.007537932 0.057096917 0.00079397607 0.00049656496 0.016382903 0.09777379 0.079304054 0.00034566983 0.0001878592 0.000568729 0.00011341764 7.2758e-05 4.4200882e-05 0.020529965 9.062039e-05 0.034783885 7.913619e-06 0.036621593 0.020553011 6.666799e-05 5.7019803e-05 0.0008135387 0.0029466606 0.0054228255 0.02190289 0.020175444 1.5613552e-05 0.017316341 4.182234e-05 6.7344644e-07 0.004464629 3.1658928e-06 0.0092244 0.0063196337
0.9175038 0.00090205146 0.00034637566 0.0024672796 0.007662481 4.8588245e-05 0.0771693 0.14008579 0.0049037514 0.001278484 0.00026735672 0.0016171412 0.04230424 0.6272059 2.253673e-07 0.11923037 1.7825776e-05 0.01001634 0.022696264 0.12693153 0.08856526 0.0072443658 0.00050757144 0.00010786037 8.146631e-06 0.7291932 0.0036629913 0.0032563806 0.060065363 0.0068629165 3.534061e-22 0.0019870102 0.080188856 0.08311309 0.0027608275 0.00054499926 0.02914386 0.014615855 0.07913179 0.09170666 0.01752275 0.00017875734 8.5572385e-05 0.045801677 0.018179944 0.02641005 7.4926497e-06 0.011813382 0.03627915 0.016719744 0.00073189085 0.0052077845 0.028959908 0.028329812 0.011144677 0.026949592 2.8980568e-07 0.004596443 0.014109907 0.021337595 0.023361376 0.014144 0.005456095 0.015080696 0.02010551 0.005821417 0.021033756 0.00089512934 0.0033987726 0.016338257 0.010700053 0.0014337786 0.0051906137 0.0062416727 0.00015621363 0.31122315 0.006247494 9.396978e-07 1.7698502e-10 0.100261234 0.008573367 0.007553163 0.0024120875 0.00020894586 0.0040405826 0.010148002 0.0050663827 0.0026191194 0.0010993507 0.006955387 0.011817984 0.004745777 0.005161369 0.0029731398 0.0014908197 0.0024634579 1.5816318e-09 0.008845895 6.859955e-08 0.007852694 0.00031097472
