3.388593e-27 4.5162164e-05 0.00034039607 1.4071165e-05 2.372515e-06 0.00070499926 0.0006875816 3.462175e-05 1.6846841e-05 2.8735907e-05 9.3277315e-08 0.0023514358 1.7028894e-06 1.0019844e-06 1.824122e-08 5.7172074e-06 0.0020225206 1.1030215e-05 3.2824724e-07 5.234263e-05 0.010050916 7.5254407e-06 0.0106617585 1.1120952e-06 1.0307203e-06 0.0025002668 1.5148702e-06 0.052346528 0.06558546 0.0005661008 9.070923e-08 3.7474127e-08 0.000114765855 8.7070475e-08 1.7763316e-08 0.03632905 0.05569428 2.2406718e-08 0.14801009 5.9397184e-08 0.03211693 0.035002887 0.058470864 2.555783e-07 0.023981642 3.632122e-09 1.04516275e-07 0.08593409 0.028257215 0.016505295 2.0597863e-05 1.8282799e-09 0.006243542 0.028119475 3.4724998e-08 3.4999633e-07 3.679034e-08 6.286658e-09 8.113319e-09 7.544389e-10 0.09174008 2.2429478e-07 0.01593486 0.0005196109 4.315021e-07 1.575976e-10 4.822459e-08 0.0728419 5.2732736e-05 5.6475478e-09 4.1810054e-07 1.4428932e-10 1.1848078e-11 1.1247845e-12 0.000100621604 1.1864599e-09 3.8533025e-07 1.6134214e-08 7.2357224e-12 0.048619654 1.4660655e-10 0.0004786761 2.0893214e-11 1.691463e-13 4.765641e-11 0.04881885 7.286505e-09 2.4100239e-06 3.7470853e-11 0.004791979 2.1490406e-07 4.6536004e-12 1.3143114e-07 1.5387418e-12 0.027571978 1.1501099e-09 4.70378e-15 0.011033784 1.3328643e-12 5.802022e-13 7.820406e-14
4.5162164e-05 3.541277e-24 0.16616754 0.10152845 0.07159446 0.07720421 0.043868467 0.024978222 0.111211896 0.04939876 0.067698546 0.05320788 0.08202154 0.03174157 0.07008959 0.024543293 0.012006552 0.0134737855 0.043635946 0.024774227 0.022688722 0.03148644 0.043035835 0.043643653 0.027532317 0.016979098 0.0072805197 0.04257755 0.05403967 0.012355325 0.0054090843 0.068935946 0.010965159 0.039826863 0.0076346025 0.026687454 0.07121784 0.028289922 0.06648543 0.010216662 0.024464091 0.025464108 0.06061434 0.024357395 0.026173308 0.006205829 0.01713593 0.024218168 0.007449515 0.0041568293 0.0022974964 0.003810151 0.0036187198 0.0058574695 0.05178479 0.0047684177 0.001188706 0.008187606 0.020445481 0.0028674463 0.029263409 0.0021307233 0.017222293 0.0031832058 0.00092309556 0.006360225 0.00035860823 0.011927815 0.0018750061 0.010103004 0.0002254949 2.612415e-05 0.000967068 0.0017038408 0.010232579 0.007854043 7.336347e-05 0.00024087439 2.5751895e-05 0.012961384 0.0049624383 0.007968164 5.114989e-06 0.011022105 0.018329378 0.011953402 3.2388932e-06 0.000320881 0.0010490234 0.004990558 0.00061105104 0.029774182 5.0910865e-05 1.1522431e-05 0.007177105 2.0330943e-05 8.8853056e-05 0.00813254 0.0005953347 0.014737914 0.010858976
0.00034039607 0.16616754 5.68988e-23 0.058709577 0.05818435 0.05875775 0.3685434 0.012916836 0.37357277 0.20215745 0.08779232 0.109049596 0.15916406 0.029492475 0.07672196 0.01507654 0.124662444 0.0056078653 0.080268756 0.15362786 0.15476865 0.11080923 0.09028315 0.1075842 0.07276137 0.1281783 0.04367357 0.10640115 0.16806856 0.045261845 0.005711502 0.08280637 0.05570948 0.10612468 0.00643748 0.08086821 0.12732638 0.026114829 0.08977133 0.014175389 0.07984154 0.016447 0.1699575 0.07657777 0.0141409915 0.01062694 0.05128803 0.018367661 0.03282197 0.02486467 0.01914494 0.0023688064 0.018593786 0.022526978 0.11253383 0.02889137 0.00032699673 0.0046997154 0.028500669 0.0030560219 0.069628716 0.00092733186 0.011999644 0.009621712 0.00019438598 0.003899937 0.010202305 0.04807924 0.009550696 0.046587784 4.4145563e-05 6.405336e-05 0.0019899572 0.0015621856 0.0041186986 0.029924607 0.0057331813 8.915014e-05 3.3822445e-05 0.019964226 0.011085284 0.0044992743 1.20235445e-05 0.012975297 0.04891554 0.01858571 0.00023730696 0.0023244563 0.0037105624 0.013665967 0.0001568988 0.05014651 0.0016755682 1.7529961e-05 0.0101542175 0.00038669736 6.630935e-05 0.006682099 0.0016857836 0.027965985 0.018442241
1.4071165e-05 0.10152845 0.058709577 5.353059e-25 0.12992354 0.12718439 0.018585565 0.097974606 0.08337988 0.024958005 0.037362024 0.079762734 0.07331041 0.12426305 0.06294791 0.072443396 0.0039001545 0.046743955 0.034462683 0.01609664 0.00783197 0.019732026 0.023815732 0.031541035 0.016976297 0.0049540494 0.0062392293 0.038642835 0.029537672 0.0094480645 0.025113964 0.04556222 0.0077887867 0.026129982 0.047833294 0.012780231 0.053868838 0.032482866 0.07464128 0.03736556 0.010828464 0.06830047 0.030415066 0.01690048 0.07291726 0.035610646 0.020043472 0.058248643 0.005134791 0.004249114 0.001007792 0.029896323 0.004314931 0.0045758234 0.025374753 0.0050368775 0.01254605 0.030742224 0.022991307 0.015470587 0.016400522 0.02228487 0.047886334 0.0032112468 0.008901083 0.014171732 0.00031074023 0.0049126637 0.0009784492 0.00694554 0.005317391 0.00078591413 0.0025239363 0.006930455 0.021375313 0.007605872 2.9084342e-05 0.008315531 0.00042523857 0.014434034 0.0043238928 0.01657851 0.0004757262 0.0132883005 0.008899045 0.012875778 1.917395e-06 0.00014402621 0.0006473579 0.0031326024 0.005486052 0.015601072 2.7372571e-05 0.0002700834 0.008702119 3.3121491e-06 0.00068400544 0.012064372 0.00055033155 0.00351504 0.0041650734
2.372515e-06 0.07159446 0.05818435 0.12992354 4.0674072e-26 0.070098385 0.034470614 0.084976606 0.07143486 0.03579905 0.045213416 0.094587505 0.055189583 0.104756676 0.10734108 0.058099333 0.015896823 0.023055268 0.030080546 0.013952026 0.025391566 0.014592568 0.03817587 0.03471566 0.012258924 0.014952425 0.0043662875 0.04990546 0.026336327 0.0048807594 0.016056241 0.04848155 0.003756593 0.04109727 0.037793882 0.012103041 0.042094838 0.03426612 0.064818226 0.04023985 0.012185914 0.0729651 0.025228042 0.011850393 0.075414374 0.028715061 0.007094748 0.06106126 0.009770068 0.008560386 0.0010626088 0.019731728 0.009779028 0.007627391 0.021026202 0.0011392091 0.0049342886 0.015388626 0.015892012 0.006803181 0.02540281 0.0068991734 0.06286767 0.00508579 0.0093683 0.0074999277 9.348335e-05 0.013046134 0.0019135633 0.004010716 0.0029554893 0.0002712729 0.0012732476 0.0012801395 0.021854358 0.005397613 0.00013321124 0.0037554165 0.00026422276 0.030885376 0.0025000214 0.02722086 0.00023556242 0.002981951 0.005044906 0.02548235 7.462937e-05 0.00026397116 0.0012272253 0.021808272 0.00844338 0.010124734 8.57544e-05 7.269106e-05 0.014009593 7.2160336e-05 0.00070438173 0.015317532 0.0001837733 0.0028613575 0.0023867555
0.00070499926 0.07720421 0.05875775 0.12718439 0.070098385 3.515983e-25 0.02316303 0.08902054 0.05060001 0.021031953 0.009981301 0.093515314 0.014220492 0.08525074 0.016142236 0.09400096 0.0023413943 0.048889525 0.006238304 0.018692493 0.005859889 0.01310461 0.024607563 0.014436954 0.009068079 0.002424893 0.0041168234 0.0693452 0.04419903 0.0049947235 0.0323235 0.013920993 0.002721594 0.007243433 0.047871675 0.01017571 0.10734513 0.009090483 0.20282692 0.030931776 0.014461909 0.12204326 0.070342 0.009316497 0.12875375 0.028919598 0.009186799 0.16629624 0.002094523 0.0015885208 0.0010430409 0.013853936 0.0012384852 0.0018548707 0.009597088 0.0013952098 0.0090783555 0.0133068655 0.008446903 0.0061449627 0.039075986 0.017661134 0.10098784 0.0011925478 0.0038169667 0.003605853 8.2722996e-05 0.007015747 0.00055354316 0.0038754153 0.004752351 0.00032544928 0.0031868992 0.003413735 0.026339166 0.0038706744 1.1191528e-05 0.006044126 0.00013316298 0.02513896 0.0012832516 0.03208145 0.00021585378 0.010048209 0.006632381 0.014857365 2.8059452e-07 6.664307e-05 6.222407e-05 0.0019009921 0.007409219 0.020559905 8.932362e-06 4.52109e-05 0.004936649 4.104018e-07 0.0004659321 0.013916255 0.00035403355 0.0019625775 0.003992987
0.0006875816 0.043868467 0.3685434 0.018585565 0.034470614 0.02316303 1.5439992e-22 0.004878475 0.3089834 0.21307194 0.043603808 0.036785353 0.09900111 0.009679358 0.02898675 0.0073601534 0.15612301 0.0025855536 0.050509233 0.2191869 0.15937099 0.14106625 0.054603428 0.10342008 0.08616086 0.19645634 0.06228159 0.048729353 0.14887416 0.09611006 0.0034759296 0.046578787 0.100655384 0.07201608 0.0031044846 0.13632014 0.09949499 0.014006613 0.055111166 0.0061387275 0.13792253 0.0075501455 0.14258577 0.07146671 0.0053226925 0.0037508442 0.056562077 0.011020795 0.092234194 0.059427295 0.034405287 0.00067271665 0.05226668 0.06935125 0.069187574 0.0374475 0.00011282237 0.0022610456 0.013366218 0.0014367631 0.07755752 0.00025966065 0.007919702 0.023058273 5.5194385e-05 0.0023359444 0.018343713 0.09729696 0.023370596 0.0376053 2.7756336e-05 2.755129e-05 0.0010434669 0.0012026223 0.0032976717 0.025313387 0.016584542 3.3562246e-05 1.4880761e-05 0.018655378 0.011571778 0.003044668 8.036708e-06 0.0052156597 0.04144845 0.018380696 0.0012234764 0.008877146 0.006490229 0.02365643 6.6419794e-05 0.04437679 0.006444443 8.8897095e-06 0.010625319 0.0012707136 2.7257069e-05 0.005207032 0.0020402137 0.023974942 0.012049809
3.462175e-05 0.024978222 0.012916836 0.097974606 0.084976606 0.08902054 0.004878475 4.3331404e-24 0.024670754 0.0032188047 0.011343166 0.03619134 0.019233035 0.16683048 0.025217634 0.13912198 0.00056179793 0.07924961 0.008414045 0.009113313 0.0010430081 0.009325973 0.006624947 0.016188277 0.0074122087 0.0004924907 0.003831785 0.028616928 0.014043629 0.0025360463 0.055408444 0.019487178 0.0018449759 0.0098927375 0.09635376 0.0044755577 0.04398922 0.013610917 0.08188681 0.062141 0.0034829262 0.08433554 0.020671034 0.014246236 0.09311594 0.058843814 0.01641847 0.08188351 0.0012225648 0.0010112816 0.00031799907 0.05808591 0.001543379 0.0016179603 0.008447569 0.0035753448 0.031522326 0.049122926 0.013047757 0.021520883 0.015265202 0.041205943 0.06560075 0.0014471792 0.01920694 0.012825421 0.00018011656 0.0027526643 0.0004322614 0.0042372756 0.014245358 0.009199657 0.0058558807 0.014809672 0.04461741 0.0064711194 1.4529564e-05 0.018886657 0.0021003238 0.018863536 0.0027798817 0.048116982 0.0049872324 0.008705056 0.007961173 0.014219671 4.0374507e-06 6.181737e-05 0.00042124322 0.002322606 0.0134073 0.015228785 1.7288297e-05 0.0018776071 0.0055536185 1.7814518e-06 0.0014394458 0.011526806 0.0011784587 0.0025924412 0.0019375819
1.6846841e-05 0.111211896 0.37357277 0.08337988 0.07143486 0.05060001 0.3089834 0.024670754 1.30467354e-23 0.2642558 0.1985161 0.06291898 0.34898987 0.015504137 0.14864323 0.008184019 0.12712194 0.005016162 0.1740238 0.22377281 0.13151334 0.21037869 0.05256969 0.18388246 0.13480435 0.12420807 0.11949119 0.03323673 0.07192833 0.0880132 0.004793851 0.1598034 0.094379604 0.21352878 0.0035280825 0.066302754 0.04677957 0.08850027 0.026460573 0.023764621 0.07003411 0.011008553 0.07903376 0.11296754 0.010134931 0.009897117 0.09766429 0.00787371 0.04642211 0.029429512 0.041035093 0.0024655154 0.030679269 0.032755177 0.2165708 0.048649684 0.0006204755 0.010336303 0.06362777 0.0064671612 0.032076664 0.0011461929 0.009070069 0.024840998 0.0002286607 0.013472135 0.015039519 0.02639877 0.014174705 0.088144384 4.169908e-05 2.4841951e-05 0.0044398434 0.0063116862 0.005553134 0.053100113 0.008848544 0.00063157204 3.255031e-05 0.013620506 0.0278433 0.0028391902 5.621406e-05 0.01697323 0.056859408 0.013825687 0.00059325923 0.0059012547 0.0073094466 0.018317826 0.00013215643 0.043067705 0.005473737 1.1649951e-05 0.008157661 0.000780719 0.0017769792 0.0070930026 0.008092398 0.03122403 0.018113013
2.8735907e-05 0.04939876 0.20215745 0.024958005 0.03579905 0.021031953 0.21307194 0.0032188047 0.2642558 1.0173418e-22 0.052121405 0.03518601 0.1182064 0.005266994 0.046588738 0.0027313172 0.10947889 0.0013598123 0.09701358 0.17860226 0.10047521 0.14904971 0.04510567 0.14221598 0.10917367 0.16836739 0.07652285 0.034363087 0.072225615 0.083531976 0.0020351077 0.05177137 0.10933887 0.102287576 0.0030669193 0.09172585 0.07154184 0.017505279 0.03322471 0.012521224 0.113003336 0.01079359 0.09513378 0.076913856 0.009611872 0.004569886 0.07321819 0.009544888 0.09038666 0.056019627 0.039115276 0.0015489801 0.05227955 0.063734375 0.06732675 0.04182007 0.0001458634 0.0034817236 0.005854147 0.0015279605 0.06788579 0.0001569564 0.009500728 0.027547589 7.254155e-05 0.0012069137 0.020664714 0.05864875 0.021706518 0.025152711 2.2071026e-05 5.5678338e-05 0.0005035149 0.0009860772 0.0041331826 0.017332284 0.013867329 3.7147965e-05 5.4240663e-05 0.026678378 0.010465482 0.0022555396 7.5590247e-06 0.0012166006 0.020413587 0.022784807 0.0033635544 0.00838119 0.006308226 0.02783597 9.547918e-05 0.022839554 0.008953325 2.2313334e-05 0.012142481 0.0015629337 4.628962e-05 0.0043885196 0.0017473288 0.009135824 0.0031929945
9.3277315e-08 0.067698546 0.08779232 0.037362024 0.045213416 0.009981301 0.043603808 0.011343166 0.1985161 0.052121405 9.012482e-26 0.024555935 0.24172655 0.00360684 0.14418252 0.0032517146 0.014592393 0.002734686 0.11786113 0.02054198 0.018745884 0.032096613 0.017161801 0.06695636 0.022930445 0.009490441 0.011690018 0.019646013 0.026092434 0.0052399924 0.00083131786 0.1111167 0.0040268935 0.106840804 0.0006872348 0.0124631645 0.027828446 0.03955448 0.013282445 0.004674886 0.01640804 0.013631252 0.032811657 0.031898133 0.017538415 0.0016567414 0.031101407 0.014453464 0.008700169 0.0067460835 0.002150751 0.00030249206 0.0062438454 0.008309739 0.0908655 0.0053742374 0.00012134933 0.0009788314 0.0055118403 0.000466205 0.022429172 0.0005202964 0.0099861715 0.0064521455 0.0003632176 0.00075062783 0.00044492932 0.009168354 0.0021135947 0.010952638 6.5702035e-05 9.637209e-06 0.0008022147 0.0013251447 0.007294725 0.010856337 0.00029152725 0.00031327058 4.5248296e-05 0.014833269 0.0038879884 0.0039846385 1.8029194e-05 0.0019668918 0.0053430814 0.009735344 0.0001322819 0.0006170885 0.001262109 0.024596225 0.0007736632 0.011192036 0.00040710464 5.4397856e-06 0.0045557613 8.515678e-05 0.00027198062 0.0046783225 0.00100105 0.0061546843 0.004428236
0.0023514358 0.05320788 0.109049596 0.079762734 0.094587505 0.093515314 0.036785353 0.03619134 0.06291898 0.03518601 0.024555935 8.4402065e-23 0.054318383 0.08829946 0.039061468 0.061888758 0.012106129 0.03096248 0.022455191 0.03485671 0.038033992 0.04281338 0.105575226 0.045983292 0.029347237 0.02332053 0.0075870864 0.21334077 0.08630428 0.013657772 0.019719614 0.04144878 0.014374506 0.036249686 0.024778204 0.034557607 0.19227935 0.027763978 0.27153027 0.01978208 0.036497343 0.1732055 0.11081126 0.026217839 0.15387161 0.021477088 0.018348223 0.18746549 0.009528766 0.010544985 0.002736306 0.006657127 0.008003537 0.005498513 0.020056698 0.011772248 0.0017908189 0.008499014 0.022049712 0.008294344 0.07499985 0.0071942573 0.13152362 0.0026942228 0.0038236591 0.012194866 0.000602896 0.035231344 0.0012969853 0.0072154556 0.0012009301 0.0003391081 0.0020683785 0.0017890743 0.022149758 0.0062458944 0.00017940889 0.0020939568 0.00016646355 0.054340996 0.0033614477 0.038823973 0.00031654732 0.018611893 0.025385072 0.039926432 3.9642582e-05 0.00025199354 0.00051619863 0.007914258 0.0016682862 0.038695674 5.9142465e-05 5.3394702e-05 0.01827544 0.00016719528 0.0025519265 0.022165976 0.00070155656 0.009797014 0.0094756
1.7028894e-06 0.08202154 0.15916406 0.07331041 0.055189583 0.014220492 0.09900111 0.019233035 0.34898987 0.1182064 0.24172655 0.054318383 4.6608024e-24 0.008155194 0.23008357 0.0058443733 0.043237444 0.0028588958 0.24848133 0.09207177 0.060999893 0.09502699 0.039661735 0.18599091 0.085800774 0.041632187 0.050360058 0.026307672 0.035488527 0.028686514 0.0024767471 0.19358876 0.03111028 0.26532868 0.0023754176 0.02483633 0.03172235 0.08252039 0.0136727 0.018635992 0.02532267 0.0106334835 0.042791784 0.11325848 0.013157764 0.010118556 0.08630461 0.010208533 0.017531902 0.015544851 0.014469186 0.0009371875 0.024059627 0.015371516 0.16620882 0.032365132 0.00029555222 0.007177064 0.03831872 0.0027450528 0.029431734 0.00054177264 0.01000017 0.018082457 0.0003033006 0.0036169619 0.004768085 0.018552909 0.00962728 0.057767153 3.6614543e-05 1.2611375e-05 0.0016799716 0.0024979073 0.009033001 0.033445235 0.001589872 0.00022892539 8.6357766e-05 0.020940185 0.013430494 0.0036987176 1.50994965e-05 0.0054964237 0.023647908 0.017851416 0.00026220205 0.003121646 0.003252864 0.031994276 0.00022856108 0.018321726 0.0014945652 3.486131e-06 0.0068227276 0.0005410072 0.0011127988 0.006333344 0.0034711545 0.018852942 0.012700453
1.0019844e-06 0.03174157 0.029492475 0.12426305 0.104756676 0.08525074 0.009679358 0.16683048 0.015504137 0.005266994 0.00360684 0.08829946 0.008155194 9.8569014e-26 0.0145530775 0.22844006 0.005036083 0.1367215 0.002337003 0.0057463595 0.005684839 0.0022976343 0.00514494 0.0027302809 0.0012278364 0.0017569442 0.00069880317 0.036097046 0.013971473 0.0006360998 0.09669719 0.0142932385 0.00040676445 0.005106974 0.18102747 0.006488286 0.049043622 0.015345504 0.050552282 0.08640527 0.006643593 0.084713556 0.022771312 0.0012752503 0.105779566 0.07192592 0.0012356668 0.080455944 0.0031298941 0.0039004204 0.00014579513 0.08713297 0.002571103 0.0044848844 0.00887843 0.00041590302 0.042695362 0.020912904 0.0035311976 0.017217997 0.01727755 0.045779753 0.08569883 0.0018469264 0.045466572 0.004188595 2.8741606e-05 0.0066353767 0.000622583 0.0020990383 0.01374745 0.013636537 0.005607073 0.003709591 0.084894374 0.0055495235 2.2667049e-05 0.032666713 0.003976938 0.027221547 0.002272362 0.058446642 0.0047198175 0.0014193096 0.0058651194 0.02102803 7.156269e-06 9.350582e-05 0.00037689513 0.016306873 0.03182777 0.0072550997 1.3998366e-05 0.001805399 0.0069343317 5.0254025e-06 0.0004941366 0.01599642 0.00020333647 0.002849718 0.000597858
1.824122e-08 0.07008959 0.07672196 0.06294791 0.10734108 0.016142236 0.02898675 0.025217634 0.14864323 0.046588738 0.14418252 0.039061468 0.23008357 0.0145530775 3.2274166e-27 0.008846792 0.01422401 0.004951872 0.0865252 0.019519096 0.022218728 0.03468084 0.037390422 0.06673276 0.029425204 0.00871959 0.0114807505 0.030752225 0.025086628 0.005861102 0.002181951 0.07579077 0.0074947514 0.09962182 0.002179202 0.0126280505 0.036654297 0.0322289 0.022497581 0.0064517213 0.016612735 0.023195326 0.030996278 0.024052706 0.029891513 0.003215678 0.025652785 0.02466444 0.010981175 0.00851375 0.0040805186 0.00038502965 0.0062633744 0.007258235 0.0506235 0.004602944 0.0006717297 0.002148455 0.008413868 0.0010112103 0.023361828 0.0021200485 0.01592769 0.006144878 0.0024447928 0.0014915146 0.0007050685 0.010650224 0.0029432008 0.010068501 0.0008641371 4.7507896e-05 0.0007524429 0.001011968 0.014194558 0.011202133 0.001489793 0.0010496677 0.0003979531 0.017116532 0.0041896314 0.009205611 0.00017620058 0.0073299343 0.008881321 0.013980577 0.00025231458 0.001095339 0.0017241067 0.029195901 0.0046796743 0.015637105 0.0009842002 2.2673212e-05 0.0076063327 0.0002651289 0.0003415454 0.008210124 0.0006115629 0.008611344 0.0102334535
5.7172074e-06 0.024543293 0.01507654 0.072443396 0.058099333 0.09400096 0.0073601534 0.13912198 0.008184019 0.0027313172 0.0032517146 0.061888758 0.0058443733 0.22844006 0.008846792 2.5453986e-24 0.0011530677 0.19307728 0.0014342476 0.0021906737 0.0009533256 0.0009982523 0.003277287 0.00114812 0.00078416185 0.00056961353 0.00049411185 0.02929422 0.010570751 0.0003025688 0.09746677 0.008482718 0.0002034963 0.0026157245 0.13428979 0.0032756447 0.04562219 0.011204164 0.066504724 0.05852047 0.004045599 0.11657253 0.018621096 0.0021524162 0.14223932 0.057238337 0.0022518686 0.10865911 0.0013293433 0.0010400898 9.190921e-05 0.0991591 0.0008180377 0.0014687142 0.0033580419 0.000679572 0.059508808 0.020863982 0.002962386 0.023741653 0.017659737 0.08151414 0.1237575 0.00038146865 0.07168679 0.0053463667 4.3855187e-05 0.00416492 0.00014641699 0.002997803 0.02732759 0.02594199 0.008256328 0.0044948165 0.1294887 0.006174658 1.15129305e-05 0.057689153 0.006070543 0.037045617 0.002453719 0.12060927 0.009679399 0.0012873365 0.0046867933 0.023757964 7.211173e-06 4.2693402e-05 0.00057694165 0.0077432944 0.043482024 0.006109115 6.7122955e-06 0.004816521 0.007040201 5.1065813e-06 0.0004152554 0.023001434 0.00027896656 0.00159086 0.0007639806
0.0020225206 0.012006552 0.124662444 0.0039001545 0.015896823 0.0023413943 0.15612301 0.00056179793 0.12712194 0.10947889 0.014592393 0.012106129 0.043237444 0.005036083 0.01422401 0.0011530677 4.28981e-21 0.00026966413 0.042052947 0.18453021 0.13477598 0.13115719 0.034061164 0.12328671 0.093000956 0.26168072 0.07379825 0.033855755 0.08598173 0.13104819 0.00064997614 0.021691613 0.15951958 0.06968606 0.0010699476 0.15187587 0.07291679 0.004376664 0.029387899 0.003581561 0.17305577 0.0037385926 0.11842502 0.078145586 0.0025747074 0.001926554 0.06958019 0.004243196 0.18883772 0.12061755 0.062636554 0.00027675522 0.14248127 0.13588329 0.034459922 0.058378078 1.4462266e-05 0.0018301356 0.0019151736 0.0011087554 0.11495372 3.371038e-05 0.0062964037 0.05834133 2.831076e-06 0.0012846886 0.03451483 0.14092143 0.048401263 0.021006972 2.6139337e-06 1.6250317e-05 0.00057146105 0.0006524912 0.0005917621 0.016737666 0.03170185 4.4924286e-06 1.2954498e-05 0.033647038 0.016438102 0.0012229445 2.6266507e-06 0.00079515734 0.025876509 0.031114314 0.009716765 0.01975339 0.012100438 0.06425412 2.1575888e-06 0.032045025 0.021118745 7.877611e-06 0.011678324 0.007989767 1.4261083e-05 0.0033192914 0.004553648 0.013138183 0.0033287331
1.1030215e-05 0.0134737855 0.0056078653 0.046743955 0.023055268 0.048889525 0.0025855536 0.07924961 0.005016162 0.0013598123 0.002734686 0.03096248 0.0028588958 0.1367215 0.004951872 0.19307728 0.00026966413 7.1170494e-24 0.00081225595 0.0020108046 0.00026710925 0.0010350123 0.0019806928 0.00079430436 0.0008876088 0.00014053457 0.0005280216 0.016103728 0.0052797827 0.0002041506 0.0645181 0.0059839194 8.160765e-05 0.001607018 0.11766268 0.0013399222 0.027962027 0.00829305 0.03870176 0.051771954 0.0015956333 0.07776508 0.010425199 0.0022580328 0.09414226 0.0473697 0.0028095574 0.076670066 0.00046359538 0.0003788382 4.7195852e-05 0.08629344 0.00025192625 0.00043681113 0.0021213137 0.00094917574 0.03744424 0.018162388 0.00217609 0.017121408 0.012025305 0.06594458 0.080264986 0.00015152372 0.04496353 0.004351042 5.029783e-05 0.0019283316 3.1944393e-05 0.0019593982 0.016735854 0.020374965 0.007621646 0.003930547 0.10097963 0.0032362337 2.5165923e-06 0.03683979 0.004679543 0.022748468 0.0013206906 0.11251771 0.012227625 0.0015410493 0.0039777686 0.014471104 2.7077815e-06 1.8483131e-05 0.00030835316 0.0032724133 0.025862942 0.005995872 1.8756829e-06 0.005677612 0.003578657 2.0815785e-06 0.00048393698 0.012837584 0.0002600373 0.0013842116 0.0009684256
3.2824724e-07 0.043635946 0.080268756 0.034462683 0.030080546 0.006238304 0.050509233 0.008414045 0.1740238 0.09701358 0.11786113 0.022455191 0.24848133 0.002337003 0.0865252 0.0014342476 0.042052947 0.00081225595 4.868497e-25 0.07975503 0.03919907 0.10181286 0.023500212 0.19696799 0.12342011 0.034164757 0.07852216 0.017501555 0.027539996 0.035129346 0.00068334653 0.098993696 0.059775542 0.25920695 0.0005079356 0.023426652 0.023010517 0.048785396 0.008185029 0.009063237 0.025662452 0.0075798687 0.03036441 0.12726699 0.009151485 0.0058939764 0.10915011 0.0072910464 0.018431647 0.018380258 0.022228537 0.00019058712 0.021298666 0.01615354 0.09493197 0.051466927 4.5965942e-05 0.0047741598 0.019906927 0.001495124 0.026329502 6.165575e-05 0.0061670872 0.018964972 6.197622e-05 0.0013845292 0.006120297 0.019151157 0.008939773 0.046599768 7.968912e-06 2.4092585e-06 0.00060342345 0.00086729176 0.0038343547 0.032966517 0.0020692772 1.5670656e-05 1.6332444e-05 0.018944709 0.012520371 0.0035884378 6.16686e-06 0.0021433213 0.012495113 0.016747246 0.00010643684 0.0025500457 0.0035546466 0.030818814 2.6031234e-05 0.014069046 0.0018471158 5.919268e-07 0.007837615 0.00042117148 0.00016797615 0.0053781467 0.0031225227 0.012693527 0.005572163
5.234263e-05 0.024774227 0.15362786 0.01609664 0.013952026 0.018692493 0.2191869 0.009113313 0.22377281 0.17860226 0.02054198 0.03485671 0.09207177 0.0057463595 0.019519096 0.0021906737 0.18453021 0.0020108046 0.07975503 3.1341744e-20 0.1671005 0.2768198 0.028785411 0.19763798 0.1456667 0.2834067 0.13899365 0.030898595 0.09025915 0.19436175 0.0040234444 0.043100208 0.28106222 0.096507154 0.0052215173 0.11562581 0.057655066 0.021472745 0.018581385 0.020970281 0.15643239 0.014553799 0.093978316 0.111408785 0.013477186 0.008764555 0.11664386 0.011810199 0.20385164 0.14257273 0.120548904 0.0052537676 0.16920036 0.16212496 0.054512244 0.1023707 0.00033028852 0.0057485546 0.011575509 0.0046835407 0.055341825 0.0002933887 0.0086042425 0.0794771 0.00033950535 0.0054464824 0.057616077 0.07739524 0.06554528 0.034547053 3.3677283e-05 0.0003055672 0.0017869744 0.006298001 0.0061929193 0.023109214 0.038904198 0.00013171855 0.00022269954 0.026655182 0.026590003 0.0026487028 5.4755037e-05 0.004583318 0.025822109 0.021333875 0.02247031 0.03433165 0.022359489 0.048929688 0.0001286349 0.027036317 0.032580618 0.00014244957 0.009123056 0.0166847 0.0010969907 0.004094017 0.009182687 0.009495484 0.005646835
0.010050916 0.022688722 0.15476865 0.00783197 0.025391566 0.005859889 0.15937099 0.0010430081 0.13151334 0.10047521 0.018745884 0.038033992 0.060999893 0.005684839 0.022218728 0.0009533256 0.13477598 0.00026710925 0.03919907 0.1671005 8.3265915e-21 0.14825773 0.122086704 0.104756676 0.08497566 0.2616363 0.063779734 0.1542197 0.36242855 0.14540155 0.0004539664 0.038236186 0.14953668 0.06206585 0.00062146265 0.29412708 0.20410024 0.006116399 0.11138212 0.00251774 0.30906457 0.017988468 0.30532327 0.0632969 0.011968352 0.0013865244 0.05721246 0.029548923 0.17769577 0.14896764 0.041151907 0.00012776758 0.15129596 0.12958473 0.05653498 0.03939547 1.0414018e-05 0.003756892 0.005256206 0.0013271513 0.22745425 2.438052e-05 0.02316562 0.042956185 7.342979e-06 0.003147436 0.010825599 0.20711343 0.030375173 0.029608758 2.540281e-06 8.58912e-06 0.0010442422 0.00025019114 0.0010023994 0.02038219 0.007955336 4.168089e-06 8.423859e-06 0.06026491 0.009079553 0.0037885883 3.2635369e-06 0.0037061186 0.037610516 0.05263418 0.0018142316 0.014214769 0.0046766023 0.08906916 2.5803806e-06 0.045265187 0.0035239481 4.783881e-06 0.02160992 0.004399406 2.2150121e-05 0.0062287096 0.002053373 0.020828992 0.006747078
7.5254407e-06 0.03148644 0.11080923 0.019732026 0.014592568 0.01310461 0.14106625 0.009325973 0.21037869 0.14904971 0.032096613 0.04281338 0.09502699 0.0022976343 0.03468084 0.0009982523 0.13115719 0.0010350123 0.10181286 0.2768198 0.14825773 8.0603444e-22 0.018512381 0.2901189 0.18005136 0.20346263 0.15680394 0.025121361 0.06493342 0.12411898 0.001973865 0.06656616 0.20720108 0.14280464 0.002186859 0.08702559 0.0483218 0.03616675 0.01733779 0.01604002 0.10934304 0.017739773 0.08166115 0.14456248 0.019697895 0.004469884 0.13348746 0.012430137 0.1119169 0.08452603 0.0833137 0.002124084 0.101284154 0.08403652 0.06681759 0.10134107 0.00024954157 0.0036392412 0.0122495275 0.0029040745 0.05481897 0.00017751397 0.009550291 0.05254055 0.0004121176 0.0027544973 0.038122717 0.06531447 0.041739557 0.03293356 5.3042826e-05 9.799653e-05 0.0009824748 0.0020861295 0.008541897 0.030308269 0.019875977 0.00011916781 9.9432924e-05 0.028892836 0.023823984 0.0035407005 2.3220367e-05 0.002228335 0.018677404 0.022978643 0.009810286 0.01955197 0.012964029 0.053177003 0.00019445791 0.018653212 0.016600596 2.8328735e-05 0.009618579 0.0065010265 0.00041284884 0.004104324 0.006073317 0.006349125 0.0035142773
0.0106617585 0.043035835 0.09028315 0.023815732 0.03817587 0.024607563 0.054603428 0.006624947 0.05256969 0.04510567 0.017161801 0.105575226 0.039661735 0.00514494 0.037390422 0.003277287 0.034061164 0.0019806928 0.023500212 0.028785411 0.122086704 0.018512381 2.1428459e-22 0.024398137 0.015402353 0.049989447 0.0051299576 0.37618816 0.38204795 0.031602196 0.00029868862 0.04750814 0.0180301 0.047510304 0.00033490706 0.0842648 0.36105856 0.013068567 0.2886424 0.0015636053 0.08220157 0.08494807 0.27410424 0.024132755 0.06106063 0.0008116578 0.010801488 0.107812196 0.02895519 0.027427267 0.0024360802 3.224407e-05 0.019724494 0.017037012 0.040005185 0.0032546138 1.391908e-05 0.0027953966 0.009742849 0.00063827186 0.14321001 0.00010367666 0.05877312 0.0061926236 9.8067125e-05 0.0042328937 0.00012174565 0.07905878 0.0038148302 0.016134733 1.7976316e-05 2.7239826e-06 0.00019591617 9.614832e-05 0.0021721576 0.011442183 0.00011577346 1.377761e-05 9.8017e-07 0.06693226 0.0005808869 0.0071489746 1.0155809e-06 0.007484319 0.032969717 0.06281633 2.7259539e-05 0.0019122016 0.00018568581 0.029883865 8.593643e-06 0.04595252 8.902584e-05 9.234192e-07 0.021522556 0.000256135 0.00014861581 0.010904103 0.00013899733 0.018445497 0.010340434
1.1120952e-06 0.043643653 0.1075842 0.031541035 0.03471566 0.014436954 0.10342008 0.016188277 0.18388246 0.14221598 0.06695636 0.045983292 0.18599091 0.0027302809 0.06673276 0.00114812 0.12328671 0.00079430436 0.19696799 0.19763798 0.104756676 0.2901189 0.024398137 1.3395418e-23 0.28454646 0.1488256 0.24094032 0.035172734 0.061866295 0.119769275 0.0014265669 0.08270419 0.22496118 0.27414766 0.0019514018 0.089275725 0.06552859 0.037298124 0.025456741 0.015259853 0.10726782 0.026064444 0.08069093 0.22032355 0.026299654 0.004329013 0.23826449 0.025670804 0.0936315 0.09122258 0.10267157 0.0015239686 0.098641135 0.06877143 0.092872486 0.18804522 0.000117023155 0.003567266 0.0038017014 0.0022295446 0.07296576 0.00014469793 0.019052217 0.07425607 0.00011747669 0.0008476838 0.046839397 0.07139756 0.043839872 0.041412167 2.2482805e-05 1.1207966e-05 0.0006349361 0.00067397015 0.010142962 0.04214053 0.01408885 5.3850803e-05 6.27808e-05 0.04624987 0.022889057 0.0026247015 6.013971e-06 0.0014249202 0.014412501 0.036300804 0.0055616936 0.013778649 0.01522384 0.06688707 7.002722e-05 0.01121257 0.010233073 5.4116886e-06 0.013258419 0.0068206196 8.9726986e-05 0.0040458865 0.004573319 0.0054912004 0.0015427013
1.0307203e-06 0.027532317 0.07276137 0.016976297 0.012258924 0.009068079 0.08616086 0.0074122087 0.13480435 0.10917367 0.022930445 0.029347237 0.085800774 0.0012278364 0.029425204 0.00078416185 0.093000956 0.0008876088 0.12342011 0.1456667 0.08497566 0.18005136 0.015402353 0.28454646 6.1887596e-23 0.10342575 0.14010243 0.019759033 0.05150902 0.08367647 0.0010537807 0.05876691 0.1354123 0.19477794 0.0011895667 0.06616311 0.037834387 0.028171157 0.016100772 0.010221583 0.07264542 0.018725013 0.05383375 0.18004042 0.022245606 0.002293841 0.15990871 0.014107291 0.06831707 0.06632764 0.06379865 0.00072156056 0.07590381 0.055181034 0.06164034 0.11191226 8.904944e-05 0.0017201809 0.0062342123 0.0013520079 0.048155773 9.049137e-05 0.012413539 0.04564375 0.00020040179 0.0011044363 0.030023634 0.0505106 0.036432397 0.035639625 2.125702e-05 3.0007404e-05 0.00035774094 0.00090076536 0.007069083 0.031752475 0.015677756 3.357358e-05 4.7340465e-05 0.028090555 0.022732554 0.0036064514 6.327913e-06 0.0011550642 0.011698193 0.023794148 0.0062223 0.014012725 0.013046631 0.04945187 2.9955827e-05 0.009802692 0.013167711 5.7886346e-06 0.01075457 0.0057320027 0.0001538189 0.0040114047 0.0054097185 0.0040630912 0.0017702472
0.0025002668 0.016979098 0.1281783 0.0049540494 0.014952425 0.002424893 0.19645634 0.0004924907 0.12420807 0.16836739 0.009490441 0.02332053 0.041632187 0.0017569442 0.00871959 0.00056961353 0.26168072 0.00014053457 0.034164757 0.2834067 0.2616363 0.20346263 0.049989447 0.1488256 0.10342575 1.298583e-20 0.091341436 0.06892204 0.18654297 0.24201752 0.0008513994 0.01736415 0.24851981 0.055628266 0.0018352644 0.3063957 0.12489809 0.0043592644 0.08863459 0.0034145066 0.34436673 0.0074867113 0.21891487 0.074866496 0.004833134 0.0013721816 0.07888183 0.01246213 0.37994856 0.28169096 0.09349103 0.0004623256 0.310085 0.2995799 0.031610593 0.06796683 1.2602381e-05 0.0038390402 0.001893179 0.000695214 0.24586192 1.3545445e-05 0.016062453 0.09641664 1.7214795e-06 0.0033647544 0.042710043 0.24212903 0.06838607 0.021914072 2.1103053e-06 1.8416937e-05 0.0006341482 0.0003988414 0.0005082493 0.01799256 0.047023762 3.775839e-06 8.4284766e-05 0.0653731 0.020630287 0.00198669 8.31978e-06 0.0008034164 0.026762284 0.052726142 0.016175145 0.032758933 0.012451693 0.13710877 3.1867853e-06 0.0378983 0.025808206 2.0805792e-05 0.018748328 0.015370345 1.9610825e-05 0.0037896722 0.005701739 0.010467898 0.003914568
1.5148702e-06 0.0072805197 0.04367357 0.0062392293 0.0043662875 0.0041168234 0.06228159 0.003831785 0.11949119 0.07652285 0.011690018 0.0075870864 0.050360058 0.00069880317 0.0114807505 0.00049411185 0.07379825 0.0005280216 0.07852216 0.13899365 0.063779734 0.15680394 0.0051299576 0.24094032 0.14010243 0.091341436 1.2421868e-22 0.011260664 0.026096683 0.08852026 0.0005733878 0.02478481 0.15327048 0.1307716 0.00068278925 0.043614455 0.019443568 0.017234674 0.010968234 0.004984779 0.054108292 0.011295489 0.025874166 0.14009392 0.013750584 0.0020608217 0.12479679 0.008250024 0.0686218 0.060707387 0.07539998 0.00054449576 0.07204193 0.056639966 0.030482182 0.11206349 2.8390914e-05 0.0010819338 0.0035005333 0.0012884634 0.026646657 2.7298327e-05 0.00790039 0.051446836 5.7154004e-05 0.0008679206 0.04090519 0.046986107 0.04608005 0.021973453 4.465144e-06 7.069133e-06 0.00040460794 0.0022281415 0.005296269 0.023262864 0.025922894 5.6172503e-06 2.5231806e-05 0.011603245 0.02065487 0.0018325807 1.7397729e-06 0.0018324906 0.011271009 0.0075033978 0.010754448 0.01741082 0.011570101 0.03142198 1.1313859e-06 0.012478965 0.020887306 1.9405293e-06 0.0027669899 0.007507807 0.00071328133 0.0012645548 0.0050458736 0.0051467954 0.0028030488
0.052346528 0.04257755 0.10640115 0.038642835 0.04990546 0.0693452 0.048729353 0.028616928 0.03323673 0.034363087 0.019646013 0.21334077 0.026307672 0.036097046 0.030752225 0.02929422 0.033855755 0.016103728 0.017501555 0.030898595 0.1542197 0.025121361 0.37618816 0.035172734 0.019759033 0.06892204 0.011260664 2.4016711e-20 0.3970904 0.024020182 0.007002545 0.025746595 0.017914645 0.019907298 0.006163924 0.107012704 0.57037973 0.014935579 0.5586916 0.008746386 0.101445645 0.22731708 0.34767616 0.015996322 0.21618465 0.006708792 0.010430618 0.28912583 0.031547192 0.013205294 0.0040424443 0.00086368027 0.010247711 0.011280262 0.031101145 0.0038674972 0.00057767914 0.009512542 0.016465558 0.0055068857 0.23914804 0.0025398547 0.1712516 0.0017824683 0.0010703328 0.009096255 0.0002382103 0.06780414 0.0020611885 0.014511846 0.00017677991 6.77625e-05 0.0026292522 0.0016920129 0.00925872 0.016736096 0.00017978551 0.00058793544 6.728302e-05 0.12411125 0.0016623386 0.017309397 4.8312715e-05 0.01583518 0.030697286 0.077538915 8.872232e-05 0.0006151979 0.0018963964 0.01857526 0.00042477055 0.049035136 6.138897e-05 9.723234e-05 0.023778377 0.00043577093 0.0014224383 0.022331072 0.0016052008 0.01724948 0.011202501
0.06558546 0.05403967 0.16806856 0.029537672 0.026336327 0.04419903 0.14887416 0.014043629 0.07192833 0.072225615 0.026092434 0.08630428 0.035488527 0.013971473 0.025086628 0.010570751 0.08598173 0.0052797827 0.027539996 0.09025915 0.36242855 0.06493342 0.38204795 0.061866295 0.05150902 0.18654297 0.026096683 0.3970904 1.4376267e-18 0.081415676 0.0024096032 0.032155495 0.07339154 0.02858044 0.001953956 0.2480698 0.454856 0.013530759 0.32337597 0.0049772016 0.23749219 0.068317525 0.6146728 0.024660867 0.06620537 0.00498106 0.017851382 0.09192196 0.09935165 0.054836627 0.017329408 0.00053894444 0.048334975 0.04341668 0.05484368 0.008733212 0.0003210481 0.0063418816 0.009535935 0.0040285992 0.35906848 0.0007510038 0.049751807 0.014959656 0.00044171486 0.0056745373 0.0013934819 0.14609909 0.011812025 0.02774991 4.584703e-05 3.550567e-05 0.0021874765 0.0016232174 0.005728743 0.024826659 0.0024142633 9.390367e-05 7.5579395e-05 0.106297076 0.0047066654 0.00560939 9.282192e-06 0.0127691515 0.05057038 0.09136301 0.0005981925 0.007778666 0.0038564187 0.061047476 7.303168e-05 0.064202085 0.0014971488 7.1858645e-05 0.03279374 0.0028683448 0.0011618662 0.010521674 0.0025217074 0.028497089 0.015585004
0.0005661008 0.012355325 0.045261845 0.0094480645 0.0048807594 0.0049947235 0.09611006 0.0025360463 0.0880132 0.083531976 0.0052399924 0.013657772 0.028686514 0.0006360998 0.005861102 0.0003025688 0.13104819 0.0002041506 0.035129346 0.19436175 0.14540155 0.12411898 0.031602196 0.119769275 0.08367647 0.24201752 0.08852026 0.024020182 0.081415676 1.0115117e-19 0.0011419524 0.01709108 0.30372584 0.06541376 0.0028124943 0.17404565 0.055893864 0.007969943 0.022209747 0.0061790906 0.21927062 0.012686298 0.100235015 0.074512444 0.012691853 0.0022566863 0.07214379 0.012770638 0.30681995 0.24481581 0.12203279 0.0034656022 0.30451116 0.2797009 0.020994965 0.07425083 2.0045405e-05 0.0035062332 0.006864995 0.0028311221 0.1288657 1.5969537e-05 0.012585453 0.13614182 2.2596168e-05 0.0034526591 0.06911207 0.17750072 0.106336646 0.020060198 4.7552066e-06 6.3903135e-05 0.0004883574 0.0014039142 0.0019718527 0.015021437 0.07707257 8.075861e-06 0.0001457448 0.045245595 0.023522427 0.0021465158 5.810891e-06 0.0012814142 0.017990423 0.03644649 0.03798083 0.060478944 0.025742346 0.13173293 1.0149299e-05 0.015483525 0.055845987 5.4755506e-05 0.01412172 0.033174675 0.00017462276 0.0035006052 0.012615303 0.0056688087 0.0019529108
9.070923e-08 0.0054090843 0.005711502 0.025113964 0.016056241 0.0323235 0.0034759296 0.055408444 0.004793851 0.0020351077 0.00083131786 0.019719614 0.0024767471 0.09669719 0.002181951 0.09746677 0.00064997614 0.0645181 0.00068334653 0.0040234444 0.0004539664 0.001973865 0.00029868862 0.0014265669 0.0010537807 0.0008513994 0.0005733878 0.007002545 0.0024096032 0.0011419524 7.365344e-27 0.0013156646 0.00057038816 0.0026121882 0.31354076 0.00092175417 0.010666472 0.0030990138 0.012857359 0.03712039 0.0014039974 0.03274373 0.006007002 0.0014070092 0.039650023 0.036354642 0.0009039133 0.02721701 0.0007952488 0.0006381346 6.120022e-05 0.2514276 0.00078584027 0.00093207974 0.0012913351 0.00023094431 0.050371014 0.008602003 0.0030481874 0.008173757 0.0031171257 0.039178353 0.018254684 0.00025199115 0.030938437 0.002276745 1.1002595e-05 0.00053752033 8.3367695e-06 0.0015434385 0.0067430376 0.028910806 0.008711813 0.0030972143 0.061987143 0.0035825428 1.2238893e-06 0.02582275 0.014164943 0.004233596 0.0007046188 0.027156953 0.029180467 0.0020626287 0.0043889526 0.00271452 4.859839e-07 1.0162214e-06 6.263225e-05 0.0023035032 0.015980214 0.004504175 6.8242457e-07 0.017965605 0.00063648727 3.8694137e-07 0.0005279735 0.002083484 4.356793e-05 0.0013096184 0.0010913814
3.7474127e-08 0.068935946 0.08280637 0.04556222 0.04848155 0.013920993 0.046578787 0.019487178 0.1598034 0.05177137 0.1111167 0.04144878 0.19358876 0.0142932385 0.07579077 0.008482718 0.021691613 0.0059839194 0.098993696 0.043100208 0.038236186 0.06656616 0.04750814 0.08270419 0.05876691 0.01736415 0.02478481 0.025746595 0.032155495 0.01709108 0.0013156646 3.1494591e-25 0.018699361 0.082400955 0.0017676011 0.019661313 0.03256535 0.020887982 0.013661707 0.011346742 0.032889094 0.018702263 0.043275487 0.030587487 0.025750866 0.0093819 0.028817018 0.01723308 0.030788489 0.021721283 0.013132616 0.0010432111 0.018476678 0.021970514 0.051557586 0.013321543 0.00065995654 0.0061776005 0.024113713 0.0068315603 0.022194067 0.00246693 0.009331368 0.01919226 0.00031212665 0.0042840107 0.003454128 0.012154808 0.008505003 0.026676644 0.0002044602 2.0024157e-05 0.0017854609 0.005221849 0.006796974 0.020488672 0.0052591665 0.0027846699 0.00014625858 0.01123861 0.010220481 0.007107578 0.00010354258 0.021012997 0.02059587 0.008290994 0.0012219128 0.0010821252 0.0059249816 0.023925457 0.00040293255 0.032766417 0.002014654 1.09541925e-05 0.004324043 0.0006373431 0.0020923319 0.0064223437 0.002289755 0.019396199 0.024944015
