5.947845e-35 0.37167168 0.87973833 0.12102104 0.10522698 0.075515494 0.78236526 0.13167772 0.046076767 0.44028825 0.25738686 0.7962217 0.72855115 0.8066438 0.8348515 0.1840847 0.71562827 0.85760254 0.46983373 0.8787635 0.8956561 0.89189166 0.8907635 0.89860135 0.87585753 0.9212145 0.5239026 0.9310653 0.50388324 0.231392 0.011468023 0.8975587 0.031101594 0.95995456 0.8481093 0.8769081 0.024459412 0.142757 0.003382609 0.5004613 0.9417786 0.6604193 0.46653903 0.8988538 0.0130170155 0.53192985 0.8208808 0.9713744 0.012549784 0.57945937 0.977368 0.10481011 0.9454093 0.018794801 0.028220996 0.010594518 0.98681915 0.89396656 0.03137234 0.96768165 0.26748642 0.28633586 0.00040381905 0.8691006 0.0008243306 0.0010290489 0.85038024 0.0029715493 0.001538043 0.97941816 0.9929758 0.0021352563 0.0049105394 0.00082365336 0.9551513 0.9962327 0.000836926 0.849417 0.0008796308 0.006319269 0.09409815 0.94708854 0.18311596 8.218326e-05 0.9886926 0.0037243904 0.00025252014 1.7094655e-05 0.5546562 0.9896505 0.00015107225 0.9997197 0.0009665507 0.8453169 0.00033917263 0.9919729 0.99961424 0.9095615 0.15667836 0.050030626 9.420353e-05
0.37167168 1.8060724e-18 0.74903 0.78054345 0.7152082 0.45097536 0.89043266 0.5884983 0.3446318 0.2044115 0.072701 0.14732097 0.08575617 0.3606281 0.21685848 0.025214417 0.23980802 0.05016835 0.019606052 0.13874683 0.021485683 0.07703574 0.04901788 0.17104386 0.057129364 0.0224302 0.0029363374 0.06297615 0.0014969474 0.0012734195 0.02826218 0.0075629223 0.012392024 0.0061640944 0.0015018141 0.027044969 0.022547664 0.00015606712 0.009454076 0.00016525133 0.0020187255 0.003994074 3.4434648e-05 0.0027471636 0.011537017 5.1934156e-05 0.0009871311 0.01632378 0.001403998 0.0007051516 0.08858714 0.00066598825 0.029109862 0.0021584306 4.000522e-06 0.00037741652 0.03801183 2.0791995e-06 0.0007472363 0.014157299 0.0013644279 1.3552958e-06 0.0004948372 0.00013567907 0.00013794274 0.00023419893 2.7607603e-05 0.0029806618 0.0017294893 0.008639797 0.0151581755 7.330532e-06 1.1228562e-05 0.001123904 0.0044150054 0.008214411 0.00023440114 0.0010409054 0.0028735977 5.494138e-06 7.023194e-05 0.0045218947 0.0003804403 1.1515533e-05 0.005270931 3.307659e-05 3.5387689e-07 0.000116690055 0.0018524645 0.001064036 0.0024870965 0.0045948606 0.0003302309 0.0050331275 0.0047259 0.0004433729 0.0014975313 0.00022985293 0.00021332434 5.7039655e-05 1.8733374e-08
0.87973833 0.74903 9.467913e-17 0.26843625 0.22327335 0.60440433 0.40331173 0.10432215 0.34634954 0.06003849 0.7754865 0.045663323 0.020659372 0.31118378 0.48650864 0.49552077 0.18699893 0.0087280795 0.55101407 0.08860886 0.002986372 0.42135176 0.009358336 0.24130645 0.3469474 0.0060085026 0.00077818934 0.05571162 0.00024329712 0.0005510836 0.04231586 0.0015501771 0.23267432 0.002846783 0.0001409778 0.18092164 0.20200674 2.9835082e-05 0.0031417983 6.283449e-06 0.00040469746 0.03445691 1.3273973e-06 0.040775415 0.04032092 1.1144426e-06 5.415786e-05 0.008851422 0.00013639613 0.0109542515 0.11962827 0.022850139 0.15569861 0.05227316 1.9746582e-07 2.5004192e-05 0.06448779 3.1716464e-08 0.013930742 0.06537353 0.011748957 3.992746e-08 0.00012884977 4.8196544e-06 3.8822174e-05 1.470563e-05 3.9249035e-06 0.020778647 0.0062708096 0.047134124 0.045134414 9.842108e-07 1.1076551e-06 0.0011377266 0.040320154 0.007556444 8.683253e-05 0.0001942368 0.00089048303 1.2683859e-06 0.0031682428 0.028915744 0.0022354985 5.4318175e-06 0.035690576 0.00040478972 3.115492e-07 0.0006030291 0.00038771634 0.0007059974 0.0036246174 0.039200645 0.0020543248 0.0023980287 0.0018438001 0.00013432736 0.003071267 0.0024915906 0.002613418 0.00030624866 2.1046778e-06
0.12102104 0.78054345 0.26843625 1.1317718e-20 0.9251529 0.07560626 0.4222256 0.83621883 0.12192841 0.672888 0.012937653 0.37165955 0.32283834 0.1359573 0.04983588 0.004839296 0.17522486 0.20405799 0.0072656167 0.10667721 0.10849228 0.018017579 0.11281804 0.05311476 0.014526552 0.0564939 0.009984033 0.06644494 0.003837545 0.0033595823 0.013562573 0.020372016 0.0034112663 0.017053004 0.0046018977 0.0064091487 0.007943384 0.0010035797 0.01678263 0.0009615571 0.0036939657 0.0013891164 0.00041469006 0.0007752223 0.0045608776 0.0005163065 0.002422311 0.030013623 0.002709761 0.00035108166 0.036455248 0.00016974045 0.010966853 0.00033097528 2.8569797e-05 0.0006470986 0.025756871 1.2042491e-05 0.000162999 0.0071017914 0.00034707107 5.930453e-06 0.0004982369 0.00014237323 0.00042904462 0.00041776817 0.00010277023 0.0003632522 0.00042874212 0.0043943636 0.0072875177 7.516375e-06 4.3979603e-06 0.00074117805 0.00087326823 0.009471083 0.0021662782 0.0008215775 0.0018169587 1.7143806e-06 4.5861484e-06 0.0021268215 3.4507368e-05 2.2590373e-05 0.0014835844 3.6508583e-05 1.2174669e-06 1.6033204e-05 0.0018209076 0.0023601416 0.00034373917 0.0032741397 0.00011239356 0.004180258 0.0008416889 0.0008993912 0.00037723302 6.106654e-05 5.2614738e-05 1.4080857e-05 6.5168853e-09
0.10522698 0.7152082 0.22327335 0.9251529 1.8616027e-21 0.054021757 0.40575042 0.8630295 0.10046398 0.727776 0.015877273 0.42374685 0.40316048 0.13767916 0.042980075 0.00628525 0.18301696 0.2508535 0.0090084355 0.10877 0.15008695 0.014549775 0.12354179 0.04713601 0.013795761 0.07041497 0.022128386 0.05990613 0.0073501864 0.0064565097 0.012468926 0.03556063 0.003748096 0.024060665 0.0064495984 0.006815558 0.008093742 0.0013487233 0.019503573 0.0015874411 0.00613225 0.0018031817 0.00087087636 0.00082766317 0.0041978024 0.000818581 0.00320799 0.030754125 0.004440919 0.00042459441 0.039313644 0.00023779446 0.009448745 0.0002992703 4.2728145e-05 0.000780656 0.026995441 2.8292854e-05 0.00015784068 0.0068132444 0.0003989135 1.2088194e-05 0.00068223244 0.00023365392 0.0006955615 0.0004182262 0.00016766503 0.00028916288 0.00032399315 0.0046956474 0.007883509 6.9495213e-06 4.428694e-06 0.0006374373 0.0007429192 0.013708162 0.0023061156 0.0013099831 0.0017404278 2.2854647e-06 5.263112e-06 0.0022778611 3.3978664e-05 3.2991753e-05 0.0012994033 4.3617983e-05 2.3442103e-06 1.7121461e-05 0.0021436657 0.0035768845 0.0002260612 0.0032657634 0.00014855275 0.005798782 0.0003685598 0.0011612416 0.00047374223 6.996474e-05 4.7952934e-05 1.3650889e-05 3.78086e-09
0.075515494 0.45097536 0.60440433 0.07560626 0.054021757 3.8900652e-21 0.08072454 0.13588841 0.841345 0.009557161 0.15559946 0.008465481 0.003237311 0.03638852 0.023048876 0.023938555 0.023328181 0.0036466809 0.00985807 0.010982568 0.0019441854 0.014343715 0.004955616 0.023831205 0.009125014 0.0018116719 0.00025727632 0.0051804925 7.0851325e-05 0.00013840487 0.41089347 0.00044610625 0.030004678 0.00060223654 0.0001274998 0.00453075 0.13299018 6.5286085e-06 0.009273654 6.0391562e-06 3.1856227e-05 0.0007314885 1.642163e-06 0.00029703538 0.12017822 1.8748567e-06 3.0915806e-05 0.001167368 0.00011282634 0.00022729688 0.005973206 9.795206e-05 0.003074715 0.0016486787 2.0460735e-07 1.9927762e-05 0.004016787 1.7370441e-08 0.00015007753 0.0018575117 0.0006253821 5.6455363e-08 0.00011931132 1.210816e-06 4.051164e-05 4.1735602e-05 3.579602e-07 0.012218049 0.009865392 0.00086112 0.0015867606 3.438808e-07 3.4655437e-07 0.0022521305 0.00025668886 0.0005086035 0.0004991129 4.080501e-05 0.0024955955 9.804023e-08 7.0194606e-06 0.0004321854 2.6556405e-05 6.0032103e-06 0.00063977315 8.201957e-06 2.9369604e-08 2.6590364e-05 7.740543e-05 7.356897e-05 0.0003029641 0.00057369797 3.4633307e-05 0.00067590823 0.00088112894 6.1638084e-06 2.4471463e-05 1.7289682e-05 1.511905e-05 2.4029644e-06 4.380883e-09
0.78236526 0.89043266 0.40331173 0.4222256 0.40575042 0.08072454 1.784745e-18 0.28697547 0.06459135 0.20743605 0.039549775 0.2624782 0.1558678 0.6137943 0.38698214 0.021205679 0.527294 0.10771856 0.010385945 0.40559846 0.03285042 0.13931207 0.10854063 0.35557812 0.09042521 0.050951358 0.0020927093 0.21793672 0.001117015 0.00091354793 0.0085288705 0.006021355 0.003582292 0.007835284 0.0005585885 0.033225074 0.011433631 0.00013361713 0.00459439 3.544085e-05 0.0017591475 0.002326317 1.2942508e-05 0.0026377875 0.0045871004 1.0812436e-05 0.00036429265 0.062260505 0.00078204204 0.00027993103 0.1718847 0.00015888776 0.069620185 0.0005043619 7.9615546e-07 7.7818e-05 0.10513159 7.3747316e-07 7.584858e-05 0.039232686 0.00025282498 2.4442517e-07 0.00022321602 8.083023e-05 2.6712312e-05 4.0420604e-05 5.5090102e-05 0.0040458282 0.00328329 0.029758101 0.063382655 4.743399e-06 1.6844873e-06 0.0036482187 0.009576083 0.035132527 0.0006345484 0.0007394205 0.008072897 7.63386e-06 2.443858e-05 0.004576116 0.0001447345 4.442479e-06 0.009620121 1.3453665e-05 1.8898865e-07 0.00019245598 0.0008950747 0.0034905255 0.008197747 0.014570853 0.00034598363 0.0028900641 0.030215047 0.0011696564 0.00221275 4.574937e-05 2.2292168e-05 2.3865334e-05 6.188016e-08
0.13167772 0.5884983 0.10432215 0.83621883 0.8630295 0.13588841 0.28697547 1.2728882e-20 0.4758148 0.8786438 0.03663291 0.38176852 0.6475851 0.053054202 0.018567676 0.016883539 0.105561554 0.3307792 0.02088871 0.054640554 0.17719804 0.007123179 0.097025335 0.018386174 0.0059656315 0.05351491 0.14071532 0.044407535 0.043567725 0.15248148 0.14738669 0.023731815 0.0059489883 0.013777933 0.011945751 0.002110691 0.021198051 0.009627628 0.5199687 0.0023869833 0.0038256273 0.00062736537 0.0016901066 0.0002633335 0.0154365515 0.0018967617 0.0013508375 0.016735097 0.09503213 0.0001858596 0.010174215 0.00018898823 0.0022208206 0.00024484782 0.00016770996 0.006614577 0.0076653427 7.698936e-06 0.00013295296 0.0016397089 0.00035718599 2.968455e-05 0.020523775 0.00013661562 0.02110882 0.008962479 4.6870213e-05 0.00017073435 0.00063879165 0.0005588429 0.0024971333 2.9271612e-05 1.2288594e-05 0.0013723732 0.00018347612 0.005734969 0.019671928 0.00048183426 0.0037671642 1.2776464e-06 6.1612054e-06 0.00048439644 4.672782e-06 0.00031170275 0.00036678728 9.4486226e-05 7.692075e-06 2.4225837e-05 0.00070273684 0.0015860791 9.412737e-05 0.0014591266 0.0018132785 0.0027676697 3.9740127e-05 9.753557e-05 5.133043e-05 7.826608e-06 1.5171278e-05 3.2863943e-05 4.5815495e-06
0.046076767 0.3446318 0.34634954 0.12192841 0.10046398 0.841345 0.06459135 0.4758148 4.588831e-21 0.035554517 0.03886835 0.01814898 0.011005136 0.034731135 0.01661676 0.0063490258 0.03469059 0.009554919 0.0034467503 0.017074633 0.0049879886 0.008128771 0.00832002 0.020331573 0.004635903 0.0037922123 0.00069827226 0.0074663223 0.00020482886 0.00050545495 0.58850557 0.0011748818 0.011158082 0.0010485873 0.00048618537 0.002037436 0.06620487 6.944808e-05 0.09504218 2.7835997e-05 0.00011037461 0.00029957813 1.2223188e-05 0.00011771355 0.117975384 1.5887737e-05 6.162278e-05 0.0018763763 0.00093422004 3.961586e-05 0.005352287 8.667823e-05 0.0017555114 0.00093133154 9.509207e-07 0.00013877997 0.00303504 1.4317294e-07 0.0001276206 0.00093647634 0.00033229226 6.5702096e-07 0.0014497881 5.0703266e-06 0.00064567954 0.00019543902 3.2816508e-06 0.004328683 0.009496906 0.00060674176 0.00069287786 1.7599601e-06 1.3387922e-06 0.0052717556 9.780056e-05 0.0007303147 0.013256751 0.00016298702 0.007874524 2.700714e-07 2.876575e-06 0.00025489007 1.1010079e-05 6.7528676e-06 0.00027167628 1.1532182e-05 2.8066543e-07 1.2655942e-05 0.00045162597 0.00010221368 0.00016857426 0.0003670938 5.558067e-05 0.001417565 0.0007031994 1.769804e-05 3.3921355e-05 1.6134656e-05 1.2512515e-05 4.8422944e-06 4.5130642e-07
0.44028825 0.2044115 0.06003849 0.672888 0.727776 0.009557161 0.20743605 0.8786438 0.035554517 2.9834146e-20 0.0054748333 0.59775937 0.8339345 0.02893064 0.007960398 0.0021909392 0.15416001 0.53355545 0.0045989337 0.070919186 0.41045916 0.0053553893 0.27269933 0.01851066 0.003450365 0.1510658 0.1956601 0.12066531 0.08544548 0.08407472 0.005655056 0.08145277 0.0011937438 0.04800169 0.026063114 0.0011788864 0.0028729357 0.00548271 0.025279142 0.001361143 0.025925165 0.0001878945 0.0005986896 0.00015105987 0.002244002 0.0005699858 0.00301255 0.09182285 0.015634106 1.3705911e-05 0.022493728 2.1075994e-05 0.0061088908 7.78546e-05 7.292756e-05 0.0019023359 0.028948985 7.417228e-05 2.5541212e-05 0.0050545954 2.6250316e-05 6.367495e-05 0.0015570251 0.001221686 0.0028393918 0.0020033196 0.0015449304 2.474935e-05 3.444013e-05 0.0019833385 0.0067564202 1.6045225e-05 1.5411042e-05 0.00028661368 0.0011964289 0.029340655 0.0026385074 0.0042961007 0.0013593255 9.600488e-06 1.194002e-06 0.002046103 2.5215606e-06 9.137374e-05 0.001563694 6.738348e-06 4.401237e-06 6.4597116e-05 0.0019228217 0.009073312 0.00014846538 0.0037916969 0.000322147 0.004361046 1.5893784e-05 0.0021083825 0.0003120662 4.9251767e-06 6.7792907e-06 4.583123e-06 1.7094278e-07
0.25738686 0.072701 0.7754865 0.012937653 0.015877273 0.15559946 0.039549775 0.03663291 0.03886835 0.0054748333 1.5954409e-18 0.0032204383 0.0021229438 0.03951269 0.10899084 0.8655718 0.012145297 0.00094233896 0.78273475 0.004868018 0.00032795052 0.113891125 0.001230384 0.029910555 0.10804728 0.0005231052 0.00015393468 0.0030694897 6.6298664e-05 0.00016005132 0.018813325 7.813062e-05 0.6353169 0.00012528176 1.5344667e-05 0.08877041 0.46224883 7.817283e-06 0.005185945 1.8926398e-06 1.12499665e-05 0.067112595 9.215988e-07 0.026180647 0.032521922 2.9174223e-06 3.855319e-06 0.00043422522 7.8894416e-05 0.019383684 0.015636284 0.025391484 0.019455045 0.40836436 5.723134e-07 1.3702199e-05 0.00980094 2.25112e-08 0.032526914 0.01057841 0.014045338 2.5955256e-07 0.00011994598 5.3012985e-07 9.247853e-05 1.8969797e-05 6.0059784e-07 0.07222738 0.0071327253 0.014128039 0.008754246 8.683784e-07 1.4469039e-07 0.0005113955 0.013514176 0.0005089007 0.00018605079 6.326562e-06 0.00055160554 7.5347725e-07 0.000961442 0.011176192 0.001658107 3.3833462e-06 0.011280435 0.008141367 2.0919337e-07 0.0024990642 1.6991948e-05 3.147723e-05 0.0065806764 0.0055627013 0.014153842 0.0001208669 0.0013372081 5.1888687e-06 0.0013426101 0.00065745105 0.00031406208 7.3133924e-05 1.830542e-08
0.7962217 0.14732097 0.045663323 0.37165955 0.42374685 0.008465481 0.2624782 0.38176852 0.01814898 0.59775937 0.0032204383 3.355098e-20 0.76097363 0.12103211 0.019889342 0.002336965 0.36192316 0.7409165 0.002092884 0.26177832 0.6002549 0.005714093 0.45527017 0.06828956 0.0037165878 0.33181038 0.13055003 0.2683042 0.05975109 0.021189228 0.0032341988 0.15023111 0.00029151197 0.09593273 0.02928552 0.0013046768 0.0012971109 0.0028761076 0.011890212 0.0016687859 0.04058121 9.410736e-05 0.00061299844 0.00019898033 0.0008748516 0.00041531917 0.0080686435 0.20611313 0.007552435 4.994252e-06 0.061807696 1.61705e-05 0.01412859 1.7099548e-05 2.8102542e-05 0.0011654624 0.06776677 0.00014183129 1.8327071e-05 0.009645154 7.366266e-06 4.9053884e-05 0.0006605544 0.002054459 0.0010635192 0.0006051974 0.0050441097 0.00014087096 0.001054599 0.0033159028 0.016124904 1.3705729e-05 1.2060339e-05 0.0052757137 0.0022305555 0.08902611 0.0046795 0.015680904 0.012712585 3.1595966e-05 1.0988779e-06 0.0019280062 3.2827966e-06 0.00014392432 0.0037238346 7.1134023e-06 4.535914e-06 8.74676e-05 0.008107623 0.027688282 0.0022723165 0.007426703 0.00093738193 0.014594559 0.001549181 0.0077511338 0.0009864041 3.551808e-06 1.9380752e-06 1.5591626e-06 2.7633786e-07
0.72855115 0.08575617 0.020659372 0.32283834 0.40316048 0.003237311 0.1558678 0.6475851 0.011005136 0.8339345 0.0021229438 0.76097363 5.800142e-20 0.015227361 0.0025353606 0.0009769406 0.21477261 0.78603154 0.0018277208 0.1394077 0.6570554 0.0017019325 0.46742573 0.016330646 0.0013561939 0.35596547 0.48929375 0.22501233 0.3813667 0.19916455 0.0030394658 0.26488397 0.00028440545 0.15036333 0.28911662 0.0004276602 0.0008688866 0.038422443 0.02066347 0.015744755 0.10670209 6.440163e-05 0.005771698 4.9170132e-05 0.0013205654 0.0041530193 0.022031514 0.19536006 0.02002718 6.6692505e-06 0.024613947 1.4454366e-05 0.006518235 4.7070214e-05 0.00036168064 0.004378908 0.04580836 0.0003755812 2.3234588e-05 0.005457534 6.8095637e-06 0.00041660006 0.0013199652 0.006679936 0.0039539337 0.0031929407 0.0069275703 4.8997776e-05 1.6473623e-05 0.0019663507 0.007775929 4.457985e-05 9.009122e-05 0.0005351345 0.00223204 0.07091865 0.0033325132 0.026160937 0.0025212062 2.4658151e-05 9.797634e-07 0.0020094807 2.1203557e-06 0.000568626 0.00258211 4.4619132e-06 3.6235528e-05 5.5864817e-05 0.0070514157 0.027108194 0.00030440756 0.004728102 0.0010812439 0.013460229 6.8025993e-06 0.008008984 0.00062369596 2.7744147e-06 2.2440358e-06 6.0648626e-06 1.1481653e-06
0.8066438 0.3606281 0.31118378 0.1359573 0.13767916 0.03638852 0.6137943 0.053054202 0.034731135 0.02893064 0.03951269 0.12103211 0.015227361 2.6114186e-20 0.63129807 0.038922217 0.69986266 0.023573708 0.022314472 0.70647633 0.009303294 0.3721906 0.08079273 0.8125205 0.32493258 0.0536473 0.0015462555 0.36709112 0.0005177253 0.00035216092 0.0025216881 0.001284879 0.002471296 0.0066857827 9.7925535e-05 0.15873086 0.008110218 1.581581e-05 0.00022569133 9.641419e-06 0.0005788834 0.006476215 2.5259576e-06 0.011734568 0.0017376632 4.5048323e-06 5.6435478e-05 0.08079089 3.1308973e-05 0.000668183 0.4504414 0.00042755864 0.17579389 0.00022810968 1.5362251e-07 1.0147412e-05 0.25845316 3.3201962e-07 0.00013652862 0.13480572 0.0003286888 6.013871e-07 0.00014484524 0.000105059065 6.4223977e-06 1.4251531e-06 2.9734898e-05 0.005277175 0.009386447 0.14489588 0.22890235 1.1438538e-06 2.6446626e-06 0.01575391 0.03598076 0.061940875 0.00028696732 0.0014775896 0.016435437 8.798325e-06 5.6932866e-05 0.022048997 0.00012853251 3.5345984e-06 0.050013363 2.562717e-05 8.860149e-07 0.0012500499 0.0008477886 0.004660712 0.01295851 0.057135586 0.00013222879 0.004449249 0.0272831 0.0016535355 0.008195112 7.443085e-05 2.316557e-06 1.2891331e-06 1.3434087e-07
0.8348515 0.21685848 0.48650864 0.04983588 0.042980075 0.023048876 0.38698214 0.018567676 0.01661676 0.007960398 0.10899084 0.019889342 0.0025353606 0.63129807 5.5901295e-19 0.1340215 0.33697382 0.003189952 0.14075083 0.3071686 0.0011554162 0.78876144 0.004875026 0.5635242 0.7674111 0.0032801386 0.00014077064 0.073265545 5.9072736e-05 8.2904255e-05 0.004051694 0.00029647446 0.012445822 0.0016981211 1.7436623e-05 0.49465775 0.013602917 2.532852e-06 0.00035949098 3.6163185e-06 0.00019729785 0.074933 1.8168788e-06 0.0577083 0.002159725 1.1831917e-06 7.226618e-05 0.012996617 4.2975305e-05 0.007652816 0.30014834 0.005845776 0.2748409 0.0103066405 2.358889e-07 2.1811207e-05 0.1574576 4.968655e-08 0.003957312 0.17575365 0.006786947 1.7949212e-07 0.00010574923 7.25513e-05 6.2308004e-06 5.0122424e-07 3.2671072e-05 0.0040915487 0.0014150563 0.29834217 0.20313102 2.185541e-07 1.9998631e-06 0.0016636485 0.13220446 0.041688558 2.744062e-06 0.001023967 0.0023185352 1.9527224e-06 0.0027484174 0.13312186 0.001655792 1.496886e-06 0.13679628 0.00022067207 2.9923675e-07 0.00066451065 0.0008954786 0.003959163 0.0042512906 0.10549704 0.00030303086 0.0055030114 0.0037324936 0.0011008742 0.022957025 0.0014448336 0.00049964915 0.000119966804 3.0373936e-08
0.1840847 0.025214417 0.49552077 0.004839296 0.00628525 0.023938555 0.021205679 0.016883539 0.0063490258 0.0021909392 0.8655718 0.002336965 0.0009769406 0.038922217 0.1340215 9.1238344e-18 0.009696163 0.00053268234 0.9216752 0.0046572178 0.00018203181 0.09174265 0.0005704134 0.02988448 0.11313495 0.0002681391 0.00019581548 0.0026589464 0.00010948643 0.00024784176 0.0040192204 4.6332814e-05 0.2745479 9.9916855e-05 6.482619e-05 0.15051094 0.09002135 2.4513343e-05 0.0034448477 5.684793e-06 1.3622668e-05 0.11798675 2.565183e-06 0.047741313 0.003918931 7.2945268e-06 9.89476e-06 0.00040388317 0.00020103135 0.052579608 0.016143182 0.05447802 0.021317463 0.3010524 3.990272e-06 6.958206e-05 0.009151533 2.6932577e-07 0.052004196 0.013957837 0.02220423 8.333506e-07 0.00029072238 1.0570164e-06 0.00033004198 3.34103e-05 1.2300337e-06 0.015554544 0.0015433879 0.03984562 0.015889829 3.0826143e-06 1.8592111e-06 0.00020910196 0.02244705 0.0005962839 0.00013412996 3.3952787e-05 0.0002650897 4.737874e-06 0.0032764648 0.028922785 0.00439983 3.3212036e-05 0.023832647 0.010955745 4.804698e-06 0.0013260354 4.1731782e-05 6.738152e-05 0.0043372964 0.009562522 0.015681997 0.0003624268 0.0009738505 2.2977303e-05 0.0027653333 0.0023314464 0.0045272387 0.00029741664 1.3747683e-07
0.71562827 0.23980802 0.18699893 0.17522486 0.18301696 0.023328181 0.527294 0.105561554 0.03469059 0.15416001 0.012145297 0.36192316 0.21477261 0.69986266 0.33697382 0.009696163 3.0646793e-20 0.25120765 0.0064809234 0.7601556 0.18049419 0.1339343 0.33159173 0.47112507 0.06441072 0.2598138 0.004610859 0.5156998 0.0015367704 0.0010880684 0.0015057328 0.036156006 0.00020586207 0.08701113 0.00038872208 0.018862316 0.0017978178 7.313386e-05 0.0007897888 3.6889087e-05 0.0070184474 0.0006831684 1.0443766e-05 0.0021524213 0.00041271347 1.0306275e-05 0.0003345805 0.20905189 0.0001860804 2.679278e-05 0.22489452 6.656964e-05 0.06904117 1.1948923e-05 7.4620255e-07 3.8174214e-05 0.20056154 2.4193107e-06 3.0594667e-05 0.04728741 2.2200666e-05 1.5912416e-06 5.7604357e-05 0.00036439396 5.787199e-06 1.3571583e-06 0.0002857981 0.0025038496 0.009662499 0.038468905 0.10262675 5.450418e-07 6.564842e-07 0.023313653 0.0073406803 0.15862769 0.0008959749 0.0049884426 0.021061502 4.833777e-06 3.397155e-06 0.003672465 1.34631755e-05 5.4911834e-06 0.012181772 1.1620037e-05 5.8900986e-07 0.00010914542 0.0035116007 0.016335117 0.004874273 0.032335613 3.5196488e-05 0.012955692 0.009007697 0.006660051 0.0032092964 1.3983128e-05 8.5356305e-07 4.285163e-07 4.207044e-07
0.85760254 0.05016835 0.0087280795 0.20405799 0.2508535 0.0036466809 0.10771856 0.3307792 0.009554919 0.53355545 0.00094233896 0.7409165 0.78603154 0.023573708 0.003189952 0.00053268234 0.25120765 2.355687e-19 0.00063879864 0.2177969 0.81280905 0.0013342287 0.58056504 0.021047438 0.0013276493 0.4666203 0.34355396 0.32853758 0.25571787 0.06367936 0.0006736501 0.38363326 0.00014571227 0.2092413 0.2590712 0.00041657686 0.00052072527 0.012770486 0.011098498 0.026946506 0.18706179 4.43413e-05 0.01115913 9.636074e-05 0.00052670715 0.0031884254 0.07174721 0.24883014 0.008985664 3.0939827e-06 0.030143987 1.43947045e-05 0.0070368815 1.8831202e-05 0.00025528684 0.0024206452 0.061178304 0.0005553908 2.203626e-05 0.006140701 3.603202e-06 0.00040422397 0.00072330126 0.0138770975 0.0015310193 0.0013886477 0.01498748 0.00014748135 0.0001597037 0.0023489625 0.011426235 3.0893763e-05 5.9322098e-05 0.0019447666 0.002580965 0.13045926 0.008337006 0.058790762 0.007889913 4.8800935e-05 8.7721463e-07 0.0015120464 1.5189019e-06 0.00046890622 0.003001117 5.971206e-06 2.6487858e-05 0.00011459109 0.014853116 0.03853027 0.0011555534 0.006435977 0.0010350404 0.023817318 0.00017680689 0.016401038 0.0006852799 3.2848354e-06 1.7269831e-06 4.320809e-06 3.1669135e-06
0.46983373 0.019606052 0.55101407 0.0072656167 0.0090084355 0.00985807 0.010385945 0.02088871 0.0034467503 0.0045989337 0.78273475 0.002092884 0.0018277208 0.022314472 0.14075083 0.9216752 0.0064809234 0.00063879864 1.919683e-16 0.003056564 0.0001464649 0.1486971 0.00045031443 0.02562886 0.15972695 0.00018379644 0.00024357667 0.0019319283 8.669377e-05 0.0003352266 0.0019959451 1.6938751e-05 0.32532746 4.716773e-05 1.5349087e-05 0.2476144 0.09581612 1.788698e-05 0.003952914 2.6418245e-06 6.778877e-06 0.36984354 1.3791932e-06 0.13104518 0.0048041213 1.5124912e-06 2.174658e-06 0.00045352717 0.0001993918 0.1976849 0.017842226 0.29964086 0.034131847 0.5077698 5.015652e-07 3.5657624e-05 0.009893803 1.3099041e-07 0.18635134 0.01962519 0.07775895 1.8773176e-07 0.0004779357 4.444787e-07 0.0007800521 4.2344353e-05 4.0080087e-07 0.019575838 0.0015184333 0.08070159 0.022310443 3.947777e-06 6.012913e-07 9.9020435e-05 0.11217613 8.056572e-05 0.000106159176 1.7404593e-05 0.00011913019 4.4481267e-06 0.012055253 0.10217221 0.023021389 1.3795084e-05 0.05655442 0.05309696 6.230337e-06 0.0017837154 2.954881e-05 9.251887e-06 0.0050205435 0.01932222 0.042075478 0.00017447627 0.00045813996 1.310574e-05 0.0068225977 0.009327164 0.016842104 0.0007054983 8.7797457e-07
0.8787635 0.13874683 0.08860886 0.10667721 0.10877 0.010982568 0.40559846 0.054640554 0.017074633 0.070919186 0.004868018 0.26177832 0.1394077 0.70647633 0.3071686 0.0046572178 0.7601556 0.2177969 0.003056564 1.5903698e-22 0.21601805 0.09297467 0.35512483 0.59651667 0.05658053 0.37915796 0.0032810238 0.6864461 0.0013334998 0.0008435235 0.00019117183 0.109749146 0.00011770793 0.18916444 0.00030338392 0.01590191 0.0009055254 3.995514e-05 0.0003370945 2.0752941e-05 0.01575053 0.00062175666 6.559451e-06 0.001859746 7.1962e-05 7.713415e-06 0.00036416552 0.3763403 6.693173e-05 1.1973529e-05 0.43331665 2.6414047e-05 0.093022875 4.079499e-06 3.4745057e-07 1.0290601e-05 0.30122387 3.4174936e-06 1.8639486e-05 0.072868615 1.7606779e-05 5.2422533e-06 7.97919e-05 0.00045877584 9.265264e-06 8.1929863e-07 0.00038427542 0.0029123893 0.010765545 0.040629014 0.16810346 9.4505054e-07 4.1332473e-06 0.02048474 0.009278277 0.36419898 0.0009734262 0.009435337 0.01583617 2.570677e-05 3.0870858e-06 0.0020564643 8.082764e-06 6.90676e-06 0.01355407 1.3964751e-05 2.1857236e-06 0.00014081602 0.006183698 0.03659888 0.0042760186 0.047684528 2.7802114e-05 0.020760847 0.004494838 0.01568623 0.002898368 3.6898145e-06 3.9644542e-07 1.5769331e-07 3.5980258e-07
0.8956561 0.021485683 0.002986372 0.10849228 0.15008695 0.0019441854 0.03285042 0.17719804 0.0049879886 0.41045916 0.00032795052 0.6002549 0.6570554 0.009303294 0.0011554162 0.00018203181 0.18049419 0.81280905 0.0001464649 0.21601805 2.763517e-19 0.0007042786 0.62557036 0.0129108215 0.0005900458 0.58479285 0.336285 0.33632767 0.22535788 0.04224409 0.00017150478 0.5264735 6.384138e-05 0.31199625 0.34708458 0.00021064669 0.0005131068 0.019745683 0.0056663253 0.07173135 0.2813203 1.6662452e-05 0.03745076 7.173041e-05 0.00024041794 0.010640042 0.1415314 0.2637725 0.0067769936 1.89689e-06 0.0145938 1.0784498e-05 0.0037031788 7.0078427e-06 0.0005273601 0.0018990423 0.042420365 0.0009878045 1.169382e-05 0.003389324 2.8286954e-06 0.0006635307 0.00062592846 0.033312634 0.0005111817 0.0005049149 0.025638875 0.0002900298 3.0926803e-05 0.0010183397 0.0077631804 2.3443163e-05 7.291219e-05 0.00097392395 0.0009389297 0.16629915 0.007406573 0.11921852 0.0060826233 4.47843e-05 9.266462e-07 0.0004750928 2.4255278e-06 0.00045406987 0.0013081249 8.177082e-06 2.691309e-05 3.4498185e-05 0.025278745 0.06889008 7.814329e-05 0.0040143495 0.00044988407 0.034912825 1.4281104e-05 0.022678716 0.00034953406 2.754723e-06 1.036052e-06 6.198399e-06 7.934438e-06
0.89189166 0.07703574 0.42135176 0.018017579 0.014549775 0.014343715 0.13931207 0.007123179 0.008128771 0.0053553893 0.113891125 0.005714093 0.0017019325 0.3721906 0.78876144 0.09174265 0.1339343 0.0013342287 0.1486971 0.09297467 0.0007042786 1.9197396e-18 0.0031745688 0.35483977 0.875893 0.002841543 0.00011193275 0.035027582 3.2310927e-05 3.9342372e-05 0.0008991253 0.0002587465 0.01335938 0.001195688 6.076477e-06 0.675876 0.010538701 1.3505746e-06 7.3002084e-05 1.0841425e-06 5.3874737e-05 0.18050888 6.3649264e-07 0.18567921 0.0010958249 2.8085233e-07 2.2638878e-05 0.010915111 1.1799031e-05 0.018625367 0.23288505 0.008404429 0.34671223 0.009771708 1.286525e-07 7.709509e-06 0.12641335 9.110608e-09 0.0053425264 0.21105427 0.008088135 5.0608968e-08 4.2065825e-05 8.817141e-06 4.6996724e-06 2.3191906e-07 1.4409002e-05 0.0031809965 0.0013986577 0.29380238 0.18462329 2.0244474e-07 1.9313497e-06 0.0017364562 0.22789538 0.035649166 1.4957315e-06 0.000843785 0.0019704672 4.3021623e-06 0.002710354 0.16469963 0.0026968666 9.140826e-07 0.16896416 0.00033536955 1.7352896e-07 0.0005538112 0.00064105977 0.002718025 0.0055798283 0.15067445 0.0011051965 0.003890316 0.0051819873 0.0008338007 0.04210141 0.0048432043 0.002111285 0.00014380059 4.7165724e-08
0.8907635 0.04901788 0.009358336 0.11281804 0.12354179 0.004955616 0.10854063 0.097025335 0.00832002 0.27269933 0.001230384 0.45527017 0.46742573 0.08079273 0.004875026 0.0005704134 0.33159173 0.58056504 0.00045031443 0.35512483 0.62557036 0.0031745688 1.2525003e-18 0.08899384 0.002265078 0.72035825 0.077805154 0.44696668 0.04076907 0.016300911 8.479454e-05 0.44552666 3.814394e-05 0.29249886 0.070124924 0.00070029555 0.00032688698 0.0015703486 0.0021195258 0.0043331767 0.19881845 5.278688e-05 0.0014272499 0.0002169035 6.4303866e-05 0.00033248242 0.041250855 0.3344531 0.0035179846 2.3648863e-06 0.038751844 7.768865e-06 0.00909851 1.0119535e-06 3.0574512e-05 0.00086470053 0.070502676 0.00029980647 1.5599471e-05 0.007917054 2.6471002e-06 0.00013463644 0.00039801135 0.00742042 0.0001471773 4.584909e-05 0.0086986795 6.0100814e-05 0.00088365015 0.0028950656 0.020807909 6.442789e-06 1.2988369e-05 0.0067432504 0.0017844582 0.20049264 0.003673744 0.053557057 0.0123702735 4.0889976e-05 5.602674e-07 0.0006511596 9.059348e-06 7.989973e-05 0.004528208 4.943803e-06 5.866931e-06 2.4056299e-05 0.019791264 0.044322632 0.00033339084 0.010165477 6.4192114e-05 0.028262313 0.0005481238 0.026915846 0.0011361667 3.7485531e-06 4.0350773e-07 1.4367102e-06 1.1179324e-05
0.89860135 0.17104386 0.24130645 0.05311476 0.04713601 0.023831205 0.35557812 0.018386174 0.020331573 0.01851066 0.029910555 0.06828956 0.016330646 0.8125205 0.5635242 0.02988448 0.47112507 0.021047438 0.02562886 0.59651667 0.0129108215 0.35483977 0.08899384 3.7778977e-20 0.29541835 0.051107764 0.0014304767 0.36742315 0.00048432202 0.0001410632 0.000381695 0.0018870188 0.0012728161 0.009048564 4.677265e-05 0.14793858 0.0036430988 6.535255e-06 7.964555e-05 4.0987675e-06 0.0007485897 0.009922491 1.4903861e-06 0.022668434 0.00037425218 1.7579138e-06 4.5521363e-05 0.14839971 1.6194268e-05 0.001177076 0.57760286 0.00036490813 0.30322653 6.421966e-05 6.176236e-08 6.781845e-06 0.38893452 8.5323876e-08 8.686939e-05 0.17818356 0.0005282631 3.6495456e-07 6.1503655e-05 2.393444e-05 6.0334055e-06 3.5345158e-07 2.739848e-05 0.0033329055 0.010133013 0.16665484 0.262965 5.219563e-07 1.1414497e-06 0.0203966 0.051157065 0.109092236 4.5598485e-05 0.0011754001 0.022153571 3.019695e-06 1.6149294e-05 0.020839896 9.583698e-05 5.7005286e-07 0.06475593 2.8292513e-06 1.0417395e-07 0.0011231342 0.0010280106 0.007239428 0.013987564 0.11057169 7.648875e-05 0.00413476 0.034559023 0.002504442 0.017003931 8.335399e-05 2.154445e-06 1.499956e-07 1.5766217e-07
0.87585753 0.057129364 0.3469474 0.014526552 0.013795761 0.009125014 0.09042521 0.0059656315 0.004635903 0.003450365 0.10804728 0.0037165878 0.0013561939 0.32493258 0.7674111 0.11313495 0.06441072 0.0013276493 0.15972695 0.05658053 0.0005900458 0.875893 0.002265078 0.29541835 1.0341499e-17 0.0018689104 0.00018718802 0.022203617 5.4329084e-05 5.3697415e-05 0.0007269529 0.00027638863 0.011178686 0.0009094797 1.0602305e-05 0.79596317 0.008464677 2.3315574e-06 7.216507e-05 2.5260229e-06 9.673751e-05 0.23128524 8.52529e-07 0.26239872 0.00072502746 7.9649874e-07 5.450252e-05 0.0067707854 2.060295e-05 0.03389427 0.16930954 0.010767948 0.29939175 0.011378269 2.7227608e-07 1.3521646e-05 0.07983151 2.5230637e-08 0.008696336 0.1774243 0.015377454 1.9397716e-07 0.00013202631 1.1761619e-05 1.112137e-05 1.3863947e-06 1.0884247e-05 0.0034500572 0.0010253816 0.31541896 0.16829349 6.529259e-07 5.555197e-06 0.0012197931 0.228655 0.01685996 1.9622246e-06 0.0005400579 0.0009823448 7.248232e-06 0.005506936 0.20244515 0.0037342028 5.3841895e-06 0.20243326 0.00050219893 9.564277e-07 0.0008104643 0.00036365938 0.0014598636 0.0068084155 0.10884557 0.002114031 0.003016415 0.0020966155 0.00034550438 0.044253346 0.005555436 0.0060656215 0.00030570535 1.2038998e-07
0.9212145 0.0224302 0.0060085026 0.0564939 0.07041497 0.0018116719 0.050951358 0.05351491 0.0037922123 0.1510658 0.0005231052 0.33181038 0.35596547 0.0536473 0.0032801386 0.0002681391 0.2598138 0.4666203 0.00018379644 0.37915796 0.58479285 0.002841543 0.72035825 0.051107764 0.0018689104 4.3938397e-19 0.06438578 0.5047816 0.029551866 0.009561565 2.9443208e-05 0.66728854 1.7647428e-05 0.528455 0.07687345 0.0004218291 0.0003491261 0.0012596152 0.0011346012 0.0075263167 0.360409 3.697929e-05 0.0029708128 0.0001518986 2.4681936e-05 0.000405084 0.09059969 0.41402948 0.0016751846 1.6587262e-06 0.02973678 6.1966257e-06 0.00494601 5.959143e-07 3.0334815e-05 0.00045732973 0.06645812 0.00030126533 8.495395e-06 0.004786658 1.4679097e-06 0.00013876885 0.0001821683 0.02260204 6.1279e-05 2.364096e-05 0.014059087 6.685276e-05 0.0002355294 0.0014027231 0.016863182 8.133698e-06 1.8493694e-05 0.0030338492 0.00077319524 0.28024974 0.0029121118 0.12092237 0.008251841 3.3329463e-05 5.420074e-07 0.00023244575 5.2116516e-06 8.248878e-05 0.0025735474 2.183465e-06 3.4299762e-06 1.3669113e-05 0.03232053 0.080385946 7.163162e-05 0.009684252 3.9465325e-05 0.042953625 2.4033252e-05 0.044452306 0.0008879102 4.4199933e-06 2.9602734e-07 1.8255022e-06 6.192272e-06
0.5239026 0.0029363374 0.00077818934 0.009984033 0.022128386 0.00025727632 0.0020927093 0.14071532 0.00069827226 0.1956601 0.00015393468 0.13055003 0.48929375 0.0015462555 0.00014077064 0.00019581548 0.004610859 0.34355396 0.00024357667 0.0032810238 0.336285 0.00011193275 0.077805154 0.0014304767 0.00018718802 0.06438578 2.7884433e-20 0.012741314 0.91834044 0.56373143 0.0002974748 0.1246515 2.6125019e-05 0.047632895 0.48783684 4.9759554e-05 0.00031701985 0.47502345 0.014116227 0.31745848 0.07677738 1.2516633e-05 0.28983018 1.4296065e-05 0.0010553204 0.45331973 0.099439055 0.040991187 0.051903132 1.2872197e-05 0.002951049 7.085237e-06 0.00076575903 9.8201046e-05 0.027715402 0.039775364 0.0047027324 0.02568889 1.0543902e-05 0.0005004675 1.5204722e-05 0.011452778 0.0004207381 0.025685815 0.0022354026 0.002351399 0.027289487 0.00023933541 4.2028576e-05 0.00034826982 0.0015072795 0.00022256558 0.00046533975 0.00030990978 7.796434e-05 0.0154406205 0.0017952159 0.039583262 0.00055554917 9.094229e-05 2.6751738e-06 0.000107552005 9.691869e-07 0.0018730349 5.7076555e-05 5.6506946e-05 0.0015388993 5.521102e-05 0.015508477 0.035087995 0.00024287798 0.0014904566 0.00025959552 0.018656224 2.0934824e-07 0.014304687 0.00024247414 2.001763e-05 1.5136694e-05 5.25516e-05 0.00016786759
0.9310653 0.06297615 0.05571162 0.06644494 0.05990613 0.0051804925 0.21793672 0.044407535 0.0074663223 0.12066531 0.0030694897 0.2683042 0.22501233 0.36709112 0.073265545 0.0026589464 0.5156998 0.32853758 0.0019319283 0.6864461 0.33632767 0.035027582 0.44696668 0.36742315 0.022203617 0.5047816 0.012741314 5.3621446e-21 0.0054346737 0.0026154153 4.5269055e-05 0.24474949 4.4727924e-05 0.36325625 0.005964226 0.0044533876 0.00044864244 0.00019028873 0.00016467585 0.00023536728 0.13350603 0.00018848838 5.349567e-05 0.00063862477 1.3610149e-05 3.78857e-05 0.0037150285 0.62311184 0.0002469106 8.826301e-06 0.31104803 8.992672e-06 0.06004356 7.656516e-07 1.5455514e-06 7.114749e-05 0.3080399 2.1826272e-05 6.169625e-06 0.044750717 5.5070063e-06 1.4899109e-05 6.0685405e-05 0.002302808 1.6607371e-05 1.6463782e-06 0.0014087915 0.0001209881 0.0073582022 0.017518949 0.12294308 8.1821486e-07 3.764962e-06 0.023225807 0.0035771744 0.53575236 0.0012800278 0.04391295 0.027771937 6.717937e-06 2.3731633e-07 0.0012046949 2.9277487e-06 2.4417832e-06 0.008127744 6.107515e-07 4.421264e-07 1.0619093e-05 0.01344415 0.070335306 0.0001525273 0.054392435 6.216152e-06 0.034216505 0.0034019263 0.03693353 0.002658945 1.35293e-06 7.5692455e-08 7.766008e-09 3.0656104e-06
0.50388324 0.0014969474 0.00024329712 0.003837545 0.0073501864 7.0851325e-05 0.001117015 0.043567725 0.00020482886 0.08544548 6.6298664e-05 0.05975109 0.3813667 0.0005177253 5.9072736e-05 0.00010948643 0.0015367704 0.25571787 8.669377e-05 0.0013334998 0.22535788 3.2310927e-05 0.04076907 0.00048432202 5.4329084e-05 0.029551866 0.91834044 0.0054346737 1.7487682e-20 0.57661575 5.344126e-05 0.058507983 7.955137e-06 0.019849358 0.5259553 1.1736722e-05 8.5277876e-05 0.5942123 0.0054057245 0.40666598 0.044423085 2.1491853e-06 0.38238564 1.9606814e-06 0.00042086054 0.58079225 0.09707924 0.019676942 0.04438515 2.1461396e-06 0.00174295 3.0178753e-06 0.00031544437 2.0623473e-05 0.06964565 0.06275569 0.0024530336 0.050352592 4.7761314e-06 0.00020719865 4.133141e-06 0.034498665 0.00018972195 0.018181443 0.0010040062 0.0012676338 0.02659653 1.6798536e-05 5.7135826e-06 0.00017021118 0.00080889685 0.00038045776 0.00095730467 8.645079e-05 1.2607177e-05 0.007930184 0.00031166468 0.024935976 0.00011086908 0.00017700731 1.5992239e-06 2.0888776e-05 2.8035004e-07 0.0014100638 1.6717e-05 7.7371005e-06 0.0017396295 9.752659e-06 0.009462515 0.029212976 3.1362048e-05 0.0010053155 7.0598464e-05 0.013567075 1.010837e-07 0.011775477 0.00016008582 5.6511335e-06 4.429158e-06 3.565137e-05 0.000251196
0.231392 0.0012734195 0.0005510836 0.0033595823 0.0064565097 0.00013840487 0.00091354793 0.15248148 0.00050545495 0.08407472 0.00016005132 0.021189228 0.19916455 0.00035216092 8.2904255e-05 0.00024784176 0.0010880684 0.06367936 0.0003352266 0.0008435235 0.04224409 3.9342372e-05 0.016300911 0.0001410632 5.3697415e-05 0.009561565 0.56373143 0.0026154153 0.57661575 1.668636e-19 6.3989435e-05 0.0151544465 2.1729054e-05 0.004790951 0.14463799 4.2840067e-05 0.0001321059 0.8661967 0.018794077 0.047286853 0.006191534 1.5330932e-05 0.048472602 7.0895767e-06 0.00022667451 0.20386516 0.00996108 0.0034522114 0.6660634 8.301251e-06 0.00034776484 1.1985409e-05 2.2204795e-05 1.3769387e-05 0.076824695 0.54704106 0.00046572485 0.012839299 1.8297473e-05 2.2314822e-05 1.5618436e-05 0.021807015 0.0018187044 0.0015357229 0.013476041 0.13518974 0.0042560045 1.8996399e-06 1.4769782e-06 2.3368586e-05 0.00013911031 0.020126756 0.017397914 1.1961602e-05 1.9437746e-06 0.0016595372 0.00033744462 0.0019846193 2.3918537e-05 0.00087509607 3.1792963e-06 1.5537795e-05 6.75564e-07 0.0037289502 5.0887006e-06 1.0678461e-05 0.0021843964 1.9679496e-06 0.0009752865 0.004225754 4.8325505e-06 0.000335865 4.1688818e-05 0.0022503752 1.809095e-08 0.0016043735 4.8120924e-05 9.135427e-06 3.4832528e-06 2.3393584e-05 0.00062016875
0.011468023 0.02826218 0.04231586 0.013562573 0.012468926 0.41089347 0.0085288705 0.14738669 0.58850557 0.005655056 0.018813325 0.0032341988 0.0030394658 0.0025216881 0.004051694 0.0040192204 0.0015057328 0.0006736501 0.0019959451 0.00019117183 0.00017150478 0.0008991253 8.479454e-05 0.000381695 0.0007269529 2.9443208e-05 0.0002974748 4.5269055e-05 5.344126e-05 6.3989435e-05 7.5784365e-22 1.5778567e-05 0.014050336 1.1492394e-05 1.1076533e-05 9.056148e-05 0.1733913 2.2255197e-06 0.14089741 2.202066e-06 6.783307e-06 1.3703623e-05 9.581504e-07 9.652533e-06 0.81208265 1.0139541e-06 5.052563e-06 2.0848178e-05 4.1561158e-05 2.3889095e-06 4.604588e-05 2.7350185e-05 1.6073745e-05 4.0985582e-05 6.3310516e-08 9.944412e-07 5.4191492e-05 8.2069555e-08 9.385923e-06 6.746392e-06 9.675112e-06 6.999033e-08 0.007499621 9.4727307e-07 0.00030116222 4.1782732e-06 3.8277176e-06 0.032907203 0.13775785 4.159123e-06 1.0364202e-05 1.7538203e-07 3.987571e-08 0.13751109 2.4215985e-06 1.0872668e-05 0.18100378 4.140649e-06 0.11308862 3.9601105e-08 1.1186796e-06 8.192912e-06 3.6939565e-07 1.5447566e-05 2.6597602e-06 1.1868028e-07 4.005265e-07 1.4333349e-05 1.9569657e-06 1.8327379e-06 0.00067289534 4.7862384e-05 8.260312e-06 4.27535e-05 0.021693226 1.7530594e-07 2.7314576e-07 4.2426227e-06 5.072745e-06 7.444672e-06 1.2632867e-06
