3.7200816e-26 0.91581327 0.84862006 0.9910162 0.72157055 0.48470685 0.89609265 0.6250179 0.020061616 0.6018377 0.67817175 0.06916034 0.98637915 0.98395634 0.9718055 0.9991584 0.8424477 0.88457286 0.7384305 0.24032491 0.9852942 0.9920547 0.83285636 0.9593561 0.48233506 0.7753202 0.595281 0.9769809 0.9951125 0.07296566 0.8342118 0.96010715 0.96938205 0.78927207 0.75318915 0.89310884 0.06801022 0.9465032 0.37371913 0.02234878 0.99491566 0.8658085 0.2559729 0.15278728 0.69206715 0.01952747 0.33401412 0.3833213 0.77139056 0.7619309 0.4086416 0.51091766 0.10961866 0.046228204 0.27891302 0.089656234 4.080466e-05 0.86737484 0.008660991 0.28291535 0.5764193 0.009039707 0.026768724 0.00079371786 0.033107452 0.053797003 0.5169468 0.0087944 0.6971941 0.009428794 0.08690226 0.06617122 0.12347292 0.016075954 0.023111945 0.2557937 0.034173165 0.013582183 0.009397598 0.015073134 0.00014759898 0.004868589 0.004550509 0.000114177536 2.534559e-05 0.0017822812 0.010545202 0.8589864 0.016649572 0.008077144 0.0046807346 9.097932e-07 0.00029249748 0.66873217 0.00028570436 0.00039571722 4.4355554e-07 0.00014088588 0.000310304 7.308484e-05 0.06613367
0.91581327 2.6508875e-17 0.19223754 0.6205982 0.8164996 0.33848757 0.10872582 0.6054093 0.06468579 0.11060531 0.2339365 0.12752639 0.0064420127 0.007857759 0.0017807301 0.027760025 0.06189572 0.05535098 0.058625467 0.041796587 0.0056283213 0.0008382328 0.045075655 0.030735051 0.03674321 0.024618318 0.017772445 8.136286e-05 4.0296727e-06 0.013462799 0.00029488775 0.00189438 1.0823558e-05 0.00260046 0.0038313577 0.0016766142 0.010216124 3.6426263e-05 0.0036232555 0.013657791 0.00032825684 4.8834245e-06 0.0023904413 0.008958997 0.00061848044 0.004611184 0.0014887142 0.0010671549 3.737008e-05 4.00708e-05 0.0004934006 3.9492224e-06 0.0012458203 0.0005023924 8.2173065e-05 0.00078350474 0.008995635 5.4394245e-09 0.00013636179 5.923727e-06 2.1237168e-08 0.00012462576 0.00026908793 0.0039355773 0.00075757125 0.0003683846 7.526528e-09 4.5295616e-05 4.387003e-09 0.0012005854 6.2694573e-07 4.8826206e-07 2.2455447e-08 0.0006316985 3.1912102e-06 1.606938e-08 4.087352e-07 1.6087422e-05 3.4500918e-05 9.755184e-07 7.346772e-05 0.00014338743 3.4121775e-05 0.008732063 0.0003534907 9.188429e-06 1.2215823e-07 2.1024418e-07 1.7144498e-09 5.6098113e-09 0.0046143364 2.4135946e-07 3.579288e-05 4.62492e-09 2.2278758e-05 1.6283719e-05 8.1702575e-07 5.4288375e-05 3.141597e-06 6.5258915e-05 5.5925464e-09
0.84862006 0.19223754 1.2080196e-18 0.12612088 0.21219179 0.33104685 0.367539 0.12142911 0.17142145 0.37981197 0.12978354 0.10036702 0.039761 0.033646625 0.030277114 0.50738984 0.013367925 0.013125917 0.010205774 0.012847094 0.003734901 0.05197051 0.01402928 0.012848693 0.013201882 0.0054422794 0.005426721 0.00070953596 7.318957e-06 0.002974874 1.7059412e-05 0.0004126619 1.3740646e-05 0.00047290762 0.0010066888 0.00019658414 0.0026076508 4.017706e-05 0.0005565352 0.0023761564 2.1901253e-05 1.732858e-06 0.00039365995 0.0025816015 8.816224e-06 0.0006070196 3.5433553e-05 6.460774e-06 2.8848826e-06 9.89409e-06 1.4759123e-06 2.6568534e-07 2.8812083e-05 1.2255661e-05 6.0825727e-07 7.5745756e-06 0.022478122 1.0891992e-09 9.654428e-06 4.776477e-08 2.3680828e-09 6.043437e-06 1.0816888e-06 0.0036948728 1.5691373e-06 1.0152323e-06 8.4194407e-10 1.2951507e-07 2.1505535e-09 0.0001871782 2.4527242e-08 5.0508483e-08 1.6542804e-08 6.6957335e-07 7.9793445e-08 3.119876e-10 3.8213674e-08 1.1487289e-07 1.1923652e-07 3.7831756e-09 1.8254691e-06 5.2287923e-08 5.278262e-08 0.03172393 6.73654e-05 1.2290106e-07 2.4632718e-09 3.362285e-13 8.5044005e-10 3.953978e-10 0.039872963 1.3156776e-10 1.5857408e-08 2.7398853e-14 1.2564572e-08 2.3318329e-08 1.3157083e-09 1.6727713e-09 1.23129755e-08 2.0963253e-09 4.2351756e-14
0.9910162 0.6205982 0.12612088 3.0671902e-15 0.25188977 0.06827227 0.08301349 0.67249393 0.008343205 0.08058893 0.1207091 0.04209369 0.021240247 0.02158018 0.004848378 0.035609003 0.04782853 0.040799327 0.035506997 0.015639117 0.013808278 0.0049449797 0.04757331 0.05588055 0.027836315 0.02544557 0.01378158 0.00032870073 5.1455798e-05 0.004946138 0.0008158773 0.0022161745 0.00019656146 0.0032863382 0.0046134125 0.0015146225 0.004464363 0.00031293824 0.0038472647 0.005905396 0.0031891095 8.238839e-05 0.0027203874 0.006082142 0.00061628246 0.0025752708 0.002459305 0.0010337486 0.00016793772 0.00023150245 0.0005046217 3.1906246e-05 0.0012336832 0.00054910453 0.0003597043 0.0014639284 0.0032684288 7.730731e-07 0.0004643104 5.3682925e-05 2.6302e-06 0.00049939734 0.00050675665 0.0021133134 0.0019459 0.00058127847 5.5001857e-07 0.00023379478 7.009971e-07 0.001611913 1.3216177e-05 1.215995e-05 5.942279e-06 0.0021045785 2.8332193e-05 6.2265497e-07 5.527779e-06 8.560527e-05 0.00014615234 5.9705626e-06 0.00019352365 0.000648969 0.00012494765 0.0013017958 0.0003108902 0.00018204135 3.2597543e-06 1.751462e-05 5.644662e-07 1.880908e-06 0.0007137189 9.073477e-06 0.000356756 1.0917627e-07 0.00016736357 0.0001488734 7.511667e-06 0.00045303418 7.466909e-05 0.00050301285 1.2034493e-08
0.72157055 0.8164996 0.21219179 0.25188977 4.2776748e-18 0.61306244 0.1454696 0.5124338 0.20364635 0.12883532 0.32660824 0.37847275 0.0029613213 0.0023587556 0.0006917808 0.035761587 0.07736393 0.05348783 0.08107736 0.07144526 0.00056957256 0.00044479247 0.03721765 0.0062611825 0.054147147 0.017160118 0.01849168 2.9742796e-06 5.379726e-07 0.035603452 4.7564813e-06 0.00015171836 1.0071823e-07 0.00083593006 0.002506693 0.00010971952 0.02261155 9.811988e-07 0.0021356945 0.028148983 1.6575252e-05 3.1511814e-08 0.0016654804 0.01253561 3.740661e-06 0.006392185 0.00048387444 9.3682196e-05 1.2498846e-07 1.0548941e-07 1.1244303e-05 4.11251e-08 0.00025482784 0.00023864073 1.5915283e-06 0.00017540889 0.0050164154 1.2611114e-10 0.00021549137 5.4262053e-08 4.8637633e-10 0.00011184621 0.00011559319 0.013262036 0.00069746893 1.6953474e-05 1.975228e-10 1.0488442e-05 4.7894883e-11 0.0019316889 1.7715372e-08 4.0979597e-09 6.338222e-10 0.00060201 1.7239232e-07 3.6843462e-10 7.1560193e-09 2.0877455e-06 5.288047e-06 6.333551e-08 0.000117418225 6.876917e-05 5.4264797e-06 0.013227937 0.000987069 3.1079412e-06 1.320395e-08 1.3156142e-07 1.2102161e-09 9.658687e-09 0.055623997 8.415986e-07 1.8520077e-05 7.957774e-09 3.7852599e-06 1.1038651e-06 6.3933153e-06 3.467442e-05 2.962623e-07 4.979844e-05 1.5826187e-09
0.48470685 0.33848757 0.33104685 0.06827227 0.61306244 6.5904484e-20 0.28896695 0.079585515 0.57669735 0.38779196 0.06821011 0.117529236 0.0005804273 0.00034206943 0.00011359182 0.0076132272 0.0046225726 0.0027765816 0.009014719 0.034595545 1.31504485e-05 2.2409298e-05 0.001422009 8.99663e-05 0.0067603006 0.00025036154 0.0012539084 5.000581e-08 4.66702e-09 0.021057839 1.6664661e-07 2.1462954e-06 6.41563e-09 1.216633e-05 3.715484e-05 1.0787527e-06 0.0080742445 3.7224297e-08 3.6918755e-05 0.013267945 3.0126546e-07 4.3251533e-10 4.957128e-05 0.0033743177 2.7439883e-08 0.0015234586 6.9498133e-06 9.357495e-07 1.3752048e-09 1.3983967e-09 1.1814862e-07 7.460506e-10 1.7193557e-05 1.5005528e-05 3.741406e-08 5.666606e-06 0.002815437 7.503911e-12 2.1410198e-05 5.4474686e-10 8.993348e-12 9.291057e-06 7.080313e-06 0.008284854 2.0151669e-05 3.3954592e-07 2.065634e-11 1.2788986e-06 6.405716e-12 0.00012919898 1.5225267e-09 6.0255906e-10 4.9094867e-11 2.3700963e-05 1.0762124e-08 2.1643243e-11 6.5616707e-10 1.05777524e-07 3.3110868e-07 4.071688e-09 1.1100718e-05 1.8084651e-06 2.2075804e-07 0.00874634 0.0002762458 3.0942468e-07 1.6709217e-09 1.8781172e-08 2.1480928e-10 9.225084e-10 0.2598875 2.434625e-07 4.2333045e-07 2.6819362e-09 9.4517e-08 2.4869907e-08 1.947207e-06 3.2223243e-06 1.0736086e-08 2.1273254e-06 1.4582896e-11
0.89609265 0.10872582 0.367539 0.08301349 0.1454696 0.28896695 2.894661e-19 0.06281541 0.22651047 0.46348348 0.096990585 0.05357642 0.018843016 0.012634989 0.00773245 0.3030317 0.009223538 0.0069143395 0.0057435567 0.0062346435 0.001244831 0.00622036 0.007861469 0.0057321237 0.008487291 0.002261672 0.0020178815 2.626667e-05 4.4928447e-06 0.0034833627 1.0353468e-06 0.000112892005 6.0489805e-07 0.00011605114 0.00017721576 4.6016947e-05 0.0010028826 5.567764e-07 1.7987084e-05 0.0013850569 1.0845313e-06 9.0548475e-08 8.875648e-06 0.0006410659 1.1204916e-06 0.00013293294 5.2605503e-07 2.0353559e-07 3.798689e-07 1.2124001e-06 8.031888e-08 3.393703e-08 3.119702e-07 7.507835e-08 1.0301071e-08 2.0720021e-08 0.028995797 2.722372e-10 2.0069716e-07 4.824388e-09 4.943248e-11 1.6873032e-07 1.8253228e-08 0.0063210106 4.741166e-09 1.6226761e-09 5.743386e-11 1.7237258e-09 5.3300215e-11 5.8296746e-06 1.0644855e-09 2.0929014e-09 1.0901408e-09 1.6222088e-09 1.0832339e-10 3.8482178e-12 2.9528255e-10 1.3517679e-10 1.16164176e-10 8.254523e-12 9.056794e-09 1.15635175e-10 6.6095504e-11 0.06106147 4.247187e-07 1.169258e-09 2.8751758e-12 4.7568882e-14 4.5365838e-12 4.2006727e-13 0.07619483 1.7040223e-11 5.6048218e-11 1.0706112e-15 5.2740774e-11 5.183207e-11 1.750105e-10 7.373384e-12 4.803815e-11 9.753625e-12 1.1211688e-16
0.6250179 0.6054093 0.12142911 0.67249393 0.5124338 0.079585515 0.06281541 8.937782e-17 0.011339829 0.07767941 0.2800737 0.077872224 0.018882165 0.006908928 0.0025520932 0.027561411 0.16434447 0.1256678 0.13482197 0.037145425 0.0064354516 0.0021994987 0.101036556 0.02521384 0.089161925 0.037033264 0.030308641 4.8678736e-05 8.569713e-06 0.01345762 0.00016015364 0.0014706807 3.381472e-06 0.0027609013 0.0033913255 0.00131845 0.018845351 8.571813e-06 0.0031054928 0.01847541 0.00023353986 1.0961911e-06 0.0024062735 0.012893828 0.00029778105 0.004378311 0.0014735686 0.0009891397 4.0000755e-06 5.8568517e-06 0.00024632522 1.1424485e-06 0.000641635 0.0004392315 5.6524783e-05 0.00048334984 0.0013826396 5.6442415e-09 0.00015694399 5.3047125e-07 1.218174e-08 0.00010812907 0.000119425036 0.0043912996 0.00046951187 0.00012815003 8.7777945e-09 1.9328249e-05 3.316155e-09 0.000919749 1.302173e-07 1.1286148e-07 7.9628455e-09 0.00028362646 8.1297156e-07 2.8764214e-08 5.9158847e-08 5.6219774e-06 9.032199e-06 4.468324e-07 1.6962806e-05 7.135351e-05 9.235033e-06 0.010801705 0.00011046064 4.855135e-06 6.633797e-08 1.0793526e-06 6.4633587e-09 2.9993743e-08 0.003940577 1.6491242e-07 2.5785761e-05 4.8682793e-08 4.9193136e-06 2.8149657e-06 9.228038e-07 7.76395e-05 1.3447207e-06 0.000114128874 1.12976855e-08
0.020061616 0.06468579 0.17142145 0.008343205 0.20364635 0.57669735 0.22651047 0.011339829 3.452343e-20 0.5102471 0.033364244 0.11486151 0.00019849361 0.00028793007 0.00015010616 0.00022226288 0.0026264377 0.0013622233 0.005587912 0.044636928 1.2843051e-05 1.9411227e-05 0.0007468174 0.00016196654 0.0055685984 8.253875e-05 0.0007943532 8.280381e-07 5.969634e-08 0.029687032 1.3095357e-07 4.7867056e-06 1.1478407e-07 9.580851e-06 1.4016961e-05 2.048693e-06 0.006706674 1.7560521e-06 3.425408e-05 0.012755933 2.0192259e-07 5.689131e-08 7.993372e-05 0.0013394807 2.0770304e-07 0.0016785847 2.9447547e-06 6.446326e-07 9.864741e-08 1.1885097e-07 2.7861014e-07 3.1295162e-08 8.0069485e-06 9.840846e-06 2.2380804e-07 3.6481172e-06 0.0021587345 8.3072377e-10 2.0277013e-05 1.1638408e-08 5.979611e-10 1.0758559e-05 3.7951895e-06 0.0085553005 6.066066e-06 4.355447e-07 6.3479366e-10 1.6021747e-06 1.2528072e-09 0.0002455093 8.414051e-09 3.266811e-09 1.1845673e-09 2.0930434e-05 5.3592558e-08 5.15937e-10 7.661577e-09 1.0677584e-07 2.743252e-07 2.4237979e-08 1.785063e-05 1.2111116e-06 2.987235e-07 0.0039582537 0.00017501638 4.0932828e-06 1.0612222e-08 4.216599e-09 9.617853e-10 3.9502037e-09 0.35844663 1.2559614e-06 4.7627677e-06 2.8962992e-09 2.3949638e-06 9.983722e-07 2.266799e-06 3.4226634e-06 4.6004308e-07 5.883303e-06 1.33010955e-11
0.6018377 0.11060531 0.37981197 0.08058893 0.12883532 0.38779196 0.46348348 0.07767941 0.5102471 9.8068614e-20 0.20009848 0.17503764 0.007451516 0.003931102 0.0013849121 0.078863 0.027296195 0.026473239 0.02782491 0.11806137 0.00040632772 0.00015229764 0.010437066 0.003553567 0.023428746 0.004448623 0.012565072 8.0574773e-07 3.0772856e-08 0.14361338 1.2543895e-06 8.1296545e-05 1.3787985e-08 0.0002681079 0.0008987446 3.5388366e-05 0.02792143 5.3308124e-08 0.00028156157 0.048743673 5.1997984e-09 1.0997306e-09 0.00060630473 0.015305508 7.4005317e-07 0.010875149 2.4267458e-05 3.9207885e-06 6.3649416e-08 9.284405e-08 3.3995613e-07 1.89057e-09 5.23069e-05 4.9662987e-05 7.8166124e-08 3.1170568e-06 0.22540084 2.2770165e-12 3.7568403e-05 7.9572837e-10 1.1281535e-12 1.9189745e-05 9.426252e-06 0.12810807 2.0467967e-06 1.4059052e-07 8.8607897e-13 3.2285882e-07 4.8527544e-14 0.001194004 1.00379385e-10 8.028394e-12 7.512976e-12 8.192782e-07 9.717494e-11 2.1197404e-14 8.813212e-12 4.5896262e-10 3.6027707e-09 1.7637487e-12 2.9528765e-06 1.7920538e-08 1.2736749e-09 0.40163326 0.00018534418 3.880472e-08 4.0606591e-13 3.6868126e-18 4.8952647e-15 2.8581517e-14 0.481129 1.08929414e-10 1.4431713e-10 3.8006642e-20 2.8943856e-11 6.2569216e-12 1.6384564e-09 3.7536324e-10 2.0501409e-12 1.0307901e-10 2.0550889e-20
0.67817175 0.2339365 0.12978354 0.1207091 0.32660824 0.06821011 0.096990585 0.2800737 0.033364244 0.20009848 2.1365398e-19 0.29784137 0.004635713 0.0024344719 0.0013108598 0.007968651 0.042116378 0.014214974 0.08763878 0.15681088 0.00012646861 0.00066641043 0.0058147972 0.0017273622 0.070469655 0.0013337542 0.00890076 3.0510446e-06 1.2132978e-06 0.068762146 1.2592823e-06 6.9161924e-06 1.025714e-07 2.5502828e-05 0.00011753754 3.7420486e-06 0.04879896 6.385781e-07 0.0004761912 0.04274069 0.00022495427 1.1440822e-07 0.0006628217 0.026261298 1.4113068e-07 0.010969186 1.8818224e-05 7.115936e-07 6.3288425e-08 9.3792366e-08 3.135648e-07 6.090929e-08 0.00020538556 0.00018703527 2.2269411e-07 6.851368e-05 0.00044989117 7.977131e-10 0.00018033588 2.1144167e-08 1.0155455e-09 9.844869e-05 8.728311e-05 0.023384877 0.00022443016 4.293821e-06 1.8046756e-09 1.3695131e-05 3.1772878e-09 0.0022078764 5.320309e-08 2.7095744e-08 2.7654503e-09 0.00038664148 1.6889825e-07 3.962617e-09 3.886531e-08 8.3531995e-07 3.4474785e-06 1.0677483e-07 0.00012102445 1.923106e-05 3.4008278e-06 0.0025190695 0.00045202646 2.0077287e-06 1.8491558e-07 9.849799e-05 9.611444e-08 2.779631e-07 0.16694704 1.3584946e-06 5.3179306e-06 1.4547602e-05 2.8311163e-06 1.3156263e-06 1.2977968e-05 1.8151808e-05 1.7951756e-06 2.3454055e-05 1.5040321e-08
0.06916034 0.12752639 0.10036702 0.04209369 0.37847275 0.117529236 0.05357642 0.077872224 0.11486151 0.17503764 0.29784137 2.4941889e-22 0.0011175377 0.00087952334 0.0003236507 0.0010404019 0.008116629 0.0017908249 0.01857621 0.25389367 6.2686713e-06 0.00018696411 0.0004301994 0.00017873193 0.018283824 7.56821e-05 0.0012507839 1.195969e-06 2.0687887e-07 0.072204255 7.090563e-08 9.906747e-07 9.429173e-08 5.8681458e-06 1.0890403e-05 1.1754616e-06 0.015775679 3.269613e-07 7.980034e-05 0.022476811 1.7794626e-05 6.700086e-08 8.912123e-05 0.006411606 1.8967226e-07 0.0025852614 3.6011925e-06 7.3441595e-07 3.4581635e-08 3.2917313e-08 3.943944e-07 1.8399408e-08 2.3934259e-05 2.1909085e-05 1.3823238e-07 2.3267206e-05 0.0005981232 5.528749e-10 5.4832224e-05 1.514028e-08 2.9242464e-10 2.954861e-05 1.1728878e-05 0.0068170405 3.633425e-05 2.8804789e-06 3.8880096e-10 9.164423e-06 9.0654656e-10 0.00029419476 5.268696e-08 1.2331661e-08 1.2642332e-09 5.000908e-05 1.9841762e-07 6.200781e-10 3.2437523e-08 1.5403159e-06 3.4450497e-06 7.2350886e-08 1.6801934e-05 1.0753759e-05 4.4208196e-06 0.0012769188 5.2946853e-05 4.4122964e-07 8.650188e-08 1.0711252e-05 7.725661e-09 1.3287315e-07 0.12939909 1.2139852e-06 6.7920714e-06 2.784274e-07 3.844946e-06 1.1564842e-06 6.1819114e-06 6.7492233e-06 1.4052893e-06 2.1511449e-05 6.9102174e-10
0.98637915 0.0064420127 0.039761 0.021240247 0.0029613213 0.0005804273 0.018843016 0.018882165 0.00019849361 0.007451516 0.004635713 0.0011175377 1.3633001e-18 0.3405553 0.20049632 0.093455516 0.055692695 0.10174208 0.03694822 0.0011110458 0.22873272 0.070469655 0.24797107 0.22160687 0.0547339 0.19289131 0.050923828 0.0049279234 0.0023936657 0.0016603769 0.010068829 0.039970007 0.0020258306 0.04634015 0.04650743 0.028467787 0.0024605016 0.0016950065 0.016056096 0.0037564319 0.012738799 0.00042178686 0.007662566 0.009819988 0.0025669856 0.0014179322 0.010461117 0.005481816 0.00057425216 0.00056904665 0.0031449324 0.000112238566 0.002570562 0.0018816815 0.0015438604 0.0015547653 0.00020666365 1.3221133e-05 0.0010077512 5.7403206e-05 1.3656031e-05 0.00092868455 0.00182349 0.0003837431 0.0024142014 0.00051826943 9.077847e-06 0.0012269367 7.811121e-06 0.0021547175 1.8919714e-05 2.1350355e-05 4.2018332e-06 0.0032482774 7.181308e-05 5.366488e-06 1.3865554e-05 0.00017081709 0.00021813778 3.4975477e-05 8.380402e-05 0.00061148504 0.00020686202 3.5644396e-05 8.0444406e-05 0.00030044332 1.8493782e-05 0.0019549467 9.803223e-07 5.5704118e-06 4.523811e-05 2.811939e-06 0.0002249399 2.1280111e-06 0.00013647003 0.00017560404 1.3046381e-05 0.00028164507 0.00011578892 0.0002271742 2.3155727e-07
0.98395634 0.007857759 0.033646625 0.02158018 0.0023587556 0.00034206943 0.012634989 0.006908928 0.00028793007 0.003931102 0.0024344719 0.00087952334 0.3405553 5.71212e-18 0.398633 0.09885367 0.04427735 0.1071427 0.017255979 0.0011413019 0.4932037 0.1528249 0.2637059 0.3146323 0.053509373 0.36994815 0.049478568 0.009320887 0.0075883274 0.0013782262 0.041882068 0.18200779 0.0051236553 0.15392122 0.1146364 0.10211363 0.0037483978 0.007694522 0.04959402 0.003821612 0.013407587 0.0014627316 0.021590464 0.012727355 0.01942799 0.0031682383 0.044261448 0.03799318 0.0044071223 0.0025676 0.021398118 0.00046486154 0.00898201 0.006687667 0.00849137 0.0086670425 9.217131e-05 2.5519053e-05 0.007892979 0.00059215724 4.9951355e-05 0.0065021827 0.0071855565 0.00038252366 0.009821037 0.0050011324 2.8811311e-05 0.0068642655 2.129689e-05 0.0053232666 0.00039751898 0.00015789639 3.771015e-05 0.013367779 0.0011841462 4.4569268e-05 0.00015059266 0.002496326 0.002440474 0.00063434785 0.0005745105 0.003942677 0.0020933042 0.00010454115 8.625184e-05 0.0022627753 0.00017274774 0.003158973 6.36033e-06 2.0318457e-05 2.5151325e-05 1.3230781e-05 0.001191177 2.1422463e-06 0.000915819 0.0008766603 3.3177213e-05 0.0011346131 0.00054738205 0.0011221941 5.6845727e-07
0.9718055 0.0017807301 0.030277114 0.004848378 0.0006917808 0.00011359182 0.00773245 0.0025520932 0.00015010616 0.0013849121 0.0013108598 0.0003236507 0.20049632 0.398633 4.3495862e-16 0.19510607 0.019695716 0.03809072 0.008590952 0.000536999 0.4333026 0.29875207 0.1394046 0.25725895 0.020703988 0.17665924 0.027143622 0.03933501 0.01304734 0.00054205995 0.087046504 0.27731094 0.031089043 0.1495868 0.094417125 0.14588645 0.0016820019 0.040518727 0.04407861 0.0024382835 0.027439399 0.0037516383 0.015063096 0.004684256 0.048209548 0.0012941547 0.043690242 0.03878863 0.019268224 0.009720741 0.037017293 0.0039517866 0.007989676 0.005331637 0.015830386 0.009561305 5.9116413e-05 0.00037398335 0.0034891942 0.004439081 0.0006334486 0.002788407 0.005646654 0.00018324112 0.007926758 0.0071039964 0.0004248233 0.0038779774 0.00034798944 0.0019718995 0.0020190645 0.0010056659 0.0003623976 0.008328503 0.002135393 0.00020910295 0.0006795591 0.0030600098 0.002857166 0.0013042047 0.00027568862 0.0030527052 0.002059964 5.731038e-05 0.00018251035 0.00081453624 0.00030181144 0.0040653897 6.0208e-06 2.9538103e-05 9.958461e-06 2.3210094e-05 0.001296168 4.4132075e-06 0.00094739196 0.0009783158 7.347585e-05 0.0016265629 0.00057327055 0.0016299225 3.179022e-07
0.9991584 0.027760025 0.50738984 0.035609003 0.035761587 0.0076132272 0.3030317 0.027561411 0.00022226288 0.078863 0.007968651 0.0010404019 0.093455516 0.09885367 0.19510607 4.1431787e-07 0.0049831723 0.0056357416 0.002727253 0.0011549518 0.07052161 0.34361997 0.007725702 0.049104836 0.005021166 0.01059762 0.004698859 0.07973794 0.06346371 0.0012295154 0.017149866 0.021678999 0.026980823 0.0064215567 0.0073738014 0.008503287 0.0009722952 0.01638613 0.004947203 0.0018010446 0.100927934 0.010612725 0.003510452 0.0039493586 0.0041713854 0.0014285409 0.0025280293 0.0022414823 0.003282761 0.004888268 0.002471607 0.0054582655 0.0016288736 0.0015282558 0.0026040103 0.00119368 0.00012958399 0.0032531524 0.0016239164 0.0020507046 0.003524316 0.0019763345 0.0017066898 0.0075205695 0.0013741269 0.0019336647 0.0022588319 0.0010001663 0.007015583 0.004481503 0.002875552 0.005078818 0.0037265348 0.0026291069 0.0015903912 0.005555417 0.003832401 0.0013293527 0.0008791389 0.0030398674 0.0011612626 0.0009606996 0.0009168078 9.9310055e-06 0.0005448691 0.0011465782 0.006783825 0.010380035 0.0036947054 0.01019082 1.0034414e-05 2.1635115e-05 0.0021978735 0.00078780815 0.0019624743 0.0031097443 2.0218062e-05 0.001371139 0.0036384603 0.0010869793 0.00021073573
0.8424477 0.06189572 0.013367925 0.04782853 0.07736393 0.0046225726 0.009223538 0.16434447 0.0026264377 0.027296195 0.042116378 0.008116629 0.055692695 0.04427735 0.019695716 0.0049831723 3.8011736e-19 0.6252047 0.6535074 0.07105296 0.003575275 0.0059302696 0.28606468 0.09340369 0.5719744 0.09467015 0.50292057 0.00022675277 0.00050034124 0.016136272 2.0848933e-05 6.406185e-05 1.0814086e-05 0.0017663331 0.0047447407 0.00012928352 0.11150682 1.4135388e-05 0.017720243 0.037603803 0.0030652918 2.9401313e-05 0.01487811 0.19027683 2.268182e-05 0.041062497 0.00328652 0.00064510526 6.009024e-06 1.0263041e-05 6.0426104e-05 3.0633719e-06 0.010103013 0.008581703 0.00014654046 0.0043563633 0.00015276938 6.794673e-07 0.006595825 4.308358e-06 4.876758e-07 0.0048113037 0.0051802536 0.0020921605 0.006211137 0.00030116594 6.750964e-07 0.0013456001 8.544418e-07 0.0141397305 6.8893464e-06 1.441177e-06 6.395978e-07 0.0026740008 7.82165e-05 4.5128192e-07 3.37583e-06 0.00021735099 0.00056494825 1.6975477e-05 0.0009378273 0.00063337636 0.000555414 0.0010493376 0.0011030816 0.00014460977 2.9117979e-05 0.0019103843 5.129196e-07 1.0423667e-05 0.0015886201 5.472238e-06 0.00034059174 2.9225448e-05 0.000369967 0.00046093768 4.776762e-05 0.00024834217 0.00016312138 0.00021660994 2.3422503e-08
0.88457286 0.05535098 0.013125917 0.040799327 0.05348783 0.0027765816 0.0069143395 0.1256678 0.0013622233 0.026473239 0.014214974 0.0017908249 0.10174208 0.1071427 0.03809072 0.0056357416 0.6252047 2.2170368e-18 0.61485803 0.028098116 0.01567869 0.009802309 0.35352203 0.16261967 0.58561224 0.15665206 0.59227014 0.00061220594 0.00083654816 0.013430334 4.3066142e-05 0.00026011397 2.3942206e-05 0.004704536 0.01936891 0.00022800527 0.13599181 3.3382017e-05 0.054206178 0.04541566 0.0030255711 2.2112827e-05 0.05622415 0.41945064 3.7455462e-05 0.061618656 0.010877462 0.0017754876 5.7482334e-06 7.961308e-06 0.00015870451 4.3838113e-06 0.03118017 0.03753348 0.00037652205 0.0102939345 6.234589e-05 1.1456343e-06 0.026160283 6.245298e-06 6.548796e-07 0.020676196 0.018122377 0.0030856512 0.015557243 0.0018332398 1.6884471e-06 0.005066518 2.2532186e-06 0.036925673 1.4412218e-05 3.387411e-06 9.04221e-07 0.0114711085 0.00022120516 4.5389015e-07 7.626758e-06 0.0006782833 0.0012230143 3.1096653e-05 0.0031566257 0.0015639161 0.0008306827 0.00063646847 0.0026013518 0.0012166128 2.0710888e-05 0.0024079126 3.0857308e-07 8.2741335e-06 0.0012673031 5.901313e-06 0.00019876014 7.750893e-05 0.00020745766 0.00025845328 4.6952846e-05 0.00037351163 0.00015684942 0.00020683203 1.0738033e-08
0.7384305 0.058625467 0.010205774 0.035506997 0.08107736 0.009014719 0.0057435567 0.13482197 0.005587912 0.02782491 0.08763878 0.01857621 0.03694822 0.017255979 0.008590952 0.002727253 0.6535074 0.61485803 5.2275136e-20 0.14753197 0.00225999 0.0025494746 0.27261442 0.055940855 0.70394784 0.07417512 0.59388846 0.00011550569 0.0005609125 0.035082467 2.779093e-05 0.00011469408 1.9442221e-05 0.0017810289 0.0039339913 0.00019453249 0.2216346 2.4267829e-05 0.018694354 0.077933945 0.0023498654 3.5235043e-05 0.014903438 0.29117057 3.886118e-05 0.074803896 0.0026757761 0.00080984115 8.740393e-06 1.0368443e-05 9.788333e-05 3.3492972e-06 0.014271357 0.014111205 0.00013958647 0.003906399 0.00052011875 5.7331914e-07 0.0076788925 2.355159e-06 4.0450485e-07 0.0053007607 0.00555341 0.008313147 0.0044325073 0.0001938663 2.801079e-07 0.0012989528 4.3470064e-07 0.026297992 3.0789358e-06 9.64043e-07 2.5068252e-07 0.002586852 1.9171326e-05 2.0940494e-07 9.502906e-07 9.557585e-05 0.00025856643 4.6044934e-06 0.0023079128 0.00030887176 0.00025860712 0.001560415 0.0044132457 0.00078376813 5.9965205e-06 0.0010870353 1.2370856e-07 4.0979776e-06 0.0035224056 2.1995946e-05 0.00031768778 7.918776e-06 0.00021411046 0.00019023592 4.7075602e-05 0.00025769966 7.9670775e-05 0.00020606654 9.16593e-09
0.24032491 0.041796587 0.012847094 0.015639117 0.07144526 0.034595545 0.0062346435 0.037145425 0.044636928 0.11806137 0.15681088 0.25389367 0.0011110458 0.0011413019 0.000536999 0.0011549518 0.07105296 0.028098116 0.14753197 3.3535006e-19 0.00012943304 0.00047552795 0.008585043 0.0012016759 0.11509196 0.002179997 0.027462915 9.71411e-06 1.61099e-05 0.44445506 5.3390754e-06 2.0549262e-05 4.0341138e-06 0.00018859572 0.000243312 3.132235e-05 0.26105273 9.115811e-06 0.0011412583 0.18382998 0.0007748361 4.167163e-06 0.001035262 0.059293285 8.728856e-06 0.049916383 0.00013858001 1.2910297e-05 1.3169594e-06 3.7087768e-06 4.6836676e-06 1.4599339e-06 0.00041273393 0.0005432888 4.288182e-06 0.00015468727 0.0023510815 6.310701e-08 0.0005831813 4.7737564e-07 7.38035e-08 0.00027629978 0.00012906536 0.032783873 0.00031861896 1.390426e-05 1.348016e-07 7.0131005e-05 3.4959672e-07 0.004287109 5.893616e-07 2.249977e-07 5.9374844e-07 0.00060132577 1.8481607e-06 5.057613e-07 5.282056e-07 4.092936e-06 1.2190487e-05 9.876389e-07 0.00049613 3.2285916e-05 1.233729e-05 0.0028898257 0.0022422082 1.4871542e-05 4.651551e-06 0.0002494395 1.1168802e-06 8.540049e-06 0.05773567 3.741585e-06 2.6210717e-05 3.164669e-05 1.9625155e-05 1.6680371e-05 5.709492e-06 7.001226e-05 2.5325899e-05 0.0001649915 1.461358e-07
0.9852942 0.0056283213 0.003734901 0.013808278 0.00056957256 1.31504485e-05 0.001244831 0.0064354516 1.2843051e-05 0.00040632772 0.00012646861 6.2686713e-06 0.22873272 0.4932037 0.4333026 0.07052161 0.003575275 0.01567869 0.00225999 0.00012943304 4.3249953e-18 0.24533725 0.15713422 0.47996736 0.020254057 0.29339838 0.04899752 0.07062442 0.033276834 0.00011006652 0.23466665 0.4589909 0.025517415 0.30754602 0.21122216 0.38522446 0.0015253908 0.01810564 0.09355588 0.0006016811 0.028519185 0.0042464626 0.056009825 0.007220088 0.10729232 0.0005735481 0.13217597 0.1241061 0.020096362 0.011716749 0.10212884 0.0025996307 0.03036699 0.015286113 0.057509266 0.04084357 3.5349929e-06 0.00018017257 0.005262799 0.0047979834 0.0002658949 0.0044927294 0.012686055 2.1235035e-05 0.026118042 0.021913478 0.00012220828 0.008090955 7.128679e-05 0.00046914085 0.002170473 0.00091914006 0.00016205337 0.016596084 0.0038284536 0.00010277102 0.00073094666 0.0060747825 0.0041418183 0.0016298634 6.233514e-05 0.002552278 0.0018884726 1.4893213e-05 1.1957039e-05 0.00056014914 0.00014376218 0.0069329794 7.682046e-06 1.6075155e-05 3.1770564e-06 3.470838e-06 0.00020009698 0.00014445098 0.00014621422 0.00011391064 2.4052133e-06 0.00041337582 5.3357693e-05 0.00032220266 8.449835e-07
0.9920547 0.0008382328 0.05197051 0.0049449797 0.00044479247 2.2409298e-05 0.00622036 0.0021994987 1.9411227e-05 0.00015229764 0.00066641043 0.00018696411 0.070469655 0.1528249 0.29875207 0.34361997 0.0059302696 0.009802309 0.0025494746 0.00047552795 0.24533725 4.016941e-10 0.033293676 0.112221345 0.008663997 0.042920392 0.0073700924 0.46393973 0.31721747 0.0004705348 0.20123573 0.20285182 0.34675348 0.035151307 0.01997992 0.064119145 0.0014764783 0.22134976 0.010012027 0.0016375 0.20251818 0.10331925 0.0050768186 0.0023723645 0.039070763 0.0015133527 0.013773079 0.015444834 0.04349257 0.036580093 0.023485795 0.04197921 0.0050079473 0.0023272068 0.013550452 0.0069137164 1.8794943e-05 0.043630973 0.00112258 0.014591565 0.05196899 0.00102305 0.0026236454 0.0002450763 0.0052838125 0.0071148174 0.019858329 0.0008585555 0.023048181 0.00080011133 0.011448884 0.01320843 0.008556169 0.0050186906 0.005015648 0.012732653 0.006826812 0.004193317 0.0026481738 0.0051553897 0.00023056185 0.0015965465 0.0013123257 4.546265e-06 0.0001040629 0.00067634636 0.002913466 0.008958288 0.0006884008 0.001105371 8.1686284e-07 2.7738794e-05 0.0008228878 0.00021408228 0.00095485564 0.0013142469 3.6370686e-05 0.0014846417 0.0016864863 0.0015389242 3.0148189e-05
0.83285636 0.045075655 0.01402928 0.04757331 0.03721765 0.001422009 0.007861469 0.101036556 0.0007468174 0.010437066 0.0058147972 0.0004301994 0.24797107 0.2637059 0.1394046 0.007725702 0.28606468 0.35352203 0.27261442 0.008585043 0.15713422 0.033293676 5.950795e-20 0.5012833 0.4184978 0.6481937 0.4977485 0.0034949826 0.002902862 0.0044042165 0.0009886202 0.0075421426 0.00015663373 0.07030662 0.15854436 0.01107775 0.071023 0.0002556289 0.18884368 0.020242276 0.0063624815 0.00013563148 0.1323288 0.1734048 0.00036063633 0.037901778 0.049491208 0.013355704 4.77637e-05 5.8992173e-05 0.0016861928 1.7404525e-05 0.04980782 0.051194157 0.001431716 0.031297814 8.581751e-06 2.2127476e-06 0.05736883 1.4439044e-05 2.0270718e-06 0.043743152 0.022582129 0.00012370014 0.0382457 0.0042418386 2.7287354e-06 0.0120729245 3.3762872e-06 0.024173526 1.6216105e-05 2.6708376e-06 1.1094966e-06 0.020811904 0.00015855928 1.6754097e-06 9.635205e-06 0.0005084641 0.0012036217 2.0533984e-05 0.0022795876 0.0023061156 0.00083238684 0.00033356925 0.0006551786 0.0027384781 4.7589605e-05 0.0035875586 1.0546823e-06 1.1826744e-05 0.00010297252 1.1841088e-05 0.00031202158 4.2532105e-05 0.00030357638 0.00036807507 3.155486e-05 0.0011314859 0.00016009666 0.00057688035 2.3613683e-08
0.9593561 0.030735051 0.012848693 0.05588055 0.0062611825 8.99663e-05 0.0057321237 0.02521384 0.00016196654 0.003553567 0.0017273622 0.00017873193 0.22160687 0.3146323 0.25725895 0.049104836 0.09340369 0.16261967 0.055940855 0.0012016759 0.47996736 0.112221345 0.5012833 1.8169827e-19 0.14771873 0.5939457 0.18405887 0.025140733 0.0131764095 0.0010239481 0.044665936 0.12840162 0.004672789 0.3124488 0.30349737 0.19925503 0.01369619 0.008080255 0.20273553 0.004384819 0.014436995 0.0006766883 0.1122546 0.03468129 0.023450747 0.0053991475 0.14975934 0.08011589 0.0017544639 0.001297156 0.029409522 0.00021138343 0.040658474 0.034226242 0.009532112 0.039485592 8.311105e-06 6.9490643e-06 0.027751114 0.00017867025 1.786134e-05 0.019188179 0.020320833 8.6019536e-05 0.03664869 0.009849983 8.632265e-06 0.0140611725 3.1974398e-06 0.004336765 0.000106919884 5.0197385e-05 1.0608606e-05 0.017475221 0.000760011 4.1453688e-05 7.5532276e-05 0.0019558147 0.0020979685 0.00020069325 0.0011248434 0.0036685185 0.0014271893 0.00015637014 0.00027746585 0.002779798 9.241072e-05 0.0054307175 1.2667086e-05 2.2625476e-05 1.3839542e-05 1.675679e-05 0.00053534866 3.47032e-05 0.00040042322 0.00042961622 1.3345887e-05 0.0012895586 0.00020418603 0.0009519388 3.3931283e-07
0.48233506 0.03674321 0.013201882 0.027836315 0.054147147 0.0067603006 0.008487291 0.089161925 0.0055685984 0.023428746 0.070469655 0.018283824 0.0547339 0.053509373 0.020703988 0.005021166 0.5719744 0.58561224 0.70394784 0.11509196 0.020254057 0.008663997 0.4184978 0.14771873 6.6091285e-20 0.25703964 0.7330562 0.00035687952 0.0009091289 0.03038564 0.00021545951 0.00159934 5.5902226e-05 0.021316422 0.033164397 0.0038913118 0.25332713 0.00012930411 0.09434963 0.093852475 0.0058955285 0.00013507204 0.09620093 0.24574518 0.0004189408 0.077673316 0.013140403 0.0041523776 3.842283e-05 5.0774903e-05 0.0005014373 1.8599232e-05 0.033079024 0.040131524 0.0002797013 0.012547074 0.00023574872 1.1738955e-06 0.06669857 7.755007e-06 1.6520057e-06 0.042354558 0.012949843 0.0046618497 0.0127465585 0.0010995667 1.7614831e-06 0.0062196422 8.8303216e-07 0.062321816 5.3377157e-06 2.0414748e-06 1.4400931e-06 0.009886809 4.0332772e-05 4.255099e-06 4.5182087e-06 0.00016120898 0.0005353364 5.2410137e-06 0.007480509 0.0010351168 0.0005329776 0.0027714877 0.00621996 0.0023012361 1.5257261e-05 0.0049870107 4.2610947e-07 3.7570355e-06 0.0010220398 6.822926e-05 0.00017012289 3.585872e-05 0.00020190113 0.00014148749 0.00010850818 0.0007214994 3.8733055e-05 0.00030415884 1.4304023e-08
0.7753202 0.024618318 0.0054422794 0.02544557 0.017160118 0.00025036154 0.002261672 0.037033264 8.253875e-05 0.004448623 0.0013337542 7.56821e-05 0.19289131 0.36994815 0.17665924 0.01059762 0.09467015 0.15665206 0.07417512 0.002179997 0.29339838 0.042920392 0.6481937 0.5939457 0.25703964 9.282684e-20 0.4653537 0.019931328 0.008851815 0.0011542874 0.013831561 0.0427331 0.0029501952 0.22475386 0.45678008 0.06925201 0.044245683 0.0037657074 0.45061785 0.010747332 0.008037571 0.0005149623 0.28786907 0.2259698 0.0075446675 0.031198684 0.20885459 0.07202065 0.00070050696 0.00047736455 0.01418708 6.583991e-05 0.16032702 0.13133407 0.0071980422 0.10946049 1.5150724e-06 1.1555312e-05 0.1463234 0.0001925452 1.3351182e-05 0.13504355 0.070705496 4.3364314e-05 0.0793818 0.022897055 7.89433e-06 0.08305186 8.359827e-06 0.053393446 0.00010342366 2.1711758e-05 3.422898e-06 0.044970553 0.0010922836 5.5284804e-06 4.484114e-05 0.003178596 0.0049710064 9.5865034e-05 0.00884204 0.0063218065 0.0034503597 0.00016589729 0.00092132564 0.020601755 5.429055e-05 0.0038299037 4.822507e-07 8.277164e-06 1.5209973e-05 0.00015358863 0.000571826 9.5374344e-05 0.00044310786 0.0003514371 0.0001860552 0.0021342468 0.00013151258 0.00081516796 1.19397e-08
0.595281 0.017772445 0.005426721 0.01378158 0.01849168 0.0012539084 0.0020178815 0.030308641 0.0007943532 0.012565072 0.00890076 0.0012507839 0.050923828 0.049478568 0.027143622 0.004698859 0.50292057 0.59227014 0.59388846 0.027462915 0.04899752 0.0073700924 0.4977485 0.18405887 0.7330562 0.4653537 4.7488625e-19 0.0013776928 0.0017634197 0.013915026 0.0010900947 0.005260842 0.00013892392 0.044222068 0.08896421 0.013363261 0.30546728 0.00050979643 0.29301125 0.096771546 0.0043360204 9.4125215e-05 0.36069998 0.5807588 0.0017433839 0.18863596 0.0405965 0.013465615 0.00012818535 0.00016687207 0.0033273443 1.9316638e-05 0.15345195 0.23693208 0.0016653937 0.03309471 0.0001844989 1.8584772e-06 0.27352142 2.2028527e-05 1.0057393e-06 0.22862913 0.07139429 0.0029954212 0.021728108 0.0030665288 1.0016768e-06 0.078488015 9.990351e-07 0.25983575 1.9140196e-05 6.418828e-06 4.0447208e-07 0.027136743 5.609625e-05 8.9120215e-07 5.41012e-06 0.00034298896 0.0009818228 1.0684655e-05 0.03281316 0.0016858029 0.000874049 0.0005443468 0.014294105 0.024473269 1.33102085e-05 0.0019566552 2.6022124e-07 2.8449308e-06 0.00013078091 0.0015531721 0.00023610175 2.3887536e-05 0.00015931943 0.00012148665 0.0007112236 0.0020498727 4.803619e-05 0.0006561494 7.888023e-08
0.9769809 8.136286e-05 0.00070953596 0.00032870073 2.9742796e-06 5.000581e-08 2.626667e-05 4.8678736e-05 8.280381e-07 8.0574773e-07 3.0510446e-06 1.195969e-06 0.0049279234 0.009320887 0.03933501 0.07973794 0.00022675277 0.00061220594 0.00011550569 9.71411e-06 0.07062442 0.46393973 0.0034949826 0.025140733 0.00035687952 0.019931328 0.0013776928 2.3798043e-14 0.46726537 2.8047898e-05 0.19202824 0.1681986 0.4966147 0.042988632 0.022226257 0.08382507 4.9520295e-05 0.2888792 0.004687037 5.3961696e-05 0.07639444 0.23671268 0.001582545 0.00026430064 0.117332436 4.4280747e-05 0.030413734 0.0453378 0.124145076 0.11175297 0.08331636 0.114462845 0.0036591159 0.0008858583 0.05899057 0.013271328 5.618504e-06 0.049874283 0.00031952883 0.073524415 0.10893683 0.00033516172 0.0021210588 4.47063e-05 0.008544146 0.019047653 0.028861223 0.00061968976 0.014215067 0.00018072326 0.056789834 0.048001908 0.03267338 0.007447502 0.016914692 0.015369375 0.031213662 0.012527263 0.007136131 0.014395015 1.7316066e-05 0.0029676766 0.0029998794 2.95491e-06 8.539608e-06 0.0001050813 0.0076062344 0.008618717 0.0012629568 0.0018544398 1.0211404e-07 8.271286e-06 0.0013263832 6.7152694e-05 0.00092282816 0.0014182547 1.6075614e-05 0.0007612079 0.0016718586 0.0007998591 1.7830434e-05
0.9951125 4.0296727e-06 7.318957e-06 5.1455798e-05 5.379726e-07 4.66702e-09 4.4928447e-06 8.569713e-06 5.969634e-08 3.0772856e-08 1.2132978e-06 2.0687887e-07 0.0023936657 0.0075883274 0.01304734 0.06346371 0.00050034124 0.00083654816 0.0005609125 1.61099e-05 0.033276834 0.31721747 0.002902862 0.0131764095 0.0009091289 0.008851815 0.0017634197 0.46726537 1.06091935e-14 1.5006602e-05 0.1548854 0.12860242 0.35889882 0.025880124 0.018026238 0.059716385 0.00017553472 0.26326284 0.0040857657 9.2475784e-05 0.07793511 0.25135514 0.001262581 0.00036537752 0.09654545 3.089096e-05 0.018403074 0.02295441 0.12780498 0.12299007 0.06321752 0.18576694 0.0017685918 0.00045683738 0.04214184 0.0072490927 4.4401922e-06 0.1791663 0.0002641429 0.07793875 0.22229995 0.00032968307 0.00087837165 1.41667915e-05 0.0043028765 0.011205151 0.09709437 0.0003164209 0.06570145 4.2635867e-05 0.0692315 0.079775475 0.09183123 0.0039038854 0.014490093 0.057249274 0.04157358 0.007044909 0.0038642825 0.0145188635 8.150804e-06 0.0018756294 0.00185981 6.320422e-08 1.6568621e-06 1.36120325e-05 0.0113909235 0.020085176 0.0069773304 0.0050506177 1.42895695e-08 2.845598e-06 0.0007058247 0.0008548792 0.00050619134 0.0009792456 9.482587e-06 0.00031583512 0.0015077057 0.0002520349 0.00064344873
0.07296566 0.013462799 0.002974874 0.004946138 0.035603452 0.021057839 0.0034833627 0.01345762 0.029687032 0.14361338 0.068762146 0.072204255 0.0016603769 0.0013782262 0.00054205995 0.0012295154 0.016136272 0.013430334 0.035082467 0.44445506 0.00011006652 0.0004705348 0.0044042165 0.0010239481 0.03038564 0.0011542874 0.013915026 2.8047898e-05 1.5006602e-05 6.573275e-20 3.0309888e-05 9.6457916e-05 1.9866682e-05 0.00018096557 0.0001823249 0.000111592315 0.22711565 1.7854583e-05 0.00032970036 0.40240985 0.0012703246 4.9512368e-05 0.0007121177 0.05880068 8.365983e-06 0.11044103 0.00027989686 3.1892432e-05 1.7105606e-06 8.896969e-06 5.3522485e-06 1.5150226e-05 0.00057445787 0.0007120304 7.4751065e-06 0.0005904776 0.0065089576 2.9831142e-06 0.0008878683 5.9875975e-07 2.0134755e-06 0.000529568 0.00042697252 0.15847886 0.00041141798 3.096948e-05 3.899321e-06 0.00020387997 4.580471e-06 0.0110580595 4.514872e-07 1.0713427e-07 3.5994879e-07 0.0006976575 2.5246813e-06 9.0028436e-07 4.3080843e-07 1.4678084e-05 2.499506e-05 1.0474912e-06 0.001374446 7.2549854e-05 3.1064967e-05 0.002084811 0.01915086 0.000119569886 4.074153e-06 0.00021136874 3.4826962e-07 2.1206085e-06 0.024237728 1.4803648e-05 0.00010666629 5.4492382e-05 9.374047e-05 7.3243296e-05 3.095968e-05 0.00011201027 5.8658436e-05 0.00028364675 1.876249e-07
0.8342118 0.00029488775 1.7059412e-05 0.0008158773 4.7564813e-06 1.6664661e-07 1.0353468e-06 0.00016015364 1.3095357e-07 1.2543895e-06 1.2592823e-06 7.090563e-08 0.010068829 0.041882068 0.087046504 0.017149866 2.0848933e-05 4.3066142e-05 2.779093e-05 5.3390754e-06 0.23466665 0.20123573 0.0009886202 0.044665936 0.00021545951 0.013831561 0.0010900947 0.19202824 0.1548854 3.0309888e-05 4.3714439e-16 0.60286355 0.18306263 0.1938248 0.07264412 0.3373797 0.00015794954 0.20222618 0.019073894 4.7282443e-05 0.027137674 0.09409407 0.006230664 0.00042268285 0.4132613 4.3586544e-05 0.107502565 0.1739283 0.31793573 0.2521801 0.29101312 0.09417147 0.0168424 0.0030230505 0.19039099 0.05864615 1.546711e-07 0.0056692003 0.0003941023 0.17549694 0.011242481 0.0003658697 0.00531806 1.787091e-06 0.033894263 0.075609215 0.004927594 0.0011366296 0.0015949906 6.1034167e-05 0.083732694 0.04332811 0.016145946 0.017995864 0.03936122 0.0030836521 0.032741312 0.031128746 0.01382649 0.019698408 9.180257e-06 0.0047548013 0.005196946 6.5909226e-06 2.7518136e-06 7.889449e-05 0.0048897066 0.008472567 0.00035447662 0.0006663599 1.989491e-07 2.709843e-06 0.0003917081 0.00043472636 0.00032511025 0.00045398957 7.755391e-06 0.000395801 0.0005547341 0.00037139817 5.0940347e-05
