2.6365018e-28 7.969493e-07 4.173932e-06 2.1475327e-07 1.0968922e-05 6.977513e-06 2.3549825e-07 5.246607e-07 2.309813e-06 6.6864995e-05 1.2977287e-07 2.0105606e-08 0.00012479523 0.00022842381 0.00033550037 1.1443932e-07 0.00061360124 2.4426532e-05 6.3365433e-06 5.342847e-07 0.002619765 7.603423e-08 2.2855811e-07 2.537742e-07 8.2229704e-08 0.003405997 2.8785e-05 0.0015697856 0.002488798 0.007096331 4.5450897e-06 8.8941185e-08 0.0072804224 1.8177305e-07 0.009663531 0.0092972005 0.009251509 0.050940704 4.3600852e-07 0.0017087575 0.024653621 7.222528e-08 1.8847219e-06 4.6431894e-09 7.184675e-08 3.5420336e-09 3.610489e-07 1.1990474e-05 5.784817e-07 0.00016234326 0.0076585985 3.5106808e-07 2.5745928e-07 1.5346972e-06 0.00036248213 3.621457e-08 0.0001895881 0.0009304527 0.000117863725 5.009227e-09 8.351232e-09 0.00018438933 3.4424627e-07 0.00013338539 1.5255418e-08 4.803277e-10 3.9324024e-09 5.9877293e-05 3.2766626e-10 0.0019502427 6.3410485e-11 3.192049e-05 9.191621e-11 0.00013645468 1.799301e-08 0.00014798334 1.6346949e-09 0.010502767 6.585327e-11 1.1048601e-10 0.0005227596 1.8962604e-10 1.6330363e-10 1.3334539e-05 0.0033437891 1.4122e-10 1.8855982e-07 7.415738e-12 9.117601e-08 3.6283468e-06 1.0283057e-05 3.0349263e-12 3.553193e-12 2.8780836e-12 0.0021160936 3.8633607e-06 7.0787035e-05 4.2571733e-06 1.8349129e-14 6.7201236e-13 3.9591713e-13
7.969493e-07 1.0370606e-26 0.4496428 0.48155957 0.42550623 0.29128072 0.26181635 0.13120763 0.14668363 0.13392074 0.051132496 0.21179827 0.17192073 0.10175074 0.13733146 0.16974701 0.14229897 0.09040406 0.02210027 0.18848534 0.1612725 0.013450971 0.0051733763 0.028163804 0.015138276 0.07811278 0.02542183 0.04544781 0.024582922 0.059598017 0.026059685 0.0013956624 0.07169842 0.27437857 0.054870754 0.08166613 0.06368751 0.043725967 0.05285564 0.030420346 0.05017128 0.14705242 0.102427095 0.0051107374 0.13333876 0.0032082193 0.03613016 0.0040157605 0.05756595 0.013875285 0.019202026 0.37900388 0.0011839498 0.3814312 0.0018772767 0.0225958 0.013873922 0.009786374 0.010590037 0.015888399 0.0033048925 0.009730442 0.0066495826 0.002468974 0.00044649417 0.0073873643 0.003624849 0.008201598 0.031882387 0.011556426 2.164855e-05 0.0027548177 0.0004888296 0.005055145 0.05988668 0.013397228 0.0002563085 0.01791514 2.5056074e-06 0.0013829634 0.021741867 0.0005627766 0.02943485 0.0010544461 0.016911611 5.765764e-06 0.0055155368 0.00012330781 0.0035142004 0.0030604359 0.0007571156 0.025831457 0.0009803735 0.0028528587 0.007095086 0.001219132 0.004142942 0.0009179981 0.0005972961 0.00031250846 0.016831981
4.173932e-06 0.4496428 3.3287677e-23 0.37529704 0.38359922 0.25787506 0.2241172 0.19917485 0.116836324 0.18289825 0.05500115 0.22010389 0.15645647 0.12614259 0.1820207 0.16667472 0.12913367 0.13079067 0.024254208 0.14353138 0.19054204 0.017642979 0.0071982727 0.088998385 0.023977853 0.11454592 0.067211114 0.07418573 0.020381242 0.09322294 0.06635243 0.0017971842 0.1013045 0.23907837 0.093859516 0.10227453 0.09360496 0.04271932 0.112450816 0.055055153 0.04199986 0.1564028 0.11355647 0.010579192 0.15602976 0.006913479 0.03837061 0.0035142105 0.123191416 0.029038198 0.03522447 0.30529273 0.0014044506 0.27868345 0.0018487865 0.05256588 0.023876991 0.0066334056 0.020941965 0.059800018 0.0057126405 0.005766776 0.017742157 0.0021257093 0.00053299544 0.024673289 0.01344692 0.0041759554 0.03641483 0.011345865 1.9288032e-05 0.010404663 0.002471172 0.004956091 0.06706875 0.009755247 0.0023194829 0.02730963 2.1924752e-06 0.0036540544 0.021372696 0.0019430248 0.033861365 0.0006465687 0.021677168 3.850726e-06 0.010612452 0.0004890882 0.006727805 0.0015680419 0.00041902967 0.029090289 0.004418531 0.0037625143 0.009371742 0.003988884 0.0079839025 0.0027173806 0.0014674354 0.0008022189 0.0137886265
2.1475327e-07 0.48155957 0.37529704 1.5896866e-27 0.37604153 0.32739973 0.26814145 0.119722076 0.15690786 0.16222514 0.054908507 0.20557454 0.1777457 0.08099336 0.15966466 0.18024231 0.17525186 0.07578673 0.019604314 0.24953276 0.19151996 0.015318416 0.0043582935 0.025243223 0.014020686 0.09137314 0.017113097 0.037774846 0.026182402 0.0743808 0.017518088 0.0014015646 0.079756565 0.27177334 0.04251971 0.10961899 0.08146928 0.053867232 0.044842303 0.019081026 0.0664576 0.13352668 0.105191566 0.0029199247 0.1114466 0.0019329743 0.033250745 0.004755184 0.05599379 0.009420152 0.014719626 0.34924683 0.0008758208 0.33228868 0.003286476 0.012573924 0.011014182 0.013416171 0.0054671736 0.009231274 0.0013497901 0.014416613 0.0032336283 0.004398246 0.00050889025 0.003911458 0.0014301201 0.017064547 0.028987546 0.015770135 2.156913e-05 0.0015672158 0.00018317769 0.006853064 0.021803677 0.01881843 7.744774e-05 0.020032922 5.1682396e-06 0.0012199827 0.025402168 0.0002685849 0.012473961 0.002799669 0.01907097 1.9472263e-05 0.0029390776 7.914355e-05 0.0016286126 0.007611241 0.0019392946 0.019681897 0.00023800705 0.0014638354 0.006102128 0.0011433801 0.0038445196 0.0008044433 0.00021808599 0.00021371225 0.007134675
1.0968922e-05 0.42550623 0.38359922 0.37604153 7.368418e-24 0.2996371 0.240907 0.11348943 0.11172492 0.22583184 0.05085936 0.17111528 0.1787999 0.1272119 0.27423763 0.12998185 0.14071305 0.08836904 0.021022713 0.12271688 0.19205967 0.01757086 0.006494272 0.048447255 0.018410636 0.12003485 0.047070816 0.05675903 0.024304705 0.098997265 0.04334523 0.001703208 0.107265875 0.1893447 0.07667253 0.16801356 0.14271912 0.052098848 0.051753923 0.038494438 0.0648442 0.13015059 0.066671796 0.006989301 0.12481996 0.009963621 0.025018709 0.0042930287 0.065210596 0.022896143 0.03141295 0.32133862 0.0016241114 0.37013772 0.0019197087 0.03502697 0.019120764 0.0072058383 0.021721106 0.030680355 0.0036027662 0.0074990094 0.015887504 0.0034350976 0.00086260773 0.010776511 0.008303557 0.004625236 0.032082103 0.010786494 5.5294167e-05 0.010411973 0.00044355495 0.005521234 0.056133192 0.010749849 0.00046349282 0.024973834 3.7411533e-06 0.001883979 0.025962202 0.0004454201 0.03153508 0.0034611104 0.021716766 6.796951e-06 0.007592628 6.612767e-05 0.0056920326 0.005036109 0.0019300842 0.030469269 0.0010503416 0.003473873 0.009419958 0.0022921257 0.0061783395 0.0015668632 0.0005386552 0.0011135158 0.014210898
6.977513e-06 0.29128072 0.25787506 0.32739973 0.2996371 5.4196704e-26 0.5255471 0.072839074 0.16160125 0.1681857 0.20693244 0.070097715 0.3571088 0.065590486 0.1831191 0.08131346 0.2219882 0.03765123 0.13744222 0.1634396 0.32745832 0.09606752 0.05826022 0.03206472 0.06946927 0.0733938 0.02507669 0.020959394 0.1480086 0.065593764 0.02347348 0.015767533 0.051890865 0.098790765 0.036787793 0.13322541 0.08355603 0.115255766 0.056254223 0.016224073 0.13817704 0.057191223 0.1472474 0.02836217 0.047728147 0.036404286 0.07048853 0.038250107 0.07647461 0.008984714 0.015483664 0.15942228 0.015067578 0.26889318 0.026978351 0.010167871 0.0067896633 0.032601614 0.0071731573 0.020934375 0.018291812 0.04093484 0.004454204 0.030585418 0.005845631 0.0042416016 0.001821532 0.03627721 0.019511642 0.032031056 0.0022264274 0.0012828386 0.000116797266 0.02817457 0.06143388 0.03248026 5.6257795e-06 0.024775827 0.00030699876 0.009638068 0.03572102 3.883217e-05 0.032391325 0.031441428 0.016842369 0.0007436363 0.0011739114 1.8441051e-05 0.0004586018 0.03753484 0.02356918 0.02196391 0.0067515895 0.013872374 0.0054367916 0.00027608563 0.0013456951 0.00020356386 0.0042193835 0.002849044 0.011449775
2.3549825e-07 0.26181635 0.2241172 0.26814145 0.240907 0.5255471 4.7992316e-28 0.061440405 0.25628558 0.08489375 0.31900615 0.041125573 0.46960768 0.037866287 0.098935015 0.04003301 0.2485706 0.040037524 0.14909324 0.16772917 0.26583332 0.1308289 0.049229573 0.013695942 0.10327106 0.0336772 0.010056478 0.012239421 0.082350865 0.038862277 0.009354672 0.024287326 0.024958484 0.10861797 0.016830128 0.07032516 0.043285716 0.0625477 0.04263221 0.010329928 0.08062646 0.095607914 0.21029797 0.031639587 0.07694827 0.026079133 0.11241155 0.04152125 0.08113773 0.0062827338 0.007632866 0.11028884 0.019672185 0.23363551 0.027638415 0.020221598 0.005543615 0.028124437 0.0053168936 0.029418765 0.033022974 0.029910233 0.0016336356 0.023832792 0.008975944 0.010129047 0.0030565388 0.025871135 0.019158347 0.03074354 0.0012809852 0.000882823 0.0006346204 0.022318989 0.10774437 0.024213264 4.926962e-06 0.007457964 0.000165633 0.01317521 0.02175643 5.6623194e-05 0.045676947 0.013023112 0.007152275 0.00041079658 0.0005104364 0.00013308578 0.00016658488 0.0193836 0.010542169 0.011760437 0.0073231957 0.006507856 0.0030140285 0.00020642609 0.00055991596 0.00014533922 0.0037140031 0.0026734832 0.008576364
5.246607e-07 0.13120763 0.19917485 0.119722076 0.11348943 0.072839074 0.061440405 2.1178972e-22 0.06321168 0.08814436 0.029643355 0.20972382 0.038606726 0.08506426 0.07657375 0.14559396 0.046778236 0.13876356 0.0050683087 0.1205993 0.072674975 0.010498451 0.0024795597 0.17002343 0.01711296 0.06537829 0.0796742 0.07635402 0.013441482 0.049156923 0.076554626 0.00067448063 0.07216009 0.2933185 0.07356807 0.049641572 0.0420424 0.024106031 0.19802448 0.050809234 0.023657506 0.1929998 0.14026694 0.0011074949 0.17446418 0.0012879283 0.039936684 0.0031348364 0.2164696 0.032544293 0.027897108 0.19020931 0.0003113002 0.11443915 0.0016181121 0.08142776 0.024795035 0.0023770763 0.020088697 0.08406598 0.004458821 0.0048890864 0.01712807 0.0017807683 4.724169e-05 0.026956216 0.015126603 0.0040855967 0.019250946 0.0077529927 1.5526382e-06 0.010113965 0.0042936313 0.0019440091 0.015049412 0.011764505 0.0017620655 0.022626804 2.662571e-07 0.002504842 0.023124823 0.0015355032 0.0117249265 0.00013769169 0.01910338 5.474632e-07 0.007562305 0.00076344784 0.0069948095 0.00034823015 0.00011420193 0.0143502345 0.0025965793 0.0026814125 0.0056729107 0.003335783 0.008668452 0.0025659697 0.00079749146 9.508119e-05 0.0049061514
2.309813e-06 0.14668363 0.116836324 0.15690786 0.11172492 0.16160125 0.25628558 0.06321168 3.596586e-27 0.06080827 0.14126 0.144628 0.118855104 0.0360943 0.08282687 0.16506079 0.10636261 0.038527936 0.03653584 0.34883586 0.1887212 0.062699586 0.012900082 0.016007233 0.059348498 0.035550136 0.013711495 0.016617695 0.042786665 0.047319468 0.00998362 0.003104809 0.018687619 0.21788733 0.014080462 0.0814324 0.043436974 0.04539094 0.03719148 0.009724357 0.05207674 0.09363358 0.21281615 0.006074299 0.07490615 0.0045448993 0.04852504 0.017829416 0.03755628 0.007848666 0.0033453982 0.15044773 0.0032785777 0.21360533 0.009643861 0.012570242 0.0074571567 0.014392193 0.0044005117 0.012252471 0.011345064 0.025846357 0.0012805571 0.008562729 0.0015945755 0.005445574 0.0016610597 0.021713184 0.019397866 0.022726398 7.400102e-05 0.00049289013 0.0012366181 0.018651674 0.02104384 0.039357986 5.98187e-06 0.009486188 4.2022606e-05 0.0050770943 0.026290629 0.0001719468 0.018873837 0.013849961 0.011159577 0.0001951332 0.00042403478 6.5995744e-05 0.00020641016 0.025877219 0.009355387 0.017796028 0.003043331 0.005896273 0.003367727 0.00018320722 0.00041528113 0.00014500832 0.0020743394 0.0002550654 0.007045329
6.6864995e-05 0.13392074 0.18289825 0.16222514 0.22583184 0.1681857 0.08489375 0.08814436 0.06080827 1.1536389e-23 0.018203644 0.08217108 0.081719376 0.11376762 0.3871854 0.0556438 0.12802911 0.10177813 0.002294796 0.06507819 0.20382777 0.008728665 0.0009908996 0.07386581 0.012036808 0.20506977 0.06533712 0.075175725 0.010011645 0.15367405 0.04120455 0.0002539683 0.1698147 0.0767608 0.12027453 0.18827716 0.16088673 0.043231167 0.0680926 0.040492807 0.050517354 0.051342994 0.022190278 0.0019957738 0.050531965 0.0016872303 0.011627736 0.0008416592 0.08744919 0.020772586 0.052729238 0.14943323 0.00014319898 0.11520576 0.0003942677 0.022520574 0.016046071 0.0017644154 0.015486751 0.02192316 0.00070329255 0.0035232473 0.0090427585 0.0003508713 0.00018097092 0.0048325993 0.003747844 0.001490451 0.023470627 0.010619453 8.178969e-06 0.009167269 0.00022667799 0.00094162923 0.0076100687 0.015565478 0.00044217598 0.061713047 9.257231e-07 0.000874802 0.03439098 0.00027793754 0.0031138973 0.00061557814 0.048238724 1.7367095e-06 0.005473082 7.958709e-05 0.0036135588 0.0010574646 0.00034524992 0.019334354 0.00012032085 0.00021580004 0.017958248 0.0026645157 0.005493547 0.0019552505 7.9169375e-05 0.00024805978 0.0021541659
1.2977287e-07 0.051132496 0.05500115 0.054908507 0.05085936 0.20693244 0.31900615 0.029643355 0.14126 0.018203644 3.3141013e-27 0.03603445 0.1668763 0.011052939 0.021081835 0.047190033 0.090884075 0.012640406 0.07747178 0.22204465 0.0966982 0.14299794 0.049111996 0.009848719 0.1424917 0.017025292 0.004314532 0.009287466 0.067676455 0.021093685 0.0040688203 0.018283965 0.011498173 0.0958749 0.009276799 0.038617563 0.022272296 0.04998486 0.0394345 0.006309194 0.05180488 0.057038408 0.18007223 0.028585095 0.034565873 0.027746033 0.12537989 0.043342017 0.05532405 0.0030156127 0.0031541234 0.05002171 0.014646928 0.11819013 0.031075906 0.012259712 0.0029250628 0.0357438 0.0022663367 0.017060155 0.034855902 0.04609464 0.0014599402 0.028530115 0.0076515796 0.0057887696 0.0022800234 0.03926216 0.0073883156 0.036684934 0.00047243544 0.00083753845 0.0008459536 0.030691423 0.03340027 0.03564194 3.2408059e-06 0.0075457036 0.00042878342 0.010855321 0.035369806 5.3449316e-05 0.01760109 0.022232454 0.00971141 0.0009264041 0.0003545008 4.5340563e-05 0.00015192323 0.035379913 0.020007825 0.0064025717 0.0063101966 0.003919747 0.003833364 0.00029304865 0.00095347705 0.00023166012 0.0028557808 0.0013787653 0.0037200453
2.0105606e-08 0.21179827 0.22010389 0.20557454 0.17111528 0.070097715 0.041125573 0.20972382 0.144628 0.08217108 0.03603445 5.1567086e-27 0.0312549 0.07233327 0.07358592 0.31115028 0.04839154 0.08945065 0.004775542 0.28466585 0.060057305 0.00910902 0.0014370378 0.10643054 0.010429181 0.05334813 0.032606937 0.04131442 0.008727363 0.044882562 0.028457878 0.00018209535 0.036402494 0.37200633 0.02999708 0.055519395 0.04289316 0.012347891 0.15719214 0.021144925 0.020486996 0.17691942 0.052893307 0.00020085428 0.14874983 0.00020453782 0.013638781 0.0014227375 0.13270938 0.008809022 0.008025414 0.24738212 9.085863e-05 0.10450634 0.00039401546 0.02864334 0.0073470008 0.00035797013 0.0035890676 0.026209414 0.0003666743 0.0026377186 0.0016501487 0.00017863975 1.4115317e-05 0.004617444 0.0052131657 0.0024207777 0.022525584 0.003088987 1.3799141e-06 0.0012686745 0.0008310484 0.00010506988 0.0038095405 0.004823448 4.6621055e-05 0.010920519 1.11221546e-07 0.0013173451 0.011515522 0.00031903828 0.0038183117 1.310954e-05 0.008454886 1.4537159e-07 0.00084107387 0.00012640387 0.00050539203 2.6770766e-05 1.1858232e-05 0.011929141 0.00017303528 0.0004093586 0.0025566195 0.00051562575 0.004261573 0.00038186705 0.00013097188 2.6181501e-06 0.002662659
0.00012479523 0.17192073 0.15645647 0.1777457 0.1787999 0.3571088 0.46960768 0.038606726 0.118855104 0.081719376 0.1668763 0.0312549 8.271241e-24 0.039153792 0.10364628 0.0307467 0.21341689 0.024091145 0.13303915 0.11165 0.31526902 0.115958825 0.08542479 0.034334194 0.10063411 0.050480574 0.01453375 0.011693224 0.23596072 0.053352606 0.01701428 0.03389776 0.03462923 0.03344062 0.02668763 0.097694576 0.05762053 0.14405215 0.056542795 0.007693381 0.16755982 0.033770833 0.1355969 0.050073743 0.027288778 0.068625525 0.10452114 0.066456884 0.06746468 0.006100728 0.01194091 0.052876715 0.025725218 0.12692279 0.051994972 0.015678938 0.003951593 0.056983363 0.007296165 0.025977924 0.042107232 0.061171766 0.0029560502 0.038961332 0.01035508 0.007782027 0.0024465842 0.044748817 0.012688204 0.050862353 0.004790693 0.00087965635 0.0004914594 0.03805211 0.08875809 0.041652802 3.316701e-06 0.01349534 0.0006202021 0.019560097 0.024736814 3.1246364e-05 0.039079502 0.039554685 0.009887139 0.0009477755 0.00012151216 3.317152e-05 9.928842e-05 0.042577986 0.028311135 0.021089498 0.02218282 0.030672805 0.003363638 9.05265e-05 0.0009019199 8.341148e-05 0.013354984 0.012610552 0.012197244
0.00022842381 0.10175074 0.12614259 0.08099336 0.1272119 0.065590486 0.037866287 0.08506426 0.0360943 0.11376762 0.011052939 0.07233327 0.039153792 1.13164665e-20 0.10610939 0.057854064 0.08153032 0.13495816 0.0015927955 0.043650474 0.15556297 0.006099134 0.00035495328 0.099190235 0.0068994663 0.113395594 0.112562224 0.13687003 0.009781377 0.090989985 0.08821805 4.302263e-05 0.1409365 0.07867557 0.17510928 0.08952745 0.08092218 0.020685947 0.11083731 0.091806754 0.02525611 0.09467186 0.012796867 0.0005752819 0.087450534 0.00047481875 0.005019131 0.00025912756 0.13600576 0.055361345 0.08541149 0.07418557 1.23695945e-05 0.023418536 0.00011130364 0.07125679 0.03831514 0.00033121306 0.042479258 0.04857552 0.00039704744 0.00032293107 0.036657777 0.00010762548 3.2715081e-06 0.018932175 0.011401227 0.00017076773 0.018540323 0.005000224 1.02539325e-07 0.027187485 0.0034826535 0.00046055915 0.0044112685 0.0028804266 0.0012516209 0.05444808 5.8873577e-09 0.0006729258 0.02351705 0.0011859601 0.0014202017 8.5816326e-05 0.038300913 1.0020751e-08 0.015099044 0.002123283 0.011680173 6.4785534e-05 3.9393202e-05 0.015909405 0.00013698993 0.00010426366 0.011463814 0.0092706755 0.015121071 0.007169737 2.7044593e-05 0.00014476127 0.00056086323
0.00033550037 0.13733146 0.1820207 0.15966466 0.27423763 0.1831191 0.098935015 0.07657375 0.08282687 0.3871854 0.021081835 0.07358592 0.10364628 0.10610939 3.5004911e-22 0.057025783 0.11955785 0.080493554 0.0034160945 0.06294702 0.23808062 0.0133720245 0.001608099 0.061192963 0.012366128 0.28285116 0.057823658 0.061282493 0.013716216 0.2211247 0.030932594 0.0006037083 0.20020178 0.07540526 0.11137344 0.29644147 0.25654325 0.05508982 0.06276268 0.03862606 0.06716541 0.04720782 0.021330113 0.002319662 0.04574448 0.0024976372 0.014817548 0.0011162988 0.07388196 0.019448558 0.050674595 0.1843106 0.00035123221 0.1571713 0.00043493538 0.018371101 0.01638266 0.0033298396 0.01591805 0.011596728 0.0010068199 0.005774737 0.0078801485 0.0005049618 0.0003152032 0.0029254283 0.0037991516 0.002441417 0.024844391 0.014991833 1.8239594e-05 0.0077353898 0.0003535322 0.0014191518 0.0159361 0.016969806 0.00021384844 0.06077041 1.928006e-06 0.0017427339 0.04703179 0.00025999543 0.013539931 0.0012836844 0.048655972 3.1463283e-06 0.0038005612 5.3851058e-05 0.002565023 0.0021996526 0.0006946974 0.029038675 0.0004929947 0.0012514819 0.015585235 0.0020070062 0.0028444154 0.001539079 0.0001512647 0.0001448639 0.0030353004
1.1443932e-07 0.16974701 0.16667472 0.18024231 0.12998185 0.08131346 0.04003301 0.14559396 0.16506079 0.0556438 0.047190033 0.31115028 0.0307467 0.057854064 0.057025783 4.224383e-28 0.05578653 0.066021636 0.0054995855 0.411205 0.059132684 0.015006688 0.0020850156 0.058572408 0.012243367 0.035403155 0.015097813 0.025240298 0.0070323427 0.029635329 0.0140770115 8.977757e-05 0.014799069 0.32121685 0.010922196 0.034316037 0.025524558 0.0077018198 0.10434561 0.0063070557 0.01151202 0.14305887 0.0451569 0.00022581298 0.1338116 0.00017951723 0.00890357 0.00074121583 0.069597974 0.002909519 0.003431984 0.24803282 5.7452e-05 0.13179407 0.00014243652 0.020349221 0.0023467974 0.00021084405 0.0011767931 0.011614128 0.00027606328 0.0013219746 0.00055909477 5.5317218e-05 1.6518128e-05 0.0021820457 0.0027988711 0.001033139 0.028157366 0.00200501 2.246676e-06 0.00026189792 0.00037333285 2.7285236e-05 0.0032260157 0.002755844 7.945063e-06 0.00779546 1.3124138e-07 0.00045529747 0.00584584 0.00013199646 0.0050522555 6.1412657e-06 0.0057141995 4.9290935e-07 0.000362687 1.7208287e-05 0.00020000465 3.0085692e-05 3.403287e-06 0.014579999 3.3253553e-05 0.00025869175 0.001957379 9.012714e-05 0.0014045986 7.254626e-05 1.744419e-05 9.0445303e-07 0.0026538935
0.00061360124 0.14229897 0.12913367 0.17525186 0.14071305 0.2219882 0.2485706 0.046778236 0.10636261 0.12802911 0.090884075 0.04839154 0.21341689 0.08153032 0.11955785 0.05578653 9.196634e-23 0.053551555 0.063111685 0.092212625 0.37016395 0.05887327 0.029274385 0.04326546 0.039246354 0.08748275 0.022124903 0.038542386 0.1022698 0.08605861 0.02020847 0.0072436817 0.07622292 0.04121713 0.073046476 0.23089887 0.122005604 0.14968987 0.051114224 0.015939863 0.18544935 0.027831532 0.078999095 0.015919376 0.03218961 0.021376235 0.0366366 0.016511403 0.07657706 0.0111855315 0.02248633 0.092032224 0.004028255 0.19928087 0.009376113 0.012183514 0.005448033 0.02175096 0.009453815 0.012431019 0.009973761 0.022345366 0.0047344193 0.01077181 0.0020178286 0.0017745643 0.0015535937 0.01704139 0.02057903 0.041507915 0.00022974753 0.003930043 0.00024359106 0.013050197 0.06388564 0.029556738 1.0191422e-05 0.040461194 2.7163054e-05 0.004476652 0.042537685 3.05118e-05 0.045784667 0.013228757 0.024709556 5.6099456e-05 0.0007195749 7.544469e-06 0.00070494786 0.016055217 0.008138672 0.027739663 0.013025963 0.020559654 0.011631441 0.00044004482 0.0005491776 0.000333121 0.0049591996 0.0023005407 0.010698808
2.4426532e-05 0.09040406 0.13079067 0.07578673 0.08836904 0.03765123 0.040037524 0.13876356 0.038527936 0.10177813 0.012640406 0.08945065 0.024091145 0.13495816 0.080493554 0.066021636 0.053551555 1.2117753e-20 0.0021284355 0.05188696 0.114785485 0.0068463483 0.0016549105 0.17019647 0.00800373 0.0737666 0.18083037 0.13949399 0.008907931 0.053343706 0.14129192 0.00027528638 0.09185533 0.1479008 0.11085612 0.045840543 0.044805773 0.017794933 0.15662265 0.08494121 0.019307083 0.12983374 0.045480613 0.0008412772 0.11640866 0.0006314579 0.010745185 0.0008792194 0.21860625 0.061646648 0.062639736 0.082353614 5.4708114e-05 0.0334729 0.0005476047 0.10304842 0.04291266 0.0015728719 0.045270897 0.07259095 0.0011636805 0.0015720733 0.050494462 0.0005819693 1.3155805e-05 0.03467632 0.02379272 0.0014335837 0.008551267 0.006392755 2.9482064e-07 0.03369017 0.0077870786 0.0011298032 0.0028636982 0.008471586 0.00576879 0.052270863 5.4524843e-08 0.0009776438 0.020340402 0.0034813222 0.0019928117 0.000114353104 0.027923254 3.185854e-07 0.027127523 0.0026351654 0.019652965 0.00017304385 6.252459e-05 0.007189988 0.0004076427 0.00041991696 0.009249793 0.01427048 0.02320104 0.011727974 0.00037635816 0.00017297227 0.000772105
6.3365433e-06 0.02210027 0.024254208 0.019604314 0.021022713 0.13744222 0.14909324 0.0050683087 0.03653584 0.002294796 0.07747178 0.004775542 0.13303915 0.0015927955 0.0034160945 0.0054995855 0.063111685 0.0021284355 3.7937162e-25 0.049903996 0.07674034 0.07661828 0.09744447 0.0050859577 0.072407864 0.001981377 0.001340186 0.0008346404 0.094569534 0.0036421574 0.0012093625 0.05248432 0.0026583124 0.005348277 0.0034057614 0.019020723 0.008505289 0.057172704 0.017393924 0.0012490841 0.06294154 0.0051644933 0.0498381 0.048338253 0.003923845 0.082548626 0.08483594 0.076838456 0.020132646 0.0007204797 0.0037976755 0.0057927184 0.033965144 0.02086339 0.06349033 0.0014783783 0.0007088553 0.06499069 0.0009828735 0.0092480825 0.03461236 0.07864245 0.00020855824 0.058300007 0.0118910065 0.0015533107 0.000101144025 0.07152763 0.0013068443 0.02915265 0.0047925552 8.143809e-05 0.00012244604 0.0575286 0.02791968 0.043357756 4.9395726e-07 0.0028126044 0.0030582303 0.010618106 0.010685945 5.904927e-06 0.0039516115 0.046886463 0.0024274162 0.0040693716 2.2145285e-05 4.5620736e-06 1.1075245e-05 0.06561906 0.040670235 0.0014505198 0.0051497337 0.0031083992 0.0006576046 1.2493223e-05 7.924385e-05 1.035612e-05 0.003157175 0.009407098 0.0003450526
5.342847e-07 0.18848534 0.14353138 0.24953276 0.12271688 0.1634396 0.16772917 0.1205993 0.34883586 0.06507819 0.22204465 0.28466585 0.11165 0.043650474 0.06294702 0.411205 0.092212625 0.05188696 0.049903996 3.731688e-29 0.13033906 0.097415924 0.025773894 0.056337424 0.099551916 0.033024713 0.017482698 0.031599976 0.041799914 0.03209433 0.018325493 0.0046823286 0.013013198 0.3504225 0.009807382 0.052622683 0.027330155 0.02468585 0.09952042 0.009528021 0.034335673 0.103881426 0.19536857 0.006407969 0.11610123 0.007872213 0.068018004 0.015777372 0.066944696 0.00728919 0.0037466593 0.18530354 0.0063112285 0.21754418 0.0027792496 0.024097595 0.006316015 0.004766394 0.0033386569 0.012380913 0.00687381 0.015360788 0.0020464542 0.0018328656 0.001724356 0.0035826252 0.002556873 0.01262581 0.028225435 0.006084749 0.00032600373 0.0007593557 0.00071715255 0.0018333639 0.019417861 0.016719056 4.354128e-06 0.011429919 9.557374e-05 0.0041209324 0.0136015685 0.00011916554 0.026916854 0.0032181817 0.0061732475 5.878152e-05 0.000791085 2.0600652e-05 0.0005173465 0.009529244 0.0015630812 0.01995151 0.0020910555 0.008421145 0.0030742548 0.00021852672 0.001665578 0.00020259917 0.0011756283 5.5607125e-05 0.009292777
0.002619765 0.1612725 0.19054204 0.19151996 0.19205967 0.32745832 0.26583332 0.072674975 0.1887212 0.20382777 0.0966982 0.060057305 0.31526902 0.15556297 0.23808062 0.059132684 0.37016395 0.114785485 0.07674034 0.13033906 6.461492e-22 0.08248832 0.03672523 0.07225185 0.06483024 0.20431365 0.051654432 0.1010775 0.24203187 0.20157906 0.03237438 0.012562239 0.17132442 0.06096233 0.14891751 0.48007736 0.27437782 0.35444626 0.10418482 0.04353449 0.43329266 0.03572562 0.11808386 0.020032713 0.04106459 0.03038827 0.0700433 0.021457708 0.16973345 0.021082282 0.051159985 0.10857848 0.006652576 0.1823172 0.013226537 0.0155496765 0.014451652 0.030567337 0.016926683 0.019539844 0.011010443 0.04639268 0.005439177 0.015831798 0.004287479 0.0032099686 0.0063997335 0.033475764 0.020977216 0.07054953 0.0008289437 0.006410087 0.0006658889 0.014628572 0.0756217 0.0721293 6.4805616e-05 0.08018638 0.0001658266 0.019116988 0.09046185 9.865518e-05 0.05631675 0.0195113 0.045653325 0.0003691738 0.0020234506 0.00012708838 0.0014579234 0.02376155 0.015447073 0.03720308 0.02141308 0.021273678 0.017926037 0.00087484077 0.000666371 0.0006884937 0.006872646 0.0026963626 0.010000686
7.603423e-08 0.013450971 0.017642979 0.015318416 0.01757086 0.09606752 0.1308289 0.010498451 0.062699586 0.008728665 0.14299794 0.00910902 0.115958825 0.006099134 0.0133720245 0.015006688 0.05887327 0.0068463483 0.07661828 0.097415924 0.08248832 2.5379207e-26 0.09587584 0.008057067 0.23634268 0.017334085 0.0036928474 0.012949393 0.07573674 0.017157555 0.00309344 0.04569925 0.015687732 0.021534726 0.0108307665 0.03368377 0.02066251 0.040096503 0.0454288 0.010182068 0.046911426 0.01927902 0.105660714 0.07496426 0.009635739 0.07332083 0.16048215 0.09616367 0.060994256 0.005446384 0.0073742648 0.008572113 0.04459595 0.027454823 0.07477835 0.011789296 0.007466974 0.06599805 0.005556532 0.014834685 0.07283919 0.075054914 0.0015782173 0.07970503 0.021260366 0.008164603 0.0036753505 0.08629542 0.0018361021 0.03802684 0.008007475 0.0037067633 0.0010576668 0.07757359 0.0133135235 0.046596844 4.6315695e-06 0.0121110305 0.0103212325 0.01363594 0.037270594 4.8632937e-05 0.008081929 0.069676645 0.008099209 0.014976 0.0005366212 5.4043212e-05 0.00015366553 0.09731995 0.056379996 0.0032457507 0.0046516825 0.002169906 0.003264035 0.001234874 0.0027458933 0.0010774415 0.0018917631 0.0055153 0.00091185194
2.2855811e-07 0.0051733763 0.0071982727 0.0043582935 0.006494272 0.05826022 0.049229573 0.0024795597 0.012900082 0.0009908996 0.049111996 0.0014370378 0.08542479 0.00035495328 0.001608099 0.0020850156 0.029274385 0.0016549105 0.09744447 0.025773894 0.03672523 0.09587584 1.4480792e-25 0.0014833764 0.11208602 0.0026631898 0.00015245545 0.00097448035 0.08729455 0.0055753575 0.00017288138 0.096257165 0.0037025996 0.0024561821 0.0033363304 0.018340655 0.009816931 0.042835668 0.006215092 0.0006899786 0.053941872 0.0010840852 0.03584856 0.081410155 0.00084928115 0.11756294 0.077714905 0.13255104 0.005647732 0.00023549885 0.003157279 0.00011908362 0.069000475 0.00048997806 0.105388395 0.0011219645 0.0002742681 0.104240954 0.00028771625 0.0047284565 0.037307546 0.11841208 8.096794e-05 0.13074897 0.021140644 0.0012928095 0.000590533 0.12933795 0.00076148054 0.03202158 0.0047267564 7.995705e-05 0.00031742585 0.11004204 0.0028528303 0.059425626 8.319324e-07 0.003935087 0.0072791623 0.0110031 0.017088456 1.1621555e-05 0.0018336182 0.066488385 0.0030711107 0.014295932 7.413657e-05 5.139913e-06 3.361747e-05 0.102367766 0.067862146 0.0012742012 0.004036038 0.0005516702 0.0010024577 2.8902652e-05 0.000116673036 2.554996e-05 0.0027267276 0.0064610303 0.00026933698
2.537742e-07 0.028163804 0.088998385 0.025243223 0.048447255 0.03206472 0.013695942 0.17002343 0.016007233 0.07386581 0.009848719 0.10643054 0.034334194 0.099190235 0.061192963 0.058572408 0.04326546 0.17019647 0.0050859577 0.056337424 0.07225185 0.008057067 0.0014833764 7.588963e-23 0.01992178 0.069756515 0.23648407 0.117091455 0.01861765 0.049132798 0.22434126 0.0005515182 0.09266772 0.14794649 0.092788875 0.048119795 0.04003508 0.021643385 0.25310758 0.11363237 0.029482957 0.16546239 0.12523492 0.0019337413 0.13002004 0.001655928 0.08431696 0.0028407301 0.2950197 0.11257746 0.0697618 0.05729198 0.00044790734 0.084412046 0.007892754 0.23166195 0.101564065 0.012370421 0.0912966 0.13312387 0.008901724 0.022795351 0.08759368 0.010567848 0.0003799477 0.055964682 0.05123123 0.01894079 0.009402412 0.011765929 3.8937656e-06 0.043541018 0.012417452 0.0071063135 0.016902164 0.02259861 0.015807156 0.03790342 3.1302209e-06 0.010966875 0.041417412 0.009919176 0.0109569635 0.0011018073 0.031816117 7.9535985e-06 0.04971489 0.008255211 0.03614663 0.0025611778 0.000911925 0.008014917 0.004346615 0.0027345687 0.007519785 0.019612307 0.016954333 0.015679004 0.003802169 0.0002604565 0.0027256773
8.2229704e-08 0.015138276 0.023977853 0.014020686 0.018410636 0.06946927 0.10327106 0.01711296 0.059348498 0.012036808 0.1424917 0.010429181 0.10063411 0.0068994663 0.012366128 0.012243367 0.039246354 0.00800373 0.072407864 0.099551916 0.06483024 0.23634268 0.11208602 0.01992178 2.965806e-26 0.013127238 0.008072461 0.015535908 0.06453392 0.013368411 0.005283848 0.06844608 0.014153842 0.011297989 0.010906781 0.029347803 0.016811198 0.03304085 0.08453336 0.013308687 0.041422747 0.013368768 0.10218077 0.09891695 0.0074059768 0.08907173 0.23374452 0.10236604 0.09011804 0.008888854 0.01195911 0.00755985 0.060546838 0.020869007 0.07136994 0.023758015 0.0077219782 0.05606676 0.0067270645 0.021946894 0.14108007 0.060028773 0.0020078018 0.06688916 0.024881626 0.017335085 0.010425348 0.064347796 0.0025770743 0.030243177 0.013783308 0.0033287157 0.0031527204 0.06095096 0.0158175 0.052283403 5.12004e-06 0.01234264 0.013051236 0.047956288 0.040920306 0.00014029459 0.013590779 0.058480855 0.0063194586 0.024220208 0.00062381977 3.4296183e-05 0.00017408037 0.08234825 0.049532052 0.0034813222 0.0140867885 0.004814149 0.0029185119 0.00077727967 0.0020850773 0.00064258144 0.007224151 0.025722051 0.0022608328
0.003405997 0.07811278 0.11454592 0.09137314 0.12003485 0.0733938 0.0336772 0.06537829 0.035550136 0.20506977 0.017025292 0.05334813 0.050480574 0.113395594 0.28285116 0.035403155 0.08748275 0.0737666 0.001981377 0.033024713 0.20431365 0.017334085 0.0026631898 0.069756515 0.013127238 7.860186e-21 0.09858561 0.12481732 0.021521965 0.41993386 0.05773158 0.0013834601 0.40396237 0.039411858 0.2655508 0.3859027 0.4306108 0.076940484 0.052177653 0.08321175 0.10717444 0.030170174 0.012296041 0.0026079267 0.03332434 0.0033427272 0.012868351 0.0009263636 0.041396532 0.03584684 0.14318946 0.051340178 0.00020806854 0.019296099 0.00036794902 0.015033796 0.03322997 0.0039010416 0.026904747 0.013502439 0.0027769655 0.008048163 0.010031234 0.0006191221 0.0002181122 0.0058227265 0.007934696 0.0023977393 0.016596662 0.020463929 1.047296e-05 0.011148375 0.0011873917 0.0010443552 0.001262274 0.020693244 0.00037736108 0.13689817 3.4719071e-06 0.0036607091 0.09304454 0.00031789904 0.0060859015 0.00035747068 0.11240885 6.1102155e-06 0.004794032 0.00030330205 0.0030960492 0.0007931265 0.00015246199 0.01939791 0.00034341167 0.0009993812 0.034958918 0.0022081144 0.0045586447 0.0014902157 0.0011474824 0.0007972725 0.0031690134
2.8785e-05 0.02542183 0.067211114 0.017113097 0.047070816 0.02507669 0.010056478 0.0796742 0.013711495 0.06533712 0.004314532 0.032606937 0.01453375 0.112562224 0.057823658 0.015097813 0.022124903 0.18083037 0.001340186 0.017482698 0.051654432 0.0036928474 0.00015245545 0.23648407 0.008072461 0.09858561 3.2020887e-22 0.23648615 0.0050953785 0.06548727 0.28596902 3.3897588e-05 0.15493524 0.050496448 0.18144338 0.053361047 0.05435183 0.014794568 0.17988889 0.240335 0.015602746 0.06513298 0.027364986 0.0012977245 0.0564564 0.00039733472 0.013500424 0.00016210407 0.2895468 0.18627076 0.16066869 0.020249981 1.3368255e-05 0.0042802575 0.00019868452 0.18900314 0.17566507 0.00065335206 0.16930808 0.094690055 0.0014909585 0.001562509 0.11944969 0.000245804 5.1741554e-05 0.037122805 0.033110846 0.0006582509 0.0039718323 0.00625109 1.0844057e-07 0.08048154 0.011682256 0.00020775465 0.003449511 0.007974212 0.017760271 0.12572229 3.6430862e-08 0.0018531176 0.023371682 0.00969108 0.0006604143 1.9903327e-06 0.06362145 9.308448e-08 0.06011027 0.0023727291 0.042099077 3.6317674e-06 1.7836719e-06 0.004281085 0.00045677923 0.00014864771 0.023733161 0.03325122 0.05692036 0.027214782 0.00025579886 0.00039361097 0.00033467016
0.0015697856 0.04544781 0.07418573 0.037774846 0.05675903 0.020959394 0.012239421 0.07635402 0.016617695 0.075175725 0.009287466 0.04131442 0.011693224 0.13687003 0.061282493 0.025240298 0.038542386 0.13949399 0.0008346404 0.031599976 0.1010775 0.012949393 0.00097448035 0.117091455 0.015535908 0.12481732 0.23648615 2.0774968e-21 0.0071761576 0.092190206 0.15465339 0.00018876865 0.21661256 0.027321268 0.25284284 0.075571135 0.087686434 0.021177161 0.11853193 0.25304693 0.025453785 0.05354813 0.0031442682 0.0072091375 0.06088041 0.0020462135 0.0049760556 0.0003089392 0.14559054 0.18890259 0.19971795 0.018696344 6.3537984e-05 0.0049626697 0.00017884087 0.093701646 0.17008327 0.001270665 0.1564739 0.057785273 0.0026798635 0.0022893052 0.07676382 0.00011127965 0.00011071798 0.028212914 0.031912573 0.00082649424 0.01267979 0.008712598 1.1970884e-06 0.061334144 0.009173274 0.00036616536 0.0017167637 0.010925186 0.009609864 0.12201778 3.4267796e-07 0.0013124796 0.026619803 0.00541123 0.0010450062 1.3699561e-05 0.04171968 3.706862e-07 0.028383879 0.0031810782 0.022581905 1.7238937e-05 1.2022088e-05 0.010537892 0.00017434785 0.00019576265 0.011582527 0.014387823 0.03262956 0.011030511 0.0002876035 0.0015623203 0.0007414007
0.002488798 0.024582922 0.020381242 0.026182402 0.024304705 0.1480086 0.082350865 0.013441482 0.042786665 0.010011645 0.067676455 0.008727363 0.23596072 0.009781377 0.013716216 0.0070323427 0.1022698 0.008907931 0.094569534 0.041799914 0.24203187 0.07573674 0.08729455 0.01861765 0.06453392 0.021521965 0.0050953785 0.0071761576 2.1993346e-22 0.027828872 0.0058022863 0.041123703 0.014559095 0.009380961 0.01626456 0.074039094 0.042696394 0.26896763 0.02247698 0.0037785447 0.30465364 0.0141214235 0.055215888 0.0419913 0.010837643 0.075467244 0.06589052 0.07652785 0.03502054 0.0034299863 0.0070206737 0.004404154 0.033201385 0.015820283 0.095538855 0.007111558 0.0015901038 0.13518736 0.0022295997 0.0076756896 0.020408263 0.1859935 0.0007036687 0.08053766 0.012293713 0.0034004326 0.0022638482 0.12955153 0.003822828 0.096341565 0.0023311218 0.0004798084 0.0011169426 0.060449913 0.03790982 0.15152828 1.1639612e-05 0.017448053 0.002440787 0.021118 0.038443837 7.882764e-05 0.027593069 0.056369785 0.009872912 0.0049277777 8.2050596e-05 5.0263112e-05 0.00013889212 0.082486965 0.047844287 0.011370096 0.0305519 0.01556317 0.0034176633 4.64622e-05 0.00023108706 2.9746527e-05 0.010110792 0.0046012346 0.0035826284
0.007096331 0.059598017 0.09322294 0.0743808 0.098997265 0.065593764 0.038862277 0.049156923 0.047319468 0.15367405 0.021093685 0.044882562 0.053352606 0.090989985 0.2211247 0.029635329 0.08605861 0.053343706 0.0036421574 0.03209433 0.20157906 0.017157555 0.0055753575 0.049132798 0.013368411 0.41993386 0.06548727 0.092190206 0.027828872 3.571415e-20 0.038201623 0.0022454427 0.25357586 0.02898612 0.17940377 0.44801548 0.46116102 0.09344546 0.031337764 0.058752708 0.12094731 0.021757092 0.012137862 0.0032064437 0.027436534 0.0044501293 0.011284728 0.0019480289 0.027795903 0.02581474 0.0969695 0.044170894 0.0007476041 0.017782066 0.0010818554 0.009200969 0.02226746 0.006301696 0.01862683 0.010473381 0.0035025482 0.011360265 0.006719684 0.0018210222 0.0003252507 0.0050190184 0.0054274844 0.0043876553 0.016407914 0.024314191 4.4193588e-05 0.009697787 0.0013745902 0.002569393 0.0025208741 0.021049144 0.00031504032 0.108641766 1.0670144e-05 0.0045378073 0.093118854 0.0003698525 0.008012494 0.0009583652 0.08883333 2.3170065e-05 0.002448644 0.00044992208 0.0020750684 0.0015316677 0.00049428246 0.02182642 0.0006506928 0.002380569 0.03018822 0.0020326201 0.0028490387 0.0015091472 0.0011754702 0.0009192325 0.005671523
4.5450897e-06 0.026059685 0.06635243 0.017518088 0.04334523 0.02347348 0.009354672 0.076554626 0.00998362 0.04120455 0.0040688203 0.028457878 0.01701428 0.08821805 0.030932594 0.0140770115 0.02020847 0.14129192 0.0012093625 0.018325493 0.03237438 0.00309344 0.00017288138 0.22434126 0.005283848 0.05773158 0.28596902 0.15465339 0.0058022863 0.038201623 7.536313e-23 5.5552267e-05 0.10135094 0.06800001 0.11316656 0.028335257 0.029321965 0.008430933 0.22669701 0.14619863 0.0100333765 0.087728865 0.022653393 0.00044955942 0.07165151 0.00024220653 0.0073136515 0.00015414198 0.33586758 0.124499254 0.09883272 0.023731826 1.0105662e-05 0.003645438 0.000119430966 0.21159455 0.1113548 0.00040011076 0.1185243 0.14409669 0.00140446 0.0013639465 0.15586974 0.000120570796 1.540496e-05 0.049816083 0.04719948 0.00040607242 0.0034193832 0.002663591 3.4444447e-08 0.078107916 0.013321531 5.688576e-05 0.0037936931 0.0031811863 0.022681264 0.07503216 1.0959871e-08 0.0015412301 0.014333486 0.013969902 0.0010779084 5.31666e-07 0.04080004 1.3586189e-08 0.055072352 0.006320323 0.04343803 2.4209312e-06 6.186555e-07 0.0034418283 0.00028065327 0.00018803593 0.013454782 0.031181196 0.047335174 0.025685392 0.00021377645 3.392899e-05 0.00036105825
8.8941185e-08 0.0013956624 0.0017971842 0.0014015646 0.001703208 0.015767533 0.024287326 0.00067448063 0.003104809 0.0002539683 0.018283965 0.00018209535 0.03389776 4.302263e-05 0.0006037083 8.977757e-05 0.0072436817 0.00027528638 0.05248432 0.0046823286 0.012562239 0.04569925 0.096257165 0.0005515182 0.06844608 0.0013834601 3.3897588e-05 0.00018876865 0.041123703 0.0022454427 5.5552267e-05 7.974228e-28 0.0016732025 0.00035180378 0.0011715257 0.007445939 0.003926559 0.024353718 0.0042093317 0.000310598 0.027296916 0.00043721896 0.012991107 0.069914386 0.000443801 0.12417184 0.05357242 0.100692794 0.0042729634 7.754715e-05 0.0007976489 2.4485049e-05 0.060617227 6.2050145e-05 0.06534069 0.0003520357 0.00018049951 0.05905848 8.363451e-05 0.0021518588 0.027065359 0.083179794 1.4359261e-05 0.09013492 0.025186336 0.0006099466 0.00015916863 0.10297631 0.0006154317 0.012732781 0.0070552872 4.209502e-06 0.00013916696 0.08293764 0.0019845474 0.030021185 1.8335462e-07 0.00082247704 0.008258612 0.008513357 0.0047401004 5.7252228e-06 0.0012778781 0.048110947 0.0006475134 0.01755268 1.3671265e-05 3.5458143e-06 2.5840914e-06 0.079927586 0.04832422 0.0007520878 0.0025703514 0.00055834267 0.00025459222 8.420787e-07 5.6636504e-06 8.7297263e-07 0.0031869055 0.006041925 0.0005573274
