9.033576e-27 0.862168 0.6705271 0.61818933 0.14818051 0.4154287 0.30543035 0.60340995 0.08324409 0.020441338 0.42876694 0.021040816 0.8844352 0.067393005 0.8461342 0.45601425 0.6453432 0.9028955 0.69366646 0.06569575 0.0018237239 0.0011765154 0.91940993 0.002788447 0.0045481077 0.0077627213 0.0017066898 0.9215148 0.023451366 0.00013416605 0.00020837494 0.22275257 0.95938987 0.004242336 8.0201586e-05 0.00020984848 0.006732837 0.87996215 0.57459223 0.07678546 0.9881946 0.0016970282 0.32112515 0.00048444147 0.000269051 0.0023608564 0.00019526927 0.9900216 0.00020118592 0.00024793608 5.2874795e-05 2.706363e-07 0.31134102 0.067745775 0.013016444 6.508277e-07 8.545845e-05 6.1379076e-05 0.003905915 1.6728281e-06 0.03053978 0.226962 9.211982e-05 0.9351088 0.00045080125 0.0066667483 0.0010098495 0.95212054 1.4000355e-07 0.041876543 0.042759515 0.030778522 0.0026061356 0.031363506 0.0058531817 7.427375e-08 0.00014552174 0.99935466 5.319312e-09 0.458353 0.0016022245 3.8698414e-07 0.0001491191 1.5671828e-08 0.98753136 0.0006238638 2.5708819e-06 0.19774035 0.00014068314 8.907356e-05 8.279615e-07 1.1968317e-06 0.005562858 6.490258e-11 2.6222556e-06 2.861117e-06 1.4844715e-09 0.8853283 0.5025402 0.032432564 2.694636e-10
0.862168 1.8069043e-20 0.641159 0.62071246 0.5702375 0.28966483 0.32772094 0.28317222 0.40867934 0.29152644 0.038730875 0.17475633 0.71706444 0.08391849 0.013731097 0.00827432 0.0034888883 0.0023410793 0.0015808879 0.007584027 0.044427425 0.042094313 0.00044462117 0.03430662 0.018157912 0.018457452 0.03382093 0.46654868 0.00475202 0.010503949 0.023576418 0.0009135571 0.060706995 0.005412196 0.0023922303 0.0027021132 0.0016689433 4.0388855e-05 0.020370336 0.012834212 0.045208704 0.0054834057 6.361086e-05 0.0067517087 0.0073454636 0.0004639596 0.002912602 0.07916458 0.0068242894 0.0035355515 0.004801673 0.0006881294 4.334544e-06 1.6631417e-05 0.00035485934 0.0012785291 0.01433983 0.0035476852 0.0010266076 0.0011460595 6.042299e-05 4.0439054e-06 0.004103015 0.06528908 0.0013553844 0.00024676466 0.0005638408 0.21412808 0.00076330046 2.9501514e-06 1.1613057e-05 9.527829e-06 0.00020252481 1.321476e-06 2.5046316e-05 0.0009446186 0.0018168937 0.022178968 0.00044322052 5.5390115e-07 2.25829e-05 0.00040293444 0.000525264 0.00047050047 0.21044773 4.565867e-05 0.00013868522 5.004839e-07 0.00051956275 1.43710695e-05 0.00026834628 0.00014349494 2.2008799e-06 4.1120737e-05 0.00054115994 0.00011563289 8.710936e-06 0.0013726548 7.483841e-05 5.085487e-07 1.0806292e-05
0.6705271 0.641159 1.8091044e-20 0.7025527 0.6537713 0.3014058 0.6463311 0.16913097 0.58314174 0.49235484 0.1492726 0.38280296 0.32098654 0.40420294 0.03032661 0.036211938 0.016720427 0.008407371 0.0089549655 0.03206903 0.21942984 0.17203748 0.0033505894 0.037991986 0.16919938 0.016281102 0.22273408 0.21387681 0.020099394 0.02169271 0.054624654 0.003122643 0.14782798 0.05398751 0.0033241587 0.002486257 0.0076075583 0.0013960736 0.01656886 0.010180709 0.092978835 0.053604465 0.00029287543 0.039839037 0.04161091 0.004397361 0.0029956356 0.046976574 0.022880442 0.016510712 0.017148722 0.00082801527 0.00019377295 0.0005124579 0.0011238 0.0013595199 0.025246425 0.0062911124 0.0042068553 0.0028249512 0.00016737187 1.723174e-05 0.016214125 0.06492042 0.0010959555 0.0014164868 0.0022035905 0.09577036 0.00031095423 3.777231e-05 9.516737e-05 7.5954915e-05 0.0007590712 5.0927865e-05 0.00018898227 0.0011959047 0.005394086 0.031760465 0.00036436005 3.5119403e-05 9.010583e-05 0.0011158034 0.0009985052 0.00033113 0.2052957 0.00012031935 9.2191534e-05 1.3233065e-05 0.00034274242 3.0906165e-05 8.1303755e-05 6.274727e-05 3.9744067e-05 6.630884e-05 0.00014530611 0.0001296024 9.308831e-06 0.0021334398 0.0008535448 6.154765e-05 2.431481e-05
0.61818933 0.62071246 0.7025527 4.0311988e-19 0.34531605 0.6252254 0.6684778 0.43624416 0.5989739 0.43765408 0.54686314 0.22591278 0.10372625 0.5702042 0.20431232 0.2579389 0.14279795 0.06103167 0.04933039 0.24398065 0.110053435 0.031340238 0.021619262 0.003911258 0.22187811 0.0029613876 0.22374383 0.3019806 0.102607794 0.0037775647 0.044742495 0.01496241 0.2276603 0.098875895 0.0007365377 0.0003547032 0.04068624 0.0029990943 0.0074666683 0.0052706418 0.17621288 0.07964829 0.0009575037 0.06778369 0.07186055 0.020231994 0.0009645916 0.013552223 0.05057075 0.020625936 0.032562733 0.00020016321 0.0001666038 0.00060044875 0.004606833 0.0014252817 0.033885457 0.012958082 0.017233744 0.001039703 0.0007235535 2.8217646e-05 0.010939548 0.016948456 0.0004570784 0.0036385558 0.00858264 0.08931222 7.9425045e-05 5.9704977e-05 0.00025623248 0.0002953313 0.0043972456 0.0001197743 0.0007149175 0.0029024326 0.008216998 0.028961917 0.0013846343 2.966061e-05 0.0003507348 0.00082276616 0.004294999 0.00030792443 0.19261368 0.00096114085 0.0015352112 8.365015e-05 0.0013619888 0.0006995276 0.00032787953 0.00038271467 0.00013625261 0.00022722012 0.00015446423 0.001099819 7.118855e-05 0.0031613342 0.002977741 0.00033375475 9.110887e-05
0.14818051 0.5702375 0.6537713 0.34531605 1.884704e-21 0.02487583 0.42897445 0.013768975 0.45516527 0.517154 0.008284462 0.7896443 0.6662351 0.07108289 0.0015265659 0.00066633604 0.0002810513 0.00023552758 0.00015894731 0.0006613051 0.35513374 0.51521206 8.2279636e-05 0.3097052 0.025188388 0.06321188 0.08462202 0.044394657 0.00082987855 0.098040596 0.07194901 4.0188406e-05 0.012642991 0.005442848 0.017429302 0.009778132 0.0003518959 4.283014e-05 0.031252988 0.020894686 0.0100955395 0.0061322567 6.5049912e-06 0.0059494535 0.005997954 0.00029377226 0.008876516 0.041538376 0.0030634657 0.0014773656 0.0016044585 0.0026796935 6.3166867e-06 1.288937e-05 7.5206735e-05 0.0015821845 0.0076659713 0.0005648941 0.00013190272 0.0023750076 5.076714e-06 2.6198745e-07 0.00581701 0.08557163 0.0050686426 2.9486342e-05 7.044835e-05 0.015023365 0.00058115623 5.239762e-07 3.192755e-07 2.5796533e-07 7.5815783e-06 8.1064593e-07 2.2443721e-06 0.0011347753 0.0020816075 0.010137135 0.000250758 1.2857511e-07 4.1535756e-07 0.0001263535 7.415291e-05 0.000568478 0.064310774 2.3676937e-06 3.8666453e-06 5.4799152e-08 3.8631933e-05 6.914652e-07 1.3630789e-05 3.2822613e-06 2.4001665e-07 1.3228926e-05 0.0020381445 6.6379553e-06 1.6439918e-06 0.0005032328 7.744797e-05 3.1229823e-07 2.4154838e-06
0.4154287 0.28966483 0.3014058 0.6252254 0.02487583 2.0053121e-17 0.32328156 0.66931975 0.21575253 0.074291185 0.48681298 0.02630953 0.0218255 0.21307035 0.32275495 0.2900555 0.16310856 0.11967321 0.056230582 0.17159098 0.017092636 0.0066665392 0.041428495 0.0012917212 0.06199403 0.00092159724 0.032141387 0.72539043 0.09042504 0.0013222987 0.015631111 0.04747124 0.29820004 0.039293293 0.0002975693 0.000110490975 0.05289485 0.004082763 0.0029905147 0.001832613 0.23961748 0.028660981 0.011963918 0.032002673 0.02935378 0.030730069 0.00023545415 0.0058811856 0.026485216 0.019531246 0.017499078 0.0003919697 0.00014349632 0.00033098002 0.02023141 0.0022027795 0.014161349 0.01135596 0.02856478 0.0035320146 0.0063374043 0.0009734689 0.0077427407 0.0067133526 7.912748e-05 0.008879301 0.011659434 0.43425778 7.8677054e-05 0.00044430813 0.0008703554 0.0008093266 0.009650609 0.00021684683 0.0029917967 0.0024902131 0.0041502444 0.027051475 0.0010439495 4.319723e-05 0.001100255 0.001799872 0.0044888062 0.00038979604 0.085886806 0.0016693771 0.0018037795 3.4285553e-05 0.0030917544 0.0009191155 0.0016415792 0.001293095 2.9554809e-05 0.00021257598 0.00010046302 0.0017495473 0.000473156 0.0023083545 0.0007012245 7.6171477e-06 0.0003860216
0.30543035 0.32772094 0.6463311 0.6684778 0.42897445 0.32328156 3.670399e-23 0.057963163 0.811292 0.62907344 0.3346354 0.33403856 0.07547345 0.63423204 0.05845107 0.12423557 0.04633934 0.012644095 0.020284278 0.104152806 0.2190574 0.13228859 0.0059541906 0.01610349 0.2621814 0.0028566278 0.36638564 0.09549712 0.04973125 0.013722418 0.08233445 0.0070940503 0.120815024 0.09649694 0.0005809177 0.0005970293 0.017138463 0.0009991968 0.0062633567 0.0032032512 0.05994036 0.08264149 0.0003695107 0.06509048 0.07090548 0.006080199 0.0009297577 0.014523469 0.048609536 0.024746481 0.033133242 0.00060740527 0.00025780388 0.0011865648 0.0012438549 0.0015037123 0.06344549 0.017628102 0.006150679 0.0062252856 0.00012745726 8.367563e-06 0.035567217 0.018812662 0.00034179728 0.0012543629 0.005779114 0.030882938 0.00010712116 2.866168e-05 6.3441345e-05 5.5356955e-05 0.0010468427 4.7142905e-05 0.00019292292 0.0020575286 0.016855754 0.011137664 0.0007375949 1.9653098e-05 6.4910826e-05 0.0014343173 0.0016512017 5.9339745e-05 0.12251613 0.00011248652 0.00015053955 1.036272e-05 0.00060715707 6.12422e-05 8.9562585e-05 5.4305827e-05 3.348028e-05 4.2236872e-05 7.747135e-06 0.00013168591 1.4886297e-05 0.0011426398 0.0008258383 6.0265247e-05 4.151093e-05
0.60340995 0.28317222 0.16913097 0.43624416 0.013768975 0.66931975 0.057963163 6.6077715e-19 0.041633096 0.025546892 0.17465921 0.008871582 0.026604874 0.044118047 0.1066631 0.07048856 0.03446629 0.036433563 0.016756857 0.04272053 0.0038562976 0.0016876747 0.009020206 0.0010168345 0.0117507 0.0009686025 0.0066112694 0.87219924 0.02241264 0.0002624044 0.002787276 0.013367531 0.10986735 0.0071365014 0.00011451657 2.9397448e-05 0.0073613925 0.00059089274 0.0017113163 0.0016679855 0.08099011 0.0054458156 0.002464198 0.006757559 0.0064880876 0.0029994948 4.0273273e-05 0.005054988 0.0049239206 0.0040316544 0.0028008441 7.64501e-05 1.1118561e-05 1.6841477e-05 0.0020938842 0.00039137749 0.00413311 0.0022286028 0.0031167478 0.00028504818 0.0005701288 0.00014254672 0.0018764399 0.002575752 1.7230588e-05 0.0005071696 0.0007085248 0.56203467 4.5211807e-05 2.0357482e-05 3.6843343e-05 2.4674453e-05 0.0004994314 8.38589e-06 3.8941464e-05 0.00026542897 0.002083212 0.022146711 0.0001822425 5.8089076e-06 3.2090407e-05 0.00063129404 0.0002552878 0.00012294123 0.12868431 5.8347334e-05 0.0001609819 1.4746461e-06 0.0009925085 2.10772e-05 0.00047788973 0.0004619763 1.1511441e-06 3.8484184e-05 3.3889635e-05 0.00033486652 6.8557405e-05 0.0010790543 0.00010202572 3.7379627e-07 5.551122e-05
0.08324409 0.40867934 0.58314174 0.5989739 0.45516527 0.21575253 0.811292 0.041633096 1.250362e-25 0.76476336 0.2552055 0.44512817 0.08766528 0.50364316 0.04808453 0.078299016 0.029118635 0.014613945 0.021072237 0.099062994 0.26908466 0.21570587 0.009073811 0.016022278 0.23157169 0.004332854 0.4446105 0.06128534 0.053777047 0.024790896 0.14831246 0.008862255 0.08704127 0.08967573 0.0006580629 0.0006559172 0.017709075 0.0027677754 0.0049438053 0.002415536 0.065618776 0.07587534 0.0004956968 0.056765858 0.065581255 0.0036109665 0.0010404346 0.010673998 0.028299043 0.016356668 0.020886175 0.0016705533 0.00079752225 0.001626307 0.0008995799 0.00346919 0.060145743 0.008515739 0.0031594958 0.015959926 0.00017265961 1.0027048e-05 0.045735788 0.011442936 0.00019042761 0.0005651091 0.002414631 0.012514604 5.9982805e-05 5.4091583e-05 3.368917e-05 3.421608e-05 0.00047654347 4.7159094e-05 0.00010011287 0.0065893144 0.0070938147 0.013616583 0.002035663 1.1139905e-05 3.1473868e-05 0.0011342803 0.0008499407 2.2914717e-05 0.083026275 7.9852805e-05 2.7069029e-05 3.8424428e-06 0.0003208329 2.2539762e-05 2.1856371e-05 2.3330174e-05 3.4202258e-06 4.763413e-06 1.8210984e-07 2.9828114e-05 1.0777003e-05 0.00096498546 0.0004547284 3.5240805e-06 1.1777322e-05
0.020441338 0.29152644 0.49235484 0.43765408 0.517154 0.074291185 0.62907344 0.025546892 0.76476336 3.859444e-26 0.122705586 0.58809286 0.08840425 0.28389534 0.022465345 0.02992754 0.011852112 0.007659329 0.009273576 0.054392636 0.27356687 0.22582349 0.004511877 0.016252853 0.1354455 0.007841806 0.382581 0.029064165 0.02988837 0.030579744 0.18343772 0.0039500687 0.033663064 0.07503758 0.001491809 0.0008432786 0.010998353 0.0025848066 0.004642628 0.002537988 0.0231779 0.050747015 0.00013678106 0.027990133 0.030238464 0.0020084002 0.00096566905 0.01092565 0.011872104 0.005682192 0.007700266 0.0036076226 0.00073263457 0.0010304797 0.00017811748 0.0047471668 0.038392782 0.0022474737 0.0013005264 0.023870056 2.1345348e-05 4.8373367e-06 0.04382567 0.007835814 0.0005418625 0.000200947 0.000765667 0.008937432 4.412065e-05 4.703109e-05 6.4166616e-06 8.289724e-06 9.3675495e-05 2.9445735e-05 1.3508781e-05 0.006401012 0.00421094 0.007557403 0.0024102745 1.6591066e-05 4.289016e-06 0.0007112656 0.00026406255 2.593356e-05 0.045038 1.1877834e-05 4.0195937e-06 2.940301e-06 0.00010084871 2.5143588e-06 1.2665238e-05 6.0344987e-06 4.8296454e-07 2.8662566e-06 5.800612e-07 2.840547e-06 3.753572e-06 0.0012753014 0.00095394324 1.8939905e-06 1.7036708e-06
0.42876694 0.038730875 0.1492726 0.54686314 0.008284462 0.48681298 0.3346354 0.17465921 0.2552055 0.122705586 1.9310349e-19 0.020717595 0.00476716 0.5648476 0.5924966 0.6674553 0.37342593 0.33711752 0.24943799 0.5804888 0.025326557 0.005612734 0.16992688 0.00030542008 0.20214996 4.588255e-05 0.071545504 0.10278097 0.32706085 0.00072108733 0.014978321 0.13216573 0.35515696 0.12285397 4.6141e-05 1.6597523e-05 0.15358678 0.036170226 0.0007239931 0.0002899319 0.15516922 0.118494175 0.02072011 0.14336625 0.14030276 0.11203808 4.627144e-05 0.0021487449 0.12186134 0.09354905 0.07794429 3.0269448e-05 0.001949274 0.0034263213 0.029854205 0.00018733804 0.04801127 0.053512614 0.078702666 0.0005029286 0.009573737 0.00052792166 0.013249318 0.0040350584 3.3553877e-06 0.013324021 0.02872953 0.034443133 1.1005827e-05 0.0002514642 0.0009877267 0.0009916506 0.008498954 0.00024685502 0.0021163528 0.0011366123 0.032836057 0.014916796 0.00032503583 0.0005916853 0.0013389679 0.0015399504 0.006316042 1.1039202e-05 0.047846023 0.00091700896 0.0013599731 0.0006478671 0.0037228707 0.00045661023 0.00047604865 0.00041773732 0.00030103442 3.3194334e-05 1.211323e-06 0.0008751834 7.836142e-05 0.0054434137 0.0032505395 0.0012157417 5.957052e-05
0.021040816 0.17475633 0.38280296 0.22591278 0.7896443 0.02630953 0.33403856 0.008871582 0.44512817 0.58809286 0.020717595 3.789178e-23 0.15628363 0.096934825 0.006104069 0.0061039897 0.0025150257 0.0011699169 0.0022597671 0.0060766544 0.57516307 0.66844344 0.0012114808 0.18885845 0.0644006 0.026815468 0.26542324 0.009308859 0.004728028 0.23802127 0.36675748 0.0002706646 0.008859901 0.024170194 0.020862525 0.00580121 0.0028863114 0.0016396159 0.007975052 0.006758215 0.006502189 0.016077738 4.7705755e-05 0.010121071 0.010629281 0.0007727157 0.0066834018 0.011748145 0.0042180535 0.002427797 0.0029273832 0.010117182 0.0003204336 0.00051836064 0.00014742595 0.008249697 0.014907858 0.00094859564 0.0004953584 0.023648167 5.717505e-05 7.2455155e-06 0.02159728 0.014899934 0.005725354 0.00023439444 0.0002811497 0.0054832823 0.0010126481 4.15518e-05 7.721988e-06 7.1770187e-06 5.8521375e-05 2.2510974e-05 2.1376047e-05 0.0051830304 0.0022362298 0.007846909 0.0015615205 3.2024325e-06 4.154956e-06 0.00027383395 0.00021922516 0.0010692499 0.017398046 8.332717e-06 1.2087215e-05 1.7171196e-06 6.0772854e-05 1.5051814e-06 3.6365418e-05 6.343908e-06 1.1896466e-06 1.3036432e-05 0.00063800474 1.2182236e-05 1.8760506e-05 0.0008091182 0.00072777004 9.862648e-07 1.48821955e-05
0.8844352 0.71706444 0.32098654 0.10372625 0.6662351 0.0218255 0.07547345 0.026604874 0.08766528 0.08840425 0.00476716 0.15628363 1.4583962e-17 0.010621671 0.001841541 0.00054430135 0.00034555758 0.00024137685 0.00038796844 0.0023048152 0.027465746 0.094497345 7.521075e-05 0.55161893 0.004849904 0.73198986 0.007945464 0.060124606 0.002120989 0.03574221 0.007532909 0.00012899375 0.00094517105 0.0026640736 0.0200424 0.06886282 0.0011723484 1.1903644e-05 0.17430936 0.060723722 0.0010421635 0.0038584606 3.566432e-05 0.006924241 0.007814832 0.0005638803 0.019339135 0.7172048 0.0083105825 0.0032224797 0.004285484 0.0058046333 7.8508585e-08 4.1311526e-07 0.00064296206 0.0012000325 0.0030946897 0.0016839292 0.00061439845 0.00081517966 8.241998e-05 3.988153e-06 0.0021429393 0.070412196 0.0053773876 7.1517425e-05 0.000373709 0.15648371 0.0007404217 5.268516e-06 9.205716e-06 9.4764755e-06 7.803902e-05 5.988163e-07 1.2182945e-05 0.0013696844 0.0012006038 0.0022967514 0.0008103403 1.5095608e-07 1.0786921e-06 0.0004926074 0.00011521273 0.00034425687 0.31964093 1.0655634e-05 7.4787255e-05 4.0539522e-08 0.00070407003 7.5521784e-06 0.0024094575 0.00030469624 2.7474398e-08 5.438175e-05 0.0004677091 1.5461714e-05 4.2690794e-05 0.00012340497 3.7408944e-07 3.193338e-10 6.804536e-05
0.067393005 0.08391849 0.40420294 0.5702042 0.07108289 0.21307035 0.63423204 0.044118047 0.50364316 0.28389534 0.5648476 0.096934825 0.010621671 2.823692e-20 0.13741413 0.28973886 0.16749242 0.062683314 0.09278837 0.45187396 0.1009507 0.03518772 0.054593984 0.0054790196 0.44289717 0.0006147126 0.48870954 0.03256775 0.34111726 0.0051898784 0.06577659 0.1033145 0.09714659 0.33075884 5.5416906e-05 0.00010173404 0.22781685 0.019579627 0.0019484702 0.0010144432 0.06085893 0.25124902 0.017054217 0.217809 0.22671719 0.093385786 0.00013354182 0.003436561 0.1617919 0.113260336 0.11730398 0.00016696597 0.0033554519 0.006497961 0.028657379 0.0014044908 0.1453546 0.05721764 0.069350615 0.009505554 0.0072372984 0.00042922123 0.08128553 0.0074045253 1.1123227e-05 0.013526703 0.03188128 0.018624559 4.2785476e-05 0.0005524547 0.001122216 0.0010745107 0.0097345505 0.0007901614 0.0021465237 0.014026959 0.065119475 0.009748151 0.0047634407 0.0010010127 0.0007748705 0.011058228 0.011213467 9.759098e-06 0.08361422 0.0006723418 0.0012010211 0.0010078162 0.0054887445 0.0001370856 0.0010956514 0.00022011907 0.00016576445 6.532561e-05 3.0510564e-06 0.00016600017 3.618549e-05 0.0059767184 0.0059293425 0.0014184901 3.6494726e-05
0.8461342 0.013731097 0.03032661 0.20431232 0.0015265659 0.32275495 0.05845107 0.1066631 0.04808453 0.022465345 0.5924966 0.006104069 0.001841541 0.13741413 3.5236087e-18 0.6522579 0.659729 0.7008225 0.54132426 0.26674113 0.0065400503 0.0021627804 0.42332587 0.00023235133 0.03341395 2.6849619e-05 0.014077044 0.16579652 0.13884851 0.00072502263 0.006159596 0.19554432 0.66922444 0.028094675 0.00019672481 2.6632897e-05 0.0912117 0.043062143 0.00085349387 0.00021988535 0.37811005 0.027482735 0.07094895 0.03628008 0.03258013 0.0653085 9.157623e-05 0.002255376 0.036704633 0.032397196 0.021999575 0.0001789965 0.0022742015 0.0027222899 0.06398132 0.0013941949 0.013009141 0.020037135 0.047702335 0.0005714965 0.0335492 0.007210135 0.0047612153 0.0013684669 7.4220434e-06 0.017345712 0.022547001 0.0691315 7.6687415e-05 0.0016782908 0.0025039427 0.0017569358 0.011913753 0.0016701606 0.0030717975 0.0008034336 0.009272062 0.07586231 0.0006406341 0.0009550223 0.0035433485 0.0014726042 0.006962451 8.4870095e-05 0.039664168 0.0020982707 0.0016770293 0.00058767514 0.005386719 0.0017176849 0.0016697561 0.0023770127 0.0010655745 0.0001857044 7.00382e-06 0.0014062787 0.00044456648 0.0053366884 0.0017895291 0.00041231397 0.00042660884
0.45601425 0.00827432 0.036211938 0.2579389 0.00066633604 0.2900555 0.12423557 0.07048856 0.078299016 0.02992754 0.6674553 0.0061039897 0.00054430135 0.28973886 0.6522579 1.3851169e-19 0.74991477 0.40977022 0.5421807 0.54451156 0.011085058 0.0012287054 0.37467918 5.6770434e-05 0.14546123 6.6863527e-07 0.03518264 0.050426625 0.42247704 0.00031040344 0.0100827515 0.34004274 0.44173637 0.14545973 2.9982462e-05 6.5275003e-06 0.24164668 0.05600196 0.00024329597 4.5117475e-05 0.23548293 0.15101795 0.10249963 0.20637645 0.18102856 0.21795613 2.6495032e-05 0.0005058634 0.17969309 0.1744353 0.10876222 5.4935594e-05 0.005256642 0.0064342488 0.22262254 0.00029298608 0.041529927 0.0979609 0.3301922 0.000655977 0.10809387 0.008336644 0.015234231 0.0007542494 3.2906203e-06 0.085597426 0.13758995 0.01074016 1.2154407e-05 0.0018499364 0.00550144 0.0042740637 0.057450272 0.0031648548 0.009217563 0.00212447 0.053041544 0.007092681 0.0007336057 0.0014400925 0.0073557682 0.0039999024 0.037027083 9.877912e-06 0.019572817 0.003949622 0.0050693117 0.0012304967 0.034322526 0.0019057506 0.004900432 0.007319185 0.0021789835 8.911554e-05 7.661198e-07 0.0011115657 0.0006470211 0.004376737 0.006366166 0.0017175195 0.00058137847
0.6453432 0.0034888883 0.016720427 0.14279795 0.0002810513 0.16310856 0.04633934 0.03446629 0.029118635 0.011852112 0.37342593 0.0025150257 0.00034555758 0.16749242 0.659729 0.74991477 3.8988807e-18 0.57820815 0.7746131 0.31087893 0.0050522964 0.000745077 0.61714745 2.0529695e-05 0.06933943 5.6001204e-07 0.016490404 0.040106464 0.21142715 0.00015743748 0.0046591386 0.389222 0.46179155 0.067120835 2.6517406e-05 5.107551e-06 0.13348876 0.13953687 0.00011089709 1.8990846e-05 0.24498342 0.07419221 0.13657472 0.093755364 0.07951142 0.14294398 1.7413906e-05 0.00043602806 0.087529026 0.10301545 0.049315237 3.2680236e-05 0.009342779 0.011378979 0.15733442 0.00035233732 0.022328021 0.056592617 0.20012014 0.000354643 0.10104868 0.012260046 0.0061725657 0.0002765431 7.582774e-07 0.08192175 0.09543308 0.0126062585 1.9796098e-05 0.002328952 0.004974514 0.0038044378 0.052689046 0.003081693 0.009667748 0.000679865 0.022048092 0.015680851 0.0002658173 0.002621922 0.00724094 0.0017235011 0.024511265 7.1411887e-06 0.01290162 0.003935504 0.0033740087 0.002716755 0.021335345 0.0022372047 0.0026661274 0.004597298 0.002687753 0.00011574619 3.7990947e-07 0.00085934054 0.00037707022 0.006978588 0.006356865 0.0027219534 0.00022132206
0.9028955 0.0023410793 0.008407371 0.06103167 0.00023552758 0.11967321 0.012644095 0.036433563 0.014613945 0.007659329 0.33711752 0.0011699169 0.00024137685 0.062683314 0.7008225 0.40977022 0.57820815 1.1708076e-19 0.60786486 0.1328429 0.0011696353 0.00025806093 0.679591 2.3475895e-05 0.0081927525 2.2676994e-07 0.005623385 0.0736084 0.062405568 0.00016097484 0.003036732 0.2746396 0.67162246 0.007060648 3.582731e-05 1.5146953e-06 0.024040299 0.12308336 5.7731457e-05 1.7669016e-05 0.3212997 0.009286917 0.10039916 0.015651502 0.015950302 0.021040393 6.3220077e-06 0.0003876182 0.015005907 0.01613618 0.009156155 5.1076164e-05 0.004702376 0.0050826627 0.05154506 0.00050832785 0.009146586 0.011248824 0.04403543 0.0001455652 0.029315231 0.008026292 0.0011544101 7.3865995e-05 3.239321e-07 0.02007202 0.021631699 0.029909441 2.4942603e-05 0.001998627 0.002318345 0.001629544 0.018185604 0.0015469937 0.0030511 0.00049796415 0.002855834 0.14248385 0.0006014588 0.0009661148 0.001708998 0.0003447934 0.00515759 2.6930244e-05 0.016055929 0.0010762209 0.0018474489 0.00046385187 0.0022999744 0.0009217264 0.0007418806 0.0010911284 0.00034313995 8.229133e-05 1.9477537e-07 0.0011358592 0.00018157478 0.0081557315 0.0022777524 0.00015843866 0.00014070379
0.69366646 0.0015808879 0.0089549655 0.04933039 0.00015894731 0.056230582 0.020284278 0.016756857 0.021072237 0.009273576 0.24943799 0.0022597671 0.00038796844 0.09278837 0.54132426 0.5421807 0.7746131 0.60786486 1.8798252e-17 0.1856859 0.002461255 0.00037028058 0.74587184 8.087814e-06 0.041957222 3.2542707e-07 0.010542818 0.025328178 0.13928995 4.551672e-05 0.00182421 0.44659278 0.3528804 0.04751306 1.543951e-05 1.7871847e-06 0.08866122 0.21489576 2.733063e-05 5.560752e-06 0.17909683 0.045633968 0.18413766 0.05301995 0.044760782 0.103910364 7.0989263e-06 0.00029173613 0.055310942 0.06507864 0.029930264 2.4907875e-05 0.014430869 0.012809164 0.13574935 0.0001700126 0.015225967 0.03856886 0.1538145 8.5794316e-05 0.09357437 0.020565223 0.0031283393 5.8390197e-05 8.613983e-08 0.081903726 0.08659191 0.016505564 1.1503514e-05 0.002931195 0.011200888 0.00786852 0.052595638 0.004004752 0.01393086 0.00011339212 0.014531727 0.026945768 6.370386e-05 0.0036521554 0.009038306 0.00045919212 0.023293186 4.045317e-06 0.011325974 0.0036683679 0.0030433529 0.0042080013 0.019309966 0.0021368098 0.00083187065 0.0025646987 0.0020550576 3.862302e-05 6.592362e-08 0.00056787493 8.31954e-05 0.011014849 0.009964467 0.0032339678 4.6678713e-05
0.06569575 0.007584027 0.03206903 0.24398065 0.0006613051 0.17159098 0.104152806 0.04272053 0.099062994 0.054392636 0.5804888 0.0060766544 0.0023048152 0.45187396 0.26674113 0.54451156 0.31087893 0.1328429 0.1856859 2.1514297e-22 0.006220239 0.00059542095 0.15305644 4.6724497e-05 0.211117 2.1777525e-06 0.10864578 0.03807147 0.64422786 0.00014406646 0.013712051 0.1994932 0.20138526 0.19147713 1.2578031e-05 4.1998264e-06 0.31707966 0.042348094 0.00031404293 7.871795e-05 0.07913435 0.18384857 0.047727443 0.2546185 0.26213986 0.23608187 2.524324e-05 0.001487364 0.25992686 0.22001332 0.23530047 8.506632e-06 0.0044625564 0.008133005 0.080245346 0.00021680939 0.11704582 0.16395502 0.1886188 0.00048146976 0.02370552 0.00094631687 0.03482702 0.0022243338 3.7196796e-06 0.036947906 0.097478345 0.010679231 7.618187e-06 0.0004470338 0.0008592578 0.00079700106 0.03195858 0.0014455193 0.0048911804 0.0030735584 0.07611232 0.001998828 0.0012176522 0.0016927682 0.0012225136 0.0056744455 0.02036475 3.4110203e-06 0.041705556 0.0018330561 0.005265073 0.0024996768 0.0076368963 0.0007157112 0.002013729 0.0009470852 0.0003771929 0.00013943201 1.0082601e-06 0.000849732 0.00027714268 0.003672593 0.007872704 0.0019364413 0.00019971911
0.0018237239 0.044427425 0.21942984 0.110053435 0.35513374 0.017092636 0.2190574 0.0038562976 0.26908466 0.27356687 0.025326557 0.57516307 0.027465746 0.1009507 0.0065400503 0.011085058 0.0050522964 0.0011696353 0.002461255 0.006220239 3.1653565e-26 0.72136766 0.0012786321 0.056457516 0.07054713 0.011481758 0.33148533 0.0019285588 0.0046261954 0.18207505 0.7228879 0.0011077131 0.006199174 0.024273016 0.0064827255 0.0012413947 0.004184061 0.0033218956 0.00291277 0.0012781348 0.0041815666 0.011108689 0.00022089927 0.003467591 0.0030076527 0.0015093918 0.0014058745 0.0032201204 0.0011728432 0.0010041383 0.0005326562 0.0075279004 0.00027517852 0.00066923216 0.0003047529 0.014299647 0.006726605 0.00029240572 0.00052417093 0.04765055 0.00028216152 4.7131216e-05 0.016582329 0.00525484 0.0011955473 0.00014557019 0.00024502768 0.010513199 0.00025370633 0.000110994966 2.34675e-05 3.513642e-05 6.0685692e-05 2.6033991e-05 2.2422122e-05 0.0018533649 0.0003043129 0.004728682 0.00028056843 4.4586377e-06 3.9529605e-06 5.154504e-05 2.6547974e-05 8.995824e-05 0.022623012 2.750229e-06 1.5779657e-06 3.7770778e-06 1.1442765e-05 7.46874e-07 4.1231647e-06 1.4659357e-06 3.1727947e-07 1.6221121e-06 9.6673275e-06 2.1973399e-06 1.2845654e-06 0.0006156747 0.00026720634 1.2043462e-06 1.1677164e-06
0.0011765154 0.042094313 0.17203748 0.031340238 0.51521206 0.0066665392 0.13228859 0.0016876747 0.21570587 0.22582349 0.005612734 0.66844344 0.094497345 0.03518772 0.0021627804 0.0012287054 0.000745077 0.00025806093 0.00037028058 0.00059542095 0.72136766 2.6325345e-26 0.00035474717 0.43202206 0.023248196 0.04797936 0.16049342 0.00085029623 0.00074893143 0.6374798 0.49162874 5.4788834e-05 0.0027954178 0.0069128857 0.053937618 0.00942945 0.00035017382 0.00070952275 0.004416711 0.0044041686 0.0017912792 0.002146885 1.5789496e-05 0.00047569326 0.00034967923 6.4508284e-05 0.004251568 0.004726856 0.00011137254 2.9392764e-05 3.1719297e-05 0.057786077 6.977144e-05 0.00015135172 6.315401e-05 0.041225474 0.0006397945 7.3733922e-06 5.2278425e-05 0.036493495 3.8325594e-05 6.5168147e-06 0.0053810636 0.0038002802 0.0027252417 1.7157816e-05 1.5355923e-05 0.0055658617 0.0015315707 1.3093597e-05 1.279943e-06 1.4218244e-06 5.096282e-06 2.3880918e-06 6.4631377e-07 0.00096398557 2.035463e-05 0.0018840571 7.133766e-05 5.587376e-07 1.3008201e-07 4.259342e-06 2.8042505e-06 0.00056642777 0.0151794925 4.1612472e-07 1.4726932e-07 3.426499e-07 7.621358e-07 1.08701485e-07 5.723691e-07 6.301957e-08 1.821952e-08 6.185977e-07 0.00028873686 1.7403245e-07 1.7064342e-07 0.00018247137 6.330294e-05 2.150694e-08 3.177985e-07
0.91940993 0.00044462117 0.0033505894 0.021619262 8.2279636e-05 0.041428495 0.0059541906 0.009020206 0.009073811 0.004511877 0.16992688 0.0012114808 7.521075e-05 0.054593984 0.42332587 0.37467918 0.61714745 0.679591 0.74587184 0.15305644 0.0012786321 0.00035474717 9.31035e-19 1.5712707e-05 0.012916301 6.915644e-08 0.00586823 0.020153143 0.10055699 0.00014307734 0.0013655309 0.52651024 0.47138286 0.01552773 2.7522772e-05 1.6947727e-06 0.050739896 0.57610536 1.11748805e-05 1.8428191e-06 0.24125154 0.017242795 0.35008788 0.021127347 0.01873493 0.052762143 4.288235e-06 0.00014255107 0.020520998 0.024696898 0.012972111 4.1120853e-05 0.03716252 0.02603745 0.14008604 0.00019677659 0.008087664 0.017630287 0.12509272 7.79164e-05 0.13961808 0.0721551 0.0011868189 9.114298e-06 5.110659e-08 0.0792175 0.056338865 0.014096263 1.495102e-05 0.0101047 0.017867904 0.013561616 0.05627029 0.008062229 0.021613935 0.000201978 0.0044011283 0.07288154 0.00015774378 0.006369384 0.013239732 0.0003953613 0.012811167 6.7856495e-06 0.0048129237 0.0031617114 0.0029672508 0.0044173202 0.008252624 0.0016324067 0.0007801525 0.0019179189 0.0018162605 2.1909713e-05 1.5579943e-08 0.00068627694 8.587749e-05 0.024000205 0.010838781 0.0024598483 4.4907607e-05
0.002788447 0.03430662 0.037991986 0.003911258 0.3097052 0.0012917212 0.01610349 0.0010168345 0.016022278 0.016252853 0.00030542008 0.18885845 0.55161893 0.0054790196 0.00023235133 5.6770434e-05 2.0529695e-05 2.3475895e-05 8.087814e-06 4.6724497e-05 0.056457516 0.43202206 1.5712707e-05 5.484631e-23 0.0014386985 0.55172145 0.0035763388 0.0013664956 9.390816e-05 0.6564792 0.005232654 9.377547e-06 0.0012674917 0.000584504 0.47787112 0.2007283 0.00015335297 2.7377637e-05 0.14213286 0.14493234 0.0007736065 0.0002527616 9.487734e-06 0.00027558347 0.00022410633 6.318744e-05 0.07644701 0.061515346 0.00014149625 8.902227e-05 5.9972102e-05 0.0492123 8.7933205e-07 3.3254616e-06 9.401541e-05 0.0028561663 0.00019589356 4.1693154e-05 0.00012523208 0.00049124815 1.581706e-05 4.1365578e-07 0.0002908871 0.060333848 0.04120078 9.04557e-06 1.7286895e-05 0.014056761 0.030667795 6.167292e-07 1.1280746e-07 1.16331975e-07 3.423907e-06 2.662746e-07 4.2125436e-07 0.00010059868 3.1105254e-05 0.0026319742 3.1808628e-05 7.12383e-08 1.13393355e-07 1.5467289e-05 2.1345713e-05 0.0028512676 0.02391808 4.0464417e-07 1.1914099e-06 6.3011505e-08 7.9550506e-07 6.627145e-08 3.9661695e-06 4.185761e-07 1.9645656e-09 2.5646543e-06 0.013847201 5.481115e-07 4.0985776e-07 7.68279e-05 3.138025e-06 4.07297e-09 9.569942e-07
0.0045481077 0.018157912 0.16919938 0.22187811 0.025188388 0.06199403 0.2621814 0.0117507 0.23157169 0.1354455 0.20214996 0.0644006 0.004849904 0.44289717 0.03341395 0.14546123 0.06933943 0.0081927525 0.041957222 0.211117 0.07054713 0.023248196 0.012916301 0.0014386985 5.8093225e-23 0.00038696 0.6139004 0.0077877473 0.21665579 0.0031825395 0.090866916 0.047408916 0.034327865 0.35178298 9.850693e-05 0.00011185944 0.14392951 0.006465481 0.0014618083 0.0010389576 0.017694633 0.25166377 0.005939742 0.20515096 0.24090673 0.064822555 0.00011556432 0.0025331757 0.15065059 0.09756793 0.15558097 8.6695094e-05 0.0012044405 0.0035267335 0.012901533 0.0026389614 0.27373597 0.064106755 0.040049724 0.016061932 0.0019233278 7.947703e-05 0.18406428 0.008421828 4.210183e-05 0.0056152875 0.024030225 0.010224946 8.403482e-05 0.0002217465 0.00019905681 0.0002126228 0.004108442 0.0002626974 0.0007812604 0.02976709 0.06775381 0.004315007 0.013321651 0.00046660868 0.00019945131 0.02177275 0.0040551806 6.43712e-06 0.06300538 0.00019994343 0.00042778254 0.0006951252 0.0023901074 5.211162e-05 0.00308427 0.00025545145 3.246292e-05 0.0003352669 2.3662578e-06 0.000117622985 8.835915e-05 0.0035514564 0.0056298887 0.00049097196 4.9401762e-05
0.0077627213 0.018457452 0.016281102 0.0029613876 0.06321188 0.00092159724 0.0028566278 0.0009686025 0.004332854 0.007841806 4.588255e-05 0.026815468 0.73198986 0.0006147126 2.6849619e-05 6.6863527e-07 5.6001204e-07 2.2676994e-07 3.2542707e-07 2.1777525e-06 0.011481758 0.04797936 6.915644e-08 0.55172145 0.00038696 2.4438813e-18 0.002354124 0.0010716663 7.778487e-06 0.046952378 0.002272895 7.521695e-08 0.00019536763 5.3987736e-05 0.16369988 0.46369043 4.466132e-06 3.4119265e-07 0.6162939 0.6148274 0.00016070105 9.045238e-05 1.2358073e-07 0.00010093579 0.000117048934 3.2285716e-06 0.4118101 0.55802286 4.2532025e-05 2.7731177e-05 2.1055263e-05 0.009309955 3.136107e-08 6.35868e-08 1.6377575e-06 0.00016698333 4.345191e-05 4.5528463e-06 1.2899916e-06 6.5088766e-06 1.6118813e-07 6.9483517e-09 0.00011722331 0.3843326 0.21236917 1.870612e-07 1.1846854e-06 0.0027220896 0.022416975 1.9119005e-08 2.898119e-08 2.3860972e-08 2.6352782e-07 1.1330747e-08 9.528951e-09 1.8820736e-05 1.9860665e-06 8.094262e-05 2.1976941e-06 4.4748267e-09 6.609692e-10 8.0654115e-07 1.9612393e-07 0.021498278 0.012617763 6.2776837e-09 2.4394135e-08 1.992358e-09 4.7490154e-08 3.7040204e-09 8.489806e-08 9.5563255e-09 9.355545e-12 3.5550696e-09 0.070243046 5.162483e-09 1.5002063e-09 3.923339e-06 2.0661062e-08 6.369871e-12 5.2459487e-10
0.0017066898 0.03382093 0.22273408 0.22374383 0.08462202 0.032141387 0.36638564 0.0066112694 0.4446105 0.382581 0.071545504 0.26542324 0.007945464 0.48870954 0.014077044 0.03518264 0.016490404 0.005623385 0.010542818 0.10864578 0.33148533 0.16049342 0.00586823 0.0035763388 0.6139004 0.002354124 9.550904e-26 0.0059554 0.13388576 0.0140996175 0.5210661 0.012071369 0.017492462 0.42575985 0.00063986104 0.00067176204 0.099532604 0.0060532377 0.003514065 0.0010568427 0.014382939 0.30278432 0.0014064283 0.16845389 0.22176471 0.038190003 0.0006760601 0.0039071594 0.072440416 0.03592118 0.06545459 0.0026382846 0.0016386958 0.0030268307 0.004127843 0.010094418 0.36142036 0.014119162 0.012278937 0.1452778 0.0007441442 0.0001348274 0.28832862 0.007339445 0.0006943771 0.00149208 0.004177941 0.0123900855 0.00025857877 0.0005424667 0.00012301194 0.00014761405 0.00081455446 0.0004601792 0.00012116823 0.052196603 0.020783994 0.0049628615 0.019448394 0.00013948094 3.4524975e-05 0.01172278 0.0006291301 4.118243e-05 0.03098917 2.403676e-05 2.5486708e-05 0.00015329653 0.0002512626 5.1317484e-06 9.782641e-05 8.463735e-06 8.6132195e-06 0.0002627633 1.7564727e-06 2.7514347e-05 8.347319e-06 0.0022687048 0.0018975596 4.628746e-05 7.249414e-06
0.9215148 0.46654868 0.21387681 0.3019806 0.044394657 0.72539043 0.09549712 0.87219924 0.06128534 0.029064165 0.10278097 0.009308859 0.060124606 0.03256775 0.16579652 0.050426625 0.040106464 0.0736084 0.025328178 0.03807147 0.0019285588 0.00085029623 0.020153143 0.0013664956 0.0077877473 0.0010716663 0.0059554 2.1575229e-19 0.012586252 0.00021357431 0.00036029343 0.024830032 0.21486641 0.0035543481 6.451714e-05 6.3339845e-05 0.0039483416 0.0014680778 0.0020724451 0.0017227894 0.30397642 0.003828837 0.0078052273 0.0029023606 0.0026277944 0.0031907738 0.00010268 0.0019295588 0.0020088647 0.0015692184 0.0007786975 5.0273584e-06 4.2722237e-05 2.4642612e-05 0.0036499184 6.9008015e-06 0.00035542733 0.0003751123 0.0030796204 9.711377e-06 0.0019064785 0.0006063195 0.00016097623 0.0015267952 4.1152e-05 0.00051207736 0.0005754486 0.67539185 9.224998e-06 2.7055867e-05 2.2352264e-05 1.071209e-05 0.0001848263 8.648976e-06 2.7626234e-06 3.4643843e-05 0.00017722978 0.12036918 4.5926217e-06 2.8837273e-06 9.709279e-07 5.1845727e-05 0.00010381182 1.5608803e-05 0.179133 5.9187823e-07 7.03578e-06 2.547412e-07 0.0001235748 2.0266748e-07 0.00028343423 8.734898e-05 1.7071635e-07 3.2258968e-06 4.7563336e-07 3.1847223e-06 1.2827359e-05 0.00027591403 7.2918833e-06 2.7611549e-09 4.375948e-05
0.023451366 0.00475202 0.020099394 0.102607794 0.00082987855 0.09042504 0.04973125 0.02241264 0.053777047 0.02988837 0.32706085 0.004728028 0.002120989 0.34111726 0.13884851 0.42247704 0.21142715 0.062405568 0.13928995 0.64422786 0.0046261954 0.00074893143 0.10055699 9.390816e-05 0.21665579 7.778487e-06 0.13388576 0.012586252 2.2870332e-22 0.00024969561 0.01432472 0.16641566 0.07551022 0.2999377 2.1862228e-05 1.5358793e-05 0.49956492 0.03623236 0.00017666027 6.4895044e-05 0.02372776 0.25952345 0.04992425 0.33400813 0.34788048 0.3504067 2.6633837e-05 0.0017971216 0.34613866 0.3352464 0.34720066 8.218862e-06 0.0047172057 0.009129284 0.082543656 0.00047355366 0.20584388 0.28054628 0.20860772 0.0011738391 0.032622606 0.0016512955 0.060601473 0.0024733364 9.609547e-06 0.05214139 0.15449244 0.008792021 5.0424333e-05 0.00082649465 0.0016798856 0.0015495415 0.059218865 0.0014124466 0.00876437 0.0141385235 0.1329502 0.001340002 0.0059178323 0.0026942152 0.001942734 0.021873921 0.03313332 3.8739677e-06 0.03485975 0.0013989058 0.012393129 0.0035454072 0.024154589 0.00061992597 0.014309073 0.0037308477 0.00048981496 0.00029817177 6.7168926e-06 0.0016794204 0.001231245 0.0039149993 0.009021737 0.00332933 0.0010082314
0.00013416605 0.010503949 0.02169271 0.0037775647 0.098040596 0.0013222987 0.013722418 0.0002624044 0.024790896 0.030579744 0.00072108733 0.23802127 0.03574221 0.0051898784 0.00072502263 0.00031040344 0.00015743748 0.00016097484 4.551672e-05 0.00014406646 0.18207505 0.6374798 0.00014307734 0.6564792 0.0031825395 0.046952378 0.0140996175 0.00021357431 0.00024969561 5.4942817e-24 0.21556994 1.2706722e-05 0.000720321 0.0010284259 0.09533227 0.015539324 0.00016438619 0.00014234704 0.0026635453 0.0040980894 0.0012990613 0.00036627747 9.532655e-06 0.00010768409 0.00010171289 1.3614589e-05 0.0070559965 0.0050659673 2.652072e-05 1.2393623e-05 6.759949e-06 0.25983322 4.685517e-06 1.1292813e-05 7.065383e-05 0.10312383 0.0001659125 2.102792e-06 5.1094583e-05 0.031232307 3.0595078e-05 7.768734e-07 0.0022890945 0.0028551328 0.0030340126 5.8387936e-06 4.610786e-06 0.0030260528 0.008444576 1.0887387e-06 1.2175116e-07 1.0160579e-07 1.1000711e-06 5.1353345e-07 6.888118e-08 0.00020885661 2.3188832e-05 0.0023825732 2.271457e-05 1.1586591e-06 3.7367e-08 2.1619244e-06 1.6979402e-06 0.0008545344 0.002115554 3.177071e-08 1.14581724e-07 9.3092433e-07 6.0319316e-08 5.3695155e-09 2.3087703e-07 1.0625406e-08 1.3469049e-08 1.0920144e-06 0.00041989313 3.493006e-08 1.9927239e-08 0.00026033036 8.113398e-05 1.1354637e-07 3.2419945e-07
0.00020837494 0.023576418 0.054624654 0.044742495 0.07194901 0.015631111 0.08233445 0.002787276 0.14831246 0.18343772 0.014978321 0.36675748 0.007532909 0.06577659 0.006159596 0.0100827515 0.0046591386 0.003036732 0.00182421 0.013712051 0.7228879 0.49162874 0.0013655309 0.005232654 0.090866916 0.002272895 0.5210661 0.00036029343 0.01432472 0.21556994 1.6254941e-25 0.0012369655 0.0019057859 0.049905233 0.0034969628 0.0005875247 0.010443659 0.0040972163 0.001694853 0.0009034918 0.002245056 0.02505176 0.0004707801 0.0058800112 0.006620965 0.0014899912 0.00091973535 0.0020816878 0.0019208367 0.00093448994 0.00070844503 0.026158229 0.0004642163 0.00048047717 0.0005397814 0.08570802 0.015657369 0.0001979005 0.00088789454 0.3511658 0.00096341723 0.00016148949 0.045930557 0.0026738653 0.00048938795 0.00013673957 9.928832e-05 0.007203753 0.0005500949 0.00030666895 8.320515e-05 0.00010706182 2.1964002e-05 0.00013366771 1.3704945e-05 0.009945213 0.0006359418 0.017000752 0.001960588 1.8387173e-05 4.280639e-06 0.00013165978 1.5028787e-05 0.00010282473 0.0021729895 2.908452e-06 1.0152062e-06 3.719607e-05 7.5229937e-06 9.953017e-07 2.2707284e-06 1.6952383e-06 1.0564098e-06 7.429735e-06 9.0750814e-07 8.930271e-07 4.11615e-07 0.0013133492 0.0009513313 2.9092413e-05 6.3772063e-07
