1.812131e-26 0.11284021 0.36599022 0.054522824 0.55739 0.10714313 0.010653653 0.53564143 0.025681285 0.7346608 0.0037206411 0.032969847 0.124930516 0.4165017 0.003307806 0.0054006716 0.7963491 0.00059063896 0.0071101915 0.6877174 0.0011183617 0.8419202 0.0024293775 0.69543934 0.31018674 0.24922457 0.00086141814 0.0004974492 0.5767141 0.0031518743 0.00023610915 0.0004834443 4.293696e-05 9.5122916e-05 0.9035743 0.95415527 0.0001413239 5.1304098e-05 3.7124802e-05 0.45518255 0.023303622 0.009031697 0.7840776 0.00010635629 4.1823555e-06 0.067348406 0.90520585 0.0014201686 4.949985e-07 4.072024e-08 0.26599646 0.018910917 0.00010004778 1.188394e-07 0.005114631 1.7655735e-08 0.10659527 0.8520409 0.11352755 0.34063664 1.6187443e-05 0.08030855 0.016636033 0.062390618 1.0040761e-05 0.0004127918 0.0060307225 0.010443095 7.503974e-05 0.0490519 0.9745199 0.00038594063 7.203849e-05 0.98290354 0.00029854398 0.004001459 1.390609e-05 0.0025072535 5.395389e-06 1.0733411e-07 0.98846126 0.68922853 1.7118663e-06 1.3759147e-07 1.8277031e-07 2.8453238e-08 3.5262135e-05 0.20835632 0.10351935 0.6569777 1.9178224e-10 4.1945746e-06 2.5264598e-07 0.0023159995 0.00014899485 4.9928915e-11 0.98964936 1.1447983e-07 0.0250579 0.27659935 2.1762492e-08
0.11284021 3.2370156e-23 0.8219362 0.6845195 0.22386326 0.10358756 0.3038603 0.4700443 0.39710778 0.57607985 0.46070343 0.07877128 0.37432438 0.099308945 0.16053888 0.2065561 0.21855111 0.10048221 0.02974827 0.045469698 0.13263564 0.031578112 0.10654685 0.023594042 0.016942348 0.14796023 0.056411378 0.062287245 0.16801023 0.007176585 0.029540762 0.016091662 0.020163247 0.02649835 0.016065426 0.016000342 0.012088074 0.055113453 0.010075913 0.0013934838 0.0014346149 0.0031690635 0.13437462 0.042471502 0.011738022 0.00020210688 0.0024642495 0.0029581415 0.0027725108 0.0014034784 7.932173e-05 0.0008185478 0.023457939 0.008563088 0.0006381109 0.004077397 0.0014596219 0.09065532 0.00017767724 0.0010387814 0.010565303 0.00019799753 0.00018137852 0.00022847565 0.002134785 0.0014922131 0.015334114 4.2102147e-05 0.0027270187 0.00018223817 0.045185167 0.0037589064 0.00025754908 0.053443983 0.003237405 2.7453169e-05 0.0012812437 4.887781e-06 0.0007263122 0.00021074193 0.03588616 7.835955e-05 0.00019998728 0.00051088905 8.988903e-05 0.00014238844 4.074878e-05 0.013765712 0.014034332 1.1791066e-05 0.0001733992 0.000115152536 0.00015599775 1.9141903e-06 0.0014059362 1.8245371e-05 0.017601669 5.01564e-06 5.957461e-07 6.526293e-06 0.00047902932
0.36599022 0.8219362 7.9799735e-22 0.69286394 0.32380316 0.13070904 0.43851444 0.6424298 0.42713544 0.78903115 0.53773576 0.11059037 0.45401648 0.21495968 0.2657993 0.2577417 0.284458 0.11319266 0.04932591 0.07369887 0.23033156 0.055890836 0.1521648 0.027818462 0.033579472 0.18215816 0.103101574 0.11351927 0.35902962 0.015579179 0.06723997 0.032265637 0.02720822 0.047011442 0.01757913 0.024033267 0.012082057 0.06970168 0.015835566 0.0012853981 0.001925453 0.0052306107 0.32197222 0.050449662 0.007003654 0.00025459903 0.0026054597 0.008146586 0.0017328995 0.00085041294 6.338903e-05 0.0011767035 0.036036227 0.008259372 0.00195326 0.0029715977 0.0011322399 0.13750024 0.0002327188 0.0006791266 0.018311674 0.00028743406 0.0009779917 9.771833e-05 0.0015405247 0.0056018326 0.009407425 0.000119685574 0.0020203097 0.00010361055 0.060227532 0.007936812 0.00063909905 0.09815625 0.007471059 9.238772e-05 0.0029346677 3.1052856e-05 0.00040352857 0.00033480357 0.035975315 6.0461036e-05 0.0008187797 0.0011651013 0.00017904329 0.00044183477 4.4699264e-05 0.022432081 0.020322874 2.6213618e-05 0.0005038218 0.00013789473 0.00014141882 1.4564802e-05 0.0009876104 5.6623463e-05 0.028247776 3.691805e-05 2.6334153e-06 2.316211e-05 0.0008218478
0.054522824 0.6845195 0.69286394 5.460121e-24 0.11372737 0.07500266 0.29011518 0.3389506 0.6079765 0.5015412 0.518262 0.08155421 0.49250197 0.054949027 0.27274743 0.16919577 0.19447772 0.22541471 0.024582403 0.019487532 0.21543923 0.012574045 0.07895782 0.009676612 0.007794981 0.13356759 0.03579415 0.03950871 0.05978003 0.008911112 0.021280754 0.011652575 0.032723635 0.017528659 0.007377796 0.0073981835 0.021837253 0.0506388 0.0051710135 0.00095771154 0.00073696877 0.002818497 0.066125244 0.06436951 0.023466948 9.671307e-05 0.002880108 0.0025648517 0.004107654 0.0030907372 7.4815856e-05 0.00063594023 0.018782768 0.009757898 0.0005138433 0.005188901 0.0015408421 0.08016683 0.0001224736 0.0012988574 0.009846424 0.00012745433 0.00011305782 0.00030284334 0.0049375365 0.0018057588 0.02017898 1.3246513e-05 0.0056417454 0.0002501544 0.018307755 0.0027772554 0.0001972937 0.02966835 0.0017231024 1.130694e-05 0.00074925 2.1420726e-06 0.0014858542 0.00024642318 0.028006256 0.00018760408 0.00016443996 0.0005004763 5.5324344e-05 7.557183e-05 1.866295e-05 0.014331362 0.013474466 3.6875786e-05 4.678313e-05 9.6202064e-05 0.00011519252 6.723126e-07 0.0053995852 1.081388e-05 0.015795423 1.9592064e-06 5.285473e-07 1.0306689e-05 0.0005027884
0.55739 0.22386326 0.32380316 0.11372737 1.8716885e-18 0.600345 0.34442222 0.45526865 0.014372785 0.13902725 0.100371905 0.5043628 0.010010432 0.61707115 0.017807674 0.25204152 0.046605665 0.018267231 0.29957443 0.48113728 0.0035902695 0.54085433 0.16342287 0.32615536 0.31269804 0.009812855 0.16713198 0.14647901 0.46409598 0.20196606 0.12132175 0.1242066 0.00061801076 0.0841152 0.29398632 0.48864353 0.00016270361 0.045175754 0.052452218 0.036550667 0.05805461 0.08988299 0.30618238 0.016150514 0.0012823017 0.012319415 0.034413468 0.042690247 0.00019715697 3.5209883e-05 0.0012245077 0.013546764 0.035105057 0.001725644 0.016109342 0.00070726563 0.002990449 0.013691913 0.001270825 0.0018460603 0.0096870605 0.0014361207 0.004673206 0.00046275588 5.5984867e-05 0.024684522 0.00025417327 0.0030480071 8.635521e-05 0.00046034358 0.17906612 0.008085316 0.0046765557 0.12826598 0.0073810196 0.0019252071 0.004443022 0.00043504697 2.2798092e-06 0.00017282352 0.06562313 0.0004521957 0.0018142853 5.9804363e-05 0.0005092296 0.00038505258 0.00016013911 0.0013137552 0.0044032866 0.00030641461 0.00017175324 0.00056605245 0.00029913988 0.00043132814 4.38628e-05 0.00012194599 0.009980563 0.00065289857 0.00014875519 0.00033560407 1.7622233e-05
0.10714313 0.10358756 0.13070904 0.07500266 0.600345 7.355848e-21 0.2401725 0.23603791 0.0063154856 0.039697185 0.13325982 0.5856618 0.0037298698 0.5736706 0.0063283304 0.2351104 0.016594345 0.010870986 0.3343728 0.41294062 0.00066381897 0.32864732 0.21087897 0.2562808 0.2998877 0.0031114765 0.23246187 0.24034426 0.22666897 0.24709244 0.22186154 0.22034878 0.0002844117 0.17456609 0.25631976 0.2847214 6.0298247e-05 0.0753157 0.12292092 0.0940999 0.0923248 0.1575788 0.14694819 0.028853236 0.0008146294 0.029528497 0.054628417 0.085800394 7.400392e-05 1.5126333e-05 0.004555798 0.0203421 0.05994293 0.0017416398 0.023302566 0.001150798 0.0059983344 0.008052101 0.0013818975 0.0053905533 0.015243017 0.0013169745 0.0062256153 0.0023760542 8.523885e-05 0.03331948 9.766216e-05 0.0020857684 8.421438e-05 0.002206704 0.118128784 0.019990278 0.0064837052 0.052473526 0.010298245 0.001442817 0.0066712038 0.00034464465 9.088124e-07 0.000118503136 0.019986913 0.0025435134 0.0018908504 2.2789363e-05 0.00079014973 0.00054923416 0.00038184482 0.0016921596 0.0042334567 0.0012966965 0.00029068248 0.0014100119 0.00019881778 0.0004445224 7.0724884e-05 0.00012097842 0.012783213 0.00037146563 0.00011284281 0.0012332686 9.166557e-06
0.010653653 0.3038603 0.43851444 0.29011518 0.34442222 0.2401725 1.8629933e-23 0.21016687 0.075973846 0.22990651 0.6229831 0.2758326 0.053554222 0.15359901 0.048079986 0.4833807 0.061469983 0.081432775 0.16479853 0.0788002 0.00936038 0.03625903 0.29489622 0.059395853 0.1294948 0.0071825595 0.17738874 0.21341524 0.07308315 0.061706677 0.12390385 0.085822634 0.0032967457 0.13150294 0.037741773 0.01613805 0.0009266648 0.19478218 0.051797755 0.011034463 0.00787931 0.018069776 0.05121323 0.12481277 0.015071343 0.0011568958 0.0142718535 0.017152967 0.00083355815 7.073284e-05 0.00022946639 0.001961802 0.079451956 0.029895468 0.0041167177 0.016786214 0.0035203474 0.025612522 0.00046356706 0.0027719662 0.04862451 0.0005314154 0.0010658692 0.00071700994 0.0004813933 0.005950747 0.0017653817 0.0002468454 0.00037650572 0.00077720475 0.047573548 0.0091833705 0.00082671695 0.022133231 0.013036825 5.9259957e-05 0.0023367065 2.8323062e-05 6.159598e-05 0.0028549626 0.022498077 0.0010555513 0.00056863355 0.0004203134 0.00041003237 0.00070535066 8.516108e-05 0.0060725 0.013196563 0.000325358 0.00040737822 0.00041171786 5.512726e-05 1.444589e-05 0.0005683186 2.5977295e-05 0.01500598 4.9791168e-05 8.2711165e-05 0.0006499721 0.00014019161
0.53564143 0.4700443 0.6424298 0.3389506 0.45526865 0.23603791 0.21016687 3.6037166e-18 0.115439326 0.6355881 0.13972764 0.16378854 0.24236122 0.2123054 0.048263486 0.11245725 0.4806734 0.028026277 0.050798498 0.11697993 0.02035962 0.12179514 0.0742449 0.034843314 0.013744416 0.30120435 0.080188625 0.096987486 0.604697 0.027148567 0.06930755 0.04075162 0.004401055 0.062422536 0.021172052 0.04280449 0.0011479562 0.058432776 0.023068305 0.00064293295 0.004716672 0.012212994 0.48171127 0.0298322 0.0043965452 0.0006870432 0.0016844771 0.015068907 0.0009008672 0.00019924276 0.000109044704 0.002372506 0.019943606 0.009675357 0.006121327 0.0077394703 0.000323953 0.09768023 0.00032736023 0.0001225755 0.014741407 0.0003541413 0.0026606421 7.725919e-05 0.00035812755 0.010006377 0.0043893796 0.0004892207 0.0011146797 9.9476274e-05 0.06345989 0.003708208 0.0070542037 0.24572887 0.004935884 0.0010789674 0.0031691769 0.00053016 0.0001937885 0.0014028414 0.05898917 1.9992998e-05 0.003952987 0.0006683899 0.0006071953 0.0005670566 0.00025061215 0.0031106102 0.007978658 6.5134875e-05 0.00042653843 0.0014338415 0.00048756885 6.56421e-05 0.0015600424 0.00010383786 0.022323284 0.00065731216 7.3410533e-06 3.0381922e-05 0.00056767726
0.025681285 0.39710778 0.42713544 0.6079765 0.014372785 0.0063154856 0.075973846 0.115439326 6.7043716e-22 0.39254993 0.18452013 0.0054666474 0.7965836 0.004816767 0.54530317 0.0266614 0.11557267 0.33913547 0.0026295434 0.0016864083 0.6469294 0.0020390484 0.010997362 0.0018090977 0.00025999593 0.09151394 0.005784438 0.006976283 0.007747649 0.0014267144 0.002964083 0.0019064512 0.24180818 0.0036005988 0.0012295548 0.00039960817 0.14746551 0.013807509 0.001266525 3.7305417e-05 7.203615e-05 0.00012965025 0.011747339 0.027601507 0.040795315 1.3881723e-05 0.00037268578 0.00019696807 0.012069608 0.010046321 6.1052465e-06 8.702205e-05 0.006246165 0.01106576 2.8729739e-05 0.002898013 0.00018024785 0.1258185 8.244753e-06 0.00012259185 0.0020306564 1.0741705e-05 1.4092921e-05 3.0039704e-05 0.015351864 0.00024760055 0.036792986 2.0368288e-06 0.013212473 2.557302e-05 0.006189205 0.0014307476 2.9607e-05 0.0039147376 0.00031031435 1.6416762e-06 0.00044029066 1.9041823e-07 0.0028741017 0.00010315248 0.010846897 7.1861828e-06 4.160811e-05 0.0024466086 1.9863686e-05 5.0835857e-05 1.7831736e-06 0.024921915 0.011350767 2.5324148e-06 9.0970214e-05 4.557251e-06 1.150934e-05 2.0427005e-07 0.00831835 6.965885e-06 0.008629467 1.2269279e-06 4.4897472e-08 1.6823601e-06 0.0019351535
0.7346608 0.57607985 0.78903115 0.5015412 0.13902725 0.039697185 0.22990651 0.6355881 0.39254993 2.3935125e-20 0.21579802 0.026396045 0.6631623 0.029095206 0.24285178 0.07723176 0.67199117 0.055681854 0.010724603 0.011466794 0.24134126 0.013986271 0.052511204 0.0075392295 0.0028032814 0.53246635 0.040949017 0.04285056 0.29730994 0.009889454 0.0302454 0.022670085 0.03769243 0.02595522 0.004497503 0.007929295 0.025633093 0.028241307 0.009682884 0.00020574391 0.0012976305 0.003113924 0.3656184 0.01977642 0.0037777068 0.00018197227 0.00062862755 0.0057815867 0.0011299832 0.00086742616 3.550984e-05 0.0011202127 0.008352504 0.0025958081 0.0009061928 0.0008300314 0.0001899629 0.35388407 7.365686e-05 0.00011434219 0.004643436 8.632598e-05 0.0002662928 2.8435974e-05 0.0014563219 0.003973505 0.014919592 3.1853982e-05 0.0018267736 4.0625622e-05 0.041818187 0.0012956742 0.0005004474 0.15604909 0.0010320966 3.8367652e-05 0.00048572914 6.181563e-06 0.0002647209 9.976842e-05 0.031837553 8.971068e-06 0.0001280595 0.00060332764 4.0000163e-05 7.825515e-05 1.5434915e-05 0.029954951 0.021359904 6.9769276e-06 8.5627726e-05 5.5571076e-05 2.8286917e-05 2.713466e-06 0.0012804583 1.7434926e-05 0.030223407 1.3702983e-05 3.2081257e-07 9.225904e-06 0.0007024138
0.0037206411 0.46070343 0.53773576 0.518262 0.100371905 0.13325982 0.6229831 0.13972764 0.18452013 0.21579802 5.8492514e-26 0.13874947 0.07801081 0.04270043 0.27926937 0.461457 0.05194219 0.5511723 0.07658403 0.018175028 0.07591004 0.013048242 0.24440077 0.014092391 0.020031236 0.012297746 0.11581375 0.15943214 0.028394151 0.037525684 0.051862203 0.029929549 0.013353159 0.057664175 0.012082057 0.0072890506 0.0034153452 0.29559767 0.014817335 0.0044933036 0.0041708527 0.0061756894 0.016823772 0.26912472 0.14900053 0.0007747209 0.006957102 0.0040867794 0.008352898 0.0010918248 0.00046282096 0.0012849563 0.022647692 0.045306694 0.0011185852 0.021998253 0.0020243009 0.01701823 0.0002876844 0.0017066557 0.020321567 0.00033852796 0.0003719318 0.001134155 0.0022970263 0.0016732184 0.008365027 0.00010351533 0.0035111937 0.0009097517 0.020915784 0.002571001 0.00024048283 0.0068971803 0.0036590304 1.012178e-05 0.0006796109 6.156418e-06 0.0022461193 0.0022071325 0.029821496 0.0010523199 0.00010721426 0.0015694421 8.935894e-05 5.6212994e-05 1.4109408e-05 0.0086713545 0.014414975 0.00020371727 3.904082e-05 2.458231e-05 2.9934323e-05 1.1270004e-05 0.0037579369 6.6383727e-06 0.010413895 2.023522e-06 2.9903764e-05 6.279061e-05 0.00093980454
0.032969847 0.07877128 0.11059037 0.08155421 0.5043628 0.5856618 0.2758326 0.16378854 0.0054666474 0.026396045 0.13874947 1.4025927e-21 0.004133928 0.47804892 0.0054940498 0.332792 0.0127361985 0.017445639 0.5099084 0.29239142 0.0010945804 0.19125432 0.28379962 0.21890937 0.36826134 0.0017276612 0.33602402 0.34706783 0.12659721 0.3621796 0.36539862 0.37838614 0.00016429136 0.2919581 0.1970017 0.18448201 2.8834098e-05 0.15342335 0.26562232 0.124978386 0.09289383 0.18155278 0.08221513 0.046379164 0.0016220598 0.04178804 0.061062694 0.17249487 5.771169e-05 8.343269e-06 0.006029837 0.033120327 0.14269024 0.00546975 0.054782636 0.0021279454 0.009903796 0.0068860077 0.0035472133 0.007190084 0.051904935 0.0034410192 0.015483046 0.0020208166 1.3512196e-05 0.055960704 2.90839e-05 0.005516579 2.0691323e-05 0.002756337 0.038374003 0.046428166 0.021805044 0.017517487 0.04912105 0.002136507 0.0151864495 0.0008328653 5.2583584e-07 0.00065348845 0.006316102 0.004744044 0.007582207 2.3472092e-05 0.0026390066 0.0015492984 0.00071226823 0.0014202878 0.0034715799 0.0017649019 0.00045584314 0.0030764586 0.00019120357 0.00035442747 4.3735447e-05 0.0002292061 0.0091921855 0.0010045976 0.00032757196 0.0022939318 1.2121336e-05
0.124930516 0.37432438 0.45401648 0.49250197 0.010010432 0.0037298698 0.053554222 0.24236122 0.7965836 0.6631623 0.07801081 0.004133928 1.9628645e-21 0.0016069561 0.38880324 0.014052934 0.48002392 0.056624673 0.0014214246 0.0007010165 0.536332 0.0012281578 0.008706905 0.00048994087 0.00012968844 0.49007526 0.007187078 0.007250044 0.014166043 0.001239216 0.0048447265 0.003873034 0.1847458 0.004386703 0.00044094384 0.0003061097 0.24351583 0.006639557 0.0016227027 1.8583629e-05 0.00024136489 0.00042670325 0.045817778 0.009037452 0.0026108983 1.3692807e-05 5.233265e-05 0.00028705216 0.0022654487 0.0037098827 1.5388975e-06 9.7088814e-05 0.0025550202 0.0020584923 3.621e-05 0.00031872047 1.1476195e-05 0.68266326 2.00026e-06 1.3208228e-05 0.0009793689 3.4038744e-06 1.927483e-05 2.2049117e-06 0.008180776 0.00017705747 0.07381034 2.0877435e-06 0.013473053 3.157444e-06 0.006387566 0.00012466355 1.5175403e-05 0.016712751 9.889973e-05 1.0085314e-06 1.7814866e-05 9.43216e-08 0.003903057 2.1925996e-05 0.011512348 9.639373e-07 1.5375597e-06 0.0014670177 1.8020625e-06 2.1185659e-05 4.1108302e-07 0.048755296 0.022450628 1.5234731e-06 0.00010176034 1.3902622e-06 3.7527736e-06 5.3218923e-08 0.0067845886 8.5588783e-07 0.013110517 1.079155e-06 2.3531358e-08 2.7551764e-07 0.0014678817
0.4165017 0.099308945 0.21495968 0.054949027 0.61707115 0.5736706 0.15359901 0.2123054 0.004816767 0.029095206 0.04270043 0.47804892 0.0016069561 1.962321e-18 0.0059607634 0.15753889 0.01834017 0.0074560265 0.35667768 0.7342618 0.0006894004 0.7073247 0.12988164 0.5091908 0.4383867 0.002395166 0.1702588 0.1324961 0.22968854 0.2878838 0.13160804 0.16373155 0.00016722828 0.09259574 0.34719557 0.5182548 3.7064772e-05 0.027655862 0.06907774 0.16043217 0.2753994 0.28619093 0.07576288 0.02067129 0.0008541124 0.11030122 0.05571089 0.13237713 0.00014538664 5.8437046e-05 0.023042353 0.07938639 0.05245437 0.0018191962 0.06674087 0.00087123364 0.0058154985 0.0018476463 0.008828815 0.0069634872 0.014909493 0.007009698 0.01854164 0.0050978255 7.846125e-05 0.07484934 7.877611e-06 0.012841937 0.00023058847 0.0049725994 0.22054207 0.046650477 0.018675147 0.04880058 0.020501278 0.008795306 0.025788916 0.0029447647 5.1344796e-06 0.00036623867 0.095940456 0.0025262446 0.011992539 6.606464e-05 0.005330615 0.0025697702 0.0031772566 0.00022401103 0.0013472656 0.0026751102 0.000616719 0.0030260948 0.0022690897 0.003365253 3.3259865e-05 0.000597469 0.0026600738 0.00190104 0.00096795603 0.0017126551 4.7913894e-05
0.003307806 0.16053888 0.2657993 0.27274743 0.017807674 0.0063283304 0.048079986 0.048263486 0.54530317 0.24285178 0.27926937 0.0054940498 0.38880324 0.0059607634 4.036447e-26 0.021817328 0.044153806 0.74228483 0.002325106 0.0023728113 0.6804688 0.0031019896 0.010188784 0.0016543693 0.0018353774 0.02267863 0.003100159 0.003354665 0.0049261004 0.0020230399 0.0007735179 0.0006121788 0.25073338 0.00040768 0.0013081154 0.00066415936 0.09300063 0.004965534 0.0003408229 0.00036938352 0.00019905188 0.00026643812 0.0052660825 0.019037647 0.05578182 8.6473054e-05 0.0014992168 0.00017243173 0.017555207 0.0053397967 9.4329385e-05 0.00023229905 0.00022543602 0.0015532359 7.497107e-05 0.0002455711 0.00028854277 0.023831056 1.906774e-05 7.745853e-05 0.00011949442 2.866433e-05 2.5552516e-05 3.5119036e-05 0.006119281 7.9856916e-05 0.010542718 3.9247952e-06 0.0055439216 2.446297e-05 0.005689596 8.0794845e-05 4.8654856e-06 0.0015132084 4.923179e-05 8.466371e-07 4.2247325e-06 1.3057682e-07 0.0012350801 5.8531496e-06 0.013817672 6.2320782e-06 1.4014254e-06 0.0013469328 1.6170893e-06 3.0802692e-06 3.845245e-07 0.0065846127 0.0048657036 2.3350085e-06 8.9960595e-06 1.6721646e-06 4.066186e-07 1.3007582e-07 0.0043694265 3.8691587e-07 0.0077769966 4.164441e-08 1.3243759e-07 1.7830324e-06 0.0007502753
0.0054006716 0.2065561 0.2577417 0.16919577 0.25204152 0.2351104 0.4833807 0.11245725 0.0266614 0.07723176 0.461457 0.332792 0.014052934 0.15753889 0.021817328 2.6525584e-23 0.025301421 0.05782029 0.3467638 0.07298281 0.004395064 0.027472585 0.5121249 0.05676624 0.11866564 0.003062389 0.3587078 0.42204586 0.039904904 0.20298097 0.30187544 0.2994845 0.0020152968 0.31151178 0.039309528 0.010170305 0.0004604195 0.3871388 0.20498914 0.019964477 0.0204452 0.05432054 0.020953894 0.18764356 0.01312103 0.0028616015 0.019438526 0.05300403 0.00051383255 4.1234263e-05 0.0003496824 0.0074240756 0.19213608 0.05094678 0.014704585 0.03314774 0.005084076 0.006125695 0.00082570524 0.0035672386 0.123695634 0.0010398775 0.0039235977 0.0010048386 0.00011873798 0.01876781 7.496449e-05 0.0009687729 8.726213e-05 0.00088855915 0.021409828 0.019741258 0.0038879164 0.0076973187 0.032049946 0.00016258929 0.0055112964 0.00010313124 1.1923562e-05 0.007292075 0.01572476 0.0017852122 0.0018005811 0.00017838182 0.000997688 0.0020379247 0.00012129889 0.0016291408 0.0052191876 0.00049534184 0.000990176 0.0008628849 0.00011165364 8.04563e-05 0.00010998467 9.318189e-05 0.007746788 0.00022852489 0.00038217288 0.0014504802 2.1278336e-05
0.7963491 0.21855111 0.284458 0.19447772 0.046605665 0.016594345 0.061469983 0.4806734 0.11557267 0.67199117 0.05194219 0.0127361985 0.48002392 0.01834017 0.044153806 0.025301421 3.2626063e-21 0.012848442 0.0054840697 0.0039704386 0.053114675 0.012348161 0.01442915 0.0025136902 0.0011098031 0.7727608 0.015530641 0.017309804 0.41011262 0.0031564466 0.011426779 0.007933622 0.015090423 0.0103562595 0.0013887596 0.003703843 0.011933408 0.009837174 0.0048869867 0.00012370414 0.0008139026 0.0020877437 0.5154492 0.006031122 0.0008261045 0.00010715303 6.195347e-05 0.0025819547 0.0002503291 0.00031640547 1.0150828e-05 0.0006238866 0.004633399 0.00063289306 0.00092404295 0.00017978842 2.327897e-05 0.47367597 1.3681869e-05 8.315442e-06 0.0015121956 1.206859e-05 0.00013443065 3.7870798e-06 0.0010275254 0.0016133102 0.017053388 6.290314e-06 0.001186352 5.9745043e-06 0.023360362 0.00058484665 0.00065280206 0.20448616 0.0017851773 1.4732903e-05 0.0011713252 2.0368757e-06 0.0001267363 9.384351e-05 0.02282429 4.196273e-07 0.0006202929 0.000758272 0.00019270135 0.00016175104 4.2200434e-05 0.013907823 0.014498214 4.0483215e-07 5.8964048e-05 6.613587e-05 7.922556e-05 6.146618e-07 0.00090452377 3.9020873e-05 0.035893448 4.03446e-06 8.824617e-08 1.4297538e-07 0.00047017974
0.00059063896 0.10048221 0.11319266 0.22541471 0.018267231 0.010870986 0.081432775 0.028026277 0.33913547 0.055681854 0.5511723 0.017445639 0.056624673 0.0074560265 0.74228483 0.05782029 0.012848442 4.617531e-25 0.0132736135 0.0045725126 0.45563328 0.0042474023 0.03730875 0.003994436 0.0038556575 0.005514414 0.0123963505 0.013608717 0.0048257257 0.004452791 0.0029053655 0.0014425585 0.22131869 0.0022837895 0.002544785 0.0027802726 0.014830397 0.018183993 0.0003519301 0.0014933606 0.0011928112 0.0010441381 0.0023124416 0.069174595 0.33083582 0.0010840216 0.0047472916 0.00024768888 0.104829736 0.021681463 0.00071051373 0.00072340196 0.0015329347 0.017922642 0.00013059695 0.0056330226 0.0007440154 0.0057542427 0.00015699877 0.000437887 0.00065619196 0.00019912765 8.036037e-05 0.0005337666 0.002375917 0.00017494094 0.002212304 2.53541e-05 0.0021183046 0.0005355161 0.0022085872 0.0002310441 1.6161852e-05 0.00016875601 0.00019604793 8.323551e-06 4.9200105e-05 1.5008941e-06 0.00089436106 0.00014044305 0.014770255 0.00013506728 8.880346e-06 0.0020245074 1.2800559e-05 9.288771e-06 5.482811e-06 0.0031639978 0.0028549912 0.00011173309 9.771148e-06 1.283459e-05 2.4277006e-06 7.849983e-06 0.0020525556 1.1718743e-06 0.007292273 1.0531871e-07 1.4077326e-05 5.9669852e-05 0.00072418124
0.0071101915 0.02974827 0.04932591 0.024582403 0.29957443 0.3343728 0.16479853 0.050798498 0.0026295434 0.010724603 0.07658403 0.5099084 0.0014214246 0.35667768 0.002325106 0.3467638 0.0054840697 0.0132736135 2.868343e-21 0.22425784 0.000568662 0.13720551 0.29886052 0.14710137 0.26294756 0.0015512981 0.33271065 0.3356399 0.064017884 0.4182178 0.37027073 0.4514329 0.00016114826 0.31912878 0.11226641 0.057080872 1.5517331e-05 0.14787228 0.35896966 0.08409678 0.076826215 0.1579681 0.03020804 0.049671944 0.0019527497 0.025989292 0.04483236 0.16202559 0.00011589066 1.6215732e-05 0.0042058327 0.028763149 0.13786994 0.013099231 0.05085362 0.0075791897 0.010226844 0.0026942152 0.002533235 0.005217667 0.053367633 0.0026403258 0.01812167 0.0021837403 1.4918744e-05 0.06320943 1.987337e-05 0.006090572 5.7911828e-05 0.0024397932 0.019309122 0.057035364 0.022546375 0.0063677174 0.05889646 0.0025566851 0.020987889 0.0013654621 2.0486011e-06 0.0016814646 0.006136539 0.0040462683 0.010557558 2.0982598e-05 0.0045652185 0.002691693 0.0008452343 0.0007381413 0.0028405238 0.0020162934 0.0005654439 0.004273852 0.001573135 0.001024165 5.5789635e-05 0.00024527925 0.008789315 0.0018340371 0.00083530415 0.005420362 4.316773e-06
0.6877174 0.045469698 0.07369887 0.019487532 0.48113728 0.41294062 0.0788002 0.11697993 0.0016864083 0.011466794 0.018175028 0.29239142 0.0007010165 0.7342618 0.0023728113 0.07298281 0.0039704386 0.0045725126 0.22425784 1.3822575e-17 0.00048078492 0.69113076 0.0691675 0.77154154 0.53016514 0.00054858846 0.086632766 0.067355715 0.13464995 0.20021506 0.06968575 0.094521835 0.00019784708 0.052417792 0.68160486 0.6700608 2.5308997e-05 0.020370532 0.03841504 0.22201951 0.2275613 0.20482674 0.033371348 0.009701589 0.00050978694 0.15873025 0.13251887 0.092370704 0.00013046077 3.1688603e-05 0.035206467 0.08184052 0.03062553 0.0008249453 0.06307778 0.00051822345 0.008700194 0.0006985013 0.009971287 0.01019015 0.01230357 0.008228367 0.020042235 0.005196448 7.510295e-05 0.056309965 5.3371205e-06 0.01145984 9.663424e-05 0.004661855 0.196018 0.025776178 0.01661753 0.041557405 0.014076165 0.0058214557 0.015396362 0.0038152847 2.00535e-06 0.0004114847 0.09775064 0.0030791946 0.013407485 0.00010566748 0.0039548143 0.001842813 0.0024983066 7.8787045e-05 0.00060734205 0.0026805918 0.0005090859 0.0032832103 0.0015474356 0.004368039 4.58579e-06 0.0007760404 0.0010723262 0.0014496389 0.0018301199 0.0017934202 1.657051e-05
0.0011183617 0.13263564 0.23033156 0.21543923 0.0035902695 0.00066381897 0.00936038 0.02035962 0.6469294 0.24134126 0.07591004 0.0010945804 0.536332 0.0006894004 0.6804688 0.004395064 0.053114675 0.45563328 0.000568662 0.00048078492 1.2532129e-25 0.00094397337 0.0032534127 0.0005990431 0.00010008137 0.049100585 0.0008680091 0.0009248231 0.0021785267 0.0006637978 0.00017291353 0.00012541313 0.6164354 0.00014284476 0.0005883071 0.00011347878 0.40522915 0.0007363677 4.4306005e-05 2.361446e-05 0.00015708488 0.00013275126 0.0032828345 0.0058595147 0.043303356 3.3472777e-05 0.00046780502 4.907906e-05 0.03384277 0.037554756 9.91594e-06 8.212207e-05 5.48567e-05 0.0007450215 1.787339e-05 6.79214e-05 8.1507154e-05 0.07282127 4.276371e-06 2.0315454e-05 1.7595868e-05 4.6866567e-06 5.1528655e-06 6.7594196e-06 0.036262155 9.7175935e-06 0.049483087 4.299334e-07 0.03768388 3.889787e-06 0.0038022033 1.5013887e-05 1.2824465e-06 0.00045947448 1.0835115e-05 1.2398695e-07 3.3809707e-07 1.729856e-08 0.0044108853 2.2458344e-06 0.0077571822 1.3426e-06 1.7341615e-07 0.007253038 2.3611038e-07 8.4153436e-07 2.2137873e-07 0.013168779 0.004747993 9.994773e-07 2.3277737e-06 6.5654365e-07 9.850809e-08 3.376168e-08 0.0064689377 1.3746399e-07 0.0071026073 9.468025e-09 2.7835291e-08 4.2278015e-07 0.0016407812
0.8419202 0.031578112 0.055890836 0.012574045 0.54085433 0.32864732 0.03625903 0.12179514 0.0020390484 0.013986271 0.013048242 0.19125432 0.0012281578 0.7073247 0.0031019896 0.027472585 0.012348161 0.0042474023 0.13720551 0.69113076 0.00094397337 4.092124e-17 0.023931386 0.5764547 0.1866548 0.0036100058 0.03452363 0.031276677 0.33180612 0.09193417 0.03126216 0.030187955 0.00025611377 0.024761397 0.44203123 0.77421874 0.00013904904 0.013882201 0.017234541 0.05284188 0.0734993 0.057382505 0.14927334 0.011743967 0.00050598884 0.03568137 0.021809017 0.02797387 0.00034783085 0.00011055117 0.0056658117 0.019220138 0.011437475 0.0008441339 0.01453235 0.00083413674 0.0013896498 0.0019135142 0.0019133006 0.001179519 0.010495517 0.0014245453 0.005292419 0.00085029664 0.00017236875 0.017859258 7.6607306e-05 0.0015974041 0.00027933234 0.0011475704 0.43805358 0.0045883385 0.0033526307 0.22072549 0.0048088264 0.0012552777 0.005640441 0.00054326735 8.757648e-06 0.0006025833 0.24564636 0.00058099715 0.006070387 0.0001290719 0.0036644537 0.0031321337 0.00042084965 0.0006969483 0.0022066988 0.00028003383 0.0014262656 0.0031801395 0.0018307144 0.00053546665 4.08112e-05 0.001398681 0.005539179 0.0025698047 0.00010219067 0.000136367 4.368338e-05
0.0024293775 0.10654685 0.1521648 0.07895782 0.16342287 0.21087897 0.29489622 0.0742449 0.010997362 0.052511204 0.24440077 0.28379962 0.008706905 0.12988164 0.010188784 0.5121249 0.01442915 0.03730875 0.29886052 0.0691675 0.0032534127 0.023931386 2.139398e-23 0.054482725 0.12348637 0.0028420442 0.45702666 0.51765215 0.02456161 0.26857674 0.40022463 0.37597945 0.00072462036 0.38488492 0.04147962 0.01376117 0.00036284057 0.49360418 0.3092591 0.033007223 0.03697275 0.07303033 0.00841122 0.2281011 0.013753043 0.00860842 0.024432119 0.06839144 0.00049097853 2.8578354e-05 0.001307412 0.013842191 0.25998738 0.05099354 0.020100344 0.033894148 0.009149086 0.003882386 0.0019816689 0.005942467 0.20668343 0.0018889507 0.005265648 0.0025287538 5.174496e-05 0.020401366 0.00010567967 0.0017274239 6.0989307e-05 0.0014456931 0.012492801 0.035081126 0.004664067 0.0026351977 0.06381223 0.00046374372 0.009286031 0.00016922744 1.0396603e-05 0.017035475 0.011404441 0.0034613002 0.00342639 0.00013466713 0.002732702 0.0058774655 0.00018898281 0.00079980347 0.0043100924 0.00078402046 0.0015226664 0.00080136716 0.00022191745 0.00017274574 0.0001286192 0.0005987356 0.0070129475 0.0005170885 0.0005980562 0.0019180591 9.982471e-06
0.69543934 0.023594042 0.027818462 0.009676612 0.32615536 0.2562808 0.059395853 0.034843314 0.0018090977 0.0075392295 0.014092391 0.21890937 0.00048994087 0.5091908 0.0016543693 0.05676624 0.0025136902 0.003994436 0.14710137 0.77154154 0.0005990431 0.5764547 0.054482725 6.5376246e-17 0.5389541 0.0004282446 0.052431714 0.039300296 0.035464395 0.12710884 0.041470822 0.058328886 0.00012487953 0.029056786 0.7469805 0.65820754 2.3346069e-05 0.014672277 0.02618754 0.21008787 0.17686214 0.13566944 0.014649725 0.007994993 0.0003568729 0.11604844 0.18819837 0.085494205 9.930186e-05 2.6020192e-05 0.042305324 0.08182564 0.019593332 0.00018739646 0.058555696 9.57795e-05 0.008196328 0.00055479706 0.011354417 0.009638166 0.007655929 0.008710351 0.022504875 0.0046223896 2.5964566e-05 0.048361182 8.7982284e-07 0.010615104 1.959783e-05 0.0040328465 0.14249927 0.027258042 0.01281886 0.032402888 0.013771107 0.0052423887 0.012193121 0.0025229594 4.9454695e-07 6.678884e-05 0.07938141 0.0035111147 0.008651357 0.00010033222 0.0013101154 0.00048636112 0.0010000218 2.6807555e-05 0.0002240982 0.003096696 0.00018323954 0.0016751991 0.00069843105 0.0035154223 7.39144e-07 9.336788e-05 0.000882911 0.00052433985 0.0023454963 0.003210965 3.9741503e-06
0.31018674 0.016942348 0.033579472 0.007794981 0.31269804 0.2998877 0.1294948 0.013744416 0.00025999593 0.0028032814 0.020031236 0.36826134 0.00012968844 0.4383867 0.0018353774 0.11866564 0.0011098031 0.0038556575 0.26294756 0.53016514 0.00010008137 0.1866548 0.12348637 0.5389541 2.0771595e-18 0.00010640457 0.21774855 0.1887782 0.04479253 0.3259474 0.20152046 0.23567837 5.254248e-05 0.13491283 0.558476 0.42412817 2.5356e-06 0.031826768 0.11346031 0.5723366 0.38263038 0.42670882 0.00894248 0.0064240703 0.00022887824 0.2914726 0.43354183 0.3389728 3.5182256e-05 1.1184539e-05 0.14299601 0.28024986 0.053086273 0.00031924216 0.24751027 0.00019854266 0.023709698 0.00023946556 0.04318553 0.030526668 0.008113189 0.037097882 0.10289324 0.01909899 8.370844e-06 0.22993365 3.6334004e-07 0.03635245 2.0957027e-06 0.008643163 0.13510251 0.10870014 0.08620625 0.02455196 0.018887987 0.024175758 0.041110877 0.010850726 3.7099902e-08 4.9998016e-05 0.04939237 0.018610248 0.016062781 5.152118e-06 0.0059350478 0.0007975162 0.0056365426 1.2313946e-05 0.00012328182 0.010697748 0.00027151208 0.0056597036 0.0018368745 0.0036214315 4.93342e-07 0.000111341324 0.00026370215 0.0017152564 0.004362955 0.007395922 3.2366964e-07
0.24922457 0.14796023 0.18215816 0.13356759 0.009812855 0.0031114765 0.0071825595 0.30120435 0.09151394 0.53246635 0.012297746 0.0017276612 0.49007526 0.002395166 0.02267863 0.003062389 0.7727608 0.005514414 0.0015512981 0.00054858846 0.049100585 0.0036100058 0.0028420442 0.0004282446 0.00010640457 3.325785e-23 0.0035187127 0.0046871933 0.14247206 0.0012294803 0.0028019932 0.0026027327 0.0133056855 0.00400202 0.00018084877 0.00048242393 0.021666115 0.003908905 0.0019062022 1.4922841e-05 0.00013919937 0.00046226408 0.38441837 0.0025379297 0.00050011347 5.6111303e-06 2.1999292e-06 0.00036317675 0.00016062 0.0002641444 1.438649e-06 6.3740634e-05 0.000984578 0.00045827276 3.6123183e-05 0.00026716452 1.0889547e-06 0.83424205 2.1712679e-06 5.2197817e-07 0.0004889318 2.1471858e-06 6.0725724e-06 1.6000759e-07 0.0014063042 0.00016377325 0.040534873 2.4418634e-07 0.0028449933 1.9570075e-07 0.012106152 8.140291e-05 3.3879907e-05 0.15292977 0.00025184988 6.4268306e-07 5.3165688e-05 7.725148e-08 0.0003121933 1.30569615e-05 0.009444731 3.1600287e-08 5.946563e-05 0.0015536115 1.0753759e-05 2.224063e-05 5.910987e-07 0.032562617 0.018820848 6.004269e-08 3.6667065e-05 1.3894108e-05 1.6457701e-05 4.6582076e-09 0.0017882598 7.6022557e-06 0.050593637 4.2002367e-07 5.35247e-09 4.1536588e-09 0.0007795694
0.00086141814 0.056411378 0.103101574 0.03579415 0.16713198 0.23246187 0.17738874 0.080188625 0.005784438 0.040949017 0.11581375 0.33602402 0.007187078 0.1702588 0.003100159 0.3587078 0.015530641 0.0123963505 0.33271065 0.086632766 0.0008680091 0.03452363 0.45702666 0.052431714 0.21774855 0.0035187127 1.748858e-24 0.59667593 0.03312412 0.34436604 0.5123109 0.50692266 0.00017443084 0.4560134 0.038208444 0.021440616 0.00016645182 0.460831 0.43225518 0.06467049 0.07997679 0.12119437 0.0075988467 0.16462408 0.004471594 0.035132132 0.027152238 0.17129013 0.000103234765 1.0461869e-05 0.0056551774 0.0335775 0.3259406 0.021050997 0.032443624 0.015543672 0.012783102 0.0040114047 0.0064857183 0.007517346 0.2135949 0.005341775 0.011639193 0.0048263753 5.443655e-05 0.042679828 0.00014035708 0.0033471102 6.528095e-05 0.0042569297 0.012631501 0.08741808 0.010438072 0.0020389815 0.13376318 0.00081824063 0.018262139 0.000304868 1.0510671e-05 0.022007229 0.009128975 0.0052393926 0.007200806 4.7714446e-05 0.008272966 0.011048856 0.00018791815 0.00085164217 0.0048550013 0.0013268386 0.0017562642 0.0006771564 0.00013730057 0.00055758975 0.00011504759 0.0010404752 0.009911908 0.00029514264 0.0008060303 0.002033034 3.551222e-06
0.0004974492 0.062287245 0.11351927 0.03950871 0.14647901 0.24034426 0.21341524 0.096987486 0.006976283 0.04285056 0.15943214 0.34706783 0.007250044 0.1324961 0.003354665 0.42204586 0.017309804 0.013608717 0.3356399 0.067355715 0.0009248231 0.031276677 0.51765215 0.039300296 0.1887782 0.0046871933 0.59667593 5.441965e-25 0.032710735 0.35544595 0.5648754 0.5178178 0.00019260067 0.51836675 0.031351842 0.01804755 0.00018151522 0.5306289 0.4507482 0.051150177 0.08407877 0.1274692 0.0076671154 0.22458485 0.004740392 0.031933036 0.0269807 0.14358766 8.297749e-05 1.4531088e-05 0.0046501216 0.031121714 0.3604672 0.027606973 0.030092366 0.019057956 0.014451989 0.003936324 0.0055715493 0.008333874 0.24393381 0.004630027 0.010687903 0.0064461026 4.968563e-05 0.03573406 0.0001954433 0.00266804 5.8107227e-05 0.00540707 0.013990599 0.07553565 0.005852065 0.0014959805 0.10554168 0.0006289244 0.012856305 0.0002145843 8.485185e-06 0.027091313 0.010396812 0.005427627 0.0047033536 4.0908148e-05 0.005211831 0.009086054 8.658562e-05 0.0007101885 0.004759476 0.001346742 0.0014218944 0.00031094416 3.9373077e-05 0.00041371165 8.264643e-05 0.0007703347 0.009934791 8.505021e-05 0.0009154628 0.0012245153 3.897027e-06
0.5767141 0.16801023 0.35902962 0.05978003 0.46409598 0.22666897 0.07308315 0.604697 0.007747649 0.29730994 0.028394151 0.12659721 0.014166043 0.22968854 0.0049261004 0.039904904 0.41011262 0.0048257257 0.064017884 0.13464995 0.0021785267 0.33180612 0.02456161 0.035464395 0.04479253 0.14247206 0.03312412 0.032710735 2.7294789e-18 0.042805642 0.027440628 0.022702893 0.0005103047 0.025400683 0.02385798 0.096851684 0.0002667508 0.016451597 0.011139549 0.008652067 0.020404264 0.027027076 0.8300979 0.012897899 0.0012683533 0.004807545 0.0008512122 0.014228943 0.00015290391 2.2776414e-05 0.00087062805 0.0048250905 0.0064019584 0.0020523625 0.0085835075 0.0010928791 9.3707844e-05 0.014771996 0.00023758638 5.2359108e-05 0.009727404 0.00017136957 0.0021183612 5.747984e-05 9.7636825e-05 0.009395585 0.0007484127 0.00013000521 0.0003716829 6.0401617e-05 0.124959975 0.002313355 0.002093314 0.7264413 0.0032189747 0.00036351063 0.0026780048 6.6440385e-05 1.48598165e-05 0.0006924105 0.10567412 5.8555556e-06 0.0036236066 0.00015632049 0.00049586815 0.0005958476 0.00040265845 0.0016373696 0.0024582373 6.326103e-06 0.00061111955 0.0014507127 0.0018283004 1.5617677e-05 0.00015153529 0.0009752697 0.005807434 0.00038365746 8.193095e-07 3.3399451e-06 0.00012853165
0.0031518743 0.007176585 0.015579179 0.008911112 0.20196606 0.24709244 0.061706677 0.027148567 0.0014267144 0.009889454 0.037525684 0.3621796 0.001239216 0.2878838 0.0020230399 0.20298097 0.0031564466 0.004452791 0.4182178 0.20021506 0.0006637978 0.09193417 0.26857674 0.12710884 0.3259474 0.0012294803 0.34436604 0.35544595 0.042805642 1.7738027e-19 0.40929753 0.5337047 0.00015095502 0.35289016 0.09852257 0.05063534 3.6149304e-05 0.12015869 0.45812184 0.18771183 0.21319525 0.30719405 0.0063892053 0.03873045 0.0010041283 0.12965448 0.047209606 0.365401 9.180497e-05 1.1214926e-05 0.02908804 0.11915881 0.17502771 0.0063094893 0.1341954 0.0038268806 0.017091846 0.0010482473 0.014232771 0.009056292 0.05256395 0.01258478 0.055671055 0.010448654 8.8488174e-05 0.20203657 2.7916627e-05 0.020729667 8.6520326e-05 0.007702998 0.017338393 0.14840971 0.062038656 0.003487087 0.12793778 0.007981111 0.0714232 0.004942561 1.9076733e-06 0.002016007 0.008304419 0.006676605 0.04114093 1.0550742e-05 0.019472193 0.010005948 0.004250352 0.00053796655 0.0011826243 0.0036318004 0.00163417 0.0068133613 0.0032834013 0.0034889616 5.9692393e-05 0.0013666338 0.0044305446 0.0020167406 0.0019101175 0.0063228435 8.1465413e-07
0.00023610915 0.029540762 0.06723997 0.021280754 0.12132175 0.22186154 0.12390385 0.06930755 0.002964083 0.0302454 0.051862203 0.36539862 0.0048447265 0.13160804 0.0007735179 0.30187544 0.011426779 0.0029053655 0.37027073 0.06968575 0.00017291353 0.03126216 0.40022463 0.041470822 0.20152046 0.0028019932 0.5123109 0.5648754 0.027440628 0.40929753 3.831192e-26 0.58710027 3.531174e-05 0.5432168 0.030003991 0.019073172 6.3056454e-05 0.39975956 0.50004315 0.064117506 0.10283692 0.15944166 0.0061818054 0.1088132 0.0011652614 0.05042174 0.023418209 0.19879322 1.35806e-05 4.7550616e-06 0.008970022 0.036673557 0.35011244 0.010675627 0.031055508 0.009470961 0.011188621 0.003301739 0.0061091236 0.0068173977 0.17706607 0.004783129 0.011485854 0.0064472216 1.180181e-05 0.049350765 5.8483936e-05 0.0026489038 2.4497474e-05 0.0054935575 0.011092064 0.08264797 0.0072316197 0.0015958388 0.11465406 0.0005199888 0.017780345 0.0001396115 1.460531e-06 0.012639772 0.0063703684 0.004793634 0.006434819 1.2888559e-05 0.008669738 0.011204071 6.220135e-05 0.0004374763 0.0033993365 0.0018719385 0.0011429199 0.00021109718 3.8208702e-05 0.000379545 3.1780128e-05 0.000763168 0.008841601 5.4186174e-05 0.0010468622 0.0018735083 1.2838917e-06
0.0004834443 0.016091662 0.032265637 0.011652575 0.1242066 0.22034878 0.085822634 0.04075162 0.0019064512 0.022670085 0.029929549 0.37838614 0.003873034 0.16373155 0.0006121788 0.2994845 0.007933622 0.0014425585 0.4514329 0.094521835 0.00012541313 0.030187955 0.37597945 0.058328886 0.23567837 0.0026027327 0.50692266 0.5178178 0.022702893 0.5337047 0.58710027 3.2876889e-24 7.7018405e-05 0.49765268 0.03983454 0.022075357 3.3819993e-05 0.25719526 0.5949146 0.091230325 0.17653953 0.2566926 0.004810207 0.038749006 0.00022434005 0.086013556 0.025791038 0.3333032 9.371307e-06 2.0108982e-06 0.015083509 0.069240354 0.28196827 0.0031414328 0.067964904 0.002307287 0.011460394 0.002002308 0.010116438 0.0062196394 0.09707314 0.008797557 0.027410872 0.0069637694 2.3900158e-05 0.13463223 6.974144e-05 0.006649655 4.3257296e-05 0.0050515207 0.011299859 0.12728606 0.024126273 0.0018738506 0.15264854 0.0021395779 0.036080867 0.0008110407 7.936115e-07 0.0025548022 0.006577897 0.004628731 0.017243987 6.392011e-06 0.01294657 0.010392575 0.00013255517 0.00042675063 0.002163743 0.0015308113 0.00086731656 0.00038087176 0.00012436396 0.0010499186 1.7483128e-05 0.0007664491 0.006473585 5.910542e-05 0.001788729 0.0020324497 1.780284e-07
