6.2353547e-28 0.5451897 0.34303817 0.53199756 0.15550478 0.05669515 0.9518701 0.021133574 0.951109 0.43833774 0.52632177 0.017591776 0.032997645 0.23664577 0.0048646736 0.008438675 0.92651385 0.49469087 0.002324267 0.047581434 0.012056563 0.7771495 0.0015753788 0.18608272 0.11159673 0.004323849 0.070866354 0.0011332222 0.00093993364 0.26753795 0.0006126981 0.006075263 0.0025459016 0.018267065 0.00049575756 0.00041332102 0.027489886 0.0235719 0.00016375545 0.011393363 9.928434e-05 0.0018722563 0.0046015503 0.6016169 0.1623532 0.028779494 0.32260016 4.973318e-05 0.0002541282 0.002561034 0.02613081 0.017647201 0.23480707 0.89262056 0.680319 0.014460516 0.00033044798 0.00031055178 0.00017412918 2.9834715e-05 2.3519011e-05 0.00015105943 0.44316953 5.374865e-05 0.9744574 0.008812522 9.703133e-07 0.002509063 1.6365148e-06 5.9371924e-08 2.8442784e-05 3.227951e-05 8.931275e-05 5.960734e-09 2.4285864e-05 0.050767772 0.4325807 0.9843902 3.9432275e-06 2.6940981e-05 0.9814511 3.6348458e-05 7.1834143e-06 0.7807464 4.7639875e-07 0.5114317 5.509837e-08 2.7967001e-08 1.719881e-08 4.007599e-09 2.8660077e-10 7.5371325e-08 0.3383476 0.00030995885 3.017737e-08 1.3176842e-06 0.6468416 1.641839e-08 3.7791203e-10 2.1309615e-10 0.0071389456
0.5451897 7.480245e-20 0.27602878 0.19486137 0.15182647 0.13576524 0.4799238 0.19435553 0.6957514 0.099303775 0.05136257 0.47243676 0.57186997 0.5414518 0.0783891 0.47331515 0.1134053 0.32250452 0.17619891 0.010762015 0.3706765 0.34996024 0.013677447 0.21655461 0.26573223 0.024377577 0.22508463 0.023651872 0.14853258 0.0026962997 0.061451066 0.34577683 0.3085244 0.26848403 0.045268223 0.083618805 0.0023609882 0.08053826 0.055852003 0.002376911 0.10091908 0.01483871 0.0015623278 0.003975148 0.0004181012 0.097716644 0.0004992048 0.013575397 0.1681558 8.9720656e-05 4.6252022e-05 0.059242222 0.00014804983 0.006476314 0.06390767 0.058531072 0.00048426964 0.2172099 0.0007686787 0.021679664 0.0031743036 9.45404e-05 0.03560933 0.086077996 0.16527466 0.006173404 0.0042777197 0.008704455 0.0002981883 0.00019345648 0.04530654 2.2643047e-05 0.009511553 0.0001641789 0.008205455 0.011422699 0.008564208 0.023527721 0.020354195 5.8199366e-06 0.07520447 0.006840837 0.0038255379 0.0013422229 0.0023351402 0.027099665 0.0006838218 0.00012327207 0.00012118027 1.5639005e-05 0.00013132209 0.002768921 0.033758618 0.0039950362 0.0007960071 0.00020141708 0.012033026 0.0007130661 0.00071239524 0.00069489545 1.1192712e-05
0.34303817 0.27602878 1.2637675e-21 0.3324067 0.3911331 0.48263586 0.5869046 0.37231976 0.25145778 0.5477633 0.4788037 0.19346525 0.07775749 0.030001909 0.22160682 0.30848697 0.50280845 0.03312337 0.12257945 0.23943286 0.055287596 0.023813887 0.11477115 0.0034622476 0.008691075 0.2126366 0.009447438 0.08887182 0.13916138 0.10371102 0.1216983 0.05138322 0.07834656 0.024434568 0.10239835 0.11826955 0.03749545 0.00027376294 0.094472654 0.029206734 0.08640686 0.08580938 0.03417383 0.14646384 0.01935133 0.010871862 0.015403602 0.029345525 0.046968877 0.0044943425 0.0074603013 0.008422273 0.009537831 0.06906853 0.00056163134 0.0037748744 0.00443159 0.024313213 0.0056950795 0.036950793 0.022173904 0.00076700223 0.00019770845 0.026341332 0.37404492 0.00017409182 0.0076743616 0.00023415916 0.0025203985 0.0027874035 0.008071507 0.00013234587 0.0009640477 0.0010832166 0.010218694 0.0001824954 0.0001243137 0.1511205 0.002863373 7.965277e-05 0.16393012 0.00071973965 0.0004970807 0.0026972988 0.0010447189 0.0018631677 0.00096811395 0.0018830233 0.0010006024 0.0005278608 0.00062186876 0.0014103819 0.006099317 0.00042217484 0.0004917117 9.125818e-05 0.002146061 0.0004076003 0.00061191677 0.00370432 0.00010750535
0.53199756 0.19486137 0.3324067 5.3424856e-20 0.7018186 0.11137158 0.72515434 0.081994265 0.1749437 0.42828175 0.05434409 0.09233607 0.08252767 0.046590537 0.04481538 0.07970177 0.35130545 0.0071328687 0.04299347 0.013171675 0.035228048 0.007057723 0.007918629 0.002517986 0.009133458 0.014750787 0.00789389 0.010973486 0.022266127 0.001550237 0.01673757 0.01872654 0.03381809 0.0131413415 0.014280669 0.015440725 0.0011480636 0.0002466491 0.0123034585 0.0011866536 0.016966699 0.002599017 0.0005260458 0.0041058883 0.0002921688 0.0030445647 0.00050270517 0.002926695 0.013496903 0.00014836063 0.0003274867 0.0017242235 0.0001862281 0.002764479 0.0002056684 0.0007727305 0.00013747757 0.010480255 0.0005218289 0.006574861 0.0017502641 0.00027151182 7.289926e-05 0.006283998 0.16075379 1.7488517e-05 0.0009733617 0.000103212806 9.3342955e-05 7.6632154e-05 0.0051269573 2.1668111e-05 0.000106320476 4.370347e-05 0.0020281996 3.132949e-05 3.54394e-05 0.02140153 0.002509215 3.5365981e-06 0.13301772 0.0006965333 0.00015980609 2.7643198e-05 0.00028154274 0.0010611799 0.00028117892 7.013282e-05 4.936498e-05 1.160533e-05 0.00022112606 0.00038982264 0.0032053508 7.523673e-05 0.00010679566 7.542865e-06 0.001448123 0.00014785328 6.696021e-05 0.0006334507 9.914172e-06
0.15550478 0.15182647 0.3911331 0.7018186 3.0091183e-21 0.124297544 0.5594035 0.080745675 0.09530273 0.56168425 0.09224199 0.080974706 0.071861476 0.03282538 0.052697293 0.06771207 0.33812734 0.0063324054 0.044201013 0.017256523 0.02323653 0.0039188783 0.011093983 0.0016089027 0.0047450326 0.018371476 0.0041802544 0.011184951 0.032395534 0.0054374575 0.02254431 0.01898843 0.030431112 0.012557974 0.019124657 0.02393339 0.0010726515 0.00019344744 0.022186946 0.0008920449 0.024656048 0.0018033108 0.0005775662 0.012232752 0.00029518234 0.0034214135 0.0006335818 0.002510547 0.017442461 8.554105e-05 0.00024581503 0.0015606451 0.00034078065 0.0049788444 8.669411e-05 0.0005913333 0.00014264464 0.007018474 0.00058144174 0.007653239 0.0018605398 0.00017043941 4.3158772e-05 0.0072035743 0.14792877 2.1681526e-05 0.0009986262 0.00024198141 0.00019339727 0.0002477652 0.0044603287 6.4793625e-05 0.00023840915 9.441264e-05 0.0038083019 2.4267367e-05 3.2073396e-05 0.020274444 0.003315191 3.3543222e-06 0.08868124 0.0014811006 0.00029772482 7.0911425e-05 0.0010707224 0.0008030219 0.0007342896 0.00017618394 0.0001247637 4.036575e-05 0.0005622589 0.00086205127 0.0012075285 0.00015685943 0.00019992855 2.598733e-05 0.00066550606 0.00022694857 9.468892e-05 0.0010101086 9.733538e-06
0.05669515 0.13576524 0.48263586 0.11137158 0.124297544 1.9981303e-21 0.30590326 0.48660418 0.11254051 0.32621962 0.47173586 0.05086884 0.018611431 0.0048754867 0.24194624 0.12225276 0.20923433 0.01842307 0.12737611 0.26911342 0.0070427493 0.014178166 0.19155818 0.0015312814 0.002779737 0.31567478 0.0029696357 0.14727844 0.20890056 0.124313034 0.2245649 0.024760222 0.064967066 0.0062006433 0.21586914 0.23058414 0.06868054 0.00018823743 0.20417151 0.05774747 0.17303412 0.13682969 0.051990133 0.17187056 0.03520511 0.0026809613 0.03914175 0.07155454 0.023434324 0.012017658 0.010669377 0.0012801616 0.017943945 0.13809986 0.0013981349 0.0014558581 0.018992756 0.015531789 0.024977563 0.041129492 0.021732502 0.003193453 0.0008368138 0.018331528 0.12040749 0.00012010051 0.0142210815 9.790112e-06 0.0032081474 0.0015343726 0.005069082 0.00038010377 7.827001e-05 0.0010164167 0.008733187 0.00017886562 0.00013532281 0.07405771 0.0012492544 0.00021390391 0.031681925 0.00036561958 6.199537e-05 0.04183206 0.0005544284 0.0045155147 0.000727937 0.0012944157 0.00030905975 0.0003479851 0.0006210396 0.00072035944 0.0046318923 7.0794384e-05 9.063699e-05 1.2094444e-05 0.0011275676 9.7527576e-05 7.990644e-05 0.0016333418 0.0031638662
0.9518701 0.4799238 0.5869046 0.72515434 0.5594035 0.30590326 2.938743e-19 0.218427 0.37131733 0.31693965 0.14973912 0.23917724 0.30736747 0.25189695 0.07603382 0.21698278 0.50233376 0.01764917 0.0649374 0.022154216 0.089403175 0.018443607 0.015046032 0.00771411 0.031068947 0.019532802 0.023573825 0.019282578 0.035301186 0.0055457535 0.026161399 0.049444787 0.045635328 0.041922126 0.022059465 0.02638766 0.004958076 0.001369117 0.018348012 0.004200039 0.019920772 0.0063920114 0.0043771295 0.009002815 0.0017992534 0.010989683 0.0020874192 0.008345155 0.018350996 0.0014736943 0.0023885875 0.00394253 0.0010846474 0.0040375744 0.00044606498 0.002490776 0.0021912118 0.012643438 0.0021138336 0.0087642865 0.005096749 0.0010928229 0.0002747749 0.008221094 0.20924608 0.0001003507 0.0032127309 0.00013082732 0.0008997635 0.0013259526 0.0049860263 0.000110971996 0.00053823745 0.0011507601 0.0015536884 0.00016105054 0.000108322485 0.025552105 0.0014212728 2.4751473e-05 0.16663884 0.0011831105 0.0010702818 0.0001461172 0.0015058089 0.0018391313 0.0035216922 0.002540074 0.00057153765 0.0004762866 0.0028897552 0.0024419895 0.0037987637 0.0003405154 0.0011866355 0.00010998331 0.0015133297 0.0013675315 0.0009279532 0.008257119 2.1377125e-05
0.021133574 0.19435553 0.37231976 0.081994265 0.080745675 0.48660418 0.218427 2.8031686e-22 0.08190257 0.17026968 0.3824259 0.071276836 0.033867992 0.008353619 0.38378748 0.15785444 0.07884352 0.015695544 0.26874557 0.25098765 0.014810187 0.011825904 0.24124524 0.0018958339 0.004027122 0.30081046 0.004982511 0.21854188 0.27117607 0.073958494 0.269263 0.049602356 0.123332076 0.012284629 0.2598739 0.27404082 0.035423763 0.00031126963 0.25917396 0.031791594 0.25823602 0.1566714 0.03212583 0.08130441 0.018769102 0.005800032 0.022748742 0.10591556 0.038228534 0.010644391 0.008368044 0.002862124 0.009330927 0.0665448 0.0018640413 0.0033830788 0.02125506 0.036165316 0.030633349 0.09517617 0.039212283 0.009244387 0.001032229 0.035748962 0.038135864 0.00025495814 0.04271671 3.1461503e-05 0.008534158 0.004450859 0.011559446 0.0012201539 0.00013973484 0.0017913851 0.03730066 0.00063027354 0.00023950712 0.03216655 0.004174321 0.0005608967 0.00937715 0.0021204753 0.00027536647 0.025051419 0.0021738436 0.0037949728 0.0014031004 0.0017234419 0.0008390174 0.00045142183 0.0007865424 0.0010500187 0.0062233387 0.000101481026 0.00011945626 1.6812959e-05 0.00088187295 0.00014458591 0.00021249671 0.0017168439 0.0018142627
0.951109 0.6957514 0.25145778 0.1749437 0.09530273 0.11254051 0.37131733 0.08190257 1.3856877e-19 0.030073073 0.012706579 0.38701797 0.5928262 0.6124162 0.034642864 0.340349 0.037665147 0.5844963 0.058434237 0.0054315855 0.32708043 0.57183486 0.0071525 0.23167866 0.316112 0.010343778 0.27700377 0.012411645 0.041564252 0.00045130323 0.025981236 0.24237718 0.12669326 0.26170433 0.0213995 0.030837057 0.00037111968 0.09795618 0.01992556 0.0005598249 0.027268846 0.002439954 0.0005162639 0.0004887162 7.5635784e-05 0.18618396 7.8940626e-05 0.0089107435 0.061148234 5.4494823e-05 6.313317e-05 0.07934534 3.2725864e-05 0.0005902144 0.038374443 0.05628673 0.00015321688 0.055854127 0.00084748416 0.010653902 0.0038526086 5.2574964e-05 0.006076115 0.020269336 0.033834774 0.0043811384 0.0057284236 0.005101924 0.0006123438 0.001879713 0.006725428 2.1643553e-05 0.0019368919 0.0017850514 0.0022690345 0.003393796 0.0018336768 0.0025203754 0.0043126214 3.2782289e-06 0.0484415 0.0022289662 0.0014549162 4.685964e-06 0.0016975574 0.010822384 0.0014014401 0.0017110477 0.00021992582 0.00010371266 0.0004323684 0.0018842001 0.016480068 0.00135458 0.002338386 0.00033864938 0.0140672 0.0020777585 0.0023515266 0.0023954746 1.1700216e-06
0.43833774 0.099303775 0.5477633 0.42828175 0.56168425 0.32621962 0.31693965 0.17026968 0.030073073 5.1178262e-20 0.4047343 0.05181003 0.042845782 0.012834756 0.09341978 0.053156074 0.79621935 0.0024965203 0.05375779 0.043961603 0.013664039 0.001990606 0.01827196 0.0013838038 0.0034002897 0.029995963 0.0032091755 0.013819945 0.03386021 0.048052818 0.021110263 0.01309062 0.015483348 0.0066369623 0.018817937 0.024458347 0.013462315 0.00011134557 0.02130941 0.008843744 0.026107375 0.006130593 0.00591691 0.18313798 0.007964244 0.0020540133 0.012691484 0.007843339 0.009706642 0.0024703061 0.007371382 0.001489803 0.004570343 0.054067373 3.762315e-05 0.001575267 0.0019217749 0.006361462 0.0029832423 0.010802519 0.0054541705 0.0014391149 1.6402233e-05 0.003448092 0.54118013 1.370084e-05 0.0037311893 0.00017034679 0.00081895996 0.0006086676 0.0026126902 0.00047429735 0.0012110863 0.0004253957 0.0042655226 9.83111e-06 1.3076002e-05 0.29265344 0.0020218005 0.0001354615 0.4609303 0.0024332083 0.0013561402 0.002925826 0.004542009 0.00081412774 0.004468855 0.0021813267 0.00046981717 0.0005559493 0.0024484922 0.0028930425 0.0014724701 2.6015054e-05 0.0002812462 7.3789633e-06 0.0006752147 0.0004941757 0.00034909815 0.005544535 0.0019152988
0.52632177 0.05136257 0.4788037 0.05434409 0.09224199 0.47173586 0.14973912 0.3824259 0.012706579 0.4047343 6.616769e-21 0.009245163 0.0022010503 0.00050726364 0.13473019 0.03029148 0.26492333 0.002279831 0.03394011 0.4709237 0.0018802894 0.0015066809 0.19056273 0.00018787642 0.00026417387 0.3805341 0.00032244177 0.116802156 0.088898435 0.40394533 0.11410165 0.0046905833 0.012383937 0.0013694434 0.102008745 0.09848368 0.2014922 1.0988554e-05 0.07985155 0.20199957 0.05264561 0.16543283 0.17195968 0.41933396 0.09351462 0.00040496848 0.103447005 0.03211462 0.0059743794 0.045763765 0.056583144 0.0004024684 0.03935423 0.30181012 4.1913736e-05 0.00054880587 0.025750417 0.003140759 0.025417455 0.026487475 0.018209286 0.007569254 1.2106908e-05 0.004438188 0.3224542 4.4675085e-06 0.00835915 1.5711088e-05 0.0067534996 0.0015624254 0.002269186 0.0010917869 9.758702e-05 0.00073795515 0.007836785 5.7592074e-06 1.1407703e-05 0.2960967 0.0009724097 0.001913493 0.12675178 0.0001743956 3.9524162e-05 0.044467624 0.00029439208 0.00044359686 0.0006038224 0.0027032048 0.0005870606 0.0010621671 0.0003551669 0.0002759569 0.0062855743 5.259743e-05 5.2859774e-05 1.4211624e-05 0.00088171783 6.106636e-05 8.2797735e-05 0.0014992189 0.007844996
0.017591776 0.47243676 0.19346525 0.09233607 0.080974706 0.05086884 0.23917724 0.071276836 0.38701797 0.05181003 0.009245163 4.815838e-24 0.5012904 0.24659833 0.04448325 0.5600762 0.04514324 0.17796579 0.13659286 0.0009125001 0.19722793 0.16310415 0.0050254553 0.042692438 0.10351653 0.005509024 0.08991172 0.009332868 0.109647326 0.0013320057 0.027356263 0.25523177 0.32000005 0.117481455 0.023688609 0.057809737 0.00021657175 0.0120398095 0.06272232 0.000104006445 0.14080296 0.003176725 0.00017283276 0.0029832153 0.00014492373 0.0495568 0.0001280562 0.019620154 0.1427508 1.7926206e-05 2.6370253e-05 0.020922255 0.0001508989 0.005611385 0.035406075 0.021041553 0.000114102215 0.14874877 0.00036537368 0.087244414 0.008048843 0.00011690503 0.015197541 0.14641795 0.010756017 0.002615379 0.025485775 0.0029674857 0.0003256293 0.0011444464 0.13708027 1.3768455e-05 0.002777625 0.00041062012 0.06388683 0.0045912145 0.0039389785 0.002915017 0.124156125 3.836507e-06 0.0065825875 0.015986089 0.0021856173 0.0004628828 0.02451221 0.015596043 0.0054105367 0.00015939891 0.0005669961 2.7650764e-05 0.00072264177 0.0016766647 0.00921839 0.00097021204 0.00028901314 8.9612564e-05 0.0044363346 0.00024133266 0.00067506917 0.0024222801 6.873747e-06
0.032997645 0.57186997 0.07775749 0.08252767 0.071861476 0.018611431 0.30736747 0.033867992 0.5928262 0.042845782 0.0022010503 0.5012904 2.4373393e-23 0.51818925 0.02218098 0.46153712 0.050225966 0.39366746 0.101045355 0.00033584962 0.42771283 0.34580752 0.0023280217 0.28255525 0.2962037 0.0024335715 0.2687127 0.004142051 0.0881848 0.00024715796 0.015238213 0.4197117 0.30189624 0.28640097 0.0117921755 0.04339442 0.0001814157 0.108174406 0.040388662 7.664699e-05 0.11264125 0.0025742839 7.946369e-05 0.0012687889 0.00012661077 0.1797104 7.742537e-05 0.0064040716 0.21929042 1.5106872e-05 3.123966e-05 0.08911812 0.0001266731 0.005414108 0.12576614 0.07225002 0.00014279423 0.22337756 0.00022503753 0.029540645 0.0027187744 6.2073705e-05 0.05221189 0.11745847 0.01547553 0.011070114 0.006861317 0.023086157 0.00011037239 0.00039676548 0.093163215 3.3345237e-05 0.015542185 0.00021099072 0.014833447 0.017321948 0.019078678 0.0040178965 0.052222718 7.963996e-06 0.00904247 0.018775104 0.0055079204 0.00055242993 0.006474977 0.034932613 0.0014747108 0.0001553213 0.0003360949 2.8291666e-05 0.0007464379 0.0033674461 0.016388755 0.0029106205 0.0009680271 0.00024584527 0.0110404305 0.0008203002 0.0022643092 0.0020710265 1.1530011e-06
0.23664577 0.5414518 0.030001909 0.046590537 0.03282538 0.0048754867 0.25189695 0.008353619 0.6124162 0.012834756 0.00050726364 0.24659833 0.51818925 9.109007e-21 0.0050628865 0.2305236 0.016186094 0.4796242 0.027277568 0.00012537344 0.31352803 0.45937148 0.0006178552 0.46981406 0.4173138 0.0011300737 0.37722147 0.001131117 0.027641524 9.349441e-05 0.0061527565 0.27856693 0.13353936 0.28091353 0.0035567253 0.014761434 0.00015583583 0.25219125 0.010073539 8.865973e-05 0.03049485 0.0015850086 4.8020294e-05 0.0001747547 3.354279e-05 0.23492487 1.9110594e-05 0.0039402377 0.108293384 9.235455e-06 3.722799e-06 0.15019332 1.4411407e-05 0.0018668629 0.2280289 0.13090228 0.00011307949 0.18431197 0.00014428371 0.007936392 0.0014668896 3.9612685e-05 0.09405757 0.04143615 0.035326075 0.024942873 0.001993626 0.055041805 0.00018636936 7.9842444e-05 0.024466213 9.6477925e-06 0.032344367 6.560205e-05 0.0030508777 0.024634555 0.03161335 0.004274404 0.014617514 3.8152793e-06 0.01802893 0.015081084 0.0135476105 7.686109e-05 0.0015830289 0.052372236 0.0006106956 6.9604626e-05 0.00010293294 1.1557703e-05 6.546405e-05 0.0037319812 0.037164494 0.0058215577 0.0013277056 0.00062567805 0.020551292 0.0015522451 0.0007506973 0.0002817786 6.2029613e-07
0.0048646736 0.0783891 0.22160682 0.04481538 0.052697293 0.24194624 0.07603382 0.38378748 0.034642864 0.09341978 0.13473019 0.04448325 0.02218098 0.0050628865 1.1827601e-22 0.11949369 0.028402928 0.016884152 0.27643675 0.14418195 0.017785484 0.007867945 0.17336622 0.0019208798 0.0057759015 0.13506411 0.0062942095 0.18556383 0.25903812 0.034933895 0.22736965 0.074457586 0.16585441 0.02248074 0.21887268 0.23170194 0.013495223 0.0008421956 0.26289597 0.012261763 0.31190014 0.08411959 0.012513232 0.030016398 0.01000359 0.0068187052 0.009507182 0.1082244 0.048377782 0.0052468777 0.0047682123 0.0035376695 0.0049194875 0.01619731 0.0018755122 0.0040547512 0.008139057 0.042132817 0.023412155 0.09147565 0.04624316 0.0059864963 0.0015676755 0.037776764 0.011724859 0.00046153594 0.04438644 3.404094e-05 0.0080090985 0.007390324 0.019432608 0.0016389897 0.00039677374 0.0050098896 0.03244765 0.00084569905 0.0006447052 0.013489806 0.0068400055 0.0003478965 0.005439369 0.002714735 0.0005491582 0.008715715 0.0036698969 0.005302134 0.0024577905 0.0034435554 0.0018784229 0.00040566444 0.0014861758 0.0026998415 0.0046385964 3.627764e-05 0.00032232248 8.09442e-06 0.001354485 0.00037378652 0.0007701804 0.0025831135 0.0015688001
0.008438675 0.47331515 0.30848697 0.07970177 0.06771207 0.12225276 0.21698278 0.15785444 0.340349 0.053156074 0.03029148 0.5600762 0.46153712 0.2305236 0.11949369 1.5646601e-25 0.045099016 0.16595677 0.20894744 0.0030144409 0.24640699 0.13962783 0.0093638925 0.05262901 0.10703429 0.0069178287 0.089131765 0.01884135 0.19035073 0.0033651525 0.058514606 0.4313022 0.5632564 0.17501506 0.048109815 0.10278835 0.0004485154 0.016197419 0.09971646 0.0001479149 0.21510416 0.0028985064 0.0002579475 0.00486453 0.00041906367 0.065752946 0.00037645458 0.02800082 0.2714078 1.5657733e-05 5.2577067e-05 0.028778706 0.00024657996 0.0056581255 0.036874473 0.026407313 6.9503076e-05 0.20556693 0.0003609362 0.16402689 0.013204317 5.1455165e-05 0.012425252 0.3051987 0.011562473 0.0043061893 0.043744307 0.005059001 0.000175809 0.0026922512 0.20069388 1.1085051e-05 0.002603182 0.0009830383 0.118646435 0.0050293417 0.0038622746 0.0016945302 0.1802684 3.4910481e-06 0.00637832 0.02147111 0.0018511075 7.982288e-05 0.045691658 0.019492922 0.014279464 0.00012881217 0.0009548269 1.385235e-05 0.00065476703 0.0028541351 0.008765721 0.0008708186 0.00014327001 0.00011118206 0.0040096547 9.833693e-05 0.00039482547 0.0023605276 6.22796e-06
0.92651385 0.1134053 0.50280845 0.35130545 0.33812734 0.20923433 0.50233376 0.07884352 0.037665147 0.79621935 0.26492333 0.04514324 0.050225966 0.016186094 0.028402928 0.045099016 5.113519e-18 0.0039329636 0.01723321 0.025198875 0.012108571 0.002316218 0.010312579 0.001254108 0.0027454128 0.01731678 0.002151597 0.009423009 0.015466598 0.019731902 0.012971962 0.007991008 0.009901963 0.0039392025 0.0127607575 0.012342563 0.0073995907 0.00021900241 0.010020772 0.0067900326 0.011495531 0.0022073586 0.0042689615 0.056301527 0.0037200067 0.0005794166 0.005572817 0.005615968 0.003956987 0.0015936868 0.0045928108 0.0006126019 0.002515569 0.023191703 4.3153545e-05 0.00052619935 0.00089786825 0.0028252504 0.0016274652 0.0037734997 0.0020137185 0.0003370495 3.3679404e-05 0.0012824858 0.48999444 1.2080483e-05 0.0022823112 3.189906e-05 0.00047725707 0.00068646186 0.0019004536 6.0806477e-05 0.0001142855 0.0007194645 0.0010086839 1.7110395e-05 1.3106029e-05 0.1194035 0.0010078204 9.581527e-06 0.57859504 0.00028737128 0.00019260326 0.0004882959 0.0015902518 0.00075872603 0.0027070204 0.0018398225 0.00017785592 0.00025066928 0.0011616249 0.00080123375 0.0021598618 7.854379e-06 0.00015770452 5.2144806e-06 0.0006475351 0.0003352944 0.00036895362 0.008102071 0.0005528315
0.49469087 0.32250452 0.03312337 0.0071328687 0.0063324054 0.01842307 0.01764917 0.015695544 0.5844963 0.0024965203 0.002279831 0.17796579 0.39366746 0.4796242 0.016884152 0.16595677 0.0039329636 3.712753e-18 0.02410982 0.0008879729 0.19356386 0.7648467 0.005348103 0.4454267 0.3303664 0.0068314495 0.27976486 0.009539951 0.027974335 8.5731095e-05 0.017195353 0.16333492 0.071108066 0.20813462 0.017790403 0.021754785 0.00014416887 0.4182648 0.018367477 0.0002341998 0.0190416 0.0039061273 0.00035767682 0.00010531868 1.5829768e-05 0.21766308 2.2406111e-05 0.007085052 0.073849455 3.205673e-05 2.0625383e-05 0.16406998 3.1136817e-06 0.00021352443 0.28619444 0.11574548 0.00022755693 0.07177754 0.001492265 0.012170537 0.004230587 0.00012883097 0.047951613 0.028742878 0.00631296 0.015698338 0.00512661 0.083332755 0.0008667717 0.00085393485 0.017736947 6.635579e-05 0.026439644 0.00047541823 0.0062301178 0.0091506345 0.009862631 0.0003318302 0.01207866 1.6911361e-05 0.006438171 0.009516983 0.010163315 2.9411692e-07 0.0046587856 0.034389034 0.004585259 0.00095389865 0.0004951808 0.00018410134 0.0010134004 0.003944093 0.018084992 0.006792649 0.006273507 0.0027676048 0.02059341 0.003913385 0.0029476953 0.0031094921 1.379574e-07
0.002324267 0.17619891 0.12257945 0.04299347 0.044201013 0.12737611 0.0649374 0.26874557 0.058434237 0.05375779 0.03394011 0.13659286 0.101045355 0.027277568 0.27643675 0.20894744 0.01723321 0.02410982 2.7509557e-21 0.015422109 0.07048166 0.011651792 0.071921624 0.004205536 0.015029534 0.04183956 0.013628938 0.10027804 0.31619132 0.004020652 0.1543072 0.12499984 0.21853739 0.042049896 0.1380345 0.21059828 0.0012993637 0.0013541557 0.2092607 0.0010269097 0.3621721 0.02044268 0.0017986658 0.003673861 0.001106642 0.008902084 0.00082500424 0.08649893 0.10045551 0.00016229975 0.00012706693 0.005545534 0.0005602183 0.0031969445 0.0015139915 0.0040515955 0.0010652398 0.06767364 0.0020457634 0.14026572 0.03709216 0.00064851897 0.0016434826 0.11021135 0.0101514 0.00026371574 0.056201193 6.619436e-05 0.0018804194 0.004697634 0.07865866 0.00019086796 0.0002689889 0.0021243333 0.06594264 0.0004918706 0.00055501243 0.00871171 0.041265197 1.1661578e-05 0.0076683406 0.0026173664 0.000584249 0.00072268455 0.016874798 0.005489831 0.009128361 0.0015265673 0.0010226534 9.342694e-05 0.0025387264 0.0019350308 0.006413117 5.394723e-05 0.0004079958 1.31969455e-05 0.002062101 0.00043247564 0.0007904079 0.0034485753 3.4173436e-06
0.047581434 0.010762015 0.23943286 0.013171675 0.017256523 0.26911342 0.022154216 0.25098765 0.0054315855 0.043961603 0.4709237 0.0009125001 0.00033584962 0.00012537344 0.14418195 0.0030144409 0.025198875 0.0008879729 0.015422109 5.3663983e-22 0.00013304695 0.0013743098 0.23780589 0.00013048368 0.000121459896 0.48797855 0.00013184625 0.1222867 0.042937048 0.2575295 0.08566243 0.00017373754 0.0012124102 0.00013343884 0.0800601 0.05880362 0.30610403 2.4831505e-05 0.04646678 0.2958352 0.0145026315 0.33638775 0.2877286 0.11994974 0.14496991 0.0001021818 0.09989001 0.053242322 0.00096602546 0.117684655 0.110822596 5.9769864e-05 0.036719356 0.106404476 6.401524e-05 7.862049e-05 0.09542888 0.0002293808 0.0841761 0.032867756 0.052784503 0.03475967 1.6315522e-05 0.0018497468 0.031511154 2.608249e-06 0.010250229 1.1732978e-06 0.022074997 0.007584483 0.00020907163 0.009946238 6.6050934e-06 0.0011386471 0.001321894 2.308886e-06 6.1258993e-06 0.046394512 3.828965e-05 0.009637504 0.0153466305 1.5780342e-05 7.926807e-06 0.014223252 5.719092e-05 0.00028132508 7.919837e-05 0.0010861856 8.053046e-05 0.0013815996 7.468925e-05 0.0001072295 0.0022367556 3.915094e-06 3.134874e-05 1.7123526e-06 8.1374346e-05 2.2778042e-05 6.241946e-06 0.00013074027 0.0031091585
0.012056563 0.3706765 0.055287596 0.035228048 0.02323653 0.0070427493 0.089403175 0.014810187 0.32708043 0.013664039 0.0018802894 0.19722793 0.42771283 0.31352803 0.017785484 0.24640699 0.012108571 0.19356386 0.07048166 0.00013304695 4.7982227e-21 0.16452141 0.0011250327 0.18824008 0.23055062 0.00053863367 0.2050223 0.0026958715 0.06233067 0.00024783635 0.014384935 0.4686938 0.26224035 0.28809583 0.0095631275 0.035271827 0.00013566304 0.07395987 0.035059124 6.691271e-05 0.07395405 0.00084011507 0.00011101487 0.00065888936 5.9780694e-05 0.1487794 0.00010769108 0.005877082 0.21473622 7.389865e-06 1.539512e-05 0.075882114 9.856612e-05 0.0023449617 0.07578301 0.0755387 6.148055e-05 0.24763653 0.00023122928 0.051070046 0.0023805303 4.990222e-05 0.037500944 0.19159746 0.010612472 0.0137610715 0.011560136 0.035152003 0.00012087635 0.0002718082 0.1314447 1.3760945e-05 0.023335753 0.00014390114 0.033530753 0.01661982 0.012151373 0.0017541274 0.105500326 1.3254645e-06 0.009251685 0.034110654 0.009280963 2.5004312e-05 0.017709726 0.02668712 0.0021916726 7.792851e-05 0.00017766537 1.3755631e-05 0.00027973115 0.004895785 0.019630285 0.004526585 0.0004712812 0.00030850878 0.009334251 0.0006378876 0.0012333122 0.00090670417 4.6383212e-07
0.7771495 0.34996024 0.023813887 0.007057723 0.0039188783 0.014178166 0.018443607 0.011825904 0.57183486 0.001990606 0.0015066809 0.16310415 0.34580752 0.45937148 0.007867945 0.13962783 0.002316218 0.7648467 0.011651792 0.0013743098 0.16452141 2.031559e-18 0.0033079984 0.4486828 0.33249763 0.004016161 0.28287044 0.008404245 0.018614747 5.3916065e-05 0.013745464 0.1454282 0.068146236 0.17157115 0.013716766 0.015949465 0.00014854495 0.3723522 0.012758946 0.00016069615 0.016345246 0.002598996 0.00013092942 2.9055733e-05 1.3404818e-05 0.18660663 7.55385e-06 0.008903549 0.049367808 2.6396394e-05 1.4374594e-05 0.14518976 2.3228217e-06 7.304728e-05 0.2827013 0.114157006 0.00010671523 0.058501467 0.00062377984 0.00738747 0.002117238 0.00010020629 0.04310112 0.011975386 0.005335388 0.019541273 0.0046741553 0.052242383 0.0004218148 0.00054041616 0.00892167 2.2858278e-05 0.017909812 0.00045806263 0.0025132515 0.011235815 0.008043436 0.00027033826 0.006699978 3.4387967e-06 0.007297769 0.0066125905 0.007413807 1.1342072e-07 0.002220488 0.03150664 0.0019927118 0.0003556352 0.00020387782 6.7131245e-05 0.0003521005 0.002172228 0.020604264 0.0031788782 0.0019699554 0.00083183177 0.024770763 0.0016156336 0.0016278602 0.0019839522 1.7225344e-07
0.0015753788 0.013677447 0.11477115 0.007918629 0.011093983 0.19155818 0.015046032 0.24124524 0.0071525 0.01827196 0.19056273 0.0050254553 0.0023280217 0.0006178552 0.17336622 0.0093638925 0.010312579 0.005348103 0.071921624 0.23780589 0.0011250327 0.0033079984 9.444211e-25 0.0011556079 0.0007056571 0.30585265 0.0007920132 0.36381605 0.16375577 0.06530948 0.23637627 0.0019500902 0.006927666 0.0006016714 0.25636363 0.16642582 0.04362574 0.0006872987 0.1709494 0.03789624 0.12939832 0.31045064 0.03322428 0.026059149 0.03778402 0.00038251508 0.029790746 0.19196245 0.0011519366 0.020154485 0.027096342 0.00044085595 0.012611285 0.019207316 0.0008092873 0.0002829195 0.02663563 0.0006784155 0.052761316 0.05897543 0.122707225 0.014378625 0.00044944196 0.001667184 0.009289676 9.909573e-05 0.027811473 1.0617077e-05 0.02196587 0.016801612 0.0015495889 0.0071877735 5.2338535e-05 0.005010652 0.012054655 0.00032560076 0.00024220582 0.010940654 0.00023191299 0.00511658 0.0035929529 8.597648e-05 3.186264e-05 0.010294137 0.00048533626 0.002050376 0.00032992146 0.003550391 0.00015253748 0.0010794336 0.00011554073 0.00012413705 0.0027452873 1.5593499e-06 2.6142752e-06 3.7598505e-07 0.00016197705 2.4752312e-06 2.3777384e-06 0.00019498104 0.007783137
0.18608272 0.21655461 0.0034622476 0.002517986 0.0016089027 0.0015312814 0.00771411 0.0018958339 0.23167866 0.0013838038 0.00018787642 0.042692438 0.28255525 0.46981406 0.0019208798 0.05262901 0.001254108 0.4454267 0.004205536 0.00013048368 0.18824008 0.4486828 0.0011556079 1.8518386e-18 0.4749348 0.0028285205 0.4445977 0.0020358863 0.006207779 7.423406e-05 0.0031990858 0.17345203 0.05964858 0.26884645 0.0030359693 0.0047773616 8.004555e-05 0.57305026 0.005577158 6.7303044e-05 0.010480714 0.0037754236 9.6089105e-05 3.4597982e-05 1.1110283e-05 0.33642024 9.607275e-06 0.0027743767 0.052421115 2.7335502e-05 6.8379372e-06 0.23009256 2.0257482e-06 9.7701195e-05 0.51589257 0.1717917 4.9824466e-05 0.10200346 0.00012678684 0.0048068343 0.0014418123 5.5234774e-05 0.15065774 0.018310485 0.0052391505 0.044750877 0.0017393759 0.13000974 0.00031194123 8.013063e-05 0.011209598 4.032054e-05 0.06966959 0.0001846177 0.0012630657 0.02330244 0.03477938 0.0006154751 0.009723272 6.8085315e-06 0.0037701668 0.028152827 0.025537087 6.9214843e-06 0.0007424528 0.06483399 0.0003123869 0.00018062712 8.9280824e-05 6.226372e-05 0.00020440815 0.0057417685 0.033166885 0.019773073 0.005191965 0.0027849884 0.040283054 0.0071798027 0.0016809698 0.0005092862 1.1952261e-07
0.11159673 0.26573223 0.008691075 0.009133458 0.0047450326 0.002779737 0.031068947 0.004027122 0.316112 0.0034002897 0.00026417387 0.10351653 0.2962037 0.4173138 0.0057759015 0.10703429 0.0027454128 0.3303664 0.015029534 0.000121459896 0.23055062 0.33249763 0.0007056571 0.4749348 9.386016e-20 0.00097027177 0.49682257 0.0015355215 0.019419694 9.295316e-05 0.0053936276 0.2577243 0.10736724 0.3247147 0.0038647745 0.0097023295 7.045446e-05 0.32334593 0.008759282 4.1046722e-05 0.023240902 0.0011797361 9.6530435e-05 3.0601932e-05 8.647508e-06 0.29864073 1.1686896e-05 0.00270997 0.11616 5.3195126e-06 2.8417392e-06 0.19219169 5.7422612e-06 0.00019850025 0.25471345 0.15332547 5.086214e-05 0.2136037 0.000120644174 0.00971091 0.0014542913 4.0090294e-05 0.09433104 0.054258157 0.009660601 0.04428866 0.0034243125 0.15000497 0.00017120654 7.20264e-05 0.04563156 1.0119511e-05 0.084505096 6.316057e-05 0.0072739786 0.028795583 0.027730629 0.0008173921 0.057782985 2.1301064e-06 0.0075624315 0.06777653 0.031387392 6.0705515e-06 0.003305211 0.051369485 0.0012980817 7.5198346e-05 0.00020822832 1.010919e-05 0.00023421121 0.011048967 0.030676557 0.01699414 0.0022221468 0.0018999672 0.026742078 0.0043601543 0.0017274065 0.0002882136 1.8383422e-07
0.004323849 0.024377577 0.2126366 0.014750787 0.018371476 0.31567478 0.019532802 0.30081046 0.010343778 0.029995963 0.3805341 0.005509024 0.0024335715 0.0011300737 0.13506411 0.0069178287 0.01731678 0.0068314495 0.04183956 0.48797855 0.00053863367 0.004016161 0.30585265 0.0028285205 0.00097027177 6.3874945e-25 0.00090879004 0.17904465 0.08291277 0.1417427 0.12645543 0.0011803246 0.0032944656 0.00045617152 0.12855567 0.08483201 0.0802356 0.0008729727 0.07014898 0.06220924 0.045641113 0.5389764 0.06952449 0.06813235 0.08322841 0.0005085451 0.065721124 0.08955252 0.00037944692 0.04113795 0.06421221 0.00034042532 0.023904098 0.03947227 0.0005636096 0.00023514694 0.04830563 0.00049049256 0.08204137 0.030997513 0.07072074 0.023018567 0.0001995887 0.0012586846 0.030465774 0.00019556467 0.010396569 1.9383295e-05 0.017491369 0.0048883082 0.00073884387 0.011565247 2.4407858e-05 0.0014132557 0.007732631 0.00010824813 0.00010352609 0.022484753 0.00013497366 0.007524383 0.0066275857 8.033723e-05 2.726739e-05 0.010430036 0.00062640733 0.0018945471 0.0001828696 0.0015439847 8.144966e-05 0.0009955472 5.325673e-05 0.00024240663 0.0023439357 4.744874e-06 3.3597103e-06 1.1946729e-06 0.00014712958 2.6336588e-06 1.1935582e-06 6.137616e-05 0.008695043
0.070866354 0.22508463 0.009447438 0.00789389 0.0041802544 0.0029696357 0.023573825 0.004982511 0.27700377 0.0032091755 0.00032244177 0.08991172 0.2687127 0.37722147 0.0062942095 0.089131765 0.002151597 0.27976486 0.013628938 0.00013184625 0.2050223 0.28287044 0.0007920132 0.4445977 0.49682257 0.00090879004 1.4508648e-19 0.0019911523 0.016445598 0.00012303294 0.0055092233 0.23408449 0.09080465 0.3246904 0.0040989947 0.008252932 8.490273e-05 0.29849193 0.0078225685 4.212749e-05 0.01939468 0.00095262897 7.755196e-05 4.1915777e-05 8.344915e-06 0.30897248 8.9484765e-06 0.0027158756 0.09870554 4.821769e-06 2.9990567e-06 0.18861443 3.7039943e-06 0.00015169564 0.2300027 0.14240159 3.4143548e-05 0.17936674 0.000106281965 0.008548442 0.0013093635 2.6978747e-05 0.085848056 0.046656165 0.008400646 0.039698765 0.002740904 0.12908114 0.00010287722 4.8722857e-05 0.040665668 1.0986563e-05 0.07586913 4.3213917e-05 0.005831035 0.028187774 0.02725568 0.00060728047 0.05538212 1.9382878e-06 0.0066456236 0.06000968 0.02803472 6.208427e-06 0.0027619204 0.048852373 0.00088282506 4.878711e-05 0.00012440667 8.889082e-06 0.00017178225 0.010528701 0.028653845 0.015922679 0.0021136743 0.0018653127 0.026871592 0.0041206907 0.0017478304 0.00020751209 2.2984206e-07
0.0011332222 0.023651872 0.08887182 0.010973486 0.011184951 0.14727844 0.019282578 0.21854188 0.012411645 0.013819945 0.116802156 0.009332868 0.004142051 0.001131117 0.18556383 0.01884135 0.009423009 0.009539951 0.10027804 0.1222867 0.0026958715 0.008404245 0.36381605 0.0020358863 0.0015355215 0.17904465 0.0019911523 1.360262e-24 0.21002445 0.032176495 0.40485933 0.0035789113 0.013716563 0.0013620752 0.43746153 0.29201832 0.0238752 0.0015892639 0.28304216 0.018000565 0.20880519 0.19122306 0.013623643 0.010027484 0.017368637 0.0012017682 0.014124892 0.37870675 0.002684076 0.0068984698 0.0118768895 0.0007474804 0.0051907375 0.010721949 0.0018266187 0.0006584876 0.009908577 0.0012730175 0.040971346 0.12134012 0.18686783 0.0051483093 0.0008151214 0.0040658126 0.006662062 0.00014260098 0.06411631 2.3983956e-05 0.03405993 0.036735423 0.001930967 0.0031409801 9.348425e-05 0.022247845 0.02889035 0.00035752062 0.00040901068 0.0044011604 0.0003892288 0.0023889372 0.0026772819 0.00018403813 0.0001557672 0.0058929287 0.0009808985 0.0021971965 0.0016489184 0.0034429184 0.0021431292 0.0006602823 0.00030578175 0.0005012671 0.0032773742 2.2704965e-06 1.5750482e-05 1.0879417e-06 0.00018781531 2.3625633e-05 7.654958e-06 0.0004514832 0.002950823
0.00093993364 0.14853258 0.13916138 0.022266127 0.032395534 0.20890056 0.035301186 0.27117607 0.041564252 0.03386021 0.088898435 0.109647326 0.0881848 0.027641524 0.25903812 0.19035073 0.015466598 0.027974335 0.31619132 0.042937048 0.06233067 0.018614747 0.16375577 0.006207779 0.019419694 0.08291277 0.016445598 0.21002445 5.762045e-24 0.012451202 0.31375867 0.12058907 0.27130023 0.04079445 0.30932784 0.4337326 0.006327875 0.0037506705 0.4578676 0.003670503 0.56691027 0.04027127 0.0036072184 0.007466124 0.005971845 0.011516034 0.006314955 0.2711732 0.13731594 0.0009359933 0.0017457664 0.0071499427 0.0018888329 0.0069996607 0.0036420117 0.0069403723 0.0021489847 0.08486876 0.0072308094 0.35901096 0.06794005 0.0011077207 0.0032368216 0.21637245 0.0154930595 0.0018616039 0.14340593 0.00029297042 0.0035912695 0.014967298 0.08646835 0.0007285349 0.00072268693 0.009576855 0.19543755 0.002039173 0.002010981 0.008044296 0.046760846 0.00012029894 0.008079085 0.004677818 0.0013549335 0.0020779877 0.043374974 0.006217596 0.029528556 0.002565719 0.008191323 0.0002580442 0.006573331 0.002193287 0.0074551767 0.00012775978 0.00023130096 8.085127e-05 0.0012481923 0.00020531211 0.00018064107 0.005027414 9.48213e-05
0.26753795 0.0026962997 0.10371102 0.001550237 0.0054374575 0.124313034 0.0055457535 0.073958494 0.00045130323 0.048052818 0.40394533 0.0013320057 0.00024715796 9.349441e-05 0.034933895 0.0033651525 0.019731902 8.5731095e-05 0.004020652 0.2575295 0.00024783635 5.3916065e-05 0.06530948 7.423406e-05 9.295316e-05 0.1417427 0.00012303294 0.032176495 0.012451202 8.9907335e-21 0.021226559 0.0014542942 0.0040339064 0.00048827493 0.01862076 0.019782452 0.5964731 1.9702595e-06 0.016304543 0.41547072 0.0121035315 0.07329026 0.35326856 0.7593614 0.711724 0.00016816656 0.671665 0.009685564 0.004834275 0.181368 0.29953197 0.00023322068 0.36537865 0.7957418 1.3498201e-06 0.0002025845 0.07217216 0.0017596674 0.057120543 0.0093154255 0.009227199 0.03729378 1.426158e-06 0.003252597 0.06315972 3.432687e-07 0.003170023 1.9558202e-06 0.0066529443 0.0014333506 0.0008360434 0.0075381985 7.8825e-05 0.0007659307 0.0011202389 5.702513e-07 5.8516514e-07 0.57804227 0.00032437438 0.010169558 0.024237283 3.0696287e-05 6.5818494e-05 0.025003716 0.00036134396 0.00027103088 0.0007200593 0.0034935893 0.0002470453 0.002629157 0.0007876286 0.00013864107 0.0009502155 4.0329483e-06 4.6963498e-05 2.335258e-06 1.9685025e-05 3.7037033e-05 2.4433428e-05 0.0010637804 0.019397836
0.0006126981 0.061451066 0.1216983 0.01673757 0.02254431 0.2245649 0.026161399 0.269263 0.025981236 0.021110263 0.11410165 0.027356263 0.015238213 0.0061527565 0.22736965 0.058514606 0.012971962 0.017195353 0.1543072 0.08566243 0.014384935 0.013745464 0.23637627 0.0031990858 0.0053936276 0.12645543 0.0055092233 0.40485933 0.31375867 0.021226559 1.6428052e-25 0.022829216 0.056790292 0.006467423 0.46943304 0.40176082 0.01062609 0.0022723912 0.43032378 0.007069896 0.39231214 0.11220551 0.0060913856 0.010570291 0.0085841585 0.002451551 0.006951941 0.38042966 0.01869752 0.001954663 0.004507082 0.0017747589 0.0029523273 0.008233211 0.0018905412 0.0019787624 0.0039021077 0.00853737 0.022823786 0.25879374 0.13796052 0.002180316 0.00178647 0.02825456 0.007343498 0.0005415231 0.12046711 7.102675e-05 0.0122483 0.0251989 0.009475749 0.0012830137 0.00037681448 0.017876128 0.08604496 0.0010527405 0.0012259508 0.0039350176 0.002772147 0.0005835054 0.0036334011 0.0007353849 0.00056507107 0.0038576857 0.0056316718 0.003910201 0.008048796 0.0022155952 0.006874256 0.00032537075 0.0011897358 0.00087917026 0.004015272 1.4747762e-05 6.41724e-05 5.471153e-06 0.00037450765 5.7064088e-05 8.494884e-06 0.0005234401 0.0010155612
0.006075263 0.34577683 0.05138322 0.01872654 0.01898843 0.024760222 0.049444787 0.049602356 0.24237718 0.01309062 0.0046905833 0.25523177 0.4197117 0.27856693 0.074457586 0.4313022 0.007991008 0.16333492 0.12499984 0.00017373754 0.4686938 0.1454282 0.0019500902 0.17345203 0.2577243 0.0011803246 0.23408449 0.0035789113 0.12058907 0.0014542942 0.022829216 4.593467e-23 0.4388703 0.43311703 0.015418917 0.045562282 0.0003162658 0.073018566 0.041677106 0.00023391545 0.07521822 0.0007014737 0.000219606 0.0007323104 0.00021553203 0.26970604 0.0004726488 0.006298809 0.47763652 3.8645658e-06 1.0340685e-05 0.16512612 3.281174e-05 0.0010191627 0.064317055 0.11794552 0.00010003681 0.46271464 0.000106418265 0.05697877 0.0031118696 1.607833e-05 0.023283573 0.4324764 0.0066598477 0.015734907 0.011052086 0.06955634 3.9074643e-05 0.00017756 0.19908938 5.8193095e-06 0.053702354 5.367335e-05 0.042017728 0.011871211 0.008299708 0.00061613024 0.12688693 5.017264e-07 0.008246453 0.05186978 0.015068469 1.1568361e-06 0.026065284 0.022801774 0.0047104144 1.8045159e-05 2.381393e-05 1.4877293e-06 0.00017270655 0.008336994 0.02263722 0.0023795203 0.0008117925 0.0005883298 0.012510912 0.000823786 0.000796813 0.0005586282 6.6724496e-08
