1.4390752e-33 0.71604455 0.56246966 0.154982 0.58426327 0.8813811 0.7869949 0.54701185 0.7056077 0.85086066 0.16660407 0.2871522 0.712487 0.1590382 0.8484443 0.07717911 0.10311458 0.95129573 0.6468003 0.8705928 0.14654432 0.93277055 0.9328294 0.8038154 0.7624118 0.9437293 0.96371883 0.88897896 0.015869278 0.90344924 0.19151549 0.019376013 0.8616986 0.40287596 0.94990474 0.0079824105 0.9585627 0.8945247 0.9058381 0.046451937 0.009397974 0.5659098 0.035161205 0.0030559646 0.7440491 0.035209317 0.0058893245 0.9637467 0.8228387 0.77189344 0.9847186 0.9074911 0.0015912879 0.9406183 0.7952981 0.9909209 0.96046746 0.0014177004 0.5726791 0.0012007555 0.19101863 0.00081481476 0.060706172 0.0099448105 0.62521017 0.97954863 0.71376586 0.9860432 0.09626362 0.33338723 0.96241605 0.9611621 0.007065457 0.0060481997 0.92134917 0.0046574995 0.16598308 0.9798807 0.0007961271 0.9429546 0.997095 0.9778333 0.00023013918 7.575576e-05 0.064503305 0.99950504 0.003948848 0.9979772 0.005057667 0.00024210906 0.00026927225 0.0015273218 0.00033779122 0.9766391 0.00021424609 0.52607006 6.609482e-05 5.4807337e-05 0.9970144 0.042393945 0.80184793
0.71604455 2.0611984e-19 0.57000047 0.76244694 0.6414043 0.67104715 0.37755585 0.3810474 0.39748225 0.4351472 0.75415486 0.14170632 0.12751909 0.1031496 0.06726746 0.00476739 0.0024884597 0.041088995 0.040232327 0.057763014 0.052495293 0.0983049 0.1611339 0.0021330046 0.0015979473 0.047321726 0.0752902 0.0023215287 0.06485048 0.004464674 0.0007366779 0.10862099 0.0002963317 0.00018579012 0.008537643 0.000583647 0.030865341 0.0007139619 0.01349794 0.0002505701 0.0015382492 0.0012446832 0.00020974384 0.0055060457 0.00048691715 9.643419e-05 0.018405229 0.0010388863 8.453955e-05 6.479066e-05 0.0021301506 0.022754364 0.0024668642 3.5574576e-05 1.0024792e-05 0.011546858 3.9834344e-05 0.0019886843 0.009902029 0.0012333592 0.0035139287 0.0019012713 0.000114735536 0.00017397646 1.8735162e-06 0.014732751 0.0097639905 0.00032630083 1.7559007e-05 5.3452476e-07 0.0129743 3.849369e-05 0.00079299416 0.0001699614 1.26621335e-05 0.00035447866 1.9508668e-06 2.031439e-05 0.0007499427 1.5460313e-05 0.00043224948 0.0068701888 2.9720254e-06 0.0031398092 9.930404e-07 0.017233383 2.9861387e-05 0.0036380608 0.00058792566 4.7666576e-06 1.2128471e-05 4.0665873e-06 4.473445e-05 1.1246384e-05 4.8826867e-05 5.2721066e-07 0.0019276045 0.0002556401 0.0012240115 6.9672e-06 1.6866486e-05
0.56246966 0.57000047 1.2774802e-20 0.028715283 0.0137106255 0.28286374 0.8053166 0.027726823 0.040269665 0.6562553 0.0866397 0.8678326 0.836865 0.0004885388 0.40491676 0.33144277 0.3070949 0.00036053575 0.00025035965 0.28756127 0.56148785 0.15346912 0.018276082 0.14140545 0.2447425 0.09208362 0.052676838 0.049289845 0.0023366574 0.07618273 0.020439897 0.012576132 0.009847128 0.0093937805 0.00046622148 3.795604e-05 0.09914475 0.011298992 0.0018556358 6.6120796e-05 0.00023694264 0.01595339 0.0061184177 0.001576064 0.0031815064 0.0021295045 0.031673092 0.014099685 0.00086250564 0.0007945619 0.016016578 0.0084745195 0.002939044 0.0019637244 0.00021763929 0.03034085 0.0011408487 0.0023193313 0.0031419827 3.6357924e-05 0.0127091715 0.00014199463 0.00029398975 0.0016344318 2.1879812e-05 0.0049773017 0.004039762 0.0027330213 5.6982026e-05 1.7225446e-05 0.0034644788 0.00048573653 0.0014930096 0.00081077823 0.00034561293 0.0005811648 3.4016516e-06 0.00056402496 0.002488531 0.00033730338 0.0020715026 0.003604055 7.2818274e-08 5.7507253e-07 1.1475195e-06 0.016177835 1.0574425e-05 0.0014679672 0.00022405654 1.0650401e-05 0.00016232715 3.5574153e-06 5.1480634e-05 0.0001616354 0.0010852221 4.84681e-07 2.5174543e-06 1.0728048e-07 0.0012558686 9.1910084e-07 1.2963361e-05
0.154982 0.76244694 0.028715283 7.6367385e-22 0.52135247 0.2160153 0.012307431 0.20313571 0.1309858 0.019066704 0.8150282 0.0033196788 0.0029963683 0.5484123 0.0026926084 0.00024759254 0.00014650427 0.08142776 0.15204115 0.0035850261 0.004759835 0.01040505 0.026062893 0.00024779333 0.00024869508 0.00527859 0.009408157 0.0002113915 0.43041992 0.00061757653 0.00013903432 0.25743774 3.6854835e-05 1.9078889e-05 0.003513862 0.019219225 0.002934673 3.245868e-05 0.004437164 0.005206506 0.05034041 6.336667e-05 2.1334276e-05 0.011323997 0.00012421781 1.0791843e-05 0.005677888 0.0002335706 2.9356432e-05 1.8818762e-05 0.00025348648 0.0061488296 0.0015840709 7.944327e-06 6.2849354e-06 0.001364446 5.6999766e-06 0.00060631003 0.0037916335 0.0013261562 0.00018622208 0.0011326713 1.4323333e-05 0.000107378495 8.1015514e-07 0.004479851 0.0036563883 2.5401292e-05 3.769018e-06 3.9966605e-07 0.005326415 2.1300598e-06 0.00031255855 4.2427022e-05 1.3860206e-06 5.839042e-05 1.8920443e-06 1.4829075e-06 1.8889372e-05 1.6089073e-06 6.6882596e-05 0.003938186 7.616832e-05 0.0005091439 5.317492e-07 0.0040209168 1.0809632e-05 0.001431783 6.2701816e-05 7.108726e-07 6.518769e-07 1.3978e-06 3.997486e-06 4.762046e-06 1.1394073e-06 3.148227e-07 1.010519e-05 0.00017075766 0.00063628453 1.9619795e-06 5.1563828e-05
0.58426327 0.6414043 0.0137106255 0.52135247 7.915581e-21 0.43038648 0.009337894 0.9287681 0.6741573 0.019036286 0.075698875 0.0013389946 0.0019401639 0.58424366 0.0007413297 0.00047523942 0.0004209775 0.6852127 0.5406324 0.00096468645 0.00091319653 0.01359201 0.1897581 1.9794816e-05 8.4310326e-05 0.002893623 0.021463867 2.600181e-05 0.08698089 6.92358e-05 0.00013959272 0.0040057944 6.317343e-06 2.2400365e-05 0.057349477 0.015429 0.0015706198 3.5673966e-06 0.023857564 0.013271078 0.008230357 3.5492483e-06 2.9053073e-05 0.0006366785 1.5929962e-05 1.77191e-05 9.011057e-05 0.00010349875 3.7162401e-06 2.4547885e-06 0.00011288726 0.018808285 0.000109712295 1.1758058e-06 6.74424e-07 0.0014061854 9.231752e-07 5.4879933e-05 0.014081637 0.0023775403 0.00040793556 0.00042367826 8.098242e-06 1.37679035e-05 6.235062e-08 0.015730048 0.009932257 1.806303e-05 1.7972656e-06 1.5985133e-08 0.017822584 5.6140345e-07 4.9101578e-05 4.8202105e-06 2.1094993e-07 9.294895e-06 1.4271708e-07 1.3279265e-06 2.5102331e-06 1.3885423e-06 3.934852e-05 0.009736676 0.0012151783 0.0014988438 6.1639054e-07 0.009954722 2.4623032e-06 0.0075581707 1.033547e-05 1.9531721e-07 7.107028e-08 5.947799e-07 1.1938916e-06 1.1374134e-05 1.6440679e-07 1.6273658e-07 1.0369264e-05 0.008666332 0.0005434844 6.172273e-06 4.39244e-06
0.8813811 0.67104715 0.28286374 0.2160153 0.43038648 2.8589856e-18 0.2927044 0.5296332 0.67745185 0.41036773 0.1247796 0.04604494 0.09214967 0.064449534 0.07834329 0.00669057 0.0047835736 0.24134931 0.057849355 0.0651469 0.013040511 0.24281022 0.5263092 0.0013502286 0.0011639841 0.104916975 0.27055252 0.00075899047 0.01826711 0.005110438 0.0013419011 0.0143378135 0.00011011544 0.00044911055 0.15654416 0.0036654323 0.046836443 0.0004835868 0.13379401 0.0016498615 0.002685044 0.00026117882 0.00051879487 0.0020531742 4.374638e-05 0.00012922645 0.004408791 0.0008004314 1.4394539e-05 1.3015177e-05 0.0023384665 0.111477844 0.0021796748 0.00011718275 5.1308525e-06 0.046592202 7.0183734e-05 0.0016668175 0.038523305 0.00093820743 0.0028074216 0.001363557 8.1179714e-05 3.2349068e-05 7.3506897e-07 0.09922681 0.04299354 0.00037496063 9.725807e-06 1.9270693e-07 0.061758056 1.368371e-05 0.00015925716 1.2462474e-05 1.16416e-05 2.2589922e-05 1.4923212e-07 1.584295e-05 0.0015871072 9.506464e-06 0.0007696078 0.02369996 0.00020874609 0.013588888 3.34813e-07 0.051965736 1.5254197e-06 0.022709876 8.9774745e-05 3.9437655e-06 1.4006539e-05 1.3270037e-06 1.7379083e-05 2.1559095e-05 0.00016906983 5.3697335e-08 0.00085145695 0.002262334 0.0011089515 1.4073694e-06 4.697638e-06
0.7869949 0.37755585 0.8053166 0.012307431 0.009337894 0.2927044 2.6561873e-20 0.03129577 0.052273232 0.83847165 0.045830622 0.5479347 0.8354001 0.00041481265 0.5816318 0.19244665 0.17939703 0.0004929799 0.00041157947 0.45622417 0.23528765 0.310943 0.05649693 0.25433725 0.31759107 0.22829404 0.12818742 0.1806844 0.001472303 0.25111544 0.01645942 0.006403788 0.028159024 0.013412926 0.00094917795 5.880788e-05 0.19062953 0.031331345 0.0032220955 0.00011200033 0.00011041093 0.015858553 0.0052622273 0.000858007 0.002978157 0.0024829719 0.0181045 0.022444792 0.0008282349 0.00059512584 0.035674177 0.017966358 0.0015435512 0.0033410299 0.000199284 0.071453385 0.0020806706 0.0014379105 0.004840101 2.2532065e-05 0.010738004 6.27523e-05 0.00037166677 0.0016002234 2.156479e-05 0.009547004 0.006413352 0.004397313 6.466775e-05 1.20192335e-05 0.0072068796 0.00078589167 0.0015236381 0.0008961074 0.0006505892 0.00062860054 2.5313545e-06 0.0011724909 0.014733635 0.000412583 0.004506231 0.0051523936 2.0927799e-07 9.1227196e-07 1.3868456e-06 0.041796885 1.4679104e-05 0.003379169 0.00042159142 0.00012310008 0.005376967 4.520864e-06 0.00034287712 0.00024088818 0.010991758 1.0512581e-06 1.5822145e-05 1.5971831e-06 0.0018675376 1.0364068e-06 3.55759e-05
0.54701185 0.3810474 0.027726823 0.20313571 0.9287681 0.5296332 0.03129577 1.7086947e-20 0.9140573 0.08919138 0.026211508 0.0032173346 0.005916041 0.17119262 0.0056664706 0.0010748177 0.0009104087 0.54881877 0.13391238 0.008066923 0.002054359 0.11330841 0.45521227 0.000103387276 0.00021673084 0.030618403 0.107730225 0.000105657105 0.011153007 0.00050171424 0.0003656813 0.0029493866 2.0700836e-05 6.6769164e-05 0.18439634 0.0038333293 0.005899828 2.4978119e-05 0.14179063 0.0024839737 0.0028436587 5.9432487e-06 8.417375e-05 0.00039445912 2.3501925e-05 3.9216844e-05 0.00024129284 0.00031175476 5.9988893e-06 3.2926105e-06 0.00037445282 0.08256962 0.0001280242 7.03972e-06 6.9882043e-07 0.0065746354 3.0184278e-06 0.00022917222 0.05481259 0.0012659642 0.00037883027 0.00030040863 5.640895e-05 9.174196e-05 2.5759977e-07 0.060603198 0.03922763 2.2935948e-05 2.5130154e-05 5.0815668e-08 0.044092674 3.8888686e-07 0.0005069735 5.119823e-05 2.4438134e-07 6.789835e-05 9.674175e-07 4.5808136e-07 1.4860879e-05 5.0893146e-07 0.00010630243 0.022461198 0.0015336197 0.0038553725 8.614406e-07 0.027529173 1.0651001e-05 0.014881607 7.612119e-05 6.3473357e-07 1.6678335e-07 2.7676735e-06 9.554499e-06 3.6951686e-05 5.364955e-07 1.4743493e-06 1.0921627e-05 0.005220223 0.0009297081 6.830123e-06 8.010836e-06
0.7056077 0.39748225 0.040269665 0.1309858 0.6741573 0.67745185 0.052273232 0.9140573 9.371889e-19 0.13535467 0.022969332 0.0065314304 0.010221057 0.08318021 0.0101448335 0.0016049674 0.0013508351 0.3566475 0.0719794 0.016773067 0.0029079558 0.12421341 0.493559 0.0005389792 0.00057160197 0.04663691 0.14495564 0.00039885013 0.005753422 0.0018831886 0.0009500537 0.0020675582 5.1851857e-05 0.00018069791 0.19977736 0.0017452395 0.022062564 6.4145046e-05 0.16701151 0.0017456631 0.0012132209 1.0479274e-05 0.00015293936 0.0005087345 5.328381e-05 7.036307e-05 0.00087973435 0.000569272 1.0081329e-05 8.551058e-06 0.0012403652 0.09280821 0.0003695114 2.0329311e-05 2.2520412e-06 0.013507424 1.5962154e-05 0.0003840223 0.054221507 0.0010480813 0.0009468725 0.00022170569 0.00012382596 0.00014866643 6.9943184e-07 0.06780498 0.03956674 9.464622e-05 2.0296844e-05 9.3881326e-08 0.04738427 2.623281e-06 0.0005801542 0.000110952424 4.4169317e-07 0.0001275127 3.974259e-07 2.3883106e-06 8.924916e-05 3.0419947e-06 0.00017304385 0.01933936 0.0007529447 0.00808751 5.2229234e-07 0.036910046 1.4842339e-05 0.017934963 0.00038491105 1.2519182e-06 1.621908e-06 2.333989e-06 4.834752e-05 1.2092345e-05 7.733279e-06 8.517148e-07 0.00014147964 0.0044941753 0.00055212475 6.0783664e-06 4.2099837e-06
0.85086066 0.4351472 0.6562553 0.019066704 0.019036286 0.41036773 0.83847165 0.08919138 0.13535467 8.922167e-20 0.05878098 0.4423718 0.7017549 0.0007450596 0.6466915 0.11198403 0.08564219 0.00108657 0.0007033305 0.5721205 0.12507138 0.46087167 0.13778183 0.18940167 0.17419556 0.3395333 0.20243362 0.15689424 0.0019524377 0.26692232 0.008843402 0.007979179 0.010471882 0.0067138067 0.0033098601 0.000112063906 0.21420015 0.019585198 0.008425294 0.00015069007 0.00017144918 0.01014598 0.0030223916 0.0010523781 0.0012016827 0.001505129 0.011607633 0.015021143 0.0005135254 0.00038549677 0.02677255 0.03691206 0.0013825737 0.0027252887 0.00014168097 0.09708017 0.0015897673 0.0012766588 0.011381032 2.3380335e-05 0.006324695 0.00011084931 0.00023293417 0.00080328877 2.5989908e-05 0.026626011 0.0139250355 0.0034142688 3.4707933e-05 7.3685696e-06 0.017167343 0.0006805585 0.0013225011 0.0005780939 0.0006590232 0.0002555007 2.4821334e-06 0.0011521245 0.019066969 0.00033748147 0.0054897494 0.0102302665 3.634797e-07 7.326198e-06 1.413127e-06 0.059125144 8.37007e-06 0.0072210412 0.000617953 4.133072e-05 0.0029340088 1.6261843e-06 0.00044361438 0.0003021219 0.01043743 5.6165516e-07 5.11486e-05 3.2034468e-06 0.002744172 1.990422e-06 6.421048e-05
0.16660407 0.75415486 0.0866397 0.8150282 0.075698875 0.1247796 0.045830622 0.026211508 0.022969332 0.05878098 4.7774022e-21 0.023474354 0.009019882 0.05705133 0.014846771 0.00046961958 0.00021912107 0.001612718 0.005031301 0.011458786 0.027473178 0.01763439 0.009249829 0.0011493311 0.00049681414 0.010385841 0.010714078 0.0010021776 0.5157784 0.0011218901 0.00022296497 0.7179775 0.00018898245 5.1714618e-05 0.00028228588 0.0013549204 0.004459168 0.00027529243 0.0004973532 0.00017888643 0.017697645 0.0002529948 0.00012068341 0.123155214 0.0002260043 2.454635e-05 0.03329369 0.00026253783 4.7882608e-05 3.685842e-05 0.0003730577 0.0014758364 0.012463777 9.774085e-06 1.546229e-05 0.0013630172 7.354452e-06 0.0023576557 0.00069562916 0.0028087646 0.00040020695 0.0038252037 2.1930682e-05 0.00024964963 1.0871057e-06 0.00067168963 0.00094396656 9.125313e-05 2.5661616e-06 6.8641464e-07 0.00060686475 1.3647921e-05 0.00022292926 2.078471e-05 2.136397e-06 3.535352e-05 1.2361405e-06 5.472666e-06 0.00031638224 5.827274e-06 8.6283355e-05 0.0012196233 2.1398816e-06 0.00032359237 6.852759e-07 0.0016759046 2.3395983e-06 0.00024484712 4.7633654e-05 5.5921527e-07 1.445626e-06 5.7004524e-07 2.2442864e-06 6.120328e-06 5.1988145e-06 4.7161205e-07 0.00025890203 7.287267e-06 0.000474773 2.3555633e-06 2.0953463e-05
0.2871522 0.14170632 0.8678326 0.0033196788 0.0013389946 0.04604494 0.5479347 0.0032173346 0.0065314304 0.4423718 0.023474354 7.233771e-21 0.74378043 8.789371e-05 0.2361306 0.7049062 0.69779545 0.00011136055 2.3817518e-05 0.13564126 0.880593 0.04604528 0.0026668876 0.15389475 0.4858175 0.047422614 0.018009657 0.06427394 0.00044718862 0.053852502 0.089124925 0.004581404 0.04478652 0.08108366 6.9486836e-05 7.0186575e-06 0.048842117 0.020194184 0.00063519384 1.3200671e-05 7.6690056e-05 0.01880225 0.027607828 0.00076898444 0.0058421786 0.008272793 0.04660418 0.012168588 0.0015992149 0.0011407186 0.011339981 0.0016122119 0.0013735407 0.0021732475 0.00035786672 0.01196745 0.0012147648 0.0022497145 0.00076493894 5.3144986e-06 0.007627642 1.874382e-05 0.00029159788 0.0036821796 3.2463136e-05 0.0006343941 0.0011754326 0.0027283768 7.789679e-05 1.9920448e-05 0.0006069895 0.00041431712 0.0016494719 0.0012514826 0.00015640534 0.0005191264 3.8072646e-06 0.00035747956 0.0022466313 0.0003130591 0.0015712887 0.0015153767 2.491582e-08 8.501469e-09 1.453406e-06 0.0050521255 1.3042687e-05 0.00027082444 0.00019163163 7.5086296e-06 0.00015051743 2.341853e-06 1.5804275e-05 5.4379576e-05 0.00058488233 4.583409e-07 3.2573553e-08 6.7075114e-09 0.00074332324 1.3734364e-06 5.780117e-06
0.712487 0.12751909 0.836865 0.0029963683 0.0019401639 0.09214967 0.8354001 0.005916041 0.010221057 0.7017549 0.009019882 0.74378043 2.975026e-21 7.369178e-05 0.57045513 0.4829501 0.5054366 0.00017485688 6.150676e-05 0.4511816 0.4793148 0.20809728 0.0083771935 0.4298312 0.63496387 0.17429073 0.048848312 0.30376709 0.0003723662 0.28911364 0.10994499 0.0019459983 0.17074363 0.10552298 0.00012722664 2.1913684e-05 0.18171439 0.110379905 0.0011712589 6.575689e-05 6.549428e-05 0.034312114 0.021099282 0.00035824263 0.010417238 0.008613885 0.018078137 0.0563143 0.0029479845 0.001821162 0.052312855 0.004881157 0.00069729966 0.006095625 0.00046371832 0.055832345 0.0034559106 0.0013231767 0.002733664 4.1167486e-06 0.014158797 1.4028488e-05 0.0010868844 0.0042700996 5.8998303e-05 0.002353382 0.0031973515 0.009096319 0.00013610377 3.104613e-05 0.0030361025 0.0014731584 0.0023344823 0.0016228434 0.0010055504 0.0011761867 9.42743e-06 0.0013238519 0.011829504 0.0010272731 0.0054691867 0.004842569 1.7554451e-07 4.954025e-08 2.4531057e-06 0.033872295 2.5901822e-05 0.0018121807 0.00027899208 0.0016123126 0.021170177 3.1481295e-06 0.00023307995 0.00076749356 0.026457306 2.8983043e-06 1.8096996e-07 2.7352218e-07 0.00225053 1.6566283e-06 5.357808e-05
0.1590382 0.1031496 0.0004885388 0.5484123 0.58424366 0.064449534 0.00041481265 0.17119262 0.08318021 0.0007450596 0.05705133 8.789371e-05 7.369178e-05 2.9388838e-22 6.756214e-05 1.4869994e-05 1.3120083e-05 0.4287389 0.89628416 8.341435e-05 0.00012879411 0.0010470409 0.011405728 1.4131176e-06 9.495514e-07 0.00029838627 0.001661092 9.476182e-07 0.6381476 8.500675e-07 6.619269e-06 0.029339606 1.4891181e-07 3.758743e-07 0.0036191808 0.43661433 5.4264412e-05 9.395387e-08 0.0016441254 0.3881004 0.36313504 4.775769e-07 1.2408389e-06 0.0018756606 1.7919666e-06 4.4967604e-07 9.475531e-05 6.7340216e-07 4.5177924e-07 3.679127e-07 1.3130992e-06 0.0031022367 0.0003430843 7.868699e-08 5.4044428e-08 8.842878e-05 1.0194396e-07 5.4451244e-05 0.0057693007 0.0076619727 8.413919e-06 0.0003802734 1.072971e-06 2.4601695e-06 6.896041e-09 0.0019766171 0.0031593812 8.776355e-07 1.1087165e-07 4.771367e-09 0.010619554 1.4031339e-07 3.0532394e-06 6.021239e-07 3.0316986e-08 7.326286e-07 3.705471e-08 9.6359855e-08 2.5302865e-07 1.15017365e-07 2.1653414e-06 0.0021412016 0.0024554618 0.00013283105 1.04263805e-07 0.00079584087 2.3080658e-07 0.0027132297 3.4602483e-06 3.031382e-07 1.2033317e-07 4.7331724e-08 6.8834396e-07 2.0945301e-06 1.3765776e-07 1.637092e-08 3.6912166e-07 0.0035746866 0.000207172 2.6895154e-07 1.4301842e-06
0.8484443 0.06726746 0.40491676 0.0026926084 0.0007413297 0.07834329 0.5816318 0.0056664706 0.0101448335 0.6466915 0.014846771 0.2361306 0.57045513 6.756214e-05 2.4763125e-19 0.07396548 0.07495654 0.0001775827 9.553511e-05 0.7268341 0.06970378 0.4478803 0.036502343 0.40384966 0.24937215 0.40018073 0.17894085 0.40785298 0.00033304797 0.4180027 0.024454838 0.0023706572 0.10703281 0.024545236 0.00047276964 3.3134496e-05 0.2759061 0.12012325 0.0038195245 3.5321675e-05 5.2174077e-05 0.013752623 0.006141424 0.00018262684 0.003382124 0.002662795 0.0038468943 0.042677347 0.000814542 0.00040353762 0.05824123 0.013659335 0.00015701001 0.004354627 0.00015805714 0.13236171 0.0022440725 0.0009216082 0.0066450913 9.958914e-07 0.005390139 6.050063e-06 0.0005718004 0.0004255854 3.3831704e-05 0.015894558 0.0100013735 0.007615344 9.5578216e-05 6.131978e-06 0.014363687 0.0006866246 0.00056089857 0.0002393409 0.0005898936 0.0001453402 1.187399e-06 0.00097362907 0.04019053 0.00018845296 0.012788407 0.010038082 5.74279e-07 4.4250817e-07 8.104789e-07 0.06674518 3.8018295e-06 0.008936346 0.00011541695 0.0041455724 0.028115304 7.7294703e-07 0.00023905278 0.00089395756 0.029343294 1.495407e-07 9.436712e-06 5.8730225e-06 0.003529528 4.588106e-07 5.5452274e-05
0.07717911 0.00476739 0.33144277 0.00024759254 0.00047523942 0.00669057 0.19244665 0.0010748177 0.0016049674 0.11198403 0.00046961958 0.7049062 0.4829501 1.4869994e-05 0.07396548 5.186593e-21 0.86215276 7.187941e-05 3.6802412e-06 0.045836568 0.7970138 0.01128546 0.001174521 0.13815205 0.5684325 0.015050251 0.003417005 0.063623145 2.9803234e-05 0.024666514 0.4078757 0.000395938 0.07421284 0.4167644 1.3421038e-05 7.0481037e-06 0.014763616 0.029837942 0.00022050168 7.1529466e-06 1.6276032e-05 0.033558775 0.10918199 8.541103e-05 0.009446565 0.02970247 0.016258597 0.014364536 0.0014704422 0.0013977429 0.006989042 0.00084305304 0.00013759379 0.0026128707 0.0005296648 0.004666616 0.0015043528 0.00051857077 0.00033115747 4.4142644e-06 0.0042024306 3.575762e-06 0.00027109394 0.008678234 3.2881908e-05 0.0002476643 0.0006564764 0.003012402 6.980804e-05 5.768963e-05 0.0002569252 0.0010087104 0.001983067 0.0018058957 0.00021170643 0.0011562268 9.577986e-05 0.00023802863 0.00036614144 0.0005097549 0.0012430842 0.0030565301 1.0697399e-07 2.6234648e-09 4.000469e-06 0.0042143567 4.9244274e-05 0.000121646306 0.00013859084 0.0001090653 0.0005161699 9.977645e-06 3.479772e-05 0.0001923248 0.0010062334 1.7205948e-06 2.6508767e-10 1.8745123e-09 0.0007305038 1.1712537e-05 7.101063e-05
0.10311458 0.0024884597 0.3070949 0.00014650427 0.0004209775 0.0047835736 0.17939703 0.0009104087 0.0013508351 0.08564219 0.00021912107 0.69779545 0.5054366 1.3120083e-05 0.07495654 0.86215276 2.3338521e-20 4.7227953e-05 2.9293324e-06 0.04256938 0.8246945 0.008644466 0.0012274247 0.1485754 0.6511726 0.011819642 0.0030514786 0.0631323 2.17937e-05 0.02870003 0.5042622 0.00024604416 0.0810509 0.50781506 9.0773365e-06 7.639534e-06 0.016344022 0.03710773 0.00015925412 6.5177583e-06 1.6754044e-05 0.0506634 0.1435348 8.060506e-05 0.009480535 0.04590345 0.013271557 0.012917084 0.001431058 0.0014019147 0.0065925955 0.000543472 0.00013062822 0.0024326097 0.0005086062 0.0039656614 0.001355464 0.00041568035 0.00017241675 4.616356e-06 0.004712877 4.3519153e-06 0.0002056178 0.010528022 2.9989353e-05 0.00018581601 0.0004420282 0.0027396155 5.8644902e-05 4.318294e-05 0.00015033138 0.00078203715 0.0025066365 0.001759727 0.00024247552 0.0010380262 6.72426e-05 0.00021068427 0.00046711866 0.00045858012 0.0010131283 0.0028588383 5.995811e-08 1.947605e-09 4.1097464e-06 0.0035733383 4.632089e-05 7.112503e-05 0.00013625156 0.00018816366 0.00077062496 1.1415244e-05 4.8707945e-05 0.00021463506 0.001255231 1.1311681e-06 2.1380334e-10 1.9297413e-09 0.0007557543 8.6087275e-06 5.4523472e-05
0.95129573 0.041088995 0.00036053575 0.08142776 0.6852127 0.24134931 0.0004929799 0.54881877 0.3566475 0.00108657 0.001612718 0.00011136055 0.00017485688 0.4287389 0.0001775827 7.187941e-05 4.7227953e-05 4.8557327e-19 0.850247 0.00019335134 3.071901e-05 0.0036429216 0.26560852 5.021824e-06 4.850535e-06 0.0012704652 0.015743487 9.462207e-06 0.005754295 3.3250573e-05 1.7393855e-05 0.00014945223 8.6782535e-07 2.1348093e-07 0.41834784 0.01757949 0.00034825402 1.4801452e-06 0.093567125 0.05835773 0.0019898964 6.3872335e-08 1.2828405e-06 0.00012586388 6.376008e-07 5.354962e-07 1.5628106e-05 3.540999e-06 1.2401155e-07 9.6879724e-08 2.7279575e-06 0.0469726 9.129531e-06 1.8311715e-07 1.1214064e-08 0.0005487394 1.5389087e-07 5.3171593e-06 0.11871451 0.0016267669 5.217495e-06 3.074454e-05 1.2231053e-06 1.6882265e-06 3.8898587e-09 0.09248715 0.0745365 1.1618613e-06 1.2297727e-07 6.6456185e-10 0.3470485 7.1762244e-08 2.5244046e-06 1.4059501e-06 3.5479366e-09 2.369666e-06 3.7563222e-08 5.40997e-08 1.2710552e-07 6.2229404e-09 1.48931285e-05 0.06257488 0.0057970067 4.0764324e-05 4.482075e-07 0.018443959 1.0256574e-05 0.16036381 5.6976837e-06 8.6632696e-07 1.7953125e-06 1.1957762e-06 2.3164575e-06 2.025044e-07 1.5633598e-06 1.9390538e-09 3.8888876e-07 0.020122722 0.000103742736 2.0562945e-07 1.944667e-07
0.6468003 0.040232327 0.00025035965 0.15204115 0.5406324 0.057849355 0.00041157947 0.13391238 0.0719794 0.0007033305 0.005031301 2.3817518e-05 6.150676e-05 0.89628416 9.553511e-05 3.6802412e-06 2.9293324e-06 0.850247 1.2735439e-20 0.00018750873 2.5006173e-05 0.0011302349 0.018065471 6.8101446e-07 3.5173932e-07 0.0005409148 0.0019139166 2.6363502e-06 0.16269846 4.2039937e-06 2.9165346e-06 0.00044212223 1.732834e-07 3.7874877e-08 0.04014412 0.30794314 0.00017244324 2.2560792e-07 0.0060143303 0.56118506 0.10055199 1.7123396e-08 6.8696664e-07 0.00010013455 1.3776183e-06 2.3005127e-07 1.8154058e-05 3.5903083e-06 2.390556e-07 2.32118e-07 6.735174e-06 0.006057283 3.9739938e-05 1.4120513e-07 5.516146e-08 0.0001084307 1.7486697e-07 1.8349301e-05 0.023416616 0.012036465 9.788117e-07 5.0140978e-05 2.6147052e-07 1.8198666e-06 7.416767e-09 0.00829413 0.0151894335 1.6634152e-06 4.0539604e-08 3.8963632e-09 0.081141606 2.4223016e-07 1.117577e-06 5.1513837e-07 1.4134437e-08 8.995978e-07 2.3526647e-08 1.946929e-07 1.8877178e-07 3.490733e-07 1.5167161e-06 0.010213232 0.01274953 6.632671e-06 1.3089353e-07 0.0021589228 5.4289984e-07 0.01941318 2.3974728e-06 3.011408e-07 1.7550465e-07 1.3433062e-07 1.973444e-07 1.3328118e-05 2.439578e-07 4.2522164e-09 3.9935767e-08 0.011907738 0.00035290155 8.518191e-08 6.4755227e-06
0.8705928 0.057763014 0.28756127 0.0035850261 0.00096468645 0.0651469 0.45622417 0.008066923 0.016773067 0.5721205 0.011458786 0.13564126 0.4511816 8.341435e-05 0.7268341 0.045836568 0.04256938 0.00019335134 0.00018750873 6.4082807e-20 0.038983893 0.6287722 0.055798303 0.34411484 0.147645 0.5830437 0.28389588 0.47367984 0.0002171123 0.49009746 0.017684206 0.0019473742 0.07190074 0.010432493 0.0009478985 2.6770635e-05 0.32130367 0.08188096 0.005691461 7.374957e-05 2.8094824e-05 0.006314895 0.0025659415 8.240064e-05 0.0021574479 0.0015377167 0.0025379115 0.03580449 0.00059723284 0.0003157643 0.049764168 0.021497658 8.8398345e-05 0.0027319046 0.00012573719 0.14606287 0.0013470792 0.000858081 0.010382351 1.7288781e-06 0.0044023357 8.380509e-06 0.00040371486 0.00012089571 2.9806532e-05 0.024118675 0.014809544 0.0051899403 9.527262e-05 3.797528e-06 0.02326002 0.00020133067 0.0005161625 0.00019742978 0.00035906065 0.00016039421 6.730002e-07 0.00024273235 0.04339504 6.235006e-05 0.011876765 0.015630975 9.4428657e-07 7.5127514e-07 6.344503e-07 0.090199836 2.611178e-06 0.017277163 0.00019655527 0.0013669799 0.01732284 8.6380004e-07 0.00028551396 0.0003889218 0.021247232 5.3197713e-08 1.0773149e-05 5.6962326e-06 0.0039688996 2.8240527e-07 3.4450644e-05
0.14654432 0.052495293 0.56148785 0.004759835 0.00091319653 0.013040511 0.23528765 0.002054359 0.0029079558 0.12507138 0.027473178 0.880593 0.4793148 0.00012879411 0.06970378 0.7970138 0.8246945 3.071901e-05 2.5006173e-05 0.038983893 3.151378e-20 0.015900638 0.00060017966 0.077644676 0.24143901 0.016817862 0.004561002 0.044529535 0.0017809824 0.026977297 0.25482926 0.027757896 0.030944059 0.24697715 7.3359515e-06 1.2346683e-05 0.007913141 0.014942844 4.8132995e-05 1.2238912e-05 0.0001337223 0.02724863 0.34205952 0.002474035 0.0061727357 0.065754 0.456246 0.002726881 0.0010158513 0.0008445151 0.0023524587 0.00029744784 0.00898428 0.00025173393 0.000259449 0.0018448493 0.0002263453 0.015664568 8.818271e-05 4.6325793e-05 0.0253496 0.00024065512 0.0020420202 0.041396506 2.2893095e-05 9.997843e-05 0.00045245927 0.0009108915 0.0006269243 6.411643e-05 2.7344917e-05 0.00022820715 0.0056199622 0.0044664606 0.00010444449 0.0051106205 5.547264e-05 0.00011222689 0.0055256193 0.00010907486 0.0005302526 0.0006585966 2.5706404e-07 1.5370576e-07 1.2504785e-05 0.0015043865 1.5768654e-05 8.69913e-06 0.00049946335 0.00021959971 0.00092829677 7.4299046e-06 8.609314e-05 1.6120845e-05 0.0018953079 2.4206288e-06 1.2966191e-07 1.2744969e-08 9.3421775e-05 1.079522e-05 6.1759647e-06
0.93277055 0.0983049 0.15346912 0.01040505 0.01359201 0.24281022 0.310943 0.11330841 0.12421341 0.46087167 0.01763439 0.04604528 0.20809728 0.0010470409 0.4478803 0.01128546 0.008644466 0.0036429216 0.0011302349 0.6287722 0.015900638 1.978254e-19 0.48629442 0.05127928 0.0075761215 0.81466705 0.75391346 0.13783778 0.0007648201 0.26503813 0.005049132 0.0027376476 0.003547995 0.0023642 0.091113076 0.00017582289 0.34992775 0.007148129 0.15098365 0.00018873012 7.0737835e-05 0.0017272937 0.00034829657 0.00023115518 0.0004560734 0.00016705229 0.0014380984 0.0065214434 0.00033746104 0.00020551567 0.015986066 0.17797239 8.299324e-05 0.0010438508 7.62759e-05 0.16596645 0.00056615827 0.00046740388 0.060063306 1.10312985e-05 0.0023917432 7.47824e-05 0.00020450857 2.8433184e-05 2.2892396e-05 0.111364126 0.06773264 0.0015186674 2.4184103e-05 3.5611863e-06 0.07917392 4.0922434e-05 0.00070930866 0.00020663507 0.00011639164 0.00010916406 7.750515e-07 6.355919e-05 0.0105267335 8.328494e-05 0.009303095 0.052494958 9.823575e-06 0.00032831603 5.469841e-07 0.16099665 1.4636825e-06 0.04297157 0.00014638361 4.406479e-06 0.00018086428 2.391037e-07 9.803196e-05 0.00079028535 0.0021264737 1.14913206e-07 0.00019243322 7.88365e-05 0.0053406567 8.350077e-07 0.00019742866
0.9328294 0.1611339 0.018276082 0.026062893 0.1897581 0.5263092 0.05649693 0.45521227 0.493559 0.13778183 0.009249829 0.0026668876 0.0083771935 0.011405728 0.036502343 0.001174521 0.0012274247 0.26560852 0.018065471 0.055798303 0.00060017966 0.48629442 3.620748e-18 0.0006083612 0.00040732286 0.3240132 0.75487083 0.0005984484 0.0016371713 0.009865372 0.0003452486 0.00058165164 5.420307e-05 5.60362e-05 0.63102615 0.00054880977 0.11514722 0.00019559973 0.6872464 0.0007664725 0.0003183702 2.4007732e-05 1.8639683e-05 0.00014065577 2.1513602e-05 7.977177e-06 2.352343e-05 0.00022129505 1.6505861e-05 8.811693e-06 0.0007732627 0.41864827 1.4265954e-05 3.368901e-05 5.8409323e-06 0.060227912 2.4952193e-05 3.032848e-05 0.25882638 0.0001417653 9.62508e-05 0.00012351424 8.167231e-06 6.3550674e-06 8.933754e-07 0.34568343 0.21980053 8.3897656e-05 1.1352672e-06 1.1746083e-07 0.20572391 2.7599192e-06 1.6256054e-05 4.540697e-06 2.1960368e-06 6.9189296e-06 1.0036423e-07 7.801533e-06 5.8583546e-06 3.0934812e-06 0.0014130858 0.10521496 0.00088278466 0.003379251 1.4958533e-07 0.15897599 9.029025e-07 0.069254085 1.6054992e-05 1.0119867e-07 3.6577651e-07 4.0681252e-07 1.5616239e-06 0.00010007526 1.5805472e-06 8.799369e-09 8.928201e-05 0.002170998 0.001092616 1.2360485e-06 1.5031767e-05
0.8038154 0.0021330046 0.14140545 0.00024779333 1.9794816e-05 0.0013502286 0.25433725 0.000103387276 0.0005389792 0.18940167 0.0011493311 0.15389475 0.4298312 1.4131176e-06 0.40384966 0.13815205 0.1485754 5.021824e-06 6.8101446e-07 0.34411484 0.077644676 0.05127928 0.0006083612 2.8202607e-18 0.64879864 0.18705687 0.008357077 0.7562672 1.22427045e-05 0.52423996 0.14545812 0.00035325784 0.62988293 0.14327149 1.1012431e-05 8.226311e-06 0.25585023 0.41067424 0.0003827198 1.7198165e-05 1.45898675e-05 0.08851289 0.026646474 5.1295046e-05 0.11108671 0.018272031 0.0019975684 0.21900897 0.0071094083 0.0040046717 0.13535707 0.0014332549 1.5520645e-05 0.027271282 0.0013594558 0.11832365 0.01100744 0.00013809385 0.0010320892 2.0005317e-07 0.017159812 4.765964e-07 0.0037871434 0.0030624666 0.00021908304 0.001490043 0.0018353038 0.038196977 0.0007095342 4.2973134e-05 0.0016271485 0.0063585932 0.0032749125 0.0010122402 0.004637616 0.000658071 1.0679225e-05 0.0029372072 0.010063591 0.0012055936 0.027765214 0.004734268 1.1680601e-07 1.4286054e-08 1.528166e-06 0.0504799 2.892918e-05 0.0027301635 0.0003341481 0.018701991 0.05114552 2.4955464e-06 0.0037119177 0.002979552 0.054242715 1.1281946e-06 2.8750117e-08 5.5334516e-07 0.005712679 9.382705e-07 0.00019546528
0.7624118 0.0015979473 0.2447425 0.00024869508 8.4310326e-05 0.0011639841 0.31759107 0.00021673084 0.00057160197 0.17419556 0.00049681414 0.4858175 0.63496387 9.495514e-07 0.24937215 0.5684325 0.6511726 4.850535e-06 3.5173932e-07 0.147645 0.24143901 0.0075761215 0.00040732286 0.64879864 1.9398663e-18 0.024899594 0.0028625198 0.51871 9.406855e-06 0.24999171 0.8407908 0.0003006695 0.65110403 0.63037896 2.105577e-06 6.6615266e-06 0.08327812 0.362673 0.0002652559 1.9392743e-05 7.0616875e-06 0.43760327 0.11312894 3.909958e-05 0.2528423 0.06872165 0.007707797 0.16653992 0.01883455 0.011371034 0.06507114 0.0007990098 6.829957e-05 0.024282968 0.0015567222 0.022550782 0.010765705 0.00018356399 0.00039358073 1.3059222e-06 0.068934925 4.2006877e-06 0.0065466743 0.013151164 0.00021943892 0.0003720439 0.0010541399 0.023590283 0.0010252394 0.00018611253 0.00015222548 0.011805183 0.010642888 0.00591145 0.0048455927 0.008698842 7.92821e-05 0.002068502 0.0012408621 0.0016955052 0.010363442 0.0036942353 2.493235e-07 2.2982746e-08 8.741894e-06 0.011766927 4.4143337e-05 0.00049470545 0.0010918572 0.0026268524 0.008742895 5.535513e-06 0.0008057437 0.0015802459 0.011588559 4.5884804e-06 1.1560266e-08 6.3264076e-07 0.0032342437 2.8279649e-06 0.00026649272
0.9437293 0.047321726 0.09208362 0.00527859 0.002893623 0.104916975 0.22829404 0.030618403 0.04663691 0.3395333 0.010385841 0.047422614 0.17429073 0.00029838627 0.40018073 0.015050251 0.011819642 0.0012704652 0.0005409148 0.5830437 0.016817862 0.81466705 0.3240132 0.18705687 0.024899594 1.4916191e-19 0.75310576 0.34846908 0.00016910658 0.5092597 0.0075324853 0.0011751154 0.03151017 0.0030207073 0.03788005 5.4160497e-05 0.5837136 0.04945629 0.15468673 0.0001613394 2.952458e-05 0.0026270554 0.0005798998 5.884451e-05 0.0015993766 0.0003017717 0.0011844935 0.05281983 0.00054847676 0.00026728687 0.07682523 0.15003978 4.363629e-05 0.003019037 8.722678e-05 0.3506166 0.0015681383 0.001030865 0.04572063 3.964566e-06 0.0014238512 5.682592e-06 0.00035679885 4.0775405e-05 1.1344214e-05 0.113220975 0.057840385 0.005752275 6.4392356e-05 4.296496e-06 0.06960779 0.00020174985 0.00040004725 0.00014546458 0.00015110207 0.0001714451 5.8972483e-07 0.000117241994 0.03345331 4.536842e-05 0.017531978 0.063953355 3.0121046e-06 3.4919738e-06 5.309774e-07 0.26870477 6.4881337e-06 0.0618055 0.0001740719 0.00035604832 0.012177533 1.2022988e-06 0.0001274711 0.00037898056 0.014066779 1.5343371e-08 7.5410775e-05 9.262022e-06 0.0056434995 1.2809936e-07 6.338595e-05
0.96371883 0.0752902 0.052676838 0.009408157 0.021463867 0.27055252 0.12818742 0.107730225 0.14495564 0.20243362 0.010714078 0.018009657 0.048848312 0.001661092 0.17894085 0.003417005 0.0030514786 0.015743487 0.0019139166 0.28389588 0.004561002 0.75391346 0.75487083 0.008357077 0.0028625198 0.75310576 1.3886788e-17 0.018643647 0.0004866927 0.15786321 0.001316731 0.0009840548 0.0010670816 0.00045225606 0.41982785 0.00032067328 0.4655057 0.0029316507 0.5447084 0.00018551359 0.00012221446 0.0005892339 5.934773e-05 0.00020178064 0.00025055025 2.2252534e-05 0.0003169775 0.0065667117 0.00010328616 8.987626e-05 0.012651279 0.46501103 4.228548e-05 0.00047553433 3.105022e-05 0.2673612 0.00037027145 0.00027171746 0.17883411 2.7153237e-05 0.00030138 0.0001018752 5.0821607e-05 2.2381402e-05 6.361197e-06 0.32662252 0.1813523 0.0016915433 5.7591524e-06 8.5583804e-07 0.17559703 5.019064e-05 0.00028827324 5.9047557e-05 1.6244523e-05 5.0264454e-05 3.3552803e-07 4.642787e-05 0.0054191393 5.0329116e-05 0.0072206655 0.12206025 0.000119285025 0.0034456726 4.2035705e-07 0.3102396 8.5656467e-07 0.08753314 3.901428e-05 4.7343303e-07 1.6051656e-05 3.9617822e-07 1.4576599e-05 0.00049713574 0.00017490292 3.2490593e-08 0.00031622237 0.0004727548 0.0036964642 6.930384e-07 0.00024091439
0.88897896 0.0023215287 0.049289845 0.0002113915 2.600181e-05 0.00075899047 0.1806844 0.000105657105 0.00039885013 0.15689424 0.0010021776 0.06427394 0.30376709 9.476182e-07 0.40785298 0.063623145 0.0631323 9.462207e-06 2.6363502e-06 0.47367984 0.044529535 0.13783778 0.0005984484 0.7562672 0.51871 0.34846908 0.018643647 7.4884134e-19 7.0276924e-06 0.7292836 0.0993216 0.00015581102 0.64876306 0.061062206 1.5324938e-05 1.6533982e-05 0.3835364 0.5088838 0.0005723599 3.7538495e-05 1.08805725e-05 0.043678828 0.014749966 2.6257952e-05 0.16186163 0.012297212 0.00079912227 0.3802082 0.01116096 0.0065504904 0.19984937 0.0013966142 3.0079324e-05 0.047706954 0.0016292969 0.23693518 0.027350511 0.0002672644 0.0017053949 1.0636804e-06 0.0073411455 8.34507e-07 0.0032468822 0.0011124103 0.00029444456 0.0017276119 0.0026171005 0.07336371 0.00057896035 6.773381e-05 0.0031641186 0.007844368 0.001895121 0.0007137179 0.0043624896 0.0005332369 2.0547224e-05 0.0024427292 0.011887514 0.0011054727 0.04600912 0.0077738343 6.140045e-07 4.2179924e-08 4.651338e-06 0.10008491 6.957072e-05 0.006173107 0.00032804935 0.034215197 0.05378993 1.0206828e-05 0.0059888405 0.0027132442 0.04884504 6.945145e-07 1.3963113e-07 8.9978226e-07 0.010642924 1.2053274e-06 0.0002613144
0.015869278 0.06485048 0.0023366574 0.43041992 0.08698089 0.01826711 0.001472303 0.011153007 0.005753422 0.0019524377 0.5157784 0.00044718862 0.0003723662 0.6381476 0.00033304797 2.9803234e-05 2.17937e-05 0.005754295 0.16269846 0.0002171123 0.0017809824 0.0007648201 0.0016371713 1.22427045e-05 9.406855e-06 0.00016910658 0.0004866927 7.0276924e-06 2.9491808e-23 6.64567e-06 1.7635686e-05 0.6710046 9.292586e-07 4.6215323e-06 0.000198357 0.3947826 6.84395e-05 9.4508204e-07 0.00020842483 0.1537164 0.7462759 8.0768115e-07 5.9270437e-06 0.42269865 1.1751877e-05 6.399358e-07 0.00902332 8.909596e-06 1.0745665e-06 9.353196e-07 1.0782781e-05 0.0005316947 0.006997239 5.5315104e-07 3.1499448e-07 7.613034e-05 2.6196474e-07 0.00044878924 0.00046091044 0.11501799 1.1228004e-05 0.025012959 1.3985441e-06 1.2645759e-05 2.9228776e-08 0.00017561343 0.00049753464 1.7107092e-06 1.5308608e-07 3.1447986e-08 0.0004621283 4.905009e-07 4.677084e-06 2.9438658e-07 2.4285146e-07 9.0543296e-08 2.4577574e-07 1.489126e-06 2.0418076e-06 4.772072e-07 4.8385897e-05 0.0012303024 0.00039861302 0.00056580367 8.6276465e-08 0.00074501656 3.098855e-08 0.00041578917 9.367845e-07 2.5345724e-08 2.4719895e-08 3.4096704e-08 3.453701e-08 5.142762e-06 4.4608104e-08 5.8067386e-09 4.0931016e-05 0.00012797721 0.00010735382 8.086919e-08 5.925134e-06
0.90344924 0.004464674 0.07618273 0.00061757653 6.92358e-05 0.005110438 0.25111544 0.00050171424 0.0018831886 0.26692232 0.0011218901 0.053852502 0.28911364 8.500675e-07 0.4180027 0.024666514 0.02870003 3.3250573e-05 4.2039937e-06 0.49009746 0.026977297 0.26503813 0.009865372 0.52423996 0.24999171 0.5092597 0.15786321 0.7292836 6.64567e-06 3.8962324e-19 0.04044177 6.180494e-05 0.38033912 0.030088231 0.00010156876 7.542893e-06 0.56638753 0.35340038 0.0030761065 1.3816136e-05 3.601244e-06 0.026569737 0.0032815777 1.02563e-05 0.025871033 0.0023974353 0.00018424922 0.32078663 0.0051389453 0.002806885 0.2083549 0.0056443634 2.7051556e-05 0.026933748 0.000598164 0.32355204 0.013974751 0.00015749455 0.002869112 1.1328003e-06 0.0016054135 1.0190338e-06 0.0007554549 0.00013776383 9.0876565e-05 0.006704836 0.0053643445 0.045994382 0.00013392213 1.46927605e-05 0.0072645363 0.002728261 0.0006948203 0.00012248423 0.0011400569 0.00016212849 9.36679e-07 0.001001834 0.016066903 0.00021520299 0.050868526 0.018720672 1.0961262e-06 7.0838986e-08 3.674071e-07 0.118590444 1.2616835e-05 0.017997794 0.000111969355 0.019978609 0.04738861 1.5271547e-06 0.0027701452 0.0011899299 0.04528124 1.9203208e-08 5.0550966e-07 1.4990743e-06 0.011506702 1.2789148e-07 9.87236e-05
0.19151549 0.0007366779 0.020439897 0.00013903432 0.00013959272 0.0013419011 0.01645942 0.0003656813 0.0009500537 0.008843402 0.00022296497 0.089124925 0.10994499 6.619269e-06 0.024454838 0.4078757 0.5042622 1.7393855e-05 2.9165346e-06 0.017684206 0.25482926 0.005049132 0.0003452486 0.14545812 0.8407908 0.0075324853 0.001316731 0.0993216 1.7635686e-05 0.04044177 3.9628008e-19 0.0003438854 0.16740553 0.9007756 1.1199969e-06 1.8784065e-05 0.018298801 0.06225565 4.831668e-05 3.7444606e-05 1.9418449e-05 0.32470316 0.20498683 0.00010281159 0.08906079 0.16742145 0.010443991 0.04560415 0.009048806 0.0059246174 0.020124266 0.0005800212 0.00022487361 0.0075957747 0.001266289 0.00352599 0.004154085 0.0005333373 0.00028176061 2.4553597e-06 0.024075476 5.97177e-06 0.0043816064 0.013101336 0.00023799435 6.2567175e-05 0.00064092036 0.007923489 0.00081889593 0.00043622148 6.4913176e-05 0.003858201 0.009156514 0.0067244535 0.0017625816 0.0043189246 0.00052280695 0.00091980066 0.00016988943 0.0013919697 0.0018014201 0.0033579727 4.0415821e-07 7.1199002e-09 4.5712564e-05 0.0023861034 0.00023288664 5.441314e-05 0.0009131808 0.0012723434 0.0022613765 6.663157e-05 0.00036412285 0.0006113288 0.001508401 6.230126e-05 1.279562e-10 2.8736684e-08 0.0011967284 4.6572524e-05 0.00027476967
