1.1349085e-31 0.8782545 0.96793634 0.963618 0.87879014 0.9862707 0.973459 0.9762014 0.99174875 0.9614053 0.8963975 0.97423 0.7859755 0.99691486 0.8230744 0.69539464 0.9084789 0.5856232 0.9074616 0.93371946 0.7745339 0.9283193 0.72720224 0.44534755 0.5870043 0.3831256 0.3108595 0.2822377 0.8884307 0.1525756 0.4958107 0.3329613 0.9980471 0.5979915 0.9260178 0.28787395 0.6079676 0.034591533 0.6539115 0.30535355 0.1461101 0.29034737 0.1251528 0.93493444 0.98330086 0.31949973 0.9949505 0.115639985 0.3238068 0.21975116 0.085953325 0.043330256 0.06872294 0.010167226 0.0794191 0.045795977 0.04007856 0.020885173 0.087887995 0.024055017 0.03559187 0.004873871 0.0037582612 0.0056752814 0.0083249165 0.0065002944 0.0006319811 0.0068990714 0.00049485697 0.00024799758 0.0018672964 0.03679926 0.08751678 0.043728955 0.99901515 0.001250434 0.00042623185 0.008718187 0.00022181419 0.017272247 0.00020893788 0.00010700353 0.92942244 6.1308936e-05 5.2254352e-05 6.208454e-05 0.9870675 0.002021602 0.95192295 0.0001782179 1.4834853e-05 1.1247015e-05 5.0762346e-06 0.0042760517 5.101273e-07 2.3034634e-05 7.97965e-06 4.7817394e-07 0.0011454269 7.6246585e-07 1.6032837e-07
0.8782545 1.4537402e-19 0.76817095 0.379666 0.34007818 0.02743586 0.002108835 0.06604868 0.0031499902 0.0047047287 0.09944289 0.0033087605 0.1976798 0.0024723439 0.39765862 0.22739655 0.19509603 0.14594996 0.0041298 0.005635779 0.009126002 0.0026937693 0.14854395 0.08751643 0.0071799876 0.015180209 0.04772817 0.021638157 0.0004327989 0.07738712 0.008005819 0.068846844 0.032235563 0.0029144469 4.854406e-05 0.09411159 8.30394e-05 0.0080121895 0.00018083773 0.0020167877 0.035018977 0.001483148 0.005055188 9.217035e-05 0.02363447 0.000120442426 0.05931488 0.0054812147 0.012679354 0.0008806099 0.009867325 0.0036949823 0.0023566273 0.0031536089 0.002339903 0.0040076533 0.0010084579 0.008312659 7.565483e-05 0.0032542802 0.001551037 0.000272985 0.0028777113 0.00544661 0.0029370422 0.0041127955 0.0030809317 0.00943469 0.002669762 0.001545693 0.0031863633 0.0045314846 9.954313e-06 4.589802e-06 0.008867856 0.0006726682 0.00072368386 1.7381288e-05 0.0006256724 0.0035261735 0.0003855407 0.0004635912 0.029201448 0.00014749232 0.00048814135 0.0014542283 6.6163835e-08 3.258962e-06 0.010184103 0.00010225325 0.000357923 0.00024681288 0.0015566911 3.4940638e-07 0.0009544273 0.0007623089 0.0015344669 0.0013087194 8.311835e-06 0.00039595977 0.0007836617
0.96793634 0.76817095 1.0349416e-20 0.35345292 0.222681 0.11819636 0.025098437 0.20085618 0.02671792 0.034262124 0.24191622 0.021816453 0.26432997 0.014258079 0.22808078 0.20098601 0.0215395 0.14258213 0.023062568 0.02500702 0.036501724 0.02341135 0.017059546 0.0076440815 0.021774232 0.03741061 0.0025096445 0.03946518 0.0011379191 0.009393938 0.022048555 0.08153385 0.09174056 0.00915806 0.00011704369 0.026064616 0.00025235504 0.00092708645 0.0013460012 0.005624471 0.029379912 0.0055610123 0.008834611 0.00022657034 0.0052333255 0.00043996578 0.019260325 0.009193666 0.00262747 0.0040259203 0.011902652 0.0052526253 0.004103878 0.00059593737 0.0042142044 0.0053420756 0.0015617402 0.0075142714 0.00015747127 0.004095259 0.0016404251 1.5464817e-06 0.0035069117 0.0037993614 0.002809812 0.0029768338 0.0026668888 0.004654325 0.0021427213 0.001476137 0.0005899465 0.0006228935 8.382731e-06 2.5756992e-06 0.01394352 0.00040377304 0.00028251804 1.3267752e-05 0.00036664406 0.000627787 0.00023155365 0.000252491 0.008488257 8.271546e-06 0.00028978207 0.00039353946 6.591959e-08 2.8072557e-06 0.012636477 7.408993e-05 1.8598788e-05 0.00019703592 0.0009868223 1.5324822e-07 0.0012011225 0.00061212596 0.0010582396 0.0012056672 3.3075912e-06 0.0003542458 0.0009926282
0.963618 0.379666 0.35345292 8.727405e-18 0.3257735 0.17996825 0.019959746 0.20931044 0.061143026 0.022172017 0.28067052 0.024509545 0.31335184 0.07191279 0.14289895 0.22033045 0.034113135 0.27854508 0.019658813 0.02068471 0.032872833 0.01563 0.0046959007 0.003376299 0.030695038 0.055249814 0.0019980038 0.06101762 0.0011257448 0.005525566 0.024569733 0.1169383 0.1328804 0.007434644 0.0002452982 0.040916745 0.00013321238 0.0008251774 0.0004741913 0.003925458 0.05295962 0.0034065295 0.020272965 0.00027469106 0.01796581 0.00014228732 0.03432939 0.01917706 0.0027896455 0.003226922 0.043528866 0.020787884 0.010695824 0.00088572403 0.006790353 0.012755483 0.0012434362 0.026223915 0.00064393156 0.012659557 0.0013013595 9.677852e-06 0.012187158 0.016810253 0.0072908862 0.0078049893 0.0053482563 0.01002135 0.0051235254 0.007591429 0.0011933043 0.0014315732 1.8360031e-05 1.6936804e-06 0.00927082 0.00056862494 0.00059109146 4.3258202e-05 0.00018808292 0.00059931225 0.00035241694 0.00031725876 0.02021456 2.0272451e-05 0.00029440442 0.00076737534 1.3731633e-05 2.213442e-06 0.016457813 4.4069493e-06 0.0002109229 0.00037125582 0.00069659477 3.640938e-07 0.0007493472 4.7528556e-05 0.0039632316 0.000789941 1.6855416e-06 0.00032576104 0.00090299133
0.87879014 0.34007818 0.222681 0.3257735 4.0426384e-20 0.023886297 0.0038158312 0.042236887 0.013696485 0.0049997563 0.08586401 0.0022796832 0.24212241 0.01597456 0.45525205 0.47264785 0.059690308 0.30195692 0.001613601 0.0017407432 0.003672297 0.00060872507 0.03515316 0.014180405 0.003838019 0.014962338 0.006960101 0.028125579 0.00010011812 0.03261791 0.006745775 0.15539083 0.026887665 0.00080880773 2.6406366e-05 0.1848462 2.1947773e-05 0.0022751766 8.317258e-06 0.0003329314 0.10054883 0.00025949627 0.011519994 4.707278e-05 0.025819818 2.1200536e-05 0.036581486 0.011178926 0.0030327903 0.00023632632 0.052131798 0.014542262 0.0039649955 0.002397318 0.0021799565 0.0067605907 0.00020097729 0.035469435 0.00010768399 0.0076903556 0.00025728784 0.000108788256 0.008564921 0.012861535 0.0039715366 0.005697665 0.006372203 0.021847934 0.0048751514 0.004687458 0.0014875554 0.0011010956 1.5503698e-06 4.859506e-07 0.0006527267 0.00019032466 0.0001906973 4.0905303e-05 0.00012770582 0.0014947974 8.694879e-05 7.9419675e-05 0.025598923 4.7040197e-05 9.961905e-05 0.0007905635 6.728449e-07 3.7637196e-06 0.0017237804 1.6843598e-05 0.00012261805 0.00014947649 0.00027773136 2.9984662e-07 0.0006320354 5.8515117e-05 0.002714415 0.0007673113 1.5016328e-06 0.00042430518 0.0006850783
0.9862707 0.02743586 0.11819636 0.17996825 0.023886297 4.3608155e-17 0.4004015 0.7564101 0.36953178 0.32644507 0.3759052 0.2719684 0.21356936 0.36048728 0.0023807767 0.016130887 0.002490758 0.1125121 0.29724124 0.30698267 0.42438847 0.23684318 5.3121035e-05 3.2499414e-05 0.22480199 0.21751422 1.0554688e-05 0.10969361 0.007759347 0.00011444736 0.18008713 0.03607867 0.13612211 0.18514605 0.0027999962 0.00095115067 0.002167023 4.1181347e-06 0.011392482 0.060895316 0.011187576 0.037837878 0.08449863 0.0025745353 0.002032496 0.0008330984 0.0034188794 0.10331601 0.00025902945 0.031093389 0.029478999 0.0603071 0.06761956 1.7262759e-05 0.04190382 0.06518831 0.011501726 0.009819843 0.0027915628 0.04619898 0.004216493 3.5397952e-07 0.009572277 0.028204087 0.02296924 0.02250906 0.0008103863 0.00048133984 0.0008492889 0.006318943 2.7807766e-05 2.7608816e-05 0.00039939082 1.8911956e-05 0.01802464 0.0021741006 0.0022361875 7.520006e-05 0.00068148266 6.599024e-06 0.001224854 0.0010789302 0.00038202223 4.969423e-06 0.00073600095 0.000120699064 0.000594307 2.0533826e-05 0.05623651 2.8073695e-05 2.0105483e-05 0.0009311078 0.001099096 3.8002163e-06 0.0004131675 7.928702e-05 0.0005787564 0.00096252316 2.2708093e-05 0.00041470944 0.0006476734
0.973459 0.002108835 0.025098437 0.019959746 0.0038158312 0.4004015 5.9081277e-15 0.16817178 0.6756787 0.6822082 0.11434935 0.4958175 0.05610674 0.43802464 0.002265482 0.0077065034 0.00063520775 0.022783764 0.26488167 0.26212707 0.22661094 0.29210705 2.24261e-05 3.2699503e-05 0.14047188 0.08271776 2.382881e-05 0.02808141 0.027278902 0.000105789186 0.08730795 0.005591908 0.17000669 0.14919037 0.009059876 0.0007088441 0.0077591916 2.3428145e-05 0.022548141 0.07140703 0.0029359933 0.05793745 0.014424917 0.004960827 0.0011437994 0.005987467 0.001209749 0.034292854 0.00024896464 0.037056573 0.0059393174 0.010661876 0.027378757 3.189426e-05 0.031648368 0.024668701 0.009724737 0.0035869551 0.0057399785 0.013396469 0.0042599863 8.337696e-07 0.0034470449 0.007533591 0.0074797994 0.0068566795 0.0010444962 0.0008828272 0.001060933 0.0030413016 0.00010401021 3.109541e-05 0.0017854045 0.0004321491 0.022172192 0.0028529188 0.003024654 0.001014925 0.0012193361 7.374163e-05 0.0013629862 0.0014217724 0.00010027569 5.1778006e-06 0.0012188605 0.00013920944 0.0003661343 8.996459e-05 0.04471691 0.00012004417 9.976551e-06 0.0012858708 0.0017067885 4.646229e-05 0.00051736814 0.00034308268 0.0010308406 0.0021740666 0.0002380359 0.0007527501 0.0012012429
0.9762014 0.06604868 0.20085618 0.20931044 0.042236887 0.7564101 0.16817178 1.07441385e-19 0.23253483 0.15923586 0.58847535 0.117300585 0.3899709 0.21219002 0.005612745 0.04915518 0.0043756 0.18921591 0.18854113 0.17932388 0.41465944 0.096609786 0.00017082019 0.00012625448 0.260406 0.27891433 8.4791216e-05 0.19381928 0.004345869 0.0004613918 0.18641315 0.0800016 0.07578037 0.13375807 0.00077282323 0.0040936777 0.0004921491 2.1901858e-05 0.002870333 0.04555625 0.025397837 0.022749146 0.10744179 0.00158053 0.0027032578 0.0003328365 0.003986186 0.118533455 0.00050334894 0.015638843 0.06234648 0.07941779 0.05182278 8.2259554e-05 0.03118341 0.062037967 0.0059697204 0.020381592 0.00090739224 0.05173036 0.0017304191 2.7361375e-07 0.020926634 0.040751614 0.02901503 0.029680816 0.0028200212 0.0022517482 0.0033739377 0.012513973 4.0188483e-05 5.5943183e-05 7.3811134e-05 6.62724e-06 0.007896224 0.0020297796 0.0019336296 7.455346e-05 0.0008358321 3.324379e-05 0.0015904079 0.0018320852 0.0012350853 7.9846595e-06 0.00083972415 0.0002711772 0.00014229599 3.0384355e-05 0.030330835 4.2253025e-05 9.855461e-06 0.0011305033 0.0013418141 1.9185763e-06 0.00075221655 9.684524e-05 0.0011601606 0.0010237225 1.9394907e-05 0.0005453164 0.00069829385
0.99174875 0.0031499902 0.02671792 0.061143026 0.013696485 0.36953178 0.6756787 0.23253483 1.8168678e-16 0.39252216 0.19183539 0.3308469 0.102808535 0.65056324 0.0041520256 0.022915388 0.00047733402 0.053124562 0.23839359 0.27026793 0.23546003 0.2697368 7.1006434e-05 2.6883234e-05 0.15505543 0.09229467 2.9092249e-05 0.046626307 0.040151365 0.0001923914 0.12141 0.02305124 0.21940033 0.150037 0.011453144 0.0016837609 0.0107064685 0.000117879135 0.043156873 0.07758806 0.009205226 0.062781595 0.020900821 0.006304401 0.00061811745 0.008194882 0.0015699593 0.03400259 0.00028406936 0.046924993 0.013623306 0.016331084 0.023662103 7.227148e-05 0.02905434 0.020964893 0.01257856 0.0076253256 0.00549547 0.016038727 0.0074274857 2.7149483e-07 0.0071344674 0.01160096 0.009984652 0.009857928 0.0029568765 0.0021437895 0.0032344118 0.0048464085 0.00011853285 1.9457415e-05 0.002463177 0.0014229654 0.022585459 0.0027094455 0.0028349129 0.0009813159 0.0011466022 4.3152766e-05 0.0019887125 0.0022224751 0.00012177294 5.3550207e-06 0.0018667436 0.00024529724 4.256156e-05 8.8499735e-05 0.030057287 0.00010722254 1.3222368e-05 0.0018921564 0.0047464445 1.9947482e-05 0.0023561195 0.0007339118 0.0022835576 0.0030810523 8.731824e-05 0.0015642496 0.0037013374
0.9614053 0.0047047287 0.034262124 0.022172017 0.0049997563 0.32644507 0.6822082 0.15923586 0.39252216 3.2328312e-16 0.09328865 0.71973586 0.05866378 0.33619183 0.001610858 0.006110085 0.0012665638 0.028518867 0.27660966 0.2698961 0.19108254 0.44605088 2.0899239e-05 3.3152923e-05 0.13158348 0.07528966 2.051746e-05 0.03790119 0.051756956 7.791744e-05 0.11370183 0.011244567 0.08167419 0.2317583 0.017064793 0.001292211 0.0133117465 5.146564e-06 0.038614754 0.13712941 0.005401877 0.10314508 0.029609486 0.010790544 0.0020975396 0.009919085 0.002071067 0.07001844 0.00026481558 0.060564104 0.01368437 0.024458095 0.059089717 2.0317586e-05 0.06568402 0.053833142 0.023437258 0.008238359 0.01149626 0.032975364 0.009668352 9.257275e-07 0.0053348383 0.012257784 0.01440596 0.01309724 0.0013389405 0.0011366085 0.0013966856 0.0029333218 8.065235e-05 7.0383074e-05 0.0028811533 0.00027486586 0.023733519 0.0037731975 0.0037955337 0.0008618097 0.002315646 5.6566416e-05 0.0015348796 0.0013751363 0.00015028751 6.291616e-06 0.0014427613 0.00025786142 0.001641858 0.000118957294 0.0791089 0.00014079119 3.666493e-05 0.0012646826 0.0016658355 7.873492e-05 0.00071468815 0.0004001768 0.0010716387 0.001559034 0.00023352113 0.0007907154 0.001065853
0.8963975 0.09944289 0.24191622 0.28067052 0.08586401 0.3759052 0.11434935 0.58847535 0.19183539 0.09328865 2.3756643e-21 0.099033006 0.6284793 0.18230572 0.0054191314 0.041127272 0.006532654 0.32502747 0.074965924 0.070124306 0.27726918 0.037540615 0.00017420905 0.000119974924 0.18584211 0.4169438 8.165327e-05 0.39056244 0.0022939865 0.0008068944 0.16111395 0.13987656 0.024257807 0.061855786 0.00070301804 0.014236022 0.00034496177 2.1582668e-05 0.00019658453 0.016634306 0.044270977 0.0064926776 0.19283581 0.0011618758 0.005088005 0.00013600464 0.0039844713 0.17619593 0.00030688487 0.0061935717 0.14505197 0.17937918 0.052975774 3.655802e-05 0.021316288 0.07352777 0.002184587 0.055170838 0.00013847696 0.0779749 0.0005768894 4.3096134e-07 0.06053291 0.10255853 0.04949597 0.054004766 0.011074001 0.0028761842 0.012048475 0.030034494 2.9187791e-05 2.087828e-05 2.5117959e-05 2.3890304e-06 0.0018413813 0.0036183747 0.001693688 1.3889867e-05 0.0002835502 1.1807484e-05 0.0021295887 0.0023028671 0.00096805586 3.628226e-06 0.00049165584 0.0001278022 0.00024232689 1.6670432e-05 0.01576506 8.833064e-06 8.466876e-06 0.00067079 0.0007679955 8.99978e-07 0.0013966237 2.872478e-05 0.0009670657 0.000769056 6.1328315e-06 0.00030003788 0.00077176007
0.97423 0.0033087605 0.021816453 0.024509545 0.0022796832 0.2719684 0.4958175 0.117300585 0.3308469 0.71973586 0.099033006 9.381489e-16 0.04036282 0.4782014 0.00052691315 0.0015790401 0.00022601052 0.015378202 0.31353465 0.41352102 0.13416699 0.6043465 4.208936e-06 4.193491e-06 0.11576436 0.06286138 2.3803452e-06 0.027485814 0.2148261 9.885959e-06 0.14377245 0.0041290284 0.10574933 0.29294923 0.09536174 0.0001983623 0.07225455 4.6919e-07 0.18485452 0.2065423 0.001596807 0.17775087 0.02138988 0.04840233 0.00029708468 0.04875237 0.00022620546 0.06322357 4.9453492e-06 0.12322086 0.006698161 0.012249965 0.08437706 3.4020861e-06 0.086026825 0.057403322 0.06125947 0.004277638 0.041113228 0.032145124 0.031130899 7.6469384e-08 0.0029567129 0.0074855406 0.013813961 0.009227255 0.0006272918 0.0003047227 0.000687901 0.0012809486 1.7098422e-05 6.0011153e-06 0.007854357 0.002868249 0.037045944 0.003979941 0.004299199 0.0010558146 0.0022449426 8.628569e-06 0.0018930417 0.0017289064 2.6074827e-06 1.4482492e-06 0.0012906499 7.183555e-05 0.0072135665 0.00012643076 0.12035575 0.00024530847 1.0598363e-05 0.001347062 0.0016486638 8.913263e-05 0.00039197793 0.00023098329 0.0006407798 0.0013116281 0.00022166996 0.0008295261 0.0005743464
0.7859755 0.1976798 0.26432997 0.31335184 0.24212241 0.21356936 0.05610674 0.3899709 0.102808535 0.05866378 0.6284793 0.04036282 9.574708e-22 0.08482801 0.031660464 0.14744043 0.014012124 0.54265857 0.031179046 0.028761024 0.092199124 0.010938541 0.0017347737 0.00077202 0.09479775 0.30269858 0.0005586191 0.39712346 0.0009891558 0.0054890406 0.076675326 0.22741269 0.01587775 0.019590624 0.0003977744 0.054071072 0.00021239076 0.00016265227 3.387245e-05 0.005310721 0.09577099 0.0015833157 0.19192767 0.0007817042 0.009905185 7.63797e-05 0.007719048 0.117816634 0.00060749735 0.001837337 0.19514696 0.17388658 0.027194569 0.00035629628 0.010933143 0.047455397 0.00053909613 0.105554886 3.3288805e-05 0.05803316 0.0001705672 1.642439e-06 0.09930145 0.11150498 0.037774097 0.047820844 0.027845338 0.010166718 0.028418968 0.0440727 5.7875273e-05 3.654282e-05 6.595985e-06 6.660749e-07 0.00037186104 0.0030095135 0.00084861886 3.3384865e-06 0.00018545521 9.66136e-05 0.0017225045 0.0016259558 0.0027367263 6.1014402e-06 0.00035747496 0.000197321 7.400053e-05 1.1706841e-05 0.006859465 5.6315985e-06 2.0037722e-05 0.00033260262 0.0006474159 7.480151e-07 0.002209863 1.7086035e-05 0.002146589 0.0007452702 2.6112054e-06 0.0002793835 0.00091105746
0.99691486 0.0024723439 0.014258079 0.07191279 0.01597456 0.36048728 0.43802464 0.21219002 0.65056324 0.33619183 0.18230572 0.4782014 0.08482801 1.4878577e-18 0.0038252312 0.0147010945 0.0005334986 0.037372135 0.24552268 0.31880334 0.17194478 0.41792935 2.9177936e-05 1.5093939e-05 0.10188097 0.05572549 2.0695921e-05 0.023827858 0.08613128 5.746175e-05 0.086476356 0.011786255 0.24142747 0.17132992 0.048010696 0.0005670688 0.03256046 9.536389e-05 0.09003152 0.09879775 0.0036886518 0.08132693 0.011785896 0.025924392 0.00013176454 0.023848254 0.0006674726 0.019933738 0.00012333273 0.05673351 0.006666924 0.006460797 0.020328935 1.1773167e-05 0.024543332 0.014203929 0.015993483 0.0033136392 0.009429108 0.011134356 0.008155315 1.9327556e-08 0.0026759687 0.005041193 0.0063522137 0.005017669 0.0008437793 0.00055485684 0.00086556067 0.0018853206 7.148019e-05 5.428302e-06 0.006045836 0.0050260164 0.028592221 0.001766767 0.0016421556 0.0014657889 0.0008345342 1.893875e-06 0.0010640614 0.00097164913 1.5155747e-05 7.9784587e-07 0.00085082947 5.3049098e-05 0.00011064178 0.00010584922 0.032241203 9.50007e-05 6.4260857e-06 0.00096417184 0.0009429737 1.4129323e-05 0.00028919184 0.00029338308 0.00050836155 0.00067499286 5.6239853e-05 0.00035880617 0.0007358879
0.8230744 0.39765862 0.22808078 0.14289895 0.45525205 0.0023807767 0.002265482 0.005612745 0.0041520256 0.001610858 0.0054191314 0.00052691315 0.031660464 0.0038252312 8.343065e-20 0.672414 0.16630481 0.15046811 0.00010856914 0.00013934333 0.00017137709 5.4083077e-05 0.43210113 0.285557 0.00044477129 0.0033892808 0.2356963 0.010160107 8.008372e-05 0.44352537 0.001047286 0.2020476 0.01565248 0.00010412782 9.283245e-06 0.5019517 2.5736721e-05 0.006879185 2.4207174e-07 0.00013728839 0.17692196 5.8482878e-05 0.0033045441 2.9672012e-05 0.052541085 1.2170483e-05 0.045355305 0.0029318451 0.00870536 4.876051e-05 0.050421298 0.0065623233 0.0010576549 0.009118138 0.0003809575 0.0020975664 8.560119e-05 0.04505219 5.2492874e-06 0.0033596465 6.484271e-05 0.0007409293 0.0122720525 0.009005034 0.0031717226 0.004095447 0.0153450575 0.07295299 0.011555209 0.0052522747 0.006148518 0.0025791407 9.1990506e-07 1.5477706e-07 6.887741e-05 0.00060475594 0.00040999267 3.0644471e-06 0.00015746691 0.0059270984 0.00028522577 0.00030527037 0.07388417 0.0004895229 0.00014190272 0.0029344312 6.458849e-07 7.823832e-06 0.0008753061 1.21558805e-05 0.000625449 0.0001868627 0.00041080988 1.5894897e-06 0.001168078 7.378707e-05 0.006150061 0.00064337766 1.1665105e-05 0.00023255218 0.00058128644
0.69539464 0.22739655 0.20098601 0.22033045 0.47264785 0.016130887 0.0077065034 0.04915518 0.022915388 0.006110085 0.041127272 0.0015790401 0.14744043 0.0147010945 0.672414 1.847335e-20 0.073959865 0.34192693 0.00093273324 0.0006096811 0.003097077 0.00017639628 0.12377957 0.06616065 0.004998064 0.022873009 0.050097365 0.044978973 0.00019922566 0.15462139 0.0025616223 0.39303237 0.013072487 0.0004205496 3.4386507e-05 0.3667967 4.7669688e-05 0.0031303302 1.4799392e-06 0.00033191976 0.27006835 0.00017556672 0.022792839 5.903224e-05 0.027958553 2.5094372e-05 0.018032568 0.015433459 0.003976117 0.00013114298 0.15716705 0.034373093 0.00421286 0.0032982035 0.0013840711 0.008895953 8.611048e-05 0.123817824 3.846718e-06 0.012784779 5.2025567e-05 7.218427e-05 0.039629158 0.034023628 0.008213393 0.011120793 0.04473032 0.06273399 0.04160404 0.017234387 0.0020196894 0.00041712387 8.6638073e-07 5.0568275e-07 4.615284e-05 0.0014884665 0.00052883144 1.7671383e-06 0.00020282729 0.0015948779 0.0007220301 0.00072169135 0.018364437 3.7763162e-05 0.00025909394 0.0015044316 5.7462574e-07 1.6132963e-05 0.0009016257 1.3207824e-05 0.00013127562 0.00035600574 0.0006712734 6.7688023e-07 0.0011856096 5.7858666e-05 0.0068534594 0.0006446499 2.5632693e-05 0.0003251747 0.00042128656
0.9084789 0.19509603 0.0215395 0.034113135 0.059690308 0.002490758 0.00063520775 0.0043756 0.00047733402 0.0012665638 0.006532654 0.00022601052 0.014012124 0.0005334986 0.16630481 0.073959865 2.5534005e-18 0.021574594 0.00043263446 0.0003892487 0.000427735 5.244351e-05 0.38442206 0.4619988 0.00041962834 0.0010482493 0.41482967 0.001730986 1.6655604e-05 0.23125622 0.00061708764 0.020031858 0.005847309 0.00014960482 8.880638e-07 0.08371889 1.4208925e-07 0.6650514 8.999938e-08 2.7355794e-05 0.012883398 6.6459615e-06 0.00095887715 1.9122642e-07 0.15935296 2.5252652e-07 0.14505559 0.0011308759 0.3437283 3.229717e-06 0.003569085 0.0009042487 8.91231e-05 0.58689857 1.5841411e-05 0.00027875832 3.2639056e-07 0.002331948 1.1297088e-07 0.00036736822 1.9784895e-06 0.088267766 0.00056322414 0.00060860434 0.00012696991 0.0003341264 0.000526027 0.011362698 0.0004492832 0.00010729824 0.00931282 0.039324258 3.7208853e-10 1.2909686e-10 0.006933456 1.1507695e-05 2.088576e-06 6.319756e-09 1.9688235e-07 0.12963103 5.4246793e-06 1.0531632e-05 0.023913966 0.008889202 8.080556e-07 0.0027623062 7.6427043e-13 1.7983932e-10 0.000185675 2.2137394e-08 0.003959915 1.6629409e-06 1.4534594e-05 7.399162e-13 1.9489877e-05 4.654169e-08 0.0008117062 3.002488e-06 1.4362195e-12 4.1600885e-07 1.5159121e-06
0.5856232 0.14594996 0.14258213 0.27854508 0.30195692 0.1125121 0.022783764 0.18921591 0.053124562 0.028518867 0.32502747 0.015378202 0.54265857 0.037372135 0.15046811 0.34192693 0.021574594 6.2472306e-22 0.014105083 0.012693849 0.04179887 0.002898748 0.008266409 0.0033312547 0.054919258 0.2259676 0.0022109824 0.47743353 0.0006114396 0.021801898 0.055031717 0.5146497 0.012349776 0.009335873 0.0001833883 0.17700505 0.0001374018 0.00062246184 1.5363981e-05 0.004020896 0.26237607 0.0010789334 0.25875768 0.00017645735 0.013810255 4.6880807e-05 0.007493383 0.14064056 0.00084328296 0.00081785093 0.2870009 0.20341812 0.020664446 0.0008564484 0.007057039 0.04618789 0.00019895795 0.2047087 6.977527e-06 0.06172813 6.0990176e-05 2.1838694e-06 0.1397414 0.13984536 0.039019443 0.052386843 0.07202865 0.036109626 0.07061594 0.065078475 0.00017953041 3.4700483e-05 3.4813133e-06 5.046614e-07 9.246247e-05 0.0015747856 0.000500611 9.236895e-07 0.0001765417 0.00037115262 0.0010717844 0.0016727373 0.0033922265 6.039329e-06 0.00024889436 0.00047355818 1.1368594e-05 9.924804e-06 0.0019141156 3.1288448e-06 3.279519e-05 0.0002898249 0.0022388995 3.38917e-07 0.0031890383 9.194144e-06 0.004121506 0.001374954 1.5519868e-06 0.00044030466 0.0011697385
0.9074616 0.0041298 0.023062568 0.019658813 0.001613601 0.29724124 0.26488167 0.18854113 0.23839359 0.27660966 0.074965924 0.31353465 0.031179046 0.24552268 0.00010856914 0.00093273324 0.00043263446 0.014105083 2.837849e-20 0.72827476 0.46188316 0.44825354 6.013627e-06 4.903912e-06 0.35131338 0.12575677 6.212857e-06 0.05219831 0.03496211 1.753113e-05 0.27550632 0.0049777264 0.007852783 0.45433855 0.015570638 0.00023206012 0.010360354 4.4061568e-07 0.088820785 0.23977418 0.0023139075 0.18975115 0.06881348 0.0081035 0.00039581326 0.005765825 0.0002393975 0.14733984 1.4357441e-05 0.1308472 0.015581006 0.057241425 0.12523136 3.854933e-06 0.12190129 0.1168224 0.04665684 0.006177798 0.0050544096 0.09115824 0.007127717 2.1206446e-08 0.0063964943 0.0322388 0.06862256 0.04498799 0.00089279807 0.0001866463 0.0007783474 0.003574794 2.6304458e-06 3.526232e-06 0.00077501836 0.00018212228 0.0033161952 0.009955448 0.008597668 0.0001344872 0.0025194432 4.7663666e-06 0.0045323363 0.0029039928 2.3928098e-05 1.9562108e-07 0.0017422778 4.7623573e-05 0.0007263451 6.4592125e-05 0.019898107 6.7173896e-05 1.4411921e-06 0.0011063401 0.0009678208 1.4440973e-05 0.00029032648 8.095157e-05 0.00025689582 0.00056498806 0.00012453712 0.0003790829 0.00023155365
0.93371946 0.005635779 0.02500702 0.02068471 0.0017407432 0.30698267 0.26212707 0.17932388 0.27026793 0.2698961 0.070124306 0.41352102 0.028761024 0.31880334 0.00013934333 0.0006096811 0.0003892487 0.012693849 0.72827476 1.8739237e-19 0.37784138 0.50373644 5.190299e-06 4.7036447e-06 0.2999207 0.121271186 3.050707e-06 0.054188386 0.05154576 1.6823578e-05 0.31970674 0.0060545285 0.010432548 0.4824055 0.03164193 0.00023605941 0.01936244 1.6379316e-07 0.18939249 0.3123362 0.0032531584 0.24602288 0.0882733 0.014915616 0.00036560162 0.01001367 0.00019169158 0.17506552 9.541552e-06 0.19269337 0.020559212 0.07118839 0.1870327 1.1878316e-06 0.16615611 0.16104282 0.07921186 0.009538212 0.014980536 0.12832074 0.020225134 5.2289312e-08 0.007725382 0.03202177 0.08598038 0.0544164 0.0008924286 0.00033258423 0.00082008465 0.002927012 1.8804113e-06 4.1205703e-06 0.0014220286 0.00031055772 0.005598303 0.01379923 0.01116974 0.00015084939 0.0037945022 2.4876813e-06 0.006450164 0.003585048 1.3923408e-05 3.1299e-07 0.0017762905 5.8618563e-05 0.0019177352 7.722708e-05 0.033458225 8.437226e-05 2.924308e-06 0.0012024108 0.0010584848 1.798595e-05 0.00041808805 0.000108135355 0.0001973959 0.0006673864 0.0002193655 0.00031017707 0.00028125616
0.7745339 0.009126002 0.036501724 0.032872833 0.003672297 0.42438847 0.22661094 0.41465944 0.23546003 0.19108254 0.27726918 0.13416699 0.092199124 0.17194478 0.00017137709 0.003097077 0.000427735 0.04179887 0.46188316 0.37784138 1.3090562e-22 0.14032067 1.1921515e-05 9.349812e-06 0.7298118 0.55570513 7.5697076e-06 0.18027401 0.0063131517 3.0709638e-05 0.3516647 0.010553632 0.005162691 0.23078886 0.0016837729 0.00064526254 0.0013536218 8.0421233e-07 0.003424487 0.07002367 0.004872897 0.044800103 0.1546775 0.0014720621 0.0007008537 0.0006936431 0.0004089986 0.17459956 1.6744076e-05 0.026156997 0.03799763 0.10805259 0.087787114 5.5663654e-06 0.06092224 0.098144524 0.0052992445 0.010913007 0.00026553683 0.08665634 0.0010570342 5.6812368e-08 0.022587392 0.09321298 0.07135279 0.06797602 0.0023447883 0.00018744331 0.0020750982 0.011085718 4.805977e-06 1.3406806e-06 6.932447e-05 1.695538e-05 0.0022021336 0.008159139 0.0037260547 1.8606488e-05 0.000967611 3.0464944e-06 0.0037180113 0.0034775243 0.00018194695 5.3854137e-07 0.0008464575 2.3447523e-05 0.000100401616 3.423187e-05 0.009549703 1.2849298e-05 3.875306e-06 0.00066913513 0.0016274343 2.742126e-06 0.0006004926 2.7710132e-05 0.00022375374 0.0007076401 1.963753e-05 0.00028732853 0.00046258184
0.9283193 0.0026937693 0.02341135 0.01563 0.00060872507 0.23684318 0.29210705 0.096609786 0.2697368 0.44605088 0.037540615 0.6043465 0.010938541 0.41792935 5.4083077e-05 0.00017639628 5.244351e-05 0.002898748 0.44825354 0.50373644 0.14032067 1.5648576e-17 1.5445966e-06 1.5469464e-06 0.13859914 0.038692437 1.8399708e-06 0.0095710065 0.25781 5.279305e-06 0.19370283 0.0018257287 0.03847854 0.4975096 0.1507483 4.8206908e-05 0.10110852 6.215731e-08 0.50016767 0.4286658 0.0008696941 0.4392789 0.022260517 0.07504531 3.102778e-05 0.07833658 1.7065711e-05 0.12888524 2.027886e-06 0.3152406 0.0066869496 0.014069657 0.17904884 1.4232395e-06 0.20120315 0.13223498 0.22151323 0.0033777978 0.12265852 0.07322273 0.09179214 3.391904e-08 0.0019407711 0.007264717 0.034278534 0.016169747 0.00016154895 7.460859e-05 0.0001546796 0.000701914 6.6430594e-06 1.6340653e-05 0.010508909 0.005161214 0.0071277106 0.011254088 0.011165432 0.0021326456 0.006898177 3.3040003e-06 0.0029337527 0.0016341223 4.855077e-07 4.7974385e-07 0.0025299287 4.4746692e-05 0.015286756 0.00060808513 0.09687698 0.000990441 2.3865189e-06 0.0015641429 0.00084381155 0.0002876394 0.00014041466 0.00022931979 0.00015151348 0.00082218176 0.0007377915 0.0007095167 0.00019615472
0.72720224 0.14854395 0.017059546 0.0046959007 0.03515316 5.3121035e-05 2.24261e-05 0.00017082019 7.1006434e-05 2.0899239e-05 0.00017420905 4.208936e-06 0.0017347737 2.9177936e-05 0.43210113 0.12377957 0.38442206 0.008266409 6.013627e-06 5.190299e-06 1.1921515e-05 1.5445966e-06 1.752167e-20 0.71554875 2.128489e-05 0.00022728778 0.6064253 0.001947 2.8519257e-06 0.5647557 5.2823936e-05 0.022204531 0.00077264314 6.403567e-06 1.7732681e-08 0.39837465 1.11504264e-07 0.008095806 1.8933386e-08 3.2138691e-06 0.03712231 2.242675e-06 0.0012976887 6.720756e-08 0.03664232 3.0802852e-07 0.016525283 0.0013398665 0.024265835 8.3857094e-07 0.013394718 0.0017557133 0.00013496837 0.009357854 2.6276817e-05 0.00029050926 7.2620696e-06 0.011861219 1.0532369e-06 0.0008014661 1.5718491e-05 0.0015994002 0.0021076868 0.0009230736 0.00044628198 0.00050056126 0.0018949148 0.035833683 0.0012946738 0.0006492315 0.010762918 0.0110478345 4.4548333e-08 2.3979231e-08 2.1058413e-05 3.9814175e-05 2.560528e-05 2.6193976e-07 7.2064354e-06 0.004080674 1.5246687e-05 1.2275746e-05 0.09146628 0.0002775376 7.9019e-06 0.0013599402 4.9597424e-09 5.085457e-07 0.000839021 6.1575247e-07 0.00030148926 9.845803e-06 1.8681327e-05 2.5863471e-08 0.00019187194 1.3745081e-06 0.001284528 5.7192556e-05 5.0687675e-07 1.5246352e-05 7.746016e-05
0.44534755 0.08751643 0.0076440815 0.003376299 0.014180405 3.2499414e-05 3.2699503e-05 0.00012625448 2.6883234e-05 3.3152923e-05 0.000119974924 4.193491e-06 0.00077202 1.5093939e-05 0.285557 0.06616065 0.4619988 0.0033312547 4.903912e-06 4.7036447e-06 9.349812e-06 1.5469464e-06 0.71554875 5.33511e-21 2.053921e-05 0.00014031788 0.69519377 0.0006072428 3.4915474e-06 0.6029538 3.9450086e-05 0.008074271 0.0012840731 7.707554e-06 3.418044e-08 0.2956055 1.556633e-07 0.014322576 3.3174093e-08 1.2855316e-05 0.013052443 4.806183e-06 0.00050369615 2.4501983e-07 0.04462167 2.4794468e-07 0.010744038 0.0005253857 0.032854397 1.6965369e-06 0.0057185055 0.000890359 0.00023588791 0.01223047 5.057937e-05 0.0004238785 1.5360729e-05 0.0050132163 1.7608601e-06 0.0010151584 2.8780667e-05 0.0048473096 0.0011579737 0.00092027633 0.0007946908 0.0008153826 0.00062018906 0.011929159 0.00045429144 0.0004983077 0.0058096033 0.006291953 7.7670045e-08 2.1456666e-08 2.1441176e-05 6.3620624e-05 6.623124e-05 2.041209e-07 2.278995e-05 0.0051661115 2.6249041e-05 2.8048993e-05 0.10703725 0.00033697684 1.5151786e-05 0.001018046 9.900135e-09 6.3970754e-07 0.0002736324 3.9674105e-06 0.0002568593 1.861698e-05 7.0740396e-05 9.859793e-08 0.0003134221 3.0174062e-06 0.0009395679 0.00018669633 4.2164143e-07 4.057788e-05 0.00010741035
0.5870043 0.0071799876 0.021774232 0.030695038 0.003838019 0.22480199 0.14047188 0.260406 0.15505543 0.13158348 0.18584211 0.11576436 0.09479775 0.10188097 0.00044477129 0.004998064 0.00041962834 0.054919258 0.35131338 0.2999207 0.7298118 0.13859914 2.128489e-05 2.053921e-05 2.716054e-22 0.5961093 1.7088447e-05 0.23430875 0.009859457 6.447137e-05 0.5098128 0.021445759 0.0036004977 0.3977395 0.0025732184 0.0011104357 0.0020810755 6.70356e-07 0.008539052 0.17211023 0.0109127425 0.10370229 0.22498111 0.0018265977 0.00049897464 0.0013088821 0.00018496363 0.28456908 1.5150732e-05 0.06507743 0.06127412 0.16772743 0.1596369 6.3515954e-06 0.11499343 0.19886445 0.015357237 0.02160383 0.0007597436 0.15929839 0.0026062299 5.8162744e-08 0.03400894 0.124345645 0.12083142 0.11562118 0.006389269 0.00036222636 0.005426985 0.022082578 4.7896056e-06 2.941109e-06 0.00023420091 8.014515e-05 0.0016022292 0.015955232 0.009755647 5.430277e-05 0.0027921887 4.2799534e-06 0.009562705 0.009004751 4.1856772e-05 3.5409766e-07 0.0023352127 4.2952113e-05 0.00017532677 0.00011201796 0.0060858987 3.0809904e-05 2.0026573e-06 0.0016296924 0.005808102 1.2638417e-05 0.00094135007 4.500853e-05 0.0002555236 0.0026250668 6.4826694e-05 0.0005489846 0.000987036
0.3831256 0.015180209 0.03741061 0.055249814 0.014962338 0.21751422 0.08271776 0.27891433 0.09229467 0.07528966 0.4169438 0.06286138 0.30269858 0.05572549 0.0033892808 0.022873009 0.0010482493 0.2259676 0.12575677 0.121271186 0.55570513 0.038692437 0.00022728778 0.00014031788 0.5961093 9.0067216e-23 7.270119e-05 0.71718115 0.0035247246 0.00047530013 0.48776376 0.10573814 0.0036917245 0.21011871 0.0011894375 0.00675046 0.0011173597 9.573544e-06 0.0012621728 0.0413902 0.04072364 0.017926233 0.49932238 0.0009867772 0.0011326595 0.00032180158 0.00038683662 0.38955227 4.885984e-05 0.01582976 0.15662284 0.35503158 0.12816425 1.6992566e-05 0.047495726 0.20076916 0.004569217 0.06534528 0.00010970738 0.20871459 0.0007950686 3.2941352e-07 0.10624668 0.25910878 0.14785028 0.15584505 0.02369311 0.0009206138 0.026551729 0.053994257 2.6681379e-05 3.4280076e-06 7.6450684e-05 1.6617243e-05 0.0006343451 0.013321589 0.0060978457 8.660382e-06 0.0011658093 1.0585261e-05 0.008562067 0.009892615 9.808695e-05 9.59435e-07 0.0013695433 6.716608e-05 0.00018862593 4.31289e-05 0.0034137235 1.0092554e-05 7.0945275e-06 0.0014593019 0.007198327 2.4548494e-06 0.0028614323 2.2646978e-05 0.00039093842 0.0028378312 1.5516087e-05 0.00045612387 0.0029989597
0.3108595 0.04772817 0.0025096445 0.0019980038 0.006960101 1.0554688e-05 2.382881e-05 8.4791216e-05 2.9092249e-05 2.051746e-05 8.165327e-05 2.3803452e-06 0.0005586191 2.0695921e-05 0.2356963 0.050097365 0.41482967 0.0022109824 6.212857e-06 3.050707e-06 7.5697076e-06 1.8399708e-06 0.6064253 0.69519377 1.7088447e-05 7.270119e-05 4.9980115e-21 0.00034889145 2.9131102e-06 0.77225655 1.8854815e-05 0.0071456213 0.00094609044 4.9193795e-06 7.1353334e-08 0.44704437 2.034213e-07 0.014695059 2.3901467e-08 6.5728764e-06 0.013677115 3.781616e-06 0.0004624594 3.562261e-07 0.037688453 2.6560048e-07 0.008185189 0.0005550646 0.044616807 7.415156e-07 0.005465602 0.000934375 0.00017693138 0.019753523 4.216801e-05 0.0004892267 8.684832e-06 0.004900446 1.4071493e-06 0.00077152613 3.158057e-05 0.022083798 0.0007678542 0.0014479406 0.00087600667 0.0008639838 0.00082353665 0.030930191 0.00064896286 0.0006123587 0.020285977 0.008736798 1.8640587e-07 7.74737e-08 1.7428709e-05 2.9279401e-05 4.7076053e-05 2.7780806e-07 7.333878e-05 0.0050187963 2.165163e-05 2.7737893e-05 0.12079393 0.0007060216 2.3691833e-05 0.0019342495 4.6364548e-09 2.551919e-06 0.00010634005 5.275162e-06 0.0007632819 1.9450288e-05 0.00014631131 1.2850352e-07 0.00037499084 4.153043e-06 0.0009594507 0.00033693045 6.8621824e-07 7.3560965e-05 0.00022149098
0.2822377 0.021638157 0.03946518 0.06101762 0.028125579 0.10969361 0.02808141 0.19381928 0.046626307 0.03790119 0.39056244 0.027485814 0.39712346 0.023827858 0.010160107 0.044978973 0.001730986 0.47743353 0.05219831 0.054188386 0.18027401 0.0095710065 0.001947 0.0006072428 0.23430875 0.71718115 0.00034889145 5.5348455e-22 0.001383352 0.0022310792 0.36416644 0.38684264 0.0038579085 0.07121956 0.0005821805 0.025707271 0.000735896 7.909224e-05 0.00027964124 0.018115664 0.19111896 0.0057118754 0.6396699 0.00039152024 0.0017931721 0.00012348162 0.00053105317 0.44464874 0.00015353004 0.0064548533 0.3220097 0.4789227 0.117816254 9.7180615e-05 0.031310916 0.25008878 0.001781001 0.19609374 3.557824e-05 0.27562866 0.00018049795 9.759623e-07 0.21721312 0.33241117 0.16315301 0.18017265 0.05664178 0.007470785 0.057579223 0.09394533 0.00014156481 1.0307022e-05 2.8524031e-05 3.3282724e-06 0.00024112815 0.009498985 0.0038454803 2.7928304e-06 0.0007693227 5.7525634e-05 0.007101202 0.010209585 0.00014076353 3.3280567e-06 0.0010597998 0.00018885381 8.518277e-05 2.6994008e-05 0.0017752592 3.7117063e-06 2.4433335e-05 0.0014259643 0.009308557 1.3742014e-06 0.0051994966 1.5602685e-05 0.0015399937 0.0045849485 4.1027915e-06 0.00053985504 0.005352463
0.8884307 0.0004327989 0.0011379191 0.0011257448 0.00010011812 0.007759347 0.027278902 0.004345869 0.040151365 0.051756956 0.0022939865 0.2148261 0.0009891558 0.08613128 8.008372e-05 0.00019922566 1.6655604e-05 0.0006114396 0.03496211 0.05154576 0.0063131517 0.25781 2.8519257e-06 3.4915474e-06 0.009859457 0.0035247246 2.9131102e-06 0.001383352 6.294807e-16 6.0486727e-06 0.023221517 0.000661654 0.01110028 0.09776029 0.5745239 9.257311e-05 0.6785605 8.174601e-08 0.32648593 0.17507115 0.00043860904 0.21038501 0.0023284422 0.24279663 8.844721e-06 0.4847258 8.158878e-06 0.012111903 9.846474e-07 0.14232014 0.0016384638 0.0016796237 0.040623084 2.0766909e-06 0.07550558 0.019748494 0.12391934 0.0018009596 0.24740234 0.00860046 0.09216259 2.4054449e-08 0.0008063632 0.001966002 0.0047720773 0.003112526 0.00036530453 0.00036924792 0.00033243012 0.00039104765 5.2103896e-06 2.821852e-06 0.013668808 0.02186819 0.003221705 0.0031394963 0.005563354 0.017324343 0.0052560377 1.8751697e-06 0.0009776746 0.0005490203 2.8323718e-08 1.1563717e-06 0.0014777348 0.00023214312 0.0138804475 0.0023493748 0.054777686 0.0026516763 6.567457e-06 0.000488523 0.00027434368 0.0010932148 0.000103979764 0.00088781747 0.0003528203 0.0002510518 0.0018632476 0.00036649985 7.016781e-05
0.1525756 0.07738712 0.009393938 0.005525566 0.03261791 0.00011444736 0.000105789186 0.0004613918 0.0001923914 7.791744e-05 0.0008068944 9.885959e-06 0.0054890406 5.746175e-05 0.44352537 0.15462139 0.23125622 0.021801898 1.753113e-05 1.6823578e-05 3.0709638e-05 5.279305e-06 0.5647557 0.6029538 6.447137e-05 0.00047530013 0.77225655 0.0022310792 6.0486727e-06 5.7190557e-25 9.774602e-05 0.072414026 0.00041996702 9.757116e-06 7.424004e-08 0.7738599 2.8345593e-07 0.008922908 5.1436345e-08 5.0648073e-06 0.12763189 9.95126e-07 0.0009766761 8.445134e-08 0.02853459 2.2326783e-07 0.006709851 0.0006137627 0.013286678 2.631866e-06 0.024905443 0.0020510245 0.000103848455 0.008744137 1.8571955e-05 0.00016129232 1.870063e-05 0.023529714 9.403953e-07 0.0005269265 1.1233049e-05 0.0070570866 0.0018307186 0.0027310504 0.00065299135 0.0011712839 0.005536239 0.09938818 0.0032821381 0.00072755176 0.031243606 0.0018131792 2.15807e-08 8.156095e-09 5.5220203e-06 2.0977715e-05 3.3943877e-05 1.2626391e-07 3.6846504e-05 0.0031462584 8.422927e-06 2.2224114e-05 0.06761486 0.00044666394 7.0019773e-06 0.00264489 2.3799418e-09 2.2658922e-07 1.8934716e-05 8.7085476e-07 0.0006717819 5.1770703e-06 6.795963e-05 1.08246105e-07 0.0003082726 1.9047321e-06 0.0015454883 8.569529e-05 7.971389e-08 7.603953e-06 0.0001720531
0.4958107 0.008005819 0.022048555 0.024569733 0.006745775 0.18008713 0.08730795 0.18641315 0.12141 0.11370183 0.16111395 0.14377245 0.076675326 0.086476356 0.001047286 0.0025616223 0.00061708764 0.055031717 0.27550632 0.31970674 0.3516647 0.19370283 5.2823936e-05 3.9450086e-05 0.5098128 0.48776376 1.8854815e-05 0.36416644 0.023221517 9.774602e-05 3.578054e-21 0.033364706 0.0049934145 0.5892981 0.011149557 0.0010000762 0.009135419 8.353806e-07 0.033918828 0.39536446 0.017289625 0.21034494 0.3496498 0.0061021047 0.00023319645 0.00448043 8.377317e-05 0.45222443 6.467352e-06 0.21548198 0.10296835 0.2491858 0.36984152 3.4467814e-06 0.26241285 0.38053256 0.074151464 0.046904873 0.001999691 0.3503186 0.008487095 1.1744313e-07 0.057778895 0.2032061 0.25268453 0.181466 0.009067315 0.0008046533 0.008644643 0.019880045 2.834387e-05 1.6053071e-06 0.0014592352 0.0005733736 0.0007104561 0.036870252 0.021880306 0.00010153902 0.006016258 4.58537e-06 0.024035456 0.019128319 2.1018493e-06 5.906614e-07 0.0062051807 8.1283906e-05 0.0011278709 0.0003228036 0.007225315 2.2555543e-05 7.78213e-06 0.005408207 0.010683728 1.3949379e-05 0.00048347868 4.845133e-05 0.00019081119 0.0036570332 6.441343e-05 0.001954051 0.0020437366
