8.575792e-33 1.5159534e-05 3.8082293e-05 3.9466417e-05 2.4186316e-05 9.68475e-06 3.2928005e-05 5.472852e-05 4.6549085e-05 1.5770376e-06 3.5105588e-06 1.407854e-06 4.697029e-06 0.00090064644 0.00021867974 0.00013838784 1.6231816e-06 0.00018686234 2.040277e-05 0.0008429513 2.8742814e-05 0.00034832992 0.00010168069 1.3299627e-05 3.03679e-05 0.0012622655 1.2231781e-07 9.08387e-07 4.0256683e-07 0.0017132743 5.572558e-06 1.1349772e-06 4.957939e-06 1.4812657e-07 7.410925e-06 1.7702414e-05 0.0024933438 1.2052715e-07 0.0001969063 3.4697504e-07 3.4336136e-07 2.4117999e-05 1.37162015e-05 6.216727e-08 0.004856923 1.10381485e-07 0.0002237561 0.003009212 5.8227897e-08 0.0019233405 4.3340762e-08 4.7170113e-05 3.869185e-05 0.0011034237 3.3764064e-08 1.9186404e-08 7.7706794e-08 7.114756e-05 1.4357842e-08 0.0014101517 1.897622e-05 1.5165895e-07 7.4566833e-07 1.6862079e-07 0.00012701677 0.000155917 0.002148497 1.1089845e-08 6.893779e-09 3.5870605e-06 1.4280783e-06 2.815735e-07 0.0011695565 0.00032551817 1.0284243e-05 8.926635e-05 5.3528304e-08 1.2672975e-08 1.1981438e-06 9.4174607e-07 0.0011787965 5.1180828e-06 1.4585352e-06 4.6606047e-10 3.0822835e-07 0.001965731 0.00079214684 2.7178337e-09 0.0010787466 6.1599033e-09 0.0006677438 2.379582e-10 0.0009458766 5.738875e-07 3.862269e-05 0.0012814625 4.8702962e-11 2.7045182e-09 2.7513922e-09 0.00021087161 9.6394816e-11
1.5159534e-05 2.6330153e-27 0.24273123 0.17131032 0.24854898 0.16384512 0.03995299 0.047227465 0.16278169 0.3479323 0.16968815 0.29313454 0.05286671 0.045705322 0.08677601 0.07660065 0.29596812 0.0038468337 0.1313928 0.078212515 0.004260679 0.052266516 0.00262467 0.08768428 0.1333368 0.06236566 0.27338555 0.0031327594 0.06605305 0.054371838 0.00086859794 0.0010100378 0.035245053 0.23259556 0.06710269 0.06460016 0.0026194514 0.003964519 0.0021156576 0.10710112 0.0005772447 0.0034414427 0.057868328 0.19523238 0.018820347 0.27336797 0.012685129 0.020445641 0.18664555 0.014130868 0.12445559 0.0073614516 0.008323079 0.0019366508 6.4214764e-05 5.2338735e-05 0.048608687 0.0034155229 4.988842e-05 0.0010464315 0.023931175 8.3733554e-05 0.032864913 0.035550166 0.006846382 0.0066698007 0.0070569515 0.07446801 0.0042095245 0.000406443 0.011115927 0.02214035 0.00295816 0.0062194285 0.00094905036 0.006166755 0.020329846 0.03748047 0.0041312906 0.0022744336 0.003751692 0.00038811864 0.00058979297 0.015910544 0.0051734895 0.008523247 0.0016285164 3.0458855e-09 0.010269049 0.0016547438 0.009869683 0.017343065 0.0039990707 0.0013860617 0.002772171 0.0050718943 0.0062026805 0.0024604734 0.0015205055 0.0018583995 2.1901462e-05
3.8082293e-05 0.24273123 1.9962902e-25 0.23642464 0.17075105 0.14099519 0.05362745 0.06950156 0.10117022 0.27556384 0.1103249 0.18100555 0.075624265 0.07498335 0.05461679 0.105994835 0.17883202 0.010520586 0.07247617 0.06825299 0.007599531 0.037180964 0.0046493984 0.064093016 0.07551945 0.06358793 0.1581019 0.0063638864 0.036312073 0.080814816 0.0025115178 0.0031801881 0.0324179 0.12935527 0.042745624 0.037536476 0.0058107316 0.0056690224 0.003593162 0.06188116 0.0017074681 0.005500952 0.034167882 0.08030244 0.03649926 0.14129317 0.01013009 0.032617126 0.11997997 0.0131022725 0.08314283 0.005438964 0.006668268 0.0031307198 0.00022828727 0.00015480489 0.032183282 0.0046313647 0.00017523466 0.0020200678 0.015305063 0.00017785456 0.041626245 0.044348184 0.006732362 0.0056838826 0.010126768 0.05369965 0.0055238353 0.0012708366 0.024658104 0.020880718 0.003651849 0.0070933066 0.00058077363 0.0064774076 0.025618955 0.03817405 0.0025006542 0.0013310153 0.003723838 0.00021545951 0.00034493665 0.010907711 0.0048169713 0.0107582025 0.0021533668 8.415126e-09 0.015137077 0.002288026 0.0074490365 0.017060587 0.0035133325 0.00076707324 0.0036230294 0.006556124 0.0061352546 0.0035196976 0.0012735494 0.0023902874 1.8807295e-05
3.9466417e-05 0.17131032 0.23642464 4.961336e-26 0.11805952 0.17627375 0.10459875 0.13494012 0.07716601 0.23802549 0.13892499 0.17217366 0.13429202 0.10072146 0.0432904 0.10940931 0.15135324 0.026793769 0.06062814 0.05810044 0.0147960065 0.033424135 0.010727236 0.0950098 0.06656469 0.05038856 0.134269 0.013796097 0.053550467 0.06699642 0.008172284 0.007826609 0.045094565 0.12114427 0.03857629 0.03394096 0.013780646 0.013808088 0.009955804 0.0571538 0.005690529 0.0139237335 0.03417996 0.070504874 0.04109125 0.1353998 0.008293984 0.0366201 0.11500991 0.010128124 0.083736494 0.0052085244 0.006803359 0.00739619 0.0013827037 0.0010345406 0.02687634 0.014862348 0.0011986508 0.005793732 0.01852119 0.0012504751 0.05940306 0.06107218 0.0063029365 0.005009557 0.012882594 0.048262607 0.010498461 0.0046702605 0.036449444 0.02756839 0.0048575974 0.011903237 0.0005338541 0.013056035 0.030232573 0.034420557 0.0032968007 0.0018366231 0.0034669593 0.00019903651 0.0004316851 0.010071647 0.005481487 0.0092909075 0.0024512808 1.8879267e-07 0.01288679 0.0043187165 0.0069198944 0.013775496 0.0035556993 0.0011320909 0.0067904373 0.0063241916 0.0054954463 0.006695044 0.0009927044 0.0026795657 9.327995e-05
2.4186316e-05 0.24854898 0.17075105 0.11805952 2.0474688e-26 0.09558845 0.027085833 0.03167211 0.22386213 0.2951433 0.10132563 0.2453607 0.03173746 0.045087684 0.10947701 0.07926156 0.25242195 0.0016341457 0.14009787 0.09312987 0.0027599337 0.0639469 0.0017450075 0.04004814 0.15305306 0.08395269 0.20326215 0.0018224538 0.03985344 0.07378173 0.000473411 0.0005501765 0.016836453 0.1682258 0.08867923 0.08509223 0.0019454696 0.0025017825 0.0016534914 0.12359922 0.00038381814 0.0026147892 0.069920175 0.16926715 0.023456672 0.18262303 0.016687358 0.023473978 0.111775085 0.020885766 0.0804633 0.010529242 0.012406533 0.0013097489 5.2058473e-05 4.044887e-05 0.051139284 0.0027266159 3.8616243e-05 0.0006913317 0.028961634 7.391525e-05 0.022945402 0.017864292 0.011727151 0.011094385 0.008843166 0.05326579 0.0029862581 0.00035565248 0.008684637 0.026993439 0.003546121 0.0065976395 0.0017441439 0.004996858 0.012899066 0.025114095 0.0041845106 0.0022687977 0.005586844 0.0009342668 0.000913075 0.013498415 0.0072447043 0.011999353 0.0023533797 2.1282576e-09 0.017359661 0.0017609148 0.014141173 0.010414188 0.0053790347 0.0015619472 0.0029758534 0.00830697 0.0038516354 0.0022059856 0.0025795256 0.0028913652 1.9220186e-05
9.68475e-06 0.16384512 0.14099519 0.17627375 0.09558845 1.1071705e-28 0.11417052 0.16213566 0.06683018 0.23799019 0.23465228 0.20887487 0.14722255 0.06877302 0.034084935 0.041556433 0.17599094 0.03136101 0.060289614 0.027885513 0.017497417 0.019725323 0.024287216 0.25244105 0.06464103 0.023641912 0.18377423 0.013218234 0.16800141 0.03677285 0.006064123 0.0046611857 0.098701045 0.16684455 0.021448156 0.020174213 0.007922364 0.0075528235 0.006207542 0.0440096 0.0023919898 0.009960762 0.02529913 0.09866937 0.019687051 0.15182512 0.00458908 0.023998195 0.09922829 0.0056442586 0.054834373 0.0022225515 0.0030650904 0.004299322 0.00091689 0.0007331637 0.027133211 0.013885293 0.00095607125 0.004926488 0.014449811 0.0015157069 0.059201386 0.035792843 0.0013044864 0.001586073 0.011153587 0.02432986 0.006461834 0.0009858554 0.01967416 0.024346832 0.0066799195 0.019195357 5.5431337e-05 0.023209754 0.020754833 0.021346198 0.0016769245 0.00086851715 0.0006810834 3.0394067e-05 0.000114461225 0.005631922 0.0043033175 0.0013228228 0.0034418055 1.3960043e-06 0.009620184 0.0023239765 0.0026433442 0.0059610447 0.0007018039 0.00073053484 0.006572225 0.0062142527 0.0016172698 0.005068159 0.0011679806 0.002085534 0.00012602628
3.2928005e-05 0.03995299 0.05362745 0.10459875 0.027085833 0.11417052 1.3177118e-25 0.26651904 0.02480508 0.074353844 0.083229505 0.058981247 0.19530354 0.14378294 0.017812336 0.09481191 0.048315212 0.107728496 0.031221 0.025443897 0.048269413 0.017124241 0.04666948 0.11965194 0.038472574 0.022525016 0.027729334 0.040286772 0.03668189 0.05250582 0.038761247 0.03144904 0.10553522 0.013925753 0.036126677 0.028275099 0.051575452 0.033735204 0.03941486 0.030564822 0.02515872 0.035343815 0.027036626 0.014653175 0.048371043 0.011354042 0.0030753734 0.04167111 0.0134404 0.003806423 0.008915053 0.0024908173 0.0029167994 0.024976306 0.012127217 0.00936517 0.02121607 0.04948952 0.010496318 0.025187744 0.012929975 0.009664245 0.08625734 0.026046466 0.0026349428 0.002301685 0.016134296 0.0072016786 0.013926788 0.022286935 0.052136347 0.026240215 0.011064947 0.02680647 0.00031673818 0.032210056 0.017585218 0.010306699 0.0023803532 0.0013332862 0.0009957165 9.3033144e-05 0.00028481914 0.00325575 0.0034685351 0.0025902588 0.0035846124 7.4640615e-05 0.009713443 0.009619937 0.002003262 0.0017646151 0.0011918384 0.0007400211 0.013967277 0.005717844 0.0010251113 0.012403994 0.00070787774 0.002702264 0.00023322002
5.472852e-05 0.047227465 0.06950156 0.13494012 0.03167211 0.16213566 0.26651904 1.2786672e-24 0.02797976 0.07797433 0.09643709 0.052552536 0.33604908 0.18164457 0.021935217 0.10434342 0.06312097 0.15768942 0.03834874 0.033500094 0.07458655 0.02609961 0.07535786 0.16809833 0.046952557 0.030463576 0.02897474 0.07460574 0.04769102 0.053927474 0.060933 0.054837048 0.1564164 0.020266388 0.04653505 0.04300411 0.06345909 0.054604787 0.055099197 0.035953198 0.043698043 0.04937449 0.035832547 0.02300013 0.045127463 0.021895476 0.007101202 0.036684852 0.038176544 0.007623409 0.020879896 0.0047841873 0.005697923 0.034876827 0.019683626 0.015693786 0.033588875 0.054109752 0.016187698 0.028386781 0.020020932 0.014039217 0.12984306 0.051590264 0.005008402 0.004533936 0.013300984 0.019603437 0.025838953 0.03227193 0.08383178 0.04199781 0.010378362 0.023905655 0.00048007065 0.029803494 0.035161734 0.023291586 0.0035053224 0.0018211048 0.0019575658 0.0001214935 0.00031873962 0.008318877 0.006339614 0.0041119717 0.0035504978 8.5253894e-05 0.009941336 0.014920801 0.0019498308 0.004880538 0.0017945475 0.0012919978 0.013300046 0.0058171824 0.0023132898 0.020162426 0.002805271 0.0035340833 0.00032555388
4.6549085e-05 0.16278169 0.10117022 0.07716601 0.22386213 0.06683018 0.02480508 0.02797976 1.8161191e-24 0.19656214 0.058831736 0.17332171 0.034641024 0.042206194 0.1268204 0.089709714 0.25544772 0.002145974 0.15241879 0.1346677 0.0031259623 0.09764299 0.0016445542 0.03673825 0.17075776 0.12257997 0.10162973 0.0033952345 0.01747168 0.08966052 0.00064977224 0.001092031 0.021607466 0.087126 0.101273835 0.10683942 0.0019762628 0.002524153 0.0017492854 0.13159433 0.00061617256 0.002444935 0.089785695 0.14508086 0.02207105 0.13482028 0.03231524 0.020456018 0.089456424 0.033439104 0.057196718 0.022547588 0.024278443 0.0009734113 3.1422398e-05 2.218841e-05 0.059565995 0.0014077044 2.2054784e-05 0.00043780246 0.043285605 2.696599e-05 0.04041976 0.019857995 0.025280654 0.021299977 0.00838132 0.06271139 0.004556817 0.00021126958 0.016198184 0.038086515 0.0036622002 0.0056298506 0.0050088293 0.0037101305 0.019933378 0.03471719 0.0065829516 0.0035430242 0.009104929 0.0032781183 0.0025916377 0.026921969 0.0098842215 0.01924556 0.0031645938 3.3948409e-09 0.022294281 0.0019125718 0.01622568 0.0215326 0.009227718 0.0029533524 0.002453656 0.010133791 0.0056170044 0.0061435974 0.0057787066 0.00464931 1.8443849e-05
1.5770376e-06 0.3479323 0.27556384 0.23802549 0.2951433 0.23799019 0.074353844 0.07797433 0.19656214 6.6418976e-31 0.28771168 0.5023319 0.023701655 0.036937527 0.079607464 0.042285673 0.4129707 0.0050217523 0.16468999 0.040843297 0.0023286142 0.021011364 0.003181224 0.17155722 0.13490231 0.031447254 0.3777399 0.00030952343 0.24594717 0.024391646 0.00027865756 8.719209e-05 0.025171472 0.3371747 0.016837223 0.025294239 0.0009234949 0.000106283886 0.0014560448 0.06064954 2.0797203e-05 0.001575826 0.01659198 0.24193966 0.012881704 0.2991489 0.0035149094 0.021558069 0.22794631 0.005097612 0.16478027 0.0009880763 0.0012504816 0.0005900869 8.475609e-06 4.0164364e-06 0.015939688 0.001967979 4.145876e-06 0.0006858736 0.005471707 6.0465987e-05 0.0020906467 0.02953452 0.0010339759 0.0011260298 0.008293885 0.038865197 0.00016397142 0.00014803825 0.00023655519 0.0007101754 0.003572548 0.0072391685 1.6359943e-05 0.004630197 0.006099626 0.0122522265 0.00024755383 0.00013543785 0.00045699227 9.931726e-06 2.478953e-05 0.0051833666 0.0004285829 0.0010834419 0.0012298579 1.4495867e-08 0.0040267515 4.036563e-05 0.0019237093 0.004762378 0.0004719408 9.938447e-05 0.0011987125 0.002716421 0.0011870168 0.0002593565 0.00012099388 0.0004965283 3.1938466e-06
3.5105588e-06 0.16968815 0.1103249 0.13892499 0.10132563 0.23465228 0.083229505 0.09643709 0.058831736 0.28771168 1.4796933e-29 0.22820435 0.07789536 0.03830027 0.023803951 0.024028689 0.17807634 0.017546035 0.043803588 0.020389572 0.009090808 0.009771272 0.016638381 0.30850688 0.04796978 0.014827188 0.29653284 0.0028874262 0.25851163 0.017258434 0.0019765736 0.0007156027 0.06641703 0.29552585 0.0053492156 0.0059012007 0.0019276164 0.0004668096 0.0028193826 0.042124856 0.00026805932 0.0027884885 0.006468922 0.113312624 0.0074398667 0.19200587 0.003105164 0.010979777 0.12034203 0.0032390156 0.069142975 0.0015446976 0.002167573 0.0008280524 0.00013062647 8.384239e-05 0.02151342 0.0036514243 0.00012918308 0.0008455894 0.0038994183 0.00024183007 0.01415532 0.0358394 0.000458297 0.0007710539 0.006521496 0.020295575 0.0008017325 0.00014128293 0.002242437 0.00439211 0.0046651214 0.01234692 1.3741588e-05 0.0134218335 0.0079441415 0.0097693885 0.0005763579 0.0003485795 0.00020881658 7.2902562e-06 2.6706402e-05 0.002962057 0.0010062195 0.00039210898 0.0017870015 2.4617265e-07 0.00231891 0.0002233178 0.0007757193 0.0021335366 0.00019655845 0.0002830879 0.0025960892 0.0023339882 0.00036375545 0.000936091 0.00056885544 0.0006686331 4.123592e-05
1.407854e-06 0.29313454 0.18100555 0.17217366 0.2453607 0.20887487 0.058981247 0.052552536 0.17332171 0.5023319 0.22820435 1.2801227e-30 0.0153378295 0.027440192 0.09578988 0.04048713 0.42134833 0.002599623 0.19339159 0.04877001 0.002582999 0.029462649 0.003236965 0.1744035 0.17338628 0.03223933 0.37249455 0.00046180715 0.24570107 0.022532715 0.00024636093 0.000114749215 0.036222022 0.32585573 0.038258377 0.042752493 0.0012737723 0.00017744931 0.0020357387 0.10839489 3.0924442e-05 0.0018894399 0.032519523 0.28047282 0.0164039 0.29092836 0.0067996103 0.024407825 0.21053357 0.0062472885 0.16044669 0.0025539985 0.003374905 0.0011013325 6.761013e-06 2.9939501e-06 0.029554486 0.0018456499 1.529462e-06 0.0010633488 0.009382361 8.651431e-05 0.0035135518 0.02018371 0.002217609 0.0026989365 0.012218969 0.036406077 0.00043834915 0.0004307224 0.00042826607 0.0011856859 0.005477497 0.010426282 7.427018e-05 0.0060451347 0.004030011 0.00891612 0.000538832 0.00031746426 0.0012228657 4.504727e-05 8.8460416e-05 0.0060150274 0.00056358706 0.001990514 0.0013698334 2.8432082e-08 0.005342577 4.3565935e-05 0.0034608531 0.004707947 0.0018677968 0.00027911158 0.0025879627 0.0034617325 0.00082734553 0.00020337642 0.00013277911 0.0005471832 1.4897224e-06
4.697029e-06 0.05286671 0.075624265 0.13429202 0.03173746 0.14722255 0.19530354 0.33604908 0.034641024 0.023701655 0.07789536 0.0153378295 3.456841e-25 0.13356765 0.03979867 0.077815406 0.01820479 0.17485216 0.023330677 0.03124565 0.12164965 0.039898075 0.118715 0.16507128 0.036398523 0.024052866 0.0068398425 0.10483353 0.027816253 0.043995984 0.082343005 0.06928375 0.16627726 0.007547802 0.042631857 0.03694284 0.0527688 0.065821014 0.051065084 0.020440133 0.043941278 0.045833945 0.03951052 0.02562581 0.040720977 0.012663458 0.0123508 0.041897316 0.011250374 0.010832255 0.0063899513 0.0049230102 0.007303562 0.0361179 0.020007819 0.017618883 0.040323652 0.057627775 0.019764205 0.035668768 0.024305806 0.020359043 0.121988855 0.0126497885 0.0043207 0.0054451507 0.017394563 0.0065133013 0.033696316 0.020599853 0.063799925 0.055423588 0.013930402 0.028553184 0.0006281685 0.03200455 0.013818186 0.010111158 0.0027489916 0.0016871918 0.0037641993 0.00024585793 0.00070849835 0.00401199 0.011389984 0.0034349337 0.003989386 0.0013638762 0.010442198 0.018812569 0.006208551 0.003490917 0.0029690312 0.0017024155 0.016222572 0.006916872 0.0010922066 0.007636802 0.002974301 0.0031090472 0.0020943363
0.00090064644 0.045705322 0.07498335 0.10072146 0.045087684 0.06877302 0.14378294 0.18164457 0.042206194 0.036937527 0.03830027 0.027440192 0.13356765 1.0903794e-21 0.023947788 0.16503961 0.029767254 0.1842843 0.032318972 0.07283681 0.090795726 0.033948295 0.08038747 0.06436481 0.03609613 0.06574932 0.0048245597 0.06896224 0.010099372 0.15366434 0.062477324 0.05824266 0.05251182 0.00349752 0.028260365 0.023578104 0.09691833 0.023398103 0.08345127 0.010777416 0.034858853 0.07644659 0.029974882 0.003480432 0.16176833 0.0026608298 0.021598551 0.13438548 0.0054471423 0.021794638 0.0057088477 0.01724879 0.018328797 0.058871068 0.012357852 0.0077795116 0.004384612 0.056562025 0.0072993566 0.06720649 0.018408654 0.014380821 0.045099765 0.01733822 0.018120453 0.013113812 0.050696436 0.007060439 0.0058305427 0.05665214 0.02817461 0.010511565 0.042387836 0.07056397 0.0015420747 0.074688986 0.011530302 0.0065196054 0.0013259096 0.0007347635 0.0074469238 0.00033454443 0.00048374757 0.0023182777 0.003399471 0.011443563 0.017805688 4.8111287e-05 0.027106613 0.0031763448 0.005992851 0.0021567957 0.0047138007 0.0006743784 0.035884235 0.015360372 0.0008255509 0.008802236 0.0010457595 0.013647993 3.676795e-05
0.00021867974 0.08677601 0.05461679 0.0432904 0.10947701 0.034084935 0.017812336 0.021935217 0.1268204 0.079607464 0.023803951 0.09578988 0.03979867 0.023947788 1.1321551e-22 0.076035075 0.11754098 0.0011789572 0.0959705 0.14245829 0.0018648779 0.11894737 0.0005686851 0.024598256 0.1406255 0.13832876 0.030957948 0.004963813 0.0071213176 0.10711248 0.00081696303 0.0020577926 0.017736312 0.01616526 0.10506213 0.1264538 0.0020189625 0.0035366458 0.0022166763 0.10138606 0.00065167213 0.0024162652 0.10600676 0.061760385 0.02209171 0.029700587 0.046374086 0.032122876 0.018388242 0.047697376 0.011674137 0.040331814 0.039637733 0.0010728269 8.298477e-05 5.7043897e-05 0.055884052 0.002105515 6.307606e-05 0.0004278062 0.06496646 3.0252566e-05 0.03645614 0.0115007 0.036551975 0.032693453 0.013344184 0.023041053 0.005470092 0.0004099673 0.01924086 0.04297401 0.0041370434 0.0073426752 0.014008217 0.0047566113 0.01884683 0.017284876 0.012620729 0.008240038 0.01863477 0.008445953 0.006600343 0.016930684 0.022227842 0.02679358 0.0043050786 7.745135e-09 0.035429467 0.0021475127 0.02508082 0.008386043 0.018899262 0.0069025336 0.0033345702 0.016375802 0.0029038652 0.006574551 0.016502194 0.007940442 3.6381756e-05
0.00013838784 0.07660065 0.105994835 0.10940931 0.07926156 0.041556433 0.09481191 0.10434342 0.089709714 0.042285673 0.024028689 0.04048713 0.077815406 0.16503961 0.076035075 1.7320981e-19 0.054105777 0.05191434 0.05661035 0.17741631 0.03317225 0.098983735 0.027729202 0.027423587 0.07333566 0.16917604 0.009054663 0.02654707 0.0054073613 0.27659646 0.027283007 0.018204 0.025593169 0.00807781 0.061427586 0.068426564 0.034970414 0.009434995 0.028664095 0.017472463 0.009341283 0.022669062 0.060804047 0.014954906 0.24741124 0.018400129 0.048209272 0.2763725 0.013389348 0.055565808 0.009071443 0.035272103 0.034182627 0.03134149 0.0054765358 0.0051118317 0.008128225 0.029829474 0.004733458 0.04859393 0.041145504 0.0034955174 0.024829358 0.006835832 0.03281908 0.033907276 0.1354715 0.012398691 0.0018141745 0.02041154 0.008444958 0.012022267 0.07126171 0.0763818 0.010419991 0.05795712 0.014269569 0.020445017 0.004134517 0.0035758973 0.02956377 0.0063451966 0.0056029735 0.006907212 0.002749078 0.04660918 0.05157254 5.0678805e-06 0.07264236 0.0006403241 0.04640136 0.0088060275 0.02838795 0.0019193599 0.047262408 0.050103363 0.0046762014 0.0030741447 0.0015839438 0.03524913 1.5107678e-05
1.6231816e-06 0.29596812 0.17883202 0.15135324 0.25242195 0.17599094 0.048315212 0.06312097 0.25544772 0.4129707 0.17807634 0.42134833 0.01820479 0.029767254 0.11754098 0.054105777 1.1753896e-27 0.000788635 0.29319993 0.075283006 0.001382498 0.04969696 0.0015105872 0.11380912 0.25473455 0.052944727 0.30597228 0.00067436683 0.14578162 0.032122348 0.00017249094 0.00016488768 0.047844745 0.26549235 0.070047416 0.08403317 0.00065502996 9.225724e-05 0.000511893 0.13839252 4.2176176e-05 0.0003476428 0.051988885 0.24432343 0.008566902 0.2639725 0.016371455 0.0145239895 0.16242611 0.01277701 0.12891935 0.008180558 0.009029475 0.00029855646 1.24474245e-05 6.9694265e-06 0.04655559 0.0009060882 5.9525737e-06 0.0005200895 0.017531475 1.4235782e-05 0.009059824 0.014942816 0.005963453 0.006001156 0.009856223 0.052665245 0.00013959125 3.7654165e-05 0.0005079753 0.0016181015 0.0068415385 0.011857544 0.00041951105 0.009295933 0.0050211176 0.016590452 0.0004254643 0.0003394985 0.0016353814 0.00027566837 0.00014150514 0.011503914 0.00039523988 0.0027373268 0.0036208725 8.566545e-09 0.00805335 3.8123242e-05 0.0054981876 0.009031731 0.0019317783 0.00023834026 0.0037767235 0.0053129937 0.00080748746 0.0002553 0.00020058744 0.0015485162 1.7008088e-06
0.00018686234 0.0038468337 0.010520586 0.026793769 0.0016341457 0.03136101 0.107728496 0.15768942 0.002145974 0.0050217523 0.017546035 0.002599623 0.17485216 0.1842843 0.0011789572 0.05191434 0.000788635 5.6395587e-21 0.0022487955 0.013099519 0.19631323 0.0045833965 0.23876178 0.02959162 0.0013452268 0.008786884 0.00093813497 0.10998091 0.002479938 0.04339663 0.17231384 0.09833201 0.05934795 0.0010552686 0.006546799 0.0021496816 0.3346195 0.051215716 0.2630158 0.0024947815 0.06282705 0.232309 0.003827815 0.0004694913 0.06545084 0.00019652415 0.0014032898 0.056123417 0.00028214563 0.0012726618 0.00019743864 0.0011537677 0.001842974 0.17755443 0.04380159 0.03239295 0.005064869 0.15856044 0.035079435 0.19864719 0.0043900325 0.024137167 0.0509163 0.002056399 0.0008609327 0.0005643513 0.03102231 0.0003639709 0.017564327 0.059611857 0.04082225 0.00590697 0.04738279 0.09588653 8.032413e-05 0.124083 0.0068491437 0.0021925508 0.00029069383 0.0001433639 0.00034547652 2.2320568e-05 0.00010237922 0.00013699959 0.0005577578 0.000973603 0.0069252187 0.0024236504 0.005283407 0.010682103 0.0009618533 0.00039742608 0.0002774103 0.00017037765 0.05664908 0.0034925754 0.00027726483 0.009543062 0.0004601884 0.0033519098 0.0031272091
2.040277e-05 0.1313928 0.07247617 0.06062814 0.14009787 0.060289614 0.031221 0.03834874 0.15241879 0.16468999 0.043803588 0.19339159 0.023330677 0.032318972 0.0959705 0.05661035 0.29319993 0.0022487955 4.711222e-27 0.08882236 0.0034340904 0.070166215 0.002258581 0.06731314 0.21691981 0.080972 0.091265626 0.00090944854 0.041137107 0.049743794 0.00027796166 0.00015387818 0.040960375 0.06736132 0.11330273 0.12243732 0.0012080703 0.0005741473 0.0016381482 0.16461171 4.454891e-05 0.0020751993 0.08965671 0.14339264 0.011593124 0.103660695 0.018807555 0.023080243 0.053261206 0.017730376 0.036402564 0.013523877 0.013649191 0.0003779512 9.826386e-06 8.221598e-06 0.0516149 0.0023282445 1.1039898e-05 0.00073870644 0.04348282 2.5881325e-05 0.019441282 0.00882077 0.012066663 0.012492962 0.009053739 0.026641423 0.0015260717 0.00020861812 0.0070074126 0.014166902 0.0036126303 0.010644355 0.0017825668 0.011005215 0.008859052 0.011734156 0.001974024 0.0014406687 0.0030453952 0.00096853555 0.00066348386 0.0067240368 0.0037228793 0.0058034095 0.0018941235 4.5682594e-08 0.013807725 0.0005072753 0.017500388 0.0046445588 0.004636369 0.0008972075 0.0046002343 0.0060492093 0.00059712894 0.002179229 0.000918147 0.0015927941 2.0698033e-05
0.0008429513 0.078212515 0.06825299 0.05810044 0.09312987 0.027885513 0.025443897 0.033500094 0.1346677 0.040843297 0.020389572 0.04877001 0.03124565 0.07283681 0.14245829 0.17741631 0.075283006 0.013099519 0.08882236 2.67977e-19 0.009104017 0.23813972 0.0041054105 0.016611025 0.12075143 0.3627254 0.0041927015 0.015666211 0.0035623533 0.20176272 0.006224289 0.011352391 0.008765332 0.0042454526 0.11977887 0.13729466 0.011836314 0.010330016 0.007164191 0.033277784 0.0050527975 0.0063454327 0.13412161 0.018026335 0.103449106 0.011682886 0.1619756 0.17264578 0.007843563 0.19724767 0.005121186 0.1070185 0.1014131 0.009116985 0.0007042389 0.0006276272 0.019414352 0.0059456844 0.00055755815 0.0093279425 0.10610117 0.00023696183 0.0092871785 0.0023447124 0.1112176 0.09805028 0.104283266 0.01860185 0.002389598 0.0016722932 0.003792362 0.040764663 0.031198915 0.033079695 0.049788155 0.020686533 0.0077677723 0.006793514 0.0255386 0.023916015 0.067879915 0.03310697 0.026230182 0.006513022 0.026398566 0.09546251 0.03571688 4.854556e-08 0.10060351 0.0006736145 0.08839359 0.005936494 0.056874696 0.015992599 0.017830124 0.053927753 0.0014294197 0.0014581054 0.015837627 0.035328366 1.33096755e-05
2.8742814e-05 0.004260679 0.007599531 0.0147960065 0.0027599337 0.017497417 0.048269413 0.07458655 0.0031259623 0.0023286142 0.009090808 0.002582999 0.12164965 0.090795726 0.0018648779 0.03317225 0.001382498 0.19631323 0.0034340904 0.009104017 6.0325424e-23 0.004567043 0.24483475 0.054521106 0.0025522271 0.0062124487 0.0006155741 0.26460615 0.0042976495 0.026805794 0.25407305 0.17634995 0.064447135 0.0007865473 0.0095764445 0.0056556356 0.10526369 0.1104517 0.11336108 0.010050754 0.089367315 0.13389473 0.00603582 0.0033874728 0.034103002 0.0007824347 0.0010169719 0.02941391 0.00082470936 0.0009681868 0.0008026471 0.00072234275 0.001336233 0.078274734 0.04726182 0.037533093 0.012151993 0.09308516 0.034809504 0.07859865 0.0056871194 0.02552902 0.037683398 0.0016525874 0.00038329835 0.00045748393 0.014596403 0.000817334 0.047020644 0.041044842 0.039993305 0.008801351 0.020940615 0.0429289 5.271358e-05 0.055522718 0.004158764 0.00200757 0.00044178628 0.0002431081 0.00035708994 2.5068037e-05 5.99951e-05 0.00041282858 0.001269495 0.0008403559 0.004111452 0.0060832296 0.0048801755 0.021479858 0.0019461738 0.0004476932 0.0003179324 0.00033123707 0.026852127 0.0032472569 0.00024888013 0.004345942 0.0008286298 0.0030262899 0.00873444
0.00034832992 0.052266516 0.037180964 0.033424135 0.0639469 0.019725323 0.017124241 0.02609961 0.09764299 0.021011364 0.009771272 0.029462649 0.039898075 0.033948295 0.11894737 0.098983735 0.04969696 0.0045833965 0.070166215 0.23813972 0.004567043 5.29513e-20 0.001391454 0.0074364725 0.11138876 0.24327146 0.002029314 0.009507957 0.001521022 0.123568684 0.002578136 0.0050224736 0.013337395 0.0015166772 0.13411687 0.15888692 0.0053279465 0.005611711 0.004578586 0.03905967 0.0023438348 0.0038784877 0.1531293 0.010477481 0.05106532 0.0036934956 0.16887788 0.09224039 0.0021943653 0.19759747 0.0012000577 0.120809525 0.11624982 0.0032473681 0.00031422926 0.0003427648 0.019183652 0.0034889881 0.00025369716 0.003497063 0.12128466 5.7801528e-05 0.013984431 0.0019084469 0.11983366 0.10450983 0.06584646 0.0102289645 0.0013049879 0.0008893127 0.0040398333 0.052083768 0.017773673 0.019003114 0.06540005 0.013912763 0.009969157 0.008036309 0.055264544 0.05416959 0.09241933 0.045735024 0.038958833 0.005329471 0.051676918 0.10248339 0.022181688 4.001796e-08 0.07950053 0.00042432724 0.08848725 0.003265374 0.076973334 0.034688637 0.011022583 0.04206115 0.0008625924 0.0013955504 0.027054694 0.02541297 4.5260144e-06
0.00010168069 0.00262467 0.0046493984 0.010727236 0.0017450075 0.024287216 0.04666948 0.07535786 0.0016445542 0.003181224 0.016638381 0.003236965 0.118715 0.08038747 0.0005686851 0.027729202 0.0015105872 0.23876178 0.002258581 0.0041054105 0.24483475 0.001391454 4.4131987e-23 0.06272945 0.0016615706 0.00272307 0.0006613006 0.19138795 0.0070316023 0.02185381 0.24449304 0.1442453 0.057827044 0.000633044 0.0042785625 0.0014735686 0.16299099 0.08113046 0.16723968 0.008131997 0.080309525 0.17294374 0.0022709568 0.0028974393 0.035902753 0.00042515784 0.00036254953 0.024669483 0.0006169867 0.00032017485 0.00047563025 0.00038457385 0.0007123554 0.114036225 0.046701614 0.036630403 0.009228127 0.11779003 0.037657246 0.10703755 0.0019485304 0.027137002 0.040538516 0.0010278081 0.00030429172 0.00012738032 0.014257542 0.00045682082 0.041594982 0.059151497 0.036425386 0.003880021 0.02781197 0.061262526 1.93178e-05 0.08230223 0.0034491196 0.0013848845 0.00028065997 0.000117579475 0.00013135352 5.4413526e-06 2.307762e-05 0.000350961 0.00041786782 0.00028830295 0.0041463114 0.0068976413 0.0037816125 0.01534194 0.00047661347 0.00031092754 0.00010379954 0.00013095813 0.04128617 0.0027581458 0.0002359804 0.003699852 0.0002766307 0.0025616407 0.0063312156
1.3299627e-05 0.08768428 0.064093016 0.0950098 0.04004814 0.25244105 0.11965194 0.16809833 0.03673825 0.17155722 0.30850688 0.1744035 0.16507128 0.06436481 0.024598256 0.027423587 0.11380912 0.02959162 0.06731314 0.016611025 0.054521106 0.0074364725 0.06272945 5.0097785e-25 0.045232598 0.011957918 0.28705177 0.024274943 0.34057906 0.010218873 0.024242403 0.010619919 0.22361957 0.23347798 0.026256304 0.016291246 0.0031810678 0.0033046105 0.0047129267 0.07366452 0.0048740986 0.0034222815 0.031234616 0.08355642 0.005250412 0.08188254 0.014253662 0.009171304 0.05379143 0.0067799576 0.04457893 0.0094237635 0.010895849 0.0011966936 0.0015337572 0.0010798366 0.15867794 0.005291826 0.001875522 0.0015437123 0.03624824 0.0030867946 0.08872405 0.046903394 0.004688609 0.0059300945 0.007235235 0.0096156215 0.0057376064 0.0008602692 0.025607707 0.0790609 0.0067925164 0.0146979755 0.0005759129 0.0145101305 0.014804722 0.010603146 0.001538792 0.00081436295 0.0014932109 0.00028352047 0.00019607114 0.010485338 0.006612938 0.0010615634 0.0023919404 3.1265467e-05 0.0018854736 0.0023753608 0.0031535956 0.0017949285 0.0013339646 0.001103573 0.007578933 0.0022412601 0.0006910348 0.009504612 0.0038946015 0.0010675376 0.00014125746
3.03679e-05 0.1333368 0.07551945 0.06656469 0.15305306 0.06464103 0.038472574 0.046952557 0.17075776 0.13490231 0.04796978 0.17338628 0.036398523 0.03609613 0.1406255 0.07333566 0.25473455 0.0013452268 0.21691981 0.12075143 0.0025522271 0.11138876 0.0016615706 0.045232598 7.545907e-27 0.12015745 0.057149924 0.00093442894 0.028823128 0.06339345 0.0002535206 0.00016839446 0.021284113 0.034648195 0.23548663 0.26620284 0.0013091094 0.00049035245 0.0013523335 0.25681624 4.4309894e-05 0.0018273756 0.20116648 0.15862511 0.018615432 0.037983797 0.024456248 0.027998945 0.015440939 0.025241623 0.011156241 0.017184 0.01720007 0.00057711144 7.871468e-06 4.8822135e-06 0.07936848 0.002027103 5.218311e-06 0.0011693035 0.08861839 2.0633901e-05 0.021451214 0.003142143 0.01693456 0.017149482 0.012096111 0.018382804 0.0007520071 0.00020667253 0.0027726009 0.037151467 0.0041171415 0.012447746 0.0029688317 0.011752774 0.009332449 0.008068024 0.0034529818 0.0023350602 0.007179286 0.0020322897 0.0012921962 0.0072112726 0.008941508 0.01170024 0.00294689 3.1244706e-08 0.02337315 0.00016312249 0.027808536 0.0035408218 0.0099845715 0.0022083714 0.006636547 0.01092442 0.0004218279 0.0018049746 0.0022006652 0.0025680554 1.03111615e-05
0.0012622655 0.06236566 0.06358793 0.05038856 0.08395269 0.023641912 0.022525016 0.030463576 0.12257997 0.031447254 0.014827188 0.03223933 0.024052866 0.06574932 0.13832876 0.16917604 0.052944727 0.008786884 0.080972 0.3627254 0.0062124487 0.24327146 0.00272307 0.011957918 0.12015745 2.855551e-19 0.00454996 0.012539018 0.0037929735 0.21422333 0.0030789052 0.0069740443 0.008635251 0.0047785733 0.11888066 0.14242464 0.0060320566 0.009760039 0.003970267 0.036174588 0.0025485568 0.003127191 0.13919714 0.015004305 0.09650493 0.0073269606 0.20422661 0.15354343 0.0036569687 0.30278778 0.002850301 0.12390497 0.10899258 0.0045056613 0.0004432382 0.00034733926 0.01950838 0.0019633356 0.00033890107 0.0051056365 0.11825801 0.00011087848 0.010327697 0.001661627 0.12862219 0.120899886 0.09641973 0.013602444 0.0022400205 0.0007713675 0.0032930789 0.040602162 0.020489043 0.024481805 0.056414243 0.013724786 0.0054779253 0.0048143854 0.033431284 0.031744197 0.0895334 0.039829683 0.031195464 0.0049428064 0.03689838 0.11382898 0.03241354 1.989526e-08 0.1021661 0.00064489734 0.10646087 0.004757169 0.07286118 0.022972634 0.012792 0.053935178 0.0014342866 0.0015293068 0.02400987 0.037581887 1.6861453e-05
1.2231781e-07 0.27338555 0.1581019 0.134269 0.20326215 0.18377423 0.027729334 0.02897474 0.10162973 0.3777399 0.29653284 0.37249455 0.0068398425 0.0048245597 0.030957948 0.009054663 0.30597228 0.00093813497 0.091265626 0.0041927015 0.0006155741 0.002029314 0.0006613006 0.28705177 0.057149924 0.00454996 1.9308475e-30 0.0002855322 0.38790074 0.0058540045 0.00024753186 0.00010573573 0.07940503 0.4717475 0.0055723516 0.004736788 0.00053015293 6.2008614e-05 0.0005653517 0.055541225 5.9426286e-05 0.00026724735 0.004439761 0.18472351 0.004149278 0.28447366 0.002059324 0.0061627543 0.25083563 0.0021814248 0.21554412 0.000955137 0.0017348672 0.00025497127 1.9643656e-05 6.732143e-06 0.019036802 0.0002790312 5.086032e-06 0.00058325473 0.0016225502 9.823571e-05 0.004880706 0.051352173 0.0004944166 0.00040090218 0.004444164 0.050462328 0.00023288374 0.00019468169 0.0006975444 0.00019882877 0.0036893957 0.010145279 7.273156e-05 0.005305067 0.011016656 0.0155637795 0.00024413013 0.00014138996 0.0001955391 3.864288e-05 3.9347135e-05 0.005542394 0.00022796789 0.0012838686 0.0015202881 1.9394895e-06 0.002852467 0.00010331443 0.00069880957 0.008488638 0.00028491204 0.00012040809 0.003963313 0.002013319 0.0009949809 0.00044172272 0.00011589354 0.0005532875 4.045892e-06
9.08387e-07 0.0031327594 0.0063638864 0.013796097 0.0018224538 0.013218234 0.040286772 0.07460574 0.0033952345 0.00030952343 0.0028874262 0.00046180715 0.10483353 0.06896224 0.004963813 0.02654707 0.00067436683 0.10998091 0.00090944854 0.015666211 0.26460615 0.009507957 0.19138795 0.024274943 0.00093442894 0.012539018 0.0002855322 1.3676016e-27 0.0019413219 0.025772586 0.43335375 0.4232021 0.02003706 0.0005819091 0.0056046788 0.0053222002 0.049800046 0.34650892 0.07138265 0.0037313337 0.18040697 0.112346835 0.005044882 0.0023362285 0.019645518 0.00053771003 0.001668902 0.021628847 0.0006503091 0.0014655968 0.00070966926 0.0025242793 0.0031697932 0.037367314 0.08332431 0.07019964 0.0038538177 0.0507506 0.06034062 0.03147139 0.0041300524 0.046362534 0.011043426 0.00068689906 0.0013856862 0.0013033549 0.008247565 0.00028459812 0.0711963 0.033174478 0.023982627 0.0019404518 0.00964136 0.019408295 0.00013845754 0.025834491 0.0023015838 0.001546136 0.00017636534 8.716591e-05 0.00050583424 5.1437302e-05 3.8768896e-05 4.8175476e-05 0.0007799896 0.0008449111 0.0019401762 0.007950198 0.0037051958 0.019214813 0.005229643 0.00024224856 0.001017798 8.673388e-05 0.0133811785 0.002647974 7.7015546e-05 0.0016454977 0.0002819181 0.0019428747 0.017152516
4.0256683e-07 0.06605305 0.036312073 0.053550467 0.03985344 0.16800141 0.03668189 0.04769102 0.01747168 0.24594717 0.25851163 0.24570107 0.027816253 0.010099372 0.0071213176 0.0054073613 0.14578162 0.002479938 0.041137107 0.0035623533 0.0042976495 0.001521022 0.0070316023 0.34057906 0.028823128 0.0037929735 0.38790074 0.0019413219 2.8783293e-28 0.0031720342 0.0028136952 0.0012827757 0.09533893 0.40707695 0.006508995 0.0034024029 0.0007717793 0.0004660972 0.0007987402 0.04024948 0.0006810545 0.0010150227 0.00453908 0.08787192 0.0040008235 0.117126755 0.0032894802 0.0046511833 0.08899255 0.0015044552 0.07767573 0.0012841527 0.0017543817 0.00065404153 0.00029011944 0.00013349013 0.03487029 0.0017241479 0.00019429628 0.0013776966 0.0042671766 0.001023907 0.018549299 0.04264562 0.0005007162 0.00042464177 0.005997571 0.008294245 0.0007537454 0.0006095291 0.004019663 0.0015544168 0.0056291963 0.010988388 9.6180695e-05 0.007818071 0.008071399 0.007342252 0.0002782075 0.00013711698 0.0001826864 3.7140595e-05 3.5055557e-05 0.0014384534 0.0007500167 0.0019120631 0.0018885599 1.6402186e-05 0.0030456188 0.00040372543 0.0016050515 0.0012468573 0.0004082669 0.00014915239 0.0038687997 0.0023192584 0.00016459703 0.0010925384 0.00018449784 0.00070086046 4.2333733e-05
0.0017132743 0.054371838 0.080814816 0.06699642 0.07378173 0.03677285 0.05250582 0.053927474 0.08966052 0.024391646 0.017258434 0.022532715 0.043995984 0.15366434 0.10711248 0.27659646 0.032122348 0.04339663 0.049743794 0.20176272 0.026805794 0.123568684 0.02185381 0.010218873 0.06339345 0.21422333 0.0058540045 0.025772586 0.0031720342 1.3398876e-18 0.019649303 0.021117406 0.011865868 0.006223101 0.052235935 0.05319937 0.028272651 0.010471502 0.019122371 0.016196841 0.007164533 0.018278036 0.055892967 0.009724478 0.28026915 0.008113796 0.08726929 0.3567215 0.00558845 0.08912795 0.0043813786 0.057748914 0.057546243 0.020185817 0.0017760015 0.0017800084 0.011564568 0.020658692 0.0014294559 0.030767139 0.05031543 0.0015695416 0.01071036 0.0017813909 0.06279339 0.057816472 0.21506278 0.006620469 0.0016625192 0.0107808225 0.0039347345 0.014097889 0.08728465 0.0934668 0.028084347 0.06711437 0.00387429 0.0042764386 0.007955936 0.007764839 0.03986102 0.01607773 0.011724076 0.003159482 0.006428517 0.06998183 0.07971562 1.0405862e-06 0.098369986 0.0008481334 0.07396152 0.005441019 0.033404622 0.007482603 0.06547959 0.07051618 0.0031715697 0.002052129 0.0036976559 0.071239926 0.00025062458
5.572558e-06 0.00086859794 0.0025115178 0.008172284 0.000473411 0.006064123 0.038761247 0.060933 0.00064977224 0.00027865756 0.0019765736 0.00024636093 0.082343005 0.062477324 0.00081696303 0.027283007 0.00017249094 0.17231384 0.00027796166 0.006224289 0.25407305 0.002578136 0.24449304 0.024242403 0.0002535206 0.0030789052 0.00024753186 0.43335375 0.0028136952 0.019649303 1.1889364e-27 0.4058625 0.023583863 0.00035461137 0.0012472789 0.00037580318 0.14405932 0.24459833 0.165827 0.004269731 0.23186533 0.23511334 0.0009334768 0.0024208392 0.030647147 0.00031653314 0.00015480549 0.023254331 0.0005064663 0.00019118733 0.0005123741 0.00011535796 0.0002614961 0.09114525 0.11765289 0.088509455 0.0044172313 0.12217135 0.08712463 0.0820698 0.00070790405 0.06641981 0.010644584 0.00036023604 6.269015e-05 4.1796186e-05 0.012425965 0.00021754112 0.098616354 0.069672905 0.02322949 0.0005295019 0.023858067 0.04184941 5.6988188e-06 0.060463417 0.0019277047 0.0007179816 3.8566595e-05 1.0332818e-05 3.2144744e-05 2.0063985e-06 3.077145e-06 3.541024e-05 6.219102e-05 9.619371e-05 0.0044711614 0.011508243 0.0038749587 0.021542411 0.00015917 0.00011749014 4.5191504e-05 1.29110595e-05 0.03089802 0.0026700431 5.6654197e-05 0.002189954 4.818439e-05 0.002556957 0.020096881
1.1349772e-06 0.0010100378 0.0031801881 0.007826609 0.0005501765 0.0046611857 0.03144904 0.054837048 0.001092031 8.719209e-05 0.0007156027 0.000114749215 0.06928375 0.05824266 0.0020577926 0.018204 0.00016488768 0.09833201 0.00015387818 0.011352391 0.17634995 0.0050224736 0.1442453 0.010619919 0.00016839446 0.0069740443 0.00010573573 0.4232021 0.0012827757 0.021117406 0.4058625 1.5298067e-28 0.010315894 0.00028877292 0.0015088168 0.00078014843 0.07378741 0.26467928 0.092865095 0.0027502938 0.22316037 0.14219338 0.0015322346 0.0016418501 0.02216389 0.00028257407 0.00040691716 0.02384459 0.00033009425 0.00043037054 0.00037551962 0.00035302358 0.0008849033 0.05448761 0.12456324 0.106870815 0.0026035754 0.085010044 0.102099605 0.050335873 0.00132141 0.06782731 0.004852106 0.00040013064 0.000110402194 0.00010284425 0.011678435 0.0002674294 0.09383292 0.056002706 0.020877792 0.00043652905 0.016336225 0.027574457 1.1045952e-05 0.036653284 0.0019920086 0.0009912669 3.5719873e-05 1.2425306e-05 9.822605e-05 4.931922e-06 4.915684e-06 1.400595e-05 9.3034476e-05 0.00020604946 0.0032655452 0.013232707 0.0032177977 0.022055957 0.0011836867 0.00014650232 0.00023772464 2.324618e-05 0.020731242 0.0025024186 5.3546763e-05 0.0008345158 5.2894466e-05 0.0027866673 0.027483117
