6.8421444e-34 1.8432935e-06 1.1218082e-05 2.5494488e-05 7.590545e-05 4.212082e-09 2.99267e-07 2.2789493e-07 0.00025614354 0.0035109278 4.227487e-05 0.006321948 2.2979048e-06 0.016463282 3.0406225e-06 0.0027771695 0.026764212 2.1013605e-06 1.9081117e-06 1.4212883e-07 7.604928e-09 8.747911e-09 0.017491227 0.0277276 5.2574414e-05 0.0063272077 2.6072128e-05 0.00023002729 0.004074577 0.1681679 0.15250537 1.0316415e-05 0.27966422 0.0041650576 0.10863448 0.0890576 5.056323e-08 3.6421574e-05 0.0037975 0.02701369 0.33098322 0.07359803 0.029755382 3.3858345e-08 0.0036733444 4.2195883e-05 0.0013798123 4.6825644e-08 0.09471935 7.0993636e-05 2.6010636e-09 0.00093208643 4.886066e-06 0.5222747 0.0014556464 0.09411219 7.624059e-08 0.17414397 0.38659957 0.021698978 7.4204654e-06 1.676443e-07 4.4881188e-05 9.950933e-06 0.05294773 7.4298225e-07 0.08702429 6.9565593e-09 8.954059e-06 0.42659825 0.09009109 0.31496453 0.003909382 0.39330763 0.26193178 0.0015087039 0.00037793553 0.18964283 3.928673e-05 0.0030152346 0.017727908 3.5222826e-08 1.0129924e-08 0.017773597 0.007870103 7.5746605e-12 0.75561064 0.0003647432 1.4349083e-08 0.0017449033 0.02637095 9.290055e-12 0.30272058 0.030604515 4.7336263e-07 6.7191104e-06 1.5830361e-08 0.44010934 7.265065e-09 9.601563e-07 0.008712058
1.8432935e-06 1.6578776e-24 0.5278586 0.25602734 0.113576256 0.018821867 0.010699242 0.11787019 0.025172556 0.06965447 0.010532522 0.03184044 0.04213099 0.05066836 0.0012851928 0.013145365 0.0006324255 0.00035267434 0.00025953536 0.0004851252 0.0024911035 0.0011930767 0.0055402694 0.009484149 0.00034233552 0.002335325 0.00017973443 0.00023734315 0.0056980234 0.016446516 0.005952663 0.0004446593 0.0030090157 0.0006726182 0.0018223774 0.00034789904 0.00017738466 0.00011070974 0.00031550092 0.00028856867 0.0003087846 0.0026520265 9.550441e-05 0.025933301 0.00018697107 0.00021600263 0.0008455366 0.000136197 0.001446993 0.0007842972 8.092112e-06 0.00056961406 0.00032363032 7.96094e-05 0.00024862177 1.569906e-05 7.1179464e-05 0.00038510456 0.0006405382 1.2424097e-05 0.00026972563 7.879441e-05 0.00014996136 0.0003739632 7.588587e-06 0.00025477097 0.00039890548 4.4056324e-05 0.056910507 0.0006025778 1.0830446e-05 0.00026252307 8.566873e-07 0.00023142055 0.0002566338 0.029506402 2.5682425e-06 1.26584755e-05 7.559428e-06 5.589684e-07 1.1336779e-06 3.0196588e-05 4.3549615e-05 1.0803568e-06 8.45274e-08 2.3523305e-06 6.1849863e-07 5.1339043e-07 4.7578127e-05 2.4284054e-07 1.9176125e-06 1.104621e-06 3.7438087e-06 1.6571119e-06 2.14136e-06 1.5512623e-07 7.4730106e-06 0.00055728003 7.227234e-06 1.8280848e-07 2.956166e-07
1.1218082e-05 0.5278586 2.975574e-26 0.46853855 0.34150332 0.00733477 0.0019666562 0.18823473 0.12589712 0.15307097 0.0063948287 0.091451995 0.10662335 0.08547275 0.016187737 0.0378308 0.0010371682 0.004551 0.0045892354 0.0044452837 0.010529168 0.0049261707 0.027319055 0.028649883 0.005033272 0.016273389 0.0029384918 0.004474808 0.0008534597 0.025293648 0.021648452 0.0061522927 0.013119828 0.00911605 0.0013103185 0.0054552783 0.0016647992 0.0025414636 0.0047278022 0.0024000832 0.002805069 0.0047323224 0.0018467846 0.0036168636 0.0022806488 0.0007941392 0.0060880664 0.0016550801 0.00048419987 0.0027224636 7.247116e-05 0.0032927569 0.0025643024 0.0007384029 0.0016569217 0.00035646503 0.0010242986 0.0049184253 0.0011625369 0.0001115839 0.002754928 0.001419371 0.00055105897 0.0032819689 0.0001563333 0.0032629757 0.0016526077 0.00070193334 0.018989345 0.00032182675 0.00013477623 0.0025703623 2.2133228e-05 0.0012684991 0.00057057536 0.0076194373 1.2219131e-05 0.00029331289 4.952632e-06 7.531659e-06 1.933826e-05 0.0007554974 0.0004171125 2.0261085e-05 6.7710466e-06 1.9888615e-05 2.7341552e-05 6.653026e-06 0.00044125997 9.178111e-06 6.35461e-05 8.394964e-06 0.00015414093 5.2751697e-05 3.3248148e-06 5.8267204e-07 1.8399223e-05 0.0007428955 1.0680539e-05 3.1684374e-07 1.1179665e-05
2.5494488e-05 0.25602734 0.46853855 5.842453e-25 0.66602576 0.0019012856 0.0007514092 0.04774062 0.3001131 0.327235 0.0022943367 0.14974457 0.059858527 0.11586261 0.028472124 0.062104065 0.0006697116 0.019230314 0.014760877 0.003559905 0.004883108 0.0029476555 0.03376216 0.041337356 0.013936209 0.019843325 0.008137539 0.01701738 0.00046114417 0.032357555 0.019281654 0.008310705 0.01475313 0.009487771 0.0017115889 0.005334363 0.0030313807 0.0025598714 0.006586258 0.0041557886 0.004199933 0.007102726 0.0023475562 0.0037660326 0.002622452 0.0013887065 0.0044301976 0.00094402465 0.00071964494 0.0016925528 6.464741e-05 0.0035172766 0.0008833333 0.00078999676 0.0016346494 0.00017916148 0.00029539157 0.0017339856 0.002018747 7.1056966e-05 0.00048495104 0.00023629276 0.0003950722 0.0005923233 6.496006e-05 0.0007611775 0.00247946 0.00012215364 0.020100284 0.00037949777 5.0746974e-05 0.0011158008 7.3818774e-06 0.0034366413 0.0010021719 0.0025372994 7.788917e-06 8.83343e-05 1.41815935e-05 2.5801023e-06 4.7555513e-06 4.7278652e-05 6.021045e-05 3.7335328e-06 6.597711e-07 3.7511495e-06 1.45861095e-05 8.572062e-07 6.081999e-05 9.29637e-07 1.1615439e-05 9.791535e-07 3.1229112e-05 1.510991e-05 1.872664e-06 3.8605117e-07 7.812238e-06 0.0006099707 6.6310836e-06 3.093931e-07 2.2274903e-06
7.590545e-05 0.113576256 0.34150332 0.66602576 6.423607e-26 0.0015876901 0.0007163931 0.05676261 0.5023709 0.3652832 0.0025904267 0.2671139 0.098714925 0.19619635 0.06287165 0.13968314 0.000825262 0.060323402 0.053929593 0.018985217 0.016728561 0.012894376 0.08322901 0.099737585 0.042547222 0.063934445 0.024344048 0.035431746 0.00015184414 0.049458366 0.044132914 0.025600942 0.031952232 0.030794837 0.0014773186 0.021344341 0.016245967 0.01172241 0.020206219 0.014607167 0.009173269 0.007223221 0.009105173 0.0027981757 0.011824648 0.004361697 0.013017791 0.008151707 0.00069397036 0.0056564664 0.0006382953 0.009906355 0.0031869933 0.004145695 0.006297722 0.0014185394 0.004000654 0.008627751 0.0026196688 0.0011572224 0.0025568788 0.0030184712 0.000743926 0.003061802 0.0008170152 0.002906539 0.0046676137 0.0018850709 0.007327506 0.00039358565 0.00069725345 0.004466205 0.0001475213 0.0044014878 0.001539827 0.0047393003 0.00015007483 0.00087786076 7.5188305e-05 7.452816e-05 0.00013169294 0.0009633363 0.00056029845 8.049506e-05 3.0066074e-05 3.2519223e-05 0.00044396482 1.4889109e-05 0.0005583715 1.9109573e-05 0.00021928662 5.338714e-06 0.00039992767 0.00021330379 1.2222779e-05 4.569027e-06 3.6947105e-05 0.00057673926 1.4858668e-05 2.4703943e-06 2.0247526e-05
4.212082e-09 0.018821867 0.00733477 0.0019012856 0.0015876901 6.765411e-23 0.25152135 0.002967964 0.0005080208 0.0012802581 0.0488302 0.0023040252 0.0012015911 0.005138279 3.643672e-05 0.00063004787 0.0013894471 2.8128496e-05 9.009921e-05 3.2283486e-05 0.0004829676 0.00011747389 0.0002701679 0.0005816419 2.3148796e-05 0.000106441505 4.288664e-06 6.657263e-07 0.05629681 0.0021432652 0.00076853874 6.6733264e-05 0.00067801255 4.1593114e-05 0.0043669725 0.00037177117 8.191498e-06 6.646361e-06 1.462111e-05 1.94817e-05 2.43368e-05 0.0010401512 1.16693e-05 0.20375642 4.5829834e-06 1.4777912e-06 6.0442126e-05 2.2265887e-05 0.00729666 9.267394e-06 9.267164e-06 1.2294315e-05 6.7356364e-06 8.643847e-06 5.8263067e-06 1.0110703e-05 1.2491697e-05 0.00022696177 0.00311808 5.668292e-06 2.3510263e-05 2.8578172e-06 1.7552952e-06 3.014346e-06 1.12038515e-05 1.1495716e-05 0.00015242129 3.1224392e-06 0.09892391 0.002556823 0.00013960084 8.9832385e-05 1.2840485e-06 4.7286926e-06 3.1543264e-06 0.027200399 6.6716643e-07 1.3838592e-05 1.3360328e-07 1.637484e-06 3.8943504e-05 1.4455674e-07 5.8506664e-08 1.29864375e-05 5.2808525e-07 1.6138802e-06 1.9259955e-06 3.0181976e-08 2.8389258e-07 1.1159959e-07 1.05951785e-05 8.960333e-09 1.5339056e-06 1.2396645e-06 3.183495e-08 9.918255e-10 6.4033834e-08 0.00048585606 6.3716946e-08 5.3695537e-10 2.1926652e-08
2.99267e-07 0.010699242 0.0019666562 0.0007514092 0.0007163931 0.25152135 1.4891721e-22 0.00020994857 0.00026528572 0.001216991 0.57559836 0.0022948312 8.922311e-05 0.0125240795 1.2132601e-05 0.0027590522 0.16420656 5.863036e-05 9.1637376e-05 3.270469e-06 1.8714063e-05 5.3561907e-06 0.0017801409 0.0019155097 9.663424e-05 0.0008158225 5.0240247e-05 2.3412531e-05 0.5522039 0.014181899 0.002794357 6.6967805e-05 0.0014004142 0.00019669853 0.38421845 0.00072597404 2.4242488e-06 1.957999e-05 4.218116e-05 0.00017274659 7.842572e-05 0.028517587 6.49973e-05 0.10668118 8.571716e-06 3.285086e-06 3.0301131e-05 1.7407007e-06 0.40623602 2.1460732e-05 2.2764045e-08 1.3597474e-05 8.10474e-06 2.5070669e-05 9.558126e-06 2.0813472e-05 7.477292e-07 0.00012867834 0.03325465 9.276258e-07 1.3329923e-05 6.0896775e-07 3.925922e-06 3.629842e-06 1.7775401e-06 9.156841e-06 0.0010330877 7.79611e-08 0.029887313 0.027914293 4.2336964e-05 3.417e-05 4.1681503e-07 8.905339e-06 1.4171022e-05 0.053742092 4.5589746e-07 1.4697202e-05 6.81095e-07 4.2358488e-07 3.0285196e-06 1.0072894e-08 1.2467716e-07 1.7571763e-06 1.4104388e-07 2.133594e-09 1.157395e-07 1.630212e-08 2.932713e-07 2.8933249e-08 1.0260892e-06 5.9005044e-11 2.581627e-07 3.017796e-07 2.929162e-06 1.1398833e-08 3.3385058e-06 0.00086721353 9.0605266e-07 1.7825087e-08 3.4097725e-09
2.2789493e-07 0.11787019 0.18823473 0.04774062 0.05676261 0.002967964 0.00020994857 3.0072678e-23 0.014261268 0.018665276 0.0011190809 0.016792635 0.55581766 0.010632587 0.15492739 0.0076320656 0.0003624598 0.0037526595 0.0032357492 0.10314416 0.14545059 0.10330189 0.008101814 0.004193583 0.002689263 0.005685503 0.0018166539 0.0027010995 9.853106e-05 0.0037061146 0.0040949835 0.01316498 0.002148368 0.0034437492 0.00011196061 0.0009543267 0.008040307 0.0054818215 0.0025489104 0.0012319568 0.0008254001 0.0011875747 0.0013377132 0.0024900646 0.001665459 0.0038802987 0.006066645 0.008538213 8.907433e-05 0.011235327 0.0028845076 0.002681207 0.007543988 0.00064478704 0.0018898733 0.00028775193 0.01631873 0.0017183486 0.0025474473 0.0005828549 0.016743982 0.010743479 0.006845931 0.021663895 0.00054640725 0.01919877 0.0010607403 0.004035307 0.02203474 0.0011754348 0.0005672278 0.0033049793 9.94517e-05 0.0007122539 0.00069646386 0.0032572593 7.095709e-05 0.00093769445 8.078136e-05 0.000103819344 9.323014e-05 0.004108812 0.0024389627 0.000116495474 0.00010401636 0.00091096316 0.00010553233 3.354749e-05 0.0038252112 8.111169e-05 0.00013996518 0.00034782602 0.00021444172 9.2515125e-05 4.4142453e-05 6.9916746e-06 0.00033956816 0.0018290618 0.00034515644 7.022648e-06 1.806732e-05
0.00025614354 0.025172556 0.12589712 0.3001131 0.5023709 0.0005080208 0.00026528572 0.014261268 1.4310143e-22 0.32878783 0.0014364959 0.2848459 0.0763696 0.12005517 0.11018947 0.17158042 0.00044564655 0.19669531 0.15737112 0.030452587 0.013802855 0.017977739 0.10420254 0.097733304 0.15689385 0.09438278 0.08921289 0.13886735 0.00028375498 0.027320871 0.035851233 0.057682812 0.033669174 0.06507713 0.0012339827 0.02073228 0.03363158 0.054812893 0.028613951 0.019344695 0.008498042 0.004926699 0.010340691 0.0015886632 0.012880395 0.012369631 0.026743596 0.023410724 0.0005853988 0.013987037 0.0016353511 0.019233366 0.005751176 0.0040690787 0.012342099 0.0012536352 0.009841086 0.0049306173 0.0023655915 0.0007043568 0.0017623361 0.0029549287 0.0008250118 0.0018285253 0.00067455723 0.0023528794 0.004291504 0.00246509 0.005788389 0.00036081334 0.00023722799 0.0032510774 0.0001951747 0.005337199 0.001338389 0.0045023113 0.00014908255 0.0003408372 7.590958e-05 9.150699e-05 5.4947694e-05 0.00022166151 0.00022806683 4.4132812e-05 4.0559502e-05 2.0271405e-05 0.0010925127 1.26737195e-05 0.00023492819 2.6015128e-05 0.00011977224 1.8365082e-06 0.00029179707 0.00021600368 1.5176111e-05 4.138635e-06 1.9507095e-05 0.00080073415 1.143839e-05 3.2656324e-06 3.682715e-05
0.0035109278 0.06965447 0.15307097 0.327235 0.3652832 0.0012802581 0.001216991 0.018665276 0.32878783 1.1161641e-22 0.0046934513 0.7058285 0.055964496 0.44824484 0.056794815 0.33677799 0.003634895 0.048172493 0.048659552 0.01855744 0.014048003 0.012177846 0.18543468 0.26423025 0.08003479 0.09843764 0.059383545 0.079014264 0.0023349777 0.1194897 0.057414204 0.033349007 0.038544115 0.03650642 0.003927688 0.019931015 0.014378818 0.019174002 0.020837065 0.0125601115 0.011279855 0.02857995 0.0035278315 0.004437259 0.00591282 0.014214579 0.009284805 0.011369457 0.0009217238 0.013784155 0.0004607531 0.006845396 0.011230849 0.006320803 0.0036514187 0.0003880513 0.004923543 0.0006717012 0.0050372593 2.8852945e-05 0.0015213744 0.0006233555 0.0003281648 0.0014497972 3.1378917e-05 0.0012354723 0.017896648 0.00022965245 0.00948935 0.0011371804 7.333241e-05 0.0006423477 3.4055404e-06 0.012192575 0.0068138684 0.005868443 7.015291e-06 0.00027876816 1.7519515e-05 3.4953523e-06 1.8192031e-05 4.8007063e-05 0.00016660395 1.539995e-05 4.2838e-06 1.2243675e-05 0.00082861166 1.2128638e-06 7.640265e-05 3.3247957e-06 3.7164085e-05 1.0050154e-06 0.0002520493 5.5916942e-05 1.7836594e-05 1.0778241e-06 1.358989e-05 0.0027231895 7.4531113e-06 1.1439487e-06 7.4715e-06
4.227487e-05 0.010532522 0.0063948287 0.0022943367 0.0025904267 0.0488302 0.57559836 0.0011190809 0.0014364959 0.0046934513 1.8788885e-22 0.0059716227 0.0016115534 0.051798914 0.00032531892 0.007890545 0.6632593 0.0005305935 0.00077853596 0.00012678442 0.00036486145 9.258441e-05 0.0051471656 0.0059673586 0.0010550657 0.0017348946 0.000435985 0.00051212905 0.09431193 0.07093757 0.009168555 0.00096441683 0.0034333651 0.0005620539 0.40762764 0.0014145239 0.00014681015 0.00041023418 0.00018260871 0.00045977317 0.00023757054 0.27472097 0.00025438835 0.0047052917 7.023656e-05 0.00032270295 0.0002428085 0.0005102259 0.1351741 0.0007468042 5.300129e-06 0.00016029358 0.0007094649 0.00057111646 0.00016390248 8.4263214e-05 0.00039973034 0.00012768913 0.10826613 1.3961621e-05 0.000860327 0.00026495097 0.00040014685 0.00046235512 1.8802168e-05 0.0016170462 0.005174795 5.7229383e-05 0.0008838364 0.064266846 4.234989e-05 8.6517684e-05 1.4447751e-05 0.0006086688 0.00049951713 0.015149029 1.584877e-05 2.9824674e-05 2.2414682e-05 4.4741596e-06 4.787628e-06 9.486304e-06 4.9571707e-05 2.5420452e-06 1.3304124e-06 1.0985615e-06 4.2052648e-06 3.5801176e-07 0.00029969614 3.6788114e-07 1.3064117e-06 4.822396e-07 8.494168e-07 1.0054342e-06 6.9639485e-05 5.443395e-07 4.183794e-05 0.0013035581 2.9252216e-05 9.770678e-07 1.699376e-07
0.006321948 0.03184044 0.091451995 0.14974457 0.2671139 0.0023040252 0.0022948312 0.016792635 0.2848459 0.7058285 0.0059716227 6.1499536e-22 0.061424892 0.4578859 0.06527073 0.43412077 0.005586106 0.06416293 0.06316359 0.024782518 0.014976686 0.013797853 0.28152028 0.33715656 0.0886389 0.23316656 0.07123729 0.078701824 0.003375819 0.15926819 0.16713846 0.059308544 0.11858555 0.10734899 0.0060832645 0.058242105 0.025895694 0.044637926 0.05547599 0.08307133 0.03368222 0.025423205 0.021593269 0.0022845366 0.02026105 0.029162558 0.025752623 0.024735164 0.0017233661 0.028367486 0.0015393476 0.017205622 0.0231998 0.018472588 0.014385242 0.005299159 0.01135773 0.003873307 0.007020734 0.0005925674 0.005009156 0.0035353305 0.0018059851 0.0048086317 0.0004142124 0.0038612175 0.022000786 0.0009377132 0.0041823504 0.0018798951 0.0004813995 0.0035541735 4.365885e-05 0.025970114 0.013285519 0.006218643 7.146254e-05 0.0019691973 0.0001441617 2.5199148e-05 0.00016897972 0.00060291414 0.0010565394 0.000128597 3.1976826e-05 7.341911e-05 0.0033641655 6.3217667e-06 0.0006731014 1.3749206e-05 0.00027634908 2.355159e-06 0.0008701529 0.00033576923 6.782573e-05 5.540203e-06 7.407006e-05 0.0032940712 7.293626e-05 1.0930734e-05 5.5004635e-05
2.2979048e-06 0.04213099 0.10662335 0.059858527 0.098714925 0.0012015911 8.922311e-05 0.55581766 0.0763696 0.055964496 0.0016115534 0.061424892 1.4433e-22 0.024640063 0.5537719 0.04437696 0.00041162912 0.038795188 0.037947763 0.4131798 0.3269133 0.31083182 0.032985173 0.019992271 0.0370721 0.037775308 0.017902281 0.021986816 1.429229e-05 0.0027857588 0.010051741 0.051448412 0.0053867525 0.022090454 4.6314966e-05 0.0026734613 0.11304672 0.020799248 0.0111164255 0.0043286807 0.001522789 0.0010607489 0.004146857 0.0009914233 0.005916041 0.012200944 0.018745998 0.042963393 3.819537e-05 0.025703322 0.014507986 0.007997565 0.014588128 0.00054281857 0.0032846464 0.00046055697 0.04230465 0.0014224424 0.0016716506 0.00056394294 0.02191293 0.019426165 0.007551272 0.02545838 0.0006233368 0.024478536 0.0011508891 0.011053398 0.017326219 0.0005969117 0.0004960063 0.0025261168 0.0001370111 0.0005604708 0.00039361414 0.0036819112 6.688235e-05 0.0011805785 3.186814e-05 8.9705936e-05 0.00015607559 0.003850436 0.0014360591 0.00020759899 0.00015939056 0.0031075398 9.4559604e-05 2.812032e-05 0.0024222038 7.160758e-05 0.00024052871 0.00043996845 0.00015645054 0.00017181666 2.5705327e-05 7.6678825e-06 0.00014160262 0.001236289 0.000116361894 4.127205e-06 2.4002147e-05
0.016463282 0.05066836 0.08547275 0.11586261 0.19619635 0.005138279 0.0125240795 0.010632587 0.12005517 0.44824484 0.051798914 0.4578859 0.024640063 9.545419e-23 0.014936519 0.44449964 0.054970503 0.022047967 0.026294235 0.0046731653 0.007242825 0.0044541843 0.42620862 0.5069751 0.05217631 0.21676083 0.049302842 0.06118538 0.022959245 0.58559597 0.3461816 0.015307354 0.19288369 0.08470634 0.0477715 0.08833345 0.004141218 0.011058845 0.05877773 0.07871757 0.063959464 0.221225 0.036276106 0.0049395147 0.0222307 0.009440738 0.015892172 0.0036742587 0.019749278 0.008490491 0.00011193594 0.013515057 0.008634213 0.051507436 0.013511688 0.0053344034 0.0007234378 0.00890421 0.05377966 0.00018003018 0.0019247782 0.00020074379 0.002386404 0.0015556909 0.00024400864 0.0013179816 0.09762459 8.157816e-05 0.00908976 0.021778839 0.0003078569 0.0025811533 3.186586e-05 0.09746501 0.06369523 0.026490506 4.0459636e-05 0.0010624173 0.00017534499 2.0289837e-05 5.2127976e-05 2.1146701e-05 0.000241819 5.530931e-05 1.52574785e-05 1.3274644e-06 0.006321394 5.8002993e-06 0.00015462666 1.02905715e-05 8.439543e-05 4.2249437e-07 0.0006644435 0.00017115299 7.023261e-05 7.1353134e-06 3.0772728e-05 0.02180865 3.7735044e-05 4.1032804e-06 2.2012127e-05
3.0406225e-06 0.0012851928 0.016187737 0.028472124 0.06287165 3.643672e-05 1.2132601e-05 0.15492739 0.11018947 0.056794815 0.00032531892 0.06527073 0.5537719 0.014936519 2.765345e-24 0.06839975 3.0848714e-05 0.18528853 0.18342686 0.5672846 0.23497145 0.31236374 0.04956117 0.029764012 0.15001085 0.058523934 0.0706804 0.17406479 6.056843e-07 0.0006992791 0.0051802536 0.10775515 0.0032737243 0.05665658 6.184789e-06 0.0013824762 0.26023772 0.07414611 0.02216602 0.008369883 0.00063130766 0.00012569188 0.004558147 8.52052e-05 0.0065854853 0.02710551 0.024767986 0.08888674 1.3552009e-05 0.018743554 0.008753386 0.011098623 0.010365508 0.0002442412 0.0029491514 0.00029774956 0.04285297 0.00046536856 0.0006283174 0.00018358376 0.012785547 0.0066712513 0.0017577806 0.0070710857 0.0002272791 0.0153655 0.0002800608 0.0028405879 0.0070498385 0.00022900314 8.162578e-05 0.00090756017 5.2044077e-05 0.00039045906 0.00021723866 0.0010924404 5.193019e-05 0.00026127725 1.10508845e-05 5.9176033e-05 3.52123e-05 0.00017700851 0.00019557304 2.8733906e-05 0.00010862331 0.00059889775 2.42281e-05 5.4109336e-05 0.00023092165 8.635372e-05 5.420375e-05 4.7494395e-05 8.075279e-05 5.0769682e-05 5.9144636e-06 5.7664843e-06 2.7881451e-05 0.001379836 2.8237944e-05 2.3371408e-06 2.4657349e-05
0.0027771695 0.013145365 0.0378308 0.062104065 0.13968314 0.00063004787 0.0027590522 0.0076320656 0.17158042 0.33677799 0.007890545 0.43412077 0.04437696 0.44449964 0.06839975 2.257321e-22 0.0063345702 0.081432484 0.08937674 0.031435143 0.011512787 0.011589796 0.43627423 0.46642998 0.15436094 0.42775965 0.12458813 0.13964967 0.0018679536 0.21150282 0.29432538 0.061297216 0.27150545 0.2419145 0.007516404 0.17373537 0.035956904 0.07178764 0.11898015 0.15962355 0.08329206 0.030803673 0.053054713 0.0009143202 0.040039517 0.031024693 0.032067243 0.028173173 0.0031213423 0.026327943 0.00039848496 0.022224974 0.021525836 0.062300317 0.016322216 0.0092553785 0.008870073 0.008011425 0.011451708 0.00039245764 0.0039109485 0.002421617 0.0038248445 0.003419993 0.0004050185 0.0029108804 0.030614555 0.0009396683 0.0033369127 0.0039162035 0.0007192082 0.0053295013 3.96114e-05 0.055142935 0.03608073 0.0069593485 4.280458e-05 0.0032885687 8.439141e-05 4.479178e-05 0.00053118204 0.00018367606 0.00023225253 0.00032981636 7.237287e-05 2.1200838e-05 0.005973879 1.26413815e-05 0.00022914929 2.8784316e-05 0.00055490236 2.828987e-06 0.0019498977 0.0006424965 8.452213e-05 6.34516e-06 1.9130834e-05 0.0051047215 2.0085992e-05 9.321873e-06 7.5251504e-05
0.026764212 0.0006324255 0.0010371682 0.0006697116 0.000825262 0.0013894471 0.16420656 0.0003624598 0.00044564655 0.003634895 0.6632593 0.005586106 0.00041162912 0.054970503 3.0848714e-05 0.0063345702 5.5966927e-22 4.0202434e-05 6.3502535e-05 2.7873239e-05 4.2098334e-05 2.2711494e-05 0.0031755392 0.0038354867 0.00011918724 0.0017615908 4.2828873e-05 5.9340542e-05 0.017540582 0.09318711 0.007498491 0.00021319602 0.002542643 0.00093686354 0.46206614 0.0017247779 2.9985093e-05 0.00012083336 0.0004182274 0.00025981644 0.00011112801 0.6151396 0.00011862231 0.00016640816 0.00012172661 9.7184966e-05 0.0002639148 0.00016766359 0.11058521 0.0005926275 2.1439794e-06 0.00015903784 0.0005768528 0.0007326894 9.803673e-05 8.214262e-06 0.000120301804 6.903767e-05 0.33131438 8.8860094e-07 0.00054123113 0.00013303262 0.00013927651 0.00015269598 7.7186274e-07 0.0012615778 0.010208611 1.8270095e-05 1.0166629e-05 0.10831328 1.09277635e-05 3.3210927e-05 4.400144e-07 0.00043426975 0.0006104639 0.0041731605 1.0620747e-06 5.7990883e-06 7.648237e-06 2.9583234e-07 1.6266172e-06 3.767681e-06 2.8507633e-05 1.8640153e-06 1.0863019e-07 1.11345294e-07 2.092667e-06 2.5292842e-08 0.0001878212 3.5420285e-08 1.0411421e-06 7.230936e-08 3.2114806e-07 6.5915543e-07 6.380111e-06 9.384784e-08 1.3894848e-05 0.004396581 2.5535683e-05 1.7443124e-07 2.5222167e-08
2.1013605e-06 0.00035267434 0.004551 0.019230314 0.060323402 2.8128496e-05 5.863036e-05 0.0037526595 0.19669531 0.048172493 0.0005305935 0.06416293 0.038795188 0.022047967 0.18528853 0.081432484 4.0202434e-05 8.907658e-25 0.6998229 0.045940448 0.012782244 0.02123839 0.06565363 0.046245765 0.619253 0.08410994 0.41936976 0.535614 1.4493912e-05 0.01178973 0.021568947 0.21425974 0.021907104 0.07907049 0.0001023109 0.0209185 0.086499244 0.17879169 0.04956391 0.034577042 0.010537932 0.0008929646 0.0150640365 7.500124e-05 0.015373927 0.060533375 0.03282578 0.055268794 0.00014520885 0.03929255 0.0024748642 0.016949967 0.016240994 0.003614038 0.0066525475 0.0031357813 0.027652381 0.0067596138 0.001955491 0.0004548689 0.011328917 0.006182713 0.00161196 0.012786718 0.00051981804 0.008386643 0.0007927839 0.0029172108 0.00099358 0.00055547996 0.0006454792 0.0028910867 0.000118944015 0.0031096358 0.0009107995 0.0026024398 5.7286994e-05 0.000978942 2.2627071e-05 7.4950694e-05 0.00011925739 0.00023052601 0.00023972696 8.179129e-05 0.00011930403 1.5260084e-05 0.0008071853 2.7737022e-05 0.0004429116 5.306423e-05 0.00011366789 3.0933602e-06 0.00051829685 0.00015189512 1.7405257e-05 7.573037e-06 2.9374494e-05 0.00039661507 3.096251e-05 2.6431624e-06 2.016582e-05
1.9081117e-06 0.00025953536 0.0045892354 0.014760877 0.053929593 9.009921e-05 9.1637376e-05 0.0032357492 0.15737112 0.048659552 0.00077853596 0.06316359 0.037947763 0.026294235 0.18342686 0.08937674 6.3502535e-05 0.6998229 2.1103463e-24 0.051994797 0.012551095 0.025527691 0.073210575 0.060853284 0.53907925 0.08934055 0.35409626 0.4398898 2.2069658e-05 0.014655244 0.031954795 0.20636478 0.032941867 0.084371015 0.00017956516 0.032776494 0.09674834 0.21069534 0.053963114 0.037673537 0.016443025 0.0012014856 0.020320775 0.00010795432 0.018749526 0.06508129 0.033870075 0.066764556 0.00038016288 0.035598744 0.0035142638 0.01954138 0.016757736 0.0057605514 0.008334099 0.0052354215 0.029244527 0.011372796 0.0022883634 0.0009472943 0.012396 0.009514569 0.0019980115 0.015384334 0.0011399036 0.009685789 0.0011156114 0.0037637686 0.0011132407 0.0011809348 0.0009742378 0.0049448498 0.00022496714 0.0043602516 0.0015782089 0.0036831473 0.000115143084 0.0012211206 4.269959e-05 0.00015098986 0.00025327047 0.0006447529 0.0004313211 0.00016975065 0.00018362036 5.1666404e-05 0.0023241772 4.391772e-05 0.000814629 7.62703e-05 0.00020843773 7.978136e-06 0.0009072114 0.00033825787 1.9477242e-05 9.6486665e-06 3.6774785e-05 0.00067191233 3.3388034e-05 4.2205406e-06 2.8102464e-05
1.4212883e-07 0.0004851252 0.0044452837 0.003559905 0.018985217 3.2283486e-05 3.270469e-06 0.10314416 0.030452587 0.01855744 0.00012678442 0.024782518 0.4131798 0.0046731653 0.5672846 0.031435143 2.7873239e-05 0.045940448 0.051994797 1.0040926e-25 0.33206937 0.40027428 0.026506929 0.0114318095 0.054940224 0.034039352 0.025420243 0.0369845 1.9491752e-07 0.00039966992 0.0039421543 0.050065484 0.0026147617 0.02724687 1.5853288e-05 0.0021625226 0.20938107 0.042285178 0.012106314 0.004364693 0.000670357 0.00014548136 0.0015125722 8.181649e-05 0.0031879223 0.017094227 0.014999864 0.08166687 7.946138e-06 0.016242588 0.03291646 0.0067193923 0.0117880255 0.000265811 0.0016681772 0.0001141624 0.04331975 0.00087640865 0.0006216763 0.00020495118 0.0155008985 0.009828397 0.0017062791 0.009653118 0.00019066094 0.008369859 0.00054284965 0.0051584607 0.0011760381 0.0004307824 0.00015565744 0.00096861634 9.532788e-05 0.00022292818 0.000211927 0.0010987904 9.3225346e-05 0.00031038656 4.257849e-05 5.9231763e-05 3.600995e-05 0.00030627937 0.00017086629 3.109778e-05 7.109134e-05 0.0012176546 4.478033e-05 6.705702e-05 0.00022928066 7.7858465e-05 6.609337e-05 0.00030203862 0.00013313998 8.2805156e-05 5.0642766e-06 2.189907e-06 1.35963855e-05 0.0006806224 1.9155279e-05 1.0285377e-06 5.365265e-06
7.604928e-09 0.0024911035 0.010529168 0.004883108 0.016728561 0.0004829676 1.8714063e-05 0.14545059 0.013802855 0.014048003 0.00036486145 0.014976686 0.3269133 0.007242825 0.23497145 0.011512787 4.2098334e-05 0.012782244 0.012551095 0.33206937 5.276482e-26 0.49398687 0.013157944 0.00764962 0.01192412 0.011641828 0.005612177 0.008653077 5.53374e-06 0.0020335538 0.009677605 0.019319363 0.0069902884 0.007886064 5.277827e-05 0.002400168 0.07987793 0.017161474 0.008431463 0.005002749 0.0028671673 0.0012819838 0.0042646364 0.0005654024 0.0062992023 0.021619542 0.020656481 0.022171158 3.284671e-05 0.026437104 0.08831163 0.01052615 0.012829353 0.0010193221 0.0034914562 0.00046524787 0.027784841 0.0028097935 0.0026705104 0.00058207056 0.018822921 0.012267777 0.0036761917 0.021638075 0.00069546 0.010469739 0.0025652233 0.006722629 0.0072441106 0.001095642 0.00064255175 0.0019007274 0.00013271759 0.0004951511 0.0006926087 0.0012979481 9.612366e-05 0.00072149734 4.730535e-05 6.354586e-05 6.302255e-05 0.0015153645 0.0009258023 5.247533e-05 3.25289e-05 0.0053952076 3.1811633e-05 1.7118802e-05 0.0020464426 1.8842253e-05 9.902987e-05 0.000841843 0.000108977445 6.938605e-05 1.8635506e-05 2.565259e-06 6.0680013e-05 0.0009117593 0.000105207044 1.881276e-06 1.2049032e-06
8.747911e-09 0.0011930767 0.0049261707 0.0029476555 0.012894376 0.00011747389 5.3561907e-06 0.10330189 0.017977739 0.012177846 9.258441e-05 0.013797853 0.31083182 0.0044541843 0.31236374 0.011589796 2.2711494e-05 0.02123839 0.025527691 0.40027428 0.49398687 5.3793377e-27 0.012780385 0.0071358895 0.027780108 0.012863786 0.010598666 0.0140673295 4.836476e-07 0.0007353418 0.006163524 0.02854518 0.0045152865 0.011252065 2.741236e-05 0.0017200806 0.13934737 0.028846983 0.0064879055 0.0035903463 0.0017037782 0.00040649378 0.0021625082 0.00023757415 0.0043140957 0.02577771 0.01794645 0.035894237 8.256304e-06 0.02700696 0.10127798 0.008215795 0.015311493 0.00057057256 0.0024706018 0.0003236757 0.033007976 0.002256568 0.0019429423 0.00032333352 0.016377944 0.013472109 0.0035794608 0.016789759 0.00041659473 0.008834762 0.0023171692 0.005875748 0.0018349933 0.0006816491 0.0007986152 0.0017074819 9.147453e-05 0.00031415524 0.00039762535 0.00079327327 8.4858526e-05 0.0008526491 7.901866e-05 5.4393735e-05 9.946137e-05 0.001256956 0.00033739925 7.331829e-05 4.87361e-05 0.0043737623 4.2394055e-05 2.576344e-05 0.001109775 2.5600226e-05 0.00010575004 0.0006007649 0.00017341689 8.752384e-05 1.7794151e-05 3.396054e-06 3.8836137e-05 0.0006470116 5.484456e-05 2.0005004e-06 1.7013166e-06
0.017491227 0.0055402694 0.027319055 0.03376216 0.08322901 0.0002701679 0.0017801409 0.008101814 0.10420254 0.18543468 0.0051471656 0.28152028 0.032985173 0.42620862 0.04956117 0.43627423 0.0031755392 0.06565363 0.073210575 0.026506929 0.013157944 0.012780385 1.0015316e-21 0.4514241 0.1479193 0.39875084 0.105627045 0.13145342 0.00067998987 0.21814346 0.32240102 0.04509749 0.29092047 0.21750295 0.004960146 0.22886927 0.030098902 0.050126664 0.11734321 0.18799148 0.13412285 0.026480246 0.074814476 0.00015327359 0.05232311 0.025868498 0.030791856 0.022342648 0.0026435524 0.01972798 0.00074659544 0.021320371 0.01671292 0.14042863 0.020727368 0.020087596 0.009993612 0.018102176 0.011510966 0.0012161899 0.0051320055 0.002974752 0.0052969353 0.0030574487 0.0005711546 0.0045969016 0.03831438 0.0011282016 0.00031482617 0.0041382764 0.0014332884 0.0063501424 0.00011845861 0.08284297 0.047368757 0.002627708 9.817529e-05 0.0042963014 0.00028162656 7.4811585e-05 0.0008434977 0.0003222263 0.00058698084 0.0004854154 6.921402e-05 0.000104918996 0.01130169 4.0995943e-05 0.00060083304 8.2450955e-05 0.0004083086 1.617485e-05 0.0017008132 0.00058001897 0.00025365577 1.6560683e-05 3.0552303e-05 0.0059430483 2.6816248e-05 2.1531254e-05 0.000112694186
0.0277276 0.009484149 0.028649883 0.041337356 0.099737585 0.0005816419 0.0019155097 0.004193583 0.097733304 0.26423025 0.0059673586 0.33715656 0.019992271 0.5069751 0.029764012 0.46642998 0.0038354867 0.046245765 0.060853284 0.0114318095 0.00764962 0.0071358895 0.4514241 2.9030813e-23 0.1382852 0.31303918 0.107970454 0.14464381 0.0010971994 0.30202767 0.4264358 0.035871472 0.325165 0.23195529 0.0054985913 0.2141572 0.011775477 0.031870317 0.12552111 0.20376913 0.16448161 0.06304858 0.09124695 0.00075439474 0.060559414 0.027253952 0.041270316 0.007722656 0.002789777 0.020289322 0.00032526682 0.035342336 0.014403212 0.13768692 0.02282514 0.032292377 0.0031067075 0.021215636 0.023863638 0.00088673184 0.0038353917 0.0013729768 0.003418734 0.00291547 0.0008534 0.0046354234 0.08613363 0.00083563116 0.00137788 0.008442152 0.0012477905 0.007974744 6.0445753e-05 0.12820683 0.077239566 0.0060950494 5.111159e-05 0.0033692177 0.00011923796 7.719519e-05 0.0005585067 0.00016257829 0.0002745384 0.0003647773 5.886657e-05 1.7079747e-05 0.010934943 2.3858098e-05 0.00037345142 5.348654e-05 0.000478593 4.0108785e-06 0.0016038695 0.0007819212 5.9962607e-05 9.678149e-06 2.9766847e-05 0.0132008735 2.526672e-05 6.65766e-06 6.1695806e-05
5.2574414e-05 0.00034233552 0.005033272 0.013936209 0.042547222 2.3148796e-05 9.663424e-05 0.002689263 0.15689385 0.08003479 0.0010550657 0.0886389 0.0370721 0.05217631 0.15001085 0.15436094 0.00011918724 0.619253 0.53907925 0.054940224 0.01192412 0.027780108 0.1479193 0.1382852 3.1880433e-25 0.16574523 0.6850656 0.75250465 8.410806e-06 0.021952456 0.06753583 0.2801073 0.083545975 0.18155986 0.00021546711 0.10424234 0.095271535 0.3771726 0.10575193 0.10740967 0.049806405 0.0010706197 0.045336712 3.3682587e-05 0.040175483 0.1046352 0.06955532 0.05701659 0.0003180191 0.059927214 0.0019170998 0.037060954 0.021571606 0.0116050495 0.025354113 0.0123324385 0.024058292 0.014850063 0.0020235626 0.0033959781 0.006288176 0.0040206923 0.0028470848 0.0076346104 0.0028809006 0.004066398 0.0011092022 0.0014365466 0.001263879 0.00097418396 0.0010482243 0.0054215714 0.00029291536 0.008584539 0.0026595688 0.0025185086 0.00010071146 0.0023781557 5.391524e-05 9.8838536e-05 0.00020870549 0.00020692773 0.00015382214 0.00015950171 0.00012523422 1.46269795e-05 0.0025616724 2.6312475e-05 0.0001568352 5.029102e-05 0.00015573422 1.5664865e-06 0.0012384657 0.00020351745 1.4101766e-05 5.854188e-06 1.15436815e-05 0.0009437749 1.4061278e-05 1.734346e-06 5.9137277e-05
0.0063272077 0.002335325 0.016273389 0.019843325 0.063934445 0.000106441505 0.0008158225 0.005685503 0.09438278 0.09843764 0.0017348946 0.23316656 0.037775308 0.21676083 0.058523934 0.42775965 0.0017615908 0.08410994 0.08934055 0.034039352 0.011641828 0.012863786 0.39875084 0.31303918 0.16574523 1.4069434e-22 0.13055523 0.16842668 0.00017069708 0.08295167 0.23616543 0.059139006 0.24217258 0.39623502 0.0027054744 0.20928559 0.048482385 0.106398165 0.23963308 0.26333025 0.19277205 0.0077974936 0.102704786 5.1350256e-05 0.1041034 0.051202133 0.058246363 0.04196787 0.0012759548 0.04428888 0.0014866373 0.04255759 0.037712134 0.11284266 0.03368049 0.028439734 0.020192219 0.031331796 0.0050537637 0.0055061136 0.01454048 0.0046607256 0.014283829 0.008670895 0.0021764156 0.0108668655 0.0107957935 0.00069354783 5.5493965e-05 0.0018287809 0.003078199 0.011315161 0.0008190378 0.041797016 0.027066628 0.00091582513 0.0007380748 0.007712988 0.00085619075 0.0005803097 0.0015499495 0.00026261222 0.0011834411 0.000952933 0.00022069164 0.00024125098 0.014755291 0.0003286556 0.00047604748 0.000362572 0.0007345518 1.5000377e-05 0.0029786497 0.0006912444 0.0005553195 7.3792275e-05 8.247423e-05 0.002701361 5.5806933e-05 7.336159e-05 0.00025744713
2.6072128e-05 0.00017973443 0.0029384918 0.008137539 0.024344048 4.288664e-06 5.0240247e-05 0.0018166539 0.08921289 0.059383545 0.000435985 0.07123729 0.017902281 0.049302842 0.0706804 0.12458813 4.2828873e-05 0.41936976 0.35409626 0.025420243 0.005612177 0.010598666 0.105627045 0.107970454 0.6850656 0.13055523 7.8369855e-28 0.7483159 3.2921207e-06 0.018142879 0.049391847 0.1853215 0.06812358 0.16243793 0.00018929847 0.07588169 0.05756109 0.33780116 0.11392956 0.11667544 0.05217329 0.0007960762 0.05659371 2.79551e-05 0.055556044 0.12736358 0.07903057 0.047196936 5.8526228e-05 0.07813216 0.00084875367 0.05029568 0.042734627 0.012639454 0.021779383 0.017319843 0.020732641 0.017634112 0.0016830319 0.0056879767 0.014167024 0.006537777 0.006151829 0.016490342 0.004376161 0.0065312646 0.0007628831 0.001939034 0.0008999918 0.00032257556 0.001587993 0.005489729 0.000755461 0.007867135 0.0017900197 0.0009639328 0.0003599469 0.002564607 0.0001911627 0.0002893808 0.00028571635 0.00027812898 0.00048838207 0.00018106173 0.00026691877 5.2837877e-06 0.0013557355 0.000120690675 0.00045482206 0.0002179899 0.00027604483 1.3189717e-06 0.0011341154 0.00044299715 1.8273058e-05 6.5749327e-06 2.1387465e-05 0.00041464067 1.22882075e-05 3.2722476e-06 0.00020977964
0.00023002729 0.00023734315 0.004474808 0.01701738 0.035431746 6.657263e-07 2.3412531e-05 0.0027010995 0.13886735 0.079014264 0.00051212905 0.078701824 0.021986816 0.06118538 0.17406479 0.13964967 5.9340542e-05 0.535614 0.4398898 0.0369845 0.008653077 0.0140673295 0.13145342 0.14464381 0.75250465 0.16842668 0.7483159 3.87607e-27 1.6813192e-06 0.015198649 0.052877776 0.24723737 0.077691354 0.21977374 5.6267752e-05 0.10384293 0.0658023 0.41385806 0.13302039 0.15863894 0.05312341 0.0011639552 0.047417063 1.7674342e-05 0.053958002 0.17732282 0.09291214 0.043544788 4.246661e-05 0.09925347 0.0010051376 0.059998434 0.04272039 0.0169836 0.027119871 0.013710404 0.019019885 0.011794993 0.0006977996 0.003336887 0.010582229 0.004243906 0.004328644 0.015025994 0.0027607474 0.0046717618 0.0014725312 0.0010104247 0.0016822425 9.822746e-05 0.0006246484 0.0044493806 0.0001729721 0.011368665 0.0023726283 0.0007323838 7.660285e-05 0.001786631 4.7254358e-05 7.2648094e-05 0.000129155 0.00010360896 0.00020864756 7.651999e-05 5.4604287e-05 1.1572953e-06 0.0017454259 2.7502094e-05 9.11871e-05 5.769606e-05 0.00013668586 2.72618e-07 0.0007493636 0.0001699126 4.6202144e-06 6.5997156e-06 5.3503913e-06 0.00071866764 3.193609e-06 9.965364e-07 0.00010074385
0.004074577 0.0056980234 0.0008534597 0.00046114417 0.00015184414 0.05629681 0.5522039 9.853106e-05 0.00028375498 0.0023349777 0.09431193 0.003375819 1.429229e-05 0.022959245 6.056843e-07 0.0018679536 0.017540582 1.4493912e-05 2.2069658e-05 1.9491752e-07 5.53374e-06 4.836476e-07 0.00067998987 0.0010971994 8.410806e-06 0.00017069708 3.2921207e-06 1.6813192e-06 5.568258e-24 0.0127042215 0.0012315098 3.4445457e-05 0.0003439948 1.8743161e-05 0.14265355 0.00012476953 1.0751216e-07 5.905023e-06 5.9034014e-06 1.6235726e-05 2.2102865e-06 0.02728812 8.592856e-06 0.09872943 1.3416975e-06 1.1679358e-06 2.8289236e-05 7.1960886e-07 0.5669844 8.177137e-06 1.8251095e-07 3.4733544e-06 4.7812264e-06 3.031398e-06 9.693745e-07 1.3219474e-06 2.4949406e-07 4.0690234e-06 0.045519374 2.3810374e-08 1.9001682e-05 1.5220289e-07 1.1185232e-07 2.2668619e-06 6.097229e-08 7.277864e-06 0.0058566984 5.7598502e-08 0.033572372 0.10139168 8.101003e-07 2.278971e-07 1.13113785e-08 8.33693e-06 7.782398e-06 0.27355775 1.0579945e-08 6.860635e-08 6.074709e-08 5.3525104e-09 5.548002e-08 3.180162e-09 8.337517e-08 6.3249445e-08 3.084677e-09 1.1841567e-08 2.9463738e-09 2.5054755e-10 1.0423337e-07 3.4949615e-10 5.3338702e-09 1.0687267e-10 1.0100742e-10 1.3084759e-09 2.2052687e-08 1.8827852e-10 7.613015e-08 0.0058245016 2.0296919e-07 9.275363e-11 4.6569498e-11
0.1681679 0.016446516 0.025293648 0.032357555 0.049458366 0.0021432652 0.014181899 0.0037061146 0.027320871 0.1194897 0.07093757 0.15926819 0.0027857588 0.58559597 0.0006992791 0.21150282 0.09318711 0.01178973 0.014655244 0.00039966992 0.0020335538 0.0007353418 0.21814346 0.30202767 0.021952456 0.08295167 0.018142879 0.015198649 0.0127042215 3.187961e-23 0.59268075 0.0076525384 0.34910884 0.03802199 0.059202246 0.16943175 0.0005772447 0.0055552665 0.022126181 0.070732474 0.072278365 0.647322 0.030392218 0.00054662954 0.013734843 0.0039208354 0.0071437573 0.0005740162 0.021499349 0.0055856453 8.867749e-05 0.0056211255 0.0055649383 0.3648987 0.0077153975 0.014250827 0.00036384357 0.01887804 0.16497852 0.00063907926 0.0020514117 9.051226e-05 0.0018503168 0.0018551883 0.00056165014 0.0025912866 0.27140743 2.9543002e-05 0.0001930175 0.08745608 0.00068600866 0.0037210921 0.00010550667 0.23727886 0.18023917 0.006924317 0.0001763781 0.00056108634 0.0005098438 5.1238432e-05 0.00011646725 1.213524e-05 0.00025452327 0.00016382169 6.0335984e-05 1.2975258e-05 0.003009644 3.2419517e-05 0.0006515879 3.442342e-05 0.00015066234 2.1024779e-07 0.00025483148 0.0002574425 0.000293092 1.5712856e-05 0.00047981844 0.08811743 0.00018802643 3.326421e-05 1.9776324e-05
0.15250537 0.005952663 0.021648452 0.019281654 0.044132914 0.00076853874 0.002794357 0.0040949835 0.035851233 0.057414204 0.009168555 0.16713846 0.010051741 0.3461816 0.0051802536 0.29432538 0.007498491 0.021568947 0.031954795 0.0039421543 0.009677605 0.006163524 0.32240102 0.4264358 0.06753583 0.23616543 0.049391847 0.052877776 0.0012315098 0.59268075 3.6727436e-20 0.024265332 0.73029226 0.14602715 0.009485451 0.4146102 0.0059176176 0.0157247 0.089118205 0.2172386 0.30655792 0.09558493 0.08754689 0.0009994269 0.03177073 0.011168935 0.01610338 0.0064303414 0.0040797135 0.011249049 0.0030004403 0.011543742 0.010076964 0.35885125 0.013576576 0.026648939 0.0030714457 0.030278618 0.023329696 0.0010162593 0.0054427725 0.002894763 0.004969805 0.003626834 0.0007924377 0.008058755 0.08941738 0.0021777975 0.00027909587 0.012857181 0.0010552806 0.009791709 0.00014481402 0.18054049 0.14743344 0.0017533898 0.00024259766 0.003290729 0.0011979869 0.00012606716 0.0006651586 0.0009766007 0.0011096735 0.00053347315 0.00012873652 0.0001982284 0.013937139 0.00012104488 0.002548693 0.00012424198 0.000483127 3.4421184e-05 0.002414182 0.00071223354 0.0009955097 0.0002157155 0.00077348767 0.033069365 0.00059849094 0.00044614874 0.0002058014
