1.970411e-29 2.6016392e-05 7.4716667e-07 0.00037832695 7.805052e-08 0.001172018 0.0021967 1.0198266e-07 1.1371321e-06 2.0841875e-05 5.2929638e-05 2.8856546e-05 0.004481558 0.00020194273 5.2446863e-05 0.00021215755 5.31276e-06 0.021652576 3.9597362e-10 0.0068967002 1.2912618e-06 0.017747836 4.5707523e-08 6.664285e-08 0.046515737 6.4363044e-06 0.0031895752 3.073019e-06 0.004637785 1.1760644e-05 2.0508227e-05 0.00040093184 0.01873605 9.571348e-07 3.8546514e-07 0.005249698 0.000839472 0.15695125 0.06074144 0.025316816 0.21629044 0.004240002 3.2415156e-07 0.29318416 1.0553318e-09 1.1507385e-05 1.9474455e-05 0.17996542 0.00010473714 1.9392575e-05 0.11535825 2.037336e-06 2.5871924e-07 0.043190718 4.4079727e-09 0.08533945 0.3794076 0.010607161 0.49307323 0.0007758133 4.793889e-07 0.00019476321 0.0024913163 2.669265e-07 3.2369293e-08 0.068818256 6.775096e-08 0.055471215 3.884521e-05 1.3129372e-05 2.993999e-06 0.0044239387 0.00031928453 0.023117773 0.073277906 1.2189783e-08 0.008560798 1.1620595e-12 0.45616487 5.141906e-05 6.3921286e-13 0.44063318 0.09348934 0.00020774575 0.00029843577 1.372676e-09 0.0042941812 0.07878185 2.4723977e-06 0.029878478 0.0043119406 0.091083735 4.167246e-08 0.0056111016 1.2097915e-07 2.2740405e-05 0.00728684 1.7558838e-09 5.98584e-05 0.19833404 1.4638813e-09
2.6016392e-05 7.587078e-24 0.5142786 0.6814721 0.15793718 0.41080493 0.16974583 0.0991054 0.12706143 0.05649748 0.040690225 0.11047268 0.14643173 0.024195706 0.012353057 0.013018195 0.046575088 0.21772951 0.0029756262 0.046825815 0.008136733 0.07312012 0.011998362 0.010498646 0.082064316 0.009737559 0.020818073 0.010602852 0.010140539 0.0075735715 0.006730558 0.007343302 0.007016299 0.007083627 0.0068940897 0.00725355 0.0061454405 0.010111799 0.0062146294 0.004517291 0.009462394 0.0036199174 0.0057134554 0.0046850326 0.00094633084 0.0049473103 0.0046200254 0.014629801 0.003567351 0.03154314 0.00042927012 0.004178011 0.00490621 0.0007523155 0.000578537 0.00026529637 0.00032264355 0.00016789928 0.0008752588 0.00032823646 0.0034589623 0.008521378 0.0001114651 0.0018689514 0.00044195153 0.00036821264 0.0013442078 1.824304e-05 0.0002239856 0.00055022945 0.00090955297 2.5920479e-05 9.4528405e-05 4.254036e-06 3.321881e-05 0.0012419656 1.2652175e-05 8.907038e-06 8.838789e-05 9.60815e-05 1.6451539e-06 4.2824504e-05 2.6159823e-05 1.4721695e-05 1.4051398e-05 0.0033981258 3.0164767e-06 6.816019e-05 2.4078918e-06 9.244227e-07 1.2407679e-06 2.3068753e-05 0.0006051018 0.0012299143 0.000664363 4.145817e-08 4.4409904e-07 0.00032100402 0.0009581381 3.9354545e-06 6.849218e-05
7.4716667e-07 0.5142786 1.51311785e-24 0.15130492 0.5967799 0.106423415 0.056623507 0.36746505 0.16330594 0.010599728 0.010456548 0.03400743 0.033047255 0.0055235513 0.0030360504 0.0038153634 0.030126493 0.10125275 0.06360815 0.010230833 0.0046532373 0.02215598 0.02951017 0.016790794 0.018422024 0.0028839477 0.0046198205 0.003772321 0.002307067 0.0014077674 0.001410595 0.0017678635 0.0019156623 0.00122608 0.0041833674 0.0012001984 0.00096931634 0.0024343317 0.0018473394 0.0012135415 0.0028469826 0.00063209864 0.0025499815 0.0009801397 0.0021913967 0.004629912 0.0043888185 0.0021183055 0.0026510025 0.098845065 6.686027e-05 0.003996 0.0017736929 0.0001394659 0.00049824495 6.482311e-05 2.9741675e-05 7.3114614e-05 0.00013385511 0.00025385857 0.0029863506 0.025227759 9.416382e-05 0.0140743945 0.00012913602 0.00011563089 0.0015017439 3.0352816e-05 0.0002019225 0.0005202716 0.00096861453 4.5236604e-05 7.792338e-05 6.2921195e-06 3.6522408e-05 0.0006093271 2.9666862e-05 1.0800687e-05 4.9483688e-06 8.2618375e-05 3.062776e-06 8.079527e-06 2.8789013e-05 1.18974485e-05 1.0441724e-05 0.025529366 3.3936417e-06 6.459428e-05 3.6234262e-06 2.2901775e-06 2.5478482e-06 3.613035e-05 0.00019878782 0.0004894374 0.00023755491 1.5269386e-07 8.8425327e-07 0.00019376613 0.00916897 3.7297337e-07 4.797633e-06
0.00037832695 0.6814721 0.15130492 1.12968185e-24 0.021168737 0.5564796 0.4002349 0.066209346 0.16606554 0.35881153 0.29764062 0.25924653 0.44967923 0.18532445 0.1057893 0.08090054 0.09537841 0.234818 0.001496111 0.20903702 0.05772857 0.27994642 0.024312923 0.028414968 0.30438298 0.05741847 0.121614166 0.04022004 0.05653045 0.025012264 0.0155313155 0.034167524 0.04129972 0.014422511 0.018117705 0.032015152 0.026088474 0.041877743 0.029544208 0.023187233 0.030081432 0.015341201 0.011938832 0.015694465 0.0026727158 0.013643828 0.016641704 0.032071494 0.009100493 0.016258303 0.0022793766 0.009791261 0.008292927 0.0020695408 0.0018833943 0.0010345601 0.002194562 0.00061903155 0.005628584 0.00039299438 0.0071791317 0.0103948945 0.0002980626 0.0058034374 0.0009850758 0.00039923447 0.004878784 0.00013393772 0.00010135771 0.000572634 0.0013303243 0.00011858882 9.871654e-05 2.0075344e-05 0.00013954043 0.0018707606 6.2249535e-05 7.0475625e-07 0.0002741193 8.151229e-05 3.7232442e-07 0.00016338762 0.00017393036 1.7625294e-05 1.6590924e-05 0.007264024 8.553611e-06 0.00048731198 5.8258843e-06 1.0569705e-05 4.9678592e-06 0.00023006479 0.0009149622 0.0007889502 0.0013482842 2.4349245e-07 1.4851053e-06 0.0009450308 0.0008278069 3.853299e-05 4.0046656e-05
7.805052e-08 0.15793718 0.5967799 0.021168737 1.7856648e-25 0.016565638 0.0113165155 0.18675144 0.052332252 0.0021608518 0.001759488 0.0020096176 0.007038784 0.0005623109 0.000614073 0.0006900624 0.0024300069 0.010344552 0.18888007 0.00133092 0.000941796 0.0021678046 0.00816114 0.0023125762 0.0031936688 0.00048765235 0.00073682016 0.0008923163 0.00052190956 0.00044095397 0.00035017298 0.00040494106 0.00021678497 0.00027411064 0.0008928181 0.00024611835 0.00035581517 0.0006934087 0.00025525544 0.00016394499 0.00084638654 0.0001495589 0.00077708176 0.00013168842 0.00026080027 0.0010097316 0.0008395689 0.0002763451 0.00020433309 0.13691324 1.0755257e-05 0.00080267654 0.0006673558 2.1122334e-05 6.246385e-05 2.2178467e-05 2.033286e-05 1.3513434e-05 8.738139e-05 1.7915747e-05 0.00022484726 0.031549893 1.4948808e-05 0.039204992 4.9602704e-06 1.2238409e-05 7.195705e-05 5.3992294e-06 6.35671e-06 4.4907218e-05 4.954708e-05 2.8538136e-06 4.945236e-06 2.4731298e-07 3.3588742e-06 2.2807084e-05 1.210659e-06 4.7181647e-08 2.0864497e-06 6.2814843e-06 7.158139e-08 2.3383668e-06 1.7085488e-06 6.6786674e-07 6.607824e-07 0.07499896 1.9847364e-07 8.9774785e-06 1.1710514e-07 7.973655e-08 1.2798691e-07 2.7336034e-06 5.1345287e-06 0.0006687651 7.874434e-06 2.8543308e-08 3.012998e-08 2.2400761e-06 0.008876199 6.512067e-08 5.204762e-08
0.001172018 0.41080493 0.106423415 0.5564796 0.016565638 2.804448e-25 0.6415218 0.017762117 0.05364291 0.037662588 0.03162297 0.038401563 0.49117768 0.033529103 0.032821193 0.029489303 0.017775249 0.5430598 0.0047587208 0.1043158 0.01196745 0.18210061 0.0061916406 0.004761742 0.2667801 0.0071027195 0.03291287 0.008134305 0.014310206 0.0046166694 0.004963145 0.010387892 0.010155433 0.0037965185 0.0045273746 0.008130663 0.01113322 0.041208245 0.018446896 0.0068593672 0.023474984 0.004985028 0.0029935392 0.0073082545 0.0011221212 0.004955165 0.0043982523 0.07085393 0.0035460768 0.050338656 0.0021135432 0.0053117927 0.0028450745 0.00089192536 0.0007638299 0.00053199934 0.0011778255 9.7075485e-05 0.011633054 0.000100984515 0.0020705862 0.017839836 3.4362674e-05 0.013392731 0.00013101335 0.0003557785 0.0017593688 8.8095585e-06 8.009457e-05 0.0004553524 0.0009921199 1.1257586e-05 9.634654e-06 2.728314e-06 3.4761564e-05 0.00054838316 6.6694097e-06 9.9473276e-08 0.0006172006 5.085322e-05 7.281605e-08 0.00074445904 4.95271e-05 4.6078317e-06 3.7607133e-06 0.008019222 1.3282685e-06 7.866474e-05 7.1172153e-06 2.3198866e-06 8.3777155e-07 4.4424392e-05 0.00040537983 0.013814621 0.00060873554 1.0413957e-07 7.656428e-07 0.00058827177 0.0061814194 6.662394e-05 6.398311e-06
0.0021967 0.16974583 0.056623507 0.4002349 0.0113165155 0.6415218 4.402503e-24 0.011419399 0.04075819 0.05640714 0.04985545 0.03807013 0.5499575 0.054631814 0.049220316 0.040407978 0.026589585 0.4968946 0.005806402 0.20407367 0.0229486 0.27373597 0.0095572015 0.007720936 0.3616799 0.01629492 0.059519824 0.01162 0.028987123 0.0070143193 0.008365877 0.018965958 0.026932074 0.007526953 0.0074933935 0.020822896 0.015679603 0.07881351 0.040039193 0.022009963 0.050290745 0.010397645 0.004922071 0.015520528 0.001367388 0.008923495 0.007840101 0.10274684 0.0058709504 0.041806385 0.0055015525 0.008106337 0.003119521 0.0037440197 0.0007411052 0.002774714 0.0035237262 0.00078830903 0.02513054 0.00081405207 0.004454537 0.019921394 0.00047920021 0.013809102 0.000296561 0.001295445 0.003427184 0.00010706876 0.0001720275 0.00087408937 0.0022704124 7.455972e-05 7.3959396e-05 1.6110162e-05 0.0001781073 0.0015778372 4.8133636e-05 9.128569e-07 0.0021977518 0.00017779249 5.926775e-07 0.0011319749 0.00026032218 1.7059641e-05 1.3303761e-05 0.009605237 8.184087e-06 0.00039583648 2.9925817e-05 1.0645111e-05 4.085047e-06 0.0002695883 0.0018646866 0.016522486 0.0017700987 9.3407425e-07 2.7587032e-06 0.0014166508 0.007926365 0.0003327038 2.4111676e-05
1.0198266e-07 0.0991054 0.36746505 0.066209346 0.18675144 0.017762117 0.011419399 2.6226956e-23 0.5601594 0.0067902817 0.0058101406 0.23740605 0.009079277 0.0044417027 0.00244745 0.0026829308 0.2130237 0.021662867 0.0046545225 0.006107562 0.0056511853 0.009702089 0.21541908 0.109841704 0.0071964334 0.0043695155 0.0065262467 0.01929465 0.0053773876 0.0032045925 0.0045219553 0.0073891366 0.0020442298 0.0028852422 0.01388138 0.005758184 0.011697106 0.0025217796 0.00446372 0.0021388577 0.004902253 0.006051858 0.012935865 0.002854421 0.010858784 0.014286853 0.017718222 0.0005681639 0.0031572504 0.020874923 0.0005558764 0.012390859 0.012335527 0.0016417507 0.0016121259 0.0010023583 0.0005978865 0.00043289553 0.0014181108 0.00022769606 0.014724316 0.013728125 0.000241233 0.0033967423 0.0016601813 0.0006334356 0.0046371985 0.00044384802 0.00014442013 0.0030234454 0.0073421253 6.295028e-05 1.9891688e-05 3.2051685e-05 0.00037968007 0.0022000985 6.959036e-05 0.00010392515 0.00036305952 4.2776992e-05 2.0700894e-05 0.0005328277 0.00033357562 4.3888267e-06 3.9467827e-06 0.0050100493 2.6730827e-06 0.00069867424 2.9990251e-06 1.3598966e-05 3.302416e-06 0.0003996143 0.00086730585 0.00027203924 0.001250162 2.2805473e-07 5.4056414e-07 0.00039246326 0.0028094077 3.676479e-05 0.000100358535
1.1371321e-06 0.12706143 0.16330594 0.16606554 0.052332252 0.05364291 0.04075819 0.5601594 3.9645316e-23 0.057067014 0.05377724 0.5148326 0.040825654 0.050423916 0.03567368 0.043688044 0.46373782 0.04480957 0.00051317946 0.03159325 0.033316653 0.04407403 0.26560017 0.21030354 0.03137266 0.031568874 0.028899156 0.11488134 0.021734351 0.01957259 0.020477917 0.023337789 0.012349316 0.020026881 0.076055184 0.016828015 0.023127671 0.007660552 0.013191455 0.009531475 0.010177883 0.010542707 0.06661261 0.006441239 0.03787409 0.03480098 0.038064774 0.0012069625 0.0108581325 0.014174024 0.0022625132 0.03751395 0.039654657 0.004127459 0.0071357023 0.0040559135 0.0010221562 0.0012105909 0.0013928361 0.00085872045 0.052096523 0.013758486 0.0009683624 0.001383914 0.0058512697 0.0022784672 0.018349942 0.0023380392 0.0006495833 0.0071942993 0.013267532 0.00054938794 0.00017870926 0.0004106736 0.0016122104 0.0053170077 0.0006396204 0.00057570124 0.00026912565 0.00024636983 0.00014800903 0.00038292495 0.0012047988 5.1819086e-05 4.874763e-05 0.0018729446 3.11975e-05 0.0019462518 2.6107735e-05 0.00018301772 2.9353578e-05 0.0015912303 0.0027507618 0.00032841996 0.004447232 1.8662992e-06 1.0307131e-05 0.0011152236 0.0005574725 2.915502e-05 0.0004048007
2.0841875e-05 0.05649748 0.010599728 0.35881153 0.0021608518 0.037662588 0.05640714 0.0067902817 0.057067014 5.4793824e-23 0.52984583 0.17899334 0.085788645 0.44103095 0.4169083 0.3925061 0.091609314 0.022673767 0.00010213932 0.09894363 0.18364754 0.07398455 0.01744634 0.025782954 0.055316083 0.24391116 0.11390227 0.13446446 0.0883231 0.12928946 0.08794559 0.08681646 0.05214306 0.055962425 0.08897388 0.061425522 0.061308768 0.017504094 0.026970787 0.050072663 0.022034634 0.0273112 0.07174232 0.0155236 0.0061290287 0.028577173 0.02199012 0.0066555175 0.012604064 0.0058586933 0.0067936312 0.024012974 0.034655645 0.0082843555 0.004692082 0.004351767 0.008237181 0.001578729 0.0066444664 0.0008832474 0.011275025 0.0061965967 0.0013094977 0.0035238306 0.0010996565 0.0030681656 0.0061927536 0.0017014133 0.00030886088 0.00095050555 0.002565763 0.0012165954 0.0003589483 0.00061207725 0.0016252047 0.0012201247 0.00093868177 4.116937e-06 0.00236366 0.0002791129 2.3677367e-06 0.0017853432 0.0010457251 0.00025274782 0.00027188234 0.002487329 0.00019011115 0.00275597 2.4028439e-05 0.00037555472 0.00012976873 0.002095847 0.0005569137 0.00034263328 0.0007474704 8.276202e-06 5.5960525e-05 0.0003602089 0.00033737416 0.000837379 2.3780794e-05
5.2929638e-05 0.040690225 0.010456548 0.29764062 0.001759488 0.03162297 0.04985545 0.0058101406 0.05377724 0.52984583 8.9899706e-23 0.16189376 0.07425698 0.34926197 0.32735336 0.31310558 0.08695381 0.02163954 7.0306465e-05 0.09738726 0.1699588 0.07232992 0.018131368 0.026258366 0.05653676 0.19539727 0.09786276 0.13681689 0.07491468 0.104888834 0.07627211 0.08719382 0.057104345 0.044114556 0.09644706 0.05218829 0.059377737 0.019627716 0.027873505 0.051208854 0.022435391 0.024648119 0.08351258 0.015243656 0.009810234 0.033747964 0.024885291 0.010855575 0.014790639 0.0063568624 0.0090040555 0.025648119 0.03944016 0.00953598 0.007659705 0.0044911443 0.010680479 0.0019713414 0.011659911 0.0011053452 0.02071276 0.0061541735 0.001777019 0.004579233 0.0030399603 0.003846474 0.010111138 0.0017634011 0.00041385135 0.0015258738 0.0034826933 0.0016137618 0.00046298455 0.00058567885 0.0020667056 0.0029795647 0.0011043168 8.130906e-06 0.003420009 0.00042347482 2.1185044e-06 0.0022283923 0.0018284608 0.00029743393 0.00031821599 0.0027933565 0.00019963439 0.004110947 2.8464166e-05 0.00038194295 0.00012803788 0.0033573324 0.0015334333 0.00088895625 0.0018014725 7.458223e-06 6.8400084e-05 0.0006372161 0.0004587308 0.0012401068 5.435236e-05
2.8856546e-05 0.11047268 0.03400743 0.25924653 0.0020096176 0.038401563 0.03807013 0.23740605 0.5148326 0.17899334 0.16189376 1.873298e-23 0.057570893 0.19650045 0.13708016 0.2241231 0.6569088 0.030450314 5.68918e-06 0.055198573 0.086930856 0.06519014 0.27743632 0.31375998 0.0441183 0.0910033 0.067857966 0.3785457 0.0574592 0.050854046 0.039664328 0.05618218 0.02883497 0.02713998 0.22746834 0.025426593 0.044155054 0.008497608 0.0075073275 0.0124642635 0.009541179 0.0128267165 0.13181548 0.0045376625 0.063730426 0.047943 0.030585935 0.00072016846 0.013457342 0.01197317 0.001872992 0.041259613 0.050018907 0.0039789523 0.008595275 0.0021264674 0.0008558777 0.0004996949 0.0009708701 0.00048496955 0.02790692 0.00780697 0.00019908606 0.0005605593 0.0016198802 0.0008844494 0.011447957 0.00041203684 0.000680152 0.003849518 0.0067391815 0.00045304472 0.00015884488 0.00012650686 0.00076442846 0.0021992656 0.0004899101 0.00010268744 0.00012249789 0.00034670005 5.5502802e-05 0.0001427478 0.0004999554 5.811327e-05 6.0681527e-05 0.00058285997 2.6996535e-05 0.0010810922 5.0611885e-05 0.00017576003 7.81913e-05 0.00073955196 0.0010537152 4.0161354e-05 0.0015908265 3.4679726e-06 3.76537e-05 0.00036152633 0.00018637933 1.4961859e-05 2.0960177e-05
0.004481558 0.14643173 0.033047255 0.44967923 0.007038784 0.49117768 0.5499575 0.009079277 0.040825654 0.085788645 0.07425698 0.057570893 4.455794e-23 0.16021077 0.18853824 0.18780555 0.029769853 0.4859023 0.0009304194 0.42886358 0.038365733 0.5091705 0.00891496 0.010946341 0.5614437 0.03694504 0.21939012 0.026069341 0.13038246 0.014664191 0.013132372 0.040014133 0.11660538 0.009649004 0.015891619 0.06734557 0.035033546 0.15872799 0.123790756 0.05319814 0.14929032 0.03503008 0.0060302936 0.05010665 0.0018873616 0.009155903 0.0062774452 0.10313186 0.00715984 0.03805657 0.013510592 0.006157687 0.0032666307 0.0051685655 0.0008091086 0.0017887902 0.007820576 0.00020297104 0.053219046 0.00034232085 0.0018997986 0.027948929 5.254288e-05 0.013953337 9.164804e-05 0.0014403322 0.0012270537 6.739791e-05 0.00030777644 0.00034918837 0.0007839581 5.8658436e-05 4.928445e-05 8.136232e-05 0.00089852745 0.00040915696 0.00010119805 5.1220084e-08 0.0048909592 0.00021310739 2.4822432e-07 0.002768537 0.0013547804 2.4970499e-05 1.8233543e-05 0.0042825853 8.553375e-06 0.0018617014 1.3183611e-05 6.141052e-05 3.843194e-06 0.0014025331 0.0006028632 0.022232547 0.0007723455 1.5223939e-06 2.6835498e-06 0.000368239 0.01276029 0.0013177039 8.29106e-06
0.00020194273 0.024195706 0.0055235513 0.18532445 0.0005623109 0.033529103 0.054631814 0.0044417027 0.050423916 0.44103095 0.34926197 0.19650045 0.16021077 6.4253566e-23 0.54453546 0.4962188 0.09268601 0.03465844 1.1543373e-05 0.20253219 0.20482934 0.15463708 0.0150573645 0.02413348 0.12776086 0.33046386 0.22292225 0.2101536 0.1629425 0.16630866 0.10281182 0.11977538 0.13375138 0.058732357 0.14890349 0.118655436 0.08696336 0.03400162 0.054544047 0.10960653 0.03823375 0.049438953 0.10074623 0.030460969 0.009349469 0.030876752 0.02058961 0.022179881 0.014736102 0.008136593 0.019857345 0.018506931 0.040522657 0.021229692 0.00462485 0.009931485 0.017018782 0.0017040229 0.017616373 0.0005235025 0.0067498586 0.0044699074 0.0007705257 0.0027946236 0.0007510381 0.002897395 0.004039533 0.0008593381 5.0934224e-05 0.0003019479 0.00058413064 0.0005463124 7.900442e-05 0.00022133389 0.0014546368 0.00097342575 0.00033857283 5.218955e-07 0.004345805 5.6541176e-05 7.96119e-07 0.0025901673 0.0016874389 3.40214e-05 3.523279e-05 0.0013360615 3.4663342e-05 0.0023937502 2.5929612e-06 7.572492e-05 2.0897403e-05 0.0012271159 0.00039480216 0.0010517461 0.0004616394 7.284561e-07 1.33802705e-05 0.00015115915 0.0005197043 0.0015635642 6.6593925e-06
5.2446863e-05 0.012353057 0.0030360504 0.1057893 0.000614073 0.032821193 0.049220316 0.00244745 0.03567368 0.4169083 0.32735336 0.13708016 0.18853824 0.54453546 3.3623283e-25 0.60775983 0.07894229 0.031820137 1.2617376e-05 0.26627403 0.24030638 0.21544698 0.00987648 0.020875327 0.19660644 0.4836213 0.3580263 0.21407638 0.30089176 0.32184607 0.20448145 0.18472992 0.23312254 0.15792091 0.15463904 0.26878482 0.14925067 0.03496789 0.082414694 0.1638351 0.04529735 0.10407688 0.09574328 0.044931006 0.008356989 0.054710247 0.045338295 0.009606203 0.034864645 0.0062401425 0.043358088 0.03576692 0.044788513 0.05873725 0.0048642913 0.031179316 0.028043525 0.011442799 0.016381122 0.0020233097 0.01684106 0.0040031383 0.002961533 0.00044904416 0.0017055379 0.0059940484 0.0041199713 0.002654267 0.0001445141 0.0009401488 0.00089550385 0.0013210307 8.1434046e-05 0.0012451279 0.004684206 0.0013937417 0.0013900462 4.541389e-06 0.007515361 0.00010853499 3.6955774e-07 0.002994534 0.0036571342 8.119776e-05 8.604809e-05 0.0007508286 0.00012814355 0.005683568 6.4153764e-06 0.0006916823 0.00013648579 0.004174002 0.0004763722 0.00012213406 0.00060152734 3.3466597e-06 0.0001017094 0.00031796817 0.000114760376 0.001332009 9.638294e-06
0.00021215755 0.013018195 0.0038153634 0.08090054 0.0006900624 0.029489303 0.040407978 0.0026829308 0.043688044 0.3925061 0.31310558 0.2241231 0.18780555 0.4962188 0.60775983 3.0501295e-24 0.08663458 0.02884522 2.4749618e-06 0.2424453 0.22857074 0.19433337 0.010718764 0.020375596 0.2504944 0.456953 0.34869334 0.23048364 0.2941392 0.34153485 0.19971885 0.19720146 0.26742414 0.1185773 0.1679583 0.28740993 0.17964974 0.039736852 0.081293724 0.1892279 0.047441524 0.092472464 0.100893766 0.05224972 0.008263937 0.050545223 0.041390605 0.0147405295 0.02922757 0.009894855 0.04220881 0.028444095 0.035162535 0.04732654 0.003985914 0.02300115 0.02650529 0.0064718775 0.016210206 0.0009020631 0.01461674 0.0037965004 0.0013719414 0.00033013202 0.0011641323 0.0049295546 0.0034728232 0.0011495568 6.153974e-05 0.00049507624 0.00053851365 0.0006104823 0.00010165277 0.00040669853 0.0028594614 0.00075454084 0.00056675385 1.046855e-06 0.0057937577 6.0722687e-05 4.787338e-07 0.0033244833 0.0025430152 6.373521e-05 6.51099e-05 0.0007351419 6.825522e-05 0.0035943633 6.292456e-06 0.00019101494 6.0574617e-05 0.0021415213 0.0003357374 7.619709e-05 0.00041416482 1.4933939e-06 4.5088742e-05 0.00036144274 9.463187e-05 0.0011410891 1.0546648e-05
5.31276e-06 0.046575088 0.030126493 0.09537841 0.0024300069 0.017775249 0.026589585 0.2130237 0.46373782 0.091609314 0.08695381 0.6569088 0.029769853 0.09268601 0.07894229 0.08663458 2.0288744e-23 0.008809883 4.7278854e-06 0.033142976 0.071823664 0.029789753 0.48862416 0.5189717 0.02425051 0.07922738 0.047101565 0.41644117 0.050948206 0.050372068 0.036365565 0.048044473 0.025656566 0.027307965 0.22837603 0.028168045 0.03714168 0.006946365 0.010889206 0.018390516 0.010313778 0.010083617 0.15815006 0.0049805706 0.13952805 0.047614187 0.038056236 0.00043867054 0.011073065 0.012972438 0.002476079 0.04308187 0.0886261 0.00270908 0.012633941 0.0019888605 0.0018749052 0.0006793109 0.0027252978 0.0005596429 0.051157422 0.008150961 0.00032497506 0.0003326188 0.003400434 0.0016842635 0.018728139 0.0007499012 0.00053066434 0.0064422768 0.010400923 0.00090450485 0.00025675888 0.00041314686 0.0017883979 0.0036001424 0.0010114842 0.0006546839 0.0004915661 0.00015607693 0.00048156435 0.0008687814 0.0012169987 6.096447e-05 5.3692445e-05 0.0003966304 3.526799e-05 0.0025426408 2.0226471e-05 0.00017616781 3.412916e-05 0.002435451 0.0017573506 0.00021161643 0.0017399789 1.9337788e-06 1.0348568e-05 0.00032651777 0.0002434847 9.8356824e-05 6.6287095e-05
0.021652576 0.21772951 0.10125275 0.234818 0.010344552 0.5430598 0.4968946 0.021662867 0.04480957 0.022673767 0.02163954 0.030450314 0.4859023 0.03465844 0.031820137 0.02884522 0.008809883 9.543343e-23 0.0015228181 0.21742344 0.018046504 0.3735031 0.009803622 0.0043371995 0.63950676 0.0073166513 0.049933657 0.0034970343 0.025244107 0.006720943 0.0066469065 0.012711948 0.030329771 0.008712062 0.0009815386 0.011013451 0.009135379 0.24327335 0.05551723 0.011047376 0.101743504 0.008351911 0.00020751466 0.018543286 0.00024073476 0.0030449347 0.0023324094 0.4467257 0.004195381 0.11660196 0.0037949763 0.0021832082 0.00043088305 0.0007951232 8.408998e-05 0.00051636586 0.0057612956 0.00010745307 0.06058736 0.00021270961 0.0011826891 0.07963827 5.3642034e-05 0.021033451 1.4768831e-05 0.000953157 0.0006386631 3.015348e-05 0.0005193242 0.00030833436 0.0004746209 2.6887077e-05 6.617258e-05 8.633664e-06 0.00025443395 0.00034797666 1.6080001e-05 8.188674e-09 0.0033054992 0.00027873812 1.9011668e-07 0.0020294494 0.00042001627 1.7096172e-05 1.1586707e-05 0.007614247 4.103856e-06 0.00023993874 1.4522179e-05 6.8575873e-06 1.5441032e-06 0.000160293 0.0002564124 0.06654014 0.0001904603 8.5914013e-07 1.1752285e-06 0.00020111361 0.027699145 0.00026225258 1.4465467e-05
3.9597362e-10 0.0029756262 0.06360815 0.001496111 0.18888007 0.0047587208 0.005806402 0.0046545225 0.00051317946 0.00010213932 7.0306465e-05 5.68918e-06 0.0009304194 1.1543373e-05 1.2617376e-05 2.4749618e-06 4.7278854e-06 0.0015228181 3.0906243e-28 6.3737007e-06 0.00016832686 3.8447757e-05 0.00018366607 7.717815e-06 0.00016156927 2.4167894e-05 6.122725e-07 3.2162484e-06 2.1807483e-07 2.4108558e-06 2.1367027e-06 5.6965445e-07 9.110713e-07 3.282875e-06 2.1538738e-06 4.5439016e-08 4.1479942e-07 3.1157967e-06 1.3944962e-05 6.543992e-08 1.5747284e-05 1.010702e-07 8.566946e-07 7.3093827e-07 3.812164e-07 6.723883e-05 1.6925269e-05 9.3919874e-07 5.978303e-07 0.07197091 1.0581783e-08 2.479175e-05 3.3668772e-07 3.2003776e-08 3.2168032e-08 3.5289602e-08 1.17063985e-08 2.5371017e-08 5.555464e-07 8.565455e-08 1.567374e-06 0.024689429 2.0037538e-08 0.033701193 8.254578e-10 2.426115e-08 3.0818367e-07 2.0085368e-08 2.236671e-08 3.18692e-07 5.9125995e-07 2.1972074e-08 1.5739078e-08 1.0211628e-09 6.656849e-09 1.2690681e-08 7.6597075e-09 5.484544e-13 9.38379e-10 1.0612889e-08 1.651926e-11 3.7008356e-09 2.1780422e-09 1.8907897e-09 2.037634e-09 0.24069498 6.5889605e-10 5.2896065e-09 1.3471657e-10 1.7863118e-10 8.065638e-10 8.9171265e-10 8.039674e-08 0.0035010006 6.9051396e-08 1.2706859e-12 4.109752e-11 4.3183883e-09 0.008314135 1.1013732e-11 4.4834791e-10
0.0068967002 0.046825815 0.010230833 0.20903702 0.00133092 0.1043158 0.20407367 0.006107562 0.03159325 0.09894363 0.09738726 0.055198573 0.42886358 0.20253219 0.26627403 0.2424453 0.033142976 0.21742344 6.3737007e-06 3.7234703e-21 0.04973082 0.46516424 0.0098115355 0.0109758405 0.40297475 0.08302167 0.40262353 0.033174317 0.23512243 0.030570967 0.024082817 0.05766261 0.2679939 0.018223783 0.023412006 0.16867898 0.049022064 0.157007 0.20252289 0.18282577 0.1904566 0.06029861 0.0093735475 0.105097026 0.0013235022 0.0126487985 0.006428367 0.07848906 0.013885856 0.013154325 0.07181366 0.006169584 0.0021950162 0.025551124 0.00030295746 0.007400088 0.06413998 0.0005709362 0.091195546 0.0009892157 0.0016913087 0.013958208 0.00010689664 0.0030503743 7.102851e-05 0.0058656232 0.0008575149 0.00026906535 0.0010521845 0.00033652037 0.0007028226 0.0002167511 0.00023090842 0.00028165392 0.0043239505 0.00018747298 0.00031964644 3.736402e-07 0.019317452 0.0007045372 4.437936e-06 0.011428005 0.005484998 8.913348e-05 7.327076e-05 0.00022015897 4.9184575e-05 0.0053413087 5.39372e-05 0.00023383983 3.354001e-05 0.005449561 0.00028131975 0.011860523 0.00017856414 8.360401e-06 1.2185153e-05 0.0002272041 0.0035343207 0.004466252 1.1302821e-05
1.2912618e-06 0.008136733 0.0046532373 0.05772857 0.000941796 0.01196745 0.0229486 0.0056511853 0.033316653 0.18364754 0.1699588 0.086930856 0.038365733 0.20482934 0.24030638 0.22857074 0.071823664 0.018046504 0.00016832686 0.04973082 8.357602e-25 0.046466343 0.01727223 0.030573346 0.035149563 0.3151684 0.08528445 0.17695826 0.08969825 0.22815968 0.1647553 0.13326806 0.048171286 0.1561221 0.10865808 0.06779625 0.0938913 0.016284334 0.029692195 0.05581809 0.019742273 0.034124963 0.07371407 0.013369621 0.016345145 0.08462064 0.07891489 0.0067928885 0.02079129 0.0055911425 0.016306456 0.11552601 0.050398666 0.015580478 0.013358591 0.009037667 0.014885774 0.003109222 0.0105541395 0.005483871 0.039755937 0.0035677764 0.0035865323 0.0030188314 0.006634589 0.0036436443 0.020545257 0.003639475 0.0007344891 0.004394975 0.007875157 0.0022809021 0.00081632595 0.0010149507 0.002995567 0.0053089517 0.0019984392 6.191927e-05 0.00541747 0.0005154839 1.23321615e-05 0.0040559215 0.0023661996 0.00038814478 0.00038376474 0.0020925098 0.0004527344 0.0058308123 0.00010567947 0.0007479121 0.00037016463 0.005140614 0.001895278 0.0005690285 0.0022789638 1.6718928e-05 0.00023554129 0.00085723406 0.00026961887 0.0032766901 0.00013808634
0.017747836 0.07312012 0.02215598 0.27994642 0.0021678046 0.18210061 0.27373597 0.009702089 0.04407403 0.07398455 0.07232992 0.06519014 0.5091705 0.15463708 0.21544698 0.19433337 0.029789753 0.3735031 3.8447757e-05 0.46516424 0.046466343 4.1149996e-22 0.012355879 0.012237926 0.64109606 0.04433134 0.27444094 0.023504678 0.1763615 0.0180664 0.01529371 0.041931394 0.17665882 0.013160072 0.014022123 0.10654511 0.03455433 0.22461747 0.17517082 0.10987885 0.20359322 0.041161016 0.0030073358 0.091398984 0.0014848101 0.006421063 0.003949756 0.13408595 0.0073172897 0.02165426 0.032246303 0.0048258016 0.001392643 0.010742644 0.00054442394 0.0031706325 0.033644594 0.0002718992 0.1149867 0.00029672676 0.0011480992 0.022894885 5.188149e-05 0.005175357 8.7850385e-05 0.0019295466 0.0009853821 8.884959e-05 0.000604506 0.0005355844 0.0012344853 5.6862104e-05 9.7972894e-05 7.8676974e-05 0.0010500072 0.0003623207 9.876645e-05 8.014736e-07 0.013212777 0.00044570738 3.840552e-06 0.007733177 0.0016995062 2.2182168e-05 1.6917538e-05 0.0006796258 1.0771516e-05 0.0021580623 1.7185377e-05 5.7165016e-05 8.038439e-06 0.0019613546 0.0008675213 0.027746331 0.0006706182 1.7332794e-06 3.6018864e-06 0.0003226888 0.0092309 0.0023143159 1.4376087e-05
4.5707523e-08 0.011998362 0.02951017 0.024312923 0.00816114 0.0061916406 0.0095572015 0.21541908 0.26560017 0.01744634 0.018131368 0.27743632 0.00891496 0.0150573645 0.00987648 0.010718764 0.48862416 0.009803622 0.00018366607 0.0098115355 0.01727223 0.012355879 4.0373444e-24 0.519456 0.012496317 0.016251022 0.012245486 0.106033795 0.012117998 0.01658324 0.01405892 0.019430714 0.0089021055 0.0055811564 0.054641433 0.010762871 0.020864287 0.011560719 0.011420989 0.0028477812 0.01514323 0.008527826 0.05247963 0.009384393 0.15506782 0.021560011 0.025139185 0.0013333752 0.0072897356 0.016315859 0.0012451943 0.015639924 0.035746288 0.0017482882 0.005907071 0.0014239055 0.001742748 0.0005623919 0.0041482 0.00042151322 0.023773631 0.007852668 0.00046095834 0.0013628205 0.0025623457 0.00094469875 0.007884283 0.0008910824 0.00011555847 0.0037041483 0.008685673 0.00032410037 4.834904e-05 0.00015987208 0.0008325647 0.0036083364 0.0003367231 0.0023572554 0.00083365996 4.5491335e-05 0.002094567 0.0012852767 0.000784916 1.5510643e-05 1.4457825e-05 0.0013201453 1.3432024e-05 0.0013027757 1.7666295e-06 2.6566411e-05 7.188418e-06 0.00097471784 0.0022603155 0.0010115763 0.003465308 4.9745086e-07 8.059384e-07 0.0009307389 0.00033955486 6.746633e-05 0.00131653
6.664285e-08 0.010498646 0.016790794 0.028414968 0.0023125762 0.004761742 0.007720936 0.109841704 0.21030354 0.025782954 0.026258366 0.31375998 0.010946341 0.02413348 0.020875327 0.020375596 0.5189717 0.0043371995 7.717815e-06 0.0109758405 0.030573346 0.012237926 0.519456 1.0358751e-25 0.011784621 0.029767131 0.01612588 0.18829288 0.019175744 0.016976144 0.014064498 0.017754065 0.011856802 0.010212385 0.07593922 0.007898638 0.015879514 0.0063513117 0.015365764 0.004623602 0.011762226 0.0053220787 0.06755775 0.0073745744 0.15617788 0.026520675 0.026307214 0.00045729722 0.0049717533 0.010288202 0.0012056804 0.017936664 0.042238757 0.001470964 0.0048564137 0.0011415159 0.0013436542 0.00018893182 0.002058084 0.00020443679 0.024354802 0.0038566727 0.000203326 0.00019133178 0.0012010057 0.0010754928 0.009185669 0.0004027723 0.00012362796 0.0040006083 0.00735 0.0003617567 0.00011676876 0.000245547 0.0007777727 0.001987415 0.00042247368 0.0007742194 0.00048697053 4.328812e-05 0.00089395465 0.0009469926 0.00073518825 3.323732e-05 2.995634e-05 0.00037285322 2.87819e-05 0.0012525214 3.8277176e-06 4.639264e-05 7.733485e-06 0.0011002207 0.0010665079 0.00031931498 0.0016261503 1.2692885e-06 1.685662e-06 0.00017265796 6.890296e-05 7.790696e-05 0.000109075285
0.046515737 0.082064316 0.018422024 0.30438298 0.0031936688 0.2667801 0.3616799 0.0071964334 0.03137266 0.055316083 0.05653676 0.0441183 0.5614437 0.12776086 0.19660644 0.2504944 0.02425051 0.63950676 0.00016156927 0.40297475 0.035149563 0.64109606 0.012496317 0.011784621 1.826918e-23 0.02882956 0.27386943 0.01697038 0.17553361 0.020330096 0.018880904 0.03140431 0.2009242 0.01894938 0.012209348 0.07888384 0.02395635 0.43111518 0.22585614 0.09877033 0.3395646 0.02720872 0.003098303 0.13777111 0.0017697156 0.01132654 0.006716135 0.31347123 0.008652772 0.03541723 0.023821373 0.014092889 0.0016499952 0.0065448447 0.0012516276 0.0019995144 0.035417404 0.00018393672 0.15737876 0.0005486918 0.0031742977 0.032685243 6.2851665e-05 0.007090727 0.00016111784 0.0013562184 0.0016496404 4.632924e-05 0.00085425697 0.001271752 0.0034521504 2.3726743e-05 3.9644394e-05 2.1951688e-05 0.00075734296 0.0010925097 2.6105317e-05 1.1110917e-07 0.0090920655 0.00039548348 5.4722855e-06 0.003480992 0.001251941 1.3687636e-05 9.648133e-06 0.0018618444 3.2956737e-06 0.0022661411 2.4843277e-05 2.3801622e-05 2.5900845e-06 0.0017232241 0.0015318219 0.033390123 0.0014142387 2.1410126e-06 2.4908718e-06 0.00057022687 0.011723244 0.0013271702 1.4508379e-05
6.4363044e-06 0.009737559 0.0028839477 0.05741847 0.00048765235 0.0071027195 0.01629492 0.0043695155 0.031568874 0.24391116 0.19539727 0.0910033 0.03694504 0.33046386 0.4836213 0.456953 0.07922738 0.0073166513 2.4167894e-05 0.08302167 0.3151684 0.04433134 0.016251022 0.029767131 0.02882956 2.9794505e-24 0.16596848 0.2543532 0.17381199 0.5114669 0.38506725 0.25081816 0.07454811 0.25729927 0.23169358 0.14357954 0.19067849 0.009052638 0.023790454 0.087274246 0.013365879 0.07950571 0.18958631 0.011445828 0.018135423 0.11897145 0.075414725 0.0022059686 0.03069421 0.004096482 0.020349408 0.09340387 0.09991806 0.024391487 0.0146571025 0.012975878 0.01093937 0.005128258 0.008805506 0.0037808858 0.043814857 0.0018531953 0.0023830766 0.0013596212 0.0030170293 0.003964202 0.009719206 0.0021201356 0.00028919513 0.0015136941 0.0029796073 0.0013702069 0.00021710733 0.0007840041 0.004130135 0.0019485455 0.0011569461 1.20525665e-05 0.0056410083 0.00021494355 7.349071e-07 0.003312622 0.002869706 0.00016904919 0.00015408715 0.00042531622 0.00020493729 0.004539201 1.1668822e-05 0.00028418854 0.000137842 0.0033908116 0.0009608531 0.00011858452 0.0009808816 1.0769945e-05 5.3134772e-05 0.00056168385 0.00022051512 0.002480625 1.975263e-05
0.0031895752 0.020818073 0.0046198205 0.121614166 0.00073682016 0.03291287 0.059519824 0.0065262467 0.028899156 0.11390227 0.09786276 0.067857966 0.21939012 0.22292225 0.3580263 0.34869334 0.047101565 0.049933657 6.122725e-07 0.40262353 0.08528445 0.27444094 0.012245486 0.01612588 0.27386943 0.16596848 1.5699188e-21 0.10121112 0.45060104 0.109294556 0.081794165 0.15982246 0.41190854 0.05117821 0.09156568 0.32679966 0.12889281 0.09968244 0.1876212 0.2662151 0.1581363 0.15578581 0.055352103 0.10926247 0.0031553465 0.025102958 0.01608161 0.030736854 0.022972241 0.005755329 0.08520346 0.015872292 0.012996448 0.043456227 0.0013782873 0.01007709 0.071344316 0.00085128087 0.061408497 0.0016802911 0.00548808 0.0059632114 0.00019281716 0.0002292881 8.1186685e-05 0.005695486 0.001437519 0.0002154854 0.0014673723 0.000616313 0.0014703315 0.0003409393 0.00034196666 0.00020857216 0.0035174391 0.0002608117 0.00028675146 2.5731987e-07 0.0125664435 0.00079417595 3.9241963e-06 0.008730706 0.004908311 0.00012021373 9.830458e-05 0.000112648086 7.214897e-05 0.0044096657 5.3569594e-05 0.00020324785 4.4303768e-05 0.004960976 0.00037267635 0.0019704504 0.0002643692 1.0076233e-05 2.049765e-05 0.0003011978 0.00037344627 0.0031627696 1.0043193e-05
3.073019e-06 0.010602852 0.003772321 0.04022004 0.0008923163 0.008134305 0.01162 0.01929465 0.11488134 0.13446446 0.13681689 0.3785457 0.026069341 0.2101536 0.21407638 0.23048364 0.41644117 0.0034970343 3.2162484e-06 0.033174317 0.17695826 0.023504678 0.106033795 0.18829288 0.01697038 0.2543532 0.10121112 1.2547448e-23 0.12884353 0.17926471 0.15432037 0.15000886 0.037630145 0.06643766 0.54304767 0.06859412 0.083828434 0.004475248 0.017314583 0.053944252 0.008005723 0.015172104 0.42351514 0.009790784 0.24448244 0.059907757 0.043043766 0.0005237734 0.00934171 0.0028586667 0.0024436237 0.041815273 0.23475888 0.0014983386 0.02996148 0.0012026102 0.002668549 0.0002176669 0.0019500613 0.00041670995 0.02711184 0.0013150681 0.00016159317 0.00017193664 0.009364652 0.0015459643 0.0065532895 0.00046385737 0.001309941 0.0023886524 0.0037997293 0.0010374358 0.0009366376 0.00067081075 0.0013802927 0.0006455906 0.0013244954 0.000163027 0.0012751537 0.0013014415 0.00012950182 0.0016442869 0.00079743523 0.00068948325 0.0007058147 0.00018770107 0.000297722 0.0027225558 8.260932e-05 0.000249225 0.00023373324 0.0016963946 0.00060997595 0.00017119544 0.00049175625 1.3656474e-05 8.2282146e-05 0.00015487961 8.302871e-05 0.00028656996 4.329508e-06
0.004637785 0.010140539 0.002307067 0.05653045 0.00052190956 0.014310206 0.028987123 0.0053773876 0.021734351 0.0883231 0.07491468 0.0574592 0.13038246 0.1629425 0.30089176 0.2941392 0.050948206 0.025244107 2.1807483e-07 0.23512243 0.08969825 0.1763615 0.012117998 0.019175744 0.17553361 0.17381199 0.45060104 0.12884353 1.3038631e-22 0.13793115 0.10958959 0.17983419 0.44202632 0.08696131 0.13563617 0.48902276 0.18688788 0.09151551 0.21799606 0.36163062 0.16023031 0.24048284 0.087620124 0.1695907 0.0066537564 0.03375428 0.025315274 0.016485348 0.04646369 0.003964194 0.16680023 0.024488939 0.02987138 0.14018162 0.0028749392 0.056251552 0.12820597 0.007885708 0.08432902 0.0064250724 0.012634308 0.004303293 0.0017696336 3.9319228e-05 7.444973e-05 0.018499436 0.0023974935 0.0023571432 0.005820764 0.0020427809 0.003683172 0.0015666644 0.0019247306 0.0013481556 0.007201067 0.0010278767 0.0011529522 1.4904102e-06 0.016687382 0.0047957716 4.8895804e-06 0.016766727 0.010128448 0.0006589735 0.00060233567 6.966028e-05 0.00037018053 0.009288122 0.0005249385 0.0018600458 0.00033524097 0.009688357 0.0014845616 0.0005567619 0.0012865602 0.00021077672 0.0001271638 0.00050593744 0.00015021572 0.004750303 1.2744661e-05
1.1760644e-05 0.0075735715 0.0014077674 0.025012264 0.00044095397 0.0046166694 0.0070143193 0.0032045925 0.01957259 0.12928946 0.104888834 0.050854046 0.014664191 0.16630866 0.32184607 0.34153485 0.050372068 0.006720943 2.4108558e-06 0.030570967 0.22815968 0.0180664 0.01658324 0.016976144 0.020330096 0.5114669 0.109294556 0.17926471 0.13793115 1.0412075e-25 0.5121945 0.26719895 0.060529914 0.35191706 0.20090085 0.17651336 0.24730688 0.0073083523 0.017143128 0.08643786 0.010196488 0.09887076 0.14531635 0.00900979 0.0073868427 0.14675233 0.15589796 0.00065325917 0.06714739 0.0042751785 0.02747275 0.09889521 0.09517798 0.045912765 0.0062040207 0.032035157 0.012256527 0.011484211 0.006294602 0.010149077 0.09287484 0.0011924552 0.0049733347 0.00020434344 0.0028566443 0.004974041 0.014148619 0.004665684 0.00049847446 0.0062043257 0.006532844 0.0025043942 0.00038162674 0.0017033793 0.004091597 0.0025680983 0.0023992215 4.3931855e-06 0.005075574 0.00039641393 7.3184474e-08 0.0033849392 0.003294183 0.00032788672 0.00038458707 8.758889e-05 0.00056753325 0.0052376115 3.5175482e-05 0.0013544664 0.00065058796 0.0043651904 0.0009191461 5.424772e-06 0.0012955394 7.6832875e-05 0.0005831671 0.0004110731 7.379967e-05 0.0007135093 1.1078531e-05
2.0508227e-05 0.006730558 0.001410595 0.0155313155 0.00035017298 0.004963145 0.008365877 0.0045219553 0.020477917 0.08794559 0.07627211 0.039664328 0.013132372 0.10281182 0.20448145 0.19971885 0.036365565 0.0066469065 2.1367027e-06 0.024082817 0.1647553 0.01529371 0.01405892 0.014064498 0.018880904 0.38506725 0.081794165 0.15432037 0.10958959 0.5121945 1.4659873e-25 0.24060118 0.049875222 0.3018405 0.1747434 0.13262208 0.21166609 0.008519156 0.02066187 0.08119463 0.01294546 0.08307721 0.124152206 0.009993369 0.010173244 0.13079025 0.1501634 0.0017420062 0.06120586 0.010450378 0.032720607 0.08754802 0.07608707 0.05534915 0.009333501 0.042498223 0.013233924 0.011979931 0.008056295 0.011984314 0.06201727 0.0039331964 0.006493046 0.00025983082 0.0042629344 0.0060064206 0.012086604 0.0051181004 0.0006452893 0.005545516 0.0060312455 0.002332238 0.00047779176 0.001637136 0.0064864266 0.0031910432 0.0020371536 1.2316765e-05 0.0055220025 0.00046957168 1.6654032e-07 0.004535813 0.0057057124 0.00044405906 0.00043837697 4.4819637e-05 0.0009978265 0.0093628485 4.3927314e-05 0.0017222177 0.0007715728 0.008255029 0.0017712419 6.0183578e-05 0.0025727006 9.6524534e-05 0.0007134508 0.0015195481 0.00012340827 0.0013416541 3.260185e-05
