1.16195e-32 0.4266712 0.45866016 0.762812 0.11525079 0.50383717 0.7811312 0.7038704 0.3006235 0.3992979 0.49729702 0.25888968 0.08659424 0.68106693 0.9752398 0.14244519 0.15807854 0.9819123 0.2921214 0.022410601 0.98821235 0.18556283 0.030228257 0.089688376 0.35757446 0.025614925 0.059394304 0.03534681 0.026673952 0.015416447 0.019888941 0.27878937 0.027677413 0.01691837 0.03421794 0.00772094 0.000647298 0.004469345 0.006733845 0.0029429214 0.0008190358 0.005926612 0.0003527759 0.0046102414 0.0028957834 0.002318553 0.008910772 0.9815273 0.00080775586 0.00022259782 0.002877187 9.597326e-05 0.0005393111 0.00090030546 0.00010898368 0.9264225 1.8703395e-05 9.3939314e-05 0.34817925 2.2659398e-05 0.0004155214 0.00023567273 8.032282e-05 2.5768011e-05 0.00022602196 2.9757564e-05 9.373461e-06 3.868215e-05 4.946913e-05 3.906229e-06 3.2050968e-06 1.0790567e-05 3.3853583e-05 1.4099332e-07 1.0492133e-07 5.4466458e-05 5.049883e-05 5.6290185e-07 2.0532374e-07 7.4270814e-05 1.8573903e-05 5.3879544e-06 1.9195811e-08 1.0541575e-06 0.029592019 0.043263048 3.590454e-07 2.5468387e-07 1.2029497e-07 2.4555469e-08 1.9231734e-07 1.733691e-08 4.507234e-08 1.4341694e-08 1.5112295e-08 2.5580027e-10 7.949264e-09 1.5073223e-09 1.8422547e-08 9.96456e-10 8.945784e-09
0.4266712 2.293092e-18 0.37772548 0.29696548 0.9146266 0.30749735 0.42819494 0.043998066 0.019201193 0.0051507703 0.025557216 0.024493435 0.080298536 0.00042934323 0.10209945 0.028293172 0.08398354 0.011872948 0.00079683546 0.02369635 0.047863796 0.00038930977 0.06056375 0.00092624023 0.00057129 0.100982256 0.005924377 0.01862773 0.029314714 0.05018157 0.001027742 5.5058747e-05 0.0019458187 0.038980305 0.023502953 0.046476893 0.020681811 0.0038700746 0.015060085 0.00030320862 0.00031413787 0.0060892133 0.010483803 0.025416177 0.023283973 0.013469933 3.072953e-05 0.010180067 0.0019055061 0.0038219783 8.3460094e-05 0.00053518685 0.006851738 0.008147033 6.305008e-05 0.0042248354 0.001502774 0.0029414974 0.00041910264 0.0042357324 0.0092444625 0.0068255723 0.0058844145 0.0028388463 0.008576495 0.0050605233 0.0032254958 0.009795646 0.008173757 0.0017253265 2.4296289e-05 0.005234865 0.006189492 5.958569e-05 0.0004940855 0.0053618713 0.008125822 0.00015153168 0.0004999847 2.3927252e-05 0.008631364 0.006405684 0.0015193236 0.004699588 0.0011834796 3.8023734e-06 0.0058847205 0.00074600975 0.004154818 0.003494924 9.904782e-05 0.0037522537 0.0032568183 0.00068230205 0.00012653825 0.0014901304 0.0027069636 0.0020489902 0.0026143342 0.0009074761 0.00026185825
0.45866016 0.37772548 2.8781543e-20 0.7567445 0.5638601 0.16230659 0.36902162 0.021526128 0.01574113 0.005657087 0.22583938 0.019281162 0.040105175 0.0078348685 0.041346744 0.20424958 0.31979272 0.009269247 0.014350467 0.02089841 0.12910055 0.0039539807 0.05155407 0.008049376 0.00038990515 0.092984416 0.0046195667 0.013144144 0.12189727 0.06897973 0.012549982 0.0015037977 0.0020751813 0.07615136 0.0595864 0.06274692 0.031747367 0.01673722 0.061019115 0.0005780374 0.007999035 0.031240739 0.020042768 0.07454457 0.030810181 0.035524104 0.0016934947 0.0422867 0.0012018655 0.008600465 1.1941792e-05 0.0004824272 0.012381899 0.015513536 4.0742016e-05 0.00529147 0.0048165536 0.012125645 0.000564596 0.014229187 0.0235782 0.020437423 0.01791169 0.0068368977 0.024736084 0.015112565 0.008428059 0.02364597 0.01993141 0.0075835455 6.521937e-06 0.010193513 0.010457052 8.119683e-05 0.0007724906 0.016693238 0.013351139 0.0005500427 0.0025731362 0.00026647572 0.018725354 0.012542797 0.006908816 0.0089124935 0.00016916289 0.00073386636 0.016854052 0.0012350347 0.010044812 0.0076978696 0.00025541493 0.011980304 0.0068808086 0.0038716192 0.00149767 0.0057884967 0.008009629 0.008518013 0.0074536875 0.0035542124 0.0020690642
0.762812 0.29696548 0.7567445 4.1467112e-19 0.4393058 0.16170643 0.7433185 0.009865956 0.00444195 0.005232217 0.44996202 0.024595423 0.04032697 0.013362044 0.04581892 0.333514 0.4091847 0.0015695873 0.038727142 0.012225992 0.17962307 0.0053957324 0.038261443 0.010038808 0.00011158677 0.06593963 0.0032600036 0.008032689 0.19984351 0.04965934 0.021372497 0.0029395823 0.000508639 0.07608452 0.090634495 0.040221684 0.0179502 0.033852454 0.06714895 0.0001690084 0.0060146255 0.033188097 0.009698332 0.051273372 0.022294892 0.029353864 0.002207511 0.11972283 0.0006792137 0.0024881335 8.822296e-06 0.00032447246 0.004395137 0.0063468674 2.4754307e-05 0.0021656784 0.0029654882 0.0046069403 1.0098823e-05 0.0053060465 0.010072454 0.007920634 0.006590816 0.0027024574 0.009435238 0.005755291 0.0021529684 0.00913264 0.0074286726 0.0018751591 6.244941e-06 0.0040873094 0.0036682982 1.980558e-05 0.00013077854 0.0064756568 0.00439095 0.0001513894 0.00073329126 0.00041941748 0.006023454 0.0030594217 0.001600508 0.0022800136 7.4738986e-05 0.00017545791 0.004174856 0.00051536714 0.0022623634 0.0021741255 5.1897816e-05 0.0025238243 0.001626694 0.00089646765 0.0007266157 0.0013027682 0.0011362936 0.0021428512 0.00094455824 0.0007247617 0.0005083918
0.11525079 0.9146266 0.5638601 0.4393058 2.1078979e-19 0.4523469 0.42894933 0.054149743 0.02707296 0.009919946 0.05841855 0.041600782 0.093499325 0.0011858961 0.04995182 0.045364898 0.14014603 0.008476196 0.0017261994 0.03804048 0.035692893 0.00096073817 0.11134753 0.0017007546 0.00092593115 0.1674036 0.010791449 0.027664836 0.05479192 0.07102635 0.0019738714 0.0002291954 0.0026254687 0.056433335 0.03989291 0.074239075 0.030075258 0.0062069674 0.021849522 0.0003421978 0.0006007755 0.011510411 0.020232303 0.04172297 0.045756664 0.025871845 0.0002029484 0.008630985 0.004138738 0.009299897 1.529934e-05 0.00034780364 0.018537667 0.02164583 2.8032999e-05 0.0015986239 0.0020684034 0.0036453353 0.00043192043 0.0044650445 0.026768634 0.010042294 0.007832822 0.0074583273 0.019018456 0.0063867345 0.0023646995 0.024422284 0.014912885 0.0013520368 8.418482e-05 0.00939103 0.010738885 8.793765e-05 0.00046238446 0.019583788 0.015038394 0.00035954293 0.0006853316 3.482401e-05 0.016294198 0.007732292 0.0027823255 0.004324278 0.00026922708 1.5859596e-05 0.010451359 0.0009058584 0.006694329 0.007670162 0.00022077037 0.0066546034 0.0035989373 0.0017316786 0.00037546764 0.0019315408 0.005626534 0.0034639074 0.0038766759 0.0031621256 0.0005790136
0.50383717 0.30749735 0.16230659 0.16170643 0.4523469 1.8249724e-18 0.4165977 0.43906334 0.17894115 0.20977879 0.009995656 0.4905916 0.6231683 0.0005360885 0.2931899 0.0068868245 0.032707233 0.09135587 0.00019594606 0.16440418 0.06941743 0.00015892064 0.27141908 0.0001314633 0.006325494 0.29532784 0.13085379 0.23076072 0.0059601385 0.04178777 8.116346e-05 2.075322e-05 0.042409252 0.025011685 0.00988449 0.05552065 0.07971446 0.00044979353 0.004934399 0.0074213543 2.1626449e-05 0.0018260455 0.051181026 0.013466316 0.041959096 0.0073982365 2.6274474e-06 0.008068044 0.021516426 0.0206932 0.0009501186 0.004569988 0.0326682 0.012499754 0.00029351856 0.022954784 0.0004892064 0.0010773042 0.0040788455 0.0017984778 0.015039692 0.0039724368 0.0036857827 0.015315181 0.008736253 0.004197002 0.0021479398 0.016667016 0.008228921 0.0011962389 0.00012424908 0.021309739 0.0229982 0.0006408999 0.0031136463 0.018553369 0.02193605 0.0024354402 0.0004990898 7.2983257e-06 0.019993594 0.017038165 0.0029903164 0.010640538 0.0017462535 5.278033e-07 0.007911681 0.002769518 0.010718299 0.011551093 0.00040412802 0.010229584 0.007911186 0.00062429585 9.301798e-05 0.0038160163 0.009259034 0.006287355 0.009409409 0.0063171657 0.00019920286
0.7811312 0.42819494 0.36902162 0.7433185 0.42894933 0.4165977 1.4470392e-20 0.18650506 0.053073972 0.022208061 0.050231896 0.075855255 0.1359731 0.0012427219 0.775605 0.051904306 0.1312217 0.053930406 0.002902088 0.027166845 0.36682087 0.0012250468 0.039545164 0.0013401969 0.00061824796 0.05192499 0.0130090285 0.0239972 0.046168353 0.022294631 0.003571882 0.00075034046 0.003624441 0.017545601 0.015524496 0.016853906 0.016857177 0.0045964364 0.013378167 0.0012164358 0.0006872564 0.0052976804 0.008919407 0.015699347 0.009012573 0.008116199 0.00012766357 0.1322176 0.0046238075 0.0036037094 0.00052160944 0.0015644949 0.0075893844 0.0060378723 0.00023019122 0.034882728 0.0013351477 0.0028099313 9.591926e-05 0.0029325243 0.012523416 0.008651526 0.0067997496 0.019334553 0.012973867 0.0076690386 0.0031441138 0.007816055 0.008571552 0.0018939861 0.00010029367 0.01901905 0.013906184 0.00017318453 0.00097509066 0.008497899 0.011312221 0.0018734573 0.001041314 7.457011e-05 0.01520956 0.010346427 0.0023185983 0.00993626 0.0009634847 0.00014376329 0.0073388424 0.0038233348 0.004417638 0.0039745187 0.00027642446 0.0034914827 0.013584754 0.0006997078 0.00040573155 0.00062141643 0.0044843163 0.002620677 0.010737221 0.000743039 0.00035134042
0.7038704 0.043998066 0.021526128 0.009865956 0.054149743 0.43906334 0.18650506 5.231249e-18 0.77599 0.6711624 0.008750194 0.4864596 0.45201212 0.00013015482 0.27265042 0.007829188 0.028413745 0.25955832 0.00013839616 0.075312726 0.013315846 5.1753002e-05 0.10433038 8.2291954e-05 0.04531675 0.08468993 0.39139786 0.21103917 0.005910875 0.021353321 0.00027417182 2.952996e-05 0.34298757 0.0081512565 0.009879613 0.012292082 0.014114772 0.0013935217 0.0035880923 0.11210737 0.00027654576 0.0017423476 0.011813872 0.008554546 0.0098646255 0.004137371 1.6725147e-05 0.0052410266 0.02236767 0.0035295293 0.010651733 0.0390798 0.008224222 0.003912055 0.016147519 0.02250098 0.0005254226 0.0005871793 0.0022180765 0.00048581342 0.00891729 0.0021483412 0.0019008034 0.010895003 0.0069084046 0.0037550905 0.0014500812 0.0067808107 0.006312968 0.00023243997 0.00149722 0.014056842 0.013302939 0.0014151696 0.0050049564 0.0051540798 0.0048217583 0.0074578896 7.7582285e-05 1.4811104e-05 0.008187878 0.0075369766 0.0011138052 0.0061258385 0.010051093 7.209776e-06 0.0030633297 0.006629488 0.0015371625 0.0025451684 0.0010084155 0.0017433008 0.0058643753 3.1915526e-05 2.3123478e-06 0.0005529077 0.004601224 0.00075206405 0.0064397063 0.00064077915 1.949933e-06
0.3006235 0.019201193 0.01574113 0.00444195 0.02707296 0.17894115 0.053073972 0.77599 2.519909e-19 0.6080448 0.0019654431 0.1931993 0.272241 8.648097e-05 0.11660452 0.0026615802 0.008252101 0.240044 7.5372525e-05 0.026523484 0.0050441553 3.313089e-05 0.03243008 2.8737086e-05 0.041097295 0.029668469 0.19153899 0.05958884 0.0028646267 0.008764981 0.00010987857 5.9351605e-06 0.18350998 0.005075126 0.002447345 0.0054264753 0.01169246 0.00033327925 0.0020452165 0.07430098 4.575269e-05 0.001111933 0.004764122 0.0018789783 0.0052208626 0.0017720537 2.0704972e-06 0.0034625414 0.012638592 0.0016142427 0.017408445 0.03904274 0.002727114 0.0014113574 0.0111645805 0.017636586 0.00062637834 0.0013040182 0.007514472 0.0009726305 0.004619113 0.0027858252 0.0019904308 0.009696394 0.006257604 0.0029932838 0.0011766315 0.005879184 0.0059264284 0.0009664742 0.001345496 0.01276262 0.010505015 0.0032252807 0.005339371 0.0061595575 0.006029793 0.009662222 0.000318362 9.586118e-07 0.009066859 0.0077576037 0.00058057957 0.008810572 0.009098402 4.318372e-09 0.0054157916 0.004732079 0.0028910649 0.0020793288 0.00094517233 0.0031820708 0.010108652 0.00014650036 1.5701396e-05 0.00043420782 0.0026513615 0.001783672 0.00799381 0.00051040424 8.84921e-06
0.3992979 0.0051507703 0.005657087 0.005232217 0.009919946 0.20977879 0.022208061 0.6711624 0.6080448 8.361817e-16 0.0011192297 0.44570175 0.4411671 3.0168323e-05 0.115598984 0.00039996524 0.001587721 0.3584021 6.4919773e-06 0.03211466 0.004900804 3.0275464e-06 0.039989013 7.701121e-07 0.17059398 0.038429104 0.5116919 0.14625207 0.0008642517 0.002977593 1.5252044e-06 4.9064033e-07 0.72580504 0.001257649 0.0009844997 0.0041976683 0.005917138 5.229992e-05 0.00050752616 0.5455418 3.607612e-07 0.0002591078 0.003963298 0.0005866501 0.00428781 0.00034339496 2.392975e-08 0.0007799442 0.061848465 0.00095941324 0.01821408 0.41243744 0.0020419226 0.0007120621 0.1466156 0.0105157355 9.026189e-06 6.468885e-05 0.014991919 5.861118e-05 0.0013027361 0.0001391699 0.00011792984 0.005746565 0.00045673235 0.00019372364 4.906684e-05 0.0012012703 0.0006089329 0.000116919306 0.009003373 0.009577833 0.0050895116 0.06719518 0.052711457 0.001387488 0.002136175 0.051959712 3.7595353e-05 1.9150437e-07 0.0017023447 0.0034167462 5.303661e-05 0.003098204 0.0076410198 5.7756855e-10 0.0004555976 0.00803439 0.00036547685 0.0003545074 0.004757854 0.00023405289 0.002371141 7.903678e-06 1.1394866e-06 5.0809787e-05 0.00038570163 0.00011303895 0.002032439 5.2874846e-05 1.7152047e-06
0.49729702 0.025557216 0.22583938 0.44996202 0.05841855 0.009995656 0.050231896 0.008750194 0.0019654431 0.0011192297 3.5665702e-19 0.00042412576 0.0012822148 0.31135544 0.020784734 0.72184056 0.62366015 0.0073087043 0.50638777 0.001349364 0.10345418 0.10650611 0.005615542 0.15379131 6.812503e-05 0.01082032 0.00036336487 0.0008167574 0.35092917 0.013792663 0.1746826 0.018888729 7.033073e-05 0.037005294 0.074996926 0.016312016 0.0051144334 0.10792355 0.13780724 1.8896362e-05 0.049990244 0.13899678 0.0029197063 0.09187507 0.013527999 0.059784178 0.010035304 0.12656233 0.0002680836 0.0013883398 8.341853e-06 5.2131356e-05 0.002213833 0.0066049327 4.831505e-06 0.0077369683 0.0126263155 0.04066205 0.00012838648 0.043224126 0.018419376 0.035863075 0.03667322 0.0013534994 0.025304763 0.031901732 0.031865586 0.025945073 0.026129035 0.019690538 8.150447e-06 0.0011105972 0.002368875 3.5851714e-05 0.00029082887 0.008877117 0.0044432892 3.8961152e-05 0.009857511 0.003986847 0.0030785704 0.0011048708 0.008276241 0.00073725136 0.0003164076 0.006529443 0.010790703 0.00036290564 0.0033932247 0.0026142655 4.8345442e-05 0.0060551204 0.0005435135 0.0046391096 0.0030947784 0.0060718865 0.0019916384 0.0037476474 0.0009101374 0.0015890368 0.003015518
0.25888968 0.024493435 0.019281162 0.024595423 0.041600782 0.4905916 0.075855255 0.4864596 0.1931993 0.44570175 0.00042412576 2.1603704e-21 0.7657474 0.00013897136 0.11335493 0.0003317552 0.0021989984 0.057687942 7.848187e-06 0.25818056 0.00723872 1.2710748e-05 0.16369623 8.690208e-06 0.014435714 0.14415964 0.3548886 0.41443592 0.0012824326 0.031841975 3.8667113e-06 2.9146079e-06 0.19720948 0.009856654 0.0033147358 0.021900263 0.060213827 2.1634269e-05 0.0013272816 0.041240167 2.2869735e-06 0.0004647674 0.045250308 0.0043633655 0.030354729 0.0037161822 4.0265974e-07 0.0019098006 0.15003236 0.02485632 0.0011441715 0.01586915 0.027560687 0.009194735 0.000599607 0.009338832 0.00012956865 0.0003031236 0.00868111 0.00027690255 0.010734328 0.0010192832 0.00083715224 0.06402902 0.0031252413 0.0009188201 0.00025441748 0.007898371 0.0031864494 0.00017710474 0.00015303332 0.049470846 0.032181095 0.0009566435 0.0029579892 0.014106537 0.02354627 0.0076254127 5.699811e-05 4.963192e-07 0.018456412 0.028796248 7.8462224e-05 0.015767409 0.0037963733 1.1477072e-07 0.0012587386 0.0039115157 0.0031073028 0.0032653944 0.00040774766 0.0010570287 0.005738446 6.659301e-05 1.08605955e-05 0.00017000306 0.0036777717 0.00023964762 0.0043814876 0.0006067594 2.2989207e-05
0.08659424 0.080298536 0.040105175 0.04032697 0.093499325 0.6231683 0.1359731 0.45201212 0.272241 0.4411671 0.0012822148 0.7657474 3.875579e-21 0.0003558922 0.06211615 0.0004051118 0.0031470729 0.030989686 5.434562e-05 0.28689983 0.004975581 6.0801663e-05 0.20083725 4.2079384e-05 0.016365211 0.20847327 0.49065703 0.5082198 0.00052773114 0.033389144 1.0737742e-05 4.4015815e-06 0.24779706 0.013578056 0.0040512998 0.044740297 0.09327941 8.5830565e-05 0.0020667834 0.050277602 6.4691903e-06 0.0008479276 0.0715183 0.0078169415 0.052148018 0.0056745447 4.3130586e-07 0.0012392023 0.1622215 0.040925287 0.003147259 0.03541798 0.06331821 0.020742362 0.001232294 0.0031029347 0.00053199957 0.0015550959 0.008443964 0.0013024982 0.02772311 0.0047859945 0.0040617874 0.092758656 0.012759717 0.0045798374 0.0014780167 0.022331536 0.01285639 0.0012794036 0.0007188586 0.08615735 0.08677949 0.0027357633 0.008148804 0.02722787 0.039242156 0.020379987 0.00054102234 2.2175918e-06 0.043718357 0.06475348 0.0011288264 0.032811478 0.0037654166 7.4379926e-08 0.009020128 0.013752793 0.011984633 0.0108886035 0.0021636232 0.008154872 0.01572947 0.00091190456 0.00014535211 0.0008653671 0.009033019 0.001791667 0.012127483 0.0023191092 0.00021138365
0.68106693 0.00042934323 0.0078348685 0.013362044 0.0011858961 0.0005360885 0.0012427219 0.00013015482 8.648097e-05 3.0168323e-05 0.31135544 0.00013897136 0.0003558922 1.8824929e-19 0.0007610929 0.23511074 0.11154705 0.00014081724 0.78723514 5.417098e-05 0.0071435836 0.51995915 0.00060255046 0.68045783 7.1385153e-07 0.0014659778 1.7831524e-05 0.000120507 0.16129576 0.0014029626 0.6244463 0.05445282 2.926565e-06 0.0052982317 0.01730089 0.0029360172 0.0010747379 0.15906769 0.039243773 3.5651483e-06 0.236658 0.043082174 0.0004016586 0.016151367 0.001935302 0.010575016 0.046505477 0.091389894 1.1761362e-05 0.00017424164 3.410355e-07 7.834158e-06 0.0002439479 0.0009482795 1.4900166e-06 0.0002838324 0.02506064 0.017236605 1.261536e-08 0.020287374 0.0041647335 0.010507842 0.0089623295 0.0002480307 0.006885879 0.005867623 0.009100754 0.0043048016 0.005120153 0.017367676 1.8883462e-07 0.00028143244 0.0007618344 1.5309827e-06 1.5503234e-05 0.002829296 0.0015884549 2.9750115e-06 0.012683159 0.01116327 0.001572293 0.00026862818 0.0007195139 9.5660274e-05 8.969674e-08 0.004097447 0.0017140766 1.808511e-05 0.00035970804 0.00025471122 5.1607235e-06 0.0007450791 6.640915e-05 0.0033697686 0.004040683 0.00034085964 6.745521e-05 0.00046858125 2.4867977e-05 7.225866e-05 0.0026108995
0.9752398 0.10209945 0.041346744 0.04581892 0.04995182 0.2931899 0.775605 0.27265042 0.11660452 0.115598984 0.020784734 0.11335493 0.06211615 0.0007610929 1.8449485e-19 0.0081032105 0.017726911 0.783896 0.00049626513 0.0074257753 0.5901759 0.002326771 0.0078174705 0.00073095964 0.010718932 0.0071114427 0.011411593 0.00983429 0.00415277 0.005605459 0.00065744633 0.0053304466 0.0054028844 0.0017050379 0.0029365926 0.0016809186 0.002301087 0.0012037503 0.0012688215 0.0026087703 0.00023679718 0.0007110675 0.0018505638 0.0016928812 0.0014068641 0.0012449241 0.00016114903 0.18406609 0.0017778241 0.0024264834 0.0061786906 0.00212204 0.004690668 0.0018810086 0.00039652243 0.34523228 0.00011417461 0.00038850657 0.0004080984 0.00028303094 0.004757799 0.001053447 0.00071974285 0.015253915 0.002698207 0.0007345781 0.00017772875 0.003430171 0.002110538 0.0002519032 0.0005333388 0.010925383 0.015120536 0.00019574512 0.00079389196 0.0047964943 0.010829854 0.001758666 4.4851447e-05 4.979504e-06 0.017320305 0.011216591 3.801179e-05 0.007087015 0.017185377 0.0018620637 0.0018836384 0.002288921 0.0054273345 0.0037528367 0.0008482665 0.0025843394 0.005671718 1.1464645e-05 3.620818e-06 1.7255205e-05 0.0067186006 0.00039983995 0.0064825616 0.0010991882 1.4516398e-06
0.14244519 0.028293172 0.20424958 0.333514 0.045364898 0.0068868245 0.051904306 0.007829188 0.0026615802 0.00039996524 0.72184056 0.0003317552 0.0004051118 0.23511074 0.0081032105 1.6766686e-20 0.70684713 0.006155512 0.20094535 0.0005501506 0.042039175 0.048844486 0.0043786704 0.09081665 9.964161e-06 0.012474354 0.00011252397 0.00036017323 0.5060785 0.019495236 0.15099593 0.019200144 1.856241e-05 0.09875389 0.123167425 0.034640495 0.00846655 0.14933805 0.25371704 7.6037786e-06 0.049624614 0.20490621 0.0042526876 0.16727489 0.019176217 0.1038901 0.008426017 0.051028356 0.00014620183 0.0018942787 1.6216367e-05 1.5814287e-05 0.0021814464 0.012350682 1.5007766e-06 0.0027107766 0.025272861 0.08945879 0.0010970347 0.10775241 0.044694483 0.096435696 0.08072817 0.0018882348 0.0621332 0.059103902 0.046816967 0.04883134 0.048542168 0.039825197 1.5700542e-05 0.0015628018 0.0039394917 3.7365804e-05 0.00047803833 0.019691508 0.009971887 0.000110487184 0.019416107 0.006123163 0.0063414094 0.0014607708 0.01614069 0.0006340823 0.00083247706 0.008315261 0.020118933 0.00040500634 0.0042572445 0.002333613 8.218898e-05 0.008761905 0.00051110104 0.010996092 0.010344192 0.011382758 0.0016254511 0.009692229 0.0006760717 0.0028911915 0.007269443
0.15807854 0.08398354 0.31979272 0.4091847 0.14014603 0.032707233 0.1312217 0.028413745 0.008252101 0.001587721 0.62366015 0.0021989984 0.0031470729 0.11154705 0.017726911 0.70684713 1.7360655e-21 0.0055036857 0.0862719 0.0015617096 0.053922202 0.022893004 0.01162339 0.03728057 2.089101e-05 0.034297165 0.00029658136 0.0009165801 0.474492 0.038563464 0.048866954 0.0091172075 4.1564563e-05 0.16654481 0.199077 0.10231687 0.018753763 0.07166537 0.23838016 1.3700331e-05 0.0151864365 0.22255377 0.011562483 0.31537095 0.0551988 0.17489882 0.003961968 0.034034334 0.00016919224 0.0049604652 1.0587573e-05 3.4906738e-05 0.006385145 0.029803256 1.0084053e-06 0.0022143207 0.015886208 0.0812664 0.001501842 0.087152824 0.07120317 0.10139122 0.095220216 0.001183602 0.101352215 0.09001821 0.049313437 0.085377716 0.090547495 0.025446134 5.6280287e-06 0.0013073871 0.0046495646 1.10746e-05 0.00021923395 0.02477802 0.014713065 7.172192e-05 0.010691414 0.0020319815 0.009410534 0.0027866405 0.02428083 0.0010233237 0.00046872225 0.002362282 0.033811815 0.00011736482 0.008789096 0.004646887 4.556571e-05 0.012651349 0.00062590005 0.009095777 0.004295224 0.014478268 0.0035838534 0.015384128 0.0012813751 0.0047262334 0.0042032143
0.9819123 0.011872948 0.009269247 0.0015695873 0.008476196 0.09135587 0.053930406 0.25955832 0.240044 0.3584021 0.0073087043 0.057687942 0.030989686 0.00014081724 0.783896 0.006155512 0.0055036857 2.40725e-18 6.601564e-05 0.005099083 0.116790175 0.0005844006 0.008420944 0.00042384173 0.081875175 0.008419049 0.016980255 0.006254907 0.0019870442 0.005269257 0.00039329092 0.0018809343 0.013746021 0.0010517174 0.0016968015 0.001340741 0.0016818485 0.00021032934 0.000632884 0.012131717 6.943272e-05 0.00031017206 0.00092126906 0.0007173926 0.0007639133 0.0005037123 9.936732e-07 0.016138095 0.0018256095 0.0007079331 0.008421647 0.022402883 0.0014462542 0.0013253135 0.011392184 0.42973852 5.8097914e-05 0.0003078082 0.0038339011 0.0001569338 0.0047800415 0.0007910334 0.0004213286 0.00727255 0.0031082812 0.00044490577 7.425715e-05 0.0032277345 0.002366053 0.00022233307 0.0062270495 0.0072605605 0.0074823825 0.032011963 0.035393763 0.0050920583 0.0050039804 0.007822859 5.880412e-05 3.662364e-08 0.006224862 0.0022568477 2.2064902e-05 0.002176696 0.035692133 4.827124e-08 0.0017050598 0.00550277 0.001092529 0.00088052923 0.0071751513 0.0004879007 0.0032132287 4.3843104e-07 3.776869e-08 1.2996696e-05 0.00093161623 0.00012150405 0.002091504 0.00011726447 3.6500555e-08
0.2921214 0.00079683546 0.014350467 0.038727142 0.0017261994 0.00019594606 0.002902088 0.00013839616 7.5372525e-05 6.4919773e-06 0.50638777 7.848187e-06 5.434562e-05 0.78723514 0.00049626513 0.20094535 0.0862719 6.601564e-05 1.8088501e-19 3.5845437e-06 0.006433623 0.76769835 4.3991455e-05 0.87662894 1.9866918e-06 0.00015336834 1.1234827e-05 4.757037e-05 0.13024311 0.000113599075 0.6815417 0.064119235 4.273509e-06 0.0038892215 0.0079210615 0.0016237863 0.00026243247 0.16865069 0.03521516 6.1756764e-06 0.19431733 0.04690996 0.00015225261 0.019163791 0.0015567883 0.016183823 0.030352704 0.040546026 0.000110182154 0.00011820977 2.2496329e-06 1.51234635e-05 0.00020969905 0.001192002 5.84507e-07 0.0001898776 0.035339493 0.036342096 2.4343499e-06 0.046783384 0.005500572 0.01987668 0.019613607 0.0009194455 0.010914825 0.014830334 0.024458718 0.0074255704 0.009777851 0.036768835 2.8558693e-06 0.0012457146 0.0018854942 5.0208373e-06 5.6448935e-05 0.005000081 0.0034793387 3.297741e-05 0.02367081 0.006606763 0.004303599 0.0015694039 0.002593409 0.00079024653 9.469728e-06 0.0035364705 0.0062915506 0.0001703866 0.0033271622 0.0018610855 1.5093982e-05 0.0029917967 0.00046493605 0.006475292 0.007282179 0.0016423044 0.0011047919 0.0019178988 0.00026487192 0.0006633456 0.0051141013
0.022410601 0.02369635 0.02089841 0.012225992 0.03804048 0.16440418 0.027166845 0.075312726 0.026523484 0.03211466 0.001349364 0.25818056 0.28689983 5.417098e-05 0.0074257753 0.0005501506 0.0015617096 0.005099083 3.5845437e-06 2.0904336e-26 0.00080293044 1.8844612e-06 0.7442997 1.8960491e-06 0.00038243682 0.6701162 0.044325188 0.688654 0.0027527614 0.2036994 5.2256536e-07 4.8935828e-08 0.008565603 0.026118837 0.005154239 0.060479753 0.46022713 1.6554037e-05 0.001507066 0.0019652792 1.1749253e-07 0.0004906446 0.307997 0.0046183933 0.089977466 0.0027699668 1.9426716e-08 0.0008013159 0.05674567 0.18758592 8.108339e-05 0.0002863623 0.06978981 0.039861705 1.357783e-05 0.0010881991 4.293465e-06 0.00019476081 0.0038648522 0.00012145087 0.030566003 0.0004797766 0.00021000404 0.085163064 0.0026395088 0.00045115393 0.00010848697 0.009726046 0.003092107 5.4583146e-05 1.4681541e-05 0.027423616 0.03260487 1.64277e-05 3.982481e-05 0.0305655 0.035305344 7.67581e-05 1.1363693e-05 3.175393e-08 0.019955369 0.023146855 5.6973327e-05 0.0064561125 0.0023550447 2.6068857e-08 0.0010478005 0.00011143534 0.0019115024 0.0017162055 1.0901553e-05 0.0004991628 0.00069635763 2.7683016e-06 6.10571e-07 2.734056e-05 0.0010164574 4.349586e-05 0.0006130792 6.8404974e-05 9.1111826e-07
0.98821235 0.047863796 0.12910055 0.17962307 0.035692893 0.06941743 0.36682087 0.013315846 0.0050441553 0.004900804 0.10345418 0.00723872 0.004975581 0.0071435836 0.5901759 0.042039175 0.053922202 0.116790175 0.006433623 0.00080293044 4.4778347e-19 0.0045046993 0.0022729947 0.0032381401 0.0057740873 0.0026622955 0.00078389945 0.0007641643 0.008354061 0.0032081292 0.00458917 0.0101209115 0.00051082013 0.002391243 0.0040413653 0.0012179995 0.00058767427 0.0048302887 0.0025793642 0.00028614173 0.0020437948 0.001942785 0.0004738326 0.0023650548 0.0009776634 0.0027699154 0.0015491898 0.75916183 0.00028903742 0.0004538303 0.00020735007 0.00011881953 0.0013987017 0.0017216512 3.172825e-05 0.20545244 0.00048445785 0.0025820658 8.3506995e-05 0.0020296816 0.007325931 0.005532392 0.004297016 0.0010679425 0.009378675 0.0036956498 0.0015474459 0.0072901594 0.007146217 0.00080942427 8.0125733e-07 0.0008595332 0.0016629737 7.7520974e-07 8.119631e-06 0.0045991247 0.004035392 2.5132693e-05 0.00038026748 0.00048408448 0.005710508 0.0004888502 0.0006359178 0.00017259887 5.492611e-05 0.025472747 0.009586715 1.5117507e-05 0.0028944663 0.0005009779 2.8286252e-06 0.004499242 0.00021006074 0.00011551935 8.209043e-05 0.0003116531 0.00031720765 0.0024504077 0.000111968926 0.0009415669 6.136796e-05
0.18556283 0.00038930977 0.0039539807 0.0053957324 0.00096073817 0.00015892064 0.0012250468 5.1753002e-05 3.313089e-05 3.0275464e-06 0.10650611 1.2710748e-05 6.0801663e-05 0.51995915 0.002326771 0.048844486 0.022893004 0.0005844006 0.76769835 1.8844612e-06 0.0045046993 1.0066839e-20 1.6458847e-05 0.8526705 4.9522464e-07 5.054282e-05 2.2748377e-06 1.17034815e-05 0.06311598 3.5999754e-05 0.6005134 0.23852795 7.539998e-07 0.0013648521 0.0034394446 0.00069502374 4.4507633e-05 0.17349875 0.013749954 1.2042277e-06 0.4099789 0.025964784 3.7625086e-05 0.008139375 0.0005278016 0.00802594 0.26431516 0.029549439 4.131161e-05 9.6480726e-05 1.5403681e-07 8.781153e-07 0.0001426207 0.0004831466 1.9733235e-07 0.00018431811 0.047434468 0.023885466 1.0388584e-07 0.03158303 0.0023169017 0.00959346 0.008469704 0.00044863514 0.0049016452 0.003752715 0.012311733 0.0036066715 0.0037626114 0.022997119 1.410786e-07 0.0002625088 0.0009074433 1.235021e-06 7.985032e-06 0.0020127778 0.0012624853 2.5645372e-06 0.01531529 0.050734982 0.0013598104 0.0003152026 0.0015517664 0.00022181185 1.3831004e-07 0.005147269 0.002083228 3.647065e-05 0.00079431006 0.00040021553 2.9061564e-06 0.001150199 9.145064e-05 0.008517312 0.012481322 0.0006787572 0.00015160943 0.0008068702 6.881129e-05 0.00027879525 0.008061738
0.030228257 0.06056375 0.05155407 0.038261443 0.11134753 0.27141908 0.039545164 0.10433038 0.03243008 0.039989013 0.005615542 0.16369623 0.20083725 0.00060255046 0.0078174705 0.0043786704 0.01162339 0.008420944 4.3991455e-05 0.7442997 0.0022729947 1.6458847e-05 8.692478e-27 1.6437794e-05 0.0005246613 0.67258006 0.015675612 0.19997354 0.008029644 0.34911722 5.1988986e-06 4.002531e-07 0.0028486054 0.041351326 0.011435234 0.11498313 0.49354872 5.8421723e-05 0.0034872435 0.0006833146 1.13324e-06 0.00092013547 0.37973478 0.011644188 0.1691676 0.0063897567 9.5871286e-08 0.0022800376 0.043623544 0.21542954 2.6426118e-05 0.00011448611 0.10082833 0.08622782 6.346182e-06 0.0019627328 6.872561e-06 0.00045511624 0.0020003116 0.00031980834 0.06836747 0.001991363 0.0015541671 0.07919014 0.011954464 0.0016956344 0.00019987364 0.027120652 0.010324511 0.00014212348 4.6898804e-06 0.033691373 0.052074604 2.3916998e-06 2.6113561e-05 0.064453684 0.075062364 0.00012574643 4.144111e-05 6.421044e-08 0.04788716 0.043296717 0.00012347079 0.016506642 0.00078427966 7.3595736e-08 0.004165987 0.00013511094 0.010809768 0.008822352 1.3469546e-05 0.0036573277 0.0018381326 7.8591665e-06 5.276382e-07 9.778471e-05 0.0057248874 0.00014087808 0.0023272901 0.0010236542 1.7069542e-06
0.089688376 0.00092624023 0.008049376 0.010038808 0.0017007546 0.0001314633 0.0013401969 8.2291954e-05 2.8737086e-05 7.701121e-07 0.15379131 8.690208e-06 4.2079384e-05 0.68045783 0.00073095964 0.09081665 0.03728057 0.00042384173 0.87662894 1.8960491e-06 0.0032381401 0.8526705 1.6437794e-05 7.211887e-23 4.2735965e-07 7.257448e-05 7.905684e-06 2.408637e-05 0.10051321 2.4895528e-05 0.68344057 0.21625273 4.887809e-06 0.0029421358 0.003690853 0.0013218372 9.310602e-05 0.20068905 0.023344371 4.192523e-06 0.37324277 0.029524477 8.562675e-05 0.0102111045 0.0010086747 0.010520315 0.18164526 0.03905967 0.0002180708 0.00019770676 4.0648402e-07 3.4977463e-06 0.00050059275 0.0016160927 1.1520227e-06 3.1583793e-05 0.054995224 0.03637865 2.1376187e-07 0.054855164 0.0067262556 0.015157454 0.014803975 0.0013811874 0.008678333 0.007894692 0.020951468 0.007040111 0.006865022 0.04934613 2.4046662e-07 0.0007491307 0.0034756458 1.5988564e-06 2.1368036e-05 0.008841472 0.00696036 9.389449e-06 0.03906113 0.03805156 0.00831672 0.001386808 0.00341248 0.00043411387 3.1303937e-08 0.0042203474 0.008173176 0.00010302517 0.0047430033 0.0016572037 9.125187e-06 0.004911289 0.00017985326 0.01594501 0.021361396 0.0013384955 0.00044606073 0.0025378051 6.723831e-05 0.00067209336 0.015036621
0.35757446 0.00057129 0.00038990515 0.00011158677 0.00092593115 0.006325494 0.00061824796 0.04531675 0.041097295 0.17059398 6.812503e-05 0.014435714 0.016365211 7.1385153e-07 0.010718932 9.964161e-06 2.089101e-05 0.081875175 1.9866918e-06 0.00038243682 0.0057740873 4.9522464e-07 0.0005246613 4.2735965e-07 3.2315597e-17 0.0003770422 0.02493685 0.0031170824 3.4511263e-06 5.49964e-05 1.1343268e-06 7.6824925e-08 0.07610911 2.518519e-05 2.8252893e-05 0.00016863858 0.0003505492 2.5645593e-06 1.7674158e-05 0.16308793 1.3453138e-07 1.8923089e-05 0.0002230124 5.570096e-05 0.00018264599 2.8449185e-05 7.305361e-09 0.00020066282 0.0019373591 0.0002944752 0.32243836 0.13520902 0.0004199364 6.285244e-05 0.5398884 0.007824591 3.6990841e-06 5.932755e-06 0.100489736 3.6723702e-06 0.00030874688 2.5533345e-05 1.2249911e-05 0.0007762288 8.7039305e-05 2.3490386e-05 1.9587094e-06 0.0002564728 0.00010229666 1.0505511e-05 0.1394899 0.0007882624 0.001182925 0.12601598 0.026737733 0.00046865008 0.000627538 0.002643126 2.7065555e-06 1.36595935e-08 0.00059272785 0.00040039135 6.8485165e-06 0.00040211217 0.060054768 2.1454751e-11 0.00015226903 0.0013219671 0.00016561829 8.379155e-05 0.036567997 9.341839e-05 0.00026773664 7.686167e-07 3.0918193e-07 1.481159e-06 4.1158244e-05 1.52534785e-05 0.00016100264 4.5220536e-06 5.1756507e-07
0.025614925 0.100982256 0.092984416 0.06593963 0.1674036 0.29532784 0.05192499 0.08468993 0.029668469 0.038429104 0.01082032 0.14415964 0.20847327 0.0014659778 0.0071114427 0.012474354 0.034297165 0.008419049 0.00015336834 0.6701162 0.0026622955 5.054282e-05 0.67258006 7.257448e-05 0.0003770422 3.649489e-28 0.012008991 0.15684907 0.022422398 0.53073585 2.9562449e-05 2.02082e-06 0.002466048 0.08316674 0.030259617 0.25084928 0.5668966 0.00033682905 0.009616552 0.0006835489 8.601497e-06 0.0029621306 0.41335237 0.027345726 0.26853487 0.015143214 2.3394475e-07 0.0026364774 0.03418193 0.26039565 1.4167467e-05 0.00012518514 0.14778867 0.11961216 6.3572134e-06 0.0024289954 4.6830046e-05 0.0010954423 0.0024611624 0.00068536523 0.09743852 0.00454522 0.003298636 0.07796607 0.021427164 0.004281836 0.0004969409 0.038805965 0.019286426 0.0004338475 4.9806104e-06 0.03384308 0.049223952 3.6526008e-06 3.065416e-05 0.08350848 0.07459795 0.00011305836 0.0001368801 1.4297919e-07 0.0535901 0.045317493 0.00060871115 0.019677425 0.0006798443 1.532217e-06 0.009478089 0.00012532395 0.01645646 0.011150003 1.6408492e-05 0.009727182 0.002102437 3.530773e-05 3.6572335e-06 0.0004573788 0.0067453245 0.0012866448 0.0021880784 0.0031313812 6.022776e-06
0.059394304 0.005924377 0.0046195667 0.0032600036 0.010791449 0.13085379 0.0130090285 0.39139786 0.19153899 0.5116919 0.00036336487 0.3548886 0.49065703 1.7831524e-05 0.011411593 0.00011252397 0.00029658136 0.016980255 1.1234827e-05 0.044325188 0.00078389945 2.2748377e-06 0.015675612 7.905684e-06 0.02493685 0.012008991 2.7470965e-21 0.50640327 6.611689e-05 0.0019286737 1.4166744e-06 3.751403e-08 0.65452725 0.0010619838 0.00062453136 0.0037721018 0.01315676 5.0238787e-06 0.00054955797 0.33505908 3.4729948e-07 0.00013045593 0.01153716 0.0011430784 0.005970338 0.0007935789 4.446938e-08 0.000109893255 0.4504442 0.010325944 0.0066752993 0.106098644 0.012086765 0.0051071933 0.0063578417 0.001990391 3.7564318e-05 0.00039505886 0.012812016 0.0004105381 0.014400589 0.0014747882 0.0011661358 0.08918418 0.0051746 0.0015429456 0.00029493106 0.011008017 0.005053441 0.00024504005 0.0008807186 0.082757786 0.035513073 0.003835701 0.008073493 0.015481118 0.02292477 0.027542854 9.447749e-05 2.8918146e-07 0.022540841 0.03438618 0.00017662927 0.01910505 0.011618707 1.3134492e-09 0.0022662373 0.011692984 0.0034413375 0.0028180385 0.0006107609 0.0011753716 0.0060545714 1.783319e-05 5.981357e-06 8.664459e-05 0.0032269973 0.0002776186 0.004582546 0.00060919346 1.991604e-05
0.03534681 0.01862773 0.013144144 0.008032689 0.027664836 0.23076072 0.0239972 0.21103917 0.05958884 0.14625207 0.0008167574 0.41443592 0.5082198 0.000120507 0.00983429 0.00036017323 0.0009165801 0.006254907 4.757037e-05 0.688654 0.0007641643 1.17034815e-05 0.19997354 2.408637e-05 0.0031170824 0.15684907 0.50640327 4.4095302e-23 0.00040962335 0.044142723 3.7772475e-06 9.275816e-07 0.16098979 0.011937022 0.003946424 0.03595746 0.14244643 1.3612499e-05 0.0016845653 0.053055465 7.0281584e-07 0.00037185146 0.13437913 0.004045221 0.08139198 0.0021398454 1.9674326e-07 0.0003058961 0.53647816 0.114185914 0.0014432423 0.014278661 0.1243259 0.026784983 0.00080598955 0.0009490183 3.6667727e-05 0.0003749386 0.0069140033 0.00026413306 0.026433453 0.0013438112 0.0011179688 0.33832145 0.0063501643 0.0012896028 0.00015448013 0.014685574 0.00596119 0.00011255069 0.00014357982 0.19386227 0.16436885 0.000518595 0.0022377232 0.033064734 0.0792834 0.0073153432 4.6793302e-05 2.8666955e-07 0.0670164 0.113394 0.00014646265 0.057408743 0.0049756663 2.0118993e-08 0.0041102585 0.008006957 0.014079394 0.015361221 0.00012866435 0.0037398282 0.014436072 1.4487225e-05 3.5681485e-06 0.00017809797 0.012468978 0.00051326025 0.011893069 0.0013391525 7.794512e-06
0.026673952 0.029314714 0.12189727 0.19984351 0.05479192 0.0059601385 0.046168353 0.005910875 0.0028646267 0.0008642517 0.35092917 0.0012824326 0.00052773114 0.16129576 0.00415277 0.5060785 0.474492 0.0019870442 0.13024311 0.0027527614 0.008354061 0.06311598 0.008029644 0.10051321 3.4511263e-06 0.022422398 6.611689e-05 0.00040962335 1.3650138e-23 0.08228746 0.15285587 0.023311557 1.1003634e-05 0.22294953 0.4280688 0.08745786 0.027655188 0.2956887 0.4690824 4.9832192e-06 0.06559691 0.512875 0.01053753 0.38214433 0.0729129 0.23249543 0.012682765 0.02813316 0.00011727218 0.0041489224 2.2957186e-06 1.2122412e-05 0.0035606958 0.031396613 9.06038e-07 0.00036770926 0.071487926 0.20805527 0.0020893977 0.22828524 0.07676255 0.19504493 0.15057838 0.0011977047 0.11734351 0.09924372 0.07888735 0.061660174 0.075840786 0.0710527 1.5644785e-06 0.0005711235 0.0014251112 1.5767307e-06 8.27071e-06 0.015652165 0.0055639273 2.528697e-05 0.026722219 0.007535603 0.004439528 0.0005426379 0.033270933 0.00026987074 0.0004412261 0.0070546605 0.019310903 3.398197e-05 0.0013882569 0.0002335677 1.1606337e-05 0.0030637854 6.577746e-05 0.012980179 0.00911267 0.008188093 0.0001187065 0.00513356 5.7823803e-05 0.00049581897 0.0061304937
0.015416447 0.05018157 0.06897973 0.04965934 0.07102635 0.04178777 0.022294631 0.021353321 0.008764981 0.002977593 0.013792663 0.031841975 0.033389144 0.0014029626 0.005605459 0.019495236 0.038563464 0.005269257 0.000113599075 0.2036994 0.0032081292 3.5999754e-05 0.34911722 2.4895528e-05 5.49964e-05 0.53073585 0.0019286737 0.044142723 0.08228746 1.9321313e-28 1.8073903e-05 1.4818372e-06 0.00011663364 0.6884294 0.4488658 0.6556566 0.5198393 0.00019151908 0.05231429 1.9851683e-05 4.201701e-06 0.016422033 0.37337396 0.08967608 0.40973875 0.028770361 2.5804354e-07 0.0032070356 0.0037341064 0.22396006 2.2542565e-06 1.5165411e-06 0.0931293 0.18001944 3.4077215e-07 0.00068264536 6.359833e-06 0.0020681578 0.0016179641 0.0013111616 0.0976068 0.010206967 0.003869881 0.01897263 0.019543175 0.0049088844 0.00044216926 0.019734731 0.011690119 0.00014942589 1.6188692e-07 0.0037002028 0.013646471 1.0728109e-07 1.3864463e-06 0.052999932 0.038222924 1.5699396e-06 2.2129787e-05 1.04076435e-07 0.011649125 0.0032218988 0.00026039715 0.00030499598 0.00035295964 1.3708506e-06 0.0010869342 3.4058844e-06 0.00095435994 0.00026387523 7.6527635e-07 0.00015528368 2.0506644e-05 1.8554596e-06 4.6934306e-07 2.2853937e-05 7.499773e-05 1.2995184e-05 1.9889298e-05 1.3184292e-05 1.0717142e-06
0.019888941 0.001027742 0.012549982 0.021372497 0.0019738714 8.116346e-05 0.003571882 0.00027417182 0.00010987857 1.5252044e-06 0.1746826 3.8667113e-06 1.0737742e-05 0.6244463 0.00065744633 0.15099593 0.048866954 0.00039329092 0.6815417 5.2256536e-07 0.00458917 0.6005134 5.1988986e-06 0.68344057 1.1343268e-06 2.9562449e-05 1.4166744e-06 3.7772475e-06 0.15285587 1.8073903e-05 3.901517e-24 0.24380754 1.3447232e-06 0.0017473429 0.003436091 0.00063944014 3.565052e-05 0.4424716 0.04426727 5.67805e-07 0.49550787 0.06729517 3.9031776e-05 0.013354222 0.00073665014 0.017176913 0.11799699 0.032999 1.7138287e-05 6.611342e-05 6.5250885e-07 1.389247e-06 0.0001655564 0.0013821367 1.5340746e-07 2.5340441e-05 0.14133379 0.0659725 3.8597186e-06 0.10494601 0.010577326 0.034973532 0.030823084 0.00056949514 0.020067433 0.01937605 0.036879685 0.012437915 0.014752793 0.096466556 6.221291e-07 0.00014395 0.0008236807 9.169052e-07 2.2265227e-05 0.0046407934 0.0030246738 4.8205693e-06 0.05737554 0.03166086 0.0022895979 0.0002187976 0.0036142964 5.226257e-05 4.979696e-07 0.009029682 0.006544237 2.5493928e-05 0.0009868022 0.0003059194 1.2272128e-05 0.0012949732 2.147058e-05 0.019702572 0.02454842 0.001769097 0.000101979414 0.0010676904 3.3325556e-05 0.00025221403 0.015450462
