3.187444e-27 5.0629914e-08 1.1153527e-08 0.000109236425 1.3413238e-08 0.0012073765 0.0011800247 0.014779033 1.2222453e-05 0.0057562925 0.00651651 6.1642753e-09 0.0029132757 0.08825733 8.489248e-06 0.0034452649 0.0030732523 0.19773926 0.03690114 5.320421e-08 0.027946286 0.00072812306 0.33166304 0.08364617 0.0104278885 4.9913544e-09 0.08657892 0.07865733 0.011476547 0.25341588 0.15284817 1.650054e-05 0.16795887 0.0010335223 0.47340646 0.003136272 0.36464953 0.42037693 0.027215188 0.5549326 0.16346526 0.6849971 0.7953708 0.415321 0.22262503 0.6178219 0.65784985 0.66374516 0.33847958 0.24489915 0.63995284 0.72268337 0.80974364 0.8490515 0.015314714 0.83645535 0.0003549643 0.87200034 0.6603275 0.88746405 0.8796888 0.9309689 0.9590838 0.1593765 0.99272364 0.007434392 0.6400047 0.13992725 0.93463796 0.6115215 0.9710559 0.32152385 0.9607763 0.91632414 0.86394894 0.99153924 0.9919359 0.98778 0.9946377 9.769894e-09 0.3697249 0.07333676 0.99827135 0.99923295 0.99574256 0.99558705 0.000528984 0.56888837 0.9809159 1.9169245e-12 0.12637874 0.13050027 0.99793106 0.30154476 0.9147698 0.9996046 0.9985895 0.007769832 0.98873615 4.7869125e-11 0.99936485
5.0629914e-08 3.4405946e-17 0.32657197 0.43533698 0.08623955 0.04463766 0.01592097 0.013367351 0.00013621908 0.006391442 0.0031188636 0.011170927 0.0011441724 0.007950513 0.00010245482 0.0012171426 0.00028205957 0.0029859336 0.0022914056 9.396679e-06 0.0006247622 9.373394e-05 0.00139556 0.0006880391 0.0002847754 4.7582074e-05 5.5712917e-05 0.00041305955 0.00032855247 0.00011131149 0.0006044838 0.00016892799 0.00044572586 0.00038074557 0.00027038236 0.00013607586 0.00051122945 0.00028180843 0.00026092865 7.4328425e-05 0.0006821941 0.00023692139 0.00039205584 0.00023490151 0.00016712528 0.00023051788 5.8259036e-05 0.00048269064 4.202048e-05 0.00040564823 0.00017859665 0.00025868634 4.227858e-05 0.00028258728 4.6733587e-07 0.0007715155 3.4843143e-07 0.00015664268 0.0002868302 8.5626176e-05 7.022712e-05 0.00013164485 0.00022071756 3.087014e-05 0.0001010397 4.3838027e-06 0.0001676049 8.901281e-06 0.00016058078 1.267939e-05 8.366339e-05 5.8712803e-06 3.655624e-05 7.659671e-05 0.00019114978 5.872482e-05 0.00011110627 0.00026665317 0.00011111221 3.769584e-05 0.000103304876 2.505543e-06 0.00025132057 0.0003413162 0.0003303027 0.00013587798 1.3586022e-06 2.4127015e-05 9.442317e-05 0.00048757743 1.6266646e-05 1.386689e-05 5.1703075e-05 2.59584e-07 7.186762e-05 0.00040335293 4.1869913e-05 1.4876335e-07 0.00014872044 3.216152e-05 0.00033151673
1.1153527e-08 0.32657197 7.87133e-18 0.0861518 0.007855013 0.008170464 0.0009060735 0.0006150477 5.4516786e-06 0.0036464687 0.002151663 0.38917613 0.002034804 0.0039688884 7.83594e-05 0.00024082525 6.847435e-05 0.000670294 0.029184107 0.0002669007 0.00021002727 8.274898e-06 0.00061410555 6.7990295e-05 3.2095304e-05 3.425924e-05 3.541166e-05 9.688311e-05 3.3018194e-05 5.6895627e-05 0.00013290226 0.00010879843 4.3285687e-05 4.1219595e-05 0.00018464024 1.591215e-05 3.4113735e-05 4.1260144e-05 5.2429354e-05 9.8909724e-05 1.341294e-05 4.4837507e-05 6.2143e-05 2.7334017e-05 0.00032975947 7.064254e-06 6.390506e-06 0.0014416865 0.00010844104 7.0325605e-06 5.2307278e-06 0.00028432222 1.040431e-05 8.862825e-06 3.2613157e-06 3.074574e-05 1.1424141e-07 5.59987e-05 0.0005603631 1.8296809e-05 1.5746173e-05 4.4291304e-05 5.4072396e-05 5.809968e-07 3.0550033e-05 2.6643693e-07 0.00016664987 7.767716e-08 0.00011853252 5.8961745e-05 2.1308451e-05 8.6425196e-08 2.5908985e-05 3.5430476e-05 2.9556217e-05 6.0397757e-05 0.0003374784 7.693927e-05 9.466607e-05 6.6973776e-06 5.99588e-06 9.734669e-08 0.00012115161 0.00016957962 0.00026147018 3.0351774e-05 1.3056862e-07 4.1037953e-07 1.1403481e-05 0.00044173677 1.1716676e-06 1.9202807e-06 1.5975023e-05 1.0135702e-08 4.117428e-06 0.00017927292 2.1818082e-06 2.3317384e-09 4.244646e-06 6.160823e-06 0.0001342587
0.000109236425 0.43533698 0.0861518 2.4500128e-19 0.011621927 0.4419536 0.14819859 0.1299465 3.5011457e-05 0.10826076 0.06553128 0.00038552145 0.017342659 0.21119475 2.2058653e-05 0.00040697106 8.7788074e-05 0.070739746 0.008184436 2.3819869e-06 0.004730305 2.6008829e-05 0.0878761 0.00022845299 7.159693e-05 6.346679e-06 0.00025802848 0.0002084451 0.0001548644 0.00049832143 0.009351355 3.579725e-05 0.003642147 0.000111852285 0.034484044 8.115905e-05 0.0043348568 0.0021797528 0.00026977964 0.009405928 0.00019620168 0.0020665617 0.0021148094 0.00020740328 0.005766996 1.5404828e-05 4.248601e-05 0.010532893 0.002050557 4.4588734e-05 2.1618493e-05 0.0039379364 7.892046e-05 2.0704923e-05 1.3317039e-05 0.00015157922 6.99037e-09 0.0007189014 0.0024044304 0.000134933 2.5271325e-05 0.0002547139 0.0004647352 6.816389e-07 0.00021889342 3.4816367e-07 0.0014119496 2.297715e-07 0.0016785429 0.00013096088 0.00029863336 2.7474044e-07 3.233895e-05 4.702934e-05 4.2562984e-05 7.282519e-05 0.0016718244 0.000563085 0.000101171514 3.9014353e-07 2.2312695e-05 1.7155409e-07 0.00012747888 0.0010804094 0.00040221727 0.00031469378 7.3929314e-08 1.703596e-06 1.958593e-05 0.000100689474 9.472821e-07 1.3531532e-06 2.4379638e-05 2.6334124e-08 1.6808689e-06 0.0004800498 2.901551e-06 7.1036084e-09 2.3844893e-06 4.7312616e-07 0.00018676578
1.3413238e-08 0.08623955 0.007855013 0.011621927 1.3455469e-19 0.01481935 0.052717417 0.013605713 0.11829679 2.146584e-06 2.6126875e-06 0.0012796244 1.2998165e-06 0.0004594611 0.1052204 0.0021452345 0.0035445518 0.00045784967 7.07384e-06 9.9450235e-06 0.0021948132 0.003780343 1.0410504e-05 0.00042173197 0.0002811607 0.24944362 0.0004785501 0.00034785806 0.00026283198 0.00021613577 0.00012341121 0.013423875 3.0525713e-05 0.001059665 7.953276e-05 4.2184016e-05 8.167168e-06 0.00035699047 0.00015817521 1.0330611e-05 5.7110035e-05 0.0006044149 6.940326e-05 4.7290825e-05 2.6736689e-06 4.22299e-05 1.4710986e-05 4.5611773e-06 4.7461367e-06 9.5728965e-06 3.7997743e-06 0.0010569893 3.741412e-05 1.4463535e-05 1.2803672e-07 6.175721e-05 7.2343744e-07 5.4103086e-05 0.0005490048 2.8920656e-05 3.764806e-05 2.2248736e-05 4.17204e-05 8.8227495e-08 0.00014916119 8.945631e-07 3.911506e-05 7.2049986e-08 6.7669374e-05 5.5843775e-05 0.0001100195 6.4056773e-09 9.967127e-06 5.6878025e-06 2.470354e-06 2.5838306e-06 2.6205269e-05 1.2390162e-05 2.8429154e-06 3.8489616e-05 9.4384774e-08 1.4850953e-08 3.5863627e-06 0.00013791512 3.1532554e-06 5.1733365e-05 1.6794539e-06 5.1802996e-08 2.8169125e-06 0.09929447 1.2660968e-08 4.4186543e-09 4.6277836e-07 4.1936263e-10 5.0288442e-08 0.00010581178 1.3838439e-06 1.325075e-08 5.106669e-06 0.00016590997 0.00023001632
0.0012073765 0.04463766 0.008170464 0.4419536 0.01481935 5.7030164e-19 0.72816694 0.58677584 0.00209868 0.034395244 0.02433988 0.0002075396 0.0030303472 0.41672203 0.00015634643 0.022312889 0.0040069176 0.17834505 0.0023307118 1.1855733e-05 0.06431204 0.0004918962 0.087776706 0.007417014 0.000639071 5.5287368e-05 0.012177121 0.0019106375 0.00116422 0.025105184 0.08656059 0.00019256136 0.038543105 0.0005633804 0.041087177 0.00013631835 0.04042516 0.028544458 0.0007975804 0.010484488 0.0009487639 0.023783445 0.02109226 0.008899397 0.0062196073 0.0038082167 0.0029489296 0.004042477 0.0026063505 0.0006267823 0.00081397675 0.0078107608 0.002690356 0.0004607489 4.2913463e-05 0.0036938533 6.159862e-07 0.0063372925 0.004474565 0.0019633207 0.0012825591 0.0017093574 0.003478113 3.1188993e-05 0.0051086377 3.1951201e-06 0.0020589882 1.35765085e-05 0.0012269063 0.0005630654 0.0035333403 6.614631e-06 0.00057810877 0.00015191917 0.00027068963 0.00075885194 0.001425438 0.0026077752 0.0008251852 8.338121e-08 5.5407716e-05 4.0016434e-06 0.0014713996 0.0050726896 0.0017678397 0.002149531 2.2621023e-06 1.4791186e-05 0.00065485283 0.0003440883 1.7570917e-05 2.1060563e-05 0.0007558952 5.6157745e-07 4.8161142e-05 0.0018283168 0.00027257786 6.24199e-07 0.00011110521 3.2553942e-07 0.000119904005
0.0011800247 0.01592097 0.0009060735 0.14819859 0.052717417 0.72816694 8.267252e-20 0.73426765 0.018545084 0.0022839636 0.0020109753 5.6895035e-05 0.00030842816 0.11262841 0.0013011275 0.08670487 0.028933903 0.07396417 0.000445921 4.711942e-06 0.11234336 0.004816354 0.018579507 0.032726318 0.005515461 0.00018607135 0.0329254 0.008626497 0.0064948075 0.051274337 0.10409923 0.0005420416 0.038961582 0.0014117188 0.014311147 0.0011446379 0.029158503 0.044118587 0.001991665 0.003261387 0.0034685056 0.03985706 0.02487175 0.022219608 0.0008663522 0.017609308 0.008177883 0.00075202686 0.0005253071 0.0007703862 0.005090854 0.003014191 0.010824953 0.0031058674 4.302318e-06 0.007971402 2.8062836e-06 0.009888752 0.001534895 0.0040189037 0.0037336277 0.0032180836 0.0047702417 7.8437086e-05 0.0051661483 3.2524185e-05 0.0012477215 3.6819212e-05 0.00043417845 0.00026496057 0.0010125289 2.4112525e-05 0.0011785108 0.0003683737 0.0003269512 0.0011273526 0.0010274407 0.0016977023 0.0016253054 9.253621e-07 0.00010094735 2.8705912e-05 0.0030866181 0.0046882215 0.002468952 0.0034450549 6.9855632e-06 2.4679888e-05 0.00030197497 0.00026195988 2.0575913e-05 2.9072e-05 0.0007602669 3.6424158e-06 0.00016207098 0.0020551987 0.00024701166 2.6763296e-06 0.00025491827 3.8131916e-06 0.00015196453
0.014779033 0.013367351 0.0006150477 0.1299465 0.013605713 0.58677584 0.73426765 2.8508612e-18 0.04057669 0.007911325 0.0045360313 0.00019682483 0.00031271 0.3259999 0.0050654775 0.24400811 0.11289676 0.22918813 0.0012820901 1.2269156e-05 0.3784184 0.011381716 0.09210395 0.20736223 0.0100245485 0.00031395457 0.16775115 0.033738792 0.012697396 0.20701563 0.34542313 0.0019270302 0.16334638 0.0031905528 0.05483676 0.0033331518 0.11923944 0.15380353 0.009214193 0.011055491 0.024340872 0.15550283 0.07849688 0.14668934 0.006209902 0.13575347 0.039134916 0.0033568987 0.003924702 0.009458401 0.04040191 0.015647644 0.045166355 0.019345252 3.0148276e-05 0.028280757 1.3276892e-05 0.031399883 0.008829216 0.015755676 0.01901721 0.013296826 0.014852131 0.00044272706 0.013074326 0.00014669148 0.0044526346 4.9449885e-05 0.0016002874 0.0019166839 0.0036516627 8.637259e-05 0.00518781 0.0035521404 0.002484111 0.004410116 0.0051916535 0.004643268 0.00408041 4.0943805e-06 0.0011833238 4.532245e-05 0.0058608814 0.014964528 0.0075284382 0.012166505 0.0001102837 9.3248025e-05 0.0016652906 0.00043826972 0.00027892823 0.0003902264 0.003018454 1.6034443e-05 0.00039650087 0.016697744 0.0006982026 1.1072721e-05 0.0006106663 5.6091617e-06 0.0005905488
1.2222453e-05 0.00013621908 5.4516786e-06 3.5011457e-05 0.11829679 0.00209868 0.018545084 0.04057669 9.605951e-22 4.1101404e-05 4.725796e-05 6.3005505e-06 4.2298643e-06 0.00092990097 0.38342664 0.075471826 0.2952611 0.0020214005 4.838546e-06 3.9392507e-08 0.06509371 0.114499666 0.00013345716 0.07678382 0.06777114 0.00203387 0.037957873 0.05126451 0.026112825 0.02023689 0.0072511877 0.005269152 0.0022969968 0.0057528955 0.00016470582 0.004587658 0.00083848904 0.013952825 0.011464099 3.853968e-05 0.0093064485 0.016838226 0.0009276467 0.014136939 5.0612856e-05 0.026979895 0.007001183 1.1093755e-05 6.629235e-05 0.002251788 0.0017036451 0.00048379856 0.0049300855 0.00087380025 5.953951e-07 0.0011415104 8.341009e-06 0.0023060164 0.0013292483 0.002029102 0.0013363215 0.0015930234 0.0009110896 4.3035594e-05 0.0003090356 8.900351e-05 0.0004277287 6.0081442e-05 7.1200026e-05 8.745675e-05 0.00018887832 5.6984113e-06 0.0002720774 0.00016397814 0.0001844069 0.00043546563 0.0005339809 0.00035508937 0.00072653056 8.211888e-08 1.5913165e-05 6.8175755e-06 0.0011570994 0.00067006616 0.0010166925 0.0006576376 5.7332654e-06 6.218251e-06 0.00017884602 1.5912196e-05 2.4805292e-06 2.8461382e-06 0.00023474946 4.0036764e-07 8.651253e-06 0.00069927244 0.00011531408 2.9750666e-07 8.789121e-05 3.7955166e-07 0.00043903946
0.0057562925 0.006391442 0.0036464687 0.10826076 2.146584e-06 0.034395244 0.0022839636 0.007911325 4.1101404e-05 3.3701186e-20 0.66802645 0.00010960511 0.33575872 0.27397168 4.2734988e-05 4.6587982e-05 2.3262613e-05 0.10289073 0.22781062 5.2257615e-06 0.0002164433 0.00026674598 0.47810116 3.699894e-05 0.00012898882 1.89393e-05 9.51073e-05 6.391758e-05 0.00023362873 0.00022255961 0.0013715327 0.00016067454 0.001802954 0.0001110155 0.10517193 3.6878813e-05 0.005070523 0.00092158007 0.00023908766 0.060155522 0.000114404465 0.0013671423 0.0050071715 0.00025018636 0.14109755 0.00015559155 0.00018440989 0.16385604 0.056496497 0.0001173044 0.00015615957 0.055206053 0.00041332966 0.00026663204 0.00015280246 0.0008853773 1.103023e-08 0.00096273894 0.07845232 0.0005612078 0.00024973534 0.0003886511 0.00060984044 1.2002659e-05 0.001621247 4.0834126e-07 0.030673975 4.802721e-07 0.04543455 0.0008429107 0.033956178 2.5464562e-06 9.426005e-05 6.075153e-05 4.878549e-05 9.412414e-05 0.0064993463 0.0057274215 5.6258414e-05 5.357672e-08 9.160412e-06 1.0338317e-07 7.213569e-05 0.0027407394 0.00013820267 0.00050275907 2.0009611e-07 2.70449e-07 1.1281272e-05 3.4933425e-06 9.575447e-07 1.1567247e-06 2.8550742e-06 1.8538056e-08 9.3294534e-07 0.00031302447 1.661996e-06 2.3788768e-08 6.759771e-07 7.1990925e-08 0.0039400402
0.00651651 0.0031188636 0.002151663 0.06553128 2.6126875e-06 0.02433988 0.0020109753 0.0045360313 4.725796e-05 0.66802645 1.8459191e-20 0.00012915881 0.39602745 0.28661823 5.1383227e-05 6.730663e-05 2.4044006e-05 0.12164051 0.30019325 3.2303824e-06 0.0002600961 0.00013517823 0.5485714 1.0541922e-05 6.512164e-05 4.237831e-06 0.00010582137 2.8046663e-05 5.0985695e-05 0.0001461094 0.0010731313 4.2705287e-05 0.0016546565 1.792607e-05 0.14832254 8.682678e-06 0.004592276 0.0007483195 8.862423e-05 0.092503846 3.7982365e-05 0.00087313505 0.0047137938 0.00011530517 0.18298624 7.65556e-05 7.26677e-05 0.23427008 0.08634341 7.0006456e-05 4.597431e-05 0.056475893 0.00013377484 9.578553e-05 0.0004282156 0.00036490185 2.882494e-09 0.00067879504 0.07381972 0.0003927218 0.00012823475 0.000253377 0.00045347743 5.7721295e-06 0.0013930221 1.327241e-07 0.044561524 2.4828805e-07 0.063524246 0.0016553199 0.025417915 1.538908e-06 7.251526e-05 4.809436e-05 2.3008222e-05 6.873075e-05 0.009073183 0.007860025 6.133625e-05 7.389167e-08 3.5634625e-06 2.4245793e-08 4.3287873e-05 0.0013813073 7.767972e-05 0.00018573026 1.7653805e-07 1.3514013e-07 6.5623417e-06 5.200069e-06 1.986577e-07 2.3440079e-07 2.0769007e-06 2.5125597e-09 1.7888924e-07 0.0001135604 5.35174e-07 4.9975744e-09 1.14823706e-07 6.587058e-08 0.00373338
6.1642753e-09 0.011170927 0.38917613 0.00038552145 0.0012796244 0.0002075396 5.6895035e-05 0.00019682483 6.3005505e-06 0.00010960511 0.00012915881 3.655635e-20 0.0011706882 6.956979e-05 1.7578259e-05 2.7784703e-05 1.1971746e-05 9.18097e-05 0.05232069 0.47731647 2.7465898e-05 5.5097325e-06 6.40423e-05 4.1111798e-05 3.7311554e-06 7.380227e-05 1.4577683e-05 5.150863e-05 1.4995813e-05 1.5055726e-05 2.2462767e-05 0.00032556444 2.90834e-05 2.4004803e-05 8.289697e-05 6.6479774e-06 0.00016138695 3.0043886e-05 1.000523e-05 9.414829e-05 8.9842324e-05 0.0001243783 0.00048052685 1.5445e-05 8.3040904e-05 1.20627665e-05 1.4396106e-05 0.00032886284 1.2767713e-05 5.532946e-05 9.184573e-06 0.0003524951 0.00013060268 7.748985e-05 0.0018932457 0.00043212663 2.308484e-07 0.00036560444 0.00025584546 0.00013208436 0.00011971661 0.00040545966 0.0011669312 2.8930988e-06 0.00028165904 2.0148516e-07 7.84855e-05 9.078224e-07 0.00020337156 3.837905e-06 3.2375054e-05 2.850343e-06 9.409345e-05 0.00013727791 0.00020453 0.00018797067 3.597916e-05 6.808035e-05 0.00023526044 9.4472165e-07 6.8345666e-06 7.485486e-08 0.00028345152 0.00018612479 0.00012860105 0.00011945364 1.6106841e-09 4.9253363e-06 0.00014354984 6.631274e-06 1.0799117e-06 7.9055286e-07 2.5070405e-05 7.615563e-10 2.199104e-05 0.0001483138 5.717627e-06 9.427459e-13 1.079906e-05 5.4098052e-08 5.039299e-05
0.0029132757 0.0011441724 0.002034804 0.017342659 1.2998165e-06 0.0030303472 0.00030842816 0.00031271 4.2298643e-06 0.33575872 0.39602745 0.0011706882 3.1982224e-20 0.07574772 3.8173393e-06 8.893475e-06 9.363458e-07 0.020609625 0.7324975 5.435655e-05 2.113533e-05 5.845789e-07 0.281496 1.9490024e-07 9.0463936e-07 7.18754e-08 5.88401e-06 4.7307017e-07 4.8284164e-07 1.3550031e-05 0.00020448418 4.1162872e-07 0.0002055933 1.3682116e-07 0.041667845 4.2611894e-08 0.00073607074 0.00012008184 7.23893e-07 0.029329956 1.0225257e-06 5.471333e-05 0.0006791807 1.7557682e-05 0.14565751 1.324878e-06 2.1093515e-06 0.4089156 0.0599254 9.402401e-07 1.7384809e-06 0.009438893 8.232065e-06 8.058023e-07 0.0018663581 1.4418082e-06 1.1936115e-10 5.519033e-05 0.01639156 1.2591425e-05 5.8139067e-06 1.6131362e-05 2.4353958e-05 1.1899262e-07 0.00020812413 1.7634632e-08 0.016494833 8.176141e-09 0.02094523 0.0024423401 0.00436152 1.8733195e-08 5.0648614e-06 4.135329e-06 7.554883e-07 5.8467176e-06 0.021843497 0.0015250447 3.3041895e-06 3.6721147e-08 1.324069e-07 2.719213e-09 1.3834996e-06 0.00010111297 1.3484603e-06 6.44016e-06 2.3969262e-08 3.4574692e-09 2.5543963e-07 2.8851937e-06 1.4376394e-08 2.4362937e-08 1.3815897e-07 1.8504336e-10 5.030389e-08 1.5759506e-06 1.21067165e-08 2.2622701e-10 6.150092e-08 1.379972e-08 0.0014107088
0.08825733 0.007950513 0.0039688884 0.21119475 0.0004594611 0.41672203 0.11262841 0.3259999 0.00092990097 0.27397168 0.28661823 6.956979e-05 0.07574772 3.691682e-18 9.2516624e-05 0.004648727 0.0013450363 0.9007495 0.023322381 8.110813e-05 0.011154002 0.00061429205 0.6967551 0.0039108275 0.0006402624 0.0001836349 0.0048122923 0.0014147134 0.001931408 0.016330475 0.083011106 0.000466394 0.08211206 0.00071425753 0.2963123 0.0001805842 0.1290525 0.035592843 0.00103538 0.1476103 0.00032706128 0.036601745 0.12867709 0.0097656995 0.066647165 0.0019565197 0.0067196963 0.06741259 0.040000513 0.000244098 0.0016418227 0.123815104 0.011185767 0.0005118354 0.00032844688 0.0052522523 1.2182164e-07 0.03404695 0.101454236 0.008266102 0.0057517267 0.008955593 0.015422189 4.8347058e-05 0.039381523 4.5750353e-06 0.03288026 2.4147191e-06 0.054923918 0.0013207156 0.07206582 9.353031e-06 0.0010990269 0.000351121 0.0003452407 0.0012552041 0.0075338827 0.021111188 0.0017947641 5.714011e-07 7.950152e-05 5.7777906e-06 0.0023309607 0.026357237 0.003257365 0.01117913 4.281533e-06 8.832146e-06 0.00025631386 0.00018757509 3.3213368e-05 5.3280146e-05 0.00062031095 2.9797036e-07 3.3066408e-05 0.0108046355 0.00018176294 1.1692454e-06 7.085883e-05 7.8230516e-07 0.008433895
8.489248e-06 0.00010245482 7.83594e-05 2.2058653e-05 0.1052204 0.00015634643 0.0013011275 0.0050654775 0.38342664 4.2734988e-05 5.1383227e-05 1.7578259e-05 3.8173393e-06 9.2516624e-05 5.1811967e-20 0.022499558 0.1204757 0.00037646355 3.1713898e-06 3.230729e-07 0.019461915 0.2845793 0.00028754945 0.0467551 0.08180275 0.01772905 0.013622616 0.044433005 0.041972794 0.007567172 0.0017308713 0.09577572 0.00020969364 0.05050626 7.98426e-05 0.014030651 0.00018193254 0.0025515275 0.014747222 1.0963285e-05 0.007629497 0.006980429 0.0007370376 0.006718024 2.4919493e-05 0.017691039 0.002901871 1.0390091e-05 2.2361155e-05 0.0020381426 0.002763007 0.0007993391 0.0023447627 0.0032385942 2.2972627e-06 0.0034161108 0.0001906855 0.0007368381 0.0021134939 0.0029960654 0.0026453906 0.0014261525 0.0009125653 0.00014435114 0.0003276429 0.00049593387 0.00062920875 0.0002848308 0.00014114798 3.2818905e-05 0.00021032331 2.7294995e-05 0.00065023993 0.00030179185 0.0003718837 0.0006587294 5.080751e-05 0.000750104 0.0012290956 3.203106e-05 0.00010038113 0.00010309239 0.0023490489 0.0010145742 0.0023735606 0.00091294135 4.76486e-05 4.2736378e-05 0.0002154922 0.00026706976 3.1799136e-05 3.574601e-05 0.0005114997 5.4387638e-06 0.00019170402 0.0014666748 0.00035867083 2.478063e-06 0.0006382564 4.917126e-05 0.0001570383
0.0034452649 0.0012171426 0.00024082525 0.00040697106 0.0021452345 0.022312889 0.08670487 0.24400811 0.075471826 4.6587982e-05 6.730663e-05 2.7784703e-05 8.893475e-06 0.004648727 0.022499558 1.9388518e-19 0.7268992 0.010574224 2.2809889e-05 7.117762e-07 0.6718195 0.03768181 0.0017021039 0.5988407 0.07070652 0.0005479174 0.5132959 0.23296595 0.06106753 0.30511883 0.102347225 0.0021918106 0.03128315 0.0062237456 0.0021735274 0.0063709547 0.019015579 0.06256709 0.015140673 0.0010186175 0.056908365 0.084845185 0.016063426 0.17838801 0.0004895077 0.24216954 0.07425324 0.00018178356 0.0005042763 0.01868947 0.082683764 0.0023616143 0.042940695 0.03529879 2.7532076e-06 0.049291454 8.612768e-06 0.016373757 0.001461745 0.026689544 0.0394296 0.016965961 0.012929746 0.0009089633 0.0042847893 0.00029383923 0.0006943788 0.0002702192 0.00033451093 0.00089538255 0.0006355989 0.00048782933 0.005687209 0.003007116 0.0024564231 0.005077208 0.0010303275 0.0013291754 0.005141021 8.6586937e-07 0.00050083036 8.953475e-05 0.005541435 0.0024649922 0.0052505047 0.0047232737 5.703275e-05 3.9177892e-05 0.0017504235 0.0003209624 0.00014524847 0.00014530416 0.002199807 1.0272001e-05 0.00054334296 0.0042433413 0.0012625725 3.946881e-06 0.0004316332 7.825213e-06 0.0005798522
0.0030732523 0.00028205957 6.847435e-05 8.7788074e-05 0.0035445518 0.0040069176 0.028933903 0.11289676 0.2952611 2.3262613e-05 2.4044006e-05 1.1971746e-05 9.363458e-07 0.0013450363 0.1204757 0.7268992 3.900783e-19 0.004379449 5.1443703e-06 1.5724203e-07 0.28840643 0.18951923 0.0005677612 0.6816965 0.34086382 0.0029333192 0.27936086 0.52785134 0.2570163 0.14016165 0.03996808 0.0082727345 0.010566312 0.0238305 0.00087980693 0.031181231 0.004217382 0.036154628 0.049619954 0.0003912241 0.17139775 0.058662582 0.0051129973 0.112131074 0.00016349035 0.2631102 0.046768606 4.4142238e-05 0.00035535428 0.029611882 0.085837625 0.0010037425 0.02856589 0.063356 1.4664028e-06 0.04482708 1.3598616e-05 0.010658089 0.0018960265 0.02383539 0.03295223 0.011434313 0.009463761 0.0023808812 0.0016430062 0.0004275827 0.00049271266 0.0006398226 0.0003026574 0.00042505164 0.00038058564 0.00096133834 0.006302645 0.004063004 0.0038341922 0.005903751 0.0005377462 0.0009969029 0.0054900427 6.29519e-07 0.0016043421 0.00011738363 0.0065559517 0.0019110977 0.0052480013 0.0033121102 0.000102492944 0.00013535186 0.0020654604 0.0001583867 0.00022453911 0.0002872559 0.004514393 3.1987547e-06 0.0007303374 0.0041954233 0.0017616329 1.1669883e-06 0.00072316406 8.598619e-06 0.0002252007
0.19773926 0.0029859336 0.000670294 0.070739746 0.00045784967 0.17834505 0.07396417 0.22918813 0.0020214005 0.10289073 0.12164051 9.18097e-05 0.020609625 0.9007495 0.00037646355 0.010574224 0.004379449 5.888008e-17 0.007903657 5.805781e-05 0.03494361 0.0026891604 0.6544715 0.010554945 0.0020686677 0.00055569777 0.013553637 0.0037315846 0.0041961777 0.038254377 0.36380425 0.0010397566 0.3104545 0.0017518622 0.36434507 0.0013092161 0.34950998 0.09230873 0.0033703698 0.17375588 0.0014927739 0.07786541 0.23240764 0.026046518 0.061444048 0.0074510863 0.013439048 0.04616381 0.04197075 0.002303901 0.0039404123 0.1245368 0.030024579 0.0023447392 0.00036644307 0.009495008 2.629513e-06 0.08583437 0.089861244 0.014852174 0.012419212 0.0175163 0.023022607 0.00022949853 0.057053402 2.4588877e-05 0.03006763 1.5313411e-05 0.050102144 0.0016340795 0.07823011 6.144309e-05 0.00394157 0.0010972753 0.00066887925 0.0041439557 0.010894774 0.030389167 0.0049836496 8.692811e-06 0.0005869867 2.9671814e-05 0.004674293 0.057520594 0.0068964367 0.025545234 1.21510475e-05 4.779127e-05 0.00030922514 0.00022853863 0.00018854483 0.0002499567 0.0007799677 4.8397133e-06 0.00024254607 0.013624657 0.00025158701 5.503955e-06 0.00019220909 5.8077885e-06 0.016563954
0.03690114 0.0022914056 0.029184107 0.008184436 7.07384e-06 0.0023307118 0.000445921 0.0012820901 4.838546e-06 0.22781062 0.30019325 0.05232069 0.7324975 0.023322381 3.1713898e-06 2.2809889e-05 5.1443703e-06 0.007903657 1.768472e-19 0.038925324 7.441722e-05 1.0209417e-07 0.07093875 2.9257837e-06 1.2338544e-06 9.738267e-09 7.315377e-06 3.9233278e-06 1.1204978e-06 2.0038198e-05 0.0003217537 1.9135385e-08 0.00016712066 2.222849e-08 0.0088245645 2.0685036e-08 0.0003972832 8.1515165e-05 7.1291e-07 0.0043759127 1.4387341e-06 4.0981562e-05 0.00020987829 2.2233677e-05 0.121915065 1.3697148e-06 2.8378122e-06 0.80784714 0.04513291 1.0521939e-06 2.3373034e-06 0.0018214365 1.2868908e-05 5.741629e-07 0.07112195 1.925296e-06 5.6807736e-11 9.3645125e-05 0.004859585 2.338396e-06 7.6730214e-07 1.9495641e-05 3.608321e-05 2.1078043e-07 0.00036769386 7.574412e-09 0.0055969018 1.6760808e-08 0.01198476 0.056273755 0.0029026195 1.8562293e-08 1.7052378e-06 8.814496e-07 7.673939e-08 1.2842762e-06 0.2797384 0.0015120145 8.297938e-07 3.9847556e-09 2.0900913e-07 3.8081454e-09 3.8635028e-07 0.00022091571 3.1647153e-06 3.2904023e-05 9.830166e-11 2.6521436e-08 1.4385728e-07 1.3020429e-05 9.4843635e-09 3.365707e-08 5.8854294e-08 2.5395672e-11 1.0459518e-08 6.682812e-06 1.1324157e-08 2.0639753e-12 8.542348e-09 1.8746187e-10 0.0019095392
5.320421e-08 9.396679e-06 0.0002669007 2.3819869e-06 9.9450235e-06 1.1855733e-05 4.711942e-06 1.2269156e-05 3.9392507e-08 5.2257615e-06 3.2303824e-06 0.47731647 5.435655e-05 8.110813e-05 3.230729e-07 7.117762e-07 1.5724203e-07 5.805781e-05 0.038925324 6.223389e-17 2.780771e-07 1.9474536e-08 6.5662725e-06 1.463053e-06 3.455625e-08 8.5244693e-07 1.2407484e-07 3.9147338e-07 1.2219888e-07 4.658163e-07 3.9904643e-07 6.705216e-07 7.5107306e-07 1.0424511e-07 2.004876e-06 7.619417e-09 1.4098681e-06 2.3743993e-07 1.2361103e-07 2.9082828e-06 3.1570752e-07 2.846533e-07 7.102881e-06 1.6683583e-07 5.318666e-06 4.8944415e-08 4.4960885e-08 0.0008598689 1.1836249e-06 5.496955e-07 5.512749e-08 1.2238252e-06 3.2476638e-07 2.863608e-07 0.08606299 1.171806e-06 1.2525778e-09 2.525245e-06 1.1709549e-06 3.3784372e-07 2.6692678e-07 5.4479494e-07 1.0401815e-06 1.3850798e-08 2.5213874e-06 2.455363e-09 8.048876e-07 7.069759e-10 4.8508173e-06 0.0004520342 4.3773042e-07 2.475409e-09 1.7056631e-07 2.287919e-07 7.7718944e-08 5.578774e-08 0.0009311944 1.2978506e-06 8.5656346e-08 2.47928e-08 8.139421e-09 2.70921e-10 1.9281199e-08 3.1514833e-07 2.843127e-08 5.6062386e-09 1.11971515e-13 8.0375075e-09 1.2461017e-08 1.8034129e-07 3.0754108e-10 2.9206068e-10 7.002247e-09 5.960941e-12 1.4489833e-09 2.6225253e-08 3.2194472e-09 2.511583e-16 4.5984523e-09 2.4487285e-11 5.5007786e-05
0.027946286 0.0006247622 0.00021002727 0.004730305 0.0021948132 0.06431204 0.11234336 0.3784184 0.06509371 0.0002164433 0.0002600961 2.7465898e-05 2.113533e-05 0.011154002 0.019461915 0.6718195 0.28840643 0.03494361 7.441722e-05 2.780771e-07 9.003691e-17 0.030549424 0.004296701 0.4461244 0.03595222 0.00039124035 0.83693725 0.09962049 0.027285272 0.48526493 0.29894155 0.0011466122 0.117347114 0.004600541 0.0064225737 0.004242694 0.093015224 0.18141492 0.00946437 0.0037724022 0.02173069 0.23053345 0.08343556 0.26891634 0.000978881 0.3140007 0.14176592 0.0008384346 0.0010392098 0.01279771 0.12639415 0.0077731633 0.12490256 0.04203004 1.0629868e-06 0.085094325 8.168267e-06 0.07330985 0.0024731818 0.08449941 0.117951676 0.048233185 0.046401277 0.0007210179 0.027452098 0.00013273911 0.0014257508 6.034358e-05 0.0010385886 0.00026242397 0.001434212 0.0003300338 0.011537244 0.0060999403 0.005134813 0.010500799 0.0013825875 0.0033268926 0.013071358 6.180461e-06 0.0011471006 3.8735267e-05 0.015113249 0.013847895 0.014117424 0.01970411 5.568481e-05 4.806836e-05 0.0034073598 0.00082822226 0.0004996296 0.00056178245 0.0064090756 1.9713138e-06 0.00089232443 0.016732296 0.0024254448 2.3677185e-06 0.0009427745 4.1760963e-05 0.0012423287
0.00072812306 9.373394e-05 8.274898e-06 2.6008829e-05 0.003780343 0.0004918962 0.004816354 0.011381716 0.114499666 0.00026674598 0.00013517823 5.5097325e-06 5.845789e-07 0.00061429205 0.2845793 0.03768181 0.18951923 0.0026891604 1.0209417e-07 1.9474536e-08 0.030549424 8.470377e-20 0.00039260383 0.21920401 0.50498915 0.016028421 0.031590395 0.2978813 0.4071723 0.01705259 0.0019677687 0.110939175 0.0010646913 0.29344314 0.0011068098 0.23598199 0.0006547139 0.002595729 0.21889634 2.1679543e-05 0.09598171 0.0054993206 0.00069410563 0.021193255 0.00025676357 0.08553853 0.009767163 1.318045e-06 0.00010775733 0.035896704 0.027007533 0.00074579247 0.0023602734 0.045183137 7.8830254e-07 0.01113982 0.0028818925 0.001182189 0.0031508282 0.0036038505 0.0033661905 0.0017040658 0.001442495 0.010544516 0.00035546854 0.006129701 0.00092792674 0.0040491037 0.00011103043 3.0815692e-05 0.00044173008 0.002657323 0.0025202758 0.0015136832 0.002855178 0.0022159503 5.506137e-05 0.0011913809 0.002128189 1.1040613e-05 0.0010602447 0.0005060147 0.0018391268 0.000426691 0.0012327748 0.00085181236 0.00017143595 0.00044725515 0.0017118719 4.9257666e-05 0.00019422514 0.00025701663 0.0011788639 6.872086e-05 0.0004573904 0.0012596387 0.0009707114 3.1186668e-05 0.0015308273 1.448692e-05 4.503412e-05
0.33166304 0.00139556 0.00061410555 0.0878761 1.0410504e-05 0.087776706 0.018579507 0.09210395 0.00013345716 0.47810116 0.5485714 6.40423e-05 0.281496 0.6967551 0.00028754945 0.0017021039 0.0005677612 0.6544715 0.07093875 6.5662725e-06 0.004296701 0.00039260383 5.175651e-18 0.0006998533 0.000858648 6.2042214e-05 0.0038455238 0.0008715814 0.00126817 0.012940153 0.031090824 4.6350408e-05 0.043874085 7.638669e-05 0.79908264 3.4014753e-05 0.123267025 0.012688306 0.00051975355 0.7053873 0.00033874935 0.009138913 0.11979915 0.0024237356 0.39016712 0.0002729014 0.0009916804 0.27419373 0.25110394 0.00021369962 0.0001759368 0.24519122 0.0019138145 5.3703458e-05 0.00084291754 0.0005741747 1.284463e-07 0.008552046 0.2552728 0.0011359047 0.0007116286 0.0026497336 0.0039468035 2.4387078e-05 0.010954978 1.9932827e-06 0.13827595 1.2157509e-06 0.19808307 0.004827809 0.16114573 2.501694e-06 0.00032890047 0.00010596245 2.4421199e-05 0.00024443926 0.018770933 0.053207736 0.00031543264 2.0419623e-07 2.9121813e-05 4.6487196e-07 0.00036414227 0.018054971 0.00079050916 0.0031637878 2.0375012e-06 2.66987e-06 5.505171e-05 4.0707877e-05 5.46562e-06 8.342505e-06 0.00011920873 2.3275094e-08 3.712535e-06 0.0024711203 2.283592e-05 1.15941226e-07 5.4258844e-06 8.4039826e-08 0.034907658
0.08364617 0.0006880391 6.7990295e-05 0.00022845299 0.00042173197 0.007417014 0.032726318 0.20736223 0.07678382 3.699894e-05 1.0541922e-05 4.1111798e-05 1.9490024e-07 0.0039108275 0.0467551 0.5988407 0.6816965 0.010554945 2.9257837e-06 1.463053e-06 0.4461244 0.21920401 0.0006998533 2.1537064e-20 0.47393495 0.0017952366 0.43493783 0.70417 0.38553938 0.34909657 0.121163025 0.01658924 0.027476067 0.050759275 0.001452896 0.10099483 0.010553204 0.070892565 0.24672501 0.00018597645 0.588392 0.1060398 0.003551944 0.32932878 0.00030503 0.5566955 0.17382777 5.5247783e-05 0.00027486455 0.38527146 0.45394424 0.0009716505 0.08408869 0.45243227 4.254762e-06 0.25373515 0.00013534553 0.021984668 0.0013622298 0.048306253 0.12021849 0.017829597 0.009620474 0.026883863 0.0025282595 0.0016692808 0.00088805245 0.0041452185 0.0006893212 0.0008786305 0.00016956539 0.010712812 0.015327118 0.021073457 0.027225278 0.012646176 0.00038234075 0.0005943799 0.0097238105 1.6520781e-06 0.014717344 0.00039022136 0.007710367 0.0015178688 0.006242875 0.0049711084 0.00040515795 0.0036511784 0.0068492647 9.267027e-05 0.002989658 0.0031354674 0.0039004372 0.0001191001 0.0038982078 0.0046598036 0.0039518657 2.6018948e-05 0.0036642055 8.68214e-06 0.00018409238
0.0104278885 0.0002847754 3.2095304e-05 7.159693e-05 0.0002811607 0.000639071 0.005515461 0.0100245485 0.06777114 0.00012898882 6.512164e-05 3.7311554e-06 9.0463936e-07 0.0006402624 0.08180275 0.07070652 0.34086382 0.0020686677 1.2338544e-06 3.455625e-08 0.03595222 0.50498915 0.000858648 0.47393495 5.960155e-20 0.0029094648 0.043576058 0.567106 0.66512537 0.034332633 0.0040540476 0.050982736 0.0016310365 0.2005939 0.00046412623 0.32340395 0.00054857123 0.0076569472 0.39456627 5.4744854e-05 0.3262638 0.015556301 0.0010767789 0.054383174 0.00015197553 0.221166 0.03619053 1.8095418e-06 0.00012930117 0.17837629 0.108528085 0.0011218928 0.011710404 0.16156775 5.8562733e-07 0.049476817 0.0027770384 0.002874332 0.0024889747 0.012017722 0.014812277 0.004633912 0.0036599939 0.027977465 0.00070985674 0.010588114 0.0003673437 0.0112014385 8.423671e-05 0.00011000545 0.00040631954 0.011155294 0.006551655 0.0066172243 0.011253932 0.0063842866 0.000110022345 0.0006006569 0.006360173 4.4451235e-06 0.005583195 0.002202688 0.0041546375 0.0007990731 0.002286907 0.0016366671 0.0005204733 0.0027158407 0.005623624 4.551742e-05 0.0012051844 0.0012756925 0.00486854 0.00044449035 0.002072799 0.0019825373 0.0046788687 9.172638e-05 0.0041799434 6.410997e-06 1.6958844e-05
4.9913544e-09 4.7582074e-05 3.425924e-05 6.346679e-06 0.24944362 5.5287368e-05 0.00018607135 0.00031395457 0.00203387 1.89393e-05 4.237831e-06 7.380227e-05 7.18754e-08 0.0001836349 0.01772905 0.0005479174 0.0029333192 0.00055569777 9.738267e-09 8.5244693e-07 0.00039124035 0.016028421 6.2042214e-05 0.0017952366 0.0029094648 1.5549892e-20 0.00019645652 0.0019336019 0.0018025663 7.278298e-05 4.4080654e-05 0.22581093 6.5281514e-05 0.01371194 0.00014472552 0.00096139987 5.1961306e-05 9.053005e-05 0.00039953252 5.877984e-05 0.0007088366 0.00028603507 0.00010121513 6.274907e-05 9.793189e-05 0.00023307437 8.746317e-05 6.341984e-06 5.069575e-05 0.00025850898 6.006265e-05 0.0022303718 9.429593e-05 0.000120345976 3.4234986e-08 0.00021895835 0.00022525204 0.00017059976 0.002878227 9.29778e-05 3.532508e-05 0.0004728499 0.0006800579 6.0121223e-05 3.0386847e-05 0.00015425976 0.0007862466 6.283531e-05 0.0002207849 1.6761098e-06 0.0024244802 2.4134359e-05 0.00028361756 0.000120077486 0.00012173961 0.00036136602 2.854584e-06 0.0023238137 0.0008082838 0.0024583403 3.0463943e-05 9.954075e-06 0.0015223098 0.0030681568 0.0042490046 0.013343902 4.134361e-05 6.543075e-06 0.00011991041 0.086339496 4.4402177e-06 4.409236e-06 0.00017986132 8.810873e-07 2.0494992e-05 0.010454874 4.4522705e-05 4.0982477e-06 0.00014094527 0.0017317967 1.7843193e-05
0.08657892 5.5712917e-05 3.541166e-05 0.00025802848 0.0004785501 0.012177121 0.0329254 0.16775115 0.037957873 9.51073e-05 0.00010582137 1.4577683e-05 5.88401e-06 0.0048122923 0.013622616 0.5132959 0.27936086 0.013553637 7.315377e-06 1.2407484e-07 0.83693725 0.031590395 0.0038455238 0.43493783 0.043576058 0.00019645652 1.9631147e-18 0.09930249 0.025329934 0.74830717 0.29424453 0.00034680634 0.094530135 0.0026401898 0.0025841005 0.0046282187 0.057726298 0.21142909 0.010078498 0.002187732 0.0327951 0.37843212 0.0659901 0.46568814 0.00048237864 0.5405198 0.2493618 0.0004151736 0.0007306422 0.027781209 0.27822378 0.0049683996 0.22241956 0.14776582 5.9454453e-07 0.18937449 7.2562334e-06 0.13262273 0.0019924333 0.15530019 0.21245947 0.07850138 0.07761301 0.0029249175 0.041570585 0.00022052377 0.001174493 0.00025442088 0.0012127483 9.271986e-05 0.0009814679 0.0028984647 0.027669119 0.011096692 0.007772734 0.019758493 0.00064389815 0.0017209766 0.019704657 5.77039e-06 0.0038582177 9.4221585e-05 0.024810847 0.015427108 0.026762744 0.030061688 0.00012367961 0.00032546447 0.003783003 0.00026351312 0.0011667453 0.0015333565 0.006712075 1.5215196e-05 0.0011211772 0.0179199 0.0030277662 1.0269542e-05 0.0014301132 1.5476038e-05 0.000523643
0.07865733 0.00041305955 9.688311e-05 0.0002084451 0.00034785806 0.0019106375 0.008626497 0.033738792 0.05126451 6.391758e-05 2.8046663e-05 5.150863e-05 4.7307017e-07 0.0014147134 0.044433005 0.23296595 0.52785134 0.0037315846 3.9233278e-06 3.9147338e-07 0.09962049 0.2978813 0.0008715814 0.70417 0.567106 0.0019336019 0.09930249 6.5448293e-19 0.56686306 0.0693396 0.01593534 0.024132846 0.0051965597 0.11806324 0.00047709962 0.20364742 0.0032644179 0.018778015 0.38784063 0.0001327443 0.5933708 0.03186702 0.002983174 0.11524463 0.0001428442 0.3916071 0.061743136 2.4523864e-05 0.00016502502 0.38186678 0.28207082 0.0011469505 0.025764856 0.35214287 4.6823548e-06 0.122386664 0.0014434791 0.0073827337 0.0011962316 0.02352393 0.042403623 0.00861201 0.005980094 0.05552173 0.0007686641 0.015898826 0.0005204517 0.0147986105 0.00023281202 0.00051746884 0.00010081389 0.023381943 0.014461695 0.014960177 0.026052061 0.011966372 0.00039261882 0.00042548697 0.009691601 5.366831e-06 0.014837797 0.002236777 0.0067257783 0.0010910146 0.0040018084 0.0029985323 0.0012658869 0.004611358 0.0067455145 0.00013412908 0.0035596641 0.0034202067 0.004491768 0.0010140282 0.0039069224 0.0037686105 0.00399584 0.00014074179 0.004320181 1.333534e-05 4.008781e-05
0.011476547 0.00032855247 3.3018194e-05 0.0001548644 0.00026283198 0.00116422 0.0064948075 0.012697396 0.026112825 0.00023362873 5.0985695e-05 1.4995813e-05 4.8284164e-07 0.001931408 0.041972794 0.06106753 0.2570163 0.0041961777 1.1204978e-06 1.2219888e-07 0.027285272 0.4071723 0.00126817 0.38553938 0.66512537 0.0018025663 0.025329934 0.56686306 6.2008916e-20 0.02118003 0.0029167715 0.04869956 0.0027668134 0.24234234 0.00044357358 0.44920173 0.0010596786 0.0043660104 0.5441222 9.152227e-05 0.4357991 0.00954137 0.0009180034 0.033807866 0.00018224982 0.17135692 0.018171659 5.145921e-06 0.00012875261 0.2948359 0.11103339 0.0010430499 0.0070234225 0.18314645 9.731092e-07 0.05825067 0.009356021 0.0027637596 0.0018351016 0.01024375 0.010283062 0.00509368 0.0024087543 0.08326716 0.0005110148 0.03952001 0.00043112802 0.036271296 7.2892726e-05 9.166062e-05 0.00011785239 0.026709804 0.00862976 0.0076785563 0.01604712 0.008445836 8.967113e-05 0.00020654898 0.0078045507 4.7637062e-05 0.013980829 0.0061690933 0.0043043643 0.00034598578 0.001998813 0.0011475267 0.0028780582 0.0071342527 0.0075987997 0.00019393861 0.003162132 0.0030972364 0.0037020738 0.0022124946 0.0037364506 0.0022125926 0.0037663146 0.0005180967 0.0048372773 2.5934198e-05 1.0393401e-05
0.25341588 0.00011131149 5.6895627e-05 0.00049832143 0.00021613577 0.025105184 0.051274337 0.20701563 0.02023689 0.00022255961 0.0001461094 1.5055726e-05 1.3550031e-05 0.016330475 0.007567172 0.30511883 0.14016165 0.038254377 2.0038198e-05 4.658163e-07 0.48526493 0.01705259 0.012940153 0.34909657 0.034332633 7.278298e-05 0.74830717 0.0693396 0.02118003 2.5455712e-18 0.6006744 0.00029622405 0.3499472 0.0020638881 0.013212316 0.0023636678 0.25872114 0.50435966 0.00838941 0.0036349625 0.03219306 0.62354046 0.23358877 0.65470386 0.0013529713 0.54707426 0.43146142 0.0007505329 0.001336702 0.024715668 0.32347786 0.013101823 0.42364198 0.1456591 1.5814352e-06 0.23831956 2.9101807e-06 0.2836433 0.005619836 0.28474382 0.3378838 0.1782945 0.16469495 0.0025664729 0.11486443 0.00013854577 0.0034100043 0.000113461996 0.0022725342 0.00021401778 0.0033964184 0.001888821 0.042788573 0.02278634 0.011888193 0.028473156 0.0017262275 0.004531558 0.022086972 5.7846496e-06 0.005571581 3.586385e-05 0.029696014 0.03259046 0.03672842 0.06751991 4.666585e-05 0.0007352934 0.005101724 0.00022629651 0.0017003574 0.0022621497 0.0065405834 5.8660758e-06 0.0021428347 0.0368721 0.0045714965 4.026718e-06 0.002101116 6.7293768e-06 0.0010873965
0.15284817 0.0006044838 0.00013290226 0.009351355 0.00012341121 0.08656059 0.10409923 0.34542313 0.0072511877 0.0013715327 0.0010731313 2.2462767e-05 0.00020448418 0.083011106 0.0017308713 0.102347225 0.03996808 0.36380425 0.0003217537 3.9904643e-07 0.29894155 0.0019677687 0.031090824 0.121163025 0.0040540476 4.4080654e-05 0.29424453 0.01593534 0.0029167715 0.6006744 2.4463332e-19 0.00046383438 0.86090934 0.0008979337 0.043114092 0.00041312122 0.70709956 0.7202899 0.0014934238 0.02079658 0.0039763707 0.6239499 0.58109784 0.38397017 0.0019308832 0.058913764 0.19875441 0.0035230846 0.0023741482 0.0048537073 0.026269522 0.021477 0.26415434 0.01000809 2.1878134e-06 0.07873102 3.1674388e-06 0.28512606 0.008128074 0.11124934 0.10852485 0.107410125 0.15637039 0.00020842602 0.23924726 2.5041183e-05 0.0051917722 2.4199373e-05 0.0079860985 0.00023537176 0.01513567 0.00021813135 0.013817908 0.005666385 0.0022371865 0.012248458 0.0017080122 0.015497552 0.010721468 4.511926e-06 0.0012241055 1.7910741e-05 0.016857492 0.10608605 0.02033019 0.0670431 2.0845753e-05 0.00028542223 0.001604369 0.00045903123 0.0006741922 0.0012479078 0.005538727 5.4501347e-06 0.00190363 0.0535802 0.0025080761 7.3379524e-06 0.001500374 7.2258495e-06 0.009636975
