1.575319e-27 0.34764048 0.77679574 0.5860734 0.654454 0.20157075 0.89744574 0.07689457 0.8674055 0.4695458 0.08759792 0.016339106 0.18197738 0.56415117 0.39930907 0.038328003 0.49908507 0.9059393 0.011799425 0.37951967 0.0037939977 0.004389704 0.21399654 0.0016789192 0.04574438 0.7211579 0.001870486 0.008443763 0.014859889 0.36207858 0.0013714758 0.59836626 0.00065868825 0.02994102 0.005920451 0.20509765 0.0002881905 0.00027159235 0.000254173 0.00016102781 0.001564688 8.645616e-05 0.014014263 0.14130707 2.3805664e-05 0.105094396 0.00040718637 0.07562048 0.0009026611 0.00020202018 0.004507402 0.024506614 0.019820936 1.3319338e-05 0.98239625 0.0071586967 0.970641 1.2136525e-05 0.4961964 1.9802406e-05 0.00019223604 0.89524555 5.4029355e-05 0.9871642 6.655421e-05 0.0030128532 6.559873e-07 7.208652e-05 0.00062331423 0.2915644 3.334417e-08 5.789686e-07 0.000108912405 4.1378514e-09 2.9551876e-07 0.0002587601 8.173183e-08 0.0002005817 1.1502553e-06 0.013415948 6.067325e-05 0.1579723 2.8728478e-05 0.015849633 2.9303385e-06 1.3134394e-07 2.9720071e-05 0.48410466 3.888963e-08 9.610889e-09 2.1449662e-09 2.5789124e-09 0.9980698 3.678466e-08 0.62521166 0.10475915 0.009024318 0.9950743 6.305461e-10 2.0203066e-05 0.89154154
0.34764048 5.9129384e-20 0.8050911 0.3271828 0.8097792 0.43426055 0.560604 0.3088305 0.54560065 0.031222679 0.1174062 0.24014696 0.01017242 0.047660723 0.0021562364 0.009789272 0.20519358 0.09881015 0.009415068 0.0016073652 0.055976547 0.1483056 0.00072034885 0.048464328 0.0004095556 0.00813915 0.009853304 0.00038930846 0.17681028 0.012140108 0.12220839 0.01051547 0.04301049 0.1732702 0.17824684 0.071651705 0.06326584 0.04998518 0.09035295 0.073719904 0.0008884583 0.043494932 0.061638832 0.0046298103 0.040662777 0.011341614 0.0031750426 0.008769571 0.064611144 0.00013043515 0.051016897 0.0016459617 0.021962754 0.009307505 0.2477455 0.006734484 0.020202251 8.615984e-05 0.0016773267 0.004425131 0.032210924 0.00051539537 1.6477268e-05 0.1025572 0.03475676 0.0023679186 0.0002732074 0.016543733 0.0008207278 0.0003692562 0.0008901239 0.0059469575 0.02583707 0.0002446977 0.00019214218 0.0014249426 2.3168563e-05 0.0003772355 0.007503748 1.195383e-06 0.008067324 0.00041460665 3.4318036e-05 0.00046762434 0.0013809694 0.0045133857 4.8447887e-06 0.0014093438 0.001477098 0.0027479706 0.00024244432 0.0012365864 0.005868843 0.0020917153 0.0025972195 0.00020978643 0.00021343442 0.01789349 0.0014127485 1.0054074e-06 0.0023113778
0.77679574 0.8050911 1.2612224e-17 0.22115678 0.6042979 0.46605268 0.7379486 0.20515916 0.5932714 0.0070461617 0.036842432 0.15199836 0.00537727 0.0145471245 0.0008268462 0.0059332172 0.22648811 0.14094748 0.003041497 0.0005394227 0.028611548 0.09228409 0.00032765322 0.027832063 0.00023418217 0.0042125806 0.008132595 0.0004209719 0.13333818 0.010325702 0.07790453 0.011405947 0.020686388 0.13481863 0.12834701 0.061370187 0.026856871 0.020951185 0.041557334 0.032607637 0.0006755003 0.018076956 0.058878854 0.0045759934 0.018441286 0.011579986 0.0018288009 0.008819066 0.04892909 0.00011084677 0.03769828 0.0020949168 0.018579453 0.0031818717 0.25893882 0.005953858 0.016714241 7.753444e-05 0.0018164893 0.0015925366 0.032263603 0.00023276519 1.0504027e-05 0.12119931 0.0121993385 0.0027121238 7.787204e-05 0.01390336 0.0008388806 0.00056723674 9.650522e-05 0.0015265798 0.016360218 8.859093e-05 0.000106933556 0.00058627484 6.1308674e-06 0.00018383832 0.0034288613 3.2848183e-07 0.0025840425 0.0009571929 1.4446249e-05 0.00028320833 0.00092456525 0.0012815706 5.0377173e-07 0.0025455337 0.00046995023 0.00044598884 3.913495e-05 0.00029545583 0.023618272 0.00095973624 0.0055095544 3.8643873e-05 7.21933e-05 0.025308 0.0004795785 1.1350361e-07 0.0039661056
0.5860734 0.3271828 0.22115678 2.0197124e-19 0.32101998 0.1981091 0.3743709 0.5570545 0.3182387 0.348771 0.4792101 0.43163928 0.25540194 0.3648933 0.09367948 0.17223576 0.07717301 0.04276688 0.09819305 0.04006881 0.40553844 0.2110533 0.019397391 0.23007655 0.021119555 0.19383691 0.24482512 0.021601735 0.050703093 0.0057022823 0.10760311 0.0027750302 0.19924256 0.01703429 0.07810965 0.0024736335 0.17995377 0.15891525 0.12474432 0.16269359 0.027117059 0.08236145 0.009557445 0.00017884804 0.05157826 0.0013249337 0.03454952 0.001192263 0.03524943 0.00571859 0.017236868 5.680493e-05 0.0044080405 0.040984288 0.43526232 0.00081421196 0.15764834 0.00096643134 0.0007159566 0.01632069 0.019048044 0.027841771 0.00069080153 0.20177166 0.040841952 0.0007015687 0.0008569234 0.0056431848 0.0005015095 0.00026864588 0.0023500102 0.007303615 0.005805217 0.001156711 0.00087456265 0.00058116537 8.851316e-05 7.427032e-05 0.0034820444 5.309577e-05 0.0058378563 0.00014872114 0.00019192151 0.00031724424 0.000490258 0.0009733677 0.00021502473 0.0015894747 0.00031328044 0.00043962707 0.0003249825 0.00042557425 0.051698092 0.0010803425 0.013947836 0.0044099665 0.0027888021 0.14078484 0.00089398236 0.00028197106 0.003536627
0.654454 0.8097792 0.6042979 0.32101998 1.1267372e-18 0.19840178 0.49676174 0.19257568 0.80999434 0.03407452 0.049133126 0.13315311 0.012402735 0.113118336 0.0028510678 0.009453067 0.07614144 0.020373177 0.006948544 0.0024284616 0.025869885 0.07022766 0.001062045 0.017357485 0.0012764769 0.04873586 0.00786801 0.0011624771 0.059536807 0.0015268477 0.04121903 0.0015155748 0.015062994 0.046288114 0.054981202 0.009592485 0.020587197 0.018273983 0.022789638 0.024263829 0.0010026504 0.01614845 0.011854586 0.0007559032 0.013587293 0.0027795027 0.0012906352 0.0021288567 0.0131853735 0.0002962704 0.008446594 0.00044594842 0.003978613 0.004164521 0.6355672 0.0010410682 0.112953365 0.00021966088 0.0003108318 0.002877261 0.007296012 0.0011132419 0.00011252031 0.37252396 0.007807268 0.00090862316 0.00020779826 0.0040522483 0.00040281704 7.666183e-05 0.0003809704 0.0034145585 0.0028375362 0.0003276285 0.0002084447 0.00026258393 2.167704e-05 0.000104493505 0.0022839203 6.238021e-05 0.0018419494 4.2550077e-05 7.0537084e-05 7.8034485e-05 0.001428686 0.001415621 2.504013e-05 0.00027363191 0.0012580227 0.0013073203 0.00038611804 0.00081543816 0.033136748 0.0033567164 0.0016568734 0.0006700732 0.00066639995 0.25284714 0.002585434 8.10879e-06 0.0008260904
0.20157075 0.43426055 0.46605268 0.1981091 0.19840178 2.4808211e-20 0.5915371 0.26346603 0.29526818 0.0027268913 0.02214119 0.26714218 0.0026581618 0.008485388 0.000473084 0.0029960684 0.46813354 0.4467074 0.002617089 0.00025276493 0.036029227 0.1327558 0.00014632974 0.0264832 4.560014e-05 0.004067208 0.009838577 0.00013340727 0.27222553 0.05632197 0.19571428 0.05080017 0.04900048 0.26960537 0.34404108 0.124441445 0.09903936 0.08493322 0.1256972 0.13452303 0.00042370733 0.087024465 0.17964588 0.011761329 0.080619425 0.029590728 0.0008500214 0.021521155 0.18836123 1.438824e-05 0.13566276 0.003940995 0.059969004 0.012348786 0.2872321 0.017299233 0.013073771 1.6463084e-05 0.010036333 0.0019376401 0.10678409 0.00028196248 4.5415454e-06 0.0759256 0.033774592 0.011384604 7.132345e-05 0.06292037 0.003965943 0.00446573 0.000122509 0.002163851 0.053468335 0.000106994456 5.297776e-05 0.0018991563 2.964428e-06 0.00085940363 0.017478898 3.8021664e-08 0.0038695268 0.0026846956 1.0913392e-05 0.0013205186 0.0017608576 0.005847217 8.3998447e-07 0.005867312 0.001090819 0.0011395905 3.7321286e-05 0.0004050857 0.017428346 0.0008358208 0.023760332 8.669344e-05 6.0798535e-05 0.016776843 0.00040989323 1.1654096e-07 0.006532371
0.89744574 0.560604 0.7379486 0.3743709 0.49676174 0.5915371 1.8189257e-18 0.34707162 0.63630575 0.00877857 0.029060299 0.25295272 0.008327378 0.024209464 0.0016256721 0.0066564125 0.5005675 0.41121203 0.004512811 0.0010769299 0.024804631 0.093465395 0.0008728882 0.017697552 0.00068982295 0.0053111217 0.009173344 0.0008408413 0.2650843 0.049661364 0.08339771 0.052757178 0.0200447 0.338493 0.20782812 0.21748407 0.0259113 0.020734763 0.039269008 0.029416842 0.00057817873 0.020429587 0.09906084 0.017606447 0.022893386 0.028532073 0.0022709114 0.021798208 0.06410584 0.00022270039 0.069943875 0.0066163726 0.042074546 0.006863863 0.38931608 0.011218442 0.021745292 0.00024630173 0.0058231996 0.0025672168 0.032611355 0.0004991731 0.00010781315 0.16512392 0.010807237 0.0043597613 0.00026518936 0.015454255 0.0017131648 0.0021331417 0.0008530028 0.0027974981 0.010069237 0.0011802729 0.00024103663 0.0011307874 1.7349606e-05 0.0003667095 0.0044296016 2.0175993e-07 0.0023858217 0.0015897967 5.3826207e-05 0.00033888457 0.0024307137 0.0019347946 1.9791275e-06 0.0051771617 0.0015062836 0.0010089283 0.00021288922 0.0008494561 0.067286655 0.0034079577 0.010281012 0.00010186025 7.843888e-05 0.05975142 0.0008406817 5.664285e-07 0.006164497
0.07689457 0.3088305 0.20515916 0.5570545 0.19257568 0.26346603 0.34707162 9.011056e-22 0.19954397 0.13046673 0.34243435 0.651334 0.09386865 0.12727816 0.041464396 0.10449793 0.087932214 0.10860471 0.068539254 0.017100088 0.40808854 0.30789703 0.008803756 0.26219714 0.0051027946 0.068576306 0.23681282 0.0115207685 0.10288434 0.016291937 0.21932629 0.011192057 0.23479117 0.05198203 0.18521816 0.007975596 0.26175234 0.2641298 0.21850714 0.29450795 0.010182675 0.2109442 0.025156718 0.0014264648 0.14259227 0.0033184588 0.025233697 0.0028121995 0.11042113 0.0016287259 0.046761826 0.0013350579 0.012082375 0.10464629 0.2238885 0.0028117113 0.0765363 0.00050454785 0.002869732 0.030719856 0.042103317 0.013550613 0.00015937352 0.054152377 0.07999721 0.0013107334 0.00089967507 0.016619256 0.000949863 0.0015082968 0.0017663518 0.017351808 0.016213492 0.0011737691 0.00040649768 0.0015400685 2.7984495e-05 0.0001892687 0.0050259978 3.156458e-05 0.008869383 0.00053734327 0.00025035322 0.00087650894 0.00075433357 0.0015536662 0.00019269052 0.004160306 0.000337669 0.0005611765 0.00041837202 0.0005308699 0.004328024 0.00037219631 0.011843003 0.0028052244 0.0025327362 0.06560354 0.0010983992 0.00019137522 0.0039814273
0.8674055 0.54560065 0.5932714 0.3182387 0.80999434 0.29526818 0.63630575 0.19954397 6.7372496e-19 0.018608266 0.015393683 0.10899657 0.007931219 0.06692144 0.0027687016 0.0052092443 0.15397027 0.062314432 0.0029028116 0.0028347205 0.012108652 0.025926996 0.0021550513 0.0058884146 0.0007429823 0.023339052 0.003652988 0.00041486075 0.061918966 0.0033666627 0.02382749 0.0024876364 0.0073178657 0.05907646 0.050820824 0.016122282 0.01300697 0.012331294 0.017656276 0.0173553 0.00052816636 0.011949625 0.012012767 0.0011457087 0.013534082 0.0030176856 0.001642378 0.002046748 0.014964586 0.0001943882 0.01091927 0.00044322683 0.002539398 0.0055102166 0.546566 0.00042662307 0.05778753 0.00020022105 0.0003402713 0.0014459928 0.004978861 0.0014487818 0.00015077805 0.3272336 0.0048745447 0.00031126014 0.00028188314 0.0029644647 0.0002780701 4.341281e-05 0.0009434941 0.0028209614 0.0017014684 0.0012627869 0.00047568962 0.00016319142 2.253052e-05 0.00012802129 0.0023457468 1.0981194e-06 0.0013083294 2.5790285e-05 3.7965925e-05 5.8202062e-05 0.0016746824 0.0020954132 2.1924122e-06 0.00019430071 0.0019524257 0.0012214746 0.00021509858 0.0007940025 0.11358824 0.004574669 0.0011746852 0.0005567932 0.00023488337 0.19291583 0.0014141145 8.5572134e-07 0.00057491224
0.4695458 0.031222679 0.0070461617 0.348771 0.03407452 0.0027268913 0.00877857 0.13046673 0.018608266 7.03404e-20 0.3089271 0.0657724 0.6700279 0.72235006 0.67694503 0.47666684 0.00061288156 0.00036868016 0.35345745 0.4739862 0.14378907 0.011524669 0.37619296 0.04004025 0.21052916 0.7124735 0.07667223 0.11824622 0.0005633189 0.00042582798 0.005395933 0.00017079916 0.027137954 0.000197324 0.00400335 4.2792984e-05 0.026685655 0.030442659 0.011880917 0.028545866 0.056036208 0.019331038 0.0012677214 7.5787626e-05 0.011703075 0.0005256078 0.028199151 0.00042374615 0.0042557525 0.024187876 0.0026889683 6.1714027e-06 0.0009315301 0.016381599 0.14816906 8.834576e-05 0.5129637 0.0074646175 1.2549084e-05 0.008325509 0.0046824645 0.10686488 0.00629005 0.09363134 0.009748792 0.0005827694 0.00079087686 0.0025521722 0.00022764287 2.7874155e-06 0.0030807112 0.004195091 0.002091532 0.0027994758 0.0009752158 7.8989804e-05 0.0005828744 3.1100004e-05 0.00088434695 0.0011023345 0.0005255865 4.7405133e-06 0.0011273085 2.0061127e-05 0.0004244683 0.0010946435 0.0011944503 0.000101908925 0.00044345725 0.00046358563 0.0004770655 0.0005460871 0.007503173 0.0005706708 0.0021080899 0.0047554476 0.0073864097 0.08010799 0.0015863422 0.0012804423 0.00041887804
0.08759792 0.1174062 0.036842432 0.4792101 0.049133126 0.02214119 0.029060299 0.34243435 0.015393683 0.3089271 5.2298965e-24 0.25117055 0.44211596 0.098442 0.16175085 0.29671684 0.0044164374 0.0044876207 0.23656498 0.042915147 0.5150934 0.09408787 0.033606976 0.3268552 0.06672879 0.069124825 0.4844327 0.07273259 0.0020413883 0.002706983 0.011342225 0.0011293486 0.2234925 0.000324182 0.006861507 4.2552678e-05 0.11411686 0.1231669 0.059428446 0.092123084 0.082374014 0.06779095 0.00092233304 3.067662e-05 0.022206532 7.750937e-05 0.09114084 9.055707e-05 0.005093894 0.02484608 0.0017826644 3.8885424e-05 0.00018352162 0.08954609 0.061798874 3.1495125e-05 0.06987271 0.009218465 0.00015729146 0.06235099 0.0035026502 0.043343227 0.0022735486 0.047981873 0.044695273 6.0417e-05 0.010943612 0.00039886878 1.3216292e-05 9.87439e-06 0.008707024 0.018461308 0.001154737 0.0034157634 0.0013820088 3.7757796e-05 0.0003581938 1.254815e-05 0.00028333534 3.4262706e-05 0.001238213 3.1277798e-06 0.00021052397 2.0840902e-05 4.392182e-05 5.8337264e-05 8.839531e-05 0.0002240514 2.6968535e-05 2.700073e-05 0.00013383111 9.287287e-05 0.009512087 3.0125211e-06 0.0045366865 0.0012093337 0.0010735213 0.023877664 0.000130971 0.00012854858 0.0009484596
0.016339106 0.24014696 0.15199836 0.43163928 0.13315311 0.26714218 0.25295272 0.651334 0.10899657 0.0657724 0.25117055 6.748013e-23 0.050048564 0.06942348 0.022044288 0.052865952 0.13835603 0.08788912 0.03775061 0.011167791 0.42425132 0.4885318 0.0066906363 0.37411034 0.0037620605 0.027794855 0.22712475 0.0051424555 0.14363244 0.018760977 0.3099413 0.011316564 0.3171983 0.050608933 0.23290813 0.010769977 0.35027632 0.34631988 0.33781043 0.40704262 0.0054985024 0.27991635 0.031052692 0.0014046628 0.22795881 0.0051221284 0.022031374 0.0043923464 0.18493257 0.0012542923 0.060118116 0.0011030253 0.014655465 0.14675555 0.06667753 0.0032437965 0.021247117 0.00030435674 0.005155478 0.04906163 0.059543833 0.007088387 8.261648e-05 0.013149979 0.15096995 0.0013959918 0.0013676436 0.027210956 0.0009932275 0.0020830154 0.003225851 0.048008885 0.039123364 0.001265488 0.00060977094 0.0013528559 4.1972016e-05 0.00019504593 0.011289151 5.5677137e-06 0.03110654 0.0011488955 0.00014787528 0.0007097078 0.00071516505 0.0035974018 0.00010979195 0.0042991294 0.00020999323 0.0010202741 0.00081048446 0.00096896704 0.002159591 0.0004348804 0.012023035 0.0016363923 0.00076493784 0.020618152 0.001934493 9.058212e-05 0.003966304
0.18197738 0.01017242 0.00537727 0.25540194 0.012402735 0.0026581618 0.008327378 0.09386865 0.007931219 0.6700279 0.44211596 0.050048564 1.0721308e-24 0.20047921 0.6414968 0.7277455 0.000802331 0.0006625512 0.65861714 0.320926 0.1308289 0.007881963 0.20747887 0.043429736 0.43110618 0.31638643 0.12837055 0.35096246 0.00021714978 0.00050092855 0.0013754446 0.00018526077 0.026175193 7.3241004e-05 0.00079808413 4.358231e-05 0.014350316 0.01526045 0.0086574275 0.012090829 0.17243223 0.008651761 0.0002841387 7.273121e-05 0.0055845105 7.426083e-05 0.06914846 8.329805e-05 0.0012108063 0.06933008 0.0003331655 4.3598313e-05 8.475411e-05 0.0115160495 0.03625336 2.3744673e-05 0.15259595 0.015270174 2.8422326e-06 0.009222865 0.001231999 0.13009305 0.0066382657 0.0180875 0.008351771 8.28927e-05 0.0023259334 0.0005626569 1.7813778e-05 4.8181676e-07 0.0015086731 0.001462846 0.0012758981 0.0004657717 0.001003919 1.8204682e-05 0.001984005 2.0654003e-05 0.00043942648 0.007911763 0.00076052325 7.501565e-08 0.0022778034 2.5068982e-06 4.749811e-05 7.448198e-05 0.002327199 2.2267946e-05 7.435848e-05 4.051597e-05 0.00010967694 0.0001025126 0.009333954 2.2997956e-05 0.0004916249 0.00609228 0.009550565 0.019990727 0.00034347913 0.0020667007 0.00027618834
0.56415117 0.047660723 0.0145471245 0.3648933 0.113118336 0.008485388 0.024209464 0.12727816 0.06692144 0.72235006 0.098442 0.06942348 0.20047921 9.9791735e-20 0.18840016 0.09349691 0.0024433862 0.0006567072 0.04526275 0.33715755 0.06475799 0.015208921 0.13090281 0.018609853 0.033464544 0.72780496 0.022694545 0.008803756 0.0029778318 0.00022211138 0.0055354214 4.285776e-05 0.012724872 0.0008957433 0.006521254 0.00011261994 0.011663799 0.012071013 0.008146753 0.016602099 0.0045882557 0.01091167 0.0006429728 4.7058056e-05 0.007014198 0.00012925173 0.0044372384 0.00011291666 0.0018726242 0.0018270917 0.00097520184 3.9352294e-06 0.00017504791 0.0067752907 0.31831938 3.644113e-05 0.66257393 0.00082059397 4.752541e-06 0.0049716583 0.0015207863 0.04549653 0.0010181873 0.27964374 0.004789446 9.8867946e-05 0.00052311143 0.0013515624 0.000101811675 4.8791856e-07 0.0009250101 0.0036266071 0.0010041551 0.00052359805 0.0004301057 9.628812e-06 9.274755e-05 2.6097578e-05 0.0003429484 0.00036714983 0.0008065147 1.8258059e-07 0.00010842129 3.4713275e-06 0.0005483372 0.0013525089 0.00017619923 1.37491925e-05 0.00046018703 0.00023151061 0.00018079618 0.00017277658 0.01480545 0.00078200275 0.0005091381 0.003234193 0.0015960649 0.5368428 0.00068350264 0.0002505185 0.0001486616
0.39930907 0.0021562364 0.0008268462 0.09367948 0.0028510678 0.000473084 0.0016256721 0.041464396 0.0027687016 0.67694503 0.16175085 0.022044288 0.6414968 0.18840016 1.6193015e-22 0.5859423 0.00025946187 0.0001913816 0.55929923 0.7374171 0.08402356 0.0049676015 0.5484655 0.028728787 0.7642424 0.45745465 0.088145114 0.49990392 0.0002432911 6.451561e-05 0.00089681614 1.6945052e-05 0.01557955 0.00010708918 0.00081051263 3.2091568e-05 0.009414049 0.010665069 0.008119729 0.011741789 0.3165193 0.008896033 0.00033681764 2.3133878e-05 0.0060938234 2.5009893e-05 0.1028475 2.1337184e-05 0.0015814927 0.1939532 0.0005492289 3.8660883e-06 7.797007e-05 0.009532126 0.01929181 1.1359176e-05 0.2515684 0.061935224 2.4585722e-06 0.007390169 0.0019351952 0.32614946 0.032761637 0.011427009 0.008543262 3.1216845e-05 0.0020200717 0.00043797097 3.8458043e-06 2.1785118e-07 0.0016851826 0.0014148962 0.0006675429 0.0008127201 0.0017537735 2.901579e-06 0.0068273623 7.797382e-06 0.0001159215 0.012748722 0.00041640486 1.3920274e-07 0.0038480205 5.402059e-07 1.4958349e-05 4.34476e-05 0.0042299833 1.7777733e-05 4.7473564e-05 5.5536475e-05 0.00012898906 0.00020497873 0.013132578 2.965996e-05 0.0014705277 0.007527609 0.012179257 0.018100442 0.0011868409 0.0028033576 0.0002462005
0.038328003 0.009789272 0.0059332172 0.17223576 0.009453067 0.0029960684 0.0066564125 0.10449793 0.0052092443 0.47666684 0.29671684 0.052865952 0.7277455 0.09349691 0.5859423 5.460115e-26 0.001124395 0.0017724263 0.7773019 0.26679525 0.10165794 0.008868922 0.15908082 0.041428138 0.5309107 0.15252516 0.13469589 0.4657498 0.00022222051 0.0011826103 0.001952501 0.00069599884 0.026326515 6.326016e-05 0.0005070075 5.307521e-05 0.010682608 0.012130074 0.005770605 0.0065356516 0.12232365 0.005033591 0.00025172599 0.00017546325 0.003060538 0.00013160944 0.070190266 0.00014250635 0.0013179452 0.056273997 0.0004586735 0.00014540453 0.00015766601 0.007768676 0.03265637 3.9495484e-05 0.06302404 0.016590893 7.039492e-06 0.009662263 0.0009713813 0.07030154 0.007337037 0.01645957 0.0034670585 4.2541844e-05 0.004012704 0.00041265442 7.917023e-06 1.2197248e-06 0.0014870185 0.00062963704 0.0008826441 0.00058323727 0.0006085185 8.294176e-06 0.0013152105 8.887387e-06 0.00014136836 0.008985365 0.00038994086 4.0192905e-08 0.0025122405 2.4357525e-06 1.2689684e-05 2.2963022e-05 0.002158054 1.1175371e-05 2.2028464e-05 2.9513321e-05 2.1639697e-05 1.7983466e-05 0.006950706 1.1288855e-06 0.0011232338 0.0025092103 0.0035654514 0.011776716 8.39544e-05 0.0013362336 0.0004972884
0.49908507 0.20519358 0.22648811 0.07717301 0.07614144 0.46813354 0.5005675 0.087932214 0.15397027 0.00061288156 0.0044164374 0.13835603 0.000802331 0.0024433862 0.00025946187 0.001124395 7.268739e-20 0.6340514 0.0006759169 9.4310766e-05 0.012957453 0.054072715 0.00011590315 0.012034204 2.878926e-05 0.0017687689 0.00473158 7.39027e-05 0.3116925 0.17895192 0.09431509 0.18368433 0.024928527 0.42145163 0.34459358 0.39191768 0.050437298 0.044208728 0.09093976 0.0750489 0.00026381286 0.051725376 0.3033967 0.120027274 0.056717128 0.18501094 0.00055917585 0.14812852 0.23428026 2.86478e-05 0.26024768 0.04950282 0.20843811 0.008824585 0.27838546 0.099396676 0.011003546 3.695976e-05 0.11238735 0.0025784827 0.14746366 0.00011185868 1.7390474e-05 0.097817436 0.021342259 0.059962418 0.000115254814 0.12152057 0.021244094 0.04046156 0.00014905966 0.0031929621 0.0739429 0.00014155617 6.450877e-05 0.0070307604 2.7068807e-06 0.008012983 0.024317082 2.4559907e-07 0.0051593687 0.014553785 8.081631e-06 0.0060008834 0.011179433 0.014502818 7.1277265e-07 0.02063285 0.004214811 0.0024191162 0.00012527364 0.0010322934 0.05686809 0.0027066795 0.07829321 8.3387225e-05 7.719151e-05 0.0110438485 0.0003383669 1.2710977e-07 0.032932494
0.9059393 0.09881015 0.14094748 0.04276688 0.020373177 0.4467074 0.41121203 0.10860471 0.062314432 0.00036868016 0.0044876207 0.08788912 0.0006625512 0.0006567072 0.0001913816 0.0017724263 0.6340514 8.572554e-18 0.0016484238 0.00017311286 0.009547419 0.03363431 6.206689e-05 0.007905066 8.377517e-05 0.00027272606 0.004967045 0.00026973154 0.27894536 0.49642938 0.043259382 0.53393644 0.01372802 0.47250926 0.24623865 0.6186346 0.021931192 0.019777358 0.027420262 0.028091567 0.0010958018 0.015170092 0.24641463 0.22309357 0.0145779345 0.2651046 0.0035577666 0.17869459 0.09648699 0.00023247013 0.15433331 0.088953696 0.19274235 0.007902436 0.0522066 0.121685795 0.0010794747 0.00028328315 0.0718028 0.0024832287 0.05753344 1.7066102e-05 7.989622e-05 0.027129363 0.012926733 0.044843446 0.00054199866 0.043290578 0.018613191 0.014166989 0.0006674669 0.0050503984 0.021776086 0.0014397711 0.00016833376 0.002716048 1.461046e-05 0.006625045 0.008290935 3.4489463e-07 0.0033840903 0.004530478 9.893086e-05 0.0016691288 0.014266744 0.0031035107 4.561573e-06 0.0072613745 0.0032378791 0.001394983 0.00017230795 0.0007161957 0.053164616 0.007360933 0.022973763 0.00010570548 5.047986e-05 0.0044496604 0.0008829927 1.2671418e-06 0.0123776505
0.011799425 0.009415068 0.003041497 0.09819305 0.006948544 0.002617089 0.004512811 0.068539254 0.0029028116 0.35345745 0.23656498 0.03775061 0.65861714 0.04526275 0.55929923 0.7773019 0.0006759169 0.0016484238 1.475502e-26 0.24897817 0.09191061 0.010217437 0.17458923 0.04072565 0.6741633 0.07202965 0.19397636 0.7177376 0.00018535867 0.0018282995 0.0030314703 0.00080341595 0.022937536 4.602542e-05 0.0005376503 3.551312e-05 0.007017982 0.010026676 0.0031886294 0.0043332446 0.24201387 0.003592547 0.00034669953 0.00019593074 0.0014665797 0.00011152454 0.17650785 0.00012052124 0.0008946809 0.11053434 0.00029385212 6.7910456e-05 0.00013361865 0.005506521 0.012546308 1.4459246e-05 0.027489433 0.024781937 4.6950763e-06 0.014427759 0.00065904955 0.050308492 0.0070195883 0.009100367 0.0027102313 1.2439332e-05 0.012030192 0.00015928024 3.1435575e-06 4.5434685e-06 0.0022076713 0.00021048383 0.00052609347 0.000686769 0.00038683068 3.910049e-06 0.0010217109 1.494461e-06 3.8368788e-05 0.007022257 0.000105241576 3.8048796e-08 0.0025368116 2.663992e-06 5.3871267e-06 7.863748e-06 0.0026210193 4.4374894e-05 9.432188e-06 1.3763492e-05 2.3743405e-05 5.8667747e-06 0.0061639794 2.0007836e-07 0.0015898529 0.0020895672 0.0028778785 0.0072206114 1.4120635e-05 0.0016545767 0.0007862199
0.37951967 0.0016073652 0.0005394227 0.04006881 0.0024284616 0.00025276493 0.0010769299 0.017100088 0.0028347205 0.4739862 0.042915147 0.011167791 0.320926 0.33715755 0.7374171 0.26679525 9.4310766e-05 0.00017311286 0.24897817 2.9753093e-21 0.03885073 0.0024170834 0.82502127 0.010858728 0.58882314 0.67736596 0.03208918 0.26506785 0.00016756081 6.485619e-05 0.00043188583 1.7054777e-05 0.0066919387 9.791722e-05 0.00064505177 1.6265201e-05 0.004654507 0.0058594085 0.0031586192 0.005402331 0.12592192 0.004497657 0.00021231806 7.3286237e-06 0.0026277797 3.426986e-05 0.046307445 2.291496e-05 0.0007767794 0.095404856 0.0006352829 2.6500884e-06 6.625929e-05 0.0010949133 0.025866289 3.6229426e-06 0.5259363 0.020933291 5.541463e-07 0.00068834104 0.0009983538 0.53058094 0.02558681 0.018259734 0.0015381977 7.1266973e-06 6.580707e-05 0.00027565417 1.6360465e-06 6.7086404e-08 0.00032940588 0.00010444777 0.00021775077 0.00019654383 0.00034228546 7.2261895e-07 0.0011636206 6.0765287e-06 6.2970816e-05 0.013487484 0.0001761663 3.4576622e-08 0.0020235144 3.2701152e-07 1.0330217e-05 3.360122e-05 0.002092829 5.338378e-06 2.2566646e-05 5.7895704e-05 2.3581762e-05 6.973758e-05 0.004888842 8.9665955e-06 0.0033645055 0.004328041 0.006960018 0.03856189 0.00018648281 0.0016466933 0.0003355346
0.0037939977 0.055976547 0.028611548 0.40553844 0.025869885 0.036029227 0.024804631 0.40808854 0.012108652 0.14378907 0.5150934 0.42425132 0.1308289 0.06475799 0.08402356 0.10165794 0.012957453 0.009547419 0.09191061 0.03885073 4.757279e-25 0.13829824 0.014233822 0.43523228 0.034629934 0.02384473 0.6549713 0.03343507 0.004721035 0.008665771 0.038391374 0.004865043 0.31021553 0.0016309604 0.010943372 0.0003670483 0.18308754 0.22131667 0.081231356 0.14102708 0.049749788 0.08775717 0.0021205936 0.0007109703 0.03918064 0.0010371396 0.10010849 0.0010916505 0.006921138 0.011626074 0.0021048214 0.0007380424 0.0006033075 0.14034808 0.027504638 0.00031334796 0.014938308 0.005979196 0.00079988275 0.09233169 0.003411234 0.014963274 0.0021206692 0.014463936 0.059296407 0.00021359856 0.012284026 0.0008738994 6.0164926e-05 0.00021888045 0.0154324 0.02820918 0.0041181347 0.009129092 0.0010759714 0.00021343361 0.00026930872 5.238763e-05 0.0016853625 0.0016024698 0.008743028 2.080746e-05 0.00076401926 0.00011556354 6.4834974e-05 0.00034233456 0.00045389213 0.00059732597 6.743591e-05 0.0001325926 0.0010179125 0.0003553753 0.0028675436 4.6494492e-06 0.008021704 0.0066109383 0.0035793176 0.011560774 0.00028135866 0.00032474735 0.0029558446
0.004389704 0.1483056 0.09228409 0.2110533 0.07022766 0.1327558 0.093465395 0.30789703 0.025926996 0.011524669 0.09408787 0.4885318 0.007881963 0.015208921 0.0049676015 0.008868922 0.054072715 0.03363431 0.010217437 0.0024170834 0.13829824 2.7128116e-23 0.0015643294 0.26080987 0.0005414506 0.0056041838 0.09709785 0.0011001746 0.06478756 0.011068319 0.2994553 0.005137056 0.24055806 0.02038373 0.17001903 0.0029064917 0.2644598 0.26464656 0.30781934 0.31480685 0.0008161282 0.24198307 0.021147612 0.00077637023 0.23237067 0.0022212993 0.010336742 0.0022616524 0.15840271 0.00017863703 0.065942906 0.0012074944 0.010953829 0.13162887 0.014095329 0.0022232449 0.0062087527 0.00015937582 0.0021179256 0.04109399 0.06159333 0.003125599 4.138949e-05 0.005315649 0.14160517 0.0018010953 0.0011472433 0.025497949 0.0012610179 0.0011191423 0.0044792015 0.04576862 0.045908228 0.003483356 0.0009295835 0.0012263396 3.0116982e-05 0.00022283827 0.012575548 4.9396463e-06 0.02675531 0.0005240774 8.6102424e-05 0.0005480684 0.0010675798 0.0035410954 3.0168898e-05 0.0040589217 0.0006369053 0.000688563 0.00051110936 0.0012437061 0.0012608008 0.000729421 0.010115382 0.0014951732 0.0005610203 0.013291638 0.0011481616 7.726748e-06 0.0054850266
0.21399654 0.00072034885 0.00032765322 0.019397391 0.001062045 0.00014632974 0.0008728882 0.008803756 0.0021550513 0.37619296 0.033606976 0.0066906363 0.20747887 0.13090281 0.5484655 0.15908082 0.00011590315 6.206689e-05 0.17458923 0.82502127 0.014233822 0.0015643294 3.451972e-21 0.004012922 0.4898843 0.56197375 0.010691067 0.17631078 0.0003291804 2.414838e-05 0.0003828417 5.084471e-06 0.0026851883 0.00015116335 0.00077577744 1.0840997e-05 0.0028946567 0.0032053217 0.0020251523 0.0038776887 0.052022174 0.0036943604 0.00024421164 3.345891e-06 0.002069377 1.104984e-05 0.012020798 8.827422e-06 0.00030479883 0.0646392 6.736218e-05 8.76829e-07 8.369702e-06 0.00085373287 0.0062088715 4.2542774e-07 0.61507285 0.014193921 6.4275116e-07 0.0005116472 0.00044455103 0.8020136 0.045551267 0.011521482 0.00177086 2.484414e-06 7.441417e-05 0.00015747578 1.1516646e-06 5.0329707e-08 0.000593676 0.00016577379 0.00024315149 0.00030977177 0.00037573074 5.726495e-08 0.00074166205 3.791438e-06 1.1500991e-05 0.023155963 0.0001572952 1.4310025e-08 0.0016351935 1.345664e-07 1.9006611e-05 1.24586595e-05 0.0019615726 9.68904e-07 1.0310287e-05 1.849946e-05 1.3502019e-05 2.7912447e-05 0.0020879924 1.2653014e-06 0.0005169793 0.007928831 0.011627947 0.036329847 9.084719e-05 0.0017055917 2.259824e-05
0.0016789192 0.048464328 0.027832063 0.23007655 0.017357485 0.0264832 0.017697552 0.26219714 0.0058884146 0.04004025 0.3268552 0.37411034 0.043429736 0.018609853 0.028728787 0.041428138 0.012034204 0.007905066 0.04072565 0.010858728 0.43523228 0.26080987 0.004012922 1.8418007e-24 0.010148201 0.004790627 0.4261846 0.011540479 0.009457639 0.010024396 0.096640706 0.004212512 0.49565667 0.0022982818 0.028466213 0.00023602182 0.32900867 0.38477913 0.20690517 0.29173237 0.015184184 0.20218356 0.0033892158 0.0005030028 0.09130404 0.0007292415 0.056464247 0.0007803654 0.024261516 0.0028803248 0.006388139 0.0009035673 0.0010178203 0.23850381 0.010522181 0.0002962766 0.0051651928 0.0024369748 0.0016422292 0.11540702 0.0062807323 0.004683393 0.0008268119 0.0060883565 0.12585305 0.00012500596 0.010549692 0.0013170165 4.5437784e-05 0.00039353702 0.025155004 0.055824272 0.006367334 0.014601833 0.0007065918 0.0001524918 0.00011336747 2.7798167e-05 0.0015960328 0.00013647342 0.011585177 6.479004e-05 0.00023927334 0.0001021144 6.1583356e-05 0.00028213407 9.2229704e-05 0.0006831784 2.9574348e-05 7.953625e-05 0.0015912697 0.0004952276 0.0008362834 3.6723723e-05 0.009711382 0.0027342949 0.0017039601 0.0032979483 0.00047919498 3.137362e-05 0.002240212
0.04574438 0.0004095556 0.00023418217 0.021119555 0.0012764769 4.560014e-05 0.00068982295 0.0051027946 0.0007429823 0.21052916 0.06672879 0.0037620605 0.43110618 0.033464544 0.7642424 0.5309107 2.878926e-05 8.377517e-05 0.6741633 0.58882314 0.034629934 0.0005414506 0.4898843 0.010148201 8.476376e-23 0.122701086 0.050691705 0.7649148 2.6124448e-05 2.404467e-05 0.00021250178 8.05265e-06 0.003773937 2.7051094e-05 9.635449e-05 7.989077e-06 0.0014922863 0.0018658474 0.00090647937 0.0018266257 0.42273575 0.0012886617 4.4588523e-05 5.8341684e-06 0.000339064 2.0786385e-06 0.092512965 1.6411924e-06 5.970742e-05 0.37776083 1.63058e-05 1.0765451e-06 6.491989e-06 0.0012080912 0.009106205 4.010448e-07 0.052407708 0.16561058 3.284862e-07 0.002363561 7.0726834e-05 0.62709814 0.1955679 0.007249705 0.0011335709 1.0639644e-06 0.0021083253 1.2931874e-05 9.960219e-08 4.39249e-08 0.0005641019 0.0001741785 2.4174531e-05 0.00018670221 0.0017894813 1.02336706e-07 0.013128145 1.6916181e-07 5.3059953e-06 0.17507131 2.9486959e-05 1.9642845e-09 0.013847782 3.001406e-08 5.233594e-07 1.206558e-06 0.016197674 1.3120602e-06 2.3474295e-06 1.784082e-06 1.2058568e-05 1.4760115e-05 0.004249282 1.6867821e-07 0.00017261386 0.013804732 0.020287838 0.007974169 6.886722e-05 0.011707037 1.0642603e-05
0.7211579 0.00813915 0.0042125806 0.19383691 0.04873586 0.004067208 0.0053111217 0.068576306 0.023339052 0.7124735 0.069124825 0.027794855 0.31638643 0.72780496 0.45745465 0.15252516 0.0017687689 0.00027272606 0.07202965 0.67736596 0.02384473 0.0056041838 0.56197375 0.004790627 0.122701086 1.48576e-17 0.00822281 0.018880043 0.0005410448 3.1230724e-05 0.00085150165 1.3812353e-05 0.0023735675 0.00063320936 0.00081068074 0.00013507398 0.002035568 0.001867941 0.001860405 0.0023931523 0.009804796 0.0025677357 0.00020956728 1.30140215e-05 0.002780209 1.9418503e-05 0.0045750206 1.3119733e-05 0.00028788613 0.0075314613 0.00015087903 2.8355398e-06 2.9777608e-05 0.0012799345 0.058301087 8.882202e-06 0.7392571 0.0034069018 4.6734726e-06 0.001409967 0.00035142538 0.06933767 0.0065021454 0.0845322 0.0018270602 8.545091e-06 0.00033324843 0.00030855706 6.9113e-06 2.4091582e-07 0.00043415796 0.0010483618 0.0003662106 0.0002985733 0.000857203 2.2039696e-06 0.00016206666 1.1861444e-05 0.000651032 0.0024270702 0.0026465412 8.201855e-08 0.00029617775 9.0922947e-07 0.00014261757 0.000883266 0.00052271294 8.3083e-06 0.00030981816 0.00031174408 0.000113101705 0.00032086996 0.017978957 0.0002152991 0.00017088161 0.0042290217 0.001996107 0.7207033 0.0013411124 0.0004118532 6.435749e-05
0.001870486 0.009853304 0.008132595 0.24482512 0.00786801 0.009838577 0.009173344 0.23681282 0.003652988 0.07667223 0.4844327 0.22712475 0.12837055 0.022694545 0.088145114 0.13469589 0.00473158 0.004967045 0.19397636 0.03208918 0.6549713 0.09709785 0.010691067 0.4261846 0.050691705 0.00822281 7.488101e-26 0.09683813 0.0033036731 0.007002195 0.029927267 0.0045463014 0.2954287 0.00086427556 0.005780175 0.00042805987 0.115227655 0.15064919 0.034455184 0.05960308 0.2482408 0.041514833 0.0014949538 0.0017849398 0.011663865 0.0008918122 0.5495577 0.000916192 0.0026890272 0.051311985 0.0010516106 0.0020514175 0.00042746039 0.15627414 0.0047848076 0.00016352216 0.004764263 0.020893298 0.00029269562 0.1902027 0.0012400707 0.008344252 0.0040927874 0.007571297 0.017057545 5.254439e-05 0.12551181 0.00033958678 1.7867596e-05 4.1923733e-05 0.031636514 0.010036214 0.0016135616 0.015982827 0.0043210564 0.00011663954 0.0019238534 2.4562298e-05 0.0006340557 0.0038831509 0.003368413 6.073597e-06 0.0032749686 9.4560324e-05 2.6799577e-05 0.00012148979 0.0041821147 0.00070671074 6.1771345e-05 7.7673874e-05 0.00079803134 4.8236714e-05 0.002819626 1.5985423e-06 0.003510954 0.0038846587 0.0037468537 0.002114644 7.496827e-05 0.0028046158 0.0009253997
0.008443763 0.00038930846 0.0004209719 0.021601735 0.0011624771 0.00013340727 0.0008408413 0.0115207685 0.00041486075 0.11824622 0.07273259 0.0051424555 0.35096246 0.008803756 0.49990392 0.4657498 7.39027e-05 0.00026973154 0.7177376 0.26506785 0.03343507 0.0011001746 0.17631078 0.011540479 0.7649148 0.018880043 0.09683813 4.6560375e-25 2.3606266e-05 0.00023246261 0.00026799465 0.00010471377 0.005108666 1.91167e-05 4.5345063e-05 1.586185e-05 0.0012730461 0.0015284517 0.00048517704 0.0008240948 0.6611272 0.00064935256 5.867701e-05 3.737418e-05 0.00021054146 1.6876993e-05 0.32318375 1.7068785e-05 7.837323e-05 0.51553684 1.8213905e-05 8.501506e-06 1.1191133e-05 0.0020298793 0.002738012 9.0537895e-07 0.00906345 0.26669234 9.641838e-07 0.008115708 0.00015707276 0.13212469 0.11923093 0.002668474 0.0014840477 1.1652623e-06 0.019911038 1.3772893e-05 2.2895976e-07 1.917467e-07 0.0022143112 0.00014606371 9.876193e-05 0.00039601827 0.0025095106 4.395174e-07 0.016254706 1.6705634e-07 9.47615e-06 0.043544427 4.368838e-05 1.5290055e-08 0.011443034 5.606883e-08 6.8095085e-07 2.446606e-06 0.009424977 2.352555e-06 2.765816e-06 3.5034252e-06 7.3036454e-06 1.4624861e-05 0.0026499836 5.43073e-08 0.00021593447 0.0029637243 0.005856897 0.0012967541 2.324964e-05 0.0053199017 1.9401048e-05
0.014859889 0.17681028 0.13333818 0.050703093 0.059536807 0.27222553 0.2650843 0.10288434 0.061918966 0.0005633189 0.0020413883 0.14363244 0.00021714978 0.0029778318 0.0002432911 0.00022222051 0.3116925 0.27894536 0.00018535867 0.00016756081 0.004721035 0.06478756 0.0003291804 0.009457639 2.6124448e-05 0.0005410448 0.0033036731 2.3606266e-05 3.4115715e-22 0.0925576 0.18815449 0.06446069 0.028526776 0.34882125 0.46032256 0.18149589 0.069252715 0.06648598 0.17676555 0.14523204 5.8288602e-05 0.10433349 0.21325019 0.034144912 0.14547688 0.08649528 0.00019040781 0.07733557 0.3329581 2.9450957e-05 0.2564516 0.019010691 0.1357947 0.02977311 0.015962355 0.04570021 0.0026548216 5.5566357e-05 0.04691627 0.008044403 0.16871607 0.0006142101 7.993101e-06 0.005101257 0.11549182 0.026383284 0.00023426482 0.11735932 0.014408812 0.017137269 0.0007435249 0.024668025 0.15127489 0.0007012847 0.00052057137 0.009973722 2.0848456e-05 0.0064799595 0.06276802 2.2409552e-07 0.048876695 0.011369527 1.0459843e-05 0.00506712 0.010276631 0.039232425 2.9250025e-06 0.012217683 0.0079681035 0.012552059 0.00070944324 0.0039213705 0.0035654819 0.003767493 0.018384049 0.00022910886 7.335403e-05 0.016482402 0.0020964898 2.8080518e-07 0.011419785
0.36207858 0.012140108 0.010325702 0.0057022823 0.0015268477 0.05632197 0.049661364 0.016291937 0.0033666627 0.00042582798 0.002706983 0.018760977 0.00050092855 0.00022211138 6.451561e-05 0.0011826103 0.17895192 0.49642938 0.0018282995 6.485619e-05 0.008665771 0.011068319 2.414838e-05 0.010024396 2.404467e-05 3.1230724e-05 0.007002195 0.00023246261 0.0925576 4.0251638e-17 0.015050265 0.71713376 0.012933337 0.20323586 0.09763462 0.30928192 0.017394554 0.019277023 0.017918056 0.02196422 0.0007719636 0.015988773 0.12905288 0.2868607 0.009594682 0.19145875 0.0022211797 0.15639596 0.05394618 0.00011476783 0.09077866 0.23842409 0.11886578 0.005621069 0.0036318249 0.112194866 0.00015348013 8.92999e-05 0.18792473 0.0038627149 0.046207648 7.1525305e-06 4.8870796e-05 0.005084961 0.011752656 0.064735234 0.00029772028 0.034800068 0.028882274 0.033579975 0.00068053906 0.0037805687 0.019031739 0.0003427112 0.00014796005 0.0042740963 1.5554415e-05 0.018796075 0.0064170905 1.1872619e-06 0.004170823 0.0073204585 0.00017537727 0.0023756193 0.017655399 0.002793494 4.1916337e-05 0.00986035 0.002972068 0.0016535908 8.473132e-05 0.00045452223 0.0068039754 0.007142885 0.024068726 1.3428094e-05 1.1582586e-05 0.00047043944 0.0009827524 1.314092e-05 0.015187428
0.0013714758 0.12220839 0.07790453 0.10760311 0.04121903 0.19571428 0.08339771 0.21932629 0.02382749 0.005395933 0.011342225 0.3099413 0.0013754446 0.0055354214 0.00089681614 0.001952501 0.09431509 0.043259382 0.0030314703 0.00043188583 0.038391374 0.2994553 0.0003828417 0.096640706 0.00021250178 0.00085150165 0.029927267 0.00026799465 0.18815449 0.015050265 1.1360584e-20 0.004535402 0.1342732 0.09541698 0.30104142 0.0142131075 0.25501582 0.23730822 0.4056414 0.34291285 0.00046282233 0.25545475 0.07163687 0.0024910928 0.3133394 0.010575641 0.0010981305 0.009803281 0.29613853 7.354547e-05 0.13399273 0.002614147 0.032198735 0.077974945 0.010079733 0.011335575 0.0026486104 0.00011010011 0.00227713 0.02977976 0.1509036 0.00042148653 1.5763195e-05 0.0060563004 0.17054592 0.0059953835 0.00040291485 0.055150162 0.0034236968 0.0022545394 0.0060361885 0.048717525 0.1186513 0.0038835048 0.0010164492 0.0038760733 2.4234594e-05 0.0024409965 0.046218444 4.956171e-06 0.07852875 0.0015933822 1.3167741e-05 0.0013995161 0.006449048 0.024697613 3.531795e-06 0.003416319 0.0033473559 0.011911101 0.0012161273 0.009105077 0.002509246 0.0021933736 0.007874695 0.00020834792 0.00015882413 0.031073682 0.0041961535 2.3655755e-07 0.008527913
