1.2412472e-32 0.8898006 0.9805494 0.9545146 0.7844339 0.69706833 0.8062016 0.9918895 0.67068815 0.8407197 0.94698405 0.9282187 0.7319899 0.9475321 0.8548788 0.7627725 0.6885852 0.9514309 0.8799328 0.33857664 0.35852173 0.5910621 0.9718152 0.4716404 0.3015247 0.108560614 0.67704254 0.9802934 0.18329689 0.37089983 0.26330012 0.99711406 0.077238314 0.1830549 0.961284 0.61575073 0.046090268 0.24539146 0.3948529 0.1311565 0.10673565 0.064951934 0.01703797 0.2373375 0.024529492 0.016441276 0.87909734 0.023856554 0.98722076 0.10496349 0.0044228523 0.9970976 0.009174989 0.010239964 0.9993405 0.15051867 0.5545982 0.013744585 0.013670333 0.8230522 0.0039327634 0.0042460556 0.018540371 0.98544616 0.005153055 0.018014932 0.003183429 0.00040881045 0.99962294 5.9585036e-06 0.988904 8.082329e-05 0.002967981 9.061858e-07 0.07037501 0.022075508 0.0042337514 7.1748636e-06 1.727124e-05 0.00062780647 0.9209319 2.5994322e-07 0.00014528351 0.00014144053 0.0004159476 0.00017843695 0.17607875 0.00021770156 7.5040407e-06 0.023376208 1.242355e-05 0.7977945 0.00016484584 9.426041e-07 3.979236e-08 1.0142042e-05 1.7985558e-05 0.06033573 3.4905337e-05 4.47975e-07 5.064972e-06
0.8898006 1.2057816e-19 0.28912476 0.109886974 0.4711456 0.24076866 0.07092098 0.21047847 0.31931558 0.20127825 0.038511686 0.045861207 0.04892352 0.39334103 0.15245743 0.011356897 0.2559993 0.024959767 0.020559479 0.15861087 0.08544301 0.002409816 0.038815886 0.0010090616 0.19363688 0.14884621 0.00041739582 0.024319742 0.02447905 0.0009818986 0.25591108 0.073722 0.026730675 0.0066324826 0.29274213 0.0052463226 0.0336083 0.012487363 0.0031476342 0.006520818 0.0005267173 0.15365604 0.08714316 0.002807985 0.024917908 0.030897202 0.00096334465 0.1315247 0.2120576 0.00010811979 0.06464809 0.19323902 0.077037625 0.092008084 0.043069232 2.4209623e-05 0.00011585464 0.0053207055 0.0023849034 0.00044407623 0.0059579303 0.0062327734 0.00018712539 0.00062542123 0.0006734963 0.0043815398 0.0033654443 0.007407241 0.007908075 0.0024185625 0.00041568745 0.0010139799 0.00023981683 0.0022548458 0.004386764 2.1111922e-05 2.4412559e-05 0.0037491736 0.0005083998 0.00041140604 0.13004072 0.0005035737 9.181365e-05 3.756317e-05 1.01865635e-05 0.0001781236 1.4913367e-05 0.0004285077 3.903944e-05 0.004983531 1.7028255e-05 0.0002917879 3.849604e-05 2.9873918e-05 4.8306778e-05 2.6790352e-05 1.3587662e-05 5.3456705e-07 3.0933397e-06 1.9977293e-05 0.00016232808
0.9805494 0.28912476 2.1253787e-19 0.3532588 0.21053232 0.3154914 0.20331888 0.58707315 0.26492575 0.07889404 0.12332176 0.116351105 0.11912691 0.2740579 0.043798596 0.061216626 0.10952218 0.0994275 0.0038819402 0.1577256 0.1109057 0.020329405 0.11981363 0.005716328 0.043744806 0.117238075 0.0015073406 0.058104806 0.032507077 0.0034897302 0.078499526 0.19751887 0.032014504 0.011406539 0.24897718 0.0015001964 0.03230925 0.002138044 0.00182921 0.0022902237 0.0027690493 0.0322085 0.043205094 0.0010285019 0.025181998 0.02417284 0.0008578045 0.037860285 0.10339734 0.0006340273 0.02613481 0.23252359 0.015914503 0.017133577 0.0804749 3.7952603e-05 6.184078e-05 0.005881267 0.005641033 0.00037023364 0.0066982345 0.006536792 0.0011273132 0.00033724835 0.0019162196 0.0003141849 0.006523966 0.008974086 0.024442397 0.0023638133 0.00068566855 0.0028096326 6.8166824e-05 0.0019106804 0.0013527714 3.730677e-05 4.902624e-05 0.0022926962 0.0016401334 0.00016031667 0.063140415 0.00063011213 0.00031885397 0.00013898328 6.0559945e-05 7.539848e-05 7.563931e-05 0.00025846536 0.00010541082 0.0009570378 6.50937e-05 0.0002877102 4.7654827e-05 8.358006e-05 0.00016484207 1.1830545e-05 2.2315075e-05 5.397777e-06 1.1110283e-05 5.9886035e-05 0.00040669309
0.9545146 0.109886974 0.3532588 2.776248e-20 0.07124906 0.4745414 0.7425417 0.48188475 0.22360516 0.020101162 0.35373697 0.34499866 0.45027933 0.029305696 0.0036996491 0.28578272 0.03512504 0.30905446 0.00024541802 0.25101858 0.33029643 0.09211987 0.37048987 0.023141019 0.01353895 0.18453872 0.008381273 0.23873001 0.1554315 0.02936489 0.043597955 0.43844786 0.14832783 0.07111331 0.062304355 2.3636136e-05 0.12333302 0.00025692006 2.0978256e-05 0.00013001426 0.009441124 0.012571579 0.092595056 1.0861425e-05 0.09302251 0.09791254 0.00891643 0.03727586 0.029116157 0.0029250085 0.033715185 0.04586148 0.015731787 0.019794732 0.08911261 0.00031429218 0.0010513088 0.029726148 0.015818518 0.0023041316 0.030380238 0.02930644 0.0035864143 0.0032576276 0.0076337657 0.00014981558 0.022769807 0.020522552 0.016230293 0.007313177 0.0042038457 0.010381941 8.1140115e-06 0.0054606553 7.2000985e-05 0.00015577448 0.00021050131 0.0027859183 0.0061854464 7.901041e-06 0.008556121 0.0017812618 0.0014445304 0.00031825033 0.00020026842 1.2234278e-05 0.0007070519 0.0001247882 0.0003432265 2.5239508e-05 0.00011903491 0.00089116313 3.2563894e-06 0.00016134694 0.00012527948 1.267392e-06 3.1159798e-05 5.4282893e-05 2.0599826e-05 4.7558846e-05 0.00017921839
0.7844339 0.4711456 0.21053232 0.07124906 2.2400642e-20 0.18642417 0.045895375 0.14848903 0.37348202 0.32294258 0.020470718 0.020006752 0.030613087 0.40869585 0.3360644 0.004127662 0.5007747 0.007248858 0.08248663 0.13897526 0.052468766 0.0011144927 0.026011955 0.0005525092 0.38976127 0.11486044 0.0001252372 0.012578475 0.015470756 0.0004233921 0.36621004 0.042067457 0.021238845 0.004242642 0.32453102 0.014600001 0.028265735 0.04921892 0.007151129 0.0162055 0.00023371141 0.31070375 0.07733 0.0065002795 0.02337724 0.028479842 0.00058013125 0.2180123 0.22119658 7.0048794e-05 0.10476859 0.16346388 0.14865334 0.16473356 0.01234154 1.0536132e-05 7.985098e-05 0.0035559179 0.0009932275 0.00022324709 0.004834743 0.005461619 9.36704e-05 0.0002504191 0.00040422127 0.01530299 0.002437118 0.0057778773 0.003198079 0.0036002777 0.00021742788 0.0011903628 0.001249229 0.003697254 0.012175796 9.066885e-06 9.3242015e-06 0.0076901605 0.0006090967 0.0013005513 0.1784952 0.00040501967 8.1049286e-05 2.7460268e-05 3.0779668e-06 0.001267415 3.9566603e-06 0.00092025957 2.2688526e-05 0.013567399 5.068509e-06 0.0001726769 0.00015844697 1.7040795e-05 0.000111571455 0.00019280943 1.1357984e-05 2.2391096e-07 2.3486812e-06 6.242362e-06 0.00028869553
0.69706833 0.24076866 0.3154914 0.4745414 0.18642417 3.2563412e-20 0.4730898 0.30689764 0.524109 0.05037244 0.15208673 0.15674716 0.4350665 0.085071035 0.02075087 0.14655542 0.09190068 0.1797226 0.0020964367 0.50667727 0.47363377 0.052484855 0.13453513 0.02031549 0.04102313 0.46411216 0.0058303033 0.0964693 0.20325162 0.015085738 0.23414277 0.22108378 0.2543874 0.08474275 0.10141122 0.00064656074 0.28244668 0.0026403964 0.00056589436 0.0013124301 0.011561497 0.10781165 0.27007288 0.0003691541 0.22487524 0.20885429 0.006524501 0.16829476 0.04625248 0.0024873163 0.0954296 0.05379517 0.040498376 0.059508268 0.026800618 0.0003440143 0.0015409134 0.046979796 0.024929449 0.0028634607 0.04498616 0.048254382 0.0049688644 0.0035264527 0.007141666 0.00067369064 0.022798572 0.041775238 0.0074162814 0.02208542 0.0027971447 0.015748817 3.988954e-05 0.023777645 0.00047232193 0.00016054863 0.00015977165 0.0143568395 0.007940956 5.8060476e-05 0.018448334 0.004709142 0.0020534473 0.00035157002 0.00018943049 5.90515e-05 0.0002938056 0.00045098338 0.0004994509 0.0003456637 0.00017840292 0.0013962648 2.876796e-05 0.0003371199 0.0011679409 1.2000941e-05 0.00011606763 9.308964e-06 3.980259e-05 0.00013879334 0.000257085
0.8062016 0.07092098 0.20331888 0.7425417 0.045895375 0.4730898 1.0426609e-20 0.24119568 0.16517247 0.011373165 0.34377757 0.27449557 0.6371837 0.011550685 0.0022187482 0.31970838 0.022384282 0.26267242 0.00017604252 0.24846296 0.46985075 0.13451727 0.35324344 0.04406055 0.009346874 0.2112842 0.008716755 0.23897435 0.22332053 0.042345196 0.042845838 0.3331174 0.2263479 0.11413385 0.027612194 1.5213903e-05 0.184221 0.00016649626 1.2817318e-05 0.000105824096 0.012059823 0.0167021 0.12143275 6.7745277e-06 0.14176266 0.14914489 0.00596906 0.04387802 0.012944726 0.0034949125 0.04301043 0.015082638 0.016629823 0.022096496 0.034904327 0.00045993653 0.0013547034 0.048259903 0.023917982 0.0018576244 0.049079135 0.04759001 0.0045877215 0.003345336 0.010637238 0.000100356054 0.03261785 0.036330845 0.007627325 0.012879947 0.0054020393 0.014077959 2.4919552e-06 0.009482601 3.0456942e-05 0.00021949167 0.00029176645 0.0035752968 0.009647057 1.40518805e-05 0.004181066 0.0025062186 0.0022017418 0.0006666103 0.00025846635 3.542617e-06 0.0007321844 0.000104660765 0.00038383098 8.198829e-06 0.00025791256 0.0011326972 1.9089837e-06 0.00024863222 0.00020792513 1.5269495e-06 6.934338e-05 5.9753223e-05 3.9459683e-05 0.000138776 8.832604e-05
0.9918895 0.21047847 0.58707315 0.48188475 0.14848903 0.30689764 0.24119568 1.2948348e-18 0.23933825 0.041505933 0.1860787 0.18707645 0.19579591 0.15412359 0.021575201 0.12251008 0.061393864 0.19570069 0.0011139811 0.1736468 0.14621693 0.052073237 0.25988942 0.014309653 0.023326842 0.12319184 0.0037021814 0.13227752 0.055427168 0.016695349 0.04167283 0.45995343 0.04403106 0.02953725 0.19111119 0.0004824419 0.03824311 0.00052301865 0.00055082224 0.0008008923 0.0040775333 0.018982517 0.04808937 0.00028049544 0.027149364 0.025835197 0.0035539535 0.027954621 0.098841794 0.0005679182 0.016877389 0.27099776 0.009396272 0.0110925175 0.21326596 5.3979085e-05 0.00042113996 0.008507391 0.007199693 0.0014322349 0.0074995887 0.007759387 0.0004776806 0.0017005502 0.0021437965 0.00010007612 0.0055536185 0.0059174313 0.07054649 0.0019993077 0.001583484 0.001956326 1.36582985e-05 0.0023392648 0.00060204335 2.9848059e-05 3.0112213e-05 0.0013700528 0.0009565308 4.023692e-05 0.082706004 0.0007527124 0.00018813387 5.287737e-05 9.262795e-05 1.7608023e-05 0.00033580448 0.000119443146 0.00011863181 0.00039010844 7.5366916e-05 0.0005707285 1.5524094e-05 0.00013944597 0.00032129805 6.573359e-06 2.247511e-05 2.705669e-05 8.332986e-06 5.63826e-05 0.00049143133
0.67068815 0.31931558 0.26492575 0.22360516 0.37348202 0.524109 0.16517247 0.23933825 1.366991e-20 0.07600231 0.07936882 0.09203005 0.14739 0.169423 0.08264748 0.03230707 0.22464773 0.05777851 0.010312456 0.48789045 0.3577573 0.015209691 0.07180724 0.011287839 0.16147919 0.4550059 0.0023470838 0.05649768 0.10960491 0.004662446 0.39785582 0.11197412 0.13972634 0.035161257 0.14414665 0.0037300405 0.19029686 0.014980385 0.0027799453 0.004974243 0.004539376 0.28880996 0.28004283 0.0029556628 0.15780799 0.17301372 0.0050650593 0.2920189 0.07660041 0.0010111543 0.14437205 0.06256711 0.13385588 0.1615632 0.01581636 0.00011356831 0.0010198739 0.028934449 0.0101156 0.0024128826 0.03560888 0.046648722 0.0011884061 0.0021667543 0.004423367 0.004680605 0.018053938 0.043371163 0.004304621 0.026800882 0.0015833392 0.015263382 0.00014886816 0.026939401 0.002176558 4.7203954e-05 3.5811867e-05 0.024332855 0.0075286175 0.00018899165 0.03125853 0.005744576 0.00088419433 0.000110409244 1.3645175e-05 0.0002869194 4.089071e-05 0.0009156771 0.0001931523 0.0023618247 2.3273466e-05 0.0012162798 8.4217754e-05 7.653231e-05 0.0017433065 5.223024e-05 3.7755097e-05 1.7565965e-06 1.1219185e-05 4.1389412e-05 0.00077606743
0.8407197 0.20127825 0.07889404 0.020101162 0.32294258 0.05037244 0.011373165 0.041505933 0.07600231 1.3012267e-19 0.004972543 0.0032512138 0.0039006344 0.5023254 0.5062018 0.0010785691 0.20127182 0.0013984016 0.44081438 0.022801317 0.0080916565 0.00038945398 0.0056190453 0.00033086864 0.16196105 0.02416161 0.00012915241 0.0022559224 0.004468305 0.00019579382 0.06429085 0.006743295 0.008868963 0.0013011963 0.5665503 0.115496404 0.012228208 0.10116691 0.083272025 0.097581744 0.00071772246 0.07204116 0.02560231 0.047531668 0.016963623 0.016091276 7.079851e-05 0.042310745 0.22510007 0.0001975296 0.028186128 0.14182815 0.05307774 0.04468046 0.003063284 4.358258e-06 1.079939e-05 0.0073231505 0.0032973131 1.6459098e-05 0.006197809 0.0056716315 0.0011551435 2.2424003e-05 0.0009891472 0.021410618 0.004719894 0.006312493 0.0012517548 0.0029113845 2.7463042e-05 0.0021397155 0.017404502 0.003650077 0.047522694 3.875437e-05 1.9425912e-05 0.0060568815 0.0010307765 0.010871519 0.18944892 0.0012152259 0.00038128026 0.00012453167 3.8682883e-05 0.013331564 4.8231926e-05 0.0068434505 0.00021024811 0.051729422 5.303468e-05 0.00020087344 0.0065520266 0.00011875291 6.785291e-05 0.005811343 6.178678e-05 7.649324e-06 5.6403194e-05 2.7257665e-05 0.00058700575
0.94698405 0.038511686 0.12332176 0.35373697 0.020470718 0.15208673 0.34377757 0.1860787 0.07936882 0.004972543 6.5539236e-19 0.76392215 0.26883295 0.003580439 0.0005792923 0.33975226 0.011861739 0.45809475 3.139613e-05 0.10902127 0.24350603 0.17471723 0.50418013 0.08083262 0.0055447835 0.08463654 0.045725614 0.425254 0.16127095 0.08227967 0.017335095 0.3302249 0.15055831 0.12366945 0.011955878 5.132815e-06 0.11419772 4.3345586e-05 6.6952575e-06 2.5882833e-05 0.026571937 0.0076606073 0.042766728 2.8794543e-06 0.085270405 0.0841973 0.0305881 0.020844184 0.008803944 0.010477042 0.015634153 0.016245384 0.009031921 0.011107248 0.07151822 0.0025817945 0.0044837855 0.04574028 0.030128326 0.0064852918 0.035317045 0.028546063 0.011000058 0.007936781 0.016838644 6.2358864e-05 0.028720874 0.020222625 0.019127544 0.0069410903 0.009144772 0.011440272 1.5102383e-06 0.0031272417 2.2381146e-05 0.00083725527 0.00086087646 0.0015090024 0.007631193 7.22443e-06 0.0024165325 0.0016358197 0.0025675609 0.0007865593 0.00077600236 1.5554184e-06 0.001793627 0.00014527049 0.0005800203 3.395225e-06 0.0006003912 0.0020186272 1.9577926e-06 0.0005057715 0.00012812682 1.3694092e-06 6.5059314e-05 0.00075486256 6.954909e-05 0.00015976767 6.7953406e-05
0.9282187 0.045861207 0.116351105 0.34499866 0.020006752 0.15674716 0.27449557 0.18707645 0.09203005 0.0032512138 0.76392215 2.4631145e-18 0.34926757 0.0041664657 0.00048057086 0.3911492 0.008559487 0.511353 2.1938587e-05 0.11777565 0.2355284 0.22429588 0.4430743 0.103354454 0.0039855773 0.086955085 0.08459161 0.43098637 0.19504024 0.1298372 0.0140910875 0.26376182 0.157894 0.14662369 0.012164863 5.6976723e-06 0.12717165 2.791567e-05 6.249022e-06 9.19367e-06 0.045305636 0.004034205 0.044163045 2.0222217e-06 0.09090525 0.08379367 0.06168892 0.015773948 0.00808357 0.016706545 0.012970156 0.02064111 0.0046304152 0.0058228634 0.08811017 0.0030968143 0.013116551 0.06007018 0.039016612 0.01576697 0.04155461 0.034971453 0.01657523 0.015204201 0.023006255 2.2921562e-05 0.036663678 0.019190932 0.03313204 0.004865553 0.013900595 0.009636832 5.674158e-07 0.0015129955 1.5034448e-05 0.0008543287 0.00055582926 0.0006351923 0.0056753517 2.3292614e-06 0.0024114517 0.0008867027 0.0024862252 0.000605687 0.0010202494 7.643209e-07 0.003400742 8.409801e-05 0.00042253413 3.4944323e-06 0.0004438793 0.0037884891 7.249258e-07 0.00039586384 3.9712053e-05 7.935198e-07 4.0923365e-05 0.0011399655 4.7875936e-05 0.000117868 7.028514e-05
0.7319899 0.04892352 0.11912691 0.45027933 0.030613087 0.4350665 0.6371837 0.19579591 0.14739 0.0039006344 0.26883295 0.34926757 2.960323e-19 0.011808476 0.00064678484 0.5286509 0.012485 0.30454025 8.3203646e-05 0.36597854 0.5821067 0.30171397 0.28223103 0.096144 0.0063113784 0.3533991 0.033244528 0.3004889 0.41174376 0.11523424 0.061536778 0.23555698 0.36786887 0.25511238 0.023641972 8.811179e-06 0.35331863 9.654893e-05 1.0319268e-05 2.3975539e-05 0.04282043 0.02009482 0.20397191 3.9458346e-06 0.28576475 0.27299118 0.026883826 0.041646793 0.010351194 0.009331973 0.035639454 0.009318892 0.0096375765 0.012567965 0.032429613 0.0010211235 0.0057625403 0.10701658 0.063229285 0.012322735 0.0895072 0.081680246 0.01908952 0.012498182 0.03165928 4.4715896e-05 0.078132376 0.08139599 0.008349012 0.025458217 0.009309657 0.032948796 7.140477e-07 0.018972067 2.1322923e-05 0.0004882838 0.00046817298 0.0032836536 0.020314919 3.1445977e-06 0.0042812745 0.0045364466 0.007206467 0.00032980536 0.0011746045 2.4927444e-06 0.0013608574 8.871471e-05 0.0012469817 1.5783911e-05 0.00041335198 0.0022896254 1.5054886e-06 0.00027317042 0.00016009224 8.8829256e-07 3.0425908e-05 6.8045105e-05 4.5871395e-05 0.00012126049 8.42965e-05
0.9475321 0.39334103 0.2740579 0.029305696 0.40869585 0.085071035 0.011550685 0.15412359 0.169423 0.5023254 0.003580439 0.0041664657 0.011808476 7.3411627e-20 0.2709252 0.0024613997 0.26504108 0.0012848766 0.096252546 0.026977124 0.007983644 0.0007704596 0.0050139716 0.00036048554 0.1911403 0.017611837 0.00018931093 0.0028352547 0.0023990513 0.00042380334 0.06022323 0.009910603 0.0037005255 0.00088870013 0.69222236 0.026116565 0.003716198 0.048389696 0.020261036 0.023722889 0.00023697744 0.055266604 0.0066689965 0.014888684 0.0025171314 0.003148535 7.730091e-05 0.021791281 0.22498992 5.2909043e-05 0.010380385 0.16456084 0.024379877 0.02120073 0.007752094 1.1177049e-06 8.843262e-06 0.0006381447 0.00042459948 3.7743324e-05 0.0006676133 0.00076912495 4.0618026e-05 4.2168813e-05 0.00010660945 0.0063696913 0.0005363459 0.0006364393 0.0036892605 0.00047199294 5.2103023e-05 0.000120825076 0.0032254944 0.0006884704 0.03120939 2.4975154e-06 1.6239868e-06 0.0013088136 4.1397903e-05 0.0021597578 0.13999143 0.0002235413 1.4641063e-05 9.292856e-06 4.583027e-06 0.0028674463 1.3581081e-05 0.0018809127 5.200456e-06 0.029393524 7.762073e-06 1.1464929e-05 0.0015942637 1.8490502e-05 3.4436915e-05 0.0014418679 2.2772874e-05 9.573603e-07 1.4873518e-06 3.7502086e-06 0.0005172858
0.8548788 0.15245743 0.043798596 0.0036996491 0.3360644 0.02075087 0.0022187482 0.021575201 0.08264748 0.5062018 0.0005792923 0.00048057086 0.00064678484 0.2709252 1.7675994e-22 4.736508e-05 0.32947275 0.000120413366 0.76005024 0.018250141 0.0030762916 4.404508e-06 0.0023008795 1.4358556e-06 0.28623572 0.020577569 1.9676166e-07 0.000508355 0.0001637072 1.8143543e-06 0.09228532 0.004479255 0.001626124 9.82054e-06 0.40726745 0.17175248 0.0028554716 0.23973076 0.11223665 0.12324497 3.6435172e-06 0.12274451 0.018648487 0.08475731 0.003803583 0.006042328 2.1832968e-06 0.055321444 0.2499487 3.8063606e-06 0.023109788 0.13327256 0.08555672 0.0737533 0.00071296 1.9450901e-07 1.505175e-07 0.00090095226 0.00017581854 5.1435194e-07 0.0019249894 0.0018164495 1.3380716e-05 2.7501712e-06 0.00014034972 0.03743611 0.0011638503 0.0017584714 0.00014111178 0.001022478 4.7382508e-07 0.0005103862 0.021968435 0.00067640026 0.041069772 1.887348e-06 1.115238e-06 0.001334277 0.00019122199 0.01032515 0.24460535 0.00020249873 1.791421e-05 9.0709755e-06 1.3896843e-06 0.012953086 3.7364396e-06 0.006707474 9.091276e-06 0.04428582 3.771945e-06 1.7994074e-06 0.004198056 1.0069364e-05 5.307544e-06 0.0022755952 5.5691476e-06 7.9904474e-08 5.662349e-06 2.1138706e-06 0.00059323147
0.7627725 0.011356897 0.061216626 0.28578272 0.004127662 0.14655542 0.31970838 0.12251008 0.03230707 0.0010785691 0.33975226 0.3911492 0.5286509 0.0024613997 4.736508e-05 2.9518528e-20 0.0012072602 0.51778215 4.302281e-06 0.103584535 0.41396016 0.59710693 0.28584284 0.4157525 0.0007590915 0.10454136 0.31661594 0.36626303 0.41290978 0.33590364 0.008752038 0.25152117 0.33107626 0.3469937 0.0156168435 1.8453356e-06 0.2758828 1.0563982e-05 2.0211053e-06 3.2380287e-06 0.15876666 0.0037259997 0.04647686 7.5870855e-07 0.1982396 0.1394993 0.151322 0.015550893 0.004639187 0.123468496 0.009346228 0.004716818 0.0033842712 0.0049704756 0.025107816 0.014365188 0.052068133 0.113632895 0.087558165 0.075103424 0.0717572 0.047879834 0.057076376 0.0653336 0.04146273 1.7924001e-05 0.06081802 0.027425751 0.008163373 0.0125438785 0.020823838 0.017043049 2.7426424e-07 0.005436068 7.937534e-06 0.0020263745 0.0012703646 0.0011781193 0.008904207 3.047206e-06 0.0007505881 0.0019463762 0.0079347715 0.0009704827 0.003919983 7.054205e-07 0.003517585 7.6904726e-05 0.0023697382 4.314414e-06 0.0019966809 0.005305649 5.1509954e-07 0.0013097775 6.447519e-05 8.7743297e-07 0.00011738049 0.00078448345 0.0002813342 0.00035166455 2.9430745e-05
0.6885852 0.2559993 0.10952218 0.03512504 0.5007747 0.09190068 0.022384282 0.061393864 0.22464773 0.20127182 0.011861739 0.008559487 0.012485 0.26504108 0.32947275 0.0012072602 4.795442e-21 0.003590538 0.10333686 0.10518424 0.037545677 0.0004363971 0.016766654 0.0005150593 0.64128315 0.14370753 0.00010728504 0.0060009435 0.011036435 0.00024921144 0.47418067 0.018055573 0.015277931 0.0027998416 0.23826651 0.025826948 0.02667194 0.12890092 0.014588603 0.04384794 0.00017771027 0.49326354 0.10882884 0.01571351 0.030491296 0.034457352 0.00050532963 0.28655073 0.15054066 0.0001066844 0.12718137 0.056571387 0.26842496 0.26438066 0.0022442224 1.888224e-05 0.0001271724 0.0044967327 0.0017656055 0.00036697777 0.006477154 0.008847017 0.00013110509 0.00032878632 0.00085926964 0.08454551 0.006399111 0.010364736 0.00039250593 0.007828699 0.00039434104 0.004204407 0.0053302944 0.010391058 0.018299665 3.306401e-05 2.587163e-05 0.015570676 0.0022435526 0.005568811 0.12999357 0.0016823828 0.0005086399 0.00011929971 8.605485e-06 0.008645654 1.5375488e-05 0.006072923 0.00014014095 0.023671595 3.0191464e-05 0.00076749356 0.001262425 7.960075e-05 0.0003645102 0.0020859425 7.478605e-05 5.0484646e-06 1.1639358e-05 2.8144543e-05 0.0008984897
0.9514309 0.024959767 0.0994275 0.30905446 0.007248858 0.1797226 0.26267242 0.19570069 0.05777851 0.0013984016 0.45809475 0.511353 0.30454025 0.0012848766 0.000120413366 0.51778215 0.003590538 2.0461274e-17 6.6422544e-06 0.08359704 0.28937662 0.47677362 0.45988274 0.37459975 0.0013560439 0.039585125 0.38627598 0.6956996 0.2685951 0.2918687 0.00830546 0.31913224 0.2131768 0.29252154 0.013003553 2.7515434e-06 0.11103985 1.0146463e-05 3.0875951e-06 1.797466e-06 0.14079586 0.0025023755 0.010983799 9.1584343e-07 0.06351734 0.033718746 0.3416682 0.0091450075 0.0072845025 0.10913942 0.0065574273 0.027113367 0.0027277991 0.0037242447 0.18409264 0.039433606 0.07343687 0.05342966 0.05870864 0.112796776 0.026350617 0.0138439 0.030978894 0.12906273 0.018724374 1.5337426e-05 0.022082383 0.010105037 0.07324324 0.0020007028 0.06500592 0.0060371896 5.0548164e-07 0.0006973336 3.2853209e-06 0.006074693 0.005361864 0.00065366767 0.0039774817 8.145365e-06 0.0013298943 0.0009263648 0.0030150735 0.0031579745 0.0023482717 4.4278508e-07 0.0155824255 0.00010764785 0.0010142023 2.0966904e-06 0.00096025574 0.016528318 6.619562e-07 0.0011738901 3.1666794e-05 1.251239e-06 0.00015513846 0.007964586 0.00028939103 0.00028113925 2.1709397e-05
0.8799328 0.020559479 0.0038819402 0.00024541802 0.08248663 0.0020964367 0.00017604252 0.0011139811 0.010312456 0.44081438 3.139613e-05 2.1938587e-05 8.3203646e-05 0.096252546 0.76005024 4.302281e-06 0.10333686 6.6422544e-06 3.638168e-24 0.0024012236 0.0004662786 7.2197975e-07 0.00017593478 4.6422957e-07 0.10926726 0.002773747 1.6530253e-08 2.4862191e-05 5.804303e-05 8.793178e-07 0.016820924 0.00029409773 0.0005225428 8.673334e-06 0.3605413 0.5487003 0.00097254093 0.47767892 0.33940047 0.3548976 2.2742825e-06 0.024013873 0.0035811407 0.2020102 0.0016581988 0.0022347579 3.729307e-07 0.011540693 0.16074991 5.892222e-07 0.0074252444 0.031088183 0.018660165 0.015518405 5.468208e-05 2.7987332e-08 1.7933155e-08 0.00096731575 0.0002836208 1.6806756e-07 0.0021095048 0.001519315 9.374713e-06 5.583184e-07 0.00020131953 0.022317734 0.0013924869 0.00118868 6.365601e-05 0.00038897648 2.0097642e-07 0.0006403354 0.035575774 0.00039040952 0.05646826 7.033355e-07 3.952815e-07 0.00039565607 0.0002660887 0.0109039 0.12482074 0.00018366975 2.5579944e-05 6.5676504e-06 1.5578576e-06 0.008817969 7.263008e-07 0.0030664909 7.3885894e-06 0.040475704 3.8507956e-06 3.554785e-07 0.0040174383 1.32825135e-05 4.7154126e-06 0.002695594 3.918049e-06 2.2489655e-08 5.1139405e-06 1.2107708e-06 0.00010791314
0.33857664 0.15861087 0.1577256 0.25101858 0.13897526 0.50667727 0.24846296 0.1736468 0.48789045 0.022801317 0.10902127 0.11777565 0.36597854 0.026977124 0.018250141 0.103584535 0.10518424 0.08359704 0.0024012236 1.7436981e-21 0.652657 0.040293794 0.08008217 0.01385035 0.0743983 0.6685708 0.0038597414 0.054928944 0.22743288 0.015977774 0.35753766 0.08125443 0.28740922 0.07650372 0.047779713 0.0012388513 0.34900558 0.0054763868 0.0006899055 0.0019234078 0.0071683186 0.14239067 0.4305462 0.00048529016 0.3140692 0.3308911 0.007053312 0.17090806 0.0131719755 0.0030309109 0.11612583 0.0113892555 0.039155632 0.056646995 0.0032029976 0.00057155534 0.0010822471 0.059140667 0.023191327 0.0033515198 0.06849277 0.07382426 0.0062561687 0.0031266066 0.01241596 0.000910763 0.03919828 0.07149853 0.0013156112 0.02132976 0.0022577972 0.025525473 2.3935696e-05 0.018579103 0.00029482055 5.7699253e-05 5.053067e-05 0.0217478 0.012349246 5.8073598e-05 0.0053924425 0.005887704 0.0029160443 0.00010443323 6.207039e-05 5.0858653e-05 0.00022665094 0.0002941196 0.00028278946 0.0003168893 4.5319597e-05 0.0017981366 2.4277735e-05 9.118606e-05 0.0007859632 1.1167572e-05 4.635885e-05 6.9782313e-06 1.6132422e-05 6.709316e-05 0.00012540225
0.35852173 0.08544301 0.1109057 0.33029643 0.052468766 0.47363377 0.46985075 0.14621693 0.3577573 0.0080916565 0.24350603 0.2355284 0.5821067 0.007983644 0.0030762916 0.41396016 0.037545677 0.28937662 0.0004662786 0.652657 1.6334477e-21 0.25991705 0.1865121 0.079847075 0.019135207 0.57833916 0.028944658 0.15884392 0.614481 0.09148915 0.18076521 0.16249599 0.6432046 0.35514554 0.031142976 0.000177832 0.61334145 0.0014115431 0.000113622475 0.0004907309 0.044531487 0.06609646 0.37734774 4.017825e-05 0.49365646 0.4447966 0.022024434 0.09840237 0.0079442365 0.02281976 0.07013871 0.0043433127 0.021103933 0.025582492 0.003016976 0.0055154343 0.0046381676 0.20825446 0.109127425 0.0072373915 0.1624695 0.13624957 0.03985937 0.00621628 0.046856996 0.00028114996 0.07242753 0.08837594 0.0010012892 0.026893703 0.0048195953 0.041407805 3.689987e-06 0.019474978 7.899011e-05 0.0006150723 0.0006893047 0.010069505 0.022110045 2.3248907e-05 0.0012875341 0.006840802 0.015292551 0.0005894148 0.0013478947 5.6978624e-06 0.0012727585 0.00014376301 0.0024888725 7.9965816e-05 0.0004800441 0.0034466945 7.3990323e-06 0.0004267781 0.00018938661 3.4507807e-06 7.4091055e-05 0.00013741884 6.2325686e-05 0.00027444653 2.4766417e-05
0.5910621 0.002409816 0.020329405 0.09211987 0.0011144927 0.052484855 0.13451727 0.052073237 0.015209691 0.00038945398 0.17471723 0.22429588 0.30171397 0.0007704596 4.404508e-06 0.59710693 0.0004363971 0.47677362 7.2197975e-07 0.040293794 0.25991705 1.2580627e-21 0.1490334 0.63898724 0.00033986312 0.039276946 0.54820144 0.27061555 0.4045457 0.54835606 0.004215569 0.14303443 0.3010665 0.43319684 0.00906811 6.7264284e-07 0.22600308 3.6671804e-06 7.787539e-07 1.088746e-06 0.38321474 0.0013728505 0.02452448 2.3595325e-07 0.14275976 0.07924915 0.29097903 0.0068940762 0.002401513 0.34067118 0.007145717 0.001404748 0.0024346334 0.0033866183 0.008051564 0.08841868 0.12500674 0.11732603 0.113017134 0.1551218 0.068645276 0.044760663 0.14374486 0.11586923 0.05245627 8.83876e-06 0.069522336 0.0338021 0.003665219 0.008387722 0.03949535 0.021553788 6.5422704e-08 0.003993029 1.3832026e-06 0.0045396644 0.004798453 0.0013907887 0.009179316 1.2262097e-06 0.00014803995 0.0016411309 0.013063033 0.0015245305 0.014833305 4.2941625e-07 0.005099447 4.7159137e-05 0.0030631865 1.6836619e-06 0.003303358 0.006560324 3.769476e-07 0.0008384039 4.4873912e-05 5.698028e-07 7.418438e-05 0.0009980834 0.00048793442 0.000385182 3.1005636e-06
0.9718152 0.038815886 0.11981363 0.37048987 0.026011955 0.13453513 0.35324344 0.25988942 0.07180724 0.0056190453 0.50418013 0.4430743 0.28223103 0.0050139716 0.0023008795 0.28584284 0.016766654 0.45988274 0.00017593478 0.08008217 0.1865121 0.1490334 1.03063746e-16 0.06784478 0.0059014936 0.03763774 0.025783377 0.76678294 0.09536094 0.060810663 0.0066794953 0.7062295 0.070455186 0.07512574 0.011462344 0.00010004835 0.039392006 9.7426986e-05 0.00011746739 0.00010197095 0.017827436 0.005410356 0.012507607 6.067892e-05 0.021370748 0.022977285 0.022424322 0.008850988 0.010800952 0.004588378 0.008099343 0.031610057 0.004307871 0.0058518946 0.16530848 0.0024687634 0.0040298286 0.008960971 0.0075400244 0.0031389128 0.00638813 0.006506267 0.002397529 0.0020999173 0.0036510793 0.0001059574 0.007820924 0.005131259 0.030267097 0.0021663064 0.003928902 0.002991141 2.7705006e-05 0.0019254163 0.00035165405 0.00046866058 0.0003843095 0.0033983088 0.002465613 0.00010777831 0.009620657 0.00079735654 0.0009968274 0.00035922913 0.0003481531 6.32794e-05 0.0017161203 0.00047282965 0.0002681851 0.00011590172 0.00034729738 0.0013347517 0.00013637664 0.00029773335 0.0015159297 2.3392357e-05 9.6694355e-05 0.0008596976 0.00016994486 5.239557e-05 0.0010879162
0.4716404 0.0010090616 0.005716328 0.023141019 0.0005525092 0.02031549 0.04406055 0.014309653 0.011287839 0.00033086864 0.08083262 0.103354454 0.096144 0.00036048554 1.4358556e-06 0.4157525 0.0005150593 0.37459975 4.6422957e-07 0.01385035 0.079847075 0.63898724 0.06784478 7.924521e-22 0.0002449749 0.008333746 0.7740702 0.16786276 0.22120649 0.543793 0.0025036621 0.057347834 0.13388658 0.33265755 0.0035399764 4.3233211e-07 0.080472544 1.00636e-06 4.5399318e-07 5.058197e-07 0.4191598 0.0010099203 0.0103763975 1.2657233e-07 0.05874307 0.03594896 0.31743535 0.0051253266 0.00081376324 0.39164174 0.0060810857 0.000525364 0.002818212 0.0047503687 0.0060880203 0.121525116 0.12812215 0.09368024 0.09262653 0.19041677 0.051894147 0.028145015 0.14137849 0.1673213 0.045770172 8.485614e-06 0.050165914 0.020481618 0.002554918 0.004997735 0.056012057 0.01333573 2.4512415e-08 0.0011312668 1.3099965e-07 0.0067174793 0.013030435 0.0014968147 0.005612926 2.8345625e-07 1.5516458e-05 0.0007643112 0.006520514 0.003873106 0.02207976 8.821067e-08 0.006686079 1.5988238e-05 0.001118499 1.5274439e-07 0.003979034 0.0049717063 7.4501045e-08 0.0016039714 1.6339969e-05 8.2322444e-08 7.683889e-05 0.0019587742 0.0006266242 0.00029906287 3.9965195e-07
0.3015247 0.19363688 0.043744806 0.01353895 0.38976127 0.04102313 0.009346874 0.023326842 0.16147919 0.16196105 0.0055447835 0.0039855773 0.0063113784 0.1911403 0.28623572 0.0007590915 0.64128315 0.0013560439 0.10926726 0.0743983 0.019135207 0.00033986312 0.0059014936 0.0002449749 4.6580544e-21 0.11111097 3.0399775e-05 0.0027385969 0.0055424734 0.00016997938 0.56964004 0.0057515595 0.009333246 0.001569406 0.13649063 0.024106923 0.017074341 0.20570683 0.013759799 0.057879075 0.00015367565 0.5957374 0.10694019 0.018707309 0.021188451 0.020931074 0.00038191836 0.33856744 0.077709064 0.00012983732 0.16374053 0.043388944 0.37277302 0.3525227 0.00067454274 1.8198973e-05 9.852082e-05 0.0021698584 0.0007321387 0.00016510545 0.0039202785 0.0054770713 7.1247094e-05 0.00011279612 0.0005959655 0.2501851 0.004521412 0.012380235 0.00025571277 0.0065890793 9.708788e-05 0.00383878 0.013224443 0.006618809 0.0149043035 1.1680779e-05 2.2711212e-05 0.019962369 0.0017214797 0.0069327387 0.05660961 0.0012108387 0.00023671045 4.156179e-05 1.4878506e-05 0.015838435 8.021164e-06 0.008356391 3.864756e-05 0.021464838 3.9784496e-05 0.0003873787 0.0019089291 6.833723e-05 0.0004331548 0.0034245327 4.837464e-05 1.4897637e-06 5.9805643e-06 3.5843746e-05 0.0012411864
0.108560614 0.14884621 0.117238075 0.18453872 0.11486044 0.46411216 0.2112842 0.12319184 0.4550059 0.02416161 0.08463654 0.086955085 0.3533991 0.017611837 0.020577569 0.10454136 0.14370753 0.039585125 0.002773747 0.6685708 0.57833916 0.039276946 0.03763774 0.008333746 0.11111097 3.7654628e-22 0.0020164156 0.021680037 0.2241666 0.015562028 0.48374712 0.027296891 0.31516612 0.08075021 0.03736023 0.0013360272 0.43624973 0.00703016 0.00060185307 0.0030391978 0.0060722455 0.2499083 0.6966191 0.00046918425 0.42754972 0.46330437 0.0028653538 0.3240603 0.009677886 0.0017409524 0.18194579 0.0073394305 0.067552894 0.09498871 0.0013042259 0.00035017668 0.00043279456 0.07844459 0.026512535 0.0009144889 0.107304 0.13569804 0.0023280648 0.0007949735 0.010307987 0.002098288 0.035971403 0.122031964 0.00082794105 0.031950478 0.0008414923 0.030460192 1.9381649e-05 0.025317648 0.000217312 7.806988e-06 1.4134471e-05 0.026311435 0.010560896 0.00012144392 0.0023423324 0.0048779487 0.0020757641 3.4022407e-05 4.4067416e-05 3.8728987e-05 7.499466e-05 0.00014111704 0.00014930408 0.00046199304 6.233014e-05 0.0009927549 2.2803213e-05 6.423363e-05 0.0010390265 1.0275901e-05 1.8396557e-05 4.119207e-06 7.650447e-06 3.5863646e-05 8.505841e-05
0.67704254 0.00041739582 0.0015073406 0.008381273 0.0001252372 0.0058303033 0.008716755 0.0037021814 0.0023470838 0.00012915241 0.045725614 0.08459161 0.033244528 0.00018931093 1.9676166e-07 0.31661594 0.00010728504 0.38627598 1.6530253e-08 0.0038597414 0.028944658 0.54820144 0.025783377 0.7740702 3.0399775e-05 0.0020164156 1.3511784e-20 0.083248705 0.15893538 0.5463408 0.00021421586 0.021675983 0.08028008 0.29819962 0.0012016661 8.95982e-09 0.03185321 7.07191e-08 1.6302836e-08 2.8902141e-08 0.5093901 0.00016413727 0.004143236 3.09381e-09 0.026349492 0.013441463 0.65916234 0.001713302 0.00024378537 0.63579494 0.0014830913 0.0006996527 0.00074879534 0.0009021895 0.008472374 0.22724834 0.4308534 0.086288095 0.10854604 0.49707046 0.036564186 0.016061556 0.26966992 0.47247848 0.0569188 4.9831306e-07 0.037535608 0.013591072 0.0043746023 0.0024689683 0.19687909 0.0121485805 2.9750682e-08 0.00032535184 3.703519e-09 0.011964631 0.016906386 0.000601826 0.008125888 1.4593316e-07 4.064507e-07 0.00030366264 0.010361911 0.0043775947 0.063646555 9.909567e-08 0.015365521 5.822152e-06 0.0024214992 1.154825e-09 0.005545844 0.012432063 8.4180364e-08 0.0009962828 7.2868255e-07 5.876938e-08 0.00010819106 0.008138153 0.0013414943 6.233246e-05 5.9875117e-07
0.9802934 0.024319742 0.058104806 0.23873001 0.012578475 0.0964693 0.23897435 0.13227752 0.05649768 0.0022559224 0.425254 0.43098637 0.3004889 0.0028352547 0.000508355 0.36626303 0.0060009435 0.6956996 2.4862191e-05 0.054928944 0.15884392 0.27061555 0.76678294 0.16786276 0.0027385969 0.021680037 0.083248705 1.0322743e-16 0.14966647 0.13253644 0.0036916325 0.5477312 0.08178025 0.14945719 0.0065528615 1.9051562e-05 0.03252221 1.19624e-05 1.9381168e-05 7.980556e-06 0.04092058 0.0020869307 0.0057655443 6.0398534e-06 0.016623607 0.012557609 0.059798505 0.0049180104 0.0059212563 0.013317663 0.004218002 0.019049956 0.0016205538 0.0026040995 0.17060468 0.0045427284 0.008898531 0.007715927 0.0063128117 0.007898024 0.004889891 0.0049050283 0.0028682817 0.0057243826 0.0033410366 2.6991307e-05 0.0050373557 0.0037496008 0.03806274 0.0010390523 0.0045750076 0.0019359252 1.816347e-06 0.0009176357 1.0453044e-05 0.00049787015 0.0003667392 0.0014601642 0.0010716596 4.874384e-06 0.0042709755 0.00035118248 0.0006929433 0.00011127382 0.00024314313 1.3783391e-05 0.0014528254 0.00048354326 0.00017512824 1.4065535e-06 0.00021629865 0.0010885671 1.1513708e-05 0.0002246175 0.00099367 8.542121e-07 3.3973967e-05 0.0008356917 6.761048e-05 2.9074079e-05 0.0008464317
0.18329689 0.02447905 0.032507077 0.1554315 0.015470756 0.20325162 0.22332053 0.055427168 0.10960491 0.004468305 0.16127095 0.19504024 0.41174376 0.0023990513 0.0001637072 0.41290978 0.011036435 0.2685951 5.804303e-05 0.22743288 0.614481 0.4045457 0.09536094 0.22120649 0.0055424734 0.2241666 0.15893538 0.14966647 2.913392e-20 0.32128224 0.06477164 0.050940786 0.69072986 0.6289759 0.015860066 7.010406e-05 0.6194978 0.00011172946 4.412027e-05 5.4181986e-05 0.26017335 0.016756041 0.20198005 6.420855e-06 0.5177602 0.37527692 0.095123984 0.034527108 0.0033032699 0.27576387 0.015230564 0.003167504 0.0075238124 0.009816033 0.0035742791 0.04052922 0.034403734 0.37966064 0.29378498 0.038875744 0.27970517 0.17635992 0.2612778 0.020658854 0.11278551 0.00028943105 0.15894437 0.104001366 0.0010115233 0.021769986 0.008944613 0.062947 8.6668473e-07 0.012533172 1.8946906e-05 0.0037307714 0.003454281 0.0057981955 0.03828646 6.3775437e-06 0.0002873362 0.0054889824 0.03986796 0.001719514 0.019763863 2.4454607e-06 0.0052070715 0.0001875193 0.011276896 3.649215e-05 0.003187553 0.005395094 2.6060236e-06 0.0016382419 0.00012592776 5.7681257e-07 0.00014996208 0.00075951614 0.00021443251 0.0008357827 1.8350509e-05
0.37089983 0.0009818986 0.0034897302 0.02936489 0.0004233921 0.015085738 0.042345196 0.016695349 0.004662446 0.00019579382 0.08227967 0.1298372 0.11523424 0.00042380334 1.8143543e-06 0.33590364 0.00024921144 0.2918687 8.793178e-07 0.015977774 0.09148915 0.54835606 0.060810663 0.543793 0.00016997938 0.015562028 0.5463408 0.13253644 0.32128224 2.3012556e-21 0.002196612 0.05609958 0.17487305 0.5111936 0.0059279427 2.9649863e-07 0.11662668 8.878919e-07 2.9127557e-07 3.552389e-07 0.5731541 0.0006544782 0.012914491 4.5836906e-08 0.099386655 0.055461857 0.31720418 0.0032681513 0.0010351352 0.5223721 0.0023910352 0.0013044224 0.0013930559 0.0016720858 0.0077233664 0.1551331 0.1460584 0.15962397 0.16319935 0.1891817 0.08478836 0.05118941 0.25569624 0.15349652 0.06809805 3.9573056e-06 0.07835693 0.03401031 0.0033952105 0.0072580543 0.048455887 0.027618723 9.84699e-09 0.0022303695 1.4074371e-07 0.00888885 0.01144101 0.0014884715 0.015864996 3.2587675e-07 1.7184851e-05 0.0011066615 0.023463173 0.0042506624 0.05662598 1.5311484e-07 0.010717594 9.8835e-06 0.0045591923 2.1356158e-07 0.0058881897 0.012220544 1.7902849e-07 0.0024116747 2.117471e-05 2.8509263e-07 8.671072e-05 0.0030583993 0.00045093286 0.0006414683 4.2441807e-06
0.26330012 0.25591108 0.078499526 0.043597955 0.36621004 0.23414277 0.042845838 0.04167283 0.39785582 0.06429085 0.017335095 0.0140910875 0.061536778 0.06022323 0.09228532 0.008752038 0.47418067 0.00830546 0.016820924 0.35753766 0.18076521 0.004215569 0.0066794953 0.0025036621 0.56964004 0.48374712 0.00021421586 0.0036916325 0.06477164 0.002196612 6.653525e-20 0.0080319615 0.07454856 0.036935247 0.051025014 0.006060582 0.13986856 0.045827445 0.0042967866 0.014484628 0.0013762233 0.62456197 0.5130699 0.0051427353 0.17265691 0.194104 0.001007096 0.51795065 0.024157645 0.00072928326 0.31466967 0.022841219 0.3448199 0.35565677 0.0016151497 0.00015110927 0.00026930767 0.017691342 0.008218205 0.0007116371 0.032137506 0.056044642 0.0010943303 0.0004641528 0.0031567083 0.03927867 0.02399097 0.07418752 0.0008903005 0.028967282 0.0010075624 0.019803328 0.0002236347 0.03501545 0.0024964248 1.6385957e-05 4.9037233e-05 0.054478504 0.00945515 0.000809537 0.022034483 0.008061533 0.0025955245 0.0002220254 9.1627764e-05 0.0006172668 0.00013370761 0.003994095 0.00042955021 0.0050135655 0.00031452367 0.0021568474 0.00018976697 0.00044409125 0.004320346 0.00026166998 0.0002449611 3.4790384e-05 2.4754541e-05 0.00017286655 0.0020947286
0.99711406 0.073722 0.19751887 0.43844786 0.042067457 0.22108378 0.3331174 0.45995343 0.11197412 0.006743295 0.3302249 0.26376182 0.23555698 0.009910603 0.004479255 0.25152117 0.018055573 0.31913224 0.00029409773 0.08125443 0.16249599 0.14303443 0.7062295 0.057347834 0.0057515595 0.027296891 0.021675983 0.5477312 0.050940786 0.05609958 0.0080319615 6.0994077e-18 0.036088616 0.0524546 0.018830514 9.399713e-05 0.019861985 0.0002024968 0.00011610184 8.754136e-05 0.015037239 0.0035621852 0.0082386695 9.442713e-05 0.011428442 0.012742686 0.012209833 0.0057749236 0.008764936 0.0032329825 0.004633673 0.04311286 0.0023603905 0.0027385615 0.15881343 0.0022006643 0.0034933065 0.0055954074 0.0055912063 0.0014018719 0.003903706 0.003734187 0.0009023642 0.0007709543 0.0018523965 0.00014169408 0.0041733575 0.003957448 0.02536395 0.0029292891 0.0012597106 0.002716969 2.9149876e-05 0.0035932134 0.0005519849 0.00021479622 0.00019541067 0.010102931 0.0014818578 8.332864e-05 0.010325225 0.0006567344 0.0005505058 8.68766e-05 0.00021219559 3.9369803e-05 0.0009142151 0.0008279631 0.00024031522 0.00015429241 0.00021331213 0.00049572065 6.403339e-05 0.00031708876 0.005120231 6.193282e-06 5.1686515e-05 0.0001530288 5.825282e-05 4.86321e-05 0.0033395295
