2.8132815e-22 1.0545647e-06 7.235099e-07 6.309825e-07 4.987229e-07 2.0286063e-07 8.846391e-08 8.1047347e-07 4.187726e-07 2.1495298e-06 3.7843056e-05 3.1795436e-05 9.9950215e-05 5.0244563e-07 6.613927e-07 1.4687e-07 3.657734e-07 1.9731674e-07 0.00074939645 6.645512e-06 0.0006881294 0.00016492337 0.001113323 0.0012579159 3.085292e-07 0.00032903225 5.7918237e-07 0.00041627366 4.2499585e-07 3.9036388e-07 3.1677973e-05 6.377553e-05 0.0015168545 0.0013311466 4.8809965e-05 0.0014739109 2.298124e-06 0.0044142203 0.00033786453 0.00034282988 5.6246825e-09 0.00042396464 9.896676e-06 4.6327755e-06 0.00022491481 0.024062254 0.0009404358 0.12199823 1.931185e-09 1.1753825e-09 1.0435262e-09 0.028400447 0.009038331 0.013968775 6.766163e-05 2.0696598e-08 1.6292632e-09 0.0571386 0.0014292521 0.021994498 5.4828975e-05 4.8115925e-07 0.008086666 9.300653e-13 0.00026024322 2.09258e-11 0.02262318 1.2210237e-08 2.395595e-09 1.3553525e-08 1.0450499e-09 4.7834337e-06 5.2349812e-11 0.013207857 4.3431214e-08 3.1248363e-14 1.5753717e-14 8.5513334e-16 0.014750978 5.9430505e-08 1.9772278e-06 7.790883e-14 0.08000862 7.9188585e-06 4.543956e-07 0.016694617 0.009091585 6.7999752e-09 0.0044240355 3.9205736e-07 0.005750967 0.014958772 0.069207355 3.9856414e-07 0.00015074929 0.02601259 0.01565348 0.0155329 0.008033014 0.0040445193 4.0925008e-16
1.0545647e-06 1.2324154e-24 0.29550955 0.2101493 0.3085281 0.2728407 0.29399198 0.109988324 0.2835765 0.23929624 0.20736465 0.12468691 0.21698286 0.14948125 0.14888974 0.048244663 0.023068162 0.23721819 0.07952168 0.008678154 0.06095383 0.03360773 0.09376873 0.069130644 0.17907529 0.10380918 0.003136665 0.039310325 0.11810679 0.028564105 0.018180378 0.0150712645 0.08325838 0.067469455 0.021438692 0.030348513 0.028364766 0.074307635 0.021217017 0.032948583 0.03871507 0.015686132 0.011904383 0.003484539 0.007150832 0.06506122 0.00493275 0.059059676 0.033291277 0.0005417442 0.0005410049 0.027525675 0.022356795 0.030656816 0.002143862 0.00032779167 0.0029836707 0.024134278 0.0034230517 0.025621846 0.00092546945 0.0008099536 0.009118863 0.0049149576 0.00036329086 1.6337965e-06 0.0070083914 0.00073646364 2.3738468e-05 0.00053903373 1.8590675e-06 5.062695e-05 0.00011482935 0.0040014307 0.0004915417 0.015862107 0.0056292424 1.7937597e-05 0.014616176 0.00010590072 0.00018991165 0.0017106538 0.020684423 6.0160455e-05 2.9738342e-06 0.0012324827 0.0011146341 1.5894321e-06 0.000110840854 3.2004386e-06 0.00091026665 0.011803292 0.015209488 2.0435182e-06 9.825454e-05 0.00902083 0.0056258794 0.00936509 0.0014541803 0.0018927918 3.1176214e-10
7.235099e-07 0.29550955 6.7935153e-25 0.16885823 0.2046007 0.1584143 0.17293881 0.093885995 0.19064121 0.15315223 0.24708655 0.11853091 0.30493256 0.089991085 0.10792597 0.046690214 0.033183947 0.1432204 0.13337097 0.020786794 0.0799548 0.06063659 0.12629174 0.100572065 0.096337706 0.16101189 0.0072959224 0.06522635 0.061459184 0.03749545 0.024668025 0.0235637 0.11961249 0.1108016 0.02432851 0.042459436 0.02594084 0.10268603 0.02761313 0.04971333 0.030025138 0.024221433 0.014904795 0.0058592684 0.012442145 0.09346382 0.011330138 0.08532279 0.017086288 0.0015888428 0.001552556 0.042579126 0.045263354 0.056624025 0.0033003145 0.0004005932 0.00094246713 0.047462896 0.0075417785 0.046182577 0.0019731675 0.000332316 0.01936896 0.0051322286 0.0018197696 2.8196218e-06 0.023142966 0.0011932128 2.2452314e-05 0.00097444514 5.2770542e-06 0.00018414418 0.00085375074 0.014460371 0.00031935272 0.009350797 0.0022635749 1.6105738e-05 0.029619569 5.2468826e-05 0.000101218226 0.0009576051 0.044343 0.000109330445 5.3929285e-05 0.005768245 0.004539312 1.9766999e-06 0.0013182361 1.6065254e-05 0.0038623372 0.019650225 0.028257873 2.4669323e-05 0.00025891856 0.01474538 0.010831031 0.021730756 0.003927931 0.006953802 6.7953426e-10
6.309825e-07 0.2101493 0.16885823 4.3135313e-24 0.18343095 0.117256485 0.13070916 0.051207084 0.25283632 0.41663727 0.09978089 0.05407782 0.23875508 0.08153226 0.35039917 0.31184694 0.19936743 0.12426053 0.059132107 0.14067578 0.04457045 0.15683308 0.06119197 0.046917778 0.05209779 0.11474517 0.053409662 0.16089763 0.06762682 0.25914773 0.14428611 0.103633285 0.060403436 0.2391246 0.016811758 0.02701477 0.016486276 0.049056668 0.018333998 0.020281337 0.08028996 0.08992156 0.010251509 0.0021774527 0.0065498967 0.062690936 0.05429298 0.11779418 0.0075984155 0.033623375 0.02409227 0.022389388 0.024069425 0.025838269 0.0020901205 0.017694075 0.0022558398 0.03389779 0.005561524 0.01843899 0.0012814905 0.0007955256 0.064113945 0.014211882 0.016032228 0.0005964414 0.04300006 0.0014765213 0.00048998505 0.00087302097 4.7091904e-05 0.002452044 0.001178171 0.0344499 0.0005548561 0.013795577 0.0025026347 0.0032772042 0.014781275 0.00020740804 0.00012212836 0.0025148436 0.017878156 5.5484332e-05 0.0003170162 0.002780237 0.0029271839 0.000100889214 0.010130728 0.00031007561 0.0025039345 0.012240395 0.012037697 0.00019599745 0.00029976276 0.0066674417 0.005580395 0.011495635 0.011159684 0.013632306 2.4587564e-05
4.987229e-07 0.3085281 0.2046007 0.18343095 2.1111275e-24 0.27620387 0.3135882 0.1251338 0.38114753 0.31511742 0.13557568 0.103852086 0.13214007 0.14388022 0.25943372 0.0620231 0.030820245 0.32816046 0.087372385 0.020650532 0.05441521 0.046020675 0.08230218 0.07200112 0.20391308 0.08909641 0.006608707 0.044067 0.10564858 0.060400106 0.030741422 0.02670403 0.07432644 0.06479334 0.032408044 0.044081878 0.0320984 0.06319066 0.03258607 0.0483729 0.107599206 0.026314184 0.024715062 0.008091133 0.017545149 0.059188444 0.013139312 0.053967316 0.04406137 0.0022462106 0.002600837 0.031921376 0.03250483 0.034200802 0.0061789085 0.00048629413 0.009607967 0.03706405 0.008662015 0.028084146 0.0036556541 0.0029071823 0.011660112 0.007933932 0.00055054127 6.166716e-05 0.010194874 0.0027415238 8.002242e-05 0.0016963858 4.486514e-05 7.405595e-05 0.01082325 0.007807499 0.0007935074 0.037424084 0.010775967 0.00024768253 0.027986577 0.00096604385 0.0003808879 0.0083027445 0.027939685 0.00023801319 0.0001072969 0.004470918 0.0050116624 9.621092e-06 0.00082378916 2.8155417e-05 0.0044305804 0.022391237 0.024563108 4.145511e-05 0.0008574761 0.013153298 0.009807816 0.020722257 0.0029352624 0.0034644557 1.125669e-06
2.0286063e-07 0.2728407 0.1584143 0.117256485 0.27620387 4.908334e-23 0.40017402 0.24299796 0.29296035 0.21983293 0.16136031 0.21276063 0.122852005 0.3549693 0.16749671 0.029847223 0.017083738 0.32509118 0.09986876 0.008469505 0.096870095 0.030475372 0.1128787 0.07741382 0.37960437 0.0676563 0.002705752 0.025688443 0.30639923 0.03870706 0.014105367 0.015161986 0.10118325 0.036270007 0.08053184 0.07537359 0.1255583 0.08027308 0.06923328 0.07066086 0.058042835 0.014562524 0.08558139 0.02755852 0.03529219 0.053710226 0.008038732 0.027848836 0.08791863 0.0012357363 0.0014001185 0.036716606 0.039029665 0.04046832 0.015569243 0.0001330689 0.042909395 0.030310765 0.0151920775 0.024450231 0.010584813 0.01298772 0.0076471106 0.002681842 0.00020579534 2.5912792e-05 0.0022617625 0.010381376 3.1600543e-05 0.005974784 1.4932152e-05 4.952195e-05 0.010289346 0.002617158 0.0032633925 0.04512287 0.021937404 2.1767506e-05 0.028649418 0.0025742077 0.003045899 0.014576065 0.03504551 0.0022174325 1.7344115e-05 0.0043436917 0.004391448 1.6919176e-06 0.00019308728 6.7864516e-06 0.0035976453 0.01959872 0.021024702 1.0177436e-05 0.0033143724 0.010365908 0.0077633285 0.016255457 0.0011772398 0.0019384274 2.59979e-08
8.846391e-08 0.29399198 0.17293881 0.13070916 0.3135882 0.40017402 4.9129575e-24 0.20120038 0.3726678 0.22438647 0.16433358 0.17532775 0.12185267 0.2793666 0.19350743 0.030587204 0.017511247 0.41346744 0.097625785 0.012895949 0.08848673 0.032735057 0.09387255 0.06376395 0.34387937 0.06259546 0.0032856017 0.027247377 0.25596544 0.03838437 0.014272896 0.013507346 0.07673582 0.038473394 0.076716416 0.063003555 0.100512326 0.062169522 0.06451095 0.05068791 0.057340182 0.014856197 0.07548234 0.024410175 0.024948113 0.044701185 0.0085021965 0.03156396 0.09372863 0.0011405696 0.000815973 0.0332342 0.037398625 0.03887463 0.012926881 0.00018050778 0.027146805 0.02639891 0.010929052 0.022867076 0.011014665 0.011035725 0.010094282 0.0064094756 0.00077272934 2.2848099e-05 0.0038955992 0.0064387047 2.7244414e-05 0.0046163104 1.0135196e-05 5.99923e-05 0.008462401 0.00402911 0.0023873225 0.041515052 0.020017678 2.1177842e-05 0.021734871 0.0020065394 0.0021408852 0.010272355 0.025769543 0.0015534248 1.04368655e-05 0.0042825914 0.0047315196 1.8944457e-06 0.00028020318 3.343036e-06 0.0044513224 0.01369651 0.015562873 5.2944047e-06 0.002243037 0.0101254545 0.0052830623 0.012737395 0.0016235091 0.002197641 1.3861288e-08
8.1047347e-07 0.109988324 0.093885995 0.051207084 0.1251338 0.24299796 0.20120038 1.18844625e-20 0.15174545 0.14753813 0.10930861 0.1696029 0.06514338 0.3739303 0.084365144 0.01678267 0.005276051 0.08336507 0.06403144 0.0020310497 0.09945088 0.01690114 0.10907917 0.05768185 0.19280578 0.0596208 0.0007117772 0.014999169 0.2827792 0.021573327 0.0031996884 0.0044635925 0.11862574 0.03832588 0.10412646 0.08488371 0.14595294 0.099835835 0.09680247 0.09247242 0.021691013 0.0064524375 0.10487289 0.061171312 0.049040645 0.049496 0.0038086798 0.037645567 0.03173248 0.0014184508 0.0010516351 0.06289295 0.07045998 0.052932896 0.024546588 9.871325e-05 0.0438417 0.020118145 0.025282474 0.027643843 0.014730312 0.015487459 0.006833844 0.0001104677 8.704246e-05 1.0431195e-05 0.0042010206 0.018174257 7.262749e-06 0.012417163 7.0272205e-07 3.187492e-05 0.013899649 0.003848162 0.0058884514 0.008395389 0.011387123 7.6102065e-06 0.018516699 0.0021248814 0.0052281395 0.018528901 0.060729016 0.0035014446 3.3503246e-05 0.013341809 0.01674343 1.1177219e-06 0.00019813352 1.1086351e-05 0.013219753 0.012693153 0.03576685 1.7370054e-05 0.0027176791 0.011492604 0.006460402 0.015812395 0.00090617425 0.0018969743 1.6632745e-09
4.187726e-07 0.2835765 0.19064121 0.25283632 0.38114753 0.29296035 0.3726678 0.15174545 2.1468352e-25 0.44338968 0.15574035 0.13036732 0.1390344 0.20437217 0.43864644 0.071440846 0.036497235 0.5287784 0.086867005 0.019365147 0.06410436 0.049479246 0.0805504 0.052852795 0.32316804 0.081424594 0.0067829937 0.037404943 0.13987134 0.07290871 0.020941872 0.01997752 0.05381501 0.03979812 0.03366145 0.045763526 0.040022712 0.041586157 0.032259427 0.0333104 0.23202972 0.013944877 0.025769759 0.0059413225 0.013087237 0.042342383 0.008363943 0.027991975 0.098263584 0.0031347575 0.0020925466 0.016442226 0.01460532 0.023194974 0.0035654942 0.0002151275 0.008338707 0.019201431 0.0038507686 0.012844602 0.0023924494 0.0030932426 0.004281421 0.03775312 0.00035346122 5.217682e-05 0.0020246243 0.0018457617 2.63466e-05 0.0012467194 2.2273405e-05 3.677573e-05 0.004781751 0.0016668757 0.0010089701 0.06411065 0.015532085 0.0010200037 0.016536428 0.0009764819 0.00067028444 0.0066166185 0.00993669 0.00022933664 1.0452375e-05 0.00041832196 0.0006346643 1.9366303e-06 0.00023035766 5.4083966e-06 0.0005068686 0.0096252095 0.0045279143 3.5085843e-06 0.00021515398 0.0052534346 0.0021253321 0.0059969616 0.001071262 0.0009830825 2.6990972e-07
2.1495298e-06 0.23929624 0.15315223 0.41663727 0.31511742 0.21983293 0.22438647 0.14753813 0.44338968 1.12953585e-23 0.14953187 0.1039704 0.16518363 0.15952359 0.5780004 0.16937959 0.11241423 0.42381132 0.09182435 0.07632271 0.06946428 0.11370823 0.07617636 0.053733073 0.21856698 0.07857266 0.027841546 0.06787634 0.09069426 0.21217294 0.059716873 0.054175004 0.06703069 0.09467439 0.031923734 0.047869287 0.030367006 0.05068317 0.031472173 0.028762951 0.33728588 0.035594888 0.027642027 0.006617789 0.013993048 0.052124552 0.026953446 0.08642127 0.059070542 0.032898206 0.018440142 0.017775191 0.024681432 0.027802326 0.0052511576 0.0026735354 0.0056787543 0.03735301 0.008377054 0.02163742 0.0020504228 0.0015315188 0.0199787 0.06685898 0.0033106306 0.0010199007 0.0076733953 0.001517944 0.00019366045 0.000775699 8.536942e-05 0.0002978424 0.008628295 0.0053087263 0.00083019683 0.052790646 0.012112989 0.009402922 0.016694712 0.0015872564 0.0006228534 0.0049222778 0.013810103 0.00025717917 0.0004291721 0.0040918724 0.0047956756 1.7397058e-05 0.004948161 0.00010558478 0.0036411695 0.010177879 0.011747025 0.000119451004 0.00046342518 0.008252329 0.0037052294 0.013832319 0.0068854652 0.0058853743 0.00013238488
3.7843056e-05 0.20736465 0.24708655 0.09978089 0.13557568 0.16136031 0.16433358 0.10930861 0.15574035 0.14953187 1.1850074e-25 0.23549514 0.39663655 0.15223031 0.09917398 0.04503648 0.029870586 0.2218862 0.31555203 0.010253318 0.1469232 0.019100688 0.25994253 0.15949543 0.26436168 0.20668343 0.00706816 0.035441693 0.13375065 0.035094738 0.01683887 0.012135275 0.2121685 0.08629206 0.03684346 0.06450562 0.055414822 0.18009715 0.04521308 0.13207017 0.044703137 0.018360645 0.029549846 0.01711246 0.040011946 0.11623239 0.006376918 0.09051279 0.114637665 0.00084142043 0.0004937725 0.07255492 0.082748465 0.118846126 0.0147834895 0.00045255056 0.03252912 0.07606503 0.024445085 0.08639017 0.006780294 0.0056123324 0.005434202 0.00778025 0.00013742999 2.7160759e-06 0.0124199875 0.0021509961 1.2811245e-05 0.0007789645 2.4073934e-06 0.00010250809 0.0016475148 0.00403217 0.00059786823 0.024510711 0.0112052895 1.370463e-05 0.040862486 0.00026340835 0.0023492966 0.008946319 0.07234402 0.0024211276 8.880168e-06 0.016655138 0.01792625 2.9650469e-06 0.0003506724 1.0434467e-05 0.014818317 0.030800354 0.053187985 4.4848052e-06 0.0022480106 0.033597138 0.0230958 0.044644333 0.0022946452 0.00076615164 8.578161e-11
3.1795436e-05 0.12468691 0.11853091 0.05407782 0.103852086 0.21276063 0.17532775 0.1696029 0.13036732 0.1039704 0.23549514 3.8398928e-21 0.10601843 0.23659927 0.064815775 0.03604066 0.018528856 0.110960044 0.09216372 0.0035705334 0.18379821 0.009026207 0.18218438 0.07815883 0.18529819 0.064344466 0.0021358542 0.021416558 0.18398692 0.021571267 0.0052772784 0.004651583 0.16838121 0.04112173 0.08847086 0.1029863 0.11637601 0.13843623 0.09710853 0.13950175 0.014466033 0.0056473706 0.06741511 0.0452806 0.07397732 0.060830683 0.0016823963 0.056129407 0.07004907 0.00067655824 0.00043706075 0.08701858 0.0976468 0.07782289 0.03194458 0.00013612221 0.039103873 0.04177531 0.03192407 0.044700347 0.016829422 0.016594969 0.0015282251 0.0014330404 5.415734e-05 6.685687e-06 0.0045654816 0.017677875 9.093349e-06 0.0149339335 1.0426724e-06 4.4728047e-05 0.008887252 0.00054698414 0.008696149 0.018831452 0.014011476 3.8567932e-06 0.023946906 0.0035598709 0.0075305603 0.01480951 0.06314546 0.0053648436 3.1454283e-06 0.021375002 0.017378364 1.9434704e-06 5.1318042e-05 2.6313842e-06 0.014075944 0.017368587 0.050820548 1.6356174e-06 0.0052783177 0.024173496 0.01295733 0.05773795 0.00052579155 0.00025367655 9.534904e-11
9.9950215e-05 0.21698286 0.30493256 0.23875508 0.13214007 0.122852005 0.12185267 0.06514338 0.1390344 0.16518363 0.39663655 0.10601843 1.8616343e-25 0.08884301 0.121218964 0.12313073 0.09971595 0.111231096 0.26745307 0.053689793 0.105031416 0.13049814 0.21972698 0.15674834 0.074084595 0.49937233 0.026054526 0.18157904 0.061836865 0.08366701 0.097109504 0.07446822 0.19528642 0.32706717 0.021787064 0.045732934 0.023357077 0.16384512 0.029732067 0.067259476 0.04676625 0.08239957 0.0144330235 0.007300362 0.0155039 0.2797009 0.04336702 0.25597557 0.0136765735 0.0071359375 0.0052744206 0.0665468 0.060087077 0.10802528 0.0038388881 0.0029531652 0.00078924064 0.19432843 0.014823844 0.124936536 0.0018402217 0.0008396053 0.038621448 0.017808123 0.0016016235 1.7702783e-05 0.0718604 0.0005434684 4.081548e-05 0.00024724638 1.490495e-05 0.0014213298 0.00018094642 0.04418189 0.00016916901 0.015301238 0.002110848 0.0017611651 0.07893162 5.6228168e-05 0.00024087944 0.00012236525 0.08774547 0.00013589223 0.00030170524 0.011342793 0.011742551 3.890646e-05 0.011272514 0.00022445196 0.009319234 0.054730393 0.07695057 0.00013293712 0.00031284243 0.04794754 0.035772506 0.06048603 0.018599948 0.018582396 4.2247397e-08
5.0244563e-07 0.14948125 0.089991085 0.08153226 0.14388022 0.3549693 0.2793666 0.3739303 0.20437217 0.15952359 0.15223031 0.23659927 0.08884301 4.0006804e-20 0.10482883 0.019857202 0.008420498 0.16496663 0.08557042 0.0063281762 0.12830757 0.023369009 0.13394868 0.07517354 0.38703313 0.044741545 0.0021938048 0.02211993 0.5098652 0.03060485 0.009182998 0.009687531 0.1486011 0.037330184 0.21149062 0.12276016 0.29036418 0.14546543 0.15508778 0.112327375 0.026627136 0.010221836 0.26953426 0.10950798 0.06851362 0.04795978 0.0077716545 0.029980393 0.08332113 0.0021918397 0.00224065 0.07204047 0.058622077 0.05196969 0.0484132 0.00011406565 0.12484652 0.027249988 0.029192246 0.033031307 0.02644221 0.039645128 0.014457275 0.0009015359 0.0003783304 2.3284365e-05 0.003816959 0.049596075 1.1714737e-05 0.03707384 3.284143e-06 9.525681e-05 0.03115933 0.0062060063 0.0151430555 0.035583198 0.030179426 3.9492363e-05 0.023571685 0.008895961 0.009620212 0.027428862 0.04958784 0.0068217064 2.336596e-05 0.017331028 0.024523616 7.2599676e-07 0.0014005371 1.2435738e-05 0.016256774 0.018162908 0.035793945 7.286878e-06 0.006801471 0.015698604 0.009786122 0.025578486 0.0021007224 0.0051100263 1.1718552e-08
6.613927e-07 0.14888974 0.10792597 0.35039917 0.25943372 0.16749671 0.19350743 0.084365144 0.43864644 0.5780004 0.09917398 0.064815775 0.121218964 0.10482883 3.0144334e-24 0.1440774 0.0977625 0.4711089 0.055219736 0.060745064 0.040902868 0.084595166 0.04247579 0.029923366 0.17123024 0.054261588 0.026766146 0.052755706 0.053825714 0.17487009 0.04458688 0.04605313 0.038979508 0.060558893 0.025458677 0.03279558 0.022550007 0.025128555 0.027074827 0.020453583 0.47454685 0.02671997 0.017220404 0.004404469 0.013284845 0.033547755 0.024201974 0.048839115 0.044401087 0.034627143 0.01752188 0.014759758 0.020290975 0.01604063 0.0058452156 0.0036022183 0.0015690372 0.017682772 0.007014068 0.014485686 0.002864474 0.0026883797 0.01689077 0.16651681 0.002354985 0.0008229734 0.0055260565 0.0019601113 0.0002964089 0.001184703 0.00011635012 0.00029129686 0.0034465468 0.0037759924 0.0011610268 0.06363891 0.009403923 0.016762283 0.011672874 0.0011262044 0.00080464553 0.0036560341 0.006625038 0.0002453368 7.3263e-05 0.0018766841 0.002623395 2.924067e-05 0.0011053995 4.8594782e-05 0.0021213572 0.007915001 0.0048673516 3.1949818e-05 0.00010486407 0.0053198487 0.0024225237 0.006911426 0.0018291768 0.0025060594 4.4853416e-05
1.4687e-07 0.048244663 0.046690214 0.31184694 0.0620231 0.029847223 0.030587204 0.01678267 0.071440846 0.16937959 0.04503648 0.03604066 0.12313073 0.019857202 0.1440774 3.905538e-24 0.31634915 0.01955915 0.0303168 0.25794065 0.02482233 0.20218575 0.027504059 0.017180797 0.009918725 0.0798274 0.210165 0.18178487 0.012769615 0.37545612 0.21774589 0.15218793 0.022487396 0.2118614 0.008435087 0.013824843 0.0052803066 0.013146688 0.0091153635 0.0095883 0.01651568 0.13823286 0.0051590414 0.0027887279 0.004829133 0.04749938 0.09695279 0.0726455 0.00161534 0.09513712 0.074319854 0.011082938 0.017377079 0.019207928 0.0018104775 0.07328895 0.00057796604 0.039859913 0.007129958 0.01838831 0.00096881686 0.00050468184 0.105017245 0.0061693196 0.03382966 0.007816796 0.058912456 0.0006933049 0.007710999 0.00026995002 0.0043146927 0.0059521976 0.0012312639 0.050648466 0.0002632278 0.0011101317 0.0006114072 0.0074891285 0.024164991 0.00021312077 3.7327125e-05 0.0012486292 0.019068409 1.272091e-05 0.0037417153 0.009683291 0.008272742 0.003969409 0.022727687 0.0020029861 0.008898417 0.020504098 0.01581198 0.0018799893 0.00019840998 0.00916654 0.010368558 0.012373017 0.02154317 0.025566213 0.0003675755
3.657734e-07 0.023068162 0.033183947 0.19936743 0.030820245 0.017083738 0.017511247 0.005276051 0.036497235 0.11241423 0.029870586 0.018528856 0.09971595 0.008420498 0.0977625 0.31634915 1.0827759e-24 0.008054935 0.02307714 0.2032935 0.0141436355 0.15729395 0.022475969 0.012978392 0.003081499 0.060739916 0.12586084 0.14336868 0.008035363 0.21152805 0.19116758 0.12996705 0.018991357 0.16720194 0.004724706 0.009846475 0.0022475573 0.011064394 0.0061365096 0.007320853 0.009541583 0.11347649 0.0022822546 0.0008426499 0.0025415604 0.041017734 0.087262355 0.0691497 0.00071167544 0.037192907 0.033065487 0.011386313 0.010766403 0.013571074 0.0006279388 0.039432872 0.00021064891 0.032754615 0.0049055917 0.0139963385 0.0004641621 0.00014184794 0.09290308 0.0010787981 0.022928078 0.0019472153 0.059174035 0.0006048174 0.0025546623 0.0002262443 0.0011048508 0.0038072886 0.0005530113 0.05018899 0.00011368947 3.6836456e-05 0.00014844455 0.00081437075 0.020686708 0.00010864196 1.6832211e-05 0.0004714639 0.018757757 7.5034613e-06 0.001747102 0.006364244 0.0053558666 0.0015964354 0.02223091 0.0007675733 0.005011421 0.014622281 0.013496317 0.0006765525 8.197199e-05 0.0060225525 0.0063444073 0.010601133 0.017106317 0.02476589 1.8323264e-05
1.9731674e-07 0.23721819 0.1432204 0.12426053 0.32816046 0.32509118 0.41346744 0.08336507 0.5287784 0.42381132 0.2218862 0.110960044 0.111231096 0.16496663 0.4711089 0.01955915 0.008054935 6.8285165e-24 0.12166782 0.0037764641 0.033203717 0.018817341 0.050575607 0.046755772 0.5087716 0.03466995 0.0021888008 0.009887385 0.13135895 0.024903893 0.006182601 0.0069114524 0.029231416 0.01099872 0.014969618 0.019624488 0.018287746 0.01487845 0.01324757 0.01622863 0.46427068 0.0040833587 0.010958175 0.0056267837 0.008541246 0.018845465 0.0026817643 0.00925481 0.3142409 0.001989631 0.0010305784 0.0056232456 0.0072000297 0.008077952 0.0037193464 0.00015692902 0.01756327 0.0068258843 0.0022248388 0.007891797 0.0021557678 0.003383582 0.0008953189 0.13414863 1.7790944e-05 2.6263888e-05 0.0003258962 0.0012904519 2.6220343e-05 0.0008266602 2.1951102e-05 4.24904e-06 0.0060668048 0.000187683 0.0012692651 0.2956618 0.049887784 0.0018757081 0.006615663 0.0010290453 0.00044279842 0.009062689 0.0017577001 0.00027766015 2.142461e-06 0.0003187311 0.00032322007 1.7651408e-06 1.1797309e-05 5.1085175e-07 0.0002534019 0.0038126644 0.0013054858 3.981785e-07 0.00011983039 0.0024645939 0.0014463942 0.0017059814 0.00019339673 0.00020475798 1.10825134e-07
0.00074939645 0.07952168 0.13337097 0.059132107 0.087372385 0.09986876 0.097625785 0.06403144 0.086867005 0.09182435 0.31555203 0.09216372 0.26745307 0.08557042 0.055219736 0.0303168 0.02307714 0.12166782 1.8261674e-21 0.010229549 0.09996734 0.0200462 0.25215495 0.56622666 0.15233824 0.20693588 0.0070761484 0.029850647 0.07207121 0.02791628 0.010729887 0.012667637 0.21638182 0.0716922 0.026744436 0.049801197 0.029542083 0.27985236 0.035021525 0.10700702 0.026878601 0.014547382 0.021068137 0.012897991 0.03305177 0.3410382 0.009495257 0.14292078 0.05559167 0.0010036745 0.0008460391 0.11656789 0.10180681 0.2349086 0.008205037 0.0002878639 0.01083224 0.15756792 0.025104824 0.3324884 0.0045686746 0.003423362 0.0071311267 0.0068744817 0.00041727923 1.0814623e-05 0.015315583 0.0013061035 7.2252083e-06 0.00061097293 1.4706574e-06 0.00019530857 0.0015142058 0.008612645 0.00068165426 0.024456637 0.009936966 8.155218e-05 0.13592099 0.00064006157 0.00090615125 0.0047265086 0.14042953 0.0007978916 0.00010037578 0.021970317 0.023146935 3.4868722e-06 0.0028928532 7.971478e-05 0.018328656 0.11182982 0.093990184 2.4391127e-05 0.0013705997 0.084027246 0.07537852 0.06456311 0.0064274045 0.0054622204 4.7243788e-08
6.645512e-06 0.008678154 0.020786794 0.14067578 0.020650532 0.008469505 0.012895949 0.0020310497 0.019365147 0.07632271 0.010253318 0.0035705334 0.053689793 0.0063281762 0.060745064 0.25794065 0.2032935 0.0037764641 0.010229549 8.011045e-24 0.006624287 0.17150044 0.008092997 0.005523796 0.0017992103 0.050199293 0.12344418 0.18853156 0.009824761 0.18818681 0.29171395 0.1558325 0.011588056 0.20114975 0.0013167963 0.0027369794 0.0006479335 0.0070411307 0.0013941597 0.0019255109 0.002661953 0.13512395 0.000631766 0.00015421901 0.00062315376 0.03049334 0.080835514 0.093870685 6.9611866e-05 0.030828014 0.024054047 0.0049705207 0.006134651 0.00852041 0.00015738704 0.0427448 4.0241524e-05 0.02526018 0.0008001914 0.010945105 4.645976e-05 2.3242479e-05 0.106615245 0.000787501 0.026256833 0.0024078013 0.07876104 3.560312e-05 0.005838847 1.1081743e-05 0.0016113105 0.0070627998 3.4294382e-05 0.06708185 7.7469795e-06 1.9689513e-05 4.2567448e-05 0.0011194904 0.020291356 3.9498627e-06 9.41499e-07 5.390517e-05 0.008363272 3.9508555e-07 0.004464297 0.0005932284 0.000109073095 0.0046360027 0.02364219 0.0029345192 0.00015988138 0.019340042 0.0035908653 0.002812344 9.408039e-06 0.005612183 0.007443153 0.0032391518 0.02791275 0.039283924 4.2303993e-05
0.0006881294 0.06095383 0.0799548 0.04457045 0.05441521 0.096870095 0.08848673 0.09945088 0.06410436 0.06946428 0.1469232 0.18379821 0.105031416 0.12830757 0.040902868 0.02482233 0.0141436355 0.033203717 0.09996734 0.006624287 8.349028e-18 0.0123798745 0.24748501 0.09095301 0.086085215 0.09158811 0.004006274 0.03004048 0.14059764 0.023019204 0.007836038 0.006837002 0.25439498 0.058967374 0.08001516 0.13659185 0.09071024 0.22843614 0.09913343 0.19837861 0.0032358896 0.01145186 0.06353611 0.053595982 0.10506033 0.13612126 0.006636079 0.0968518 0.028142378 0.0008113688 0.00072763785 0.20352824 0.22743718 0.16958155 0.060529303 0.00013959673 0.03687844 0.12842835 0.073826514 0.113190226 0.028513297 0.017944945 0.0035442933 0.00018161842 0.00020300302 1.1827556e-05 0.01107925 0.015589137 4.2079564e-06 0.011815602 4.5074768e-07 0.00014262098 0.0074572037 0.003668905 0.008434583 0.0067031416 0.0089496635 1.3290282e-05 0.050283633 0.004100408 0.010064657 0.012282937 0.17728926 0.006947505 2.5448939e-05 0.065592214 0.060900267 2.357595e-06 0.00025495206 3.980905e-05 0.049506184 0.031554792 0.1223784 2.6174372e-05 0.010024516 0.04254308 0.02154267 0.10228755 0.002028922 0.001020756 2.7349996e-09
0.00016492337 0.03360773 0.06063659 0.15683308 0.046020675 0.030475372 0.032735057 0.01690114 0.049479246 0.11370823 0.019100688 0.009026207 0.13049814 0.023369009 0.084595166 0.20218575 0.15729395 0.018817341 0.0200462 0.17150044 0.0123798745 6.840644e-23 0.012485905 0.010870856 0.0040267208 0.10423722 0.097393945 0.21207522 0.020297296 0.124831215 0.29230142 0.16333786 0.021690363 0.2718186 0.004648483 0.0065666614 0.005512608 0.015225387 0.0037830302 0.0052591665 0.015780991 0.18339975 0.0040515354 0.0009877544 0.0024917345 0.08139125 0.13360557 0.1544223 0.00031228474 0.028178869 0.023946157 0.0068651787 0.004995953 0.012247303 0.0007509837 0.02371413 0.00019635948 0.065659575 0.0023077435 0.02876496 0.0002275042 4.9682454e-05 0.13758966 0.010080261 0.010771394 0.0005654654 0.11057754 0.0003105278 0.0015426785 9.77297e-05 0.00023811353 0.0063983877 0.000112097354 0.08846085 6.240586e-05 5.0336934e-05 1.4110256e-05 0.005518723 0.028322976 3.158015e-05 6.554742e-06 8.126686e-05 0.015305932 3.9750303e-06 0.004025129 0.0005405203 0.0010405333 0.0019837848 0.042533103 0.0026942524 0.0007728203 0.02497719 0.008092988 0.0014424683 1.7919334e-05 0.008549188 0.010869674 0.0049935477 0.039218277 0.042583797 1.2109291e-06
0.001113323 0.09376873 0.12629174 0.06119197 0.08230218 0.1128787 0.09387255 0.10907917 0.0805504 0.07617636 0.25994253 0.18218438 0.21972698 0.13394868 0.04247579 0.027504059 0.022475969 0.050575607 0.25215495 0.008092997 0.24748501 0.012485905 5.111505e-20 0.28769094 0.10159212 0.17175493 0.0077072713 0.02507529 0.13709392 0.033733737 0.004710608 0.0068941717 0.4303709 0.06181938 0.06709579 0.11737032 0.07082154 0.4366614 0.090230875 0.24681349 0.008810143 0.011144745 0.04141917 0.029535355 0.081307136 0.30512938 0.006399444 0.16334827 0.034519743 0.0012120997 0.0008221121 0.29668534 0.28205764 0.3420379 0.022229666 0.00014221514 0.025879595 0.23292495 0.0594863 0.2611615 0.011808245 0.009178861 0.0044786423 0.001965999 8.6621214e-05 9.246498e-06 0.016991189 0.0032178394 1.5688456e-06 0.0017787477 4.1559449e-07 6.560005e-05 0.002660377 0.006489703 0.0023716658 0.014567227 0.0074547855 4.3426576e-06 0.13372628 0.0012716689 0.0040680543 0.006354871 0.29195124 0.0029716345 0.00017174556 0.04725951 0.049742043 1.0859678e-06 0.0012693601 3.8581125e-05 0.04038552 0.10219353 0.19691361 4.095714e-05 0.0030297404 0.117702916 0.075558305 0.14374143 0.0058170967 0.0045436905 6.3180683e-09
0.0012579159 0.069130644 0.100572065 0.046917778 0.07200112 0.07741382 0.06376395 0.05768185 0.052852795 0.053733073 0.15949543 0.07815883 0.15674834 0.07517354 0.029923366 0.017180797 0.012978392 0.046755772 0.56622666 0.005523796 0.09095301 0.010870856 0.28769094 1.0527124e-20 0.08405173 0.1415331 0.0042504086 0.020318912 0.06566 0.017544162 0.005620774 0.0068997853 0.27571386 0.05463243 0.025749817 0.051652707 0.030831281 0.4167789 0.03167447 0.1011838 0.012451011 0.008548755 0.022240719 0.012501166 0.031081906 0.40264887 0.0045427284 0.13474339 0.032843526 0.002014115 0.001178438 0.15251556 0.119116515 0.43181846 0.0071282173 0.00018171786 0.010845704 0.18146126 0.023705322 0.4793589 0.0043477304 0.0036835915 0.0043773507 0.004600741 0.0003267564 1.3501414e-05 0.011810358 0.0032368419 1.723551e-06 0.0012875587 4.5424352e-07 0.00016800099 0.007648872 0.005979735 0.00060735113 0.018686853 0.0076191355 5.3330783e-05 0.21672116 0.0009890171 0.0009756139 0.006090195 0.1814186 0.00094147486 0.000109954155 0.02029978 0.023830092 2.314554e-06 0.0017190033 0.00013433261 0.017536933 0.17226323 0.12438675 4.247171e-05 0.0015226882 0.13275248 0.12813662 0.08014734 0.0046182964 0.0048067267 2.2347264e-08
3.085292e-07 0.17907529 0.096337706 0.05209779 0.20391308 0.37960437 0.34387937 0.19280578 0.32316804 0.21856698 0.26436168 0.18529819 0.074084595 0.38703313 0.17123024 0.009918725 0.003081499 0.5087716 0.15233824 0.0017992103 0.086085215 0.0040267208 0.10159212 0.08405173 2.4696769e-22 0.016632766 0.00083200913 0.003375658 0.37801304 0.010570615 0.0015937536 0.0019188703 0.07732299 0.009775031 0.07896878 0.06613303 0.09156376 0.050070986 0.07080084 0.03686228 0.13668774 0.0028369913 0.0994001 0.036801215 0.029785385 0.025458755 0.0021639874 0.009184767 0.62818295 0.0014144315 0.0010039282 0.012749878 0.015193171 0.015374346 0.018112063 2.7649708e-05 0.12591861 0.009393669 0.008915363 0.014362914 0.010414506 0.017096378 0.0004041172 0.014961012 3.842453e-06 6.0075276e-06 5.7253026e-05 0.009429148 4.4277767e-06 0.0061656907 8.577975e-07 6.7842603e-07 0.029064104 6.951872e-05 0.0055696713 0.23272093 0.13213463 0.00010212305 0.010271727 0.0023278738 0.0023082444 0.049915235 0.0076552904 0.0016814235 1.0996878e-07 0.0012380937 0.0027089121 9.2007916e-08 1.2632229e-06 2.4123045e-08 0.0018046554 0.0091969725 0.008200718 9.100362e-09 0.00048290705 0.012163337 0.0061551975 0.0071505224 0.000110023066 0.00028682943 4.3476946e-09
0.00032903225 0.10380918 0.16101189 0.11474517 0.08909641 0.0676563 0.06259546 0.0596208 0.081424594 0.07857266 0.20668343 0.064344466 0.49937233 0.044741545 0.054261588 0.0798274 0.060739916 0.03466995 0.20693588 0.050199293 0.09158811 0.10423722 0.17175493 0.1415331 0.016632766 4.6083306e-24 0.025213005 0.1857042 0.024080746 0.040676262 0.083722964 0.07641525 0.21409895 0.40815362 0.019798895 0.04287939 0.02092162 0.17625216 0.025415976 0.0855741 0.0085218325 0.11595493 0.0130238505 0.0041489303 0.018457416 0.62938654 0.06367423 0.33884552 0.003386731 0.006988205 0.005793229 0.084767826 0.08199401 0.18354474 0.0027847919 0.0012459058 0.0002712874 0.37549987 0.014401852 0.2658179 0.0012298567 0.00019584854 0.056146067 0.012071687 0.0015504026 1.6632415e-05 0.07585191 0.0007541808 6.303361e-05 0.00034705832 3.0423731e-05 0.0015889261 0.0016690341 0.058141045 0.00020877017 0.0084285 0.0012313172 0.00017588679 0.15331025 0.0004753706 0.00023510096 0.00070082705 0.1276616 0.00030643272 0.0016126995 0.011273036 0.009076956 9.1713264e-05 0.015810154 0.0008334425 0.0060887374 0.09786988 0.09186403 0.0005762257 0.00032450218 0.058894295 0.052133426 0.064517826 0.027660754 0.030261766 7.512644e-09
5.7918237e-07 0.003136665 0.0072959224 0.053409662 0.006608707 0.002705752 0.0032856017 0.0007117772 0.0067829937 0.027841546 0.00706816 0.0021358542 0.026054526 0.0021938048 0.026766146 0.210165 0.12586084 0.0021888008 0.0070761484 0.12344418 0.004006274 0.097393945 0.0077072713 0.0042504086 0.00083200913 0.025213005 1.6803781e-25 0.08466267 0.0019360719 0.12733516 0.11771871 0.07093378 0.009215164 0.08133892 0.00050542195 0.0013928621 0.00043216787 0.006410448 0.00065917464 0.001624295 0.0017077426 0.07187073 0.00029066417 8.958582e-05 0.0004586595 0.019233849 0.05243099 0.04816573 0.00025466701 0.02730344 0.026450494 0.0051733586 0.006092896 0.0058104983 7.69883e-05 0.07324251 2.5615758e-05 0.018574573 0.0005756479 0.0064920797 2.0969213e-05 6.562241e-06 0.070726626 0.0003146911 0.02451051 0.003292713 0.043919194 4.737922e-05 0.015261132 2.1968255e-05 0.008466635 0.0069352873 0.0002680095 0.036581907 1.2610822e-05 7.861787e-05 0.000121977166 0.0004441029 0.01669894 1.08283475e-05 6.423663e-07 0.00030091617 0.007662108 3.5250264e-07 0.010808938 0.0006723398 0.00015119865 0.0170065 0.017578661 0.0041828207 0.00026939376 0.012477199 0.0047735 0.0068461075 7.193485e-06 0.0035941354 0.0048849643 0.0038875216 0.01639204 0.022130338 4.4410965e-05
0.00041627366 0.039310325 0.06522635 0.16089763 0.044067 0.025688443 0.027247377 0.014999169 0.037404943 0.06787634 0.035441693 0.021416558 0.18157904 0.02211993 0.052755706 0.18178487 0.14336868 0.009887385 0.029850647 0.18853156 0.03004048 0.21207522 0.02507529 0.020318912 0.003375658 0.1857042 0.08466267 8.340539e-23 0.01846114 0.09268341 0.32680255 0.22247598 0.047460772 0.44646218 0.0078029432 0.013939167 0.0056417314 0.028942257 0.007685132 0.011865846 0.012824093 0.3120887 0.00521107 0.0015431046 0.0029004002 0.18288939 0.23204121 0.303075 0.0006153833 0.0175166 0.013958176 0.017986553 0.016082749 0.034006424 0.00075716217 0.011727034 0.00054006436 0.15085348 0.0034981687 0.0584095 0.00033504795 6.618641e-05 0.17793873 0.006293252 0.0077795074 0.00015389374 0.14563029 0.00042188124 0.00040331332 0.00015497698 6.2026724e-05 0.006765957 0.0006873053 0.126526 9.7396514e-05 0.00019814789 0.00018156544 0.0011656666 0.05388903 8.45011e-05 1.5899954e-05 0.00065491936 0.030788437 9.936689e-06 0.007957776 0.0019099445 0.0026477706 0.0008020433 0.05453784 0.0035230608 0.0016533528 0.041196838 0.022776594 0.0026051851 1.1857101e-05 0.016839786 0.020244332 0.011165108 0.059549935 0.0665547 1.636034e-06
4.2499585e-07 0.11810679 0.061459184 0.06762682 0.10564858 0.30639923 0.25596544 0.2827792 0.13987134 0.09069426 0.13375065 0.18398692 0.061836865 0.5098652 0.053825714 0.012769615 0.008035363 0.13135895 0.07207121 0.009824761 0.14059764 0.020297296 0.13709392 0.06566 0.37801304 0.024080746 0.0019360719 0.01846114 2.3172666e-17 0.02289129 0.01582189 0.0151557345 0.15262541 0.024638055 0.2404179 0.15013036 0.33316535 0.118925825 0.1802052 0.105836466 0.018705416 0.010965018 0.3462767 0.20134558 0.10788516 0.034222133 0.008792277 0.01286305 0.14782408 0.0029953285 0.0036798662 0.06531106 0.05577935 0.038810924 0.10603437 0.00013576141 0.31884864 0.020641623 0.046590883 0.024593534 0.07819108 0.08690622 0.0057459646 0.0023540116 9.3726616e-05 8.3286846e-05 0.0011806731 0.107765496 7.787186e-06 0.09183942 7.7842043e-07 1.3007063e-05 0.12745635 0.0017559995 0.057310656 0.039369136 0.058706675 5.746767e-05 0.015722113 0.04456282 0.028675793 0.07651495 0.026099727 0.017722989 3.5797543e-06 0.021347074 0.028520169 1.1854002e-07 0.00018299105 2.396522e-06 0.016137164 0.012328811 0.030824149 5.659873e-07 0.0059645595 0.010130037 0.005459252 0.019652454 0.00088026765 0.003126465 1.1361147e-07
3.9036388e-07 0.028564105 0.03749545 0.25914773 0.060400106 0.03870706 0.03838437 0.021573327 0.07290871 0.21217294 0.035094738 0.021571267 0.08366701 0.03060485 0.17487009 0.37545612 0.21152805 0.024903893 0.02791628 0.18818681 0.023019204 0.124831215 0.033733737 0.017544162 0.010570615 0.040676262 0.12733516 0.09268341 0.02289129 1.769793e-21 0.15051767 0.098970614 0.032055717 0.12343556 0.011045422 0.017963866 0.008307042 0.017623514 0.013632279 0.012951825 0.034127355 0.075337574 0.006466486 0.002387524 0.006391082 0.025515914 0.07330897 0.05614103 0.004148568 0.33279583 0.27301002 0.008800499 0.010812124 0.0080777565 0.0020604543 0.092569835 0.0012476727 0.017960593 0.0030170267 0.006037711 0.00062150264 0.0002529854 0.060548328 0.014173125 0.017668605 0.041371174 0.025901766 0.0019895416 0.016625106 0.00094344374 0.0046959813 0.0030357013 0.0016580636 0.025404228 0.00018525687 0.0058419635 0.0014676683 0.018441623 0.010293885 6.522855e-05 3.1825195e-05 0.003073258 0.0050266036 9.525922e-06 0.0047993264 0.0016189574 0.0014142757 0.004191216 0.009205252 0.0015029316 0.0015664247 0.0065324926 0.003097483 0.0022177096 5.555539e-05 0.0020768703 0.0020502782 0.0027760307 0.0058841766 0.0065551493 0.008543873
3.1677973e-05 0.018180378 0.024668025 0.14428611 0.030741422 0.014105367 0.014272896 0.0031996884 0.020941872 0.059716873 0.01683887 0.0052772784 0.097109504 0.009182998 0.04458688 0.21774589 0.19116758 0.006182601 0.010729887 0.29171395 0.007836038 0.29230142 0.004710608 0.005620774 0.0015937536 0.083722964 0.11771871 0.32680255 0.01582189 0.15051767 5.9486037e-24 0.32839456 0.011821535 0.3602153 0.0015044761 0.0042571793 0.0012252302 0.0059310873 0.0016783389 0.0020065433 0.0035198333 0.28864917 0.0016539644 0.00036447635 0.0010771384 0.06437761 0.22043829 0.16863683 0.00016803543 0.02238628 0.021369427 0.0047535705 0.0039280066 0.012783768 0.00030294762 0.027885014 4.6156318e-05 0.052148864 0.0017668682 0.024135161 0.00012528582 2.568484e-05 0.19473745 0.00310646 0.024444573 0.00059584534 0.1357005 6.357465e-05 0.0027116144 1.7556595e-05 0.00063754455 0.014241752 8.8563735e-05 0.12811464 2.0881527e-05 8.462723e-05 6.9325666e-05 0.0020783928 0.036916494 1.9494859e-05 5.040551e-06 0.00019972502 0.014230735 2.6323632e-06 0.010146057 0.0015424732 0.0010433806 0.004916521 0.05203758 0.0051622456 0.0010827905 0.032410245 0.013945241 0.004483721 2.4774568e-05 0.011597155 0.015423579 0.010156359 0.062938906 0.07914699 2.3888322e-06
6.377553e-05 0.0150712645 0.0235637 0.103633285 0.02670403 0.015161986 0.013507346 0.0044635925 0.01997752 0.054175004 0.012135275 0.004651583 0.07446822 0.009687531 0.04605313 0.15218793 0.12996705 0.0069114524 0.012667637 0.1558325 0.006837002 0.16333786 0.0068941717 0.0068997853 0.0019188703 0.07641525 0.07093378 0.22247598 0.0151557345 0.098970614 0.32839456 1.4392581e-23 0.0162004 0.28186512 0.002159486 0.003161045 0.0016384848 0.008798006 0.0015718304 0.0032305552 0.0065085236 0.20753972 0.0020712793 0.00055837893 0.0014487349 0.07976743 0.1486794 0.1530551 0.00039540257 0.017086819 0.015240459 0.005818833 0.005724601 0.012349682 0.00046342763 0.018589329 0.00012652471 0.05109106 0.0020550918 0.021566834 0.00013826476 3.071904e-05 0.14702399 0.0024444815 0.013209564 0.0003937223 0.10889865 0.00014832157 0.00123137 5.9140944e-05 0.00019540022 0.007057006 0.00010947807 0.101454474 3.645184e-05 6.785614e-05 5.9786515e-05 0.0010652404 0.032845117 2.4844816e-05 6.037561e-06 0.00030708016 0.016556477 2.4882459e-06 0.0056708287 0.0012521637 0.0011310867 0.0020370323 0.03629133 0.003256919 0.00097085856 0.026241051 0.014715788 0.0022454832 2.1808712e-05 0.009522802 0.010501285 0.007656064 0.044223767 0.058763172 6.328985e-07
