9.468956e-33 0.59417564 0.6705063 0.57129496 0.89414054 0.68192744 0.94299406 0.2760687 0.13352151 0.26608434 0.9641458 0.96743804 0.9313016 0.8065766 0.14204662 0.9307807 0.91276383 0.6396181 0.9007803 0.88500607 0.32409862 0.48883513 0.07174858 0.9327063 0.95343363 0.16092098 0.90461844 0.8898253 0.011850986 0.051614083 0.006089126 0.080015406 0.72550625 0.9013628 0.02000629 0.88887966 0.91473454 0.10750615 0.5678066 0.013826925 0.9676268 0.15078226 0.9752147 0.005798741 0.977704 0.7791714 0.9790324 0.9564485 0.24861915 0.78689826 0.94023776 0.79515076 0.9568851 0.004807859 0.7282651 0.5758099 0.9794749 0.7923002 0.017454717 0.0028552744 0.98699963 0.03234734 0.94112253 0.6189361 0.0011308435 0.9991497 0.0008848556 0.87257385 0.9992295 0.99521583 0.44261968 0.97735864 0.0004889107 0.00034942906 0.85030556 0.1420053 0.0664921 0.08633991 0.005549587 0.97268856 0.1292501 0.000118319054 0.9919414 3.8530823e-05 0.0023258657 0.0037493184 0.042495444 0.0026675235 0.0008895825 0.4113243 0.92231375 0.9760492 0.004908772 0.547047 5.497286e-05 0.0036793384 0.0026312529 0.9785518 0.0001450075 0.22474207 0.00022793289
0.59417564 1.4885325e-19 0.9061825 0.91759795 0.5972934 0.20212974 0.42355102 0.14939982 0.14469098 0.15971042 0.118386686 0.062755 0.0656301 0.04879965 0.23021847 0.02041715 0.056901608 0.02050005 0.0057835886 0.0051029576 0.015066895 0.0027156505 0.015710827 0.00038979456 0.0043537426 0.0017837079 0.00012114791 0.00010240335 0.009747974 0.0015803287 0.004631292 0.0008101985 5.3806863e-05 3.999601e-05 0.002427319 0.018679142 1.528403e-05 0.00076842296 0.026890362 0.0026149175 0.00021460907 0.00010308689 0.00019763099 0.0008898213 0.0038225274 0.01993322 0.025293298 0.02775712 6.1195955e-05 4.067156e-05 5.349743e-06 9.72017e-06 2.5358343e-06 0.00021699743 4.2438855e-06 4.6610738e-05 3.218416e-05 1.79856e-06 0.00016264326 0.00021784134 0.020628719 8.3653336e-05 1.3934399e-06 2.0512803e-07 0.0019376642 0.010031989 0.00027841213 1.9557529e-06 0.021150652 4.4520417e-05 3.8469263e-08 2.0197642e-06 0.0008816631 7.279318e-05 1.2981403e-06 0.0006171294 0.00021573438 6.769378e-05 0.00036269025 1.23989685e-05 7.319456e-07 0.0028191824 0.00026430594 0.0002002289 2.1003638e-05 3.0672378e-05 3.5037124e-06 0.00013190461 3.053548e-06 6.0427283e-06 6.317162e-06 0.002238308 1.333047e-05 7.329973e-06 0.0073684896 9.687632e-06 0.00019579327 0.0075991433 2.7000524e-07 2.3763158e-05 5.131746e-07
0.6705063 0.9061825 7.0925354e-20 0.6721115 0.759895 0.12754686 0.52412885 0.20098898 0.078710675 0.21435918 0.13611114 0.13458376 0.11941841 0.09898173 0.18006878 0.05157199 0.12509713 0.05188663 0.018978903 0.01791844 0.03555942 0.0077146697 0.015441954 0.0010526627 0.015438456 0.0049752514 0.0002661793 0.00017126893 0.006095683 0.0026120488 0.0023412122 0.0012110736 0.00015542589 6.1885796e-05 0.0014773023 0.024453217 2.5247813e-05 0.0015394129 0.030797983 0.002379568 0.00027021326 0.00016537413 0.0002948065 0.0005444896 0.010207214 0.022484262 0.03174251 0.030115196 7.5680226e-05 7.528495e-05 8.0991995e-06 1.0380791e-05 5.023562e-06 0.00028376826 4.184043e-06 6.6724155e-05 5.0406543e-05 1.2567126e-06 0.00022471306 0.0006128775 0.019798856 0.00014642075 2.2798374e-06 1.7076552e-07 0.0020848806 0.009328232 0.00062829524 1.025337e-06 0.025469325 6.6010034e-05 2.4091918e-08 2.569926e-06 0.0013157687 0.00018895489 1.2656236e-06 0.0010533963 0.0002976255 4.3297907e-05 0.0005386855 9.578403e-06 1.0804169e-07 0.0013001878 0.00018374 0.0012764087 3.5696958e-05 8.240552e-05 1.7517851e-06 0.00032154235 2.5267302e-05 1.3899491e-06 2.796391e-06 0.0017237549 1.6649761e-05 3.987773e-06 0.007356101 9.615231e-06 0.0014780035 0.009324523 6.023651e-07 1.2097489e-05 8.298453e-07
0.57129496 0.91759795 0.6721115 7.7491113e-20 0.5580056 0.71322703 0.2122734 0.34350547 0.5824914 0.26882884 0.058848694 0.018355442 0.01110126 0.016103052 0.5829154 0.0029809147 0.012334463 0.004858378 0.0012907762 0.0014385249 0.0059327753 0.00081202603 0.0582798 0.000114517556 0.0015066571 0.00075885514 3.542014e-05 5.962861e-05 0.07437408 0.00082336384 0.02319295 0.00036063377 1.8999433e-05 2.0360396e-05 0.015586617 0.00447384 7.748959e-06 0.0004991555 0.010575233 0.0048325555 0.00011255478 4.4128014e-05 0.00011383853 0.0070327423 0.0020501132 0.005809764 0.007895118 0.013779325 2.860993e-05 2.8150853e-05 1.9674337e-06 3.0858967e-06 1.767081e-06 0.0003991184 1.6773266e-06 3.3854296e-05 3.095103e-05 7.861351e-07 2.9029281e-05 8.98778e-05 0.00809603 2.2590182e-05 6.381036e-06 5.4441504e-08 0.004347239 0.0039229845 0.00028733182 1.0455989e-06 0.0076940632 4.5822206e-05 1.5022744e-08 2.91358e-06 0.00067260314 2.2734488e-05 1.247229e-06 0.00031168517 4.2173557e-05 6.101726e-06 0.00030521624 1.9069796e-05 6.808492e-08 0.0019650317 0.00030705347 0.00028270698 1.0048778e-05 4.675398e-06 2.1227088e-06 9.657283e-06 2.1364417e-06 1.671283e-06 1.3146875e-05 0.0013980308 3.8322178e-06 1.5152431e-06 0.010928875 2.1647345e-06 4.459873e-05 0.0050667645 2.6670514e-07 9.686874e-06 3.3376602e-07
0.89414054 0.5972934 0.759895 0.5580056 3.097037e-18 0.1682746 0.5914089 0.61208564 0.11325634 0.6019055 0.14497603 0.35779658 0.34521666 0.5768288 0.4402661 0.12838094 0.12009731 0.44926214 0.11789939 0.15499163 0.36393255 0.16416307 0.12943794 0.0026643367 0.044395182 0.07696054 0.0006017442 0.0012315878 0.022116566 0.0070224274 0.0032623687 0.0040125987 0.001049339 0.00020979266 0.0008955063 0.04147424 5.5306828e-05 0.010172348 0.04243099 0.01570676 0.00026817055 0.00054618734 0.00066476583 0.0021684112 0.031620957 0.033910684 0.06734521 0.062249087 0.0005789708 9.548746e-05 3.1294792e-05 1.4613568e-05 1.5738442e-05 0.0020556143 6.2574068e-06 0.0015418732 0.00013058288 1.8416699e-06 0.0004405521 0.0048283497 0.027286226 0.00017616327 7.42043e-06 1.9391001e-07 0.0060281637 0.0173074 0.004327739 2.620653e-06 0.041529417 0.00050580216 5.5776248e-08 4.040532e-06 0.0074912608 0.0011191363 1.9484123e-06 0.0068538124 0.0015682892 0.00014505896 0.00078275567 9.752818e-06 2.1769383e-08 0.00069321063 0.00046560317 0.0051973327 3.052161e-05 5.840178e-05 6.46754e-07 0.00017271248 0.00094376586 1.494915e-07 2.426673e-06 0.0033040792 2.6034675e-06 4.5103928e-07 0.005519657 6.011036e-06 0.0020907545 0.0129572805 8.936059e-06 1.0107324e-06 4.163026e-05
0.68192744 0.20212974 0.12754686 0.71322703 0.1682746 2.1548569e-20 0.049078606 0.011082425 0.8568634 0.0044939867 0.08165937 0.0038416241 0.0011061581 0.00016500596 0.19100808 0.0011085068 0.008955649 7.185179e-05 0.00022157632 0.00019253732 6.435977e-05 1.46617695e-05 0.0010929317 2.1409669e-05 0.00036450799 1.1519498e-05 2.9518935e-06 1.8113547e-06 0.10781612 6.1242285e-06 0.2563726 2.4872043e-06 1.2455392e-07 6.43484e-07 0.46779808 0.0033492928 4.8976983e-07 4.6837436e-06 0.030414725 0.00022643621 6.72086e-06 1.9729171e-07 1.087689e-05 0.11943413 0.00022575421 0.015571433 0.009987838 0.103709385 1.19544445e-08 1.7007391e-06 3.6045805e-08 4.1570843e-08 7.588109e-08 0.00010324106 5.5430192e-08 1.1072985e-07 3.6887552e-06 9.268724e-09 9.6617136e-08 1.2110874e-06 0.014228853 6.9494014e-08 4.958641e-07 1.3827377e-09 0.019017808 0.02487143 2.7580431e-06 7.9910984e-09 0.0039984933 1.5570762e-06 3.8617726e-10 1.6444089e-08 4.6780096e-05 1.5133128e-07 1.2687149e-08 4.05139e-06 7.4211613e-07 8.7021e-08 1.2931522e-06 7.430574e-07 2.8502112e-09 0.008814581 0.00013237882 2.0219188e-06 3.4293888e-07 1.8619481e-07 4.246377e-07 4.0195147e-07 1.5395119e-07 1.2896206e-07 5.6514164e-05 0.002331482 4.4029355e-07 7.657991e-07 0.011238601 2.0113094e-07 6.277744e-07 0.025502015 3.9734417e-08 6.46511e-07 1.1465103e-07
0.94299406 0.42355102 0.52412885 0.2122734 0.5914089 0.049078606 4.0046543e-18 0.10068601 0.013647734 0.099389225 0.5889494 0.77406293 0.51512235 0.19376355 0.043174125 0.3677182 0.58599645 0.06587344 0.08684936 0.060308173 0.017387481 0.0065750335 0.00960991 0.009087463 0.19591391 0.0021986575 0.00045040823 0.000638236 0.0032363988 0.0018515214 0.0015567424 0.001379832 0.0003681626 0.00012021108 0.0014867762 0.21912166 0.0001339367 0.0005762205 0.21664567 0.0010460418 0.00011265025 0.00016388747 0.00027394522 0.00037991005 0.045482844 0.25855777 0.26014632 0.21093777 0.000112011025 3.886233e-05 5.40393e-05 1.3712788e-05 2.9307255e-05 0.00019638795 7.925197e-06 0.00010895344 0.00010028774 7.1206177e-06 2.201053e-05 2.2560147e-05 0.13940385 6.91701e-06 7.857278e-06 9.617858e-07 0.0013519743 0.06277428 4.986435e-05 1.7769114e-06 0.14910193 0.00081113435 1.19196386e-07 3.2444427e-06 0.0020889645 1.4668161e-05 1.1350063e-06 0.0002461324 6.4327425e-05 6.044152e-06 1.0956763e-05 5.2465373e-05 2.0989871e-08 0.002070828 0.0015674698 0.0022469035 1.9546192e-06 3.2135226e-06 4.344097e-07 1.10456685e-05 8.817065e-06 2.0654156e-07 5.9615786e-06 0.0048794467 2.6449047e-06 2.2754182e-07 0.003619728 2.8902693e-06 1.750123e-05 0.041836277 8.023324e-07 4.937792e-07 9.592906e-07
0.2760687 0.14939982 0.20098898 0.34350547 0.61208564 0.011082425 0.10068601 1.2104864e-20 0.03635446 0.94104445 0.0025877343 0.031758774 0.05618072 0.24467167 0.6481153 0.013739552 0.0031882126 0.1541847 0.021831663 0.032886207 0.33095813 0.028384661 0.5131073 0.0027360583 0.008413787 0.032918934 0.0007928263 0.0007844221 0.036234085 0.0012764111 0.00025692448 0.00039958552 0.0004234694 0.00035356506 6.291541e-05 0.0028860099 0.00036160962 0.012366381 0.0025730503 0.061293814 0.0007939071 4.976653e-05 0.00086101814 0.00044458828 0.0055771233 0.0021660933 0.0029092762 0.0024659245 3.030304e-05 0.00040373718 6.389607e-05 4.451137e-05 2.8341276e-05 0.0013711816 2.494196e-05 0.00061314437 0.0003399876 1.6047905e-05 8.57575e-05 0.005917468 0.0032601168 6.185741e-05 3.58658e-05 1.6790648e-06 0.0002691046 0.0011824529 0.0011609364 1.074234e-05 0.005018296 0.00014799928 7.9980913e-07 1.5015462e-05 0.00035419178 0.00031896494 1.1072362e-05 0.00094246975 8.146885e-05 1.4109125e-05 0.00018206636 2.716645e-05 1.5450924e-07 1.5870207e-06 0.00017954856 0.00028521652 7.157105e-05 7.172794e-05 1.1433597e-06 0.00022201927 5.383109e-05 1.2555518e-06 1.8608778e-05 0.00193156 5.62053e-06 4.886858e-06 3.5374702e-05 2.3112298e-06 0.00033477743 0.00425299 4.1510887e-07 1.2613467e-05 2.4418114e-06
0.13352151 0.14469098 0.078710675 0.5824914 0.11325634 0.8568634 0.013647734 0.03635446 1.1372329e-21 0.015625529 0.006441782 0.001868578 0.0006897476 0.0001030177 0.594559 0.00042325826 0.0014354169 6.8055364e-05 9.054333e-05 0.00013226108 0.00015908745 2.0894635e-05 0.05156044 3.1456416e-06 5.1975283e-05 4.048588e-05 1.3738174e-06 2.1211122e-06 0.4752054 1.6517466e-05 0.38937226 7.950072e-06 4.2120902e-07 5.0573965e-07 0.32396504 0.000838563 1.17999534e-07 5.1640494e-05 0.003507362 0.015409076 7.0609906e-07 5.730403e-07 1.853387e-06 0.20511706 3.7125476e-05 0.0017744611 0.0010404906 0.0046695326 2.9200152e-07 1.2564897e-06 2.6561581e-08 1.4356097e-07 3.336892e-08 0.00095227023 9.328835e-08 8.870456e-07 1.0550536e-06 2.8295752e-08 9.2385693e-07 4.301865e-05 0.0023184388 6.0916403e-07 2.8306454e-07 3.6740533e-09 0.0055901855 0.0010593856 0.00046490214 4.9417565e-08 0.0010243363 1.6962247e-06 1.5720737e-09 8.464131e-08 0.000374707 7.4110444e-06 4.74869e-08 6.313224e-06 1.6403819e-06 1.7881794e-07 4.946882e-06 8.7405556e-07 4.777404e-09 0.0012011523 2.813738e-05 5.9260063e-05 7.6621257e-07 5.744838e-07 2.2583286e-07 1.5255638e-06 4.6340858e-07 5.9881884e-08 3.4865996e-06 0.000605348 3.3334172e-07 7.9791164e-08 0.002151223 1.5515451e-07 1.4422659e-06 0.001271798 2.3329406e-08 6.647372e-07 1.1604732e-07
0.26608434 0.15971042 0.21435918 0.26882884 0.6019055 0.0044939867 0.099389225 0.94104445 0.015625529 7.74178e-21 0.0020798345 0.03915231 0.10722348 0.36697155 0.5815717 0.026075428 0.0045119952 0.33323634 0.051319286 0.0658248 0.5228117 0.058552317 0.51585513 0.0044384254 0.014867465 0.1079127 0.0015200729 0.0012625828 0.02105444 0.0054600486 0.00024207904 0.0013995243 0.0012252845 0.0006401458 5.696306e-05 0.0042778687 0.0006239099 0.04472516 0.0040211566 0.058234673 0.0015021256 0.00014633001 0.0017950431 0.00041508433 0.008399288 0.0034691705 0.0049018553 0.0036527093 7.5113196e-05 0.0007903694 0.00016784212 0.00019535515 8.310579e-05 0.0012991584 0.00010069735 0.0014513548 0.0006655308 4.1068688e-05 0.00035702405 0.0102354055 0.005192884 0.00020381871 6.9152724e-05 3.3176593e-06 0.00023999596 0.0014367172 0.0023070097 3.657724e-05 0.0074153054 0.00050997676 2.2948736e-06 4.5354966e-05 0.0006719078 0.0006698962 3.895071e-05 0.0012705077 0.0002163913 3.410775e-05 0.00041469894 4.104782e-05 3.4819192e-07 1.726662e-06 0.00026529055 0.00028925083 0.00015102801 0.00014237282 6.497883e-07 0.00049819914 0.000106337415 2.4234698e-06 3.560506e-05 0.0027479576 1.5229088e-05 1.0565272e-05 7.4444797e-06 3.3922793e-06 0.00073822716 0.005183817 4.6503868e-07 1.8396435e-05 5.0483977e-06
0.9641458 0.118386686 0.13611114 0.058848694 0.14497603 0.08165937 0.5889494 0.0025877343 0.006441782 0.0020798345 4.0455236e-20 0.3852618 0.095932424 0.0015021292 0.0032102517 0.047195047 0.84742767 0.00045837637 0.0012751208 0.000712994 0.00022177651 7.586978e-05 0.00024695252 0.00013502465 0.012128692 3.1616702e-05 1.0242166e-05 1.7618437e-05 0.0005295625 1.1520102e-05 0.00043328933 1.2893378e-05 1.2501035e-06 4.5333363e-06 0.0006621242 0.2837868 5.2842456e-06 6.947162e-06 0.4351855 5.6580034e-06 1.4546769e-05 3.2519935e-07 1.5906839e-05 0.00027858958 0.009002892 0.21659575 0.29223955 0.4316938 7.5595966e-07 1.1710067e-07 2.076972e-06 4.87311e-08 7.703419e-07 3.3356382e-06 4.20908e-08 3.5063178e-07 2.5571544e-06 1.333609e-07 7.0213383e-07 3.7138574e-07 0.13694434 5.240504e-08 3.258573e-08 3.4610274e-08 0.003169186 0.15246418 1.03057255e-05 5.837265e-09 0.1427475 5.518091e-05 3.0963072e-09 4.905028e-09 0.0024714784 3.9588588e-07 8.795991e-10 2.0482944e-06 2.4147885e-06 1.8623797e-07 1.7034701e-07 4.137045e-06 1.9416085e-08 0.004158937 0.000539689 0.002421857 2.385109e-07 2.4885838e-07 2.2371287e-07 1.0649583e-06 4.2800632e-08 1.6980057e-09 5.3209988e-08 0.0012686817 4.0387096e-08 9.914661e-10 0.017373858 4.105222e-08 1.5398511e-07 0.045250814 4.809167e-08 2.4730824e-09 2.5527317e-08
0.96743804 0.062755 0.13458376 0.018355442 0.35779658 0.0038416241 0.77406293 0.031758774 0.001868578 0.03915231 0.3852618 5.2390576e-18 0.7729456 0.23002987 0.011805442 0.7565815 0.47029206 0.11770763 0.29024634 0.1949322 0.036792815 0.03749805 0.0104769515 0.14033644 0.53721017 0.011235847 0.010559139 0.0072969343 0.0014229525 0.0040009683 0.0002769081 0.0027516107 0.0019267378 0.001487108 0.00014553631 0.25970784 0.0015798322 0.0031564706 0.14053932 0.0016793386 0.0029201352 0.0005930733 0.012607082 8.275243e-05 0.22620516 0.16318484 0.21292049 0.1638949 0.0005158685 0.00014261472 0.00044032926 4.1423413e-05 0.00026958907 0.000103520375 3.207878e-05 0.00057271944 0.0010027192 2.156e-05 0.00010142646 0.00020000692 0.1291939 2.5630909e-05 3.345248e-05 5.0648946e-06 0.00062973885 0.065782845 0.00018146883 1.3167164e-05 0.2074258 0.0049141846 4.321804e-07 2.7308848e-05 0.0024270562 0.000519762 1.1858446e-05 0.00031534783 0.000108681335 1.0671844e-05 5.30089e-05 0.00031519958 3.2548026e-08 0.00015108564 0.004203553 0.0028321699 2.3175744e-05 6.699981e-05 1.1332098e-06 5.6732704e-05 0.0013289541 3.1762065e-07 2.0151265e-05 0.0122348 7.6931406e-07 2.2980372e-07 0.0006255548 2.6057326e-06 0.00011793502 0.0798274 1.0658808e-06 1.4393105e-06 2.366661e-05
0.9313016 0.0656301 0.11941841 0.01110126 0.34521666 0.0011061581 0.51512235 0.05618072 0.0006897476 0.10722348 0.095932424 0.7729456 2.9165057e-20 0.548282 0.014663875 0.77900195 0.1447814 0.34696066 0.631862 0.44643325 0.14087403 0.17315611 0.020765837 0.25492665 0.39663815 0.03750269 0.10549417 0.04108966 0.0020773 0.012943386 0.00022776231 0.006296004 0.005035641 0.0032758198 0.00015044323 0.095906086 0.0025334342 0.011056867 0.05217534 0.0037459268 0.0038033475 0.0016364384 0.008880123 4.7285463e-05 0.1251676 0.04807992 0.072358236 0.053715628 0.0018509846 0.0003479851 0.0010862715 0.00015286806 0.00062243035 0.00012874488 9.008556e-05 0.0028994407 0.0010646963 3.275531e-05 0.00047061918 0.0007147938 0.041606676 0.0001836321 6.2791514e-05 1.0747834e-05 5.5571552e-05 0.03579209 0.00026122393 7.559799e-05 0.072472624 0.0066319797 9.615327e-07 6.7557055e-05 0.00041530648 0.0006137554 3.482813e-05 0.001766831 0.00025055336 1.8145145e-05 0.00012532299 0.00043837194 5.4731355e-08 1.0553037e-05 0.005146893 0.00036443982 1.9933123e-05 8.930042e-05 8.2574417e-07 6.055602e-05 0.0023554713 4.672543e-07 4.6083485e-05 0.012657046 1.1281558e-06 7.498529e-07 0.00030455418 2.7077067e-06 0.0010410731 0.04755394 4.9611785e-06 4.0544396e-06 0.00015281457
0.8065766 0.04879965 0.09898173 0.016103052 0.5768288 0.00016500596 0.19376355 0.24467167 0.0001030177 0.36697155 0.0015021292 0.23002987 0.548282 7.0965604e-22 0.010003643 0.2772651 0.010429112 0.8742869 0.5939914 0.65672463 0.672394 0.7306508 0.02835371 0.2005182 0.14739554 0.36894697 0.112694204 0.14588971 0.0013662936 0.07078685 3.457707e-05 0.037877947 0.08674342 0.0061560166 5.3343138e-05 0.017956277 0.0052035493 0.09881955 0.007247158 0.005099175 0.0078087645 0.0017139622 0.009577691 3.920121e-05 0.06697694 0.008408589 0.021623531 0.008735465 0.0018131877 0.001279184 0.0014090898 0.00022108832 0.00060075574 0.0004010127 9.415215e-05 0.007966906 0.0016232777 2.427248e-05 0.0019010509 0.01292219 0.009610647 0.0009346566 0.00013668626 1.5465997e-06 2.2460476e-05 0.0043819034 0.0016339277 6.675897e-05 0.02698673 0.0040556565 6.705964e-07 7.5189884e-05 0.0002050319 0.00053384417 4.8592323e-05 0.0031364304 0.00014222653 1.557909e-05 0.0013138208 0.00028318944 3.351716e-08 1.4221282e-06 0.0014349862 7.0825554e-06 4.382053e-05 0.00012369506 2.419598e-07 0.00022544093 0.0058288714 3.5388229e-07 3.199578e-06 0.0055611767 3.8350254e-06 4.1049032e-07 6.8059153e-06 2.5118184e-06 0.0017128215 0.026414271 1.3986837e-05 1.241297e-06 0.0005048198
0.14204662 0.23021847 0.18006878 0.5829154 0.4402661 0.19100808 0.043174125 0.6481153 0.594559 0.5815717 0.0032102517 0.011805442 0.014663875 0.010003643 5.914331e-22 0.004579019 0.002957353 0.006672231 0.0021088037 0.0029748841 0.020714844 0.001357706 0.8539155 0.0005371191 0.0017261485 0.0023820838 6.478207e-05 0.000103585546 0.4953767 0.00023270815 0.033113096 9.167698e-05 5.9394835e-05 3.0493882e-05 0.005986651 0.001740295 2.1795156e-05 0.004335411 0.002178913 0.27736813 0.00012483237 1.41783075e-05 0.00012662128 0.05354978 0.001192798 0.002128327 0.0016446483 0.0023178884 1.413028e-05 3.3498454e-05 2.1658805e-06 5.978226e-06 1.0256784e-06 0.012119269 2.5501113e-06 5.7297864e-05 1.6208467e-05 1.4015965e-06 4.6508303e-05 0.0027503604 0.002239132 1.3892198e-05 9.087241e-07 8.1739e-08 0.0012982469 0.0005324292 0.0022949965 1.0487337e-06 0.002149696 1.3246727e-05 5.145597e-08 5.179383e-07 0.0012403085 0.00023248144 6.1570904e-07 0.0001455252 1.2573965e-05 2.181935e-06 5.9333925e-05 3.3493163e-06 6.895795e-08 1.0611945e-05 4.5611017e-05 0.00018007055 1.82929e-05 5.7429347e-06 1.2231641e-07 1.9038702e-05 6.0939333e-06 2.9071722e-07 2.0666562e-06 0.0011708047 1.9407514e-06 2.826006e-07 3.6658847e-05 5.1274213e-07 1.6364718e-05 0.0026684562 4.088749e-08 1.9126044e-06 1.3633363e-07
0.9307807 0.02041715 0.05157199 0.0029809147 0.12838094 0.0011085068 0.3677182 0.013739552 0.00042325826 0.026075428 0.047195047 0.7565815 0.77900195 0.2772651 0.004579019 5.4799392e-18 0.1797039 0.17562811 0.57751656 0.3942386 0.051240485 0.11145823 0.008849291 0.46389887 0.67224324 0.025814693 0.2630624 0.14363702 0.0003872197 0.014462909 0.000116124764 0.008855191 0.016073944 0.035200294 0.00018595126 0.106698684 0.02356428 0.009233171 0.03137527 0.0011375361 0.0450003 0.0037269343 0.06551125 1.8666153e-05 0.29302618 0.04858876 0.08917472 0.051092625 0.0031218587 0.0014956053 0.0038158526 0.00039392096 0.00252206 8.138676e-05 0.00020960126 0.0038029922 0.0072696335 0.00015309521 0.00094308704 0.0020204212 0.05874507 0.0003170682 0.00050278596 1.9411635e-05 3.388891e-06 0.049319305 0.00021869436 0.00021510533 0.140689 0.026095187 3.7341167e-06 0.0002627871 8.270114e-05 0.0024062563 7.899011e-05 0.0021760545 0.00074938143 0.0001437792 0.0014392935 0.0008923508 2.3596787e-07 7.878385e-06 0.00842319 3.3842e-05 0.0002764706 0.00023788544 1.0847962e-06 0.00026983937 0.013431519 9.198559e-07 2.2327147e-05 0.01950805 4.3258387e-06 2.847948e-07 5.862773e-05 4.0258547e-06 0.00069606217 0.07605421 0.00028198992 1.6432473e-06 0.005329001
0.91276383 0.056901608 0.12509713 0.012334463 0.12009731 0.008955649 0.58599645 0.0031882126 0.0014354169 0.0045119952 0.84742767 0.47029206 0.1447814 0.010429112 0.002957353 0.1797039 2.5203994e-19 0.0038654674 0.010595518 0.0063258475 0.0020531027 0.0012201794 0.00053550367 0.0033248146 0.0993288 0.0005376698 0.0003379235 0.00039848688 0.0003146689 0.00021171209 0.00030379157 0.00014355681 0.00012355512 0.00017660971 0.0007218073 0.41631734 8.901972e-05 9.441794e-05 0.43197376 6.709457e-05 0.00023573612 2.1482767e-05 0.0009438801 0.00029307354 0.08817248 0.28422612 0.39155278 0.22188656 8.976452e-06 1.1601323e-05 6.822236e-05 5.78155e-06 3.273039e-05 0.00014534435 4.921857e-06 4.045171e-06 0.00021438938 7.638039e-06 2.2141094e-06 9.043128e-06 0.19293898 2.7477213e-07 1.0707616e-05 1.7494278e-06 0.012211531 0.08991479 0.00037379473 7.6503625e-07 0.20154522 0.00041171786 3.603324e-07 3.24824e-07 0.02034581 3.64582e-05 1.6934905e-07 8.324241e-06 1.2680853e-05 1.5570956e-06 1.2515475e-05 1.5552294e-05 1.885618e-07 0.0044700187 0.0006338583 0.0070183002 2.1885414e-06 8.5917745e-06 5.441194e-07 1.1699018e-05 1.513525e-05 2.7750897e-08 1.3833161e-06 0.0044992403 5.3744344e-07 4.0498794e-08 0.006747431 9.4956135e-07 1.112657e-05 0.052704234 1.5181748e-06 1.1395122e-07 1.5543122e-06
0.6396181 0.02050005 0.05188663 0.004858378 0.44926214 7.185179e-05 0.06587344 0.1541847 6.8055364e-05 0.33323634 0.00045837637 0.11770763 0.34696066 0.8742869 0.006672231 0.17562811 0.0038654674 2.0626896e-22 0.50265706 0.62624943 0.8100789 0.84974426 0.025555236 0.1789186 0.111982085 0.55193967 0.122628674 0.21908388 0.0013492174 0.135929 2.1758646e-05 0.08915518 0.25789917 0.019406568 2.3221895e-05 0.009917572 0.010394522 0.19417341 0.004081336 0.006400091 0.014509147 0.004515762 0.015240531 3.6439746e-05 0.05894703 0.0040422035 0.009095899 0.0035214485 0.003475936 0.002390871 0.0023647298 0.00047723454 0.0007498583 0.0004013322 0.00025860788 0.015307735 0.0022052797 9.541156e-05 0.004613217 0.019270724 0.006900901 0.0015256745 0.00024159794 4.486846e-06 8.008361e-06 0.0024278122 0.001248272 8.2188584e-05 0.014591079 0.0031535835 4.605982e-06 9.954896e-05 8.235728e-05 0.000617882 0.000102065416 0.004022445 0.00022338981 3.0866577e-05 0.0016764351 0.00049761386 6.280226e-08 8.108941e-07 0.00088238023 6.1182715e-07 0.0001131277 0.00014174597 3.21365e-07 0.00022430989 0.005810446 4.4018142e-07 3.8261705e-06 0.0034608312 2.0200089e-06 4.0581628e-07 1.7714547e-06 2.1558672e-06 0.0005729233 0.015706355 2.5411156e-05 7.537345e-07 0.0009352665
0.9007803 0.0057835886 0.018978903 0.0012907762 0.11789939 0.00022157632 0.08684936 0.021831663 9.054333e-05 0.051319286 0.0012751208 0.29024634 0.631862 0.5939914 0.0021088037 0.57751656 0.010595518 0.50265706 3.6998571e-19 0.75885284 0.23540264 0.47440714 0.010173424 0.49317378 0.3449304 0.108496025 0.41566 0.32028675 0.0003100641 0.04174538 4.3754637e-05 0.025494728 0.19890058 0.10881918 8.1395534e-05 0.020849388 0.038924128 0.030002724 0.008215486 0.0018927015 0.028126495 0.0068875775 0.032094296 1.030146e-05 0.11732027 0.010505015 0.027939338 0.013616461 0.006732186 0.0018876399 0.0029249273 0.00040920774 0.0014915395 7.145068e-05 0.00019273277 0.016444389 0.0036619299 0.00013492102 0.004205883 0.002398213 0.013298244 0.0015406694 0.00022445196 2.2671007e-05 1.4666965e-06 0.013081099 0.00018959116 0.00020078036 0.04347543 0.015004163 3.774741e-06 0.00017935038 8.472983e-06 0.001064836 0.00011244073 0.0038744672 0.00076350616 0.00021487981 0.0013649157 0.0009952377 2.5251833e-07 1.6364992e-06 0.0040589566 3.000988e-06 8.266321e-05 0.000174985 1.7686928e-06 0.00030604986 0.016608926 1.1454846e-06 2.0623336e-05 0.011159869 2.725243e-06 7.2896967e-07 2.0240423e-05 2.822468e-06 0.00044807183 0.045336615 0.00037914724 2.3838754e-06 0.0083907265
0.88500607 0.0051029576 0.01791844 0.0014385249 0.15499163 0.00019253732 0.060308173 0.032886207 0.00013226108 0.0658248 0.000712994 0.1949322 0.44643325 0.65672463 0.0029748841 0.3942386 0.0063258475 0.62624943 0.75885284 5.3833633e-19 0.42580783 0.63963956 0.014945217 0.45501304 0.26186985 0.24341995 0.36730424 0.4500992 0.0006426084 0.093010075 8.479211e-05 0.076799735 0.41957408 0.14064932 0.00011647347 0.012566354 0.06996329 0.076967 0.0060754605 0.0032935077 0.036145918 0.016995428 0.037538167 2.5371324e-05 0.099241 0.0070999223 0.020705359 0.007359624 0.02027647 0.0036709998 0.0050693653 0.0010676497 0.0021517603 0.00015761986 0.00042712784 0.030886339 0.0056761145 0.0002377269 0.00963437 0.0056901197 0.008977189 0.0034243793 0.00058118254 3.2983135e-05 1.8400776e-06 0.007740112 0.0004575254 0.0003733827 0.03243532 0.015969198 8.669894e-06 0.0006202571 1.6199952e-05 0.0016337126 0.00030997038 0.006698838 0.0016262202 0.00035636683 0.0026122793 0.0013083937 3.2693947e-07 2.0784323e-06 0.0036159223 1.0179844e-05 0.0002686523 0.00021765567 1.7655212e-06 0.00044794878 0.026786383 1.5093989e-06 4.124091e-05 0.00797352 7.5035186e-06 9.398905e-07 2.255307e-05 4.7268804e-06 0.00039929675 0.03754781 0.0025552602 2.2697432e-06 0.01482641
0.32409862 0.015066895 0.03555942 0.0059327753 0.36393255 6.435977e-05 0.017387481 0.33095813 0.00015908745 0.5228117 0.00022177651 0.036792815 0.14087403 0.672394 0.020714844 0.051240485 0.0020531027 0.8100789 0.23540264 0.42580783 1.1639757e-20 0.8184419 0.053630862 0.040798537 0.044677913 0.87317693 0.029519066 0.097060844 0.00307834 0.36521468 4.671688e-05 0.24130578 0.20718926 0.009495927 2.8442404e-05 0.00310881 0.0054921564 0.55297005 0.0016393021 0.013259033 0.0060676346 0.0074324417 0.0053369883 0.00014238546 0.0153395785 0.0017760897 0.0030119135 0.0013166218 0.004935171 0.0024515835 0.0009364916 0.00054759975 0.0004030503 0.0009891483 0.00044304068 0.012371536 0.0013825671 0.00018754166 0.0065544765 0.029861601 0.0032052665 0.0021809628 0.00034489733 1.31130155e-05 2.1215947e-05 0.0009609566 0.0029826479 0.000119409444 0.0042125424 0.0014029305 9.927871e-06 0.00013494908 0.00024050921 0.001219682 0.00020318158 0.009549508 0.0006505684 0.00011933634 0.0013505529 0.0004905793 3.939778e-07 4.917313e-07 0.00058181444 3.3959125e-07 0.00012008379 8.8633096e-05 1.2429507e-06 0.00026620622 0.0007797121 1.5752322e-06 1.3104909e-06 0.0023636103 2.9365126e-06 1.1226028e-06 2.491835e-07 2.7880774e-06 0.0005608461 0.0046904157 4.9077066e-06 2.9205623e-06 0.00010491108
0.48883513 0.0027156505 0.0077146697 0.00081202603 0.16416307 1.46617695e-05 0.0065750335 0.028384661 2.0894635e-05 0.058552317 7.586978e-05 0.03749805 0.17315611 0.7306508 0.001357706 0.11145823 0.0012201794 0.84974426 0.47440714 0.63963956 0.8184419 4.1886924e-22 0.007588925 0.27862698 0.09465387 0.7351916 0.26670754 0.5278372 0.00042720875 0.4812436 3.774271e-05 0.43078056 0.6963466 0.18388653 3.53336e-05 0.0027733846 0.046728145 0.37915072 0.0019232222 0.0020563055 0.046377916 0.10099063 0.026037209 1.44144715e-05 0.03637964 0.0027198594 0.0025269133 0.0013120504 0.07170727 0.010583415 0.0046540676 0.001846281 0.0015950506 0.00016083014 0.0011233692 0.058111917 0.004942625 0.00036314037 0.020088121 0.023404632 0.005107897 0.007890571 0.0009008071 2.64919e-05 9.370373e-07 0.0013499799 0.00046498593 0.00026017698 0.0068561104 0.0042194095 1.4653411e-05 0.00026906637 9.115872e-06 0.0004860491 0.00041341913 0.012158467 0.001261775 0.00017532693 0.005748881 0.0010130911 4.6425347e-07 6.1161774e-07 0.001111818 2.669577e-08 0.0007265675 0.00031414896 8.377876e-07 0.00047046476 0.006865244 1.7903183e-06 1.05694835e-05 0.0036930903 5.4379543e-06 1.4152483e-06 4.7807634e-07 2.6208932e-06 0.0005029025 0.021961654 0.0006940057 3.291694e-06 0.0062164515
0.07174858 0.015710827 0.015441954 0.0582798 0.12943794 0.0010929317 0.00960991 0.5131073 0.05156044 0.51585513 0.00024695252 0.0104769515 0.020765837 0.02835371 0.8539155 0.008849291 0.00053550367 0.025555236 0.010173424 0.014945217 0.053630862 0.007588925 1.9833305e-20 0.0015969754 0.002383038 0.014990733 0.0007290656 0.00078567653 0.49658278 0.0004337162 0.0011905695 0.00015556988 0.00035466344 0.0003712326 9.422599e-05 0.00050737325 0.00037748239 0.03646594 0.00030482732 0.7384902 0.00018407534 4.6761448e-05 0.00025490977 0.019773383 0.0009705577 0.0005536385 0.00031642057 0.0002488704 7.572065e-05 0.00018137177 1.2959331e-05 2.6808499e-05 6.0810275e-06 0.10234573 1.7124059e-05 0.0003372767 7.169559e-05 1.7617747e-05 0.00011704414 0.016502006 0.0013435266 3.3807966e-05 4.9613964e-06 1.6864259e-06 0.0019686932 7.009129e-05 0.009304878 5.5933338e-06 0.00080135645 3.8677907e-05 5.2712323e-07 3.9532397e-06 0.0018803433 0.0010711682 2.497818e-06 0.00056502584 3.155086e-05 2.7707738e-06 0.000104212966 6.683156e-06 1.3061981e-07 3.7100576e-06 2.7471111e-05 0.0003039692 3.2121392e-05 5.5524742e-06 7.0803765e-07 1.9642739e-05 0.00014626751 5.4295674e-07 6.262287e-07 0.0002487781 2.7837083e-07 3.0937628e-07 1.5658487e-06 2.476028e-07 2.5714004e-05 0.00045135082 4.1897627e-07 2.8418667e-06 3.2385076e-06
0.9327063 0.00038979456 0.0010526627 0.000114517556 0.0026643367 2.1409669e-05 0.009087463 0.0027360583 3.1456416e-06 0.0044384254 0.00013502465 0.14033644 0.25492665 0.2005182 0.0005371191 0.46389887 0.0033248146 0.1789186 0.49317378 0.45501304 0.040798537 0.27862698 0.0015969754 5.8094925e-18 0.56616396 0.030836549 0.77892953 0.6014307 1.599321e-05 0.03328618 2.5182862e-05 0.028537616 0.34658262 0.5447601 4.4276483e-05 0.005819346 0.3869251 0.015818246 0.0010234058 8.100177e-05 0.22972 0.04219043 0.17911972 1.1428582e-06 0.2242865 0.0027535977 0.0071273437 0.0032625443 0.031958602 0.017618127 0.023577536 0.0037477775 0.011434863 1.0771854e-05 0.0017189976 0.028436223 0.027635217 0.0006515407 0.010998768 0.00029301623 0.0105205905 0.0054694293 0.0020342297 8.101243e-05 2.4735968e-07 0.012566792 2.6711165e-05 0.0003853178 0.037676465 0.051982075 1.3768797e-05 0.00090640364 1.6407355e-06 0.00061528035 0.00013249918 0.0032246085 0.0014869478 0.000269273 0.0021829302 0.0008113823 4.8403984e-07 2.0863781e-06 0.0072208857 8.821274e-07 0.0027850708 0.00039618963 5.529659e-07 0.0004169304 0.0131340055 9.0201263e-07 4.452827e-05 0.019286849 5.646215e-06 1.9170976e-07 6.2131353e-06 1.2317158e-06 0.00070465275 0.08723282 0.015545601 1.0462123e-06 0.023252334
0.95343363 0.0043537426 0.015438456 0.0015066571 0.044395182 0.00036450799 0.19591391 0.008413787 5.1975283e-05 0.014867465 0.012128692 0.53721017 0.39663815 0.14739554 0.0017261485 0.67224324 0.0993288 0.111982085 0.3449304 0.26186985 0.044677913 0.09465387 0.002383038 0.56616396 1.0747418e-19 0.024421852 0.3927434 0.2402576 4.6673325e-05 0.011036531 2.0795e-05 0.011990717 0.048688255 0.2073876 2.5628711e-05 0.13376415 0.2451598 0.006447437 0.011169895 9.2440074e-05 0.28720084 0.007343687 0.35907963 1.7368254e-06 0.5935397 0.018781444 0.07072022 0.02709952 0.005279373 0.00865945 0.03232988 0.0032948803 0.018817982 5.387985e-06 0.0012154275 0.0067348606 0.045134537 0.00051619177 0.00041207985 0.00026930077 0.06664579 0.00012897393 0.0016674502 3.7170714e-05 3.8043484e-07 0.05680966 6.9038135e-05 0.0002504647 0.19474465 0.09710795 6.941765e-06 0.0006615685 3.4251545e-06 0.0018264514 6.128684e-05 0.0003868047 0.00038456614 7.1635994e-05 0.00015992514 0.0011125313 1.6580705e-07 1.1129025e-06 0.009496411 8.325949e-06 5.3823078e-05 4.1501033e-05 7.1787156e-08 4.0478353e-05 0.012732282 5.071013e-08 4.051114e-05 0.026305322 3.8799726e-06 6.3613854e-08 5.3447347e-06 6.149995e-07 8.035861e-05 0.09755982 0.00087910955 1.6768301e-07 0.0059100576
0.16092098 0.0017837079 0.0049752514 0.00075885514 0.07696054 1.1519498e-05 0.0021986575 0.032918934 4.048588e-05 0.1079127 3.1616702e-05 0.011235847 0.03750269 0.36894697 0.0023820838 0.025814693 0.0005376698 0.55193967 0.108496025 0.24341995 0.87317693 0.7351916 0.014990733 0.030836549 0.024421852 4.0863752e-21 0.034835566 0.14289726 0.0008483924 0.7089757 2.208526e-05 0.6306142 0.4851669 0.025277847 1.2438192e-05 0.0005294872 0.009707256 0.8958399 0.00023938337 0.0044203815 0.0057750177 0.07127743 0.004138985 2.2458953e-05 0.006718425 0.0006727818 0.0006053073 0.00021116725 0.05318386 0.0030484025 0.00059377484 0.000887077 0.00022834298 0.00046571242 0.000459958 0.019544242 0.0009722127 0.00031016316 0.018787306 0.03132904 0.001210659 0.0040540923 0.00018229152 1.2763124e-05 2.2848458e-06 0.00010032916 0.0012152405 6.148161e-05 0.0016071185 0.0007868276 1.3409127e-05 5.8199177e-05 2.2913822e-05 0.0010476023 0.00011822556 0.00832387 0.0006035397 0.00014373723 0.0024838543 0.00023642731 5.436521e-07 1.6170915e-07 0.00015962498 3.9591892e-08 0.00017399521 6.2089566e-05 1.6551692e-06 0.0001865518 0.00051175145 6.401195e-07 8.597434e-07 0.0010188576 3.5004093e-06 9.626199e-07 6.910264e-08 1.8732875e-06 0.00025390627 0.0036185798 9.4590405e-06 2.3832595e-06 8.320468e-05
0.90461844 0.00012114791 0.0002661793 3.542014e-05 0.0006017442 2.9518935e-06 0.00045040823 0.0007928263 1.3738174e-06 0.0015200729 1.0242166e-05 0.010559139 0.10549417 0.112694204 6.478207e-05 0.2630624 0.0003379235 0.122628674 0.41566 0.36730424 0.029519066 0.26670754 0.0007290656 0.77892953 0.3927434 0.034835566 1.0098817e-17 0.73272216 5.630739e-06 0.05991073 2.901193e-05 0.049355805 0.496242 0.6362919 3.5211997e-05 0.0008157804 0.4895974 0.022782054 0.00062906626 8.130019e-05 0.394423 0.071438745 0.19324176 2.323072e-06 0.17455667 0.0015017568 0.0020238832 0.0015600082 0.060325835 0.08822558 0.039976716 0.004952923 0.020827955 6.918112e-06 0.0025165759 0.039271954 0.05034886 0.00084528746 0.015949829 0.00041696354 0.0032555964 0.008629973 0.0054058116 0.00013280394 2.0611361e-07 0.004975092 6.3736647e-06 0.0009187474 0.014904617 0.050611105 3.4147783e-05 0.0014431123 9.151781e-07 0.00024207028 0.0004514466 0.009701043 0.0032036242 0.00082033774 0.0038588522 0.0011271086 5.375493e-06 4.3509672e-07 0.0062611527 5.1976166e-09 0.004770801 0.0007685743 5.951723e-06 0.0014873327 0.006436222 5.1364877e-06 9.2438306e-05 0.019284377 2.6055253e-05 3.179175e-06 1.774603e-06 7.6033875e-06 0.00083115144 0.072167665 0.014712982 1.11836325e-05 0.020468011
0.8898253 0.00010240335 0.00017126893 5.962861e-05 0.0012315878 1.8113547e-06 0.000638236 0.0007844221 2.1211122e-06 0.0012625828 1.7618437e-05 0.0072969343 0.04108966 0.14588971 0.000103585546 0.14363702 0.00039848688 0.21908388 0.32028675 0.4500992 0.097060844 0.5278372 0.00078567653 0.6014307 0.2402576 0.14289726 0.73272216 5.7315903e-18 1.7481463e-05 0.15816867 1.9941373e-05 0.14094175 0.72117454 0.70147264 2.4356725e-05 0.0015252038 0.44463086 0.07555124 0.00050064194 0.00014267035 0.234431 0.17446017 0.11797441 2.3066386e-06 0.08804854 0.0013920574 0.002371523 0.0005385643 0.17534268 0.061963566 0.032231804 0.005417646 0.010643747 1.0272647e-05 0.0026182951 0.11794839 0.026276773 0.0010089423 0.02337996 0.0021582763 0.0032820553 0.014670435 0.005369381 0.00013919512 4.0178745e-07 0.0026093996 9.491254e-06 0.0011930899 0.014019048 0.033875342 6.410646e-05 0.002036091 8.9143504e-07 0.00037939538 0.0010387545 0.017857155 0.002843481 0.0010559068 0.0046439455 0.0022332442 3.4785191e-06 3.987204e-07 0.0072821616 1.7593845e-08 0.0050701364 0.0013924569 1.0795661e-05 0.0011870832 0.007967214 5.302075e-06 0.00018989916 0.012262291 2.2798906e-05 6.782389e-06 2.8767888e-06 1.1718983e-05 0.0014758167 0.049644925 0.011892577 1.5533393e-05 0.01931484
0.011850986 0.009747974 0.006095683 0.07437408 0.022116566 0.10781612 0.0032363988 0.036234085 0.4752054 0.02105444 0.0005295625 0.0014229525 0.0020773 0.0013662936 0.4953767 0.0003872197 0.0003146689 0.0013492174 0.0003100641 0.0006426084 0.00307834 0.00042720875 0.49658278 1.599321e-05 4.6673325e-05 0.0008483924 5.630739e-06 1.7481463e-05 6.8627554e-23 8.665823e-05 0.36891508 4.9711696e-05 1.534158e-05 7.1502454e-06 0.10102331 0.00041428415 3.6122992e-06 0.004355761 0.000332335 0.6470485 3.0438866e-06 7.823735e-06 1.6045013e-05 0.7168267 8.380202e-05 0.000417166 0.0002766296 0.0003596074 1.3617706e-05 2.6102283e-05 1.296715e-06 3.5150247e-06 7.5028424e-07 0.35643464 1.8373614e-06 3.3505207e-06 7.111842e-06 9.802242e-07 2.6119464e-05 0.0065545337 0.0013452568 6.257096e-06 1.4342709e-06 1.3514669e-07 0.093326144 0.00018685342 0.0150122065 7.0212823e-06 0.0007028819 3.8021142e-05 1.1316174e-07 5.6567624e-06 0.02004223 0.00047417957 1.4524097e-06 2.6392845e-05 6.3146263e-06 4.7090512e-07 3.7493041e-06 2.2975659e-05 2.4420206e-08 0.000102309736 1.9400106e-05 0.0022122688 2.2245542e-06 4.1697126e-07 1.2866906e-07 2.413856e-06 1.0906794e-05 7.362789e-08 4.8183836e-07 0.00017459244 5.4996526e-08 1.0140444e-07 9.809743e-05 1.4493828e-07 1.4446448e-06 0.0005515211 3.2742467e-09 3.3397652e-07 2.7231126e-08
0.051614083 0.0015803287 0.0026120488 0.00082336384 0.0070224274 6.1242285e-06 0.0018515214 0.0012764111 1.6517466e-05 0.0054600486 1.1520102e-05 0.0040009683 0.012943386 0.07078685 0.00023270815 0.014462909 0.00021171209 0.135929 0.04174538 0.093010075 0.36521468 0.4812436 0.0004337162 0.03328618 0.011036531 0.7089757 0.05991073 0.15816867 8.665823e-05 1.6718721e-20 2.0939537e-05 0.8999698 0.6363094 0.08189966 1.4355579e-05 0.00035300475 0.02193933 0.86897033 6.687584e-05 0.0002571284 0.012043008 0.41195092 0.004212374 6.2862478e-06 0.0032116002 0.0004078914 0.00020826767 0.00013041351 0.32385775 0.011790522 0.0017957279 0.0021700612 0.00082589895 6.340868e-05 0.0014773186 0.0665714 0.0013298036 0.00087194017 0.05350773 0.012411201 0.001708262 0.018207863 0.00044148558 6.2265324e-05 4.468356e-06 7.078264e-05 0.00013838084 0.000105310144 0.0017707191 0.00089325756 9.4441995e-05 0.00010362448 1.1797196e-05 0.00041769867 0.00012579333 0.00934626 0.00090919004 0.00020878571 0.004618173 0.00012066063 2.4235034e-05 1.7077171e-07 0.000117639924 6.4097834e-09 0.001747258 0.00023578806 7.708267e-06 0.00062814663 0.0003505639 1.3127757e-05 3.2208554e-06 0.0007782442 5.9005903e-05 9.80652e-06 2.3970633e-08 1.5211308e-05 0.00033106338 0.0068758987 0.00018274583 1.4924222e-05 0.0005556798
0.006089126 0.004631292 0.0023412122 0.02319295 0.0032623687 0.2563726 0.0015567424 0.00025692448 0.38937226 0.00024207904 0.00043328933 0.0002769081 0.00022776231 3.457707e-05 0.033113096 0.000116124764 0.00030379157 2.1758646e-05 4.3754637e-05 8.479211e-05 4.671688e-05 3.774271e-05 0.0011905695 2.5182862e-05 2.0795e-05 2.208526e-05 2.901193e-05 1.9941373e-05 0.36891508 2.0939537e-05 4.4604942e-20 2.032586e-05 1.0507424e-05 2.3042105e-05 0.7476768 0.000612018 1.780831e-05 3.106295e-05 0.0007062937 0.004754878 2.7365082e-05 7.2630464e-06 3.5019606e-05 0.560232 8.838081e-05 0.00060432416 0.00024781056 0.0006683335 2.8562697e-06 3.8575934e-05 3.2811406e-06 3.2524417e-06 2.0311763e-06 0.007924604 3.0425313e-06 2.428928e-06 1.45346075e-05 9.4012e-07 4.3676614e-06 1.5355661e-05 0.003695449 2.3517855e-06 1.047609e-06 8.0738495e-08 0.015558133 0.0023599651 0.00020759444 1.0586875e-07 0.0009023379 2.5581812e-06 2.1313306e-07 4.8989176e-07 0.00042421598 7.862728e-06 4.9168113e-07 4.2204778e-05 5.3725407e-06 9.52242e-07 2.8784439e-06 9.310483e-06 1.3932679e-07 0.0006113865 3.404568e-05 6.245498e-05 1.8418738e-06 1.2387792e-06 3.2706532e-06 8.10535e-06 4.460196e-07 2.610873e-07 3.712542e-06 0.0003827941 1.2886438e-06 2.454511e-07 0.00019538403 7.300654e-07 5.9116887e-06 0.0016242842 3.862911e-08 6.0494426e-07 3.7269906e-08
