2.9311315e-25 3.5095848e-06 0.0001793131 0.0026344843 1.0698327e-09 6.374847e-07 0.0034620939 6.090941e-08 3.3542529e-09 0.004423371 9.147636e-05 2.2991516e-08 0.06793322 0.0028865824 0.0052677626 0.08367203 0.062166832 8.0585545e-05 0.00062089897 0.010758146 0.0024578643 0.035952095 0.5443802 2.1659378e-08 0.05389331 0.26879978 0.02002382 0.00031165697 0.37254205 7.8302214e-08 0.021559266 0.00059326796 0.25252762 0.00010541625 0.39506045 0.49709204 0.0029587352 1.7405238e-05 2.277425e-08 0.010844813 0.35152957 0.0018991963 0.19687214 0.11397302 4.0542483e-07 0.66369694 0.6204854 0.21234813 0.059805904 0.73985344 1.5012698e-07 0.9043916 0.90673816 0.67812103 0.41371292 0.11502163 0.0016530089 0.21466766 0.00022949831 0.9654888 0.0034672203 0.007893627 0.053235628 0.73617166 0.0028494925 0.99569327 0.003915061 0.00032052436 0.0030671356 0.0025433716 9.626025e-07 0.91362524 4.71089e-06 0.013190417 0.95049965 0.00028610817 0.0027611712 0.93543243 0.8112301 0.0023214456 0.9846311 0.05435705 0.9534672 0.9806167 0.07175333 0.0020997243 3.2241945e-07 0.8399013 0.95505 0.5584855 0.3180412 0.00012772664 0.992246 0.99751663 0.03540347 0.51463705 0.81784225 0.9503677 5.8396938e-05 0.029084533 0.028972046
3.5095848e-06 6.158324e-18 0.2823729 0.09591876 0.23660459 0.008686075 0.01370333 0.0072828736 0.04226217 0.0045739887 0.0018929532 0.061145928 0.012361164 0.0031878187 0.0022834758 0.007095113 0.014668526 0.0009971434 0.0015435535 0.0018727464 0.00057854113 0.00092044217 0.0072740377 0.012256562 0.00068287586 0.007188939 0.010375373 0.00027721113 0.0004883937 3.9695824e-06 0.00037691995 0.00010743698 0.0003814277 1.7415417e-05 0.0015187267 0.0012732841 9.74374e-05 6.149406e-06 8.005867e-07 2.406536e-05 0.00041974543 7.393432e-06 0.0002692363 2.8952087e-05 0.007197984 0.00072808244 0.0005547341 0.00011943073 1.7668865e-05 0.00033751992 4.335637e-09 0.00069814234 0.0020871544 0.00044930464 7.776054e-06 1.1605286e-05 1.00531115e-05 9.926073e-06 1.5525657e-06 0.0007168106 5.9623835e-07 1.558912e-07 1.7443915e-06 5.4549473e-05 2.4099973e-07 0.00023560622 1.2247469e-07 7.9909505e-08 1.167173e-08 1.3176126e-08 1.0493855e-07 0.0014641307 4.930571e-08 4.3464944e-08 0.00055160286 3.855359e-08 4.026908e-09 0.0003131753 5.3992837e-05 5.331816e-09 0.00014122392 1.066462e-07 0.0009161645 0.00041691607 3.1673782e-08 3.4505323e-09 2.4670965e-11 6.918076e-05 0.0002371133 3.480256e-05 1.9700368e-05 2.1556295e-09 0.00038987823 0.000331244 1.00180575e-08 5.29393e-08 2.0813988e-05 6.4189503e-06 8.8206714e-10 0.017719567 5.6827915e-10
0.0001793131 0.2823729 2.088793e-17 0.41658112 0.047406223 0.007858426 0.17930594 0.0047673057 0.017267305 0.0544352 0.006123832 0.035798695 0.26164606 0.017262705 0.023364924 0.073496975 0.2409675 0.0037607476 0.00569879 0.01671002 0.0049589677 0.011137431 0.08903147 0.016691186 0.00666061 0.1335132 0.06790461 0.0004444272 0.0057088337 7.5564217e-06 0.0016735494 0.00018107088 0.0030131463 4.2480868e-05 0.009913837 0.012950116 0.00017525922 5.220775e-06 8.5397903e-07 0.00023932492 0.0009477679 1.390609e-05 0.0003974227 0.00035596552 0.015126674 0.0012900427 0.0011093799 0.0012052028 7.963067e-05 0.0024452894 7.466973e-09 0.0010580835 0.002815429 0.0006510975 5.3324675e-05 9.821331e-05 1.404004e-05 6.6242035e-05 2.781332e-06 0.00077507633 4.1990734e-06 2.5367862e-07 3.2449657e-06 0.0001399042 2.7852272e-07 0.0002142518 8.38146e-08 1.2654733e-07 1.2429019e-08 1.5191018e-08 9.996608e-08 0.0018687081 1.0450092e-07 3.332109e-08 0.00081842596 6.6738885e-08 6.5232526e-09 0.0007775165 8.239137e-05 8.16137e-09 0.0004195887 6.882983e-08 0.0037730425 0.00084817916 9.52419e-09 5.113815e-09 1.6630605e-11 7.149349e-05 0.00023067357 2.7346976e-05 8.698144e-06 4.1637955e-09 0.0005289651 0.0008371487 2.299997e-09 7.809173e-09 1.1518289e-05 1.4792568e-05 1.2416383e-09 0.05041503 5.650055e-10
0.0026344843 0.09591876 0.41658112 3.124106e-16 0.011175174 0.0007021905 0.14895712 0.00040564183 0.0058036777 0.04610195 0.002887002 0.012438088 0.3753441 0.012804791 0.012098597 0.068646014 0.47166404 0.00229153 0.0035578837 0.005613028 0.0036695332 0.0027545828 0.28469932 0.0032227468 0.0017704286 0.38149762 0.11850438 0.0004938125 0.0019567998 6.3456678e-06 0.0010243134 0.00052798504 0.0012696695 9.863749e-05 0.01565566 0.0427942 0.00033949592 2.0317373e-05 2.1048302e-06 0.00032288028 0.00043305717 7.8795085e-05 0.000547776 0.00031971867 0.0051932777 0.0003701927 0.000443039 0.00063845696 0.0001624659 0.008567699 5.6036225e-08 0.00031290032 0.0004356191 0.00032005305 3.1387448e-05 0.00013059784 3.277631e-05 9.100675e-05 1.47392975e-05 0.0016303017 1.0260907e-05 1.0874862e-06 1.7324829e-06 2.97911e-05 1.3810147e-06 0.0003181456 3.6131556e-07 1.9058376e-07 5.4758505e-08 6.476764e-08 8.1042873e-07 0.0010244291 6.2206743e-07 5.879124e-08 0.00027252638 3.008245e-07 3.100481e-08 0.0025296693 7.4569357e-06 3.2919885e-08 6.868842e-05 6.949548e-08 0.023770964 0.008540623 1.41145815e-08 4.8040793e-08 3.7065417e-10 9.915117e-06 6.982562e-05 8.103349e-06 5.0378353e-06 3.8937355e-08 0.0046783644 0.0026439228 2.6072922e-09 1.2466437e-08 5.6527447e-06 7.6196325e-06 2.6705802e-08 0.101602115 5.8856626e-09
1.0698327e-09 0.23660459 0.047406223 0.011175174 1.0102578e-20 0.0038495623 0.0021018237 0.00667663 0.2637572 0.0008351544 0.002231794 0.052271016 0.00030983085 0.0010980882 0.00026210106 0.0016282811 0.00015563489 0.0008062802 0.00037416353 0.0004377908 0.000110285066 0.0002491359 0.0005052053 0.0073012714 0.000108763044 0.00054396567 1.830058e-05 0.00017406774 0.0004107327 9.6756514e-05 8.155863e-05 3.0015019e-05 0.00029945414 3.6554185e-05 0.0001988796 0.000100682846 1.5998592e-05 1.3637694e-05 3.031441e-06 2.9166129e-06 0.0004025486 2.2189319e-05 0.00019062367 2.5373742e-05 0.0031535672 0.0010034773 0.000712188 0.0001152524 8.107005e-06 5.4018532e-05 3.8775994e-07 0.0003106238 0.0004503138 0.0003354015 1.00245325e-05 1.0049334e-05 5.0920894e-06 5.536004e-06 2.066467e-06 0.0001249647 2.1941246e-07 1.5753531e-07 1.2320248e-06 7.7131095e-05 1.4871993e-07 5.1398863e-05 6.907418e-08 2.6487768e-08 2.3528173e-08 3.0470783e-08 8.969832e-07 0.0006526925 2.8888957e-07 7.945373e-08 0.00013613363 1.361107e-07 1.8189974e-08 3.0494144e-05 2.7663451e-05 8.175814e-09 0.00024861706 5.792602e-07 0.00018381083 6.790748e-05 2.0455661e-07 3.6028736e-09 1.8426229e-09 1.9683617e-05 9.439148e-05 1.4673758e-05 1.4425873e-05 6.7714717e-10 5.5169225e-05 0.00028296752 1.395078e-08 5.6791574e-08 1.6743188e-06 7.591544e-07 3.8517023e-10 0.0017092782 3.453447e-10
6.374847e-07 0.008686075 0.007858426 0.0007021905 0.0038495623 1.3613056e-24 0.006002355 0.09735671 0.0015371566 0.0026733656 0.07319495 4.9542403e-05 0.00033328877 0.008306657 0.002089638 0.0016039307 8.520739e-05 0.027363138 0.009476712 0.006710466 0.0036932558 0.0056451224 0.00067173765 0.00027687324 0.0021956675 0.0001377876 6.339861e-06 0.00015395539 0.0010652259 2.5536485e-05 0.0005335062 2.6956837e-05 0.0006225758 1.7916207e-05 8.847333e-05 5.347236e-05 2.2341437e-05 2.6799949e-06 1.0188656e-06 2.598376e-05 0.0001738224 7.930142e-06 0.00019262197 2.2202295e-05 0.00045839953 0.0002465513 0.00026404846 0.000116875264 1.8443785e-06 5.165192e-05 3.0828197e-08 0.000107288724 7.1112016e-05 0.00031465568 1.3983648e-05 1.0308881e-05 6.4420087e-06 1.6129823e-05 2.8043173e-06 8.582009e-05 1.5016143e-06 3.4533733e-07 5.8933523e-07 2.5204605e-05 8.4238627e-07 1.8157798e-05 2.914484e-07 3.1077946e-07 7.675228e-08 1.2502375e-07 1.0918502e-07 0.0007497345 7.74508e-08 2.5987526e-07 0.0003317701 4.6748832e-07 6.2857865e-08 6.5961445e-05 7.903414e-06 6.208551e-08 0.00012494052 8.599566e-07 0.00014920061 0.00016271137 1.9918167e-07 2.5632605e-08 5.142962e-10 1.6949172e-05 0.0001532128 1.098451e-05 1.777273e-05 1.5249949e-08 0.00029079005 0.0007889777 4.654184e-09 1.2093554e-07 1.4997043e-05 7.762398e-06 8.661674e-09 0.0008604514 1.9034907e-09
0.0034620939 0.01370333 0.17930594 0.14895712 0.0021018237 0.006002355 1.0684473e-18 0.0017428411 0.002536166 0.59946257 0.024523411 0.00068257476 0.45828712 0.15721558 0.26396605 0.32514632 0.08544501 0.010172177 0.0251709 0.06755933 0.013740221 0.03739644 0.17680545 0.001003452 0.027601149 0.066118546 0.0072776484 0.001422536 0.025364988 1.9518e-05 0.005799108 0.0007307979 0.014216457 0.00015154424 0.035469003 0.042884074 0.0006623626 6.4885266e-05 6.1629735e-06 0.0008143956 0.0071856184 0.00010802033 0.0029121602 0.0013362367 0.0017457921 0.0047402065 0.004297836 0.0038832931 0.00029585647 0.012051362 1.879738e-07 0.001242225 0.004191026 0.0002888305 0.00030001585 0.0004366829 0.00016096394 0.0006355268 1.8489602e-05 0.0062294877 9.949643e-06 4.369828e-06 1.4379146e-05 0.00013035891 1.9016354e-06 0.001953955 1.0749693e-06 7.680965e-07 3.3551973e-07 3.2854132e-07 4.2730812e-06 0.0027043575 5.3896915e-06 5.690339e-07 0.0010046785 1.7202635e-06 2.1001331e-07 0.0029296568 7.877683e-05 2.2123669e-07 0.00024586168 5.0242545e-07 0.008916885 0.0036563007 1.1875036e-07 1.755256e-07 6.7275463e-10 1.6221114e-05 8.234981e-05 1.1504336e-05 1.40066995e-05 1.646346e-07 0.0037997474 0.0032259957 5.509375e-08 1.137236e-08 4.2082215e-06 6.0611915e-06 1.492744e-07 0.03776548 8.291934e-09
6.090941e-08 0.0072828736 0.0047673057 0.00040564183 0.00667663 0.09735671 0.0017428411 1.9893677e-22 0.0021412917 0.0011037162 0.08789889 4.9183916e-05 0.0003800378 0.006361141 0.00064702885 0.0016616933 0.00011303205 0.054595057 0.0115861595 0.0039933086 0.0039631925 0.003466584 0.00032051766 8.997111e-05 0.0011358706 0.00017196173 8.754041e-06 0.0003413276 0.0016411121 0.00036974513 0.000329187 5.2173036e-05 0.00090922083 4.795673e-05 0.0001604747 2.8513397e-05 1.7782617e-05 1.3486048e-05 3.2898201e-06 7.645524e-06 0.0005331205 1.3567849e-05 0.0006969423 0.00011676752 0.00039256434 0.00089376926 0.00095863576 0.0004199388 2.5769608e-05 5.8963884e-05 2.0574359e-07 0.00037604425 0.0005712581 0.00088222 0.00013835724 7.7988654e-05 1.005849e-05 0.00021994994 4.0872483e-06 0.00015999058 4.969252e-06 1.0920137e-05 5.590601e-05 0.0006641292 2.478037e-06 5.4373926e-05 2.0056275e-06 4.416022e-07 7.4799874e-07 6.0528936e-07 7.5275256e-07 0.0015814586 2.3986233e-06 6.679504e-06 0.0010400892 2.9246262e-06 1.625789e-06 4.9281392e-05 0.00022560266 1.0461324e-06 0.0005934626 2.2941942e-05 5.3443706e-05 5.8940775e-05 2.8327477e-06 2.976378e-07 2.8009375e-09 0.0003003654 0.0009479903 0.0002624545 0.00038152616 7.616341e-08 0.00022420316 0.0008734461 1.07529175e-07 4.5467215e-07 0.00013592593 5.2142444e-05 3.693812e-09 0.00021235006 1.194298e-08
3.3542529e-09 0.04226217 0.017267305 0.0058036777 0.2637572 0.0015371566 0.002536166 0.0021412917 6.4543267e-21 0.0005541575 0.0013536792 0.13563871 0.0010329296 0.001950573 0.00015081199 0.0019389036 0.0011662213 0.00041864283 0.00040020756 0.00027949514 8.31023e-05 0.00019278111 0.0030143636 0.021663455 0.00010577758 0.002631012 0.010016258 8.849497e-06 0.00013942402 3.3485705e-07 3.199772e-05 8.0003645e-07 0.00016206634 3.0768206e-07 0.00059539085 0.0005807457 9.175149e-07 2.3588788e-08 1.6291771e-08 8.479768e-07 6.193492e-05 4.766884e-08 2.1918928e-05 3.470156e-06 0.015335416 0.000100724144 7.4260686e-05 6.1732153e-06 8.2309845e-07 0.0005300503 1.5851767e-10 0.00015882672 0.00032395485 0.00010519652 8.477965e-07 6.555058e-07 5.585482e-08 6.6346166e-07 1.5833683e-08 0.00090424356 1.07532605e-08 3.401932e-09 4.388069e-08 4.9015325e-06 4.679767e-09 0.0003980459 1.0447411e-09 4.4543447e-10 1.6928403e-10 1.6443037e-10 6.647127e-10 0.0006954391 2.7621438e-10 2.3661146e-09 0.00014402758 3.2676567e-10 1.5292956e-10 0.00058890233 5.1580323e-06 8.300311e-11 6.481538e-05 7.261324e-09 0.0019403483 0.0013965224 3.198301e-09 1.7037916e-11 6.587899e-12 2.526307e-06 1.1985101e-05 2.0174234e-06 1.131044e-06 1.9429245e-11 0.0008734261 0.0015057708 1.6822084e-11 5.015601e-10 1.2233578e-07 7.721465e-08 1.1761303e-11 0.007757848 6.2853265e-13
0.004423371 0.0045739887 0.0544352 0.04610195 0.0008351544 0.0026733656 0.59946257 0.0011037162 0.0005541575 8.012494e-21 0.025410121 0.00011163126 0.4157498 0.3579877 0.57254964 0.45475373 0.04470507 0.023180343 0.04473948 0.15544239 0.038820773 0.078502655 0.1828465 0.0001637008 0.06283365 0.052618306 0.003694912 0.0017950088 0.06595595 0.00012411266 0.010720506 0.00082086405 0.034911886 0.00021960703 0.05718306 0.05527405 0.00088427233 8.857869e-05 1.8161973e-05 0.0014656004 0.020919805 0.00020235103 0.009587657 0.0034144153 0.0014949657 0.011711293 0.009903163 0.007471825 0.0008402409 0.026194459 5.0232296e-07 0.0036158946 0.011084011 0.0012316701 0.0014180297 0.0016507263 0.00034418676 0.0014958428 5.26324e-05 0.016190607 3.906261e-05 1.11141935e-05 4.826915e-05 0.00018789987 7.037988e-06 0.0065682116 3.7690002e-06 3.357132e-06 1.4136473e-06 1.4749147e-06 9.678655e-06 0.0056552123 1.6295044e-05 3.337891e-06 0.002156724 3.5812052e-06 1.2148851e-06 0.0075128283 0.00015054297 7.340287e-07 0.0005271861 2.696428e-06 0.011925104 0.0058027813 8.4444537e-07 4.0882327e-07 4.3707007e-09 4.0422878e-05 0.0001861674 2.942356e-05 5.9615366e-05 3.8754808e-07 0.008634555 0.006964062 2.2592096e-07 5.539014e-08 3.9524082e-05 7.078203e-05 6.8188274e-07 0.024571389 1.949877e-08
9.147636e-05 0.0018929532 0.006123832 0.002887002 0.002231794 0.07319495 0.024523411 0.08789889 0.0013536792 0.025410121 1.7584898e-18 0.00023274121 0.0063384897 0.14008321 0.026307298 0.015331957 0.0010575232 0.57101065 0.28741235 0.064864844 0.09971135 0.046141192 0.006011847 0.0006298803 0.03541257 0.0013864596 0.00012202288 0.016748644 0.022551922 0.0035853097 0.022771433 0.003749667 0.017890207 0.0021870383 0.0033309003 0.0015489652 0.0020709417 0.0001372952 8.177156e-05 0.0027207935 0.008386826 0.00017380086 0.005882227 0.0038602161 0.002762322 0.0045527075 0.0036866243 0.0046563228 0.000770994 0.00053261 4.0494624e-06 0.0019397322 0.0032388305 0.0016657895 0.00088644103 0.0011329992 3.7786904e-05 0.0017516945 1.3611266e-05 0.0010076211 3.2255142e-05 5.481674e-05 0.00024049818 0.0006097171 3.497725e-05 0.0009785366 2.0206111e-05 5.915642e-06 7.3461106e-06 7.249545e-06 7.06972e-06 0.0036346002 7.852858e-06 1.723003e-05 0.004398678 4.381103e-06 6.387934e-06 0.00035619643 0.00025640507 5.277648e-06 0.0016754051 5.2215793e-05 0.00057272846 0.00043408177 9.637531e-06 2.3562845e-06 1.2379294e-07 0.00034916174 0.0013760618 0.00031967694 0.0007125179 1.3331749e-06 0.0010001783 0.0020182307 6.1743486e-07 3.953628e-06 0.00021599811 0.00020426218 4.9106256e-07 0.0014497569 9.5990046e-08
2.2991516e-08 0.061145928 0.035798695 0.012438088 0.052271016 4.9542403e-05 0.00068257476 4.9183916e-05 0.13563871 0.00011163126 0.00023274121 9.678923e-23 0.00019373823 0.00032085713 6.935569e-05 0.0003425813 0.0037020757 0.00010215208 0.00016019365 0.00016003745 1.6340966e-05 4.2804986e-05 0.000528511 0.25786316 1.792636e-05 0.0015277317 0.24536191 7.64447e-07 8.032508e-06 7.455005e-09 2.4371002e-06 2.3624416e-07 1.0054827e-05 3.622376e-08 0.00012348645 7.3122486e-05 5.738361e-07 5.6446936e-09 8.321652e-10 1.9586842e-07 2.5431436e-06 3.3597036e-08 9.806589e-07 4.3986796e-07 0.09703791 1.4943128e-06 1.0490777e-06 2.211909e-07 1.7758853e-07 0.00018900733 5.0165336e-12 4.9006167e-06 8.323756e-06 4.1458684e-06 3.4211162e-08 3.2309526e-08 2.8544777e-08 7.961027e-08 1.2030822e-08 0.0001919638 3.0443172e-09 2.9929478e-10 1.2678506e-09 6.943082e-08 5.77214e-10 2.226459e-05 1.8165096e-10 6.374906e-11 3.137562e-11 2.8912957e-11 8.688256e-11 0.00010595709 3.287867e-11 6.178842e-11 7.2345165e-06 7.235271e-11 1.01237655e-11 0.0003932159 1.5743911e-08 5.135233e-12 1.1689171e-05 1.2372382e-10 0.0029500155 0.0013879652 6.4927966e-11 3.0003907e-13 2.9288136e-13 3.3651425e-08 6.689153e-07 4.2174214e-08 9.885078e-09 1.0319747e-13 0.0007126218 0.0008096678 1.2018766e-14 3.810833e-13 2.6080433e-09 4.1601678e-09 7.1444634e-14 0.023182498 1.3030921e-15
0.06793322 0.012361164 0.26164606 0.3753441 0.00030983085 0.00033328877 0.45828712 0.0003800378 0.0010329296 0.4157498 0.0063384897 0.00019373823 5.486884e-18 0.086626165 0.20914355 0.50704575 0.46456286 0.004797064 0.01289239 0.057087597 0.015585494 0.025595067 0.6121758 0.00016763114 0.013129567 0.51768315 0.02028416 0.0023152926 0.019797707 6.229758e-05 0.0069742943 0.0009815273 0.0085483445 0.0007135355 0.13978611 0.22332683 0.0010297856 0.0002546969 2.336442e-05 0.00085064257 0.001659982 0.0004465351 0.0005565562 0.00050585205 0.00041223475 0.000500325 0.00039566116 0.00079235266 0.000110298 0.1209433 6.995052e-07 0.00039974862 0.0021236686 9.223894e-05 1.3104127e-05 0.0001178924 0.00025747487 0.00010034897 0.00016070121 0.022960642 2.4911056e-05 2.6954792e-06 1.5992774e-06 4.669494e-06 7.108635e-06 0.0027661656 3.3557749e-06 4.721807e-06 9.674757e-07 1.0003889e-06 1.5245567e-05 0.0008433131 1.0183689e-05 1.7956987e-07 0.00021451943 6.295091e-06 6.393727e-07 0.048255224 2.4593205e-06 2.622597e-07 2.5195617e-05 1.6447815e-07 0.1338636 0.07026131 1.5248322e-08 3.6225123e-07 1.6811718e-08 1.9185343e-06 1.4729237e-05 1.4484717e-06 6.7039184e-07 5.1875054e-07 0.014886462 0.0068742754 5.6849554e-08 1.9013944e-08 5.297973e-07 1.7206343e-06 5.460454e-07 0.067753896 5.249227e-08
0.0028865824 0.0031878187 0.017262705 0.012804791 0.0010980882 0.008306657 0.15721558 0.006361141 0.001950573 0.3579877 0.14008321 0.00032085713 0.086626165 1.092308e-19 0.41594794 0.15209936 0.012689243 0.19329412 0.2774478 0.27657768 0.21968134 0.17680958 0.0776103 0.00084650563 0.16895363 0.014756282 0.0017633188 0.026139222 0.08847928 0.00174439 0.06700936 0.014285812 0.06352655 0.004013448 0.042634897 0.032813415 0.011465455 0.00088595244 0.00018606303 0.015864966 0.043114576 0.0009373269 0.021830158 0.015037353 0.004316707 0.018885193 0.013738925 0.010354333 0.0033601734 0.015374426 3.9670663e-06 0.009047399 0.022133762 0.0034840205 0.0029440175 0.0029851124 0.0005963362 0.003157574 0.00018705295 0.012646436 0.00018721641 0.00024945446 0.0010368043 0.0009155937 6.589713e-05 0.0077591916 7.85004e-05 4.5253775e-05 3.265089e-05 3.370797e-05 1.973002e-05 0.007736042 6.023164e-05 4.227556e-05 0.0062909564 7.0032096e-05 2.9945315e-05 0.005741698 0.00071578054 3.946702e-05 0.002516469 8.269349e-05 0.007965353 0.004021883 2.3398605e-05 1.7273958e-05 5.3386167e-08 0.00053261075 0.0015541465 0.0005235714 0.0016635453 5.1872507e-06 0.0050649433 0.004804836 3.6793776e-06 5.539944e-06 0.0005554734 0.0007566874 2.0534708e-05 0.012448435 2.6314294e-06
0.0052677626 0.0022834758 0.023364924 0.012098597 0.00026210106 0.002089638 0.26396605 0.00064702885 0.00015081199 0.57254964 0.026307298 6.935569e-05 0.20914355 0.41594794 3.0404355e-20 0.34959063 0.015816715 0.051818077 0.08482052 0.29986265 0.1090606 0.16548276 0.13770264 6.809898e-05 0.12481491 0.024488991 0.002038135 0.009347102 0.120706566 0.00051257154 0.04399985 0.0032553107 0.073076874 0.0009939956 0.084055915 0.06785666 0.0043526134 0.00046336974 0.00014113601 0.0072541414 0.04795488 0.0010919956 0.02234435 0.012372904 0.0018358195 0.013746486 0.012912249 0.009281888 0.0018896139 0.03922294 4.6986506e-06 0.010392213 0.024737699 0.00308974 0.0014941155 0.002294993 0.0011145071 0.0019500382 0.00018596333 0.030851278 0.00017261895 0.000106032196 0.00016706059 0.00055341626 0.00011074691 0.012687852 6.129339e-05 5.7212634e-05 3.0059307e-05 3.8904232e-05 0.00010755057 0.011902669 0.0002556391 5.0423856e-05 0.0033188718 7.55152e-05 3.5822217e-05 0.01830043 0.0005330096 3.1489148e-05 0.001232231 3.9015886e-05 0.014203157 0.008307152 1.0998209e-05 1.1218799e-05 3.4033533e-07 0.00026403862 0.00094511785 0.00016090393 0.00035668814 8.185898e-06 0.01029574 0.011235241 4.935413e-06 2.2509785e-06 0.00027988455 0.0005218876 2.2533055e-05 0.011779789 5.535822e-07
0.08367203 0.007095113 0.073496975 0.068646014 0.0016282811 0.0016039307 0.32514632 0.0016616933 0.0019389036 0.45475373 0.015331957 0.0003425813 0.50704575 0.15209936 0.34959063 3.5116562e-16 0.084033094 0.01697402 0.037185743 0.14573741 0.047303326 0.10425443 0.5017444 0.00064852356 0.0680321 0.169565 0.0041710082 0.007874495 0.07177564 0.00026278233 0.019845346 0.0051463707 0.031870376 0.00249129 0.18845451 0.24043725 0.00561248 0.0007393474 7.78615e-05 0.0048804404 0.013936295 0.0019204036 0.005965077 0.0044599953 0.0020317666 0.0064706746 0.0061896453 0.0035274702 0.0008623975 0.14656767 1.1324909e-05 0.004500463 0.015396803 0.0013162626 0.00022246245 0.00047381117 0.0011831071 0.00033630428 0.0004382869 0.07601644 0.00013729544 2.9766135e-05 2.362694e-05 7.817444e-05 0.00010462552 0.026349604 3.227705e-05 4.3677257e-05 1.3640205e-05 1.710785e-05 0.00015146189 0.0040202476 0.0001295584 7.679526e-06 0.0023000229 0.00011918952 9.232242e-06 0.072844885 5.9144662e-05 7.1929235e-06 0.0004789818 4.6449636e-06 0.0656571 0.05383901 2.2483673e-06 6.2307413e-06 3.236519e-06 3.286015e-05 0.00016692873 5.522271e-05 0.00010678078 9.69423e-06 0.023487296 0.018522585 1.738743e-06 5.8555923e-07 3.137883e-05 2.6088444e-05 3.0165273e-05 0.04430112 1.4218882e-06
0.062166832 0.014668526 0.2409675 0.47166404 0.00015563489 8.520739e-05 0.08544501 0.00011303205 0.0011662213 0.04470507 0.0010575232 0.0037020757 0.46456286 0.012689243 0.015816715 0.084033094 7.8641575e-18 0.00054320414 0.0024594706 0.00803485 0.0027387915 0.00627255 0.26845005 0.0007360125 0.003345336 0.53932905 0.1410021 0.0005568086 0.004817998 1.453119e-06 0.0036173896 0.00030333182 0.0035293845 2.0352882e-05 0.014256135 0.035146397 0.000399516 3.8282324e-06 2.5579968e-07 0.00035064886 0.0004270918 3.8668422e-05 0.00017840904 0.00024161639 0.0029735225 0.00013998039 0.00013899944 0.00032877785 5.095905e-05 0.012626732 4.9857114e-09 6.753432e-05 0.000119692995 2.91399e-05 5.380914e-06 1.4427332e-05 1.00539155e-05 1.5642836e-05 6.395175e-06 0.00081960106 2.934046e-06 1.4144746e-07 2.2916488e-07 4.5598006e-07 8.97506e-07 0.000107153544 1.6561867e-07 1.3139855e-07 2.792436e-08 3.6937788e-08 1.13491815e-07 4.165111e-05 1.00462856e-07 7.568174e-09 4.3338e-06 6.369083e-08 1.0023982e-08 0.00517421 6.7254504e-08 3.8096415e-09 5.907121e-07 2.245865e-09 0.37910855 0.036699545 1.5887069e-09 1.7687443e-09 1.5420398e-10 9.616665e-09 1.0839548e-07 1.99291e-08 2.8316267e-08 2.7705715e-09 0.007588845 0.0054059974 2.3741645e-10 1.7289241e-10 1.4163277e-09 2.8226954e-09 2.1300037e-09 0.23609008 1.2812837e-10
8.0585545e-05 0.0009971434 0.0037607476 0.00229153 0.0008062802 0.027363138 0.010172177 0.054595057 0.00041864283 0.023180343 0.57101065 0.00010215208 0.004797064 0.19329412 0.051818077 0.01697402 0.00054320414 2.4197689e-20 0.62603354 0.14476 0.44824162 0.08501532 0.0048368783 0.00017682461 0.09820873 0.00170631 4.113858e-05 0.16142784 0.025002472 0.050979096 0.19321893 0.05335851 0.024368837 0.032952487 0.0066694994 0.0021019601 0.050404638 0.006978395 0.004458906 0.041713677 0.0148656 0.01116203 0.0128623145 0.01847861 0.0018198357 0.0068300515 0.0072732326 0.012973304 0.008209599 0.0012510304 0.00019274326 0.0035264576 0.0087990975 0.0040148054 0.0026228435 0.0034771645 0.0017141199 0.0042558783 0.0007113738 0.0019192738 0.00021023168 0.00013855661 0.00047286975 0.0015124314 0.00011481632 0.001554236 9.652804e-05 6.0410428e-05 5.6565394e-05 4.6038902e-05 0.00013712572 0.007045839 0.00016041532 0.00019529012 0.00449068 6.0912113e-05 8.125492e-05 0.0007814213 0.00088614214 9.171545e-05 0.0023462982 0.0004078935 0.0011549513 0.0015217989 0.00012901588 3.2108685e-05 2.2192567e-06 0.0014797177 0.0025994435 0.002067866 0.0022238141 2.1941663e-05 0.0019222139 0.0015591782 5.102446e-05 6.978655e-05 0.0014277945 0.0008577141 2.2059896e-05 0.0010531844 1.012034e-05
0.00062089897 0.0015435535 0.00569879 0.0035578837 0.00037416353 0.009476712 0.0251709 0.0115861595 0.00040020756 0.04473948 0.28741235 0.00016019365 0.01289239 0.2774478 0.08482052 0.037185743 0.0024594706 0.62603354 5.4915875e-21 0.26675588 0.51919043 0.18742235 0.013357788 0.0002444724 0.20084636 0.00583238 0.0006704986 0.13583651 0.079530664 0.009079848 0.25107178 0.067376725 0.06196944 0.034268983 0.015312107 0.008353169 0.056845266 0.009339274 0.0017505981 0.060768805 0.046083268 0.016152045 0.04193876 0.04495095 0.0032900164 0.021710958 0.019010039 0.027127488 0.021778427 0.0048890286 8.601272e-05 0.0073412997 0.016698135 0.0062067164 0.007026156 0.009738697 0.0030101594 0.010088787 0.0010121297 0.0068975124 0.00039676108 0.00023353183 0.00081420655 0.0034229145 0.000118139105 0.0073074596 9.3782226e-05 0.00010841323 4.990222e-05 4.2114876e-05 0.00012536685 0.012414168 0.0002790674 0.00019957898 0.0068960753 0.00015658891 6.479863e-05 0.0042501553 0.0011159349 5.3879976e-05 0.0037506504 0.00038252515 0.005085492 0.0049202503 0.00012832382 2.6701564e-05 2.609306e-06 0.0013434024 0.003766555 0.0025194574 0.0033563622 1.7236522e-05 0.005932886 0.004942592 5.3511332e-05 6.645261e-05 0.002647964 0.002530434 5.088451e-05 0.003750007 1.0981629e-05
0.010758146 0.0018727464 0.01671002 0.005613028 0.0004377908 0.006710466 0.06755933 0.0039933086 0.00027949514 0.15544239 0.064864844 0.00016003745 0.057087597 0.27657768 0.29986265 0.14573741 0.00803485 0.14476 0.26675588 1.1292076e-17 0.45371994 0.4469776 0.054672197 0.00020823251 0.4141008 0.012139292 0.0018389674 0.0501102 0.20567647 0.001869184 0.2583519 0.030475218 0.17641501 0.008343413 0.10199532 0.042794388 0.04211355 0.001964377 0.0007231602 0.06803754 0.11369147 0.0050562974 0.08033812 0.059432965 0.0019470939 0.07497027 0.0663869 0.040466923 0.018579852 0.03203525 2.6695989e-05 0.033251274 0.068829924 0.012714015 0.010979631 0.010888598 0.0016406622 0.008860945 0.0006526527 0.050252195 0.0003953008 0.00023555724 0.00043690344 0.006163865 0.00021265344 0.050080802 0.00012733077 0.00012265547 7.566969e-05 7.6432094e-05 0.00011814745 0.016789768 0.0002572427 0.00010554702 0.008044583 0.00021002107 9.504565e-05 0.0136415 0.0012876533 8.1731254e-05 0.0034965125 0.00014238193 0.014387589 0.0145416735 4.4534172e-05 4.7134545e-05 3.5048686e-06 0.0011640596 0.0026052594 0.0013490876 0.0016180295 3.0756535e-05 0.017929755 0.014008062 2.5626337e-05 4.532971e-05 0.0015929847 0.0024039808 0.00015068303 0.009748968 8.779391e-06
0.0024578643 0.00057854113 0.0049589677 0.0036695332 0.000110285066 0.0036932558 0.013740221 0.0039631925 8.31023e-05 0.038820773 0.09971135 1.6340966e-05 0.015585494 0.21968134 0.1090606 0.047303326 0.0027387915 0.44824162 0.51919043 0.45371994 3.352245e-20 0.39824632 0.02022554 6.220627e-05 0.46681225 0.005572418 0.00075854437 0.37601683 0.18186778 0.012830663 0.5639186 0.2632012 0.16514406 0.06374388 0.037872672 0.014437387 0.22830315 0.014143905 0.0015176582 0.354517 0.12153976 0.02924404 0.11607515 0.15399784 0.0009362446 0.08233082 0.07478814 0.09253359 0.07248404 0.00739576 4.0310966e-05 0.024480987 0.05287567 0.01995889 0.03275032 0.04665384 0.004534911 0.03601268 0.0014239986 0.01477184 0.0014152154 0.00052670116 0.0025280798 0.012284776 0.00031646795 0.017590744 0.00015689534 5.5003584e-05 6.5965476e-05 6.221677e-05 7.144565e-05 0.014717864 0.0001864252 0.00017463323 0.008807648 8.578875e-05 7.420065e-05 0.005576174 0.0044701616 6.287433e-05 0.005482992 0.00041298193 0.0040343874 0.004865233 0.00019690291 2.318974e-05 5.625064e-07 0.0028164277 0.0050130677 0.0034019959 0.005034721 1.3204349e-05 0.008256387 0.0050585642 2.8508555e-05 0.00013533352 0.0034149461 0.004184963 4.5410015e-05 0.0025618093 2.0740536e-05
0.035952095 0.00092044217 0.011137431 0.0027545828 0.0002491359 0.0056451224 0.03739644 0.003466584 0.00019278111 0.078502655 0.046141192 4.2804986e-05 0.025595067 0.17680958 0.16548276 0.10425443 0.00627255 0.08501532 0.18742235 0.4469776 0.39824632 4.1846462e-17 0.03330738 8.59014e-05 0.585974 0.007510227 0.00072273315 0.058899477 0.34047613 0.0017251684 0.31039572 0.038974803 0.26710775 0.012462706 0.10848397 0.04057887 0.04818681 0.002477678 0.0007056373 0.08322299 0.17714137 0.0093910135 0.1451341 0.104135334 0.0013865932 0.10895145 0.10304729 0.061001047 0.03340909 0.03849921 6.0572307e-05 0.06300083 0.10738416 0.021795845 0.016803833 0.011287747 0.002550874 0.01051885 0.0011148467 0.08667326 0.00072574103 0.0002801006 0.0008136996 0.007599593 0.00027068163 0.11569685 0.00016499024 0.000115512084 9.643879e-05 8.575783e-05 0.00028648876 0.024122367 0.00040996572 7.133895e-05 0.010701553 0.00046359978 7.938219e-05 0.024570541 0.0011311908 7.475481e-05 0.0030130572 0.00010823482 0.015248178 0.013341396 3.1754375e-05 3.2940476e-05 8.781149e-06 0.00056721293 0.0016749178 0.00073183427 0.0009908013 3.5358684e-05 0.016960865 0.0151750855 1.1627907e-05 4.107378e-05 0.0011449048 0.0013278045 0.00018465416 0.008006472 5.383655e-06
0.5443802 0.0072740377 0.08903147 0.28469932 0.0005052053 0.00067173765 0.17680545 0.00032051766 0.0030143636 0.1828465 0.006011847 0.000528511 0.6121758 0.0776103 0.13770264 0.5017444 0.26845005 0.0048368783 0.013357788 0.054672197 0.02022554 0.03330738 1.8584126e-18 0.00083758275 0.030597705 0.48998064 0.04372388 0.0034198575 0.060881685 3.847956e-05 0.012125696 0.0015539686 0.025944686 0.0005360616 0.4114131 0.64408404 0.0021669674 0.00018478505 1.4659056e-05 0.0023905667 0.0077666724 0.00083373627 0.0014192716 0.0022001257 0.0004560993 0.0012901775 0.0009810122 0.0012444233 0.00078113854 0.5015587 6.6357245e-07 0.0022576228 0.0070315422 0.0002650996 3.61907e-05 8.27327e-05 0.0002887159 0.00010153602 0.00013413062 0.14134488 3.349986e-05 5.8574497e-06 3.9458496e-06 1.4122128e-05 3.4334407e-05 0.022933211 1.1732614e-05 3.971067e-06 3.315515e-06 3.971006e-06 1.9029047e-05 0.0012404474 1.01401265e-05 3.3616124e-07 0.00041140875 6.8495615e-06 1.1958197e-06 0.3471941 1.8352633e-06 7.04478e-07 1.3053002e-05 1.7955753e-07 0.4674937 0.41587755 1.9825372e-08 2.3094816e-07 2.3410756e-08 2.9747946e-07 5.859751e-06 1.6871118e-07 3.3963823e-07 1.274327e-06 0.21748872 0.10748757 2.9254489e-08 5.892908e-09 1.0093901e-07 4.416456e-07 2.768047e-07 0.14316456 2.663926e-08
2.1659378e-08 0.012256562 0.016691186 0.0032227468 0.0073012714 0.00027687324 0.001003452 8.997111e-05 0.021663455 0.0001637008 0.0006298803 0.25786316 0.00016763114 0.00084650563 6.809898e-05 0.00064852356 0.0007360125 0.00017682461 0.0002444724 0.00020823251 6.220627e-05 8.59014e-05 0.00083758275 8.894897e-16 4.7148573e-05 0.0004996258 0.121682376 1.823575e-05 9.6346674e-05 2.6432693e-07 1.2715766e-05 4.931475e-06 6.091647e-05 2.1138421e-06 0.0010767753 0.0011157034 6.8689696e-06 1.151421e-06 5.9901076e-08 2.5962374e-06 5.051785e-05 3.0447748e-06 6.13151e-06 8.019626e-06 0.62799877 1.9757303e-05 1.5444883e-05 1.9380077e-05 2.3071207e-06 0.00043964194 4.9717785e-10 0.00011958767 0.00012635048 5.0283776e-05 2.2755821e-06 1.1213552e-06 6.7046017e-07 2.506695e-06 2.457877e-07 0.00029714275 1.3490678e-07 2.5022306e-08 1.2013905e-07 1.6714981e-06 1.6728455e-08 3.5707308e-05 8.8541015e-09 2.8778078e-09 1.2940483e-09 1.2374891e-09 2.3979356e-09 0.0002540671 1.9655517e-09 3.4131238e-09 4.4886194e-05 1.9604596e-09 2.7035368e-10 0.00012401906 1.8770018e-06 5.053307e-11 9.695155e-06 3.3844187e-09 0.0025277485 0.0008337788 1.0291954e-09 3.308857e-13 3.0119673e-13 2.3941025e-08 2.5118482e-07 1.0940572e-08 6.596811e-09 6.046589e-14 0.00024945545 0.0009834548 6.6117185e-15 4.1719276e-13 7.592383e-11 7.47084e-11 7.4693393e-16 0.18503675 1.5567789e-16
0.05389331 0.00068287586 0.00666061 0.0017704286 0.000108763044 0.0021956675 0.027601149 0.0011358706 0.00010577758 0.06283365 0.03541257 1.792636e-05 0.013129567 0.16895363 0.12481491 0.0680321 0.003345336 0.09820873 0.20084636 0.4141008 0.46681225 0.585974 0.030597705 4.7148573e-05 4.18651e-19 0.004133254 0.0002476832 0.10344804 0.52452993 0.0029162497 0.51834255 0.08845258 0.43002522 0.020647373 0.12495297 0.046700634 0.11728014 0.0039266543 0.0009440107 0.2502239 0.3178107 0.011782762 0.28557685 0.27290535 0.001117267 0.19048125 0.1640824 0.13453937 0.09259574 0.038511906 7.251775e-05 0.12418678 0.1957044 0.043035157 0.042451106 0.026236935 0.0032349965 0.018406153 0.000786106 0.15101825 0.0013899573 0.0002950301 0.0014473131 0.01229472 0.00020434031 0.21598065 0.00010579251 0.00010489588 5.7619465e-05 5.907054e-05 0.00022541621 0.052474614 0.00030205474 0.00015139634 0.021012912 0.00015091487 8.232344e-05 0.03813541 0.0025580986 0.00012862889 0.0048087235 0.00030085706 0.018840685 0.017947095 0.00017779553 6.3590596e-05 5.5564574e-06 0.0012865651 0.003600554 0.0015050179 0.0023668543 5.2598934e-05 0.019198185 0.013455809 5.3928972e-05 0.0002038646 0.002274683 0.0028132307 0.00019431276 0.003948788 4.2581374e-05
0.26879978 0.007188939 0.1335132 0.38149762 0.00054396567 0.0001377876 0.066118546 0.00017196173 0.002631012 0.052618306 0.0013864596 0.0015277317 0.51768315 0.014756282 0.024488991 0.169565 0.53932905 0.00170631 0.00583238 0.012139292 0.005572418 0.007510227 0.48998064 0.0004996258 0.004133254 4.8847967e-16 0.1394625 0.0012228889 0.009593898 5.1469e-05 0.0028590374 0.00057385693 0.0048752143 0.00040062433 0.041251484 0.0997435 0.0008361789 0.00020528179 1.6609256e-05 0.0005343023 0.0009813785 0.00027778145 0.00016100831 0.00061177963 0.0010526767 0.00019572457 0.0001630116 0.0002487705 0.00014765473 0.02673587 3.819737e-07 0.00014152148 0.00022275625 8.067074e-05 2.2046097e-05 4.9450828e-05 5.75377e-05 6.169275e-05 2.6913169e-05 0.0019373759 6.8667823e-06 1.993222e-06 1.7327521e-06 4.929641e-06 6.3178977e-06 0.00033638542 1.923813e-06 2.0836183e-06 5.8647913e-07 7.919406e-07 2.221851e-06 0.00012498842 3.969295e-06 2.551448e-07 1.23470845e-05 3.5326473e-06 3.3182906e-07 0.025652772 8.2668726e-07 2.504746e-07 1.4156966e-06 1.3244112e-07 0.56649506 0.12787977 3.979206e-08 2.0459176e-07 1.9651326e-08 1.0750437e-07 2.0748262e-06 2.1906493e-07 4.0460213e-07 1.6880469e-07 0.016009683 0.007938511 1.8906393e-08 5.047504e-09 7.3610614e-08 2.241263e-07 2.8692037e-07 0.09743937 1.5368999e-08
0.02002382 0.010375373 0.06790461 0.11850438 1.830058e-05 6.339861e-06 0.0072776484 8.754041e-06 0.010016258 0.003694912 0.00012202288 0.24536191 0.02028416 0.0017633188 0.002038135 0.0041710082 0.1410021 4.113858e-05 0.0006704986 0.0018389674 0.00075854437 0.00072273315 0.04372388 0.121682376 0.0002476832 0.1394625 8.365491e-15 2.3008814e-05 0.0004975574 1.566718e-06 0.00023389737 2.0559964e-05 0.00022855388 1.0566219e-05 0.002009824 0.0033202143 4.3217668e-05 2.195771e-06 6.878652e-08 7.047314e-05 1.8077902e-05 1.5454061e-05 6.9463745e-06 1.5665873e-05 0.36872974 6.234854e-06 5.316267e-06 3.1616416e-06 1.7912216e-06 0.001066339 8.14568e-09 3.1094949e-06 2.7038182e-06 2.5743682e-06 5.231807e-07 1.2379431e-06 1.8135187e-06 8.7552553e-07 8.097982e-07 0.00028709378 8.738438e-07 4.1027775e-07 1.8486462e-07 3.0656864e-08 1.280347e-06 7.892319e-06 4.5338962e-07 6.9735414e-08 1.3797174e-07 1.6939653e-07 3.154266e-08 2.3489847e-05 1.872212e-08 9.520291e-08 5.102363e-07 3.768177e-08 5.2188778e-08 0.0014681366 1.3850052e-07 6.366856e-09 2.4634176e-07 3.4973727e-08 0.28979734 0.05553962 1.4271313e-09 8.61139e-11 7.4973973e-13 5.432579e-10 2.7005387e-09 1.2143482e-09 5.008116e-10 2.5524736e-12 0.0032167407 0.0010824866 1.8808295e-13 8.254317e-12 8.44531e-12 2.5672638e-11 9.190744e-15 0.17484199 3.8453524e-14
0.00031165697 0.00027721113 0.0004444272 0.0004938125 0.00017406774 0.00015395539 0.001422536 0.0003413276 8.849497e-06 0.0017950088 0.016748644 7.64447e-07 0.0023152926 0.026139222 0.009347102 0.007874495 0.0005568086 0.16142784 0.13583651 0.0501102 0.37601683 0.058899477 0.0034198575 1.823575e-05 0.10344804 0.0012228889 2.3008814e-05 2.8205684e-21 0.031565346 0.14496826 0.33317557 0.64854264 0.039886404 0.5195309 0.01157372 0.002888864 0.44593486 0.30188885 0.053439982 0.26551813 0.027472522 0.39460045 0.04979427 0.091245696 0.00058761064 0.029464448 0.029274601 0.08097003 0.1279909 0.0031335023 0.0060437 0.008607887 0.015676545 0.009974268 0.0328529 0.07123888 0.029162414 0.053405717 0.009200363 0.004800352 0.0058636963 0.004289837 0.007748318 0.0104750935 0.001714882 0.003819042 0.0013248946 0.0005635236 0.00038887636 0.00032555606 0.00079359184 0.009512228 0.0012476508 0.0011139237 0.008091537 0.0005988712 0.0003399688 0.001560099 0.004288362 0.00028450394 0.0047617075 0.001582087 0.0022795247 0.0019442177 0.00069579965 5.6943616e-05 7.456424e-06 0.003518248 0.0044400045 0.0049602096 0.007299012 1.5387472e-05 0.0029834642 0.0019239873 5.406048e-05 0.00027791475 0.004471801 0.004551963 0.00017238897 0.00011623734 3.5485427e-05
0.37254205 0.0004883937 0.0057088337 0.0019567998 0.0004107327 0.0010652259 0.025364988 0.0016411121 0.00013942402 0.06595595 0.022551922 8.032508e-06 0.019797707 0.08847928 0.120706566 0.07177564 0.004817998 0.025002472 0.079530664 0.20567647 0.18186778 0.34047613 0.060881685 9.6346674e-05 0.52452993 0.009593898 0.0004975574 0.031565346 2.7862785e-17 0.0005268792 0.25915864 0.03316639 0.67982876 0.007434544 0.27375028 0.15943459 0.043488014 0.0012058747 0.00021323343 0.099859096 0.45010993 0.0062438543 0.27482527 0.1693482 0.0020278543 0.22148453 0.20740144 0.13904414 0.029193558 0.08620257 2.7547532e-05 0.22982298 0.33552426 0.06685259 0.032407608 0.012711118 0.001904793 0.016739773 0.0003460036 0.23744445 0.0006450075 0.00028510691 0.00063884316 0.018636813 0.0003028679 0.35891733 0.00017557976 4.744469e-05 8.51157e-05 7.861307e-05 0.00012024788 0.061419036 0.00013421787 3.6815843e-05 0.04219893 0.00012574355 2.9244744e-05 0.095816396 0.0009858883 2.0880592e-05 0.005081737 3.6808928e-05 0.028685968 0.033588126 1.2592817e-05 5.5291084e-06 3.6365675e-06 0.0008035478 0.0031660683 0.00041264342 0.00027673726 6.478816e-06 0.047597703 0.057720713 1.1905977e-06 2.8233594e-06 0.0010414218 0.0019743093 4.4905548e-05 0.0050792927 3.9894712e-07
7.8302214e-08 3.9695824e-06 7.5564217e-06 6.3456678e-06 9.6756514e-05 2.5536485e-05 1.9518e-05 0.00036974513 3.3485705e-07 0.00012411266 0.0035853097 7.455005e-09 6.229758e-05 0.00174439 0.00051257154 0.00026278233 1.453119e-06 0.050979096 0.009079848 0.001869184 0.012830663 0.0017251684 3.847956e-05 2.6432693e-07 0.0029162497 5.1469e-05 1.566718e-06 0.14496826 0.0005268792 1.616313e-24 0.00931197 0.06532555 0.0006012369 0.21763465 0.00023917912 2.1812497e-05 0.02951856 0.20923418 0.21564512 0.0067102187 0.00036643294 0.07889933 0.00025153928 0.0018615098 5.2692094e-06 0.00047270226 0.000524935 0.0010059864 0.008097003 4.2446405e-05 0.037217043 0.00059180014 0.0013047514 0.00051811826 0.00034299452 0.0020541789 0.0082338005 0.001091993 0.0061693285 0.00017289721 0.0004701414 8.623605e-05 0.00046469623 8.176384e-05 8.4443906e-05 9.9379744e-05 2.8273296e-05 0.00017134687 1.4063129e-05 1.30375265e-05 0.00041208498 0.0016153347 0.00023066631 0.00011368968 0.00037756626 0.00023404084 2.8903398e-05 0.00010857359 0.00014146318 3.7683836e-05 0.00024563598 9.6372496e-05 4.1050404e-05 6.162119e-05 5.0230476e-05 6.762921e-06 1.4267873e-05 0.0003527739 0.00061334815 0.00054322067 0.0012939911 5.2788814e-06 7.125383e-05 6.879292e-05 9.343812e-06 3.1224405e-05 0.00020338125 6.6602784e-05 1.0123865e-05 1.9468616e-06 8.6695917e-07
