2.5865593e-23 4.80975e-06 2.3958737e-09 7.676476e-07 2.3399464e-08 3.403886e-05 0.00013277063 0.000118597425 2.9656578e-06 0.0002956534 0.000491448 9.1013777e-07 0.00017940631 0.00033880523 1.3961632e-13 3.1332412e-09 0.00024443906 0.0002766175 0.00029511534 0.00011429378 0.0010945569 0.0011510488 0.0015249837 0.0017666195 0.00014044586 0.000296533 0.0010191242 0.0024493646 0.000112760186 1.2683952e-12 2.942635e-08 0.0060247984 1.3407319e-17 0.014721921 3.570366e-09 0.0073246486 0.004949287 3.3614624e-14 0.007843556 0.012010893 0.0346437 0.01743636 0.0077510444 2.9569017e-07 0.0007589366 2.873888e-19 0.0017092709 2.049161e-05 0.010216013 1.0510284e-06 0.06347462 0.06494808 8.59375e-06 0.03445946 2.3497278e-06 1.2330593e-06 7.3818947e-09 0.07878339 0.068410575 0.120041594 0.21368855 3.4113663e-09 0.0014365781 0.00050575077 0.1982222 0.12857293 0.0040936037 0.012242053 5.099274e-07 0.06700622 2.0535242e-10 0.058300212 0.091097765 0.053310405 0.0026061877 0.03736124 0.37016678 1.594215e-05 1.18493615e-08 5.453361e-07 0.26323432 0.047328446 0.20353194 0.007848682 0.18456559 0.06403142 0.024688995 0.22522286 0.050353132 0.010548103 4.9709633e-06 0.02949131 0.095922686 0.10257907 0.112838596 0.028225789 0.0004069117 0.12311232 1.3119452e-06 0.34447086 0.0993575
4.80975e-06 3.9628123e-21 0.48135993 0.74228483 0.40428564 0.60600173 0.41339752 0.64393336 0.23976286 0.33886984 0.14510657 0.07063565 0.10509217 0.28989473 0.010685588 0.0046609878 0.1463018 0.03290125 0.025360698 0.02514487 0.030961135 0.06698463 0.0586209 0.10781839 0.019864451 0.01761261 0.025631735 0.033308074 0.02090741 0.0042240117 0.011772259 0.08489834 3.3941033e-05 0.05084437 0.00011593688 0.033850975 0.050002605 0.00041072938 0.014739861 0.024964053 0.042966805 0.044926424 0.004312421 0.00045896714 0.0028772133 6.050559e-06 0.001290613 0.0013001544 0.012453647 0.0005071795 0.07526986 0.0494778 0.000806812 0.013956166 0.0005991748 0.0008355324 0.00014782381 0.023810191 0.010502792 0.028995598 0.06642946 3.0629322e-05 0.0019523439 0.002008609 0.03631387 0.03003206 0.0012693269 0.003570908 0.00011664544 0.04416073 9.129026e-06 0.03764318 0.01804597 0.025889128 0.001195387 0.012210385 0.040115006 0.00035511426 1.3268005e-05 1.2967404e-05 0.036477994 0.007036496 0.0205677 0.0010038071 0.012554496 0.005552491 0.009106197 0.010487262 0.025071274 0.0029113565 2.1388616e-06 0.0012444843 0.0025751924 0.016099626 0.00773709 0.0017173443 6.5944914e-05 0.011181911 5.0260087e-07 0.022508623 0.009442066
2.3958737e-09 0.48135993 1.7381793e-21 0.06863473 0.6653055 0.32484347 0.055619843 0.122246355 0.021949003 0.045756895 0.08685342 0.12723386 0.030934293 0.018840194 0.08691714 0.00021406882 0.017950714 0.0022915704 0.001069204 0.00202795 0.0022899779 0.004248822 0.0063183615 0.009706022 0.0013840545 0.0015848121 0.0023858384 0.005377093 0.0034073337 0.0010571855 0.0042907163 0.013372452 0.00051990454 0.0046534287 2.2881604e-06 0.0016621641 0.0015716641 2.5422209e-05 0.0008446706 0.0033854914 0.006358669 0.0029933294 0.00021259868 1.122536e-05 0.000112154674 1.1510646e-05 1.5184726e-05 5.137279e-05 0.0019474197 9.1144764e-05 0.009030892 0.012275284 1.347908e-05 0.0012177208 9.7771235e-06 1.0148756e-05 5.922992e-06 0.0050962726 0.0027846708 0.005657009 0.012347991 3.5155622e-07 1.502377e-05 8.8324945e-05 0.010882759 0.010160678 3.300066e-05 0.00041763452 1.6352418e-06 0.009846541 4.1318816e-07 0.0059134318 0.0057797674 0.006061415 0.00013693768 0.0020491895 0.022282217 4.9920163e-05 2.3186114e-07 9.1899e-08 0.022688631 0.0012483415 0.012697742 0.00015254998 0.004003581 0.0007427188 0.0016243726 0.004559971 0.0047071436 0.00044944562 2.172177e-08 0.0005247548 0.000553874 0.0060030445 0.001791807 0.00091696566 2.2015232e-07 0.00898992 1.5432212e-08 0.016865997 0.008766753
7.676476e-07 0.74228483 0.06863473 5.3516153e-23 0.039680757 0.0834493 0.5001894 0.21247096 0.46640503 0.089630015 0.037674088 0.011135758 0.026596433 0.19456078 0.002183634 0.027525103 0.036255397 0.12183518 0.09709515 0.0038072176 0.0023412902 0.008861929 0.015572985 0.053226463 0.039030336 0.03503611 0.0034935246 0.00517347 0.002911702 0.0017136027 0.0015000334 0.035830155 2.7227272e-05 0.04727223 0.0012088362 0.035616893 0.034113374 0.00021536254 0.0019141886 0.0030661135 0.028501397 0.02872256 0.00046812565 0.0015080494 0.00035796227 1.942244e-06 0.0015798067 7.140743e-05 0.0016210909 6.2575884e-05 0.023225393 0.01717862 1.2965153e-05 0.008315779 0.0009667126 0.00062055123 3.5683275e-05 0.008800306 0.0077665243 0.008168742 0.018727424 0.00022680253 9.366121e-05 0.0011384152 0.006109418 0.006850904 7.136944e-05 0.002213873 8.518151e-06 0.00883015 2.1860717e-06 0.0058557354 0.0010616992 0.0030794926 0.00021971473 0.00096868194 0.009226455 5.05881e-05 7.0570524e-05 4.5326426e-05 0.008564032 0.0007679347 0.0076369 0.00023863299 0.004464101 0.00033532508 0.002627098 0.0011824303 0.0050897594 0.00022065883 5.360526e-07 0.00018768193 0.00022389549 0.00499235 0.0005801647 0.00021398839 8.443109e-05 0.005395104 2.3839333e-07 0.009525936 0.0048265914
2.3399464e-08 0.40428564 0.6653055 0.039680757 1.1761937e-25 0.4829337 0.04880365 0.11979229 0.011586095 0.042241033 0.14413725 0.27169335 0.07473056 0.030748207 0.027643984 4.6188114e-05 0.046281904 0.002605509 0.001587896 0.011788105 0.0168801 0.01175677 0.011194769 0.018313168 0.0034880152 0.0048823752 0.015278995 0.013565613 0.010854084 0.004664721 0.030817213 0.015045803 4.4024026e-05 0.008486032 2.0237053e-06 0.0035779865 0.0042691245 0.0001345298 0.0045306464 0.009813369 0.0044880165 0.0025926044 0.0009981487 4.7290014e-05 0.00209437 5.5029323e-06 0.00023038249 0.0012994286 0.003018146 0.00037731577 0.0045066806 0.008838171 0.0007923762 0.0028418016 7.398126e-05 0.000118253294 8.152613e-05 0.0049074637 0.0018296303 0.0060901893 0.009239452 1.8979484e-06 0.0015125757 0.00013237819 0.00759013 0.007676286 0.00067406043 0.00044069032 3.5757574e-05 0.00652803 1.1327587e-05 0.0056278165 0.0041245907 0.0053105466 0.00013106984 0.0012084829 0.015279119 0.00024034274 1.2059252e-06 4.1379658e-07 0.014671044 0.0006632457 0.0067216964 0.00045796827 0.0030047128 0.0017848044 0.0028531034 0.004930706 0.003783236 0.0012644534 1.0942922e-06 0.0006993775 0.0012912119 0.0039418084 0.0029314368 0.0007040529 2.170473e-06 0.0036169342 5.992625e-07 0.016379341 0.004073087
3.403886e-05 0.60600173 0.32484347 0.0834493 0.4829337 3.2815363e-24 0.12419277 0.38115877 0.027775107 0.26794818 0.4265397 0.30599558 0.31918746 0.15081145 0.061785668 0.00032971354 0.28477654 0.010351179 0.008255052 0.13671331 0.10195161 0.10504888 0.08058349 0.081431314 0.005933104 0.007018414 0.103745446 0.07196147 0.025309617 0.0148235485 0.02074892 0.07403002 0.0001462311 0.013811578 1.7439468e-05 0.003188962 0.027074832 0.0009825848 0.020270064 0.0330794 0.009025209 0.003075532 0.007825938 4.0624887e-05 0.0032819875 7.950155e-06 0.00010000113 0.0012358972 0.011922441 0.0005003582 0.015250063 0.037619375 0.0010855735 0.0014813067 0.00011781765 0.00013442629 0.00023954184 0.0034274308 0.0011474983 0.0062949774 0.01932263 7.35265e-06 0.0015451212 0.0001849797 0.03520605 0.00976291 0.00085609074 0.0009745023 5.171886e-05 0.020552294 8.951426e-05 0.009238143 0.007695248 0.01401461 0.00019546157 0.0027956923 0.025715876 0.000164584 1.7463308e-06 1.7527185e-07 0.016753916 0.0016241114 0.0045940154 0.000543759 0.0022370468 0.0037686534 0.0029606097 0.004107794 0.014644792 0.0027616005 1.165219e-06 0.0010956023 0.0015189005 0.0080821635 0.003627638 0.0010174307 8.9716633e-07 0.002639489 7.1409676e-07 0.012096359 0.0029427558
0.00013277063 0.41339752 0.055619843 0.5001894 0.04880365 0.12419277 1.9702239e-21 0.4034267 0.555279 0.34617075 0.068060495 0.016513845 0.09041724 0.6075746 0.0015588935 0.020340122 0.19820541 0.30637264 0.24015196 0.02395345 0.04828352 0.16784857 0.12370812 0.31389773 0.080721304 0.09003532 0.039481755 0.043971192 0.011334758 0.008353779 0.0067350497 0.16453746 9.632698e-06 0.17443049 0.0012019831 0.12410687 0.2901806 0.00023946763 0.028083475 0.042747885 0.09273315 0.09487156 0.005299985 0.0019738246 0.0008422109 5.5780004e-07 0.00906795 0.00022847806 0.02444689 0.00013550995 0.08823524 0.079568475 0.00010312278 0.032546118 0.0030746972 0.0019013843 0.00018187096 0.033969887 0.027568635 0.035012804 0.059011452 0.0005865078 0.0009120716 0.004584599 0.03353786 0.0346749 0.0009852181 0.006767528 3.0617553e-05 0.04664051 3.83169e-05 0.029616533 0.010797584 0.019296288 0.00061301515 0.011623113 0.020853559 0.00014934695 0.0006012971 0.00023592953 0.01549685 0.006658879 0.017693453 0.0018069337 0.019254273 0.004212699 0.012064562 0.008035187 0.026518729 0.0023868044 6.2343424e-06 0.0018343965 0.0018740112 0.017704211 0.0049755834 0.0017314219 0.00024798786 0.021483433 3.7317245e-06 0.018049462 0.015131218
0.000118597425 0.64393336 0.122246355 0.21247096 0.11979229 0.38115877 0.4034267 6.7570995e-25 0.124811396 0.74639356 0.24074845 0.048443653 0.3709075 0.5121289 0.00362819 0.0010723431 0.44582817 0.043144416 0.029837226 0.16075218 0.15926354 0.29738092 0.2297659 0.3026397 0.02084685 0.019842802 0.13713692 0.12766041 0.013860704 0.00316514 0.005188916 0.17334554 1.6631115e-05 0.10613697 0.00022608793 0.046422385 0.15539412 0.00039193025 0.08450149 0.101257265 0.076116405 0.056062557 0.033104222 0.0014873327 0.005987173 7.8053006e-07 0.001521117 0.001491817 0.04656871 0.0023332392 0.05953668 0.13527551 0.00032606095 0.016651018 0.0017975605 0.0012242608 0.001593142 0.017243156 0.00974949 0.023241816 0.042850386 6.072193e-05 0.0063944566 0.0019653952 0.0477331 0.021745995 0.0045253006 0.0043480787 0.000121441946 0.051084835 0.00013102285 0.03258484 0.023987008 0.025907628 0.001071442 0.011076768 0.024766952 0.0005127392 2.0657784e-05 1.168878e-05 0.016542967 0.0054981355 0.014435948 0.003861017 0.011973478 0.003654272 0.006110036 0.014211787 0.026292115 0.005210427 5.7291822e-06 0.002650972 0.0028307508 0.011643044 0.007904753 0.0019185417 4.8525733e-05 0.011402346 1.7789646e-06 0.016457992 0.011147467
2.9656578e-06 0.23976286 0.021949003 0.46640503 0.011586095 0.027775107 0.555279 0.124811396 1.3485308e-21 0.09691898 0.034883168 0.0069166874 0.01655598 0.38124433 0.00027118163 0.10297655 0.02004827 0.39959824 0.33678287 0.0050172983 0.0047253366 0.022560682 0.026976226 0.08894574 0.150196 0.1457168 0.007539101 0.011509121 0.00562283 0.0043229833 0.0039061867 0.055061508 4.4842577e-06 0.09687036 0.004548945 0.1272452 0.13487157 0.00013858343 0.009355979 0.015554007 0.047769222 0.0658023 0.002080898 0.0038956958 0.0006730343 6.023181e-07 0.008570065 0.00020585599 0.007544599 2.864993e-05 0.041875824 0.021480145 7.4300995e-05 0.051093146 0.00424073 0.002739344 2.7772725e-05 0.035660636 0.035907086 0.031568244 0.031174155 0.0017036303 0.00054198777 0.008332955 0.011640952 0.02204236 0.0006450293 0.015329297 5.63958e-06 0.018973986 3.1408124e-06 0.023039782 0.003912064 0.011611048 0.00071728183 0.0035875738 0.012843052 8.0942846e-05 0.0009181343 0.00033097214 0.013641546 0.0026799145 0.018801846 0.0017397407 0.023195736 0.0022612922 0.015185095 0.0057535344 0.018758608 0.0020326262 3.8726457e-06 0.0018432455 0.0016068633 0.014066451 0.003280861 0.0020482703 0.0003856597 0.013059242 3.8832154e-06 0.015127083 0.012474105
0.0002956534 0.33886984 0.045756895 0.089630015 0.042241033 0.26794818 0.34617075 0.74639356 0.09691898 2.6233932e-25 0.19488582 0.034055296 0.33853316 0.5691782 0.001535452 0.00039889538 0.51580477 0.043152675 0.030811856 0.15700962 0.27355394 0.46030554 0.39994863 0.43347543 0.013941446 0.018416386 0.17225097 0.2287066 0.014999871 0.00075494853 0.001491208 0.26290733 4.4329995e-06 0.14699714 6.480216e-05 0.061760925 0.2547025 2.6493013e-05 0.16586603 0.18613955 0.12689574 0.07715492 0.0648103 0.00044570267 0.0079497425 1.271596e-07 0.0009136866 0.001662295 0.105553135 0.00036455592 0.113202944 0.2284533 0.00041799177 0.026661268 0.00089265 0.0006479993 0.00040007397 0.024022445 0.016134232 0.037424643 0.0791937 3.168093e-05 0.007484138 0.0023265032 0.09870313 0.03696647 0.004009431 0.0048103123 3.5149627e-05 0.073995605 8.0299855e-05 0.040683173 0.040570367 0.037301946 0.0011895299 0.019182017 0.04375693 0.0005078261 1.195785e-05 1.25806455e-05 0.021749571 0.010302533 0.020109368 0.005814104 0.01684902 0.0056552202 0.0077599273 0.016259108 0.02475361 0.00376019 2.8943598e-06 0.0027018182 0.0027898117 0.013548993 0.009202021 0.0020455285 8.165584e-05 0.019236723 1.7460427e-06 0.015712969 0.013740955
0.000491448 0.14510657 0.08685342 0.037674088 0.14413725 0.4265397 0.068060495 0.24074845 0.034883168 0.19488582 1.2287798e-20 0.49953488 0.5501464 0.06638163 0.056657188 0.0019208441 0.40520447 0.02858538 0.025467802 0.3555076 0.2517605 0.1359518 0.08289767 0.03561146 0.015436086 0.018032283 0.3446949 0.18926987 0.4025853 0.09625486 0.2645915 0.041823003 0.0010383904 0.010251832 0.00016799218 0.014369791 0.018431475 0.046404522 0.19090769 0.11516439 0.009441728 0.0077639283 0.18306527 8.335224e-05 0.09947078 0.00065161684 0.00025831358 0.05262095 0.063340105 0.024304189 0.011783648 0.037573904 0.021887043 0.010915751 8.027818e-05 4.0854382e-05 0.0205725 0.007913092 0.002402166 0.009921725 0.030693391 4.54909e-05 0.06955024 0.00017759285 0.10433969 0.0071109277 0.04272158 0.0010585448 0.0078048073 0.029298846 0.014421445 0.0084530525 0.04920065 0.011798746 0.015028443 0.004906652 0.07424605 0.0066149402 8.837007e-06 7.720402e-07 0.030926378 0.003274834 0.005306699 0.031820387 0.0031675799 0.02870832 0.004195889 0.020550445 0.016509863 0.02020938 0.004034239 0.014151373 0.012923577 0.0065501467 0.018310547 0.01121834 4.721262e-06 0.014772291 0.0024893188 0.012434915 0.008234102
9.1013777e-07 0.07063565 0.12723386 0.011135758 0.27169335 0.30599558 0.016513845 0.048443653 0.0069166874 0.034055296 0.49953488 1.1398947e-22 0.22913499 0.007681306 0.29343385 0.00028312867 0.108302854 0.004239673 0.0038223995 0.09920774 0.05173143 0.018032582 0.011398335 0.003160772 0.00057402276 0.0011059869 0.08928234 0.043017793 0.33761787 0.44888347 0.4090547 0.010668101 0.002719311 0.0013374262 1.0992358e-05 0.00016021733 0.00091404427 0.088489465 0.066295825 0.03960227 0.0022645004 8.080517e-05 0.0410721 5.080239e-06 0.010663833 0.002240572 1.8643203e-05 0.013097026 0.017380502 0.012236188 0.001785253 0.011666285 0.0049002217 0.00016089565 2.2983058e-06 2.8775273e-06 0.013345849 0.0001632532 3.7463502e-05 0.0006135825 0.003013162 1.6071069e-06 0.010306336 1.6754337e-06 0.030779975 0.00081436656 0.004441982 3.7036396e-05 0.0007013914 0.0021364584 0.0089720115 0.0012838907 0.02409149 0.004209599 0.0019079554 0.000504175 0.028761782 0.0015978391 1.2734407e-07 5.3933595e-09 0.018445678 0.00029788926 0.00041564088 0.003123382 0.00014725172 0.009063414 6.61044e-05 0.008960741 0.0034241457 0.003947357 3.425738e-05 0.0025580132 0.0029944873 0.0029909995 0.005583488 0.0013937576 4.030099e-08 0.0017588797 2.1885655e-05 0.010515972 0.0021096335
0.00017940631 0.10509217 0.030934293 0.026596433 0.07473056 0.31918746 0.09041724 0.3709075 0.01655598 0.33853316 0.5501464 0.22913499 1.1227141e-23 0.13664502 0.018598573 0.00041663402 0.5894964 0.010111076 0.008970265 0.53831995 0.40272057 0.24978274 0.15670127 0.08404826 0.0035710393 0.005091572 0.46686545 0.26888856 0.1762398 0.018752113 0.07288372 0.06276667 0.00050110504 0.02058354 8.965882e-05 0.009366193 0.02693029 0.005066903 0.2217425 0.14344616 0.020894773 0.0060004946 0.21233548 0.00018080205 0.07221241 0.00015246039 4.8522168e-05 0.030431997 0.0952966 0.010020792 0.012103624 0.046262145 0.014349962 0.006542127 0.00013322826 0.000117183416 0.0076900255 0.005434181 0.0027235919 0.008538297 0.018170461 4.4095035e-05 0.048868105 0.000107602784 0.07752856 0.008398287 0.026814353 0.0008952894 0.0019403426 0.017607018 0.0031152994 0.007612331 0.0525239 0.011484868 0.008547981 0.0037611907 0.027111085 0.006799049 7.177197e-06 1.408985e-06 0.011529632 0.0023328487 0.004793081 0.02419015 0.0037831417 0.0149499215 0.0023994835 0.01726546 0.025969105 0.014497307 0.00042279428 0.009050165 0.007176298 0.012340933 0.017555408 0.0052216644 2.9559162e-06 0.008247923 0.0002482453 0.0133064585 0.0075698607
0.00033880523 0.28989473 0.018840194 0.19456078 0.030748207 0.15081145 0.6075746 0.5121289 0.38124433 0.5691782 0.06638163 0.007681306 0.13664502 8.3801174e-23 0.00028429294 0.004607716 0.32729006 0.2882088 0.25714734 0.054645166 0.19043566 0.4673637 0.42024368 0.5785121 0.07829692 0.11327546 0.096765086 0.15364996 0.008014168 0.0018168469 0.002820281 0.413036 1.13281814e-07 0.386925 0.00027514677 0.227275 0.5324777 2.223321e-05 0.12656978 0.16740134 0.24761812 0.20066468 0.024475263 0.0008209263 0.0012084033 5.0682933e-09 0.0064944513 0.00028778976 0.09966479 4.2023963e-05 0.23723552 0.27325064 6.207707e-05 0.09592184 0.0026343977 0.0014966697 5.68895e-05 0.059838697 0.046735257 0.10018926 0.13925074 0.00017944037 0.0010698104 0.00892994 0.099780865 0.097566865 0.00094261003 0.020429082 9.339224e-06 0.104114845 2.185242e-06 0.07879934 0.034302495 0.054094784 0.0006268917 0.032601822 0.058199413 0.00017502322 6.0584847e-05 6.100466e-05 0.04292758 0.022203794 0.052735407 0.002808344 0.04031327 0.007937636 0.02871034 0.02090557 0.046535894 0.004502116 9.883844e-07 0.004885325 0.0040461933 0.036680873 0.007842853 0.0040807757 0.00042317188 0.038187463 1.2737037e-06 0.02917793 0.027816499
1.3961632e-13 0.010685588 0.08691714 0.002183634 0.027643984 0.061785668 0.0015588935 0.00362819 0.00027118163 0.001535452 0.056657188 0.29343385 0.018598573 0.00028429294 5.8561107e-32 1.025739e-06 0.0058071883 4.4745284e-05 4.655565e-05 0.0019016638 0.0014921093 0.000992915 0.0008898217 0.00014196419 4.6836676e-06 1.4842382e-05 0.0024521553 0.0021073313 0.0071036885 0.0056981593 0.014152312 0.0004406628 0.07879386 3.0490362e-05 1.6203102e-09 3.3091312e-06 0.00012017898 0.002664432 0.0019915472 0.004593104 0.00012786644 1.06195785e-05 9.206968e-05 1.2416183e-07 1.5411424e-05 0.0141341165 1.7765426e-07 3.4786503e-05 0.00097298255 5.036558e-06 0.00023581213 0.0060566184 4.7053773e-06 3.1375836e-05 1.3593396e-08 3.589507e-08 5.070496e-06 7.7974604e-05 1.3908319e-05 0.00019097394 0.0014678901 1.5573434e-08 3.0969231e-06 1.725471e-07 0.005611639 0.00083311595 2.7589255e-07 4.9371733e-06 7.7426876e-08 0.0021395504 1.9702143e-06 0.00043924092 0.0018918703 0.0030836833 9.4714204e-07 0.0007322476 0.01700466 2.625819e-06 1.0629739e-09 7.260545e-10 0.012982445 0.0004233436 0.00046291234 1.8960317e-07 5.7684567e-05 5.7170982e-06 1.3643919e-06 0.00037887724 0.0005331672 3.2301546e-06 2.6472904e-09 2.221586e-06 3.630396e-06 0.0019600103 2.2959604e-05 5.9319523e-06 6.563432e-11 6.260502e-05 5.2704907e-10 0.0010226545 3.5784517e-05
3.1332412e-09 0.0046609878 0.00021406882 0.027525103 4.6188114e-05 0.00032971354 0.020340122 0.0010723431 0.10297655 0.00039889538 0.0019208441 0.00028312867 0.00041663402 0.004607716 1.025739e-06 1.6818418e-23 0.0001939571 0.039718553 0.04824211 0.00013348351 8.74234e-05 0.00011860635 0.00046948483 0.00073202065 0.03557616 0.019475656 0.0002710045 0.00058750756 5.7633424e-05 0.0001143037 7.999365e-05 0.0010336953 2.8106358e-08 0.0049092616 0.43132922 0.0065074055 0.0007488842 2.6982154e-06 6.4635264e-05 0.0001153154 0.0016220792 0.0019922415 1.4205566e-05 0.07982859 1.5420439e-05 2.0938505e-10 0.011110707 6.574011e-06 5.8117694e-05 1.9438994e-07 0.00094877125 9.254857e-05 1.4437398e-06 0.0052402574 0.010043534 0.009905548 6.4579396e-08 0.0034095442 0.0033860742 0.001493956 0.000885645 0.036369327 4.673646e-06 0.0018043533 8.588003e-05 0.0011820098 2.0007963e-06 0.0032003736 5.661744e-08 0.00044590482 8.095635e-09 0.0021739958 9.244403e-05 0.0006974981 1.3381783e-06 0.00020394297 0.0012364365 1.8920047e-06 0.0013354946 0.0009001084 0.0017167792 0.0001608401 0.001957608 5.2531586e-06 0.0017989977 1.1777243e-05 0.0026446024 1.6971997e-05 0.0011209298 1.6093683e-05 1.1875126e-09 9.435741e-06 4.0071623e-06 0.0018132319 5.936847e-06 1.1185904e-05 0.00023861295 0.001399876 1.5811492e-09 0.0020358833 0.00080431945
0.00024443906 0.1463018 0.017950714 0.036255397 0.046281904 0.28477654 0.19820541 0.44582817 0.02004827 0.51580477 0.40520447 0.108302854 0.5894964 0.32729006 0.0058071883 0.0001939571 4.032828e-27 0.008874379 0.008451799 0.48746178 0.49511355 0.40752414 0.3018184 0.21866155 0.0028419183 0.004741036 0.4650141 0.34095225 0.050102696 0.0055714403 0.01097727 0.14742108 0.00010670211 0.046861902 3.6636757e-05 0.0146825425 0.080416664 0.0004041887 0.28682625 0.23781136 0.054444827 0.0211195 0.20173408 8.616592e-05 0.027123969 1.1772517e-05 0.00013365853 0.005069075 0.14962468 0.0016164996 0.042629 0.10904334 0.0014092586 0.0063735833 0.00025310557 0.00011974448 0.0015409192 0.008739278 0.005881744 0.014897596 0.042981826 7.1395207e-06 0.022429379 0.00021715868 0.09994739 0.015394659 0.011216034 0.00064004137 0.000100974685 0.04746268 0.00028538957 0.019115392 0.05772821 0.027369468 0.0042976085 0.008318346 0.036006376 0.0011746935 1.1098787e-06 2.1507046e-06 0.016622974 0.0048484313 0.006447501 0.015977455 0.004820287 0.0077623436 0.0018217092 0.014328641 0.031329606 0.008617703 1.4907552e-05 0.0044162013 0.0037564177 0.014449454 0.010559139 0.0028829933 1.1027671e-05 0.006944616 1.8337283e-05 0.015181107 0.007132522
0.0002766175 0.03290125 0.0022915704 0.12183518 0.002605509 0.010351179 0.30637264 0.043144416 0.39959824 0.043152675 0.02858538 0.004239673 0.010111076 0.2882088 4.4745284e-05 0.039718553 0.008874379 3.6502882e-25 0.61889637 0.0029646615 0.004536228 0.014770501 0.021244952 0.09773482 0.4215351 0.41337863 0.0063428856 0.012537296 0.010602483 0.0011402358 0.0016116786 0.06660102 2.0501686e-08 0.1900851 0.0067048715 0.34385484 0.28472498 4.6420257e-05 0.020876512 0.024494996 0.09286571 0.18146405 0.0051892647 0.0066440864 0.0004391502 9.1913105e-10 0.01750841 0.00014748795 0.011951256 2.9697518e-05 0.094416454 0.03730839 7.041893e-05 0.12962042 0.008594943 0.005797828 1.0764574e-05 0.0704373 0.07346474 0.048513357 0.04526963 0.0031376898 0.00014987645 0.021905553 0.016889933 0.03783214 0.00014013734 0.041778862 3.689473e-06 0.026116211 9.511701e-07 0.030980753 0.007031109 0.015186898 0.00020911051 0.008035738 0.015892422 6.657441e-05 0.0013127495 0.0017474327 0.012870517 0.00753334 0.028823772 0.0005861801 0.049483232 0.0005351045 0.046225097 0.0035046185 0.03443559 0.0019361346 8.557817e-07 0.000617603 0.00039021022 0.019613182 0.0010246099 0.0022554568 0.0019801029 0.02975241 1.652617e-06 0.014325936 0.022853645
0.00029511534 0.025360698 0.001069204 0.09709515 0.001587896 0.008255052 0.24015196 0.029837226 0.33678287 0.030811856 0.025467802 0.0038223995 0.008970265 0.25714734 4.655565e-05 0.04824211 0.008451799 0.61889637 4.5937426e-25 0.0027574452 0.0036309815 0.010585267 0.017337078 0.08939425 0.47418022 0.45542133 0.0051490706 0.015041183 0.012441926 0.0011707518 0.0017568136 0.06593705 2.741514e-08 0.20095065 0.0070193745 0.35621002 0.30801478 3.0299514e-05 0.023132235 0.028072784 0.09730647 0.21113573 0.0050712414 0.00884744 0.00032834293 7.480197e-10 0.026608141 0.000105789186 0.010781512 4.4478482e-05 0.09684836 0.035329595 2.883864e-05 0.18894964 0.009666572 0.006592995 1.819158e-05 0.089232184 0.089732155 0.068619095 0.05038968 0.0042626886 0.000123909 0.028975405 0.016942494 0.045673557 0.00015953518 0.06198802 2.8254092e-06 0.027249588 7.338334e-07 0.03951804 0.007887692 0.017955191 0.00030062158 0.009129631 0.024295805 7.133161e-05 0.002158622 0.0034020916 0.019426512 0.008182211 0.034247786 0.0009214715 0.065871626 0.00068880955 0.05779601 0.0050432584 0.03504417 0.0019892873 8.971911e-07 0.00092122593 0.0006369108 0.021302901 0.0014155604 0.002837738 0.0034280058 0.03364998 1.6813271e-06 0.020226574 0.026781868
0.00011429378 0.02514487 0.00202795 0.0038072176 0.011788105 0.13671331 0.02395345 0.16075218 0.0050172983 0.15700962 0.3555076 0.09920774 0.53831995 0.054645166 0.0019016638 0.00013348351 0.48746178 0.0029646615 0.0027574452 1.3460035e-27 0.42953244 0.23222831 0.126982 0.035306137 0.000760467 0.0013421852 0.5514924 0.29285532 0.1243436 0.011989863 0.032235164 0.04519328 6.803148e-05 0.008352149 4.7264157e-06 0.0024381743 0.008306989 0.002003952 0.30829233 0.20756027 0.014788149 0.0027250936 0.32774743 6.532906e-06 0.08403455 2.542575e-05 4.068374e-05 0.030342726 0.13384746 0.009053411 0.011239628 0.05807201 0.01642439 0.0024930916 2.6514144e-05 1.1824703e-05 0.0048128436 0.004750831 0.0017564786 0.006351287 0.017571682 9.011632e-07 0.065888636 2.2242242e-05 0.08168104 0.0076750712 0.058277998 0.0002791571 0.0013327439 0.020138318 0.0012040671 0.006266463 0.07292655 0.015796658 0.018783683 0.0039485716 0.032503527 0.0067356275 2.0733593e-07 1.8144192e-07 0.01363683 0.0027869889 0.0041930676 0.045734208 0.0031939126 0.037103277 0.00134328 0.029289968 0.01956222 0.03205789 0.00025057246 0.021661969 0.022414887 0.010239462 0.027331231 0.0119050015 1.9379106e-06 0.0051355106 0.00010211955 0.013277368 0.0049941
0.0010945569 0.030961135 0.0022899779 0.0023412902 0.0168801 0.10195161 0.04828352 0.15926354 0.0047253366 0.27355394 0.2517605 0.05173143 0.40272057 0.19043566 0.0014921093 8.74234e-05 0.49511355 0.004536228 0.0036309815 0.42953244 5.046991e-25 0.38095725 0.3123618 0.1425634 0.0006521807 0.0012722693 0.46054488 0.40895998 0.03468733 0.0018300029 0.004333757 0.15419485 1.350645e-05 0.022784222 3.499081e-06 0.0059493827 0.045810204 0.00014122528 0.3203257 0.2616306 0.028868778 0.008542785 0.20207156 5.714117e-06 0.013426525 2.5233285e-06 4.971402e-05 0.001995868 0.18426621 0.00073316117 0.03697694 0.12132796 0.0009549467 0.002153183 0.000113000046 4.258036e-05 0.0005972477 0.0046668923 0.0024807032 0.006985806 0.04589504 1.2675189e-06 0.016606329 5.6351044e-05 0.1248489 0.011819004 0.0097663235 0.000200952 9.9385245e-05 0.05186414 3.6535715e-05 0.016519068 0.06922033 0.02778548 0.0028948528 0.011968118 0.07929466 0.00086311874 3.150209e-07 3.5689874e-07 0.03260888 0.00893702 0.0049257856 0.013796612 0.003912741 0.013007515 0.0018102902 0.025612358 0.023753304 0.009046718 1.3609708e-05 0.006328976 0.006561885 0.016370658 0.012006672 0.0035371752 5.6885942e-06 0.009236175 1.1187197e-05 0.012301142 0.006252828
0.0011510488 0.06698463 0.004248822 0.008861929 0.01175677 0.10504888 0.16784857 0.29738092 0.022560682 0.46030554 0.1359518 0.018032582 0.24978274 0.4673637 0.000992915 0.00011860635 0.40752414 0.014770501 0.010585267 0.23222831 0.38095725 6.158249e-27 0.5715876 0.4583152 0.0031337696 0.005355476 0.30995283 0.3860931 0.012301828 0.001465984 0.002939888 0.38664252 3.3733102e-06 0.12074082 5.4145075e-06 0.034672927 0.21065307 0.0001591231 0.34388784 0.35864466 0.119605616 0.047786687 0.13220242 1.3318271e-05 0.0068883947 6.124631e-08 0.00022970306 0.00080485275 0.28729317 0.0005699567 0.11878178 0.23911314 0.00014280321 0.015182764 0.0001906153 9.8193275e-05 0.00020445981 0.019935092 0.011186301 0.033574983 0.096299246 3.7867692e-06 0.008969384 0.0009570017 0.14445536 0.04717171 0.0050954223 0.002877626 2.7358219e-05 0.09013197 3.3075883e-06 0.062830664 0.07330968 0.058166116 0.0024903363 0.030661868 0.07915184 0.00054627284 7.1912865e-07 2.02742e-06 0.05476959 0.023659987 0.026141435 0.011035483 0.02503909 0.014596889 0.01684167 0.026926918 0.056647155 0.014954963 2.3348707e-06 0.010324737 0.010672298 0.037879825 0.016350742 0.007171523 0.000113823444 0.023162063 2.4992332e-06 0.03890856 0.021361036
0.0015249837 0.0586209 0.0063183615 0.015572985 0.011194769 0.08058349 0.12370812 0.2297659 0.026976226 0.39994863 0.08289767 0.011398335 0.15670127 0.42024368 0.0008898217 0.00046948483 0.3018184 0.021244952 0.017337078 0.126982 0.3123618 0.5715876 3.7729643e-24 0.44186297 0.0074183117 0.01151028 0.20063101 0.3622667 0.014498601 0.0010611131 0.0026398299 0.43862683 9.794962e-07 0.12101094 3.9338316e-05 0.032974996 0.25474495 8.257953e-05 0.28686738 0.34906223 0.15204035 0.057230696 0.07827364 0.00019310147 0.0051548094 1.1166666e-07 0.00093751383 0.0005416052 0.2754066 0.00030613158 0.18001777 0.2965837 0.00029141942 0.018607141 0.0013949012 0.00059165765 0.00020843693 0.022321263 0.01455473 0.041699223 0.15566905 1.8355233e-05 0.0054745954 0.0018019569 0.15974578 0.063461386 0.003795834 0.0039228084 6.4654436e-05 0.12134943 9.0901485e-06 0.083705 0.08190101 0.082462385 0.001295175 0.04897984 0.11211079 0.00059662544 4.1982644e-06 1.1173974e-05 0.074210994 0.03816879 0.041888148 0.007357248 0.025553932 0.014037062 0.019951003 0.030097423 0.058319926 0.009720746 4.0771265e-06 0.0070920116 0.008654089 0.047367554 0.01416597 0.0048592486 9.2953516e-05 0.02705962 4.5499555e-06 0.030236444 0.020518202
0.0017666195 0.10781839 0.009706022 0.053226463 0.018313168 0.081431314 0.31389773 0.3026397 0.08894574 0.43347543 0.03561146 0.003160772 0.08404826 0.5785121 0.00014196419 0.00073202065 0.21866155 0.09773482 0.08939425 0.035306137 0.1425634 0.4583152 0.44186297 8.159896e-23 0.021012286 0.037232008 0.058621503 0.15229642 0.006959491 0.000269061 0.0008282798 0.51247966 2.793496e-08 0.26401818 2.7307908e-05 0.0891405 0.4812845 6.3715015e-06 0.09227621 0.20085245 0.22837028 0.12960339 0.011881603 0.00011592051 0.00040177908 1.7205505e-08 0.003875526 0.00021839819 0.12978224 1.2218503e-05 0.26300293 0.34673467 9.6690295e-05 0.04412096 0.00155499 0.0007185586 1.33632075e-05 0.038808767 0.024840204 0.06876705 0.19467491 1.1878832e-05 0.0005741857 0.003021899 0.14074346 0.09475512 0.0003896723 0.0060226014 4.231773e-06 0.13787125 5.1043776e-07 0.10455883 0.03584914 0.076015756 0.00017762132 0.050498866 0.10332761 0.00011782148 5.8738738e-06 1.6404061e-05 0.06845053 0.03763175 0.057279825 0.0016022077 0.031245155 0.005909001 0.019322336 0.010945335 0.049919676 0.002705028 4.1308178e-07 0.0033026175 0.0021942083 0.04284814 0.0043837926 0.0020838112 5.1340907e-05 0.039334983 9.977783e-07 0.019101996 0.02586764
0.00014044586 0.019864451 0.0013840545 0.039030336 0.0034880152 0.005933104 0.080721304 0.02084685 0.150196 0.013941446 0.015436086 0.00057402276 0.0035710393 0.07829692 4.6836676e-06 0.03557616 0.0028419183 0.4215351 0.47418022 0.000760467 0.0006521807 0.0031337696 0.0074183117 0.021012286 7.913093e-24 0.5344666 0.0012824442 0.0024194405 0.0018045967 0.00037029685 0.00012257409 0.024713043 3.5976843e-08 0.08679755 0.011501655 0.3249741 0.11424321 1.6424968e-06 0.0022666955 0.004454112 0.05250442 0.11495958 0.00028988518 0.020523697 1.9979809e-05 5.0522138e-09 0.078771465 2.3326194e-05 0.0015586602 4.7673416e-07 0.060663298 0.017003184 1.02481645e-05 0.21427016 0.02470502 0.013621337 6.1952164e-07 0.07381263 0.09756658 0.04907196 0.032825455 0.0053890855 5.3167187e-06 0.043336507 0.009447848 0.028778225 2.4582885e-06 0.07425318 1.5370854e-07 0.012122331 6.419158e-08 0.017903442 0.0026884924 0.0060375016 6.900268e-06 0.0024505097 0.013963307 4.295197e-06 0.0029796073 0.0044809002 0.009388761 0.0026290242 0.028366018 1.280211e-05 0.065885305 3.235218e-05 0.057491347 0.0018511728 0.022132501 0.00017051632 2.7931712e-08 7.96802e-05 6.767596e-05 0.010810124 0.00032332892 0.00032768853 0.0050386335 0.02304748 1.368774e-07 0.011503328 0.015284489
0.000296533 0.01761261 0.0015848121 0.03503611 0.0048823752 0.007018414 0.09003532 0.019842802 0.1457168 0.018416386 0.018032283 0.0011059869 0.005091572 0.11327546 1.4842382e-05 0.019475656 0.004741036 0.41337863 0.45542133 0.0013421852 0.0012722693 0.005355476 0.01151028 0.037232008 0.5344666 5.67754e-24 0.0023149352 0.0048416457 0.004697876 0.00043761946 0.00037666428 0.0367445 5.510426e-08 0.12404981 0.00783101 0.36243927 0.1747765 5.799343e-06 0.005124586 0.00916855 0.07528552 0.17657916 0.0006201039 0.013898634 5.755192e-05 2.5254503e-09 0.059313986 9.194174e-05 0.0033983432 6.2632694e-06 0.1040883 0.031562015 3.8263657e-05 0.27487347 0.01590405 0.011029607 7.4400014e-06 0.10312653 0.12032364 0.06881195 0.048209764 0.004107445 1.6940496e-05 0.048239097 0.01170557 0.041587748 8.709831e-06 0.08785679 5.9262044e-07 0.020680657 3.0208886e-07 0.030040747 0.0034307714 0.009990462 2.2541006e-05 0.004782205 0.017426327 1.854507e-05 0.0028926202 0.003938282 0.012952363 0.0051753847 0.040447764 5.7173358e-05 0.08096866 0.00014184753 0.065196425 0.0022494325 0.02807901 0.000498702 1.4770718e-07 0.00028896437 0.00019532646 0.013592848 0.00066219684 0.0011180536 0.004779239 0.029344741 8.708622e-07 0.013147466 0.020597968
0.0010191242 0.025631735 0.0023858384 0.0034935246 0.015278995 0.103745446 0.039481755 0.13713692 0.007539101 0.17225097 0.3446949 0.08928234 0.46686545 0.096765086 0.0024521553 0.0002710045 0.4650141 0.0063428856 0.0051490706 0.5514924 0.46054488 0.30995283 0.20063101 0.058621503 0.0012824442 0.0023149352 4.9771483e-25 0.3707716 0.11788223 0.013166042 0.023117643 0.05964407 4.9126636e-05 0.014412954 6.20009e-06 0.0054278756 0.017836671 0.0027901216 0.35103297 0.25295 0.01787848 0.0057485052 0.36823595 7.5484418e-06 0.05795168 2.7729195e-05 0.000124426 0.021049125 0.2037988 0.007533768 0.019243054 0.08261385 0.014084175 0.0016005058 8.146543e-05 3.7617483e-05 0.0043258457 0.0042270096 0.0024178857 0.0048369016 0.02892908 2.0858668e-06 0.05814208 5.1611252e-05 0.12587245 0.008181314 0.041362032 0.0002783423 0.0014106657 0.03334419 0.0009878078 0.008030579 0.089801244 0.020507129 0.014488365 0.0066194558 0.071193986 0.006203485 7.565518e-07 4.995493e-07 0.027227331 0.004653863 0.005350414 0.033858467 0.0038585542 0.041488703 0.0036621303 0.04458516 0.019343847 0.021388013 0.00028402003 0.01735857 0.023002565 0.013830388 0.036475323 0.009866403 1.0028147e-05 0.012894745 0.0001369676 0.018582333 0.009839547
0.0024493646 0.033308074 0.005377093 0.00517347 0.013565613 0.07196147 0.043971192 0.12766041 0.011509121 0.2287066 0.18926987 0.043017793 0.26888856 0.15364996 0.0021073313 0.00058750756 0.34095225 0.012537296 0.015041183 0.29285532 0.40895998 0.3860931 0.3622667 0.15229642 0.0024194405 0.0048416457 0.3707716 3.9691622e-23 0.04477375 0.0038026804 0.0059706117 0.19652715 1.3743869e-05 0.019854339 8.073889e-06 0.008742382 0.054351505 0.0003706194 0.34430432 0.30971783 0.024094367 0.010372845 0.23220529 7.4651966e-06 0.014771424 6.118654e-06 0.000276855 0.005307271 0.26032966 0.0006006609 0.030416887 0.12159499 0.0036718312 0.004026325 0.00010207047 5.9537975e-05 0.00094924954 0.0053369147 0.0033574717 0.008834391 0.05379447 2.8208779e-06 0.017395625 0.00012951653 0.1524798 0.018639 0.011598764 0.00055492215 0.00031860074 0.06389877 0.0001571099 0.026079146 0.09838905 0.038853474 0.004300614 0.018411329 0.12119894 0.0027340392 6.260107e-07 5.4949953e-07 0.065410614 0.016449394 0.011399205 0.015350962 0.0057703718 0.02171507 0.0033978422 0.054345194 0.031204771 0.012144821 3.7976533e-05 0.009410742 0.014610391 0.024402058 0.022289727 0.006249532 5.47502e-06 0.012026912 0.00010263417 0.012804118 0.008008017
0.000112760186 0.02090741 0.0034073337 0.002911702 0.010854084 0.025309617 0.011334758 0.013860704 0.00562283 0.014999871 0.4025853 0.33761787 0.1762398 0.008014168 0.0071036885 5.7633424e-05 0.050102696 0.010602483 0.012441926 0.1243436 0.03468733 0.012301828 0.014498601 0.006959491 0.0018045967 0.004697876 0.11788223 0.04477375 1.1081257e-20 0.26531178 0.543108 0.014126299 0.0003135554 0.0039405795 3.2862986e-06 0.0009176655 0.0034247907 0.079520136 0.08221144 0.030616816 0.005482995 0.00043631007 0.2224294 2.6602397e-06 0.16126184 0.00021146833 4.4324308e-05 0.16571 0.017366262 0.19060323 0.0035215155 0.0069290604 0.11188029 0.00031138572 1.1546169e-05 5.6176677e-06 0.11171078 0.0008024056 0.00024040462 0.001279453 0.0041744243 2.0308762e-06 0.13821374 1.5010753e-05 0.01802721 0.0013491428 0.119956546 7.5516284e-05 0.064943306 0.003596251 0.086507164 0.0015313952 0.027487239 0.003403565 0.08569871 0.00046796273 0.018884167 0.049791742 2.6065194e-07 3.7155914e-08 0.009437178 0.00022724592 0.0006750183 0.092949644 0.00029628538 0.113279104 6.41675e-05 0.013158221 0.0022157251 0.051185884 0.02203224 0.05996728 0.03861596 0.0018933521 0.021851841 0.016695524 1.9450027e-07 0.0013567902 0.012252238 0.008047461 0.0012698292
1.2683952e-12 0.0042240117 0.0010571855 0.0017136027 0.004664721 0.0148235485 0.008353779 0.00316514 0.0043229833 0.00075494853 0.09625486 0.44888347 0.018752113 0.0018168469 0.0056981593 0.0001143037 0.0055714403 0.0011402358 0.0011707518 0.011989863 0.0018300029 0.001465984 0.0010611131 0.000269061 0.00037029685 0.00043761946 0.013166042 0.0038026804 0.26531178 1.1136542e-23 0.5767291 0.0013231091 0.00016028977 0.00015391076 5.8170707e-07 0.00014127619 0.0003697663 0.2773349 0.005761172 0.0021550236 0.00042000148 6.544339e-05 0.00854781 5.0743824e-07 0.015115492 0.0008735518 6.676257e-06 0.019596985 0.00732498 0.105286956 0.000826612 0.0023686513 0.015951207 0.00046681028 2.9757095e-06 2.066806e-06 0.062314373 0.0016353774 0.00036898075 0.0031942509 0.0018806311 1.7283152e-07 0.007043669 1.3157864e-05 0.0020743376 0.0042738295 0.005871018 0.00016926115 0.011572579 0.0013591764 0.07545734 0.0035433013 0.022409633 0.0029297615 0.004917039 0.0004774185 0.011027682 0.0050634486 5.144534e-09 3.5854135e-09 0.013728263 0.00021603171 0.0023923307 0.0043053287 0.0032343515 0.018814025 0.0012036962 0.020674616 0.0034561283 0.015750559 0.00016460143 0.010819803 0.013732085 0.0027406176 0.024118092 0.005633275 3.6674788e-09 0.0013603915 5.143392e-05 0.02138859 0.0021431579
2.942635e-08 0.011772259 0.0042907163 0.0015000334 0.030817213 0.02074892 0.0067350497 0.005188916 0.0039061867 0.001491208 0.2645915 0.4090547 0.07288372 0.002820281 0.014152312 7.999365e-05 0.01097727 0.0016116786 0.0017568136 0.032235164 0.004333757 0.002939888 0.0026398299 0.0008282798 0.00012257409 0.00037666428 0.023117643 0.0059706117 0.543108 0.5767291 4.2029394e-21 0.0023839814 0.00029647702 0.00043945792 5.8256813e-07 3.416208e-05 0.0012429869 0.18561406 0.014999906 0.006641378 0.00076051283 5.5016393e-05 0.03515497 4.928727e-07 0.0401065 0.00044119285 1.801127e-05 0.076227576 0.008099378 0.2820169 0.00083069305 0.0052713207 0.040460564 4.592826e-05 4.892776e-06 2.4778383e-06 0.22895633 0.00011605314 3.5262805e-05 0.00035651092 0.0010269509 8.345197e-07 0.03284417 1.8667193e-06 0.009513462 0.0005675078 0.02722495 2.4296172e-05 0.036961094 0.0014535966 0.19856383 0.0008120264 0.02298296 0.0023890033 0.018844033 0.00018211584 0.007293511 0.01491307 3.844374e-08 6.8452346e-09 0.006811377 9.927195e-05 0.00055694353 0.02916438 0.00034130318 0.03078263 4.8371225e-05 0.011950349 0.0019848312 0.02151578 0.0038869632 0.017655626 0.015524525 0.0013031778 0.02225497 0.008456475 1.651396e-08 0.00085921236 0.0018658073 0.013546407 0.0011577541
0.0060247984 0.08489834 0.013372452 0.035830155 0.015045803 0.07403002 0.16453746 0.17334554 0.055061508 0.26290733 0.041823003 0.010668101 0.06276667 0.413036 0.0004406628 0.0010336953 0.14742108 0.06660102 0.06593705 0.04519328 0.15419485 0.38664252 0.43862683 0.51247966 0.024713043 0.0367445 0.05964407 0.19652715 0.014126299 0.0013231091 0.0023839814 4.7168786e-23 1.239016e-07 0.20094506 7.022571e-05 0.08064453 0.4290123 0.00014225679 0.1276792 0.2542605 0.20712733 0.15402971 0.014730621 0.00012373294 0.00055217993 4.570633e-07 0.0050349017 0.0013067445 0.21005066 9.208123e-06 0.24198508 0.3741216 0.00092412665 0.03653549 0.0015354023 0.0005699483 6.156257e-05 0.05066072 0.0252087 0.090989016 0.2233378 1.840979e-05 0.0008330091 0.0032263726 0.16287747 0.12826873 0.00051007146 0.007089398 2.5220666e-05 0.18274304 1.8317987e-05 0.1442106 0.044041824 0.09919885 0.00019774976 0.09238723 0.12818867 0.00022119882 1.7461285e-05 1.1186598e-05 0.10003441 0.06847407 0.080821045 0.0014337196 0.030174287 0.004589993 0.015314706 0.017467791 0.09316759 0.0034044024 3.310646e-06 0.0026267462 0.002935573 0.08028981 0.006414701 0.0020277759 3.0928455e-05 0.04574088 2.4951547e-05 0.018661322 0.029467328
