3.8633843e-11 0.97822464 0.9777448 0.88502896 0.9308348 0.94743073 0.8188707 0.92453283 0.8808225 0.9317759 0.885251 0.95292 0.9274684 0.35911375 0.8945373 0.92608386 0.9349063 0.9225816 0.9062219 0.98368967 0.8866557 0.88485694 0.7957675 0.95703787 0.12821293 0.9068806 0.96662563 0.97112393 0.95148784 0.7650007 0.9813353 0.6630961 0.9776053 0.74173576 0.57780933 0.757384 0.19129327 0.7901517 0.8427779 0.9517467 0.073903576 0.5891445 0.90328264 0.98372054 0.29796487 0.96536964 0.6109067 0.96474695 0.13576679 0.8380142 0.06981228 0.35351926 0.7648307 0.21632452 0.034848448 0.99199086 0.9119955 0.9947877 0.90115744 0.9424966 0.99020535 0.96985203 0.010162331 0.9359939 0.9861435 0.97289395 0.99178046 0.8988106 0.98367584 0.91023445 0.9908385 0.99684036 0.9736852 0.9548406 0.99261355 0.69112784 0.9966263 0.25533533 0.7324999 0.95419145 0.99278426 0.46765426 0.9488054 0.9994754 0.9961771 0.9643275 0.44883838 0.6742248 0.99983865 0.99001783 0.10210374 0.86762255 0.999999 0.9997456 0.9963706 0.99970067 0.917283 0.5731411 0.6328647 0.7948446 0.362792
0.97822464 5.660175e-13 0.7829437 0.6926334 0.79859143 0.85250753 0.06633148 0.039972324 0.7255314 0.6707678 0.15253267 0.010384966 0.3567707 0.008848481 0.058933023 0.15042837 0.061566055 0.13963082 0.0010617786 0.05141143 0.27599496 0.12220634 0.33412668 0.3620919 0.066221066 0.043881543 0.513615 0.43210375 0.1280566 0.00012050228 0.020358397 5.2387204e-06 0.18584815 1.7001535e-06 8.758997e-05 0.000789048 0.021720314 0.00012259759 1.9283057e-06 0.035172425 0.015143107 0.12384694 0.0002829176 0.1290488 3.7058548e-05 0.043482877 7.280665e-05 0.02708255 1.0773818e-05 0.00022797832 0.008495194 0.00804604 0.011113892 5.8601177e-05 0.004263388 0.10587289 0.0017422361 0.22124517 4.2778942e-07 0.0013538452 0.0115892105 0.0010069706 0.00043021294 1.9653933e-06 2.4291818e-05 0.011839576 0.038614035 0.013938874 0.007175216 0.00735715 0.046118416 0.11826482 0.022371622 0.00040513283 0.015121114 8.257336e-06 0.10828034 3.4149554e-08 5.6797635e-08 0.013030814 0.00652302 3.1817147e-09 0.0091172075 0.03780741 7.3340416e-08 0.004555824 3.431846e-09 0.00043299914 4.766948e-06 0.0020221283 4.432838e-08 8.4139873e-07 0.014823993 0.0049906936 0.0017113726 0.00041630535 0.00025408843 0.0009208461 1.8165168e-06 1.90102e-05 4.0777722e-06
0.9777448 0.7829437 6.694113e-14 0.057089653 0.51495117 0.5182103 0.8820335 0.67740107 0.49049935 0.7837218 0.0089863455 0.08437559 0.24348477 0.021079794 0.008297354 0.3094065 0.3602749 0.25292003 0.019188048 0.36390865 0.10310726 0.17845431 0.009964999 0.85087925 0.013147879 0.16511124 0.684992 0.74083096 0.026869947 0.003009535 0.20169234 0.0011319382 0.70871943 0.0008350636 0.0037877285 0.009385564 0.0051663797 0.00065512175 0.0011544276 0.0012705536 0.0016016213 0.10676403 0.0024137883 0.13196003 0.0005172362 0.3859291 0.0006810552 0.24819858 0.000289539 0.0019890815 0.005162398 0.03498752 0.008108931 0.00057068496 0.009135789 0.051569905 0.007921012 0.2516185 0.0002460186 0.010141467 0.04774613 0.010066596 0.0008444929 1.19778915e-05 0.0003099018 0.07487495 0.048658267 0.0008356285 0.043109037 0.0004312796 0.0050994935 0.42270985 0.0016222355 0.0033601113 0.09432905 5.2992615e-05 0.040030625 3.0193388e-07 3.7102433e-07 0.002092386 0.006639092 4.5789696e-09 0.0012179589 0.113038294 9.302703e-07 0.00054180925 1.2667e-09 0.00026779153 4.4727924e-05 0.000116903466 6.2710055e-09 3.7177927e-06 0.023536975 0.0033255361 0.0021507828 0.00015705179 4.9180446e-05 0.00018423024 1.3505561e-05 1.4638792e-06 1.5360678e-06
0.88502896 0.6926334 0.057089653 1.00878494e-16 0.8656934 0.6928006 0.00052493974 0.0011926348 0.5279205 0.2852366 0.9883858 2.5143985e-05 0.19458847 0.006200631 0.1041774 0.0061903624 0.00032384243 0.005160646 1.1041693e-06 0.0052299397 0.16117643 0.0022395581 0.8289527 0.008684667 0.54566365 0.006640928 0.05187439 0.016463008 0.13000996 3.431116e-07 1.881327e-05 2.657396e-07 0.0018178954 1.3287735e-07 2.3848793e-07 3.026753e-06 0.0062130946 1.8172315e-05 1.775109e-08 0.06444669 0.021749884 0.017183706 2.9877506e-07 0.014078905 1.2289538e-06 0.00018500193 2.6644202e-07 5.1110128e-05 3.5580956e-07 2.2939972e-07 0.0009595688 0.00015558561 0.00028806683 5.2460296e-06 0.0016446357 0.011379844 1.9427682e-06 0.011603417 9.917825e-09 2.0762886e-06 2.219169e-05 2.5384402e-06 0.00015084549 3.0845416e-07 2.0656553e-06 1.97221e-05 0.0035464033 0.007570326 5.3449644e-06 0.004007357 0.064834245 0.002198729 0.043504298 8.422328e-07 4.939432e-05 1.0637295e-07 0.027728813 3.75648e-08 5.252767e-10 0.0059681013 3.3794151e-06 1.6967494e-09 0.0015154951 0.0002964849 3.993681e-09 0.0015534738 4.142005e-09 0.0026463796 7.2241716e-07 0.0020742246 1.1670195e-08 3.5937284e-11 0.0005908409 0.00040454272 4.1916737e-05 3.5908786e-05 2.2539867e-05 4.8462094e-05 1.0101991e-05 2.373841e-08 1.5541337e-07
0.9308348 0.79859143 0.51495117 0.8656934 3.055372e-15 0.9430684 0.0013518956 0.010849199 0.9238906 0.6792955 0.24531567 0.0070647635 0.18840994 0.00013533948 0.022941437 0.066908464 0.0048286305 0.056977898 0.00014573464 0.04174576 0.5931025 0.036615614 0.21344475 0.29301962 0.1881731 0.06864893 0.41689265 0.33033675 0.080191046 2.0407011e-05 0.004363178 2.098961e-06 0.08913038 1.4442749e-07 7.559104e-06 2.6631782e-05 0.057559036 1.7434844e-05 3.0558958e-08 0.031848677 0.057247795 0.08894784 2.7468597e-05 0.08172278 1.3087842e-05 0.011104928 7.5669864e-06 0.003378449 4.2500496e-06 1.3952317e-05 0.012945811 0.0048749307 0.002413758 3.531632e-05 0.018941 0.045472797 0.00014745533 0.10482111 3.0484674e-08 0.00021137296 0.0016542412 0.000110796136 0.0062520267 2.0737822e-07 4.549882e-06 0.002175793 0.015984282 0.0028995776 0.001394745 0.0015620047 0.021763146 0.0347515 0.010504063 3.3909873e-05 0.004579759 9.289032e-07 0.03061951 2.3404517e-07 2.1311946e-09 0.00446153 0.0001795167 8.3800815e-09 0.001880693 0.0071505355 2.3631468e-09 0.001831322 7.158896e-10 1.1521608e-05 8.263215e-07 0.00088285544 1.44867744e-08 1.8004512e-08 0.0042966683 0.0010365052 0.00032683273 0.00021413968 0.00010121465 5.570869e-06 7.323733e-06 3.9783336e-06 4.651021e-07
0.94743073 0.85250753 0.5182103 0.6928006 0.9430684 4.9005914e-14 0.0022943038 0.08204109 0.95851797 0.74373114 0.2639947 0.011900609 0.075829454 0.0002821115 0.0105392635 0.5097792 0.1466109 0.40791237 0.0040813065 0.10821032 0.43191424 0.16774237 0.040301625 0.27700672 0.04153001 0.10128772 0.22114664 0.3016502 0.03651389 0.00014792634 0.02087168 0.00047062276 0.15111165 1.3096557e-05 0.0010905802 0.013585913 0.031043794 0.00032593476 8.5591355e-06 0.017931448 0.015388567 0.01513474 0.0011874546 0.03929649 0.00026240142 0.05144474 0.00064154016 0.029221062 1.7608761e-05 0.00052490603 0.0022827443 0.00213563 0.004819319 1.8652858e-05 0.0027414649 0.032075856 0.0017005429 0.09545534 5.547367e-06 0.0024921515 0.010000925 0.0028875005 0.00010340601 2.2480253e-05 0.00017826092 0.008802236 0.009008818 0.0015646524 0.0032414307 0.0012811759 0.015488546 0.04967669 0.0068306676 0.0005473395 0.004693941 5.7287045e-05 0.010162177 3.6149995e-05 2.9408326e-07 0.0017040503 0.000983746 9.8844e-07 0.0012856427 0.0055788653 1.4829936e-06 7.9459904e-05 1.3801958e-08 7.253455e-05 7.931752e-06 9.580051e-05 2.2700656e-08 5.1612947e-06 0.0040846416 0.0024066924 0.00022610431 0.0002915003 3.648575e-05 4.1003175e-05 5.408761e-07 1.1173074e-06 2.533087e-09
0.8188707 0.06633148 0.8820335 0.00052493974 0.0013518956 0.0022943038 9.4628575e-17 0.9741823 0.0005868135 0.14968938 0.00033578236 0.8852895 0.0077828504 8.751387e-06 0.00010921831 0.00013691404 0.1702035 3.5681536e-05 0.7656176 0.013214603 1.0693114e-07 5.0691474e-06 5.623119e-08 0.28632206 1.5776482e-06 0.0007713014 0.07901157 0.13165717 0.00030309963 0.002216742 0.729595 0.009307261 0.42827204 4.4423696e-06 0.0019680306 0.00023224896 1.8194891e-09 5.1837764e-05 1.4329507e-05 1.14851855e-05 4.0006743e-08 1.2705092e-08 0.30305356 0.005264222 9.812175e-05 0.3481216 0.0079635335 0.2710452 7.3506367e-06 0.12683165 1.9658863e-08 5.555316e-07 2.6005714e-06 5.773836e-06 1.1778361e-06 0.0025616556 0.16693841 0.01636952 6.428814e-06 0.052092947 0.17834635 0.048324496 5.6198135e-09 3.0331387e-06 7.285416e-05 0.18617967 0.002549517 6.403662e-05 0.091418885 4.6266676e-05 0.0007558776 0.07077037 0.00019318602 0.005551228 0.05975877 0.002885399 0.00084306306 0.0008237197 0.00013832543 0.0003555065 0.016532794 2.7931085e-07 0.0006371571 0.023627445 1.4401837e-06 9.0668196e-05 1.5659458e-08 2.917368e-07 4.9418986e-06 5.0571216e-05 8.052945e-09 1.52705e-06 0.005681593 0.00032759478 0.00038875418 0.0001377788 7.896133e-05 4.263636e-05 1.2886224e-05 3.1122124e-06 3.5301248e-08
0.92453283 0.039972324 0.67740107 0.0011926348 0.010849199 0.08204109 0.9741823 8.3748695e-17 0.017489059 0.46429682 0.0003212236 0.7272624 0.0018649304 1.5312265e-06 9.444176e-06 0.043295003 0.8094053 0.034747094 0.83898157 0.5074634 0.0035292415 0.057774708 2.5602303e-05 0.13124247 7.825508e-05 0.18164779 0.020378914 0.046513602 3.020782e-05 0.10104194 0.7847613 0.020452755 0.25311553 1.6367161e-06 0.06683327 0.09252065 0.0001312412 5.5545083e-06 2.821841e-06 8.297456e-07 2.7857453e-05 0.0030837348 0.43455067 0.0034404732 0.010720946 0.4219267 0.01678792 0.34031785 0.0029797493 0.26836663 0.00040499456 0.022728857 0.054724254 0.0039324462 0.0076075327 0.0021881068 0.4582772 0.016189389 8.42944e-07 0.2476907 0.42495638 0.18042225 6.7527486e-05 1.1833919e-07 2.4236294e-06 0.41575706 0.0025096852 2.2117117e-06 0.20889251 6.040864e-07 4.823365e-06 0.061138462 5.2639376e-07 0.03352988 0.12766653 0.0065395012 0.00049759896 0.0001285428 0.0005860046 0.00018461066 0.030195143 3.3475824e-06 3.51323e-05 0.075451754 2.4084486e-07 3.4113706e-05 3.8740826e-08 7.0482536e-11 4.7383533e-06 1.52363955e-05 9.983717e-10 1.4996744e-05 0.014131522 0.0002905436 0.0025716925 4.3931374e-05 1.1099396e-05 1.7175153e-05 7.4690846e-08 3.354685e-07 3.1823826e-09
0.8808225 0.7255314 0.49049935 0.5279205 0.9238906 0.95851797 0.0005868135 0.017489059 3.4718615e-13 0.8072267 0.09760083 0.024794564 0.0948968 2.2504182e-06 0.008313611 0.2930033 0.018559959 0.28124648 0.0008726048 0.049788278 0.84533924 0.14062382 0.12791345 0.28512815 0.28623462 0.103613354 0.31776905 0.30142233 0.04630719 3.0746191e-06 0.0066239797 3.0817855e-06 0.1444577 5.5792423e-08 1.0117292e-05 5.922538e-05 0.33520892 1.7913687e-06 1.489677e-08 0.0066632493 0.08446618 0.21907018 0.00016607491 0.0533816 1.2175082e-05 0.0206305 1.315243e-05 0.008998888 1.3382995e-06 9.7354176e-05 0.047923498 0.014237176 0.010546639 8.554989e-06 0.07707856 0.040137313 0.0002244449 0.09281451 1.4399006e-08 0.0002850297 0.0042594722 0.0002932189 0.008785845 3.7376903e-08 1.4493684e-06 0.00446198 0.01521194 0.0006666838 0.0018482093 0.00035459516 0.008032654 0.033602137 0.0025239293 2.5942538e-05 0.0031344404 6.100152e-07 0.010579993 3.2973915e-07 3.0821068e-09 0.0017570633 7.886553e-05 8.377108e-09 0.00036055225 0.006159106 1.9938178e-09 0.00034759822 4.4788206e-10 7.334111e-08 5.5733847e-07 0.000103468454 3.254596e-09 5.877585e-09 0.002499603 0.00060546404 0.000101665566 0.000111572204 3.987261e-05 1.8697767e-06 8.970773e-07 1.3663913e-07 5.224615e-08
0.9317759 0.6707678 0.7837218 0.2852366 0.6792955 0.74373114 0.14968938 0.46429682 0.8072267 7.8357205e-15 0.0981395 0.09475362 0.037733283 0.00017486105 0.0062001497 0.94907874 0.8723736 0.911692 0.037617855 0.8802554 0.24631518 0.77893317 0.009780561 0.33621144 0.026399892 0.6377601 0.1708536 0.3267639 0.011272424 0.020226853 0.08137608 0.0065345014 0.30071065 3.415775e-05 0.035220213 0.5001105 0.04307849 4.803523e-05 0.00011571176 0.0018350299 0.0038614662 0.03730214 0.013271944 0.014879663 0.007108605 0.14089026 0.0112536475 0.07315783 0.0011566244 0.0049327146 0.0061328267 0.015662828 0.17330411 0.0015950127 0.040395077 0.008353094 0.010897616 0.028843166 6.7817324e-05 0.00707232 0.01846073 0.0062257345 0.00014795808 1.8573946e-06 2.1170308e-05 0.02838506 0.0027502845 0.00019696903 0.012281151 0.00012147774 0.00091234077 0.047018684 0.00037287542 0.001142088 0.011509836 0.0010726397 0.00083024905 0.0010294807 6.372315e-06 0.00020498245 0.0023961803 1.548698e-05 0.00011635557 0.012916313 3.644711e-05 4.8202246e-06 9.566484e-09 4.193261e-05 1.6703247e-05 3.7153313e-05 1.9391363e-08 7.5534244e-06 0.0029252442 0.0013143083 0.0009823706 9.972647e-05 6.742015e-05 0.00014751498 3.1273518e-07 1.6511173e-06 6.343994e-09
0.885251 0.15253267 0.0089863455 0.9883858 0.24531567 0.2639947 0.00033578236 0.0003212236 0.09760083 0.0981395 1.1784785e-12 1.4202267e-06 0.15088305 0.14348176 0.93692815 0.0030379982 0.0002703718 0.0031883449 1.0856737e-06 0.0017438486 0.032394607 0.001287714 0.43295383 0.0007762011 0.09251976 0.0017363536 0.004907792 0.001202069 0.23191828 1.7796017e-07 3.7613353e-07 2.532334e-07 0.00018330562 1.2726084e-06 1.8126852e-06 2.7545495e-06 0.0020092193 0.0001313905 2.2999248e-07 0.26007268 0.0056234337 0.0034060893 8.8163404e-08 0.005124039 7.155098e-07 4.7068625e-06 1.3882456e-06 1.3135439e-06 4.6519055e-08 1.2552194e-07 0.0006478207 2.5446976e-05 2.0768186e-05 1.1347341e-07 0.00012283317 0.005511026 2.4231056e-07 0.003090804 5.5113507e-08 1.1307328e-07 1.3815364e-06 1.0567749e-07 1.2331127e-05 8.0406966e-07 4.5551483e-06 7.3515025e-07 0.0007411339 0.07475624 7.790918e-07 0.059289988 0.4120301 8.222817e-05 0.4086325 5.350799e-08 2.9869543e-06 1.509473e-07 0.060966514 1.3637907e-08 2.3614481e-09 0.071450815 1.2955869e-05 5.0069247e-09 0.012073638 0.00018728286 1.0956669e-09 0.019988399 1.8627091e-08 0.16757788 3.8637518e-06 0.016715214 2.5243683e-08 2.5531674e-10 0.00038448235 0.003830941 9.248751e-05 0.00010304315 0.0002140086 0.010075245 0.00011995491 1.3325603e-05 6.758505e-06
0.95292 0.010384966 0.08437559 2.5143985e-05 0.0070647635 0.011900609 0.8852895 0.7272624 0.024794564 0.09475362 1.4202267e-06 7.5840094e-13 0.00027474793 7.059199e-07 3.4151933e-06 0.045413613 0.66930276 0.038075864 0.5076957 0.27866304 0.0024233602 0.04057086 8.225987e-05 0.13556208 4.1662925e-06 0.08717136 0.0020299167 0.016381755 5.396601e-07 0.08033452 0.9224741 0.0440577 0.23048224 8.613248e-07 0.07974733 0.04650721 7.571257e-05 1.1491934e-07 2.3926546e-05 1.7377795e-08 1.795555e-05 0.0017730797 0.3834118 6.577451e-05 0.0074325693 0.48522946 0.013310928 0.3765283 0.007906469 0.05535113 8.109305e-05 0.009418058 0.015649099 0.010816755 0.00030600347 5.9054037e-05 0.5840812 0.0016955027 2.3608653e-05 0.24266548 0.45483634 0.22827046 2.2343826e-05 6.043632e-08 6.469881e-06 0.4687871 8.6402986e-05 2.4704542e-07 0.22346526 9.729341e-08 4.4674547e-07 0.062332448 5.390758e-07 0.036687084 0.112736635 0.018515367 7.752763e-05 0.00011800837 0.0004673767 3.865491e-06 0.09808438 2.5649358e-06 1.087664e-05 0.10285137 3.942893e-06 1.9791105e-06 4.1682296e-07 6.264762e-10 2.7513254e-06 1.567401e-06 5.281656e-08 0.00057524815 0.036813192 0.00072882726 0.0025805086 2.899583e-05 2.2958578e-05 5.0424164e-06 1.1742023e-06 3.4753523e-06 2.6455884e-06
0.9274684 0.3567707 0.24348477 0.19458847 0.18840994 0.075829454 0.0077828504 0.0018649304 0.0948968 0.037733283 0.15088305 0.00027474793 9.0945307e-13 0.9546762 0.21821429 0.004389034 0.0053785755 0.004333065 3.3875225e-05 0.0021193472 0.030260567 0.0011120762 0.15591085 0.12243848 0.019723384 0.00015054371 0.7056097 0.06946067 0.7503055 3.673405e-07 0.00011077364 1.5951327e-06 0.0029809333 0.073033504 7.2403277e-06 1.7420567e-05 0.00075773965 0.31183702 0.0063038203 0.4270306 0.0016342993 0.0039453343 7.5671926e-07 0.5010217 1.953093e-06 0.001446875 2.9323678e-06 0.0012560356 2.0334053e-06 6.1485785e-08 2.7649603e-05 9.062653e-05 6.294338e-05 1.1053703e-06 1.5464891e-06 0.5259788 6.658961e-06 0.31461993 0.00039868298 7.8421897e-07 0.00031367686 3.9706315e-06 2.6230897e-05 0.0022398282 0.008250098 0.0018960834 0.25149465 0.15892808 0.0015153565 0.112198554 0.4898249 0.07138772 0.2851763 1.6211681e-05 0.018220473 6.561851e-07 0.29730093 1.8292889e-08 1.9154398e-09 0.06885942 0.0022648394 1.5390493e-09 0.025574198 0.069291286 3.5612794e-07 0.011931228 6.640744e-09 0.00013366567 0.00014333356 0.0017481047 1.0958231e-10 7.6079445e-09 0.008854744 0.001933518 5.2799237e-06 0.00021912526 2.214712e-05 0.00023040533 4.953598e-05 1.2010851e-06 2.8181862e-06
0.35911375 0.008848481 0.021079794 0.006200631 0.00013533948 0.0002821115 8.751387e-06 1.5312265e-06 2.2504182e-06 0.00017486105 0.14348176 7.059199e-07 0.9546762 2.7021995e-19 0.96132696 4.8755715e-09 4.5785182e-08 1.8963588e-09 2.2806809e-08 2.0846666e-05 1.7900827e-08 9.403952e-09 3.6759725e-06 0.0054337485 5.0684994e-06 1.9476616e-08 0.05215368 0.0034130332 0.95513916 2.7544392e-08 3.4056753e-05 1.6298685e-10 0.000985354 0.0037544838 8.570459e-11 2.0811226e-09 7.3528765e-09 0.32976824 0.00013928169 0.91065544 1.0624358e-07 1.6070815e-09 1.3853777e-07 0.03580486 2.4714086e-09 0.0001219575 1.7509307e-09 0.000120970915 5.175413e-11 1.1342964e-08 6.1512817e-10 2.8219056e-08 5.8616905e-08 1.5105767e-10 7.696113e-09 0.045438353 1.6909045e-06 0.006846653 1.996221e-05 5.320479e-07 5.854021e-06 5.3178417e-07 5.739304e-10 0.00027521444 0.00033350883 1.6865635e-05 0.004193073 0.31664023 5.2072005e-06 0.28534156 0.28603944 0.00018768139 0.3996798 1.7852231e-07 1.876888e-05 1.2787282e-09 0.05677026 2.0863888e-09 9.319728e-12 0.07319448 8.585958e-06 7.763631e-11 0.019189112 0.00034669624 3.310027e-08 0.012942763 8.396275e-12 0.029765202 2.0750684e-05 0.002400247 1.975224e-10 2.0920182e-10 0.000115072275 0.000117578464 3.425401e-07 9.0617505e-06 1.3941239e-05 0.0007488842 1.169092e-05 2.2098342e-07 1.919128e-07
0.8945373 0.058933023 0.008297354 0.1041774 0.022941437 0.0105392635 0.00010921831 9.444176e-06 0.008313611 0.0062001497 0.93692815 3.4151933e-06 0.21821429 0.96132696 5.2250943e-15 0.00039870484 2.739903e-05 0.00019659445 1.5640875e-06 3.521223e-05 0.0026941341 5.256734e-05 0.047953364 0.00023292194 0.0020857893 9.851603e-07 0.0026197725 0.0003419013 0.45975527 8.627461e-09 9.758535e-07 8.2477374e-07 6.126913e-05 5.210876e-06 4.8983105e-07 2.1981216e-06 0.00031004666 0.0014377575 6.794517e-07 0.56272924 0.00069077936 0.00083686813 1.0585604e-07 0.024019707 1.2441222e-06 2.4734165e-06 7.1149793e-07 1.8808705e-06 5.7876593e-07 7.708733e-09 3.513498e-05 4.6412047e-06 1.4019361e-06 2.4964518e-07 7.1713266e-08 0.030227285 2.3922686e-07 0.0044934102 5.4369902e-08 4.476946e-08 1.651708e-06 2.4908076e-08 1.5046562e-06 3.4866872e-07 1.0380667e-06 2.2857785e-06 0.004379503 0.35566 2.435209e-06 0.32124376 0.7205818 0.0006004358 0.7622816 8.4183725e-08 3.148449e-05 9.967844e-07 0.14889379 1.6189416e-09 4.5650346e-09 0.46439394 1.9520998e-05 6.565655e-09 0.11613253 0.0027279395 1.1287212e-09 0.18025668 2.1970935e-07 0.35314578 2.5462157e-06 0.037351523 1.5534385e-09 1.1512286e-10 0.0029064724 0.016751288 2.7691138e-05 0.0012600716 0.001479343 0.010863379 0.00031319322 2.0657882e-05 4.7702204e-05
0.92608386 0.15042837 0.3094065 0.0061903624 0.066908464 0.5097792 0.00013691404 0.043295003 0.2930033 0.94907874 0.0030379982 0.045413613 0.004389034 4.8755715e-09 0.00039870484 4.8903744e-15 0.059507165 0.9505527 0.0066446215 0.780499 0.13800846 0.8619268 0.00046346188 0.19591725 0.0016047976 0.83677655 0.082171015 0.20824653 0.00036176702 1.2267343e-05 0.018815143 2.3220035e-05 0.1774069 1.5116468e-09 0.00030699963 0.008486225 0.05438608 2.707735e-08 4.1285255e-09 1.5432663e-05 0.0019490537 0.23467532 0.00035104115 0.0048768516 0.000101427235 0.053221475 4.4768374e-05 0.018640764 3.4876124e-05 0.00036557287 0.039016847 0.1331781 0.1385492 0.00012877716 0.11889671 0.0026024622 0.00041319986 0.038010262 2.7413973e-09 0.0003975008 0.0074163876 0.00063966523 0.004638727 6.4115806e-09 8.3489745e-08 0.012442856 0.000628844 1.3190844e-05 0.0028331126 6.5288764e-06 0.00016431455 0.03432564 2.7519674e-05 2.2664066e-05 0.0073106354 6.403173e-07 0.0005836047 1.463804e-06 1.4838827e-09 4.09316e-05 0.00031721004 1.5057405e-07 1.0196711e-05 0.014198998 1.9825512e-09 1.131255e-05 2.6245506e-09 6.557927e-11 5.8812304e-07 4.862957e-06 3.7819586e-08 2.3907705e-07 0.0051111714 0.00020053865 0.00026778335 5.0722014e-05 6.033086e-05 1.3066359e-06 6.6750886e-07 3.020592e-07 2.55584e-08
0.9349063 0.061566055 0.3602749 0.00032384243 0.0048286305 0.1466109 0.1702035 0.8094053 0.018559959 0.8723736 0.0002703718 0.66930276 0.0053785755 4.5785182e-08 2.739903e-05 0.059507165 1.3115677e-11 0.057880193 0.92949796 0.90201855 0.012764738 0.1052267 0.000909174 0.08785948 0.00019116398 0.49271405 0.026194196 0.076515004 4.4448672e-05 0.8450294 0.38791776 0.47048998 0.1800941 5.877655e-08 0.9305907 0.81462514 0.00043905666 3.7670722e-07 1.5047686e-07 4.851562e-06 0.00029476627 0.03757104 0.3153902 0.0030342226 0.36293045 0.28250486 0.40947354 0.15906596 0.11314917 0.45709956 0.0027985522 0.17200471 0.4121567 0.13620178 0.012366181 0.0008965249 0.3026938 0.009139658 1.4308709e-07 0.43785423 0.48699203 0.41558474 0.00059875497 2.9865756e-08 9.0044927e-07 0.23411815 0.0009455992 3.221779e-05 0.08321187 9.646505e-06 0.00022216796 0.03615922 3.0312056e-05 0.036577407 0.04982743 0.009101175 0.00024155255 0.01630203 0.003261703 0.00012993976 0.014279362 0.00016371047 7.362351e-05 0.024154842 7.412331e-08 3.4099685e-05 2.1318604e-06 8.686018e-11 4.6167347e-06 6.177202e-06 1.1003376e-06 5.056263e-05 0.009053394 0.00014199194 0.0038347936 2.916222e-05 9.697176e-07 1.5556714e-05 2.9307433e-08 3.9240146e-07 6.471278e-09
0.9225816 0.13963082 0.25292003 0.005160646 0.056977898 0.40791237 3.5681536e-05 0.034747094 0.28124648 0.911692 0.0031883449 0.038075864 0.004333065 1.8963588e-09 0.00019659445 0.9505527 0.057880193 5.4689245e-14 0.0066448976 0.77423805 0.17014307 0.95521414 0.00020299738 0.1558611 0.0015652875 0.8749042 0.070570335 0.16092116 0.00023785095 4.6706477e-06 0.0149302455 2.5758674e-05 0.14300211 9.276465e-10 0.00026231786 0.007059237 0.09124198 1.4866199e-08 3.317262e-09 8.558645e-06 0.0016322674 0.36844298 0.00031447926 0.005291818 7.062755e-05 0.04517466 4.016147e-05 0.016537588 2.6418937e-05 0.00019101585 0.07077667 0.18032023 0.21481647 0.00013296121 0.19185606 0.0027843232 0.000250857 0.03338577 2.2073128e-09 0.00024961797 0.006240604 0.0004907953 0.0051318635 2.752274e-09 5.079764e-08 0.009526195 0.0004586584 4.365109e-06 0.0029781172 2.317761e-06 9.979534e-05 0.0283243 1.9029409e-05 1.52862e-05 0.0043690843 2.458076e-07 0.0005695584 2.0114371e-06 4.5473827e-10 7.137448e-05 0.00013315154 6.506332e-08 1.1849808e-05 0.008402329 1.2463673e-09 1.2248673e-05 1.3775466e-09 1.1544538e-11 2.3533794e-07 1.2993901e-06 3.766007e-08 7.8824085e-09 0.0028819765 3.0878797e-05 0.0001618032 1.0084943e-05 5.304763e-05 3.8037533e-07 1.8742031e-07 5.6227115e-08 6.686435e-09
0.9062219 0.0010617786 0.019188048 1.1041693e-06 0.00014573464 0.0040813065 0.7656176 0.83898157 0.0008726048 0.037617855 1.0856737e-06 0.5076957 3.3875225e-05 2.2806809e-08 1.5640875e-06 0.0066446215 0.92949796 0.0066448976 3.1456518e-11 0.117993586 0.00017736708 0.008402658 3.800878e-05 0.012770424 3.1698746e-06 0.023907548 0.0030766113 0.0043184017 8.6334296e-07 0.7245319 0.47645923 0.7816404 0.018894099 2.3050983e-07 0.67424554 0.12282819 2.2159142e-05 7.804992e-08 1.525699e-06 3.6855886e-07 1.5233838e-05 0.0013255896 0.868599 0.00011419018 0.14164181 0.070676684 0.80015296 0.055021454 0.037407953 0.91242033 3.0978936e-05 0.0038209471 0.032600325 0.03514546 2.1999891e-05 6.178785e-05 0.60744977 0.00087879394 1.7580178e-06 0.6647659 0.46351087 0.5786985 5.131002e-05 6.868832e-08 1.2026462e-06 0.1380014 3.2647775e-05 1.0843855e-06 0.08750044 3.969857e-07 2.2987014e-07 0.010105359 3.2595355e-07 0.1228603 0.016106999 0.043518346 1.773631e-05 0.01945311 0.02211525 1.943048e-06 0.05286573 0.0013187021 5.4262155e-06 0.017676737 1.6407355e-06 1.1222261e-06 0.00013445693 2.9468598e-11 8.56423e-08 1.0523018e-07 3.2565527e-05 0.0007771503 0.018297475 4.428377e-06 0.0035775 9.6406375e-06 9.25026e-07 5.2213403e-07 8.077866e-09 6.705785e-07 3.9149366e-08
0.98368967 0.05141143 0.36390865 0.0052299397 0.04174576 0.10821032 0.013214603 0.5074634 0.049788278 0.8802554 0.0017438486 0.27866304 0.0021193472 2.0846666e-05 3.521223e-05 0.780499 0.90201855 0.77423805 0.117993586 3.6492562e-11 0.026111124 0.81974065 0.0003864837 0.35570464 0.0020229954 0.9540548 0.08993572 0.33692467 0.00013425245 0.007221372 0.37631753 0.011426365 0.5925351 1.1455081e-05 0.12596753 0.93159336 0.005861985 1.7546241e-06 4.547355e-05 1.3636927e-05 0.00033744416 0.019628044 0.03441771 0.0018736905 0.043814648 0.4678752 0.0060630394 0.27167982 0.029129954 0.009405578 0.005864714 0.047528166 0.7746309 0.029875917 0.07211495 0.0008194256 0.04861899 0.012997962 2.0380365e-05 0.06840801 0.26559094 0.09686876 0.0004240894 1.2090632e-06 7.7681525e-06 0.1923661 0.00025888399 6.844347e-05 0.06730133 3.298414e-05 0.00047078144 0.050769467 0.00017527996 0.005880945 0.052059557 0.0016107074 0.00013444912 0.00041790467 1.6938411e-05 0.00015757403 0.0140679795 0.00011849951 6.890651e-05 0.07124153 4.698528e-05 6.5291006e-06 2.7452713e-06 3.6144113e-06 1.7843635e-05 5.2168484e-06 4.4695535e-06 0.00015611385 0.014115284 0.00046350562 0.0019043706 0.00013956717 1.6072992e-05 1.83465e-05 1.06013026e-07 3.1788005e-07 3.6457448e-10
0.8866557 0.27599496 0.10310726 0.16117643 0.5931025 0.43191424 1.0693114e-07 0.0035292415 0.84533924 0.24631518 0.032394607 0.0024233602 0.030260567 1.7900827e-08 0.0026941341 0.13800846 0.012764738 0.17014307 0.00017736708 0.026111124 4.200366e-14 0.16588427 0.6660843 0.04257035 0.91187483 0.061801 0.05952917 0.09802488 0.002196096 9.786647e-08 0.00034253558 1.1997497e-07 0.014499243 2.0056072e-09 3.5885628e-06 8.787314e-06 0.93249404 1.138893e-07 1.0445238e-09 0.00019080754 0.9188761 0.6227439 1.7448616e-05 0.00275971 1.8624622e-06 0.00089151884 5.2408615e-07 0.00022305215 1.4226858e-06 1.2610449e-05 0.23553689 0.009668482 0.0019929647 2.2031818e-06 0.12957126 0.0019573364 1.2725156e-05 0.027046341 1.3514023e-09 1.4089776e-05 0.00025753013 3.0088933e-05 0.035803802 1.245693e-08 3.095587e-07 0.0004583499 0.00045385538 0.00010921018 0.00016220273 8.1611535e-05 0.002298582 0.0071712686 0.00044437955 8.833253e-07 0.00017592135 6.1317145e-08 0.0026026433 5.7208947e-08 2.0680675e-10 0.00019884546 6.736276e-05 1.7283853e-08 0.00019618635 0.0014388735 2.7257145e-09 0.0001653907 4.3359183e-09 3.7241157e-10 6.8881604e-07 2.9459386e-05 9.158765e-09 3.069923e-08 0.0020412793 0.00013512679 2.3796087e-05 1.2367472e-05 2.146459e-06 3.5523215e-05 9.669821e-09 8.246639e-08 2.1984652e-08
0.88485694 0.12220634 0.17845431 0.0022395581 0.036615614 0.16774237 5.0691474e-06 0.057774708 0.14062382 0.77893317 0.001287714 0.04057086 0.0011120762 9.403952e-09 5.256734e-05 0.8619268 0.1052267 0.95521414 0.008402658 0.81974065 0.16588427 1.2389651e-13 0.00010488598 0.12205429 0.0006579691 0.95940787 0.030249108 0.14963466 3.6999434e-05 2.5643756e-06 0.014228542 0.0001223802 0.13863495 3.8607655e-09 0.00088479364 0.03336706 0.17361356 4.4719275e-08 3.0669656e-09 3.4378586e-06 0.0018998511 0.63709 0.0003381308 0.001172051 0.00041483823 0.04570407 0.00029934308 0.014431634 4.8274866e-05 0.00031177467 0.17477283 0.53660107 0.5163129 0.00021765174 0.4219976 0.00042976925 0.0003037426 0.017449992 6.9872075e-10 0.00025586135 0.0066896672 0.0006107143 0.008189909 4.337515e-09 3.35476e-08 0.0070892256 0.00016262342 9.1536225e-07 0.0016716362 9.0570455e-07 7.1226445e-05 0.023145206 5.879921e-06 2.9539959e-05 0.0029479875 2.2895344e-07 0.0003501593 4.804973e-06 6.0858043e-09 2.128471e-05 9.7991484e-05 6.6088035e-08 7.0475594e-06 0.0059070145 5.405612e-10 3.992457e-06 8.131909e-09 1.482085e-11 8.3874404e-08 1.9763858e-07 3.192403e-08 3.5685087e-08 0.0013565955 3.4683662e-06 7.338825e-05 1.7772959e-06 3.2564826e-06 3.296986e-07 8.741893e-08 6.3685204e-09 2.6563591e-09
0.7957675 0.33412668 0.009964999 0.8289527 0.21344475 0.040301625 5.623119e-08 2.5602303e-05 0.12791345 0.009780561 0.43295383 8.225987e-05 0.15591085 3.6759725e-06 0.047953364 0.00046346188 0.000909174 0.00020299738 3.800878e-05 0.0003864837 0.6660843 0.00010488598 4.353517e-14 0.0016381957 0.9951421 0.0001702456 0.023248378 0.003183567 0.09889615 2.1083155e-08 5.7157005e-05 2.4598467e-07 0.00040273526 1.9960561e-08 5.04403e-07 5.553306e-06 0.021001061 4.5325196e-06 6.2673102e-09 0.025981843 0.7146547 0.00046541335 1.5385821e-06 0.004335522 1.3096551e-06 2.4589628e-05 1.3216714e-06 2.4929144e-05 2.3674643e-07 4.1131498e-06 0.00019369961 1.6852628e-05 2.0626916e-05 3.5390153e-07 3.4125056e-05 0.0026983574 5.690705e-06 0.0046906704 1.985908e-09 1.4009725e-06 2.9051685e-05 1.1058185e-06 0.00015242594 3.23033e-08 1.7547505e-07 8.984957e-06 0.00087019894 0.0045713657 4.1329126e-06 0.003348579 0.06184527 0.00078025035 0.025323305 1.7531481e-07 1.2179635e-05 4.393604e-08 0.01399024 1.1474526e-08 2.0318697e-10 0.0054310285 9.872152e-07 1.0222156e-08 0.002284297 4.0157334e-05 5.4301474e-09 0.0022186697 4.3180504e-09 2.1370115e-05 2.603944e-06 0.0014464728 1.0903299e-09 1.0616908e-10 0.0009909488 0.00027830224 6.056534e-06 5.685164e-05 4.6726614e-06 0.00020867861 4.1379803e-06 3.1316358e-08 1.9241815e-08
0.95703787 0.3620919 0.85087925 0.008684667 0.29301962 0.27700672 0.28632206 0.13124247 0.28512815 0.33621144 0.0007762011 0.13556208 0.12243848 0.0054337485 0.00023292194 0.19591725 0.08785948 0.1558611 0.012770424 0.35570464 0.04257035 0.12205429 0.0016381957 6.568034e-13 0.002083827 0.16707651 0.8626843 0.9336646 0.0014009811 0.0007087964 0.10896124 0.0002809476 0.9206502 0.3507006 0.0005178873 0.0011792581 0.0015198757 0.018185206 0.60120916 0.00010157137 0.00011920465 0.038079806 9.613805e-05 0.13994268 2.28617e-05 0.30489597 0.0001335282 0.26372552 8.449889e-06 6.053826e-06 0.0029801629 0.009563903 0.0011461464 1.43613015e-05 0.012381645 0.061464347 0.00054975064 0.1820734 0.080005705 6.287636e-05 0.007780172 6.548023e-05 7.516873e-05 0.00051040034 0.013169633 0.0523644 0.02555401 5.647995e-05 0.023381783 5.0341834e-05 8.39556e-05 0.23728722 4.7039885e-05 0.00016576478 0.089783505 5.0865925e-05 0.004298195 6.504333e-08 1.0516416e-07 0.0006619121 0.00548453 1.447569e-09 0.0006207847 0.08574394 0.0002194743 0.00031175683 4.6737014e-09 5.195769e-07 0.001055263 9.000908e-06 4.0353347e-09 2.4010722e-06 0.013616902 0.00020479994 3.6783415e-05 7.759253e-06 1.9346046e-05 9.361209e-07 6.1049504e-06 1.0504984e-06 8.979362e-08
0.12821293 0.066221066 0.013147879 0.54566365 0.1881731 0.04153001 1.5776482e-06 7.825508e-05 0.28623462 0.026399892 0.09251976 4.1662925e-06 0.019723384 5.0684994e-06 0.0020857893 0.0016047976 0.00019116398 0.0015652875 3.1698746e-06 0.0020229954 0.91187483 0.0006579691 0.9951421 0.002083827 5.813198e-17 0.00047952 0.008323592 0.0040429994 0.008679741 4.177289e-08 1.5159094e-06 2.006718e-08 0.00027165943 4.311689e-09 6.665912e-08 1.9061373e-07 0.38132295 2.6610211e-08 8.3874365e-09 0.0034743003 0.9384701 0.0040180683 2.398114e-07 0.0025600644 2.3962855e-07 2.3938403e-06 1.1209987e-07 4.6635682e-07 2.9839278e-08 2.3380203e-07 0.0014631153 8.8756686e-05 1.6332133e-05 1.16665724e-07 0.0007482817 0.002400983 3.327465e-07 0.0026840826 1.28376e-09 1.3486563e-07 6.4023305e-07 1.0054164e-07 0.0014447579 3.0756175e-09 2.611554e-08 3.7071305e-07 0.00011234598 0.00029907454 1.576515e-07 0.00020447913 0.0033088503 5.0387025e-05 0.0014371983 3.390921e-08 4.6808967e-07 5.182145e-09 0.0010184514 4.5484776e-09 4.4053792e-11 9.0052396e-05 7.582305e-09 2.5322853e-09 5.451895e-05 3.4271034e-05 6.2738774e-09 2.2979102e-05 1.9677926e-11 3.2786447e-06 1.6513661e-06 9.170233e-05 1.972981e-09 1.0799228e-10 0.00029043638 4.6630656e-05 1.0851785e-05 1.01569285e-05 1.9418745e-05 1.9446272e-06 4.4070737e-07 1.377395e-08 1.5417075e-10
0.9068806 0.043881543 0.16511124 0.006640928 0.06864893 0.10128772 0.0007713014 0.18164779 0.103613354 0.6377601 0.0017363536 0.08717136 0.00015054371 1.9476616e-08 9.851603e-07 0.83677655 0.49271405 0.8749042 0.023907548 0.9540548 0.061801 0.95940787 0.0001702456 0.16707651 0.00047952 3.0438317e-15 0.020324057 0.13509382 3.50081e-06 0.00042794313 0.063310765 0.0054360605 0.2923006 3.5820523e-08 0.021038372 0.7975649 0.024427436 3.8335792e-09 5.6597924e-07 9.453015e-08 0.00048883195 0.118303835 0.004979058 0.00028042265 0.008770119 0.18744354 0.0024248306 0.08663169 0.0027207935 0.0012389442 0.0210864 0.23531982 0.88991296 0.0045780214 0.11950412 2.4987005e-05 0.004844412 0.003429872 2.9485835e-07 0.007819802 0.03669311 0.014671108 0.0022480492 1.2660286e-09 2.7159231e-08 0.029333577 1.0879348e-05 9.221997e-08 0.0084867915 5.5577562e-08 1.1227137e-05 0.014082396 2.4181622e-06 0.00022031502 0.005860705 9.980235e-06 1.6807132e-06 3.5025285e-05 3.7738445e-08 3.1037944e-06 0.0013315955 1.7716648e-07 1.9310578e-07 0.007639293 8.825262e-07 5.452432e-08 1.7332769e-09 7.1540684e-09 1.2327839e-06 1.2415745e-07 2.7120665e-08 3.0485374e-08 0.0029836406 2.2549489e-06 0.0001001696 2.7237968e-07 4.6382265e-06 5.804336e-07 4.784679e-10 2.700123e-08 4.7586175e-12
0.96662563 0.513615 0.684992 0.05187439 0.41689265 0.22114664 0.07901157 0.020378914 0.31776905 0.1708536 0.004907792 0.0020299167 0.7056097 0.05215368 0.0026197725 0.082171015 0.026194196 0.070570335 0.0030766113 0.08993572 0.05952917 0.030249108 0.023248378 0.8626843 0.008323592 0.020324057 3.7160057e-14 0.8759897 0.11388702 6.211918e-05 0.002399247 3.1168056e-05 0.42666543 0.90498894 2.981321e-05 0.00013093105 0.0017147944 0.29417402 0.67402214 0.011310662 0.00031654764 0.01775624 3.3538456e-06 0.69466525 7.4468517e-06 0.06089651 5.425272e-05 0.044876453 3.7946684e-06 1.2778573e-06 0.00055493147 0.0010246217 0.00019195354 5.0873714e-06 0.0018676401 0.52952033 3.453242e-05 0.55609107 0.08634139 3.852621e-06 0.0013966789 4.4960893e-06 6.952634e-05 0.008670768 0.06641226 0.01687582 0.20765914 0.0013384336 0.010189168 0.00087809056 0.0034866978 0.22011156 0.0010598857 2.8976148e-05 0.05278906 6.949817e-07 0.04765411 2.418095e-08 1.8632447e-09 0.0050411113 0.0031757404 1.004652e-10 0.003144433 0.08004412 6.971537e-05 0.0017986159 2.2835918e-09 5.3541935e-06 0.0017896877 0.0001273802 3.653409e-10 7.708178e-08 0.017045647 0.0003398082 4.5932134e-06 5.9588256e-05 5.3910353e-05 2.8229919e-05 4.642477e-05 8.6474876e-07 4.907423e-07
0.97112393 0.43210375 0.74083096 0.016463008 0.33033675 0.3016502 0.13165717 0.046513602 0.30142233 0.3267639 0.001202069 0.016381755 0.06946067 0.0034130332 0.0003419013 0.20824653 0.076515004 0.16092116 0.0043184017 0.33692467 0.09802488 0.14963466 0.003183567 0.9336646 0.0040429994 0.13509382 0.8759897 2.1400824e-13 0.002001947 0.0005022193 0.026413944 4.7555448e-05 0.7694351 0.56563723 0.00033568763 0.001602991 0.005714665 0.026046386 0.81905824 0.00015678062 0.00021413476 0.05961183 2.4735733e-05 0.086974144 2.8457951e-05 0.14977895 4.111046e-05 0.10384823 1.7631026e-05 4.8782204e-06 0.0058334763 0.011666997 0.001689786 4.793428e-05 0.0152582675 0.056816418 0.00015201049 0.20577894 0.111627705 1.4349036e-05 0.0020029754 1.0940516e-05 0.00016682607 0.0015290531 0.018492496 0.029818615 0.026349882 5.6401474e-05 0.012368699 4.206759e-05 4.9136335e-05 0.2539039 2.094477e-05 4.5954937e-05 0.07884356 8.826091e-06 0.0038467897 1.2692406e-07 5.143259e-09 0.0005887827 0.0036931275 1.6373972e-09 0.00039652357 0.07766615 0.00036271376 0.00034682834 5.001933e-09 3.0459335e-06 0.0011686623 2.6841988e-05 1.9222475e-09 1.3161608e-06 0.015981928 0.00072201487 2.027922e-05 5.6786026e-05 0.0001960799 1.8916233e-05 3.64501e-05 2.6615035e-06 3.071116e-07
0.95148784 0.1280566 0.026869947 0.13000996 0.080191046 0.03651389 0.00030309963 3.020782e-05 0.04630719 0.011272424 0.23191828 5.396601e-07 0.7503055 0.95513916 0.45975527 0.00036176702 4.4448672e-05 0.00023785095 8.6334296e-07 0.00013425245 0.002196096 3.6999434e-05 0.09889615 0.0014009811 0.008679741 3.50081e-06 0.11388702 0.002001947 3.076801e-14 3.1563903e-08 8.743711e-08 3.6678795e-08 5.9675946e-05 0.13687722 1.8637388e-07 3.84251e-07 3.3332264e-05 0.8790402 0.004927625 0.9588495 0.00031132397 8.4861116e-05 1.0375266e-09 0.3566757 1.1542227e-07 3.927349e-06 9.5951236e-08 1.6858309e-06 1.1105578e-07 2.9530112e-10 1.1279493e-06 5.5129917e-06 6.6169997e-07 8.559852e-08 2.2553401e-08 0.6343406 6.003578e-09 0.21892098 0.00050813105 5.3923817e-09 9.121911e-07 6.243806e-09 2.733748e-07 0.0076019303 0.006904498 4.4254725e-06 0.25419894 0.5440258 3.8578532e-06 0.44829753 0.7968843 0.0065375157 0.6535822 9.194577e-09 0.00028498023 6.3830163e-09 0.47191232 5.797396e-10 3.052396e-11 0.21544568 9.041416e-05 1.0436645e-11 0.05882204 0.015450976 2.485031e-07 0.03778802 6.198522e-10 0.0014166434 0.00064931513 0.0070217815 1.2063255e-10 3.2221688e-09 0.0075663636 0.0031006378 1.3655854e-06 0.0002076378 0.00023473491 1.2907231e-05 0.00020906703 6.3244133e-06 1.702987e-06
0.7650007 0.00012050228 0.003009535 3.431116e-07 2.0407011e-05 0.00014792634 0.002216742 0.10104194 3.0746191e-06 0.020226853 1.7796017e-07 0.08033452 3.673405e-07 2.7544392e-08 8.627461e-09 1.2267343e-05 0.8450294 4.6706477e-06 0.7245319 0.007221372 9.786647e-08 2.5643756e-06 2.1083155e-08 0.0007087964 4.177289e-08 0.00042794313 6.211918e-05 0.0005022193 3.1563903e-08 8.5484666e-15 0.042811114 0.9845547 0.0043520285 1.3088216e-07 0.8408615 0.021467527 2.4701563e-08 2.2671156e-07 4.2260078e-07 3.9699097e-09 2.3538767e-08 3.5472617e-08 0.149982 8.154373e-06 0.14423032 0.014234962 0.848782 0.009254376 0.003501466 0.42920974 2.7690147e-08 1.5002587e-06 0.00017602187 0.0014127996 9.287864e-07 4.848162e-06 0.07753215 0.00022720672 3.5321372e-07 0.13781205 0.12706895 0.14228691 6.46638e-09 1.7502629e-07 2.940046e-06 0.057300504 5.838126e-06 5.296051e-08 0.025774533 2.1956113e-08 2.8112179e-06 0.000795954 1.1279799e-07 0.014230347 0.0035256338 0.0041515403 1.6871924e-07 0.01602197 0.0021399157 3.2876764e-07 0.016587976 4.3339758e-05 1.1236466e-07 0.0022082946 2.185982e-06 4.4073505e-09 6.6000905e-07 3.1247325e-08 1.0468331e-06 5.4709965e-08 1.0058294e-06 1.4733879e-06 0.005438743 7.953553e-06 0.00032479473 6.125572e-06 9.275529e-06 3.989568e-06 1.4389886e-07 1.466095e-08 2.9562953e-11
0.9813353 0.020358397 0.20169234 1.881327e-05 0.004363178 0.02087168 0.729595 0.7847613 0.0066239797 0.08137608 3.7613353e-07 0.9224741 0.00011077364 3.4056753e-05 9.758535e-07 0.018815143 0.38791776 0.0149302455 0.47645923 0.37631753 0.00034253558 0.014228542 5.7157005e-05 0.10896124 1.5159094e-06 0.063310765 0.002399247 0.026413944 8.743711e-08 0.042811114 5.1088484e-11 0.058885228 0.4103604 0.00035420273 0.03503799 0.0251826 1.6960865e-05 1.4862353e-05 0.0137766 2.2360526e-08 6.613104e-06 0.0003978197 0.31243917 0.0001415933 0.0047114817 0.6852433 0.010442388 0.6659232 0.0034462279 0.05836916 0.00011150305 0.011851573 0.00839133 0.004484354 0.0009270927 4.557588e-05 0.5635031 0.001761233 0.0061620697 0.13792962 0.8242258 0.21084844 7.4350082e-06 1.9608383e-06 0.00020053712 0.7262248 0.00015936988 2.2928774e-07 0.5078233 1.4349773e-07 6.3928803e-07 0.06986997 1.972648e-07 0.06571331 0.17155068 0.0042383308 4.9098722e-05 2.9609682e-05 0.00025565768 9.022205e-06 0.107909635 3.5612453e-07 8.32662e-05 0.14175393 0.0009798416 3.8112335e-05 3.7921936e-08 7.390601e-09 0.0001026099 1.7163721e-07 1.4925893e-08 0.00023056645 0.03894071 4.623302e-05 0.001900034 1.1944673e-05 1.3916186e-05 8.503306e-06 3.4580663e-07 1.147549e-06 4.1370387e-07
