3.996718e-11 0.98716575 0.96963465 0.99353683 0.9926658 0.9883413 0.9927243 0.9855602 0.96746564 0.8861426 0.90133816 0.9977699 0.9100939 0.8121875 0.8509604 0.7495264 0.95093066 0.9588153 0.993123 0.94862485 0.97490287 0.9782455 0.9701282 0.9719926 0.95381385 0.9809267 0.96151245 0.9766008 0.9851023 0.9399263 0.9624592 0.99947035 0.99046004 0.9786154 0.9928645 0.4677687 0.9733688 0.999747 0.918461 0.9466172 0.96078116 0.99535275 0.9685215 0.90688103 0.98986006 0.95873445 0.9103465 0.8519325 0.88190055 0.68987125 0.9059428 0.7215974 0.9279402 0.91123015 0.9637198 0.8424085 0.8688316 0.932414 0.92861164 0.99999875 0.66341776 0.9412637 0.76672184 0.94834244 0.6439844 0.8798542 0.4220342 0.49128288 0.7720558 0.5716241 0.8615866 0.93082744 0.98627526 0.9287733 0.28895584 0.2894345 0.83010304 0.8929327 0.91802657 0.7744828 0.9002088 0.116831675 0.12533501 0.19894244 0.076418914 0.23589125 0.5222954 0.7768851 0.37253836 0.07206203 0.04064052 0.9997541 0.009645093 0.06753493 0.9960675 0.9996684 0.90575576 0.7709063 0.6139308 0.585944 0.33089346
0.98716575 4.363882e-15 0.97858113 0.4312277 0.5668702 0.02415251 0.59421325 0.30337888 0.00574864 0.011011609 0.007846575 0.012856807 0.5921132 0.6486538 0.5919394 0.5263978 0.047987092 0.09725925 0.0064570415 0.041614078 0.23794955 0.0271006 6.272376e-05 5.6703222e-05 0.30199188 0.00051306374 0.022855641 0.00017855219 9.113355e-05 0.3540558 0.009036884 0.100984015 3.574262e-06 6.728732e-05 0.00037403742 0.0101755485 1.2984473e-08 0.10116342 8.353339e-08 1.4977683e-08 3.5267195e-08 0.0015932925 0.019732943 5.2066685e-08 0.0021354835 4.5870038e-05 0.009838239 1.4269993e-07 0.062142976 5.037158e-08 0.0019276045 1.3224655e-10 0.0016093915 4.4250985e-05 0.028929591 0.0017890726 0.0047134347 0.00068927155 0.016840748 0.034950793 1.0441963e-07 0.008991369 4.8122985e-07 0.0038044283 2.4903704e-08 0.013775974 9.6823424e-11 1.0772541e-11 0.0008133606 7.617928e-07 5.2461613e-09 0.0011246064 0.00012624268 0.0009246507 4.5477383e-10 1.2308662e-07 0.0012497681 0.00047792116 4.484189e-06 3.086509e-06 0.0010682954 0.00013127636 1.9992644e-08 1.36838e-07 1.1332395e-05 1.5279931e-05 1.6483727e-05 7.827654e-06 1.3339512e-05 2.0780876e-06 3.0139404e-08 0.010350908 2.6610367e-06 1.6663115e-11 8.2318957e-07 0.0010702986 0.0012441463 9.2516624e-05 0.001358691 0.0010375794 8.3945715e-06
0.96963465 0.97858113 1.9064086e-16 0.8428727 0.5942628 0.1748921 0.8111783 0.27331924 0.048058502 0.03321849 0.034333427 0.20390637 0.83312106 0.37002847 0.44853407 0.21847825 0.10341988 0.0077222553 0.12962149 0.14469017 0.04301774 0.014141699 0.015281166 0.009004155 0.0071041216 0.008739511 0.008623926 0.0069361674 0.00956978 0.006878072 0.019483458 0.30418456 0.0002586382 5.522081e-05 0.014313816 0.0008478111 1.3418453e-05 0.1047891 1.786228e-05 1.3877977e-05 2.9228653e-05 0.0017364976 5.0721523e-05 1.9096028e-06 0.0031971533 1.3660218e-06 2.6325375e-07 4.6097503e-07 0.00021325497 7.304495e-06 4.6469868e-05 1.2174007e-08 3.067105e-06 6.1304604e-07 4.0165282e-06 9.1924903e-07 4.979625e-07 1.004506e-07 1.1321307e-06 0.040845037 4.82793e-10 7.172828e-05 5.045401e-07 2.434646e-05 1.0726483e-09 1.9888402e-07 5.9789014e-11 9.266063e-11 0.0006684007 1.944387e-09 1.7659171e-06 1.0556745e-08 3.3424335e-06 5.4779266e-09 1.7938618e-09 1.2066712e-09 4.8077183e-08 4.5759494e-09 9.676537e-09 4.9622124e-09 2.6737961e-08 5.216218e-09 1.4770823e-10 3.253167e-10 2.314971e-08 2.6103029e-09 4.904361e-10 9.786978e-09 4.894383e-09 2.4041305e-10 2.06733e-10 0.021760574 6.384495e-11 1.702441e-10 1.202867e-05 0.0018844147 0.0025068684 0.00029443082 0.006680563 0.0001206711 7.175089e-06
0.99353683 0.4312277 0.8428727 1.4680612e-13 0.615294 0.0027343014 0.08309203 0.55562204 0.0006468126 0.0013518261 0.0008239684 0.051344898 0.79355353 0.4456338 0.9185663 0.798325 0.012752742 0.03341614 0.048771337 0.009941733 0.5633503 0.18230292 0.00087966514 0.0010721196 0.19830553 0.030883394 0.15080668 0.0024540713 0.0015484935 0.30722967 0.00338766 0.157795 5.0937142e-05 0.0007754472 0.0012484787 0.007270965 7.5051e-08 0.019025119 7.905883e-07 9.770141e-08 9.799499e-08 0.002215217 0.122916 7.4828483e-07 0.00072638365 0.00054922 0.007523224 1.0000074e-06 0.16953939 8.604377e-08 0.01578029 9.232772e-11 0.010014129 0.00049342436 0.11100585 0.002855597 0.009955988 0.0047683404 0.061674096 0.050648168 1.3801088e-06 0.06289486 5.097038e-05 0.02903667 5.721088e-07 0.062422056 5.8927024e-10 8.424079e-11 0.00015220573 2.2056001e-05 6.774227e-07 0.028766453 0.0072428975 0.02648982 6.2014234e-09 2.78547e-06 0.005168213 0.009025931 0.001668563 0.00037735747 0.01940123 0.0019711487 9.849789e-07 5.379975e-06 0.00021865244 0.0007714466 0.002590065 0.00015059096 0.00022231144 0.0002469464 5.257908e-05 0.0051195426 7.710491e-05 2.5279795e-10 1.9902976e-05 0.00047509617 0.0012911633 8.240017e-05 0.0011289528 0.0012559429 4.2718952e-06
0.9926658 0.5668702 0.5942628 0.615294 5.5566154e-14 0.04849388 0.44113445 0.7841531 0.013164194 0.016269999 0.010404554 0.02085419 0.25875792 0.9026837 0.7332268 0.88770825 0.036573235 0.1837169 0.008224226 0.024819246 0.53100526 0.058957636 4.365585e-05 4.4630517e-05 0.5886499 0.0007612947 0.061408855 0.000261012 0.00015026012 0.5639756 0.010847818 0.058754582 2.1797534e-06 3.0296105e-05 0.0002178245 0.05667128 7.301935e-09 0.0128961215 7.417083e-08 1.1278029e-08 3.4673175e-08 0.0001574016 0.025231786 5.7631578e-08 0.0018988749 3.5089604e-05 0.052694272 4.5989985e-08 0.12631507 1.4769767e-08 0.0024294565 2.9027725e-11 0.0027245013 4.388372e-05 0.05014011 0.008789758 0.0117325885 0.0006412383 0.036050674 0.025428405 8.3548365e-08 0.021679107 1.6099847e-06 0.010027681 3.8898907e-08 0.030433934 7.7885215e-10 3.649869e-11 0.00030917945 9.744547e-07 7.485571e-08 0.0029087462 0.0006318081 0.003314665 1.5889523e-09 2.4306416e-07 0.004376009 0.00065187074 1.3952545e-05 9.635407e-06 0.002118928 0.0024031056 1.10958815e-07 4.7484158e-07 8.093489e-05 3.3662545e-05 5.6973277e-05 2.2432709e-05 3.3566183e-05 4.305076e-06 1.4225236e-07 0.0038821346 5.654438e-06 2.8453864e-10 4.933065e-06 0.00048242876 0.00090460014 6.0243416e-05 0.00068498 0.0001318236 6.9629223e-06
0.9883413 0.02415251 0.1748921 0.0027343014 0.04849388 1.1303785e-12 0.8785184 0.023366941 0.94260746 0.83689415 0.7678458 0.00010454384 0.011513145 0.81906545 0.015329165 0.11415886 0.74326 0.80289924 4.046484e-05 0.39771488 0.0035150668 3.957908e-05 2.5508203e-07 4.2138296e-07 0.7899215 2.269938e-06 5.4001022e-05 2.3855696e-06 1.2883698e-06 0.5491667 0.11714653 0.0024335678 5.948304e-07 7.8120183e-07 4.5477063e-05 0.35118067 4.6472678e-08 0.049126357 2.2034409e-07 8.568199e-08 1.391957e-07 0.00026495403 0.0011353665 7.548124e-08 0.009231794 1.8081375e-06 0.7825577 4.2063437e-08 0.0372319 5.2393247e-08 0.0009960927 8.0195836e-11 6.111585e-06 6.817579e-07 0.015622041 0.36362857 0.071789436 0.00032780322 0.017793974 0.0076795635 6.1676393e-09 0.010923108 2.730792e-06 0.0012684434 1.0058212e-07 0.008304412 1.8383849e-10 9.5529806e-11 0.0037952045 1.1314275e-07 1.3040241e-08 0.00012736296 0.00049230334 0.000112782676 6.616162e-10 8.1198564e-08 0.067229 5.8327194e-05 1.3226227e-05 9.3696315e-07 0.0028211186 0.0033000973 2.6053547e-08 3.0536134e-07 0.0006733386 8.927682e-05 7.282908e-05 1.4961416e-05 1.7023107e-05 5.8232513e-06 1.5810832e-07 0.008559091 3.0766257e-06 2.8862612e-10 7.0381425e-06 0.00088057073 0.0026122767 0.0002071074 0.0005832881 0.0015868454 2.2251792e-05
0.9927243 0.59421325 0.8111783 0.08309203 0.44113445 0.8785184 9.988906e-12 0.21621615 0.5136402 0.31551677 0.28589892 0.0016020266 0.14176244 0.73614615 0.12735267 0.28807417 0.67604095 0.58430326 0.0009332196 0.635236 0.06360149 0.004492976 3.0900213e-05 2.8385824e-05 0.7063031 0.00032767726 0.0055175414 8.8595756e-05 6.150694e-05 0.48568532 0.10453743 0.041590273 2.57093e-05 9.007731e-05 0.0009514138 0.12969613 7.479531e-07 0.30718654 3.922468e-06 1.940189e-06 2.9093871e-06 0.0011757079 0.0160855 2.8841068e-06 0.0060651186 0.00013450476 0.37293994 4.5961838e-06 0.07129903 4.572891e-07 0.0017372762 8.7512775e-10 0.00092133053 6.605241e-05 0.04066753 0.10576294 0.047382485 0.00095576124 0.035558816 0.022821086 3.7749908e-07 0.011479131 7.5393297e-07 0.0019502923 7.2695565e-07 0.016127633 7.5952405e-10 3.9499226e-10 0.0024401436 2.1722415e-06 1.08107045e-07 0.0009942463 0.00042365704 0.0013006914 1.5613736e-08 6.178224e-07 0.035849314 0.00080124027 1.7892251e-05 5.163291e-05 0.006849614 0.0016052008 1.5475815e-07 1.1770792e-06 0.0006289622 0.000151419 0.00044770192 8.881113e-05 0.00012304749 2.752873e-05 1.1225644e-06 0.019931793 0.00016160302 4.987519e-09 7.5164244e-06 0.0014002358 0.003902798 0.00042735582 0.00302772 0.0047010826 0.00014706183
0.9855602 0.30337888 0.27331924 0.55562204 0.7841531 0.023366941 0.21621615 1.4083808e-13 0.0066732303 0.007369829 0.0045398073 0.057545513 0.13006406 0.70513093 0.7313178 0.95292026 0.01766628 0.068234794 0.019706676 0.011436694 0.6729317 0.066208966 0.00019525345 0.00024063034 0.34025565 0.0038098348 0.11250338 0.0011095374 0.00070431683 0.56578875 0.0060617216 0.081076935 1.6634447e-05 0.00014286274 0.00032387947 0.033895012 4.1097973e-08 0.005483366 3.5679219e-07 4.5908216e-08 1.599934e-07 0.00010046781 0.04185889 2.1161448e-07 0.0009417223 7.062782e-05 0.03389168 1.16101326e-07 0.2627915 2.756205e-08 0.004835956 3.8873925e-11 0.0041869753 0.00014308772 0.08079349 0.0081254225 0.014010888 0.0027461646 0.06003835 0.026887972 6.6765654e-07 0.024179254 4.649923e-06 0.015536841 1.72908e-07 0.047105867 4.5887946e-10 4.4357497e-11 4.4731456e-05 4.993452e-06 1.3140556e-07 0.004931548 0.0015991296 0.0054278546 1.3198805e-09 4.3597066e-07 0.0056030992 0.0015334091 0.00022771452 1.8687528e-05 0.0031303435 0.0023580415 1.5452662e-07 9.552663e-07 5.9162605e-05 9.537225e-05 0.00027495236 3.508392e-05 7.512179e-05 1.0213109e-05 1.0773668e-06 0.0029639613 3.253577e-06 6.679367e-11 3.5756157e-06 0.00022514486 0.00039558476 1.6871443e-05 0.0003017651 2.7758428e-05 3.37277e-06
0.96746564 0.00574864 0.048058502 0.0006468126 0.013164194 0.94260746 0.5136402 0.0066732303 2.7420508e-13 0.9132946 0.9048144 5.5880693e-05 0.002767877 0.7904892 0.00445998 0.04543231 0.8275437 0.75045925 1.7602582e-05 0.41238195 0.0007536343 1.5921683e-05 1.9483741e-07 4.4209855e-07 0.637919 1.4008656e-06 3.1154625e-05 1.6440922e-06 8.5637356e-07 0.34096345 0.39556745 0.0014494985 7.7180096e-07 3.0062517e-07 2.3258866e-05 0.4662417 3.3267494e-08 0.045944106 1.9023837e-07 5.26506e-08 1.4164846e-07 3.7465856e-05 0.00022182349 2.173586e-08 0.029402126 1.4735832e-06 0.8262317 9.8441735e-09 0.016375609 2.3669372e-08 0.00020869412 8.041241e-11 7.416039e-07 1.1736728e-06 0.00879395 0.34073234 0.039293945 3.3784887e-05 0.006629134 0.0038368404 1.23843655e-08 0.004114853 6.4034936e-08 0.00039364948 8.74653e-08 0.0019471626 7.4035766e-10 1.6550261e-11 0.022465885 2.3129365e-08 9.963025e-09 1.2519952e-05 0.000108966844 1.6182317e-05 2.4395463e-10 4.6471698e-08 0.02332683 3.746827e-06 1.2651265e-06 1.5382967e-07 0.00037888807 0.0014260791 2.7822127e-08 1.9088206e-07 0.00016849583 1.1943123e-05 1.5673435e-05 7.20369e-07 1.1327744e-06 5.5818583e-07 1.3641941e-08 0.010720676 2.5305113e-07 3.3010078e-10 3.2138996e-06 0.0011881727 0.0027549926 0.00013928022 0.0018618907 0.0009095643 6.169446e-05
0.8861426 0.011011609 0.03321849 0.0013518261 0.016269999 0.83689415 0.31551677 0.007369829 0.9132946 4.6139433e-12 0.9831398 8.398235e-05 0.0026781822 0.84856266 0.0036297836 0.049210504 0.7098834 0.70513934 3.5833153e-05 0.3577365 0.0011319651 4.859932e-05 1.2775528e-06 1.8501852e-06 0.52958626 4.549513e-06 3.6696132e-05 6.7121605e-06 4.9200266e-06 0.22180201 0.4009756 0.002673878 1.5385219e-06 3.4346584e-07 4.8375696e-05 0.38279587 1.7273643e-07 0.036199704 6.752954e-07 2.87458e-07 4.745274e-07 1.44839505e-05 0.00015253399 5.628237e-08 0.02332931 6.7101223e-07 0.46626908 1.2010003e-08 0.026373357 8.114608e-08 8.485496e-05 1.2597555e-10 1.8664701e-06 2.54651e-06 0.00672102 0.06569231 0.0062928256 5.730562e-05 0.0019720164 0.0028520632 3.47964e-08 0.0011013609 2.3645457e-08 0.00022483568 1.8930866e-07 0.00050370314 5.8919153e-10 4.1429707e-12 0.09724864 4.6311982e-08 5.559129e-10 1.059333e-05 2.9997193e-05 4.422991e-06 4.4733736e-10 4.1468606e-08 0.0044239787 1.1819342e-06 3.3044824e-08 2.1312482e-08 0.000104376275 0.000325634 1.9318048e-08 5.2036306e-08 9.231326e-06 1.0899646e-06 3.4469624e-06 3.336879e-08 1.1622918e-07 3.408201e-08 1.5167935e-09 0.0065069217 3.1083975e-08 1.423132e-10 1.0187987e-06 0.0006247631 0.001235575 4.23812e-05 0.0009119924 0.0008532311 1.8925994e-05
0.90133816 0.007846575 0.034333427 0.0008239684 0.010404554 0.7678458 0.28589892 0.0045398073 0.9048144 0.9831398 2.1900112e-12 7.676381e-05 0.0025186886 0.8013703 0.0033131654 0.040324833 0.78678495 0.5909971 2.594813e-05 0.38857847 0.0007439878 3.0431596e-05 6.009284e-07 1.1946536e-06 0.44121295 3.1232105e-06 3.023722e-05 5.082396e-06 2.2861404e-06 0.16559805 0.510775 0.002215851 8.8255143e-07 2.084432e-07 4.5284167e-05 0.34365538 9.9091125e-08 0.054717813 4.4968888e-07 2.1480368e-07 1.976007e-07 1.0155804e-05 5.4232332e-05 2.563383e-08 0.033253327 3.1939823e-07 0.43608078 9.274488e-09 0.016073614 4.091628e-08 6.32045e-05 2.978254e-11 6.6853517e-07 1.059482e-06 0.0039717206 0.051807273 0.0037070906 1.6164964e-05 0.0012276383 0.003210945 8.429214e-09 0.000870883 9.901684e-09 0.00015142202 5.3646456e-08 0.00031945476 4.491336e-10 2.530572e-12 0.1306262 1.7965576e-08 1.4686887e-09 5.080501e-06 1.3197877e-05 3.5068344e-06 2.4877853e-10 1.5825712e-08 0.0031662586 1.0151849e-06 2.505808e-08 9.390008e-09 7.827209e-05 0.00022610604 5.098214e-09 1.6274688e-08 7.3400533e-06 9.5175e-07 3.7863686e-06 3.2620058e-08 8.126565e-08 1.8549446e-08 8.2097507e-10 0.009261903 1.9932292e-08 8.4474566e-11 1.156578e-06 0.0008526722 0.0014740098 6.5458e-05 0.0011907085 0.001169826 2.4969284e-05
0.9977699 0.012856807 0.20390637 0.051344898 0.02085419 0.00010454384 0.0016020266 0.057545513 5.5880693e-05 8.398235e-05 7.676381e-05 1.2067033e-13 0.9508024 0.007043142 0.8061959 0.099604316 0.0010817006 0.00082222966 0.2196453 0.0013693167 0.24865122 0.2955571 0.13455278 0.16326293 0.006200173 0.31694648 0.2626938 0.03355793 0.025457123 0.09966356 0.00063840766 0.609177 0.00983286 0.072431274 0.0065242364 0.00035536176 0.00023740836 0.06313197 0.0021880178 0.00045612542 0.00019107468 0.021857915 0.31290478 0.0013421667 5.0139304e-05 0.06335033 0.0011861642 0.000922902 0.10724306 6.4303163e-06 0.10526482 1.6229246e-08 0.058177844 0.010490709 0.073822536 0.00013383519 0.0024190054 0.03900803 0.03342999 0.15725593 0.00051861256 0.04254139 0.0007184998 0.08251965 7.0532515e-05 0.03674921 1.9236521e-09 2.5040054e-09 9.0579095e-05 0.0018513739 5.0024722e-05 0.04312027 0.054764267 0.036146656 1.5492436e-08 4.39354e-05 0.0011045996 0.021841623 0.012016695 0.004206938 0.009591666 5.9278944e-05 6.4317e-05 0.00028512024 0.00012606065 0.00031702954 0.005563412 0.001324755 0.0025110594 0.00070637756 0.00036220308 0.008834087 0.00044360087 4.231464e-09 0.00015961629 0.0005574034 0.00065183215 8.979401e-05 0.00018617431 0.0023713605 4.209313e-06
0.9100939 0.5921132 0.83312106 0.79355353 0.25875792 0.011513145 0.14176244 0.13006406 0.002767877 0.0026781822 0.0025186886 0.9508024 3.8586853e-15 0.048462816 0.27658424 0.038473967 0.010400025 0.00022281319 0.9136279 0.028032564 0.061417818 0.08482019 0.71347284 0.63138145 0.00035266374 0.23484802 0.054975353 0.69598323 0.6115299 0.0002722983 0.01132835 0.67810315 0.048619863 0.004259366 0.06819466 1.5022453e-05 0.000942264 0.00026561713 0.0008830389 0.0004924221 0.0009620189 5.7758934e-05 0.000112467 6.743494e-05 0.00054492906 2.3618155e-05 3.729515e-08 3.634255e-06 4.513301e-05 0.00012946886 4.6144505e-06 6.788526e-07 1.0729435e-06 1.9264528e-06 7.858923e-07 1.7077049e-08 1.151702e-08 9.60285e-08 1.1996038e-08 0.03129114 4.2213527e-10 2.9858238e-06 1.4778355e-07 5.638835e-05 5.9137832e-09 7.6976105e-09 5.625948e-09 1.6556466e-09 3.686522e-06 6.970728e-10 2.9340057e-05 1.6456192e-09 1.2527023e-05 1.4775507e-09 8.107627e-09 6.347574e-10 1.7023672e-09 5.701324e-10 1.8319524e-07 1.8192498e-09 7.21503e-10 6.8375194e-10 1.6272748e-10 4.4578125e-10 8.361332e-10 1.9081971e-10 2.1259884e-10 5.36971e-09 3.908181e-10 3.532746e-11 6.638675e-10 0.0034248887 6.3478216e-12 5.4323196e-10 0.00011791938 0.0008782037 0.00054324867 0.00010660507 0.0004493284 0.00019692865 2.615113e-06
0.8121875 0.6486538 0.37002847 0.4456338 0.9026837 0.81906545 0.73614615 0.70513093 0.7904892 0.84856266 0.8013703 0.007043142 0.048462816 1.3132152e-18 0.25716683 0.78650767 0.1814521 0.9442219 0.0006124766 0.077357344 0.19234239 0.021446709 0.00048917986 0.00046825802 0.8584621 0.0023734758 0.013056627 0.00018621178 6.4402244e-05 0.32646334 0.016556894 0.0053858072 9.643009e-06 8.222069e-06 0.00013793143 0.3564814 9.74005e-07 0.0024776992 1.458826e-06 9.895822e-07 1.7155337e-06 5.0765975e-06 0.00083261274 2.576425e-07 0.0034183674 9.974515e-08 0.0011523574 3.0148374e-08 0.006445918 4.9492556e-08 6.961213e-05 1.5674202e-10 1.5718208e-05 1.2813517e-07 0.00031800516 5.1845625e-05 9.282564e-06 2.7642244e-07 8.676842e-06 0.0014921882 1.0244187e-09 0.00019764512 1.7502644e-07 3.7625876e-05 1.3516326e-08 1.0369575e-06 6.2975337e-12 3.2155025e-12 0.0102554355 9.2185587e-10 4.5701927e-09 1.6490166e-08 9.0162393e-07 1.3727502e-08 3.7244852e-10 2.3547003e-10 2.9852572e-06 2.812824e-08 2.6109699e-09 5.0333617e-09 6.144933e-08 1.5520474e-08 1.466513e-10 3.262749e-10 9.5411224e-08 1.1524029e-08 8.996771e-10 4.8267836e-08 4.133137e-08 2.528008e-10 4.137224e-11 0.0006917297 2.553177e-10 2.5423733e-11 9.697592e-07 9.7440556e-05 0.00041793735 8.617694e-05 0.0020770414 8.637539e-05 8.547519e-06
0.8509604 0.5919394 0.44853407 0.9185663 0.7332268 0.015329165 0.12735267 0.7313178 0.00445998 0.0036297836 0.0033131654 0.8061959 0.27658424 0.25716683 6.6538673e-16 0.42040166 0.004675896 0.002268233 0.46772942 0.010370757 0.665567 0.8210116 0.8069311 0.8158326 0.003948577 0.8222954 0.56046283 0.3134983 0.16066806 0.007850403 0.0040682405 0.1833863 0.014920311 0.011870219 0.0135955885 0.0001014612 0.00058746693 9.5883144e-05 0.00064590405 0.00041001049 0.0003150944 1.2635139e-05 0.0014476416 4.1656156e-05 0.00035863626 3.224404e-05 5.0233876e-07 2.4850087e-06 0.00023089035 7.2462135e-06 1.1492142e-05 2.534756e-08 7.905156e-06 2.0906105e-06 5.6564445e-06 7.1944385e-08 2.2942979e-08 1.1111023e-07 1.8109832e-08 0.009896738 1.207622e-09 4.677102e-06 2.023629e-07 9.7078904e-05 2.9914313e-09 9.119666e-09 8.6910773e-10 8.825181e-10 1.8141328e-06 8.01896e-10 1.4308034e-06 4.032642e-09 2.9333287e-05 3.736733e-09 1.05252e-08 2.9089444e-09 7.3592186e-09 2.2706315e-09 4.2373722e-07 4.368092e-09 8.510712e-10 7.55064e-09 6.6772676e-10 1.9778263e-09 5.007517e-09 6.342455e-10 7.60768e-10 2.222404e-08 2.9182359e-09 3.567471e-10 2.7369096e-09 0.001151818 3.1536593e-11 2.32453e-10 5.6627403e-05 0.0003778094 0.00030071882 1.8740175e-05 0.00012067581 0.0001552813 3.152923e-07
0.7495264 0.5263978 0.21847825 0.798325 0.88770825 0.11415886 0.28807417 0.95292026 0.04543231 0.049210504 0.040324833 0.099604316 0.038473967 0.78650767 0.42040166 6.1442682e-18 0.010807233 0.09106234 0.008519382 0.012258771 0.8957167 0.5399399 0.05005232 0.044239793 0.10639124 0.11626642 0.29121864 0.004197638 0.0017736895 0.07668278 0.0027712088 0.013357679 0.0004273809 0.00027441143 0.0010156266 0.0029450846 1.2259553e-05 6.395222e-05 1.9183963e-05 8.940876e-06 1.2312232e-05 9.522829e-07 0.00092113233 1.2047252e-06 0.0004195031 1.1670652e-06 3.2577404e-06 1.10010944e-07 0.00032524575 3.3699612e-07 4.695367e-06 8.701694e-10 4.7104863e-06 3.2421804e-07 1.3813671e-05 5.003722e-07 1.9118048e-07 4.8848634e-08 8.037343e-08 0.0031438812 7.864369e-10 6.665041e-06 8.12077e-08 3.0543302e-05 1.3315957e-09 2.9051641e-08 3.5645105e-11 8.2151036e-11 7.0521983e-06 5.52172e-10 2.146174e-08 1.1157905e-09 8.284935e-06 1.1282154e-09 9.216313e-09 8.391e-10 2.221069e-08 3.3381884e-09 2.8649723e-08 3.1555338e-09 1.1427148e-09 4.535526e-09 1.7058506e-10 7.544691e-10 8.913696e-09 7.962582e-10 3.1157368e-10 3.7646064e-08 1.8126835e-08 1.5852855e-10 1.0867773e-09 0.00039882655 3.1311415e-11 8.5229074e-11 1.1149358e-06 0.00015448884 0.00018458196 1.3507093e-05 0.00017756339 1.13924925e-05 3.7064765e-07
0.95093066 0.047987092 0.10341988 0.012752742 0.036573235 0.74326 0.67604095 0.01766628 0.8275437 0.7098834 0.78678495 0.0010817006 0.010400025 0.1814521 0.004675896 0.010807233 1.4828654e-11 0.37233928 0.00072958524 0.9673836 0.004865588 0.000519857 7.037586e-06 1.22223255e-05 0.2010521 4.230311e-05 0.00050685526 7.812093e-05 0.0001296756 0.085419424 0.91367346 0.020506063 3.548167e-05 1.8386807e-05 0.001044427 0.07915284 1.2776464e-06 0.35186565 3.9131155e-06 9.3791436e-07 5.636112e-06 0.0011846899 0.0007721378 1.2123146e-06 0.03418748 1.5049569e-05 0.54016775 3.4233503e-07 0.008651398 1.0508681e-06 0.00036428813 3.4248732e-10 0.00016701581 5.4902516e-06 0.0063152527 0.07310151 0.0054259812 0.00014451782 0.0030146178 0.01096049 5.206609e-08 0.0010583046 3.0674366e-07 0.00022432036 9.187096e-08 0.0013579876 2.7238836e-10 5.377545e-11 0.055174243 8.003596e-08 4.0893556e-07 3.442775e-05 0.00012559805 8.4594474e-05 1.388292e-10 1.8944004e-08 0.006115964 1.8835497e-05 2.8152474e-06 2.194792e-07 0.00026975444 0.00010451732 9.37494e-09 1.138807e-07 5.195848e-05 7.1424624e-06 2.645817e-05 8.506692e-07 1.7915053e-06 6.8271953e-07 2.1098804e-08 0.047852572 2.416259e-07 3.546947e-10 8.619671e-06 0.0067851683 0.0042963917 0.00093385164 0.007990784 0.002585196 0.0006513124
0.9588153 0.09725925 0.0077222553 0.03341614 0.1837169 0.80289924 0.58430326 0.068234794 0.75045925 0.70513934 0.5909971 0.00082222966 0.00022281319 0.9442219 0.002268233 0.09106234 0.37233928 8.599785e-15 7.570423e-06 0.0778529 0.009858494 0.00010474752 4.7887376e-08 1.4625599e-07 0.9136804 3.6933031e-06 6.471699e-05 5.0878583e-07 3.367507e-07 0.50713944 0.06504279 0.0035279896 1.9253646e-07 4.6206193e-08 1.3904989e-05 0.92306334 3.1339769e-09 0.0012709033 7.815878e-09 5.1461537e-09 3.7810906e-09 1.0138897e-07 0.00014022023 5.2992183e-10 0.017517144 3.3182637e-08 0.64874136 6.245899e-10 0.094082 4.432819e-09 1.4258487e-05 4.8554747e-11 2.0793543e-06 6.7633755e-07 0.024995731 0.27583477 0.06583182 5.928536e-06 0.024646167 0.0046317223 1.7385654e-08 0.009119041 4.1392014e-09 0.0019883155 1.2730739e-07 0.0059295483 6.3100686e-10 1.1397946e-11 0.026343329 3.1831977e-08 5.9668426e-09 1.28771935e-05 1.6859363e-05 1.1780153e-05 7.399949e-10 6.042618e-08 0.030528743 4.2691017e-06 2.060979e-07 9.552084e-08 0.00017750921 0.003071434 2.999031e-08 6.7881345e-08 9.7200726e-05 8.050776e-06 3.478373e-06 2.6999157e-07 1.6516308e-06 1.3978715e-07 2.1074422e-09 0.0040169517 5.596775e-08 1.2754563e-10 2.31602e-06 0.00023975005 0.00069656287 2.845684e-05 0.0011121744 0.00021562888 1.6257047e-05
0.993123 0.0064570415 0.12962149 0.048771337 0.008224226 4.046484e-05 0.0009332196 0.019706676 1.7602582e-05 3.5833153e-05 2.594813e-05 0.2196453 0.9136279 0.0006124766 0.46772942 0.008519382 0.00072958524 7.570423e-06 1.1119242e-12 0.0024282692 0.054832146 0.09666713 0.48673704 0.3716231 0.00025888992 0.24065144 0.100382775 0.47853094 0.58225757 0.018793918 0.0006798839 0.8888843 0.1355392 0.16055484 0.15674625 2.7886266e-05 0.016131755 0.042103767 0.025234377 0.012097398 0.010740887 0.15043114 0.06484345 0.0146539565 1.7998822e-05 0.099197656 2.603429e-05 0.0062835603 0.018498762 0.0038304974 0.07649835 1.1897833e-05 0.11122764 0.01614761 0.012408597 5.449246e-06 3.9279086e-05 0.048616186 0.0037746336 0.14063522 0.000960816 0.0034196654 0.0027498465 0.015943801 0.00015171531 0.0023295307 3.9116976e-08 1.5407032e-07 9.980615e-06 0.0010466306 0.0009872648 0.0074179824 0.047344983 0.004946574 1.1647429e-07 1.8268945e-05 1.3697953e-05 0.0029131006 0.0062779565 0.0010446875 0.0002453897 4.790165e-07 1.5598445e-05 9.633087e-05 4.2404345e-06 1.4142912e-05 0.00048515157 0.00066724163 0.001210318 1.18593625e-05 8.7852655e-05 0.003672887 2.5840138e-05 1.2092083e-08 0.0007821706 0.00046539563 0.00035180614 0.00013334991 4.587218e-05 0.0017454926 7.436908e-06
0.94862485 0.041614078 0.14469017 0.009941733 0.024819246 0.39771488 0.635236 0.011436694 0.41238195 0.3577365 0.38857847 0.0013693167 0.028032564 0.077357344 0.010370757 0.012258771 0.9673836 0.0778529 0.0024282692 2.3098932e-09 0.0035445334 0.0004524491 2.7060845e-05 3.955761e-05 0.058539603 8.006601e-05 0.000547411 0.0003232953 0.00034683498 0.036621373 0.9522828 0.060423993 0.0001013696 9.303653e-05 0.0034647828 0.020601628 1.1830862e-05 0.83664393 3.576896e-05 2.0272877e-05 3.3678185e-05 0.01006199 0.00038189214 6.2147055e-06 0.037435576 2.8540411e-05 0.1435498 4.47407e-06 0.009729658 9.413846e-06 0.0006920022 1.6508292e-08 3.9774062e-05 1.8061806e-05 0.0029641977 0.010076599 0.0009582921 0.000100025456 0.0009169188 0.035140257 6.3407404e-09 0.0008065247 1.0084433e-07 0.00014162774 1.6901677e-08 0.00027384414 1.5788559e-09 3.7311618e-10 0.031862248 3.336879e-08 4.3864933e-05 7.4396885e-06 5.6164554e-05 1.3156019e-05 1.8132462e-09 1.8044666e-08 0.002584766 6.978119e-06 2.4117332e-07 8.583572e-07 0.00023394533 4.824665e-05 3.1468668e-09 9.420904e-08 1.6546537e-05 2.7746953e-06 8.050815e-06 4.0921918e-07 3.6427372e-07 5.388579e-07 2.2423596e-09 0.12442403 9.195217e-07 1.0852783e-08 9.997711e-05 0.008637952 0.007851643 0.0037986517 0.014344824 0.007993029 0.0008723959
0.97490287 0.23794955 0.04301774 0.5633503 0.53100526 0.0035150668 0.06360149 0.6729317 0.0007536343 0.0011319651 0.0007439878 0.24865122 0.061417818 0.19234239 0.665567 0.8957167 0.004865588 0.009858494 0.054832146 0.0035445334 1.0278024e-13 0.8522231 0.040029656 0.047546707 0.08636904 0.3672333 0.83671135 0.013774051 0.00837725 0.7147832 0.0017894257 0.08320717 0.0008851223 0.0019011432 0.0029806844 0.04142416 2.9960638e-06 0.0013095653 1.8744411e-05 2.3695686e-06 1.9708581e-05 5.5537854e-05 0.5476678 2.798776e-06 0.00012457596 0.0016984021 0.0034952725 9.2316554e-07 0.69127643 4.002569e-07 0.060745873 1.0111754e-09 0.023030145 0.0035093676 0.40501153 0.0052325493 0.058849834 0.022559369 0.35187873 0.018436538 3.5583096e-05 0.13581999 5.9054146e-05 0.17469373 7.548374e-05 0.29555368 3.0620557e-09 8.6630036e-11 1.0116086e-05 2.2640002e-05 4.1128793e-08 0.079595864 0.06742046 0.06887636 2.0904729e-08 5.0252393e-06 0.02999718 0.028768139 0.019088732 0.00017230482 0.06321879 0.006671115 3.820067e-06 4.9156183e-06 0.00041765405 0.0018840588 0.0128543805 0.00017187663 0.0011427047 0.00077712286 0.0020063452 0.00044858534 0.00010375946 2.1274528e-10 5.2917853e-06 6.0389233e-05 5.990088e-05 6.497307e-07 4.102477e-05 2.4178913e-05 2.7314965e-07
0.9782455 0.0271006 0.014141699 0.18230292 0.058957636 3.957908e-05 0.004492976 0.066208966 1.5921683e-05 4.859932e-05 3.0431596e-05 0.2955571 0.08482019 0.021446709 0.8210116 0.5399399 0.000519857 0.00010474752 0.09666713 0.0004524491 0.8522231 2.1914096e-13 0.09718514 0.13429531 0.0014279298 0.7600027 0.92833656 0.030615753 0.011312399 0.06291741 0.00024937006 0.09396204 0.0013924005 0.022454623 0.004061441 0.0033414334 7.0093333e-06 0.0008460718 8.559613e-05 7.3458023e-06 2.6023492e-05 0.00023810174 0.62983996 1.6238328e-05 3.478272e-05 0.01181083 0.00036254243 3.2571627e-06 0.4350225 3.7844443e-06 0.1434278 3.1252734e-09 0.048145134 0.0034897483 0.38804105 0.0009977013 0.021427799 0.06883166 0.31558606 0.02196231 3.2177042e-05 0.2420718 0.00034545825 0.37246376 4.057451e-05 0.3139901 4.568632e-09 1.3394644e-09 2.8012114e-06 0.00024205435 9.641909e-07 0.22528568 0.33521208 0.18729262 7.275316e-08 1.2997328e-05 0.003940803 0.17562032 0.13706155 0.0011967634 0.12015132 0.0033064466 1.011594e-05 3.1024403e-05 0.00028667433 0.007853709 0.053332966 0.0015101038 0.012040533 0.0085855005 0.020589022 0.0008183359 0.00021259137 1.2094707e-09 1.9361161e-05 6.2181476e-05 0.00025353653 2.54831e-06 2.7948809e-05 2.7366492e-05 2.1125877e-07
0.9701282 6.272376e-05 0.015281166 0.00087966514 4.365585e-05 2.5508203e-07 3.0900213e-05 0.00019525345 1.9483741e-07 1.2775528e-06 6.009284e-07 0.13455278 0.71347284 0.00048917986 0.8069311 0.05005232 7.037586e-06 4.7887376e-08 0.48673704 2.7060845e-05 0.040029656 0.09718514 2.1449271e-11 0.95567805 6.993071e-07 0.63012856 0.24854453 0.634927 0.43000576 0.0007488478 1.932484e-05 0.22083692 0.20879054 0.65898234 0.051389378 8.257395e-05 0.0038988804 0.0036226804 0.024794148 0.004636604 0.0034342364 0.017751686 0.22896527 0.007089763 4.7870503e-07 0.36636654 5.798787e-07 0.0010183563 0.03888289 0.00058925856 0.31264502 9.1672337e-07 0.3648048 0.047864325 0.02025761 1.4699971e-06 4.0452418e-05 0.16653803 0.0026254137 0.0563075 0.0041364552 0.019862274 0.008180982 0.09148228 0.00031927112 0.0074275 2.1802585e-08 1.6526903e-07 1.8071471e-07 0.0039258683 0.000103725324 0.01931378 0.28055653 0.018419692 3.0161215e-07 2.8660834e-05 1.5117449e-05 0.015061458 0.09346565 0.0030508675 0.00018213183 4.0901787e-07 1.5881193e-05 0.00023007576 2.4453345e-06 6.5995714e-06 0.00016327563 0.0021810594 0.0059911227 3.701595e-05 0.00039537242 0.00037971552 1.3771421e-05 2.120123e-08 0.00028315026 2.5198115e-05 0.00020530663 5.3009726e-06 7.6516435e-06 1.829353e-05 4.8315087e-08
0.9719926 5.6703222e-05 0.009004155 0.0010721196 4.4630517e-05 4.2138296e-07 2.8385824e-05 0.00024063034 4.4209855e-07 1.8501852e-06 1.1946536e-06 0.16326293 0.63138145 0.00046825802 0.8158326 0.044239793 1.22223255e-05 1.4625599e-07 0.3716231 3.955761e-05 0.047546707 0.13429531 0.95567805 9.603659e-11 2.2378106e-06 0.7948973 0.2995294 0.50540584 0.3006894 0.0012126147 2.7736703e-05 0.17635705 0.14562733 0.6767017 0.037846208 9.707677e-05 0.0035816838 0.0032222352 0.01688225 0.003901304 0.0022301653 0.009738301 0.3789805 0.0063565625 3.0167834e-07 0.4829019 9.3519645e-07 0.0013620032 0.06572948 0.000392365 0.44464955 1.0509605e-06 0.4569554 0.0654985 0.040825393 5.6992e-06 0.00016618487 0.29653633 0.009925051 0.04412478 0.0064333747 0.03692013 0.013087581 0.17734787 0.00047057855 0.01915972 9.208249e-09 7.91183e-08 4.2472195e-07 0.005903717 4.0891024e-05 0.061425216 0.49264637 0.054377828 3.9777623e-07 9.4730014e-05 2.0313868e-05 0.053476825 0.20740731 0.007655798 0.00094944733 2.7939998e-06 6.184131e-05 0.0003833422 2.7567887e-06 1.3050611e-05 0.0015838436 0.0051911706 0.02327293 0.00013924636 0.0022201068 0.00018145949 1.4729531e-05 1.083946e-08 0.00017736318 1.4250615e-05 0.00015783556 3.0115673e-06 6.8294125e-06 1.1548173e-05 6.98952e-08
0.95381385 0.30199188 0.0071041216 0.19830553 0.5886499 0.7899215 0.7063031 0.34025565 0.637919 0.52958626 0.44121295 0.006200173 0.00035266374 0.8584621 0.003948577 0.10639124 0.2010521 0.9136804 0.00025888992 0.058539603 0.08636904 0.0014279298 6.993071e-07 2.2378106e-06 9.535763e-14 5.8650272e-05 0.0011298334 3.2250327e-06 2.5809563e-06 0.74119145 0.0368446 0.016981842 7.111323e-07 1.7002645e-07 8.7867906e-05 0.9529439 7.3960016e-09 0.00042406694 7.2292776e-09 6.663518e-09 8.705183e-09 2.4970402e-07 0.007350554 1.6398726e-09 0.006715135 7.6604897e-07 0.5534573 4.7345583e-10 0.34052047 9.973216e-09 0.0002085135 6.0738886e-11 6.273249e-05 1.8916473e-06 0.08725868 0.22054255 0.109507844 4.6110737e-05 0.06320707 0.008584736 8.1360255e-08 0.019609021 3.852551e-08 0.0118760355 1.4082333e-07 0.039076164 1.0094815e-09 1.7432082e-11 0.0018400006 2.5070142e-07 5.0392117e-09 0.00033977904 9.606922e-05 0.00037462017 8.620335e-10 1.1636071e-07 0.10855581 4.77459e-05 3.5513578e-06 4.913366e-07 0.002414419 0.0069341594 1.3375549e-07 1.307175e-07 0.00040253444 4.6014622e-05 6.44771e-05 6.802272e-07 8.309505e-06 1.8202468e-06 3.1873533e-08 0.00363761 2.5480728e-07 1.0104268e-10 2.5088214e-06 0.00020008534 0.00032617946 7.823213e-06 0.00029757124 2.4494975e-05 1.9655733e-06
0.9809267 0.00051306374 0.008739511 0.030883394 0.0007612947 2.269938e-06 0.00032767726 0.0038098348 1.4008656e-06 4.549513e-06 3.1232105e-06 0.31694648 0.23484802 0.0023734758 0.8222954 0.11626642 4.230311e-05 3.6933031e-06 0.24065144 8.006601e-05 0.3672333 0.7600027 0.63012856 0.7948973 5.8650272e-05 7.811961e-12 0.91073287 0.18205716 0.109172866 0.0031190228 5.1179144e-05 0.14820606 0.026877135 0.3809583 0.0102845 0.0007751358 0.00020446118 0.001094106 0.0025881326 0.00030335324 0.0003332335 0.0013027255 0.6273944 0.0006177017 1.2666295e-06 0.19204478 3.7218426e-05 9.004331e-05 0.15214661 0.00012485142 0.4453494 1.6594389e-07 0.25408638 0.016874468 0.15593916 0.00020427915 0.0017306039 0.15526852 0.071782604 0.031544566 0.0007221113 0.09329246 0.0033593772 0.31282315 0.00011949591 0.13024542 2.4906887e-08 3.0353668e-08 4.3855522e-07 0.0020230995 1.4819736e-05 0.1712691 0.57001954 0.14979033 6.6422456e-07 5.3147694e-05 0.0003517845 0.14879955 0.2935561 0.003836588 0.015237399 0.00020865195 3.1426265e-05 0.00026748856 5.824893e-05 0.0007488596 0.019535538 0.0045083286 0.034804117 0.0025093849 0.018264262 0.00024318742 0.0001675552 1.26176225e-08 0.00011387969 2.9028148e-05 8.948617e-05 1.0869812e-06 6.21031e-06 1.3854413e-05 4.2326683e-08
0.96151245 0.022855641 0.008623926 0.15080668 0.061408855 5.4001022e-05 0.0055175414 0.11250338 3.1154625e-05 3.6696132e-05 3.023722e-05 0.2626938 0.054975353 0.013056627 0.56046283 0.29121864 0.00050685526 6.471699e-05 0.100382775 0.000547411 0.83671135 0.92833656 0.24854453 0.2995294 0.0011298334 0.91073287 4.714771e-13 0.051759906 0.026217926 0.10587557 0.00020877695 0.09029361 0.0055711404 0.08450896 0.004450938 0.005159061 2.4764768e-05 0.0007470218 0.00031850746 2.4724013e-05 9.179359e-05 0.000200201 0.80037594 4.410778e-05 1.0264822e-05 0.07974674 0.0002699907 2.9252926e-06 0.5556919 1.3996523e-05 0.25647578 2.9520287e-08 0.12870309 0.012635567 0.31101054 0.00056698686 0.010206636 0.076311365 0.25710228 0.015254898 0.00018038938 0.17646909 0.00048601523 0.31439167 0.00014651923 0.27394253 3.2359215e-09 9.067351e-10 8.758546e-07 0.00041444137 1.1271471e-06 0.20055676 0.30721116 0.16581099 3.7719232e-08 1.2740079e-05 0.001788729 0.12926129 0.15489253 0.00094377977 0.050587792 0.0014707389 6.207017e-06 1.3875541e-05 0.00016598291 0.0018252456 0.029207425 0.00092640764 0.009445209 0.004266068 0.014018239 0.00022624776 0.00010513163 1.4916238e-09 3.94041e-05 1.2042169e-05 3.167229e-05 9.275355e-07 4.4623516e-06 1.1983163e-06 7.514066e-08
0.9766008 0.00017855219 0.0069361674 0.0024540713 0.000261012 2.3855696e-06 8.8595756e-05 0.0011095374 1.6440922e-06 6.7121605e-06 5.082396e-06 0.03355793 0.69598323 0.00018621178 0.3134983 0.004197638 7.812093e-05 5.0878583e-07 0.47853094 0.0003232953 0.013774051 0.030615753 0.634927 0.50540584 3.2250327e-06 0.18205716 0.051759906 3.6440084e-09 0.9621571 0.0019734772 0.00024763576 0.25204754 0.8169737 0.69382626 0.29884946 2.3322322e-05 0.070759684 0.008752732 0.17136365 0.054506294 0.087450385 0.13532293 0.07482265 0.108836405 5.757599e-06 0.48419645 1.2447513e-06 0.036850706 0.011104691 0.004531945 0.26234743 0.0006546515 0.40564618 0.122860335 0.009568506 1.6276894e-06 1.591297e-05 0.23863581 0.0018457407 0.104016565 0.017502548 0.0067017805 0.056135 0.037735067 0.0045278673 0.0051341276 1.9373424e-07 7.167326e-06 4.606242e-06 0.019186042 0.0017115913 0.013804697 0.19801818 0.01113614 7.635519e-06 0.0016581278 1.3178282e-05 0.008153652 0.031325858 0.0147485165 0.00052373344 5.329854e-07 0.0011824586 0.0023946157 3.9624683e-06 6.377957e-06 0.00030160227 0.002641361 0.0061909794 2.7165232e-05 3.6444053e-05 0.00044229746 1.2697372e-05 2.6471898e-07 0.0013506882 0.00015807613 0.000540375 0.00010923507 4.1244723e-05 0.00021812426 3.234859e-06
0.9851023 9.113355e-05 0.00956978 0.0015484935 0.00015026012 1.2883698e-06 6.150694e-05 0.00070431683 8.5637356e-07 4.9200266e-06 2.2861404e-06 0.025457123 0.6115299 6.4402244e-05 0.16066806 0.0017736895 0.0001296756 3.367507e-07 0.58225757 0.00034683498 0.00837725 0.011312399 0.43000576 0.3006894 2.5809563e-06 0.109172866 0.026217926 0.9621571 4.8878803e-09 0.0013390394 0.00029190062 0.3898757 0.7917696 0.47905594 0.61694103 4.8430097e-06 0.13589579 0.00929015 0.20701571 0.10250285 0.2198539 0.46251094 0.037245616 0.08872895 1.040185e-05 0.2256486 9.76494e-07 0.030754754 0.007852601 0.016831266 0.118148744 0.0017633608 0.20630203 0.08165682 0.0058102217 9.1134416e-07 2.9491473e-06 0.08531339 0.0010173472 0.1742531 0.01197084 0.0022976485 0.02383359 0.014566324 0.0029410894 0.0020488866 7.901655e-07 9.835377e-06 3.1776153e-07 0.0074223345 0.0083605535 0.003013366 0.061390154 0.003284554 1.3329275e-05 0.00049415824 2.6973075e-06 0.0017900221 0.007917248 0.0037200877 0.00016158253 1.3806901e-07 0.00037003492 0.0012333022 1.321568e-06 2.5639551e-06 2.9801386e-05 0.0007763007 0.0006674822 4.1987246e-06 2.1158432e-06 0.00072914665 2.3404227e-05 1.0976431e-06 0.0020133834 0.00035082366 0.0010799469 0.00040040986 0.00011040388 0.00043509743 5.4618786e-06
0.9399263 0.3540558 0.006878072 0.30722967 0.5639756 0.5491667 0.48568532 0.56578875 0.34096345 0.22180201 0.16559805 0.09966356 0.0002722983 0.32646334 0.007850403 0.07668278 0.085419424 0.50713944 0.018793918 0.036621373 0.7147832 0.06291741 0.0007488478 0.0012126147 0.74119145 0.0031190228 0.10587557 0.0019734772 0.0013390394 8.3119313e-13 0.015752543 0.09353165 0.00034881578 0.00010324116 0.0019549225 0.94551504 4.2723477e-06 8.487132e-05 5.825506e-06 1.0263104e-06 1.5896148e-05 2.7247867e-07 0.10412562 7.724482e-07 0.0021369972 0.00023297728 0.36976445 5.6735484e-08 0.7688743 9.38538e-07 0.0052818605 2.3609439e-09 0.001978219 4.491853e-05 0.2291871 0.21125278 0.1953012 0.0062515973 0.19167279 0.009532884 1.3468717e-06 0.056850065 2.5014737e-07 0.04379113 4.1631865e-06 0.111295775 8.086529e-09 1.5578596e-09 0.00048564922 6.360809e-06 4.2052664e-09 0.0040190686 0.0020433506 0.0044116993 2.1287173e-08 2.0753723e-06 0.19770984 0.00096982956 0.0001626431 2.6692423e-05 0.040268995 0.020210661 1.4578774e-06 9.0543944e-07 0.0016776859 0.0007616868 0.0028735385 7.178734e-05 0.00018449292 2.903385e-05 1.6594048e-06 0.0019382279 5.4681983e-05 1.0661532e-10 5.0516433e-06 0.00018279045 3.961798e-05 4.897935e-06 6.546967e-05 0.00050444924 4.203208e-06
0.9624592 0.009036884 0.019483458 0.00338766 0.010847818 0.11714653 0.10453743 0.0060617216 0.39556745 0.4009756 0.510775 0.00063840766 0.01132835 0.016556894 0.0040682405 0.0027712088 0.91367346 0.06504279 0.0006798839 0.9522828 0.0017894257 0.00024937006 1.932484e-05 2.7736703e-05 0.0368446 5.1179144e-05 0.00020877695 0.00024763576 0.00029190062 0.015752543 4.8929777e-11 0.020924523 0.0001500797 3.916997e-05 0.0016383443 0.014740726 8.847843e-06 0.9082591 1.974909e-05 7.329148e-06 2.646829e-05 0.0023384015 0.00015819813 3.5700577e-06 0.8307355 3.3801434e-06 0.21033844 6.8908935e-07 0.0063277567 4.7226085e-06 7.3215786e-05 5.973014e-09 4.071615e-05 3.258539e-06 0.0041927015 0.01858241 0.0010661626 3.904049e-05 0.0009385703 0.014234921 2.8762113e-09 4.5031244e-05 1.7824159e-09 5.2819178e-06 2.0642037e-08 0.00038237136 6.146943e-10 4.1204654e-11 0.4438886 2.6961862e-08 7.577472e-06 9.033758e-06 4.2976467e-06 1.4807473e-05 5.6291116e-10 1.8366169e-08 0.0018152952 5.516404e-06 3.6469235e-08 1.3115078e-07 0.00020445026 2.3901777e-05 8.404375e-10 1.13202265e-08 1.7104507e-05 4.0414416e-06 4.4241306e-06 3.822869e-08 3.82241e-08 4.1658535e-07 9.982307e-10 0.3479837 1.7251615e-07 2.3998219e-08 1.7248904e-05 0.019611368 0.01667463 0.0059958813 0.02981183 0.03082764 0.003100057
