4.9703393e-09 0.9835001 0.95570594 0.99544036 0.83937156 0.9591352 0.83798337 0.9993551 0.98113745 0.8251366 0.9981574 0.9601615 0.99646354 0.99989533 0.9865024 0.99967486 0.99869263 0.8660654 0.9193489 0.96086144 0.98224986 0.913832 0.9455432 0.9820643 0.99966925 0.93433535 0.97872925 0.7011358 0.93701863 0.61813015 0.889881 0.53616303 0.98397547 0.9903282 0.9332903 0.04353588 0.97570235 0.7807333 0.9766938 0.7885808 0.99201864 0.8721127 0.8694033 0.9986652 0.9857401 0.51554984 0.94198346 0.98744696 0.98291063 0.9934487 0.19778264 0.9247564 0.5620511 0.993385 0.95763427 0.9318782 0.9381532 0.94497806 0.66389924 0.9544086 0.34430128 0.8120175 0.04034386 0.9018971 0.48037884 0.71478164 0.7046115 0.06007963 0.055912066 0.9196924 0.79562795 0.8111274 0.8480148 0.12085071 0.9890448 0.111583784 0.90340483 0.7072316 0.7585407 0.91183835 0.50041425 0.74943596 0.246364 0.665031 0.6710382 0.23351674 0.5020396 0.9672427 0.8946959 0.12783192 0.011443722 0.0006921973 0.00074211165 6.765557e-05 0.0031832273 0.7586853 0.54325587 0.0068876627 0.0015502007 0.039637085 0.0029464923
0.9835001 7.820291e-09 0.9886873 0.8725369 0.2549154 0.18709528 0.45947137 0.97379524 0.6755331 0.93942523 0.008390546 0.0026928845 0.097105935 0.02272019 0.02721649 0.0024257177 0.056571197 0.018396165 0.1657649 0.0015241504 0.00067812536 0.80029637 0.00088971603 0.020996235 0.00047613942 0.010461835 0.0007234082 0.0653784 0.077768825 0.10753509 0.005087578 0.0032256865 0.0005162073 0.0006148692 0.0021085062 0.00071451906 1.795096e-05 0.028333686 2.422646e-05 0.0057266126 0.00040192262 0.00010823358 0.00059396547 0.00014010927 0.0002581476 0.09253984 7.1984673e-06 1.8870483e-05 1.862298e-05 0.0004731564 0.0002898744 3.9724305e-06 6.702959e-05 6.2358413e-06 0.0024881524 1.7263748e-05 5.7900837e-05 9.786065e-05 0.0026838088 0.00021308767 3.3373133e-05 2.1030928e-06 0.0026885055 1.1630319e-06 0.00014396168 8.946143e-05 2.9539113e-05 0.0066734403 0.0007278617 2.865657e-05 1.0462658e-05 0.00018411537 4.4066346e-06 9.420016e-06 0.00012645173 1.5856389e-05 5.429606e-06 7.384983e-06 5.067849e-09 0.00023604635 2.7573224e-06 7.7570995e-08 1.0314068e-06 2.381736e-07 8.648432e-06 5.792679e-07 0.00020918311 2.7553367e-07 0.0048584566 1.00992165e-05 1.743565e-06 8.6816925e-08 2.5863721e-06 7.921158e-07 6.80426e-08 2.9156408e-07 1.3197908e-06 3.0741417e-06 2.3820028e-06 2.715633e-08 3.5414716e-06
0.95570594 0.9886873 2.947955e-08 0.40890184 0.16147411 0.0675713 0.53644407 0.7804195 0.9555036 0.9552565 0.003710433 0.0005616753 0.33660635 0.010694972 0.09123308 0.0003576782 0.10951087 0.08241924 0.4459955 0.0060692295 7.7473676e-05 0.9282725 0.00025020784 0.014776815 0.00012585141 0.0019648483 2.4803976e-05 0.05036316 0.21430795 0.2678582 0.010083026 0.001204958 4.8224934e-05 0.0004907733 0.0010467788 0.00036719415 2.1888984e-06 0.06609065 3.946011e-06 0.0058128396 0.00023635494 6.106025e-05 0.00026163828 0.00012147381 4.4440876e-05 0.06135784 1.531333e-06 1.6379941e-05 2.1492856e-06 0.00023751208 0.00014805618 3.3811253e-07 9.4061055e-05 6.002941e-06 0.00031276103 1.4392727e-05 5.0100707e-06 6.5656e-05 0.00023569453 1.134812e-05 1.1230724e-05 5.67294e-07 0.004693662 1.1769704e-06 2.8927278e-05 3.678643e-05 1.4655912e-05 0.013689257 0.0028701888 7.247077e-06 3.630465e-06 8.4149666e-05 4.307456e-07 9.755845e-07 1.49469415e-05 2.2289192e-05 1.1678718e-05 1.0357586e-06 2.6992615e-09 7.143519e-06 5.4094394e-06 1.2824684e-08 2.907082e-08 1.2085496e-07 1.1304321e-05 2.9223497e-07 1.0414535e-05 2.8889863e-07 0.0002335022 9.793043e-06 2.6570538e-07 3.885886e-08 1.3853071e-06 8.674873e-08 2.868926e-06 1.221489e-07 4.1667417e-06 4.0990217e-06 1.3085139e-06 2.851893e-08 6.643221e-07
0.99544036 0.8725369 0.40890184 2.0466422e-10 0.8211725 0.9894238 0.6642368 0.9711516 0.21141331 0.4313717 0.57407916 0.3311318 0.26648083 0.017815353 0.10934122 0.03208351 0.1515546 0.040570464 0.05275325 0.01127016 0.021001656 0.17616798 0.08101746 0.028270852 0.0023284045 0.18126202 0.025030248 0.16773891 0.048936628 0.009248139 0.0020979196 0.028694907 0.0028359361 0.002448491 0.0035326176 0.0017525273 0.00085278205 0.008073935 0.00075888477 0.007886091 0.00393635 0.0005899223 0.0009743038 0.002120464 0.0035030195 0.067507386 0.0010156439 0.001090717 0.0014940023 0.0035564045 0.00021490685 0.00079220394 0.00020710324 0.0003247994 0.028714405 0.0006705181 0.0012133018 0.0014320158 0.0057157767 0.012116589 0.00013530721 0.00011739393 0.00013199999 0.00014895167 0.00040633624 0.00261014 0.000197128 0.00084756175 4.537582e-05 0.0004887068 0.00017615437 0.001468645 0.0003248338 1.9809055e-05 0.0038599528 1.2786479e-05 0.0002404826 0.00063416094 6.1496905e-07 0.0020692784 7.834322e-06 3.9794432e-07 1.5656068e-06 2.9395682e-05 0.00019011044 5.3415425e-07 0.00053263997 7.719099e-05 0.018987117 0.0001163872 1.2866072e-07 2.1739632e-08 1.7781817e-07 1.067312e-08 1.6525524e-08 1.4742586e-05 1.6102122e-06 1.964831e-06 1.0378182e-06 1.0057689e-08 1.261349e-05
0.83937156 0.2549154 0.16147411 0.8211725 1.945745e-09 0.997814 0.99713194 0.24032784 0.04535458 0.68209213 0.3343818 0.54339564 0.0495863 0.0020504717 0.0056704986 0.0051134434 0.022105206 0.006806435 0.014757098 0.00072156405 0.009199587 0.14006676 0.07665809 0.0030877958 0.0008433176 0.3343738 0.012610865 0.52551115 0.00644005 0.005351445 0.0008683503 0.065219596 0.00089333375 0.00034925234 0.00035569503 0.0062246476 0.00023502679 0.0012888892 0.00017751464 0.00053840585 0.00030597835 5.1627912e-06 0.00025124967 0.00066755124 0.00067192543 0.1500858 0.00025752524 5.0733477e-05 0.0003855034 0.00027690467 1.835359e-05 0.00014703743 6.574748e-05 5.0139017e-05 0.038395815 2.974216e-05 0.00020792037 0.00024875818 0.012924372 0.0036504073 3.8109447e-06 1.5331765e-05 6.8582645e-05 0.00010906946 0.0013840322 0.00073462643 8.766907e-06 0.0011121244 4.8833685e-06 1.0854558e-05 5.2588457e-05 0.00028932423 2.722257e-05 2.3775443e-05 5.7050915e-05 4.3584095e-07 1.4862445e-06 8.022548e-06 2.6672728e-07 0.0010434847 2.1765463e-06 7.134759e-07 4.2963828e-07 1.0247065e-06 1.8461436e-06 1.6806193e-09 0.00069975376 4.1660382e-08 0.032990567 1.6575663e-05 1.5887018e-06 2.352448e-09 2.5430333e-07 6.953774e-09 4.099109e-09 3.6676695e-08 3.1862518e-07 6.1481396e-06 3.8672565e-10 2.7160396e-10 1.5141126e-05
0.9591352 0.18709528 0.0675713 0.9894238 0.997814 1.2669659e-09 0.76885855 0.563425 0.052983616 0.28528816 0.7423443 0.7436615 0.035545155 0.0045203166 0.00882741 0.027084408 0.017998291 0.004467387 0.013921688 0.0008186734 0.020569868 0.11412421 0.14301021 0.0052163587 0.0032654223 0.41548136 0.026332418 0.33950645 0.0069358465 0.004181395 0.00057451404 0.06906542 0.002039449 0.0006753789 0.0006493349 0.004345171 0.000601054 0.0007933656 0.00031795056 0.00034383443 0.00071079534 3.2257387e-05 0.0003055439 0.001124336 0.0017938829 0.103954844 0.0008383743 0.00038128678 0.0010026695 0.00027494345 1.2873105e-05 0.0003579507 2.83721e-05 0.00017283243 0.06362134 6.465998e-05 0.0005979085 0.0005787487 0.024060372 0.0129117565 2.51247e-06 2.767997e-05 1.6595624e-05 0.00035130707 0.00246749 0.0014546526 2.25201e-05 0.00036582784 2.336149e-06 8.913212e-05 8.055649e-05 0.0010714196 9.303617e-05 5.4429515e-06 0.00059495785 1.3756122e-06 1.6817787e-05 3.773494e-05 2.0644843e-07 0.0018667703 1.2917113e-06 1.5250225e-06 1.4453461e-06 2.0784205e-06 3.6115346e-06 3.1640152e-08 0.0010757837 1.186413e-06 0.05359737 1.2000531e-05 2.0571613e-07 1.7169337e-09 7.6639786e-08 3.3436818e-09 1.0217842e-09 2.0966274e-07 2.3502723e-06 3.9314746e-06 6.94699e-08 9.053629e-10 5.990091e-06
0.83798337 0.45947137 0.53644407 0.6642368 0.99713194 0.76885855 2.4448028e-08 0.16529581 0.037404742 0.9838454 0.34281367 0.7998431 0.050614897 0.0014027666 0.0076823025 0.003852524 0.0362199 0.005055138 0.015940836 0.0030255178 0.014375514 0.3020977 0.19046487 0.0023164656 0.00043338584 0.5912586 0.035087563 0.895214 0.0052915537 0.0065892865 0.0003813668 0.25769988 0.003015302 0.00030912075 0.0004752516 0.017744832 0.00072408805 0.0011064155 0.00031543052 0.0002744803 0.00022700075 2.1565387e-05 0.00018117263 0.00036837545 0.00083764066 0.3208593 0.00032162547 1.7093955e-05 0.00022183618 0.000173469 1.4614766e-05 0.000104428254 6.074707e-05 2.5120546e-05 0.02034845 9.691411e-06 5.0615414e-05 3.8823102e-05 0.021827191 0.0029761181 6.0634984e-06 2.5784973e-05 3.1267016e-05 5.4182394e-05 0.0013686698 0.0004900673 1.8042293e-06 0.0010510506 7.499613e-06 1.5652253e-05 9.051411e-06 0.00047798178 2.8224117e-06 1.2408821e-05 2.7473128e-05 4.7107287e-06 3.0896365e-06 1.0728064e-06 1.8106283e-07 0.00029705974 1.3912198e-06 3.4909e-07 2.1415568e-07 5.18304e-07 1.4658539e-07 7.330517e-08 0.00031457318 1.4376971e-08 0.0124669215 1.7224133e-05 2.8097008e-06 1.931263e-08 5.3773377e-08 9.302214e-09 1.9188828e-07 3.5619944e-08 1.5918364e-06 3.750033e-06 2.187685e-09 1.4484584e-09 2.7888593e-06
0.9993551 0.97379524 0.7804195 0.9711516 0.24032784 0.563425 0.16529581 2.2142334e-08 0.67789197 0.603415 0.20851085 0.04991842 0.6526841 0.12471619 0.3954934 0.027532978 0.59701145 0.07834901 0.21661118 0.056537867 0.009248691 0.3534816 0.022831662 0.12403026 0.005686382 0.041312724 0.01004636 0.08827439 0.30002058 0.055852603 0.026928583 0.009244775 0.0038023593 0.012544621 0.011345573 0.0012055091 0.00067817874 0.030966206 0.0013392464 0.035966147 0.033246912 0.0034587414 0.009929325 0.008792571 0.0022104953 0.03987868 0.00043652148 0.008981479 0.0013445463 0.023550779 0.0017209913 0.0010377475 0.0013577837 0.0005218483 0.005727189 0.0034696432 0.0011404103 0.005672151 0.00043073227 0.0030382501 0.0011206102 0.00015169158 0.0016387623 0.00014175678 8.462207e-05 0.0014147991 0.002360692 0.0021151472 0.0014611401 0.0029104946 0.0002639631 0.0004110096 0.0005782132 8.880715e-05 0.007963553 0.00034674202 0.0006367711 0.0011929227 3.1830493e-06 0.00093605754 0.00025464298 1.1229134e-06 4.455488e-06 4.20473e-05 0.00080723915 8.272544e-05 0.00036149356 0.00035488102 0.0011741454 0.00015421974 1.1548124e-06 1.2293776e-07 5.609106e-05 3.3022957e-08 1.0924997e-06 0.00032179267 3.7593718e-06 1.843255e-06 6.907291e-05 2.578084e-07 9.200907e-06
0.98113745 0.6755331 0.9555036 0.21141331 0.04535458 0.052983616 0.037404742 0.67789197 1.1787995e-09 0.62876034 0.0032250374 0.0010005126 0.10766288 0.026147686 0.10960081 0.0003011585 0.010516147 0.2190078 0.9937758 0.005922442 0.00018360776 0.9087964 3.552233e-05 0.005841538 0.00016531689 6.0889055e-05 4.5257962e-05 0.0014242756 0.60010177 0.5088061 0.043761123 1.13543565e-05 6.957005e-05 0.00026611026 0.0005920344 6.401421e-05 7.200627e-07 0.31742948 2.6601433e-06 0.027268765 7.989996e-05 6.66886e-05 0.00026536672 1.3881127e-05 2.4545276e-05 0.011457191 2.0090263e-07 4.906279e-06 4.7324977e-07 0.00011044137 0.0003721807 1.1400795e-07 0.00012078624 2.9925056e-06 6.5173986e-06 3.970601e-06 1.1810282e-06 1.5923035e-05 9.179395e-05 2.9486187e-06 6.0017304e-05 3.8452666e-07 0.01787801 2.1604909e-07 3.8713668e-05 2.8788393e-06 1.2841152e-05 0.011684306 0.082413346 3.969499e-06 4.7310357e-07 1.0574414e-05 2.989716e-08 9.658439e-07 1.876871e-06 3.392757e-05 1.825328e-06 2.1113591e-07 1.0573082e-09 1.0521086e-06 1.1197213e-06 4.6622095e-08 1.6557484e-08 1.0151025e-08 1.6648817e-06 5.398094e-07 1.2246868e-06 3.3370873e-09 0.00020386264 2.4992735e-06 9.9840314e-08 2.3941801e-08 1.9081663e-06 2.0047478e-08 7.0808494e-07 2.0232864e-08 7.511118e-07 5.1314174e-07 1.7477093e-07 7.509807e-09 1.5972982e-07
0.8251366 0.93942523 0.9552565 0.4313717 0.68209213 0.28528816 0.9838454 0.603415 0.62876034 3.226609e-09 0.047742385 0.05811697 0.006738609 0.0023807609 0.00081480696 0.004029932 0.002903957 0.0020937084 0.061032236 0.00042018096 0.0015703525 0.92218345 0.008152069 0.0006431034 0.0008861084 0.0096042985 0.0016835344 0.6269866 0.0039877123 0.022412917 0.00012518252 0.009640519 0.0002745206 1.604192e-05 0.00014804065 0.009360504 7.781407e-05 0.00057275797 4.259563e-05 1.8365425e-05 2.484477e-07 1.0139909e-06 1.0749227e-05 5.1897e-06 6.263177e-05 0.938078 5.5601467e-06 1.4420082e-05 6.188532e-05 0.00011915804 1.0245643e-07 2.6345756e-06 3.3526322e-07 2.154778e-06 4.613823e-05 2.926349e-07 3.4921934e-06 1.2039183e-05 0.0004111452 9.831344e-06 2.2739994e-07 2.3266773e-06 7.688635e-06 2.1593075e-06 2.4824638e-05 1.4903321e-06 3.2070426e-09 0.0066080266 1.6641363e-05 4.734484e-07 3.1738264e-07 5.7318302e-05 8.051562e-09 2.4665886e-07 1.5791935e-05 1.5489332e-08 9.96561e-07 1.226977e-06 1.7775034e-09 8.109641e-08 3.0460106e-07 8.488793e-10 2.4942826e-08 1.6579692e-09 8.104584e-08 3.260169e-09 8.179827e-08 6.104437e-10 9.901873e-05 2.5639451e-08 4.4614062e-08 1.2706236e-11 2.326057e-09 7.9690704e-10 7.1691447e-10 1.5822657e-09 2.0187993e-08 4.993163e-09 9.023106e-12 2.13536e-10 8.056094e-09
0.9981574 0.008390546 0.003710433 0.57407916 0.3343818 0.7423443 0.34281367 0.20851085 0.0032250374 0.047742385 7.3559026e-10 0.98911077 0.0050108307 0.005931079 0.0023352138 0.77082014 0.011803157 0.0011019523 0.0017303951 0.0010332725 0.75037 0.007114743 0.8487727 0.001995787 0.041289527 0.66290605 0.6383236 0.07241795 0.0019183304 0.0004945192 0.000111888134 0.14509721 0.088556886 0.0010359499 0.00039924003 0.0034137182 0.030777212 0.00033322207 0.009262496 7.677934e-05 0.0006100463 0.0002024742 0.0003211164 0.0014803329 0.0077876956 0.0060453196 0.04745018 0.0008870316 0.004306764 0.00063682295 9.364142e-06 0.005137049 0.00014254496 0.0008644923 0.55351293 9.033522e-05 0.0028425336 0.00066654646 0.048337504 0.27845857 1.7890272e-05 0.0019981952 4.426844e-06 0.008434808 0.060277913 0.057834316 0.00015351702 2.4936158e-05 5.2285503e-07 0.00022563044 0.00046183096 0.04766789 0.0019446302 5.244191e-05 0.0038741017 2.1062511e-05 9.3313676e-05 0.00094160193 0.00012448168 0.04634495 4.9879404e-06 0.00052898476 6.115042e-06 4.065969e-05 8.211415e-05 8.674575e-06 0.07746286 2.7445945e-05 0.5198264 0.00083590974 2.1227027e-06 3.2337405e-07 8.439065e-06 6.659301e-07 6.398817e-08 0.00011380499 0.0010234225 0.00026489462 3.632401e-06 7.6326e-08 0.0012921654
0.9601615 0.0026928845 0.0005616753 0.3311318 0.54339564 0.7436615 0.7998431 0.04991842 0.0010005126 0.05811697 0.98911077 5.8631494e-10 0.0006367693 0.0019772467 0.0006249934 0.27311978 0.0026270591 0.00037226945 0.0005164035 0.00043480666 0.6162758 0.0027305803 0.98419076 0.00068477134 0.006251374 0.8930656 0.68150806 0.22243801 0.0005523366 0.00013096875 6.965158e-05 0.25197628 0.043302126 0.00031392343 0.00011223652 0.007908588 0.009357801 4.2395834e-05 0.0013867875 1.5550426e-05 8.614531e-05 7.682954e-06 5.5964796e-05 0.00016722428 0.0010344503 0.010434548 0.015805338 5.2101237e-05 0.00033480936 8.981132e-05 8.5699085e-06 0.0004980568 7.291817e-05 7.8294564e-05 0.54907703 2.1545886e-06 0.0003386105 8.578769e-05 0.096924305 0.23567012 3.6441636e-06 0.00032611945 1.1368501e-06 0.0025350717 0.09820311 0.057837855 6.87731e-07 2.5367257e-05 2.6086166e-08 2.048186e-05 6.456398e-05 0.023411252 5.444849e-05 1.4101982e-05 0.00039853892 1.2518633e-06 3.9232123e-06 6.076944e-05 2.0318768e-05 0.019152328 4.908294e-07 9.621684e-05 1.11216245e-07 3.3697313e-06 1.0277708e-06 4.4833463e-08 0.07211438 4.460081e-07 0.5775124 0.0001808167 2.1488522e-07 9.113841e-09 1.5301586e-07 2.5511058e-08 5.6079816e-09 8.5721365e-07 0.00075277337 0.0004124616 1.8800561e-08 4.6289794e-09 0.0034123156
0.99646354 0.097105935 0.33660635 0.26648083 0.0495863 0.035545155 0.050614897 0.6526841 0.10766288 0.006738609 0.0050108307 0.0006367693 1.0991021e-08 0.225478 0.9562653 0.0054298425 0.8982679 0.61532867 0.047113825 0.9835063 0.00082215003 0.0046124817 7.6404256e-05 0.22494839 0.0014087781 2.2268923e-05 8.538196e-05 0.00033484414 0.27956858 0.002377523 0.51766855 6.356156e-05 0.00019636229 0.00036060624 0.026395127 3.8748087e-05 6.7425904e-06 0.33515584 3.651628e-05 0.74495023 0.30715653 0.00077464664 0.25139362 8.339804e-05 6.800125e-05 0.00048937986 1.4920579e-07 7.2839495e-05 1.1965834e-05 0.020430746 0.11479005 1.6638943e-06 0.0109860925 3.845447e-05 3.525558e-05 0.0020284355 8.771892e-06 0.00017623857 3.316614e-05 7.0668443e-07 0.03049469 1.8807073e-06 0.00016859098 7.4324873e-07 3.0329553e-05 1.7106102e-07 0.008726905 1.4344576e-05 0.03395965 0.00016691854 9.522856e-07 9.596043e-07 2.4808992e-07 3.8292018e-07 1.9922596e-05 0.0026230237 0.0001443707 6.687794e-07 1.575716e-08 2.5075844e-06 0.00013540788 4.93139e-08 7.335916e-08 1.3609351e-06 3.246323e-05 1.1236103e-05 7.632957e-06 4.096466e-06 0.00012834584 2.3421096e-06 1.2463116e-07 1.23764075e-08 8.774415e-05 1.1667129e-07 2.9018815e-07 3.527448e-07 4.527877e-07 5.7105867e-06 0.0002083809 6.7757036e-08 5.6450576e-06
0.99989533 0.02272019 0.010694972 0.017815353 0.0020504717 0.0045203166 0.0014027666 0.12471619 0.026147686 0.0023807609 0.005931079 0.0019772467 0.225478 1.12343175e-08 0.16133162 0.006756766 0.66729903 0.03773577 0.007663815 0.1852239 0.0013884497 0.0020789024 0.0011898521 0.9724057 0.03679891 0.0013282173 0.0009927044 0.0018813532 0.020911204 0.0008855686 0.01732807 0.00041670873 0.0020758365 0.9047755 0.6005974 5.556938e-05 0.00052795035 0.010326401 0.002753015 0.011422378 0.7504258 0.33543164 0.11720349 0.5545174 0.013654393 0.00017676204 0.00016381574 0.5962239 0.008202619 0.8172168 0.003883686 0.0026534558 0.06698294 0.048156463 0.0012889612 0.7069341 0.011451582 0.1697768 2.4936835e-06 0.0001904563 0.015102932 0.00057305215 2.892431e-06 0.00025934385 3.053561e-05 0.00039570645 0.22499704 1.9749607e-06 0.0011857452 0.08114203 0.0036574798 0.00014699047 0.003643125 9.6286334e-05 0.041928045 0.01607245 0.05602043 0.003979643 7.014351e-05 0.0011024737 0.15733667 5.0802664e-05 0.00020043121 0.0020004625 0.12282866 0.0065738987 0.0003815567 0.014856282 0.000102478865 7.156273e-05 3.5093122e-05 2.5966087e-06 0.0013044691 2.050367e-07 0.00011428757 0.028489115 6.4083964e-05 1.3335187e-05 0.00036500732 3.3564036e-05 1.1700234e-05
0.9865024 0.02721649 0.09123308 0.10934122 0.0056704986 0.00882741 0.0076823025 0.3954934 0.10960081 0.00081480696 0.0023352138 0.0006249934 0.9562653 0.16133162 1.320186e-08 0.0030752649 0.4028841 0.9974602 0.102469094 0.8014927 0.0005811496 0.001874578 1.3437316e-05 0.07796796 0.001899553 3.9835654e-06 4.747886e-05 8.743958e-05 0.54945475 0.0024826273 0.6737137 1.4587752e-05 4.358796e-05 0.0010629792 0.006049253 7.54665e-06 6.845333e-07 0.69958067 5.2120395e-06 0.4440372 0.019220915 0.0011453165 0.016306369 0.00013698665 6.502242e-05 0.00017500085 6.432678e-08 0.00019510547 2.8902225e-06 0.004226516 0.035224136 1.3566037e-07 0.002140975 2.536963e-05 5.5743762e-06 0.00025128658 1.1629365e-06 8.302784e-05 5.8192154e-06 8.924941e-07 0.0060846335 1.5276472e-06 0.00078045874 5.4970496e-07 1.4995571e-05 4.9085585e-08 0.0015156701 1.7150813e-05 0.080393404 4.4459826e-05 3.4017373e-07 1.4228317e-07 3.469469e-07 5.1849383e-07 4.02027e-07 0.0018723633 3.423693e-05 1.8236827e-07 2.1265706e-08 2.9120683e-06 8.018002e-05 1.5565752e-07 5.863357e-08 4.6783487e-07 3.565866e-06 4.4259596e-05 1.8698955e-05 1.4245187e-06 0.00034578223 7.772859e-06 1.2912063e-06 3.1919832e-08 9.451606e-05 1.2660698e-07 4.7421054e-06 1.419396e-07 3.9429756e-06 0.00012999901 9.7771655e-05 8.448646e-08 8.976327e-05
0.99967486 0.0024257177 0.0003576782 0.03208351 0.0051134434 0.027084408 0.003852524 0.027532978 0.0003011585 0.004029932 0.77082014 0.27311978 0.0054298425 0.006756766 0.0030752649 8.290341e-08 0.02076888 0.00083439215 0.0003675229 0.0010120143 0.97910327 0.0008957545 0.09617847 0.002070451 0.45718712 0.04557472 0.5987562 0.002049684 0.00044650526 0.00010967444 1.3090538e-05 0.0037781214 0.94564 0.0042474368 0.00030094775 0.00020239233 0.7437528 0.000101811784 0.58889955 0.00011315426 0.0008666567 0.00080864766 0.00048676186 0.022688176 0.15718798 0.00036771013 0.48678726 0.008304376 0.1842402 0.0012102774 1.047313e-05 0.12430732 0.0001511949 0.016711645 0.021587484 0.0006161549 0.029899728 0.0060101384 3.669148e-05 0.37428707 2.8398468e-05 0.042018022 2.8148047e-06 0.11849379 0.00039369657 0.24676746 0.00018538411 7.0148503e-06 6.7687574e-07 0.005272608 0.007467957 0.16463132 0.028541401 0.0010793199 0.017185893 1.6308693e-05 0.0012613822 0.0074649486 0.013950244 0.12458898 0.00017612716 0.018963378 0.0012026131 0.0014936731 0.00027438998 8.8248074e-05 0.03908961 0.0018802258 0.00083209755 0.004713113 4.5212928e-05 7.788478e-06 4.580759e-06 1.3376801e-05 4.9619503e-06 0.016196022 0.01423913 0.00080593576 2.0816371e-05 5.3690143e-05 0.00049053365
0.99869263 0.056571197 0.10951087 0.1515546 0.022105206 0.017998291 0.0362199 0.59701145 0.010516147 0.002903957 0.011803157 0.0026270591 0.8982679 0.66729903 0.4028841 0.02076888 3.4643887e-12 0.14835927 0.0021680342 0.982963 0.0044174525 3.076281e-05 0.00021401062 0.82235175 0.016791595 1.3119846e-05 0.00071736693 3.5714233e-06 0.0031186598 4.0134055e-05 0.002348687 1.5824581e-06 0.0021018977 0.09367466 0.6494835 2.4626775e-07 0.00021415211 9.712821e-08 0.0014640643 0.03407644 0.18377025 0.1376322 0.09119263 0.021095622 0.002808964 1.5970818e-07 1.4193988e-05 0.028901953 0.0013382996 0.007677121 0.0015606867 0.00028741127 0.0077649057 0.0005983477 2.4178669e-06 0.0077868486 0.00053108454 0.004679871 3.2843263e-07 4.842721e-07 0.0011997407 0.00012406262 2.1499775e-07 9.9726885e-06 2.7461613e-06 2.3730875e-06 0.0026092576 2.9660808e-07 8.720603e-06 0.0007521179 1.299112e-05 6.3276565e-07 1.5229341e-06 4.3695945e-06 8.585131e-08 0.0003418545 8.464644e-05 1.6507535e-08 3.37367e-08 6.7568612e-06 2.8165865e-05 1.4694034e-07 3.5659457e-07 3.2994362e-07 4.356492e-06 3.4440658e-05 1.1681224e-07 5.698373e-06 8.782882e-06 4.5445847e-07 8.8671015e-08 1.1802349e-09 1.91293e-05 8.9426795e-09 5.4691105e-07 4.0681445e-07 4.399615e-07 5.8563604e-08 7.8718895e-06 1.4673519e-07 9.212293e-08
0.8660654 0.018396165 0.08241924 0.040570464 0.006806435 0.004467387 0.005055138 0.07834901 0.2190078 0.0020937084 0.0011019523 0.00037226945 0.61532867 0.03773577 0.9974602 0.00083439215 0.14835927 5.1227675e-09 0.5484131 0.51308894 0.00014626165 0.0038645924 3.950886e-05 0.03144096 0.0004855647 8.354016e-06 2.0177997e-05 0.0001649078 0.9214962 0.006910925 0.966067 4.5191675e-05 2.657026e-05 0.0008299487 0.003776709 3.560059e-06 3.3405615e-07 0.9011023 2.1470382e-06 0.9100363 0.021372272 0.001116036 0.028002197 0.00018860346 6.724629e-06 0.00022643707 8.039045e-08 0.00016924647 4.4812586e-07 0.006142183 0.11646676 1.2521515e-07 0.0046413224 4.751553e-06 6.674185e-07 0.00031620672 2.966921e-07 0.00026410888 1.4186111e-05 3.0365395e-06 0.014995494 4.862486e-07 0.0026000089 5.530898e-07 3.9532433e-06 1.1534293e-07 0.0009351796 2.3538105e-05 0.27589363 2.7304419e-05 9.427785e-07 2.7519832e-07 6.426901e-08 7.666654e-08 2.2834386e-06 0.0008050819 4.7780566e-05 5.604873e-08 2.101185e-09 2.6044196e-07 5.8183414e-05 1.6696126e-09 5.166305e-09 1.2303375e-08 4.62618e-06 5.040104e-06 1.5326672e-06 2.3755167e-08 4.1052594e-05 5.153388e-07 4.9429914e-08 6.0107626e-09 1.1833186e-05 6.7545125e-09 1.8851094e-07 4.6146456e-09 3.468905e-08 1.0116413e-07 1.2096935e-05 3.9117927e-09 2.2460752e-07
0.9193489 0.1657649 0.4459955 0.05275325 0.014757098 0.013921688 0.015940836 0.21661118 0.9937758 0.061032236 0.0017303951 0.0005164035 0.047113825 0.007663815 0.102469094 0.0003675229 0.0021680342 0.5484131 6.2305144e-10 0.009756638 7.333129e-05 0.65740883 6.5633896e-05 0.0014172366 0.0001283887 5.712578e-05 2.6044296e-05 0.00052544964 0.98894244 0.7163183 0.37238985 4.9778442e-05 1.867949e-05 6.786702e-05 0.00017287167 6.725146e-05 3.3077282e-07 0.6009237 1.6979516e-06 0.074185304 3.8791273e-05 2.5047822e-05 0.0001849767 1.7534566e-06 4.8511456e-06 0.0044484767 8.516989e-08 2.3936257e-06 1.0102449e-06 2.596838e-05 0.00027199124 1.2918339e-07 0.00018840158 2.53044e-06 5.8070023e-06 2.6719638e-06 5.746411e-07 5.1437523e-06 3.6422927e-05 2.1437688e-06 5.0439437e-05 3.98605e-06 0.045783084 1.893566e-06 4.1041712e-05 1.6321746e-07 1.0364123e-05 0.0276946 0.8609546 4.5274646e-06 8.3259283e-07 1.9964161e-06 3.217945e-08 1.2079475e-06 7.843689e-08 4.2882697e-05 2.5239979e-06 7.0529985e-08 7.559665e-08 8.5324234e-07 2.1098206e-06 4.4665262e-07 2.7504651e-08 7.21702e-08 5.32972e-06 2.5308477e-06 1.4240956e-05 9.25272e-09 0.00010641289 1.0726857e-06 1.839089e-07 3.8359655e-08 8.296854e-07 6.0732496e-08 3.5490334e-07 4.4342e-08 1.2572898e-05 1.7223687e-05 3.1287943e-08 3.655685e-08 2.0360326e-06
0.96086144 0.0015241504 0.0060692295 0.01127016 0.00072156405 0.0008186734 0.0030255178 0.056537867 0.005922442 0.00042018096 0.0010332725 0.00043480666 0.9835063 0.1852239 0.8014927 0.0010120143 0.982963 0.51308894 0.009756638 3.2718198e-08 0.00016293295 0.00025836704 5.8139045e-05 0.217241 0.0015994048 1.3541945e-05 1.8492088e-05 9.492644e-05 0.09157084 0.00025635445 0.2167121 0.00011442455 8.037056e-05 0.0050573875 0.08565835 5.379703e-06 4.3780892e-07 0.13670747 1.7291593e-05 0.9237212 0.8644239 0.010381099 0.8866612 0.0006560108 7.385127e-05 1.8375727e-05 2.523852e-07 0.0011700179 7.147784e-06 0.43542695 0.39317295 1.8943861e-06 0.10961628 0.00011233879 2.4857593e-05 0.0107718725 5.7308325e-06 0.00069331244 9.059693e-06 1.9150064e-06 0.22894624 2.101934e-06 4.141275e-05 3.3404326e-06 1.9769554e-05 1.7552158e-07 0.05725506 1.1516164e-06 0.007490393 0.00036906538 1.1549099e-05 2.6896398e-06 6.257529e-07 1.4992876e-06 9.0782494e-05 0.0171565 0.0011125763 2.6207106e-06 1.684069e-07 1.2004976e-06 0.00077759987 2.8183837e-07 1.727053e-07 3.6213435e-06 0.00018914185 5.491915e-05 1.7209821e-06 6.907169e-06 0.00013357417 1.1754706e-06 5.795138e-07 8.991783e-09 0.0004189983 1.00713375e-08 6.4674323e-06 6.503351e-07 9.574625e-07 2.7686872e-06 0.0004354571 2.9948236e-08 8.293959e-07
0.98224986 0.00067812536 7.7473676e-05 0.021001656 0.009199587 0.020569868 0.014375514 0.009248691 0.00018360776 0.0015703525 0.75037 0.6162758 0.00082215003 0.0013884497 0.0005811496 0.97910327 0.0044174525 0.00014626165 7.333129e-05 0.00016293295 1.7194594e-10 0.00039568078 0.28494242 0.00021125405 0.10501768 0.1075655 0.97168916 0.0012338668 0.00010126274 8.129023e-06 6.684851e-06 0.0047194124 0.95288074 0.00070129667 5.971967e-05 0.00018796226 0.84363866 4.4975386e-06 0.3811642 1.9920494e-06 7.776288e-05 0.00010466395 4.242075e-05 0.0026959938 0.053711504 0.00034939373 0.6695489 0.0013695917 0.07356881 0.00028274255 8.7402634e-07 0.09028084 1.1505675e-05 0.0017025867 0.056767877 1.4918289e-05 0.0052218814 0.0005115845 8.000556e-05 0.66916865 1.6837944e-07 0.024092099 9.059905e-07 0.12698747 0.0010951405 0.45752165 1.251523e-06 2.701353e-07 1.941416e-08 0.00020962064 0.0017897167 0.42955136 0.016600376 0.0004634771 0.0021557328 3.3386536e-07 0.00023576354 0.0010331986 0.003930948 0.3442062 6.885314e-06 0.015754351 0.00012970922 0.00019591973 3.352485e-05 1.2029146e-06 0.124855295 8.034643e-05 0.0048154923 0.0054670307 2.9292194e-05 2.0494042e-06 5.4460116e-07 5.723509e-06 5.5499777e-07 0.00056875293 0.044288132 0.0031211325 1.8228577e-06 1.1076575e-05 0.0017472521
0.913832 0.80029637 0.9282725 0.17616798 0.14006676 0.11412421 0.3020977 0.3534816 0.9087964 0.92218345 0.007114743 0.0027305803 0.0046124817 0.0020789024 0.001874578 0.0008957545 3.076281e-05 0.0038645924 0.65740883 0.00025836704 0.00039568078 6.2389105e-10 0.000661938 0.00028127816 0.00022956442 0.0005259861 0.00019719797 0.009463137 0.06167454 0.9962797 0.00081078714 0.00015079488 0.00011787621 9.62313e-06 7.795415e-05 0.00032886566 1.6192891e-05 0.01181888 2.168678e-05 7.9088626e-05 1.6728537e-06 1.4519666e-06 8.1878934e-05 3.5916352e-07 2.2205217e-05 0.88215727 3.8869817e-07 6.6629474e-07 3.9879515e-06 4.5743377e-06 1.4402669e-05 1.3299621e-06 7.129692e-05 2.5152967e-06 0.0002488742 6.649223e-07 1.173421e-06 6.412147e-06 0.00024079377 7.0035335e-06 1.1495355e-05 1.5440643e-05 0.01214533 2.5618518e-05 0.00093279686 2.0074329e-07 8.1458353e-07 0.7329388 0.0018364848 6.916555e-06 8.0719593e-07 4.124897e-07 1.7547999e-08 5.973929e-06 3.3374755e-07 3.0557387e-06 1.7058884e-06 2.1417345e-07 5.359838e-08 4.7769836e-06 2.835007e-06 9.51259e-07 4.0694076e-06 9.516423e-08 1.4508261e-06 1.7854894e-08 1.4103879e-05 5.501961e-08 0.00030507016 1.7875519e-07 1.3254859e-06 4.007884e-08 1.5514985e-06 7.313689e-08 2.2148333e-08 1.3984288e-07 1.7318536e-06 3.4345292e-06 2.0585282e-10 2.2983713e-08 7.723587e-06
0.9455432 0.00088971603 0.00025020784 0.08101746 0.07665809 0.14301021 0.19046487 0.022831662 3.552233e-05 0.008152069 0.8487727 0.98419076 7.6404256e-05 0.0011898521 1.3437316e-05 0.09617847 0.00021401062 3.950886e-05 6.5633896e-05 5.8139045e-05 0.28494242 0.000661938 8.820759e-09 0.000252001 0.004488911 0.9741677 0.69822437 0.025818914 3.9284372e-05 3.677724e-05 8.642775e-06 0.41446316 0.014641986 2.230729e-05 1.1526475e-05 0.01724995 0.010780905 1.0037443e-06 0.0011453553 2.5444548e-05 2.7547375e-07 3.6618e-07 1.0790463e-05 1.2128621e-05 0.0003435027 0.003897394 0.0084500015 1.2122938e-06 9.908202e-05 3.3610243e-06 9.342787e-06 0.00012172987 1.8549501e-06 9.830398e-06 0.96567845 1.0309097e-07 5.0902803e-05 7.955306e-06 0.37685606 0.32619846 5.292815e-06 0.000121862155 2.1355497e-06 0.00090425863 0.26100415 0.063355364 2.7474819e-08 3.1385546e-06 7.076417e-08 4.037728e-06 1.0148505e-05 0.034045413 2.7024569e-06 3.2838412e-05 1.4032103e-05 3.4721122e-06 2.3577163e-06 4.070592e-06 1.3826119e-06 0.022581292 9.451759e-07 0.00010571021 7.1210444e-08 4.2451174e-07 2.1325853e-07 4.5126896e-07 0.13596328 1.8491617e-08 0.615948 8.1946906e-05 7.477812e-07 9.503835e-08 1.9865438e-06 8.914856e-08 7.286927e-08 2.7962963e-07 0.000947429 0.00053209264 6.151966e-09 1.1155505e-08 0.013747739
0.9820643 0.020996235 0.014776815 0.028270852 0.0030877958 0.0052163587 0.0023164656 0.12403026 0.005841538 0.0006431034 0.001995787 0.00068477134 0.22494839 0.9724057 0.07796796 0.002070451 0.82235175 0.03144096 0.0014172366 0.217241 0.00021125405 0.00028127816 0.000252001 2.886165e-08 0.014866132 6.612042e-05 0.000112688496 0.00044498895 0.003265047 0.00013696274 0.010468587 3.5333233e-05 0.0005050071 0.953986 0.9726637 4.035761e-06 3.787905e-05 0.0033029122 0.00046764797 0.006886444 0.68174523 0.54636514 0.05920683 0.30300325 0.0013250398 1.3106364e-05 7.568134e-06 0.3698598 0.0007268676 0.8216962 0.002387714 0.00030456026 0.053698443 0.0062217307 4.0974366e-05 0.8331294 0.0011627099 0.09301553 1.2406189e-06 7.6136694e-06 0.010655853 6.9851167e-06 2.9221042e-07 2.6467354e-05 1.4866115e-06 5.3283144e-05 0.23518333 4.634088e-08 0.0008872906 0.038148332 0.00055939663 3.0012443e-05 0.00016177389 1.3978743e-05 0.002713839 0.012528894 0.021921378 0.00069146225 1.0603998e-06 1.9121311e-05 0.26043415 1.9684612e-07 1.1071248e-06 0.00016032861 0.06333799 0.0026155347 4.4607666e-05 0.0007469331 3.4427096e-05 6.9272755e-06 5.237591e-06 5.456313e-08 0.0028781777 1.5490308e-08 6.9918446e-05 0.0021141872 7.329756e-06 2.8717263e-06 0.000765487 2.3150695e-07 4.3612145e-06
0.99966925 0.00047613942 0.00012585141 0.0023284045 0.0008433176 0.0032654223 0.00043338584 0.005686382 0.00016531689 0.0008861084 0.041289527 0.006251374 0.0014087781 0.03679891 0.001899553 0.45718712 0.016791595 0.0004855647 0.0001283887 0.0015994048 0.10501768 0.00022956442 0.004488911 0.014866132 1.2605541e-09 0.0023333558 0.016880374 0.000315377 0.000121577985 4.192689e-05 6.3418665e-05 0.0005536657 0.21933968 0.019404557 0.002498659 1.24560465e-05 0.028695432 0.00021667399 0.38001606 7.673308e-05 0.001015216 0.004038568 0.0005372897 0.42111406 0.96762323 5.6592642e-05 0.0069725146 0.057430714 0.8859211 0.002515682 2.2275697e-05 0.331788 0.00020490057 0.93012 0.002557747 0.0023725398 0.8371664 0.09949858 3.3522804e-07 0.00074843515 4.1118343e-05 0.052761186 1.1124409e-06 0.013676151 3.738184e-05 0.0075315726 0.00034290983 4.7265215e-07 2.0868974e-06 0.07174952 0.2739183 0.0005627073 0.3492448 0.016576525 0.50677216 2.2410684e-05 0.02402324 0.21775422 0.008321345 0.0055805575 0.0006085777 0.00451257 0.033214603 0.2707318 0.0027979943 0.0037081246 0.00035001643 0.3720918 5.4037623e-06 0.0026244288 0.00072485674 6.035204e-05 1.461262e-05 2.3049864e-05 4.057548e-05 0.4602106 0.0026740592 5.2176223e-05 5.1302628e-05 0.0046841595 6.0746195e-05
0.93433535 0.010461835 0.0019648483 0.18126202 0.3343738 0.41548136 0.5912586 0.041312724 6.0889055e-05 0.0096042985 0.66290605 0.8930656 2.2268923e-05 0.0013282173 3.9835654e-06 0.04557472 1.3119846e-05 8.354016e-06 5.712578e-05 1.3541945e-05 0.1075655 0.0005259861 0.9741677 6.612042e-05 0.0023333558 2.4945193e-09 0.2933383 0.24545994 3.8927094e-05 0.00021073129 2.9865444e-06 0.99704635 0.0041622855 5.368981e-06 3.9591947e-07 0.10526858 0.0019236268 2.7905764e-07 0.00029546794 9.064109e-06 4.4081933e-08 6.738174e-08 1.0871704e-05 1.3153315e-06 0.00017686743 0.012865546 0.00063266134 6.579013e-07 2.8543758e-05 5.816643e-07 9.625323e-06 2.1691496e-05 5.4469547e-06 6.5806407e-06 0.7490604 6.1043703e-09 2.2134029e-05 8.929331e-06 0.7932892 0.004298525 1.6969001e-05 4.4736535e-05 7.1903884e-07 0.000101927486 0.28663784 0.00095793535 1.3499792e-07 1.17844675e-05 4.8647865e-07 5.264036e-06 6.97426e-06 0.0003685427 1.3030689e-07 1.6195781e-05 1.3835814e-06 2.8915567e-06 6.81443e-06 3.7595134e-07 3.6736367e-07 0.0009840152 3.9482698e-06 3.2908213e-06 1.1256733e-06 1.5482873e-07 2.0888028e-06 8.0158446e-07 0.002652058 1.17043065e-07 0.45241162 3.959805e-06 2.6462167e-06 8.840066e-08 2.4607186e-06 3.1281136e-08 1.1151887e-08 1.253391e-06 1.567744e-05 1.5241772e-05 5.713367e-09 2.6481048e-08 0.0009486658
0.97872925 0.0007234082 2.4803976e-05 0.025030248 0.012610865 0.026332418 0.035087563 0.01004636 4.5257962e-05 0.0016835344 0.6383236 0.68150806 8.538196e-05 0.0009927044 4.747886e-05 0.5987562 0.00071736693 2.0177997e-05 2.6044296e-05 1.8492088e-05 0.97168916 0.00019719797 0.69822437 0.000112688496 0.016880374 0.2933383 3.2117484e-10 0.00095362024 1.3129321e-05 7.04848e-06 1.720073e-06 0.01741322 0.600138 8.216625e-05 8.819301e-06 0.0003291129 0.6030866 4.0366288e-07 0.105374075 6.535657e-07 1.2801078e-06 6.974662e-07 3.2344885e-06 5.095293e-05 0.0011367293 0.00028010542 0.89370435 9.097512e-06 0.0008529662 7.218507e-06 3.693217e-07 0.0056152344 2.912002e-06 5.558719e-05 0.5361399 2.8309614e-07 0.00023546313 1.1906982e-05 0.0011758407 0.97522694 4.70585e-07 0.009842701 4.989798e-07 0.12081504 0.017241627 0.8303458 6.9624974e-08 1.2340656e-07 6.9918102e-09 8.008835e-06 4.1355088e-05 0.7366069 0.0002810961 6.1666695e-05 8.438618e-05 3.9962947e-07 1.0431333e-05 4.2678337e-05 0.0012954456 0.62448174 6.304388e-07 0.009885698 3.5780745e-06 1.6729295e-05 1.0258652e-06 1.808605e-08 0.51198816 2.0623865e-07 0.2058093 0.0011188168 4.893252e-06 9.6942756e-08 4.25778e-07 1.6228975e-07 7.421668e-08 7.0884977e-07 0.09755063 0.017460879 1.5806368e-07 4.2860452e-07 0.022394134
0.7011358 0.0653784 0.05036316 0.16773891 0.52551115 0.33950645 0.895214 0.08827439 0.0014242756 0.6269866 0.07241795 0.22243801 0.00033484414 0.0018813532 8.743958e-05 0.002049684 3.5714233e-06 0.0001649078 0.00052544964 9.492644e-05 0.0012338668 0.009463137 0.025818914 0.00044498895 0.000315377 0.24545994 0.00095362024 1.6183666e-10 8.029464e-05 0.00032611727 1.5368436e-05 0.7563617 5.4642784e-05 2.506321e-05 6.963613e-06 0.9939644 6.367313e-05 1.6013942e-06 1.0467099e-05 1.2397342e-06 2.8229593e-07 2.5138506e-06 3.1867396e-06 1.9521228e-06 3.1580967e-05 0.99853927 1.1885483e-05 4.968452e-06 1.8487997e-05 2.619406e-08 4.8009283e-06 3.4121429e-06 4.0612467e-06 2.5663574e-06 0.0028515246 7.605965e-07 6.9979046e-06 1.2501822e-06 0.022615701 2.0656267e-05 1.4842614e-06 2.631358e-05 3.2223656e-05 2.8939182e-06 0.002216835 2.6636312e-06 6.423384e-08 0.00095851737 1.353563e-05 1.5435931e-05 1.6885116e-06 8.477893e-07 3.5744492e-08 6.339801e-06 5.0311378e-08 4.106812e-06 4.5126296e-07 9.2844395e-08 1.5414475e-08 2.1897222e-05 2.1462718e-05 7.189861e-07 4.9341253e-07 9.196335e-08 5.6992317e-08 2.2391288e-07 9.4246294e-05 3.966158e-08 0.022089334 5.849799e-07 9.77683e-07 1.5601827e-08 3.7005132e-06 2.1683602e-08 7.623226e-09 4.1797696e-07 5.0260833e-06 1.2800266e-05 3.6581124e-08 1.4284283e-08 6.952668e-05
0.93701863 0.077768825 0.21430795 0.048936628 0.00644005 0.0069358465 0.0052915537 0.30002058 0.60010177 0.0039877123 0.0019183304 0.0005523366 0.27956858 0.020911204 0.54945475 0.00044650526 0.0031186598 0.9214962 0.98894244 0.09157084 0.00010126274 0.06167454 3.9284372e-05 0.003265047 0.000121577985 3.8927094e-05 1.3129321e-05 8.029464e-05 1.6348547e-08 0.0361999 0.96887326 0.00011859844 2.866168e-05 0.00027794414 0.00028289008 1.068969e-05 4.629805e-07 0.96298313 9.425668e-06 0.61638975 0.0001886085 8.200601e-05 0.0005437465 1.6076396e-05 1.6106136e-05 0.00035011824 3.011814e-08 1.6294982e-05 1.3168426e-06 2.5182479e-05 0.002005514 9.025448e-08 0.00017286162 8.091279e-06 4.6973873e-06 9.813583e-06 3.850667e-06 1.4662594e-05 1.6554422e-06 1.2864035e-07 0.00011760211 1.1778725e-07 0.024126537 9.526576e-08 1.0045895e-05 8.568081e-09 0.00027086525 0.0010408895 0.74172 3.5774796e-05 1.246976e-07 4.63003e-09 1.2307137e-07 2.3271012e-08 4.243921e-08 0.00011889219 4.8210795e-06 3.6110695e-08 2.8249199e-09 2.687963e-06 5.8864853e-06 8.453821e-08 1.3909226e-08 5.3494955e-07 1.3002666e-06 2.0964313e-07 1.9503811e-06 2.199345e-07 6.4195476e-05 1.7639207e-06 1.5920629e-06 9.6292055e-08 6.511077e-07 7.697453e-08 3.3124394e-08 1.0721016e-06 3.7565374e-06 1.2699164e-05 5.0561592e-08 2.0362751e-08 0.000121536614
0.61813015 0.10753509 0.2678582 0.009248139 0.005351445 0.004181395 0.0065892865 0.055852603 0.5088061 0.022412917 0.0004945192 0.00013096875 0.002377523 0.0008855686 0.0024826273 0.00010967444 4.0134055e-05 0.006910925 0.7163183 0.00025635445 8.129023e-06 0.9962797 3.677724e-05 0.00013696274 4.192689e-05 0.00021073129 7.04848e-06 0.00032611727 0.0361999 2.7223837e-09 0.0061133723 5.8848436e-05 4.11226e-06 8.163563e-06 1.7085009e-05 7.758991e-05 6.48126e-07 0.08214679 3.8963526e-07 0.0011586851 7.3560295e-06 2.6930164e-07 5.4625954e-05 3.490657e-07 3.468743e-06 0.023273466 4.4792007e-08 2.8322225e-07 1.5868558e-06 7.898035e-06 5.691984e-05 8.857687e-08 2.168982e-05 1.7092511e-06 4.9807596e-07 1.3402274e-07 1.6523042e-07 3.2937743e-07 8.567866e-06 1.8697233e-06 6.23176e-05 1.2439413e-07 0.18947661 1.9935546e-06 9.8626115e-05 8.176614e-08 7.2343266e-07 0.9837102 0.9604759 4.850651e-06 3.3584334e-07 4.752298e-07 6.69831e-08 2.836615e-07 2.0441308e-07 3.150822e-05 2.0712714e-06 8.672043e-08 8.414954e-08 2.8833972e-06 2.475755e-06 4.6176308e-07 3.7942974e-07 8.315553e-08 1.3782885e-06 2.6783592e-08 5.067905e-06 4.3517037e-08 0.00033776514 4.6877835e-06 0.00011189058 8.998595e-07 4.9092864e-07 3.2850468e-07 1.0415681e-06 4.392178e-07 2.4647677e-06 2.122299e-05 1.4325046e-08 2.6329266e-07 4.986535e-05
0.889881 0.005087578 0.010083026 0.0020979196 0.0008683503 0.00057451404 0.0003813668 0.026928583 0.043761123 0.00012518252 0.000111888134 6.965158e-05 0.51766855 0.01732807 0.6737137 1.3090538e-05 0.002348687 0.966067 0.37238985 0.2167121 6.684851e-06 0.00081078714 8.642775e-06 0.010468587 6.3418665e-05 2.9865444e-06 1.720073e-06 1.5368436e-05 0.96887326 0.0061133723 3.2415626e-12 1.5081629e-06 2.4255648e-06 0.00045088425 0.0008098848 4.220283e-06 2.075571e-07 0.9955968 2.1035589e-07 0.89972156 0.0012198734 0.00019231159 0.001636994 1.3411468e-05 7.0476467e-06 1.7094802e-05 4.414664e-08 1.8915365e-05 1.3407298e-07 0.00013461629 0.010374854 6.0702123e-09 0.0011011745 3.9156876e-06 1.3910308e-07 6.015988e-05 1.8113668e-06 5.870323e-06 1.3522418e-07 1.6246002e-08 0.00056522875 2.5960292e-08 0.002314361 2.6455064e-07 3.3813333e-06 2.0803606e-09 0.00032286302 0.00015303725 0.61433357 7.4208397e-06 2.0041274e-07 2.1749451e-09 8.092427e-08 8.498033e-07 2.998682e-08 0.0009447146 4.609423e-06 8.368405e-09 9.9383906e-09 5.6542385e-06 4.134645e-05 1.6327109e-08 1.6167661e-07 1.8456727e-07 8.2674876e-07 1.3149412e-08 2.3043917e-06 8.182577e-07 3.994832e-05 1.5182943e-07 1.268427e-06 3.3814462e-08 1.9499636e-05 3.4182072e-08 3.5300644e-08 6.503841e-07 1.7709418e-07 6.8130917e-06 1.4279816e-08 2.1281204e-08 8.019404e-06
