1.5901628e-08 0.6233462 0.5383407 0.76159114 0.5881699 0.9878643 0.19270097 0.8416477 0.99406034 0.9491085 0.9986635 0.99587125 0.8579496 0.9871114 0.9760991 0.92629194 0.07034723 0.873407 0.7374293 0.94853836 0.925977 0.9265129 0.97896117 0.92766494 0.9912583 0.9784002 0.99986744 0.9940237 0.988135 0.9212177 0.12133123 0.36625412 0.95842963 0.9997001 0.8117271 0.61786014 0.015181607 0.34450266 0.048751738 0.9153297 0.9989869 0.9949151 0.8784771 0.9174723 0.79218644 0.9393721 0.8265729 0.84340805 0.96462566 0.9977352 0.9085944 0.99990124 0.9995684 0.9509512 0.6162331 0.95429426 0.9668972 0.092885725 0.98122203 0.9960692 0.98575616 0.9945686 0.8621714 0.91961074 0.9782187 0.96721286 0.9484503 0.7868248 0.9770858 0.96799165 0.5623331 0.6599487 0.9532509 0.060471922 0.9414512 0.016323283 0.8774133 0.9094729 0.8024717 0.93749213 0.7529732 0.9220298 0.1807916 0.731397 0.62637395 0.8364451 0.44638547 0.9082534 0.23154391 0.8460573 0.00043736596 0.09066338 6.0125094e-06 0.31003034 0.36306277 0.20539406 0.014103423 0.000557177 0.027660603 0.08603564 0.10822685
0.6233462 5.0088282e-08 0.23485184 0.98682564 0.98800373 0.9754091 0.9807875 0.03158656 0.86302847 0.29377067 0.008932754 0.026952753 0.012278035 0.006173045 0.022096718 0.009946579 0.0026146718 0.0010311594 0.0008215752 0.00023503955 0.013822667 0.0064802584 0.08281113 0.00039082285 0.0021301007 0.00038679453 0.07292743 0.00077301124 0.00080081244 0.00028560875 0.00073004875 0.00091615843 0.00016442209 0.0039177407 0.00025323377 0.0001390086 0.00012489954 0.0001573 3.5104317e-06 0.0012138366 0.00022226734 0.0003158354 3.9038405e-05 3.9638424e-05 1.8617928e-06 2.7913567e-05 3.9457726e-05 0.00031128566 0.00014494722 0.0003216325 0.00014445085 0.0003685304 0.00032164724 0.00047510024 0.0003432378 1.5974703e-05 0.00014992905 2.4868534e-06 1.750233e-05 5.4766865e-06 5.394983e-06 1.0033811e-05 5.8765067e-06 2.048017e-06 1.4204406e-06 5.346336e-06 7.538039e-08 8.370222e-06 3.1177362e-07 6.5483283e-07 4.4019167e-08 4.277067e-05 3.4123462e-07 7.837326e-06 1.3146694e-06 2.9402056e-08 2.1038979e-07 4.8409635e-08 1.7624939e-07 8.3136335e-08 6.241808e-08 3.3328925e-07 8.232178e-09 7.2353366e-08 1.5112261e-05 1.6122373e-06 4.244478e-07 1.5394282e-07 8.1882645e-06 2.6331227e-07 2.8135256e-07 3.8729758e-07 3.0029674e-09 1.5819595e-07 2.2692441e-07 1.2964498e-05 6.5256513e-06 2.5416014e-08 3.8885497e-07 6.5896177e-09 8.3944303e-07
0.5383407 0.23485184 3.1656643e-11 0.9946093 0.06170008 0.26693338 0.85537326 0.99981654 0.027576359 0.7824666 0.012117142 0.28720883 0.19462913 0.060058404 0.0007455165 0.00051168265 0.00018370357 0.021684183 0.115747854 0.0060031395 0.0016784637 0.0005325939 0.008322912 0.00036926623 0.0006783779 0.00020220077 0.0124678835 2.3221497e-05 0.0015575924 0.0001382587 0.030585263 1.1109403e-05 0.00048352338 0.0031292748 1.0944211e-05 5.4299894e-06 1.0926497e-06 8.7927465e-06 3.0081026e-06 1.3866731e-05 4.94889e-05 0.00043949398 1.7377847e-06 9.81146e-06 7.8155686e-08 1.0897572e-05 1.2417748e-05 3.8286616e-05 1.9454103e-06 1.6826321e-05 1.2033449e-06 7.9780184e-05 1.9579185e-05 2.8073453e-05 8.301929e-05 9.084256e-06 8.1463564e-05 5.267729e-07 3.7233545e-07 2.1790831e-07 2.9444695e-07 1.2067134e-06 1.6944234e-06 4.947569e-07 4.5211994e-08 9.0485065e-07 6.525135e-08 5.321299e-06 7.9954833e-07 2.6179325e-08 2.2695458e-08 1.5545517e-07 3.2038147e-07 2.6595014e-06 4.9237747e-07 2.2601245e-08 4.870483e-07 9.053116e-09 6.3389656e-08 1.12530884e-07 5.4711943e-08 9.302557e-08 8.048741e-08 3.8422332e-08 2.3892435e-05 3.7577462e-07 3.7502105e-07 1.2716082e-07 3.1185834e-07 6.633632e-08 4.752885e-08 7.643235e-08 4.8932725e-09 3.234399e-08 1.1448037e-07 2.7340677e-06 2.0622176e-05 2.785758e-09 8.1298516e-08 1.1884689e-07 9.834594e-07
0.76159114 0.98682564 0.9946093 1.587502e-08 0.17856729 0.98555654 0.22789389 0.20902494 0.48579195 0.8093144 0.087640285 0.2221952 0.0643811 0.035826705 0.0029329315 0.0004309293 0.0006006996 0.006107391 0.0016971076 0.001834701 0.0032282853 0.0010627714 0.022821635 0.0002881828 0.00067965884 0.00034713227 0.029839966 0.00013964865 0.0022541902 0.00029023428 0.002762022 3.8730726e-05 0.00030614008 0.0079047 0.0001710458 5.5227818e-05 1.1207293e-05 0.00021407576 4.245707e-06 0.0006288218 2.6539112e-05 0.00072484085 1.8156177e-06 8.4186424e-05 6.589735e-06 9.383806e-05 9.137661e-05 0.0003238884 5.0434624e-05 0.00014985385 4.5241522e-05 0.00025806116 0.00023773324 0.00011284357 0.0001223642 3.8162707e-05 0.00026089852 1.4282009e-06 2.2688895e-05 3.6333034e-07 3.83232e-06 1.2565657e-05 8.256055e-07 2.0471482e-06 3.4462965e-07 1.7822402e-06 2.3356176e-07 4.137392e-06 4.9685195e-07 1.8018632e-06 1.1611074e-07 1.5089737e-05 1.3305271e-07 3.074907e-06 5.960234e-07 8.598225e-08 1.9504658e-07 3.0067287e-08 1.3060996e-07 3.9139888e-08 4.0398635e-07 6.263263e-08 1.8330708e-07 2.0123782e-07 1.788795e-05 4.7117416e-07 9.278426e-07 6.5949814e-07 2.281573e-06 1.9949685e-07 3.302153e-07 8.1573563e-07 1.39497685e-08 6.145844e-09 3.1619265e-07 2.4397452e-05 3.874495e-05 1.7219776e-07 9.340435e-06 1.3898406e-08 2.7334522e-06
0.5881699 0.98800373 0.06170008 0.17856729 1.13553065e-11 0.47145444 0.99991184 0.008124369 0.9590997 0.07005024 0.001876992 0.006055625 0.0009177806 0.0014893676 0.13973774 0.017611375 0.0061415094 0.00011248116 6.4418496e-06 4.2263546e-05 0.019730914 0.010509188 0.1232923 4.666329e-06 0.005146091 1.174017e-05 0.12876508 0.0011683587 0.00032899738 3.274622e-05 6.9357535e-05 0.0018455259 8.862929e-05 0.002315413 3.988735e-06 1.4241172e-07 0.0001625651 0.00013309073 3.7647806e-07 0.00014233115 0.0001805069 0.00012597388 5.920462e-06 3.4354954e-08 1.3822787e-09 3.6176843e-06 3.4986203e-06 4.3951304e-06 8.390454e-05 5.2099596e-05 1.2450286e-05 0.00037665493 8.541804e-05 8.145855e-06 1.8664105e-05 2.1477356e-07 5.2561423e-05 1.1129923e-07 8.618572e-07 9.870254e-08 7.375914e-07 4.965853e-07 2.2021952e-07 7.859005e-09 8.870417e-08 2.2522656e-07 2.1615799e-08 1.517732e-06 2.1376026e-07 5.5373977e-08 1.14441665e-08 1.7053272e-06 1.9323208e-08 8.439466e-08 1.4328988e-07 4.75769e-09 4.984257e-09 5.0291296e-09 2.502411e-09 2.6850944e-09 8.9328384e-10 2.2491211e-07 2.2207547e-09 7.05096e-10 3.3664728e-07 1.5031716e-08 4.2856163e-09 1.283408e-08 9.675734e-07 4.280157e-10 3.1685143e-08 1.557902e-08 7.374619e-09 1.5837752e-09 2.8286847e-08 1.432665e-07 6.9156346e-07 1.9020144e-08 1.5023068e-07 9.0863256e-10 2.3364643e-07
0.9878643 0.9754091 0.26693338 0.98555654 0.47145444 2.8481077e-09 0.14758949 0.15667465 0.9081955 0.8723198 0.11162757 0.40660748 0.044872865 0.050667185 0.08398834 0.0068616765 0.00295168 0.004929406 0.0026731899 0.0008285382 0.17025737 0.056489155 0.5625908 0.00014866996 0.035795573 0.00029075038 0.6350605 0.002657978 0.012459254 0.0009601103 0.0008691635 0.0008839051 0.0023598894 0.06293966 0.00037114823 1.7879409e-05 3.35804e-05 8.1112856e-05 4.196415e-06 0.0003172824 0.0007919395 0.006802496 5.4049506e-05 2.3479946e-05 8.484991e-06 0.00091418467 0.0005371053 0.0003806468 0.00035309413 0.0011266039 7.953363e-06 0.0021571652 0.0015862418 0.00012014988 5.1275285e-05 0.00021272301 0.00055366516 1.8925622e-08 0.00014621869 1.2381042e-05 2.367602e-05 1.7772174e-05 5.882218e-07 3.484751e-06 1.9230188e-06 4.7894455e-06 1.1028736e-06 2.7059334e-06 2.9518317e-06 3.1333147e-06 8.658772e-08 2.9819497e-05 1.01454745e-07 2.3343807e-06 1.8575311e-06 2.6352714e-08 3.266048e-07 1.7002726e-07 1.5915617e-06 1.19955565e-08 4.107838e-08 3.146873e-07 1.41201815e-08 5.095118e-07 3.7327604e-06 1.2185453e-07 1.2505488e-07 4.009964e-08 2.2127836e-06 1.2097113e-08 2.4957498e-07 1.5992704e-07 2.5653526e-09 1.6161225e-08 7.2074275e-09 9.637894e-05 6.122632e-07 9.52841e-08 2.9090734e-06 5.000712e-09 1.3886992e-07
0.19270097 0.9807875 0.85537326 0.22789389 0.99991184 0.14758949 8.900498e-12 0.017432345 0.85202575 0.081852034 0.000906897 0.00613972 0.0101893 0.0144426 0.7363135 0.24470203 0.8580227 0.001284851 3.3485612e-05 0.00018377224 0.014361626 0.0063777785 0.010169166 9.4403185e-05 0.0016837439 0.000109018714 0.009110866 0.0006613669 0.001678832 0.000116644886 5.0453314e-06 0.0047033406 5.422096e-05 0.0014719394 0.0004964466 7.6607485e-08 0.00033622968 0.0005307451 9.810659e-09 0.00039569326 0.00014314013 5.1857154e-05 2.9427656e-05 1.353508e-08 1.4759362e-10 1.3994467e-07 2.1643184e-07 1.2986634e-07 2.002157e-06 6.9994335e-06 1.791057e-05 4.2041564e-05 9.4621305e-07 1.656321e-05 1.6661419e-05 2.569628e-07 1.0368937e-05 6.309903e-09 1.2427105e-07 1.0954374e-08 7.2531856e-07 2.7138944e-07 4.3184894e-08 1.9026023e-08 9.292727e-09 1.604443e-07 4.272524e-09 2.5864013e-08 6.738572e-08 2.223663e-08 3.418543e-10 2.1358623e-07 2.2804385e-07 3.76077e-10 1.6665677e-09 5.060659e-10 2.4444766e-08 1.402585e-09 1.5579806e-10 8.9908106e-08 1.951797e-08 4.5680397e-09 7.6642515e-09 4.1438755e-10 3.22498e-08 4.661552e-06 7.504323e-09 4.469649e-09 3.1334983e-09 5.3526e-10 3.7045012e-09 2.9584655e-08 1.3015684e-09 2.3446627e-09 1.9405348e-08 8.292883e-09 1.7522288e-07 2.680682e-10 8.710764e-09 2.0379693e-08 5.16466e-09
0.8416477 0.03158656 0.99981654 0.20902494 0.008124369 0.15667465 0.017432345 2.6285744e-12 0.008231888 0.90681267 0.025134474 0.6772364 0.8792526 0.38302281 0.00016333417 0.0002399692 4.2763855e-05 0.91241384 0.92551607 0.66430026 0.00072884315 5.6796853e-05 0.0032754433 0.077915624 6.716365e-05 0.01497051 0.007899806 1.6692185e-06 0.014230164 0.0023883632 0.43052515 1.1776772e-07 0.0021582742 0.017052837 1.8537272e-05 0.00015139328 3.5299112e-07 4.355412e-06 8.8565e-05 2.0075029e-06 3.2579767e-06 0.002606435 8.9465736e-08 1.4268865e-05 4.0554646e-06 3.1617637e-05 0.00010573946 0.00012537869 2.9422251e-06 3.4961475e-05 2.0418825e-07 3.582259e-05 2.7944277e-05 1.4148875e-05 2.6116375e-05 8.069994e-06 5.1324358e-05 4.850935e-07 5.7351383e-07 1.9143023e-07 2.9878103e-07 4.5724593e-07 7.197994e-08 1.6196552e-07 4.3842455e-08 3.7238945e-07 4.7043354e-08 3.261261e-07 5.021809e-08 7.660993e-09 1.13882884e-07 3.5877548e-08 2.3215948e-08 1.18799186e-07 7.715646e-09 2.533422e-08 1.560651e-07 5.877596e-09 1.0883613e-07 2.4041606e-08 2.7442672e-07 2.3275482e-09 3.4025388e-07 8.4120806e-08 6.3391326e-07 1.611305e-07 6.187154e-08 4.2291013e-08 2.0140371e-07 5.2468447e-08 4.774537e-08 1.5408624e-08 1.0447097e-08 7.811184e-09 1.00723945e-08 6.8564333e-07 7.961615e-07 1.5091058e-09 2.3433495e-08 2.8552238e-08 3.2917865e-07
0.99406034 0.86302847 0.027576359 0.48579195 0.9590997 0.9081955 0.85202575 0.008231888 1.1790806e-09 0.43445125 0.007086555 0.031928796 0.00609668 0.005703248 0.9101241 0.035495255 0.0037349134 8.9576766e-05 8.285626e-07 4.456812e-05 0.50791305 0.23459832 0.7726375 2.100981e-05 0.1139175 6.8114256e-05 0.7797634 0.010296699 0.0023234957 0.00042863932 7.957304e-07 7.398916e-05 0.00031639915 0.023085443 0.0064571192 3.5780818e-06 2.8774282e-06 8.7887005e-05 1.0038734e-08 0.00030765173 0.0018805092 0.0030782463 2.2768878e-05 6.966897e-07 9.705428e-05 7.4152624e-05 0.00015367975 9.673909e-05 0.0005146068 0.0004552306 2.6852163e-06 0.0025407001 0.000899519 0.00012457941 1.0236209e-05 0.000113631046 0.00015147359 2.5017428e-09 0.00011831387 2.4217115e-06 4.818283e-05 2.3416194e-05 1.0745823e-07 3.0160109e-06 3.9952147e-06 1.2165012e-06 8.23764e-06 3.1669047e-06 2.4405737e-05 5.4659795e-06 2.9816563e-09 1.5783307e-07 2.565601e-06 4.6796425e-09 1.911472e-06 4.3092366e-10 2.9941913e-07 1.556158e-07 3.4140322e-07 1.6639554e-07 1.2799734e-06 1.8264373e-08 1.736567e-08 3.701812e-08 1.3265583e-06 1.4225263e-07 8.98541e-08 2.2896105e-09 1.1417715e-07 1.2272122e-06 6.581554e-09 5.4519513e-09 3.8379428e-11 1.2842806e-07 2.0506759e-09 4.3976854e-07 3.6662477e-09 3.3516119e-09 4.2733967e-09 3.538997e-08 6.0264234e-08
0.9491085 0.29377067 0.7824666 0.8093144 0.07005024 0.8723198 0.081852034 0.90681267 0.43445125 1.7117518e-08 0.987845 0.97965556 0.46289438 0.84316385 0.010506148 0.007839159 0.0008044851 0.2847459 0.14716741 0.12945464 0.066240266 0.00877932 0.19185258 0.012296063 0.002738964 0.0071337875 0.16388819 0.0005588187 0.018509084 0.0060406425 0.015531894 0.0002597518 0.001028493 0.068559915 0.00094592717 0.0004466241 4.180356e-05 9.061719e-05 7.15643e-05 0.00053145975 0.0013522916 0.008178444 0.00015452271 0.0002708673 0.00066857383 0.00028841814 0.0005192022 0.0015702221 0.0006258445 0.00091147516 4.4674034e-05 0.0014217093 0.0008915929 0.0007286083 0.00023773438 0.0004248354 0.0008164132 2.3905552e-06 0.00012909625 0.0006284576 7.416663e-05 0.00010080074 3.801306e-05 5.327908e-05 4.4098648e-05 6.1044644e-05 9.208561e-06 4.5713696e-05 1.3690953e-05 1.1491035e-05 6.5465706e-06 0.00019205389 1.7085863e-06 5.9152957e-05 1.0321305e-05 6.903081e-07 3.4579627e-06 6.427634e-07 8.122993e-06 1.5921491e-06 1.1937744e-06 1.3627871e-06 1.6730156e-07 8.0377833e-07 2.3508606e-05 4.92894e-06 4.968999e-07 5.2976375e-06 2.019718e-06 4.4126287e-07 4.8593574e-07 2.9267885e-06 3.721635e-08 2.052567e-06 2.819052e-06 3.1728143e-06 5.8619455e-05 1.4005489e-06 7.716409e-06 5.3444136e-08 1.2353384e-07
0.9986635 0.008932754 0.012117142 0.087640285 0.001876992 0.11162757 0.000906897 0.025134474 0.007086555 0.987845 7.7282425e-12 0.8780418 0.11075997 0.2837616 0.015671927 4.8769994e-05 1.0395374e-05 0.0022394727 1.1997325e-07 0.0038140302 0.5308039 0.119467966 0.7846786 0.0032003736 0.06503287 0.0075434186 0.6791509 0.019065944 0.30077225 0.060581777 6.822981e-06 2.3603418e-06 0.019137297 0.5406709 0.00017752073 1.9115296e-05 6.666716e-07 3.4552082e-05 1.6168835e-07 0.00011123626 0.03019002 0.09250042 2.618236e-07 1.0029563e-05 0.0026806134 0.009364014 0.009129615 0.01339468 0.009861113 0.011583046 4.7761336e-07 0.015749209 0.01577605 0.00017709294 1.0229739e-05 0.0030718618 0.00485091 7.3663676e-07 0.003520772 1.0121717e-06 0.0039730826 0.0011214474 7.401224e-07 9.615254e-05 0.0012295243 0.00048842817 0.0010169727 2.4918898e-05 0.0022586877 0.0013340499 6.546789e-08 1.390601e-05 8.913263e-05 1.1678483e-07 1.5542464e-05 2.5064631e-08 2.8231374e-05 9.01648e-05 6.380585e-08 1.9403731e-05 0.00013556618 2.6624937e-06 2.7907909e-06 1.3296273e-06 8.036309e-06 6.018056e-06 7.993073e-07 2.1575075e-07 1.132189e-06 2.4522963e-06 1.5697765e-08 6.6801704e-07 5.604111e-09 4.4244082e-08 4.015398e-08 6.5942834e-07 3.0334468e-07 1.1972881e-08 5.625058e-07 1.2391058e-07 3.497918e-07
0.99587125 0.026952753 0.28720883 0.2221952 0.006055625 0.40660748 0.00613972 0.6772364 0.031928796 0.97965556 0.8780418 1.7596454e-09 0.57475674 0.9525936 0.0020885363 0.0012044249 0.00017072719 0.47458205 0.28668475 0.285495 0.014548526 0.00044434034 0.107550554 0.062529914 0.00018807755 0.079578266 0.16503194 3.949752e-05 0.45385045 0.14601053 0.058433678 2.2199309e-05 0.029067576 0.57467103 0.00016214041 0.00181756 1.892336e-05 6.2107865e-05 0.00028563515 7.937174e-05 0.00014622092 0.119053975 2.0620919e-05 0.0063730446 0.006021206 0.008865801 0.009377047 0.010047764 0.00013284042 0.0028171171 4.9511823e-06 0.0011399074 0.0028210473 0.00010428465 4.1696258e-05 0.00071653316 0.00038087356 7.940448e-06 0.00045564846 7.9909405e-05 6.4595886e-05 2.9300269e-05 0.00018017326 8.037317e-05 0.00010864651 0.00016918966 7.756213e-06 3.719302e-05 1.5847698e-05 1.5536743e-05 0.0014403973 1.678667e-05 3.1843276e-06 5.57427e-06 2.4851345e-06 8.291069e-06 3.221837e-07 2.8397167e-07 7.4534915e-07 1.5721218e-07 1.117756e-06 6.0247834e-07 2.3121348e-07 1.2865803e-07 5.064042e-07 1.979653e-07 7.335217e-08 1.8282967e-06 1.0856556e-05 1.07810116e-07 9.275449e-06 1.7885658e-06 2.8037878e-08 9.626544e-08 6.0146044e-09 1.6001331e-06 1.1771916e-06 1.513561e-07 1.7056997e-06 6.217676e-08 8.7966e-09
0.8579496 0.012278035 0.19462913 0.0643811 0.0009177806 0.044872865 0.0101893 0.8792526 0.00609668 0.46289438 0.11075997 0.57475674 1.6504355e-08 0.99741954 0.00033036256 0.000586611 0.00016540663 0.97274435 0.89501 0.93047404 0.0021790792 0.00064965145 0.016926367 0.49993137 0.00040924462 0.14242165 0.029199652 5.462819e-05 0.06797903 0.033523344 0.37535098 1.1157847e-06 0.007245008 0.0666068 0.00010500738 0.005501626 6.2867787e-07 2.8076222e-06 0.0037222437 4.813109e-06 0.00020470329 0.020946102 6.1966434e-06 0.004596596 0.0025139756 0.0017137431 0.00242886 0.0021511787 8.1504826e-05 0.0006925076 6.9705453e-07 0.00034537556 0.0006386159 5.7065714e-05 3.3429293e-05 0.0005109992 0.00018243588 3.0443844e-05 0.00013761019 1.8976545e-05 1.1385324e-05 5.38036e-06 7.056238e-05 1.660243e-05 1.1167944e-05 5.6941066e-05 6.2702287e-07 4.736844e-06 8.6511164e-07 9.0952165e-07 0.00013250133 4.8879906e-06 7.7634394e-07 2.8500276e-06 4.7359535e-08 2.5767616e-07 2.534264e-07 2.9056299e-08 2.2007444e-07 6.9587963e-07 3.9224807e-07 2.1574209e-07 6.285426e-08 2.9196347e-08 1.08888045e-07 2.5165525e-07 3.5453864e-09 4.211309e-06 6.4972664e-06 2.5495787e-08 2.9611247e-06 1.2027333e-08 1.4701477e-07 5.5341143e-08 6.2221215e-09 1.9225416e-08 1.5153297e-06 3.3806897e-09 2.2711018e-07 2.044396e-09 6.4281975e-09
0.9871114 0.006173045 0.060058404 0.035826705 0.0014893676 0.050667185 0.0144426 0.38302281 0.005703248 0.84316385 0.2837616 0.9525936 0.99741954 2.9782758e-08 0.00038003997 0.0006128746 0.0003897137 0.72516406 0.69578415 0.54928946 0.003771134 0.0007530628 0.054344624 0.115688376 0.0005348853 0.07035629 0.14273521 4.7850466e-05 0.22022773 0.039740376 0.17746216 1.6768061e-05 0.0181343 0.34194925 2.7434065e-05 0.0016941475 8.481811e-06 2.9472258e-05 0.0012406331 6.210142e-05 0.00016149286 0.08247271 3.1835364e-07 0.0021707173 0.0007499084 0.0034980287 0.0022379195 0.0018457009 4.875079e-05 0.001571064 3.7858774e-06 0.0015340499 0.002027045 8.070352e-05 4.574571e-05 0.0005391612 0.00015538691 8.252376e-06 0.00024670488 3.2942344e-06 5.5211654e-05 1.911637e-05 3.328309e-05 4.4079748e-06 8.340015e-06 8.945042e-05 2.0140437e-06 1.1139532e-05 3.1390634e-06 1.2165987e-06 0.00036856625 8.436212e-05 7.975423e-07 7.3031015e-06 1.4083562e-06 3.0942365e-06 1.3019373e-07 4.6549324e-08 4.1310662e-07 4.2243855e-08 2.402106e-07 7.408016e-07 3.1642583e-07 1.2811471e-06 1.300021e-06 2.256374e-07 1.277981e-07 2.8634427e-06 5.466855e-06 4.3296723e-08 6.291616e-06 3.0605277e-06 1.6561243e-08 2.1457927e-07 2.7769124e-07 2.698612e-06 1.642872e-05 8.541412e-07 2.2474336e-05 3.172191e-08 6.3223365e-07
0.9760991 0.022096718 0.0007455165 0.0029329315 0.13973774 0.08398834 0.7363135 0.00016333417 0.9101241 0.010506148 0.015671927 0.0020885363 0.00033036256 0.00038003997 5.7384537e-09 0.99453187 0.06757996 8.0126585e-05 1.4930287e-05 1.315149e-05 0.9166501 0.86453533 0.8043506 2.6150333e-06 0.6847929 7.2049506e-06 0.6661729 0.14265779 0.00036245168 3.5551075e-05 1.4459018e-06 0.12564419 2.3106031e-05 0.0038487164 0.6321265 9.848352e-07 0.009864484 0.02813372 3.8376908e-07 0.029540751 0.018075783 0.0009085764 0.05527033 2.2844317e-06 3.9826346e-06 6.6374516e-05 0.00011135291 4.590163e-05 0.009422704 8.459616e-05 0.003834587 0.0033399628 0.00046322923 0.0011498085 0.0012512528 1.4766972e-05 0.00428735 1.1406923e-08 3.560424e-05 0.00054385565 0.00011862581 0.00010105378 3.1351025e-08 1.5243064e-07 8.928632e-06 2.2171773e-06 9.163589e-05 3.2640398e-07 9.0115725e-05 1.607727e-05 1.464963e-08 0.00036945555 2.3964167e-06 7.572393e-08 1.2937425e-05 4.396446e-08 3.9762363e-06 1.0634492e-06 3.016983e-06 2.3221409e-07 8.093663e-06 4.0349295e-08 2.8059492e-06 1.6275839e-06 1.2413035e-05 6.771075e-07 4.1265852e-07 2.2745644e-08 1.2677732e-09 1.3794035e-08 9.487687e-10 6.613486e-07 6.9696156e-09 5.341944e-09 3.1583216e-09 1.1370507e-06 1.4500015e-06 3.761484e-08 8.309401e-08 3.057572e-10 1.768702e-07
0.92629194 0.009946579 0.00051168265 0.0004309293 0.017611375 0.0068616765 0.24470203 0.0002399692 0.035495255 0.007839159 4.8769994e-05 0.0012044249 0.000586611 0.0006128746 0.99453187 6.768754e-08 0.998157 0.00011111867 1.03125285e-05 7.211128e-05 0.34449232 0.5942096 0.31716275 5.253016e-05 0.5607762 1.8812623e-05 0.35688177 0.068679176 0.00015634137 6.732442e-05 0.00014191451 0.64369583 0.00016231755 0.0031485981 0.21629086 1.924616e-05 0.14165431 0.28768197 9.940467e-05 0.057357464 0.01249046 0.00020507317 0.043770533 4.2512897e-06 8.068773e-07 7.5151993e-06 2.5464988e-05 3.6324138e-05 0.008168817 0.00010112261 0.0071910857 0.0025442282 0.00052776985 0.0006839545 0.0008343487 7.712656e-06 0.00413256 1.7767755e-06 2.6349513e-05 4.767901e-05 0.00022436444 4.8184804e-05 2.2310787e-06 1.5053501e-05 2.3527198e-05 1.5040586e-05 6.232842e-05 3.0188412e-05 0.00027403957 0.00018124797 6.2488635e-07 0.00028675696 3.978468e-05 5.601873e-05 8.364337e-05 6.965539e-06 2.3160675e-05 1.0274107e-05 3.6343315e-06 6.8905815e-06 3.2226082e-05 4.1883766e-07 2.6714095e-05 3.4960321e-06 0.001061483 6.31313e-05 1.33233525e-05 2.3236616e-06 6.302278e-07 4.214091e-07 6.543852e-07 0.00020108696 1.8343071e-07 9.482378e-08 5.395497e-06 0.0011740278 0.00018148457 8.993556e-06 6.31713e-05 5.910099e-06 2.7408307e-05
0.07034723 0.0026146718 0.00018370357 0.0006006996 0.0061415094 0.00295168 0.8580227 4.2763855e-05 0.0037349134 0.0008044851 1.0395374e-05 0.00017072719 0.00016540663 0.0003897137 0.06757996 0.998157 1.0910632e-11 5.6930745e-05 4.3309595e-07 8.77492e-06 0.008013628 0.0076004555 0.007919962 1.1571479e-05 0.004027518 9.7561015e-06 0.00536988 0.0005194025 6.522855e-05 2.4779389e-05 1.1711253e-05 0.99887127 2.0339125e-05 0.00027428483 0.007193675 1.9214422e-06 0.0003320097 0.0017364406 1.5929346e-06 0.00070193736 1.935267e-05 2.8029003e-06 0.00010731216 1.4960909e-06 5.7853057e-08 3.7153682e-06 9.855789e-06 1.1536484e-05 2.04287e-05 5.0579006e-06 0.000114456416 5.679547e-06 2.088315e-06 0.0001099336 6.9841146e-05 3.088068e-07 9.286651e-05 1.0195538e-06 6.0469387e-07 3.4985285e-07 6.483321e-06 2.662212e-06 1.2401894e-06 5.3159044e-07 7.012037e-07 1.4346948e-06 4.3495777e-07 9.622721e-07 1.0244701e-06 4.844564e-07 6.280034e-08 1.5321344e-05 2.2871764e-06 1.257041e-06 3.901778e-07 2.4375706e-07 1.3306433e-06 1.2431226e-06 1.523858e-08 3.0303875e-07 3.7631598e-06 5.852831e-08 5.496916e-06 5.780695e-08 4.196325e-05 3.221424e-06 6.517128e-07 6.999446e-08 5.4893906e-07 4.402001e-08 1.0740538e-07 2.437285e-07 1.5217319e-08 1.0555683e-07 3.608214e-07 1.3690796e-05 7.2884413e-06 1.874871e-08 1.2627048e-06 1.6382674e-07 2.8380043e-06
0.873407 0.0010311594 0.021684183 0.006107391 0.00011248116 0.004929406 0.001284851 0.91241384 8.9576766e-05 0.2847459 0.0022394727 0.47458205 0.97274435 0.72516406 8.0126585e-05 0.00011111867 5.6930745e-05 3.5673786e-12 0.9962518 0.96548146 0.00048053078 0.00019996993 0.00621602 0.4179881 0.00018855598 0.038656842 0.0117311785 1.9016791e-06 0.026917277 0.0093174735 0.65870506 1.9247422e-07 0.0036043795 0.01565036 2.1784567e-06 0.0037700876 3.5576353e-08 2.1605545e-07 0.004236627 1.1549688e-06 1.8739567e-05 0.0022511536 1.79204e-08 0.0008893886 0.00020836282 0.00023915997 0.00052296405 0.00022698473 3.1382226e-06 0.00016384888 3.247473e-08 4.2111704e-05 2.1143213e-05 1.1346596e-05 3.18125e-06 0.00013439759 2.8422883e-05 9.887106e-05 1.1011318e-05 2.2960883e-08 6.933514e-06 1.831452e-06 6.1130486e-06 1.8653207e-06 4.683612e-07 2.1623905e-06 3.497815e-07 1.1498067e-06 7.448982e-08 1.4646716e-07 1.3146988e-05 1.929564e-06 2.3539182e-07 1.1969595e-06 2.6470002e-07 4.4689244e-07 2.8913735e-07 6.8984223e-09 1.1122955e-08 6.054755e-08 4.7016893e-08 6.221258e-08 9.174921e-07 5.152091e-07 1.3632337e-05 2.1446898e-07 4.774589e-07 1.4105673e-08 2.0414814e-07 6.4106143e-09 3.2109554e-08 1.9513912e-08 2.6935632e-09 2.6185205e-09 2.8490057e-08 1.0081703e-05 4.4081853e-06 3.230461e-07 4.1706076e-07 4.7474347e-10 4.7551228e-07
0.7374293 0.0008215752 0.115747854 0.0016971076 6.4418496e-06 0.0026731899 3.3485612e-05 0.92551607 8.285626e-07 0.14716741 1.1997325e-07 0.28668475 0.89501 0.69578415 1.4930287e-05 1.03125285e-05 4.3309595e-07 0.9962518 1.8231514e-12 0.9630954 0.00010610017 1.6279277e-05 0.0014421402 0.5513875 0.00012462812 0.2355203 0.0049574054 1.1093506e-06 0.03392922 0.017560916 0.9019567 3.689765e-08 0.011060574 0.010203117 2.4932745e-06 0.05267236 2.2104347e-09 4.209444e-07 0.00037525935 1.874073e-05 8.088393e-06 0.0038440516 1.4254951e-07 0.0076433197 0.0004636913 0.00044188046 0.00074886595 0.0007919946 5.455106e-08 0.0002250118 2.9770777e-06 0.00012877901 6.6456545e-05 5.894429e-06 6.996553e-07 0.00016318611 6.2413624e-06 5.93174e-05 3.17096e-06 3.967172e-08 3.6477518e-06 2.0206494e-07 3.028602e-07 2.669278e-07 4.956189e-08 1.2430609e-06 1.822007e-07 2.4379603e-06 1.534177e-07 2.6134813e-07 2.0617485e-06 2.1671356e-07 7.977002e-08 1.2796926e-08 4.803145e-06 1.0156603e-08 1.941627e-08 1.4146025e-09 2.604936e-09 6.301223e-08 9.318574e-08 2.3809376e-08 3.923137e-08 3.3234147e-07 1.5434363e-06 1.1582276e-07 6.8681636e-08 4.2083695e-10 1.0191816e-06 2.8886143e-07 2.0402629e-07 7.9358716e-07 1.1972996e-08 6.140969e-09 2.4342546e-08 3.0726304e-07 1.1292625e-06 1.5406735e-09 9.2554915e-09 3.4433725e-07 2.6460477e-06
0.94853836 0.00023503955 0.0060031395 0.001834701 4.2263546e-05 0.0008285382 0.00018377224 0.66430026 4.456812e-05 0.12945464 0.0038140302 0.285495 0.93047404 0.54928946 1.315149e-05 7.211128e-05 8.77492e-06 0.96548146 0.9630954 3.8201997e-09 0.0001733625 5.8113932e-05 0.0025253124 0.9847077 0.00012172464 0.60287654 0.0151089905 1.4108284e-06 0.28950304 0.14555117 0.8160482 2.3311361e-07 0.07948691 0.21113786 1.2928241e-06 0.03476102 3.9402046e-08 3.8402004e-06 0.026879102 2.5628844e-06 2.0630536e-05 0.037494894 3.966831e-08 0.122452706 0.006207457 0.0047425963 0.004516318 0.0033519366 5.653743e-06 0.001174315 9.4981075e-08 0.00014148465 0.0003546712 4.139922e-06 4.8452225e-06 0.00043221898 0.00019299488 0.0005052964 8.4609885e-05 3.3496022e-07 2.0593952e-05 7.678552e-06 1.9411764e-05 1.6441683e-05 6.2050526e-06 6.2619133e-06 2.3771647e-06 3.0413115e-05 7.747027e-07 2.675888e-06 0.0010076873 3.128284e-06 3.403136e-07 2.5530264e-06 9.700191e-07 1.5189107e-06 1.6414594e-07 3.9396035e-08 5.516325e-08 1.4700377e-08 3.1577812e-08 2.7178055e-07 6.3383375e-08 4.533049e-07 9.199792e-06 7.43242e-08 5.5888812e-08 4.291442e-08 1.7318454e-06 1.2304852e-08 3.0535261e-07 5.3790723e-06 4.992994e-08 7.742103e-10 2.3046661e-08 2.048149e-05 1.22013735e-05 3.047709e-06 3.7473378e-06 6.348337e-10 2.0957468e-06
0.925977 0.013822667 0.0016784637 0.0032282853 0.019730914 0.17025737 0.014361626 0.00072884315 0.50791305 0.066240266 0.5308039 0.014548526 0.0021790792 0.003771134 0.9166501 0.34449232 0.008013628 0.00048053078 0.00010610017 0.0001733625 5.3146493e-08 0.98336345 0.9778941 9.432525e-05 0.9763533 0.00049260294 0.52547854 0.28273416 0.006493046 0.0004767492 1.4780978e-05 0.09581425 0.00030212506 0.011355045 0.6701958 1.1681491e-05 0.014573703 0.10074303 1.1981666e-06 0.13051367 0.06749112 0.0025919825 0.13063794 3.6645142e-05 5.772452e-05 0.00027686823 0.00014382238 0.00025574642 0.035231818 0.00031190822 0.01270933 0.0024061368 0.000315147 0.014268574 0.0025381125 5.513825e-05 0.028989004 4.693894e-08 3.2600827e-05 0.0014077917 8.231346e-05 0.00019806421 4.5545703e-06 7.5166977e-06 3.883132e-05 2.6670057e-05 6.671843e-05 1.664318e-06 5.0831204e-05 3.846305e-05 8.0361974e-07 0.00027791952 5.8382925e-06 7.670534e-07 0.000294052 4.5638792e-08 1.017368e-05 2.8019247e-06 5.1449326e-05 1.9412328e-06 1.1341709e-06 1.2546277e-06 2.0530652e-07 3.486766e-06 1.3810497e-05 1.5327768e-06 2.015628e-07 1.4080507e-07 5.0897177e-07 2.306817e-06 5.1419056e-09 8.380617e-07 3.6661572e-09 4.7793367e-07 1.222812e-07 1.9727845e-06 1.9220834e-06 1.2172491e-07 1.6818156e-07 5.0650968e-08 5.3934034e-08
0.9265129 0.0064802584 0.0005325939 0.0010627714 0.010509188 0.056489155 0.0063777785 5.6796853e-05 0.23459832 0.00877932 0.119467966 0.00044434034 0.00064965145 0.0007530628 0.86453533 0.5942096 0.0076004555 0.00019996993 1.6279277e-05 5.8113932e-05 0.98336345 6.8636664e-06 0.5379079 4.651702e-06 0.9418954 3.9077066e-05 0.37431458 0.84968054 0.0004956412 3.9043985e-05 2.471094e-06 0.2690068 1.9477466e-05 0.0031759206 0.98067945 4.4593114e-07 0.058297656 0.4351434 7.154409e-07 0.7990476 0.118590474 0.0004754928 0.60429335 1.262593e-06 1.0567086e-05 1.8960518e-05 1.2328387e-05 4.0717234e-05 0.079946496 0.00013955732 0.292577 0.0034481888 0.00048391963 0.100051835 0.026735004 5.43964e-06 0.04271713 2.4483025e-08 3.974532e-05 0.028513642 0.0001360014 0.00045472253 2.7264152e-06 5.0383136e-07 6.337477e-05 2.2964653e-06 0.00012673716 3.3944684e-07 9.4814975e-05 3.768585e-05 4.3993484e-08 0.004055684 4.73061e-06 3.089267e-07 0.0013084492 9.455607e-09 2.6805305e-05 9.431495e-06 0.00018974055 5.766702e-07 5.917775e-06 1.1488669e-05 1.5983915e-06 0.00024359617 6.2444975e-05 9.2512255e-06 5.40963e-06 8.373806e-08 3.1903446e-07 7.6592255e-07 1.9732191e-08 2.4136083e-05 3.3974705e-09 5.4273676e-07 1.2547007e-06 1.9566783e-06 4.8750626e-06 9.995616e-08 9.603725e-07 5.972593e-07 2.6925386e-07
0.97896117 0.08281113 0.008322912 0.022821635 0.1232923 0.5625908 0.010169166 0.0032754433 0.7726375 0.19185258 0.7846786 0.107550554 0.016926367 0.054344624 0.8043506 0.31716275 0.007919962 0.00621602 0.0014421402 0.0025253124 0.9778941 0.5379079 4.0025003e-07 0.0012588489 0.9588243 0.0035492603 0.9796427 0.23242813 0.0416202 0.0036984936 0.0018803335 0.04482785 0.0028839423 0.12530659 0.09526102 0.000103808256 0.0034470658 0.030277934 2.7644302e-07 0.02140258 0.36447287 0.018630793 0.022779696 0.00021383661 0.0007495437 0.003107562 0.0020447024 0.0014270438 0.14083982 0.0015077452 0.0023696525 0.013827268 0.0022260526 0.02461417 0.00299458 0.00057490316 0.036200523 1.828117e-08 0.0002586372 0.005344883 0.001506344 0.0046556746 0.0006620794 6.104325e-05 0.00048317492 0.0004138898 0.0010342386 8.231574e-05 0.0005341826 0.00045412968 3.0854568e-05 0.0005312031 0.00010264015 1.2343716e-05 0.002172836 2.5855486e-06 0.00020978643 0.0001761448 0.0010652916 2.0169493e-05 4.1205544e-06 0.00018995946 8.859917e-06 0.000117084666 0.00024190318 1.7859298e-05 3.196894e-06 2.9737621e-05 9.138913e-06 3.1164167e-05 2.08781e-07 7.073153e-06 2.8176281e-09 3.0038602e-06 6.702927e-07 2.7273582e-05 1.1693986e-05 2.135074e-07 1.1117676e-06 4.7060743e-07 1.1952284e-07
0.92766494 0.00039082285 0.00036926623 0.0002881828 4.666329e-06 0.00014866996 9.4403185e-05 0.077915624 2.100981e-05 0.012296063 0.0032003736 0.062529914 0.49993137 0.115688376 2.6150333e-06 5.253016e-05 1.1571479e-05 0.4179881 0.5513875 0.9847077 9.432525e-05 4.651702e-06 0.0012588489 4.1255244e-10 4.4582444e-05 0.99261737 0.0070175203 1.1520749e-07 0.47537372 0.42300504 0.92053086 6.772961e-07 0.18823095 0.18548246 3.1787933e-06 0.7041592 1.2879103e-08 2.8224775e-07 0.042631123 1.06799675e-07 2.2020934e-06 0.051836595 1.1085326e-07 0.69564736 0.07742948 0.008550439 0.0113233 0.012858659 6.821982e-07 0.00092568825 5.2470125e-07 0.00015399077 0.00028506859 9.917864e-07 5.1691663e-06 0.00044450225 1.3054546e-05 0.01632177 4.667021e-05 9.098661e-07 4.144726e-06 7.3642246e-07 6.590474e-05 2.8057337e-05 3.3549907e-06 3.4313325e-05 5.1840925e-07 3.017534e-05 6.641985e-07 4.84804e-07 0.013840461 8.7464305e-06 3.4430178e-07 9.053889e-06 1.8503297e-08 2.5728464e-06 1.6312424e-07 5.4908796e-08 9.215351e-08 1.7415432e-07 2.36652e-06 5.2119546e-08 9.904603e-07 1.8231376e-08 4.4675355e-07 4.2672596e-07 7.3567946e-08 2.3907285e-06 6.0044176e-06 1.48100225e-08 1.39553385e-05 8.8263477e-07 3.8171476e-07 3.127702e-08 1.3596268e-07 4.569764e-06 1.4338886e-05 6.980178e-07 1.2109308e-05 3.8395523e-08 8.7361144e-07
0.9912583 0.0021301007 0.0006783779 0.00067965884 0.005146091 0.035795573 0.0016837439 6.716365e-05 0.1139175 0.002738964 0.06503287 0.00018807755 0.00040924462 0.0005348853 0.6847929 0.5607762 0.004027518 0.00018855598 0.00012462812 0.00012172464 0.9763533 0.9418954 0.9588243 4.4582444e-05 3.5485016e-07 0.00014811805 0.81737584 0.60189974 0.0021074559 0.00016075194 3.590382e-05 0.15037572 7.049304e-05 0.009837568 0.6294381 1.698422e-05 0.010166567 0.16334675 1.2969339e-06 0.7408304 0.17853181 0.0014620991 0.5228856 5.1572993e-06 1.3520021e-05 0.0002406611 0.000108903674 0.00011992539 0.09049602 0.00051013293 0.13691787 0.012749579 0.0021175903 0.029995728 0.009723017 0.000111770394 0.028289653 1.0967545e-08 0.00035417336 0.011776537 0.000981716 0.0036027387 7.116021e-06 3.1475633e-05 0.00030098276 0.00010250605 0.00044701315 1.3233975e-05 0.0009027451 0.00026490347 1.1270654e-06 0.013127444 4.6176745e-05 1.0524809e-06 0.0017445075 2.616858e-07 0.00021605003 0.00015958036 0.0011113638 6.167554e-06 3.885736e-05 0.00015959135 4.035272e-06 0.00046407664 0.00012238673 1.5252024e-05 8.592054e-06 3.2319265e-06 3.452825e-06 1.7925506e-05 2.3235076e-07 6.536904e-05 1.3967047e-08 4.7878516e-06 5.104183e-07 3.0068424e-05 8.210385e-06 9.0871106e-07 8.931076e-06 1.5854854e-06 7.101164e-07
0.9784002 0.00038679453 0.00020220077 0.00034713227 1.174017e-05 0.00029075038 0.000109018714 0.01497051 6.8114256e-05 0.0071337875 0.0075434186 0.079578266 0.14242165 0.07035629 7.2049506e-06 1.8812623e-05 9.7561015e-06 0.038656842 0.2355203 0.60287654 0.00049260294 3.9077066e-05 0.0035492603 0.99261737 0.00014811805 1.6782106e-09 0.016599363 4.3994308e-07 0.89538985 0.95359963 0.13385347 5.724177e-07 0.6512842 0.48049745 2.6780199e-06 0.4498659 4.8623402e-08 8.3348016e-07 0.02473058 2.6655078e-07 1.6712933e-05 0.16164218 1.6313071e-06 0.92642295 0.67303854 0.026994733 0.029315092 0.021082379 2.5831998e-06 0.003475 7.711311e-08 0.00014464316 0.00028119984 4.0702344e-06 6.1744104e-06 0.0014382821 1.861011e-05 0.006946103 0.00012237027 1.4262293e-05 1.754083e-05 8.899476e-07 0.0006736829 1.1836086e-05 1.9756963e-05 0.00011639219 7.7322426e-07 3.5102257e-05 5.773327e-07 1.8407445e-06 0.016888589 7.364193e-06 4.745387e-07 3.045594e-06 1.9977472e-08 1.17508225e-05 1.3795226e-07 3.3326238e-08 4.0367902e-07 4.0891257e-07 1.4259125e-07 2.0450758e-08 1.4108284e-06 4.2086228e-08 7.565103e-08 4.3170172e-07 4.462836e-08 1.4171292e-05 1.9483623e-06 8.907195e-07 4.0201285e-05 8.524811e-07 6.869736e-08 1.7714638e-07 1.00226245e-08 4.428113e-07 1.2803496e-06 6.281951e-08 7.802923e-06 3.2357995e-08 5.771122e-08
0.99986744 0.07292743 0.0124678835 0.029839966 0.12876508 0.6350605 0.009110866 0.007899806 0.7797634 0.16388819 0.6791509 0.16503194 0.029199652 0.14273521 0.6661729 0.35688177 0.00536988 0.0117311785 0.0049574054 0.0151089905 0.52547854 0.37431458 0.9796427 0.0070175203 0.81737584 0.016599363 6.04059e-08 0.45345384 0.06110371 0.0050245933 0.0023335877 0.061516475 0.0057244343 0.13951258 0.09998144 0.00037739583 0.0028523542 0.026754132 1.1858959e-06 0.05775897 0.6078226 0.018125437 0.08342531 0.0012835877 0.0012892063 0.0028610409 0.0015163982 0.00095213274 0.2458639 0.004650032 0.008641882 0.04080339 0.007079905 0.05441089 0.0064473907 0.001917332 0.07113427 7.205257e-07 0.0012221744 0.06364556 0.009653228 0.036331397 0.0019295954 0.00045638756 0.0012966791 0.0015990342 0.008559516 0.0008544248 0.0041523622 0.0017584856 0.00023133536 0.0066478257 0.00046967217 4.1141993e-05 0.022198085 1.1601567e-05 0.0026045952 0.0013754761 0.0052642752 0.00011529956 0.0002176368 0.0031214969 5.296751e-05 0.0023825052 0.0027859607 0.0001167338 0.00018191726 0.0003213535 3.589824e-05 0.00041420767 3.156723e-07 0.00092486246 1.2922182e-09 3.3649005e-05 1.4085384e-05 0.00022331545 0.00010086391 9.614052e-07 9.293724e-06 1.8803046e-05 3.2477333e-06
0.9940237 0.00077301124 2.3221497e-05 0.00013964865 0.0011683587 0.002657978 0.0006613669 1.6692185e-06 0.010296699 0.0005588187 0.019065944 3.949752e-05 5.462819e-05 4.7850466e-05 0.14265779 0.068679176 0.0005194025 1.9016791e-06 1.1093506e-06 1.4108284e-06 0.28273416 0.84968054 0.23242813 1.1520749e-07 0.60189974 4.3994308e-07 0.45345384 1.4624754e-08 0.00021104424 6.733158e-06 8.49753e-07 0.091614224 3.8926146e-06 0.005356495 0.96725106 5.275524e-08 0.031409897 0.38923955 6.202334e-07 0.9159443 0.80532366 0.0004134986 0.7773348 1.8396642e-07 3.1119898e-06 4.0201976e-05 9.469267e-06 1.7820973e-06 0.6889587 0.00033500066 0.91068196 0.039332837 0.0037488125 0.6403229 0.27857286 1.0161318e-05 0.4436148 7.927325e-09 0.00034327808 0.084525146 0.0012568253 0.0036736582 2.0828523e-07 2.6551996e-07 9.681467e-05 1.6473049e-06 0.00065843645 1.410825e-07 0.00018024509 9.3419454e-05 3.6985373e-08 0.12050925 3.609114e-06 3.3525743e-07 0.02148896 3.8403045e-09 0.0002822132 1.0121972e-05 0.0023937526 1.7676786e-07 4.397386e-06 1.8295204e-05 6.9414637e-07 0.0011998838 0.0008730884 2.6743576e-06 4.4945546e-06 9.3298844e-08 7.4327846e-07 8.597376e-07 3.901787e-08 0.0010043663 7.658932e-09 3.8062606e-07 1.7209452e-07 9.288108e-06 1.7225759e-05 6.24836e-08 3.9153592e-06 1.7037966e-07 4.0411373e-06
0.988135 0.00080081244 0.0015575924 0.0022541902 0.00032899738 0.012459254 0.001678832 0.014230164 0.0023234957 0.018509084 0.30077225 0.45385045 0.06797903 0.22022773 0.00036245168 0.00015634137 6.522855e-05 0.026917277 0.03392922 0.28950304 0.006493046 0.0004956412 0.0416202 0.47537372 0.0021074559 0.89538985 0.06110371 0.00021104424 1.6115822e-08 0.93622535 0.0062576844 4.2548922e-06 0.9832071 0.9712957 7.212758e-05 0.115114555 1.2849428e-06 6.880814e-05 0.0046345415 7.41732e-05 0.0011790933 0.6581102 2.1182184e-05 0.75801754 0.55213606 0.08014838 0.13953458 0.13356228 0.0005066125 0.003799675 9.250903e-07 0.00054044276 0.0013209821 0.00011705307 9.369564e-06 0.0019507887 0.00039300692 0.004093617 0.0001760719 0.0006457661 0.00010287358 7.912065e-06 0.056027018 0.00032052162 8.737339e-05 0.00058920577 8.822586e-05 0.0022054892 2.5210518e-05 1.46406155e-05 0.01667626 2.0433243e-05 1.4528094e-05 6.552595e-05 8.456708e-06 7.402721e-05 3.2064847e-06 5.1944385e-06 7.2662435e-05 1.5036083e-05 7.743024e-07 1.0128075e-05 7.5978496e-06 1.9125114e-06 1.3946417e-06 7.8136424e-07 2.4657658e-07 0.00021635642 1.9648489e-05 2.612228e-05 8.7787375e-06 4.6318016e-07 2.4602537e-08 4.856013e-05 2.551724e-08 1.1110245e-06 1.1964688e-06 3.732125e-07 1.3730343e-06 7.832615e-07 1.3782616e-07
0.9212177 0.00028560875 0.0001382587 0.00029023428 3.274622e-05 0.0009601103 0.000116644886 0.0023883632 0.00042863932 0.0060406425 0.060581777 0.14601053 0.033523344 0.039740376 3.5551075e-05 6.732442e-05 2.4779389e-05 0.0093174735 0.017560916 0.14555117 0.0004767492 3.9043985e-05 0.0036984936 0.42300504 0.00016075194 0.95359963 0.0050245933 6.733158e-06 0.93622535 6.301752e-08 0.008878747 7.9922427e-07 0.9834332 0.47882026 1.5521844e-05 0.13092571 1.2384656e-07 1.4340807e-06 0.0053295805 7.207776e-06 0.00012279874 0.19642554 2.242902e-06 0.91912365 0.9796158 0.013299855 0.06800875 0.5012152 1.9299994e-05 0.0056209164 1.15943884e-07 0.00024297115 0.000849084 1.1654831e-05 4.006765e-06 0.0019325025 2.283002e-05 0.008997884 0.00014561323 6.506608e-05 7.481215e-05 3.2275157e-06 0.056402188 0.000113736525 4.0665975e-05 9.555023e-05 1.0491734e-05 0.0018610412 4.7220096e-06 7.783563e-06 0.057996668 2.587708e-05 5.4568177e-06 0.00011830664 1.192214e-07 8.098547e-05 7.375196e-07 2.1692962e-07 1.5108176e-06 7.555716e-06 9.143153e-07 4.729854e-07 5.13062e-07 8.125899e-08 3.559113e-07 5.039482e-07 9.097139e-08 0.00012600837 5.3680364e-05 1.0495006e-05 1.4116407e-05 1.0224554e-06 7.782486e-08 3.5153464e-06 1.2968404e-07 4.9206083e-06 8.152935e-06 3.257329e-07 5.4336465e-06 8.130456e-08 2.3175744e-07
