1.2937306e-08 0.0011923739 0.006807318 0.014966899 0.9164 0.7991163 0.32392514 0.88674754 0.77622813 0.4377347 0.96874815 0.9533477 0.79893374 0.57107633 0.7035823 0.87538606 0.80706483 0.94466674 0.939528 0.95102805 0.5562028 0.96815926 0.9801508 0.031241894 0.2769665 0.86237144 5.715929e-05 0.9820439 0.9852316 0.9353013 0.638625 0.003381026 0.9639792 0.986566 0.15839174 0.9869377 0.99871963 0.3637394 0.9406701 0.9998484 0.7988279 0.80827266 0.9249403 0.4983429 0.659363 0.4304054 0.9877554 0.993857 0.9199577 0.9999203 0.85692453 0.99568546 0.8579147 0.04109034 0.99977475 0.94888294 0.9874664 0.9314852 0.75925136 0.96094847 0.08955275 0.87883395 0.99989754 0.98104393 0.42791203 0.8942985 0.9756592 0.9976221 0.99586815 0.9448304 0.64008594 0.99544775 0.9224016 0.9099891 0.9966237 0.96119976 0.01959629 0.9984305 0.98768765 0.77803844 0.8003452 0.96831703 0.95036584 0.07286582 0.35927626 0.9423713 0.7712619 0.95306534 0.8165048 0.03801252 0.65863484 0.052118063 0.8502534 0.66144043 0.9173245 0.9414565 0.03493034 0.9916397 0.14690824 0.92910856 0.19962792
0.0011923739 1.149072e-14 0.99999356 0.0031031435 0.84760815 0.9970114 0.00013834021 0.006030326 1.137651e-05 0.02689836 0.054784264 0.0009796654 0.0004301592 1.9002715e-05 8.901412e-07 5.347639e-05 2.7998453e-07 0.00011518405 0.000872894 0.004065314 8.2081744e-05 2.2587445e-05 0.0030003847 3.8301296e-05 3.80621e-07 2.9759253e-06 6.8636163e-09 1.856935e-05 3.0867257e-05 3.1929087e-06 4.8613297e-06 3.455361e-08 0.001396587 0.00016614542 9.970126e-07 2.481963e-06 0.0010184107 1.2903927e-06 2.4927644e-07 4.9898317e-05 1.7677781e-05 1.6281358e-05 4.036315e-06 6.852658e-06 3.1015173e-07 6.318295e-06 2.2821844e-06 1.1037413e-05 2.3894256e-07 1.3356328e-05 8.791131e-09 1.0774063e-07 4.91148e-08 7.763109e-08 7.681087e-06 5.005959e-06 9.063734e-07 5.332282e-06 4.8090456e-09 2.3387874e-07 2.6121617e-08 5.125055e-07 8.760539e-06 1.998339e-07 2.215364e-06 1.00828315e-08 2.331664e-06 4.4432525e-07 8.959068e-09 2.2568669e-07 3.9578208e-05 1.9140248e-07 8.603905e-07 7.673058e-09 2.1056745e-07 2.6609807e-06 2.6238027e-07 1.2826249e-08 7.157553e-06 6.936597e-08 6.218767e-08 3.451505e-06 2.8133097e-06 3.3472008e-07 1.3468177e-08 3.4789068e-06 2.0963114e-07 6.590197e-07 2.0161337e-07 3.6335805e-07 4.7133955e-09 5.261215e-08 3.6867046e-08 1.6880833e-08 1.0847915e-05 2.626003e-07 7.915977e-09 1.0005001e-07 1.9935442e-07 3.8487005e-09 5.611098e-08
0.006807318 0.99999356 8.3939165e-13 0.98229754 0.97432566 0.6724585 0.02243155 0.026689764 7.6063825e-06 0.0033671942 0.024815254 0.005764321 3.5103265e-05 0.0003761741 6.2861104e-06 0.00066603685 4.838181e-06 0.0015951176 0.00019598663 0.0015362437 7.413052e-06 0.0005799147 0.015318847 3.3379963e-06 3.6142012e-06 3.956855e-05 1.3429808e-07 0.00016345042 0.000335865 2.3012457e-05 3.0771437e-07 1.7959033e-08 0.0012038553 0.0023503362 1.7986638e-07 2.347321e-05 0.0007378703 3.9476713e-06 2.2018605e-06 0.00049904647 3.4508996e-06 4.3896446e-07 4.5791757e-07 3.070132e-07 1.1906766e-07 7.8302105e-07 7.223827e-05 1.051244e-06 2.680253e-06 5.8776255e-05 2.5612066e-09 3.1345644e-06 1.0802232e-07 1.16380036e-07 9.430771e-07 3.462931e-07 6.601283e-08 1.3112221e-06 5.9821352e-09 5.957364e-07 4.3152777e-08 1.10655954e-07 1.3262041e-06 4.7069204e-08 8.046335e-07 2.0112749e-07 4.693986e-07 3.6239932e-08 8.111125e-08 1.9097965e-07 2.2092591e-07 8.874263e-07 2.1143737e-07 3.0507576e-09 1.9718016e-07 1.3599035e-06 6.95148e-07 3.9228752e-08 3.5749966e-07 6.413077e-08 2.3877911e-08 2.5316527e-07 3.3062997e-07 1.8915526e-07 2.0417949e-07 6.263511e-07 1.7259342e-08 1.0628347e-06 3.259195e-08 2.2183086e-08 1.730965e-08 1.4503584e-08 2.5316492e-08 2.3164273e-09 4.5216048e-08 2.8436311e-08 2.606493e-08 3.921781e-09 5.0642083e-08 8.718976e-09 8.476869e-10
0.014966899 0.0031031435 0.98229754 3.7182977e-09 0.9987365 7.11764e-05 0.9818675 0.2583891 0.0027308927 0.0026300184 0.01807505 0.043526493 0.0001428137 0.0042625302 0.0006416956 0.023431934 0.00021042103 0.010255792 8.669915e-05 0.0015105323 4.121331e-05 0.0038247025 0.02795834 2.1136057e-05 0.00017751058 0.0025746517 6.823976e-06 0.0015505622 0.0019023095 0.00019498976 3.365786e-05 3.9816623e-06 0.00067836535 0.0053751776 0.000109338995 3.3996137e-05 0.0003852842 3.675887e-05 1.9963865e-05 0.0015017339 1.1491956e-05 5.8049427e-06 4.196855e-06 6.2722947e-06 1.7858176e-05 0.0001455252 2.1631566e-05 1.433896e-06 1.2428955e-05 0.00010130457 1.0987086e-07 1.12093985e-05 5.7827083e-06 2.1053513e-05 2.441979e-06 4.8988736e-06 1.1642227e-06 7.155146e-07 3.5936773e-07 1.8938867e-05 9.474208e-06 7.71579e-06 1.3163248e-05 1.0389778e-06 6.112847e-05 8.387221e-05 8.564373e-07 9.806374e-07 6.551473e-08 1.0072765e-05 1.0338219e-05 4.2205626e-05 3.0152849e-05 3.9213737e-07 6.458516e-07 2.7079832e-06 6.4125998e-06 1.3893654e-07 2.7894073e-06 6.321462e-07 8.0333116e-08 6.698642e-06 2.2638717e-06 1.531635e-05 3.3774966e-05 5.5796363e-06 3.020023e-06 8.207329e-05 9.779403e-07 2.5824756e-06 1.7230184e-06 1.5755733e-06 4.8424604e-06 8.6267374e-07 8.146185e-07 2.124188e-07 6.9862983e-07 2.9276093e-06 3.939502e-06 1.6618019e-07 4.2703616e-07
0.9164 0.84760815 0.97432566 0.9987365 8.087362e-09 0.38002658 0.15389496 0.93387467 0.0024121716 0.028461691 0.16209665 0.6855044 0.0006284013 0.00146081 0.00085951714 0.06844097 3.4203906e-05 0.251503 0.0057460996 0.23139428 0.000108594104 0.12928854 0.8257359 0.00023466283 2.2428003e-05 0.0046456596 9.268922e-06 0.027668696 0.048553973 0.0023788102 5.178875e-05 1.3101746e-06 0.20859805 0.46660104 4.062593e-05 0.0010955129 0.31400168 8.083632e-05 1.2543508e-05 0.19627942 0.0010715012 0.0024364986 0.0034846303 8.748561e-05 8.952916e-06 7.247067e-05 0.0002382371 0.0046931743 6.8087036e-05 0.003801879 4.8175565e-07 2.9542074e-05 4.997656e-05 1.0008847e-05 0.0030875793 0.00078154204 0.00019545185 1.7636172e-05 2.7816448e-08 1.33643425e-05 1.0791915e-07 2.2403738e-05 0.0010119088 4.7854646e-06 1.2502402e-05 9.59092e-07 7.056359e-05 6.600081e-06 6.7044294e-07 8.56642e-06 1.4727608e-05 4.1513717e-06 3.9793184e-05 2.7448496e-06 1.1424414e-05 0.00018627253 6.8057598e-06 2.178518e-07 1.4735432e-05 1.5889449e-05 1.596265e-06 9.2572314e-05 1.8396557e-05 6.992071e-05 1.297912e-05 7.0617484e-06 3.9159062e-05 3.1890834e-06 3.1909058e-06 8.049229e-05 1.2807598e-06 1.100676e-07 3.780797e-08 1.0237282e-07 1.0864853e-05 8.105392e-07 1.6265014e-07 6.3641556e-07 1.2191232e-05 3.5456773e-07 6.717162e-06
0.7991163 0.9970114 0.6724585 7.11764e-05 0.38002658 6.5942285e-10 0.0004048349 0.05199383 0.00014719345 0.9892122 0.7335388 0.012209225 0.70836896 6.160668e-05 1.065669e-05 0.00055773574 5.45086e-07 0.00050030404 0.42298263 0.6171019 0.03773033 0.00033078657 0.095423944 0.048545007 5.128663e-07 7.1343816e-06 4.921151e-07 7.541228e-05 0.00012822803 1.4516812e-06 0.01483402 1.4329862e-07 0.5280816 0.0029411314 5.3862127e-06 4.5018173e-06 0.49841687 3.3893627e-06 7.805514e-08 0.0011074031 0.009635656 0.01908354 0.025116267 0.029216334 7.814283e-07 6.8550635e-06 3.3799617e-05 0.016681716 6.580591e-08 3.1507712e-05 6.420044e-05 7.3152063e-07 1.2179795e-07 2.4921762e-06 0.0015042801 0.0030176465 0.0008436474 0.00023063771 1.1559533e-07 7.1527177e-07 8.8881826e-08 9.374709e-05 0.00011032367 8.648551e-05 3.0255334e-05 1.1124145e-06 7.338587e-05 3.5462372e-06 6.0145476e-07 7.083829e-05 6.502452e-05 2.2459444e-05 1.8605274e-06 2.3114985e-08 1.749457e-05 1.3954566e-05 1.649664e-05 9.293649e-07 0.00014336528 2.6834026e-05 2.0184027e-06 0.00012589162 8.123431e-05 1.2210785e-06 5.045574e-07 6.5797317e-06 2.9180708e-06 2.9857683e-05 5.0824497e-06 9.681106e-05 2.622862e-07 1.1650312e-06 8.872325e-09 9.6557265e-08 0.0009098419 5.310526e-06 9.635371e-06 1.974679e-05 1.2313881e-06 6.413244e-07 2.4627352e-06
0.32392514 0.00013834021 0.02243155 0.9818675 0.15389496 0.0004048349 7.2397135e-08 0.99233836 0.1161557 0.0009460714 0.0003279058 0.095098205 1.6788334e-05 0.982398 0.005838524 0.42542115 0.017779438 0.1049108 3.925072e-06 0.00016194429 9.953022e-06 0.08543059 0.024239717 5.6478393e-07 0.0023778789 0.059228092 0.0009760201 0.06722191 0.019715458 0.00594877 1.9022005e-07 4.9418086e-06 0.0001640925 0.016739894 7.241761e-05 0.0046082498 0.00012157939 7.440544e-05 2.7147673e-05 0.0047344123 1.4706295e-06 9.165236e-08 3.1352116e-07 8.4837643e-07 5.974308e-05 8.500943e-05 0.00014584795 2.846696e-07 2.867918e-05 0.000590613 6.2157275e-09 2.7080052e-05 1.2721952e-05 1.7086932e-05 2.3547211e-06 7.8965024e-07 3.5067393e-07 2.601597e-07 1.3414652e-07 3.0750667e-05 5.620125e-05 5.1214545e-07 1.5237019e-05 1.0107926e-07 6.1749844e-05 0.00010693192 7.097217e-07 1.9879568e-07 7.494068e-09 1.669354e-06 7.0971424e-07 8.02546e-07 1.2995779e-05 3.8457617e-07 1.3163138e-08 5.600446e-07 2.319631e-05 1.27509265e-08 5.1352464e-07 3.83566e-07 1.0481187e-08 2.645933e-07 1.3745114e-07 1.8959252e-05 4.69455e-05 2.0788445e-06 1.2419257e-06 4.5160373e-06 9.817757e-08 1.0983666e-06 1.5760602e-06 1.5456856e-06 3.9265976e-07 9.9053906e-08 1.9672656e-07 1.7037966e-07 8.688915e-08 5.0114945e-08 4.9756613e-07 9.709487e-08 1.06668985e-07
0.88674754 0.006030326 0.026689764 0.2583891 0.93387467 0.05199383 0.99233836 3.334021e-09 0.95718616 0.048272185 0.08987007 0.88156503 0.00014631507 0.9164448 0.13496335 0.56526387 0.004750953 0.56641716 0.00089203933 0.028083261 0.001135644 0.38607612 0.4816249 0.00018323727 0.0003867364 0.016373305 2.6970645e-05 0.10260593 0.08036481 0.0041549727 8.301017e-07 1.4071077e-06 0.010946895 0.26918042 4.0478546e-05 0.002641118 0.023743045 0.00018643193 4.806286e-05 0.09966506 0.00030338968 0.000576591 0.0005228762 2.8968051e-07 6.7052765e-06 0.00013561621 0.00019227089 0.0014006739 7.617537e-05 0.002666266 5.008771e-08 1.4499374e-05 2.690742e-05 4.5658126e-06 0.0007894763 0.00016866528 5.119801e-06 1.8240021e-06 2.0159875e-07 5.094572e-06 1.0799561e-06 7.3351225e-07 0.00017686743 2.679587e-07 1.98624e-05 2.4051639e-07 1.0038673e-05 1.3362743e-06 4.786114e-07 3.3780472e-07 1.0679189e-06 3.6044532e-06 3.7468144e-05 1.7223728e-06 5.848226e-07 8.450839e-06 1.0583808e-05 1.5759506e-06 2.1195457e-07 8.60258e-06 4.7934616e-08 8.8379454e-07 1.9803188e-06 1.57767e-05 5.106211e-06 9.237803e-07 5.658187e-06 1.0705992e-05 3.677422e-07 1.1976635e-05 1.213554e-07 6.1088112e-06 5.7122856e-10 1.3265031e-07 5.5860895e-08 1.313324e-07 5.90975e-08 2.3058755e-08 7.447462e-08 4.068261e-07 2.0656894e-07
0.77622813 1.137651e-05 7.6063825e-06 0.0027308927 0.0024121716 0.00014719345 0.1161557 0.95718616 1.0979135e-09 0.0074041616 0.029706843 0.98651826 3.2825512e-05 0.84620196 0.9796977 0.84242624 0.0037567685 0.8182322 0.00020458036 0.032715786 1.25004935e-05 0.35576493 0.7161625 3.3848403e-06 3.0471267e-05 0.028721614 9.848042e-07 0.09599898 0.14551674 0.0033187454 4.420452e-08 9.306704e-09 0.019004134 0.43795356 2.7666283e-06 0.0004042199 0.05396752 3.7755242e-05 1.8533958e-06 0.19998212 0.0004829812 0.00021919861 0.00025421084 2.4778902e-08 1.7220902e-06 2.38838e-07 0.00015338749 0.0010012962 4.9028207e-05 0.00093944743 2.477627e-05 1.0904079e-05 6.1045657e-06 1.8024622e-07 0.00042065367 9.413222e-05 0.00010286769 4.6021953e-05 2.662274e-07 8.355702e-07 7.7425106e-08 1.4022469e-07 0.00013899004 6.2893723e-06 2.4302938e-07 4.996738e-08 2.0600219e-05 7.241104e-07 3.1014022e-07 8.677202e-07 2.6119912e-07 4.828002e-07 8.0378913e-07 1.3473418e-08 4.9779203e-07 2.42556e-06 1.3629812e-09 4.3745248e-07 3.749429e-08 2.3624652e-06 3.5954823e-08 1.4110921e-06 1.1960193e-06 1.7443217e-08 9.587512e-08 5.0080997e-09 2.53072e-06 5.275049e-07 6.794737e-09 2.1620913e-08 4.082998e-08 3.022877e-07 1.0772351e-08 6.3572735e-08 6.816081e-08 1.4048229e-06 1.2362063e-08 3.0585243e-09 1.0992551e-08 2.390734e-07 3.2710257e-09
0.4377347 0.02689836 0.0033671942 0.0026300184 0.028461691 0.9892122 0.0009460714 0.048272185 0.0074041616 3.453663e-07 0.97965956 0.015449055 0.9981145 0.00033762006 0.0032837943 0.000848839 2.4651543e-05 0.0009921909 0.2888067 0.28732044 0.04254146 0.00016454553 0.019600056 0.08051219 1.567931e-05 6.1033406e-05 9.8236214e-08 3.6370722e-05 8.56043e-05 3.5416676e-06 0.0015778523 5.9856166e-07 0.10792918 0.0016111415 2.7060855e-06 2.4033368e-05 0.0721613 4.1616818e-06 1.5670721e-06 0.00046916434 0.0020549372 0.0020968346 0.0025224048 0.035228014 7.4299323e-06 0.00015917167 5.882192e-06 0.00063304487 3.8953517e-06 4.4199867e-05 7.7427e-05 1.7029398e-06 1.2059345e-06 1.6473417e-05 6.931773e-05 0.00013058774 4.6662506e-05 4.4914672e-05 1.3088366e-07 7.485886e-06 1.4557239e-06 0.00066691043 3.3419285e-05 3.478498e-05 3.6683834e-06 6.239577e-06 2.8790205e-06 5.768258e-07 7.7721175e-08 4.5550896e-05 7.404669e-05 1.5194771e-06 6.26946e-06 3.8152717e-08 4.92785e-06 7.9416264e-07 1.4251458e-05 4.0288655e-06 3.619862e-06 4.709372e-06 1.0539262e-06 4.3755097e-07 3.2634358e-05 4.1944986e-06 5.3155727e-06 8.957861e-06 2.672685e-06 5.5575915e-06 2.8711977e-06 2.7049105e-05 4.466839e-06 1.488504e-06 2.4607948e-07 4.206201e-07 5.3118633e-06 7.90442e-07 4.131167e-06 8.387609e-06 4.248425e-06 2.3121613e-07 1.2071547e-05
0.96874815 0.054784264 0.024815254 0.01807505 0.16209665 0.7335388 0.0003279058 0.08987007 0.029706843 0.97965956 9.041243e-09 0.06981856 0.9813256 0.00013506533 0.010019216 0.00090186956 9.703115e-07 0.02218529 0.69866 0.96380323 0.26429594 0.013650558 0.48718882 0.06021022 3.1486714e-05 0.00054146524 5.6865492e-08 0.001989683 0.008216567 0.00017195499 0.0019160304 1.8679159e-06 0.63887703 0.066790976 1.9911045e-05 0.00032207576 0.668513 1.9584443e-06 9.265931e-07 0.02457009 0.015252185 0.03927411 0.04837869 0.033973906 7.301614e-07 5.1056584e-05 0.00020744106 0.03376056 9.738741e-05 0.002099775 5.1752115e-05 7.2787525e-06 8.761474e-06 2.791101e-05 0.005873308 0.0034550012 0.000622495 0.00021531283 1.2864397e-06 1.5866963e-05 5.919833e-07 0.000106351 0.0009055021 5.2706723e-06 7.927358e-08 5.0515325e-08 1.9894798e-05 7.3929846e-07 3.9567058e-06 3.9073952e-06 1.1784496e-06 1.8053584e-06 4.0639105e-05 4.0949246e-07 1.0773159e-05 2.9591317e-06 1.0017341e-06 4.3235955e-06 2.2116421e-06 1.8411292e-06 2.975478e-07 4.5511056e-06 3.4377226e-05 2.1763832e-05 1.522405e-05 3.3676754e-06 6.3120733e-06 1.1003649e-06 2.4549416e-07 1.9065848e-05 1.9840656e-06 3.8298995e-07 3.6877155e-09 1.8880337e-08 6.5285776e-06 4.109021e-08 3.4882342e-07 4.1843083e-07 1.3401169e-06 6.819523e-07 5.5289183e-06
0.9533477 0.0009796654 0.005764321 0.043526493 0.6855044 0.012209225 0.095098205 0.88156503 0.98651826 0.015449055 0.06981856 3.2103258e-11 0.0003254232 0.00480796 0.9164555 0.037534885 7.157952e-05 0.83129245 0.0047853277 0.35293627 0.0021183074 0.5405002 0.98091537 0.00030955413 6.438008e-05 0.0010804893 3.4575189e-07 0.05560396 0.19737509 0.0006625591 4.796503e-06 3.525771e-08 0.31253293 0.7653211 4.5622214e-06 0.00028409724 0.3965222 1.4956123e-05 1.283101e-06 0.41810685 0.0025294498 0.0031508808 0.012248645 5.8255537e-05 2.0048864e-07 5.040969e-06 2.6889564e-05 0.01665721 8.256989e-06 0.00068608555 4.088106e-06 5.7607785e-06 3.27209e-07 1.4799787e-06 0.006445497 0.00016671012 7.2490715e-05 1.3135708e-05 4.3411422e-08 1.4251009e-07 1.3699207e-07 9.855485e-07 0.00017742797 9.239265e-07 2.1970915e-07 5.5366556e-09 5.575153e-06 7.427215e-07 2.7087944e-08 3.873268e-07 2.7141172e-07 4.855093e-08 2.650926e-07 3.3419425e-08 8.027599e-08 5.53569e-07 1.8377557e-08 1.5753156e-07 1.8569756e-07 3.5203502e-07 2.1070524e-07 2.4562546e-06 8.970885e-07 1.918644e-08 1.4141421e-08 8.881981e-08 1.2858596e-06 4.807012e-08 1.4603848e-08 2.6155917e-08 8.9972974e-11 2.5594158e-08 2.2988995e-10 1.0769615e-09 9.1281635e-08 8.3305224e-08 1.2554959e-09 3.5159378e-09 2.0923387e-07 1.736755e-09 1.8865508e-06
0.79893374 0.0004301592 3.5103265e-05 0.0001428137 0.0006284013 0.70836896 1.6788334e-05 0.00014631507 3.2825512e-05 0.9981145 0.9813256 0.0003254232 4.6581467e-12 1.5194407e-06 1.1083815e-05 1.5636766e-05 6.7888557e-09 7.4234275e-05 0.80019826 0.43056765 0.8773147 7.119229e-05 0.0012522956 0.9285923 4.135731e-08 1.7830774e-07 7.168529e-10 1.6575891e-06 4.506271e-06 7.7890945e-08 0.022910127 2.2412223e-09 0.14459631 0.00019353011 3.1097662e-07 3.8758878e-07 0.087430686 2.342198e-07 1.2678246e-08 8.2646904e-05 0.033138186 0.016784068 0.028043544 0.51307315 4.5812524e-08 1.2162797e-06 2.118992e-07 0.0100171855 4.1096325e-08 5.567462e-07 0.00026206882 1.303249e-07 1.8724336e-08 7.270073e-08 0.0006991408 0.0029319315 0.00048366294 0.00019598941 9.5113375e-09 1.4158477e-08 1.7357193e-08 0.0001562336 8.888413e-06 7.3735224e-05 7.3080834e-08 1.4340491e-08 1.1398834e-06 9.104615e-09 1.8939561e-08 1.4572637e-05 1.9419217e-06 6.876562e-09 1.1699832e-07 1.6486761e-09 1.1525673e-05 1.8965842e-08 1.1750106e-05 1.1582e-07 5.8806637e-07 9.3636864e-08 5.8018377e-06 3.379568e-09 1.2826709e-05 3.3921303e-08 5.3261704e-07 1.4867505e-06 7.1546413e-09 1.2785288e-08 2.7263698e-07 4.699466e-06 1.09914666e-07 2.6825875e-08 1.0941549e-09 2.1162261e-10 1.1365341e-07 3.7412833e-09 6.160858e-08 1.1614752e-07 6.427873e-07 2.6143186e-07 1.4303927e-06
0.57107633 1.9002715e-05 0.0003761741 0.0042625302 0.00146081 6.160668e-05 0.982398 0.9164448 0.84620196 0.00033762006 0.00013506533 0.00480796 1.5194407e-06 1.4341395e-08 0.39762938 0.92981124 0.9953531 0.08254413 3.3386234e-06 6.515848e-05 3.5439584e-06 0.17096242 0.005643002 1.3280678e-07 0.122703224 0.4015001 0.007503219 0.25732276 0.0528421 0.03186418 2.1919597e-07 2.5558562e-05 6.070039e-05 0.01081231 9.506188e-05 0.02070517 0.00036261347 0.0021115406 0.00023900719 0.012102891 6.1618834e-07 2.3108495e-07 2.9176798e-07 2.4380543e-07 0.00031225733 0.00025172622 0.0017627144 1.111987e-06 0.00040293805 0.0035307093 3.4669785e-09 2.403206e-05 6.9974085e-05 4.2613796e-05 3.094036e-06 7.5126046e-08 1.5135026e-08 5.408464e-08 1.6316542e-06 0.000112324014 8.719135e-05 4.904359e-07 5.1127045e-05 3.9436635e-08 0.0003101336 3.1958592e-05 2.7549973e-07 3.6550541e-06 1.04626366e-07 3.1744744e-07 7.351383e-07 7.4166655e-06 1.5782947e-05 5.805023e-07 1.25412525e-08 1.100873e-06 5.588772e-07 1.29934e-07 4.4697703e-08 2.104839e-07 5.0780735e-10 2.038816e-07 1.1656419e-07 1.9356867e-06 4.3729797e-06 6.395376e-08 2.9075218e-07 1.1911174e-05 2.8601946e-08 4.231401e-08 5.648078e-08 3.3874207e-06 1.9860978e-07 4.0688624e-07 7.827086e-08 2.8961506e-07 4.449371e-09 1.1296938e-07 1.0789728e-06 2.4098672e-08 7.641879e-08
0.7035823 8.901412e-07 6.2861104e-06 0.0006416956 0.00085951714 1.065669e-05 0.005838524 0.13496335 0.9796977 0.0032837943 0.010019216 0.9164555 1.1083815e-05 0.39762938 1.0402482e-11 0.97123504 0.0077453144 0.9861181 0.0005801636 0.041677743 2.1757109e-05 0.76348275 0.8160698 6.6617145e-07 0.0008567617 0.26364908 6.025962e-07 0.4119842 0.43854713 0.047941037 3.340625e-07 2.3216787e-08 0.033192802 0.47365698 5.07561e-06 0.012752564 0.04885738 0.00034246026 4.7634156e-05 0.2566843 0.00034468935 0.0006362569 0.00066441274 2.9625484e-08 1.7613204e-06 2.366188e-06 0.0013120917 0.0017661825 0.00025687253 0.0056768423 1.023148e-06 5.645906e-05 4.6881698e-05 1.5997122e-06 0.001157367 3.9598486e-05 4.3774337e-05 1.3987197e-05 1.023455e-05 3.451189e-06 3.292091e-07 2.9239818e-08 0.0002739925 1.4190854e-06 2.3383636e-07 5.3616073e-08 2.798001e-05 1.2800871e-06 8.915393e-06 4.3577174e-08 4.2556017e-08 2.9857995e-07 1.7141517e-06 5.0422432e-08 3.1731656e-08 3.9858714e-06 4.8668075e-10 2.6912053e-06 2.1553303e-08 4.471643e-06 1.3173237e-08 1.4808406e-07 1.2818798e-07 1.2926058e-08 1.4851944e-08 9.889359e-09 5.573103e-07 1.5910223e-07 2.9139642e-09 1.8879726e-08 2.8026168e-08 7.004932e-09 1.4899376e-09 8.843131e-09 1.8718542e-09 9.6516155e-09 3.3152e-09 1.2828861e-09 2.2771774e-08 8.180513e-08 1.3728731e-08
0.87538606 5.347639e-05 0.00066603685 0.023431934 0.06844097 0.00055773574 0.42542115 0.56526387 0.84242624 0.000848839 0.00090186956 0.037534885 1.5636766e-05 0.92981124 0.97123504 2.1672935e-08 0.7796151 0.84927535 0.00010929269 0.0011471913 0.00015730542 0.966662 0.1010329 1.4833523e-05 0.083182506 0.95035666 6.12731e-05 0.8781802 0.60179746 0.5204573 8.215402e-07 3.2013257e-05 0.001954691 0.12710418 0.0009036577 0.087577224 0.006888286 0.0026884594 0.001047296 0.10299576 4.0143357e-05 8.2130755e-05 0.00014907672 1.1017999e-05 0.00032197408 0.0006026505 0.0057805968 0.00014799181 0.0015804787 0.011786267 1.0739273e-06 0.00035814938 0.00017771384 9.5099604e-05 0.0001318495 1.5271796e-06 9.605794e-07 2.9899e-07 0.0003554936 0.00033281522 0.00034227612 8.885845e-06 0.00025355202 3.2124333e-07 0.00031899536 8.590705e-05 3.7944857e-05 1.7958717e-05 6.941438e-05 5.867152e-07 2.030816e-06 2.6977052e-05 0.00015680035 4.3265096e-05 3.0751664e-07 2.8120692e-05 2.5270455e-07 1.584079e-05 3.5725017e-07 2.3931954e-05 1.9958058e-07 0.00011436716 2.0237283e-06 1.0531455e-06 2.4378127e-05 5.7690418e-08 3.8397524e-05 4.457241e-05 6.877104e-08 4.485297e-06 4.7470508e-08 7.878108e-06 9.909837e-07 3.3109493e-06 7.8038056e-07 4.3795108e-06 4.1356916e-08 1.8123343e-08 8.523059e-06 1.2631499e-07 2.1463156e-06
0.80706483 2.7998453e-07 4.838181e-06 0.00021042103 3.4203906e-05 5.45086e-07 0.017779438 0.004750953 0.0037567685 2.4651543e-05 9.703115e-07 7.157952e-05 6.7888557e-09 0.9953531 0.0077453144 0.7796151 3.2956336e-11 0.025829049 1.7861016e-07 1.997694e-06 2.1776268e-07 0.17153321 0.0019616904 1.4002906e-07 0.99003243 0.96631587 0.0066831787 0.6523784 0.15244704 0.28257304 4.34278e-09 0.00020666326 6.342332e-05 0.008617176 0.0002541129 0.36805362 0.00028913197 0.05042733 0.0034274799 0.016456125 7.46009e-07 1.1384091e-06 2.2281284e-07 7.623168e-09 0.00093319337 0.00026114346 0.015567855 1.6166235e-06 0.007702352 0.012336722 4.3336112e-09 0.00032351675 0.0007068506 2.0223364e-05 7.2318744e-06 1.3708008e-08 1.6583812e-08 7.2671855e-09 1.6554162e-05 7.819085e-05 5.3442232e-05 1.1488278e-08 0.00016320324 2.8661293e-09 3.90966e-05 9.642067e-07 1.2076424e-06 1.4177253e-05 6.888043e-07 4.320722e-08 3.9556642e-08 4.238195e-06 2.904551e-05 3.57357e-06 9.7585335e-09 1.0824018e-06 5.317821e-09 9.88876e-08 7.017435e-09 6.0394007e-07 1.6220386e-09 5.8970886e-06 5.156977e-07 2.8079594e-06 1.1638175e-06 2.552998e-09 7.622267e-07 6.838292e-07 1.0225919e-08 5.129651e-09 8.9194047e-10 2.3545997e-06 1.0493288e-08 2.3480473e-08 3.3581773e-09 5.4049756e-09 5.583591e-10 7.6581397e-10 2.585007e-07 4.074275e-09 9.521739e-09
0.94466674 0.00011518405 0.0015951176 0.010255792 0.251503 0.00050030404 0.1049108 0.56641716 0.8182322 0.0009921909 0.02218529 0.83129245 7.4234275e-05 0.08254413 0.9861181 0.84927535 0.025829049 1.0831844e-10 0.0005515684 0.0060163494 9.9667806e-05 0.98325944 0.88876015 1.4216381e-05 0.0041531026 0.15154085 1.0944373e-06 0.33802852 0.7080123 0.013284687 4.147921e-06 3.2246896e-07 0.012292312 0.8085958 5.0909217e-05 0.0024060076 0.04461803 7.796367e-05 0.00028720003 0.5916389 0.00018843249 0.0001262327 0.000419749 8.670468e-07 3.046776e-06 1.6794642e-05 0.00022194644 0.0010345005 5.4468277e-05 0.0064657615 3.4233979e-06 8.508417e-06 1.5327563e-06 8.281269e-06 0.0005363897 4.811861e-06 1.9953616e-06 8.3417837e-07 1.187267e-05 6.9141373e-07 1.8666126e-06 7.2398095e-08 0.00014235123 4.2153303e-08 1.3745382e-06 5.6181875e-08 4.138829e-06 3.4423924e-06 9.396911e-06 1.9063291e-08 1.5571235e-08 1.6620229e-06 8.22779e-07 4.901941e-07 1.6753331e-08 3.7250047e-06 2.1830038e-09 4.95792e-06 2.56812e-08 5.9282615e-07 8.611876e-09 1.1702666e-05 1.9771966e-07 1.5217444e-07 1.0139246e-07 2.0665437e-08 3.25812e-06 9.577165e-07 2.5088067e-08 5.0708582e-08 3.039658e-09 1.396031e-08 5.771779e-09 3.1265732e-09 1.0576294e-08 1.1563183e-07 5.462308e-09 1.5832324e-08 7.1037447e-09 8.08027e-09 1.6266442e-07
0.939528 0.000872894 0.00019598663 8.669915e-05 0.0057460996 0.42298263 3.925072e-06 0.00089203933 0.00020458036 0.2888067 0.69866 0.0047853277 0.80019826 3.3386234e-06 0.0005801636 0.00010929269 1.7861016e-07 0.0005515684 1.3901129e-09 0.977027 0.9965299 0.001648475 0.2552821 0.13916445 5.154666e-07 3.493411e-05 4.6895963e-09 0.000264091 0.004715224 5.2040873e-06 0.2424191 4.307e-07 0.9090134 0.09924547 1.432644e-06 2.5398896e-05 0.6719353 6.6071348e-06 2.7609337e-07 0.045158923 0.4534859 0.24370895 0.39745942 0.010753412 2.3616772e-06 1.601389e-05 0.00022572147 0.16260079 3.3728615e-05 0.0018424476 0.009654646 7.738646e-07 6.0174307e-06 1.1993929e-05 0.03691565 0.013239782 0.0029270595 0.002021787 2.2586896e-06 2.9517372e-07 4.3473196e-06 0.0003882749 0.0016428471 2.8456676e-05 6.06812e-06 3.964191e-08 0.0001222787 2.365058e-06 1.2581341e-05 5.1518262e-05 0.00014880685 1.4238945e-07 2.0837584e-05 2.8289166e-06 3.4123626e-05 2.4980156e-06 6.8180316e-06 1.6102804e-05 3.848215e-06 5.6254635e-06 9.953278e-06 2.8532174e-06 1.9348516e-05 1.9088044e-05 1.03183815e-07 2.3875398e-05 1.3616673e-06 3.6560966e-06 4.9169216e-06 1.0726089e-06 3.5400822e-07 9.3573885e-07 1.7315728e-08 1.9301721e-07 1.5800182e-06 1.2676946e-07 6.476959e-07 6.0538923e-07 9.607994e-07 1.5199004e-06 4.6450463e-05
0.95102805 0.004065314 0.0015362437 0.0015105323 0.23139428 0.6171019 0.00016194429 0.028083261 0.032715786 0.28732044 0.96380323 0.35293627 0.43056765 6.515848e-05 0.041677743 0.0011471913 1.997694e-06 0.0060163494 0.977027 1.7132208e-09 0.33646646 0.007614458 0.7007385 0.010209619 9.178501e-05 0.00011156581 1.983475e-08 0.00085028156 0.013949878 9.023362e-05 0.021014554 5.3597567e-08 0.9827579 0.3110773 5.1761486e-07 8.4195904e-05 0.886445 1.7640343e-05 8.522149e-06 0.11111887 0.18039063 0.08424492 0.14096276 0.0044262726 4.4200453e-07 1.7910323e-06 0.00021997743 0.08084828 3.2811146e-05 0.0028902362 0.0081681 2.662143e-06 1.4884529e-06 4.952965e-07 0.022683201 0.0022465072 0.0009785836 0.00027842834 3.5883284e-05 6.8322754e-07 1.2937004e-07 0.0003740877 0.0013019945 1.9336176e-05 8.7903814e-08 2.9838255e-08 0.00024971156 6.8440695e-06 4.6664914e-05 3.742522e-05 2.7281905e-05 3.133759e-07 6.6268794e-06 5.693129e-07 2.1012673e-05 1.5021192e-05 9.2689623e-07 0.0001216282 7.899097e-06 1.7341417e-05 9.059728e-06 6.209978e-06 5.2221818e-05 1.7410949e-07 1.7937491e-07 1.4768635e-05 2.5049362e-06 1.8669008e-06 2.5183303e-06 3.3941578e-07 5.254083e-07 3.8029714e-08 1.9667151e-08 4.2167056e-08 4.0792847e-06 2.3679046e-07 3.7490285e-08 9.989413e-06 1.5068188e-06 1.0107459e-06 1.84394e-05
0.5562028 8.2081744e-05 7.413052e-06 4.121331e-05 0.000108594104 0.03773033 9.953022e-06 0.001135644 1.25004935e-05 0.04254146 0.26429594 0.0021183074 0.8773147 3.5439584e-06 2.1757109e-05 0.00015730542 2.1776268e-07 9.9667806e-05 0.9965299 0.33646646 1.7527309e-10 5.4587465e-05 0.011427816 0.99974847 1.0212826e-07 2.9435349e-05 2.8291578e-09 5.3422766e-05 9.211385e-05 5.701289e-07 0.694489 1.2092586e-07 0.21569555 0.003803781 1.5387984e-07 1.9724113e-05 0.1388757 3.5077073e-06 1.6027928e-07 0.0032097604 0.19899788 0.05934479 0.066895045 0.031086655 4.47634e-06 2.8850095e-06 2.308156e-05 0.02700647 2.7891597e-06 0.00037319525 0.0036761637 2.1593817e-06 1.252127e-06 1.8064296e-06 0.008030671 0.0020032097 0.00052081543 0.0007342597 4.3336712e-08 2.7847077e-06 8.0688466e-08 8.608018e-05 0.00041986952 1.0441635e-05 7.216717e-06 9.1771096e-07 3.8644313e-05 7.183569e-07 1.2732748e-08 5.4840122e-05 1.1781366e-05 1.8427619e-07 3.123197e-05 8.422678e-08 4.1617e-05 2.1075439e-06 1.3513897e-05 7.589684e-07 2.115516e-06 6.9172114e-05 5.1633408e-05 3.8508106e-06 5.7365494e-05 1.298635e-05 5.7892104e-09 4.1928928e-05 2.3038676e-07 6.846175e-07 3.0049803e-06 9.3700424e-07 3.8945136e-09 3.364056e-07 1.6861322e-09 7.6902175e-08 8.0011347e-07 4.8711007e-07 2.682705e-08 4.7244353e-07 3.825838e-08 3.859286e-09 3.1817472e-06
0.96815926 2.2587445e-05 0.0005799147 0.0038247025 0.12928854 0.00033078657 0.08543059 0.38607612 0.35576493 0.00016454553 0.013650558 0.5405002 7.119229e-05 0.17096242 0.76348275 0.966662 0.17153321 0.98325944 0.001648475 0.007614458 5.4587465e-05 4.417113e-09 0.4649815 1.4449046e-05 0.009146207 0.274803 2.668961e-06 0.78261507 0.9595542 0.14097588 8.26735e-06 2.575763e-06 0.0044312878 0.8304775 0.0002936664 0.009786822 0.017260112 0.00044553398 0.008437914 0.75531745 0.0006181793 8.664807e-05 0.0002544153 3.4189081e-06 0.00016930781 0.00040425773 0.00058505975 0.0005987875 0.00028593332 0.02365881 3.1939093e-05 8.944504e-05 1.8651011e-05 4.1504e-05 0.0007032577 9.670537e-06 3.7562259e-06 9.991676e-07 0.00034309822 0.000109806504 4.785594e-05 5.201384e-06 0.00039188916 1.6054747e-07 1.2977734e-05 4.871456e-06 3.5561177e-05 1.4561856e-05 0.00016961762 4.782868e-08 2.3234033e-07 5.543969e-05 7.345416e-06 3.0453818e-06 5.753506e-07 3.0183946e-05 1.47482035e-08 0.00013372088 2.687582e-07 1.9487784e-06 3.9641836e-08 7.640294e-05 2.1948317e-07 2.123612e-06 2.8931734e-06 2.5432152e-07 2.3095345e-05 8.781115e-06 8.7496666e-08 2.0358975e-07 9.418928e-08 1.4405924e-07 6.586254e-08 9.910096e-08 4.704452e-08 9.01808e-07 2.7596608e-08 5.620779e-07 2.6410481e-08 2.5871825e-07 7.734367e-07
0.9801508 0.0030003847 0.015318847 0.02795834 0.8257359 0.095423944 0.024239717 0.4816249 0.7161625 0.019600056 0.48718882 0.98091537 0.0012522956 0.005643002 0.8160698 0.1010329 0.0019616904 0.88876015 0.2552821 0.7007385 0.011427816 0.4649815 4.4674134e-10 0.00018387639 0.0012664096 0.0048526987 9.440151e-08 0.05714934 0.45706245 0.0028917089 0.00044290168 9.55489e-08 0.64106977 0.97239596 2.6672678e-05 0.00053841074 0.66171265 5.7601996e-05 0.00042816173 0.6388347 0.013759084 0.0063888947 0.0202155 0.00025317897 1.0004821e-05 5.3777744e-06 0.0006963736 0.024388721 0.00012497806 0.017121512 0.001285272 1.872058e-05 6.165055e-06 1.2709081e-06 0.011068236 0.00020491892 0.00017061943 1.9113764e-05 7.684922e-05 8.380549e-06 7.740454e-07 7.09759e-05 0.0012341469 1.2471688e-05 1.3312715e-06 2.2769616e-07 0.00020906304 3.5146644e-05 5.3574804e-05 6.803443e-06 2.441513e-06 1.3113373e-06 9.698142e-06 4.9405885e-06 2.2669212e-05 3.803126e-05 1.9450482e-08 0.00021467824 2.329616e-05 6.5362524e-06 6.622173e-06 1.4291323e-05 1.421569e-05 1.5260696e-07 1.751097e-06 6.1794176e-06 2.8332665e-06 1.4421998e-06 9.163326e-07 9.6489885e-08 1.0095557e-07 1.0867074e-08 9.721657e-09 2.4811582e-08 1.0250159e-07 1.3993673e-06 2.613506e-09 1.0562445e-06 1.3903583e-07 5.199774e-07 5.093284e-06
0.031241894 3.8301296e-05 3.3379963e-06 2.1136057e-05 0.00023466283 0.048545007 5.6478393e-07 0.00018323727 3.3848403e-06 0.08051219 0.06021022 0.00030955413 0.9285923 1.3280678e-07 6.6617145e-07 1.4833523e-05 1.4002906e-07 1.4216381e-05 0.13916445 0.010209619 0.99974847 1.4449046e-05 0.00018387639 3.1984533e-13 1.98464e-07 3.0435963e-06 5.8717975e-11 2.1515807e-06 1.7285445e-05 2.9156658e-07 0.9955939 4.4756208e-09 0.004752215 0.00017868029 1.7857015e-07 4.465868e-06 0.0022120993 2.4948667e-07 5.521059e-07 0.00014869677 0.017762017 0.0055130525 0.0033432532 0.94329983 3.1875587e-07 2.549056e-06 4.1436983e-06 0.0012904666 4.247519e-07 2.882588e-05 0.010363585 7.028916e-07 4.9129534e-07 2.5015627e-08 0.00073413196 0.00036245218 0.00022546694 0.00026685538 1.3699148e-08 4.3592908e-07 6.264243e-08 0.00036077396 8.4466046e-05 9.536789e-05 4.376017e-06 2.8600227e-06 1.00587695e-05 1.146384e-06 8.794905e-09 8.5743435e-05 2.547672e-05 3.07624e-07 2.5483268e-06 2.8763884e-08 3.7442427e-05 7.369437e-07 2.1236716e-05 3.2702744e-07 1.5146008e-05 7.399035e-07 4.349787e-06 1.513038e-08 1.0913984e-05 5.5453565e-08 7.565763e-09 2.5042327e-05 3.1977038e-07 1.2027792e-06 1.0552744e-05 1.7030875e-06 5.6386813e-08 3.417508e-09 7.3862463e-09 1.5833372e-09 6.4509936e-07 1.2366309e-06 1.1326187e-08 2.5253374e-07 4.875804e-07 4.2339905e-09 1.7843412e-07
0.2769665 3.80621e-07 3.6142012e-06 0.00017751058 2.2428003e-05 5.128663e-07 0.0023778789 0.0003867364 3.0471267e-05 1.567931e-05 3.1486714e-05 6.438008e-05 4.135731e-08 0.122703224 0.0008567617 0.083182506 0.99003243 0.0041531026 5.154666e-07 9.178501e-05 1.0212826e-07 0.009146207 0.0012664096 1.98464e-07 2.4532106e-12 0.91235566 0.99999875 0.26033282 0.01996134 0.25191447 4.1930766e-09 0.25581348 0.00029683547 0.006976452 0.0058322637 0.41582555 0.0009922187 0.2734109 0.003479767 0.0056491136 2.806138e-05 2.9828554e-06 3.957042e-06 6.063385e-09 0.003432974 0.00033375635 0.0078100557 0.00014026638 0.00045578362 0.0049140695 3.207564e-08 7.5146294e-05 5.6599547e-05 7.027602e-05 0.00023512228 3.2760945e-06 8.711542e-06 9.063228e-06 8.118931e-07 1.5582775e-05 2.482626e-06 5.09122e-08 0.00018806105 9.2854725e-07 2.3047687e-05 2.2023214e-07 5.87165e-06 4.9120257e-07 3.258177e-07 9.538553e-07 2.5179884e-07 1.2229514e-06 2.1872356e-06 1.0275816e-08 4.8109865e-07 2.8457011e-06 3.4683313e-07 2.1222725e-07 7.516901e-07 2.4636498e-07 1.2353856e-07 1.273086e-05 2.2086556e-06 3.5199707e-07 2.4145615e-07 2.4939652e-07 6.295478e-07 1.2668602e-06 2.3838956e-08 4.4708727e-07 4.633909e-09 6.3356387e-09 2.5229578e-08 2.3446898e-09 3.793125e-09 1.6850594e-08 3.8452668e-09 1.5592011e-08 1.590181e-08 1.5935352e-09 7.806302e-08
0.86237144 2.9759253e-06 3.956855e-05 0.0025746517 0.0046456596 7.1343816e-06 0.059228092 0.016373305 0.028721614 6.1033406e-05 0.00054146524 0.0010804893 1.7830774e-07 0.4015001 0.26364908 0.95035666 0.96631587 0.15154085 3.493411e-05 0.00011156581 2.9435349e-05 0.274803 0.0048526987 3.0435963e-06 0.91235566 7.1657027e-09 0.00015195539 0.82684183 0.19895273 0.996476 2.3630714e-06 0.011841451 0.00023940938 0.027457228 0.3456572 0.52797943 0.0018553694 0.36143127 0.2574369 0.03412782 2.099673e-05 6.3700486e-06 3.759892e-06 3.09822e-06 0.056845088 0.03912675 0.033300743 9.174747e-05 0.011428039 0.055128645 3.289544e-06 0.0018467838 0.002620972 0.0017126411 0.00022877633 2.8003888e-06 2.550054e-07 4.0996528e-07 0.026295343 0.012528314 0.001902237 3.4264253e-06 0.0005844906 4.0598195e-07 0.000580921 0.00011879325 4.685991e-06 6.898364e-05 0.0007064938 2.3985385e-06 1.0151572e-07 0.0006168255 0.0002167141 7.153503e-05 3.0634345e-07 5.0301613e-05 1.274652e-07 0.00019245928 4.1421515e-07 1.0163851e-06 9.7311045e-08 4.956485e-05 5.1708406e-07 8.097392e-06 3.3961624e-05 1.375815e-07 1.0372627e-05 3.3364704e-05 4.416306e-08 4.5579836e-07 3.3457244e-08 3.9668026e-07 1.9800044e-07 6.328809e-07 1.8591926e-07 7.781708e-06 1.752979e-09 1.9934081e-08 1.716076e-07 5.8038825e-07 9.177966e-07
5.715929e-05 6.8636163e-09 1.3429808e-07 6.823976e-06 9.268922e-06 4.921151e-07 0.0009760201 2.6970645e-05 9.848042e-07 9.8236214e-08 5.6865492e-08 3.4575189e-07 7.168529e-10 0.007503219 6.025962e-07 6.12731e-05 0.0066831787 1.0944373e-06 4.6895963e-09 1.983475e-08 2.8291578e-09 2.668961e-06 9.440151e-08 5.8717975e-11 0.99999875 0.00015195539 3.3428551e-15 2.3426624e-05 7.99882e-06 1.5635067e-05 2.0108588e-09 0.9999831 3.365309e-08 3.3079068e-06 0.0004422085 4.309005e-05 1.963105e-07 5.386488e-05 4.5890097e-06 4.754028e-06 2.0490494e-09 4.122732e-10 3.3780514e-10 5.411482e-10 5.3890566e-05 0.013622461 6.7941323e-06 3.6339376e-09 3.5608875e-06 1.4751532e-05 1.3624402e-10 6.4645303e-07 8.9416903e-07 0.01399281 8.025318e-08 7.2983326e-08 2.7841875e-08 9.305231e-09 2.3509637e-07 9.1775564e-07 6.213785e-05 4.555756e-08 2.3082417e-07 4.3806656e-09 7.7267105e-06 2.1250928e-06 2.2482396e-09 1.8052059e-09 4.794038e-08 3.156667e-08 1.6114663e-07 1.7631454e-06 6.5622504e-07 3.5537542e-09 6.5959056e-09 5.760492e-10 4.3562687e-09 7.963696e-09 2.3581276e-08 4.3077632e-11 1.1178289e-09 2.485229e-10 1.0024135e-08 4.8142148e-08 1.3511023e-07 2.1948912e-08 2.9003444e-10 6.915328e-08 9.129134e-09 1.7935635e-10 1.8112483e-09 7.274046e-10 1.5152804e-10 8.801898e-10 7.947546e-10 2.780934e-08 4.289715e-12 5.466985e-10 2.6211437e-09 7.333712e-10 1.3470929e-11
0.9820439 1.856935e-05 0.00016345042 0.0015505622 0.027668696 7.541228e-05 0.06722191 0.10260593 0.09599898 3.6370722e-05 0.001989683 0.05560396 1.6575891e-06 0.25732276 0.4119842 0.8781802 0.6523784 0.33802852 0.000264091 0.00085028156 5.3422766e-05 0.78261507 0.05714934 2.1515807e-06 0.26033282 0.82684183 2.3426624e-05 5.312468e-09 0.98039496 0.987975 4.10323e-06 0.00021532126 0.0010347358 0.4435446 0.01253665 0.73741484 0.0072321896 0.0145005435 0.18489513 0.6511769 0.00021677527 0.00011520789 0.0001840548 4.271134e-06 0.013959374 0.007616691 0.09570044 0.0005066463 0.008679239 0.4593994 2.6169006e-05 0.0018859898 0.003534503 0.00071857445 0.0011425406 1.0036529e-05 8.939462e-06 5.8184437e-06 0.025593862 0.008835145 0.00049070164 6.6126e-06 0.0021726673 7.6588304e-07 0.00014031788 0.00029606337 0.00048504616 0.00024989306 0.0017990344 3.0673783e-07 2.3039136e-07 0.0007590379 0.00024081285 0.00012933556 1.095992e-05 0.00030114182 2.9697842e-08 0.00090279075 2.0981686e-06 2.5035664e-05 3.3699516e-07 0.0005916376 6.583761e-06 9.8817e-06 0.00023701698 5.648428e-06 0.000140316 0.00011987817 1.668465e-07 1.1182396e-07 1.762805e-07 1.203889e-06 1.1437555e-06 4.103817e-06 1.0402761e-07 1.6478194e-05 1.0260775e-08 4.611384e-06 1.1499142e-06 2.5620534e-06 1.0816246e-06
0.9852316 3.0867257e-05 0.000335865 0.0019023095 0.048553973 0.00012822803 0.019715458 0.08036481 0.14551674 8.56043e-05 0.008216567 0.19737509 4.506271e-06 0.0528421 0.43854713 0.60179746 0.15244704 0.7080123 0.004715224 0.013949878 9.211385e-05 0.9595542 0.45706245 1.7285445e-05 0.01996134 0.19895273 7.99882e-06 0.98039496 1.5931471e-08 0.28476328 1.5421481e-05 2.2256376e-05 0.018957559 0.9386685 0.0010756908 0.14870371 0.0615691 0.0017077791 0.046486292 0.94959724 0.0025760976 0.0005469625 0.0013302133 1.7072694e-05 0.0022500781 0.00069643935 0.01288402 0.002369197 0.002470954 0.21591714 0.00018981894 0.0004055457 0.0006020594 0.00013759351 0.0032917159 0.00016184826 9.284941e-05 4.4460332e-05 0.0042942353 0.0019136685 0.00013678106 4.6263543e-05 0.0018230892 2.905479e-05 7.472288e-05 0.00015330415 0.00044652718 0.0002009815 0.001376069 3.2559797e-06 9.432318e-07 0.0005863746 0.00014360117 4.4773285e-05 6.903681e-05 0.0002798811 2.9024392e-08 0.0011067217 1.3043297e-05 3.1359414e-05 1.07855885e-05 0.0005020184 3.58286e-05 2.1885103e-06 4.794447e-05 1.4049484e-05 0.0001553758 3.0042082e-05 1.0747744e-06 1.2752416e-07 3.2122892e-07 7.5198835e-07 2.1390483e-07 7.4648295e-07 6.500266e-08 1.5065522e-05 4.0090157e-08 9.731699e-06 4.6293636e-07 1.653046e-06 6.7604805e-07
0.9353013 3.1929087e-06 2.3012457e-05 0.00019498976 0.0023788102 1.4516812e-06 0.00594877 0.0041549727 0.0033187454 3.5416676e-06 0.00017195499 0.0006625591 7.7890945e-08 0.03186418 0.047941037 0.5204573 0.28257304 0.013284687 5.2040873e-06 9.023362e-05 5.701289e-07 0.14097588 0.0028917089 2.9156658e-07 0.25191447 0.996476 1.5635067e-05 0.987975 0.28476328 4.570053e-09 2.6333433e-07 0.0005076729 0.0004980473 0.07924027 0.044460494 0.9575326 0.0043679494 0.23568615 0.4207124 0.12859838 2.483733e-05 4.935053e-05 0.000102682345 3.4381654e-07 0.051263545 0.018486561 0.26309094 0.0007947161 0.055091236 0.36703175 1.8476884e-06 0.006130461 0.01316124 0.00078355556 0.0011926717 2.9696425e-06 3.7880263e-06 2.1163123e-07 0.051421136 0.016417313 0.0014764155 1.4145934e-07 0.0023995214 4.3276415e-08 0.0004564757 0.0002088088 0.00024888842 0.00010704232 0.0010847693 4.2129678e-08 4.2748823e-08 0.00042619059 0.00018547238 3.3209628e-05 1.7583119e-07 0.0001742965 1.8765585e-09 0.0001928578 7.966799e-08 1.6228087e-06 3.0531808e-08 0.00013954855 2.5691944e-07 4.7786007e-06 9.101847e-05 5.6556786e-08 1.1107137e-05 2.337514e-05 5.6065166e-09 6.3459225e-08 6.7199163e-10 4.5962648e-07 2.4875638e-07 1.9545894e-06 1.130763e-07 1.7328432e-06 8.6774626e-10 1.4566697e-06 4.748176e-07 3.4963854e-08 2.8719864e-08
